"Time (s)","Acceleration x (m/s^2)","Acceleration y (m/s^2)","Acceleration z (m/s^2)"
8.470586000E-3,-4.570500255E-1,-3.970500231E-1,9.513000488E0
1.091445500E-2,-5.530500412E-1,-3.529500067E-1,9.552000046E0
1.336082700E-2,-6.079500318E-1,-3.180000186E-1,9.583050728E0
1.580646000E-2,-7.009500265E-1,-2.550000250E-1,9.658950806E0
1.834484500E-2,-8.020500541E-1,-1.879500151E-1,9.742950439E0
2.078792300E-2,-9.240000248E-1,-7.800000161E-2,9.834000587E0
2.323069300E-2,-1.021950006E0,3.600000218E-2,9.892050743E0
2.567346200E-2,-1.081950068E0,1.510500014E-1,9.976050377E0
2.811624500E-2,-1.120050073E0,2.230500132E-1,1.003095055E1
3.055909100E-2,-1.120050073E0,2.800500095E-1,1.004700089E1
3.300186100E-2,-1.137000084E0,3.210000098E-1,1.001895046E1
3.544485900E-2,-1.141950011E0,3.520500064E-1,9.931950569E0
3.788770700E-2,-1.150950074E0,3.690000176E-1,9.886950493E0
4.033080000E-2,-1.171050072E0,3.300000131E-1,9.838950157E0
4.277387700E-2,-1.195050001E0,3.259500265E-1,9.772050858E0
4.521718400E-2,-1.222950101E0,3.109500110E-1,9.729000092E0
4.766034000E-2,-1.221000075E0,2.490000129E-1,9.700050354E0
5.010364600E-2,-1.240050077E0,2.299500108E-1,9.682950020E0
5.254704300E-2,-1.222950101E0,1.840500087E-1,9.657000542E0
5.499042800E-2,-1.210950017E0,1.699500084E-1,9.595050812E0
5.743381300E-2,-1.173000097E0,1.410000026E-1,9.496950150E0
5.987719700E-2,-1.105949998E0,8.100000024E-2,9.436950684E0
6.232058200E-2,-1.048950076E0,5.505000427E-2,9.388950348E0
6.476398500E-2,-9.310500622E-1,-9.000000544E-3,9.379050255E0
6.720737000E-2,-8.260500431E-1,-4.200000316E-2,9.397950172E0
6.965075500E-2,-7.200000286E-1,-1.090500057E-1,9.457950592E0
7.209414000E-2,-6.250500083E-1,-1.909500062E-1,9.556950569E0
7.453752500E-2,-5.910000205E-1,-2.650500238E-1,9.670950890E0
7.698089400E-2,-5.460000038E-1,-3.490500152E-1,9.813000679E0
7.942427800E-2,-5.190000534E-1,-4.279500246E-1,9.930000305E0
8.186743200E-2,-5.269500017E-1,-5.040000081E-1,1.003800011E1
8.431081500E-2,-5.269500017E-1,-5.470499992E-1,1.009500027E1
8.675443000E-2,-4.860000312E-1,-6.240000129E-1,1.012905025E1
8.919760000E-2,-4.159500301E-1,-6.720000505E-1,1.016895008E1
9.164121300E-2,-3.370500207E-1,-7.219500542E-1,1.018095016E1
9.408436900E-2,-2.659500241E-1,-7.440000176E-1,1.016505051E1
9.652798300E-2,-2.419500053E-1,-7.819500566E-1,1.011000061E1
9.897136900E-2,-1.939500123E-1,-7.960500121E-1,1.005495071E1
1.014145360E-1,-1.510500014E-1,-8.179500103E-1,9.967950821E0
1.038579190E-1,-7.905000448E-2,-8.179500103E-1,9.904050827E0
1.063013030E-1,-9.105000645E-2,-8.280000687E-1,9.877050400E0
1.087446880E-1,-9.300000221E-2,-7.920000553E-1,9.834000587E0
1.111880760E-1,-1.319999993E-1,-7.720500231E-1,9.805950165E0
1.136314600E-1,-2.490000129E-1,-7.009500265E-1,9.798000336E0
1.160748450E-1,-3.090000153E-1,-6.550500393E-1,9.838950157E0
1.185184600E-1,-3.919500113E-1,-5.980500579E-1,9.858000755E0
1.209616160E-1,-4.620000124E-1,-5.190000534E-1,9.829050064E0
1.234050030E-1,-4.759500325E-1,-4.249500334E-1,9.736050606E0
1.258483870E-1,-4.930500090E-1,-3.559500277E-1,9.613950729E0
1.282917720E-1,-4.930500090E-1,-3.319500089E-1,9.535050392E0
1.307351570E-1,-5.290500522E-1,-2.719500065E-1,9.454050064E0
1.331785410E-1,-5.839500427E-1,-2.149500102E-1,9.397950172E0
1.356219060E-1,-6.270000339E-1,-1.950000077E-1,9.346050262E0
1.380652910E-1,-6.730500460E-1,-1.500000060E-1,9.298050880E0
1.405086760E-1,-7.200000286E-1,-1.020000055E-1,9.300000191E0
1.429520610E-1,-7.110000253E-1,-6.599999964E-2,9.286050797E0
1.453954460E-1,-7.519500256E-1,-4.005000368E-2,9.244950294E0
1.478388100E-1,-7.950000167E-1,-1.020000055E-1,9.171000481E0
1.502821950E-1,-9.000000358E-1,-3.100500107E-1,8.950950623E0
1.527255790E-1,-1.105949998E0,-2.839500010E-1,9.007950783E0
1.551689630E-1,-1.171050072E0,-2.340000123E-1,9.208950043E0
1.576123470E-1,-1.015050054E0,-2.029500157E-1,9.484950066E0
1.600557110E-1,-7.110000253E-1,-1.740000099E-1,9.801000595E0
1.624990210E-1,-4.810500145E-1,-1.759500057E-1,1.003500080E1
1.649424800E-1,-2.970000207E-1,-2.100000083E-1,1.016205025E1
1.673857900E-1,-2.659500241E-1,-2.650500238E-1,1.021995068E1
1.698292500E-1,-2.820000052E-1,-3.460500240E-1,1.029600048E1
1.722725340E-1,-3.760500252E-1,-4.249500334E-1,1.034205055E1
1.747159940E-1,-5.050500035E-1,-5.710500479E-1,1.030095005E1
1.771593800E-1,-5.599500537E-1,-9.300000668E-1,1.021305084E1
1.796027650E-1,-5.119500160E-1,-1.096050024E0,1.016205025E1
1.820461500E-1,-4.020000100E-1,-1.066950083E0,1.014600086E1
1.844894240E-1,-2.560500205E-1,-9.690000415E-1,1.021500015E1
1.869328070E-1,-2.149500102E-1,-8.470500112E-1,1.033500004E1
1.893761920E-1,-3.709500134E-1,-6.790500283E-1,1.043295002E1
1.918195760E-1,-6.730500460E-1,-5.160000324E-1,1.042095089E1
1.942629610E-1,-9.120000601E-1,-2.959500253E-1,1.028205013E1
1.967064020E-1,-1.048950076E0,-1.020000055E-1,1.015695095E1
1.991497120E-1,-1.104000092E0,4.800000042E-2,1.011405087E1
2.015931720E-1,-1.068000078E0,1.650000066E-1,1.013805008E1
2.040364810E-1,-1.008000016E0,1.960500032E-1,1.018095016E1
2.064799410E-1,-9.220500588E-1,1.990500093E-1,1.014600086E1
2.089232320E-1,-8.710500598E-1,1.909500062E-1,1.009305000E1
2.113666140E-1,-8.899500370E-1,2.029500157E-1,1.003305054E1
2.138099990E-1,-9.240000248E-1,2.419500053E-1,1.000695038E1
2.162533830E-1,-9.480000734E-1,2.299500108E-1,9.978000641E0
2.186967680E-1,-9.550500512E-1,2.659500241E-1,9.954000473E0
2.211401480E-1,-9.769500494E-1,2.800500095E-1,9.861000061E0
2.235835330E-1,-9.550500512E-1,2.179500163E-1,9.730950356E0
2.260269180E-1,-9.480000734E-1,1.170000061E-1,9.640050888E0
2.284703030E-1,-9.169500470E-1,8.805000782E-2,9.628050804E0
2.309136880E-1,-9.600000381E-1,8.595000207E-2,9.655050278E0
2.333570540E-1,-9.790500402E-1,9.105000645E-2,9.658950806E0
2.358004380E-1,-1.003050089E0,1.290000081E-1,9.669000626E0
2.382438220E-1,-1.021950006E0,1.890000105E-1,9.661950111E0
2.406872060E-1,-1.045950055E0,1.890000105E-1,9.609000206E0
2.431305900E-1,-1.065000057E0,2.010000050E-1,9.670950890E0
2.455739650E-1,-1.051050067E0,2.299500108E-1,9.784050941E0
2.480173500E-1,-9.930000305E-1,2.779500186E-1,9.846000671E0
2.504607350E-1,-9.550500512E-1,3.589500189E-1,9.853050232E0
2.529041200E-1,-9.169500470E-1,4.519500136E-1,9.925050735E0
2.553475050E-1,-8.830500245E-1,5.479500294E-1,1.003500080E1
2.577908760E-1,-8.809500337E-1,5.869500041E-1,1.009800053E1
2.602342610E-1,-8.520000577E-1,6.300000548E-1,1.012200069E1
2.626776450E-1,-7.780500650E-1,6.060000062E-1,1.012395000E1
2.651210290E-1,-6.820500493E-1,5.340000391E-1,1.009800053E1
2.675644130E-1,-5.479500294E-1,4.519500136E-1,1.008300018E1
2.700077820E-1,-4.950000346E-1,1.120500043E-1,1.017405033E1
2.724511670E-1,-3.540000021E-1,7.395000011E-2,1.022700024E1
2.748945520E-1,-2.059500068E-1,2.400000021E-2,1.021500015E1
2.773377070E-1,-4.500000179E-2,-1.050000079E-3,1.016895008E1
2.797813210E-1,7.304999977E-2,-3.000000119E-2,1.009005070E1
2.822244620E-1,9.705000371E-2,-2.100000158E-2,9.918000221E0
2.846680760E-1,5.700000376E-2,1.200000010E-2,9.766950607E0
2.871112320E-1,2.805000171E-2,8.805000782E-2,9.628050804E0
2.895548450E-1,6.000000052E-3,7.905000448E-2,9.544950485E0
2.919982220E-1,-1.395000052E-2,7.695000619E-2,9.468000412E0
2.944416060E-1,-5.505000427E-2,1.150500029E-1,9.340950012E0
2.968849910E-1,-2.100000158E-2,1.120500043E-1,9.348000526E0
2.993283760E-1,2.595000155E-2,9.105000645E-2,9.421950340E0
3.017715290E-1,2.595000155E-2,4.800000042E-2,9.540000916E0
3.042148930E-1,-3.105000220E-2,3.795000166E-2,9.597000122E0
3.066582780E-1,-9.105000645E-2,2.895000204E-2,9.604050636E0
3.091016620E-1,-1.579500139E-1,3.795000166E-2,9.757950783E0
3.115450470E-1,-2.340000123E-1,2.895000204E-2,9.885000229E0
3.139884320E-1,-3.060000241E-1,3.105000220E-2,9.991950035E0
3.164318260E-1,-4.039500058E-1,7.200000435E-2,1.003500080E1
3.188752110E-1,-4.909500182E-1,1.360500008E-1,9.958950043E0
3.213185960E-1,-5.410500169E-1,2.029500157E-1,9.850950241E0
3.237619810E-1,-5.340000391E-1,2.509500086E-1,9.765000343E0
3.262053660E-1,-4.950000346E-1,3.349500299E-1,9.805950165E0
3.286487510E-1,-5.239500403E-1,3.949500322E-1,1.008600044E1
3.310921360E-1,-6.370500326E-1,4.519500136E-1,9.934950829E0
3.335355200E-1,-6.730500460E-1,5.050500035E-1,9.778950691E0
3.359789040E-1,-7.200000286E-1,5.029500127E-1,9.805950165E0
3.384223020E-1,-9.120000601E-1,4.759500325E-1,9.529950142E0
3.408656860E-1,-1.075049996E0,4.279500246E-1,9.262050629E0
3.433090710E-1,-1.104000092E0,4.050000310E-1,9.348000526E0
3.457524560E-1,-1.033950090E0,4.069500268E-1,9.517950058E0
3.481958410E-1,-9.289500713E-1,3.780000210E-1,9.721950531E0
3.506392260E-1,-8.470500112E-1,3.300000131E-1,9.862950325E0
3.530828400E-1,-7.369500399E-1,2.389500141E-1,9.987000465E0
3.555259960E-1,-6.850500107E-1,1.939500123E-1,1.002795029E1
3.579693790E-1,-6.300000548E-1,1.360500008E-1,1.001400089E1
3.604127630E-1,-6.199500561E-1,1.150500029E-1,9.952050209E0
3.628561530E-1,-6.010500193E-1,1.170000061E-1,9.919950485E0
3.652995380E-1,-5.839500427E-1,1.890000105E-1,9.898950577E0
3.677429220E-1,-5.839500427E-1,2.509500086E-1,9.946950912E0
3.701863070E-1,-5.509500504E-1,3.400500119E-1,1.005900002E1
3.726296920E-1,-5.580000281E-1,3.780000210E-1,1.003095055E1
3.750731060E-1,-5.980500579E-1,4.210500121E-1,1.013805008E1
3.775164910E-1,-7.039500475E-1,4.480500221E-1,1.009005070E1
3.799598760E-1,-8.809500337E-1,4.840500355E-1,9.886950493E0
3.824032610E-1,-1.084050059E0,5.149500370E-1,9.643050194E0
3.848466460E-1,-1.317000031E0,6.030000448E-1,9.409950256E0
3.872900250E-1,-1.483950019E0,5.839500427E-1,9.259950638E0
3.897334090E-1,-1.585050106E0,6.030000448E-1,9.231000900E0
3.921767930E-1,-1.602000117E0,6.319500208E-1,9.384000778E0
3.946201770E-1,-1.495950103E0,6.370500326E-1,9.664050102E0
3.970635620E-1,-1.411950111E0,5.629500151E-1,9.856050491E0
3.995069610E-1,-1.302000046E0,4.860000312E-1,9.970950127E0
4.019503460E-1,-1.201950073E0,4.210500121E-1,1.011705017E1
4.043937310E-1,-1.105949998E0,3.229500055E-1,1.008300018E1
4.068371160E-1,-9.720000625E-1,2.629500031E-1,1.009305000E1
4.092805010E-1,-8.520000577E-1,2.200500071E-1,1.011195087E1
4.117238850E-1,-7.180500627E-1,1.770000011E-1,1.008600044E1
4.141672690E-1,-6.199500561E-1,1.240500063E-1,1.005900002E1
4.166106530E-1,-4.950000346E-1,1.030500084E-1,1.002105045E1
4.190540370E-1,-4.380000234E-1,4.800000042E-2,1.000395012E1
4.214974220E-1,-3.610500097E-1,-2.295000106E-2,9.955950737E0
4.239408220E-1,-1.960500032E-1,-7.304999977E-2,9.931950569E0
4.263842070E-1,-2.100000158E-2,-1.450500041E-1,9.886950493E0
4.288275920E-1,4.905000329E-2,-2.190000117E-1,9.861000061E0
4.312709770E-1,4.905000329E-2,-2.820000052E-1,9.853050232E0
4.337143620E-1,-4.995000362E-2,-3.409500122E-1,9.894000053E0
4.361577420E-1,-1.510500014E-1,-3.799500167E-1,9.994950294E0
4.386011260E-1,-2.490000129E-1,-4.399500191E-1,1.011000061E1
4.410445100E-1,-3.780000210E-1,-5.140500069E-1,1.029195023E1
4.434878940E-1,-3.589500189E-1,-6.019500494E-1,1.046400070E1
4.459312780E-1,-3.520500064E-1,-6.840000153E-1,1.057200050E1
4.483745830E-1,-2.820000052E-1,-7.459500432E-1,1.067700005E1
4.508180420E-1,-1.770000011E-1,-7.890000343E-1,1.080600071E1
4.532614290E-1,-5.205000192E-2,-7.870500088E-1,1.089705086E1
4.557048140E-1,5.895000324E-2,-7.699500322E-1,1.101195049E1
4.581481980E-1,1.669500023E-1,-7.800000310E-1,1.114605045E1
4.605915830E-1,2.629500031E-1,-7.080000043E-1,1.129200077E1
4.630349670E-1,3.250500262E-1,-6.430500150E-1,1.138800049E1
4.654783510E-1,3.750000298E-1,-5.830500126E-1,1.137405014E1
4.679217350E-1,3.420000076E-1,-4.800000191E-1,1.128495026E1
4.703651190E-1,2.239500135E-1,-3.250500262E-1,1.112205029E1
4.728085040E-1,1.330500096E-1,-1.999500096E-1,1.094805050E1
4.752518890E-1,1.395000052E-2,-9.705000371E-2,1.076295090E1
4.776952740E-1,-1.170000061E-1,-6.599999964E-2,1.069095039E1
4.801386590E-1,-2.629500031E-1,-4.695000127E-2,1.069095039E1
4.825819670E-1,-4.279500246E-1,-9.195000678E-2,1.072695065E1
4.850253450E-1,-6.130500436E-1,-1.710000038E-1,1.078995037E1
4.874687300E-1,-7.350000143E-1,-3.319500089E-1,1.077795029E1
4.899121910E-1,-7.780500650E-1,-4.200000167E-1,1.069095039E1
4.923555780E-1,-7.660500407E-1,-4.950000346E-1,1.061205006E1
4.947989620E-1,-7.999500632E-1,-4.920000136E-1,1.057395077E1
4.972423620E-1,-7.249500155E-1,-4.350000322E-1,1.052895069E1
4.996857470E-1,-5.239500403E-1,-3.340500295E-1,1.052895069E1
5.021291310E-1,1.260000020E-1,-3.409500122E-1,1.079700089E1
5.045725160E-1,7.339500189E-1,-2.770500183E-1,1.093305016E1
5.070159010E-1,9.090000391E-1,-2.220000178E-1,1.083495045E1
5.094592750E-1,8.250000477E-1,-3.495000303E-2,1.066005039E1
5.119026590E-1,6.360000372E-1,6.195000187E-2,1.057200050E1
5.143460430E-1,3.150000274E-1,2.029500157E-1,1.046895027E1
5.167894270E-1,1.450500041E-1,2.700000107E-1,1.045695019E1
5.192328120E-1,3.000000119E-2,3.300000131E-1,1.047600079E1
5.216761210E-1,3.705000132E-2,3.810000122E-1,1.048995018E1
5.241195810E-1,1.210500076E-1,4.429500103E-1,1.051905060E1
5.265628910E-1,1.260000020E-1,4.960500300E-1,1.057395077E1
5.290063500E-1,5.205000192E-2,6.510000229E-1,1.065105057E1
5.314497220E-1,-1.429500133E-1,8.140500188E-1,1.073205090E1
5.338931060E-1,-2.850000262E-1,9.529500604E-1,1.081095028E1
5.363364910E-1,-3.469500244E-1,1.048950076E0,1.089495087E1
5.387798760E-1,-3.760500252E-1,1.101000071E0,1.087305069E1
5.412232600E-1,-3.090000153E-1,1.135050058E0,1.080405045E1
5.436666440E-1,-3.210000098E-1,1.204050064E0,1.067895031E1
5.461100280E-1,-4.600500166E-1,1.314000010E0,1.045395088E1
5.485534120E-1,-5.269500017E-1,1.393050075E0,1.019595051E1
5.509967970E-1,-5.290500522E-1,1.486950040E0,1.003095055E1
5.534401820E-1,-5.220000148E-1,1.543950081E0,9.886950493E0
5.558835620E-1,-4.930500090E-1,1.627950072E0,9.832050323E0
5.583268710E-1,-4.330500066E-1,1.683000088E0,9.826950073E0
5.607702530E-1,-4.189500213E-1,1.756950140E0,9.834000587E0
5.632136380E-1,-3.760500252E-1,1.815000057E0,9.874950409E0
5.656570230E-1,-3.160500228E-1,1.798050046E0,9.885000229E0
5.681004600E-1,-2.269500047E-1,1.759950042E0,9.838950157E0
5.705438470E-1,-1.290000081E-1,1.684950113E0,9.742950439E0
5.729872310E-1,5.700000376E-2,1.591950059E0,9.595050812E0
5.754306160E-1,2.790000141E-1,1.522950053E0,9.427050591E0
5.778740010E-1,5.470499992E-1,1.386000037E0,9.196950912E0
5.803173800E-1,8.280000687E-1,1.326000094E0,8.991000175E0
5.827607650E-1,1.125000000E0,1.231050014E0,8.821050644E0
5.852041490E-1,1.420950055E0,1.092000008E0,8.701950073E0
5.876475330E-1,1.645950079E0,1.009950042E0,8.686950684E0
5.900909170E-1,1.804050088E0,8.950500488E-1,8.698950768E0
5.925342870E-1,1.897950053E0,8.070000410E-1,8.749950409E0
5.949776720E-1,1.872000098E0,6.990000606E-1,8.773950577E0
5.974210570E-1,1.824000120E0,6.540000439E-1,8.756999969E0
5.998644420E-1,1.705950022E0,6.420000196E-1,8.742000580E0
6.023078270E-1,1.560000062E0,6.540000439E-1,8.710950851E0
6.047511980E-1,1.441050053E0,6.940500140E-1,8.677950859E0
6.071945830E-1,1.285050035E0,7.180500627E-1,8.593950272E0
6.096378910E-1,1.153050065E0,7.420500517E-1,8.447999954E0
6.120813500E-1,1.077000022E0,8.239500523E-1,8.263950348E0
6.145246600E-1,1.038000107E0,9.409500360E-1,8.158050537E0
6.169681200E-1,1.033950090E0,1.045950055E0,8.095950127E0
6.194115060E-1,9.949500561E-1,1.164000034E0,8.122050285E0
6.218548910E-1,9.469500184E-1,1.309950113E0,8.248950005E0
6.242982750E-1,8.899500370E-1,1.360050082E0,8.515049934E0
6.267416600E-1,7.290000319E-1,1.405050039E0,8.812050819E0
6.291850490E-1,5.790000558E-1,1.441050053E0,9.007950783E0
6.316284330E-1,3.990000188E-1,1.501050115E0,9.037050247E0
6.340718170E-1,1.690500081E-1,1.591950059E0,8.884050369E0
6.365152010E-1,-1.050000042E-1,1.735950112E0,8.668050766E0
6.389585850E-1,-3.370500207E-1,1.882050037E0,8.391000748E0
6.414019850E-1,-6.510000229E-1,2.068950176E0,8.182050705E0
6.438453700E-1,-8.980500698E-1,2.241000175E0,8.041049957E0
6.462887550E-1,-1.135050058E0,2.404050112E0,7.983000278E0
6.487321400E-1,-1.345050097E0,2.535000086E0,7.975950241E0
6.511755050E-1,-1.561050057E0,2.638050079E0,7.948050499E0
6.536188900E-1,-1.759950042E0,2.698050022E0,7.939950466E0
6.560622740E-1,-1.980000138E0,2.715000153E0,7.933050156E0
6.585056580E-1,-2.179050207E0,2.719950199E0,7.969050407E0
6.609490420E-1,-2.329050064E0,2.761050224E0,7.948050499E0
6.633924410E-1,-2.430000067E0,2.811000109E0,7.942950249E0
6.658358260E-1,-2.569050074E0,2.854050159E0,7.918950558E0
6.682792110E-1,-2.677050114E0,2.952000141E0,7.861050606E0
6.707225960E-1,-2.740950108E0,3.081000090E0,7.891950607E0
6.731659810E-1,-2.799000025E0,3.189000130E0,8.034000397E0
6.756093800E-1,-2.895000219E0,3.277950048E0,8.203949928E0
6.780527650E-1,-3.021000147E0,3.354000092E0,8.367000580E0
6.804961500E-1,-3.144000053E0,3.400050163E0,8.520000458E0
6.829395340E-1,-3.223050117E0,3.436050177E0,8.668050766E0
6.853829180E-1,-3.313950062E0,3.442950249E0,8.709000587E0
6.878263020E-1,-3.352050066E0,3.426000118E0,8.698950768E0
6.902696860E-1,-3.349050045E0,3.451950073E0,8.692049980E0
6.927130710E-1,-3.325050116E0,3.496050119E0,8.628000259E0
6.951564560E-1,-3.280050039E0,3.508050203E0,8.532000542E0
6.975998410E-1,-3.270000219E0,3.526950121E0,8.493000031E0
7.000432500E-1,-3.253950119E0,3.487950087E0,8.524950027E0
7.024866350E-1,-3.270000219E0,3.439950228E0,8.710950851E0
7.049300200E-1,-3.234000206E0,3.349950075E0,8.934000015E0
7.073734050E-1,-3.202950239E0,3.201000214E0,9.091950417E0
7.098167890E-1,-3.165000200E0,3.040950060E0,9.171000481E0
7.122601780E-1,-3.073950052E0,2.890050173E0,9.154050827E0
7.147035620E-1,-2.941950083E0,2.788950205E0,9.006000519E0
7.171469460E-1,-2.839050055E0,2.803950071E0,8.812050819E0
7.195903310E-1,-3.373050213E0,3.177000046E0,8.982000351E0
7.220337160E-1,-7.278000355E0,4.848000050E0,1.055505085E1
7.244771250E-1,-1.405695057E1,7.053000450E0,1.239405060E1
7.269205100E-1,-1.090305042E1,6.442950249E0,1.245795059E1
7.293638950E-1,-7.195050240E0,6.043050289E0,1.180200100E1
7.318072800E-1,-5.916000366E0,5.989950180E0,1.005000019E1
7.342506640E-1,-6.571950436E0,6.226950169E0,8.380949974E0
7.366940480E-1,-6.747000217E0,6.262950420E0,7.440000534E0
7.391374320E-1,-5.622000217E0,6.024000168E0,6.987000465E0
7.415808160E-1,-4.384050369E0,5.653050423E0,6.742950439E0
7.440242010E-1,-3.910050154E0,5.386950493E0,6.523050308E0
7.464675860E-1,-3.936000109E0,5.097000122E0,6.388950348E0
7.489109900E-1,-4.009950161E0,4.788000107E0,6.216000080E0
7.513543750E-1,-4.120050430E0,4.549050331E0,5.962950230E0
7.537977600E-1,-4.195050240E0,4.398000240E0,5.580000401E0
7.562411450E-1,-4.305000305E0,4.317000389E0,5.175000191E0
7.586845300E-1,-4.333050251E0,4.273950100E0,4.768050194E0
7.611279140E-1,-4.270950317E0,4.273950100E0,4.432950020E0
7.635715280E-1,-4.219050407E0,4.278000355E0,4.207950115E0
7.660146830E-1,-4.045950413E0,4.216050148E0,4.118999958E0
7.684580660E-1,-3.876000166E0,4.101000309E0,4.180950165E0
7.709014510E-1,-3.709050179E0,3.952950239E0,4.432950020E0
7.733448450E-1,-3.484050274E0,3.769050121E0,4.845000267E0
7.757882300E-1,-3.285000086E0,3.630000114E0,5.314050198E0
7.782316150E-1,-3.160050154E0,3.546000242E0,5.824050426E0
7.806749990E-1,-3.079050064E0,3.450000048E0,6.339000225E0
7.831183840E-1,-2.985000134E0,3.394950151E0,6.904050350E0
7.855617880E-1,-2.713050127E0,2.986050129E0,7.270050526E0
7.880051730E-1,-2.454000235E0,1.828950047E0,7.636050224E0
7.904485580E-1,-2.799000025E0,1.480500102E-1,8.853000641E0
7.928919430E-1,-3.418950081E0,-1.579050064E0,1.172595024E1
7.953353280E-1,-4.210950375E0,-2.926950216E0,1.245600033E1
7.977787180E-1,-3.643950224E0,-2.520000219E0,1.158405018E1
8.002223310E-1,-2.092050076E0,-1.144050002E0,1.042800045E1
8.026654870E-1,-7.180500627E-1,5.310000181E-1,9.187950134E0
8.051091000E-1,-2.220000178E-1,1.968000054E0,7.869000435E0
8.075524870E-1,-4.999500215E-1,2.941950083E0,6.553950310E0
8.099958750E-1,-1.183050036E0,3.553050280E0,5.509950161E0
8.124392600E-1,-1.846050143E0,4.044000149E0,4.849050045E0
8.148826450E-1,-2.302950144E0,4.477050304E0,4.579050064E0
8.173260290E-1,-2.434950113E0,4.879050255E0,4.618950367E0
8.197694140E-1,-2.478000164E0,5.230950356E0,4.873050213E0
8.222127980E-1,-2.406000137E0,5.445000172E0,5.247000217E0
8.246561820E-1,-2.047049999E0,5.370000362E0,5.412000179E0
8.270995660E-1,-1.723950028E0,5.095050335E0,5.401950359E0
8.295429500E-1,-1.554000020E0,4.575000286E0,5.616000175E0
8.319863400E-1,-1.489050031E0,4.044000149E0,6.235950470E0
8.344297250E-1,-1.855050087E0,3.735000134E0,7.201050282E0
8.368728800E-1,-2.538000107E0,3.607950211E0,8.460000038E0
8.393162630E-1,-3.250950098E0,3.595950127E0,9.796050072E0
8.417596480E-1,-3.517050266E0,3.601050138E0,1.097895050E1
8.442030750E-1,-3.358950138E0,3.583950281E0,1.193400097E1
8.466466910E-1,-2.965950251E0,3.505050182E0,1.260195065E1
8.490898470E-1,-2.629050016E0,3.498000145E0,1.291800022E1
8.515334600E-1,-2.514000177E0,3.510000229E0,1.293705082E1
8.539766160E-1,-2.605050087E0,3.625050068E0,1.267095089E1
8.564202340E-1,-2.782050133E0,3.835950136E0,1.216905022E1
8.588633900E-1,-2.964000225E0,4.027050018E0,1.165395069E1
8.613070030E-1,-3.253950119E0,4.105950356E0,1.118700027E1
8.637503900E-1,-3.736950159E0,3.931050301E0,1.073205090E1
8.661937750E-1,-3.178950071E0,3.831000090E0,1.018095016E1
8.686371590E-1,-2.779950142E0,3.687000275E0,9.697950363E0
8.710805440E-1,-2.695950031E0,3.610050201E0,9.240000725E0
8.735239290E-1,-2.587950230E0,3.546000242E0,8.862000465E0
8.759673130E-1,-2.326950073E0,3.514950275E0,8.616000175E0
8.784106980E-1,-1.942050099E0,3.498000145E0,8.520000458E0
8.808540680E-1,-1.522950053E0,3.498000145E0,8.497950554E0
8.832974520E-1,-1.055999994E0,3.412050247E0,8.829000473E0
8.857408360E-1,-7.590000629E-1,3.333000183E0,9.312000275E0
8.881842200E-1,-7.420500517E-1,3.271050215E0,9.604050636E0
8.906276050E-1,-1.314000010E0,3.445050240E0,9.640050888E0
8.930709660E-1,-1.450950027E0,3.498000145E0,9.142050743E0
8.955143510E-1,-1.456050038E0,3.529050112E0,8.287950516E0
8.979577360E-1,-1.444050074E0,3.546000242E0,7.533000469E0
9.004011210E-1,-1.185000062E0,3.370950222E0,7.035000324E0
9.028445060E-1,-9.930000305E-1,3.127050161E0,6.883950233E0
9.052879050E-1,-1.015050054E0,3.001950026E0,7.174050331E0
9.077312890E-1,-1.057950020E0,2.884950161E0,7.404000282E0
9.101746730E-1,-9.769500494E-1,2.659950018E0,7.561950207E0
9.126180570E-1,-1.249950051E0,2.782050133E0,8.282999992E0
9.150614410E-1,-1.582050085E0,2.971050024E0,8.881050110E0
9.175048070E-1,-2.145000219E0,3.357000113E0,9.388950348E0
9.199481920E-1,-2.650050163E0,3.751950264E0,9.724050522E0
9.223915770E-1,-3.009000063E0,4.147050381E0,9.922950745E0
9.248350370E-1,-3.285000086E0,4.474950314E0,1.005000019E1
9.272783470E-1,-3.487950087E0,4.708950043E0,1.013400078E1
9.297218070E-1,-3.579000235E0,4.803000450E0,1.019100094E1
9.321651160E-1,-3.558000088E0,4.800000191E0,1.013400078E1
9.346085760E-1,-3.519000053E0,4.705049992E0,1.004700089E1
9.370518860E-1,-3.469050169E0,4.567950249E0,9.894000053E0
9.394952680E-1,-3.445050240E0,4.425000191E0,9.649950027E0
9.419386340E-1,-3.409050226E0,4.185000420E0,9.336000443E0
9.443820190E-1,-3.273000240E0,3.943050146E0,9.025050163E0
9.468254030E-1,-3.154950142E0,3.742050171E0,8.756999969E0
9.492687880E-1,-3.049950123E0,3.601050138E0,8.500950813E0
9.517121820E-1,-2.971050024E0,3.484050274E0,8.395050049E0
9.541555670E-1,-2.871000051E0,3.445050240E0,8.352000237E0
9.565989520E-1,-2.776950121E0,3.450000048E0,8.290050507E0
9.590423370E-1,-2.638050079E0,3.484050274E0,8.244000435E0
9.614857970E-1,-2.461050034E0,3.487950087E0,8.197050095E0
9.639290970E-1,-2.272050142E0,3.520050049E0,8.083950043E0
9.663725560E-1,-2.146950006E0,3.523950100E0,7.869000435E0
9.688159430E-1,-2.131050110E0,3.583950281E0,7.653000355E0
9.712593270E-1,-2.233950138E0,3.625050068E0,7.416000366E0
9.737027120E-1,-2.404050112E0,3.711000204E0,7.251000404E0
9.761460830E-1,-2.607000113E0,3.828000069E0,7.086000443E0
9.785894670E-1,-2.835000038E0,3.973950148E0,6.985050201E0
9.810328520E-1,-3.064950228E0,4.137000084E0,6.952050209E0
9.834762360E-1,-3.199050188E0,4.285950184E0,7.030950546E0
9.859196200E-1,-3.349050045E0,4.444050312E0,7.165050507E0
9.883630180E-1,-3.403950214E0,4.549050331E0,7.324950218E0
9.908064020E-1,-3.330000162E0,4.614000320E0,7.453950405E0
9.932497870E-1,-3.265950203E0,4.614000320E0,7.596000195E0
9.956931720E-1,-3.129000187E0,4.555950165E0,7.770000458E0
9.981365570E-1,-2.953950167E0,4.456050396E0,7.950000286E0
1.000579938E0,-3.009000063E0,4.360050201E0,8.059950829E0
1.003023323E0,-3.613050222E0,4.144050121E0,8.218050003E0
1.005466708E0,-3.582000256E0,4.117949963E0,8.601000786E0
1.007910093E0,-3.685050249E0,4.111050129E0,8.756999969E0
1.010353477E0,-3.697050095E0,4.165950298E0,8.848050117E0
1.012796856E0,-3.766050100E0,4.125000000E0,8.853000641E0
1.015240240E0,-3.904950142E0,4.029000282E0,8.869050026E0
1.017683624E0,-3.922050238E0,3.955050230E0,8.941050529E0
1.020127009E0,-3.700950146E0,3.883050203E0,8.935950279E0
1.022570394E0,-3.651000261E0,3.814050198E0,8.769000053E0
1.025013764E0,-3.495000124E0,3.747000217E0,8.698950768E0
1.027457149E0,-3.337050200E0,3.754050255E0,8.601000786E0
1.029900534E0,-3.079050064E0,3.795000076E0,8.563050270E0
1.032343919E0,-2.968950033E0,3.783000231E0,8.503050804E0
1.034787303E0,-3.120000124E0,3.634050131E0,8.319000244E0
1.037230682E0,-2.871000051E0,3.613050222E0,8.789999962E0
1.039674296E0,-2.736000061E0,3.627000093E0,8.752050400E0
1.042117452E0,-2.734050035E0,3.655950069E0,9.039000511E0
1.044561066E0,-2.794050217E0,3.673050165E0,9.324000359E0
1.047004452E0,-2.962050200E0,3.735000134E0,9.636000633E0
1.049447818E0,-3.145950079E0,3.888000250E0,9.918000221E0
1.051891203E0,-3.220050097E0,4.087049961E0,9.931950569E0
1.054334587E0,-3.196050167E0,4.276050091E0,9.789000511E0
1.056777972E0,-3.069000244E0,4.437000275E0,9.499050140E0
1.059221356E0,-2.974050045E0,4.579950333E0,8.917050362E0
1.061664727E0,-2.832000017E0,4.705049992E0,8.251950264E0
1.064108112E0,-2.689050198E0,4.777050018E0,7.617000580E0
1.066551496E0,-2.515950203E0,4.812000275E0,7.039950371E0
1.068994880E0,-2.349000216E0,4.815000057E0,6.646950245E0
1.071438278E0,-2.149950027E0,4.800000191E0,6.513000488E0
1.073881662E0,-1.927050114E0,4.894050121E0,7.464000225E0
1.076325047E0,-1.954050064E0,5.080950260E0,7.983000278E0
1.078768432E0,-2.119050026E0,4.888950348E0,6.607050419E0
1.081211817E0,-2.206950188E0,4.633050442E0,5.959950447E0
1.083655197E0,-2.290950060E0,4.432050228E0,5.077050209E0
1.086098582E0,-2.406000137E0,4.245000362E0,4.212000370E0
1.088541967E0,-2.506950140E0,4.153950214E0,3.433950186E0
1.090985352E0,-2.634000063E0,4.132050037E0,2.932050228E0
1.093428736E0,-2.818050146E0,4.197000027E0,2.683050156E0
1.095872101E0,-3.091050148E0,4.377000332E0,2.685000181E0
1.098315485E0,-3.318000078E0,4.693050385E0,3.001050234E0
1.100758869E0,-3.802050114E0,5.149950027E0,3.216000080E0
1.103202254E0,-4.204050064E0,5.602950096E0,3.489000082E0
1.105645639E0,-4.258950233E0,5.959050179E0,3.853050232E0
1.108089034E0,-4.072050095E0,6.073950291E0,4.203000069E0
1.110532419E0,-4.117949963E0,6.577050209E0,4.581000328E0
1.112975804E0,-4.019999981E0,7.384050369E0,4.930950165E0
1.115419189E0,-3.948000193E0,7.884000301E0,4.950000286E0
1.117862648E0,-3.763950109E0,8.217000008E0,4.914000034E0
1.120305978E0,-3.577050209E0,8.389050484E0,4.962000370E0
1.122749438E0,-3.454950094E0,8.381999969E0,5.007000446E0
1.125192747E0,-3.502950191E0,8.196000099E0,4.963950157E0
1.127636207E0,-3.723000288E0,7.899000168E0,4.840050220E0
1.130079593E0,-3.964950085E0,7.531950474E0,4.780050278E0
1.132522978E0,-4.216050148E0,7.099050522E0,4.792050362E0
1.134966363E0,-4.435950279E0,6.673050404E0,4.986000061E0
1.137409747E0,-4.591950417E0,6.181950092E0,5.371050358E0
1.139853132E0,-4.495950222E0,5.617050171E0,6.013050079E0
1.142296516E0,-4.254000187E0,5.140050411E0,6.694950104E0
1.144739885E0,-3.979050159E0,4.768950462E0,7.150050163E0
1.147183269E0,-3.687000275E0,4.651950359E0,7.192950249E0
1.149626653E0,-3.475950241E0,4.771950245E0,6.721950531E0
1.152070038E0,-3.340050220E0,5.200050354E0,5.917050362E0
1.154513423E0,-3.190950155E0,5.704950333E0,4.879950047E0
1.156956808E0,-3.043050051E0,6.115050316E0,3.801000118E0
1.159400193E0,-2.995050192E0,6.390000343E0,2.745000124E0
1.161843578E0,-3.178950071E0,6.567000389E0,1.918950081E0
1.164286963E0,-3.610050201E0,6.807000160E0,1.411050081E0
1.166730348E0,-4.113000393E0,7.089000225E0,1.339050055E0
1.169173727E0,-4.501049995E0,7.386000156E0,1.264950037E0
1.171617111E0,-4.660950184E0,7.707000256E0,1.501950026E0
1.174060495E0,-4.669050217E0,8.049000740E0,2.131950140E0
1.176503879E0,-4.683000088E0,8.454000473E0,2.746950150E0
1.178947264E0,-4.858050346E0,8.892000198E0,2.898000240E0
1.181390635E0,-4.891050339E0,9.283050537E0,2.902950048E0
1.183834020E0,-4.795950413E0,9.675000191E0,2.922000170E0
1.186277405E0,-4.647000313E0,9.963000298E0,2.826000214E0
1.188720790E0,-4.669050217E0,1.018800068E1,2.541000128E0
1.191164175E0,-4.750050068E0,1.021905041E1,2.115000010E0
1.193607550E0,-4.942050457E0,1.010895061E1,1.497000098E0
1.196051163E0,-5.167050362E0,9.795000076E0,9.180000424E-1
1.198494319E0,-5.380050182E0,9.414000511E0,3.979500234E-1
1.200937932E0,-5.622000217E0,9.079050064E0,-1.969500035E-1
1.203381088E0,-5.820000172E0,8.818050385E0,-7.759500146E-1
1.205824701E0,-5.977950096E0,8.647950172E0,-1.159050107E0
1.208267857E0,-6.097950459E0,8.548050880E0,-1.332000017E0
1.210711471E0,-6.189000130E0,8.542950630E0,-1.525950074E0
1.213154857E0,-6.226950169E0,8.614950180E0,-1.786950111E0
1.215598242E0,-6.225000381E0,8.694000244E0,-2.191050053E0
1.218041627E0,-6.298950195E0,8.731950760E0,-2.728050232E0
1.220485011E0,-6.448050499E0,8.782050133E0,-3.417000055E0
1.222928396E0,-6.610050201E0,8.808000565E0,-4.176000118E0
1.225371780E0,-6.780000210E0,8.788949966E0,-4.882050037E0
1.227815165E0,-6.982050419E0,8.794050217E0,-5.340000153E0
1.230258536E0,-7.228050232E0,8.848950386E0,-5.488050461E0
1.232701920E0,-7.654050350E0,9.079050064E0,-4.854000092E0
1.235145304E0,-8.071050644E0,9.409049988E0,-3.361950159E0
1.237588688E0,-7.827000141E0,9.466950417E0,-2.371050119E0
1.240032072E0,-7.293000221E0,9.544050217E0,-2.365950108E0
1.242475457E0,-6.606000423E0,9.607950211E0,-2.649000168E0
1.244918842E0,-6.016950130E0,9.736950874E0,-2.653050184E0
1.247362227E0,-5.811000347E0,9.934050560E0,-2.512050152E0
1.249805612E0,-6.238950253E0,1.025700092E1,-2.308950186E0
1.252249067E0,-6.778050423E0,1.044900036E1,-2.203050137E0
1.254692377E0,-7.051050186E0,1.029300022E1,-2.209950209E0
1.257135836E0,-6.997950554E0,9.904950142E0,-2.325000048E0
1.259579223E0,-6.903000355E0,9.418950081E0,-2.542950153E0
1.262022608E0,-7.005000114E0,9.036000252E0,-2.835000038E0
1.264465992E0,-7.377000332E0,8.728950500E0,-3.120000124E0
1.266909377E0,-7.762050152E0,8.641050339E0,-3.409950256E0
1.269352761E0,-8.152050018E0,8.607000351E0,-3.637050152E0
1.271796145E0,-8.545050621E0,8.737050056E0,-3.738000154E0
1.274239529E0,-8.953950882E0,8.848950386E0,-3.831000090E0
1.276682913E0,-9.286950111E0,9.013950348E0,-4.051949978E0
1.279126298E0,-9.463950157E0,9.091050148E0,-4.510950089E0
1.281569683E0,-9.543000221E0,9.112950325E0,-5.200950146E0
1.284013068E0,-9.436050415E0,9.072000504E0,-5.935950279E0
1.286456453E0,-9.237000465E0,9.057000160E0,-6.562950134E0
1.288899852E0,-9.000000000E0,9.013950348E0,-6.886050224E0
1.291343237E0,-8.820000648E0,9.057000160E0,-6.714000225E0
1.293786622E0,-8.808000565E0,9.139050484E0,-6.151050091E0
1.296230006E0,-8.827950478E0,9.256050110E0,-5.356050491E0
1.298673390E0,-8.835000038E0,9.412050247E0,-4.471050262E0
1.301116760E0,-8.794050217E0,9.582000732E0,-3.532050133E0
1.303560144E0,-8.677050591E0,9.771000862E0,-2.737050056E0
1.306003529E0,-8.478000641E0,9.871950150E0,-2.163000107E0
1.308446914E0,-8.344050407E0,9.888000488E0,-2.056950092E0
1.310890299E0,-8.272050858E0,9.751950264E0,-2.344050169E0
1.313333679E0,-8.109000206E0,9.453000069E0,-2.851950169E0
1.315777064E0,-7.860000610E0,9.012000084E0,-3.403050184E0
1.318220449E0,-7.659000397E0,8.619000435E0,-3.823950291E0
1.320663834E0,-7.567950249E0,8.215050697E0,-4.090050220E0
1.323107447E0,-7.506000519E0,7.924950600E0,-4.140000343E0
1.325550589E0,-7.567950249E0,7.786050320E0,-3.939000130E0
1.327994202E0,-7.663950443E0,7.651950359E0,-3.481950283E0
1.330437589E0,-7.575000286E0,7.449000359E0,-3.060000181E0
1.332880973E0,-7.408050537E0,7.270950317E0,-2.938050032E0
1.335324358E0,-7.209000111E0,7.117950439E0,-3.028950214E0
1.337767757E0,-6.972000122E0,6.970050335E0,-3.285000086E0
1.340211141E0,-6.627000332E0,6.838050365E0,-3.574950218E0
1.342654526E0,-6.213000298E0,6.706050396E0,-3.817050219E0
1.345097911E0,-5.770050049E0,6.558000088E0,-3.847950220E0
1.347541295E0,-5.382000446E0,6.406950474E0,-3.795000076E0
1.349984674E0,-5.119050026E0,6.217950344E0,-3.654000282E0
1.352428134E0,-4.876950264E0,6.019050121E0,-3.522000074E0
1.354871444E0,-4.720950127E0,5.779950142E0,-3.343050241E0
1.357314904E0,-4.597050190E0,5.602950096E0,-2.965050220E0
1.359758213E0,-4.543950081E0,5.404050350E0,-2.409000158E0
1.362201596E0,-4.501049995E0,5.233950138E0,-1.747950077E0
1.364644980E0,-4.405050278E0,5.047050476E0,-1.099050045E0
1.367088365E0,-4.309950352E0,4.879050255E0,-5.659500360E-1
1.369531750E0,-4.081950188E0,4.777050018E0,-1.249500066E-1
1.371975206E0,-3.903000116E0,4.731000423E0,2.599500120E-1
1.374418516E0,-3.724950075E0,4.696950436E0,6.330000162E-1
1.376861975E0,-3.598050117E0,4.693050385E0,9.660000205E-1
1.379305362E0,-3.577050209E0,4.765050411E0,1.174050093E0
1.381748747E0,-3.697050095E0,4.828950405E0,1.111950040E0
1.384192131E0,-3.895050287E0,4.888950348E0,7.740000486E-1
1.386635516E0,-4.219050407E0,4.969950199E0,2.620500028E-1
1.389078901E0,-4.546950340E0,5.065950394E0,-3.619500101E-1
1.391522285E0,-4.731000423E0,5.193000317E0,-8.959500194E-1
1.393965669E0,-4.774050236E0,5.317950249E0,-1.240950108E0
1.396409053E0,-4.729050159E0,5.557050228E0,-1.375050068E0
1.398852437E0,-4.732950211E0,5.787000179E0,-1.429950118E0
1.401295822E0,-4.918050289E0,5.988000393E0,-1.534950018E0
1.403739207E0,-5.217000484E0,6.093000412E0,-1.714950085E0
1.406182592E0,-5.703000069E0,6.112950325E0,-1.978050113E0
1.408625977E0,-6.091050148E0,6.117000103E0,-2.416050196E0
1.411069362E0,-6.318000317E0,6.060000420E0,-3.067950249E0
1.413512747E0,-6.412050247E0,6.045000076E0,-3.901050091E0
1.415956131E0,-6.462000370E0,6.036000252E0,-4.678950310E0
1.418399515E0,-6.496050358E0,6.037950516E0,-5.260950089E0
1.420843139E0,-6.559950352E0,6.091050148E0,-5.625000477E0
1.423286526E0,-6.538950443E0,6.133950233E0,-5.878050327E0
1.425729911E0,-6.400050163E0,6.153000355E0,-5.995950222E0
1.428173295E0,-6.304050446E0,6.103050232E0,-5.923950195E0
1.430616680E0,-6.340050220E0,6.109950066E0,-5.730000496E0
1.433060070E0,-6.418950081E0,6.136050224E0,-5.470950127E0
1.435503454E0,-6.448050499E0,6.189000130E0,-5.206050396E0
1.437946839E0,-6.400050163E0,6.286950111E0,-5.107050419E0
1.440390223E0,-6.273000240E0,6.393000126E0,-5.320950031E0
1.442833607E0,-6.136050224E0,6.472050190E0,-5.764050484E0
1.445277005E0,-6.013950348E0,6.541050434E0,-6.196950436E0
1.447720389E0,-5.962050438E0,6.586950302E0,-6.445950508E0
1.450163774E0,-5.847000122E0,6.571950436E0,-6.496050358E0
1.452607159E0,-5.689050198E0,6.520050526E0,-6.336000443E0
1.455050544E0,-5.464050293E0,6.433050156E0,-6.003000259E0
1.457493915E0,-5.230950356E0,6.429000378E0,-5.590950489E0
1.459937300E0,-4.899000168E0,6.333000183E0,-5.068950176E0
1.462380685E0,-4.531949997E0,6.289950371E0,-4.429950237E0
1.464824070E0,-4.111050129E0,6.229950428E0,-3.570000172E0
1.467267454E0,-3.804000139E0,6.229950428E0,-3.082050085E0
1.469710838E0,-3.649050236E0,6.280050278E0,-3.199050188E0
1.472154222E0,-3.558000088E0,6.358950138E0,-3.682950258E0
1.474597683E0,-3.547950268E0,6.583950520E0,-4.099050045E0
1.477041070E0,-3.574050188E0,6.867000103E0,-4.132950306E0
1.479484454E0,-3.579000235E0,7.173000336E0,-3.799950123E0
1.481927829E0,-3.522000074E0,7.458000183E0,-3.333000183E0
1.484371214E0,-3.475950241E0,7.602000237E0,-2.910000086E0
1.486814598E0,-3.475950241E0,7.567950249E0,-2.574000120E0
1.489257983E0,-3.567000151E0,7.482000351E0,-2.347050190E0
1.491701381E0,-3.625050068E0,7.341000557E0,-2.332950115E0
1.494144765E0,-3.675000191E0,7.321950436E0,-2.593050241E0
1.496588149E0,-3.709050179E0,7.413000584E0,-3.166050196E0
1.499031533E0,-3.675000191E0,7.638000488E0,-4.009050369E0
1.501474918E0,-3.577050209E0,7.912950516E0,-4.899000168E0
1.503918288E0,-3.490950108E0,8.260050774E0,-5.701050282E0
1.506361673E0,-3.430950165E0,8.626950264E0,-6.229950428E0
1.508805058E0,-3.531000137E0,8.971050262E0,-6.489000320E0
1.511248443E0,-3.820950270E0,9.309000015E0,-6.532050133E0
1.513691828E0,-4.198950291E0,9.505050659E0,-6.466950417E0
1.516135227E0,-4.498950005E0,9.544050217E0,-6.349950314E0
1.518578840E0,-4.615950108E0,9.430950165E0,-6.139050484E0
1.521022227E0,-4.669050217E0,9.280050278E0,-5.809050083E0
1.523465611E0,-4.723950386E0,9.088950157E0,-5.383050442E0
1.525908996E0,-4.719000340E0,8.955000877E0,-5.035950184E0
1.528352366E0,-4.563000202E0,8.800950050E0,-4.890000343E0
1.530795751E0,-4.252050400E0,8.563950539E0,-4.966050148E0
1.533239136E0,-3.958050251E0,8.314949989E0,-5.103000164E0
1.535682520E0,-3.691950083E0,8.064000130E0,-5.110050201E0
1.538125904E0,-3.475950241E0,7.815000534E0,-4.923000336E0
1.540569302E0,-3.187050104E0,7.498950481E0,-4.636050224E0
1.543012686E0,-2.971050024E0,7.225950241E0,-4.339050293E0
1.545456071E0,-2.820000172E0,6.985950470E0,-4.132950306E0
1.547899456E0,-2.716950178E0,6.844950199E0,-4.047000408E0
1.550342841E0,-2.677050114E0,6.760950089E0,-3.976950169E0
1.552786226E0,-2.614050150E0,6.763950348E0,-3.810000181E0
1.555229611E0,-2.511000156E0,6.816000462E0,-3.481950283E0
1.557672996E0,-2.502000093E0,6.961950302E0,-2.992950201E0
1.560116381E0,-2.551950216E0,7.197000504E0,-2.476050138E0
1.562559840E0,-2.722050190E0,7.365000248E0,-2.218050003E0
1.565003227E0,-2.763000250E0,7.498950481E0,-2.425950050E0
1.567446611E0,-2.727000237E0,7.549050331E0,-3.154050112E0
1.569889996E0,-2.727000237E0,7.377000332E0,-4.174050331E0
1.572333381E0,-2.848950148E0,7.201950550E0,-5.122050285E0
1.574776765E0,-2.751000166E0,7.264050484E0,-5.641050339E0
1.577220145E0,-2.593050241E0,7.276050568E0,-5.578950405E0
1.579663529E0,-2.707950115E0,7.237950325E0,-5.416050434E0
1.582106913E0,-3.009000063E0,7.249950409E0,-5.275050163E0
1.584550297E0,-3.201000214E0,7.345950127E0,-4.882050037E0
1.586993681E0,-3.097950220E0,7.429050446E0,-4.408050060E0
1.589437066E0,-2.806050062E0,7.489050388E0,-3.958050251E0
1.591880451E0,-2.473050117E0,7.441050529E0,-3.778950214E0
1.594323836E0,-2.143050194E0,7.354950428E0,-3.730950117E0
1.596767221E0,-1.887000084E0,7.314000130E0,-3.610950232E0
1.599210835E0,-1.756950140E0,7.341000557E0,-3.393000126E0
1.601654217E0,-1.683000088E0,7.354950428E0,-3.099000216E0
1.604097601E0,-1.579950094E0,7.369950294E0,-2.775000095E0
1.606540986E0,-1.420050025E0,7.366950512E0,-2.482950211E0
1.608984371E0,-1.278000116E0,7.378950119E0,-2.574000120E0
1.611427741E0,-1.080000043E0,7.405050278E0,-2.983950138E0
1.613871126E0,-9.049500227E-1,7.513050556E0,-3.634950161E0
1.616314511E0,-7.110000253E-1,7.645050526E0,-4.186050415E0
1.618757895E0,-6.060000062E-1,7.840950489E0,-4.449000359E0
1.621201279E0,-6.079500318E-1,8.092950821E0,-4.427999973E0
1.623644658E0,-6.150000095E-1,8.326950073E0,-4.252950191E0
1.626088042E0,-6.060000062E-1,8.421000481E0,-4.080000401E0
1.628531427E0,-8.020500541E-1,8.473050117E0,-3.976950169E0
1.630974812E0,-1.128000021E0,8.488050461E0,-3.988950253E0
1.633418197E0,-1.423950076E0,8.494950294E0,-4.140000343E0
1.635861587E0,-1.626000047E0,8.524050713E0,-4.609050274E0
1.638304972E0,-1.681050062E0,8.623950005E0,-5.481000423E0
1.640748432E0,-1.558050036E0,8.683950424E0,-6.541950226E0
1.643191818E0,-1.399950027E0,8.703000069E0,-7.312950134E0
1.645635203E0,-1.219050050E0,8.682000160E0,-7.708050251E0
1.648078593E0,-1.138950109E0,8.562000275E0,-7.780050278E0
1.650521977E0,-1.101000071E0,8.482950211E0,-7.885050297E0
1.652965362E0,-1.159050107E0,8.416049957E0,-8.098050117E0
1.655408746E0,-1.402950048E0,8.348999977E0,-8.340000153E0
1.657852130E0,-1.638000131E0,8.320050240E0,-8.412000656E0
1.660295519E0,-1.810050130E0,8.314949989E0,-8.224950790E0
1.662738903E0,-1.788000107E0,8.332050323E0,-7.798950195E0
1.665182288E0,-1.626000047E0,8.301000595E0,-7.305000305E0
1.667625673E0,-1.354950070E0,8.287050247E0,-6.949050426E0
1.670069058E0,-1.065000057E0,8.248050690E0,-6.757050514E0
1.672512452E0,-7.969500422E-1,8.217000008E0,-6.676050186E0
1.674955837E0,-4.980000257E-1,8.197950363E0,-6.645000458E0
1.677399222E0,-1.720500141E-1,8.236050606E0,-6.550950527E0
1.679842835E0,7.605000585E-2,8.290950775E0,-6.393000126E0
1.682286222E0,2.719500065E-1,8.325000763E0,-6.130050182E0
1.684729612E0,3.799500167E-1,8.302950859E0,-5.761050224E0
1.687172996E0,5.470499992E-1,8.131050110E0,-5.421000481E0
1.689616381E0,7.819500566E-1,7.923000336E0,-5.064000130E0
1.692059765E0,1.014000058E0,7.707000256E0,-4.717050076E0
1.694503150E0,1.158000112E0,7.627950191E0,-4.234050274E0
1.696946555E0,1.342050076E0,7.714050293E0,-3.706950188E0
1.699389939E0,1.704000115E0,7.860000610E0,-3.364050150E0
1.701833323E0,2.080049992E0,8.049000740E0,-3.352050066E0
1.704276707E0,2.353049994E0,8.266950607E0,-3.396000147E0
1.706720091E0,2.440950155E0,8.430000305E0,-3.439050198E0
1.709163495E0,2.535000086E0,8.518950462E0,-3.532050133E0
1.711606880E0,2.563050032E0,8.479949951E0,-3.597000122E0
1.714050341E0,2.476950169E0,8.362950325E0,-3.657000065E0
1.716493728E0,2.355000019E0,8.212050438E0,-3.891000271E0
1.718937112E0,2.302050114E0,7.975050449E0,-4.444050312E0
1.721380512E0,2.355000019E0,7.786050320E0,-5.152950287E0
1.723823896E0,2.404950142E0,7.731000423E0,-5.839950085E0
1.726267281E0,2.431950092E0,7.753050327E0,-6.345000267E0
1.728710666E0,2.404950142E0,7.840950489E0,-6.628050327E0
1.731154050E0,2.358000040E0,7.935000420E0,-6.762000084E0
1.733597434E0,2.274000168E0,8.041950226E0,-6.841050148E0
1.736040818E0,2.213999987E0,8.157000542E0,-6.931950092E0
1.738484202E0,2.209050179E0,8.197950363E0,-6.949050426E0
1.740927587E0,2.281050205E0,8.227050781E0,-6.997050285E0
1.743370977E0,2.287950039E0,8.263050079E0,-7.267050266E0
1.745814592E0,2.350050211E0,8.269950867E0,-7.837050438E0
1.748257978E0,2.401050091E0,8.278950691E0,-8.589000702E0
1.750701363E0,2.472000122E0,8.245950699E0,-9.240000725E0
1.753144748E0,2.515950203E0,8.197950363E0,-9.561000824E0
1.755588136E0,2.584950209E0,8.221950531E0,-9.337950706E0
1.758031521E0,4.218000412E0,7.611000538E0,-1.806300163E1
1.760474906E0,2.755050182E0,6.457050323E0,-1.399995041E1
1.762918290E0,-5.509500504E-1,5.931000233E0,-6.108000278E0
1.765361674E0,-4.309500158E-1,6.642000198E0,-3.549000263E0
1.767805058E0,6.310500503E-1,8.004000664E0,-3.441000223E0
1.770248442E0,1.921950102E0,8.944950104E0,-4.223999977E0
1.772691827E0,3.375000238E0,8.842050552E0,-4.801050186E0
1.775135212E0,4.189050198E0,8.221950531E0,-4.866000175E0
1.777578673E0,4.429050446E0,7.681050301E0,-4.510950089E0
1.780022064E0,4.756950378E0,7.144050121E0,-3.726000071E0
1.782465449E0,4.693950176E0,6.864000320E0,-2.955000162E0
1.784908834E0,4.420950413E0,6.442950249E0,-2.578950167E0
1.787352218E0,3.892050266E0,6.201000214E0,-2.677050114E0
1.789795603E0,3.457050085E0,5.872950077E0,-2.974050045E0
1.792239003E0,3.318000078E0,5.631000042E0,-3.144000053E0
1.794682387E0,3.600000143E0,5.506950378E0,-3.184950113E0
1.797125771E0,4.038000107E0,5.476050377E0,-3.163050175E0
1.799569155E0,4.339950085E0,5.746050358E0,-3.292950153E0
1.802012539E0,5.202000141E0,5.764950275E0,-1.023600006E1
1.804455928E0,5.652000427E0,5.203050137E0,-8.031000137E0
1.806899543E0,3.871050119E0,5.362950325E0,-4.272000313E0
1.809342930E0,2.839050055E0,6.172050476E0,-5.323050022E0
1.811786314E0,2.884050131E0,6.718050480E0,-5.971950054E0
1.814229468E0,2.970000029E0,7.342950344E0,-6.001050472E0
1.816673082E0,3.093000174E0,7.996950150E0,-5.833050251E0
1.819116468E0,3.094950199E0,8.464050293E0,-6.727950096E0
1.821559853E0,3.078000069E0,8.740950584E0,-7.291050434E0
1.824003237E0,3.217050076E0,8.607000351E0,-8.138999939E0
1.826446622E0,3.454050064E0,8.586000443E0,-8.533950806E0
1.828889993E0,3.562050104E0,8.434950829E0,-8.550000191E0
1.831333377E0,3.310050249E0,8.308050156E0,-8.404050827E0
1.833776761E0,2.935050249E0,8.121000290E0,-8.067000389E0
1.836220145E0,2.583000183E0,7.755000591E0,-7.708050251E0
1.838663529E0,2.410050154E0,7.350000381E0,-7.411050320E0
1.841106914E0,2.520000219E0,6.819000244E0,-7.204950333E0
1.843550299E0,2.656950235E0,6.333000183E0,-6.975000381E0
1.845993760E0,2.821950197E0,6.177000523E0,-7.152000427E0
1.848437147E0,3.121050119E0,6.043050289E0,-7.657050133E0
1.850880531E0,3.313050270E0,5.878050327E0,-6.670950413E0
1.853323911E0,3.078000069E0,5.965950489E0,-6.901050091E0
1.855767295E0,2.868000031E0,6.097950459E0,-6.601950169E0
1.858210680E0,2.808000088E0,6.043050289E0,-6.312000275E0
1.860654065E0,2.689950228E0,6.022050381E0,-6.040950298E0
1.863097449E0,2.773950100E0,5.848950386E0,-5.941050053E0
1.865540828E0,2.937000036E0,5.653050423E0,-5.704050064E0
1.867984212E0,3.174000263E0,5.539950371E0,-5.220000267E0
1.870427596E0,3.555000067E0,5.452050209E0,-5.062050343E0
1.872870981E0,3.952050209E0,5.290950298E0,-4.789050102E0
1.875314366E0,4.204050064E0,5.338950157E0,-4.471050262E0
1.877757962E0,5.032050133E0,6.718050480E0,5.248950481E0
1.880201118E0,2.034000158E0,1.079295063E1,7.540950298E0
1.882644731E0,4.108050346E0,1.032405090E1,-5.341950417E0
1.885088118E0,5.383950233E0,1.182105064E1,-9.087000847E0
1.887531271E0,5.068050385E0,1.275195026E1,-1.515405083E1
1.889974865E0,3.442050219E0,1.318800068E1,-1.401900101E1
1.892418021E0,1.716000080E0,1.318500042E1,-1.224000072E1
1.894861634E0,6.460500360E-1,1.282800102E1,-1.075605011E1
1.897305021E0,2.449050188E0,1.119600010E1,-9.525000572E0
1.899748405E0,2.359500080E-1,1.003200054E1,-4.626000404E0
1.902191794E0,-1.329000115E0,9.153000832E0,-5.083950043E0
1.904635179E0,-1.264050007E0,7.942050457E0,-5.191050053E0
1.907078563E0,-6.799500585E-1,7.033950329E0,-4.738950253E0
1.909521948E0,-1.890000105E-1,9.448050499E0,-8.629050255E0
1.911965318E0,1.504950047E0,1.381995106E1,-1.685400009E1
1.914408702E0,3.588000059E0,1.165800095E1,-1.010400009E1
1.916852086E0,4.728000164E0,9.876000404E0,4.099950314E0
1.919295547E0,2.731050014E0,1.256805038E1,-6.961050510E0
1.921738934E0,4.543950081E0,1.072200012E1,-6.369000435E0
1.924182308E0,3.265050173E0,9.718050003E0,-6.654000282E0
1.926625693E0,2.829000235E0,8.077950478E0,-5.911950111E0
1.929069078E0,2.769000053E0,6.595950127E0,-8.236949921E0
1.931512462E0,3.466050148E0,6.466950417E0,-7.224000454E0
1.933955847E0,3.937950134E0,6.121950150E0,-7.399050236E0
1.936399242E0,4.279950142E0,6.538950443E0,-6.834000111E0
1.938842626E0,4.753950119E0,6.694050312E0,-6.793050289E0
1.941286010E0,4.726050377E0,6.594000340E0,-6.550950527E0
1.943729394E0,4.965000153E0,6.663000107E0,-6.496050358E0
1.946173009E0,5.520000458E0,6.184050083E0,-7.132950306E0
1.948616390E0,4.825950146E0,5.995050430E0,-7.626000404E0
1.951059775E0,3.816000223E0,5.761050224E0,-8.287050247E0
1.953503160E0,3.064050198E0,5.218950272E0,-8.629050255E0
1.955946544E0,3.366000175E0,6.211050510E0,-7.756050587E0
1.958389929E0,8.623050690E0,6.229950428E0,-6.814950466E0
1.960833328E0,8.913000107E0,5.896950245E0,-6.226050377E0
1.963276712E0,7.407000542E0,5.157000065E0,-5.626950264E0
1.965720096E0,5.704950333E0,4.060950279E0,-6.487050533E0
1.968163480E0,4.096050262E0,3.333000183E0,-6.580050468E0
1.970606864E0,3.066000223E0,2.370000124E0,-7.285950184E0
1.973050321E0,2.343000174E0,2.239050150E0,-7.417950153E0
1.975493707E0,2.299950123E0,3.244050264E0,-6.906000137E0
1.977937092E0,2.323950052E0,3.136050224E0,-6.949050426E0
1.980380476E0,2.700000048E0,1.261950016E0,-7.510950565E0
1.982823861E0,2.494050026E0,-4.399500191E-1,-7.780050278E0
1.985267237E0,3.373050213E0,-9.450000525E-1,-6.841050148E0
1.987710621E0,3.283950090E0,-3.559500277E-1,-5.770950317E0
1.990154005E0,4.572000027E0,-2.119500041E-1,-4.420050144E0
1.992597389E0,3.909000158E0,1.318950057E0,-5.574000359E0
1.995040773E0,4.371000290E0,2.421000004E0,-2.668050051E0
1.997484182E0,4.656000137E0,3.330000162E0,-3.798000097E0
1.999927797E0,5.620950222E0,2.887050152E0,-1.858050108E0
2.002370953E0,6.370050430E0,2.772000074E0,-2.433000088E0
2.004814566E0,6.967050552E0,4.137000084E0,-2.646000147E0
2.007257722E0,7.498050213E0,5.433000088E0,-2.839950085E0
2.009701336E0,8.503950119E0,5.698050499E0,-3.991950274E0
2.012144722E0,9.631050110E0,6.297000408E0,-5.218050480E0
2.014588107E0,9.538050652E0,7.711950302E0,-6.724050522E0
2.017031492E0,1.111095047E1,7.519950390E0,-6.364050388E0
2.019474876E0,1.082100010E1,7.900950432E0,-7.842000484E0
2.021918275E0,1.199895096E1,6.301950455E0,-5.371050358E0
2.024361659E0,1.074495029E1,7.117950439E0,-7.558950424E0
2.026805044E0,1.092900085E1,6.874050140E0,-4.660050392E0
2.029248429E0,9.490050316E0,6.820950508E0,-5.754000187E0
2.031691809E0,9.241050720E0,5.641050339E0,-3.280950069E0
2.034135269E0,7.431000233E0,6.690000534E0,-3.994050264E0
2.036578579E0,6.514050484E0,7.960950375E0,-3.513000250E0
2.039021961E0,5.980050087E0,8.334000587E0,-3.685050249E0
2.041465346E0,5.677950382E0,8.854050636E0,-3.094050169E0
2.043908807E0,5.812950134E0,8.542950630E0,-3.336000204E0
2.046352194E0,5.776950359E0,7.908000469E0,-2.197950125E0
2.048795579E0,5.623050213E0,7.858050346E0,-4.071000099E0
2.051238963E0,5.833950043E0,7.458000183E0,-3.999000072E0
2.053682348E0,5.851050377E0,6.855000496E0,-4.633050442E0
2.056125722E0,5.614050388E0,7.105950356E0,-4.747950077E0
2.058569107E0,5.647050381E0,6.406950474E0,-3.666000128E0
2.061012492E0,5.520000458E0,5.956950188E0,-2.710950136E0
2.063455876E0,4.645950317E0,6.742050171E0,-3.027000189E0
2.065899490E0,4.941000462E0,5.890050411E0,-1.699950099E0
2.068342881E0,4.414050102E0,5.856000423E0,-1.252950072E0
2.070786266E0,3.124050140E0,6.024000168E0,-1.030500084E-1
2.073229651E0,9.190500379E-1,5.317950249E0,3.528000116E0
2.075673035E0,8.370000124E-1,5.377050400E0,5.572050095E0
2.078116420E0,4.237050056E0,3.700950146E0,6.499050140E0
2.080559804E0,6.709950447E0,2.650050163E0,2.680050135E0
2.083003189E0,8.667000771E0,1.741050124E0,1.564050078E0
2.085446574E0,7.600950241E0,2.643000126E0,-1.035000086E0
2.087890033E0,6.085050106E0,3.828000069E0,-7.549500465E-1
2.090333343E0,3.576000214E0,5.758050442E0,-1.222050071E0
2.092776778E0,3.970500231E-1,6.736950397E0,-1.753050089E0
2.095220165E0,-5.910000205E-1,6.274950504E0,1.959000111E0
2.097663550E0,-1.815000057E0,6.691950321E0,-7.309500575E-1
2.100106934E0,-5.119500160E-1,7.111050129E0,1.660050035E0
2.102550319E0,-5.220000148E-1,8.457000732E0,-2.728050232E0
2.104993718E0,9.550500512E-1,8.272050858E0,-1.042050004E0
2.107437102E0,1.869000077E0,6.988950253E0,-1.368000031E0
2.109880486E0,2.977950096E0,5.815950394E0,-9.439500570E-1
2.112323870E0,3.982950211E0,6.105000496E0,-2.469000101E0
2.114767254E0,5.029950142E0,7.018050194E0,-3.373950243E0
2.117210634E0,5.853000164E0,1.165800095E1,-3.774000168E0
2.119654019E0,4.771050453E0,2.575800133E1,-8.601000786E0
2.122097404E0,1.020105076E1,1.067595005E1,-6.681000233E0
2.124540789E0,3.744000196E0,3.075000191E1,-1.665000153E1
2.126984174E0,7.450050354E0,2.565495110E1,-2.306700134E1
2.129427530E0,8.310000420E0,1.575705051E1,-1.546305084E1
2.131871143E0,8.929950714E0,8.928000450E0,-9.391050339E0
2.134314530E0,6.351000309E0,4.270950317E0,-4.328999996E0
2.136757914E0,3.169050217E0,4.519500136E-1,-2.610000134E0
2.139201299E0,1.318050027E0,8.595000207E-2,-1.392000079E0
2.141644699E0,2.550000250E-1,-5.470499992E-1,-7.905000448E-2
2.144088083E0,1.036050081E0,-1.072050095E0,1.524000049E0
2.146531468E0,-1.950000064E-3,1.776000142E0,1.717950106E0
2.148974852E0,1.020000055E-1,2.554950237E0,-1.198050022E0
2.151418221E0,-4.000500143E-1,6.754050255E0,-1.276950002E0
2.153861605E0,1.605000161E-2,5.647950172E0,-4.909050465E0
2.156305066E0,2.446050167E0,4.935000420E0,-4.168950081E0
2.158748453E0,4.491000175E0,2.322000027E0,-2.550000191E0
2.161191838E0,5.286000252E0,2.887050152E0,-1.111050010E0
2.163635237E0,4.816050053E0,3.879000187E0,-3.900000080E-2
2.166078622E0,6.327000141E0,2.977950096E0,2.067000151E0
2.168522006E0,4.896000385E0,4.425000191E0,2.040000111E-1
2.170965391E0,4.065000057E0,4.065000057E0,-2.601000071E0
2.173408776E0,6.109050274E0,2.965950251E0,-7.399500608E-1
2.175852155E0,5.062950134E0,3.859050274E0,2.910000086E-1
2.178295769E0,5.014950275E0,4.410000324E0,6.690000296E-1
2.180739155E0,4.744950294E0,5.239050388E0,1.270050049E0
2.183182540E0,5.094000340E0,5.974050522E0,2.344950199E0
2.185625925E0,4.512000084E0,6.139050484E0,2.521950006E0
2.188069285E0,4.855050087E0,5.515950203E0,3.880050182E0
2.190512670E0,5.286000252E0,6.702000141E0,1.663050056E0
2.192956054E0,5.086950302E0,6.972000122E0,1.303050041E0
2.195399439E0,5.401050091E0,5.847000122E0,2.472000122E0
2.197842824E0,7.029000282E0,5.155050278E0,1.627050042E0
2.200286222E0,8.359950066E0,4.732950211E0,-9.529500604E-1
2.202729606E0,8.271000862E0,4.912950039E0,-1.789050102E0
2.205172990E0,8.056050301E0,4.177950382E0,-1.522950053E0
2.207616374E0,6.196050167E0,3.510000229E0,-7.156950474E0
2.210059836E0,7.062000275E0,7.959000587E0,-1.461795044E1
2.212503222E0,4.861950397E0,8.275050163E0,-1.669605064E1
2.214946607E0,1.092000008E1,1.565595055E1,-1.056600094E1
2.217389992E0,1.342905045E1,2.408895111E1,-3.182805061E1
2.219833376E0,1.203300095E1,1.734195137E1,-2.311995125E1
2.222276761E0,1.095105076E1,6.061950207E0,-1.846050143E0
2.224720145E0,7.933950424E0,-9.619500637E-1,7.870950222E0
2.227163529E0,5.986950397E0,-9.859500527E-1,5.476950169E0
2.229606913E0,7.836000443E0,5.479500294E-1,3.868050098E0
2.232050297E0,4.371000290E0,4.623000145E0,-6.573000431E0
2.234493913E0,4.394999981E0,3.001950026E0,1.729950070E0
2.236937068E0,1.366050124E0,2.109000206E0,6.640050411E0
2.239380682E0,1.447950125E0,2.518950224E0,6.777000427E0
2.241824068E0,1.843500137E1,2.649705124E1,3.894000292E0
2.244267453E0,5.871000290E1,7.477799988E1,2.257695198E1
2.246710838E0,2.062950134E0,8.203050613E0,7.894950390E0
2.249154231E0,-3.634050131E0,-6.580950260E0,9.043950081E0
2.251597616E0,-2.989950180E0,-6.696000099E0,5.101050377E0
2.254041001E0,-2.641050100E0,-7.278000355E0,3.480000257E0
2.256484385E0,-2.250000000E0,-8.176050186E0,2.481000185E0
2.258927769E0,-3.736950159E0,-7.225050449E0,1.786950111E0
2.261371225E0,-4.080000401E0,-7.515000343E0,7.363050461E0
2.263814612E0,-1.113105011E1,-6.445050240E0,-1.413405037E1
2.266257997E0,-1.090305042E1,-3.705000162E0,-4.663395309E1
2.268701381E0,-2.779500198E1,5.343795395E1,-2.105805016E1
2.271144771E0,7.936050415E0,1.888950109E0,1.051200008E1
2.273588155E0,2.130105019E1,4.911000252E0,-3.099000216E0
2.276031540E0,2.256300163E1,9.205950737E0,-2.451105118E1
2.278474925E0,1.103700066E1,2.052000046E0,-4.939950466E0
2.280918309E0,2.880000114E0,7.947000504E0,4.210050106E0
2.283361707E0,4.603050232E0,6.280050278E0,4.809000015E0
2.285805091E0,5.434050083E0,8.002050400E0,4.714950085E0
2.288248706E0,4.567049980E0,6.547950268E0,-3.211050034E0
2.290691862E0,1.917000055E0,8.722050667E0,-7.291050434E0
2.293135475E0,1.126950026E0,9.840000153E0,-8.344950676E0
2.295578848E0,8.610000610E-1,8.373000145E0,-5.280000210E0
2.298022232E0,3.291000128E0,8.526000023E0,-5.062050343E0
2.300465617E0,5.488950253E0,8.725049973E0,-6.520050526E0
2.302909002E0,7.084050179E0,4.603950024E0,-6.817050457E0
2.305352386E0,7.381050587E0,8.016000748E0,-4.614000320E0
2.307795771E0,5.860050201E0,8.518950462E0,-5.088000298E0
2.310239156E0,4.819050312E0,8.539950371E0,-4.389000416E0
2.312682540E0,3.262950182E0,9.544050217E0,-3.285000086E0
2.315125924E0,2.499000072E0,9.199050903E0,-4.744050026E0
2.317569384E0,2.038950205E0,9.181950569E0,-2.071950197E0
2.320012708E0,2.104050159E0,7.960950375E0,-3.819000244E0
2.322456168E0,3.001950026E0,8.089950562E0,-2.562000036E0
2.324899554E0,3.648000240E0,8.181000710E0,-2.139000177E0
2.327342939E0,4.134000301E0,7.243050575E0,-2.140950203E0
2.329786323E0,4.266000271E0,7.666050434E0,-9.490500689E-1
2.332229694E0,4.227000237E0,8.563950539E0,-1.071000099E0
2.334673079E0,3.760950089E0,9.013950348E0,-8.839500546E-1
2.337116463E0,2.560950041E0,8.204999924E0,-2.299500108E-1
2.339559847E0,1.869000077E0,8.464050293E0,3.240000010E-1
2.342003461E0,1.531950116E0,9.454950333E0,6.229500175E-1
2.344446848E0,1.002000093E0,8.812950134E0,8.050500154E-1
2.346890233E0,1.036050081E0,8.847000122E0,7.290000319E-1
2.349333617E0,1.636950135E0,8.938050270E0,1.126049995E0
2.351777002E0,9.628950119E0,7.731000423E0,2.152950048E0
2.354220386E0,9.178950310E0,7.626000404E0,-1.614795113E1
2.356663790E0,4.504950047E0,5.691000462E0,-5.182050228E0
2.359107175E0,4.978950024E0,5.464050293E0,9.075000763E0
2.361550559E0,9.690000415E-1,9.574950218E0,4.033050060E0
2.363993943E0,4.029000282E0,8.394000053E0,-6.760500073E-1
2.366437403E0,6.105000496E0,6.985950470E0,-3.549000263E0
2.368880713E0,2.994000196E0,6.847950459E0,-1.234050035E0
2.371324173E0,4.165050030E0,7.185000420E0,3.789000273E0
2.373767559E0,3.696000099E0,7.822050571E0,1.938000083E0
2.376210944E0,6.604950428E0,8.301000595E0,-7.909500599E-1
2.378654329E0,6.591000080E0,6.625050545E0,-2.514000177E0
2.381097722E0,6.234000206E0,4.300050259E0,9.040500522E-1
2.383541107E0,1.367100048E1,4.756950378E0,-7.066050529E0
2.385984491E0,2.186595154E1,4.687950134E0,-3.051105118E1
2.388427875E0,1.609605026E1,2.686050177E0,-2.356305122E1
2.390871259E0,1.072800064E1,7.540500164E-1,-8.188950539E0
2.393314629E0,4.033950329E0,5.188050270E0,1.144950032E0
2.395758014E0,3.628950119E0,9.256050110E0,4.215000153E0
2.398201399E0,3.370050192E0,9.951000214E0,1.801050067E0
2.400645014E0,4.705950260E0,8.179050446E0,1.902000070E0
2.403088401E0,4.891050339E0,7.528050423E0,4.219500124E-1
2.405531771E0,4.394999981E0,6.916950226E0,6.000000052E-3
2.407975156E0,5.182950020E0,6.601050377E0,3.270000219E-1
2.410418540E0,4.891050339E0,7.537050247E0,7.189500332E-1
2.412861925E0,5.530050278E0,7.981950283E0,-2.040000111E-1
2.415305310E0,5.434050083E0,8.313000679E0,3.075000048E0
2.417748689E0,5.707050323E0,9.757050514E0,2.826000214E0
2.420192149E0,1.134795094E1,6.436050415E0,-6.349950314E0
2.422635535E0,9.907050133E0,4.189949989E0,-9.514950752E0
2.425078920E0,8.041950226E0,6.405000210E0,-4.423050404E0
2.427522305E0,5.038950443E0,7.507950306E0,-1.819950104E0
2.429965703E0,4.681950092E0,7.297950268E0,3.840000033E-1
2.432409088E0,5.731050491E0,7.057950497E0,-7.950000465E-3
2.434852473E0,5.953950405E0,7.528050423E0,-1.228950024E0
2.437295857E0,4.869000435E0,7.780950546E0,-3.159000158E0
2.439739241E0,5.391000271E0,7.318950176E0,-3.886050224E0
2.442182616E0,5.166000366E0,7.642050266E0,-3.283050060E0
2.444626231E0,4.984050274E0,7.585050583E0,-2.160000086E0
2.447069617E0,5.917950153E0,7.525050163E0,-1.441950083E0
2.449513002E0,5.202000141E0,7.345950127E0,-1.624050021E0
2.451956387E0,5.640000343E0,7.032000542E0,-2.637000084E0
2.454399771E0,5.728950500E0,7.225950241E0,-3.493950129E0
2.456843156E0,5.158950329E0,7.573050499E0,-2.998050213E0
2.459286541E0,5.547000408E0,7.077000141E0,-2.605050087E0
2.461729925E0,5.937000275E0,6.988950253E0,-2.170050144E0
2.464173308E0,5.491950035E0,7.381050587E0,-1.936950088E0
2.466616692E0,5.305050373E0,7.357950211E0,-2.304000139E0
2.469060076E0,5.812950134E0,7.185000420E0,-2.953050137E0
2.471503461E0,5.494050026E0,7.314000130E0,-2.914050102E0
2.473946846E0,5.443950176E0,7.305000305E0,-2.710950136E0
2.476390231E0,5.544000149E0,7.372050285E0,-2.071950197E0
2.478833691E0,5.755050182E0,7.294950485E0,-1.959000111E0
2.481277078E0,5.575050354E0,7.258950233E0,-2.320950031E0
2.483720463E0,5.365050316E0,7.438950539E0,-2.730000019E0
2.486163847E0,5.764950275E0,7.234950542E0,-2.911950111E0
2.488607232E0,5.800950050E0,7.015050411E0,-2.613000154E0
2.491050617E0,5.607000351E0,7.173000336E0,-2.134050131E0
2.493494230E0,5.623050213E0,7.362000465E0,-2.028000116E0
2.495937386E0,5.680950165E0,7.413000584E0,-2.184000015E0
2.498380999E0,5.518050194E0,7.336050510E0,-2.548050165E0
2.500824386E0,5.473050117E0,7.390950203E0,-2.731950045E0
2.503267770E0,5.542050362E0,7.501050472E0,-2.557950020E0
2.505711155E0,5.475000381E0,7.510950565E0,-2.265000105E0
2.508154540E0,5.604000092E0,7.249950409E0,-2.148000002E0
2.510597924E0,5.764950275E0,7.147050381E0,-2.248950005E0
2.513041309E0,5.698050499E0,7.255050182E0,-2.449950218E0
2.515484694E0,5.473050117E0,7.365000248E0,-2.541000128E0
2.517928078E0,5.595000267E0,7.243050575E0,-2.577000141E0
2.520371462E0,5.659050465E0,7.222950459E0,-2.457000017E0
2.522814846E0,5.419950485E0,7.410000324E0,-2.248950005E0
2.525258307E0,5.544000149E0,7.312050343E0,-2.281949997E0
2.527701694E0,5.568000317E0,7.291050434E0,-2.457000017E0
2.530145078E0,5.512950420E0,7.366950512E0,-2.586000204E0
2.532588463E0,5.467950344E0,7.362000465E0,-2.656050205E0
2.535031847E0,5.506050110E0,7.348050117E0,-2.553000212E0
2.537475246E0,5.475000381E0,7.314000130E0,-2.422950029E0
2.539918631E0,5.350050449E0,7.402950287E0,-2.341950178E0
2.542362015E0,5.520000458E0,7.374000549E0,-2.380050182E0
2.544805399E0,5.560950279E0,7.273950577E0,-2.602950096E0
2.547248783E0,5.524950027E0,7.282950401E0,-2.680050135E0
2.549692365E0,5.458050251E0,7.384050369E0,-2.605050087E0
2.552135752E0,5.439000130E0,7.401000500E0,-2.530950069E0
2.554579136E0,5.500950336E0,7.378950119E0,-2.425950050E0
2.557022521E0,5.394000053E0,7.398000240E0,-2.400000095E0
2.559465905E0,5.407950401E0,7.462950230E0,-2.473950148E0
2.561909305E0,5.452950478E0,7.456050396E0,-2.500050068E0
2.564352690E0,5.496000290E0,7.413000584E0,-2.505000114E0
2.566796074E0,5.451000214E0,7.414950371E0,-2.485950232E0
2.569239458E0,5.484000206E0,7.444050312E0,-2.485950232E0
2.571682903E0,5.461050034E0,7.465050220E0,-2.491050005E0
2.574126213E0,5.476950169E0,7.462950230E0,-2.458950043E0
2.576569673E0,5.496000290E0,7.426950455E0,-2.488050222E0
2.579013059E0,5.449050426E0,7.471950531E0,-2.541000128E0
2.581456444E0,5.440950394E0,7.465050220E0,-2.506950140E0
2.583899829E0,5.451000214E0,7.441050529E0,-2.488050222E0
2.586343213E0,5.425050259E0,7.470000267E0,-2.449950218E0
2.588786598E0,5.407950401E0,7.506000519E0,-2.458950043E0
2.591229982E0,5.383950233E0,7.474950314E0,-2.509950161E0
2.593673366E0,5.467950344E0,7.414950371E0,-2.553000212E0
2.596116765E0,5.434050083E0,7.405050278E0,-2.590950012E0
2.598560149E0,5.416950226E0,7.432050228E0,-2.602950096E0
2.601003534E0,5.470050335E0,7.389000416E0,-2.560050011E0
2.603447149E0,5.475000381E0,7.341000557E0,-2.584050179E0
2.605890536E0,5.500950336E0,7.318950176E0,-2.578950167E0
2.608333925E0,5.518050194E0,7.357950211E0,-2.589000225E0
2.610777309E0,5.482050419E0,7.342950344E0,-2.598000050E0
2.613220694E0,5.523000240E0,7.321950436E0,-2.586000204E0
2.615664078E0,5.503950119E0,7.333950520E0,-2.598000050E0
2.618107463E0,5.484000206E0,7.336050510E0,-2.613000154E0
2.620550834E0,5.496000290E0,7.350000381E0,-2.601000071E0
2.622994293E0,5.413050175E0,7.357950211E0,-2.554950237E0
2.625437680E0,5.275950432E0,7.285950184E0,-2.067000151E0
2.627881064E0,5.760000229E0,6.393000126E0,-8.205000311E-2
2.630324449E0,8.398050308E0,4.554000378E0,2.638950109E0
2.632767839E0,7.738050461E0,8.707950592E0,-5.493000031E0
2.635211223E0,4.125000000E0,8.787000656E0,-7.042050362E0
2.637654608E0,3.058950186E0,8.101950645E0,-7.768050194E0
2.640097993E0,3.978000164E0,7.687950134E0,-3.814950228E0
2.642541377E0,5.724000454E0,7.480050564E0,-2.260500044E-1
2.644984991E0,5.631000042E0,7.654050350E0,1.356000066E0
2.647428146E0,5.473050117E0,7.531950474E0,1.609500051E-1
2.649871760E0,5.530050278E0,7.288050175E0,-2.791950226E0
2.652314916E0,5.245050430E0,7.650000572E0,-5.344950199E0
2.654758529E0,4.953000069E0,7.555950165E0,-5.740050316E0
2.657201685E0,5.188050270E0,7.647000313E0,-3.505950212E0
2.659645298E0,5.377050400E0,7.510950565E0,-1.213950038E0
2.662088685E0,5.527950287E0,7.390950203E0,-4.189500213E-1
2.664532069E0,5.599050045E0,7.350000381E0,-1.387050033E0
2.666975454E0,5.839050293E0,6.915000439E0,-2.779950142E0
2.669418848E0,5.626050472E0,7.104000568E0,-3.649050236E0
2.671862232E0,5.298000336E0,7.425000191E0,-3.297000170E0
2.674305617E0,5.635050297E0,7.362000465E0,-2.557950020E0
2.676749077E0,7.006950378E0,6.745050430E0,-2.811000109E0
2.679192463E0,8.262000084E0,6.859950542E0,-4.249950409E0
2.681635852E0,4.222949982E0,6.735000134E0,-9.150000215E-1
2.684079236E0,2.407950163E0,7.932000160E0,2.400000095E-1
2.686522621E0,3.775050163E0,1.036200047E1,-7.710000277E-1
2.688966006E0,4.479000092E0,7.009950161E0,-2.301000118E0
2.691409390E0,6.016050339E0,6.967050552E0,-4.995000362E0
2.693853004E0,6.442050457E0,7.060950279E0,-4.842000008E0
2.696296390E0,5.652000427E0,7.003050327E0,-2.743950129E0
2.698739775E0,4.812000275E0,7.720950603E0,-8.740500212E-1
2.701183160E0,4.768950462E0,7.786050320E0,-2.700000070E-2
2.703626531E0,5.592000484E0,7.300050259E0,-2.328000069E0
2.706069916E0,6.540000439E0,6.972000122E0,-4.213950157E0
2.708513300E0,6.598050117E0,7.018050194E0,-5.143050194E0
2.710956685E0,5.713950157E0,7.105950356E0,-3.568050146E0
2.713400083E0,5.443950176E0,7.285950184E0,-1.534950018E0
2.715843467E0,5.608950138E0,7.305000305E0,-5.730000138E-1
2.718286851E0,5.760000229E0,7.152000427E0,-1.216950059E0
2.720730235E0,5.677950382E0,7.326000214E0,-2.494950056E0
2.723173619E0,5.209050179E0,7.342950344E0,-3.465000153E0
2.725616995E0,5.476950169E0,7.408050537E0,-3.666000128E0
2.728060456E0,5.713950157E0,7.200000286E0,-2.722950220E0
2.730503843E0,5.635050297E0,7.270950317E0,-1.875000119E0
2.732947228E0,5.532000065E0,7.314000130E0,-1.533000112E0
2.735390612E0,5.752950191E0,7.213950157E0,-2.203050137E0
2.737833997E0,5.611050129E0,7.237950325E0,-2.883000135E0
2.740277381E0,5.428950310E0,7.333950520E0,-3.187050104E0
2.742720995E0,5.547000408E0,7.369950294E0,-2.838000059E0
2.745164381E0,5.556000233E0,7.393050194E0,-2.182049990E0
2.747607766E0,5.484000206E0,7.354950428E0,-1.879950047E0
2.750051151E0,5.680950165E0,7.237950325E0,-2.151000023E0
2.752494535E0,5.548950195E0,7.318950176E0,-2.584050179E0
2.754937920E0,5.458050251E0,7.390950203E0,-2.902050257E0
2.757381304E0,5.695050240E0,7.207050323E0,-2.758950233E0
2.759824689E0,5.644950390E0,7.249950409E0,-2.364000082E0
2.762268074E0,5.572950363E0,7.297950268E0,-2.068950176E0
2.764711533E0,5.643000126E0,7.264050484E0,-2.173950195E0
2.767154920E0,5.580000401E0,7.216050148E0,-2.425950050E0
2.769598305E0,5.608950138E0,7.216050148E0,-2.689050198E0
2.772041703E0,5.532000065E0,7.269000530E0,-2.683950186E0
2.774485088E0,5.511000156E0,7.321950436E0,-2.458950043E0
2.776928472E0,5.547000408E0,7.281000137E0,-2.265000105E0
2.779371857E0,5.548950195E0,7.341000557E0,-2.254050016E0
2.781815242E0,5.512950420E0,7.348050117E0,-2.433000088E0
2.784258612E0,5.484000206E0,7.374000549E0,-2.572050095E0
2.786701996E0,5.464950085E0,7.333950520E0,-2.590950012E0
2.789145380E0,5.524950027E0,7.291050434E0,-2.428050041E0
2.791588764E0,5.511000156E0,7.348050117E0,-2.281949997E0
2.794032149E0,5.527950287E0,7.326000214E0,-2.268000126E0
2.796475769E0,5.607000351E0,7.288050175E0,-2.422950029E0
2.798919156E0,5.584950447E0,7.270950317E0,-2.548050165E0
2.801362540E0,5.626050472E0,7.297950268E0,-2.254050016E0
2.803805925E0,5.563950062E0,7.369950294E0,-2.536050081E0
2.806249310E0,5.500950336E0,7.279050350E0,-2.419050217E0
2.808692708E0,5.686050415E0,7.204050541E0,-2.353950024E0
2.811136093E0,5.656950474E0,7.231050491E0,-2.268000126E0
2.813579477E0,5.643000126E0,7.233000278E0,-2.304000139E0
2.816022937E0,5.664000034E0,7.213950157E0,-2.404050112E0
2.818466324E0,5.595000267E0,7.257000446E0,-2.388000011E0
2.820909703E0,5.619000435E0,7.264050484E0,-2.351999998E0
2.823353088E0,5.632950306E0,7.294950485E0,-2.359050035E0
2.825796472E0,5.539950371E0,7.348050117E0,-2.313000202E0
2.828239857E0,5.560950279E0,7.360050201E0,-2.316000223E0
2.830683242E0,5.548950195E0,7.348050117E0,-2.311050177E0
2.833126626E0,5.580000401E0,7.333950520E0,-2.323050022E0
2.835570010E0,5.551950455E0,7.350000381E0,-2.337000132E0
2.838013624E0,5.491950035E0,7.377000332E0,-2.359050035E0
2.840456780E0,5.532000065E0,7.377000332E0,-2.364000082E0
2.842900394E0,5.566050053E0,7.326000214E0,-2.371050119E0
2.845343780E0,5.578050137E0,7.324050426E0,-2.395050049E0
2.847787165E0,5.575050354E0,7.330950260E0,-2.368050098E0
2.850230549E0,5.580000401E0,7.306950569E0,-2.356050014E0
2.852673934E0,5.592000484E0,7.288050175E0,-2.389950037E0
2.855117319E0,5.611050129E0,7.291050434E0,-2.392050028E0
2.857560679E0,5.580000401E0,7.312050343E0,-2.425950050E0
2.860004064E0,5.592000484E0,7.300050259E0,-2.421000004E0
2.862447449E0,5.623050213E0,7.281000137E0,-2.434950113E0
2.864890908E0,5.602050304E0,7.294950485E0,-2.446950197E0
2.867334295E0,5.583000183E0,7.276050568E0,-2.469000101E0
2.869777675E0,5.583000183E0,7.312050343E0,-2.538000107E0
2.872221060E0,5.539950371E0,7.317000389E0,-2.469000101E0
2.874664445E0,5.524950027E0,7.342950344E0,-2.470950127E0
2.877107829E0,5.515950203E0,7.353000164E0,-2.488050222E0
2.879551214E0,5.532000065E0,7.338000298E0,-2.524050236E0
2.881994598E0,5.487000465E0,7.357950211E0,-2.542950153E0
2.884437982E0,5.458050251E0,7.369950294E0,-2.512050152E0
2.886881366E0,5.487000465E0,7.389000416E0,-2.467050076E0
2.889324981E0,5.503950119E0,7.377000332E0,-2.505000114E0
2.891768151E0,5.475000381E0,7.350000381E0,-2.562000036E0
2.894211764E0,5.484000206E0,7.377000332E0,-2.590950012E0
2.896655151E0,5.511000156E0,7.336050510E0,-2.529000044E0
2.899098536E0,5.499000072E0,7.362000465E0,-2.505000114E0
2.901541920E0,5.470050335E0,7.401000500E0,-2.514000177E0
2.903985290E0,5.487000465E0,7.386000156E0,-2.557950020E0
2.906428674E0,5.482050419E0,7.350000381E0,-2.682000160E0
2.908872059E0,5.496000290E0,7.350000381E0,-2.203050137E0
2.911315444E0,5.464950085E0,7.507950306E0,-2.818950176E0
2.913758903E0,5.275950432E0,7.537050247E0,-2.661000013E0
2.916202286E0,5.403000355E0,7.531950474E0,-2.646000147E0
2.918645670E0,5.404950142E0,7.293000221E0,-2.548050165E0
2.921089055E0,5.551950455E0,7.401000500E0,-2.467050076E0
2.923532440E0,5.371950150E0,7.449000359E0,-2.613000154E0
2.925975824E0,5.305050373E0,7.456050396E0,-2.614950180E0
2.928419209E0,5.631000042E0,7.273950577E0,-2.752050161E0
2.930862822E0,5.475000381E0,7.422000408E0,-2.656050205E0
2.933306209E0,5.371950150E0,7.410000324E0,-2.613000154E0
2.935749594E0,5.536950111E0,7.374000549E0,-2.589000225E0
2.938192978E0,5.482050419E0,7.377000332E0,-2.545950174E0
2.940636363E0,5.389050484E0,7.449000359E0,-2.637000084E0
2.943079747E0,5.484000206E0,7.437000275E0,-2.770950079E0
2.945523132E0,5.395950317E0,7.426950455E0,-2.773050070E0
2.947966517E0,5.506050110E0,7.360050201E0,-2.668050051E0
2.950409901E0,5.520000458E0,7.413000584E0,-2.533950090E0
2.952853299E0,5.446050167E0,7.413000584E0,-2.629050016E0
2.955296683E0,5.470050335E0,7.434000492E0,-2.734950066E0
2.957740067E0,5.281050205E0,7.434000492E0,-2.851950169E0
2.960183452E0,5.437050343E0,7.408050537E0,-2.713050127E0
2.962626913E0,5.413050175E0,7.393050194E0,-2.529000044E0
2.965070300E0,5.427000046E0,7.366950512E0,-2.461950064E0
2.967513685E0,5.520000458E0,7.354950428E0,-2.536050081E0
2.969957069E0,5.365050316E0,7.441050529E0,-2.728050232E0
2.972400454E0,5.334000111E0,7.458000183E0,-2.919000149E0
2.974843838E0,5.475000381E0,7.567950249E0,-2.761050224E0
2.977287223E0,5.161050320E0,7.506000519E0,-2.701050043E0
2.979730836E0,5.476950169E0,7.389000416E0,-2.377950191E0
2.982174223E0,5.680950165E0,7.321950436E0,-2.503050089E0
2.984617608E0,5.286000252E0,7.401000500E0,-2.653050184E0
2.987060992E0,5.500950336E0,7.306950569E0,-2.838000059E0
2.989504372E0,5.527950287E0,7.350000381E0,-2.773050070E0
2.991947757E0,5.305050373E0,7.422000408E0,-2.548050165E0
2.994391141E0,5.449050426E0,7.336050510E0,-2.481000185E0
2.996834526E0,5.500950336E0,7.350000381E0,-2.409000158E0
2.999277985E0,5.427000046E0,7.329000473E0,-2.554950237E0
3.001721281E0,5.604000092E0,7.285950184E0,-2.731950045E0
3.004164741E0,5.578050137E0,7.273950577E0,-2.802000046E0
3.006608050E0,5.556000233E0,7.294950485E0,-2.737050056E0
3.009051433E0,5.443950176E0,7.377000332E0,-2.521950006E0
3.011494894E0,5.482050419E0,7.312050343E0,-2.428050041E0
3.013938281E0,5.713950157E0,7.209000111E0,-2.464050055E0
3.016381666E0,5.611050129E0,7.185000420E0,-2.526000023E0
3.018825050E0,5.520000458E0,7.219050407E0,-2.602950096E0
3.021268435E0,5.592000484E0,7.270950317E0,-2.560050011E0
3.023711829E0,5.604000092E0,7.309950352E0,-2.517000198E0
3.026155442E0,5.556000233E0,7.354950428E0,-2.529000044E0
3.028598829E0,5.623050213E0,7.348050117E0,-2.526000023E0
3.031042213E0,5.602050304E0,7.374000549E0,-2.605050087E0
3.033485598E0,5.568000317E0,7.336050510E0,-2.629050016E0
3.035928977E0,5.604000092E0,7.305000305E0,-2.601000071E0
3.038372362E0,5.587050438E0,7.237950325E0,-2.533950090E0
3.040815747E0,5.568000317E0,7.221000195E0,-2.380050182E0
3.043259131E0,5.587050438E0,7.219050407E0,-2.275050163E0
3.045702515E0,5.536950111E0,7.246950150E0,-2.248950005E0
3.048145989E0,5.551950455E0,7.282950401E0,-2.455050230E0
3.050589376E0,5.554050446E0,7.372050285E0,-2.572050095E0
3.053032761E0,5.563950062E0,7.413000584E0,-2.749050140E0
3.055476145E0,5.484000206E0,7.492050171E0,-2.707950115E0
3.057919530E0,5.427000046E0,7.483950138E0,-2.517000198E0
3.060362915E0,5.395950317E0,7.429050446E0,-2.404050112E0
3.062806299E0,5.391000271E0,7.360050201E0,-2.332950115E0
3.065249683E0,5.512950420E0,7.285950184E0,-2.428050041E0
3.067693067E0,5.452950478E0,7.252050400E0,-2.467050076E0
3.070136451E0,5.494050026E0,7.341000557E0,-2.469000101E0
3.072580066E0,5.674050331E0,7.360050201E0,-2.467050076E0
3.075023222E0,5.631000042E0,7.426950455E0,-2.409000158E0
3.077466836E0,5.410050392E0,7.495950222E0,-2.433000088E0
3.079910222E0,5.512950420E0,7.357950211E0,-2.443050146E0
3.082353607E0,5.602050304E0,7.350000381E0,-2.347050190E0
3.084796992E0,5.443950176E0,7.365000248E0,-2.236950159E0
3.087240376E0,5.572950363E0,7.381050587E0,-2.103000164E0
3.089683761E0,5.607000351E0,7.449000359E0,-2.158050060E0
3.092127220E0,5.475000381E0,7.575000286E0,-2.196000099E0
3.094570607E0,5.281050205E0,7.669050217E0,-2.277000189E0
3.097014006E0,5.293050289E0,7.555950165E0,-2.143050194E0
3.099457390E0,5.607000351E0,7.566000462E0,-1.638000131E0
3.101900775E0,5.595000267E0,7.396050453E0,-1.782000065E0
3.104344159E0,5.386050224E0,7.489050388E0,-2.361000061E0
3.106787544E0,5.578050137E0,7.449000359E0,-2.586000204E0
3.109230949E0,5.475000381E0,7.566000462E0,-2.797050238E0
3.111674333E0,5.070000172E0,7.759950161E0,-2.536050081E0
3.114117717E0,5.152050018E0,7.710000515E0,-2.569950104E0
3.116561101E0,5.266950130E0,7.767000198E0,-2.943000078E0
3.119004485E0,4.795050144E0,7.654050350E0,-3.178050041E0
3.121448096E0,4.801950455E0,7.519950390E0,-3.111000061E0
3.123891251E0,5.443950176E0,7.350000381E0,-2.050050020E0
3.126334865E0,5.668950081E0,7.204050541E0,-1.405950069E0
3.128778251E0,6.034950256E0,7.032000542E0,-1.564050078E0
3.131221626E0,6.190950394E0,7.096950531E0,-2.554950237E0
3.133665011E0,5.845950127E0,7.113000393E0,-3.277950048E0
3.136108395E0,5.440950394E0,7.366950512E0,-3.264000177E0
3.138551780E0,5.784000397E0,7.209000111E0,-2.184000015E0
3.140995239E0,5.893950462E0,7.240050316E0,-1.047000051E0
3.143438612E0,5.764950275E0,7.183050156E0,-8.500500321E-1
3.145881997E0,5.752950191E0,7.276050568E0,-1.497000098E0
3.148325381E0,5.620950222E0,7.458000183E0,-2.574000120E0
3.150768766E0,5.299950123E0,7.711950302E0,-3.028950214E0
3.153212151E0,5.164050102E0,7.836000443E0,-2.823000193E0
3.155655520E0,5.310000420E0,7.774050236E0,-1.969050050E0
3.158098904E0,5.512950420E0,7.540050507E0,-1.459050059E0
3.160542288E0,5.752950191E0,7.195050240E0,-1.687950134E0
3.162985672E0,5.938950062E0,6.903000355E0,-2.443050146E0
3.165429057E0,6.058950424E0,6.852000237E0,-2.881050110E0
3.167872442E0,6.013950348E0,6.915000439E0,-2.782950163E0
3.170316057E0,5.820000172E0,7.045950413E0,-2.209950209E0
3.172759443E0,5.772000313E0,7.177950382E0,-1.755000114E0
3.175202828E0,5.800950050E0,7.113000393E0,-1.969050050E0
3.177646213E0,5.695050240E0,7.084950447E0,-2.481000185E0
3.180089607E0,5.635050297E0,7.080000401E0,-2.839950085E0
3.182532992E0,5.688000202E0,6.988950253E0,-2.794950247E0
3.184976376E0,5.724000454E0,6.856950283E0,-2.304000139E0
3.187419761E0,5.845950127E0,6.955050468E0,-1.834950089E0
3.189863221E0,5.923050404E0,7.000950336E0,-1.815000057E0
3.192306612E0,5.881950378E0,7.036950111E0,-2.218050003E0
3.194749997E0,5.974950314E0,7.020000458E0,-2.542950153E0
3.197193381E0,5.977950096E0,6.985950470E0,-2.565000057E0
3.199636766E0,5.974950314E0,7.015050411E0,-2.086050034E0
3.202080151E0,6.010950089E0,7.033950329E0,-1.777050138E0
3.204523539E0,6.090000153E0,6.985950470E0,-1.777050138E0
3.206967153E0,6.045000076E0,7.051050186E0,-1.903950095E0
3.209410539E0,5.740950108E0,7.228050232E0,-1.960950136E0
3.211853924E0,5.560950279E0,7.350000381E0,-1.957050085E0
3.214297309E0,5.539950371E0,7.396050453E0,-2.011950016E0
3.216740698E0,5.596950054E0,7.432050228E0,-2.088000059E0
3.219184083E0,5.374050140E0,7.330950260E0,-2.323050022E0
3.221627467E0,5.464950085E0,7.245000362E0,-2.289000034E0
3.224070852E0,5.833950043E0,7.060950279E0,-2.191050053E0
3.226514237E0,5.805000305E0,7.125000477E0,-2.115000010E0
3.228957621E0,6.093000412E0,6.997950554E0,-2.380050182E0
3.231401005E0,5.772000313E0,7.135050297E0,-2.683950186E0
3.233844389E0,5.761950493E0,7.042050362E0,-2.512050152E0
3.236287773E0,5.731050491E0,7.051050186E0,-2.092950106E0
3.238731235E0,5.701950073E0,7.032000542E0,-1.987950087E0
3.241174607E0,5.614050388E0,7.006050110E0,-2.031000137E0
3.243617992E0,5.865000248E0,6.939000130E0,-2.242050171E0
3.246061377E0,6.006000519E0,6.939000130E0,-2.280000210E0
3.248504761E0,5.896050453E0,7.024950504E0,-2.332950115E0
3.250948146E0,5.941950321E0,7.192050457E0,-2.380050182E0
3.253391763E0,5.683050156E0,7.183050156E0,-2.493000031E0
3.255834919E0,5.439000130E0,7.200000286E0,-2.371050119E0
3.258278532E0,5.856000423E0,6.979050159E0,-2.176950216E0
3.260721919E0,5.992050171E0,7.008000374E0,-2.115000010E0
3.263165304E0,5.977950096E0,6.964950562E0,-2.191050053E0
3.265608703E0,5.824050426E0,7.039050102E0,-2.329950094E0
3.268052088E0,5.757000446E0,7.192050457E0,-2.111999989E0
3.270495473E0,5.914950371E0,7.125000477E0,-1.918050051E0
3.272938857E0,5.683050156E0,7.294950485E0,-1.795950055E0
3.275382242E0,5.872050285E0,7.338000298E0,-1.834950089E0
3.277825626E0,5.917950153E0,7.324050426E0,-2.119050026E0
3.280269010E0,5.911050320E0,7.246950150E0,-2.263050079E0
3.282712471E0,5.889000416E0,7.297950268E0,-2.064000130E0
3.285155857E0,5.889000416E0,7.360050201E0,-1.930050135E0
3.287599242E0,5.856000423E0,7.414950371E0,-1.798950076E0
3.290042616E0,5.953950405E0,7.401000500E0,-1.935000062E0
3.292486001E0,6.100050449E0,7.329000473E0,-2.110050201E0
3.294929386E0,6.016050339E0,7.336050510E0,-2.236950159E0
3.297372770E0,6.097050190E0,7.255050182E0,-2.152950048E0
3.299816154E0,6.220050335E0,7.234950542E0,-2.100000143E0
3.302259749E0,6.058950424E0,7.281000137E0,-2.059950113E0
3.304703136E0,6.150000095E0,7.369950294E0,-2.028000116E0
3.307146521E0,6.076050282E0,7.329000473E0,-2.110050201E0
3.309589905E0,6.082950115E0,7.405050278E0,-2.301000118E0
3.312033295E0,6.138000488E0,7.453050137E0,-2.376000166E0
3.314476679E0,6.342000484E0,7.482000351E0,-2.409000158E0
3.316920064E0,6.178950310E0,7.449000359E0,-2.347050190E0
3.319363449E0,6.298950195E0,7.462950230E0,-2.301000118E0
3.321806833E0,6.330000401E0,7.446000576E0,-2.221950054E0
3.324250217E0,6.397050381E0,7.396050453E0,-2.176950216E0
3.326693677E0,6.471000195E0,7.338000298E0,-2.164950132E0
3.329136987E0,6.639000416E0,7.243050575E0,-2.134050131E0
3.331580447E0,6.627000332E0,7.180050373E0,-2.103000164E0
3.334023833E0,6.655050278E0,7.201950550E0,-2.203050137E0
3.336467217E0,6.604950428E0,7.246950150E0,-2.158050060E0
3.338910602E0,6.343950272E0,7.410000324E0,-2.256000042E0
3.341353986E0,6.339000225E0,7.417050362E0,-2.196000099E0
3.343797371E0,6.319950104E0,7.461000443E0,-2.289000034E0
3.346240755E0,6.184050083E0,7.474950314E0,-2.263050079E0
3.348684384E0,6.153000355E0,7.513050556E0,-2.221950054E0
3.351127770E0,6.253050327E0,7.441050529E0,-2.256000042E0
3.353571155E0,6.153000355E0,7.507950306E0,-2.263050079E0
3.356014540E0,6.142950058E0,7.362000465E0,-2.263050079E0
3.358457924E0,6.214950085E0,7.422000408E0,-2.347050190E0
3.360901309E0,6.141000271E0,7.360050201E0,-2.248950005E0
3.363344768E0,6.301050186E0,7.173000336E0,-2.530950069E0
3.365788155E0,6.406050205E0,7.180050373E0,-2.593050241E0
3.368231540E0,6.109050274E0,7.222950459E0,-2.610000134E0
3.370674924E0,5.889000416E0,7.164000511E0,-2.608050108E0
3.373118314E0,5.805000305E0,7.338000298E0,-2.452050209E0
3.375561699E0,5.821950436E0,7.246950150E0,-2.401950121E0
3.378005083E0,5.578050137E0,7.372050285E0,-2.574000120E0
3.380448467E0,5.479950428E0,7.353000164E0,-2.698950052E0
3.382891851E0,5.395950317E0,7.393050194E0,-2.775000095E0
3.385335230E0,5.508000374E0,7.432050228E0,-2.574000120E0
3.387778615E0,5.371950150E0,7.390950203E0,-2.349000216E0
3.390222000E0,5.443950176E0,7.282950401E0,-2.011950016E0
3.392665385E0,5.494050026E0,7.137000561E0,-1.894050121E0
3.395108770E0,5.607000351E0,7.075050354E0,-2.203050137E0
3.397552379E0,5.677950382E0,6.982050419E0,-2.620050192E0
3.399995766E0,5.439000130E0,7.032000542E0,-2.674950123E0
3.402439150E0,5.547000408E0,6.985950470E0,-2.248950005E0
3.404882535E0,5.536950111E0,6.915000439E0,-1.861050129E0
3.407325919E0,5.425050259E0,7.009950161E0,-1.818000078E0
3.409769289E0,5.347950459E0,7.024950504E0,-2.148000002E0
3.412212674E0,5.247000217E0,7.135050297E0,-2.565000057E0
3.414656133E0,5.152050018E0,7.234950542E0,-2.673000097E0
3.417099443E0,5.104050159E0,7.306950569E0,-2.347050190E0
3.419542902E0,5.154000282E0,7.314000130E0,-1.794000030E0
3.421986289E0,5.173050404E0,7.321950436E0,-1.416000009E0
3.424429674E0,5.209050179E0,7.326000214E0,-1.513950109E0
3.426873058E0,5.347950459E0,7.209000111E0,-2.031000137E0
3.429316443E0,5.413050175E0,7.116000175E0,-2.419050217E0
3.431759833E0,5.449050426E0,7.075050354E0,-2.323050022E0
3.434203217E0,5.596950054E0,7.065000534E0,-1.882050037E0
3.436646601E0,5.671050072E0,6.979050159E0,-1.411050081E0
3.439089985E0,5.700000286E0,6.952950478E0,-1.404000044E0
3.441533600E0,5.796000481E0,6.903000355E0,-1.732050061E0
3.443977001E0,5.793000221E0,6.952950478E0,-2.245950222E0
3.446420386E0,5.769000053E0,6.927000523E0,-2.437950134E0
3.448863771E0,5.820000172E0,6.940950394E0,-2.293950081E0
3.451307155E0,5.773950100E0,6.996000290E0,-1.945050120E0
3.453750540E0,5.788950443E0,7.053000450E0,-1.723950028E0
3.456193915E0,5.824050426E0,7.081950188E0,-1.890000105E0
3.458637374E0,5.809950352E0,7.048950195E0,-2.269950151E0
3.461080761E0,5.856000423E0,7.077000141E0,-2.479050159E0
3.463524145E0,5.901000500E0,7.104000568E0,-2.407050133E0
3.465967530E0,5.848050117E0,7.084950447E0,-2.191050053E0
3.468410915E0,5.913000107E0,7.116000175E0,-2.055000067E0
3.470854299E0,5.868000507E0,7.173000336E0,-2.088000059E0
3.473297684E0,5.773950100E0,7.197000504E0,-2.325000048E0
3.475741068E0,5.860050201E0,7.228050232E0,-2.517000198E0
3.478184452E0,5.752950191E0,7.246950150E0,-2.586000204E0
3.480627831E0,5.713950157E0,7.255050182E0,-2.542950153E0
3.483071446E0,5.796000481E0,7.219050407E0,-2.467050076E0
3.485514602E0,5.767050266E0,7.120950222E0,-2.503050089E0
3.487958215E0,5.767050266E0,6.931050301E0,-2.641050100E0
3.490401602E0,5.817000389E0,6.783000469E0,-2.878050089E0
3.492844987E0,5.788950443E0,6.613050461E0,-3.082050085E0
3.495288371E0,5.856000423E0,6.475950241E0,-3.226050138E0
3.497731756E0,5.857950211E0,6.345000267E0,-3.223050117E0
3.500175140E0,5.887050152E0,6.349950314E0,-3.187050104E0
3.502618525E0,5.755050182E0,6.430950165E0,-3.001050234E0
3.505061990E0,5.590050220E0,6.667950153E0,-2.850000143E0
3.507505376E0,5.530050278E0,6.748950481E0,-2.728050232E0
3.509948761E0,5.470050335E0,6.790050507E0,-2.826000214E0
3.512392145E0,5.556000233E0,6.751950264E0,-3.136950254E0
3.514835530E0,5.482050419E0,6.792000294E0,-3.277950048E0
3.517278910E0,5.416950226E0,6.844950199E0,-3.144000053E0
3.519722294E0,5.566050053E0,6.799950123E0,-2.707950115E0
3.522165678E0,5.563950062E0,6.835950375E0,-2.377950191E0
3.524609292E0,5.496000290E0,6.886050224E0,-2.349000216E0
3.527052679E0,5.559000492E0,6.946050167E0,-2.533950090E0
3.529496069E0,5.608950138E0,6.927000523E0,-2.797050238E0
3.531939453E0,5.551950455E0,6.943050385E0,-2.911950111E0
3.534382607E0,5.494050026E0,6.951000214E0,-2.922000170E0
3.536826220E0,5.451000214E0,6.996000290E0,-2.767950058E0
3.539269607E0,5.271000385E0,7.069950104E0,-2.695950031E0
3.541713006E0,5.098950386E0,7.185000420E0,-2.625000238E0
3.544156390E0,4.996050358E0,7.210950375E0,-2.638950109E0
3.546599775E0,4.897950172E0,7.188000202E0,-2.530950069E0
3.549043160E0,4.869000435E0,7.168050289E0,-2.301000118E0
3.551486619E0,4.918950081E0,7.165950298E0,-2.232000113E0
3.553930006E0,5.046000004E0,7.042050362E0,-2.184000015E0
3.556373390E0,5.032050133E0,7.048950195E0,-2.320950031E0
3.558816775E0,5.109000206E0,6.997950554E0,-2.530950069E0
3.561260160E0,5.161050320E0,6.934050560E0,-2.422950029E0
3.563703530E0,5.226000309E0,6.936000347E0,-2.452050209E0
3.566146915E0,5.532000065E0,6.771000385E0,-2.425950050E0
3.568590528E0,5.322000027E0,6.630000114E0,-2.505000114E0
3.571033915E0,5.263950348E0,6.615000248E0,-2.320950031E0
3.573477299E0,5.901000500E0,6.486000538E0,-2.653050184E0
3.575920684E0,5.977950096E0,6.610950470E0,-3.280950069E0
3.578364069E0,5.628000259E0,6.867000103E0,-2.932950258E0
3.580807453E0,5.491950035E0,6.996000290E0,-2.596050024E0
3.583250838E0,4.891050339E0,7.297950268E0,-3.058050156E0
3.585694223E0,4.510050297E0,7.264050484E0,-1.948950052E0
3.588137607E0,5.077050209E0,7.072950363E0,-1.497000098E0
3.590580991E0,5.286000252E0,7.267050266E0,-2.011950016E0
3.593024375E0,5.239950180E0,7.561050415E0,-2.292000055E0
3.595467759E0,5.041950226E0,7.738050461E0,-2.388000011E0
3.597911221E0,5.122950077E0,8.016000748E0,-2.746950150E0
3.600354606E0,4.717950344E0,8.313000679E0,-3.348000050E0
3.602797991E0,4.098000050E0,8.626950264E0,-3.511050224E0
3.605241375E0,3.811050177E0,8.152050018E0,-2.919000149E0
3.607684760E0,4.477050304E0,7.516050339E0,-1.942050099E0
3.610128145E0,5.374050140E0,7.129950523E0,-1.485000014E0
3.612571545E0,5.508000374E0,7.039050102E0,-2.092950106E0
3.615015159E0,5.686050415E0,7.177950382E0,-3.202050209E0
3.617458545E0,5.317050457E0,7.606950283E0,-3.669000149E0
3.619901930E0,5.398050308E0,7.860000610E0,-3.760050297E0
3.622345315E0,5.104050159E0,7.882050514E0,-3.640050173E0
3.624788694E0,4.338000298E0,8.112000465E0,-3.324000120E0
3.627232079E0,4.237050056E0,7.783950329E0,-2.470950127E0
3.629675463E0,5.137050152E0,7.132050514E0,-2.458950043E0
3.632118848E0,5.451000214E0,7.185000420E0,-2.517000198E0
3.634562233E0,5.209050179E0,7.372050285E0,-3.123000145E0
3.637005598E0,5.245050430E0,7.578000546E0,-3.738000154E0
3.639448982E0,5.073000431E0,8.242950439E0,-3.762000084E0
3.641892366E0,4.531949997E0,8.479949951E0,-3.843000174E0
3.644335827E0,4.237050056E0,8.533050537E0,-3.573000193E0
3.646779214E0,4.105050087E0,8.325000763E0,-2.649000168E0
3.649222593E0,4.582050323E0,7.516050339E0,-2.491050005E0
3.651665978E0,5.484000206E0,7.378950119E0,-2.308950186E0
3.654109363E0,5.386050224E0,7.243050575E0,-2.950050116E0
3.656552747E0,5.379000187E0,7.437000275E0,-3.726000071E0
3.658996361E0,5.032050133E0,8.337000847E0,-3.750000238E0
3.661439766E0,4.654050350E0,8.296050072E0,-4.000950336E0
3.663883151E0,4.374000072E0,8.679000854E0,-3.352050066E0
3.666326535E0,4.303950310E0,8.338950157E0,-2.773050070E0
3.668769920E0,4.800000191E0,7.942050457E0,-2.898000240E0
3.671213305E0,4.765950203E0,7.906050205E0,-3.024000168E0
3.673656689E0,4.776000023E0,7.566000462E0,-3.205950260E0
3.676100149E0,5.133000374E0,7.768950462E0,-2.926050186E0
3.678543459E0,4.720950127E0,8.065950394E0,-2.845050097E0
3.680986841E0,4.363950253E0,8.361000061E0,-2.677050114E0
3.683430226E0,4.291950226E0,8.800950050E0,-2.641050100E0
3.685873610E0,4.002000332E0,8.562000275E0,-3.148950100E0
3.688317072E0,3.943050146E0,8.800950050E0,-3.216000080E0
3.690760459E0,4.159950256E0,8.634000778E0,-3.163050175E0
3.693203843E0,4.254000187E0,8.485050201E0,-2.893050194E0
3.695647228E0,4.657950401E0,8.377950668E0,-2.605050087E0
3.698090607E0,4.714050293E0,8.442000389E0,-2.869050026E0
3.700533992E0,4.552950382E0,8.530950546E0,-3.316950083E0
3.702977377E0,4.776000023E0,8.401050568E0,-3.778950214E0
3.705420990E0,4.387950420E0,8.449049950E0,-3.841050148E0
3.707864377E0,4.797000408E0,8.148000717E0,-3.676050186E0
3.710307780E0,4.603050232E0,8.184000015E0,-3.159000158E0
3.712751165E0,5.098950386E0,8.023050308E0,-2.634000063E0
3.715194550E0,4.966950417E0,7.852950573E0,-2.902050257E0
3.717637934E0,5.068050385E0,8.344050407E0,-2.991000175E0
3.720081394E0,4.539000034E0,8.080950737E0,-3.645000219E0
3.722524699E0,4.192049980E0,8.503950119E0,-3.669000149E0
3.724968159E0,4.512000084E0,7.992000580E0,-3.670950174E0
3.727411546E0,3.832050085E0,8.506950378E0,-2.890050173E0
3.729854930E0,4.623000145E0,7.747950554E0,-2.680050135E0
3.732298286E0,4.054950237E0,8.029950142E0,-2.526000023E0
3.734741670E0,4.102950096E0,7.795950413E0,-2.938050032E0
3.737185055E0,3.751050234E0,8.155050278E0,-2.742000103E0
3.739628440E0,4.431000233E0,7.618950367E0,-3.091950178E0
3.742071824E0,3.550050259E0,8.095050812E0,-2.665050030E0
3.744515222E0,4.186950207E0,7.465050220E0,-2.887950182E0
3.746958606E0,3.949950218E0,7.759950161E0,-2.596050024E0
3.749401990E0,4.423950195E0,7.329000473E0,-2.881050110E0
3.751845606E0,4.042950153E0,7.513050556E0,-2.826000214E0
3.754288992E0,4.438050270E0,7.420050144E0,-3.187050104E0
3.756732377E0,3.946950197E0,7.756950378E0,-3.181950092E0
3.759175761E0,4.393050194E0,7.389000416E0,-3.616050243E0
3.761619146E0,4.263000011E0,7.480050564E0,-3.622950077E0
3.764062531E0,4.266000271E0,7.425000191E0,-3.682950258E0
3.766505990E0,4.036050320E0,7.437000275E0,-3.357000113E0
3.768949315E0,4.444950104E0,7.306950569E0,-3.384000063E0
3.771392774E0,4.255949974E0,7.458000183E0,-3.364050150E0
3.773836161E0,4.354050159E0,7.417050362E0,-3.862050295E0
3.776279546E0,4.261050224E0,7.554000378E0,-3.922050238E0
3.778722930E0,4.483950138E0,7.369950294E0,-4.246050358E0
3.781166315E0,4.471950054E0,7.582950592E0,-4.164000034E0
3.783609700E0,4.515000343E0,7.285950184E0,-4.396049976E0
3.786053084E0,4.548000336E0,7.585050583E0,-4.068000317E0
3.788496468E0,4.587000370E0,7.201950550E0,-4.212000370E0
3.790939852E0,4.668000221E0,7.609050274E0,-3.910050154E0
3.793383471E0,4.531949997E0,7.294950485E0,-4.135050297E0
3.795826857E0,4.539000034E0,7.681050301E0,-3.939000130E0
3.798270242E0,4.632000446E0,7.362000465E0,-4.107000351E0
3.800713627E0,4.876049995E0,7.635000229E0,-3.937050104E0
3.803157011E0,4.675050259E0,7.645050526E0,-4.024950027E0
3.805600401E0,4.608000278E0,7.647000313E0,-3.930000305E0
3.808043786E0,4.668000221E0,7.912950516E0,-3.685050249E0
3.810487170E0,4.693950176E0,7.579950333E0,-3.843000174E0
3.812930630E0,4.543950081E0,8.116950035E0,-3.622950077E0
3.815374016E0,4.575000286E0,7.603950500E0,-3.730950117E0
3.817817416E0,4.680000305E0,8.032950401E0,-3.505950212E0
3.820260801E0,4.603050232E0,7.602000237E0,-3.811950207E0
3.822704185E0,4.587000370E0,7.948950291E0,-3.691950083E0
3.825147570E0,4.359000206E0,7.663950443E0,-3.850050211E0
3.827590954E0,4.359000206E0,7.731000423E0,-3.616050243E0
3.830034357E0,4.321050167E0,7.675950527E0,-3.360000134E0
3.832477741E0,4.548000336E0,7.446000576E0,-3.499050140E0
3.834921125E0,4.330049992E0,7.663950443E0,-3.541950226E0
3.837364510E0,4.504950047E0,7.264050484E0,-3.865050077E0
3.839808125E0,4.290000439E0,7.651950359E0,-3.733050108E0
3.842251512E0,4.399950027E0,7.245000362E0,-3.907950163E0
3.844694897E0,4.315950394E0,7.627950191E0,-3.577950239E0
3.847138281E0,4.278000355E0,7.089000225E0,-3.654000282E0
3.849581666E0,4.335000038E0,7.408050537E0,-3.340950251E0
3.852025045E0,4.432950020E0,7.092000484E0,-3.522000074E0
3.854468505E0,4.471950054E0,7.183050156E0,-3.592050076E0
3.856911892E0,4.192049980E0,7.264050484E0,-3.649050236E0
3.859355276E0,4.357050419E0,7.200000286E0,-3.673050165E0
3.861798661E0,4.017000198E0,7.614000320E0,-3.364050150E0
3.864242045E0,4.041000366E0,7.188000202E0,-3.546000242E0
3.866685430E0,4.014000416E0,7.839000225E0,-3.124950171E0
3.869128815E0,4.024050236E0,7.270950317E0,-3.568050146E0
3.871572199E0,4.078950405E0,7.912950516E0,-3.453000069E0
3.874015583E0,4.002000332E0,7.480050564E0,-3.903000116E0
3.876459202E0,4.218000412E0,7.777050495E0,-3.865050077E0
3.878902358E0,3.684000254E0,7.575000286E0,-4.090050220E0
3.881345972E0,3.478050232E0,7.461000443E0,-3.748050213E0
3.883789358E0,3.508950233E0,7.258950233E0,-3.075000048E0
3.886232743E0,4.085999966E0,6.769050121E0,-3.087000132E0
3.888676141E0,3.976050138E0,6.961950302E0,-3.388050079E0
3.891119526E0,4.237050056E0,6.991050243E0,-3.903000116E0
3.893562911E0,4.519950390E0,6.856950283E0,-4.801050186E0
3.896006295E0,3.835050106E0,7.446000576E0,-4.687950134E0
3.898449755E0,3.801000118E0,7.282950401E0,-4.438950062E0
3.900893122E0,3.540000200E0,7.522950172E0,-3.664050102E0
3.903336507E0,3.792000294E0,7.291050434E0,-3.586950064E0
3.905779892E0,3.306000233E0,7.057950497E0,-3.682950258E0
3.908223276E0,4.110000134E0,6.804000378E0,-3.769050121E0
3.910666661E0,4.098000050E0,6.795000553E0,-3.721050262E0
3.913110065E0,4.093050003E0,7.117950439E0,-3.420000076E0
3.915553449E0,4.009950161E0,7.338000298E0,-3.324000120E0
3.917996833E0,3.624000072E0,7.972950459E0,-2.871000051E0
3.920440217E0,3.600000143E0,7.987050533E0,-3.367050171E0
3.922883601E0,3.619050264E0,8.377950668E0,-3.652050257E0
3.925326991E0,3.712950230E0,8.076000214E0,-4.576050282E0
3.927770606E0,3.543000221E0,8.394000053E0,-4.321950436E0
3.930213993E0,4.174950123E0,7.747950554E0,-4.393949986E0
3.932657377E0,3.552000284E0,8.128950119E0,-3.855000257E0
3.935100762E0,4.405050278E0,7.510950565E0,-4.195050240E0
3.937544133E0,3.873000145E0,7.860000610E0,-4.138050079E0
3.939987517E0,4.183950424E0,7.453050137E0,-4.684050083E0
3.942430977E0,3.694050074E0,7.948950291E0,-4.602000237E0
3.944874363E0,3.943050146E0,7.432050228E0,-4.565999985E0
3.947317748E0,3.568950176E0,7.912950516E0,-4.048950195E0
3.949761137E0,3.958950281E0,7.336050510E0,-4.059000015E0
3.952204521E0,3.876000166E0,7.690050602E0,-3.807000160E0
3.954647906E0,4.146000385E0,7.245000362E0,-4.114050388E0
3.957091290E0,3.655050278E0,7.707000256E0,-4.272000313E0
3.959534904E0,4.294950008E0,7.111050129E0,-4.666950226E0
3.961978060E0,3.649950266E0,7.579950333E0,-4.147050381E0
3.964421673E0,3.946950197E0,7.123050213E0,-4.078050137E0
3.966864829E0,3.471000195E0,7.384050369E0,-3.442950249E0
3.969308442E0,3.943050146E0,6.814050198E0,-3.646950245E0
3.971751844E0,3.733950138E0,7.165950298E0,-3.252000093E0
3.974195229E0,3.841950178E0,6.723000526E0,-3.733050108E0
3.976638613E0,3.769950151E0,7.069950104E0,-3.775950193E0
3.979081998E0,3.877950191E0,6.721050262E0,-4.006050110E0
3.981525382E0,3.516000271E0,7.330950260E0,-3.783000231E0
3.983968762E0,3.799050093E0,6.867000103E0,-3.939000130E0
3.986412222E0,3.586050272E0,7.432050228E0,-3.730950117E0
3.988855608E0,3.343950272E0,7.129950523E0,-4.056000233E0
3.991298993E0,3.400950193E0,7.422000408E0,-4.096950054E0
3.993742377E0,3.330000162E0,7.362000465E0,-4.204950333E0
3.996185746E0,3.775050163E0,7.305000305E0,-4.092000008E0
3.998629131E0,3.330000162E0,7.717050552E0,-3.934050083E0
4.001072515E0,3.793950081E0,7.386000156E0,-4.144950390E0
4.003515899E0,3.472950220E0,7.614000320E0,-4.143000126E0
4.005959283E0,3.780000210E0,7.558950424E0,-4.614000320E0
4.008402898E0,3.751050234E0,7.960950375E0,-4.425000191E0
4.010846054E0,3.604950190E0,7.590000153E0,-4.486950397E0
4.013289667E0,3.967050076E0,7.992000580E0,-4.072950363E0
4.015733054E0,3.928050280E0,7.555950165E0,-4.075950146E0
4.018176438E0,4.066950321E0,7.984950542E0,-4.087950230E0
4.020619804E0,4.138950348E0,7.930050373E0,-4.248000145E0
4.023063189E0,3.876000166E0,8.167050362E0,-4.156949997E0
4.025506573E0,3.844050169E0,8.253000259E0,-4.297950268E0
4.027949958E0,3.837000132E0,8.248050690E0,-3.931950092E0
4.030393343E0,3.628950119E0,8.683950424E0,-3.805050135E0
4.032836816E0,3.763050079E0,8.353950500E0,-3.810000181E0
4.035280203E0,3.729000092E0,8.800950050E0,-3.493950129E0
4.037723587E0,3.571050167E0,8.346000671E0,-3.826950073E0
4.040166972E0,3.720000267E0,8.718000412E0,-3.499050140E0
4.042610357E0,3.445050240E0,8.479949951E0,-3.975000143E0
4.045053741E0,3.708000183E0,8.703000069E0,-3.585000277E0
4.047497355E0,3.322050095E0,8.554950714E0,-3.493950129E0
4.049940741E0,3.624000072E0,8.296050072E0,-3.430950165E0
4.052384126E0,3.544950247E0,8.571000099E0,-3.297000170E0
4.054827510E0,3.448950052E0,8.221950531E0,-3.694950104E0
4.057270900E0,3.829950094E0,8.593050003E0,-3.403050184E0
4.059714285E0,3.712950230E0,7.944000244E0,-3.807000160E0
4.062157669E0,3.684000254E0,8.478000641E0,-3.606000185E0
4.064601054E0,3.724950075E0,8.035050392E0,-3.730950117E0
4.067044439E0,3.745950222E0,8.289000511E0,-3.714000225E0
4.069487833E0,4.018949986E0,8.140049934E0,-3.817050219E0
4.071931217E0,3.720000267E0,8.097000122E0,-3.799950123E0
4.074374677E0,3.916050196E0,8.215050697E0,-3.714000225E0
4.076818064E0,4.120050430E0,7.843950272E0,-3.823950291E0
4.079261449E0,3.955050230E0,8.482950211E0,-3.721050262E0
4.081704818E0,4.651050091E0,8.071050644E0,-3.814950228E0
4.084148203E0,4.563000202E0,8.662050247E0,-4.084949970E0
4.086591587E0,4.159950256E0,8.457000732E0,-4.906050205E0
4.089034972E0,3.768000126E0,8.503950119E0,-4.794000149E0
4.091478585E0,3.511950254E0,8.200050354E0,-4.132950306E0
4.093921972E0,3.934950113E0,8.131050110E0,-2.947950125E0
4.096365357E0,4.429050446E0,7.980000496E0,-2.668050051E0
4.098808741E0,4.420950413E0,8.208000183E0,-3.043950081E0
4.101252126E0,4.134000301E0,8.197950363E0,-4.389000416E0
4.103695492E0,3.258000135E0,8.967000008E0,-4.834950447E0
4.106138876E0,3.532950163E0,8.848950386E0,-4.578000069E0
4.108582261E0,2.944050074E0,9.535950661E0,-3.297000170E0
4.111025645E0,3.049950123E0,9.085950851E0,-2.749050140E0
4.113469029E0,2.853000164E0,9.181950569E0,-2.383050203E0
4.115912417E0,3.406050205E0,8.706000328E0,-3.472050190E0
4.118355801E0,3.673950195E0,8.883000374E0,-4.327050209E0
4.120799263E0,3.864000082E0,8.919000626E0,-4.897050381E0
4.123242649E0,2.980050087E0,9.381000519E0,-4.143000126E0
4.125686034E0,3.576000214E0,9.421050072E0,-3.337950230E0
4.128129419E0,3.406050205E0,9.714000702E0,-3.175050259E0
4.130572803E0,3.715050220E0,9.151050568E0,-3.862050295E0
4.133016188E0,3.514050245E0,9.121950150E0,-4.381950378E0
4.135459801E0,4.450050354E0,8.610000610E0,-4.930050373E0
4.137903188E0,4.219950199E0,8.433000565E0,-4.830000401E0
4.140346569E0,4.632000446E0,8.204999924E0,-4.582950115E0
4.142789953E0,4.153050423E0,8.278950691E0,-4.240950108E0
4.145233338E0,4.218000412E0,8.365950584E0,-4.243050098E0
4.147676722E0,3.873000145E0,8.215050697E0,-4.324950218E0
4.150120107E0,3.763050079E0,8.188050270E0,-4.473000050E0
4.152563477E0,3.339000225E0,8.137949944E0,-4.357950211E0
4.155006861E0,3.595050097E0,7.606950283E0,-4.380000114E0
4.157450245E0,3.673950195E0,7.501050472E0,-4.012950420E0
4.159893629E0,3.933000088E0,7.093950272E0,-4.078050137E0
4.162337013E0,3.648000240E0,7.393050194E0,-3.819000244E0
4.164780475E0,3.583050251E0,7.089000225E0,-3.907950163E0
4.167223861E0,3.612000227E0,7.386000156E0,-3.585000277E0
4.169667246E0,3.780000210E0,7.080000401E0,-3.727950096E0
4.172110631E0,3.457050085E0,7.350000381E0,-3.598950148E0
4.174554015E0,3.679050207E0,6.964950562E0,-3.874050140E0
4.176997634E0,3.931050301E0,7.342950344E0,-3.550950050E0
4.179441020E0,3.781950235E0,6.994050503E0,-3.658950090E0
4.181884405E0,3.919050217E0,7.116000175E0,-3.525000095E0
4.184327789E0,3.777000189E0,7.189950466E0,-3.664050102E0
4.186771174E0,4.077000141E0,7.231050491E0,-3.745050192E0
4.189214570E0,3.484950066E0,7.507950306E0,-3.714000225E0
4.191657954E0,4.048050404E0,7.281000137E0,-3.937050104E0
4.194101339E0,3.619050264E0,7.870050430E0,-3.733050108E0
4.196544724E0,3.792000294E0,7.438950539E0,-3.970050097E0
4.198988183E0,3.829950094E0,7.935000420E0,-3.616050243E0
4.201431493E0,4.074000359E0,7.449000359E0,-3.907950163E0
4.203874952E0,4.183950424E0,7.863000393E0,-3.682950258E0
4.206318339E0,4.156050205E0,7.597050190E0,-3.964950085E0
4.208761724E0,4.311000347E0,7.900950432E0,-3.733050108E0
4.211205112E0,4.282950401E0,7.678050518E0,-4.039950371E0
4.213648497E0,4.066950321E0,8.011050224E0,-3.976950169E0
4.216091881E0,3.946950197E0,8.140049934E0,-3.855000257E0
4.218535265E0,4.218000412E0,7.662000179E0,-3.790950298E0
4.220978879E0,4.146000385E0,8.197950363E0,-3.420000076E0
4.223422252E0,4.309050083E0,7.537050247E0,-3.712050200E0
4.225865637E0,4.134000301E0,8.061000824E0,-3.553950071E0
4.228309021E0,4.249050140E0,7.591950417E0,-3.841050148E0
4.230752406E0,3.985950232E0,7.984950542E0,-3.538950205E0
4.233195791E0,4.041000366E0,7.705050468E0,-3.496050119E0
4.235639161E0,4.146000385E0,7.578000546E0,-3.325950146E0
4.238082546E0,3.817950249E0,7.840950489E0,-3.154050112E0
4.240525930E0,4.279950142E0,7.267050266E0,-3.457950115E0
4.242969390E0,3.828000069E0,7.792950153E0,-3.340950251E0
4.245412777E0,4.249050140E0,7.200000286E0,-3.592050076E0
4.247856161E0,3.820050240E0,7.855950356E0,-3.300000191E0
4.250299546E0,3.753000259E0,7.420050144E0,-3.553950071E0
4.252742930E0,3.817950249E0,7.923000336E0,-3.372000217E0
4.255186315E0,3.640950203E0,7.603950500E0,-3.766950130E0
4.257629700E0,3.772950172E0,7.695000172E0,-3.669000149E0
4.260073088E0,3.721950293E0,7.756950378E0,-3.574950218E0
4.262516472E0,3.952050209E0,7.458000183E0,-3.652050257E0
4.264960086E0,3.744000196E0,7.858050346E0,-3.508050203E0
4.267403473E0,3.988050222E0,7.245000362E0,-3.970050097E0
4.269846858E0,3.852000237E0,7.864950180E0,-3.762000084E0
4.272290247E0,3.883050203E0,7.333950520E0,-4.044000149E0
4.274733632E0,4.246950150E0,7.675950527E0,-3.903000116E0
4.277177016E0,4.374000072E0,7.657050133E0,-3.987000227E0
4.279620401E0,4.759050369E0,7.755000591E0,-4.308000088E0
4.282063861E0,4.213050365E0,7.923000336E0,-4.771950245E0
4.284507170E0,3.864000082E0,7.729050159E0,-4.909050465E0
4.286950630E0,3.250950098E0,7.639950275E0,-3.958050251E0
4.289393940E0,4.101000309E0,7.353000164E0,-2.871000051E0
4.291837399E0,4.512000084E0,7.414950371E0,-2.545950174E0
4.294280786E0,4.656000137E0,7.594950199E0,-3.367050171E0
4.296724170E0,3.921000242E0,7.777050495E0,-4.735949993E0
4.299167555E0,3.672000170E0,8.200050354E0,-4.890000343E0
4.301610940E0,3.592950106E0,8.277000427E0,-4.369950294E0
4.304054324E0,2.962950230E0,8.677050591E0,-2.950050116E0
4.306497709E0,2.767050028E0,8.272050858E0,-2.329950094E0
4.308941083E0,3.001950026E0,8.157000542E0,-2.388000011E0
4.311384697E0,3.781950235E0,7.530000210E0,-3.466950178E0
4.313828083E0,3.751050234E0,7.975050449E0,-4.024950027E0
4.316271468E0,3.883050203E0,8.026050568E0,-4.258049965E0
4.318714853E0,3.355950117E0,8.847000122E0,-3.570000172E0
4.321158252E0,3.447000265E0,8.830050468E0,-3.343050241E0
4.323601637E0,3.433050156E0,9.124950409E0,-3.241950035E0
4.326045096E0,4.026000023E0,8.265000343E0,-4.132950306E0
4.328488483E0,3.696000099E0,8.392050743E0,-4.063950062E0
4.330931868E0,4.635000229E0,7.542000294E0,-4.138050079E0
4.333375256E0,4.611000061E0,7.827000141E0,-3.568050146E0
4.335818641E0,4.540950298E0,7.357950211E0,-3.943950176E0
4.338262026E0,3.892050266E0,7.948950291E0,-3.973050117E0
4.340705410E0,4.170000076E0,7.756950378E0,-4.660050392E0
4.343148794E0,3.696000099E0,8.217000008E0,-4.477950096E0
4.345592178E0,3.868050098E0,7.695000172E0,-4.438950062E0
4.348035562E0,3.712950230E0,7.741050243E0,-4.092000008E0
4.350478947E0,3.928050280E0,7.231050491E0,-4.044000149E0
4.352922562E0,3.880050182E0,7.312050343E0,-4.174050331E0
4.355365949E0,3.526050091E0,7.008000374E0,-4.449000359E0
4.357809324E0,3.052050114E0,7.207050323E0,-3.931950092E0
4.360252709E0,3.162000179E0,6.847950459E0,-3.673050165E0
4.362696094E0,3.331950188E0,7.165950298E0,-3.007950068E0
4.365139478E0,3.330000162E0,6.855000496E0,-3.517950058E0
4.367582863E0,3.448950052E0,7.288050175E0,-3.556050062E0
4.370026317E0,3.825000286E0,7.129950523E0,-4.032000065E0
4.372469627E0,3.793950081E0,7.341000557E0,-4.051949978E0
4.374913087E0,3.820050240E0,7.389000416E0,-3.994050264E0
4.377356396E0,4.426050186E0,7.372050285E0,-3.907950163E0
4.379799856E0,3.888000250E0,7.642050266E0,-3.994050264E0
4.382243231E0,4.255949974E0,7.630050182E0,-4.126049995E0
4.384686616E0,4.060050011E0,7.779000282E0,-4.240950108E0
4.387130001E0,4.021950245E0,7.654050350E0,-4.267050266E0
4.389573385E0,3.861000299E0,8.028000832E0,-3.664050102E0
4.392016723E0,3.883050203E0,7.759950161E0,-3.645000219E0
4.394460108E0,3.799050093E0,8.334000587E0,-3.436050177E0
4.396903492E0,3.706050158E0,8.020950317E0,-3.915000200E0
4.399347106E0,3.531000137E0,8.398950577E0,-3.847950220E0
4.401790492E0,3.595050097E0,8.173950195E0,-4.297950268E0
4.404233887E0,3.436950207E0,8.548050880E0,-4.092000008E0
4.406677271E0,3.040050030E0,8.530950546E0,-4.128000259E0
4.409120656E0,3.214950085E0,8.346000671E0,-4.111050129E0
4.411564116E0,2.974950075E0,8.605050087E0,-4.048950195E0
4.414007502E0,3.076050043E0,8.026050568E0,-4.305000305E0
4.416450887E0,3.010950089E0,8.350950241E0,-4.032000065E0
4.418894271E0,3.442050219E0,7.834050179E0,-4.114050388E0
4.421337656E0,3.768000126E0,7.987050533E0,-4.156949997E0
4.423781041E0,4.431000233E0,7.831950188E0,-4.618950367E0
4.426224425E0,3.919050217E0,7.828950405E0,-5.182050228E0
4.428667809E0,3.709950209E0,7.675950527E0,-5.505000114E0
4.431111193E0,3.849000216E0,7.483950138E0,-5.164950371E0
4.433554577E0,3.315000057E0,7.401000500E0,-4.269000053E0
4.435997962E0,3.859050274E0,7.039050102E0,-3.223050117E0
4.438441347E0,3.970950127E0,7.159050465E0,-2.874000072E0
4.440884957E0,4.002000332E0,6.964950562E0,-3.736050129E0
4.443328343E0,4.050000191E0,7.800000191E0,-4.711950302E0
4.445771728E0,3.840000153E0,8.004000664E0,-5.593950272E0
4.448215113E0,3.295950174E0,8.968950272E0,-5.419050217E0
4.450658497E0,2.812050104E0,9.220050812E0,-4.618950367E0
4.453101863E0,2.547000170E0,9.247050285E0,-3.841050148E0
4.455545248E0,2.614050150E0,9.028950691E0,-3.738000154E0
4.457988707E0,3.210000038E0,8.482950211E0,-4.288949966E0
4.460432094E0,3.259950161E0,8.289000511E0,-4.549950123E0
4.462875478E0,3.555000067E0,7.750050545E0,-4.341000080E0
4.465318872E0,3.873000145E0,8.269950867E0,-3.481950283E0
4.467762257E0,3.636000156E0,8.128950119E0,-3.369000196E0
4.470205641E0,3.877950191E0,8.536050797E0,-3.549000263E0
4.472649026E0,4.026000023E0,8.218950272E0,-4.159049988E0
4.475092410E0,4.117050171E0,8.124000549E0,-4.279050350E0
4.477535809E0,4.219950199E0,8.061000824E0,-4.687950134E0
4.479979423E0,4.146000385E0,7.899000168E0,-4.885050297E0
4.482422579E0,3.679050207E0,8.035050392E0,-4.969050407E0
4.484866193E0,3.361050129E0,7.683000565E0,-4.750950336E0
4.487309579E0,3.117000103E0,7.867950439E0,-4.369950294E0
4.489752978E0,2.760000229E0,7.645050526E0,-3.918000221E0
4.492196363E0,2.829000235E0,7.647000313E0,-3.477000237E0
4.494639747E0,2.680950165E0,7.623000145E0,-3.790950298E0
4.497083207E0,2.604000092E0,7.888950348E0,-4.782000065E0
4.499526593E0,2.692950010E0,8.061000824E0,-5.281950474E0
4.501969978E0,3.042000055E0,7.647000313E0,-5.335050106E0
4.504413363E0,3.166950226E0,7.915050507E0,-4.918050289E0
4.506856747E0,3.198000193E0,7.567950249E0,-4.518000126E0
4.509300132E0,3.636000156E0,7.681050301E0,-4.147050381E0
4.511743502E0,3.612000227E0,7.432050228E0,-4.300950050E0
4.514186886E0,3.708000183E0,7.480050564E0,-4.447050095E0
4.516630270E0,3.540000200E0,7.729050159E0,-4.308000088E0
4.519073654E0,4.000050068E0,7.348050117E0,-4.249950409E0
4.521517039E0,3.616950274E0,8.044950485E0,-4.068000317E0
4.523960428E0,3.715050220E0,7.618950367E0,-4.305000305E0
4.526404043E0,3.772950172E0,7.969950199E0,-4.128000259E0
4.528847430E0,3.435000181E0,7.822050571E0,-3.982050180E0
4.531290814E0,3.562050104E0,7.870050430E0,-4.006050110E0
4.533734199E0,2.961000204E0,8.109000206E0,-4.015950203E0
4.536177583E0,3.025950193E0,8.088000298E0,-4.336950302E0
4.538620968E0,2.524950027E0,8.358000755E0,-4.471050262E0
4.541064428E0,2.523000002E0,8.131050110E0,-4.565999985E0
4.543507814E0,2.797950029E0,8.452050209E0,-4.630950451E0
4.545951199E0,2.923050165E0,8.478000641E0,-4.951950073E0
4.548394583E0,2.947050095E0,8.310000420E0,-5.605950356E0
4.550837968E0,2.455950022E0,8.290950775E0,-5.794950485E0
4.553281353E0,2.428950071E0,7.843950272E0,-5.301000118E0
4.555724737E0,1.869000077E0,7.846050262E0,-4.231050014E0
4.558168351E0,1.978950143E0,7.513050556E0,-3.982050180E0
4.560611507E0,2.554050207E0,7.614000320E0,-3.783000231E0
4.563055120E0,2.872050047E0,7.267050266E0,-4.072950363E0
4.565498276E0,3.355950117E0,7.558950424E0,-4.405950069E0
4.567941889E0,3.169050217E0,7.978050232E0,-5.230050087E0
4.570385276E0,3.102000237E0,8.682000160E0,-5.673000336E0
4.572828655E0,2.619000196E0,8.992950439E0,-5.704050064E0
4.575272040E0,2.092050076E0,9.016950607E0,-5.071950436E0
4.577715425E0,2.326050043E0,9.160050392E0,-4.537950039E0
4.580158809E0,1.909950137E0,8.410950661E0,-4.638000011E0
4.582602269E0,2.379000187E0,8.193000793E0,-4.698000431E0
4.585045693E0,3.961950302E0,8.181000710E0,-2.730000019E0
4.587489078E0,3.139950037E0,6.706050396E0,-4.819950104E0
4.589932463E0,3.057000160E0,8.694000244E0,-3.999000072E0
4.592375847E0,3.181050062E0,7.906050205E0,-6.586950302E0
4.594819232E0,2.887050152E0,8.919000626E0,-4.171050072E0
4.597262603E0,3.804000139E0,7.009950161E0,-6.046050072E0
4.599705987E0,3.844050169E0,8.641050339E0,-3.070050240E0
4.602149371E0,2.616000175E0,7.123050213E0,-6.136950493E0
4.604592755E0,2.812050104E0,7.585050583E0,-4.735949993E0
4.607036139E0,3.421050072E0,7.209000111E0,-5.509950161E0
4.609479753E0,3.129000187E0,7.743000507E0,-4.063950062E0
4.611923140E0,2.353049994E0,7.426950455E0,-2.518950224E0
4.614366525E0,2.190000057E0,8.193000793E0,-5.107050419E0
4.616809909E0,2.467950106E0,8.365950584E0,-6.469950199E0
4.619253294E0,2.158950090E0,8.440050125E0,-7.564050198E0
4.621696694E0,2.085000038E0,8.458950043E0,-6.451050282E0
4.624140078E0,2.353049994E0,7.827000141E0,-4.389000416E0
4.626583538E0,4.180050373E0,6.886050224E0,-2.956950188E0
4.629026924E0,3.427950144E0,7.108950138E0,-3.256950140E0
4.631470314E0,3.591000080E0,6.724950314E0,-3.325950146E0
4.633913699E0,4.551000118E0,6.706050396E0,-4.353000164E0
4.636357083E0,4.084050179E0,6.709050179E0,-3.802950144E0
4.638800468E0,3.957000256E0,7.326000214E0,-2.446950197E0
4.641244081E0,4.219950199E0,7.270950317E0,-1.650000095E0
4.643687241E0,4.900050163E0,6.952950478E0,-2.209950209E0
4.646130854E0,4.752000332E0,7.930050373E0,-3.898050070E0
4.648574241E0,3.640950203E0,8.097000122E0,-5.337000370E0
4.651017626E0,3.961950302E0,7.522950172E0,-5.035950184E0
4.653461010E0,3.258000135E0,8.131050110E0,-4.011000156E0
4.655904381E0,4.717950344E0,7.753050327E0,-2.761050224E0
4.658347766E0,4.186950207E0,8.386950493E0,-3.814950228E0
4.660791150E0,2.721000195E0,8.155050278E0,-6.004950523E0
4.663234535E0,1.998000145E0,7.864950180E0,-6.388050079E0
4.665677919E0,2.451000214E0,7.599000454E0,-4.984950066E0
4.668121365E0,2.970000029E0,7.108950138E0,-2.524050236E0
4.670564752E0,3.388950109E0,6.787950516E0,-9.319500327E-1
4.673008136E0,4.026000023E0,6.591000080E0,-2.281949997E0
4.675451521E0,4.192049980E0,7.048950195E0,-4.590000153E0
4.677894905E0,4.390050411E0,7.314000130E0,-6.714000225E0
4.680338270E0,2.796000242E0,7.812000275E0,-6.352950096E0
4.682781655E0,2.632950068E0,8.200050354E0,-3.919950247E0
4.685225039E0,2.619000196E0,9.189000130E0,-2.476050138E0
4.687668653E0,2.343000174E0,8.641050339E0,-2.799000025E0
4.690112039E0,3.507000208E0,7.990050316E0,-3.028950214E0
4.692555424E0,6.945000172E0,7.450950146E0,-4.827000141E0
4.694998809E0,1.500000119E0,6.199050426E0,-6.276000500E0
4.697442193E0,2.580000162E0,7.807950497E0,-1.165950060E0
4.699885578E0,2.580000162E0,7.128000259E0,-1.810950041E0
4.702328962E0,5.302950382E0,8.131050110E0,-3.910500109E-1
4.704772352E0,4.125000000E0,6.862050533E0,-2.763000250E0
4.707215737E0,7.321050167E0,7.671000481E0,-5.578950405E0
4.709659196E0,2.467950106E0,7.348050117E0,-7.234050274E0
4.712102583E0,2.530050039E0,9.433050156E0,-4.681050301E0
4.714545967E0,3.028050184E0,8.755949974E0,-3.472050190E0
4.716989357E0,2.341050148E0,9.850050926E0,-1.975950122E0
4.719432742E0,2.263950109E0,9.076950073E0,-4.810950279E0
4.721876126E0,2.226000071E0,9.499950409E0,-5.740050316E0
4.724319740E0,3.334050179E0,8.065950394E0,-7.630950451E0
4.726762896E0,2.422049999E0,8.808000565E0,-7.083000183E0
4.729206278E0,1.608000040E0,8.418000221E0,-5.287050247E0
4.731649894E0,2.017950058E0,8.005949974E0,-2.584050179E0
4.734093280E0,2.640000105E0,7.231050491E0,-3.115050077E0
4.736536665E0,2.985000134E0,7.132050514E0,-2.790000200E0
4.738980049E0,3.550050259E0,6.567000389E0,-3.850050211E0
4.741423434E0,4.303950310E0,7.099050522E0,-3.408000231E0
4.743866819E0,4.311000347E0,7.360050201E0,-2.799000025E0
4.746310203E0,3.793950081E0,7.915050507E0,-2.491050005E0
4.748753588E0,3.751050234E0,8.136000633E0,-2.287050009E0
4.751197047E0,4.041000366E0,8.076000214E0,-2.955000162E0
4.753640434E0,4.777950287E0,8.782050133E0,-4.200000286E0
4.756083819E0,4.596000195E0,8.788949966E0,-5.044950008E0
4.758527203E0,3.643050194E0,9.079050064E0,-4.594950199E0
4.760970588E0,3.490050077E0,8.710050583E0,-3.870000124E0
4.763413973E0,3.442050219E0,8.490000725E0,-3.625050068E0
4.765857357E0,2.362050056E0,8.919000626E0,-3.393000126E0
4.768300971E0,3.160050154E0,8.394000053E0,-4.118999958E0
4.770744357E0,3.535950184E0,8.358000755E0,-4.969050407E0
4.773187742E0,3.346050262E0,7.947000504E0,-4.798950195E0
4.775631126E0,3.708000183E0,7.918050289E0,-4.417950153E0
4.778074506E0,3.817950249E0,8.041950226E0,-4.654950142E0
4.780517891E0,3.703050137E0,8.643000603E0,-4.813050270E0
4.782961275E0,2.982000113E0,8.667000771E0,-5.320950031E0
4.785404660E0,2.755050182E0,8.464050293E0,-5.116950035E0
4.787848045E0,2.463000059E0,8.029950142E0,-4.195050240E0
4.790291429E0,3.531000137E0,6.934050560E0,-3.151050091E0
4.792734889E0,4.222949982E0,6.682050228E0,-2.184000015E0
4.795178275E0,5.070000172E0,6.421050072E0,-2.481000185E0
4.797621660E0,4.869000435E0,6.979050159E0,-2.956950188E0
4.800065045E0,4.656000137E0,7.173000336E0,-3.718950272E0
4.802508429E0,4.354050159E0,8.053950310E0,-3.490950108E0
4.804951814E0,4.279950142E0,7.570950508E0,-3.412050247E0
4.807395198E0,4.303950310E0,8.053950310E0,-2.929050207E0
4.809838582E0,4.546050072E0,7.444050312E0,-3.384000063E0
4.812282182E0,4.675050259E0,7.468050480E0,-3.376050234E0
4.814725569E0,4.156050205E0,7.015050411E0,-4.891950130E0
4.817168954E0,4.096050262E0,7.980000496E0,-4.960950375E0
4.819612338E0,4.297049999E0,7.666050434E0,-5.586000443E0
4.822055723E0,3.562050104E0,8.077950478E0,-5.392050266E0
4.824499107E0,2.674050093E0,8.092950821E0,-5.329950333E0
4.826942491E0,2.152050018E0,8.176050186E0,-4.738950253E0
4.829385876E0,2.379000187E0,7.456050396E0,-4.674000263E0
4.831829260E0,3.094950199E0,7.456050396E0,-4.168950081E0
4.834272720E0,3.375000238E0,7.161000252E0,-4.063950062E0
4.836716103E0,2.938950062E0,7.105950356E0,-2.911950111E0
4.839159487E0,4.057950020E0,6.867000103E0,-2.680050135E0
4.841602872E0,3.748950243E0,7.366950512E0,-2.574000120E0
4.844046256E0,4.242000103E0,7.084950447E0,-3.505950212E0
4.846489641E0,4.060050011E0,7.657050133E0,-3.802950144E0
4.848933254E0,4.227000237E0,7.506000519E0,-4.315050125E0
4.851376641E0,4.194000244E0,7.558950424E0,-3.513000250E0
4.853820026E0,5.226000309E0,7.362000465E0,-3.240000248E0
4.856263410E0,4.531949997E0,7.762050152E0,-3.478950262E0
4.858706795E0,3.949950218E0,7.591950417E0,-4.513950348E0
4.861150180E0,3.082950115E0,7.396050453E0,-5.206050396E0
4.863593564E0,3.090000153E0,7.647000313E0,-4.633050442E0
4.866036949E0,3.303000212E0,7.273950577E0,-4.179000378E0
4.868480333E0,2.962950230E0,8.197950363E0,-3.214050055E0
4.870923717E0,3.082950115E0,8.112000465E0,-3.490950108E0
4.873367105E0,2.644950151E0,8.743950844E0,-4.096950054E0
4.875810566E0,3.126000166E0,8.839950562E0,-5.083950043E0
4.878253953E0,2.772000074E0,9.220050812E0,-5.476050377E0
4.880697337E0,2.476950169E0,9.333000183E0,-5.790000439E0
4.883140722E0,1.599000096E0,9.211050034E0,-5.260950089E0
4.885584107E0,2.046000004E0,8.586000443E0,-4.015950203E0
4.888027491E0,3.301050186E0,7.504050255E0,-3.220950127E0
4.890471105E0,3.399000168E0,7.378950119E0,-2.742000103E0
4.892914491E0,4.122000217E0,7.057950497E0,-3.288000107E0
4.895357876E0,4.527000427E0,7.084950447E0,-4.225950241E0
4.897801271E0,4.141050339E0,7.128000259E0,-4.831950188E0
4.900244655E0,4.018949986E0,7.434000492E0,-4.192950249E0
4.902688040E0,4.085999966E0,7.245000362E0,-3.408000231E0
4.905131424E0,4.483950138E0,7.273950577E0,-2.857050180E0
4.907574809E0,4.498050213E0,7.117950439E0,-3.499050140E0
4.910018180E0,4.420950413E0,7.270950317E0,-4.525950432E0
4.912461564E0,4.333050251E0,7.683000565E0,-5.773050308E0
4.914905024E0,3.283950090E0,8.614950180E0,-5.637000084E0
4.917348410E0,3.435000181E0,8.782050133E0,-5.730000496E0
4.919791795E0,2.382000208E0,9.306000710E0,-5.323050022E0
4.922235184E0,1.777950048E0,9.084000587E0,-5.203050137E0
4.924678568E0,1.768950105E0,8.410950661E0,-5.028000355E0
4.927121953E0,2.164050102E0,7.762050152E0,-4.207050323E0
4.929565338E0,2.961000204E0,6.960000515E0,-4.012950420E0
4.932008966E0,2.749950171E0,7.171050549E0,-3.477000237E0
4.934452353E0,2.899050236E0,7.357950211E0,-2.911950111E0
4.936895737E0,3.400950193E0,7.300050259E0,-2.826000214E0
4.939339122E0,3.283950090E0,7.750050545E0,-2.827950239E0
4.941782506E0,3.672000170E0,7.810050488E0,-3.235050201E0
4.944225891E0,4.657950401E0,7.768950462E0,-3.874050140E0
4.946669276E0,4.927050114E0,7.642050266E0,-4.750950336E0
4.949112660E0,4.468950272E0,7.389000416E0,-4.942050457E0
4.951556044E0,3.631050110E0,7.420050144E0,-4.420050144E0
4.953999428E0,3.070950031E0,7.518000126E0,-3.180000067E0
4.956442812E0,3.780000210E0,7.398000240E0,-2.395050049E0
4.958886274E0,3.615000248E0,7.803000450E0,-2.955000162E0
4.961329660E0,3.196050167E0,8.080950737E0,-4.096950054E0
4.963773045E0,3.700950146E0,8.236050606E0,-4.779000282E0
4.966216430E0,3.448950052E0,8.461050034E0,-5.479050159E0
4.968659828E0,2.713950157E0,8.884950638E0,-5.500050068E0
4.971103213E0,2.604000092E0,9.139050484E0,-5.086050034E0
4.973546826E0,1.965000153E0,9.084000587E0,-4.423050404E0
4.975989982E0,2.182950020E0,8.445000648E0,-3.763950109E0
4.978433595E0,2.664000034E0,7.936950207E0,-3.700050116E0
4.980876982E0,3.289050102E0,7.360050201E0,-3.727950096E0
4.983320367E0,3.919050217E0,7.270950317E0,-3.739950180E0
4.985763751E0,4.041000366E0,7.326000214E0,-3.994050264E0
4.988207136E0,3.531000137E0,7.651950359E0,-3.930000305E0
4.990650521E0,3.696000099E0,7.638000488E0,-3.549000263E0
4.993093905E0,3.976050138E0,7.609050274E0,-3.280950069E0
4.995537290E0,3.876000166E0,7.462950230E0,-3.124950171E0
4.997980749E0,4.017000198E0,7.279050350E0,-3.103050232E0
5.000424136E0,4.467000008E0,7.048950195E0,-3.460050106E0
5.002867521E0,4.876049995E0,6.991050243E0,-4.059000015E0
5.005310924E0,4.302000046E0,7.602000237E0,-4.858050346E0
5.007754309E0,3.712950230E0,8.208000183E0,-5.493000031E0
5.010197693E0,3.295950174E0,8.739000320E0,-5.883000374E0
5.012641307E0,2.608950138E0,9.036000252E0,-5.806950092E0
5.015084693E0,2.092050076E0,8.855999947E0,-5.299050331E0
5.017528073E0,2.061000109E0,8.373000145E0,-4.791000366E0
5.019971458E0,2.346000195E0,8.026050568E0,-4.453950405E0
5.022414842E0,2.580000162E0,7.386000156E0,-4.489950180E0
5.024858227E0,2.880000114E0,7.341000557E0,-4.116000175E0
5.027301612E0,2.962950230E0,7.480050564E0,-3.865050077E0
5.029744996E0,2.712000132E0,7.771950245E0,-3.646950245E0
5.032188380E0,3.054000139E0,7.894050598E0,-3.469950199E0
5.034631764E0,3.330000162E0,8.044950485E0,-3.517950058E0
5.037075148E0,3.748950243E0,8.181000710E0,-3.766950130E0
5.039518610E0,4.690050125E0,7.786050320E0,-4.597949982E0
5.041962001E0,4.603050232E0,7.831950188E0,-5.136000156E0
5.044405386E0,3.909000158E0,7.602000237E0,-5.389950275E0
5.046848770E0,3.385050058E0,7.735950470E0,-4.846950054E0
5.049292155E0,3.391950130E0,7.654050350E0,-4.231050014E0
5.051735549E0,3.208050251E0,7.831950188E0,-3.700050116E0
5.054178933E0,2.985000134E0,8.266950607E0,-3.835950136E0
5.056622547E0,2.785950184E0,8.526000023E0,-4.309950352E0
5.059065933E0,2.551050186E0,8.598000526E0,-5.320950031E0
5.061509318E0,2.599050045E0,8.863950729E0,-5.716050148E0
5.063952703E0,2.274000168E0,9.297000885E0,-5.701050282E0
5.066396087E0,1.768950105E0,9.357000351E0,-4.951950073E0
5.068839472E0,1.158000112E0,9.139050484E0,-3.811950207E0
5.071282856E0,1.326000094E0,8.848950386E0,-2.983950138E0
5.073726241E0,2.226000071E0,8.454000473E0,-3.139050245E0
5.076169626E0,2.779050112E0,8.109000206E0,-4.167000294E0
5.078613010E0,2.554050207E0,7.848000526E0,-4.540050030E0
5.081056470E0,2.604000092E0,7.894050598E0,-3.910050154E0
5.083499856E0,2.863050222E0,7.549050331E0,-3.022050142E0
5.085943241E0,2.817000151E0,7.621050358E0,-2.152950048E0
5.088386612E0,3.379950047E0,7.177950382E0,-2.134050131E0
5.090829996E0,4.194000244E0,7.249950409E0,-2.620050192E0
5.093273381E0,4.777950287E0,7.231050491E0,-4.216950417E0
5.095716994E0,4.648950100E0,7.663950443E0,-5.364000320E0
5.098160381E0,4.021950245E0,8.334000587E0,-5.637000084E0
5.100603785E0,3.291000128E0,8.890050888E0,-5.668050289E0
5.103047169E0,3.037950039E0,9.306000710E0,-5.397000313E0
5.105490554E0,2.527950048E0,9.247050285E0,-5.389950275E0
5.107933938E0,1.912050128E0,9.000000000E0,-5.164950371E0
5.110377323E0,1.933950067E0,8.515950203E0,-4.897050381E0
5.112820703E0,1.708950043E0,8.260050774E0,-4.272000313E0
5.115264087E0,2.202000141E0,7.882050514E0,-3.532050133E0
5.117707471E0,2.074949980E0,8.509050369E0,-2.737050056E0
5.120150855E0,1.567050099E0,8.445000648E0,-2.329950094E0
5.122594316E0,1.338000059E0,8.655000687E0,-2.230050087E0
5.125037684E0,1.819050074E0,8.571000099E0,-2.907000065E0
5.127481068E0,3.117000103E0,8.731950760E0,-4.027950287E0
5.129924453E0,4.138950348E0,8.353950500E0,-4.837050438E0
5.132367838E0,3.864000082E0,7.896000385E0,-4.099050045E0
5.134811222E0,3.327000141E0,7.531950474E0,-2.956950188E0
5.137254855E0,4.060050011E0,7.306950569E0,-2.646000147E0
5.139698241E0,4.285050392E0,7.219050407E0,-3.781050205E0
5.142141626E0,4.137000084E0,7.318950176E0,-4.565999985E0
5.144585010E0,4.192049980E0,7.627950191E0,-5.074050426E0
5.147028400E0,3.507000208E0,8.155050278E0,-4.614000320E0
5.149471785E0,2.926950216E0,8.374950409E0,-3.883950233E0
5.151915169E0,2.689950228E0,8.782050133E0,-3.955950260E0
5.154358554E0,2.286000013E0,9.022050858E0,-4.690950394E0
5.156801939E0,1.515000105E0,8.667000771E0,-4.813050270E0
5.159245313E0,1.218000054E0,8.536050797E0,-4.222050190E0
5.161688773E0,2.149049997E0,8.583000183E0,-3.742950201E0
5.164132159E0,2.671050072E0,8.550000191E0,-4.032000065E0
5.166575544E0,2.599050045E0,8.346000671E0,-4.660050392E0
5.169018929E0,2.322000027E0,8.161950111E0,-4.849050045E0
5.171462328E0,1.788000107E0,7.822050571E0,-4.381950378E0
5.173905713E0,2.676000118E0,7.105950356E0,-3.343050241E0
5.176349097E0,3.805950165E0,6.484050274E0,-2.488050222E0
5.178792711E0,4.321050167E0,6.325950146E0,-2.893050194E0
5.181236097E0,5.022000313E0,6.187050343E0,-4.435050011E0
5.183679486E0,5.518050194E0,6.376050472E0,-5.503050327E0
5.186122871E0,5.101050377E0,7.225950241E0,-5.814000130E0
5.188566255E0,4.270950317E0,8.169000626E0,-5.184000015E0
5.191009640E0,3.442050219E0,8.706000328E0,-4.902000427E0
5.193453025E0,2.785950184E0,8.820000648E0,-4.789050102E0
5.195896390E0,2.827050209E0,8.467950821E0,-5.116950035E0
5.198339774E0,2.913000107E0,7.968000412E0,-5.320950031E0
5.200783158E0,2.452950001E0,7.903050423E0,-4.618950367E0
5.203226619E0,2.146950006E0,7.969950199E0,-3.216000080E0
5.205670006E0,2.032050133E0,8.191050529E0,-1.993050098E0
5.208113390E0,1.690050125E0,8.611950874E0,-1.993050098E0
5.210556775E0,1.066950083E0,9.145950317E0,-3.070050240E0
5.213000159E0,1.273050070E0,8.952000618E0,-4.267050266E0
5.215443544E0,2.472000122E0,8.914050102E0,-5.230050087E0
5.217887158E0,3.588000059E0,8.689050674E0,-5.268000126E0
5.220330544E0,3.799050093E0,8.245950699E0,-4.240950108E0
5.222773929E0,3.627000093E0,7.333950520E0,-3.469950199E0
5.225217313E0,4.117050171E0,6.922050476E0,-3.738000154E0
5.227660698E0,4.921950340E0,6.736950397E0,-5.316000462E0
5.230104083E0,4.708950043E0,6.769050121E0,-5.944950104E0
5.232547463E0,4.435950279E0,7.015050411E0,-4.720050335E0
5.234990848E0,3.973950148E0,7.348050117E0,-3.538950205E0
5.237434232E0,3.934950113E0,7.647000313E0,-2.823000193E0
5.239877616E0,3.994950294E0,7.812000275E0,-3.309000254E0
5.242321077E0,2.616000175E0,8.491950035E0,-5.524050236E0
5.244764467E0,2.335950136E0,8.490000725E0,-5.353950024E0
5.247207852E0,1.225050092E0,8.241000175E0,-5.967000484E0
5.249651237E0,2.140050173E0,8.563950539E0,-2.364000082E0
5.252094621E0,2.221050024E0,8.208000183E0,-1.377000093E0
5.254538006E0,2.410050154E0,8.281949997E0,-2.707950115E0
5.256981390E0,3.136050224E0,7.702050209E0,-3.975000143E0
5.259425004E0,3.739050150E0,7.165950298E0,-5.590950489E0
5.261868390E0,3.001950026E0,7.125000477E0,-4.630950451E0
5.264311775E0,3.547950268E0,6.529050350E0,-2.245950222E0
5.266755160E0,4.744950294E0,6.393000126E0,-2.614950180E0
5.269198544E0,5.689950466E0,6.172050476E0,-3.598950148E0
5.271641929E0,5.427000046E0,5.566950321E0,-6.409950256E0
5.274085313E0,6.217050076E0,6.289950371E0,-7.653000355E0
5.276528698E0,5.740950108E0,7.498950481E0,-6.664050102E0
5.278972083E0,4.591050148E0,8.107049942E0,-5.023950100E0
5.281415542E0,3.775050163E0,8.085000038E0,-2.899950027E0
5.283858852E0,3.018000126E0,8.233950615E0,-3.405000210E0
5.286302312E0,3.520950079E0,8.200050354E0,-5.670000076E0
5.288745698E0,3.214950085E0,7.741050243E0,-6.301950455E0
5.291189065E0,3.202950239E0,7.800000191E0,-5.143050194E0
5.293632449E0,3.547950268E0,7.702050209E0,-2.875950098E0
5.296075834E0,2.761950016E0,8.242950439E0,-1.789050102E0
5.298519447E0,2.274000168E0,8.305950165E0,-2.512050152E0
5.300962834E0,2.551050186E0,8.689050674E0,-3.739950180E0
5.303406237E0,2.793000221E0,9.085950851E0,-5.550000191E0
5.305849621E0,3.720000267E0,9.112950325E0,-5.842950344E0
5.308293006E0,4.249050140E0,8.341950417E0,-5.823000431E0
5.310736390E0,3.567000151E0,8.320050240E0,-4.246050358E0
5.313179775E0,3.919050217E0,7.863000393E0,-3.364050150E0
5.315623160E0,4.777950287E0,7.465050220E0,-4.401000023E0
5.318066544E0,5.218950272E0,7.408050537E0,-5.260950089E0
5.320509928E0,5.073000431E0,7.222950459E0,-5.476050377E0
5.322953389E0,4.957950115E0,6.915000439E0,-5.011950016E0
5.325396775E0,5.044050217E0,7.362000465E0,-4.339050293E0
5.327840142E0,4.632000446E0,7.594950199E0,-4.223999977E0
5.330283526E0,3.483000278E0,8.016000748E0,-3.726000071E0
5.332726911E0,3.243000269E0,8.044950485E0,-3.982050180E0
5.335170296E0,2.656950235E0,8.320050240E0,-3.736050129E0
5.337613680E0,2.710050106E0,8.218950272E0,-2.935950041E0
5.340057288E0,2.761950016E0,8.348999977E0,-3.664050102E0
5.342500674E0,2.949000120E0,8.530950546E0,-4.863000393E0
5.344944059E0,2.827050209E0,8.491950035E0,-5.191050053E0
5.347387444E0,2.002950191E0,8.394000053E0,-4.420050144E0
5.349830828E0,2.370000124E0,7.780950546E0,-2.281949997E0
5.352274213E0,3.126000166E0,7.483950138E0,-1.588050127E0
5.354717597E0,4.285050392E0,7.153950214E0,-2.601000071E0
5.357160982E0,5.257050037E0,6.457050323E0,-5.284950256E0
5.359604367E0,5.506050110E0,6.565050125E0,-7.368000507E0
5.362047826E0,5.266950130E0,6.856950283E0,-7.167000294E0
5.364491121E0,4.965000153E0,7.221000195E0,-5.050050259E0
5.366934580E0,4.821000099E0,7.350000381E0,-3.384000063E0
5.369377967E0,4.273050308E0,7.437000275E0,-2.766000032E0
5.371821352E0,3.463950157E0,7.173000336E0,-3.420000076E0
5.374264736E0,3.258000135E0,6.816000462E0,-4.288949966E0
5.376708117E0,3.658050060E0,6.663000107E0,-4.189949989E0
5.379151730E0,3.109050035E0,7.240050316E0,-2.754000187E0
5.381595117E0,2.131950140E0,7.546950340E0,-1.468050122E0
5.384038502E0,1.407000065E0,8.077950478E0,-1.305000067E0
5.386481886E0,1.816050053E0,8.855999947E0,-2.554950237E0
5.388925271E0,2.650050163E0,9.361950874E0,-4.540050030E0
5.391368655E0,2.566050053E0,9.400050163E0,-5.316000462E0
5.393812040E0,2.223000050E0,8.743950844E0,-5.038050175E0
5.396255425E0,2.530050039E0,7.975050449E0,-3.546000242E0
5.398698809E0,3.796950102E0,7.314000130E0,-2.482950211E0
5.401142193E0,4.896000385E0,7.210950375E0,-3.439050198E0
5.403585577E0,5.632950306E0,6.718050480E0,-4.758000374E0
5.406028961E0,5.440950394E0,6.271050453E0,-5.409000397E0
5.408472423E0,4.736999989E0,7.101000309E0,-4.765050411E0
5.410915809E0,4.351950169E0,7.270950317E0,-4.192950249E0
5.413359222E0,3.925950289E0,7.257000446E0,-3.232950211E0
5.415802607E0,3.139950037E0,7.824000359E0,-3.055950165E0
5.418245991E0,3.030000210E0,7.531950474E0,-3.525000095E0
5.420689605E0,3.259950161E0,7.578000546E0,-4.083000183E0
5.423132991E0,2.977950096E0,7.705050468E0,-3.477000237E0
5.425576381E0,2.559000015E0,7.972950459E0,-2.950050116E0
5.428019765E0,2.395950079E0,8.374950409E0,-3.328950167E0
5.430463150E0,2.020050049E0,8.551950455E0,-3.769050121E0
5.432906535E0,1.639050126E0,8.598000526E0,-3.951000214E0
5.435349994E0,2.250000000E0,8.157000542E0,-3.751950264E0
5.437793304E0,3.660000086E0,8.028000832E0,-3.517950058E0
5.440236763E0,4.467000008E0,7.291050434E0,-4.102050304E0
5.442680073E0,4.771050453E0,7.329000473E0,-4.873050213E0
5.445123533E0,5.142000198E0,7.498950481E0,-6.168000221E0
5.447566919E0,5.152050018E0,7.426950455E0,-6.508050442E0
5.450010314E0,4.654050350E0,7.594950199E0,-5.550000191E0
5.452453699E0,4.275000095E0,7.594950199E0,-4.059000015E0
5.454897083E0,4.441050053E0,7.683000565E0,-3.589950085E0
5.457340468E0,4.030950069E0,7.243050575E0,-4.186050415E0
5.459784081E0,3.433050156E0,7.077000141E0,-4.420050144E0
5.462227468E0,3.186000109E0,7.474950314E0,-3.712050200E0
5.464670852E0,3.040050030E0,7.750050545E0,-2.859000206E0
5.467114237E0,2.202000141E0,8.221950531E0,-1.552050114E0
5.469557622E0,1.669950128E0,8.655000687E0,-1.758000135E0
5.472001006E0,2.323950052E0,9.237000465E0,-3.633000135E0
5.474444391E0,3.235950232E0,9.535950661E0,-5.620050430E0
5.476887776E0,3.022950172E0,9.072000504E0,-6.670950413E0
5.479331160E0,2.329050064E0,8.811000824E0,-5.584050179E0
5.481774544E0,3.478050232E0,8.245950699E0,-3.658950090E0
5.484217947E0,4.429050446E0,7.872000217E0,-3.379050255E0
5.486661408E0,5.104050159E0,7.828950405E0,-4.540050030E0
5.489104795E0,5.263950348E0,7.279050350E0,-5.799000263E0
5.491548179E0,4.620000362E0,7.369950294E0,-5.770950317E0
5.493991564E0,4.654050350E0,7.498950481E0,-4.813050270E0
5.496434948E0,4.884000301E0,7.264050484E0,-4.156949997E0
5.498878333E0,4.002000332E0,7.369950294E0,-3.544050217E0
5.501321946E0,3.388950109E0,7.441050529E0,-3.597000122E0
5.503765333E0,3.793950081E0,7.591950417E0,-3.384000063E0
5.506208718E0,3.574050188E0,7.510950565E0,-3.048000097E0
5.508652116E0,3.105000257E0,7.852950573E0,-3.024000168E0
5.511095501E0,3.078000069E0,8.248050690E0,-3.939000130E0
5.513538886E0,2.275950193E0,8.466000557E0,-4.231050014E0
5.515982270E0,1.716000080E0,8.145000458E0,-3.865050077E0
5.518425730E0,2.389050007E0,7.804950237E0,-2.890050173E0
5.520869039E0,3.660000086E0,7.570950508E0,-2.919000149E0
5.523312499E0,4.552950382E0,7.530000210E0,-3.562950134E0
5.525755809E0,5.275950432E0,6.874050140E0,-5.005050182E0
5.528199268E0,5.644950390E0,7.092000484E0,-7.015950203E0
5.530642655E0,5.130000114E0,7.456050396E0,-7.204950333E0
5.533086039E0,4.672950268E0,7.750050545E0,-5.713050365E0
5.535529424E0,4.132050037E0,7.657050133E0,-3.580050230E0
5.537972809E0,4.207950115E0,7.200000286E0,-2.674950123E0
5.540416193E0,4.351950169E0,6.532050133E0,-2.874000072E0
5.542859807E0,4.591050148E0,6.117000103E0,-3.858000278E0
5.545303188E0,4.174950123E0,6.441000462E0,-4.261950016E0
5.547746573E0,3.445050240E0,7.245000362E0,-3.055950165E0
5.550189958E0,2.515950203E0,7.765050411E0,-1.650000095E0
5.552633342E0,1.945950150E0,8.811000824E0,-9.889500737E-1
5.555076727E0,2.251950026E0,9.466950417E0,-3.079950094E0
5.557520116E0,2.341050148E0,9.457050323E0,-5.115000248E0
5.559963501E0,2.377050161E0,8.755949974E0,-6.099000454E0
5.562406886E0,2.803050041E0,8.428050041E0,-5.529000282E0
5.564850270E0,4.146000385E0,8.023050308E0,-3.822000265E0
5.567293730E0,4.438050270E0,7.690050602E0,-3.313950062E0
5.569737131E0,4.527000427E0,7.855950356E0,-4.192950249E0
5.572180516E0,4.843050003E0,7.449000359E0,-5.320950031E0
5.574623901E0,4.534049988E0,7.710000515E0,-5.803950310E0
5.577067285E0,4.450050354E0,7.626000404E0,-5.626950264E0
5.579510670E0,3.892050266E0,7.422000408E0,-4.750950336E0
5.581954302E0,3.555000067E0,7.192050457E0,-3.454950094E0
5.584397689E0,3.628950119E0,7.192050457E0,-2.893050194E0
5.586841074E0,4.204050064E0,7.087050438E0,-3.466950178E0
5.589284458E0,3.478050232E0,7.147050381E0,-4.705049992E0
5.591727843E0,3.076050043E0,7.633050442E0,-4.923000336E0
5.594171227E0,2.326050043E0,8.253000259E0,-4.447050095E0
5.596614687E0,1.552950025E0,8.370000839E0,-2.968950033E0
5.599057997E0,1.600950122E0,8.233950615E0,-2.236950159E0
5.601501456E0,2.595000029E0,8.196000099E0,-3.040950060E0
5.603944737E0,4.177050114E0,7.723950386E0,-5.098050117E0
5.606388196E0,4.680000305E0,7.546950340E0,-6.817050457E0
5.608831583E0,4.394999981E0,7.927050591E0,-6.793050289E0
5.611274968E0,4.366050243E0,8.068950653E0,-6.313950062E0
5.613718352E0,4.267950058E0,8.053950310E0,-5.493000031E0
5.616161732E0,4.066950321E0,7.852950573E0,-4.662000179E0
5.618605117E0,4.090950012E0,7.326000214E0,-4.438950062E0
5.621048501E0,4.357050419E0,6.661050320E0,-4.569000244E0
5.623492115E0,4.728000164E0,6.108000278E0,-4.851000309E0
5.625935501E0,4.374000072E0,6.211050510E0,-4.723950386E0
5.628378872E0,3.436950207E0,6.781050205E0,-3.634950161E0
5.630822256E0,2.461050034E0,7.567950249E0,-2.428050041E0
5.633265641E0,2.037000179E0,8.370000839E0,-1.269000053E0
5.635709026E0,1.849950075E0,8.799000740E0,-2.593050241E0
5.638152410E0,1.960050106E0,9.180000305E0,-4.621050358E0
5.640595785E0,2.182950020E0,8.559000015E0,-6.019950390E0
5.643039170E0,2.896050215E0,8.204999924E0,-5.799000263E0
5.645482554E0,3.552000284E0,8.208000183E0,-4.462950230E0
5.647925938E0,3.354000092E0,7.939050198E0,-2.785050154E0
5.650369398E0,3.760950089E0,7.879950523E0,-3.187050104E0
5.652812790E0,4.014000416E0,7.846050262E0,-4.765050411E0
5.655256175E0,4.138950348E0,7.522950172E0,-6.597000122E0
5.657699559E0,4.539000034E0,7.341000557E0,-6.793050289E0
5.660142944E0,4.030950069E0,7.147050381E0,-4.972950459E0
5.662586557E0,3.805950165E0,6.702000141E0,-2.766000032E0
5.665029963E0,4.180050373E0,6.742050171E0,-1.762950063E0
5.667473347E0,4.299000263E0,6.766050339E0,-3.012000084E0
5.669916732E0,3.205050230E0,7.104000568E0,-4.902000427E0
5.672360117E0,2.463000059E0,7.350000381E0,-6.019950390E0
5.674803501E0,1.396950126E0,8.071050644E0,-4.981050014E0
5.677246871E0,1.012050033E0,8.233950615E0,-2.809050083E0
5.679690330E0,1.620000124E0,8.314949989E0,-1.369950056E0
5.682133640E0,2.688000202E0,8.263050079E0,-2.421000004E0
5.684577100E0,3.804000139E0,8.227050781E0,-5.701050282E0
5.687020409E0,4.270950317E0,8.308050156E0,-7.696050167E0
5.689463836E0,3.801000118E0,8.457000732E0,-8.074049950E0
5.691907223E0,3.628950119E0,8.337000847E0,-6.172950268E0
5.694350607E0,3.844050169E0,8.005949974E0,-4.128000259E0
5.696793992E0,3.967050076E0,7.518000126E0,-2.968950033E0
5.699237376E0,4.599000454E0,6.763950348E0,-2.842050076E0
5.701680746E0,5.227950096E0,5.851950169E0,-4.047000408E0
5.704124359E0,5.544000149E0,5.764950275E0,-5.340000153E0
5.706567746E0,4.126950264E0,6.639000416E0,-5.376000404E0
5.709011131E0,2.458050013E0,7.683000565E0,-4.219050407E0
5.711454525E0,1.768950105E0,8.794050217E0,-2.320950031E0
5.713897910E0,1.303950071E0,9.511950493E0,-1.954050064E0
5.716341295E0,1.062000036E0,1.006800079E1,-3.192000151E0
5.718784679E0,7.699500322E-1,9.658050537E0,-5.023950100E0
5.721228064E0,1.270950079E0,9.322950363E0,-5.971950054E0
5.723671433E0,2.275950193E0,9.196050644E0,-6.436050415E0
5.726114817E0,2.980050087E0,8.920950890E0,-5.239050388E0
5.728558201E0,3.403950214E0,8.878050804E0,-3.975000143E0
5.731001662E0,2.872050047E0,8.694000244E0,-3.694950104E0
5.733445049E0,3.388950109E0,8.092950821E0,-4.600050449E0
5.735888448E0,3.964050293E0,7.570950508E0,-6.058050156E0
5.738331833E0,3.952050209E0,6.876000404E0,-5.883000374E0
5.740775218E0,4.072050095E0,6.400050163E0,-4.489950180E0
5.743218602E0,4.651050091E0,6.285000324E0,-2.983950138E0
5.745662216E0,5.140050411E0,6.156000137E0,-2.811000109E0
5.748105597E0,4.663050175E0,6.582000256E0,-3.586950064E0
5.750548982E0,3.129000187E0,6.991050243E0,-5.071950436E0
5.752992367E0,1.558050036E0,7.630050182E0,-5.233950138E0
5.755435751E0,8.539500237E-1,7.546950340E0,-4.297950268E0
5.757879211E0,1.615050077E0,7.711950302E0,-3.202050209E0
5.760322506E0,3.370050192E0,7.531950474E0,-3.633000135E0
5.762765966E0,3.844050169E0,7.882050514E0,-4.525950432E0
5.765209276E0,3.435000181E0,8.200050354E0,-6.490950108E0
5.767652735E0,3.519000053E0,8.806050301E0,-6.553950310E0
5.770096122E0,2.286000013E0,9.298950195E0,-6.297000408E0
5.772539486E0,2.080049992E0,9.205950737E0,-4.459050179E0
5.774982871E0,2.841000080E0,8.679000854E0,-3.661050081E0
5.777426256E0,3.354000092E0,7.516050339E0,-3.613050222E0
5.779869640E0,4.242000103E0,6.409050465E0,-4.328999996E0
5.782313025E0,4.788000107E0,6.165000439E0,-4.818000317E0
5.784756638E0,4.471950054E0,6.217950344E0,-4.228950024E0
5.787200025E0,3.054000139E0,6.783000469E0,-3.385950089E0
5.789643410E0,2.326050043E0,7.738050461E0,-2.008949995E0
5.792086794E0,2.452950001E0,8.332050323E0,-2.680050135E0
5.794530179E0,2.235000134E0,8.830050468E0,-3.790950298E0
5.796973563E0,1.918950081E0,8.482950211E0,-5.293950081E0
5.799416948E0,1.804050088E0,8.454000473E0,-5.629050255E0
5.801860333E0,2.595000029E0,8.619000435E0,-5.035950184E0
5.804303717E0,3.046950102E0,8.512050629E0,-4.176000118E0
5.806747101E0,3.042000055E0,8.689050674E0,-3.652050257E0
5.809190576E0,2.938950062E0,8.755949974E0,-3.988950253E0
5.811633963E0,2.796000242E0,9.081000328E0,-5.191050053E0
5.814077348E0,3.229050159E0,8.703000069E0,-6.466950417E0
5.816520732E0,2.994000196E0,7.930050373E0,-5.863950253E0
5.818964117E0,3.133050203E0,7.209000111E0,-4.237950325E0
5.821407506E0,3.997950077E0,6.724950314E0,-2.536050081E0
5.823850890E0,4.906949997E0,6.297000408E0,-2.944950104E0
5.826294504E0,4.765950203E0,6.342000484E0,-4.176000118E0
5.828737890E0,3.114000082E0,6.991050243E0,-4.810950279E0
5.831181295E0,2.121000051E0,7.681050301E0,-5.424000263E0
5.833624679E0,1.405050039E0,8.181000710E0,-4.534950256E0
5.836068064E0,1.558050036E0,7.894050598E0,-3.292950153E0
5.838511449E0,2.791050196E0,8.269950867E0,-2.589000225E0
5.840954908E0,4.780950069E0,7.741050243E0,-4.118999958E0
5.843398242E0,4.699050426E0,8.204999924E0,-5.863950253E0
5.845841701E0,4.093050003E0,8.611950874E0,-7.036950111E0
5.848285011E0,3.175950050E0,9.013950348E0,-6.529950142E0
5.850728471E0,2.233050108E0,9.487950325E0,-5.007000446E0
5.853171857E0,2.680950165E0,9.093000412E0,-3.487050056E0
5.855615237E0,3.351000071E0,8.346000671E0,-3.805050135E0
5.858058622E0,3.502050161E0,7.498950481E0,-5.280000210E0
5.860502006E0,4.062000275E0,7.233000278E0,-6.190050125E0
5.862945391E0,4.234950066E0,7.077000141E0,-6.388050079E0
5.865389004E0,2.302050114E0,7.477050304E0,-5.092950344E0
5.867832391E0,1.921950102E0,7.852950573E0,-2.401950121E0
5.870275775E0,1.636950135E0,8.152050018E0,-2.173950195E0
5.872719160E0,1.600950122E0,8.314949989E0,-3.253950119E0
5.875162545E0,1.785000086E0,7.851000309E0,-5.632050037E0
5.877605929E0,2.302050114E0,7.747950554E0,-6.918000221E0
5.880049328E0,3.576000214E0,7.348050117E0,-6.001050472E0
5.882492713E0,3.331950188E0,7.906050205E0,-4.138050079E0
5.884936172E0,3.567000151E0,8.302950859E0,-2.574000120E0
5.887379559E0,4.029000282E0,8.181000710E0,-2.941050053E0
5.889822943E0,3.763050079E0,8.191050529E0,-4.963950157E0
5.892266357E0,3.433050156E0,8.289000511E0,-6.349950314E0
5.894709742E0,3.303000212E0,7.597050190E0,-6.361950397E0
5.897153126E0,3.604950190E0,7.117950439E0,-5.035950184E0
5.899596511E0,4.314000130E0,7.261950493E0,-1.513950109E0
5.902039895E0,3.772950172E0,7.125000477E0,-1.942050099E0
5.904483265E0,4.237050056E0,7.018050194E0,-2.728050232E0
5.906926879E0,2.571000099E0,7.210950375E0,-5.608050346E0
5.909370266E0,9.949500561E-1,8.218950272E0,-5.959950447E0
5.911813651E0,8.920500278E-1,8.089950562E0,-4.939950466E0
5.914257035E0,1.873950124E0,7.936950207E0,-3.094050169E0
5.916700439E0,3.301050186E0,7.756950378E0,-1.939950109E0
5.919143824E0,4.386000156E0,7.659000397E0,-3.178050041E0
5.921587208E0,4.234950066E0,8.092950821E0,-5.689050198E0
5.924030668E0,3.373050213E0,8.197950363E0,-7.662000179E0
5.926473977E0,3.081000090E0,8.916000366E0,-7.654950142E0
5.928917427E0,2.422049999E0,8.928000450E0,-6.640050411E0
5.931360737E0,2.869950056E0,8.695950508E0,-4.030050278E0
5.933804196E0,3.516000271E0,7.702050209E0,-2.845050097E0
5.936247583E0,4.644000053E0,6.709050179E0,-2.254050016E0
5.938690967E0,4.705950260E0,6.436050415E0,-3.574950218E0
5.941134352E0,4.227000237E0,6.595950127E0,-3.987000227E0
5.943577737E0,2.650050163E0,7.269000530E0,-3.963000298E0
5.946021121E0,2.152050018E0,8.325000763E0,-3.127050161E0
5.948464735E0,2.191950083E0,8.752950668E0,-3.412050247E0
5.950908121E0,2.038950205E0,9.156000137E0,-3.786000252E0
5.953351530E0,1.539000034E0,8.659950256E0,-4.870050430E0
5.955794915E0,1.318050027E0,9.028950691E0,-4.353000164E0
5.958238299E0,2.925000191E0,8.557050705E0,-4.003950119E0
5.960681684E0,3.519000053E0,8.353950500E0,-4.417950153E0
5.963125143E0,3.861000299E0,7.807950497E0,-4.843950272E0
5.965568535E0,3.576000214E0,8.260050774E0,-6.211050510E0
5.968011920E0,2.950950146E0,8.173950195E0,-6.574950218E0
5.970455304E0,3.400950193E0,8.005949974E0,-5.799000263E0
5.972898689E0,3.193050146E0,7.626000404E0,-4.039950371E0
5.975342073E0,3.430050135E0,7.204050541E0,-2.052000046E0
5.977785458E0,3.871050119E0,6.736950397E0,-2.308950186E0
5.980228843E0,4.157999992E0,6.667950153E0,-3.420000076E0
5.982672227E0,4.132050037E0,6.751950264E0,-4.810950279E0
5.985115611E0,2.962950230E0,7.384050369E0,-6.046050072E0
5.987559225E0,1.912050128E0,8.049000740E0,-5.059950352E0
5.990002631E0,1.362000108E0,7.980000496E0,-3.250050068E0
5.992446016E0,1.684950113E0,8.028000832E0,-1.315050006E0
5.994889400E0,3.040050030E0,7.896000385E0,-1.267050028E0
5.997332785E0,4.054950237E0,7.777050495E0,-4.360050201E0
5.999776169E0,4.504950047E0,7.729050159E0,-7.179000378E0
6.002219615E0,3.612000227E0,8.152050018E0,-8.352000237E0
6.004662925E0,2.881950140E0,8.988000870E0,-6.601950169E0
6.007106384E0,2.956050158E0,8.847000122E0,-4.090050220E0
6.009549694E0,2.982000113E0,8.598000526E0,-2.620050192E0
6.011993162E0,3.286950111E0,8.124000549E0,-2.673000097E0
6.014436472E0,3.804000139E0,7.408050537E0,-4.468050003E0
6.016879932E0,4.357050419E0,6.804000378E0,-5.866050243E0
6.019323318E0,4.002000332E0,6.823950291E0,-5.524050236E0
6.021766703E0,2.704950094E0,7.482000351E0,-3.415050268E0
6.024210055E0,2.251950026E0,8.230950356E0,-1.558950067E0
6.026653439E0,2.307000160E0,8.707950592E0,-1.083000064E0
6.029097053E0,2.041949987E0,9.043050766E0,-2.479050159E0
6.031540439E0,1.429050088E0,8.822999954E0,-4.483050346E0
6.033983824E0,1.684950113E0,8.832000732E0,-5.746950150E0
6.036427179E0,2.475000143E0,8.920950890E0,-5.791950226E0
6.038870564E0,3.388950109E0,8.578950882E0,-4.732050419E0
6.041313949E0,3.676950216E0,8.334000587E0,-3.703950167E0
6.043757408E0,3.466050148E0,8.446949959E0,-3.240000248E0
6.046200795E0,3.339000225E0,8.181000710E0,-4.296000004E0
6.048644164E0,3.598050117E0,8.314949989E0,-5.446950436E0
6.051087549E0,3.175950050E0,8.035050392E0,-5.730000496E0
6.053530934E0,2.989950180E0,7.525050163E0,-4.392000198E0
6.055974318E0,3.772950172E0,7.144050121E0,-2.761050224E0
6.058417703E0,4.054950237E0,6.972000122E0,-2.449950218E0
6.060861088E0,4.432950020E0,6.613050461E0,-3.289950132E0
6.063304472E0,3.211950064E0,7.084950447E0,-4.552050114E0
6.065747856E0,1.882950068E0,7.803000450E0,-4.846950054E0
6.068191240E0,1.476000071E0,7.836000443E0,-4.155000210E0
6.070634855E0,1.692000031E0,7.947000504E0,-3.010050058E0
6.073078246E0,3.154950142E0,8.044950485E0,-2.340000153E0
6.075521631E0,3.933000088E0,8.044950485E0,-4.063950062E0
6.077965016E0,4.249050140E0,7.804950237E0,-6.076950073E0
6.080408400E0,3.955050230E0,8.148000717E0,-7.297950268E0
6.082851785E0,3.445050240E0,8.526000023E0,-6.871950150E0
6.085295216E0,3.106950045E0,8.593050003E0,-5.292000294E0
6.087738526E0,2.757000208E0,8.434950829E0,-3.252000093E0
6.090181986E0,3.351000071E0,7.939050198E0,-2.365950108E0
6.092625295E0,4.218000412E0,7.180050373E0,-3.091950178E0
6.095068755E0,4.543950081E0,6.883050442E0,-4.423050404E0
6.097512147E0,4.201050282E0,6.994050503E0,-4.890000343E0
6.099955531E0,3.435000181E0,7.300050259E0,-4.189949989E0
6.102398916E0,2.539950132E0,7.900950432E0,-2.778000116E0
6.104842300E0,2.575050116E0,8.575950623E0,-1.858050108E0
6.107285685E0,2.559000015E0,8.847000122E0,-2.506950140E0
6.109729064E0,2.109000206E0,8.662050247E0,-3.846000195E0
6.112172677E0,2.282999992E0,8.524050713E0,-5.040000439E0
6.114616064E0,3.267000198E0,8.449049950E0,-5.443050385E0
6.117059448E0,3.921000242E0,8.344050407E0,-5.050050259E0
6.119502833E0,3.564000130E0,8.452050209E0,-4.174050331E0
6.121946213E0,3.576000214E0,8.358000755E0,-4.075950146E0
6.124389597E0,3.952050209E0,8.683950424E0,-3.424050093E0
6.126833057E0,3.564000130E0,8.361000061E0,-4.918050289E0
6.129276443E0,3.226950169E0,8.401050568E0,-5.047950268E0
6.131719833E0,3.976050138E0,7.321950436E0,-4.228950024E0
6.134163218E0,3.532950163E0,7.507950306E0,-3.561000109E0
6.136606602E0,4.096050262E0,7.057950497E0,-2.514000177E0
6.139049987E0,4.792950153E0,6.868950367E0,-3.630000114E0
6.141493371E0,3.703050137E0,7.036950111E0,-4.654950142E0
6.143936731E0,2.282999992E0,7.573050499E0,-4.762950420E0
6.146380115E0,1.744950056E0,7.590000153E0,-3.985050201E0
6.148823499E0,2.820000172E0,7.441050529E0,-2.557950020E0
6.151266884E0,3.916050196E0,7.654050350E0,-2.596050024E0
6.153710499E0,5.029950142E0,7.389000416E0,-4.746000290E0
6.156153881E0,4.600950241E0,7.834050179E0,-6.703950405E0
6.158597266E0,3.820050240E0,8.071050644E0,-7.333950520E0
6.161040650E0,3.568950176E0,8.718000412E0,-6.208950520E0
6.163484035E0,3.112050056E0,8.677050591E0,-4.327050209E0
6.165927419E0,2.674050093E0,8.515950203E0,-2.649000168E0
6.168370884E0,3.628950119E0,7.759950161E0,-2.550000191E0
6.170814194E0,4.726050377E0,7.113000393E0,-3.823950291E0
6.173257653E0,4.576950073E0,6.955050468E0,-5.086050034E0
6.175700963E0,3.763050079E0,7.180050373E0,-4.786950111E0
6.178144422E0,3.136050224E0,7.578000546E0,-3.517950058E0
6.180587804E0,2.880000114E0,8.169000626E0,-2.380050182E0
6.183031189E0,2.391000032E0,8.497050285E0,-2.074050188E0
6.185474573E0,2.194950104E0,7.915050507E0,-3.111000061E0
6.187917958E0,2.263950109E0,7.975050449E0,-4.309950352E0
6.190361343E0,3.564000130E0,7.972950459E0,-5.323050022E0
6.192804956E0,3.729000092E0,8.173950195E0,-5.617050171E0
6.195248343E0,3.841950178E0,8.341950417E0,-4.714950085E0
6.197691727E0,3.576000214E0,8.449049950E0,-4.128000259E0
6.200135112E0,3.151950121E0,8.622000694E0,-3.771000147E0
6.202578496E0,3.622050285E0,8.554950714E0,-4.357950211E0
6.205021886E0,2.926950216E0,8.398950577E0,-4.600050449E0
6.207465346E0,3.282000065E0,7.410000324E0,-4.096950054E0
6.209908732E0,4.045950413E0,7.132050514E0,-2.839950085E0
6.212352117E0,4.819050312E0,7.042050362E0,-2.562000036E0
6.214795501E0,5.104050159E0,6.751950264E0,-3.894000292E0
6.217238900E0,4.168050289E0,6.931050301E0,-5.074050426E0
6.219682285E0,2.194950104E0,7.441050529E0,-5.088000298E0
6.222125669E0,1.335000038E0,7.522950172E0,-3.706950188E0
6.224569053E0,2.254950047E0,7.317000389E0,-2.458950043E0
6.227012437E0,3.904050112E0,7.285950184E0,-2.584050179E0
6.229455835E0,4.703999996E0,7.477050304E0,-4.497000217E0
6.231899220E0,4.813950062E0,7.741050243E0,-6.712050438E0
6.234342605E0,4.009950161E0,8.358000755E0,-7.702950478E0
6.236786220E0,3.049950123E0,9.084000587E0,-6.915000439E0
6.239229606E0,2.302050114E0,9.096000671E0,-4.822950363E0
6.241672991E0,1.807050109E0,8.763000488E0,-2.898000240E0
6.244116376E0,3.081000090E0,7.887000561E0,-2.134050131E0
6.246559835E0,4.273050308E0,6.895050526E0,-3.075000048E0
6.249003145E0,4.732950211E0,6.642000198E0,-4.384050369E0
6.251446620E0,4.270950317E0,6.799950123E0,-4.614000320E0
6.253889929E0,3.514050245E0,7.429050446E0,-3.760050297E0
6.256333389E0,2.820000172E0,8.161950111E0,-2.854050159E0
6.258776775E0,2.068050146E0,8.758049965E0,-2.227050066E0
6.261220160E0,1.809000134E0,8.229000092E0,-3.075000048E0
6.263663545E0,2.439000130E0,8.077950478E0,-4.188000202E0
6.266106929E0,3.583050251E0,7.872000217E0,-5.845050335E0
6.268550314E0,3.361050129E0,8.289000511E0,-6.148950100E0
6.270993698E0,3.958950281E0,8.314949989E0,-4.891950130E0
6.273437312E0,3.375000238E0,8.610000610E0,-3.891000271E0
6.275880698E0,2.887050152E0,8.698050499E0,-3.454950094E0
6.278324083E0,3.018000126E0,8.611950874E0,-4.300950050E0
6.280767468E0,2.845950127E0,8.169000626E0,-4.966050148E0
6.283210852E0,3.210000038E0,7.374000549E0,-4.641000271E0
6.285654237E0,3.871050119E0,7.030050278E0,-3.238050222E0
6.288097622E0,4.441050053E0,6.835950375E0,-2.488050222E0
6.290541081E0,4.917000294E0,6.790050507E0,-3.196950197E0
6.292984468E0,3.922950268E0,6.927000523E0,-4.462950230E0
6.295427852E0,2.170950174E0,7.492050171E0,-4.702950001E0
6.297871237E0,1.785000086E0,7.504050255E0,-4.162050247E0
6.300314622E0,2.688000202E0,7.293000221E0,-3.621000290E0
6.302758006E0,3.727050066E0,7.410000324E0,-3.817050219E0
6.305201391E0,4.504950047E0,7.401000500E0,-4.867950439E0
6.307644775E0,4.692000389E0,7.755000591E0,-5.749050140E0
6.310088159E0,4.246950150E0,8.251049995E0,-6.381000519E0
6.312531543E0,3.013950109E0,8.743950844E0,-6.096000195E0
6.314974927E0,2.154000044E0,8.827950478E0,-4.756050110E0
6.317418543E0,2.407950163E0,8.394000053E0,-3.700050116E0
6.319861929E0,3.495000124E0,7.681050301E0,-3.088950157E0
6.322305314E0,3.969000101E0,7.024950504E0,-3.120000124E0
6.324748708E0,4.371000290E0,6.781050205E0,-3.549000263E0
6.327192092E0,4.285050392E0,6.927000523E0,-3.682950258E0
6.329635552E0,3.709950209E0,7.537050247E0,-3.454950094E0
6.332078938E0,2.992050171E0,8.032950401E0,-3.313950062E0
6.334522323E0,2.310000181E0,8.634000778E0,-3.087000132E0
6.336965713E0,2.140050173E0,8.145000458E0,-3.700050116E0
6.339409097E0,2.773950100E0,7.872000217E0,-4.714950085E0
6.341852482E0,3.556950092E0,7.963050365E0,-5.380050182E0
6.344295866E0,3.615000248E0,8.281949997E0,-5.172000408E0
6.346739250E0,3.945000172E0,8.325000763E0,-4.542000294E0
6.349182634E0,3.205050230E0,8.674050331E0,-4.023000240E0
6.351626018E0,3.112050056E0,8.694000244E0,-3.898050070E0
6.354069403E0,3.223950148E0,8.626950264E0,-4.771950245E0
6.356513018E0,3.265050173E0,8.002050400E0,-4.813050270E0
6.358956405E0,3.535950184E0,7.531950474E0,-4.096950054E0
6.361399785E0,4.159950256E0,7.302000523E0,-2.722950220E0
6.363843169E0,4.765950203E0,6.988950253E0,-2.859000206E0
6.366286554E0,4.311000347E0,6.772950172E0,-3.925050259E0
6.368729938E0,2.803050041E0,6.739950180E0,-4.411050320E0
6.371173313E0,2.041949987E0,7.105950356E0,-4.006050110E0
6.373616773E0,2.536950111E0,7.333950520E0,-3.348000050E0
6.376060159E0,3.756000280E0,7.285950184E0,-3.289950132E0
6.378503544E0,4.429050446E0,7.420050144E0,-4.626000404E0
6.380946929E0,4.789950371E0,7.675950527E0,-6.361950397E0
6.383390313E0,4.251000404E0,8.536050797E0,-7.174050331E0
6.385833698E0,3.202950239E0,8.968950272E0,-6.798000336E0
6.388277082E0,2.226000071E0,8.832000732E0,-4.909050465E0
6.390720466E0,1.929000139E0,8.638050079E0,-3.381000042E0
6.393163850E0,2.869950056E0,7.867950439E0,-2.701050043E0
6.395607215E0,4.435950279E0,6.997950554E0,-3.465000153E0
6.398050831E0,4.576950073E0,6.916950226E0,-4.653000355E0
6.400494217E0,3.789000273E0,7.237950325E0,-4.696050167E0
6.402937602E0,3.457050085E0,7.741050243E0,-3.877050161E0
6.405380986E0,2.676000118E0,8.302950859E0,-3.022050142E0
6.407824357E0,2.167950153E0,8.548050880E0,-2.361000061E0
6.410267742E0,2.104050159E0,8.128950119E0,-3.171000242E0
6.412711201E0,2.853000164E0,7.831950188E0,-4.686000347E0
6.415154588E0,3.555000067E0,7.858050346E0,-5.874000072E0
6.417597973E0,3.624000072E0,8.131050110E0,-6.166050434E0
6.420041342E0,3.331950188E0,8.647950172E0,-5.446950436E0
6.422484727E0,2.644950151E0,9.072000504E0,-4.198050022E0
6.424928111E0,2.425050020E0,9.048000336E0,-3.337950230E0
6.427371496E0,2.317050219E0,8.746050835E0,-3.943950176E0
6.429814881E0,2.632950068E0,8.373000145E0,-4.573950291E0
6.432258251E0,3.205050230E0,7.582950592E0,-4.722000122E0
6.434701865E0,3.727050066E0,7.330950260E0,-3.373950243E0
6.437145020E0,3.985950232E0,7.231050491E0,-2.931000233E0
6.439588634E0,3.655050278E0,6.907050133E0,-3.214050055E0
6.442032020E0,2.488950014E0,6.864000320E0,-3.493950129E0
6.444475386E0,1.978950143E0,7.228050232E0,-3.807000160E0
6.446918771E0,2.650050163E0,7.144050121E0,-4.150050163E0
6.449362155E0,3.604950190E0,7.234950542E0,-4.770000458E0
6.451805615E0,4.062000275E0,7.582950592E0,-5.562000275E0
6.454249002E0,4.327950001E0,7.993950367E0,-6.444000244E0
6.456692382E0,3.820050240E0,8.409000397E0,-6.682950497E0
6.459135767E0,2.767050028E0,8.880000114E0,-5.662950039E0
6.461579151E0,1.785000086E0,8.935050011E0,-4.510950089E0
6.464022536E0,1.390050054E0,8.518950462E0,-3.604050159E0
6.466465921E0,2.692950010E0,7.779000282E0,-3.736050129E0
6.468909305E0,3.876000166E0,7.200000286E0,-4.401000023E0
6.471352689E0,3.864000082E0,7.237950325E0,-4.753050327E0
6.473796073E0,3.741000175E0,7.336050510E0,-4.368000031E0
6.476239457E0,3.612000227E0,7.531950474E0,-3.622950077E0
6.478682842E0,2.572950125E0,8.171999931E0,-2.839950085E0
6.481126470E0,1.867050052E0,8.028000832E0,-2.443050146E0
6.483569857E0,2.173050165E0,7.843950272E0,-3.055950165E0
6.486013241E0,3.133050203E0,7.822050571E0,-4.678950310E0
6.488456626E0,3.550050259E0,7.980000496E0,-6.271050453E0
6.490900011E0,3.319950104E0,8.404050827E0,-6.537000179E0
6.493343401E0,2.671050072E0,8.989950180E0,-5.518950462E0
6.495786861E0,2.395950079E0,9.249000549E0,-3.858000278E0
6.498230247E0,2.014950037E0,9.180000305E0,-3.064950228E0
6.500673632E0,2.053050041E0,8.923050880E0,-3.541950226E0
6.503117017E0,3.004050255E0,8.181000710E0,-4.435050011E0
6.505560406E0,3.634050131E0,7.329000473E0,-4.987950325E0
6.508003791E0,4.110000134E0,7.456050396E0,-4.276950359E0
6.510447176E0,3.943050146E0,7.125000477E0,-3.669000149E0
6.512890789E0,3.196050167E0,6.682050228E0,-2.797050238E0
6.515333945E0,2.662050009E0,7.000950336E0,-2.377950191E0
6.517777543E0,2.583000183E0,7.161000252E0,-2.911950111E0
6.520220699E0,4.006950378E0,7.093950272E0,-4.504050255E0
6.522664312E0,4.396950245E0,7.422000408E0,-6.487050533E0
6.525107699E0,4.285050392E0,8.016000748E0,-7.672050476E0
6.527551084E0,3.898950100E0,8.657999992E0,-7.219050407E0
6.529994463E0,3.391950130E0,8.904000282E0,-5.488050461E0
6.532437848E0,2.458050013E0,9.001950264E0,-4.075950146E0
6.534881307E0,1.620000124E0,8.782050133E0,-3.160950184E0
6.537324694E0,2.716950178E0,8.224050522E0,-3.817050219E0
6.539768079E0,3.864000082E0,7.312050343E0,-4.930050373E0
6.542211468E0,3.940050125E0,7.051050186E0,-5.301000118E0
6.544654853E0,3.471000195E0,7.240050316E0,-4.497000217E0
6.547098238E0,3.639000177E0,7.575000286E0,-3.015000105E0
6.549541622E0,3.550050259E0,8.011050224E0,-2.376000166E0
6.551985006E0,3.025950193E0,8.089950562E0,-2.320950031E0
6.554428390E0,2.631000042E0,7.819950581E0,-3.187050104E0
6.556872005E0,2.631000042E0,7.980000496E0,-4.542000294E0
6.559315161E0,3.640950203E0,7.959000587E0,-5.730000496E0
6.561758774E0,3.813000202E0,8.212050438E0,-6.229950428E0
6.564202171E0,3.306000233E0,8.931000710E0,-5.371050358E0
6.566645555E0,2.749950171E0,9.262950897E0,-4.063950062E0
6.569088940E0,2.449050188E0,9.109950066E0,-3.349950075E0
6.571532324E0,2.170950174E0,9.115050316E0,-4.018050194E0
6.573975784E0,2.458050013E0,8.698050499E0,-4.617000103E0
6.576419171E0,3.511950254E0,7.587000370E0,-4.858050346E0
6.578862555E0,4.243950367E0,7.471950531E0,-3.913050175E0
6.581305940E0,4.394999981E0,7.252050400E0,-3.661050081E0
6.583749325E0,3.744000196E0,6.835950375E0,-3.625050068E0
6.586192709E0,2.761950016E0,6.792000294E0,-3.391050100E0
6.588636113E0,2.068050146E0,7.044000149E0,-2.782950163E0
6.591079497E0,2.844000101E0,7.018050194E0,-3.007950068E0
6.593522881E0,4.306950092E0,6.931050301E0,-4.107000351E0
6.595966265E0,4.636950016E0,7.456050396E0,-6.292950153E0
6.598409649E0,4.407000065E0,8.044950485E0,-7.594950199E0
6.600853279E0,3.897000074E0,8.598000526E0,-7.078050137E0
6.603296665E0,2.914950132E0,9.060000420E0,-5.569950104E0
6.605740050E0,1.732950091E0,9.043050766E0,-3.730950117E0
6.608183435E0,1.441050053E0,8.506950378E0,-3.015000105E0
6.610626819E0,3.049950123E0,7.674000263E0,-3.676050186E0
6.613070209E0,4.147950172E0,6.796950340E0,-4.678950310E0
6.615513668E0,4.014000416E0,6.742050171E0,-5.184000015E0
6.617957055E0,3.760950089E0,6.973950386E0,-4.138050079E0
6.620400440E0,3.658050060E0,7.555950165E0,-2.953050137E0
6.622843824E0,2.974950075E0,8.097000122E0,-2.376000166E0
6.625287223E0,2.415000200E0,8.088000298E0,-2.469000101E0
6.627730607E0,2.227950096E0,8.049000740E0,-3.763950109E0
6.630173992E0,2.973000050E0,7.935000420E0,-5.134050369E0
6.632617377E0,3.904050112E0,7.903050423E0,-6.136950493E0
6.635060990E0,3.322050095E0,8.233950615E0,-5.944950104E0
6.637504146E0,2.856000185E0,8.866050720E0,-4.681050301E0
6.639947759E0,2.698050022E0,8.950050354E0,-3.396000147E0
6.642391146E0,2.415000200E0,9.019050598E0,-3.312000275E0
6.644834531E0,2.223000050E0,8.904000282E0,-4.044000149E0
6.647277915E0,2.476950169E0,8.301000595E0,-4.717050076E0
6.649721300E0,3.471000195E0,7.579950333E0,-4.234050274E0
6.652164684E0,4.085999966E0,7.599000454E0,-3.348000050E0
6.654608069E0,3.925950289E0,7.099050522E0,-3.111000061E0
6.657051529E0,3.667050123E0,6.642000198E0,-3.135000229E0
6.659494915E0,2.890950203E0,6.831000328E0,-3.316950083E0
6.661938300E0,2.479950190E0,6.952950478E0,-3.630000114E0
6.664381684E0,3.543000221E0,6.928950310E0,-4.147050381E0
6.666825069E0,4.522050381E0,7.084950447E0,-5.196000099E0
6.669268454E0,4.584000111E0,7.783950329E0,-6.403050423E0
6.671711824E0,4.387950420E0,8.085000038E0,-6.577950478E0
6.674155208E0,3.643050194E0,8.409000397E0,-5.974050522E0
6.676598592E0,2.496000051E0,8.782050133E0,-4.705049992E0
6.679041976E0,1.972050071E0,8.583000183E0,-3.657000065E0
6.681485361E0,2.733000040E0,8.047050476E0,-3.613050222E0
6.683928970E0,3.763050079E0,7.444050312E0,-3.891000271E0
6.686372357E0,3.703050137E0,7.087050438E0,-4.315050125E0
6.688815741E0,3.718050241E0,7.072950363E0,-4.308000088E0
6.691259126E0,3.921000242E0,7.494000435E0,-3.565950155E0
6.693702511E0,3.592950106E0,7.654050350E0,-3.175050259E0
6.696145980E0,2.575050116E0,7.924950600E0,-2.431050062E0
6.698589367E0,2.226000071E0,7.659000397E0,-2.275050163E0
6.701032751E0,3.148050070E0,7.851000309E0,-3.537000179E0
6.703476136E0,4.009950161E0,7.915050507E0,-5.400000095E0
6.705919521E0,3.595050097E0,8.233950615E0,-6.520050526E0
6.708362910E0,3.255000114E0,8.791950226E0,-5.794950485E0
6.710806295E0,2.808000088E0,9.298950195E0,-4.285950184E0
6.713249680E0,2.616000175E0,9.084000587E0,-3.180000067E0
6.715693064E0,2.185050011E0,9.217950821E0,-2.859000206E0
6.718136448E0,2.664000034E0,8.545050621E0,-3.265950203E0
6.720579836E0,3.667050123E0,7.603950500E0,-3.951000214E0
6.723023451E0,4.608000278E0,7.330950260E0,-4.285950184E0
6.725466837E0,4.690050125E0,7.221000195E0,-4.380000114E0
6.727910222E0,3.756000280E0,6.915000439E0,-3.748050213E0
6.730353607E0,2.736000061E0,6.736950397E0,-2.497950077E0
6.732796977E0,2.410050154E0,6.985950470E0,-1.819950104E0
6.735240362E0,3.697950125E0,6.867000103E0,-2.380050182E0
6.737683821E0,4.702050209E0,6.832950115E0,-4.570950031E0
6.740127208E0,4.785000324E0,7.438950539E0,-7.071000099E0
6.742570593E0,4.363950253E0,8.209950447E0,-7.923000336E0
6.745013977E0,3.937950134E0,8.839950562E0,-6.841050148E0
6.747457362E0,3.045000076E0,9.204000473E0,-4.786950111E0
6.749900747E0,1.776000142E0,9.034049988E0,-2.899950027E0
6.752344131E0,1.548000097E0,8.509050369E0,-2.434950113E0
6.754787515E0,3.463950157E0,7.699950218E0,-3.645000219E0
6.757230899E0,4.429050446E0,6.736950397E0,-5.388000488E0
6.759674283E0,4.174950123E0,6.547950268E0,-5.674950123E0
6.762117668E0,3.852000237E0,7.030050278E0,-4.075950146E0
6.764561283E0,3.876000166E0,7.587000370E0,-2.722950220E0
6.767004670E0,3.253050089E0,8.064000130E0,-1.887000084E0
6.769448054E0,2.659050226E0,7.767000198E0,-2.119050026E0
6.771891439E0,2.820000172E0,8.041950226E0,-3.301950216E0
6.774334824E0,3.946950197E0,7.807950497E0,-5.668050289E0
6.776778283E0,3.793950081E0,8.076000214E0,-6.963000298E0
6.779221670E0,3.547950268E0,8.513999939E0,-6.259050369E0
6.781665034E0,3.040050030E0,9.072000504E0,-4.471050262E0
6.784108419E0,2.638050079E0,9.292050362E0,-2.959950209E0
6.786551804E0,2.266950130E0,9.286950111E0,-2.746950150E0
6.788995188E0,2.326050043E0,9.040950775E0,-3.678000212E0
6.791438573E0,2.860050201E0,8.204999924E0,-4.473000050E0
6.793881957E0,3.876000166E0,7.504050255E0,-4.633050442E0
6.796325341E0,4.408950329E0,7.449000359E0,-4.051949978E0
6.798768725E0,3.919050217E0,6.984000206E0,-3.396000147E0
6.801212340E0,3.154950142E0,6.685050488E0,-2.686950207E0
6.803655723E0,2.893950224E0,7.087050438E0,-2.124000072E0
6.806099107E0,3.117000103E0,7.249950409E0,-2.979000092E0
6.808542492E0,4.335000038E0,7.240050316E0,-4.771950245E0
6.810985877E0,4.594050407E0,7.714050293E0,-6.967950344E0
6.813429261E0,4.314000130E0,8.148000717E0,-7.717050552E0
6.815872740E0,3.976050138E0,8.437050819E0,-6.807000160E0
6.818316049E0,3.370050192E0,8.800950050E0,-4.819950104E0
6.820759509E0,2.395950079E0,8.689050674E0,-3.241950035E0
6.823202896E0,1.966950059E0,8.348999977E0,-2.854050159E0
6.825646280E0,3.592950106E0,7.819950581E0,-3.847950220E0
6.828089665E0,4.198950291E0,7.123050213E0,-5.308950424E0
6.830533049E0,4.153050423E0,6.724950314E0,-5.689050198E0
6.832976434E0,3.519000053E0,7.164000511E0,-4.432050228E0
6.835419819E0,3.484950066E0,7.663950443E0,-2.718000174E0
6.837863203E0,3.415950060E0,7.687950134E0,-1.947000146E0
6.840306587E0,2.917950153E0,7.759950161E0,-2.182049990E0
6.842750201E0,2.638050079E0,7.662000179E0,-3.087000132E0
6.845193588E0,3.142950058E0,7.887000561E0,-4.918050289E0
6.847636973E0,3.781950235E0,8.064000130E0,-6.088950157E0
6.850080357E0,3.354000092E0,8.479949951E0,-6.379050255E0
6.852523742E0,3.271950245E0,8.968950272E0,-4.930050373E0
6.854967126E0,2.781000137E0,9.253950119E0,-3.640050173E0
6.857410586E0,2.494050026E0,9.217950821E0,-3.100950241E0
6.859853973E0,2.554050207E0,9.031050682E0,-3.574950218E0
6.862297357E0,3.016050100E0,8.479949951E0,-4.111050129E0
6.864740742E0,3.946950197E0,7.603950500E0,-4.581000328E0
6.867184126E0,4.492950439E0,7.429050446E0,-4.305000305E0
6.869627511E0,4.275000095E0,7.006050110E0,-3.988950253E0
6.872070896E0,3.226950169E0,6.462000370E0,-3.292950153E0
6.874514280E0,2.535000086E0,6.541050434E0,-1.851000071E0
6.876957669E0,2.764950037E0,6.679950237E0,-1.702950120E0
6.879401053E0,3.967050076E0,6.694050312E0,-2.803950071E0
6.881844437E0,4.720950127E0,7.149000168E0,-5.485950470E0
6.884288053E0,4.486050129E0,7.900950432E0,-7.533000469E0
6.886731439E0,4.237050056E0,8.722050667E0,-7.939950466E0
6.889174810E0,3.052050114E0,9.429000854E0,-6.396000385E0
6.891618194E0,2.223000050E0,9.238950729E0,-3.886050224E0
6.894061579E0,1.483950019E0,8.872950554E0,-2.265000105E0
6.896504964E0,2.653950214E0,8.125950813E0,-2.581950188E0
6.898948423E0,4.254000187E0,6.973950386E0,-4.308000088E0
6.901391805E0,4.747050285E0,6.373050213E0,-6.051000118E0
6.903835189E0,4.102950096E0,6.663000107E0,-5.506950378E0
6.906278574E0,3.748950243E0,7.393050194E0,-3.273000240E0
6.908721959E0,3.406050205E0,7.627950191E0,-1.770000100E0
6.911165338E0,2.817000151E0,7.935000420E0,-1.006049991E0
6.913608723E0,2.815050125E0,7.522950172E0,-1.993050098E0
6.916052108E0,3.579000235E0,7.504050255E0,-4.200000286E0
6.918495492E0,4.299000263E0,7.720950603E0,-6.598950386E0
6.920938876E0,3.424950123E0,8.287050247E0,-7.087950230E0
6.923382514E0,3.514050245E0,8.872950554E0,-5.452050209E0
6.925825901E0,2.772000074E0,9.586950302E0,-3.439050198E0
6.928269285E0,2.282999992E0,9.541050911E0,-2.344050169E0
6.930712670E0,2.322000027E0,9.016950607E0,-3.184950113E0
6.933156055E0,2.650050163E0,8.539950371E0,-4.312950134E0
6.935599439E0,3.142950058E0,7.471950531E0,-4.657050133E0
6.938042899E0,4.255949974E0,7.252050400E0,-3.843000174E0
6.940486285E0,4.801950455E0,7.093950272E0,-3.264000177E0
6.942929670E0,4.375950336E0,6.784950256E0,-2.674950123E0
6.945373055E0,3.301050186E0,6.874050140E0,-2.400000095E0
6.947816425E0,2.616000175E0,7.153950214E0,-2.449950218E0
6.950259810E0,3.073050261E0,7.068000317E0,-3.529950142E0
6.952703195E0,4.263000011E0,7.104000568E0,-4.983000278E0
6.955146579E0,4.797000408E0,7.554000378E0,-6.348000526E0
6.957589963E0,4.816050053E0,8.171999931E0,-6.906000137E0
6.960033356E0,4.350000381E0,8.574000359E0,-6.192000389E0
6.962476971E0,3.495000124E0,8.787000656E0,-4.899000168E0
6.964920357E0,2.230950117E0,8.878050804E0,-3.625050068E0
6.967363742E0,1.905000091E0,8.482950211E0,-3.304950237E0
6.969807127E0,3.471000195E0,7.567950249E0,-3.958050251E0
6.972250535E0,4.599000454E0,6.555000305E0,-4.677000046E0
6.974693920E0,4.636950016E0,6.517050266E0,-4.830000401E0
6.977137379E0,4.302000046E0,6.904950142E0,-3.549000263E0
6.979580766E0,4.006950378E0,7.402950287E0,-2.614950180E0
6.982024151E0,3.622050285E0,7.924950600E0,-2.376000166E0
6.984467554E0,2.902950048E0,8.337000847E0,-2.361000061E0
6.986910939E0,2.334000111E0,7.980000496E0,-3.493950129E0
6.989354324E0,3.157050133E0,7.767000198E0,-4.588050365E0
6.991797708E0,3.945000172E0,7.887000561E0,-5.469000340E0
6.994241092E0,3.817950249E0,8.136000633E0,-5.443050385E0
6.996684476E0,3.684000254E0,8.623950005E0,-4.432050228E0
6.999127860E0,3.009000063E0,9.057000160E0,-3.360000134E0
7.001571475E0,2.725950241E0,9.096000671E0,-3.076950073E0
7.004014862E0,2.923050165E0,9.115050316E0,-3.733050108E0
7.006458247E0,2.848050117E0,8.683950424E0,-4.264950275E0
7.008901617E0,3.658050060E0,7.621050358E0,-4.237950325E0
7.011345002E0,4.441050053E0,7.318950176E0,-3.537000179E0
7.013788387E0,4.612950325E0,7.165950298E0,-2.943000078E0
7.016231846E0,4.338000298E0,6.550950527E0,-3.096000195E0
7.018675233E0,3.289050102E0,6.679950237E0,-2.742000103E0
7.021118621E0,2.374050140E0,6.876000404E0,-2.656050205E0
7.023562006E0,2.902950048E0,7.024950504E0,-3.075000048E0
7.026005391E0,4.702050209E0,7.012950420E0,-4.327050209E0
7.028448775E0,4.957950115E0,7.506000519E0,-5.818950176E0
7.030892160E0,4.645950317E0,8.148000717E0,-6.634950161E0
7.033335544E0,4.006950378E0,8.689050674E0,-6.075000286E0
7.035778928E0,3.294000149E0,9.192000389E0,-4.677000046E0
7.038222312E0,2.415000200E0,8.967000008E0,-3.858000278E0
7.040665696E0,2.302050114E0,8.509050369E0,-3.372000217E0
7.043109312E0,3.661950111E0,7.699950218E0,-3.795000076E0
7.045552703E0,4.615050316E0,6.751950264E0,-4.558950424E0
7.047996088E0,4.630050182E0,6.642000198E0,-4.518000126E0
7.050439473E0,4.050000191E0,7.111050129E0,-3.360000134E0
7.052882857E0,3.949950218E0,7.450950146E0,-2.529000044E0
7.055326317E0,3.436950207E0,7.920000553E0,-2.016000032E0
7.057769640E0,2.728950024E0,7.567950249E0,-2.656050205E0
7.060213100E0,2.791050196E0,7.812000275E0,-3.714000225E0
7.062656487E0,3.805950165E0,7.935000420E0,-5.160000324E0
7.065099871E0,3.837000132E0,8.278950691E0,-5.875950336E0
7.067543256E0,3.943050146E0,8.542950630E0,-5.503050327E0
7.069986655E0,3.066000223E0,9.409049988E0,-4.435050011E0
7.072430040E0,2.583000183E0,9.546000481E0,-3.343050241E0
7.074873425E0,2.458050013E0,9.229950905E0,-3.132000208E0
7.077316809E0,2.713950157E0,9.100950241E0,-3.487050056E0
7.079760208E0,3.226950169E0,8.245950699E0,-4.019999981E0
7.082203822E0,4.399950027E0,7.437000275E0,-4.108950138E0
7.084647209E0,5.106000423E0,7.207050323E0,-4.297950268E0
7.087090594E0,4.144050121E0,6.783000469E0,-3.775950193E0
7.089533978E0,2.853000164E0,6.639000416E0,-2.686950207E0
7.091977363E0,2.413050175E0,6.637050152E0,-1.593000054E0
7.094420747E0,3.322050095E0,6.682050228E0,-1.782000065E0
7.096864207E0,4.635000229E0,6.795000553E0,-3.763950109E0
7.099307594E0,4.884000301E0,7.210950375E0,-6.264000416E0
7.101750978E0,4.726050377E0,8.329950333E0,-8.062050819E0
7.104194363E0,4.146000385E0,9.067049980E0,-7.485000134E0
7.106637747E0,3.331950188E0,9.313950539E0,-5.395050049E0
7.109081132E0,2.155950069E0,9.148050308E0,-3.384000063E0
7.111524517E0,1.624950051E0,8.683950424E0,-2.376000166E0
7.113967901E0,3.205050230E0,7.711950302E0,-3.388050079E0
7.116411270E0,4.668000221E0,6.433050156E0,-4.960950375E0
7.118854654E0,4.723050117E0,6.262950420E0,-5.850000381E0
7.121298038E0,4.132050037E0,6.832950115E0,-4.552050114E0
7.123741654E0,3.934950113E0,7.234950542E0,-2.845050097E0
7.126185040E0,3.114000082E0,7.948950291E0,-1.789050102E0
7.128628425E0,3.085050106E0,7.789050579E0,-1.747950077E0
7.131071809E0,3.145050049E0,7.638000488E0,-3.525000095E0
7.133515194E0,3.780000210E0,7.614000320E0,-5.650950432E0
7.135958579E0,3.919050217E0,8.100000381E0,-6.340950489E0
7.138402038E0,3.732000113E0,8.361000061E0,-6.208950520E0
7.140845425E0,3.223950148E0,9.067049980E0,-4.521000385E0
7.143288809E0,2.680950165E0,9.570000648E0,-3.003000259E0
7.145732194E0,2.197050095E0,9.373950005E0,-2.893050194E0
7.148175579E0,2.347950220E0,9.172050476E0,-3.613050222E0
7.150618963E0,2.677950144E0,8.404050827E0,-4.219050407E0
7.153062353E0,3.612000227E0,7.549050331E0,-4.009050369E0
7.155505966E0,4.606050014E0,7.147050381E0,-3.898050070E0
7.157949122E0,4.675050259E0,6.769050121E0,-3.538950205E0
7.160392736E0,4.110000134E0,6.412050247E0,-2.874000072E0
7.162836122E0,2.761950016E0,6.733050346E0,-2.111999989E0
7.165279498E0,2.616000175E0,7.045950413E0,-2.122050047E0
7.167722882E0,4.029000282E0,7.068000317E0,-3.594000101E0
7.170166267E0,5.082000256E0,7.342950344E0,-5.818950176E0
7.172609652E0,4.789950371E0,7.978050232E0,-7.744050503E0
7.175053036E0,4.447950363E0,8.655000687E0,-7.636050224E0
7.177496481E0,3.823050261E0,8.799000740E0,-6.040950298E0
7.179939867E0,2.535000086E0,9.000000000E0,-3.724050283E0
7.182383252E0,1.836000085E0,8.677050591E0,-1.875000119E0
7.184826637E0,2.938950062E0,8.023050308E0,-2.545950174E0
7.187270021E0,4.684950352E0,6.916950226E0,-4.518000126E0
7.189713406E0,4.966950417E0,6.301950455E0,-6.163050175E0
7.192156791E0,4.432950020E0,6.603000164E0,-5.650950432E0
7.194600175E0,4.074000359E0,7.267050266E0,-3.360000134E0
7.197043559E0,3.231000185E0,7.795950413E0,-1.509000063E0
7.199486943E0,2.836050034E0,7.882050514E0,-9.769500494E-1
7.201930553E0,3.106950045E0,7.630050182E0,-1.923000097E0
7.204373939E0,3.567000151E0,7.663950443E0,-4.629000187E0
7.206817324E0,3.969000101E0,7.681050301E0,-6.874050140E0
7.209260709E0,3.784950256E0,8.044950485E0,-6.942000389E0
7.211704089E0,3.274950266E0,8.743950844E0,-5.497950077E0
7.214147474E0,2.769000053E0,9.378000259E0,-2.815950155E0
7.216590933E0,2.437050104E0,9.393000603E0,-2.116950035E0
7.219034320E0,2.595000029E0,9.349950790E0,-2.376000166E0
7.221477705E0,3.033000231E0,8.581050873E0,-3.859950066E0
7.223921089E0,3.540000200E0,7.719000340E0,-5.028000355E0
7.226364474E0,4.552950382E0,7.261950493E0,-4.777050018E0
7.228807859E0,4.716000080E0,6.910050392E0,-3.970050097E0
7.231251243E0,4.318050385E0,6.534000397E0,-2.797050238E0
7.233694857E0,3.349050045E0,6.409050465E0,-1.657050133E0
7.236138007E0,2.539950132E0,6.733050346E0,-1.336050034E0
7.238581621E0,3.873000145E0,6.630000114E0,-2.706000090E0
7.241024777E0,5.188050270E0,6.912000179E0,-5.047950268E0
7.243468390E0,4.872000217E0,7.774050236E0,-7.417950153E0
7.245911777E0,4.524000168E0,8.539950371E0,-7.942050457E0
7.248355166E0,3.720000267E0,8.998050690E0,-6.562950134E0
7.250798551E0,2.716950178E0,9.349950790E0,-4.236000061E0
7.253241936E0,1.849950075E0,9.091050148E0,-2.425950050E0
7.255685395E0,2.137050152E0,8.593050003E0,-2.392050028E0
7.258128782E0,3.943050146E0,7.446000576E0,-3.970050097E0
7.260572145E0,4.692000389E0,6.505050182E0,-5.740050316E0
7.263015530E0,4.371000290E0,6.567000389E0,-5.722950459E0
7.265458915E0,4.303950310E0,7.056000233E0,-3.727950096E0
7.267902299E0,3.378000259E0,7.650000572E0,-1.807950139E0
7.270345684E0,2.704950094E0,7.642050266E0,-1.108950019E0
7.272789059E0,3.124050140E0,7.510950565E0,-1.416000009E0
7.275232443E0,3.808050156E0,7.528050423E0,-4.096950054E0
7.277675827E0,4.342050076E0,7.876950264E0,-6.448050499E0
7.280119211E0,3.904050112E0,8.289000511E0,-7.392000198E0
7.282562827E0,3.367950201E0,8.983050346E0,-6.283050060E0
7.285006218E0,2.737950087E0,9.661050797E0,-3.676050186E0
7.287449603E0,2.130000114E0,9.465000153E0,-2.305950165E0
7.289892988E0,1.833000064E0,9.442950249E0,-2.197950125E0
7.292336372E0,2.371950150E0,8.998050690E0,-3.199050188E0
7.294779832E0,3.469050169E0,7.741050243E0,-4.269000053E0
7.297223222E0,4.423950195E0,7.279050350E0,-4.879950047E0
7.299666607E0,4.570050240E0,7.018050194E0,-4.798950195E0
7.302109992E0,3.949950218E0,6.766050339E0,-3.484050274E0
7.304553376E0,2.800950050E0,6.670050144E0,-1.861050129E0
7.306996761E0,2.808000088E0,6.883050442E0,-9.510000348E-1
7.309440150E0,3.840000153E0,6.852000237E0,-2.311050177E0
7.311883534E0,5.125050068E0,6.831000328E0,-5.356050491E0
7.314326918E0,4.993950367E0,7.450950146E0,-8.110050201E0
7.316770533E0,4.290000439E0,8.512050629E0,-8.325000763E0
7.319213689E0,3.622050285E0,9.057000160E0,-6.360000134E0
7.321657316E0,2.809950113E0,9.031050682E0,-3.915000200E0
7.324100703E0,1.909950137E0,8.956950188E0,-1.954050064E0
7.326544088E0,2.149049997E0,8.454000473E0,-2.347050190E0
7.328987472E0,3.718050241E0,7.393050194E0,-4.159049988E0
7.331430857E0,4.524000168E0,6.433050156E0,-5.968950272E0
7.333874241E0,4.420950413E0,6.333000183E0,-5.835000515E0
7.336317701E0,4.074000359E0,6.904950142E0,-3.582000256E0
7.338761088E0,3.694050074E0,7.453050137E0,-1.791000128E0
7.341204472E0,3.166950226E0,7.942050457E0,-1.116000056E0
7.343647843E0,3.166950226E0,7.534950256E0,-2.080950022E0
7.346091228E0,3.580950260E0,7.651950359E0,-3.913050175E0
7.348534612E0,4.465050220E0,7.780950546E0,-6.541950226E0
7.350977997E0,3.888000250E0,8.056950569E0,-6.952950478E0
7.353421381E0,3.519000053E0,8.634000778E0,-5.743950367E0
7.355864760E0,3.109050035E0,9.136950493E0,-3.448050261E0
7.358308144E0,2.686050177E0,9.366000175E0,-2.007000208E0
7.360751528E0,2.350050211E0,9.127050400E0,-2.155050039E0
7.363195144E0,2.458050013E0,8.806050301E0,-3.135000229E0
7.365638530E0,3.283950090E0,8.077950478E0,-3.949050188E0
7.368081924E0,4.447950363E0,7.458000183E0,-4.437000275E0
7.370525308E0,5.122950077E0,7.123050213E0,-4.341000080E0
7.372968693E0,4.756950378E0,6.679950237E0,-3.670950174E0
7.375412078E0,3.004050255E0,6.558000088E0,-1.819950104E0
7.377855537E0,2.329050064E0,6.802050114E0,-1.399050117E0
7.380298924E0,3.592950106E0,7.008000374E0,-9.700500369E-1
7.382742309E0,5.092050076E0,6.796950340E0,-3.285000086E0
7.385185693E0,4.828050137E0,7.578000546E0,-6.369000435E0
7.387629078E0,4.654050350E0,8.179050446E0,-7.642950535E0
7.390072462E0,4.108050346E0,8.923050880E0,-7.090050220E0
7.392515862E0,3.181050062E0,9.091050148E0,-4.870050430E0
7.394959475E0,2.215950012E0,8.818050385E0,-2.239050150E0
7.397402631E0,2.259000063E0,8.464050293E0,-1.570950031E0
7.399846245E0,3.997950077E0,7.518000126E0,-2.574000120E0
7.402289400E0,5.307000160E0,6.093000412E0,-4.966050148E0
7.404733014E0,5.049000263E0,6.072000504E0,-6.300000191E0
7.407176400E0,4.246950150E0,6.823950291E0,-4.677000046E0
7.409619785E0,4.207950115E0,7.330950260E0,-2.373000145E0
7.412063170E0,3.337050200E0,7.812000275E0,-6.250500083E-1
7.414506554E0,2.880000114E0,7.645050526E0,-9.510000348E-1
7.416950014E0,3.463950157E0,7.705050468E0,-2.790000200E0
7.419393401E0,4.239000320E0,7.669050217E0,-5.809050083E0
7.421836785E0,3.928050280E0,7.947000504E0,-7.021050453E0
7.424280170E0,3.813000202E0,8.434950829E0,-6.184950352E0
7.426723554E0,3.298950195E0,9.139050484E0,-4.179000378E0
7.429166953E0,2.680950165E0,9.414000511E0,-2.364000082E0
7.431610338E0,2.599050045E0,9.211050034E0,-2.026050091E0
7.434053722E0,2.737950087E0,8.871000290E0,-2.938050032E0
7.436497106E0,3.102000237E0,8.239050865E0,-3.697050095E0
7.438940490E0,4.033950329E0,7.587000370E0,-4.234050274E0
7.441383874E0,4.906949997E0,7.378950119E0,-4.116000175E0
7.443827490E0,4.918950081E0,7.072950363E0,-3.609000206E0
7.446270876E0,3.540000200E0,7.012950420E0,-2.470950127E0
7.448714261E0,2.704950094E0,7.233000278E0,-1.426950097E0
7.451157645E0,2.970000029E0,7.417050362E0,-1.711950064E0
7.453601045E0,3.876000166E0,7.506000519E0,-3.676050186E0
7.456044430E0,4.519950390E0,7.518000126E0,-6.229950428E0
7.458487889E0,4.519950390E0,8.169000626E0,-7.449000359E0
7.460931276E0,4.546050072E0,8.722050667E0,-6.963000298E0
7.463374660E0,3.856050253E0,8.968950272E0,-5.308950424E0
7.465818041E0,3.037950039E0,8.832000732E0,-3.457950115E0
7.468261426E0,2.395950079E0,8.509050369E0,-2.706000090E0
7.470704810E0,3.282000065E0,8.014050484E0,-3.664050102E0
7.473148195E0,4.825950146E0,6.712950230E0,-5.017050266E0
7.475591580E0,4.996050358E0,6.289950371E0,-6.084000111E0
7.478035188E0,4.195950031E0,6.618000507E0,-5.095950127E0
7.480478344E0,4.168050289E0,7.033950329E0,-3.040950060E0
7.482921957E0,4.057950020E0,7.288050175E0,-1.795950055E0
7.485365344E0,3.081000090E0,7.947000504E0,-1.746000051E0
7.487808728E0,2.925000191E0,7.659000397E0,-3.159000158E0
7.490252122E0,3.378000259E0,7.927050591E0,-5.056950092E0
7.492695507E0,3.856050253E0,7.884000301E0,-6.676050186E0
7.495138891E0,3.811050177E0,8.197950363E0,-6.364050388E0
7.497582276E0,3.829950094E0,8.842050552E0,-4.875000000E0
7.500025735E0,3.124050140E0,9.265950203E0,-3.372000217E0
7.502469118E0,2.869950056E0,9.345000267E0,-3.111000061E0
7.504912503E0,3.109050035E0,9.084000587E0,-4.019999981E0
7.507355887E0,3.196050167E0,8.569050789E0,-4.863000393E0
7.509799272E0,3.502050161E0,7.800000191E0,-4.665000439E0
7.512242637E0,4.512000084E0,7.192050457E0,-3.597000122E0
7.514686021E0,5.191950321E0,7.018050194E0,-2.890050173E0
7.517129405E0,4.965000153E0,6.685050488E0,-3.031950235E0
7.519572789E0,3.658050060E0,6.469050407E0,-3.100950241E0
7.522016173E0,2.335950136E0,6.919050217E0,-2.938050032E0
7.524459558E0,2.346000195E0,7.219050407E0,-2.785050154E0
7.526903173E0,4.036050320E0,7.156050205E0,-3.819000244E0
7.529346560E0,4.929000378E0,7.606950283E0,-4.909050465E0
7.531789944E0,4.848000050E0,8.221950531E0,-5.968950272E0
7.534233329E0,4.504950047E0,8.986050606E0,-6.328950405E0
7.536676713E0,3.910950184E0,9.442950249E0,-6.364050388E0
7.539120173E0,2.764950037E0,9.262950897E0,-5.275050163E0
7.541563560E0,2.092050076E0,8.803950310E0,-3.886050224E0
7.544006944E0,3.424950123E0,7.755000591E0,-3.336000204E0
7.546450329E0,5.065050125E0,6.286950111E0,-3.582000256E0
7.548893719E0,5.583000183E0,5.782050133E0,-4.392000198E0
7.551337103E0,5.097000122E0,5.974050522E0,-3.952950239E0
7.553780488E0,4.546050072E0,6.685050488E0,-2.893050194E0
7.556224101E0,3.729000092E0,7.483950138E0,-1.981050134E0
7.558667257E0,2.982000113E0,8.011050224E0,-2.007000208E0
7.561110856E0,2.665950060E0,8.119050026E0,-3.022050142E0
7.563554012E0,3.105000257E0,8.083050728E0,-4.711950302E0
7.565997626E0,3.700950146E0,8.217000008E0,-5.704050064E0
7.568441012E0,3.696000099E0,8.470950127E0,-5.673000336E0
7.570884397E0,3.555000067E0,9.007050514E0,-4.602000237E0
7.573327782E0,2.917950153E0,9.440999985E0,-3.180000067E0
7.575771166E0,2.677950144E0,9.453000069E0,-2.791950226E0
7.578214551E0,3.085050106E0,9.180000305E0,-3.415050268E0
7.580658010E0,3.151950121E0,8.457000732E0,-4.080000401E0
7.583101397E0,3.727050066E0,7.225950241E0,-3.949050188E0
7.585544767E0,4.507950306E0,6.820950508E0,-3.319050074E0
7.587988151E0,5.326050282E0,6.571950436E0,-2.926050186E0
7.590431536E0,5.473050117E0,6.045000076E0,-3.132000208E0
7.592874920E0,3.885000229E0,6.277950287E0,-2.526000023E0
7.595318305E0,2.508000135E0,6.759000301E0,-2.361000061E0
7.597761690E0,2.578050137E0,7.060950279E0,-2.464050055E0
7.600205074E0,3.888000250E0,7.294950485E0,-4.035000324E0
7.602648458E0,4.611000061E0,7.884000301E0,-5.554950237E0
7.605092072E0,4.764000416E0,8.317950249E0,-6.697050095E0
7.607535459E0,4.251000404E0,8.779950142E0,-6.391050339E0
7.609978849E0,3.643050194E0,9.079050064E0,-5.104950428E0
7.612422233E0,2.812050104E0,8.968950272E0,-4.084949970E0
7.614865618E0,2.556000233E0,8.574000359E0,-3.144000053E0
7.617309002E0,3.832050085E0,7.546950340E0,-3.487050056E0
7.619752462E0,4.963050365E0,6.354000092E0,-4.060950279E0
7.622195839E0,5.508000374E0,6.133950233E0,-4.605000019E0
7.624639223E0,5.008050442E0,6.582000256E0,-3.910050154E0
7.627082608E0,4.606050014E0,7.039050102E0,-2.613000154E0
7.629525992E0,3.682050228E0,7.585050583E0,-1.614000082E0
7.631969373E0,2.820000172E0,7.789050579E0,-1.779000044E0
7.634412758E0,3.037950039E0,7.999050617E0,-2.787000179E0
7.636856142E0,3.319950104E0,8.017950058E0,-4.798950195E0
7.639299526E0,3.636000156E0,7.978050232E0,-5.835000515E0
7.641742910E0,3.720000267E0,8.398950577E0,-5.905050278E0
7.644186509E0,3.262950182E0,9.084000587E0,-4.530000210E0
7.646629896E0,2.913000107E0,9.469050407E0,-2.818950176E0
7.649073280E0,2.652000189E0,9.322950363E0,-2.203050137E0
7.651516665E0,2.761950016E0,8.998050690E0,-2.779950142E0
7.653960049E0,3.349050045E0,8.308050156E0,-3.798000097E0
7.656403434E0,4.138950348E0,7.125000477E0,-4.432050228E0
7.658846819E0,4.969950199E0,6.903000355E0,-3.883950233E0
7.661290278E0,4.930950165E0,6.904950142E0,-2.967000246E0
7.663733665E0,4.480950356E0,6.463950157E0,-2.272950172E0
7.666177049E0,3.483000278E0,6.450000286E0,-1.699950099E0
7.668620449E0,2.797950029E0,6.555000305E0,-1.794000030E0
7.671063834E0,3.849000216E0,6.745050430E0,-3.099000216E0
7.673507218E0,4.963050365E0,7.104000568E0,-4.887000084E0
7.675950603E0,5.062950134E0,7.666050434E0,-6.637050152E0
7.678393988E0,4.855050087E0,8.386950493E0,-6.997050285E0
7.680837376E0,4.251000404E0,8.896950722E0,-5.799000263E0
7.683280990E0,3.202950239E0,9.187050819E0,-4.369950294E0
7.685724376E0,2.286000013E0,9.036000252E0,-2.838000059E0
7.688167761E0,2.929950237E0,8.248050690E0,-2.799000025E0
7.690611145E0,4.522050381E0,7.140000343E0,-4.068000317E0
7.693054540E0,5.212050438E0,6.546000481E0,-5.119050026E0
7.695497925E0,4.936050415E0,6.642000198E0,-4.975950241E0
7.697941309E0,4.519950390E0,7.210950375E0,-3.199050188E0
7.700384769E0,4.078950405E0,7.513050556E0,-1.642950058E0
7.702828155E0,2.877000093E0,7.944000244E0,-1.011000037E0
7.705271550E0,2.512950182E0,7.554000378E0,-1.377000093E0
7.707714935E0,3.421050072E0,7.611000538E0,-2.895000219E0
7.710158319E0,4.780950069E0,7.417050362E0,-5.500050068E0
7.712601704E0,4.534049988E0,7.870050430E0,-6.625050545E0
7.715045089E0,4.057950020E0,8.482950211E0,-6.135000229E0
7.717488473E0,3.174000263E0,9.499950409E0,-4.147050381E0
7.719931857E0,2.833950043E0,9.835950851E0,-2.148000002E0
7.722375471E0,2.347950220E0,9.541050911E0,-1.830000043E0
7.724818627E0,2.676000118E0,8.859000206E0,-2.445000172E0
7.727262240E0,4.057950020E0,7.429050446E0,-3.846000195E0
7.729705627E0,5.347950459E0,6.627000332E0,-4.590000153E0
7.732149012E0,5.604000092E0,6.478950500E0,-4.393949986E0
7.734592396E0,4.729950428E0,6.627000332E0,-3.039000034E0
7.737035781E0,3.718050241E0,6.699000359E0,-1.528050065E0
7.739479166E0,2.757000208E0,6.955050468E0,-1.084950089E0
7.741922610E0,3.013950109E0,7.185000420E0,-1.854000092E0
7.744365997E0,4.630050182E0,6.988950253E0,-4.380000114E0
7.746809381E0,5.224050045E0,7.374000549E0,-6.783000469E0
7.749252766E0,5.125050068E0,8.039999962E0,-7.819950581E0
7.751696137E0,4.623000145E0,8.728950500E0,-6.502950191E0
7.754139521E0,4.012050152E0,9.049950600E0,-4.449000359E0
7.756582906E0,2.755050182E0,9.237000465E0,-2.875950098E0
7.759026290E0,2.314050198E0,9.000000000E0,-2.767950058E0
7.761469904E0,3.616950274E0,7.876950264E0,-4.249950409E0
7.763913290E0,4.618050098E0,6.667950153E0,-5.401950359E0
7.766356675E0,4.942950249E0,6.306000233E0,-5.124000072E0
7.768800060E0,4.801950455E0,6.453000069E0,-3.514950275E0
7.771243444E0,4.635000229E0,7.137000561E0,-1.630950093E0
7.773686829E0,4.447950363E0,7.444050312E0,-1.327050090E0
7.776130214E0,3.229050159E0,8.209950447E0,-2.119050026E0
7.778573598E0,2.410050154E0,8.059050560E0,-3.493950129E0
7.781016982E0,2.659050226E0,8.071050644E0,-4.879950047E0
7.783460442E0,4.120050430E0,7.894050598E0,-5.689050198E0
7.785903829E0,4.081050396E0,8.014050484E0,-5.493000031E0
7.788347213E0,3.919050217E0,8.611950874E0,-4.507050037E0
7.790790597E0,3.448950052E0,9.180000305E0,-3.514950275E0
7.793233982E0,2.628000021E0,9.556050301E0,-2.992950201E0
7.795677366E0,2.700000048E0,9.316050529E0,-3.381000042E0
7.798120751E0,3.157050133E0,8.602950096E0,-4.401000023E0
7.800564146E0,3.828000069E0,7.365000248E0,-4.516050339E0
7.803007530E0,4.680000305E0,6.607950211E0,-4.027950287E0
7.805451144E0,5.319000244E0,6.418950081E0,-3.250050068E0
7.807894300E0,5.338050365E0,6.358950138E0,-3.312000275E0
7.810337913E0,3.828000069E0,6.466950417E0,-2.959950209E0
7.812781295E0,2.431950092E0,6.960000515E0,-2.749050140E0
7.815224679E0,2.140050173E0,7.338000298E0,-2.658000231E0
7.817668064E0,3.490050077E0,7.401000500E0,-3.673050165E0
7.820111448E0,4.515000343E0,7.542000294E0,-5.452050209E0
7.822554833E0,4.681950092E0,8.131050110E0,-6.606000423E0
7.824998279E0,4.551000118E0,8.583000183E0,-6.415050507E0
7.827441665E0,3.789000273E0,9.163050652E0,-5.713050365E0
7.829885050E0,2.917950153E0,9.196050644E0,-4.714950085E0
7.832328434E0,2.247000217E0,8.908950806E0,-3.838950157E0
7.834771819E0,3.220050097E0,8.041950226E0,-3.793050289E0
7.837215204E0,4.539000034E0,6.778050423E0,-4.099050045E0
7.839658588E0,5.038950443E0,6.265950203E0,-4.425000191E0
7.842102202E0,5.050950050E0,6.250950336E0,-3.733050108E0
7.844545588E0,4.198950291E0,6.820950508E0,-2.716050148E0
7.846988973E0,4.237050056E0,7.516050339E0,-1.966050148E0
7.849432362E0,3.520950079E0,8.056950569E0,-2.637000084E0
7.851875746E0,2.203950167E0,8.406000137E0,-3.679950237E0
7.854319131E0,1.618050098E0,8.254950523E0,-4.522950172E0
7.856762515E0,2.832000017E0,8.251049995E0,-4.947000027E0
7.859205900E0,3.784950256E0,8.377950668E0,-4.995000362E0
7.861649285E0,3.526050091E0,8.782050133E0,-4.320000172E0
7.864092744E0,3.472950220E0,9.136950493E0,-3.843000174E0
7.866536131E0,2.887050152E0,9.534000397E0,-3.775950193E0
7.868979515E0,3.052050114E0,9.292050362E0,-4.369950294E0
7.871422895E0,2.857950211E0,8.947050095E0,-4.687950134E0
7.873866280E0,3.198000193E0,7.651950359E0,-3.810000181E0
7.876309664E0,4.117050171E0,6.867000103E0,-2.845050097E0
7.878753049E0,5.179950237E0,6.441000462E0,-2.625000238E0
7.881196434E0,6.279000282E0,5.919000149E0,-3.679950237E0
7.883640038E0,5.167950153E0,6.067050457E0,-4.096950054E0
7.886083194E0,2.833950043E0,6.898050308E0,-3.645000219E0
7.888526807E0,1.978950143E0,7.036950111E0,-2.899950027E0
7.890970194E0,2.233050108E0,7.422000408E0,-2.584050179E0
7.893413578E0,3.679050207E0,7.525050163E0,-4.075950146E0
7.895856987E0,4.669950008E0,7.798050404E0,-5.854950428E0
7.898300372E0,4.696950436E0,8.356050491E0,-6.685050488E0
7.900743756E0,4.030950069E0,8.794050217E0,-6.454950333E0
7.903187141E0,3.133050203E0,9.244050026E0,-5.577000141E0
7.905630600E0,2.250000000E0,9.060000420E0,-4.249950409E0
7.908073972E0,2.338050127E0,8.743950844E0,-3.396000147E0
7.910517357E0,3.832050085E0,7.374000549E0,-3.337950230E0
7.912960741E0,4.812000275E0,6.424050331E0,-3.706950188E0
7.915404126E0,5.155950069E0,6.262950420E0,-4.012950420E0
7.917847511E0,4.588950157E0,6.508050442E0,-3.537000179E0
7.920291124E0,4.275000095E0,7.183050156E0,-2.622000217E0
7.922734511E0,3.682050228E0,7.786050320E0,-2.361000061E0
7.925177895E0,2.760000229E0,8.434950829E0,-2.752050161E0
7.927621280E0,2.166000128E0,8.254950523E0,-3.922050238E0
7.930064664E0,2.695050240E0,8.358000755E0,-5.143050194E0
7.932508049E0,3.169050217E0,8.694000244E0,-5.734950066E0
7.934951434E0,3.259950161E0,8.971050262E0,-5.134050369E0
7.937394818E0,3.412950277E0,9.271050453E0,-3.706950188E0
7.939838202E0,2.953950167E0,9.417000771E0,-3.072000027E0
7.942281586E0,2.860050201E0,9.237000465E0,-3.493950129E0
7.944724985E0,3.459000111E0,8.962050438E0,-4.641000271E0
7.947168447E0,3.559050083E0,8.083050728E0,-5.031000137E0
7.949611833E0,3.682050228E0,7.294950485E0,-4.096950054E0
7.952055218E0,4.618050098E0,7.051050186E0,-2.602950096E0
7.954498603E0,5.182950020E0,6.769050121E0,-2.658000231E0
7.956941987E0,4.929000378E0,6.304050446E0,-3.421950102E0
7.959385372E0,3.124050140E0,6.454950333E0,-3.511050224E0
7.961828985E0,2.215950012E0,6.879000187E0,-3.211050034E0
7.964272141E0,2.500950098E0,7.176000118E0,-2.886000156E0
7.966715754E0,3.610050201E0,7.534950256E0,-3.706950188E0
7.969158910E0,4.369050026E0,7.984950542E0,-5.064000130E0
7.971602524E0,4.534049988E0,8.422950745E0,-6.501000404E0
7.974045910E0,3.889950275E0,9.084000587E0,-6.810000420E0
7.976489295E0,3.040050030E0,9.313950539E0,-6.204000473E0
7.978932680E0,2.254950047E0,8.895000458E0,-4.626000404E0
7.981376068E0,2.331000090E0,8.437050819E0,-3.223050117E0
7.983819453E0,3.804000139E0,7.390950203E0,-2.956950188E0
7.986262912E0,5.034000397E0,6.283050060E0,-3.763950109E0
7.988706299E0,5.391000271E0,6.097950459E0,-4.690950394E0
7.991149685E0,4.453050137E0,6.730050087E0,-4.243050098E0
7.993593069E0,3.883050203E0,7.390950203E0,-3.046050072E0
7.996036454E0,3.388950109E0,7.705050468E0,-2.320950031E0
7.998479838E0,2.476950169E0,8.293950081E0,-1.963950038E0
8.000923223E0,2.290950060E0,8.002050400E0,-2.959950209E0
8.003366836E0,3.255000114E0,8.032950401E0,-4.678950310E0
8.005809992E0,3.361050129E0,8.341950417E0,-6.192000389E0
8.008253606E0,3.220050097E0,8.755949974E0,-6.064950466E0
8.010696992E0,3.313050270E0,9.271050453E0,-4.714950085E0
8.013140377E0,2.632950068E0,9.630000114E0,-3.466950178E0
8.015583761E0,2.560950041E0,9.450000763E0,-3.148950100E0
8.018027145E0,2.860050201E0,9.127050400E0,-3.847950220E0
8.020470530E0,3.138000250E0,8.039999962E0,-4.201950073E0
8.022913914E0,3.769950151E0,7.168050289E0,-4.228950024E0
8.025357299E0,4.729950428E0,6.973950386E0,-3.226050138E0
8.027800765E0,4.965000153E0,6.847950459E0,-2.875950098E0
8.030244151E0,4.666050434E0,6.595950127E0,-2.866050243E0
8.032687536E0,3.133050203E0,6.790050507E0,-2.941050053E0
8.035130920E0,2.125050068E0,7.168050289E0,-3.091950178E0
8.037574305E0,2.496000051E0,7.177950382E0,-3.427050114E0
8.040017690E0,4.141050339E0,7.353000164E0,-4.540050030E0
8.042461074E0,4.809000015E0,7.719000340E0,-5.875950336E0
8.044904458E0,4.723050117E0,8.322000504E0,-6.877050400E0
8.047347842E0,4.054950237E0,8.830050468E0,-6.628050327E0
8.049791457E0,3.178950071E0,9.129000664E0,-5.425950050E0
8.052234830E0,2.094000101E0,9.013950348E0,-3.835950136E0
8.054678214E0,2.013000011E0,8.550000191E0,-3.031950235E0
8.057121599E0,3.898950100E0,7.444050312E0,-3.714000225E0
8.059564983E0,5.022000313E0,6.402000427E0,-4.957050323E0
8.062008368E0,4.972050190E0,6.475950241E0,-5.383050442E0
8.064451738E0,4.041000366E0,7.021950245E0,-3.817050219E0
8.066895122E0,3.447000265E0,7.468050480E0,-2.182049990E0
8.069338582E0,2.908050060E0,7.882050514E0,-1.336050034E0
8.071781968E0,2.743050098E0,8.193000793E0,-1.734000087E0
8.074225353E0,2.635050058E0,7.720950603E0,-4.011000156E0
8.076668738E0,3.172050238E0,7.699950218E0,-6.028950214E0
8.079112122E0,3.502050161E0,7.867950439E0,-6.657000542E0
8.081555507E0,3.250950098E0,8.527950287E0,-5.886000156E0
8.083998892E0,3.088050127E0,9.225000381E0,-3.771000147E0
8.086442505E0,2.554050207E0,9.556050301E0,-2.509950161E0
8.088885863E0,2.401050091E0,9.418950081E0,-2.919000149E0
8.091329016E0,2.800950050E0,9.073950768E0,-4.638000011E0
8.093772630E0,3.018000126E0,8.265000343E0,-5.305950165E0
8.096216016E0,3.861000299E0,7.105950356E0,-5.221950054E0
8.098659401E0,4.390050411E0,7.207050323E0,-3.300000191E0
8.101102801E0,4.548000336E0,7.096950531E0,-2.317950010E0
8.103546185E0,4.171950340E0,6.558000088E0,-2.494950056E0
8.105989570E0,3.100050211E0,6.639000416E0,-2.971950054E0
8.108432955E0,1.882950068E0,6.904950142E0,-3.802950144E0
8.110876414E0,2.317050219E0,6.988950253E0,-3.901050091E0
8.113319801E0,4.002000332E0,7.144050121E0,-4.606950283E0
8.115763185E0,4.318050385E0,7.831950188E0,-5.220000267E0
8.118206570E0,4.447950363E0,8.524050713E0,-6.004950523E0
8.120649955E0,3.868050098E0,9.076950073E0,-6.280950069E0
8.123093339E0,2.677950144E0,9.508050919E0,-6.036000252E0
8.125536953E0,1.732950091E0,9.199050903E0,-4.096950054E0
8.127980108E0,1.536000013E0,8.731950760E0,-3.955950260E0
8.130423722E0,3.054000139E0,7.723950386E0,-4.552050114E0
8.132867108E0,4.450050354E0,6.474000454E0,-4.387050152E0
8.135310493E0,4.752000332E0,6.340050220E0,-4.392000198E0
8.137753878E0,4.323000431E0,6.574950218E0,-3.345000267E0
8.140197262E0,3.916050196E0,7.128000259E0,-2.917050123E0
8.142640647E0,2.920050144E0,7.686000347E0,-2.388000011E0
8.145084032E0,2.077050209E0,7.747950554E0,-2.802000046E0
8.147527416E0,2.299950123E0,7.843950272E0,-3.877050161E0
8.149970800E0,3.469050169E0,7.867950439E0,-5.197950363E0
8.152414260E0,3.454050064E0,8.173950195E0,-6.043950081E0
8.154857647E0,3.235950232E0,8.718000412E0,-5.926050186E0
8.157301032E0,2.619000196E0,9.546000481E0,-4.711950302E0
8.159744416E0,2.121000051E0,9.550950050E0,-3.561000109E0
8.162187805E0,1.771050096E0,9.438000679E0,-3.273000240E0
8.164631189E0,1.888050079E0,9.205950737E0,-4.047000408E0
8.167074574E0,2.779050112E0,8.101950645E0,-4.702950001E0
8.169517959E0,3.696000099E0,7.228050232E0,-4.444050312E0
8.171961601E0,4.486050129E0,7.101000309E0,-3.469950199E0
8.174404988E0,4.462050438E0,6.721050262E0,-3.156000137E0
8.176848372E0,3.934950113E0,6.508050442E0,-2.971950054E0
8.179291757E0,2.797950029E0,6.790050507E0,-2.971950054E0
8.181735142E0,2.209050179E0,6.988950253E0,-3.502950191E0
8.184178512E0,3.205050230E0,7.108950138E0,-4.365000248E0
8.186621897E0,4.005000114E0,7.506000519E0,-5.497950077E0
8.189065281E0,4.098000050E0,8.143050194E0,-6.379050255E0
8.191508665E0,4.041000366E0,8.454000473E0,-6.478950500E0
8.193952126E0,3.318000078E0,8.980950356E0,-5.614950180E0
8.196395531E0,2.374050140E0,9.164999962E0,-4.879950047E0
8.198838916E0,1.857000113E0,8.943000793E0,-4.107000351E0
8.201282300E0,2.548950195E0,8.322000504E0,-4.312950134E0
8.203725685E0,3.583050251E0,7.276050568E0,-4.416000366E0
8.206169070E0,4.074000359E0,6.690000534E0,-4.384050369E0
8.208612683E0,4.210950375E0,6.630000114E0,-3.955950260E0
8.211056070E0,4.122000217E0,6.883050442E0,-3.240000248E0
8.213499454E0,3.990000248E0,7.405050278E0,-2.955000162E0
8.215942839E0,3.030000210E0,8.016000748E0,-2.955000162E0
8.218386224E0,2.358000040E0,8.014050484E0,-3.646950245E0
8.220829602E0,2.590050220E0,8.076000214E0,-4.557000160E0
8.223272987E0,3.526050091E0,8.124000549E0,-5.425950050E0
8.225716371E0,3.532950163E0,8.527950287E0,-5.743950367E0
8.228159755E0,3.307950258E0,8.739000320E0,-5.449950218E0
8.230603139E0,2.755050182E0,9.238950729E0,-4.558950424E0
8.233046595E0,2.475000143E0,9.100950241E0,-3.757050276E0
8.235489982E0,2.575050116E0,9.064949989E0,-3.882000208E0
8.237933366E0,2.772000074E0,8.695950508E0,-3.838950157E0
8.240376751E0,3.088050127E0,7.795950413E0,-3.862050295E0
8.242820136E0,4.137000084E0,7.726050377E0,-3.321000099E0
8.245263525E0,5.022000313E0,7.449000359E0,-3.562950134E0
8.247706910E0,4.809000015E0,6.979050159E0,-4.012950420E0
8.250150523E0,2.997000217E0,6.928950310E0,-3.594000101E0
8.252593910E0,1.759050131E0,7.201950550E0,-2.634000063E0
8.255037295E0,2.001000166E0,7.345950127E0,-2.158050060E0
8.257480679E0,3.547950268E0,7.401000500E0,-3.118050098E0
8.259924064E0,4.632000446E0,7.602000237E0,-5.092950344E0
8.262367448E0,4.611000061E0,8.173950195E0,-7.540050507E0
8.264810833E0,4.138950348E0,8.655000687E0,-7.930050373E0
8.267254218E0,3.435000181E0,8.950050354E0,-6.838950157E0
8.269697602E0,2.323950052E0,8.998050690E0,-4.594950199E0
8.272140986E0,2.226000071E0,8.662050247E0,-2.806950092E0
8.274584370E0,3.319950104E0,7.879950523E0,-2.962050200E0
8.277027831E0,4.540950298E0,6.595950127E0,-4.312950134E0
8.279471233E0,4.975050449E0,6.096000195E0,-5.620050430E0
8.281914617E0,4.383000374E0,6.342000484E0,-5.251050472E0
8.284358002E0,3.981000185E0,7.113000393E0,-3.484050274E0
8.286801387E0,3.126000166E0,8.002050400E0,-2.208000183E0
8.289244771E0,2.137050152E0,8.457000732E0,-1.960950136E0
8.291688385E0,1.941000104E0,8.248050690E0,-2.890050173E0
8.294131771E0,2.985000134E0,8.204999924E0,-4.894050121E0
8.296575156E0,3.616950274E0,8.140049934E0,-6.478950500E0
8.299018540E0,3.492000103E0,8.233950615E0,-6.895950317E0
8.301461925E0,3.519000053E0,8.827950478E0,-5.481000423E0
8.303905310E0,2.575050116E0,9.292050362E0,-3.859950066E0
8.306348694E0,2.704950094E0,9.004950523E0,-3.151050091E0
8.308792079E0,2.890950203E0,9.060000420E0,-3.409950256E0
8.311235464E0,2.676000118E0,8.670000076E0,-4.246050358E0
8.313678848E0,3.430050135E0,7.531950474E0,-4.459050179E0
8.316122232E0,4.467000008E0,7.222950459E0,-4.036950111E0
8.318565692E0,4.711050034E0,6.972000122E0,-3.622950077E0
8.321009079E0,4.042950153E0,6.697050095E0,-3.199050188E0
8.323452464E0,2.788950205E0,7.036950111E0,-2.512050152E0
8.325895848E0,1.897950053E0,7.489050388E0,-2.541000128E0
8.328339233E0,2.113049984E0,7.609050274E0,-3.441000223E0
8.330782617E0,3.574050188E0,7.570950508E0,-4.774950027E0
8.333226231E0,4.330049992E0,7.855950356E0,-6.396000385E0
8.335669617E0,4.498050213E0,8.326950073E0,-7.219050407E0
8.338113002E0,4.423950195E0,8.641050339E0,-6.922050476E0
8.340556386E0,3.552000284E0,9.001950264E0,-5.998050213E0
8.342999770E0,2.647050142E0,8.935050011E0,-4.497000217E0
8.345443155E0,2.242950201E0,8.513999939E0,-3.855000257E0
8.347886540E0,3.223950148E0,7.719000340E0,-4.047000408E0
8.350329924E0,4.394999981E0,6.682050228E0,-4.449000359E0
8.352773318E0,4.567049980E0,6.376050472E0,-4.861050129E0
8.355216778E0,4.339950085E0,6.457050323E0,-4.036950111E0
8.357660088E0,3.559050083E0,7.276050568E0,-2.802000046E0
8.360103548E0,2.968050241E0,7.789050579E0,-2.365950108E0
8.362546934E0,2.125050068E0,8.442000389E0,-2.328000069E0
8.364990290E0,1.831050038E0,8.155050278E0,-3.166050196E0
8.367433674E0,2.578050137E0,8.188050270E0,-4.540050030E0
8.369877059E0,3.684000254E0,8.200050354E0,-6.031950474E0
8.372320444E0,3.277050257E0,8.428050041E0,-6.604050159E0
8.374763828E0,3.094950199E0,8.868000031E0,-5.332950115E0
8.377207442E0,2.736000061E0,9.103050232E0,-3.961050272E0
8.379650828E0,2.626050234E0,9.157950401E0,-3.048000097E0
8.382094213E0,2.596950054E0,9.175050735E0,-3.228000164E0
8.384537598E0,2.908050060E0,8.224050522E0,-3.979950190E0
8.386980982E0,3.825000286E0,7.105950356E0,-4.387050152E0
8.389424348E0,4.453050137E0,6.730050087E0,-4.150050163E0
8.391867732E0,4.764000416E0,6.625050545E0,-3.889050245E0
8.394311117E0,4.393050194E0,6.475950241E0,-3.628050089E0
8.396754502E0,2.947050095E0,6.678000450E0,-2.923950195E0
8.399197886E0,1.929000139E0,7.153950214E0,-2.481000185E0
8.401641289E0,2.535000086E0,7.012950420E0,-2.977050066E0
8.404084749E0,3.976050138E0,7.153950214E0,-4.485000134E0
8.406528136E0,4.129050255E0,7.602000237E0,-6.289950371E0
8.408971521E0,4.270950317E0,8.302950859E0,-7.111950397E0
8.411414905E0,4.249050140E0,8.824950218E0,-6.553950310E0
8.413858290E0,3.366000175E0,9.249000549E0,-5.550000191E0
8.416301903E0,2.326050043E0,9.199050903E0,-4.320000172E0
8.418745290E0,1.981950045E0,8.820000648E0,-3.640050173E0
8.421188675E0,3.472950220E0,7.795950413E0,-4.009050369E0
8.423632059E0,4.441050053E0,6.618000507E0,-4.485000134E0
8.426075444E0,4.789950371E0,6.436050415E0,-4.570950031E0
8.428518828E0,4.366050243E0,6.622950077E0,-3.478950262E0
8.430962213E0,3.808050156E0,7.201950550E0,-2.257950068E0
8.433405598E0,3.837000132E0,7.707000256E0,-2.242050171E0
8.435848977E0,2.743050098E0,8.302950859E0,-2.875950098E0
8.438292437E0,2.104050159E0,7.969950199E0,-4.056000233E0
8.440735747E0,2.674050093E0,7.911000252E0,-4.854000092E0
8.443179206E0,4.021950245E0,7.954050541E0,-5.517000198E0
8.445622593E0,3.484950066E0,8.277000427E0,-5.644050121E0
8.448065982E0,3.435000181E0,8.875950813E0,-4.593000412E0
8.450509367E0,3.022950172E0,9.204000473E0,-4.044000149E0
8.452952752E0,2.809950113E0,9.256050110E0,-3.652050257E0
8.455396136E0,3.004050255E0,9.177000046E0,-4.090050220E0
8.457839750E0,2.982000113E0,8.476050377E0,-4.483050346E0
8.460283150E0,3.828000069E0,7.297950268E0,-4.183050156E0
8.462726535E0,4.479000092E0,7.020000458E0,-3.472050190E0
8.465169919E0,5.010000229E0,6.723000526E0,-2.929050207E0
8.467613304E0,4.845000267E0,6.366000175E0,-3.522000074E0
8.470056689E0,3.403950214E0,6.450000286E0,-3.420000076E0
8.472500073E0,2.263950109E0,7.008000374E0,-3.288000107E0
8.474943458E0,2.602050066E0,7.099050522E0,-3.160950184E0
8.477386843E0,4.030950069E0,7.171050549E0,-3.883950233E0
8.479830227E0,4.608000278E0,7.489050388E0,-5.682000160E0
8.482273611E0,4.753950119E0,8.044950485E0,-6.970050335E0
8.484717000E0,4.455000401E0,8.539950371E0,-6.826950550E0
8.487160461E0,3.583050251E0,8.932950020E0,-5.905050278E0
8.489603848E0,2.773950100E0,8.875950813E0,-4.485000134E0
8.492047232E0,2.410050154E0,8.629050255E0,-3.517950058E0
8.494490617E0,3.784950256E0,7.750050545E0,-3.580050230E0
8.496934006E0,4.900050163E0,6.702000141E0,-4.144950390E0
8.499377391E0,5.104050159E0,6.510000229E0,-4.806000233E0
8.501821004E0,4.438050270E0,6.828000546E0,-3.786000252E0
8.504264391E0,4.204050064E0,7.219050407E0,-2.701050043E0
8.506707776E0,3.487950087E0,7.615950584E0,-2.200950146E0
8.509151189E0,2.596950054E0,7.942050457E0,-2.127000093E0
8.511594574E0,2.404950142E0,7.812000275E0,-3.178050041E0
8.514037959E0,3.400950193E0,7.731000423E0,-4.498950005E0
8.516481418E0,4.261050224E0,7.836000443E0,-5.737050056E0
8.518924728E0,3.610050201E0,8.394000053E0,-6.106050491E0
8.521368187E0,3.658050060E0,9.034049988E0,-5.059950352E0
8.523811497E0,2.935050249E0,9.405000687E0,-3.919950247E0
8.526254957E0,2.773950100E0,9.124950409E0,-3.142050266E0
8.528698343E0,3.025950193E0,8.806050301E0,-3.285000086E0
8.531141728E0,3.187950134E0,8.089950562E0,-3.799950123E0
8.533585112E0,4.225049973E0,6.931050301E0,-3.976950169E0
8.536028497E0,4.963050365E0,6.769050121E0,-3.609000206E0
8.538471882E0,5.121000290E0,6.706050396E0,-3.166050196E0
8.540915266E0,4.462050438E0,6.450000286E0,-3.022050142E0
8.543358880E0,3.066000223E0,6.610950470E0,-2.731950045E0
8.545802251E0,2.580000162E0,6.819000244E0,-2.634000063E0
8.548245636E0,3.246000051E0,7.036950111E0,-3.252000093E0
8.550689021E0,4.572000027E0,7.032000542E0,-4.759950161E0
8.553132405E0,4.969950199E0,7.381050587E0,-6.345000267E0
8.555575790E0,4.936050415E0,8.064000130E0,-7.042050362E0
8.558019169E0,4.378050327E0,8.502000809E0,-6.534000397E0
8.560462554E0,3.475950241E0,8.892000198E0,-5.100000381E0
8.562905939E0,2.518050194E0,8.706000328E0,-3.817050219E0
8.565349398E0,2.656950235E0,8.365950584E0,-3.415050268E0
8.567792708E0,4.098000050E0,7.326000214E0,-3.826950073E0
8.570236167E0,4.749000072E0,6.606000423E0,-4.413000107E0
8.572679554E0,4.909950256E0,6.529050350E0,-4.195050240E0
8.575122939E0,4.503000259E0,6.928950310E0,-3.060000181E0
8.577566323E0,4.512000084E0,7.330950260E0,-2.304000139E0
8.580009708E0,3.460950136E0,8.140049934E0,-2.020950079E0
8.582453093E0,2.599050045E0,8.049000740E0,-2.787000179E0
8.584896706E0,2.571000099E0,8.076000214E0,-3.862050295E0
8.587340093E0,3.796950102E0,7.827000141E0,-5.155050278E0
8.589783477E0,4.045950413E0,8.028000832E0,-5.716050148E0
8.592226843E0,4.036050320E0,8.401050568E0,-5.092950344E0
8.594670227E0,3.760950089E0,8.806050301E0,-4.188000202E0
8.597113612E0,3.046950102E0,9.253950119E0,-3.433950186E0
8.599556997E0,3.109050035E0,9.022050858E0,-3.622950077E0
8.602000381E0,2.929950237E0,8.836950302E0,-4.223999977E0
8.604443841E0,3.454050064E0,7.882050514E0,-4.152000427E0
8.606887228E0,4.515000343E0,7.032000542E0,-3.511050224E0
8.609330612E0,5.086950302E0,6.826050282E0,-3.010050058E0
8.611773920E0,5.346000195E0,6.627000332E0,-3.076950073E0
8.614217379E0,4.669950008E0,6.238950253E0,-3.316950083E0
8.616660780E0,3.085050106E0,6.694050312E0,-2.986050129E0
8.619104165E0,2.443950176E0,7.006050110E0,-2.770950079E0
8.621547549E0,3.612000227E0,6.928950310E0,-3.240000248E0
8.623990934E0,4.876049995E0,7.068000317E0,-4.813050270E0
8.626434318E0,5.044050217E0,7.627950191E0,-6.238050461E0
8.628877932E0,5.058000088E0,8.131050110E0,-6.721050262E0
8.631321318E0,4.303950310E0,8.749050140E0,-5.983950138E0
8.633764703E0,3.175950050E0,8.919000626E0,-4.750950336E0
8.636208088E0,2.166000128E0,8.855999947E0,-3.319050074E0
8.638651472E0,2.973000050E0,8.308050156E0,-3.168000221E0
8.641094852E0,4.275000095E0,7.063050270E0,-3.867000103E0
8.643538312E0,4.930950165E0,6.424050331E0,-4.612050056E0
8.645981621E0,4.753950119E0,6.466950417E0,-4.042050362E0
8.648425081E0,4.491000175E0,6.892950535E0,-2.706000090E0
8.650868467E0,4.453050137E0,7.231050491E0,-1.923000097E0
8.653311838E0,3.516000271E0,7.975050449E0,-1.981050134E0
8.655755223E0,2.760000229E0,7.935000420E0,-3.022050142E0
8.658198607E0,2.961000204E0,7.959000587E0,-4.554000378E0
8.660641992E0,4.030950069E0,7.780950546E0,-5.649000168E0
8.663085376E0,3.993000269E0,8.014050484E0,-5.488050461E0
8.665528746E0,4.026000023E0,8.509050369E0,-4.612050056E0
8.667972130E0,3.394050121E0,9.052950859E0,-3.573000193E0
8.670415745E0,2.998950243E0,9.217950821E0,-2.923950195E0
8.672859132E0,3.172050238E0,8.914050102E0,-3.670950174E0
8.675302516E0,3.052050114E0,8.719950676E0,-4.392000198E0
8.677745901E0,3.672000170E0,7.591950417E0,-4.636050224E0
8.680189286E0,4.315950394E0,7.048950195E0,-3.460050106E0
8.682632670E0,4.855050087E0,6.862050533E0,-2.425950050E0
8.685076055E0,4.891050339E0,6.510000229E0,-2.425950050E0
8.687519514E0,4.189050198E0,6.225000381E0,-2.488050222E0
8.689962819E0,2.929950237E0,6.663000107E0,-2.898000240E0
8.692406279E0,2.680950165E0,7.042050362E0,-3.003000259E0
8.694849588E0,4.060050011E0,7.081950188E0,-4.056000233E0
8.697293048E0,4.474050045E0,7.729050159E0,-4.984950066E0
8.699736434E0,4.945950031E0,8.056950569E0,-5.799000263E0
8.702179790E0,4.728000164E0,8.500050545E0,-6.082050323E0
8.704623175E0,3.940050125E0,8.943000793E0,-5.281950474E0
8.707066559E0,2.839050055E0,8.908950806E0,-4.636050224E0
8.709509944E0,2.383949995E0,8.602950096E0,-3.568050146E0
8.711953557E0,3.445050240E0,7.827000141E0,-3.348000050E0
8.714396944E0,4.474050045E0,6.790050507E0,-3.702000141E0
8.716840329E0,4.986000061E0,6.448050499E0,-4.108950138E0
8.719283713E0,4.684950352E0,6.591000080E0,-3.718950272E0
8.721727098E0,4.576950073E0,7.015050411E0,-2.725050211E0
8.724170482E0,3.897000074E0,7.518000126E0,-2.272950172E0
8.726613942E0,2.937000036E0,7.876950264E0,-2.380050182E0
8.729057329E0,2.530050039E0,7.984950542E0,-2.986050129E0
8.731500713E0,3.082950115E0,7.906050205E0,-4.189949989E0
8.733944098E0,3.910950184E0,7.996950150E0,-5.092950344E0
8.736387497E0,4.062000275E0,8.296050072E0,-5.419050217E0
8.738830881E0,3.576000214E0,8.773050308E0,-5.047950268E0
8.741274266E0,3.064050198E0,9.342000008E0,-3.718950272E0
8.743717650E0,2.824050188E0,9.229950905E0,-2.902050257E0
8.746161034E0,2.815050125E0,9.022050858E0,-2.929050207E0
8.748604423E0,3.294000149E0,8.406000137E0,-3.337950230E0
8.751047807E0,3.897000074E0,7.333950520E0,-3.855000257E0
8.753491192E0,4.873950005E0,6.831000328E0,-3.702000141E0
8.755934807E0,5.130000114E0,6.667950153E0,-3.556050062E0
8.758378194E0,4.515000343E0,6.318000317E0,-2.923950195E0
8.760821583E0,3.343950272E0,6.424050331E0,-2.080950022E0
8.763264968E0,2.757000208E0,6.739950180E0,-1.866000056E0
8.765708353E0,3.673950195E0,6.984000206E0,-2.839950085E0
8.768151737E0,4.680000305E0,7.252050400E0,-4.648050308E0
8.770595197E0,4.824000359E0,7.759950161E0,-6.622950077E0
8.773038507E0,4.759050369E0,8.425050735E0,-7.297950268E0
8.775481966E0,4.225049973E0,8.989950180E0,-6.040950298E0
8.777925276E0,3.217050076E0,9.067049980E0,-4.339050293E0
8.780368735E0,2.395950079E0,8.871000290E0,-2.919000149E0
8.782812122E0,2.941950083E0,8.425050735E0,-2.842050076E0
8.785255507E0,4.327950001E0,7.252050400E0,-4.032000065E0
8.787698891E0,4.873950005E0,6.642000198E0,-5.047950268E0
8.790142276E0,4.459950447E0,6.699000359E0,-4.753050327E0
8.792585660E0,4.267950058E0,7.152000427E0,-2.821050167E0
8.795029044E0,4.213050365E0,7.528050423E0,-1.794000030E0
8.797472658E0,3.448950052E0,8.061000824E0,-1.629000068E0
8.799916045E0,2.808000088E0,7.903050423E0,-2.553000212E0
8.802359430E0,2.872050047E0,7.882050514E0,-3.943950176E0
8.804802814E0,4.279950142E0,7.738050461E0,-5.476050377E0
8.807246184E0,4.006950378E0,8.224050522E0,-6.127050400E0
8.809689569E0,3.877950191E0,8.571000099E0,-5.467050076E0
8.812133028E0,3.301050186E0,9.273000717E0,-3.973050117E0
8.814576415E0,2.844000101E0,9.490950584E0,-2.683950186E0
8.817019799E0,2.554050207E0,9.283050537E0,-2.845050097E0
8.819463198E0,3.033000231E0,8.800950050E0,-3.489000082E0
8.821906583E0,3.772950172E0,7.774050236E0,-4.249950409E0
8.824349967E0,4.675050259E0,7.044000149E0,-4.147050381E0
8.826793352E0,5.149050236E0,6.699000359E0,-3.601050138E0
8.829236736E0,4.666050434E0,6.634050369E0,-3.096000195E0
8.831680120E0,3.895050287E0,6.426000118E0,-2.151000023E0
8.834123504E0,2.683050156E0,6.838050365E0,-1.914000034E0
8.836566888E0,2.856000185E0,7.104000568E0,-2.365950108E0
8.839010273E0,4.536000252E0,7.065000534E0,-4.111050129E0
8.841453888E0,5.001000404E0,7.414950371E0,-6.274050236E0
8.843897275E0,4.893000126E0,8.140049934E0,-7.449000359E0
8.846340660E0,4.510050297E0,8.707950592E0,-6.819000244E0
8.848784044E0,3.672000170E0,9.088950157E0,-5.050050259E0
8.851227429E0,2.559000015E0,9.060000420E0,-3.159000158E0
8.853670888E0,2.263950109E0,8.752950668E0,-2.668050051E0
8.856114198E0,3.652950287E0,7.795950413E0,-3.658950090E0
8.858557658E0,4.726050377E0,6.646050453E0,-4.906050205E0
8.861001044E0,4.801950455E0,6.306000233E0,-5.287050247E0
8.863444429E0,4.420950413E0,6.582000256E0,-3.870000124E0
8.865887814E0,4.351950169E0,7.216050148E0,-1.899000049E0
8.868331213E0,3.933000088E0,7.662000179E0,-1.356000066E0
8.870774598E0,3.117000103E0,8.016000748E0,-1.927950144E0
8.873217982E0,2.559000015E0,8.136000633E0,-3.379050255E0
8.875661366E0,3.241050243E0,7.924950600E0,-5.221950054E0
8.878104750E0,4.146000385E0,8.160000801E0,-6.151050091E0
8.880548365E0,3.861000299E0,8.322000504E0,-5.968950272E0
8.882991752E0,3.579000235E0,8.914050102E0,-4.474950314E0
8.885435136E0,2.974950075E0,9.517050743E0,-3.055950165E0
8.887878521E0,2.785950184E0,9.306000710E0,-2.613000154E0
8.890321905E0,2.797950029E0,9.153000832E0,-3.412050247E0
8.892765290E0,3.064050198E0,8.425050735E0,-4.231050014E0
8.895208750E0,4.017000198E0,7.258950233E0,-4.626000404E0
8.897652136E0,4.881000042E0,6.835950375E0,-3.939000130E0
8.900095521E0,4.915050030E0,6.510000229E0,-3.420000076E0
8.902538906E0,4.419000149E0,6.298950195E0,-2.899950027E0
8.904982294E0,3.142950058E0,6.436050415E0,-2.208000183E0
8.907425679E0,2.608950138E0,6.880950451E0,-2.316000223E0
8.909869063E0,3.480000257E0,7.030050278E0,-3.211050034E0
8.912312447E0,4.672950268E0,7.333950520E0,-5.055000305E0
8.914755831E0,4.717950344E0,7.923000336E0,-6.970050335E0
8.917199230E0,4.582050323E0,8.607000351E0,-7.260000229E0
8.919642615E0,3.981000185E0,9.010050774E0,-6.100950241E0
8.922086000E0,2.896050215E0,9.253950119E0,-4.441950321E0
8.924529385E0,2.176050186E0,8.855999947E0,-2.887950182E0
8.926973000E0,2.689950228E0,8.275050163E0,-3.027000189E0
8.929416371E0,4.290000439E0,7.173000336E0,-4.261950016E0
8.931859756E0,4.666050434E0,6.546000481E0,-5.275050163E0
8.934303140E0,4.570050240E0,6.543000221E0,-4.831950188E0
8.936746525E0,4.021950245E0,6.988950253E0,-2.869050026E0
8.939189910E0,3.907050133E0,7.573050499E0,-1.693050027E0
8.941633379E0,3.378000259E0,7.990050316E0,-1.939950109E0
8.944076766E0,2.623050213E0,7.984950542E0,-2.838000059E0
8.946520150E0,2.668950081E0,7.900950432E0,-4.558950424E0
8.948963535E0,3.864000082E0,7.903050423E0,-5.799000263E0
8.951406930E0,3.946950197E0,8.184000015E0,-6.111000061E0
8.953850314E0,3.334050179E0,8.761050224E0,-5.067000389E0
8.956293699E0,3.222000122E0,9.131999969E0,-3.685050249E0
8.958737312E0,2.791050196E0,9.619950294E0,-2.887950182E0
8.961180468E0,2.583000183E0,9.292050362E0,-3.214050055E0
8.963624086E0,2.772000074E0,8.743950844E0,-3.988950253E0
8.966067241E0,3.466050148E0,7.732950211E0,-4.348950386E0
8.968510855E0,4.405050278E0,7.173000336E0,-4.083000183E0
8.970954241E0,4.756950378E0,6.867000103E0,-3.415050268E0
8.973397626E0,4.687050343E0,6.390000343E0,-3.184950113E0
8.975841016E0,3.655050278E0,6.208050251E0,-2.719950199E0
8.978284400E0,2.580000162E0,6.618000507E0,-2.328000069E0
8.980727785E0,3.109050035E0,6.631950378E0,-2.653050184E0
8.983171244E0,4.623000145E0,6.916950226E0,-3.999000072E0
8.985614631E0,4.873950005E0,7.482000351E0,-6.408000469E0
8.988058016E0,4.723050117E0,8.272050858E0,-7.597950459E0
8.990501400E0,4.165050030E0,8.847000122E0,-6.927000523E0
8.992944785E0,3.202950239E0,9.180000305E0,-4.948950291E0
8.995388170E0,2.355000019E0,9.000000000E0,-3.115050077E0
8.997831554E0,2.077050209E0,8.671950340E0,-2.548050165E0
9.000274943E0,3.712950230E0,7.707000256E0,-3.609000206E0
9.002718327E0,4.656000137E0,6.702000141E0,-4.858050346E0
9.005161711E0,4.600950241E0,6.594000340E0,-5.371050358E0
9.007605096E0,3.852000237E0,7.189950466E0,-3.517950058E0
9.010048711E0,4.017000198E0,7.462950230E0,-1.975950122E0
9.012492084E0,3.343950272E0,7.927050591E0,-1.285950065E0
9.014935468E0,2.764950037E0,7.666050434E0,-1.942050099E0
9.017378853E0,2.821950197E0,7.732950211E0,-3.420000076E0
9.019822237E0,3.957000256E0,7.671000481E0,-5.629050255E0
9.022265622E0,3.808050156E0,7.944000244E0,-6.427050114E0
9.024709011E0,3.832050085E0,8.578950882E0,-5.746950150E0
9.027152470E0,3.358050108E0,9.414000511E0,-4.044000149E0
9.029595857E0,2.566050053E0,9.760950089E0,-2.730000019E0
9.032039242E0,2.257050037E0,9.342000008E0,-2.625000238E0
9.034482626E0,2.461050034E0,8.919000626E0,-3.496050119E0
9.036926007E0,3.294000149E0,7.864950180E0,-4.131000042E0
9.039369391E0,4.354050159E0,6.973950386E0,-4.435050011E0
9.041813005E0,4.909950256E0,6.772950172E0,-3.810000181E0
9.044256161E0,4.657950401E0,6.747000217E0,-3.175050259E0
9.046699774E0,3.652950287E0,6.538950443E0,-2.422950029E0
9.049143165E0,2.935050249E0,6.651000500E0,-1.978050113E0
9.051586549E0,2.970000029E0,6.775950432E0,-2.445000172E0
9.054029934E0,4.105050087E0,6.804000378E0,-3.987000227E0
9.056473319E0,4.642050266E0,7.285950184E0,-6.196950436E0
9.058916703E0,4.519950390E0,8.044950485E0,-7.225950241E0
9.061360083E0,4.297049999E0,8.689050674E0,-6.637050152E0
9.063803467E0,3.412950277E0,9.310950279E0,-4.867950439E0
9.066246851E0,2.452950001E0,9.268050194E0,-3.640050173E0
9.068690235E0,1.737000108E0,9.010050774E0,-3.064950228E0
9.071133696E0,3.004050255E0,8.116950035E0,-3.907950163E0
9.073577083E0,4.168050289E0,6.931050301E0,-4.891950130E0
9.076020467E0,4.516950130E0,6.505050182E0,-5.281950474E0
9.078463852E0,4.085999966E0,6.840000153E0,-3.736050129E0
9.080907237E0,4.052999973E0,7.326000214E0,-1.945050120E0
9.083350636E0,4.219950199E0,7.570950508E0,-1.878000140E0
9.085794021E0,3.253050089E0,8.260050774E0,-2.638950109E0
9.088237634E0,2.511000156E0,8.008950233E0,-4.144950390E0
9.090680790E0,2.920050144E0,7.944000244E0,-5.329950333E0
9.093124404E0,3.925950289E0,7.911000252E0,-5.902050495E0
9.095567785E0,3.562050104E0,8.269950867E0,-5.620050430E0
9.098011170E0,3.697950125E0,8.746050835E0,-4.309950352E0
9.100454554E0,3.004050255E0,9.120000839E0,-3.481950283E0
9.102897939E0,2.410050154E0,9.369000435E0,-3.273000240E0
9.105341324E0,2.370000124E0,9.438000679E0,-3.748050213E0
9.107784694E0,2.716950178E0,8.758049965E0,-4.309950352E0
9.110228079E0,3.550050259E0,7.843950272E0,-4.228950024E0
9.112671463E0,4.318050385E0,7.501050472E0,-3.654000282E0
9.115114923E0,4.726050377E0,7.069950104E0,-3.252000093E0
9.117558310E0,4.347000122E0,6.541050434E0,-3.181950092E0
9.120001708E0,3.145050049E0,6.543000221E0,-2.536050081E0
9.122445093E0,2.458050013E0,6.876000404E0,-2.293950081E0
9.124888478E0,2.997000217E0,7.057950497E0,-2.979000092E0
9.127331862E0,4.524000168E0,7.246950150E0,-4.791000366E0
9.129775476E0,4.741950035E0,7.798050404E0,-6.666000366E0
9.132218848E0,4.555950165E0,8.430000305E0,-7.309950352E0
9.134662233E0,3.985950232E0,8.920950890E0,-6.373950481E0
9.137105617E0,3.241050243E0,9.088950157E0,-4.777050018E0
9.139549002E0,2.257050037E0,8.860950470E0,-3.253950119E0
9.141992387E0,2.451000214E0,8.425050735E0,-2.986050129E0
9.144435771E0,4.093050003E0,7.444050312E0,-4.012950420E0
9.146879156E0,4.635000229E0,6.591000080E0,-5.187000275E0
9.149322540E0,4.417050362E0,6.517050266E0,-5.017050266E0
9.151765924E0,4.033950329E0,6.979050159E0,-3.175050259E0
9.154209308E0,4.126950264E0,7.386000156E0,-2.064000130E0
9.156652764E0,3.399000168E0,7.999050617E0,-1.645050049E0
9.159096151E0,2.713950157E0,7.810050488E0,-2.665050030E0
9.161539536E0,2.677950144E0,7.987050533E0,-4.156949997E0
9.163982920E0,3.526050091E0,7.969950199E0,-5.862000465E0
9.166426305E0,3.648000240E0,8.233950615E0,-6.106050491E0
9.168869684E0,4.021950245E0,8.703000069E0,-5.191050053E0
9.171313298E0,3.058950186E0,9.430950165E0,-3.879000187E0
9.173756684E0,2.494050026E0,9.534000397E0,-2.899950027E0
9.176200069E0,2.512950182E0,9.100950241E0,-3.228000164E0
9.178643454E0,2.941950083E0,8.914050102E0,-3.894000292E0
9.181086838E0,3.495000124E0,7.884000301E0,-4.317000389E0
9.183530223E0,4.239000320E0,7.077000141E0,-4.291050434E0
9.185973608E0,4.879050255E0,6.892950535E0,-3.597000122E0
9.188416992E0,4.726050377E0,6.421050072E0,-3.096000195E0
9.190860376E0,3.931050301E0,6.181950092E0,-2.512050152E0
9.193303760E0,2.793000221E0,6.655950546E0,-1.903950095E0
9.195747144E0,2.841000080E0,6.940950394E0,-2.488050222E0
9.198190606E0,4.239000320E0,7.132050514E0,-4.369950294E0
9.200633992E0,4.714050293E0,7.666050434E0,-6.292950153E0
9.203077377E0,4.492950439E0,8.470950127E0,-7.282050133E0
9.205520761E0,4.162950039E0,9.019050598E0,-6.613050461E0
9.207964146E0,3.684000254E0,9.358950615E0,-5.356050491E0
9.210407531E0,2.365050077E0,9.286950111E0,-3.943950176E0
9.212850915E0,1.978950143E0,8.749050140E0,-3.099000216E0
9.215294529E0,3.612000227E0,7.756950378E0,-3.664050102E0
9.217737924E0,4.575000286E0,6.736950397E0,-4.710000038E0
9.220181309E0,4.615050316E0,6.463950157E0,-5.188950062E0
9.222624694E0,4.210950375E0,6.823950291E0,-3.760050297E0
9.225068078E0,4.206000328E0,7.225950241E0,-2.208000183E0
9.227511463E0,3.516000271E0,7.852950573E0,-1.606950045E0
9.229954867E0,3.025950193E0,7.980000496E0,-2.116950035E0
9.232398252E0,2.736000061E0,8.049000740E0,-3.664050102E0
9.234841637E0,3.210000038E0,7.912950516E0,-5.494950294E0
9.237285021E0,3.636000156E0,8.113950729E0,-6.217950344E0
9.239728405E0,3.852000237E0,8.586000443E0,-5.743950367E0
9.242171784E0,3.375000238E0,9.217950821E0,-4.425000191E0
9.244615245E0,2.692950010E0,9.667950630E0,-3.064950228E0
9.247058632E0,2.286000013E0,9.286950111E0,-2.947950125E0
9.249502016E0,2.596950054E0,9.076950073E0,-3.786000252E0
9.251945396E0,3.327000141E0,8.101950645E0,-4.582950115E0
9.254388781E0,3.873000145E0,7.111050129E0,-4.459050179E0
9.256832165E0,4.660950184E0,6.855000496E0,-3.688050270E0
9.259275779E0,4.828050137E0,6.555000305E0,-3.369000196E0
9.261719165E0,4.468950272E0,6.192000389E0,-3.261000156E0
9.264162564E0,2.953950167E0,6.406950474E0,-2.566950083E0
9.266605948E0,2.527950048E0,6.670050144E0,-2.392050028E0
9.269049333E0,3.825000286E0,6.879000187E0,-3.415050268E0
9.271492718E0,4.708950043E0,7.216050148E0,-5.299050331E0
9.273936102E0,4.591050148E0,7.744950294E0,-7.140000343E0
9.276379548E0,4.381050110E0,8.593050003E0,-7.405950546E0
9.278822857E0,3.940050125E0,9.112950325E0,-6.084000111E0
9.281266317E0,2.530050039E0,9.292050362E0,-4.602000237E0
9.283709627E0,1.684950113E0,8.992950439E0,-3.024000168E0
9.286153009E0,2.584950209E0,8.325000763E0,-3.123000145E0
9.288596485E0,4.126950264E0,7.176000118E0,-4.219050407E0
9.291039872E0,4.740000248E0,6.454950333E0,-5.200950146E0
9.293483256E0,4.359000206E0,6.610950470E0,-4.600050449E0
9.295926641E0,4.132050037E0,7.033950329E0,-3.012000084E0
9.298370025E0,3.898950100E0,7.528050423E0,-2.098050117E0
9.300813410E0,3.028050184E0,8.038050652E0,-2.067000151E0
9.303257023E0,2.566050053E0,7.812000275E0,-2.881050110E0
9.305700410E0,2.788950205E0,7.851000309E0,-4.557000160E0
9.308143795E0,3.958950281E0,7.767000198E0,-6.060000420E0
9.310587179E0,3.727050066E0,8.148000717E0,-6.444000244E0
9.313030549E0,3.604950190E0,8.755949974E0,-5.437950134E0
9.315473934E0,2.796000242E0,9.409049988E0,-3.762000084E0
9.317917318E0,2.386050224E0,9.550950050E0,-2.802000046E0
9.320360778E0,2.254950047E0,9.369000435E0,-3.034050226E0
9.322804087E0,2.560950041E0,8.722050667E0,-4.092000008E0
9.325247552E0,3.495000124E0,7.483950138E0,-4.756050110E0
9.327690939E0,4.326000214E0,7.065000534E0,-4.246050358E0
9.330134323E0,4.873950005E0,6.702000141E0,-3.393000126E0
9.332577708E0,4.558050156E0,6.385050297E0,-3.124950171E0
9.335021092E0,3.736950159E0,6.349950314E0,-2.413950205E0
9.337464463E0,2.536950111E0,6.715950489E0,-2.533950090E0
9.339907848E0,2.832000017E0,6.946050167E0,-3.229950190E0
9.342351232E0,4.045950413E0,7.116000175E0,-4.600050449E0
9.344794616E0,4.270950317E0,7.642050266E0,-6.228000164E0
9.347238230E0,4.624950409E0,8.248050690E0,-7.072950363E0
9.349681617E0,4.048050404E0,8.842050552E0,-6.598950386E0
9.352125002E0,3.105000257E0,9.151050568E0,-5.167050362E0
9.354568386E0,2.097000122E0,9.067049980E0,-3.859950066E0
9.357011771E0,1.867050052E0,8.731950760E0,-3.180000067E0
9.359455155E0,3.184050083E0,7.755000591E0,-3.858000278E0
9.361898540E0,4.302000046E0,6.631950378E0,-4.602000237E0
9.364341925E0,4.477050304E0,6.448050499E0,-4.969050407E0
9.366785309E0,4.216050148E0,6.733050346E0,-3.769050121E0
9.369228769E0,4.192049980E0,7.120950222E0,-2.554950237E0
9.371672078E0,3.600000143E0,7.723950386E0,-2.134050131E0
9.374115538E0,2.791050196E0,8.039999962E0,-2.634000063E0
9.376558925E0,2.401050091E0,7.968000412E0,-3.838950157E0
9.379002309E0,2.865000248E0,7.915050507E0,-5.293950081E0
9.381445694E0,3.516000271E0,8.077950478E0,-5.629050255E0
9.383889074E0,3.532950163E0,8.289000511E0,-5.758950233E0
9.386332458E0,3.148050070E0,8.947050095E0,-4.564050198E0
9.388775843E0,2.599050045E0,9.325950623E0,-3.417000055E0
9.391219456E0,2.425050020E0,9.073950768E0,-3.202050209E0
9.393662843E0,2.470050097E0,9.124950409E0,-3.517950058E0
9.396106227E0,2.860050201E0,8.348999977E0,-4.176000118E0
9.398549612E0,3.720000267E0,7.458000183E0,-4.189949989E0
9.400992997E0,4.492950439E0,7.140000343E0,-3.795000076E0
9.403436381E0,4.654050350E0,6.759000301E0,-3.586950064E0
9.405879841E0,4.270950317E0,6.346950531E0,-3.348000050E0
9.408323198E0,3.018000126E0,6.505050182E0,-2.887950182E0
9.410766583E0,2.440950155E0,6.847950459E0,-2.770950079E0
9.413209968E0,3.136050224E0,7.056000233E0,-3.439050198E0
9.415653352E0,4.267950058E0,7.309950352E0,-4.947000027E0
9.418096737E0,4.572000027E0,7.711950302E0,-6.831000328E0
9.420540122E0,4.390050411E0,8.482950211E0,-7.401000500E0
9.422983506E0,3.676950216E0,8.950050354E0,-6.484050274E0
9.425426890E0,2.692950010E0,9.076950073E0,-4.963950157E0
9.427870274E0,2.050950050E0,8.907000542E0,-3.175050259E0
9.430313658E0,2.785950184E0,8.290950775E0,-3.051000118E0
9.432757043E0,3.921000242E0,7.374000549E0,-4.131000042E0
9.435200428E0,4.273050308E0,6.733050346E0,-4.911000252E0
9.437644043E0,4.278000355E0,6.663000107E0,-4.914000034E0
9.440087429E0,4.216050148E0,7.164000511E0,-3.493950129E0
9.442530814E0,3.985950232E0,7.674000263E0,-2.767950058E0
9.444974189E0,2.773950100E0,8.218950272E0,-2.542950153E0
9.447417573E0,2.013000011E0,7.990050316E0,-2.839950085E0
9.449860958E0,2.523000002E0,8.035050392E0,-4.006050110E0
9.452304417E0,3.864000082E0,8.064000130E0,-5.613000393E0
9.454747727E0,3.724950075E0,8.358000755E0,-6.525000095E0
9.457191173E0,3.531000137E0,8.800950050E0,-5.922000408E0
9.459634559E0,2.668950081E0,9.421050072E0,-4.702950001E0
9.462077944E0,2.410050154E0,9.370950699E0,-3.484050274E0
9.464521328E0,2.484000206E0,9.189000130E0,-3.187050104E0
9.466964713E0,2.602050066E0,8.631000519E0,-3.439050198E0
9.469408112E0,3.439950228E0,7.678050518E0,-3.697050095E0
9.471851496E0,4.645950317E0,7.269000530E0,-3.991950274E0
9.474294880E0,5.263950348E0,6.900000095E0,-4.132950306E0
9.476738264E0,4.630050182E0,6.687000275E0,-4.006050110E0
9.479181879E0,2.877000093E0,6.735000134E0,-2.851950169E0
9.481625257E0,2.182950020E0,7.125000477E0,-1.987950087E0
9.484068641E0,2.745000124E0,7.201950550E0,-2.263050079E0
9.486512026E0,4.230000019E0,7.291050434E0,-4.171050072E0
9.488955410E0,4.651050091E0,7.674000263E0,-6.850950241E0
9.491398790E0,4.315950394E0,8.373000145E0,-8.206049919E0
9.493842250E0,3.940050125E0,8.731950760E0,-7.408050537E0
9.496285636E0,3.186000109E0,8.989950180E0,-5.443050385E0
9.498729021E0,2.341050148E0,8.854050636E0,-3.289950132E0
9.501172405E0,2.382000208E0,8.574000359E0,-2.578950167E0
9.503615809E0,3.673950195E0,7.546950340E0,-3.814950228E0
9.506059194E0,4.323000431E0,6.475950241E0,-5.088000298E0
9.508502578E0,4.564949989E0,6.292050362E0,-5.397000313E0
9.510945962E0,4.218000412E0,6.594000340E0,-3.850050211E0
9.513389346E0,4.000050068E0,7.437000275E0,-1.909050107E0
9.515832725E0,3.706050158E0,7.894050598E0,-1.657050133E0
9.518276110E0,2.584950209E0,8.559000015E0,-2.287050009E0
9.520719495E0,2.025000095E0,8.221950531E0,-3.901050091E0
9.523163110E0,2.913000107E0,8.173950195E0,-5.284950256E0
9.525606496E0,3.804000139E0,8.272050858E0,-6.120000362E0
9.528049881E0,3.406050205E0,8.449049950E0,-5.787000179E0
9.530493266E0,3.649950266E0,8.916000366E0,-4.356000423E0
9.532936650E0,2.959050179E0,9.211050034E0,-3.577950239E0
9.535380035E0,2.944050074E0,8.947050095E0,-3.511050224E0
9.537823419E0,3.361050129E0,8.832000732E0,-4.083000183E0
9.540266884E0,3.130950212E0,8.143050194E0,-4.693050385E0
9.542710271E0,3.931050301E0,7.426950455E0,-4.389000416E0
9.545153655E0,4.611000061E0,6.960000515E0,-3.750000238E0
9.547597040E0,4.861950397E0,6.712950230E0,-3.147000074E0
9.550040425E0,4.510050297E0,6.655950546E0,-3.214050055E0
9.552483809E0,2.829000235E0,6.838050365E0,-3.139050245E0
9.554927194E0,2.009999990E0,7.281000137E0,-2.974050045E0
9.557370578E0,2.335950136E0,7.534950256E0,-3.135000229E0
9.559813962E0,3.756000280E0,7.561050415E0,-4.140000343E0
9.562257576E0,4.366050243E0,7.783950329E0,-5.773050308E0
9.564700963E0,4.287000179E0,8.410950661E0,-6.526950359E0
9.567144348E0,4.195950031E0,8.614950180E0,-6.259050369E0
9.569587732E0,3.540000200E0,9.012000084E0,-5.533950329E0
9.572031117E0,2.908050060E0,8.718000412E0,-4.321950436E0
9.574474502E0,2.788950205E0,8.470950127E0,-3.703950167E0
9.576917886E0,3.732000113E0,7.462950230E0,-3.799950123E0
9.579361271E0,4.477050304E0,6.522000313E0,-4.168950081E0
9.581804655E0,4.736999989E0,6.498000145E0,-4.260000229E0
9.584248115E0,4.429050446E0,6.679950237E0,-3.336000204E0
9.586691502E0,3.684000254E0,7.324050426E0,-2.482950211E0
9.589134891E0,3.502050161E0,7.872000217E0,-2.275050163E0
9.591578276E0,2.461050034E0,8.679000854E0,-3.004950047E0
9.594021660E0,2.029950142E0,8.275050163E0,-4.272000313E0
9.596465045E0,2.515950203E0,8.176050186E0,-5.002050400E0
9.598908430E0,3.487950087E0,8.124000549E0,-5.404050350E0
9.601351828E0,3.460950136E0,8.434950829E0,-4.971000195E0
9.603795442E0,3.763050079E0,8.695950508E0,-4.236000061E0
9.606238598E0,3.559050083E0,8.683950424E0,-3.976950169E0
9.608682211E0,3.102000237E0,8.998050690E0,-4.095000267E0
9.611125352E0,3.516000271E0,8.815950394E0,-4.666950226E0
9.613568965E0,3.070950031E0,8.278950691E0,-4.936950207E0
9.616012352E0,3.469050169E0,7.507950306E0,-3.811950207E0
9.618455736E0,4.114950180E0,7.000950336E0,-2.413950205E0
9.620899121E0,4.756950378E0,6.795000553E0,-1.795950055E0
9.623342506E0,5.221050262E0,6.595950127E0,-2.922000170E0
9.625785890E0,3.997950077E0,6.663000107E0,-4.327050209E0
9.628229350E0,2.242950201E0,7.429050446E0,-4.947000027E0
9.630672736E0,1.759050131E0,7.575000286E0,-4.272000313E0
9.633116121E0,2.652000189E0,7.609050274E0,-3.522000074E0
9.635559521E0,3.832050085E0,7.623000145E0,-3.634950161E0
9.638002905E0,4.546050072E0,7.575000286E0,-4.867950439E0
9.640446290E0,4.756950378E0,7.911000252E0,-6.016950130E0
9.642889903E0,4.218000412E0,8.397000313E0,-6.460050106E0
9.645333290E0,3.550050259E0,8.670000076E0,-6.106050491E0
9.647776680E0,2.748000145E0,8.824950218E0,-4.779000282E0
9.650220064E0,3.064050198E0,8.425050735E0,-3.597000122E0
9.652663449E0,4.113000393E0,7.450950146E0,-2.959950209E0
9.655106833E0,4.498050213E0,6.847950459E0,-3.421950102E0
9.657550218E0,4.560000420E0,6.867000103E0,-3.472050190E0
9.659993588E0,4.122000217E0,6.955050468E0,-3.369000196E0
9.662436972E0,3.616950274E0,7.582950592E0,-2.850000143E0
9.664880356E0,3.016050100E0,8.064000130E0,-3.019950151E0
9.667323740E0,2.143949986E0,8.758049965E0,-3.553950071E0
9.669767119E0,1.867050052E0,8.380050659E0,-4.261950016E0
9.672210581E0,2.821950197E0,8.133000374E0,-4.879950047E0
9.674653967E0,3.433050156E0,8.320050240E0,-5.151000023E0
9.677097352E0,3.615000248E0,8.473050117E0,-4.756050110E0
9.679540737E0,3.919050217E0,8.641050339E0,-4.309950352E0
9.681984126E0,3.424950123E0,8.868000031E0,-4.188000202E0
9.684427511E0,3.619050264E0,8.824950218E0,-4.183050156E0
9.686870895E0,3.526050091E0,8.538000107E0,-4.681050301E0
9.689314279E0,3.454050064E0,7.815000534E0,-4.498950005E0
9.691757874E0,4.017000198E0,7.255050182E0,-3.622950077E0
9.694201261E0,4.453050137E0,6.964950562E0,-2.335050106E0
9.696644646E0,4.917000294E0,6.772950172E0,-2.694000244E0
9.699088030E0,4.711050034E0,6.583950520E0,-3.958050251E0
9.701531415E0,2.950950146E0,6.871950150E0,-4.630950451E0
9.703974829E0,1.879050136E0,7.234950542E0,-4.333950043E0
9.706418213E0,1.993950129E0,7.360050201E0,-3.127050161E0
9.708861598E0,3.193050146E0,7.489050388E0,-2.977050066E0
9.711304982E0,4.186950207E0,7.719000340E0,-3.865050077E0
9.713748366E0,4.692000389E0,7.906050205E0,-5.614950180E0
9.716191750E0,4.333050251E0,8.437050819E0,-6.597000122E0
9.718635211E0,3.720000267E0,8.911050797E0,-6.669000149E0
9.721078598E0,2.812050104E0,8.998050690E0,-5.421000481E0
9.723521982E0,2.728950024E0,8.758049965E0,-3.874050140E0
9.725965367E0,3.433050156E0,7.800000191E0,-2.869050026E0
9.728408747E0,4.266000271E0,6.838050365E0,-2.875950098E0
9.730852131E0,4.906949997E0,6.466950417E0,-3.477000237E0
9.733295516E0,4.909950256E0,6.601050377E0,-3.739950180E0
9.735739129E0,3.952050209E0,7.105950356E0,-3.352050066E0
9.738182516E0,3.339000225E0,7.779000282E0,-2.883000135E0
9.740625901E0,2.884050131E0,8.502000809E0,-2.956950188E0
9.743069285E0,2.202000141E0,8.524050713E0,-3.657000065E0
9.745512670E0,2.464950085E0,8.171999931E0,-4.513950348E0
9.747956054E0,3.045000076E0,8.208000183E0,-5.208000183E0
9.750399439E0,3.199950218E0,8.527950287E0,-5.103000164E0
9.752842830E0,3.844050169E0,8.490000725E0,-4.363049984E0
9.755286214E0,3.978000164E0,8.614950180E0,-4.035000324E0
9.757729598E0,3.193050146E0,9.049950600E0,-3.889050245E0
9.760172982E0,3.724950075E0,8.587950706E0,-4.372050285E0
9.762616443E0,3.823050261E0,8.188050270E0,-4.770000458E0
9.765059829E0,3.430050135E0,7.786050320E0,-4.207050323E0
9.767503213E0,3.873000145E0,7.207050323E0,-2.806950092E0
9.769946598E0,4.552950382E0,7.044000149E0,-1.786950111E0
9.772389983E0,5.167950153E0,6.811950207E0,-2.457000017E0
9.774833367E0,4.504950047E0,6.787950516E0,-3.894000292E0
9.777276977E0,2.764950037E0,7.329000473E0,-4.927950382E0
9.779720363E0,1.963050127E0,7.698000431E0,-4.522950172E0
9.782163748E0,2.286000013E0,7.659000397E0,-3.738000154E0
9.784607132E0,3.406050205E0,7.674000263E0,-3.181950092E0
9.787050517E0,4.591050148E0,7.657050133E0,-4.116000175E0
9.789493902E0,4.912050247E0,7.735950470E0,-5.569950104E0
9.791937286E0,4.852050304E0,8.152050018E0,-6.517950535E0
9.794380671E0,4.038000107E0,8.671950340E0,-6.574950218E0
9.796824130E0,3.018000126E0,8.928000450E0,-5.248950481E0
9.799267440E0,3.246000051E0,8.569050789E0,-3.609000206E0
9.801710900E0,4.006950378E0,7.812000275E0,-2.814000130E0
9.804154209E0,4.636950016E0,7.042050362E0,-3.220950127E0
9.806597592E0,5.001000404E0,6.715950489E0,-3.810000181E0
9.809041054E0,4.720950127E0,6.730050087E0,-3.807000160E0
9.811484440E0,3.876000166E0,7.312050343E0,-3.048000097E0
9.813927825E0,3.267000198E0,8.072999954E0,-2.494950056E0
9.816371209E0,2.587050200E0,8.682000160E0,-2.644050121E0
9.818814594E0,2.419950008E0,8.381999969E0,-3.625050068E0
9.821257979E0,2.821950197E0,8.248050690E0,-5.100000381E0
9.823701577E0,3.174000263E0,8.416049957E0,-5.716050148E0
9.826144964E0,3.670050144E0,8.482950211E0,-4.993050098E0
9.828588348E0,4.134000301E0,8.690999985E0,-4.104000092E0
9.831031733E0,3.607050180E0,9.181950569E0,-3.196950197E0
9.833475118E0,3.555000067E0,8.943000793E0,-3.409950256E0
9.835918512E0,3.859050274E0,8.575950623E0,-4.276950359E0
9.838361897E0,3.997950077E0,8.104949951E0,-4.906050205E0
9.840805281E0,4.036050320E0,7.597050190E0,-4.243050098E0
9.843248665E0,4.431000233E0,7.176000118E0,-2.533950090E0
9.845692126E0,4.993950367E0,7.113000393E0,-2.007000208E0
9.848135454E0,5.106000423E0,6.579000473E0,-2.620050192E0
9.850578914E0,3.559050083E0,6.334950447E0,-3.484050274E0
9.853022300E0,2.218950033E0,6.747000217E0,-3.496050119E0
9.855465685E0,2.475000143E0,7.101000309E0,-3.088950157E0
9.857909070E0,3.804000139E0,7.249950409E0,-3.148950100E0
9.860352468E0,4.989000320E0,7.614000320E0,-4.068000317E0
9.862795853E0,5.269050121E0,8.053950310E0,-5.923950195E0
9.865239238E0,4.804950237E0,8.812950134E0,-6.714000225E0
9.867682622E0,3.768000126E0,9.201000214E0,-6.508050442E0
9.870126236E0,2.628000021E0,9.268050194E0,-4.843950272E0
9.872569626E0,2.583000183E0,8.818050385E0,-3.123000145E0
9.875013011E0,3.829950094E0,7.530000210E0,-2.413950205E0
9.877456395E0,4.927050114E0,6.354000092E0,-2.898000240E0
9.879899780E0,5.911050320E0,6.121950150E0,-4.006050110E0
9.882343165E0,5.458050251E0,6.340050220E0,-3.691950083E0
9.884786554E0,4.539000034E0,7.053000450E0,-2.650950193E0
9.887229939E0,3.535950184E0,7.824000359E0,-2.208000183E0
9.889673323E0,2.712000132E0,8.332050323E0,-2.068950176E0
9.892116783E0,2.331000090E0,8.038050652E0,-2.716050148E0
9.894560170E0,3.559050083E0,7.828950405E0,-3.952950239E0
9.897003526E0,4.465050220E0,8.116950035E0,-5.368050098E0
9.899446911E0,3.760950089E0,8.502000809E0,-5.785050392E0
9.901890296E0,3.547950268E0,9.081000328E0,-4.939950466E0
9.904333680E0,3.298950195E0,9.558000565E0,-3.235050201E0
9.906777065E0,2.809950113E0,9.349950790E0,-2.431050062E0
9.909220449E0,2.982000113E0,8.847000122E0,-2.620050192E0
9.911663833E0,3.817950249E0,7.954050541E0,-3.442950249E0
9.914107447E0,4.558050156E0,6.973950386E0,-3.907950163E0
9.916550834E0,5.413050175E0,6.541050434E0,-3.340950251E0
9.918994219E0,5.785950184E0,6.499950409E0,-2.814000130E0
9.921437621E0,4.759050369E0,6.502950191E0,-3.075000048E0
9.923881006E0,3.378000259E0,6.721050262E0,-1.320000052E0
9.926324390E0,2.977950096E0,7.053000450E0,-8.340000510E-1
9.928767850E0,3.540000200E0,7.504050255E0,-2.550000191E0
9.931211242E0,4.361999989E0,7.530000210E0,-4.783950329E0
9.933654626E0,4.843050003E0,7.804950237E0,-6.682950497E0
9.936098011E0,4.917000294E0,8.301000595E0,-6.646950245E0
9.938541396E0,4.311000347E0,8.674050331E0,-5.242050171E0
9.940984780E0,3.475950241E0,8.851950645E0,-3.807000160E0
9.943428176E0,2.623050213E0,8.878050804E0,-2.482950211E0
9.945871560E0,2.719050169E0,8.401050568E0,-2.740050077E0
9.948314944E0,4.303950310E0,7.243050575E0,-3.766950130E0
9.950758328E0,4.966950417E0,6.475950241E0,-4.768050194E0
9.953201943E0,4.785000324E0,6.478950500E0,-4.246050358E0
9.955645099E0,4.668000221E0,6.691950321E0,-2.323050022E0
9.958088481E0,4.702050209E0,7.093950272E0,-1.095000029E0
9.960532097E0,3.910950184E0,7.480050564E0,-1.216950059E0
9.962975484E0,3.034950256E0,7.659000397E0,-2.148000002E0
9.965418868E0,2.683050156E0,7.887000561E0,-3.417000055E0
9.967862253E0,3.724950075E0,7.911000252E0,-4.921050072E0
9.970305637E0,4.207950115E0,8.136000633E0,-5.730000496E0
9.972749022E0,3.720000267E0,8.506950378E0,-5.224950314E0
9.975192407E0,3.421050072E0,9.193950653E0,-3.621000290E0
9.977635866E0,3.124050140E0,9.313950539E0,-2.248950005E0
9.980079267E0,2.896050215E0,9.064949989E0,-2.694000244E0
9.982522651E0,2.857950211E0,8.740950584E0,-3.589950085E0
9.984966036E0,3.480000257E0,7.930050373E0,-4.207050323E0
9.987409421E0,4.528950214E0,6.927000523E0,-3.847950220E0
9.989852805E0,5.458050251E0,6.892950535E0,-3.175050259E0
9.992296419E0,5.500950336E0,6.586950302E0,-3.040950060E0
9.994739575E0,4.168050289E0,6.397050381E0,-2.850000143E0
9.997183188E0,2.620950222E0,6.523950100E0,-2.170050144E0
9.999626344E0,2.536950111E0,6.804000378E0,-1.849050045E0
1.000206996E1,3.813000202E0,7.117950439E0,-2.673000097E0
1.000451313E1,4.921950340E0,7.302000523E0,-4.653000355E0
1.000695674E1,4.909950256E0,8.085000038E0,-6.439050198E0
1.000940013E1,4.654050350E0,8.719950676E0,-6.865050316E0
1.001184351E1,3.691050291E0,9.201000214E0,-6.106050491E0
1.001428690E1,2.616000175E0,9.414000511E0,-4.444050312E0
1.001673028E1,1.800000072E0,8.911050797E0,-2.826000214E0
1.001917366E1,2.461050034E0,8.179050446E0,-2.730000019E0
1.002161712E1,4.335000038E0,6.649050236E0,-3.532050133E0
1.002406051E1,5.391000271E0,5.962050438E0,-4.914000034E0
1.002650390E1,5.109000206E0,6.196050167E0,-4.861050129E0
1.002894727E1,4.492950439E0,6.838050365E0,-3.072000027E0
1.003139066E1,4.029000282E0,7.437000275E0,-1.978050113E0
1.003383404E1,3.049950123E0,8.097000122E0,-1.533000112E0
1.003627743E1,2.704950094E0,7.828950405E0,-2.617050171E0
1.003872081E1,3.246000051E0,7.774050236E0,-4.344000340E0
1.004116417E1,4.275000095E0,7.924950600E0,-6.007950306E0
1.004360756E1,3.840000153E0,8.184000015E0,-6.568050385E0
1.004605094E1,3.724950075E0,8.794050217E0,-5.257950306E0
1.004849433E1,3.174000263E0,9.366000175E0,-3.400050163E0
1.005093794E1,2.665950060E0,9.394950867E0,-2.632050037E0
1.005338132E1,2.532000065E0,9.273000717E0,-3.265950203E0
1.005582470E1,2.745000124E0,8.635950089E0,-4.096950054E0
1.005826809E1,3.691050291E0,7.458000183E0,-4.552050114E0
1.006071147E1,4.687050343E0,7.231050491E0,-3.906000137E0
1.006315486E1,5.041950226E0,6.958050251E0,-3.316950083E0
1.006559824E1,4.603050232E0,6.634050369E0,-2.686950207E0
1.006804170E1,3.478050232E0,6.724950314E0,-2.185950041E0
1.007048509E1,2.788950205E0,7.108950138E0,-2.320950031E0
1.007292847E1,3.208050251E0,7.255050182E0,-3.240000248E0
1.007537186E1,4.431000233E0,7.426950455E0,-4.825050354E0
1.007781524E1,4.678050041E0,7.671000481E0,-6.633000374E0
1.008025862E1,4.567049980E0,8.128950119E0,-7.009050369E0
1.008270201E1,4.359000206E0,8.488050461E0,-5.899950504E0
1.008514562E1,3.591000080E0,8.797050476E0,-4.344000340E0
1.008758878E1,2.776950121E0,8.614950180E0,-3.151050091E0
1.009003240E1,2.836050034E0,8.350950241E0,-3.034050226E0
1.009247578E1,4.065000057E0,7.554000378E0,-4.152000427E0
1.009491917E1,4.726050377E0,6.816000462E0,-4.984950066E0
1.009736255E1,4.606050014E0,6.730050087E0,-5.116950035E0
1.009980594E1,3.861000299E0,7.159050465E0,-3.264000177E0
1.010224932E1,4.306950092E0,7.393050194E0,-1.690950036E0
1.010469271E1,3.888000250E0,7.719000340E0,-1.746000051E0
1.010713609E1,3.187950134E0,7.834050179E0,-2.661000013E0
1.010957948E1,2.784000158E0,7.894050598E0,-4.417950153E0
1.011202286E1,3.378000259E0,7.783950329E0,-5.536050320E0
1.011446624E1,4.144050121E0,7.768950462E0,-5.605950356E0
1.011690970E1,3.756000280E0,8.109000206E0,-5.083950043E0
1.011935309E1,3.720000267E0,8.800950050E0,-3.700050116E0
1.012179647E1,3.166950226E0,8.956950188E0,-3.217950106E0
1.012423985E1,3.154950142E0,8.751000404E0,-3.408000231E0
1.012668324E1,3.375000238E0,8.657999992E0,-3.975000143E0
1.012912662E1,3.150000095E0,8.251049995E0,-4.138050079E0
1.013157001E1,4.146000385E0,7.528050423E0,-3.763950109E0
1.013401362E1,4.924050331E0,7.372050285E0,-3.181950092E0
1.013645699E1,4.708950043E0,7.171050549E0,-3.012000084E0
1.013890038E1,3.528000116E0,6.712950230E0,-2.866050243E0
1.014134376E1,2.733000040E0,6.928950310E0,-2.265000105E0
1.014378715E1,2.905950069E0,7.051050186E0,-2.233950138E0
1.014623053E1,3.832050085E0,7.183050156E0,-3.361950159E0
1.014867392E1,4.716000080E0,7.285950184E0,-5.320950031E0
1.015111730E1,4.897950172E0,7.918050289E0,-6.829050541E0
1.015356068E1,4.783050060E0,8.515950203E0,-7.120950222E0
1.015600407E1,3.901950121E0,8.887950897E0,-6.028950214E0
1.015844753E1,2.926950216E0,8.928000450E0,-4.164000034E0
1.016089084E1,2.319000006E0,8.578950882E0,-2.754000187E0
1.016333430E1,3.588000059E0,7.911000252E0,-3.076950073E0
1.016577768E1,4.924050331E0,6.979050159E0,-4.542000294E0
1.016822107E1,4.764000416E0,6.559950352E0,-5.811000347E0
1.017066445E1,4.018949986E0,6.775950432E0,-4.711950302E0
1.017310783E1,4.297049999E0,7.291050434E0,-2.608050108E0
1.017555121E1,3.649950266E0,7.777050495E0,-1.626000047E0
1.017799483E1,2.761950016E0,7.819950581E0,-1.542000055E0
1.018043821E1,2.899050236E0,7.647000313E0,-2.986050129E0
1.018288160E1,3.813000202E0,7.852950573E0,-5.088000298E0
1.018532498E1,4.180050373E0,7.863000393E0,-6.790950298E0
1.018776837E1,3.789000273E0,8.204999924E0,-6.606000423E0
1.019021175E1,3.765000105E0,8.811000824E0,-5.002050400E0
1.019265514E1,2.863050222E0,9.529050827E0,-3.241950035E0
1.019509852E1,2.599050045E0,9.406949997E0,-2.610000134E0
1.019754189E1,2.680950165E0,9.112950325E0,-3.337950230E0
1.019998528E1,3.129000187E0,8.583000183E0,-3.846000195E0
1.020242866E1,4.117050171E0,7.614000320E0,-4.429950237E0
1.020487204E1,4.915050030E0,7.137000561E0,-4.213950157E0
1.020731550E1,4.690050125E0,6.955050468E0,-3.802950144E0
1.020975889E1,3.634050131E0,6.598950386E0,-2.602950096E0
1.021220228E1,3.307950258E0,6.603000164E0,-1.648050070E0
1.021464566E1,3.160050154E0,6.936000347E0,-1.741050124E0
1.021708904E1,3.789000273E0,7.111050129E0,-3.598950148E0
1.021953243E1,5.140050411E0,7.144050121E0,-6.136950493E0
1.022197581E1,4.711050034E0,7.887000561E0,-7.762950420E0
1.022441919E1,4.519950390E0,8.710050583E0,-7.356000423E0
1.022686281E1,3.871050119E0,9.019050598E0,-5.785050392E0
1.022930619E1,2.829000235E0,9.139050484E0,-3.645000219E0
1.023174958E1,2.005950212E0,8.800950050E0,-2.335050106E0
1.023419296E1,3.130950212E0,8.254950523E0,-3.144000053E0
1.023663635E1,4.290000439E0,7.104000568E0,-4.762950420E0
1.023907973E1,4.381050110E0,6.534000397E0,-5.695950508E0
1.024152319E1,4.050000191E0,6.654000282E0,-4.405950069E0
1.024396651E1,4.314000130E0,6.948000431E0,-2.449950218E0
1.024640997E1,3.958950281E0,7.468050480E0,-1.177950025E0
1.024885336E1,3.184050083E0,7.618950367E0,-1.315050006E0
1.025129674E1,3.006000042E0,7.744950294E0,-2.842050076E0
1.025374005E1,3.531000137E0,7.911000252E0,-5.143050194E0
1.025618352E1,3.763050079E0,7.936950207E0,-6.628050327E0
1.025862690E1,4.062000275E0,8.233950615E0,-6.297000408E0
1.026107029E1,3.718050241E0,8.839950562E0,-4.843950272E0
1.026351367E1,2.800950050E0,9.714000702E0,-3.190050125E0
1.026595706E1,2.488950014E0,9.409049988E0,-2.404050112E0
1.026840046E1,2.335950136E0,9.019050598E0,-2.926050186E0
1.027084384E1,2.974950075E0,8.458950043E0,-3.859950066E0
1.027328746E1,3.985950232E0,7.410000324E0,-4.480050087E0
1.027573084E1,4.668000221E0,6.916950226E0,-4.255050182E0
1.027817423E1,4.845000267E0,6.687000275E0,-3.616050243E0
1.028061761E1,4.402050018E0,6.345000267E0,-2.878050089E0
1.028306100E1,3.238950253E0,6.342000484E0,-2.269950151E0
1.028550438E1,2.547000170E0,6.610950470E0,-1.999950051E0
1.028794777E1,4.029000282E0,6.703950405E0,-2.806950092E0
1.029039123E1,4.966950417E0,7.048950195E0,-5.098050117E0
1.029283461E1,4.764000416E0,7.755000591E0,-7.231050491E0
1.029527799E1,4.540950298E0,8.586000443E0,-7.606950283E0
1.029772138E1,3.813000202E0,9.131999969E0,-6.111000061E0
1.030016476E1,2.776950121E0,9.309000015E0,-4.044000149E0
1.030260815E1,1.801950097E0,8.988000870E0,-2.518950224E0
1.030505152E1,2.608950138E0,8.397000313E0,-2.698950052E0
1.030749490E1,4.081050396E0,6.979050159E0,-4.303050041E0
1.030993828E1,4.728000164E0,6.345000267E0,-5.328000069E0
1.031238167E1,4.608000278E0,6.445050240E0,-4.801050186E0
1.031482505E1,4.420950413E0,6.880950451E0,-2.983950138E0
1.031726844E1,4.000050068E0,7.246950150E0,-1.815000057E0
1.031971205E1,3.010950089E0,7.816950321E0,-1.542000055E0
1.032215544E1,2.836050034E0,7.744950294E0,-2.677050114E0
1.032459882E1,3.181050062E0,7.804950237E0,-4.590000153E0
1.032704221E1,4.102950096E0,7.743000507E0,-6.240000248E0
1.032948559E1,4.041000366E0,8.128950119E0,-6.457950115E0
1.033192898E1,3.901950121E0,8.698050499E0,-5.421000481E0
1.033437236E1,3.220050097E0,9.496050835E0,-3.988950253E0
1.033681582E1,2.512950182E0,9.610950470E0,-2.995950222E0
1.033925923E1,2.194950104E0,9.321000099E0,-3.136950254E0
1.034170261E1,2.602050066E0,8.728950500E0,-3.826950073E0
1.034414600E1,3.588000059E0,7.542000294E0,-4.264950275E0
1.034658938E1,4.588950157E0,6.895050526E0,-3.907950163E0
1.034903277E1,5.062950134E0,6.711000443E0,-3.420000076E0
1.035147615E1,4.977000237E0,6.607950211E0,-3.046050072E0
1.035391954E1,3.973950148E0,6.577050209E0,-2.725050211E0
1.035636292E1,2.865000248E0,6.940950394E0,-2.704050064E0
1.035880630E1,2.899050236E0,7.197000504E0,-3.429000139E0
1.036124969E1,3.961950302E0,7.240050316E0,-4.570950031E0
1.036369330E1,4.323000431E0,7.575000286E0,-5.935950279E0
1.036613668E1,4.527000427E0,8.179050446E0,-6.226050377E0
1.036858007E1,4.540950298E0,8.527950287E0,-5.775000095E0
1.037102345E1,3.643050194E0,9.031050682E0,-5.163000107E0
1.037346684E1,2.551050186E0,9.084000587E0,-4.392000198E0
1.037591023E1,2.293050051E0,8.835000038E0,-3.867000103E0
1.037835361E1,3.295950174E0,7.822050571E0,-4.140000343E0
1.038079700E1,4.113000393E0,6.781050205E0,-4.459050179E0
1.038324038E1,4.393050194E0,6.472050190E0,-4.219050407E0
1.038568384E1,4.551000118E0,6.361950397E0,-3.436050177E0
1.038812724E1,4.548000336E0,6.795000553E0,-2.500050068E0
1.039057063E1,4.129050255E0,7.465050220E0,-2.287050009E0
1.039301401E1,3.169050217E0,8.217000008E0,-2.995950222E0
1.039545740E1,2.602050066E0,8.208000183E0,-4.255050182E0
1.039790078E1,2.587050200E0,8.080950737E0,-5.380050182E0
1.040034416E1,3.411000252E0,8.014050484E0,-5.509950161E0
1.040278778E1,3.708000183E0,8.014050484E0,-4.768050194E0
1.040523093E1,3.825000286E0,8.358000755E0,-4.030050278E0
1.040767455E1,3.363000154E0,8.887950897E0,-3.499050140E0
1.041011770E1,2.880000114E0,9.193950653E0,-3.561000109E0
1.041256132E1,2.937000036E0,8.884950638E0,-4.377000332E0
1.041500470E1,3.138000250E0,8.605050087E0,-4.971000195E0
1.041744809E1,3.447000265E0,7.767000198E0,-4.578000069E0
1.041989147E1,3.945000172E0,7.297950268E0,-2.986050129E0
1.042233486E1,4.813950062E0,6.970050335E0,-2.493000031E0
1.042477824E1,5.218950272E0,6.510000229E0,-3.273000240E0
1.042722163E1,3.880050182E0,6.414000511E0,-4.095000267E0
1.042966501E1,2.176050186E0,6.751950264E0,-3.927000284E0
1.043210847E1,2.152050018E0,7.051050186E0,-3.205950260E0
1.043455186E1,3.331950188E0,7.258950233E0,-3.130050182E0
1.043699524E1,4.402050018E0,7.638000488E0,-4.027950287E0
1.043943863E1,4.804950237E0,7.876950264E0,-5.839950085E0
1.044188201E1,4.531949997E0,8.485050201E0,-6.925050259E0
1.044432540E1,3.729000092E0,9.057000160E0,-6.898050308E0
1.044676901E1,2.674050093E0,9.199050903E0,-5.673000336E0
1.044921238E1,2.104050159E0,8.820000648E0,-3.727950096E0
1.045165577E1,2.656950235E0,8.104949951E0,-2.610000134E0
1.045409915E1,4.468950272E0,6.864000320E0,-3.034050226E0
1.045654254E1,5.137050152E0,6.268050194E0,-4.417950153E0
1.045898592E1,4.645950317E0,6.510000229E0,-4.765050411E0
1.046142929E1,4.021950245E0,7.069950104E0,-3.847950220E0
1.046387267E1,3.580950260E0,7.774050236E0,-2.893050194E0
1.046631606E1,2.602050066E0,8.398950577E0,-2.452050209E0
1.046875944E1,1.978950143E0,8.221950531E0,-2.871000051E0
1.047120282E1,2.560950041E0,8.101950645E0,-4.095000267E0
1.047364621E1,3.745950222E0,7.948950291E0,-5.598000050E0
1.047608959E1,3.708000183E0,8.377950668E0,-6.271050453E0
1.047853305E1,3.507000208E0,8.646000862E0,-5.650950432E0
1.048097644E1,2.899050236E0,9.340050697E0,-4.216950417E0
1.048341984E1,2.676000118E0,9.321000099E0,-3.309000254E0
1.048586322E1,2.653950214E0,9.169950485E0,-3.337950230E0
1.048830661E1,2.908050060E0,8.623950005E0,-3.907950163E0
1.049074999E1,3.367950201E0,7.518000126E0,-4.009050369E0
1.049319338E1,4.455000401E0,6.931050301E0,-3.736050129E0
1.049563699E1,4.897950172E0,6.802050114E0,-3.348000050E0
1.049808015E1,4.795050144E0,6.532050133E0,-3.232950211E0
1.050052376E1,3.688950062E0,6.610950470E0,-3.094050169E0
1.050296715E1,2.484000206E0,7.149000168E0,-2.932950258E0
1.050541053E1,2.422049999E0,7.348050117E0,-3.697050095E0
1.050785394E1,3.262950182E0,7.441050529E0,-4.248000145E0
1.051029733E1,4.098000050E0,7.645050526E0,-5.373000145E0
1.051274071E1,4.495950222E0,7.960950375E0,-6.385950089E0
1.051518410E1,4.495950222E0,8.394000053E0,-6.417000294E0
1.051762748E1,3.646050215E0,8.800950050E0,-5.862000465E0
1.052007087E1,2.748000145E0,9.022050858E0,-4.734000206E0
1.052251433E1,2.227950096E0,8.755949974E0,-3.814950228E0
1.052495771E1,2.776950121E0,8.143050194E0,-3.568050146E0
1.052740110E1,4.137000084E0,7.044000149E0,-3.843000174E0
1.052984448E1,4.408950329E0,6.724950314E0,-4.248000145E0
1.053228786E1,4.563000202E0,6.649050236E0,-3.850050211E0
1.053473125E1,4.213050365E0,7.096950531E0,-3.096000195E0
1.053717463E1,4.048050404E0,7.686000347E0,-2.785050154E0
1.053961802E1,2.869950056E0,8.386950493E0,-2.902050257E0
1.054206163E1,1.965000153E0,8.308050156E0,-3.436050177E0
1.054450502E1,2.266950130E0,8.161950111E0,-4.104000092E0
1.054694840E1,3.729000092E0,8.041950226E0,-5.067000389E0
1.054939179E1,3.703050137E0,8.179050446E0,-5.737050056E0
1.055183517E1,3.423000097E0,8.559000015E0,-5.413950443E0
1.055427856E1,3.247950077E0,8.964000702E0,-4.399050236E0
1.055672194E1,2.784000158E0,9.309000015E0,-3.300000191E0
1.055916532E1,2.905950069E0,9.001950264E0,-3.115050077E0
1.056160871E1,2.880000114E0,8.703000069E0,-3.601050138E0
1.056405217E1,3.543000221E0,7.534950256E0,-4.066050053E0
1.056649548E1,4.524000168E0,6.994050503E0,-4.155000210E0
1.056893894E1,4.836000443E0,6.879000187E0,-3.790950298E0
1.057138225E1,4.558050156E0,6.589050293E0,-3.385950089E0
1.057382571E1,3.451950073E0,6.666000366E0,-3.096000195E0
1.057626909E1,2.386050224E0,7.020000458E0,-2.670000076E0
1.057871248E1,2.523000002E0,7.231050491E0,-3.007950068E0
1.058115586E1,3.604950190E0,7.348050117E0,-4.035000324E0
1.058359925E1,4.423950195E0,7.528050423E0,-5.680050373E0
1.058604263E1,4.726050377E0,8.157000542E0,-7.102050304E0
1.058848602E1,4.459950447E0,8.731950760E0,-6.898050308E0
1.059092963E1,3.508950233E0,9.136950493E0,-5.847000122E0
1.059337302E1,2.677950144E0,9.120000839E0,-4.179000378E0
1.059581640E1,2.245050192E0,8.734050751E0,-3.163050175E0
1.059825979E1,3.184050083E0,7.939050198E0,-3.424050093E0
1.060070317E1,4.504950047E0,6.735000134E0,-4.258049965E0
1.060314656E1,4.927050114E0,6.402000427E0,-4.947000027E0
1.060558994E1,4.375950336E0,6.775950432E0,-3.894000292E0
1.060803340E1,4.137000084E0,7.297950268E0,-2.467050076E0
1.061047679E1,3.741000175E0,7.789050579E0,-2.128950119E0
1.061292017E1,2.602050066E0,8.428050041E0,-2.320950031E0
1.061536356E1,1.933950067E0,8.188050270E0,-3.597000122E0
1.061780694E1,2.688000202E0,8.160000801E0,-4.861050129E0
1.062025033E1,4.054950237E0,8.038050652E0,-5.871000290E0
1.062269371E1,3.507000208E0,8.322000504E0,-5.874000072E0
1.062513710E1,3.627000093E0,8.935050011E0,-4.678950310E0
1.062758048E1,2.962950230E0,9.544050217E0,-3.574950218E0
1.063002385E1,2.848050117E0,9.298950195E0,-3.193950176E0
1.063246724E1,2.935050249E0,9.034049988E0,-3.628050089E0
1.063491062E1,3.025950193E0,8.241000175E0,-4.303050041E0
1.063735424E1,3.916050196E0,7.081950188E0,-4.432050228E0
1.063979762E1,4.828050137E0,6.622950077E0,-3.750000238E0
1.064224101E1,5.125050068E0,6.505050182E0,-3.408000231E0
1.064468439E1,4.765950203E0,6.457050323E0,-3.180000067E0
1.064712778E1,3.255000114E0,6.484050274E0,-2.692050219E0
1.064957116E1,2.415000200E0,6.964950562E0,-2.610000134E0
1.065201462E1,3.058950186E0,7.051050186E0,-3.115050077E0
1.065445793E1,4.018949986E0,7.350000381E0,-4.882050037E0
1.065690139E1,4.371000290E0,7.720950603E0,-6.546000481E0
1.065934478E1,4.471950054E0,8.428050041E0,-6.709050179E0
1.066178816E1,4.153050423E0,8.725049973E0,-5.905050278E0
1.066423154E1,3.202950239E0,9.247050285E0,-4.606950283E0
1.066667493E1,2.370000124E0,9.055050850E0,-3.652050257E0
1.066911831E1,2.109000206E0,8.713050842E0,-3.601050138E0
1.067156170E1,3.700950146E0,7.614000320E0,-3.967950106E0
1.067400508E1,4.477050304E0,6.678000450E0,-4.384050369E0
1.067644845E1,4.480950356E0,6.534000397E0,-4.063950062E0
1.067889207E1,4.186950207E0,6.715950489E0,-2.668050051E0
1.068133522E1,4.579050064E0,7.210950375E0,-1.914000034E0
1.068377884E1,4.024050236E0,7.768950462E0,-2.311050177E0
1.068622222E1,2.724000216E0,8.077950478E0,-3.268950224E0
1.068866564E1,1.993950129E0,8.059050560E0,-4.413000107E0
1.069110902E1,2.938950062E0,8.044950485E0,-5.026050091E0
1.069355240E1,3.817950249E0,8.184000015E0,-5.416050434E0
1.069599579E1,3.567000151E0,8.617050171E0,-4.855950356E0
1.069843918E1,3.540000200E0,9.060000420E0,-4.036950111E0
1.070088260E1,2.785950184E0,9.544050217E0,-3.585000277E0
1.070332599E1,2.653950214E0,9.160050392E0,-3.625050068E0
1.070576938E1,2.755050182E0,8.959050179E0,-4.249950409E0
1.070821276E1,3.102000237E0,8.039999962E0,-4.201950073E0
1.071065615E1,4.036050320E0,7.185000420E0,-3.802950144E0
1.071309953E1,4.977000237E0,6.895050526E0,-3.079950094E0
1.071554292E1,5.295000076E0,6.631950378E0,-3.373950243E0
1.071798630E1,4.347000122E0,6.177000523E0,-3.750000238E0
1.072042968E1,2.641950130E0,6.586950302E0,-3.039000034E0
1.072287307E1,2.383949995E0,6.850050449E0,-2.395050049E0
1.072531644E1,3.469050169E0,7.012950420E0,-2.683950186E0
1.072775982E1,4.426050186E0,7.353000164E0,-4.783950329E0
1.073020344E1,4.495950222E0,8.071050644E0,-6.763950348E0
1.073264682E1,4.267950058E0,8.743950844E0,-7.222050190E0
1.073509021E1,3.547950268E0,9.268050194E0,-6.244950294E0
1.073753359E1,2.776950121E0,9.460050583E0,-4.714950085E0
1.073997698E1,1.741950035E0,9.172050476E0,-3.312000275E0
1.074242036E1,2.416950226E0,8.401050568E0,-3.064950228E0
1.074486375E1,4.219950199E0,7.008000374E0,-3.658950090E0
1.074730713E1,4.740000248E0,6.388050079E0,-4.629000187E0
1.074975061E1,4.660950184E0,6.394950390E0,-4.216950417E0
1.075219399E1,4.219950199E0,7.057950497E0,-2.823000193E0
1.075463738E1,4.266000271E0,7.432050228E0,-2.293950081E0
1.075708076E1,3.018000126E0,8.149950027E0,-2.272950172E0
1.075952415E1,2.311950207E0,8.049000740E0,-3.120000124E0
1.076196753E1,2.611050129E0,8.088000298E0,-4.492050171E0
1.076441091E1,3.619050264E0,8.052000046E0,-5.862000465E0
1.076685452E1,3.535950184E0,8.386950493E0,-5.992950439E0
1.076929791E1,3.765000105E0,8.863950729E0,-5.119050026E0
1.077174128E1,3.010950089E0,9.466950417E0,-4.039950371E0
1.077418466E1,2.355000019E0,9.634950638E0,-3.475050211E0
1.077662805E1,2.641950130E0,9.144000053E0,-3.630000114E0
1.077907143E1,2.872050047E0,8.518950462E0,-4.437000275E0
1.078151482E1,3.457050085E0,7.597050190E0,-4.420050144E0
1.078395820E1,4.456950188E0,6.838050365E0,-3.919950247E0
1.078640159E1,5.214000225E0,6.795000553E0,-3.079950094E0
1.078884497E1,5.274000168E0,6.543000221E0,-3.216000080E0
1.079128836E1,3.799050093E0,6.535950184E0,-3.276000261E0
1.079373174E1,2.431950092E0,6.868950367E0,-3.108000040E0
1.079617520E1,2.200050116E0,7.246950150E0,-2.893050194E0
1.079861859E1,3.418050051E0,7.312050343E0,-3.793050289E0
1.080106197E1,4.290000439E0,7.695000172E0,-5.104950428E0
1.080350536E1,4.335000038E0,8.188050270E0,-6.381000519E0
1.080594874E1,4.206000328E0,8.551950455E0,-6.513000488E0
1.080839211E1,3.772950172E0,9.091050148E0,-5.830950260E0
1.081083549E1,2.596950054E0,9.244050026E0,-4.935000420E0
1.081327911E1,1.789950132E0,9.025950432E0,-3.891000271E0
1.081572249E1,2.769000053E0,8.161950111E0,-3.573000193E0
1.081816588E1,4.005000114E0,6.859950542E0,-3.598950148E0
1.082060926E1,4.824000359E0,6.342000484E0,-4.269000053E0
1.082305264E1,4.785000324E0,6.325950146E0,-3.943950176E0
1.082549603E1,4.303950310E0,6.826050282E0,-2.944950104E0
1.082793942E1,3.985950232E0,7.393050194E0,-2.521950006E0
1.083038280E1,3.013950109E0,8.356050491E0,-2.598000050E0
1.083282618E1,2.428950071E0,8.245950699E0,-3.810000181E0
1.083526964E1,2.437050104E0,8.167050362E0,-4.891950130E0
1.083771295E1,3.214950085E0,8.035050392E0,-5.512050152E0
1.084015641E1,3.399000168E0,8.373000145E0,-5.308950424E0
1.084259972E1,3.700950146E0,8.550000191E0,-4.720050335E0
1.084504318E1,3.199950218E0,8.952000618E0,-4.188000202E0
1.084748657E1,2.640000105E0,9.249000549E0,-3.762000084E0
1.084992995E1,2.994000196E0,8.955000877E0,-4.102050304E0
1.085237334E1,2.914950132E0,8.581050873E0,-4.609050274E0
1.085481672E1,3.403950214E0,7.780950546E0,-4.285950184E0
1.085726011E1,4.065000057E0,7.137000561E0,-3.466950178E0
1.085970349E1,4.717950344E0,6.868950367E0,-2.674950123E0
1.086214710E1,4.804950237E0,6.562950134E0,-3.051000118E0
1.086459049E1,3.898950100E0,6.424050331E0,-3.493950129E0
1.086703388E1,2.620950222E0,6.910050392E0,-3.688050270E0
1.086947728E1,2.560950041E0,7.204050541E0,-3.754950285E0
1.087192066E1,3.447000265E0,7.494000435E0,-4.248000145E0
1.087436404E1,4.102950096E0,7.744950294E0,-4.914000034E0
1.087680743E1,4.596000195E0,7.954050541E0,-6.013050079E0
1.087925081E1,4.407000065E0,8.370000839E0,-6.477000237E0
1.088169418E1,4.096050262E0,8.698050499E0,-6.060000420E0
1.088413757E1,2.901000023E0,8.785050392E0,-5.239050388E0
1.088658095E1,2.470050097E0,8.599950790E0,-4.087950230E0
1.088902441E1,3.378000259E0,8.076000214E0,-3.544050217E0
1.089146780E1,4.270950317E0,7.173000336E0,-3.637050152E0
1.089391118E1,4.690050125E0,6.634050369E0,-4.159049988E0
1.089635457E1,4.534049988E0,6.639000416E0,-3.835950136E0
1.089879795E1,4.394999981E0,7.009950161E0,-3.238050222E0
1.090124134E1,3.763050079E0,7.504050255E0,-2.814000130E0
1.090368473E1,2.869950056E0,7.947000504E0,-2.455050230E0
1.090612811E1,2.322000027E0,7.750050545E0,-2.887950182E0
1.090857173E1,2.965950251E0,7.870050430E0,-3.795000076E0
1.091101511E1,3.973950148E0,7.960950375E0,-5.260950089E0
1.091345850E1,4.030950069E0,8.265000343E0,-6.039000511E0
1.091590188E1,3.897000074E0,8.871000290E0,-5.586000443E0
1.091834527E1,3.009000063E0,9.487950325E0,-4.240950108E0
1.092078865E1,3.016050100E0,9.144000053E0,-3.415050268E0
1.092323211E1,3.142950058E0,8.895000458E0,-3.396000147E0
1.092567542E1,3.394050121E0,8.209950447E0,-3.763950109E0
1.092811882E1,3.940050125E0,7.129950523E0,-3.891000271E0
1.093056228E1,4.942950249E0,6.562950134E0,-3.463050127E0
1.093300567E1,5.484000206E0,6.583950520E0,-3.151050091E0
1.093544906E1,5.314950466E0,6.373050213E0,-3.196950197E0
1.093789244E1,3.796950102E0,6.498000145E0,-2.979000092E0
1.094033582E1,2.568000078E0,6.976950169E0,-2.458950043E0
1.094277921E1,2.853000164E0,7.113000393E0,-2.704050064E0
1.094522259E1,4.137000084E0,7.261950493E0,-3.793050289E0
1.094766598E1,4.651050091E0,7.731000423E0,-5.230050087E0
1.095010936E1,4.804950237E0,8.254950523E0,-6.190050125E0
1.095255275E1,4.795050144E0,8.686050415E0,-6.010050297E0
1.095499613E1,3.873000145E0,9.216000557E0,-5.461950302E0
1.095743975E1,2.556000233E0,9.271050453E0,-4.462950230E0
1.095988313E1,2.257050037E0,8.938050270E0,-3.403050184E0
1.096232652E1,3.478050232E0,7.762050152E0,-3.253950119E0
1.096476992E1,4.584000111E0,6.661050320E0,-3.598950148E0
1.096721330E1,5.073000431E0,6.316050529E0,-3.894000292E0
1.096965668E1,5.191950321E0,6.268050194E0,-3.349950075E0
1.097210014E1,4.776000023E0,6.745050430E0,-2.365950108E0
1.097454353E1,4.234950066E0,7.410000324E0,-1.963950038E0
1.097698692E1,3.355950117E0,8.143050194E0,-2.494950056E0
1.097943030E1,2.772000074E0,8.032950401E0,-3.616050243E0
1.098187368E1,3.142950058E0,7.840950489E0,-4.600050449E0
1.098431707E1,3.978000164E0,7.875000477E0,-5.175000191E0
1.098676045E1,4.134000301E0,8.275050163E0,-4.815000057E0
1.098920384E1,4.168050289E0,8.442000389E0,-4.486950397E0
1.099164722E1,3.622050285E0,8.992950439E0,-3.640050173E0
1.099409061E1,3.301050186E0,9.091050148E0,-3.352050066E0
1.099653422E1,3.520950079E0,8.701050758E0,-4.095000267E0
1.099897738E1,3.751050234E0,8.308050156E0,-4.729050159E0
1.100142077E1,3.709950209E0,7.354950428E0,-4.345950127E0
1.100386439E1,4.455000401E0,6.769050121E0,-2.907000065E0
1.100630778E1,5.425050259E0,6.655950546E0,-2.284950018E0
1.100875116E1,5.736000061E0,6.321000099E0,-2.821050167E0
1.101119455E1,4.327950001E0,6.490950108E0,-3.645000219E0
1.101363794E1,2.698050022E0,7.116000175E0,-3.690000057E0
1.101608132E1,2.326050043E0,7.398000240E0,-3.499050140E0
1.101852471E1,3.009000063E0,7.705050468E0,-3.304950237E0
1.102096817E1,4.263000011E0,7.767000198E0,-3.724050283E0
1.102341155E1,4.819050312E0,7.918050289E0,-5.088000298E0
1.102585494E1,4.986000061E0,8.287050247E0,-5.764050484E0
1.102829832E1,4.420950413E0,8.787000656E0,-6.289950371E0
1.103074171E1,3.274950266E0,9.088950157E0,-5.886000156E0
1.103318509E1,2.721000195E0,8.860950470E0,-4.417950153E0
1.103562848E1,3.102000237E0,8.281949997E0,-3.301950216E0
1.103807187E1,4.419000149E0,7.204050541E0,-2.799000025E0
1.104051548E1,5.037000179E0,6.606000423E0,-3.475050211E0
1.104295864E1,5.299950123E0,6.472050190E0,-3.846000195E0
1.104540225E1,4.453050137E0,6.844950199E0,-3.496050119E0
1.104784565E1,3.712950230E0,7.567950249E0,-2.689050198E0
1.105028904E1,3.142950058E0,8.101950645E0,-2.722950220E0
1.105273242E1,2.110949993E0,8.593050003E0,-2.986050129E0
1.105517581E1,1.951050043E0,8.193000793E0,-3.807000160E0
1.105761919E1,3.271950245E0,8.137949944E0,-4.720050335E0
1.106006256E1,4.386000156E0,8.133000374E0,-5.361000061E0
1.106250594E1,3.646050215E0,8.536050797E0,-5.413950443E0
1.106494933E1,3.610050201E0,9.004950523E0,-4.320000172E0
1.106739271E1,3.373050213E0,9.141000748E0,-3.787950277E0
1.106983610E1,3.483000278E0,8.911050797E0,-3.931950092E0
1.107227953E1,3.531000137E0,8.614950180E0,-4.532999992E0
1.107472292E1,3.487950087E0,7.603950500E0,-4.693050385E0
1.107716630E1,4.297049999E0,6.831000328E0,-3.703950167E0
1.107960969E1,4.690050125E0,6.735000134E0,-2.557950020E0
1.108205307E1,5.322000027E0,6.475950241E0,-2.457000017E0
1.108449645E1,4.929000378E0,6.424050331E0,-3.088950157E0
1.108693983E1,3.030000210E0,6.931050301E0,-3.769050121E0
1.108938345E1,2.278950214E0,7.132050514E0,-4.015950203E0
1.109182660E1,2.475000143E0,7.372050285E0,-3.846000195E0
1.109427022E1,3.282000065E0,7.341000557E0,-3.250050068E0
1.109671360E1,4.728000164E0,7.638000488E0,-3.537000179E0
1.109915698E1,5.734050274E0,7.944000244E0,-4.825050354E0
1.110160037E1,3.466050148E0,8.614950180E0,-7.135050297E0
1.110404375E1,3.184050083E0,9.271050453E0,-6.628050327E0
1.110648714E1,3.139950037E0,9.508050919E0,-6.481950283E0
1.110893052E1,1.777950048E0,9.316050529E0,-4.143000126E0
1.111137391E1,2.772000074E0,8.053950310E0,-1.822950125E0
1.111381729E1,4.366050243E0,7.330950260E0,-2.656050205E0
1.111626067E1,4.906949997E0,6.844950199E0,-2.854050159E0
1.111870414E1,4.137000084E0,6.699000359E0,-4.328999996E0
1.112114750E1,4.711050034E0,7.039050102E0,-3.618000269E0
1.112359089E1,3.535950184E0,7.876950264E0,-3.228000164E0
1.112603427E1,2.415000200E0,8.314949989E0,-2.814000130E0
1.112847766E1,2.512950182E0,8.296050072E0,-3.477000237E0
1.113092104E1,2.884050131E0,7.798050404E0,-4.258049965E0
1.113336441E1,3.186000109E0,7.876950264E0,-4.849050045E0
1.113580779E1,4.491000175E0,7.939050198E0,-5.086050034E0
1.113825141E1,4.263000011E0,8.218950272E0,-5.139000416E0
1.114069480E1,3.334050179E0,8.575950623E0,-4.698000431E0
1.114313818E1,3.093000174E0,8.728950500E0,-3.882000208E0
1.114558156E1,3.109050035E0,8.719950676E0,-4.068000317E0
1.114802495E1,3.540000200E0,8.136000633E0,-4.252950191E0
1.115046833E1,3.696000099E0,7.501050472E0,-4.336950302E0
1.115291172E1,3.985950232E0,7.099050522E0,-3.193950176E0
1.115535510E1,4.303950310E0,7.144050121E0,-2.566950083E0
1.115779847E1,4.572000027E0,6.904950142E0,-2.707950115E0
1.116024186E1,3.922950268E0,7.021950245E0,-3.526950121E0
1.116268524E1,2.005950212E0,7.614000320E0,-3.867000103E0
1.116512863E1,1.486050129E0,7.765050411E0,-3.130050182E0
1.116757209E1,2.355000019E0,7.843950272E0,-2.962050200E0
1.117001547E1,4.110000134E0,7.662000179E0,-3.300000191E0
1.117245886E1,4.548000336E0,7.887000561E0,-4.993050098E0
1.117490224E1,4.692000389E0,8.433000565E0,-6.178050518E0
1.117734563E1,4.299000263E0,8.665050507E0,-7.195050240E0
1.117978901E1,3.046950102E0,8.916000366E0,-6.664050102E0
1.118223240E1,2.455950022E0,8.695950508E0,-4.782000065E0
1.118467578E1,2.644950151E0,8.164050102E0,-2.965050220E0
1.118711939E1,4.192049980E0,7.116000175E0,-2.242050171E0
1.118956278E1,4.809000015E0,6.558000088E0,-2.983950138E0
1.119200616E1,5.044050217E0,6.574950218E0,-4.047000408E0
1.119444955E1,3.981000185E0,7.084950447E0,-3.901050091E0
1.119689293E1,3.253050089E0,7.852950573E0,-3.022050142E0
1.119933632E1,2.764950037E0,8.503950119E0,-2.088000059E0
1.120177978E1,2.034000158E0,8.797050476E0,-2.188950062E0
1.120422316E1,1.965000153E0,8.406000137E0,-3.252000093E0
1.120666654E1,2.776950121E0,8.131050110E0,-4.425000191E0
1.120910992E1,3.784950256E0,8.251049995E0,-5.182050228E0
1.121155331E1,3.724950075E0,8.479949951E0,-5.419050217E0
1.121399669E1,3.616950274E0,8.944950104E0,-4.213950157E0
1.121644008E1,3.121050119E0,9.124950409E0,-3.355050087E0
1.121888346E1,3.415950060E0,8.884950638E0,-3.144000053E0
1.122132685E1,3.495000124E0,8.569050789E0,-3.558000088E0
1.122377023E1,3.046950102E0,7.906050205E0,-3.987000227E0
1.122621362E1,3.990000248E0,7.057950497E0,-3.652050257E0
1.122865700E1,4.258950233E0,7.156050205E0,-3.208950043E0
1.123110038E1,4.477050304E0,6.952950478E0,-2.677050114E0
1.123354377E1,4.045950413E0,6.694050312E0,-2.967000246E0
1.123598738E1,2.595000029E0,7.200000286E0,-2.596050024E0
1.123843077E1,2.049000025E0,7.357950211E0,-2.593050241E0
1.124087414E1,2.781000137E0,7.389000416E0,-3.094050169E0
1.124331752E1,4.156050205E0,7.410000324E0,-3.934050083E0
1.124576091E1,4.455000401E0,7.915050507E0,-5.352000237E0
1.124820429E1,4.459950447E0,8.373000145E0,-5.911950111E0
1.125064768E1,4.026000023E0,8.872950554E0,-6.135000229E0
1.125309108E1,3.220050097E0,9.022050858E0,-5.188950062E0
1.125553453E1,2.338050127E0,8.794050217E0,-4.030050278E0
1.125797792E1,2.518050194E0,8.121000290E0,-3.012000084E0
1.126042131E1,4.227000237E0,7.015050411E0,-3.075000048E0
1.126286469E1,4.687050343E0,6.469050407E0,-4.389000416E0
1.126530809E1,4.471950054E0,6.571950436E0,-4.744050026E0
1.126775147E1,3.859050274E0,7.312050343E0,-3.513000250E0
1.127019486E1,3.607050180E0,7.540050507E0,-2.536050081E0
1.127263824E1,2.575050116E0,8.284049988E0,-1.542000055E0
1.127508162E1,2.305050135E0,8.088000298E0,-1.867950082E0
1.127752502E1,2.832000017E0,7.840950489E0,-3.403050184E0
1.127996840E1,3.931050301E0,7.729050159E0,-5.197950363E0
1.128241202E1,3.592950106E0,8.076000214E0,-6.288000107E0
1.128485541E1,3.598050117E0,8.566950798E0,-5.554950237E0
1.128729879E1,3.514050245E0,9.157950401E0,-3.975000143E0
1.128974219E1,2.832000017E0,9.505050659E0,-2.701050043E0
1.129218558E1,3.163950205E0,9.084000587E0,-2.869050026E0
1.129462896E1,3.006000042E0,8.725049973E0,-3.877050161E0
1.129707234E1,3.435000181E0,7.900950432E0,-4.516050339E0
1.129951573E1,4.350000381E0,7.324050426E0,-4.068000317E0
1.130195921E1,4.765950203E0,7.378950119E0,-3.283050060E0
1.130440259E1,4.945950031E0,7.077000141E0,-3.178050041E0
1.130684598E1,3.310050249E0,6.546000481E0,-3.589950085E0
1.130928936E1,1.713000059E0,6.919050217E0,-3.091950178E0
1.131173275E1,1.869000077E0,7.188000202E0,-2.203050137E0
1.131417614E1,3.358050108E0,7.314000130E0,-3.597000122E0
1.131661952E1,4.330049992E0,7.944000244E0,-5.833050251E0
1.131906291E1,4.759050369E0,8.617050171E0,-8.218050003E0
1.132150629E1,4.098000050E0,9.639000893E0,-7.437000275E0
1.132394990E1,3.540000200E0,9.262950897E0,-4.605000019E0
1.132639306E1,2.307000160E0,9.225000381E0,-5.503050327E0
1.132883667E1,1.002000093E0,8.799000740E0,-8.694000244E0
1.133127983E1,7.560000420E-1,8.061000824E0,-6.927000523E0
1.133372344E1,3.828000069E0,7.065000534E0,-4.516050339E0
1.133616683E1,5.404950142E0,6.475950241E0,-2.491050005E0
1.133861021E1,5.034000397E0,6.520050526E0,-2.143050194E0
1.134105360E1,4.162950039E0,7.374000549E0,-4.600050449E0
1.134349698E1,3.562050104E0,7.963050365E0,-4.212000370E0
1.134594037E1,2.631000042E0,8.173950195E0,-2.167050123E0
1.134838375E1,2.877000093E0,7.741050243E0,-1.498950124E0
1.135082714E1,4.219950199E0,7.765050411E0,-1.914000034E0
1.135327060E1,5.803050041E0,8.290950775E0,-3.324000120E0
1.135571398E1,5.853000164E0,8.293950081E0,-4.870050430E0
1.135815737E1,4.612950325E0,9.168000221E0,-5.710950375E0
1.136060077E1,3.018000126E0,1.052805042E1,-5.397000313E0
1.136304415E1,1.986000061E0,1.100595093E1,-3.385950089E0
1.136548754E1,1.783050060E0,1.080795097E1,-2.926050186E0
1.136793092E1,2.275950193E0,1.008000088E1,-2.926050186E0
1.137037453E1,2.973000050E0,9.036000252E0,-2.914050102E0
1.137281792E1,3.592950106E0,8.728950500E0,-3.070050240E0
1.137526107E1,4.600950241E0,8.038050652E0,-3.508050203E0
1.137770469E1,4.945950031E0,7.222950459E0,-3.778950214E0
1.138014807E1,4.287000179E0,6.919050217E0,-3.472050190E0
1.138259146E1,3.181050062E0,7.180050373E0,-2.898000240E0
1.138503485E1,3.588000059E0,7.129950523E0,-2.883000135E0
1.138747823E1,4.761000156E0,7.069950104E0,-3.613050222E0
1.138992162E1,5.089050293E0,7.542000294E0,-5.175000191E0
1.139236500E1,5.062950134E0,7.927050591E0,-6.501000404E0
1.139480839E1,4.528950214E0,8.308050156E0,-6.642000198E0
1.139725177E1,3.868050098E0,8.479949951E0,-5.761050224E0
1.139969515E1,2.911050081E0,8.313000679E0,-3.934050083E0
1.140213862E1,2.542050123E0,8.266950607E0,-2.176950216E0
1.140458200E1,3.046950102E0,7.948950291E0,-2.131050110E0
1.140702539E1,3.832050085E0,7.128000259E0,-3.489000082E0
1.140946877E1,3.880050182E0,7.123050213E0,-4.959000111E0
1.141191216E1,3.480000257E0,7.306950569E0,-5.218050480E0
1.141435554E1,3.981000185E0,7.393050194E0,-4.228950024E0
1.141679893E1,3.471000195E0,7.894050598E0,-4.485000134E0
1.141924231E1,2.425050020E0,8.116950035E0,-4.593000412E0
1.142168592E1,2.542050123E0,7.675950527E0,-1.710000038E0
1.142412931E1,3.777000189E0,7.602000237E0,-1.594950080E0
1.142657270E1,4.243950367E0,7.860000610E0,-3.573000193E0
1.142901608E1,3.574050188E0,7.944000244E0,-5.919000149E0
1.143145946E1,3.282000065E0,8.860950470E0,-7.462950230E0
1.143390285E1,2.902950048E0,8.940000534E0,-6.525000095E0
1.143634623E1,2.583000183E0,8.641050339E0,-4.518000126E0
1.143878969E1,2.101050138E0,8.542950630E0,-2.886000156E0
1.144123300E1,2.290950060E0,8.433000565E0,-2.341950178E0
1.144367648E1,3.066000223E0,7.990050316E0,-3.232950211E0
1.144611986E1,4.159950256E0,7.437000275E0,-4.258049965E0
1.144856325E1,4.060050011E0,7.030050278E0,-5.164950371E0
1.145100663E1,2.985000134E0,6.787950516E0,-4.714950085E0
1.145345002E1,2.017950058E0,6.984000206E0,-4.936950207E0
1.145589341E1,2.245050192E0,7.183050156E0,-3.148950100E0
1.145833679E1,4.057950020E0,6.771000385E0,-3.430500031E-1
1.146078018E1,4.230000019E0,7.398000240E0,-1.327050090E0
1.146322356E1,4.159950256E0,7.530000210E0,-5.533950329E0
1.146566694E1,4.869000435E0,8.107049942E0,-8.368950844E0
1.146811032E1,3.958950281E0,9.031050682E0,-8.922000885E0
1.147055394E1,3.325050116E0,9.084000587E0,-6.183000088E0
1.147299732E1,2.719050169E0,9.097949982E0,-2.787000179E0
1.147544071E1,2.398050070E0,8.955000877E0,-1.401000023E0
1.147788409E1,2.941950083E0,8.413050652E0,-1.981050134E0
1.148032746E1,3.969000101E0,7.824000359E0,-4.168950081E0
1.148277085E1,4.114950180E0,7.543950558E0,-5.469000340E0
1.148521423E1,3.121050119E0,7.812000275E0,-4.762950420E0
1.148765769E1,2.848050117E0,8.322000504E0,-2.050050020E0
1.149010108E1,3.267000198E0,8.473050117E0,-8.460000157E-1
1.149254445E1,3.217050076E0,8.682000160E0,-2.275050163E0
1.149498784E1,2.973000050E0,8.029950142E0,-4.459050179E0
1.149743122E1,3.334050179E0,7.828950405E0,-4.327050209E0
1.149987461E1,4.696950436E0,7.744950294E0,-4.143000126E0
1.150231799E1,4.657950401E0,8.004000664E0,-4.155000210E0
1.150476137E1,4.290000439E0,8.409000397E0,-3.915000200E0
1.150720476E1,3.775050163E0,8.919000626E0,-3.676050186E0
1.150964814E1,3.580950260E0,8.797050476E0,-3.561000109E0
1.151209152E1,3.457050085E0,8.811000824E0,-3.883950233E0
1.151453491E1,3.106950045E0,8.587950706E0,-4.096950054E0
1.151697852E1,2.902950048E0,8.241000175E0,-3.513000250E0
1.151942168E1,4.041000366E0,8.161950111E0,-2.437950134E0
1.152186529E1,4.703999996E0,7.747950554E0,-2.388000011E0
1.152430868E1,4.186950207E0,7.804950237E0,-3.441000223E0
1.152675206E1,2.875050068E0,8.020950317E0,-3.967950106E0
1.152919545E1,2.173050165E0,7.968000412E0,-5.148000240E0
1.153163883E1,2.755050182E0,7.522950172E0,-2.356050014E0
1.153408222E1,3.379950047E0,7.156050205E0,-1.095000029E0
1.153652560E1,4.536000252E0,7.051050186E0,-2.185950041E0
1.153896906E1,5.619000435E0,6.832950115E0,-5.043000221E0
1.154141245E1,5.901000500E0,7.494000435E0,-7.258050442E0
1.154385583E1,5.179950237E0,8.203050613E0,-7.320000172E0
1.154629922E1,3.897000074E0,8.650050163E0,-5.440050125E0
1.154874260E1,3.094950199E0,8.674050331E0,-3.475050211E0
1.155118597E1,2.797950029E0,8.485050201E0,-2.433000088E0
1.155362936E1,3.184050083E0,8.059050560E0,-3.345000267E0
1.155607274E1,4.429050446E0,6.855000496E0,-4.554000378E0
1.155851612E1,4.654050350E0,6.553050518E0,-5.043000221E0
1.156095951E1,3.913950205E0,6.927000523E0,-3.795000076E0
1.156340289E1,3.241050243E0,7.594950199E0,-2.068950176E0
1.156584651E1,2.856000185E0,8.409000397E0,-1.447050095E0
1.156828966E1,2.950950146E0,8.896950722E0,-2.779950142E0
1.157073328E1,2.944050074E0,8.667000771E0,-4.960950375E0
1.157317666E1,3.178950071E0,8.322000504E0,-6.297000408E0
1.157562004E1,3.964050293E0,7.960950375E0,-6.036000252E0
1.157806343E1,4.572000027E0,8.173950195E0,-4.179000378E0
1.158050681E1,4.093050003E0,8.397000313E0,-2.710950136E0
1.158295020E1,3.550050259E0,8.634000778E0,-2.761050224E0
1.158539358E1,3.649950266E0,8.695950508E0,-3.736050129E0
1.158783697E1,3.639000177E0,8.749050140E0,-5.091000080E0
1.159028043E1,2.992050171E0,8.812950134E0,-5.293950081E0
1.159272381E1,2.592000008E0,8.571000099E0,-4.155000210E0
1.159516720E1,3.045000076E0,8.269950867E0,-2.340000153E0
1.159761058E1,3.682050228E0,8.136000633E0,-1.416000009E0
1.160005397E1,3.898950100E0,7.798050404E0,-2.337000132E0
1.160249736E1,3.718050241E0,7.621050358E0,-4.188000202E0
1.160494074E1,2.974950075E0,7.720950603E0,-5.239050388E0
1.160738413E1,2.647050142E0,7.618950367E0,-4.758000374E0
1.160982751E1,2.683050156E0,7.519950390E0,-3.019950151E0
1.161227113E1,3.658050060E0,7.410000324E0,-1.717050076E0
1.161471451E1,5.053950310E0,7.305000305E0,-2.505000114E0
1.161715790E1,5.523000240E0,7.483950138E0,-4.933050156E0
1.161960128E1,5.077050209E0,7.786050320E0,-6.930000305E0
1.162204466E1,4.066950321E0,8.217000008E0,-7.116000175E0
1.162448806E1,3.412950277E0,8.500050545E0,-5.062050343E0
1.162693145E1,3.234000206E0,8.524050713E0,-2.473950148E0
1.162937483E1,2.961000204E0,8.056950569E0,-1.542000055E0
1.163181822E1,3.507000208E0,7.795950413E0,-2.542950153E0
1.163426160E1,4.201050282E0,7.069950104E0,-4.300950050E0
1.163670496E1,3.943050146E0,7.068000317E0,-5.200950146E0
1.163914842E1,2.917950153E0,7.318950176E0,-4.522950172E0
1.164159173E1,2.853000164E0,7.753050327E0,-2.638950109E0
1.164403519E1,3.157050133E0,8.245950699E0,-1.510950089E0
1.164647858E1,3.246000051E0,8.095050812E0,-2.770950079E0
1.164892196E1,3.550050259E0,7.731000423E0,-4.744050026E0
1.165136534E1,4.255949974E0,7.492050171E0,-6.052950382E0
1.165380873E1,4.599000454E0,7.639950275E0,-5.665050507E0
1.165625211E1,4.407000065E0,7.999050617E0,-4.201950073E0
1.165869573E1,3.543000221E0,8.224050522E0,-2.907000065E0
1.166113911E1,3.828000069E0,8.293950081E0,-2.428050041E0
1.166358250E1,3.904050112E0,8.473050117E0,-3.192000151E0
1.166602588E1,3.100050211E0,8.587950706E0,-4.192950249E0
1.166846927E1,3.243000269E0,8.299050331E0,-3.847950220E0
1.167091265E1,3.997950077E0,8.204999924E0,-2.995950222E0
1.167335604E1,4.084050179E0,8.334000587E0,-2.536050081E0
1.167579942E1,3.658050060E0,8.049000740E0,-3.285000086E0
1.167824280E1,2.974950075E0,7.486950397E0,-3.553950071E0
1.168068619E1,2.503950119E0,7.270950317E0,-2.866050243E0
1.168312957E1,2.548950195E0,7.243050575E0,-2.232000113E0
1.168557295E1,3.471000195E0,7.159050465E0,-2.256000042E0
1.168801633E1,5.092050076E0,6.979050159E0,-3.645000219E0
1.169045979E1,5.734050274E0,7.354950428E0,-5.337000370E0
1.169290318E1,5.350050449E0,8.002050400E0,-6.256950378E0
1.169534656E1,4.618050098E0,8.497050285E0,-6.396000385E0
1.169778995E1,3.789000273E0,8.878050804E0,-4.614000320E0
1.170023333E1,2.961000204E0,8.822999954E0,-3.082050085E0
1.170267672E1,2.757000208E0,8.389050484E0,-2.146050215E0
1.170512010E1,4.045950413E0,7.599000454E0,-3.166050196E0
1.170756349E1,4.954950333E0,6.855000496E0,-4.686000347E0
1.171000687E1,4.456950188E0,6.880950451E0,-5.076000214E0
1.171245049E1,3.210000038E0,7.432050228E0,-3.790950298E0
1.171489387E1,3.076050043E0,7.875000477E0,-1.972950101E0
1.171733726E1,3.046950102E0,8.229000092E0,-1.126049995E0
1.171978066E1,3.262950182E0,8.337000847E0,-2.470950127E0
1.172222404E1,3.676950216E0,7.932000160E0,-4.827000141E0
1.172466743E1,3.933000088E0,7.530000210E0,-6.084000111E0
1.172711081E1,4.702050209E0,7.765050411E0,-5.287050247E0
1.172955419E1,4.912050247E0,8.017950058E0,-3.781050205E0
1.173199765E1,3.564000130E0,8.659950256E0,-2.778000116E0
1.173444104E1,3.100050211E0,8.665050507E0,-2.605050087E0
1.173688443E1,3.291000128E0,8.657999992E0,-3.577950239E0
1.173932781E1,3.222000122E0,8.602950096E0,-4.747950077E0
1.174177119E1,2.788950205E0,8.454000473E0,-3.793050289E0
1.174421458E1,2.542050123E0,8.296050072E0,-2.433000088E0
1.174665796E1,3.739050150E0,8.289000511E0,-1.509000063E0
1.174910135E1,3.919050217E0,7.915050507E0,-2.397000074E0
1.175154473E1,3.169050217E0,7.446000576E0,-3.379050255E0
1.175398812E1,2.188050032E0,7.069950104E0,-3.292950153E0
1.175643150E1,2.547000170E0,6.984000206E0,-2.754000187E0
1.175887488E1,3.997950077E0,6.781050205E0,-2.791950226E0
1.176131827E1,5.370000362E0,6.792000294E0,-4.308000088E0
1.176376188E1,5.887050152E0,6.864000320E0,-5.782950401E0
1.176620527E1,5.905950069E0,7.245000362E0,-6.718950272E0
1.176864866E1,4.804950237E0,7.587000370E0,-6.321000099E0
1.177109204E1,3.727050066E0,8.124000549E0,-3.946050167E0
1.177353542E1,3.198000193E0,7.944000244E0,-2.584050179E0
1.177597881E1,2.865000248E0,7.599000454E0,-2.080950022E0
1.177842219E1,3.346050262E0,7.444050312E0,-3.046050072E0
1.178086565E1,4.405050278E0,7.149000168E0,-4.513950348E0
1.178330904E1,4.443000317E0,7.173000336E0,-5.385000229E0
1.178575242E1,3.270000219E0,7.755000591E0,-4.320000172E0
1.178819581E1,3.166950226E0,7.924950600E0,-3.220950127E0
1.179063919E1,2.695050240E0,7.855950356E0,-1.561950088E0
1.179308258E1,2.419950008E0,7.456050396E0,-1.207050085E0
1.179552596E1,3.400950193E0,6.867000103E0,-2.371050119E0
1.179796935E1,5.518050194E0,6.931050301E0,-4.705049992E0
1.180041296E1,6.100050449E0,6.985950470E0,-6.340950489E0
1.180285612E1,4.813950062E0,7.471950531E0,-5.601000309E0
1.180529975E1,3.403950214E0,8.299050331E0,-4.507050037E0
1.180774290E1,2.938950062E0,8.902050018E0,-2.553000212E0
1.181018651E1,2.583000183E0,9.189000130E0,-1.717050076E0
1.181262990E1,1.840050101E0,8.794050217E0,-2.026050091E0
1.181507328E1,1.954950094E0,8.598000526E0,-2.401950121E0
1.181751667E1,3.745950222E0,8.373000145E0,-3.240000248E0
1.181996005E1,4.210950375E0,8.197950363E0,-4.260000229E0
1.182240344E1,2.973000050E0,8.107049942E0,-3.867000103E0
1.182484682E1,1.720950127E0,7.738050461E0,-2.230050087E0
1.182729021E1,2.109000206E0,7.654050350E0,-6.349500418E-1
1.182973359E1,3.528000116E0,7.132050514E0,-1.116000056E0
1.183217698E1,5.772000313E0,6.571950436E0,-4.183050156E0
1.183462044E1,6.780000210E0,6.406950474E0,-6.919950485E0
1.183706382E1,6.070950508E0,7.075050354E0,-7.300950527E0
1.183950721E1,5.044050217E0,7.860000610E0,-6.096000195E0
1.184195059E1,4.153050423E0,8.478000641E0,-3.736050129E0
1.184439398E1,3.459000111E0,8.727000237E0,-2.182049990E0
1.184683736E1,2.704950094E0,8.677050591E0,-2.050050020E0
1.184928075E1,2.551050186E0,8.410950661E0,-3.376050234E0
1.185172436E1,3.562050104E0,7.855950356E0,-4.879950047E0
1.185416775E1,4.468950272E0,7.834050179E0,-5.610000134E0
1.185661113E1,3.400950193E0,7.987050533E0,-4.437000275E0
1.185905452E1,3.259950161E0,8.269950867E0,-2.566950083E0
1.186149790E1,2.941950083E0,8.251049995E0,-1.119000077E0
1.186394129E1,2.731050014E0,8.039999962E0,-1.048950076E0
1.186638468E1,3.391950130E0,7.342950344E0,-2.470950127E0
1.186882806E1,5.166000366E0,7.207050323E0,-4.710000038E0
1.187127144E1,6.025950432E0,7.209000111E0,-6.220950127E0
1.187371483E1,5.755050182E0,7.219050407E0,-5.359050274E0
1.187615824E1,4.651050091E0,7.990050316E0,-4.336950302E0
1.187860170E1,3.331950188E0,8.851950645E0,-3.039000034E0
1.188104501E1,2.956050158E0,9.232050896E0,-1.978050113E0
1.188348847E1,2.362050056E0,8.995050430E0,-2.401950121E0
1.188593185E1,1.885950089E0,8.928000450E0,-2.622000217E0
1.188837522E1,2.820000172E0,8.859000206E0,-3.405000210E0
1.189081860E1,3.708000183E0,8.571000099E0,-4.174050331E0
1.189326199E1,3.535950184E0,8.193000793E0,-4.198050022E0
1.189570537E1,2.374050140E0,7.839000225E0,-3.124950171E0
1.189814876E1,2.251950026E0,7.669050217E0,-1.066050053E0
1.190059214E1,3.186000109E0,7.264050484E0,-7.860000134E-1
1.190303576E1,4.825950146E0,6.511950493E0,-2.476050138E0
1.190547914E1,6.748950481E0,6.361950397E0,-5.625000477E0
1.190792253E1,6.757950306E0,6.370950222E0,-6.937050343E0
1.191036591E1,5.841000080E0,7.233000278E0,-6.091950417E0
1.191280930E1,4.998000145E0,7.924950600E0,-4.686000347E0
1.191525268E1,4.441050053E0,8.548050880E0,-3.424050093E0
1.191769607E1,3.559050083E0,8.743950844E0,-3.072000027E0
1.192013945E1,2.712000132E0,8.500050545E0,-3.372000217E0
1.192258283E1,2.422049999E0,8.241000175E0,-3.640050173E0
1.192502622E1,3.327000141E0,8.041950226E0,-3.918000221E0
1.192746968E1,3.904050112E0,7.492050171E0,-3.949050188E0
1.192991299E1,2.956050158E0,7.465050220E0,-2.835000038E0
1.193235645E1,3.142950058E0,7.566000462E0,-1.317000031E0
1.193479983E1,3.595050097E0,7.827000141E0,-7.669500113E-1
1.193724324E1,4.431000233E0,7.980000496E0,-2.179050207E0
1.193968662E1,5.274000168E0,7.540050507E0,-4.710000038E0
1.194213001E1,5.319000244E0,7.333950520E0,-5.835000515E0
1.194457339E1,5.281050205E0,7.495950222E0,-5.488050461E0
1.194701678E1,5.431950092E0,7.674000263E0,-3.748050213E0
1.194946017E1,4.714050293E0,7.972950459E0,-2.670000076E0
1.195190355E1,3.970950127E0,8.509050369E0,-1.963950038E0
1.195434693E1,3.643050194E0,8.722050667E0,-2.236950159E0
1.195679055E1,2.839050055E0,8.931000710E0,-3.343050241E0
1.195923394E1,2.230950117E0,9.237000465E0,-3.544050217E0
1.196167732E1,2.461050034E0,9.072000504E0,-3.453000069E0
1.196412071E1,3.009000063E0,9.097949982E0,-2.785050154E0
1.196656409E1,3.567000151E0,8.464050293E0,-2.409000158E0
1.196900748E1,3.403950214E0,7.896000385E0,-2.347050190E0
1.197145086E1,3.010950089E0,7.429050446E0,-1.753050089E0
1.197389425E1,3.670050144E0,7.015050411E0,-1.815000057E0
1.197633771E1,5.596950054E0,6.781050205E0,-2.989050150E0
1.197878109E1,7.021950245E0,6.663000107E0,-4.837050438E0
1.198122448E1,7.060050488E0,6.666000366E0,-5.608050346E0
1.198366786E1,5.884050369E0,7.458000183E0,-5.245950222E0
1.198611124E1,4.800000191E0,8.133000374E0,-4.281000137E0
1.198855463E1,4.120050430E0,8.218950272E0,-3.139050245E0
1.199099801E1,3.483000278E0,8.457000732E0,-2.356050014E0
1.199344140E1,2.803050041E0,8.533050537E0,-2.622000217E0
1.199588476E1,2.503950119E0,8.203050613E0,-3.232950211E0
1.199832814E1,3.478050232E0,8.101950645E0,-3.592050076E0
1.200077153E1,4.153050423E0,7.944000244E0,-3.999000072E0
1.200321491E1,3.535950184E0,8.068950653E0,-3.325950146E0
1.200565853E1,3.508950233E0,8.017950058E0,-2.589000225E0
1.200810168E1,3.265050173E0,7.932000160E0,-1.983000040E0
1.201054529E1,3.852000237E0,7.362000465E0,-1.822950125E0
1.201298868E1,4.857000351E0,6.547950268E0,-2.689050198E0
1.201543206E1,6.199950218E0,6.832950115E0,-4.023000240E0
1.201787545E1,6.739050388E0,7.015050411E0,-4.959000111E0
1.202031883E1,5.950950146E0,7.222950459E0,-4.702950001E0
1.202276222E1,4.144050121E0,8.125950813E0,-3.690000057E0
1.202520560E1,3.391950130E0,8.683950424E0,-1.879950047E0
1.202764906E1,2.833950043E0,8.614950180E0,-1.216950059E0
1.203009245E1,2.338050127E0,8.677050591E0,-1.423050046E0
1.203253585E1,2.413050175E0,8.503950119E0,-1.777050138E0
1.203497923E1,3.706050158E0,8.107049942E0,-2.682000160E0
1.203742262E1,4.495950222E0,8.035050392E0,-3.556050062E0
1.203986600E1,4.141050339E0,7.675950527E0,-3.702000141E0
1.204230939E1,3.331950188E0,7.615950584E0,-2.526000023E0
1.204475300E1,3.070950031E0,7.414950371E0,-1.207050085E0
1.204719639E1,3.751050234E0,6.970050335E0,-9.529500604E-1
1.204963978E1,5.614050388E0,6.514950275E0,-2.746950150E0
1.205208293E1,7.302000523E0,6.298950195E0,-4.831950188E0
1.205452654E1,7.350000381E0,6.213000298E0,-5.767950058E0
1.205696992E1,6.082950115E0,7.104000568E0,-5.572050095E0
1.205941331E1,4.833000183E0,8.185950279E0,-4.144950390E0
1.206185669E1,4.041000366E0,8.440050125E0,-2.814000130E0
1.206430008E1,3.508950233E0,8.488050461E0,-2.143050194E0
1.206674346E1,3.033000231E0,8.374950409E0,-2.413950205E0
1.206918683E1,3.049950123E0,8.171999931E0,-3.250050068E0
1.207163021E1,4.052999973E0,7.522950172E0,-3.999000072E0
1.207407360E1,4.126950264E0,7.519950390E0,-3.736050129E0
1.207651698E1,3.133050203E0,7.597050190E0,-2.440050125E0
1.207896044E1,3.277050257E0,7.710000515E0,-1.051950097E0
1.208140385E1,3.865950108E0,7.981950283E0,-1.300950050E0
1.208384723E1,4.474050045E0,7.699950218E0,-2.521950006E0
1.208629062E1,4.660950184E0,7.362000465E0,-4.144950390E0
1.208873400E1,4.819050312E0,7.269000530E0,-4.653000355E0
1.209117739E1,5.155950069E0,7.542000294E0,-4.243050098E0
1.209362077E1,5.329050064E0,7.834050179E0,-3.642000198E0
1.209606438E1,4.239000320E0,8.191050529E0,-3.091950178E0
1.209850777E1,3.388950109E0,8.657999992E0,-2.431050062E0
1.210095116E1,2.962950230E0,8.677050591E0,-2.124000072E0
1.210339453E1,2.674050093E0,8.647950172E0,-2.553000212E0
1.210583791E1,2.839050055E0,8.308050156E0,-2.821050167E0
1.210828130E1,3.202950239E0,8.124000549E0,-3.111000061E0
1.211072468E1,3.765000105E0,8.056950569E0,-3.349950075E0
1.211316806E1,3.988050222E0,7.590000153E0,-3.646950245E0
1.211561146E1,3.483000278E0,7.281000137E0,-3.043950081E0
1.211805492E1,3.238950253E0,7.219050407E0,-1.648050070E0
1.212049823E1,3.793950081E0,6.924000263E0,-1.315050006E0
1.212294169E1,4.905000210E0,6.694050312E0,-2.341950178E0
1.212538500E1,6.478050232E0,6.754050255E0,-4.648050308E0
1.212782844E1,6.238950253E0,6.771000385E0,-6.795000553E0
1.213027175E1,5.355000019E0,7.771950245E0,-7.011000156E0
1.213271521E1,4.669950008E0,8.149950027E0,-5.869050503E0
1.213515860E1,3.840000153E0,8.518950462E0,-3.790950298E0
1.213760198E1,3.469050169E0,8.374950409E0,-2.062050104E0
1.214004538E1,3.045000076E0,8.092950821E0,-1.945050120E0
1.214248877E1,2.998950243E0,7.972950459E0,-2.941050053E0
1.214493215E1,3.958950281E0,7.441050529E0,-4.614000320E0
1.214737554E1,4.126950264E0,7.504050255E0,-5.584050179E0
1.214981915E1,3.447000265E0,7.803000450E0,-4.617000103E0
1.215226253E1,3.916050196E0,8.116950035E0,-2.799000025E0
1.215470592E1,4.024050236E0,8.434950829E0,-1.686000109E0
1.215714930E1,3.883050203E0,8.257950783E0,-1.815000057E0
1.215959269E1,4.438050270E0,7.815000534E0,-2.965050220E0
1.216203607E1,5.503950119E0,7.915050507E0,-4.756050110E0
1.216447945E1,6.064050198E0,8.041950226E0,-5.493000031E0
1.216692284E1,5.439000130E0,8.203050613E0,-5.040000439E0
1.216936630E1,4.450050354E0,8.962050438E0,-3.661050081E0
1.217180969E1,3.684000254E0,9.517050743E0,-2.103000164E0
1.217425307E1,3.226950169E0,9.442950249E0,-2.104950190E0
1.217669645E1,2.476950169E0,9.334950447E0,-2.212949991E0
1.217913984E1,2.259000063E0,9.124950409E0,-2.236950159E0
1.218158322E1,3.367950201E0,8.859000206E0,-1.930050135E0
1.218402661E1,4.177050114E0,8.548050880E0,-2.078999996E0
1.218646999E1,3.841950178E0,8.068950653E0,-2.545950174E0
1.218891339E1,3.102000237E0,8.005949974E0,-2.080950022E0
1.219135677E1,3.265050173E0,7.714050293E0,-1.521000028E0
1.219380015E1,4.137000084E0,7.590000153E0,-1.392000079E0
1.219624354E1,5.365050316E0,6.874050140E0,-2.917050123E0
1.219868692E1,6.958950520E0,6.601050377E0,-5.071950436E0
1.220113031E1,7.263000488E0,6.973950386E0,-6.493950367E0
1.220357392E1,6.289050102E0,7.482000351E0,-6.445950508E0
1.220601731E1,5.170950413E0,7.642050266E0,-4.317000389E0
1.220846070E1,4.287000179E0,7.551000595E0,-3.228000164E0
1.221090407E1,3.643050194E0,7.642050266E0,-2.578950167E0
1.221334746E1,3.765000105E0,7.317000389E0,-2.601000071E0
1.221579084E1,4.726050377E0,6.745050430E0,-3.412050247E0
1.221823423E1,5.134950161E0,6.226950169E0,-4.044000149E0
1.222067769E1,4.512000084E0,6.634050369E0,-3.811950207E0
1.222312107E1,4.519950390E0,7.033950329E0,-3.004950047E0
1.222556445E1,4.660950184E0,7.434000492E0,-2.710950136E0
1.222800784E1,4.435950279E0,7.384050369E0,-2.875950098E0
1.223045122E1,4.909950256E0,7.113000393E0,-2.871000051E0
1.223289461E1,6.093000412E0,7.378950119E0,-4.056000233E0
1.223533800E1,6.361050129E0,7.611000538E0,-5.301000118E0
1.223778138E1,5.650050163E0,7.827000141E0,-5.304000378E0
1.224022477E1,4.644000053E0,8.233950615E0,-4.276950359E0
1.224266838E1,3.667050123E0,8.968950272E0,-2.710950136E0
1.224511177E1,3.531000137E0,8.836950302E0,-2.446950197E0
1.224755517E1,3.367950201E0,8.449049950E0,-2.632050037E0
1.224999856E1,2.896050215E0,8.563950539E0,-2.185950041E0
1.225244194E1,3.409050226E0,8.611950874E0,-2.209950209E0
1.225488532E1,4.417050362E0,8.667000771E0,-2.785050154E0
1.225732871E1,4.279950142E0,8.545050621E0,-3.304950237E0
1.225977209E1,3.139950037E0,7.966050148E0,-2.545950174E0
1.226221547E1,2.628000021E0,8.059050560E0,-1.684050083E0
1.226465886E1,3.126000166E0,7.911000252E0,-1.432050109E0
1.226710224E1,4.720950127E0,7.207050323E0,-2.979000092E0
1.226954563E1,5.623050213E0,7.030050278E0,-5.440050125E0
1.227198904E1,6.129000187E0,7.221000195E0,-7.116000175E0
1.227443250E1,6.220050335E0,7.518000126E0,-7.344000340E0
1.227687589E1,4.941000462E0,8.184000015E0,-5.565000057E0
1.227931927E1,3.744000196E0,8.208000183E0,-2.974050045E0
1.228176266E1,3.154950142E0,7.987050533E0,-1.554000020E0
1.228420604E1,3.250950098E0,7.831950188E0,-2.040000200E0
1.228664943E1,3.921000242E0,7.492050171E0,-3.838950157E0
1.228909281E1,4.735050201E0,6.886050224E0,-5.883000374E0
1.229153620E1,4.006950378E0,6.747000217E0,-6.328950405E0
1.229397981E1,2.893950224E0,6.757050514E0,-4.501950264E0
1.229642298E1,3.564000130E0,6.912000179E0,-2.467050076E0
1.229886660E1,3.700950146E0,7.195050240E0,-1.128000021E0
1.230130998E1,3.849000216E0,6.859950542E0,-1.605000019E0
1.230375337E1,4.438050270E0,6.718050480E0,-3.301950216E0
1.230619675E1,5.298000336E0,7.018050194E0,-5.673000336E0
1.230864012E1,4.915050030E0,7.408050537E0,-7.107000351E0
1.231108351E1,3.552000284E0,7.755000591E0,-6.274050236E0
1.231352689E1,2.887050152E0,7.930050373E0,-3.894000292E0
1.231597028E1,2.839050055E0,7.831950188E0,-1.921050072E0
1.231841366E1,3.571050167E0,7.650000572E0,-1.669050097E0
1.232085712E1,3.472950220E0,7.563000202E0,-2.763000250E0
1.232330043E1,3.105000257E0,7.461000443E0,-3.679950237E0
1.232574389E1,3.574050188E0,7.513050556E0,-4.288949966E0
1.232818728E1,3.859050274E0,7.731000423E0,-4.279050350E0
1.233063067E1,3.366000175E0,7.468050480E0,-4.063950062E0
1.233307406E1,2.443950176E0,6.850050449E0,-2.845050097E0
1.233551744E1,2.959050179E0,6.603000164E0,-1.351050019E0
1.233796083E1,4.435950279E0,6.472050190E0,-1.791000128E0
1.234040421E1,6.234000206E0,6.085950375E0,-4.155000210E0
1.234284782E1,6.610050201E0,6.112950325E0,-6.457950115E0
1.234529121E1,5.037000179E0,7.264050484E0,-6.964950562E0
1.234773459E1,4.534049988E0,7.683000565E0,-6.508050442E0
1.235017798E1,4.291950226E0,8.017950058E0,-4.855950356E0
1.235262136E1,4.120050430E0,8.248050690E0,-3.430950165E0
1.235506475E1,3.475950241E0,7.779000282E0,-2.683950186E0
1.235750813E1,3.148050070E0,7.461000443E0,-3.124950171E0
1.235995152E1,4.351950169E0,6.991050243E0,-3.673050165E0
1.236239490E1,5.146950245E0,6.910050392E0,-4.471050262E0
1.236483829E1,3.760950089E0,7.350000381E0,-4.167000294E0
1.236728175E1,4.474050045E0,7.651950359E0,-2.658000231E0
1.236972506E1,4.467000008E0,8.053950310E0,-2.059950113E0
1.237216852E1,4.093050003E0,8.313000679E0,-2.244000196E0
1.237461182E1,4.254000187E0,7.969950199E0,-3.714000225E0
1.237705528E1,5.167950153E0,8.136000633E0,-5.425950050E0
1.237949867E1,5.887050152E0,8.089950562E0,-5.854950428E0
1.238194205E1,5.092050076E0,8.136000633E0,-4.930050373E0
1.238438544E1,4.033950329E0,8.437050819E0,-3.793050289E0
1.238682882E1,3.667050123E0,8.727000237E0,-2.850000143E0
1.238927221E1,3.684000254E0,8.940000534E0,-2.614950180E0
1.239171558E1,3.109050035E0,8.445000648E0,-3.376050234E0
1.239415897E1,2.496000051E0,8.598000526E0,-2.944950104E0
1.239660258E1,3.205050230E0,8.551950455E0,-2.425950050E0
1.239904597E1,4.168050289E0,8.478000641E0,-2.536050081E0
1.240148935E1,3.973950148E0,8.191050529E0,-3.015000105E0
1.240393274E1,3.001950026E0,8.064000130E0,-3.396000147E0
1.240637612E1,2.731050014E0,7.863000393E0,-2.886000156E0
1.240881951E1,3.526050091E0,7.470000267E0,-2.148000002E0
1.241126289E1,4.873950005E0,6.972000122E0,-2.602950096E0
1.241370635E1,6.163950443E0,6.904950142E0,-4.582950115E0
1.241614972E1,5.899050236E0,7.048950195E0,-5.931000233E0
1.241859311E1,4.905000210E0,7.738050461E0,-6.247050285E0
1.242103649E1,4.302000046E0,7.990050316E0,-5.565000057E0
1.242347988E1,3.952050209E0,8.145000458E0,-4.408050060E0
1.242592326E1,3.291000128E0,8.257950783E0,-3.064950228E0
1.242836663E1,2.724000216E0,7.882050514E0,-2.467050076E0
1.243081002E1,2.832000017E0,7.422000408E0,-2.914050102E0
1.243325340E1,3.648000240E0,7.144050121E0,-3.841050148E0
1.243569678E1,3.885000229E0,6.951000214E0,-4.710000038E0
1.243814017E1,3.130950212E0,6.924000263E0,-4.249950409E0
1.244058355E1,3.907050133E0,7.147050381E0,-3.430950165E0
1.244302694E1,4.168050289E0,7.486950397E0,-3.211050034E0
1.244547055E1,4.323000431E0,7.324050426E0,-3.685050249E0
1.244791394E1,4.450050354E0,6.960000515E0,-4.720050335E0
1.245035732E1,5.005950451E0,7.087050438E0,-5.638950348E0
1.245280071E1,5.041950226E0,7.144050121E0,-6.079950333E0
1.245524410E1,4.632000446E0,7.402950287E0,-5.197950363E0
1.245768748E1,3.916050196E0,7.420050144E0,-4.198050022E0
1.246013087E1,3.574050188E0,7.627950191E0,-3.373950243E0
1.246257433E1,3.760950089E0,7.864950180E0,-3.633000135E0
1.246501770E1,3.105000257E0,8.160000801E0,-4.084949970E0
1.246746108E1,2.544000149E0,8.551950455E0,-3.580050230E0
1.246990447E1,2.698050022E0,8.715000153E0,-3.331050158E0
1.247234785E1,3.154950142E0,8.767950058E0,-3.484050274E0
1.247479124E1,3.085050106E0,8.229000092E0,-3.955950260E0
1.247723463E1,2.410050154E0,7.585050583E0,-3.384000063E0
1.247967801E1,2.176050186E0,7.156050205E0,-1.791000128E0
1.248212163E1,3.085050106E0,7.125000477E0,-1.372050047E0
1.248456478E1,5.628000259E0,6.706050396E0,-3.748050213E0
1.248700840E1,6.919050217E0,6.835950375E0,-6.463050365E0
1.248945176E1,5.674050331E0,7.255050182E0,-7.131000519E0
1.249189515E1,4.174950123E0,8.104949951E0,-6.448050499E0
1.249433853E1,4.065000057E0,8.722050667E0,-5.017050266E0
1.249678192E1,3.883050203E0,8.947050095E0,-3.915000200E0
1.249922530E1,3.106950045E0,8.619000435E0,-3.184950113E0
1.250166870E1,2.836050034E0,8.125950813E0,-3.214050055E0
1.250411208E1,3.387000084E0,7.366950512E0,-3.657000065E0
1.250655547E1,4.335000038E0,7.195050240E0,-4.243050098E0
1.250899885E1,3.354000092E0,7.329000473E0,-4.168950081E0
1.251144224E1,2.496000051E0,7.803000450E0,-3.079950094E0
1.251388570E1,3.706050158E0,7.954050541E0,-2.869050026E0
1.251632909E1,3.729000092E0,8.296050072E0,-3.321000099E0
1.251877247E1,3.777000189E0,7.828950405E0,-4.324950218E0
1.252121586E1,4.354050159E0,7.726050377E0,-4.866000175E0
1.252365921E1,5.551950455E0,7.534950256E0,-5.673000336E0
1.252610260E1,5.455950260E0,7.659000397E0,-5.716050148E0
1.252854598E1,4.267950058E0,7.935000420E0,-5.017050266E0
1.253098937E1,3.090000153E0,8.160000801E0,-4.243050098E0
1.253343298E1,3.397050142E0,8.348999977E0,-3.487050056E0
1.253587635E1,3.535950184E0,8.204999924E0,-3.670950174E0
1.253831974E1,2.737950087E0,8.362950325E0,-3.481950283E0
1.254076312E1,2.524950027E0,8.452050209E0,-3.001050234E0
1.254320651E1,2.953950167E0,8.643000603E0,-2.790000200E0
1.254564989E1,3.295950174E0,8.404050827E0,-3.597000122E0
1.254809330E1,2.395950079E0,8.196000099E0,-3.858000278E0
1.255053668E1,2.218950033E0,7.506000519E0,-3.379050255E0
1.255298006E1,2.578050137E0,7.386000156E0,-2.086050034E0
1.255542352E1,3.970950127E0,7.123050213E0,-2.277000189E0
1.255786683E1,5.908050060E0,6.939000130E0,-4.854000092E0
1.256031029E1,6.337050438E0,6.804000378E0,-6.862950325E0
1.256275360E1,4.873950005E0,7.528050423E0,-7.581000328E0
1.256519706E1,4.029000282E0,8.128950119E0,-6.877050400E0
1.256764045E1,4.066950321E0,8.136000633E0,-5.601000309E0
1.257008383E1,3.835050106E0,8.413050652E0,-3.934050083E0
1.257252720E1,3.283950090E0,8.068950653E0,-2.967000246E0
1.257497058E1,3.064050198E0,7.626000404E0,-3.016950130E0
1.257741397E1,3.562050104E0,7.350000381E0,-3.496050119E0
1.257985735E1,3.829950094E0,7.354950428E0,-4.396049976E0
1.258230097E1,3.033000231E0,7.666050434E0,-4.243050098E0
1.258474435E1,3.303000212E0,7.747950554E0,-3.508050203E0
1.258718774E1,3.355950117E0,7.836000443E0,-2.758950233E0
1.258963112E1,3.259950161E0,7.872000217E0,-2.491050005E0
1.259207451E1,3.727050066E0,7.408050537E0,-3.724050283E0
1.259451789E1,4.627050400E0,7.326000214E0,-5.284950256E0
1.259696128E1,5.677950382E0,7.123050213E0,-6.409950256E0
1.259940466E1,5.484000206E0,7.408050537E0,-6.111000061E0
1.260184805E1,3.919050217E0,8.052000046E0,-4.891950130E0
1.260429143E1,3.187950134E0,8.203050613E0,-3.609000206E0
1.260673481E1,3.955050230E0,8.467950821E0,-2.991000175E0
1.260917828E1,3.448950052E0,8.751000404E0,-2.931000233E0
1.261162166E1,2.608950138E0,8.500050545E0,-3.063000202E0
1.261406505E1,2.724000216E0,8.478000641E0,-2.859000206E0
1.261650843E1,3.703050137E0,8.767950058E0,-2.890050173E0
1.261895182E1,3.526050091E0,8.242950439E0,-3.297000170E0
1.262139522E1,2.908050060E0,7.894050598E0,-2.743950129E0
1.262383860E1,2.358000040E0,7.474950314E0,-1.723950028E0
1.262628199E1,2.410050154E0,7.506000519E0,-1.444050074E0
1.262872537E1,3.652950287E0,7.164000511E0,-3.204000235E0
1.263116876E1,5.568000317E0,6.582000256E0,-5.572050095E0
1.263361237E1,6.081000328E0,6.562950134E0,-5.955000401E0
1.263605576E1,5.395950317E0,7.338000298E0,-5.955000401E0
1.263849914E1,4.711050034E0,8.169000626E0,-5.842950344E0
1.264094253E1,4.572000027E0,8.446949959E0,-4.746000290E0
1.264338594E1,3.973950148E0,8.610000610E0,-3.055950165E0
1.264582933E1,3.355950117E0,8.425050735E0,-2.146050215E0
1.264827271E1,2.650050163E0,8.092950821E0,-2.359050035E0
1.265071617E1,3.150000095E0,7.635000229E0,-2.823000193E0
1.265315956E1,4.390050411E0,6.943050385E0,-3.409950256E0
1.265560292E1,3.765000105E0,6.778050423E0,-3.208950043E0
1.265804631E1,3.544950247E0,6.727950096E0,-1.645050049E0
1.266048970E1,3.897000074E0,7.594950199E0,-1.726950049E0
1.266293308E1,3.588000059E0,8.014050484E0,-2.983950138E0
1.266537646E1,3.454050064E0,7.882050514E0,-4.513950348E0
1.266781985E1,4.012050152E0,7.780950546E0,-5.002050400E0
1.267026323E1,4.896000385E0,7.570950508E0,-5.224950314E0
1.267270662E1,5.200050354E0,7.434000492E0,-4.854000092E0
1.267515000E1,4.137000084E0,7.887000561E0,-4.135050297E0
1.267759339E1,3.643050194E0,8.381999969E0,-3.937050104E0
1.268003677E1,4.021950245E0,8.265000343E0,-3.582000256E0
1.268248039E1,3.943050146E0,8.497050285E0,-2.989050150E0
1.268492377E1,2.973000050E0,8.610000610E0,-2.493000031E0
1.268736716E1,2.793000221E0,8.703000069E0,-1.915950060E0
1.268981053E1,3.849000216E0,8.410950661E0,-2.541000128E0
1.269225391E1,4.564949989E0,8.028000832E0,-3.616050243E0
1.269469730E1,3.909000158E0,7.456050396E0,-3.601050138E0
1.269714068E1,3.214950085E0,7.414950371E0,-2.863950253E0
1.269958407E1,3.139950037E0,7.674000263E0,-2.281949997E0
1.270202752E1,3.475950241E0,7.468050480E0,-2.815950155E0
1.270447091E1,4.639050007E0,7.317000389E0,-3.847950220E0
1.270691429E1,5.278950214E0,6.952950478E0,-4.954050064E0
1.270935768E1,4.639050007E0,7.219050407E0,-5.437950134E0
1.271180106E1,4.765950203E0,8.458950043E0,-5.934000492E0
1.271424444E1,4.990950108E0,8.344050407E0,-5.673000336E0
1.271668783E1,4.431000233E0,8.690999985E0,-4.437000275E0
1.271913121E1,3.568950176E0,8.689050674E0,-2.758950233E0
1.272157460E1,3.070950031E0,8.344050407E0,-2.518950224E0
1.272401800E1,3.580950260E0,8.065950394E0,-3.076950073E0
1.272646138E1,4.371000290E0,7.125000477E0,-3.379050255E0
1.272890477E1,4.756950378E0,6.754050255E0,-3.874050140E0
1.273134838E1,4.291950226E0,6.610950470E0,-3.312000275E0
1.273379177E1,3.928050280E0,7.357950211E0,-2.148000002E0
1.273623513E1,3.840000153E0,8.197950363E0,-2.476050138E0
1.273867852E1,3.883050203E0,8.506950378E0,-4.023000240E0
1.274112190E1,3.694050074E0,8.494950294E0,-5.353950024E0
1.274356529E1,3.616950274E0,8.059050560E0,-5.479050159E0
1.274600867E1,4.024050236E0,8.072999954E0,-4.957050323E0
1.274845207E1,3.757950068E0,8.373000145E0,-3.628050089E0
1.275089553E1,3.658050060E0,8.485050201E0,-3.067950249E0
1.275333892E1,3.789000273E0,8.590950012E0,-3.807000160E0
1.275578230E1,3.748950243E0,8.824950218E0,-4.174050331E0
1.275822569E1,3.270000219E0,9.256050110E0,-3.976950169E0
1.276066909E1,2.640000105E0,9.196050644E0,-3.307050228E0
1.276311247E1,2.760000229E0,8.935050011E0,-2.412000179E0
1.276555586E1,3.150000095E0,8.227050781E0,-2.380050182E0
1.276799947E1,4.050000191E0,7.783950329E0,-3.181950092E0
1.277044286E1,3.672000170E0,7.297950268E0,-4.036950111E0
1.277288624E1,3.238950253E0,7.585050583E0,-3.790950298E0
1.277532963E1,3.258000135E0,7.738050461E0,-3.312000275E0
1.277777301E1,2.809950113E0,8.253000259E0,-2.704050064E0
1.278021640E1,3.162000179E0,8.392050743E0,-2.407050133E0
1.278265978E1,3.928050280E0,7.899000168E0,-3.445950270E0
1.278510317E1,4.114950180E0,8.080950737E0,-5.371050358E0
1.278754655E1,4.062000275E0,8.124000549E0,-7.297950268E0
1.278998993E1,4.081050396E0,8.028000832E0,-6.999000549E0
1.279243332E1,3.753000259E0,8.254950523E0,-4.842000008E0
1.279487670E1,3.235950232E0,8.430000305E0,-2.136000156E0
1.279732009E1,2.856000185E0,8.116950035E0,-1.272000074E0
1.279976347E1,3.496950150E0,7.777050495E0,-2.644050121E0
1.280220693E1,4.006950378E0,7.386000156E0,-4.831950188E0
1.280465032E1,3.684000254E0,7.225950241E0,-6.381000519E0
1.280709370E1,4.180050373E0,7.072950363E0,-6.130050182E0
1.280953708E1,3.664950132E0,7.504050255E0,-4.240950108E0
1.281198046E1,3.691050291E0,8.409000397E0,-2.086050034E0
1.281442384E1,3.672000170E0,8.682000160E0,-2.035950184E0
1.281686723E1,3.727050066E0,8.530950546E0,-3.751950264E0
1.281931084E1,3.586050272E0,8.421000481E0,-5.433000088E0
1.282175423E1,3.712950230E0,8.401050568E0,-5.905050278E0
1.282419761E1,3.550050259E0,8.428050041E0,-5.515050411E0
1.282664100E1,3.172050238E0,8.208000183E0,-4.138050079E0
1.282908438E1,3.186000109E0,7.993950367E0,-3.007950068E0
1.283152773E1,3.220050097E0,8.253000259E0,-2.644050121E0
1.283397112E1,3.178950071E0,8.287050247E0,-3.460050106E0
1.283641450E1,2.623050213E0,8.392050743E0,-3.795000076E0
1.283885796E1,2.254950047E0,8.350950241E0,-3.156000137E0
1.284130127E1,3.151950121E0,8.374950409E0,-2.541000128E0
1.284374473E1,4.207950115E0,8.287050247E0,-3.232950211E0
1.284618812E1,3.925950289E0,8.204999924E0,-4.588050365E0
1.284863150E1,3.049950123E0,8.137949944E0,-5.043000221E0
1.285107489E1,2.908050060E0,8.014050484E0,-4.066050053E0
1.285351827E1,3.448950052E0,7.626000404E0,-2.677050114E0
1.285596166E1,3.898950100E0,7.305000305E0,-2.308950186E0
1.285840504E1,4.402050018E0,7.093950272E0,-3.283050060E0
1.286084842E1,4.237050056E0,7.338000298E0,-4.648050308E0
1.286329181E1,3.922950268E0,7.834050179E0,-6.127050400E0
1.286573519E1,3.676950216E0,7.884000301E0,-6.678000450E0
1.286817881E1,3.351000071E0,8.358000755E0,-5.388000488E0
1.287062220E1,2.760000229E0,8.137949944E0,-3.391050100E0
1.287306558E1,2.446050167E0,7.864950180E0,-1.839000106E0
1.287550897E1,2.607000113E0,7.755000591E0,-1.963950038E0
1.287795235E1,3.235950232E0,7.477050304E0,-2.821050167E0
1.288039574E1,4.045950413E0,7.132050514E0,-4.522950172E0
1.288283913E1,3.550050259E0,7.246950150E0,-5.479050159E0
1.288528251E1,3.241050243E0,7.401000500E0,-4.401000023E0
1.288772597E1,3.793950081E0,7.894050598E0,-2.791950226E0
1.289016928E1,3.873000145E0,8.284049988E0,-2.329950094E0
1.289261275E1,3.958950281E0,8.065950394E0,-3.405000210E0
1.289505606E1,4.042950153E0,7.579950333E0,-4.966050148E0
1.289749951E1,4.194000244E0,7.591950417E0,-5.589000225E0
1.289994290E1,4.315950394E0,7.963050365E0,-5.256000042E0
1.290238629E1,3.544950247E0,8.071050644E0,-4.341000080E0
1.290482967E1,3.061050177E0,8.229000092E0,-3.421950102E0
1.290727306E1,3.049950123E0,8.667000771E0,-2.827950239E0
1.290971644E1,2.935050249E0,8.749050140E0,-3.295050144E0
1.291215982E1,2.571000099E0,8.602950096E0,-3.613050222E0
1.291460321E1,1.990950108E0,8.452050209E0,-3.336000204E0
1.291704662E1,2.479950190E0,8.550000191E0,-2.670000076E0
1.291949024E1,3.852000237E0,8.398950577E0,-2.731950045E0
1.292193362E1,4.042950153E0,8.026050568E0,-3.360000134E0
1.292437701E1,4.000050068E0,8.008950233E0,-3.529950142E0
1.292682039E1,3.439950228E0,7.990050316E0,-3.202050209E0
1.292926378E1,3.246000051E0,8.185950279E0,-2.746950150E0
1.293170716E1,3.739050150E0,7.912950516E0,-3.156000137E0
1.293415055E1,4.447950363E0,7.630050182E0,-4.012950420E0
1.293659401E1,4.981950283E0,7.477050304E0,-4.096950054E0
1.293903739E1,4.708950043E0,7.767000198E0,-4.150050163E0
1.294148077E1,4.005000114E0,8.185950279E0,-4.207050323E0
1.294392415E1,3.817950249E0,8.907000542E0,-4.324950218E0
1.294636754E1,3.397050142E0,8.926050186E0,-4.131000042E0
1.294881092E1,2.962950230E0,8.677050591E0,-3.379050255E0
1.295125431E1,2.740950108E0,8.454000473E0,-2.835000038E0
1.295369769E1,3.021000147E0,8.020950317E0,-3.123000145E0
1.295614107E1,3.981000185E0,7.555950165E0,-3.289950132E0
1.295858446E1,4.692000389E0,7.063050270E0,-3.616050243E0
1.296102784E1,4.812000275E0,6.871950150E0,-3.589950085E0
1.296347123E1,4.171950340E0,7.045950413E0,-3.012000084E0
1.296591484E1,3.921000242E0,7.386000156E0,-2.485950232E0
1.296835800E1,4.479000092E0,7.726050377E0,-3.003000259E0
1.297080161E1,4.840050220E0,7.944000244E0,-4.195050240E0
1.297324500E1,4.531949997E0,7.551000595E0,-5.191050053E0
1.297568840E1,4.275000095E0,7.603950500E0,-5.076000214E0
1.297813179E1,4.249050140E0,7.948950291E0,-4.200000286E0
1.298057517E1,3.544950247E0,8.296050072E0,-3.171000242E0
1.298301856E1,3.691050291E0,8.346000671E0,-2.839950085E0
1.298546202E1,3.591000080E0,8.200050354E0,-3.384000063E0
1.298790542E1,3.592950106E0,8.035050392E0,-4.435050011E0
1.299034880E1,3.604950190E0,8.023050308E0,-4.801050186E0
1.299279219E1,3.318000078E0,7.719000340E0,-4.324950218E0
1.299523558E1,3.409050226E0,7.561050415E0,-2.911950111E0
1.299767896E1,4.054950237E0,7.542000294E0,-1.969050050E0
1.300012237E1,4.524000168E0,7.342950344E0,-2.224950075E0
1.300256598E1,4.435950279E0,7.261950493E0,-3.127050161E0
1.300500937E1,4.060050011E0,7.333950520E0,-3.850050211E0
1.300745275E1,3.816000223E0,7.626000404E0,-3.943950176E0
1.300989614E1,3.931050301E0,7.585050583E0,-3.570000172E0
1.301233951E1,4.599000454E0,7.477050304E0,-3.652050257E0
1.301478289E1,4.515000343E0,7.468050480E0,-4.144950390E0
1.301722628E1,4.021950245E0,8.109000206E0,-4.104000092E0
1.301966966E1,3.961950302E0,7.968000412E0,-4.132950306E0
1.302211305E1,4.114950180E0,8.334000587E0,-4.264950275E0
1.302455644E1,3.933000088E0,8.583000183E0,-4.521000385E0
1.302699983E1,3.696000099E0,8.488050461E0,-4.987950325E0
1.302944321E1,3.172050238E0,8.302950859E0,-4.528050423E0
1.303188660E1,3.054000139E0,7.867950439E0,-3.694950104E0
1.303432998E1,3.835050106E0,7.582950592E0,-2.500050068E0
1.303677344E1,4.504950047E0,7.135050297E0,-2.349000216E0
1.303921683E1,4.249050140E0,7.216050148E0,-2.725050211E0
1.304166021E1,3.852000237E0,7.489050388E0,-3.184950113E0
1.304410360E1,3.640950203E0,8.155050278E0,-3.283050060E0
1.304654698E1,3.990000248E0,8.703000069E0,-3.991950274E0
1.304899037E1,3.990000248E0,9.013950348E0,-4.759950161E0
1.305143375E1,4.042950153E0,8.775000572E0,-5.260950089E0
1.305387736E1,3.753000259E0,8.518950462E0,-4.657050133E0
1.305632052E1,3.876000166E0,8.245950699E0,-4.131000042E0
1.305876413E1,4.137000084E0,8.092950821E0,-3.393000126E0
1.306120752E1,3.925950289E0,8.230950356E0,-4.225950241E0
1.306365090E1,4.246950150E0,7.867950439E0,-5.850000381E0
1.306609428E1,4.194000244E0,7.798050404E0,-6.391050339E0
1.306853767E1,3.910950184E0,8.047050476E0,-5.533950329E0
1.307098105E1,3.729000092E0,7.822050571E0,-4.372050285E0
1.307342444E1,3.412950277E0,7.671000481E0,-3.522000074E0
1.307586782E1,3.318000078E0,7.390950203E0,-3.369000196E0
1.307831121E1,3.969000101E0,7.314000130E0,-3.405000210E0
1.308075467E1,4.669950008E0,7.033950329E0,-4.060950279E0
1.308319805E1,4.255949974E0,6.757050514E0,-4.558950424E0
1.308564145E1,3.780000210E0,6.903000355E0,-4.417950153E0
1.308808483E1,3.532950163E0,7.057950497E0,-3.481950283E0
1.309052822E1,3.981000185E0,7.137000561E0,-3.028950214E0
1.309297160E1,4.216050148E0,7.180050373E0,-3.766950130E0
1.309541499E1,4.504950047E0,7.362000465E0,-4.939950466E0
1.309785838E1,4.134000301E0,7.501050472E0,-6.103950500E0
1.310030176E1,3.457050085E0,7.800000191E0,-5.758950233E0
1.310274514E1,3.313050270E0,8.409000397E0,-4.657050133E0
1.310518876E1,3.142950058E0,8.701050758E0,-3.460050106E0
1.310763215E1,2.779050112E0,8.752950668E0,-3.016950130E0
1.311007550E1,2.725950241E0,8.277000427E0,-3.520050049E0
1.311251889E1,3.208050251E0,7.867950439E0,-4.308000088E0
1.311496227E1,3.978000164E0,7.597050190E0,-4.405950069E0
1.311740566E1,3.853950262E0,7.707000256E0,-3.907950163E0
1.311984904E1,3.648000240E0,7.719000340E0,-3.051000118E0
1.312229250E1,3.555000067E0,7.792950153E0,-2.400000095E0
1.312473581E1,4.339950085E0,8.362950325E0,-2.977050066E0
1.312717927E1,5.106000423E0,8.566950798E0,-4.765050411E0
1.312962258E1,5.086950302E0,8.028000832E0,-6.199050426E0
1.313206603E1,4.369050026E0,7.930050373E0,-5.661000252E0
1.313450942E1,4.147950172E0,7.791000366E0,-4.600050449E0
1.313695280E1,4.555950165E0,7.912950516E0,-3.240000248E0
1.313939619E1,4.338000298E0,7.908000469E0,-3.517950058E0
1.314183957E1,3.970950127E0,7.594950199E0,-4.126049995E0
1.314428296E1,3.676950216E0,7.783950329E0,-4.225950241E0
1.314672634E1,3.397050142E0,7.996950150E0,-3.915000200E0
1.314916973E1,3.118950129E0,8.038050652E0,-3.118050098E0
1.315161311E1,2.986950159E0,8.124000549E0,-2.598000050E0
1.315405650E1,3.418050051E0,7.993950367E0,-2.593050241E0
1.315650010E1,4.342050076E0,7.858050346E0,-3.289950132E0
1.315894348E1,4.354050159E0,7.513050556E0,-3.790950298E0
1.316138687E1,4.230000019E0,7.483950138E0,-3.691950083E0
1.316383025E1,3.873000145E0,7.650000572E0,-3.439050198E0
1.316627364E1,3.660000086E0,7.867950439E0,-3.175050259E0
1.316871700E1,3.841950178E0,7.711950302E0,-3.706950188E0
1.317116039E1,4.642050266E0,7.537050247E0,-4.189949989E0
1.317360377E1,5.179950237E0,7.506000519E0,-4.461000443E0
1.317604723E1,4.503000259E0,7.273950577E0,-4.525950432E0
1.317849062E1,4.102950096E0,7.888950348E0,-4.525950432E0
1.318093400E1,4.153050423E0,8.266950607E0,-4.582950115E0
1.318337739E1,3.784950256E0,8.305950165E0,-4.236000061E0
1.318582077E1,3.021000147E0,8.248050690E0,-3.613050222E0
1.318826416E1,2.491950035E0,8.053950310E0,-2.833050251E0
1.319070754E1,2.812050104E0,7.657050133E0,-2.893050194E0
1.319315090E1,3.499950171E0,7.225950241E0,-2.905050039E0
1.319559428E1,4.146000385E0,6.739950180E0,-3.264000177E0
1.319803767E1,4.375950336E0,6.646050453E0,-3.652050257E0
1.320048105E1,3.753000259E0,7.077000141E0,-3.430950165E0
1.320292444E1,3.945000172E0,7.579950333E0,-3.244950056E0
1.320536805E1,4.335000038E0,8.152050018E0,-3.775950193E0
1.320781144E1,4.357050419E0,8.161950111E0,-4.939950466E0
1.321025482E1,3.853950262E0,8.005949974E0,-5.685000420E0
1.321269821E1,3.246000051E0,7.975050449E0,-5.281950474E0
1.321514159E1,3.391950130E0,7.918050289E0,-4.228950024E0
1.321758497E1,3.235950232E0,7.935000420E0,-3.748050213E0
1.322002835E1,2.997000217E0,7.791000366E0,-3.123000145E0
1.322247181E1,3.262950182E0,7.822050571E0,-3.178050041E0
1.322491520E1,2.974950075E0,8.088000298E0,-3.862050295E0
1.322735858E1,2.371950150E0,8.299050331E0,-3.786000252E0
1.322980197E1,2.001000166E0,8.434950829E0,-3.393000126E0
1.323224535E1,2.547000170E0,8.490000725E0,-2.665050030E0
1.323468874E1,3.739050150E0,8.204999924E0,-3.124950171E0
1.323713212E1,4.038000107E0,7.839000225E0,-3.886050224E0
1.323957551E1,3.772950172E0,7.398000240E0,-4.416000366E0
1.324201912E1,3.175950050E0,7.462950230E0,-3.682950258E0
1.324446250E1,3.130950212E0,7.615950584E0,-2.887950182E0
1.324690566E1,3.388950109E0,7.783950329E0,-2.911950111E0
1.324934927E1,4.539000034E0,7.507950306E0,-4.152000427E0
1.325179245E1,5.580000401E0,7.354950428E0,-5.140950203E0
1.325423606E1,4.681950092E0,7.482000351E0,-5.668050289E0
1.325667945E1,3.981000185E0,8.325000763E0,-5.857050419E0
1.325912283E1,3.892050266E0,8.776950836E0,-5.308950424E0
1.326156622E1,3.327000141E0,8.605050087E0,-4.405950069E0
1.326400961E1,2.857950211E0,8.599950790E0,-3.192000151E0
1.326645299E1,2.554050207E0,8.113950729E0,-2.830950022E0
1.326889638E1,3.133050203E0,7.774050236E0,-3.304950237E0
1.327133976E1,3.931050301E0,7.374000549E0,-3.937050104E0
1.327378322E1,3.751050234E0,7.192050457E0,-4.176000118E0
1.327622662E1,3.694050074E0,7.137000561E0,-3.817050219E0
1.327867001E1,3.978000164E0,7.566000462E0,-3.171000242E0
1.328111339E1,3.897000074E0,7.855950356E0,-3.199050188E0
1.328355678E1,3.922950268E0,7.927050591E0,-3.697050095E0
1.328600016E1,4.338000298E0,7.822050571E0,-4.516050339E0
1.328844355E1,4.753950119E0,7.702050209E0,-5.458950043E0
1.329088717E1,4.756950378E0,7.836000443E0,-5.347050190E0
1.329333055E1,3.664950132E0,8.125950813E0,-4.909050465E0
1.329577394E1,2.880000114E0,8.269950867E0,-3.853050232E0
1.329821732E1,3.045000076E0,8.204999924E0,-2.728050232E0
1.330066071E1,3.391950130E0,8.116950035E0,-2.803950071E0
1.330310409E1,2.877000093E0,7.930050373E0,-3.244950056E0
1.330554748E1,2.298000097E0,7.968000412E0,-3.309000254E0
1.330799086E1,2.764950037E0,8.116950035E0,-3.007950068E0
1.331043425E1,3.672000170E0,8.179050446E0,-2.971950054E0
1.331287763E1,3.970950127E0,7.843950272E0,-3.453000069E0
1.331532102E1,3.805950165E0,7.437000275E0,-3.903000116E0
1.331776440E1,3.250950098E0,7.482000351E0,-3.622950077E0
1.332020778E1,3.531000137E0,7.128000259E0,-3.214050055E0
1.332265117E1,4.498050213E0,7.132050514E0,-3.268950224E0
1.332509463E1,5.671050072E0,6.952950478E0,-4.381950378E0
1.332753802E1,5.788950443E0,7.117950439E0,-5.260950089E0
1.332998141E1,4.816050053E0,7.753050327E0,-5.875950336E0
1.333242479E1,4.534049988E0,8.334000587E0,-6.132000446E0
1.333486818E1,3.877950191E0,8.635950089E0,-5.677050114E0
1.333731156E1,3.205050230E0,8.776950836E0,-4.212000370E0
1.333975494E1,2.908050060E0,8.217000008E0,-3.112950087E0
1.334219856E1,2.913000107E0,7.626000404E0,-2.728050232E0
1.334464194E1,3.784950256E0,7.222950459E0,-2.881050110E0
1.334708533E1,4.330049992E0,7.033950329E0,-3.466950178E0
1.334952873E1,4.105050087E0,7.125000477E0,-4.009050369E0
1.335197211E1,3.768000126E0,7.366950512E0,-3.709050179E0
1.335441550E1,3.861000299E0,7.960950375E0,-2.670000076E0
1.335685888E1,3.961950302E0,8.260050774E0,-2.404050112E0
1.335930234E1,4.338000298E0,8.313000679E0,-3.501000166E0
1.336174565E1,4.459950447E0,8.065950394E0,-5.008950233E0
1.336418911E1,4.761000156E0,8.035050392E0,-5.650950432E0
1.336663242E1,5.053950310E0,8.059050560E0,-5.043000221E0
1.336907588E1,4.824000359E0,8.257950783E0,-3.807000160E0
1.337151925E1,3.969000101E0,8.491950035E0,-3.283050060E0
1.337396263E1,3.259950161E0,8.824950218E0,-2.790000200E0
1.337640602E1,3.322050095E0,9.076950073E0,-2.935950041E0
1.337884940E1,3.034950256E0,8.727000237E0,-3.514950275E0
1.338129279E1,2.455950022E0,8.677050591E0,-3.217950106E0
1.338373616E1,2.647050142E0,8.595000267E0,-2.601000071E0
1.338617955E1,3.612000227E0,8.659950256E0,-2.428050041E0
1.338862293E1,4.038000107E0,8.014050484E0,-2.931000233E0
1.339106632E1,3.832050085E0,7.723950386E0,-3.072000027E0
1.339350993E1,3.502050161E0,7.587000370E0,-2.968950033E0
1.339595332E1,3.430050135E0,7.201950550E0,-2.694000244E0
1.339839670E1,4.157999992E0,7.009950161E0,-2.682000160E0
1.340084009E1,5.224050045E0,6.952950478E0,-3.786000252E0
1.340328347E1,5.671050072E0,6.948000431E0,-4.885050297E0
1.340572686E1,5.101050377E0,7.627950191E0,-5.710950375E0
1.340817024E1,4.567049980E0,7.935000420E0,-5.629050255E0
1.341061370E1,4.195950031E0,8.065950394E0,-5.091000080E0
1.341305708E1,3.876000166E0,8.467950821E0,-3.793050289E0
1.341550047E1,3.610050201E0,8.229000092E0,-2.919000149E0
1.341794385E1,3.394050121E0,7.870050430E0,-3.084000111E0
1.342038727E1,3.532950163E0,7.348050117E0,-3.508050203E0
1.342283065E1,4.201050282E0,7.141950130E0,-4.068000317E0
1.342527404E1,4.194000244E0,6.973950386E0,-4.204950333E0
1.342771742E1,3.355950117E0,7.128000259E0,-3.345000267E0
1.343016080E1,3.588000059E0,7.324050426E0,-2.031000137E0
1.343260442E1,4.089000225E0,7.378950119E0,-1.459050059E0
1.343504757E1,4.342050076E0,7.951050282E0,-2.548050165E0
1.343749119E1,4.543950081E0,7.750050545E0,-4.594950199E0
1.343993434E1,4.543950081E0,7.942050457E0,-5.806950092E0
1.344237796E1,4.366050243E0,8.164050102E0,-5.376000404E0
1.344482132E1,3.961950302E0,8.454000473E0,-4.018050194E0
1.344726470E1,3.492000103E0,8.605050087E0,-2.821050167E0
1.344970809E1,3.160050154E0,8.679000854E0,-1.969050050E0
1.345215147E1,3.568950176E0,8.587950706E0,-2.545950174E0
1.345459486E1,3.733950138E0,8.308050156E0,-3.673050165E0
1.345703823E1,2.740950108E0,8.338950157E0,-3.907950163E0
1.345948162E1,2.571000099E0,8.289000511E0,-2.761050224E0
1.346192500E1,3.445050240E0,8.607000351E0,-1.744050026E0
1.346436846E1,3.844050169E0,8.221950531E0,-2.019000053E0
1.346681185E1,3.576000214E0,7.954050541E0,-2.512050152E0
1.346925521E1,3.235950232E0,7.671000481E0,-3.139050245E0
1.347169859E1,3.049950123E0,7.329000473E0,-2.815950155E0
1.347414198E1,3.703050137E0,7.153950214E0,-2.080950022E0
1.347658536E1,4.906949997E0,7.302000523E0,-2.371050119E0
1.347902875E1,5.848050117E0,7.140000343E0,-3.895950079E0
1.348147212E1,5.209050179E0,7.498950481E0,-4.747950077E0
1.348391550E1,4.177050114E0,8.217000008E0,-5.224950314E0
1.348635889E1,3.949950218E0,8.251049995E0,-4.923000336E0
1.348880227E1,3.765000105E0,8.581050873E0,-3.931950092E0
1.349124588E1,3.351000071E0,8.413050652E0,-2.743950129E0
1.349368927E1,3.136050224E0,7.843950272E0,-2.328000069E0
1.349613266E1,3.604950190E0,7.357950211E0,-2.617050171E0
1.349857604E1,4.347000122E0,7.069950104E0,-3.193950176E0
1.350101944E1,3.967050076E0,7.129950523E0,-3.505950212E0
1.350346283E1,3.483000278E0,7.389000416E0,-3.016950130E0
1.350590621E1,3.978000164E0,7.513050556E0,-2.176950216E0
1.350834960E1,3.981000185E0,7.852950573E0,-2.044950008E0
1.351079298E1,3.876000166E0,7.954050541E0,-2.785050154E0
1.351323644E1,4.144050121E0,7.642050266E0,-3.727950096E0
1.351567983E1,4.728000164E0,7.726050377E0,-4.465950012E0
1.351812321E1,5.070000172E0,7.735950470E0,-4.702950001E0
1.352056660E1,4.672950268E0,7.650000572E0,-3.883950233E0
1.352300998E1,4.153050423E0,8.107049942E0,-3.190050125E0
1.352545338E1,3.898950100E0,8.404050827E0,-2.706000090E0
1.352789677E1,3.933000088E0,8.598000526E0,-3.184950113E0
1.353034038E1,3.283950090E0,8.313000679E0,-3.838950157E0
1.353278377E1,2.644950151E0,8.145000458E0,-3.367050171E0
1.353522715E1,2.644950151E0,8.095050812E0,-2.280000210E0
1.353767054E1,3.409050226E0,8.038050652E0,-1.708050132E0
1.354011392E1,4.218000412E0,7.575000286E0,-2.356050014E0
1.354255730E1,4.441050053E0,7.471950531E0,-3.075000048E0
1.354500069E1,3.720000267E0,7.477050304E0,-3.424050093E0
1.354744407E1,3.490050077E0,7.306950569E0,-3.096000195E0
1.354988746E1,4.431000233E0,7.111050129E0,-2.749050140E0
1.355233084E1,5.104050159E0,7.044000149E0,-3.598950148E0
1.355477423E1,5.322000027E0,6.964950562E0,-4.420050144E0
1.355721761E1,4.966950417E0,7.200000286E0,-4.468050003E0
1.355966100E1,4.560000420E0,7.525050163E0,-4.288949966E0
1.356210438E1,4.492950439E0,8.089950562E0,-4.348950386E0
1.356454784E1,3.961950302E0,8.526000023E0,-4.261950016E0
1.356699123E1,3.193050146E0,8.559000015E0,-4.150050163E0
1.356943461E1,2.820000172E0,8.241000175E0,-3.757050276E0
1.357187801E1,2.701950073E0,7.936950207E0,-3.115050077E0
1.357432140E1,3.282000065E0,7.753050327E0,-2.718000174E0
1.357676478E1,3.832050085E0,7.531950474E0,-2.898000240E0
1.357920816E1,3.559050083E0,7.575000286E0,-3.345000267E0
1.358165155E1,3.211950064E0,7.573050499E0,-3.139050245E0
1.358409516E1,3.892050266E0,7.930050373E0,-2.944950104E0
1.358653855E1,4.266000271E0,8.116950035E0,-3.532050133E0
1.358898194E1,4.615050316E0,8.200050354E0,-4.714950085E0
1.359142532E1,4.527000427E0,7.831950188E0,-5.646000385E0
1.359386870E1,4.492950439E0,7.567950249E0,-5.682000160E0
1.359631209E1,4.740000248E0,7.561050415E0,-4.389000416E0
1.359875555E1,4.002000332E0,7.710000515E0,-3.127050161E0
1.360119886E1,3.765000105E0,8.161950111E0,-2.737050056E0
1.360364232E1,3.898950100E0,8.308050156E0,-3.252000093E0
1.360608563E1,3.591000080E0,8.476050377E0,-4.348950386E0
1.360852906E1,3.006000042E0,8.764950752E0,-4.798950195E0
1.361097244E1,2.194950104E0,8.782050133E0,-3.894000292E0
1.361341583E1,2.226000071E0,8.808000565E0,-2.479050159E0
1.361585921E1,3.259950161E0,8.799000740E0,-2.184000015E0
1.361830260E1,3.682050228E0,8.344050407E0,-2.905050039E0
1.362074600E1,3.591000080E0,8.047050476E0,-3.586950064E0
1.362318938E1,3.303000212E0,7.915050507E0,-3.657000065E0
1.362563276E1,3.198000193E0,7.611000538E0,-3.036000252E0
1.362807615E1,3.748950243E0,7.779000282E0,-2.965050220E0
1.363051953E1,4.873950005E0,7.456050396E0,-4.036950111E0
1.363296316E1,5.643000126E0,7.123050213E0,-4.638000011E0
1.363540655E1,5.665950298E0,7.195050240E0,-4.540050030E0
1.363784993E1,4.702050209E0,7.659000397E0,-4.273950100E0
1.364029332E1,4.354050159E0,8.470950127E0,-4.231050014E0
1.364273670E1,4.129050255E0,8.706000328E0,-4.135050297E0
1.364518009E1,3.562050104E0,8.707950592E0,-3.682950258E0
1.364762347E1,3.090000153E0,8.670000076E0,-3.196950197E0
1.365006686E1,2.821950197E0,8.326950073E0,-2.974050045E0
1.365251032E1,3.229050159E0,8.088000298E0,-2.779950142E0
1.365495370E1,3.555000067E0,7.812000275E0,-2.977050066E0
1.365739708E1,3.214950085E0,7.707000256E0,-2.850000143E0
1.365984047E1,3.591000080E0,7.711950302E0,-2.464050055E0
1.366228385E1,4.072050095E0,7.699950218E0,-2.542950153E0
1.366472724E1,4.108050346E0,8.361000061E0,-3.052950144E0
1.366717062E1,4.408950329E0,7.951050282E0,-4.092000008E0
1.366961401E1,4.855050087E0,7.906050205E0,-4.738950253E0
1.367205739E1,5.104050159E0,7.710000515E0,-4.897050381E0
1.367450077E1,4.963050365E0,7.744950294E0,-4.108950138E0
1.367694439E1,4.548000336E0,8.014050484E0,-3.445950270E0
1.367938754E1,3.889950275E0,8.056950569E0,-2.545950174E0
1.368183117E1,4.074000359E0,8.131050110E0,-2.493000031E0
1.368427433E1,3.745950222E0,8.101950645E0,-3.048000097E0
1.368671794E1,3.274950266E0,8.422950745E0,-2.998050213E0
1.368916133E1,2.841000080E0,8.416049957E0,-2.754000187E0
1.369160471E1,3.010950089E0,8.518950462E0,-2.446950197E0
1.369404810E1,3.580950260E0,8.452050209E0,-2.806950092E0
1.369649148E1,3.588000059E0,8.184000015E0,-3.336000204E0
1.369893487E1,3.373050213E0,7.803000450E0,-3.288000107E0
1.370137825E1,3.270000219E0,7.281000137E0,-2.176950216E0
1.370382171E1,3.928050280E0,7.092000484E0,-1.590000033E0
1.370626510E1,5.226000309E0,7.065000534E0,-3.130050182E0
1.370870848E1,6.172050476E0,6.838050365E0,-4.777050018E0
1.371115187E1,5.508000374E0,7.036950111E0,-5.500050068E0
1.371359525E1,4.657950401E0,7.446000576E0,-4.762950420E0
1.371603862E1,4.821000099E0,8.209950447E0,-3.907950163E0
1.371848201E1,4.192049980E0,8.536050797E0,-3.235050201E0
1.372092539E1,3.315000057E0,8.550000191E0,-2.962050200E0
1.372336878E1,2.773950100E0,8.434950829E0,-3.052950144E0
1.372581216E1,2.701950073E0,8.044950485E0,-2.968950033E0
1.372825554E1,3.682050228E0,7.804950237E0,-2.851950169E0
1.373069916E1,3.649950266E0,7.765050411E0,-2.907000065E0
1.373314254E1,3.121050119E0,8.023050308E0,-2.488050222E0
1.373558593E1,3.780000210E0,8.145000458E0,-2.265000105E0
1.373802931E1,4.165050030E0,8.358000755E0,-2.971950054E0
1.374047270E1,3.760950089E0,8.521050453E0,-3.958050251E0
1.374291608E1,3.682050228E0,7.923000336E0,-4.629000187E0
1.374535947E1,3.952050209E0,7.669050217E0,-4.432050228E0
1.374780285E1,4.720950127E0,7.506000519E0,-3.786000252E0
1.375024624E1,5.449050426E0,7.228050232E0,-3.087000132E0
1.375268962E1,5.145000458E0,7.590000153E0,-2.905050039E0
1.375513300E1,3.946950197E0,8.290950775E0,-3.436050177E0
1.375757647E1,3.615000248E0,8.536050797E0,-3.774000168E0
1.376001985E1,3.066000223E0,8.775000572E0,-3.760050297E0
1.376246324E1,2.322000027E0,8.983050346E0,-2.749050140E0
1.376490661E1,2.053050041E0,8.887950897E0,-1.741050124E0
1.376734999E1,3.124050140E0,8.835000038E0,-1.858050108E0
1.376979338E1,4.444950104E0,8.281949997E0,-3.324000120E0
1.377223676E1,4.303950310E0,8.038050652E0,-4.654950142E0
1.377468038E1,2.950950146E0,7.969950199E0,-4.360050201E0
1.377712376E1,2.404950142E0,7.920000553E0,-2.656050205E0
1.377956715E1,3.126000166E0,7.516050339E0,-1.566000104E0
1.378201053E1,4.157999992E0,7.405050278E0,-2.263050079E0
1.378445392E1,5.652000427E0,6.912000179E0,-4.095000267E0
1.378689730E1,6.294000149E0,6.699000359E0,-5.638950348E0
1.378934071E1,5.431950092E0,6.951000214E0,-5.826000214E0
1.379178410E1,4.417050362E0,8.290950775E0,-5.542950153E0
1.379422748E1,3.813000202E0,8.578950882E0,-4.243050098E0
1.379667087E1,3.070950031E0,8.755949974E0,-2.701050043E0
1.379911425E1,2.506050110E0,8.305950165E0,-1.705050111E0
1.380155764E1,2.358000040E0,8.236050606E0,-1.693050027E0
1.380400102E1,3.241050243E0,7.789050579E0,-2.881050110E0
1.380644448E1,3.775050163E0,7.120950222E0,-4.108950138E0
1.380888787E1,3.121050119E0,7.534950256E0,-3.829050064E0
1.381133125E1,3.306000233E0,7.834050179E0,-2.926050186E0
1.381377464E1,3.379950047E0,8.161950111E0,-2.116950035E0
1.381621802E1,2.901000023E0,8.344050407E0,-1.978050113E0
1.381866141E1,3.247950077E0,7.836000443E0,-3.217950106E0
1.382110479E1,4.183950424E0,7.702050209E0,-4.726950169E0
1.382354819E1,5.319000244E0,7.587000370E0,-5.437950134E0
1.382599181E1,5.616000175E0,7.168050289E0,-5.433000088E0
1.382843519E1,4.102950096E0,7.804950237E0,-4.380000114E0
1.383087858E1,3.463950157E0,8.197950363E0,-2.932950258E0
1.383332196E1,3.976050138E0,8.239050865E0,-2.419050217E0
1.383576535E1,3.616950274E0,8.404050827E0,-2.656050205E0
1.383820873E1,2.710050106E0,8.406000137E0,-3.130050182E0
1.384065212E1,2.580000162E0,8.482950211E0,-2.998050213E0
1.384309558E1,3.784950256E0,8.581050873E0,-3.220950127E0
1.384553889E1,4.405050278E0,7.992000580E0,-3.943950176E0
1.384798235E1,3.897000074E0,7.908000469E0,-4.044000149E0
1.385042566E1,2.592000008E0,7.848000526E0,-3.417000055E0
1.385286912E1,2.484000206E0,7.618950367E0,-1.969050050E0
1.385531243E1,3.391950130E0,7.111050129E0,-1.486950040E0
1.385775588E1,4.575000286E0,7.152000427E0,-2.773050070E0
1.386019927E1,5.832000256E0,7.053000450E0,-5.068950176E0
1.386264266E1,5.484000206E0,7.341000557E0,-6.493950367E0
1.386508604E1,4.603050232E0,7.887000561E0,-6.280950069E0
1.386752942E1,4.414050102E0,8.752950668E0,-5.392050266E0
1.386997281E1,3.682050228E0,9.088950157E0,-3.919950247E0
1.387241618E1,3.046950102E0,9.100950241E0,-2.823000193E0
1.387485956E1,2.737950087E0,8.440050125E0,-2.787000179E0
1.387730295E1,3.355950117E0,7.798050404E0,-3.442950249E0
1.387974656E1,4.351950169E0,7.080000401E0,-4.195050240E0
1.388218995E1,4.207950115E0,6.994050503E0,-3.982050180E0
1.388463333E1,3.580950260E0,7.234950542E0,-2.907000065E0
1.388707671E1,3.339000225E0,7.741050243E0,-1.978050113E0
1.388952010E1,3.430050135E0,8.348999977E0,-1.711950064E0
1.389196348E1,3.646050215E0,8.434950829E0,-3.075000048E0
1.389440694E1,3.897000074E0,8.260050774E0,-5.200950146E0
1.389685032E1,4.093050003E0,7.932000160E0,-6.324000359E0
1.389929371E1,4.690050125E0,7.731000423E0,-5.881050110E0
1.390173709E1,4.696950436E0,7.786050320E0,-4.269000053E0
1.390418048E1,3.697950125E0,8.215050697E0,-2.719950199E0
1.390662386E1,3.973950148E0,8.200050354E0,-2.878050089E0
1.390906725E1,3.946950197E0,8.056950569E0,-3.822000265E0
1.391151063E1,4.026000023E0,8.197950363E0,-5.170050144E0
1.391395402E1,3.436950207E0,8.308050156E0,-5.254050255E0
1.391639740E1,2.965950251E0,8.193000793E0,-4.054049969E0
1.391884078E1,3.021000147E0,7.942050457E0,-2.565000057E0
1.392128417E1,3.745950222E0,7.860000610E0,-1.899000049E0
1.392372755E1,4.168050289E0,7.348050117E0,-2.746950150E0
1.392617117E1,3.727050066E0,7.422000408E0,-4.135050297E0
1.392861432E1,3.181050062E0,7.614000320E0,-4.758000374E0
1.393105794E1,2.887050152E0,7.663950443E0,-3.937050104E0
1.393350132E1,3.112050056E0,7.566000462E0,-3.003000259E0
1.393594471E1,3.925950289E0,7.525050163E0,-3.277950048E0
1.393838809E1,5.188050270E0,7.189950466E0,-4.450950146E0
1.394083148E1,5.134950161E0,7.201950550E0,-5.562000275E0
1.394327486E1,4.477050304E0,7.498950481E0,-5.874000072E0
1.394571825E1,4.347000122E0,7.936950207E0,-5.541000366E0
1.394816171E1,4.052999973E0,8.287050247E0,-4.545000076E0
1.395060509E1,3.583050251E0,8.476050377E0,-3.508050203E0
1.395304848E1,3.349050045E0,8.196000099E0,-3.094050169E0
1.395549187E1,3.399000168E0,7.780950546E0,-3.550950050E0
1.395793525E1,3.648000240E0,7.378950119E0,-3.642000198E0
1.396037864E1,3.885000229E0,7.161000252E0,-3.889050245E0
1.396282202E1,3.490050077E0,7.342950344E0,-3.739950180E0
1.396526540E1,2.913000107E0,7.710000515E0,-2.821050167E0
1.396770902E1,3.106950045E0,8.350950241E0,-2.185950041E0
1.397015240E1,3.355950117E0,8.545050621E0,-3.277950048E0
1.397259579E1,3.748950243E0,8.574000359E0,-5.317950249E0
1.397503917E1,3.684000254E0,8.113950729E0,-6.616050243E0
1.397748256E1,3.568950176E0,8.008950233E0,-5.977050304E0
1.397992592E1,4.306950092E0,7.882050514E0,-4.167000294E0
1.398236930E1,4.207950115E0,7.831950188E0,-2.943000078E0
1.398481268E1,4.050000191E0,7.807950497E0,-3.211050034E0
1.398725607E1,4.174950123E0,7.678050518E0,-4.011000156E0
1.398969945E1,4.150950432E0,7.966050148E0,-4.674000263E0
1.399214284E1,3.622050285E0,8.191050529E0,-4.474950314E0
1.399458622E1,2.944050074E0,8.221950531E0,-3.373950243E0
1.399702961E1,2.701950073E0,8.221950531E0,-2.272950172E0
1.399947307E1,3.349050045E0,8.164050102E0,-2.401950121E0
1.400191645E1,3.552000284E0,7.944000244E0,-3.151050091E0
1.400435983E1,3.466050148E0,7.987050533E0,-3.715950251E0
1.400680321E1,3.382050276E0,8.221950531E0,-3.823950291E0
1.400924660E1,2.896050215E0,8.574000359E0,-3.898050070E0
1.401168998E1,2.745000124E0,8.437050819E0,-4.285950184E0
1.401413334E1,3.094950199E0,8.209950447E0,-4.360050201E0
1.401657672E1,4.120050430E0,7.923000336E0,-4.339050293E0
1.401902034E1,5.140050411E0,7.657050133E0,-4.315050125E0
1.402146372E1,4.783050060E0,7.534950256E0,-4.465950012E0
1.402390711E1,4.396950245E0,8.014050484E0,-4.971000195E0
1.402635049E1,4.435950279E0,8.215050697E0,-4.957050323E0
1.402879388E1,4.125000000E0,8.500050545E0,-4.521000385E0
1.403123726E1,3.592950106E0,8.337000847E0,-3.601050138E0
1.403368065E1,3.301050186E0,8.124000549E0,-3.259050131E0
1.403612403E1,3.154950142E0,7.912950516E0,-3.130050182E0
1.403856742E1,3.451950073E0,7.465050220E0,-3.196950197E0
1.404101088E1,3.943050146E0,7.056000233E0,-3.750000238E0
1.404345419E1,3.154950142E0,7.243050575E0,-3.532050133E0
1.404589765E1,3.303000212E0,7.546950340E0,-2.794950247E0
1.404834104E1,3.849000216E0,7.827000141E0,-2.818950176E0
1.405078443E1,4.177050114E0,8.350950241E0,-3.907950163E0
1.405322781E1,4.333050251E0,7.863000393E0,-5.790000439E0
1.405567119E1,3.933000088E0,7.942050457E0,-5.835000515E0
1.405811458E1,4.017000198E0,7.923000336E0,-4.915950298E0
1.406055796E1,3.957000256E0,7.683000565E0,-3.409950256E0
1.406300137E1,4.014000416E0,7.525050163E0,-2.464050055E0
1.406544475E1,4.002000332E0,7.369950294E0,-2.497950077E0
1.406788814E1,3.849000216E0,7.417050362E0,-3.309000254E0
1.407033152E1,3.796950102E0,7.723950386E0,-3.733050108E0
1.407277514E1,2.803050041E0,7.947000504E0,-3.477000237E0
1.407521851E1,2.488950014E0,8.269950867E0,-2.080950022E0
1.407766189E1,2.950950146E0,8.113950729E0,-1.855950117E0
1.408010528E1,3.267000198E0,8.197950363E0,-2.344050169E0
1.408254866E1,3.447000265E0,7.846050262E0,-2.956950188E0
1.408499205E1,3.018000126E0,7.555950165E0,-3.664050102E0
1.408743550E1,2.676000118E0,7.702050209E0,-3.453000069E0
1.408987881E1,2.772000074E0,7.662000179E0,-3.309000254E0
1.409232227E1,3.574050188E0,7.531950474E0,-3.433950186E0
1.409476558E1,5.014950275E0,7.204050541E0,-3.859950066E0
1.409720904E1,5.274000168E0,7.314000130E0,-4.525950432E0
1.409965243E1,5.001000404E0,7.567950249E0,-5.476050377E0
1.410209581E1,4.534049988E0,7.731000423E0,-5.590950489E0
1.410453920E1,4.242000103E0,7.951050282E0,-4.612050056E0
1.410698258E1,4.002000332E0,8.004000664E0,-3.208950043E0
1.410942597E1,3.535950184E0,7.771950245E0,-2.514000177E0
1.411186935E1,3.358050108E0,7.603950500E0,-2.550000191E0
1.411431274E1,3.969000101E0,7.258950233E0,-3.015000105E0
1.411675612E1,4.447950363E0,7.018050194E0,-3.843000174E0
1.411919974E1,3.958950281E0,7.291050434E0,-3.925050259E0
1.412164289E1,3.898950100E0,7.669050217E0,-3.738000154E0
1.412408652E1,3.840000153E0,8.053950310E0,-3.381000042E0
1.412652991E1,3.259950161E0,8.701050758E0,-3.289950132E0
1.412897329E1,3.085050106E0,8.071050644E0,-4.123050213E0
1.413141668E1,3.535950184E0,7.956000328E0,-4.435050011E0
1.413386006E1,4.651050091E0,8.038050652E0,-4.672049999E0
1.413630344E1,5.094000340E0,8.125950813E0,-4.837050438E0
1.413874683E1,4.194000244E0,8.179050446E0,-5.032950401E0
1.414119029E1,3.495000124E0,8.401050568E0,-4.056000233E0
1.414363368E1,3.330000162E0,8.506950378E0,-2.929050207E0
1.414607706E1,3.259950161E0,8.539950371E0,-2.131050110E0
1.414852044E1,2.833950043E0,8.365950584E0,-2.143050194E0
1.415096382E1,2.938950062E0,8.278950691E0,-2.320950031E0
1.415340721E1,3.805950165E0,8.072999954E0,-3.268950224E0
1.415585059E1,4.165050030E0,7.915050507E0,-4.332000256E0
1.415829398E1,3.399000168E0,7.738050461E0,-4.225950241E0
1.416073736E1,2.271000147E0,7.795950413E0,-3.496050119E0
1.416318074E1,1.917000055E0,7.960950375E0,-1.899000049E0
1.416562436E1,2.338050127E0,7.755000591E0,-1.308000088E0
1.416806752E1,3.624000072E0,7.534950256E0,-3.120000124E0
1.417051113E1,4.788000107E0,7.264050484E0,-5.449950218E0
1.417295429E1,4.498050213E0,7.765050411E0,-6.520050526E0
1.417539790E1,4.267950058E0,7.923000336E0,-6.903000355E0
1.417784129E1,3.718050241E0,8.557050705E0,-6.106050491E0
1.418028467E1,3.448950052E0,8.574000359E0,-4.345950127E0
1.418272806E1,3.178950071E0,8.089950562E0,-2.373000145E0
1.418517145E1,3.243000269E0,7.810050488E0,-2.277000189E0
1.418761483E1,2.680950165E0,7.705050468E0,-4.090050220E0
1.419005821E1,3.907050133E0,7.056000233E0,-4.818000317E0
1.419250160E1,3.949950218E0,6.816000462E0,-4.914000034E0
1.419494506E1,3.028050184E0,7.177950382E0,-3.811950207E0
1.419738844E1,4.042950153E0,7.563000202E0,-2.620050192E0
1.419983182E1,3.571050167E0,8.164050102E0,-3.063000202E0
1.420227521E1,3.064050198E0,8.485050201E0,-4.248000145E0
1.420471859E1,2.926950216E0,8.137949944E0,-5.649000168E0
1.420716198E1,3.172050238E0,8.299050331E0,-6.220950127E0
1.420960559E1,3.673950195E0,8.254950523E0,-5.407050133E0
1.421204897E1,3.562050104E0,8.569050789E0,-4.159049988E0
1.421449236E1,3.532950163E0,8.746050835E0,-3.597000122E0
1.421693574E1,3.117000103E0,8.848950386E0,-3.927000284E0
1.421937913E1,3.093000174E0,9.105000496E0,-4.507050037E0
1.422182253E1,2.458050013E0,9.022050858E0,-4.453950405E0
1.422426591E1,1.800000072E0,9.187050819E0,-2.826000214E0
1.422670930E1,1.915050149E0,9.013950348E0,-1.351050019E0
1.422915268E1,2.832000017E0,8.880000114E0,-1.372050047E0
1.423159606E1,4.041000366E0,8.458950043E0,-3.388050079E0
1.423403945E1,3.990000248E0,8.085000038E0,-5.047950268E0
1.423648283E1,2.346000195E0,7.855950356E0,-4.650000095E0
1.423892622E1,1.678050041E0,8.068950653E0,-2.965050220E0
1.424136960E1,2.037000179E0,8.245950699E0,-2.023950100E0
1.424381298E1,3.045000076E0,7.903050423E0,-3.403050184E0
1.424625644E1,4.218000412E0,7.510950565E0,-5.062050343E0
1.424869983E1,4.558050156E0,7.969950199E0,-5.947950363E0
1.425114321E1,4.062000275E0,8.358000755E0,-6.508050442E0
1.425358660E1,3.469050169E0,8.820000648E0,-6.175050259E0
1.425602998E1,2.896050215E0,8.695950508E0,-4.597949982E0
1.425847337E1,2.413050175E0,8.361000061E0,-2.578950167E0
1.426091675E1,2.251950026E0,8.179050446E0,-1.933050036E0
1.426336036E1,2.341050148E0,7.923000336E0,-2.164950132E0
1.426580375E1,3.163950205E0,7.020000458E0,-3.805050135E0
1.426824716E1,3.355950117E0,6.538950443E0,-5.160000324E0
1.427069054E1,2.853000164E0,7.072950363E0,-4.894050121E0
1.427313393E1,2.737950087E0,7.611000538E0,-4.027950287E0
1.427557731E1,2.226000071E0,8.059050560E0,-3.385950089E0
1.427802070E1,2.104050159E0,7.896000385E0,-3.807000160E0
1.428046408E1,2.595000029E0,7.828950405E0,-4.741050243E0
1.428290746E1,3.354000092E0,7.792950153E0,-6.060000420E0
1.428535092E1,3.394050121E0,7.699950218E0,-6.304950237E0
1.428779423E1,2.721000195E0,7.972950459E0,-5.056950092E0
1.429023769E1,2.338050127E0,8.284049988E0,-3.867000103E0
1.429268108E1,2.695050240E0,8.266950607E0,-2.941050053E0
1.429512446E1,2.635050058E0,8.107049942E0,-3.454950094E0
1.429756785E1,2.230950117E0,8.049000740E0,-4.198050022E0
1.430001123E1,2.235000134E0,7.954050541E0,-4.480050087E0
1.430245462E1,2.748000145E0,7.891050339E0,-4.108950138E0
1.430489803E1,3.492000103E0,7.630050182E0,-3.793050289E0
1.430734141E1,2.901000023E0,7.330950260E0,-4.042050362E0
1.430978480E1,2.556000233E0,7.021950245E0,-3.882000208E0
1.431222818E1,1.888050079E0,7.204050541E0,-3.391050100E0
1.431467157E1,2.029950142E0,7.326000214E0,-2.965050220E0
1.431711517E1,2.869950056E0,7.390950203E0,-3.562950134E0
1.431955856E1,3.592950106E0,7.741050243E0,-5.005050182E0
1.432200194E1,3.729000092E0,8.005949974E0,-6.453000069E0
1.432444532E1,3.262950182E0,8.302950859E0,-6.688050270E0
1.432688871E1,3.382050276E0,8.566950798E0,-5.922000408E0
1.432933209E1,3.052050114E0,8.947050095E0,-4.939950466E0
1.433177548E1,2.760000229E0,8.686050415E0,-4.027950287E0
1.433421894E1,2.628000021E0,8.002050400E0,-3.556050062E0
1.433666232E1,3.267000198E0,7.638000488E0,-3.714000225E0
1.433910571E1,4.125000000E0,7.270950317E0,-4.150050163E0
1.434154909E1,4.275000095E0,6.880950451E0,-4.660050392E0
1.434399248E1,3.412950277E0,7.108950138E0,-4.750950336E0
1.434643586E1,2.841000080E0,7.762050152E0,-4.048950195E0
1.434887925E1,3.124050140E0,8.374950409E0,-3.429000139E0
1.435132265E1,2.925000191E0,8.866050720E0,-3.457950115E0
1.435376626E1,2.827050209E0,8.667000771E0,-4.365000248E0
1.435620942E1,3.057000160E0,8.605050087E0,-5.866050243E0
1.435865303E1,3.406050205E0,8.490000725E0,-6.529950142E0
1.436109619E1,3.379950047E0,8.440050125E0,-5.830950260E0
1.436353980E1,3.042000055E0,8.690999985E0,-4.327050209E0
1.436598296E1,2.689950228E0,8.650050163E0,-3.171000242E0
1.436842657E1,3.066000223E0,8.428050041E0,-2.785050154E0
1.437086996E1,3.472950220E0,8.124000549E0,-3.657000065E0
1.437331334E1,3.064050198E0,8.160000801E0,-4.582950115E0
1.437575672E1,3.004050255E0,8.128950119E0,-4.513950348E0
1.437820010E1,3.523950100E0,8.072999954E0,-3.891000271E0
1.438064349E1,3.988050222E0,8.104949951E0,-3.598950148E0
1.438308687E1,3.670050144E0,7.891050339E0,-4.027950287E0
1.438553026E1,2.857950211E0,7.639950275E0,-4.507050037E0
1.438797372E1,2.190000057E0,7.714050293E0,-4.285950184E0
1.439041711E1,2.631000042E0,7.482000351E0,-3.412050247E0
1.439286049E1,3.631050110E0,7.221000195E0,-3.256950140E0
1.439530388E1,4.551000118E0,7.027050495E0,-4.084949970E0
1.439774726E1,4.785000324E0,7.204050541E0,-5.935950279E0
1.440019065E1,4.579050064E0,7.678050518E0,-7.461000443E0
1.440263403E1,4.383000374E0,7.791000366E0,-7.468050480E0
1.440507742E1,3.955050230E0,8.164050102E0,-5.764050484E0
1.440752103E1,3.490050077E0,7.807950497E0,-3.645000219E0
1.440996442E1,3.301050186E0,7.563000202E0,-3.088950157E0
1.441240779E1,3.382050276E0,7.438950539E0,-3.211050034E0
1.441485117E1,4.405050278E0,6.831000328E0,-4.159049988E0
1.441729456E1,4.500000000E0,6.634050369E0,-5.176950455E0
1.441973794E1,3.199950218E0,7.018050194E0,-5.469000340E0
1.442218132E1,3.271950245E0,7.686000347E0,-4.822950363E0
1.442462471E1,3.169050217E0,8.236050606E0,-4.140000343E0
1.442706809E1,2.626050234E0,8.454000473E0,-3.609000206E0
1.442951147E1,2.752950191E0,8.077950478E0,-4.063950062E0
1.443195493E1,3.511950254E0,7.978050232E0,-5.287050247E0
1.443439824E1,4.381050110E0,7.915050507E0,-6.391050339E0
1.443684170E1,4.057950020E0,7.903050423E0,-6.349950314E0
1.443928509E1,3.129000187E0,8.152050018E0,-5.040000439E0
1.444172847E1,2.817000151E0,8.290950775E0,-3.352050066E0
1.444417186E1,3.291000128E0,8.242950439E0,-2.617050171E0
1.444661524E1,3.064050198E0,8.083050728E0,-3.001050234E0
1.444905861E1,2.713950157E0,8.080950737E0,-3.478950262E0
1.445150199E1,3.354000092E0,7.927050591E0,-3.879000187E0
1.445394538E1,3.664950132E0,8.128950119E0,-4.249950409E0
1.445638876E1,3.532950163E0,7.824000359E0,-4.477950096E0
1.445883238E1,2.884050131E0,7.582950592E0,-4.246050358E0
1.446127576E1,2.323950052E0,7.504050255E0,-3.549000263E0
1.446371914E1,2.322000027E0,7.405050278E0,-2.847000122E0
1.446616253E1,3.439950228E0,7.068000317E0,-3.075000048E0
1.446860591E1,4.611000061E0,7.018050194E0,-4.678950310E0
1.447104930E1,4.816050053E0,7.089000225E0,-6.714000225E0
1.447349270E1,4.644000053E0,7.762050152E0,-7.392000198E0
1.447593608E1,4.171950340E0,7.747950554E0,-6.769050121E0
1.447837946E1,3.808050156E0,7.980000496E0,-5.110050201E0
1.448082292E1,3.490050077E0,8.109000206E0,-3.088950157E0
1.448326623E1,3.241050243E0,7.645050526E0,-2.341950178E0
1.448570970E1,3.379950047E0,7.330950260E0,-3.060000181E0
1.448815308E1,4.519950390E0,6.808950424E0,-4.095000267E0
1.449059647E1,4.486050129E0,6.778050423E0,-5.194050312E0
1.449303985E1,3.121050119E0,7.249950409E0,-4.995000362E0
1.449548324E1,2.985000134E0,7.723950386E0,-3.301950216E0
1.449792659E1,3.229050159E0,8.287050247E0,-2.248950005E0
1.450036998E1,2.923050165E0,8.674050331E0,-2.569950104E0
1.450281336E1,3.205050230E0,8.305950165E0,-4.911000252E0
1.450525675E1,3.694050074E0,8.020950317E0,-6.577950478E0
1.450770013E1,3.532950163E0,8.107049942E0,-6.562950134E0
1.451014352E1,3.751050234E0,7.999050617E0,-5.304000378E0
1.451258713E1,3.622050285E0,8.200050354E0,-3.277950048E0
1.451503052E1,2.905950069E0,8.350950241E0,-2.148000002E0
1.451747390E1,3.148050070E0,8.173950195E0,-2.044950008E0
1.451991729E1,3.547950268E0,8.409000397E0,-2.907000065E0
1.452236069E1,2.440950155E0,8.631000519E0,-3.763950109E0
1.452480408E1,2.707050085E0,8.503950119E0,-4.036950111E0
1.452724746E1,3.442050219E0,8.533050537E0,-3.669000149E0
1.452969092E1,2.982000113E0,8.583000183E0,-3.505950212E0
1.453213432E1,2.113049984E0,8.215050697E0,-3.259050131E0
1.453457770E1,2.008050203E0,7.642050266E0,-2.665050030E0
1.453702109E1,2.367000103E0,7.461000443E0,-1.770000100E0
1.453946447E1,2.908050060E0,7.357950211E0,-2.032950163E0
1.454190785E1,4.066950321E0,7.291050434E0,-4.504050255E0
1.454435122E1,4.491000175E0,7.330950260E0,-6.457950115E0
1.454679461E1,4.138950348E0,8.137949944E0,-6.952950478E0
1.454923799E1,3.720000267E0,8.290950775E0,-6.132000446E0
1.455168138E1,3.363000154E0,8.281949997E0,-4.416000366E0
1.455412476E1,3.133050203E0,8.072999954E0,-2.779950142E0
1.455656816E1,2.848050117E0,7.650000572E0,-1.813050032E0
1.455901177E1,3.198000193E0,7.542000294E0,-2.344050169E0
1.456145493E1,4.498050213E0,7.063050270E0,-4.019999981E0
1.456389854E1,4.420950413E0,6.915000439E0,-5.572050095E0
1.456634193E1,3.172050238E0,7.738050461E0,-5.770950317E0
1.456878533E1,2.949000120E0,8.224050522E0,-5.100000381E0
1.457122871E1,2.484000206E0,8.515950203E0,-3.669000149E0
1.457367210E1,2.062950134E0,8.257950783E0,-2.649000168E0
1.457611548E1,2.158950090E0,7.990050316E0,-2.581950188E0
1.457855886E1,3.796950102E0,7.864950180E0,-4.684050083E0
1.458100225E1,4.594050407E0,7.686000347E0,-6.763950348E0
1.458344571E1,3.334050179E0,8.272050858E0,-6.814950466E0
1.458588909E1,2.623050213E0,8.794050217E0,-5.377950191E0
1.458833248E1,2.511000156E0,9.040950775E0,-3.139050245E0
1.459077588E1,2.532000065E0,9.237000465E0,-2.044950008E0
1.459321926E1,2.203950167E0,8.776950836E0,-2.311050177E0
1.459566264E1,2.584950209E0,8.503950119E0,-3.319050074E0
1.459810603E1,4.026000023E0,8.209950447E0,-4.614000320E0
1.460054942E1,4.134000301E0,7.923000336E0,-5.530950069E0
1.460299280E1,2.773950100E0,7.720950603E0,-4.935000420E0
1.460543618E1,1.663050056E0,7.606950283E0,-2.922000170E0
1.460787980E1,1.977000117E0,7.666050434E0,-8.239500523E-1
1.461032295E1,3.105000257E0,7.744950294E0,-7.140000463E-1
1.461276657E1,4.431000233E0,7.573050499E0,-4.444050312E0
1.461520971E1,4.740000248E0,7.410000324E0,-8.176950455E0
1.461765332E1,4.495950222E0,8.332050323E0,-9.448050499E0
1.462009671E1,3.799050093E0,8.811000824E0,-7.927950382E0
1.462254009E1,3.499950171E0,8.835000038E0,-5.187000275E0
1.462498348E1,3.028050184E0,8.944950104E0,-2.875950098E0
1.462742686E1,2.571000099E0,8.470950127E0,-2.170050144E0
1.462987025E1,2.653950214E0,8.320050240E0,-3.144000053E0
1.463231363E1,4.189050198E0,7.420050144E0,-4.710000038E0
1.463475702E1,4.654050350E0,7.117950439E0,-6.445950508E0
1.463720048E1,3.114000082E0,7.717050552E0,-5.917050362E0
1.463964388E1,3.054000139E0,8.113950729E0,-4.080000401E0
1.464208727E1,2.809950113E0,8.386950493E0,-2.080950022E0
1.464453065E1,2.251950026E0,8.241000175E0,-1.267050028E0
1.464697404E1,2.578050137E0,8.008950233E0,-2.320950031E0
1.464941742E1,4.227000237E0,7.611000538E0,-5.440050125E0
1.465186080E1,4.972050190E0,7.594950199E0,-7.513950348E0
1.465430419E1,3.787050247E0,8.088000298E0,-6.700050354E0
1.465674780E1,2.860050201E0,8.587950706E0,-4.774950027E0
1.465919119E1,2.680950165E0,8.908950806E0,-2.457000017E0
1.466163458E1,2.857950211E0,8.908950806E0,-1.617000103E0
1.466407796E1,2.434050083E0,8.677050591E0,-2.263050079E0
1.466652135E1,2.475000143E0,8.350950241E0,-3.415050268E0
1.466896473E1,3.796950102E0,7.894050598E0,-4.570950031E0
1.467140812E1,3.856050253E0,8.004000664E0,-5.095950127E0
1.467385150E1,2.769000053E0,8.044950485E0,-4.317000389E0
1.467629489E1,1.957950115E0,7.807950497E0,-2.514000177E0
1.467873827E1,1.692000031E0,7.984950542E0,-3.190500140E-1
1.468118165E1,1.654050112E0,8.191050529E0,9.705000371E-2
1.468362505E1,2.863050222E0,7.779000282E0,-2.179050207E0
1.468606851E1,4.129050255E0,7.354950428E0,-5.557950497E0
1.468851182E1,3.694050074E0,8.052000046E0,-6.505950451E0
1.469095528E1,3.052050114E0,8.847000122E0,-5.728050232E0
1.469339867E1,2.989950180E0,8.844000816E0,-4.729050159E0
1.469584205E1,2.880000114E0,9.024000168E0,-3.513000250E0
1.469828544E1,2.259000063E0,8.727000237E0,-2.509950161E0
1.470072882E1,1.986000061E0,8.404050827E0,-1.975950122E0
1.470317221E1,2.452950001E0,8.124000549E0,-2.755950212E0
1.470561559E1,3.631050110E0,7.116000175E0,-4.144950390E0
1.470805919E1,3.532950163E0,7.020000458E0,-5.023950100E0
1.471050257E1,2.179949999E0,7.318950176E0,-4.236000061E0
1.471294596E1,2.665950060E0,7.599000454E0,-2.656050205E0
1.471538934E1,2.227950096E0,8.196000099E0,-1.744050026E0
1.471783273E1,1.705950022E0,7.927050591E0,-1.978050113E0
1.472027610E1,1.876050115E0,7.705050468E0,-3.271050215E0
1.472271949E1,2.559000015E0,7.723950386E0,-4.891950130E0
1.472516287E1,2.992050171E0,7.717050552E0,-5.404050350E0
1.472760633E1,2.701950073E0,7.978050232E0,-4.801050186E0
1.473004972E1,2.530050039E0,8.263050079E0,-3.645000219E0
1.473249310E1,2.455950022E0,8.332050323E0,-2.869050026E0
1.473493649E1,2.161050081E0,8.148000717E0,-2.833050251E0
1.473737987E1,1.960050106E0,7.939050198E0,-3.388050079E0
1.473982326E1,1.905000091E0,7.939050198E0,-3.939000130E0
1.474226664E1,2.427000046E0,7.777050495E0,-4.284000397E0
1.474471003E1,3.093000174E0,7.429050446E0,-4.416000366E0
1.474715341E1,2.686050177E0,7.285950184E0,-4.059000015E0
1.474959680E1,1.630050063E0,7.495950222E0,-3.472050190E0
1.475204018E1,1.390050054E0,7.635000229E0,-2.256000042E0
1.475448357E1,1.522050023E0,7.599000454E0,-1.885050058E0
1.475692694E1,2.323950052E0,7.470000267E0,-3.193950176E0
1.475937033E1,3.124050140E0,7.627950191E0,-5.421000481E0
1.476181394E1,3.346050262E0,7.779000282E0,-7.066050529E0
1.476425733E1,3.682050228E0,8.004000664E0,-6.987000465E0
1.476670071E1,3.576000214E0,8.550000191E0,-6.336000443E0
1.476914412E1,3.013950109E0,8.739000320E0,-5.526000500E0
1.477158750E1,2.449050188E0,8.473050117E0,-4.380000114E0
1.477403089E1,2.188050032E0,8.401050568E0,-3.762000084E0
1.477647427E1,1.974000096E0,8.059050560E0,-4.375050068E0
1.477891766E1,2.755050182E0,7.495950222E0,-5.509950161E0
1.478136110E1,3.562050104E0,7.113000393E0,-6.436050415E0
1.478380449E1,2.524950027E0,7.678050518E0,-5.797050476E0
1.478624787E1,2.713950157E0,8.277000427E0,-4.462950230E0
1.478869126E1,2.334000111E0,9.037950516E0,-3.460050106E0
1.479113466E1,1.989000082E0,9.072000504E0,-3.640050173E0
1.479357804E1,1.776000142E0,8.907000542E0,-4.794000149E0
1.479602143E1,2.185050011E0,8.919000626E0,-6.151050091E0
1.479846481E1,3.076050043E0,8.883000374E0,-6.762000084E0
1.480090819E1,3.078000069E0,9.034049988E0,-6.192000389E0
1.480335183E1,2.559000015E0,9.120000839E0,-5.284950256E0
1.480579521E1,2.230950117E0,9.369000435E0,-4.351050377E0
1.480823860E1,2.422049999E0,9.574950218E0,-4.320000172E0
1.481068198E1,1.897950053E0,9.406949997E0,-4.549950123E0
1.481312537E1,1.633950114E0,9.084000587E0,-3.712050200E0
1.481556852E1,1.453050017E0,9.262950897E0,-5.050050259E0
1.481801213E1,2.334000111E0,9.225000381E0,-4.999950409E0
1.482045552E1,2.595000029E0,8.773050308E0,-4.882050037E0
1.482289891E1,1.255950093E0,8.512050629E0,-4.416000366E0
1.482534229E1,6.979500055E-1,8.313000679E0,-2.779950142E0
1.482778566E1,8.850000501E-1,8.064000130E0,-1.666950107E0
1.483022905E1,2.034000158E0,8.071050644E0,-2.232000113E0
1.483267243E1,3.294000149E0,7.999050617E0,-4.978050232E0
1.483511589E1,3.520950079E0,8.101950645E0,-6.937050343E0
1.483755928E1,3.343950272E0,8.689050674E0,-7.435050488E0
1.484000265E1,3.006000042E0,8.943000793E0,-7.030050278E0
1.484244603E1,2.812050104E0,9.040950775E0,-5.569950104E0
1.484488942E1,2.322000027E0,8.746050835E0,-2.866050243E0
1.484733280E1,1.627050042E0,8.755949974E0,-4.066050053E0
1.484977618E1,1.429050088E0,8.326950073E0,-5.742000103E0
1.485221955E1,2.341050148E0,7.540050507E0,-5.886000156E0
1.485466317E1,2.619000196E0,7.105950356E0,-5.862000465E0
1.485710656E1,1.644000053E0,7.437000275E0,-3.939000130E0
1.485954994E1,1.599000096E0,8.112000465E0,-2.854050159E0
1.486199332E1,1.198950052E0,8.667000771E0,-2.620050192E0
1.486443671E1,1.009950042E0,8.638050079E0,-2.754000187E0
1.486688009E1,9.259500504E-1,8.302950859E0,-3.609000206E0
1.486932348E1,1.872000098E0,8.161950111E0,-4.734000206E0
1.487176686E1,2.932050228E0,7.968000412E0,-5.686950207E0
1.487421025E1,2.869950056E0,8.035050392E0,-5.610000134E0
1.487665362E1,1.579050064E0,8.095050812E0,-4.735949993E0
1.487909700E1,1.888050079E0,8.133000374E0,-3.508050203E0
1.488154038E1,2.560950041E0,8.064000130E0,-3.108000040E0
1.488398385E1,1.897950053E0,8.077950478E0,-3.934050083E0
1.488642723E1,1.423950076E0,8.409000397E0,-4.542000294E0
1.488887062E1,1.426050067E0,8.461050034E0,-5.011950016E0
1.489131400E1,2.142000198E0,8.338950157E0,-5.371050358E0
1.489375739E1,1.800000072E0,7.981950283E0,-5.404050350E0
1.489620077E1,1.012050033E0,7.365000248E0,-4.509000301E0
1.489864416E1,4.489500225E-1,7.294950485E0,-2.529000044E0
1.490108754E1,1.156050086E0,7.149000168E0,-1.248000026E0
1.490353092E1,2.707050085E0,6.961950302E0,-2.269950151E0
1.490597454E1,3.496950150E0,7.252050400E0,-4.839000225E0
1.490841792E1,3.736950159E0,7.444050312E0,-7.167000294E0
1.491086131E1,3.475950241E0,8.173950195E0,-7.468050480E0
1.491330469E1,2.920050144E0,8.743950844E0,-6.958050251E0
1.491574808E1,2.370000124E0,9.136950493E0,-5.353950024E0
1.491819146E1,1.993950129E0,9.069000244E0,-3.939000130E0
1.492063485E1,1.645950079E0,8.539950371E0,-3.489000082E0
1.492307823E1,2.476950169E0,7.900950432E0,-4.297950268E0
1.492552169E1,3.433050156E0,7.267050266E0,-5.656050205E0
1.492796508E1,2.875050068E0,7.264050484E0,-6.369000435E0
1.493040846E1,2.178000212E0,7.827000141E0,-5.353950024E0
1.493285185E1,2.013000011E0,8.458950043E0,-3.733050108E0
1.493529521E1,1.909950137E0,9.124950409E0,-2.653050184E0
1.493773860E1,2.014950037E0,8.908950806E0,-2.835000038E0
1.494018198E1,2.800950050E0,8.533050537E0,-4.546950340E0
1.494262537E1,3.949950218E0,8.337000847E0,-6.408000469E0
1.494506875E1,4.432950020E0,8.236050606E0,-7.297950268E0
1.494751213E1,3.718050241E0,8.418000221E0,-6.376050472E0
1.494995551E1,2.353049994E0,9.004950523E0,-4.542000294E0
1.495239890E1,2.668950081E0,9.052950859E0,-2.704050064E0
1.495484228E1,2.982000113E0,9.237000465E0,-2.991000175E0
1.495728567E1,2.061000109E0,9.289950371E0,-3.925050259E0
1.495972904E1,1.831050038E0,9.213000298E0,-4.803000450E0
1.496217266E1,2.416950226E0,9.238950729E0,-5.040000439E0
1.496461605E1,2.889000177E0,9.157950401E0,-4.416000366E0
1.496705943E1,2.065050125E0,8.739000320E0,-3.601050138E0
1.496950281E1,1.182000041E0,8.428050041E0,-2.380050182E0
1.497194620E1,9.139500260E-1,8.039999962E0,-7.759500146E-1
1.497438958E1,1.588950038E0,7.863000393E0,-1.150050044E0
1.497683297E1,3.088050127E0,7.939050198E0,-3.010050058E0
1.497927635E1,4.321050167E0,7.377000332E0,-5.380050182E0
1.498171981E1,4.138950348E0,7.896000385E0,-6.481950283E0
1.498416319E1,3.744000196E0,8.686050415E0,-6.772050381E0
1.498660657E1,3.157050133E0,8.822999954E0,-6.244950294E0
1.498904995E1,2.614050150E0,8.947050095E0,-4.606950283E0
1.499149334E1,2.164050102E0,8.719950676E0,-2.862000227E0
1.499393672E1,1.917000055E0,8.413050652E0,-2.584050179E0
1.499638010E1,1.795050144E0,7.705050468E0,-3.300000191E0
1.499882349E1,2.461050034E0,6.903000355E0,-4.738950253E0
1.500126687E1,2.568000078E0,6.751950264E0,-5.373000145E0
1.500371026E1,1.918950081E0,7.120950222E0,-4.260000229E0
1.500615387E1,1.978950143E0,7.816950321E0,-2.734950066E0
1.500859726E1,1.608000040E0,8.350950241E0,-1.902000070E0
1.501104064E1,1.450050116E0,8.266950607E0,-1.911000133E0
1.501348403E1,1.998000145E0,7.720950603E0,-3.072000027E0
1.501592741E1,3.286950111E0,7.753050327E0,-4.765050411E0
1.501837080E1,4.323000431E0,7.516050339E0,-6.156000137E0
1.502081418E1,3.454050064E0,7.753050327E0,-6.046050072E0
1.502325756E1,2.155950069E0,8.368050575E0,-4.222050190E0
1.502570094E1,2.383949995E0,8.377950668E0,-2.617050171E0
1.502814433E1,2.881950140E0,8.301000595E0,-2.353950024E0
1.503058771E1,2.058000088E0,8.497050285E0,-3.180000067E0
1.503303111E1,1.443000078E0,8.433000565E0,-4.159049988E0
1.503547457E1,1.587000132E0,8.512050629E0,-4.465950012E0
1.503791796E1,2.271000147E0,8.284049988E0,-4.356000423E0
1.504036134E1,2.346000195E0,7.828950405E0,-3.754950285E0
1.504280473E1,1.657950044E0,7.744950294E0,-3.076950073E0
1.504524811E1,1.692000031E0,7.858050346E0,-2.260950089E0
1.504769149E1,2.286000013E0,7.618950367E0,-2.637000084E0
1.505013488E1,3.136050224E0,7.534950256E0,-3.634950161E0
1.505257849E1,3.916050196E0,7.417050362E0,-5.203050137E0
1.505502165E1,4.195950031E0,7.429050446E0,-6.379050255E0
1.505746526E1,4.279950142E0,7.956000328E0,-6.160950184E0
1.505990865E1,4.041000366E0,8.171999931E0,-5.847000122E0
1.506235203E1,3.469050169E0,8.425050735E0,-4.930050373E0
1.506479542E1,2.980050087E0,8.518950462E0,-3.879000187E0
1.506723880E1,2.542050123E0,8.290950775E0,-3.369000196E0
1.506968220E1,2.698050022E0,7.932000160E0,-3.745050192E0
1.507212559E1,3.478050232E0,7.633050442E0,-4.483050346E0
1.507456897E1,3.475950241E0,7.744950294E0,-5.233950138E0
1.507701236E1,2.523000002E0,7.972950459E0,-4.914000034E0
1.507945582E1,2.512950182E0,8.332050323E0,-3.604050159E0
1.508189913E1,2.479950190E0,8.718000412E0,-2.365950108E0
1.508434259E1,2.491950035E0,8.815950394E0,-2.376000166E0
1.508678597E1,3.061050177E0,8.193000793E0,-4.059000015E0
1.508922936E1,3.898950100E0,8.005949974E0,-5.974050522E0
1.509167276E1,4.381050110E0,8.241000175E0,-6.733050346E0
1.509411614E1,4.105050087E0,8.290950775E0,-5.797050476E0
1.509655953E1,3.511950254E0,8.743950844E0,-3.679950237E0
1.509900291E1,3.030000210E0,9.016950607E0,-2.617050171E0
1.510144629E1,3.169050217E0,9.117000580E0,-2.895000219E0
1.510388968E1,3.076050043E0,8.940000534E0,-4.186050415E0
1.510633329E1,2.182950020E0,8.908950806E0,-4.935000420E0
1.510877668E1,2.452950001E0,8.718000412E0,-4.171050072E0
1.511122006E1,3.010950089E0,8.749050140E0,-2.790000200E0
1.511366345E1,2.829000235E0,8.634000778E0,-2.281949997E0
1.511610683E1,2.422049999E0,8.617050171E0,-2.455050230E0
1.511855021E1,2.097000122E0,8.871000290E0,-2.874000072E0
1.512099360E1,1.986000061E0,8.690999985E0,-3.193950176E0
1.512343698E1,2.058000088E0,8.239050865E0,-3.525000095E0
1.512588044E1,2.647050142E0,7.956000328E0,-3.742950201E0
1.512832375E1,3.550050259E0,7.918050289E0,-4.080000401E0
1.513076721E1,4.085999966E0,8.076000214E0,-4.083000183E0
1.513321052E1,4.137000084E0,8.368050575E0,-4.363049984E0
1.513565398E1,4.024050236E0,8.346000671E0,-4.926000118E0
1.513809737E1,3.757950068E0,8.587950706E0,-5.086050034E0
1.514054075E1,3.129000187E0,8.466000557E0,-4.019999981E0
1.514298414E1,3.013950109E0,7.996950150E0,-3.130050182E0
1.514542752E1,3.283950090E0,7.384050369E0,-3.123000145E0
1.514787091E1,3.547950268E0,6.927000523E0,-3.343050241E0
1.515031429E1,4.120050430E0,6.667950153E0,-4.108950138E0
1.515275789E1,3.475950241E0,6.742050171E0,-4.861050129E0
1.515520105E1,2.812050104E0,7.243050575E0,-4.261950016E0
1.515764466E1,3.220050097E0,7.804950237E0,-3.337950230E0
1.516008805E1,2.949000120E0,8.176050186E0,-3.748050213E0
1.516253144E1,2.865000248E0,7.906050205E0,-2.871000051E0
1.516497482E1,2.851050138E0,7.899000168E0,-2.814000130E0
1.516741820E1,3.400950193E0,7.882050514E0,-4.132950306E0
1.516986159E1,4.366050243E0,7.698000431E0,-4.987950325E0
1.517230497E1,3.873000145E0,7.879950523E0,-5.242050171E0
1.517474836E1,3.331950188E0,8.076000214E0,-4.128000259E0
1.517719178E1,3.492000103E0,8.089950562E0,-3.036000252E0
1.517963524E1,3.661950111E0,8.200050354E0,-2.782950163E0
1.518207862E1,3.049950123E0,8.269950867E0,-3.250050068E0
1.518452201E1,2.568000078E0,8.169000626E0,-3.487050056E0
1.518696539E1,3.603000164E0,7.855950356E0,-3.379050255E0
1.518940876E1,4.239000320E0,7.810050488E0,-3.642000198E0
1.519185215E1,3.412950277E0,8.112000465E0,-3.775950193E0
1.519429553E1,2.973000050E0,8.002050400E0,-3.633000135E0
1.519673892E1,2.580000162E0,7.992000580E0,-3.409950256E0
1.519918230E1,2.638050079E0,7.960950375E0,-2.638950109E0
1.520162568E1,3.423000097E0,7.599000454E0,-2.778000116E0
1.520406907E1,4.648950100E0,7.336050510E0,-4.071000099E0
1.520651245E1,5.434050083E0,7.285950184E0,-5.316000462E0
1.520895584E1,5.113050461E0,7.726050377E0,-5.947950363E0
1.521139923E1,4.819050312E0,7.984950542E0,-5.562000275E0
1.521384284E1,4.477050304E0,8.338950157E0,-4.303050041E0
1.521628623E1,3.907050133E0,8.566950798E0,-2.898000240E0
1.521872961E1,3.682050228E0,8.358000755E0,-2.328000069E0
1.522117300E1,4.186950207E0,7.944000244E0,-3.348000050E0
1.522361637E1,4.636950016E0,7.462950230E0,-4.099050045E0
1.522605975E1,4.359000206E0,7.566000462E0,-4.264950275E0
1.522850314E1,3.552000284E0,7.999050617E0,-2.931000233E0
1.523094652E1,2.980050087E0,8.536050797E0,-1.552050114E0
1.523338991E1,2.764950037E0,9.141000748E0,-1.243050098E0
1.523583337E1,2.833950043E0,9.409049988E0,-2.835000038E0
1.523827676E1,3.322050095E0,9.100950241E0,-4.260000229E0
1.524072014E1,2.944050074E0,8.657999992E0,-4.813050270E0
1.524316353E1,3.037950039E0,8.478000641E0,-4.035000324E0
1.524560691E1,3.685950279E0,8.863950729E0,-2.634000063E0
1.524805029E1,4.290000439E0,8.559000015E0,-1.930050135E0
1.525049368E1,4.510050297E0,8.346000671E0,-1.942050099E0
1.525293729E1,3.978000164E0,8.503950119E0,-2.455050230E0
1.525538068E1,3.789000273E0,8.430000305E0,-3.295050144E0
1.525782406E1,3.511950254E0,8.569050789E0,-3.544050217E0
1.526026745E1,2.953950167E0,8.116950035E0,-2.835000038E0
1.526271084E1,3.049950123E0,7.927050591E0,-1.537950039E0
1.526515422E1,3.775050163E0,7.852950573E0,-1.521000028E0
1.526759761E1,4.138950348E0,7.519950390E0,-2.329950094E0
1.527004099E1,3.343950272E0,7.599000454E0,-5.007000446E0
1.527248439E1,2.359950066E0,7.630050182E0,-3.427050114E0
1.527492778E1,2.530050039E0,7.446000576E0,-1.590000033E0
1.527737116E1,2.712000132E0,7.297950268E0,-1.060950041E0
1.527981454E1,3.648000240E0,6.855000496E0,-1.618950129E0
1.528225793E1,4.495950222E0,7.021950245E0,-3.582000256E0
1.528470130E1,5.073000431E0,6.961950302E0,-5.548050404E0
1.528714469E1,5.068050385E0,7.108950138E0,-5.965050220E0
1.528958815E1,4.684950352E0,7.288050175E0,-4.936950207E0
1.529203154E1,4.366050243E0,7.561050415E0,-3.147000074E0
1.529447492E1,3.933000088E0,7.671000481E0,-2.437950134E0
1.529691832E1,3.811050177E0,7.630050182E0,-2.493000031E0
1.529936170E1,4.117050171E0,7.147050381E0,-3.301950216E0
1.530180509E1,4.929000378E0,6.832950115E0,-4.044000149E0
1.530424847E1,4.267950058E0,7.012950420E0,-4.798950195E0
1.530669186E1,3.571050167E0,7.369950294E0,-4.507050037E0
1.530913548E1,3.829950094E0,7.590000153E0,-2.115000010E0
1.531157887E1,3.603000164E0,7.992000580E0,-1.039950013E0
1.531402225E1,3.283950090E0,8.442000389E0,-1.930050135E0
1.531646564E1,3.696000099E0,7.864950180E0,-4.389000416E0
1.531890902E1,4.407000065E0,7.836000443E0,-6.276000500E0
1.532135240E1,4.915050030E0,7.920000553E0,-6.196950436E0
1.532379579E1,4.759050369E0,7.876950264E0,-4.392000198E0
1.532623918E1,4.909950256E0,8.085000038E0,-2.802000046E0
1.532868263E1,4.560000420E0,8.217000008E0,-2.497950077E0
1.533112602E1,4.387950420E0,8.196000099E0,-3.190050125E0
1.533356942E1,4.432950020E0,8.227050781E0,-3.922050238E0
1.533601281E1,4.014000416E0,8.109000206E0,-4.332000256E0
1.533845619E1,3.789000273E0,8.085000038E0,-3.409950256E0
1.534089957E1,4.381050110E0,8.161950111E0,-2.019000053E0
1.534334296E1,4.471950054E0,8.269950867E0,-1.735950112E0
1.534578634E1,3.978000164E0,8.470950127E0,-1.993050098E0
1.534822973E1,3.267000198E0,8.614950180E0,-2.562000036E0
1.535067311E1,2.626050234E0,8.713050842E0,-3.084000111E0
1.535311650E1,2.446050167E0,8.533050537E0,-2.758950233E0
1.535555988E1,3.543000221E0,8.065950394E0,-2.790000200E0
1.535800328E1,5.070000172E0,8.101950645E0,-3.388050079E0
1.536044666E1,5.592000484E0,8.284049988E0,-3.633000135E0
1.536289028E1,5.262000084E0,8.196000099E0,-4.120950222E0
1.536533367E1,4.819050312E0,8.911050797E0,-4.498950005E0
1.536777705E1,4.386000156E0,9.069000244E0,-4.765050411E0
1.537022040E1,3.478050232E0,9.055050850E0,-4.111050129E0
1.537266378E1,3.373050213E0,8.832000732E0,-2.922000170E0
1.537510717E1,3.624000072E0,8.239050865E0,-2.634000063E0
1.537755055E1,4.375950336E0,7.666050434E0,-2.818950176E0
1.537999394E1,4.408950329E0,7.348050117E0,-3.265950203E0
1.538243741E1,3.355950117E0,7.543950558E0,-3.538950205E0
1.538488080E1,3.160050154E0,8.002050400E0,-2.905050039E0
1.538732418E1,3.126000166E0,8.497050285E0,-2.395050049E0
1.538976757E1,2.688000202E0,8.956950188E0,-2.014050007E0
1.539221096E1,2.403000116E0,8.377950668E0,-2.601000071E0
1.539465434E1,3.049950123E0,8.188050270E0,-3.333000183E0
1.539709773E1,3.672000170E0,8.148000717E0,-4.437000275E0
1.539954111E1,3.876000166E0,7.915050507E0,-4.497000217E0
1.540198472E1,3.679050207E0,7.816950321E0,-3.538950205E0
1.540442787E1,3.373050213E0,7.987050533E0,-2.815950155E0
1.540687149E1,3.579000235E0,8.029950142E0,-2.742000103E0
1.540931487E1,3.220050097E0,8.059050560E0,-3.103050232E0
1.541175826E1,2.980050087E0,7.810050488E0,-3.331050158E0
1.541420164E1,2.860050201E0,7.698000431E0,-3.028950214E0
1.541664503E1,2.941950083E0,7.558950424E0,-2.791950226E0
1.541908841E1,3.876000166E0,7.506000519E0,-2.797050238E0
1.542153180E1,3.627000093E0,7.104000568E0,-3.513000250E0
1.542397518E1,2.902950048E0,7.177950382E0,-3.678000212E0
1.542641856E1,2.305050135E0,7.365000248E0,-3.124950171E0
1.542886194E1,2.403000116E0,7.165950298E0,-2.673000097E0
1.543130533E1,3.100050211E0,6.864000320E0,-2.767950058E0
1.543374871E1,3.864000082E0,6.831000328E0,-3.292950153E0
1.543619217E1,4.812000275E0,6.751950264E0,-4.462950230E0
1.543863556E1,5.230950356E0,6.712950230E0,-5.620050430E0
1.544107894E1,5.118000031E0,7.195050240E0,-5.838000298E0
1.544352233E1,4.615050316E0,7.528050423E0,-5.206050396E0
1.544596571E1,4.144050121E0,7.783950329E0,-3.871950150E0
1.544840910E1,3.856050253E0,7.839000225E0,-2.931000233E0
1.545085248E1,3.799050093E0,7.623000145E0,-3.144000053E0
1.545329584E1,4.407000065E0,7.096950531E0,-3.793050289E0
1.545573945E1,4.692000389E0,6.852000237E0,-4.128000259E0
1.545818284E1,4.171950340E0,6.955050468E0,-3.429000139E0
1.546062622E1,3.490050077E0,7.477050304E0,-2.044950008E0
1.546306961E1,3.181050062E0,8.149950027E0,-1.204950094E0
1.546551298E1,2.884050131E0,8.679000854E0,-1.501950026E0
1.546795636E1,2.757000208E0,8.581050873E0,-2.785050154E0
1.547039975E1,3.157050133E0,8.381999969E0,-3.822000265E0
1.547284313E1,3.760950089E0,8.337000847E0,-4.377000332E0
1.547528651E1,4.231950283E0,8.524050713E0,-3.915000200E0
1.547772990E1,4.584000111E0,8.707950592E0,-2.898000240E0
1.548017336E1,4.552950382E0,8.923050880E0,-2.191050053E0
1.548261667E1,3.691050291E0,9.096000671E0,-2.004000187E0
1.548506013E1,3.753000259E0,8.964000702E0,-2.421000004E0
1.548750350E1,4.218000412E0,8.902050018E0,-3.379050255E0
1.548994688E1,3.484950066E0,8.695950508E0,-3.606000185E0
1.549239027E1,3.567000151E0,8.203050613E0,-2.926050186E0
1.549483365E1,4.102950096E0,8.196000099E0,-2.056950092E0
1.549727704E1,4.327950001E0,8.296050072E0,-1.558950067E0
1.549972042E1,3.873000145E0,8.224050522E0,-2.167050123E0
1.550216380E1,3.279000044E0,8.176050186E0,-2.758950233E0
1.550460718E1,2.982000113E0,8.184000015E0,-2.598000050E0
1.550705057E1,3.460950136E0,7.822050571E0,-2.356050014E0
1.550949418E1,4.105050087E0,7.666050434E0,-2.068950176E0
1.551193757E1,5.116050243E0,7.534950256E0,-2.785050154E0
1.551438095E1,5.452950478E0,7.657050133E0,-4.456050396E0
1.551682434E1,5.116050243E0,8.112000465E0,-5.625000477E0
1.551926772E1,5.026950359E0,8.425050735E0,-5.730000496E0
1.552171111E1,4.426050186E0,8.707950592E0,-4.297950268E0
1.552415448E1,3.877950191E0,8.667000771E0,-2.821050167E0
1.552659786E1,3.667050123E0,8.437050819E0,-2.494950056E0
1.552904132E1,3.837000132E0,7.963050365E0,-3.355050087E0
1.553148471E1,4.210950375E0,7.258950233E0,-4.404000282E0
1.553392809E1,4.009950161E0,7.237950325E0,-4.677000046E0
1.553637149E1,3.388950109E0,7.573050499E0,-3.573000193E0
1.553881488E1,3.100050211E0,7.959000587E0,-2.052000046E0
1.554125826E1,3.246000051E0,8.554950714E0,-1.152000070E0
1.554370165E1,3.088050127E0,8.764950752E0,-2.088000059E0
1.554614503E1,2.937000036E0,8.641050339E0,-4.030050278E0
1.554858840E1,3.174000263E0,8.518950462E0,-5.572050095E0
1.555103178E1,3.229050159E0,8.299050331E0,-5.814000130E0
1.555347517E1,3.856050253E0,8.265000343E0,-4.111050129E0
1.555591855E1,3.961950302E0,8.193000793E0,-2.103000164E0
1.555836217E1,3.756000280E0,8.230950356E0,-1.480050087E0
1.556080532E1,3.712950230E0,8.373000145E0,-2.389950037E0
1.556324894E1,3.616950274E0,8.265000343E0,-4.231050014E0
1.556569232E1,3.078000069E0,8.346000671E0,-4.999950409E0
1.556813571E1,2.595000029E0,8.370000839E0,-4.144950390E0
1.557057909E1,3.057000160E0,8.100000381E0,-2.308950186E0
1.557302248E1,3.595050097E0,8.176050186E0,-1.516050100E0
1.557546587E1,3.600000143E0,8.089950562E0,-2.047950029E0
1.557790925E1,3.267000198E0,7.840950489E0,-3.685050249E0
1.558035264E1,2.410050154E0,7.810050488E0,-4.468050003E0
1.558279602E1,1.608000040E0,7.882050514E0,-3.733050108E0
1.558523948E1,1.843050122E0,7.396050453E0,-2.560050011E0
1.558768286E1,2.925000191E0,7.255050182E0,-1.320000052E0
1.559012625E1,3.664950132E0,7.233000278E0,-1.582950115E0
1.559256963E1,4.261050224E0,7.077000141E0,-3.682950258E0
1.559501302E1,4.711050034E0,7.522950172E0,-6.007950306E0
1.559745641E1,4.153050423E0,7.840950489E0,-6.601950169E0
1.559989980E1,3.279000044E0,8.389050484E0,-4.866000175E0
1.560234341E1,2.977950096E0,8.302950859E0,-2.389950037E0
1.560478680E1,2.724000216E0,8.097000122E0,-1.642950058E0
1.560723018E1,2.821950197E0,7.884000301E0,-2.185950041E0
1.560967358E1,3.757950068E0,7.081950188E0,-3.307050228E0
1.561211696E1,4.101000309E0,6.694050312E0,-4.831950188E0
1.561456035E1,3.331950188E0,7.053000450E0,-4.416000366E0
1.561700373E1,2.935050249E0,7.639950275E0,-2.866050243E0
1.561944712E1,2.556000233E0,8.650050163E0,-1.549950123E0
1.562189050E1,2.104050159E0,8.950050354E0,-1.843950033E0
1.562433388E1,2.143949986E0,8.811000824E0,-3.304950237E0
1.562677727E1,2.707050085E0,8.488050461E0,-5.011950016E0
1.562922065E1,3.496950150E0,8.176050186E0,-5.497950077E0
1.563166404E1,3.916050196E0,8.133000374E0,-4.677000046E0
1.563410742E1,3.634050131E0,8.344050407E0,-3.051000118E0
1.563655081E1,3.598050117E0,8.338950157E0,-2.368050098E0
1.563899419E1,3.670050144E0,8.308050156E0,-2.662950039E0
1.564143765E1,3.697950125E0,8.332050323E0,-3.838950157E0
1.564388105E1,3.097050190E0,8.473050117E0,-4.522950172E0
1.564632444E1,3.330000162E0,8.257950783E0,-3.952950239E0
1.564876782E1,4.201050282E0,8.305950165E0,-3.297000170E0
1.565121121E1,4.072050095E0,8.334000587E0,-3.331050158E0
1.565365459E1,3.646050215E0,7.900950432E0,-4.006050110E0
1.565609798E1,2.632950068E0,7.903050423E0,-4.150050163E0
1.565854159E1,1.906950116E0,7.999050617E0,-3.393000126E0
1.566098498E1,1.977000117E0,7.693050385E0,-2.437950134E0
1.566342836E1,3.151950121E0,7.450950146E0,-2.040000200E0
1.566587175E1,3.910950184E0,7.738050461E0,-2.980950117E0
1.566831513E1,4.965000153E0,7.765050411E0,-5.167050362E0
1.567075852E1,5.299950123E0,8.599950790E0,-7.293000221E0
1.567320190E1,4.290000439E0,8.977950096E0,-7.978050232E0
1.567564529E1,3.327000141E0,9.093000412E0,-5.823000431E0
1.567808867E1,2.812050104E0,9.115050316E0,-2.833050251E0
1.568053213E1,2.721000195E0,8.797050476E0,-1.690950036E0
1.568297552E1,3.406050205E0,8.197950363E0,-2.481000185E0
1.568541890E1,4.587000370E0,7.288050175E0,-3.781050205E0
1.568786229E1,4.275000095E0,7.341000557E0,-5.080950260E0
1.569030567E1,3.490050077E0,7.927050591E0,-4.207050323E0
1.569274906E1,2.827050209E0,8.689050674E0,-2.296950102E0
1.569519244E1,2.247000217E0,9.546000481E0,-1.120950103E0
1.569763582E1,1.788000107E0,9.714000702E0,-1.827000141E0
1.570007921E1,2.185050011E0,9.397050858E0,-3.099000216E0
1.570252259E1,2.736000061E0,8.859000206E0,-4.911000252E0
1.570496598E1,3.552000284E0,8.749050140E0,-5.308950424E0
1.570740936E1,4.006950378E0,8.952000618E0,-4.532999992E0
1.570985275E1,3.648000240E0,8.533050537E0,-3.760050297E0
1.571229613E1,3.535950184E0,8.695950508E0,-3.106050253E0
1.571473975E1,3.769950151E0,8.437050819E0,-3.313950062E0
1.571718315E1,3.661950111E0,8.314949989E0,-3.622950077E0
1.571962653E1,3.318000078E0,8.217000008E0,-4.039950371E0
1.572206992E1,3.181050062E0,8.038050652E0,-3.739950180E0
1.572451330E1,3.559050083E0,7.927050591E0,-3.229950190E0
1.572695668E1,3.787050247E0,7.860000610E0,-3.135000229E0
1.572940006E1,3.346050262E0,7.732950211E0,-3.214050055E0
1.573184344E1,2.659050226E0,7.710000515E0,-3.229950190E0
1.573428690E1,2.152050018E0,7.923000336E0,-3.289950132E0
1.573673021E1,1.888050079E0,8.071050644E0,-3.271050215E0
1.573917367E1,1.939050078E0,8.064000130E0,-3.199050188E0
1.574161706E1,2.733000040E0,8.008950233E0,-3.520050049E0
1.574406044E1,3.861000299E0,8.072999954E0,-4.320000172E0
1.574650382E1,4.026000023E0,8.204999924E0,-5.431050301E0
1.574894721E1,4.098000050E0,8.329950333E0,-6.220950127E0
1.575139059E1,3.844050169E0,8.179050446E0,-5.764050484E0
1.575383398E1,3.222000122E0,7.924950600E0,-4.582950115E0
1.575627736E1,3.150000095E0,7.948950291E0,-3.196950197E0
1.575872075E1,3.205050230E0,7.633050442E0,-3.148950100E0
1.576116436E1,3.673950195E0,7.099050522E0,-3.505950212E0
1.576360753E1,4.113000393E0,6.907050133E0,-4.080000401E0
1.576605114E1,3.519000053E0,7.153950214E0,-4.408050060E0
1.576849453E1,2.721000195E0,7.621050358E0,-3.592050076E0
1.577093792E1,2.982000113E0,8.236050606E0,-2.335050106E0
1.577338130E1,2.520000219E0,8.622000694E0,-2.488050222E0
1.577582470E1,2.068050146E0,8.827950478E0,-3.661050081E0
1.577826808E1,2.676000118E0,8.746050835E0,-5.176950455E0
1.578071147E1,3.397050142E0,8.607000351E0,-6.180000305E0
1.578315485E1,3.282000065E0,8.761050224E0,-4.687950134E0
1.578559824E1,3.868050098E0,8.545050621E0,-3.417000055E0
1.578804160E1,3.679050207E0,8.434950829E0,-3.012000084E0
1.579048506E1,3.864000082E0,8.524050713E0,-3.601050138E0
1.579292845E1,3.931050301E0,8.506950378E0,-4.936950207E0
1.579537183E1,3.378000259E0,8.871000290E0,-5.008950233E0
1.579781522E1,2.749950171E0,8.776950836E0,-3.802950144E0
1.580025859E1,3.064050198E0,8.713050842E0,-1.594950080E0
1.580270197E1,3.223950148E0,9.069000244E0,-6.570000052E-1
1.580514536E1,3.661950111E0,9.012000084E0,-2.131050110E0
1.580758897E1,3.556950092E0,8.749050140E0,-3.994050264E0
1.581003213E1,2.479950190E0,8.863950729E0,-4.501950264E0
1.581247573E1,1.744950056E0,9.081000328E0,-2.983950138E0
1.581491888E1,1.498050094E0,8.827950478E0,-1.662000060E0
1.581736250E1,2.155950069E0,8.923050880E0,-1.336050034E0
1.581980588E1,3.825000286E0,9.024000168E0,-2.656050205E0
1.582224927E1,4.849950314E0,9.237000465E0,-4.969050407E0
1.582469265E1,4.531949997E0,9.429000854E0,-6.439050198E0
1.582713604E1,3.555000067E0,9.790050507E0,-6.847950459E0
1.582957942E1,2.950950146E0,9.733050346E0,-5.506950378E0
1.583202281E1,2.836050034E0,9.445050240E0,-3.610950232E0
1.583446619E1,2.863050222E0,8.854050636E0,-2.637000084E0
1.583690957E1,3.430050135E0,8.038050652E0,-3.108000040E0
1.583935303E1,3.876000166E0,7.549050331E0,-4.332000256E0
1.584179634E1,3.411000252E0,7.654050350E0,-4.990050316E0
1.584423980E1,2.520000219E0,7.947000504E0,-4.465950012E0
1.584668319E1,2.110949993E0,8.485050201E0,-3.381000042E0
1.584912657E1,2.017950058E0,8.770050049E0,-2.881050110E0
1.585156995E1,1.909950137E0,8.914050102E0,-3.253950119E0
1.585401334E1,2.113049984E0,8.290950775E0,-4.281000137E0
1.585645672E1,2.989950180E0,7.693050385E0,-5.020950317E0
1.585890011E1,3.433050156E0,7.663950443E0,-5.293950081E0
1.586134351E1,3.591000080E0,7.585050583E0,-5.128950119E0
1.586378712E1,3.880050182E0,7.128000259E0,-4.735949993E0
1.586623051E1,4.093050003E0,6.603000164E0,-3.874050140E0
1.586867389E1,4.342050076E0,6.390000343E0,-3.814950228E0
1.587111728E1,4.534049988E0,6.766050339E0,-4.249950409E0
1.587356066E1,3.388950109E0,6.607950211E0,-4.813050270E0
1.587600404E1,2.568000078E0,7.081950188E0,-4.273950100E0
1.587844743E1,2.608950138E0,7.540050507E0,-3.609000206E0
1.588089081E1,2.638050079E0,7.686000347E0,-3.015000105E0
1.588333420E1,2.488950014E0,7.384050369E0,-3.075000048E0
1.588577766E1,1.881000042E0,7.372050285E0,-3.610950232E0
1.588822097E1,1.464000106E0,7.446000576E0,-3.604050159E0
1.589066443E1,1.408950090E0,7.285950184E0,-3.300000191E0
1.589310774E1,2.398050070E0,6.927000523E0,-3.489000082E0
1.589555118E1,3.793950081E0,6.792000294E0,-4.365000248E0
1.589799457E1,4.017000198E0,7.446000576E0,-5.208000183E0
1.590043795E1,4.266000271E0,7.618950367E0,-5.389950275E0
1.590288134E1,3.792000294E0,8.140049934E0,-5.325000286E0
1.590532472E1,3.030000210E0,8.583000183E0,-4.285950184E0
1.590776809E1,3.223950148E0,8.485050201E0,-3.178050041E0
1.591021148E1,3.661950111E0,8.026050568E0,-2.995950222E0
1.591265486E1,4.165050030E0,7.326000214E0,-3.238050222E0
1.591509825E1,4.361999989E0,7.326000214E0,-3.787950277E0
1.591754186E1,4.126950264E0,7.570950508E0,-4.425000191E0
1.591998502E1,3.330000162E0,7.996950150E0,-4.384050369E0
1.592242863E1,2.890950203E0,8.706000328E0,-3.016950130E0
1.592487202E1,2.158950090E0,8.902050018E0,-2.344050169E0
1.592731540E1,1.612950087E0,9.000000000E0,-2.349000216E0
1.592975878E1,1.450050116E0,8.797050476E0,-3.091950178E0
1.593220218E1,2.410050154E0,8.362950325E0,-4.195050240E0
1.593464556E1,3.576000214E0,8.530950546E0,-5.521950245E0
1.593708894E1,3.753000259E0,8.971050262E0,-5.341950417E0
1.593953240E1,3.604950190E0,9.565050125E0,-4.552050114E0
1.594197579E1,2.941950083E0,9.867000580E0,-4.030050278E0
1.594441918E1,2.977950096E0,9.790050507E0,-3.570000172E0
1.594686257E1,3.118950129E0,9.625050545E0,-3.817050219E0
1.594930595E1,2.992050171E0,9.073950768E0,-4.339050293E0
1.595174933E1,3.622050285E0,8.454000473E0,-4.192950249E0
1.595419272E1,3.970950127E0,8.109000206E0,-3.799950123E0
1.595663608E1,4.231950283E0,7.936950207E0,-3.513000250E0
1.595907947E1,3.700950146E0,8.157000542E0,-3.606000185E0
1.596152285E1,2.572950125E0,8.722050667E0,-3.466950178E0
1.596396624E1,1.909950137E0,8.931000710E0,-3.721050262E0
1.596640962E1,1.785000086E0,8.818050385E0,-3.882000208E0
1.596885322E1,2.664000034E0,8.476050377E0,-3.967950106E0
1.597129638E1,3.223950148E0,8.193000793E0,-4.432050228E0
1.597373999E1,3.978000164E0,8.197950363E0,-4.936950207E0
1.597618338E1,4.642050266E0,8.208000183E0,-6.111000061E0
1.597862676E1,4.393050194E0,8.302950859E0,-6.369000435E0
1.598107016E1,3.837000132E0,8.260050774E0,-5.706000328E0
1.598351355E1,3.495000124E0,8.191050529E0,-4.509000301E0
1.598595693E1,3.286950111E0,8.173950195E0,-3.754950285E0
1.598840031E1,2.805000067E0,7.879950523E0,-3.973050117E0
1.599084370E1,2.973000050E0,7.341000557E0,-4.120950222E0
1.599328710E1,3.388950109E0,6.828000546E0,-4.219050407E0
1.599573056E1,3.069000244E0,6.757050514E0,-3.751950264E0
1.599817394E1,2.452950001E0,7.318950176E0,-3.039000034E0
1.600061733E1,2.118000031E0,7.927050591E0,-2.209950209E0
1.600306071E1,1.990950108E0,8.322000504E0,-2.446950197E0
1.600550411E1,1.531950116E0,8.703000069E0,-3.268950224E0
1.600794750E1,1.369050026E0,8.698050499E0,-4.449000359E0
1.601039088E1,1.801950097E0,8.338950157E0,-5.248950481E0
1.601283450E1,2.652000189E0,8.039999962E0,-5.170050144E0
1.601527788E1,3.406050205E0,7.860000610E0,-3.967950106E0
1.601772127E1,3.946950197E0,7.537050247E0,-3.307050228E0
1.602016465E1,3.325050116E0,7.765050411E0,-3.111000061E0
1.602260804E1,3.033000231E0,8.061000824E0,-3.628050089E0
1.602505142E1,3.483000278E0,7.981950283E0,-4.279050350E0
1.602749480E1,2.908050060E0,7.959000587E0,-4.300950050E0
1.602993818E1,2.695050240E0,7.815000534E0,-3.445950270E0
1.603238157E1,3.021000147E0,7.603950500E0,-2.886000156E0
1.603482495E1,3.423000097E0,7.489050388E0,-2.536050081E0
1.603726834E1,2.551050186E0,7.615950584E0,-3.010050058E0
1.603971172E1,2.821950197E0,7.816950321E0,-3.502950191E0
1.604215511E1,2.094000101E0,8.052000046E0,-3.774000168E0
1.604459849E1,1.503000021E0,8.437050819E0,-3.012000084E0
1.604704195E1,1.491000056E0,8.191050529E0,-2.301000118E0
1.604948526E1,1.825950146E0,8.071050644E0,-2.196000099E0
1.605192871E1,3.255000114E0,7.935000420E0,-2.862000227E0
1.605437209E1,4.419000149E0,7.960950375E0,-4.489950180E0
1.605681548E1,4.558050156E0,8.140049934E0,-5.755950451E0
1.605925886E1,4.108050346E0,8.464050293E0,-5.488050461E0
1.606170225E1,3.205050230E0,8.824950218E0,-4.710000038E0
1.606414564E1,3.504000187E0,8.848950386E0,-3.685050249E0
1.606658902E1,3.526050091E0,8.623950005E0,-3.288000107E0
1.606903240E1,3.226950169E0,8.137949944E0,-3.706950188E0
1.607147602E1,3.739050150E0,7.489050388E0,-4.186050415E0
1.607391941E1,3.949950218E0,7.329000473E0,-4.486950397E0
1.607636279E1,3.282000065E0,7.744950294E0,-4.387050152E0
1.607880618E1,2.476950169E0,8.266950607E0,-3.814950228E0
1.608124956E1,2.152050018E0,8.947050095E0,-3.159000158E0
1.608369294E1,2.439000130E0,9.321000099E0,-3.400050163E0
1.608613633E1,2.347950220E0,9.249000549E0,-4.602000237E0
1.608857973E1,2.458050013E0,8.803950310E0,-5.449950218E0
1.609102319E1,2.793000221E0,8.305950165E0,-5.758950233E0
1.609346657E1,3.624000072E0,8.056950569E0,-4.909050465E0
1.609590996E1,3.952050209E0,7.963050365E0,-4.156949997E0
1.609835334E1,3.877950191E0,7.987050533E0,-4.009050369E0
1.610079673E1,3.667050123E0,8.310000420E0,-4.048950195E0
1.610324011E1,3.187950134E0,8.524050713E0,-4.405950069E0
1.610568350E1,2.977950096E0,8.743950844E0,-4.839000225E0
1.610812688E1,2.688000202E0,8.713050842E0,-4.147050381E0
1.611057027E1,2.467950106E0,8.671950340E0,-3.171000242E0
1.611301365E1,2.037000179E0,8.860950470E0,-2.412000179E0
1.611545703E1,2.559000015E0,8.485050201E0,-2.656050205E0
1.611790042E1,2.761950016E0,8.482950211E0,-3.616050243E0
1.612034380E1,2.317050219E0,8.518950462E0,-4.198050022E0
1.612278719E1,1.255950093E0,8.619000435E0,-3.580050230E0
1.612523058E1,7.339500189E-1,8.322000504E0,-2.707950115E0
1.612767420E1,8.250000477E-1,8.176050186E0,-2.413950205E0
1.613011758E1,1.840050101E0,8.176050186E0,-2.754000187E0
1.613256097E1,3.511950254E0,7.875000477E0,-4.315050125E0
1.613500435E1,4.405050278E0,7.578000546E0,-6.454950333E0
1.613744773E1,4.374000072E0,7.876950264E0,-7.048950195E0
1.613989112E1,3.591000080E0,8.167050362E0,-6.028950214E0
1.614233450E1,2.737950087E0,8.193000793E0,-4.189949989E0
1.614477796E1,2.641950130E0,7.960950375E0,-2.694000244E0
1.614722135E1,2.475000143E0,7.816950321E0,-2.613000154E0
1.614966475E1,2.941950083E0,7.365000248E0,-3.541950226E0
1.615210813E1,3.616950274E0,6.643950462E0,-5.401950359E0
1.615455152E1,3.066000223E0,6.682050228E0,-6.228000164E0
1.615699490E1,2.170950174E0,7.542000294E0,-5.031000137E0
1.615943828E1,1.939050078E0,8.173950195E0,-3.027000189E0
1.616188167E1,2.032050133E0,8.629050255E0,-1.963950038E0
1.616432505E1,1.645950079E0,8.980950356E0,-2.668050051E0
1.616676844E1,1.702050090E0,8.923050880E0,-4.698000431E0
1.616921182E1,2.235000134E0,8.169000626E0,-6.103950500E0
1.617165544E1,3.235950232E0,7.812000275E0,-5.919000149E0
1.617409882E1,3.865950108E0,7.908000469E0,-4.942050457E0
1.617654221E1,3.817950249E0,8.076000214E0,-3.499050140E0
1.617898559E1,3.772950172E0,7.984950542E0,-2.902050257E0
1.618142898E1,3.744000196E0,8.064000130E0,-2.995950222E0
1.618387235E1,3.720000267E0,8.080950737E0,-4.237950325E0
1.618631573E1,3.004050255E0,8.020950317E0,-4.861050129E0
1.618875912E1,3.243000269E0,7.731000423E0,-4.468050003E0
1.619120250E1,3.760950089E0,7.288050175E0,-3.493950129E0
1.619364589E1,3.777000189E0,7.176000118E0,-3.052950144E0
1.619608927E1,3.370050192E0,7.326000214E0,-3.142050266E0
1.619853265E1,2.428950071E0,7.408050537E0,-3.172950268E0
1.620097612E1,1.708950043E0,7.741050243E0,-2.629050016E0
1.620341950E1,1.656000137E0,7.858050346E0,-2.361000061E0
1.620586289E1,2.226000071E0,7.687950134E0,-2.131050110E0
1.620830629E1,3.342000246E0,7.575000286E0,-3.039000034E0
1.621074968E1,4.599000454E0,7.528050423E0,-4.581000328E0
1.621319306E1,4.660950184E0,7.807950497E0,-5.929050446E0
1.621563644E1,3.961950302E0,8.229000092E0,-6.160950184E0
1.621807982E1,3.660000086E0,8.425050735E0,-5.373000145E0
1.622052344E1,3.492000103E0,8.524050713E0,-3.979950190E0
1.622296682E1,3.502050161E0,8.208000183E0,-2.962050200E0
1.622541021E1,3.945000172E0,7.438950539E0,-3.036000252E0
1.622785359E1,4.789950371E0,6.742050171E0,-3.930000305E0
1.623029698E1,4.708950043E0,6.883050442E0,-4.696050167E0
1.623274036E1,4.335000038E0,7.288050175E0,-4.565999985E0
1.623518375E1,3.685950279E0,7.726050377E0,-3.727950096E0
1.623762713E1,3.130950212E0,8.557050705E0,-2.482950211E0
1.624007052E1,3.178950071E0,9.081000328E0,-2.743950129E0
1.624251393E1,3.090000153E0,9.426000595E0,-4.368000031E0
1.624495731E1,2.800950050E0,9.010050774E0,-6.094050407E0
1.624740070E1,2.880000114E0,8.775000572E0,-6.316950321E0
1.624984416E1,4.006950378E0,8.767950058E0,-5.464050293E0
1.625228754E1,4.491000175E0,8.491950035E0,-4.557000160E0
1.625473093E1,4.623000145E0,8.350950241E0,-4.569000244E0
1.625717432E1,4.294950008E0,8.488050461E0,-5.244000435E0
1.625961770E1,4.407000065E0,8.880000114E0,-5.974050522E0
1.626206108E1,4.381050110E0,8.835000038E0,-6.118050098E0
1.626450448E1,3.841950178E0,8.566950798E0,-5.698950291E0
1.626694787E1,3.652950287E0,8.299050331E0,-4.669050217E0
1.626939125E1,4.716000080E0,7.935000420E0,-4.060950279E0
1.627183464E1,4.843050003E0,7.827000141E0,-4.309950352E0
1.627427802E1,4.018949986E0,7.852950573E0,-5.269950390E0
1.627672140E1,3.478050232E0,8.100000381E0,-5.941050053E0
1.627916502E1,2.572950125E0,8.634000778E0,-5.851950169E0
1.628160841E1,2.046000004E0,8.859000206E0,-4.653000355E0
1.628405179E1,2.130000114E0,8.638050079E0,-3.601050138E0
1.628649518E1,3.145050049E0,8.539950371E0,-3.706950188E0
1.628893856E1,4.728000164E0,8.308050156E0,-5.634000301E0
1.629138194E1,4.828050137E0,8.287050247E0,-7.638000488E0
1.629382540E1,4.287000179E0,8.392050743E0,-8.043000221E0
1.629626879E1,3.943050146E0,8.550000191E0,-6.942000389E0
1.629871218E1,3.688950062E0,8.682000160E0,-5.031000137E0
1.630115557E1,3.591000080E0,8.536050797E0,-3.879000187E0
1.630359895E1,3.391950130E0,8.097000122E0,-4.078050137E0
1.630604234E1,4.110000134E0,7.384050369E0,-4.762950420E0
1.630848572E1,4.156050205E0,6.979050159E0,-5.275050163E0
1.631092910E1,3.454050064E0,7.042050362E0,-4.830000401E0
1.631337248E1,2.595000029E0,7.087050438E0,-3.895950079E0
1.631581586E1,2.386050224E0,7.599000454E0,-2.365950108E0
1.631825925E1,2.869950056E0,7.780950546E0,-2.185950041E0
1.632070263E1,2.463000059E0,8.338950157E0,-3.244950056E0
1.632314602E1,2.367000103E0,8.072999954E0,-4.708050251E0
1.632558940E1,2.571000099E0,7.824000359E0,-5.356050491E0
1.632803302E1,3.576000214E0,8.011050224E0,-4.936950207E0
1.633047617E1,4.072050095E0,7.710000515E0,-4.375050068E0
1.633291978E1,3.813000202E0,7.816950321E0,-3.733050108E0
1.633536317E1,3.757950068E0,7.756950378E0,-3.670950174E0
1.633780656E1,3.492000103E0,7.999050617E0,-3.781050205E0
1.634024994E1,3.973950148E0,7.975050449E0,-4.234050274E0
1.634269333E1,3.679050207E0,7.678050518E0,-4.356000423E0
1.634513671E1,3.045000076E0,7.386000156E0,-3.625050068E0
1.634758010E1,3.262950182E0,7.129950523E0,-2.518950224E0
1.635002357E1,3.700950146E0,6.924000263E0,-2.629050016E0
1.635246696E1,3.990000248E0,6.757050514E0,-3.271050215E0
1.635491034E1,3.166950226E0,7.042050362E0,-4.344000340E0
1.635735373E1,2.359950066E0,7.396050453E0,-5.050050259E0
1.635979711E1,2.484000206E0,7.386000156E0,-3.241950035E0
1.636224051E1,2.341050148E0,6.703950405E0,-2.368050098E0
1.636468390E1,3.210000038E0,6.598950386E0,-1.411050081E0
1.636712728E1,4.041000366E0,6.766050339E0,-2.722950220E0
1.636957066E1,4.906949997E0,6.534000397E0,-5.115000248E0
1.637201428E1,4.771050453E0,6.955050468E0,-6.010050297E0
1.637445767E1,3.916050196E0,7.468050480E0,-5.649000168E0
1.637690105E1,3.856050253E0,7.570950508E0,-3.835950136E0
1.637934444E1,3.373050213E0,7.899000168E0,-2.434950113E0
1.638178782E1,3.282000065E0,7.815000534E0,-1.786950111E0
1.638423120E1,3.412950277E0,7.237950325E0,-2.320950031E0
1.638667459E1,3.463950157E0,6.892950535E0,-2.752050161E0
1.638911797E1,3.418050051E0,7.449000359E0,-3.031950235E0
1.639156136E1,3.243000269E0,7.210950375E0,-3.465000153E0
1.639400474E1,2.596950054E0,7.681050301E0,-2.842050076E0
1.639644811E1,2.290950060E0,8.715000153E0,-1.963950038E0
1.639889150E1,2.422049999E0,9.057000160E0,-2.505000114E0
1.640133488E1,2.392950058E0,9.223050117E0,-2.932950258E0
1.640377827E1,1.873950124E0,8.575950623E0,-3.694950104E0
1.640622173E1,1.942950130E0,8.348999977E0,-3.412050247E0
1.640866511E1,3.540000200E0,7.738050461E0,-3.027000189E0
1.641110850E1,4.098000050E0,7.422000408E0,-3.160950184E0
1.641355188E1,4.441050053E0,7.204050541E0,-3.396000147E0
1.641599527E1,4.843050003E0,7.321950436E0,-3.637050152E0
1.641843865E1,4.347000122E0,7.663950443E0,-3.673050165E0
1.642088204E1,4.237050056E0,7.810050488E0,-3.148950100E0
1.642332542E1,3.721950293E0,7.935000420E0,-3.118050098E0
1.642576903E1,3.010950089E0,7.824000359E0,-2.632050037E0
1.642821242E1,3.624000072E0,7.525050163E0,-2.746950150E0
1.643065581E1,4.126950264E0,7.140000343E0,-3.324000120E0
1.643309916E1,3.910950184E0,7.060950279E0,-3.766950130E0
1.643554255E1,3.355950117E0,7.551000595E0,-3.951000214E0
1.643798593E1,2.659050226E0,8.112000465E0,-3.520050049E0
1.644042932E1,1.882950068E0,8.185950279E0,-2.821050167E0
1.644287270E1,1.435950041E0,8.133000374E0,-1.771950126E0
1.644531608E1,2.134950161E0,8.136000633E0,-1.942050099E0
1.644775954E1,3.861000299E0,7.731000423E0,-3.685050249E0
1.645020292E1,4.599000454E0,7.501050472E0,-5.359050274E0
1.645264631E1,4.630050182E0,7.711950302E0,-5.980950356E0
1.645508969E1,4.345050335E0,8.227050781E0,-5.128950119E0
1.645753309E1,3.933000088E0,8.731950760E0,-4.246050358E0
1.645997647E1,3.607050180E0,8.662050247E0,-3.490950108E0
1.646241986E1,3.418050051E0,8.571000099E0,-3.442950249E0
1.646486324E1,3.868050098E0,8.017950058E0,-4.138050079E0
1.646730663E1,4.045950413E0,7.542000294E0,-4.756050110E0
1.646975001E1,3.709950209E0,7.312050343E0,-4.413000107E0
1.647219340E1,3.379950047E0,7.534950256E0,-3.130050182E0
1.647463678E1,2.728950024E0,7.951050282E0,-2.023950100E0
1.647708016E1,2.467950106E0,8.629050255E0,-1.839000106E0
1.647952355E1,2.547000170E0,8.995050430E0,-3.277950048E0
1.648196695E1,2.452950001E0,9.457050323E0,-4.525950432E0
1.648441057E1,2.125050068E0,9.049950600E0,-5.542950153E0
1.648685396E1,2.686050177E0,8.731950760E0,-5.067000389E0
1.648929734E1,3.685950279E0,8.212050438E0,-3.646950245E0
1.649174072E1,4.030950069E0,7.671000481E0,-3.216000080E0
1.649418410E1,4.321050167E0,7.698000431E0,-3.292950153E0
1.649662749E1,4.546050072E0,7.771950245E0,-4.216950417E0
1.649907087E1,3.922950268E0,8.017950058E0,-4.672049999E0
1.650151426E1,4.077000141E0,8.299050331E0,-4.593000412E0
1.650395770E1,3.550050259E0,8.445000648E0,-4.333950043E0
1.650640108E1,3.025950193E0,8.497050285E0,-3.484050274E0
1.650884447E1,3.166950226E0,8.348999977E0,-3.064950228E0
1.651128785E1,3.382050276E0,8.097000122E0,-2.874000072E0
1.651373124E1,3.117000103E0,7.894050598E0,-3.276000261E0
1.651617463E1,2.650050163E0,8.121000290E0,-3.634950161E0
1.651861801E1,2.689950228E0,8.662050247E0,-4.096950054E0
1.652106140E1,1.807050109E0,8.626950264E0,-3.883950233E0
1.652350501E1,1.534050107E0,8.302950859E0,-3.024000168E0
1.652594840E1,2.334000111E0,8.125950813E0,-2.272950172E0
1.652839176E1,3.289050102E0,7.735950470E0,-2.758950233E0
1.653083515E1,4.132050037E0,7.354950428E0,-3.958050251E0
1.653327853E1,4.753950119E0,7.069950104E0,-5.221950054E0
1.653572192E1,4.462050438E0,7.767000198E0,-5.755950451E0
1.653816530E1,3.934950113E0,8.133000374E0,-5.071950436E0
1.654060868E1,3.994950294E0,8.440050125E0,-3.192000151E0
1.654305206E1,3.685950279E0,8.272050858E0,-2.221950054E0
1.654549544E1,3.816000223E0,8.097000122E0,-2.701050043E0
1.654793883E1,4.060050011E0,7.719000340E0,-4.138050079E0
1.655038221E1,3.715050220E0,7.117950439E0,-4.813050270E0
1.655282558E1,4.381050110E0,6.931050301E0,-4.537950039E0
1.655526897E1,3.223950148E0,7.482000351E0,-3.573000193E0
1.655771243E1,1.861950040E0,8.614950180E0,-1.492050052E0
1.656015582E1,2.334000111E0,8.590950012E0,-2.719950199E0
1.656259920E1,1.351950049E0,9.046050072E0,-4.401000023E0
1.656504260E1,9.859500527E-1,9.622950554E0,-4.303050041E0
1.656748598E1,8.710500598E-1,9.117000580E0,-5.095950127E0
1.656992937E1,2.239950180E0,8.038050652E0,-3.805050135E0
1.657237275E1,3.907050133E0,8.039999962E0,-4.411050320E0
1.657481614E1,4.860000134E0,7.603950500E0,-4.223999977E0
1.657725952E1,5.896050453E0,7.860000610E0,-3.514950275E0
1.657970314E1,5.827050209E0,7.707000256E0,-4.554000378E0
1.658214652E1,5.506050110E0,7.693050385E0,-3.451050282E0
1.658458991E1,5.440950394E0,7.489050388E0,-3.160950184E0
1.658703329E1,6.052050114E0,7.317000389E0,-3.549000263E0
1.658947667E1,6.229050159E0,6.907050133E0,-3.541950226E0
1.659192006E1,5.281050205E0,6.888000488E0,-1.437000036E0
1.659436344E1,4.576950073E0,7.884000301E0,-2.179500163E-1
1.659680682E1,4.110000134E0,8.878050804E0,-9.319500327E-1
1.659925021E1,3.375000238E0,9.586950302E0,-2.695950031E0
1.660169367E1,2.305050135E0,1.063995075E1,-3.862050295E0
1.660413706E1,1.302000046E0,1.054200077E1,-2.649000168E0
1.660658044E1,9.640500546E-1,1.017795086E1,-1.504050016E0
1.660902382E1,1.357050061E0,9.847950935E0,-1.717050076E0
1.661146721E1,1.737000108E0,9.924000740E0,-2.220000029E0
1.661391052E1,3.277050257E0,9.223050117E0,-3.244950056E0
1.661635398E1,4.462050438E0,8.442000389E0,-4.686000347E0
1.661879736E1,5.857950211E0,8.902050018E0,-5.931000233E0
1.662124075E1,6.463950157E0,8.421000481E0,-5.668050289E0
1.662368415E1,5.769000053E0,8.542950630E0,-4.851000309E0
1.662612753E1,5.311950207E0,8.320050240E0,-3.144000053E0
1.662857092E1,5.307000160E0,7.386000156E0,-2.658000231E0
1.663101430E1,5.584950447E0,6.534000397E0,-2.911950111E0
1.663345768E1,5.791050434E0,6.108000278E0,-3.144000053E0
1.663590130E1,5.238000393E0,6.441000462E0,-3.148950100E0
1.663834469E1,4.134000301E0,7.057950497E0,-2.755950212E0
1.664078808E1,3.363000154E0,8.133000374E0,-1.851000071E0
1.664323146E1,2.935050249E0,9.153000832E0,-1.834950089E0
1.664567484E1,2.607000113E0,9.462000847E0,-2.457000017E0
1.664811820E1,2.401050091E0,9.462000847E0,-3.937050104E0
1.665056158E1,2.476950169E0,8.851950645E0,-4.791000366E0
1.665300497E1,3.118950129E0,8.506950378E0,-4.699950218E0
1.665544843E1,3.988050222E0,7.987050533E0,-4.392000198E0
1.665789181E1,4.114950180E0,8.088000298E0,-3.106050253E0
1.666033521E1,4.491000175E0,8.097000122E0,-2.554950237E0
1.666277859E1,4.150950432E0,8.445000648E0,-2.713050127E0
1.666522198E1,4.459950447E0,8.251049995E0,-3.967950106E0
1.666766536E1,4.321050167E0,8.242950439E0,-5.572050095E0
1.667010875E1,3.492000103E0,8.289000511E0,-5.044950008E0
1.667255213E1,3.223950148E0,7.810050488E0,-3.589950085E0
1.667499552E1,3.837000132E0,7.489050388E0,-2.232000113E0
1.667743890E1,3.808050156E0,6.997950554E0,-2.083950043E0
1.667988228E1,3.765000105E0,7.192050457E0,-3.127050161E0
1.668232590E1,3.109050035E0,7.425000191E0,-4.532999992E0
1.668476929E1,1.888050079E0,7.579950333E0,-4.624050140E0
1.668721244E1,1.531950116E0,7.402950287E0,-3.541950226E0
1.668965605E1,1.876050115E0,7.261950493E0,-2.890050173E0
1.669209944E1,2.932050228E0,7.225950241E0,-3.585000277E0
1.669454282E1,4.090950012E0,6.960000515E0,-5.110050201E0
1.669698622E1,4.150950432E0,7.231050491E0,-6.448050499E0
1.669942961E1,4.036050320E0,7.546950340E0,-6.123000145E0
1.670187299E1,3.775050163E0,7.966050148E0,-4.276950359E0
1.670431638E1,3.184050083E0,8.275050163E0,-3.664050102E0
1.670675976E1,2.890950203E0,8.313000679E0,-3.714000225E0
1.670920314E1,3.267000198E0,7.828950405E0,-4.638000011E0
1.671164653E1,3.982950211E0,6.985950470E0,-5.263050079E0
1.671408999E1,3.495000124E0,6.642000198E0,-4.678950310E0
1.671653338E1,3.034950256E0,6.721050262E0,-2.673000097E0
1.671897676E1,2.716950178E0,7.234950542E0,-1.011000037E0
1.672142015E1,2.046000004E0,7.807950497E0,-7.519500256E-1
1.672386353E1,1.756950140E0,8.728950500E0,-2.019000053E0
1.672630692E1,1.642050028E0,9.103050232E0,-4.321950436E0
1.672875030E1,1.515000105E0,9.034049988E0,-5.409000397E0
1.673119391E1,1.230000019E0,8.434950829E0,-5.218050480E0
1.673363730E1,1.845000029E0,8.161950111E0,-3.700050116E0
1.673608068E1,3.282000065E0,7.738050461E0,-2.503050089E0
1.673852407E1,4.045950413E0,7.456050396E0,-2.209950209E0
1.674096745E1,4.423950195E0,8.089950562E0,-3.333000183E0
1.674341086E1,3.789000273E0,8.204999924E0,-4.546950340E0
1.674585424E1,3.375000238E0,8.313000679E0,-4.744050026E0
1.674829763E1,3.406050205E0,8.404050827E0,-4.789050102E0
1.675074101E1,3.294000149E0,8.065950394E0,-3.606000185E0
1.675318440E1,3.234000206E0,7.360050201E0,-2.673000097E0
1.675562776E1,3.282000065E0,7.185000420E0,-1.843950033E0
1.675807115E1,3.322050095E0,7.233000278E0,-2.251049995E0
1.676051461E1,2.677950144E0,7.516050339E0,-3.429000139E0
1.676295792E1,2.152050018E0,8.329950333E0,-4.321950436E0
1.676540130E1,1.444950104E0,8.923050880E0,-4.212000370E0
1.676784476E1,1.026000023E0,8.914050102E0,-3.214050055E0
1.677028815E1,1.327950120E0,8.551950455E0,-2.823000193E0
1.677273154E1,2.607000113E0,8.026050568E0,-2.704050064E0
1.677517492E1,3.615000248E0,7.750050545E0,-3.453000069E0
1.677761830E1,3.811050177E0,7.615950584E0,-4.963950157E0
1.678006169E1,4.180050373E0,7.741050243E0,-5.838000298E0
1.678250507E1,4.261050224E0,7.935000420E0,-6.216000080E0
1.678494846E1,4.230000019E0,7.912950516E0,-5.536050320E0
1.678739184E1,4.174950123E0,7.915050507E0,-4.273950100E0
1.678983546E1,4.084050179E0,7.426950455E0,-3.364050150E0
1.679227884E1,4.660950184E0,6.783000469E0,-3.517950058E0
1.679472223E1,4.606050014E0,6.448050499E0,-4.272000313E0
1.679716561E1,3.739050150E0,6.838050365E0,-4.642950058E0
1.679960900E1,3.430050135E0,7.449000359E0,-4.360050201E0
1.680205238E1,2.737950087E0,8.308050156E0,-3.379050255E0
1.680449577E1,2.223000050E0,9.064949989E0,-2.332950115E0
1.680693915E1,1.657950044E0,9.579000473E0,-2.299050093E0
1.680938261E1,1.873950124E0,9.772950172E0,-3.771000147E0
1.681182600E1,2.185050011E0,9.460050583E0,-5.596050262E0
1.681426938E1,2.191950083E0,9.004950523E0,-6.087000370E0
1.681671275E1,2.470050097E0,8.482950211E0,-4.849050045E0
1.681915614E1,3.636000156E0,8.137949944E0,-3.099000216E0
1.682159952E1,3.865950108E0,8.257950783E0,-2.265000105E0
1.682404291E1,3.919050217E0,8.394000053E0,-2.899950027E0
1.682648629E1,4.342050076E0,8.368050575E0,-4.645050049E0
1.682892969E1,4.477050304E0,8.401050568E0,-6.325950146E0
1.683137307E1,4.186950207E0,8.301000595E0,-6.549000263E0
1.683381646E1,3.274950266E0,8.571000099E0,-4.705049992E0
1.683625984E1,3.373050213E0,8.145000458E0,-2.668050051E0
1.683870323E1,3.433050156E0,8.257950783E0,-1.642950058E0
1.684114661E1,3.322050095E0,8.128950119E0,-2.313000202E0
1.684359000E1,2.923050165E0,8.251049995E0,-3.811950207E0
1.684603361E1,2.464950085E0,8.641050339E0,-5.128950119E0
1.684847700E1,1.801950097E0,8.590950012E0,-4.945050240E0
1.685092038E1,1.702050090E0,8.248050690E0,-4.035000324E0
1.685336376E1,2.226000071E0,7.936950207E0,-2.505000114E0
1.685580714E1,2.652000189E0,7.828950405E0,-2.052000046E0
1.685825053E1,3.676950216E0,7.563000202E0,-3.192000151E0
1.686069391E1,4.066950321E0,7.714050293E0,-5.395050049E0
1.686313730E1,4.174950123E0,8.017950058E0,-7.018050194E0
1.686558067E1,4.168050289E0,8.236050606E0,-7.156950474E0
1.686802412E1,3.588000059E0,8.536050797E0,-5.023950100E0
1.687046751E1,3.331950188E0,8.107049942E0,-3.217950106E0
1.687291090E1,3.339000225E0,7.792950153E0,-3.736050129E0
1.687535428E1,3.700950146E0,7.201950550E0,-4.630950451E0
1.687779767E1,3.366000175E0,7.036950111E0,-5.175000191E0
1.688024105E1,2.970000029E0,7.312050343E0,-4.831950188E0
1.688268444E1,2.050950050E0,7.912950516E0,-3.585000277E0
1.688512782E1,1.594050050E0,8.610000610E0,-2.895000219E0
1.688757143E1,1.510050058E0,9.405000687E0,-2.794950247E0
1.689001459E1,1.507950068E0,9.454950333E0,-4.075950146E0
1.689245820E1,1.345050097E0,9.334950447E0,-5.416050434E0
1.689490159E1,1.362000108E0,8.647950172E0,-5.833050251E0
1.689734497E1,2.143949986E0,8.136000633E0,-5.068950176E0
1.689978836E1,3.250950098E0,7.525050163E0,-3.769050121E0
1.690223175E1,3.475950241E0,7.626000404E0,-3.202050209E0
1.690467514E1,3.246000051E0,7.531950474E0,-4.401000023E0
1.690711852E1,3.615000248E0,7.828950405E0,-5.325000286E0
1.690956191E1,3.385050058E0,7.888950348E0,-5.992950439E0
1.691200529E1,3.294000149E0,7.843950272E0,-5.293950081E0
1.691444867E1,2.668950081E0,7.978050232E0,-4.152000427E0
1.691689206E1,2.638050079E0,7.860000610E0,-3.331050158E0
1.691933544E1,2.920050144E0,7.804950237E0,-3.016950130E0
1.692177883E1,2.530050039E0,8.044950485E0,-3.706950188E0
1.692422228E1,2.262000084E0,8.242950439E0,-4.735949993E0
1.692666567E1,1.462050080E0,8.434950829E0,-5.251050472E0
1.692910906E1,7.009500265E-1,8.682000160E0,-4.756050110E0
1.693155244E1,6.430500150E-1,8.241000175E0,-3.787950277E0
1.693399582E1,1.338000059E0,8.004000664E0,-3.100950241E0
1.693643919E1,2.608950138E0,8.032950401E0,-3.637050152E0
1.693888258E1,3.100050211E0,7.836000443E0,-5.500050068E0
1.694132596E1,3.478050232E0,8.221950531E0,-6.748050213E0
1.694376958E1,3.495000124E0,8.500050545E0,-4.975950241E0
1.694621296E1,2.653950214E0,8.551950455E0,-4.641000271E0
1.694865635E1,2.355000019E0,9.081000328E0,-5.938050270E0
1.695109974E1,2.863050222E0,8.566950798E0,-5.457000256E0
1.695354312E1,3.535950184E0,8.065950394E0,-4.903950214E0
1.695598651E1,3.382050276E0,7.506000519E0,-4.285950184E0
1.695842989E1,3.181050062E0,7.534950256E0,-3.441000223E0
1.696087335E1,2.724000216E0,7.732950211E0,-3.199050188E0
1.696331666E1,1.717950106E0,8.224050522E0,-2.955000162E0
1.696576012E1,1.551000118E0,8.581050873E0,-2.761050224E0
1.696820343E1,2.022000074E0,8.800950050E0,-3.826950073E0
1.697064689E1,1.825950146E0,9.145950317E0,-4.815000057E0
1.697309028E1,1.576950073E0,8.665050507E0,-5.500050068E0
1.697553366E1,2.009999990E0,8.361000061E0,-5.017050266E0
1.697797705E1,2.989950180E0,8.047050476E0,-4.078050137E0
1.698042043E1,3.457050085E0,7.968000412E0,-4.080000401E0
1.698286382E1,3.496950150E0,8.200050354E0,-4.546950340E0
1.698530720E1,3.246000051E0,8.200050354E0,-5.221950054E0
1.698775058E1,2.968050241E0,8.374950409E0,-5.088000298E0
1.699019397E1,3.636000156E0,8.485050201E0,-4.597949982E0
1.699263735E1,2.875050068E0,8.338950157E0,-4.095000267E0
1.699508074E1,2.551050186E0,8.338950157E0,-2.935950041E0
1.699752412E1,3.379950047E0,7.888950348E0,-2.605050087E0
1.699996774E1,3.499950171E0,7.840950489E0,-3.103050232E0
1.700241112E1,3.447000265E0,7.783950329E0,-4.032000065E0
1.700485451E1,2.106000185E0,7.987050533E0,-4.927950382E0
1.700729789E1,1.017000079E0,8.491950035E0,-4.360050201E0
1.700974128E1,7.009500265E-1,8.358000755E0,-3.181950092E0
1.701218466E1,1.419000030E0,7.975050449E0,-2.230050087E0
1.701462805E1,3.322050095E0,7.537050247E0,-2.689050198E0
1.701707143E1,4.041000366E0,7.449000359E0,-5.365950108E0
1.701951489E1,3.955050230E0,7.590000153E0,-7.120950222E0
1.702195827E1,3.531000137E0,8.160000801E0,-7.176000118E0
1.702440166E1,3.246000051E0,8.479949951E0,-5.188950062E0
1.702684504E1,2.784000158E0,8.287050247E0,-2.986050129E0
1.702928842E1,2.929950237E0,7.879950523E0,-2.242050171E0
1.703173182E1,3.655050278E0,7.390950203E0,-2.898000240E0
1.703417520E1,4.126950264E0,6.840000153E0,-4.288949966E0
1.703661858E1,4.009950161E0,6.799950123E0,-5.110050201E0
1.703906220E1,3.033000231E0,7.321950436E0,-4.288949966E0
1.704150535E1,2.053050041E0,8.011050224E0,-2.740050077E0
1.704394897E1,1.993950129E0,8.683950424E0,-1.903950095E0
1.704639212E1,1.645950079E0,9.100950241E0,-2.698950052E0
1.704883574E1,1.204050064E0,9.043050766E0,-4.213950157E0
1.705127912E1,1.168050051E0,8.773050308E0,-5.356050491E0
1.705372251E1,1.857000113E0,8.586000443E0,-5.151000023E0
1.705616589E1,2.662050009E0,8.485050201E0,-3.853050232E0
1.705860928E1,3.100050211E0,8.197950363E0,-3.187050104E0
1.706105266E1,3.114000082E0,8.494950294E0,-3.345000267E0
1.706349605E1,2.731050014E0,8.571000099E0,-4.558950424E0
1.706593943E1,2.491950035E0,8.782050133E0,-5.359050274E0
1.706838281E1,2.719050169E0,8.610000610E0,-5.055000305E0
1.707082620E1,2.092050076E0,8.454000473E0,-3.256950140E0
1.707326958E1,3.388950109E0,8.026050568E0,-1.927950144E0
1.707571297E1,3.805950165E0,7.755000591E0,-2.111999989E0
1.707815643E1,3.916050196E0,7.699950218E0,-3.352050066E0
1.708059982E1,3.403950214E0,7.291050434E0,-5.301000118E0
1.708304321E1,1.648950100E0,7.807950497E0,-5.401950359E0
1.708548659E1,1.098000050E0,7.810050488E0,-4.168950081E0
1.708792997E1,1.093050003E0,7.699950218E0,-2.542950153E0
1.709037336E1,2.130000114E0,7.846050262E0,-1.606950045E0
1.709281671E1,3.768000126E0,7.753050327E0,-3.340950251E0
1.709526033E1,4.231950283E0,7.960950375E0,-6.646950245E0
1.709770371E1,3.708000183E0,8.088000298E0,-8.850000381E0
1.710014710E1,2.880000114E0,8.722050667E0,-8.407050133E0
1.710259048E1,2.235000134E0,8.799000740E0,-5.677050114E0
1.710503389E1,1.885950089E0,8.317950249E0,-2.935950041E0
1.710747727E1,2.182950020E0,7.924950600E0,-2.032950163E0
1.710992066E1,3.622050285E0,7.080000401E0,-3.100950241E0
1.711236404E1,4.443000317E0,6.534000397E0,-5.287050247E0
1.711480743E1,3.363000154E0,6.838050365E0,-6.337950230E0
1.711725091E1,2.653950214E0,7.530000210E0,-5.257950306E0
1.711969422E1,2.488950014E0,8.437050819E0,-3.372000217E0
1.712213767E1,1.560000062E0,9.295050621E0,-1.777050138E0
1.712458098E1,9.690000415E-1,9.153000832E0,-2.139000177E0
1.712702444E1,9.739500284E-1,9.164999962E0,-3.616050243E0
1.712946783E1,1.776000142E0,9.064949989E0,-5.431050301E0
1.713191122E1,2.664000034E0,9.204000473E0,-6.319050312E0
1.713435460E1,2.997000217E0,9.019050598E0,-5.826000214E0
1.713679798E1,2.425050020E0,9.076950073E0,-4.863000393E0
1.713924137E1,1.876050115E0,9.394950867E0,-3.613050222E0
1.714168475E1,2.530050039E0,9.180000305E0,-3.424050093E0
1.714412813E1,2.029950142E0,9.112950325E0,-4.042050362E0
1.714657152E1,1.816050053E0,8.895000458E0,-4.036950111E0
1.714901490E1,2.182950020E0,8.478000641E0,-3.817050219E0
1.715145828E1,3.037950039E0,8.299050331E0,-3.460050106E0
1.715390190E1,3.490050077E0,8.284049988E0,-3.489000082E0
1.715634529E1,2.797950029E0,8.171999931E0,-3.814950228E0
1.715878867E1,1.552950025E0,8.326950073E0,-4.135050297E0
1.716123206E1,9.709500670E-1,8.392050743E0,-4.071000099E0
1.716367544E1,9.259500504E-1,8.041950226E0,-3.949050188E0
1.716611882E1,1.309050083E0,7.900950432E0,-3.514950275E0
1.716856221E1,2.683050156E0,8.071050644E0,-3.589950085E0
1.717100560E1,4.052999973E0,7.899000168E0,-5.079000473E0
1.717344905E1,4.069050312E0,8.002050400E0,-6.633000374E0
1.717589244E1,3.427950144E0,8.221950531E0,-6.925050259E0
1.717833582E1,2.788950205E0,8.533050537E0,-5.779950142E0
1.718077921E1,2.496000051E0,8.452050209E0,-4.156949997E0
1.718322260E1,2.319000006E0,7.987050533E0,-3.355050087E0
1.718566598E1,3.294000149E0,7.231050491E0,-3.429000139E0
1.718810936E1,3.934950113E0,6.618000507E0,-4.047000408E0
1.719055275E1,3.799050093E0,6.462000370E0,-4.803000450E0
1.719299613E1,3.025950193E0,6.958050251E0,-4.585950375E0
1.719543975E1,2.520000219E0,7.932000160E0,-3.642000198E0
1.719788290E1,2.050950050E0,8.623950005E0,-3.027000189E0
1.720032652E1,1.464000106E0,8.904000282E0,-3.232950211E0
1.720276968E1,1.321050048E0,8.883000374E0,-4.068000317E0
1.720521329E1,2.233050108E0,8.569050789E0,-5.206050396E0
1.720765668E1,3.073050261E0,8.215050697E0,-5.569950104E0
1.721010007E1,3.627000093E0,7.858050346E0,-5.067000389E0
1.721254346E1,3.643050194E0,7.891050339E0,-4.456050396E0
1.721498684E1,2.914950132E0,8.332050323E0,-3.846000195E0
1.721743023E1,3.406050205E0,8.179050446E0,-3.901050091E0
1.721987361E1,3.367950201E0,8.136000633E0,-4.036950111E0
1.722231700E1,2.803050041E0,8.124000549E0,-4.039950371E0
1.722476038E1,3.342000246E0,7.726050377E0,-3.799950123E0
1.722720377E1,3.922950268E0,7.723950386E0,-3.064950228E0
1.722964715E1,4.231950283E0,7.744950294E0,-2.983950138E0
1.723209061E1,3.715050220E0,7.828950405E0,-3.417000055E0
1.723453400E1,2.191950083E0,7.891050339E0,-3.882000208E0
1.723697738E1,1.225050092E0,7.935000420E0,-3.487050056E0
1.723942077E1,1.405050039E0,7.633050442E0,-2.566950083E0
1.724186415E1,2.484000206E0,7.519950390E0,-2.215050220E0
1.724430754E1,3.919050217E0,7.498950481E0,-2.995950222E0
1.724675092E1,5.113050461E0,7.591950417E0,-4.873050213E0
1.724919430E1,4.993950367E0,8.107049942E0,-6.094050407E0
1.725163791E1,4.242000103E0,8.346000671E0,-6.778950214E0
1.725408130E1,3.682050228E0,8.548050880E0,-5.701050282E0
1.725652469E1,3.664950132E0,8.368050575E0,-3.771000147E0
1.725896807E1,3.946950197E0,7.590000153E0,-2.620050192E0
1.726141147E1,4.776000023E0,6.378000259E0,-2.859000206E0
1.726385486E1,5.643000126E0,5.704950333E0,-3.862050295E0
1.726629824E1,5.869950294E0,5.818050385E0,-4.744050026E0
1.726874163E1,4.623000145E0,6.546000481E0,-4.152000427E0
1.727118501E1,3.388950109E0,7.759950161E0,-3.076950073E0
1.727362840E1,2.917950153E0,8.746050835E0,-2.233950138E0
1.727607178E1,2.146950006E0,9.093000412E0,-2.437950134E0
1.727851524E1,1.663050056E0,8.859000206E0,-3.442950249E0
1.728095855E1,2.323950052E0,8.545050621E0,-4.485000134E0
1.728340204E1,3.009000063E0,8.386950493E0,-5.032950401E0
1.728584535E1,3.682050228E0,8.173950195E0,-4.576050282E0
1.728828881E1,4.085999966E0,8.149950027E0,-4.003950119E0
1.729073220E1,3.382050276E0,8.679000854E0,-3.319050074E0
1.729317558E1,3.427950144E0,8.647950172E0,-3.022050142E0
1.729561895E1,3.628950119E0,8.578950882E0,-3.415050268E0
1.729806233E1,3.543000221E0,8.381999969E0,-3.807000160E0
1.730050572E1,3.909000158E0,7.671000481E0,-3.580050230E0
1.730294910E1,4.582050323E0,7.336050510E0,-3.147000074E0
1.730539247E1,5.494050026E0,7.234950542E0,-3.123000145E0
1.730783608E1,5.094000340E0,7.153950214E0,-3.297000170E0
1.731027947E1,3.648000240E0,7.381050587E0,-3.372000217E0
1.731272285E1,2.523000002E0,8.028000832E0,-3.774000168E0
1.731516624E1,2.034000158E0,8.026050568E0,-3.748050213E0
1.731760962E1,2.311950207E0,7.810050488E0,-3.870000124E0
1.732005300E1,3.684000254E0,7.635000229E0,-4.200000286E0
1.732249639E1,5.098950386E0,7.506000519E0,-5.452050209E0
1.732493977E1,5.274000168E0,7.900950432E0,-6.678000450E0
1.732738323E1,4.515000343E0,8.368050575E0,-7.174050331E0
1.732982663E1,3.772950172E0,8.385000229E0,-6.252000332E0
1.733227002E1,3.424950123E0,8.301000595E0,-4.558950424E0
1.733471340E1,3.399000168E0,7.738050461E0,-3.190050125E0
1.733715679E1,4.797000408E0,6.856950283E0,-3.384000063E0
1.733960017E1,5.785950184E0,6.048000336E0,-4.507050037E0
1.734204356E1,5.245050430E0,6.187050343E0,-5.341950417E0
1.734448694E1,4.090950012E0,6.795000553E0,-4.813050270E0
1.734693033E1,3.487950087E0,7.633050442E0,-3.469950199E0
1.734937371E1,2.970000029E0,8.289000511E0,-2.329950094E0
1.735181710E1,2.131950140E0,8.413050652E0,-2.040000200E0
1.735426048E1,1.756950140E0,8.365950584E0,-3.502950191E0
1.735670386E1,2.512950182E0,8.197950363E0,-5.167050362E0
1.735914725E1,3.475950241E0,7.875000477E0,-5.728050232E0
1.736159064E1,3.184050083E0,7.822050571E0,-5.236950397E0
1.736403404E1,3.117000103E0,8.049000740E0,-3.522000074E0
1.736647765E1,3.187950134E0,8.116950035E0,-2.449950218E0
1.736892104E1,3.078000069E0,8.266950607E0,-2.965050220E0
1.737136442E1,2.877000093E0,8.275050163E0,-3.915000200E0
1.737380781E1,3.070950031E0,7.920000553E0,-4.293000221E0
1.737625119E1,3.358050108E0,7.525050163E0,-3.304950237E0
1.737869457E1,4.069050312E0,7.153950214E0,-2.260950089E0
1.738113796E1,4.266000271E0,6.850050449E0,-2.586000204E0
1.738358134E1,3.511950254E0,6.666000366E0,-3.679950237E0
1.738602480E1,2.374050140E0,6.847950459E0,-3.754950285E0
1.738846819E1,1.756950140E0,7.128000259E0,-2.859000206E0
1.739091157E1,2.323950052E0,7.434000492E0,-2.284950018E0
1.739335496E1,2.868000031E0,7.486950397E0,-2.538000107E0
1.739579834E1,3.186000109E0,7.578000546E0,-4.453950405E0
1.739824173E1,3.864000082E0,7.756950378E0,-6.807000160E0
1.740068511E1,3.721950293E0,8.143050194E0,-7.933050156E0
1.740312873E1,3.069000244E0,8.479949951E0,-7.143000126E0
1.740557211E1,2.290950060E0,8.208000183E0,-4.798950195E0
1.740801550E1,2.118000031E0,7.855950356E0,-3.112950087E0
1.741045888E1,2.689950228E0,7.554000378E0,-2.593050241E0
1.741290228E1,4.014000416E0,6.733050346E0,-4.162050247E0
1.741534567E1,4.168050289E0,6.328050137E0,-6.094050407E0
1.741778905E1,3.346050262E0,6.730050087E0,-6.681000233E0
1.742023244E1,2.877000093E0,7.506000519E0,-5.320950031E0
1.742267582E1,2.262000084E0,7.956000328E0,-3.445950270E0
1.742511922E1,1.729950070E0,8.293950081E0,-2.095050097E0
1.742756260E1,1.074000001E0,8.260050774E0,-2.188950062E0
1.743000599E1,1.290000081E0,8.635950089E0,-3.475050211E0
1.743244937E1,2.322000027E0,8.587950706E0,-5.974050522E0
1.743489276E1,2.511000156E0,8.710050583E0,-7.321950436E0
1.743733614E1,1.869000077E0,9.129000664E0,-6.490950108E0
1.743977960E1,1.633950114E0,9.213000298E0,-4.152000427E0
1.744222299E1,2.335950136E0,8.566950798E0,-2.536050081E0
1.744466637E1,2.437050104E0,8.575950623E0,-3.240000248E0
1.744710976E1,2.188050032E0,8.530950546E0,-4.597949982E0
1.744955313E1,2.584950209E0,8.185950279E0,-5.232000351E0
1.745199651E1,3.064050198E0,8.348999977E0,-5.179050446E0
1.745443990E1,3.703050137E0,8.204999924E0,-4.486950397E0
1.745688328E1,2.872050047E0,7.875000477E0,-3.751950264E0
1.745932667E1,1.323000073E0,8.083050728E0,-2.641050100E0
1.746177029E1,1.144050002E0,7.828950405E0,-2.100000143E0
1.746421368E1,1.918950081E0,7.270950317E0,-2.830950022E0
1.746665706E1,2.836050034E0,7.426950455E0,-4.642950058E0
1.746910045E1,3.241050243E0,7.863000393E0,-6.570000172E0
1.747154381E1,3.435000181E0,8.329950333E0,-7.861050606E0
1.747398720E1,3.105000257E0,8.482950211E0,-6.967950344E0
1.747643058E1,3.339000225E0,8.119050026E0,-2.668050051E0
1.747887397E1,2.755050182E0,7.990050316E0,-3.657000065E0
1.748131742E1,1.978950143E0,7.966050148E0,-6.811950207E0
1.748376074E1,2.443950176E0,7.324050426E0,-7.300950527E0
1.748620420E1,3.628950119E0,6.579000473E0,-6.573000431E0
1.748864758E1,4.419000149E0,6.378000259E0,-5.308950424E0
1.749109097E1,3.460950136E0,6.586950302E0,-3.925050259E0
1.749353435E1,3.088050127E0,7.210950375E0,-3.669000149E0
1.749597772E1,2.523000002E0,7.824000359E0,-3.903000116E0
1.749842110E1,2.086950064E0,8.449049950E0,-3.669000149E0
1.750086449E1,1.467000127E0,8.599950790E0,-3.939000130E0
1.750330787E1,1.387950063E0,8.650050163E0,-5.071950436E0
1.750575126E1,2.188050032E0,8.614950180E0,-5.854950428E0
1.750819464E1,2.949000120E0,8.513999939E0,-5.818950176E0
1.751063803E1,2.652000189E0,8.907000542E0,-5.079000473E0
1.751308141E1,2.101050138E0,9.249000549E0,-4.095000267E0
1.751552503E1,1.879050136E0,9.400050163E0,-3.534000158E0
1.751796841E1,2.166000128E0,9.253950119E0,-3.834000111E0
1.752041178E1,2.032050133E0,9.000000000E0,-4.720050335E0
1.752285517E1,2.092050076E0,8.839950562E0,-4.954050064E0
1.752529855E1,2.614050150E0,8.491950035E0,-4.791000366E0
1.752774194E1,3.448950052E0,8.254950523E0,-3.991950274E0
1.753018532E1,3.124050140E0,8.181000710E0,-3.430950165E0
1.753262870E1,2.070000172E0,7.798050404E0,-3.261000156E0
1.753507208E1,1.326000094E0,7.951050282E0,-3.259050131E0
1.753751554E1,1.540950060E0,7.819950581E0,-3.642000198E0
1.753995893E1,2.638050079E0,7.614000320E0,-4.356000423E0
1.754240232E1,3.342000246E0,7.698000431E0,-5.586000443E0
1.754484570E1,3.895050287E0,8.169000626E0,-6.858000278E0
1.754728909E1,3.799050093E0,8.513999939E0,-7.540050507E0
1.754973247E1,3.025950193E0,8.689050674E0,-6.952950478E0
1.755217585E1,2.781000137E0,8.406000137E0,-3.763950109E0
1.755461924E1,2.319000006E0,8.212050438E0,-4.474950314E0
1.755706261E1,2.535000086E0,7.762050152E0,-5.224950314E0
1.755950623E1,4.177050114E0,6.796950340E0,-5.731950283E0
1.756194938E1,4.765950203E0,6.214950085E0,-6.454950333E0
1.756439300E1,4.258950233E0,6.453000069E0,-5.911950111E0
1.756683638E1,3.291000128E0,7.051050186E0,-4.741050243E0
1.756927977E1,2.911050081E0,7.513050556E0,-4.201950073E0
1.757172316E1,1.765950084E0,8.338950157E0,-3.906000137E0
1.757416654E1,1.138950109E0,8.137949944E0,-4.305000305E0
1.757660993E1,1.690050125E0,8.418000221E0,-4.834950447E0
1.757905331E1,2.857950211E0,8.265000343E0,-5.875950336E0
1.758149668E1,3.066000223E0,8.578950882E0,-6.192000389E0
1.758394007E1,3.241050243E0,8.883000374E0,-5.845050335E0
1.758638345E1,2.281050205E0,9.400050163E0,-5.401950359E0
1.758882684E1,1.939050078E0,9.514950752E0,-4.822950363E0
1.759127023E1,1.797000051E0,9.301950455E0,-4.534950256E0
1.759371369E1,2.074949980E0,8.650050163E0,-4.477950096E0
1.759615708E1,2.836050034E0,7.663950443E0,-3.702000141E0
1.759860046E1,3.813000202E0,7.089000225E0,-3.448050261E0
1.760104384E1,4.690050125E0,7.209000111E0,-4.770000458E0
1.760348721E1,4.311000347E0,7.350000381E0,-5.176950455E0
1.760593059E1,2.884050131E0,7.747950554E0,-3.319050074E0
1.760837398E1,1.843050122E0,8.269950867E0,-2.026050091E0
1.761081759E1,1.467000127E0,8.476050377E0,-2.050050020E0
1.761326075E1,2.740950108E0,8.290950775E0,-3.514950275E0
1.761570435E1,3.981000185E0,8.136000633E0,-5.494950294E0
1.761814773E1,4.242000103E0,8.409000397E0,-7.111950397E0
1.762059112E1,4.483950138E0,8.683950424E0,-7.609950542E0
1.762303450E1,3.976050138E0,8.919000626E0,-7.000950336E0
1.762547789E1,3.226950169E0,9.088950157E0,-5.469000340E0
1.762792127E1,2.992050171E0,8.818050385E0,-4.011000156E0
1.763036466E1,3.543000221E0,8.039999962E0,-3.822000265E0
1.763280804E1,4.030950069E0,7.132050514E0,-4.317000389E0
1.763525142E1,4.736999989E0,6.286950111E0,-5.127000332E0
1.763769488E1,4.620000362E0,6.294000149E0,-4.720050335E0
1.764013819E1,3.741000175E0,6.802050114E0,-3.541950226E0
1.764258165E1,3.343950272E0,7.543950558E0,-2.608050108E0
1.764502496E1,3.148050070E0,8.221950531E0,-2.052000046E0
1.764746842E1,2.484000206E0,8.878050804E0,-2.752050161E0
1.764991180E1,2.125050068E0,8.559000015E0,-4.159049988E0
1.765235516E1,2.695050240E0,8.242950439E0,-5.103000164E0
1.765479855E1,3.295950174E0,8.109000206E0,-5.050050259E0
1.765724193E1,3.813000202E0,8.101950645E0,-4.120950222E0
1.765968531E1,4.093050003E0,7.908000469E0,-2.953050137E0
1.766212870E1,3.888000250E0,7.924950600E0,-2.922000170E0
1.766457209E1,3.588000059E0,8.071050644E0,-3.666000128E0
1.766701571E1,4.057950020E0,7.504050255E0,-4.621050358E0
1.766945909E1,3.861000299E0,7.306950569E0,-5.139000416E0
1.767190248E1,3.337050200E0,7.425000191E0,-3.906000137E0
1.767434586E1,3.504000187E0,7.048950195E0,-2.443050146E0
1.767678924E1,4.017000198E0,7.000950336E0,-1.381950021E0
1.767923263E1,4.588950157E0,6.946050167E0,-1.593000054E0
1.768167601E1,3.562050104E0,7.032000542E0,-2.538000107E0
1.768411940E1,1.848000050E0,7.575000286E0,-3.039000034E0
1.768656278E1,1.314000010E0,7.642050266E0,-3.324000120E0
1.768900627E1,1.936050057E0,7.551000595E0,-3.381000042E0
1.769144958E1,3.480000257E0,7.450950146E0,-3.760050297E0
1.769389304E1,3.969000101E0,7.522950172E0,-4.621050358E0
1.769633643E1,4.438050270E0,7.633050442E0,-5.847000122E0
1.769877982E1,4.108050346E0,7.798050404E0,-6.075000286E0
1.770122321E1,3.804000139E0,7.831950188E0,-5.188950062E0
1.770366660E1,3.460950136E0,7.623000145E0,-3.718950272E0
1.770610998E1,3.793950081E0,7.084950447E0,-2.701050043E0
1.770855337E1,4.347000122E0,6.418950081E0,-2.596050024E0
1.771099675E1,5.097000122E0,5.932950497E0,-3.598950148E0
1.771344013E1,5.116050243E0,6.076950073E0,-4.485000134E0
1.771588375E1,3.492000103E0,6.879000187E0,-4.308000088E0
1.771832691E1,3.231000185E0,7.599000454E0,-3.132000208E0
1.772077052E1,3.001950026E0,8.109000206E0,-2.524050236E0
1.772321391E1,2.179949999E0,8.602950096E0,-2.554950237E0
1.772565731E1,1.450050116E0,8.346000671E0,-3.661050081E0
1.772810069E1,2.056050062E0,8.227050781E0,-4.948950291E0
1.773054407E1,2.884050131E0,8.167050362E0,-5.443050385E0
1.773298746E1,3.114000082E0,8.155050278E0,-4.891950130E0
1.773543084E1,3.612000227E0,8.145000458E0,-4.044000149E0
1.773787425E1,2.949000120E0,8.641050339E0,-3.781050205E0
1.774031763E1,3.006000042E0,8.373000145E0,-3.973050117E0
1.774276109E1,3.472950220E0,7.936950207E0,-4.621050358E0
1.774520448E1,3.145050049E0,8.061000824E0,-5.095950127E0
1.774764786E1,3.246000051E0,7.615950584E0,-4.104000092E0
1.775009126E1,3.904050112E0,7.092000484E0,-2.385000229E0
1.775253465E1,4.524000168E0,7.204050541E0,-1.906050086E0
1.775497803E1,4.345050335E0,7.209000111E0,-2.923950195E0
1.775742142E1,2.767050028E0,7.578000546E0,-4.246050358E0
1.775986480E1,1.912050128E0,7.707000256E0,-4.618950367E0
1.776230818E1,1.752000093E0,7.876950264E0,-3.970050097E0
1.776475156E1,2.314050198E0,7.765050411E0,-3.645000219E0
1.776719518E1,2.860050201E0,8.008950233E0,-3.477000237E0
1.776963833E1,3.670050144E0,8.072999954E0,-4.735949993E0
1.777208197E1,4.150950432E0,8.016000748E0,-6.159000397E0
1.777452536E1,3.876000166E0,8.350950241E0,-6.580050468E0
1.777696874E1,3.049950123E0,8.590950012E0,-7.009050369E0
1.777941213E1,2.422049999E0,8.665050507E0,-6.499050140E0
1.778185551E1,2.572950125E0,8.095050812E0,-4.837050438E0
1.778429888E1,3.552000284E0,7.362000465E0,-3.574950218E0
1.778674226E1,4.480950356E0,6.607950211E0,-3.220950127E0
1.778918565E1,4.669950008E0,6.378000259E0,-4.051949978E0
1.779162903E1,4.093050003E0,6.759000301E0,-4.618950367E0
1.779407249E1,3.430050135E0,7.336050510E0,-4.252950191E0
1.779651588E1,3.088050127E0,8.011050224E0,-3.457950115E0
1.779895926E1,2.403000116E0,8.611950874E0,-2.610000134E0
1.780140265E1,1.852050066E0,8.614950180E0,-3.115050077E0
1.780384603E1,2.250000000E0,8.563950539E0,-4.392000198E0
1.780628942E1,2.602050066E0,8.599950790E0,-5.601000309E0
1.780873280E1,3.049950123E0,8.425050735E0,-5.740050316E0
1.781117619E1,3.555000067E0,8.559000015E0,-4.911000252E0
1.781361957E1,2.815050125E0,9.016950607E0,-3.771000147E0
1.781606319E1,2.841000080E0,8.836950302E0,-3.349950075E0
1.781850657E1,3.138000250E0,8.421000481E0,-3.879000187E0
1.782094996E1,3.100050211E0,8.157000542E0,-4.522950172E0
1.782339334E1,3.262950182E0,7.537050247E0,-4.387050152E0
1.782583673E1,3.775050163E0,6.982050419E0,-3.223050117E0
1.782828011E1,4.624950409E0,6.799950123E0,-2.815950155E0
1.783072350E1,4.836000443E0,6.697050095E0,-3.621000290E0
1.783316688E1,3.817950249E0,6.816000462E0,-3.625050068E0
1.783561027E1,2.353049994E0,7.197000504E0,-3.292950153E0
1.783805365E1,2.121000051E0,7.438950539E0,-3.544050217E0
1.784049704E1,2.578050137E0,7.269000530E0,-3.688050270E0
1.784294042E1,3.351000071E0,7.573050499E0,-3.970050097E0
1.784538380E1,3.969000101E0,7.767000198E0,-5.098050117E0
1.784782726E1,4.231950283E0,7.956000328E0,-6.043950081E0
1.785027057E1,3.973950148E0,8.422950745E0,-6.712050438E0
1.785271403E1,3.064050198E0,8.437050819E0,-6.001050472E0
1.785515742E1,2.884050131E0,8.149950027E0,-4.729050159E0
1.785760080E1,3.054000139E0,7.603950500E0,-3.265950203E0
1.786004418E1,4.024050236E0,6.745050430E0,-2.710950136E0
1.786248757E1,4.819050312E0,5.974050522E0,-3.522000074E0
1.786493095E1,5.046000004E0,5.992950439E0,-4.107000351E0
1.786737434E1,4.491000175E0,6.274950504E0,-4.369950294E0
1.786981772E1,3.964050293E0,7.132050514E0,-3.862050295E0
1.787226134E1,3.078000069E0,8.008950233E0,-3.235050201E0
1.787470472E1,2.086950064E0,8.386950493E0,-2.650950193E0
1.787714811E1,1.681950092E0,8.401050568E0,-3.184950113E0
1.787959149E1,1.984050035E0,8.527950287E0,-4.444050312E0
1.788203486E1,2.508000135E0,8.689050674E0,-5.541000366E0
1.788447825E1,2.950950146E0,8.607000351E0,-5.911950111E0
1.788692163E1,3.109050035E0,8.689050674E0,-5.400000095E0
1.788936502E1,2.544000149E0,9.139050484E0,-4.348950386E0
1.789180846E1,2.536950111E0,9.028950691E0,-3.622950077E0
1.789425185E1,2.944050074E0,8.683950424E0,-3.961050272E0
1.789669523E1,3.235950232E0,8.157000542E0,-4.396049976E0
1.789913862E1,3.708000183E0,7.483950138E0,-4.573950291E0
1.790158200E1,4.548000336E0,7.372050285E0,-4.030050278E0
1.790402540E1,4.906949997E0,7.164000511E0,-3.762000084E0
1.790646878E1,4.218000412E0,7.033950329E0,-3.850050211E0
1.790891217E1,2.926950216E0,7.426950455E0,-4.035000324E0
1.791135555E1,2.218950033E0,7.942050457E0,-3.970050097E0
1.791379894E1,2.395950079E0,7.855950356E0,-4.068000317E0
1.791624231E1,2.728950024E0,7.999050617E0,-4.420050144E0
1.791868569E1,3.346050262E0,8.253000259E0,-5.269950390E0
1.792112931E1,4.030950069E0,8.571000099E0,-6.493950367E0
1.792357246E1,4.074000359E0,9.007050514E0,-7.368000507E0
1.792601608E1,3.457050085E0,9.093000412E0,-6.589950085E0
1.792845922E1,2.484000206E0,9.184050560E0,-6.673050404E0
1.793090283E1,2.221050024E0,8.914050102E0,-6.036000252E0
1.793334622E1,3.004050255E0,8.215050697E0,-4.758000374E0
1.793578960E1,4.183950424E0,7.240050316E0,-4.423050404E0
1.793823299E1,4.500000000E0,6.733050346E0,-4.657050133E0
1.794067636E1,4.468950272E0,6.642000198E0,-4.846950054E0
1.794311974E1,4.002000332E0,7.104000568E0,-4.750950336E0
1.794556313E1,3.226950169E0,7.774050236E0,-3.937050104E0
1.794800659E1,2.677950144E0,8.362950325E0,-3.163050175E0
1.795044997E1,1.936050057E0,8.559000015E0,-3.027000189E0
1.795289336E1,1.740000129E0,8.401050568E0,-4.107000351E0
1.795533675E1,2.104050159E0,8.554950714E0,-5.325000286E0
1.795778013E1,2.896050215E0,8.569050789E0,-6.159000397E0
1.796022352E1,2.896050215E0,8.629050255E0,-6.232950211E0
1.796266690E1,2.439000130E0,8.962050438E0,-5.091000080E0
1.796511027E1,2.101050138E0,9.001950264E0,-3.931950092E0
1.796755366E1,2.137050152E0,9.022050858E0,-3.634950161E0
1.796999727E1,2.379000187E0,8.619000435E0,-4.420050144E0
1.797244066E1,2.832000017E0,7.783950329E0,-5.122050285E0
1.797488404E1,3.163950205E0,7.030050278E0,-5.047950268E0
1.797732743E1,3.496950150E0,6.775950432E0,-4.150050163E0
1.797977081E1,4.048050404E0,6.358950138E0,-3.546000242E0
1.798221419E1,3.841950178E0,6.163050175E0,-4.087950230E0
1.798465758E1,2.608950138E0,6.637050152E0,-3.558000088E0
1.798710096E1,1.807050109E0,6.892950535E0,-3.292950153E0
1.798954435E1,1.894950032E0,6.910050392E0,-4.012950420E0
1.799198773E1,2.547000170E0,7.219050407E0,-4.723950386E0
1.799443112E1,2.917950153E0,7.675950527E0,-6.055950165E0
1.799687450E1,3.130950212E0,8.077950478E0,-6.859950542E0
1.799931796E1,2.869950056E0,8.446949959E0,-6.871950150E0
1.800176127E1,2.439000130E0,8.575950623E0,-6.124950409E0
1.800420473E1,1.761000037E0,8.490000725E0,-5.244000435E0
1.800664811E1,1.395000100E0,8.356050491E0,-4.744050026E0
1.800909150E1,1.843050122E0,7.699950218E0,-4.642950058E0
1.801153488E1,3.136050224E0,6.730050087E0,-4.758000374E0
1.801397827E1,3.424950123E0,6.225000381E0,-4.618950367E0
1.801642165E1,3.520950079E0,6.088950157E0,-4.360050201E0
1.801886503E1,3.142950058E0,6.594000340E0,-3.831000090E0
1.802130865E1,2.503950119E0,7.570950508E0,-3.232950211E0
1.802375204E1,2.049000025E0,8.080950737E0,-3.304950237E0
1.802619542E1,1.407000065E0,8.437050819E0,-4.168950081E0
1.802863880E1,7.750500441E-1,8.341950417E0,-5.281950474E0
1.803108219E1,9.900000691E-1,8.452050209E0,-5.400000095E0
1.803352557E1,1.855050087E0,8.521050453E0,-5.758950233E0
1.803596899E1,1.998000145E0,9.012000084E0,-5.626950264E0
1.803841237E1,1.942950130E0,9.330000877E0,-5.091000080E0
1.804085576E1,1.215000033E0,9.651000023E0,-4.585950375E0
1.804329914E1,1.219950080E0,9.438000679E0,-3.925050259E0
1.804574252E1,2.077050209E0,9.085950851E0,-4.477950096E0
1.804818600E1,2.176050186E0,8.269950867E0,-4.554000378E0
1.805062931E1,2.383949995E0,7.372050285E0,-4.272000313E0
1.805307277E1,3.243000269E0,7.012950420E0,-3.847950220E0
1.805551616E1,4.117050171E0,6.931050301E0,-4.123050213E0
1.805795954E1,3.682050228E0,7.045950413E0,-4.717050076E0
1.806040292E1,1.849950075E0,7.456050396E0,-5.026050091E0
1.806284631E1,1.078950047E0,7.795950413E0,-4.894050121E0
1.806528970E1,1.074000001E0,8.020950317E0,-4.392000198E0
1.806773308E1,1.347000122E0,8.137949944E0,-4.188000202E0
1.807017646E1,2.226000071E0,8.157000542E0,-4.825050354E0
1.807261985E1,3.070950031E0,8.310000420E0,-6.132000446E0
1.807506324E1,3.136050224E0,8.689050674E0,-6.951000214E0
1.807750685E1,2.929950237E0,8.868000031E0,-7.248000145E0
1.807995024E1,2.089050055E0,8.758049965E0,-6.682950497E0
1.808239362E1,1.918950081E0,8.646000862E0,-5.550000191E0
1.808483701E1,2.254950047E0,8.053950310E0,-4.590000153E0
1.808728040E1,3.234000206E0,7.053000450E0,-3.964950085E0
1.808972378E1,3.913950205E0,6.145950317E0,-4.219050407E0
1.809216717E1,4.065000057E0,6.175050259E0,-4.650000095E0
1.809461055E1,3.226950169E0,6.795000553E0,-4.750950336E0
1.809705401E1,2.386050224E0,7.717050552E0,-3.858000278E0
1.809949740E1,1.900050044E0,8.397000313E0,-3.373950243E0
1.810194078E1,9.520500302E-1,9.016950607E0,-3.300000191E0
1.810438417E1,4.660500288E-1,8.767950058E0,-4.144950390E0
1.810682755E1,8.680500388E-1,8.892000198E0,-4.843950272E0
1.810927095E1,1.741950035E0,8.683950424E0,-5.893050194E0
1.811171433E1,2.721000195E0,8.385000229E0,-6.019950390E0
1.811415772E1,2.764950037E0,8.490000725E0,-5.293950081E0
1.811660110E1,2.094000101E0,8.890050888E0,-4.678950310E0
1.811904448E1,2.389050007E0,8.859000206E0,-4.420050144E0
1.812148787E1,2.884050131E0,8.647950172E0,-4.827000141E0
1.812393125E1,2.341050148E0,8.184000015E0,-5.107050419E0
1.812637487E1,2.470050097E0,7.549050331E0,-4.525950432E0
1.812881802E1,3.097050190E0,6.931050301E0,-3.577950239E0
1.813126162E1,3.970950127E0,6.634050369E0,-3.283050060E0
1.813370500E1,4.275000095E0,6.783000469E0,-3.915000200E0
1.813614839E1,3.025950193E0,7.329000473E0,-4.564050198E0
1.813859177E1,1.486050129E0,7.867950439E0,-5.248950481E0
1.814103516E1,9.310500622E-1,8.152050018E0,-4.942050457E0
1.814347854E1,9.859500527E-1,8.284049988E0,-4.392000198E0
1.814592192E1,1.693950057E0,8.278950691E0,-3.724050283E0
1.814836531E1,2.998950243E0,8.112000465E0,-4.720050335E0
1.815080869E1,3.435000181E0,8.322000504E0,-5.725050449E0
1.815325215E1,3.279000044E0,8.527950287E0,-6.580050468E0
1.815569552E1,2.677950144E0,8.731950760E0,-7.015950203E0
1.815813891E1,2.548950195E0,8.822999954E0,-6.111000061E0
1.816058229E1,2.632950068E0,8.587950706E0,-5.002050400E0
1.816302568E1,2.851050138E0,7.944000244E0,-4.297950268E0
1.816546906E1,3.234000206E0,7.065000534E0,-4.066050053E0
1.816791244E1,3.981000185E0,6.414000511E0,-4.156949997E0
1.817035583E1,3.813000202E0,6.663000107E0,-4.186050415E0
1.817279944E1,2.604000092E0,7.240050316E0,-3.862050295E0
1.817524283E1,2.014950037E0,8.017950058E0,-3.088950157E0
1.817768621E1,2.166000128E0,8.689050674E0,-3.376050234E0
1.818012959E1,1.633950114E0,9.445050240E0,-4.321950436E0
1.818257298E1,9.829500318E-1,9.313950539E0,-5.182050228E0
1.818501636E1,8.749500513E-1,9.096000671E0,-5.305950165E0
1.818745975E1,1.429050088E0,8.808000565E0,-4.578000069E0
1.818990313E1,3.090000153E0,8.008950233E0,-3.934050083E0
1.819234652E1,3.508950233E0,7.923000336E0,-4.198050022E0
1.819478990E1,3.339000225E0,8.284049988E0,-4.948950291E0
1.819723328E1,2.905950069E0,8.428050041E0,-5.890050411E0
1.819967667E1,3.259950161E0,8.428050041E0,-5.962050438E0
1.820212005E1,3.052050114E0,8.092950821E0,-5.337000370E0
1.820456353E1,2.482050180E0,7.870050430E0,-3.712050200E0
1.820700692E1,3.243000269E0,7.326000214E0,-2.686950207E0
1.820945030E1,3.382050276E0,6.736950397E0,-3.046050072E0
1.821189368E1,3.841950178E0,6.802050114E0,-4.111050129E0
1.821433707E1,3.447000265E0,6.579000473E0,-5.731950283E0
1.821678045E1,1.773000121E0,7.540050507E0,-5.950050354E0
1.821922384E1,1.017000079E0,7.896000385E0,-4.947000027E0
1.822166722E1,7.650000453E-1,7.864950180E0,-3.367050171E0
1.822411061E1,1.795050144E0,7.663950443E0,-2.413950205E0
1.822655422E1,3.496950150E0,7.654050350E0,-3.658950090E0
1.822899759E1,3.931050301E0,7.566000462E0,-6.309000492E0
1.823144098E1,4.018949986E0,7.807950497E0,-7.795950413E0
1.823388436E1,3.495000124E0,8.184000015E0,-7.911000252E0
1.823632775E1,3.069000244E0,8.380050659E0,-6.313950062E0
1.823877113E1,3.184050083E0,8.269950867E0,-4.186050415E0
1.824121450E1,3.117000103E0,7.816950321E0,-3.108000040E0
1.824365788E1,4.012050152E0,6.771000385E0,-3.798000097E0
1.824610134E1,4.540950298E0,6.277950287E0,-5.031000137E0
1.824854473E1,4.065000057E0,6.412050247E0,-5.335050106E0
1.825098811E1,3.415950060E0,6.658050537E0,-5.256000042E0
1.825343152E1,2.392950058E0,7.827000141E0,-3.549000263E0
1.825587490E1,2.143949986E0,8.377950668E0,-2.095050097E0
1.825831828E1,1.515000105E0,9.131999969E0,-2.629050016E0
1.826076167E1,9.160500169E-1,8.911050797E0,-4.048950195E0
1.826320506E1,1.210950017E0,8.884950638E0,-5.524050236E0
1.826564843E1,2.053050041E0,9.057000160E0,-6.301950455E0
1.826809182E1,3.073050261E0,8.527950287E0,-5.899950504E0
1.827053520E1,3.307950258E0,8.370000839E0,-4.734000206E0
1.827297859E1,3.267000198E0,8.428050041E0,-3.973050117E0
1.827542197E1,3.271950245E0,8.394000053E0,-4.557000160E0
1.827786535E1,3.586050272E0,8.332050323E0,-5.266050339E0
1.828030874E1,3.121050119E0,7.738050461E0,-5.416050434E0
1.828275235E1,3.226950169E0,7.456050396E0,-4.231050014E0
1.828519574E1,3.804000139E0,6.934050560E0,-3.273000240E0
1.828763912E1,4.543950081E0,6.730050087E0,-3.379050255E0
1.829008251E1,4.816050053E0,6.354000092E0,-4.353000164E0
1.829252590E1,3.114000082E0,6.910050392E0,-4.902000427E0
1.829496928E1,1.807050109E0,7.317000389E0,-4.381950378E0
1.829741266E1,1.812000036E0,7.549050331E0,-3.927000284E0
1.829985605E1,1.729950070E0,7.732950211E0,-3.357000113E0
1.830229950E1,2.800950050E0,7.935000420E0,-3.517950058E0
1.830474288E1,3.732000113E0,8.167050362E0,-5.293950081E0
1.830718627E1,3.775050163E0,8.148000717E0,-6.999000549E0
1.830962965E1,3.523950100E0,8.497050285E0,-7.486950397E0
1.831207305E1,2.920050144E0,8.803950310E0,-6.870000362E0
1.831451643E1,2.487000227E0,8.682000160E0,-5.203050137E0
1.831695982E1,2.647050142E0,8.227050781E0,-3.874050140E0
1.831940320E1,3.583050251E0,7.543950558E0,-3.309000254E0
1.832184682E1,4.399950027E0,6.781050205E0,-4.018050194E0
1.832429022E1,4.675050259E0,6.567000389E0,-4.834950447E0
1.832673361E1,4.126950264E0,6.697050095E0,-4.432050228E0
1.832917699E1,3.202950239E0,7.281000137E0,-5.962050438E0
1.833162038E1,2.844000101E0,7.875000477E0,-3.292950153E0
1.833406353E1,2.662050009E0,7.996950150E0,-9.250500202E-1
1.833650716E1,1.918950081E0,8.428050041E0,-1.933050036E0
1.833895054E1,1.986000061E0,8.374950409E0,-3.865050077E0
1.834139393E1,2.226000071E0,8.749050140E0,-6.139050484E0
1.834383732E1,2.568000078E0,8.764950752E0,-6.939000130E0
1.834628070E1,2.743050098E0,8.785050392E0,-5.482950211E0
1.834872409E1,2.247000217E0,9.112950325E0,-4.162050247E0
1.835116747E1,2.659050226E0,8.998050690E0,-3.154050112E0
1.835361086E1,2.665950060E0,8.974050522E0,-4.107000351E0
1.835605432E1,2.191950083E0,8.464050293E0,-4.984950066E0
1.835849770E1,2.575050116E0,7.720950603E0,-4.858050346E0
1.836094109E1,3.217050076E0,7.269000530E0,-3.328950167E0
1.836338447E1,3.934950113E0,6.979050159E0,-2.695950031E0
1.836582786E1,4.314000130E0,6.418950081E0,-3.598950148E0
1.836827124E1,3.660000086E0,6.547950268E0,-4.915950298E0
1.837071463E1,1.732950091E0,6.874050140E0,-5.167050362E0
1.837315802E1,2.293050051E0,7.024950504E0,-2.440050125E0
1.837560163E1,2.475000143E0,7.210950375E0,-2.620050192E0
1.837804502E1,2.757000208E0,7.594950199E0,-3.415050268E0
1.838048840E1,3.763050079E0,7.765050411E0,-5.775000095E0
1.838293179E1,4.029000282E0,8.113950729E0,-7.702950478E0
1.838537517E1,3.166950226E0,8.794050217E0,-7.248000145E0
1.838781856E1,2.074949980E0,8.992950439E0,-5.641050339E0
1.839026194E1,1.441050053E0,8.871000290E0,-4.771950245E0
1.839270532E1,1.318050027E0,8.593050003E0,-4.423050404E0
1.839514871E1,2.890950203E0,7.686000347E0,-4.285950184E0
1.839759209E1,4.065000057E0,6.811950207E0,-4.423050404E0
1.840003548E1,3.901950121E0,6.535950184E0,-4.320000172E0
1.840247894E1,3.616950274E0,7.053000450E0,-3.621000290E0
1.840492232E1,3.516000271E0,7.153950214E0,-3.541950226E0
1.840736563E1,2.644950151E0,7.783950329E0,-3.345000267E0
1.840980909E1,1.845000029E0,7.720950603E0,-3.139050245E0
1.841225240E1,1.773000121E0,7.848000526E0,-3.403050184E0
1.841469586E1,2.194950104E0,8.467950821E0,-4.602000237E0
1.841713925E1,2.374050140E0,8.773050308E0,-5.790000439E0
1.841958263E1,2.587050200E0,9.193950653E0,-6.055950165E0
1.842202602E1,2.293050051E0,9.631950378E0,-5.028000355E0
1.842446940E1,1.690050125E0,9.922050476E0,-3.906000137E0
1.842691279E1,1.491000056E0,9.511950493E0,-3.694950104E0
1.842935617E1,1.792950034E0,9.285000801E0,-4.195050240E0
1.843179979E1,2.547000170E0,8.064000130E0,-4.756050110E0
1.843424318E1,2.872050047E0,7.161000252E0,-4.420050144E0
1.843668656E1,3.792000294E0,6.874050140E0,-3.190050125E0
1.843912994E1,4.680000305E0,6.679950237E0,-3.288000107E0
1.844157333E1,4.740000248E0,6.457050323E0,-3.616050243E0
1.844401669E1,3.112050056E0,6.699000359E0,-3.798000097E0
1.844646008E1,2.254950047E0,7.234950542E0,-3.613050222E0
1.844890346E1,2.566050053E0,7.156050205E0,-4.180950165E0
1.845134692E1,3.046950102E0,7.633050442E0,-4.480050087E0
1.845379031E1,3.231000185E0,8.047050476E0,-5.452050209E0
1.845623370E1,3.531000137E0,8.317950249E0,-5.847000122E0
1.845867708E1,3.664950132E0,8.694000244E0,-5.821050167E0
1.846112046E1,2.902950048E0,9.220050812E0,-5.638950348E0
1.846356385E1,2.191950083E0,9.295050621E0,-5.506950378E0
1.846600723E1,1.933950067E0,9.010050774E0,-5.638950348E0
1.846845062E1,2.677950144E0,8.217000008E0,-5.131050110E0
1.847089400E1,3.694050074E0,7.258950233E0,-4.429950237E0
1.847333739E1,3.829950094E0,6.880950451E0,-3.676050186E0
1.847578077E1,4.159950256E0,6.417000294E0,-2.971950054E0
1.847822415E1,3.982950211E0,6.702000141E0,-2.871000051E0
1.848066775E1,3.799050093E0,7.498950481E0,-2.818950176E0
1.848311091E1,3.411000252E0,8.152050018E0,-2.818950176E0
1.848555429E1,2.383949995E0,8.569050789E0,-3.199050188E0
1.848799790E1,2.086950064E0,8.641050339E0,-4.063950062E0
1.849044129E1,2.056050062E0,9.016950607E0,-5.092950344E0
1.849288468E1,2.428950071E0,9.034049988E0,-5.626950264E0
1.849532806E1,3.058950186E0,8.919000626E0,-4.971000195E0
1.849777144E1,3.262950182E0,9.091050148E0,-3.961050272E0
1.850021483E1,2.530050039E0,9.405000687E0,-3.292950153E0
1.850265821E1,2.875050068E0,9.084000587E0,-3.850050211E0
1.850510158E1,3.198000193E0,8.655000687E0,-5.170050144E0
1.850754504E1,2.781000137E0,8.302950859E0,-5.284950256E0
1.850998843E1,2.908050060E0,7.446000576E0,-3.949050188E0
1.851243182E1,3.706050158E0,7.045950413E0,-2.469000101E0
1.851487520E1,4.479000092E0,6.796950340E0,-2.275050163E0
1.851731858E1,4.636950016E0,6.781050205E0,-3.301950216E0
1.851976197E1,3.271950245E0,6.936000347E0,-4.236000061E0
1.852220535E1,2.097000122E0,7.657050133E0,-4.369950294E0
1.852464874E1,2.182950020E0,7.693050385E0,-4.207050323E0
1.852709235E1,2.467950106E0,7.879950523E0,-3.403050184E0
1.852953573E1,3.148050070E0,8.097000122E0,-3.220950127E0
1.853197911E1,4.285050392E0,7.783950329E0,-4.590000153E0
1.853442250E1,4.113000393E0,8.338950157E0,-5.536050320E0
1.853686588E1,3.507000208E0,8.703000069E0,-6.573000431E0
1.853930927E1,2.950950146E0,8.848950386E0,-6.525000095E0
1.854175265E1,2.544000149E0,8.734050751E0,-5.028000355E0
1.854419603E1,2.592000008E0,8.171999931E0,-3.511050224E0
1.854663942E1,3.792000294E0,7.482000351E0,-2.799000025E0
1.854908280E1,4.431000233E0,6.663000107E0,-3.553950071E0
1.855152618E1,4.495950222E0,6.627000332E0,-4.192950249E0
1.855396957E1,3.835050106E0,6.637050152E0,-4.063950062E0
1.855641295E1,2.944050074E0,7.483950138E0,-3.216000080E0
1.855885634E1,2.868000031E0,8.148000717E0,-2.533950090E0
1.856129972E1,2.046000004E0,8.679000854E0,-2.457000017E0
1.856374319E1,1.681950092E0,8.659950256E0,-2.902050257E0
1.856618658E1,1.804050088E0,8.329950333E0,-4.063950062E0
1.856862996E1,2.286000013E0,8.670000076E0,-4.969050407E0
1.857107335E1,3.117000103E0,8.670000076E0,-5.458950043E0
1.857351673E1,3.124050140E0,8.872950554E0,-4.657050133E0
1.857596013E1,2.860050201E0,9.274950027E0,-3.790950298E0
1.857840352E1,2.647050142E0,9.193950653E0,-3.457950115E0
1.858084690E1,3.231000185E0,8.835000038E0,-4.068000317E0
1.858329052E1,2.857950211E0,8.334000587E0,-4.921050072E0
1.858573390E1,2.791050196E0,7.717050552E0,-4.381950378E0
1.858817728E1,3.361050129E0,6.880950451E0,-2.773050070E0
1.859062066E1,4.150950432E0,6.622950077E0,-2.164950132E0
1.859306405E1,4.843050003E0,6.490950108E0,-2.919000149E0
1.859550743E1,4.426050186E0,6.711000443E0,-3.925050259E0
1.859795082E1,2.365050077E0,7.441050529E0,-4.096950054E0
1.860039421E1,1.708950043E0,7.798050404E0,-3.786000252E0
1.860283767E1,1.723050117E0,8.088000298E0,-3.142050266E0
1.860528098E1,2.413050175E0,7.993950367E0,-2.869050026E0
1.860772444E1,3.721950293E0,7.963050365E0,-3.727950096E0
1.861016783E1,4.411950111E0,7.968000412E0,-5.361000061E0
1.861261122E1,3.667050123E0,8.452050209E0,-6.187050343E0
1.861505460E1,3.093000174E0,8.880000114E0,-6.372000217E0
1.861749799E1,2.676000118E0,9.019050598E0,-5.365950108E0
1.861994137E1,2.275950193E0,8.797050476E0,-3.858000278E0
1.862238476E1,2.889000177E0,8.112000465E0,-3.075000048E0
1.862482814E1,3.736950159E0,7.306950569E0,-3.135000229E0
1.862727152E1,4.407000065E0,6.535950184E0,-4.011000156E0
1.862971490E1,4.645950317E0,6.433050156E0,-4.162050247E0
1.863215829E1,3.756000280E0,6.784950256E0,-3.640050173E0
1.863460167E1,2.716950178E0,7.582950592E0,-2.388000011E0
1.863704506E1,2.704950094E0,8.437050819E0,-1.827000141E0
1.863948844E1,2.362050056E0,8.812950134E0,-2.308950186E0
1.864193206E1,2.230950117E0,8.866050720E0,-3.181950092E0
1.864437544E1,2.170950174E0,8.550000191E0,-4.594950199E0
1.864681883E1,2.370000124E0,8.824950218E0,-5.301000118E0
1.864926221E1,3.150000095E0,8.940000534E0,-4.861050129E0
1.865170560E1,3.388950109E0,8.923050880E0,-3.781050205E0
1.865414898E1,3.088050127E0,8.943000793E0,-2.851950169E0
1.865659237E1,2.992050171E0,9.112950325E0,-3.091950178E0
1.865903583E1,3.457050085E0,8.854050636E0,-4.381950378E0
1.866147922E1,3.097050190E0,8.374950409E0,-5.248950481E0
1.866392260E1,2.941950083E0,7.759950161E0,-4.195050240E0
1.866636599E1,3.768000126E0,7.258950233E0,-2.658000231E0
1.866880937E1,4.239000320E0,7.080000401E0,-2.209950209E0
1.867125276E1,4.711050034E0,6.879000187E0,-2.775000095E0
1.867369614E1,3.847050190E0,6.931050301E0,-3.750000238E0
1.867613953E1,2.338050127E0,7.683000565E0,-4.068000317E0
1.867858291E1,1.860000134E0,7.959000587E0,-3.754950285E0
1.868102652E1,2.097000122E0,7.927050591E0,-2.962050200E0
1.868346968E1,3.070950031E0,7.999050617E0,-2.323050022E0
1.868591329E1,4.486050129E0,7.948950291E0,-3.496050119E0
1.868835668E1,4.669950008E0,8.236050606E0,-5.268000126E0
1.869080007E1,3.883050203E0,8.703000069E0,-6.478950500E0
1.869324345E1,3.289050102E0,9.001950264E0,-6.727950096E0
1.869568684E1,2.857950211E0,9.004950523E0,-5.188950062E0
1.869813022E1,2.803050041E0,8.619000435E0,-3.427050114E0
1.870057360E1,3.579000235E0,7.846050262E0,-2.433000088E0
1.870301699E1,4.563000202E0,6.967050552E0,-2.875950098E0
1.870546037E1,4.917000294E0,6.703950405E0,-4.090050220E0
1.870790374E1,4.447950363E0,6.763950348E0,-4.660050392E0
1.871034712E1,3.172050238E0,7.222950459E0,-3.964950085E0
1.871279050E1,3.057000160E0,8.112000465E0,-2.110050201E0
1.871523397E1,2.631000042E0,8.476050377E0,-1.545000076E0
1.871767735E1,1.942950130E0,8.988000870E0,-2.038050175E0
1.872012073E1,1.927050114E0,8.479949951E0,-3.391050100E0
1.872256412E1,2.487000227E0,8.725049973E0,-5.038050175E0
1.872500750E1,3.198000193E0,9.193950653E0,-5.605950356E0
1.872745089E1,3.415950060E0,9.084000587E0,-4.996950150E0
1.872989427E1,3.676950216E0,9.204000473E0,-3.733050108E0
1.873233766E1,3.094950199E0,9.235050201E0,-3.558000088E0
1.873478127E1,3.298950195E0,9.103050232E0,-4.114050388E0
1.873722466E1,3.399000168E0,8.655000687E0,-4.806000233E0
1.873966804E1,3.057000160E0,7.968000412E0,-4.444050312E0
1.874211143E1,3.574050188E0,7.168050289E0,-3.340950251E0
1.874455483E1,4.483950138E0,6.928950310E0,-2.514000177E0
1.874699822E1,4.861950397E0,6.694050312E0,-2.911950111E0
1.874944160E1,4.486050129E0,6.807000160E0,-3.585000277E0
1.875188498E1,3.082950115E0,7.384050369E0,-4.102050304E0
1.875432844E1,2.068050146E0,8.077950478E0,-4.015950203E0
1.875677176E1,1.657950044E0,8.002050400E0,-3.259050131E0
1.875921522E1,2.104050159E0,8.097000122E0,-2.601000071E0
1.876165853E1,3.370050192E0,8.281949997E0,-2.902050257E0
1.876410199E1,4.399950027E0,8.305950165E0,-4.995000362E0
1.876654530E1,4.072050095E0,8.629050255E0,-6.147000313E0
1.876898875E1,3.193050146E0,9.079050064E0,-6.538950443E0
1.877143213E1,2.829000235E0,9.250950813E0,-5.617050171E0
1.877387552E1,2.607000113E0,9.093000412E0,-4.095000267E0
1.877631890E1,2.877000093E0,8.452050209E0,-3.259050131E0
1.877876229E1,3.490050077E0,7.537050247E0,-3.337950230E0
1.878120567E1,4.150950432E0,6.759000301E0,-3.867000103E0
1.878364905E1,4.785000324E0,6.577050209E0,-4.114050388E0
1.878609244E1,4.192049980E0,6.739950180E0,-3.718950272E0
1.878853582E1,2.752950191E0,7.185000420E0,-2.787000179E0
1.879097920E1,2.773950100E0,8.049000740E0,-1.810950041E0
1.879342280E1,2.554050207E0,8.557050705E0,-2.335050106E0
1.879586619E1,2.020050049E0,8.844000816E0,-3.625050068E0
1.879830958E1,1.780950069E0,8.751000404E0,-4.966050148E0
1.880075296E1,2.013000011E0,8.872950554E0,-5.203050137E0
1.880319634E1,2.856000185E0,8.977950096E0,-4.420050144E0
1.880563974E1,3.385050058E0,8.694000244E0,-3.691950083E0
1.880808312E1,3.289050102E0,8.779950142E0,-3.309000254E0
1.881052651E1,2.914950132E0,8.787000656E0,-4.012950420E0
1.881296997E1,3.061050177E0,8.737050056E0,-5.071950436E0
1.881541335E1,3.492000103E0,8.389050484E0,-5.613000393E0
1.881785674E1,2.853000164E0,7.851000309E0,-4.774950027E0
1.882030012E1,3.138000250E0,7.336050510E0,-2.742000103E0
1.882274351E1,4.072050095E0,7.042050362E0,-1.849050045E0
1.882518689E1,4.359000206E0,6.960000515E0,-2.317950010E0
1.882763028E1,4.156050205E0,6.751950264E0,-3.870000124E0
1.883007368E1,2.779050112E0,7.165950298E0,-5.221950054E0
1.883251706E1,1.807050109E0,7.744950294E0,-4.933050156E0
1.883496044E1,1.408950090E0,7.698000431E0,-3.214050055E0
1.883740406E1,2.008050203E0,7.792950153E0,-1.552050114E0
1.883984722E1,3.282000065E0,7.959000587E0,-1.855950117E0
1.884229085E1,4.405050278E0,8.008950233E0,-4.492050171E0
1.884473400E1,4.098000050E0,8.221950531E0,-6.778950214E0
1.884717762E1,3.274950266E0,8.631000519E0,-7.654950142E0
1.884962100E1,3.174000263E0,8.787000656E0,-6.259050369E0
1.885206440E1,2.902950048E0,8.650050163E0,-4.348950386E0
1.885450778E1,2.596950054E0,8.160000801E0,-2.514000177E0
1.885695117E1,3.619050264E0,7.398000240E0,-2.116950035E0
1.885939455E1,4.611000061E0,6.567000389E0,-3.328950167E0
1.886183794E1,4.678050041E0,6.570000172E0,-4.317000389E0
1.886428134E1,3.535950184E0,6.712950230E0,-4.432050228E0
1.886672472E1,2.913000107E0,7.324050426E0,-2.955000162E0
1.886916818E1,2.808000088E0,8.101950645E0,-1.738950133E0
1.887161157E1,1.993950129E0,8.835000038E0,-1.569000125E0
1.887405495E1,1.407000065E0,8.701050758E0,-2.755950212E0
1.887649834E1,1.620000124E0,8.710050583E0,-4.293000221E0
1.887894172E1,2.319000006E0,8.902050018E0,-5.377950191E0
1.888138510E1,2.851050138E0,8.986050606E0,-5.263050079E0
1.888382849E1,3.403950214E0,8.822999954E0,-4.032000065E0
1.888627187E1,3.259950161E0,8.890050888E0,-3.439050198E0
1.888871526E1,2.911050081E0,8.976000786E0,-3.843000174E0
1.889115887E1,3.217050076E0,8.820000648E0,-4.510950089E0
1.889360226E1,2.997000217E0,8.002050400E0,-5.196000099E0
1.889604564E1,3.034950256E0,7.563000202E0,-4.321950436E0
1.889848903E1,3.588000059E0,7.188000202E0,-3.196950197E0
1.890093243E1,4.357050419E0,6.736950397E0,-2.373000145E0
1.890337582E1,4.632000446E0,6.721050262E0,-2.899950027E0
1.890581920E1,3.895050287E0,6.973950386E0,-4.011000156E0
1.890826259E1,2.656950235E0,7.753050327E0,-4.794000149E0
1.891070597E1,1.567050099E0,8.125950813E0,-4.569000244E0
1.891314937E1,1.693950057E0,8.112000465E0,-3.417000055E0
1.891559283E1,2.377050161E0,8.284049988E0,-2.526000023E0
1.891803614E1,3.235950232E0,8.539950371E0,-2.875950098E0
1.892047960E1,4.162950039E0,8.203050613E0,-5.146050453E0
1.892292291E1,3.751050234E0,8.482950211E0,-6.673050404E0
1.892536638E1,3.057000160E0,8.989950180E0,-6.943950176E0
1.892780977E1,2.470050097E0,9.241950035E0,-5.625000477E0
1.893025315E1,2.791050196E0,8.947050095E0,-4.047000408E0
1.893269654E1,2.796000242E0,8.314949989E0,-3.364050150E0
1.893513992E1,3.052050114E0,7.639950275E0,-3.397950172E0
1.893758330E1,4.072050095E0,6.910050392E0,-3.999000072E0
1.894002669E1,4.381050110E0,6.730050087E0,-4.123050213E0
1.894247007E1,3.514050245E0,6.928950310E0,-3.931950092E0
1.894491368E1,2.503950119E0,7.465050220E0,-2.943000078E0
1.894735707E1,2.704950094E0,8.197950363E0,-2.119050026E0
1.894980044E1,2.527950048E0,8.722050667E0,-2.469000101E0
1.895224382E1,1.843050122E0,8.899050713E0,-3.799950123E0
1.895468720E1,1.684950113E0,8.907000542E0,-4.959000111E0
1.895713059E1,1.942950130E0,8.782050133E0,-5.263050079E0
1.895957397E1,2.851050138E0,8.655000687E0,-4.420050144E0
1.896201734E1,3.270000219E0,8.449049950E0,-3.666000128E0
1.896446073E1,3.265050173E0,8.655000687E0,-3.466950178E0
1.896690411E1,2.796000242E0,8.827950478E0,-4.351050377E0
1.896934757E1,2.986950159E0,8.734050751E0,-5.052000046E0
1.897179096E1,3.045000076E0,8.329950333E0,-5.695950508E0
1.897423434E1,2.686050177E0,8.128950119E0,-4.771950245E0
1.897667773E1,2.901000023E0,7.540050507E0,-3.415050268E0
1.897912111E1,3.346050262E0,7.221000195E0,-2.281949997E0
1.898156450E1,3.706050158E0,7.060950279E0,-2.421000004E0
1.898400788E1,3.739050150E0,6.856950283E0,-3.640050173E0
1.898645127E1,3.105000257E0,7.494000435E0,-4.960950375E0
1.898889465E1,1.606050134E0,8.052000046E0,-5.187000275E0
1.899133803E1,1.362000108E0,8.209950447E0,-3.738000154E0
1.899378142E1,1.869000077E0,8.197950363E0,-2.335050106E0
1.899622480E1,2.419950008E0,8.381999969E0,-1.830000043E0
1.899866842E1,3.385050058E0,8.346000671E0,-3.690000057E0
1.900111180E1,3.871050119E0,8.284049988E0,-6.088950157E0
1.900355519E1,3.262950182E0,8.799000740E0,-7.030050278E0
1.900599857E1,2.820000172E0,9.100950241E0,-6.393000126E0
1.900844197E1,2.887050152E0,9.091050148E0,-4.753050327E0
1.901088536E1,2.542050123E0,8.827950478E0,-3.549000263E0
1.901332874E1,2.668950081E0,8.167050362E0,-3.036000252E0
1.901577213E1,3.685950279E0,7.305000305E0,-3.730950117E0
1.901821551E1,4.138950348E0,6.751950264E0,-4.557000160E0
1.902065896E1,3.913950205E0,6.606000423E0,-4.843950272E0
1.902310234E1,2.872050047E0,7.018050194E0,-3.762000084E0
1.902554573E1,2.353049994E0,7.887000561E0,-2.296950102E0
1.902798911E1,2.491950035E0,8.655000687E0,-1.843950033E0
1.903043250E1,2.056050062E0,9.253950119E0,-2.790000200E0
1.903287586E1,1.462050080E0,9.237000465E0,-4.369950294E0
1.903531925E1,1.660950065E0,9.036000252E0,-5.506950378E0
1.903776263E1,2.077050209E0,9.037950516E0,-5.485950470E0
1.904020602E1,2.736000061E0,8.767950058E0,-4.348950386E0
1.904264940E1,3.412950277E0,8.707950592E0,-3.259050131E0
1.904509301E1,3.270000219E0,8.718000412E0,-3.132000208E0
1.904753639E1,2.997000217E0,8.800950050E0,-3.802950144E0
1.904997978E1,3.286950111E0,8.476050377E0,-5.127000332E0
1.905242316E1,3.334050179E0,8.116950035E0,-5.926050186E0
1.905486654E1,2.949000120E0,7.827000141E0,-4.783950329E0
1.905730992E1,3.069000244E0,7.453050137E0,-2.991000175E0
1.905975330E1,3.660000086E0,7.221000195E0,-1.971000075E0
1.906219669E1,4.102950096E0,7.015050411E0,-2.461950064E0
1.906464007E1,3.694050074E0,7.156050205E0,-4.291050434E0
1.906708346E1,2.326050043E0,7.810050488E0,-5.412000179E0
1.906952687E1,1.540950060E0,8.233950615E0,-4.948950291E0
1.907197026E1,1.455000043E0,8.215050697E0,-3.430950165E0
1.907441364E1,2.062950134E0,8.358000755E0,-1.786950111E0
1.907685702E1,3.073050261E0,8.409000397E0,-2.239050150E0
1.907930048E1,3.727050066E0,8.176050186E0,-4.957050323E0
1.908174389E1,3.733950138E0,8.605050087E0,-6.706950188E0
1.908418727E1,3.190950155E0,9.052950859E0,-7.135050297E0
1.908663066E1,2.776950121E0,9.145950317E0,-5.838000298E0
1.908907404E1,2.692950010E0,9.093000412E0,-4.019999981E0
1.909151744E1,2.671050072E0,8.587950706E0,-2.929050207E0
1.909396082E1,3.361050129E0,7.753050327E0,-3.171000242E0
1.909640444E1,4.219950199E0,6.964950562E0,-4.118999958E0
1.909884782E1,4.156050205E0,6.691950321E0,-4.935000420E0
1.910129121E1,3.370050192E0,6.891000271E0,-4.465950012E0
1.910373460E1,2.464950085E0,7.578000546E0,-2.941050053E0
1.910617798E1,2.200050116E0,8.485050201E0,-1.669050097E0
1.910862137E1,2.143949986E0,9.049950600E0,-1.914000034E0
1.911106475E1,1.684950113E0,9.244050026E0,-3.496050119E0
1.911350814E1,1.516950130E0,9.115050316E0,-5.017050266E0
1.911595153E1,1.788000107E0,8.964000702E0,-5.787000179E0
1.911839491E1,2.439000130E0,8.986050606E0,-5.116950035E0
1.912083837E1,3.088050127E0,8.806050301E0,-4.126049995E0
1.912328176E1,3.126000166E0,8.752950668E0,-3.072000027E0
1.912572514E1,2.962950230E0,8.896950722E0,-3.190050125E0
1.912816853E1,2.937000036E0,8.710050583E0,-4.308000088E0
1.913061191E1,3.315000057E0,8.290950775E0,-5.602950096E0
1.913305530E1,3.006000042E0,7.879950523E0,-5.421000481E0
1.913549868E1,2.760000229E0,7.410000324E0,-3.798000097E0
1.913794206E1,3.379950047E0,7.273950577E0,-2.254050016E0
1.914038545E1,3.997950077E0,6.916950226E0,-2.209950209E0
1.914282883E1,4.057950020E0,6.936000347E0,-3.550950050E0
1.914527222E1,2.719050169E0,7.528050423E0,-4.975950241E0
1.914771560E1,1.498050094E0,8.026050568E0,-5.301000118E0
1.915015899E1,1.195950031E0,8.203050613E0,-4.281000137E0
1.915260240E1,1.551000118E0,8.248050690E0,-2.694000244E0
1.915504601E1,2.608950138E0,8.251049995E0,-2.052000046E0
1.915748940E1,3.849000216E0,7.978050232E0,-3.783000231E0
1.915993279E1,3.835050106E0,8.269950867E0,-6.333000183E0
1.916237617E1,3.294000149E0,8.751000404E0,-7.191000462E0
1.916481955E1,2.416950226E0,9.076950073E0,-6.582000256E0
1.916726294E1,2.389050007E0,9.084000587E0,-4.450950146E0
1.916970632E1,2.407950163E0,8.634000778E0,-2.931000233E0
1.917214971E1,2.821950197E0,7.999050617E0,-2.710950136E0
1.917459317E1,3.840000153E0,7.032000542E0,-3.658950090E0
1.917703650E1,4.282950401E0,6.594000340E0,-4.875000000E0
1.917947996E1,3.852000237E0,6.772950172E0,-4.936950207E0
1.918192334E1,2.641950130E0,7.326000214E0,-3.850050211E0
1.918436673E1,1.915050149E0,8.241000175E0,-2.328000069E0
1.918681011E1,2.230950117E0,8.755949974E0,-1.803000093E0
1.918925348E1,1.821000099E0,9.205950737E0,-2.863950253E0
1.919169687E1,1.459950089E0,8.880000114E0,-4.573950291E0
1.919414025E1,1.599000096E0,8.619000435E0,-5.412000179E0
1.919658364E1,2.556000233E0,8.689050674E0,-5.565000057E0
1.919902702E1,3.094950199E0,8.710050583E0,-4.621050358E0
1.920147062E1,3.196050167E0,8.899050713E0,-3.372000217E0
1.920391401E1,2.896050215E0,8.808000565E0,-3.235050201E0
1.920635739E1,2.644950151E0,8.964000702E0,-3.970050097E0
1.920880078E1,3.033000231E0,8.611950874E0,-5.364000320E0
1.921124417E1,2.781000137E0,8.061000824E0,-5.589000225E0
1.921368755E1,2.832000017E0,7.438950539E0,-4.143000126E0
1.921613094E1,3.291000128E0,7.140000343E0,-2.445000172E0
1.921857432E1,4.234950066E0,6.775950432E0,-1.999950051E0
1.922101770E1,4.453050137E0,6.820950508E0,-3.268950224E0
1.922346109E1,3.258000135E0,7.390950203E0,-4.897050381E0
1.922590448E1,1.785000086E0,8.131050110E0,-5.649000168E0
1.922834786E1,1.243950009E0,8.212050438E0,-4.758000374E0
1.923079132E1,1.464000106E0,8.248050690E0,-3.003000259E0
1.923323471E1,2.329050064E0,8.160000801E0,-1.825050116E0
1.923567810E1,3.823050261E0,8.092950821E0,-2.782950163E0
1.923812149E1,4.030950069E0,8.184000015E0,-5.886000156E0
1.924056487E1,3.399000168E0,8.770050049E0,-7.075950146E0
1.924300826E1,2.700000048E0,9.031050682E0,-7.192950249E0
1.924545164E1,2.250000000E0,9.313950539E0,-5.005050182E0
1.924789502E1,2.422049999E0,9.001950264E0,-3.106050253E0
1.925033840E1,2.680950165E0,8.224050522E0,-2.443050146E0
1.925278202E1,3.562050104E0,7.216050148E0,-3.319050074E0
1.925522518E1,4.309050083E0,6.577050209E0,-4.617000103E0
1.925766879E1,4.237050056E0,6.682050228E0,-5.080950260E0
1.926011215E1,3.025950193E0,7.147050381E0,-4.180950165E0
1.926255553E1,2.022000074E0,7.981950283E0,-2.412000179E0
1.926499892E1,2.439000130E0,8.775000572E0,-1.401000023E0
1.926744230E1,2.209050179E0,9.129000664E0,-2.766000032E0
1.926988569E1,1.732950091E0,9.277950287E0,-4.473000050E0
1.927232906E1,1.708950043E0,8.647950172E0,-5.910000324E0
1.927477244E1,2.329050064E0,8.770050049E0,-5.593950272E0
1.927721583E1,3.220050097E0,8.635950089E0,-4.174050331E0
1.927965929E1,3.258000135E0,8.566950798E0,-3.111000061E0
1.928210268E1,3.448950052E0,8.622000694E0,-3.060000181E0
1.928454606E1,3.001950026E0,8.713050842E0,-4.107000351E0
1.928698944E1,3.246000051E0,8.622000694E0,-5.554950237E0
1.928943282E1,3.271950245E0,8.119050026E0,-6.043950081E0
1.929187621E1,2.764950037E0,7.783950329E0,-4.606950283E0
1.929431959E1,3.238950253E0,7.282950401E0,-2.638950109E0
1.929676296E1,3.768000126E0,7.132050514E0,-1.770000100E0
1.929920634E1,4.204050064E0,6.903000355E0,-2.644050121E0
1.930164973E1,3.741000175E0,7.144050121E0,-4.522950172E0
1.930409311E1,2.515950203E0,7.942050457E0,-5.755950451E0
1.930653673E1,1.435950041E0,8.329950333E0,-5.361000061E0
1.930898009E1,1.311000109E0,8.305950165E0,-3.489000082E0
1.931142348E1,1.929000139E0,8.131050110E0,-1.545000076E0
1.931386686E1,3.190950155E0,8.064000130E0,-1.411050081E0
1.931631025E1,4.443000317E0,7.993950367E0,-4.279050350E0
1.931875363E1,4.018949986E0,8.254950523E0,-6.793050289E0
1.932119700E1,3.085050106E0,8.706000328E0,-7.509000301E0
1.932364039E1,2.932050228E0,8.976000786E0,-5.995950222E0
1.932608385E1,2.872050047E0,9.163050652E0,-3.795000076E0
1.932852716E1,2.647050142E0,8.581050873E0,-2.598000050E0
1.933097062E1,3.259950161E0,7.759950161E0,-2.802000046E0
1.933341393E1,4.170000076E0,6.985950470E0,-4.138050079E0
1.933585739E1,4.285050392E0,6.675000191E0,-5.032950401E0
1.933830070E1,3.661950111E0,6.855000496E0,-4.653000355E0
1.934074416E1,2.347950220E0,7.540050507E0,-3.147000074E0
1.934318755E1,2.206950188E0,8.479949951E0,-1.423050046E0
1.934563093E1,2.494050026E0,8.887950897E0,-1.863000035E0
1.934807432E1,1.876050115E0,9.313950539E0,-3.439050198E0
1.935051770E1,1.539000034E0,8.808000565E0,-4.948950291E0
1.935296108E1,1.809000134E0,8.650050163E0,-5.263050079E0
1.935540447E1,2.997000217E0,8.835000038E0,-4.447050095E0
1.935784808E1,3.616950274E0,8.473050117E0,-3.633000135E0
1.936029124E1,3.873000145E0,8.337000847E0,-3.111000061E0
1.936273485E1,3.403950214E0,8.527950287E0,-3.738000154E0
1.936517824E1,3.142950058E0,8.586000443E0,-5.079000473E0
1.936762162E1,3.567000151E0,8.332050323E0,-5.761050224E0
1.937006499E1,3.081000090E0,7.894050598E0,-4.951950073E0
1.937250837E1,2.914950132E0,7.381050587E0,-3.241950035E0
1.937495176E1,3.684000254E0,7.039050102E0,-1.969050050E0
1.937739514E1,4.378050327E0,6.694050312E0,-2.481000185E0
1.937983860E1,4.017000198E0,6.919050217E0,-3.883950233E0
1.938228200E1,3.439950228E0,7.408050537E0,-5.083950043E0
1.938472539E1,2.077050209E0,8.278950691E0,-5.572050095E0
1.938716877E1,1.351950049E0,8.503950119E0,-4.183050156E0
1.938961216E1,1.438050032E0,8.272050858E0,-2.422950029E0
1.939205554E1,2.371950150E0,8.128950119E0,-1.116000056E0
1.939449893E1,3.648000240E0,7.947000504E0,-2.614950180E0
1.939694231E1,4.225049973E0,7.836000443E0,-5.557950497E0
1.939938570E1,3.777000189E0,8.254950523E0,-6.817050457E0
1.940182908E1,3.157050133E0,8.806050301E0,-6.517950535E0
1.940427246E1,2.929950237E0,9.189000130E0,-4.513950348E0
1.940671585E1,3.013950109E0,9.136950493E0,-3.166050196E0
1.940915946E1,2.913000107E0,8.518950462E0,-3.036000252E0
1.941160262E1,3.487950087E0,7.585050583E0,-4.011000156E0
1.941404623E1,4.000050068E0,6.934050560E0,-4.906050205E0
1.941648939E1,4.042950153E0,6.667950153E0,-4.690950394E0
1.941893300E1,3.435000181E0,6.864000320E0,-3.538950205E0
1.942137639E1,2.602050066E0,7.662000179E0,-2.275050163E0
1.942381977E1,2.416950226E0,8.503950119E0,-1.803000093E0
1.942626316E1,2.536950111E0,8.952000618E0,-3.132000208E0
1.942870653E1,2.170950174E0,9.508050919E0,-4.485000134E0
1.943114992E1,2.213999987E0,9.072000504E0,-5.437950134E0
1.943359330E1,2.098950148E0,8.803950310E0,-5.340000153E0
1.943603676E1,2.619000196E0,8.506950378E0,-3.517950058E0
1.943848015E1,3.436950207E0,7.948950291E0,-2.886000156E0
1.944092354E1,3.604950190E0,8.217000008E0,-2.590950012E0
1.944336692E1,2.800950050E0,7.993950367E0,-3.738000154E0
1.944581031E1,3.745950222E0,8.512050629E0,-5.212950230E0
1.944825369E1,5.443950176E0,8.782050133E0,-5.620050430E0
1.945069708E1,2.146950006E0,8.433000565E0,-5.491050243E0
1.945314046E1,1.906950116E0,7.918050289E0,-3.891000271E0
1.945558407E1,3.034950256E0,7.494000435E0,-2.359050035E0
1.945802746E1,3.772950172E0,7.330950260E0,-2.353950024E0
1.946047084E1,4.347000122E0,6.666000366E0,-3.124950171E0
1.946291423E1,3.090000153E0,6.898050308E0,-4.779000282E0
1.946535761E1,2.101050138E0,7.678050518E0,-4.839000225E0
1.946780100E1,1.555050015E0,8.145000458E0,-3.702000141E0
1.947024438E1,1.828050137E0,8.053950310E0,-1.999950051E0
1.947268777E1,3.289050102E0,7.591950417E0,-1.846050143E0
1.947513115E1,4.363950253E0,7.996950150E0,-3.574950218E0
1.947757452E1,4.098000050E0,7.789050579E0,-6.427050114E0
1.948001790E1,3.898950100E0,8.245950699E0,-6.712050438E0
1.948246129E1,3.523950100E0,8.533050537E0,-5.955000401E0
1.948490467E1,3.234000206E0,8.955000877E0,-4.039950371E0
1.948734814E1,2.911050081E0,9.001950264E0,-3.208950043E0
1.948979146E1,2.520000219E0,8.269950867E0,-2.992950201E0
1.949223492E1,4.261050224E0,7.180050373E0,-3.706950188E0
1.949467831E1,4.551000118E0,6.892950535E0,-4.851000309E0
1.949712169E1,3.322050095E0,7.141950130E0,-4.854000092E0
1.949956508E1,3.081000090E0,7.255050182E0,-3.300000191E0
1.950200846E1,2.740950108E0,8.002050400E0,-2.136000156E0
1.950445185E1,2.326050043E0,8.968950272E0,-1.396050096E0
1.950689523E1,2.025000095E0,8.812950134E0,-2.730000019E0
1.950933862E1,1.539000034E0,8.776950836E0,-4.425000191E0
1.951178200E1,2.118000031E0,8.855999947E0,-5.139000416E0
1.951422562E1,3.022950172E0,8.967000008E0,-5.263050079E0
1.951666900E1,3.540000200E0,8.635950089E0,-4.441950321E0
1.951911239E1,3.375000238E0,8.794050217E0,-3.319050074E0
1.952155577E1,3.162000179E0,8.863950729E0,-3.088950157E0
1.952399915E1,3.040050030E0,8.967000008E0,-3.736050129E0
1.952644254E1,2.688000202E0,8.989950180E0,-4.168950081E0
1.952888600E1,1.729950070E0,8.125950813E0,-5.521950245E0
1.953132938E1,3.982950211E0,7.396050453E0,-1.933050036E0
1.953377277E1,4.618050098E0,6.783000469E0,-2.791950226E0
1.953621615E1,4.455000401E0,7.434000492E0,-3.597000122E0
1.953865954E1,4.085999966E0,5.932950497E0,-5.086050034E0
1.954110292E1,2.482050180E0,7.137000561E0,-4.636050224E0
1.954354630E1,1.692000031E0,7.221000195E0,-3.067950249E0
1.954598969E1,1.918950081E0,7.674000263E0,-2.275050163E0
1.954843307E1,3.985950232E0,7.566000462E0,-2.814000130E0
1.955087646E1,4.579050064E0,8.044950485E0,-4.474950314E0
1.955331984E1,4.189050198E0,8.287050247E0,-7.104000568E0
1.955576323E1,3.888000250E0,8.530950546E0,-7.629000187E0
1.955820661E1,2.680950165E0,8.902050018E0,-6.532050133E0
1.956065000E1,1.978950143E0,9.213000298E0,-4.210050106E0
1.956309338E1,1.528950095E0,8.962050438E0,-2.265000105E0
1.956553700E1,2.812050104E0,7.791000366E0,-2.179050207E0
1.956798038E1,4.267950058E0,7.128000259E0,-3.058050156E0
1.957042377E1,4.555950165E0,6.880950451E0,-4.581000328E0
1.957286715E1,3.748950243E0,7.362000465E0,-4.686000347E0
1.957531054E1,3.291000128E0,7.657050133E0,-3.853050232E0
1.957775392E1,2.347950220E0,8.394000053E0,-2.365950108E0
1.958019731E1,1.963050127E0,8.494950294E0,-1.447050095E0
1.958264069E1,2.056050062E0,8.302950859E0,-2.434950113E0
1.958508415E1,3.010950089E0,8.422950745E0,-4.246050358E0
1.958752754E1,3.330000162E0,8.515950203E0,-5.737050056E0
1.958997092E1,3.544950247E0,9.061950684E0,-6.160950184E0
1.959241431E1,2.868000031E0,9.328050613E0,-5.445000172E0
1.959485769E1,2.464950085E0,9.481050491E0,-3.843000174E0
1.959730108E1,2.710050106E0,8.932950020E0,-2.923950195E0
1.959974446E1,2.652000189E0,8.718000412E0,-2.890050173E0
1.960218808E1,2.781000137E0,8.059050560E0,-3.727950096E0
1.960463123E1,3.448950052E0,7.372050285E0,-4.003950119E0
1.960707462E1,4.456950188E0,7.077000141E0,-3.961050272E0
1.960951823E1,4.450050354E0,7.144050121E0,-3.715950251E0
1.961196162E1,3.840000153E0,7.165950298E0,-3.430950165E0
1.961440500E1,2.449050188E0,7.366950512E0,-3.214050055E0
1.961684839E1,2.074949980E0,7.683000565E0,-4.009050369E0
1.961929177E1,3.172050238E0,7.444050312E0,-2.392050028E0
1.962173517E1,3.969000101E0,7.647000313E0,-2.716050148E0
1.962417855E1,3.628950119E0,7.939050198E0,-5.059950352E0
1.962662194E1,5.041950226E0,7.908000469E0,-5.766000271E0
1.962906532E1,4.066950321E0,9.151050568E0,-6.538950443E0
1.963150871E1,2.845950127E0,9.180000305E0,-5.791950226E0
1.963395210E1,2.367000103E0,8.976000786E0,-4.107000351E0
1.963639548E1,1.963050127E0,8.718000412E0,-3.036000252E0
1.963883886E1,2.571000099E0,7.711950302E0,-2.419050217E0
1.964128233E1,4.498050213E0,6.670050144E0,-3.408000231E0
1.964372572E1,4.648950100E0,6.709050179E0,-4.207050323E0
1.964616911E1,3.781950235E0,7.039050102E0,-4.108950138E0
1.964861249E1,3.748950243E0,7.480050564E0,-2.991000175E0
1.965105588E1,3.097050190E0,8.284049988E0,-2.035950184E0
1.965349926E1,2.323950052E0,8.479949951E0,-2.280000210E0
1.965594263E1,2.290950060E0,8.308050156E0,-3.385950089E0
1.965838602E1,3.061050177E0,7.867950439E0,-4.711950302E0
1.966082963E1,3.339000225E0,8.161950111E0,-5.304000378E0
1.966327302E1,3.871050119E0,8.314949989E0,-5.433000088E0
1.966571640E1,3.399000168E0,8.686050415E0,-4.666950226E0
1.966815978E1,2.899050236E0,9.322950363E0,-3.454950094E0
1.967060317E1,2.463000059E0,9.334950447E0,-2.967000246E0
1.967304656E1,2.110949993E0,9.096000671E0,-3.549000263E0
1.967548994E1,2.431950092E0,8.626950264E0,-4.051949978E0
1.967793332E1,3.157050133E0,7.702050209E0,-3.771000147E0
1.968037669E1,4.132050037E0,7.135050297E0,-2.794950247E0
1.968282008E1,4.467000008E0,6.982050419E0,-3.040950060E0
1.968526346E1,4.299000263E0,6.904950142E0,-3.526950121E0
1.968770685E1,2.779050112E0,7.257000446E0,-3.855000257E0
1.969015031E1,1.930950046E0,7.513050556E0,-3.229950190E0
1.969259369E1,2.599050045E0,7.606950283E0,-3.019950151E0
1.969503707E1,3.660000086E0,7.551000595E0,-3.178050041E0
1.969748046E1,4.210950375E0,7.765050411E0,-4.344000340E0
1.969992384E1,4.483950138E0,8.047050476E0,-6.130050182E0
1.970236723E1,4.183950424E0,8.623950005E0,-6.412050247E0
1.970481061E1,3.139950037E0,9.145950317E0,-6.003000259E0
1.970725400E1,2.215950012E0,9.145950317E0,-4.485000134E0
1.970969738E1,1.632000089E0,8.859000206E0,-3.321000099E0
1.971214100E1,2.299950123E0,8.173950195E0,-2.953050137E0
1.971458438E1,4.066950321E0,7.125000477E0,-3.445950270E0
1.971702778E1,4.491000175E0,6.618000507E0,-4.530000210E0
1.971947116E1,3.922950268E0,6.823950291E0,-4.176000118E0
1.972191455E1,3.567000151E0,7.434000492E0,-3.012000084E0
1.972435793E1,2.913000107E0,8.097000122E0,-2.251049995E0
1.972680132E1,2.176050186E0,8.418000221E0,-1.819950104E0
1.972924470E1,1.837950110E0,8.257950783E0,-2.770950079E0
1.973168816E1,2.596950054E0,8.269950867E0,-4.195050240E0
1.973413155E1,3.532950163E0,8.239050865E0,-5.646000385E0
1.973657493E1,3.367950201E0,8.488050461E0,-6.094050407E0
1.973901832E1,3.187950134E0,8.719950676E0,-4.921050072E0
1.974146171E1,2.701950073E0,9.498000145E0,-3.538950205E0
1.974390509E1,2.506050110E0,9.406949997E0,-2.919000149E0
1.974634847E1,2.161050081E0,9.237000465E0,-3.288000107E0
1.974879186E1,2.227950096E0,8.607000351E0,-4.384050369E0
1.975123524E1,3.102000237E0,7.674000263E0,-4.549950123E0
1.975367886E1,4.052999973E0,7.084950447E0,-3.628050089E0
1.975612201E1,4.736999989E0,6.769050121E0,-3.226050138E0
1.975856540E1,4.369050026E0,6.735000134E0,-3.289950132E0
1.976100878E1,3.186000109E0,6.951000214E0,-3.261000156E0
1.976345215E1,2.002950191E0,7.528050423E0,-2.919000149E0
1.976589577E1,2.307000160E0,7.498950481E0,-3.135000229E0
1.976833915E1,3.243000269E0,7.516050339E0,-3.817050219E0
1.977078254E1,3.661950111E0,8.017950058E0,-4.372050285E0
1.977322592E1,4.156050205E0,8.275050163E0,-5.553000450E0
1.977566930E1,4.126950264E0,8.634000778E0,-5.764050484E0
1.977811269E1,3.271950245E0,9.241950035E0,-5.617050171E0
1.978055607E1,2.259000063E0,9.330000877E0,-5.088000298E0
1.978299946E1,1.756950140E0,9.151050568E0,-4.147050381E0
1.978544291E1,2.058000088E0,8.362950325E0,-3.508050203E0
1.978788630E1,3.475950241E0,7.312050343E0,-3.352050066E0
1.979032968E1,4.213050365E0,6.814050198E0,-3.826950073E0
1.979277307E1,4.194000244E0,6.769050121E0,-3.738000154E0
1.979521645E1,3.856050253E0,7.020000458E0,-3.259050131E0
1.979765984E1,3.238950253E0,7.777050495E0,-2.437950134E0
1.980010321E1,2.893950224E0,8.446949959E0,-2.275050163E0
1.980254683E1,2.401050091E0,8.755949974E0,-2.838000059E0
1.980498998E1,2.221050024E0,8.394000053E0,-4.030050278E0
1.980743360E1,2.664000034E0,8.358000755E0,-4.879950047E0
1.980987698E1,3.054000139E0,8.611950874E0,-5.134050369E0
1.981232037E1,3.174000263E0,8.578950882E0,-4.612050056E0
1.981476376E1,3.388950109E0,8.824950218E0,-3.511050224E0
1.981720714E1,2.839050055E0,9.273000717E0,-2.821050167E0
1.981965053E1,2.713950157E0,9.073950768E0,-3.277950048E0
1.982209391E1,2.959050179E0,8.920950890E0,-4.582950115E0
1.982453728E1,2.815050125E0,8.337000847E0,-5.148000240E0
1.982698066E1,3.070950031E0,7.585050583E0,-4.147050381E0
1.982942405E1,3.777000189E0,7.228050232E0,-2.572050095E0
1.983186743E1,4.441050053E0,7.027050495E0,-2.119050026E0
1.983431082E1,4.540950298E0,6.952950478E0,-3.103050232E0
1.983675419E1,3.355950117E0,7.180050373E0,-4.198050022E0
1.983919766E1,2.046000004E0,7.528050423E0,-4.449000359E0
1.984164104E1,2.155950069E0,7.597050190E0,-3.955950260E0
1.984408443E1,2.710050106E0,7.602000237E0,-3.072000027E0
1.984652781E1,3.571050167E0,7.816950321E0,-2.706000090E0
1.984897120E1,4.515000343E0,8.080950737E0,-4.084949970E0
1.985141459E1,4.258950233E0,8.518950462E0,-5.275050163E0
1.985385797E1,3.523950100E0,9.096000671E0,-6.561000347E0
1.985630159E1,2.725950241E0,9.241950035E0,-6.357000351E0
1.985874497E1,1.930950046E0,9.144000053E0,-4.855950356E0
1.986118836E1,2.137050152E0,8.491950035E0,-2.931000233E0
1.986363174E1,3.588000059E0,7.414950371E0,-2.281949997E0
1.986607513E1,4.420950413E0,6.702000141E0,-2.875950098E0
1.986851851E1,4.635000229E0,6.625050545E0,-3.871950150E0
1.987096190E1,3.739050150E0,7.044000149E0,-4.152000427E0
1.987340528E1,3.181050062E0,7.894050598E0,-3.537000179E0
1.987584874E1,2.662050009E0,8.404050827E0,-2.922000170E0
1.987829205E1,1.765950084E0,8.908950806E0,-2.512050152E0
1.988073551E1,1.539000034E0,8.425050735E0,-2.959950209E0
1.988317882E1,2.692950010E0,8.404050827E0,-4.084949970E0
1.988562228E1,3.322050095E0,8.629050255E0,-5.529000282E0
1.988806567E1,2.965950251E0,8.844000816E0,-5.713050365E0
1.989050905E1,3.516000271E0,9.049950600E0,-4.605000019E0
1.989295244E1,2.518050194E0,9.538950920E0,-3.795000076E0
1.989539582E1,2.713950157E0,9.280050278E0,-3.685050249E0
1.989783922E1,2.884050131E0,8.907000542E0,-4.143000126E0
1.990028260E1,2.764950037E0,8.076000214E0,-4.273950100E0
1.990272599E1,3.448950052E0,7.270950317E0,-3.706950188E0
1.990516937E1,4.432950020E0,6.864000320E0,-3.067950249E0
1.990761276E1,5.062950134E0,6.642000198E0,-3.457950115E0
1.991005638E1,4.432950020E0,6.814050198E0,-4.035000324E0
1.991249976E1,2.602050066E0,7.219050407E0,-3.999000072E0
1.991494315E1,1.764000058E0,7.735950470E0,-3.529950142E0
1.991738653E1,2.049000025E0,7.735950470E0,-2.914050102E0
1.991982992E1,2.938950062E0,7.872000217E0,-3.148950100E0
1.992227329E1,3.436950207E0,8.152050018E0,-4.060950279E0
1.992471668E1,4.021950245E0,8.353950500E0,-5.845050335E0
1.992716006E1,4.101000309E0,8.677050591E0,-6.250050068E0
1.992960352E1,2.956050158E0,9.373950005E0,-6.184950352E0
1.993204682E1,2.077050209E0,9.322950363E0,-5.155050278E0
1.993449028E1,1.812000036E0,8.971050262E0,-3.604050159E0
1.993693359E1,2.653950214E0,8.200050354E0,-3.223050117E0
1.993937705E1,3.694050074E0,7.027050495E0,-3.292950153E0
1.994182044E1,4.419000149E0,6.532050133E0,-4.116000175E0
1.994426382E1,4.632000446E0,6.543000221E0,-4.321950436E0
1.994670721E1,3.538050175E0,7.120950222E0,-3.634950161E0
1.994915059E1,2.950950146E0,7.852950573E0,-2.446950197E0
1.995159398E1,2.985000134E0,8.422950745E0,-2.182049990E0
1.995403736E1,2.013000011E0,8.944950104E0,-2.710950136E0
1.995648076E1,1.594050050E0,8.430000305E0,-3.841050148E0
1.995892415E1,2.200050116E0,8.296050072E0,-4.918050289E0
1.996136753E1,2.839050055E0,8.698050499E0,-5.256000042E0
1.996381115E1,3.210000038E0,8.662050247E0,-4.855950356E0
1.996625453E1,3.487950087E0,8.851950645E0,-3.730950117E0
1.996869792E1,2.704950094E0,9.256050110E0,-3.409950256E0
1.997114130E1,2.623050213E0,9.238950729E0,-3.901050091E0
1.997358469E1,3.174000263E0,8.851950645E0,-4.899000168E0
1.997602807E1,2.686050177E0,8.088000298E0,-5.104950428E0
1.997847146E1,2.851050138E0,7.434000492E0,-3.955950260E0
1.998091491E1,3.852000237E0,6.912000179E0,-2.388000011E0
1.998335830E1,4.572000027E0,6.598950386E0,-2.485950232E0
1.998580169E1,4.740000248E0,6.844950199E0,-3.232950211E0
1.998824507E1,3.133050203E0,7.188000202E0,-4.396049976E0
1.999068845E1,1.930950046E0,7.963050365E0,-4.693050385E0
1.999313184E1,1.702050090E0,8.083050728E0,-3.991950274E0
1.999557522E1,2.158950090E0,8.121000290E0,-3.292950153E0
1.999801861E1,2.884050131E0,8.077950478E0,-2.869050026E0
2.000046199E1,3.852000237E0,8.209950447E0,-3.913050175E0
2.000290538E1,4.243950367E0,8.191050529E0,-5.317950249E0
2.000534874E1,3.267000198E0,8.931000710E0,-6.072000504E0
2.000779236E1,2.415000200E0,9.268050194E0,-6.154050350E0
2.001023551E1,2.370000124E0,9.172050476E0,-4.959000111E0
2.001267913E1,2.674050093E0,8.694000244E0,-3.688050270E0
2.001512228E1,3.138000250E0,7.732950211E0,-3.205950260E0
2.001756591E1,3.928050280E0,6.976950169E0,-3.381000042E0
2.002000930E1,4.369050026E0,6.748950481E0,-3.819000244E0
2.002245268E1,4.042950153E0,6.910050392E0,-3.802950144E0
2.002489607E1,2.913000107E0,7.458000183E0,-3.280950069E0
2.002733945E1,2.614050150E0,8.193000793E0,-2.637000084E0
2.002978284E1,2.641950130E0,8.657999992E0,-2.959950209E0
2.003222630E1,1.813950062E0,8.947050095E0,-3.985050201E0
2.003466968E1,1.374000072E0,8.500050545E0,-4.384050369E0
2.003711307E1,1.600950122E0,8.575950623E0,-4.273950100E0
2.003955646E1,2.698050022E0,8.749050140E0,-4.087950230E0
2.004199984E1,3.763050079E0,8.533050537E0,-4.212000370E0
2.004444323E1,3.496950150E0,8.832000732E0,-4.104000092E0
2.004688661E1,3.114000082E0,9.073950768E0,-4.873050213E0
2.004933000E1,3.076050043E0,8.928000450E0,-5.617050171E0
2.005177361E1,3.174000263E0,8.739000320E0,-5.613000393E0
2.005421677E1,3.009000063E0,8.089950562E0,-4.794000149E0
2.005666038E1,2.982000113E0,7.461000443E0,-3.273000240E0
2.005910354E1,3.679050207E0,6.766050339E0,-2.526000023E0
2.006154715E1,4.515000343E0,6.441000462E0,-2.854050159E0
2.006399055E1,4.510050297E0,6.790050507E0,-4.099050045E0
2.006643394E1,3.469050169E0,7.402950287E0,-4.959000111E0
2.006887732E1,2.262000084E0,8.446949959E0,-5.392050266E0
2.007132070E1,1.267950058E0,8.694000244E0,-4.327050209E0
2.007376409E1,1.117050052E0,8.398950577E0,-2.728050232E0
2.007620747E1,1.705950022E0,8.397000313E0,-1.954050064E0
2.007865086E1,2.974950075E0,8.236050606E0,-2.919000149E0
2.008109424E1,4.396950245E0,7.981950283E0,-5.052000046E0
2.008353770E1,3.865950108E0,8.491950035E0,-5.718000412E0
2.008598109E1,2.728950024E0,8.947050095E0,-6.264000416E0
2.008842448E1,2.962950230E0,9.229950905E0,-5.440050125E0
2.009086786E1,3.223950148E0,9.204000473E0,-4.339050293E0
2.009331125E1,2.881950140E0,8.635950089E0,-3.642000198E0
2.009575463E1,3.105000257E0,7.723950386E0,-3.652050257E0
2.009819802E1,4.029000282E0,6.675000191E0,-4.015950203E0
2.010064164E1,4.431000233E0,6.192000389E0,-4.212000370E0
2.010308502E1,3.777000189E0,6.598950386E0,-3.658950090E0
2.010552841E1,2.407950163E0,7.300050259E0,-2.821050167E0
2.010797179E1,2.101050138E0,8.080950737E0,-2.152950048E0
2.011041518E1,2.355000019E0,8.785050392E0,-2.728050232E0
2.011285856E1,2.188050032E0,9.337950706E0,-3.927000284E0
2.011530194E1,1.905000091E0,9.454950333E0,-4.855950356E0
2.011774532E1,1.681950092E0,9.012000084E0,-5.440050125E0
2.012018871E1,2.134950161E0,8.641050339E0,-4.207050323E0
2.012263217E1,3.502050161E0,8.143050194E0,-3.340950251E0
2.012507556E1,3.592950106E0,7.932000160E0,-2.887950182E0
2.012751894E1,3.943050146E0,8.137949944E0,-3.499050140E0
2.012996232E1,3.588000059E0,8.157000542E0,-4.866000175E0
2.013240563E1,3.816000223E0,8.095050812E0,-5.371050358E0
2.013484909E1,3.901950121E0,7.956000328E0,-5.626950264E0
2.013729248E1,2.953950167E0,7.996950150E0,-4.308000088E0
2.013973586E1,3.172050238E0,7.378950119E0,-2.979000092E0
2.014217925E1,3.112050056E0,7.141950130E0,-2.467050076E0
2.014462263E1,4.132050037E0,7.089000225E0,-2.775000095E0
2.014706602E1,3.346050262E0,7.180050373E0,-4.321950436E0
2.014950939E1,2.407950163E0,7.699950218E0,-5.272950172E0
2.015195278E1,1.572000027E0,8.068950653E0,-4.504050255E0
2.015439639E1,1.254000068E0,8.284049988E0,-2.407050133E0
2.015683978E1,1.732950091E0,7.839000225E0,-1.372050047E0
2.015928316E1,2.623050213E0,7.815000534E0,-1.903950095E0
2.016172655E1,4.278000355E0,7.753050327E0,-4.260000229E0
2.016416993E1,4.411950111E0,7.875000477E0,-5.995950222E0
2.016661332E1,3.847050190E0,8.554950714E0,-6.505950451E0
2.016905670E1,3.457050085E0,9.028950691E0,-5.989050388E0
2.017150016E1,3.190950155E0,9.148050308E0,-4.557000160E0
2.017394355E1,2.803050041E0,8.931000710E0,-3.499050140E0
2.017638693E1,3.291000128E0,8.160000801E0,-3.094050169E0
2.017883032E1,4.207950115E0,7.018050194E0,-4.011000156E0
2.018127370E1,4.147950172E0,6.409050465E0,-4.870050430E0
2.018371708E1,3.727050066E0,6.655950546E0,-4.674000263E0
2.018616047E1,2.938950062E0,7.065000534E0,-3.415050268E0
2.018860386E1,2.353049994E0,8.035050392E0,-2.239050150E0
2.019104724E1,2.386050224E0,8.854050636E0,-1.795950055E0
2.019349062E1,1.905000091E0,9.381000519E0,-2.775000095E0
2.019593401E1,1.620000124E0,9.382950783E0,-4.248000145E0
2.019837740E1,1.882950068E0,8.914050102E0,-5.413950443E0
2.020082101E1,2.463000059E0,8.847000122E0,-5.530950069E0
2.020326440E1,3.313050270E0,8.536050797E0,-4.798950195E0
2.020570778E1,3.784950256E0,8.574000359E0,-3.441000223E0
2.020815116E1,3.672000170E0,8.626950264E0,-3.171000242E0
2.021059454E1,3.271950245E0,8.715000153E0,-3.565950155E0
2.021303793E1,3.538050175E0,8.599950790E0,-4.507050037E0
2.021548131E1,3.421050072E0,8.136000633E0,-5.316000462E0
2.021792470E1,3.198000193E0,7.674000263E0,-4.759950161E0
2.022036808E1,3.303000212E0,7.249950409E0,-3.534000158E0
2.022281154E1,3.970950127E0,6.961950302E0,-2.593050241E0
2.022525493E1,4.267950058E0,6.900000095E0,-2.862000227E0
2.022769831E1,3.238950253E0,7.264050484E0,-3.988950253E0
2.023014170E1,2.170950174E0,7.932000160E0,-4.858050346E0
2.023258508E1,1.467000127E0,8.380050659E0,-4.392000198E0
2.023502846E1,1.479000092E0,8.197950363E0,-3.453000069E0
2.023747184E1,2.482050180E0,7.987050533E0,-2.421000004E0
2.023991546E1,3.957000256E0,7.882050514E0,-3.205950260E0
2.024235861E1,4.354050159E0,7.732950211E0,-5.365950108E0
2.024480224E1,4.101000309E0,8.392050743E0,-6.385950089E0
2.024724562E1,3.270000219E0,8.827950478E0,-6.690000534E0
2.024968901E1,2.644950151E0,9.157950401E0,-5.440050125E0
2.025213239E1,2.713950157E0,9.043050766E0,-3.955950260E0
2.025457578E1,3.016050100E0,8.446949959E0,-3.288000107E0
2.025701916E1,3.708000183E0,7.546950340E0,-3.534000158E0
2.025946255E1,4.285050392E0,6.856950283E0,-4.284000397E0
2.026190593E1,4.333050251E0,6.571950436E0,-4.642950058E0
2.026434932E1,3.646050215E0,6.760950089E0,-3.862050295E0
2.026679270E1,2.358000040E0,7.555950165E0,-2.977050066E0
2.026923610E1,2.319000006E0,8.409000397E0,-2.188950062E0
2.027167949E1,2.118000031E0,8.758049965E0,-2.481000185E0
2.027412287E1,1.771050096E0,8.887950897E0,-3.415050268E0
2.027656633E1,1.857000113E0,8.442000389E0,-4.480050087E0
2.027900972E1,2.524950027E0,8.284049988E0,-5.074050426E0
2.028145308E1,3.193050146E0,8.659950256E0,-4.726950169E0
2.028389647E1,3.495000124E0,8.622000694E0,-4.363049984E0
2.028633985E1,3.370050192E0,8.725049973E0,-4.006050110E0
2.028878324E1,3.064050198E0,8.890050888E0,-4.237950325E0
2.029122683E1,2.901000023E0,8.785050392E0,-4.396049976E0
2.029366999E1,3.519000053E0,8.389050484E0,-4.984950066E0
2.029611360E1,3.310050249E0,7.663950443E0,-4.735949993E0
2.029855699E1,3.274950266E0,7.021950245E0,-3.940950155E0
2.030100037E1,3.873000145E0,6.520050526E0,-2.962050200E0
2.030344376E1,4.651050091E0,6.325950146E0,-3.124950171E0
2.030588714E1,4.144050121E0,6.675000191E0,-4.171050072E0
2.030833053E1,2.626050234E0,7.555950165E0,-4.930050373E0
2.031077391E1,1.824000120E0,8.209950447E0,-4.911000252E0
2.031321730E1,1.411950111E0,8.275050163E0,-3.553950071E0
2.031566068E1,1.917000055E0,8.227050781E0,-2.263050079E0
2.031810414E1,2.809950113E0,8.125950813E0,-2.457000017E0
2.032054745E1,4.101000309E0,7.824000359E0,-4.648050308E0
2.032299091E1,4.255949974E0,8.131050110E0,-6.262050152E0
2.032543430E1,3.346050262E0,8.887950897E0,-6.618000507E0
2.032787768E1,2.439000130E0,9.486000061E0,-6.147000313E0
2.033032107E1,2.548950195E0,9.453000069E0,-4.600050449E0
2.033276445E1,2.757000208E0,8.959050179E0,-3.400050163E0
2.033520784E1,3.172050238E0,8.053950310E0,-3.289950132E0
2.033765122E1,4.110000134E0,7.030050278E0,-3.898050070E0
2.034009461E1,4.467000008E0,6.474000454E0,-4.903950214E0
2.034253822E1,4.186950207E0,6.463950157E0,-4.911000252E0
2.034498161E1,2.974950075E0,7.189950466E0,-3.835950136E0
2.034742499E1,2.068050146E0,7.891050339E0,-2.785050154E0
2.034986838E1,2.179949999E0,8.746050835E0,-2.383050203E0
2.035231176E1,2.209050179E0,9.067049980E0,-3.336000204E0
2.035475515E1,1.893000126E0,8.968950272E0,-4.528050423E0
2.035719853E1,1.981950045E0,8.488050461E0,-5.280000210E0
2.035964192E1,2.482050180E0,8.458950043E0,-5.245950222E0
2.036208530E1,3.319950104E0,8.325000763E0,-4.714950085E0
2.036452870E1,3.495000124E0,8.392050743E0,-3.927000284E0
2.036697208E1,3.322050095E0,8.551950455E0,-3.724050283E0
2.036941554E1,2.856000185E0,8.626950264E0,-4.068000317E0
2.037185885E1,3.526050091E0,8.445000648E0,-5.047950268E0
2.037430231E1,3.607050180E0,7.936950207E0,-5.746950150E0
2.037674571E1,3.052050114E0,7.414950371E0,-4.851000309E0
2.037918910E1,3.220050097E0,6.898050308E0,-3.360000134E0
2.038163248E1,4.153050423E0,6.715950489E0,-2.359050035E0
2.038407587E1,4.443000317E0,6.570000172E0,-3.048000097E0
2.038651925E1,3.286950111E0,7.269000530E0,-4.576050282E0
2.038896263E1,2.274000168E0,7.891050339E0,-5.263050079E0
2.039140602E1,1.459950089E0,8.092950821E0,-4.687950134E0
2.039384963E1,1.108050108E0,8.227050781E0,-2.959950209E0
2.039629302E1,2.073000193E0,7.984950542E0,-1.987950087E0
2.039873640E1,3.817950249E0,7.786050320E0,-2.731950045E0
2.040117979E1,4.134000301E0,7.822050571E0,-5.371050358E0
2.040362317E1,3.840000153E0,8.278950691E0,-6.838950157E0
2.040606656E1,3.634050131E0,8.674050331E0,-6.997050285E0
2.040850994E1,3.076050043E0,8.956950188E0,-5.790000439E0
2.041095339E1,2.908050060E0,8.878050804E0,-4.011000156E0
2.041339678E1,2.641950130E0,8.421000481E0,-2.998050213E0
2.041584017E1,3.388950109E0,7.662000179E0,-2.910000086E0
2.041828355E1,4.558050156E0,6.583950520E0,-3.819000244E0
2.042072694E1,4.387950420E0,6.265950203E0,-4.570950031E0
2.042317032E1,3.375000238E0,6.831000328E0,-4.375050068E0
2.042561370E1,2.317050219E0,7.671000481E0,-3.217950106E0
2.042805709E1,2.221050024E0,8.657999992E0,-1.966050148E0
2.043050047E1,2.038950205E0,8.916000366E0,-2.206050158E0
2.043294386E1,1.552950025E0,9.442950249E0,-3.321000099E0
2.043538725E1,1.297050118E0,8.938050270E0,-4.842000008E0
2.043783064E1,2.073000193E0,8.548050880E0,-5.493000031E0
2.044027402E1,3.483000278E0,8.629050255E0,-4.866000175E0
2.044271740E1,3.363000154E0,8.506950378E0,-3.939000130E0
2.044516102E1,3.615000248E0,8.482950211E0,-3.094050169E0
2.044760441E1,3.117000103E0,8.554950714E0,-3.877050161E0
2.045004779E1,3.315000057E0,8.626950264E0,-4.887000084E0
2.045249118E1,3.378000259E0,8.266950607E0,-5.682000160E0
2.045493456E1,2.980050087E0,7.543950558E0,-4.878000259E0
2.045737794E1,3.313050270E0,6.976950169E0,-3.448050261E0
2.045982131E1,4.102950096E0,6.847950459E0,-2.146050215E0
2.046226477E1,4.477050304E0,6.498000145E0,-2.634000063E0
2.046470816E1,3.876000166E0,6.804000378E0,-4.047000408E0
2.046715154E1,2.914950132E0,7.534950256E0,-5.344950199E0
2.046959493E1,1.702050090E0,8.161950111E0,-5.548050404E0
2.047203831E1,1.227000117E0,8.358000755E0,-3.843000174E0
2.047448169E1,1.702050090E0,8.104949951E0,-2.188950062E0
2.047692508E1,2.941950083E0,7.972950459E0,-1.837050080E0
2.047936869E1,4.201050282E0,7.870050430E0,-4.423050404E0
2.048181185E1,4.201050282E0,8.119050026E0,-6.742950439E0
2.048425546E1,3.415950060E0,8.701050758E0,-7.363050461E0
2.048669862E1,2.515950203E0,9.172050476E0,-6.147000313E0
2.048914223E1,2.602050066E0,9.295050621E0,-3.975000143E0
2.049158539E1,2.616000175E0,8.775000572E0,-2.842050076E0
2.049402900E1,3.223950148E0,7.884000301E0,-2.878050089E0
2.049647239E1,4.113000393E0,7.033950329E0,-3.991950274E0
2.049891577E1,4.465050220E0,6.625050545E0,-4.921050072E0
2.050135916E1,4.081050396E0,6.718050480E0,-4.827000141E0
2.050380254E1,2.587050200E0,7.513050556E0,-3.238050222E0
2.050624592E1,2.182950020E0,8.428050041E0,-1.444050074E0
2.050868931E1,2.407950163E0,8.848950386E0,-1.602000117E0
2.051113277E1,1.897950053E0,9.469050407E0,-3.178050041E0
2.051357616E1,1.713000059E0,9.046050072E0,-4.984950066E0
2.051601954E1,2.125050068E0,8.670000076E0,-6.046050072E0
2.051846292E1,2.923050165E0,8.797050476E0,-5.392050266E0
2.052090630E1,3.315000057E0,8.629050255E0,-3.870000124E0
2.052334969E1,3.499950171E0,8.607000351E0,-2.608050108E0
2.052579307E1,3.327000141E0,8.782050133E0,-3.259050131E0
2.052823646E1,3.151950121E0,8.791950226E0,-4.723950386E0
2.053067984E1,3.499950171E0,8.557050705E0,-6.058050156E0
2.053312345E1,3.331950188E0,7.972950459E0,-5.787000179E0
2.053556684E1,3.175950050E0,7.546950340E0,-3.934050083E0
2.053801022E1,3.753000259E0,7.147050381E0,-2.194050074E0
2.054045361E1,4.267950058E0,6.888000488E0,-1.863000035E0
2.054289699E1,4.194000244E0,6.835950375E0,-3.127050161E0
2.054534038E1,3.255000114E0,7.281000137E0,-4.890000343E0
2.054778376E1,1.945950150E0,8.065950394E0,-5.673000336E0
2.055022715E1,1.395000100E0,8.203050613E0,-4.518000126E0
2.055267053E1,1.543950081E0,8.119050026E0,-2.506950140E0
2.055511392E1,2.638050079E0,8.056950569E0,-1.165950060E0
2.055755736E1,4.018949986E0,7.960950375E0,-2.731950045E0
2.056000067E1,4.503000259E0,7.984950542E0,-5.584050179E0
2.056244413E1,3.724950075E0,8.530950546E0,-7.219050407E0
2.056488752E1,2.977950096E0,8.931000710E0,-7.063950539E0
2.056733090E1,2.721000195E0,9.067049980E0,-4.729050159E0
2.056977429E1,2.784000158E0,8.646000862E0,-2.871000051E0
2.057221767E1,3.325050116E0,8.023050308E0,-2.095050097E0
2.057466106E1,4.077000141E0,7.120950222E0,-3.103050232E0
2.057710444E1,4.563000202E0,6.630000114E0,-4.582950115E0
2.057954782E1,4.243950367E0,6.667950153E0,-4.897050381E0
2.058199146E1,3.004050255E0,7.015050411E0,-3.843000174E0
2.058443484E1,2.269050121E0,8.080950737E0,-1.726950049E0
2.058687823E1,2.524950027E0,8.718000412E0,-1.174050093E0
2.058932161E1,1.939050078E0,9.309000015E0,-2.209950209E0
2.059176499E1,1.666050076E0,8.983050346E0,-4.009050369E0
2.059420838E1,2.041949987E0,8.800950050E0,-5.622000217E0
2.059665176E1,2.556000233E0,8.976000786E0,-5.695950508E0
2.059909515E1,3.448950052E0,8.695950508E0,-4.516050339E0
2.060153853E1,3.799050093E0,8.677050591E0,-3.108000040E0
2.060398193E1,3.294000149E0,8.827950478E0,-2.692050219E0
2.060642531E1,3.178950071E0,8.740950584E0,-3.783000231E0
2.060886870E1,3.636000156E0,8.755949974E0,-4.978050232E0
2.061131216E1,3.205050230E0,8.257950783E0,-5.304000378E0
2.061375555E1,2.929950237E0,7.659000397E0,-3.894000292E0
2.061619895E1,3.990000248E0,7.396050453E0,-2.275050163E0
2.061864233E1,4.414050102E0,7.093950272E0,-2.287050009E0
2.062108572E1,4.426050186E0,7.092000484E0,-3.412050247E0
2.062352910E1,3.433050156E0,7.125000477E0,-4.750950336E0
2.062597249E1,2.044049978E0,8.017950058E0,-4.927950382E0
2.062841585E1,1.474050045E0,8.281949997E0,-3.661050081E0
2.063085947E1,1.687050104E0,8.109000206E0,-2.425950050E0
2.063330285E1,2.913000107E0,8.200050354E0,-1.758000135E0
2.063574624E1,4.065000057E0,8.308050156E0,-3.388050079E0
2.063818962E1,4.290000439E0,8.229000092E0,-6.171000481E0
2.064063299E1,3.504000187E0,8.800950050E0,-7.095000267E0
2.064307638E1,3.030000210E0,9.223050117E0,-6.514950275E0
2.064551984E1,2.901000023E0,8.974050522E0,-3.139050245E0
2.064796315E1,2.728950024E0,8.554950714E0,-2.536050081E0
2.065040661E1,2.611050129E0,8.171999931E0,-3.913050175E0
2.065284992E1,3.856050253E0,7.233000278E0,-4.770000458E0
2.065529338E1,4.536000252E0,6.891000271E0,-4.710000038E0
2.065773676E1,4.065000057E0,6.790050507E0,-3.871950150E0
2.066018015E1,3.009000063E0,6.955050468E0,-2.656050205E0
2.066262353E1,2.803050041E0,7.795950413E0,-1.890000105E0
2.066506692E1,2.716950178E0,8.344050407E0,-2.308950186E0
2.066751030E1,2.026950121E0,8.797050476E0,-3.321000099E0
2.066995369E1,1.852050066E0,8.500050545E0,-4.344000340E0
2.067239707E1,2.290950060E0,8.446949959E0,-5.043000221E0
2.067484046E1,2.938950062E0,8.895000458E0,-4.708050251E0
2.067728385E1,3.286950111E0,8.694000244E0,-4.120950222E0
2.067972746E1,3.660000086E0,8.791950226E0,-3.367050171E0
2.068217085E1,3.013950109E0,8.847000122E0,-3.910050154E0
2.068461423E1,2.986950159E0,8.851950645E0,-4.711950302E0
2.068705762E1,3.457050085E0,8.674050331E0,-5.163000107E0
2.068950102E1,2.628000021E0,8.065950394E0,-4.825050354E0
2.069194441E1,2.908050060E0,7.530000210E0,-3.250050068E0
2.069438779E1,3.910950184E0,7.237950325E0,-1.870050073E0
2.069683125E1,4.477050304E0,6.912000179E0,-2.275050163E0
2.069927464E1,4.009950161E0,7.027050495E0,-3.688050270E0
2.070171804E1,3.004050255E0,7.306950569E0,-4.768050194E0
2.070416142E1,2.046000004E0,7.948950291E0,-4.834950447E0
2.070660480E1,1.480950117E0,8.185950279E0,-3.610950232E0
2.070904819E1,2.118000031E0,7.984950542E0,-2.242050171E0
2.071149159E1,3.319950104E0,8.181000710E0,-1.729050040E0
2.071393498E1,4.278000355E0,8.208000183E0,-3.553950071E0
2.071637836E1,4.399950027E0,8.299050331E0,-6.166050434E0
2.071882198E1,3.387000084E0,8.964000702E0,-7.128000259E0
2.072126513E1,2.632950068E0,9.133950233E0,-6.372000217E0
2.072370874E1,2.638050079E0,9.164999962E0,-4.213950157E0
2.072615190E1,2.773950100E0,8.751000404E0,-2.665050030E0
2.072859551E1,3.066000223E0,7.827000141E0,-2.173950195E0
2.073103890E1,4.275000095E0,7.012950420E0,-3.168000221E0
2.073348228E1,4.620000362E0,6.831000328E0,-4.348950386E0
2.073592568E1,3.945000172E0,6.892950535E0,-4.573950291E0
2.073836907E1,2.905950069E0,7.293000221E0,-3.582000256E0
2.074081245E1,2.896050215E0,8.044950485E0,-2.227050066E0
2.074325584E1,2.785950184E0,8.602950096E0,-1.909050107E0
2.074569922E1,2.178000212E0,8.671950340E0,-3.016950130E0
2.074814272E1,2.044049978E0,8.530950546E0,-4.368000031E0
2.075058610E1,2.554050207E0,8.571000099E0,-5.134050369E0
2.075302949E1,3.235950232E0,8.679000854E0,-4.708050251E0
2.075547287E1,3.607050180E0,8.526000023E0,-3.903000116E0
2.075791626E1,3.531000137E0,8.643000603E0,-3.321000099E0
2.076035966E1,3.243000269E0,8.634000778E0,-3.562950134E0
2.076280304E1,3.373050213E0,8.614950180E0,-4.223999977E0
2.076524665E1,3.307950258E0,8.305950165E0,-5.014050007E0
2.076769004E1,2.880000114E0,7.870050430E0,-4.483050346E0
2.077013342E1,3.463950157E0,7.329000473E0,-2.911950111E0
2.077257680E1,4.318050385E0,7.081950188E0,-1.996950150E0
2.077502019E1,4.426050186E0,7.033950329E0,-2.701050043E0
2.077746357E1,3.934950113E0,6.967050552E0,-4.128000259E0
2.077990696E1,2.590050220E0,7.420050144E0,-4.801050186E0
2.078235034E1,1.924050093E0,7.863000393E0,-4.368000031E0
2.078479374E1,1.966950059E0,7.923000336E0,-3.226050138E0
2.078723713E1,2.668950081E0,7.923000336E0,-2.116950035E0
2.078968051E1,4.174950123E0,7.992000580E0,-2.301000118E0
2.079212389E1,4.627050400E0,8.104949951E0,-4.747950077E0
2.079456728E1,4.042950153E0,8.695950508E0,-6.408000469E0
2.079701074E1,3.169050217E0,8.932950020E0,-7.092000484E0
2.079945413E1,2.956050158E0,9.072000504E0,-5.704050064E0
2.080189752E1,2.863050222E0,8.820000648E0,-3.613050222E0
2.080434090E1,2.757000208E0,8.215050697E0,-2.347050190E0
2.080678429E1,3.865950108E0,7.480050564E0,-2.035950184E0
2.080922766E1,4.807050228E0,6.903000355E0,-3.187050104E0
2.081167104E1,4.495950222E0,6.994050503E0,-4.417950153E0
2.081411443E1,3.238950253E0,7.378950119E0,-4.546950340E0
2.081655804E1,3.082950115E0,7.851000309E0,-3.481950283E0
2.081900143E1,2.764950037E0,8.440050125E0,-2.218050003E0
2.082144483E1,2.070000172E0,8.586000443E0,-1.960950136E0
2.082388821E1,2.061000109E0,8.406000137E0,-3.015000105E0
2.082633160E1,2.616000175E0,8.365950584E0,-4.405950069E0
2.082877498E1,3.259950161E0,8.751000404E0,-5.064000130E0
2.083121837E1,3.480000257E0,8.895000458E0,-5.020950317E0
2.083366175E1,3.487950087E0,8.971050262E0,-4.092000008E0
2.083610514E1,3.094950199E0,9.022050858E0,-3.721050262E0
2.083854852E1,3.211950064E0,8.818050385E0,-3.642000198E0
2.084099198E1,3.267000198E0,8.381999969E0,-4.432050228E0
2.084343537E1,3.025950193E0,7.872000217E0,-4.447050095E0
2.084587875E1,3.598050117E0,7.219050407E0,-3.601050138E0
2.084832214E1,4.419000149E0,6.955050468E0,-2.557950020E0
2.085076552E1,4.627050400E0,6.888000488E0,-2.577000141E0
2.085320891E1,4.393050194E0,6.912000179E0,-3.721050262E0
2.085565229E1,3.069000244E0,7.378950119E0,-4.423050404E0
2.085809567E1,2.077050209E0,7.756950378E0,-4.315050125E0
2.086053905E1,1.945950150E0,7.807950497E0,-3.678000212E0
2.086298244E1,2.914950132E0,7.762050152E0,-2.791950226E0
2.086542605E1,3.901950121E0,7.774050236E0,-2.746950150E0
2.086786945E1,4.524000168E0,7.992000580E0,-4.389000416E0
2.087031283E1,4.333050251E0,8.406000137E0,-5.632050037E0
2.087275622E1,3.301050186E0,9.024000168E0,-6.460050106E0
2.087519960E1,2.872050047E0,9.144000053E0,-5.785050392E0
2.087764299E1,2.712000132E0,8.926050186E0,-4.155000210E0
2.088008635E1,2.560950041E0,8.385000229E0,-3.034050226E0
2.088252974E1,3.483000278E0,7.633050442E0,-2.562000036E0
2.088497320E1,4.543950081E0,6.940950394E0,-3.094050169E0
2.088741651E1,4.651050091E0,6.802050114E0,-3.769050121E0
2.088985997E1,3.837000132E0,7.051050186E0,-3.891000271E0
2.089230328E1,3.069000244E0,7.791000366E0,-3.232950211E0
2.089474674E1,2.929950237E0,8.301000595E0,-2.553000212E0
2.089719005E1,2.439000130E0,8.715000153E0,-2.356050014E0
2.089963351E1,2.106000185E0,8.406000137E0,-2.967000246E0
2.090207689E1,2.568000078E0,8.254950523E0,-4.000950336E0
2.090452027E1,3.100050211E0,8.452050209E0,-4.738950253E0
2.090696365E1,3.231000185E0,8.545050621E0,-4.825050354E0
2.090940704E1,3.820050240E0,8.718000412E0,-3.999000072E0
2.091185042E1,3.172050238E0,8.992950439E0,-3.408000231E0
2.091429381E1,3.078000069E0,8.791950226E0,-3.400050163E0
2.091673742E1,3.670050144E0,8.518950462E0,-2.287050009E0
2.091918081E1,2.671050072E0,8.305950165E0,-5.257950306E0
2.092162420E1,3.010950089E0,7.738050461E0,-5.722950459E0
2.092406758E1,3.880050182E0,7.258950233E0,-3.834000111E0
2.092651096E1,4.279950142E0,7.105950356E0,-2.449950218E0
2.092895434E1,4.254000187E0,6.991050243E0,-2.115000010E0
2.093139780E1,3.612000227E0,7.324050426E0,-3.285000086E0
2.093384119E1,2.389050007E0,7.597050190E0,-4.321950436E0
2.093628457E1,1.837950110E0,7.848000526E0,-4.399050236E0
2.093872796E1,2.068050146E0,7.726050377E0,-3.739950180E0
2.094117131E1,3.378000259E0,7.687950134E0,-2.383050203E0
2.094361469E1,4.327950001E0,7.690050602E0,-2.845050097E0
2.094605808E1,4.443000317E0,8.241000175E0,-4.389000416E0
2.094850146E1,3.781950235E0,8.811000824E0,-5.919000149E0
2.095094484E1,3.066000223E0,9.164999962E0,-6.793050289E0
2.095338823E1,2.851050138E0,9.073950768E0,-3.525000095E0
2.095583161E1,2.223000050E0,8.776950836E0,-3.870000124E0
2.095827500E1,2.671050072E0,8.329950333E0,-3.970050097E0
2.096071838E1,4.242000103E0,7.128000259E0,-3.634950161E0
2.096316200E1,4.180050373E0,7.285950184E0,-3.853050232E0
2.096560537E1,3.985950232E0,6.943050385E0,-3.348000050E0
2.096804876E1,3.054000139E0,7.635000229E0,-3.235050201E0
2.097049214E1,2.559000015E0,8.248050690E0,-2.881050110E0
2.097293553E1,2.213999987E0,8.734050751E0,-2.548050165E0
2.097537891E1,1.903050065E0,8.749050140E0,-2.875950098E0
2.097782228E1,2.049000025E0,8.374950409E0,-3.577950239E0
2.098026567E1,2.656950235E0,8.392050743E0,-4.650000095E0
2.098270913E1,3.025950193E0,8.647950172E0,-5.230050087E0
2.098515251E1,3.166950226E0,8.872950554E0,-4.807950020E0
2.098759590E1,3.412950277E0,9.010050774E0,-4.030050278E0
2.099003926E1,2.587050200E0,9.322950363E0,-3.532050133E0
2.099248265E1,2.856000185E0,9.108000755E0,-3.714000225E0
2.099492603E1,2.796000242E0,8.710050583E0,-4.554000378E0
2.099736942E1,3.129000187E0,8.080950737E0,-4.636050224E0
2.099981303E1,3.496950150E0,7.338000298E0,-3.790950298E0
2.100225642E1,3.895050287E0,7.069950104E0,-2.668050051E0
2.100469980E1,4.361999989E0,6.790050507E0,-2.526000023E0
2.100714319E1,4.227000237E0,7.084950447E0,-3.373950243E0
2.100958657E1,2.961000204E0,7.555950165E0,-4.273950100E0
2.101202994E1,1.843050122E0,7.903050423E0,-4.630950451E0
2.101447332E1,1.728000045E0,7.984950542E0,-4.018050194E0
2.101691671E1,2.391000032E0,7.987050533E0,-2.778000116E0
2.101936009E1,3.379950047E0,8.047050476E0,-2.395050049E0
2.102180348E1,4.126950264E0,8.100000381E0,-3.937050104E0
2.102424686E1,4.000050068E0,8.539950371E0,-5.407050133E0
2.102669025E1,3.223950148E0,9.223050117E0,-6.343050480E0
2.102913363E1,2.560950041E0,9.412050247E0,-5.926050186E0
2.103157702E1,2.410050154E0,9.129000664E0,-4.413000107E0
2.103402048E1,2.662050009E0,8.548050880E0,-2.893050194E0
2.103646388E1,3.567000151E0,7.645050526E0,-2.364000082E0
2.103890726E1,4.363950253E0,6.844950199E0,-3.055950165E0
2.104135065E1,4.807050228E0,6.514950275E0,-3.961050272E0
2.104379403E1,4.394999981E0,6.735000134E0,-4.096950054E0
2.104623742E1,2.848050117E0,7.611000538E0,-3.304950237E0
2.104868080E1,2.596950054E0,8.653050423E0,-2.212949991E0
2.105112441E1,2.212050200E0,9.055050850E0,-2.083950043E0
2.105356757E1,1.663050056E0,9.193950653E0,-2.911950111E0
2.105601118E1,1.572000027E0,8.763000488E0,-4.195050240E0
2.105845434E1,2.458050013E0,8.737050056E0,-5.110050201E0
2.106089794E1,3.472950220E0,8.746050835E0,-4.971000195E0
2.106334132E1,3.354000092E0,8.773050308E0,-3.910050154E0
2.106578471E1,3.598050117E0,8.940000534E0,-2.983950138E0
2.106822809E1,3.040050030E0,9.064949989E0,-3.307050228E0
2.107067148E1,3.196050167E0,8.752950668E0,-4.420050144E0
2.107311486E1,3.484950066E0,8.248050690E0,-5.308950424E0
2.107555825E1,3.427950144E0,7.579950333E0,-4.461000443E0
2.107800163E1,3.813000202E0,7.000950336E0,-3.051000118E0
2.108044509E1,4.465050220E0,6.862050533E0,-1.948950052E0
2.108288848E1,4.857000351E0,6.783000469E0,-2.505000114E0
2.108533185E1,3.928050280E0,7.189950466E0,-3.817050219E0
2.108777523E1,2.335950136E0,7.923000336E0,-4.851000309E0
2.109021862E1,1.570050120E0,8.287050247E0,-4.708050251E0
2.109266200E1,1.630050063E0,8.296050072E0,-3.289950132E0
2.109510539E1,2.752950191E0,8.064000130E0,-2.107050180E0
2.109754899E1,4.219950199E0,8.026050568E0,-2.658000231E0
2.109999238E1,4.720950127E0,8.085000038E0,-4.741050243E0
2.110243576E1,3.955050230E0,8.578950882E0,-6.192000389E0
2.110487915E1,3.247950077E0,9.069000244E0,-6.730950356E0
2.110732253E1,2.913000107E0,9.139050484E0,-5.452050209E0
2.110976591E1,2.797950029E0,8.899050713E0,-3.817050219E0
2.111220930E1,3.210000038E0,8.125950813E0,-2.521950006E0
2.111465268E1,4.126950264E0,7.207050323E0,-2.610000134E0
2.111709606E1,4.848000050E0,6.702000141E0,-3.538950205E0
2.111953945E1,4.819050312E0,6.583950520E0,-4.260000229E0
2.112198283E1,3.507000208E0,7.192050457E0,-3.970050097E0
2.112442622E1,2.788950205E0,8.137949944E0,-2.698950052E0
2.112686960E1,2.587050200E0,8.646000862E0,-1.996950150E0
2.112931306E1,1.891050100E0,9.192000389E0,-2.155050039E0
2.113175645E1,1.618050098E0,8.683950424E0,-3.313950062E0
2.113419984E1,2.383949995E0,8.574000359E0,-4.606950283E0
2.113664322E1,3.210000038E0,8.690999985E0,-5.352000237E0
2.113908661E1,3.286950111E0,8.650050163E0,-4.726950169E0
2.114152999E1,3.913950205E0,8.799000740E0,-3.445950270E0
2.114397335E1,3.034950256E0,9.064949989E0,-3.429000139E0
2.114641673E1,3.330000162E0,8.943000793E0,-4.128000259E0
2.114886035E1,3.220050097E0,8.595000267E0,-5.146050453E0
2.115130373E1,2.908050060E0,7.828950405E0,-4.717050076E0
2.115374712E1,3.652950287E0,7.068000317E0,-3.606000185E0
2.115619050E1,4.596000195E0,6.783000469E0,-2.497950077E0
2.115863388E1,4.986000061E0,6.454950333E0,-2.704050064E0
2.116107727E1,4.765950203E0,6.639000416E0,-3.670950174E0
2.116352065E1,3.270000219E0,7.084950447E0,-4.582950115E0
2.116596411E1,1.882950068E0,7.750050545E0,-4.516050339E0
2.116840751E1,1.564950109E0,7.698000431E0,-3.472050190E0
2.117085090E1,2.386050224E0,7.626000404E0,-2.349000216E0
2.117329428E1,3.583050251E0,7.774050236E0,-2.182049990E0
2.117573767E1,4.552950382E0,7.923000336E0,-4.111050129E0
2.117818105E1,4.444950104E0,8.197950363E0,-6.151050091E0
2.118062445E1,3.303000212E0,9.046050072E0,-7.012950420E0
2.118306783E1,2.410050154E0,9.373950005E0,-6.154050350E0
2.118551122E1,2.221050024E0,9.208050728E0,-4.012950420E0
2.118795460E1,2.484000206E0,8.619000435E0,-2.737050056E0
2.119039799E1,3.418050051E0,7.555950165E0,-2.481000185E0
2.119284137E1,4.411950111E0,6.579000473E0,-3.715950251E0
2.119528499E1,4.921950340E0,6.430950165E0,-4.565999985E0
2.119772837E1,4.110000134E0,6.667950153E0,-4.483050346E0
2.120017176E1,2.973000050E0,7.366950512E0,-3.058050156E0
2.120261514E1,2.839050055E0,8.197950363E0,-1.939950109E0
2.120505856E1,2.247000217E0,8.859000206E0,-1.933050036E0
2.120750194E1,1.849950075E0,8.665050507E0,-3.094050169E0
2.120994532E1,2.338050127E0,8.389050484E0,-4.822950363E0
2.121238878E1,2.748000145E0,8.574000359E0,-5.811000347E0
2.121483217E1,3.243000269E0,8.650050163E0,-5.206050396E0
2.121727557E1,3.588000059E0,8.657999992E0,-3.726000071E0
2.121971895E1,3.339000225E0,8.983050346E0,-2.910000086E0
2.122216234E1,3.034950256E0,8.967000008E0,-3.465000153E0
2.122460572E1,3.310050249E0,8.848950386E0,-4.722000122E0
2.122704911E1,3.042000055E0,8.308050156E0,-5.869050503E0
2.122949248E1,2.941950083E0,7.639950275E0,-4.954050064E0
2.123193587E1,3.829950094E0,7.149000168E0,-2.986050129E0
2.123437925E1,4.588950157E0,6.871950150E0,-1.999950051E0
2.123682264E1,4.986000061E0,6.879000187E0,-2.854050159E0
2.123926625E1,3.765000105E0,6.904950142E0,-4.423050404E0
2.124170941E1,2.005950212E0,7.591950417E0,-4.945050240E0
2.124415302E1,1.627050042E0,7.666050434E0,-4.200000286E0
2.124659641E1,1.981950045E0,7.687950134E0,-2.814000130E0
2.124903979E1,3.178950071E0,7.675950527E0,-1.834950089E0
2.125148318E1,4.311000347E0,7.795950413E0,-2.662950039E0
2.125392656E1,5.025000095E0,7.870050430E0,-5.218050480E0
2.125636995E1,3.801000118E0,8.629050255E0,-6.949050426E0
2.125881333E1,2.731050014E0,9.226950645E0,-7.261950493E0
2.126125679E1,2.401050091E0,9.151050568E0,-5.146050453E0
2.126370020E1,2.599050045E0,8.799000740E0,-3.075000048E0
2.126614358E1,3.133050203E0,7.906050205E0,-2.179050207E0
2.126858696E1,4.216050148E0,6.787950516E0,-3.012000084E0
2.127103035E1,5.058000088E0,6.369000435E0,-4.534950256E0
2.127347373E1,4.528950214E0,6.582000256E0,-4.975950241E0
2.127591712E1,3.093000174E0,7.180050373E0,-3.889050245E0
2.127836050E1,2.959050179E0,7.975050449E0,-2.227050066E0
2.128080389E1,2.608950138E0,8.614950180E0,-1.564050078E0
2.128324727E1,1.930950046E0,8.763000488E0,-2.449950218E0
2.128569065E1,2.068050146E0,8.569050789E0,-4.213950157E0
2.128813428E1,2.721000195E0,8.509050369E0,-5.731950283E0
2.129057767E1,3.049950123E0,8.914050102E0,-5.526000500E0
2.129302106E1,3.436950207E0,8.655000687E0,-4.363049984E0
2.129546444E1,3.435000181E0,8.971050262E0,-3.072000027E0
2.129790782E1,3.130950212E0,9.112950325E0,-3.016950130E0
2.130035121E1,3.487950087E0,8.830050468E0,-4.120950222E0
2.130279460E1,3.030000210E0,8.623950005E0,-5.395050049E0
2.130523798E1,2.676000118E0,7.993950367E0,-4.971000195E0
2.130768144E1,3.685950279E0,7.233000278E0,-3.400050163E0
2.131012483E1,4.323000431E0,7.065000534E0,-2.014050007E0
2.131256821E1,4.552950382E0,6.910050392E0,-2.397000074E0
2.131501160E1,4.122000217E0,6.879000187E0,-3.748050213E0
2.131745498E1,2.628000021E0,7.456050396E0,-4.744050026E0
2.131989837E1,1.809000134E0,7.896000385E0,-4.581000328E0
2.132234175E1,1.903050065E0,7.870050430E0,-3.585000277E0
2.132478513E1,2.805000067E0,7.903050423E0,-2.377950191E0
2.132722852E1,3.993000269E0,8.032950401E0,-2.574000120E0
2.132967213E1,4.795050144E0,8.023050308E0,-4.726950169E0
2.133211552E1,4.192049980E0,8.482950211E0,-6.391050339E0
2.133455890E1,2.877000093E0,9.172050476E0,-7.072950363E0
2.133700229E1,2.677950144E0,9.031050682E0,-5.730000496E0
2.133944567E1,2.578050137E0,8.878050804E0,-3.783000231E0
2.134188906E1,2.740950108E0,8.230950356E0,-2.383050203E0
2.134433244E1,3.994950294E0,7.153950214E0,-2.562000036E0
2.134677582E1,4.788000107E0,6.787950516E0,-3.918000221E0
2.134921924E1,4.311000347E0,6.888000488E0,-4.609050274E0
2.135166262E1,3.315000057E0,7.270950317E0,-3.943950176E0
2.135410601E1,3.042000055E0,7.864950180E0,-2.863950253E0
2.135654947E1,2.464950085E0,8.641050339E0,-2.124000072E0
2.135899285E1,1.894950032E0,8.542950630E0,-2.404050112E0
2.136143622E1,1.941000104E0,8.374950409E0,-3.598950148E0
2.136387961E1,2.752950191E0,8.293950081E0,-4.890000343E0
2.136632299E1,3.037950039E0,8.728950500E0,-5.467050076E0
2.136876638E1,3.196050167E0,8.758049965E0,-4.753050327E0
2.137120998E1,3.229050159E0,8.986050606E0,-3.574950218E0
2.137365337E1,2.788950205E0,9.157950401E0,-3.184950113E0
2.137609675E1,3.181050062E0,8.920950890E0,-3.781050205E0
2.137854014E1,2.800950050E0,8.539950371E0,-4.885050297E0
2.138098352E1,2.554050207E0,7.903050423E0,-4.786950111E0
2.138342692E1,3.604950190E0,7.030050278E0,-3.529950142E0
2.138587030E1,4.374000072E0,6.967050552E0,-2.325000048E0
2.138831368E1,4.477050304E0,6.769050121E0,-2.622000217E0
2.139075707E1,3.904050112E0,6.630000114E0,-3.745050192E0
2.139320045E1,2.508000135E0,7.210950375E0,-4.219050407E0
2.139564389E1,1.936050057E0,7.549050331E0,-4.078050137E0
2.139808720E1,2.245050192E0,7.585050583E0,-3.714000225E0
2.140053059E1,3.073050261E0,7.798050404E0,-3.144000053E0
2.140297405E1,3.883050203E0,8.026050568E0,-3.706950188E0
2.140541744E1,4.468950272E0,8.334000587E0,-5.143050194E0
2.140786082E1,4.057950020E0,8.832000732E0,-6.052950382E0
2.141030420E1,2.695050240E0,9.301950455E0,-6.610950470E0
2.141274759E1,2.082000017E0,9.204000473E0,-5.586000443E0
2.141519097E1,2.089050055E0,8.983050346E0,-3.867000103E0
2.141763459E1,2.869950056E0,8.116950035E0,-2.811000109E0
2.142007797E1,4.072050095E0,7.080000401E0,-2.806950092E0
2.142252135E1,4.510050297E0,6.931050301E0,-3.702000141E0
2.142496474E1,3.823050261E0,7.123050213E0,-3.930000305E0
2.142740812E1,3.349050045E0,7.549050331E0,-3.594000101E0
2.142985151E1,3.243000269E0,8.148000717E0,-3.060000181E0
2.143229489E1,2.239950180E0,8.787000656E0,-2.581950188E0
2.143473828E1,1.576950073E0,8.574000359E0,-3.087000132E0
2.143718166E1,2.053050041E0,8.361000061E0,-3.985050201E0
2.143962512E1,3.129000187E0,8.559000015E0,-4.996950150E0
2.144206843E1,2.925000191E0,8.860950470E0,-5.425950050E0
2.144451189E1,3.160050154E0,8.988000870E0,-4.693050385E0
2.144695520E1,2.929950237E0,9.438000679E0,-3.895950079E0
2.144939866E1,2.664000034E0,9.253950119E0,-3.613050222E0
2.145184205E1,3.045000076E0,8.935050011E0,-4.128000259E0
2.145428544E1,2.496000051E0,8.497050285E0,-4.942050457E0
2.145672880E1,2.832000017E0,7.498950481E0,-4.588050365E0
2.145917218E1,3.945000172E0,6.960000515E0,-3.261000156E0
2.146161557E1,4.635000229E0,6.751950264E0,-2.613000154E0
2.146405895E1,4.575000286E0,6.622950077E0,-3.288000107E0
2.146650257E1,3.373050213E0,6.900000095E0,-4.030050278E0
2.146894597E1,2.149049997E0,7.489050388E0,-4.104000092E0
2.147138935E1,1.989000082E0,7.651950359E0,-3.913050175E0
2.147383274E1,2.623050213E0,7.744950294E0,-3.604050159E0
2.147627612E1,3.415950060E0,7.843950272E0,-3.703950167E0
2.147871951E1,3.859050274E0,8.148000717E0,-4.774950027E0
2.148116289E1,4.227000237E0,8.485050201E0,-5.548050404E0
2.148360628E1,3.646050215E0,9.007050514E0,-5.986050129E0
2.148604966E1,2.472000122E0,9.448050499E0,-5.967000484E0
2.148849304E1,1.873950124E0,9.205950737E0,-4.866000175E0
2.149093643E1,2.094000101E0,8.578950882E0,-3.838950157E0
2.149337989E1,3.351000071E0,7.659000397E0,-3.003000259E0
2.149582328E1,4.153050423E0,6.814050198E0,-3.300000191E0
2.149826666E1,4.290000439E0,6.769050121E0,-3.664050102E0
2.150071004E1,3.619050264E0,6.928950310E0,-3.513000250E0
2.150315343E1,3.217050076E0,7.627950191E0,-3.003000259E0
2.150559682E1,3.102000237E0,8.181000710E0,-2.968950033E0
2.150804020E1,1.900050044E0,8.847000122E0,-3.031950235E0
2.151048358E1,1.500000119E0,8.467950821E0,-3.546000242E0
2.151292720E1,2.130000114E0,8.338950157E0,-4.036950111E0
2.151537058E1,3.030000210E0,8.542950630E0,-4.854000092E0
2.151781398E1,2.773950100E0,8.785050392E0,-5.086050034E0
2.152025737E1,3.367950201E0,8.839950562E0,-4.489950180E0
2.152270075E1,2.877000093E0,9.261000633E0,-4.056000233E0
2.152514414E1,2.542050123E0,9.229950905E0,-3.934050083E0
2.152758760E1,2.767050028E0,8.848950386E0,-4.626000404E0
2.153003098E1,2.451000214E0,8.200050354E0,-4.825050354E0
2.153247437E1,2.989950180E0,7.389000416E0,-4.114050388E0
2.153491775E1,3.796950102E0,6.862050533E0,-2.737050056E0
2.153736114E1,4.588950157E0,6.508050442E0,-2.661000013E0
2.153980452E1,4.672950268E0,6.532050133E0,-3.597000122E0
2.154224791E1,3.411000252E0,6.982050419E0,-4.357950211E0
2.154469129E1,1.915050149E0,7.693050385E0,-4.522950172E0
2.154713467E1,1.828050137E0,7.822050571E0,-3.955950260E0
2.154957806E1,2.213999987E0,7.930050373E0,-3.316950083E0
2.155202144E1,2.914950132E0,8.039999962E0,-2.968950033E0
2.155446483E1,3.835050106E0,8.049000740E0,-4.200000286E0
2.155690844E1,4.129050255E0,8.386950493E0,-5.673000336E0
2.155935183E1,3.403950214E0,8.950050354E0,-6.250050068E0
2.156179521E1,2.496000051E0,9.478950500E0,-6.211050510E0
2.156423859E1,2.044049978E0,9.220050812E0,-4.818000317E0
2.156668198E1,1.929000139E0,8.646000862E0,-3.511050224E0
2.156912536E1,3.057000160E0,7.714050293E0,-2.833050251E0
2.157156875E1,4.194000244E0,6.915000439E0,-3.319050074E0
2.157401221E1,4.498050213E0,6.667950153E0,-4.152000427E0
2.157645558E1,4.052999973E0,6.646050453E0,-4.255050182E0
2.157889897E1,3.061050177E0,7.350000381E0,-3.618000269E0
2.158134235E1,2.962950230E0,8.385000229E0,-2.566950083E0
2.158378574E1,2.269050121E0,8.773050308E0,-2.586000204E0
2.158622912E1,1.764000058E0,8.935050011E0,-3.193950176E0
2.158867251E1,1.788000107E0,8.635950089E0,-4.654950142E0
2.159111589E1,2.323950052E0,8.674050331E0,-5.566950321E0
2.159355928E1,3.006000042E0,8.694000244E0,-5.266050339E0
2.159600289E1,2.953950167E0,8.800950050E0,-4.413000107E0
2.159844605E1,3.073050261E0,9.139050484E0,-3.253950119E0
2.160088964E1,2.614050150E0,9.249000549E0,-3.280950069E0
2.160333303E1,3.021000147E0,8.938050270E0,-4.357950211E0
2.160577642E1,3.042000055E0,8.513999939E0,-5.548050404E0
2.160821980E1,2.677950144E0,7.858050346E0,-5.212950230E0
2.161066318E1,3.418050051E0,7.297950268E0,-3.448050261E0
2.161310657E1,4.062000275E0,6.996000290E0,-2.163000107E0
2.161554995E1,4.500000000E0,6.715950489E0,-2.395050049E0
2.161799341E1,3.946950197E0,6.919050217E0,-3.561000109E0
2.162043680E1,2.407950163E0,7.420050144E0,-4.554000378E0
2.162288018E1,1.680000067E0,7.918050289E0,-4.665000439E0
2.162532357E1,1.873950124E0,7.960950375E0,-3.706950188E0
2.162776695E1,2.848050117E0,8.085000038E0,-2.670000076E0
2.163021034E1,3.670050144E0,8.176050186E0,-3.328950167E0
2.163265372E1,4.414050102E0,8.365950584E0,-4.935000420E0
2.163509711E1,3.781950235E0,8.896950722E0,-6.229950428E0
2.163754049E1,2.695050240E0,9.318000793E0,-6.805050373E0
2.163998388E1,2.386050224E0,9.237000465E0,-5.680050373E0
2.164242726E1,2.106000185E0,8.822999954E0,-4.019999981E0
2.164487064E1,2.926950216E0,8.035050392E0,-2.395050049E0
2.164731426E1,4.098000050E0,7.171050549E0,-2.545950174E0
2.164975767E1,4.575000286E0,6.778050423E0,-3.630000114E0
2.165220105E1,4.198950291E0,6.715950489E0,-4.293000221E0
2.165464443E1,3.295950174E0,7.360050201E0,-3.823950291E0
2.165708782E1,3.093000174E0,8.104949951E0,-2.950050116E0
2.165953120E1,2.073000193E0,8.800950050E0,-2.158050060E0
2.166197466E1,1.393050075E0,8.799000740E0,-2.194050074E0
2.166441805E1,1.612950087E0,8.701050758E0,-3.127050161E0
2.166686143E1,2.812050104E0,8.686050415E0,-4.936950207E0
2.166930482E1,2.949000120E0,8.995050430E0,-5.922000408E0
2.167174820E1,3.238950253E0,9.001950264E0,-5.220000267E0
2.167419158E1,2.920050144E0,9.328050613E0,-3.955950260E0
2.167663496E1,2.404950142E0,9.429000854E0,-3.079950094E0
2.167907835E1,3.022950172E0,8.968950272E0,-3.241950035E0
2.168152173E1,2.817000151E0,8.404050827E0,-4.138050079E0
2.168396536E1,2.962950230E0,7.683000565E0,-4.167000294E0
2.168640874E1,3.694050074E0,7.044000149E0,-3.661050081E0
2.168885213E1,4.488000393E0,6.871950150E0,-2.947950125E0
2.169129551E1,4.596000195E0,6.712950230E0,-3.345000267E0
2.169373890E1,3.648000240E0,6.816000462E0,-3.502950191E0
2.169618229E1,2.104050159E0,7.549050331E0,-3.439050198E0
2.169862568E1,1.809000134E0,7.839000225E0,-3.364050150E0
2.170106906E1,2.415000200E0,7.936950207E0,-3.381000042E0
2.170351244E1,3.163950205E0,8.035050392E0,-3.766950130E0
2.170595590E1,3.787050247E0,8.348999977E0,-4.774950027E0
2.170839928E1,4.201050282E0,8.682000160E0,-5.497950077E0
2.171084266E1,3.568950176E0,9.040950775E0,-5.674950123E0
2.171328604E1,2.566050053E0,9.595950127E0,-5.617050171E0
2.171572943E1,1.696950078E0,9.318000793E0,-4.621050358E0
2.171817281E1,1.836000085E0,8.824950218E0,-3.618000269E0
2.172061620E1,3.267000198E0,7.876950264E0,-2.833050251E0
2.172305958E1,3.952050209E0,7.092000484E0,-3.265950203E0
2.172550297E1,4.291950226E0,6.939000130E0,-3.678000212E0
2.172794658E1,3.780000210E0,7.204050541E0,-3.601050138E0
2.173038974E1,3.082950115E0,7.816950321E0,-3.010050058E0
2.173283332E1,2.812050104E0,8.302950859E0,-2.641050100E0
2.173527671E1,1.942950130E0,9.034049988E0,-2.542950153E0
2.173772009E1,1.453050017E0,8.638050079E0,-3.217950106E0
2.174016348E1,2.061000109E0,8.476050377E0,-3.870000124E0
2.174260686E1,3.163950205E0,8.551950455E0,-5.023950100E0
2.174505025E1,2.791050196E0,8.851950645E0,-5.395050049E0
2.174749364E1,3.271950245E0,9.100950241E0,-4.411050320E0
2.174993710E1,2.841000080E0,9.373950005E0,-3.750000238E0
2.175238048E1,2.343000174E0,9.378000259E0,-3.352050066E0
2.175482387E1,2.632950068E0,9.019050598E0,-3.961050272E0
2.175726727E1,2.628000021E0,8.413050652E0,-4.516050339E0
2.175971065E1,3.016050100E0,7.674000263E0,-4.234050274E0
2.176215404E1,3.535950184E0,7.221000195E0,-3.172950268E0
2.176459765E1,4.279950142E0,6.940950394E0,-2.785050154E0
2.176704104E1,4.210950375E0,6.847950459E0,-3.408000231E0
2.176948442E1,2.695050240E0,7.003050327E0,-3.649050236E0
2.177192780E1,1.843050122E0,7.471950531E0,-3.453000069E0
2.177437095E1,2.049000025E0,7.870050430E0,-3.108000040E0
2.177681457E1,2.857950211E0,7.753050327E0,-3.630000114E0
2.177925795E1,3.487950087E0,8.164050102E0,-4.248000145E0
2.178170133E1,3.931050301E0,8.466000557E0,-5.284950256E0
2.178414471E1,3.994950294E0,8.868000031E0,-5.629050255E0
2.178658810E1,3.045000076E0,9.583950043E0,-5.620050430E0
2.178903148E1,2.110949993E0,9.400050163E0,-5.263050079E0
2.179147487E1,1.644000053E0,9.136950493E0,-4.096950054E0
2.179391833E1,2.298000097E0,8.521050453E0,-3.304950237E0
2.179636172E1,3.649950266E0,7.389000416E0,-3.015000105E0
2.179880510E1,4.230000019E0,6.946050167E0,-3.430950165E0
2.180124849E1,3.949950218E0,7.033950329E0,-3.501000166E0
2.180369187E1,3.319950104E0,7.587000370E0,-3.034050226E0
2.180613549E1,3.006000042E0,7.959000587E0,-2.737050056E0
2.180857864E1,2.238000154E0,8.569050789E0,-2.562000036E0
2.181102226E1,1.639050126E0,8.657999992E0,-2.626950026E0
2.181346564E1,1.768950105E0,8.341950417E0,-3.445950270E0
2.181590903E1,2.721000195E0,8.341950417E0,-4.861050129E0
2.181835241E1,2.893950224E0,8.955000877E0,-5.146050453E0
2.182079580E1,3.535950184E0,9.133950233E0,-4.753050327E0
2.182323918E1,2.980050087E0,9.510000229E0,-4.341000080E0
2.182568256E1,2.355000019E0,9.714000702E0,-4.003950119E0
2.182812594E1,2.580000162E0,9.121950150E0,-4.267050266E0
2.183056933E1,2.793000221E0,8.611950874E0,-4.621050358E0
2.183301271E1,2.937000036E0,7.887000561E0,-4.267050266E0
2.183545617E1,3.528000116E0,7.042050362E0,-3.534000158E0
2.183789956E1,4.527000427E0,6.757050514E0,-2.677050114E0
2.184034294E1,4.656000137E0,6.667950153E0,-3.112950087E0
2.184278632E1,4.014000416E0,6.864000320E0,-3.538950205E0
2.184522971E1,2.227950096E0,7.471950531E0,-3.913050175E0
2.184767309E1,1.708950043E0,7.920000553E0,-3.621000290E0
2.185011671E1,2.166000128E0,7.831950188E0,-3.400050163E0
2.185255987E1,2.809950113E0,8.181000710E0,-3.193950176E0
2.185500348E1,3.399000168E0,8.385000229E0,-3.874050140E0
2.185744664E1,3.873000145E0,8.530950546E0,-5.239050388E0
2.185989025E1,3.507000208E0,9.216000557E0,-5.542950153E0
2.186233364E1,2.499000072E0,9.655950546E0,-5.967000484E0
2.186477702E1,1.891050100E0,9.510000229E0,-4.918050289E0
2.186722040E1,2.188050032E0,8.962050438E0,-4.039950371E0
2.186966379E1,2.764950037E0,7.990050316E0,-3.522000074E0
2.187210717E1,3.676950216E0,6.988950253E0,-3.508050203E0
2.187455056E1,4.378050327E0,6.675000191E0,-3.688050270E0
2.187699400E1,4.546050072E0,6.706050396E0,-3.580050230E0
2.187943739E1,3.343950272E0,7.125000477E0,-3.204000235E0
2.188188077E1,2.689950228E0,7.948950291E0,-2.494950056E0
2.188432416E1,3.001950026E0,8.479949951E0,-2.644050121E0
2.188676754E1,2.242950201E0,8.976000786E0,-3.481950283E0
2.188921114E1,2.017950058E0,8.563950539E0,-4.485000134E0
2.189165453E1,2.239950180E0,8.610000610E0,-4.969050407E0
2.189409792E1,2.446050167E0,8.860950470E0,-4.557000160E0
2.189654130E1,2.662050009E0,8.587950706E0,-4.150050163E0
2.189898469E1,3.691050291E0,8.988000870E0,-3.348000050E0
2.190142807E1,3.813000202E0,8.989950180E0,-3.712050200E0
2.190387145E1,2.563050032E0,8.799000740E0,-4.614000320E0
2.190631484E1,3.100050211E0,8.358000755E0,-4.996950150E0
2.190875822E1,3.469050169E0,8.011050224E0,-5.497950077E0
2.191120161E1,3.142950058E0,7.771950245E0,-4.387050152E0
2.191364499E1,3.603000164E0,7.437000275E0,-2.938050032E0
2.191608845E1,4.303950310E0,7.113000393E0,-2.725050211E0
2.191853184E1,3.871050119E0,7.051050186E0,-2.658000231E0
2.192097522E1,2.674050093E0,7.180050373E0,-3.706950188E0
2.192341862E1,2.257050037E0,7.741050243E0,-4.192950249E0
2.192586201E1,1.680000067E0,7.887000561E0,-3.415050268E0
2.192830539E1,1.371000051E0,7.954050541E0,-2.464050055E0
2.193074878E1,3.310050249E0,7.939050198E0,-1.672050118E0
2.193319239E1,4.354050159E0,8.332050323E0,-4.167000294E0
2.193563554E1,4.306950092E0,8.751000404E0,-5.991000175E0
2.193807916E1,3.981000185E0,9.238950729E0,-6.477000237E0
2.194052254E1,2.641950130E0,9.225000381E0,-6.657000542E0
2.194296593E1,2.416950226E0,9.004950523E0,-4.758000374E0
2.194540931E1,2.656950235E0,8.338950157E0,-3.369000196E0
2.194785269E1,3.706050158E0,7.747950554E0,-2.919000149E0
2.195029608E1,4.728000164E0,6.570000172E0,-3.297000170E0
2.195273946E1,5.128050327E0,6.127050400E0,-4.416000366E0
2.195518285E1,4.030950069E0,6.309000492E0,-4.225950241E0
2.195762631E1,2.998950243E0,7.183050156E0,-3.240000248E0
2.196006971E1,3.220050097E0,8.056950569E0,-2.827950239E0
2.196251309E1,2.101050138E0,8.737050056E0,-2.601000071E0
2.196495648E1,1.314000010E0,8.619000435E0,-3.100950241E0
2.196739986E1,2.002950191E0,8.437050819E0,-4.152000427E0
2.196984325E1,2.890950203E0,8.836950302E0,-4.878000259E0
2.197228686E1,3.354000092E0,8.944950104E0,-5.337000370E0
2.197473024E1,3.279000044E0,9.244050026E0,-4.815000057E0
2.197717363E1,2.872050047E0,9.466950417E0,-4.258049965E0
2.197961701E1,2.721000195E0,9.156000137E0,-3.867000103E0
2.198206040E1,3.564000130E0,8.785050392E0,-3.646950245E0
2.198450378E1,3.034950256E0,8.101950645E0,-3.991950274E0
2.198694716E1,3.283950090E0,7.426950455E0,-3.384000063E0
2.198939055E1,4.162950039E0,6.690000534E0,-2.862000227E0
2.199183393E1,5.050950050E0,6.294000149E0,-2.677050114E0
2.199427731E1,5.242950439E0,6.330000401E0,-3.199050188E0
2.199672070E1,3.520950079E0,6.985950470E0,-4.108950138E0
2.199916416E1,2.254950047E0,7.848000526E0,-4.003950119E0
2.200160755E1,1.684950113E0,8.017950058E0,-3.703950167E0
2.200405093E1,1.752000093E0,8.128950119E0,-3.265950203E0
2.200649431E1,2.926950216E0,8.023050308E0,-2.625000238E0
2.200893770E1,4.258950233E0,7.990050316E0,-3.901050091E0
2.201138132E1,4.495950222E0,8.049000740E0,-5.337000370E0
2.201382447E1,3.732000113E0,8.619000435E0,-6.324000359E0
2.201626809E1,2.865000248E0,8.926050186E0,-6.727950096E0
2.201871147E1,2.757000208E0,8.835000038E0,-5.458950043E0
2.202115487E1,2.977950096E0,8.538000107E0,-3.805050135E0
2.202359826E1,3.211950064E0,7.867950439E0,-2.955000162E0
2.202604164E1,4.321050167E0,6.912000179E0,-3.120000124E0
2.202848503E1,4.693950176E0,6.534000397E0,-3.664050102E0
2.203092841E1,4.522050381E0,6.651000500E0,-3.664050102E0
2.203337180E1,3.499950171E0,7.255050182E0,-2.932950258E0
2.203581518E1,2.970000029E0,8.218950272E0,-2.337000132E0
2.203825864E1,2.962950230E0,8.764950752E0,-2.107050180E0
2.204070203E1,2.440950155E0,9.084000587E0,-3.640050173E0
2.204314541E1,1.978950143E0,9.001950264E0,-4.930050373E0
2.204558878E1,1.929000139E0,8.956950188E0,-5.233950138E0
2.204803217E1,2.475000143E0,9.028950691E0,-4.408050060E0
2.205047578E1,3.145050049E0,8.836950302E0,-3.565950155E0
2.205291917E1,3.394050121E0,8.878050804E0,-2.731950045E0
2.205536255E1,3.211950064E0,8.928000450E0,-3.439050198E0
2.205780594E1,3.325050116E0,9.031050682E0,-4.621050358E0
2.206024932E1,3.117000103E0,8.595000267E0,-6.160950184E0
2.206269270E1,2.616000175E0,8.310000420E0,-5.572050095E0
2.206513609E1,3.052050114E0,7.681050301E0,-3.522000074E0
2.206757947E1,3.952050209E0,7.366950512E0,-2.329950094E0
2.207002286E1,4.479000092E0,6.864000320E0,-2.614950180E0
2.207246624E1,4.394999981E0,6.081000328E0,-3.724050283E0
2.207490963E1,3.006000042E0,6.445050240E0,-4.258049965E0
2.207735309E1,2.137050152E0,6.745050430E0,-4.015950203E0
2.207979647E1,2.515950203E0,6.997950554E0,-3.297000170E0
2.208223987E1,3.804000139E0,7.246950150E0,-2.629050016E0
2.208468325E1,4.627050400E0,7.711950302E0,-3.556050062E0
2.208712664E1,4.615050316E0,8.218950272E0,-5.803950310E0
2.208957025E1,4.045950413E0,8.677050591E0,-7.044000149E0
2.209201341E1,3.061050177E0,9.052950859E0,-7.114050388E0
2.209445703E1,2.302050114E0,9.151050568E0,-5.412000179E0
2.209690041E1,1.891050100E0,8.763000488E0,-3.111000061E0
2.209934380E1,2.890950203E0,8.089950562E0,-2.004000187E0
2.210178720E1,4.419000149E0,6.919050217E0,-2.554950237E0
2.210423058E1,4.572000027E0,6.771000385E0,-4.000950336E0
2.210667397E1,3.571050167E0,6.997950554E0,-4.483050346E0
2.210911735E1,3.193050146E0,7.534950256E0,-3.661050081E0
2.211156073E1,2.836050034E0,7.927050591E0,-2.956950188E0
2.211400410E1,1.891050100E0,8.581050873E0,-2.044950008E0
2.211644756E1,1.654050112E0,8.278950691E0,-2.698950052E0
2.211889095E1,2.554050207E0,8.269950867E0,-3.919950247E0
2.212133434E1,3.430050135E0,8.401050568E0,-5.548050404E0
2.212377772E1,3.021000147E0,8.706000328E0,-5.926050186E0
2.212622133E1,3.439950228E0,8.657999992E0,-5.158050060E0
2.212866472E1,3.330000162E0,8.986050606E0,-4.150050163E0
2.213110810E1,3.196050167E0,8.466000557E0,-3.565950155E0
2.213355148E1,3.355950117E0,8.076000214E0,-3.142050266E0
2.213599487E1,3.538050175E0,7.567950249E0,-3.106050253E0
2.213843826E1,3.949950218E0,6.967050552E0,-3.333000183E0
2.214088165E1,4.402050018E0,6.832950115E0,-3.214050055E0
2.214332503E1,4.840050220E0,6.868950367E0,-3.331050158E0
2.214576842E1,4.555950165E0,7.033950329E0,-3.594000101E0
2.214821180E1,2.845950127E0,7.714050293E0,-3.898050070E0
2.215065518E1,1.776000142E0,8.502000809E0,-3.661050081E0
2.215309864E1,1.594050050E0,8.710050583E0,-3.064950228E0
2.215554202E1,1.909950137E0,8.743950844E0,-2.863950253E0
2.215798541E1,2.560950041E0,8.914050102E0,-3.388050079E0
2.216042879E1,3.363000154E0,8.932950020E0,-4.717050076E0
2.216287220E1,3.997950077E0,9.216000557E0,-5.151000023E0
2.216531558E1,3.472950220E0,9.429000854E0,-4.990050316E0
2.216775919E1,2.860050201E0,9.225000381E0,-4.459050179E0
2.217020235E1,3.061050177E0,8.794050217E0,-3.795000076E0
2.217264598E1,3.421050072E0,7.969950199E0,-3.621000290E0
2.217508937E1,4.024050236E0,7.237950325E0,-4.084949970E0
2.217753275E1,4.708950043E0,6.745050430E0,-4.738950253E0
2.217997614E1,4.732950211E0,6.579000473E0,-4.756050110E0
2.218241952E1,3.835050106E0,7.021950245E0,-3.915000200E0
2.218486291E1,3.222000122E0,7.780950546E0,-2.914050102E0
2.218730630E1,2.911050081E0,8.389050484E0,-3.076950073E0
2.218974976E1,1.876050115E0,8.920950890E0,-3.652050257E0
2.219219314E1,1.606050134E0,8.368050575E0,-4.495050430E0
2.219463653E1,2.451000214E0,8.109000206E0,-4.735949993E0
2.219707991E1,3.528000116E0,8.032950401E0,-4.545000076E0
2.219952330E1,3.847050190E0,7.738050461E0,-3.898050070E0
2.220196668E1,4.150950432E0,8.140049934E0,-2.857050180E0
2.220441030E1,3.301050186E0,8.418000221E0,-3.226050138E0
2.220685345E1,3.208050251E0,8.344050407E0,-4.023000240E0
2.220929705E1,3.454050064E0,8.578950882E0,-5.100000381E0
2.221174044E1,2.403000116E0,8.515950203E0,-4.887000084E0
2.221418382E1,2.757000208E0,8.181000710E0,-3.343050241E0
2.221662720E1,3.543000221E0,8.023050308E0,-2.146050215E0
2.221907059E1,4.006950378E0,7.836000443E0,-2.476050138E0
2.222151397E1,3.010950089E0,7.924950600E0,-3.622950077E0
2.222395736E1,1.969950080E0,7.807950497E0,-4.339050293E0
2.222640082E1,1.467000127E0,7.911000252E0,-3.786000252E0
2.222884420E1,2.068050146E0,7.642050266E0,-2.845050097E0
2.223128758E1,3.648000240E0,7.269000530E0,-2.446950197E0
2.223373097E1,4.869000435E0,7.144050121E0,-3.568050146E0
2.223617435E1,5.451000214E0,7.471950531E0,-5.470950127E0
2.223861774E1,5.479950428E0,7.816950321E0,-6.649050236E0
2.224106112E1,4.696950436E0,8.157000542E0,-6.630000114E0
2.224350452E1,3.282000065E0,9.064949989E0,-5.613000393E0
2.224594790E1,2.410050154E0,9.013950348E0,-3.592050076E0
2.224839129E1,3.373050213E0,8.356050491E0,-2.541000128E0
2.225083490E1,4.396950245E0,7.390950203E0,-3.067950249E0
2.225327829E1,4.297049999E0,7.053000450E0,-4.059000015E0
2.225572168E1,3.921000242E0,7.353000164E0,-4.131000042E0
2.225816506E1,3.277050257E0,8.011050224E0,-3.463050127E0
2.226060845E1,2.784000158E0,8.916000366E0,-2.809050083E0
2.226305184E1,2.094000101E0,9.658050537E0,-2.910000086E0
2.226549529E1,1.939050078E0,9.547950745E0,-2.967000246E0
2.226793867E1,2.350050211E0,8.445000648E0,-3.433950186E0
2.227038206E1,3.511950254E0,8.145000458E0,-3.750000238E0
2.227282544E1,4.321050167E0,8.752950668E0,-3.739950180E0
2.227526882E1,4.813950062E0,8.196000099E0,-4.554000378E0
2.227771244E1,4.162950039E0,8.506950378E0,-4.363049984E0
2.228015561E1,3.229050159E0,8.988000870E0,-3.774000168E0
2.228259922E1,3.394050121E0,9.148050308E0,-3.040950060E0
2.228504238E1,3.327000141E0,9.144000053E0,-2.862000227E0
2.228748599E1,2.809950113E0,9.081000328E0,-2.911950111E0
2.228992938E1,3.277050257E0,8.464050293E0,-2.919000149E0
2.229237275E1,4.159950256E0,8.197950363E0,-3.132000208E0
2.229481613E1,4.749000072E0,7.768950462E0,-3.949050188E0
2.229725952E1,3.964050293E0,7.690050602E0,-3.991950274E0
2.229970290E1,2.527950048E0,7.911000252E0,-3.280950069E0
2.230214636E1,2.197050095E0,8.017950058E0,-2.148000002E0
2.230458976E1,3.150000095E0,7.863000393E0,-1.770000100E0
2.230703315E1,4.510050297E0,7.302000523E0,-3.064950228E0
2.230947653E1,5.173050404E0,7.578000546E0,-4.509000301E0
2.231191992E1,5.137050152E0,7.840950489E0,-5.740050316E0
2.231436330E1,4.687050343E0,8.296050072E0,-5.859000206E0
2.231680669E1,3.751050234E0,8.740950584E0,-5.052000046E0
2.231925007E1,2.901000023E0,8.908950806E0,-3.139050245E0
2.232169345E1,2.515950203E0,8.706000328E0,-1.894050121E0
2.232413707E1,3.112050056E0,8.245950699E0,-1.815000057E0
2.232658045E1,4.347000122E0,7.225950241E0,-2.791950226E0
2.232902382E1,3.955050230E0,6.960000515E0,-6.135000229E0
2.233146721E1,3.243000269E0,7.591950417E0,-6.703950405E0
2.233391059E1,4.171950340E0,7.599000454E0,-2.650950193E0
2.233635405E1,3.378000259E0,8.065950394E0,-1.092000008E0
2.233879744E1,1.885950089E0,8.746050835E0,-1.051950097E0
2.234124082E1,2.623050213E0,7.944000244E0,-1.842000127E0
2.234368420E1,3.892050266E0,7.264050484E0,-3.391050100E0
2.234612759E1,5.002950191E0,7.279050350E0,-4.485000134E0
2.234857097E1,5.379000187E0,7.113000393E0,-4.990050316E0
2.235101436E1,4.642050266E0,7.992000580E0,-3.958050251E0
2.235345774E1,3.568950176E0,8.926050186E0,-3.135000229E0
2.235590135E1,3.421050072E0,9.249000549E0,-2.749050140E0
2.235834451E1,3.271950245E0,9.775950432E0,-3.228000164E0
2.236078812E1,2.274000168E0,9.654000282E0,-3.786000252E0
2.236323151E1,2.275950193E0,9.354000092E0,-3.706950188E0
2.236567489E1,3.540000200E0,8.491950035E0,-3.580050230E0
2.236811827E1,4.168050289E0,8.068950653E0,-3.598950148E0
2.237056166E1,4.060050011E0,7.894050598E0,-3.570000172E0
2.237300504E1,2.899050236E0,7.860000610E0,-3.112950087E0
2.237544850E1,2.206950188E0,8.124000549E0,-2.313000202E0
2.237789188E1,2.607000113E0,8.119050026E0,-1.564050078E0
2.238033527E1,3.847050190E0,7.687950134E0,-2.586000204E0
2.238277865E1,4.891050339E0,7.546950340E0,-3.640050173E0
2.238522204E1,5.511000156E0,7.690050602E0,-4.918050289E0
2.238766542E1,5.137050152E0,8.272050858E0,-5.593950272E0
2.239010880E1,4.524000168E0,9.131999969E0,-5.445000172E0
2.239255218E1,3.480000257E0,9.465000153E0,-4.473000050E0
2.239499580E1,2.536950111E0,9.345000267E0,-2.944950104E0
2.239743918E1,2.143949986E0,9.025950432E0,-2.422950029E0
2.239988257E1,3.117000103E0,8.512050629E0,-3.316950083E0
2.240232595E1,3.997950077E0,7.611000538E0,-4.471050262E0
2.240476933E1,3.588000059E0,7.345950127E0,-4.573950291E0
2.240721272E1,3.409050226E0,7.495950222E0,-3.799950123E0
2.240965618E1,3.861000299E0,7.888950348E0,-2.728050232E0
2.241209955E1,3.001950026E0,8.440050125E0,-2.103000164E0
2.241454294E1,2.278950214E0,8.380050659E0,-3.369000196E0
2.241698632E1,3.231000185E0,7.669050217E0,-4.118999958E0
2.241942970E1,4.306950092E0,7.149000168E0,-2.923950195E0
2.242187309E1,5.110950470E0,7.267050266E0,-2.347050190E0
2.242431647E1,5.005950451E0,7.396050453E0,-2.637000084E0
2.242675986E1,4.273050308E0,8.337000847E0,-3.396000147E0
2.242920324E1,3.543000221E0,8.931000710E0,-4.540050030E0
2.243164663E1,3.211950064E0,9.412050247E0,-4.164000034E0
2.243409024E1,3.025950193E0,9.535950661E0,-3.774000168E0
2.243653363E1,2.382000208E0,9.651000023E0,-3.295050144E0
2.243897701E1,2.725950241E0,8.980950356E0,-3.412050247E0
2.244142040E1,4.315950394E0,8.269950867E0,-3.397950172E0
2.244386386E1,4.159950256E0,8.068950653E0,-3.793050289E0
2.244630717E1,3.484950066E0,7.651950359E0,-3.964950085E0
2.244875062E1,3.064050198E0,7.494000435E0,-3.666000128E0
2.245119393E1,2.200050116E0,7.851000309E0,-4.144950390E0
2.245363739E1,3.619050264E0,7.204050541E0,-1.554000020E0
2.245608078E1,4.302000046E0,6.828000546E0,-9.730500579E-1
2.245852416E1,4.933950424E0,7.012950420E0,-2.155050039E0
2.246096754E1,6.022950172E0,6.895050526E0,-4.204950333E0
2.246341092E1,5.266950130E0,7.924950600E0,-5.821050167E0
2.246585431E1,4.635000229E0,8.952000618E0,-5.862000465E0
2.246829792E1,3.592950106E0,9.184050560E0,-4.674000263E0
2.247074131E1,2.923050165E0,9.192000389E0,-3.123000145E0
2.247318468E1,2.592000008E0,8.940000534E0,-2.650950193E0
2.247562807E1,2.707050085E0,8.314949989E0,-3.180000067E0
2.247807145E1,3.877950191E0,7.486950397E0,-4.090050220E0
2.248051483E1,3.840000153E0,7.128000259E0,-4.272000313E0
2.248295829E1,3.394050121E0,7.219050407E0,-3.448050261E0
2.248540168E1,2.932050228E0,7.714050293E0,-2.277000189E0
2.248784507E1,3.706050158E0,8.028000832E0,-2.019000053E0
2.249028845E1,2.877000093E0,8.212050438E0,-2.811000109E0
2.249273183E1,3.090000153E0,7.597050190E0,-3.493950129E0
2.249517522E1,3.664950132E0,7.120950222E0,-3.922050238E0
2.249761859E1,4.720950127E0,7.297950268E0,-3.657000065E0
2.250006197E1,4.741950035E0,7.264050484E0,-2.890050173E0
2.250250559E1,4.444950104E0,7.969950199E0,-2.443050146E0
2.250494897E1,3.760950089E0,8.406000137E0,-3.196950197E0
2.250739236E1,3.547950268E0,9.133950233E0,-3.682950258E0
2.250983574E1,3.049950123E0,9.499950409E0,-4.711950302E0
2.251227913E1,2.298000097E0,9.450000763E0,-4.765050411E0
2.251472251E1,2.295000076E0,9.073950768E0,-3.879000187E0
2.251716597E1,3.504000187E0,8.506950378E0,-2.974050045E0
2.251960928E1,3.877950191E0,7.987050533E0,-2.797050238E0
2.252205267E1,4.275000095E0,7.221000195E0,-3.216000080E0
2.252449614E1,3.781950235E0,7.099050522E0,-4.066050053E0
2.252693952E1,3.163950205E0,6.948000431E0,-3.940950155E0
2.252938291E1,2.833950043E0,7.362000465E0,-2.955000162E0
2.253182631E1,3.727050066E0,6.784950256E0,-2.091000080E0
2.253426969E1,4.702050209E0,7.342950344E0,-1.839000106E0
2.253671307E1,5.221050262E0,7.216050148E0,-3.271050215E0
2.253915669E1,4.879050255E0,7.939050198E0,-4.846950054E0
2.254160007E1,4.239000320E0,8.710050583E0,-6.256950378E0
2.254404344E1,3.490050077E0,9.366000175E0,-5.491050243E0
2.254648683E1,2.776950121E0,9.465000153E0,-4.035000324E0
2.254893021E1,2.628000021E0,9.169950485E0,-2.953050137E0
2.255137360E1,2.848050117E0,8.569050789E0,-3.321000099E0
2.255381698E1,3.499950171E0,7.948950291E0,-3.853050232E0
2.255626037E1,3.691050291E0,7.425000191E0,-4.281000137E0
2.255870375E1,4.041000366E0,7.060950279E0,-4.159049988E0
2.256114721E1,3.562050104E0,7.390950203E0,-3.316950083E0
2.256359060E1,3.250950098E0,7.615950584E0,-2.505000114E0
2.256603398E1,3.646050215E0,7.915050507E0,-2.794950247E0
2.256847737E1,3.598050117E0,7.800000191E0,-3.877050161E0
2.257092075E1,3.564000130E0,7.450950146E0,-4.222050190E0
2.257336437E1,3.756000280E0,7.293000221E0,-4.063950062E0
2.257580775E1,4.204050064E0,7.594950199E0,-2.835000038E0
2.257825114E1,3.885000229E0,7.996950150E0,-2.329950094E0
2.258069452E1,3.852000237E0,8.107049942E0,-2.541000128E0
2.258313791E1,3.523950100E0,8.657999992E0,-3.055950165E0
2.258558129E1,3.210000038E0,8.947050095E0,-4.072950363E0
2.258802468E1,3.235950232E0,9.177000046E0,-4.747950077E0
2.259046806E1,2.500950098E0,9.037950516E0,-4.690950394E0
2.259291145E1,2.698050022E0,8.926050186E0,-3.534000158E0
2.259535491E1,3.982950211E0,8.265000343E0,-2.910000086E0
2.259779830E1,4.558050156E0,7.615950584E0,-2.980950117E0
2.260024168E1,4.419000149E0,7.069950104E0,-3.979950190E0
2.260268507E1,3.853950262E0,6.912000179E0,-4.453950405E0
2.260512847E1,3.211950064E0,7.225950241E0,-4.143000126E0
2.260757185E1,3.139950037E0,6.811950207E0,-2.923950195E0
2.261001547E1,3.829950094E0,7.057950497E0,-1.461000085E0
2.261245862E1,4.752000332E0,7.057950497E0,-1.372050047E0
2.261490224E1,6.094950199E0,7.117950439E0,-3.268950224E0
2.261734562E1,4.678050041E0,7.969950199E0,-5.613000393E0
2.261978901E1,3.265050173E0,8.650050163E0,-5.743950367E0
2.262223239E1,3.789000273E0,9.103050232E0,-4.684050083E0
2.262467578E1,3.576000214E0,9.301950455E0,-3.589950085E0
2.262711916E1,2.968050241E0,8.908950806E0,-2.506950140E0
2.262956262E1,2.692950010E0,8.245950699E0,-3.028950214E0
2.263200601E1,4.093050003E0,7.779000282E0,-3.831000090E0
2.263444939E1,4.177050114E0,7.117950439E0,-4.356000423E0
2.263689278E1,4.009950161E0,6.826050282E0,-3.937050104E0
2.263933616E1,3.715050220E0,7.057950497E0,-3.453000069E0
2.264177955E1,3.804000139E0,7.530000210E0,-2.979000092E0
2.264422316E1,3.696000099E0,7.707000256E0,-3.171000242E0
2.264666655E1,3.178950071E0,7.326000214E0,-3.403050184E0
2.264910993E1,3.339000225E0,7.060950279E0,-3.064950228E0
2.265155332E1,3.744000196E0,7.105950356E0,-2.886000156E0
2.265399670E1,4.572000027E0,7.518000126E0,-2.704050064E0
2.265644008E1,3.885000229E0,7.633050442E0,-3.132000208E0
2.265888347E1,3.646050215E0,8.032950401E0,-3.127050161E0
2.266132685E1,3.409050226E0,8.631000519E0,-3.934050083E0
2.266377031E1,3.162000179E0,9.193950653E0,-4.677000046E0
2.266621370E1,2.844000101E0,8.967000008E0,-4.926000118E0
2.266865708E1,2.295000076E0,8.950050354E0,-4.380000114E0
2.267110046E1,2.190000057E0,8.446949959E0,-3.319050074E0
2.267354385E1,4.038000107E0,7.528050423E0,-2.850000143E0
2.267598723E1,4.764000416E0,6.706050396E0,-3.457950115E0
2.267843062E1,4.612950325E0,6.639000416E0,-4.066050053E0
2.268087400E1,3.907050133E0,6.988950253E0,-4.636050224E0
2.268331762E1,3.186000109E0,7.245000362E0,-4.411050320E0
2.268576100E1,2.820000172E0,6.883050442E0,-3.064950228E0
2.268820439E1,3.793950081E0,6.826050282E0,-1.891950130E0
2.269064778E1,4.519950390E0,6.682050228E0,-2.260950089E0
2.269309116E1,4.711050034E0,7.306950569E0,-3.180000067E0
2.269553455E1,3.868050098E0,7.750050545E0,-5.032950401E0
2.269797801E1,3.639000177E0,8.607000351E0,-5.596050262E0
2.270042141E1,3.226950169E0,9.273000717E0,-5.284950256E0
2.270286480E1,2.785950184E0,9.699000359E0,-4.389000416E0
2.270530818E1,2.392950058E0,9.213000298E0,-4.308000088E0
2.270775157E1,2.298000097E0,8.785050392E0,-4.068000317E0
2.271019495E1,2.821950197E0,8.026050568E0,-4.000950336E0
2.271263832E1,3.993000269E0,7.027050495E0,-3.642000198E0
2.271508170E1,4.579050064E0,6.442950249E0,-3.664050102E0
2.271752509E1,3.901950121E0,6.868950367E0,-3.469950199E0
2.271996847E1,3.480000257E0,7.207050323E0,-3.214050055E0
2.272241209E1,3.547950268E0,7.744950294E0,-2.773050070E0
2.272485547E1,4.468950272E0,7.506000519E0,-3.558000088E0
2.272729886E1,4.162950039E0,7.554000378E0,-4.107000351E0
2.272974224E1,3.616950274E0,7.920000553E0,-3.694950104E0
2.273218570E1,3.106950045E0,7.911000252E0,-3.204000235E0
2.273462909E1,3.022950172E0,8.107049942E0,-2.476050138E0
2.273707247E1,3.253050089E0,8.039999962E0,-2.899950027E0
2.273951586E1,3.196050167E0,8.713050842E0,-3.658950090E0
2.274195924E1,3.154950142E0,8.605050087E0,-4.581000328E0
2.274440263E1,2.733000040E0,8.835000038E0,-4.975950241E0
2.274684601E1,2.370000124E0,9.232050896E0,-4.606950283E0
2.274928938E1,2.188050032E0,9.019050598E0,-3.855000257E0
2.275173276E1,2.977950096E0,8.361000061E0,-3.142050266E0
2.275417615E1,4.153050423E0,7.506000519E0,-3.067950249E0
2.275661976E1,4.672950268E0,7.209000111E0,-3.883950233E0
2.275906315E1,4.747050285E0,6.706050396E0,-5.071950436E0
2.276150654E1,3.793950081E0,6.867000103E0,-4.779000282E0
2.276394992E1,3.339000225E0,6.816000462E0,-3.012000084E0
2.276639338E1,3.354000092E0,6.928950310E0,-1.351050019E0
2.276883669E1,3.820050240E0,7.149000168E0,-9.340500236E-1
2.277128015E1,4.714050293E0,7.245000362E0,-2.323050022E0
2.277372346E1,3.901950121E0,7.780950546E0,-5.091000080E0
2.277616692E1,3.586050272E0,8.538000107E0,-6.688050270E0
2.277861030E1,3.331950188E0,9.034049988E0,-6.586950302E0
2.278105369E1,2.953950167E0,9.340050697E0,-4.777050018E0
2.278349708E1,2.695050240E0,8.868000031E0,-2.323050022E0
2.278594047E1,2.002950191E0,8.995050430E0,-2.989050150E0
2.278838408E1,2.440950155E0,8.578950882E0,-3.805050135E0
2.279082747E1,4.761000156E0,6.936000347E0,-4.851000309E0
2.279327085E1,4.515000343E0,6.775950432E0,-5.895000458E0
2.279571422E1,3.865950108E0,6.766050339E0,-4.858050346E0
2.279815760E1,3.729000092E0,7.036950111E0,-3.166050196E0
2.280060099E1,3.547950268E0,7.908000469E0,-1.936950088E0
2.280304445E1,3.460950136E0,7.884000301E0,-2.067000151E0
2.280548784E1,3.298950195E0,7.494000435E0,-3.118050098E0
2.280793122E1,3.093000174E0,7.798050404E0,-3.247050047E0
2.281037461E1,3.784950256E0,8.065950394E0,-3.487050056E0
2.281281799E1,3.184050083E0,8.287050247E0,-3.817050219E0
2.281526138E1,2.619000196E0,8.506950378E0,-3.930000305E0
2.281770476E1,3.298950195E0,8.895000458E0,-3.787950277E0
2.282014813E1,2.833950043E0,9.085950851E0,-4.104000092E0
2.282259174E1,2.745000124E0,9.144000053E0,-4.219050407E0
2.282503513E1,2.956050158E0,8.847000122E0,-4.336950302E0
2.282747851E1,3.064050198E0,8.703000069E0,-3.862050295E0
2.282992190E1,3.934950113E0,7.815000534E0,-3.553950071E0
2.283236528E1,4.930950165E0,7.338000298E0,-3.676050186E0
2.283480867E1,4.903050423E0,7.314000130E0,-4.552050114E0
2.283725205E1,4.168050289E0,7.432050228E0,-5.050050259E0
2.283969544E1,3.145050049E0,7.494000435E0,-4.702950001E0
2.284213882E1,2.496000051E0,7.453050137E0,-3.240000248E0
2.284458228E1,3.358050108E0,7.093950272E0,-1.794000030E0
2.284702567E1,4.450050354E0,7.000950336E0,-1.711950064E0
2.284946905E1,3.967050076E0,7.522950172E0,-3.112950087E0
2.285191244E1,3.603000164E0,8.056950569E0,-5.437950134E0
2.285435582E1,4.069050312E0,8.653050423E0,-6.465000153E0
2.285679943E1,3.535950184E0,9.292050362E0,-6.265950203E0
2.285924282E1,2.407950163E0,9.342000008E0,-4.699950218E0
2.286168620E1,1.684950113E0,9.057000160E0,-3.024000168E0
2.286412959E1,2.282999992E0,9.046050072E0,-2.413950205E0
2.286657298E1,3.769950151E0,7.578000546E0,-3.187050104E0
2.286901636E1,4.881000042E0,6.522000313E0,-4.269000053E0
2.287145974E1,4.723050117E0,6.448050499E0,-5.040000439E0
2.287390313E1,4.251000404E0,6.831000328E0,-4.636050224E0
2.287634651E1,3.793950081E0,7.822050571E0,-3.250050068E0
2.287878997E1,3.673950195E0,8.140049934E0,-2.755950212E0
2.288123335E1,3.231000185E0,8.112000465E0,-2.541000128E0
2.288367674E1,2.913000107E0,7.911000252E0,-2.838000059E0
2.288612012E1,3.112050056E0,8.204999924E0,-2.871000051E0
2.288856351E1,3.255000114E0,8.406000137E0,-3.156000137E0
2.289100712E1,2.950950146E0,8.181000710E0,-3.783000231E0
2.289345051E1,3.117000103E0,8.442000389E0,-3.811950207E0
2.289589366E1,3.175950050E0,9.192000389E0,-3.822000265E0
2.289833728E1,2.785950184E0,9.238950729E0,-4.072950363E0
2.290078066E1,2.131950140E0,9.268050194E0,-4.044000149E0
2.290322405E1,2.263950109E0,9.120000839E0,-3.589950085E0
2.290566743E1,3.459000111E0,8.346000671E0,-3.178050041E0
2.290811082E1,4.690050125E0,7.381050587E0,-3.477000237E0
2.291055420E1,5.310000420E0,6.847950459E0,-4.156949997E0
2.291299766E1,5.443950176E0,6.828000546E0,-4.534950256E0
2.291544105E1,4.600950241E0,6.961950302E0,-4.281000137E0
2.291788442E1,3.334050179E0,7.386000156E0,-2.919000149E0
2.292032780E1,3.186000109E0,7.093950272E0,-1.665000081E0
2.292277119E1,3.957000256E0,6.960000515E0,-1.650000095E0
2.292521457E1,4.333050251E0,7.360050201E0,-2.529000044E0
2.292765818E1,4.062000275E0,7.863000393E0,-4.168950081E0
2.293010157E1,4.054950237E0,8.341950417E0,-5.778000355E0
2.293254496E1,3.658050060E0,9.067049980E0,-5.941050053E0
2.293498834E1,2.899050236E0,9.445050240E0,-5.194050312E0
2.293743172E1,1.909950137E0,9.283050537E0,-3.691950083E0
2.293987511E1,1.600950122E0,9.108000755E0,-2.481000185E0
2.294231849E1,2.428950071E0,8.476050377E0,-2.461950064E0
2.294476188E1,4.273050308E0,6.958050251E0,-3.127050161E0
2.294720534E1,5.080050468E0,6.424050331E0,-4.240950108E0
2.294964872E1,4.933950424E0,6.390000343E0,-4.690950394E0
2.295209212E1,4.414050102E0,7.056000233E0,-4.078050137E0
2.295453551E1,4.402050018E0,7.848000526E0,-3.340950251E0
2.295697889E1,4.374000072E0,7.996950150E0,-3.091950178E0
2.295942251E1,3.775050163E0,7.900950432E0,-3.039000034E0
2.296186566E1,3.121050119E0,7.920000553E0,-2.761050224E0
2.296430930E1,2.989950180E0,7.942050457E0,-2.806950092E0
2.296675269E1,3.331950188E0,8.039999962E0,-2.907000065E0
2.296919608E1,3.442050219E0,8.332050323E0,-3.625050068E0
2.297163946E1,3.082950115E0,8.737050056E0,-4.212000370E0
2.297408284E1,2.619000196E0,8.932950020E0,-4.450950146E0
2.297652622E1,2.098950148E0,9.169950485E0,-4.231050014E0
2.297896968E1,2.008050203E0,9.139050484E0,-3.706950188E0
2.298141307E1,3.016050100E0,8.785050392E0,-3.027000189E0
2.298385646E1,4.315950394E0,7.839000225E0,-3.352050066E0
2.298629984E1,4.819050312E0,7.341000557E0,-3.964950085E0
2.298874323E1,5.407950401E0,7.036950111E0,-4.662000179E0
2.299118661E1,5.203950405E0,6.816000462E0,-4.726950169E0
2.299363000E1,4.315950394E0,7.008000374E0,-3.727950096E0
2.299607338E1,3.732000113E0,7.044000149E0,-2.514000177E0
2.299851677E1,3.628950119E0,7.015050411E0,-2.076000214E0
2.300096038E1,4.012050152E0,7.123050213E0,-2.377950191E0
2.300340376E1,4.263000011E0,7.542000294E0,-3.616050243E0
2.300584715E1,4.243950367E0,8.185950279E0,-5.385000229E0
2.300829053E1,3.922950268E0,8.794050217E0,-6.309000492E0
2.301073392E1,3.066000223E0,9.175050735E0,-5.791950226E0
2.301317738E1,1.998000145E0,9.067049980E0,-4.084949970E0
2.301562077E1,1.524000049E0,8.938050270E0,-2.139000177E0
2.301806415E1,1.630050063E0,8.775000572E0,-1.854000092E0
2.302050754E1,3.331950188E0,7.522950172E0,-2.182049990E0
2.302295092E1,4.881000042E0,6.646050453E0,-3.961050272E0
2.302539431E1,4.969950199E0,6.385050297E0,-5.056950092E0
2.302783769E1,4.785000324E0,6.958050251E0,-4.738950253E0
2.303028107E1,4.642050266E0,7.954050541E0,-4.465950012E0
2.303272446E1,4.386000156E0,8.308050156E0,-3.858000278E0
2.303516807E1,3.643050194E0,7.924950600E0,-3.154050112E0
2.303761146E1,3.238950253E0,7.707000256E0,-2.364000082E0
2.304005484E1,3.579000235E0,7.516050339E0,-2.397000074E0
2.304249823E1,3.789000273E0,7.537050247E0,-2.799000025E0
2.304494161E1,3.636000156E0,8.137949944E0,-3.685050249E0
2.304738500E1,3.193050146E0,8.667000771E0,-4.585950375E0
2.304982846E1,2.583000183E0,8.854050636E0,-4.401000023E0
2.305227177E1,2.053050041E0,9.117000580E0,-3.532050133E0
2.305471523E1,1.756950140E0,9.153000832E0,-2.482950211E0
2.305715861E1,2.821950197E0,8.872950554E0,-2.111999989E0
2.305960200E1,4.366050243E0,7.924950600E0,-2.955000162E0
2.306204540E1,5.110950470E0,7.468050480E0,-4.504050255E0
2.306448878E1,4.759050369E0,6.946050167E0,-5.128950119E0
2.306693216E1,3.813000202E0,6.651000500E0,-4.438950062E0
2.306937578E1,3.508950233E0,6.927000523E0,-2.686950207E0
2.307181919E1,4.096050262E0,7.111050129E0,-1.641000032E0
2.307426257E1,5.200050354E0,6.682050228E0,-2.116950035E0
2.307670595E1,5.226000309E0,6.769050121E0,-3.634950161E0
2.307914934E1,4.703999996E0,7.687950134E0,-5.548050404E0
2.308159280E1,4.375950336E0,8.647950172E0,-6.477000237E0
2.308403609E1,3.615000248E0,9.115050316E0,-5.823000431E0
2.308647955E1,2.508000135E0,9.079050064E0,-3.817050219E0
2.308892293E1,1.912050128E0,8.602950096E0,-1.674000025E0
2.309136632E1,1.651050091E0,8.634000778E0,-1.168950081E0
2.309380970E1,2.721000195E0,8.047050476E0,-1.924950123E0
2.309625308E1,4.201050282E0,6.784950256E0,-3.490950108E0
2.309869647E1,4.477050304E0,6.703950405E0,-4.384050369E0
2.310114008E1,4.642050266E0,7.318950176E0,-4.272000313E0
2.310358347E1,4.939050198E0,8.437050819E0,-4.638000011E0
2.310602685E1,4.596000195E0,8.233950615E0,-5.128950119E0
2.310847024E1,3.718050241E0,7.798050404E0,-3.919950247E0
2.311091362E1,3.859050274E0,7.666050434E0,-3.001050234E0
2.311335701E1,4.699050426E0,7.297950268E0,-2.875950098E0
2.311580039E1,4.479000092E0,7.705050468E0,-3.199050188E0
2.311824378E1,3.391950130E0,8.236050606E0,-3.400050163E0
2.312068718E1,2.923050165E0,8.650050163E0,-3.199050188E0
2.312313064E1,2.551050186E0,9.280050278E0,-2.701050043E0
2.312557402E1,2.056050062E0,9.313950539E0,-2.361000061E0
2.312801741E1,2.044049978E0,9.429000854E0,-2.152950048E0
2.313046079E1,2.917950153E0,9.145950317E0,-2.929050207E0
2.313290442E1,2.890950203E0,8.164050102E0,-3.669000149E0
2.313534781E1,2.674050093E0,7.518000126E0,-3.441000223E0
2.313779119E1,2.776950121E0,6.814050198E0,-2.569950104E0
2.314023457E1,3.307950258E0,6.840000153E0,-1.819950104E0
2.314267796E1,4.705950260E0,7.105950356E0,-2.191050053E0
2.314512134E1,6.196050167E0,6.796950340E0,-3.661050081E0
2.314756473E1,6.331950188E0,6.709050179E0,-6.372000217E0
2.315000811E1,4.998000145E0,7.345950127E0,-7.581000328E0
2.315245150E1,3.849000216E0,7.984950542E0,-6.670950413E0
2.315489496E1,2.977950096E0,8.191050529E0,-3.574950218E0
2.315733832E1,2.641950130E0,7.848000526E0,-1.128000021E0
2.315978170E1,2.652000189E0,8.265000343E0,-1.270500124E-1
2.316222508E1,2.662050009E0,8.263050079E0,-6.010500193E-1
2.316466847E1,4.018949986E0,7.750050545E0,-3.250050068E0
2.316711185E1,4.716000080E0,7.618950367E0,-5.505000114E0
2.316955548E1,4.507950306E0,8.260050774E0,-7.000950336E0
2.317199887E1,2.662050009E0,8.524050713E0,-6.949050426E0
2.317444225E1,1.675050020E0,7.951050282E0,-4.393949986E0
2.317688564E1,3.058950186E0,7.597050190E0,-2.232000113E0
2.317932902E1,4.560000420E0,7.365000248E0,-2.682000160E0
2.318177241E1,4.953000069E0,7.542000294E0,-3.357000113E0
2.318421579E1,4.503000259E0,7.836000443E0,-3.846000195E0
2.318665925E1,4.864050388E0,9.055050850E0,-4.878000259E0
2.318910264E1,4.747050285E0,1.036200047E1,-5.380050182E0
2.319154602E1,2.932050228E0,1.091505051E1,-4.894050121E0
2.319398941E1,1.702050090E0,1.017600060E1,-3.585000277E0
2.319643279E1,8.440500498E-1,9.024000168E0,-8.340000510E-1
2.319887618E1,1.096050024E0,7.171050549E0,-3.090000153E-1
2.320131956E1,1.488000035E0,6.792000294E0,1.330500096E-1
2.320376295E1,2.323950052E0,5.566950321E0,-9.439500570E-1
2.320620633E1,3.715050220E0,5.643000126E0,-2.124000072E0
2.320864994E1,6.402000427E0,7.920000553E0,-4.159049988E0
2.321109333E1,6.250950336E0,8.410950661E0,-7.300950527E0
2.321353672E1,3.174000263E0,9.565050125E0,-8.725049973E0
2.321598010E1,1.977000117E0,9.654000282E0,-6.205950260E0
2.321842348E1,2.212050200E0,9.594000816E0,-3.058050156E0
2.322086694E1,2.347950220E0,9.036000252E0,-1.423050046E0
2.322331033E1,2.683050156E0,7.096950531E0,-1.471050024E0
2.322575372E1,4.861950397E0,5.947050095E0,-2.907000065E0
2.322819711E1,6.631050110E0,5.725050449E0,-5.232000351E0
2.323064049E1,5.346000195E0,5.667000294E0,-7.092000484E0
2.323308387E1,3.106950045E0,7.053000450E0,-6.384000301E0
2.323552726E1,2.992050171E0,8.002050400E0,-5.008950233E0
2.323797087E1,2.893950224E0,8.125950813E0,-4.600050449E0
2.324041403E1,2.725950241E0,7.980000496E0,-3.931950092E0
2.324285764E1,5.010000229E0,7.848000526E0,-2.974050045E0
2.324530103E1,7.825950146E0,8.332050323E0,-4.138050079E0
2.324774441E1,7.881000519E0,9.775950432E0,-6.433950424E0
2.325018780E1,4.062000275E0,1.017300034E1,-8.031000137E0
2.325263117E1,1.812000036E0,8.986050606E0,-7.293000221E0
2.325507463E1,7.080000043E-1,7.615950584E0,-1.324950099E0
2.325751801E1,1.917000055E0,7.258950233E0,3.529500067E-1
2.325996140E1,2.254950047E0,7.714050293E0,2.448000193E0
2.326240478E1,1.170000076E0,5.892000198E0,1.708050132E0
2.326484817E1,2.140050173E0,5.016000271E0,1.500000060E-2
2.326729155E1,4.157999992E0,6.781050205E0,-2.670000076E0
2.326973494E1,4.918950081E0,9.714000702E0,-6.228000164E0
2.327217832E1,5.476950169E0,1.037895012E1,-8.625000000E0
2.327462170E1,2.998950243E0,1.105905056E1,-7.120950222E0
2.327706532E1,1.611000061E0,1.113105011E1,-4.641000271E0
2.327950870E1,1.495950103E0,9.646050453E0,-3.345000267E0
2.328195209E1,2.961000204E0,7.302000523E0,-3.199050188E0
2.328439547E1,5.275950432E0,5.361000061E0,-4.678950310E0
2.328683886E1,4.536000252E0,3.697050095E0,-5.850000381E0
2.328928225E1,4.644000053E0,3.474000216E0,-5.019000053E0
2.329172571E1,6.105000496E0,5.902050495E0,-5.134050369E0
2.329416910E1,5.853000164E0,7.425000191E0,-6.526950359E0
2.329661248E1,4.824000359E0,8.811000824E0,-5.773050308E0
2.329905587E1,4.198950291E0,9.337950706E0,-4.672049999E0
2.330149927E1,4.660950184E0,1.020900059E1,-5.766000271E0
2.330394266E1,4.729950428E0,1.076895046E1,-7.191000462E0
2.330638604E1,2.767050028E0,8.482950211E0,-6.750000477E0
2.330882966E1,1.158000112E0,6.084000111E0,-3.405000210E0
2.331127303E1,1.572000027E0,4.450950146E0,1.492950082E0
2.331371641E1,2.122950077E0,5.611950397E0,2.845050097E0
2.331615980E1,2.844000101E0,7.006050110E0,1.545000076E0
2.331860318E1,4.819050312E0,7.450950146E0,-6.679500341E-1
2.332104664E1,6.768000126E0,7.987050533E0,-6.064950466E0
2.332348994E1,5.620950222E0,9.763950348E0,-8.778000832E0
2.332593340E1,2.650050163E0,1.113105011E1,-7.630950451E0
2.332837679E1,1.639050126E0,1.133895016E1,-3.898050070E0
2.333082017E1,2.014950037E0,1.099005032E1,-1.558950067E0
2.333326356E1,3.085050106E0,8.880000114E0,-1.090050101E0
2.333570693E1,4.960050106E0,6.370950222E0,-3.985050201E0
2.333815032E1,5.116050243E0,4.590000153E0,-5.922000408E0
2.334059393E1,4.924050331E0,3.666000128E0,-6.295050144E0
2.334303732E1,5.037000179E0,6.108000278E0,-4.854000092E0
2.334548070E1,5.638050079E0,7.357950211E0,-4.807950020E0
2.334792409E1,4.716000080E0,8.263050079E0,-6.238050461E0
2.335036747E1,4.290000439E0,9.010050774E0,-6.490950108E0
2.335281085E1,5.146950245E0,9.591000557E0,-6.415050507E0
2.335525424E1,5.094000340E0,9.951000214E0,-4.585950375E0
2.335769762E1,3.427950144E0,9.826050758E0,-5.815950394E0
2.336014102E1,5.689499974E-1,7.141950130E0,-6.834000111E0
2.336258448E1,8.710500598E-1,5.077950478E0,-1.878000140E0
2.336502786E1,1.909950137E0,5.512050152E0,2.722950220E0
2.336747125E1,2.223000050E0,6.807000160E0,8.370000124E-1
2.336991463E1,3.697950125E0,6.574950218E0,-8.220000267E-1
2.337235801E1,5.398050308E0,6.915000439E0,-3.988950253E0
2.337480163E1,6.969000340E0,8.200050354E0,-7.582950592E0
2.337724501E1,5.671050072E0,9.562950134E0,-7.609950542E0
2.337968840E1,3.199950218E0,1.116705036E1,-5.622000217E0
2.338213178E1,2.707050085E0,1.138200092E1,-2.787000179E0
2.338457517E1,4.030950069E0,9.349950790E0,-2.533950090E0
2.338701855E1,5.580000401E0,7.165950298E0,-4.492050171E0
2.338946194E1,4.168050289E0,4.245000362E0,-5.127000332E0
2.339190532E1,3.883050203E0,3.876000166E0,-4.104000092E0
2.339434871E1,5.908050060E0,6.292050362E0,-3.256950140E0
2.339679218E1,6.150000095E0,7.915050507E0,-4.453950405E0
2.339923556E1,4.386000156E0,9.406949997E0,-5.917050362E0
2.340167895E1,3.934950113E0,9.460050583E0,-6.264000416E0
2.340412234E1,4.426050186E0,1.057095051E1,-7.903950214E0
2.340656595E1,3.718050241E0,1.038195038E1,-7.474950314E0
2.340900934E1,2.242950201E0,9.402000427E0,-6.787950516E0
2.341145272E1,4.660500288E-1,4.920000076E0,-3.478950262E0
2.341389610E1,1.297050118E0,3.342000246E0,2.527050018E0
2.341633949E1,2.089050055E0,6.223050117E0,3.195000172E0
2.341878287E1,2.343000174E0,7.267050266E0,6.280500293E-1
2.342122625E1,4.074000359E0,6.238950253E0,-1.474950075E0
2.342366964E1,6.744000435E0,7.123050213E0,-7.102050304E0
2.342611302E1,6.265050411E0,9.157950401E0,-9.748050690E0
2.342855648E1,3.684000254E0,1.100895023E1,-7.564050198E0
2.343099987E1,2.563050032E0,1.114500046E1,-4.779000282E0
2.343344326E1,3.532950163E0,9.939000130E0,-2.584050179E0
2.343588664E1,4.432950020E0,6.904950142E0,-3.525000095E0
2.343833003E1,3.592950106E0,4.141950130E0,-3.766950130E0
2.344077341E1,4.615050316E0,3.144000053E0,-2.328000069E0
2.344321680E1,7.339950562E0,5.112000465E0,-3.168000221E0
2.344566018E1,6.925950527E0,7.096950531E0,-4.501950264E0
2.344810380E1,4.657950401E0,8.617050171E0,-5.485950470E0
2.345054719E1,3.904050112E0,9.888000488E0,-5.353950024E0
2.345299057E1,4.230000019E0,1.110900021E1,-6.682950497E0
2.345543396E1,3.259950161E0,1.061400032E1,-7.557000160E0
2.345787733E1,1.749000072E0,8.513999939E0,-5.608050346E0
2.346032078E1,1.426050067E0,5.254950047E0,-1.321950078E0
2.346276417E1,1.720950127E0,5.971050262E0,3.655050278E0
2.346520756E1,1.888050079E0,8.068950653E0,2.268000126E0
2.346765094E1,1.954950094E0,6.321000099E0,9.679500461E-1
2.347009433E1,2.947050095E0,5.404050350E0,-2.299050093E0
2.347253771E1,4.744950294E0,9.702000618E0,-7.207050323E0
2.347498110E1,6.421050072E0,1.095405006E1,-9.055950165E0
2.347742471E1,3.442050219E0,1.116195011E1,-9.472050667E0
2.347986787E1,2.889000177E0,1.100400066E1,-6.063000202E0
2.348231148E1,4.030950069E0,8.065950394E0,-4.480050087E0
2.348475486E1,3.385050058E0,5.506950378E0,-2.716050148E0
2.348719825E1,3.294000149E0,4.365000248E0,-8.670000434E-1
2.348964163E1,6.399000168E0,5.682000160E0,-4.150500298E-1
2.349208500E1,7.711050510E0,6.232050419E0,-3.570000172E0
2.349452838E1,6.310950279E0,7.546950340E0,-6.472050190E0
2.349697184E1,4.515000343E0,9.670050621E0,-7.024950504E0
2.349941515E1,4.483950138E0,1.053705025E1,-7.914000511E0
2.350185861E1,3.526050091E0,1.014705086E1,-7.890000343E0
2.350430203E1,1.737000108E0,8.136000633E0,-6.001050472E0
2.350674541E1,1.069050074E0,5.397000313E0,-1.924950123E0
2.350918880E1,1.692000031E0,5.535000324E0,3.348000050E0
2.351163218E1,1.912050128E0,7.947000504E0,2.563050032E0
2.351407580E1,1.840050101E0,6.703950405E0,1.093050003E0
2.351651918E1,1.711050034E0,6.547950268E0,1.999500096E-1
2.351896257E1,4.105050087E0,9.661050797E0,-3.783000231E0
2.352140595E1,6.118950367E0,1.105695057E1,-8.778000832E0
2.352384934E1,4.222949982E0,1.128405094E1,-8.749050140E0
2.352629280E1,3.595050097E0,1.030305004E1,-6.858000278E0
2.352873618E1,4.078950405E0,7.947000504E0,-5.863950253E0
2.353117956E1,3.325050116E0,4.800000191E0,-4.128000259E0
2.353362294E1,3.994950294E0,4.267050266E0,-1.200000048E0
2.353606633E1,6.535950184E0,5.743950367E0,-5.970000029E-1
2.353850972E1,8.374050140E0,5.965950489E0,-3.730950117E0
2.354095311E1,6.861000538E0,6.742050171E0,-5.761050224E0
2.354339650E1,5.178000450E0,9.262950897E0,-6.340950489E0
2.354583988E1,5.032050133E0,1.078395081E1,-7.213950157E0
2.354828350E1,3.460950136E0,1.027395058E1,-7.581000328E0
2.355072688E1,1.551000118E0,7.891050339E0,-5.653050423E0
2.355317024E1,1.189050078E0,5.233950138E0,-1.324950099E0
2.355561362E1,1.809000134E0,6.334950447E0,3.541950226E0
2.355805701E1,2.008050203E0,8.473050117E0,1.903950095E0
2.356050039E1,1.033950090E0,5.808000088E0,1.303050041E0
2.356294385E1,1.747050047E0,6.007050514E0,-9.820500612E-1
2.356538724E1,4.639050007E0,9.067049980E0,-5.538000107E0
2.356783055E1,6.109050274E0,1.044105053E1,-7.047000408E0
2.357027400E1,4.747050285E0,1.045800018E1,-7.531050205E0
2.357271739E1,4.108050346E0,1.013295078E1,-6.324000359E0
2.357516078E1,3.993000269E0,6.931050301E0,-4.990050316E0
2.357760418E1,2.902950048E0,4.843950272E0,-2.977050066E0
2.358004779E1,4.716000080E0,5.137950420E0,-1.708050132E0
2.358249118E1,7.783050537E0,5.671950340E0,-2.823000193E0
2.358493456E1,8.485050201E0,4.980000019E0,-5.383050442E0
2.358737794E1,6.475950241E0,6.958050251E0,-5.320950031E0
2.358982132E1,5.950950146E0,9.402000427E0,-5.080950260E0
2.359226470E1,5.134950161E0,1.015395069E1,-6.360000134E0
2.359470808E1,2.604000092E0,9.352050781E0,-6.906000137E0
2.359715147E1,8.800500631E-1,7.033950329E0,-4.903950214E0
2.359959485E1,1.158000112E0,5.425050259E0,-4.095000029E-2
2.360203833E1,2.458050013E0,8.023050308E0,2.449950218E0
2.360448171E1,1.857000113E0,7.848000526E0,4.650000334E-1
2.360692510E1,1.408950090E0,5.500050068E0,-1.110000089E-1
2.360936848E1,3.208050251E0,6.919050217E0,-3.718950272E0
2.361181189E1,5.074950218E0,9.144000053E0,-5.458950043E0
2.361425550E1,5.905950069E0,1.043700027E1,-5.992950439E0
2.361669889E1,4.917000294E0,1.080300045E1,-6.693000317E0
2.361914227E1,4.788000107E0,9.216000557E0,-6.526950359E0
2.362158566E1,2.997000217E0,6.268050194E0,-4.200000286E0
2.362402904E1,3.358050108E0,5.370000362E0,-2.542950153E0
2.362647243E1,7.038000107E0,6.103050232E0,-3.060000181E0
2.362891581E1,8.855999947E0,5.296050072E0,-6.348000526E0
2.363135919E1,7.314000130E0,5.926050186E0,-6.847950459E0
2.363380265E1,5.383950233E0,8.956950188E0,-4.798950195E0
2.363624604E1,5.944050312E0,9.883950233E0,-5.538000107E0
2.363868942E1,4.222949982E0,1.014000034E1,-7.246050358E0
2.364113280E1,1.516950130E0,8.466000557E0,-6.646950245E0
2.364357619E1,8.350500464E-1,5.695950508E0,-3.228000164E0
2.364601957E1,1.882950068E0,6.244050503E0,1.852050066E0
2.364846318E1,1.893000126E0,8.239050865E0,1.651050091E0
2.365090634E1,1.182000041E0,6.862050533E0,5.059500337E-1
2.365334995E1,1.681950092E0,5.716950417E0,-1.734000087E0
2.365579334E1,3.765000105E0,7.795950413E0,-4.059000015E0
2.365823672E1,6.112050056E0,1.015395069E1,-5.833050251E0
2.366068012E1,6.448950291E0,1.079100037E1,-7.959000587E0
2.366312351E1,5.434050083E0,1.015395069E1,-8.184000015E0
2.366556689E1,3.076050043E0,8.016000748E0,-6.229950428E0
2.366801035E1,2.074949980E0,5.421000481E0,-2.437950134E0
2.367045374E1,4.524000168E0,6.262950420E0,-1.665000081E0
2.367289712E1,8.290950775E0,6.369000435E0,-3.534000158E0
2.367534051E1,8.716950417E0,4.831950188E0,-6.654000282E0
2.367778389E1,6.781950474E0,6.927000523E0,-5.625000477E0
2.368022750E1,6.100050449E0,1.011600018E1,-5.280000210E0
2.368267066E1,5.290950298E0,1.071900082E1,-6.949050426E0
2.368511427E1,2.395950079E0,9.615000725E0,-6.823950291E0
2.368755766E1,1.189050078E0,6.802050114E0,-4.423050404E0
2.369000105E1,1.966950059E0,6.346950531E0,-3.195000067E-2
2.369244443E1,2.046000004E0,8.563950539E0,1.761000037E0
2.369488782E1,7.819500566E-1,7.072950363E0,5.089499950E-1
2.369733117E1,7.579500079E-1,5.686050415E0,-1.783950090E0
2.369977463E1,2.793000221E0,7.927050591E0,-4.734000206E0
2.370221802E1,5.188050270E0,9.807000160E0,-5.596050262E0
2.370466140E1,5.473050117E0,1.123200035E1,-7.401000500E0
2.370710479E1,4.504950047E0,1.113300037E1,-7.642950535E0
2.370954817E1,3.088050127E0,8.341950417E0,-6.475050449E0
2.371199155E1,1.623000026E0,5.842050076E0,-3.147000074E0
2.371443494E1,3.861000299E0,5.823000431E0,-1.810950041E0
2.371687832E1,7.651050568E0,6.184050083E0,-2.758950233E0
2.371932170E1,8.620950699E0,4.639950275E0,-6.094050407E0
2.372176532E1,7.909950256E0,5.479950428E0,-6.385950089E0
2.372420870E1,6.861000538E0,8.397000313E0,-5.608050346E0
2.372665209E1,5.956050396E0,1.030995083E1,-5.785050392E0
2.372909547E1,3.193050146E0,9.256050110E0,-6.405000210E0
2.373153894E1,8.560500145E-1,6.730050087E0,-4.380000114E0
2.373398225E1,1.725000024E0,5.794050217E0,1.489500105E-1
2.373642571E1,2.341050148E0,7.834050179E0,2.685000181E0
2.373886909E1,1.633950114E0,7.365000248E0,1.153050065E0
2.374131248E1,1.381050110E0,4.803000450E0,1.038000107E0
2.374375588E1,2.974950075E0,6.366000175E0,-1.296000004E0
2.374619927E1,6.495000362E0,9.057000160E0,-4.933050156E0
2.374864265E1,8.590050697E0,9.781050682E0,-8.811000824E0
2.375108604E1,6.418050289E0,1.083195019E1,-1.015005016E1
2.375352965E1,2.482050180E0,9.025950432E0,-9.733050346E0
2.375597306E1,7.410000563E-1,7.185000420E0,-6.019950390E0
2.375841644E1,4.219950199E0,4.729050159E0,-3.096000195E0
2.376085982E1,7.780950546E0,5.248050213E0,-4.156949997E0
2.376330321E1,7.693950176E0,4.729050159E0,-5.080950260E0
2.376574667E1,6.748950481E0,4.822050095E0,-6.436050415E0
2.376819004E1,5.496000290E0,6.940950394E0,-5.014050007E0
2.377063343E1,5.587050438E0,8.497050285E0,-6.084000111E0
2.377307681E1,3.399000168E0,8.446949959E0,-6.118050098E0
2.377552020E1,1.009950042E0,6.426000118E0,-3.027000189E0
2.377796358E1,4.350000322E-1,5.622000217E0,-1.471050024E0
2.378040696E1,2.029950142E0,7.642050266E0,-3.900000080E-2
2.378285035E1,1.615050077E0,7.743000507E0,-9.580500722E-1
2.378529373E1,2.449050188E0,5.683950424E0,-3.223050117E0
2.378773735E1,2.725950241E0,6.940950394E0,-4.507050037E0
2.379018073E1,4.359000206E0,9.345000267E0,-4.708050251E0
2.379262411E1,5.784000397E0,1.057305050E1,-7.135050297E0
2.379506749E1,5.082000256E0,1.076700020E1,-7.786950588E0
2.379751088E1,4.885950089E0,9.639000893E0,-8.239050865E0
2.379995426E1,2.829000235E0,7.360050201E0,-5.613000393E0
2.380239765E1,3.307950258E0,6.004950523E0,-2.907000065E0
2.380484109E1,6.367950439E0,6.847950459E0,-4.614000320E0
2.380728440E1,8.769000053E0,5.899050236E0,-6.469950199E0
2.380972786E1,6.922950268E0,5.851950169E0,-6.927000523E0
2.381217124E1,4.408950329E0,8.839950562E0,-4.993050098E0
2.381461463E1,5.926950455E0,9.934050560E0,-5.914050102E0
2.381705801E1,4.206000328E0,1.040505028E1,-6.666000366E0
2.381950162E1,1.558050036E0,8.332050323E0,-4.878000259E0
2.382194501E1,1.390050054E0,6.555000305E0,-1.839000106E0
2.382438839E1,2.152050018E0,8.538000107E0,1.180500090E-1
2.382683178E1,1.390050054E0,9.888000488E0,-4.099500179E-1
2.382927516E1,2.650500238E-1,7.032000542E0,-1.921050072E0
2.383171855E1,2.269500047E-1,6.060000420E0,-3.124950171E0
2.383416193E1,2.074949980E0,9.697050095E0,-4.693050385E0
2.383660539E1,5.122950077E0,1.114995098E1,-5.730000496E0
2.383904870E1,5.800950050E0,1.051095009E1,-8.068950653E0
2.384149217E1,5.025000095E0,9.553050041E0,-9.472050667E0
2.384393555E1,2.282999992E0,7.140000343E0,-6.634950161E0
2.384637894E1,2.077050209E0,5.770050049E0,-1.966050148E0
2.384882232E1,5.359950066E0,6.481050491E0,-1.867950082E0
2.385126569E1,7.306950569E0,6.567000389E0,-1.588050127E0
2.385370930E1,7.495950222E0,5.229000092E0,-3.598950148E0
2.385615269E1,7.093050480E0,7.159050465E0,-4.030050278E0
2.385859607E1,7.456950188E0,9.433050156E0,-6.910050392E0
2.386103946E1,5.224050045E0,9.963000298E0,-8.854949951E0
2.386348284E1,1.567050099E0,9.072000504E0,-6.739950180E0
2.386592623E1,1.090950012E0,6.679950237E0,-2.481000185E0
2.386836961E1,2.377050161E0,7.504050255E0,1.272000074E0
2.387081299E1,2.185050011E0,8.854050636E0,1.690950036E0
2.387325638E1,1.017000079E0,6.723000526E0,7.020000219E-1
2.387569984E1,6.859500408E-1,5.088000298E0,-1.035000086E0
2.387814323E1,2.173050165E0,7.663950443E0,-3.328950167E0
2.388058661E1,5.695050240E0,9.934050560E0,-5.056950092E0
2.388302999E1,5.785950184E0,1.037895012E1,-7.605000496E0
2.388547338E1,4.785000324E0,1.002195072E1,-8.091000557E0
2.388791700E1,2.314050198E0,7.474950314E0,-5.421000481E0
2.389036015E1,1.455000043E0,5.619000435E0,-7.210500240E-1
2.389280376E1,4.516950130E0,6.508050442E0,-4.050000310E-1
2.389524715E1,7.026000500E0,6.796950340E0,-1.593000054E0
2.389769054E1,8.050950050E0,4.864950180E0,-4.042050362E0
2.390013394E1,8.737950325E0,6.157950401E0,-4.315050125E0
2.390257732E1,9.241050720E0,8.197950363E0,-6.738000393E0
2.390502071E1,6.318000317E0,9.055050850E0,-9.082050323E0
2.390746416E1,2.092050076E0,8.176050186E0,-7.600050449E0
2.390990755E1,7.440000176E-1,5.739000320E0,-2.827950239E0
2.391235094E1,2.305050135E0,6.297000408E0,3.268950224E0
2.391479432E1,2.410050154E0,8.251049995E0,2.314050198E0
2.391723771E1,1.455000043E0,6.927000523E0,8.749500513E-1
2.391968132E1,1.447950125E0,6.631950378E0,-1.219050050E0
2.392212448E1,3.538050175E0,9.088950157E0,-5.122050285E0
2.392456807E1,4.876049995E0,9.498000145E0,-8.110050201E0
2.392701123E1,3.102000237E0,1.103295040E1,-8.447999954E0
2.392945484E1,3.121050119E0,1.085295010E1,-7.363050461E0
2.393189823E1,2.535000086E0,7.669050217E0,-5.395050049E0
2.393434161E1,2.094000101E0,5.143050194E0,-1.573950052E0
2.393678498E1,5.463000298E0,4.927050114E0,-1.573950052E0
2.393922844E1,8.206950188E0,6.151050091E0,-4.459050179E0
2.394167182E1,8.959050179E0,5.008950233E0,-6.060000420E0
2.394411521E1,6.727050304E0,6.748950481E0,-4.585950375E0
2.394655859E1,6.363000393E0,9.562950134E0,-4.164000034E0
2.394900196E1,5.925000191E0,1.007505035E1,-6.577950478E0
2.395144534E1,2.215950012E0,9.208050728E0,-7.047000408E0
2.395388873E1,4.560000300E-1,7.072950363E0,-4.834950447E0
2.395633211E1,1.345050097E0,6.478950500E0,3.150000274E-1
2.395877550E1,2.050950050E0,8.353950500E0,1.026000023E0
2.396121911E1,1.168050051E0,7.771950245E0,-1.030500084E-1
2.396366250E1,1.266000032E0,6.862050533E0,-2.184000015E0
2.396610588E1,2.631000042E0,8.185950279E0,-3.847950220E0
2.396854927E1,4.930950165E0,9.304050446E0,-4.981050014E0
2.397099265E1,5.029950142E0,9.883950233E0,-6.874050140E0
2.397343612E1,4.090950012E0,1.046100044E1,-7.440000534E0
2.397587950E1,3.078000069E0,8.035050392E0,-6.400050163E0
2.397832289E1,1.771050096E0,5.751000404E0,-2.656050205E0
2.398076627E1,4.467000008E0,5.571000099E0,-1.156949997E0
2.398320966E1,7.990950584E0,6.285000324E0,-2.866050243E0
2.398565304E1,9.138000488E0,4.840950012E0,-6.466950417E0
2.398809642E1,8.013000488E0,5.626050472E0,-6.666000366E0
2.399053981E1,7.270950317E0,9.004950523E0,-6.333000183E0
2.399298342E1,6.411000252E0,9.349950790E0,-8.479050636E0
2.399542681E1,2.808000088E0,8.695950508E0,-8.392050743E0
2.399787019E1,6.240000129E-1,7.063050270E0,-5.044950008E0
2.400031358E1,1.780950069E0,6.466950417E0,-3.900000080E-2
2.400275696E1,2.314050198E0,8.193000793E0,2.173050165E0
2.400520034E1,1.117050052E0,7.282950401E0,1.830000132E-1
2.400764380E1,1.747050047E0,6.979050159E0,-2.328000069E0
2.401008719E1,2.535000086E0,7.804950237E0,-4.377000332E0
2.401253058E1,3.696000099E0,9.529050827E0,-4.518000126E0
2.401497396E1,4.309050083E0,1.089600086E1,-5.337000370E0
2.401741734E1,4.728000164E0,1.073595047E1,-5.572050095E0
2.401986073E1,3.733950138E0,8.755949974E0,-5.464050293E0
2.402230411E1,2.355000019E0,6.120000362E0,-2.878050089E0
2.402474750E1,3.682050228E0,6.283050060E0,-1.879950047E0
2.402719111E1,7.278000355E0,7.000950336E0,-3.865050077E0
2.402963450E1,8.863050461E0,5.923050404E0,-6.027000427E0
2.403207787E1,7.714050293E0,7.111050129E0,-4.846950054E0
2.403452126E1,6.712950230E0,9.691950798E0,-3.546000242E0
2.403696464E1,7.335000515E0,1.123605061E1,-5.878050327E0
2.403940803E1,3.652950287E0,1.122900009E1,-7.321950436E0
2.404185141E1,9.070500135E-1,8.428050041E0,-5.886000156E0
2.404429480E1,1.144050002E0,6.069000244E0,-1.087050080E0
2.404673818E1,1.974000096E0,8.631000519E0,1.483050108E0
2.404918164E1,1.251000047E0,8.445000648E0,4.609500170E-1
2.405162503E1,7.680000067E-1,6.036000252E0,-1.111050010E0
2.405406841E1,1.776000142E0,6.910050392E0,-3.337950230E0
2.405651180E1,4.321050167E0,8.775000572E0,-4.293000221E0
2.405895518E1,5.640000343E0,9.745050430E0,-5.124000072E0
2.406139879E1,3.889950275E0,1.006305027E1,-6.454950333E0
2.406384218E1,3.619050264E0,8.622000694E0,-5.596050262E0
2.406628556E1,3.061050177E0,5.746050358E0,-3.807000160E0
2.406872896E1,4.405050278E0,4.968000412E0,-2.947950125E0
2.407117242E1,7.182000160E0,5.047050476E0,-5.124000072E0
2.407361573E1,7.579050541E0,3.745050192E0,-5.068950176E0
2.407605919E1,6.283950329E0,4.843950272E0,-4.581000328E0
2.407850250E1,5.101050377E0,7.744950294E0,-1.729050040E0
2.408094596E1,6.445050240E0,8.695950508E0,-2.514000177E0
2.408338935E1,5.604000092E0,8.943000793E0,-4.930050373E0
2.408583273E1,1.860000134E0,8.737050056E0,-6.118050098E0
2.408827612E1,5.950500369E-1,7.501050472E0,-5.263050079E0
2.409071950E1,2.106000185E0,7.896000385E0,-1.272000074E0
2.409316288E1,2.950950146E0,8.059050560E0,-3.930000067E-1
2.409560649E1,2.740950108E0,7.279050350E0,-7.260000110E-1
2.409804988E1,3.532950163E0,7.855950356E0,-2.100000143E0
2.410049326E1,3.313050270E0,8.281949997E0,-3.321000099E0
2.410293665E1,3.391950130E0,9.049950600E0,-3.409950256E0
2.410538003E1,4.736999989E0,9.556050301E0,-3.915000200E0
2.410782342E1,4.836000443E0,9.826050758E0,-5.380050182E0
2.411026680E1,3.334050179E0,8.029950142E0,-4.926000118E0
2.411271018E1,2.009999990E0,6.265950203E0,-2.617050171E0
2.411515365E1,3.472950220E0,7.153950214E0,-1.518000126E0
2.411759703E1,5.631000042E0,7.161000252E0,-2.067000151E0
2.412004041E1,5.631000042E0,6.808950424E0,-3.171000242E0
2.412248380E1,4.225049973E0,8.125950813E0,-3.867000103E0
2.412492741E1,2.725950241E0,7.959000587E0,-4.102050304E0
2.412737057E1,2.616000175E0,8.503950119E0,-3.106050253E0
2.412981420E1,3.310050249E0,9.591000557E0,-3.388050079E0
2.413225758E1,3.349050045E0,9.400050163E0,-4.758000374E0
2.413470097E1,2.259000063E0,8.278950691E0,-4.699950218E0
2.413714435E1,1.453050017E0,7.258950233E0,-3.043950081E0
2.413958774E1,3.616950274E0,6.619950294E0,-1.891950130E0
2.414203112E1,6.085050106E0,6.132000446E0,-2.158050060E0
2.414447451E1,5.857950211E0,7.105950356E0,-4.192950249E0
2.414691797E1,4.705950260E0,7.558950424E0,-6.415050507E0
2.414936135E1,3.277050257E0,7.903050423E0,-6.951000214E0
2.415180474E1,2.755050182E0,8.287050247E0,-5.349000454E0
2.415424812E1,4.297049999E0,8.200050354E0,-2.572050095E0
2.415669151E1,4.777950287E0,8.539950371E0,-8.790000677E-1
2.415913512E1,4.263000011E0,8.380050659E0,-1.578000069E0
2.416157828E1,4.386000156E0,7.858050346E0,-3.850050211E0
2.416402166E1,4.024050236E0,7.437000275E0,-5.482950211E0
2.416646504E1,3.049950123E0,8.095050812E0,-4.629000187E0
2.416890866E1,2.901000023E0,8.782050133E0,-3.436050177E0
2.417135204E1,2.578050137E0,9.361950874E0,-3.208950043E0
2.417379543E1,2.263950109E0,9.421050072E0,-3.736050129E0
2.417623881E1,2.293050051E0,8.373000145E0,-4.108950138E0
2.417868227E1,2.700000048E0,7.836000443E0,-4.269000053E0
2.418112566E1,3.100050211E0,8.445000648E0,-3.934050083E0
2.418356904E1,3.555000067E0,9.010050774E0,-3.364050150E0
2.418601243E1,3.022950172E0,8.836950302E0,-2.605050087E0
2.418845581E1,2.077050209E0,8.140049934E0,-1.345950007E0
2.419089920E1,1.725000024E0,7.960950375E0,-3.195000067E-2
2.419334258E1,1.575000048E0,8.059050560E0,6.259500384E-1
2.419578596E1,2.020050049E0,8.440050125E0,-5.299500227E-1
2.419822958E1,4.033950329E0,7.987050533E0,-2.802000046E0
2.420067273E1,5.080050468E0,7.951050282E0,-5.212950230E0
2.420311635E1,3.919050217E0,8.290950775E0,-6.432000160E0
2.420555973E1,2.956050158E0,8.599950790E0,-5.758950233E0
2.420800312E1,2.877000093E0,9.601050377E0,-3.814950228E0
2.421044650E1,3.760950089E0,9.931050301E0,-2.220000029E0
2.421288996E1,4.186950207E0,9.337950706E0,-2.866050243E0
2.421533335E1,4.194000244E0,8.133000374E0,-4.894050121E0
2.421777673E1,3.957000256E0,7.603950500E0,-6.199050426E0
2.422022012E1,2.947050095E0,7.200000286E0,-5.835000515E0
2.422266350E1,2.944050074E0,6.916950226E0,-4.641000271E0
2.422510689E1,3.981000185E0,6.994050503E0,-3.882000208E0
2.422755028E1,4.216050148E0,6.838050365E0,-5.115000248E0
2.422999366E1,4.012050152E0,6.724950314E0,-6.364050388E0
2.423243705E1,3.712950230E0,7.120950222E0,-5.989050388E0
2.423488066E1,3.301050186E0,7.195050240E0,-4.063950062E0
2.423732405E1,2.215950012E0,6.808950424E0,-1.534950018E0
2.423976744E1,2.992050171E0,7.896000385E0,1.420500129E-1
2.424221082E1,3.403950214E0,8.317950249E0,2.430000156E-1
2.424465421E1,3.220050097E0,7.681050301E0,4.905000329E-2
2.424709767E1,2.764950037E0,7.165950298E0,-1.462950110E0
2.424954097E1,2.403000116E0,7.599000454E0,-1.654950023E0
2.425198443E1,2.733000040E0,8.095050812E0,-1.450950027E0
2.425442774E1,3.811050177E0,8.822999954E0,-2.203050137E0
2.425687120E1,4.339950085E0,8.883000374E0,-2.803950071E0
2.425931459E1,4.102950096E0,8.835000038E0,-3.273000240E0
2.426175799E1,3.859050274E0,1.006995010E1,-4.092000008E0
2.426420137E1,3.876000166E0,9.654000282E0,-4.660050392E0
2.426664499E1,2.392950058E0,1.002195072E1,-3.546000242E0
2.426908837E1,1.993950129E0,1.051605034E1,-1.305000067E0
2.427153177E1,2.431950092E0,1.046805096E1,-5.580000281E-1
2.427397515E1,3.250950098E0,9.847950935E0,-1.308000088E0
2.427641854E1,4.402050018E0,9.318000793E0,-3.670950174E0
2.427886192E1,3.789000273E0,8.634000778E0,-6.184950352E0
2.428130538E1,2.367000103E0,8.029950142E0,-6.052950382E0
2.428374869E1,2.365050077E0,7.486950397E0,-5.163000107E0
2.428619215E1,3.021000147E0,7.546950340E0,-4.975950241E0
2.428863553E1,3.552000284E0,7.597050190E0,-5.613000393E0
2.429107892E1,3.603000164E0,7.456050396E0,-6.036000252E0
2.429352230E1,3.339000225E0,6.903000355E0,-5.758950233E0
2.429596570E1,2.923050165E0,7.510950565E0,-3.661050081E0
2.429840909E1,3.751050234E0,8.028000832E0,-1.911000133E0
2.430085270E1,3.592950106E0,8.737050056E0,-1.000950098E0
2.430329609E1,3.721950293E0,9.079050064E0,-1.771950126E0
2.430573947E1,3.427950144E0,7.645050526E0,-3.202050209E0
2.430818285E1,2.008050203E0,7.338000298E0,-2.461950064E0
2.431062624E1,1.287000060E0,6.996000290E0,-1.423050046E0
2.431306962E1,2.379000187E0,7.585050583E0,-9.460500479E-1
2.431551301E1,3.897000074E0,8.820000648E0,-1.921050072E0
2.431795639E1,4.816050053E0,8.380050659E0,-2.641050100E0
2.432039976E1,4.387950420E0,9.192000389E0,-3.751950264E0
2.432284322E1,5.326050282E0,1.010595036E1,-5.440050125E0
2.432528660E1,3.580950260E0,1.014495087E1,-7.036950111E0
2.432772999E1,1.849950075E0,1.085100079E1,-4.317000389E0
2.433017337E1,1.893000126E0,1.095600033E1,-2.100000143E0
2.433261676E1,3.028050184E0,1.005795002E1,-1.384050012E0
2.433506037E1,4.101000309E0,8.907000542E0,-2.289000034E0
2.433750376E1,4.657950401E0,8.089950562E0,-4.497000217E0
2.433994714E1,3.454050064E0,7.432050228E0,-5.638950348E0
2.434239053E1,2.443950176E0,6.852000237E0,-4.653000355E0
2.434483391E1,2.728950024E0,7.065000534E0,-3.939000130E0
2.434727730E1,3.303000212E0,7.906050205E0,-4.162050247E0
2.434972068E1,3.279000044E0,7.759950161E0,-5.068950176E0
2.435216406E1,2.884050131E0,6.973950386E0,-5.934000492E0
2.435460753E1,3.100050211E0,7.456050396E0,-6.013050079E0
2.435705091E1,2.439000130E0,7.599000454E0,-4.759950161E0
2.435949430E1,2.263950109E0,8.381999969E0,-2.340000153E0
2.436193768E1,3.327000141E0,9.216000557E0,-6.520500183E-1
2.436438106E1,4.345050335E0,8.152050018E0,-2.020500153E-1
2.436682468E1,3.667050123E0,7.840950489E0,-6.799500585E-1
2.436926806E1,3.105000257E0,6.775950432E0,-2.361000061E0
2.437171145E1,2.578050137E0,6.619950294E0,-2.620050192E0
2.437415483E1,2.796000242E0,7.012950420E0,-2.212949991E0
2.437659822E1,3.550050259E0,8.670000076E0,-2.938050032E0
2.437904160E1,5.053950310E0,9.421050072E0,-3.424050093E0
2.438148499E1,5.455950260E0,8.710050583E0,-4.473000050E0
2.438392837E1,4.572000027E0,9.127050400E0,-4.995000362E0
2.438637176E1,3.370050192E0,1.026900005E1,-4.399050236E0
2.438881522E1,2.425050020E0,1.063995075E1,-3.144000053E0
2.439125859E1,2.511000156E0,1.111395073E1,-3.570000231E-1
2.439370197E1,2.235000134E0,1.044405079E1,1.305000018E-2
2.439614536E1,1.455000043E0,9.787950516E0,-5.890500546E-1
2.439858874E1,2.551050186E0,9.091050148E0,-2.104950190E0
2.440103213E1,4.426050186E0,8.445000648E0,-5.710950375E0
2.440347574E1,4.171950340E0,8.217000008E0,-7.258050442E0
2.440591890E1,2.914950132E0,7.887000561E0,-6.709050179E0
2.440836251E1,2.662050009E0,7.252050400E0,-4.384050369E0
2.441080590E1,3.286950111E0,6.886050224E0,-3.163050175E0
2.441324928E1,4.594050407E0,7.233000278E0,-4.561950207E0
2.441569267E1,4.627050400E0,6.739950180E0,-5.899950504E0
2.441813605E1,4.072050095E0,6.828000546E0,-5.926050186E0
2.442057951E1,3.823050261E0,6.883050442E0,-4.516050339E0
2.442302290E1,3.837000132E0,7.384050369E0,-1.461000085E0
2.442546628E1,3.864000082E0,8.706000328E0,2.860500216E-1
2.442790966E1,3.945000172E0,8.800950050E0,6.795000285E-2
2.443035304E1,2.269050121E0,7.846050262E0,3.340500295E-1
2.443279643E1,1.552950025E0,6.936000347E0,-1.186050057E0
2.443523982E1,2.002950191E0,6.900000095E0,-1.561950088E0
2.443768320E1,2.893950224E0,7.534950256E0,-1.711950064E0
2.444012658E1,3.880050182E0,8.161950111E0,-2.578950167E0
2.444257020E1,4.720950127E0,9.558000565E0,-3.321000099E0
2.444501358E1,5.247000217E0,1.124100018E1,-4.204950333E0
2.444745697E1,5.470050335E0,1.054905033E1,-5.482950211E0
2.444990035E1,3.124050140E0,1.061400032E1,-4.771950245E0
2.445234371E1,1.879050136E0,1.096800041E1,-2.007000208E0
2.445478717E1,1.888050079E0,1.084095097E1,-3.810000122E-1
2.445723056E1,1.924050093E0,9.891000748E0,-4.980000257E-1
2.445967387E1,4.267950058E0,8.614950180E0,-2.412000179E0
2.446211733E1,5.644950390E0,8.566950798E0,-4.825050354E0
2.446456070E1,4.800000191E0,8.878050804E0,-6.205950260E0
2.446700408E1,3.454050064E0,8.800950050E0,-5.602950096E0
2.446944747E1,3.046950102E0,8.425050735E0,-3.831000090E0
2.447189085E1,3.829950094E0,8.955000877E0,-4.195050240E0
2.447433424E1,3.289050102E0,8.690999985E0,-4.786950111E0
2.447677785E1,3.586050272E0,8.446949959E0,-4.027950287E0
2.447922124E1,5.281050205E0,8.758049965E0,-3.211050034E0
2.448166462E1,6.715050220E0,8.695950508E0,-3.156000137E0
2.448410801E1,6.943050385E0,8.974050522E0,-3.508050203E0
2.448655147E1,4.207950115E0,8.527950287E0,-4.875000000E0
2.448899478E1,2.250000000E0,7.978050232E0,-5.068950176E0
2.449143824E1,2.104050159E0,6.748950481E0,-2.962050200E0
2.449388155E1,2.032050133E0,4.846050262E0,-3.330000043E-1
2.449632501E1,2.310000181E0,4.756950378E0,1.485000014E0
2.449876839E1,3.504000187E0,5.209950447E0,6.310500503E-1
2.450121178E1,4.951050282E0,6.574950218E0,-1.066050053E0
2.450365516E1,5.539950371E0,7.777050495E0,-3.598950148E0
2.450609855E1,3.030000210E0,8.512050629E0,-5.685000420E0
2.450854193E1,1.266000032E0,1.024305058E1,-5.617050171E0
2.451098554E1,8.040000200E-1,1.074105072E1,-3.247050047E0
2.451342895E1,8.659500480E-1,1.035495090E1,-2.361000061E0
2.451587233E1,2.278950214E0,8.827950478E0,-2.514000177E0
2.451831572E1,5.008050442E0,7.140000343E0,-4.473000050E0
2.452075910E1,5.647050381E0,6.289950371E0,-6.345000267E0
2.452320256E1,3.934950113E0,5.290950298E0,-6.373950481E0
2.452564595E1,2.626050234E0,5.248050213E0,-4.441950321E0
2.452808934E1,4.285050392E0,6.306000233E0,-3.204000235E0
2.453053272E1,5.607000351E0,6.747000217E0,-3.976950169E0
2.453297611E1,5.401050091E0,7.525050163E0,-4.777050018E0
2.453541949E1,5.110950470E0,7.321950436E0,-4.650000095E0
2.453786287E1,4.749000072E0,9.153000832E0,-3.367050171E0
2.454030626E1,5.614050388E0,1.031895065E1,-3.369000196E0
2.454274987E1,5.422050476E0,9.970050812E0,-3.982050180E0
2.454519326E1,2.941950083E0,9.465000153E0,-4.032000065E0
2.454763664E1,6.550500393E-1,8.385000229E0,-2.056950092E0
2.455008003E1,8.640000224E-1,6.940950394E0,-1.281000018E0
2.455252341E1,1.831050038E0,6.505050182E0,-1.696050048E0
2.455496680E1,3.664950132E0,7.429050446E0,-2.092950106E0
2.455741018E1,5.152050018E0,7.489050388E0,-3.060000181E0
2.455985357E1,5.653950214E0,8.113950729E0,-3.951000214E0
2.456229698E1,4.402050018E0,9.370950699E0,-4.102050304E0
2.456474044E1,2.427000046E0,1.016100025E1,-3.511050224E0
2.456718383E1,2.494050026E0,1.095105076E1,-3.003000259E0
2.456962721E1,3.715050220E0,1.029300022E1,-3.466950178E0
2.457207061E1,4.881000042E0,8.229000092E0,-4.837050438E0
2.457451399E1,6.238950253E0,7.573050499E0,-5.649000168E0
2.457695761E1,5.488950253E0,6.795000553E0,-5.787000179E0
2.457940099E1,4.036050320E0,6.081000328E0,-4.372050285E0
2.458184438E1,3.442050219E0,6.337950230E0,-2.857050180E0
2.458428779E1,4.429050446E0,7.860000610E0,-2.215050220E0
2.458673118E1,4.587000370E0,7.591950417E0,-4.633050442E0
2.458917456E1,4.524000168E0,8.107049942E0,-5.596050262E0
2.459161795E1,4.965000153E0,8.494950294E0,-5.476050377E0
2.459406133E1,4.672950268E0,9.637050629E0,-4.858050346E0
2.459650472E1,4.960050106E0,1.033395004E1,-4.056000233E0
2.459894818E1,3.097050190E0,9.241950035E0,-3.055950165E0
2.460139156E1,1.608000040E0,7.197000504E0,-2.850000262E-1
2.460383495E1,1.498050094E0,6.462000370E0,1.404000044E0
2.460627833E1,1.882950068E0,6.961950302E0,1.449000120E0
2.460872172E1,2.836050034E0,6.535950184E0,-4.720500112E-1
2.461116510E1,3.925950289E0,5.908950329E0,-2.610000134E0
2.461360871E1,5.745000362E0,7.603950500E0,-5.152950287E0
2.461605187E1,6.339000225E0,8.569050789E0,-5.452050209E0
2.461849548E1,3.325050116E0,9.337950706E0,-2.943000078E0
2.462093888E1,2.863050222E0,1.090800095E1,-7.005000114E-2
2.462338227E1,3.574050188E0,1.131795025E1,2.400000095E-1
2.462582565E1,4.891050339E0,9.622950554E0,-1.839000106E0
2.462826904E1,6.640950203E0,7.671000481E0,-5.665050507E0
2.463071242E1,5.748000145E0,6.208050251E0,-8.368950844E0
2.463315588E1,3.531000137E0,6.093000412E0,-7.528050423E0
2.463559927E1,4.002000332E0,7.003050327E0,-4.534950256E0
2.463804265E1,5.359950066E0,7.930050373E0,-4.222050190E0
2.464048604E1,4.285050392E0,7.506000519E0,-3.934050083E0
2.464292942E1,3.649950266E0,7.233000278E0,-3.100950241E0
2.464537303E1,5.358000278E0,8.334000587E0,-2.743950129E0
2.464781619E1,6.523950100E0,9.613050461E0,-3.709050179E0
2.465025980E1,5.008050442E0,9.646050453E0,-4.630950451E0
2.465270319E1,1.611000061E0,7.884000301E0,-4.585950375E0
2.465514657E1,1.456950068E0,6.321000099E0,-1.990500093E-1
2.465758996E1,2.188050032E0,6.598950386E0,1.605000019E0
2.466003334E1,2.200050116E0,8.428050041E0,1.761000037E0
2.466247672E1,2.215950012E0,7.432050228E0,2.070000172E-1
2.466492011E1,3.034950256E0,6.208050251E0,-1.468050122E0
2.466736357E1,2.982000113E0,8.820000648E0,-3.264000177E0
2.466980696E1,5.154000282E0,1.024695015E1,-4.252950191E0
2.467225034E1,5.242950439E0,1.004895020E1,-4.387050152E0
2.467469372E1,3.769950151E0,1.043400097E1,-2.803950071E0
2.467713711E1,3.550050259E0,1.037700081E1,-9.919500351E-1
2.467958072E1,4.113000393E0,8.586000443E0,-8.860500455E-1
2.468202385E1,3.793950081E0,7.422000408E0,-1.705050111E0
2.468446724E1,5.704950333E0,6.250950336E0,-2.919000149E0
2.468691062E1,7.065000534E0,7.417050362E0,-5.187000275E0
2.468935424E1,6.804000378E0,9.337950706E0,-6.451050282E0
2.469179763E1,5.094000340E0,9.534000397E0,-6.985050201E0
2.469424101E1,3.978000164E0,9.211050034E0,-6.736050129E0
2.469668440E1,3.649950266E0,9.426000595E0,-5.401950359E0
2.469912778E1,3.897000074E0,9.828000069E0,-5.176950455E0
2.470157124E1,2.860050201E0,8.643000603E0,-4.507050037E0
2.470401461E1,1.189050078E0,6.334950447E0,-1.959000111E0
2.470645800E1,9.430500269E-1,4.480050087E0,7.620000243E-1
2.470890138E1,3.022950172E0,5.583000183E0,2.568000078E0
2.471134477E1,4.986000061E0,6.345000267E0,-2.569500208E-1
2.471378815E1,5.892000198E0,5.679000378E0,-4.044000149E0
2.471623155E1,4.366050243E0,7.185000420E0,-5.823000431E0
2.471867494E1,1.852050066E0,8.160000801E0,-6.034050465E0
2.472111832E1,2.784000158E0,8.718000412E0,-3.309000254E0
2.472356193E1,4.825950146E0,7.951050282E0,-1.720050097E0
2.472600532E1,5.559000492E0,7.959000587E0,-1.807950139E0
2.472844871E1,6.186000347E0,7.585050583E0,-4.746000290E0
2.473089209E1,5.134950161E0,5.605050087E0,-5.986050129E0
2.473333548E1,4.156050205E0,4.984950066E0,-5.281950474E0
2.473577894E1,5.037000179E0,6.484050274E0,-3.301950216E0
2.473822232E1,5.362050056E0,7.872000217E0,-3.714000225E0
2.474066572E1,3.721950293E0,9.589050293E0,-3.016950130E0
2.474310911E1,3.109050035E0,9.811950684E0,-2.905050039E0
2.474555249E1,4.085999966E0,9.460050583E0,-4.312950134E0
2.474799588E1,5.092050076E0,1.045305061E1,-6.328950405E0
2.475043926E1,3.013950109E0,1.070700073E1,-7.381950378E0
2.475288262E1,3.970500231E-1,8.512050629E0,-5.998050213E0
2.475532600E1,1.690500081E-1,6.223050117E0,-6.280500293E-1
2.475776962E1,1.636950135E0,6.373050213E0,1.927950144E0
2.476021300E1,3.433050156E0,7.792950153E0,7.000500560E-1
2.476265639E1,4.005000114E0,6.189000130E0,-1.083000064E0
2.476509976E1,5.235000134E0,5.538000107E0,-4.708050251E0
2.476754314E1,4.443000317E0,7.276050568E0,-6.118050098E0
2.476998660E1,3.295950174E0,8.269950867E0,-5.316000462E0
2.477242991E1,4.864050388E0,8.467950821E0,-4.188000202E0
2.477487337E1,4.864050388E0,8.215050697E0,-3.099000216E0
2.477731674E1,5.440950394E0,6.960000515E0,-4.164000034E0
2.477976013E1,4.009950161E0,5.445000172E0,-4.779000282E0
2.478220351E1,4.249050140E0,4.044000149E0,-4.882050037E0
2.478464690E1,7.036050320E0,4.699950218E0,-4.813050270E0
2.478709028E1,7.771050453E0,5.581050396E0,-6.748050213E0
2.478953389E1,5.719050407E0,6.658050537E0,-6.120000362E0
2.479197728E1,3.733950138E0,7.279050350E0,-4.441950321E0
2.479442067E1,4.510050297E0,8.029950142E0,-2.905050039E0
2.479686405E1,4.455000401E0,8.502000809E0,-3.678000212E0
2.479930744E1,2.149049997E0,7.731000423E0,-5.119050026E0
2.480175090E1,8.160000443E-1,6.867000103E0,-4.801050186E0
2.480419421E1,1.930950046E0,6.514950275E0,-9.850500226E-1
2.480663767E1,3.028050184E0,6.943050385E0,3.169500232E-1
2.480908098E1,4.584000111E0,7.003050327E0,-2.131050110E0
2.481152442E1,4.933950424E0,7.309950352E0,-3.883950233E0
2.481396781E1,4.157999992E0,8.740950584E0,-4.939950466E0
2.481641119E1,2.755050182E0,9.985950470E0,-3.622950077E0
2.481885458E1,2.932050228E0,1.047300053E1,-2.107050180E0
2.482129796E1,5.295000076E0,9.361950874E0,-4.032000065E0
2.482374158E1,6.847050190E0,8.239050865E0,-5.605950356E0
2.482618497E1,4.783050060E0,6.709050179E0,-6.666000366E0
2.482862835E1,4.117050171E0,5.128050327E0,-5.737050056E0
2.483107174E1,5.298000336E0,5.605050087E0,-5.280000210E0
2.483351512E1,5.880000114E0,6.927000523E0,-4.708050251E0
2.483595851E1,5.559000492E0,7.879950523E0,-4.885050297E0
2.483840189E1,3.718050241E0,7.711950302E0,-4.815000057E0
2.484084528E1,3.945000172E0,8.812950134E0,-3.453000069E0
2.484328866E1,4.819050312E0,9.931050301E0,-4.662000179E0
2.484573204E1,3.916050196E0,9.153000832E0,-4.858050346E0
2.484817550E1,1.510050058E0,7.330950260E0,-4.297950268E0
2.485061889E1,5.760000348E-1,5.545050144E0,-2.056950092E0
2.485306228E1,1.339950085E0,5.935050488E0,7.050000429E-1
2.485550566E1,2.566050053E0,7.437000275E0,-4.429500103E-1
2.485794927E1,3.910950184E0,5.859000206E0,-2.146050215E0
2.486039267E1,4.323000431E0,6.579000473E0,-4.036950111E0
2.486283605E1,3.768000126E0,8.358000755E0,-5.653050423E0
2.486527944E1,4.192049980E0,9.876000404E0,-5.862000465E0
2.486772282E1,4.957950115E0,1.056600094E1,-6.132000446E0
2.487016620E1,5.134950161E0,9.972000122E0,-6.193950176E0
2.487260961E1,3.958950281E0,7.824000359E0,-5.839950085E0
2.487505307E1,1.888050079E0,5.722050190E0,-3.151050091E0
2.487749638E1,3.897000074E0,5.203050137E0,-2.140950203E0
2.487993984E1,7.426050186E0,6.013950348E0,-3.871950150E0
2.488238323E1,7.096050262E0,6.238950253E0,-6.979950428E0
2.488482662E1,3.949950218E0,7.978050232E0,-6.778950214E0
2.488727001E1,2.977950096E0,8.562000275E0,-5.440050125E0
2.488971339E1,3.946950197E0,9.462000847E0,-5.998050213E0
2.489215678E1,3.129000187E0,9.274950027E0,-6.048000336E0
2.489460039E1,1.483950019E0,7.494000435E0,-4.308000088E0
2.489704378E1,8.040000200E-1,5.349000454E0,-1.120950103E0
2.489948716E1,7.030500174E-1,5.952000141E0,1.240950108E0
2.490193055E1,1.077000022E0,8.209950447E0,-1.300500035E-1
2.490437393E1,2.994000196E0,5.674050331E0,-3.393000126E0
2.490681731E1,4.170000076E0,5.203050137E0,-5.428050041E0
2.490926070E1,3.471000195E0,7.117950439E0,-5.863950253E0
2.491170408E1,3.327000141E0,8.173950195E0,-4.019999981E0
2.491414746E1,4.680000305E0,8.904000282E0,-2.929050207E0
2.491659092E1,6.504000187E0,9.168000221E0,-4.708050251E0
2.491903431E1,6.037950516E0,7.195050240E0,-6.514950275E0
2.492147769E1,3.552000284E0,5.466000080E0,-6.087000370E0
2.492392108E1,4.486050129E0,5.446950436E0,-5.791950226E0
2.492636446E1,6.991050243E0,6.603000164E0,-6.220950127E0
2.492880784E1,4.474050045E0,6.985950470E0,-7.150050163E0
2.493125143E1,1.291950107E0,8.513999939E0,-5.115000248E0
2.493369482E1,2.398050070E0,9.310950279E0,-2.932950258E0
2.493613820E1,5.275950432E0,9.924000740E0,-4.447050095E0
2.493858158E1,2.998950243E0,9.850050926E0,-5.778000355E0
2.494102498E1,1.620000005E-1,8.641050339E0,-6.079950333E0
2.494346837E1,-5.505000427E-2,6.511950493E0,-4.144950390E0
2.494591175E1,1.065000057E0,6.891000271E0,-3.430500031E-1
2.494835514E1,2.005950212E0,7.996950150E0,-1.063950062E0
2.495079860E1,2.962950230E0,5.956950188E0,-1.516050100E0
2.495324198E1,3.661950111E0,6.133950233E0,-2.680050135E0
2.495568537E1,3.516000271E0,8.140049934E0,-4.131000042E0
2.495812875E1,5.070000172E0,9.583950043E0,-4.332000256E0
2.496057214E1,5.956050396E0,9.831000328E0,-5.299050331E0
2.496301575E1,5.845950127E0,9.538950920E0,-6.331050396E0
2.496545891E1,3.955050230E0,7.992000580E0,-7.593000412E0
2.496790252E1,1.134000063E0,6.205950260E0,-5.136000156E0
2.497034591E1,5.094000340E0,5.566950321E0,-3.544050217E0
2.497278929E1,7.732950211E0,5.704950333E0,-3.903000116E0
2.497523269E1,6.994950294E0,6.133950233E0,-6.139050484E0
2.497767608E1,3.559050083E0,8.008950233E0,-6.028950214E0
2.498011946E1,4.117050171E0,9.402000427E0,-5.638950348E0
2.498256292E1,5.212050438E0,9.673050880E0,-7.750950336E0
2.498500631E1,2.578050137E0,8.832000732E0,-7.642950535E0
2.498744968E1,4.009500146E-1,7.501050472E0,-5.682000160E0
2.498989307E1,4.920000136E-1,5.854050159E0,-2.467050076E0
2.499233645E1,1.785000086E0,7.042050362E0,2.380500138E-1
2.499477984E1,2.604000092E0,6.490950108E0,-7.590000629E-1
2.499722322E1,3.897000074E0,5.614950180E0,-2.677050114E0
2.499966663E1,4.242000103E0,6.663000107E0,-4.741050243E0
2.500211001E1,3.301050186E0,8.887950897E0,-5.553000450E0
2.500455340E1,4.108050346E0,9.760950089E0,-5.127000332E0
2.500699701E1,4.441050053E0,9.946050644E0,-4.686000347E0
2.500944040E1,6.433050156E0,9.627000809E0,-5.992950439E0
2.501188379E1,4.543950081E0,7.381050587E0,-7.594950199E0
2.501432718E1,3.303000212E0,5.737050056E0,-5.352000237E0
2.501677064E1,6.028050423E0,5.827950478E0,-4.131000042E0
2.501921402E1,7.885950565E0,6.208050251E0,-5.143050194E0
2.502165741E1,5.323950291E0,6.148050308E0,-5.673000336E0
2.502410080E1,1.737000108E0,8.358000755E0,-2.955000162E0
2.502654419E1,3.736950159E0,9.277950287E0,-3.712050200E0
2.502898757E1,5.662050247E0,1.029495049E1,-5.722950459E0
2.503143095E1,1.783050060E0,9.462000847E0,-6.783000469E0
2.503387434E1,0.000000000E0,7.705050468E0,-5.473950386E0
2.503631795E1,3.319500089E-1,7.350000381E0,-2.926050186E0
2.503876110E1,1.986000061E0,9.714000702E0,-1.918050051E0
2.504120472E1,2.523000002E0,7.602000237E0,-3.691950083E0
2.504364810E1,2.530050039E0,6.478950500E0,-4.255050182E0
2.504609149E1,2.880000114E0,6.946050167E0,-4.645050049E0
2.504853488E1,4.639050007E0,8.425050735E0,-4.012950420E0
2.505097827E1,6.142950058E0,8.605050087E0,-5.218050480E0
2.505342173E1,6.571950436E0,8.185950279E0,-6.388050079E0
2.505586511E1,5.386050224E0,7.732950211E0,-7.827000141E0
2.505830850E1,1.675050020E0,6.964950562E0,-7.765050411E0
2.506075187E1,3.447000265E0,5.931000233E0,-6.676050186E0
2.506319525E1,7.381050587E0,5.610000134E0,-4.453950405E0
2.506563864E1,5.875050068E0,5.521050453E0,-3.403050184E0
2.506808202E1,3.271950245E0,6.214950085E0,-1.429950118E0
2.507052541E1,5.367000103E0,7.354950428E0,-1.140000105E0
2.507296880E1,8.785950661E0,8.028000832E0,-5.455050468E0
2.507541241E1,4.893000126E0,9.034049988E0,-9.865050316E0
2.507785580E1,3.490500152E-1,8.631000519E0,-9.846000671E0
2.508029918E1,-3.109500110E-1,7.132050514E0,-5.100000381E0
2.508274256E1,9.450000525E-1,7.812000275E0,-1.180950046E0
2.508518595E1,1.254000068E0,9.100950241E0,-1.315050006E0
2.508762933E1,1.222950101E0,6.888000488E0,-1.878000140E0
2.509007279E1,2.560950041E0,6.871950150E0,-2.044950008E0
2.509251618E1,3.223950148E0,8.152050018E0,-3.265950203E0
2.509495956E1,5.427000046E0,9.522000313E0,-4.525950432E0
2.509740294E1,6.703050137E0,9.855000496E0,-6.409950256E0
2.509984632E1,6.775050163E0,9.378000259E0,-8.368950844E0
2.510228970E1,3.694050074E0,7.338000298E0,-9.250050545E0
2.510473309E1,1.645950079E0,5.887050152E0,-7.392000198E0
2.510717647E1,5.749950409E0,5.203050137E0,-5.064000130E0
2.510962012E1,7.387950420E0,4.788000107E0,-4.380000114E0
2.511206350E1,6.246000290E0,4.963050365E0,-3.192000151E0
2.511450689E1,4.912050247E0,5.488050461E0,-2.071950197E0
2.511695027E1,5.968050480E0,7.711950302E0,-2.233950138E0
2.511939366E1,6.130950451E0,8.959050179E0,-4.954050064E0
2.512183706E1,2.358000040E0,7.767000198E0,-4.585950375E0
2.512428052E1,4.800000191E-1,6.418950081E0,-3.036000252E0
2.512672391E1,5.260500312E-1,6.117000103E0,-8.839500546E-1
2.512916729E1,1.089000106E0,8.497050285E0,-4.095000029E-2
2.513161066E1,5.239500403E-1,8.962050438E0,-2.443050146E0
2.513405405E1,5.830500126E-1,5.344050407E0,-2.007000208E0
2.513649743E1,1.894950032E0,6.294000149E0,-2.389950037E0
2.513894082E1,2.772000074E0,1.124805069E1,-3.136950254E0
2.514138420E1,7.168050289E0,1.138995075E1,-5.512050152E0
2.514382782E1,7.330050468E0,9.271050453E0,-1.006095028E1
2.514627120E1,5.130000114E0,8.725049973E0,-1.184295082E1
2.514871459E1,1.471950054E0,5.409000397E0,-9.142050743E0
2.515115797E1,4.258950233E0,4.614000320E0,-5.847000122E0
2.515360136E1,7.780950546E0,5.155050278E0,-3.477000237E0
2.515604476E1,7.149000168E0,5.368050098E0,-3.649050236E0
2.515848814E1,5.271000385E0,6.117000103E0,-2.646000147E0
2.516093153E1,3.816000223E0,8.160000801E0,-1.260000110E0
2.516337491E1,4.522050381E0,1.033095074E1,-2.731950045E0
2.516581837E1,3.045000076E0,1.020000076E1,-5.035950184E0
2.516826176E1,5.640000105E-1,8.538000107E0,-5.431050301E0
2.517070514E1,-1.120500043E-1,7.072950363E0,-4.104000092E0
2.517314853E1,7.290000319E-1,7.687950134E0,-7.950000167E-1
2.517559191E1,1.639050126E0,9.478950500E0,-1.447050095E0
2.517803553E1,2.539950132E0,7.111050129E0,-2.677050114E0
2.518047893E1,1.879050136E0,6.759000301E0,-2.062050104E0
2.518292231E1,2.221050024E0,9.793050766E0,-2.421000004E0
2.518536570E1,5.583000183E0,1.159500027E1,-3.609000206E0
2.518780908E1,7.146000385E0,1.092300034E1,-7.320000172E0
2.519025246E1,6.780000210E0,9.757050514E0,-9.250050545E0
2.519269583E1,3.691050291E0,8.272050858E0,-9.025050163E0
2.519513921E1,2.989950180E0,7.116000175E0,-6.087000370E0
2.519758267E1,6.772950172E0,6.436050415E0,-3.625050068E0
2.520002606E1,6.460950375E0,6.052950382E0,-5.179050446E0
2.520246945E1,3.679050207E0,7.312050343E0,-4.363049984E0
2.520491283E1,1.591050029E0,6.718050480E0,-3.118050098E0
2.520735621E1,3.397050142E0,8.314949989E0,-1.638000131E0
2.520979960E1,5.145000458E0,8.976000786E0,-3.694950104E0
2.521224321E1,2.346000195E0,8.032950401E0,-5.317950249E0
2.521468637E1,1.720500141E-1,6.687000275E0,-3.154050112E0
2.521712999E1,9.190500379E-1,7.434000492E0,-1.039950013E0
2.521957337E1,2.563050032E0,9.529050827E0,-5.250000358E-1
2.522201676E1,3.154950142E0,7.594950199E0,-4.593000412E0
2.522446014E1,3.133050203E0,7.695000172E0,-5.494950294E0
2.522690353E1,2.671050072E0,7.732950211E0,-5.898000240E0
2.522934692E1,3.343950272E0,8.506950378E0,-4.260000229E0
2.523179030E1,6.121050358E0,8.218950272E0,-4.128000259E0
2.523423376E1,6.457050323E0,7.336050510E0,-6.051000118E0
2.523667715E1,4.500000000E0,6.598950386E0,-7.246050358E0
2.523912053E1,2.230950117E0,5.346000195E0,-7.416000366E0
2.524156390E1,4.644000053E0,4.840950012E0,-4.609050274E0
2.524400729E1,5.692950249E0,4.992000103E0,-3.439050198E0
2.524645090E1,3.021000147E0,5.940000057E0,-2.517000198E0
2.524889429E1,1.560000062E0,6.591000080E0,-1.894050121E0
2.525133769E1,1.953000069E0,6.457050323E0,-1.545000076E0
2.525378107E1,3.883050203E0,7.698000431E0,-1.605000019E0
2.525622445E1,4.560000420E0,8.473050117E0,-3.526950121E0
2.525866784E1,3.150000095E0,8.145000458E0,-7.009050369E0
2.526111122E1,8.659500480E-1,8.080950737E0,-7.891950607E0
2.526355459E1,1.549500078E-1,7.981950283E0,-4.546950340E0
2.526599797E1,2.158950090E0,7.329000473E0,-1.281000018E0
2.526844143E1,4.306950092E0,7.348050117E0,-1.128000021E0
2.527088482E1,5.137050152E0,7.104000568E0,-2.365950108E0
2.527332820E1,4.050000191E0,6.601050377E0,-5.110050201E0
2.527577159E1,3.661950111E0,6.984000206E0,-5.814000130E0
2.527821497E1,4.018949986E0,8.068950653E0,-6.094050407E0
2.528065836E1,5.026950359E0,8.016000748E0,-5.670000076E0
2.528310174E1,4.656000137E0,8.217000008E0,-5.131050110E0
2.528554536E1,3.190950155E0,7.831950188E0,-4.131000042E0
2.528798851E1,2.880000114E0,7.366950512E0,-2.658000231E0
2.529043213E1,3.094950199E0,6.982050419E0,-1.911000133E0
2.529287551E1,3.961950302E0,6.979050159E0,-9.820500612E-1
2.529531890E1,4.048050404E0,7.393050194E0,-1.465950012E0
2.529776228E1,2.251950026E0,8.341950417E0,-3.003000259E0
2.530020564E1,1.891050100E0,8.302950859E0,-3.754950285E0
2.530264910E1,2.512950182E0,8.631000519E0,-3.592050076E0
2.530509249E1,2.848050117E0,1.022805023E1,-2.922000170E0
2.530753587E1,3.961950302E0,1.097505093E1,-3.372000217E0
2.530997926E1,4.168050289E0,1.083900070E1,-4.392000198E0
2.531242264E1,2.604000092E0,9.747000694E0,-3.963000298E0
2.531486603E1,1.771050096E0,8.835000038E0,-2.124000072E0
2.531730941E1,2.961000204E0,9.366000175E0,-1.914000034E0
2.531975280E1,4.837950230E0,9.256050110E0,-3.630000114E0
2.532219641E1,5.034000397E0,8.428050041E0,-4.546950340E0
2.532463982E1,3.981000185E0,8.173950195E0,-4.803000450E0
2.532708320E1,3.603000164E0,8.370000839E0,-4.581000328E0
2.532952658E1,3.550050259E0,8.548050880E0,-4.204950333E0
2.533196997E1,3.817950249E0,8.719950676E0,-3.558000088E0
2.533441335E1,3.624000072E0,8.992950439E0,-3.762000084E0
2.533685675E1,3.397050142E0,8.413050652E0,-4.183050156E0
2.533930021E1,3.448950052E0,7.765050411E0,-4.174050331E0
2.534174359E1,3.435000181E0,7.257000446E0,-4.614000320E0
2.534418698E1,2.503950119E0,6.508050442E0,-3.898050070E0
2.534663036E1,2.554050207E0,6.478950500E0,-2.826000214E0
2.534907375E1,3.567000151E0,6.879000187E0,-2.763000250E0
2.535151713E1,3.864000082E0,6.472050190E0,-3.781050205E0
2.535396052E1,3.904050112E0,6.115050316E0,-4.537950039E0
2.535640390E1,4.012050152E0,6.843000412E0,-5.020950317E0
2.535884729E1,3.270000219E0,8.133000374E0,-4.870050430E0
2.536129087E1,3.913950205E0,8.346000671E0,-4.269000053E0
2.536373426E1,4.696950436E0,7.954050541E0,-4.392000198E0
2.536617764E1,2.551050186E0,7.659000397E0,-4.281000137E0
2.536862103E1,2.254950047E0,6.973950386E0,-2.956950188E0
2.537106440E1,2.781000137E0,6.469050407E0,-1.459050059E0
2.537350786E1,3.655050278E0,6.298950195E0,-1.588050127E0
2.537595117E1,4.369050026E0,6.502950191E0,-3.051000118E0
2.537839463E1,3.600000143E0,6.984000206E0,-4.930050373E0
2.538083801E1,2.985000134E0,7.402950287E0,-5.752050400E0
2.538328139E1,2.560950041E0,7.743000507E0,-5.686950207E0
2.538572478E1,1.872000098E0,8.092950821E0,-3.975000143E0
2.538816816E1,1.917000055E0,8.433000565E0,-1.927950144E0
2.539061155E1,2.800950050E0,8.181000710E0,-2.098050117E0
2.539305493E1,3.777000189E0,7.081950188E0,-3.610950232E0
2.539549854E1,4.394999981E0,7.173000336E0,-5.352000237E0
2.539794193E1,3.756000280E0,7.153950214E0,-6.556050301E0
2.540038532E1,1.800000072E0,7.176000118E0,-5.538000107E0
2.540282870E1,1.792950034E0,7.117950439E0,-2.802000046E0
2.540527208E1,3.415950060E0,6.979050159E0,-9.559500217E-1
2.540771553E1,4.825950146E0,6.984000206E0,-1.885050058E0
2.541015892E1,5.404950142E0,6.448050499E0,-4.669050217E0
2.541260230E1,4.642050266E0,7.032000542E0,-6.762000084E0
2.541504569E1,3.388950109E0,7.819950581E0,-6.697050095E0
2.541748907E1,3.148050070E0,8.824950218E0,-3.529950142E0
2.541993246E1,2.923050165E0,9.024000168E0,-1.140000105E0
2.542237584E1,2.619000196E0,9.475950241E0,-8.860500455E-1
2.542481923E1,2.662050009E0,9.244050026E0,-2.431050062E0
2.542726261E1,2.382000208E0,8.548050880E0,-4.042050362E0
2.542970600E1,2.286000013E0,8.072999954E0,-3.855000257E0
2.543214962E1,2.599050045E0,8.590950012E0,-3.487050056E0
2.543459300E1,3.076050043E0,9.225000381E0,-3.067950249E0
2.543703639E1,3.741000175E0,9.775950432E0,-3.048000097E0
2.543947977E1,4.438050270E0,9.874050140E0,-3.939000130E0
2.544192316E1,3.940050125E0,9.782999992E0,-4.851000309E0
2.544436653E1,2.865000248E0,9.703950882E0,-5.218050480E0
2.544680999E1,2.563050032E0,9.782999992E0,-4.734000206E0
2.544925330E1,3.475950241E0,9.292050362E0,-3.906000137E0
2.545169676E1,4.234950066E0,8.188050270E0,-3.577950239E0
2.545414015E1,5.014950275E0,7.875000477E0,-2.979000092E0
2.545658354E1,4.716000080E0,7.555950165E0,-2.790000200E0
2.545902692E1,3.603000164E0,7.237950325E0,-2.292000055E0
2.546147031E1,2.556000233E0,7.972950459E0,-1.732050061E0
2.546391369E1,2.500950098E0,7.942050457E0,-1.710000038E0
2.546635730E1,3.718050241E0,8.454000473E0,-2.625000238E0
2.546880069E1,4.564949989E0,8.169000626E0,-5.287050247E0
2.547124408E1,4.381050110E0,8.502000809E0,-6.606000423E0
2.547368746E1,3.049950123E0,8.824950218E0,-6.238050461E0
2.547613084E1,2.242950201E0,9.298950195E0,-4.186050415E0
2.547857430E1,2.518050194E0,8.974050522E0,-2.287050009E0
2.548101761E1,3.789000273E0,8.647950172E0,-2.329950094E0
2.548346107E1,3.883050203E0,7.828950405E0,-3.192000151E0
2.548590446E1,2.710050106E0,6.973950386E0,-3.891000271E0
2.548834784E1,2.583000183E0,6.430950165E0,-2.806950092E0
2.549079123E1,2.785950184E0,7.258950233E0,-1.036949992E0
2.549323461E1,2.877000093E0,7.956000328E0,-3.570000231E-1
2.549567799E1,4.162950039E0,8.326950073E0,-1.114050031E0
2.549812138E1,5.215950012E0,8.464050293E0,-3.598950148E0
2.550056499E1,4.138950348E0,8.581050873E0,-6.156000137E0
2.550300838E1,2.968050241E0,9.031050682E0,-6.774000168E0
2.550545176E1,2.238000154E0,9.131999969E0,-5.565000057E0
2.550789514E1,2.592000008E0,8.920950890E0,-3.127050161E0
2.551033853E1,4.036050320E0,8.440050125E0,-1.495050073E0
2.551278191E1,4.162950039E0,8.026050568E0,-1.600050092E0
2.551522530E1,4.699050426E0,7.726050377E0,-3.240000248E0
2.551766867E1,4.147950172E0,7.789050579E0,-5.197950363E0
2.552011205E1,2.121000051E0,8.683950424E0,-5.461950302E0
2.552255543E1,1.420950055E0,8.299050331E0,-4.104000092E0
2.552499890E1,3.238950253E0,8.004000664E0,-2.457000017E0
2.552744228E1,5.113050461E0,7.906050205E0,-2.289000034E0
2.552988565E1,5.401050091E0,7.803000450E0,-3.691950083E0
2.553232903E1,5.476950169E0,8.251049995E0,-5.509950161E0
2.553477264E1,4.065000057E0,8.943000793E0,-5.787000179E0
2.553721603E1,3.634050131E0,9.649050713E0,-4.818000317E0
2.553965942E1,4.330049992E0,9.940950394E0,-3.111000061E0
2.554210280E1,4.180050373E0,9.730050087E0,-2.152950048E0
2.554454618E1,3.217050076E0,8.914050102E0,-2.026050091E0
2.554698957E1,2.416950226E0,7.954050541E0,-2.136000156E0
2.554943295E1,2.190000057E0,7.209000111E0,-2.031000137E0
2.555187635E1,2.419950008E0,7.683000565E0,-2.182049990E0
2.555431974E1,3.661950111E0,8.302950859E0,-2.869050026E0
2.555676320E1,4.444950104E0,9.112950325E0,-3.148950100E0
2.555920659E1,3.825000286E0,9.450000763E0,-3.829050064E0
2.556164997E1,2.640000105E0,9.928950310E0,-4.423050404E0
2.556409335E1,2.247000217E0,1.039800072E1,-4.624050140E0
2.556653674E1,1.723050117E0,1.003905010E1,-3.445950270E0
2.556898035E1,2.050950050E0,8.707950592E0,-2.493000031E0
2.557142374E1,3.088050127E0,7.903050423E0,-2.670000076E0
2.557386712E1,4.218000412E0,6.843000412E0,-3.385950089E0
2.557631051E1,5.110950470E0,6.405000210E0,-4.897050381E0
2.557875390E1,5.046000004E0,6.352050304E0,-4.926000118E0
2.558119728E1,2.992050171E0,6.490950108E0,-3.819000244E0
2.558364067E1,2.358000040E0,6.840000153E0,-1.978050113E0
2.558608405E1,3.580950260E0,7.414950371E0,-1.324950099E0
2.558852742E1,4.804950237E0,7.587000370E0,-3.276000261E0
2.559097080E1,5.467950344E0,8.104949951E0,-4.914000034E0
2.559341419E1,4.849950314E0,8.566950798E0,-6.300000191E0
2.559585765E1,3.628950119E0,9.739950180E0,-6.654000282E0
2.559830104E1,3.757950068E0,1.031400013E1,-5.329950333E0
2.560074442E1,3.504000187E0,1.006095028E1,-4.075950146E0
2.560318780E1,1.780950069E0,9.571950912E0,-1.638000131E0
2.560563119E1,6.220500469E-1,8.442000389E0,-2.929500043E-1
2.560807480E1,8.850000501E-1,6.808950424E0,-2.329500169E-1
2.561051796E1,2.026950121E0,6.393000126E0,-1.717050076E0
2.561296157E1,3.976050138E0,7.084950447E0,-3.556050062E0
2.561540495E1,5.178000450E0,7.702050209E0,-3.955950260E0
2.561784834E1,5.311950207E0,8.203050613E0,-4.798950195E0
2.562029172E1,4.579050064E0,8.230950356E0,-5.175000191E0
2.562273511E1,3.013950109E0,9.073950768E0,-4.540050030E0
2.562517849E1,2.653950214E0,8.635950089E0,-3.606000185E0
2.562762188E1,3.208050251E0,8.039999962E0,-3.171000242E0
2.563006534E1,3.781950235E0,6.804000378E0,-3.918000221E0
2.563250872E1,4.524000168E0,6.223050117E0,-5.245950222E0
2.563495211E1,4.924050331E0,6.148050308E0,-5.917050362E0
2.563739550E1,3.616950274E0,6.241950512E0,-5.538000107E0
2.563983889E1,1.732950091E0,6.249000072E0,-2.677050114E0
2.564228227E1,1.402050018E0,6.804000378E0,9.540000558E-1
2.564472589E1,2.970000029E0,7.717050552E0,1.489500105E-1
2.564716904E1,4.138950348E0,8.227050781E0,-2.172000170E0
2.564961265E1,4.507950306E0,7.707000256E0,-4.427999973E0
2.565205604E1,4.921950340E0,8.940000534E0,-6.858000278E0
2.565449942E1,4.639050007E0,1.057995033E1,-7.636050224E0
2.565694281E1,4.327950001E0,1.069305038E1,-7.213950157E0
2.565938619E1,2.779050112E0,1.004595089E1,-5.577000141E0
2.566182959E1,1.302000046E0,8.935050011E0,-1.441950083E0
2.566427305E1,1.018950105E0,7.372050285E0,9.180000424E-1
2.566671644E1,2.110949993E0,6.421050072E0,3.960000277E-1
2.566915982E1,4.361999989E0,6.751950264E0,-2.971950054E0
2.567160322E1,4.837950230E0,6.747000217E0,-4.339050293E0
2.567404660E1,4.335000038E0,8.076000214E0,-4.984950066E0
2.567648999E1,2.875050068E0,9.534000397E0,-4.732050419E0
2.567893337E1,1.788000107E0,1.061595058E1,-3.181950092E0
2.568137676E1,1.735050082E0,1.074300098E1,-2.481000185E0
2.568382015E1,1.905000091E0,1.111695099E1,-1.911000133E0
2.568626354E1,2.688000202E0,9.229950905E0,-4.453950405E0
2.568870715E1,4.843050003E0,7.482000351E0,-6.646950245E0
2.569115054E1,4.708950043E0,6.982050419E0,-8.416049957E0
2.569359392E1,2.386050224E0,6.040950298E0,-6.783000469E0
2.569603731E1,1.903050065E0,5.860950470E0,-2.257950068E0
2.569848069E1,4.339950085E0,6.874050140E0,-6.250500083E-1
2.570092415E1,4.720950127E0,6.900000095E0,-2.545950174E0
2.570336754E1,4.516950130E0,7.161000252E0,-4.003950119E0
2.570581092E1,5.128050327E0,7.540050507E0,-5.875950336E0
2.570825430E1,5.616000175E0,8.859000206E0,-8.050050735E0
2.571069769E1,4.692000389E0,1.047000027E1,-7.818000317E0
2.571314130E1,2.668950081E0,9.490950584E0,-6.942000389E0
2.571558446E1,7.150500417E-1,8.764950752E0,-2.452050209E0
2.571802807E1,7.150500417E-1,7.635000229E0,7.360500097E-1
2.572047123E1,1.594050050E0,8.671950340E0,2.638950109E0
2.572291484E1,3.105000257E0,8.607000351E0,-8.670000434E-1
2.572535823E1,4.543950081E0,6.517050266E0,-3.901050091E0
2.572780161E1,4.002000332E0,7.615950584E0,-6.420000076E0
2.573024500E1,3.552000284E0,8.959050179E0,-7.501950264E0
2.573268837E1,2.554050207E0,1.006995010E1,-6.439050198E0
2.573513183E1,3.538050175E0,1.099695015E1,-4.320000172E0
2.573757522E1,4.041000366E0,1.112400055E1,-3.192000151E0
2.574001860E1,5.310000420E0,1.004205036E1,-3.168000221E0
2.574246199E1,5.226000309E0,8.095050812E0,-5.428050041E0
2.574490537E1,3.202950239E0,7.518000126E0,-5.589000225E0
2.574734875E1,2.266950130E0,6.502950191E0,-3.469950199E0
2.574979214E1,4.024050236E0,6.940950394E0,-2.899950027E0
2.575223552E1,4.893000126E0,6.816000462E0,-4.179000378E0
2.575467891E1,4.435950279E0,6.699000359E0,-4.486950397E0
2.575712229E1,5.121000290E0,7.405050278E0,-3.964950085E0
2.575956591E1,5.619000435E0,9.072000504E0,-3.886050224E0
2.576200929E1,4.740000248E0,1.060200024E1,-4.504050255E0
2.576445268E1,2.386050224E0,9.910050392E0,-4.705049992E0
2.576689606E1,9.330000281E-1,8.578950882E0,-2.718000174E0
2.576933945E1,1.467000127E0,8.490000725E0,4.990500212E-1
2.577178291E1,1.872000098E0,9.376049995E0,3.859500289E-1
2.577422630E1,3.423000097E0,8.380050659E0,-1.951950073E0
2.577666968E1,3.973950148E0,7.255050182E0,-4.846950054E0
2.577911307E1,3.631050110E0,7.243050575E0,-5.188950062E0
2.578155646E1,3.097050190E0,8.020950317E0,-4.417950153E0
2.578399984E1,4.009950161E0,9.022050858E0,-2.932950258E0
2.578644322E1,5.250000477E0,8.935050011E0,-3.168000221E0
2.578888661E1,6.058950424E0,9.025950432E0,-3.609000206E0
2.579133022E1,5.680950165E0,7.414950371E0,-5.725050449E0
2.579377338E1,4.024050236E0,6.421050072E0,-4.875000000E0
2.579621699E1,3.820050240E0,7.317000389E0,-2.437950134E0
2.579866038E1,5.082000256E0,7.858050346E0,-2.422950029E0
2.580110376E1,5.274000168E0,8.230950356E0,-4.030050278E0
2.580354715E1,3.741000175E0,8.167050362E0,-5.068950176E0
2.580599054E1,4.891050339E0,8.164050102E0,-4.846950054E0
2.580843392E1,6.006000519E0,9.133950233E0,-5.329950333E0
2.581087738E1,4.383000374E0,9.673050880E0,-6.574950218E0
2.581332077E1,1.444950104E0,8.482950211E0,-5.650950432E0
2.581576415E1,3.580500185E-1,6.898050308E0,-1.915950060E0
2.581820753E1,1.519950032E0,6.895050526E0,1.722000122E0
2.582065092E1,3.066000223E0,7.366950512E0,1.123950005E0
2.582309430E1,4.812000275E0,6.951000214E0,-1.746000051E0
2.582553769E1,5.383950233E0,6.265950203E0,-4.927950382E0
2.582798107E1,4.681950092E0,7.084950447E0,-5.694000244E0
2.583042444E1,4.005000114E0,9.517050743E0,-4.987950325E0
2.583286806E1,4.777950287E0,9.876000404E0,-4.762950420E0
2.583531144E1,6.186000347E0,9.273000717E0,-5.116950035E0
2.583775483E1,6.093000412E0,8.433000565E0,-5.883000374E0
2.584019821E1,2.712000132E0,7.012950420E0,-5.641050339E0
2.584264159E1,2.437050104E0,5.473050117E0,-3.487050056E0
2.584508505E1,5.656950474E0,5.551950455E0,-2.148000002E0
2.584752836E1,6.427950382E0,6.589050293E0,-4.432050228E0
2.584997182E1,4.390050411E0,7.326000214E0,-4.357950211E0
2.585241520E1,3.274950266E0,8.197950363E0,-4.243050098E0
2.585485858E1,4.990950108E0,8.968950272E0,-3.568050146E0
2.585730196E1,4.444950104E0,9.469050407E0,-5.470950127E0
2.585974535E1,1.408950090E0,8.707950592E0,-5.992950439E0
2.586218873E1,7.390500307E-1,7.269000530E0,-2.931000233E0
2.586463210E1,1.636950135E0,6.864000320E0,1.234050035E0
2.586707572E1,3.535950184E0,7.183050156E0,1.063950062E0
2.586951910E1,5.350050449E0,5.832000256E0,-2.482950211E0
2.587196249E1,5.668950081E0,5.478000164E0,-5.505000114E0
2.587440587E1,3.679050207E0,6.625050545E0,-6.766950130E0
2.587684926E1,3.397050142E0,8.866050720E0,-4.915950298E0
2.587929265E1,3.970950127E0,9.781050682E0,-3.847950220E0
2.588173603E1,5.760000229E0,8.803950310E0,-4.083000183E0
2.588417942E1,6.222000122E0,7.393050194E0,-6.063000202E0
2.588662280E1,2.973000050E0,6.862050533E0,-6.490950108E0
2.588906626E1,3.475950241E0,6.025950432E0,-4.416000366E0
2.589150965E1,7.171950340E0,6.703950405E0,-3.244950056E0
2.589395303E1,5.110950470E0,7.570950508E0,-4.380000114E0
2.589639642E1,2.149049997E0,7.678050518E0,-2.625000238E0
2.589883980E1,3.322050095E0,7.959000587E0,-1.842000127E0
2.590128319E1,7.540950298E0,7.698000431E0,-4.048950195E0
2.590372680E1,5.218950272E0,7.417050362E0,-7.497000217E0
2.590617019E1,8.299500346E-1,7.288050175E0,-6.313950062E0
2.590861357E1,4.110000134E-1,5.947050095E0,-1.417950034E0
2.591105696E1,2.374050140E0,7.446000576E0,1.813050032E0
2.591350034E1,4.869000435E0,8.348999977E0,-1.032000065E0
2.591594373E1,4.705950260E0,7.414950371E0,-3.673050165E0
2.591838719E1,2.487000227E0,9.129000664E0,-5.158050060E0
2.592083050E1,1.792950034E0,9.553050041E0,-5.266050339E0
2.592327396E1,2.803050041E0,1.128405094E1,-3.156000137E0
2.592571727E1,5.233050346E0,1.081695080E1,-4.578000069E0
2.592816073E1,7.254000187E0,9.759000778E0,-6.466950417E0
2.593060412E1,5.836050510E0,7.156050205E0,-6.774000168E0
2.593304750E1,4.085999966E0,5.944950104E0,-5.668050289E0
2.593549089E1,6.318000317E0,6.012000084E0,-4.581000328E0
2.593793427E1,7.120050430E0,6.414000511E0,-6.193950176E0
2.594037788E1,4.491000175E0,7.815000534E0,-5.272950172E0
2.594282127E1,2.650050163E0,7.446000576E0,-3.417000055E0
2.594526466E1,5.233050346E0,8.173950195E0,-2.644050121E0
2.594770804E1,6.354000092E0,8.920950890E0,-5.257950306E0
2.595015146E1,2.584950209E0,8.706000328E0,-6.297000408E0
2.595259484E1,4.470000267E-1,6.730050087E0,-3.307050228E0
2.595503822E1,1.219950080E0,7.063050270E0,1.469999999E-1
2.595748161E1,2.607000113E0,1.023300076E1,-1.695000008E-2
2.595992499E1,2.140050173E0,7.948950291E0,-3.762000084E0
2.596236837E1,1.917000055E0,7.483950138E0,-4.677000046E0
2.596481183E1,2.089050055E0,7.495950222E0,-4.258049965E0
2.596725522E1,2.721000195E0,8.728950500E0,-1.927950144E0
2.596969860E1,5.110950470E0,1.005105019E1,-3.265950203E0
2.597214198E1,7.174950123E0,9.547950745E0,-4.926000118E0
2.597458537E1,7.399950504E0,6.721050262E0,-7.485000134E0
2.597702898E1,5.458050251E0,5.686050415E0,-7.393950462E0
2.597947237E1,6.514050484E0,6.325950146E0,-6.586950302E0
2.598191575E1,6.732000351E0,6.679950237E0,-7.201950550E0
2.598435914E1,4.052999973E0,7.549050331E0,-7.059000492E0
2.598680252E1,2.194950104E0,7.843950272E0,-4.048950195E0
2.598924591E1,3.682050228E0,8.056950569E0,-2.194050074E0
2.599168929E1,6.021000385E0,8.571000099E0,-3.391050100E0
2.599413268E1,2.812050104E0,7.908000469E0,-5.352000237E0
2.599657605E1,2.599500120E-1,6.562950134E0,-2.670000076E0
2.599901944E1,8.200500607E-1,5.296050072E0,5.250000358E-1
2.600146290E1,1.915050149E0,9.306000710E0,1.957050085E0
2.600390629E1,2.116050005E0,9.898050308E0,-2.494950056E0
2.600634967E1,1.441050053E0,6.132000446E0,-3.469950199E0
2.600879307E1,1.960050106E0,7.651950359E0,-4.264950275E0
2.601123668E1,4.057950020E0,9.886050224E0,-4.915950298E0
2.601368007E1,7.299000263E0,1.137795067E1,-5.277000427E0
2.601612346E1,8.242950439E0,9.433050156E0,-7.843950272E0
2.601856684E1,7.263000488E0,7.354950428E0,-9.549000740E0
2.602101022E1,3.081000090E0,5.583000183E0,-8.368950844E0
2.602345361E1,5.215950012E0,5.509050369E0,-6.999000549E0
2.602589699E1,8.381999969E0,5.104950428E0,-6.357000351E0
2.602834038E1,5.650050163E0,6.001950264E0,-6.915000439E0
2.603078376E1,3.145050049E0,6.852000237E0,-4.212000370E0
2.603322716E1,2.848050117E0,7.719000340E0,-1.210050106E0
2.603567062E1,5.310000420E0,9.259050369E0,-2.586000204E0
2.603811401E1,3.516000271E0,8.452050209E0,-4.315050125E0
2.604055739E1,6.289500594E-1,6.277950287E0,-2.412000179E0
2.604300078E1,5.260500312E-1,5.401050091E0,-5.440500379E-1
2.604544416E1,1.515000105E0,8.562000275E0,1.093050003E0
2.604788755E1,2.319000006E0,8.494950294E0,-2.301000118E0
2.605033116E1,1.426050067E0,5.466000080E0,-3.721050262E0
2.605277432E1,1.339950085E0,7.165950298E0,-2.613000154E0
2.605521793E1,2.913000107E0,1.005105019E1,-2.500050068E0
2.605766132E1,5.722050190E0,1.165305042E1,-2.746950150E0
2.606010470E1,7.386000156E0,9.655950546E0,-5.802000046E0
2.606254808E1,7.375950336E0,7.008000374E0,-8.479050636E0
2.606499147E1,3.901950121E0,5.986050129E0,-6.946050167E0
2.606743485E1,5.451000214E0,6.076950073E0,-5.955000401E0
2.606987825E1,8.446050644E0,5.265000343E0,-6.484050274E0
2.607232171E1,5.446050167E0,6.366000175E0,-6.811950207E0
2.607476510E1,3.627000093E0,8.650050163E0,-4.851000309E0
2.607720848E1,4.287000179E0,9.225000381E0,-3.156000137E0
2.607965187E1,5.844000340E0,9.874050140E0,-4.684050083E0
2.608209527E1,3.021000147E0,8.707950592E0,-6.355050087E0
2.608453888E1,5.895000324E-2,6.574950218E0,-4.236000061E0
2.608698227E1,3.030000031E-1,4.638000011E0,-3.195000067E-2
2.608942565E1,1.788000107E0,6.924000263E0,2.143949986E0
2.609186903E1,3.199950218E0,6.888000488E0,-7.690500617E-1
2.609431242E1,2.676000118E0,4.189949989E0,-3.396000147E0
2.609675580E1,4.077000141E0,6.694050312E0,-3.574950218E0
2.609919919E1,5.439000130E0,8.947050095E0,-3.834000111E0
2.610164257E1,6.844050407E0,1.075005054E1,-3.666000128E0
2.610408597E1,7.234950542E0,1.020705032E1,-5.665050507E0
2.610652935E1,5.938950062E0,8.722050667E0,-8.138999939E0
2.610897281E1,2.491950035E0,6.306000233E0,-8.128950119E0
2.611141620E1,4.417050362E0,4.176000118E0,-8.296950340E0
2.611385958E1,9.070950508E0,3.694050074E0,-7.186050415E0
2.611630296E1,6.210000515E0,3.076950073E0,-7.179000378E0
2.611874635E1,2.817000151E0,5.269950390E0,-3.349950075E0
2.612118973E1,3.696000099E0,7.129950523E0,-6.589500308E-1
2.612363335E1,6.825000286E0,8.722050667E0,-1.581000090E0
2.612607650E1,5.098950386E0,9.139050484E0,-2.974050045E0
2.612852013E1,9.619500637E-1,7.221000195E0,-1.947000146E0
2.613096329E1,2.050500065E-1,6.661050320E0,-1.783950090E0
2.613340690E1,1.090950012E0,8.643000603E0,-1.420050025E0
2.613585029E1,2.599050045E0,7.420050144E0,-4.011000156E0
2.613829367E1,2.104050159E0,5.071050167E0,-4.138050079E0
2.614073703E1,1.279950023E0,5.988000393E0,-1.261950016E0
2.614318041E1,3.166950226E0,9.939000130E0,-1.075950027E0
2.614562387E1,6.457050323E0,1.129905033E1,-2.055000067E0
2.614806726E1,8.677950859E0,8.788949966E0,-5.866050243E0
2.615051064E1,8.072999954E0,7.882050514E0,-1.065495014E1
2.615295403E1,1.989000082E0,7.329000473E0,-1.023795033E1
2.615539742E1,3.628950119E0,5.856000423E0,-8.376000404E0
2.615784080E1,8.275950432E0,5.610000134E0,-6.259050369E0
2.616028419E1,5.085000038E0,5.782050133E0,-5.974050522E0
2.616272780E1,3.313050270E0,6.442950249E0,-3.100950241E0
2.616517120E1,3.670050144E0,7.302000523E0,-5.029500127E-1
2.616761458E1,6.615000248E0,9.069000244E0,-2.316000223E0
2.617005797E1,5.121000290E0,8.381999969E0,-4.972950459E0
2.617250135E1,1.017000079E0,7.273950577E0,-4.083000183E0
2.617494474E1,9.259500504E-1,7.221000195E0,-2.440050125E0
2.617738814E1,3.580950260E0,8.896950722E0,-2.254050016E0
2.617983152E1,3.811050177E0,6.787950516E0,-5.080950260E0
2.618227498E1,1.936050057E0,6.157950401E0,-4.537950039E0
2.618471837E1,1.728000045E0,7.149000168E0,-1.554000020E0
2.618716175E1,2.880000114E0,8.566950798E0,-8.700000644E-1
2.618960514E1,5.749950409E0,1.035300064E1,-1.581000090E0
2.619204852E1,8.403000832E0,9.450000763E0,-5.196000099E0
2.619449191E1,7.828950405E0,7.317000389E0,-8.946000099E0
2.619693529E1,3.952050209E0,7.738050461E0,-8.929050446E0
2.619937867E1,4.726050377E0,7.161000252E0,-7.212000370E0
2.620182229E1,7.503000259E0,6.595950127E0,-7.042050362E0
2.620426545E1,4.836000443E0,6.735000134E0,-7.174050331E0
2.620670906E1,2.614050150E0,7.314000130E0,-3.661050081E0
2.620915245E1,5.155950069E0,7.555950165E0,-1.855950117E0
2.621159584E1,7.884000301E0,7.638000488E0,-4.369950294E0
2.621403922E1,4.282950401E0,7.530000210E0,-6.154050350E0
2.621648268E1,4.039500058E-1,6.831000328E0,-2.842050076E0
2.621892607E1,9.709500670E-1,6.357000351E0,1.570500135E-1
2.622136945E1,2.451000214E0,1.014000034E1,1.171950102E0
2.622381284E1,2.329050064E0,8.824950218E0,-1.879950047E0
2.622625622E1,2.065050125E0,7.137000561E0,-2.503050089E0
2.622869961E1,2.299950123E0,8.713050842E0,-2.661000013E0
2.623114299E1,4.270950317E0,1.162905025E1,-3.103050232E0
2.623358638E1,6.741000175E0,1.181295013E1,-5.002050400E0
2.623602976E1,7.765950203E0,9.462000847E0,-8.368950844E0
2.623847314E1,4.759050369E0,8.263050079E0,-9.874950409E0
2.624091676E1,1.351950049E0,6.703950405E0,-6.100950241E0
2.624336015E1,4.539000034E0,5.907000065E0,-5.047950268E0
2.624580353E1,7.596000195E0,5.563950062E0,-5.890050411E0
2.624824692E1,5.580000401E0,6.283050060E0,-5.562000275E0
2.625069030E1,3.460950136E0,7.647000313E0,-3.798000097E0
2.625313368E1,5.544000149E0,8.998050690E0,-3.637050152E0
2.625557714E1,7.156050205E0,1.027905083E1,-7.222050190E0
2.625802045E1,3.184050083E0,8.908950806E0,-7.285950184E0
2.626046389E1,5.310000181E-1,7.057950497E0,-2.826000214E0
2.626290728E1,3.820500076E-1,6.727950096E0,-3.670500219E-1
2.626535066E1,8.749500513E-1,8.964000702E0,5.419500470E-1
2.626779405E1,1.294050097E0,5.875050068E0,-2.371050119E0
2.627023743E1,1.512000084E0,4.153950214E0,-2.791950226E0
2.627268080E1,3.334050179E0,5.752950191E0,-2.809050083E0
2.627512419E1,5.500950336E0,8.326950073E0,-2.301000118E0
2.627756780E1,7.321050167E0,9.607950211E0,-4.534950256E0
2.628001119E1,7.801950455E0,9.187050819E0,-7.489950180E0
2.628245457E1,3.780000210E0,8.626950264E0,-9.805050850E0
2.628489796E1,1.323000073E0,7.461000443E0,-7.984950542E0
2.628734134E1,5.881950378E0,6.076950073E0,-7.092000484E0
2.628978473E1,6.528000355E0,4.003050327E0,-7.225950241E0
2.629222819E1,3.627000093E0,4.609050274E0,-6.882000446E0
2.629467157E1,3.013950109E0,4.579950333E0,-3.874050140E0
2.629711496E1,6.021000385E0,6.217950344E0,-2.245950222E0
2.629955834E1,7.275000572E0,6.702000141E0,-3.489000082E0
2.630200173E1,2.817000151E0,5.550000191E0,-3.273000240E0
2.630444511E1,1.759500057E-1,5.779950142E0,-1.542000055E0
2.630688850E1,8.250000477E-1,8.290950775E0,-9.610500336E-1
2.630933188E1,2.707050085E0,8.329950333E0,-2.584050179E0
2.631177526E1,2.779050112E0,5.758050442E0,-5.911950111E0
2.631421865E1,1.857000113E0,6.778050423E0,-5.529000282E0
2.631666226E1,1.681950092E0,8.065950394E0,-3.115050077E0
2.631910565E1,3.550050259E0,9.571950912E0,-2.445000172E0
2.632154904E1,5.551950455E0,9.570000648E0,-3.348000050E0
2.632399242E1,7.338000298E0,7.872000217E0,-5.758950233E0
2.632643581E1,5.154000282E0,6.139050484E0,-8.122050285E0
2.632887926E1,2.887050152E0,5.229000092E0,-7.212000370E0
2.633132257E1,7.738050461E0,5.224050045E0,-8.227050781E0
2.633376603E1,7.299000263E0,5.539950371E0,-9.574950218E0
2.633620934E1,4.134000301E0,6.915000439E0,-7.372050285E0
2.633865280E1,4.711050034E0,8.348999977E0,-3.376050234E0
2.634109619E1,8.008049965E0,9.244050026E0,-3.739950180E0
2.634353957E1,6.265050411E0,9.666000366E0,-5.526000500E0
2.634598295E1,1.165050030E0,7.591950417E0,-3.867000103E0
2.634842634E1,1.800000109E-2,5.911050320E0,-1.150050044E0
2.635086972E1,8.350500464E-1,6.558000088E0,1.588050127E0
2.635331334E1,1.345050097E0,8.109000206E0,-7.905000448E-2
2.635575671E1,2.044049978E0,5.502000332E0,-1.987950087E0
2.635820010E1,5.929500461E-1,6.073950291E0,-2.076000214E0
2.636064348E1,2.104050159E0,1.030695057E1,-4.099500179E-1
2.636308687E1,4.801950455E0,1.320195103E1,-1.675950050E0
2.636553033E1,6.825000286E0,1.228695011E1,-5.986050129E0
2.636797370E1,6.550050259E0,1.075005054E1,-9.439050674E0
2.637041709E1,3.234000206E0,8.317950249E0,-8.670000076E0
2.637286047E1,3.178950071E0,6.948000431E0,-7.282050133E0
2.637530386E1,6.847050190E0,6.313950062E0,-6.606000423E0
2.637774724E1,5.025000095E0,4.432050228E0,-8.409000397E0
2.638019064E1,3.016050100E0,4.714050293E0,-6.721050262E0
2.638263402E1,3.544950247E0,5.986050129E0,-2.364000082E0
2.638507741E1,6.318000317E0,7.591950417E0,-2.176950216E0
2.638752079E1,6.222000122E0,7.237950325E0,-4.188000202E0
2.638996441E1,2.488950014E0,6.759000301E0,-2.335050106E0
2.639240778E1,1.327950120E0,6.145950317E0,1.450500041E-1
2.639485116E1,1.960050106E0,9.769050598E0,1.215000033E0
2.639729455E1,1.986000061E0,8.634000778E0,-1.108950019E0
2.639973793E1,2.346000195E0,6.244050503E0,-6.204000473E0
2.640218132E1,2.532000065E0,6.787950516E0,-5.818950176E0
2.640462470E1,2.949000120E0,7.317000389E0,-3.160950184E0
2.640706816E1,4.129050255E0,8.832000732E0,-1.260000110E0
2.640951147E1,6.121050358E0,8.116950035E0,-2.644050121E0
2.641195493E1,6.592950344E0,5.830050468E0,-6.123000145E0
2.641439832E1,3.823050261E0,5.610000134E0,-7.159050465E0
2.641684170E1,5.104050159E0,5.053950310E0,-6.184950352E0
2.641928508E1,8.655000687E0,4.767000198E0,-6.357000351E0
2.642172847E1,6.852000237E0,6.430950165E0,-8.076000214E0
2.642417185E1,4.204050064E0,8.464050293E0,-6.034050465E0
2.642661547E1,6.118950367E0,9.433050156E0,-4.618950367E0
2.642905886E1,8.142000198E0,9.642000198E0,-6.652050495E0
2.643150224E1,4.180050373E0,8.068950653E0,-7.806000233E0
2.643394563E1,1.909500062E-1,7.204050541E0,-4.948950291E0
2.643638901E1,-1.429500133E-1,4.494000435E0,-1.063950062E0
2.643883247E1,1.705950022E0,5.428050041E0,1.183950067E0
2.644127579E1,3.504000187E0,4.750050068E0,-1.231050014E0
2.644371924E1,2.451000214E0,3.309000254E0,-9.820500612E-1
2.644616263E1,1.443000078E0,5.776950359E0,2.239500135E-1
2.644860602E1,3.661950111E0,1.060905075E1,-1.249500066E-1
2.645104940E1,8.251950264E0,1.324005032E1,-3.991950274E0
2.645349279E1,9.052050591E0,1.118805027E1,-8.764050484E0
2.645593617E1,5.212050438E0,9.939000130E0,-1.277595043E1
2.645837956E1,1.548000097E0,8.586000443E0,-1.074600029E1
2.646082294E1,4.052999973E0,5.823000431E0,-7.926000595E0
2.646326656E1,7.636950493E0,3.522000074E0,-8.854949951E0
2.646570994E1,6.133050442E0,2.689050198E0,-9.678000450E0
2.646815333E1,5.049000263E0,2.755950212E0,-5.446950436E0
2.647059671E1,6.624000549E0,5.397000313E0,-1.947000146E0
2.647304010E1,7.687050343E0,7.354950428E0,-1.747950077E0
2.647548349E1,4.438050270E0,6.294000149E0,-1.666950107E0
2.647792688E1,1.387950063E0,5.293950081E0,3.100500107E-1
2.648037026E1,1.396950126E0,7.234950542E0,-1.319999993E-1
2.648281365E1,2.839050055E0,9.526950836E0,-2.802000046E0
2.648525711E1,2.911050081E0,6.606000423E0,-5.752050400E0
2.648770040E1,2.152050018E0,6.759000301E0,-4.963950157E0
2.649014386E1,2.829000235E0,8.710050583E0,-3.478950262E0
2.649258725E1,4.407000065E0,1.174095058E1,-4.092000008E0
2.649503063E1,6.226950169E0,1.179900074E1,-5.433000088E0
2.649747402E1,6.559950352E0,9.247050285E0,-7.519050121E0
2.649991764E1,3.460950136E0,8.221950531E0,-8.632050514E0
2.650236102E1,1.192050099E0,6.603000164E0,-4.660050392E0
2.650480441E1,3.105000257E0,5.662050247E0,-3.517950058E0
2.650724779E1,6.034950256E0,5.908950329E0,-5.967000484E0
2.650969118E1,4.897950172E0,5.581050396E0,-6.087000370E0
2.651213455E1,2.911050081E0,7.270950317E0,-3.549000263E0
2.651457794E1,7.045950413E0,9.349950790E0,-1.750950098E0
2.651702140E1,8.511000633E0,1.134600067E1,-6.493950367E0
2.651946470E1,3.118950129E0,1.122000027E1,-6.285000324E0
2.652190816E1,4.519500136E-1,9.498000145E0,-3.582000256E0
2.652435156E1,5.520000458E-1,9.763950348E0,-1.435050011E0
2.652679494E1,1.195950031E0,1.141800022E1,-3.496050119E0
2.652923832E1,1.587000132E0,7.630050182E0,-5.332950115E0
2.653168171E1,9.469500184E-1,6.268050194E0,-4.273950100E0
2.653412509E1,2.250000000E0,7.276050568E0,-2.220000029E0
2.653656848E1,5.146950245E0,9.292050362E0,-2.520000041E-1
2.653901210E1,6.706050396E0,1.003695011E1,-3.273000240E0
2.654145548E1,6.651000500E0,8.940000534E0,-7.119000435E0
2.654389887E1,3.016050100E0,8.718000412E0,-9.882000923E0
2.654634225E1,2.377050161E0,7.408050537E0,-9.810000420E0
2.654878563E1,6.696000099E0,7.324050426E0,-8.946000099E0
2.655122902E1,6.022950172E0,6.742050171E0,-9.745050430E0
2.655367240E1,4.777950287E0,5.928000450E0,-7.521000385E0
2.655611579E1,6.238950253E0,6.330000401E0,-4.198050022E0
2.655855917E1,8.140049934E0,7.120950222E0,-4.789050102E0
2.656100256E1,6.433050156E0,6.340050220E0,-5.079000473E0
2.656344602E1,1.219950080E0,5.631000042E0,-3.130050182E0
2.656588941E1,-3.210000098E-1,4.069950104E0,-1.605000019E0
2.656833279E1,2.391000032E0,5.373000145E0,-1.782000065E0
2.657077618E1,4.069050312E0,4.231050014E0,-3.192000151E0
2.657321955E1,2.025000095E0,2.443950176E0,-4.532999992E0
2.657566316E1,1.837950110E0,5.143050194E0,-3.525000095E0
2.657810655E1,2.853000164E0,7.008000374E0,-1.744050026E0
2.658054993E1,4.873950005E0,9.394950867E0,-1.642950058E0
2.658299332E1,7.062000275E0,9.615000725E0,-5.146050453E0
2.658543670E1,6.145050526E0,8.755949974E0,-9.810000420E0
2.658788009E1,3.093000174E0,8.421000481E0,-1.090395069E1
2.659032347E1,2.935050249E0,6.618000507E0,-1.020300007E1
2.659276685E1,6.243000507E0,3.378000259E0,-9.532050133E0
2.659521031E1,5.518050194E0,2.476050138E0,-8.907000542E0
2.659765363E1,3.961950302E0,3.253950119E0,-4.732050419E0
2.660009709E1,5.290950298E0,5.320050240E0,-1.389000058E0
2.660254048E1,7.933950424E0,6.448050499E0,-2.280000210E0
2.660498386E1,6.622050285E0,7.531950474E0,-4.267050266E0
2.660742725E1,1.771050096E0,5.863950253E0,-3.391050100E0
2.660987062E1,4.519500136E-1,6.751950264E0,-2.392050028E0
2.661231400E1,1.302000046E0,8.380050659E0,-2.851950169E0
2.661475762E1,1.702050090E0,7.465050220E0,-4.092000008E0
2.661720100E1,1.438050032E0,5.421000481E0,-3.850050211E0
2.661964439E1,8.010000587E-1,6.855000496E0,-2.248950005E0
2.662208777E1,3.090000153E0,1.018995094E1,-2.899500132E-1
2.662453116E1,5.656950474E0,1.269000053E1,-3.628050089E0
2.662697454E1,7.780950546E0,1.155495071E1,-6.436050415E0
2.662941793E1,7.567950249E0,1.006305027E1,-1.135395050E1
2.663186131E1,3.298950195E0,1.018500042E1,-1.081095028E1
2.663430469E1,2.668950081E0,8.641050339E0,-6.814950466E0
2.663674815E1,5.784000397E0,7.297950268E0,-7.243050575E0
2.663919154E1,6.319950104E0,5.943000317E0,-7.729050159E0
2.664163492E1,3.016050100E0,6.010050297E0,-3.355050087E0
2.664407832E1,5.197050095E0,6.436050415E0,-1.317000031E0
2.664652170E1,8.743050575E0,8.425050735E0,-4.249950409E0
2.664896509E1,5.997000217E0,8.502000809E0,-5.839950085E0
2.665140870E1,1.881000042E0,7.546950340E0,-3.477000237E0
2.665385209E1,1.648950100E0,7.597050190E0,1.969500035E-1
2.665629547E1,2.566050053E0,1.212000084E1,8.719500303E-1
2.665873886E1,1.909950137E0,1.222305012E1,-5.080500245E-1
2.666118224E1,1.125000000E0,8.430000305E0,-2.625000238E0
2.666362563E1,7.170000076E-1,8.542950630E0,-5.284950256E0
2.666606901E1,2.415000200E0,1.181595039E1,-4.819950104E0
2.666851238E1,5.440950394E0,1.146900082E1,-6.891000271E0
2.667095577E1,6.406050205E0,1.110705090E1,-6.147000313E0
2.667339923E1,5.034000397E0,1.047300053E1,-7.938000202E0
2.667584261E1,9.760500193E-1,9.151050568E0,-7.714950562E0
2.667828600E1,2.724000216E0,7.899000168E0,-6.084000111E0
2.668072938E1,5.961000443E0,6.214950085E0,-6.094050407E0
2.668317277E1,4.833000183E0,5.895000458E0,-6.429000378E0
2.668561615E1,3.511950254E0,5.181000233E0,-4.087950230E0
2.668805977E1,5.841000080E0,5.820000172E0,-2.674950123E0
2.669050315E1,7.891050339E0,7.767000198E0,-2.791950226E0
2.669294654E1,5.508000374E0,8.053950310E0,-4.450950146E0
2.669538993E1,2.149049997E0,6.450000286E0,-2.494950056E0
2.669783332E1,1.186950088E0,8.005949974E0,-1.350000054E-1
2.670027670E1,1.327950120E0,1.096605015E1,4.510500133E-1
2.670272008E1,1.254000068E0,9.436050415E0,-3.430950165E0
2.670516348E1,6.100500226E-1,7.759950161E0,-6.084000111E0
2.670760686E1,9.570000172E-1,8.557050705E0,-6.862950325E0
2.671005025E1,4.018949986E0,9.558000565E0,-5.538000107E0
2.671249371E1,6.124050140E0,9.204000473E0,-6.046050072E0
2.671493709E1,6.310950279E0,9.136950493E0,-7.837050438E0
2.671738047E1,4.006950378E0,7.474950314E0,-9.943950653E0
2.671982386E1,1.524000049E0,6.100950241E0,-8.923950195E0
2.672226724E1,4.819050312E0,4.240050316E0,-5.922000408E0
2.672471063E1,6.703050137E0,4.140000343E0,-3.618000269E0
2.672715401E1,6.162000179E0,4.875000000E0,-2.956950188E0
2.672959739E1,5.185050011E0,5.458950043E0,-1.866000056E0
2.673204101E1,6.889950275E0,6.739950180E0,-1.708050132E0
2.673448439E1,7.801950455E0,8.181000710E0,-4.468050003E0
2.673692778E1,3.952050209E0,7.899000168E0,-5.482950211E0
2.673937116E1,1.041000009E0,7.642050266E0,-3.436050177E0
2.674181454E1,4.590000212E-1,7.783950329E0,2.070000172E-1
2.674425793E1,8.200500607E-1,9.757050514E0,1.519500017E-1
2.674670132E1,1.333050013E0,8.503950119E0,-3.739950180E0
2.674914470E1,9.550500512E-1,6.304050446E0,-3.642000198E0
2.675158815E1,2.119500041E-1,7.482000351E0,-2.785050154E0
2.675403154E1,2.451000214E0,1.061100006E1,-1.582950115E0
2.675647492E1,6.094950199E0,1.047000027E1,-5.320950031E0
2.675891831E1,7.996050358E0,8.044950485E0,-8.335050583E0
2.676136169E1,4.984050274E0,6.852000237E0,-1.146705055E1
2.676380508E1,2.461050034E0,5.281950474E0,-8.493000031E0
2.676624869E1,7.114950180E0,4.827000141E0,-4.072950363E0
2.676869208E1,7.362000465E0,4.645050049E0,-4.657050133E0
2.677113546E1,6.697950363E0,5.332050323E0,-4.480050087E0
2.677357884E1,4.474050045E0,4.996950150E0,-3.349950075E0
2.677602223E1,4.765950203E0,7.216050148E0,-1.486950040E0
2.677846562E1,5.082000256E0,8.287050247E0,-2.548050165E0
2.678090900E1,2.050950050E0,5.952000141E0,-2.670000076E0
2.678335239E1,5.119500160E-1,5.121000290E0,6.829500198E-1
2.678579577E1,3.130500019E-1,6.238950253E0,6.550500393E-1
2.678823923E1,2.677950144E0,9.201000214E0,8.050500154E-1
2.679068262E1,3.757950068E0,6.390000343E0,-3.307050228E0
2.679312600E1,2.215950012E0,6.069000244E0,-4.246050358E0
2.679556939E1,1.584000111E0,8.871000290E0,-3.882000208E0
2.679801277E1,3.472950220E0,9.996000290E0,-5.107050419E0
2.680045616E1,5.587050438E0,9.273000717E0,-6.628050327E0
2.680289954E1,6.454050541E0,7.621050358E0,-7.806000233E0
2.680534293E1,4.656000137E0,5.610000134E0,-8.755949974E0
2.680778654E1,4.026000023E0,4.052999973E0,-6.316950321E0
2.681022993E1,7.018950462E0,4.555950165E0,-3.867000103E0
2.681267330E1,8.149050713E0,5.035050392E0,-5.581950188E0
2.681511669E1,5.250000477E0,6.907050133E0,-5.673000336E0
2.681756007E1,4.195950031E0,7.765050411E0,-3.616050243E0
2.682000346E1,4.929000378E0,8.341950417E0,-3.553950071E0
2.682244684E1,4.012050152E0,8.583000183E0,-5.002050400E0
2.682489023E1,9.979500771E-1,6.808950424E0,-4.594950199E0
2.682733369E1,-1.549500078E-1,5.770050049E0,-1.747950077E0
2.682977707E1,9.330000281E-1,5.643000126E0,1.177050114E0
2.683222046E1,2.839050055E0,8.026050568E0,1.987950087E0
2.683466384E1,3.129000187E0,5.998050213E0,-2.148000002E0
2.683710721E1,2.152050018E0,5.788950443E0,-3.016950130E0
2.683955082E1,1.915050149E0,9.211050034E0,-3.750000238E0
2.684199398E1,4.314000130E0,1.019700050E1,-5.230050087E0
2.684443759E1,6.291000366E0,9.936000824E0,-6.742950439E0
2.684688075E1,6.466050148E0,7.537050247E0,-7.975950241E0
2.684932436E1,4.804950237E0,5.713050365E0,-9.064949989E0
2.685176774E1,4.468950272E0,5.373000145E0,-6.949050426E0
2.685421113E1,6.733950138E0,5.373000145E0,-3.484050274E0
2.685665451E1,7.699050426E0,5.775000095E0,-4.770000458E0
2.685909790E1,5.197050095E0,7.045950413E0,-5.047950268E0
2.686154128E1,2.890950203E0,8.242950439E0,-2.922000170E0
2.686398467E1,6.045000076E0,9.091050148E0,-1.657050133E0
2.686642813E1,7.309050560E0,8.746050835E0,-4.573950291E0
2.686887151E1,3.037950039E0,9.105000496E0,-5.695950508E0
2.687131491E1,7.200000286E-1,7.225950241E0,-4.189949989E0
2.687375830E1,1.528950095E0,7.575000286E0,3.000000026E-3
2.687620168E1,3.492000103E0,8.667000771E0,-1.765050054E0
2.687864506E1,3.286950111E0,7.594950199E0,-5.050050259E0
2.688108845E1,1.945950150E0,7.896000385E0,-4.914000034E0
2.688353205E1,1.000050068E0,8.776950836E0,-2.662950039E0
2.688597544E1,2.781000137E0,1.003200054E1,-1.600050092E0
2.688841882E1,6.025950432E0,1.045095062E1,-4.957050323E0
2.689086220E1,7.807050228E0,9.346950531E0,-7.669050217E0
2.689330559E1,4.945950031E0,7.389000416E0,-8.974050522E0
2.689574896E1,3.150000095E0,7.674000263E0,-6.288000107E0
2.689819234E1,6.375000477E0,7.294950485E0,-3.099000216E0
2.690063573E1,5.913000107E0,6.988950253E0,-5.356050491E0
2.690307919E1,4.171950340E0,7.341000557E0,-4.734000206E0
2.690552258E1,4.419000149E0,7.366950512E0,-2.401950121E0
2.690796596E1,8.203949928E0,8.100000381E0,-1.722000122E0
2.691040934E1,7.491000175E0,6.814050198E0,-5.128950119E0
2.691285273E1,3.054000139E0,6.402000427E0,-5.835000515E0
2.691529611E1,5.190000534E-1,5.908950329E0,-2.304000139E0
2.691773973E1,1.728000045E0,7.165950298E0,1.909050107E0
2.692018289E1,2.058000088E0,9.658050537E0,1.050000072E0
2.692262627E1,1.041000009E0,7.494000435E0,2.740500271E-1
2.692506966E1,5.430000424E-1,6.052950382E0,-1.813050032E0
2.692751327E1,1.227000117E0,9.172050476E0,-3.034050226E0
2.692995666E1,4.423950195E0,1.183995056E1,-4.116000175E0
2.693240004E1,6.543000221E0,1.088400078E1,-7.396050453E0
2.693484343E1,6.435000420E0,8.907000542E0,-9.124950409E0
2.693728682E1,2.773950100E0,7.899000168E0,-9.625950813E0
2.693973027E1,1.723050117E0,6.859950542E0,-6.187050343E0
2.694217366E1,5.959050179E0,5.868000507E0,-3.465000153E0
2.694461705E1,7.579050541E0,4.848000050E0,-5.103000164E0
2.694706044E1,6.631050110E0,4.638000011E0,-5.790000439E0
2.694950382E1,5.877000332E0,5.310000420E0,-3.168000221E0
2.695194720E1,8.263950348E0,7.123050213E0,-2.922000170E0
2.695439059E1,8.001000404E0,7.834050179E0,-5.479050159E0
2.695683397E1,4.057950020E0,7.870050430E0,-4.447050095E0
2.695927736E1,1.669950128E0,6.855000496E0,-4.909500182E-1
2.696172097E1,2.082000017E0,8.346000671E0,2.896050215E0
2.696416436E1,2.197050095E0,1.048905087E1,1.188000083E0
2.696660774E1,1.797000051E0,8.574000359E0,-1.969050050E0
2.696905112E1,2.379000187E0,6.967050552E0,-3.907950163E0
2.697149451E1,2.404950142E0,9.440999985E0,-5.083950043E0
2.697393789E1,5.128050327E0,1.155495071E1,-5.424000263E0
2.697638128E1,7.141050339E0,1.121205044E1,-7.735950470E0
2.697882474E1,7.512000561E0,1.021200085E1,-9.496050835E0
2.698126813E1,3.670050144E0,8.836950302E0,-9.357000351E0
2.698371151E1,2.761950016E0,6.844950199E0,-5.983950138E0
2.698615490E1,6.829950333E0,5.944950104E0,-4.155000210E0
2.698859828E1,7.989000320E0,6.322950363E0,-6.417000294E0
2.699104167E1,5.959050179E0,6.538950443E0,-6.432000160E0
2.699348505E1,6.367950439E0,6.787950516E0,-4.288949966E0
2.699592843E1,7.776000500E0,7.611000538E0,-4.854000092E0
2.699837182E1,6.030000210E0,7.831950188E0,-7.123050213E0
2.700081520E1,1.986000061E0,6.766050339E0,-5.826000214E0
2.700325859E1,5.160000324E-1,5.109000206E0,-1.083000064E0
2.700570221E1,1.735050082E0,6.012000084E0,2.467050076E0
2.700814560E1,1.905000091E0,7.609050274E0,3.204000235E0
2.701058898E1,9.160500169E-1,3.874050140E0,1.006950021E0
2.701303236E1,2.073000193E0,3.141000032E0,-3.880500197E-1
2.701547575E1,3.946950197E0,7.591950417E0,-2.232000113E0
2.701791921E1,6.445050240E0,1.010895061E1,-5.656050205E0
2.702036260E1,6.382050514E0,8.610000610E0,-7.714950562E0
2.702280598E1,4.857000351E0,7.824000359E0,-9.514950752E0
2.702524936E1,1.893000126E0,7.156050205E0,-8.911950111E0
2.702769276E1,2.863050222E0,4.747950077E0,-5.883000374E0
2.703013615E1,7.975050449E0,4.221000195E0,-6.228000164E0
2.703257953E1,7.777950287E0,3.529050112E0,-7.654950142E0
2.703502292E1,5.487000465E0,4.750050068E0,-6.373950481E0
2.703746630E1,6.610050201E0,6.511950493E0,-3.352050066E0
2.703990992E1,7.678050518E0,8.533050537E0,-3.943950176E0
2.704235330E1,4.618050098E0,7.774050236E0,-5.385000229E0
2.704479669E1,5.569500327E-1,5.571000099E0,-4.465950012E0
2.704724007E1,9.550500512E-1,6.213000298E0,-7.189500332E-1
2.704968346E1,1.855050087E0,7.858050346E0,1.177050114E0
2.705212684E1,1.998000145E0,7.302000523E0,-6.640500426E-1
2.705457023E1,1.801950097E0,5.317950249E0,-2.332950115E0
2.705701369E1,1.414050102E0,7.204050541E0,-2.340000153E0
2.705945708E1,3.286950111E0,1.132500076E1,-3.031950235E0
2.706190046E1,5.665950298E0,1.269000053E1,-6.429000378E0
2.706434385E1,6.679050446E0,1.114500046E1,-6.642000198E0
2.706678723E1,5.665950298E0,9.556050301E0,-1.122705078E1
2.706923062E1,2.809950113E0,7.819950581E0,-7.711950302E0
2.707167400E1,3.784950256E0,6.924000263E0,-5.188950062E0
2.707411739E1,6.610050201E0,6.369000435E0,-5.275050163E0
2.707656079E1,7.668000221E0,5.847000122E0,-7.380000114E0
2.707900417E1,5.109000206E0,6.583950520E0,-5.221950054E0
2.708144779E1,5.262000084E0,8.348999977E0,-2.422950029E0
2.708389118E1,8.416950226E0,8.950050354E0,-2.971950054E0
2.708633456E1,6.246000290E0,9.667950630E0,-5.989050388E0
2.708877795E1,2.404950142E0,9.127050400E0,-4.255050182E0
2.709122133E1,1.431000113E0,8.638050079E0,-1.228950024E0
2.709366479E1,2.194950104E0,1.114095020E1,8.370000124E-1
2.709610810E1,1.773000121E0,1.182105064E1,3.000000119E-1
2.709855156E1,1.431000113E0,8.557050705E0,-2.110050201E0
2.710099496E1,4.300500154E-1,6.463950157E0,-2.898000240E0
2.710343834E1,1.009950042E0,8.952000618E0,-2.782950163E0
2.710588173E1,3.793950081E0,1.112400055E1,-5.175000191E0
2.710832511E1,5.832000256E0,9.328050613E0,-7.525950432E0
2.711076850E1,3.937950134E0,7.819950581E0,-7.960950375E0
2.711321189E1,1.837950110E0,7.638000488E0,-6.937050343E0
2.711565527E1,4.941000462E0,7.342950344E0,-4.858050346E0
2.711809865E1,5.920050144E0,6.892950535E0,-7.255050182E0
2.712054227E1,5.170950413E0,7.077000141E0,-8.521950722E0
2.712298566E1,3.217050076E0,5.683950424E0,-6.985050201E0
2.712542904E1,5.022000313E0,7.245000362E0,-2.473950148E0
2.712787243E1,6.255000114E0,6.697050095E0,-2.328000069E0
2.713031581E1,4.843050003E0,5.614950180E0,-2.629050016E0
2.713275927E1,1.927050114E0,4.465050220E0,-3.430500031E-1
2.713520266E1,1.159950018E0,4.884000301E0,1.263000011E0
2.713764604E1,2.287950039E0,9.129000664E0,2.223000050E0
2.714008942E1,2.701950073E0,7.432050228E0,-2.440050125E0
2.714253281E1,1.297050118E0,5.839950085E0,-4.630950451E0
2.714497619E1,1.318050027E0,8.908950806E0,-4.837050438E0
2.714741957E1,2.829000235E0,1.055895042E1,-4.477950096E0
2.714986296E1,5.413050175E0,1.014900017E1,-5.746950150E0
2.715230634E1,6.523950100E0,8.361000061E0,-7.648050308E0
2.715474973E1,5.779050350E0,6.448050499E0,-1.019505024E1
2.715719334E1,3.109050035E0,5.155050278E0,-1.007805061E1
2.715963673E1,5.632950306E0,4.753050327E0,-8.112000465E0
2.716208011E1,8.848050117E0,3.855000257E0,-7.417950153E0
2.716452350E1,7.450050354E0,4.495950222E0,-7.696050167E0
2.716696688E1,5.049000263E0,6.843000412E0,-4.666950226E0
2.716941027E1,5.299950123E0,7.923000336E0,-2.361000061E0
2.717185371E1,6.153000355E0,9.333000183E0,-1.846050143E0
2.717429702E1,4.326000214E0,6.634050369E0,-1.578000069E0
2.717674048E1,8.560500145E-1,5.389050484E0,-1.564050078E0
2.717918379E1,1.129050016E0,5.776950359E0,1.590000093E-1
2.718162725E1,2.674050093E0,7.075050354E0,2.119500041E-1
2.718407063E1,3.943050146E0,5.878050327E0,-3.391050100E0
2.718651402E1,3.220050097E0,5.587950230E0,-3.931950092E0
2.718895740E1,2.716950178E0,8.461050034E0,-2.722950220E0
2.719140079E1,4.024050236E0,1.184205055E1,-3.039000034E0
2.719384417E1,4.909950256E0,1.239795017E1,-4.276950359E0
2.719628778E1,5.116050243E0,1.103505039E1,-5.863950253E0
2.719873117E1,3.661950111E0,8.919000626E0,-6.853050232E0
2.720117455E1,2.559000015E0,6.532050133E0,-3.760050297E0
2.720361794E1,4.939050198E0,8.137949944E0,-2.935950041E0
2.720606132E1,7.572000504E0,8.125950813E0,-4.825050354E0
2.720850470E1,8.734050751E0,7.141950130E0,-7.522950172E0
2.721094816E1,6.769950390E0,7.554000378E0,-6.475050449E0
2.721339155E1,7.342050552E0,9.610950470E0,-2.206050158E0
2.721583494E1,7.182000160E0,1.105905056E1,-3.300000191E0
2.721827832E1,3.622050285E0,9.553050041E0,-3.865050077E0
2.722072169E1,2.022000074E0,7.341000557E0,-1.420050025E0
2.722316508E1,1.510050058E0,7.318950176E0,8.509500623E-1
2.722560846E1,1.587000132E0,9.922050476E0,1.186050057E0
2.722805185E1,1.632000089E0,8.284049988E0,-1.654950023E0
2.723049523E1,1.407000065E0,6.402000427E0,-3.187050104E0
2.723293862E1,1.855050087E0,8.617050171E0,-3.745050192E0
2.723538223E1,4.761000156E0,1.060200024E1,-2.473950148E0
2.723782562E1,6.160050392E0,1.065405083E1,-3.964950085E0
2.724026900E1,5.290950298E0,9.556050301E0,-7.204950333E0
2.724271239E1,1.860000134E0,8.157000542E0,-9.130050659E0
2.724515577E1,1.476000071E0,6.642000198E0,-7.795950413E0
2.724759916E1,5.722050190E0,5.149950027E0,-5.482950211E0
2.725004262E1,7.114950180E0,4.816950321E0,-5.641050339E0
2.725248593E1,5.662050247E0,5.500050068E0,-5.158050060E0
2.725492938E1,4.000050068E0,6.274950504E0,-2.056950092E0
2.725737277E1,6.229050159E0,7.915050507E0,-1.015950084E0
2.725981616E1,7.086000443E0,7.633050442E0,-4.570950031E0
2.726225954E1,3.813000202E0,7.018050194E0,-6.277950287E0
2.726470292E1,6.820500493E-1,5.617050171E0,-3.891000271E0
2.726714631E1,1.302000046E0,5.634000301E0,2.710500062E-1
2.726958968E1,3.246000051E0,8.521050453E0,-6.300000548E-1
2.727203306E1,1.540950060E0,4.863000393E0,-3.111000061E0
2.727447667E1,1.273050070E0,6.028950214E0,-1.047000051E0
2.727692006E1,1.660950065E0,8.008950233E0,6.795000285E-2
2.727936344E1,3.330000162E0,1.049205017E1,-5.149500370E-1
2.728180684E1,4.132050037E0,1.074495029E1,-4.947000027E0
2.728425022E1,3.957000256E0,8.713050842E0,-6.697050095E0
2.728669368E1,1.294050097E0,7.165950298E0,-6.496050358E0
2.728913707E1,1.303950071E0,5.880000114E0,-4.581000328E0
2.729158044E1,5.247000217E0,5.197950363E0,-4.909050465E0
2.729402383E1,6.631050110E0,3.057000160E0,-8.574000359E0
2.729646721E1,5.980050087E0,4.879050255E0,-6.774000168E0
2.729891060E1,6.232050419E0,6.214950085E0,-4.339050293E0
2.730135398E1,7.716000557E0,7.222950459E0,-3.733050108E0
2.730379737E1,6.507000446E0,8.266950607E0,-4.948950291E0
2.730624075E1,2.422049999E0,6.874050140E0,-3.901050091E0
2.730868414E1,-1.200000010E-2,4.522950172E0,-5.250000358E-1
2.731112752E1,8.730000257E-1,6.591000080E0,2.389950037E0
2.731357114E1,1.306050062E0,8.406000137E0,6.349500418E-1
2.731601454E1,1.327950120E0,4.573050022E0,-1.066050053E0
2.731845792E1,1.038000107E0,4.777050018E0,-2.179500163E-1
2.732090131E1,1.696950078E0,8.902050018E0,-3.139500022E-1
2.732334469E1,4.194000244E0,1.183200073E1,-1.564050078E0
2.732578807E1,6.232050419E0,9.760950089E0,-5.218050480E0
2.732823153E1,7.177050114E0,7.621050358E0,-1.004700089E1
2.733067492E1,4.680000305E0,6.673050404E0,-1.065300083E1
2.733311831E1,4.711050034E0,5.386950493E0,-6.925050259E0
2.733556169E1,6.661950111E0,6.382950306E0,-3.771000147E0
2.733800507E1,7.387950420E0,6.334950447E0,-3.400050163E0
2.734044846E1,6.330000401E0,6.955050468E0,-2.730000019E0
2.734289184E1,6.526050091E0,8.157000542E0,-1.465950012E0
2.734533523E1,8.451000214E0,1.003395081E1,-2.980950117E0
2.734777861E1,6.777000427E0,9.285000801E0,-5.548050404E0
2.735022200E1,2.343000174E0,8.322000504E0,-5.677050114E0
2.735266564E1,1.480950117E0,7.425000191E0,-1.779000044E0
2.735510902E1,2.817000151E0,8.521050453E0,1.396950126E0
2.735755241E1,3.139950037E0,9.169950485E0,-3.070500195E-1
2.735999579E1,2.343000174E0,7.449000359E0,-1.267050028E0
2.736243918E1,1.624950051E0,7.398000240E0,-1.831950068E0
2.736488264E1,2.389050007E0,1.068795013E1,-1.284000039E0
2.736732602E1,5.074950218E0,1.419795036E1,-2.248950005E0
2.736976933E1,5.901000500E0,1.250295067E1,-5.341950417E0
2.737221279E1,4.873950005E0,9.847950935E0,-6.942000389E0
2.737465618E1,2.499000072E0,8.737050056E0,-6.247050285E0
2.737709956E1,3.685950279E0,8.619000435E0,-5.002050400E0
2.737954294E1,6.949950218E0,7.687950134E0,-5.347050190E0
2.738198633E1,7.579050541E0,6.441000462E0,-8.220000267E0
2.738442971E1,5.568000317E0,7.578000546E0,-7.570950508E0
2.738687310E1,6.085050106E0,8.380050659E0,-3.766950130E0
2.738931649E1,9.298950195E0,8.706000328E0,-4.990050316E0
2.739176010E1,6.586050510E0,8.361000061E0,-8.170050621E0
2.739420349E1,1.560000062E0,6.994050503E0,-6.834000111E0
2.739664687E1,7.099500299E-1,5.716950417E0,-1.570950031E0
2.739909026E1,3.685950279E0,7.803000450E0,2.191950083E0
2.740153364E1,3.873000145E0,7.255050182E0,1.119000077E0
2.740397703E1,1.648950100E0,3.073950052E0,-2.110050201E0
2.740642041E1,3.622050285E0,4.657050133E0,-9.940500259E-1
2.740886387E1,5.980050087E0,7.228050232E0,-4.291050434E0
2.741130725E1,7.053000450E0,8.916000366E0,-6.274050236E0
2.741375064E1,6.652950287E0,8.617050171E0,-7.408050537E0
2.741619402E1,4.527000427E0,8.595000267E0,-8.323050499E0
2.741863741E1,1.444950104E0,8.305950165E0,-8.766000748E0
2.742108079E1,4.773000240E0,6.948000431E0,-8.163000107E0
2.742352418E1,9.057000160E0,4.762050152E0,-8.617950439E0
2.742596756E1,7.924050331E0,5.206950188E0,-8.397000313E0
2.742841095E1,4.783050060E0,4.993950367E0,-3.429000139E0
2.743085456E1,6.421050072E0,6.727950096E0,-5.539500117E-1
2.743329795E1,8.455950737E0,8.445000648E0,-1.609050035E0
2.743574133E1,7.716000557E0,8.575950623E0,-3.910050154E0
2.743818471E1,2.911050081E0,7.405050278E0,-3.943950176E0
2.744062810E1,1.069050074E0,8.200050354E0,-1.959000111E0
2.744307148E1,2.496000051E0,1.070700073E1,-3.192000151E0
2.744551487E1,4.347000122E0,9.532050133E0,-6.706950188E0
2.744795823E1,2.317050219E0,7.800000191E0,-4.959000111E0
2.745040169E1,1.066950083E0,8.739000320E0,-4.530000091E-1
2.745284508E1,2.671050072E0,1.153305054E1,2.239500135E-1
2.745528846E1,4.702050209E0,1.234695053E1,-2.545950174E0
2.745773185E1,5.386050224E0,1.089405060E1,-5.272950172E0
2.746017523E1,2.596950054E0,8.670000076E0,-7.363050461E0
2.746261862E1,8.299500346E-1,7.563000202E0,-5.497950077E0
2.746506200E1,3.540000200E0,7.518000126E0,-4.024950027E0
2.746750539E1,5.833950043E0,6.961950302E0,-6.361950397E0
2.746994900E1,5.662050247E0,5.859000206E0,-6.930000305E0
2.747239237E1,4.642050266E0,5.227050304E0,-3.999000072E0
2.747483576E1,7.849950314E0,6.826050282E0,-2.122050047E0
2.747727914E1,8.346000671E0,7.561050415E0,-4.918050289E0
2.747972253E1,4.588950157E0,5.422950268E0,-4.204950333E0
2.748216599E1,1.989000082E0,5.229000092E0,-9.105000645E-2
2.748460930E1,2.209050179E0,6.826050282E0,1.693950057E0
2.748705276E1,3.399000168E0,9.615000725E0,1.765950084E0
2.748949607E1,1.861950040E0,7.486950397E0,-1.156949997E0
2.749193953E1,1.290000081E0,5.422950268E0,-1.404000044E0
2.749438291E1,1.588950038E0,8.715000153E0,-2.881050110E0
2.749682629E1,4.383000374E0,1.118100071E1,-3.522000074E0
2.749926967E1,6.040050507E0,1.091100025E1,-5.980950356E0
2.750171306E1,6.454050541E0,9.910050392E0,-8.218050003E0
2.750415644E1,3.586050272E0,9.213000298E0,-9.568050385E0
2.750659983E1,2.239950180E0,8.416049957E0,-7.332000256E0
2.750904342E1,7.165050507E0,7.120950222E0,-6.022050381E0
2.751148681E1,9.030000687E0,6.642000198E0,-8.348999977E0
2.751393020E1,6.888000488E0,6.721050262E0,-9.001049995E0
2.751637358E1,5.604000092E0,6.610950470E0,-6.903000355E0
2.751881697E1,8.575950623E0,7.992000580E0,-5.095950127E0
2.752126035E1,8.185050011E0,6.927000523E0,-8.218050003E0
2.752370374E1,3.226950169E0,6.438000202E0,-7.711950302E0
2.752614712E1,7.060500383E-1,4.783950329E0,-1.738950133E0
2.752859051E1,2.440950155E0,5.341950417E0,1.746000051E0
2.753103397E1,4.624950409E0,8.923050880E0,1.915950060E0
2.753347735E1,3.327000141E0,7.189950466E0,7.309500575E-1
2.753592074E1,2.259000063E0,5.787000179E0,1.816050053E0
2.753836412E1,2.152050018E0,8.437050819E0,7.909500599E-1
2.754080751E1,4.771050453E0,1.249095058E1,-2.665050030E0
2.754325089E1,5.901000500E0,1.088205051E1,-6.714000225E0
2.754569427E1,4.230000019E0,7.777050495E0,-7.947000504E0
2.754813788E1,1.387950063E0,6.666000366E0,-6.597000122E0
2.755058127E1,3.528000116E0,6.214950085E0,-4.333950043E0
2.755302465E1,8.121000290E0,6.478950500E0,-6.826950550E0
2.755546804E1,8.656949997E0,4.942050457E0,-1.043505096E1
2.755791143E1,4.555950165E0,5.878050327E0,-8.854949951E0
2.756035489E1,4.194000244E0,7.353000164E0,-4.164000034E0
2.756279820E1,6.772950172E0,8.065950394E0,-4.645050049E0
2.756524166E1,4.936050415E0,7.213950157E0,-5.790000439E0
2.756768496E1,1.516950130E0,4.723950386E0,-3.574950218E0
2.757012842E1,3.679500222E-1,2.947050095E0,-5.580000281E-1
2.757257181E1,1.462050080E0,3.520050049E0,1.275000095E0
2.757501520E1,3.484950066E0,6.436050415E0,1.597950101E0
2.757745858E1,1.633950114E0,3.991050243E0,-1.180500090E-1
2.757990196E1,1.096050024E0,2.458950043E0,-2.700000070E-2
2.758234534E1,2.122950077E0,8.943000793E0,2.685000181E0
2.758478873E1,4.939050198E0,1.441605091E1,1.255950093E0
2.758723234E1,4.453050137E0,1.032405090E1,-1.837050080E0
2.758967573E1,3.118950129E0,6.574950218E0,-4.353000164E0
2.759211911E1,1.912050128E0,5.350950241E0,-4.186050415E0
2.759456250E1,3.868050098E0,6.571950436E0,-4.966050148E0
2.759700588E1,8.571000099E0,6.055050373E0,-8.419050217E0
2.759944927E1,8.863050461E0,4.081950188E0,-1.209195042E1
2.760189265E1,4.327950001E0,6.577050209E0,-9.211050034E0
2.760433605E1,6.136050224E0,9.297000885E0,-2.950050116E0
2.760677944E1,8.686050415E0,1.078395081E1,-5.791950226E0
2.760922289E1,4.876049995E0,1.000605011E1,-5.505000114E0
2.761166628E1,1.369050026E0,8.125950813E0,-2.293950081E0
2.761410966E1,7.290000319E-1,6.843000412E0,-2.895000204E-2
2.761655305E1,2.611050129E0,8.962050438E0,2.760000229E-1
2.761899643E1,3.355950117E0,6.778050423E0,-1.921050072E0
2.762143982E1,4.085999966E0,5.787000179E0,-2.127000093E0
2.762388320E1,2.812050104E0,9.037950516E0,-1.851000071E0
2.762632681E1,4.986000061E0,1.268505096E1,-5.610000491E-1
2.762877020E1,7.207950115E0,1.404495049E1,-4.710000038E0
2.763121358E1,5.821950436E0,1.183500099E1,-8.315999985E0
2.763365697E1,1.611000061E0,9.001950264E0,-6.160950184E0
2.763610035E1,1.441050053E0,6.675000191E0,-2.557950020E0
2.763854381E1,4.792950153E0,7.498950481E0,-2.947950125E0
2.764098712E1,8.044050217E0,7.884000301E0,-7.696050167E0
2.764343058E1,9.246000290E0,5.425050259E0,-9.666000366E0
2.764587389E1,7.957950592E0,6.984000206E0,-6.706950188E0
2.764831735E1,8.716950417E0,1.044105053E1,-4.954050064E0
2.765076074E1,6.064050198E0,9.438000679E0,-6.886050224E0
2.765320414E1,2.743050098E0,7.903050423E0,-5.518950462E0
2.765564753E1,1.531950116E0,7.528050423E0,-2.020950079E0
2.765809091E1,2.293050051E0,7.563000202E0,3.030000031E-1
2.766053430E1,4.420950413E0,7.930050373E0,-3.760500252E-1
2.766297791E1,4.231950283E0,4.188000202E0,-2.377950191E0
2.766542132E1,3.001950026E0,4.305000305E0,-2.385000229E0
2.766786470E1,2.841000080E0,7.513050556E0,-1.666950107E0
2.767030808E1,5.022000313E0,9.940950394E0,-1.530000091E0
2.767275147E1,3.931050301E0,8.346000671E0,-3.529950142E0
2.767519485E1,1.500000119E0,7.006050110E0,-4.450950146E0
2.767763824E1,1.057050109E0,5.322000027E0,-3.685050249E0
2.768008163E1,6.193050385E0,5.935050488E0,-4.972950459E0
2.768252501E1,8.659049988E0,5.077950478E0,-8.656050682E0
2.768496840E1,5.587050438E0,4.113000393E0,-9.987000465E0
2.768741186E1,3.100050211E0,6.499950409E0,-5.296950340E0
2.768985525E1,5.953950405E0,7.618950367E0,-4.368000031E0
2.769229864E1,6.259950161E0,7.036950111E0,-4.969050407E0
2.769474202E1,2.188050032E0,4.591950417E0,-3.661050081E0
2.769718541E1,9.139500260E-1,3.924000263E0,-1.071000099E0
2.769962879E1,3.676950216E0,4.774050236E0,-7.710000277E-1
2.770207218E1,7.078950405E0,4.944000244E0,-4.669050217E0
2.770451579E1,4.263000011E0,3.445050240E0,-5.938050270E0
2.770695918E1,7.920000553E-1,4.434000015E0,-1.284000039E0
2.770940256E1,9.979500771E-1,6.910050392E0,1.132950068E0
2.771184597E1,1.918950081E0,1.254795074E1,1.698000073E0
2.771428935E1,2.002950191E0,1.051305008E1,1.276950002E0
2.771673274E1,1.069500074E-1,6.417000294E0,-4.630500078E-1
2.771917612E1,1.969950080E0,6.490950108E0,-1.801050067E0
2.772161958E1,4.591050148E0,7.137000561E0,-4.006050110E0
2.772406289E1,6.463950157E0,8.607000351E0,-8.365950584E0
2.772650635E1,8.737950325E0,6.952950478E0,-1.334895039E1
2.772894974E1,4.998000145E0,7.425000191E0,-1.124895096E1
2.773139312E1,6.004050255E0,1.021395016E1,-6.871950150E0
2.773383651E1,7.536000252E0,8.272050858E0,-7.813050270E0
2.773627988E1,2.653950214E0,7.135050297E0,-4.035000324E0
2.773872326E1,1.309050083E0,6.060000420E0,-2.380500138E-1
2.774116665E1,3.433050156E0,6.084000111E0,1.974000096E0
2.774361026E1,7.371000290E0,7.474950314E0,-1.044000030E0
2.774605365E1,4.930950165E0,4.767000198E0,-6.517950535E0
2.774849703E1,2.997000217E0,5.610000134E0,-2.754000187E0
2.775094041E1,2.377050161E0,8.907000542E0,-3.810000122E-1
2.775338380E1,3.283950090E0,1.350795078E1,4.890000224E-1
2.775582718E1,2.508000135E0,1.443495083E1,2.533950090E0
2.775827056E1,1.666050076E0,1.009905052E1,-4.339500070E-1
2.776071395E1,1.078950047E0,8.361000061E0,-2.716050148E0
2.776315733E1,4.687050343E0,1.088205051E1,-3.826950073E0
2.776560079E1,8.254950523E0,9.943050385E0,-8.416049957E0
2.776804418E1,8.133000374E0,8.023050308E0,-1.080600071E1
2.777048757E1,7.522050381E0,8.076000214E0,-1.219905090E1
2.777293095E1,4.113000393E0,1.193505096E1,-6.123000145E0
2.777537433E1,6.018000126E0,1.171500015E1,-5.443050385E0
2.777781772E1,3.562050104E0,9.646050453E0,-3.702000141E0
2.778026110E1,1.921950102E0,7.156050205E0,-1.123050094E0
2.778270472E1,4.294950008E0,7.908000469E0,5.610000491E-1
2.778514810E1,6.892050266E0,8.064000130E0,-4.293000221E0
2.778759149E1,5.190000057E0,4.350000381E0,-9.670950890E0
2.779003487E1,2.785950184E0,3.757050276E0,-6.690000534E0
2.779247826E1,2.515950203E0,7.233000278E0,-1.489500105E-1
2.779492164E1,3.279000044E0,1.240695095E1,2.386050224E0
2.779736503E1,2.140050173E0,1.053705025E1,-2.160000056E-1
2.779980849E1,9.640500546E-1,4.108950138E0,-4.909500182E-1
2.780225180E1,5.190000534E-1,3.205950260E0,8.580000401E-1
2.780469526E1,2.470050097E0,8.775000572E0,4.650000334E-1
2.780713864E1,8.632950783E0,5.799000263E0,-6.228000164E0
2.780958203E1,6.451950073E0,1.750500053E-1,-9.727950096E0
2.781202541E1,4.891050339E0,5.701050282E0,-8.971950531E0
2.781446880E1,8.395950317E0,8.490000725E0,-7.636050224E0
2.781691218E1,4.948050022E0,6.808950424E0,-1.133295059E1
2.781935556E1,2.050500065E-1,6.370950222E0,-6.580050468E0
2.782179918E1,1.579050064E0,4.525050163E0,-4.429500103E-1
2.782424257E1,4.052999973E0,5.956950188E0,-5.295000225E-2
2.782668595E1,6.694050312E0,8.236050606E0,-1.051950097E0
2.782912933E1,5.185050011E0,4.807950020E0,-2.601000071E0
2.783157272E1,3.178950071E0,3.202950239E0,-9.270000458E-1
2.783401610E1,4.273050308E0,1.177005100E1,6.280500293E-1
2.783645949E1,6.226950169E0,1.444200039E1,-2.280000210E0
2.783890287E1,2.863050222E0,9.229950905E0,-3.429000139E0
2.784134626E1,8.059500456E-1,7.867950439E0,-8.719500303E-1
2.784378970E1,1.471950054E0,1.142100048E1,-2.710950136E0
2.784623308E1,5.568000317E0,1.538100052E1,-2.341950178E0
2.784867647E1,5.536950111E0,9.366000175E0,-8.296950340E0
2.785111985E1,2.869950056E0,6.637050152E0,-5.431050301E0
2.785356324E1,4.759050369E0,1.084395027E1,-6.180000305E0
2.785600661E1,8.784000397E0,1.600304985E1,-7.866000175E0
2.785845022E1,5.133000374E0,9.084000587E0,-9.646950722E0
2.786089361E1,2.434050083E0,7.750050545E0,-5.050050259E0
2.786333699E1,3.682050228E0,7.923000336E0,-3.277950048E0
2.786578038E1,9.042000771E0,7.768950462E0,-4.972950459E0
2.786822376E1,6.897000313E0,3.570000172E0,-1.033395004E1
2.787066714E1,3.753000259E0,3.262950182E0,-7.744050503E0
2.787311053E1,3.220050097E0,6.655950546E0,-1.090050101E0
2.787555391E1,4.165050030E0,1.016805077E1,2.599050045E0
2.787799730E1,2.820000172E0,1.168905067E1,8.800500631E-1
2.788044068E1,1.053000093E0,7.021950245E0,-1.200000010E-2
2.788288415E1,8.010000587E-1,6.421050072E0,1.765950084E0
2.788532753E1,6.427950382E0,1.046295071E1,6.070500016E-1
2.788777092E1,7.824000359E0,7.183050156E0,-4.897050381E0
2.789021430E1,8.602050781E0,3.898050070E0,-1.132095051E1
2.789265769E1,8.725950241E0,7.951050282E0,-1.430895042E1
2.789510107E1,8.476950645E0,1.159800053E1,-1.153605080E1
2.789754468E1,3.234000206E0,1.162200069E1,-9.070050240E0
2.789998807E1,1.147950053E0,8.014050484E0,-2.512050152E0
2.790243145E1,2.049000025E0,6.739950180E0,9.010500312E-1
2.790487481E1,4.836000443E0,7.258950233E0,-7.500000298E-2
2.790731820E1,7.038000107E0,8.602950096E0,-4.810950279E0
2.790976158E1,6.274950504E0,3.852000237E0,-6.244950294E0
2.791220496E1,4.567049980E0,4.558950424E0,-2.857050180E0
2.791464835E1,5.745000362E0,1.283595085E1,-2.088000059E0
2.791709175E1,6.667050362E0,1.630994987E1,-2.014050007E0
2.791953513E1,3.552000284E0,1.296000099E1,-6.229500175E-1
2.792197852E1,1.311000109E0,1.135800076E1,-7.620000243E-1
2.792442198E1,1.618050098E0,1.102995014E1,-1.629000068E0
2.792686536E1,4.783050060E0,1.273305035E1,-4.945050240E0
2.792930875E1,3.580950260E0,6.043050289E0,-7.758000374E0
2.793175213E1,1.957950115E0,4.522950172E0,-5.413950443E0
2.793419552E1,5.761950493E0,1.012305069E1,-6.610950470E0
2.793663913E1,6.100050449E0,1.192800045E1,-8.187000275E0
2.793908252E1,2.143949986E0,6.582000256E0,-9.589950562E0
2.794152590E1,4.249500334E-1,3.448050261E0,-5.284950256E0
2.794396929E1,2.590050220E0,6.613050461E0,-2.835000038E0
2.794641267E1,5.311950207E0,6.168000221E0,-5.323050022E0
2.794885606E1,2.865000248E0,1.834050059E0,-6.441000462E0
2.795129944E1,4.590000212E-1,-1.450500041E-1,-3.720000088E-1
2.795374283E1,2.109000206E0,1.731000066E0,1.227000117E0
2.795618621E1,4.038000107E0,1.438995075E1,5.802000046E0
2.795862960E1,3.139950037E0,1.020000076E1,-3.900000080E-2
2.796107306E1,8.610000610E-1,3.067050219E0,-4.290000200E-1
2.796351644E1,2.700000107E-1,7.635000229E0,7.500000596E-1
2.796595983E1,1.450500041E-1,1.442295074E1,2.034000158E0
2.796840321E1,4.776000023E0,8.289000511E0,3.319050074E0
2.797084660E1,7.129050255E0,4.465050220E0,-6.025050163E0
2.797328998E1,1.148505020E1,8.083050728E0,-1.314795017E1
2.797573361E1,1.323495102E1,9.216000557E0,-2.108895111E1
2.797817677E1,1.789950132E0,7.987050533E0,-1.661894989E1
2.798062038E1,9.880500436E-1,7.951050282E0,-3.946050167E0
2.798306377E1,3.835050106E0,9.151050568E0,-1.128000021E0
2.798550715E1,5.731050491E0,1.091295052E1,1.879500151E-1
2.798795052E1,4.066950321E0,9.157950401E0,6.109500527E-1
2.799039390E1,2.512950182E0,4.498950005E0,8.100000620E-1
2.799283729E1,7.113000393E0,6.019050121E0,-4.600500166E-1
2.799528067E1,9.013950348E0,1.192305088E1,-4.102050304E0
2.799772406E1,5.499000072E0,9.970050812E0,-6.646950245E0
2.800016751E1,1.816050053E0,9.400050163E0,-3.466950178E0
2.800261090E1,7.630500197E-1,1.055400085E1,4.890000224E-1
2.800505429E1,3.604950190E0,1.403505039E1,-2.364000082E0
2.800749767E1,4.656000137E0,1.152795029E1,-4.393949986E0
2.800994106E1,2.428950071E0,6.712950230E0,-5.436000347E0
2.801238445E1,2.476950169E0,9.048000336E0,-4.416000366E0
2.801482806E1,6.378000259E0,1.150905037E1,-6.067950249E0
2.801727145E1,2.389050007E0,9.658050537E0,-7.815000534E0
2.801971483E1,-4.360500276E-1,5.629050255E0,-3.015000105E0
2.802215821E1,1.564950109E0,4.153950214E0,5.490000248E-1
2.802460161E1,5.722050190E0,9.390000343E0,-5.595000088E-2
2.802704500E1,6.436950207E0,7.422000408E0,-4.537950039E0
2.802948838E1,2.452950001E0,1.836000085E0,-4.012950420E0
2.803193177E1,4.048050404E0,2.659950018E0,3.310500085E-1
2.803437515E1,5.929950237E0,1.033800030E1,4.800000191E-1
2.803681855E1,4.893000126E0,1.123905087E1,2.950500250E-1
2.803926193E1,2.692950010E0,6.627000332E0,-7.669500113E-1
2.804170540E1,3.919500113E-1,5.629050255E0,-5.200500488E-1
2.804414878E1,1.678050041E0,1.103295040E1,5.590500236E-1
2.804659217E1,3.727050066E0,1.206495094E1,-4.948950291E0
2.804903555E1,2.761950016E0,3.603000164E0,-6.706950188E0
2.805147894E1,1.966950059E0,4.609050274E0,-5.746950150E0
2.805392255E1,7.467000484E0,9.346950531E0,-6.252000332E0
2.805636570E1,4.600950241E0,8.145000458E0,-9.496050835E0
2.805880932E1,-4.429500103E-1,4.884000301E0,-5.565000057E0
2.806125272E1,-2.149500102E-1,3.831000090E0,-7.470000386E-1
2.806369610E1,4.381050110E0,9.352050781E0,1.162050009E0
2.806613949E1,6.082950115E0,9.013950348E0,-3.244950056E0
2.806858287E1,3.078000069E0,1.992000103E0,-4.024950027E0
2.807102626E1,3.508950233E0,1.920000076E0,-9.340500236E-1
2.807346962E1,5.154000282E0,9.175050735E0,-1.095000029E0
2.807591301E1,4.354050159E0,1.093200016E1,-3.582000256E0
2.807835647E1,1.275000095E0,6.523950100E0,-4.164000034E0
2.808079985E1,-1.270500124E-1,6.844950199E0,2.449500114E-1
2.808324324E1,1.912050128E0,1.074300098E1,-5.890500546E-1
2.808568662E1,5.350050449E0,9.771000862E0,-5.160000324E0
2.808813001E1,6.150000095E0,3.294000149E0,-9.523050308E0
2.809057362E1,5.113050461E0,3.373050213E0,-7.582950592E0
2.809301701E1,7.857000351E0,7.233000278E0,-6.939000130E0
2.809546039E1,3.715050220E0,6.334950447E0,-1.000905037E1
2.809790378E1,-2.800500095E-1,3.160050154E0,-7.702950478E0
2.810034717E1,-4.260000288E-1,2.188050032E0,-2.095050097E0
2.810279055E1,3.622050285E0,5.185950279E0,-1.207050085E0
2.810523394E1,6.720000267E0,5.679000378E0,-3.727950096E0
2.810767732E1,3.291000128E0,2.416050196E0,-4.427999973E0
2.811012069E1,2.085000038E0,-1.860000044E-1,1.489500105E-1
2.811256408E1,4.720950127E0,5.148000240E0,1.417950034E0
2.811500746E1,5.896050453E0,1.437495041E1,4.410000145E-1
2.811745092E1,3.817950249E0,6.799950123E0,-1.183050036E0
2.811989431E1,6.859500408E-1,4.798050404E0,3.190500140E-1
2.812233769E1,3.231000185E0,1.265895081E1,1.618950129E0
2.812478108E1,4.644000053E0,1.327395058E1,-3.690000057E0
2.812722446E1,6.172050476E0,7.117950439E0,-4.468050003E0
2.812966784E1,7.117050171E0,7.209000111E0,-7.140000343E0
2.813211146E1,1.163805008E1,1.138200092E1,-8.389950752E0
2.813455462E1,1.128105068E1,1.218195057E1,-1.186695099E1
2.813699823E1,4.302000046E0,6.598950386E0,-7.849050522E0
2.813944162E1,5.310000181E-1,6.370950222E0,-1.087050080E0
2.814188500E1,4.138950348E0,1.142100048E1,3.481950283E0
2.814432838E1,7.789950371E0,1.724805069E1,-2.917050123E0
2.814677177E1,4.528950214E0,8.689050674E0,-3.477000237E0
2.814921515E1,2.953950167E0,5.599950314E0,-1.344000101E0
2.815165854E1,5.544000149E0,1.067100048E1,-1.750500053E-1
2.815410192E1,7.057950497E0,1.534500027E1,-1.140000105E0
2.815654540E1,4.052999973E0,1.336500072E1,-1.525950074E0
2.815898878E1,1.363950014E0,7.848000526E0,6.105000153E-2
2.816143217E1,6.529500484E-1,8.209950447E0,-8.790000677E-1
2.816387555E1,1.633950114E0,1.593900108E1,2.880000174E-1
2.816631894E1,1.138950109E0,9.654000282E0,-4.765050411E0
2.816876254E1,5.400000140E-2,2.392050028E0,-8.740500212E-1
2.817120592E1,1.996050119E0,6.213000298E0,-9.610500336E-1
2.817364931E1,4.690050125E0,1.435095024E1,-5.634000301E0
2.817609269E1,2.938950062E0,8.773050308E0,-8.728050232E0
2.817853608E1,-3.210000098E-1,3.973950148E0,-2.617050171E0
2.818097947E1,4.005000368E-2,4.378950119E0,1.255950093E0
2.818342286E1,2.206950188E0,1.448100090E1,-1.408050060E0
2.818586624E1,2.341050148E0,5.902050495E0,-5.280000210E0
2.818830962E1,2.220000178E-1,1.990500093E-1,-4.819500148E-1
2.819075301E1,4.699050426E0,4.089000225E0,-1.626000047E0
2.819319647E1,1.037400055E1,1.294095039E1,-2.050050020E0
2.819563986E1,5.355000019E0,8.325000763E0,-9.207000732E0
2.819808324E1,2.100000083E-1,5.197950363E0,-1.000395012E1
2.820052662E1,-1.111050010E0,5.710050106E0,-5.002050400E0
2.820297000E1,4.735050201E0,8.782050133E0,-4.264950275E0
2.820541339E1,6.064050198E0,3.820950270E0,-7.641000271E0
2.820785677E1,4.575000286E0,9.580500722E-1,-8.814000130E0
2.821030039E1,7.852050304E0,3.982050180E0,-4.972950459E0
2.821274354E1,9.532950401E0,7.374000549E0,-5.170050144E0
2.821518714E1,3.495000124E0,5.719950199E0,-6.742950439E0
2.821763053E1,-1.650000066E-1,6.960000515E0,-1.954050064E0
2.822007392E1,3.310050249E0,7.410000324E0,1.768050075E0
2.822251730E1,7.503000259E0,9.570000648E0,-3.688050270E0
2.822496069E1,5.346000195E0,4.330950260E0,-6.829050541E0
2.822740408E1,2.170950174E0,1.149000049E0,-3.369000196E0
2.822984746E1,2.808000088E0,5.725050449E0,2.310000062E-1
2.823229092E1,5.446050167E0,1.165800095E1,-1.429950118E0
2.823473431E1,5.596950054E0,8.278950691E0,-5.062050343E0
2.823717769E1,1.765950084E0,4.048950195E0,-2.802000046E0
2.823962107E1,2.215950012E0,1.040100002E1,-1.866000056E0
2.824206446E1,8.455950737E0,1.377405071E1,-6.819000244E0
2.824450784E1,6.294000149E0,8.998050690E0,-9.738000870E0
2.824695145E1,2.716950178E0,5.856000423E0,-5.179050446E0
2.824939461E1,2.568000078E0,7.762050152E0,-1.855950117E0
2.825183821E1,7.014000416E0,1.038600063E1,-4.015950203E0
2.825428160E1,2.683050156E0,7.669050217E0,-7.288950443E0
2.825672498E1,4.905000329E-2,6.001950264E0,-1.834950089E0
2.825916836E1,3.133050203E0,8.128950119E0,1.200000048E0
2.826161175E1,7.936050415E0,9.910050392E0,-3.529950142E0
2.826405514E1,5.902950287E0,6.187050343E0,-4.582950115E0
2.826649852E1,5.638050079E0,3.922050238E0,-1.686000109E0
2.826894191E1,5.439000130E0,6.808950424E0,-2.850000262E-1
2.827138537E1,6.088050365E0,1.155495071E1,-3.502950191E0
2.827382875E1,3.139950037E0,8.746050835E0,-7.558950424E0
2.827627214E1,1.024049997E0,8.470950127E0,-4.866000175E0
2.827871552E1,2.173050165E0,1.133895016E1,-6.250500083E-1
2.828115891E1,6.634050369E0,1.288605022E1,-2.284950018E0
2.828360229E1,6.175950527E0,9.409049988E0,-4.969050407E0
2.828604568E1,5.476950169E0,7.633050442E0,-5.251050472E0
2.828848906E1,6.937950134E0,1.040805054E1,-4.618950367E0
2.829093245E1,6.241050243E0,1.104705048E1,-7.614000320E0
2.829337606E1,8.419500589E-1,8.743950844E0,-8.292000771E0
2.829581945E1,-4.909500182E-1,5.278950214E0,-2.143050194E0
2.829826283E1,1.989000082E0,6.673050404E0,1.311000109E0
2.830070622E1,5.391000271E0,1.480395031E1,6.829500198E-1
2.830314960E1,4.219950199E0,8.542950630E0,-2.752050161E0
2.830559298E1,2.920050144E0,3.535950184E0,-1.473000050E0
2.830803637E1,3.837000132E0,8.008950233E0,-1.152000070E0
2.831047983E1,4.564949989E0,1.312500095E1,-2.078999996E0
2.831292322E1,2.212050200E0,1.165095043E1,-3.568050146E0
2.831536660E1,6.670500040E-1,7.024950504E0,-1.890000105E0
2.831780998E1,1.350000024E0,6.486000538E0,2.223000050E0
2.832025337E1,4.393050194E0,1.129095078E1,-1.984950066E0
2.832269675E1,5.767050266E0,7.999050617E0,-9.022050858E0
2.832514036E1,7.647000313E0,4.000950336E0,-1.042005062E1
2.832758352E1,9.271950722E0,8.928000450E0,-7.624050140E0
2.833002713E1,6.190950394E0,1.107300091E1,-9.147000313E0
2.833247052E1,1.474050045E0,9.168000221E0,-9.043950081E0
2.833491390E1,3.495000303E-2,6.436050415E0,-3.106050253E0
2.833735729E1,1.408950090E0,7.240050316E0,1.239000082E0
2.833980067E1,4.896000385E0,1.052805042E1,5.730000138E-1
2.834224406E1,4.213050365E0,5.008950233E0,-4.198050022E0
2.834468744E1,6.009000301E0,3.163050175E0,-3.135000229E0
2.834713083E1,9.342000008E0,7.381050587E0,-2.608050108E0
2.834957428E1,6.880050182E0,1.266105080E1,-5.170050144E0
2.835201766E1,1.951050043E0,1.114500046E1,-8.598000526E0
2.835446105E1,-3.370500207E-1,9.229950905E0,-5.191050053E0
2.835690443E1,1.210500076E-1,9.742050171E0,-2.854050159E0
2.835934782E1,3.667050123E0,9.679950714E0,-4.969050407E0
2.836179120E1,6.330000401E0,5.221950054E0,-7.969050407E0
2.836423459E1,6.997950554E0,2.866050243E0,-5.637000084E0
2.836667797E1,8.743050575E0,5.938050270E0,-2.062050104E0
2.836912135E1,9.234000206E0,9.546000481E0,-3.858000278E0
2.837156497E1,2.563050032E0,7.060950279E0,-6.280950069E0
2.837400835E1,-4.995000362E-2,6.979050159E0,-2.340000153E0
2.837645174E1,1.953000069E0,1.004205036E1,1.162050009E0
2.837889512E1,3.187950134E0,9.838050842E0,-2.244000196E0
2.838133851E1,1.381050110E0,5.026050091E0,-3.673050165E0
2.838378191E1,1.069500074E-1,2.811000109E0,-6.280500293E-1
2.838622530E1,9.949500561E-1,5.482950211E0,-6.060000062E-1
2.838866876E1,5.134950161E0,1.447800064E1,3.061050177E0
2.839111214E1,3.543000221E0,1.165095043E1,-9.370500445E-1
2.839355553E1,6.960000396E-1,4.630050182E0,1.500000060E-2
2.839599891E1,-5.599500537E-1,1.043205070E1,-2.968950033E0
2.839844230E1,5.341050148E0,1.773195076E1,4.095000267E0
2.840088568E1,5.602050304E0,1.128405094E1,-6.120000362E0
2.840332930E1,2.566050053E0,4.756950378E0,-4.107000351E0
2.840577245E1,8.539950371E0,9.517050743E0,-6.187050343E0
2.840821606E1,9.174000740E0,1.314000034E1,-9.652050018E0
2.841065922E1,1.941000104E0,8.646000862E0,-1.266900063E1
2.841310283E1,-5.740500093E-1,7.504050255E0,-4.530000210E0
2.841554622E1,2.355000019E0,9.931050301E0,1.617000103E0
2.841798960E1,5.860050201E0,1.397505093E1,4.200000316E-2
2.842043297E1,3.310050249E0,7.024950504E0,-1.686000109E0
2.842287635E1,3.640950203E0,4.711950302E0,-1.629000068E0
2.842531973E1,5.355000019E0,1.036695004E1,-1.350000054E-1
2.842776319E1,6.250950336E0,1.372905064E1,-2.962050200E0
2.843020658E1,2.887050152E0,1.140600014E1,-3.757050276E0
2.843264997E1,9.469500184E-1,8.641050339E0,-1.815000057E0
2.843509336E1,8.160000443E-1,9.709050179E0,2.040000111E-1
2.843753674E1,2.212050200E0,1.119600010E1,-4.018050194E0
2.843998012E1,3.969000101E0,4.389000416E0,-6.760050297E0
2.844242351E1,3.556950092E0,2.101950169E0,-7.222050190E0
2.844486689E1,6.828000546E0,5.581050396E0,-5.221950054E0
2.844731028E1,6.993000507E0,6.996000290E0,-7.774950504E0
2.844975366E1,1.606050134E0,4.879050255E0,-7.810950279E0
2.845219728E1,2.295000106E-2,4.305000305E0,-2.830500007E-1
2.845464066E1,9.090000391E-1,9.381000519E0,4.223999977E0
2.845708404E1,2.149049997E0,9.316050529E0,6.979500055E-1
2.845952743E1,8.110500574E-1,2.443950176E0,-3.865050077E0
2.846197081E1,2.355000019E0,2.473050117E0,-1.071000099E0
2.846441420E1,4.795050144E0,7.338000298E0,1.171950102E0
2.846685766E1,5.974950314E0,1.024695015E1,-1.047000051E0
2.846930106E1,3.085050106E0,7.111050129E0,-2.184000015E0
2.847174445E1,8.040000200E-1,7.585050583E0,-4.630500078E-1
2.847418783E1,3.078000069E0,1.115205097E1,-3.139500022E-1
2.847663122E1,5.404950142E0,1.288605022E1,-6.982050419E0
2.847907460E1,5.983050346E0,8.332050323E0,-8.199000359E0
2.848151821E1,7.330050468E0,6.208050251E0,-7.498950481E0
2.848396137E1,1.037400055E1,1.008495045E1,-8.863950729E0
2.848640498E1,5.619000435E0,1.119300079E1,-1.265400028E1
2.848884814E1,-2.730000019E-1,8.083050728E0,-7.690950394E0
2.849129175E1,2.392950058E0,8.808000565E0,-4.459500313E-1
2.849373514E1,7.792950153E0,1.240695095E1,-1.426950097E0
2.849617852E1,6.673950195E0,8.121000290E0,-5.995950222E0
2.849862191E1,2.631000042E0,5.052000046E0,-6.633000374E0
2.850106529E1,3.733950138E0,6.583950520E0,-2.656050205E0
2.850350875E1,6.600000381E0,1.014000034E1,-1.055999994E0
2.850595214E1,4.975050449E0,1.093200016E1,-3.036000252E0
2.850839552E1,1.879050136E0,8.248050690E0,-2.052000046E0
2.851083891E1,1.752000093E0,1.080105019E1,2.926950216E0
2.851328229E1,2.698050022E0,1.525200081E1,4.579500258E-1
2.851572568E1,2.584950209E0,1.153995037E1,-3.364050150E0
2.851816906E1,3.895050287E0,8.779950142E0,-3.642000198E0
2.852061244E1,5.560950279E0,9.316050529E0,-5.044950008E0
2.852305583E1,6.538050175E0,1.132005024E1,-6.946050167E0
2.852549944E1,2.382000208E0,9.970050812E0,-8.778000832E0
2.852794285E1,4.560000300E-1,7.549050331E0,-1.947000146E0
2.853038623E1,1.162950039E0,9.907050133E0,2.605950117E0
2.853282962E1,2.767050028E0,1.323300076E1,4.219500124E-1
2.853527300E1,2.311950207E0,8.368050575E0,-3.028950214E0
2.853771638E1,6.120000482E-1,2.650050163E0,-1.882050037E0
2.854015976E1,1.251000047E0,4.459950447E0,-8.190000653E-1
2.854260322E1,5.755050182E0,1.244505024E1,-1.324950099E0
2.854504661E1,2.977950096E0,1.094700050E1,-4.890000224E-1
2.854748999E1,7.320000529E-1,2.205000162E0,-1.413000107E0
2.854993338E1,1.431000113E0,5.064000130E0,-1.630500108E-1
2.855237676E1,3.751050234E0,1.255305099E1,-7.519500256E-1
2.855482015E1,2.905950069E0,4.872000217E0,-7.722000599E0
2.855726353E1,4.906949997E0,1.587000132E0,-9.180000305E0
2.855970714E1,7.108050346E0,5.856000423E0,-6.666000366E0
2.856215030E1,5.097000122E0,6.007050514E0,-9.142050743E0
2.856459368E1,-4.570500255E-1,4.336050034E0,-7.666950226E0
2.856703707E1,-1.020000100E0,4.003050327E0,-1.071000099E0
2.856948068E1,2.410050154E0,4.084949970E0,1.026000023E0
2.857192407E1,4.717950344E0,5.157000065E0,-2.469000101E0
2.857436746E1,4.773000240E0,2.710050106E0,-4.822950363E0
2.857681082E1,4.966950417E0,1.429050088E0,-2.092950106E0
2.857925420E1,6.265050411E0,7.243050575E0,-1.260000110E0
2.858169766E1,7.126950264E0,8.466000557E0,-5.176950455E0
2.858414105E1,3.097050190E0,5.185950279E0,-2.562000036E0
2.858658444E1,8.040000200E-1,6.055050373E0,1.192950010E0
2.858902782E1,3.058950186E0,9.594000816E0,1.083000064E0
2.859147120E1,5.647050381E0,8.758049965E0,-5.428050041E0
2.859391459E1,5.674050331E0,4.615950108E0,-6.309000492E0
2.859635797E1,8.259000778E0,5.362950325E0,-7.432050228E0
2.859880136E1,1.096305084E1,7.678050518E0,-9.630000114E0
2.860124475E1,3.768000126E0,6.967050552E0,-1.315500069E1
2.860368836E1,2.820000052E-1,6.103050232E0,-3.697050095E0
2.860613175E1,1.381050110E0,7.048950195E0,1.785000086E0
2.860857513E1,4.165050030E0,1.223700047E1,-1.009500027E-1
2.861101852E1,3.514050245E0,8.563950539E0,-2.115000010E0
2.861346190E1,1.062000036E0,3.189000130E0,-9.940500259E-1
2.861590529E1,2.833950043E0,4.755000114E0,-3.910500109E-1
2.861834867E1,6.985950470E0,1.122705078E1,-2.293950081E0
2.862079213E1,5.764950275E0,8.919000626E0,-6.526950359E0
2.862323552E1,1.462050080E0,4.270950317E0,-3.798000097E0
2.862567890E1,2.037000179E0,6.943050385E0,2.710500062E-1
2.862812228E1,6.265050411E0,1.297500038E1,-2.160000086E0
2.863056567E1,5.475000381E0,9.168000221E0,-6.034050465E0
2.863300905E1,5.494050026E0,6.442950249E0,-4.356000423E0
2.863545244E1,9.223950386E0,8.479949951E0,-6.570000172E0
2.863789582E1,6.864000320E0,9.295050621E0,-7.971000195E0
2.864033920E1,2.700000107E-1,8.011050224E0,-6.264000416E0
2.864278259E1,7.939500213E-1,5.884950161E0,4.890000224E-1
2.864522597E1,3.859050274E0,7.987050533E0,1.207950115E0
2.864766959E1,6.105000496E0,1.195500088E1,-1.843950033E0
2.865011297E1,3.196050167E0,6.898050308E0,-4.162050247E0
2.865255636E1,1.603050113E0,5.368050098E0,-2.862000227E0
2.865499974E1,3.636000156E0,1.111200047E1,-1.516050100E0
2.865744313E1,6.081000328E0,1.642200089E1,-1.483050108E0
2.865988659E1,3.318000078E0,1.193505096E1,-1.807950139E0
2.866232996E1,1.527000070E0,6.874050140E0,4.369500279E-1
2.866477335E1,4.251000404E0,1.148295021E1,6.349500418E-1
2.866721673E1,6.658050537E0,1.548405075E1,-7.542000294E0
2.866966012E1,5.367000103E0,7.959000587E0,-6.553950310E0
2.867210350E1,5.793000221E0,6.000000477E0,-6.250050068E0
2.867454689E1,8.980050087E0,1.086300087E1,-7.195050240E0
2.867699027E1,4.660950184E0,1.038405037E1,-9.444000244E0
2.867943366E1,7.560000420E-1,7.663950443E0,-3.622950077E0
2.868187727E1,1.909950137E0,6.952950478E0,1.758000135E0
2.868432069E1,4.705950260E0,1.076205063E1,2.103000164E0
2.868676408E1,2.329050064E0,8.967000008E0,-2.397000074E0
2.868920746E1,1.246950030E0,4.065000057E0,-2.473950148E0
2.869165084E1,2.784000158E0,4.999050140E0,-8.770500422E-1
2.869409423E1,5.896050453E0,1.059000015E1,-1.234050035E0
2.869653762E1,3.469050169E0,1.019700050E1,-3.019950151E0
2.869898108E1,1.417050123E0,6.414000511E0,-2.026050091E0
2.870142446E1,8.920500278E-1,6.711000443E0,7.840500474E-1
2.870386785E1,2.647050142E0,1.281405067E1,-2.809050083E0
2.870631123E1,3.895050287E0,9.136950493E0,-7.392000198E0
2.870875462E1,3.673950195E0,5.820000172E0,-8.280000687E0
2.871119800E1,8.808000565E0,8.320050240E0,-7.236000538E0
2.871364139E1,6.796950340E0,9.699000359E0,-9.874950409E0
2.871608477E1,-1.789500117E-1,9.466950417E0,-7.428000450E0
2.871852816E1,-3.690000176E-1,6.697050095E0,-6.300000548E-1
2.872097153E1,3.478050232E0,7.531950474E0,1.098000050E0
2.872341491E1,8.635050774E0,8.719950676E0,-3.895950079E0
2.872585853E1,6.394050121E0,3.567000151E0,-9.228000641E0
2.872830191E1,6.045000076E0,3.067050219E0,-4.648050308E0
2.873074530E1,9.322950363E0,6.168000221E0,-2.827950239E0
2.873318868E1,6.454050541E0,1.067100048E1,-3.994050264E0
2.873563207E1,2.604000092E0,8.581050873E0,-5.127000332E0
2.873807553E1,6.289500594E-1,7.192050457E0,-2.313000202E0
2.874051891E1,3.262950182E0,1.114305019E1,-2.155050039E0
2.874296230E1,6.241050243E0,1.088205051E1,-7.188000202E0
2.874540568E1,5.628000259E0,5.682000160E0,-8.517000198E0
2.874784907E1,7.563000202E0,5.980950356E0,-5.356050491E0
2.875029245E1,9.643050194E0,8.101950645E0,-4.810950279E0
2.875273584E1,4.219950199E0,7.615950584E0,-8.428050041E0
2.875517922E1,-7.710000277E-1,6.481050491E0,-4.717050076E0
2.875762260E1,1.438050032E0,6.253950119E0,9.180000424E-1
2.876006622E1,6.174000263E0,8.836950302E0,-1.023000002E0
2.876250960E1,6.402000427E0,8.381999969E0,-4.189949989E0
2.876495299E1,1.656000137E0,4.108950138E0,-1.165950060E0
2.876739637E1,9.979500771E-1,5.230950356E0,9.319500327E-1
2.876983977E1,4.788000107E0,1.390800095E1,6.109500527E-1
2.877228316E1,3.303000212E0,1.280700016E1,-1.573950052E0
2.877472654E1,8.850000501E-1,3.844950199E0,-1.171050072E0
2.877717000E1,2.719500065E-1,4.863000393E0,-1.099050045E0
2.877961339E1,4.942950249E0,1.522995090E1,7.309500575E-1
2.878205678E1,3.148050070E0,9.790050507E0,-7.060950279E0
2.878450016E1,2.974950075E0,3.712950230E0,-3.147000074E0
2.878694355E1,5.985000134E0,8.386950493E0,-5.782950401E0
2.878938693E1,8.962950706E0,9.067049980E0,-1.049895096E1
2.879183033E1,1.906950116E0,5.899050236E0,-1.428195095E1
2.879427371E1,-1.044000030E0,2.590950012E0,-6.610950470E0
2.879671709E1,2.947050095E0,4.803000450E0,-2.344050169E0
2.879916048E1,5.841000080E0,5.695950508E0,-4.237950325E0
2.880160386E1,1.965000153E0,1.293000102E0,-5.857050419E0
2.880404748E1,1.177050114E0,1.381050110E0,-6.000000238E-2
2.880649087E1,2.245050192E0,6.936000347E0,1.260000110E0
2.880893425E1,3.664950132E0,9.898050308E0,1.191000104E0
2.881137764E1,2.311950207E0,5.373000145E0,-2.529000044E0
2.881382102E1,1.789950132E0,2.272050142E0,1.102050066E0
2.881626442E1,5.161050320E0,7.333950520E0,1.792050123E0
2.881870788E1,7.402050495E0,1.037205029E1,-5.064000130E0
2.882115127E1,7.393050194E0,3.294000149E0,-1.042005062E1
2.882359465E1,8.524950027E0,5.254950047E0,-9.420000076E0
2.882603804E1,9.993000031E0,8.998050690E0,-7.063950539E0
2.882848142E1,4.021950245E0,9.709050179E0,-9.645000458E0
2.883092481E1,-1.840500087E-1,9.148050308E0,-2.674950123E0
2.883336819E1,1.072050095E0,6.346950531E0,1.165050030E0
2.883581157E1,2.812050104E0,1.079595089E1,-2.179500163E-1
2.883825496E1,3.526050091E0,1.155495071E1,-4.027950287E0
2.884069857E1,3.990000248E0,6.517050266E0,-3.931950092E0
2.884314196E1,4.765950203E0,5.956950188E0,-4.006050110E0
2.884558534E1,7.738050461E0,1.195500088E1,-5.088000298E0
2.884802873E1,9.298950195E0,1.592205048E1,-4.861050129E0
2.885047211E1,3.823050261E0,1.168395042E1,-3.979950190E0
2.885291549E1,2.037000179E0,9.828000069E0,1.584000111E0
2.885535888E1,6.387000084E0,1.603905106E1,-3.760500252E-1
2.885780234E1,4.177050114E0,1.676895142E1,-4.449000359E0
2.886024572E1,3.535950184E0,9.342000008E0,-4.369950294E0
2.886268911E1,3.793950081E0,8.722050667E0,-6.175050259E0
2.886513250E1,5.725950241E0,1.279695034E1,-6.757050514E0
2.886757589E1,2.166000128E0,1.155705070E1,-7.351050377E0
2.887001927E1,1.069500074E-1,6.306000233E0,-2.395050049E0
2.887246266E1,1.441050053E0,4.306950092E0,9.900000691E-1
2.887490604E1,3.544950247E0,9.448050499E0,9.990000725E-1
2.887734939E1,1.599000096E0,7.540050507E0,-2.407050133E0
2.887979278E1,4.729500115E-1,2.533050060E0,-2.280000210E0
2.888223616E1,3.600000143E0,4.027050018E0,-4.510500133E-1
2.888467978E1,5.973000050E0,9.502950668E0,-3.379500210E-1
2.888712316E1,3.174000263E0,9.088950157E0,-8.860500455E-1
2.888956654E1,1.074000001E0,4.539000034E0,4.650000334E-1
2.889200993E1,1.057050109E0,8.466000557E0,5.520000458E-1
2.889445331E1,3.957000256E0,1.278795052E1,8.940000534E-1
2.889689677E1,1.186950088E0,7.116000175E0,1.153050065E0
2.889934016E1,1.309050083E0,5.116050243E0,-9.100500345E-1
2.890178356E1,9.178950310E0,7.474950314E0,-8.433000565E0
2.890422694E1,4.825950146E0,7.465050220E0,-1.474200058E1
2.890667032E1,-1.120050073E0,4.987050056E0,-9.954000473E0
2.890911371E1,-1.365000010E0,2.602050066E0,-2.665050030E0
2.891155709E1,3.409050226E0,5.895000458E0,3.769500256E-1
2.891400048E1,5.626050472E0,8.350950241E0,-2.242050171E0
2.891644386E1,2.989950180E0,3.376050234E0,-2.968950033E0
2.891888748E1,3.162000179E0,4.357950211E0,7.840500474E-1
2.892133063E1,7.900050163E0,1.283805084E1,3.195000067E-2
2.892377425E1,6.387000084E0,1.363305092E1,-9.460500479E-1
2.892621763E1,2.223000050E0,9.376049995E0,-9.730500579E-1
2.892866102E1,1.134000063E0,9.168000221E0,1.210500076E-1
2.893110440E1,3.250950098E0,1.266795063E1,-2.038050175E0
2.893354779E1,5.080050468E0,9.820950508E0,-7.783950329E0
2.893599125E1,4.498050213E0,5.317950249E0,-5.550000191E0
2.893843463E1,7.644000530E0,8.518950462E0,-6.240000248E0
2.894087802E1,9.282000542E0,1.050600052E1,-9.726000786E0
2.894332140E1,7.650000453E-1,8.737050056E0,-1.070100021E1
2.894576479E1,-1.161000013E0,7.021950245E0,-4.602000237E0
2.894820817E1,1.906950116E0,8.278950691E0,-1.839000106E0
2.895065155E1,4.495950222E0,7.848000526E0,-4.606950283E0
2.895309494E1,2.275950193E0,2.488050222E0,-6.454950333E0
2.895553832E1,8.800500631E-1,2.148000002E0,-3.823950291E0
2.895798170E1,3.174000263E0,4.683000088E0,-4.095000029E-2
2.896042530E1,5.484000206E0,9.772950172E0,4.990500212E-1
2.896286869E1,2.176050186E0,5.872950077E0,-2.232000113E0
2.896531208E1,1.266000032E0,3.378000259E0,-7.500000298E-2
2.896775546E1,4.090500176E-1,9.357000351E0,3.784050226E0
2.897019884E1,3.243000269E0,9.960000038E0,1.102050066E0
2.897264223E1,1.363950014E0,4.057950020E0,-2.446950197E0
2.897508569E1,5.386050224E0,3.601050138E0,-1.174050093E0
2.897752908E1,1.103205013E1,6.034050465E0,-6.337950230E0
2.897997246E1,8.880000114E0,5.488050461E0,-1.267305088E1
2.898241584E1,3.688950062E0,4.336050034E0,-7.471050262E0
2.898485922E1,2.479950190E0,6.043050289E0,-5.100000501E-1
2.898730260E1,4.692000389E0,8.847000122E0,-1.437000036E0
2.898974599E1,4.824000359E0,8.385000229E0,-4.617000103E0
2.899218937E1,1.989000082E0,5.665050507E0,-3.190050125E0
2.899463276E1,1.623000026E0,7.879950523E0,8.530500531E-1
2.899707614E1,5.371950150E0,1.281195068E1,1.489500105E-1
2.899951952E1,4.282950401E0,1.186800098E1,-4.653000355E0
2.900196314E1,1.402050018E0,6.685050488E0,-2.506950140E0
2.900440652E1,1.723050117E0,8.305950165E0,2.038050175E0
2.900684991E1,7.066950321E0,1.592205048E1,7.000500560E-1
2.900929328E1,4.975050449E0,1.283100033E1,-5.862000465E0
2.901173666E1,5.463000298E0,9.164999962E0,-5.605950356E0
2.901418005E1,6.298950195E0,1.077900028E1,-6.441000462E0
2.901662351E1,9.543000221E0,1.368105030E1,-1.054695034E1
2.901906689E1,3.676950216E0,1.111905098E1,-7.806000233E0
2.902151029E1,-1.695000008E-2,8.706000328E0,-2.437950134E0
2.902395368E1,1.579050064E0,1.009395027E1,1.981050134E0
2.902639706E1,5.559000492E0,1.382205105E1,-7.879500389E-1
2.902884044E1,5.061000347E0,7.543950558E0,-4.534950256E0
2.903128384E1,3.241050243E0,4.129950047E0,-3.871950150E0
2.903372722E1,5.167950153E0,8.491950035E0,-3.075000048E0
2.903617060E1,6.025950432E0,1.120800018E1,-4.035000324E0
2.903861399E1,3.076050043E0,8.302950859E0,-2.613000154E0
2.904105760E1,1.912050128E0,5.032950401E0,7.800000161E-2
2.904350098E1,2.082000017E0,8.301000595E0,5.850000381E-1
2.904594437E1,2.857950211E0,1.332705021E1,-8.340000510E-1
2.904838775E1,1.515000105E0,6.393000126E0,-2.629050016E0
2.905083114E1,3.499950171E0,2.218950033E0,-4.650000095E0
2.905327460E1,8.620950699E0,8.538000107E0,-8.517000198E0
2.905571797E1,4.386000156E0,7.570950508E0,-1.224195099E1
2.905816136E1,1.840500087E-1,5.278950214E0,-7.375050545E0
2.906060474E1,1.287000060E0,4.972950459E0,-2.653050184E0
2.906304813E1,5.118000031E0,8.398950577E0,-1.356000066E0
2.906549151E1,5.571000099E0,6.217950344E0,-3.301950216E0
2.906793490E1,2.650050163E0,2.539950132E0,-2.280000210E0
2.907037829E1,3.492000103E0,2.965950251E0,6.090000272E-1
2.907282167E1,6.343950272E0,9.156000137E0,-2.809500098E-1
2.907526505E1,6.457050323E0,9.948000908E0,-5.488050461E0
2.907770844E1,2.259000063E0,4.537050247E0,-3.661050081E0
2.908015207E1,1.789950132E0,6.835950375E0,9.390000701E-1
2.908259546E1,4.361999989E0,1.383600044E1,-6.760500073E-1
2.908503884E1,4.342050076E0,1.314195061E1,-4.063950062E0
2.908748223E1,3.469050169E0,7.791000366E0,-3.283050060E0
2.908992561E1,4.984050274E0,9.879000664E0,-2.673000097E0
2.909236907E1,6.804000378E0,1.403505039E1,-7.759950161E0
2.909481246E1,3.313050270E0,8.830050468E0,-7.413000584E0
2.909725584E1,3.610500097E-1,7.129950523E0,-2.787000179E0
2.909969923E1,2.230950117E0,1.122000027E1,-4.480500221E-1
2.910214261E1,6.106950283E0,1.228005028E1,-2.023950100E0
2.910458600E1,2.913000107E0,7.012950420E0,-1.549950123E0
2.910702938E1,3.603000164E0,5.550000191E0,-1.119000077E0
2.910947277E1,7.117050171E0,1.007295036E1,-2.503050089E0
2.911191615E1,5.653950214E0,1.135800076E1,-6.135000229E0
2.911435953E1,1.644000053E0,7.092000484E0,-4.939950466E0
2.911680292E1,8.850000501E-1,3.498000145E0,-4.840500355E-1
2.911924653E1,2.359950066E0,8.896950722E0,-1.995000057E-2
2.912168992E1,3.105000257E0,1.409505081E1,5.659500360E-1
2.912413330E1,1.195950031E0,5.665050507E0,-7.210500240E-1
2.912657669E1,3.445050240E0,3.703950167E0,-1.798950076E0
2.912902008E1,7.591050148E0,9.129000664E0,-7.191000462E0
2.913146346E1,3.136050224E0,6.093000412E0,-1.093005085E1
2.913390692E1,-1.410000026E-1,4.345950127E0,-7.495050430E0
2.913635030E1,2.584950209E0,4.872000217E0,-2.602950096E0
2.913879369E1,6.688950539E0,5.020950317E0,-3.036000252E0
2.914123708E1,4.033950329E0,2.641050100E0,-6.316950321E0
2.914368046E1,2.845950127E0,2.125950098E0,-2.553000212E0
2.914612384E1,5.749950409E0,5.959050179E0,-1.068000078E0
2.914856723E1,7.884000301E0,8.461050034E0,-4.393949986E0
2.915101061E1,4.045950413E0,5.808000088E0,-3.565950155E0
2.915345401E1,1.657950044E0,5.715000153E0,-8.820000291E-1
2.915589740E1,6.330000401E0,8.229000092E0,-2.160000056E-1
2.915834101E1,1.007205009E1,9.691950798E0,-5.799000263E0
2.916078440E1,5.346000195E0,6.241950512E0,-8.649000168E0
2.916322778E1,5.797950268E0,6.891000271E0,-6.289950371E0
2.916567118E1,8.776950836E0,9.582000732E0,-6.592050076E0
2.916811456E1,4.885950089E0,9.406949997E0,-7.428000450E0
2.917055795E1,2.239500135E-1,8.281949997E0,-1.240950108E0
2.917300140E1,5.500500202E-1,7.984950542E0,2.874000072E0
2.917544479E1,2.785950184E0,1.426005077E1,-2.380500138E-1
2.917788819E1,3.978000164E0,1.330695057E1,-3.913050175E0
2.918033157E1,2.331000090E0,6.156000137E0,-2.347050190E0
2.918277496E1,1.912050128E0,7.551000595E0,-2.191050053E0
2.918521834E1,5.884050369E0,1.800705147E1,-3.907950163E0
2.918766172E1,5.056050301E0,1.518000031E1,-7.236000538E0
2.919010511E1,2.206950188E0,8.308050156E0,-1.387050033E0
2.919254849E1,1.821000099E0,8.737050056E0,1.746000051E0
2.919499188E1,4.564949989E0,1.666905022E1,1.021050096E0
2.919743549E1,2.970000029E0,1.357095051E1,-3.364050150E0
2.919987888E1,2.017950058E0,8.124000549E0,-1.863000035E0
2.920232228E1,5.227950096E0,1.201200104E1,-3.736050129E0
2.920476566E1,4.965000153E0,1.348905087E1,-6.657000542E0
2.920720905E1,1.057050109E0,1.082400036E1,-6.301950455E0
2.920965243E1,2.460000068E-1,6.613050461E0,-1.542000055E0
2.921209589E1,9.139500260E-1,8.875950813E0,1.777050138E0
2.921453928E1,1.498050094E0,1.131105042E1,-1.174050093E0
2.921698266E1,9.469500184E-1,4.309950352E0,-1.753050089E0
2.921942605E1,1.596000075E0,3.606000185E0,-2.089500129E-1
2.922186943E1,4.474050045E0,1.179195023E1,-1.198050022E0
2.922431281E1,5.761950493E0,1.159305096E1,-2.701050043E0
2.922675620E1,4.062000275E0,6.232050419E0,-6.319050312E0
2.922919958E1,4.860000134E0,8.418000221E0,-4.552050114E0
2.923164296E1,8.374050140E0,9.876000404E0,-4.317000389E0
2.923408635E1,7.294950485E0,8.626950264E0,-7.401000500E0
2.923652996E1,5.092050076E0,6.354000092E0,-5.725050449E0
2.923897335E1,8.358000755E0,7.528050423E0,-4.518000126E0
2.924141673E1,9.592950821E0,8.847000122E0,-6.369000435E0
2.924386012E1,2.731050014E0,8.524050713E0,-6.847950459E0
2.924630350E1,7.939500213E-1,5.731950283E0,-4.393949986E0
2.924874690E1,3.676950216E0,6.469050407E0,-1.786950111E0
2.925119036E1,7.564950466E0,7.069950104E0,-4.279050350E0
2.925363374E1,3.976050138E0,3.337950230E0,-4.483050346E0
2.925607713E1,1.998000145E0,3.727950096E0,-6.450000405E-1
2.925852051E1,4.893000126E0,6.354000092E0,0.000000000E0
2.926096391E1,5.386050224E0,9.052950859E0,-7.330500484E-1
2.926340729E1,2.547000170E0,6.874050140E0,-2.151000023E0
2.926585068E1,7.150500417E-1,5.301000118E0,8.749500513E-1
2.926829406E1,1.789950132E0,9.421050072E0,1.369500011E-1
2.927073744E1,2.479950190E0,9.948000908E0,-6.084000111E0
2.927318081E1,7.990500331E-1,5.854050159E0,-6.022050381E0
2.927562443E1,2.761950016E0,7.618950367E0,-5.325000286E0
2.927806782E1,6.619050503E0,8.209950447E0,-8.548050880E0
2.928051120E1,1.462050080E0,6.445050240E0,-7.891950607E0
2.928295458E1,-1.405050039E0,4.084949970E0,-2.088000059E0
2.928539797E1,5.550000072E-1,4.803000450E0,2.437950134E0
2.928784135E1,1.765950084E0,1.006800079E1,1.672050118E0
2.929028481E1,2.440950155E0,6.666000366E0,-1.767000079E0
2.929272820E1,1.678050041E0,3.067050219E0,8.629500270E-1
2.929517159E1,5.488950253E0,6.814050198E0,-3.570000231E-1
2.929761497E1,8.667000771E0,1.245705032E1,-3.906000137E0
2.930005835E1,5.793000221E0,8.230950356E0,-5.871000290E0
2.930250174E1,1.132050037E0,5.073000431E0,-1.711950064E0
2.930494512E1,3.349050045E0,1.051605034E1,5.560500026E-1
2.930738851E1,5.383950233E0,1.367595100E1,-3.586950064E0
2.930983189E1,5.542050362E0,6.271050453E0,-6.754950523E0
2.931227528E1,8.322000504E0,6.928950310E0,-9.379050255E0
2.931471866E1,1.034505081E1,9.661050797E0,-1.169700050E1
2.931716228E1,4.018949986E0,8.325000763E0,-1.176600075E1
2.931960566E1,-1.390500069E-1,5.356050491E0,-5.716050148E0
2.932204906E1,3.235950232E0,6.036000252E0,4.870500267E-1
2.932449244E1,6.412950516E0,9.112950325E0,-9.439500570E-1
2.932693583E1,3.471000195E0,3.180000067E0,-4.782000065E0
2.932937928E1,1.849950075E0,1.377000093E0,-2.809050083E0
2.933182267E1,5.901000500E0,4.851000309E0,-3.550500274E-1
2.933426606E1,9.784950256E0,9.151050568E0,-1.678950071E0
2.933670944E1,5.281050205E0,7.932000160E0,-1.720050097E0
2.933915282E1,2.185050011E0,4.405050278E0,3.360000253E-1
2.934159621E1,3.673950195E0,8.593050003E0,7.909500599E-1
2.934403959E1,4.006950378E0,1.238805103E1,-2.188950062E0
2.934648298E1,2.074949980E0,7.542000294E0,-4.513950348E0
2.934892636E1,2.458050013E0,6.160050392E0,-3.702000141E0
2.935136975E1,6.648000240E0,1.007505035E1,-5.446950436E0
2.935381336E1,5.590050220E0,9.790050507E0,-9.003000259E0
2.935625673E1,4.279500246E-1,7.422000408E0,-5.056950092E0
2.935870012E1,3.060000241E-1,6.493050098E0,1.255950093E0
2.936114350E1,2.094000101E0,1.320000076E1,2.101050138E0
2.936358689E1,3.931050301E0,1.298700047E1,-2.481000185E0
2.936603027E1,2.049000025E0,5.314950466E0,-1.831950068E0
2.936847375E1,1.666050076E0,5.302950382E0,6.570000052E-1
2.937091713E1,5.809950352E0,1.435605049E1,-3.393000126E0
2.937336052E1,5.836050510E0,1.631895065E1,-1.851000071E0
2.937580390E1,2.994000196E0,9.057000160E0,-1.648050070E0
2.937824729E1,2.176050186E0,8.470950127E0,-6.450000405E-1
2.938069069E1,5.776950359E0,1.790895081E1,1.581000090E0
2.938313407E1,4.773000240E0,1.712400055E1,3.940500319E-1
2.938557745E1,1.893000126E0,1.085595036E1,-6.570000052E-1
2.938802084E1,5.539950371E0,1.296000099E1,-3.463050127E0
2.939046422E1,4.539000034E0,1.413600063E1,-1.083000088E1
2.939290759E1,1.096050024E0,9.759000778E0,-8.230050087E0
2.939535121E1,9.139500260E-1,8.310000420E0,-5.187000275E0
2.939779459E1,5.212050438E0,9.520050049E0,-2.835000038E0
2.940023798E1,7.309050560E0,8.425050735E0,-8.421000481E0
2.940268136E1,4.483950138E0,4.192049980E0,-7.116000175E0
2.940512472E1,5.869950294E0,5.586000443E0,-3.469950199E0
2.940756810E1,6.945000172E0,7.441050529E0,-1.207050085E0
2.941001149E1,4.177050114E0,7.180050373E0,-5.040000439E0
2.941245495E1,1.909950137E0,4.627950191E0,-6.742950439E0
2.941489833E1,1.318050027E0,4.255050182E0,-1.831950068E0
2.941734172E1,4.800000191E0,8.241000175E0,4.030500054E-1
2.941978510E1,3.106950045E0,6.742050171E0,-1.629000068E0
2.942222849E1,1.498050094E0,3.093000174E0,-2.191050053E0
2.942467187E1,5.283000469E0,7.374000549E0,9.180000424E-1
2.942711526E1,5.491950035E0,6.862050533E0,-1.140000105E0
2.942955864E1,3.531000137E0,3.001950026E0,-3.229950190E0
2.943200203E1,1.519950032E0,2.215050220E0,-5.359050274E0
2.943444541E1,6.816000462E0,2.157000065E0,-7.545000553E0
2.943688902E1,8.776950836E0,2.779500186E-1,-9.606000900E0
2.943933241E1,5.737950325E0,-2.282999992E0,-1.019805050E1
2.944177578E1,6.598050117E0,-3.889500201E-1,-6.238050461E0
2.944421917E1,6.543000221E0,4.081950188E0,-4.984950066E0
2.944666255E1,5.401050091E0,7.930050373E0,-2.179050207E0
2.944910601E1,2.077050209E0,5.184000015E0,-3.810000122E-1
2.945154940E1,1.702050090E0,7.294950485E0,-3.600000143E-1
2.945399278E1,2.389050007E0,1.254795074E1,1.816050053E0
2.945643617E1,2.374050140E0,1.086795044E1,1.744050026E0
2.945887955E1,6.739500165E-1,7.906050205E0,1.606950045E0
2.946132294E1,3.319500089E-1,1.014705086E1,2.814000130E0
2.946376632E1,1.929000139E0,1.336995029E1,3.597000122E0
2.946620970E1,1.354050040E0,1.024695015E1,-9.390000701E-1
2.946865308E1,3.253050089E0,6.393000126E0,-2.076000214E0
2.947109647E1,6.262950420E0,9.586950302E0,-8.473950386E0
2.947353985E1,4.431000233E0,1.257000065E1,-1.309500027E1
2.947598347E1,1.323000073E0,6.826050282E0,-7.789050579E0
2.947842685E1,9.880500436E-1,4.606950283E0,-1.102050066E0
2.948087024E1,4.033950329E0,1.219905090E1,1.069050074E0
2.948331362E1,4.723050117E0,1.433205032E1,-3.333000183E0
2.948575701E1,3.109050035E0,7.021950245E0,-3.079950094E0
2.948820039E1,2.472000122E0,6.421050072E0,-2.059500068E-1
2.949064385E1,5.905950069E0,1.383405113E1,-2.452050209E0
2.949308724E1,3.457050085E0,1.157595062E1,-7.345950127E0
2.949553062E1,2.355000019E0,6.160050392E0,-3.445950270E0
2.949797401E1,7.183950424E0,1.075005054E1,-3.874050140E0
2.950041741E1,9.742050171E0,1.037400055E1,-6.754950523E0
2.950286079E1,3.706050158E0,5.761050224E0,-7.770000458E0
2.950530418E1,3.885000229E0,6.057000160E0,-4.696050167E0
2.950774756E1,9.138000488E0,7.492050171E0,-2.554950237E0
2.951019094E1,7.527000427E0,8.056950569E0,-7.321950436E0
2.951263432E1,2.319000006E0,5.251050472E0,-5.056950092E0
2.951507794E1,2.980050087E0,6.366000175E0,4.800000191E-1
2.951752132E1,6.109050274E0,8.701050758E0,1.579050064E0
2.951996471E1,5.365050316E0,9.835950851E0,-3.325950146E0
2.952240809E1,3.078000069E0,7.077000141E0,-3.051000118E0
2.952485148E1,1.723050117E0,6.814050198E0,-4.720500112E-1
2.952729494E1,4.761000156E0,1.177995014E1,-7.309500575E-1
2.952973832E1,4.405050278E0,1.117395020E1,-5.791950226E0
2.953218171E1,8.160000443E-1,5.827950478E0,-3.220950127E0
2.953462509E1,1.800000072E0,7.602000237E0,2.128950119E0
2.953706839E1,5.556000233E0,1.428900051E1,1.690500081E-1
2.953951185E1,3.298950195E0,1.235400105E1,-3.124950171E0
2.954195523E1,8.640000224E-1,7.216050148E0,-5.059500337E-1
2.954439862E1,1.998000145E0,9.093000412E0,5.400000215E-1
2.954684200E1,4.648950100E0,1.489695072E1,-3.529950142E0
2.954928539E1,4.285050392E0,1.132995033E1,-7.059000492E0
2.955172878E1,7.579500079E-1,5.386950493E0,-3.967950106E0
2.955417239E1,1.632000089E0,8.587950706E0,2.760000229E-1
2.955661578E1,4.720950127E0,1.418400097E1,-8.580000401E-1
2.955905916E1,4.309050083E0,1.113795090E1,-2.947950125E0
2.956150252E1,1.618050098E0,5.557050228E0,-6.709500551E-1
2.956394590E1,4.729950428E0,7.444050312E0,1.159500033E-1
2.956638929E1,7.230000496E0,1.339095020E1,-6.925050259E0
2.956883275E1,5.056050301E0,8.185950279E0,-7.329000473E0
2.957127613E1,1.777950048E0,4.899000168E0,-3.103050232E0
2.957371952E1,4.599000454E0,9.259050369E0,1.485000014E0
2.957616290E1,4.744950294E0,1.235700035E1,6.000000052E-3
2.957860629E1,1.138950109E0,9.747000694E0,-2.409000158E0
2.958104967E1,9.760500193E-1,8.065950394E0,-3.049500287E-1
2.958349307E1,4.579050064E0,9.840000153E0,-7.020000219E-1
2.958593645E1,6.564000130E0,1.132695007E1,-7.537950516E0
2.958837983E1,1.894950032E0,7.848000526E0,-8.589000702E0
2.959082322E1,4.420500100E-1,6.510000229E0,-2.337000132E0
2.959326660E1,2.458050013E0,8.863950729E0,1.449000120E0
2.959571023E1,4.915050030E0,1.156005096E1,-2.752050161E0
2.959815362E1,3.154950142E0,6.931050301E0,-4.222050190E0
2.960059700E1,2.350050211E0,4.687950134E0,-6.660000086E-1
2.960304039E1,6.430050373E0,8.446949959E0,7.339500189E-1
2.960548377E1,6.454050541E0,9.256050110E0,-4.425000191E0
2.960792723E1,1.977000117E0,6.694050312E0,-4.545000076E0
2.961037054E1,1.182000041E0,5.526000500E0,2.089500129E-1
2.961281400E1,3.664950132E0,1.012995052E1,1.564050078E0
2.961525731E1,2.968050241E0,1.325700092E1,-1.581000090E0
2.961770077E1,9.949500561E-1,7.522950172E0,-3.028950214E0
2.962014417E1,-1.319999993E-1,4.744950294E0,-2.160000086E0
2.962258756E1,3.661950111E0,9.486000061E0,-2.529000044E0
2.962503094E1,8.592000008E0,1.149000072E1,-8.196000099E0
2.962747433E1,3.583050251E0,5.298000336E0,-7.389000416E0
2.962991771E1,1.330050111E0,5.995050430E0,-1.204950094E0
2.963236132E1,4.747050285E0,1.015395069E1,1.584000111E0
2.963480471E1,6.801000118E0,1.121505070E1,-1.779000044E0
2.963724810E1,3.030000210E0,7.563000202E0,-4.485000134E0
2.963969148E1,1.065000057E0,6.256050110E0,-1.284000039E0
2.964213486E1,3.889950275E0,9.046050072E0,-8.940000534E-1
2.964457824E1,5.889000416E0,8.964000702E0,-5.215050220E0
2.964702170E1,2.311950207E0,6.292050362E0,-4.875000000E0
2.964946509E1,8.370000124E-1,5.749050140E0,2.449500114E-1
2.965190847E1,3.403950214E0,9.651000023E0,2.351999998E0
2.965435186E1,4.978950024E0,1.378605080E1,-1.734000087E0
2.965679524E1,1.905000091E0,7.413000584E0,-4.392000198E0
2.965923862E1,-2.080500126E-1,4.690050125E0,-4.012950420E0
2.966168201E1,2.626050234E0,8.392050743E0,-3.637050152E0
2.966412539E1,7.363950253E0,9.757050514E0,-6.942000389E0
2.966656878E1,3.753000259E0,4.366950035E0,-8.467050552E0
2.966901215E1,1.024049997E0,3.946050167E0,-3.175050259E0
2.967145554E1,3.703050137E0,6.862050533E0,8.320500255E-1
2.967389915E1,6.210000515E0,9.298950195E0,-2.052000046E0
2.967634254E1,3.235950232E0,5.242950439E0,-5.682000160E0
2.967878592E1,5.140500069E-1,3.718050241E0,-3.952950239E0
2.968122931E1,2.877000093E0,6.642000198E0,-9.439500570E-1
2.968367269E1,8.149050713E0,9.250950813E0,-4.176000118E0
2.968611608E1,5.419950485E0,4.144050121E0,-6.700050354E0
2.968855946E1,1.711050034E0,3.484050274E0,-2.670000076E0
2.969100292E1,3.034950256E0,7.744950294E0,1.651050091E0
2.969344622E1,7.102950573E0,1.097505093E1,-8.959500194E-1
2.969588967E1,4.795050144E0,7.884000301E0,-3.750000238E0
2.969833298E1,1.219950080E0,6.559950352E0,-1.009500027E-1
2.970077644E1,2.194950104E0,8.683950424E0,3.480000198E-1
2.970321983E1,5.959050179E0,1.193505096E1,-3.606000185E0
2.970566322E1,6.919050217E0,1.004895020E1,-8.067000389E0
2.970810660E1,3.781950235E0,5.631000042E0,-6.130050182E0
2.971054999E1,1.303950071E0,8.389050484E0,-1.138050079E0
2.971299360E1,4.714050293E0,1.631700134E1,-2.140500098E-1
2.971543699E1,4.134000301E0,1.469100094E1,-4.909500182E-1
2.971788038E1,2.271000147E0,9.514950752E0,-9.900000691E-2
2.972032376E1,1.086000085E0,8.800950050E0,-1.099050045E0
2.972276715E1,3.301050186E0,1.317600060E1,5.130000114E-1
2.972521053E1,5.389050484E0,1.336995029E1,-3.493950129E0
2.972765399E1,2.500950098E0,7.639950275E0,-3.159000158E0
2.973009739E1,2.131950140E0,6.184050083E0,-3.600000143E-1
2.973254077E1,3.507000208E0,1.211295033E1,7.840500474E-1
2.973498416E1,3.928050280E0,1.489200115E1,3.139950037E0
2.973742754E1,2.223000050E0,9.259050369E0,-1.417950034E0
2.973987093E1,3.130500019E-1,5.953950405E0,-4.939500093E-1
2.974231431E1,-4.570500255E-1,9.577050209E0,-3.802950144E0
2.974475769E1,1.881000042E0,1.351305103E1,1.105050087E0
2.974720107E1,1.939050078E0,1.009905052E1,2.692050219E0
2.974964446E1,4.609500170E-1,2.623950243E0,4.870500267E-1
2.975208785E1,1.120500043E-1,4.618050098E0,-4.579500258E-1
2.975453146E1,3.367950201E0,1.517505074E1,3.664050102E0
2.975697485E1,2.884050131E0,9.963000298E0,1.192950010E0
2.975941823E1,-3.180000186E-1,3.031050205E0,-2.560050011E0
2.976186162E1,3.990000188E-1,6.069000244E0,-2.955000162E0
2.976430499E1,6.715050220E0,1.369800091E1,-3.349950075E0
2.976674837E1,5.389050484E0,9.835950851E0,-1.062405014E1
2.976919183E1,3.277050257E0,4.125000000E0,-7.051950455E0
2.977163514E1,1.251000047E0,6.073950291E0,-4.959000111E0
2.977407860E1,7.584000587E0,1.070700073E1,-9.289500713E-1
2.977652190E1,7.342050552E0,1.013700008E1,-5.208000183E0
2.977896536E1,2.680950165E0,6.952950478E0,-5.692050457E0
2.978140875E1,3.030000210E0,7.582950592E0,-2.553000212E0
2.978385213E1,8.716950417E0,1.009695053E1,-3.534000158E0
2.978629552E1,9.495000839E0,9.426000595E0,-8.071949959E0
2.978873892E1,4.054950237E0,6.820950508E0,-7.285950184E0
2.979118230E1,1.813950062E0,8.269950867E0,-3.094050169E0
2.979362591E1,3.210000038E0,1.081005096E1,1.489950061E0
2.979606930E1,4.251000404E0,1.298700047E1,-3.379500210E-1
2.979851269E1,2.949000120E0,9.709050179E0,-2.200950146E0
2.980095607E1,3.298950195E0,8.761050224E0,-2.076000214E0
2.980339946E1,5.461050034E0,1.110495090E1,-4.669050217E0
2.980584291E1,7.086000443E0,1.026900005E1,-8.092950821E0
2.980828630E1,3.054000139E0,7.101000309E0,-5.542950153E0
2.981072969E1,6.259500384E-1,6.697050095E0,-2.361000061E0
2.981317306E1,1.227000117E0,6.001950264E0,1.615050077E0
2.981561644E1,3.435000181E0,9.280050278E0,4.489500225E-1
2.981805982E1,2.025000095E0,7.923000336E0,-2.530950069E0
2.982050321E1,-1.650000066E-1,6.990000606E-1,-4.540050030E0
2.982294659E1,1.705950022E0,7.780500650E-1,-4.653000355E0
2.982539000E1,6.615000248E0,7.936950207E0,-5.419050217E0
2.982783338E1,5.346000195E0,5.076000214E0,-4.522950172E0
2.983027677E1,9.469500184E-1,-2.580000162E-1,-2.044950008E0
2.983272038E1,-2.595000155E-2,7.330500484E-1,1.246050000E0
2.983516377E1,1.897950053E0,7.437000275E0,2.805000067E0
2.983760717E1,2.998950243E0,1.087005043E1,1.216950059E0
2.984005055E1,8.040000200E-1,2.812950134E0,-1.630950093E0
2.984249394E1,1.749000072E0,1.354950070E0,1.230000034E-1
2.984493732E1,6.622050285E0,6.876000404E0,-5.680500269E-1
2.984738078E1,9.483000755E0,8.638050079E0,-6.678000450E0
2.984982409E1,6.811050415E0,3.265950203E0,-7.987950325E0
2.985226755E1,2.631000042E0,3.370950222E0,-4.348950386E0
2.985471086E1,1.941000104E0,8.152050018E0,7.740000486E-1
2.985715432E1,5.227950096E0,1.314000034E1,-3.480000198E-1
2.985959771E1,2.650050163E0,1.029495049E1,3.790500164E-1
2.986204110E1,7.920000553E-1,7.789050579E0,1.150050044E0
2.986448448E1,3.520950079E0,1.029300022E1,1.681950092E0
2.986692787E1,7.330050468E0,1.324305058E1,-3.718950272E0
2.986937125E1,9.004050255E0,9.072000504E0,-9.276000023E0
2.987181464E1,5.061000347E0,6.898050308E0,-1.047300053E1
2.987425825E1,9.379500151E-1,8.631000519E0,-2.967000246E0
2.987670164E1,2.781000137E0,1.305105019E1,2.029050112E0
2.987914502E1,4.021950245E0,1.485600090E1,1.894950032E0
2.988158841E1,2.848050117E0,9.694050789E0,1.761000037E0
2.988403179E1,5.569500327E-1,9.655950546E0,-1.015950084E0
2.988647518E1,9.270000458E0,1.201395035E1,-2.385000229E0
2.988891864E1,1.077795029E1,1.101405048E1,-1.162995052E1
2.989136202E1,3.904050112E0,9.790050507E0,-1.222605038E1
2.989380541E1,7.650000453E-1,6.430950165E0,-6.259050369E0
2.989624880E1,5.670000315E-1,6.211050510E0,2.860500216E-1
2.989869218E1,2.472000122E0,1.117905045E1,2.674950123E0
2.990113557E1,2.122950077E0,8.557050705E0,1.045050025E0
2.990357896E1,3.679500222E-1,1.221000075E0,-2.179050207E0
2.990602234E1,2.281050205E0,3.949950218E0,-9.750000238E-1
2.990846572E1,6.757950306E0,8.236050606E0,-2.650950193E0
2.991090911E1,5.971050262E0,5.919000149E0,-4.126049995E0
2.991335272E1,2.230950117E0,4.836000443E0,-2.878050089E0
2.991579611E1,1.528950095E0,6.532050133E0,8.320500255E-1
2.991823949E1,1.720950127E0,1.071705055E1,6.619500518E-1
2.992068287E1,1.905000091E0,1.269705105E1,2.947950125E0
2.992312625E1,6.979500055E-1,8.421000481E0,1.708050132E0
2.992556964E1,9.400500655E-1,6.880950451E0,2.208000183E0
2.992801302E1,3.967050076E0,1.044900036E1,1.287000060E0
2.993045648E1,1.025400066E1,1.335795021E1,-7.435050488E0
2.993289979E1,1.132695007E1,8.776950836E0,-1.451895046E1
2.993534325E1,4.429050446E0,7.522950172E0,-1.159095097E1
2.993778664E1,1.000050068E0,8.832000732E0,-1.903950095E0
2.994023002E1,3.616950274E0,1.349895096E1,7.500000596E-1
2.994267341E1,4.606050014E0,1.363800049E1,1.066050053E0
2.994511679E1,3.508950233E0,8.626950264E0,1.195950031E0
2.994756018E1,3.913950205E0,9.109950066E0,-1.885050058E0
2.995000356E1,6.550050259E0,1.243095016E1,-4.744050026E0
2.995244694E1,6.888000488E0,1.246005058E1,-9.529950142E0
2.995489056E1,4.110000134E0,1.187805080E1,-9.925050735E0
2.995733395E1,1.507950068E0,8.686050415E0,-2.695950031E0
2.995977733E1,1.516950130E0,1.072905064E1,2.005050182E0
2.996222072E1,2.398050070E0,1.609395027E1,4.081050396E0
2.996466410E1,1.507950068E0,1.013295078E1,3.432000160E0
2.996710756E1,4.009500146E-1,4.093950272E0,1.773000121E0
2.996955096E1,-9.600000083E-2,6.634050369E0,-1.995000057E-2
2.997199434E1,9.981000900E0,9.393000603E0,-4.996950150E0
2.997443772E1,6.640950203E0,5.976000309E0,-1.448100090E1
2.997688111E1,1.017000079E0,4.441050053E0,-1.082700062E1
2.997932449E1,1.395000052E-2,2.824950218E0,-2.143050194E0
2.998176786E1,1.170000076E0,9.354000092E0,3.418050051E0
2.998421125E1,1.825950146E0,1.415295029E1,2.694000244E0
2.998665463E1,5.910000205E-1,5.281950474E0,1.342050076E0
2.998909802E1,7.605000585E-2,2.097000122E0,-8.820000291E-1
2.999154140E1,1.246950030E0,1.100400066E1,2.158050060E0
2.999398502E1,2.317050219E0,1.388895035E1,2.078999996E0
2.999642840E1,2.365050077E0,6.627000332E0,2.440950155E0
2.999887179E1,1.287000060E0,5.575950146E0,-4.360050201E0
3.000131517E1,9.619500637E-1,7.827000141E0,-5.031000137E0
3.000375856E1,3.684000254E0,1.002000046E1,-5.148000240E0
3.000620194E1,6.697950363E0,8.830050468E0,-5.476050377E0
3.000864540E1,6.133050442E0,6.426000118E0,-6.436050415E0
3.001108871E1,2.803050041E0,9.025950432E0,-3.337950230E0
3.001353217E1,4.515000343E0,1.115700054E1,-2.098050117E0
3.001597554E1,8.118000031E0,1.186395073E1,-5.766000271E0
3.001841892E1,3.591000080E0,1.029795074E1,-6.594000340E0
3.002086230E1,5.279999971E-1,1.001505089E1,-1.234050035E0
3.002330569E1,6.240000129E-1,1.184205055E1,2.392950058E0
3.002574908E1,2.748000145E0,1.324500084E1,2.829000235E0
3.002819244E1,2.985000134E0,8.892000198E0,-9.799500704E-1
3.003063582E1,6.255000114E0,7.003050327E0,-5.242050171E0
3.003307944E1,8.872050285E0,8.272050858E0,-7.174050331E0
3.003552282E1,9.907050133E0,1.019205093E1,-7.483050346E0
3.003796621E1,4.848000050E0,1.051605034E1,-8.110050201E0
3.004040959E1,1.543950081E0,1.078395081E1,-5.883000374E0
3.004285298E1,6.790500283E-1,8.827950478E0,1.590000093E-1
3.004529636E1,1.417050123E0,1.078395081E1,2.389950037E0
3.004773982E1,2.923050165E0,9.298950195E0,1.696050048E0
3.005018321E1,1.843050122E0,4.489050388E0,-1.150050044E0
3.005262658E1,3.564000130E0,4.009950161E0,-3.490950108E0
3.005506996E1,6.283950329E0,4.884000301E0,-5.562000275E0
3.005751335E1,7.228050232E0,6.739950180E0,-6.763950348E0
3.005995673E1,4.156050205E0,5.739000320E0,-7.392000198E0
3.006240012E1,1.591050029E0,5.017950058E0,-2.932950258E0
3.006484351E1,5.119500160E-1,9.438000679E0,3.772050142E0
3.006728689E1,-1.156050086E0,9.172050476E0,3.682950258E0
3.006973028E1,7.630500197E-1,7.780950546E0,1.581000090E0
3.007217366E1,2.062950134E0,8.977950096E0,2.095950127E0
3.007461728E1,1.468950033E0,7.867950439E0,2.127000093E0
3.007706066E1,1.315950036E0,9.478950500E0,2.520000041E-1
3.007950405E1,7.881000519E0,1.410705090E1,2.199000120E0
3.008194743E1,7.738050461E0,9.991050720E0,-9.514950752E0
3.008439082E1,3.151950121E0,8.911050797E0,-7.653000355E0
3.008683428E1,1.636950135E0,1.115505028E1,-4.641000271E0
3.008927757E1,4.282950401E0,1.468605042E1,-1.066050053E0
3.009172103E1,6.538050175E0,1.243605042E1,-3.628050089E0
3.009416442E1,5.865000248E0,1.027605057E1,-4.528050423E0
3.009660780E1,5.470050335E0,1.015200043E1,-2.935950041E0
3.009905118E1,7.885950565E0,1.096095085E1,-4.770000458E0
3.010149457E1,7.225050449E0,1.155705070E1,-1.023600006E1
3.010393795E1,3.993000269E0,1.106595039E1,-9.384000778E0
3.010638134E1,1.879050136E0,7.329000473E0,-2.569950104E0
3.010882472E1,2.980050087E0,1.009200001E1,2.899950027E0
3.011126810E1,4.443000317E0,1.312500095E1,1.336950064E0
3.011371171E1,3.526050091E0,7.282950401E0,-2.986050129E0
3.011615510E1,2.647050142E0,3.874050140E0,-5.802000046E0
3.011859848E1,1.246950030E0,4.168050289E0,-8.047950745E0
3.012104187E1,3.658050060E0,4.033950329E0,-4.971000195E0
3.012348525E1,5.094000340E0,6.742050171E0,-1.807950139E0
3.012592864E1,9.949500561E-1,3.727950096E0,-8.220000267E-1
3.012837210E1,5.400000215E-1,3.891000271E0,3.276000261E0
3.013081541E1,5.160000324E-1,5.839950085E0,4.639050007E0
3.013325887E1,4.359000206E0,6.924000263E0,2.713950157E0
3.013570225E1,5.323950291E0,6.844950199E0,-9.730500579E-1
3.013814563E1,2.070000172E0,6.097950459E0,-7.810500264E-1
3.014058902E1,5.040000081E-1,7.125000477E0,1.318050027E0
3.014303240E1,4.780500233E-1,9.826050758E0,-6.000000238E-2
3.014547579E1,2.968050241E0,9.948000908E0,6.930000186E-1
3.014791917E1,1.570050120E0,8.337000847E0,-3.175050259E0
3.015036255E1,4.470000267E-1,1.025205040E1,-2.092950106E0
3.015280616E1,1.716000080E0,1.068795013E1,-3.930000067E-1
3.015524955E1,3.210000038E0,1.242405033E1,-1.839000106E0
3.015769294E1,3.823050261E0,1.071195030E1,-3.618000269E0
3.016013632E1,1.837950110E0,7.756950378E0,-1.903950095E0
3.016257970E1,1.909950137E0,8.077950478E0,-5.440500379E-1
3.016502308E1,4.620000362E0,1.100895023E1,-4.513950348E0
3.016746647E1,3.744000196E0,9.412050247E0,-9.034049988E0
3.016990993E1,6.790500283E-1,7.417050362E0,-7.450950146E0
3.017235333E1,-6.705000252E-2,5.326950073E0,-1.114050031E0
3.017479672E1,1.857000113E0,9.057000160E0,2.058000088E0
3.017724010E1,3.981000185E0,9.283050537E0,8.650500178E-1
3.017968349E1,4.165050030E0,3.988950253E0,-4.060950279E0
3.018212687E1,5.437050343E0,5.425050259E0,-3.369000196E0
3.018457027E1,7.072050571E0,6.934050560E0,-7.909500599E-1
3.018701366E1,7.471950531E0,8.287050247E0,-3.736050129E0
3.018945704E1,4.137000084E0,8.348999977E0,-4.855950356E0
3.019190042E1,1.656000137E0,7.063050270E0,-3.610950232E0
3.019434404E1,2.805000067E0,8.743950844E0,-7.570500374E-1
3.019678743E1,1.044495010E1,9.627000809E0,-3.043950081E0
3.019923081E1,8.676000595E0,7.306950569E0,-9.235050201E0
3.020167420E1,2.616000175E0,8.289000511E0,-8.248950005E0
3.020411758E1,3.310050249E0,8.068950653E0,-3.814950228E0
3.020656096E1,8.128050804E0,8.521050453E0,-5.517000198E0
3.020900438E1,5.283000469E0,7.561050415E0,-9.256950378E0
3.021144784E1,9.300000221E-2,7.864950180E0,-7.399050236E0
3.021389122E1,-8.740500212E-1,6.649050236E0,-2.134050131E0
3.021633461E1,8.520000577E-1,7.575000286E0,3.145050049E0
3.021877799E1,4.239000320E0,8.334000587E0,3.760050297E0
3.022122138E1,6.166950226E0,6.546000481E0,1.690500081E-1
3.022366476E1,2.518050194E0,6.016950130E0,-1.854000092E0
3.022610815E1,1.543950081E0,8.068950653E0,-1.489950061E0
3.022855153E1,4.273050308E0,8.491950035E0,-4.372050285E0
3.023099491E1,4.486050129E0,8.655000687E0,-6.622950077E0
3.023343852E1,5.040000081E-1,8.229000092E0,-5.461950302E0
3.023588191E1,5.760000348E-1,9.127050400E0,1.264950037E0
3.023832529E1,4.872000217E0,1.020405006E1,1.485000014E0
3.024076868E1,6.373050213E0,7.732950211E0,-2.977050066E0
3.024321206E1,5.062950134E0,5.133000374E0,-3.610950232E0
3.024565545E1,3.283950090E0,5.470950127E0,-2.683950186E0
3.024809891E1,6.229050159E0,7.129950523E0,-2.311050177E0
3.025054230E1,8.062950134E0,5.476050377E0,-5.526000500E0
3.025298568E1,1.765950084E0,3.273000240E0,-6.666000366E0
3.025542906E1,3.319500089E-1,6.349950314E0,-3.982050180E0
3.025787244E1,1.636950135E0,8.976000786E0,3.900000080E-2
3.026031583E1,4.201050282E0,1.110705090E1,5.400000140E-2
3.026275921E1,3.102000237E0,9.292050362E0,-2.794950247E0
3.026520260E1,1.663050056E0,8.607000351E0,-3.012000084E0
3.026764598E1,3.270000219E0,1.024305058E1,-3.181950092E0
3.027008938E1,7.375950336E0,8.650050163E0,-5.392050266E0
3.027253277E1,6.234000206E0,7.927050591E0,-7.570950508E0
3.027497638E1,2.050950050E0,6.804000378E0,-8.803950310E0
3.027741977E1,5.295000076E0,8.952000618E0,-6.127050400E0
3.027986315E1,1.141800022E1,7.350000381E0,-7.051950455E0
3.028230654E1,7.183950424E0,9.049950600E0,-6.826950550E0
3.028474992E1,1.546050072E0,7.798050404E0,-2.491050005E0
3.028719331E1,2.251950026E0,8.368050575E0,1.645950079E0
3.028963677E1,6.757950306E0,7.369950294E0,7.219500542E-1
3.029208009E1,8.212050438E0,7.717050552E0,-3.628050089E0
3.029452355E1,2.404950142E0,6.025950432E0,-6.513000488E0
3.029696694E1,3.340500295E-1,6.169950485E0,-1.000950098E0
3.029941032E1,7.339500189E-1,1.269705105E1,1.729950070E0
3.030185371E1,1.120050073E0,1.252395058E1,2.074050188E0
3.030429709E1,1.396950126E0,1.054005051E1,-6.900000572E-1
3.030674048E1,1.141050100E0,1.095900059E1,4.129500091E-1
3.030918386E1,8.440500498E-1,9.298950195E0,-8.290500641E-1
3.031162725E1,2.890950203E0,1.089600086E1,-3.511050224E0
3.031407086E1,5.263950348E0,7.518000126E0,-7.003950119E0
3.031651426E1,1.150950074E0,6.217950344E0,-6.046050072E0
3.031895765E1,7.390500307E-1,8.737050056E0,-2.172000170E0
3.032140103E1,4.516950130E0,1.007505035E1,-3.601050138E0
3.032384442E1,6.226950169E0,8.875950813E0,-5.577000141E0
3.032628788E1,2.022000074E0,5.377050400E0,-3.036000252E0
3.032873126E1,1.957950115E0,6.241950512E0,1.324950099E0
3.033117465E1,5.808000088E0,8.442000389E0,1.098000050E0
3.033361803E1,7.249050140E0,5.953950405E0,-3.613050222E0
3.033606142E1,3.753000259E0,4.246950150E0,-4.648050308E0
3.033850480E1,1.857000113E0,7.207050323E0,-1.083000064E0
3.034094819E1,2.962950230E0,1.263000107E1,1.560000062E0
3.034339157E1,3.682050228E0,1.259400082E1,-4.890000224E-1
3.034583495E1,3.238950253E0,8.770050049E0,-4.336950302E0
3.034827834E1,3.718050241E0,8.607000351E0,-6.136950493E0
3.035072172E1,7.378050327E0,8.527950287E0,-5.569950104E0
3.035316511E1,1.199895096E1,8.173950195E0,-8.236949921E0
3.035560872E1,6.295950413E0,6.900000095E0,-1.162500095E1
3.035805211E1,2.149049997E0,8.764950752E0,-1.003005028E1
3.036049549E1,7.036050320E0,1.040505028E1,-6.288000107E0
3.036293888E1,8.359950066E0,9.733050346E0,-7.018050194E0
3.036538225E1,1.318050027E0,9.000000000E0,-4.698000431E0
3.036782571E1,6.240000129E-1,7.378950119E0,8.509500623E-1
3.037026902E1,4.651050091E0,7.474950314E0,4.227000237E0
3.037271248E1,1.058700085E1,8.392050743E0,1.999500096E-1
3.037515586E1,6.009000301E0,5.326950073E0,-4.380000114E0
3.037759923E1,1.737000108E0,5.598000050E0,-2.239050150E0
3.038004262E1,6.000000238E-1,1.181100082E1,1.416000009E0
3.038248600E1,-9.769500494E-1,1.500705051E1,2.737950087E0
3.038492939E1,-3.300000131E-1,1.376895046E1,-1.875000119E0
3.038737277E1,1.930500120E-1,1.320705032E1,8.599500656E-1
3.038981618E1,8.610000610E-1,1.189200020E1,2.125050068E0
3.039225956E1,5.085000038E0,1.278105068E1,-3.132000208E0
3.039470318E1,6.592950344E0,9.939000130E0,-7.485000134E0
3.039714656E1,6.028050423E0,7.030050278E0,-9.537000656E0
3.039958995E1,6.840000153E0,7.918050289E0,-1.027005005E1
3.040203330E1,8.037000656E0,1.018800068E1,-8.268000603E0
3.040447669E1,5.166000366E0,1.031700039E1,-7.777050495E0
3.040692015E1,2.085000038E0,6.523950100E0,-7.252950191E0
3.040936353E1,2.413050175E0,6.804000378E0,-2.517000198E0
3.041180694E1,4.857000351E0,8.566950798E0,-1.174050093E0
3.041425032E1,6.859050274E0,5.107050419E0,-5.716050148E0
3.041669370E1,4.812000275E0,3.330000043E-1,-6.130050182E0
3.041913709E1,2.359950066E0,1.474950075E0,-5.269500017E-1
3.042158047E1,3.163950205E0,8.904000282E0,3.288000107E0
3.042402387E1,3.262950182E0,7.261950493E0,5.481000423E0
3.042646725E1,4.144050121E0,6.651000500E0,1.669950128E0
3.042891064E1,4.279500246E-1,8.583000183E0,-3.720000088E-1
3.043135402E1,4.636950016E0,8.947050095E0,-4.281000137E0
3.043379764E1,8.749950409E0,8.209950447E0,-9.630000114E0
3.043624102E1,5.820000172E0,5.896950245E0,-1.066500092E1
3.043868440E1,6.360000372E-1,6.292050362E0,-4.801050186E0
3.044112779E1,1.234950066E0,8.356050491E0,-2.059500068E-1
3.044357117E1,4.905000210E0,1.009695053E1,-4.509000301E0
3.044601456E1,3.985950232E0,7.116000175E0,-3.958050251E0
3.044845794E1,7.095000148E-2,5.818050385E0,2.191950083E0
3.045090140E1,1.639500111E-1,9.175050735E0,1.051950097E0
3.045334471E1,4.407000065E0,1.261500072E1,2.929500043E-1
3.045578817E1,5.257050037E0,7.537050247E0,-2.614950180E0
3.045823156E1,1.705950022E0,3.409050226E0,-3.829050064E0
3.046067494E1,2.686050177E0,7.534950256E0,-9.769500494E-1
3.046311833E1,3.367950201E0,1.494000053E1,-2.296950102E0
3.046556171E1,2.596950054E0,1.061400032E1,-3.927000284E0
3.046800510E1,3.439500034E-1,7.879950523E0,-1.726950049E0
3.047044848E1,-2.110500038E-1,7.618950367E0,2.259000063E0
3.047289186E1,3.976050138E0,1.202895069E1,1.750950098E0
3.047533548E1,7.543950558E0,9.622950554E0,-6.118050098E0
3.047777886E1,6.433050156E0,4.245000362E0,-1.066200066E1
3.048022225E1,3.652950287E0,6.060000420E0,-9.481950760E0
3.048266563E1,5.860050201E0,7.858050346E0,-8.353950500E0
3.048510902E1,5.034000397E0,6.397050381E0,-8.974050522E0
3.048755248E1,2.479500175E-1,5.902050495E0,-2.791950226E0
3.048999586E1,1.548000097E0,6.294000149E0,6.102000237E0
3.049243925E1,4.125000000E0,7.453050137E0,6.276000500E0
3.049488263E1,7.636950493E0,8.008950233E0,-9.900000691E-2
3.049732601E1,6.105000496E0,4.450950146E0,-4.201950073E0
3.049976940E1,3.729000092E0,6.310950279E0,-1.951950073E0
3.050221278E1,3.552000284E0,1.081305027E1,-1.279050112E0
3.050465617E1,3.772950172E0,1.350795078E1,-5.043000221E0
3.050709955E1,1.563000083E0,1.103295040E1,-7.975950241E0
3.050954292E1,6.259500384E-1,1.095405006E1,-3.745050192E0
3.051198630E1,3.765000105E0,1.058505058E1,-9.820500612E-1
3.051442992E1,9.061950684E0,1.016805077E1,-4.066050053E0
3.051687331E1,8.080050468E0,5.152050018E0,-5.677050114E0
3.051931669E1,7.242000580E0,6.358950138E0,-4.272000313E0
3.052176009E1,6.622050285E0,1.006800079E1,-2.457000017E0
3.052420348E1,5.620950222E0,1.093005085E1,-5.847000122E0
3.052664686E1,1.002000093E0,9.835950851E0,-5.941050053E0
3.052909032E1,3.660000265E-1,8.263050079E0,4.510500133E-1
3.053153363E1,2.950950146E0,1.137495041E1,1.606950045E0
3.053397709E1,4.990950108E0,1.030500031E1,-6.829500198E-1
3.053642040E1,3.343950272E0,4.012950420E0,-4.039950371E0
3.053886386E1,1.234950066E0,3.306000233E0,-9.220500588E-1
3.054130725E1,2.587050200E0,7.153950214E0,1.440000057E0
3.054375063E1,4.884000301E0,1.284495068E1,1.305000018E-2
3.054619402E1,3.282000065E0,1.049595070E1,-4.696050167E0
3.054863740E1,1.240500063E-1,1.032600021E1,-3.226050138E0
3.055108079E1,-9.430500269E-1,1.034595013E1,-1.123050094E0
3.055352440E1,3.993000269E0,1.148100090E1,-3.783000231E0
3.055596778E1,6.907050133E0,6.655950546E0,-6.763950348E0
3.055841117E1,4.102950096E0,4.651950359E0,-5.182050228E0
3.056085455E1,4.390050411E0,7.723950386E0,-2.862000227E0
3.056329794E1,7.050000191E0,1.127505016E1,-3.906000137E0
3.056574132E1,3.093000174E0,7.744950294E0,-6.646950245E0
3.056818480E1,-7.950000167E-1,8.583000183E0,-1.782000065E0
3.057062818E1,1.986000061E0,9.529050827E0,2.070000172E0
3.057307157E1,7.744950294E0,1.109505081E1,-2.095050097E0
3.057551495E1,6.346050262E0,6.418950081E0,-7.201950550E0
3.057795834E1,1.924050093E0,4.912950039E0,-2.943000078E0
3.058040172E1,1.333050013E0,8.002050400E0,2.817000151E0
3.058284510E1,4.599000454E0,1.508895111E1,2.254050016E0
3.058528849E1,3.528000116E0,1.246905041E1,-2.983950138E0
3.058773187E1,1.074000001E0,9.883950233E0,-6.276000500E0
3.059017525E1,1.260000020E-1,1.262505054E1,-5.580000281E-1
3.059261887E1,5.086950302E0,1.363800049E1,-3.541950226E0
3.059506226E1,7.504950523E0,1.040505028E1,-6.946050167E0
3.059750564E1,7.836000443E0,6.357000351E0,-9.577950478E0
3.059994903E1,6.274950504E0,7.573050499E0,-6.544050217E0
3.060239241E1,8.539950371E0,1.036695004E1,-6.811950207E0
3.060483580E1,4.113000393E0,9.649050713E0,-1.033905029E1
3.060727926E1,2.340000123E-1,5.080950260E0,-7.131000519E0
3.060972257E1,-9.259500504E-1,6.891000271E0,-1.516050100E0
3.061216603E1,4.570050240E0,8.173950195E0,-1.324950099E0
3.061460934E1,4.816050053E0,4.602000237E0,-7.806000233E0
3.061705280E1,1.168050051E0,1.573050022E0,-2.092950106E0
3.061949618E1,1.591050029E0,1.384050012E0,5.721000195E0
3.062193957E1,4.984050274E0,7.575000286E0,2.449950218E0
3.062438295E1,2.542050123E0,6.406950474E0,1.509000063E0
3.062682634E1,2.049000025E0,3.220050097E0,2.604000092E0
3.062926972E1,1.978950143E0,5.667000294E0,1.557000041E0
3.063171310E1,5.716950417E0,8.442000389E0,-1.260000110E0
3.063415672E1,7.369050503E0,5.734050274E0,-7.674000263E0
3.063660010E1,5.215950012E0,3.772950172E0,-9.898050308E0
3.063904349E1,3.511950254E0,6.139050484E0,-6.343050480E0
3.064148688E1,5.247000217E0,8.959050179E0,-6.718950272E0
3.064393026E1,3.852000237E0,6.690000534E0,-8.480999947E0
3.064637365E1,1.069500074E-1,4.113000393E0,-3.168000221E0
3.064881711E1,1.117050052E0,5.737050056E0,1.512000084E0
3.065126048E1,7.117050171E0,7.912950516E0,-3.501000166E0
3.065370379E1,8.559000015E0,6.121950150E0,-8.232000351E0
3.065614725E1,3.856050253E0,1.573050022E0,-3.433950186E0
3.065859063E1,2.872050047E0,3.883050203E0,5.059500337E-1
3.066103402E1,6.265050411E0,1.003395081E1,-1.032000065E0
3.066347740E1,3.721950293E0,9.481050491E0,-4.080000401E0
3.066592079E1,7.030500174E-1,6.831000328E0,-4.530000210E0
3.066836417E1,-4.140000343E-1,6.819000244E0,-6.520500183E-1
3.067080756E1,2.623050213E0,1.195695019E1,-2.806950092E0
3.067325117E1,6.720000267E0,9.160050392E0,-6.309000492E0
3.067569456E1,5.992050171E0,5.494950294E0,-5.596050262E0
3.067813794E1,4.885950089E0,8.827950478E0,-3.046050072E0
3.068058133E1,6.636000156E0,1.051095009E1,-3.807000160E0
3.068302471E1,2.839050055E0,9.733050346E0,-7.818000317E0
3.068546809E1,-5.980500579E-1,8.011050224E0,-2.839950085E0
3.068791149E1,0.000000000E0,6.646050453E0,-2.610000074E-1
3.069035495E1,4.534049988E0,1.032600021E1,-1.506000042E0
3.069279834E1,6.775050163E0,9.996000290E0,-3.573000193E0
3.069524172E1,3.720000267E0,3.970050097E0,-2.589000225E0
3.069768511E1,3.756000280E0,4.314000130E0,3.550500274E-1
3.070012849E1,9.547950745E0,1.165995026E1,-3.709050179E0
3.070257188E1,7.165050507E0,1.130805016E1,-7.389000416E0
3.070501526E1,1.546050072E0,8.812950134E0,-6.007950306E0
3.070745865E1,-2.130000144E-1,9.250950813E0,-1.213950038E0
3.070990203E1,2.590050220E0,1.381995106E1,1.426050067E0
3.071234540E1,5.094000340E0,1.233300018E1,-3.417000055E0
3.071478902E1,3.277050257E0,5.044950008E0,-4.834950447E0
3.071723240E1,1.275000095E0,3.996000290E0,-2.821050167E0
3.071967579E1,3.658050060E0,8.655000687E0,-5.920500159E-1
3.072211917E1,5.379000187E0,9.678000450E0,-5.730000496E0
3.072456257E1,1.371000051E0,7.021950245E0,-6.307050228E0
3.072700602E1,-4.669500291E-1,5.442000389E0,-3.600000143E-1
3.072944941E1,2.784000158E0,8.883000374E0,2.599050045E0
3.073189272E1,5.913000107E0,1.144500065E1,-4.150500298E-1
3.073433618E1,3.694050074E0,5.071050167E0,-2.506950140E0
3.073677957E1,1.749000072E0,2.815950155E0,9.130500555E-1
3.073922295E1,1.813950062E0,7.405050278E0,1.026000023E0
3.074166633E1,4.105050087E0,1.317600060E1,2.167950153E0
3.074410972E1,4.797000408E0,8.500050545E0,-3.691950083E0
3.074655310E1,6.169500351E-1,7.461000443E0,-5.020950317E0
3.074899650E1,3.516000271E0,1.205505085E1,-3.736050129E0
3.075143989E1,7.749000549E0,1.364505100E1,-6.190050125E0
3.075388350E1,4.531949997E0,8.512050629E0,-7.021050453E0
3.075632689E1,1.380000114E-1,6.915000439E0,-1.333950043E0
3.075877027E1,4.879500270E-1,6.898050308E0,3.777000189E0
3.076121366E1,4.564949989E0,1.425300026E1,1.677000046E0
3.076365704E1,6.070950508E0,1.073805046E1,-6.490950108E0
3.076610050E1,1.393050075E0,7.768950462E0,-7.746000290E0
3.076854389E1,7.290000319E-1,1.050105095E1,-6.333000183E0
3.077098727E1,4.900050163E0,1.373805046E1,-3.103050232E0
3.077343065E1,6.118950367E0,1.141095066E1,-4.597949982E0
3.077587403E1,1.990950108E0,9.192000389E0,-8.119500279E-1
3.077831742E1,1.000050068E0,6.271050453E0,1.596000075E0
3.078076080E1,2.815050125E0,1.083405018E1,3.745950222E0
3.078320419E1,5.334000111E0,1.223505020E1,-3.300000191E0
3.078564756E1,3.289050102E0,8.008950233E0,-8.799000740E0
3.078809095E1,1.026000023E0,9.414000511E0,-8.922000885E0
3.079053433E1,5.149050236E0,1.061100006E1,-5.754000187E0
3.079297772E1,7.108050346E0,1.034295082E1,-4.353000164E0
3.079542133E1,4.216050148E0,7.482000351E0,-4.123050213E0
3.079786470E1,9.229500294E-1,5.776950359E0,-2.208000183E0
3.080030808E1,2.572950125E0,7.582950592E0,2.520000041E-1
3.080275147E1,7.122000217E0,8.916000366E0,-2.983950138E0
3.080519485E1,5.214000225E0,5.959050179E0,-7.903950214E0
3.080763831E1,1.831050038E0,6.414000511E0,-5.143050194E0
3.081008162E1,2.790000141E-1,7.171050549E0,-2.179500163E-1
3.081252508E1,3.765000105E0,9.136950493E0,2.196000099E0
3.081496847E1,4.576950073E0,5.598000050E0,-1.770000100E0
3.081741185E1,2.980050087E0,3.487950087E0,-1.120950103E0
3.081985524E1,1.218000054E0,6.073950291E0,8.290500641E-1
3.082229862E1,4.927050114E0,8.751000404E0,-5.460000038E-1
3.082474201E1,5.587050438E0,6.442950249E0,-4.672049999E0
3.082718539E1,6.979500055E-1,7.362000465E0,-5.577000141E0
3.082962878E1,8.280000687E-1,7.912950516E0,-1.369950056E0
3.083207216E1,5.401050091E0,9.216000557E0,-2.689500153E-1
3.083451578E1,8.748000145E0,8.919000626E0,-3.594000101E0
3.083695916E1,4.837950230E0,4.762050152E0,-5.230050087E0
3.083940255E1,1.311000109E0,6.816000462E0,-5.989500284E-1
3.084184593E1,1.347000122E0,9.349950790E0,1.183950067E0
3.084428933E1,6.076050282E0,1.194495010E1,-2.704050064E0
3.084673272E1,4.254000187E0,8.554950714E0,-6.745050430E0
3.084917618E1,9.300000221E-2,9.852000237E0,-4.201950073E0
3.085161956E1,3.199500144E-1,1.041495037E1,3.769500256E-1
3.085406295E1,4.668000221E0,1.146105099E1,-7.260000110E-1
3.085650633E1,6.387000084E0,1.008000088E1,-4.167000294E0
3.085894972E1,2.215950012E0,6.973950386E0,-3.172950268E0
3.086139310E1,4.279500246E-1,7.843950272E0,4.180500209E-1
3.086383648E1,2.475000143E0,1.106205082E1,3.900000080E-2
3.086627987E1,4.998000145E0,9.757050514E0,-5.325000286E0
3.086872347E1,2.671050072E0,8.812950134E0,-7.972950459E0
3.087116663E1,2.547000170E0,8.952000618E0,-5.148000240E0
3.087361024E1,5.355000019E0,9.457050323E0,-2.548050165E0
3.087605363E1,8.209050179E0,8.014050484E0,-3.505950212E0
3.087849701E1,3.748950243E0,6.673050404E0,-3.250050068E0
3.088094040E1,1.182000041E0,6.859950542E0,7.860000134E-1
3.088338379E1,1.615050077E0,8.061000824E0,2.307000160E0
3.088582717E1,3.480000257E0,1.031700039E1,-4.605000094E-2
3.088827063E1,4.756950378E0,7.414950371E0,-5.809050083E0
3.089071402E1,3.262950182E0,8.503950119E0,-7.329000473E0
3.089315740E1,3.777000189E0,8.574000359E0,-5.746950150E0
3.089560078E1,6.327000141E0,9.997950554E0,-2.365950108E0
3.089804417E1,5.773950100E0,8.437050819E0,-2.742000103E0
3.090048755E1,1.230000019E0,8.866050720E0,-1.212000012E0
3.090293094E1,3.660000265E-1,9.763950348E0,2.338050127E0
3.090537432E1,1.627050042E0,1.120005035E1,1.023000002E0
3.090781771E1,5.745000362E0,1.126305008E1,-4.365000248E0
3.091026109E1,5.322000027E0,9.651000023E0,-6.115050316E0
3.091270447E1,3.508950233E0,8.887950897E0,-4.935000420E0
3.091514809E1,2.740950108E0,9.574950218E0,-1.624050021E0
3.091759147E1,5.638050079E0,1.102995014E1,-1.485000014E0
3.092003486E1,5.025000095E0,9.574950218E0,-4.078050137E0
3.092247824E1,1.587000132E0,9.084000587E0,-2.977050066E0
3.092492163E1,1.246950030E0,1.027095032E1,1.234050035E0
3.092736509E1,2.410050154E0,1.208400059E1,5.760000348E-1
3.092980849E1,4.258950233E0,1.253400040E1,-3.481950283E0
3.093225187E1,3.832050085E0,1.109700012E1,-3.850050211E0
3.093469526E1,1.792950034E0,9.952950478E0,-2.826000214E0
3.093713864E1,2.761950016E0,1.074300098E1,3.150000274E-1
3.093958203E1,5.973000050E0,1.075695038E1,-2.023950100E0
3.094202540E1,2.544000149E0,9.076950073E0,-4.879950047E0
3.094446878E1,2.790000141E-1,7.258950233E0,-1.690950036E0
3.094691217E1,-4.570500255E-1,5.818050385E0,1.548000097E0
3.094935555E1,3.484950066E0,9.268050194E0,5.160000324E-1
3.095179893E1,4.953000069E0,7.710000515E0,-4.471050262E0
3.095424255E1,4.363950253E0,5.121000290E0,-5.325000286E0
3.095668594E1,3.487950087E0,6.430950165E0,-3.999000072E0
3.095912932E1,4.194000244E0,7.413000584E0,-2.644050121E0
3.096157271E1,4.833000183E0,8.056950569E0,-4.918050289E0
3.096401609E1,1.974000096E0,6.493050098E0,-5.731950283E0
3.096645955E1,-1.420050025E0,6.790050507E0,-5.389500260E-1
3.096890294E1,-1.707000136E0,7.554000378E0,3.166050196E0
3.097134632E1,4.503000259E0,7.089000225E0,2.830500007E-1
3.097378970E1,7.309050560E0,5.404050350E0,-4.674000263E0
3.097623309E1,4.524000168E0,5.377050400E0,-2.148000002E0
3.097867648E1,3.753000259E0,6.673050404E0,-7.909500599E-1
3.098111986E1,5.773950100E0,7.867950439E0,-2.965050220E0
3.098356324E1,3.552000284E0,6.412050247E0,-6.405000210E0
3.098600663E1,6.550500393E-1,6.163050175E0,-4.585950375E0
3.098845001E1,-5.239500403E-1,7.161000252E0,5.800500512E-1
3.099089340E1,1.402050018E0,8.878050804E0,1.713000059E0
3.099333701E1,6.270000458E0,7.786050320E0,-1.954050064E0
3.099578040E1,6.516000271E0,6.424050331E0,-3.718950272E0
3.099822378E1,4.768950462E0,6.454950333E0,-4.530000210E0
3.100066717E1,4.771050453E0,8.044950485E0,-2.845050097E0
3.100311055E1,5.130000114E0,8.698050499E0,-4.272000313E0
3.100555394E1,2.080049992E0,8.454000473E0,-6.148950100E0
3.100799740E1,-1.120500043E-1,8.764950752E0,-3.295050144E0
3.101044080E1,-3.420000076E-1,9.139050484E0,9.610500336E-1
3.101288418E1,2.683050156E0,9.721050262E0,1.798950076E0
3.101532757E1,7.516950130E0,7.293000221E0,-2.040000200E0
3.101777095E1,5.752950191E0,5.719950199E0,-4.942050457E0
3.102021434E1,2.695050240E0,7.089000225E0,-2.845050097E0
3.102265772E1,2.914950132E0,7.269000530E0,-7.500000596E-1
3.102510110E1,6.564000130E0,8.361000061E0,-4.023000240E0
3.102754449E1,2.527950048E0,8.218950272E0,-6.955950260E0
3.102998787E1,-4.570500255E-1,8.100000381E0,-2.353950024E0
3.103243149E1,1.570500135E-1,8.524050713E0,1.734000087E0
3.103487487E1,8.179500103E-1,1.114305019E1,3.457950115E0
3.103731826E1,1.476000071E0,8.611950874E0,-3.405000269E-2
3.103976164E1,1.966950059E0,8.398950577E0,1.291050076E0
3.104220504E1,1.807050109E0,8.208000183E0,9.750000238E-1
3.104464850E1,2.029950142E0,9.502950668E0,4.849500358E-1
3.104709181E1,6.691050529E0,1.118805027E1,9.540000558E-1
3.104953527E1,5.659050465E0,8.659950256E0,-8.469000816E0
3.105197866E1,7.630500197E-1,8.467950821E0,-5.578950405E0
3.105442204E1,1.090500057E-1,9.850050926E0,1.027950048E0
3.105686543E1,2.599050045E0,1.327605057E1,2.196000099E0
3.105930881E1,4.696950436E0,9.757050514E0,-1.200000048E0
3.106175220E1,5.017950058E0,6.663000107E0,-4.255050182E0
3.106419558E1,3.955050230E0,7.659000397E0,-3.088950157E0
3.106663919E1,4.519950390E0,9.253950119E0,-1.605000019E0
3.106908234E1,6.366000175E0,1.016595078E1,-5.625000477E0
3.107152596E1,3.229050159E0,9.517050743E0,-6.649050236E0
3.107396935E1,1.077000022E0,7.393050194E0,-2.668050051E0
3.107641273E1,1.672950029E0,8.370000839E0,1.441950083E0
3.107885611E1,4.225049973E0,1.119600010E1,1.654950023E0
3.108129950E1,4.990950108E0,8.512050629E0,-1.339050055E0
3.108374288E1,4.795050144E0,6.964950562E0,-4.552050114E0
3.108618634E1,3.342000246E0,8.077950478E0,-6.975000381E0
3.108862973E1,5.122950077E0,8.394000053E0,-6.534000397E0
3.109107312E1,7.378050327E0,8.598000526E0,-9.463050842E0
3.109351650E1,3.658050060E0,7.693050385E0,-9.328950882E0
3.109595989E1,9.949500561E-1,7.810050488E0,-2.323050022E0
3.109840327E1,3.199950218E0,9.481050491E0,3.178050041E0
3.110084666E1,7.242000580E0,8.749050140E0,2.580000162E0
3.110329003E1,7.693950176E0,7.918050289E0,-1.186050057E0
3.110573341E1,3.721950293E0,7.663950443E0,-3.316950083E0
3.110817680E1,1.930950046E0,9.342000008E0,-2.464050055E0
3.111062018E1,3.306000233E0,1.044405079E1,-4.243050098E0
3.111306380E1,4.231950283E0,1.069005013E1,-7.756050587E0
3.111550717E1,1.618050098E0,1.085295010E1,-5.533950329E0
3.111795056E1,2.509500086E-1,1.103295040E1,1.797000051E0
3.112039394E1,5.640000105E-1,1.164795017E1,8.940000534E-1
3.112283733E1,1.825950146E0,1.303005028E1,3.000000026E-3
3.112528079E1,2.140050173E0,1.298205090E1,1.033050060E0
3.112772418E1,1.888050079E0,1.047495079E1,1.693950057E0
3.113016756E1,2.131950140E0,9.478950500E0,-3.450000286E-1
3.113261095E1,2.986950159E0,1.207905102E1,7.304999977E-2
3.113505433E1,6.931050301E0,1.179405022E1,6.019500494E-1
3.113749772E1,4.582050323E0,8.377950668E0,-6.501000404E0
3.113994132E1,1.630050063E0,1.010100079E1,-5.076000214E0
3.114238448E1,3.069000244E0,1.052805042E1,-2.878050089E0
3.114482809E1,6.852000237E0,1.071000004E1,-3.475050211E0
3.114727124E1,5.370000362E0,9.814050674E0,-4.267050266E0
3.114971486E1,3.169050217E0,7.597050190E0,-2.341950178E0
3.115215824E1,2.977950096E0,6.583950520E0,1.009050012E0
3.115460162E1,4.828050137E0,1.066200066E1,9.705000371E-2
3.115704501E1,5.001000404E0,9.256050110E0,-4.696050167E0
3.115948839E1,2.359950066E0,4.972950459E0,-8.320950508E0
3.116193178E1,3.439500034E-1,4.348050117E0,-6.441000462E0
3.116437525E1,2.602050066E0,5.442000389E0,-3.070050240E0
3.116681864E1,5.899050236E0,7.663950443E0,-2.653050184E0
3.116926202E1,4.170000076E0,5.461050034E0,-3.538950205E0
3.117170541E1,3.865950108E0,6.096000195E0,3.220500052E-1
3.117414879E1,3.069000244E0,6.603000164E0,2.040000111E-1
3.117659218E1,6.655050278E0,7.135050297E0,-1.699950099E0
3.117903557E1,5.305050373E0,5.866050243E0,-6.448050499E0
3.118147895E1,1.213050008E0,6.532050133E0,-7.453950405E0
3.118392234E1,-4.500000179E-1,6.031050205E0,-3.265950203E0
3.118636572E1,2.415000200E0,6.757050514E0,6.520500183E-1
3.118880912E1,7.378050327E0,5.266950130E0,-1.353000045E0
3.119125273E1,6.852000237E0,5.466000080E0,-3.433950186E0
3.119369612E1,2.458050013E0,6.541050434E0,-2.746950150E0
3.119613950E1,2.131950140E0,7.615950584E0,-1.164000034E0
3.119858289E1,5.298000336E0,7.791000366E0,-4.168950081E0
3.120102626E1,3.433050156E0,7.129950523E0,-8.332950592E0
3.120346972E1,9.495000541E-2,8.181000710E0,-6.183000088E0
3.120591310E1,-5.890500546E-1,7.092000484E0,-4.870500267E-1
3.120835649E1,-7.605000585E-2,7.614000320E0,1.062000036E0
3.121079987E1,3.394050121E0,8.173950195E0,2.434050083E0
3.121324326E1,5.692950249E0,6.840000153E0,-1.177950025E0
3.121568664E1,5.845950127E0,6.144000053E0,-3.420000076E0
3.121813003E1,3.435000181E0,6.013950348E0,-2.377950191E0
3.122057341E1,4.570050240E0,8.242950439E0,-3.067950249E0
3.122301703E1,3.624000072E0,7.666050434E0,-5.446950436E0
3.122546017E1,3.889500201E-1,8.253000259E0,-4.711950302E0
3.122790379E1,2.890500128E-1,7.804950237E0,2.830500007E-1
3.123034717E1,4.159950256E0,8.887950897E0,1.291050076E0
3.123279056E1,1.139100075E1,1.043700027E1,-6.025050163E0
3.123523394E1,8.182950020E0,6.739950180E0,-8.845050812E0
3.123767731E1,3.495000124E0,8.737050056E0,-6.640050411E0
3.124012070E1,3.627000093E0,9.678000450E0,-3.192000151E0
3.124256416E1,7.438050270E0,9.840000153E0,-4.223999977E0
3.124500754E1,4.942950249E0,8.032950401E0,-7.753050327E0
3.124745093E1,1.170000076E0,7.836000443E0,-6.136950493E0
3.124989431E1,1.108050108E0,7.732950211E0,-1.711950064E0
3.125233770E1,5.745000362E0,8.253000259E0,4.560000300E-1
3.125478108E1,8.061000824E0,8.473050117E0,3.220500052E-1
3.125722446E1,6.837000370E0,8.128950119E0,-3.210000098E-1
3.125966785E1,1.963050127E0,8.038050652E0,-2.610000134E0
3.126211122E1,1.783050060E0,9.766050339E0,-2.734950066E0
3.126455460E1,5.134950161E0,9.426000595E0,-7.270050526E0
3.126699822E1,4.261050224E0,8.935050011E0,-9.838950157E0
3.126944160E1,1.861950040E0,9.405000687E0,-3.870000124E0
3.127188499E1,2.178000212E0,1.056600094E1,1.246050000E0
3.127432838E1,4.386000156E0,1.080300045E1,2.259000063E0
3.127677176E1,6.507000446E0,9.673050880E0,-1.720050097E0
3.127921515E1,3.547950268E0,7.426950455E0,-3.561000109E0
3.128165861E1,1.431000113E0,7.291050434E0,-2.505000114E0
3.128410199E1,2.719050169E0,7.264050484E0,-2.389950037E0
3.128654537E1,6.052050114E0,6.898050308E0,-5.380050182E0
3.128898876E1,2.094000101E0,6.682050228E0,-5.701050282E0
3.129143214E1,-3.600000218E-2,7.156050205E0,-3.960000277E-1
3.129387553E1,1.038000107E0,8.038050652E0,1.480950117E0
3.129631893E1,1.903050065E0,1.130295086E1,4.030500054E-1
3.129876231E1,1.885950089E0,1.092705059E1,1.057050109E0
3.130120592E1,1.747050047E0,9.055050850E0,1.576050043E0
3.130364931E1,5.479950428E0,7.446000576E0,-8.359500170E-1
3.130609270E1,7.560000420E0,7.711950302E0,-7.405950546E0
3.130853608E1,5.638050079E0,7.954050541E0,-1.040595055E1
3.131097946E1,2.155950069E0,8.217000008E0,-1.027200031E1
3.131342284E1,-2.149500102E-1,9.361950874E0,-2.773050070E0
3.131586623E1,2.299950123E0,9.951000214E0,1.630950093E0
3.131830961E1,8.215950012E0,1.198800087E1,-3.900000080E-2
3.132075307E1,8.929950714E0,9.928950310E0,-4.392000198E0
3.132319646E1,2.074949980E0,9.157950401E0,-3.336000204E0
3.132563984E1,4.849500358E-1,9.511950493E0,1.579050064E0
3.132808323E1,1.900050044E0,1.143495083E1,6.330000162E-1
3.133052661E1,6.289050102E0,1.117200089E1,-5.517000198E0
3.133296999E1,3.150000095E0,8.362950325E0,-8.052000046E0
3.133541338E1,3.150000274E-1,8.302950859E0,-2.998050213E0
3.133785676E1,7.320000529E-1,1.071405029E1,2.119950056E0
3.134030038E1,3.090000153E0,1.253400040E1,1.555050015E0
3.134274353E1,4.060050011E0,1.123605061E1,2.359500080E-1
3.134518716E1,3.259950161E0,9.790050507E0,-1.854000092E0
3.134763055E1,2.428950071E0,9.979050636E0,-3.831000090E0
3.135007393E1,4.777950287E0,1.069005013E1,-4.972950459E0
3.135251732E1,4.014000416E0,9.997950554E0,-7.933050156E0
3.135496070E1,2.176050186E0,9.469050407E0,-5.725050449E0
3.135740407E1,1.146000028E0,8.334000587E0,-7.500000298E-2
3.135984753E1,5.125050068E0,1.057305050E1,1.950000048E0
3.136229092E1,6.054000378E0,9.606000900E0,-3.739500046E-1
3.136473430E1,4.291950226E0,7.144050121E0,-2.023950100E0
3.136717769E1,2.700000048E0,8.155050278E0,-1.837050080E0
3.136962108E1,4.041000366E0,9.081000328E0,-9.439500570E-1
3.137206447E1,6.628950119E0,9.663000107E0,-4.981050014E0
3.137450785E1,3.004050255E0,1.033605003E1,-5.634000301E0
3.137695147E1,1.054949999E0,9.370950699E0,-9.799500704E-1
3.137939462E1,1.065000057E0,1.035495090E1,2.457000017E0
3.138183822E1,1.813950062E0,1.406400108E1,2.256000042E0
3.138428161E1,5.025000095E0,1.227795029E1,-3.070500195E-1
3.138672499E1,5.547000408E0,9.919050217E0,-5.593950272E0
3.138916838E1,3.600000143E0,9.697050095E0,-7.629000187E0
3.139161178E1,5.347950459E0,9.673050880E0,-7.119000435E0
3.139405516E1,8.121000290E0,9.910050392E0,-9.961050034E0
3.139649855E1,5.197050095E0,8.883000374E0,-1.184700012E1
3.139894201E1,2.506050110E0,8.503950119E0,-6.795000553E0
3.140138539E1,5.391000271E0,8.530950546E0,-3.297000170E0
3.140382877E1,8.371950150E0,7.570950508E0,-5.293950081E0
3.140627216E1,6.238950253E0,5.755950451E0,-6.922050476E0
3.140871554E1,1.495950103E0,5.245950222E0,-2.910000086E0
3.141115893E1,5.860500336E-1,5.503950119E0,1.369950056E0
3.141360231E1,2.671050072E0,6.072000504E0,1.726950049E0
3.141604569E1,3.523950100E0,4.354950428E0,-5.580000281E-1
3.141848907E1,1.924050093E0,2.635950089E0,1.357950091E0
3.142093246E1,7.290000319E-1,3.409050226E0,-8.719500303E-1
3.142337607E1,4.905000210E0,6.397050381E0,-2.167050123E0
3.142581946E1,6.829950333E0,4.759950161E0,-4.935000420E0
3.142826285E1,2.905950069E0,4.696950436E0,-5.296950340E0
3.143070623E1,6.460500360E-1,5.803950310E0,-5.179050446E0
3.143314962E1,4.114950180E0,6.613050461E0,-2.368050098E0
3.143559300E1,8.154000282E0,5.109000206E0,-3.967950106E0
3.143803646E1,5.524950027E0,4.210950375E0,-4.801050186E0
3.144047984E1,1.924050093E0,5.020950317E0,-1.240950108E0
3.144292323E1,4.860000134E0,5.305950165E0,-1.032000065E0
3.144536661E1,1.116405010E1,6.462000370E0,-8.577000618E0
3.144781000E1,6.223950386E0,4.798050404E0,-1.007595062E1
3.145025338E1,6.700500250E-1,6.022050381E0,-5.055000305E0
3.145269677E1,3.508950233E0,6.808950424E0,-2.332950115E0
3.145514039E1,8.556000710E0,6.702000141E0,-2.919000149E0
3.145758354E1,7.369050503E0,5.715000153E0,-7.930050373E0
3.146002715E1,1.254000068E0,5.847000122E0,-7.000950336E0
3.146247054E1,-2.020950079E0,7.168050289E0,-2.907000065E0
3.146491394E1,-1.720500141E-1,7.659000397E0,-9.030000567E-1
3.146735733E1,6.427950382E0,5.538000107E0,-2.803950071E0
3.146980071E1,4.941000462E0,5.251050472E0,-4.408050060E0
3.147224409E1,2.719500065E-1,5.634000301E0,-2.637000084E0
3.147468748E1,5.200050354E0,5.559000492E0,5.595000088E-2
3.147713096E1,9.583950043E0,4.591950417E0,-3.556050062E0
3.147957434E1,5.307000160E0,4.839000225E0,-7.285950184E0
3.148201773E1,-7.969500422E-1,6.880950451E0,-4.831950188E0
3.148446111E1,1.350000024E0,6.811950207E0,-1.854000092E0
3.148690450E1,8.046000481E0,7.153950214E0,-2.482950211E0
3.148934788E1,7.347000122E0,8.080950737E0,-3.853050232E0
3.149179127E1,1.963050127E0,7.128000259E0,1.186050057E0
3.149423465E1,9.499500394E-1,9.538950920E0,4.722000122E0
3.149667804E1,1.666050076E0,1.176300049E1,2.974950075E0
3.149912142E1,4.696950436E0,1.283100033E1,2.209500074E-1
3.150156505E1,5.665950298E0,8.962050438E0,-4.662000179E0
3.150400844E1,2.056050062E0,9.286950111E0,-5.127000332E0
3.150645182E1,2.458050013E0,1.437495041E1,-2.284950018E0
3.150889520E1,3.588000059E0,1.490400028E1,-2.059500068E-1
3.151133860E1,3.813000202E0,1.311105061E1,1.129500046E-1
3.151378198E1,9.690000415E-1,1.081695080E1,-4.909050465E0
3.151622544E1,2.905950069E0,1.199505043E1,-1.296000004E0
3.151866883E1,6.190950394E0,1.203795052E1,-5.553000450E0
3.152111221E1,4.990950108E0,1.041000080E1,-9.577950478E0
3.152355560E1,2.359950066E0,1.069305038E1,-1.073205090E1
3.152599898E1,1.066950083E0,8.977950096E0,-5.389950275E0
3.152844260E1,4.411950111E0,1.053495026E1,-2.941050053E0
3.153088575E1,6.105000496E0,1.063800049E1,-7.054050446E0
3.153332937E1,3.208050251E0,3.661050081E0,-4.152000427E0
3.153577251E1,5.070000291E-1,3.811950207E0,4.750500321E-1
3.153821612E1,3.904050112E0,6.169950485E0,6.709500551E-1
3.154065951E1,7.030950546E0,6.132000446E0,9.559500217E-1
3.154310289E1,3.409050226E0,2.452050209E0,2.007000208E0
3.154554628E1,1.603050113E0,3.922050238E0,2.086050034E0
3.154798966E1,1.006950021E0,7.959000587E0,3.030000031E-1
3.155043305E1,4.359000206E0,8.281949997E0,-4.075950146E0
3.155287643E1,2.997000217E0,9.043050766E0,-6.252000332E0
3.155531989E1,1.306050062E0,8.751000404E0,-2.296950102E0
3.155776326E1,4.950000346E-1,1.029300022E1,2.199000120E0
3.156020664E1,3.928050280E0,1.250805092E1,-7.450500131E-1
3.156265003E1,7.096050262E0,1.195905018E1,-5.557950497E0
3.156509341E1,4.591050148E0,9.153000832E0,-9.489000320E0
3.156753680E1,2.923050165E0,1.099695015E1,-8.080950737E0
3.156998018E1,6.202950478E0,1.145205021E1,-7.674000263E0
3.157242356E1,4.891050339E0,1.032600021E1,-7.327050209E0
3.157486695E1,7.219500542E-1,8.602950096E0,-2.701050043E0
3.157731033E1,1.812000036E0,8.583000183E0,1.453950047E0
3.157975372E1,7.855050564E0,8.844000816E0,9.195000678E-2
3.158219733E1,9.319950104E0,7.993950367E0,-9.319050789E0
3.158464072E1,4.162950039E0,6.667950153E0,-1.226400089E1
3.158708410E1,7.060500383E-1,5.434950352E0,-7.333950520E0
3.158952749E1,-3.949500322E-1,8.752950668E0,-2.395050049E0
3.159197087E1,-1.968000054E0,1.143300056E1,1.519500017E-1
3.159441433E1,-3.060000241E-1,5.622000217E0,-1.055999994E0
3.159685772E1,1.663050056E0,5.788950443E0,1.768050075E0
3.159930110E1,5.506050110E0,3.979050159E0,3.580050230E0
3.160174449E1,1.111605072E1,3.843000174E0,-2.625000238E0
3.160418787E1,9.178950310E0,2.784000158E0,-8.124000549E0
3.160663149E1,2.305050135E0,2.301000118E0,-8.055000305E0
3.160907464E1,1.453050017E0,3.081000090E0,-5.560050488E0
3.161151826E1,6.085050106E0,3.429000139E0,-6.517950535E0
3.161396141E1,2.584950209E0,2.401050091E0,-6.205950260E0
3.161640502E1,-3.919500113E-1,2.193000078E0,-2.746950150E0
3.161884818E1,1.954950094E0,3.318000078E0,1.657950044E0
3.162129179E1,8.833950043E0,3.675000191E0,1.275000095E0
3.162373518E1,9.634050369E0,3.385050058E0,-5.196000099E0
3.162617856E1,2.797950029E0,3.847950220E0,-1.186050057E0
3.162862195E1,1.950000064E-3,8.926050186E0,3.439050198E0
3.163106540E1,1.267950058E0,1.173705101E1,4.699500203E-1
3.163350879E1,4.081050396E0,1.381695080E1,-3.834000111E0
3.163595218E1,3.412950277E0,1.267995071E1,-2.649000168E0
3.163839556E1,1.170000076E0,1.269000053E1,9.195000678E-2
3.164083896E1,2.536950111E0,1.438995075E1,1.210050106E0
3.164328234E1,6.673950195E0,1.450905037E1,-1.758000135E0
3.164572572E1,6.721950531E0,1.263495064E1,-7.665000439E0
3.164816911E1,9.958950043E0,9.601050377E0,-1.172295094E1
3.165061249E1,6.454050541E0,1.367100048E1,-7.837050438E0
3.165305587E1,5.668950081E0,1.257705021E1,-7.048950195E0
3.165549926E1,3.106950045E0,1.088205051E1,-7.128000259E0
3.165794287E1,3.703050137E0,1.012095070E1,-4.104000092E0
3.166038626E1,4.375950336E0,9.970050812E0,-3.573000193E0
3.166282964E1,6.946950436E0,9.466950417E0,-5.883000374E0
3.166527302E1,6.283950329E0,7.300050259E0,-6.841050148E0
3.166771641E1,2.166000128E0,5.017950058E0,-1.843950033E0
3.167015987E1,3.109050035E0,6.832950115E0,5.592000484E0
3.167260325E1,-3.109500110E-1,1.641495132E1,6.280950069E0
3.167504664E1,-4.879500270E-1,1.081695080E1,1.639500111E-1
3.167749001E1,1.516950130E0,1.036695004E1,4.246050358E0
3.167993340E1,1.414050102E0,9.613050461E0,4.045050144E0
3.168237678E1,1.654050112E0,1.102095032E1,4.351050377E0
3.168482017E1,2.110949993E0,1.216500092E1,-2.299500108E-1
3.168726355E1,1.169505024E1,1.037700081E1,3.358050108E0
3.168970716E1,9.921000481E0,7.164000511E0,-1.450005054E1
3.169215032E1,1.138200092E1,9.888000488E0,-1.681095123E1
3.169459393E1,8.203949928E0,1.150005054E1,-2.142195129E1
3.169703732E1,7.440000176E-1,7.807950497E0,-1.438305092E1
3.169948070E1,5.119500160E-1,4.161000252E0,-6.985050201E0
3.170192408E1,5.599050045E0,4.876950264E0,-3.063000202E0
3.170436746E1,9.160050392E0,5.167050362E0,-5.020950317E0
3.170681084E1,6.097050190E0,2.691000223E0,-9.178050041E0
3.170925430E1,7.099500299E-1,1.156050086E0,1.108950019E0
3.171169769E1,3.592950106E0,3.939000130E0,5.629950047E0
3.171414108E1,-1.494000077E0,1.481100082E1,5.962950230E0
3.171658446E1,-2.467950106E0,8.167050362E0,1.758000135E0
3.171902784E1,-2.227050066E0,7.699950218E0,6.709500551E-1
3.172147123E1,-1.864950061E0,7.972950459E0,6.226050377E0
3.172391461E1,5.971050262E0,8.623950005E0,4.665000439E0
3.172635800E1,1.144605064E1,7.149000168E0,-4.107000351E0
3.172880138E1,1.092405033E1,4.888950348E0,-1.500105095E1
3.173124477E1,6.823050499E0,8.064000130E0,-1.591500092E1
3.173368838E1,8.583000183E0,1.052805042E1,-1.565700054E1
3.173613177E1,3.820050240E0,9.747000694E0,-1.048500061E1
3.173857515E1,-7.605000585E-2,9.019050598E0,-3.169500232E-1
3.174101854E1,6.979500055E-1,8.557050705E0,7.414050579E0
3.174346192E1,1.129050016E0,1.453800106E1,5.242050171E0
3.174590538E1,6.919050217E0,1.043700027E1,-1.083000064E0
3.174834878E1,5.887050152E0,9.070500135E-1,-6.835950375E0
3.175079217E1,2.652000189E0,1.534950018E0,-7.653000355E0
3.175323555E1,4.861950397E0,8.860950470E0,-9.594000816E0
3.175567894E1,4.918950081E0,1.147605038E1,-7.783950329E0
3.175812232E1,3.733950138E0,8.088000298E0,-7.569000244E0
3.176056570E1,2.404950142E0,7.417050362E0,-2.011950016E0
3.176300909E1,-1.065000057E0,1.410000038E1,5.359050274E0
3.176545247E1,-2.155050039E0,1.222800064E1,5.745000362E0
3.176789609E1,-1.389000058E0,6.816000462E0,-1.794000030E0
3.177033947E1,3.880050182E0,9.726000786E0,2.239950180E0
3.177278285E1,4.837950230E0,8.253000259E0,-4.702950001E0
3.177522623E1,4.986000061E0,1.068300056E1,-8.473950386E0
3.177766962E1,3.772950172E0,7.314000130E0,-5.059950352E0
3.178011300E1,-1.909500062E-1,7.657050133E0,2.793000221E0
3.178255639E1,2.839500010E-1,1.147605038E1,5.340000153E0
3.178499979E1,5.142000198E0,1.270395088E1,3.628050089E0
3.178744325E1,6.883050442E0,9.169950485E0,-6.048000336E0
3.178988664E1,8.383950233E0,6.334950447E0,-8.323050499E0
3.179233002E1,5.218950272E0,9.120000839E0,-7.510950565E0
3.179477341E1,3.255000114E0,1.399500084E1,-5.284950256E0
3.179721679E1,1.729950070E0,1.424805069E1,-2.514000177E0
3.179966018E1,1.198950052E0,1.038195038E1,-8.119500279E-1
3.180210356E1,1.108050108E0,8.940000534E0,1.246050000E0
3.180454695E1,1.741950035E0,1.260105038E1,2.422049999E0
3.180699033E1,3.574050188E0,1.143000031E1,-1.353000045E0
3.180943394E1,2.359950066E0,5.514000416E0,-7.665000439E0
3.181187733E1,3.889950275E0,5.124000072E0,-8.722949982E0
3.181432071E1,7.879050255E0,1.014705086E1,-1.281000042E1
3.181676410E1,4.029000282E0,7.747950554E0,-1.528995037E1
3.181920748E1,-1.174950004E0,4.188000202E0,-8.127000809E0
3.182165097E1,1.945950150E0,1.144050002E0,3.175950050E0
3.182409436E1,6.523950100E0,1.951050043E0,3.685950279E0
3.182653774E1,7.459950447E0,4.342950344E0,2.910000086E-1
3.182898113E1,4.636950016E0,1.879050136E0,2.718000174E0
3.183142450E1,4.065000057E0,-1.909500062E-1,4.885050297E0
3.183386788E1,7.800000191E0,-5.400000140E-2,-1.416000009E0
3.183631127E1,9.895050049E0,1.780950069E0,-5.644050121E0
3.183875465E1,6.243000507E0,4.899000168E0,-5.967000484E0
3.184119804E1,3.544950247E0,7.081950188E0,-7.327050209E0
3.184364141E1,3.679050207E0,1.369005108E1,-1.157700062E1
3.184608480E1,5.382000446E0,8.674050331E0,-1.172805023E1
3.184852841E1,4.000050068E0,6.378000259E0,-8.055000305E0
3.185097180E1,9.330000281E-1,7.045950413E0,-1.803000093E0
3.185341518E1,2.908050060E0,1.042695045E1,-1.939500123E-1
3.185585855E1,3.619050264E0,1.088895035E1,-3.561000109E0
3.185830193E1,2.266950130E0,6.378000259E0,-1.560000032E-1
3.186074539E1,8.470500112E-1,5.056950092E0,1.995000057E-2
3.186318870E1,4.171950340E0,9.646050453E0,-5.815950394E0
3.186563216E1,8.803050041E0,9.678000450E0,-9.466950417E0
3.186807554E1,4.881000042E0,2.907000065E0,-8.171999931E0
3.187051893E1,1.342050076E0,2.787000179E0,-1.059000015E0
3.187296231E1,4.668000221E0,8.513999939E0,4.290000200E-1
3.187540570E1,6.471000195E0,1.242900085E1,-1.762950063E0
3.187784908E1,3.898950100E0,5.725050449E0,-5.203050137E0
3.188029246E1,8.850000501E-1,5.260050297E0,-2.263050079E0
3.188273584E1,1.812000036E0,8.374950409E0,-2.127000093E0
3.188517945E1,7.390050411E0,8.227050781E0,-6.379050255E0
3.188762284E1,6.253050327E0,3.784950256E0,-9.264000893E0
3.189006622E1,2.721000195E0,3.298950195E0,-7.198050499E0
3.189250961E1,2.644950151E0,5.397000313E0,-1.843950033E0
3.189495299E1,5.494050026E0,5.944950104E0,-3.877050161E0
3.189739645E1,6.649500132E-1,2.859000206E0,-5.176950455E0
3.189983984E1,-1.209000111E0,2.605050087E0,-8.119500279E-1
3.190228322E1,5.865000248E0,3.658050060E0,-1.726950049E0
3.190472661E1,1.088595009E1,1.956000090E0,-6.541950226E0
3.190716999E1,7.618050575E0,-6.930000186E-1,-7.345950127E0
3.190961338E1,1.060050011E0,-6.430500150E-1,-2.746950150E0
3.191205676E1,1.633950114E0,1.900950074E0,1.282050014E0
3.191450015E1,2.623050213E0,7.858050346E0,2.635050058E0
3.191694353E1,3.220050097E0,7.767000198E0,1.131000042E0
3.191938692E1,1.234950066E0,1.882050037E0,1.453950047E0
3.192183053E1,-1.887000084E0,5.434950352E0,-2.569950104E0
3.192427392E1,-4.354950428E0,9.046050072E0,-2.706000090E0
3.192671730E1,-2.662050009E0,6.976950169E0,-3.310500085E-1
3.192916069E1,-2.010000050E-1,9.546000481E0,1.999950051E0
3.193160407E1,7.729500532E-1,1.260105038E1,1.276950002E0
3.193404753E1,3.076050043E0,1.869195175E1,3.444000244E0
3.193649084E1,4.776000023E0,1.637205124E1,2.745000124E0
3.193893430E1,3.076050043E0,1.382505035E1,-2.689050198E0
3.194137761E1,1.383000016E0,1.764795113E1,-1.104000092E0
3.194382107E1,1.471950054E0,1.963305092E1,3.528000116E0
3.194626446E1,2.844000101E0,1.998495102E1,2.351999998E0
3.194870784E1,2.518050194E0,1.215795040E1,1.330500096E-1
3.195115122E1,1.261050105E0,1.277595043E1,-1.032000065E0
3.195359461E1,3.880050182E0,2.136195183E1,2.164950132E0
3.195603799E1,1.318200016E1,1.840005112E1,-1.303050041E0
3.195848138E1,6.226950169E0,9.084000587E0,-1.675995064E1
3.196092499E1,2.290950060E0,8.136000633E0,-1.344405079E1
3.196336838E1,6.210000515E0,8.728950500E0,-1.761495018E1
3.196581176E1,5.329050064E0,8.770050049E0,-1.567800045E1
3.196825515E1,3.259950161E0,1.384050012E0,-1.749795151E1
3.197069853E1,3.940500319E-1,3.268050194E0,-9.685050011E0
3.197314192E1,6.070500016E-1,5.667000294E0,6.961050510E0
3.197558538E1,-2.655000210E0,9.697050095E0,9.262050629E0
3.197802877E1,-2.205000162E0,1.525050044E0,8.530500531E-1
3.198047215E1,1.512000084E0,2.109000206E0,3.196950197E0
3.198291554E1,2.029950142E0,5.071050167E0,1.047105026E1
3.198535892E1,5.092050076E0,6.346950531E0,8.320950508E0
3.198780231E1,9.519000053E0,9.589050293E0,7.552050591E0
3.199024570E1,1.793700027E1,5.073000431E0,-2.365950108E0
3.199268908E1,2.549400139E1,9.220500588E-1,-2.055795097E1
3.199513246E1,2.615700150E1,4.021950245E0,-3.663105011E1
3.199757608E1,1.438905048E1,5.550000191E0,-3.999495316E1
3.200001948E1,7.009950161E0,4.273950100E0,-3.381299973E1
3.200246286E1,1.006200027E1,8.092950821E0,-2.199195099E1
3.200490625E1,8.428950310E0,5.344050407E0,-1.047495079E1
3.200734963E1,3.627000093E0,9.043050766E0,1.014300060E1
3.200979302E1,6.166950226E0,1.439400101E1,5.752050400E0
3.201223637E1,5.307000160E0,1.400205040E1,6.861000538E0
3.201467976E1,4.129050255E0,1.584300041E1,1.408950090E0
3.201712322E1,1.648950100E0,1.596705055E1,2.023950100E0
3.201956653E1,3.559500277E-1,8.631000519E0,-3.934050083E0
3.202200999E1,1.879050136E0,1.491600037E1,-3.616050243E0
3.202445338E1,8.539500237E-1,2.585100174E1,6.442050457E0
3.202689676E1,-1.671000123E0,9.262950897E0,3.975000143E0
3.202934015E1,-3.214950085E0,8.776950836E0,-3.943950176E0
3.203178353E1,-3.337050200E0,9.268050194E0,-5.863950253E0
3.203422715E1,-5.176050186E0,1.395105076E1,-2.644050121E0
3.203667054E1,-4.462950230E0,1.257705021E1,7.669500113E-1
3.203911392E1,-2.157000065E0,5.844000340E0,1.768050075E0
3.204155731E1,-2.923050165E0,7.104000568E0,5.308950424E0
3.204400069E1,-3.811950207E0,1.090095043E1,6.645000458E0
3.204644408E1,-4.620000124E-1,6.045000076E0,7.737000465E0
3.204888755E1,3.042000055E0,3.112050056E0,1.057905006E1
3.205133086E1,3.765000105E0,3.271050215E0,6.942000389E0
3.205377432E1,3.888000250E0,3.666000128E0,5.400000095E0
3.205621771E1,2.560950041E0,2.478000164E0,4.821000099E0
3.205866110E1,1.021950006E0,7.450500131E-1,2.982000113E0
3.206110448E1,-7.129500508E-1,3.796950102E0,2.239500135E-1
3.206354786E1,-5.788950443E0,3.088095093E1,3.729000092E0
3.206599125E1,3.700500131E-1,4.879050255E0,6.450000405E-1
3.206843463E1,1.950000064E-3,1.513050079E0,1.906950116E0
3.207087825E1,4.950000346E-1,5.500050068E0,4.609500170E-1
3.207332163E1,2.665950060E0,1.229505062E1,4.906949997E0
3.207576501E1,3.816000223E0,1.109505081E1,2.413950205E0
3.207820840E1,7.770000100E-1,3.730050087E0,1.660500020E-1
3.208065178E1,-4.950000439E-3,1.414950013E0,2.328000069E0
3.208309517E1,1.007205009E1,7.960950375E0,4.102050304E0
3.208553855E1,3.524805069E1,7.324050426E0,-2.833395195E1
3.208798194E1,2.529195213E1,-3.873000145E0,-4.913100052E1
3.209042532E1,1.633500099E1,-1.077000022E0,-5.031900406E1
3.209286870E1,9.909000397E0,6.574950218E0,-3.444900131E1
3.209531216E1,2.623050213E0,6.129000187E0,-1.593900108E1
3.209775556E1,3.559500277E-1,1.297950029E0,5.610000491E-1
3.210019894E1,2.896050215E0,1.376700020E1,1.519695091E1
3.210264232E1,5.058000088E0,2.432595062E1,6.480000496E0
3.210508571E1,1.606050134E0,1.007505035E1,6.102000237E0
3.210752932E1,-4.740000367E-1,1.329000115E0,4.524000168E0
3.210997271E1,2.022000074E0,7.080000401E0,-1.269000053E0
3.211241609E1,7.659000397E0,2.022705078E1,7.584000587E0
3.211485948E1,5.394000053E0,1.606995010E1,3.001050234E0
3.211730286E1,1.219950080E0,6.268050194E0,7.339500189E-1
3.211974625E1,-8.830500245E-1,8.035050392E0,-4.498950005E0
3.212218971E1,7.489500642E-1,1.371705055E1,-1.119000077E0
3.212463302E1,4.009950161E0,1.737495041E1,6.310050488E0
3.212707648E1,6.610050201E0,7.651950359E0,4.071000099E0
3.212951979E1,4.965000153E0,3.309000254E0,-4.462950230E0
3.213196324E1,9.327000618E0,9.342000008E0,-1.247205067E1
3.213440662E1,6.382050514E0,1.318500042E1,-2.242995071E1
3.213685001E1,9.259500504E-1,9.115050316E0,-1.480395031E1
3.213929339E1,-3.060000241E-1,5.358000278E0,-3.585000277E0
3.214173678E1,3.138000250E0,1.287600040E1,2.758950233E0
3.214418039E1,4.512000084E0,1.851300049E1,4.536000252E0
3.214662378E1,1.624950051E0,5.923050404E0,1.047000051E0
3.214906716E1,1.980000138E-1,8.520000577E-1,-8.980500698E-1
3.215151055E1,1.800000072E0,7.042050362E0,-1.348050117E0
3.215395393E1,5.572950363E0,1.777695084E1,5.613000393E0
3.215639732E1,3.777000189E0,1.138695049E1,1.102050066E0
3.215884070E1,3.990000188E-1,2.061000109E0,9.000000358E-2
3.216128409E1,1.462050080E0,1.768950105E0,1.447050095E0
3.216372747E1,4.134000301E0,1.009395027E1,-1.005000062E-2
3.216617085E1,3.006000042E0,1.303695107E1,-3.100950241E0
3.216861429E1,5.791050434E0,1.750050068E0,-7.863000393E0
3.217105768E1,5.379000187E0,3.316050053E0,-1.589100075E1
3.217350106E1,6.792000294E0,7.441050529E0,-1.323600101E1
3.217594445E1,1.825950146E0,6.565050125E0,-1.186905098E1
3.217838783E1,1.189500093E-1,3.586950064E0,-5.626950264E0
3.218083145E1,2.800950050E0,6.034050465E0,1.011000037E0
3.218327484E1,4.456950188E0,1.010100079E1,1.488000035E0
3.218571822E1,1.018950105E0,4.213950157E0,-1.878000140E0
3.218816161E1,9.469500184E-1,1.707000136E0,-3.019500077E-1
3.219060499E1,4.165050030E0,3.967050076E0,6.760500073E-1
3.219304836E1,6.235950470E0,8.854050636E0,-1.281000018E0
3.219549175E1,4.201050282E0,6.304050446E0,-1.300950050E0
3.219793513E1,1.468950033E0,4.333950043E0,-1.060500070E-1
3.220037859E1,2.271000147E0,6.298950195E0,1.813050032E0
3.220282190E1,5.716950417E0,1.068795013E1,-1.429950118E0
3.220526537E1,4.443000317E0,7.096950531E0,-4.417950153E0
3.220770875E1,2.002950191E0,4.495950222E0,-4.072950363E0
3.221015214E1,2.158950090E0,7.189950466E0,-9.990000725E-1
3.221259552E1,5.938950062E0,1.332705021E1,-1.288950086E0
3.221503891E1,3.136050224E0,9.144000053E0,-4.174050331E0
3.221748252E1,8.869500160E-1,4.386000156E0,-7.695000619E-2
3.221992591E1,1.503000021E0,6.555000305E0,1.086000085E0
3.222236929E1,3.724950075E0,1.362105083E1,1.468950033E0
3.222481268E1,3.531000137E0,1.215105057E1,2.091000080E0
3.222725606E1,1.291950107E0,4.693050385E0,-1.732050061E0
3.222969945E1,9.109500647E-1,6.069000244E0,-3.919950247E0
3.223214283E1,3.313050270E0,1.354905033E1,1.249500066E-1
3.223458622E1,4.062000275E0,1.490205097E1,1.930950046E0
3.223702960E1,1.785000086E0,7.234950542E0,-9.130500555E-1
3.223947298E1,2.029500157E-1,7.360050201E0,6.450000405E-1
3.224191643E1,-9.019500613E-1,1.626000023E1,-4.095000029E-2
3.224435982E1,-2.047049999E0,1.136805058E1,3.919950247E0
3.224680320E1,-3.177000046E0,6.538950443E0,2.647050142E0
3.224924658E1,-3.478950262E0,9.826050758E0,1.746000051E0
3.225168997E1,-1.896000147E0,1.090095043E1,2.254050016E0
3.225413358E1,2.009999990E0,1.265595055E1,4.033050060E0
3.225657674E1,1.512195110E1,6.984000206E0,-2.965050220E0
3.225902035E1,7.311000347E0,5.269950390E0,-9.313950539E0
3.226146374E1,6.073050499E0,8.260050774E0,-1.993800163E1
3.226390713E1,1.846395111E1,5.563950062E0,-2.561505127E1
3.226635052E1,9.660000801E0,3.876000166E0,-2.729295158E1
3.226879390E1,6.559950352E0,7.324050426E0,-1.745205116E1
3.227123729E1,7.156050205E0,9.177000046E0,-1.094505024E1
3.227368067E1,4.869000435E0,7.899000168E0,-3.874050140E0
3.227612408E1,1.957950115E0,5.433000088E0,8.509500623E-1
3.227856754E1,2.839500010E-1,2.473050117E0,1.299000025E0
3.228101093E1,2.731050014E0,2.992950201E0,1.432950020E0
3.228345431E1,4.171950340E0,7.384050369E0,-2.809500098E-1
3.228589770E1,5.158950329E0,2.136000156E0,-2.799000025E0
3.228834108E1,6.919050217E0,8.569500446E-1,-4.303050041E0
3.229078469E1,9.646050453E0,4.860000134E0,-3.907950163E0
3.229322808E1,5.911050320E0,6.607950211E0,-3.676050186E0
3.229567123E1,6.105000153E-2,4.056000233E0,-6.754950523E0
3.229811484E1,-1.270500124E-1,5.169000149E0,-6.079950333E0
3.230055823E1,4.801950455E0,8.931000710E0,-1.072395039E1
3.230300162E1,8.692950249E0,5.653050423E0,-9.889050484E0
3.230544500E1,4.096050262E0,2.578950167E0,-5.277000427E0
3.230788838E1,-5.410500169E-1,4.738050461E0,-2.995950222E0
3.231033177E1,-2.029500157E-1,1.001295090E1,3.385950089E0
3.231277515E1,2.073000193E0,1.625205040E1,4.507050037E0
3.231521861E1,2.803050041E0,1.018305016E1,2.218050003E0
3.231766199E1,1.270950079E0,6.388050079E0,-1.780500114E-1
3.232010538E1,1.002000093E0,1.348500061E1,1.588050127E0
3.232254876E1,3.022950172E0,1.830405045E1,3.481950283E0
3.232499215E1,5.631000042E0,9.718050003E0,2.749950171E0
3.232743576E1,9.424950600E0,6.133950233E0,-9.168000221E0
3.232987892E1,1.368000031E1,7.779000282E0,-1.509405041E1
3.233232253E1,8.508000374E0,9.769050598E0,-1.625505066E1
3.233476592E1,9.570000172E-1,7.293000221E0,-9.247050285E0
3.233720930E1,2.068050146E0,5.895000458E0,2.686950207E0
3.233965269E1,2.647050142E0,1.173405075E1,2.557950020E0
3.234209607E1,3.205050230E0,1.387500095E1,1.303050041E0
3.234453946E1,2.560950041E0,8.290950775E0,3.039000034E0
3.234698284E1,2.326050043E0,4.563000202E0,1.501950026E0
3.234942622E1,2.737950087E0,8.698050499E0,1.786950111E0
3.235186968E1,4.065000057E0,1.430595112E1,1.939950109E0
3.235431307E1,3.424950123E0,1.135095024E1,3.669000149E0
3.235675645E1,1.201050043E0,6.064950466E0,2.596050024E0
3.235919984E1,8.640000224E-1,8.440050125E0,2.929500043E-1
3.236164324E1,2.752950191E0,1.435095024E1,2.104950190E0
3.236408685E1,2.247000217E0,1.028295040E1,1.489950061E0
3.236653024E1,2.161050081E0,5.629050255E0,-2.850000262E-1
3.236897362E1,2.070000172E0,8.313000679E0,6.190500259E-1
3.237141699E1,3.475950241E0,1.392705059E1,2.211000204E0
3.237386038E1,3.034950256E0,1.084095097E1,3.720000088E-1
3.237630376E1,1.120050073E0,4.558950424E0,-1.621050119E0
3.237874715E1,1.771050096E0,7.168050289E0,4.579500258E-1
3.238119053E1,1.114200020E1,1.245300102E1,-5.770950317E0
3.238363393E1,7.251000404E0,8.128950119E0,-1.562805080E1
3.238607739E1,2.683050156E0,5.476050377E0,-1.040595055E1
3.238852078E1,2.122950077E0,7.920000553E0,1.800000072E-1
3.239096416E1,5.410050392E0,1.258695030E1,2.673000097E0
3.239340755E1,5.247000217E0,1.238595104E1,-3.120000064E-1
3.239585094E1,2.128050089E0,6.724950314E0,-1.693050027E0
3.239829432E1,5.449500084E-1,3.751950264E0,-6.420000196E-1
3.240073793E1,7.848000526E0,9.754050255E0,-6.546000481E0
3.240318109E1,1.042905045E1,6.241950512E0,-1.411005020E1
3.240562470E1,6.114000320E0,4.318950176E0,-1.632495117E1
3.240806808E1,4.849950314E0,4.812000275E0,-9.405000687E0
3.241051147E1,7.848000526E0,7.807950497E0,-4.372050285E0
3.241295485E1,5.592000484E0,7.137000561E0,-3.697050095E0
3.241539824E1,1.764000058E0,5.571000099E0,8.130000234E-1
3.241784162E1,2.650050163E0,6.579000473E0,6.295050144E0
3.242028500E1,6.841950417E0,8.959050179E0,3.183000088E0
3.242272839E1,8.932050705E0,5.278950214E0,7.189500332E-1
3.242517185E1,9.864000320E0,2.254950047E0,-6.013050079E0
3.242761523E1,7.306950569E0,6.397050381E0,-9.235050201E0
3.243005862E1,6.250950336E0,1.083900070E1,-8.778000832E0
3.243250200E1,3.756000280E0,1.271400070E1,-7.678950310E0
3.243494539E1,1.156050086E0,1.032600021E1,-2.902050257E0
3.243738900E1,-2.659500241E-1,9.394950867E0,1.248000026E0
3.243983216E1,3.037950039E0,1.375995064E1,-1.319999993E-1
3.244227577E1,8.512949944E0,1.399905109E1,-4.732050419E0
3.244471893E1,7.375950336E0,6.271050453E0,-6.841050148E0
3.244716254E1,4.273050308E0,5.866050243E0,-7.597950459E0
3.244960593E1,6.811050415E0,9.646050453E0,-7.605000496E0
3.245204931E1,6.382050514E0,9.900000572E0,-9.016950607E0
3.245449270E1,1.081050038E0,5.670000076E0,-8.797050476E0
3.245693608E1,3.540000021E-1,3.940950155E0,-7.879500389E-1
3.245937954E1,3.042000055E0,8.374950409E0,2.152950048E0
3.246182293E1,3.852000237E0,1.075500011E1,-3.619500101E-1
3.246426629E1,1.804050088E0,4.872000217E0,-8.839500546E-1
3.246670968E1,1.366050124E0,1.582950115E0,2.833050251E0
3.246915306E1,2.455950022E0,6.277950287E0,8.440500498E-1
3.247159645E1,3.385050058E0,1.283595085E1,3.549000263E0
3.247403983E1,2.638050079E0,9.304050446E0,1.014000058E0
3.247648323E1,6.240000129E-1,7.105950356E0,8.205000311E-2
3.247892661E1,-1.039050102E0,1.149705029E1,-2.980950117E0
3.248137000E1,1.800000109E-2,1.242405033E1,1.276950002E0
3.248381361E1,9.660000205E-1,1.136805058E1,5.197050095E0
3.248625700E1,1.747050047E0,8.325000763E0,1.147950053E0
3.248870040E1,6.649500132E-1,1.042200089E1,-1.834950089E0
3.249114378E1,2.377050161E0,1.591995049E1,1.062000036E0
3.249358717E1,3.600000143E0,1.204605103E1,1.717950106E0
3.249603063E1,1.303950071E0,6.097950459E0,-2.700000070E-2
3.249847401E1,1.065000057E0,1.023795033E1,-1.546950102E0
3.250091740E1,7.816950321E0,1.436595058E1,-5.356050491E0
3.250336079E1,3.223950148E0,1.054005051E1,-1.109805012E1
3.250580417E1,5.400000140E-2,6.598950386E0,-7.204950333E0
3.250824756E1,1.371000051E0,6.796950340E0,-2.124000072E0
3.251069117E1,4.042950153E0,1.503105068E1,1.363050103E0
3.251313432E1,3.868050098E0,1.513395119E1,1.842000127E0
3.251557794E1,1.527000070E0,7.246950150E0,4.180500209E-1
3.251802132E1,-7.180500627E-1,6.607950211E0,-2.019000053E0
3.252046471E1,-4.309500158E-1,1.384605026E1,3.649500310E-1
3.252290810E1,3.445050240E0,1.116195011E1,1.654950023E0
3.252535148E1,1.122000098E0,4.518000126E0,-8.220000267E0
3.252779486E1,5.008050442E0,4.954050064E0,-8.694000244E0
3.253023832E1,8.833950043E0,8.974050522E0,-9.769050598E0
3.253268171E1,5.302950382E0,7.297950268E0,-1.422495079E1
3.253512510E1,-8.809500337E-1,5.563950062E0,-1.047795010E1
3.253756848E1,-8.929500580E-1,5.703000069E0,-2.758950233E0
3.254001186E1,2.395950079E0,7.036950111E0,1.375050068E0
3.254245525E1,5.728950500E0,6.309000492E0,-9.270000458E-1
3.254489863E1,6.391950130E0,2.100000143E0,-1.614000082E0
3.254734202E1,6.121050358E0,1.848000050E0,1.596000075E0
3.254978539E1,8.962950706E0,5.512050152E0,-6.970500350E-1
3.255222877E1,6.351000309E0,7.219050407E0,-6.463050365E0
3.255467239E1,8.110500574E-1,5.623950481E0,-5.662950039E0
3.255711577E1,3.378000259E0,5.545050144E0,-2.890050173E0
3.255955916E1,8.800950050E0,6.619950294E0,-9.669000626E0
3.256200254E1,1.138200092E1,4.887000084E0,-1.008300018E1
3.256444592E1,8.317049980E0,3.442950249E0,-7.179000378E0
3.256688938E1,3.631050110E0,4.911000252E0,-7.650000572E0
3.256933277E1,8.377050400E0,6.796950340E0,-1.021905041E1
3.257177613E1,1.051695061E1,5.509050369E0,-9.712050438E0
3.257421952E1,2.671050072E0,4.819950104E0,-5.509950161E0
3.257666290E1,2.334000111E0,6.783000469E0,-1.900500059E-1
3.257910629E1,6.708000183E0,8.409000397E0,-1.438950062E0
3.258154967E1,5.334000111E0,7.723950386E0,1.798950076E0
3.258399304E1,4.563000202E0,6.699000359E0,5.383050442E0
3.258643643E1,2.467950106E0,6.261000156E0,2.017050028E0
3.258888004E1,1.078950047E0,1.128405094E1,-1.921050072E0
3.259132343E1,6.739500165E-1,1.446405029E1,-1.720050097E0
3.259376682E1,1.302000046E0,1.022400093E1,1.284000039E0
3.259621020E1,-1.851000071E0,1.167705059E1,-2.115000010E0
3.259865358E1,-3.393000126E0,1.144695091E1,-7.005000114E-2
3.260109697E1,-2.941950083E0,1.468605042E1,-4.840500355E-1
3.260354043E1,6.859500408E-1,8.976000786E0,7.410000563E-1
3.260598374E1,8.680500388E-1,5.800950050E0,-7.759500146E-1
3.260842720E1,-1.240500063E-1,7.246950150E0,-2.626950026E0
3.261087058E1,-6.199500561E-1,1.170795059E1,1.069050074E0
3.261331397E1,1.090950012E0,8.348999977E0,1.939950109E0
3.261575735E1,6.499500275E-1,6.655950546E0,-1.851000071E0
3.261820076E1,-3.660000265E-1,8.368050575E0,9.589500427E-1
3.262064414E1,3.319500089E-1,9.831000328E0,2.742000103E0
3.262308753E1,6.600000262E-1,9.685050011E0,1.813050032E0
3.262553114E1,1.414050102E0,5.953950405E0,-2.260500044E-1
3.262797453E1,8.730000257E-1,2.269950151E0,-1.747950077E0
3.263041791E1,2.491950035E0,7.477050304E0,4.441950321E0
3.263286130E1,4.788000107E0,1.375995064E1,4.567049980E0
3.263530468E1,1.010505009E1,3.634050131E0,1.849500090E-1
3.263774814E1,1.052700043E1,1.432050109E0,-1.359795094E1
3.264019153E1,1.085205078E1,7.960950375E0,-1.799805069E1
3.264263490E1,5.925000191E0,9.304050446E0,-1.529805088E1
3.264507829E1,2.539950132E0,6.832950115E0,-8.605950356E0
3.264752167E1,3.199950218E0,6.736950397E0,1.435050011E0
3.264996506E1,3.544950247E0,1.202205086E1,5.236950397E0
3.265240844E1,4.165050030E0,1.254105091E1,1.207950115E0
3.265485182E1,2.982000113E0,8.770050049E0,3.106050253E0
3.265729520E1,4.668000221E0,8.076000214E0,1.540050030E0
3.265973882E1,6.792000294E0,1.009395027E1,-6.099000454E0
3.266218220E1,9.847050667E0,1.079295063E1,-1.189800072E1
3.266462558E1,5.977950096E0,1.001505089E1,-1.327905083E1
3.266706896E1,2.131950140E0,9.328050613E0,-8.716050148E0
3.266951234E1,2.475000143E0,9.438000679E0,9.130500555E-1
3.267195573E1,5.523000240E0,1.259100056E1,2.656050205E0
3.267439911E1,4.383000374E0,1.082205009E1,1.612050056E0
3.267684256E1,4.085999966E0,7.777050495E0,-1.927950144E0
3.267928587E1,4.357050419E0,9.394950867E0,-5.287050247E0
3.268172933E1,7.240050316E0,9.735000610E0,-6.976950169E0
3.268417272E1,7.192050457E0,8.394000053E0,-8.401950836E0
3.268661610E1,3.588000059E0,8.554950714E0,-5.644050121E0
3.268905950E1,1.996050119E0,7.461000443E0,-1.222050071E0
3.269150288E1,2.635050058E0,1.022805023E1,3.777000189E0
3.269394627E1,2.331000090E0,1.219905090E1,2.280000210E0
3.269638988E1,8.250000477E-1,8.935050011E0,2.218050003E0
3.269883327E1,3.319500089E-1,6.816000462E0,-1.180950046E0
3.270127667E1,2.475000143E0,8.253000259E0,4.369500279E-1
3.270372006E1,4.972050190E0,9.265950203E0,-4.642950058E0
3.270616344E1,5.221050262E0,7.321950436E0,-7.144950390E0
3.270860683E1,7.320000529E-1,6.562950134E0,-4.198050022E0
3.271105028E1,1.576950073E0,8.287050247E0,1.471050024E0
3.271349367E1,2.607000113E0,1.390605068E1,1.993050098E0
3.271593706E1,2.050950050E0,1.285200024E1,-4.030500054E-1
3.271838044E1,5.449500084E-1,1.014705086E1,2.140500098E-1
3.272082383E1,-9.105000645E-2,9.535950661E0,3.769500256E-1
3.272326722E1,8.179500103E-1,1.321905041E1,2.188950062E0
3.272571060E1,2.374050140E0,1.384605026E1,7.789500356E-1
3.272815398E1,2.728950024E0,8.248050690E0,2.760000229E-1
3.273059760E1,3.391950130E0,6.690000534E0,-2.740050077E0
3.273304098E1,4.408950329E0,9.418950081E0,-5.416050434E0
3.273548437E1,7.098000526E0,1.093695068E1,-9.652050018E0
3.273792775E1,5.556000233E0,6.655950546E0,-1.316895103E1
3.274037114E1,2.347950220E0,4.573050022E0,-8.946000099E0
3.274281452E1,2.446050167E0,4.365000248E0,-5.038050175E0
3.274525791E1,8.580000877E0,6.702000141E0,-5.361000061E0
3.274770129E1,5.944050312E0,5.382000446E0,-9.204000473E0
3.275014475E1,3.490500152E-1,1.080000043E0,-2.698950052E0
3.275258806E1,2.820000052E-1,6.250500083E-1,5.422050476E0
3.275503152E1,-8.590500355E-1,5.842050076E0,2.077050209E0
3.275747491E1,-2.437050104E0,1.750050068E0,2.082000017E0
3.275991830E1,-7.009500265E-1,-1.500000060E-1,3.693000078E0
3.276236169E1,-4.570500255E-1,-1.069500074E-1,5.400000095E0
3.276480507E1,1.347000122E0,2.095050097E0,4.798950195E0
3.276724868E1,9.852000237E0,2.071050167E0,-7.669500113E-1
3.276969207E1,1.202100086E1,-1.666050076E0,-4.926000118E0
3.277213547E1,1.419495106E1,-1.239000082E0,-1.141395092E1
3.277457886E1,8.680950165E0,4.361999989E0,-1.564695072E1
3.277702224E1,6.676950455E0,8.815950394E0,-2.072505188E1
3.277946563E1,3.289050102E0,7.603950500E0,-1.501005077E1
3.278190901E1,5.520000458E-1,1.197000027E0,2.793000221E0
3.278435243E1,1.491000056E0,1.716900063E1,8.272950172E0
3.278679589E1,4.141050339E0,2.859000206E1,8.118000031E0
3.278923920E1,1.144050002E0,1.014705086E1,1.188000083E0
3.279168266E1,3.420000076E-1,8.245950699E0,1.399050117E0
3.279412604E1,1.680000067E0,1.337205029E1,-6.240000248E0
3.279656943E1,3.775050163E0,1.139205074E1,2.938950062E0
3.279901281E1,2.970000029E0,1.322595024E1,-4.120500088E-1
3.280145642E1,1.582050085E0,8.872950554E0,-1.593000054E0
3.280389981E1,6.790500283E-1,7.099050522E0,-6.450000405E-1
3.280634320E1,1.383000016E0,1.052505016E1,2.247000217E0
3.280878656E1,3.471000195E0,1.425795078E1,-1.384050012E0
3.281122995E1,1.401795101E1,1.037895012E1,-3.204000235E0
3.281367333E1,8.749950409E0,9.055050850E0,-9.976950645E0
3.281611672E1,6.459000111E0,1.136295033E1,-5.232000351E0
3.281856010E1,5.452950478E0,1.555095100E1,-4.213950157E0
3.282100349E1,3.463950157E0,1.426005077E1,-1.080000028E-1
3.282344687E1,1.788000107E0,9.538950920E0,-1.012950063E0
3.282589033E1,2.939999998E-1,8.289000511E0,-1.018050075E0
3.282833372E1,1.186950088E0,6.310950279E0,-9.079500437E-1
3.283077710E1,8.950950623E0,6.850050449E0,-5.413950443E0
3.283322049E1,7.669950485E0,6.871950150E0,-7.993050575E0
3.283566387E1,1.156050086E0,5.794050217E0,-6.541950226E0
3.283810749E1,6.859500408E-1,5.799000263E0,-1.009500027E-1
3.284055087E1,2.191950083E0,8.803950310E0,1.855950117E0
3.284299426E1,2.899050236E0,9.874050140E0,1.531050086E0
3.284543764E1,2.164050102E0,8.410950661E0,5.590500236E-1
3.284788103E1,3.118950129E0,9.117000580E0,1.083000064E0
3.285032441E1,3.439950228E0,1.050600052E1,1.294050097E0
3.285276780E1,4.041000366E0,1.305405045E1,-5.989500284E-1
3.285521118E1,3.997950077E0,1.420500088E1,-5.629500151E-1
3.285765457E1,3.255000114E0,1.418400097E1,9.780000448E-1
3.286009803E1,2.118000031E0,1.474200058E1,1.279500127E-1
3.286254142E1,1.299000025E0,1.583295059E1,-2.205000073E-2
3.286498480E1,1.098000050E0,1.504800034E1,2.725950241E0
3.286742818E1,2.512950182E0,1.723605156E1,-1.150500029E-1
3.286987158E1,2.925000191E0,1.193505096E1,-7.069500089E-1
3.287231497E1,1.801950097E0,1.159305096E1,-5.460000038E-1
3.287475858E1,2.560950041E0,1.526100063E1,-2.205000073E-2
3.287720197E1,2.524950027E0,1.220100021E1,-1.509000063E0
3.287964535E1,9.780000448E-1,8.866050720E0,-2.064000130E0
3.288208872E1,1.705950022E0,1.216995049E1,-2.064000130E0
3.288453211E1,2.652000189E0,1.470300102E1,3.649500310E-1
3.288697549E1,2.383949995E0,1.230705070E1,2.404950142E0
3.288941888E1,7.249500155E-1,7.816950321E0,-1.545000076E0
3.289186227E1,2.340000123E-1,7.276050568E0,-4.471050262E0
3.289430573E1,1.981950045E0,8.842050552E0,-6.645000458E0
3.289674912E1,3.358050108E0,9.603000641E0,-1.139205074E1
3.289919250E1,1.194000006E0,4.525050163E0,-1.169895077E1
3.290163589E1,7.249500155E-1,2.257950068E0,-3.001050234E0
3.290407927E1,2.884050131E0,5.571000099E0,-5.800500512E-1
3.290652265E1,7.206000328E0,9.091050148E0,-1.770000100E0
3.290896604E1,8.323950768E0,5.808000088E0,-2.550000191E0
3.291140942E1,4.555950165E0,4.606950283E0,-1.453950047E0
3.291385304E1,2.905950069E0,6.496050358E0,1.677000046E0
3.291629642E1,5.382000446E0,8.500050545E0,-6.330000162E-1
3.291873980E1,7.441050529E0,9.915000916E0,-4.261950016E0
3.292118319E1,3.186000109E0,7.534950256E0,-4.384050369E0
3.292362657E1,7.099500299E-1,8.356050491E0,-1.222050071E0
3.292606996E1,1.004999995E0,1.161495018E1,2.680050135E0
3.292851334E1,4.596000195E0,1.411200047E1,-1.560000032E-1
3.293095680E1,4.546050072E0,1.000995064E1,-4.593000412E0
3.293340019E1,1.753950119E0,8.868000031E0,-4.269000053E0
3.293584358E1,1.468950033E0,1.167705059E1,-3.429000139E0
3.293828696E1,3.721950293E0,1.360200024E1,-1.108950019E0
3.294073034E1,4.090950012E0,1.151400089E1,-3.490950108E0
3.294317396E1,8.470500112E-1,1.109295082E1,-3.082050085E0
3.294561711E1,9.705000371E-2,8.617050171E0,-1.995000057E-2
3.294806073E1,1.924050093E0,9.511950493E0,2.070000172E-1
3.295050411E1,7.096050262E0,1.173000050E1,-3.391050100E0
3.295294749E1,6.955050468E0,6.217950344E0,-8.365950584E0
3.295539088E1,4.192049980E0,4.765050411E0,-8.272950172E0
3.295783426E1,2.674050093E0,5.928000450E0,-5.505000114E0
3.296027765E1,3.844050169E0,8.473050117E0,-4.902000427E0
3.296272103E1,4.210950375E0,4.839000225E0,-4.971000195E0
3.296516447E1,1.168050051E0,3.706050158E0,-2.167050123E0
3.296760786E1,2.530050039E0,3.100950241E0,3.166050196E0
3.297005124E1,5.772000313E0,5.266950130E0,2.134050131E0
3.297249463E1,6.619050503E0,3.048000097E0,1.083000064E0
3.297493801E1,4.072050095E0,3.631950140E0,-4.365000248E0
3.297738139E1,1.467000127E0,5.452050209E0,-5.962050438E0
3.297982477E1,1.006950021E0,6.019050121E0,-7.774950504E0
3.298226816E1,4.825950146E0,5.044950008E0,-1.030095005E1
3.298471154E1,5.403000355E0,4.513050079E0,-8.175000191E0
3.298715516E1,3.118950129E0,6.804000378E0,-5.509500504E-1
3.298959854E1,1.345050097E0,7.149000168E0,2.139000177E0
3.299204193E1,3.178950071E0,7.630050182E0,2.565000057E0
3.299448531E1,7.608000278E0,7.606950283E0,-8.119500279E-1
3.299692870E1,6.937950134E0,6.034050465E0,-4.144950390E0
3.299937216E1,3.454050064E0,6.229950428E0,-6.451050282E0
3.300181554E1,2.143949986E0,7.324050426E0,-4.711950302E0
3.300425893E1,3.624000072E0,8.871000290E0,-3.586950064E0
3.300670231E1,2.875050068E0,9.634950638E0,-4.581000328E0
3.300914570E1,1.702050090E0,1.048905087E1,-5.149500370E-1
3.301158908E1,1.042950034E0,9.820950508E0,5.760000348E-1
3.301403246E1,1.122000098E0,1.279500103E1,4.440000355E-1
3.301647607E1,2.653950214E0,1.122405052E1,1.633950114E0
3.301891923E1,2.712000132E0,1.105200100E1,-2.260500044E-1
3.302136284E1,2.383949995E0,9.322950363E0,3.409500122E-1
3.302380623E1,3.033000231E0,9.283050537E0,-2.038050175E0
3.302624961E1,5.422050476E0,1.157595062E1,-5.898000240E0
3.302869300E1,4.534049988E0,9.759000778E0,-8.055000305E0
3.303113638E1,2.439000130E0,9.651000023E0,-5.103000164E0
3.303357984E1,2.877000093E0,1.211295033E1,-5.761050224E0
3.303602324E1,6.892050266E0,1.372605038E1,-5.100000501E-1
3.303846663E1,7.507950306E0,1.226805019E1,-3.580050230E0
3.304091001E1,5.061000347E0,1.105200100E1,-3.991950274E0
3.304335340E1,1.239000082E0,8.260050774E0,-2.215050220E0
3.304579678E1,5.190000534E-1,6.105000496E0,-7.710000277E-1
3.304824016E1,3.624000072E0,8.659950256E0,-3.082050085E0
3.305068355E1,2.937000036E0,7.530000210E0,-4.435050011E0
3.305312693E1,1.177050114E0,5.863950253E0,-1.957050085E0
3.305557031E1,1.725000024E0,7.008000374E0,2.838000059E0
3.305801393E1,2.712000132E0,1.208400059E1,1.906950116E0
3.306045731E1,2.511000156E0,1.384605026E1,-3.720000088E-1
3.306290069E1,2.044049978E0,1.069995022E1,1.009050012E0
3.306534408E1,5.209500194E-1,9.567000389E0,-2.445000172E0
3.306778746E1,-1.750050068E0,1.391595078E1,-1.032000065E0
3.307023092E1,-1.855050087E0,1.107795048E1,3.163950205E0
3.307267424E1,-1.348050117E0,1.077405071E1,-2.779500186E-1
3.307511770E1,-4.789500237E-1,1.167195034E1,-1.035000086E0
3.307756101E1,-2.659500241E-1,9.814050674E0,1.347000122E0
3.308000447E1,-1.819500029E-1,1.451595116E1,6.139500141E-1
3.308244786E1,1.531950116E0,1.299105072E1,7.240500450E-1
3.308489123E1,1.407000065E0,9.465000153E0,1.384950042E0
3.308733462E1,8.680500388E-1,6.792000294E0,-6.520500183E-1
3.308977800E1,1.222950101E0,8.397000313E0,-1.618950129E0
3.309222162E1,3.649950266E0,1.030695057E1,2.725950241E0
3.309466500E1,2.700000048E0,5.535000324E0,1.384950042E0
3.309710839E1,1.869000077E0,3.321000099E0,6.810000539E-1
3.309955178E1,2.034000158E0,6.943050385E0,2.593950033E0
3.310199516E1,2.245050192E0,9.318000793E0,5.428950310E0
3.310443862E1,6.919050217E0,5.458950043E0,3.481950283E0
3.310688201E1,9.196050644E0,2.059050083E0,-5.934000492E0
3.310932538E1,6.162000179E0,5.125950336E0,-8.917050362E0
3.311176877E1,2.968050241E0,6.406950474E0,-1.631295013E1
3.311421215E1,4.828050137E0,1.165950060E0,-1.800795174E1
3.311665554E1,1.014900017E1,2.827950239E0,-1.317900085E1
3.311909892E1,7.062000275E0,2.683950186E0,-1.109295082E1
3.312154230E1,5.310000420E0,4.735949993E0,-1.102395058E1
3.312398568E1,5.548950195E0,5.149950027E0,-7.186050415E0
3.312642930E1,9.615000725E0,2.827950239E0,-4.903950214E0
3.312887269E1,7.234950542E0,2.320050001E0,-4.672049999E0
3.313131607E1,4.066950321E0,3.052950144E0,-5.935950279E0
3.313375946E1,8.130000114E0,1.695000052E0,-7.162050247E0
3.313620284E1,1.013400078E1,7.590000629E-1,-6.469950199E0
3.313864622E1,5.920050144E0,2.416050196E0,-3.036000252E0
3.314108961E1,1.725000024E0,5.737050056E0,-2.560050011E0
3.314353307E1,1.893000126E0,8.370000839E0,-3.553950071E0
3.314597638E1,4.584000111E0,1.099200058E1,-4.518000126E0
3.314841984E1,3.070950031E0,1.042200089E1,4.471050262E0
3.315086322E1,2.677950144E0,1.121205044E1,3.661950111E0
3.315330661E1,2.130000114E0,1.123605061E1,-3.360000253E-1
3.315575001E1,5.040000081E-1,1.197405052E1,-1.585050106E0
3.315819339E1,1.381050110E0,1.306605053E1,3.334050179E0
3.316063701E1,2.623050213E0,1.314495087E1,1.147950053E0
3.316308039E1,1.836000085E0,1.084395027E1,-6.589500308E-1
3.316552378E1,1.627050042E0,1.312500095E1,-9.460500479E-1
3.316796716E1,2.841000080E0,1.534005070E1,6.109500527E-1
3.317041054E1,3.840000153E0,1.636005020E1,3.720000088E-1
3.317285393E1,7.302000523E0,1.195905018E1,-2.056950092E0
3.317529731E1,2.194950104E0,9.505050659E0,-1.100205040E1
3.317774070E1,2.353049994E0,9.430950165E0,-1.242705059E1
3.318018408E1,6.562050343E0,1.025505066E1,-8.782950401E0
3.318262754E1,5.224050045E0,8.657999992E0,-9.654000282E0
3.318507093E1,2.968050241E0,5.871000290E0,-7.909050465E0
3.318751431E1,3.969000101E0,7.996950150E0,-2.719950199E0
3.318995770E1,3.837000132E0,1.026195049E1,3.219000101E0
3.319240108E1,4.033950329E0,9.496050835E0,4.591050148E0
3.319484446E1,3.157050133E0,5.880000114E0,2.893050194E0
3.319728808E1,4.668000221E0,6.301950455E0,2.848050117E0
3.319973123E1,7.897950172E0,6.663000107E0,1.999950051E0
3.320217485E1,1.017705059E1,6.265950203E0,-4.264950275E0
3.320461824E1,5.227950096E0,6.915000439E0,-8.811000824E0
3.320706162E1,1.186950088E0,8.955000877E0,-4.696050167E0
3.320950501E1,6.499500275E-1,8.593050003E0,1.710000038E0
3.321194839E1,9.619500637E-1,9.615000725E0,1.492950082E0
3.321439178E1,1.876050115E0,1.002195072E1,6.760500073E-1
3.321683524E1,2.104050159E0,9.484050751E0,8.200500607E-1
3.321927862E1,2.197050095E0,9.220050812E0,1.272000074E0
3.322172201E1,1.603050113E0,8.413050652E0,-8.700000644E-1
3.322416539E1,3.508950233E0,1.155495071E1,8.890500665E-1
3.322660878E1,5.743050098E0,1.136100101E1,-8.188950539E0
3.322905238E1,6.670500040E-1,1.005600071E1,-8.731950760E0
3.323149576E1,-2.389500141E-1,7.504050255E0,-3.991950274E0
3.323393915E1,3.730500042E-1,7.924950600E0,5.970000029E-1
3.323638253E1,2.062950134E0,1.126995087E1,1.296000004E0
3.323882592E1,2.554050207E0,6.799950123E0,-1.044000030E0
3.324126930E1,3.229050159E0,4.539000034E0,-3.538950205E0
3.324371269E1,3.865950108E0,7.611000538E0,-4.396049976E0
3.324615607E1,5.299950123E0,9.814050674E0,-3.277950048E0
3.324859945E1,5.299950123E0,1.027095032E1,-3.532050133E0
3.325104292E1,3.130950212E0,1.165500069E1,-2.026050091E0
3.325348630E1,9.070500135E-1,1.093005085E1,1.249500066E-1
3.325592968E1,7.939500213E-1,1.097295094E1,5.110050201E0
3.325837306E1,7.749000549E0,1.094400024E1,4.150500298E-1
3.326081645E1,1.096005058E1,9.690000534E0,-9.448050499E0
3.326326006E1,5.596950054E0,9.499950409E0,-1.236495018E1
3.326570346E1,2.106000185E0,1.048200035E1,-6.541950226E0
3.326814662E1,4.036050320E0,1.305405045E1,-2.638950109E0
3.327059023E1,6.612000465E0,1.372605038E1,-5.206050396E0
3.327303362E1,5.440950394E0,1.273305035E1,-5.905050278E0
3.327547700E1,1.147950053E0,1.257900047E1,-3.244950056E0
3.327792037E1,2.389500141E-1,1.171500015E1,6.599999964E-2
3.328036375E1,4.114950180E0,1.144005013E1,-1.135050058E0
3.328280714E1,7.867050171E0,1.157100010E1,-4.174050331E0
3.328525060E1,5.728950500E0,1.030995083E1,-5.019000053E0
3.328769398E1,1.134000063E0,1.066605091E1,-2.086050034E0
3.329013737E1,1.519950032E0,1.025895023E1,1.540050030E0
3.329258075E1,3.736950159E0,1.003005028E1,-2.520000041E-1
3.329502414E1,4.009950161E0,9.757050514E0,-5.103000164E0
3.329746752E1,1.845000029E0,8.550000191E0,-4.212000370E0
3.329991091E1,1.951050043E0,7.819950581E0,-1.782000065E0
3.330235454E1,5.179950237E0,1.001505089E1,-2.052000046E0
3.330479793E1,5.607000351E0,8.622000694E0,-4.779000282E0
3.330724132E1,2.350050211E0,7.807950497E0,-3.457950115E0
3.330968470E1,-3.640500307E-1,7.032000542E0,7.480500340E-1
3.331212809E1,1.125000000E0,8.839950562E0,3.274050236E0
3.331457147E1,5.221050262E0,7.168050289E0,-1.471050024E0
3.331701485E1,5.263950348E0,6.739950180E0,-5.644050121E0
3.331945831E1,1.084050059E0,6.673050404E0,-4.650000095E0
3.332190170E1,-1.909500062E-1,8.224050522E0,9.750000238E-1
3.332434509E1,2.686050177E0,9.388050079E0,3.283050060E0
3.332678847E1,5.556000233E0,9.939000130E0,-5.920500159E-1
3.332923185E1,4.656000137E0,9.394950867E0,-5.665050507E0
3.333167524E1,1.093050003E0,9.204000473E0,-4.118999958E0
3.333411862E1,2.748000145E0,9.157950401E0,-2.986050129E0
3.333656201E1,6.574050426E0,1.037895012E1,-5.941050053E0
3.333900539E1,6.187950134E0,9.145950317E0,-9.415050507E0
3.334144878E1,3.397050142E0,9.832950592E0,-9.175050735E0
3.334389239E1,4.551000118E0,8.943000793E0,-7.095000267E0
3.334633578E1,8.761950493E0,7.956000328E0,-8.710950851E0
3.334877916E1,7.330050468E0,5.655000210E0,-1.010700035E1
3.335122255E1,1.339950085E0,6.025950432E0,-6.985050201E0
3.335366601E1,3.820500076E-1,2.835000038E0,-1.300950050E0
3.335610932E1,6.387000084E0,2.832000017E0,3.427050114E0
3.335855278E1,8.077950478E0,1.173000097E0,-2.545950174E0
3.336099616E1,3.124050140E0,5.700000525E-1,-1.473000050E0
3.336343955E1,1.471950054E0,2.301000118E0,3.513000250E0
3.336588293E1,2.829000235E0,5.823000431E0,2.224950075E0
3.336832632E1,5.235000134E0,6.558000088E0,6.229500175E-1
3.337076970E1,7.555950165E0,5.562000275E0,-1.461000085E0
3.337321310E1,3.940050125E0,5.119050026E0,-7.198050499E0
3.337565671E1,3.837000132E0,5.782050133E0,-1.263495064E1
3.337810010E1,7.659000397E0,4.791000366E0,-1.548705101E1
3.338054348E1,9.900000572E0,5.230950356E0,-1.260405064E1
3.338298687E1,4.912050247E0,5.229000092E0,-7.984950542E0
3.338543027E1,2.599050045E0,8.671950340E0,-9.501000404E0
3.338787373E1,5.439000130E0,9.385950089E0,-4.024950027E0
3.339031711E1,4.072050095E0,1.210995102E1,5.967000484E0
3.339276050E1,3.976050138E0,1.091295052E1,8.968050003E0
3.339520388E1,2.635050058E0,7.626000404E0,1.593000054E0
3.339764726E1,3.004050255E0,8.227050781E0,-1.068000078E0
3.340009065E1,5.377050400E0,1.098300076E1,3.228000164E0
3.340253403E1,8.908050537E0,7.939050198E0,-1.147050023E0
3.340497742E1,4.522050381E0,4.168050289E0,-7.753050327E0
3.340742080E1,3.454050064E0,8.670000076E0,-6.384000301E0
3.340986441E1,3.658050060E0,1.246005058E1,-6.103950500E0
3.341230780E1,3.112050056E0,1.232100105E1,-1.327050090E0
3.341475119E1,2.785950184E0,1.118100071E1,-7.240500450E-1
3.341719457E1,1.560000062E0,1.009695053E1,-1.630500108E-1
3.341963796E1,1.789950132E0,8.466000557E0,4.630500078E-1
3.342208135E1,2.488950014E0,9.814050674E0,1.429950118E0
3.342452474E1,2.472000122E0,8.641050339E0,-1.780500114E-1
3.342696820E1,4.560000300E-1,4.741050243E0,-4.954050064E0
3.342941151E1,2.407950163E0,3.481050253E0,-5.301000118E0
3.343185497E1,8.025000572E0,5.767950058E0,-1.246995068E1
3.343429836E1,4.045950413E0,3.811950207E0,-1.288695049E1
3.343674174E1,2.460000068E-1,2.172000170E0,-3.999000072E0
3.343918513E1,-1.087050080E0,2.830050230E0,5.982000351E0
3.344162851E1,1.492950082E0,3.366000175E0,4.276950359E0
3.344407212E1,7.149000168E0,7.057950497E0,6.040500402E-1
3.344651551E1,3.400950193E0,3.369000196E0,9.829500318E-1
3.344895889E1,2.572950125E0,2.229000092E0,3.934950113E0
3.345140228E1,3.445050240E0,9.193950653E0,-2.329500169E-1
3.345384574E1,3.234000206E0,1.218705082E1,8.269500136E-1
3.345628902E1,2.026950121E0,9.772950172E0,1.350000054E-1
3.345873248E1,7.870500088E-1,8.052000046E0,1.548000097E0
3.346117579E1,1.309050083E0,6.577050209E0,1.914000034E0
3.346361925E1,3.660000086E0,1.011600018E1,-4.549950123E0
3.346606264E1,4.800000191E0,8.974050522E0,-1.047795010E1
3.346850602E1,6.580500603E-1,6.256050110E0,-1.540995026E1
3.347094941E1,1.893000126E0,8.224050522E0,-1.261800098E1
3.347339279E1,8.097000122E0,8.614950180E0,-9.730950356E0
3.347583618E1,4.177050114E0,6.346950531E0,-9.232950211E0
3.347827979E1,2.121000051E0,5.794050217E0,-4.537950039E0
3.348072318E1,1.516950130E0,6.220050335E0,1.330050111E0
3.348316656E1,5.017950058E0,9.108000755E0,4.099950314E0
3.348560994E1,5.607000351E0,7.132050514E0,5.110500455E-1
3.348805333E1,5.389050484E0,4.683000088E0,9.630000591E-1
3.349049671E1,4.054950237E0,6.630000114E0,1.243950009E0
3.349294010E1,4.891050339E0,1.060695076E1,3.000000026E-3
3.349538349E1,6.658050537E0,1.209300041E1,-2.008949995E0
3.349782687E1,6.624000549E0,1.146105099E1,-6.694950104E0
3.350027033E1,3.088050127E0,1.026705074E1,-7.537950516E0
3.350271372E1,2.428950071E0,1.050105095E1,-4.425000191E0
3.350515710E1,7.972050190E0,1.012095070E1,-6.202050209E0
3.350760049E1,1.041405010E1,8.611950874E0,-1.240005016E1
3.351004410E1,5.653950214E0,8.679000854E0,-1.520895100E1
3.351248726E1,4.764000416E0,8.398950577E0,-9.738000870E0
3.351493087E1,1.029900074E1,9.241950035E0,-6.634950161E0
3.351737426E1,7.531950474E0,6.832950115E0,-7.405950546E0
3.351981764E1,2.994000196E0,5.755950451E0,-4.303050041E0
3.352226103E1,3.967050076E0,5.559000492E0,9.679500461E-1
3.352470441E1,8.869950294E0,6.352050304E0,6.040500402E-1
3.352714780E1,7.747050285E0,5.416050434E0,-2.344050169E0
3.352959118E1,3.952050209E0,5.095050335E0,1.143000007E0
3.353203457E1,4.041000366E0,7.800000191E0,5.002950191E0
3.353447803E1,1.759050131E0,1.279305077E1,3.898950100E0
3.353692141E1,8.800500631E-1,1.357095051E1,1.369950056E0
3.353936480E1,1.239000082E0,1.470300102E1,-9.079500437E-1
3.354180817E1,1.894950032E0,1.267995071E1,3.705000162E0
3.354425156E1,1.326000094E0,1.232295036E1,6.709500551E-1
3.354669517E1,1.531950116E0,1.393905067E1,-7.519500256E-1
3.354913856E1,2.386050224E0,1.090800095E1,1.584000111E0
3.355158194E1,1.432950020E0,9.354000092E0,1.540500075E-1
3.355402533E1,2.080049992E0,1.025505066E1,1.009050012E0
3.355646871E1,9.579000473E0,9.939000130E0,-7.027950287E0
3.355891209E1,2.671050072E0,9.235050201E0,-1.858005142E1
3.356135548E1,2.170950174E0,2.443950176E0,-1.530195045E1
3.356379887E1,1.048050046E0,3.172050238E0,-9.754950523E0
3.356624225E1,4.648950100E0,8.064000130E0,-7.444050312E0
3.356868571E1,1.432950020E0,7.981950283E0,-9.814950943E0
3.357112910E1,1.408950090E0,-1.323000073E0,-2.220000029E0
3.357357247E1,-1.000950098E0,3.678000212E0,8.838000298E0
3.357601586E1,-3.069000244E0,1.042005062E1,4.615050316E0
3.357845924E1,-3.949500322E-1,7.164000511E0,8.389500380E-1
3.358090263E1,3.001950026E0,4.858050346E0,6.003000259E0
3.358334601E1,2.401050091E0,5.538000107E0,3.223950148E0
3.358578940E1,3.934950113E0,6.766050339E0,3.585000277E0
3.358823302E1,1.416105080E1,7.578000546E0,4.822950363E0
3.359067640E1,1.583505058E1,2.059050083E0,-1.523295116E1
3.359311979E1,9.234000206E0,4.923000336E0,-2.331405067E1
3.359556317E1,6.247950077E0,6.414000511E0,-2.300505066E1
3.359800656E1,8.965950012E0,7.969950199E0,-2.185800171E1
3.360045002E1,4.797000408E0,5.128050327E0,-1.558695030E1
3.360289340E1,4.540950298E0,4.183050156E0,-5.706000328E0
3.360533679E1,7.210950375E0,4.711950302E0,-1.297950029E0
3.360778016E1,1.025400066E1,5.428050041E0,1.356000066E0
3.361022354E1,5.868000507E0,3.538950205E0,2.896050215E0
3.361266692E1,3.448950052E0,1.750050068E0,4.330049992E0
3.361511054E1,4.021950245E0,6.448050499E0,-9.630000591E-1
3.361755370E1,3.781950235E0,1.097805023E1,-5.032950401E0
3.361999732E1,3.069000244E0,9.108000755E0,-5.842950344E0
3.362244070E1,1.612950087E0,8.377950668E0,-3.132000208E0
3.362488409E1,-1.120500043E-1,8.425050735E0,1.047000051E0
3.362732747E1,1.204050064E0,1.069500065E1,1.459050059E0
3.362977086E1,3.439950228E0,1.255800056E1,-1.890000105E0
3.363221424E1,3.643050194E0,7.345950127E0,-2.392050028E0
3.363465770E1,3.121050119E0,7.189950466E0,-1.144950032E0
3.363710108E1,6.981000423E0,1.190205097E1,-7.630950451E0
3.363954447E1,6.727050304E0,1.000800037E1,-1.175895023E1
3.364198785E1,7.870500088E-1,8.860950470E0,-6.343050480E0
3.364443123E1,-8.899500370E-1,7.092000484E0,1.590000093E-1
3.364687462E1,2.386050224E0,8.305950165E0,1.396950126E0
3.364931800E1,8.748000145E0,9.373950005E0,-2.028000116E0
3.365176139E1,4.672950268E0,2.478000164E0,-5.352000237E0
3.365420477E1,3.042000055E0,2.293950081E0,-2.626950026E0
3.365664840E1,4.570050240E0,7.486950397E0,-1.228950024E0
3.365909179E1,5.829000473E0,1.110495090E1,-2.503050089E0
3.366153518E1,3.981000185E0,8.835000038E0,-3.184950113E0
3.366397856E1,7.630500197E-1,7.939050198E0,1.696050048E0
3.366642195E1,-3.795000166E-2,9.571950912E0,2.874000072E0
3.366886534E1,3.208050251E0,1.262505054E1,-5.179499984E-1
3.367130873E1,7.102950573E0,7.899000168E0,-7.039950371E0
3.367375219E1,3.151950121E0,6.943050385E0,-9.376950264E0
3.367619558E1,2.832000017E0,9.096000671E0,-5.610000134E0
3.367863896E1,5.698050499E0,1.063800049E1,-6.415050507E0
3.368108233E1,3.670050144E0,8.136000633E0,-3.882000208E0
3.368352571E1,-3.160500228E-1,7.341000557E0,2.613000154E0
3.368596909E1,-1.150500029E-1,7.489050388E0,4.648050308E0
3.368841248E1,4.218000412E0,1.073805046E1,2.071950197E0
3.369085609E1,9.073950768E0,6.867000103E0,-7.111950397E0
3.369329948E1,5.073000431E0,1.384050012E0,-8.562000275E0
3.369574287E1,3.811050177E0,5.061000347E0,-6.922050476E0
3.369818625E1,3.847050190E0,1.100400066E1,-1.969050050E0
3.370062964E1,3.994950294E0,1.276605034E1,-2.173950195E0
3.370307310E1,2.752950191E0,1.051605034E1,-1.680000126E-1
3.370551649E1,7.320000529E-1,7.996950150E0,1.239000082E0
3.370795987E1,7.560000420E-1,1.027905083E1,-3.840000033E-1
3.371040326E1,4.981950283E0,1.092705059E1,-4.621050358E0
3.371284664E1,5.146950245E0,3.594000101E0,-1.258500099E1
3.371529003E1,2.046000004E0,5.322000027E0,-1.335105038E1
3.371773342E1,5.410050392E0,7.551000595E0,-1.196700096E1
3.372017680E1,5.395950317E0,5.557050228E0,-9.718950272E0
3.372262019E1,1.789500117E-1,5.061000347E0,-5.191050053E0
3.372506380E1,5.119500160E-1,2.485050201E0,4.593000412E0
3.372750719E1,6.703050137E0,2.610000134E0,5.091000080E0
3.372995058E1,1.106100082E1,4.614000320E0,1.231950045E0
3.373239396E1,1.033305073E1,4.437000275E0,-2.871000051E0
3.373483734E1,6.913950443E0,2.121000051E0,-1.665000081E0
3.373728073E1,4.441050053E0,5.860950470E0,-3.106050253E0
3.373972411E1,3.157050133E0,1.238100052E1,-2.409000158E0
3.374216757E1,2.620950222E0,1.130100060E1,-2.325000048E0
3.374461088E1,1.053000093E0,9.631950378E0,2.011950016E0
3.374705434E1,-2.895000204E-2,1.012305069E1,7.290000319E-1
3.374949773E1,2.595000029E0,1.225395012E1,2.125050068E0
3.375194110E1,4.134000301E0,1.260600090E1,-5.067000389E0
3.375438448E1,4.350000381E0,9.727950096E0,-7.822950363E0
3.375682786E1,4.342050076E0,1.063800049E1,-1.067400074E1
3.375927148E1,2.923050165E0,1.325700092E1,-9.670950890E0
3.376171486E1,1.605000161E-2,1.101795006E1,-8.716050148E0
3.376415824E1,2.530499995E-1,8.518950462E0,6.070500016E-1
3.376660162E1,9.349500537E-1,1.245300102E1,4.111950397E0
3.376904501E1,1.378050089E0,1.461705112E1,2.208000183E0
3.377148839E1,1.905000091E0,9.421050072E0,9.229500294E-1
3.377393178E1,2.335950136E0,4.171050072E0,-6.799500585E-1
3.377637524E1,4.156050205E0,8.512050629E0,5.320500135E-1
3.377881862E1,5.614050388E0,1.597695065E1,2.500950098E0
3.378126201E1,3.718050241E0,1.519200039E1,1.488000035E0
3.378370539E1,2.116050005E0,1.207695103E1,5.805000290E-2
3.378614878E1,1.651050091E0,1.492305088E1,3.003000259E0
3.378859216E1,5.790000558E-1,1.785704994E1,1.106999993E0
3.379103578E1,1.069050074E0,1.528500080E1,2.517000198E0
3.379347893E1,1.548000097E0,1.002705002E1,2.665950060E0
3.379592254E1,1.414050102E0,1.117905045E1,3.027000189E0
3.379836593E1,2.745000124E0,1.524405098E1,4.774950027E0
3.380080933E1,7.077000141E0,1.281195068E1,6.537000179E0
3.380325271E1,1.503300095E1,1.255050063E0,-1.446705055E1
3.380569610E1,8.926950455E0,5.980500579E-1,-3.036000061E1
3.380813948E1,8.072999954E0,4.927050114E0,-3.344100189E1
3.381058287E1,6.543000221E0,4.243050098E0,-2.921100044E1
3.381302631E1,2.499000072E0,8.710500598E-1,-1.597005081E1
3.381546970E1,1.474050045E0,1.492050052E0,8.994000435E0
3.381791308E1,3.559500277E-1,8.739000320E0,9.133049965E0
3.382035647E1,2.939999998E-1,8.308050156E0,6.051000118E0
3.382279985E1,2.365050077E0,5.026050091E0,2.311050177E0
3.382524350E1,5.427000046E0,5.041950226E0,8.244000435E0
3.382768689E1,6.423000336E0,8.076000214E0,9.327000618E0
3.383013027E1,4.848000050E0,8.016000748E0,8.065050125E0
3.383257366E1,3.448950052E0,5.494950294E0,6.571050167E0
3.383501704E1,4.065000057E0,2.557050228E0,1.047600079E1
3.383746043E1,1.469505024E1,1.993950129E0,-1.552050114E0
3.383990381E1,1.795395088E1,2.254950047E0,-2.797305107E1
3.384234720E1,1.312695026E1,-2.374050140E0,-3.732495117E1
3.384479065E1,7.086000443E0,-1.606050134E0,-3.480599976E1
3.384723404E1,4.812000275E0,5.878050327E0,-2.933295059E1
3.384967741E1,8.149050713E0,5.172000408E0,-1.938000107E1
3.385212080E1,5.242950439E0,2.899050236E0,-9.558000565E0
3.385456418E1,2.295000076E0,1.369050026E0,7.119000435E0
3.385700779E1,6.109050274E0,1.213200092E1,3.592050076E0
3.385945118E1,6.880050182E0,2.298000145E1,5.569950104E0
3.386189434E1,2.227950096E0,7.566000462E0,3.532050133E0
3.386433795E1,1.168050051E0,2.377050161E0,2.094000101E0
3.386678110E1,1.789950132E0,1.216800022E1,7.459500432E-1
3.386922472E1,2.013000011E0,1.850100136E1,5.332950115E0
3.387166810E1,1.785000086E0,1.276395035E1,3.528000116E0
3.387411149E1,1.443000078E0,9.097949982E0,1.675050020E0
3.387655487E1,2.764950037E0,1.190700054E1,2.757000208E0
3.387899833E1,4.113000393E0,1.534005070E1,1.885050058E0
3.388144172E1,2.611050129E0,9.148050308E0,-2.122050047E0
3.388388511E1,4.969500303E-1,3.436050177E0,1.354050040E0
3.388632850E1,5.550000072E-1,7.779000282E0,-4.080000222E-1
3.388877188E1,2.370000124E0,1.767195129E1,3.034050226E0
3.389121527E1,1.515000105E0,7.896000385E0,8.080500364E-1
3.389365865E1,1.810500026E-1,4.069500268E-1,-1.540500075E-1
3.389610203E1,2.755050182E0,8.737050056E0,-5.071950436E0
3.389854564E1,6.100050449E0,2.071800041E1,3.592050076E0
3.390098903E1,4.147950172E0,1.299105072E1,-6.495000422E-2
3.390343242E1,7.699500322E-1,4.019999981E0,-1.336050034E0
3.390587580E1,1.117050052E0,1.075695038E1,1.834950089E0
3.390831919E1,1.687050104E0,1.919295120E1,5.449950218E0
3.391076257E1,5.689499974E-1,9.952950478E0,1.156949997E0
3.391320603E1,-4.120500088E-1,2.430000067E0,2.448000193E0
3.391564942E1,1.429500133E-1,1.037700081E1,3.706950188E0
3.391809280E1,2.041949987E0,1.722405052E1,3.058050156E0
3.392053618E1,3.150000095E0,8.694000244E0,-4.150500298E-1
3.392297957E1,1.489905071E1,1.278000116E0,2.580000162E0
3.392542318E1,1.681395149E1,3.595950127E0,-3.096600151E1
3.392786634E1,1.405800056E1,2.016000032E0,-4.034700012E1
3.393030995E1,2.487000227E0,2.866050243E0,-3.109305191E1
3.393275310E1,2.467950106E0,1.470000029E0,-1.421805096E1
3.393519672E1,4.222949982E0,4.867050171E0,2.448000193E0
3.393764010E1,5.809950352E0,1.726995087E1,9.472949982E0
3.394008349E1,2.548950195E0,7.441050529E0,1.521000028E0
3.394252687E1,7.729500532E-1,2.578950167E0,2.284950018E0
3.394497033E1,2.599050045E0,1.141605091E1,4.722000122E0
3.394741372E1,3.186000109E0,1.370505047E1,8.460000038E0
3.394985710E1,1.725000024E0,7.531950474E0,5.649000168E0
3.395230049E1,5.317050457E0,5.827950478E0,5.817000389E0
3.395474387E1,1.383105087E1,6.610950470E0,-8.599500656E-1
3.395718726E1,9.339000702E0,7.389000416E0,-4.168950081E0
3.395963065E1,2.677950144E0,1.148805046E1,-8.200950623E0
3.396207403E1,2.596950054E0,5.859000206E0,-1.508700085E1
3.396451742E1,7.708950520E0,6.438000202E0,-2.182695198E1
3.396696103E1,5.310000420E0,8.236050606E0,-1.491000080E1
3.396940441E1,-2.509500086E-1,3.931050301E0,-4.459050179E0
3.397184780E1,1.078950047E0,5.185950279E0,1.423050046E0
3.397429118E1,6.058950424E0,1.631204987E1,4.939500093E-1
3.397673457E1,4.488000393E0,1.386795044E1,1.129050016E0
3.397917802E1,2.389050007E0,8.353950500E0,8.269500136E-1
3.398162141E1,1.383000016E0,9.024000168E0,-5.059500337E-1
3.398406480E1,2.269050121E0,1.524000072E1,1.141050100E0
3.398650818E1,2.404950142E0,1.466295052E1,3.894000292E0
3.398895157E1,4.242000103E0,4.518000126E0,2.890950203E0
3.399139494E1,9.696000099E0,5.806050301E0,-9.214050293E0
3.399383832E1,1.351500034E1,5.770050049E0,-2.157495117E1
3.399628170E1,4.915050030E0,3.055050135E0,-2.340195084E1
3.399872509E1,3.769500256E-1,9.840000272E-1,-1.501005077E1
3.400116870E1,2.512950182E0,2.049000025E0,-2.517000198E0
3.400361209E1,3.978000164E0,3.666000128E0,1.750950098E0
3.400605547E1,3.463950157E0,5.322000027E0,5.698950291E0
3.400849886E1,1.594050050E0,2.533050060E0,2.359050035E0
3.401094224E1,4.150950432E0,4.290000439E0,2.704050064E0
3.401338563E1,6.739050388E0,8.452050209E0,1.918950081E0
3.401582898E1,4.009950161E0,7.249950409E0,4.548000336E0
3.401827244E1,2.515950203E0,4.906050205E0,2.268000126E0
3.402071583E1,2.515950203E0,8.875950813E0,-1.699500084E-1
3.402315921E1,2.559000015E0,1.446405029E1,3.351000071E0
3.402560260E1,1.297050118E0,1.030500031E1,2.967000246E0
3.402804598E1,5.119500160E-1,6.168000221E0,2.830500007E-1
3.403048937E1,5.700000376E-2,1.170300102E1,-3.760500252E-1
3.403293275E1,1.273905087E1,1.273005104E1,-6.625050545E0
3.403537637E1,4.036050320E0,7.651950359E0,-1.621500015E1
3.403781975E1,3.274950266E0,6.655950546E0,-1.038900089E1
3.404026313E1,4.690050125E0,1.129095078E1,-8.128950119E0
3.404270652E1,3.820050240E0,1.177695084E1,-6.490950108E0
3.404514990E1,6.580500603E-1,7.398000240E0,-1.906050086E0
3.404759329E1,1.066950083E0,7.401000500E0,1.167000055E0
3.405003667E1,3.526050091E0,1.413300037E1,9.559500217E-1
3.405248013E1,3.885000229E0,1.303695107E1,1.069050074E0
3.405492351E1,2.061000109E0,7.006050110E0,3.150000274E-1
3.405736690E1,1.174950004E0,5.775000095E0,-1.285950065E0
3.405981028E1,1.933950067E0,1.232295036E1,1.071000099E0
3.406225367E1,3.064050198E0,1.630500031E1,4.318050385E0
3.406469705E1,5.568000317E0,5.061000347E0,-3.148950100E0
3.406714067E1,6.076050282E0,4.516050339E0,-9.582000732E0
3.406958405E1,9.709950447E0,9.571950912E0,-1.322400093E1
3.407202744E1,4.204050064E0,5.097000122E0,-1.939200020E1
3.407447082E1,1.002000093E0,1.458000064E0,-1.595100117E1
3.407691420E1,3.471000195E0,1.875000119E0,-3.487050056E0
3.407935758E1,7.512000561E0,2.844000101E0,-1.180500090E-1
3.408180104E1,6.394050121E0,2.482950211E0,-1.039950013E0
3.408424435E1,3.399000168E0,3.294000149E0,4.348950386E0
3.408668773E1,4.867050171E0,3.085950136E0,5.248950481E0
3.408913120E1,1.148205090E1,6.100950241E0,-6.229500175E-1
3.409157459E1,1.219605064E1,1.023795033E1,-1.924950123E0
3.409401797E1,7.084050179E0,6.274950504E0,-1.204395103E1
3.409646136E1,6.616950512E0,9.760950089E0,-1.649700165E1
3.409890474E1,1.008900070E1,1.122405052E1,-1.764900017E1
3.410134834E1,5.398050308E0,9.562950134E0,-1.178805065E1
3.410379173E1,5.065050125E0,1.023795033E1,2.046000004E0
3.410623511E1,5.809950352E0,1.366905022E1,4.258049965E0
3.410867850E1,6.919050217E0,1.462905025E1,-1.357950091E0
3.411112188E1,4.333050251E0,1.165800095E1,-4.264950275E0
3.411356527E1,2.008050203E0,1.029495049E1,-4.341000080E0
3.411600865E1,3.499950171E0,1.381005096E1,-8.019000053E0
3.411845204E1,4.255949974E0,1.285005093E1,-1.129005051E1
3.412089550E1,3.000000119E-2,6.582000256E0,-7.486950397E0
3.412333887E1,-2.560500205E-1,1.980000138E0,-2.248950005E0
3.412578225E1,2.226000071E0,7.687950134E0,-3.330000043E-1
3.412822564E1,3.234000206E0,1.251000023E1,-4.750500321E-1
3.413066902E1,1.872000098E0,5.119050026E0,-6.400500536E-1
3.413311264E1,6.820500493E-1,8.880000710E-1,-9.850500226E-1
3.413555602E1,1.881000042E0,7.765050411E0,-3.393000126E0
3.413799941E1,3.199950218E0,1.438995075E1,1.327050090E0
3.414044279E1,1.467000127E0,7.786050320E0,-7.620000243E-1
3.414288618E1,-1.530000120E-1,2.763000250E0,6.589500308E-1
3.414532956E1,-3.165000200E0,9.261000633E0,4.636050224E0
3.414777295E1,-2.641050100E0,7.426950455E0,4.243950367E0
3.415021633E1,-1.069950104E0,2.974050045E0,1.159500033E-1
3.415265971E1,-7.560000420E-1,2.416050196E0,-2.731950045E0
3.415510317E1,-6.510000229E-1,8.385000229E0,5.038050175E0
3.415754656E1,1.591050029E0,1.016100025E1,5.989050388E0
3.415998996E1,1.945950150E0,5.952000141E0,9.300000668E-1
3.416243335E1,1.393050075E0,2.764950037E0,2.023950100E0
3.416487673E1,4.656000137E0,6.037950516E0,3.039000034E0
3.416732012E1,6.460950375E0,1.159305096E1,2.365950108E0
3.416976350E1,9.684000015E0,5.571000099E0,3.670950174E0
3.417220689E1,1.497105026E1,9.619500637E-1,-1.663605118E1
3.417465050E1,1.208595085E1,6.076950073E0,-3.101805115E1
3.417709389E1,7.726050377E0,7.657050133E0,-2.987595177E1
3.417953727E1,7.387950420E0,9.085950851E0,-1.723694992E1
3.418198066E1,8.788949966E0,1.081695080E1,-7.252950191E0
3.418442404E1,6.780000210E0,1.228695011E1,1.519050121E0
3.418686750E1,3.765000105E0,9.508050919E0,5.671050072E0
3.418931089E1,1.873950124E0,7.846050262E0,6.127950191E0
3.419175427E1,1.516950130E0,9.250950813E0,7.110000134E0
3.419419766E1,4.207950115E0,9.271050453E0,1.381950021E0
3.419664106E1,6.342000484E0,4.324050426E0,-7.540050507E0
3.419908444E1,5.245050430E0,4.140000343E0,-9.541950226E0
3.420152783E1,9.466050148E0,1.089195061E1,-7.207050323E0
3.420397144E1,8.631000519E0,1.503600025E1,-7.747950554E0
3.420641460E1,3.253050089E0,1.352295017E1,-8.838000298E0
3.420885821E1,1.636950135E0,1.206195068E1,-1.429950118E0
3.421130160E1,2.382000208E0,1.496400070E1,2.443050146E0
3.421374498E1,3.021000147E0,1.762905121E1,3.798000097E0
3.421618836E1,2.872050047E0,9.840000153E0,-2.224950075E0
3.421863175E1,7.017000198E0,8.047050476E0,-4.216950417E0
3.422107521E1,1.148505020E1,1.189500046E1,-1.205595016E1
3.422351860E1,6.334050179E0,1.033095074E1,-1.446000099E1
3.422596198E1,2.509500086E-1,8.289000511E0,-1.022205067E1
3.422840536E1,1.110000014E0,8.440050125E0,-2.433000088E0
3.423084875E1,5.722050190E0,1.166700077E1,-3.259500265E-1
3.423329213E1,3.976050138E0,7.611000538E0,-1.657050133E0
3.423573552E1,1.575000048E0,3.855000257E0,1.062000036E0
3.423817890E1,4.273050308E0,7.039050102E0,2.922000170E0
3.424062252E1,7.012050152E0,1.225095081E1,4.890000224E-1
3.424306590E1,3.756000280E0,1.038195038E1,-6.469500065E-1
3.424550929E1,1.792950034E0,7.149000168E0,3.670500219E-1
3.424795268E1,9.019500613E-1,8.617050171E0,2.449500114E-1
3.425039606E1,2.986950159E0,1.374300098E1,7.740000486E-1
3.425283952E1,3.697950125E0,9.934050560E0,-6.421950340E0
3.425528283E1,3.052050114E0,5.053950310E0,-3.345000267E0
3.425772630E1,7.287000179E0,1.021905041E1,-4.803000450E0
3.426016961E1,6.591000080E0,9.910050392E0,-8.218050003E0
3.426261307E1,4.800000191E-1,8.053950310E0,-7.849050522E0
3.426505646E1,-2.370000184E-1,7.176000118E0,-2.242050171E0
3.426749984E1,3.859050274E0,9.844950676E0,-1.477950096E0
3.426994322E1,6.459000111E0,7.851000309E0,-4.672049999E0
3.427238660E1,3.193050146E0,3.703950167E0,-4.384050369E0
3.427483022E1,4.117050171E0,5.080950260E0,-1.063950062E0
3.427727361E1,7.608000278E0,9.900000572E0,-2.205000073E-2
3.427971699E1,6.385050297E0,9.361950874E0,-2.895000219E0
3.428216037E1,2.829000235E0,7.638000488E0,-3.205950260E0
3.428460375E1,9.349500537E-1,7.480050564E0,3.195000067E-2
3.428704714E1,3.435000181E0,1.123200035E1,-4.176000118E0
3.428949052E1,5.191950321E0,9.760950089E0,-7.605000496E0
3.429193400E1,3.150000095E0,6.378000259E0,-8.428050041E0
3.429437739E1,3.883050203E0,7.077000141E0,-6.082050323E0
3.429682077E1,6.580950260E0,8.101950645E0,-5.445000172E0
3.429926416E1,9.499500394E-1,6.601050377E0,-4.866000175E0
3.430170754E1,-1.290000081E-1,4.935000420E0,-8.479500413E-1
3.430415093E1,2.532000065E0,9.433050156E0,1.555050015E0
3.430659454E1,6.391950130E0,9.321000099E0,-2.554950237E0
3.430903793E1,2.484000206E0,5.562000275E0,-3.525000095E0
3.431148132E1,-1.080000028E-1,4.788000107E0,6.139500141E-1
3.431392470E1,2.544000149E0,8.179050446E0,1.236000061E0
3.431636809E1,5.262000084E0,1.465995026E1,-1.849050045E0
3.431881147E1,3.876000166E0,9.567000389E0,-5.256000042E0
3.432125486E1,7.770000100E-1,5.863950253E0,-1.873050094E0
3.432369824E1,2.914950132E0,9.505050659E0,3.030000031E-1
3.432614163E1,5.803050041E0,1.343895054E1,-5.692050457E0
3.432858501E1,6.562050343E0,7.642050266E0,-7.798950195E0
3.433102847E1,6.952050209E0,7.045950413E0,-8.050050735E0
3.433347186E1,8.623050690E0,9.117000580E0,-8.673000336E0
3.433591524E1,3.255000114E0,8.356050491E0,-8.589000702E0
3.433835863E1,5.380499959E-1,5.562000275E0,-5.572050095E0
3.434080224E1,2.358000040E0,5.464050293E0,-1.909050107E0
3.434324540E1,5.716950417E0,9.028950691E0,-3.736050129E0
3.434568901E1,3.676950216E0,4.306950092E0,-7.059000492E0
3.434813240E1,3.150000274E-1,2.808000088E0,-3.292950153E0
3.435057578E1,3.990000248E0,4.216050148E0,2.614950180E0
3.435301915E1,6.868050098E0,6.438000202E0,1.591050029E0
3.435546254E1,3.526050091E0,5.916000366E0,3.405000269E-2
3.435790592E1,1.095000096E-2,4.956000328E0,1.837050080E0
3.436034931E1,3.367950201E0,6.421050072E0,-6.880500317E-1
3.436279276E1,7.821000576E0,6.402000427E0,-8.134050369E0
3.436523615E1,3.400950193E0,5.557050228E0,-9.484050751E0
3.436767954E1,3.552000284E0,6.160050392E0,-4.118999958E0
3.437012292E1,7.398000240E0,7.980000496E0,-2.971950054E0
3.437256654E1,3.460950136E0,7.345950127E0,-5.400000095E0
3.437500988E1,-5.599500537E-1,6.364050388E0,7.260000110E-1
3.437745327E1,-4.800000042E-2,6.001950264E0,4.642950058E0
3.437989665E1,5.134950161E0,9.559950829E0,-2.710950136E0
3.438234004E1,7.038000107E0,7.293000221E0,-7.261950493E0
3.438478342E1,2.839050055E0,4.602000237E0,-4.399050236E0
3.438722680E1,2.920050144E0,6.721050262E0,-1.344000101E0
3.438967018E1,6.828000546E0,1.367400074E1,-4.485000134E0
3.439211357E1,5.950950146E0,1.466700077E1,-3.264000177E0
3.439455703E1,2.227950096E0,1.033095074E1,-4.746000290E0
3.439700041E1,7.819500566E-1,9.916950226E0,2.986950159E0
3.439944380E1,2.674050093E0,1.339395046E1,-5.419500470E-1
3.440188719E1,5.061000347E0,1.100895023E1,-7.030050278E0
3.440433057E1,5.845950127E0,7.210950375E0,-8.914050102E0
3.440677396E1,1.027995014E1,8.719950676E0,-1.081095028E1
3.440921757E1,7.228050232E0,9.505050659E0,-1.315005016E1
3.441166074E1,1.692000031E0,7.573050499E0,-1.028895092E1
3.441410435E1,-7.800000310E-1,7.101000309E0,-4.084949970E0
3.441654774E1,-4.669500291E-1,9.204000473E0,-3.480000198E-1
3.441899112E1,2.161050081E0,6.043050289E0,-3.597000122E0
3.442143451E1,1.749000072E0,3.388050079E0,-7.549500465E-1
3.442387789E1,2.733000040E0,1.791000128E0,3.886950254E0
3.442632128E1,7.065000534E0,4.495950222E0,1.591050029E0
3.442876474E1,7.141050339E0,7.663950443E0,-4.980000257E-1
3.443120812E1,1.852050066E0,5.155050278E0,-9.060000181E-1
3.443365151E1,5.430000424E-1,7.789050579E0,1.284000039E0
3.443609488E1,3.777000189E0,8.883000374E0,-1.807950139E0
3.443853826E1,3.018000126E0,8.466000557E0,-5.323050022E0
3.444098165E1,1.942950130E0,7.492050171E0,-4.047000408E0
3.444342503E1,4.407000065E0,7.606950283E0,-2.701050043E0
3.444586842E1,3.970950127E0,9.040950775E0,-5.356050491E0
3.444831202E1,5.310000181E-1,6.180000305E0,-4.223999977E0
3.445075541E1,1.690500081E-1,4.626000404E0,8.629500270E-1
3.445319880E1,2.604000092E0,9.862050056E0,-3.640500307E-1
3.445564218E1,3.291000128E0,1.342005062E1,-2.907000065E0
3.445808557E1,2.583000183E0,9.096000671E0,-1.188000083E0
3.446052896E1,6.409500241E-1,6.163050175E0,-1.662000060E0
3.446297242E1,1.206000090E0,1.198305035E1,-3.190500140E-1
3.446541581E1,7.486050129E0,1.597695065E1,-2.731950045E0
3.446785920E1,2.508000135E0,8.583000183E0,-5.353950024E0
3.447030258E1,-2.100000158E-2,5.101950169E0,3.000000119E-2
3.447274598E1,2.680950165E0,1.182105064E1,-2.332950115E0
3.447518937E1,7.381050587E0,1.246695042E1,-8.187000275E0
3.447763275E1,7.362000465E0,5.976000309E0,-1.252005100E1
3.448007637E1,8.176050186E0,7.705050468E0,-1.380405045E1
3.448251975E1,7.575000286E0,9.088950157E0,-1.535505104E1
3.448496313E1,5.929500461E-1,8.454000473E0,-1.107405090E1
3.448740652E1,-1.719000101E0,5.181000233E0,-3.235050201E0
3.448984990E1,3.160050154E0,2.751000166E0,2.722950220E0
3.449229336E1,6.064050198E0,3.493050098E0,1.119000077E0
3.449473667E1,3.009000063E0,4.020000100E-1,2.290050030E0
3.449718013E1,1.893000126E0,1.113000035E0,3.991950274E0
3.449962351E1,7.891050339E0,3.340050220E0,2.700000070E-2
3.450206690E1,1.141995049E1,2.458950043E0,-2.265000105E0
3.450451028E1,6.363000393E0,5.701050282E0,-8.638950348E0
3.450695367E1,2.982000113E0,6.819000244E0,-1.249395084E1
3.450939705E1,1.021605015E1,8.392050743E0,-1.511595058E1
3.451184044E1,9.970950127E0,6.325950146E0,-1.349700069E1
3.451428405E1,5.872050285E0,4.956000328E0,-1.354005051E1
3.451672744E1,9.889950752E0,4.494000435E0,-1.210605049E1
3.451917082E1,1.231305027E1,5.962050438E0,-9.490950584E0
3.452161421E1,4.703999996E0,3.550950050E0,-9.400050163E0
3.452405759E1,-3.900000155E-1,3.892950296E0,-5.172000408E0
3.452650098E1,3.688950062E0,5.425050259E0,-7.860000134E-1
3.452894444E1,9.787050247E0,5.896950245E0,-6.589500308E-1
3.453138782E1,5.929950237E0,1.554000020E0,-2.289000034E0
3.453383121E1,8.250000477E-1,3.934050083E0,-2.205000073E-2
3.453627459E1,2.796000242E0,9.177000046E0,1.897050142E0
3.453871798E1,3.741000175E0,1.400400066E1,3.355050087E0
3.454116136E1,2.994000196E0,9.883950233E0,4.180500209E-1
3.454360477E1,6.499500275E-1,7.903050423E0,-4.396049976E0
3.454604839E1,-3.130500019E-1,1.812195015E1,-9.460500479E-1
3.454849177E1,1.275000095E0,1.612800026E1,1.927950144E0
3.455093516E1,1.041000009E0,1.117605019E1,4.939500093E-1
3.455337854E1,8.100000024E-2,1.192095089E1,1.702950120E0
3.455582192E1,9.310500622E-1,1.808205032E1,3.139950037E0
3.455826531E1,3.117000103E0,1.346505070E1,-1.462950110E0
3.456070869E1,1.170000076E0,8.107049942E0,-5.059500337E-1
3.456315208E1,8.749500513E-1,1.465995026E1,2.152950048E0
3.456559546E1,6.460950375E0,1.447800064E1,1.363050103E0
3.456803899E1,3.652950287E0,8.689050674E0,-1.157700062E1
3.457048237E1,1.000500023E-1,5.611950397E0,-5.344950199E0
3.457292576E1,2.602050066E0,9.040950775E0,-5.548050404E0
3.457536914E1,5.145000458E0,1.612095070E1,-3.775950193E0
3.457781276E1,2.767050028E0,6.976950169E0,-6.460050106E0
3.458025614E1,1.848000050E0,5.479950428E0,-2.923950195E0
3.458269952E1,-6.220500469E-1,1.224195099E1,1.180950046E0
3.458514291E1,3.510000110E-1,9.145950317E0,-2.586000204E0
3.458758629E1,4.366050243E0,7.743000507E0,-7.234050274E0
3.459002968E1,8.455950737E0,3.253950119E0,-7.678950310E0
3.459247306E1,8.559000015E0,8.314949989E0,-8.610000610E0
3.459491644E1,1.681950092E0,6.285000324E0,-8.317950249E0
3.459735983E1,-3.880500197E-1,4.041000366E0,-4.782000065E0
3.459980328E1,3.741000175E0,5.502000332E0,1.414050102E0
3.460224667E1,7.114950180E0,5.830050468E0,-2.124000072E0
3.460469006E1,6.294000149E0,4.816950321E0,-6.478950500E0
3.460713345E1,4.708950043E0,2.794050217E0,-2.823000193E0
3.460957683E1,9.402000427E0,4.413000107E0,-3.931950092E0
3.461202022E1,7.512000561E0,6.148050308E0,-8.134050369E0
3.461446383E1,8.869500160E-1,4.846050262E0,-5.638950348E0
3.461690698E1,2.644950151E0,5.266950130E0,-3.049500287E-1
3.461935060E1,7.761000156E0,6.045000076E0,-1.480050087E0
3.462179399E1,7.219950199E0,8.301000595E0,-4.590000153E0
3.462423737E1,4.048050404E0,7.398000240E0,-4.317000389E0
3.462668075E1,8.587050438E0,8.317950249E0,-6.088950157E0
3.462912422E1,6.781950474E0,8.284049988E0,-9.084000587E0
3.463156760E1,-1.638000131E0,8.458950043E0,-1.087095070E1
3.463401099E1,-2.064000130E0,6.838050365E0,-2.529000044E0
3.463645437E1,2.986950159E0,7.635000229E0,1.150050044E0
3.463889776E1,4.246950150E0,9.429000854E0,-4.063950062E0
3.464134115E1,1.888050079E0,7.197000504E0,-8.599500656E-1
3.464378454E1,1.740000099E-1,5.418000221E0,4.296000004E0
3.464622815E1,2.242950201E0,8.923050880E0,-2.136000156E0
3.464867131E1,4.177050114E0,1.262700081E1,-3.544050217E0
3.465111491E1,2.338050127E0,8.416049957E0,-1.143000007E0
3.465355829E1,6.960000396E-1,6.426000118E0,6.330000162E-1
3.465600168E1,1.804050088E0,1.365000057E1,2.295000076E0
3.465844506E1,5.487000465E0,1.348695087E1,-4.614000320E0
3.466088845E1,4.795050144E0,9.405000687E0,-7.108950138E0
3.466333188E1,7.207950115E0,1.092000008E1,-7.726950169E0
3.466577527E1,6.001950264E0,1.275405025E1,-8.301000595E0
3.466821865E1,6.480000019E-1,1.092000008E1,-4.629000187E0
3.467066204E1,3.580500185E-1,5.116050243E0,1.975950122E0
3.467310542E1,-8.620500565E-1,1.208100033E1,6.298050404E0
3.467554880E1,1.345050097E0,9.445050240E0,4.099500179E-1
3.467799218E1,1.273050070E0,4.149000168E0,-5.371050358E0
3.468043556E1,3.757950068E0,3.574950218E0,-7.468050480E0
3.468287895E1,8.443950653E0,6.562950134E0,-9.289950371E0
3.468532256E1,8.037000656E0,7.824000359E0,-9.360000610E0
3.468776595E1,1.113000035E0,5.737050056E0,-7.597950459E0
3.469020934E1,2.239500135E-1,6.964950562E0,-1.438950062E0
3.469265272E1,5.512950420E0,8.871000290E0,7.304999977E-2
3.469509610E1,7.174950123E0,7.008000374E0,-6.714000225E0
3.469753956E1,5.692950249E0,5.959050179E0,-6.309000492E0
3.469998287E1,7.570050240E0,5.746050358E0,-4.155000210E0
3.470242633E1,7.335000515E0,4.052999973E0,-4.669050217E0
3.470486971E1,-1.030500084E-1,4.256999969E0,-4.617000103E0
3.470731310E1,9.619500637E-1,2.386950016E0,3.820500076E-1
3.470975648E1,7.350000381E0,3.313950062E0,-3.090000153E-1
3.471219987E1,4.966950417E0,4.350000381E0,-5.083950043E0
3.471464325E1,-6.705000252E-2,3.045000076E0,-2.320950031E0
3.471708687E1,1.702050090E0,2.752950191E0,2.448000193E0
3.471953025E1,2.362050056E0,7.348050117E0,2.284950018E0
3.472197364E1,1.881000042E0,1.206000042E1,7.170000076E-1
3.472441704E1,1.588950038E0,7.120950222E0,8.250000477E-1
3.472686042E1,1.306050062E0,1.018005085E1,2.550000250E-1
3.472930388E1,4.936050415E0,1.121505070E1,-4.966050148E0
3.473174719E1,3.478050232E0,1.086000061E1,-8.779950142E0
3.473419065E1,4.939050198E0,9.019050598E0,-8.469000816E0
3.473663401E1,8.559000015E0,9.025950432E0,-1.183095074E1
3.473907739E1,4.623000145E0,1.096305084E1,-9.976950645E0
3.474152078E1,-1.044000030E0,6.769050121E0,-3.487050056E0
3.474396416E1,6.000000238E-1,8.932950020E0,-9.510000348E-1
3.474640755E1,7.831050396E0,1.016400051E1,-1.092000008E0
3.474885118E1,6.279000282E0,7.381050587E0,-5.163000107E0
3.475129457E1,1.741950035E0,5.607000351E0,-1.959000111E0
3.475373796E1,3.250950098E0,7.542000294E0,3.289500177E-1
3.475618134E1,8.317049980E0,1.124100018E1,-1.887000084E0
3.475862472E1,4.608000278E0,1.043700027E1,-3.364050150E0
3.476106809E1,1.705950022E0,1.008000088E1,-1.530000091E0
3.476351147E1,4.297049999E0,1.194300079E1,-1.942050099E0
3.476595485E1,8.458050728E0,1.310595036E1,-7.396050453E0
3.476839831E1,5.323950291E0,1.230195045E1,-8.822999954E0
3.477084170E1,6.142950058E0,1.130295086E1,-7.534950256E0
3.477328509E1,6.652950287E0,1.208595085E1,-6.151050091E0
3.477572847E1,2.250000000E0,9.603000641E0,-4.300950050E0
3.477817185E1,6.889500618E-1,8.278950691E0,1.162050009E0
3.478061547E1,2.307000160E0,7.831950188E0,2.065050125E0
3.478305885E1,6.612000465E0,9.295050621E0,-2.581950188E0
3.478550224E1,3.829950094E0,6.816000462E0,-6.087000370E0
3.478794562E1,8.730000257E-1,5.559000492E0,-2.929050207E0
3.479038901E1,1.903050065E0,8.442000389E0,8.890500665E-1
3.479283239E1,3.430050135E0,1.114095020E1,-4.909500182E-1
3.479527578E1,2.298000097E0,8.313000679E0,-1.060950041E0
3.479771922E1,8.040000200E-1,6.064950466E0,5.299500227E-1
3.480016260E1,-1.159050107E0,1.196895027E1,1.396950126E0
3.480260599E1,-8.350500464E-1,8.773050308E0,1.405950069E0
3.480504937E1,1.174950004E0,5.599950314E0,-2.538000107E0
3.480749276E1,7.648950577E0,7.549050331E0,-6.883950233E0
3.480993617E1,7.800000191E0,7.345950127E0,-1.112895012E1
3.481237978E1,2.100000083E-1,7.288050175E0,-1.058295059E1
3.481482294E1,-1.270950079E0,4.599000454E0,-3.730950117E0
3.481726655E1,2.689950228E0,5.521050453E0,7.360500097E-1
3.481970994E1,4.771050453E0,3.831000090E0,-1.705050111E0
3.482215332E1,2.949000120E0,-1.227000117E0,-1.501950026E0
3.482459671E1,5.503950119E0,8.805000782E-2,1.272000074E0
3.482704009E1,8.455950737E0,2.734050035E0,-3.775950193E0
3.482948347E1,6.676950455E0,4.891050339E0,-5.356050491E0
3.483192692E1,1.563000083E0,6.124050140E0,-1.995000124E0
3.483437031E1,2.001000166E0,8.287050247E0,8.200500607E-1
3.483681369E1,7.150950432E0,1.017105007E1,-5.020950317E0
3.483925708E1,6.342000484E0,8.763000488E0,-1.023795033E1
3.484170046E1,5.809950352E0,8.004000664E0,-8.938050270E0
3.484414384E1,1.157595062E1,8.866050720E0,-9.391050339E0
3.484658723E1,5.676000118E0,7.021950245E0,-1.236495018E1
3.484903061E1,1.090500057E-1,5.919000149E0,-4.465950012E0
3.485147400E1,6.073050499E0,4.534950256E0,7.140000463E-1
3.485391761E1,1.143900013E1,7.504050255E0,-4.417950153E0
3.485636101E1,6.334050179E0,6.426000118E0,-7.332000256E0
3.485880439E1,8.299500346E-1,5.397000313E0,8.700000495E-2
3.486124778E1,5.010000229E0,5.373000145E0,-2.458950043E0
3.486369124E1,7.410000324E0,7.812000275E0,-7.171050549E0
3.486613462E1,8.710500598E-1,5.695950508E0,-9.015000343E0
3.486857801E1,1.009950042E0,4.489050388E0,-3.894000292E0
3.487102139E1,5.803050041E0,7.294950485E0,-9.060000181E-1
3.487346478E1,6.676950455E0,7.092000484E0,-5.143050194E0
3.487590816E1,4.917000294E0,6.253950119E0,-5.380050182E0
3.487835155E1,8.065950394E0,6.505050182E0,-2.488050222E0
3.488079495E1,5.391000271E0,9.000000000E0,-2.506950140E0
3.488323833E1,-7.879500389E-1,6.364050388E0,-4.167000294E0
3.488568194E1,-1.429050088E0,2.205000162E0,-3.000000119E-1
3.488812533E1,2.647050142E0,3.433050156E0,2.983950138E0
3.489056872E1,4.168050289E0,4.052999973E0,-1.822950125E0
3.489301211E1,2.022000074E0,5.014050007E0,1.918950081E0
3.489545557E1,1.381050110E0,7.249950409E0,3.066000223E0
3.489789896E1,2.677950144E0,1.105395031E1,1.866000056E0
3.490034234E1,4.756950378E0,1.549605083E1,-1.939500123E-1
3.490278573E1,4.684950352E0,1.335495090E1,-7.260000110E-1
3.490522911E1,2.286000013E0,1.209105015E1,-1.801050067E0
3.490767250E1,2.314050198E0,1.815600014E1,5.879999995E-1
3.491011588E1,3.424950123E0,1.809794998E1,-8.700000644E-1
3.491255927E1,1.756950140E0,1.493295097E1,1.098000050E0
3.491500265E1,1.735050082E0,1.748295021E1,2.734950066E0
3.491744625E1,7.053000450E0,1.594800091E1,-1.564050078E0
3.491988964E1,2.275950193E0,1.393200111E1,-1.229505062E1
3.492233302E1,3.060000241E-1,1.442805099E1,-1.023795033E1
3.492477641E1,3.427950144E0,1.564905071E1,-1.320705032E1
3.492721979E1,2.383949995E0,1.209105015E1,-9.523050308E0
3.492966319E1,-1.081950068E0,3.979050159E0,-3.487050056E0
3.493210658E1,2.386050224E0,1.638000131E0,-2.361000061E0
3.493454996E1,7.788000584E0,1.390395069E1,-1.305000067E0
3.493699342E1,4.951050282E0,7.948950291E0,-7.207050323E0
3.493943681E1,2.832000017E0,3.208050251E0,-3.829050064E0
3.494188017E1,1.017000079E0,9.991050720E0,4.414050102E0
3.494432356E1,1.384950042E0,8.988000870E0,6.982950211E0
3.494676717E1,6.696000099E0,6.783000469E0,3.157050133E0
3.494921056E1,1.222695065E1,5.638050079E0,1.231950045E0
3.495165394E1,1.114905071E1,3.922050238E0,-4.012950420E0
3.495409732E1,5.592000484E0,5.518950462E0,-8.839950562E0
3.495654070E1,3.211950064E0,3.081000090E0,-9.706950188E0
3.495898409E1,9.973950386E0,4.678050041E0,-1.094205093E1
3.496142747E1,1.038795090E1,6.766050339E0,-1.094505024E1
3.496387093E1,3.033000231E0,5.815950394E0,-1.042800045E1
3.496631424E1,9.400500655E-1,8.044950485E0,-8.315999985E0
3.496875770E1,3.483000278E0,7.984950542E0,-1.506000042E0
3.497120109E1,2.548950195E0,9.450000763E0,4.468950272E0
3.497364447E1,2.920050144E0,8.524050713E0,1.773000121E0
3.497608786E1,2.496000051E0,9.297000885E0,-6.640500426E-1
3.497853124E1,2.524950027E0,1.279695034E1,1.894950032E0
3.498097463E1,2.263950109E0,1.112595081E1,3.169500232E-1
3.498341824E1,1.918950081E0,1.202895069E1,7.810500264E-1
3.498586163E1,8.793000221E0,1.469100094E1,-3.063000202E0
3.498830503E1,3.081000090E0,1.104705048E1,-1.160295010E1
3.499074841E1,-2.920500040E-1,6.453000069E0,-5.646000385E0
3.499319180E1,2.961000204E0,7.551000595E0,-6.738000393E0
3.499563518E1,5.367000103E0,1.047495079E1,-7.099950314E0
3.499807856E1,2.781000137E0,5.581050396E0,-8.811000824E0
3.500052200E1,2.340000123E-1,1.135050058E0,-7.060950279E0
3.500296538E1,3.306000233E0,4.426949978E0,-4.669500291E-1
3.500540877E1,3.624000072E0,8.832000732E0,3.619500101E-1
3.500785215E1,1.158000112E0,3.013950109E0,2.653950214E0
3.501029554E1,1.630050063E0,4.966050148E0,5.283000469E0
3.501273916E1,5.062950134E0,7.519950390E0,5.848050117E0
3.501518231E1,9.892050743E0,7.030050278E0,6.310500503E-1
3.501762593E1,1.018200016E1,6.397050381E0,-3.307050228E0
3.502006931E1,1.117305088E1,7.168050289E0,-1.227405071E1
3.502251270E1,3.864000082E0,7.698000431E0,-1.554900074E1
3.502495608E1,-1.149000049E0,8.233950615E0,-9.511050224E0
3.502739946E1,7.009500265E-1,6.031050205E0,-3.724050283E0
3.502984285E1,7.965000153E0,7.018050194E0,-7.542000294E0
3.503228631E1,5.467950344E0,6.481050491E0,-6.918000221E0
3.503472970E1,1.821000099E0,5.538000107E0,-3.028950214E0
3.503717308E1,6.868050098E0,3.754050255E0,-6.850500107E-1
3.503961646E1,1.021800041E1,6.045000076E0,-6.489000320E0
3.504205985E1,4.054950237E0,5.356050491E0,-4.798950195E0
3.504450324E1,4.147950172E0,5.943000317E0,2.437950134E0
3.504694685E1,7.402050495E0,8.241000175E0,-7.309500575E-1
3.504939000E1,5.197050095E0,8.800950050E0,-4.741050243E0
3.505183362E1,3.253050089E0,8.254950523E0,-6.027000427E0
3.505427700E1,7.753950596E0,8.353950500E0,-4.576050282E0
3.505672039E1,7.086000443E0,1.018995094E1,-5.220000267E0
3.505916377E1,6.100500226E-1,9.627000809E0,1.750950098E0
3.506160716E1,3.370500207E-1,7.471950531E0,2.824050188E0
3.506405062E1,2.005950212E0,1.173900032E1,5.515050411E0
3.506649400E1,5.140050411E0,1.230900097E1,-1.015950084E0
3.506893739E1,5.110950470E0,6.814050198E0,-2.124000072E0
3.507138077E1,4.078950405E0,7.051050186E0,-5.055000305E0
3.507382416E1,6.255000114E0,1.417905045E1,-9.192000389E0
3.507626754E1,4.089000225E0,1.329795074E1,-7.815000534E0
3.507871093E1,1.551000118E0,1.054200077E1,7.620000243E-1
3.508115431E1,2.149049997E0,1.283805084E1,1.983000040E0
3.508359792E1,3.025950193E0,1.548405075E1,2.428950071E0
3.508604130E1,1.431000113E0,1.212495041E1,-1.666950107E0
3.508848469E1,7.800000310E-1,9.850050926E0,1.924050093E0
3.509092807E1,6.595050335E0,1.183005047E1,-3.424050093E0
3.509337153E1,1.402050018E0,1.178505039E1,-1.300605106E1
3.509581492E1,-2.989500165E-1,4.018050194E0,-2.922000170E0
3.509825830E1,1.105050087E0,3.583950281E0,-6.714000225E0
3.510070169E1,2.077050209E0,6.061950207E0,-6.690000534E0
3.510314507E1,3.030000031E-1,1.410000026E-1,-9.481950760E0
3.510558846E1,-7.609500289E-1,1.341000080E0,-6.183000088E0
3.510803184E1,3.823050261E0,2.059050083E0,1.465950012E0
3.511047522E1,3.649950266E0,1.471950054E0,3.525000095E0
3.511291861E1,1.951050043E0,4.944000244E0,1.708050132E0
3.511536222E1,1.408950090E0,1.145895100E1,1.159950018E0
3.511780561E1,9.757950783E0,8.586000443E0,5.596050262E0
3.512024898E1,1.294995022E1,7.159050465E0,-2.943000078E0
3.512269236E1,1.030905056E1,5.830050468E0,-8.709000587E0
3.512513582E1,1.176000023E1,9.286950111E0,-1.206495094E1
3.512757913E1,5.461050034E0,7.261950493E0,-1.354995060E1
3.513002259E1,-3.850500286E-1,7.276050568E0,-6.108000278E0
3.513246590E1,1.725000024E0,4.573050022E0,5.230500102E-1
3.513490936E1,5.607000351E0,8.173950195E0,-3.367050171E0
3.513735274E1,4.642050266E0,7.270950317E0,-1.947000146E0
3.513979613E1,8.350500464E-1,5.430000305E0,1.789050102E0
3.514223951E1,1.893000126E0,6.373050213E0,1.336950064E0
3.514468292E1,2.595000029E0,1.031700039E1,-2.136000156E0
3.514712653E1,6.820500493E-1,7.729050159E0,-2.845050097E0
3.514956992E1,1.351950049E0,4.996950150E0,-1.420500129E-1
3.515201330E1,3.588000059E0,1.048905087E1,-7.498950481E0
3.515445669E1,6.150000095E-1,1.156695080E1,-8.881050110E0
3.515690008E1,6.820500493E-1,6.880950451E0,-3.349950075E0
3.515934346E1,5.044050217E0,4.987050056E0,-6.544050217E0
3.516178684E1,2.724000216E0,5.502000332E0,-8.146050453E0
3.516423023E1,-1.638000131E0,3.498000145E0,-2.803950071E0
3.516667369E1,-7.395000011E-2,1.606050134E0,3.160950184E0
3.516911708E1,6.175950527E0,8.070000410E-1,3.456000090E0
3.517156046E1,5.209050179E0,7.369500399E-1,6.379500031E-1
3.517400384E1,4.534049988E0,2.332050085E0,2.371050119E0
3.517644723E1,7.816950321E0,3.354000092E0,1.605000019E0
3.517889084E1,6.588000298E0,5.418000221E0,-3.060000181E0
3.518133422E1,5.994000435E0,1.632900047E1,-4.438950062E0
3.518377760E1,6.082950115E0,1.312995052E1,-3.600000218E-2
3.518622099E1,5.604000092E0,1.127505016E1,-3.477000237E0
3.518866438E1,8.419950485E0,1.329795074E1,-8.383049965E0
3.519110776E1,1.114005089E1,1.330995083E1,-1.231905079E1
3.519355115E1,1.282095051E1,1.275195026E1,-1.602300072E1
3.519599453E1,6.463950157E0,1.201395035E1,-1.553700066E1
3.519843799E1,9.000000358E-2,9.469050407E0,-5.706000328E0
3.520088138E1,6.169500351E-1,7.471950531E0,1.396950126E0
3.520332477E1,6.721950531E0,1.195905018E1,-2.388000011E0
3.520576816E1,5.674050331E0,7.060950279E0,-6.565950394E0
3.520821154E1,2.130000114E0,3.634050131E0,-4.909050465E0
3.521065493E1,5.530050278E0,5.476050377E0,-1.444050074E0
3.521309854E1,7.089000225E0,8.470950127E0,-4.462950230E0
3.521554170E1,3.925950289E0,6.864000320E0,-7.140000463E-1
3.521798531E1,2.824050188E0,8.265000343E0,2.115000010E0
3.522042870E1,3.610050201E0,1.254795074E1,4.368000031E0
3.522287208E1,2.647050142E0,1.177305031E1,2.941050053E0
3.522531547E1,1.156050086E0,9.855000496E0,3.109050035E0
3.522775885E1,1.905000091E0,9.711000443E0,4.414050102E0
3.523020231E1,2.748000145E0,1.244805050E1,2.020500153E-1
3.523264570E1,5.580000401E0,1.079100037E1,-7.789500356E-1
3.523508908E1,4.522050381E0,8.361000061E0,-5.140950203E0
3.523753247E1,8.221050262E0,1.024695015E1,-1.043205070E1
3.523997584E1,6.624000549E0,1.053705025E1,-1.426800060E1
3.524241923E1,1.213050008E0,1.011300087E1,-7.369950294E0
3.524486284E1,6.910500526E-1,8.301000595E0,-4.624050140E0
3.524730600E1,4.816050053E0,1.249995041E1,-2.092950106E0
3.524974961E1,3.591000080E0,1.226295090E1,-6.570000052E-1
3.525219300E1,2.484000206E0,1.029300022E1,1.665000081E0
3.525463638E1,2.560950041E0,1.392000103E1,-3.405000269E-2
3.525707977E1,2.458050013E0,1.296000099E1,-3.019950151E0
3.525952323E1,4.563000202E0,1.263195038E1,-2.050050020E0
3.526196661E1,5.568000317E0,1.242405033E1,-4.549950123E0
3.526440998E1,1.933950067E0,9.946050644E0,-9.075000763E0
3.526685337E1,-3.229500055E-1,5.338950157E0,-3.640050173E0
3.526929675E1,2.029500157E-1,1.954050064E0,1.042050004E0
3.527174014E1,1.359000087E0,1.146405029E1,7.860000134E-1
3.527418352E1,1.596000075E0,2.947050095E0,-4.873050213E0
3.527662690E1,-1.360500008E-1,6.300000548E-1,-6.003000259E0
3.527907029E1,3.340500295E-1,7.165950298E0,-6.130500436E-1
3.528151367E1,2.812050104E0,4.843950272E0,-2.955000162E0
3.528395728E1,1.339950085E0,4.932000160E0,-1.114050031E0
3.528640067E1,1.464000106E0,5.173950195E0,4.543050289E0
3.528884406E1,8.209050179E0,5.823000431E0,9.705000371E-2
3.529128744E1,9.619050026E0,4.570950031E0,-8.773050308E0
3.529373083E1,6.066000462E0,4.104000092E0,-5.553000450E0
3.529617428E1,1.095300007E1,5.779950142E0,-4.189949989E0
3.529861760E1,8.116050720E0,5.923050404E0,-8.497950554E0
3.530106105E1,-8.740500212E-1,7.780950546E0,-8.766000748E0
3.530350444E1,2.026950121E0,5.004000187E0,-5.337000370E0
3.530594783E1,1.173600101E1,6.004950523E0,-5.043000221E0
3.530839121E1,1.007700062E1,5.595000267E0,-9.058050156E0
3.531083460E1,1.294050097E0,7.003050327E0,-6.561000347E0
3.531327821E1,3.985950232E0,6.499950409E0,1.318050027E0
3.531572160E1,5.341050148E0,9.093000412E0,-7.429500222E-1
3.531816498E1,2.707050085E0,1.081695080E1,2.674950123E0
3.532060837E1,1.146000028E0,9.433050156E0,9.490500689E-1
3.532305183E1,3.046950102E0,1.022400093E1,4.290000200E-1
3.532549514E1,6.648000240E0,1.293105030E1,-5.163000107E0
3.532793860E1,4.893000126E0,1.064700031E1,-6.501000404E0
3.533038199E1,1.118805027E1,9.112950325E0,-1.175400066E1
3.533282537E1,7.696950436E0,1.012095070E1,-1.434705067E1
3.533526876E1,-4.740000367E-1,1.109700012E1,-7.068000317E0
3.533771212E1,1.666050076E0,9.238950729E0,6.139500141E-1
3.534015551E1,6.931050301E0,9.975000381E0,7.020000219E-1
3.534259889E1,5.808000088E0,7.264050484E0,-4.714950085E0
3.534504251E1,1.860000134E0,4.093950272E0,-2.371050119E0
3.534748589E1,3.808050156E0,5.269950390E0,1.810950041E0
3.534992929E1,7.402050495E0,6.460050106E0,-2.056950092E0
3.535237268E1,3.733950138E0,5.230950356E0,-2.755950212E0
3.535481606E1,2.824050188E0,5.209950447E0,1.188000083E0
3.535725945E1,6.547950268E0,7.816950321E0,2.089500129E-1
3.535970283E1,4.909950256E0,8.410950661E0,-1.068000078E0
3.536214621E1,2.839050055E0,8.059050560E0,-1.174050093E0
3.536458967E1,7.101000309E0,8.914050102E0,-5.665050507E0
3.536703306E1,2.764950037E0,9.484050751E0,-8.898000717E0
3.536947645E1,-1.534950018E0,7.623000145E0,-3.369000196E0
3.537191984E1,-2.458950043E0,4.065000057E0,4.027950287E0
3.537436345E1,-1.093950033E0,6.229950428E0,1.255950093E0
3.537680661E1,2.287950039E0,5.916000366E0,-3.618000269E0
3.537925022E1,4.014000416E0,4.117949963E0,-3.313950062E0
3.538169338E1,4.314000130E0,3.484050274E0,-1.581000090E0
3.538413701E1,4.255949974E0,5.485050201E0,-3.175050259E0
3.538658039E1,1.315950036E0,5.284050465E0,-3.321000099E0
3.538902378E1,2.460000068E-1,3.907050133E0,-2.059500068E-1
3.539146716E1,1.060050011E0,1.063095093E1,-8.700000644E-1
3.539391055E1,3.151950121E0,4.999050140E0,-5.301000118E0
3.539635400E1,7.149000168E0,6.093000412E0,-6.337950230E0
3.539879738E1,1.010295010E1,4.597050190E0,-7.549950123E0
3.540124077E1,5.578050137E0,5.611950397E0,-7.071000099E0
3.540368415E1,-9.340500236E-1,6.895050526E0,-2.361000061E0
3.540612776E1,1.359000087E0,6.139050484E0,6.207000256E0
3.540857092E1,9.226950645E0,6.060000420E0,1.609950066E0
3.541101453E1,8.038949966E0,6.558000088E0,-4.437000275E0
3.541345769E1,2.863050222E0,8.350950241E0,1.159500033E-1
3.541590130E1,1.777950048E0,1.028805065E1,2.977050066E0
3.541834469E1,1.761000037E0,1.168605042E1,-3.465000153E0
3.542078808E1,1.170000076E0,1.382505035E1,-1.665000081E0
3.542323146E1,1.492950082E0,1.131795025E1,1.311000109E0
3.542567492E1,4.429050446E0,1.313505077E1,-4.765050411E0
3.542811831E1,3.673950195E0,1.610400009E1,-1.231005096E1
3.543056169E1,3.873000145E0,1.422900105E1,-6.795000553E0
3.543300508E1,7.984050274E0,1.519905090E1,-6.817050457E0
3.543544846E1,6.247950077E0,1.349400043E1,-8.670000076E0
3.543789185E1,3.940500319E-1,1.131795025E1,-4.606950283E0
3.544033523E1,6.120000482E-1,8.020950317E0,1.971000075E0
3.544277862E1,2.641950130E0,1.363800049E1,4.789050102E0
3.544522200E1,1.978950143E0,1.130100060E1,-2.755950212E0
3.544766561E1,2.650500238E-1,5.073000431E0,-6.450000405E-1
3.545010900E1,1.723050117E0,8.689050674E0,2.979000092E0
3.545255238E1,7.869000435E0,1.635494995E1,-1.830000043E0
3.545499577E1,3.151950121E0,9.778050423E0,-3.690000057E0
3.545743923E1,1.821000099E0,7.819950581E0,4.290000200E-1
3.545988254E1,4.354050159E0,1.467405033E1,-2.308950186E0
3.546232600E1,4.156050205E0,7.834050179E0,-9.300000191E0
3.546476938E1,4.540950298E0,7.578000546E0,-1.290795040E1
3.546721277E1,7.443000317E0,4.777050018E0,-1.679895020E1
3.546965615E1,3.025950193E0,6.141000271E0,-1.345905018E1
3.547209954E1,-1.975050092E0,4.969950199E0,1.110000089E-1
3.547454292E1,-3.600000218E-2,5.220000148E-1,1.077495098E1
3.547698631E1,3.976050138E0,8.380500674E-1,2.452950001E0
3.547942992E1,2.701950073E0,1.209000111E0,-8.340000510E-1
3.548187332E1,2.899050236E0,1.578000069E0,5.047950268E0
3.548431670E1,8.014950752E0,2.574000120E0,2.553000212E0
3.548676009E1,1.149705029E1,1.597050071E0,-5.910000324E0
3.548920355E1,1.042605019E1,6.730500460E-1,-9.027000427E0
3.549164686E1,7.692000389E0,5.674050331E0,-1.075605011E1
3.549409032E1,1.114695072E1,7.159050465E0,-1.066500092E1
3.549653371E1,9.157050133E0,7.365000248E0,-1.135695076E1
3.549897709E1,7.207950115E0,7.876950264E0,-9.396000862E0
3.550142047E1,1.093200016E1,6.739950180E0,-7.006050110E0
3.550386384E1,6.757950306E0,5.205000401E0,-8.062050819E0
3.550630722E1,1.587000132E0,4.278000355E0,-6.994050503E0
3.550875061E1,3.655050278E0,5.193000317E0,-2.577000141E0
3.551119422E1,1.217895031E1,4.525050163E0,-4.795950413E0
3.551363761E1,5.938950062E0,6.445050240E0,-2.737050056E0
3.551608100E1,3.295950174E0,6.733050346E0,5.632050037E0
3.551852439E1,5.908050060E0,9.745050430E0,2.508000135E0
3.552096777E1,3.796950102E0,1.242900085E1,-1.911000133E0
3.552341116E1,1.113000035E0,1.030305004E1,-1.738950133E0
3.552585454E1,2.041949987E0,9.496050835E0,6.949500442E-1
3.552829793E1,2.736000061E0,1.548105049E1,-3.478950262E0
3.553074139E1,6.940500140E-1,1.186395073E1,-4.666950226E0
3.553318477E1,3.837000132E0,8.337000847E0,-1.216950059E0
3.553562816E1,3.394050121E0,1.401405048E1,-5.775000095E0
3.553807154E1,3.660000265E-1,1.408305073E1,-5.470950127E0
3.554051512E1,1.360500008E-1,7.132050514E0,-3.381000042E0
3.554295851E1,1.735050082E0,6.526950359E0,-7.000500560E-1
3.554540189E1,9.930000305E-1,1.312800026E1,-1.518000126E0
3.554784528E1,2.590050220E0,1.178895092E1,-1.018050075E0
3.555028866E1,9.469500184E-1,4.788000107E0,2.929500043E-1
3.555273205E1,3.730500042E-1,7.647000313E0,4.489500225E-1
3.555517544E1,2.836050034E0,1.562505054E1,2.149049997E0
3.555761882E1,3.967050076E0,1.483305073E1,-1.012950063E0
3.556006228E1,1.500000119E0,1.043205070E1,-9.220500588E-1
3.556250567E1,3.679050207E0,1.726995087E1,1.210500076E-1
3.556494904E1,3.604950190E0,1.955895042E1,2.254050016E0
3.556739242E1,9.070500135E-1,1.001295090E1,1.332000017E0
3.556983581E1,4.069050312E0,1.083600044E1,4.957050323E0
3.557227942E1,7.342050552E0,1.333095074E1,-5.079000473E0
3.557472258E1,5.926950455E0,5.152050018E0,-1.314000034E1
3.557716618E1,9.639000893E0,4.591950417E0,-1.668600082E1
3.557960957E1,8.010000229E0,7.867950439E0,-1.709805107E1
3.558205296E1,1.789950132E0,2.605050087E0,-1.343505096E1
3.558449634E1,1.536000013E0,1.123050094E0,-2.662950039E0
3.558693972E1,5.128050327E0,7.462950230E0,-6.780000329E-1
3.558938310E1,4.330500066E-1,7.606950283E0,1.135950089E0
3.559182656E1,-4.879500270E-1,3.274950266E0,3.259950161E0
3.559426995E1,6.529500484E-1,4.848000050E0,5.254050255E0
3.559671334E1,2.379000187E0,7.402950287E0,4.726950169E0
3.559915672E1,4.444950104E0,6.903000355E0,2.067000151E0
3.560160012E1,9.652950287E0,7.840950489E0,4.131000042E0
3.560404351E1,1.190100098E1,5.727000237E0,2.599500120E-1
3.560648689E1,8.377050400E0,4.341000080E0,-1.018605042E1
3.560893028E1,3.421050072E0,7.437000275E0,-1.706204987E1
3.561137366E1,9.190950394E0,7.069950104E0,-1.955205154E1
3.561381728E1,8.680950165E0,5.286000252E0,-1.902795029E1
3.561626066E1,-3.589500189E-1,6.421050072E0,-1.335300064E1
3.561870405E1,-1.768950105E0,6.031050205E0,-1.621050119E0
3.562114743E1,1.503000021E0,1.174905014E1,7.842000484E0
3.562359088E1,5.520000458E0,1.207695103E1,9.001049995E0
3.562603427E1,3.495000124E0,7.978050232E0,-2.068950176E0
3.562847766E1,4.780950069E0,9.103050232E0,2.524050236E0
3.563092104E1,4.780950069E0,1.058505058E1,1.689000130E0
3.563336443E1,4.306950092E0,1.103295040E1,-8.980500698E-1
3.563580781E1,2.434050083E0,1.342905045E1,8.580000401E-1
3.563825120E1,5.805000305E0,1.177500057E1,6.280500293E-1
3.564069481E1,2.508000135E0,8.466000557E0,-9.811950684E0
3.564313820E1,1.447950125E0,4.671000004E0,-7.090050220E0
3.564558158E1,6.262950420E0,6.886050224E0,-1.186695099E1
3.564802496E1,3.873000145E0,8.196000099E0,-1.183800030E1
3.565046835E1,-2.130000144E-1,1.405050039E0,-7.381950378E0
3.565291173E1,8.539500237E-1,8.590500355E-1,4.902000427E0
3.565535519E1,1.588950038E0,3.735000134E0,5.683050156E0
3.565779858E1,2.191950083E0,4.000950336E0,2.854950190E0
3.566024196E1,2.305050135E0,3.370950222E0,2.047950029E0
3.566268535E1,3.835050106E0,6.043050289E0,4.986000061E0
3.566512873E1,5.109000206E0,6.991050243E0,4.621950150E0
3.566757212E1,5.494050026E0,8.229000092E0,3.279000044E0
3.567001550E1,9.946950912E0,9.910050392E0,-7.810500264E-1
3.567245889E1,5.599050045E0,7.903050423E0,-9.094050407E0
3.567490250E1,1.339950085E0,9.301950455E0,-8.364000320E0
3.567734589E1,3.745950222E0,8.425050735E0,-6.927000523E0
3.567978927E1,8.274000168E0,9.511950493E0,-8.577000618E0
3.568223266E1,4.773000240E0,8.518950462E0,-9.325950623E0
3.568467606E1,1.384950042E0,9.105000496E0,-3.285000086E0
3.568711944E1,4.357050419E0,9.711000443E0,-2.265000105E0
3.568956290E1,4.069050312E0,1.017600060E1,-5.244000435E0
3.569200629E1,8.730000257E-1,7.207050323E0,-3.814950228E0
3.569444967E1,4.114950180E0,7.276050568E0,-3.288000107E0
3.569689308E1,8.455950737E0,7.188000202E0,-9.511050224E0
3.569933646E1,7.636950493E0,4.846050262E0,-1.206795025E1
3.570177984E1,6.442050457E0,6.235050201E0,-9.268950462E0
3.570422346E1,7.668000221E0,6.277950287E0,-8.986050606E0
3.570666684E1,1.927050114E0,4.269000053E0,-5.541000366E0
3.570911023E1,8.370000124E-1,3.394950151E0,3.658950090E0
3.571155361E1,2.338050127E0,5.602950096E0,9.858000755E0
3.571399700E1,3.615000248E0,3.079050064E0,5.709000111E0
3.571644038E1,5.338050365E0,-7.870500088E-1,3.211950064E0
3.571888384E1,8.977950096E0,-2.053050041E0,-5.002050400E0
3.572132715E1,1.637594986E1,-4.060500264E-1,-1.028400040E1
3.572377061E1,1.269795036E1,3.156000137E0,-1.804605103E1
3.572621400E1,4.012050152E0,7.747950554E0,-1.701900101E1
3.572865738E1,1.579050064E0,1.033605003E1,-1.668405151E1
3.573110079E1,1.408950090E0,1.510800076E1,-3.963000298E0
3.573354417E1,2.764950037E0,1.863495064E1,5.725950241E0
3.573598756E1,3.331950188E0,1.452105045E1,7.476000309E0
3.573843117E1,1.924050093E0,1.460700035E1,4.042050362E0
3.574087456E1,2.305050135E0,1.763895035E1,-1.674000025E0
3.574331794E1,8.779500127E-1,1.118400097E1,-4.806000233E0
3.574576132E1,8.350500464E-1,1.156695080E1,8.370000124E-1
3.574820470E1,4.780950069E0,2.132805061E1,4.099500179E-1
3.575064809E1,2.997000217E0,1.421700096E1,2.758950233E0
3.575309147E1,-1.909500062E-1,6.706050396E0,-3.268950224E0
3.575553495E1,-5.346000195E0,2.082495117E1,-3.090000153E-1
3.575797834E1,-2.361000061E0,1.099905014E1,2.074050188E0
3.576042172E1,-3.517050266E0,1.195695019E1,1.330500096E-1
3.576286510E1,-3.294000149E0,9.613050461E0,-4.518000126E0
3.576530849E1,-3.133950233E0,8.820000648E0,-1.034595013E1
3.576775209E1,-2.221950054E0,9.787950516E0,4.471050262E0
3.577019547E1,-1.441050053E0,5.398950100E0,1.205595016E1
3.577263886E1,3.523950100E0,4.804950237E0,6.865050316E0
3.577508224E1,4.833000183E0,5.716950417E0,5.268000126E0
3.577752563E1,3.997950077E0,3.915000200E0,6.420000076E0
3.577996901E1,4.282950401E0,4.338000298E0,1.064400005E1
3.578241240E1,3.373050213E0,2.842050076E0,7.573950291E0
3.578485578E1,1.347000122E0,7.110000253E-1,4.006950378E0
3.578729924E1,6.289500594E-1,5.389500260E-1,3.390000165E-1
3.578974263E1,6.000000052E-3,-1.789500117E-1,5.595000088E-2
3.579218601E1,9.342000008E0,-2.550000250E-1,2.236950159E0
3.579462939E1,1.684800148E1,5.953950405E0,-1.355895042E1
3.579707278E1,1.705800056E1,5.191050053E0,-1.594605064E1
3.579951616E1,1.252605057E1,5.743950367E0,-2.177400017E1
3.580195955E1,6.991050243E0,2.998050213E0,-3.272805023E1
3.580440295E1,1.058400059E1,6.889500618E-1,-2.480295181E1
3.580684656E1,8.130000114E0,3.309000254E0,-1.832895088E1
3.580928995E1,9.430500269E-1,2.296050072E0,-1.502205086E1
3.581173333E1,1.459950089E0,3.049950123E0,-6.469950199E0
3.581417672E1,3.832050085E0,3.289950132E0,5.179499984E-1
3.581662017E1,5.233050346E0,1.356795025E1,8.857050896E0
3.581906348E1,5.893950462E0,1.098000050E1,6.288000107E0
3.582150694E1,1.021305084E1,6.795000553E0,4.200000316E-2
3.582395033E1,1.381395054E1,7.960950375E0,-4.327050209E0
3.582639372E1,7.498050213E0,8.337000847E0,-1.016205025E1
3.582883711E1,3.327000141E0,1.100895023E1,-1.109100056E1
3.583128050E1,3.982950211E0,1.411395073E1,-3.786000252E0
3.583372388E1,4.361999989E0,1.270605087E1,9.349500537E-1
3.583616727E1,4.507950306E0,1.368600082E1,2.680050135E0
3.583861088E1,5.085000038E0,1.710195160E1,3.661950111E0
3.584105427E1,6.499950409E0,1.706204987E1,-1.530000091E0
3.584349766E1,4.282950401E0,1.199805069E1,-4.593000412E0
3.584594104E1,3.181050062E0,1.011795044E1,-4.915950298E0
3.584838450E1,2.737950087E0,1.375305080E1,-7.348950386E0
3.585082789E1,1.302000046E0,1.077705097E1,-8.692049980E0
3.585327128E1,-1.789500117E-1,2.428050041E0,-5.560500026E-1
3.585571466E1,4.330500066E-1,1.894050121E0,-5.970000029E-1
3.585815805E1,2.311950207E0,9.448050499E0,-5.425950050E0
3.586060143E1,4.753950119E0,9.663000107E0,-4.770000279E-1
3.586304482E1,1.747050047E0,4.923000336E0,-1.060950041E0
3.586548820E1,1.900050044E0,6.948000431E0,-2.935950041E0
3.586793181E1,3.787050247E0,1.148100090E1,8.920500278E-1
3.587037520E1,2.238000154E0,9.510000229E0,3.706950188E0
3.587281859E1,4.560000300E-1,9.481050491E0,2.484000206E0
3.587526197E1,1.153050065E0,1.002195072E1,5.074050426E0
3.587770535E1,2.050500065E-1,5.005950451E0,1.372950077E0
3.588014874E1,3.580500185E-1,2.976000071E0,1.845000029E0
3.588259212E1,2.137050152E0,1.069500065E1,6.034950256E0
3.588503558E1,3.715050220E0,1.053000069E1,5.979000092E0
3.588747889E1,2.872050047E0,3.958050251E0,1.003950000E0
3.588992235E1,3.349050045E0,4.650000095E0,-8.740500212E-1
3.589236573E1,5.101050377E0,1.099905014E1,2.764050245E0
3.589480912E1,8.224050522E0,1.119795036E1,5.491050243E0
3.589725250E1,1.213305092E1,5.698050499E0,-1.131105042E1
3.589969612E1,1.051305008E1,1.048905087E1,-2.515995026E1
3.590213949E1,2.046000004E0,1.135095024E1,-2.568900108E1
3.590458287E1,2.851050138E0,1.105695057E1,-9.621000290E0
3.590702626E1,5.451000214E0,1.349400043E1,-1.933050036E0
3.590946964E1,4.954950333E0,1.255800056E1,4.180950165E0
3.591191303E1,3.021000147E0,1.099005032E1,1.690950036E0
3.591435641E1,1.788000107E0,8.848950386E0,2.899950027E0
3.591679980E1,2.310000181E0,1.218000031E1,5.544000149E0
3.591924326E1,1.918950081E0,1.079805088E1,1.822950125E0
3.592168664E1,-2.539499998E-1,9.927000046E0,-7.260000110E-1
3.592413002E1,6.430500150E-1,1.074495029E1,1.003950000E0
3.592657341E1,3.579000235E0,1.156395054E1,2.905050039E0
3.592901702E1,3.373050213E0,9.751950264E0,1.050000079E-3
3.593146041E1,7.261050224E0,1.066905022E1,-1.044900036E1
3.593390379E1,5.607000351E0,1.198995018E1,-1.589595032E1
3.593634718E1,3.379950047E0,9.852000237E0,-1.242000103E1
3.593879057E1,8.784000397E0,1.030500031E1,-8.242050171E0
3.594123395E1,8.299950600E0,1.120995045E1,-8.545949936E0
3.594367734E1,2.218950033E0,9.000000000E0,-6.879000187E0
3.594612072E1,1.255950093E0,5.716950417E0,-3.790500164E-1
3.594856419E1,3.925950289E0,8.047050476E0,1.870950103E0
3.595100758E1,3.670050144E0,7.377000332E0,-4.612050056E0
3.595345096E1,9.090000391E-1,2.242950201E0,-5.512050152E0
3.595589435E1,4.048050404E0,4.056000233E0,-2.148000002E0
3.595833773E1,5.700000286E0,6.742050171E0,-2.361000061E0
3.596078112E1,1.771050096E0,5.490000248E0,-1.648050070E0
3.596322473E1,1.728000045E0,6.238950253E0,5.010000467E-1
3.596566789E1,2.416950226E0,1.057995033E1,1.369950056E0
3.596811150E1,2.257050037E0,9.619950294E0,2.943000078E0
3.597055489E1,6.940500140E-1,7.149000168E0,-6.949500442E-1
3.597299827E1,2.743050098E0,9.646050453E0,1.966950059E0
3.597544166E1,5.038950443E0,9.169950485E0,-3.870000124E0
3.597788504E1,5.160000324E-1,7.089000225E0,-5.146050453E0
3.598032850E1,5.106000423E0,8.218950272E0,-2.040000111E-1
3.598277189E1,6.138000488E0,1.167000103E1,-5.596050262E0
3.598521526E1,6.615000248E0,8.550000191E0,-8.412000656E0
3.598765864E1,2.965950251E0,7.791000366E0,-4.341000080E0
3.599010203E1,5.592000484E0,1.019505024E1,-1.315050006E0
3.599254541E1,6.901950359E0,9.951000214E0,-5.469000340E0
3.599498902E1,1.708950043E0,7.633050442E0,-5.076000214E0
3.599743218E1,3.112050056E0,6.699000359E0,-2.542950153E0
3.599987579E1,8.857950211E0,1.002195072E1,-8.335050583E0
3.600231918E1,7.198950291E0,7.413000584E0,-1.234500027E1
3.600476257E1,6.841950417E0,6.079050064E0,-1.297995090E1
3.600720595E1,8.154000282E0,9.795000076E0,-1.272900105E1
3.600964942E1,1.881000042E0,5.713050365E0,-8.493000031E0
3.601209281E1,6.889500618E-1,3.927000284E0,7.770000100E-1
3.601453620E1,2.920050144E0,7.528050423E0,8.509950638E0
3.601697958E1,1.108050108E0,6.265950203E0,8.002950668E0
3.601942297E1,-1.228050113E0,9.049500227E-1,4.906949997E0
3.602186635E1,4.263000011E0,5.269500017E-1,4.702950001E0
3.602430973E1,1.150605011E1,1.627950072E0,-8.383049965E0
3.602675312E1,1.107000065E1,2.535000086E0,-1.738305092E1
3.602919650E1,4.407000065E0,6.457050323E0,-2.019195175E1
3.603164012E1,2.841000080E0,8.305950165E0,-2.204205132E1
3.603408351E1,3.889950275E0,8.662050247E0,-2.103900146E1
3.603652689E1,1.282950044E0,7.932000160E0,-1.236900043E1
3.603897028E1,1.374000072E0,8.458950043E0,4.461000443E0
3.604141366E1,1.654050112E0,1.412595081E1,7.123950481E0
3.604385704E1,1.894950032E0,6.250950336E0,7.488000393E0
3.604630043E1,8.899500370E-1,6.181950092E0,-5.934000492E0
3.604874389E1,3.181050062E0,1.248900032E1,5.673000336E0
3.605118727E1,3.136050224E0,1.025505066E1,2.386050224E0
3.605363066E1,1.515000105E0,5.530950069E0,-2.530950069E0
3.605607404E1,1.254000068E0,9.280050278E0,-2.569500208E-1
3.605851743E1,2.731050014E0,1.184895039E1,1.114050031E0
3.606096104E1,2.812050104E0,7.350000381E0,-2.823000193E0
3.606340443E1,1.134000063E0,7.213950157E0,-2.124000072E0
3.606584781E1,-3.859050274E0,1.587600040E1,3.541950226E0
3.606829122E1,-3.766050100E0,9.373950005E0,-6.679500341E-1
3.607073460E1,-3.643950224E0,8.539950371E0,7.960500121E-1
3.607317806E1,-2.296050072E0,9.579000473E0,1.028895092E1
3.607562137E1,2.856000185E0,4.591950417E0,8.563050270E0
3.607806483E1,4.237050056E0,5.763000488E0,5.259000301E0
3.608050822E1,4.672950268E0,7.681050301E0,8.242050171E0
3.608295160E1,5.812950134E0,7.183050156E0,1.058100033E1
3.608539498E1,3.298950195E0,5.638050079E0,7.099950314E0
3.608783837E1,2.110949993E0,2.844000101E0,2.647050142E0
3.609028175E1,1.536000013E0,5.332050323E0,-2.826000214E0
3.609272540E1,1.336200047E1,9.582000732E0,7.227000237E0
3.609516878E1,1.881795120E1,4.753050327E0,-2.011500168E1
3.609761217E1,1.962495041E1,1.290000081E0,-4.006395340E1
3.610005555E1,1.072095013E1,6.345000267E0,-4.972995377E1
3.610249894E1,3.957000256E0,5.245950222E0,-3.683400345E1
3.610494232E1,4.108050346E0,6.751950264E0,-2.637795067E1
3.610738571E1,7.230000496E0,6.330000401E0,-1.239600086E1
3.610982909E1,3.349050045E0,5.935050488E0,-1.939500123E-1
3.611227255E1,1.981950045E0,9.216000557E0,1.071795082E1
3.611471594E1,2.422049999E0,1.349700069E1,5.556000233E0
3.611715932E1,2.881950140E0,7.465050220E0,6.199950218E0
3.611960271E1,1.096050024E0,4.570950031E0,3.661950111E0
3.612204632E1,3.001950026E0,9.129000664E0,4.251000404E0
3.612448948E1,4.632000446E0,1.141800022E1,3.147000074E0
3.612693309E1,3.463950157E0,9.643950462E0,3.372000217E0
3.612937647E1,1.627050042E0,7.816950321E0,-2.578950167E0
3.613181986E1,3.660000265E-1,7.531950474E0,-4.000950336E0
3.613426324E1,3.045000076E0,1.389600086E1,1.516950130E0
3.613670662E1,2.434050083E0,1.076895046E1,5.899500251E-1
3.613915001E1,3.030000031E-1,6.481050491E0,4.609500170E-1
3.614159344E1,7.560000420E-1,1.233495045E1,2.395050049E0
3.614403683E1,2.275950193E0,1.043895054E1,-4.549500346E-1
3.614648021E1,1.057050109E0,5.514000416E0,2.400000095E-1
3.614892360E1,1.687050104E0,6.835950375E0,1.344000101E0
3.615136722E1,2.896050215E0,1.136295033E1,6.051000118E0
3.615381038E1,8.280000687E-1,7.710000515E0,4.200000167E-1
3.615625399E1,-3.949500322E-1,6.883050442E0,4.129500091E-1
3.615869738E1,7.320000529E-1,1.056795025E1,4.423050404E0
3.616114076E1,2.122950077E0,1.109700012E1,7.740000486E-1
3.616358415E1,1.500000119E0,9.603000641E0,-2.521950006E0
3.616602753E1,1.608000040E0,1.081500053E1,4.015950203E0
3.616847092E1,2.476950169E0,1.198095036E1,2.971950054E0
3.617091438E1,3.586050272E0,1.011795044E1,4.270050049E0
3.617335776E1,2.391300201E1,6.637050152E0,-2.962050200E0
3.617580116E1,7.780950546E0,7.590000153E0,-3.790695190E1
3.617824455E1,8.179950714E0,5.242950439E0,-3.760800171E1
3.618068793E1,6.559950352E0,6.973950386E0,-3.155205154E1
3.618313132E1,8.725950241E0,5.844000340E0,-2.199195099E1
3.618557470E1,2.350050211E0,4.714050293E0,-1.315005016E1
3.618801807E1,1.029000044E0,1.501050115E0,9.949500561E-1
3.619046168E1,1.942950130E0,9.850050926E0,1.263795090E1
3.619290507E1,2.932050228E0,9.583950043E0,3.814950228E0
3.619534846E1,7.750500441E-1,2.167050123E0,1.167000055E0
3.619779184E1,3.049950123E0,4.009950161E0,2.268000126E0
3.620023527E1,4.777950287E0,7.210950375E0,6.061050415E0
3.620267858E1,3.303000212E0,6.133950233E0,2.185050011E0
3.620512204E1,3.535950184E0,7.827000141E0,4.780050278E0
3.620756535E1,7.302000523E0,7.762050152E0,5.544000149E0
3.621000881E1,3.898950100E0,3.940950155E0,-5.569950104E0
3.621245218E1,6.649500132E-1,3.847950220E0,4.750500321E-1
3.621489556E1,4.447950363E0,7.471950531E0,-9.427050591E0
3.621733895E1,4.333050251E0,1.413000107E0,-1.907100105E1
3.621978233E1,4.900500178E-1,8.790000677E-1,-1.312800026E1
3.622222595E1,2.350050211E0,5.635950089E0,-5.119050026E0
3.622466932E1,4.773000240E0,9.193950653E0,-4.243050098E0
3.622711271E1,1.558050036E0,9.262950897E0,-7.140000463E-1
3.622955610E1,1.122000098E0,1.275900078E1,-3.280500174E-1
3.623199955E1,3.796950102E0,1.721505165E1,5.805000305E0
3.623444294E1,3.318000078E0,1.464300060E1,1.404000044E0
3.623688634E1,1.905000091E0,1.257900047E1,7.304999977E-2
3.623932973E1,2.335950136E0,1.563495064E1,3.382050276E0
3.624177311E1,9.457050323E0,1.464795113E1,-1.429950118E0
3.624421650E1,6.291000366E0,8.848950386E0,-9.283050537E0
3.624665988E1,1.056300068E1,8.662050247E0,-9.918000221E0
3.624910325E1,1.072995090E1,1.424400043E1,-1.523295116E1
3.625154687E1,2.009999990E0,1.046805096E1,-1.047105026E1
3.625399025E1,1.495950103E0,8.023050308E0,-4.705049992E0
3.625643364E1,4.327950001E0,1.130805016E1,-7.399500608E-1
3.625887702E1,4.219950199E0,1.086795044E1,2.239500135E-1
3.626132039E1,2.781000137E0,7.887000561E0,9.349500537E-1
3.626376378E1,1.135950089E0,8.224050522E0,-5.680500269E-1
3.626620716E1,1.912050128E0,1.207005024E1,2.290050030E0
3.626865055E1,2.128050089E0,1.084800053E1,1.605000019E0
3.627109401E1,5.620500445E-1,1.046295071E1,3.535050154E0
3.627353740E1,1.942950130E0,1.394400024E1,1.234050035E0
3.627598078E1,1.500000119E0,1.062300014E1,6.430500150E-1
3.627842417E1,-3.829500079E-1,8.848950386E0,-3.525000095E0
3.628086755E1,1.279950023E0,7.425000191E0,4.605000094E-2
3.628331115E1,5.226000309E0,8.575950623E0,-4.356000423E0
3.628575453E1,2.170500159E-1,5.923050404E0,-5.254050255E0
3.628819792E1,6.033000469E0,4.969950199E0,-3.264000177E0
3.629064130E1,7.993950367E0,9.340050697E0,-6.760050297E0
3.629308469E1,4.555950165E0,7.554000378E0,-1.014705086E1
3.629552807E1,2.749500275E-1,7.021950245E0,-4.966050148E0
3.629797146E1,4.507950306E0,9.352050781E0,-1.336050034E0
3.630041492E1,5.508000374E0,1.145895100E1,-5.002050400E0
3.630285830E1,3.226950169E0,6.970050335E0,-6.841050148E0
3.630530169E1,8.343000412E0,7.009950161E0,-5.718000412E0
3.630774508E1,6.232050419E0,7.924950600E0,-8.657999992E0
3.631018869E1,-7.660500407E-1,6.736950397E0,-7.477950573E0
3.631263208E1,-1.863000035E0,6.433050156E0,2.272950172E0
3.631507546E1,2.155950069E0,4.357950211E0,3.919950247E0
3.631751884E1,4.663050175E0,3.169950247E0,-1.582950115E0
3.631996224E1,2.812050104E0,2.787000179E0,-9.130500555E-1
3.632240563E1,8.262000084E0,3.760950089E0,1.606950045E0
3.632484901E1,8.017950058E0,4.113000393E0,-4.879950047E0
3.632729240E1,-1.116000056E0,7.396050453E0,-5.641050339E0
3.632973586E1,-1.395000052E-2,7.867950439E0,-1.392000079E0
3.633217925E1,5.844000340E0,7.012950420E0,-6.469950199E0
3.633462263E1,3.070950031E0,7.578000546E0,-7.159050465E0
3.633706602E1,5.298000336E0,7.209000111E0,-9.870000482E-1
3.633950940E1,8.736000061E0,6.129000187E0,-6.760050297E0
3.634195279E1,3.382050276E0,6.265950203E0,-4.777050018E0
3.634439618E1,-1.159050107E0,6.418950081E0,4.123950005E0
3.634683956E1,4.113000393E0,5.665050507E0,3.316950083E0
3.634928317E1,9.586050034E0,7.068000317E0,-8.536050797E0
3.635172656E1,4.227000237E0,6.376050472E0,-6.685050488E0
3.635416994E1,3.306000233E0,8.662050247E0,-1.345950007E0
3.635661333E1,5.884050369E0,1.045305061E1,-2.479050159E0
3.635905671E1,3.331950188E0,1.139700031E1,-2.637000084E0
3.636150017E1,1.543950081E0,1.119795036E1,5.610000491E-1
3.636394356E1,2.275950193E0,1.532805061E1,2.604000092E0
3.636638694E1,2.887050152E0,1.337700081E1,-3.958050251E0
3.636883032E1,1.225050092E0,1.175595093E1,-2.965050220E0
3.637127370E1,4.081050396E0,1.121505070E1,-2.494950056E0
3.637371709E1,4.093050003E0,1.295805073E1,-6.183000088E0
3.637616047E1,2.451000214E0,9.349950790E0,-6.994050503E0
3.637860387E1,1.984050035E0,8.626950264E0,-4.189500213E-1
3.638104749E1,5.104050159E0,1.048005009E1,3.840000033E-1
3.638349087E1,4.551000118E0,9.067049980E0,-3.967950106E0
3.638593426E1,1.213050008E0,7.735950470E0,-6.640500426E-1
3.638837764E1,3.480000257E0,8.293950081E0,9.420000315E-1
3.639082104E1,5.073000431E0,9.177000046E0,-3.592050076E0
3.639326450E1,2.640000105E0,9.096000671E0,-2.722950220E0
3.639570788E1,1.692000031E0,7.204050541E0,1.069050074E0
3.639815127E1,3.057000160E0,1.202205086E1,-7.309500575E-1
3.640059465E1,2.449050188E0,1.102800083E1,-1.602000117E0
3.640303804E1,3.463950157E0,8.179050446E0,-1.710000038E0
3.640548142E1,9.544950485E0,1.037700081E1,-6.156000137E0
3.640792481E1,4.278000355E0,1.039605045E1,-9.774000168E0
3.641036842E1,-1.072050095E0,8.643000603E0,-4.573950291E0
3.641281181E1,2.080049992E0,7.510950565E0,5.130000114E-1
3.641525520E1,8.338050842E0,7.834050179E0,-5.754000187E0
3.641769859E1,4.021950245E0,5.871000290E0,-7.600050449E0
3.642014197E1,6.661950111E0,7.378950119E0,-4.579500258E-1
3.642258536E1,1.031400013E1,8.473050117E0,-4.825050354E0
3.642502874E1,2.724000216E0,8.797050476E0,-8.958000183E0
3.642747211E1,-1.319999993E-1,8.434950829E0,-5.626950264E0
3.642991557E1,3.973950148E0,8.811000824E0,-4.195050240E0
3.643235896E1,5.343000412E0,8.346000671E0,-9.903000832E0
3.643480234E1,2.913000107E0,7.683000565E0,-9.481950760E0
3.643724572E1,6.463950157E0,7.630050182E0,-4.677000046E0
3.643968934E1,7.036050320E0,5.727000237E0,-6.432000160E0
3.644213272E1,-8.089500666E-1,6.261000156E0,-5.019000053E0
3.644457611E1,-2.413050175E0,5.653050423E0,3.697950125E0
3.644701949E1,2.281050205E0,4.052999973E0,6.700050354E0
3.644946288E1,4.366050243E0,4.456050396E0,-6.799500585E-1
3.645190624E1,1.204050064E0,5.533050060E0,1.414050102E0
3.645434963E1,1.168050051E0,5.109000206E0,4.303050041E0
3.645679301E1,2.392950058E0,8.485050201E0,2.400000095E0
3.645923647E1,2.623050213E0,1.016805077E1,-1.696050048E0
3.646167986E1,1.338000059E0,7.554000378E0,-1.546950102E0
3.646412324E1,8.730000257E-1,8.193000793E0,-2.140500098E-1
3.646656662E1,1.831050038E0,1.127700043E1,1.609500051E-1
3.646901001E1,1.663050056E0,1.002705002E1,-3.979500234E-1
3.647145339E1,9.418050766E0,8.797050476E0,9.919500351E-1
3.647389678E1,3.069000244E0,8.690999985E0,-1.391805077E1
3.647634015E1,2.719050169E0,5.887050152E0,-1.389495087E1
3.647878376E1,5.587050438E0,7.149000168E0,-1.514895058E1
3.648122715E1,8.317049980E0,5.449050426E0,-1.642800140E1
3.648367054E1,3.105000257E0,2.470950127E0,-1.561395073E1
3.648611392E1,3.510000110E-1,4.968000412E0,-2.674950123E0
3.648855739E1,3.157050133E0,4.525050163E0,5.899500251E-1
3.649100077E1,2.875050068E0,4.426949978E0,4.210050106E0
3.649344416E1,2.080049992E0,8.290950775E0,5.778000355E0
3.649588754E1,3.196050167E0,9.262950897E0,4.629000187E0
3.649833093E1,6.459000111E0,9.220050812E0,5.710950375E0
3.650077434E1,9.367950439E0,9.499950409E0,-9.060000181E-1
3.650321772E1,1.065405083E1,9.796950340E0,-1.146000099E1
3.650566111E1,8.122950554E0,9.927000046E0,-1.933395004E1
3.650810472E1,7.009500265E-1,8.935050011E0,-1.401900101E1
3.651054811E1,2.335950136E0,8.112000465E0,-2.974050045E0
3.651299148E1,7.183950424E0,8.215050697E0,-5.323050022E0
3.651543487E1,7.468950272E0,9.369000435E0,-3.300000191E0
3.651787833E1,7.113000393E0,1.055205059E1,-1.984950066E0
3.652032172E1,7.644000530E0,1.030305004E1,-3.336000204E0
3.652276510E1,5.728950500E0,1.024305058E1,-6.523050308E0
3.652520848E1,9.160500169E-1,1.084395027E1,-4.522950172E0
3.652765186E1,1.669950128E0,1.119105053E1,-5.104950428E0
3.653009525E1,4.345050335E0,1.120305061E1,-7.047000408E0
3.653253863E1,2.122950077E0,8.904000282E0,-7.054050446E0
3.653498202E1,5.034000397E0,8.325000763E0,-2.821050167E0
3.653742561E1,8.632950783E0,8.404050827E0,-3.973050117E0
3.653986900E1,3.325050116E0,8.392050743E0,-2.710950136E0
3.654231238E1,1.347000122E0,7.012950420E0,3.717000246E0
3.654475577E1,1.147950053E0,1.130100060E1,4.282050133E0
3.654719915E1,7.750500441E-1,8.883000374E0,3.517950058E0
3.654964254E1,-3.010500073E-1,7.942050457E0,-1.675950050E0
3.655208592E1,4.330500066E-1,8.835000038E0,1.777050138E0
3.655452931E1,1.387950063E0,1.260600090E1,5.098050117E0
3.655697277E1,3.013950109E0,1.292700100E1,-1.300950050E0
3.655941615E1,2.611050129E0,7.507950306E0,-1.660050035E0
3.656185953E1,1.654050112E0,1.024005032E1,1.159500033E-1
3.656430292E1,3.769950151E0,1.348005104E1,2.067000151E0
3.656674653E1,3.126000166E0,6.606000423E0,-3.036000252E0
3.656918992E1,4.596000195E0,6.342000484E0,-6.985050201E0
3.657163329E1,8.109000206E0,6.912000179E0,-1.415100098E1
3.657407667E1,2.926950216E0,4.438950062E0,-1.226400089E1
3.657652006E1,-1.050000042E-1,4.690500200E-1,-5.313000202E0
3.657896344E1,3.583050251E0,2.296050072E0,-2.998050213E0
3.658140682E1,2.358000040E0,6.838050365E0,-5.268000126E0
3.658385031E1,-1.285950065E0,1.336050034E0,-7.120500207E-1
3.658629369E1,-6.510000229E-1,5.758050442E0,7.272000313E0
3.658873708E1,1.113000035E0,7.153950214E0,5.884050369E0
3.659118046E1,3.270000219E0,4.879050255E0,-2.205000073E-2
3.659362385E1,4.291950226E0,7.578000546E0,2.862000227E0
3.659606723E1,8.554050446E0,8.725049973E0,3.729000092E0
3.659851084E1,6.484950542E0,6.196050167E0,-5.341950417E0
3.660095423E1,6.964050293E0,8.683950424E0,-1.145700073E1
3.660339762E1,1.236600018E1,6.040950298E0,-1.803404999E1
3.660584100E1,4.891050339E0,5.002050400E0,-1.873800087E1
3.660828437E1,-1.774050117E0,4.051050186E0,-1.051395035E1
3.661072775E1,5.449050426E0,3.979050159E0,-3.826950073E0
3.661317114E1,9.187950134E0,5.770500302E-1,-7.309950352E0
3.661561460E1,2.068050146E0,5.340000391E-1,-3.285000086E0
3.661805798E1,2.463000059E0,2.164050102E0,5.319000244E0
3.662050139E1,5.125050068E0,3.438000202E0,1.909050107E0
3.662294477E1,4.306950092E0,6.589050293E0,5.850000381E-1
3.662538816E1,-2.010000050E-1,6.256050110E0,-5.320500135E-1
3.662783154E1,1.194000006E0,9.736950874E0,-3.448050261E0
3.663027493E1,6.214950085E0,8.056950569E0,-1.072695065E1
3.663271854E1,4.620000362E0,9.388050079E0,-1.382700062E1
3.663516193E1,7.893000603E0,9.529050827E0,-1.618305016E1
3.663760531E1,9.676950455E0,8.571000099E0,-1.553505039E1
3.664004870E1,2.851050138E0,6.499950409E0,-1.340100098E1
3.664249208E1,-3.177000046E0,6.880950451E0,-5.524050236E0
3.664493554E1,-1.444050074E0,7.489050388E0,9.328950882E0
3.664737893E1,3.463950157E0,7.426950455E0,8.302050591E0
3.664982231E1,5.394000053E0,7.815000534E0,-1.680000126E-1
3.665226570E1,4.612950325E0,6.769050121E0,4.876049995E0
3.665470908E1,5.190000057E0,6.061950207E0,5.967000484E0
3.665715246E1,5.046000004E0,8.171999931E0,4.750500321E-1
3.665959585E1,6.366000175E0,1.085295010E1,-1.027950048E0
3.666203923E1,1.350300026E1,1.293405056E1,-7.423050404E0
3.666448285E1,4.576950073E0,1.255605030E1,-1.772504997E1
3.666692623E1,6.910500526E-1,1.244100094E1,-7.762950420E0
3.666936962E1,1.717950106E0,1.351095104E1,-4.468050003E0
3.667181301E1,1.021950006E0,1.337895107E1,8.340000510E-1
3.667425639E1,1.144050002E0,7.882050514E0,1.153050065E0
3.667669985E1,6.499500275E-1,9.883950233E0,3.861000299E0
3.667914324E1,2.355000019E0,1.157400036E1,3.987000227E0
3.668158662E1,1.977000117E0,6.129000187E0,1.156949997E0
3.668403000E1,7.824000359E0,7.057950497E0,-5.017050266E0
3.668647339E1,1.131000042E1,7.465050220E0,-1.177305031E1
3.668891677E1,3.691050291E0,7.176000118E0,-1.140900040E1
3.669136014E1,6.169500351E-1,4.872000217E0,-2.983950138E0
3.669380376E1,3.982950211E0,8.275050163E0,1.861050129E0
3.669624714E1,3.661950111E0,9.440999985E0,-2.260500044E-1
3.669869053E1,2.121000051E0,5.230950356E0,5.970000029E-1
3.670113391E1,5.748000145E0,5.707950115E0,-1.035000086E0
3.670357729E1,5.275950432E0,5.943000317E0,-7.630950451E0
3.670602075E1,1.102950096E0,4.993950367E0,-6.214050293E0
3.670846406E1,1.218000054E0,4.092000008E0,8.460000157E-1
3.671090752E1,3.367950201E0,7.317000389E0,-2.809500098E-1
3.671335091E1,1.192050099E0,5.617050171E0,-8.700000644E-1
3.671579429E1,-1.240500063E-1,4.222949982E0,-9.030000567E-1
3.671823768E1,4.654050350E0,6.828000546E0,-2.170050144E0
3.672068106E1,2.640000105E0,7.173000336E0,-5.371050358E0
3.672312468E1,4.039500058E-1,6.715950489E0,-6.610500216E-1
3.672556806E1,1.002000093E0,8.785050392E0,2.833050251E0
3.672801145E1,2.058000088E0,1.202205086E1,1.227000117E0
3.673045483E1,2.263950109E0,8.563950539E0,-2.089500129E-1
3.673289822E1,4.620000362E0,7.302000523E0,-8.340000510E-1
3.673534160E1,6.307950497E0,1.081695080E1,-7.489950180E0
3.673778499E1,4.978950024E0,9.169950485E0,-1.250805092E1
3.674022837E1,8.230500221E-1,8.466000557E0,-5.755950451E0
3.674267183E1,5.224050045E0,9.910050392E0,-2.361000061E0
3.674511522E1,7.468950272E0,1.087995052E1,-9.561000824E0
3.674755860E1,1.678050041E0,8.776950836E0,-5.103000164E0
3.675000199E1,2.379000187E0,9.667950630E0,8.370000124E-1
3.675244561E1,7.006950378E0,1.081305027E1,-1.095000029E0
3.675488899E1,2.566050053E0,9.654000282E0,-3.706950188E0
3.675733238E1,1.432950020E0,8.818050385E0,1.035000086E0
3.675977576E1,3.909000158E0,1.203405094E1,-5.920500159E-1
3.676221915E1,3.157050133E0,1.163895035E1,-7.195050240E0
3.676466253E1,2.455950022E0,1.015200043E1,-7.495050430E0
3.676710592E1,1.060095024E1,1.034595013E1,-5.922000408E0
3.676954930E1,8.542050362E0,1.095900059E1,-8.941050529E0
3.677199276E1,6.790500283E-1,1.035495090E1,-4.435050011E0
3.677443615E1,5.830500126E-1,8.398950577E0,2.431050062E0
3.677687952E1,4.857000351E0,1.135800076E1,7.800000161E-2
3.677932291E1,4.869000435E0,7.698000431E0,-5.895000458E0
3.678176629E1,2.034000158E0,5.626050472E0,-5.574000359E0
3.678420991E1,7.351950169E0,6.259050369E0,-4.645050049E0
3.678665306E1,6.562050343E0,7.507950306E0,-5.292000294E0
3.678909668E1,1.407000065E0,7.137000561E0,-5.440500379E-1
3.679154006E1,1.390050054E0,7.360050201E0,1.207950115E0
3.679398345E1,3.210000038E0,1.097295094E1,-9.580500722E-1
3.679642683E1,1.600950122E0,7.591950417E0,-2.440050125E0
3.679887022E1,3.180000186E-1,7.567950249E0,1.282050014E0
3.680131368E1,4.764000416E0,8.674050331E0,-1.212000012E0
3.680375706E1,4.504950047E0,9.637050629E0,-3.951000214E0
3.680620045E1,4.470000267E-1,8.358000755E0,-6.400500536E-1
3.680864383E1,3.439500034E-1,6.460050106E0,4.878000259E0
3.681108720E1,2.271000147E0,9.844950676E0,1.476000071E0
3.681353058E1,2.595000029E0,1.008900070E1,-4.960950375E0
3.681597419E1,2.619000196E0,5.433000088E0,-5.890500546E-1
3.681841735E1,3.928050280E0,8.434950829E0,-1.186050057E0
3.682086096E1,6.061950207E0,1.238595104E1,-5.404050350E0
3.682330435E1,2.851050138E0,8.872950554E0,-4.782000065E0
3.682574773E1,2.428950071E0,8.152050018E0,-2.419500053E-1
3.682819112E1,7.029000282E0,1.024995041E1,-5.419050217E0
3.683063458E1,3.214950085E0,8.859000206E0,-7.068000317E0
3.683307796E1,1.438050032E0,5.233950138E0,-2.242050171E0
3.683552135E1,5.247000217E0,6.852000237E0,-2.479050159E0
3.683796473E1,3.307950258E0,8.365950584E0,-5.056950092E0
3.684040812E1,1.210500076E-1,5.410950184E0,-1.231050014E0
3.684285150E1,-8.400000334E-1,5.176050186E0,3.190050125E0
3.684529489E1,5.116050243E0,6.535950184E0,-8.269500136E-1
3.684773827E1,3.400950193E0,4.378950119E0,-6.882000446E0
3.685018189E1,-1.378950119E0,5.665050507E0,1.780500114E-1
3.685262527E1,1.717950106E0,7.087050438E0,3.850950241E0
3.685506866E1,3.949950218E0,8.116950035E0,-1.758000135E0
3.685751204E1,-1.695000008E-2,8.590950012E0,4.080000222E-1
3.685995542E1,-1.270500124E-1,7.261950493E0,3.291000128E0
3.686239881E1,5.761950493E0,8.353950500E0,-3.333000183E0
3.686484219E1,3.765000105E0,8.490000725E0,-7.777050495E0
3.686728565E1,4.729500115E-1,7.471950531E0,-1.657050133E0
3.686972904E1,1.912050128E0,8.880000114E0,-3.550500274E-1
3.687217242E1,2.233050108E0,1.078395081E1,-2.505000114E0
3.687461581E1,2.470050097E0,9.412050247E0,-8.700000495E-2
3.687705919E1,8.899500370E-1,7.018050194E0,2.704050064E0
3.687950280E1,4.596000195E0,8.657999992E0,-1.020000100E0
3.688194619E1,4.108050346E0,1.042500019E1,-6.345000267E0
3.688438956E1,1.741950035E0,5.743950367E0,-2.922000170E0
3.688683294E1,3.217050076E0,8.923050880E0,-1.957050085E0
3.688927640E1,6.106950283E0,1.155000019E1,-2.956950188E0
3.689171971E1,2.896050215E0,9.436050415E0,-4.095000267E0
3.689416317E1,1.749000072E0,7.942050457E0,-2.529000044E0
3.689660648E1,3.676950216E0,9.438000679E0,-4.638000011E0
3.689904994E1,4.495950222E0,9.726000786E0,-7.204950333E0
3.690149333E1,7.290000319E-1,6.376050472E0,-3.007950068E0
3.690393671E1,2.725950241E0,8.068950653E0,9.829500318E-1
3.690638010E1,6.169050217E0,7.249950409E0,-3.441000223E0
3.690882371E1,2.698050022E0,7.738050461E0,-3.738000154E0
3.691126710E1,2.005950212E0,6.426000118E0,-1.080000043E0
3.691371048E1,9.991050720E0,5.983050346E0,-2.857050180E0
3.691615386E1,9.157050133E0,7.068000317E0,-7.951950550E0
3.691859725E1,3.610500097E-1,7.234950542E0,-3.549000263E0
3.692104065E1,1.339950085E0,8.016000748E0,2.560050011E0
3.692348403E1,5.760000229E0,9.342000008E0,3.000000026E-3
3.692592742E1,5.760000229E0,1.072200012E1,-3.846000195E0
3.692837088E1,2.908050060E0,1.063800049E1,-5.064000130E0
3.693081426E1,3.973950148E0,1.019700050E1,-7.758000374E0
3.693325764E1,4.309050083E0,1.191900063E1,-7.851000309E0
3.693570103E1,7.080000043E-1,9.462000847E0,-3.537000179E0
3.693814441E1,-2.440500110E-1,8.550000191E0,3.645000219E0
3.694058780E1,1.909950137E0,1.168200016E1,2.185050011E0
3.694303141E1,3.430050135E0,1.149195099E1,-9.150000215E-1
3.694547479E1,3.054000139E0,9.313950539E0,-1.264950037E0
3.694791818E1,3.130950212E0,9.013950348E0,-2.196000099E0
3.695036156E1,5.695050240E0,1.179195023E1,-7.939950466E0
3.695280495E1,1.699050069E0,1.149000072E1,-5.488050461E0
3.695524833E1,7.890000343E-1,6.951000214E0,2.089500129E-1
3.695769179E1,1.843050122E0,1.302000046E1,1.945050120E0
3.696013518E1,2.080049992E0,1.462695026E1,2.920050144E0
3.696257856E1,5.400000215E-1,5.794050217E0,-2.392050028E0
3.696502195E1,-1.087050080E0,6.790050507E0,1.950000077E-1
3.696746533E1,9.000000544E-3,1.348200035E1,3.850950241E0
3.696990871E1,4.374000072E0,8.410950661E0,-1.819500029E-1
3.697235232E1,2.968050241E0,3.859050274E0,-6.721050262E0
3.697479548E1,6.265050411E0,5.109000206E0,-7.770000458E0
3.697723909E1,5.631000042E0,8.239050865E0,-1.157895088E1
3.697968248E1,2.200050116E0,3.502950191E0,-1.008300018E1
3.698212586E1,-1.789500117E-1,3.804000139E0,-3.819000244E0
3.698456925E1,4.060050011E0,7.726050377E0,-6.610500216E-1
3.698701271E1,5.845950127E0,6.991050243E0,-4.111050129E0
3.698945609E1,2.653950214E0,6.711000443E0,-1.240950108E0
3.699189949E1,2.833950043E0,8.566950798E0,5.223000050E0
3.699434288E1,7.809000492E0,9.256050110E0,1.336950064E0
3.699678626E1,4.309050083E0,9.558000565E0,-6.064950466E0
3.699922965E1,2.176050186E0,7.732950211E0,-5.212950230E0
3.700167303E1,7.522050381E0,6.736950397E0,-6.637050152E0
3.700411642E1,8.863050461E0,8.844000816E0,-9.028950691E0
3.700656003E1,3.349050045E0,8.131050110E0,-5.566950321E0
3.700900342E1,1.930950046E0,8.655000687E0,7.020000219E-1
3.701144680E1,3.540000200E0,1.040805054E1,-8.700000495E-2
3.701389019E1,5.242950439E0,1.332405090E1,-3.778950214E0
3.701633365E1,3.448950052E0,1.044405079E1,-4.570950031E0
3.701877696E1,1.134000063E0,9.289950371E0,-1.636050105E0
3.702122042E1,5.130000114E0,1.028100014E1,-3.703950167E0
3.702366373E1,3.229050159E0,8.325000763E0,-7.993050575E0
3.702610718E1,-2.899500132E-1,5.581050396E0,-3.577950239E0
3.702855057E1,-2.800500095E-1,3.451950073E0,8.200500607E-1
3.703099396E1,1.801950097E0,1.003905010E1,9.250500202E-1
3.703343734E1,1.114950061E0,6.072000504E0,-1.803000093E0
3.703588095E1,7.800000161E-2,2.169000149E0,-3.840000033E-1
3.703832434E1,-3.949500322E-1,9.205950737E0,2.689950228E0
3.704076772E1,3.291000128E0,7.611000538E0,-1.051950097E0
3.704321111E1,2.893950224E0,4.980000019E0,-4.290000200E-1
3.704565449E1,2.170950174E0,7.099050522E0,3.781050205E0
3.704809788E1,5.050950050E0,9.417000771E0,4.050000191E0
3.705054134E1,4.303950310E0,1.184400082E1,-4.036950111E0
3.705298473E1,2.620950222E0,9.457050323E0,-1.216950059E0
3.705542811E1,4.000050068E0,8.788949966E0,8.680500388E-1
3.705787150E1,6.583050251E0,1.199805069E1,-5.728050232E0
3.706031488E1,7.168050289E0,1.135395050E1,-1.344705105E1
3.706275827E1,3.009000063E0,8.188050270E0,-8.416049957E0
3.706520190E1,4.455000401E0,1.159500027E1,-3.544050217E0
3.706764505E1,4.656000137E0,1.283805084E1,-5.122050285E0
3.707008866E1,1.321050048E0,1.067100048E1,-4.726950169E0
3.707253205E1,3.262950182E0,9.313950539E0,-2.659500241E-1
3.707497544E1,7.335000515E0,1.214595032E1,-2.560050011E0
3.707741882E1,5.322000027E0,1.194000053E1,-7.072950363E0
3.707986221E1,1.752000093E0,8.014050484E0,-6.055950165E0
3.708230567E1,3.499950171E0,8.776950836E0,-1.795950055E0
3.708474906E1,4.788000107E0,1.302195072E1,-1.363050103E0
3.708719244E1,2.044049978E0,1.122195053E1,-9.370500445E-1
3.708963583E1,5.760000348E-1,7.176000118E0,1.243950009E0
3.709207921E1,-4.240500331E-1,1.051305008E1,3.463050127E0
3.709452283E1,2.851050138E0,1.000605011E1,-2.629050016E0
3.709696598E1,2.002950191E0,8.181000710E0,-5.577000141E0
3.709940960E1,8.059500456E-1,7.398000240E0,-2.610000134E0
3.710185300E1,1.684950113E0,9.577050209E0,6.499500275E-1
3.710429639E1,3.166950226E0,1.187805080E1,-5.539500117E-1
3.710673977E1,2.872050047E0,1.109700012E1,-1.674000025E0
3.710918316E1,1.918950081E0,9.295050621E0,-5.080500245E-1
3.711162662E1,4.036050320E0,1.172700024E1,7.500000298E-2
3.711407000E1,5.073000431E0,1.281405067E1,-5.614950180E0
3.711651339E1,3.877950191E0,8.855999947E0,-4.798950195E0
3.711895677E1,3.234000206E0,8.734050751E0,-2.170050144E0
3.712140016E1,5.461050034E0,1.237800026E1,-2.538000107E0
3.712384356E1,3.724950075E0,9.868950844E0,-5.449950218E0
3.712628694E1,1.254000068E0,9.426000595E0,-4.594950199E0
3.712873032E1,3.078000069E0,8.610000610E0,-1.948950052E0
3.713117394E1,7.213050365E0,1.063095093E1,-4.423050404E0
3.713361732E1,5.686050415E0,8.278950691E0,-8.052000046E0
3.713606073E1,1.945950150E0,6.697050095E0,-4.846950054E0
3.713850412E1,3.270000219E0,7.063050270E0,-2.205000073E-2
3.714094750E1,3.226950169E0,1.082205009E1,1.437000036E0
3.714339096E1,1.917000055E0,7.120950222E0,-1.075950027E0
3.714583427E1,1.488000035E0,6.936000347E0,6.070500016E-1
3.714827774E1,5.242950439E0,7.494000435E0,-2.569500208E-1
3.715072112E1,6.136050224E0,8.281949997E0,-4.171050072E0
3.715316451E1,1.204050064E0,6.702000141E0,-4.401000023E0
3.715560789E1,1.162950039E0,6.871950150E0,1.215000033E0
3.715805128E1,4.843050003E0,8.785050392E0,3.940500319E-1
3.716049491E1,4.603050232E0,8.830050468E0,-4.813050270E0
3.716293829E1,1.114950061E0,7.807950497E0,-2.287050009E0
3.716538168E1,2.295000076E0,7.173000336E0,5.560500026E-1
3.716782506E1,6.507000446E0,9.505050659E0,-4.019999981E0
3.717026845E1,4.893000126E0,8.310000420E0,-8.239050865E0
3.717271192E1,6.979500055E-1,6.658050537E0,-3.453000069E0
3.717515524E1,1.029000044E0,7.843950272E0,8.580000401E-1
3.717759869E1,3.391950130E0,1.067400074E1,-3.169500232E-1
3.718004208E1,4.134000301E0,9.268050194E0,-3.870000124E0
3.718248546E1,1.411950111E0,9.409049988E0,-2.809050083E0
3.718492886E1,3.334050179E0,9.805050850E0,-1.492050052E0
3.718737224E1,7.108050346E0,1.168605042E1,-4.843950272E0
3.718981585E1,2.062950134E0,9.213000298E0,-6.484050274E0
3.719225924E1,2.295000106E-2,8.824950218E0,-1.260000110E0
3.719470262E1,4.041000366E0,9.409049988E0,1.180500090E-1
3.719714604E1,6.447000504E0,9.388050079E0,-4.047000408E0
3.719958942E1,2.716950178E0,7.504050255E0,-4.746000290E0
3.720203281E1,4.624950409E0,7.864950180E0,-2.862000227E0
3.720447619E1,9.379950523E0,9.541050911E0,-4.144950390E0
3.720691965E1,5.760000229E0,1.054695034E1,-7.522950172E0
3.720936304E1,4.180500209E-1,9.274950027E0,-4.413000107E0
3.721180642E1,1.004999995E0,8.242950439E0,2.042999983E0
3.721424981E1,3.547950268E0,1.106205082E1,1.300950050E0
3.721669342E1,4.201050282E0,1.051800060E1,-3.181950092E0
3.721913658E1,2.779050112E0,8.581050873E0,-2.998050213E0
3.722158020E1,4.225049973E0,9.619950294E0,-3.676050186E0
3.722402336E1,5.953950405E0,1.173705101E1,-5.179050446E0
3.722646697E1,1.930950046E0,1.048695087E1,-6.250050068E0
3.722891036E1,2.820000052E-1,9.955050468E0,3.390000165E-1
3.723135375E1,2.431950092E0,1.151895046E1,2.467050076E0
3.723379713E1,4.114950180E0,1.222305012E1,-2.965050220E0
3.723624059E1,2.650050163E0,9.406949997E0,-3.795000076E0
3.723868398E1,2.841000080E0,7.291050434E0,-5.779500008E-1
3.724112737E1,6.367950439E0,1.006095028E1,-1.489950061E0
3.724357076E1,6.792000294E0,1.003905010E1,-6.958050251E0
3.724601415E1,1.692000031E0,7.987050533E0,-5.770950317E0
3.724845753E1,9.139500260E-1,7.345950127E0,-5.580000281E-1
3.725090115E1,4.242000103E0,1.037700081E1,-1.005000062E-2
3.725334453E1,3.895050287E0,9.996000290E0,-4.995000362E0
3.725578791E1,1.431000113E0,6.667950153E0,-3.357000113E0
3.725823130E1,1.930950046E0,7.615950584E0,-3.499500155E-1
3.726067468E1,4.963050365E0,9.651000023E0,-1.882050037E0
3.726311807E1,3.211950064E0,6.298950195E0,-4.987950325E0
3.726556153E1,1.855050087E0,6.484050274E0,-8.959500194E-1
3.726800491E1,5.395950317E0,7.129950523E0,-7.189500332E-1
3.727044829E1,3.571050167E0,7.939050198E0,-4.380000114E0
3.727289168E1,-1.246950030E0,6.426000118E0,-2.452050209E0
3.727533506E1,-1.654050112E0,5.169000149E0,3.544050217E0
3.727777845E1,3.142950058E0,7.362000465E0,1.144950032E0
3.728022183E1,6.520950317E0,6.342000484E0,-5.787000179E0
3.728266544E1,2.719500065E-1,5.155050278E0,-2.127000093E0
3.728510883E1,1.120500043E-1,6.213000298E0,4.765950203E0
3.728755221E1,3.595050097E0,9.247050285E0,2.182049990E0
3.728999560E1,6.622050285E0,1.050600052E1,-5.517000198E0
3.729243896E1,1.267950058E0,7.623000145E0,-5.512050152E0
3.729488235E1,1.819050074E0,8.811000824E0,-4.353000164E0
3.729732573E1,5.413050175E0,1.037400055E1,-7.993050575E0
3.729976919E1,3.037950039E0,6.610950470E0,-8.191050529E0
3.730221258E1,3.729000092E0,6.180000305E0,-3.601050138E0
3.730465595E1,8.710050583E0,7.726050377E0,-2.361000061E0
3.730709934E1,6.957000256E0,7.161000252E0,-7.288950443E0
3.730954272E1,3.030000031E-1,6.751950264E0,-6.015000343E0
3.731198610E1,1.342050076E0,6.318000317E0,-1.933050036E0
3.731442972E1,7.723050594E0,9.361950874E0,-5.565000057E0
3.731687309E1,4.282950401E0,7.848000526E0,-1.084695053E1
3.731931648E1,-1.132050037E0,7.446000576E0,-1.894050121E0
3.732175986E1,3.672000170E0,6.699000359E0,1.761000037E0
3.732420324E1,6.804000378E0,7.894050598E0,-2.878050089E0
3.732664670E1,2.212050200E0,8.039999962E0,-4.687950134E0
3.732909001E1,1.845000029E0,6.160050392E0,-2.344050169E0
3.733153347E1,8.776950836E0,7.723950386E0,-4.839000225E0
3.733397686E1,6.205050468E0,8.044950485E0,-1.016895008E1
3.733642024E1,-9.810000658E-1,7.081950188E0,-7.795950413E0
3.733886362E1,4.752000332E0,6.004950523E0,-2.055000067E0
3.734130723E1,7.608000278E0,7.800000191E0,-2.308950186E0
3.734375062E1,2.131950140E0,7.408050537E0,-4.726950169E0
3.734619400E1,3.940500319E-1,6.115050316E0,1.473000050E0
3.734863739E1,3.070950031E0,6.064950466E0,1.660050035E0
3.735108077E1,8.926950455E0,9.763950348E0,-3.657000065E0
3.735352414E1,5.599050045E0,9.345000267E0,-5.806950092E0
3.735596753E1,1.177050114E0,8.176050186E0,-5.389500260E-1
3.735841091E1,1.374000072E0,1.075500011E1,2.797050238E0
3.736085437E1,2.310000181E0,1.509795094E1,-4.360500276E-1
3.736329776E1,3.145050049E0,1.255800056E1,-3.400500119E-1
3.736574112E1,5.670000315E-1,1.018005085E1,2.119500041E-1
3.736818451E1,1.882950068E0,1.234500027E1,1.833000064E0
3.737062789E1,3.349050045E0,1.382505035E1,-4.722000122E0
3.737307128E1,3.187950134E0,1.066905022E1,-5.461950302E0
3.737551489E1,4.552950382E0,1.247400093E1,-4.650000095E0
3.737795826E1,5.506050110E0,1.597200108E1,-9.961050034E0
3.738040164E1,2.925000191E0,1.279995060E1,-6.750000477E0
3.738284503E1,-2.490000129E-1,9.220050812E0,-1.296000004E0
3.738528841E1,1.314000010E0,8.023050308E0,2.140500098E-1
3.738773180E1,3.445050240E0,1.276095104E1,-2.383050203E0
3.739017523E1,2.167950153E0,5.037000179E0,-5.368050098E0
3.739261862E1,4.369500279E-1,4.792950153E0,-1.605000019E0
3.739506200E1,1.777950048E0,8.260050774E0,-1.469999999E-1
3.739750539E1,3.400950193E0,6.445050240E0,-2.479050159E0
3.739994877E1,1.693950057E0,6.316050529E0,-1.834950089E0
3.740239216E1,2.116050005E0,7.771950245E0,1.891950130E0
3.740483577E1,5.167950153E0,8.176050186E0,-3.859500289E-1
3.740727916E1,4.339950085E0,7.453050137E0,-3.297000170E0
3.740972254E1,1.587000132E0,5.926050186E0,-2.482950211E0
3.741216593E1,7.873950481E0,7.695000172E0,-2.704050064E0
3.741460931E1,6.346050262E0,5.578950405E0,-7.207050323E0
3.741705277E1,-1.432050109E0,6.004950523E0,-4.734000206E0
3.741949616E1,7.320000529E-1,4.525050163E0,1.195950031E0
3.742193954E1,9.205050468E0,5.530950069E0,-2.653050184E0
3.742438292E1,5.761950493E0,6.256050110E0,-1.021005058E1
3.742682631E1,8.505000174E-2,7.003050327E0,-2.665050030E0
3.742926969E1,6.150000095E-1,8.623950005E0,5.079000473E0
3.743171308E1,4.050000191E0,1.294605064E1,3.199950218E0
3.743415646E1,4.426050186E0,1.334295082E1,-1.186050057E0
3.743660007E1,1.729950070E0,1.237395096E1,-4.549500346E-1
3.743904346E1,3.294000149E0,1.232295036E1,-4.219500124E-1
3.744148684E1,4.972050190E0,1.450200081E1,-5.983950138E0
3.744393022E1,4.905000210E0,1.312995052E1,-8.505000114E0
3.744637361E1,7.833000183E0,1.060905075E1,-8.163000107E0
3.744881706E1,8.532000542E0,1.102305031E1,-9.826950073E0
3.745126037E1,3.214950085E0,1.075695038E1,-1.102605057E1
3.745370383E1,-2.010000050E-1,5.497050285E0,-8.542950630E0
3.745614722E1,3.495000124E0,3.699000120E0,-6.381000519E0
3.745859060E1,9.265050888E0,6.522000313E0,-8.494950294E0
3.746103399E1,4.287000179E0,2.406000137E0,-1.183800030E1
3.746347737E1,-1.345050097E0,3.105000257E0,-2.400000095E0
3.746592099E1,-1.072050095E0,4.723950386E0,6.537000179E0
3.746836437E1,4.905000329E-2,4.654050350E0,4.284000397E0
3.747080776E1,3.439500034E-1,3.214950085E0,1.686000109E0
3.747325114E1,1.471950054E0,9.409500360E-1,5.062050343E0
3.747569453E1,3.286950111E0,3.535950184E0,4.816050053E0
3.747813791E1,5.623050213E0,8.196000099E0,3.066000223E0
3.748058130E1,4.912050247E0,5.530950069E0,5.766000271E0
3.748302476E1,1.243005085E1,4.057950020E0,-3.774000168E0
3.748546814E1,1.388400078E1,4.365000248E0,-1.692600060E1
3.748791153E1,4.954950333E0,6.912000179E0,-2.045700073E1
3.749035491E1,-3.810000122E-1,6.577050209E0,-1.432095051E1
3.749279853E1,2.367000103E0,8.695950508E0,-6.721050262E0
3.749524191E1,1.206000090E0,5.200050354E0,-2.233950138E0
3.749768529E1,1.090500057E-1,7.839000225E0,3.078000069E0
3.750012868E1,1.536000013E0,9.073950768E0,7.228950500E0
3.750257206E1,3.775050163E0,8.983050346E0,-5.100000277E-2
3.750501545E1,5.247000217E0,8.302950859E0,-4.909500182E-1
3.750745883E1,4.242000103E0,8.586000443E0,7.770000100E-1
3.750990221E1,5.805000305E0,1.213395023E1,-5.920500159E-1
3.751234567E1,6.337050438E0,1.425300026E1,-5.412000179E0
3.751478906E1,2.131950140E0,1.275405025E1,-4.281000137E0
3.751723245E1,1.219950080E0,1.097505093E1,-2.151000023E0
3.751967583E1,3.076050043E0,1.524900055E1,-3.810000181E0
3.752211942E1,2.218950033E0,1.240695095E1,-5.779950142E0
3.752456258E1,-6.405000389E-2,5.559000492E0,-3.598950148E0
3.752700619E1,1.006950021E0,5.494950294E0,8.800500631E-1
3.752944958E1,4.065000057E0,1.281195068E1,-2.413950205E0
3.753189298E1,4.342050076E0,7.252050400E0,-6.573000431E0
3.753433637E1,1.534050107E0,3.637050152E0,-3.463050127E0
3.753677975E1,5.350050449E0,5.446950436E0,-2.806950092E0
3.753922321E1,5.053950310E0,5.320050240E0,-6.072000504E0
3.754166660E1,2.929950237E0,4.413000107E0,-5.500050068E0
3.754410998E1,2.733000040E0,6.349950314E0,-1.560000032E-1
3.754655337E1,6.655050278E0,8.346000671E0,3.940500319E-1
3.754899675E1,4.243950367E0,7.534950256E0,-2.883000135E0
3.755144014E1,2.632950068E0,7.932000160E0,-5.389500260E-1
3.755388352E1,5.572950363E0,9.934050560E0,-3.666000128E0
3.755632714E1,5.185050011E0,9.666000366E0,-6.537000179E0
3.755877052E1,2.959500253E-1,8.974050522E0,-3.168000221E0
3.756121391E1,-2.400000021E-2,8.083050728E0,3.468000174E0
3.756365729E1,2.518050194E0,1.249995041E1,1.663050056E0
3.756610075E1,3.235950232E0,1.124805069E1,-3.372000217E0
3.756854414E1,2.109000206E0,7.963050365E0,-2.281949997E0
3.757098752E1,1.287000060E0,8.020950317E0,1.780500114E-1
3.757343091E1,4.507950306E0,1.430805111E1,-4.870050430E0
3.757587429E1,4.848000050E0,1.238295078E1,-4.653000355E0
3.757831768E1,4.060050011E0,1.199295044E1,-3.343050241E0
3.758076106E1,3.202950239E0,1.423605061E1,-4.267050266E0
3.758320444E1,5.662050247E0,1.548405075E1,-2.281949997E0
3.758564805E1,3.732000113E0,1.290495014E1,-3.307050228E0
3.758809144E1,5.785950184E0,1.335300064E1,-1.909050107E0
3.759053482E1,6.267000198E0,1.229700089E1,-4.312950134E0
3.759297821E1,3.703050137E0,1.138005066E1,-5.152950287E0
3.759542159E1,1.831050038E0,6.256050110E0,-3.312000275E0
3.759786498E1,3.370050192E0,6.169950485E0,-4.179000378E0
3.760030836E1,5.595000267E0,1.036200047E1,-7.714950562E0
3.760275175E1,1.591050029E0,4.815000057E0,-9.154050827E0
3.760519521E1,-1.240500063E-1,2.293950081E0,-2.020950079E0
3.760763859E1,1.065000057E0,1.114305019E1,1.360950112E0
3.761008198E1,-1.750500053E-1,6.787950516E0,5.590500236E-1
3.761252536E1,1.587000132E0,4.621050358E0,3.765000105E0
3.761496898E1,2.704950094E0,7.120950222E0,4.657950401E0
3.761741236E1,1.143405056E1,6.402000427E0,-3.472050190E0
3.761985575E1,8.166000366E0,5.803950310E0,-9.943950653E0
3.762229913E1,3.540000200E0,5.671950340E0,-9.963000298E0
3.762474252E1,9.466050148E0,7.234950542E0,-1.124205017E1
3.762718590E1,5.155950069E0,7.144050121E0,-1.037505054E1
3.762962935E1,-1.740000129E0,7.779000282E0,-3.894000292E0
3.763207274E1,-3.829500079E-1,5.935050488E0,5.745000362E0
3.763451612E1,6.592950344E0,8.428050041E0,-2.689500153E-1
3.763695951E1,6.202950478E0,7.990050316E0,-7.357950211E0
3.763940289E1,1.636950135E0,4.683000088E0,-3.240000248E0
3.764184651E1,1.741950035E0,4.750050068E0,-5.419500470E-1
3.764428989E1,4.426050186E0,9.211050034E0,-3.778950214E0
3.764673328E1,1.996050119E0,8.434950829E0,-2.167050123E0
3.764917666E1,6.499500275E-1,6.280050278E0,9.349500537E-1
3.765162004E1,1.546050072E0,1.026195049E1,-5.659500360E-1
3.765406343E1,2.371950150E0,1.276395035E1,-2.052000046E0
3.765650689E1,2.386050224E0,9.759000778E0,-2.365950108E0
3.765895027E1,5.623050213E0,8.513999939E0,-6.289950371E0
3.766139366E1,4.443000317E0,9.394950867E0,-7.066050529E0
3.766383704E1,1.639500111E-1,9.522000313E0,-4.078050137E0
3.766628043E1,1.800000109E-2,7.711950302E0,1.993050098E0
3.766872381E1,4.821000099E0,8.706000328E0,6.949500442E-1
3.767116720E1,6.631050110E0,9.850050926E0,-7.321950436E0
3.767361058E1,3.475950241E0,6.334950447E0,-2.862000227E0
3.767605419E1,4.753950119E0,8.919000626E0,-5.940000415E-1
3.767849758E1,8.571000099E0,1.031400013E1,-4.188000202E0
3.768094097E1,4.237050056E0,1.073100090E1,-6.931950092E0
3.768338435E1,6.150000095E-1,1.037400055E1,-4.528050423E0
3.768582781E1,3.777000189E0,1.003905010E1,-2.412000179E0
3.768827120E1,8.905950546E0,1.015605068E1,-6.786000252E0
3.769071458E1,6.801000118E0,9.115050316E0,-8.562000275E0
3.769315797E1,9.615000725E0,1.019700050E1,-7.135050297E0
3.769560135E1,8.311950684E0,1.097505093E1,-9.190050125E0
3.769804474E1,1.776000142E0,1.181100082E1,-6.403050423E0
3.770048813E1,-2.539499998E-1,9.960000038E0,6.310500503E-1
3.770293174E1,2.182950020E0,1.145400047E1,1.906950116E0
3.770537513E1,6.226950169E0,1.029105091E1,-4.281000137E0
3.770781851E1,2.710050106E0,9.193950653E0,-2.257950068E0
3.771026190E1,-3.640500307E-1,8.289000511E0,2.505000114E0
3.771270528E1,8.830500245E-1,9.589050293E0,5.730000138E-1
3.771514874E1,3.274950266E0,1.299405098E1,-1.080000028E-1
3.771759205E1,3.552000284E0,1.022805023E1,-1.486950040E0
3.772003551E1,1.768950105E0,1.148505020E1,-6.040500402E-1
3.772247890E1,2.773950100E0,1.342695045E1,1.690500081E-1
3.772492226E1,3.235950232E0,1.415505028E1,-8.530500531E-1
3.772736565E1,6.859500408E-1,1.246200085E1,-2.539499998E-1
3.772980926E1,1.546050072E0,1.163895035E1,1.260000110E0
3.773225265E1,2.403000116E0,1.110900021E1,4.249500334E-1
3.773469603E1,7.390500307E-1,6.736950397E0,-1.231050014E0
3.773713942E1,1.620000005E-1,7.141950130E0,1.492950082E0
3.773958280E1,1.915050149E0,1.194300079E1,3.889050245E0
3.774202619E1,1.917000055E0,7.257000446E0,4.770000279E-1
3.774446957E1,1.812000036E0,2.293950081E0,3.190500140E-1
3.774691303E1,1.321305084E1,5.305950165E0,-7.167000294E0
3.774935642E1,8.968050003E0,6.796950340E0,-1.632000160E1
3.775179981E1,1.780950069E0,2.767950058E0,-1.489995098E1
3.775424319E1,9.619500637E-1,5.095050335E0,-3.610950232E0
3.775668658E1,1.725000024E0,9.982050896E0,1.710000038E0
3.775913019E1,1.254000068E0,3.879000187E0,-3.720000088E-1
3.776157335E1,3.306000233E0,6.970050335E0,-3.190500140E-1
3.776401696E1,8.049000740E0,4.462950230E0,-1.072950006E0
3.776646035E1,4.033950329E0,3.706050158E0,-3.300000191E0
3.776890373E1,-2.250000089E-1,3.451950073E0,-3.889050245E0
3.777134712E1,4.612950325E0,1.735950112E0,-8.039999962E0
3.777379058E1,1.170495033E1,2.203050137E0,-1.187400055E1
3.777623396E1,5.106000423E0,8.140500188E-1,-9.115950584E0
3.777867735E1,1.783050060E0,3.357000113E0,-7.780050278E0
3.778112073E1,8.365050316E0,4.462950230E0,-1.083900070E1
3.778356414E1,8.121000290E0,4.180050373E0,-9.217950821E0
3.778600752E1,-1.099500060E-1,4.437000275E0,-7.032000542E0
3.778845091E1,3.030000210E0,6.958050251E0,-6.678000450E0
3.779089429E1,8.026950836E0,7.623000145E0,-3.786000252E0
3.779333790E1,5.125050068E0,8.284049988E0,-3.652050257E0
3.779578128E1,-3.600000218E-2,1.086000061E1,7.219500542E-1
3.779822467E1,1.162950039E0,1.163595009E1,5.398050308E0
3.780066813E1,2.937000036E0,1.072905064E1,3.793050289E0
3.780311151E1,1.939050078E0,1.242105103E1,-1.192950010E0
3.780555490E1,1.303950071E0,1.210995102E1,1.318050027E0
3.780799828E1,6.174000263E0,1.173000050E1,1.693950057E0
3.781044167E1,2.583000183E0,9.819000244E0,-7.162050247E0
3.781288505E1,4.120050430E0,7.551000595E0,-4.741050243E0
3.781532844E1,7.599000454E0,9.639000893E0,-1.239105034E1
3.781777205E1,3.283950090E0,1.177005100E1,-1.149300098E1
3.782021545E1,-1.390500069E-1,9.663000107E0,-5.160000324E0
3.782265883E1,2.989950180E0,1.037895012E1,3.790500164E-1
3.782510222E1,7.230000496E0,1.575705051E1,-6.900000572E-1
3.782754560E1,6.018000126E0,1.147305012E1,-3.649050236E0
3.782998898E1,8.367000580E0,9.667950630E0,-7.156950474E0
3.783243244E1,8.836950302E0,1.242600060E1,-1.060200024E1
3.783487575E1,2.463000059E0,1.127205086E1,-1.018095016E1
3.783731921E1,-1.053000093E0,8.109000206E0,-2.827950239E0
3.783976260E1,8.280000687E-1,9.538950920E0,2.278050184E0
3.784220598E1,5.319000244E0,7.824000359E0,-1.945050120E0
3.784464961E1,3.888000250E0,5.749050140E0,-1.696050048E0
3.784709300E1,6.133050442E0,6.160050392E0,1.524000049E0
3.784953638E1,7.560000420E0,9.048000336E0,-2.598000050E0
3.785197977E1,1.951050043E0,9.057000160E0,-3.238050222E0
3.785442315E1,3.250500262E-1,7.216050148E0,1.228950024E0
3.785686655E1,2.839500010E-1,9.862050056E0,1.432950020E0
3.785930993E1,2.437050104E0,1.106205082E1,-2.524050236E0
3.786175339E1,4.090950012E0,9.976950645E0,-3.496050119E0
3.786419678E1,5.949000359E0,9.499950409E0,-1.035000086E0
3.786664016E1,5.887050152E0,9.496050835E0,-6.855000496E0
3.786908356E1,2.721000195E0,1.068300056E1,-5.538000107E0
3.787152717E1,1.045050025E0,8.803950310E0,2.527050018E0
3.787397056E1,3.367950201E0,9.061950684E0,-3.670500219E-1
3.787641395E1,2.074949980E0,1.048005009E1,-5.572050095E0
3.787885733E1,-4.980000257E-1,8.167050362E0,-1.284000039E0
3.788130071E1,1.387950063E0,6.091050148E0,-2.569500208E-1
3.788374409E1,7.216050148E0,8.770050049E0,-4.324950218E0
3.788618748E1,3.339000225E0,8.527950287E0,-5.292000294E0
3.788863094E1,2.395950079E0,7.468050480E0,3.900000080E-2
3.789107432E1,2.559000015E0,1.229700089E1,-9.079500437E-1
3.789351770E1,1.648950100E0,8.868000031E0,-4.990050316E0
3.789596109E1,5.400000215E-1,8.157000542E0,-6.453000069E0
3.789840447E1,5.494050026E0,7.381050587E0,-9.286050797E0
3.790084786E1,5.025000095E0,6.721050262E0,-9.280950546E0
3.790329124E1,-4.519500136E-1,5.277000427E0,-4.794000149E0
3.790573486E1,2.698050022E0,2.518950224E0,3.516000271E0
3.790817824E1,8.980050087E0,2.575950146E0,2.260500044E-1
3.791062163E1,6.586050510E0,3.970050097E0,-4.138050079E0
3.791306501E1,2.491950035E0,2.959050179E0,-5.940000415E-1
3.791550849E1,9.411000252E0,3.807000160E0,-3.361950159E0
3.791795180E1,7.582050323E0,5.542950153E0,-1.021005058E1
3.792039526E1,-1.870500147E-1,5.002050400E0,-9.877050400E0
3.792283864E1,-2.850000262E-1,6.646050453E0,-7.216950417E0
3.792528203E1,7.489050388E0,4.887000084E0,-7.930050373E0
3.792772541E1,7.278000355E0,5.701050282E0,-6.283050060E0
3.793016880E1,6.318000317E0,6.445050240E0,-9.900000691E-2
3.793261241E1,1.120200062E1,7.173000336E0,-2.044950008E0
3.793505580E1,7.792950153E0,7.747950554E0,-8.397000313E0
3.793749918E1,-2.229000092E0,1.004895020E1,6.880500317E-1
3.793994256E1,4.999500215E-1,1.008900070E1,7.015950203E0
3.794238602E1,6.198000431E0,9.409049988E0,-3.766950130E0
3.794482933E1,5.451000214E0,9.466950417E0,-3.601050138E0
3.794727279E1,3.724950075E0,8.854050636E0,-2.818950176E0
3.794971618E1,3.844050169E0,1.003905010E1,-3.771000147E0
3.795215957E1,2.710050106E0,1.405200100E1,-8.364000320E0
3.795460296E1,1.359000087E0,1.204605103E1,-2.766000032E0
3.795704634E1,2.563050032E0,1.511700058E1,1.006950021E0
3.795948995E1,5.206950188E0,1.809794998E1,-5.083950043E0
3.796193334E1,3.756000280E0,1.530705070E1,-6.046050072E0
3.796437673E1,5.137050152E0,1.197105026E1,-4.597949982E0
3.796682011E1,7.066950321E0,1.207695103E1,-8.533950806E0
3.796926350E1,3.615000248E0,8.703000069E0,-1.233795071E1
3.797170688E1,1.407000065E0,5.277000427E0,-4.281000137E0
3.797415034E1,5.769000053E0,5.808000088E0,-4.819950104E0
3.797659371E1,8.008049965E0,6.136050224E0,-8.835000038E0
3.797903710E1,1.990950108E0,2.866050243E0,-6.742950439E0
3.798148048E1,9.900000691E-1,4.819950104E0,2.203950167E0
3.798392386E1,7.170000076E-1,7.408050537E0,4.948050022E0
3.798636725E1,6.340500116E-1,4.639950275E0,4.335000038E0
3.798881064E1,1.528950095E0,2.257950068E0,3.529950142E0
3.799125403E1,2.350050211E0,6.322950363E0,4.507050037E0
3.799369764E1,8.331000328E0,6.466950417E0,1.548000097E0
3.799614103E1,5.473050117E0,5.611950397E0,-7.012950420E0
3.799858441E1,8.072999954E0,6.088950157E0,-1.165605068E1
3.800102789E1,6.394050121E0,6.036000252E0,-1.529295063E1
3.800347128E1,-7.249500155E-1,5.302950382E0,-1.444800091E1
3.800591466E1,-2.157000065E0,3.876000166E0,-5.104950428E0
3.800835805E1,1.483950019E0,4.609050274E0,-1.006049991E0
3.801080143E1,1.480500102E-1,2.770050049E0,6.640500426E-1
3.801324482E1,-4.639500082E-1,6.457050323E0,2.023950100E0
3.801568843E1,1.954950094E0,8.263050079E0,4.381950378E0
3.801813182E1,3.940050125E0,9.526950836E0,3.400950193E0
3.802057520E1,2.616000175E0,7.177950382E0,-1.450950027E0
3.802301859E1,1.978950143E0,8.749050140E0,-3.964950085E0
3.802546197E1,4.972050190E0,1.386795044E1,4.569000244E0
3.802790536E1,5.166000366E0,1.298895073E1,-5.242050171E0
3.803034882E1,5.698050499E0,9.316050529E0,-3.673050165E0
3.803279220E1,9.502050400E0,1.105005074E1,-1.047495079E1
3.803523559E1,5.578050137E0,9.298950195E0,-1.370100021E1
3.803767896E1,-3.690000176E-1,5.923050404E0,-5.608050346E0
3.804012234E1,2.856000185E0,6.553050518E0,-6.060000062E-1
3.804256573E1,6.010950089E0,1.178895092E1,-3.790950298E0
3.804500934E1,2.013000011E0,5.674050331E0,-4.495050430E0
3.804745273E1,1.315950036E0,3.370950222E0,2.047950029E0
3.804989612E1,5.532000065E0,9.321000099E0,9.000000358E-2
3.805233950E1,3.406050205E0,9.895050049E0,-4.240950108E0
3.805478289E1,7.770000100E-1,8.454000473E0,7.789500356E-1
3.805722627E1,-8.230500221E-1,1.093695068E1,1.945050120E0
3.805966973E1,3.454050064E0,9.370950699E0,-6.750000477E0
3.806211312E1,4.354050159E0,1.036995029E1,-9.726000786E0
3.806455650E1,1.050300026E1,8.097000122E0,-9.027000427E0
3.806699989E1,1.215705013E1,9.433050156E0,-1.091595078E1
3.806944350E1,-1.789500117E-1,9.823950768E0,-8.091000557E0
3.807188690E1,-7.905000448E-2,8.871000290E0,1.897050142E0
3.807433028E1,8.688000679E0,7.666050434E0,-5.560500026E-1
3.807677367E1,8.125050545E0,6.514950275E0,-8.067000389E0
3.807921705E1,2.305050135E0,7.348050117E0,-5.919000149E0
3.808166044E1,5.767050266E0,5.614950180E0,-2.737050056E0
3.808410384E1,8.092050552E0,6.298950195E0,-7.735950470E0
3.808654730E1,1.681950092E0,6.988950253E0,-3.546000242E0
3.808899068E1,1.441050053E0,7.963050365E0,3.022950172E0
3.809143407E1,2.566050053E0,1.434405041E1,9.160500169E-1
3.809387768E1,2.476950169E0,1.137795067E1,-3.088950157E0
3.809632084E1,2.953950167E0,1.080795097E1,-3.022050142E0
3.809876445E1,7.314000130E0,1.140405083E1,-5.661000252E0
3.810120760E1,4.270950317E0,1.103805065E1,-8.509950638E0
3.810365122E1,-8.089500666E-1,8.380050659E0,-3.028950214E0
3.810609460E1,8.490000367E-1,6.843000412E0,2.503050089E0
3.810853799E1,4.531949997E0,8.646000862E0,-3.000000119E-1
3.811098137E1,5.707050323E0,7.060950279E0,-5.401950359E0
3.811342483E1,4.327950001E0,5.701050282E0,-3.031950235E0
3.811586822E1,8.338050842E0,7.024950504E0,-3.172950268E0
3.811831160E1,3.756000280E0,8.928000450E0,-7.059000492E0
3.812075499E1,8.505000174E-2,6.430950165E0,-2.191050053E0
3.812319838E1,-3.589500189E-1,9.505050659E0,1.855950117E0
3.812564176E1,-5.359500051E-1,1.018005085E1,1.399500072E-1
3.812808538E1,1.369050026E0,7.350000381E0,-2.931000233E0
3.813052876E1,7.407000542E0,6.430950165E0,-4.554000378E0
3.813297215E1,1.105095005E1,6.346950531E0,-1.059000015E1
3.813541553E1,2.674050093E0,8.124000549E0,-1.080600071E1
3.813785892E1,-1.977000117E0,5.491950035E0,-2.602950096E0
3.814030230E1,1.941000104E0,4.819950104E0,2.101050138E0
3.814274576E1,4.705950260E0,4.495950222E0,-3.793050289E0
3.814518914E1,1.135950089E0,3.780000210E0,-2.658000231E0
3.814763252E1,4.381050110E0,2.761050224E0,2.788050175E0
3.815007591E1,7.074000359E0,5.454000473E0,-3.550950050E0
3.815251929E1,1.089000106E0,6.309000492E0,-3.151050091E0
3.815496291E1,-1.390950084E0,8.101950645E0,4.354050159E0
3.815740630E1,-5.359500051E-1,9.199050903E0,2.721000195E0
3.815984969E1,4.948050022E0,1.071405029E1,-1.533000112E0
3.816229307E1,7.495950222E0,1.091295052E1,-6.091950417E0
3.816473646E1,9.931050301E0,9.988950729E0,-1.198095036E1
3.816717984E1,5.179950237E0,9.393000603E0,-1.248195076E1
3.816962330E1,1.000500023E-1,9.127050400E0,-1.954050064E0
3.817206669E1,5.470499992E-1,7.384050369E0,6.019500494E-1
3.817451007E1,7.309050560E0,1.110000038E1,-1.594950080E0
3.817695346E1,5.707050323E0,7.027050495E0,-7.084950447E0
3.817939707E1,4.018949986E0,8.799000740E0,-4.279050350E0
3.818184044E1,9.114000320E0,7.792950153E0,-5.695950508E0
3.818428360E1,5.101050377E0,9.852000237E0,-1.050705051E1
3.818672721E1,6.529500484E-1,9.496050835E0,-4.083000183E0
3.818917060E1,1.921950102E0,1.212705040E1,1.629000068E0
3.819161398E1,1.297050118E0,1.279500103E1,-9.490500689E-1
3.819405736E1,2.425050020E0,9.673050880E0,-2.686950207E0
3.819650082E1,9.090000153E0,9.964950562E0,-4.462950230E0
3.819894421E1,1.161600018E1,8.667000771E0,-1.102095032E1
3.820138760E1,1.876050115E0,1.113105011E1,-9.742950439E0
3.820383096E1,-1.627950072E0,9.390000343E0,-3.463050127E0
3.820627434E1,4.150950432E0,7.410000324E0,-1.381950021E0
3.820871773E1,6.514050484E0,7.542000294E0,-5.079000473E0
3.821116111E1,1.848000050E0,5.526000500E0,-3.232950211E0
3.821360473E1,5.805000305E0,4.765050411E0,6.310500503E-1
3.821604811E1,5.832000256E0,7.432050228E0,-1.878000140E0
3.821849150E1,1.204050064E0,6.385050297E0,-6.490500569E-1
3.822093496E1,-5.359500051E-1,7.681050301E0,1.806000113E0
3.822337834E1,-2.200500071E-1,9.687000275E0,1.581000090E0
3.822582173E1,1.627050042E0,8.971050262E0,-3.609000206E0
3.822826511E1,1.693950057E0,8.358000755E0,-5.104950428E0
3.823070850E1,5.853000164E0,8.044950485E0,-5.689050198E0
3.823315188E1,4.078950405E0,8.950050354E0,-4.806000233E0
3.823559527E1,1.380000114E-1,7.755000591E0,1.488000035E0
3.823803888E1,-8.760000467E-1,6.189000130E0,2.485950232E0
3.824048225E1,-1.410000026E-1,8.208000183E0,1.933050036E0
3.824292564E1,1.752000093E0,6.366000175E0,1.698000073E0
3.824536902E1,4.684950352E0,5.040000439E0,-1.198050022E0
3.824781241E1,7.993950367E0,5.854050159E0,-6.477000237E0
3.825025579E1,3.865950108E0,7.231050491E0,-1.071495056E1
3.825269924E1,-3.109500110E-1,6.097950459E0,-3.946050167E0
3.825514263E1,1.366050124E0,7.851000309E0,1.954950094E0
3.825758601E1,3.301050186E0,1.002705002E1,-7.360500097E-1
3.826002940E1,4.981950283E0,6.325950146E0,-5.497950077E0
3.826247278E1,9.114000320E0,8.344050407E0,-7.866000175E0
3.826491640E1,8.271000862E0,5.835000515E0,-1.249095058E1
3.826735979E1,-2.130000144E-1,6.984000206E0,-1.086300087E1
3.826980317E1,-1.321050048E0,5.995050430E0,-2.337000132E0
3.827224656E1,5.094000340E0,5.866050243E0,1.590000093E-1
3.827468994E1,6.667050362E0,3.184050083E0,-4.308000088E0
3.827713332E1,2.832000017E0,4.111050129E0,-1.055999994E0
3.827957678E1,8.158950806E0,5.265000343E0,2.078999996E0
3.828202017E1,1.000695038E1,8.605050087E0,-4.243050098E0
3.828446356E1,7.170000076E-1,1.007505035E1,-8.325000763E0
3.828690694E1,-6.150000095E-1,1.183005047E1,6.210000515E-1
3.828935034E1,2.161050081E0,1.035000038E1,-3.549000263E0
3.829179373E1,2.920050144E0,1.015200043E1,-4.939950466E0
3.829423711E1,7.744950294E0,1.000305080E1,-5.895000458E0
3.829668073E1,1.155405045E1,6.627000332E0,-1.258200073E1
3.829912411E1,3.997950077E0,4.942050457E0,-1.327200031E1
3.830156749E1,-3.370500207E-1,5.611950397E0,-4.485000134E0
3.830401095E1,6.655050278E0,3.414000273E0,-4.223999977E0
3.830645434E1,9.142950058E0,1.599000096E0,-1.275195026E1
3.830889772E1,1.951050043E0,2.634000063E0,-1.401405048E1
3.831134110E1,-1.764000058E0,2.310000181E0,-2.440050125E0
3.831378448E1,-2.121000051E0,1.185000062E0,4.621950150E0
3.831622787E1,-1.386000037E0,1.954050064E0,3.469950199E0
3.831867125E1,-7.639500499E-1,3.540000021E-1,-9.370500445E-1
3.832111487E1,9.930000305E-1,-4.200000316E-2,1.008105087E1
3.832355825E1,6.169500351E-1,7.173000336E0,6.166050434E0
3.832600164E1,2.338050127E0,1.485900116E1,-2.932950258E0
3.832844502E1,5.044050217E0,1.696305084E1,7.366050243E0
3.833088841E1,6.943050385E0,1.816995049E1,6.382050514E0
3.833333179E1,5.398050308E0,1.211700058E1,-5.091000080E0
3.833577517E1,7.587000370E0,1.481295109E1,-7.492050171E0
3.833821863E1,1.136700058E1,1.465305042E1,-1.116705036E1
3.834066202E1,6.390000343E0,1.099005032E1,-1.509405041E1
3.834310540E1,7.773000240E0,1.215600014E1,-1.158405018E1
3.834554879E1,9.655050278E0,1.396605110E1,-1.033695030E1
3.834799239E1,6.105000496E0,1.139400101E1,-6.874050140E0
3.835043577E1,1.399950027E0,8.119050026E0,-5.296950340E0
3.835287916E1,2.506050110E0,2.230950117E0,-4.720500112E-1
3.835532254E1,5.286000252E0,5.281950474E0,-5.251050472E0
3.835776593E1,3.919050217E0,9.072000504E0,-4.228950024E0
3.836020932E1,1.546050072E0,3.451950073E0,-6.580050468E0
3.836265278E1,1.696950078E0,2.860950232E0,-6.444000244E0
3.836509617E1,-9.430500269E-1,1.370505047E1,5.587050438E0
3.836753956E1,-3.406950235E0,6.057000160E0,3.124950171E0
3.836998317E1,-2.080049992E0,-3.580500185E-1,1.069050074E0
3.837242632E1,-7.639500499E-1,5.505000427E-2,4.447050095E0
3.837486994E1,7.030500174E-1,2.180999994E0,5.098050117E0
3.837731310E1,1.549500078E-1,4.999050140E0,8.431050301E0
3.837975671E1,7.410000563E-1,2.301000118E0,3.849000216E0
3.838220010E1,1.395000052E-2,3.606000185E0,2.046000004E0
3.838464346E1,-2.205000162E0,1.367100048E1,-3.016950130E0
3.838708693E1,3.490500152E-1,1.912995148E1,-2.639999986E-1
3.838953031E1,9.763050079E0,1.640805054E1,1.083000088E1
3.839197370E1,1.416105080E1,7.951050282E0,-6.229950428E0
3.839441708E1,1.623195076E1,1.319505024E1,-2.959905052E1
3.839686050E1,1.522395039E1,5.524050236E0,-3.011595154E1
3.839930388E1,2.314050198E0,6.453000069E0,-1.797195053E1
3.840174727E1,3.712950230E0,8.071050644E0,-6.721050262E0
3.840419088E1,4.483950138E0,1.198605061E1,-1.474950075E0
3.840663427E1,3.556950092E0,1.170600033E1,9.799500704E-1
3.840907765E1,1.840050101E0,1.404195023E1,2.776050091E0
3.841152104E1,3.961950302E0,1.482795048E1,-2.490000129E-1
3.841396442E1,3.346050262E0,1.366905022E1,6.190500259E-1
3.841640781E1,2.110949993E0,1.165095043E1,-1.660500020E-1
3.841885119E1,2.398050070E0,1.231395054E1,4.780050278E0
3.842129466E1,1.864050031E0,1.372905064E1,-3.301950216E0
3.842373804E1,-5.980500579E-1,9.553050041E0,-9.421950340E0
3.842618143E1,6.957000256E0,7.855950356E0,-1.323405075E1
3.842862504E1,6.604950428E0,8.248050690E0,-1.499400043E1
3.843106843E1,-8.140500188E-1,8.097000122E0,-9.400050163E0
3.843351181E1,1.029000044E0,8.491950035E0,-1.264950037E0
3.843595520E1,5.439000130E0,6.508050442E0,-1.492050052E0
3.843839858E1,3.990000248E0,5.746050358E0,-3.951000214E0
3.844084197E1,4.012050152E0,4.420050144E0,-5.389500260E-1
3.844328536E1,4.729950428E0,7.161000252E0,-1.140000105E0
3.844572882E1,3.841950178E0,1.064295006E1,-8.220000267E-1
3.844817221E1,2.530050039E0,9.618000031E0,1.825050116E0
3.845061559E1,2.322000027E0,1.087005043E1,1.951950073E0
3.845305898E1,3.235950232E0,1.531605053E1,1.914000034E0
3.845550235E1,2.908050060E0,1.438500023E1,7.240500450E-1
3.845794596E1,6.600000381E0,1.132695007E1,2.235000134E0
3.846038912E1,4.500000000E0,9.874050140E0,-7.174050331E0
3.846283273E1,4.041000366E0,8.968950272E0,-1.190205097E1
3.846527612E1,4.171950340E0,6.543000221E0,-8.776050568E0
3.846771949E1,5.428950310E0,8.607000351E0,-9.183000565E0
3.847016295E1,7.819500566E-1,6.322950363E0,-8.445000648E0
3.847260634E1,1.531950116E0,5.398950100E0,-7.909500599E-1
3.847504972E1,7.837950230E0,1.034295082E1,1.926000118E0
3.847749310E1,4.819050312E0,1.287195015E1,-1.345950007E0
3.847993647E1,2.029950142E0,7.141950130E0,-1.060950041E0
3.848237985E1,1.981950045E0,1.005105019E1,2.128950119E0
3.848482324E1,3.271950245E0,1.596300030E1,3.573000193E0
3.848726685E1,1.062000036E0,1.274700069E1,1.039950013E0
3.848971024E1,4.361999989E0,9.330000877E0,2.527050018E0
3.849215363E1,1.069200039E1,1.301295090E1,-6.676050186E0
3.849459702E1,3.828000069E0,8.919000626E0,-1.696199989E1
3.849704040E1,5.929500461E-1,6.811950207E0,-1.253700066E1
3.849948379E1,5.745000362E0,6.165000439E0,-1.170600033E1
3.850192725E1,2.761950016E0,4.729050159E0,-1.253505039E1
3.850437064E1,-4.860000312E-1,2.172000170E0,-9.022050858E0
3.850681402E1,5.950950146E0,2.962050200E0,-1.791000128E0
3.850925741E1,7.266000271E0,1.743000031E0,-6.142050266E0
3.851170102E1,-4.000500143E-1,2.370000124E0,-3.160950184E0
3.851414441E1,-1.012950063E0,3.079050064E0,8.167950630E0
3.851658779E1,3.130500019E-1,2.073000193E0,6.919950485E0
3.851903118E1,1.630050063E0,1.920000076E0,2.271000147E0
3.852147456E1,3.909000158E0,3.108000040E0,3.372000217E0
3.852391794E1,1.275405025E1,5.866050243E0,-1.183050036E0
3.852636140E1,1.036905003E1,3.831000090E0,-5.875950336E0
3.852880479E1,6.502050400E0,4.777050018E0,-1.563495064E1
3.853124818E1,6.817950249E0,6.069000244E0,-1.971705055E1
3.853369156E1,3.877950191E0,7.951050282E0,-1.419105053E1
3.853613517E1,1.041000009E0,9.637050629E0,5.251950264E0
3.853857856E1,8.520000577E-1,1.501905060E1,2.953050137E0
3.854102195E1,3.442050219E0,1.862700081E1,6.465000153E0
3.854346533E1,2.508000135E0,1.925205040E1,-5.481000423E0
3.854590871E1,-5.505000427E-2,1.321605110E1,-2.205000073E-2
3.854835210E1,-3.727950096E0,1.585695076E1,1.212000012E0
3.855079548E1,-3.531000137E0,1.827600098E1,4.027950287E0
3.855323893E1,-5.121000290E0,1.278795052E1,-1.068000078E0
3.855568232E1,-4.159049988E0,9.867000580E0,1.639500111E-1
3.855812570E1,-1.963050127E0,1.062105083E1,1.078050017E0
3.856056909E1,2.599500120E-1,6.796950340E0,1.234050035E0
3.856301248E1,1.893000126E0,8.434950829E0,-4.882050037E0
3.856545586E1,4.159950256E0,6.583950520E0,6.066000462E0
3.856789947E1,2.568000078E0,3.934050083E0,4.693950176E0
3.857034286E1,1.132050037E0,3.369000196E0,5.376000404E0
3.857278624E1,2.121000051E0,3.778050184E0,1.025100040E1
3.857522963E1,7.228050232E0,3.928950071E0,-6.130500436E-1
3.857767301E1,1.306500053E1,-4.159500301E-1,2.419050217E0
3.858011647E1,2.068095016E1,-2.896050215E0,-1.700699997E1
3.858255978E1,1.733895111E1,-1.311000109E0,-2.936895180E1
3.858500324E1,1.075695038E1,3.282000065E0,-3.335805130E1
3.858744663E1,8.425050735E0,9.151050568E0,-2.482395172E1
3.858988998E1,2.791050196E0,8.217000008E0,-2.057505035E1
3.859233359E1,1.828050137E0,7.711950302E0,-1.619295120E1
3.859477698E1,7.435950279E0,8.740950584E0,-1.045905018E1
3.859722037E1,5.935050488E0,6.400050163E0,-1.594950080E0
3.859966375E1,1.159950018E0,1.957950115E0,6.070500016E-1
3.860210713E1,1.125000000E0,2.466000080E0,4.627050400E0
3.860455052E1,2.532000065E0,3.105000257E0,4.299000263E0
3.860699390E1,3.946950197E0,3.274950266E0,3.339000225E0
3.860943736E1,6.018000126E0,7.405050278E0,-1.020000100E0
3.861188076E1,4.636950016E0,9.832950592E0,2.881050110E0
3.861432415E1,3.112050056E0,8.971050262E0,1.248000026E0
3.861676776E1,2.239950180E0,1.213695049E1,-2.686950207E0
3.861921115E1,3.504000187E0,1.430295086E1,6.169050217E0
3.862165453E1,2.407950163E0,9.034049988E0,-2.020500153E-1
3.862409794E1,-2.299500108E-1,9.148050308E0,-1.759950042E0
3.862654132E1,-9.889500737E-1,1.161195087E1,-6.370500326E-1
3.862898470E1,8.970000148E-1,1.019205093E1,3.970950127E0
3.863142809E1,3.030000031E-1,6.361950397E0,1.768050075E0
3.863387155E1,-7.999500632E-1,7.804950237E0,1.749000072E0
3.863631492E1,2.839500010E-1,1.236195087E1,4.999950409E0
3.863875830E1,9.709500670E-1,8.277000427E0,2.422049999E0
3.864120169E1,9.871050835E0,1.615950108E0,4.540050030E0
3.864364507E1,1.348605061E1,5.655000210E0,-1.992105103E1
3.864608846E1,7.567950249E0,5.296050072E0,-3.410700226E1
3.864853205E1,7.258950233E0,7.033950329E0,-2.520300102E1
3.865097544E1,8.350049973E0,2.734050035E0,-1.716795158E1
3.865341882E1,9.070500135E-1,1.891050100E0,-1.714395142E1
3.865586221E1,2.820000052E-1,2.334000111E0,-6.915000439E0
3.865830559E1,2.146950006E0,5.056950092E0,6.913050175E0
3.866074898E1,1.206000090E0,7.585050583E0,9.295950890E0
3.866319244E1,-9.580500722E-1,1.234950066E0,1.264950037E0
3.866563582E1,7.729500532E-1,1.858050108E0,4.075950146E0
3.866807921E1,7.684950352E0,3.529050112E0,5.175000191E0
3.867052259E1,1.077600098E1,6.574950218E0,-3.199050188E0
3.867296599E1,1.241100025E1,7.372050285E0,-3.463050127E0
3.867540960E1,1.233195019E1,9.313950539E0,-1.461000061E1
3.867785299E1,3.729000092E0,9.196050644E0,-2.024400139E1
3.868029637E1,1.575000048E0,9.472050667E0,5.805000290E-2
3.868273976E1,3.781950235E0,1.479900074E1,4.689000130E0
3.868518313E1,4.171950340E0,1.157895088E1,5.896050453E0
3.868762659E1,1.717950106E0,9.442950249E0,-4.351050377E0
3.869006998E1,3.394050121E0,1.520400047E1,4.059000015E0
3.869251336E1,4.690050125E0,1.449000072E1,2.878950119E0
3.869495674E1,3.550050259E0,1.154805088E1,-4.087950230E0
3.869740014E1,5.331000328E0,1.530405045E1,1.789050102E0
3.869984376E1,7.570050240E0,1.327395058E1,-1.471605110E1
3.870228714E1,1.009950042E0,9.328050613E0,-1.144995022E1
3.870473053E1,2.122950077E0,4.603950024E0,-5.967000484E0
3.870717391E1,5.221050262E0,1.222995090E1,-5.389950275E0
3.870961730E1,2.997000217E0,1.109295082E1,-3.400050163E0
3.871206069E1,5.398050308E0,6.766050339E0,-2.967000246E0
3.871450407E1,5.202000141E0,1.219905090E1,-6.700050354E0
3.871694753E1,7.630500197E-1,7.438950539E0,-5.239050388E0
3.871939092E1,1.380000114E-1,5.911050320E0,2.376000166E0
3.872183431E1,1.194000006E0,1.043895054E1,5.776050091E0
3.872427769E1,1.206000090E0,6.484050274E0,3.472950220E0
3.872672131E1,-9.619500637E-1,1.597050071E0,-1.104000092E0
3.872916446E1,-4.710000157E-1,4.827000141E0,1.381950021E0
3.873160807E1,9.259500504E-1,1.102095032E1,5.557950497E0
3.873405146E1,2.968050241E0,1.164105034E1,1.119000077E0
3.873649485E1,2.347950220E0,1.167000103E1,-2.530950069E0
3.873893823E1,4.222949982E0,1.567995071E1,1.033050060E0
3.874138169E1,5.080050468E0,1.473195076E1,9.180000424E-1
3.874382509E1,3.310050249E0,1.405200100E1,8.509500623E-1
3.874626847E1,5.998950481E0,1.318500042E1,-3.142050266E0
3.874871186E1,4.540500343E-1,1.148100090E1,-9.328950882E0
3.875115524E1,1.825950146E0,8.956950188E0,-4.621050358E0
3.875359862E1,3.109050035E0,1.239300060E1,-6.016950130E0
3.875604202E1,1.668000102E0,1.300305080E1,-8.196000099E0
3.875848564E1,1.138950109E0,7.908000469E0,-5.533950329E0
3.876092902E1,5.259000301E0,1.061400032E1,-2.967000246E0
3.876337248E1,7.978950500E0,9.988950729E0,-1.010700035E1
3.876581579E1,4.552950382E0,5.233950138E0,-1.164600086E1
3.876825928E1,4.157999992E0,4.792950153E0,-1.050900078E1
3.877070266E1,3.105000257E0,7.732950211E0,-1.158900070E1
3.877314605E1,7.009500265E-1,8.797050476E0,-6.748050213E0
3.877558943E1,-2.940000057E0,9.216000557E0,4.477950096E0
3.877803282E1,1.273050070E0,2.458950043E0,1.293495083E1
3.878047643E1,2.662050009E0,2.992950201E0,4.806000233E0
3.878291982E1,3.174000263E0,3.723000288E0,8.055000305E0
3.878536320E1,9.178950310E0,2.764950037E0,9.098999977E0
3.878780659E1,1.174605083E1,-2.494050026E0,-8.488050461E0
3.879024997E1,1.300995064E1,-4.500000000E0,-1.515900040E1
3.879269336E1,1.619205093E1,-4.587000370E0,-2.021505165E1
3.879513674E1,1.343595028E1,-2.764050245E0,-2.647395134E1
3.879758020E1,2.796000242E0,3.558000088E0,-2.645700073E1
3.880002359E1,3.283950090E0,6.715950489E0,-1.670805168E1
3.880246697E1,4.177050114E0,7.276050568E0,-1.236195087E1
3.880491034E1,5.407950401E0,6.024000168E0,-9.120000839E0
3.880735372E1,5.278950214E0,6.685050488E0,-6.190050125E0
3.880979733E1,3.319950104E0,2.041395187E1,3.717000246E0
3.881224049E1,3.337050200E0,1.680795097E1,5.920050144E0
3.881468410E1,4.849500358E-1,6.727950096E0,3.391050100E0
3.881712747E1,3.385050058E0,8.646000862E0,5.151000023E0
3.881957086E1,3.820050240E0,1.061400032E1,2.247000217E0
3.882201431E1,2.674050093E0,1.230195045E1,-2.730000019E-1
3.882445770E1,3.184050083E0,1.418400097E1,5.497950077E0
3.882690109E1,3.385050058E0,1.244100094E1,2.362050056E0
3.882934447E1,2.074949980E0,9.868950844E0,-2.907000065E0
3.883178786E1,1.852050066E0,1.314495087E1,-4.510500133E-1
3.883423124E1,3.253050089E0,1.587195110E1,8.599500656E-1
3.883667485E1,1.194000006E0,1.207005024E1,-2.716050148E0
3.883911824E1,-5.359500051E-1,1.232295036E1,1.686000109E0
3.884156164E1,-2.040000200E0,1.315395069E1,6.883950233E0
3.884400503E1,-3.559950113E0,6.510000229E0,-2.650950193E0
3.884644849E1,-3.972000122E0,7.912950516E0,5.440950394E0
3.884889180E1,1.549500078E-1,3.156000137E0,1.009305000E1
3.885133518E1,1.845000029E0,-3.180000186E-1,3.907950163E0
3.885377864E1,3.769500256E-1,-1.120500043E-1,-5.730000138E-1
3.885622203E1,-9.105000645E-2,1.504050016E0,4.696050167E0
3.885866541E1,-3.660000265E-1,-8.295000345E-2,4.726950169E0
3.886110903E1,-9.889500737E-1,-7.800000161E-2,5.520000458E-1
3.886355240E1,-3.300000131E-1,-1.980000138E-1,2.461950064E0
3.886599578E1,2.437050104E0,3.760500252E-1,7.057050228E0
3.886843917E1,1.618695068E1,1.870050073E0,-3.726000071E0
3.887088255E1,2.580495071E1,6.541050434E0,-2.929200172E1
3.887332594E1,2.263005066E1,1.086000061E1,-3.970995331E1
3.887576934E1,3.054000139E0,8.718000412E0,-3.764805222E1
3.887821280E1,2.611050129E0,4.374000072E0,-5.128950119E0
3.888065618E1,4.560000420E0,2.032995033E1,6.693000317E0
3.888309957E1,5.713950157E0,2.173005104E1,8.179950714E0
3.888554295E1,2.410500050E-1,6.213000298E0,-2.179500163E-1
3.888798632E1,1.117050052E0,1.215795040E1,5.194050312E0
3.889042993E1,6.046950340E0,2.029095078E1,8.697000504E0
3.889287332E1,3.238950253E0,1.158105087E1,-3.913050175E0
3.889531670E1,1.900050044E0,7.789050579E0,3.778950214E0
3.889776009E1,3.100050211E0,1.100400066E1,-1.150500029E-1
3.890020348E1,3.220050097E0,1.508400059E1,5.419500470E-1
3.890264693E1,6.030000448E-1,1.306305027E1,7.140000463E-1
3.890509032E1,-1.099500060E-1,6.345000267E0,-4.477950096E0
3.890753371E1,2.509500086E-1,6.919050217E0,-3.739500046E-1
3.890997709E1,2.829000235E0,1.639605141E1,-1.447050095E0
3.891242048E1,1.327950120E0,1.363095093E1,-1.278405094E1
3.891486409E1,-6.180000305E-1,8.248050690E0,-5.337000370E0
3.891730724E1,1.713000059E0,3.670050144E0,-1.288950086E0
3.891975086E1,2.962950230E0,3.514950275E0,-4.705049992E0
3.892219424E1,7.345050335E0,3.450000048E0,-9.226050377E0
3.892463763E1,1.037595081E1,1.329000115E0,-5.443050385E0
3.892708101E1,9.493050575E0,-1.141050100E0,-8.491050720E0
3.892952440E1,8.266950607E0,-7.099500299E-1,-1.269495106E1
3.893196786E1,4.480950356E0,5.131050110E0,-1.224000072E1
3.893441124E1,4.005000114E0,5.389050484E0,-9.982050896E0
3.893685461E1,9.300000221E-2,2.047049999E0,-1.044000053E1
3.893929800E1,-3.420000076E-1,1.933950067E0,-7.240950108E0
3.894174138E1,1.492950082E0,3.828000069E0,-1.933050036E0
3.894418500E1,7.960500121E-1,7.519500256E-1,-6.709500551E-1
3.894662838E1,-4.095000029E-2,1.240500063E-1,-1.030500084E-1
3.894907175E1,7.489500642E-1,2.088000059E0,1.131000042E0
3.895151514E1,2.118000031E0,6.534000397E0,1.852050066E0
3.895395852E1,9.160500169E-1,4.840950012E0,-2.989050150E0
3.895640191E1,1.113000035E0,5.931000233E0,1.765950084E0
3.895884537E1,1.627050042E0,8.095050812E0,3.511050224E0
3.896128872E1,1.720950127E0,9.517050743E0,-5.200500488E-1
3.896373211E1,1.233705044E1,1.073295021E1,1.126049995E0
3.896617550E1,9.315000534E0,5.694000244E0,-7.786950588E0
3.896861911E1,8.551950455E0,1.867050052E0,-6.360000134E0
3.897106226E1,1.643805122E1,7.912950516E0,-1.201005077E1
3.897350588E1,1.277505016E1,7.237950325E0,-1.808700180E1
3.897594926E1,2.760000229E0,7.903050423E0,-5.730000496E0
3.897839265E1,4.654050350E0,9.499950409E0,-4.095000029E-2
3.898083603E1,6.793950558E0,1.345095062E1,1.210050106E0
3.898327949E1,3.688950062E0,1.264200020E1,1.284000039E0
3.898572288E1,3.169050217E0,1.263195038E1,2.185050011E0
3.898816626E1,6.351000309E0,1.382700062E1,-9.390000701E-1
3.899060965E1,5.439000130E0,1.329300022E1,-2.100000143E0
3.899305326E1,7.551000595E0,1.596495056E1,-1.096395016E1
3.899549643E1,7.603050232E0,1.606800079E1,-1.380600071E1
3.899794004E1,6.670500040E-1,1.214895058E1,-6.906000137E0
3.900038343E1,1.086000085E0,8.503950119E0,2.700000070E-2
3.900282682E1,3.483000278E0,1.023300076E1,5.164950371E0
3.900527020E1,2.638050079E0,7.999050617E0,1.177050114E0
3.900771359E1,2.770500183E-1,9.940500259E-1,9.630000591E-1
3.901015697E1,-1.080000028E-1,3.649050236E0,-7.470000386E-1
3.901260043E1,1.030950069E0,1.005105019E1,5.040000081E-1
3.901504382E1,1.885950089E0,4.903050423E0,-1.216950059E0
3.901748720E1,1.177050114E0,4.674000263E0,-2.730000019E0
3.901993059E1,3.685950279E0,1.265595055E1,3.147000074E0
3.902237398E1,3.757950068E0,1.283595085E1,-3.355050087E0
3.902481759E1,2.061000109E0,1.432500076E1,3.394050121E0
3.902726098E1,1.789950132E0,1.545495033E1,5.335050106E0
3.902970436E1,9.280500412E-1,1.131105042E1,-3.979500234E-1
3.903214774E1,-7.605000585E-2,1.153095055E1,1.749000072E0
3.903459113E1,1.639500111E-1,1.412400055E1,3.262050152E0
3.903703451E1,1.042950034E0,1.161900043E1,3.588000059E0
3.903947797E1,1.096050024E0,1.375995064E1,3.148950100E0
3.904192136E1,2.985000134E0,1.668795013E1,6.042000294E0
3.904436475E1,1.647405052E1,1.047300053E1,-6.127050400E0
3.904680836E1,6.172050476E0,8.548050880E0,-1.460295105E1
3.904925152E1,1.332300091E1,7.281000137E0,-2.957205200E1
3.905169513E1,1.218105030E1,8.686050415E0,-2.686905098E1
3.905413852E1,6.733950138E0,1.047495079E1,-2.291895103E1
3.905658190E1,9.612000465E0,1.173900032E1,-1.690395164E1
3.905902529E1,4.423950195E0,6.472050190E0,-1.006605053E1
3.906146867E1,1.030950069E0,4.453050137E0,-1.296000004E0
3.906391213E1,1.491000056E0,8.689050674E0,6.385950089E0
3.906635552E1,1.012050033E0,1.397100067E1,1.049505043E1
3.906879889E1,-8.209500313E-1,1.755000114E0,-2.115000010E0
3.907124227E1,1.384950042E0,2.157000065E0,-5.179499984E-1
3.907368566E1,4.848000050E0,1.209105015E1,8.422050476E0
3.907612904E1,3.150000095E0,7.204050541E0,1.606950045E0
3.907857243E1,2.422049999E0,8.866050720E0,1.270050049E0
3.908101604E1,3.354000092E0,1.439400101E1,6.789000511E0
3.908345943E1,8.779500127E-1,1.057095051E1,9.829500318E-1
3.908590281E1,-2.478000164E0,1.402305031E1,1.572000027E0
3.908834620E1,-1.423950076E0,7.365000248E0,2.533950090E0
3.909078966E1,-1.051050067E0,3.972000122E0,4.510500133E-1
3.909323299E1,-9.790500402E-1,3.876000166E0,1.279500127E-1
3.909567645E1,9.570000172E-1,4.935000420E0,2.926950216E0
3.909811984E1,1.656000137E0,3.627000093E0,3.931950092E0
3.910056322E1,6.174000263E0,2.073000193E0,1.102050066E0
3.910300661E1,1.972095108E1,9.300000221E-2,-1.264905071E1
3.910545021E1,1.260795021E1,-2.938950062E0,-2.522895050E1
3.910789360E1,2.527950048E0,2.350950003E0,-2.007900047E1
3.911033698E1,6.684000492E0,4.678050041E0,-9.592050552E0
3.911278037E1,9.283950806E0,4.036950111E0,-8.175000191E0
3.911522376E1,6.873000145E0,5.686050415E0,-7.935000420E0
3.911766714E1,7.381050587E0,7.149000168E0,-8.392050743E0
3.912011060E1,9.718050003E0,6.570000172E0,-4.839000225E0
3.912255398E1,4.582050323E0,4.603950024E0,-7.768050194E0
3.912499737E1,5.475000381E0,8.647950172E0,-8.017050743E0
3.912744098E1,1.067805004E1,3.936000109E0,-9.100950241E0
3.912988437E1,5.178000450E0,3.084000111E0,-6.541950226E0
3.913232776E1,5.620950222E0,8.016000748E0,-5.500050068E0
3.913477114E1,8.461050034E0,6.475950241E0,-1.675950050E0
3.913721452E1,3.006000042E0,6.088950157E0,-4.840500355E-1
3.913965791E1,4.357050419E0,8.434950829E0,1.318050027E0
3.914210129E1,4.845000267E0,1.377405071E1,4.641000271E0
3.914454475E1,4.263000011E0,1.309395027E1,2.437950134E0
3.914698814E1,6.169500351E-1,1.422000027E1,-5.110050201E0
3.914943152E1,1.000050068E0,1.595805073E1,1.849050045E0
3.915187491E1,1.680000067E0,1.484205055E1,2.110050201E0
3.915431829E1,8.350500464E-1,1.218900013E1,-1.348050117E0
3.915676168E1,-1.950000064E-3,1.297005081E1,-1.087050080E0
3.915920506E1,2.275950193E0,1.105005074E1,3.846000195E0
3.916164868E1,-2.104050159E0,1.417200089E1,-2.881050110E0
3.916409206E1,-5.803950310E0,1.271400070E1,1.951950073E0
3.916653545E1,-4.474950314E0,1.004895020E1,9.630000591E-1
3.916897891E1,-4.056000233E0,1.077405071E1,-2.191050053E0
3.917142222E1,-2.467950106E0,6.361950397E0,-1.332000017E0
3.917386568E1,-2.832000017E0,9.141000748E0,-9.649500251E-1
3.917630907E1,-3.577050209E0,1.035300064E1,-7.950000167E-1
3.917875245E1,-4.060950279E0,8.136000633E0,1.830000132E-1
3.918119584E1,-1.411950111E0,2.715000153E0,-4.095000029E-2
3.918363945E1,1.330500096E-1,1.326000094E0,-3.505950212E0
3.918608284E1,-8.569500446E-1,5.251050472E0,1.039500013E-1
3.918852621E1,7.009500265E-1,5.176050186E0,9.054000854E0
3.919096960E1,2.398050070E0,3.466950178E0,5.446050167E0
3.919341298E1,2.844000101E0,3.120000124E0,1.240950108E0
3.919585636E1,5.371950150E0,4.912950039E0,5.713950157E0
3.919829975E1,6.600000381E0,1.015395069E1,3.982950211E0
3.920074321E1,2.443950176E0,5.566950321E0,2.380950212E0
3.920318660E1,3.330000162E0,3.808950186E0,6.039000511E0
3.920562998E1,1.247295094E1,5.253000259E0,6.906000137E0
3.920807359E1,2.231400108E1,7.129950523E0,-2.095005035E1
3.921051698E1,2.475600052E1,1.615950108E0,-3.110700226E1
3.921296037E1,2.229495049E1,-3.006000042E0,-3.260805130E1
3.921540376E1,1.046505070E1,-7.489500642E-1,-3.219404984E1
3.921784714E1,8.467950821E0,3.421050072E0,-2.457495117E1
3.922029053E1,9.390000343E0,1.630500108E-1,-1.087500095E1
3.922273391E1,6.202950478E0,8.260500431E-1,1.038000107E0
3.922517737E1,7.558050156E0,2.503950119E0,5.529000282E0
3.922762076E1,8.194950104E0,1.846050143E0,5.335050106E0
3.923006414E1,8.772000313E0,2.047049999E0,-8.029500246E-1
3.923250753E1,8.809950829E0,5.076000214E0,-7.729050159E0
3.923495091E1,7.893000603E0,8.715000153E0,-1.407900047E1
3.923739429E1,5.085000038E0,1.173900032E1,-2.376405144E1
3.923983791E1,3.718050241E0,1.611300087E1,-1.910895157E1
3.924228129E1,1.563000083E0,1.564905071E1,-8.244000435E0
3.924472468E1,3.454050064E0,1.223505020E1,-5.149500370E-1
3.924716814E1,3.861000299E0,1.651605034E1,3.327000141E0
3.924961145E1,5.656950474E0,1.986300087E1,7.279950142E0
3.925205491E1,3.564000130E0,1.123395061E1,1.512000084E0
3.925449829E1,3.660000265E-1,8.361000061E0,-3.606000185E0
3.925694168E1,7.459500432E-1,1.786605072E1,2.260950089E0
3.925938506E1,3.504000187E0,1.726500130E1,3.244950056E0
3.926182846E1,4.420500100E-1,7.354950428E0,-2.119050026E0
3.926427208E1,-1.600500047E-1,7.060950279E0,3.940500319E-1
3.926671547E1,-4.846050262E0,2.107395172E1,3.544050217E0
3.926915885E1,-3.828000069E0,8.689050674E0,8.200500607E-1
3.927160224E1,-4.642050266E0,9.915000916E0,9.709500670E-1
3.927404569E1,-3.783000231E0,9.766050339E0,2.508000135E0
3.927648900E1,-1.306950092E0,2.980950117E0,1.552050114E0
3.927893246E1,-1.183050036E0,1.010595036E1,5.854950428E0
3.928137585E1,6.580500603E-1,1.220100021E1,4.938000202E0
3.928381922E1,1.090500057E-1,3.760950089E0,-2.299050093E0
3.928626261E1,7.960500121E-1,2.101950169E0,1.570500135E-1
3.928870622E1,2.953950167E0,5.197950363E0,7.075950146E0
3.929114960E1,4.723050117E0,8.598000526E0,9.990000725E-1
3.929359299E1,2.827050209E0,6.828000546E0,3.439050198E0
3.929603638E1,1.254000092E1,4.204050064E0,5.605950356E0
3.929847976E1,2.104500008E1,6.306000233E0,-1.954695129E1
3.930092314E1,2.555595207E1,8.039999962E0,-3.190395164E1
3.930336660E1,1.386705112E1,5.682000160E0,-2.727900124E1
3.930580999E1,1.642050028E0,6.615000248E0,-6.135000229E0
3.930825338E1,3.811050177E0,1.349205017E1,8.661000252E0
3.931069676E1,8.044050217E0,1.815600014E1,4.296000004E0
3.931314014E1,3.679050207E0,8.928000450E0,-2.023950100E0
3.931558353E1,2.034000158E0,1.007295036E1,3.480000257E0
3.931802691E1,3.873000145E0,1.520100117E1,3.700050116E0
3.932047053E1,4.666050434E0,1.498095036E1,-1.159050107E0
3.932291391E1,1.290000081E0,1.538805103E1,-5.752050400E0
3.932535730E1,3.568950176E0,1.055895042E1,-3.016950130E0
3.932780076E1,5.142000198E0,1.446600056E1,5.879999995E-1
3.933024414E1,3.163950205E0,1.598205090E1,2.929500043E-1
3.933268753E1,1.849950075E0,1.310400105E1,3.837000132E0
3.933513092E1,-6.510000229E0,2.528805161E1,6.547050476E0
3.933757430E1,-2.131050110E0,6.205950260E0,1.284000039E0
3.934001769E1,-7.039500475E-1,9.960000515E-1,5.805000290E-2
3.934246130E1,-3.670050144E0,7.930050373E0,2.639999986E-1
3.934490469E1,-1.705050111E0,3.759000063E0,-7.710000277E-1
3.934734807E1,-6.700500250E-1,7.660500407E-1,-7.950000167E-1
3.934979146E1,-2.299500108E-1,2.100000158E-2,-3.195000067E-2
3.935223492E1,-1.909500062E-1,4.095000029E-2,1.060500070E-1
3.935467822E1,-5.170950413E0,7.566000462E0,7.410000563E-1
3.935712169E1,-4.980000019E0,7.228050232E0,3.340950251E0
3.935956508E1,-5.502000332E0,9.084000587E0,7.051950455E0
3.936200846E1,-3.991050243E0,8.662050247E0,4.651050091E0
3.936445185E1,-3.132000208E0,5.482950211E0,1.416000009E0
3.936689546E1,-4.039050102E0,7.120950222E0,6.000000052E-3
3.936933884E1,6.331950188E0,5.643000126E0,9.274050713E0
3.937178223E1,1.498005104E1,3.484050274E0,1.014000058E0
3.937422561E1,2.508405113E1,1.147605038E1,-5.149005127E1
3.937666899E1,3.373200226E1,3.141000032E0,-5.340495300E1
3.937911238E1,1.689795113E1,-5.692950249E0,-3.856305313E1
3.938155576E1,9.418050766E0,-2.901000023E0,-2.944095230E1
3.938399922E1,5.656950474E0,4.018050194E0,-2.174100113E1
3.938644261E1,1.713000059E0,2.394000053E0,-4.264950275E0
3.938888599E1,-1.293000102E0,2.671950102E0,1.842000127E0
3.939132940E1,-1.252395058E1,3.480300140E1,1.764900017E1
3.939377278E1,-2.689050198E0,8.362950325E0,1.105095005E1
3.939621617E1,2.692950010E0,4.920000076E0,-4.839000225E0
3.939865978E1,5.152050018E0,6.775950432E0,6.013050079E0
3.940110317E1,1.184100056E1,1.265400028E1,1.123305035E1
3.940354654E1,4.579050064E0,6.478950500E0,2.062050104E0
3.940598992E1,3.994950294E0,4.210950375E0,7.177050114E0
3.940843338E1,5.896050453E0,5.409000397E0,5.575050354E0
3.941087677E1,5.080050468E0,5.076000214E0,3.228000164E0
3.941332015E1,3.562050104E0,5.059050083E0,-4.819500148E-1
3.941576354E1,3.937950134E0,5.047050476E0,1.216950059E0
3.941820693E1,4.085999966E0,8.719950676E0,8.869500160E-1
3.942065031E1,1.207800102E1,1.264200020E1,-7.905000448E-2
3.942309392E1,8.578050613E0,7.836000443E0,-7.171050549E0
3.942553731E1,2.544000149E0,7.609050274E0,1.138050079E0
3.942798070E1,9.210000634E-1,1.126500034E1,-3.537000179E0
3.943042416E1,7.623000145E0,9.472050667E0,-1.103595066E1
3.943286747E1,9.499500394E-1,9.535950661E0,-8.553000450E0
3.943531092E1,9.880500436E-1,4.717050076E0,9.610500336E-1
3.943775431E1,2.154000044E0,9.220050812E0,-4.390500188E-1
3.944019770E1,3.223950148E0,1.426005077E1,9.919500351E-1
3.944264108E1,1.618050098E0,9.022050858E0,-6.679500341E-1
3.944508447E1,1.524000049E0,6.330000401E0,-2.455050230E0
3.944752808E1,1.239000082E0,9.340050697E0,-6.570000172E0
3.944997147E1,3.421050072E0,9.709050179E0,-6.964950562E0
3.945241483E1,7.711050510E0,1.000800037E1,-1.177605057E1
3.945485822E1,5.935050488E0,5.277000427E0,-1.248705101E1
3.945730160E1,1.957950115E0,3.547950268E0,-9.163050652E0
3.945974498E1,5.491950035E0,4.180050373E0,-4.102050304E0
3.946218844E1,3.697950125E0,2.847000122E0,-5.167050362E0
3.946463183E1,2.085000038E0,1.762050033E0,4.650000334E-1
3.946707521E1,6.900000095E0,4.495950222E0,8.388000488E0
3.946951860E1,7.588950157E0,3.081000090E0,3.691050291E0
3.947196198E1,5.341050148E0,5.890500546E-1,-1.767000079E0
3.947440559E1,8.097000122E0,2.944950104E0,1.879950047E0
3.947684875E1,9.591000557E0,2.725050211E0,-3.937050104E0
3.947929236E1,6.387000084E0,6.124050140E0,-9.775950432E0
3.948173575E1,6.495000362E0,1.105695057E1,-1.030095005E1
3.948417913E1,6.105000496E0,7.243050575E0,-1.078200054E1
3.948662259E1,1.399500072E-1,5.586000443E0,-1.208400059E1
3.948906598E1,8.230500221E-1,6.405000210E0,-7.032000542E0
3.949150936E1,3.789000273E0,6.474000454E0,-1.777050138E0
3.949395275E1,2.062950134E0,4.690050125E0,2.065050125E0
3.949639613E1,2.980050087E0,7.456050396E0,3.336000204E0
3.949883952E1,4.612950325E0,1.033395004E1,4.774950027E0
3.950128313E1,3.763050079E0,9.144000053E0,1.969050050E0
3.950372652E1,1.648950100E0,9.109950066E0,-1.432050109E0
3.950616990E1,4.381050110E0,1.215795040E1,1.066050053E0
3.950861329E1,3.757950068E0,1.156905079E1,-4.483050346E0
3.951105675E1,4.771050453E0,1.397805023E1,-6.514950275E0
3.951350013E1,4.024050236E0,1.381305027E1,-1.117500019E1
3.951594352E1,7.060500383E-1,9.618000031E0,-6.967950344E0
3.951838690E1,2.029950142E0,9.057000160E0,-1.936950088E0
3.952083029E1,3.706050158E0,1.477995110E1,-2.031000137E0
3.952327367E1,3.616950274E0,1.061595058E1,-2.767950058E0
3.952571728E1,2.017950058E0,7.141950130E0,9.439500570E-1
3.952816067E1,6.684000492E0,1.178205013E1,-8.670000434E-1
3.953060405E1,6.106950283E0,1.124595070E1,-6.783000469E0
3.953304744E1,3.294000149E0,7.707000256E0,-6.343050480E0
3.953549082E1,4.156050205E0,8.992950439E0,-3.148950100E0
3.953793422E1,3.520950079E0,9.598950386E0,-3.967950106E0
3.954037760E1,7.267950535E0,1.103295040E1,-2.236950159E0
3.954282106E1,8.985000610E0,1.069005013E1,-3.232950211E0
3.954526445E1,4.254000187E0,9.301950455E0,-4.521000385E0
3.954770784E1,2.152050018E0,6.961950302E0,4.890000224E-1
3.955015122E1,3.744000196E0,1.002495003E1,2.650950193E0
3.955259483E1,2.341050148E0,1.115505028E1,-2.227050066E0
3.955503799E1,5.710500479E-1,5.590950489E0,-1.995000057E-2
3.955748160E1,4.801950455E0,7.453050137E0,-1.714950085E0
3.955992498E1,4.441050053E0,9.586950302E0,-8.620050430E0
3.956236837E1,1.362000108E0,7.489050388E0,-6.523050308E0
3.956481175E1,2.599050045E0,8.167050362E0,-1.369950056E0
3.956725521E1,2.616000175E0,9.634950638E0,-1.779000044E0
3.956969860E1,3.354000092E0,1.044105053E1,-8.430000544E-1
3.957214198E1,9.126000404E0,1.176300049E1,-2.734950066E0
3.957458537E1,6.306000233E0,1.018500042E1,-7.384050369E0
3.957702875E1,1.278000116E0,9.742050171E0,-3.819000244E0
3.957947237E1,1.086000085E0,9.910050392E0,2.282999992E0
3.958191575E1,4.129050255E0,1.170795059E1,1.177050114E0
3.958435911E1,2.200050116E0,8.583000183E0,-7.669500113E-1
3.958680250E1,4.057950020E0,9.975000381E0,2.011950016E0
3.958924596E1,6.604950428E0,1.288095093E1,-3.228000164E0
3.959168934E1,5.122950077E0,1.129395008E1,-5.766000271E0
3.959413273E1,8.203949928E0,1.230900097E1,-6.220950127E0
3.959657611E1,4.423950195E0,1.348695087E1,-8.577000618E0
3.959901950E1,1.891050100E0,1.433700085E1,-2.052000046E0
3.960146288E1,6.709950447E0,1.527795029E1,-2.215050220E0
3.960390627E1,8.959050179E0,1.096800041E1,-8.076000214E0
3.960634988E1,2.226000071E0,7.044000149E0,-9.252000809E0
3.960879326E1,2.340000123E-1,3.232050180E0,-3.454950094E0
3.961123665E1,4.041000366E0,4.305000305E0,-5.349000454E0
3.961368003E1,2.101050138E0,3.934050083E0,-9.891000748E0
3.961612342E1,5.359500051E-1,8.929500580E-1,-4.786950111E0
3.961856680E1,4.584000111E0,3.024000168E0,2.611050129E0
3.962101025E1,2.209050179E0,3.721050262E0,6.450000405E-1
3.962345363E1,1.204050064E0,2.382000208E0,1.612050056E0
3.962589702E1,2.227950096E0,4.432050228E0,6.754950523E0
3.962834040E1,2.925000191E0,5.878050327E0,3.102000237E0
3.963078402E1,5.749950409E0,6.342000484E0,5.610000491E-1
3.963322740E1,6.922950268E0,5.683950424E0,2.926950216E0
3.963567079E1,5.877000332E0,3.271050215E0,-9.919500351E-1
3.963811417E1,3.085050106E0,5.875050068E0,-1.116300011E1
3.964055756E1,5.101050377E0,5.824950218E0,-1.551300049E1
3.964300094E1,7.930950165E0,1.234950066E0,-1.697100067E1
3.964544440E1,4.431000233E0,3.682050228E0,-1.495305061E1
3.964788779E1,6.913950443E0,6.249000072E0,-1.019295025E1
3.965033117E1,6.169050217E0,5.791950226E0,-6.360000134E0
3.965277479E1,1.335000038E0,4.867050171E0,4.287000179E0
3.965521794E1,4.150950432E0,9.004950523E0,4.821000099E0
3.965766157E1,4.735050201E0,8.752950668E0,3.300000191E0
3.966010496E1,3.684000254E0,9.976950645E0,6.450000405E-1
3.966254834E1,9.961950302E0,1.152105045E1,-1.900500059E-1
3.966499172E1,4.026000023E0,7.687950134E0,-9.991950035E0
3.966743518E1,3.390000165E-1,6.754050255E0,-6.918000221E0
3.966987848E1,3.796950102E0,8.296050072E0,-6.783000469E0
3.967232194E1,1.930950046E0,6.280050278E0,-8.857050896E0
3.967476533E1,-3.400500119E-1,3.711000204E0,-1.825050116E0
3.967720871E1,5.382000446E0,6.012000084E0,-1.468050122E0
3.967965210E1,2.548950195E0,5.521050453E0,-2.859000206E0
3.968209550E1,1.323000073E0,4.884000301E0,1.243950009E0
3.968453911E1,3.294000149E0,6.955050468E0,3.910950184E0
3.968698250E1,2.188050032E0,6.535950184E0,4.320000112E-1
3.968942588E1,1.606050134E0,8.538000107E0,4.219500124E-1
3.969186928E1,3.412950277E0,1.156200027E1,5.019000053E0
3.969431267E1,2.913000107E0,7.317000389E0,-2.416050196E0
3.969675605E1,4.470000267E-1,4.177950382E0,-2.863950253E0
3.969919951E1,4.813950062E0,6.457050323E0,-2.979000092E0
3.970164290E1,5.142000198E0,8.734050751E0,-6.096000195E0
3.970408628E1,3.648000240E0,7.219050407E0,-3.336000204E0
3.970652967E1,5.238000393E0,9.280050278E0,-1.008000016E0
3.970897328E1,5.760000229E0,1.166505051E1,-4.569000244E0
3.971141667E1,2.863050222E0,1.149495029E1,-2.512050152E0
3.971386005E1,3.001950026E0,1.266105080E1,4.990500212E-1
3.971630344E1,3.246000051E0,1.178700066E1,-7.710000277E-1
3.971874682E1,2.097000122E0,1.208895016E1,-1.261950016E0
3.972119021E1,5.959050179E0,1.433505058E1,-8.119500279E-1
3.972363366E1,6.114000320E0,1.222500038E1,-9.991950035E0
3.972607705E1,8.539500237E-1,1.039605045E1,-6.757050514E0
3.972852042E1,2.583000183E0,1.041000080E1,-1.469999999E-1
3.973096381E1,6.222000122E0,1.373400021E1,3.940500319E-1
3.973340719E1,3.327000141E0,1.042005062E1,-3.261000156E0
3.973585081E1,4.896000385E0,1.091100025E1,9.610500336E-1
3.973829396E1,8.464950562E0,1.307805061E1,-3.628050089E0
3.974073757E1,3.205050230E0,1.107105064E1,-6.142050266E0
3.974318096E1,3.433050156E0,1.125105095E1,-7.120500207E-1
3.974562435E1,5.134950161E0,1.215600014E1,-1.188000083E0
3.974806773E1,3.061050177E0,1.212000084E1,-3.373950243E0
3.975051119E1,9.697950363E0,1.348005104E1,-4.012950420E0
3.975295458E1,8.797950745E0,1.102305031E1,-1.003995037E1
3.975539796E1,2.371950150E0,8.686050415E0,-8.941050529E0
3.975784135E1,7.459500432E-1,4.273950100E0,-2.091000080E0
3.976028473E1,4.170000076E0,5.575950146E0,-3.811950207E0
3.976272834E1,1.812000036E0,4.012950420E0,-8.043000221E0
3.976517174E1,8.080500364E-1,2.920500040E-1,-3.052950144E0
3.976761512E1,3.627000093E0,3.294000149E0,-2.608050108E0
3.977005850E1,8.250000477E-1,2.509050131E0,-3.211050034E0
3.977250189E1,1.423950076E0,1.756950140E0,2.809050083E0
3.977494527E1,2.335950136E0,4.621050358E0,5.865000248E0
3.977738868E1,1.668000102E0,4.290000439E0,2.059950113E0
3.977983214E1,4.843050003E0,8.346000671E0,3.600000143E-1
3.978227552E1,8.841000557E0,8.356050491E0,3.669000149E0
3.978471891E1,6.628950119E0,5.077950478E0,-1.954050064E0
3.978716252E1,1.654050112E0,8.914050102E0,-2.257950068E0
3.978960591E1,7.342050552E0,1.050600052E1,-1.227405071E1
3.979204929E1,8.371950150E0,4.683000088E0,-1.574805069E1
3.979449268E1,4.201050282E0,6.900000095E0,-1.551300049E1
3.979693606E1,1.267005062E1,7.525050163E0,-1.132305050E1
3.979937945E1,7.611000538E0,7.384050369E0,-1.474695110E1
3.980182292E1,2.389050007E0,9.223050117E0,-1.269000053E0
3.980426631E1,7.060050488E0,9.550950050E0,9.900000691E-2
3.980670969E1,6.223950386E0,7.342950344E0,-1.039950013E0
3.980915308E1,8.523000717E0,1.093695068E1,6.810000539E-1
3.981159648E1,1.139595032E1,9.735000610E0,-6.706950188E0
3.981404009E1,3.696000099E0,7.972950459E0,-1.116495037E1
3.981648348E1,1.960500032E-1,9.156000137E0,-5.965050220E0
3.981892686E1,4.074000359E0,9.687000275E0,-1.633050084E0
3.982137025E1,3.046950102E0,7.264050484E0,-2.665050030E0
3.982381362E1,1.006950021E0,7.434000492E0,1.840050101E0
3.982625701E1,3.694050074E0,1.199505043E1,3.178050041E0
3.982870047E1,2.413050175E0,1.111395073E1,4.390500188E-1
3.983114378E1,-2.200500071E-1,9.019050598E0,-2.230050087E0
3.983358724E1,1.078950047E0,9.487950325E0,-2.205000073E-2
3.983603064E1,2.827050209E0,1.216005039E1,3.145050049E0
3.983847402E1,1.170000076E0,1.160505009E1,-3.987000227E0
3.984091741E1,1.243950009E0,1.417605114E1,2.326050043E0
3.984336102E1,2.563050032E0,1.315695095E1,2.752050161E0
3.984580441E1,1.471950054E0,1.001805019E1,-3.379050255E0
3.984824778E1,1.600950122E0,1.322595024E1,1.590000093E-1
3.985069116E1,3.579000235E0,1.227105045E1,2.614950180E0
3.985313455E1,1.860000134E0,5.818050385E0,-2.320950031E0
3.985557793E1,5.700000376E-2,7.693050385E0,-2.673000097E0
3.985802139E1,1.740000129E0,1.127205086E1,5.254050255E0
3.986046478E1,1.936050057E0,6.778050423E0,-1.230000034E-1
3.986290816E1,2.271000147E0,3.610050201E0,-7.980000377E-1
3.986535178E1,8.788949966E0,5.820000172E0,-8.389950752E0
3.986779516E1,5.145000458E0,5.704950333E0,-1.540500069E1
3.987023855E1,4.548000336E0,5.269950390E0,-1.292205048E1
3.987268192E1,2.707050085E0,5.281950474E0,-7.701000214E0
3.987512530E1,-7.200000435E-2,2.683950186E0,-4.849050045E0
3.987756869E1,4.447950363E0,3.115050077E0,4.846950054E0
3.988001207E1,4.182000160E0,4.828950405E0,3.910950184E0
3.988245553E1,8.659500480E-1,7.609500289E-1,2.995950222E0
3.988489890E1,2.760000229E0,3.385050058E0,2.034000158E0
3.988734229E1,8.449049950E0,5.310000420E0,1.315050006E0
3.988978567E1,7.077000141E0,3.697050095E0,-5.586000443E0
3.989222906E1,6.801000118E0,8.065950394E0,-1.081305027E1
3.989467244E1,6.567000389E0,7.675950527E0,-1.284600067E1
3.989711606E1,5.254950047E0,8.940000534E0,-1.352295017E1
3.989955944E1,7.014000416E0,1.063305092E1,-7.858950138E0
3.990200283E1,6.259950161E0,4.381050110E0,-4.975950241E0
3.990444621E1,2.013000011E0,6.862050533E0,1.129500046E-1
3.990688967E1,2.880000114E0,8.218950272E0,1.200000048E0
3.990933299E1,5.353050232E0,6.733050346E0,-4.047000408E0
3.991177645E1,1.069050074E0,5.935050488E0,-2.304000139E0
3.991421984E1,2.113049984E0,8.614950180E0,4.699500203E-1
3.991666322E1,5.953950405E0,8.566950798E0,-6.952950478E0
3.991910660E1,1.519500017E-1,7.783950329E0,-8.269950867E0
3.992155022E1,1.045050025E0,7.149000168E0,-2.281949997E0
3.992399360E1,3.411000252E0,7.681050301E0,-4.633050442E0
3.992643699E1,2.889000177E0,9.108000755E0,-3.558000088E0
3.992888037E1,8.467950821E0,1.127205086E1,-4.427999973E0
3.993132376E1,7.006950378E0,8.109000206E0,-8.785050392E0
3.993376714E1,1.242000103E0,9.001950264E0,-8.092950821E0
3.993621060E1,3.238950253E0,9.639000893E0,-1.933050036E0
3.993865399E1,9.040050507E0,8.119050026E0,-6.654000282E0
3.994109737E1,3.861000299E0,5.677050114E0,-7.582950592E0
3.994354099E1,9.256050110E0,6.226950169E0,-1.195050001E0
3.994598437E1,1.409205055E1,6.699000359E0,-4.923000336E0
3.994842776E1,5.257050037E0,8.358000755E0,-7.303050518E0
3.995087114E1,4.843050003E0,8.812950134E0,-2.371050119E0
3.995331453E1,8.259000778E0,7.237950325E0,-4.528050423E0
3.995575791E1,4.756950378E0,1.061595058E1,-4.782000065E0
3.995820129E1,9.250950813E0,1.149195099E1,-4.971000195E0
3.996064475E1,7.555950165E0,8.581050873E0,-8.488050461E0
3.996308814E1,1.168050051E0,9.880950928E0,-4.320000172E0
3.996553152E1,1.528950095E0,1.119795036E1,3.934950113E0
3.996797491E1,2.761950016E0,1.081695080E1,7.360500097E-1
3.997041829E1,2.170950174E0,9.805050850E0,-9.490500689E-1
3.997286168E1,5.910000205E-1,9.748950005E0,2.119500041E-1
3.997530529E1,1.669950128E0,1.241895103E1,2.164950132E0
3.997774868E1,2.779050112E0,1.038195038E1,-6.540000439E-1
3.998019206E1,8.749500513E-1,8.305950165E0,-1.558950067E0
3.998263544E1,1.464000106E0,9.274950027E0,-1.030050039E0
3.998507890E1,1.183950067E0,1.071900082E1,-3.979500234E-1
3.998752221E1,5.809500217E-1,1.226595020E1,-2.737050056E0
3.998996567E1,6.940500140E-1,1.355205059E1,2.979000092E0
3.999240906E1,1.186950088E0,8.890050888E0,-3.280500174E-1
3.999485244E1,-1.030500084E-1,9.603000641E0,-2.098050117E0
3.999729582E1,8.590500355E-1,1.070505047E1,1.828050137E0
3.999973944E1,1.246950030E0,8.254950523E0,1.432950020E0
4.000218283E1,-7.900500298E-1,7.413000584E0,-1.072950006E0
4.000462621E1,-1.863000035E0,1.082895088E1,2.541000128E0
4.000706959E1,3.679500222E-1,8.749050140E0,3.481950283E0
4.000951298E1,6.430500150E-1,9.690000534E0,-1.522950053E0
4.001195636E1,1.821000099E0,1.021395016E1,2.479050159E0
4.001439982E1,1.756950140E0,9.010050774E0,1.672050118E0
4.001684321E1,9.751049995E0,1.152795029E1,-1.111050010E0
4.001928660E1,1.099905014E1,1.140900040E1,-1.615500069E1
4.002172998E1,6.901950359E0,5.803950310E0,-1.935405159E1
4.002417360E1,3.801000118E0,8.872950554E0,-1.350900078E1
4.002661698E1,8.761950493E0,9.040950775E0,-7.654950142E0
4.002906035E1,2.743050098E0,6.691950321E0,-8.119950294E0
4.003150374E1,4.029000282E0,7.024950504E0,-2.185950041E0
4.003394712E1,9.700950623E0,9.541050911E0,-1.336050034E0
4.003639051E1,4.447950363E0,8.509050369E0,-6.886050224E0
4.003883397E1,4.054950237E0,8.302950859E0,-2.269950151E0
4.004127735E1,9.684000015E0,7.963050365E0,-2.044950008E0
4.004372074E1,3.531000137E0,8.595000267E0,-4.861050129E0
4.004616412E1,9.829950333E0,1.379100037E1,-3.702000141E0
4.004860751E1,1.178400040E1,1.033800030E1,-9.139050484E0
4.005105090E1,2.785950184E0,1.143495083E1,-1.081305027E1
4.005349451E1,2.628000021E0,1.107600021E1,-3.622950077E0
4.005593790E1,7.984050274E0,9.871950150E0,-6.280500293E-1
4.005838128E1,4.213050365E0,7.113000393E0,-6.886050224E0
4.006082467E1,1.278000116E0,9.784950256E0,8.800500631E-1
4.006326812E1,6.246000290E0,9.823950768E0,-1.738950133E0
4.006571143E1,1.972050071E0,9.309000015E0,-4.891950130E0
4.006815489E1,2.149500102E-1,1.038195038E1,-6.160500050E-1
4.007059828E1,1.278000116E0,1.158795071E1,1.570500135E-1
4.007304166E1,7.290000319E-1,1.045095062E1,-1.813050032E0
4.007548505E1,-1.125000000E0,1.548405075E1,-1.469999999E-1
4.007792866E1,3.411000252E0,1.273500061E1,-6.610500216E-1
4.008037205E1,1.342050076E0,9.160050392E0,-4.960950375E0
4.008281543E1,1.527000070E0,8.164050102E0,-3.154050112E0
4.008525882E1,3.889950275E0,9.076950073E0,-1.111050010E0
4.008770220E1,2.311950207E0,5.856000423E0,-5.232000351E0
4.009014558E1,4.000050068E0,3.667950153E0,-2.943000078E0
4.009258905E1,1.004100037E1,6.253950119E0,-4.255050182E0
4.009503243E1,5.628000259E0,2.836950064E0,-8.116950035E0
4.009747582E1,2.868000031E0,4.044000149E0,-5.902050495E0
4.009991920E1,4.251000404E0,5.374950409E0,-5.584050179E0
4.010236281E1,1.357050061E0,5.653050423E0,-4.404000282E0
4.010480620E1,2.551050186E0,9.747000694E0,3.552000284E0
4.010724958E1,4.654050350E0,6.994050503E0,4.054049969E0
4.010969296E1,1.825950146E0,6.273000240E0,-4.348950386E0
4.011213635E1,1.230000019E0,7.330950260E0,-8.479500413E-1
4.011457974E1,7.764000416E0,5.703000069E0,-3.019950151E0
4.011702320E1,4.669950008E0,4.314000130E0,-8.506950378E0
4.011946659E1,2.757000208E0,5.998050213E0,-3.847950220E0
4.012190997E1,1.197795010E1,5.995050430E0,-5.445000172E0
4.012435336E1,3.568950176E0,6.238950253E0,-8.482950211E0
4.012679674E1,-1.159050107E0,9.787950516E0,1.263000011E0
4.012924013E1,3.736950159E0,6.169950485E0,1.773000121E0
4.013168374E1,2.659050226E0,7.774050236E0,-1.183050036E0
4.013412713E1,7.183950424E0,9.493050575E0,-8.500500321E-1
4.013657052E1,1.178895092E1,7.012950420E0,-9.034049988E0
4.013901390E1,2.664000034E0,7.255050182E0,-1.065000057E1
4.014145736E1,9.210000634E-1,8.593050003E0,-3.843000174E0
4.014390067E1,5.439000130E0,7.906050205E0,-8.340000510E-1
4.014634413E1,1.540950060E0,7.075050354E0,-2.320950031E0
4.014878752E1,1.713000059E0,9.460050583E0,3.481950283E0
4.015123090E1,6.745950222E0,9.069000244E0,-2.230050087E0
4.015367429E1,2.535000086E0,9.117000580E0,-4.585950375E0
4.015611790E1,4.830000103E-1,9.979050636E0,-1.230000034E-1
4.015856129E1,4.141050339E0,8.947050095E0,4.969500303E-1
4.016100465E1,1.800000072E0,9.440999985E0,-3.397950172E0
4.016344803E1,5.689950466E0,1.360905075E1,-7.980000377E-1
4.016589142E1,7.620000362E0,1.177305031E1,-9.309000015E0
4.016833480E1,1.759050131E0,9.748950005E0,-8.329950333E0
4.017077826E1,-4.360500276E-1,8.361000061E0,-2.740050077E0
4.017322166E1,4.893000126E0,7.192050457E0,-2.493000031E0
4.017566504E1,3.703050137E0,5.703000069E0,-6.976950169E0
4.017810843E1,2.938950062E0,4.717050076E0,-4.677000046E0
4.018055204E1,7.564950466E0,5.059050083E0,-5.637000084E0
4.018299543E1,3.945000172E0,4.032000065E0,-9.558000565E0
4.018543881E1,5.689499974E-1,3.346950054E0,-3.466950178E0
4.018788220E1,8.100000024E-2,5.310000420E0,2.689950228E0
4.019032558E1,-2.059500068E-1,2.016000032E0,1.006950021E0
4.019276896E1,1.921950102E0,4.177950382E0,1.693950057E0
4.019521242E1,6.363000393E0,3.700950146E0,2.445000172E0
4.019765580E1,4.957950115E0,9.289500713E-1,-3.400050163E0
4.020009918E1,2.797950029E0,3.627000093E0,-2.980950117E0
4.020254256E1,6.283950329E0,4.657050133E0,-4.969050407E0
4.020498595E1,4.012050152E0,1.824000120E0,-6.544050217E0
4.020742934E1,1.135950089E0,5.037000179E0,-4.911000252E0
4.020987295E1,8.452950478E0,5.514000416E0,-3.244950056E0
4.021231634E1,9.430050850E0,3.241950035E0,-6.027000427E0
4.021475972E1,3.688950062E0,6.292050362E0,-1.091595078E1
4.021720310E1,7.266000271E0,6.429000378E0,-9.060000420E0
4.021964656E1,9.105000496E0,3.757050276E0,-9.391050339E0
4.022208987E1,9.670050621E0,8.428050041E0,-6.355050087E0
4.022453333E1,1.178895092E1,7.891050339E0,-4.981050014E0
4.022697672E1,2.893950224E0,8.011050224E0,-3.175050259E0
4.022942010E1,9.880500436E-1,1.123395061E1,4.729950428E0
4.023186349E1,2.973000050E0,1.003905010E1,1.380000114E0
4.023430710E1,2.676000118E0,8.302950859E0,-4.771950245E0
4.023675049E1,5.311950207E0,9.226950645E0,-7.032000542E0
4.023919387E1,9.423000336E0,8.097000122E0,-1.346595097E1
4.024163726E1,1.062000036E0,8.020950317E0,-1.353105068E1
4.024408064E1,1.519500017E-1,8.855999947E0,-4.507050037E0
4.024652402E1,6.010950089E0,7.963050365E0,-1.369950056E0
4.024896748E1,2.213999987E0,8.461050034E0,-4.063950062E0
4.025141087E1,7.453050137E0,1.118100071E1,-1.192950010E0
4.025385425E1,1.042605019E1,7.558950424E0,-6.577950478E0
4.025629789E1,1.741950035E0,7.506000519E0,-7.738950253E0
4.025874104E1,1.362000108E0,7.834050179E0,-1.807950139E0
4.026118466E1,7.918950558E0,6.081000328E0,-5.340000391E-1
4.026362804E1,4.471950054E0,5.149950027E0,-1.626000047E0
4.026607143E1,4.764000416E0,6.225000381E0,2.515050173E0
4.026851481E1,9.009000778E0,8.080950737E0,8.200500607E-1
4.027095820E1,4.405050278E0,6.960000515E0,-5.686950207E0
4.027340166E1,3.600000143E0,8.863950729E0,-4.344000340E0
4.027584504E1,6.792000294E0,7.225950241E0,-4.882050037E0
4.027828843E1,1.627050042E0,9.141000748E0,-5.281950474E0
4.028073181E1,2.592000008E0,1.142100048E1,-2.797050238E0
4.028317519E1,7.386000156E0,1.216305065E1,-3.163050175E0
4.028561858E1,2.029950142E0,8.950050354E0,-4.887000084E0
4.028806219E1,1.240500063E-1,9.378000259E0,2.035950184E0
4.029050558E1,1.764000058E0,1.085595036E1,4.248000145E0
4.029294894E1,2.358000040E0,9.361950874E0,-2.397000074E0
4.029539233E1,6.720000505E-1,8.326950073E0,-1.132950068E0
4.029783572E1,1.150950074E0,1.106400013E1,2.854950190E0
4.030027917E1,2.611050129E0,1.146105099E1,-5.970000029E-1
4.030272248E1,1.287000060E0,1.035795021E1,-1.822950125E0
4.030516594E1,1.933950067E0,1.218705082E1,1.986000061E0
4.030760933E1,1.692000031E0,1.291005039E1,-2.518950224E0
4.031005272E1,4.330500066E-1,1.357095051E1,-1.875000119E0
4.031249633E1,1.441050053E0,1.880895042E1,2.364000082E0
4.031493972E1,2.295000076E0,1.439700031E1,1.095000029E0
4.031738310E1,1.020000055E-1,1.269405079E1,-3.433950186E0
4.031982648E1,5.279999971E-1,1.225395012E1,2.601000071E0
4.032226987E1,5.500500202E-1,1.026900005E1,8.890500665E-1
4.032471325E1,-1.495950103E0,8.245950699E0,-2.838000059E0
4.032715671E1,-2.668950081E0,6.667950153E0,4.085999966E0
4.032960010E1,4.705950260E0,5.977950096E0,3.063000202E0
4.033204348E1,2.800950050E0,5.434950352E0,-1.328400040E1
4.033448709E1,7.564950466E0,1.561050057E0,-1.637505150E1
4.033693025E1,5.215950012E0,3.949950218E0,-1.714395142E1
4.033937363E1,2.869500220E-1,5.701050282E0,-1.101405048E1
4.034181725E1,3.139950037E0,7.057950497E0,-6.829500198E-1
4.034426063E1,2.496000051E0,2.421000004E0,5.539500117E-1
4.034670402E1,2.670000196E-1,3.700950146E0,2.754000187E0
4.034914740E1,2.398050070E0,4.674000263E0,7.306050301E0
4.035159085E1,5.616000175E0,1.768950105E0,2.974950075E0
4.035403424E1,5.109000206E0,-3.559500277E-1,-1.777050138E0
4.035647762E1,9.969000816E0,1.939050078E0,-1.782000065E0
4.035892100E1,1.124805069E1,2.494950056E0,-6.496050358E0
4.036136439E1,5.443950176E0,5.239050388E0,-1.420605087E1
4.036380778E1,3.697950125E0,6.594000340E0,-1.641105080E1
4.036625140E1,6.985950470E0,6.271050453E0,-1.516095066E1
4.036869478E1,7.702050209E0,4.165950298E0,-1.391400051E1
4.037113817E1,1.107795048E1,4.807950020E0,-8.256000519E0
4.037358155E1,9.424950600E0,2.737050056E0,-4.873050213E0
4.037602492E1,3.820050240E0,4.006050110E0,-2.779950142E0
4.037846838E1,3.472950220E0,6.148050308E0,1.143000007E0
4.038091169E1,5.805000305E0,4.780950069E0,-4.800000042E-2
4.038335515E1,2.911050081E0,4.140000343E0,-1.758000135E0
4.038579854E1,2.379000187E0,6.052950382E0,3.276000261E0
4.038824195E1,2.293050051E0,1.476300049E1,3.403050184E0
4.039068556E1,2.131950140E0,9.330000877E0,1.741950035E0
4.039312895E1,3.799500167E-1,1.037700081E1,-3.004950047E0
4.039557234E1,2.106000185E0,1.387995052E1,2.280000150E-1
4.039801572E1,9.499500394E-1,1.361595058E1,-1.336050034E0
4.040045910E1,-1.542000055E0,1.882095146E1,-1.497000098E0
4.040290249E1,1.273050070E0,1.468605042E1,2.103000164E0
4.040534595E1,-1.111050010E0,1.255095100E1,-2.176950216E0
4.040778934E1,-3.109950066E0,1.187595081E1,-4.390500188E-1
4.041023272E1,-1.297950029E0,9.912000656E0,1.800000072E-1
4.041267610E1,-8.830500245E-1,1.155495071E1,-6.850500107E-1
4.041511949E1,-5.670000315E-1,8.764950752E0,-4.669500291E-1
4.041756287E1,3.030000031E-1,1.099905014E1,1.624050021E0
4.042000649E1,1.350000024E0,1.008195019E1,3.220500052E-1
4.042244987E1,1.159950018E0,8.171999931E0,-6.970500350E-1
4.042489327E1,7.290000319E-1,5.370000362E0,-6.760500073E-1
4.042733666E1,8.295000345E-2,1.590000033E0,1.090050101E0
4.042978012E1,4.587000370E0,6.601050377E0,1.087095070E1
4.043222350E1,1.959900093E1,8.751000404E0,-5.694000244E0
4.043466689E1,1.324395084E1,-3.100500107E-1,-1.990200043E1
4.043711029E1,7.299000263E0,5.562000275E0,-1.343505096E1
4.043955367E1,3.069000244E0,7.309950352E0,-1.212300014E1
4.044199706E1,2.460000068E-1,3.903000116E0,-3.870000124E0
4.044444067E1,5.382000446E0,8.464050293E0,5.290050030E0
4.044688406E1,3.603000164E0,8.083050728E0,1.296000004E0
4.044932743E1,3.679500222E-1,5.193000317E0,2.653950214E0
4.045177089E1,4.089000225E0,7.774050236E0,3.327000141E0
4.045421420E1,9.924000740E0,9.048000336E0,-1.674000025E0
4.045665766E1,5.683050156E0,9.799950600E0,-6.295050144E0
4.045910104E1,9.184050560E0,1.183695030E1,-1.099305058E1
4.046154443E1,3.114000082E0,7.707000256E0,-1.369095039E1
4.046398781E1,3.705000132E-2,8.815950394E0,-5.674950123E0
4.046643142E1,1.855050087E0,9.952950478E0,1.488000035E0
4.046887481E1,2.323950052E0,9.558000565E0,3.250050068E0
4.047131820E1,6.409500241E-1,6.747000217E0,-8.460000157E-1
4.047376158E1,2.298000097E0,8.830050468E0,1.927950144E0
4.047620497E1,4.405050278E0,1.142505074E1,3.552000284E0
4.047864835E1,2.295000076E0,1.050795078E1,-1.825050116E0
4.048109174E1,1.105050087E0,1.093005085E1,1.624050021E0
4.048353521E1,1.693950057E0,1.104000092E1,4.819500148E-1
4.048597860E1,7.680000067E-1,1.105395031E1,-2.316000223E0
4.048842198E1,5.623050213E0,1.415505028E1,2.938950062E0
4.049086536E1,6.255000114E0,1.261800098E1,-9.316950798E0
4.049330875E1,2.331000090E0,8.425050735E0,-8.497950554E0
4.049575213E1,8.274000168E0,9.406949997E0,-8.047950745E0
4.049819574E1,7.735050201E0,9.440999985E0,-8.866950035E0
4.050063913E1,8.850000501E-1,7.333950520E0,-6.172950268E0
4.050308251E1,5.326050282E0,1.049205017E1,-1.830000043E0
4.050552590E1,6.813000202E0,9.979050636E0,-6.204000473E0
4.050796935E1,2.791050196E0,7.702050209E0,-8.554950714E0
4.051041274E1,5.779050350E0,6.589050293E0,-5.230050087E0
4.051285612E1,4.929000378E0,6.574950218E0,-5.020950317E0
4.051529951E1,3.463950157E0,5.635950089E0,-4.521000385E0
4.051774289E1,1.083105087E1,9.061950684E0,-3.096000195E0
4.052018629E1,6.619050503E0,5.313000202E0,-5.320950031E0
4.052262991E1,-1.650000066E-1,3.651000261E0,-3.865050077E0
4.052507329E1,3.760950089E0,4.361999989E0,7.429500222E-1
4.052751668E1,5.335950375E0,4.876950264E0,-1.867950082E0
4.052996006E1,8.400000334E-1,9.240000248E-1,-1.453950047E0
4.053240345E1,4.656000137E0,4.519950390E0,4.933050156E0
4.053484691E1,7.861950397E0,3.960000277E0,3.960000277E-1
4.053729030E1,4.393050194E0,5.239050388E0,-5.857050419E0
4.053973368E1,3.919050217E0,8.251049995E0,-3.340950251E0
4.054217707E1,4.162950039E0,6.691950321E0,-7.066050529E0
4.054462070E1,8.920500278E-1,8.743950844E0,-1.260000110E0
4.054706386E1,3.921000242E0,1.333395100E1,-6.109500527E-1
4.054950747E1,3.600000143E0,9.927000046E0,-2.650950193E0
4.055195086E1,6.649500132E-1,9.787950516E0,-1.966050148E0
4.055439424E1,1.912050128E0,1.345800018E1,3.906000137E0
4.055683761E1,3.484950066E0,1.320000076E1,-1.297950029E0
4.055928100E1,1.285050035E0,8.725049973E0,-1.618950129E0
4.056172445E1,4.052999973E0,1.094895077E1,-2.335050106E0
4.056416784E1,2.431950092E0,1.328595066E1,-7.899000168E0
4.056661123E1,7.080000043E-1,9.745050430E0,-4.867950439E0
4.056905461E1,1.740000129E0,9.928950310E0,-3.489000082E0
4.057149800E1,1.981950045E0,1.065900040E1,-6.558000088E0
4.057394138E1,2.695050240E0,1.072395039E1,-3.310500085E-1
4.057638499E1,7.948050499E0,1.463100052E1,-4.395000264E-2
4.057882838E1,4.716000080E0,1.215795040E1,-6.019950390E0
4.058127175E1,2.800950050E0,7.093950272E0,-4.732050419E0
4.058371513E1,4.000050068E0,9.972000122E0,-2.122050047E0
4.058615852E1,3.835050106E0,8.389050484E0,-5.280000210E0
4.058860198E1,1.633950114E0,4.444050312E0,-6.205950260E0
4.059104536E1,6.559950352E0,6.369000435E0,-3.598950148E0
4.059348875E1,6.703050137E0,5.670000076E0,-6.441000462E0
4.059593213E1,3.136050224E0,6.357000351E0,-4.396049976E0
4.059837552E1,6.511950493E0,7.369950294E0,1.930950046E0
4.060081913E1,4.498050213E0,5.932950497E0,-1.546950102E0
4.060326252E1,3.804000139E0,1.072905064E1,-7.860000134E-1
4.060570590E1,1.187700081E1,8.880000114E0,-3.087000132E0
4.060814929E1,5.595000267E0,6.499950409E0,-1.311900043E1
4.061059267E1,4.180500209E-1,6.034050465E0,-1.101705074E1
4.061303613E1,6.624000549E0,3.828000069E0,-8.227050781E0
4.061547952E1,7.062000275E0,2.989950180E0,-9.469950676E0
4.061792290E1,1.993950129E0,3.226950169E0,-3.417000055E0
4.062036629E1,9.934950829E0,5.430000305E0,2.841000080E0
4.062280990E1,8.269050598E0,3.883050203E0,-3.369000196E0
4.062525306E1,-4.950000346E-1,8.746050835E0,-2.040000200E0
4.062769667E1,5.796000481E0,5.251050472E0,5.879999995E-1
4.063014004E1,2.880000114E0,5.844000340E0,-6.879000187E0
4.063258343E1,1.218000054E0,9.261000633E0,-3.985050201E0
4.063502681E1,9.789000511E0,6.523950100E0,-4.498950005E0
4.063747027E1,1.429050088E0,6.922050476E0,-8.064000130E0
4.063991366E1,-3.093000174E0,8.502000809E0,1.777050138E0
4.064235704E1,1.536000013E0,7.030050278E0,3.556050062E0
4.064480042E1,4.024050236E0,6.735000134E0,-4.854000092E0
4.064724381E1,1.321050048E0,6.402000427E0,-1.071000099E0
4.064968719E1,6.181050301E0,6.402000427E0,-2.541000128E0
4.065213058E1,5.310000420E0,6.292050362E0,-6.906000137E0
4.065457419E1,1.089000106E0,7.441050529E0,-2.103000164E0
4.065701758E1,5.227950096E0,6.361950397E0,-1.413000107E0
4.065946096E1,2.965950251E0,5.902050495E0,-4.474950314E0
4.066190435E1,5.908050060E0,9.747000694E0,-3.379050255E0
4.066434773E1,9.423000336E0,9.330000877E0,-8.743950844E0
4.066679119E1,1.534050107E0,8.755949974E0,-1.071300030E1
4.066923458E1,-1.170000061E-1,9.625050545E0,-2.758950233E0
4.067167796E1,5.061000347E0,8.763000488E0,9.970500469E-1
4.067412135E1,2.371950150E0,6.874050140E0,-1.762950063E0
4.067656496E1,2.470050097E0,7.627950191E0,1.156949997E0
4.067900835E1,1.066095066E1,8.011050224E0,-1.462950110E0
4.068145173E1,6.526050091E0,7.741050243E0,-8.931000710E0
4.068389512E1,1.330050111E0,8.221950531E0,-5.538000107E0
4.068633850E1,8.926950455E0,6.148050308E0,-6.187050343E0
4.068878190E1,4.503000259E0,9.136950493E0,-6.403050423E0
4.069122536E1,7.768950462E0,1.102995014E1,-1.317000031E0
4.069366874E1,1.224600029E1,9.754050255E0,-7.408050537E0
4.069611213E1,3.649950266E0,8.998050690E0,-8.476050377E0
4.069855551E1,2.755050182E0,1.042695045E1,-6.280500293E-1
4.070099913E1,8.236050606E0,8.491950035E0,-7.189500332E-1
4.070344229E1,3.166950226E0,7.221000195E0,-4.392000198E0
4.070588590E1,3.631050110E0,9.100950241E0,1.303050041E0
4.070832929E1,8.829000473E0,9.268050194E0,-2.389950037E0
4.071077267E1,3.931050301E0,1.163595009E1,-7.120950222E0
4.071321604E1,3.079500198E-1,1.072605038E1,2.227950096E0
4.071565950E1,1.417050123E0,1.086795044E1,2.923950195E0
4.071810289E1,1.716000080E0,1.276095104E1,-3.004950047E0
4.072054627E1,1.090500057E-1,1.246695042E1,-1.900500059E-1
4.072298966E1,2.665950060E0,1.201200104E1,3.142050266E0
4.072543304E1,1.882950068E0,9.550950050E0,-3.295050144E0
4.072787642E1,1.267950058E0,8.401050568E0,-2.335050106E0
4.073031981E1,3.568950176E0,9.226950645E0,-2.977050066E0
4.073276342E1,1.813950062E0,7.686000347E0,-5.787000179E0
4.073520681E1,-2.659500241E-1,5.950050354E0,-1.087050080E0
4.073765019E1,1.756950140E0,9.559950829E0,-1.180950046E0
4.074009358E1,2.082000017E0,9.984000206E0,-4.060950279E0
4.074253696E1,8.130000234E-1,5.446950436E0,-1.542000055E0
4.074498042E1,1.488000035E0,8.619000435E0,2.500500083E-1
4.074742381E1,6.169500351E-1,4.993950367E0,-1.966050148E0
4.074986721E1,1.018950105E0,7.164000511E0,-1.807950139E0
4.075231060E1,5.607000351E0,5.956950188E0,-7.600050449E0
4.075475421E1,3.478050232E0,2.002050161E0,-1.217295074E1
4.075719760E1,1.543950081E0,5.550000191E0,-3.144000053E0
4.075964098E1,5.656950474E0,3.601050138E0,-1.921050072E0
4.076208436E1,4.174950123E0,2.095050097E0,-3.309000254E0
4.076452775E1,2.142000198E0,3.895050287E0,5.100000277E-2
4.076697113E1,8.437050819E0,3.651000261E0,1.516950130E0
4.076941459E1,6.076050282E0,4.233000278E0,-5.815950394E0
4.077185799E1,2.065050125E0,7.494000435E0,-3.301950216E0
4.077430137E1,8.511000633E0,5.028000355E0,-8.620500565E-1
4.077674476E1,4.516950130E0,5.490000248E0,-8.280000687E0
4.077918837E1,4.773000240E0,9.727950096E0,-8.479050636E0
4.078163152E1,1.263900089E1,7.429050446E0,-8.134050369E0
4.078407515E1,3.460950136E0,6.811950207E0,-1.060995007E1
4.078651854E1,-3.180000186E-1,9.205950737E0,-7.036950111E0
4.078896192E1,8.118000031E0,6.867000103E0,-3.678000212E0
4.079140531E1,3.672000170E0,6.036000252E0,-1.660050035E0
4.079384877E1,9.210000634E-1,9.205950737E0,6.549000263E0
4.079629209E1,8.635050774E0,8.200050354E0,1.210050106E0
4.079873555E1,5.122950077E0,1.026405048E1,-6.082050323E0
4.080117894E1,1.608000040E0,1.158105087E1,-2.931000233E0
4.080362232E1,3.142950058E0,9.958050728E0,-3.288000107E0
4.080606571E1,7.890000343E-1,1.061400032E1,4.150500298E-1
4.080850930E1,1.282950044E0,1.421505070E1,-1.425000072E0
4.081095269E1,5.017950058E0,1.713105011E1,-1.903950095E0
4.081339608E1,2.472000122E0,1.048695087E1,-5.500050068E0
4.081583946E1,3.630000055E-1,1.163895035E1,-1.339050055E0
4.081828285E1,3.684000254E0,1.200495052E1,5.920500159E-1
4.082072623E1,1.776000142E0,9.538950920E0,-5.280000210E0
4.082316969E1,1.980000138E-1,8.743950844E0,-1.005000062E-2
4.082561308E1,1.639050126E0,1.199805069E1,5.002950191E0
4.082805646E1,2.295000076E0,1.247400093E1,-1.384050012E0
4.083049985E1,1.227000117E0,9.967050552E0,-2.704050064E0
4.083294346E1,2.077050209E0,1.033605003E1,2.869050026E0
4.083538684E1,2.620950222E0,1.055895042E1,-3.000000026E-3
4.083783023E1,7.440000176E-1,1.299405098E1,-1.641000032E0
4.084027361E1,6.580500603E-1,1.335495090E1,9.250500202E-1
4.084271700E1,1.275000095E0,1.081500053E1,2.055000067E0
4.084516040E1,9.570000172E-1,8.326950073E0,3.900000080E-2
4.084760386E1,2.109000206E0,9.213000298E0,2.311050177E0
4.085004724E1,3.073050261E0,1.063995075E1,2.737950087E0
4.085249063E1,1.575000048E0,7.714050293E0,-1.590000093E-1
4.085493401E1,1.860000134E0,8.920950890E0,4.234050274E0
4.085737740E1,2.209050179E0,1.250505066E1,2.899950027E0
4.085982078E1,1.753950119E0,1.044600010E1,1.210500076E-1
4.086226440E1,7.510050297E0,8.457000732E0,-3.742950201E0
4.086470778E1,4.069050312E0,9.256050110E0,-1.214700031E1
4.086715117E1,6.544950485E0,1.137000084E1,-1.134000015E1
4.086959457E1,9.871050835E0,1.086795044E1,-1.059000015E1
4.087203803E1,2.953950167E0,9.121950150E0,-9.456000328E0
4.087448134E1,2.149049997E0,8.581050873E0,-3.514950275E0
4.087692480E1,6.178950310E0,9.057000160E0,-3.120000064E-1
4.087936819E1,2.902950048E0,7.932000160E0,-3.562950134E0
4.088181156E1,4.096050262E0,7.789050579E0,-4.950000439E-3
4.088425495E1,9.799050331E0,1.023795033E1,-1.116000056E0
4.088669856E1,5.805000305E0,7.863000393E0,-5.731950283E0
4.088914195E1,3.864000082E0,1.045800018E1,-3.391050100E0
4.089158532E1,6.736950397E0,7.558950424E0,-5.827950478E0
4.089402871E1,2.188050032E0,8.587950706E0,-6.678000450E0
4.089647210E1,3.993000269E0,1.109700012E1,-2.596050024E0
4.089891548E1,7.699050426E0,7.149000168E0,-7.726950169E0
4.090135894E1,-1.065000057E0,5.116050243E0,-8.778000832E0
4.090380232E1,7.060500383E-1,4.834050179E0,-1.012950063E0
4.090624571E1,6.034950256E0,3.253950119E0,-4.427999973E0
4.090868932E1,2.037000179E0,2.896950245E0,-5.835000515E0
4.091113271E1,2.748000145E0,4.662000179E0,-5.989500284E-1
4.091357610E1,8.779050827E0,3.340050220E0,-1.995000057E-2
4.091601948E1,3.054000139E0,4.968000412E0,-3.810000181E0
4.091846286E1,-1.149000049E0,7.456050396E0,-4.579500258E-1
4.092090625E1,5.191950321E0,4.132050037E0,-7.069500089E-1
4.092334963E1,5.224050045E0,2.791950226E0,-6.514950275E0
4.092579309E1,5.599050045E0,5.073000431E0,-4.854000092E0
4.092823646E1,9.301050186E0,2.008949995E0,-6.312000275E0
4.093067985E1,4.696950436E0,1.705050111E0,-8.734950066E0
4.093312323E1,1.632000089E0,3.369000196E0,-7.305000305E0
4.093556662E1,6.685950279E0,4.290000439E0,-4.485000134E0
4.093801000E1,3.588000059E0,5.530950069E0,-3.048000097E0
4.094045360E1,3.990000188E-1,8.140049934E0,5.857050419E0
4.094289698E1,2.638050079E0,1.167000103E1,3.487050056E0
4.094534037E1,4.702050209E0,1.157100010E1,2.149049997E0
4.094778375E1,2.805000067E0,1.175805092E1,-1.417950034E0
4.095022721E1,3.478050232E0,1.025700092E1,2.881050110E0
4.095267053E1,2.092050076E0,9.079050064E0,-1.257000089E0
4.095511399E1,8.101050377E0,1.090605068E1,-7.380000114E0
4.095755737E1,8.793000221E0,9.357000351E0,-1.499400043E1
4.096000076E1,1.879050136E0,7.906050205E0,-1.246800041E1
4.096244437E1,1.771050096E0,1.026705074E1,-3.805050135E0
4.096488776E1,4.906949997E0,8.449049950E0,-4.630950451E0
4.096733115E1,2.179949999E0,7.870050430E0,-2.434950113E0
4.096977453E1,4.174950123E0,7.353000164E0,1.798950076E0
4.097221792E1,5.017950058E0,9.591000557E0,-1.210050106E0
4.097466130E1,1.290000081E0,6.022050381E0,-9.270000458E-1
4.097710467E1,6.769500375E-1,7.695000172E0,3.694950104E0
4.097954813E1,2.002950191E0,7.246950150E0,2.671050072E0
4.098199152E1,2.647050142E0,6.816000462E0,-2.380500138E-1
4.098443490E1,9.877950668E0,1.121505070E1,-2.791950226E0
4.098687852E1,7.285050392E0,7.810050488E0,-1.145700073E1
4.098932189E1,-1.237950087E0,1.025895023E1,-9.324000359E0
4.099176527E1,4.560000300E-1,6.550950527E0,-4.135050297E0
4.099420866E1,6.421050072E0,4.903050423E0,-4.011000156E0
4.099665204E1,1.941000104E0,4.258950233E0,-2.002050161E0
4.099909543E1,5.662050247E0,4.791000366E0,1.971000075E0
4.100153889E1,1.049295044E1,5.808000088E0,-4.324950218E0
4.100398227E1,2.323950052E0,6.727950096E0,-6.561000347E0
4.100642566E1,2.086950064E0,8.515950203E0,1.500000060E-2
4.100886904E1,3.706050158E0,6.511950493E0,-3.084000111E0
4.101131243E1,1.086000085E0,8.578950882E0,-1.012950063E0
4.101375581E1,6.531000137E0,1.167900085E1,-2.875950098E0
4.101619920E1,5.311950207E0,8.145000458E0,-8.968950272E0
4.101864281E1,-5.509500504E-1,1.027395058E1,-6.046050072E0
4.102108620E1,2.235000134E0,8.824950218E0,8.460000157E-1
4.102352958E1,5.335950375E0,8.926050186E0,-1.914000034E0
4.102597296E1,3.174000263E0,8.657999992E0,-1.099050045E0
4.102841642E1,5.833950043E0,1.011795044E1,-1.590000093E-1
4.103085973E1,7.014000416E0,1.000305080E1,-6.160950184E0
4.103330319E1,2.382000208E0,1.039395046E1,-5.980950356E0
4.103574658E1,4.515000343E0,1.002195072E1,-4.071000099E0
4.103818997E1,7.093050480E0,8.884950638E0,-5.550000191E0
4.104063358E1,3.799050093E0,1.222500038E1,-2.779950142E0
4.104307697E1,1.232505035E1,1.235895061E1,-4.744050026E0
4.104552035E1,7.948050499E0,1.143495083E1,-1.121295071E1
4.104796374E1,5.809500217E-1,1.128405094E1,-7.701000214E0
4.105040712E1,5.155950069E0,9.189000130E0,-3.967950106E0
4.105285051E1,6.222000122E0,6.988950253E0,-7.662000179E0
4.105529397E1,1.972050071E0,5.739000320E0,-5.574000359E0
4.105773735E1,7.672950268E0,5.728950500E0,-1.981050134E0
4.106018073E1,7.137000561E0,6.088950157E0,-6.091950417E0
4.106262412E1,1.333050013E0,5.514000416E0,-5.251050472E0
4.106506773E1,1.963050127E0,7.317000389E0,5.200500488E-1
4.106751112E1,3.988050222E0,6.294000149E0,-1.423050046E0
4.106995450E1,3.222000122E0,8.622000694E0,-7.549500465E-1
4.107239789E1,1.044495010E1,9.085950851E0,8.749500513E-1
4.107484127E1,8.998950005E0,5.707950115E0,-8.032950401E0
4.107728466E1,1.342050076E0,8.728950500E0,-9.466950417E0
4.107972812E1,8.592000008E0,7.602000237E0,-5.266050339E0
4.108217150E1,8.863050461E0,5.595000267E0,-8.480999947E0
4.108461489E1,3.555000067E0,6.673050404E0,-6.090000272E-1
4.108705827E1,7.840050220E0,6.988950253E0,4.800000191E-1
4.108950166E1,8.824950218E0,9.157950401E0,-5.818950176E0
4.109194504E1,2.254950047E0,8.854050636E0,-1.071000099E0
4.109438866E1,3.129000187E0,9.390000343E0,2.710500062E-1
4.109683204E1,3.853950262E0,9.096000671E0,-5.550000191E0
4.109927543E1,9.900000691E-1,1.175805092E1,-1.744050026E0
4.110171889E1,3.543000221E0,1.320195103E1,-5.196000099E0
4.110416220E1,2.653950214E0,1.137000084E1,-4.605000019E0
4.110660566E1,9.040500522E-1,9.225000381E0,1.999500096E-1
4.110904896E1,4.369500279E-1,1.177305031E1,1.030050039E0
4.111149242E1,1.483950019E0,1.025700092E1,-3.790500164E-1
4.111393581E1,-9.840000272E-1,8.428050041E0,-1.600050092E0
4.111637942E1,-4.003050327E0,1.036695004E1,-3.499500155E-1
4.111882281E1,-2.260050058E0,1.018005085E1,1.387050033E0
4.112126622E1,-4.519500136E-1,1.042200089E1,-9.820500612E-1
4.112370960E1,-7.200000435E-2,9.748950005E0,-7.260000110E-1
4.112615299E1,1.777950048E0,8.599950790E0,3.577950239E0
4.112859637E1,1.219950080E0,9.778050423E0,-7.690500617E-1
4.113103976E1,2.817000151E0,1.153305054E1,2.041050196E0
4.113348322E1,8.628000259E0,6.796950340E0,5.730000496E0
4.113592660E1,9.463950157E0,9.790500402E-1,-1.309005070E1
4.113836999E1,9.001950264E0,2.847000122E0,-1.864695168E1
4.114081337E1,5.500950336E0,3.286950111E0,-1.787595177E1
4.114325699E1,6.859500408E-1,1.501050115E0,-9.799950600E0
4.114570037E1,5.635050297E0,5.068950176E0,2.757000208E0
4.114814375E1,5.737950325E0,9.991050720E0,4.804050446E0
4.115058714E1,3.322050095E0,8.935050011E0,2.943000078E0
4.115303052E1,3.667050123E0,1.071405029E1,6.442050457E0
4.115547398E1,2.986950159E0,9.631950378E0,3.576000214E0
4.115791736E1,1.090950012E0,1.393200111E1,-5.779500008E-1
4.116036075E1,5.508000374E0,1.608195114E1,1.852050066E0
4.116280413E1,7.045950413E0,8.848950386E0,-9.336000443E0
4.116524752E1,1.606050134E0,8.718000412E0,-1.019805050E1
4.116769090E1,7.323000431E0,9.520050049E0,-1.391805077E1
4.117013429E1,5.182950020E0,8.089950562E0,-1.628400040E1
4.117257790E1,5.790000558E-1,9.103050232E0,-7.771950245E0
4.117502129E1,5.809950352E0,8.895000458E0,-2.131050110E0
4.117746467E1,3.793950081E0,9.057000160E0,-2.007000208E0
4.117990806E1,2.980050087E0,7.903050423E0,-3.190500140E-1
4.118235144E1,3.262950182E0,7.911000252E0,3.405000269E-2
4.118479490E1,2.262000084E0,7.111050129E0,-8.500500321E-1
4.118723829E1,-4.690500200E-1,7.966050148E0,4.849500358E-1
4.118968167E1,1.813950062E0,8.650050163E0,-2.221950054E0
4.119212506E1,3.876000166E0,3.960000277E0,-7.339050293E0
4.119456867E1,-5.959500074E-1,9.192000389E0,-2.188950062E0
4.119701206E1,-2.250000089E-1,6.736950397E0,2.296950102E0
4.119945544E1,2.085000038E0,3.040950060E0,1.279050112E0
4.120189883E1,2.110949993E0,1.908000112E0,1.777050138E0
4.120434221E1,8.311950684E0,4.935000420E0,2.185050011E0
4.120678560E1,6.816000462E0,3.973950148E0,-5.584050179E0
4.120922905E1,1.963050127E0,3.390000105E0,-3.144000053E0
4.121167244E1,2.893950224E0,6.084000111E0,-1.939950109E0
4.121411583E1,2.446050167E0,7.273950577E0,-4.744050026E0
4.121655921E1,2.415000200E0,9.184050560E0,-3.859950066E0
4.121900260E1,9.124050140E0,9.709050179E0,-6.606000423E0
4.122144621E1,5.853000164E0,6.663000107E0,-8.874000549E0
4.122388937E1,8.470500112E-1,7.711950302E0,-5.028000355E0
4.122633298E1,7.896000385E0,9.181950569E0,-1.341000080E0
4.122877635E1,7.860000610E0,7.057950497E0,-4.471050262E0
4.123121973E1,3.832050085E0,9.421050072E0,-4.650000334E-1
4.123366319E1,9.639000893E0,9.541050911E0,-3.000000119E-1
4.123610658E1,4.788000107E0,1.005405045E1,-6.906000137E0
4.123854997E1,1.450500041E-1,1.139700031E1,-3.586950064E0
4.124099336E1,5.202000141E0,9.871950150E0,-1.684050083E0
4.124343675E1,2.451000214E0,9.946050644E0,-2.200950146E0
4.124588013E1,2.370000124E0,1.268205070E1,2.055000067E0
4.124832375E1,9.624000549E0,1.354905033E1,-4.485000134E0
4.125076713E1,4.503000259E0,1.166205025E1,-8.569950104E0
4.125321052E1,-1.650000066E-1,1.164795017E1,-5.200950146E0
4.125565390E1,3.066000223E0,1.036995029E1,-2.416050196E0
4.125809729E1,2.461050034E0,1.056600094E1,-4.534950256E0
4.126054067E1,1.021950006E0,8.551950455E0,-1.296000004E0
4.126298406E1,5.761950493E0,9.847950935E0,3.940500319E-1
4.126542752E1,4.350000381E0,1.071705055E1,-2.497950077E0
4.126787090E1,2.395950079E0,9.108000755E0,-4.530000091E-1
4.127031429E1,3.531000137E0,9.559950829E0,1.806000113E0
4.127275790E1,2.536950111E0,1.032900047E1,-2.517000198E0
4.127520129E1,2.074949980E0,1.116405010E1,1.800000109E-2
4.127764469E1,5.812950134E0,1.220100021E1,-2.104950190E0
4.128008807E1,1.836000085E0,9.852000237E0,-6.112950325E0
4.128253146E1,-5.479500294E-1,7.705050468E0,-1.624050021E0
4.128497484E1,1.201050043E0,7.189950466E0,1.339050055E0
4.128741830E1,2.749950171E0,7.377000332E0,-3.889050245E0
4.128986169E1,1.342050076E0,4.350000381E0,-3.453000069E0
4.129230508E1,5.427000046E0,5.965950489E0,-2.518950224E0
4.129474869E1,5.425050259E0,6.441000462E0,-7.471050262E0
4.129719184E1,2.226000071E0,4.681050301E0,-6.223050117E0
4.129963546E1,3.495000124E0,4.755000114E0,-2.794950247E0
4.130207885E1,1.408950090E0,4.489050388E0,-1.521000028E0
4.130452223E1,2.419950008E0,5.725050449E0,-3.450000286E-1
4.130696562E1,5.869950294E0,7.987050533E0,1.792050123E0
4.130940900E1,3.970950127E0,1.579500139E-1,-6.175050259E0
4.131185247E1,-1.735950112E0,4.996950150E0,-4.054049969E0
4.131429585E1,3.784950256E0,1.791000128E0,-8.500500321E-1
4.131673924E1,6.073050499E0,-3.390000165E-1,-4.741050243E0
4.131918262E1,4.090500176E-1,2.155050039E0,-2.875950098E0
4.132162601E1,3.574050188E0,4.482000351E0,1.773000121E0
4.132406939E1,9.246000290E0,2.880000114E0,-1.581000090E0
4.132651301E1,3.504000187E0,5.719950199E0,-7.273950577E0
4.132895639E1,4.831050396E0,7.353000164E0,-6.721050262E0
4.133139978E1,7.825950146E0,6.121950150E0,-1.005195045E1
4.133384316E1,6.768000126E0,9.952950478E0,-1.295805073E1
4.133628655E1,1.052400017E1,1.147095013E1,-1.224495029E1
4.133872993E1,2.038950205E0,9.618000031E0,-8.006999969E0
4.134117339E1,-2.526000023E0,1.306305027E1,6.919950485E0
4.134361678E1,6.619500518E-1,1.086795044E1,5.377950191E0
4.134606016E1,3.757950068E0,1.120005035E1,6.280500293E-1
4.134850379E1,2.484000206E0,1.090305042E1,-1.525950074E0
4.135094717E1,3.496950150E0,1.296300030E1,5.364000320E0
4.135339056E1,4.306950092E0,1.274895096E1,2.644050121E0
4.135583394E1,7.195950508E0,1.226805019E1,-4.035000324E0
4.135827733E1,9.559950829E0,1.170600033E1,-1.683195114E1
4.136072073E1,3.070950031E0,1.174605083E1,-1.994700050E1
4.136316419E1,2.317050219E0,1.310400105E1,-1.211595058E1
4.136560758E1,8.812950134E0,1.308000088E1,-5.875950336E0
4.136805096E1,4.156050205E0,8.983050346E0,-6.783000469E0
4.137049435E1,2.595000029E0,7.282950401E0,7.219500542E-1
4.137293798E1,4.014000416E0,8.253000259E0,5.593950272E0
4.137538113E1,1.957950115E0,5.727000237E0,2.698950052E0
4.137782452E1,1.360500008E-1,1.314000010E0,-1.630500108E-1
4.138026813E1,4.840050220E0,4.678050041E0,3.444000244E0
4.138271152E1,2.470050097E0,3.760950089E0,-3.943950176E0
4.138515492E1,-5.460000038E-1,3.091050148E0,-2.209500074E-1
4.138759830E1,6.580500603E-1,3.682050228E0,6.808050156E0
4.139004169E1,3.664950132E0,1.507950068E0,-2.700000070E-2
4.139248515E1,4.915050030E0,7.453050137E0,-4.565999985E0
4.139492853E1,9.655050278E0,7.626000404E0,-1.051950097E0
4.139737192E1,1.924050093E0,6.205950260E0,-8.574000359E0
4.139981530E1,-5.340000391E-1,8.686050415E0,-6.679500341E-1
4.140225892E1,3.010500073E-1,9.397050858E0,2.091000080E0
4.140470230E1,1.788000107E0,5.473050117E0,-3.810000122E-1
4.140714569E1,2.262000084E0,6.184050083E0,1.155000091E0
4.140958907E1,6.579000473E0,9.910050392E0,-1.708050132E0
4.141203245E1,7.885950565E0,9.223050117E0,-1.093500042E1
4.141447584E1,6.823050499E0,9.898050308E0,-9.517950058E0
4.141691930E1,6.760950089E0,1.101600075E1,-5.179050446E0
4.141936268E1,3.247950077E0,1.207005024E1,-2.730000019E0
4.142180607E1,2.508000135E0,1.469805050E1,1.296000004E0
4.142424945E1,4.885950089E0,1.759305000E1,1.690500081E-1
4.142669306E1,1.287000060E0,1.059900093E1,-4.351050377E0
4.142913645E1,-2.400000021E-2,1.024695015E1,-2.716050148E0
4.143157982E1,6.484950542E0,1.118805027E1,-3.171000242E0
4.143402321E1,5.595000267E0,9.000000000E0,-7.507050514E0
4.143646659E1,4.030950069E0,1.035300064E1,-4.401000023E0
4.143890998E1,7.825950146E0,1.334805107E1,-4.714950085E0
4.144135344E1,4.744950294E0,1.218405056E1,-8.409000397E0
4.144379681E1,2.110949993E0,1.019505024E1,-5.040000439E0
4.144624019E1,4.918950081E0,1.037700081E1,-4.126049995E0
4.144868358E1,2.572950125E0,8.365950584E0,-4.806000233E0
4.145112696E1,6.196050167E0,1.163895035E1,-1.687950134E0
4.145357035E1,1.214100075E1,6.946050167E0,-7.495050430E0
4.145601395E1,2.503950119E0,6.996000290E0,-9.673050880E0
4.145845734E1,4.369500279E-1,7.374000549E0,-1.175999999E0
4.146090072E1,7.611000538E0,5.722050190E0,-1.051950097E0
4.146334411E1,2.740950108E0,5.004000187E0,-6.403050423E0
4.146578750E1,1.395000100E0,5.878050327E0,1.003950000E0
4.146823088E1,9.643050194E0,6.294000149E0,-6.610500216E-1
4.147067434E1,4.065000057E0,7.044000149E0,-5.473950386E0
4.147311772E1,4.590000212E-1,9.285000801E0,6.619500518E-1
4.147556111E1,3.250950098E0,7.474950314E0,-7.710000277E-1
4.147800450E1,9.859500527E-1,9.309000015E0,-1.995000124E0
4.148044810E1,3.349050045E0,1.282095051E1,-6.589500308E-1
4.148289149E1,8.271000862E0,1.120005035E1,-6.949050426E0
4.148533487E1,2.341050148E0,8.896950722E0,-8.002050400E0
4.148777826E1,8.419500589E-1,9.433050156E0,-2.119050026E0
4.149022164E1,3.634050131E0,8.209950447E0,-1.111050010E0
4.149266503E1,2.314050198E0,5.503950119E0,-3.408000231E0
4.149510849E1,2.607000113E0,4.786050320E0,-1.309950113E0
4.149755187E1,7.090950489E0,5.890050411E0,-2.713050127E0
4.149999526E1,3.499950171E0,4.482000351E0,-7.000950336E0
4.150243864E1,1.644000053E0,5.095050335E0,-2.191050053E0
4.150488224E1,3.250950098E0,7.129950523E0,-1.075950027E0
4.150732563E1,1.627050042E0,6.502950191E0,-2.032950163E0
4.150976901E1,1.450500041E-1,1.063500023E1,2.125050068E0
4.151221240E1,1.717950106E0,8.646000862E0,-9.409500360E-1
4.151465578E1,1.704000115E0,5.956950188E0,-3.661050081E0
4.151709924E1,-4.309500158E-1,9.610950470E0,1.906950116E0
4.151954263E1,5.215950012E0,5.416050434E0,-6.229500175E-1
4.152198601E1,4.089000225E0,3.205950260E0,-5.064000130E0
4.152442940E1,5.401050091E0,5.595000267E0,-2.557950020E0
4.152687278E1,1.025400066E1,5.413050175E0,-7.024950504E0
4.152931617E1,1.567050099E0,5.914050102E0,-9.340950012E0
4.153175955E1,1.546050072E0,9.475950241E0,-8.650500178E-1
4.153420317E1,8.377050400E0,4.750050068E0,-4.417950153E0
4.153664655E1,4.656000137E0,7.341000557E0,-6.970050335E0
4.153908994E1,1.003605080E1,9.052950859E0,-5.227050304E0
4.154153331E1,1.191795063E1,7.780950546E0,-1.282200050E1
4.154397670E1,6.100500226E-1,9.010050774E0,-1.304700089E1
4.154642008E1,2.032050133E0,9.397050858E0,-3.184950113E0
4.154886354E1,8.551950455E0,6.280050278E0,-3.337950230E0
4.155130691E1,1.735050082E0,6.388050079E0,-3.829050064E0
4.155375030E1,4.227000237E0,6.418950081E0,2.260950089E0
4.155619391E1,1.061100006E1,5.598000050E0,-4.288949966E0
4.155863730E1,1.243950009E0,7.461000443E0,-6.283050060E0
4.156108068E1,2.425050020E0,7.915050507E0,2.205000073E-2
4.156352405E1,6.919050217E0,7.084950447E0,-2.775000095E0
4.156596743E1,7.560000420E-1,9.874050140E0,-6.300000101E-2
4.156841082E1,2.425050020E0,1.236600018E1,4.021049976E0
4.157085428E1,4.936050415E0,1.009395027E1,-3.633000135E0
4.157329766E1,7.030500174E-1,1.024995041E1,-3.034050226E0
4.157574103E1,-7.605000585E-2,8.526000023E0,7.860000134E-1
4.157818465E1,1.531950116E0,9.886050224E0,2.155950069E0
4.158062780E1,2.281050205E0,8.356050491E0,-1.453950047E0
4.158307142E1,3.919500113E-1,7.276050568E0,-2.673000097E0
4.158551480E1,6.550500393E-1,9.622950554E0,3.267000198E0
4.158795819E1,2.190000057E0,1.101795006E1,-1.285950065E0
4.159040157E1,1.792950034E0,8.302950859E0,-3.349950075E0
4.159284496E1,2.428950071E0,9.556050301E0,1.765950084E0
4.159528842E1,2.362050056E0,1.034100056E1,-1.899000049E0
4.159773180E1,3.730500042E-1,1.240905094E1,-1.653000116E0
4.160017519E1,3.271950245E0,1.054200077E1,2.568000078E0
4.160261857E1,1.800000072E0,7.851000309E0,-6.835950375E0
4.160506196E1,2.476950169E0,2.479950190E0,-4.042050362E0
4.160750534E1,6.889950275E0,4.333950043E0,-8.911950111E0
4.160994895E1,4.315950394E0,2.653050184E0,-1.123005009E1
4.161239234E1,5.734050274E0,2.707950115E0,-8.148000717E0
4.161483573E1,7.182000160E0,5.575950146E0,-4.126049995E0
4.161727911E1,6.550500393E-1,3.429000139E0,-5.332950115E0
4.161972249E1,1.302000046E0,6.832950115E0,3.724050283E0
4.162216588E1,2.536950111E0,3.936000109E0,3.187950134E0
4.162460934E1,3.777000189E0,3.712950230E0,-1.377000093E0
4.162705273E1,5.817000389E0,7.912950516E0,-8.839500546E-1
4.162949611E1,8.566050529E0,3.418950081E0,-3.160950184E0
4.163193972E1,4.989000320E0,5.296050072E0,-5.854950428E0
4.163438311E1,6.708000183E0,7.105950356E0,-7.942050457E0
4.163682649E1,1.198695087E1,5.848950386E0,-1.231905079E1
4.163926988E1,5.881950378E0,6.615000248E0,-1.417500114E1
4.164171326E1,6.282000065E0,9.426000595E0,-1.302795029E1
4.164415665E1,1.197495079E1,9.358950615E0,-1.051395035E1
4.164660003E1,1.186950088E0,9.514950752E0,-7.570950508E0
4.164904349E1,-1.354950070E0,1.229700089E1,7.857000351E0
4.165148688E1,3.037950039E0,9.523950577E0,5.311050415E0
4.165393026E1,4.849950314E0,1.152105045E1,-4.429500103E-1
4.165637387E1,4.182000160E0,1.834500122E1,1.003950000E0
4.165881702E1,4.612950325E0,1.668600082E1,4.890000343E0
4.166126064E1,2.536950111E0,1.251495075E1,-1.249500066E-1
4.166370402E1,1.254000068E0,1.320405102E1,-2.938050032E0
4.166614741E1,5.446050167E0,1.530405045E1,-1.755000114E0
4.166859080E1,2.346000195E0,9.864000320E0,-9.955950737E0
4.167103426E1,1.816050053E0,8.871000290E0,-8.280000687E0
4.167347764E1,6.520950317E0,1.118805027E1,-1.223505020E1
4.167592103E1,2.917950153E0,9.747000694E0,-5.890050411E0
4.167836441E1,2.614050150E0,1.023300076E1,7.005000114E-2
4.168080779E1,3.004050255E0,1.222800064E1,2.833050251E0
4.168325118E1,1.615050077E0,1.132995033E1,3.600000143E-1
4.168569456E1,5.809500217E-1,1.490400028E1,2.401950121E0
4.168813817E1,1.147950053E0,1.283595085E1,5.106000423E0
4.169058156E1,8.730000257E-1,7.429050446E0,-1.114050031E0
4.169302496E1,-5.239500403E-1,6.910050392E0,1.500000060E-2
4.169546834E1,3.495000303E-2,7.222950459E0,4.234050274E0
4.169791173E1,-7.050000131E-3,3.579000235E0,3.240000010E-1
4.170035511E1,-2.149500102E-1,2.962050200E0,-1.417950034E0
4.170279857E1,1.399950027E0,8.883000374E0,4.255949974E0
4.170524196E1,3.552000284E0,8.908950806E0,1.318050027E0
4.170768534E1,3.583050251E0,5.145000458E0,1.147950053E0
4.171012896E1,9.493050575E0,4.422000408E0,-2.980950117E0
4.171257234E1,3.391950130E0,7.072950363E0,-5.196000099E0
4.171501573E1,4.084050179E0,1.305795097E1,-4.416000366E0
4.171745911E1,3.552000284E0,4.587000370E0,-1.552500057E1
4.171990250E1,-2.179500163E-1,3.757050276E0,-1.354305077E1
4.172234588E1,1.441050053E0,7.348050117E0,-3.108000040E0
4.172478934E1,3.849000216E0,5.125950336E0,-1.380000114E0
4.172723273E1,1.759050131E0,4.579950333E0,-1.783950090E0
4.172967613E1,5.905950069E0,6.654000282E0,3.667050123E0
4.173211951E1,9.040050507E0,4.657050133E0,-1.878000140E0
4.173456290E1,2.358000040E0,5.851950169E0,-5.875950336E0
4.173700628E1,3.880050182E0,5.727000237E0,-1.319999993E-1
4.173944990E1,8.647050858E0,1.792950034E0,-4.573950291E0
4.174189328E1,2.665950060E0,6.204000473E0,-6.787950516E0
4.174433666E1,8.190000534E0,8.229000092E0,-2.419050217E0
4.174678005E1,7.524000168E0,4.939050198E0,-6.478950500E0
4.174922351E1,-2.049000025E0,7.812000275E0,-6.970050335E0
4.175166682E1,4.090500176E-1,7.495950222E0,-5.470950127E0
4.175411028E1,6.961950302E0,4.565999985E0,-9.433950424E0
4.175655366E1,9.280500412E-1,5.338950157E0,-9.111000061E0
4.175899705E1,2.767050028E0,5.836950302E0,-1.578000069E0
4.176144043E1,9.141000748E0,4.089000225E0,-3.405000210E0
4.176388405E1,-5.650500059E-1,7.225950241E0,-4.578000069E0
4.176632743E1,2.431950092E0,7.654050350E0,2.790000200E0
4.176877082E1,3.946950197E0,6.565050125E0,-1.405950069E0
4.177121420E1,7.990500331E-1,1.022400093E1,2.809050083E0
4.177365758E1,7.240050316E0,1.116000080E1,7.669500113E-1
4.177610098E1,6.744000435E0,9.880950928E0,-7.803000450E0
4.177854444E1,2.029950142E0,9.618000031E0,-4.164000034E0
4.178098783E1,3.483000278E0,1.001505089E1,-9.769500494E-1
4.178343122E1,3.231000185E0,8.713050842E0,-1.681050062E0
4.178587460E1,2.370000124E0,8.667000771E0,3.000000026E-3
4.178831822E1,5.839050293E0,1.100895023E1,-2.593050241E0
4.179076160E1,7.117050171E0,1.082895088E1,-6.673050404E0
4.179320499E1,1.876050115E0,1.051800060E1,-7.393950462E0
4.179564837E1,1.122000098E0,1.122405052E1,-3.867000103E0
4.179809176E1,1.441050053E0,1.081695080E1,-1.819950104E0
4.180053516E1,2.230950117E0,1.064700031E1,-6.450000405E-1
4.180297862E1,5.506050110E0,1.293105030E1,-1.387050033E0
4.180542200E1,4.134000301E0,9.582000732E0,-5.152950287E0
4.180786539E1,8.400000334E-1,6.010050297E0,-3.124950171E0
4.181030877E1,1.789950132E0,6.337950230E0,5.089499950E-1
4.181275216E1,2.476950169E0,8.875950813E0,-3.310500085E-1
4.181519554E1,1.065000057E0,3.096000195E0,-1.636050105E0
4.181763916E1,3.523950100E0,6.586950302E0,1.878000140E0
4.182008254E1,5.527950287E0,6.043050289E0,-3.546000242E0
4.182252593E1,1.630050063E0,5.851950169E0,-2.887950182E0
4.182496931E1,3.202950239E0,7.822050571E0,7.650000453E-1
4.182741277E1,3.550050259E0,6.939000130E0,-1.522950053E0
4.182985608E1,2.800950050E0,1.018005085E1,7.240500450E-1
4.183229954E1,8.395950317E0,1.038900089E1,-1.654950023E0
4.183474293E1,6.045000076E0,9.498000145E0,-8.469000816E0
4.183718632E1,8.800500631E-1,9.787950516E0,-6.072000504E0
4.183962993E1,4.210950375E0,8.667000771E0,-2.995950222E0
4.184207332E1,4.773000240E0,8.072999954E0,-6.556050301E0
4.184451670E1,7.729500532E-1,7.282950401E0,-4.150050163E0
4.184696008E1,6.910950184E0,7.039050102E0,-2.500050068E0
4.184940347E1,7.558050156E0,7.839000225E0,-8.482950211E0
4.185184685E1,2.518050194E0,7.960950375E0,-7.621050358E0
4.185429024E1,6.232050419E0,6.049950123E0,-5.722950459E0
4.185673370E1,6.583050251E0,6.828000546E0,-9.633000374E0
4.185917709E1,2.452950001E0,9.496050835E0,-6.529950142E0
4.186162048E1,7.122000217E0,1.130100060E1,-2.131050110E0
4.186406410E1,4.644000053E0,6.712950230E0,-6.118050098E0
4.186650748E1,-3.730500042E-1,9.775950432E0,-3.420000076E0
4.186895087E1,5.781000137E0,7.317000389E0,-6.090000272E-1
4.187139427E1,8.041950226E0,4.551000118E0,-4.960950375E0
4.187383765E1,1.828050137E0,5.715000153E0,-3.618000269E0
4.187628104E1,6.424950123E0,4.930050373E0,1.263000011E0
4.187872450E1,6.379950523E0,5.416050434E0,-1.207050085E0
4.188116788E1,1.363950014E0,7.243050575E0,2.173050165E0
4.188361125E1,1.972050071E0,6.864000320E0,3.754950285E0
4.188605464E1,3.913950205E0,6.345000267E0,-2.397000074E0
4.188849802E1,2.322000027E0,8.314949989E0,-4.071000099E0
4.189094141E1,7.749000549E0,1.004595089E1,-9.238050461E0
4.189338479E1,4.824000359E0,6.880950451E0,-1.296795082E1
4.189582840E1,-1.132050037E0,7.140000343E0,-7.609950542E0
4.189827179E1,1.728000045E0,7.798050404E0,6.599999964E-2
4.190071517E1,2.829000235E0,4.996950150E0,-1.972950101E0
4.190315856E1,1.309500039E-1,3.052950144E0,-2.431050062E0
4.190560202E1,3.172050238E0,4.432050228E0,9.229500294E-1
4.190804533E1,4.981950283E0,2.298000097E0,-4.486950397E0
4.191048879E1,-6.990000606E-1,4.554000378E0,-3.147000074E0
4.191293217E1,1.333050013E0,3.493050098E0,4.480950356E0
4.191537556E1,2.841000080E0,1.741050124E0,7.459500432E-1
4.191781917E1,1.182000041E0,6.562950134E0,1.369500011E-1
4.192026254E1,3.073050261E0,7.353000164E0,5.917050362E0
4.192270592E1,6.310950279E0,5.667000294E0,-2.203050137E0
4.192514931E1,1.374000072E0,6.582000256E0,-3.943950176E0
4.192759269E1,2.185050011E0,7.819950581E0,-1.843950033E0
4.193003608E1,4.624950409E0,4.243050098E0,-7.104000568E0
4.193247955E1,3.250500262E-1,3.654000282E0,-6.793050289E0
4.193492294E1,2.677950144E0,2.887050152E0,-3.961050272E0
4.193736632E1,5.880000114E0,1.294950008E0,-7.614000320E0
4.193980971E1,5.620500445E-1,2.179050207E0,-9.343050003E0
4.194225332E1,-4.039500058E-1,1.221000075E0,-7.023000240E0
4.194469648E1,3.729000092E0,1.905000024E-2,-2.517000198E0
4.194714009E1,7.320000529E-1,1.459950089E0,9.990000725E-1
4.194958348E1,-1.081950068E0,4.077000141E0,3.817050219E0
4.195202686E1,7.920000553E-1,5.005950451E0,3.685950279E0
4.195447025E1,2.140050173E0,7.282950401E0,5.467050076E0
4.195691371E1,3.861000299E0,9.595950127E0,2.029050112E0
4.195935709E1,7.588950157E0,1.366395092E1,2.875950098E0
4.196180048E1,4.423950195E0,9.220050812E0,-5.361000061E0
4.196424386E1,2.851050138E0,1.132005024E1,2.980500162E-1
4.196668725E1,6.745950222E0,1.900605011E1,3.868050098E0
4.196913062E1,4.050000191E0,1.446600056E1,-4.782000065E0
4.197157423E1,8.338050842E0,1.556505108E1,-5.481000423E0
4.197401762E1,1.090305042E1,1.774394989E1,-1.480005074E1
4.197646100E1,7.134000301E0,1.524705029E1,-1.343700027E1
4.197890439E1,3.636000156E0,1.468905067E1,-6.313950062E0
4.198134777E1,3.175950050E0,1.454505062E1,-7.855950356E0
4.198379115E1,2.008050203E0,1.168395042E1,-4.863000393E0
4.198623461E1,1.611000061E0,9.010050774E0,-5.155050278E0
4.198867800E1,4.426050186E0,9.499950409E0,-6.850500107E-1
4.199112137E1,7.137000561E0,1.163895035E1,-3.271050215E0
4.199356499E1,4.726050377E0,9.405000687E0,-4.365000248E0
4.199600837E1,2.341050148E0,4.863000393E0,-8.620500565E-1
4.199845176E1,4.279500246E-1,1.762695122E1,4.651050091E0
4.200089514E1,-1.048950076E0,1.618995094E1,8.769000053E0
4.200333853E1,-3.403950214E0,1.038195038E1,-3.669000149E0
4.200578191E1,-3.960000277E0,1.017300034E1,-2.835000038E0
4.200822530E1,-2.188050032E0,5.859000206E0,4.387050152E0
4.201066876E1,-4.297950268E0,1.195905018E1,6.952050209E0
4.201311214E1,-2.205000162E0,9.517050743E0,-1.231050014E0
4.201555553E1,-7.060500383E-1,1.232100105E1,2.737950087E0
4.201799891E1,1.843050122E0,1.350405025E1,2.860050201E0
4.202044253E1,3.508950233E0,9.840000153E0,1.612050056E0
4.202288568E1,5.829000473E0,1.171500015E1,5.163000107E0
4.202532930E1,6.157050133E0,9.151050568E0,4.311000347E0
4.202777268E1,5.961000443E0,8.430000305E0,1.732050061E0
4.203021607E1,9.840000153E0,1.249605083E1,5.733000278E0
4.203265952E1,1.873905182E1,1.144500065E1,-8.830950737E0
4.203510291E1,7.225050449E0,1.306305027E1,-2.706795120E1
4.203754630E1,3.955050230E0,1.622400093E1,-2.581305122E1
4.203998970E1,1.981950045E0,1.627395058E1,-1.495305061E1
4.204243308E1,2.899050236E0,1.468200111E1,8.580000401E-1
4.204487646E1,4.651050091E0,1.712400055E1,7.822950363E0
4.204732008E1,3.721950293E0,1.436295033E1,4.417950153E0
4.204976347E1,1.636950135E0,1.121505070E1,3.139950037E0
4.205220683E1,2.200050116E0,1.054905033E1,2.431050062E0
4.205465022E1,3.421050072E0,1.139700031E1,3.621000290E0
4.205709360E1,2.295000076E0,7.426950455E0,7.050000429E-1
4.205953698E1,2.322000027E0,7.269000530E0,2.476950169E0
4.206198037E1,7.444950581E0,9.663000107E0,-4.854000092E0
4.206442381E1,2.688000202E0,9.265950203E0,-1.365000057E1
4.206686720E1,7.729500532E-1,4.848000050E0,-9.360000610E0
4.206931059E1,2.470050097E0,8.980950356E0,-5.598000050E0
4.207175420E1,1.666050076E0,7.831950188E0,-3.610950232E0
4.207419758E1,1.303950071E0,4.966050148E0,5.083950043E0
4.207664098E1,1.996050119E0,1.022595024E1,5.152950287E0
4.207908436E1,2.827050209E0,9.346950531E0,2.412000179E0
4.208152774E1,8.560500145E-1,7.216050148E0,2.254050016E0
4.208397113E1,1.950000064E-3,9.213000298E0,-2.136000156E0
4.208641459E1,4.900500178E-1,1.024305058E1,3.223950148E0
4.208885798E1,1.776000142E0,9.067049980E0,1.501950026E0
4.209130136E1,1.522050023E0,7.024950504E0,-3.070500195E-1
4.209374498E1,3.744000196E0,1.010895061E1,-4.996950150E0
4.209618813E1,3.673950195E0,1.120005035E1,-9.391050339E0
4.209863175E1,5.790000558E-1,9.699000359E0,-7.504050255E0
4.210107514E1,3.937950134E0,9.466950417E0,-3.211050034E0
4.210351852E1,3.502050161E0,1.066605091E1,-4.449000359E0
4.210596191E1,1.399950027E0,8.611950874E0,-1.600050092E0
4.210840537E1,3.358050108E0,8.740950584E0,1.621950030E0
4.211084875E1,3.676950216E0,1.004205036E1,-2.388000011E0
4.211329214E1,1.101000071E0,6.084000111E0,-2.644050121E0
4.211573553E1,-1.441050053E0,6.223050117E0,2.127000093E0
4.211817891E1,-2.299500108E-1,7.120950222E0,1.828050137E0
4.212062230E1,6.000000238E-1,3.742050171E0,-2.979000092E0
4.212306591E1,2.190000117E-1,4.165950298E0,2.009999990E0
4.212550931E1,8.970000148E-1,4.810050011E0,4.038000107E0
4.212795270E1,2.463000059E0,4.686000347E0,3.430500031E-1
4.213039608E1,7.579500079E-1,2.563950062E0,6.300000101E-2
4.213283946E1,4.999500215E-1,4.705049992E0,3.738000154E0
4.213528285E1,2.125050068E0,8.445000648E0,3.111000061E0
4.213772630E1,2.710050106E0,8.239050865E0,-1.960950136E0
4.214016969E1,1.140000075E-1,1.010400009E1,-1.983000040E0
4.214261308E1,1.002000093E0,1.130595016E1,2.830950022E0
4.214505646E1,2.082000017E0,9.958050728E0,-9.820500612E-1
4.214749985E1,-2.340000123E-1,8.052000046E0,-1.212000012E0
4.214994347E1,4.231950283E0,6.577050209E0,4.239000320E0
4.215238686E1,7.165050507E0,9.453000069E0,-1.035600090E1
4.215483024E1,6.603000164E0,3.675000191E0,-1.399995041E1
4.215727363E1,8.844000816E0,7.027050495E0,-1.513200092E1
4.215971701E1,8.463000298E0,6.625050545E0,-1.380405045E1
4.216216050E1,3.445050240E0,6.850050449E0,-1.324095058E1
4.216460389E1,5.359950066E0,9.223050117E0,-9.802950859E0
4.216704727E1,8.592000008E0,8.218950272E0,-6.205950260E0
4.216949066E1,5.395950317E0,6.880950451E0,-5.919000149E0
4.217193430E1,5.106000423E0,9.936000824E0,2.017050028E0
4.217437746E1,7.843050480E0,6.298950195E0,3.777000189E0
4.217682107E1,7.714050293E0,7.051050186E0,5.059500337E-1
4.217926446E1,6.490050316E0,7.195050240E0,2.070000172E-1
4.218170784E1,1.245405102E1,7.614000320E0,-6.040950298E0
4.218415123E1,1.537995052E1,4.386000156E0,-1.456695080E1
4.218659468E1,6.349050522E0,3.670050144E0,-1.797000122E1
4.218903807E1,5.547000408E0,6.262950420E0,-1.948500061E1
4.219148146E1,1.116105080E1,7.051050186E0,-2.314800072E1
4.219392484E1,3.958950281E0,7.374000549E0,-1.679594994E1
4.219636826E1,1.603050113E0,9.001950264E0,-8.026050568E0
4.219881187E1,6.952050209E0,9.388050079E0,-7.200000435E-2
4.220125526E1,5.092050076E0,8.971050262E0,3.673950195E0
4.220369864E1,3.559050083E0,7.774050236E0,3.291000128E0
4.220614202E1,3.700950146E0,9.010050774E0,7.251000404E0
4.220858542E1,3.801000118E0,1.101405048E1,1.540050030E0
4.221102881E1,1.182000041E0,1.018500042E1,-1.392000079E0
4.221347227E1,-2.053950071E0,9.867000580E0,-5.940000415E-1
4.221591565E1,-1.099050045E0,1.288800049E1,1.725000024E0
4.221835904E1,1.990950108E0,1.369500065E1,1.393950105E0
4.222080242E1,1.536000013E0,1.012095070E1,-9.730500579E-1
4.222324580E1,8.950500488E-1,9.370950699E0,-5.460000038E-1
4.222568919E1,3.439950228E0,1.322400093E1,3.207000256E0
4.222813280E1,3.346050262E0,1.348695087E1,-1.954050064E0
4.223057619E1,1.764000058E0,1.107795048E1,6.070500016E-1
4.223301955E1,2.058000088E0,1.417395115E1,4.569000244E0
4.223546301E1,4.467000008E0,1.714800072E1,1.569000125E0
4.223790640E1,3.424950123E0,1.258200073E1,-2.380050182E0
4.224034978E1,3.624000072E0,1.218900013E1,3.460950136E0
4.224279317E1,4.536000252E0,1.431795025E1,-8.380500674E-1
4.224523657E1,2.274000168E0,1.014900017E1,-2.911950111E0
4.224767995E1,7.819500566E-1,7.575000286E0,2.428950071E0
4.225012356E1,6.636000156E0,1.283805084E1,2.428950071E0
4.225256695E1,8.491950035E0,7.959000587E0,-1.326000023E1
4.225501034E1,4.146000385E0,3.021000147E0,-1.231905079E1
4.225745374E1,4.120050430E0,5.983050346E0,-9.403050423E0
4.225989720E1,2.925000191E0,7.771950245E0,-3.688050270E0
4.226234051E1,2.233050108E0,7.225950241E0,2.908050060E0
4.226478397E1,1.213050008E0,9.546000481E0,1.453950047E0
4.226722736E1,1.042950034E0,1.273500061E1,3.523050070E0
4.226967074E1,1.917000055E0,9.984000206E0,2.845050097E0
4.227211412E1,1.156050086E0,8.059050560E0,6.310500503E-1
4.227455773E1,2.544000149E0,1.220595074E1,2.113049984E0
4.227700112E1,2.377050161E0,1.200000095E1,1.224000096E0
4.227944450E1,3.370500207E-1,8.952000618E0,-2.263050079E0
4.228188789E1,1.360500008E-1,7.978050232E0,3.535050154E0
4.228433128E1,8.080500364E-1,1.334295082E1,3.774000168E0
4.228677466E1,4.703999996E0,1.052805042E1,8.700000495E-2
4.228921812E1,7.299000263E0,6.333000183E0,-9.070050240E0
4.229166150E1,8.065950394E0,8.806050301E0,-1.742400169E1
4.229410489E1,8.800500631E-1,1.044900036E1,-1.362405109E1
4.229654827E1,7.489500642E-1,9.532050133E0,-4.626000404E0
4.229899166E1,5.227950096E0,1.224705029E1,-2.040000200E0
4.230143504E1,4.438050270E0,1.227300072E1,-3.646950245E0
4.230387865E1,1.797000051E0,9.811950684E0,1.560000062E0
4.230632204E1,1.134000063E0,1.377705097E1,5.497950077E0
4.230876542E1,7.990500331E-1,1.282095051E1,5.520000458E-1
4.231120888E1,-2.460000068E-1,1.318800068E1,-1.060500070E-1
4.231365227E1,1.543950081E0,1.000605011E1,-3.400500119E-1
4.231609564E1,4.635000229E0,1.155195045E1,-4.483050346E0
4.231853902E1,5.041950226E0,1.265100098E1,-9.429000854E0
4.232098241E1,2.596950054E0,1.084395027E1,-6.132000446E0
4.232342579E1,3.649950266E0,1.142805099E1,-2.419500053E-1
4.232586941E1,4.512000084E0,1.526100063E1,-8.359500170E-1
4.232831278E1,3.349050045E0,1.423395061E1,-6.469500065E-1
4.233075616E1,3.145050049E0,9.991050720E0,7.480500340E-1
4.233319962E1,7.159950256E0,1.004205036E1,-5.481000423E0
4.233564293E1,6.439950466E0,9.352050781E0,-1.415295029E1
4.233808639E1,2.989950180E0,6.964950562E0,-9.999000549E0
4.234052974E1,4.819050312E0,7.302000523E0,-6.501000404E0
4.234297313E1,4.837950230E0,8.737050056E0,-7.492050171E0
4.234541651E1,1.219950080E0,6.541050434E0,-3.762000084E0
4.234786013E1,-6.270000339E-1,6.709050179E0,2.400000095E0
4.235030328E1,4.183950424E0,6.570000172E0,2.296950102E0
4.235274687E1,6.502050400E0,2.638050079E0,-3.448050261E0
4.235519025E1,2.863050222E0,2.686050177E0,-1.486950040E0
4.235763364E1,5.977950096E0,3.328050137E0,2.802000046E0
4.236007702E1,6.196050167E0,3.880950212E0,-4.167000294E0
4.236252041E1,5.430000424E-1,4.456050396E0,-5.284950256E0
4.236496384E1,5.821950436E0,5.394000053E0,-9.060000181E-1
4.236740722E1,1.126395035E1,6.280050278E0,-5.656050205E0
4.236985061E1,3.018000126E0,7.161000252E0,-1.002105045E1
4.237229399E1,-2.370000184E-1,7.645050526E0,-1.030095005E1
4.237473738E1,7.948050499E0,7.942050457E0,-8.974050522E0
4.237718077E1,2.488950014E0,6.804000378E0,-9.526950836E0
4.237962439E1,-1.864950061E0,6.994050503E0,3.043950081E0
4.238206777E1,7.510500550E-1,4.372050285E0,5.553000450E0
4.238451116E1,9.148050308E0,6.796950340E0,1.533000112E0
4.238695462E1,7.560000420E0,7.987050533E0,-4.822950363E0
4.238939798E1,3.220050097E0,6.292050362E0,4.200000167E-1
4.239184136E1,4.249050140E0,9.108000755E0,-2.941050053E0
4.239428475E1,2.334000111E0,1.021605015E1,-4.405950069E0
4.239672813E1,6.960000396E-1,8.974050522E0,-4.390500188E-1
4.239917152E1,4.540500343E-1,9.661050797E0,1.543050051E0
4.240161513E1,2.939999998E-1,9.654000282E0,-3.670950174E0
4.240405852E1,7.170000076E-1,8.080950737E0,-4.429950237E0
4.240650190E1,-1.390500069E-1,5.866050243E0,-2.086050034E0
4.240894529E1,2.125050068E0,8.254950523E0,5.370000005E-1
4.241138867E1,2.286000013E0,9.649050713E0,-5.749500394E-1
4.241383213E1,1.267950058E0,7.362000465E0,-1.617000103E0
4.241627552E1,1.038000107E0,7.393050194E0,2.745000124E0
4.241871890E1,7.948050499E0,1.034100056E1,-1.123050094E0
4.242116229E1,4.387950420E0,7.036950111E0,-9.195000648E0
4.242360567E1,-9.000000544E-3,3.025950193E0,-5.341950417E0
4.242604929E1,4.219950199E0,6.352050304E0,-1.708050132E0
4.242849244E1,4.363950253E0,7.173000336E0,-2.770950079E0
4.243093605E1,5.070000291E-1,4.674000263E0,-2.490000129E-1
4.243337944E1,3.222000122E0,6.426000118E0,1.461000085E0
4.243582281E1,7.648950577E0,7.273950577E0,-3.841050148E0
4.243826627E1,3.181050062E0,6.309000492E0,-5.835000515E0
4.244070966E1,-1.669500023E-1,6.217950344E0,-1.906050086E0
4.244315304E1,1.812000036E0,8.794050217E0,9.949500561E-1
4.244559643E1,3.579000235E0,8.457000732E0,-1.614000082E0
4.244803979E1,3.559500277E-1,8.506950378E0,3.720000088E-1
4.245048318E1,1.606050134E0,7.342950344E0,3.259950161E0
4.245292679E1,6.580950260E0,9.136950493E0,-1.180950046E0
4.245537018E1,6.439950466E0,9.859950066E0,-7.509000301E0
4.245781356E1,1.471950054E0,8.896950722E0,-4.381950378E0
4.246025702E1,1.869000077E0,9.436050415E0,2.853000164E0
4.246270033E1,2.233050108E0,1.113105011E1,-2.683950186E0
4.246514379E1,1.098000050E0,1.078605080E1,-1.257000089E0
4.246758718E1,7.290000319E-1,7.461000443E0,2.971950054E0
4.247003056E1,3.787050247E0,8.866050720E0,-3.594000101E0
4.247247396E1,4.327950001E0,9.241950035E0,-7.768050194E0
4.247491757E1,9.619500637E-1,7.401000500E0,-5.617050171E0
4.247736096E1,3.661950111E0,7.561050415E0,-2.902050257E0
4.247980434E1,4.230000019E0,9.886050224E0,-3.469950199E0
4.248224772E1,1.600950122E0,6.655950546E0,-1.885050058E0
4.248469111E1,2.295000106E-2,5.518950462E0,2.608050108E0
4.248713449E1,1.801950097E0,7.930050373E0,5.059500337E-1
4.248957795E1,4.065000057E0,5.410950184E0,-6.289950371E0
4.249202134E1,1.140000075E-1,3.892950296E0,-3.810000181E0
4.249446472E1,1.048050046E0,5.478000164E0,1.864050031E0
4.249690811E1,5.556000233E0,5.218950272E0,-1.963950038E0
4.249935150E1,3.046950102E0,6.496050358E0,-2.517000198E0
4.250179488E1,2.428950071E0,8.380050659E0,2.158050060E0
4.250423850E1,8.524950027E0,8.368050575E0,-2.866050243E0
4.250668188E1,5.959050179E0,9.867000580E0,-7.285950184E0
4.250912525E1,7.920000553E-1,1.007700062E1,-3.858000278E0
4.251156864E1,2.827050209E0,9.868950844E0,-1.365000010E0
4.251401210E1,6.499950409E0,9.679950714E0,-5.911950111E0
4.251645548E1,5.386050224E0,9.864000320E0,-6.616050243E0
4.251889887E1,6.628950119E0,8.344050407E0,-5.455050468E0
4.252134227E1,1.023705006E1,8.406000137E0,-7.863000393E0
4.252378565E1,1.008405018E1,9.651000023E0,-1.126095009E1
4.252622927E1,1.074000001E0,9.069000244E0,-8.071949959E0
4.252867265E1,2.158950090E0,9.412050247E0,-1.200000048E0
4.253111606E1,5.647050381E0,1.125795078E1,-1.152000070E0
4.253355944E1,2.638050079E0,9.931050301E0,-2.392050028E0
4.253600283E1,2.134950161E0,8.398950577E0,-1.714950085E0
4.253844621E1,6.646050453E0,8.308050156E0,-3.333000183E0
4.254088967E1,4.374000072E0,1.003005028E1,-5.704050064E0
4.254333306E1,1.720500141E-1,9.117000580E0,-1.849050045E0
4.254577644E1,7.080000043E-1,9.934050560E0,5.944050312E0
4.254822006E1,1.444950104E0,1.138995075E1,3.445950270E0
4.255066344E1,6.340500116E-1,1.285695076E1,-1.528050065E0
4.255310683E1,1.078950047E0,1.014495087E1,-6.795000285E-2
4.255555021E1,9.900000691E-1,1.054005051E1,2.647050142E0
4.255799360E1,2.026950121E0,1.452105045E1,1.332000017E0
4.256043698E1,3.564000130E0,1.346295071E1,-1.758000135E0
4.256288044E1,2.167950153E0,7.831950188E0,5.950500369E-1
4.256532383E1,1.893000126E0,1.308495045E1,-2.458950043E0
4.256776721E1,3.475950241E0,1.437300110E1,-2.610000074E-1
4.257021059E1,2.005950212E0,8.605050087E0,-1.738950133E0
4.257265398E1,2.295000106E-2,6.069000244E0,-8.650500178E-1
4.257509736E1,1.168050051E0,9.735000610E0,-2.419500053E-1
4.257754098E1,2.701950073E0,1.088400078E1,3.430500031E-1
4.257998436E1,9.660000205E-1,2.836950064E0,-1.332000017E0
4.258242774E1,-4.399500191E-1,6.478950500E0,-2.932950258E0
4.258487113E1,-2.494950056E0,1.164795017E1,1.300950050E0
4.258731459E1,-7.090500593E-1,1.717050076E0,1.561950088E0
4.258975790E1,-1.585050106E0,8.671950340E0,4.612050056E0
4.259220134E1,6.445050240E0,9.486000061E0,1.243950009E0
4.259464473E1,1.284495068E1,4.591950417E0,-8.533950806E0
4.259708811E1,3.753000259E0,5.272050381E0,-8.527050018E0
4.259953173E1,5.166000366E0,7.693050385E0,-7.162050247E0
4.260197511E1,9.265050888E0,7.783950329E0,-6.427050114E0
4.260441850E1,2.745000124E0,7.293000221E0,-4.195050240E0
4.260686189E1,2.656950235E0,8.008950233E0,-9.409500360E-1
4.260930527E1,9.499950409E0,7.006050110E0,-2.143050194E0
4.261174873E1,7.696950436E0,6.795000553E0,-8.352000237E0
4.261419212E1,5.910000205E-1,6.724950314E0,-8.256000519E0
4.261663550E1,9.430500269E-1,6.000000477E0,-5.263050079E0
4.261907889E1,6.538050175E0,6.211050510E0,-7.015950203E0
4.262152250E1,2.194950104E0,6.163050175E0,-2.449950218E0
4.262396589E1,-1.411950111E0,5.368050098E0,2.065050125E0
4.262640927E1,2.614050150E0,5.614950180E0,3.154050112E0
4.262885267E1,7.764000416E0,7.494000435E0,-3.859950066E0
4.263129606E1,1.242000103E0,6.517050266E0,-4.834950447E0
4.263373952E1,-1.705050111E0,6.940950394E0,3.240000248E0
4.263618290E1,1.708950043E0,8.035050392E0,3.139950037E0
4.263862629E1,3.391950130E0,1.015605068E1,-2.521950006E0
4.264106968E1,7.920000553E-1,8.503950119E0,-2.127000093E0
4.264351306E1,2.395950079E0,7.585050583E0,-8.670000434E-1
4.264595644E1,6.069000244E0,8.725049973E0,-6.319050312E0
4.264840006E1,5.443950176E0,7.908000469E0,-6.478950500E0
4.265084344E1,3.457050085E0,7.765050411E0,-3.520500064E-1
4.265328683E1,5.212050438E0,9.751950264E0,-1.420050025E0
4.265573022E1,6.547950268E0,1.279995060E1,-4.353000164E0
4.265817360E1,3.105000257E0,1.026900005E1,-4.935000420E0
4.266061706E1,9.739500284E-1,8.974050522E0,-2.482950211E0
4.266306043E1,5.997000217E0,1.228995037E1,-4.873050213E0
4.266550382E1,3.700950146E0,1.118805027E1,-7.420050144E0
4.266794720E1,4.009500146E-1,8.272050858E0,1.710000038E-1
4.267039081E1,1.141050100E0,8.461050034E0,3.612000227E0
4.267283397E1,2.877000093E0,1.281705093E1,3.003000259E0
4.267527759E1,1.897950053E0,1.000095081E1,-2.380050182E0
4.267772097E1,1.828050137E0,7.717050552E0,-4.252950191E0
4.268016436E1,5.998950481E0,1.131300068E1,-8.581950188E0
4.268260774E1,3.508950233E0,1.124805069E1,-6.781050205E0
4.268505120E1,1.033950090E0,9.022050858E0,6.640500426E-1
4.268749458E1,1.323000073E0,9.939000130E0,4.135950089E0
4.268993797E1,2.323950052E0,1.229895020E1,3.504000187E0
4.269238136E1,2.245050192E0,1.041300011E1,1.900500059E-1
4.269482474E1,1.771050096E0,7.786050320E0,-4.750500321E-1
4.269726812E1,2.080049992E0,9.016950607E0,2.800050020E0
4.269971174E1,4.314000130E0,1.476300049E1,2.596050024E0
4.270215512E1,3.301050186E0,1.152600098E1,-1.705050111E0
4.270459851E1,1.993950129E0,8.361000061E0,-6.160500050E-1
4.270704197E1,3.664950132E0,1.454505062E1,2.304000139E0
4.270948536E1,6.255000114E0,1.100895023E1,-5.020950317E0
4.271192872E1,2.197050095E0,7.053000450E0,-9.274050713E0
4.271437211E1,4.338000298E0,6.244050503E0,-8.452050209E0
4.271681549E1,7.584000587E0,8.860950470E0,-1.013805008E1
4.271925888E1,3.631050110E0,6.280050278E0,-1.178505039E1
4.272170249E1,3.870000243E-1,2.215050220E0,-3.841050148E0
4.272414588E1,3.523950100E0,8.204999924E0,3.274050236E0
4.272658927E1,4.249500334E-1,1.252200031E1,3.228000164E0
4.272903265E1,-7.009500265E-1,4.052999973E0,1.845000029E0
4.273147604E1,-2.410950184E0,5.989950180E0,2.745000124E0
4.273391950E1,1.366050124E0,5.968950272E0,5.119950294E0
4.273636288E1,7.861950397E0,5.776950359E0,-3.642000198E0
4.273880627E1,4.074000359E0,2.928000212E0,-9.472050667E0
4.274124965E1,3.781950235E0,3.550950050E0,-8.596050262E0
4.274369327E1,7.599000454E0,4.453050137E0,-9.775950432E0
4.274613642E1,1.954950094E0,4.513050079E0,-7.990050316E0
4.274858004E1,1.468950033E0,4.105950356E0,-3.412050247E0
4.275102342E1,7.611000538E0,4.747950077E0,-9.750000238E-1
4.275346681E1,9.427950859E0,5.113950253E0,-4.126049995E0
4.275591027E1,1.831050038E0,5.715000153E0,-5.392050266E0
4.275835365E1,2.029950142E0,6.745050430E0,4.450050354E0
4.276079703E1,4.848000050E0,7.422000408E0,-1.319999993E-1
4.276324041E1,6.925950527E0,1.110705090E1,-3.003000259E0
4.276568380E1,4.560000420E0,1.130295086E1,-1.411050081E0
4.276812718E1,4.443000317E0,1.043205070E1,-3.400500119E-1
4.277057080E1,6.684000492E0,1.352295017E1,-8.047950745E0
4.277301418E1,4.558050156E0,1.488300037E1,-1.022400093E1
4.277545757E1,1.399950027E0,1.338600063E1,-3.180000067E0
4.277790095E1,1.053000093E0,1.372905064E1,6.139500141E-1
4.278034441E1,2.295000076E0,1.682895088E1,3.150000274E-1
4.278278780E1,2.920050144E0,1.312800026E1,-6.795000285E-2
4.278523120E1,2.704950094E0,1.105395031E1,2.497950077E0
4.278767458E1,4.132050037E0,1.303395081E1,-7.035000324E0
4.279011797E1,4.534049988E0,1.258200073E1,-9.742950439E0
4.279256158E1,8.370000124E-1,9.843000412E0,-6.882000446E0
4.279500474E1,2.034000158E0,9.892950058E0,-5.779500008E-1
4.279744834E1,3.849000216E0,1.327095032E1,6.550500393E-1
4.279989173E1,2.868000031E0,1.105905056E1,-3.259500265E-1
4.280233512E1,1.074000001E0,4.414950371E0,-1.023000002E0
4.280477850E1,9.210000634E-1,5.173950195E0,-3.520500064E-1
4.280722196E1,1.728000045E0,1.258695030E1,-1.198050022E0
4.280966536E1,-1.530000120E-1,2.254950047E0,-2.128950119E0
4.281210875E1,5.670000315E-1,9.300000221E-2,4.593000412E0
4.281455213E1,2.632950068E0,9.535950661E0,3.718950272E0
4.281699552E1,4.371000290E0,1.090095043E1,-9.580500722E-1
4.281943913E1,2.176050186E0,8.215050697E0,1.071000099E0
4.282188250E1,2.290950060E0,1.053195095E1,6.219000340E0
4.282432589E1,2.202000141E0,1.357995033E1,1.657950044E0
4.282676935E1,2.947050095E0,1.481805038E1,-2.883000135E0
4.282921274E1,2.452950001E0,9.217950821E0,1.888050079E0
4.283165612E1,2.155950069E0,7.405050278E0,3.955950260E0
4.283409951E1,4.848000050E0,1.058295059E1,-5.064000130E0
4.283654289E1,6.210000515E0,1.009695053E1,-1.234995079E1
4.283898628E1,2.725950241E0,6.655950546E0,-1.205295086E1
4.284142989E1,3.490050077E0,8.370000839E0,-7.911000252E0
4.284387328E1,4.912050247E0,1.141095066E1,-6.100950241E0
4.284631666E1,2.917950153E0,8.233950615E0,-3.955950260E0
4.284876005E1,2.158950090E0,6.283050060E0,6.739500165E-1
4.285120343E1,1.186950088E0,1.259100056E1,-1.020000100E0
4.285364682E1,-1.336050034E0,8.212050438E0,-1.327050090E0
4.285609028E1,-8.449500203E-1,3.553050280E0,2.710500062E-1
4.285853366E1,1.050000042E-1,6.735000134E0,1.450500041E-1
4.286097705E1,4.761000156E0,5.289000034E0,-2.586000204E0
4.286342043E1,5.410050392E0,3.658050060E0,-1.879950047E0
4.286586404E1,3.001950026E0,4.699950218E0,-1.375050068E0
4.286830744E1,9.708000183E0,3.498000145E0,-4.332000256E0
4.287075083E1,7.062000275E0,6.334950447E0,-8.020950317E0
4.287319421E1,-1.537050128E0,7.021950245E0,-4.485000134E0
4.287563767E1,1.885950089E0,7.489050388E0,3.741000175E0
4.287808106E1,9.358050346E0,9.715950012E0,-1.569000125E0
4.288052444E1,9.279000282E0,1.246905041E1,-8.236949921E0
4.288296783E1,4.735050201E0,1.055205059E1,-4.068000317E0
4.288541121E1,2.491950035E0,1.144005013E1,-4.819500148E-1
4.288785460E1,4.153050423E0,1.439895058E1,-4.180950165E0
4.289029821E1,2.997000217E0,1.508595085E1,-3.997050285E0
4.289274160E1,1.861950040E0,1.046295071E1,-6.537000179E0
4.289518498E1,3.937950134E0,1.080495071E1,-2.785050154E0
4.289762837E1,5.962950230E0,1.223205090E1,-8.280000687E0
4.290007175E1,2.020050049E0,9.963000298E0,-4.657050133E0
4.290251521E1,9.690000415E-1,1.064295006E1,3.390000165E-1
4.290495862E1,4.783050060E0,1.501005077E1,2.608050108E0
4.290740200E1,5.439000130E0,1.539300060E1,-5.580000281E-1
4.290984539E1,2.659050226E0,1.063995075E1,-3.385950089E0
4.291228900E1,3.648000240E0,1.089900017E1,-1.921050072E0
4.291473239E1,6.595050335E0,1.410195065E1,-5.131050110E0
4.291717577E1,4.381050110E0,1.071705055E1,-8.140950203E0
4.291961916E1,1.606050134E0,6.304050446E0,-4.540050030E0
4.292206254E1,2.358000040E0,8.374950409E0,1.167000055E0
4.292450600E1,3.691050291E0,1.003695011E1,2.163000107E0
4.292694939E1,3.385050058E0,9.096000671E0,1.738950133E0
4.292939277E1,3.732000113E0,6.654000282E0,1.596000075E0
4.293183616E1,5.203950405E0,8.203050613E0,3.840000033E-1
4.293427954E1,2.520000219E0,9.309000015E0,-5.553000450E0
4.293672316E1,-8.805000782E-2,7.117950439E0,-5.461950302E0
4.293916654E1,4.300500154E-1,7.003050327E0,8.530500531E-1
4.294160993E1,0.000000000E0,1.332705021E1,3.745950222E0
4.294405331E1,3.180000186E-1,9.340050697E0,-1.807950139E0
4.294649670E1,-4.999500215E-1,7.674000263E0,-1.131000042E0
4.294894016E1,-1.549050093E0,8.433000565E0,1.171950102E0
4.295138346E1,-3.760500252E-1,1.138695049E1,6.795000285E-2
4.295382692E1,1.761000037E0,8.490000725E0,-1.609500051E-1
4.295627031E1,9.450000525E-1,4.183050156E0,-2.350500077E-1
4.295871392E1,3.769500256E-1,6.151050091E0,3.979500234E-1
4.296115731E1,2.358000040E0,1.065195084E1,2.086050034E0
4.296360069E1,4.006950378E0,5.308050156E0,-6.829500198E-1
4.296604408E1,4.009950161E0,2.185950041E0,-6.168000221E0
4.296848746E1,1.076205063E1,7.234950542E0,-8.515049934E0
4.297093085E1,7.168050289E0,8.647950172E0,-1.419105053E1
4.297337430E1,1.054949999E0,4.597050190E0,-1.148100090E1
4.297581768E1,3.299999982E-2,7.999050617E0,-1.474950075E0
4.297826107E1,3.487950087E0,9.192000389E0,1.816050053E0
4.298070468E1,4.546050072E0,7.350000381E0,-2.239050150E0
4.298314784E1,2.587050200E0,7.213950157E0,-1.999950051E0
4.298559145E1,1.073295021E1,5.461050034E0,-3.489000082E0
4.298803484E1,1.477200031E1,8.320050240E0,-9.847950935E0
4.299047822E1,4.828050137E0,7.125000477E0,-1.236000061E1
4.299292160E1,2.311950207E0,6.639000416E0,-8.986050606E0
4.299536506E1,9.256050110E0,7.477050304E0,-3.891000271E0
4.299780845E1,6.049950123E0,9.426000595E0,-3.216000080E0
4.300025183E1,2.458050013E0,9.430950165E0,3.145050049E0
4.300269522E1,4.432950020E0,7.173000336E0,3.798000097E0
4.300513860E1,8.863050461E0,1.012995052E1,-4.771950245E0
4.300758221E1,7.536000252E0,1.332405090E1,-7.495050430E0
4.301002560E1,2.890950203E0,1.228500080E1,-3.963000298E0
4.301246899E1,9.019500613E-1,1.276905060E1,-6.330000162E-1
4.301491237E1,1.350000024E0,1.674600029E1,7.960500121E-1
4.301735576E1,2.761950016E0,1.569405079E1,-3.691950083E0
4.301979914E1,2.805000171E-2,9.061950684E0,-1.963950038E0
4.302224260E1,8.110500574E-1,4.756950378E0,-9.370500445E-1
4.302468598E1,2.941950083E0,1.037400055E1,-4.048950195E0
4.302712936E1,3.265050173E0,6.217950344E0,-7.839000225E0
4.302957275E1,5.089499950E-1,2.041949987E0,-3.127050161E0
4.303201636E1,5.359500051E-1,9.164999962E0,1.330500096E-1
4.303445975E1,8.400000334E-1,9.985950470E0,-8.220000267E-1
4.303690314E1,1.384950042E0,6.601050377E0,-1.483050108E0
4.303934652E1,-8.430000544E-1,1.040295029E1,2.376000166E0
4.304178998E1,1.048050046E0,8.944950104E0,2.593950033E0
4.304423337E1,3.696000099E0,7.465050220E0,-2.700000070E-2
4.304667675E1,2.827050209E0,3.931050301E0,3.283050060E0
4.304912014E1,3.064050198E0,6.180000305E0,1.770000100E0
4.305156352E1,5.106000423E0,8.442000389E0,4.141050339E0
4.305400714E1,3.697950125E0,6.436050415E0,-3.112950087E0
4.305645052E1,6.100500226E-1,5.026050091E0,-2.967000246E0
4.305889391E1,2.530050039E0,6.775950432E0,-3.487050056E0
4.306133728E1,4.618050098E0,1.029495049E1,-6.903000355E0
4.306378074E1,1.090950012E0,7.815000534E0,-7.507050514E0
4.306622405E1,4.905000329E-2,3.706050158E0,-5.490000248E-1
4.306866751E1,2.190000057E0,8.646000862E0,2.644050121E0
4.307111089E1,2.563050032E0,1.405200100E1,3.409500122E-1
4.307355427E1,2.841000080E0,9.453000069E0,-1.750500053E-1
4.307599766E1,3.568950176E0,6.634050369E0,-2.899500132E-1
4.307844127E1,8.983050346E0,1.092495060E1,-1.851000071E0
4.308088466E1,7.105050564E0,1.054905033E1,-6.288000107E0
4.308332804E1,1.711050034E0,7.285950184E0,-7.234050274E0
4.308577142E1,3.184050083E0,7.731000423E0,-3.702000141E0
4.308821481E1,8.158950806E0,9.840000153E0,-5.608050346E0
4.309065827E1,2.427000046E0,7.461000443E0,-6.790950298E0
4.309310165E1,1.204050064E0,7.008000374E0,-3.208950043E0
4.309554504E1,7.381050587E0,7.705050468E0,-3.151050091E0
4.309798842E1,8.719050407E0,9.760950089E0,-1.054695034E1
4.310043181E1,2.058000088E0,7.669050217E0,-9.096000671E0
4.310287519E1,-1.609050035E0,7.240050316E0,-1.162050009E0
4.310531880E1,1.759050131E0,9.072000504E0,2.875950098E0
4.310776219E1,5.395950317E0,8.938050270E0,-1.696050048E0
4.311020564E1,2.950950146E0,8.217000008E0,-2.185950041E0
4.311264903E1,7.939050198E0,7.822050571E0,-3.420000076E0
4.311509242E1,1.202805042E1,8.871000290E0,-8.938050270E0
4.311753580E1,1.797000051E0,9.382950783E0,-9.934050560E0
4.311997919E1,1.210500076E-1,8.104949951E0,-1.333950043E0
4.312242257E1,2.797950029E0,8.227050781E0,2.686950207E0
4.312486618E1,6.265050411E0,1.020405006E1,-1.605000019E0
4.312730957E1,5.905950069E0,8.566950798E0,-4.264950275E0
4.312975296E1,4.462050438E0,7.032000542E0,-3.217950106E0
4.313219634E1,6.877950191E0,9.318000793E0,-4.222050190E0
4.313463972E1,7.170000553E0,1.090095043E1,-8.017050743E0
4.313708318E1,1.267950058E0,8.734050751E0,-6.031950474E0
4.313952657E1,1.360500008E-1,6.844950199E0,3.700500131E-1
4.314196996E1,1.953000069E0,1.006305027E1,2.278050184E0
4.314441334E1,2.005950212E0,1.145400047E1,-5.820000172E-1
4.314685695E1,1.153050065E0,6.286950111E0,-8.029500246E-1
4.314930034E1,3.366000175E0,8.337000847E0,-1.498950124E0
4.315174372E1,5.968050480E0,1.020000076E1,-3.901050091E0
4.315418711E1,2.619000196E0,9.627000809E0,-4.830000401E0
4.315663051E1,9.160500169E-1,8.855999947E0,2.247000217E0
4.315907397E1,-4.950000439E-3,1.038600063E1,3.849000216E0
4.316151736E1,4.050000105E-3,1.263900089E1,4.129500091E-1
4.316396074E1,1.371000051E0,1.064700031E1,7.290000319E-1
4.316640412E1,1.407000065E0,8.418000221E0,1.765950084E0
4.316884750E1,8.800500631E-1,9.637050629E0,5.920500159E-1
4.317129089E1,2.104050159E0,1.349700069E1,-1.780500114E-1
4.317373450E1,3.082950115E0,9.819000244E0,-2.610000074E-1
4.317617789E1,1.156050086E0,6.061950207E0,-6.040500402E-1
4.317862127E1,3.652950287E0,9.433050156E0,-2.377950191E0
4.318106468E1,4.101000309E0,1.049595070E1,-7.236000538E0
4.318350806E1,2.094000101E0,7.140000343E0,-9.135000229E0
4.318595152E1,1.813950062E0,6.274950504E0,-6.252000332E0
4.318839491E1,5.479950428E0,8.779950142E0,-5.730000496E0
4.319083829E1,3.808050156E0,7.113000393E0,-7.468050480E0
4.319328190E1,-1.360500008E-1,3.289950132E0,-3.601050138E0
4.319572528E1,-5.599500537E-1,6.273000240E0,-2.329500169E-1
4.319816867E1,2.664000034E0,3.948000193E0,-4.108950138E0
4.320061205E1,2.170950174E0,2.037000179E0,-8.070000410E-1
4.320305544E1,2.275950193E0,2.503950119E0,3.577950239E0
4.320549889E1,8.001000404E0,3.120000124E0,2.929500043E-1
4.320794228E1,7.669950485E0,3.541050196E0,-5.682000160E0
4.321038566E1,6.529500484E-1,3.973950148E0,-3.283050060E0
4.321282905E1,3.580950260E0,4.522950172E0,-2.730000019E-1
4.321527266E1,9.283950806E0,5.689050198E0,-4.734000206E0
4.321771582E1,6.286950111E0,6.418950081E0,-7.312950134E0
4.322015943E1,2.179949999E0,4.522950172E0,-9.654000282E0
4.322260282E1,7.591050148E0,4.686000347E0,-1.119600010E1
4.322504620E1,1.289505100E1,4.872000217E0,-1.122705078E1
4.322748966E1,3.868050098E0,5.611950397E0,-9.823950768E0
4.322993305E1,2.326050043E0,7.618950367E0,-6.187050343E0
4.323237643E1,4.066950321E0,9.760950089E0,-2.548050165E0
4.323481982E1,2.688000202E0,1.339095020E1,7.753950596E0
4.323726320E1,4.359000206E0,1.087995052E1,1.855950117E0
4.323970681E1,3.958950281E0,1.145400047E1,1.042050004E0
4.324215022E1,2.223000050E0,1.450200081E1,1.039500013E-1
4.324459360E1,2.383949995E0,1.381500053E1,5.350500345E-1
4.324703698E1,1.366050124E0,8.121000290E0,3.340500295E-1
4.324948037E1,6.529500484E-1,5.959050179E0,-2.335050106E0
4.325192375E1,7.219500542E-1,1.497600079E1,-3.880500197E-1
4.325436721E1,2.089050055E0,1.331505108E1,-5.700000525E-1
4.325681060E1,4.639500082E-1,4.957950115E0,-7.309500575E-1
4.325925398E1,-6.000000238E-2,7.888950348E0,-1.032000065E0
4.326169737E1,2.295000076E0,1.438005066E1,3.348000050E0
4.326414076E1,3.318000078E0,7.159050465E0,-3.127050161E0
4.326658437E1,1.020000055E-1,3.591000080E0,-6.883950233E0
4.326902776E1,3.451950073E0,5.863950253E0,-6.831000328E0
4.327147114E1,1.354050040E0,4.369050026E0,-9.532050133E0
4.327391460E1,-3.660000265E-1,9.739500284E-1,-5.754000187E0
4.327635799E1,9.495000541E-2,1.915050149E0,-1.560000032E-1
4.327880138E1,1.267950058E0,4.918050289E0,2.404950142E0
4.328124476E1,3.187950134E0,3.663000107E0,4.609950066E0
4.328368815E1,4.575000286E0,8.164050102E0,3.769500256E-1
4.328613153E1,4.975050449E0,7.279050350E0,3.336000204E0
4.328857514E1,4.771050453E0,8.899050713E0,3.286050081E0
4.329101853E1,2.544000149E0,8.782050133E0,9.589500427E-1
4.329346192E1,2.009999990E0,7.579950333E0,-1.188000083E0
4.329590530E1,7.117050171E0,9.603000641E0,-7.614000320E0
4.329834876E1,9.166950226E0,1.052805042E1,-1.094205093E1
4.330079216E1,6.816000462E0,9.916950226E0,-9.976950645E0
4.330323555E1,3.138000250E0,1.160505009E1,-2.608050108E0
4.330567893E1,3.619050264E0,1.383600044E1,-3.475050211E0
4.330812255E1,2.889000177E0,1.235400105E1,-6.915000439E0
4.331056570E1,5.860500336E-1,1.035300064E1,-1.936950088E0
4.331300932E1,1.894950032E0,1.042200089E1,2.040000111E-1
4.331545270E1,5.626050472E0,1.218900013E1,-2.965050220E0
4.331789609E1,1.927050114E0,9.943050385E0,-4.080000401E0
4.332033955E1,9.090000391E-1,8.071050644E0,7.950000465E-3
4.332278293E1,4.239000320E0,9.055050850E0,-3.118050098E0
4.332522632E1,5.173050404E0,1.168605042E1,-6.855000496E0
4.332766971E1,1.824000120E0,8.657999992E0,-6.775950432E0
4.333011309E1,1.528950095E0,6.934050560E0,-4.561950207E0
4.333255648E1,2.686050177E0,1.218195057E1,-5.704050064E0
4.333500009E1,1.453050017E0,7.470000267E0,-6.316950321E0
4.333744348E1,-7.830000520E-1,4.213950157E0,2.190000117E-1
4.333988686E1,7.605000585E-2,5.157000065E0,5.641950130E0
4.334233024E1,5.584950447E0,4.935000420E0,4.264950275E0
4.334477363E1,5.479950428E0,5.169000149E0,-3.840000033E-1
4.334721709E1,4.498050213E0,5.746050358E0,2.287050009E0
4.334966048E1,5.926950455E0,8.980950356E0,-1.729050040E0
4.335210386E1,6.286950111E0,1.177305031E1,-7.717050552E0
4.335454747E1,1.002000093E0,1.065195084E1,-5.887950420E0
4.335699086E1,1.065000057E0,8.389050484E0,1.509000063E0
4.335943424E1,1.912050128E0,1.493505096E1,2.203950167E0
4.336187763E1,2.415000200E0,1.242105103E1,-6.799500585E-1
4.336432101E1,7.170000076E-1,9.064949989E0,5.400000140E-2
4.336676447E1,5.539950371E0,9.292050362E0,1.057050109E0
4.336920786E1,7.093050480E0,1.391595078E1,-1.354005051E1
4.337165123E1,6.502050400E0,1.025700092E1,-1.635795021E1
4.337409462E1,1.942950130E0,1.102095032E1,-1.071495056E1
4.337653823E1,4.330049992E0,1.249605083E1,-2.323050022E0
4.337898138E1,3.568950176E0,1.146600056E1,-2.227050066E0
4.338142500E1,2.134950161E0,8.479949951E0,-1.350000054E-1
4.338386838E1,3.853950262E0,8.365950584E0,1.381950021E0
4.338631177E1,9.082950592E0,9.112950325E0,-3.963000298E0
4.338875515E1,7.318950176E0,6.742050171E0,-8.304000854E0
4.339119861E1,1.086000085E0,7.389000416E0,-4.437000275E0
4.339364200E1,-7.830000520E-1,6.334950447E0,4.390500188E-1
4.339608538E1,9.430500269E-1,8.866050720E0,3.025050163E0
4.339852877E1,2.509500086E-1,5.968950272E0,1.165050030E0
4.340097238E1,3.157050133E0,4.755000114E0,3.946950197E0
4.340341577E1,8.290950775E0,5.409000397E0,5.250000358E-1
4.340585915E1,6.697950363E0,5.872950077E0,-7.447050571E0
4.340830255E1,-7.440000176E-1,5.325000286E0,-5.218050480E0
4.341074594E1,-1.329000115E0,7.342950344E0,9.109500647E-1
4.341318940E1,6.310500503E-1,8.822999954E0,-6.795000285E-2
4.341563278E1,9.000000358E-2,8.980950356E0,4.060500264E-1
4.341807617E1,-7.800000310E-1,6.007050514E0,-7.950000465E-3
4.342051978E1,2.580000162E-1,6.273000240E0,1.252950072E0
4.342296316E1,1.246950030E0,9.019050598E0,6.160500050E-1
4.342540655E1,4.029000282E0,6.951000214E0,5.805000290E-2
4.342784993E1,9.310500622E-1,2.598000050E0,-1.995000124E0
4.343029332E1,5.200050354E0,6.109950066E0,-2.917050123E0
4.343273670E1,7.270950317E0,1.047495079E1,-5.584050179E0
4.343518016E1,3.109050035E0,1.036500072E1,-4.605000019E0
4.343762355E1,6.889500618E-1,1.061595058E1,-7.039500475E-1
4.344006693E1,5.110950470E0,1.447095108E1,1.830000132E-1
4.344251032E1,3.199950218E0,1.265100098E1,-3.087000132E0
4.344495371E1,9.780000448E-1,1.001505089E1,-2.731950045E0
4.344739732E1,7.048050404E0,1.012305069E1,-2.887950182E0
4.344984071E1,9.861000061E0,9.912000656E0,-7.738950253E0
4.345228409E1,2.740950108E0,8.575950623E0,-7.918050289E0
4.345472748E1,2.728950024E0,8.650050163E0,-2.743950129E0
4.345717086E1,1.032300091E1,1.020000076E1,-3.226050138E0
4.345961432E1,9.126000404E0,1.154295063E1,-8.457000732E0
4.346205771E1,1.246950030E0,1.116705036E1,-7.320000172E0
4.346450109E1,1.648950100E0,1.086495018E1,-2.574000120E0
4.346694448E1,5.734050274E0,1.109700012E1,-1.909050107E0
4.346938808E1,2.431950092E0,8.871000290E0,-3.111000061E0
4.347183124E1,1.345050097E0,4.506000042E0,-3.325950146E0
4.347427485E1,2.973000050E0,6.091050148E0,-3.637050152E0
4.347671824E1,3.093000174E0,8.133000374E0,-6.927000523E0
4.347916162E1,1.278000116E0,3.855000257E0,-5.620050430E0
4.348160510E1,-1.000950098E0,4.032000065E0,2.260950089E0
4.348404848E1,-5.700000525E-1,7.621050358E0,5.527050495E0
4.348649187E1,7.339500189E-1,6.192000389E0,1.204950094E0
4.348893526E1,1.327950120E0,4.755000114E0,8.650500178E-1
4.349137862E1,7.579500079E-1,6.259050369E0,3.480000257E0
4.349382224E1,3.145050049E0,6.850050449E0,2.023950100E0
4.349626562E1,4.093050003E0,8.454000473E0,2.311050177E0
4.349870901E1,1.836000085E0,6.129000187E0,1.999500096E-1
4.350115247E1,8.440500498E-1,8.002050400E0,-1.594950080E0
4.350359585E1,1.954950094E0,1.229895020E1,1.035000086E0
4.350603924E1,2.287950039E0,1.139400101E1,-3.760500252E-1
4.350848262E1,9.280500412E-1,8.538000107E0,7.740000486E-1
4.351092601E1,7.699500322E-1,1.141095066E1,2.781000137E0
4.351336962E1,6.916050434E0,1.518405056E1,3.456000090E0
4.351581300E1,1.301505089E1,5.260050297E0,-1.066200066E1
4.351825639E1,8.464950562E0,6.816000462E0,-1.761795044E1
4.352069977E1,8.202000618E0,1.243305016E1,-2.074200058E1
4.352314316E1,4.198950291E0,1.074105072E1,-1.464900112E1
4.352558662E1,1.162950039E0,6.177000523E0,-6.453000069E0
4.352803000E1,4.504950047E0,9.096000671E0,4.509000301E0
4.353047339E1,5.580000401E0,1.332195091E1,4.837050438E0
4.353291677E1,3.070950031E0,9.016950607E0,2.898000240E0
4.353536016E1,2.880000114E0,8.326950073E0,4.966950417E0
4.353780354E1,6.958950520E0,1.214895058E1,2.401950121E0
4.354024716E1,5.085000038E0,1.324305058E1,-9.100500345E-1
4.354269054E1,2.391000032E0,1.311300087E1,-1.066200066E1
4.354513393E1,3.172050238E0,8.739000320E0,-1.066905022E1
4.354757739E1,4.747050285E0,1.022100067E1,-6.501000404E0
4.355002070E1,3.255000114E0,8.494950294E0,-3.060000181E0
4.355246416E1,8.320500255E-1,6.333000183E0,3.585000277E0
4.355490754E1,9.040500522E-1,6.418950081E0,-2.710500062E-1
4.355735093E1,2.902950048E0,8.452050209E0,-8.290500641E-1
4.355979454E1,3.423000097E0,8.227050781E0,1.744050026E0
4.356223793E1,5.929500461E-1,5.239050388E0,-1.003950000E0
4.356468131E1,1.374000072E0,6.238950253E0,7.360500097E-1
4.356712469E1,6.247950077E0,1.225095081E1,-6.079950333E0
4.356956808E1,2.721000195E0,7.408050537E0,-9.037050247E0
4.357201146E1,-7.540500164E-1,3.886050224E0,-2.446950197E0
4.357445492E1,-2.707950115E0,1.154805088E1,1.009050012E0
4.357689832E1,1.950000064E-3,6.618000507E0,-4.228950024E0
4.357934193E1,3.789000273E0,4.839000225E0,-3.099000216E0
4.358178532E1,7.242000580E0,6.081000328E0,-1.324950099E0
4.358422870E1,1.401495075E1,5.559000492E0,-5.388000488E0
4.358667209E1,1.070400047E1,7.657050133E0,-8.163000107E0
4.358911547E1,1.381050110E0,9.567000389E0,-1.075950027E0
4.359155893E1,2.872050047E0,9.678000450E0,5.200950146E0
4.359400232E1,4.981950283E0,1.215300083E1,1.323000073E0
4.359644570E1,5.829000473E0,1.234995079E1,-4.132950306E0
4.359888908E1,5.017950058E0,1.020000076E1,-5.136000156E0
4.360133246E1,6.660000324E0,1.136805058E1,-4.392000198E0
4.360377584E1,7.954950333E0,1.452105045E1,-7.078050137E0
4.360621946E1,6.169050217E0,1.324695110E1,-9.297000885E0
4.360866284E1,2.410050154E0,1.257705021E1,-1.641000032E0
4.361110623E1,2.676000118E0,1.613294983E1,1.131000042E0
4.361354962E1,3.781950235E0,1.639095116E1,-4.000500143E-1
4.361599300E1,1.924050093E0,1.258905029E1,-3.421950102E0
4.361843646E1,-1.360500008E-1,1.030500031E1,-9.390000701E-1
4.362087985E1,1.872000098E0,1.118400097E1,-5.100000277E-2
4.362332322E1,3.259950161E0,1.038405037E1,-5.353950024E0
4.362576683E1,1.327950120E0,6.061950207E0,-2.689050198E0
4.362820999E1,1.351950049E0,4.530000210E0,5.560500026E-1
4.363065360E1,3.490050077E0,1.056795025E1,-3.900000080E-2
4.363309699E1,1.879050136E0,8.536050797E0,-3.790500164E-1
4.363554037E1,-1.585050106E0,6.045000076E0,-6.300000548E-1
4.363798383E1,-3.493050098E0,8.143050194E0,9.589500427E-1
4.364042722E1,-2.277000189E0,7.966050148E0,2.007000208E0
4.364287061E1,-3.660000265E-1,4.237950325E0,2.994000196E0
4.364531399E1,1.122000098E0,1.341000080E0,2.680050135E0
4.364775738E1,7.102950573E0,6.951000214E0,3.286050081E0
4.365020076E1,1.126005077E1,7.021950245E0,-6.204000473E0
4.365264438E1,4.927050114E0,6.679500341E-1,-1.026000023E1
4.365508776E1,5.425050259E0,5.296050072E0,-1.002300072E1
4.365753115E1,1.208595085E1,7.077000141E0,-8.383049965E0
4.365997453E1,3.982950211E0,7.597050190E0,-9.939000130E0
4.366241799E1,2.118000031E0,8.788949966E0,-2.706000090E0
4.366486138E1,5.106000423E0,9.898050308E0,4.083000183E0
4.366730476E1,8.554050446E0,1.229205036E1,1.978950143E0
4.366974815E1,6.142950058E0,1.033395004E1,-2.128950119E0
4.367219174E1,5.239950180E0,9.091050148E0,-2.614950180E0
4.367463513E1,7.905000210E0,1.077195072E1,-4.798950195E0
4.367707851E1,1.017495060E1,1.283295059E1,-1.167300034E1
4.367952190E1,4.186950207E0,1.101600075E1,-1.187100029E1
4.368196528E1,1.735050082E0,1.086795044E1,-2.649000168E0
4.368440874E1,2.650050163E0,1.322805023E1,3.319050074E0
4.368685213E1,3.718050241E0,1.348005104E1,-1.726950049E0
4.368929551E1,1.572000027E0,1.014900017E1,-3.421950102E0
4.369173890E1,1.531950116E0,8.440050125E0,-3.325950146E0
4.369418228E1,6.250950336E0,9.366000175E0,-8.251049995E0
4.369662568E1,3.540000200E0,7.756950378E0,-1.153905010E1
4.369906930E1,4.830000103E-1,3.559950113E0,-5.323050022E0
4.370151268E1,1.435950041E0,7.408050537E0,3.123000145E0
4.370395614E1,-1.021950006E0,1.152795029E1,6.034950256E0
4.370639945E1,-1.117950082E0,4.606950283E0,-1.653000116E0
4.370884292E1,-1.791000128E0,6.682050228E0,6.499500275E-1
4.371128630E1,-1.570050120E0,5.260050297E0,4.426050186E0
4.371372969E1,2.668950081E0,4.858050346E0,2.896050215E0
4.371617307E1,3.892050266E0,7.075050354E0,3.541950226E0
4.371861668E1,2.542050123E0,3.915000200E0,1.794000030E0
4.372106007E1,2.851050138E0,4.051050186E0,8.340000510E-1
4.372350346E1,3.202950239E0,9.619950294E0,-3.240000010E-1
4.372594684E1,3.346050262E0,9.175050735E0,9.679500461E-1
4.372839022E1,2.844000101E0,6.007050514E0,1.519050121E0
4.373083368E1,1.011705017E1,7.803000450E0,-6.901050091E0
4.373327707E1,1.105395031E1,7.980000496E0,-1.645905113E1
4.373572046E1,3.100050211E0,6.922050476E0,-1.568100071E1
4.373816384E1,1.321050048E0,6.855000496E0,-5.566950321E0
4.374060745E1,7.680000305E0,1.093695068E1,-2.281949997E0
4.374305084E1,5.772000313E0,1.143495083E1,-4.128000259E0
4.374549422E1,3.016050100E0,7.365000248E0,-1.996950150E0
4.374793761E1,4.335000038E0,8.088000298E0,-1.437000036E0
4.375038107E1,1.005495071E1,1.034805012E1,-7.492050171E0
4.375282446E1,5.692950249E0,9.156000137E0,-1.035600090E1
4.375526784E1,1.453050017E0,6.328050137E0,-4.890000343E0
4.375771124E1,3.994950294E0,5.956950188E0,4.440000355E-1
4.376015462E1,8.680950165E0,9.286950111E0,5.680500269E-1
4.376259824E1,6.241050243E0,8.476050377E0,1.999500096E-1
4.376504162E1,4.375950336E0,8.008950233E0,-6.060000062E-1
4.376748501E1,5.319000244E0,1.030995083E1,2.151000023E0
4.376992838E1,4.498050213E0,1.280700016E1,-2.610000134E0
4.377237177E1,1.408950090E0,1.167900085E1,-2.158050060E0
4.377481515E1,1.441050053E0,1.031400013E1,-7.810500264E-1
4.377725861E1,1.917000055E0,1.527105045E1,3.460500240E-1
4.377970200E1,2.353049994E0,1.650405121E1,-6.490500569E-1
4.378214538E1,4.660500288E-1,1.000605011E1,-1.225950003E0
4.378458877E1,5.400000140E-2,6.619950294E0,-1.186050057E0
4.378703238E1,2.340000123E-1,1.184205055E1,-8.029500246E-1
4.378947577E1,1.627050042E0,1.443495083E1,1.609500051E-1
4.379191915E1,8.800500631E-1,5.385000229E0,-2.898000240E0
4.379436253E1,-1.065000057E0,6.859950542E0,-1.602000117E0
4.379680599E1,-3.381000042E0,1.186395073E1,9.319500327E-1
4.379924938E1,-3.055050135E0,9.793050766E0,4.219500124E-1
4.380169276E1,-2.827050209E0,8.989950180E0,-1.440000087E-1
4.380413615E1,-2.554950237E0,6.429000378E0,-5.260950089E0
4.380657953E1,-1.087050080E0,3.958050251E0,-3.739950180E0
4.380902292E1,7.249500155E-1,4.620000124E-1,1.041600037E1
4.381146653E1,9.469500184E-1,3.958050251E0,8.282999992E0
4.381390992E1,4.989000320E0,8.381999969E0,-6.760500073E-1
4.381635332E1,9.997950554E0,6.478950500E0,7.738950253E0
4.381879678E1,1.549995041E1,-1.759050131E0,-8.596050262E0
4.382124016E1,1.118505096E1,-1.278000116E0,-1.997595024E1
4.382368355E1,6.186000347E0,3.060000181E0,-2.275605202E1
4.382612693E1,6.550050259E0,4.453050137E0,-1.991595078E1
4.382857031E1,3.615000248E0,3.574950218E0,-1.294395065E1
4.383101392E1,4.251000404E0,3.663000107E0,-4.132950306E0
4.383345731E1,6.385050297E0,5.341950417E0,1.879950047E0
4.383590070E1,1.177905083E1,1.207200050E1,5.809050083E0
4.383834408E1,8.343000412E0,7.947000504E0,3.100500107E-1
4.384078746E1,4.666050434E0,5.743950367E0,-5.299050331E0
4.384323092E1,8.626049995E0,9.594000816E0,-7.621050358E0
4.384567431E1,5.467950344E0,1.026195049E1,-1.052805042E1
4.384811769E1,9.810000658E-1,7.780950546E0,3.046050072E0
4.385056108E1,4.780500233E-1,5.631000042E0,2.971950054E0
4.385300446E1,1.681950092E0,1.391805077E1,-1.350000054E-1
4.385544807E1,3.616950274E0,1.803105164E1,-4.270500243E-1
4.385789146E1,1.809000134E0,8.370000839E0,3.619500101E-1
4.386033485E1,2.119500041E-1,4.726050377E0,-3.859500289E-1
4.386277823E1,1.004999995E0,1.535400105E1,-3.931950092E0
4.386522161E1,3.112050056E0,1.738005066E1,1.035000086E0
4.386766507E1,6.940500140E-1,5.683950424E0,-7.399500608E-1
4.387010846E1,-3.385050058E0,1.067100048E1,-1.597050071E0
4.387255185E1,-3.960000277E0,1.040505028E1,-5.730000138E-1
4.387499546E1,-4.396049976E0,1.208100033E1,1.369500011E-1
4.387743884E1,-3.144000053E0,8.722050667E0,6.795000285E-2
4.387988223E1,-2.823000193E0,7.482000351E0,-4.530000091E-1
4.388232561E1,-3.187050104E0,1.129395008E1,-4.333950043E0
4.388476900E1,-3.144000053E0,1.052505016E1,-9.405000508E-2
4.388721246E1,-2.370000124E0,6.153000355E0,4.228950024E0
4.388965583E1,8.100000024E-2,1.729050040E0,9.433950424E0
4.389209922E1,2.274000168E0,7.081950188E0,2.769000053E0
4.389454260E1,1.028505039E1,1.789995003E1,7.159950256E0
4.389698621E1,5.299950123E0,8.739000320E0,5.134050369E0
4.389942960E1,3.799050093E0,2.811000109E0,3.183000088E0
4.390187298E1,1.177005100E1,1.074795055E1,4.110000134E0
4.390431636E1,2.019000053E1,1.306095028E1,-2.091495132E1
4.390675975E1,5.563950062E0,6.940950394E0,-2.404605103E1
4.390920321E1,4.896000385E0,7.018050194E0,-1.893000031E1
4.391164660E1,5.082000256E0,1.247205067E1,-9.098999977E0
4.391408998E1,2.299950123E0,1.045095062E1,-3.289950132E0
4.391653336E1,3.828000069E0,1.039095020E1,1.344000101E0
4.391897698E1,6.004050255E0,1.285500050E1,3.741000175E0
4.392142036E1,5.788950443E0,1.245495033E1,-1.540500075E-1
4.392386373E1,2.482050180E0,9.976950645E0,5.830500126E-1
4.392630712E1,2.641950130E0,8.670000076E0,1.842000127E0
4.392875050E1,2.796000242E0,1.222005081E1,-3.511050224E0
4.393119389E1,2.034000158E0,1.438995075E1,-4.156949997E0
4.393363735E1,1.120500043E-1,8.878050804E0,-4.080000401E0
4.393608073E1,1.072050095E0,7.276050568E0,-2.419500053E-1
4.393852412E1,3.319950104E0,1.433505058E1,3.681000233E0
4.394096773E1,3.253050089E0,1.576095104E1,1.324950099E0
4.394341089E1,1.299000025E0,9.325950623E0,-5.779500008E-1
4.394585450E1,3.660000265E-1,6.076950073E0,-1.954050064E0
4.394829788E1,1.611000061E0,1.340100098E1,1.167000055E0
4.395074126E1,2.322000027E0,1.477005100E1,1.330050111E0
4.395318472E1,-9.300000221E-2,5.559000492E0,1.570500135E-1
4.395562811E1,-2.800500095E-1,2.433000088E0,1.581000090E0
4.395807149E1,2.254950047E0,9.115050316E0,-4.906050205E0
4.396051487E1,5.128050327E0,1.078905010E1,-1.252005100E1
4.396295826E1,2.212050200E0,4.474950314E0,-7.534950256E0
4.396540187E1,-3.349500299E-1,1.186950088E0,-9.244950294E0
4.396784526E1,4.821000099E0,3.132000208E0,-5.203050137E0
4.397028864E1,4.249050140E0,8.442000389E0,-8.092950821E0
4.397273203E1,5.569500327E-1,2.047049999E0,-8.080950737E0
4.397517541E1,1.302000046E0,1.927050114E0,-1.518000126E0
4.397761887E1,4.017000198E0,8.254950523E0,1.230000034E-1
4.398006226E1,5.652000427E0,6.196050167E0,-4.080000401E0
4.398250564E1,3.148050070E0,1.276050091E0,-3.625050068E0
4.398494904E1,3.658050060E0,5.719950199E0,1.405950069E0
4.398739243E1,6.970950127E0,8.418000221E0,-3.360000253E-1
4.398983604E1,6.604950428E0,8.038050652E0,-3.891000271E0
4.399227943E1,5.395950317E0,7.222950459E0,-5.517000198E0
4.399472281E1,5.710050106E0,6.382950306E0,-2.929050207E0
4.399716627E1,7.795050144E0,7.377000332E0,-6.750000477E0
4.399960965E1,5.587050438E0,4.993950367E0,-7.935000420E0
4.400205304E1,3.406050205E0,3.301950216E0,-3.829050064E0
4.400449642E1,3.600000143E0,4.822050095E0,-2.400000095E-1
4.400693981E1,1.034700012E1,9.022050858E0,-3.757050276E0
4.400938318E1,1.790595055E1,5.611950397E0,-8.737050056E0
4.401182679E1,2.129400063E1,-5.400000215E-1,-7.825050354E0
4.401427018E1,1.450500041E-1,2.011695099E1,-5.401950359E0
4.401671357E1,2.197050095E0,1.334100056E1,-1.902000070E0
4.401915703E1,1.552950025E0,8.643000603E0,-2.421000004E0
4.402160034E1,4.318050385E0,8.464050293E0,-3.007950068E0
4.402404379E1,5.752950191E0,8.334000587E0,-3.718950272E0
4.402648718E1,4.441050053E0,1.244505024E1,-3.823950291E0
4.402893057E1,6.391950130E0,9.736950874E0,-4.291050434E0
4.403137418E1,6.330000401E0,6.973950386E0,-4.000950336E0
4.403381756E1,2.674050093E0,9.868950844E0,-2.755950212E0
4.403626095E1,1.140000075E-1,1.478895092E1,-4.389000416E0
4.403870433E1,3.532950163E0,1.015395069E1,-9.106050491E0
4.404114772E1,2.914950132E0,8.854050636E0,-1.006095028E1
4.404359118E1,8.250000477E-1,9.988950729E0,-4.626000404E0
4.404603456E1,-1.645050049E0,1.310895061E1,-1.747950077E0
4.404847795E1,-5.700000525E-1,1.110495090E1,-1.600050092E0
4.405092133E1,-3.795000166E-2,6.943050385E0,-4.228950024E0
4.405336472E1,-2.121000051E0,1.041000080E1,-7.152000427E0
4.405580833E1,-3.175050259E0,1.387005043E1,-1.744050026E0
4.405825172E1,-2.029950142E0,9.529050827E0,-3.600000218E-2
4.406069510E1,-7.560000420E-1,5.623950481E0,-9.105000645E-2
4.406313848E1,-2.914050102E0,8.193000793E0,3.289500177E-1
4.406558187E1,-4.831050396E0,1.190700054E1,7.480500340E-1
4.406802535E1,-3.165000200E0,7.270950317E0,5.850000381E-1
4.407046874E1,-2.191050053E0,4.482000351E0,8.560500145E-1
4.407291212E1,-3.472050190E0,7.063050270E0,7.002000332E0
4.407535573E1,-3.973950148E0,1.101105022E1,4.360949993E0
4.407779912E1,3.820500076E-1,8.727000237E0,4.699500203E-1
4.408024250E1,2.959050179E0,7.381050587E0,5.296950340E0
4.408268589E1,3.306000233E0,1.009695053E1,7.878000259E0
4.408512927E1,2.949000120E0,1.372905064E1,7.009050369E0
4.408757266E1,3.154950142E0,1.183200073E1,8.242050171E0
4.409001612E1,2.791050196E0,7.767000198E0,4.629000187E0
4.409245950E1,1.809000134E0,1.033095074E1,4.461000443E0
4.409490289E1,3.990000188E-1,1.444905090E1,6.643050194E0
4.409734650E1,9.160500169E-1,8.539950371E0,2.836050034E0
4.409978966E1,1.026000023E0,5.251050472E0,7.020000219E-1
4.410223327E1,-7.759500146E-1,9.898050308E0,9.990000725E-1
4.410467666E1,-2.133000135E0,1.221105099E1,1.654950023E0
4.410712005E1,-3.280500174E-1,6.385050297E0,6.430500150E-1
4.410956351E1,5.830500126E-1,3.040950060E0,2.187000036E0
4.411200689E1,-1.339500099E-1,5.823000431E0,1.372950077E0
4.411445028E1,-1.216050029E0,9.703950882E0,3.667050123E0
4.411689366E1,8.830500245E-1,4.240050316E0,3.090000153E0
4.411933705E1,1.582050085E0,1.755000114E0,1.666950107E0
4.412178066E1,-2.869500220E-1,4.711950302E0,-5.580000281E-1
4.412422405E1,-2.394000053E0,9.310950279E0,3.513000250E0
4.412666743E1,-1.093950033E0,4.870050430E0,3.214050055E0
4.412911082E1,-6.439500451E-1,3.760950089E0,-4.720500112E-1
4.413155420E1,-1.884000063E0,6.625050545E0,3.049050093E0
4.413399766E1,-2.980950117E0,1.116195011E1,6.580050468E0
4.413644105E1,-1.015050054E0,7.000950336E0,2.680050135E0
4.413888443E1,4.780500233E-1,3.706050158E0,-2.163000107E0
4.414132783E1,7.605000585E-2,1.071705055E1,1.483050108E0
4.414377122E1,7.132050514E0,3.533205032E1,3.075000048E0
4.414621483E1,5.616000175E0,1.839300156E1,6.067950249E0
4.414865822E1,1.935195160E1,4.210500121E-1,1.675605011E1
4.415110162E1,3.856905365E1,-3.730500042E-1,-4.757295227E1
4.415354508E1,4.834500122E1,-3.172050238E0,-7.741305542E1
4.415598847E1,2.280705070E1,4.260000288E-1,-7.668195343E1
4.415843185E1,7.467000484E0,2.052000046E0,-3.965205002E1
4.416087524E1,1.429050088E0,7.129500508E-1,8.205000311E-2
4.416331864E1,1.279950023E0,2.350950003E0,1.224000096E0
4.416576226E1,8.391000748E0,3.402795029E1,2.236800194E1
4.416820564E1,4.270950317E0,1.613700104E1,1.216950059E0
4.417064903E1,-1.990500093E-1,5.980500579E-1,4.837050438E0
4.417309241E1,1.380000114E-1,9.253950119E0,-3.541950226E0
4.417553586E1,6.262950420E0,2.656905174E1,4.903950214E0
4.417797917E1,3.805950165E0,1.183995056E1,2.244000196E0
4.418042263E1,1.488000035E0,4.992000103E0,-1.066050053E0
4.418286602E1,4.005000114E0,1.653000069E1,3.565950155E0
4.418530963E1,2.845950127E0,1.464105034E1,5.467050076E0
4.418775303E1,7.870500088E-1,6.273000240E0,2.641950130E0
4.419019642E1,3.870000243E-1,8.442000389E0,-8.050500154E-1
4.419263980E1,-1.611000061E0,1.490895081E1,6.754950523E0
4.419508319E1,-2.005950212E0,6.864000320E0,1.099950075E0
4.419752657E1,-1.273950100E0,7.000950336E0,-4.720500112E-1
4.419997003E1,-3.031050205E0,9.204000473E0,8.149500489E-1
4.420241341E1,-3.820950270E0,1.126305008E1,4.195950031E0
4.420485680E1,-4.173000336E0,1.064700031E1,3.513000250E0
4.420730018E1,-1.993950129E0,8.466000557E0,4.427999973E0
4.420974357E1,7.170000076E-1,1.041000080E1,9.589950562E0
4.421218719E1,3.544950247E0,9.322950363E0,9.432000160E0
4.421463057E1,4.515000343E0,6.040950298E0,9.151950836E0
4.421707396E1,2.953950167E0,6.543000221E0,6.511050224E0
4.421951734E1,2.820000172E0,6.637050152E0,5.146050453E0
4.422196073E1,2.640000105E0,9.225000381E0,5.461950302E0
4.422440421E1,3.967050076E0,1.033095074E1,1.801050067E0
4.422684760E1,3.568950176E0,6.354000092E0,2.104950190E0
4.422929098E1,2.781000137E0,7.462950230E0,2.182049990E0
4.423173436E1,3.006000042E0,1.229205036E1,3.895950079E0
4.423417798E1,3.648000240E0,1.013700008E1,2.098050117E0
4.423662137E1,1.957950115E0,4.318950176E0,9.390000701E-1
4.423906476E1,1.672950029E0,6.502950191E0,-3.430500031E-1
4.424150814E1,3.696000099E0,1.518900108E1,2.497950077E0
4.424395160E1,2.329050064E0,9.771000862E0,2.611050129E0
4.424639499E1,-5.505000427E-2,7.129500508E-1,3.000000119E-1
4.424883837E1,3.319500089E-1,3.879000187E0,1.998000145E0
4.425128176E1,1.606050134E0,1.543800068E1,6.604050159E0
4.425372514E1,1.311000109E0,9.912000656E0,4.098000050E0
4.425616876E1,-1.720500141E-1,1.329000115E0,-1.071000099E0
4.425861214E1,-9.409500360E-1,1.530000091E0,-3.357000113E0
4.426105552E1,8.805000782E-2,9.163050652E0,-6.184950352E0
4.426349898E1,2.207895088E1,1.535895061E1,7.327050209E0
4.426594237E1,2.046105003E1,4.942050457E0,-1.703805161E1
4.426838575E1,1.111605072E1,9.619500637E-1,-4.812300110E1
4.427082914E1,1.282800102E1,6.631950378E0,-5.482500076E1
4.427327254E1,2.359950066E0,7.462950230E0,-3.262305069E1
4.427571615E1,1.146000028E0,5.839950085E0,-1.165095043E1
4.427815954E1,4.291950226E0,7.554000378E0,2.235000134E0
4.428060292E1,5.731050491E0,2.199600029E1,6.829050541E0
4.428304631E1,3.652950287E0,1.150695038E1,1.308000088E0
4.428548970E1,1.213050008E0,4.405050278E0,-1.578000069E0
4.428793316E1,1.543950081E0,1.131795025E1,-3.480000198E-1
4.429037654E1,5.520000458E0,2.009295082E1,4.758000374E0
4.429281993E1,3.792000294E0,1.298205090E1,1.138050079E0
4.429526331E1,5.689499974E-1,3.249000072E0,-2.317950010E0
4.429770669E1,8.130000234E-1,4.990050316E0,-2.299500108E-1
4.430015008E1,4.975050449E0,1.627095032E1,9.780000448E-1
4.430259369E1,3.624000072E0,1.580700111E1,2.587050200E0
4.430503708E1,2.790000141E-1,5.526000500E0,3.190500140E-1
4.430748046E1,7.304999977E-2,5.682000160E0,3.979500234E-1
4.430992395E1,1.414050102E0,1.374105072E1,4.768050194E0
4.431236734E1,3.895050287E0,1.106400013E1,5.371050358E0
4.431481072E1,7.320000529E-1,4.618050098E0,-1.231050014E0
4.431725411E1,1.500000060E-1,1.534950018E0,8.629500270E-1
4.431969749E1,2.155950069E0,5.767950058E0,3.358050108E0
4.432214113E1,4.702050209E0,1.281195068E1,5.002950191E0
4.432458451E1,1.210950017E0,7.132050514E0,8.920500278E-1
4.432702790E1,3.000000119E-2,2.731950045E0,-2.710500062E-1
4.432947128E1,3.198000193E0,8.587950706E0,-1.344000101E0
4.433191465E1,1.404405022E1,1.180095100E1,-6.457950115E0
4.433435811E1,8.001000404E0,2.254950047E0,-2.365395164E1
4.433680150E1,1.243950009E0,1.156050086E0,-1.801995087E1
4.433924488E1,3.520950079E0,4.084949970E0,-7.264950275E0
4.434168849E1,1.045050025E0,7.120950222E0,-3.484050274E0
4.434413186E1,1.620000124E0,6.496050358E0,-3.000000119E-1
4.434657525E1,9.949500561E-1,6.634050369E0,1.282050014E0
4.434901863E1,1.764000058E0,9.382950783E0,1.098000050E0
4.435146201E1,3.274950266E0,1.171305084E1,2.053050041E0
4.435390540E1,1.749000072E0,6.567000389E0,-9.079500437E-1
4.435634884E1,1.210950017E0,3.156000137E0,7.860000134E-1
4.435879223E1,2.937000036E0,1.062795067E1,2.034000158E0
4.436123561E1,4.456950188E0,1.341000080E1,9.109500647E-1
4.436367900E1,1.045050025E0,4.726050377E0,1.404000044E0
4.436612261E1,-3.760500252E-1,7.230000496E-1,-8.205000311E-2
4.436856600E1,-3.709500134E-1,9.163050652E0,-1.999950051E0
4.437100939E1,9.310950279E0,1.312095070E1,-9.489000320E0
4.437345277E1,2.584950209E0,7.579950333E0,-1.488600063E1
4.437589616E1,-3.229500055E-1,5.191050053E0,-5.488050461E0
4.437833962E1,1.708950043E0,1.062105083E1,-1.201950073E0
4.438078299E1,5.547000408E0,1.642695045E1,5.440500379E-1
4.438322638E1,2.938950062E0,1.089600086E1,-1.225950003E0
4.438566999E1,9.210000634E-1,6.103050232E0,9.195000678E-2
4.438811338E1,3.744000196E0,9.112950325E0,-2.260500044E-1
4.439055676E1,6.708000183E0,1.320705032E1,-7.618950367E0
4.439300015E1,6.712950230E0,8.643000603E0,-9.316950798E0
4.439544353E1,4.170000076E0,5.373000145E0,-5.554950237E0
4.439788699E1,5.122950077E0,8.557050705E0,-2.662950039E0
4.440033038E1,9.424950600E0,1.292400074E1,-9.384000778E0
4.440277376E1,5.185050011E0,7.294950485E0,-1.074795055E1
4.440521714E1,2.257050037E0,3.205950260E0,-8.401950836E0
4.440766053E1,5.044050217E0,4.618050098E0,-9.505950928E0
4.441010391E1,8.680950165E0,6.661050320E0,-1.213500023E1
4.441254753E1,3.969000101E0,3.982050180E0,-8.854949951E0
4.441499091E1,5.040000081E-1,1.531950116E0,-1.035000086E0
4.441743429E1,1.395000100E0,3.879000187E0,1.516950130E0
4.441987767E1,3.847050190E0,1.761900139E1,8.211000443E0
4.442232106E1,4.065000057E0,1.513200092E1,3.754950285E0
4.442476452E1,6.340500116E-1,2.827950239E0,-1.284000039E0
4.442720790E1,-3.795000166E-2,2.454000235E0,8.149500489E-1
4.442965151E1,1.384950042E0,1.583100033E1,5.419050217E0
4.443209466E1,2.596950054E0,1.629104996E1,3.916050196E0
4.443453828E1,4.999500215E-1,3.883050203E0,1.416000009E0
4.443698166E1,3.220500052E-1,6.306000233E0,8.100000620E-1
4.443942505E1,4.117050171E0,1.972395134E1,7.600500584E-1
4.444186843E1,4.966950417E0,1.854104996E1,4.891950130E0
4.444431189E1,2.449050188E0,9.012000084E0,-9.700500369E-1
4.444675528E1,1.981950045E0,8.488050461E0,-3.760500252E-1
4.444919866E1,3.499950171E0,1.559595108E1,1.717950106E0
4.445164205E1,4.357050419E0,1.526805115E1,-8.740500212E-1
4.445408543E1,1.909950137E0,4.984950066E0,-4.605000094E-2
4.445652905E1,1.249050021E0,1.482000113E0,-7.090500593E-1
4.445897243E1,2.547000170E0,8.690999985E0,-2.146050215E0
4.446141589E1,9.562050819E0,1.304205036E1,3.418050051E0
4.446385926E1,4.338000298E0,8.619000435E0,-1.238400078E1
4.446630265E1,3.799500167E-1,2.349000216E0,-1.261950016E0
4.446874603E1,1.108050108E0,1.707000136E0,-7.344000340E0
4.447118942E1,6.672000408E0,9.157950401E0,-1.590795040E1
4.447363280E1,1.642050028E0,5.185950279E0,-1.036500072E1
4.447607641E1,-2.560500205E-1,2.418000221E0,-4.096950054E0
4.447851980E1,1.174950004E0,3.292050123E0,-3.871950150E0
4.448096318E1,7.456950188E0,7.237950325E0,-3.766950130E0
4.448340657E1,3.568950176E0,7.396050453E0,-9.010500312E-1
4.448584995E1,5.860500336E-1,5.248050213E0,1.335000038E0
4.448829342E1,6.289500594E-1,8.554950714E0,1.983000040E0
4.449073680E1,1.435950041E0,1.483695030E1,4.320000172E0
4.449318019E1,4.153050423E0,1.372395039E1,2.143949986E0
4.449562357E1,1.891050100E0,5.418000221E0,-4.389000416E0
4.449806696E1,4.267950058E0,7.674000263E0,-1.264950037E0
4.450051054E1,4.872000217E0,1.455000114E1,-6.429000378E0
4.450295392E1,4.302000046E0,1.324695110E1,-3.634950161E0
4.450539731E1,1.759050131E0,9.924000740E0,-4.665000439E0
4.450784077E1,1.933950067E0,1.347495079E1,1.207950115E0
4.451028408E1,5.785950184E0,1.726995087E1,5.040000081E-1
4.451272752E1,5.788950443E0,1.482495117E1,-8.269500136E-1
4.451517091E1,2.118000031E0,7.623000145E0,-3.430950165E0
4.451761429E1,3.849000216E0,7.951050282E0,-7.474950314E0
4.452005791E1,5.856000423E0,1.225905037E1,-1.038705063E1
4.452250129E1,6.708000183E0,9.706050873E0,-1.342005062E1
4.452494468E1,1.972050071E0,5.394000053E0,-7.708050251E0
4.452738806E1,9.880500436E-1,5.121000290E0,-2.485950232E0
4.452983145E1,6.691050529E0,9.828000069E0,-1.557000041E0
4.453227491E1,8.203949928E0,1.155495071E1,-5.112000465E0
4.453471829E1,2.698050022E0,4.975050449E0,-4.477950096E0
4.453716168E1,-1.695000008E-2,1.743000031E0,1.230000034E-1
4.453960530E1,2.595000029E0,4.687950134E0,3.444000244E0
4.454204845E1,2.461050034E0,1.430295086E1,1.312950015E0
4.454449206E1,1.687050104E0,9.117000580E0,1.744050026E0
4.454693545E1,4.849500358E-1,3.783000231E0,1.188000083E0
4.454937885E1,9.210000634E-1,1.035000038E1,1.950000077E-1
4.455182230E1,2.887050152E0,1.801500130E1,2.042999983E0
4.455426569E1,3.514050245E0,1.312305069E1,2.296950102E0
4.455670908E1,2.710050106E0,7.528050423E0,5.760000348E-1
4.455915245E1,4.017000198E0,1.159500027E1,-3.565950155E0
4.456159584E1,5.377050400E0,1.743300056E1,-6.109500527E-1
4.456403945E1,6.639000416E0,1.689900017E1,5.279999971E-1
4.456648284E1,3.214950085E0,9.417000771E0,-1.072950006E0
4.456892622E1,1.998000145E0,1.026900005E1,-3.790950298E0
4.457136962E1,3.895050287E0,1.616895103E1,-5.940000415E-1
4.457381300E1,4.611000061E0,1.461495113E1,1.627050042E0
4.457625646E1,3.361050129E0,8.871000290E0,-3.075000048E0
4.457869985E1,1.663050056E0,6.049950123E0,-1.284000039E0
4.458114324E1,3.073050261E0,8.293950081E0,-9.010500312E-1
4.458358662E1,3.724950075E0,1.247895050E1,1.203000069E0
4.458603023E1,2.671050072E0,6.727950096E0,2.581950188E0
4.458847362E1,7.870500088E-1,1.930050135E0,-1.111050010E0
4.459091700E1,-1.162950039E0,6.795000553E0,-2.136000156E0
4.459336038E1,-3.299999982E-2,8.842050552E0,-1.825050116E0
4.459580384E1,1.411950111E0,2.023050070E0,-4.380000114E0
4.459824723E1,-3.690000176E-1,5.700000525E-1,-4.996950150E0
4.460069062E1,1.804050088E0,1.020000100E0,-3.427050114E0
4.460313400E1,8.343000412E0,6.319500208E-1,-4.309950352E0
4.460557738E1,6.133050442E0,2.002050161E0,-6.541950226E0
4.460802101E1,1.453050017E0,2.806050062E0,-8.919000626E0
4.461046439E1,4.896000385E0,4.630050182E0,-8.200950623E0
4.461290778E1,8.212050438E0,6.487950325E0,-7.012950420E0
4.461535116E1,7.110000134E0,3.988950253E0,-8.883000374E0
4.461779462E1,2.482050180E0,2.317950010E0,-7.032000542E0
4.462023801E1,2.736000061E0,4.318950176E0,-4.123050213E0
4.462268139E1,5.664000034E0,3.891000271E0,-6.384000301E0
4.462512478E1,7.231950283E0,2.289000034E0,-4.576050282E0
4.462756839E1,4.302000046E0,2.326950073E0,1.350000054E-1
4.463001178E1,1.630050063E0,6.946050167E0,4.842000008E0
4.463245516E1,5.137050152E0,1.175295067E1,3.304950237E0
4.463489855E1,7.291950226E0,8.938050270E0,-2.503050089E0
4.463734193E1,3.978000164E0,5.452050209E0,-3.238050222E0
4.463978539E1,1.984050035E0,9.034049988E0,-1.771950126E0
4.464222878E1,3.787050247E0,1.532295036E1,-2.328000069E0
4.464467215E1,4.681950092E0,1.414800072E1,-6.072000504E0
4.464711553E1,2.475000143E0,1.104705048E1,-2.503050089E0
4.464955892E1,3.559500277E-1,9.892950058E0,1.995000124E0
4.465200253E1,4.090500176E-1,1.152405071E1,6.229500175E-1
4.465444592E1,1.918950081E0,1.616400146E1,-1.473000050E0
4.465688930E1,3.282000065E0,1.096305084E1,7.720500231E-1
4.465933269E1,1.603050113E0,6.723000526E0,-6.679500341E-1
4.466177607E1,1.153050065E0,1.164795017E1,-3.261000156E0
4.466421953E1,3.523950100E0,1.823505020E1,1.324950099E0
4.466666292E1,3.564000130E0,1.521795082E1,-4.699500203E-1
4.466910632E1,2.014950037E0,1.185600090E1,9.730500579E-1
4.467154970E1,2.005950212E0,1.450200081E1,4.390500188E-1
4.467399331E1,2.676000118E0,1.628595161E1,5.950500369E-1
4.467643670E1,3.319950104E0,1.446600056E1,2.116950035E0
4.467888009E1,2.355000019E0,9.505050659E0,2.899950027E0
4.468132347E1,1.153050065E0,8.305950165E0,6.599999964E-2
4.468376692E1,7.096050262E0,1.229700089E1,1.596000075E0
4.468621031E1,8.701950073E0,1.165305042E1,-1.219200039E1
4.468865370E1,3.133050203E0,7.201950550E0,-1.281900024E1
4.469109708E1,6.220500469E-1,6.084000111E0,-1.038900089E1
4.469354048E1,5.116050243E0,8.803950310E0,-1.669050097E0
4.469598409E1,7.884000301E0,8.638050079E0,-1.189950109E0
4.469842748E1,3.528000116E0,4.693050385E0,-4.662000179E0
4.470087086E1,6.940500140E-1,1.920000076E0,-2.977050066E0
4.470331425E1,1.492950082E0,2.752950191E0,1.480950117E0
4.470575770E1,2.571000099E0,8.571000099E0,1.593000054E0
4.470820109E1,2.620950222E0,5.914050102E0,-1.345950007E0
4.471064447E1,-1.510500014E-1,3.709500134E-1,-2.344050169E0
4.471308786E1,4.159500301E-1,6.495000422E-2,2.344950199E0
4.471553147E1,3.222000122E0,1.219050050E0,-1.140000105E0
4.471797486E1,4.588950157E0,3.115050077E0,-5.919000149E0
4.472041824E1,9.450000525E-1,1.425000072E0,-2.197950125E0
4.472286163E1,-7.519500256E-1,9.150000215E-1,6.930000186E-1
4.472530501E1,8.710500598E-1,1.341000080E0,1.368000031E0
4.472774847E1,1.591050029E0,7.872000217E0,-2.028000116E0
4.473019187E1,1.606050134E0,1.602000117E0,-8.599500656E-1
4.473263525E1,2.038950205E0,4.975050449E0,-3.525000095E0
4.473507864E1,6.502050400E0,6.390000343E0,-8.164950371E0
4.473752202E1,1.049295044E1,4.528050423E0,-1.037505054E1
4.473996564E1,7.966950417E0,1.836000085E0,-1.155300045E1
4.474240901E1,1.081050038E0,3.739950180E0,-1.193400097E1
4.474485239E1,5.202000141E0,4.494000435E0,-1.070100021E1
4.474729585E1,1.016100025E1,4.171050072E0,-9.702000618E0
4.474973916E1,6.718050480E0,3.262950182E0,-6.123000145E0
4.475218262E1,1.230000019E0,4.657050133E0,4.395000264E-2
4.475462600E1,1.077000022E0,1.026900005E1,-3.259500265E-1
4.475706939E1,5.070000172E0,1.252905083E1,1.306050062E0
4.475951300E1,3.916050196E0,1.072395039E1,1.920000017E-1
4.476195639E1,2.868000031E0,9.022050858E0,2.493000031E0
4.476439976E1,2.641950130E0,1.132005024E1,1.126049995E0
4.476684315E1,1.993950129E0,1.595295048E1,-1.978050113E0
4.476928653E1,2.755050182E0,1.264905071E1,1.759500057E-1
4.477172999E1,1.819050074E0,1.091100025E1,1.677000046E0
4.477417338E1,9.139500260E-1,1.244505024E1,-1.576050043E0
4.477661679E1,3.709950209E0,1.511295033E1,-1.786950111E0
4.477906041E1,4.456950188E0,1.444005108E1,-6.361950397E0
4.478150356E1,3.202950239E0,1.064700031E1,-5.023950100E0
4.478394718E1,1.666050076E0,1.108500099E1,-9.630000591E-1
4.478639056E1,1.342050076E0,1.401105022E1,3.120000064E-1
4.478883395E1,1.431000113E0,1.340595055E1,-1.255050063E0
4.479127741E1,1.543950081E0,1.161900043E1,2.880000174E-1
4.479372079E1,7.219500542E-1,1.109295082E1,-4.080000222E-1
4.479616418E1,1.941000104E0,9.475950241E0,3.580500185E-1
4.479860756E1,3.619050264E0,1.098705006E1,-4.284000397E0
4.480105093E1,6.022950172E0,9.526950836E0,-5.062050343E0
4.480349454E1,3.520950079E0,4.696950436E0,-4.345950127E0
4.480593793E1,2.676000118E0,4.314000130E0,-1.729050040E0
4.480838131E1,5.773950100E0,8.014050484E0,2.190000117E-1
4.481082470E1,6.208050251E0,7.516050339E0,-1.765050054E0
4.481326808E1,2.949000120E0,2.803950071E0,-3.217950106E0
4.481571154E1,1.546050072E0,5.755950451E0,-1.030500084E-1
4.481815493E1,5.422050476E0,8.248050690E0,1.224000096E0
4.482059831E1,9.403950691E0,8.497050285E0,-1.449000120E0
4.482304170E1,6.073050499E0,6.751950264E0,-6.669000149E0
4.482548510E1,1.468950033E0,8.404050827E0,-4.123050213E0
4.482792871E1,6.360000372E-1,1.044405079E1,5.350500345E-1
4.483037210E1,1.753950119E0,1.316100025E1,2.880000174E-1
4.483281548E1,4.267950058E0,1.125495052E1,-2.851950169E0
4.483525894E1,4.275000095E0,8.971050262E0,-3.205950260E0
4.483770234E1,2.803050041E0,8.787000656E0,-2.574000120E0
4.484014572E1,4.873950005E0,1.187805080E1,-1.023000002E0
4.484258911E1,5.710050106E0,1.193505096E1,-3.838950157E0
4.484503250E1,3.327000141E0,1.065000057E1,-2.799000025E0
4.484747611E1,2.002950191E0,1.008705044E1,1.350000054E-1
4.484991950E1,1.041000009E0,1.235895061E1,-7.470000386E-1
4.485236296E1,9.229500294E-1,1.583100033E1,6.599999964E-2
4.485480627E1,1.462050080E0,1.344900036E1,1.132950068E0
4.485724973E1,1.333050013E0,1.013505077E1,-5.629500151E-1
4.485969312E1,7.870500088E-1,1.065900040E1,-2.590500116E-1
4.486213649E1,1.426050067E0,1.266105080E1,5.419500470E-1
4.486457987E1,1.546050072E0,1.133400059E1,1.849500090E-1
4.486702348E1,9.979500771E-1,8.491950035E0,3.739500046E-1
4.486946687E1,-1.120500043E-1,6.967050552E0,-1.570950031E0
4.487191026E1,-1.699500084E-1,1.042905045E1,6.139500141E-1
4.487435364E1,4.129050255E0,1.192605019E1,2.620500028E-1
4.487679710E1,2.680950165E0,7.549050331E0,-6.681000233E0
4.487924049E1,1.783050060E0,4.930050373E0,-4.732050419E0
4.488168387E1,4.606050014E0,6.619950294E0,-4.672049999E0
4.488412726E1,7.438050270E0,7.908000469E0,-8.083950043E0
4.488657064E1,3.775050163E0,5.514000416E0,-8.986050606E0
4.488901426E1,5.329500437E-1,4.417050362E0,-4.588050365E0
4.489145764E1,1.642050028E0,7.603950500E0,1.762950063E0
4.489390103E1,3.208050251E0,1.266105080E1,1.465950012E0
4.489634441E1,2.704950094E0,5.289000034E0,-2.134050131E0
4.489878780E1,3.448950052E0,5.188050270E0,-2.917050123E0
4.490123126E1,6.969000340E0,7.549050331E0,-3.865050077E0
4.490367464E1,9.672000885E0,6.562950134E0,-7.990050316E0
4.490611803E1,5.194950104E0,6.613050461E0,-1.063095093E1
4.490856166E1,1.117050052E0,6.634050369E0,-5.658000469E0
4.491100504E1,1.270950079E0,7.510950565E0,-1.350000054E-1
4.491344843E1,6.639000416E0,9.426000595E0,1.627050042E0
4.491589181E1,9.958950043E0,9.862050056E0,-1.333950043E0
4.491833520E1,8.692950249E0,8.538000107E0,-4.438950062E0
4.492077864E1,5.106000423E0,9.922050476E0,-6.283050060E0
4.492322203E1,7.374000549E0,1.122900009E1,-6.228000164E0
4.492566541E1,8.596950531E0,1.027095032E1,-1.105005074E1
4.492810880E1,3.487950087E0,1.079100037E1,-1.166100025E1
4.493055241E1,1.170000076E0,9.690000534E0,-4.681050301E0
4.493299580E1,2.346000195E0,1.028100014E1,2.962950230E0
4.493543918E1,5.829000473E0,1.188495064E1,2.086050034E0
4.493788257E1,6.679050446E0,1.049595070E1,-1.012950063E0
4.494032595E1,4.833000183E0,9.144000053E0,-1.456050038E0
4.494276934E1,3.046950102E0,1.079100037E1,-1.506000042E0
4.494521281E1,2.620950222E0,1.227300072E1,-1.914000034E0
4.494765620E1,3.460950136E0,1.171500015E1,-3.235050201E0
4.495009958E1,2.700000048E0,1.036005020E1,-1.003950000E0
4.495254297E1,7.890000343E-1,1.013700008E1,-2.380500138E-1
4.495498658E1,1.740000099E-1,1.047300053E1,-2.694000244E0
4.495742998E1,-1.870500147E-1,1.097295094E1,-2.689050198E0
4.495987336E1,7.369500399E-1,1.016100025E1,1.300950050E0
4.496231674E1,1.066950083E0,7.213950157E0,-5.100000277E-2
4.496476020E1,3.889500201E-1,7.237950325E0,-2.446950197E0
4.496720359E1,-1.055999994E0,1.301505089E1,1.501950026E0
4.496964694E1,-9.169500470E-1,9.340050697E0,9.390000701E-1
4.497209033E1,-2.313000202E0,1.007700062E1,-5.613000393E0
4.497453371E1,-3.928950071E0,1.199295044E1,-1.108950019E0
4.497697732E1,-4.398000240E0,1.018305016E1,3.022950172E0
4.497942071E1,-2.503950119E0,7.192050457E0,4.861050129E0
4.498186410E1,3.799500167E-1,6.136050224E0,5.757000446E0
4.498430756E1,1.797000051E0,6.651000500E0,5.275950432E0
4.498675094E1,2.580000162E0,8.077950478E0,7.620000362E0
4.498919433E1,3.214950085E0,1.080300045E1,7.440000534E0
4.499163771E1,2.535000086E0,9.001950264E0,4.705950260E0
4.499408132E1,1.495950103E0,8.827950478E0,5.977050304E0
4.499652471E1,-3.810000122E-1,8.998050690E0,5.512950420E0
4.499896810E1,-5.100000501E-1,1.058505058E1,4.720050335E0
4.500141148E1,2.664000034E0,8.995050430E0,7.689000130E0
4.500385487E1,3.603000164E0,4.285950184E0,7.356000423E0
4.500629833E1,3.744000196E0,5.964000225E0,4.990950108E0
4.500874172E1,4.182000160E0,8.397000313E0,5.284950256E0
4.501118510E1,3.724950075E0,6.757050514E0,4.702950001E0
4.501362849E1,2.592000008E0,3.306000233E0,4.579050064E0
4.501607186E1,2.341050148E0,3.160050154E0,1.228950024E0
4.501851524E1,1.255950093E0,8.713050842E0,2.383050203E0
4.502095885E1,6.840000153E0,1.035000038E1,5.950950146E0
4.502340224E1,1.773795128E1,4.228050232E0,-1.972500038E1
4.502584562E1,1.133100033E1,-1.099950075E0,-3.657600021E1
4.502828908E1,1.072605038E1,7.759500146E-1,-4.082505035E1
4.503073239E1,8.282999992E0,3.826050282E0,-4.035600281E1
4.503317585E1,6.555000305E0,4.603950024E0,-2.942400169E1
4.503561924E1,5.503950119E0,3.826050282E0,-1.784700012E1
4.503806287E1,3.841950178E0,3.421050072E0,-8.822999954E0
4.504050625E1,2.341050148E0,3.888000250E0,-6.850500107E-1
4.504294964E1,2.913000107E0,1.958505058E1,6.214050293E0
4.504539302E1,1.623000026E0,1.411905098E1,7.966950417E0
4.504783641E1,-2.899500132E-1,2.035050154E0,2.296950102E0
4.505027987E1,1.030950069E0,6.376050472E0,1.975950122E0
4.505272326E1,5.956050396E0,1.455495071E1,6.856050491E0
4.505516664E1,6.604950428E0,1.028295040E1,2.524050236E0
4.505761026E1,5.494050026E0,5.485050201E0,1.981050134E0
4.506005341E1,5.635050297E0,9.127050400E0,-2.518950224E0
4.506249702E1,5.341050148E0,1.490700054E1,-1.180500090E-1
4.506494041E1,5.247000217E0,1.599105072E1,3.571050167E0
4.506738379E1,2.415000200E0,8.461050034E0,-9.769500494E-1
4.506982725E1,1.596000075E0,7.975050449E0,-3.694950104E0
4.507227064E1,3.052050114E0,1.524900055E1,-1.951950073E0
4.507471402E1,4.347000122E0,1.262295055E1,1.780050039E0
4.507715741E1,1.978950143E0,5.512050152E0,-4.840500355E-1
4.507960079E1,2.829000235E0,6.718050480E0,-4.569000244E0
4.508204441E1,3.442050219E0,1.248105049E1,-9.847950935E0
4.508448781E1,4.840050220E0,1.201905060E1,-1.263300037E1
4.508693119E1,3.054000139E0,7.555950165E0,-8.718000412E0
4.508937458E1,2.178000212E0,5.092950344E0,-4.945050240E0
4.509181796E1,5.092050076E0,7.008000374E0,5.279999971E-1
4.509426142E1,5.025000095E0,5.827950478E0,1.876050115E0
4.509670481E1,5.956050396E0,3.772950172E0,3.960000277E-1
4.509914819E1,4.134000301E0,3.025950193E0,4.699500203E-1
4.510159158E1,3.046950102E0,3.301950216E0,4.294050217E0
4.510403496E1,4.411950111E0,8.112000465E0,3.328950167E0
4.510647859E1,4.936050415E0,1.048695087E1,-7.000500560E-1
4.510892198E1,1.539000034E0,7.465050220E0,-4.582950115E0
4.511136544E1,1.279500127E-1,5.571000099E0,5.130000114E-1
4.511380874E1,1.801950097E0,7.791000366E0,1.332000017E0
4.511625220E1,4.381050110E0,1.337895107E1,-2.092950106E0
4.511869559E1,3.634050131E0,9.256050110E0,-5.172000408E0
4.512113898E1,1.275000095E0,5.716950417E0,-1.851000071E0
4.512358259E1,2.503950119E0,1.042695045E1,-3.259500265E-1
4.512602598E1,3.784950256E0,1.573800087E1,-5.659500360E-1
4.512846936E1,2.716950178E0,1.075500011E1,-4.618950367E0
4.513091273E1,3.030000031E-1,8.346000671E0,-3.601050138E0
4.513335612E1,4.330500066E-1,9.237000465E0,-1.000950098E0
4.513579957E1,3.174000263E0,1.466505051E1,5.970000029E-1
4.513824296E1,3.718050241E0,1.130805016E1,-3.324000120E0
4.514068635E1,1.251000047E0,8.212050438E0,-4.915950298E0
4.514312996E1,4.969500303E-1,8.808000565E0,-1.200000048E0
4.514557335E1,1.572000027E0,1.396095085E1,6.589500308E-1
4.514801673E1,3.148050070E0,1.422705078E1,-3.513000250E0
4.515046012E1,3.861000299E0,9.649050713E0,-6.523050308E0
4.515290350E1,1.086000085E0,9.261000633E0,-5.196000099E0
4.515534699E1,2.487000227E0,1.070205021E1,-1.131000042E0
4.515779038E1,7.113000393E0,1.170795059E1,-2.701050043E0
4.516023376E1,7.066950321E0,1.036500072E1,-7.750950336E0
4.516267715E1,3.370050192E0,8.832000732E0,-7.777050495E0
4.516512053E1,1.081050038E0,9.766050339E0,-2.292000055E0
4.516756416E1,3.412950277E0,1.068300056E1,-7.120500207E-1
4.517000755E1,6.619050503E0,1.028295040E1,-2.922000170E0
4.517245093E1,5.025000095E0,7.906050205E0,-5.227050304E0
4.517489432E1,4.788000107E0,6.594000340E0,-4.777050018E0
4.517733770E1,4.909950256E0,7.389000416E0,-3.718950272E0
4.517978116E1,6.472950459E0,7.432050228E0,-5.458950043E0
4.518222455E1,5.145000458E0,5.953950405E0,-8.152950287E0
4.518466816E1,2.295000076E0,5.275050163E0,-5.632050037E0
4.518711132E1,2.487000227E0,6.072000504E0,-2.392050028E0
4.518955493E1,6.088050365E0,9.472050667E0,-1.401000023E0
4.519199831E1,4.845000267E0,6.831000328E0,-4.522950172E0
4.519444169E1,2.731050014E0,6.121950150E0,-3.181950092E0
4.519688515E1,2.209050179E0,6.546000481E0,1.119000077E0
4.519932854E1,6.313050270E0,8.362950325E0,1.800000109E-2
4.520177192E1,5.845950127E0,6.148050308E0,-3.301950216E0
4.520421531E1,2.311950207E0,5.938050270E0,-3.252000093E0
4.520665869E1,7.339500189E-1,5.767950058E0,-2.905050039E0
4.520910231E1,3.301050186E0,7.923000336E0,5.419500470E-1
4.521154569E1,4.860000134E0,7.710000515E0,-6.730500460E-1
4.521398908E1,5.125050068E0,7.936950207E0,-1.483050108E0
4.521643247E1,3.787050247E0,7.293000221E0,-2.422950029E0
4.521887593E1,2.323950052E0,8.233950615E0,-1.687950134E0
4.522131931E1,3.775050163E0,9.598950386E0,-2.340000153E0
4.522376270E1,4.117050171E0,9.814050674E0,-3.340950251E0
4.522620608E1,3.370050192E0,1.028100014E1,-3.244950056E0
4.522864968E1,4.225049973E0,1.201005077E1,-3.328950167E0
4.523109307E1,7.014000416E0,1.256295013E1,-5.383050442E0
4.523353645E1,6.073050499E0,1.037895012E1,-8.191050529E0
4.523597984E1,2.644950151E0,8.820000648E0,-5.550000191E0
4.523842322E1,1.299000025E0,7.543950558E0,-2.083950043E0
4.524086668E1,4.764000416E0,8.301000595E0,-1.055999994E0
4.524331006E1,6.247950077E0,6.354000092E0,-5.457000256E0
4.524575345E1,3.259950161E0,4.233000278E0,-5.584050179E0
4.524819683E1,9.330000281E-1,3.637050152E0,-1.024950027E0
4.525064022E1,2.607000113E0,6.775950432E0,2.188950062E0
4.525308383E1,4.311000347E0,1.115505028E1,7.579500079E-1
4.525552722E1,3.226950169E0,9.691950798E0,1.234050035E0
4.525797060E1,1.833000064E0,6.498000145E0,1.834950089E0
4.526041398E1,1.290000081E0,8.797050476E0,3.150000274E-1
4.526285744E1,4.234950066E0,1.226805019E1,9.490500689E-1
4.526530082E1,2.322000027E0,8.215050697E0,-6.847950459E0
4.526774421E1,1.006950021E0,6.322950363E0,-6.067950249E0
4.527018759E1,3.768000126E0,9.067049980E0,-5.341950417E0
4.527263120E1,8.307000160E0,1.035300064E1,-7.440000534E0
4.527507459E1,5.769000053E0,5.728950500E0,-7.756050587E0
4.527751797E1,1.041000009E0,5.895000458E0,-3.970050097E0
4.527996135E1,4.030950069E0,8.883000374E0,-1.510500014E-1
4.528240474E1,9.037950516E0,8.955000877E0,-3.987000227E0
4.528484820E1,5.692950249E0,5.452050209E0,-6.871950150E0
4.528729158E1,1.219950080E0,5.479950428E0,-3.633000135E0
4.528973495E1,7.920000553E-1,7.117950439E0,1.368000031E0
4.529217834E1,3.897000074E0,1.194495010E1,-1.753050089E0
4.529462172E1,4.572000027E0,9.129000664E0,-2.821050167E0
4.529706533E1,2.056050062E0,8.224050522E0,-1.957050085E0
4.529950872E1,2.122950077E0,9.748950005E0,-2.209500074E-1
4.530195217E1,6.598050117E0,1.135605049E1,-3.574950218E0
4.530439555E1,6.466050148E0,9.550950050E0,-7.684050560E0
4.530683894E1,2.274000168E0,1.009695053E1,-7.492050171E0
4.530928232E1,1.563000083E0,1.149195099E1,-4.000950336E0
4.531172571E1,4.429050446E0,1.202595043E1,-2.208000183E0
4.531416910E1,3.250950098E0,7.851000309E0,-2.541000128E0
4.531661271E1,7.390500307E-1,7.477050304E0,1.912050128E0
4.531905610E1,1.036050081E0,9.625050545E0,5.134050369E0
4.532149948E1,4.792950153E0,1.214400101E1,-1.674000025E0
4.532394287E1,6.579000473E0,1.106895065E1,-4.003950119E0
4.532638633E1,3.319950104E0,5.121000290E0,-2.986050129E0
4.532882972E1,2.307000160E0,8.715000153E0,-1.189950109E0
4.533127310E1,4.249050140E0,1.433505058E1,1.240950108E0
4.533371649E1,4.407000065E0,1.516095066E1,7.170000076E-1
4.533615986E1,2.653950214E0,1.226595020E1,-1.380000114E0
4.533860347E1,1.860000134E0,1.192605019E1,9.679500461E-1
4.534104686E1,4.543950081E0,1.501395035E1,-1.590000033E0
4.534349025E1,5.680950165E0,1.271100044E1,-7.171050549E0
4.534593370E1,3.619050264E0,1.065000057E1,-9.934050560E0
4.534837708E1,3.073050261E0,1.028595066E1,-9.357000351E0
4.535082046E1,5.425050259E0,1.202400017E1,-8.887950897E0
4.535326385E1,3.150000095E0,9.093000412E0,-8.002050400E0
4.535570746E1,1.600500047E-1,3.156000137E0,-5.236950397E0
4.535815085E1,2.913000107E0,3.595950127E0,2.320950031E0
4.536059422E1,7.411950588E0,9.699000359E0,-6.799500585E-1
4.536303760E1,3.885000229E0,4.051050186E0,-6.501000404E0
4.536548099E1,1.519500017E-1,2.779500186E-1,2.689500153E-1
4.536792444E1,2.167950153E0,1.207050085E0,4.999950409E0
4.537036783E1,6.378000259E0,5.866050243E0,-8.340000510E-1
4.537281122E1,4.467000008E0,8.181000710E0,1.018050075E0
4.537525460E1,1.633950114E0,3.819000244E0,2.674950123E0
4.537769821E1,7.320000529E-1,4.542000294E0,3.769500256E-1
4.538014160E1,3.399000168E0,9.001950264E0,5.879999995E-1
4.538258498E1,4.251000404E0,4.450950146E0,-6.501000404E0
4.538502840E1,4.278000355E0,4.072950363E0,-1.023795033E1
4.538747179E1,6.130950451E0,4.815000057E0,-1.216095066E1
4.538991525E1,7.515000343E0,4.783950329E0,-1.361400032E1
4.539235864E1,1.969950080E0,2.217000008E0,-1.401405048E1
4.539480202E1,-3.210000098E-1,1.270950079E0,-1.013505077E1
4.539724541E1,4.206000328E0,3.670050144E0,-2.847000122E0
4.539968902E1,8.431950569E0,3.994050264E0,-2.251049995E0
4.540213241E1,8.101050377E0,4.168050289E0,-9.630000591E-1
4.540457579E1,4.386000156E0,2.590950012E0,5.590500236E-1
4.540701918E1,8.527950287E0,4.312050343E0,9.370500445E-1
4.540946256E1,9.397050858E0,9.163050652E0,-3.340950251E0
4.541190602E1,3.139950037E0,7.117950439E0,-6.475050449E0
4.541434940E1,-2.010000050E-1,6.318000317E0,-4.822950363E0
4.541679279E1,4.077000141E0,8.863950729E0,-8.649000168E0
4.541923617E1,9.780000687E0,7.386000156E0,-1.129005051E1
4.542167979E1,7.647000313E0,4.570950031E0,-1.089000034E1
4.542412317E1,5.884050369E0,8.176050186E0,-7.132950306E0
4.542656656E1,1.000500011E1,8.863950729E0,-7.492050171E0
4.542901002E1,4.361999989E0,7.099050522E0,-8.614950180E0
4.543145340E1,-1.207050085E0,5.818050385E0,-4.411050320E0
4.543389679E1,1.009950042E0,7.981950283E0,5.113050461E0
4.543634017E1,3.187950134E0,1.180395031E1,2.746950150E0
4.543878356E1,2.950950146E0,1.012800026E1,1.708050132E0
4.544122717E1,5.950500369E-1,4.578000069E0,2.874000072E0
4.544367056E1,1.924050093E0,5.128050327E0,-4.410000145E-1
4.544611394E1,5.134950161E0,1.279995060E1,-2.931000233E0
4.544855733E1,5.286000252E0,1.426695061E1,1.444950104E0
4.545100071E1,3.114000082E0,7.207050323E0,1.260000110E0
4.545344417E1,1.729950070E0,1.097805023E1,-4.678950310E0
4.545588755E1,3.994950294E0,1.837095070E1,-4.630500078E-1
4.545833093E1,3.430050135E0,1.392300034E1,1.207950115E0
4.546077432E1,1.644000053E0,1.171305084E1,-2.188950062E0
4.546321793E1,1.062000036E0,1.360200024E1,2.200950146E0
4.546566132E1,3.267000198E0,1.308705044E1,1.833000064E0
4.546810470E1,1.831050038E0,1.102305031E1,-2.301000118E0
4.547054808E1,1.050000042E-1,7.092000484E0,2.929500043E-1
4.547299154E1,3.757950068E0,8.895000458E0,-1.794000030E0
4.547543493E1,4.681950092E0,1.345800018E1,-1.331805038E1
4.547787831E1,5.910000205E-1,4.462950230E0,-6.475050449E0
4.548032171E1,-2.659500241E-1,3.600000218E-2,-4.662000179E0
4.548276510E1,4.423950195E0,2.092950106E0,-3.331050158E0
4.548520871E1,7.339950562E0,1.166505051E1,-4.180950165E0
4.548765210E1,4.084050179E0,7.374000549E0,-3.352050066E0
4.549009548E1,2.700000048E0,7.128000259E0,1.840050101E0
4.549253887E1,3.958950281E0,1.308000088E1,2.899950027E0
4.549498233E1,3.739050150E0,1.161000061E1,4.650000334E-1
4.549742572E1,2.563050032E0,8.775000572E0,-2.248950005E0
4.549986910E1,8.118000031E0,1.023300076E1,-4.594950199E0
4.550231249E1,6.958950520E0,9.357000351E0,-9.025050163E0
4.550475610E1,3.850500286E-1,8.679000854E0,-8.315999985E0
4.550719926E1,3.610500097E-1,6.442950249E0,-1.978050113E0
4.550964287E1,3.864000082E0,1.133895016E1,-2.124000072E0
4.551208626E1,6.787050247E0,1.038405037E1,-7.267050266E0
4.551452972E1,1.869000077E0,5.775000095E0,-7.690950394E0
4.551697312E1,-4.950000439E-3,5.181000233E0,-9.010500312E-1
4.551941650E1,4.069050312E0,9.838050842E0,-4.309500158E-1
4.552185989E1,5.800950050E0,1.137495041E1,-3.538950205E0
4.552430327E1,2.056050062E0,8.482950211E0,-2.965050220E0
4.552674688E1,2.221050024E0,9.046050072E0,-3.210000098E-1
4.552919027E1,6.859050274E0,1.160505009E1,-3.853050232E0
4.553163365E1,6.100050449E0,1.267005062E1,-9.855000496E0
4.553407704E1,3.978000164E0,1.043400097E1,-1.227600098E1
4.553652042E1,4.450050354E0,1.087005043E1,-7.843950272E0
4.553896388E1,3.279000044E0,1.019505024E1,-6.147000313E0
4.554140727E1,-2.939999998E-1,7.164000511E0,-5.433000088E0
4.554385066E1,-2.800500095E-1,4.306950092E0,5.250000358E-1
4.554629404E1,6.001950264E0,5.356050491E0,6.000000052E-3
4.554873743E1,8.973000526E0,2.727000237E0,-5.890050411E0
4.555118106E1,3.310050249E0,6.390000582E-1,-6.136950493E0
4.555362445E1,2.604000092E0,2.598000050E0,-1.849050045E0
4.555606783E1,8.298000336E0,5.229000092E0,-2.656050205E0
4.555851129E1,7.029000282E0,7.456050396E0,-3.594000101E0
4.556095469E1,2.476950169E0,6.049950123E0,-1.180950046E0
4.556339808E1,8.590500355E-1,1.057305050E1,3.741000175E0
4.556584146E1,1.684950113E0,1.016805077E1,-1.906050086E0
4.556828508E1,4.515000343E0,7.449000359E0,-9.075000763E0
4.557072846E1,5.487000465E0,6.745050430E0,-1.033905029E1
4.557317182E1,8.179950714E0,6.582000256E0,-8.218050003E0
4.557561520E1,5.839050293E0,6.481050491E0,-9.297000885E0
4.557805866E1,-8.740500212E-1,5.332050323E0,-6.508050442E0
4.558050205E1,2.668950081E0,4.575000286E0,-1.695000008E-2
4.558294543E1,9.078000069E0,5.085000038E0,-2.806950092E0
4.558538883E1,9.868050575E0,5.397000313E0,-1.005900002E1
4.558783244E1,2.548950195E0,2.626050234E0,-3.871950150E0
4.559027583E1,2.518050194E0,5.959050179E0,3.046050072E0
4.559271921E1,5.668950081E0,8.287050247E0,2.134050131E0
4.559516260E1,6.349050522E0,1.146105099E1,-3.720000088E-1
4.559760597E1,3.781950235E0,9.072000504E0,1.780500114E-1
4.560004943E1,2.365050077E0,1.086000061E1,7.480500340E-1
4.560249282E1,4.021950245E0,1.506705093E1,-3.453000069E0
4.560493620E1,4.736999989E0,1.534695053E1,-5.184000015E0
4.560737959E1,5.032050133E0,1.338600063E1,-7.348950386E0
4.560982298E1,4.147950172E0,1.480395031E1,-4.099050045E0
4.561226659E1,5.257050037E0,1.473900032E1,-7.867950439E0
4.561470998E1,1.476000071E0,1.134195042E1,-2.376000166E0
4.561715336E1,3.679500222E-1,9.096000671E0,1.252950072E0
4.561959675E1,3.799500167E-1,1.432005024E1,-3.670500219E-1
4.562204015E1,5.833950043E0,1.237605095E1,-9.460500479E-1
4.562448361E1,1.930950046E0,5.581050396E0,-3.999000072E0
4.562692699E1,1.030950069E0,5.583000183E0,-1.630950093E0
4.562937061E1,7.206000328E0,1.214400101E1,-1.249500066E-1
4.563181401E1,4.929000378E0,1.063800049E1,-3.502950191E0
4.563425740E1,2.178000212E0,4.543950081E0,-2.023950100E0
4.563670078E1,1.645950079E0,5.326950073E0,-1.036949992E0
4.563914417E1,1.752000093E0,1.385805035E1,-2.148000002E0
4.564158763E1,-6.409500241E-1,8.020950317E0,-1.858050108E0
4.564403102E1,1.690500081E-1,6.610500216E-1,-1.588050127E0
4.564647440E1,1.981950045E0,9.057000160E0,-3.360000253E-1
4.564891779E1,3.994950294E0,5.358000278E0,-6.010050297E0
4.565136140E1,1.408950090E0,3.634050131E0,-1.468050122E0
4.565380479E1,2.403000116E0,2.752950191E0,3.477000237E0
4.565624817E1,7.498050213E0,2.776950121E0,-2.008949995E0
4.565869156E1,4.534049988E0,1.975050092E0,-8.838000298E0
4.566113502E1,-7.129500508E-1,1.522950053E0,-3.910050154E0
4.566357833E1,3.090000153E0,3.201000214E0,1.959000111E0
4.566602179E1,6.484950542E0,4.300050259E0,-7.005000114E-2
4.566846515E1,3.888000250E0,8.787000656E0,-2.256000042E0
4.567090854E1,2.737950087E0,8.254950523E0,7.789500356E-1
4.567335215E1,4.744950294E0,9.733050346E0,5.419500470E-1
4.567579554E1,7.800000191E0,9.721050262E0,-9.682950020E0
4.567823892E1,3.379950047E0,9.835950851E0,-1.227405071E1
4.568068230E1,5.700000286E0,8.296050072E0,-1.077000046E1
4.568312576E1,8.500950813E0,9.072000504E0,-1.038000011E1
4.568556915E1,3.970500231E-1,8.020950317E0,-7.669050217E0
4.568801253E1,-4.879500270E-1,3.994050264E0,1.639500111E-1
4.569045592E1,5.274000168E0,4.681050301E0,1.813050032E0
4.569289929E1,1.060605049E1,5.659950256E0,-7.806000233E0
4.569534268E1,3.757950068E0,5.535000324E0,-1.164900017E1
4.569778629E1,1.567050099E0,4.338000298E0,-5.665050507E0
4.570022968E1,4.917000294E0,6.891000271E0,-2.700000070E-2
4.570267306E1,5.359950066E0,1.134195042E1,6.599999964E-2
4.570511644E1,2.125050068E0,1.057995033E1,3.714000225E0
4.570755990E1,8.950500488E-1,9.642000198E0,3.552000284E0
4.571000328E1,7.129500508E-1,1.091295052E1,1.621950030E0
4.571244667E1,6.523950100E0,1.244295025E1,2.599500120E-1
4.571489028E1,7.627050400E0,1.037205029E1,-5.491050243E0
4.571733368E1,1.138605022E1,9.084000587E0,-1.060695076E1
4.571977707E1,9.114000320E0,1.028100014E1,-1.265400028E1
4.572222045E1,2.179949999E0,1.140195084E1,-6.795000553E0
4.572466384E1,-8.595000207E-2,9.450000763E0,-7.789500356E-1
4.572710730E1,1.644000053E0,1.227795029E1,1.203000069E0
4.572955068E1,5.947050095E0,1.290795040E1,-3.882000208E0
4.573199406E1,3.126000166E0,6.912000179E0,-5.128950119E0
4.573443768E1,8.640000224E-1,5.341950417E0,-1.983000040E0
4.573688083E1,5.638050079E0,9.546000481E0,-9.730500579E-1
4.573932444E1,6.958950520E0,1.146405029E1,-3.448050261E0
4.574176781E1,3.243000269E0,9.163050652E0,-3.007950068E0
4.574421127E1,3.114000082E0,8.986050606E0,1.005000062E-2
4.574665458E1,5.584950447E0,1.256295013E1,-3.580050230E0
4.574909804E1,3.904050112E0,1.249305058E1,-4.423050404E0
4.575154141E1,3.136050224E0,5.811000347E0,-5.095950127E0
4.575398480E1,8.845950127E0,9.013950348E0,-6.874050140E0
4.575642841E1,6.001950264E0,8.131050110E0,-9.312000275E0
4.575887180E1,2.629500031E-1,7.033950329E0,-3.192000151E0
4.576131518E1,2.914950132E0,6.211050510E0,4.681950092E0
4.576375855E1,1.075005054E1,6.802050114E0,1.368000031E0
4.576620194E1,7.702050209E0,5.410950184E0,-6.154050350E0
4.576864540E1,1.588950038E0,5.404050350E0,-2.661000013E0
4.577108878E1,4.684950352E0,6.223050117E0,1.975950122E0
4.577353217E1,7.243950367E0,1.001295090E1,-6.300000101E-2
4.577597554E1,4.600950241E0,1.161195087E1,-2.011950016E0
4.577841893E1,1.576950073E0,1.141800022E1,1.800000109E-2
4.578086254E1,4.069050312E0,1.473000050E1,-1.759950042E0
4.578330593E1,5.443950176E0,1.731105042E1,-7.830000401E0
4.578574931E1,5.029950142E0,1.516800117E1,-9.082050323E0
4.578819277E1,7.294950485E0,1.195200062E1,-1.030800056E1
4.579063616E1,7.954950333E0,1.229205036E1,-1.038000011E1
4.579307954E1,2.410050154E0,8.824950218E0,-9.877050400E0
4.579552293E1,-8.110500574E-1,6.783000469E0,-1.444050074E0
4.579796631E1,3.355950117E0,7.609050274E0,2.485950232E0
4.580040989E1,8.104050636E0,7.369950294E0,-5.991000175E0
4.580285328E1,4.696950436E0,1.161000013E0,-8.044950485E0
4.580529666E1,4.999500215E-1,3.589500189E-1,-5.230050087E0
4.580774005E1,2.401050091E0,1.911000133E0,-5.953050137E0
4.581018343E1,2.298000097E0,1.123905087E1,-2.208000183E0
4.581262688E1,-1.693050027E0,4.041000366E0,4.509000301E0
4.581507026E1,-1.990500093E-1,2.131050110E0,1.834950089E0
4.581751388E1,-3.540000021E-1,7.396050453E0,5.271000385E0
4.581995703E1,3.460500240E-1,5.550000191E0,2.023950100E0
4.582240065E1,2.188050032E0,3.919050217E0,2.580000162E0
4.582484401E1,2.986950159E0,4.654050350E0,5.662950039E0
4.582728740E1,1.108695030E1,5.215050220E0,4.003950119E0
4.582973078E1,7.098000526E0,3.210000098E-1,-5.365950108E0
4.583217424E1,8.346000671E0,6.970500350E-1,-1.540995026E1
4.583461763E1,1.067295074E1,1.168050051E0,-1.956405067E1
4.583706102E1,6.781950474E0,3.064950228E0,-1.925805092E1
4.583950440E1,-3.130500019E-1,4.626000404E0,-1.511595058E1
4.584194802E1,3.294000149E0,5.965950489E0,-9.757050514E0
4.584439140E1,4.089000225E0,7.507950306E0,-3.967950106E0
4.584683479E1,1.801950097E0,7.030050278E0,6.091950417E0
4.584927817E1,3.478050232E0,1.104705048E1,2.757000208E0
4.585172156E1,2.985000134E0,1.164300060E1,4.179000378E0
4.585416502E1,3.667050123E0,9.607950211E0,3.697950125E0
4.585660840E1,1.111605072E1,8.398950577E0,3.127950191E0
4.585905179E1,1.998000145E1,7.480050564E0,-1.475400066E1
4.586149518E1,1.342905045E1,8.344050407E0,-2.438595200E1
4.586393857E1,6.150000095E-1,9.946050644E0,-1.909500122E1
4.586638218E1,-1.000500023E-1,8.533050537E0,-4.959000111E0
4.586882557E1,4.359000206E0,9.004950523E0,-8.290500641E-1
4.587126904E1,2.154000044E0,6.601050377E0,-9.289500713E-1
4.587371243E1,8.539500237E-1,5.334000111E0,4.678950310E0
4.587615581E1,2.784000158E0,5.989950180E0,4.792050362E0
4.587859920E1,4.906949997E0,9.967050552E0,2.860050201E0
4.588104258E1,3.868050098E0,8.959050179E0,-9.919500351E-1
4.588348597E1,1.017000079E0,7.405050278E0,-6.949500442E-1
4.588592958E1,2.377050161E0,1.073805046E1,1.042050004E0
4.588837297E1,3.720000267E0,1.414305115E1,-3.895950079E0
4.589081635E1,3.732000113E0,1.030695057E1,-4.618950367E0
4.589325974E1,6.223950386E0,9.699000359E0,-5.965050220E0
4.589570320E1,5.901000500E0,1.120995045E1,-1.297800064E1
4.589814659E1,5.359500051E-1,9.661050797E0,-7.156950474E0
4.590058998E1,-4.639500082E-1,4.444050312E0,8.029500246E-1
4.590303336E1,0.000000000E0,6.996000290E0,2.884050131E0
4.590547697E1,1.648950100E0,8.305950165E0,1.279050112E0
4.590792034E1,4.609500170E-1,3.651000261E0,-1.666950107E0
4.591036373E1,-1.000500023E-1,9.720000625E-1,1.288950086E0
4.591280711E1,6.211950302E0,3.352050066E0,-3.072000027E0
4.591525057E1,6.112050056E0,6.895050526E0,-2.541000128E0
4.591769396E1,2.302050114E0,9.055050850E0,-1.630950093E0
4.592013733E1,2.427000046E0,1.352505112E1,-1.485000014E0
4.592258071E1,3.136050224E0,1.821105003E1,1.519050121E0
4.592502410E1,2.203950167E0,1.510500050E1,2.173050165E0
4.592746771E1,1.584000111E0,1.482795048E1,6.111000061E0
4.592991110E1,1.716000080E0,1.868700027E1,-1.039950013E0
4.593235448E1,2.131950140E0,1.543800068E1,8.839500546E-1
4.593479786E1,2.992050171E0,9.771000862E0,4.476000309E0
4.593724132E1,9.342000008E0,9.093000412E0,2.074050188E0
4.593968471E1,1.153695011E1,1.865895081E1,-1.986300087E1
4.594212810E1,9.919050217E0,1.406895065E1,-1.939695168E1
4.594457171E1,-4.810500145E-1,9.943050385E0,-1.393500042E1
4.594701510E1,2.221050024E0,1.020705032E1,-2.950500250E-1
4.594945848E1,4.539000034E0,1.263000107E1,2.760000229E-1
4.595190187E1,3.298950195E0,8.049000740E0,-8.290500641E-1
4.595434525E1,3.205050230E0,4.361999989E0,1.350000054E-1
4.595678873E1,4.960050106E0,7.992000580E0,-6.573000431E0
4.595923212E1,3.234000206E0,7.615950584E0,-1.378200054E1
4.596167550E1,-1.669050097E0,9.060000420E0,-1.067400074E1
4.596411889E1,-3.618000269E0,1.214895058E1,-9.769500494E-1
4.596656227E1,-3.160050154E0,5.470950127E0,1.198050022E0
4.596900589E1,6.120000482E-1,-2.530499995E-1,5.617950439E0
4.597144927E1,-2.939999998E-1,-2.119500041E-1,5.836050510E0
4.597389266E1,5.809500217E-1,2.332050085E0,9.079950333E0
4.597633604E1,2.650500238E-1,4.429500103E-1,6.003000259E0
4.597877943E1,1.093605042E1,-2.623050213E0,2.422049999E0
4.598122288E1,1.519800091E1,-4.275000095E0,-1.332195091E1
4.598366627E1,2.044905090E1,-5.472000122E0,-2.420700073E1
4.598610965E1,1.402305031E1,-5.458050251E0,-2.852400208E1
4.598855327E1,8.257050514E0,-4.279500246E-1,-3.132495117E1
4.599099642E1,6.760950089E0,6.532050133E0,-2.624895096E1
4.599344006E1,5.073000431E0,7.068000317E0,-1.701900101E1
4.599588344E1,3.982950211E0,5.458950043E0,-1.102095032E1
4.599832690E1,2.029500157E-1,2.172000170E0,-2.164950132E0
4.600077029E1,1.050000042E-1,1.846050143E0,5.878950119E0
4.600321367E1,6.030000210E0,3.621105194E1,1.101000023E1
4.600565706E1,5.215950012E0,2.334705162E1,7.363050461E0
4.600810044E1,-1.795950055E0,4.240500331E-1,-5.940000415E-1
4.601054406E1,1.077000022E0,-6.599999964E-2,-1.774950027E0
4.601298744E1,2.062950134E0,3.771000147E0,3.990000248E0
4.601543083E1,6.246000290E0,1.367595100E1,3.343050241E0
4.601787429E1,6.829950333E0,1.558395100E1,6.151950359E0
4.602031767E1,2.508000135E0,5.734050274E0,2.440950155E0
4.602276106E1,3.544950247E0,6.445050240E0,2.407050133E0
4.602520444E1,2.602050066E0,1.042905045E1,5.422050476E0
4.602764783E1,6.133050442E0,1.073295021E1,4.141050339E0
4.603009144E1,1.151595020E1,7.185000420E0,-7.381950378E0
4.603253483E1,1.061505032E1,4.990050316E0,-9.961050034E0
4.603497821E1,6.583050251E0,7.129950523E0,-1.714395142E1
4.603742160E1,2.049000025E0,3.072000027E0,-1.720095062E1
4.603986506E1,8.713950157E0,3.289950132E0,-1.644705009E1
4.604230846E1,1.288005066E1,3.985950232E0,-1.609995079E1
4.604475184E1,3.844050169E0,3.457050085E0,-1.024095058E1
4.604719523E1,1.455000043E0,5.599950314E0,-4.111050129E0
4.604963861E1,1.105050087E0,7.840950489E0,-1.438950062E0
4.605208224E1,4.350000381E0,1.010595036E1,3.444000244E0
4.605452562E1,3.937950134E0,9.682050705E0,4.890000224E-1
4.605696901E1,2.542050123E0,1.144905090E1,-1.459050059E0
4.605941239E1,1.645950079E0,1.392705059E1,-1.930050135E0
4.606185585E1,1.639050126E0,1.342200089E1,-4.000500143E-1
4.606429923E1,1.905000091E0,1.767705154E1,2.340000153E0
4.606674261E1,3.484950066E0,1.998000145E1,1.495050073E0
4.606918599E1,3.327000141E0,1.693200111E1,-8.650500178E-1
4.607162961E1,8.440500498E-1,1.056405067E1,-1.356000066E0
4.607407276E1,3.490500152E-1,1.122705078E1,-1.104000092E0
4.607651636E1,1.335000038E0,2.203200150E1,4.560000420E0
4.607895975E1,-1.960500032E-1,9.610950470E0,2.614950180E0
4.608140313E1,-3.961950302E0,8.586000443E0,-4.875000000E0
4.608384659E1,-4.567950249E0,1.235895061E1,-2.719950199E0
4.608628998E1,-3.451950073E0,1.311600018E1,8.356950760E0
4.608873335E1,-3.232050180E0,9.205950737E0,2.601000071E0
4.609117673E1,-1.453050017E0,8.227050781E0,2.608050108E0
4.609362012E1,1.098000050E0,8.907000542E0,1.033005047E1
4.609606373E1,1.519950032E0,3.859050274E0,1.042095089E1
4.609850712E1,4.234950066E0,5.005950451E0,6.928050518E0
4.610095050E1,4.954950333E0,7.021950245E0,6.829050541E0
4.610339396E1,3.484950066E0,4.159049988E0,5.019000053E0
4.610583735E1,1.366050124E0,8.620500565E-1,7.774950504E0
4.610828073E1,1.639050126E0,1.186950088E0,2.946000099E0
4.611072412E1,2.146950006E0,4.954050064E0,2.115000010E0
4.611316773E1,-9.000000544E-3,8.590500355E-1,3.090000153E0
4.611561112E1,1.120500043E-1,-3.390000165E-1,-3.195000067E-2
4.611805450E1,2.788950205E0,-1.740000099E-1,1.810950041E0
4.612049789E1,1.714500046E1,1.534950018E0,-2.179050207E0
4.612294127E1,2.454795074E1,-1.498050094E0,-3.919995117E1
4.612538475E1,2.632395172E1,-1.564950109E0,-5.015100098E1
4.612782813E1,1.430700111E1,2.716950178E0,-5.593800354E1
4.613027152E1,5.773950100E0,5.302950382E0,-4.470705032E1
4.613271490E1,5.077050209E0,5.971050262E0,-2.466600037E1
4.613515829E1,4.735050201E0,2.571000099E0,-7.369950294E0
4.613760190E1,8.560500145E-1,4.480500221E-1,2.343000174E0
4.614004528E1,1.101000071E0,2.346000195E0,1.125195026E1
4.614248867E1,5.560950279E0,2.156505013E1,2.472000122E0
4.614493213E1,7.515000343E0,1.878795052E1,1.272900105E1
4.614737544E1,1.021950006E0,2.935050249E0,1.018050075E0
4.614981891E1,3.409050226E0,3.429000139E0,4.348950386E0
4.615226230E1,5.989950180E0,1.064505005E1,5.155950069E0
4.615470591E1,6.271950245E0,1.258200073E1,1.372950077E0
4.615714930E1,3.769950151E0,1.049595070E1,-7.039500475E-1
4.615959268E1,2.752950191E0,1.271805096E1,1.689000130E0
4.616203606E1,3.636000156E0,1.595100117E1,1.416000009E0
4.616447945E1,1.740000129E0,1.233000088E1,4.920000136E-1
4.616692290E1,1.144050002E0,1.206195068E1,4.780050278E0
4.616936629E1,3.016050100E0,1.420005035E1,6.664050102E0
4.617180968E1,3.042000055E0,8.329950333E0,1.936050057E0
4.617425306E1,2.391000032E0,9.486000061E0,2.623050213E0
4.617669645E1,3.511950254E0,1.174905014E1,5.613000393E0
4.617914006E1,3.241050243E0,8.362950325E0,6.352950096E0
4.618158345E1,4.096050262E0,4.353000164E0,5.563050270E0
4.618402683E1,1.528695107E1,3.960000277E0,-7.873050213E0
4.618647029E1,1.995600128E1,1.807950139E0,-2.887605095E1
4.618891368E1,1.149405098E1,1.591950059E0,-3.368295288E1
4.619135706E1,5.872050285E0,3.346950054E0,-2.951505089E1
4.619380045E1,5.640000343E0,6.273000240E0,-2.349795151E1
4.619624406E1,7.009950161E0,6.055050373E0,-1.390395069E1
4.619868745E1,4.575000286E0,7.237950325E0,-3.421950102E0
4.620113084E1,4.503000259E0,1.126695061E1,9.729000092E0
4.620357422E1,3.823050261E0,1.050405025E1,2.875950098E0
4.620601760E1,1.576950073E0,3.868950129E0,6.619500518E-1
4.620846106E1,1.450500041E-1,1.776000142E0,-1.827000141E0
4.621090445E1,1.318050027E0,6.663000107E0,1.945050120E0
4.621334784E1,2.632950068E0,8.959050179E0,2.934000254E0
4.621579122E1,8.640000224E-1,3.249000072E0,-1.510500014E-1
4.621823461E1,-1.200000010E-2,3.366000175E0,-1.618950129E0
4.622067821E1,1.588950038E0,8.539950371E0,1.710000038E0
4.622312160E1,2.784000158E0,7.774050236E0,-9.319500327E-1
4.622556498E1,1.357050061E0,4.969950199E0,-1.903950095E0
4.622800844E1,-3.277950048E0,1.604594994E1,2.400000095E0
4.623045175E1,-4.072050095E0,1.131495094E1,-2.064000130E0
4.623289520E1,-3.715950251E0,7.990050316E0,-3.328950167E0
4.623533859E1,-4.456050396E0,1.112895012E1,8.179950714E0
4.623778197E1,-2.442000151E0,7.780950546E0,6.451050282E0
4.624022558E1,-1.108050108E0,9.199050903E0,3.292950153E0
4.624266897E1,6.600000262E-1,8.581050873E0,7.404000282E0
4.624511234E1,4.552950382E0,5.928000450E0,1.232205105E1
4.624755573E1,3.729000092E0,3.819000244E0,7.633950233E0
4.624999911E1,2.869950056E0,3.457050085E0,4.210050106E0
4.625244257E1,5.238000393E0,8.293950081E0,4.936050415E0
4.625488596E1,5.734050274E0,1.314705086E1,6.565950394E0
4.625732934E1,2.331000090E0,4.659000397E0,2.914950132E0
4.625977295E1,5.710500479E-1,6.019050121E0,-1.542000055E0
4.626221634E1,8.200500607E-1,1.245000076E1,-5.811000347E0
4.626465972E1,2.748000145E0,1.193505096E1,3.718950272E0
4.626710311E1,1.627050042E0,9.141000748E0,7.299000263E0
4.626954658E1,1.563000083E0,1.031895065E1,4.423050404E0
4.627198997E1,2.697600174E1,7.930050373E0,-3.450000286E-1
4.627443335E1,1.297605038E1,5.169000149E0,-3.127500153E1
4.627687674E1,1.949295044E1,-9.000000358E-2,-5.530905151E1
4.627932012E1,9.475950241E0,3.988950253E0,-5.067600250E1
4.628176374E1,1.090950012E0,3.010050058E0,-2.977095222E1
4.628420713E1,1.888050079E0,3.451950073E0,-1.252305031E1
4.628665051E1,2.856000185E0,4.615950108E0,3.238050222E0
4.628909390E1,4.359000206E0,1.733699989E1,8.950950623E0
4.629153728E1,3.282000065E0,9.976950645E0,1.081050038E0
4.629398074E1,5.380499959E-1,4.618050098E0,-1.501950026E0
4.629642413E1,5.119500160E-1,8.392050743E0,-4.840500355E-1
4.629886751E1,1.048050046E0,1.032600021E1,2.817000151E0
4.630131090E1,6.220500469E-1,8.361000061E0,4.597949982E0
4.630375428E1,6.688950539E0,7.606950283E0,3.087000132E0
4.630619790E1,2.209050179E0,4.354950428E0,-1.104000092E0
4.630864128E1,3.100500107E-1,2.587950230E0,1.114050031E0
4.631108474E1,2.512950182E0,7.537050247E0,4.038000107E0
4.631352813E1,4.338000298E0,9.556050301E0,3.148950100E0
4.631597153E1,2.719050169E0,4.350000381E0,1.495050073E0
4.631841491E1,7.261050224E0,2.490000010E0,5.128950119E0
4.632085830E1,1.368495083E1,2.550000191E0,-8.031000137E0
4.632330191E1,1.599495029E1,1.222950101E0,-2.106495094E1
4.632574530E1,1.497300053E1,1.819950104E0,-2.291100121E1
4.632818868E1,1.152495098E1,7.422000408E0,-2.303805161E1
4.633063207E1,4.399950027E0,1.030695057E1,-2.346705055E1
4.633307545E1,2.998950243E0,1.062600040E1,-4.377000332E0
4.633551891E1,3.435000181E0,1.747305107E1,9.633000374E0
4.633796230E1,4.612950325E0,1.515105057E1,5.473950386E0
4.634040566E1,1.575000048E0,6.955050468E0,3.979500234E-1
4.634284927E1,6.259500384E-1,8.370000839E0,3.127950191E0
4.634529266E1,3.670050144E0,1.369500065E1,3.966000080E0
4.634773604E1,3.250950098E0,1.087695026E1,2.497950077E0
4.635017943E1,-9.600000083E-2,8.992950439E0,-8.116950035E0
4.635262289E1,6.030000448E-1,8.320050240E0,1.933050036E0
4.635506627E1,5.061000347E0,1.409505081E1,2.110050201E0
4.635750966E1,4.297049999E0,9.967050552E0,-2.437950134E0
4.635995304E1,1.627050042E0,6.001950264E0,-4.150500298E-1
4.636239643E1,4.153050423E0,1.315395069E1,7.480500340E-1
4.636484004E1,4.005000114E0,1.532595062E1,2.550000250E-1
4.636728343E1,1.383000016E0,9.361950874E0,2.893050194E0
4.636972681E1,1.177050114E0,1.203105068E1,2.143949986E0
4.637217020E1,2.271000147E0,1.274205017E1,2.860050201E0
4.637461358E1,2.595000155E-2,8.224050522E0,-2.016000032E0
4.637705704E1,-6.940500140E-1,8.332050323E0,6.930000186E-1
4.637950043E1,-5.820000172E-1,1.004595089E1,5.029050350E0
4.638194381E1,-7.519500256E-1,5.344050407E0,3.316950083E0
4.638438720E1,-1.029000044E0,2.952000141E0,1.885050058E0
4.638683081E1,-1.756950140E0,1.037700081E1,3.034050226E0
4.638927420E1,7.729500532E-1,9.589050293E0,1.369950056E0
4.639171758E1,1.843050122E0,6.663000107E0,-1.506000042E0
4.639416097E1,1.281795025E1,7.927050591E0,3.717000246E0
4.639660442E1,1.341405106E1,8.851950645E0,-1.451505089E1
4.639904781E1,5.419950485E0,8.140049934E0,-2.719695091E1
4.640149120E1,1.825095177E1,5.863950253E0,-2.852400208E1
4.640393458E1,7.110000134E0,7.932000160E0,-2.237295151E1
4.640637797E1,-1.831050038E0,6.421050072E0,-1.504095078E1
4.640882158E1,2.425050020E0,9.469050407E0,-5.803950310E0
4.641126499E1,5.427000046E0,7.237950325E0,1.573950052E0
4.641370837E1,8.749500513E-1,5.080950260E0,2.760000229E-1
4.641615183E1,6.120000482E-1,4.645050049E0,1.105050087E0
4.641859514E1,5.590050220E0,4.386000156E0,1.402050018E0
4.642103860E1,2.287950039E0,8.121000290E0,-2.232000113E0
4.642348199E1,2.221050024E0,7.168050289E0,-1.200000010E-2
4.642592537E1,6.475950241E0,8.980950356E0,7.480500340E-1
4.642836899E1,5.800950050E0,9.907050133E0,-2.965050220E0
4.643081237E1,5.239950180E0,1.064505005E1,-2.232000113E0
4.643325576E1,8.962950706E0,1.030995083E1,-1.834950089E0
4.643569916E1,8.029950142E0,1.010400009E1,-4.879950047E0
4.643814262E1,1.702050090E0,8.715000153E0,-3.877050161E0
4.644058600E1,1.576950073E0,8.380050659E0,3.190500140E-1
4.644302939E1,4.318050385E0,1.153095055E1,2.190000117E-1
4.644547277E1,1.258950114E0,8.248050690E0,-3.757050276E0
4.644791618E1,2.749500275E-1,3.769050121E0,1.060500070E-1
4.645035979E1,2.202000141E0,7.282950401E0,1.390050054E0
4.645280318E1,2.259000063E0,1.324305058E1,-1.771950126E0
4.645524656E1,2.014950037E0,7.365000248E0,-3.769050121E0
4.645768995E1,1.297050118E0,4.590000153E0,-2.260500044E-1
4.646013341E1,5.008050442E0,1.183695030E1,1.263000011E0
4.646257680E1,3.832050085E0,1.229895020E1,-3.736050129E0
4.646502018E1,4.144050121E0,7.003050327E0,-5.598000050E0
4.646746357E1,1.011495018E1,6.247050285E0,-1.033905029E1
4.646990718E1,4.917000294E0,6.016950130E0,-1.501305103E1
4.647235056E1,1.840500087E-1,4.032000065E0,-9.082050323E0
4.647479395E1,2.970000029E0,4.714050293E0,-2.461950064E0
4.647723733E1,3.342000246E0,4.720950127E0,-2.482950211E0
4.647968079E1,-3.130500019E-1,2.005950212E0,-3.790500164E-1
4.648212418E1,3.394050121E0,3.105000257E0,4.762950420E0
4.648456758E1,8.719050407E0,5.281950474E0,1.642950058E0
4.648701096E1,6.220050335E0,3.891000271E0,-2.986050129E0
4.648945435E1,2.793000221E0,6.948000431E0,-3.480000198E-1
4.649189796E1,6.174000263E0,1.099005032E1,-1.249950051E0
4.649434134E1,5.338050365E0,9.289950371E0,-9.622950554E0
4.649678473E1,5.206950188E0,1.142295074E1,-8.457000732E0
4.649922811E1,1.232700062E1,9.057000160E0,-1.015695095E1
4.650167150E1,7.282950401E0,6.711000443E0,-1.221600056E1
4.650411496E1,9.660000205E-1,8.266950607E0,-2.317950010E0
4.650655834E1,4.788000107E0,7.638000488E0,2.208000183E0
4.650900193E1,9.291000366E0,7.053000450E0,-5.506950378E0
4.651144532E1,5.674050331E0,4.923000336E0,-7.162050247E0
4.651388870E1,4.777950287E0,7.731000423E0,-4.807950020E0
4.651633208E1,9.876000404E0,4.750050068E0,-8.506950378E0
4.651877547E1,2.926950216E0,6.631950378E0,-1.016400051E1
4.652121893E1,8.505000174E-2,4.207050323E0,-1.044000030E0
4.652366232E1,2.542050123E0,7.993950367E0,2.644050121E0
4.652610570E1,3.174000263E0,1.271805096E1,5.659500360E-1
4.652854908E1,1.624950051E0,9.577050209E0,9.349500537E-1
4.653099247E1,7.990500331E-1,9.426000595E0,1.315050006E0
4.653343609E1,2.773950100E0,1.203405094E1,1.666950107E0
4.653587948E1,1.729950070E0,1.041705036E1,1.428000093E0
4.653832286E1,6.460500360E-1,6.517050266E0,3.550500274E-1
4.654076625E1,2.287950039E0,9.175050735E0,2.788050175E0
4.654320971E1,3.861000299E0,7.903050423E0,-3.963000298E0
4.654565310E1,2.712000132E0,4.401000023E0,-1.822950125E0
4.654809648E1,8.604000092E0,5.527950287E0,-5.316000462E0
4.655053986E1,9.622050285E0,9.259050369E0,-1.097295094E1
4.655298348E1,1.737000108E0,8.317950249E0,-5.524050236E0
4.655542686E1,1.663050056E0,7.899000168E0,-1.837050080E0
4.655787026E1,3.435000181E0,1.149000072E1,2.209500074E-1
4.656031365E1,3.868050098E0,1.302000046E1,-4.059000015E0
4.656275703E1,6.871050358E0,7.969950199E0,-7.822950363E0
4.656520049E1,8.998950005E0,6.598950386E0,-1.337700081E1
4.656764388E1,2.781000137E0,6.325950146E0,-1.563000107E1
4.657008728E1,-7.050000131E-3,3.967050076E0,-5.317950249E0
4.657253066E1,2.773950100E0,6.639000416E0,1.657950044E0
4.657497405E1,2.326050043E0,7.710000515E0,3.003000259E0
4.657741766E1,1.309500039E-1,4.768950462E0,2.788050175E0
4.657986105E1,1.381050110E0,5.878050327E0,5.446050167E0
4.658230443E1,8.116050720E0,7.402950287E0,4.200000286E0
4.658474781E1,2.247000217E0,6.895050526E0,-6.679500341E-1
4.658719127E1,1.657950044E0,9.148050308E0,-1.150500029E-1
4.658963466E1,3.847050190E0,1.238805103E1,2.641950130E0
4.659207804E1,3.327000141E0,1.244805050E1,-4.597949982E0
4.659452166E1,8.925000191E0,1.290300083E1,-7.558950424E0
4.659696504E1,1.069005013E1,1.261995029E1,-1.411200047E1
4.659940843E1,5.343000412E0,1.224900055E1,-1.429200077E1
4.660185181E1,1.108050108E0,1.234995079E1,-3.477000237E0
4.660429518E1,3.729000092E0,1.292400074E1,3.120000064E-1
4.660673864E1,5.809950352E0,1.076700020E1,-5.944950104E0
4.660918202E1,2.821950197E0,1.083900070E1,-4.702950001E0
4.661162564E1,4.666050434E0,6.796950340E0,-4.863000393E0
4.661406879E1,8.872050285E0,7.471950531E0,-9.288000107E0
4.661651241E1,3.508950233E0,5.859000206E0,-9.025050163E0
4.661895579E1,1.809000134E0,3.586950064E0,-2.042999983E0
4.662139918E1,5.520000458E0,6.936000347E0,-2.610000134E0
4.662384256E1,2.053050041E0,1.194300079E1,-4.427999973E0
4.662628602E1,-1.731000066E0,6.105000496E0,-1.617000103E0
4.662872939E1,-5.509500504E-1,8.551950455E0,2.737950087E0
4.663117278E1,-4.789500237E-1,6.036000252E0,2.254050016E0
4.663361616E1,1.204050064E0,1.027050018E0,3.741000175E0
4.663605978E1,5.235000134E0,3.775950193E0,3.838950157E0
4.663850316E1,1.084800053E1,2.880000114E0,-1.948950052E0
4.664094653E1,1.131900024E1,-2.355000019E0,-1.004505062E1
4.664338992E1,1.161900043E1,-2.866950035E0,-1.430400085E1
4.664583330E1,1.285395050E1,-1.684950113E0,-1.515405083E1
4.664827676E1,5.688000202E0,1.183050036E0,-1.620300102E1
4.665072015E1,2.269500047E-1,3.982050180E0,-1.247700024E1
4.665316353E1,1.837950110E0,6.145950317E0,-5.329950333E0
4.665560692E1,2.422049999E0,1.062600040E1,-3.640500307E-1
4.665805030E1,3.295950174E0,1.112895012E1,1.873050094E0
4.666049392E1,2.599050045E0,1.162200069E1,7.014000416E0
4.666293730E1,3.325050116E0,1.025505066E1,3.990000248E0
4.666538069E1,2.611050129E0,8.677050591E0,2.295000076E0
4.666782407E1,4.510050297E0,1.042005062E1,4.033050060E0
4.667026753E1,5.580000401E0,1.120005035E1,-1.333950043E0
4.667271092E1,3.129000187E0,7.969950199E0,1.665000081E0
4.667515430E1,5.808000088E0,6.448050499E0,1.813050032E0
4.667759792E1,1.003095055E1,5.521050453E0,-1.389195061E1
4.668004130E1,4.993950367E0,8.092950821E0,-1.974405098E1
4.668248469E1,-7.369500399E-1,6.522000313E0,-1.188300037E1
4.668492807E1,3.442050219E0,6.634050369E0,-2.488050222E0
4.668737146E1,4.326000214E0,1.129395008E1,7.240500450E-1
4.668981492E1,2.688000202E0,1.270605087E1,-1.060500070E-1
4.669225830E1,4.807050228E0,1.272300053E1,7.980000377E-1
4.669470169E1,4.085999966E0,9.702000618E0,-8.530500531E-1
4.669714507E1,-5.190000534E-1,7.699950218E0,-3.573000193E0
4.669958869E1,1.630050063E0,7.990050316E0,3.910950184E0
4.670203207E1,6.919050217E0,1.092000008E1,-2.602950096E0
4.670447546E1,3.487950087E0,6.229950428E0,-6.043950081E0
4.670691884E1,3.853950262E0,4.585050106E0,-6.405000210E0
4.670936230E1,9.688950539E0,6.979050159E0,-7.450950146E0
4.671180569E1,4.993950367E0,7.690050602E0,-8.566950798E0
4.671424908E1,-5.340000391E-1,6.249000072E0,-1.545000076E0
4.671669246E1,1.588950038E0,7.003050327E0,3.621000290E0
4.671913585E1,2.607000113E0,1.110495090E1,1.380000114E0
4.672157946E1,3.538050175E0,9.595950127E0,-2.026050091E0
4.672402286E1,1.220505047E1,6.919050217E0,-6.606000423E0
4.672646624E1,1.077600098E1,6.637050152E0,-1.417695045E1
4.672890962E1,2.263950109E0,7.522950172E0,-1.084905052E1
4.673135301E1,8.080500364E-1,6.091050148E0,-1.590000093E-1
4.673379647E1,5.773950100E0,8.491950035E0,1.468950033E0
4.673623986E1,2.443950176E0,5.629050255E0,-1.711950064E0
4.673868324E1,1.339950085E0,4.954050064E0,1.962000132E0
4.674112662E1,7.435950279E0,6.522000313E0,6.930000186E-1
4.674357001E1,5.616000175E0,7.822050571E0,-4.921050072E0
4.674601362E1,1.672950029E0,9.112950325E0,5.320500135E-1
4.674845698E1,1.072050095E0,9.775950432E0,1.897050142E0
4.675090044E1,2.689950228E0,1.606605148E1,8.599500656E-1
4.675334383E1,3.184050083E0,1.550805092E1,-2.910000086E0
4.675578721E1,6.006000519E0,1.299795055E1,-1.920000017E-1
4.675823060E1,4.363950253E0,1.331205082E1,-8.802000046E0
4.676067398E1,1.812000036E0,1.104195023E1,-7.264950275E0
4.676311759E1,3.949950218E0,9.760950089E0,-2.821050167E0
4.676556098E1,6.655050278E0,1.187805080E1,-5.464050293E0
4.676800436E1,6.519000530E0,8.506950378E0,-6.847950459E0
4.677044775E1,8.400000334E-1,9.466950417E0,-2.931000233E0
4.677289114E1,5.022000313E0,8.626950264E0,-1.071000099E0
4.677533460E1,7.648950577E0,1.036695004E1,-9.082050323E0
4.677777798E1,1.584000111E0,7.137000561E0,-5.887950420E0
4.678022137E1,1.993950129E0,7.111050129E0,2.503050089E0
4.678266498E1,1.978950143E0,1.575705051E1,5.950500369E-1
4.678510836E1,-5.530500412E-1,1.051995087E1,-5.340000391E-1
4.678755175E1,-7.090500593E-1,8.575950623E0,2.019000053E0
4.678999513E1,3.876000166E0,9.322950363E0,-6.745050430E0
4.679243859E1,6.310500503E-1,7.381050587E0,-8.766000748E0
4.679488190E1,-1.065000057E0,8.296050072E0,-1.866000056E0
4.679732536E1,6.922950268E0,5.490000248E0,-3.079950094E0
4.679976875E1,5.164050102E0,3.582000256E0,-4.933050156E0
4.680221213E1,2.482050180E0,5.964000225E0,-6.370500326E-1
4.680465575E1,8.968050003E0,4.417050362E0,1.251000047E0
4.680709913E1,8.743050575E0,5.986050129E0,-7.132950306E0
4.680954251E1,1.153050065E0,6.763950348E0,-4.333950043E0
4.681198590E1,3.789000273E0,8.764950752E0,1.657950044E0
4.681442928E1,6.049950123E0,1.030005074E1,-3.361950159E0
4.681687274E1,7.141050339E0,1.065195084E1,-6.253950119E0
4.681931613E1,1.333500099E1,1.161900043E1,-7.771950245E0
4.682175953E1,9.969000816E0,9.550950050E0,-1.334595108E1
4.682420292E1,5.700000376E-2,1.053000069E1,-1.080600071E1
4.682664653E1,1.444950104E0,9.295050621E0,1.294050097E0
4.682908992E1,9.655050278E0,9.189000130E0,-1.459050059E0
4.683153330E1,6.769950390E0,6.241950512E0,-6.421950340E0
4.683397669E1,6.406050205E0,8.064000130E0,-2.686950207E0
4.683642015E1,9.832950592E0,9.105000496E0,-2.932950258E0
4.683886353E1,6.042000294E0,9.759000778E0,-7.030050278E0
4.684130692E1,9.349500537E-1,1.053495026E1,-9.130500555E-1
4.684375030E1,2.458050013E0,1.162200069E1,1.368000031E0
4.684619391E1,2.025000095E0,1.393905067E1,1.005000062E-2
4.684863730E1,4.129500091E-1,1.349400043E1,-5.490000248E-1
4.685108068E1,3.538050175E0,1.284300041E1,7.290000319E-1
4.685352407E1,4.599000454E0,1.060695076E1,-6.714000225E0
4.685596747E1,-5.700000376E-2,6.699000359E0,-4.735949993E0
4.685841092E1,-2.509500086E-1,3.594000101E0,-1.509000063E0
4.686085431E1,1.720500141E-1,1.035000038E1,9.490500689E-1
4.686329770E1,4.009500146E-1,2.032950163E0,-3.340950251E0
4.686574131E1,-4.995000362E-2,1.759950042E0,-1.819950104E0
4.686818445E1,2.584950209E0,8.041950226E0,2.677950144E0
4.687062807E1,3.496950150E0,7.735950470E0,-1.072950006E0
4.687307145E1,3.832050085E0,9.714000702E0,-1.569000125E0
4.687551484E1,3.504000187E0,1.125495052E1,4.849050045E0
4.687795830E1,1.282950044E0,1.292400074E1,2.938950062E0
4.688040170E1,-6.340500116E-1,1.262295055E1,-2.476050138E0
4.688284509E1,-4.210500121E-1,1.017795086E1,3.066000223E0
4.688528847E1,6.840000153E0,8.365950584E0,2.260950089E0
4.688773208E1,4.642050266E0,4.863000393E0,-8.943000793E0
4.689017547E1,1.129305077E1,4.647000313E0,-1.141605091E1
4.689261886E1,1.064700031E1,5.740950108E0,-1.502205086E1
4.689506224E1,3.526050091E0,5.445000172E0,-1.421505070E1
4.689750562E1,3.001950026E0,5.800950050E0,-9.918000221E0
4.689994908E1,5.542050362E0,6.831000328E0,-1.070100021E1
4.690239247E1,1.261050105E0,4.609050274E0,-8.886000633E0
4.690483586E1,-2.143050194E0,5.137950420E0,2.812050104E0
4.690727948E1,-1.365000010E0,3.373050213E0,8.680050850E0
4.690972286E1,3.370500207E-1,2.425050020E0,4.420950413E0
4.691216625E1,1.113000035E0,3.145950079E0,5.920500159E-1
4.691460963E1,2.608950138E0,3.661050081E0,5.914950371E0
4.691705300E1,3.388950109E0,4.077000141E0,9.415050507E0
4.691949646E1,1.035705090E1,4.273950100E0,2.038050175E0
4.692193985E1,1.255500031E1,2.020950079E0,-9.309000015E0
4.692438324E1,1.690995026E1,-5.860500336E-1,-1.832205009E1
4.692682662E1,1.437705040E1,-1.642050028E0,-2.513100052E1
4.692927000E1,7.896000385E0,8.209500313E-1,-2.709405136E1
4.693171362E1,1.141005039E1,3.915000200E0,-2.174805069E1
4.693415700E1,5.668950081E0,2.301000118E0,-1.190505028E1
4.693660039E1,2.712000132E0,5.503950119E0,-1.509000063E0
4.693904385E1,3.729000092E0,1.387500095E1,6.709500551E-1
4.694148725E1,4.141050339E0,1.665495110E1,5.527050495E0
4.694393064E1,2.998950243E0,1.461705112E1,-7.519500256E-1
4.694637402E1,3.820050240E0,1.552005100E1,3.097050190E0
4.694881764E1,1.990950108E0,1.276395035E1,1.276950002E0
4.695126078E1,3.299999982E-2,1.099695015E1,-8.770500422E-1
4.695370439E1,2.340000123E-1,1.528005028E1,3.790500164E-1
4.695614778E1,2.953950167E0,1.537605095E1,2.793000221E0
4.695859116E1,1.048050046E0,1.057995033E1,-9.970500469E-1
4.696103462E1,-1.831050038E0,1.177305031E1,-4.510500133E-1
4.696347801E1,-1.389000058E0,1.702605057E1,4.372950077E0
4.696592139E1,1.065000057E0,1.027095032E1,-3.508050203E0
4.696836478E1,2.282999992E0,1.266300106E1,1.429950118E0
4.697080816E1,2.733000040E0,1.267500019E1,7.231950283E0
4.697325178E1,3.042000055E0,9.643950462E0,2.103000164E0
4.697569518E1,4.936050415E0,1.191105080E1,5.977050304E0
4.697813856E1,5.166000366E0,9.250950813E0,9.913050652E0
4.698058202E1,2.827050209E0,4.957950115E0,5.455050468E0
4.698302541E1,1.575000048E0,2.503950119E0,4.384950161E0
4.698546879E1,1.615050077E0,2.301000118E0,3.496950150E0
4.698791218E1,1.494405079E1,2.725050211E0,-4.738950253E0
4.699035579E1,1.227705097E1,-1.462050080E0,-2.035905075E1
4.699279918E1,1.047195053E1,-9.829500318E-1,-2.711805153E1
4.699524256E1,7.129050255E0,2.928000212E0,-2.990505219E1
4.699768595E1,1.900050044E0,2.751000166E0,-2.148195076E1
4.700012933E1,1.872000098E0,4.662000179E0,-1.275195026E1
4.700257279E1,4.021950245E0,9.496050835E0,-4.401000023E0
4.700501618E1,4.012050152E0,1.267500019E1,1.633950114E0
4.700745956E1,3.295950174E0,1.226595020E1,3.384000063E0
4.700990295E1,3.700950146E0,9.079050064E0,4.488000393E0
4.701234631E1,4.920000136E-1,4.255050182E0,4.548000336E0
4.701478992E1,9.739500284E-1,7.609050274E0,1.153050065E0
4.701723331E1,4.860000134E0,1.179900074E1,5.268000126E0
4.701967670E1,3.745950222E0,7.843950272E0,-1.312950015E0
4.702212016E1,2.307000160E0,6.685050488E0,-2.490000129E-1
4.702456347E1,3.706050158E0,1.410195065E1,4.087950230E0
4.702700693E1,3.864000082E0,1.283295059E1,3.211950064E0
4.702945032E1,3.214950085E0,8.824950218E0,-2.815950155E0
4.703189393E1,1.089300060E1,1.077405071E1,-8.725049973E0
4.703433709E1,6.934950352E0,1.180905056E1,-1.529805088E1
4.703678070E1,6.049950123E0,1.262505054E1,-1.299405098E1
4.703922409E1,1.088400078E1,1.167705059E1,-1.470600033E1
4.704166748E1,6.708000183E0,1.061100006E1,-1.492200089E1
4.704411086E1,3.250950098E0,6.694050312E0,-5.206050396E0
4.704655432E1,6.789000511E0,1.012095070E1,1.809000134E0
4.704899770E1,5.619000435E0,1.108305073E1,-8.340000510E-1
4.705144108E1,1.219950080E0,5.911050320E0,-5.610000491E-1
4.705388447E1,3.751050234E0,6.297000408E0,4.864050388E0
4.705632808E1,6.385050297E0,6.799950123E0,9.610500336E-1
4.705877147E1,2.094000101E0,3.679950237E0,-2.122050047E0
4.706121485E1,5.128050327E0,4.542000294E0,2.620500028E-1
4.706365831E1,1.176000023E1,5.188050270E0,-7.420050144E0
4.706610170E1,6.514050484E0,7.161000252E0,-1.030305004E1
4.706854508E1,8.020050049E0,9.782999992E0,-6.250050068E0
4.707098845E1,1.082100010E1,9.036000252E0,-9.190050125E0
4.707343183E1,1.572000027E0,8.289000511E0,-1.172805023E1
4.707587544E1,-1.015050054E0,6.204000473E0,2.869050026E0
4.707831883E1,1.306050062E0,8.488050461E0,5.119950294E0
4.708076222E1,2.416950226E0,6.862050533E0,4.687050343E0
4.708320562E1,-1.789500117E-1,3.546000242E0,-2.119050026E0
4.708564900E1,9.921000481E0,6.250950336E0,-1.609050035E0
4.708809246E1,9.097050667E0,4.470000267E0,-1.395900059E1
4.709053585E1,1.785000086E0,5.947050095E0,-9.673050880E0
4.709297923E1,2.896050215E0,8.935050011E0,-4.600050449E0
4.709542263E1,1.969950080E0,1.042695045E1,-1.473000050E0
4.709786601E1,1.681950092E0,1.079805088E1,-1.546950102E0
4.710030963E1,5.464950085E0,1.141305065E1,1.299000025E0
4.710275301E1,3.696000099E0,6.915000439E0,-6.288000107E0
4.710519647E1,8.200500607E-1,4.506000042E0,-5.248950481E0
4.710763978E1,4.861950397E0,6.031050205E0,-1.537950039E0
4.711008324E1,6.397050381E0,6.013950348E0,-3.472050190E0
4.711252663E1,2.026950121E0,5.089950085E0,-7.189500332E-1
4.711497001E1,5.395950317E0,6.591000080E0,2.464950085E0
4.711741363E1,8.779050827E0,6.553050518E0,-3.405000210E0
4.711985702E1,1.632000089E0,6.168000221E0,-6.553950310E0
4.712230040E1,6.000000238E-1,7.504050255E0,-2.569950104E0
4.712474379E1,2.997000217E0,7.960950375E0,-3.610950232E0
4.712718717E1,9.259500504E-1,7.651950359E0,-4.272000313E0
4.712963063E1,4.703999996E0,9.984000206E0,-3.669000149E0
4.713207403E1,8.157000542E0,8.422950745E0,-6.601950169E0
4.713451741E1,2.839500010E-1,7.252050400E0,-7.854000568E0
4.713696103E1,-1.048950076E0,5.550000191E0,-6.570000052E-1
4.713940418E1,3.277050257E0,5.113950253E0,1.215000033E0
4.714184780E1,2.973000050E0,5.524050236E0,-5.134050369E0
4.714429118E1,2.805000171E-2,2.767950058E0,-2.560050011E0
4.714673464E1,6.112050056E0,3.757050276E0,-1.593000054E0
4.714917803E1,6.592950344E0,3.691950083E0,-6.640050411E0
4.715162141E1,1.227000117E0,4.951050282E0,-2.176950216E0
4.715406480E1,2.092050076E0,6.543000221E0,2.979000092E0
4.715650818E1,4.222949982E0,8.694000244E0,9.900000691E-2
4.715895179E1,4.435950279E0,8.832000732E0,-7.980000377E-1
4.716139518E1,1.062300014E1,1.046505070E1,-5.364000320E0
4.716383856E1,1.056495094E1,9.577050209E0,-1.162200069E1
4.716628195E1,1.459950089E0,9.565050125E0,-9.156000137E0
4.716872533E1,1.705950022E0,1.125795078E1,-4.360500276E-1
4.717116879E1,4.189050198E0,9.565050125E0,-9.199500680E-1
4.717361218E1,2.985000134E0,9.325950623E0,-1.984950066E0
4.717605556E1,4.534049988E0,9.775950432E0,1.141050100E0
4.717849895E1,7.663050175E0,1.008000088E1,-2.221950054E0
4.718094233E1,7.951050282E0,8.952000618E0,-6.025050163E0
4.718338595E1,6.568950176E0,9.598950386E0,-8.014050484E0
4.718582933E1,6.018000126E0,1.299600029E1,-9.130500555E-1
4.718827272E1,3.427950144E0,1.471995068E1,-5.340000391E-1
4.719071610E1,4.351950169E0,1.833795166E1,-1.360050082E0
4.719315956E1,7.711050510E0,1.764105034E1,-3.376050234E0
4.719560295E1,3.682050228E0,1.338600063E1,-1.086105061E1
4.719804634E1,-1.695000008E-2,9.610950470E0,-3.393000126E0
4.720048972E1,1.330500096E-1,5.587950230E0,1.002000093E0
4.720293333E1,1.978950143E0,9.760950089E0,-2.823000193E0
4.720537672E1,8.850000501E-1,4.903050423E0,-3.457950115E0
4.720782011E1,7.440000176E-1,1.350000024E0,1.171950102E0
4.721026349E1,6.652950287E0,7.159050465E0,-2.698950052E0
4.721270688E1,2.542050123E0,5.623950481E0,-4.794000149E0
4.721515033E1,1.993950129E0,3.007050037E0,1.453950047E0
4.721759371E1,3.246000051E0,9.196050644E0,2.950950146E0
4.722003732E1,2.458050013E0,7.966050148E0,-7.005000114E-2
4.722248048E1,9.499500394E-1,7.944000244E0,3.142050266E0
4.722492409E1,2.917950153E0,8.578950882E0,5.788050175E0
4.722736748E1,3.475950241E0,2.896950245E0,-4.600050449E0
4.722981087E1,2.178000212E0,1.591950059E0,-1.738950133E0
4.723225432E1,9.291000366E0,4.128000259E0,-7.044000149E0
4.723469771E1,8.251950264E0,1.044000030E0,-1.195800018E1
4.723714110E1,8.590500355E-1,2.180999994E0,-9.949050903E0
4.723958448E1,6.616950512E0,5.626050472E0,-3.658950090E0
4.724202786E1,8.781000137E0,3.904950142E0,-5.110050201E0
4.724447147E1,1.381050110E0,7.360050201E0,-5.266050339E0
4.724691486E1,4.381050110E0,7.960950375E0,3.090000153E0
4.724935824E1,5.638050079E0,7.621050358E0,-2.299050093E0
4.725180163E1,4.929000378E0,1.004400063E1,-2.956950188E0
4.725424502E1,1.140600014E1,1.110705090E1,-6.319050312E0
4.725668848E1,7.045950413E0,7.756950378E0,-1.222605038E1
4.725913186E1,-4.380000234E-1,9.031050682E0,-5.803950310E0
4.726157525E1,-9.600000083E-2,8.193000793E0,1.453950047E0
4.726401865E1,2.926950216E0,8.701050758E0,-2.650950193E0
4.726646226E1,1.192050099E0,5.923050404E0,-4.111050129E0
4.726890565E1,3.418050051E0,4.906050205E0,-1.897050142E0
4.727134903E1,9.670050621E0,3.663000107E0,-8.644050598E0
4.727379249E1,2.808000088E0,3.886050224E0,-1.116300011E1
4.727623588E1,9.780000448E-1,4.321950436E0,-3.261000156E0
4.727867926E1,4.335000038E0,6.673050404E0,-6.610500216E-1
4.728112265E1,1.872000098E0,7.243050575E0,-1.696050048E0
4.728356603E1,5.520000458E-1,8.020950317E0,2.605950117E0
4.728600965E1,4.213050365E0,7.606950283E0,-3.499500155E-1
4.728845300E1,3.217050076E0,3.133950233E0,-2.827950239E0
4.729089639E1,-6.030000448E-1,5.029950142E0,4.200000167E-1
4.729333985E1,5.025000095E0,5.313000202E0,7.720500231E-1
4.729578316E1,3.442050219E0,4.048950195E0,-1.047000051E0
4.729822662E1,1.788000107E0,4.606950283E0,5.110500455E-1
4.730067000E1,2.250000000E0,9.703950882E0,2.929050207E0
4.730311339E1,3.193050146E0,1.035000038E1,4.375050068E0
4.730555700E1,1.764000058E0,6.910050392E0,-1.423050046E0
4.730800039E1,5.875050068E0,9.795000076E0,-2.011950016E0
4.731044377E1,9.295950890E0,1.024695015E1,-8.980950356E0
4.731288716E1,5.911050320E0,1.097805023E1,-5.797050476E0
4.731533054E1,1.146495056E1,1.253205013E1,-1.139505100E1
4.731777400E1,7.915050507E0,1.189200020E1,-1.110495090E1
4.732021739E1,1.519500017E-1,1.108305073E1,-4.818000317E0
4.732266077E1,1.162950039E0,9.606000900E0,3.288000107E0
4.732510416E1,3.042000055E0,1.171500015E1,1.105050087E0
4.732754754E1,1.567050099E0,9.120000839E0,-2.323050022E0
4.732999116E1,3.358050108E0,6.414000511E0,1.596000075E0
4.733243454E1,7.780950546E0,8.373000145E0,-4.396049976E0
4.733487794E1,3.955050230E0,6.409050465E0,-7.818000317E0
4.733732133E1,3.301050186E0,7.144050121E0,-1.801050067E0
4.733976471E1,4.744950294E0,1.023105049E1,2.710500062E-1
4.734220817E1,2.977950096E0,9.574950218E0,-9.750000238E-1
4.734465156E1,5.179950237E0,1.255995083E1,1.252950072E0
4.734709517E1,8.152050018E0,1.248600101E1,-3.043950081E0
4.734953856E1,2.989950180E0,1.031895065E1,-7.132950306E0
4.735198194E1,1.840500087E-1,9.534000397E0,-1.413000107E0
4.735442533E1,1.306050062E0,9.091050148E0,1.750950098E0
4.735686870E1,2.226000071E0,9.951000214E0,-1.641000032E0
4.735931216E1,1.894950032E0,7.920000553E0,-5.820000172E-1
4.736175554E1,3.255000114E0,7.912950516E0,-4.870500267E-1
4.736419893E1,3.576000214E0,1.207200050E1,-4.834950447E0
4.736664231E1,4.157999992E0,9.703950882E0,-5.083950043E0
4.736908571E1,2.326050043E0,9.510000229E0,-3.127050161E0
4.737152933E1,3.105000257E0,1.237095070E1,-2.160000056E-1
4.737397271E1,2.251950026E0,1.371195030E1,-2.344050169E0
4.737641610E1,7.297050476E0,1.288395023E1,-1.441950083E0
4.737885956E1,9.045000076E0,1.299405098E1,-8.668050766E0
4.738130294E1,2.566050053E0,9.394950867E0,-8.470950127E0
4.738374632E1,2.395950079E0,8.346000671E0,-2.023950100E0
4.738618971E1,6.715050220E0,1.119600010E1,-1.617000103E0
4.738863309E1,4.654050350E0,7.978050232E0,-6.958050251E0
4.739107671E1,5.020050049E0,6.538950443E0,-5.509950161E0
4.739352010E1,9.174000740E0,9.004950523E0,-5.139000416E0
4.739596348E1,5.062950134E0,7.675950527E0,-9.244950294E0
4.739840687E1,3.648000240E0,7.348050117E0,-2.388000011E0
4.740085025E1,6.259950161E0,8.049000740E0,2.134050131E0
4.740329372E1,4.498050213E0,8.737050056E0,-1.581000090E0
4.740573711E1,7.005000114E0,1.138500023E1,-2.971950054E0
4.740818050E1,1.022505093E1,8.473050117E0,-6.064950466E0
4.741062411E1,3.847050190E0,7.185000420E0,-1.225200081E1
4.741306750E1,-5.190000534E-1,5.281950474E0,-8.440050125E0
4.741551088E1,2.094000101E0,4.780950069E0,-5.107050419E0
4.741795426E1,4.957950115E0,3.808950186E0,-6.847950459E0
4.742039772E1,5.329500437E-1,1.228050113E0,-1.939950109E0
4.742284111E1,5.884050369E0,4.522950172E0,3.693000078E0
4.742528450E1,6.351000309E0,3.057000160E0,1.090500057E-1
4.742772788E1,1.599000096E0,1.681050062E0,-7.360500097E-1
4.743017126E1,2.776950121E0,7.033950329E0,3.157050133E0
4.743261488E1,2.580000162E0,6.079050064E0,-8.500500321E-1
4.743505826E1,2.029500157E-1,6.781050205E0,-1.392000079E0
4.743750165E1,3.265050173E0,8.995050430E0,1.224000096E0
4.743994503E1,3.732000113E0,6.069000244E0,-5.569950104E0
4.744238841E1,-2.539499998E-1,4.864950180E0,-3.384000063E0
4.744483187E1,-4.980000257E-1,8.184000015E0,3.652050257E0
4.744727526E1,2.437050104E0,7.477050304E0,1.106999993E0
4.744971864E1,1.243950009E0,4.290000439E0,-3.051000118E0
4.745216225E1,6.643050194E0,5.928000450E0,-5.050050259E0
4.745460564E1,1.056300068E1,5.655000210E0,-1.048005009E1
4.745704902E1,3.400950193E0,5.310000420E0,-1.203195095E1
4.745949240E1,2.206950188E0,9.273000717E0,-5.421000481E0
4.746193579E1,5.941950321E0,8.140049934E0,-2.947950125E0
4.746437923E1,5.098950386E0,9.181950569E0,-3.454950094E0
4.746682262E1,7.924050331E0,1.233495045E1,-1.393950105E0
4.746926600E1,1.072095013E1,9.772950172E0,-7.701000214E0
4.747170939E1,3.337050200E0,9.061950684E0,-8.764050484E0
4.747415300E1,-6.079500318E-1,1.024695015E1,-1.372050047E0
4.747659639E1,4.648950100E0,9.085950851E0,1.986000061E0
4.747903977E1,4.387950420E0,5.976000309E0,-1.770000100E0
4.748148316E1,1.627050042E0,8.662050247E0,7.099500299E-1
4.748392654E1,6.682050228E0,9.346950531E0,1.639500111E-1
4.748637000E1,4.018949986E0,8.251049995E0,-4.930050373E0
4.748881339E1,1.444950104E0,9.667950630E0,-1.162050009E0
4.749125678E1,1.888050079E0,8.100000381E0,-8.700000644E-1
4.749370039E1,2.535000086E0,1.019205093E1,-2.185950041E0
4.749614378E1,2.559000015E0,1.095405006E1,-3.517950058E0
4.749858716E1,9.385050774E0,9.579000473E0,-7.629000187E0
4.750103055E1,5.518050194E0,8.940000534E0,-1.101195049E1
4.750347393E1,-4.210500121E-1,7.618950367E0,-5.107050419E0
4.750591739E1,1.828050137E0,4.879050255E0,3.670500219E-1
4.750836078E1,3.532950163E0,6.145950317E0,-3.147000074E0
4.751080416E1,1.759050131E0,1.876950145E0,-5.062050343E0
4.751324753E1,4.639050007E0,4.483950138E0,5.779500008E-1
4.751569092E1,8.431950569E0,2.595000029E0,-4.039950371E0
4.751813453E1,3.769950151E0,5.386950493E0,-1.473000050E0
4.752057792E1,2.128050089E0,6.132000446E0,6.693000317E0
4.752302130E1,2.743050098E0,6.982050419E0,4.444950104E0
4.752546478E1,2.382000208E0,1.228500080E1,4.849500358E-1
4.752790808E1,5.602050304E0,1.226295090E1,1.645950079E0
4.753035154E1,8.908050537E0,1.066200066E1,-6.112950325E0
4.753279493E1,2.877000093E0,8.955000877E0,-8.079000473E0
4.753523832E1,3.010950089E0,9.960000038E0,-4.327050209E0
4.753768193E1,6.124050140E0,1.099695015E1,-6.271050453E0
4.754012532E1,4.036050320E0,8.968950272E0,-6.040950298E0
4.754256870E1,5.037000179E0,9.772950172E0,-5.505000114E0
4.754501208E1,8.452950478E0,1.185195065E1,-7.933050156E0
4.754745555E1,5.379000187E0,1.009395027E1,-9.514950752E0
4.754989894E1,8.989500403E-1,9.438000679E0,-4.948950291E0
4.755234232E1,2.595000029E0,8.277000427E0,5.595000088E-2
4.755478571E1,3.411000252E0,1.033605003E1,-3.666000128E0
4.755722909E1,5.604000092E0,1.024305058E1,-4.159049988E0
4.755967270E1,9.799050331E0,9.370950699E0,-8.436000824E0
4.756211608E1,5.271000385E0,8.548050880E0,-1.209600067E1
4.756455946E1,4.450500309E-1,5.887050152E0,-3.199050188E0
4.756700285E1,-1.399950027E0,1.049895096E1,4.816050053E0
4.756944630E1,-2.188050032E0,6.028950214E0,1.015950084E0
4.757188969E1,2.029500157E-1,2.422950029E0,1.171950102E0
4.757433308E1,5.712000370E0,5.128050327E0,4.359000206E0
4.757677646E1,8.937000275E0,1.657050133E0,-5.158050060E0
4.757922007E1,1.918950081E0,3.301950216E0,-5.797050476E0
4.758166346E1,2.131950140E0,3.712950230E0,1.090500057E-1
4.758410686E1,7.773000240E0,2.844000101E0,-5.413950443E0
4.758655024E1,3.775050163E0,5.623950481E0,-8.104949951E0
4.758899362E1,9.274950027E0,6.694050312E0,-3.637050152E0
4.759143708E1,9.697950363E0,4.903050423E0,-8.239050865E0
4.759388047E1,-1.530000120E-1,5.176050186E0,-9.823950768E0
4.759632384E1,-6.195000187E-2,5.455950260E0,-7.228950500E0
4.759876745E1,9.691050529E0,4.128000259E0,-7.471050262E0
4.760121061E1,5.365050316E0,3.121950150E0,-6.693000317E0
4.760365422E1,2.689950228E0,6.208050251E0,2.884050131E0
4.760609761E1,9.994950294E0,6.285000324E0,-1.540500075E-1
4.760854099E1,5.992050171E0,8.005949974E0,-4.171050072E0
4.761098437E1,1.432950020E0,1.070505047E1,2.728050232E0
4.761342783E1,3.283950090E0,1.051995087E1,5.601000309E0
4.761587122E1,3.076050043E0,1.043400097E1,-1.234050035E0
4.761831460E1,8.614050865E0,1.387005043E1,-4.237950325E0
4.762075821E1,1.061100006E1,1.183995056E1,-1.140900040E1
4.762320160E1,4.483950138E0,9.646050453E0,-8.907000542E0
4.762564498E1,1.204050064E0,1.329795074E1,-4.429500103E-1
4.762808837E1,3.511950254E0,1.659705162E1,2.668050051E0
4.763053175E1,3.528000116E0,1.216995049E1,-2.869050026E0
4.763297522E1,8.470500112E-1,1.189995098E1,-1.723950028E0
4.763541860E1,1.729950070E0,1.582905102E1,2.647050142E0
4.763786199E1,2.077050209E0,1.194495010E1,-1.696050048E0
4.764030537E1,6.910500526E-1,1.192800045E1,-3.484050274E0
4.764274899E1,2.554050207E0,1.320000076E1,3.790950298E0
4.764519237E1,2.317050219E0,1.363305092E1,-1.257000089E0
4.764763576E1,8.779500127E-1,1.430595112E1,-3.283050060E0
4.765007914E1,1.777950048E0,1.877100182E1,3.673950195E0
4.765252260E1,3.459000111E0,1.581405067E1,3.159000158E0
4.765496599E1,6.700500250E-1,9.061950684E0,-1.993050098E0
4.765740937E1,4.141050339E0,8.799000740E0,4.680000246E-1
4.765985276E1,5.428950310E0,9.199050903E0,-8.761050224E0
4.766229614E1,1.408950090E0,5.643000126E0,-7.972950459E0
4.766473976E1,3.472950220E0,3.310950041E0,-4.188000202E0
4.766718314E1,6.715050220E0,5.653050423E0,-7.677000523E0
4.766962655E1,3.888000250E0,2.944950104E0,-9.514950752E0
4.767206993E1,2.359950066E0,1.408050060E0,-5.275050163E0
4.767451332E1,2.371950150E0,5.302950382E0,-1.578000069E0
4.767695678E1,2.821950197E0,6.048000336E0,-2.950500250E-1
4.767940016E1,7.411950588E0,1.077195072E1,3.805050135E0
4.768184376E1,4.201050282E0,4.513050079E0,1.914000034E0
4.768428691E1,2.496000051E0,4.726050377E0,-2.127000093E0
4.768673052E1,1.327950120E0,5.764950275E0,-2.710950136E0
4.768917391E1,8.568000793E0,2.506950140E0,-7.363050461E0
4.769161729E1,7.738050461E0,5.770500302E-1,-9.003000259E0
4.769406068E1,5.227950096E0,4.105950356E0,-9.456000328E0
4.769650414E1,1.023195076E1,4.767000198E0,-7.638000488E0
4.769894752E1,5.926950455E0,3.385050058E0,-1.117500019E1
4.770139091E1,2.335950136E0,7.891050339E0,-9.457950592E0
4.770383431E1,6.660000324E0,5.698050499E0,-6.609000206E0
4.770627792E1,5.920050144E0,5.215050220E0,-8.517000198E0
4.770872131E1,7.584000587E0,8.899050713E0,-8.187000275E0
4.771116469E1,4.198950291E0,1.069800091E1,5.520000458E-1
4.771360808E1,2.829000235E0,1.048695087E1,4.591050148E0
4.771605145E1,2.767050028E0,1.241700077E1,4.456950188E0
4.771849491E1,3.303000212E0,1.464795113E1,6.040500402E-1
4.772093830E1,2.994000196E0,1.261095047E1,2.639999986E-1
4.772338168E1,8.899500370E-1,1.163595009E1,-1.684050083E0
4.772582530E1,9.349500537E-1,1.514595032E1,1.758000135E0
4.772826868E1,2.515950203E0,1.293405056E1,1.636050105E0
4.773071207E1,1.066950083E0,9.867000580E0,-1.669050097E0
4.773315545E1,8.869500160E-1,1.219905090E1,2.413950205E0
4.773559884E1,2.476950169E0,1.255605030E1,-6.420000196E-1
4.773804230E1,1.372605038E1,1.171500015E1,-3.991950274E0
4.774048568E1,1.445295048E1,9.739950180E0,-2.205900192E1
4.774292907E1,7.879050255E0,9.558000565E0,-2.253105164E1
4.774537245E1,1.156050086E0,7.089000225E0,-1.319100094E1
4.774781584E1,3.634050131E0,6.546000481E0,-1.381950021E0
4.775025945E1,1.888050079E0,1.042905045E1,3.760050297E0
4.775270285E1,-7.489500642E-1,2.203050137E0,2.974950075E0
4.775514624E1,-4.360500276E-1,8.173950195E0,6.148950100E0
4.775758962E1,2.305050135E0,5.782050133E0,6.643050194E0
4.776003308E1,3.379950047E0,3.928950071E0,4.453950405E0
4.776247647E1,7.159950256E0,4.590000153E0,5.485950470E0
4.776491987E1,8.851050377E0,5.338950157E0,-8.380050659E0
4.776736326E1,4.227000237E0,6.534000397E0,-1.210095024E1
4.776980687E1,9.006000519E0,6.316050529E0,-1.095195007E1
4.777225002E1,6.709950447E0,5.101950169E0,-1.395900059E1
4.777469364E1,-1.342950106E0,5.521050453E0,-5.493000031E0
4.777713702E1,9.450000525E-1,5.350950241E0,4.366050243E0
4.777958048E1,2.947050095E0,7.312050343E0,5.505000114E0
4.778202387E1,7.320000529E-1,2.761050224E0,-1.513950109E0
4.778446726E1,2.122950077E0,3.076950073E0,1.090500057E-1
4.778691064E1,5.413050175E0,6.904950142E0,5.095950127E0
4.778935404E1,2.772000074E0,2.974050045E0,-1.387050033E0
4.779179766E1,2.620950222E0,3.124050140E0,-1.396050096E0
4.779424104E1,3.925950289E0,7.402950287E0,-4.600050449E0
4.779668443E1,2.074949980E0,9.268050194E0,-3.700050116E0
4.779912789E1,2.953950167E0,1.229700089E1,-1.750950098E0
4.780157128E1,2.913000107E0,1.099200058E1,-4.921050072E0
4.780401466E1,8.295000345E-2,7.659000397E0,-2.979000092E0
4.780645805E1,1.213050008E0,7.470000267E0,4.842000008E0
4.780890143E1,3.322050095E0,1.017105007E1,-1.831950068E0
4.781134507E1,1.821000099E0,5.943000317E0,-5.163000107E0
4.781378845E1,3.877950191E0,6.310950279E0,-2.038050175E0
4.781623184E1,9.282000542E0,8.635950089E0,-6.883950233E0
4.781867522E1,4.282950401E0,6.682050228E0,-9.280950546E0
4.782111861E1,1.159950018E0,7.774050236E0,-3.178050041E0
4.782356207E1,3.082950115E0,7.099050522E0,-2.227050066E0
4.782600545E1,3.082950115E0,6.285000324E0,-4.513950348E0
4.782844884E1,6.969000340E0,7.720950603E0,-6.834000111E0
4.783089222E1,9.646050453E0,6.828000546E0,-1.130400085E1
4.783333561E1,3.925950289E0,4.999050140E0,-1.398105049E1
4.783577922E1,8.230500221E-1,4.032000065E0,-5.239050388E0
4.783822261E1,3.157050133E0,7.591950417E0,1.428000093E0
4.784066599E1,1.804050088E0,3.673050165E0,-1.297950029E0
4.784310945E1,-4.950000346E-1,3.900000095E0,9.949500561E-1
4.784555284E1,5.508000374E0,4.645050049E0,5.788050175E0
4.784799624E1,9.742050171E0,9.720000625E-1,-1.048950076E0
4.785043962E1,6.262950420E0,-8.539500237E-1,-6.448050499E0
4.785288323E1,8.515950203E0,2.509050131E0,-9.440999985E0
4.785532662E1,9.931050301E0,7.729500532E-1,-1.379400063E1
4.785777000E1,8.716950417E0,4.219050407E0,-1.556100082E1
4.786021340E1,1.115400028E1,5.671950340E0,-1.136100101E1
4.786265678E1,9.145050049E0,4.104000092E0,-1.099995041E1
4.786510024E1,2.713950157E0,5.787000179E0,-1.080795097E1
4.786754363E1,8.971050262E0,6.988950253E0,-5.509950161E0
4.786998701E1,1.074000072E1,5.169000149E0,-5.890050411E0
4.787243043E1,4.563000202E0,6.736950397E0,-6.537000179E0
4.787487404E1,3.241050243E0,1.209300041E1,-6.727950096E0
4.787731743E1,2.803050041E0,1.434600067E1,5.842950344E0
4.787976081E1,-5.205000192E-2,1.267800045E1,-8.895000070E-2
4.788220420E1,5.140500069E-1,1.503600025E1,-9.970500469E-1
4.788464767E1,6.310500503E-1,1.762395096E1,-7.909500599E-1
4.788709106E1,1.194000006E0,1.769805145E1,-3.880500197E-1
4.788953444E1,7.030500174E-1,2.082795143E1,-1.222050071E0
4.789197783E1,2.887050152E0,1.688895035E1,4.279950142E0
4.789442121E1,2.314050198E0,1.373100090E1,-1.473000050E0
4.789686482E1,3.940500319E-1,1.388205051E1,-1.456050038E0
4.789930820E1,3.679500222E-1,1.288395023E1,2.637000084E0
4.790175159E1,-2.073000193E0,8.184000015E0,-1.882050037E0
4.790419497E1,-3.924000263E0,9.733050346E0,-2.329500169E-1
4.790663836E1,-3.366000175E0,9.238950729E0,6.709950447E0
4.790908181E1,5.449500084E-1,6.775950432E0,6.424950123E0
4.791152520E1,1.081050038E0,9.193950653E0,3.837000132E0
4.791396859E1,2.191950083E0,5.326950073E0,1.032000065E1
4.791641197E1,3.676950216E0,2.671950102E0,1.166595078E1
4.791885558E1,6.138000488E0,7.930050373E0,3.436950207E0
4.792129898E1,4.278000355E0,8.944950104E0,8.758950233E0
4.792374237E1,4.249500334E-1,1.735950112E0,8.742000580E0
4.792618583E1,4.969500303E-1,3.970500231E-1,2.351999998E0
4.792862922E1,2.458050013E0,9.658050537E0,-1.819950104E0
4.793107260E1,3.897000074E0,1.172700024E1,1.315050006E0
4.793351598E1,1.766895103E1,2.107050180E0,1.284000039E0
4.793595936E1,1.598100090E1,6.867000103E0,-2.845695114E1
4.793840298E1,1.189905071E1,7.120950222E0,-4.569795227E1
4.794084636E1,3.270000219E0,9.955050468E0,-3.233505249E1
4.794328974E1,3.895050287E0,9.532050133E0,-1.589895058E1
4.794573312E1,2.446050167E0,8.890050888E0,-4.786950111E0
4.794817658E1,5.239950180E0,1.593405056E1,5.560050488E0
4.795061989E1,5.820000172E0,2.173305130E1,8.389500380E-1
4.795306335E1,3.021000147E0,1.306605053E1,2.905050039E0
4.795550672E1,2.347950220E0,1.195695019E1,-3.900000080E-2
4.795795033E1,4.048050404E0,1.771800041E1,5.232000351E0
4.796039372E1,3.949950218E0,1.369005108E1,2.497950077E0
4.796283711E1,3.571050167E0,9.960000038E0,3.154050112E0
4.796528049E1,8.104050636E0,1.245705032E1,-1.629000068E0
4.796772386E1,4.560000420E0,9.393000603E0,-1.601595116E1
4.797016732E1,2.455950022E0,5.476050377E0,-1.642800140E1
4.797261071E1,3.919050217E0,7.450950146E0,-1.236195087E1
4.797505409E1,2.641950130E0,7.113000393E0,-8.827950478E0
4.797749748E1,2.607000113E0,8.370000839E0,4.990500212E-1
4.797994084E1,3.202950239E0,1.294305038E1,9.349500537E-1
4.798238445E1,1.183950067E0,6.619950294E0,6.570000052E-1
4.798482784E1,-1.080000028E-1,4.069500268E-1,-1.249500066E-1
4.798727122E1,-1.990500093E-1,2.827950239E0,-1.270500124E-1
4.798971461E1,3.299999982E-2,4.777050018E0,2.083950043E0
4.799215807E1,6.405000389E-2,6.460500360E-1,2.965050220E0
4.799460145E1,-5.670000315E-1,5.818050385E0,2.769000053E0
4.799704484E1,9.210000634E-1,1.146405029E1,4.276950359E0
4.799948822E1,1.230000019E0,5.401050091E0,1.009500027E-1
4.800193183E1,2.464950085E0,5.308050156E0,1.615050077E0
4.800437521E1,4.030950069E0,8.914050102E0,3.865050077E0
4.800681860E1,3.042000055E0,7.774050236E0,8.505000174E-2
4.800926198E1,8.962950706E0,1.015200043E1,5.845050335E0
4.801170536E1,1.098900032E1,5.088000298E0,-9.417000771E0
4.801414882E1,3.042000055E0,2.551950216E0,-5.637000084E0
4.801659221E1,9.768000603E0,1.088895035E1,-7.377000332E0
4.801903559E1,9.679050446E0,3.084000111E0,-2.241795158E1
4.802147898E1,2.781000137E0,3.690000057E0,-1.729695129E1
4.802392236E1,5.844000340E0,8.317950249E0,-4.593000412E0
4.802636597E1,6.303000450E0,9.271050453E0,-3.642000198E0
4.802880936E1,3.030000210E0,6.912000179E0,-2.167050123E0
4.803125282E1,4.821000099E0,7.554000378E0,4.153050423E0
4.803369621E1,4.981950283E0,8.253000259E0,1.095000029E0
4.803613959E1,2.263950109E0,7.954050541E0,2.196000099E0
4.803858298E1,5.554050446E0,1.123395061E1,-2.040000200E0
4.804102635E1,4.359000206E0,7.188000202E0,-1.020705032E1
4.804346996E1,-9.889500737E-1,5.557050228E0,-7.296000481E0
4.804591334E1,7.390500307E-1,5.575950146E0,-4.213950157E0
4.804835673E1,3.765000105E0,6.442950249E0,-5.581950188E0
4.805080012E1,4.399500191E-1,5.109000206E0,-2.839950085E0
4.805324347E1,1.563000083E0,6.663000107E0,2.649000168E0
4.805568693E1,2.788950205E0,9.682050705E0,2.022000074E0
4.805813032E1,2.235000134E0,7.626000404E0,3.000000026E-3
4.806057370E1,7.320000529E-1,5.044950008E0,-2.031000137E0
4.806301709E1,9.160500169E-1,6.613050461E0,5.110500455E-1
4.806546070E1,2.032050133E0,8.583000183E0,1.927950144E0
4.806790409E1,1.773000121E0,1.072395039E1,-5.389500260E-1
4.807034748E1,2.295000076E0,1.131105042E1,3.753000259E0
4.807279086E1,2.628000021E0,6.595950127E0,1.275000095E0
4.807523432E1,9.997950554E0,4.626000404E0,-5.526000500E0
4.807767762E1,1.234695053E1,4.290000439E0,-1.403100109E1
4.808012108E1,4.888050079E0,3.168000221E0,-2.017695045E1
4.808256446E1,2.890950203E0,2.959050179E0,-1.381605053E1
4.808500785E1,9.274950027E0,6.642000198E0,-6.714000225E0
4.808745146E1,4.390050411E0,6.163050175E0,-1.636050105E0
4.808989484E1,4.630050182E0,6.840000153E0,3.547050238E0
4.809233823E1,6.643050194E0,1.224900055E1,9.127950668E0
4.809478161E1,4.702050209E0,1.069995022E1,3.612000227E0
4.809722499E1,4.113000393E0,1.647705078E1,1.219950080E0
4.809966845E1,5.257050037E0,1.983195114E1,8.155950546E0
4.810211184E1,4.699050426E0,1.234500027E1,-6.874050140E0
4.810455523E1,4.378050327E0,1.031895065E1,-6.573000431E0
4.810699884E1,6.097050190E0,1.541895103E1,-9.991950035E0
4.810944222E1,4.615050316E0,1.317795086E1,-1.111995029E1
4.811188560E1,3.142950058E0,1.234695053E1,-9.055950165E0
4.811432898E1,3.337050200E0,1.467705059E1,-1.602000117E0
4.811677244E1,2.026950121E0,8.490000725E0,-3.858000278E0
4.811921583E1,5.830500126E-1,5.389050484E0,6.739500165E-1
4.812165921E1,2.392950058E0,6.156000137E0,-3.379500210E-1
4.812410260E1,2.980050087E0,4.855950356E0,-1.738950133E0
4.812654598E1,1.417050123E0,3.232050180E0,-3.826950073E0
4.812898959E1,2.305050135E0,7.522950172E0,1.606950045E0
4.813143298E1,5.359950066E0,8.176050186E0,-4.771950245E0
4.813387637E1,1.656000137E0,4.300050259E0,-3.910050154E0
4.813631976E1,-1.969950080E0,1.646295166E1,3.175950050E0
4.813876315E1,-2.976000071E0,9.223050117E0,1.172100067E1
4.814120661E1,-8.089500666E-1,5.269500017E-1,-4.128000259E0
4.814364999E1,-1.381050110E0,8.289000511E0,8.979000092E0
4.814609338E1,-1.257000089E0,1.146900082E1,5.283000469E0
4.814853702E1,2.542050123E0,7.822050571E0,1.861050129E0
4.815098018E1,1.315800095E1,1.045305061E1,6.520950317E0
4.815342379E1,2.142105103E1,3.285000086E0,-1.733295059E1
4.815586718E1,2.160000038E1,5.752950191E0,-3.480599976E1
4.815831056E1,1.194195080E1,1.129605007E1,-3.563895035E1
4.816075404E1,3.085050106E0,9.268050194E0,-2.402505112E1
4.816319743E1,1.807050109E0,6.943050385E0,-1.134900093E1
4.816564081E1,6.447000504E0,6.187050343E0,-2.328000069E0
4.816808420E1,6.622050285E0,5.401050091E0,1.570500135E-1
4.817052758E1,2.194950104E0,2.143050194E0,2.020500153E-1
4.817297121E1,7.311000347E0,4.626000404E0,1.645950079E0
4.817541460E1,8.322000504E0,6.852000237E0,-5.010000467E-1
4.817785798E1,3.094950199E0,4.863000393E0,-2.986050129E0
4.818030144E1,3.430050135E0,6.679950237E0,3.889050245E0
4.818274483E1,3.097050190E0,9.271050453E0,-4.309500158E-1
4.818518822E1,1.500000060E-1,8.871000290E0,-1.273950100E0
4.818763160E1,1.405050039E0,1.046100044E1,-1.837050080E0
4.819007521E1,4.351950169E0,7.872000217E0,-8.160000801E0
4.819251860E1,-1.240500063E-1,7.695000172E0,-4.813050270E0
4.819496198E1,3.340500295E-1,8.859000206E0,2.472000122E0
4.819740536E1,2.121000051E0,1.451595116E1,3.895950079E0
4.819984875E1,2.508000135E0,9.318000793E0,-1.626000047E0
4.820229221E1,-4.549500346E-1,1.084395027E1,-3.499050140E0
4.820473560E1,6.000000238E-1,2.017395020E1,2.632050037E0
4.820717898E1,2.704950094E0,1.843095016E1,3.460950136E0
4.820962236E1,2.367000103E0,1.428195095E1,-1.408050060E0
4.821206575E1,4.471950054E0,1.666905022E1,-1.569000125E0
4.821450936E1,3.703050137E0,1.767900085E1,-1.291050076E0
4.821695275E1,1.050000072E0,1.742100143E1,1.428000093E0
4.821939613E1,1.062000036E0,1.270395088E1,6.229500175E-1
4.822183951E1,7.530000210E-1,6.723000526E0,1.411050081E0
4.822428290E1,4.210500121E-1,4.360050201E0,-1.726950049E0
4.822672636E1,2.392950058E0,7.341000557E0,3.607050180E0
4.822916974E1,-2.730000019E-1,1.537050128E0,8.998950005E0
4.823161336E1,-3.660000265E-1,-3.769500256E-1,2.484000206E0
4.823405675E1,-9.550500512E-1,1.319999993E-1,3.765000105E0
4.823650013E1,-5.359500051E-1,9.240000248E-1,5.230500102E-1
4.823894351E1,2.815050125E0,1.080000028E-1,6.778950214E0
4.824138690E1,1.374495029E1,-4.005000368E-2,-4.453950405E0
4.824383036E1,1.661805153E1,-3.319500089E-1,-2.452995110E1
4.824627375E1,1.142205048E1,3.153000116E0,-2.999595070E1
4.824871713E1,9.885000229E0,8.964000702E0,-1.971705055E1
4.825116052E1,2.608950138E0,7.534950256E0,-2.016300011E1
4.825360413E1,5.386050224E0,7.525050163E0,-1.478805065E1
4.825604750E1,6.313050270E0,9.658050537E0,-9.738000870E0
4.825849088E1,5.013000011E0,8.895000458E0,9.319500327E-1
4.826093427E1,3.928050280E0,1.643400002E1,4.990950108E0
4.826337773E1,3.139950037E0,1.292205048E1,8.608050346E0
4.826582111E1,1.753950119E0,6.253950119E0,4.717950344E0
4.826826448E1,4.369050026E0,8.895000458E0,-7.485000134E0
4.827070786E1,3.946950197E0,1.111905098E1,7.159950256E0
4.827315125E1,3.856050253E0,9.847950935E0,3.169050217E0
4.827559486E1,2.109000206E0,1.304895020E1,-4.618950367E0
4.827803825E1,4.606050014E0,2.195595169E1,1.155000091E0
4.828048165E1,4.045950413E0,1.362105083E1,8.290500641E-1
4.828292503E1,1.599000096E0,9.673050880E0,-3.022050142E0
4.828536849E1,2.262000084E0,1.448295116E1,3.262050152E0
4.828781188E1,1.711050034E0,1.112895012E1,-6.060000062E-1
4.829025526E1,2.128050089E0,6.153000355E0,2.094000101E0
4.829269863E1,6.796950340E0,9.105000496E0,-1.267095089E1
4.829514201E1,5.365050316E0,6.735000134E0,-2.581095123E1
4.829758563E1,3.279000044E0,3.406950235E0,-1.997400093E1
4.830002901E1,3.697950125E0,5.694000244E0,-1.089900017E1
4.830247240E1,3.193050146E0,4.270950317E0,-3.628050089E0
4.830491578E1,4.201050282E0,5.284050465E0,5.331000328E0
4.830735924E1,1.070595074E1,1.289595032E1,7.560000420E0
4.830980263E1,1.233705044E1,8.179050446E0,-3.880500197E-1
4.831224601E1,1.255005074E1,-8.505000174E-2,-6.642000198E0
4.831468940E1,1.261005020E1,3.502950191E0,-1.078905010E1
4.831713301E1,9.040050507E0,7.438950539E0,-1.633005142E1
4.831957640E1,1.335000038E0,6.855000496E0,-1.559700108E1
4.832201978E1,6.000000238E-1,8.278950691E0,2.191950083E0
4.832446317E1,1.857000113E0,1.327095032E1,5.203950405E0
4.832690655E1,2.437050104E0,9.088950157E0,1.749000072E0
4.832935000E1,3.000000119E-2,9.405000687E0,-4.048950195E0
4.833179339E1,1.108050108E0,1.234995079E1,1.675050020E0
4.833423677E1,9.810000658E-1,9.354000092E0,3.000000026E-3
4.833668039E1,3.270000219E-1,1.023795033E1,1.509000063E0
4.833912377E1,9.690000415E-1,7.942050457E0,1.849500090E-1
4.834156713E1,4.350000322E-1,2.791950226E0,-5.850000381E-1
4.834401051E1,6.409500241E-1,5.293950081E0,-1.417950034E0
4.834645397E1,2.262000084E0,8.944950104E0,1.560000062E0
4.834889728E1,-3.229500055E-1,1.764000058E0,-2.461950064E0
4.835134072E1,1.162950039E0,2.455950022E0,6.139500141E-1
4.835378411E1,7.864050388E0,9.225000381E0,2.626950026E0
4.835622750E1,2.020050049E0,5.293950081E0,-3.778950214E0
4.835867111E1,3.241050243E0,5.521050453E0,2.452950001E0
4.836111450E1,5.259000301E0,6.571950436E0,3.825000286E0
4.836355788E1,2.305050135E0,5.779950142E0,1.108950019E0
4.836600126E1,6.382050514E0,1.129095078E1,4.476000309E0
4.836844472E1,3.957000256E0,7.875000477E0,-1.843950033E0
4.837088811E1,-6.510000229E-1,5.629050255E0,-3.199050188E0
4.837333150E1,1.374000072E0,4.465050220E0,-3.058050156E0
4.837577510E1,3.028050184E0,6.250950336E0,-8.833050728E0
4.837821826E1,8.520000577E-1,5.847000122E0,-7.858950138E0
4.838066187E1,2.434050083E0,6.241950512E0,-6.834000111E0
4.838310526E1,6.648000240E0,7.257000446E0,-8.590950012E0
4.838554864E1,2.710050106E0,8.638050079E0,-6.420000076E0
4.838799210E1,2.631000042E0,9.570000648E0,-2.089500129E-1
4.839043549E1,4.278000355E0,1.334805107E1,-3.268950224E0
4.839287888E1,3.436950207E0,1.202895069E1,-1.645050049E0
4.839532226E1,7.888050556E0,1.476795101E1,-1.269000053E0
4.839776564E1,8.911050797E0,1.027905083E1,-9.376950264E0
4.840020925E1,4.431000233E0,7.330950260E0,-1.068405056E1
4.840265264E1,4.699050426E0,8.209950447E0,-6.118050098E0
4.840509602E1,1.052205086E1,5.919000149E0,-6.262050152E0
4.840753948E1,2.788950205E0,5.380050182E0,-7.128000259E0
4.840998287E1,4.797000408E0,7.923000336E0,-1.303050041E0
4.841242625E1,1.044495010E1,6.876000404E0,-6.682950497E0
4.841486964E1,3.235950232E0,4.999050140E0,-1.076805019E1
4.841731325E1,2.278950214E0,8.136000633E0,-1.593000054E0
4.841975664E1,4.396950245E0,8.461050034E0,-2.136000156E0
4.842220002E1,1.170000076E0,7.069950104E0,-1.092000008E0
4.842464342E1,1.996050119E0,1.149195099E1,3.169050217E0
4.842708681E1,3.823050261E0,6.486000538E0,2.235000134E0
4.842953027E1,1.246950030E0,7.053000450E0,-2.340000153E0
4.843197365E1,-2.820000052E-1,7.681050301E0,-2.455050230E0
4.843441704E1,4.714050293E0,4.899000168E0,-3.724050283E0
4.843686042E1,1.306050062E0,3.946050167E0,-4.236000061E0
4.843930404E1,-9.580500722E-1,6.630000114E0,2.127000093E0
4.844174742E1,2.947050095E0,6.081000328E0,2.173050165E0
4.844419081E1,1.954950094E0,6.201000214E0,-2.455050230E0
4.844663419E1,1.053000093E0,4.432050228E0,-8.790000677E-1
4.844907758E1,4.606050014E0,5.755950451E0,2.730000019E0
4.845152104E1,2.503950119E0,4.942050457E0,-1.336050034E0
4.845396443E1,8.497050285E0,8.647950172E0,-3.178050041E0
4.845640781E1,1.370205021E1,9.591000557E0,-7.341000557E0
4.845885143E1,5.892000198E0,6.723000526E0,-8.596050262E0
4.846129484E1,4.354050159E0,1.100895023E1,-5.328000069E0
4.846373822E1,5.299950123E0,1.140600014E1,1.567050099E0
4.846618161E1,3.327000141E0,1.022400093E1,-3.910050154E0
4.846862507E1,1.492950082E0,9.571950912E0,-1.975950122E0
4.847106844E1,7.053000450E0,1.157400036E1,-2.269950151E0
4.847351182E1,5.449050426E0,8.791950226E0,-9.208950043E0
4.847595521E1,1.687050104E0,1.058700085E1,-5.778000355E0
4.847839859E1,5.227950096E0,9.924000740E0,-4.518000126E0
4.848084220E1,2.761950016E0,1.080795097E1,-5.707950115E0
4.848328559E1,3.088050127E0,1.213905048E1,-2.143050194E0
4.848572905E1,9.265050888E0,1.286895084E1,-3.618000269E0
4.848817236E1,3.093000174E0,9.181950569E0,-8.080950737E0
4.849061582E1,-3.949500322E-1,7.575000286E0,-1.887000084E0
4.849305921E1,3.106950045E0,9.787950516E0,1.660050035E0
4.849550261E1,2.403000116E0,9.237000465E0,-3.321000099E0
4.849794622E1,3.130500019E-1,5.658000469E0,7.600500584E-1
4.850038960E1,3.162000179E0,7.345950127E0,1.327050090E0
4.850283299E1,5.701950073E0,1.170105076E1,-3.505950212E0
4.850527637E1,1.759050131E0,7.609050274E0,-3.328950167E0
4.850771976E1,1.708950043E0,9.196050644E0,-3.360000253E-1
4.851016322E1,2.608950138E0,1.018800068E1,-5.460000038E-1
4.851260660E1,1.147950053E0,1.084395027E1,-2.104950190E0
4.851504999E1,7.735050201E0,1.185900021E1,4.699500203E-1
4.851749337E1,6.226950169E0,9.473999977E0,-8.875950813E0
4.851993676E1,2.254950047E0,8.233950615E0,-6.214050293E0
4.852238037E1,3.136050224E0,8.884950638E0,1.476000071E0
4.852482376E1,5.298000336E0,9.238950729E0,-3.550500274E-1
4.852726714E1,2.158950090E0,6.690000534E0,-1.135050058E0
4.852971060E1,5.992050171E0,8.251049995E0,6.499500275E-1
4.853215392E1,7.000050545E0,7.744950294E0,-6.463050365E0
4.853459738E1,3.066000223E0,7.252050400E0,-9.883950233E0
4.853704077E1,1.611000061E0,7.081950188E0,-4.951950073E0
4.853948438E1,3.148050070E0,6.819000244E0,-2.859000206E0
4.854192777E1,2.398050070E0,6.742050171E0,-2.071950197E0
4.854437115E1,4.951050282E0,1.044405079E1,-2.020500153E-1
4.854681453E1,3.946950197E0,8.209950447E0,-3.253950119E0
4.854925792E1,9.000000544E-3,4.278000355E0,-3.235050201E0
4.855170138E1,-2.395950079E0,7.252050400E0,1.485000014E0
4.855414476E1,1.479000092E0,2.788950205E0,-1.510500014E-1
4.855658813E1,9.810000658E-1,2.113950014E0,-3.276000261E0
4.855903175E1,1.090950012E0,4.317000389E0,1.986000061E0
4.856147513E1,6.825000286E0,3.739950180E0,-8.430000544E-1
4.856391852E1,4.546050072E0,5.404050350E0,-4.495050430E0
4.856636190E1,1.290000081E0,6.115050316E0,2.503050089E0
4.856880531E1,2.860050201E0,6.373050213E0,3.123000145E0
4.857124869E1,1.765950084E0,7.302000523E0,-1.630950093E0
4.857369215E1,7.270950317E0,1.228695011E1,-1.687950134E0
4.857613554E1,9.640950203E0,9.714000702E0,-9.910050392E0
4.857857892E1,2.623050213E0,7.234950542E0,-1.119405079E1
4.858102255E1,1.564950109E0,8.452050209E0,-7.995000362E0
4.858346594E1,7.861950397E0,8.404050827E0,-7.441950321E0
4.858590932E1,3.033000231E0,5.488050461E0,-1.056405067E1
4.858835271E1,1.966950059E0,6.499950409E0,-5.658000469E0
4.859079616E1,7.398000240E0,6.019050121E0,-6.400050163E0
4.859323956E1,3.234000206E0,5.401050091E0,-1.126095009E1
4.859568294E1,6.649500132E-1,4.978050232E0,-5.505000114E0
4.859812633E1,4.105050087E0,6.864000320E0,2.472000122E0
4.860056971E1,2.034000158E0,4.827000141E0,-1.489500105E-1
4.860301332E1,1.251000047E0,1.027905083E1,2.282999992E0
4.860545670E1,6.315000534E0,7.432050228E0,2.641950130E0
4.860790016E1,8.166000366E0,5.044950008E0,-1.162050009E0
4.861034354E1,5.056050301E0,6.304050446E0,-7.818000317E0
4.861278693E1,8.643000603E0,5.713050365E0,-1.355895042E1
4.861523031E1,7.753950596E0,3.313950062E0,-1.472295094E1
4.861767370E1,4.512000084E0,4.324050426E0,-1.256805038E1
4.862011731E1,8.604000092E0,6.511950493E0,-7.191000462E0
4.862256070E1,4.906949997E0,6.754050255E0,-3.721050262E0
4.862500408E1,1.069050074E0,9.244050026E0,4.359000206E0
4.862744747E1,2.956050158E0,1.184400082E1,5.256000042E0
4.862989085E1,5.002950191E0,1.160505009E1,3.292950153E0
4.863233431E1,3.981000185E0,1.568505096E1,-4.648050308E0
4.863477770E1,4.279950142E0,1.738005066E1,4.593000412E0
4.863722108E1,3.282000065E0,1.389600086E1,2.290050030E0
4.863966447E1,9.660000205E-1,1.348005104E1,-3.967950106E0
4.864210807E1,7.870500088E-1,1.647300148E1,-6.060000062E-1
4.864455146E1,2.548950195E0,1.283295059E1,3.187950134E0
4.864699492E1,8.280000687E-1,1.232295036E1,-2.857050180E0
4.864943823E1,-2.509500086E-1,1.630305099E1,1.411050081E0
4.865188170E1,1.684950113E0,1.455495071E1,3.085050106E0
4.865432509E1,3.730500042E-1,1.159500027E1,-2.850000143E0
4.865676848E1,1.669500023E-1,1.142100048E1,2.742000103E0
4.865921209E1,-6.370500326E-1,8.409000397E0,2.670000196E-1
4.866165548E1,-3.466950178E0,8.830050468E0,-2.791950226E0
4.866409888E1,-1.362000108E0,8.397000313E0,6.418050289E0
4.866654226E1,1.402050018E0,3.225000143E0,8.503050804E0
4.866898565E1,2.074949980E0,2.160000086E0,9.589500427E-1
4.867142911E1,8.926950455E0,3.606000185E0,4.516950130E0
4.867387250E1,1.470705032E1,4.600500166E-1,-1.162005043E1
4.867631590E1,9.820950508E0,-2.755050182E0,-1.658805084E1
4.867875951E1,7.596000195E0,2.856000185E0,-1.558200073E1
4.868120290E1,8.698050499E0,4.374000072E0,-1.845105171E1
4.868364628E1,2.877000093E0,4.161000252E0,-1.871400070E1
4.868608967E1,3.069000244E0,6.199050426E0,-1.269705105E1
4.868853311E1,5.511000156E0,6.510000229E0,-5.869050503E0
4.869097650E1,6.849000454E0,9.306000710E0,-6.525000095E0
4.869341988E1,8.638050079E0,1.495695114E1,-3.721050262E0
4.869586327E1,3.379950047E0,9.685050011E0,7.170000076E-1
4.869830688E1,-8.100000024E-2,9.988950729E0,3.709950209E0
4.870075028E1,1.273050070E0,1.185405064E1,4.327050209E0
4.870319367E1,4.062000275E0,1.363800049E1,8.959500194E-1
4.870563705E1,3.124050140E0,1.074105072E1,-1.032000065E0
4.870808044E1,2.773950100E0,1.340295029E1,3.316950083E0
4.871052390E1,2.992050171E0,1.285200024E1,2.560050011E0
4.871296729E1,2.226000071E0,9.871950150E0,-1.866000056E0
4.871541068E1,1.780950069E0,1.192095089E1,-3.379500210E-1
4.871785406E1,1.033995056E1,9.453000069E0,-1.368000031E0
4.872029768E1,7.654050350E0,1.137795067E1,-1.854900169E1
4.872274106E1,1.036905003E1,9.895050049E0,-2.116095161E1
4.872518445E1,6.466050148E0,9.292050362E0,-1.864200020E1
4.872762784E1,1.459950089E0,6.943050385E0,-7.255050182E0
4.873007130E1,2.161050081E0,9.544050217E0,7.399050236E0
4.873251468E1,1.998000145E0,1.352505112E1,4.746000290E0
4.873495807E1,-1.537050128E0,7.318950176E0,4.633950233E0
4.873740145E1,-3.807000160E0,8.683950424E0,2.254050016E0
4.873984507E1,-2.016000032E0,9.699000359E0,3.442050219E0
4.874228845E1,1.182000041E0,1.072200012E1,2.896050215E0
4.874473184E1,3.591000080E0,1.611600113E1,5.515050411E0
4.874717522E1,3.856050253E0,1.543305111E1,4.608000278E0
4.874961868E1,2.398050070E0,1.321395016E1,-1.722000122E0
4.875206207E1,2.728950024E0,1.810095024E1,-1.945050120E0
4.875450545E1,4.492950439E0,1.765995026E1,8.232000351E0
4.875694906E1,1.917000055E0,6.073950291E0,3.564000130E0
4.875939222E1,2.098950148E0,2.902050257E0,-1.590000033E0
4.876183583E1,2.429400063E1,2.895000219E0,-1.708395004E1
4.876427922E1,1.137195015E1,1.360500008E-1,-3.346305084E1
4.876672268E1,6.682050228E0,-5.670000315E-1,-2.614095116E1
4.876916606E1,6.562050343E0,2.083050013E0,-2.333295059E1
4.877160945E1,4.180500209E-1,1.887000084E0,-1.310400105E1
4.877405284E1,1.552950025E0,3.787950277E0,9.664050102E0
4.877649622E1,-1.162950039E0,1.201005077E1,9.810000420E0
4.877893984E1,-3.646050215E0,3.658050060E0,5.569950104E0
4.878138322E1,-6.799500585E-1,1.645050049E0,1.519050121E0
4.878382661E1,1.672950029E0,2.239050150E0,1.369395065E1
4.878626999E1,1.639050126E0,1.093950033E0,6.322050095E0
4.878871338E1,2.077050209E0,2.325000048E0,2.665950060E0
4.879115684E1,1.929000139E0,3.220050097E0,7.408950329E0
4.879360022E1,2.917950153E0,3.864000082E0,6.880500317E-1
4.879604362E1,2.077050209E0,7.429050446E0,-1.630500108E-1
4.879848701E1,1.525605106E1,1.075305080E1,3.685950279E0
4.880093062E1,1.412100029E1,4.386000156E0,-2.084505081E1
4.880337401E1,1.418505096E1,5.752950191E0,-3.878595352E1
4.880581747E1,4.157999992E0,6.802050114E0,-3.918300247E1
4.880826084E1,-4.380000234E-1,3.820950270E0,-1.107900047E1
4.881070422E1,1.756950140E0,5.703000069E0,1.369950056E0
4.881314761E1,2.656950235E0,1.925505066E1,3.307050228E0
4.881559099E1,1.723050117E0,9.654000282E0,3.283050060E0
4.881803460E1,-7.200000435E-2,3.096000195E0,4.605000019E0
4.882047799E1,-8.260500431E-1,8.935050011E0,9.900000691E-1
4.882292138E1,1.135950089E0,7.222950459E0,1.417950034E0
4.882536484E1,1.639500111E-1,5.370000362E0,1.063950062E0
4.882780815E1,1.227000117E0,9.963000298E0,3.501000166E0
4.883025160E1,2.781000137E0,4.578000069E0,-2.905050039E0
4.883269499E1,6.574050426E0,3.402000189E0,-4.710000038E0
4.883513860E1,6.691050529E0,5.971050262E0,4.579500258E-1
4.883758176E1,2.748000145E0,6.214950085E0,5.632050037E0
4.884002537E1,2.695050240E0,9.924000740E0,3.796050072E0
4.884246876E1,5.644950390E0,8.955000877E0,5.146050453E0
4.884491222E1,9.447000504E0,3.871050119E0,-1.149105072E1
4.884735560E1,9.382050514E0,3.127050161E0,-1.723005104E1
4.884979899E1,1.388400078E1,4.990050316E0,-2.224800110E1
4.885224237E1,7.338000298E0,4.401000023E0,-2.361795044E1
4.885468576E1,-2.539499998E-1,7.831950188E0,-1.376805019E1
4.885712935E1,1.681950092E0,1.371900082E1,1.021995068E1
4.885957274E1,3.745950222E0,1.718400002E1,8.605950356E0
4.886201612E1,3.078000069E0,9.782999992E0,4.905000329E-2
4.886445950E1,1.821000099E0,1.371195030E1,-2.026050091E0
4.886690289E1,2.755050182E0,1.604594994E1,1.123950005E0
4.886934634E1,9.829500318E-1,1.574700069E1,-5.275050163E0
4.887178973E1,2.896050215E0,1.918500137E1,4.171950340E0
4.887423312E1,3.006000042E0,1.471305084E1,5.279999971E-1
4.887667650E1,1.893000126E0,1.260600090E1,-1.341000080E0
4.887912011E1,2.074949980E0,1.589295101E1,2.319000006E0
4.888156350E1,1.539000034E0,1.078905010E1,-1.260000110E0
4.888400688E1,-1.395000052E-2,5.184000015E0,-4.030500054E-1
4.888645034E1,-2.422950029E0,1.068795013E1,3.565950155E0
4.888889373E1,-8.520000577E-1,5.485050201E0,9.799500704E-1
4.889133710E1,2.020050049E0,6.292050362E0,-9.079500437E-1
4.889378048E1,4.954950333E0,6.790050507E0,1.093095016E1
4.889622410E1,3.556950092E0,4.900950432E0,9.010500312E-1
4.889866748E1,5.587050438E0,8.799000740E0,3.757950068E0
4.890111087E1,4.821000099E0,8.386950493E0,1.011900043E1
4.890355424E1,3.100050211E0,6.618000507E0,2.569950104E0
4.890599762E1,1.488000035E0,3.213000059E0,5.140950203E0
4.890844108E1,8.803050041E0,4.221000195E0,3.583050251E0
4.891088447E1,9.505050659E0,4.377000332E0,-2.150595093E1
4.891332808E1,6.385050297E0,9.859500527E-1,-2.613405037E1
4.891577146E1,5.077050209E0,4.831950188E0,-2.346000099E1
4.891821484E1,9.109500647E-1,9.007050514E0,-2.094795036E1
4.892065823E1,1.165050030E0,9.814050674E0,-9.171000481E0
4.892310169E1,2.935050249E0,1.328100109E1,-1.672050118E0
4.892554508E1,1.692000031E0,1.285995102E1,2.749950171E0
4.892798846E1,1.945950150E0,1.467705059E1,4.990500212E-1
4.893043184E1,4.687050343E0,1.501905060E1,6.367050171E0
4.893287523E1,3.934950113E0,7.627950191E0,-2.127000093E0
4.893531884E1,3.157050133E0,6.475950241E0,-2.020500153E-1
4.893776223E1,1.494000053E1,1.003395081E1,-1.006395054E1
4.894020563E1,1.116405010E1,3.226950169E0,-2.116095161E1
4.894264901E1,9.700950623E0,8.287050247E0,-1.433700085E1
4.894509247E1,1.110900021E1,8.643000603E0,-1.536705112E1
4.894753586E1,3.652950287E0,7.069950104E0,-1.412400055E1
4.894997924E1,2.190000057E0,7.348050117E0,-5.277000427E0
4.895242284E1,4.599000454E0,1.078395081E1,5.260950089E0
4.895486600E1,2.760000229E0,8.488050461E0,5.541000366E0
4.895730961E1,1.444950104E0,8.662050247E0,9.319500327E-1
4.895975300E1,1.986000061E0,1.036995029E1,8.833050728E0
4.896219646E1,4.609500170E-1,5.061000347E0,4.519050121E0
4.896463983E1,1.735050082E0,5.547000408E0,4.252950191E0
4.896708321E1,6.229050159E0,7.057950497E0,2.170050144E0
4.896952660E1,5.398050308E0,5.992950439E0,-1.187400055E1
4.897196998E1,9.040500522E-1,5.041950226E0,-1.353105068E1
4.897441359E1,1.894950032E0,5.587950230E0,-1.052100086E1
4.897685698E1,-3.300000131E-1,6.508050442E0,-3.669000149E0
4.897930036E1,2.220000178E-1,5.566950321E0,1.402050018E0
4.898174375E1,1.314000010E0,1.030500031E1,1.669950128E0
4.898418721E1,2.595000029E0,8.614950180E0,2.553000212E0
4.898663060E1,6.030000448E-1,5.317950249E0,-6.949500442E-1
4.898907399E1,6.550500393E-1,1.309200096E1,4.440000355E-1
4.899151760E1,1.534050107E0,1.226805019E1,-2.337000132E0
4.899396099E1,1.567050099E0,6.694050312E0,-3.405000269E-2
4.899640437E1,1.407000065E0,9.510000229E0,1.785000086E0
4.899884776E1,2.803050041E0,1.055595016E1,1.111950040E0
4.900129123E1,1.396950126E0,5.478000164E0,2.569500208E-1
4.900373462E1,1.174950004E0,9.364050865E0,1.138050079E0
4.900617800E1,2.046000004E0,1.059000015E1,2.469000101E0
4.900862139E1,-9.600000083E-2,4.237950325E0,3.270000219E-1
4.901106477E1,1.263000011E0,3.019050121E0,5.323050022E0
4.901350839E1,2.683050156E0,5.326950073E0,5.725950241E0
4.901595178E1,2.797950029E0,5.382000446E0,6.795000285E-2
4.901839516E1,4.515000343E0,8.653050423E0,7.156950474E0
4.902083855E1,8.546999931E0,3.429000139E0,-1.186050057E0
4.902328201E1,1.387950063E0,2.887050152E0,-8.689050674E0
4.902572540E1,6.499500275E-1,7.285950184E0,-1.340595055E1
4.902816878E1,1.242000103E0,1.175999999E0,-1.775205040E1
4.903061240E1,1.347000122E0,-1.480950117E0,-1.663395119E1
4.903305578E1,2.131950140E0,2.485050201E0,-7.947000504E0
4.903549917E1,5.712000370E0,4.578000069E0,-5.155050278E0
4.903794254E1,5.419950485E0,5.722050190E0,-2.526000023E0
4.904038600E1,7.462050438E0,1.202595043E1,1.780500114E-1
4.904282938E1,6.136050224E0,1.165995026E1,1.216950059E0
4.904527277E1,2.587050200E0,1.246905041E1,1.450500041E-1
4.904771615E1,4.933950424E0,1.939800072E1,7.402050495E0
4.905015978E1,5.106000423E0,1.391805077E1,7.099500299E-1
4.905260317E1,6.114000320E0,9.211050034E0,-1.996950150E0
4.905504655E1,1.187700081E1,1.251705074E1,-1.060995007E1
4.905748994E1,1.249305058E1,8.479949951E0,-1.665000153E1
4.905993340E1,7.423950195E0,1.125495052E1,-1.390905094E1
4.906237677E1,8.473050117E0,1.284000015E1,-1.326495075E1
4.906482015E1,3.129000187E0,1.039395046E1,-1.155105019E1
4.906726377E1,3.139950037E0,1.034805012E1,-8.209950447E0
4.906970692E1,5.647050381E0,9.687000275E0,-5.503050327E0
4.907215056E1,4.966950417E0,6.795000553E0,-5.388000488E0
4.907459394E1,3.973950148E0,7.390950203E0,-1.578000069E0
4.907703740E1,7.924050331E0,1.189500046E1,-2.206050158E0
4.907948079E1,3.949950218E0,1.000995064E1,-3.124950171E0
4.908192417E1,1.354050040E0,7.626000404E0,3.339000225E0
4.908436757E1,-1.780950069E0,1.542900085E1,6.832050323E0
4.908681096E1,-1.980000138E0,5.571000099E0,6.090000153E0
4.908925457E1,-2.434950113E0,6.157950401E0,-3.865050077E0
4.909169796E1,-2.389050007E0,7.129950523E0,3.058050156E0
4.909414134E1,5.590500236E-1,7.269000530E0,5.890950203E0
4.909658473E1,1.989000082E0,1.193100071E1,2.260500044E-1
4.909902818E1,2.178000212E0,1.208100033E1,1.693950057E0
4.910147157E1,2.499000072E0,8.056950569E0,1.950000048E0
4.910391496E1,6.567000389E0,1.526805115E1,-2.718000174E0
4.910635834E1,1.497495079E1,2.052105141E1,-1.023405075E1
4.910880172E1,8.191950798E0,1.275195026E1,-1.254705048E1
4.911124533E1,4.881000042E0,1.374600029E1,-8.289000511E0
4.911368872E1,4.608000278E0,1.733895111E1,-2.683950186E0
4.911613218E1,5.616000175E0,1.592205048E1,-1.384050012E0
4.911857557E1,3.223950148E0,1.318305016E1,-7.620000243E-1
4.912101895E1,5.716950417E0,1.349895096E1,-6.850500107E-1
4.912346234E1,6.355950356E0,1.312995052E1,-1.068600082E1
4.912590595E1,3.787050247E0,1.068600082E1,-9.889050484E0
4.912834934E1,5.554050446E0,8.072999954E0,-7.533000469E0
4.913079272E1,4.570050240E0,7.719000340E0,-7.674000263E0
4.913323610E1,5.821950436E0,6.928950310E0,-4.626000404E0
4.913567956E1,5.568000317E0,9.690000534E0,-5.416050434E0
4.913812294E1,8.010000587E-1,5.698050499E0,-1.498950124E0
4.914056633E1,1.135950089E0,2.416050196E0,7.135950565E0
4.914300971E1,3.100500107E-1,7.906050205E0,5.890950203E0
4.914545333E1,-3.454950094E0,6.807000160E0,9.340950012E0
4.914789671E1,-3.370500207E-1,-4.540500343E-1,-5.179499984E-1
4.915034010E1,1.654050112E0,1.654050112E0,1.849050045E0
4.915278348E1,8.659500480E-1,2.788950205E0,6.532950401E0
4.915522694E1,3.184050083E0,7.932000160E0,3.427050114E0
4.915767033E1,9.892050743E0,8.971050262E0,-9.051000595E0
4.916011371E1,1.021605015E1,4.293000221E0,-1.391805077E1
4.916255710E1,7.189050198E0,7.723950386E0,-2.247600174E1
4.916500071E1,5.749950409E0,9.970050812E0,-2.434800148E1
4.916744410E1,-7.489500642E-1,7.786050320E0,-1.328595066E1
4.916988748E1,-6.340500116E-1,5.365950108E0,-1.272000074E0
4.917233087E1,7.339500189E-1,1.288800049E1,5.556000233E0
4.917477425E1,9.979500771E-1,1.239300060E1,8.050950050E0
4.917721771E1,7.819500566E-1,5.530950069E0,7.189500332E-1
4.917966110E1,1.534050107E0,9.895050049E0,2.284950018E0
4.918210450E1,5.346000195E0,1.046295071E1,3.259950161E0
4.918454788E1,5.914950371E0,6.562950134E0,1.246050000E0
4.918699149E1,1.562205029E1,5.161950111E0,-6.016950130E0
4.918943488E1,6.994950294E0,6.441000462E0,-1.701195145E1
4.919187834E1,7.459950447E0,7.864950180E0,-1.695195007E1
4.919432173E1,6.804000378E0,9.421050072E0,-2.048805046E1
4.919676512E1,-1.510500014E-1,3.199050188E0,-1.418400097E1
4.919920850E1,1.980000138E-1,4.080000401E0,4.095000267E0
4.920165189E1,-2.382000208E0,1.440195084E1,1.478100109E1
4.920409551E1,-2.353049994E0,1.434000015E0,3.685950279E0
4.920653889E1,2.065050125E0,-1.450500041E-1,1.981050134E0
4.920898228E1,2.977950096E0,4.306950092E0,6.549000263E0
4.921142566E1,4.338000298E0,5.029950142E0,8.191950798E0
4.921386912E1,5.748000145E0,1.168200016E1,6.019500494E-1
4.921631251E1,4.279950142E0,1.150695038E1,2.316000223E0
4.921875612E1,3.136050224E0,7.366950512E0,1.308000088E0
4.922119927E1,4.644000053E0,1.171500015E1,-1.959000111E0
4.922364289E1,1.025595093E1,1.387200069E1,-7.321950436E0
4.922608627E1,2.985000134E0,7.270950317E0,-8.593950272E0
4.922852966E1,4.756950378E0,8.641050339E0,-1.084200096E1
4.923097312E1,6.817950249E0,9.168000221E0,-1.118205070E1
4.923341651E1,1.795050144E0,6.342000484E0,-1.027695084E1
4.923585989E1,3.715050220E0,5.137950420E0,-7.324950218E0
4.923830328E1,9.181050301E0,7.954050541E0,-8.521950722E0
4.924074689E1,7.090950489E0,4.551000118E0,-1.265205097E1
4.924319028E1,4.534049988E0,5.002050400E0,-6.778950214E0
4.924563366E1,6.390000343E0,7.599000454E0,-4.015950203E0
4.924807705E1,3.325050116E0,7.333950520E0,-5.029500127E-1
4.925052043E1,6.540000439E0,1.145205021E1,7.741950512E0
4.925296389E1,4.684950352E0,1.002000046E1,9.808050156E0
4.925540728E1,1.579050064E0,5.425050259E0,6.271950245E0
4.925785066E1,5.530050278E0,6.514950275E0,3.892050266E0
4.926029405E1,7.563000202E0,5.647950172E0,1.920000017E-1
4.926273766E1,8.338050842E0,1.012950063E0,-1.543605042E1
4.926518103E1,6.801000118E0,7.660500407E-1,-2.082105064E1
4.926762449E1,1.104900074E1,4.410000324E0,-1.954305077E1
4.927006788E1,3.943050146E0,5.659950256E0,-1.881000137E1
4.927251126E1,2.440950155E0,7.060950279E0,-1.494600105E1
4.927495464E1,2.128050089E0,8.773050308E0,-6.241950512E0
4.927739802E1,2.319000006E0,6.840000153E0,3.532050133E0
4.927984163E1,2.484000206E0,1.315200043E1,1.720050097E0
4.928228502E1,3.322050095E0,1.502400112E1,6.019950390E0
4.928472840E1,1.753950119E0,8.052000046E0,2.011950016E0
4.928717178E1,-1.150500029E-1,1.049400043E1,-3.052950144E0
4.928961526E1,2.286000013E0,1.355205059E1,2.793000221E0
4.929205864E1,2.101050138E0,1.074300098E1,1.129500046E-1
4.929450203E1,1.108050108E0,1.428195095E1,5.040000081E-1
4.929694564E1,2.644950151E0,1.548900032E1,3.729000092E0
4.929938903E1,2.346000195E0,1.410195065E1,-1.849500090E-1
4.930183243E1,1.381050110E0,1.320000076E1,1.606950045E0
4.930427581E1,4.216050148E0,1.243305016E1,4.885050297E0
4.930671927E1,5.185050011E0,1.330500031E1,9.439500570E-1
4.930916258E1,6.853950500E0,1.659495163E1,5.770950317E0
4.931160606E1,2.480595207E1,1.149495029E1,3.327000141E0
4.931404945E1,1.379700089E1,7.449000359E0,-3.704700089E1
4.931649306E1,8.725950241E0,8.820000648E0,-3.867300034E1
4.931893645E1,7.050000191E0,7.827000141E0,-3.074100113E1
4.932137983E1,8.710500598E-1,3.742050171E0,-1.675304985E1
4.932382321E1,2.683050156E0,6.088950157E0,8.886000633E0
4.932626667E1,2.013000011E0,9.164999962E0,9.568050385E0
4.932871006E1,6.360000372E-1,4.258950233E0,2.604000092E0
4.933115344E1,1.170000061E-1,2.740950108E0,1.645950079E0
4.933359683E1,-1.567950130E0,7.719000340E0,8.635050774E0
4.933604045E1,-1.906050086E0,4.256999969E0,1.108950019E0
4.933848384E1,-8.400000632E-2,7.872000217E0,1.915950060E0
4.934092723E1,3.319500089E-1,5.610000134E0,5.982000351E0
4.934337069E1,1.069500074E-1,4.918050289E0,-1.083000064E0
4.934581407E1,1.840500087E-1,7.590000153E0,3.348000050E0
4.934825748E1,1.942950130E0,5.914050102E0,3.585000277E0
4.935070086E1,1.725000024E0,4.003050327E0,9.540000558E-1
4.935314447E1,1.302000046E0,6.735000134E0,2.023950100E0
4.935558786E1,3.025950193E0,1.086495018E1,3.801000118E0
4.935803125E1,2.173050165E0,7.659000397E0,-7.470000386E-1
4.936047463E1,1.444950104E0,8.506950378E0,-4.344000340E0
4.936291802E1,2.590050220E0,1.251495075E1,4.272000313E0
4.936536148E1,3.283950090E0,1.109295082E1,1.087950110E0
4.936780487E1,6.868050098E0,1.189500046E1,3.319050074E0
4.937024825E1,1.530600071E1,9.417000771E0,-1.768905067E1
4.937269185E1,5.022000313E0,6.757050514E0,-2.157795143E1
4.937513524E1,3.502050161E0,5.593050480E0,-1.568805027E1
4.937757862E1,3.816000223E0,7.053000450E0,-9.966000557E0
4.938002201E1,1.855050087E0,4.810050011E0,-5.008950233E0
4.938246539E1,2.343000174E0,5.215050220E0,3.319050074E0
4.938490885E1,2.925000191E0,1.051800060E1,7.309500575E-1
4.938735224E1,1.057050109E0,4.353000164E0,1.483050108E0
4.938979562E1,1.095000096E-2,1.255050063E0,8.800500631E-1
4.939223924E1,1.020000055E-1,7.774050236E0,5.364000320E0
4.939468262E1,-1.980000138E0,7.687950134E0,3.148950100E0
4.939712600E1,-3.232050180E0,5.959050179E0,8.460000157E-1
4.939956939E1,2.347950220E0,3.831000090E0,5.395050049E0
4.940201284E1,6.394050121E0,3.832950115E0,-3.879000187E0
4.940445623E1,1.070205021E1,1.015605068E1,-7.930050373E0
4.940689962E1,1.185105038E1,4.531949997E0,-1.533600044E1
4.940934302E1,4.369050026E0,7.165950298E0,-1.535700035E1
4.941178640E1,4.137000084E0,1.196700096E1,-4.024950027E0
4.941423002E1,3.169050217E0,1.332705021E1,-2.503050089E0
4.941667340E1,3.531000137E0,1.601805115E1,2.592000008E0
4.941911686E1,2.365050077E0,1.687695122E1,4.414050102E0
4.942156026E1,2.700000048E0,1.210500050E1,3.453000069E0
4.942400365E1,3.253050089E0,1.409295082E1,-2.317950010E0
4.942644703E1,1.556400108E1,2.122800064E1,-8.811000824E0
4.942889065E1,9.054000854E0,1.261305046E1,-1.453095055E1
4.943133403E1,2.326050043E0,1.260105038E1,-1.224195099E1
4.943377742E1,2.548950195E0,1.354200077E1,-7.018050194E0
4.943622080E1,2.716950178E0,9.418950081E0,-5.296950340E0
4.943866419E1,1.060050011E0,3.055050135E0,-7.843950272E0
4.944110765E1,3.877950191E0,2.257950068E0,-6.751950264E0
4.944355105E1,5.266950130E0,5.245950222E0,-1.227600098E1
4.944599467E1,-1.459500045E-1,1.726050138E0,-5.467050076E0
4.944843782E1,1.255950093E0,2.824950218E0,6.765000343E0
4.945088144E1,-2.806050062E0,1.043895054E1,8.749950409E0
4.945332482E1,-1.585050106E0,9.259500504E-1,-2.140500098E-1
4.945576821E1,2.392950058E0,1.702050090E0,6.376950264E0
4.945821167E1,4.150950432E0,4.777050018E0,9.223950386E0
4.946065505E1,2.982000113E0,4.867050171E0,4.228950024E0
4.946309844E1,2.282999992E0,4.932000160E0,5.011950016E0
4.946554182E1,2.223000050E0,5.137950420E0,4.248000145E0
4.946798544E1,2.935050249E0,4.744950294E0,-8.580000401E-1
4.947042882E1,7.705950260E0,6.301950455E0,-3.859500289E-1
4.947287221E1,1.108500099E1,6.514950275E0,-1.112895012E1
4.947531559E1,4.780950069E0,5.650050163E0,-1.363395023E1
4.947775905E1,6.895050526E0,1.390095043E1,-1.498395061E1
4.948020242E1,4.072050095E0,1.030695057E1,-1.161300087E1
4.948264581E1,2.317050219E0,1.195500088E1,-6.217950344E0
4.948508919E1,7.515000343E0,1.933095169E1,-5.980950356E0
4.948753281E1,4.267950058E0,1.549095058E1,-2.215050220E0
4.948997619E1,2.058000088E0,9.886050224E0,-1.008000016E0
4.949241956E1,6.508950233E0,1.393905067E1,5.086050034E0
4.949486302E1,4.291950226E0,1.311105061E1,-5.155050278E0
4.949730641E1,3.816000223E0,6.771000385E0,-6.487050533E0
4.949974979E1,1.338105106E1,1.198095036E1,-1.003005028E1
4.950219318E1,8.632950783E0,1.195200062E1,-1.522605038E1
4.950463680E1,5.572950363E0,9.702000618E0,-1.354995060E1
4.950708018E1,4.888050079E0,1.060695076E1,-8.458950043E0
4.950952357E1,1.476000071E0,7.924950600E0,-5.620050430E0
4.951196695E1,1.192050099E0,7.732950211E0,5.730000138E-1
4.951441041E1,4.471950054E0,1.324005032E1,5.776050091E0
4.951685381E1,1.488000035E0,7.357950211E0,1.768050075E0
4.951929743E1,-2.920500040E-1,9.790500402E-1,1.914000034E0
4.952174058E1,2.980500162E-1,3.318000078E0,3.778950214E0
4.952418420E1,-4.000500143E-1,4.542000294E0,4.573950291E0
4.952662758E1,-5.580000281E-1,4.500000179E-2,-1.219050050E0
4.952907097E1,1.218000054E0,-6.405000389E-2,7.770000100E-1
4.953151436E1,4.026000023E0,1.252050042E0,-1.305000067E0
4.953395782E1,6.790500283E-1,2.737050056E0,-7.329000473E0
4.953640120E1,2.310000181E0,3.091050148E0,-6.043950081E0
4.953884459E1,1.384950042E0,2.989950180E0,-3.549000263E0
4.954128818E1,4.159500301E-1,5.551950455E0,-2.707950115E0
4.954373157E1,3.676950216E0,9.687000275E0,3.640050173E0
4.954617495E1,1.390050054E0,7.072950363E0,-1.660500020E-1
4.954861834E1,1.519500017E-1,4.579950333E0,-2.661000013E0
4.955106172E1,2.893950224E0,1.086795044E1,4.015950203E0
4.955350518E1,2.776950121E0,1.051605034E1,-3.184950113E0
4.955594856E1,3.066000223E0,4.402950287E0,-8.940000534E-1
4.955839195E1,7.258950233E0,8.254950523E0,-4.068000317E0
4.956083533E1,7.138950348E0,7.353000164E0,-9.859950066E0
4.956327894E1,4.159950256E0,7.108950138E0,-4.753050327E0
4.956572231E1,5.311950207E0,9.049950600E0,-4.705049992E0
4.956816577E1,2.917950153E0,5.269950390E0,-8.673000336E0
4.957060916E1,5.197050095E0,8.710050583E0,-2.545950174E0
4.957305254E1,6.982950211E0,9.864000320E0,-6.087000370E0
4.957549593E1,2.044049978E0,4.717050076E0,-8.649000168E0
4.957793929E1,9.709500670E-1,3.273000240E0,-1.243050098E0
4.958038291E1,2.821950197E0,4.539000034E0,2.160000056E-1
4.958282629E1,1.611000061E0,5.332050323E0,7.005000114E-2
4.958526968E1,-1.004999995E0,4.213950157E0,1.600050092E0
4.958771306E1,-1.329000115E0,6.193950176E0,5.280000210E0
4.959015652E1,2.250000000E0,3.795000076E0,3.049500287E-1
4.959259990E1,4.165050030E0,8.464050293E0,1.690500081E-1
4.959504329E1,8.122950554E0,8.167050362E0,-1.147050023E0
4.959748667E1,7.345050335E0,7.777050495E0,-1.005195045E1
4.959993029E1,7.912050247E0,1.280505085E1,-1.450995064E1
4.960237365E1,1.104900074E1,1.020900059E1,-1.524705029E1
4.960481704E1,5.106000423E0,8.313000679E0,-1.681605148E1
4.960726050E1,2.013000011E0,9.112950325E0,-1.123695087E1
4.960970381E1,7.462050438E0,5.842050076E0,-3.763950109E0
4.961214725E1,4.483950138E0,4.896000385E0,8.869500160E-1
4.961459064E1,7.603050232E0,9.975000381E0,4.465950012E0
4.961703425E1,1.316805077E1,9.469050407E0,-3.166050196E0
4.961947764E1,8.875050545E0,6.010050297E0,-1.065495014E1
4.962192102E1,7.951050282E0,1.123905087E1,-1.017405033E1
4.962436440E1,7.350000381E0,1.143705082E1,-1.193100071E1
4.962680786E1,2.404950142E0,1.193295097E1,-1.070805073E1
4.962925125E1,7.186950207E0,1.420800114E1,-4.945050240E0
4.963169464E1,6.933000565E0,1.045800018E1,-3.919950247E0
4.963413802E1,4.830000103E-1,1.025505066E1,-6.180000305E-1
4.963658138E1,6.979500055E-1,1.036500072E1,4.248000145E0
4.963902500E1,2.188050032E0,1.056600094E1,3.958950281E0
4.964146838E1,9.880500436E-1,9.172050476E0,-1.960950136E0
4.964391184E1,-3.829500079E-1,8.848950386E0,-8.620500565E-1
4.964635523E1,5.980500579E-1,1.235700035E1,3.327000141E0
4.964879862E1,2.463000059E0,1.285695076E1,-1.411050081E0
4.965124200E1,1.872000098E0,1.256805038E1,-2.007000208E0
4.965368562E1,4.000050068E0,1.399200058E1,1.572000027E0
4.965612901E1,3.094950199E0,1.296495056E1,-2.881050110E0
4.965857239E1,2.487000227E0,1.825395012E1,-8.959500194E-1
4.966101579E1,3.421050072E0,1.631204987E1,2.116950035E0
4.966345925E1,1.540950060E0,7.996950150E0,-2.026050091E0
4.966590264E1,8.350500464E-1,7.594950199E0,-1.990500093E-1
4.966834602E1,2.149049997E0,1.021200085E1,2.292000055E0
4.967078940E1,-7.039500475E-1,8.883000374E0,-1.801050067E0
4.967323280E1,-3.234000206E0,3.976950169E0,-2.413950205E0
4.967567642E1,-1.408050060E0,5.629500151E-1,9.841050148E0
4.967811980E1,-8.760000467E-1,-3.889500201E-1,7.354050159E0
4.968056326E1,1.438050032E0,2.586000204E0,-1.341000080E0
4.968300657E1,2.499000072E0,3.735000134E0,7.642950535E0
4.968545003E1,2.269050121E0,2.442000151E0,6.745950222E0
4.968789342E1,2.110949993E0,3.678000212E0,3.762000084E0
4.969033703E1,4.378050327E0,1.037700081E1,1.726950049E0
4.969278019E1,1.253295040E1,4.159049988E0,-6.958050251E0
4.969522380E1,1.397895050E1,5.650500059E-1,-2.742495155E1
4.969766716E1,1.672994995E1,-7.600500584E-1,-3.199800110E1
4.970011062E1,9.526050568E0,-1.351950049E0,-3.646305084E1
4.970255401E1,6.399000168E0,3.607950211E0,-3.125100136E1
4.970499739E1,1.210905075E1,2.860950232E0,-2.009295082E1
4.970744078E1,5.130000114E0,8.910000324E-1,-1.433505058E1
4.970988415E1,3.555000067E0,3.340050220E0,-8.758950233E0
4.971232776E1,3.940050125E0,1.738050103E0,-1.456050038E0
4.971477115E1,4.263000011E0,4.312050343E0,1.210050106E0
4.971721461E1,3.813000202E0,1.644105148E1,4.219500124E-1
4.971965792E1,8.010000229E0,1.760700035E1,3.372000217E0
4.972210136E1,3.382050276E0,9.105000496E0,3.825000286E0
4.972454474E1,2.275950193E0,1.597005081E1,-3.016950130E0
4.972698836E1,3.406050205E0,1.457400036E1,-2.380500138E-1
4.972943175E1,1.881000042E0,1.067400074E1,-6.016950130E0
4.973187513E1,1.984050035E0,1.786095047E1,8.800500631E-1
4.973431851E1,2.038950205E0,1.922400093E1,4.143000126E0
4.973676197E1,4.920000136E-1,1.312305069E1,-2.280000150E-1
4.973920536E1,-2.197950125E0,2.109795189E1,-9.870000482E-1
4.974164875E1,-2.430000067E0,1.587600040E1,-4.099500179E-1
4.974409214E1,-7.369050503E0,2.019600105E1,-1.123050094E0
4.974653575E1,-7.968000412E0,1.744500160E1,2.730000019E0
4.974897914E1,-4.408050060E0,1.084395027E1,2.962950230E0
4.975142252E1,-2.542950153E0,1.189200020E1,9.492000580E0
4.975386590E1,-3.349500299E-1,8.964000702E0,1.114905071E1
4.975630929E1,3.808050156E0,6.742050171E0,1.130700016E1
4.975875275E1,2.764950037E0,4.609050274E0,6.705000401E0
4.976119614E1,2.202000141E0,8.280000687E-1,9.098999977E0
4.976363952E1,6.859500408E-1,-1.810500026E-1,5.617950439E0
4.976608290E1,-3.450000286E-1,8.329500556E-1,-2.803950071E0
4.976852654E1,8.295000345E-2,1.245000005E0,5.134050369E0
4.977096992E1,8.400000334E-1,3.610500097E-1,1.129695034E1
4.977341338E1,9.880500436E-1,1.350000024E0,2.380500138E-1
4.977585677E1,3.060000241E-1,7.830000520E-1,-1.542000055E0
4.977830015E1,1.768950105E0,3.690000176E-1,3.360000253E-1
4.978074354E1,9.900000572E0,1.395900059E1,9.850500226E-1
4.978318715E1,2.668950081E0,1.494495106E1,9.319050789E0
4.978563054E1,-1.600500047E-1,1.183050036E0,1.557000041E0
4.978807392E1,6.720000505E-1,-8.805000782E-2,1.075950027E0
4.979051738E1,2.057805061E1,1.435950041E0,1.512000084E0
4.979296071E1,2.901600075E1,4.374000072E0,-4.123500061E1
4.979540417E1,2.454795074E1,-1.764000058E0,-5.547900391E1
4.979784755E1,9.370050430E0,6.270000339E-1,-4.300905228E1
4.980029117E1,4.978950024E0,4.599000454E0,-2.234895134E1
4.980273455E1,1.966950059E0,4.425000191E0,-5.560050488E0
4.980517795E1,2.713950157E0,7.912950516E0,5.164950371E0
4.980762134E1,7.572000504E0,2.997405052E1,1.490805054E1
4.981006480E1,3.066000223E0,1.252395058E1,1.300500035E-1
4.981250818E1,5.239500403E-1,3.649050236E0,3.997050285E0
4.981495157E1,3.430050135E0,9.649050713E0,4.171950340E0
4.981739494E1,3.214950085E0,1.075500011E1,1.816050053E0
4.981983855E1,2.583000183E0,1.063995075E1,6.013050079E0
4.982228194E1,1.645950079E0,8.157000542E0,2.401950121E0
4.982472532E1,-6.610500216E-1,7.207050323E0,-2.695950031E0
4.982716871E1,2.449050188E0,6.165000439E0,1.167000055E0
4.982961216E1,1.216500092E1,6.760950089E0,-1.010700035E1
4.983205555E1,7.773000240E0,9.790050507E0,-2.590200043E1
4.983449894E1,5.689950466E0,6.124050140E0,-1.780200005E1
4.983694232E1,2.757000208E0,3.763950109E0,-1.295805073E1
4.983938593E1,5.583000183E0,4.377000332E0,-8.983950615E0
4.984182933E1,8.638050079E0,1.822050095E0,-5.503050327E0
4.984427272E1,5.962950230E0,-9.979500771E-1,-3.795000076E0
4.984671618E1,3.777000189E0,7.230000496E-1,1.618950129E0
4.984915956E1,5.539950371E0,1.377000093E0,2.862000227E0
4.985160293E1,6.591000080E0,2.083050013E0,2.500500083E-1
4.985404632E1,9.885000229E0,5.605050087E0,-4.389000416E0
4.985648993E1,8.779050827E0,7.504050255E0,-2.457000017E0
4.985893332E1,3.331950188E0,4.858050346E0,-3.949050188E0
4.986137670E1,2.082000017E0,9.702000618E0,-1.303050041E0
4.986382007E1,3.684000254E0,1.407405090E1,1.867950082E0
4.986626353E1,3.861000299E0,8.265000343E0,3.978000164E0
4.986870692E1,1.567050099E0,8.109000206E0,-4.320000172E0
4.987115030E1,3.430050135E0,1.543305111E1,-2.944950104E0
4.987359392E1,4.227000237E0,1.315695095E1,1.971000075E0
4.987603731E1,2.074949980E0,5.977950096E0,-1.180950046E0
4.987848069E1,2.499000072E0,1.298895073E1,-2.404050112E0
4.988092415E1,4.635000229E0,1.490400028E1,1.545000076E0
4.988336754E1,2.494050026E0,8.983050346E0,-1.854000092E0
4.988581092E1,2.587050200E0,6.759000301E0,-8.530500531E-1
4.988825432E1,2.908050060E0,8.682000160E0,-5.629500151E-1
4.989069793E1,3.957000256E0,1.490895081E1,3.405000269E-2
4.989314132E1,3.562050104E0,1.271400070E1,4.339500070E-1
4.989558471E1,1.357050061E0,5.373000145E0,1.393950105E0
4.989802809E1,-7.432050228E0,2.544900131E1,2.401950121E0
4.990047155E1,-3.723000288E0,1.043400097E1,3.609000206E0
4.990291494E1,3.730500042E-1,-3.679500222E-1,-1.319999993E-1
4.990535832E1,1.570500135E-1,-4.249500334E-1,1.090500057E-1
4.990780171E1,-1.055999994E0,4.500000179E-1,7.627050400E0
4.991024509E1,-4.980000257E-1,1.000500023E-1,2.668050051E0
4.991268870E1,-5.719500184E-1,2.869500220E-1,2.934000254E0
4.991513209E1,-8.740500212E-1,5.719500184E-1,4.830000401E0
4.991757555E1,-2.221950054E0,2.794050217E0,-8.340000510E-1
4.992001886E1,-7.540500164E-1,6.811950207E0,-7.570500374E-1
4.992246232E1,-1.237950087E0,4.575000286E0,2.716050148E0
4.992490571E1,-3.795000166E-2,1.269000053E0,3.616050243E0
4.992734932E1,-6.694050312E0,1.250295067E1,2.158050060E0
4.992979271E1,-8.740950584E0,2.168700027E1,9.271950722E0
4.993223609E1,-3.229500055E-1,1.089000106E0,2.955000162E0
4.993467948E1,-2.509500086E-1,8.329500556E-1,3.346050262E0
4.993712293E1,-2.749500275E-1,3.013950109E0,3.967950106E0
4.993956632E1,2.350050211E0,5.416050434E0,6.271950245E0
4.994200970E1,3.867900085E1,2.161800194E1,-1.633695030E1
4.994445309E1,4.182300186E1,1.305795097E1,-5.922600174E1
4.994689670E1,2.936505127E1,-5.116050243E0,-5.830095291E1
4.994934009E1,1.729095078E1,6.244050503E0,-6.685395050E1
4.995178355E1,3.231000185E0,1.099200058E1,-3.340800095E1
4.995422694E1,3.138000250E0,1.436295033E1,5.734950066E0
4.995667032E1,1.081050038E0,3.132195091E1,1.890600014E1
4.995911371E1,-1.294950008E0,6.814050198E0,1.639005089E1
4.996155730E1,-3.694050074E0,8.124000549E0,1.320000052E0
4.996400069E1,-6.571950436E0,1.362795067E1,-1.131300068E1
4.996644407E1,-2.928000212E0,5.634000301E0,-3.355050087E0
4.996888746E1,-3.112050056E0,7.039050102E0,7.174050331E0
4.997133092E1,-1.065000057E0,6.274950504E0,3.432000160E0
4.997377430E1,3.540000021E-1,8.998050690E0,-4.368000031E0
4.997621769E1,3.001950026E0,1.139895058E1,2.434050083E0
4.997866107E1,4.552950382E0,1.108800030E1,1.053795052E1
4.998110446E1,4.455000401E0,9.550950050E0,6.019950390E0
4.998354805E1,7.609500289E-1,1.489995098E1,6.595050335E0
4.998599144E1,4.800000191E-1,1.147095013E1,9.240000725E0
4.998843483E1,3.627000093E0,8.550000191E0,1.009995079E1
4.999087828E1,3.921000242E0,8.799000740E0,7.213050365E0
4.999332167E1,4.948050022E0,1.118100071E1,8.752050400E0
4.999576505E1,5.038950443E0,8.454000473E0,5.802000046E0
4.999820843E1,4.657950401E0,1.140600014E1,3.883950233E0
5.000065204E1,4.491000175E0,9.505050659E0,8.110050201E0
5.000309543E1,2.961000204E0,1.150200081E1,3.837000132E0
5.000553882E1,3.378000259E0,1.639800072E1,2.239950180E0
5.000798228E1,2.793000221E0,1.355400085E1,4.741950035E0
5.001042566E1,7.129500508E-1,6.469050407E0,-3.831000090E0
5.001286905E1,5.040000081E-1,5.773050308E0,-1.746000051E0
5.001531243E1,2.350050211E0,1.197405052E1,1.561950088E0
5.001775605E1,2.174205017E1,6.601050377E0,4.990950108E0
5.002019944E1,8.070000648E0,4.290000439E0,-2.386695099E1
5.002264290E1,1.160895061E1,2.418000221E0,-4.485000229E1
5.002508621E1,2.101050138E0,8.215050697E0,-4.041105270E1
5.002752967E1,2.530050039E0,7.594950199E0,-1.915005112E1
5.002997305E1,5.287950039E0,8.617050171E0,-4.344000340E0
5.003241667E1,3.556950092E0,1.171995068E1,4.369950294E0
5.003486005E1,2.638050079E0,1.610595131E1,3.184950113E0
5.003730344E1,1.447950125E0,1.079295063E1,3.595050097E0
5.003974682E1,-4.095000029E-2,4.321950436E0,4.030500054E-1
5.004219028E1,-3.036000252E0,9.250950813E0,1.191000104E0
5.004463367E1,-1.671000123E0,9.406949997E0,1.264500046E1
5.004707706E1,-1.060050011E0,3.289950132E0,3.934950113E0
5.004952044E1,-4.171050072E0,1.031400013E1,2.689500153E-1
5.005196405E1,-1.851000071E0,7.767000198E0,-9.580500722E-1
5.005440744E1,-2.100000158E-2,7.875000477E0,-1.321950078E0
5.005685083E1,5.520000458E-1,1.133205032E1,1.536000013E0
5.005929421E1,1.713000059E0,7.543950558E0,1.156949997E0
5.006173767E1,1.285050035E0,6.405000210E0,-1.459050059E0
5.006418106E1,3.934950113E0,1.195005035E1,2.580000162E0
5.006662444E1,1.223595047E1,6.928950310E0,1.983000040E0
5.006906782E1,9.567000389E0,3.297000170E0,-1.140195084E1
5.007151144E1,1.138395023E1,4.702050209E0,-7.303050518E0
5.007395482E1,8.161050797E0,6.819000244E0,-1.855905151E1
5.007639828E1,7.474050522E0,1.474950075E0,-2.216400146E1
5.007884167E1,1.033995056E1,5.430000305E0,-1.535700035E1
5.008128504E1,4.965000153E0,5.112000465E0,-1.027005005E1
5.008372842E1,2.772000074E0,4.762050152E0,-1.009995079E1
5.008617204E1,3.907050133E0,7.116000175E0,-4.465950012E0
5.008861542E1,2.158950090E0,4.948950291E0,3.147000074E0
5.009105881E1,2.452950001E0,8.578950882E0,4.645950317E0
5.009350219E1,9.205050468E0,1.096605015E1,4.018949986E0
5.009594565E1,3.769950151E0,3.112050056E0,-4.273950100E0
5.009838904E1,5.664000034E0,5.310000181E-1,-3.084000111E0
5.010083265E1,8.544000626E0,1.068000078E0,-4.372050285E0
5.010327580E1,2.571000099E0,-1.600500047E-1,-6.525000095E0
5.010571942E1,5.380499959E-1,1.053000093E0,-3.280500174E-1
5.010816280E1,5.293050289E0,3.559950113E0,1.231950045E0
5.011060626E1,3.363000154E0,4.822050095E0,4.680000246E-1
5.011304965E1,2.596950054E0,9.096000671E0,2.019000053E0
5.011549303E1,3.574050188E0,1.376700020E1,3.853050232E0
5.011793642E1,3.709950209E0,1.402605057E1,1.330500096E-1
5.012038003E1,2.913000107E0,1.946295166E1,1.710000038E0
5.012282342E1,4.399950027E0,1.913295174E1,1.804050088E0
5.012526680E1,3.423000097E0,1.293600082E1,-1.855950117E0
5.012771019E1,2.551050186E0,1.556505108E1,4.672049999E0
5.013015365E1,3.093000174E0,1.386795044E1,2.404950142E0
5.013259703E1,1.046895027E1,1.318995094E1,-1.693050027E0
5.013504042E1,1.201605034E1,1.350600052E1,-1.351905060E1
5.013748380E1,7.114950180E0,1.235895061E1,-1.794795036E1
5.013992742E1,6.354000092E0,1.426995087E1,-2.112495041E1
5.014237080E1,6.327000141E0,1.456905079E1,-1.478505039E1
5.014481419E1,5.473050117E0,1.037700081E1,-1.074795055E1
5.014725757E1,6.046950340E0,7.771950245E0,-6.654000282E0
5.014970103E1,8.314949989E0,1.146900082E1,-4.116000175E0
5.015214443E1,3.661950111E0,7.990050316E0,-2.044950008E0
5.015458782E1,8.080500364E-1,2.796000242E0,3.810000181E0
5.015703143E1,1.450050116E0,9.618000031E0,5.896050453E0
5.015947482E1,2.259000063E0,9.247050285E0,9.390000701E-1
5.016191820E1,-1.776000142E0,5.266950130E0,1.830000132E-1
5.016436160E1,-1.726050138E0,1.495950103E0,5.626950264E0
5.016680507E1,-1.207050085E0,4.189500213E-1,4.018949986E0
5.016924845E1,-1.366950035E0,2.392050028E0,-4.630500078E-1
5.017169184E1,-1.660950065E0,5.586000443E0,5.914950371E0
5.017413545E1,-6.409500241E-1,4.924950123E0,3.244950056E0
5.017657885E1,1.623000026E0,1.158300018E1,-2.613000154E0
5.017902224E1,3.327000141E0,1.529505062E1,6.549000263E0
5.018146562E1,5.776950359E0,9.453000069E0,6.231000423E0
5.018390908E1,1.440300083E1,6.426000118E0,-9.585000038E0
5.018635247E1,1.713000107E1,5.554950237E0,-2.128095055E1
5.018879609E1,1.166895008E1,4.377000332E0,-2.259795189E1
5.019123948E1,9.294000626E0,1.086795044E1,-1.407900047E1
5.019368287E1,4.157999992E0,1.371000099E1,-6.922050476E0
5.019612625E1,1.110000014E0,1.218195057E1,-2.826000214E0
5.019856963E1,4.921950340E0,1.883595085E1,3.916050196E0
5.020101310E1,4.744950294E0,1.755705070E1,2.694000244E0
5.020345648E1,7.870500088E-1,1.112400055E1,-1.486950040E0
5.020589987E1,5.394000053E0,1.362300110E1,-6.349500418E-1
5.020834325E1,7.129050255E0,1.087200069E1,-1.609200096E1
5.021078687E1,1.567050099E0,5.722050190E0,-1.455105114E1
5.021323027E1,6.058950424E0,3.919050217E0,-1.523505116E1
5.021567365E1,3.873000145E0,5.868000507E0,-1.680105019E1
5.021811704E1,-8.790000677E-1,1.029000044E0,-1.241700077E1
5.022056050E1,1.009950042E0,3.709500134E-1,5.200950146E0
5.022300388E1,1.183950067E0,7.087050438E0,8.278050423E0
5.022544727E1,-1.747950077E0,4.815000057E0,1.090050101E0
5.022789088E1,-1.246950030E0,7.830000520E-1,4.155000210E0
5.023033427E1,1.146000028E0,1.741050124E0,1.224795055E1
5.023277765E1,2.391000032E0,2.932950258E0,2.460000038E0
5.023522111E1,2.877000093E0,3.735000134E0,5.307000160E0
5.023766451E1,5.887050152E0,6.165000439E0,6.184950352E0
5.024010789E1,1.429500103E1,1.312095070E1,-1.212000012E0
5.024255151E1,1.443000031E1,8.737050056E0,-1.692105103E1
5.024499489E1,5.731050491E0,4.678050041E0,-2.349795151E1
5.024743828E1,3.220050097E0,6.244050503E0,-1.109100056E1
5.024988168E1,4.162950039E0,1.168200016E1,-1.066050053E0
5.025232514E1,1.309050083E0,1.165305042E1,2.371050119E0
5.025476853E1,1.725000024E0,1.318500042E1,-2.124000072E0
5.025721191E1,2.686050177E0,1.501905060E1,5.488950253E0
5.025965553E1,2.856000185E0,9.345000267E0,-8.050500154E-1
5.026209893E1,5.146950245E0,1.189005089E1,-2.479050159E0
5.026454232E1,1.018905067E1,1.512000084E1,-9.937050819E0
5.026698570E1,3.624000072E0,8.610000610E0,-1.160595036E1
5.026942909E1,2.428950071E0,7.321950436E0,-4.504050255E0
5.027187256E1,3.997950077E0,8.854050636E0,-3.895950079E0
5.027431595E1,1.302000046E0,5.332050323E0,-2.265000105E0
5.027675956E1,1.362000108E0,3.907050133E0,1.629000068E0
5.027920295E1,3.523950100E0,1.140600014E1,1.573950052E0
5.028164633E1,1.771050096E0,7.267050266E0,1.350000054E-1
5.028408972E1,1.105050087E0,5.725050449E0,1.047000051E0
5.028653318E1,2.415000200E0,9.414000511E0,5.098050117E0
5.028897656E1,1.456950068E0,6.261000156E0,-1.216950059E0
5.029141995E1,1.357050061E0,8.269950867E0,3.688050270E0
5.029386333E1,1.603050113E0,9.084000587E0,5.139000416E0
5.029630695E1,-2.595000155E-2,2.349000216E0,-4.939500093E-1
5.029875034E1,-4.480500221E-1,3.831000090E0,1.368000031E0
5.030119380E1,-7.680000067E-1,7.492050171E0,-4.549500346E-1
5.030363718E1,1.095000096E-2,2.953950167E0,-8.940000534E-1
5.030608057E1,1.930500120E-1,5.593050480E0,3.541950226E0
5.030852396E1,1.267005062E1,9.796950340E0,6.640500426E-1
5.031096757E1,7.690050602E0,6.559950352E0,-1.812000084E1
5.031341096E1,1.196805096E1,8.107049942E0,-2.279895020E1
5.031585434E1,5.662050247E0,5.764950275E0,-2.299800110E1
5.031829773E1,6.259950161E0,7.711950302E0,-1.661205101E1
5.032074119E1,9.049950600E0,8.173950195E0,-1.076295090E1
5.032318458E1,5.938950062E0,3.820950270E0,-6.886050224E0
5.032562796E1,3.406050205E0,4.459950447E0,-4.588050365E0
5.032807135E1,5.713950157E0,5.437050343E0,1.171950102E0
5.033051496E1,7.149000168E0,2.791950226E0,1.720050097E0
5.033295834E1,7.036050320E0,2.878050089E0,-1.758000135E0
5.033540173E1,9.835050583E0,5.782050133E0,-6.060000062E-1
5.033784519E1,1.111605072E1,5.263050079E0,-3.324000120E0
5.034028858E1,6.153000355E0,6.967050552E0,-1.315500069E1
5.034273196E1,4.978950024E0,9.760950089E0,-1.437600040E1
5.034517557E1,4.357050419E0,8.467950821E0,-9.882000923E0
5.034761896E1,6.508950233E0,1.110705090E1,-1.761795044E1
5.035006235E1,9.162000656E0,1.176495075E1,-1.425105095E1
5.035250573E1,1.486050129E0,9.936000824E0,-7.204950333E0
5.035494919E1,2.170500159E-1,1.411905098E1,3.577950239E0
5.035739259E1,2.829000235E0,1.808895111E1,3.565950155E0
5.035983597E1,3.667050123E0,1.093005085E1,1.210500076E-1
5.036227936E1,1.663050056E0,1.621605110E1,-1.485000014E0
5.036472297E1,4.290000439E0,2.127300072E1,6.445950508E0
5.036716636E1,3.331950188E0,1.544295120E1,-2.397000074E0
5.036960973E1,1.996050119E0,1.479705048E1,-2.131050110E0
5.037205311E1,1.759500057E-1,2.169900131E1,7.762950420E0
5.037449657E1,-4.120050430E0,1.299600029E1,-4.770000279E-1
5.037693996E1,-7.402950287E0,1.667400169E1,6.000000052E-3
5.037938334E1,-5.157000065E0,1.355205059E1,6.397950172E0
5.038182694E1,-1.870050073E0,1.396605110E1,6.111000061E0
5.038427033E1,-2.580000162E-1,1.275900078E1,9.360000610E0
5.038671371E1,2.512950182E0,9.346950531E0,1.309995079E1
5.038915717E1,3.708000183E0,3.141000032E0,1.249905014E1
5.039160055E1,5.281050205E0,4.105950356E0,6.346050262E0
5.039404394E1,7.732950211E0,9.544050217E0,4.141050339E0
5.039648732E1,2.017950058E0,4.930050373E0,7.753950596E0
5.039893094E1,3.436950207E0,3.960000277E0,5.917050362E0
5.040137432E1,3.028050184E0,6.736950397E0,7.140000463E-1
5.040381770E1,2.587050200E0,1.137300014E1,-3.000000119E-1
5.040626116E1,2.523000002E0,1.422405052E1,-6.132000446E0
5.040870455E1,2.523000002E0,1.092300034E1,3.175950050E0
5.041114793E1,1.705950022E0,8.173950195E0,4.384950161E0
5.041359132E1,1.369050026E0,7.329000473E0,3.252000093E0
5.041603492E1,2.824050188E0,9.010050774E0,-2.895000204E-2
5.041847830E1,2.238000154E0,5.140050411E0,1.023000002E0
5.042092176E1,2.618595123E1,1.618050098E0,1.369950056E0
5.042336515E1,2.080049992E0,5.670000076E0,-3.411705017E1
5.042580853E1,5.881950378E0,-1.078950047E0,-3.291495132E1
5.042825190E1,5.767050266E0,2.353049994E0,-3.027405167E1
5.043069552E1,1.384950042E0,3.139050245E0,-2.361300087E1
5.043313890E1,3.568950176E0,3.394950151E0,-1.283895016E1
5.043558229E1,4.632000446E0,6.582000256E0,3.000000026E-3
5.043802567E1,1.855050087E0,4.947000027E0,3.193050146E0
5.044046911E1,5.239500403E-1,5.136000156E0,2.031000137E0
5.044291250E1,5.119500160E-1,7.590000153E0,2.979000092E0
5.044535588E1,-5.389500260E-1,1.611000061E0,5.779500008E-1
5.044779927E1,-9.670500755E-1,6.730500460E-1,6.724050522E0
5.045024288E1,-1.578000069E0,1.468050122E0,7.311000347E0
5.045268625E1,-2.368050098E0,4.264050007E0,4.809000015E0
5.045512971E1,7.060500383E-1,4.948950291E0,2.569950104E0
5.045757310E1,1.004805088E1,2.847000122E0,1.033695030E1
5.046001648E1,1.946700096E1,2.302950144E0,-1.362195110E1
5.046245987E1,2.654505157E1,3.316050053E0,-3.187995148E1
5.046490346E1,1.640505028E1,2.088000059E0,-3.554804993E1
5.046734685E1,4.302000046E0,6.271050453E0,-3.224895096E1
5.046979023E1,2.322000027E0,6.646050453E0,-2.521200180E1
5.047223362E1,2.938950062E0,6.430950165E0,-1.308300018E1
5.047467708E1,1.302000046E0,4.077000141E0,-8.430000544E-1
5.047712047E1,1.918950081E0,1.111200047E1,9.382050514E0
5.047956385E1,1.735050082E0,1.132695007E1,6.039000511E0
5.048200723E1,2.479500175E-1,2.634000063E0,-1.159050107E0
5.048445085E1,1.467000127E0,4.444050312E0,1.230000034E-1
5.048689423E1,1.669950128E0,6.757050514E0,3.961050272E0
5.048933762E1,-1.579500139E-1,8.827950478E0,4.198050022E0
5.049178100E1,1.024049997E0,8.104949951E0,5.730000496E0
5.049422446E1,1.053000093E0,6.454950333E0,4.545000076E0
5.049666785E1,8.280000687E-1,8.551950455E0,5.512950420E0
5.049911146E1,2.434050083E0,9.036000252E0,7.311000347E0
5.050155486E1,3.160050154E0,4.402950287E0,5.986950397E0
5.050399824E1,3.138000250E0,9.473999977E0,3.634950161E0
5.050644170E1,3.703050137E0,1.144005013E1,7.183950424E0
5.050888509E1,2.626050234E0,8.686050415E0,4.417950153E0
5.051132849E1,2.511000156E0,1.186395073E1,2.953050137E0
5.051377187E1,3.217050076E0,1.266105080E1,5.419050217E0
5.051621549E1,2.416950226E0,9.793050766E0,1.011000037E0
5.051865887E1,3.445050240E0,1.491195107E1,1.950000077E-1
5.052110226E1,3.049950123E0,1.717695045E1,4.782000065E0
5.052354566E1,9.400500655E-1,1.116705036E1,-2.067000151E0
5.052598912E1,-7.230000496E-1,1.197105026E1,-6.193950176E0
5.052843250E1,1.120050073E0,1.167705059E1,4.890000343E0
5.053087612E1,2.295000076E0,8.386950493E0,2.850000143E0
5.053331950E1,7.849500179E-1,8.574000359E0,1.878000140E0
5.053576287E1,6.385050297E0,1.286205101E1,1.131900024E1
5.053820626E1,2.178705025E1,6.133950233E0,-1.144500065E1
5.054064972E1,1.201395035E1,6.076950073E0,-4.837695312E1
5.054309311E1,1.064895058E1,5.832000256E0,-4.272900391E1
5.054553649E1,5.374050140E0,1.011600018E1,-2.632995033E1
5.054797985E1,7.249050140E0,1.153605080E1,-1.307295036E1
5.055042346E1,2.419950008E0,7.378950119E0,-2.500050068E0
5.055286685E1,1.407000065E0,6.280050278E0,6.172950268E0
5.055531023E1,7.290000319E-1,1.281195068E1,1.198695087E1
5.055775369E1,1.500000119E0,6.718050480E0,4.099950314E0
5.056019707E1,-7.680000067E-1,1.657050133E0,-1.710000038E0
5.056264046E1,2.334000111E0,3.156000137E0,5.548050404E0
5.056508384E1,4.479000092E0,6.595950127E0,4.159950256E0
5.056752745E1,3.231000185E0,4.350000381E0,8.100000620E-1
5.056997084E1,3.208050251E0,4.882050037E0,1.033050060E0
5.057241431E1,3.076050043E0,4.405050278E0,2.149049997E0
5.057485762E1,4.342050076E0,9.225000381E0,5.250000358E-1
5.057730108E1,1.090995026E1,9.169950485E0,-4.540050030E0
5.057974447E1,3.286950111E0,4.168050289E0,-1.379400063E1
5.058218808E1,2.841000080E0,7.540050507E0,-1.723005104E1
5.058463147E1,3.909000158E0,7.450950146E0,-1.520700073E1
5.058707486E1,2.566050053E0,4.039050102E0,-1.292700100E1
5.058951824E1,5.461050034E0,4.822050095E0,-8.833050728E0
5.059196170E1,6.868050098E0,5.605050087E0,-6.450000405E-1
5.059440509E1,5.542050362E0,4.048950195E0,-3.240000010E-1
5.059684846E1,5.841000080E0,5.959050179E0,-1.939500123E-1
5.059929184E1,6.564000130E0,3.982050180E0,3.430500031E-1
5.060173545E1,4.444950104E0,4.810050011E0,-1.504050016E0
5.060417884E1,7.512000561E0,8.822999954E0,5.800500512E-1
5.060662230E1,7.492950439E0,8.617050171E0,-5.112000465E0
5.060906569E1,1.218000054E0,8.820000648E0,-4.023000240E0
5.061150908E1,1.158000112E0,1.164105034E1,2.457000017E0
5.061395269E1,3.480000257E0,1.159500027E1,2.536050081E0
5.061639608E1,2.956050158E0,9.136950493E0,-1.399050117E0
5.061883946E1,1.756950140E0,1.211295033E1,1.830000132E-1
5.062128285E1,3.889950275E0,1.376205063E1,1.540500075E-1
5.062372631E1,7.440000176E-1,1.106400013E1,-1.866000056E0
5.062616970E1,1.225050092E0,1.226805019E1,-9.460500479E-1
5.062861308E1,2.152050018E0,1.453305054E1,7.530000210E-1
5.063105646E1,8.160000443E-1,1.316805077E1,-1.995000124E0
5.063350008E1,5.329500437E-1,1.657605171E1,-7.450500131E-1
5.063594347E1,1.378050089E0,1.301805019E1,1.074000001E0
5.063838685E1,3.250500262E-1,1.065405083E1,-2.316000223E0
5.064083024E1,-2.250000089E-1,8.859000206E0,-1.369500011E-1
5.064327369E1,7.150500417E-1,7.279050350E0,1.927950144E0
5.064571732E1,-2.895000204E-2,5.397000313E0,-8.959500194E-1
5.064816047E1,1.599000096E0,6.547950268E0,5.758950233E0
5.065060408E1,5.476950169E0,3.390000105E0,-1.473000050E0
5.065304747E1,-9.810000658E-1,3.876000166E0,-1.427505112E1
5.065549093E1,8.461050034E0,3.661050081E0,-8.725049973E0
5.065793432E1,2.106000185E0,2.526000023E0,-3.582000256E0
5.066037770E1,-7.050000131E-3,6.505050182E0,-4.459500313E-1
5.066282109E1,3.459000111E0,7.516050339E0,-1.309950113E0
5.066526470E1,2.652000189E0,3.898050070E0,-6.039000511E0
5.066770809E1,4.797000408E0,4.318950176E0,-3.226050138E0
5.067015147E1,6.277050495E0,4.647000313E0,-3.379050255E0
5.067259493E1,2.583000183E0,4.972950459E0,-3.658950090E0
5.067503832E1,4.680000246E-1,7.465050220E0,2.248950005E0
5.067748170E1,1.062000036E0,1.216305065E1,5.569950104E0
5.067992509E1,2.688000202E0,1.509795094E1,2.614950180E0
5.068236871E1,2.257050037E0,1.298205090E1,-1.072950006E0
5.068481210E1,5.367000103E0,1.165305042E1,1.651050091E0
5.068725548E1,5.137050152E0,1.008495045E1,-3.558000088E0
5.068969894E1,1.300005054E1,1.490895081E1,-1.066500092E1
5.069214232E1,9.298950195E0,1.281900024E1,-1.141905022E1
5.069458570E1,1.998000145E0,1.044600010E1,-5.649000168E0
5.069702932E1,4.989000320E0,1.436295033E1,-1.132950068E0
5.069947270E1,5.118000031E0,1.408095074E1,-2.026050091E0
5.070191609E1,3.166950226E0,1.170795059E1,-3.144000053E0
5.070435947E1,6.691050529E0,1.392000103E1,-6.739950180E0
5.070680293E1,7.374000549E0,1.172700024E1,-1.256595039E1
5.070924631E1,4.102950096E0,8.341950417E0,-1.382295036E1
5.071168970E1,5.607000351E0,8.719950676E0,-1.068105030E1
5.071413308E1,3.058950186E0,8.822999954E0,-9.927000046E0
5.071657669E1,8.950500488E-1,5.179050446E0,-4.054049969E0
5.071902008E1,3.706050158E0,1.097505093E1,3.738000154E0
5.072146346E1,-1.150950074E0,5.719950199E0,7.845000267E0
5.072390692E1,3.010500073E-1,-4.005000368E-2,4.027950287E0
5.072635031E1,5.670000315E-1,1.450950027E0,5.623050213E0
5.072879392E1,2.391000032E0,2.116050005E0,1.030095005E1
5.073123731E1,8.098950386E0,-2.100000083E-1,-3.946050167E0
5.073368069E1,1.269600105E1,-2.614050150E0,-9.865050316E0
5.073612408E1,1.729305077E1,-4.042950153E0,-1.487100029E1
5.073856754E1,1.398405075E1,-2.197050095E0,-2.444100189E1
5.074101093E1,7.258950233E0,4.851000309E0,-2.716095161E1
5.074345431E1,6.793950558E0,6.759000301E0,-2.169300079E1
5.074589770E1,6.187950134E0,6.927000523E0,-1.169895077E1
5.074834131E1,9.885000229E0,8.233950615E0,-1.040805054E1
5.075078470E1,8.892000198E0,1.036500072E1,-1.157205009E1
5.075322808E1,2.034000158E0,1.940805054E1,-5.569950104E0
5.075567154E1,2.725950241E0,2.196495056E1,8.572050095E0
5.075811493E1,3.078000069E0,1.049895096E1,5.656050205E0
5.076055854E1,1.768950105E0,9.892950058E0,-4.237950325E0
5.076300170E1,3.588000059E0,2.069895172E1,5.620050430E0
5.076544530E1,3.543000221E0,1.629795074E1,2.164950132E0
5.076788869E1,2.857950211E0,1.459995079E1,-1.861050129E0
5.077033215E1,3.196050167E0,1.445400047E1,1.054050088E0
5.077277553E1,-1.422000051E0,1.841895103E1,4.975950241E0
5.077521892E1,-5.820000172E0,1.518900108E1,-3.124950171E0
5.077766231E1,-5.583000183E0,1.115700054E1,-3.597000122E0
5.078010592E1,-4.876950264E0,9.232050896E0,8.043000221E0
5.078254931E1,-4.221000195E0,7.153950214E0,1.348950028E0
5.078499269E1,-2.193000078E0,7.852950573E0,5.806950092E0
5.078743608E1,-1.417050123E0,4.183050156E0,5.422050476E0
5.078987956E1,4.759500325E-1,-1.740000099E-1,5.970000267E0
5.079232295E1,2.037000179E0,-2.410500050E-1,8.647050858E0
5.079476634E1,1.594050050E0,9.889500737E-1,-2.100000143E0
5.079720995E1,2.542050123E0,2.770050049E0,8.665950775E0
5.079965334E1,3.229050159E0,3.033000231E0,1.241505051E1
5.080209672E1,2.583000183E0,1.776000142E0,3.634950161E0
5.080454018E1,3.378000259E0,3.151050091E0,2.065050125E0
5.080698356E1,1.618050098E0,2.272050142E0,4.921050072E0
5.080942695E1,-2.920950174E0,7.183050156E0,4.015950203E0
5.081187056E1,-1.321050048E0,3.706050158E0,-2.299500108E-1
5.081431394E1,-1.032000065E0,2.101950169E0,1.380000114E0
5.081675733E1,-2.590050220E0,4.465050220E0,-1.150500029E-1
5.081920079E1,-1.069950104E0,8.842050552E0,1.524000049E0
5.082164417E1,2.213999987E0,1.833795166E1,6.753000259E0
5.082408756E1,1.180050015E0,7.189950466E0,2.788050175E0
5.082653094E1,7.510500550E-1,3.214950085E0,2.866950035E0
5.082897456E1,2.863050222E0,1.095600033E1,1.902000070E0
5.083141794E1,7.927050591E0,1.729905128E1,2.268000126E0
5.083386140E1,3.719895172E1,8.811000824E0,-7.693050385E0
5.083630478E1,2.248395157E1,2.776950121E0,-5.697705460E1
5.083874817E1,2.241705132E1,1.824000120E0,-6.294405365E1
5.084119155E1,9.940050125E0,9.855000496E0,-4.538205338E1
5.084363516E1,4.363950253E0,9.072000504E0,-1.554195118E1
5.084607855E1,2.508000135E0,9.670050621E0,2.314050198E0
5.084852194E1,7.138950348E0,2.424405098E1,6.171000481E0
5.085096540E1,4.180050373E0,1.496205044E1,2.773950100E0
5.085340879E1,1.321050048E0,5.314950466E0,-2.886000156E0
5.085585217E1,3.600000143E0,1.288605022E1,2.716050148E0
5.085829556E1,4.900050163E0,1.343400097E1,2.380950212E0
5.086073917E1,2.647050142E0,1.173705101E1,1.417950034E0
5.086318256E1,2.587050200E0,1.566105080E1,4.525950432E0
5.086562594E1,2.185050011E0,1.080795097E1,2.082000017E0
5.086806933E1,8.800500631E-1,6.715950489E0,2.389950037E0
5.087051279E1,1.942950130E0,1.085295010E1,5.026950359E0
5.087295616E1,1.500000119E0,7.089000225E0,1.813050032E0
5.087539954E1,3.870000243E-1,2.215050220E0,2.809500098E-1
5.087784316E1,1.999500096E-1,6.220500469E-1,3.960000277E-1
5.088028654E1,-3.709500134E-1,6.079500318E-1,-5.299500227E-1
5.088273000E1,-5.650500059E-1,4.558950424E0,4.440000057E0
5.088517331E1,2.257050037E0,1.048695087E1,1.155600071E1
5.088761677E1,2.914950132E0,7.461000443E0,8.812050819E0
5.089006016E1,3.682050228E0,5.524050236E0,2.320950031E0
5.089250377E1,5.329050064E0,7.144050121E0,1.861050129E0
5.089494716E1,1.951050043E0,5.275050163E0,-3.526950121E0
5.089739054E1,1.492800045E1,4.956000328E0,4.573950291E0
5.089983400E1,1.798995018E1,3.816000223E0,-2.291595078E1
5.090227739E1,1.937100029E1,-1.980000138E-1,-3.633405304E1
5.090472077E1,1.002195072E1,4.879500270E-1,-4.198200226E1
5.090716416E1,1.237050056E0,4.975050449E0,-2.799705124E1
5.090960776E1,-4.260000288E-1,2.152050018E0,-1.284000039E0
5.091205114E1,1.230000019E0,9.685050011E0,7.581000328E0
5.091449460E1,1.037100029E1,2.595405197E1,2.560050011E0
5.091693799E1,4.917000294E0,9.747000694E0,3.493950129E0
5.091938138E1,1.443000078E0,5.389050484E0,-2.931000233E0
5.092182476E1,1.587000132E0,1.501005077E1,-1.629000068E0
5.092426837E1,1.906950116E0,1.220595074E1,7.720500231E-1
5.092671176E1,1.297050118E0,9.292050362E0,3.298050165E0
5.092915514E1,5.040000081E-1,1.475595093E1,3.951000214E0
5.093159861E1,-3.730050087E0,1.263495064E1,7.650000453E-1
5.093404200E1,-3.001950026E0,6.562950134E0,6.210000515E-1
5.093648538E1,-4.273950100E0,7.882050514E0,8.719500303E-1
5.093892877E1,-4.228050232E0,9.001950264E0,-2.962050200E0
5.094137238E1,-3.601050138E0,6.406950474E0,-3.453000069E0
5.094381577E1,-1.120500043E-1,9.310500622E-1,8.398050308E0
5.094625915E1,3.630000055E-1,2.887050152E0,9.967950821E0
5.094870254E1,1.057050109E0,8.545050621E0,2.388000011E0
5.095114600E1,3.363000154E0,4.972950459E0,9.456000328E0
5.095358938E1,3.042000055E0,4.714050293E0,6.477000237E0
5.095603299E1,2.616000175E0,4.080000401E0,5.338050365E0
5.095847638E1,1.972050071E0,2.610000134E0,5.086050034E0
5.096091976E1,6.823050499E0,1.170600033E1,4.939500093E-1
5.096336315E1,3.772950172E0,1.382895088E1,-6.457950115E0
5.096580661E1,1.644000053E0,7.774050236E0,4.782000065E0
5.096824999E1,1.281105042E1,4.800000191E0,1.049700069E1
5.097069337E1,1.884495163E1,4.657050133E0,-1.308000088E1
5.097313699E1,1.748505020E1,3.958050251E0,-5.061600113E1
5.097558037E1,1.526805115E1,3.772950172E0,-4.394505310E1
5.097802376E1,9.295950890E0,1.055205059E1,-2.797095108E1
5.098046719E1,1.062000036E0,8.005949974E0,-5.473950386E0
5.098291058E1,3.157050133E0,1.265895081E1,6.880500317E-1
5.098535396E1,7.000050545E0,2.227605057E1,4.738950253E0
5.098779757E1,3.631050110E0,9.273000717E0,-3.520500064E-1
5.099024096E1,2.887050152E0,7.860000610E0,-4.183050156E0
5.099268436E1,4.402050018E0,1.821300125E1,7.332000256E0
5.099512782E1,3.897000074E0,1.424805069E1,3.475050211E0
5.099757121E1,1.483950019E0,8.854050636E0,-3.840000033E-1
5.100001459E1,1.471950054E0,1.072200012E1,-1.035000086E0
5.100245820E1,2.271000147E0,1.406895065E1,3.013050079E0
5.100490159E1,-3.691950083E0,2.077305031E1,6.690000296E-1
5.100734498E1,-4.792950153E0,1.301295090E1,1.380000114E0
5.100978836E1,-3.048000097E0,8.056950569E0,5.400000215E-1
5.101223182E1,-4.477050304E0,1.135800076E1,7.380000353E-1
5.101467521E1,-1.096050024E0,1.828950047E0,5.040000081E-1
5.101711859E1,-8.430000544E-1,3.610500097E-1,6.886950493E0
5.101956198E1,-6.370500326E-1,3.730500042E-1,3.844050169E0
5.102200559E1,-5.770500302E-1,4.429500103E-1,3.444000244E0
5.102444898E1,-1.530000091E0,4.197000027E0,2.893050194E0
5.102689236E1,1.326000094E0,6.532050133E0,4.282050133E0
5.102933582E1,1.162950039E0,3.253950119E0,6.183000088E0
5.103177921E1,9.229500294E-1,6.150000095E-1,5.821050167E0
5.103422282E1,2.089050055E0,6.889500618E-1,-3.312000275E0
5.103666621E1,1.765950084E0,1.570950031E0,-6.774000168E0
5.103910959E1,3.799500167E-1,9.030000567E-1,4.878000259E0
5.104155298E1,1.827000046E1,1.422195053E1,2.568000078E0
5.104399644E1,2.710995102E1,1.324305058E1,-2.252400017E1
5.104643983E1,2.481600189E1,-3.889950275E0,-3.837600327E1
5.104888322E1,2.506695175E1,-4.132050037E0,-5.304795074E1
5.105132684E1,1.632299995E1,2.353049994E0,-4.058400345E1
5.105377023E1,8.788949966E0,7.582950592E0,-2.270295143E1
5.105621369E1,4.186950207E0,9.754050255E0,-1.808700180E1
5.105865700E1,6.322050095E0,1.956599998E1,1.176900101E1
5.106110046E1,5.415000439E0,1.983705139E1,1.789050102E0
5.106354385E1,4.414050102E0,1.273305035E1,8.839500546E-1
5.106598746E1,4.785000324E0,2.010495186E1,2.728050232E0
5.106843084E1,4.251000404E0,1.780095100E1,4.942950249E0
5.107087423E1,3.519000053E0,1.320900059E1,-3.280950069E0
5.107331769E1,5.269050121E0,1.862700081E1,2.365950108E0
5.107576108E1,4.468950272E0,1.418400097E1,-1.626000047E0
5.107820446E1,-7.060500383E-1,1.618305016E1,-1.339050055E0
5.108064784E1,-8.041950226E0,2.549400139E1,4.311000347E0
5.108309146E1,-2.167050123E0,4.927050114E0,-2.850000262E-1
5.108553485E1,-5.052000046E0,9.682050705E0,-1.297995090E1
5.108797823E1,-4.240050316E0,1.016805077E1,8.766000748E0
5.109042161E1,-4.915050030E0,8.341950417E0,6.913050175E0
5.109286507E1,-5.968950272E0,1.230900097E1,2.862000227E0
5.109530846E1,-3.004950047E0,4.000950336E0,1.404600048E1
5.109775185E1,9.349500537E-1,3.475950241E0,9.138000488E0
5.110019546E1,3.150000274E-1,7.342950344E0,2.140950203E0
5.110263884E1,1.363950014E0,2.938050032E0,7.111950397E0
5.110508223E1,2.572950125E0,2.815950155E0,1.041795063E1
5.110752561E1,4.315950394E0,1.195200062E1,4.600050449E0
5.110996907E1,6.406050205E0,1.230705070E1,9.334050179E0
5.111241246E1,3.856050253E0,1.059000015E1,1.019595051E1
5.111485607E1,9.040500522E-1,9.007050514E0,7.264950275E0
5.111729946E1,2.220000178E-1,6.690000534E0,1.318050027E0
5.111974285E1,-1.648950100E0,1.120800018E1,4.369500279E-1
5.112218631E1,-8.209500313E-1,7.780950546E0,3.444000244E0
5.112462968E1,1.168050051E0,7.426950455E0,1.654950023E0
5.112707306E1,1.615050077E0,5.059050083E0,1.891950130E0
5.112951668E1,7.800000310E-1,5.131050110E0,-1.473000050E0
5.113196006E1,-6.030000448E-1,8.563950539E0,3.147000074E0
5.113440345E1,-3.795000166E-2,5.385000229E0,2.845050097E0
5.113684683E1,1.246950030E0,5.691000462E0,-1.924950123E0
5.113929029E1,4.516950130E0,1.007505035E1,1.732050061E0
5.114173368E1,2.347950220E0,4.870050430E0,3.111000061E0
5.114417729E1,4.369500279E-1,2.064000130E0,9.109500647E-1
5.114662068E1,1.006950021E0,2.461050034E0,-3.178050041E0
5.114906406E1,2.340000123E-1,3.085950136E0,2.404950142E0
5.115150745E1,9.000000358E-2,1.872000098E0,1.336950064E0
5.115395091E1,1.740000099E-1,5.988000393E0,2.449950218E0
5.115639429E1,1.041000009E0,7.870050430E0,5.833050251E0
5.115883768E1,1.150950074E0,4.189949989E0,-8.239500523E-1
5.116128130E1,4.350000322E-1,5.868000507E0,-1.201950073E0
5.116372468E1,1.029000044E0,1.061895084E1,5.034000397E0
5.116616807E1,1.132050037E0,6.763950348E0,3.937050104E0
5.116861145E1,2.507700157E1,3.787950277E0,5.041050434E0
5.117105491E1,2.634795189E1,6.259050369E0,-2.463105202E1
5.117349830E1,3.439305115E1,-1.090500057E-1,-7.237995148E1
5.117594168E1,2.899200058E1,-1.243950009E0,-6.989505005E1
5.117838530E1,9.952050209E0,3.438000202E0,-6.140700150E1
5.118082868E1,1.432950020E0,5.716950417E0,-2.711595154E1
5.118327214E1,2.341050148E0,6.247050285E0,2.785050154E0
5.118571544E1,7.026000500E0,2.539605141E1,1.848705101E1
5.118815890E1,5.110950470E0,1.718805122E1,8.440500498E-1
5.119060228E1,2.046000004E0,7.993950367E0,-1.426950097E0
5.119304590E1,2.398050070E0,1.213695049E1,9.670950890E0
5.119548928E1,4.732950211E0,1.365495110E1,2.308950186E0
5.119793268E1,3.700950146E0,1.317300034E1,-1.566000104E0
5.120037614E1,3.547950268E0,1.363305092E1,4.162050247E0
5.120281953E1,4.546050072E0,1.285005093E1,-1.699500084E-1
5.120526291E1,3.472950220E0,9.583950043E0,3.150000274E-1
5.120770630E1,1.969950080E0,9.727950096E0,1.231950045E0
5.121014991E1,3.291000128E0,1.297695065E1,-5.029500127E-1
5.121259330E1,-2.385000229E0,1.946805000E1,-1.212000012E0
5.121503668E1,-4.666050434E0,1.371405029E1,6.760500073E-1
5.121748014E1,-1.695000052E0,5.356050491E0,2.599500120E-1
5.121992353E1,-2.269950151E0,8.904000282E0,3.000000119E-2
5.122236714E1,-2.985000134E0,6.952950478E0,-9.130500555E-1
5.122481030E1,-4.185000420E0,7.969950199E0,-9.673050880E0
5.122725391E1,-2.284050226E0,7.350000381E0,-2.275050163E0
5.122969730E1,-1.590000033E0,2.349000216E0,2.062050104E0
5.123214075E1,-5.298000336E0,9.631950378E0,8.541000366E0
5.123458414E1,-3.109950066E0,9.615000725E0,1.596000075E0
5.123702752E1,-1.486950040E0,9.060000420E0,3.790950298E0
5.123947113E1,2.073000193E0,1.072605038E1,2.500395203E1
5.124191452E1,4.144050121E0,7.930050373E0,3.115095139E1
5.124435790E1,5.656950474E0,6.555000305E0,2.430795097E1
5.124680129E1,7.507950306E0,4.834050179E0,1.859505081E1
5.124924475E1,2.965950251E0,2.368050098E0,1.175400066E1
5.125168814E1,-1.510950089E0,2.514000177E0,1.492950082E0
5.125413152E1,-3.879000187E0,6.879000187E0,8.800500631E-1
5.125657514E1,-1.003050089E0,4.333950043E0,3.600000143E0
5.125901853E1,4.249500334E-1,3.108000040E0,5.431050301E0
5.126146199E1,8.899500370E-1,3.250950098E0,3.027000189E0
5.126390538E1,6.600000262E-1,1.788000107E0,5.347050190E0
5.126634876E1,-1.111050010E0,2.581050158E0,2.568000078E0
5.126879216E1,-2.752950191E0,5.995050430E0,8.460000157E-1
5.127123578E1,-2.629050016E0,6.081000328E0,1.198050022E0
5.127367916E1,1.623000026E0,1.066605091E1,-7.189500332E-1
5.127612255E1,3.496950150E0,1.533795071E1,-8.700000495E-2
5.127856601E1,2.959500253E-1,1.684950113E0,1.120950103E0
5.128100939E1,1.800000109E-2,-1.999500096E-1,2.874000072E0
5.128345278E1,1.199205017E1,1.050000042E-1,1.396395111E1
5.128589616E1,2.784495163E1,3.379500210E-1,-2.218050003E0
5.128833978E1,3.131895065E1,8.215050697E0,-5.655600357E1
5.129078316E1,2.822805214E1,2.739000082E0,-7.622295380E1
5.129322662E1,1.819605064E1,2.077950001E0,-7.342605591E1
5.129567001E1,1.144905090E1,1.213950038E0,-4.420905304E1
5.129811339E1,1.423950076E0,9.979500771E-1,-1.109595013E1
5.130055701E1,9.349500537E-1,2.110500038E-1,-1.800000072E-1
5.130300016E1,1.468800068E1,2.600700188E1,8.625000000E0
5.130544380E1,1.011495018E1,2.644500160E1,2.230050087E0
5.130788718E1,1.183950067E0,2.646000147E0,-2.661000013E0
5.131033064E1,-4.020000100E-1,1.152000070E0,2.310000062E-1
5.131277403E1,2.808000088E0,2.141400146E1,7.789500356E-1
5.131521741E1,7.756950378E0,2.534595108E1,2.704050064E0
5.131766103E1,2.032050133E0,9.952950478E0,-4.369950294E0
5.132010442E1,-2.203050137E0,2.006400108E1,-1.995000057E-2
5.132254780E1,-8.659950256E0,3.019905090E1,2.086050034E0
5.132499119E1,-1.791000128E0,3.675000191E0,5.370000005E-1
5.132743465E1,-7.755000591E0,1.750905037E1,3.480000257E0
5.132987803E1,-6.061950207E0,1.907805061E1,4.882950306E0
5.133232142E1,-2.180999994E0,7.441050529E0,3.307050228E0
5.133476503E1,-5.523000240E0,1.285005093E1,3.361950159E0
5.133720842E1,-3.358950138E0,6.888000488E0,3.895950079E0
5.133965180E1,-1.426950097E0,2.482950211E0,1.162050009E0
5.134209528E1,-5.073000431E0,8.623950005E0,1.521000028E0
5.134453866E1,-2.667000055E0,5.004000187E0,1.023000002E0
5.134698228E1,-1.410000086E0,3.325950146E0,7.290000319E-1
5.134942566E1,-2.085000038E0,6.826050282E0,1.324950099E0
5.135186904E1,-4.005000114E0,9.340050697E0,1.062000036E0
5.135431243E1,-2.518950224E0,7.300050259E0,7.170000076E-1
5.135675589E1,8.250000477E-1,6.772950172E0,-3.424050093E0
5.135919927E1,1.045005035E1,9.505050659E0,4.441950321E0
5.136164266E1,1.113000011E1,1.090605068E1,4.004505157E1
5.136408604E1,2.841000080E0,1.096305084E1,3.878100204E1
5.136652966E1,3.112050056E0,5.880000114E0,1.708395004E1
5.136897304E1,4.896000385E0,5.763000488E0,1.264500046E1
5.137141643E1,4.920000136E-1,5.844000340E0,1.093095016E1
5.137385989E1,-4.459950447E0,8.860950470E0,1.456950068E0
5.137630327E1,-5.406000137E0,1.052295017E1,1.119000077E0
5.137874666E1,-3.498000145E0,6.871950150E0,7.650000453E-1
5.138119027E1,-4.435950279E0,8.422950745E0,6.310500503E-1
5.138363366E1,-4.776000023E0,7.981950283E0,8.820000291E-1
5.138607712E1,-3.238950253E0,4.780950069E0,7.000500560E-1
5.138852049E1,-3.340050220E0,5.515950203E0,8.080500364E-1
5.139096387E1,-4.330950260E0,7.531950474E0,1.057050109E0
5.139340726E1,-1.696950078E0,1.391295052E1,3.208950043E0
5.139585087E1,7.273050308E0,3.156105232E1,5.829000473E0
5.139829426E1,3.667050123E0,1.300095081E1,6.346050262E0
5.140073765E1,-3.600000218E-2,1.960950136E0,7.983000278E0
5.140318111E1,1.551000118E0,6.655950546E0,-4.678950310E0
5.140562449E1,3.622050285E0,1.433895111E1,-1.767000079E0
5.140806788E1,4.098900223E1,8.039999962E0,6.163950443E0
5.141051149E1,2.223000145E1,2.749050140E0,-1.310700035E1
5.141295489E1,2.644605064E1,-1.222950101E0,-2.367795181E1
5.141539828E1,1.363200092E1,3.013950109E0,-1.416705036E1
5.141784174E1,2.863500214E1,7.582950592E0,-4.669050217E0
5.142028513E1,3.631050110E0,8.071050644E0,-5.964195251E1
5.142272851E1,1.551195049E1,5.755950451E0,-4.004505157E1
5.142517212E1,4.213050365E0,9.805050850E0,-3.066900063E1
5.142761550E1,3.366000175E0,7.896000385E0,-1.277400017E1
5.143005889E1,4.375950336E0,1.524195099E1,1.240950108E0
5.143250227E1,3.187950134E0,9.778050423E0,5.587050438E0
5.143494573E1,1.414050102E0,6.478950500E0,-1.588050127E0
5.143738910E1,4.054950237E0,9.370950699E0,1.435050011E0
5.143983249E1,7.009500265E-1,4.980000019E0,-8.340000510E-1
5.144227610E1,1.171950102E0,2.425050020E0,2.218050003E0
5.144471949E1,1.318050027E0,2.691000223E0,3.577950239E0
5.144716287E1,-6.195000187E-2,2.236050129E0,9.370500445E-1
5.144960625E1,9.450000525E-1,7.116000175E0,2.910000086E-1
5.145204970E1,2.428950071E0,8.749050140E0,6.481950283E0
5.145449309E1,3.258000135E0,5.085000038E0,2.617950201E0
5.145693648E1,1.117050052E0,3.840000153E0,-3.538950205E0
5.145938009E1,3.064050198E0,8.659950256E0,3.291000128E0
5.146182346E1,3.112050056E0,1.088400078E1,1.639500111E-1
5.146426692E1,2.559000015E0,8.694000244E0,-1.320000052E0
5.146671030E1,1.753950119E0,1.057800007E1,5.610000491E-1
5.146915369E1,2.213999987E0,1.592895031E1,1.126049995E0
5.147159706E1,-3.751950264E0,2.165100098E1,1.372950077E0
5.147404067E1,-4.618050098E0,1.260105038E1,7.219500542E-1
5.147648406E1,-3.021000147E0,7.804950237E0,5.610000491E-1
5.147892744E1,-3.534000158E0,1.086795044E1,3.910500109E-1
5.148137090E1,-2.310000181E0,6.553050518E0,5.440500379E-1
5.148381429E1,-4.389000416E0,9.603000641E0,6.709500551E-1
5.148625767E1,-2.830050230E0,7.195050240E0,6.109500527E-1
5.148870129E1,-7.470000386E-1,2.514000177E0,2.929500043E-1
5.149114467E1,-2.491950035E0,4.330950260E0,5.010000467E-1
5.149358813E1,-2.487000227E0,5.488050461E0,6.310500503E-1
5.149603150E1,-1.788000107E0,5.986050129E0,5.640000105E-1
5.149847488E1,-4.690500200E-1,1.009950042E0,2.380500138E-1
5.150091827E1,1.950000064E-3,-2.100000083E-1,1.950000077E-1
5.150336188E1,-1.510500014E-1,-6.105000153E-2,2.809500098E-1
5.150580527E1,-4.930500090E-1,6.420000196E-1,-9.100500345E-1
5.150824866E1,-1.138950109E0,1.348050117E0,-1.758000135E0
5.151069205E1,1.585200119E1,2.206950188E0,2.077095032E1
5.151313551E1,1.429500103E1,1.558950067E0,5.383050442E0
5.151557889E1,1.093200016E1,7.399500608E-1,1.171950102E0
5.151802228E1,-1.220595074E1,2.432595062E1,-5.269950390E0
5.152046589E1,9.307950020E0,1.912995148E1,-5.263605118E1
5.152290928E1,3.718695068E1,2.779950142E0,-4.744305038E1
5.152535266E1,3.027705193E1,7.180500627E-1,-4.895895386E1
5.152779612E1,1.819305038E1,3.832950115E0,-4.930605316E1
5.153023951E1,6.460500360E-1,6.364050388E0,-4.726395035E1
5.153268311E1,-8.190000653E-1,4.108950138E0,-6.192000389E0
5.153512627E1,-1.555095100E1,3.675900269E1,-7.695000619E-2
5.153756988E1,-4.048950195E0,1.198095036E1,1.834950089E0
5.154001327E1,-9.225000381E0,2.421300125E1,1.435050011E0
5.154245673E1,-9.145950317E0,2.178300095E1,1.785000086E0
5.154490011E1,-7.776000500E0,2.074200058E1,6.541950226E0
5.154734350E1,-4.389000416E0,2.328000069E1,2.904405212E1
5.154978711E1,-2.446950197E0,8.080950737E0,7.335000515E0
5.155223050E1,-6.622050285E0,1.685295105E1,7.480500340E-1
5.155467388E1,-4.165950298E0,1.135800076E1,5.920500159E-1
5.155711727E1,-1.141950011E0,5.356050491E0,-5.010000467E-1
5.155956073E1,2.899050236E0,1.795499992E1,-9.037050247E0
5.156200412E1,5.491950035E0,1.463400078E1,-1.536900043E1
5.156444773E1,9.739500284E-1,1.756950140E0,-7.297950268E0
5.156689112E1,5.895000324E-2,5.700000376E-2,9.436950684E0
5.156933450E1,2.410500050E-1,1.687950134E0,1.717005157E1
5.157177796E1,6.499500275E-1,3.349500299E-1,7.035000324E0
5.157422135E1,1.849950075E0,2.586000204E0,-6.952950478E0
5.157666473E1,4.155705261E1,-3.181050062E0,1.610505104E1
5.157910812E1,2.607795143E1,-1.357050061E0,3.641805267E1
5.158155174E1,7.326000214E0,1.590000033E0,3.171000242E0
5.158399512E1,1.045695019E1,1.318005085E1,-1.732305145E1
5.158643851E1,5.203950405E0,1.476795101E1,1.151700020E1
5.158888197E1,2.282999992E0,6.771000385E0,9.592050552E0
5.159132535E1,1.876050115E0,1.180905056E1,-3.372000217E0
5.159376873E1,2.779050112E0,1.863495064E1,6.336000443E0
5.159621212E1,5.164050102E0,1.510995102E1,6.535050392E0
5.159865573E1,3.045000076E0,1.087500095E1,-1.473000050E0
5.160109912E1,2.074949980E0,1.238100052E1,6.640050411E0
5.160354249E1,3.640950203E0,1.072605038E1,4.323000431E0
5.160598595E1,2.032050133E0,7.657050133E0,-3.357000113E0
5.160842934E1,3.592950106E0,1.074300098E1,3.504000187E0
5.161087295E1,5.431950092E0,1.655895042E1,9.040500522E-1
5.161331610E1,3.198000193E0,1.124595070E1,1.210050106E0
5.161575972E1,-2.193000078E0,8.542950630E0,-1.040100002E1
5.161820311E1,-7.395000011E-2,5.061000347E0,-4.693050385E0
5.162064656E1,2.961000204E0,1.494705105E1,-1.240950108E0
5.162308995E1,4.186950207E0,1.288605022E1,4.762950420E0
5.162553334E1,1.323000073E0,6.007050514E0,6.019500494E-1
5.162797696E1,2.524950027E0,7.393050194E0,2.809050083E0
5.163042035E1,3.315000057E0,8.266950607E0,2.821050167E0
5.163286381E1,1.251000047E0,6.175050259E0,2.388000011E0
5.163530712E1,6.739500165E-1,6.574950218E0,5.626950264E0
5.163775058E1,4.950000346E-1,6.505050182E0,5.248950481E0
5.164019398E1,4.098000050E0,6.799950123E0,5.122050285E0
5.164263759E1,1.885905075E1,6.108000278E0,-9.226050377E0
5.164508098E1,3.792000294E0,4.683000088E0,-1.047300053E1
5.164752436E1,7.369500399E-1,2.776950121E0,-4.960950375E0
5.164996782E1,1.636950135E0,5.346000195E0,-8.740050316E0
5.165241122E1,9.451950073E0,7.422000408E0,-8.368950844E0
5.165485461E1,-1.474950075E0,1.400205040E1,-2.204895020E1
5.165729799E1,2.932050228E0,1.016100025E1,-2.728095055E1
5.165974160E1,5.314950466E0,5.100000381E0,-3.453105164E1
5.166218499E1,4.000050068E0,1.018005085E1,-2.753205109E1
5.166462837E1,2.863050222E0,8.947050095E0,-9.834000587E0
5.166707183E1,5.463000298E0,9.304050446E0,1.548000097E0
5.166951522E1,3.337050200E0,1.243305016E1,5.211000443E0
5.167195860E1,1.795050144E0,9.370950699E0,3.268950224E0
5.167440199E1,8.350500464E-1,8.289000511E0,2.685000181E0
5.167684561E1,3.054000139E0,1.156695080E1,4.066050053E0
5.167928899E1,4.102950096E0,1.177695084E1,1.600050092E0
5.168173238E1,2.812050104E0,7.896000385E0,3.178050041E0
5.168417584E1,2.404950142E0,8.943000793E0,7.980000377E-1
5.168661922E1,4.159950256E0,1.194000053E1,2.722950220E0
5.168906285E1,2.853000164E0,9.196050644E0,6.640500426E-1
5.169150624E1,1.074000001E0,6.730050087E0,-1.594950080E0
5.169394962E1,2.616000175E0,1.153800011E1,2.958000183E0
5.169639308E1,4.129050255E0,1.311105061E1,-2.970000207E-1
5.169883646E1,2.788950205E0,9.558000565E0,-2.209950209E0
5.170127984E1,2.812050104E0,1.216500092E1,2.452950001E0
5.170372323E1,4.507950306E0,1.412895107E1,-9.340500236E-1
5.170616684E1,3.355950117E0,1.412895107E1,-1.018050075E0
5.170861022E1,2.094000101E0,1.518195057E1,1.404000044E0
5.171105368E1,1.407000065E0,1.596705055E1,-1.168500042E1
5.171349707E1,5.205000192E-2,1.161900043E1,-7.297950268E0
5.171594046E1,1.660950065E0,1.069995022E1,-4.036950111E0
5.171838384E1,5.571000099E0,1.640595055E1,-1.042500019E1
5.172082745E1,6.211950302E0,1.289805031E1,-1.372005081E1
5.172327084E1,4.038000107E0,7.705050468E0,-8.067000389E0
5.172571422E1,4.057950020E0,7.051050186E0,-5.332950115E0
5.172815768E1,6.010950089E0,8.703000069E0,-1.163700008E1
5.173060107E1,6.592950344E0,3.787950277E0,-1.512000084E1
5.173304445E1,7.219950199E0,4.522950172E0,-1.336305046E1
5.173548806E1,3.466050148E0,2.218950033E0,-6.010050297E0
5.173793145E1,3.010500073E-1,5.190000534E-1,-7.260000110E-1
5.174037484E1,-1.360500008E-1,-1.039500013E-1,2.380500138E-1
5.174281822E1,8.110500574E-1,-1.879500151E-1,9.780000448E-1
5.174526168E1,6.198000431E0,-5.430000424E-1,1.842000127E0
5.174770506E1,6.763050556E0,6.970500350E-1,7.690500617E-1
5.175014845E1,8.121000290E0,5.341950417E0,-6.361950397E0
5.175259206E1,1.513095093E1,5.815950394E0,-1.995705032E1
5.175503545E1,1.425000095E1,-9.859500527E-1,-1.866600037E1
5.175747883E1,7.953000546E0,1.693050027E0,-9.331050873E0
5.175992222E1,6.313050270E0,5.080950260E0,-8.974050522E0
5.176236568E1,2.029950142E0,1.135095024E1,-1.605705070E1
5.176480929E1,-2.305950165E0,1.187805080E1,-6.168000221E0
5.176725245E1,-3.478950262E0,1.206495094E1,2.251950026E0
5.176969606E1,-3.160500228E-1,7.864950180E0,2.701950073E0
5.177213944E1,-1.578000069E0,1.353705025E1,3.784050226E0
5.177458290E1,4.969500303E-1,1.547205067E1,5.449950218E0
5.177702629E1,1.633950114E0,1.120500088E1,-1.030050039E0
5.177946967E1,2.025000095E0,8.320050240E0,-6.810000420E0
5.178191306E1,1.570050120E0,1.600304985E1,4.080000222E-1
5.178435669E1,9.979500771E-1,1.457595062E1,2.740050077E0
5.178680007E1,-7.609500289E-1,1.210800076E1,-3.466950178E0
5.178924346E1,-3.697050095E0,1.318800068E1,-1.779000044E0
5.179168692E1,-4.948950291E0,1.073100090E1,1.030050039E0
5.179413030E1,-3.721050262E0,1.128195095E1,1.476000071E0
5.179657392E1,-3.874050140E0,1.252695084E1,3.409950256E0
5.179901730E1,9.300000221E-2,8.764950752E0,8.447999954E0
5.180146069E1,4.531949997E0,9.847950935E0,8.287950516E0
5.180390415E1,4.924050331E0,5.787000179E0,9.114000320E0
5.180634753E1,4.729950428E0,7.033950329E0,8.845050812E0
5.180879090E1,4.066950321E0,4.755000114E0,8.557950020E0
5.181123429E1,2.179949999E0,1.803000093E0,7.945050240E0
5.181367790E1,1.527000070E0,1.555950046E0,4.749000072E0
5.181612129E1,8.200500607E-1,9.960000515E-1,2.260500044E-1
5.181856467E1,1.069500074E-1,-1.069500074E-1,1.465950012E0
5.182100812E1,1.315950036E0,8.595000207E-2,6.300000101E-2
5.182345151E1,5.743050098E0,9.871950150E0,-3.600000218E-2
5.182589489E1,1.635900116E1,8.634000778E0,4.009050369E0
5.182833828E1,1.621095085E1,-1.795050144E0,-1.963605118E1
5.183078189E1,2.869200134E1,-3.672000170E0,-3.750705338E1
5.183322527E1,1.874205017E1,-2.233050108E0,-4.274295044E1
5.183566866E1,2.596950054E0,1.984950066E0,-2.640000153E1
5.183811212E1,1.180050015E0,2.473050117E0,-3.664050102E0
5.184055550E1,2.461050034E0,1.038600063E1,4.765950203E0
5.184299912E1,6.835050106E0,2.134995079E1,7.894950390E0
5.184544226E1,1.431000113E0,8.145000458E0,-2.749050140E0
5.184788588E1,4.110000134E-1,3.546000242E0,4.332000256E0
5.185032926E1,2.572950125E0,9.028950691E0,3.544050217E0
5.185277272E1,3.130950212E0,1.091100025E1,2.029050112E0
5.185521611E1,1.660950065E0,9.001950264E0,2.094000101E0
5.185765949E1,2.194950104E0,7.993950367E0,1.785000086E0
5.186010311E1,2.188050032E0,6.120000362E0,-1.297950029E0
5.186254649E1,1.960050106E0,6.622950077E0,-8.550000191E-1
5.186498988E1,4.258950233E0,1.370700073E1,4.168950081E0
5.186743326E1,3.732000113E0,1.086000061E1,-7.090500593E-1
5.186987672E1,8.350500464E-1,5.830050468E0,-7.020000219E-1
5.187232010E1,1.986000061E0,8.848950386E0,5.809050083E0
5.187476372E1,1.402050018E0,9.148050308E0,3.259950161E0
5.187720711E1,5.809500217E-1,3.256050110E0,2.620500028E-1
5.187965049E1,9.780000448E-1,3.454950094E0,2.788050175E0
5.188209394E1,1.575000048E0,6.127050400E0,4.882950306E0
5.188453732E1,2.338050127E0,4.459950447E0,2.529000044E0
5.188698071E1,1.144605064E1,3.642000198E0,-3.211050034E0
5.188942409E1,1.038300037E1,6.843000412E0,-2.507100105E1
5.189186772E1,7.005000114E0,4.614000320E0,-2.936400223E1
5.189431110E1,2.674050093E0,8.136000633E0,-1.896105003E1
5.189675449E1,5.235000134E0,8.872950554E0,-1.540500069E1
5.189919795E1,3.250500262E-1,6.426000118E0,-9.052950859E0
5.190164134E1,6.985950470E0,7.887000561E0,1.942950130E0
5.190408472E1,6.993000507E0,1.024305058E1,3.403050184E0
5.190652811E1,3.379950047E0,6.924000263E0,1.153050065E0
5.190897172E1,1.893000126E0,5.083050251E0,2.545950174E0
5.191141510E1,5.041950226E0,8.422950745E0,4.099950314E0
5.191385849E1,6.471000195E0,1.170795059E1,-5.122050285E0
5.191630195E1,2.982000113E0,6.558000088E0,-1.341000080E0
5.191874534E1,4.825950146E0,9.216000557E0,-4.650000095E0
5.192118895E1,4.399950027E0,1.369800091E1,-6.001050472E0
5.192363234E1,3.700950146E0,1.423905087E1,5.800500512E-1
5.192607572E1,4.819050312E0,1.239000034E1,-5.490000248E-1
5.192851918E1,5.182950020E0,1.435095024E1,6.040500402E-1
5.193096257E1,5.884050369E0,1.572600079E1,2.205000073E-2
5.193340595E1,5.305050373E0,1.722900009E1,-3.499500155E-1
5.193584934E1,5.274000168E0,1.819200134E1,5.437950134E0
5.193829295E1,4.773000240E0,1.422405052E1,1.866000056E0
5.194073634E1,3.010950089E0,8.986050606E0,-1.066050053E0
5.194317980E1,2.962950230E0,1.199505043E1,1.239000082E0
5.194562318E1,5.656950474E0,1.542195034E1,4.804050446E0
5.194806657E1,1.684950113E0,9.682050705E0,-2.907000065E0
5.195050995E1,-8.569500446E-1,3.438000202E0,-3.379050255E0
5.195295355E1,1.740000099E-1,3.337950230E0,-2.032950163E0
5.195539694E1,2.170950174E0,1.189005089E1,-4.528050423E0
5.195784033E1,3.550050259E0,8.538000107E0,2.196000099E0
5.196028378E1,5.809500217E-1,3.235050201E0,-1.791000128E0
5.196272717E1,3.850500286E-1,1.099050045E0,6.094050407E0
5.196517056E1,-2.659500241E-1,2.325000048E0,2.401950121E0
5.196761417E1,-4.879050255E0,1.753605080E1,4.110000134E0
5.197005756E1,-1.792950034E0,5.440050125E0,3.765000105E0
5.197250094E1,-4.480500221E-1,9.105000645E-2,2.890950203E0
5.197494433E1,-1.738050103E0,3.553050280E0,5.392950058E0
5.197738779E1,1.004999995E0,1.373805046E1,4.995000362E0
5.197983118E1,4.050000191E0,2.617050171E0,1.570500135E-1
5.198227456E1,6.246000290E0,5.791950226E0,-6.874050140E0
5.198471818E1,1.249995041E1,8.430000305E0,-1.154295063E1
5.198716156E1,7.323000431E0,2.361000061E0,-3.124950171E0
5.198960495E1,4.972050190E0,1.301505089E1,-3.016095161E1
5.199204834E1,1.845195007E1,8.655000687E0,-3.044895172E1
5.199449180E1,5.185050011E0,4.326000214E0,-3.306105042E1
5.199693541E1,2.271000147E0,3.655950069E0,-2.113005066E1
5.199937880E1,4.768950462E0,7.978050232E0,-1.095705032E1
5.200182220E1,2.305050135E0,5.703000069E0,5.595000088E-2
5.200426558E1,1.330500096E-1,7.177950382E0,2.247000217E0
5.200670904E1,-8.740500212E-1,1.254600048E1,2.351999998E0
5.200915243E1,3.820500076E-1,7.864950180E0,3.709950209E0
5.201159581E1,5.569500327E-1,5.095050335E0,1.003950000E0
5.201403919E1,-5.239500403E-1,1.099395084E1,1.332000017E0
5.201648280E1,1.029000044E0,9.373950005E0,4.435050011E0
5.201892619E1,1.096050024E0,4.987050056E0,-7.020000219E-1
5.202136965E1,1.351950049E0,5.181000233E0,1.171950102E0
5.202381304E1,3.679050207E0,9.465000153E0,1.039950013E0
5.202625642E1,1.881000042E0,9.888000488E0,1.210500076E-1
5.202869981E1,1.213050008E0,9.903000832E0,1.057050109E0
5.203114342E1,3.174000263E0,1.228305054E1,4.035000324E0
5.203358681E1,4.122000217E0,1.065195084E1,3.415050268E0
5.203603028E1,2.797950029E0,8.368050575E0,5.850000381E-1
5.203847359E1,2.920050144E0,1.173900032E1,1.584000111E0
5.204091705E1,4.843050003E0,1.440600109E1,5.304000378E0
5.204336044E1,2.788950205E0,8.992950439E0,-1.614000082E0
5.204580405E1,1.441050053E0,1.116900063E1,-5.883000374E0
5.204824744E1,7.405050278E0,1.829205132E1,8.896050453E0
5.205069082E1,8.092050552E0,1.293405056E1,-1.137105083E1
5.205313428E1,3.355950117E0,1.082400036E1,-4.837050438E0
5.205557767E1,5.188050270E0,1.531905079E1,-1.162995052E1
5.205802105E1,2.001000166E0,1.348695087E1,-1.089900017E1
5.206046442E1,4.231950283E0,1.346805096E1,-6.649050236E0
5.206290804E1,3.994950294E0,1.171305084E1,-1.049700069E1
5.206535142E1,1.399950027E0,4.918050289E0,-7.092000484E0
5.206779481E1,7.320000529E-1,2.767950058E0,-4.284000397E0
5.207023827E1,5.140050411E0,7.695000172E0,-2.380500138E-1
5.207268166E1,3.640950203E0,8.919000626E0,-5.359050274E0
5.207512527E1,1.339950085E0,3.555000067E0,-1.417950034E0
5.207756866E1,5.331000328E0,4.302000046E0,3.619050264E0
5.208001204E1,2.809950113E0,8.974050522E0,3.352950096E0
5.208245550E1,2.085000038E0,5.896950245E0,5.680500269E-1
5.208489889E1,1.897950053E0,5.167050362E0,1.042050004E0
5.208734227E1,1.785000086E0,5.064000130E0,2.581950188E0
5.208978566E1,2.524950027E0,5.071050167E0,4.729500115E-1
5.209222927E1,8.476950645E0,8.218950272E0,-7.140000463E-1
5.209467266E1,5.080050468E0,8.442000389E0,-2.953050137E0
5.209711605E1,1.828050137E0,3.247050047E0,-7.192950249E0
5.209955943E1,1.447950125E0,4.447950363E0,-6.448050499E0
5.210200289E1,4.555950165E0,5.449050426E0,-7.903950214E0
5.210444651E1,-1.000500023E-1,3.124050140E0,-6.793050289E0
5.210688966E1,-4.519500136E-1,1.294950008E0,-2.280000210E0
5.210933329E1,7.078950405E0,3.217950106E0,-2.272950172E0
5.211177668E1,4.333050251E0,5.221950054E0,-6.646950245E0
5.211422014E1,1.096050024E0,4.978050232E0,-2.329950094E0
5.211666345E1,4.953000069E0,8.257950783E0,1.444950104E0
5.211910691E1,8.446050644E0,1.018005085E1,-2.794950247E0
5.212155052E1,3.442050219E0,9.417000771E0,-5.698950291E0
5.212399391E1,7.467000484E0,1.258200073E1,-5.641050339E0
5.212643729E1,1.109700012E1,5.800950050E0,-8.650950432E0
5.212888068E1,6.126000404E0,4.060950279E0,-1.456305027E1
5.213132414E1,7.171950340E0,7.258950233E0,-1.769895172E1
5.213376752E1,1.502100086E1,3.457050085E0,-1.476105022E1
5.213621091E1,6.682050228E0,2.533050060E0,-1.336095047E1
5.213865452E1,3.250950098E0,8.017950058E0,-8.566950798E0
5.214109791E1,8.746050835E0,9.868950844E0,-2.493000031E0
5.214354138E1,4.843050003E0,6.613050461E0,-4.914000034E0
5.214598477E1,1.522050023E0,8.931000710E0,-3.333000183E0
5.214842815E1,3.178950071E0,1.473405075E1,7.102050304E0
5.215087154E1,4.254000187E0,1.579695034E1,1.840050101E0
5.215331515E1,1.891050100E0,1.307295036E1,-3.228000164E0
5.215575854E1,3.679050207E0,1.709295082E1,4.699050426E0
5.215820192E1,4.756950378E0,1.732305145E1,1.648050070E0
5.216064538E1,2.547000170E0,1.212000084E1,-3.108000040E0
5.216308877E1,2.050950050E0,1.146405029E1,3.292950153E0
5.216553215E1,4.635000229E0,1.223505020E1,1.780050039E0
5.216797552E1,2.413050175E0,7.573050499E0,-2.221950054E0
5.217041913E1,-2.400000021E-2,2.503950119E0,-1.695000008E-2
5.217286252E1,3.510000110E-1,8.039999962E0,1.581000090E0
5.217530590E1,3.813000202E0,8.161950111E0,-9.490500689E-1
5.217774936E1,1.552950025E0,3.780000210E0,-4.915950298E0
5.218019275E1,7.609500289E-1,5.533050060E0,-3.144000053E0
5.218263636E1,2.290950060E0,1.049205017E1,6.570000052E-1
5.218507952E1,-2.763000250E0,1.679594994E1,1.393950105E0
5.218752313E1,-1.603950024E0,3.630000114E0,4.270500243E-1
5.218996652E1,-5.382000446E0,1.167195034E1,1.924050093E0
5.219240998E1,-5.503950119E0,1.585200119E1,3.169050217E0
5.219485336E1,-9.340500236E-1,7.767000198E0,3.691050291E0
5.219729675E1,6.121050358E0,1.537800026E1,4.857000351E0
5.219974036E1,1.720950127E0,1.300095081E1,1.489500105E-1
5.220218375E1,1.596000075E0,1.073595047E1,2.737950087E0
5.220462715E1,1.450050116E0,1.214400101E1,1.432950020E0
5.220707061E1,1.108200073E1,1.434900093E1,-9.529950142E0
5.220951400E1,1.302900028E1,1.035495090E1,-1.497000027E1
5.221195738E1,8.532000542E0,6.898050308E0,-9.867000580E0
5.221440076E1,6.492000103E0,1.141800022E1,-1.395900059E1
5.221684438E1,1.415700054E1,1.215795040E1,-1.179000092E1
5.221928776E1,1.058205032E1,9.610950470E0,-1.147395039E1
5.222173115E1,3.258000135E0,8.434950829E0,-8.943000793E0
5.222417461E1,4.297049999E0,5.506950378E0,-1.948950052E0
5.222661800E1,6.046950340E0,9.131999969E0,-9.079500437E-1
5.222906160E1,4.065000057E0,7.815000534E0,-5.380050182E0
5.223150499E1,-3.730500042E-1,3.760950089E0,-5.206050396E0
5.223394837E1,1.017000079E0,3.160050154E0,1.528050065E0
5.223639176E1,1.612950087E0,7.731000423E0,1.219950080E0
5.223883522E1,-1.515000105E0,8.068950653E0,-3.330000043E-1
5.224127861E1,-1.767000079E0,3.381000042E0,2.449500114E-1
5.224372199E1,-6.919500232E-1,2.970000207E-1,7.240950108E0
5.224616560E1,-1.162950039E0,9.460500479E-1,8.302050591E0
5.224860899E1,6.459000111E0,3.390000105E0,7.980000377E-1
5.225105237E1,1.651695061E1,3.814050198E0,-1.105005074E1
5.225349577E1,1.577505112E1,9.259500504E-1,-2.102505112E1
5.225593923E1,9.229050636E0,3.946050167E0,-2.514795113E1
5.225838262E1,7.764000416E0,6.165000439E0,-2.611500168E1
5.226082600E1,4.285050392E0,6.036000252E0,-2.277495193E1
5.226326962E1,4.219950199E0,7.116000175E0,-1.205595016E1
5.226571301E1,1.651050091E0,1.018800068E1,-2.110500038E-1
5.226815647E1,4.153050423E0,2.236305046E1,1.122300053E1
5.227059986E1,3.433050156E0,1.565400028E1,2.935950041E0
5.227304325E1,1.953000069E0,9.850050926E0,1.027950048E0
5.227548663E1,3.564000130E0,1.266600037E1,1.852050066E0
5.227793023E1,2.865000248E0,1.316595078E1,2.910000086E-1
5.228037362E1,4.728000164E0,1.546500111E1,4.629000187E0
5.228281700E1,4.218000412E0,1.442100048E1,3.331050158E0
5.228526046E1,2.290950060E0,9.556050301E0,-2.490000129E-1
5.228770385E1,1.620000124E0,1.037205029E1,2.929500043E-1
5.229014723E1,3.118950129E0,1.304595089E1,2.565000057E0
5.229259084E1,2.757000208E0,9.852000237E0,-8.400000632E-2
5.229503423E1,-1.087050080E0,9.747000694E0,2.509950161E0
5.229747769E1,-4.273950100E0,8.986050606E0,5.860050201E0
5.229992100E1,-4.246950150E0,8.260050774E0,3.355050087E0
5.230236444E1,-2.254950047E0,6.117000103E0,4.636050224E0
5.230480783E1,1.000500023E-1,3.823950291E0,6.388950348E0
5.230725144E1,1.594050050E0,2.631000042E0,5.224950314E0
5.230969483E1,2.056050062E0,5.871000290E0,1.533000112E0
5.231213822E1,2.092050076E0,5.623950481E0,7.516950130E0
5.231458168E1,2.422049999E0,3.037950039E0,7.071000099E0
5.231702506E1,2.029500157E-1,2.878050089E0,-1.429950118E0
5.231946845E1,1.740000099E-1,3.724950075E0,-3.337950230E0
5.232191183E1,1.014600086E1,5.538000107E0,3.135000229E0
5.232435544E1,1.038105011E1,9.670500755E-1,-1.083900070E1
5.232679883E1,8.080050468E0,1.156050086E0,-2.634705162E1
5.232924222E1,9.222000122E0,5.691000462E0,-3.501705170E1
5.233168568E1,1.113000035E0,5.248050213E0,-2.693895149E1
5.233412906E1,3.739050150E0,7.578000546E0,-1.387500095E1
5.233657245E1,9.078000069E0,8.377950668E0,-7.492050171E0
5.233901583E1,4.975050449E0,9.013950348E0,-2.325000048E0
5.234145945E1,6.342000484E0,1.134405041E1,1.915950060E0
5.234390283E1,1.112100029E1,1.331205082E1,3.127950191E0
5.234634629E1,7.258950233E0,6.627000332E0,-4.321950436E0
5.234878970E1,5.074950218E0,6.912000179E0,-5.584050179E0
5.235123308E1,1.162095070E1,6.615000248E0,-3.955950260E0
5.235367669E1,7.326000214E0,3.370950222E0,-1.090395069E1
5.235612008E1,9.520500302E-1,6.304050446E0,-3.252000093E0
5.235856347E1,6.756000519E0,9.919050217E0,6.300000101E-2
5.236100686E1,5.235000134E0,6.445050240E0,-4.650000095E0
5.236345032E1,1.587000132E0,8.518950462E0,-5.629500151E-1
5.236589370E1,2.218950033E0,1.300095081E1,1.315050006E0
5.236833709E1,4.137000084E0,1.385595036E1,3.841050148E0
5.237078070E1,2.200050116E0,1.170795059E1,-4.144950390E0
5.237322408E1,3.010500073E-1,1.413600063E1,-1.408050060E0
5.237566754E1,1.495950103E0,1.497105026E1,2.746950150E0
5.237811093E1,1.479000092E0,1.187295055E1,-7.039500475E-1
5.238055431E1,-3.589500189E-1,9.736950874E0,-1.783950090E0
5.238299793E1,1.302000046E0,1.356405067E1,1.981050134E0
5.238544133E1,3.528000116E0,1.185900021E1,-1.319999993E-1
5.238788471E1,7.410000563E-1,1.075500011E1,-2.766000032E0
5.239032810E1,7.729500532E-1,1.404195023E1,2.425950050E0
5.239277156E1,3.373050213E0,1.414500046E1,1.591050029E0
5.239521494E1,1.512000084E0,1.027605057E1,-2.754000187E0
5.239765832E1,5.695050240E0,8.737050056E0,2.199000120E0
5.240010193E1,5.779050350E0,1.308195019E1,-1.273095036E1
5.240254532E1,5.146950245E0,1.032900047E1,-1.080600071E1
5.240498870E1,7.090950489E0,9.775950432E0,-9.906000137E0
5.240743209E1,4.885950089E0,1.008705044E1,-1.085100079E1
5.240987556E1,3.184050083E0,7.534950256E0,-3.685050249E0
5.241231895E1,3.295950174E0,7.345950127E0,1.392000079E0
5.241476256E1,4.657950401E0,9.144000053E0,2.347050190E0
5.241720572E1,1.699050069E0,7.161000252E0,-2.539499998E-1
5.241964933E1,3.850500286E-1,4.396049976E0,1.033050060E0
5.242209270E1,3.985950232E0,7.966050148E0,2.413950205E0
5.242453616E1,1.528950095E0,6.024000168E0,-6.970500350E-1
5.242697955E1,-2.700000107E-1,4.198950291E0,-2.980950117E0
5.242942293E1,3.289050102E0,6.691950321E0,2.689950228E0
5.243186655E1,3.298950195E0,8.521050453E0,-3.669000149E0
5.243430994E1,1.753950119E0,7.458000183E0,-3.484050274E0
5.243675332E1,5.212050438E0,8.502000809E0,-3.697050095E0
5.243919678E1,1.342050076E0,4.657050133E0,-6.457950115E0
5.244164017E1,-4.429500103E-1,2.172000170E0,-2.244000196E0
5.244408355E1,1.098000050E0,3.036000252E0,2.050050020E0
5.244652694E1,1.843050122E0,5.842050076E0,8.599500656E-1
5.244897055E1,1.399500072E-1,6.700500250E-1,-2.467050076E0
5.245141394E1,-1.099500060E-1,1.116000056E0,6.949500442E-1
5.245385740E1,6.033000469E0,6.649050236E0,1.947000146E0
5.245630077E1,2.472000122E0,4.573050022E0,-5.862000465E0
5.245874415E1,1.227000117E0,6.828000546E0,-1.783950090E0
5.246118777E1,4.153050423E0,7.321950436E0,-3.688050270E0
5.246363115E1,2.451000214E0,7.129950523E0,-9.280950546E0
5.246607454E1,1.977000117E0,1.054695034E1,-8.275050163E0
5.246851793E1,1.005300045E1,5.382000446E0,-6.879000187E0
5.247096139E1,7.447950363E0,2.974050045E0,-8.629050255E0
5.247340478E1,4.884000301E0,5.358000278E0,-1.035600090E1
5.247584816E1,1.333995056E1,5.458950043E0,-9.879000664E0
5.247829178E1,1.092195034E1,2.863050222E0,-1.286505032E1
5.248073516E1,3.033000231E0,6.868950367E0,-1.074405098E1
5.248317855E1,6.880050182E0,9.948000908E0,-5.473950386E0
5.248562193E1,8.503950119E0,8.083050728E0,-6.946050167E0
5.248806539E1,1.254000068E0,9.330000877E0,-7.582950592E0
5.249050878E1,-1.840500087E-1,1.158600044E1,4.369950294E0
5.249295239E1,7.819500566E-1,1.228500080E1,6.360000134E0
5.249539577E1,2.595000029E0,1.215300083E1,-4.750500321E-1
5.249783916E1,1.636950135E0,1.616895103E1,-3.139500022E-1
5.250028254E1,3.142950058E0,1.437795067E1,3.513000250E0
5.250272600E1,3.054000139E0,8.657999992E0,9.199500680E-1
5.250516937E1,3.262950182E0,8.554950714E0,-2.953050137E0
5.250761276E1,4.833000183E0,8.928000450E0,-1.699500084E-1
5.251005637E1,4.359000206E0,6.687000275E0,6.349500418E-1
5.251249976E1,1.084050059E0,4.197000027E0,-1.654950023E0
5.251494314E1,2.235000134E0,7.197000504E0,-9.630000591E-1
5.251738660E1,5.535000324E0,5.581050396E0,-2.265000105E0
5.251982999E1,2.377050161E0,4.417050362E0,-5.500050068E0
5.252227337E1,3.760950089E0,8.196000099E0,2.224950075E0
5.252471699E1,5.338050365E0,1.041000080E1,-2.299050093E0
5.252716037E1,3.145050049E0,9.024000168E0,-2.649000168E0
5.252960375E1,3.564000130E0,8.694000244E0,-1.390500069E-1
5.253204721E1,1.267950058E0,7.101000309E0,-1.461000085E0
5.253449060E1,-2.470950127E0,4.992000103E0,-1.071000099E0
5.253693398E1,-2.820000052E-1,4.603950024E0,2.766000032E0
5.253937760E1,5.908050060E0,1.246950030E0,-4.702950001E0
5.254182097E1,3.028050184E0,1.204050064E0,-9.268950462E0
5.254426435E1,5.628000259E0,5.773050308E0,-4.972950459E0
5.254670781E1,1.066095066E1,3.766050100E0,-6.787950516E0
5.254915120E1,4.042950153E0,5.895000458E0,-5.878050327E0
5.255159458E1,2.106000185E0,8.329950333E0,6.570000052E-1
5.255403796E1,6.205050468E0,9.280050278E0,-9.529500604E-1
5.255648157E1,4.222949982E0,9.625050545E0,-7.372050285E0
5.255892496E1,4.251000404E0,1.104000092E1,-5.785050392E0
5.256136835E1,9.780000687E0,8.116950035E0,-8.407050133E0
5.256381173E1,2.973000050E0,7.329000473E0,-1.087305069E1
5.256625519E1,-6.409500241E-1,8.657999992E0,1.324950099E0
5.256869858E1,2.221050024E0,8.976000786E0,2.125050068E0
5.257114219E1,2.998950243E0,8.539950371E0,-3.324000120E0
5.257358558E1,2.202000141E0,8.860950470E0,8.389500380E-1
5.257602895E1,7.741950512E0,1.155195045E1,-2.569500208E-1
5.257847241E1,5.796000481E0,8.911050797E0,-8.289000511E0
5.258091580E1,2.463000059E0,9.409049988E0,-4.192950249E0
5.258335918E1,1.876050115E0,1.005600071E1,1.009500027E-1
5.258580280E1,1.936050057E0,1.275405025E1,-1.114050031E0
5.258824618E1,1.627050042E0,1.240500069E1,-1.485000014E0
5.259068957E1,5.857950211E0,1.118100071E1,-4.192950249E0
5.259313295E1,7.042950153E0,1.281705093E1,-1.113195038E1
5.259557641E1,2.287950039E0,9.898050308E0,-8.550000191E0
5.259801980E1,-3.900000155E-1,9.109950066E0,-2.140500098E-1
5.260046320E1,4.471950054E0,1.075305080E1,1.473000050E0
5.260290682E1,3.186000109E0,7.990050316E0,-2.622000217E0
5.260535020E1,2.737950087E0,7.273950577E0,2.689500153E-1
5.260779366E1,8.311950684E0,1.048200035E1,-1.135050058E0
5.261023705E1,5.455950260E0,7.168050289E0,-6.487050533E0
5.261268043E1,2.467950106E0,8.348999977E0,-3.441000223E0
5.261512382E1,4.824000359E0,9.663000107E0,-6.919500232E-1
5.261756743E1,3.346050262E0,9.778050423E0,-2.773050070E0
5.262001082E1,3.022950172E0,1.140600014E1,4.489500225E-1
5.262245420E1,9.037950516E0,1.301295090E1,-9.150000215E-1
5.262489767E1,4.978950024E0,1.063500023E1,-6.706950188E0
5.262734106E1,4.369500279E-1,1.014195061E1,-6.076950073E0
5.262978444E1,6.529500484E-1,9.201000214E0,1.564050078E0
5.263222783E1,2.527950048E0,8.422950745E0,-1.978050113E0
5.263467144E1,1.267950058E0,4.558950424E0,-4.225950241E0
5.263711483E1,4.660500288E-1,3.952950239E0,7.650000453E-1
5.263955821E1,4.165050030E0,7.156050205E0,-3.205950260E0
5.264200160E1,3.463950157E0,5.466000080E0,-6.183000088E0
5.264444506E1,1.678050041E0,4.057950020E0,-2.779500186E-1
5.264688844E1,2.131950140E0,9.615000725E0,2.722950220E0
5.264933207E1,2.293050051E0,1.075005054E1,1.786950111E0
5.265177546E1,-2.899500132E-1,1.151895046E1,-7.279500365E-1
5.265421884E1,-1.207050085E0,1.070205021E1,2.862000227E0
5.265666230E1,-5.205000192E-2,6.691950321E0,1.713000059E0
5.265910569E1,-3.400500119E-1,9.715950012E0,1.405950069E0
5.266154907E1,6.840000153E-1,9.466950417E0,3.252000093E0
5.266399269E1,6.910950184E0,9.505050659E0,1.579050064E0
5.266643607E1,7.789950371E0,7.033950329E0,-9.223050117E0
5.266887946E1,1.208595085E1,9.448050499E0,-1.038495064E1
5.267132284E1,9.555000305E0,1.148805046E1,-1.486905098E1
5.267376630E1,2.029500157E-1,1.132695007E1,-1.192605019E1
5.267620969E1,2.977950096E0,1.043400097E1,-3.154050112E0
5.267865307E1,6.210000515E0,8.490000725E0,-5.068950176E0
5.268109668E1,5.896050453E0,8.140049934E0,-7.665000439E0
5.268354007E1,1.200900078E1,7.987050533E0,-8.188950539E0
5.268598353E1,1.111305046E1,6.690000534E0,-1.591800117E1
5.268842692E1,3.480000257E0,5.977950096E0,-1.579095078E1
5.269087030E1,1.704000115E0,5.907000065E0,-5.995950222E0
5.269331369E1,3.907050133E0,1.003005028E1,2.914950132E0
5.269575732E1,5.070000291E-1,3.709050179E0,1.447050095E0
5.269820071E1,1.174950004E0,2.443950176E0,5.977050304E0
5.270064409E1,3.301050186E0,5.245950222E0,8.569950104E0
5.270308755E1,6.208050251E0,3.955050230E0,6.385950089E0
5.270553094E1,6.277050495E0,7.110000253E-1,-2.469000101E0
5.270797431E1,9.825000763E0,-4.590000212E-1,-2.839950085E0
5.271041769E1,1.280400085E1,-8.989500403E-1,-1.358100033E1
5.271286131E1,8.542050362E0,3.558000088E0,-1.783095169E1
5.271530469E1,6.258000374E0,8.227050781E0,-1.404495049E1
5.271774808E1,6.793950558E0,7.117950439E0,-1.316205025E1
5.272019154E1,9.229500294E-1,4.992000103E0,-1.229295063E1
5.272263492E1,1.840500087E-1,8.488050461E0,-6.846000195E0
5.272507854E1,2.092050076E0,1.521795082E1,5.017050266E0
5.272752169E1,3.504000187E0,1.097100067E1,6.184950352E0
5.272996531E1,1.273050070E0,7.294950485E0,-2.335050106E0
5.273240870E1,2.125050068E0,1.574505043E1,-2.968950033E0
5.273485216E1,3.109050035E0,1.743795013E1,5.491050243E0
5.273729555E1,2.788950205E0,1.209600067E1,-1.360050082E0
5.273973893E1,2.467950106E0,1.653495026E1,9.390000701E-1
5.274218255E1,3.928050280E0,2.015505028E1,1.105050087E0
5.274462594E1,1.321050048E0,1.869195175E1,-2.203050137E0
5.274706932E1,-3.838050127E0,2.095200157E1,3.499050140E0
5.274951271E1,-4.768950462E0,1.252395058E1,7.500000298E-2
5.275195617E1,-5.185950279E0,1.347300053E1,1.485000014E0
5.275439955E1,-3.427950144E0,1.381695080E1,6.331050396E0
5.275684294E1,2.269050121E0,1.043895054E1,9.387000084E0
5.275928655E1,3.151950121E0,9.583950043E0,4.035000324E0
5.276172994E1,4.515000343E0,9.016950607E0,1.279605103E1
5.276417340E1,5.745000362E0,6.016950130E0,1.311705017E1
5.276661678E1,5.395950317E0,6.073950291E0,3.946950197E0
5.276906016E1,5.728950500E0,7.498950481E0,4.239000320E0
5.277150355E1,2.767050028E0,4.504050255E0,7.110000134E0
5.277394716E1,1.977000117E0,3.048000097E0,3.600000143E-1
5.277639055E1,6.700500250E-1,5.434950352E0,8.460000157E-1
5.277883393E1,2.670000196E-1,8.575950623E0,-2.589000225E0
5.278127739E1,2.227950096E0,2.422950029E0,1.684050083E0
5.278372077E1,1.221705055E1,3.930000067E-1,3.481950283E0
5.278616416E1,8.877000809E0,6.540000439E-1,-2.344800186E1
5.278860754E1,9.598050117E0,-1.029000044E0,-3.491595078E1
5.279105116E1,1.345050097E0,1.621050119E0,-3.288795090E1
5.279349453E1,1.864050031E0,2.983050108E0,-2.003595161E1
5.279593791E1,4.222949982E0,2.923050165E0,-1.403100109E1
5.279838137E1,3.298950195E0,1.848000050E0,-1.264905071E1
5.280082476E1,8.440500498E-1,2.698050022E0,-2.886000156E0
5.280326837E1,2.367000103E0,2.932950258E0,9.589500427E-1
5.280571176E1,2.872050047E0,1.530705070E1,3.784050226E0
5.280815515E1,5.295000076E0,1.501395035E1,4.336950302E0
5.281059853E1,6.142950058E0,8.072999954E0,1.050000079E-3
5.281304199E1,9.277050018E0,4.125000000E0,-8.842950821E0
5.281548538E1,1.093395042E1,7.461000443E0,-1.320000076E1
5.281792875E1,9.520950317E0,6.153000355E0,-1.123695087E1
5.282037236E1,1.258950114E0,4.006050110E0,-6.115050316E0
5.282281575E1,6.220500469E-1,4.393050194E0,2.355000019E0
5.282525914E1,4.189050198E0,1.273005104E1,4.296000004E0
5.282770252E1,1.246950030E0,9.994050026E0,7.620000243E-1
5.283014598E1,1.504950047E0,4.585050106E0,-2.830500007E-1
5.283258937E1,4.390050411E0,8.617050171E0,1.071000099E0
5.283503298E1,4.564949989E0,9.172050476E0,1.408950090E0
5.283747637E1,7.132050514E0,7.659000397E0,-7.380000353E-1
5.283991975E1,1.075395012E1,7.774050236E0,-9.478950500E0
5.284236321E1,3.556950092E0,6.208050251E0,-1.278795052E1
5.284480652E1,5.310000181E-1,4.932000160E0,-8.638950348E0
5.284724997E1,3.490050077E0,8.430000305E0,-4.111050129E0
5.284969336E1,3.085050106E0,7.128000259E0,-2.277000189E0
5.285213697E1,3.220500052E-1,5.361000061E0,2.299050093E0
5.285458036E1,4.230000019E0,8.502000809E0,7.171950340E0
5.285702374E1,5.977950096E0,8.101950645E0,-1.372050047E0
5.285946720E1,4.129500091E-1,3.426000118E0,-1.498950124E0
5.286191059E1,5.326050282E0,6.535950184E0,4.569000244E0
5.286435399E1,6.580950260E0,7.678050518E0,-5.584050179E0
5.286679738E1,5.251950264E0,7.582950592E0,-5.092950344E0
5.286924099E1,8.029950142E0,9.168000221E0,-3.688050270E0
5.287168438E1,7.740000248E0,9.864000320E0,-6.883950233E0
5.287412776E1,2.650050163E0,9.782999992E0,-4.597949982E0
5.287657122E1,1.215000033E0,1.127505016E1,2.448000193E0
5.287901461E1,3.703050137E0,1.293405056E1,1.108950019E0
5.288145822E1,4.180050373E0,1.205805016E1,-1.702950120E0
5.288390161E1,1.645950079E0,9.328050613E0,7.360500097E-1
5.288634499E1,1.419000030E0,1.361895084E1,1.200000048E0
5.288878847E1,3.397050142E0,1.668300056E1,1.690500081E-1
5.289123185E1,1.885950089E0,9.975000381E0,-8.839500546E-1
5.289367524E1,1.657950044E0,1.276905060E1,-5.509500504E-1
5.289611862E1,4.177050114E0,1.470105076E1,9.079500437E-1
5.289856223E1,2.496000051E0,1.456395054E1,-5.347050190E0
5.290100565E1,2.121000051E0,1.574205112E1,2.647050142E0
5.290344911E1,2.757000208E0,1.350105095E1,-1.413000107E0
5.290589242E1,6.000000238E-1,9.145950317E0,-4.630950451E0
5.290833588E1,1.243950009E0,7.567950249E0,-1.684050083E0
5.291077927E1,2.389050007E0,1.328595066E1,-4.513950348E0
5.291322290E1,1.476000071E0,5.773050308E0,-4.162050247E0
5.291566628E1,7.920000553E-1,2.437050104E0,1.576050043E0
5.291810967E1,4.522050381E0,1.043205070E1,4.080000222E-1
5.292055313E1,3.439950228E0,1.028805065E1,-4.665000439E0
5.292299652E1,2.539950132E0,3.522000074E0,-3.549000263E0
5.292543989E1,4.917000294E0,7.603950500E0,-1.080000028E-1
5.292788350E1,3.034950256E0,7.261950493E0,-4.993050098E0
5.293032689E1,6.829950333E0,7.848000526E0,-3.730950117E0
5.293277027E1,9.988050461E0,8.026050568E0,-7.071000099E0
5.293521366E1,5.319000244E0,4.446000099E0,-1.266600037E1
5.293765713E1,-3.420000076E-1,4.434000015E0,-1.235700035E1
5.294010052E1,7.411950588E0,6.502950191E0,-8.893050194E0
5.294254390E1,9.861000061E0,2.899050236E0,-8.182050705E0
5.294498752E1,2.142000198E0,3.474000216E0,-6.937050343E0
5.294743090E1,5.382000446E0,7.441050529E0,8.700000495E-2
5.294987427E1,9.801000595E0,4.899000168E0,6.019500494E-1
5.295231765E1,7.447950363E0,1.747950077E0,-4.063950062E0
5.295476111E1,7.371000290E0,5.578950405E0,-4.935000420E0
5.295720450E1,1.102695084E1,3.828000069E0,-6.517950535E0
5.295964811E1,4.891050339E0,4.891050339E0,-8.503050804E0
5.296209150E1,4.645950317E0,8.377950668E0,-5.401950359E0
5.296453489E1,8.212050438E0,5.983050346E0,-3.970050097E0
5.296697834E1,3.579000235E0,5.773050308E0,-5.839950085E0
5.296942173E1,-1.590000033E0,9.124950409E0,-7.264950275E0
5.297186513E1,-2.680500150E-1,1.007295036E1,4.042050362E0
5.297430852E1,1.993950129E0,7.705050468E0,3.688050270E0
5.297675213E1,1.282950044E0,7.513050556E0,-3.220950127E0
5.297919552E1,6.649500132E-1,1.191900063E1,7.740000486E-1
5.298163898E1,1.996050119E0,1.245705032E1,3.379050255E0
5.298408234E1,1.117050052E0,1.130805016E1,-3.156000137E0
5.298652573E1,2.890500128E-1,1.354695034E1,-2.818950176E0
5.298896911E1,2.401050091E0,1.445205116E1,1.564050078E0
5.299141250E1,-1.395000052E-2,1.585695076E1,-3.247050047E0
5.299385611E1,-1.336050034E0,1.554600048E1,2.343000174E0
5.299629949E1,8.805000782E-2,1.242900085E1,1.449000120E0
5.299874288E1,-4.639500082E-1,1.391595078E1,-1.138050079E0
5.300118634E1,1.170000061E-1,1.118100071E1,5.350500345E-1
5.300362972E1,3.126000166E0,1.217205048E1,2.268000126E0
5.300607334E1,2.631000042E0,9.802050591E0,0.000000000E0
5.300851672E1,2.650500238E-1,9.244050026E0,4.548000336E0
5.301096011E1,2.191950083E0,7.651950359E0,8.929050446E0
5.301340349E1,2.893950224E0,3.457050085E0,7.591050148E0
5.301584695E1,2.290950060E0,3.010050058E0,4.708050251E0
5.301829034E1,2.688000202E0,4.141950130E0,5.131950378E0
5.302073372E1,1.519950032E0,1.896000147E0,5.053050041E0
5.302317733E1,1.573005104E1,6.013950348E0,-1.332000017E0
5.302562072E1,2.016900063E1,7.899000168E0,-2.532000160E1
5.302806418E1,9.247950554E0,2.224050045E0,-3.091995239E1
5.303050757E1,2.335950136E0,2.233950138E0,-3.015405083E1
5.303295094E1,1.972050071E0,4.120050430E0,-2.184795189E1
5.303539455E1,1.004999995E0,3.244050264E0,-1.240005016E1
5.303783794E1,6.670500040E-1,1.165950060E0,-1.276950002E0
5.304028132E1,1.339950085E0,8.125950813E0,1.033905029E1
5.304272471E1,3.174000263E0,1.381305027E1,6.276000500E0
5.304516818E1,1.539000034E0,4.350000381E0,1.825050116E0
5.304761157E1,4.813950062E0,5.245950222E0,3.484950066E0
5.305005495E1,7.836000443E0,8.740950584E0,5.140950203E0
5.305249856E1,5.764950275E0,8.686050415E0,2.343000174E0
5.305494195E1,5.953950405E0,1.097100067E1,3.817050219E0
5.305738532E1,4.267950058E0,8.464050293E0,5.122050285E0
5.305982870E1,1.969950080E0,4.384050369E0,2.484000206E0
5.306227216E1,9.400500655E-1,6.787950516E0,2.532000065E0
5.306471555E1,3.406050205E0,9.229950905E0,3.841050148E0
5.306715893E1,1.575000048E0,5.935050488E0,-1.198050022E0
5.306960255E1,6.069000244E0,5.052000046E0,-1.528050065E0
5.307204593E1,1.470300102E1,4.708950043E0,-2.562900162E1
5.307448939E1,3.898950100E0,4.657050133E0,-2.964195061E1
5.307693270E1,-1.200000010E-2,4.768950462E0,-1.827600098E1
5.307937616E1,3.490050077E0,6.820950508E0,-4.629000187E0
5.308181953E1,1.354050040E0,5.883000374E0,-4.630500078E-1
5.308426315E1,1.800000072E0,7.128000259E0,3.039000034E0
5.308670653E1,2.776950121E0,8.179050446E0,7.597950459E0
5.308914992E1,3.049950123E0,3.904950142E0,4.465950012E0
5.309159336E1,6.973950386E0,5.910000205E-1,-1.674000025E0
5.309403675E1,1.362705040E1,2.563950062E0,-9.223050117E0
5.309648014E1,1.542600060E1,1.281000018E0,-1.495800114E1
5.309892352E1,5.683050156E0,3.109950066E0,-1.477605057E1
5.310136713E1,2.959050179E0,8.728950500E0,-9.967950821E0
5.310381051E1,1.411950111E0,9.996000290E0,-3.127050161E0
5.310625396E1,1.732950091E0,7.471950531E0,2.425950050E0
5.310869735E1,2.178000212E0,9.028950691E0,2.263950109E0
5.311114074E1,3.397050142E0,1.171500015E1,2.035950184E0
5.311358435E1,2.338050127E0,1.137495041E1,-1.224000096E0
5.311602775E1,-1.000500023E-1,1.026900005E1,-3.156000137E0
5.311847114E1,1.435950041E0,1.398495102E1,1.380000114E0
5.312091459E1,2.652000189E0,1.083600044E1,1.453950047E0
5.312335798E1,9.229500294E-1,9.046050072E0,9.799500704E-1
5.312580136E1,6.379500031E-1,1.446105099E1,2.620500028E-1
5.312824474E1,1.831050038E0,1.197600079E1,6.599999964E-2
5.313068836E1,9.705000371E-2,8.521050453E0,-2.299500108E-1
5.313313174E1,3.769500256E-1,1.171800041E1,1.681950092E0
5.313557513E1,1.539000034E0,1.417200089E1,3.247950077E0
5.313801859E1,6.030000448E-1,6.117000103E0,-8.959500194E-1
5.314046201E1,2.614050150E0,8.694000244E0,3.385950089E0
5.314290563E1,3.439950228E0,1.363095093E1,5.077050209E0
5.314534878E1,3.145050049E0,1.053705025E1,5.200500488E-1
5.314779240E1,4.444950104E0,1.297905064E1,5.725950241E0
5.315023578E1,3.916050196E0,1.118400097E1,5.023950100E0
5.315267926E1,2.322000027E0,8.980950356E0,1.521000028E0
5.315512257E1,2.001000166E0,1.137795067E1,3.709950209E0
5.315756603E1,2.416950226E0,1.366605091E1,3.415050268E0
5.316000964E1,1.606050134E0,7.369950294E0,-5.983950138E0
5.316245303E1,3.420000076E-1,7.113000393E0,2.983950138E0
5.316489640E1,1.405095100E1,1.397805023E1,7.597950459E0
5.316733979E1,9.496950150E0,9.726000786E0,-2.056995010E1
5.316978325E1,8.032050133E0,8.470950127E0,-2.674905205E1
5.317222663E1,5.707050323E0,1.204995060E1,-3.012105179E1
5.317467025E1,2.939999998E-1,9.610950470E0,-1.452195072E1
5.317711363E1,5.443950176E0,1.151400089E1,-2.577000141E0
5.317955702E1,8.133000374E0,1.586205101E1,2.659050226E0
5.318200040E1,1.905000091E0,9.040950775E0,-1.165950060E0
5.318444386E1,1.483950019E0,3.946050167E0,1.678950071E0
5.318688725E1,6.994950294E0,1.140900040E1,4.039950371E0
5.318933088E1,4.371000290E0,1.267800045E1,-1.336050034E0
5.319177426E1,2.620950222E0,3.763950109E0,-2.173950195E0
5.319421765E1,7.936050415E0,6.654000282E0,-3.099000216E0
5.319666103E1,5.887050152E0,7.429050446E0,-1.253895092E1
5.319910449E1,8.989500403E-1,2.476050138E0,-1.076295090E1
5.320154790E1,1.819050074E0,3.265950203E0,-1.819950104E0
5.320399128E1,4.237050056E0,5.848950386E0,-1.566000104E0
5.320643490E1,2.068050146E0,4.992000103E0,-1.851000071E0
5.320887828E1,3.354000092E0,8.227050781E0,4.336950302E0
5.321132167E1,3.708000183E0,7.152000427E0,4.942950249E0
5.321376505E1,4.470000267E-1,1.884000063E0,4.369500279E-1
5.321620851E1,3.250950098E0,2.811000109E0,1.918950081E0
5.321865190E1,8.105999947E0,5.332050323E0,-2.529000044E0
5.322109528E1,8.977950096E0,-8.230500221E-1,-1.238100052E1
5.322353890E1,3.598050117E0,-5.760000348E-1,-1.430400085E1
5.322598229E1,8.820000648E0,3.004950047E0,-1.285095024E1
5.322842575E1,7.255950451E0,3.790050268E0,-1.475595093E1
5.323086913E1,5.160000324E-1,5.203050137E0,-1.075095081E1
5.323331252E1,1.912050128E0,9.376049995E0,-2.412000179E0
5.323575589E1,2.002950191E0,8.136000633E0,8.340000510E-1
5.323819950E1,1.548000097E0,1.057500076E1,1.368000031E0
5.324064289E1,3.994950294E0,1.773405075E1,6.364950180E0
5.324308627E1,3.694050074E0,1.326900101E1,4.870950222E0
5.324552973E1,2.713950157E0,7.834050179E0,-1.005000062E-2
5.324797312E1,3.025950193E0,1.149000072E1,-1.078050017E0
5.325041651E1,4.462050438E0,1.424100113E1,2.983950138E0
5.325286012E1,3.990000248E0,1.116405010E1,1.135950089E0
5.325530351E1,3.088050127E0,1.286400032E1,-3.229950190E0
5.325774697E1,3.883050203E0,1.817700005E1,1.780050039E0
5.326019031E1,3.981000185E0,1.491900063E1,7.000500560E-1
5.326263377E1,2.596950054E0,1.498095036E1,-3.640050173E0
5.326507715E1,5.314950466E0,1.891200066E1,2.125050068E0
5.326752077E1,4.801950455E0,1.839000130E1,-2.578950167E0
5.326996415E1,2.559000015E0,1.878300095E1,-4.000500143E-1
5.327240753E1,3.720000267E0,1.775595093E1,2.589000225E0
5.327485099E1,5.226000309E0,1.089900017E1,-2.673000097E0
5.327729438E1,1.989000082E0,7.426950455E0,-1.010205078E1
5.327973776E1,2.890950203E0,5.308050156E0,-8.436000824E0
5.328218115E1,1.728000045E0,4.210950375E0,-1.492605114E1
5.328462477E1,4.729500115E-1,-2.100000158E-2,-9.843000412E0
5.328706816E1,-3.949500322E-1,-3.940500319E-1,-6.417000294E0
5.328951154E1,-1.950000064E-3,-4.920000136E-1,3.358050108E0
5.329195500E1,-9.120000601E-1,-4.039500058E-1,2.215950012E0
5.329439839E1,-2.155050039E0,-5.860500336E-1,3.859500289E-1
5.329684179E1,-1.609050035E0,-6.979500055E-1,5.053050041E0
5.329928517E1,4.500000179E-2,-3.630000055E-1,5.962950230E0
5.330172879E1,2.166000128E0,1.647000074E0,3.262050152E0
5.330417217E1,1.881000042E0,1.305000067E0,3.003000259E0
5.330661563E1,1.006950021E0,6.250500083E-1,2.761950016E0
5.330905900E1,1.605000161E-2,-8.295000345E-2,7.360500097E-1
5.331150239E1,7.909950256E0,1.404495049E1,-2.911950111E0
5.331394600E1,1.342905045E1,1.952805138E1,7.086000443E0
5.331638939E1,8.431950569E0,3.330000043E-1,-1.231200027E1
5.331883277E1,1.896000099E1,3.771000147E0,-1.749795151E1
5.332127616E1,1.953705025E1,7.230000496E-1,-2.927100182E1
5.332371962E1,2.791050196E0,4.920000076E0,-2.683995056E1
5.332616300E1,7.960500121E-1,5.854050159E0,-4.255050182E0
5.332860639E1,1.423950076E0,1.140195084E1,2.760000229E-1
5.333105000E1,6.378000259E0,1.978905106E1,6.346050262E0
5.333349339E1,3.679050207E0,1.539000034E1,-4.170000255E-1
5.333593685E1,1.335000038E0,8.346000671E0,4.143000126E0
5.333838023E1,1.081050038E0,9.226950645E0,-1.815000057E0
5.334082362E1,4.171950340E0,1.278795052E1,4.744050026E0
5.334326722E1,6.526050091E0,1.036500072E1,-6.381000519E0
5.334571060E1,2.298000097E0,4.204050064E0,8.370000124E-1
5.334815399E1,1.402050018E0,5.629050255E0,2.647050142E0
5.335059737E1,3.685950279E0,1.055895042E1,1.749000072E0
5.335304083E1,2.001000166E0,7.777050495E0,-9.709050179E0
5.335548423E1,2.938950062E0,4.446000099E0,-1.000905037E1
5.335792761E1,5.971050262E0,5.842050076E0,-9.574950218E0
5.336037123E1,1.672950029E0,6.309000492E0,-8.167050362E0
5.336281461E1,2.781000137E0,9.316050529E0,-8.340000510E-1
5.336525800E1,3.403950214E0,6.474000454E0,1.813050032E0
5.336770140E1,3.631050110E0,2.350500077E-1,-2.932950258E0
5.337014486E1,8.125050545E0,1.219050050E0,-6.961050510E0
5.337258824E1,1.247100067E1,1.695000052E0,-9.448050499E0
5.337503186E1,9.013950348E0,-2.680950165E0,-1.276695061E1
5.337747524E1,3.586050272E0,5.820000172E-1,-1.140900040E1
5.337991861E1,7.309050560E0,5.911050320E0,-7.759950161E0
5.338236200E1,7.888050556E0,7.675950527E0,-9.337950706E0
5.338480546E1,2.713950157E0,5.698050499E0,-5.569950104E0
5.338724884E1,3.001950026E0,9.606000900E0,2.980500162E-1
5.338969223E1,1.711050034E0,1.243305016E1,2.505000114E0
5.339213584E1,2.853000164E0,1.587405109E1,8.920500278E-1
5.339457922E1,4.078950405E0,1.807200050E1,4.054049969E0
5.339702261E1,3.006000042E0,1.093695068E1,2.613000154E0
5.339946607E1,2.524950027E0,8.992950439E0,-2.514000177E0
5.340190946E1,2.311950207E0,1.530705070E1,-1.060950041E0
5.340435286E1,5.020050049E0,1.541700077E1,3.054000139E0
5.340679647E1,4.062000275E0,1.242900085E1,3.340500295E-1
5.340923986E1,1.062000036E0,1.359000111E1,-1.602000117E0
5.341168331E1,2.607000113E0,1.254405022E1,1.045050025E0
5.341412670E1,3.033000231E0,1.060395050E1,-1.317000031E0
5.341657009E1,3.178950071E0,9.964950562E0,-1.377000093E0
5.341901347E1,3.658050060E0,9.826050758E0,-4.699500203E-1
5.342145708E1,3.643050194E0,9.442950249E0,-9.370500445E-1
5.342390047E1,2.130000114E0,1.068105030E1,-8.380500674E-1
5.342634386E1,1.645950079E0,1.157595062E1,2.908050060E0
5.342878731E1,1.903050065E0,8.739000320E0,1.294050097E0
5.343123070E1,8.520000577E-1,4.458000183E0,-7.005000114E-2
5.343367409E1,-6.390000582E-1,7.609050274E0,3.139950037E0
5.343611747E1,-2.860950232E0,1.173900032E1,6.169050217E0
5.343856108E1,-1.293000102E0,4.924950123E0,-2.092950106E0
5.344100447E1,-1.015050054E0,1.050405025E1,3.682950258E0
5.344344785E1,7.819500566E-1,1.214400101E1,4.951950073E0
5.344589131E1,8.440500498E-1,9.915000916E0,3.142050266E0
5.344833470E1,9.859500527E-1,1.148805046E1,2.278050184E0
5.345077808E1,1.584000111E0,1.348695087E1,3.259950161E0
5.345322166E1,4.369050026E0,1.174395084E1,5.005050182E0
5.345566505E1,3.034005165E1,1.079100037E1,-1.086300087E1
5.345810851E1,2.931705093E1,2.700000107E-1,-4.769895172E1
5.346055182E1,2.302500153E1,-2.455950022E0,-5.610600281E1
5.346299528E1,1.108500099E1,2.257950068E0,-4.114605331E1
5.346543867E1,7.041000366E0,4.606950283E0,-1.886295128E1
5.346788228E1,9.550500512E-1,3.579000235E0,3.115950108E0
5.347032567E1,3.994950294E0,4.306950092E0,1.158405018E1
5.347276905E1,6.457050323E0,1.391595078E1,3.453000069E0
5.347521244E1,2.647050142E0,7.884000301E0,1.810950041E0
5.347765590E1,1.303950071E0,4.554000378E0,3.958950281E0
5.348009928E1,3.435000181E0,8.752950668E0,3.985050201E0
5.348254267E1,3.448950052E0,9.649050713E0,1.461000085E0
5.348498628E1,2.401050091E0,1.188495064E1,3.600000143E-1
5.348742967E1,-2.509500086E-1,1.572600079E1,5.146050453E0
5.348987311E1,-2.866050243E0,1.173405075E1,-2.299500108E-1
5.349231650E1,-4.149000168E0,1.080300045E1,-4.114050388E0
5.349475988E1,-4.477050304E0,1.053000069E1,-1.345950007E0
5.349720350E1,-3.238950253E0,9.769050598E0,1.255950093E0
5.349964688E1,-4.915050030E0,1.167900085E1,-3.987000227E0
5.350209029E1,-5.593050480E0,1.287405014E1,-5.059500337E-1
5.350453367E1,-5.590050220E0,1.680105019E1,2.572050095E0
5.350697713E1,-5.104050159E0,1.483005047E1,2.770950079E0
5.350942052E1,-8.670000434E-1,1.385295105E1,3.967950106E0
5.351186389E1,1.924050093E0,1.288395023E1,8.002950668E0
5.351430751E1,1.720500141E-1,1.647000122E1,5.752050400E0
5.351675089E1,2.213999987E0,1.237605095E1,1.292295074E1
5.351919428E1,4.374000072E0,5.326950073E0,1.688295174E1
5.352163766E1,4.263000011E0,4.204050064E0,8.146050453E0
5.352408112E1,5.058000088E0,5.875050068E0,8.443050385E0
5.352652450E1,3.973950148E0,4.243050098E0,1.113405037E1
5.352896789E1,1.873950124E0,1.585050106E0,5.182050228E0
5.353141150E1,6.409500241E-1,8.689500690E-1,-1.168950081E0
5.353385489E1,3.010500073E-1,1.770000011E-1,3.130050182E0
5.353629835E1,2.959500253E-1,9.169500470E-1,3.688050270E0
5.353874174E1,5.640000105E-1,1.574700069E1,-1.906050086E0
5.354118512E1,4.450500309E-1,6.958050251E0,4.399050236E0
5.354362873E1,-1.939500123E-1,3.090000153E-1,2.697000027E0
5.354607212E1,-1.549500078E-1,-1.120500043E-1,1.023000002E0
5.354851549E1,1.074705029E1,6.127050400E0,1.052895069E1
5.355095887E1,2.161005020E1,8.587950706E0,-1.830705070E1
5.355340233E1,1.834200096E1,7.249500155E-1,-2.608395195E1
5.355584572E1,2.471100044E1,3.010050058E0,-5.077095413E1
5.355828933E1,1.401300049E1,3.379500210E-1,-6.067395401E1
5.356073271E1,1.414500046E1,-2.182950020E0,-3.720105362E1
5.356317609E1,8.785950661E0,2.571000099E0,-3.162900162E1
5.356561948E1,4.357050419E0,4.695000172E0,-2.322000122E1
5.356806294E1,9.469500184E-1,2.221950054E0,-2.376000166E0
5.357050632E1,7.492950439E0,2.396700096E1,1.521900082E1
5.357294971E1,8.836950302E0,2.607105064E1,4.705950260E0
5.357539332E1,2.503950119E0,9.151050568E0,-7.522950172E0
5.357783671E1,1.488000035E0,1.287900066E1,6.769950390E0
5.358028009E1,3.231000185E0,1.787595177E1,5.605950356E0
5.358272355E1,1.903050065E0,1.138995075E1,1.138050079E0
5.358516694E1,4.060500264E-1,1.269405079E1,4.825050354E0
5.358761033E1,3.270000219E0,1.445895100E1,2.614950180E0
5.359005371E1,1.363950014E0,8.097000122E0,-2.179500163E-1
5.359249732E1,-8.400000632E-2,6.994050503E0,1.653000116E0
5.359494071E1,-3.249000072E0,1.361400032E1,-3.019500077E-1
5.359738408E1,-2.527950048E0,6.205950260E0,-5.373000145E0
5.359982754E1,-1.300050020E0,6.958050251E0,2.328000069E0
5.360227093E1,-2.442000151E0,7.603950500E0,6.649950504E0
5.360471431E1,-1.948950052E0,5.815950394E0,3.003000259E0
5.360715770E1,1.351950049E0,5.140050411E0,3.949050188E0
5.360960131E1,3.313050270E0,3.960000277E0,1.484295082E1
5.361204477E1,3.346050262E0,3.778050184E0,4.177050114E0
5.361448815E1,2.173050165E0,3.031050205E0,3.537000179E0
5.361693154E1,1.551000118E0,2.073000193E0,9.127950668E0
5.361937492E1,4.900500178E-1,6.990000606E-1,2.782950163E0
5.362181854E1,2.239500135E-1,1.600500047E-1,-1.495050073E0
5.362426192E1,-4.500000179E-2,-1.980000138E-1,1.540500075E-1
5.362670531E1,1.390050054E0,1.027050018E0,1.950000077E-1
5.362914869E1,6.805950165E0,1.949400139E1,1.306050062E0
5.363159215E1,4.948050022E0,2.053605080E1,4.684050083E0
5.363403554E1,1.740000129E0,6.016950130E0,2.082000017E0
5.363647915E1,2.223000050E0,7.719000340E0,-3.156000137E0
5.363892254E1,6.732000351E0,2.373900032E1,5.367000103E0
5.364136592E1,4.726050377E0,1.623795128E1,-5.887950420E0
5.364380931E1,1.563000083E0,4.944000244E0,6.829500198E-1
5.364625277E1,1.669695091E1,1.166700077E1,9.765000343E0
5.364869615E1,2.815800095E1,7.432050228E0,-2.453205109E1
5.365113977E1,5.571000099E0,8.167050362E0,-3.934605026E1
5.365358292E1,2.056905174E1,7.209000111E0,-4.217805099E1
5.365602654E1,8.451000214E0,9.310950279E0,-3.397500229E1
5.365846992E1,3.627000093E0,3.772950172E0,-1.890105057E1
5.366091338E1,7.426050186E0,9.201000214E0,2.716050148E0
5.366335677E1,5.769000053E0,1.472505093E1,9.549000740E0
5.366580015E1,2.002950191E0,8.071050644E0,-1.485000014E0
5.366824376E1,2.749950171E0,9.646050453E0,2.191950083E0
5.367068714E1,3.126000166E0,1.312095070E1,6.025050163E0
5.367313053E1,3.112050056E0,8.554950714E0,-1.879950047E0
5.367557391E1,9.019500613E-1,4.414950371E0,1.006950021E0
5.367801737E1,1.138950109E0,6.574950218E0,6.288000107E0
5.368046076E1,2.295000076E0,5.421000481E0,2.242050171E0
5.368290414E1,2.869500220E-1,3.418950081E0,2.977050066E0
5.368534776E1,-3.540000021E-1,6.840000153E0,3.769950151E0
5.368779114E1,2.053050041E0,1.003395081E1,2.551050186E0
5.369023460E1,1.462050080E0,7.453050137E0,1.105050087E0
5.369267797E1,1.438050032E0,6.976950169E0,2.364000082E0
5.369512136E1,2.599050045E0,8.269950867E0,9.390000701E-1
5.369756497E1,2.230950117E0,1.135395050E1,1.920000017E-1
5.370000836E1,2.037000179E0,1.140195084E1,5.005050182E0
5.370245174E1,5.670000315E-1,6.247050285E0,1.786950111E0
5.370489512E1,2.430000156E-1,3.190950155E0,5.370000005E-1
5.370733858E1,1.360500008E-1,9.763950348E0,-7.810500264E-1
5.370978197E1,1.189050078E0,1.207395077E1,-2.574000120E0
5.371222535E1,2.174400139E1,6.496050358E0,-1.432050109E0
5.371466896E1,1.466400051E1,7.048950195E0,-2.379495049E1
5.371711234E1,1.226505089E1,5.880000114E0,-3.646995163E1
5.371955580E1,3.403950214E0,9.354000092E0,-2.371605110E1
5.372199918E1,3.480000257E0,9.156000137E0,-4.795950413E0
5.372444257E1,4.021950245E0,1.035795021E1,2.556000233E0
5.372688595E1,4.668000221E0,1.544100094E1,5.110500455E-1
5.372932957E1,3.483000278E0,1.554795074E1,3.979950190E0
5.373177296E1,2.689950228E0,1.061895084E1,2.400000095E0
5.373421634E1,1.486050129E0,8.428050041E0,-1.224000096E0
5.373665980E1,2.494050026E0,1.119795036E1,3.124950171E0
5.373910319E1,5.776950359E0,1.298205090E1,2.635050058E0
5.374154659E1,2.890950203E0,8.752950668E0,-3.799950123E0
5.374398998E1,1.953000069E0,6.057000160E0,3.679050207E0
5.374643359E1,5.607000351E0,1.005795002E1,-1.473000050E0
5.374887698E1,2.710050106E0,9.462000847E0,1.227000117E0
5.375132036E1,4.009500146E-1,5.370000362E0,8.050500154E-1
5.375376382E1,1.789500117E-1,7.993950367E0,-6.403050423E0
5.375620720E1,5.652000427E0,5.476050377E0,-7.678950310E0
5.375865082E1,6.229050159E0,8.310000420E0,-1.463895035E1
5.376109397E1,6.562050343E0,7.165950298E0,-1.531905079E1
5.376353758E1,1.390050054E0,3.322950125E0,-1.028895092E1
5.376598105E1,6.739500165E-1,2.731950045E0,-3.082050085E0
5.376842443E1,4.168050289E0,3.328050137E0,-1.680000126E-1
5.377086782E1,2.731050014E0,4.281000137E0,-5.440500379E-1
5.377331120E1,2.917950153E0,2.772000074E0,-8.380500674E-1
5.377575480E1,6.931050301E0,3.096000195E0,5.010000467E-1
5.377819818E1,5.542050362E0,2.494950056E0,-2.020950079E0
5.378064157E1,5.080050468E0,7.489500642E-1,-6.144000053E0
5.378308503E1,7.900050163E0,3.538950205E0,-2.898000240E0
5.378552841E1,6.579000473E0,3.448050261E0,-5.980950356E0
5.378797180E1,5.212050438E0,6.658050537E0,-7.906050205E0
5.379041542E1,5.530050278E0,8.497050285E0,-3.604050159E0
5.379285880E1,2.796000242E0,3.673050165E0,-4.351050377E0
5.379530219E1,-8.500500321E-1,2.595000029E0,-5.578950405E0
5.379774565E1,9.300000221E-2,4.711950302E0,-1.345950007E0
5.380018903E1,1.876050115E0,7.498950481E0,4.657950401E0
5.380263242E1,1.512000084E0,3.711000204E0,1.095000029E0
5.380507580E1,3.970500231E-1,3.847950220E0,1.830000132E-1
5.380751942E1,2.377050161E0,1.024005032E1,2.284950018E0
5.380996280E1,2.599050045E0,9.598950386E0,1.396950126E0
5.381240619E1,1.642050028E0,7.024950504E0,-3.019950151E0
5.381484965E1,3.832050085E0,9.879000664E0,2.082000017E0
5.381729304E1,3.447000265E0,1.280505085E1,1.141050100E0
5.381973642E1,3.670050144E0,1.698300171E1,3.700500131E-1
5.382218004E1,3.211950064E0,1.342500019E1,2.824050188E0
5.382462342E1,1.528950095E0,8.143050194E0,3.430500031E-1
5.382706681E1,3.768000126E0,1.094400024E1,3.336000204E0
5.382951019E1,1.266000080E1,1.096605015E1,-1.002795029E1
5.383195365E1,3.399000168E0,6.523950100E0,-1.160295010E1
5.383439704E1,4.845000267E0,8.011050224E0,-8.304000854E0
5.383684044E1,5.488950253E0,1.441605091E1,-1.005600071E1
5.383928405E1,4.237050056E0,1.021605015E1,-8.905050278E0
5.384172744E1,2.056050062E0,8.542950630E0,-3.415050268E0
5.384417090E1,4.243950367E0,1.198305035E1,-1.195050001E0
5.384661428E1,3.090000153E0,1.181805038E1,-2.830950022E0
5.384905767E1,9.370050430E0,1.117605019E1,-9.510000348E-1
5.385150105E1,9.648000717E0,1.161705017E1,-5.119050026E0
5.385394467E1,3.792000294E0,8.623950005E0,-6.403050423E0
5.385638805E1,1.552950025E0,7.101000309E0,-2.100000143E0
5.385883144E1,5.455950260E0,9.814050674E0,6.139500141E-1
5.386127489E1,2.389050007E0,7.498950481E0,-2.626950026E0
5.386371828E1,6.289500594E-1,5.008950233E0,8.149500489E-1
5.386616166E1,3.748950243E0,6.922050476E0,1.702950120E0
5.386860528E1,2.290950060E0,7.968000412E0,-3.466950178E0
5.387104866E1,1.335000038E0,4.828950405E0,-2.209950209E0
5.387349205E1,3.154950142E0,5.562000275E0,-1.212000012E0
5.387593544E1,2.781000137E0,8.080950737E0,-1.351050019E0
5.387837890E1,4.375950336E0,9.912000656E0,-1.609500051E-1
5.388082228E1,7.399950504E0,1.069500065E1,-2.542950153E0
5.388326590E1,2.671050072E0,8.710050583E0,-5.224950314E0
5.388570928E1,4.489500225E-1,5.290950298E0,-4.665000439E0
5.388815267E1,1.882950068E0,6.229950428E0,-1.315050006E0
5.389059613E1,3.495000124E0,1.075500011E1,-4.389000416E0
5.389303951E1,1.323000073E0,5.824950218E0,-4.339500070E-1
5.389548290E1,3.022950172E0,4.666050434E0,1.612050056E0
5.389792628E1,6.246000290E0,1.100400066E1,-8.340000510E-1
5.390036990E1,2.911050081E0,8.962050438E0,-1.150050044E0
5.390281328E1,6.538050175E0,7.882050514E0,-2.220000029E0
5.390525667E1,5.745000362E0,9.292050362E0,-6.135000229E0
5.390770013E1,3.370050192E0,1.062105083E1,-6.489000320E0
5.391014351E1,9.199950218E0,1.162395096E1,-8.091000557E0
5.391258713E1,9.367950439E0,7.888950348E0,-1.191900063E1
5.391503028E1,2.719050169E0,7.120950222E0,-9.240000725E0
5.391747390E1,5.626050472E0,8.824950218E0,-1.678950071E0
5.391991728E1,9.403950691E0,8.878050804E0,-3.430950165E0
5.392236075E1,3.016050100E0,5.278950214E0,-7.015950203E0
5.392480414E1,7.137000561E0,8.373000145E0,-3.634950161E0
5.392724752E1,8.485050201E0,9.238950729E0,-4.015950203E0
5.392969114E1,1.396950126E0,6.084000111E0,-6.795000553E0
5.393213451E1,3.993000269E0,7.570950508E0,-1.903950095E0
5.393457789E1,4.471950054E0,9.085950851E0,7.120500207E-1
5.393702128E1,1.486050129E0,7.384050369E0,-1.261950016E0
5.393946474E1,4.423950195E0,9.574950218E0,1.296000004E0
5.394190813E1,5.106000423E0,1.101795006E1,-2.719950199E0
5.394435151E1,1.354050040E0,6.037950516E0,-4.522950172E0
5.394679512E1,1.189500093E-1,4.044000149E0,-1.024950027E0
5.394923851E1,2.527950048E0,9.886050224E0,4.920000136E-1
5.395168189E1,3.729000092E0,9.771000862E0,-8.650500178E-1
5.395412528E1,1.528950095E0,4.432050228E0,-8.839500546E-1
5.395656874E1,9.040500522E-1,7.152000427E0,2.910000086E-1
5.395901212E1,2.815050125E0,1.107600021E1,2.934000254E0
5.396145574E1,1.843050122E0,6.048000336E0,2.479500175E-1
5.396389912E1,3.439500034E-1,5.337000370E0,-2.469000101E0
5.396634251E1,2.155950069E0,8.578950882E0,1.291050076E0
5.396878597E1,2.668950081E0,8.710050583E0,-2.388000011E0
5.397122936E1,2.335950136E0,9.808950424E0,2.734950066E0
5.397367274E1,1.869000077E0,8.607000351E0,1.384950042E0
5.397611612E1,5.310000181E-1,4.978050232E0,-2.365950108E0
5.397855974E1,-1.720500141E-1,5.884950161E0,8.269500136E-1
5.398100312E1,2.061000109E0,7.386000156E0,5.139000416E0
5.398344650E1,1.936050057E0,3.931050301E0,-3.877050161E0
5.398588996E1,2.994000196E0,4.516050339E0,-4.102050304E0
5.398833335E1,4.612950325E0,7.036950111E0,-6.799950123E0
5.399077696E1,1.213050008E0,4.750050068E0,-6.130050182E0
5.399322035E1,1.599000096E0,4.338000298E0,-9.169500470E-1
5.399566374E1,3.696000099E0,8.413050652E0,-8.860500455E-1
5.399810720E1,2.326050043E0,7.197000504E0,6.810000539E-1
5.400055058E1,6.801000118E0,7.168050289E0,-1.389000058E0
5.400299397E1,7.234950542E0,8.595000267E0,-7.942050457E0
5.400543735E1,1.491000056E0,4.101000309E0,-1.065300083E1
5.400788096E1,3.235950232E0,5.398950100E0,-6.051000118E0
5.401032435E1,7.768950462E0,7.293000221E0,-4.711950302E0
5.401276774E1,1.882950068E0,4.104000092E0,-6.925050259E0
5.401521120E1,3.552000284E0,5.310000420E0,-3.070050240E0
5.401765458E1,8.166000366E0,6.970050335E0,-1.540050030E0
5.402009797E1,3.346050262E0,3.141000032E0,-7.320000172E0
5.402254135E1,7.939500213E-1,3.259050131E0,-8.433000565E0
5.402498496E1,5.137050152E0,4.942050457E0,-2.704050064E0
5.402742835E1,5.869950294E0,3.205950260E0,-1.945050120E0
5.402987178E1,5.608950138E0,7.113000393E0,-6.369000435E0
5.403231517E1,8.185050011E0,6.505050182E0,-4.990050316E0
5.403475855E1,6.004050255E0,2.337000132E0,-5.509950161E0
5.403720194E1,2.434050083E0,3.129000187E0,-9.457950592E0
5.403964555E1,9.223950386E0,4.111050129E0,-1.001295090E1
5.404208895E1,1.276605034E1,4.860000312E-1,-1.260405064E1
5.404453234E1,7.110000134E0,1.558950067E0,-1.425795078E1
5.404697580E1,1.098405075E1,7.384050369E0,-9.256950378E0
5.404941918E1,9.150000572E0,7.645050526E0,-6.228000164E0
5.405186257E1,2.116050005E0,9.187050819E0,-1.010400009E1
5.405430618E1,4.126950264E0,1.237605095E1,-1.285800076E1
5.405674957E1,4.855050087E0,1.125795078E1,-1.197000027E1
5.405919295E1,8.539500237E-1,1.315695095E1,1.066050053E0
5.406163641E1,2.911050081E0,2.191695023E1,5.824050426E0
5.406407979E1,5.452950478E0,1.630994987E1,5.875950336E0
5.406652341E1,2.740950108E0,8.907000542E0,-4.723950386E0
5.406896679E1,1.374000072E0,1.545000076E1,5.533950329E0
5.407141018E1,5.266950130E0,1.673805046E1,-1.675950050E0
5.407385356E1,3.564000130E0,1.056405067E1,-1.999950051E0
5.407629703E1,2.527950048E0,1.225395012E1,2.173050165E0
5.407874042E1,4.773000240E0,1.599900055E1,1.276950002E0
5.408118380E1,2.908050060E0,1.088895035E1,-2.701050043E0
5.408362719E1,1.582050085E0,6.040950298E0,-4.650000334E-1
5.408607080E1,3.709950209E0,9.727950096E0,2.134050131E0
5.408851419E1,4.219950199E0,1.247205067E1,-2.184000015E0
5.409095757E1,3.010950089E0,1.156695080E1,3.898950100E0
5.409340103E1,1.765950084E0,7.731000423E0,6.049050331E0
5.409584442E1,-1.750500053E-1,1.261950016E0,5.599050045E0
5.409828780E1,-4.600500166E-1,4.549500346E-1,-1.666950107E0
5.410073119E1,4.200000316E-2,2.980950117E0,4.380000114E0
5.410317480E1,-8.100000024E-2,1.675950050E0,3.781050205E0
5.410561819E1,-5.389500260E-1,5.910000205E-1,4.408950329E0
5.410806165E1,1.605000161E-2,2.703000069E0,2.685000181E0
5.411050503E1,2.041949987E0,1.002705002E1,2.023950100E0
5.411294840E1,2.994000196E0,8.698050499E0,1.654950023E0
5.411539179E1,1.990950108E0,4.966050148E0,3.645000219E0
5.411783540E1,5.190000057E0,6.505050182E0,2.163000107E0
5.412027879E1,1.663500023E1,9.936000824E0,-1.269000053E1
5.412272225E1,1.161900043E1,6.940950394E0,-3.064695168E1
5.412516563E1,3.610050201E0,1.951050043E0,-3.360000229E1
5.412760901E1,1.074000001E0,2.446950197E0,-1.879605103E1
5.413005240E1,1.624950051E0,4.846050262E0,-8.527050018E0
5.413249601E1,1.194000006E0,4.948950291E0,-4.846950054E0
5.413493940E1,3.516000271E0,1.110495090E1,3.685950279E0
5.413738281E1,4.765950203E0,2.088795090E1,5.103000164E0
5.413982627E1,3.222000122E0,1.119105053E1,2.626950026E0
5.414226965E1,7.369500399E-1,7.084950447E0,-2.959950209E0
5.414471327E1,3.952050209E0,1.457895088E1,3.568050146E0
5.414715642E1,4.359000206E0,1.561800098E1,2.326050043E0
5.414960006E1,2.824050188E0,1.398000050E1,4.630500078E-1
5.415204352E1,3.378000259E0,1.770795059E1,6.409950256E0
5.415448690E1,3.250950098E0,1.446105099E1,1.621950030E0
5.415693029E1,2.295000076E0,1.203795052E1,1.504950047E0
5.415937367E1,3.676950216E0,1.593105030E1,4.912050247E0
5.416181729E1,4.986000061E0,1.572300053E1,8.800500631E-1
5.416426067E1,2.254950047E0,1.053000069E1,1.521000028E0
5.416670406E1,6.117000103E0,1.150395012E1,4.969050407E0
5.416914744E1,4.998000145E0,1.359705067E1,-9.499050140E0
5.417159090E1,2.134950161E0,7.647000313E0,-1.266600037E1
5.417403429E1,3.595050097E0,7.753050327E0,-1.303995037E1
5.417647767E1,1.129050016E0,6.450000286E0,-1.568805027E1
5.417892129E1,3.436950207E0,3.819000244E0,-9.433950424E0
5.418136467E1,7.489050388E0,1.030305004E1,-9.622950554E0
5.418380807E1,3.406050205E0,7.171050549E0,-9.628050804E0
5.418625146E1,-9.070500135E-1,1.956000090E0,-4.051949978E0
5.418869492E1,2.191950083E0,1.858050108E0,1.447050095E0
5.419113830E1,3.330000162E0,7.827000141E0,3.319050074E0
5.419358192E1,3.490500152E-1,8.004000664E0,5.350500345E-1
5.419602532E1,1.527000070E0,6.466950417E0,2.260500044E-1
5.419846870E1,3.865950108E0,6.951000214E0,3.280950069E0
5.420091216E1,1.788000107E0,8.332050323E0,3.805050135E0
5.420335555E1,2.503950119E0,1.364505100E1,2.143949986E0
5.420579893E1,5.619000435E0,1.084395027E1,-7.999500632E-1
5.420824232E1,5.137050152E0,8.919000626E0,-2.589000225E0
5.421068593E1,1.058895016E1,1.410900021E1,-4.480050087E0
5.421312939E1,7.930950165E0,1.065900040E1,-9.879000664E0
5.421557270E1,4.678050041E0,7.342950344E0,-4.906050205E0
5.421801616E1,2.773950100E0,9.148050308E0,4.920000136E-1
5.422045956E1,4.192049980E0,1.087995052E1,1.729500145E-1
5.422290318E1,3.085050106E0,7.662000179E0,-2.172000170E0
5.422534656E1,1.141050100E0,8.536050797E0,-1.831950068E0
5.422778995E1,3.576000214E0,1.099200058E1,1.606950045E0
5.423023341E1,3.006000042E0,1.017600060E1,-5.172000408E0
5.423267679E1,2.009999990E0,4.978050232E0,-2.541000128E0
5.423512018E1,4.611000061E0,6.622950077E0,-5.175000191E0
5.423756356E1,3.174000263E0,7.954050541E0,-7.288950443E0
5.424000718E1,4.765950203E0,9.328050613E0,-5.799000263E0
5.424245056E1,2.880000114E0,8.164050102E0,-6.841050148E0
5.424489395E1,-1.444050074E0,3.115050077E0,-3.625050068E0
5.424733741E1,-1.870050073E0,1.699950099E0,8.131950378E0
5.424978080E1,2.158950090E0,2.595000029E0,7.203000546E0
5.425222418E1,4.768950462E0,1.432050109E0,6.379500031E-1
5.425466757E1,9.424950600E0,8.119500279E-1,-2.778000116E0
5.425711120E1,1.477200031E1,1.504050016E0,-1.016895008E1
5.425955458E1,1.305000019E1,-3.340500295E-1,-1.554195118E1
5.426199804E1,6.325050354E0,5.085000038E0,-1.940400124E1
5.426444135E1,7.126950264E0,8.088000298E0,-1.777800179E1
5.426688481E1,7.606050491E0,8.787000656E0,-1.522800064E1
5.426932843E1,8.286000252E0,1.224195099E1,-1.179495049E1
5.427177182E1,8.038949966E0,1.056105042E1,-6.574950218E0
5.427421520E1,2.134950161E0,6.028950214E0,-7.308000565E0
5.427665859E1,-3.469500244E-1,7.312050343E0,-9.954000473E0
5.427910205E1,7.009500265E-1,8.575950623E0,3.781050205E0
5.428154543E1,2.061000109E0,6.469050407E0,6.559050083E0
5.428398882E1,2.491950035E0,5.286000252E0,2.059950113E0
5.428643243E1,5.250000477E0,1.021395016E1,2.065050125E0
5.428887582E1,4.146000385E0,8.089950562E0,3.487050056E0
5.429131928E1,1.812000036E0,5.325000286E0,3.619500101E-1
5.429376259E1,4.002000332E0,8.278950691E0,-3.600000218E-2
5.429620605E1,3.211950064E0,7.171050549E0,1.210050106E0
5.429864944E1,1.603050113E0,1.050405025E1,-2.968950033E0
5.430109305E1,2.773950100E0,1.042500019E1,1.903950095E0
5.430353644E1,7.440000176E-1,4.276050091E0,8.890500665E-1
5.430597982E1,-2.200500071E-1,3.430950165E0,-4.341000080E0
5.430842328E1,1.303950071E0,8.236050606E0,-5.539500117E-1
5.431086667E1,2.259000063E0,8.227050781E0,4.569000244E0
5.431331005E1,3.300000131E-1,5.907000065E0,-1.420050025E0
5.431575344E1,-2.509500086E-1,1.416495037E1,4.033050060E0
5.431819705E1,-2.899500132E-1,1.120005035E1,2.035950184E0
5.432064044E1,-1.009950042E0,1.338195038E1,-2.160000056E-1
5.432308382E1,1.800000109E-2,1.320405102E1,3.906000137E0
5.432552728E1,1.077000022E0,1.287600040E1,1.693950057E0
5.432797064E1,8.730000257E-1,1.835205078E1,6.589500308E-1
5.433041403E1,2.263950109E0,1.510095024E1,6.552000523E0
5.433285741E1,1.881000042E0,1.189005089E1,2.620050192E0
5.433530103E1,2.118000031E0,1.105200100E1,2.271000147E0
5.433774441E1,2.154000044E0,1.151895046E1,5.745000362E0
5.434018785E1,3.841950178E0,1.094205093E1,5.785950184E0
5.434263124E1,1.494195080E1,8.614950180E0,6.351000309E0
5.434507462E1,3.395700073E1,3.076950073E0,-3.555600357E1
5.434751801E1,1.610805130E1,3.145950079E0,-5.399205399E1
5.434996162E1,5.230950356E0,5.140050411E0,-4.190100098E1
5.435240501E1,7.764000416E0,7.654050350E0,-2.185605049E1
5.435484839E1,3.970950127E0,8.338950157E0,-1.024605083E1
5.435729185E1,3.661950111E0,1.420500088E1,7.011000156E0
5.435973524E1,4.052999973E0,1.905600166E1,1.031100082E1
5.436217863E1,8.200500607E-1,8.085000038E0,6.006000519E0
5.436462224E1,1.170000076E0,6.417000294E0,3.376950264E0
5.436706562E1,3.409050226E0,1.108305073E1,7.417950153E0
5.436950901E1,2.902950048E0,7.345950127E0,3.537000179E0
5.437195247E1,1.195950031E0,2.746050119E0,8.989500403E-1
5.437439586E1,1.704000115E0,7.302000523E0,-1.372050047E0
5.437683946E1,1.788000107E0,6.153000355E0,3.822000265E0
5.437928285E1,1.423950076E0,5.557050228E0,-6.229500175E-1
5.438172623E1,1.417050123E0,8.671950340E0,-2.023950100E0
5.438416962E1,2.455950022E0,6.790050507E0,7.930500507E-1
5.438661308E1,1.384950042E0,8.950050354E0,-5.800500512E-1
5.438905645E1,2.403000116E0,1.505505085E1,9.750000238E-1
5.439149983E1,1.045050025E0,8.581050873E0,4.699500203E-1
5.439394345E1,1.146000028E0,5.253000259E0,2.350050211E0
5.439638683E1,1.066305065E1,7.699950218E0,-5.661000252E0
5.439883022E1,2.500950098E0,6.655950546E0,-2.136195183E1
5.440127360E1,1.467000127E0,2.895000219E0,-1.661205101E1
5.440371706E1,8.215950012E0,6.354000092E0,-8.935950279E0
5.440616045E1,8.262000084E0,3.678000212E0,-8.152950287E0
5.440860383E1,1.921950102E0,4.245000362E0,-7.732050419E0
5.441104722E1,4.736999989E0,5.197950363E0,-3.930000305E0
5.441349084E1,6.001950264E0,6.034050465E0,-2.311050177E0
5.441593422E1,5.286000252E0,1.171005058E1,-2.071950197E0
5.441837768E1,8.414999962E0,1.391805077E1,8.340000510E-1
5.442082107E1,3.349050045E0,1.005105019E1,-7.279500365E-1
5.442326444E1,1.419000030E0,1.051605034E1,-1.474950075E0
5.442570805E1,2.820000172E0,1.309905052E1,3.954000235E0
5.442815144E1,2.428950071E0,9.057000160E0,-1.063950062E0
5.443059482E1,4.450500309E-1,6.475950241E0,-1.420050025E0
5.443303820E1,1.989000082E0,1.360905075E1,2.065050125E0
5.443548166E1,3.187950134E0,1.464795113E1,-1.636050105E0
5.443792505E1,2.868000031E0,1.044900036E1,-3.787950277E0
5.444036843E1,5.542050362E0,1.093200016E1,-5.143050194E0
5.444281205E1,2.935050249E0,1.272795105E1,-4.507050037E0
5.444525542E1,4.636950016E0,1.639095116E1,2.449500114E-1
5.444769880E1,5.784000397E0,1.591005039E1,-6.870000362E0
5.445014226E1,3.448950052E0,1.222500038E1,-3.645000219E0
5.445258565E1,2.146950006E0,1.168605042E1,-8.580000401E-1
5.445502926E1,3.258000135E0,9.759000778E0,1.207950115E0
5.445747263E1,4.062000275E0,7.051050186E0,-5.746950150E0
5.445991602E1,1.876050115E0,5.109000206E0,-5.281950474E0
5.446235940E1,5.820000172E0,7.309950352E0,-4.602000237E0
5.446480286E1,4.206000328E0,6.775950432E0,-1.027905083E1
5.446724625E1,8.010000587E-1,3.217950106E0,-3.762000084E0
5.446968963E1,4.503000259E0,7.456050396E0,6.822000504E0
5.447213302E1,1.924050093E0,5.607000351E0,2.773950100E0
5.447457663E1,1.486050129E0,5.032950401E0,1.983000040E0
5.447702002E1,5.809950352E0,9.972000122E0,6.898950100E0
5.447946340E1,5.779050350E0,3.730050087E0,-1.420050025E0
5.448190688E1,2.829000235E0,6.771000385E0,-1.350000054E-1
5.448435026E1,4.924050331E0,8.559000015E0,-3.028950214E0
5.448679365E1,3.793950081E0,6.654000282E0,-5.907000065E0
5.448923703E1,2.245050192E0,8.143050194E0,-1.564050078E0
5.449168065E1,4.267950058E0,1.140405083E1,1.959000111E0
5.449412403E1,1.960050106E0,1.066905022E1,-2.854050159E0
5.449656749E1,2.299950123E0,9.072000504E0,-7.860000134E-1
5.449901088E1,7.270950317E0,1.163400078E1,-5.866050243E0
5.450145426E1,6.679050446E0,7.338000298E0,-8.991000175E0
5.450389788E1,7.831050396E0,9.691950798E0,-1.023600006E1
5.450634127E1,1.049805069E1,9.646050453E0,-1.338195038E1
5.450878465E1,5.410050392E0,7.690050602E0,-1.348005104E1
5.451122811E1,2.628000021E0,5.550000191E0,-1.095195007E1
5.451367150E1,5.917950153E0,6.097950459E0,-8.136000633E0
5.451611489E1,3.291000128E0,5.722050190E0,-1.150995064E1
5.451855850E1,-8.470500112E-1,4.019999981E0,-4.621050358E0
5.452100189E1,-4.219050407E0,1.031400013E1,9.384000778E0
5.452344527E1,-3.330000162E0,3.132000208E0,7.179000378E0
5.452588866E1,5.089499950E-1,5.820000172E-1,2.781000137E0
5.452833210E1,2.650050163E0,2.278950214E0,6.043950081E0
5.453077549E1,2.118000031E0,3.205950260E0,1.192395020E1
5.453321910E1,3.049950123E0,3.936000109E0,3.022950172E0
5.453566225E1,1.780995178E1,7.498950481E0,-7.210500240E-1
5.453810587E1,2.017800140E1,3.163050175E0,-1.864005089E1
5.454054925E1,1.829205132E1,1.515000105E0,-3.241200256E1
5.454299271E1,1.239195061E1,3.883050203E0,-4.414395142E1
5.454543610E1,6.382050514E0,4.840950012E0,-3.655200195E1
5.454787948E1,2.994000196E0,5.440050125E0,-2.144400024E1
5.455032310E1,7.957950592E0,6.643950462E0,-1.321695042E1
5.455276649E1,8.512949944E0,9.586950302E0,-7.626000404E0
5.455520987E1,3.073050261E0,1.095105076E1,3.762000084E0
5.455765325E1,3.592950106E0,1.721205139E1,7.147950172E0
5.456009671E1,3.825000286E0,1.153305054E1,7.093050480E0
5.456254010E1,2.791050196E0,1.032405090E1,-3.613050222E0
5.456498348E1,5.239950180E0,1.918500137E1,5.593950272E0
5.456742686E1,3.313050270E0,1.450200081E1,6.391050339E0
5.456987048E1,2.461050034E0,1.382700062E1,3.430500031E-1
5.457231394E1,-1.210950017E0,2.081295013E1,8.530500531E-1
5.457475733E1,-3.378000259E0,1.609395027E1,1.339050055E0
5.457720071E1,-5.800950050E0,1.606305122E1,-1.947000146E0
5.457964409E1,-7.396050453E0,1.662300110E1,3.858000278E0
5.458208770E1,-4.932000160E0,1.272300053E1,3.607050180E0
5.458453109E1,-4.575000286E0,1.265100098E1,2.647050142E0
5.458697448E1,-2.167050123E0,1.019700050E1,8.910000801E0
5.458941794E1,4.879500270E-1,9.397050858E0,1.313400078E1
5.459186133E1,6.430500150E-1,8.617050171E0,2.356950045E0
5.459430472E1,1.306050062E0,6.658050537E0,4.749000072E0
5.459674810E1,1.129050016E0,1.116000056E0,9.870000839E0
5.459919171E1,7.560000420E-1,6.250500083E-1,3.609000206E0
5.460163510E1,1.657950044E0,1.933950067E0,2.734950066E0
5.460407848E1,2.257050037E0,2.145000219E0,7.071000099E0
5.460652194E1,1.639050126E0,1.764000058E0,1.393950105E0
5.460896533E1,1.645950079E0,1.792950034E0,1.930950046E0
5.461140894E1,4.153050423E0,3.784950256E0,5.757000446E0
5.461385210E1,3.700950146E0,1.250295067E1,3.460500240E-1
5.461629571E1,1.273050070E0,8.008950233E0,1.627050042E0
5.461873910E1,3.100500107E-1,4.573050022E0,4.864050388E0
5.462118256E1,3.420000076E-1,6.936000347E0,-5.269500017E-1
5.462362594E1,7.030500174E-1,1.439700031E1,-1.933050036E0
5.462606933E1,1.378050089E0,1.235205078E1,5.809050083E0
5.462851294E1,7.459500432E-1,4.246950150E0,5.647050381E0
5.463095633E1,-1.150500029E-1,5.820000172E-1,5.434050083E0
5.463339971E1,1.211400032E1,-8.560500145E-1,6.468000412E0
5.463584310E1,1.680495071E1,-2.797950029E0,-2.177400017E1
5.463828656E1,3.001605225E1,-5.367000103E0,-5.207400131E1
5.464072995E1,2.546700096E1,-6.102000237E0,-4.988505173E1
5.464317333E1,1.234905052E1,-2.496000051E0,-4.615800095E1
5.464561694E1,6.436950207E0,3.298950195E0,-3.452595139E1
5.464806034E1,3.592950106E0,3.934050083E0,-1.734495163E1
5.465050380E1,9.280500412E-1,9.289500713E-1,-1.590000033E0
5.465294718E1,4.884000301E0,1.516305065E1,6.801000118E0
5.465539057E1,1.132395077E1,3.509805298E1,1.378995037E1
5.465783395E1,9.109500647E-1,5.061000347E0,-1.174050093E0
5.466027756E1,-2.299500108E-1,-2.410500050E-1,1.524000049E0
5.466272095E1,-5.910000205E-1,2.389500141E-1,4.729950428E0
5.466516434E1,-7.609500289E-1,3.280500174E-1,6.331050396E0
5.466760772E1,-3.090000153E-1,1.080000028E-1,2.974950075E0
5.467005118E1,-2.850000262E-1,2.869500220E-1,2.716050148E0
5.467249455E1,1.246950030E0,1.436295033E1,-4.164000034E0
5.467493793E1,7.690050602E0,2.320995140E1,1.015995026E1
5.467738154E1,5.470499992E-1,5.037000179E0,-7.620000243E-1
5.467982493E1,6.529500484E-1,1.435950041E0,7.410000563E-1
5.468226832E1,2.134950161E0,8.497050285E0,6.469500065E-1
5.468471179E1,3.765000105E0,1.155705070E1,1.822950125E0
5.468715518E1,9.355950356E0,7.093950272E0,-1.009500027E-1
5.468959856E1,8.719050407E0,6.048000336E0,-9.774000168E0
5.469204195E1,3.624000072E0,6.855000496E0,2.190000117E-1
5.469448556E1,-2.850000262E-1,1.093005085E1,-5.827950478E0
5.469692894E1,5.689950466E0,1.361100101E1,-6.300000548E-1
5.469937240E1,3.286950111E0,1.431795025E1,-1.073595047E1
5.470181579E1,3.319500089E-1,7.225950241E0,2.160000056E-1
5.470425917E1,1.800000072E0,1.103505039E1,4.117050171E0
5.470670256E1,5.764950275E0,1.889805031E1,1.672050118E0
5.470914617E1,1.384950042E0,1.255800056E1,-4.678950310E0
5.471158956E1,9.229500294E-1,1.283100033E1,2.596050024E0
5.471403294E1,3.148050070E0,1.537095070E1,2.860500216E-1
5.471647640E1,1.756950140E0,1.355400085E1,-5.119050026E0
5.471891979E1,1.378050089E0,1.419300079E1,1.054050088E0
5.472136342E1,3.781950235E0,1.516800117E1,-7.860000134E-1
5.472380681E1,5.879999995E-1,1.149195099E1,-1.972950101E0
5.472625019E1,6.960000396E-1,1.354905033E1,1.447050095E0
5.472869358E1,3.673950195E0,1.629795074E1,2.443050146E0
5.473113704E1,2.350050211E0,1.328595066E1,4.270500243E-1
5.473358042E1,2.106000185E0,9.658050537E0,3.193050146E0
5.473602381E1,1.524000049E0,1.006500053E1,1.258050084E0
5.473846742E1,6.784950256E0,1.320000076E1,1.609950066E0
5.474091081E1,1.196595097E1,9.814050674E0,-1.406205082E1
5.474335421E1,2.062950134E0,5.707950115E0,-1.087800026E1
5.474579760E1,3.340500295E-1,2.272050142E0,-2.010105133E1
5.474824106E1,5.937000275E0,5.277000427E0,-1.508205032E1
5.475068444E1,2.962950230E0,2.931000233E0,-1.211805058E1
5.475312783E1,1.004999995E0,1.374000072E0,-8.995950699E0
5.475557122E1,2.845950127E0,2.803950071E0,-4.447050095E0
5.475801483E1,2.070000172E0,5.160000324E0,3.310500085E-1
5.476045822E1,7.680000067E-1,6.286950111E0,3.223950148E0
5.476290168E1,3.004050255E0,9.357000351E0,6.883950233E0
5.476534506E1,5.716950417E0,6.499950409E0,2.778000116E0
5.476778845E1,9.009000778E0,4.314000130E0,-2.305950165E0
5.477023206E1,1.290705109E1,8.763000488E0,-4.605000019E0
5.477267545E1,1.063695049E1,4.519950390E0,-1.358805084E1
5.477511883E1,4.438050270E0,4.039050102E0,-1.729395103E1
5.477756222E1,5.370000362E0,4.486950397E0,-1.902495003E1
5.478000568E1,4.378050327E0,2.176050186E0,-1.674105072E1
5.478244907E1,1.966950059E0,2.224050045E0,-1.224000072E1
5.478489245E1,3.243000269E0,5.298000336E0,-5.646000385E0
5.478733607E1,1.893000126E0,8.907000542E0,2.131950140E0
5.478977945E1,3.247950077E0,1.294305038E1,2.479050159E0
5.479222284E1,3.793950081E0,1.416000080E1,3.750000238E0
5.479466630E1,3.909000158E0,1.228500080E1,6.709500551E-1
5.479710968E1,5.202000141E0,1.867995071E1,9.610500336E-1
5.479955307E1,5.998950481E0,1.928295135E1,4.786950111E0
5.480199645E1,2.896050215E0,1.510500050E1,-1.405950069E0
5.480444008E1,2.662050009E0,1.711695099E1,2.070000172E-1
5.480688347E1,2.760000229E0,1.694205093E1,1.555050015E0
5.480932693E1,4.648950100E0,1.735395050E1,1.678950071E0
5.481177032E1,2.122950077E0,1.538595104E1,2.941050053E0
5.481421370E1,3.679050207E0,1.706400108E1,2.101050138E0
5.481665709E1,3.892050266E0,1.785195160E1,2.730000019E0
5.481910071E1,2.953950167E0,1.387695026E1,-1.489500105E-1
5.482154409E1,3.397050142E0,1.118100071E1,2.448000193E0
5.482398755E1,3.291000128E0,7.602000237E0,2.017050028E0
5.482643094E1,8.440500498E-1,7.225950241E0,-2.325000048E0
5.482887432E1,1.729950070E0,9.685050011E0,5.464950085E0
5.483131771E1,-9.499500394E-1,4.056000233E0,5.521950245E0
5.483376109E1,-1.378950119E0,1.055999994E0,5.139000416E0
5.483620470E1,-9.810000658E-1,2.530950069E0,2.706000090E0
5.483864809E1,-3.540000021E-1,4.659000397E0,2.947950125E0
5.484109147E1,1.140000075E-1,2.230950117E0,1.983000040E0
5.484353493E1,1.443000078E0,1.639950037E0,8.485950470E0
5.484597832E1,2.827050209E0,1.161705017E1,1.141050100E0
5.484842193E1,3.016050100E0,1.236405087E1,3.115950108E0
5.485086532E1,1.384950042E0,6.048000336E0,2.125050068E0
5.485330870E1,6.480000019E-1,3.285000086E0,-5.079000473E0
5.485575209E1,1.531950116E0,1.279500103E1,-4.732050419E0
5.485819555E1,2.047005081E1,1.987695122E1,2.460000038E0
5.486063893E1,4.522050381E0,9.955050468E0,-2.158305168E1
5.486308232E1,1.570995045E1,1.229505062E1,-2.148705101E1
5.486552570E1,7.072050571E0,1.285500050E1,-2.228700066E1
5.486796932E1,1.218000054E0,7.291050434E0,-7.339050293E0
5.487041270E1,1.507950068E0,8.344050407E0,-4.066050053E0
5.487285616E1,4.776000023E0,1.806195068E1,4.087950230E0
5.487529955E1,2.845950127E0,1.114995098E1,1.722000122E0
5.487774291E1,7.729500532E-1,3.675000191E0,-1.377000093E0
5.488018653E1,4.765950203E0,7.207050323E0,4.510500133E-1
5.488262991E1,5.287950039E0,1.122000027E1,-4.765050411E0
5.488507330E1,4.888050079E0,1.012095070E1,-9.799950600E0
5.488751668E1,2.262000084E0,9.591000557E0,-1.593000031E1
5.488996014E1,-1.561050057E0,3.175050259E0,-1.504605103E1
5.489240353E1,-3.016950130E0,1.008900070E1,-5.130000114E-1
5.489484691E1,-3.282000065E0,7.575000286E0,1.242495060E1
5.489729053E1,-1.623000026E0,5.980500579E-1,1.231695080E1
5.489973391E1,-4.219050407E0,3.210000098E-1,2.733000040E0
5.490217730E1,-1.924950123E0,-9.379500151E-1,6.103950500E0
5.490462069E1,1.088595009E1,-3.066000223E0,6.628050327E0
5.490706415E1,1.428795052E1,-4.201050282E0,-1.971705055E1
5.490950753E1,2.477505112E1,-6.552000523E0,-2.875800133E1
5.491195093E1,2.565195084E1,-7.789950371E0,-4.121295166E1
5.491439455E1,1.958400154E1,-3.286050081E0,-4.556595230E1
5.491683793E1,7.270950317E0,3.520050049E0,-3.606600189E1
5.491928132E1,3.267000198E0,2.662050009E0,-2.332095146E1
5.492172478E1,6.330000401E0,4.129950047E0,-1.172805023E1
5.492416818E1,3.243000269E0,2.884950161E0,-4.507050037E0
5.492661156E1,1.453050017E0,9.360000491E-1,-1.102050066E0
5.492905518E1,5.980500579E-1,1.309950113E0,2.905050039E0
5.493149856E1,1.479000092E0,4.306950092E0,6.364950180E0
5.493394195E1,3.880050182E0,8.059050560E0,9.834000587E0
5.493638539E1,5.302950382E0,7.125000477E0,4.335000038E0
5.493882877E1,4.426050186E0,4.726050377E0,4.846950054E0
5.494127216E1,3.658050060E0,4.384050369E0,-9.559500217E-1
5.494371554E1,2.917950153E0,3.405000210E0,3.382050276E0
5.494615916E1,1.367295074E1,2.728800201E1,-6.841050148E0
5.494860254E1,1.198005104E1,3.563400269E1,6.202050209E0
5.495104600E1,1.558050036E0,4.906050205E0,8.991000175E0
5.495348939E1,2.026950121E0,2.527950048E0,-4.456050396E0
5.495593277E1,3.751050234E0,1.234200096E1,-1.648995018E1
5.495837639E1,4.893000126E0,1.919295120E1,7.612050533E0
5.496081977E1,4.333050251E0,1.853205109E1,1.009500027E-1
5.496326316E1,-7.590000629E-1,1.711395073E1,-7.905000448E-2
5.496570654E1,-7.297950268E0,2.065095139E1,2.635050058E0
5.496815000E1,-3.001950026E0,9.805050850E0,1.986000061E0
5.497059339E1,-8.622000694E0,2.254905128E1,9.109500647E-1
5.497303676E1,-5.499000072E0,1.327605057E1,9.589500427E-1
5.497548015E1,-3.430950165E0,7.876950264E0,6.229500175E-1
5.497792376E1,-5.884950161E0,1.280895042E1,-4.665000439E0
5.498036715E1,-2.727000237E0,3.412050247E0,-2.215050220E0
5.498281053E1,4.399500191E-1,1.494000077E0,2.278995132E1
5.498525401E1,4.039500058E-1,5.686050415E0,2.665950060E0
5.498769740E1,3.732000113E0,7.678050518E0,2.773950100E0
5.499014101E1,4.114950180E0,4.570950031E0,1.665105057E1
5.499258417E1,3.718050241E0,3.567000151E0,7.834950447E0
5.499502778E1,3.250950098E0,3.855000257E0,4.390050411E0
5.499747117E1,3.739050150E0,1.233000040E0,2.836050034E0
5.499991463E1,1.930950046E0,2.076000214E0,-7.056000233E0
5.500235794E1,5.400000215E-1,2.509050131E0,6.943950176E0
5.500480140E1,4.393050194E0,1.723395157E1,5.838000298E0
5.500724501E1,1.577505112E1,4.648005295E1,2.653950214E0
5.500968840E1,5.334000111E0,1.044600010E1,1.678995132E1
5.501213178E1,2.709795189E1,-3.564000130E0,7.390050411E0
5.501457516E1,1.880400085E1,-3.238950253E0,-5.188695145E1
5.501701862E1,2.179005051E1,-1.144050002E0,-5.826105118E1
5.501946201E1,8.781000137E0,6.750000119E-1,-4.835595322E1
5.502190562E1,4.078950405E0,-3.299999982E-2,-1.965300179E1
5.502434878E1,2.269500047E-1,4.995000362E-2,1.219950080E0
5.502679239E1,2.295000106E-2,-1.690500081E-1,2.020500153E-1
5.502923578E1,1.258800030E1,7.068000317E0,-8.637000084E0
5.503167925E1,1.324905109E1,3.607005310E1,-8.076000214E0
5.503412264E1,3.949950218E0,7.510950565E0,6.067950249E0
5.503656602E1,-4.500000179E-1,2.250000089E-1,4.489500225E-1
5.503900963E1,-2.400000021E-2,-3.079500198E-1,2.400000095E-1
5.504145302E1,-2.340000123E-1,-3.299999982E-2,2.190000117E-1
5.504389640E1,1.620000005E-1,4.789500237E-1,1.300500035E-1
5.504633979E1,3.592950106E0,1.643700027E1,4.275000095E0
5.504878325E1,2.109000206E0,1.909395027E1,2.067000151E0
5.505122664E1,3.559500277E-1,2.185950041E0,9.949500561E-1
5.505367002E1,-2.680500150E-1,5.700000376E-2,1.849500090E-1
5.505611363E1,9.705000371E-2,-1.710000038E-1,7.005000114E-2
5.505855702E1,5.491950035E0,1.656599998E1,6.487050533E0
5.506100040E1,7.005000114E0,3.431700134E1,1.236300087E1
5.506344379E1,2.590050220E0,1.050795078E1,1.756050110E0
5.506588725E1,-4.995000362E-2,1.798050046E0,-4.095000029E-2
5.506833065E1,2.731050014E0,1.261500072E1,3.789000273E0
5.507077404E1,6.066000462E0,1.947000122E1,3.613950253E0
5.507321765E1,1.180050015E0,1.454505062E1,-1.730205154E1
5.507566104E1,-2.419500053E-1,6.951000214E0,-6.790950298E0
5.507810450E1,1.138395023E1,1.149000072E1,-1.549950123E0
5.508054790E1,2.604000092E0,1.313700104E1,-1.436895084E1
5.508299129E1,-1.378950119E0,9.450000763E0,-8.256000519E0
5.508543467E1,2.515950203E0,4.269000053E0,-4.734000206E0
5.508787829E1,1.018950105E0,1.500000095E1,-1.231395054E1
5.509032167E1,2.614050150E0,9.448050499E0,-2.734950066E0
5.509276505E1,8.295000345E-2,1.465050101E0,-1.312950015E0
5.509520851E1,4.039500058E-1,3.300000131E-1,-6.400500536E-1
5.509765190E1,9.640500546E-1,3.120000124E0,-4.825050354E0
5.510009551E1,6.499500275E-1,8.209500313E-1,4.849500358E-1
5.510253867E1,9.000000544E-3,-1.620000005E-1,1.230000034E-1
5.510498227E1,-1.650000066E-1,-2.805000171E-2,1.690500081E-1
5.510742565E1,-4.095000029E-2,9.600000083E-2,2.070000172E-1
5.510986911E1,-2.784000158E0,7.153950214E0,5.590500236E-1
5.511231250E1,-1.486950040E0,3.820950270E0,6.979500055E-1
5.511475588E1,-4.669500291E-1,1.780950069E0,9.900000691E-2
5.511719925E1,-3.393000126E0,9.025950432E0,6.949500442E-1
5.511964287E1,-2.028000116E0,6.463950157E0,6.810000539E-1
5.512208625E1,-2.551950216E0,5.920950413E0,3.100500107E-1
5.512452964E1,-3.406950235E0,6.241950512E0,9.589500427E-1
5.512697310E1,-2.449050188E0,3.819000244E0,8.100000620E-1
5.512941648E1,-5.509500504E-1,7.279500365E-1,3.190500140E-1
5.513185987E1,8.530050278E0,8.880000710E-1,2.613000154E0
5.513430325E1,6.988050461E0,2.437050104E0,4.473000050E0
5.513674687E1,2.737950087E0,8.586000443E0,-4.083000183E0
5.513919025E1,7.978950500E0,7.563000202E0,-9.787950516E0
5.514163364E1,5.734050274E0,1.558950067E0,-2.100000143E0
5.514407702E1,1.776000142E0,4.089000225E0,-7.678950310E0
5.514652048E1,1.600995064E1,6.727950096E0,-2.082405090E1
5.514896387E1,2.070495033E1,2.502000093E0,-2.094600105E1
5.515140750E1,1.700295067E1,-1.428000093E0,-2.064405060E1
5.515385089E1,1.550700092E1,-3.631050110E0,-2.669400215E1
5.515629427E1,9.390000343E0,-8.920500278E-1,-2.915295219E1
5.515873773E1,3.865950108E0,1.570950031E0,-1.755495071E1
5.516118112E1,5.355000019E0,3.961950302E0,-7.276950359E0
5.516362450E1,4.438050270E0,2.659950018E0,-2.959950209E0
5.516606788E1,4.012050152E0,1.063305092E1,2.275050163E0
5.516851149E1,5.848050117E0,2.109795189E1,3.148950100E0
5.517095488E1,3.054000139E0,1.061895084E1,1.951950073E0
5.517339834E1,6.649500132E-1,5.260050297E0,-4.261950016E0
5.517584172E1,8.350500464E-1,1.671705055E1,-3.072000027E0
5.517828511E1,6.013950348E0,1.852695084E1,9.504000664E0
5.518072849E1,2.530050039E0,1.097295094E1,-4.441950321E0
5.518317210E1,1.702050090E0,1.082400036E1,1.938000083E0
5.518561549E1,2.989950180E0,1.124295044E1,3.295050144E0
5.518805886E1,2.250000000E0,8.641050339E0,-1.789050102E0
5.519050231E1,2.353049994E0,1.352295017E1,3.118050098E0
5.519294570E1,3.567000151E0,1.387695026E1,1.761000037E0
5.519538909E1,2.005950212E0,8.245950699E0,-2.902050257E0
5.519783270E1,2.583000183E0,8.955000877E0,-6.709500551E-1
5.520027610E1,3.295950174E0,1.173195076E1,2.239950180E0
5.520271949E1,2.760000229E0,1.302000046E1,-3.171000242E0
5.520516287E1,1.960050106E0,1.401105022E1,2.773950100E0
5.520760633E1,1.177050114E0,1.016100025E1,1.593000054E0
5.521004972E1,-2.206950188E0,1.075500011E1,-4.840500355E-1
5.521249313E1,-3.036000252E0,8.782050133E0,1.078050017E0
5.521493675E1,-4.879500270E-1,1.096050024E0,2.910000086E-1
5.521738013E1,-1.339500099E-1,-1.069500074E-1,7.500000298E-2
5.521982352E1,-2.895000204E-2,-1.000500023E-1,5.830500126E-1
5.522226698E1,-6.859050274E0,1.212195015E1,5.718000412E0
5.522471035E1,-3.748950243E0,1.230195045E1,6.907950401E0
5.522715373E1,-3.253950119E0,1.022805023E1,3.859500289E-1
5.522959712E1,-2.962050200E0,1.601100159E1,-1.204950094E0
5.523204073E1,1.060050011E0,1.754505157E1,-3.075000048E0
5.523448412E1,2.619000196E0,1.879695129E1,6.042000294E0
5.523692751E1,9.688950539E0,9.538950920E0,1.978950143E0
5.523937097E1,4.168050289E0,2.665050030E0,-2.845050097E0
5.524181436E1,1.347000122E0,4.771950245E0,1.078050017E0
5.524425774E1,3.193050146E0,1.194705009E1,5.227950096E0
5.524670136E1,1.132395077E1,1.121700096E1,-7.693050385E0
5.524914475E1,2.146395111E1,3.955050230E0,-3.434400177E1
5.525158813E1,2.149500084E1,-2.410050154E0,-4.475895309E1
5.525403152E1,1.046700096E1,5.277000427E0,-2.499705124E1
5.525647498E1,6.121050358E0,4.080000401E0,-8.208000183E0
5.525891837E1,1.540950060E0,3.001950026E0,4.219500124E-1
5.526136198E1,2.355000019E0,9.306000710E0,3.517950058E0
5.526380537E1,3.090000153E0,1.661595154E1,7.402050495E0
5.526624875E1,1.471950054E0,6.309000492E0,4.131000042E0
5.526869214E1,-1.360500008E-1,3.420000076E-1,6.570000052E-1
5.527113558E1,-7.050000131E-3,1.870050073E0,3.018000126E0
5.527357897E1,1.812000036E0,7.477050304E0,5.359050274E0
5.527602235E1,1.656000137E0,9.523950577E0,1.974000096E0
5.527846596E1,1.438050032E0,8.764950752E0,6.520950317E0
5.528090935E1,1.309050083E0,6.180000305E0,1.741950035E0
5.528335274E1,2.686050177E0,9.594000816E0,-8.050500154E-1
5.528579612E1,4.345050335E0,1.405395031E1,4.366050243E0
5.528823958E1,3.864000082E0,1.168200016E1,2.359500080E-1
5.529068297E1,9.930000305E-1,1.522005081E1,-1.302495098E1
5.529312635E1,2.500950098E0,1.807395172E1,5.541000366E0
5.529556996E1,5.944050312E0,1.826595116E1,9.679500461E-1
5.529801335E1,5.532000065E0,1.806705093E1,3.324000120E0
5.530045681E1,5.085000038E0,1.969095039E1,-4.132950306E0
5.530290012E1,2.668950081E0,1.659000015E1,-4.441950321E0
5.530534358E1,2.881950140E0,1.604594994E1,-3.975000143E0
5.530778697E1,4.929000378E0,2.460600090E1,7.006950378E0
5.531023058E1,1.864050031E0,1.368600082E1,-2.866050243E0
5.531267396E1,4.950000346E-1,9.309000015E0,-4.429950237E0
5.531511735E1,3.853950262E0,1.444905090E1,5.038050175E0
5.531756081E1,2.743050098E0,1.274505043E1,-5.100000277E-2
5.532000420E1,1.443000078E0,1.070505047E1,1.387050033E0
5.532244758E1,9.550500512E-1,7.831950188E0,4.902000427E0
5.532489096E1,-2.659500241E-1,8.400000632E-2,1.762950063E0
5.532733458E1,-9.790500402E-1,5.530500412E-1,3.718950272E0
5.532977797E1,1.560000062E0,-4.519500136E-1,1.243950009E0
5.533222142E1,1.258950114E0,-3.730500042E-1,8.080500364E-1
5.533466473E1,3.220500052E-1,-9.705000371E-2,-1.500000060E-2
5.533710819E1,2.389500141E-1,-4.350000322E-1,-8.895000070E-2
5.533955181E1,2.310000062E-1,9.300000221E-2,-1.174395084E1
5.534199520E1,7.362000465E0,6.559500098E-1,-1.032195091E1
5.534443857E1,7.656000137E0,5.392050266E0,-1.227105045E1
5.534688195E1,9.663000107E0,7.779000282E0,-1.914795113E1
5.534932541E1,9.528000832E0,1.325505066E1,-2.315595055E1
5.535176880E1,5.668950081E0,1.041300011E1,-1.963395119E1
5.535421218E1,6.295950413E0,1.060905075E1,-2.250195122E1
5.535665557E1,1.592805099E1,6.289950371E0,-2.022705078E1
5.535909918E1,1.180500031E1,-9.469500184E-1,-1.797705078E1
5.536154257E1,6.469050407E0,6.540000439E-1,-1.145700073E1
5.536398595E1,8.656949997E0,1.546950102E0,-6.865050316E0
5.536642934E1,3.355950117E0,6.462000370E0,-3.429000139E0
5.536887278E1,2.355000019E0,4.618050098E0,-1.363050103E0
5.537131617E1,2.587050200E0,5.554950237E0,-3.288000107E0
5.537375955E1,-6.129000187E0,2.407905197E1,-2.794950247E0
5.537620317E1,-1.932000041E0,1.609200096E1,-2.740050077E0
5.537864655E1,9.021000862E0,1.556805038E1,8.080500364E-1
5.538109001E1,8.282999992E0,1.160700035E1,-8.959500194E-1
5.538353340E1,1.162800026E1,8.812950134E0,-4.600050449E0
5.538597678E1,1.224795055E1,1.188495064E1,-3.453000069E0
5.538842017E1,5.980050087E0,8.097000122E0,-2.811000109E0
5.539086378E1,5.283000469E0,1.011300087E1,3.916050196E0
5.539330715E1,5.688000202E0,1.347000027E1,2.548050165E0
5.539575053E1,1.765950084E0,1.003200054E1,-2.470500171E-1
5.539819399E1,1.459950089E0,1.020405006E1,2.661000013E0
5.540063738E1,1.684950113E0,5.611950397E0,2.191950083E0
5.540308076E1,1.684950113E0,4.125000000E0,9.370500445E-1
5.540552435E1,8.524950027E0,9.903000832E0,-4.399050236E0
5.540796774E1,5.329050064E0,5.701050282E0,-1.149105072E1
5.541041112E1,9.469500184E-1,1.776000142E0,-1.022895050E1
5.541285450E1,1.879050136E0,4.111050129E0,-5.670000076E0
5.541529796E1,2.073000193E0,6.526950359E0,-1.734000087E0
5.541774137E1,7.129500508E-1,3.510000229E0,2.604000092E0
5.542018476E1,-3.810000122E-1,5.470950127E0,3.565950155E0
5.542262837E1,5.310000181E-1,5.617050171E0,7.033050537E0
5.542507176E1,-1.319999993E-1,4.623000145E0,-2.700000070E-2
5.542751514E1,4.030950069E0,9.316050529E0,5.005050182E0
5.542995861E1,7.456950188E0,4.549050331E0,-2.775000095E0
5.543240199E1,8.077950478E0,7.024950504E0,-7.614000320E0
5.543484538E1,1.212900066E1,1.095600033E1,-1.109595013E1
5.543728876E1,4.708950043E0,9.124950409E0,-1.195995045E1
5.543973238E1,-3.450000286E-1,1.125105095E1,-1.000950098E0
5.544217578E1,2.310000181E0,1.557000065E1,8.094000816E0
5.544461916E1,4.531949997E0,1.287405014E1,-2.895000204E-2
5.544706262E1,1.836000085E0,1.065195084E1,-4.585950375E0
5.544950601E1,2.209050179E0,1.662600136E1,3.058050156E0
5.545194937E1,4.369050026E0,1.611600113E1,8.440500498E-1
5.545439299E1,3.741000175E0,1.430595112E1,-2.899950027E0
5.545683637E1,4.759050369E0,1.705695152E1,-1.702950120E0
5.545927976E1,4.030950069E0,1.264395046E1,-4.204950333E0
5.546172322E1,3.792000294E0,1.403805065E1,-7.750950336E0
5.546416661E1,6.478050232E0,1.624305153E1,-1.542195034E1
5.546660999E1,2.544000149E0,9.124950409E0,-1.201005077E1
5.546905338E1,2.841000080E0,3.630000114E0,-7.677000523E0
5.547149699E1,6.277050495E0,7.626000404E0,-1.421100044E1
5.547394038E1,7.990500331E-1,6.165000439E0,-1.697805023E1
5.547638376E1,-9.409500360E-1,4.401000023E0,-3.091950178E0
5.547882722E1,-4.434000015E0,9.811950684E0,1.113195038E1
5.548127061E1,-2.073000193E0,1.312050104E0,7.993050575E0
5.548371422E1,3.199950218E0,4.378950119E0,8.077050209E0
5.548615738E1,5.310000420E0,6.757050514E0,1.425900078E1
5.548860101E1,1.224105072E1,5.725050449E0,1.231995106E1
5.549104439E1,2.347005081E1,3.630000114E0,-1.362195110E1
5.549348785E1,2.818995094E1,-1.789950132E0,-2.806905174E1
5.549593116E1,2.898705101E1,-4.315950394E0,-4.321005249E1
5.549837462E1,1.522395039E1,1.563000083E0,-5.119005203E1
5.550081824E1,6.603000164E0,6.852000237E0,-3.566595078E1
5.550326163E1,5.484000206E0,6.294000149E0,-1.699500084E1
5.550570501E1,4.459950447E0,5.998050213E0,-1.113900089E1
5.550814840E1,2.374050140E0,6.304050446E0,4.729950428E0
5.551059186E1,8.178000450E0,3.009600067E1,3.355050087E0
5.551303524E1,6.988050461E0,2.158905029E1,8.496000290E0
5.551547863E1,3.175950050E0,5.341950417E0,-2.754000187E0
5.551792201E1,2.743050098E0,1.266300106E1,-3.577950239E0
5.552036563E1,2.053050041E0,2.403600121E1,1.248000026E0
5.552280901E1,-3.993000269E0,2.189595032E1,5.577000141E0
5.552525240E1,-4.642050266E0,1.123905087E1,-7.564050198E0
5.552769586E1,-5.370000362E0,1.377900028E1,-2.626950026E0
5.553013924E1,-4.587000370E0,1.220100021E1,2.920050144E0
5.553258286E1,-5.227050304E0,8.670000076E0,-8.512050629E0
5.553502624E1,-6.625050545E0,1.324005032E1,8.587050438E0
5.553746964E1,-6.823950291E0,1.017300034E1,1.498005104E1
5.553991303E1,-1.732950091E0,9.703950882E0,6.694950104E0
5.554235649E1,2.980500162E-1,8.674050331E0,1.047105026E1
5.554479988E1,8.280000687E-1,2.545050144E0,8.809050560E0
5.554724326E1,4.369500279E-1,1.560000032E-1,5.338050365E0
5.554968666E1,1.507950068E0,-4.440000355E-1,2.007000208E0
5.555213028E1,4.981950283E0,6.184050083E0,3.405000269E-2
5.555457366E1,3.472950220E0,4.369050026E0,2.504805183E1
5.555701705E1,7.144050121E0,6.682050228E0,2.546205139E1
5.555946051E1,5.923050404E0,7.647000313E0,1.101900005E1
5.556190389E1,-2.895000204E-2,9.139050484E0,2.029050112E0
5.556434728E1,-5.236050129E0,9.405000687E0,-1.578000069E0
5.556679089E1,-6.663000107E0,1.240005016E1,8.250000477E-1
5.556923428E1,-6.630000114E0,1.456395054E1,5.200950146E0
5.557167766E1,-5.089950085E0,1.165800095E1,1.624050021E0
5.557412105E1,-2.947050095E0,1.864395142E1,4.530000091E-1
5.557656451E1,7.021950245E0,3.939600372E1,5.272950172E0
5.557900789E1,5.379000187E0,1.710900116E1,1.181400013E1
5.558145151E1,1.480500102E-1,1.489050031E0,5.962950230E0
5.558389491E1,2.415000200E0,5.479950428E0,-1.167495060E1
5.558633829E1,2.785950184E0,1.265100098E1,-6.178050518E0
5.558878168E1,4.239000320E0,7.210950375E0,4.468950272E0
5.559122514E1,1.081050038E0,2.044950008E0,5.422050476E0
5.559366852E1,-7.605000585E-2,3.040500283E-1,1.347000122E0
5.559611191E1,9.900000691E-1,4.399500191E-1,-2.329950094E0
5.559855530E1,2.221305084E1,6.559500098E-1,-2.811000109E0
5.560099891E1,2.467695045E1,-7.530000210E-1,-3.513405228E1
5.560344237E1,9.052050591E0,-2.584950209E0,-3.139695168E1
5.560588576E1,4.315950394E0,7.590000629E-1,-2.043600082E1
5.560832914E1,2.269500047E-1,-2.430000156E-1,-6.211050510E0
5.561077252E1,-1.395000052E-2,-6.405000389E-2,6.880500317E-1
5.561321614E1,1.282950044E0,-2.149500102E-1,1.315050006E0
5.561565952E1,2.590050220E0,-2.479500175E-1,1.725000024E0
5.561810291E1,3.472950220E0,-4.780500233E-1,1.675050020E0
5.562054627E1,5.860050201E0,-6.979500055E-1,6.330000162E-1
5.562298973E1,7.126950264E0,2.136000156E0,-8.719950676E0
5.562543312E1,1.964400101E1,3.730050087E0,-2.085000038E1
5.562787650E1,1.884705162E1,5.320050240E0,-2.603100204E1
5.563031989E1,1.236105061E1,6.546000481E0,-2.496300125E1
5.563276348E1,7.624950409E0,1.007505035E1,-2.554500198E1
5.563520687E1,1.169805050E1,1.197105026E1,-2.214300156E1
5.563765026E1,8.607000351E0,1.119600010E1,-1.527600098E1
5.564009371E1,2.877000093E0,9.433050156E0,-7.171050549E0
5.564253710E1,2.009999990E0,9.280050278E0,3.604050159E0
5.564498073E1,2.829000235E0,1.373400021E1,7.621950150E0
5.564742388E1,2.164050102E0,8.026050568E0,2.874000072E0
5.564986750E1,6.820500493E-1,5.140050411E0,1.966950059E0
5.565231088E1,1.399950027E0,6.108000278E0,2.647050142E0
5.565475434E1,2.149500102E-1,4.831950188E0,-1.055999994E0
5.565719773E1,2.650500238E-1,4.389000416E0,-2.160000056E-1
5.565964112E1,1.639050126E0,5.590950489E0,-6.709500551E-1
5.566208450E1,5.062950134E0,9.352050781E0,1.069050074E0
5.566452811E1,6.591000080E0,6.790050507E0,-6.799950123E0
5.566697150E1,8.320500255E-1,1.474950075E0,-3.244950056E0
5.566941488E1,1.150950074E0,1.068000078E0,7.120500207E-1
5.567185834E1,4.350000381E0,8.085000038E0,8.820000291E-1
5.567430173E1,5.218950272E0,8.799000740E0,-2.950500250E-1
5.567674534E1,1.002000093E0,3.499950171E0,-1.426950097E0
5.567918850E1,7.219500542E-1,2.595000029E0,1.677000046E0
5.568163211E1,9.469500184E-1,4.647000313E0,1.545000076E0
5.568407550E1,1.455000043E0,1.085595036E1,2.304000139E0
5.568651896E1,2.896050215E0,1.381695080E1,4.866000175E0
5.568896235E1,2.329050064E0,9.325950623E0,2.364000082E0
5.569140572E1,1.423950076E0,9.453000069E0,3.439050198E0
5.569384934E1,3.082950115E0,1.138695049E1,6.475050449E0
5.569629273E1,2.479950190E0,1.020000076E1,1.110000089E-1
5.569873611E1,2.282999992E0,1.003200054E1,4.117050171E0
5.570117950E1,2.512950182E0,9.745050430E0,5.644050121E0
5.570362296E1,1.326000094E0,9.748950005E0,-1.783950090E0
5.570606635E1,-1.050000042E-1,1.179900074E1,-7.906050205E0
5.570850973E1,1.070400047E1,7.240050316E0,3.288000107E0
5.571095312E1,7.410000324E0,7.009950161E0,-1.279095078E1
5.571339673E1,2.386050224E0,4.975050449E0,-8.566950798E0
5.571584012E1,2.238000154E0,5.566950321E0,-1.080405045E1
5.571828350E1,1.765950084E0,7.065000534E0,-6.999000549E0
5.572072689E1,2.178000212E0,1.090305042E1,-1.315500069E1
5.572317035E1,9.979500771E-1,7.077000141E0,-1.133505058E1
5.572561374E1,6.289500594E-1,2.593050241E0,-2.886000156E0
5.572805733E1,3.291000128E0,9.586950302E0,1.090500057E-1
5.573050072E1,4.836000443E0,9.606000900E0,4.249500334E-1
5.573294410E1,5.160000324E-1,2.442000151E0,-1.219050050E0
5.573538756E1,1.942950130E0,5.763000488E0,2.227950096E0
5.573783095E1,4.177050114E0,1.140600014E1,3.577950239E0
5.574027432E1,3.049950123E0,1.137300014E1,-7.140000463E-1
5.574271770E1,2.652000189E0,7.681050301E0,-6.862950325E0
5.574516132E1,3.672000170E0,5.218950272E0,-1.117695045E1
5.574760470E1,1.071795082E1,9.546000481E0,-1.192200089E1
5.575004816E1,1.232295036E1,5.298000336E0,-1.099695015E1
5.575249155E1,7.969950199E0,3.724950075E0,-1.383000088E1
5.575493493E1,5.688000202E0,5.776950359E0,-1.240005016E1
5.575737832E1,9.175950050E0,2.301000118E0,-7.933050156E0
5.575982193E1,7.939050198E0,8.470500112E-1,-7.903950214E0
5.576226532E1,7.189050198E0,2.332050085E0,-5.991000175E0
5.576470870E1,7.294950485E0,4.810050011E0,-8.959500194E-1
5.576715216E1,6.997950554E0,6.120000362E0,1.171950102E0
5.576959555E1,7.849950314E0,6.718050480E0,-2.078999996E0
5.577203893E1,5.932050228E0,5.293950081E0,-3.475050211E0
5.577448232E1,2.820000172E0,7.285950184E0,-6.541950226E0
5.577692592E1,2.238000154E0,1.208100033E1,-8.341950417E0
5.577936930E1,3.351000071E0,1.191105080E1,1.469999999E-1
5.578181269E1,3.751050234E0,8.866050720E0,-2.292000055E0
5.578425615E1,4.876049995E0,1.024995041E1,-3.550500274E-1
5.578669953E1,5.515950203E0,1.045095062E1,-2.350500077E-1
5.578914293E1,3.238950253E0,8.470950127E0,-5.515050411E0
5.579158631E1,4.539000034E0,1.648200035E1,3.468000174E0
5.579402993E1,5.487000465E0,1.727205086E1,2.419050217E0
5.579647331E1,3.574050188E0,1.210995102E1,-7.879950523E0
5.579891670E1,4.747050285E0,1.700205040E1,1.483050108E0
5.580136009E1,5.725950241E0,1.837800026E1,-4.078050137E0
5.580380355E1,-7.009500265E-1,2.805105209E1,-2.859000206E0
5.580624693E1,-8.422950745E0,2.566395187E1,2.613000154E0
5.580869055E1,-3.744000196E0,6.931050301E0,8.719500303E-1
5.581113393E1,-7.135050297E0,1.600304985E1,1.177050114E0
5.581357732E1,-4.551000118E0,9.028950691E0,1.282050014E0
5.581602078E1,-1.051050067E0,2.904000044E0,1.747695160E1
5.581846416E1,-1.900950074E0,3.582000256E0,1.459605026E1
5.582090755E1,-7.999500632E-1,8.260500431E-1,1.069050074E0
5.582335093E1,-1.840500087E-1,-9.195000678E-2,-1.005000062E-2
5.582579455E1,-8.830500245E-1,9.910500646E-1,1.450500041E-1
5.582823793E1,-7.129500508E-1,7.800000310E-1,7.980000377E-1
5.583068132E1,-2.037000179E0,3.364050150E0,5.095950127E0
5.583312478E1,-2.191050053E0,3.354000092E0,2.005050182E0
5.583556816E1,-1.458000064E0,2.137950182E0,2.332950115E0
5.583801178E1,-1.828950047E0,2.842050076E0,3.634950161E0
5.584045516E1,-1.822050095E0,2.566950083E0,-2.313000202E0
5.584289855E1,7.605000585E-2,2.701050043E0,1.606950045E0
5.584534193E1,1.611795044E1,8.910000324E-1,8.379000664E0
5.584778539E1,1.464000034E1,1.443705082E1,-2.491095161E1
5.585022877E1,3.583200073E1,1.014495087E1,-5.792295456E1
5.585267216E1,2.240295029E1,-6.073050499E0,-4.710105133E1
5.585511554E1,1.085700035E1,-3.753000259E0,-3.131805229E1
5.585755916E1,9.615000725E0,9.600000381E-1,-2.546595192E1
5.586000254E1,2.926950216E0,6.499950409E0,-1.704795074E1
5.586244593E1,4.390050411E0,2.703600121E1,9.255000114E0
5.586488939E1,5.701950073E0,2.674905205E1,6.019950390E0
5.586733277E1,2.329050064E0,5.157000065E0,-2.622000217E0
5.586977616E1,-1.731000066E0,2.008800125E1,-1.795950055E0
5.587221954E1,-4.219050407E0,1.913505173E1,4.962000370E0
5.587466316E1,-4.696950436E0,1.277295017E1,6.517950535E0
5.587710654E1,-6.507000446E0,1.736100006E1,9.436950684E0
5.587954993E1,-3.744000196E0,8.911050797E0,3.109050035E0
5.588199339E1,-5.164050102E0,1.408995056E1,-1.680000126E-1
5.588443677E1,1.066950083E0,1.473405075E1,-6.253950119E0
5.588688016E1,5.029950142E0,1.051605034E1,-7.333950520E0
5.588932377E1,8.592000008E0,1.209795094E1,1.101195049E1
5.589176716E1,1.042905045E1,1.823204994E1,1.267095089E1
5.589421054E1,4.989000320E0,6.055050373E0,1.822950125E0
5.589665400E1,8.343000412E0,7.554000378E0,4.087950230E0
5.589909738E1,6.046950340E0,8.746050835E0,1.066695023E1
5.590154077E1,1.165050030E0,2.679000139E0,8.278050423E0
5.590398415E1,9.619500637E-1,1.834050059E0,3.625950098E0
5.590642777E1,2.982000113E0,4.278000355E0,7.572000504E0
5.590887114E1,2.452950001E0,4.029000282E0,3.412950277E0
5.591131460E1,2.125050068E0,2.622000217E0,2.854950190E0
5.591375799E1,1.819050074E0,5.694000244E0,2.437950134E0
5.591620137E1,3.640950203E0,1.030500031E1,6.400500536E-1
5.591864476E1,2.902950048E0,1.100205040E1,9.370500445E-1
5.592108839E1,2.982000113E0,9.703950882E0,4.099950314E0
5.592353177E1,1.467000127E0,8.160000801E0,1.188000083E0
5.592597516E1,4.900500178E-1,7.726050377E0,2.295000076E0
5.592841862E1,2.476950169E0,8.968950272E0,5.910000324E0
5.593086200E1,1.315950036E0,5.977950096E0,-6.300000101E-2
5.593330540E1,1.021950006E0,6.223050117E0,-6.330000162E-1
5.593574879E1,1.275795078E1,8.581050873E0,-4.413000107E0
5.593819240E1,2.620695114E1,2.515950203E0,-3.403800201E1
5.594063579E1,1.422105026E1,2.017950058E0,-4.836300278E1
5.594307917E1,9.640500546E-1,6.024000168E0,-3.395400238E1
5.594552256E1,2.881950140E0,5.485050201E0,-1.389705086E1
5.594796602E1,6.001950264E0,1.172700024E1,3.960000277E-1
5.595040940E1,4.459950447E0,1.409295082E1,5.946000099E0
5.595285279E1,2.302050114E0,7.030050278E0,-1.927950144E0
5.595529640E1,6.379500031E-1,4.542000294E0,1.203000069E0
5.595773979E1,1.048050046E0,5.764950275E0,4.725000381E0
5.596018325E1,7.410000563E-1,4.482000351E0,6.300000101E-2
5.596262656E1,1.483950019E0,7.006050110E0,4.777950287E0
5.596507002E1,1.195950031E0,6.847950459E0,1.615050077E0
5.596751340E1,1.279500127E-1,4.008000374E0,1.071000099E0
5.596995702E1,1.405050039E0,4.141950130E0,2.527050018E0
5.597240040E1,3.580950260E0,4.992000103E0,1.636050105E0
5.597484379E1,8.494050026E0,8.482950211E0,3.550500274E-1
5.597728717E1,1.101105022E1,6.699000359E0,7.219500542E-1
5.597973063E1,1.206600094E1,4.858050346E0,-3.409950256E0
5.598217400E1,1.801095009E1,4.582950115E0,-2.405100060E1
5.598461739E1,1.812405014E1,1.981950045E0,-3.187095070E1
5.598706100E1,1.275405025E1,3.826050282E0,-2.838195229E1
5.598950439E1,6.322050095E0,6.559950352E0,-2.456595039E1
5.599194783E1,6.172050476E0,7.561050415E0,-1.530495071E1
5.599439122E1,4.936050415E0,6.982050419E0,-1.546950102E0
5.599683460E1,5.359950066E0,8.161950111E0,1.756050110E0
5.599927799E1,5.809950352E0,1.131795025E1,4.909050465E0
5.600172160E1,4.396950245E0,1.274505043E1,2.764050245E0
5.600416498E1,4.678050041E0,1.528305054E1,4.516950130E0
5.600660837E1,5.032050133E0,1.247400093E1,1.251000047E0
5.600905175E1,1.369050026E0,1.113300037E1,-4.902000427E0
5.601149521E1,1.753950119E0,1.324005032E1,-2.296950102E0
5.601393860E1,3.997950077E0,1.132005024E1,7.960500121E-1
5.601638198E1,2.146950006E0,5.667000294E0,5.520000458E-1
5.601882560E1,1.255950093E0,8.830050468E0,-4.288949966E0
5.602126899E1,3.034950256E0,1.113795090E1,2.158050060E0
5.602371237E1,2.305050135E0,7.657050133E0,-3.091950178E0
5.602615575E1,1.704000115E0,6.787950516E0,-2.280000210E0
5.602859920E1,2.299950123E0,1.025895023E1,-2.110500038E-1
5.603104259E1,-6.450000286E0,2.668395042E1,3.094050169E0
5.603348620E1,-3.961950302E0,1.130100060E1,1.519050121E0
5.603592936E1,-3.546000242E0,9.867000580E0,3.700500131E-1
5.603837297E1,-4.468050003E0,1.126005077E1,1.006950021E0
5.604081636E1,-3.048000097E0,5.866050243E0,8.599500656E-1
5.604325982E1,-4.147050381E0,7.780950546E0,4.530000091E-1
5.604570320E1,-4.534950256E0,8.731950760E0,9.109500647E-1
5.604814659E1,-1.579950094E0,7.012950420E0,8.508000374E0
5.605059020E1,7.009500265E-1,8.812950134E0,7.191000462E0
5.605303359E1,2.149049997E0,1.215105057E1,2.527050018E0
5.605547705E1,3.358050108E0,8.072999954E0,7.524000168E0
5.605792036E1,3.085050106E0,6.994050503E0,5.977050304E0
5.606036382E1,2.212050200E0,1.481595039E1,4.098000050E0
5.606280721E1,9.361050606E0,2.130405045E1,9.880050659E0
5.606525081E1,6.603000164E0,1.294800091E1,3.504000187E0
5.606769396E1,3.178950071E0,5.368050098E0,5.641950130E0
5.607013757E1,5.944050312E0,2.136000156E0,4.339500070E-1
5.607258096E1,2.275950193E0,5.358000278E0,-3.360000134E0
5.607502442E1,9.210000634E-1,9.625050545E0,4.033050060E0
5.607746781E1,1.009095001E1,1.224705029E1,1.208505058E1
5.607991119E1,2.546700096E1,3.168000221E0,-1.434195042E1
5.608235480E1,2.935995102E1,-5.230500102E-1,-5.938395309E1
5.608479819E1,2.684895134E1,-9.160500169E-1,-6.289395142E1
5.608724158E1,6.840000153E0,4.966050148E0,-5.414700317E1
5.608968497E1,4.093050003E0,6.613050461E0,-2.514495087E1
5.609212842E1,5.860500336E-1,2.200050116E0,-6.709500551E-1
5.609457181E1,4.227000237E0,1.489695072E1,1.462005043E1
5.609701520E1,6.253050327E0,1.993005180E1,1.873050094E0
5.609945858E1,1.942950130E0,3.900000095E0,6.793950558E0
5.610190221E1,2.839500010E-1,1.140000105E0,9.510000348E-1
5.610434560E1,2.599500120E-1,9.181950569E0,-6.489000320E0
5.610678898E1,3.760950089E0,1.502400112E1,8.320500255E-1
5.610923244E1,2.326050043E0,1.052805042E1,9.469500184E-1
5.611167579E1,1.848000050E0,6.844950199E0,5.970000029E-1
5.611411918E1,1.929000139E0,7.635000229E0,1.774950027E0
5.611656279E1,1.261050105E0,1.115505028E1,1.471050024E0
5.611900618E1,1.584000111E0,1.618500137E1,3.718950272E0
5.612144956E1,-9.499500394E-1,9.484050751E0,7.459500432E-1
5.612389301E1,-4.932000160E0,1.077195072E1,-2.770950079E0
5.612633639E1,-3.153000116E0,6.586950302E0,9.040500522E-1
5.612877978E1,-1.728000045E0,3.025950193E0,5.673000336E0
5.613122316E1,-3.016950130E0,8.104949951E0,2.335050106E0
5.613366678E1,6.599999964E-2,4.824000359E0,4.585950375E0
5.613611016E1,2.395950079E0,3.960000277E0,5.565000057E0
5.613855362E1,2.913000107E0,9.430950165E0,5.776050091E0
5.614099693E1,3.574050188E0,5.965950489E0,3.817050219E0
5.614344039E1,3.343950272E0,9.484050751E0,3.637950182E0
5.614588378E1,2.353049994E0,1.229205036E1,6.348000526E0
5.614832740E1,2.713950157E0,6.940950394E0,2.896050215E0
5.615077078E1,2.362050056E0,8.595000267E0,2.503050089E0
5.615321417E1,2.523000002E0,7.993950367E0,4.720050335E0
5.615565755E1,3.220050097E0,4.924950123E0,3.633000135E0
5.615810101E1,1.764000058E0,3.421050072E0,8.890500665E-1
5.616054440E1,1.855050087E0,5.773050308E0,2.986950159E0
5.616298778E1,1.921950102E0,7.210950375E0,4.324950218E0
5.616543140E1,9.739500284E-1,6.358950138E0,1.603050113E0
5.616787478E1,1.351950049E0,6.160050392E0,2.002950191E0
5.617031817E1,7.060500383E-1,4.099050045E0,9.870000482E-1
5.617276157E1,1.237050056E0,7.069950104E0,5.490000248E-1
5.617520503E1,2.278950214E0,1.097505093E1,6.114000320E0
5.617764841E1,8.419500589E-1,8.346000671E0,3.355050087E0
5.618009180E1,5.380499959E-1,7.297950268E0,1.864050031E0
5.618253541E1,8.563950539E0,1.053195095E1,1.187700081E1
5.618497880E1,2.133195114E1,5.758050442E0,-1.626195145E1
5.618742226E1,2.389395142E1,2.053950071E0,-5.012700272E1
5.618986557E1,2.992500114E1,3.850500286E-1,-6.339405441E1
5.619230903E1,6.612000465E0,6.225000381E0,-5.189205170E1
5.619475242E1,1.053000093E0,6.754050255E0,-1.193100071E1
5.619719603E1,3.652950287E0,1.339605045E1,7.513950348E0
5.619963942E1,7.060050488E0,2.332005119E1,8.058000565E0
5.620208280E1,5.212050438E0,1.734900093E1,-2.538000107E0
5.620452619E1,3.226950169E0,9.579000473E0,8.191950798E0
5.620696965E1,1.591050029E0,6.286950111E0,3.066000223E0
5.620941303E1,8.680500388E-1,9.910050392E0,-5.857050419E0
5.621185641E1,2.748000145E0,9.499950409E0,2.041050196E0
5.621430003E1,8.280000687E-1,2.587950230E0,6.208950520E0
5.621674341E1,9.520500302E-1,2.329950094E0,-3.645000219E0
5.621918687E1,-1.819500029E-1,3.780000210E0,-4.459500313E-1
5.622163027E1,8.295000345E-2,3.579000235E0,-8.359500170E-1
5.622407365E1,4.729500115E-1,1.045305061E1,-2.659500241E-1
5.622651704E1,-1.615950108E0,5.866050243E0,1.854000092E0
5.622896042E1,-1.539000034E0,2.701050043E0,4.066050053E0
5.623140404E1,-4.642050266E0,1.095405006E1,5.836050510E0
5.623384742E1,-7.470000386E-1,6.754050255E0,6.172950268E0
5.623629081E1,1.050000042E-1,1.198995018E1,3.400950193E0
5.623873427E1,4.157999992E0,1.409700108E1,7.014000416E0
5.624117765E1,5.068050385E0,8.779950142E0,3.739500046E-1
5.624362105E1,4.630050182E0,6.835950375E0,3.892050266E0
5.624606466E1,6.262950420E0,1.201395035E1,1.073205090E1
5.624850805E1,8.583000183E0,1.588095093E1,3.754950285E0
5.625095143E1,1.253100014E1,1.244100094E1,5.557950497E0
5.625339482E1,2.249595070E1,4.345950127E0,-1.408395100E1
5.625583828E1,7.429050446E0,1.426950097E0,-1.675800133E1
5.625828167E1,1.292595100E1,7.978050232E0,-7.590000629E-1
5.626072528E1,1.552395058E1,1.134195042E1,-4.150800323E1
5.626316844E1,4.759050369E0,6.750000119E-1,-4.677795410E1
5.626561205E1,7.374000549E0,1.657050133E0,-2.456100082E1
5.626805545E1,3.397050142E0,4.705049992E0,-1.488105106E1
5.627049891E1,1.231950045E0,3.546000242E0,-5.989500284E-1
5.627294230E1,3.172050238E0,1.216305065E1,7.384950161E0
5.627538568E1,3.430050135E0,1.366395092E1,1.810950041E0
5.627782930E1,1.239000082E0,3.835950136E0,5.560500026E-1
5.628027269E1,4.540500343E-1,3.582000256E0,1.918950081E0
5.628271608E1,1.560000062E0,7.009950161E0,2.704050064E0
5.628515946E1,2.475000143E0,7.894050598E0,2.320950031E0
5.628760292E1,2.917950153E0,1.226295090E1,5.419050217E0
5.629004631E1,2.760000229E0,1.107105064E1,4.665000439E0
5.629248991E1,1.314000010E0,7.911000252E0,-1.072950006E0
5.629493306E1,2.515950203E0,1.273800087E1,3.499050140E0
5.629737668E1,4.024050236E0,1.452405071E1,2.107950211E0
5.629982006E1,2.335950136E0,8.445000648E0,-1.818000078E0
5.630226345E1,1.390050054E0,1.040805054E1,1.762950063E0
5.630470694E1,2.029500157E-1,1.695405006E1,-3.075000048E0
5.630715032E1,6.169500351E-1,8.373000145E0,-4.501950264E0
5.630959371E1,1.206000090E0,7.972950459E0,1.378050089E0
5.631203732E1,1.966950059E0,1.060695076E1,1.354050040E0
5.631448071E1,1.206000090E0,1.147095013E1,8.749500513E-1
5.631692409E1,1.102950096E0,1.067100048E1,5.461950302E0
5.631936755E1,-3.949500322E-1,1.788000107E0,5.074050426E0
5.632181093E1,-5.100000501E-1,8.430000544E-1,2.548050165E0
5.632425432E1,9.330000281E-1,4.623000145E0,8.839500546E-1
5.632669770E1,1.974000096E0,4.824000359E0,4.042050362E0
5.632914133E1,-1.695000008E-2,1.944000125E0,2.026050091E0
5.633158472E1,-2.100000158E-2,7.180500627E-1,3.664050102E0
5.633402810E1,1.090500057E-1,6.870000362E-1,3.919950247E0
5.633647149E1,2.158950090E0,6.330000401E0,6.379500031E-1
5.633891495E1,2.452950001E0,7.812000275E0,-1.966050148E0
5.634135834E1,1.864050031E0,6.306000233E0,-1.590000033E0
5.634380196E1,3.604950190E0,1.176105022E1,2.778000116E0
5.634624534E1,1.261500072E1,1.562505054E1,6.958950520E0
5.634868873E1,1.750605011E1,4.417050362E0,-7.878000259E0
5.635113220E1,9.472949982E0,7.393050194E0,-2.968695068E1
5.635357559E1,1.731000137E1,6.484050274E0,-3.375495148E1
5.635601897E1,7.989000320E0,9.745050430E0,-2.572905159E1
5.635846236E1,4.785000324E0,1.204305077E1,-1.215600014E1
5.636090597E1,9.949500561E-1,1.171995068E1,-4.267050266E0
5.636334934E1,3.105000257E0,1.276905060E1,3.226050138E0
5.636579280E1,3.574050188E0,1.349205017E1,3.694950104E0
5.636823611E1,4.648950100E0,5.844000340E0,-2.694000244E0
5.637067957E1,8.760000229E0,5.605050087E0,-3.654000282E0
5.637312296E1,1.314405060E1,9.028950691E0,-1.803195000E1
5.637556634E1,7.939050198E0,4.036950111E0,-2.462100029E1
5.637800972E1,2.929950237E0,4.669050217E0,-1.497705078E1
5.638045334E1,4.366050243E0,5.626050472E0,-2.196000099E0
5.638289680E1,3.567000151E0,7.432050228E0,1.208505058E1
5.638534018E1,1.692000031E0,7.930050373E0,-1.866000056E0
5.638778357E1,3.250500262E-1,6.193950176E0,6.810000420E0
5.639022695E1,-1.104000092E0,2.308050156E0,5.637000084E0
5.639267057E1,6.900000572E-2,2.455950022E0,1.120950103E0
5.639511395E1,9.430500269E-1,5.551950455E0,6.403050423E0
5.639755734E1,1.893000126E0,7.449000359E0,1.897050142E0
5.640000073E1,4.089000225E0,1.220805073E1,5.320500135E-1
5.640244419E1,5.034000397E0,1.449705029E1,5.836050510E0
5.640488757E1,3.423000097E0,9.831000328E0,3.781050205E0
5.640733096E1,2.128050089E0,8.988000870E0,-2.042999983E0
5.640977434E1,2.242950201E0,1.470795059E1,-1.012605095E1
5.641221796E1,2.757000208E0,9.658050537E0,-2.730000019E-1
5.641466142E1,1.885950089E0,1.014495087E1,2.206050158E0
5.641710473E1,3.801000118E0,1.651800156E1,3.409950256E0
5.641954819E1,5.203950405E0,1.195500088E1,2.046000004E0
5.642199158E1,2.523000002E0,8.911050797E0,-1.023000002E0
5.642443519E1,3.739050150E0,8.490000725E0,-5.890500546E-1
5.642687858E1,9.415950775E0,1.161195087E1,2.758950233E0
5.642932196E1,1.439100075E1,1.342905045E1,-1.444005108E1
5.643176535E1,7.984050274E0,6.900000095E0,-2.177205086E1
5.643420881E1,6.945000172E0,4.525050163E0,-2.441505051E1
5.643665218E1,5.868000507E0,7.638000488E0,-1.689195061E1
5.643909556E1,1.903050065E0,5.928000450E0,-3.642000198E0
5.644153895E1,2.671050072E0,4.630050182E0,9.693000793E0
5.644398256E1,3.919500113E-1,7.105950356E0,4.909050465E0
5.644642595E1,6.379500031E-1,5.694000244E0,4.189050198E0
5.644886933E1,3.580500185E-1,3.172050238E0,2.673000097E0
5.645131279E1,7.304999977E-2,4.197000027E0,5.047950268E0
5.645375617E1,1.777950048E0,5.455950260E0,1.732050061E0
5.645619956E1,2.118000031E0,9.028950691E0,4.870500267E-1
5.645864317E1,2.959050179E0,1.086795044E1,8.371050835E0
5.646108655E1,1.393050075E0,6.139050484E0,-9.700500369E-1
5.646352993E1,5.323950291E0,8.287050247E0,2.746950150E0
5.646597339E1,9.841950417E0,7.558950424E0,-8.115000725E0
5.646841678E1,8.938950539E0,3.703950167E0,-2.105805016E1
5.647086016E1,9.801000595E0,3.594000101E0,-2.471205139E1
5.647330353E1,8.431950569E0,4.783950329E0,-1.879605103E1
5.647574715E1,2.815050125E0,7.080000401E0,-7.116000175E0
5.647819053E1,2.986950159E0,7.960950375E0,3.499050140E0
5.648063392E1,2.532000065E0,1.031700039E1,5.443050385E0
5.648307738E1,1.833000064E0,8.421000481E0,6.709500551E-1
5.648552078E1,3.040050030E0,1.107795048E1,3.082050085E0
5.648796439E1,5.134950161E0,1.204605103E1,1.798950076E0
5.649040778E1,1.150950074E0,6.934050560E0,-4.290000200E-1
5.649285116E1,1.812000036E0,1.050405025E1,-1.198050022E0
5.649529455E1,4.771050453E0,1.017300034E1,-2.947950125E0
5.649773802E1,1.444950104E0,6.844950199E0,-5.782950401E0
5.650018141E1,4.108050346E0,9.718050003E0,-5.404050350E0
5.650262479E1,1.195950031E0,8.710050583E0,-3.739950180E0
5.650506818E1,1.407000065E0,9.334950447E0,8.410500288E-1
5.650751179E1,3.607050180E0,9.960000038E0,2.351999998E0
5.650995518E1,2.251950026E0,6.699000359E0,-4.789500237E-1
5.651239856E1,1.303950071E0,1.130100060E1,-2.659500241E-1
5.651484202E1,7.333050251E0,1.327395058E1,1.423050046E0
5.651728541E1,2.815050125E0,9.639000893E0,-6.654000282E0
5.651972879E1,5.094000340E0,9.727950096E0,-4.396049976E0
5.652217216E1,6.267000198E0,9.223050117E0,-5.766000271E0
5.652461578E1,2.362050056E0,7.570950508E0,-5.079000473E0
5.652705916E1,2.479950190E0,6.349950314E0,-9.889500737E-1
5.652950255E1,6.145050526E0,7.330950260E0,-6.393000126E0
5.653194600E1,3.744000196E0,6.598950386E0,-7.092000484E0
5.653438939E1,6.736950397E0,6.460050106E0,-1.264950037E0
5.653683277E1,6.375000477E0,6.132000446E0,-2.902050257E0
5.653927615E1,6.358050346E0,7.867950439E0,-2.880000174E-1
5.654171977E1,9.775050163E0,1.094205093E1,-2.602950096E0
5.654416314E1,3.511950254E0,7.614000320E0,-7.806000233E0
5.654660652E1,2.479500175E-1,5.083050251E0,-4.870050430E0
5.654904998E1,1.924050093E0,6.613050461E0,-2.284950018E0
5.655149337E1,9.139500260E-1,4.791000366E0,-2.208000183E0
5.655393676E1,6.499500275E-1,2.065950155E0,-9.390000701E-1
5.655638037E1,6.508950233E0,3.772950172E0,7.189500332E-1
5.655882376E1,4.656000137E0,4.123050213E0,-2.821050167E0
5.656126714E1,2.271000147E0,5.650050163E0,-6.400500536E-1
5.656371060E1,3.411000252E0,6.486000538E0,-1.798950076E0
5.656615399E1,1.606050134E0,5.044950008E0,-1.573950052E0
5.656859738E1,3.480000257E0,8.703000069E0,-1.200000010E-2
5.657104099E1,5.341050148E0,1.009200001E1,-6.076950073E0
5.657348438E1,5.980500579E-1,4.750050068E0,-3.043950081E0
5.657592776E1,2.745000124E0,6.262950420E0,-3.480000198E-1
5.657837114E1,3.820050240E0,1.022805023E1,-8.839500546E-1
5.658081460E1,1.957950115E0,5.515950203E0,-1.903950095E0
5.658325799E1,5.688000202E0,7.261950493E0,-1.618950129E0
5.658570138E1,7.582050323E0,1.039605045E1,-5.304000378E0
5.658814499E1,6.555000305E0,9.040950775E0,-8.019000053E0
5.659058838E1,4.678050041E0,1.066605091E1,-5.811000347E0
5.659303176E1,5.451000214E0,9.838050842E0,-5.088000298E0
5.659547515E1,3.457050085E0,1.035300064E1,-1.336050034E0
5.659791861E1,9.250950813E0,1.369995022E1,-4.018050194E0
5.660036200E1,7.054950237E0,1.099695015E1,-7.830000401E0
5.660280538E1,1.735050082E0,9.760950089E0,-4.705049992E0
5.660524898E1,6.085050106E0,1.131495094E1,-2.047950029E0
5.660769237E1,3.583050251E0,8.157000542E0,-5.995950222E0
5.661013575E1,2.203950167E0,8.566950798E0,-2.242050171E0
5.661257914E1,8.530050278E0,1.095405006E1,-2.208000183E0
5.661502260E1,3.793950081E0,9.637050629E0,-4.879950047E0
5.661746598E1,2.608950138E0,1.120005035E1,-1.353000045E0
5.661990937E1,3.552000284E0,9.453000069E0,-2.490000129E-1
5.662235298E1,1.872000098E0,8.254950523E0,-1.210050106E0
5.662479637E1,4.297049999E0,1.117200089E1,2.932050228E0
5.662723975E1,4.884000301E0,1.181805038E1,-2.610000134E0
5.662968321E1,2.197050095E0,7.398000240E0,-4.565999985E0
5.663212660E1,4.129500091E-1,6.547950268E0,-4.576050282E0
5.663456998E1,3.424950123E0,7.105950356E0,-3.166050196E0
5.663701360E1,1.918950081E0,6.271050453E0,-5.115000248E0
5.663945698E1,2.572950125E0,5.574000359E0,-3.090000153E-1
5.664190037E1,7.213050365E0,7.978050232E0,-4.420050144E0
5.664434375E1,2.824050188E0,5.076000214E0,-4.993050098E0
5.664678721E1,3.034950256E0,5.989950180E0,-1.032000065E0
5.664923060E1,3.708000183E0,6.072000504E0,-2.110050201E0
5.665167398E1,1.560000062E0,3.826050282E0,-1.626000047E0
5.665411759E1,6.291000366E0,8.385000229E0,5.640000105E-1
5.665656098E1,2.254950047E0,5.866050243E0,-1.863000035E0
5.665900436E1,1.360500008E-1,4.009950161E0,-2.218050003E0
5.666144775E1,2.329050064E0,5.557050228E0,-1.621050119E0
5.666389121E1,4.201050282E0,2.964000225E0,-2.011950016E0
5.666633459E1,1.491000056E0,1.558950067E0,-5.256000042E0
5.666877798E1,5.449050426E0,5.442000389E0,-2.629050016E0
5.667122159E1,7.867050171E0,3.493050098E0,-4.138050079E0
5.667366498E1,2.362050056E0,4.297950268E0,-6.283050060E0
5.667610835E1,3.691050291E0,7.839000225E0,-3.730950117E0
5.667855173E1,2.508000135E0,4.414950371E0,-5.728050232E0
5.668099519E1,3.411000252E0,7.975050449E0,-4.557000160E0
5.668343858E1,1.009800053E1,9.523950577E0,-3.015000105E0
5.668588196E1,4.768950462E0,5.016000271E0,-6.817050457E0
5.668832556E1,2.560950041E0,9.898050308E0,-4.252950191E0
5.669076894E1,4.291950226E0,9.831000328E0,-1.207050085E0
5.669321233E1,1.906950116E0,6.642000198E0,-1.969500035E-1
5.669565579E1,2.623050213E0,1.009905052E1,2.007000208E0
5.669809917E1,5.269050121E0,1.228005028E1,1.660050035E0
5.670054258E1,3.301050186E0,8.871000290E0,-2.428050041E0
5.670298620E1,5.170950413E0,9.402000427E0,-3.333000183E0
5.670542958E1,6.544950485E0,1.094700050E1,-5.533950329E0
5.670787297E1,4.551000118E0,9.751950264E0,-4.234050274E0
5.671031635E1,7.345050335E0,1.542900085E1,-3.333000183E0
5.671275983E1,5.728950500E0,1.487595081E1,-3.690000057E0
5.671520321E1,2.038950205E0,1.132005024E1,-4.339500070E-1
5.671764660E1,3.234000206E0,1.499100113E1,1.144950032E0
5.672009021E1,3.409050226E0,1.257195091E1,-2.470950127E0
5.672253360E1,8.800500631E-1,7.288050175E0,-6.949500442E-1
5.672497698E1,3.913950205E0,1.233000088E1,-1.437000036E0
5.672742044E1,2.929950237E0,1.329105091E1,-4.909050465E0
5.672986382E1,9.190500379E-1,7.626000404E0,-3.007950068E0
5.673230721E1,2.431950092E0,7.638000488E0,-4.410000145E-1
5.673475059E1,1.833000064E0,7.882050514E0,-2.608050108E0
5.673719420E1,9.570000172E-1,5.397000313E0,-1.729500145E-1
5.673963759E1,5.287950039E0,9.037950516E0,-2.289000034E0
5.674208098E1,1.699050069E0,7.558950424E0,-5.902050495E0
5.674452444E1,1.510050058E0,2.725050211E0,-1.984950066E0
5.674696782E1,5.142000198E0,7.438950539E0,7.650000453E-1
5.674941121E1,2.271000147E0,4.888950348E0,-9.850500226E-1
5.675185459E1,1.903050065E0,2.488050222E0,2.125050068E0
5.675429820E1,6.913950443E0,6.462000370E0,3.310050249E0
5.675674159E1,3.640950203E0,4.006050110E0,-5.689050198E0
5.675918498E1,3.184050083E0,5.193000317E0,-6.532050133E0
5.676162837E1,5.317050457E0,3.277950048E0,-7.462950230E0
5.676407183E1,5.092050076E0,3.316050053E0,-9.867000580E0
5.676651522E1,6.910950184E0,7.683000565E0,-8.407050133E0
5.676895883E1,7.363950253E0,5.265000343E0,-4.593000412E0
5.677140222E1,5.053950310E0,5.959050179E0,-5.256000042E0
5.677384561E1,7.381050587E0,8.302950859E0,-4.474950314E0
5.677628899E1,1.007700062E1,5.571000099E0,-4.468050003E0
5.677873245E1,5.761950493E0,3.964950085E0,-8.605950356E0
5.678117584E1,8.676000595E0,8.136000633E0,-7.300950527E0
5.678361922E1,9.631050110E0,7.555950165E0,-5.971950054E0
5.678606283E1,1.792950034E0,8.488050461E0,-2.755950212E0
5.678850622E1,2.926950216E0,1.122195053E1,3.079950094E0
5.679094960E1,2.427000046E0,1.022100067E1,3.042000055E0
5.679339306E1,2.671050072E0,1.340805054E1,-5.200500488E-1
5.679583645E1,8.001000404E0,1.705200005E1,1.210500076E-1
5.679827983E1,2.938950062E0,1.082205009E1,-5.959950447E0
5.680072344E1,3.480000257E0,1.071195030E1,-4.662000179E0
5.680316683E1,3.160050154E0,1.632705116E1,-5.797050476E0
5.680561022E1,3.351000071E0,1.278300095E1,-4.768050194E0
5.680805362E1,1.468950033E0,9.262950897E0,-8.500500321E-1
5.681049708E1,3.303000212E0,1.342500019E1,-1.549950123E0
5.681294046E1,2.572950125E0,1.307295036E1,-3.442950249E0
5.681538385E1,1.479000092E0,1.077900028E1,-1.416000009E0
5.681782746E1,4.147950172E0,1.294305038E1,1.927950144E0
5.682027085E1,3.741000175E0,1.217505074E1,7.690500617E-1
5.682271423E1,1.708950043E0,1.531905079E1,-2.787000179E0
5.682515762E1,3.303000212E0,1.698000145E1,3.292950153E0
5.682760108E1,3.129000187E0,1.284300041E1,-4.699500203E-1
5.683004446E1,1.527000070E0,1.314900017E1,-6.520500183E-1
5.683248785E1,2.050950050E0,1.171005058E1,2.938950062E0
5.683493123E1,4.420500100E-1,9.511950493E0,-1.726950049E0
5.683737484E1,-4.995000362E-2,9.790050507E0,3.340950251E0
5.683981823E1,-6.679500341E-1,8.173950195E0,2.103000164E0
5.684226169E1,-7.350000143E-1,6.547950268E0,-6.469500065E-1
5.684470500E1,-4.039500058E-1,4.111050129E0,2.143949986E0
5.684714846E1,3.888000250E0,1.674000025E0,1.576050043E0
5.684959185E1,4.744950294E0,4.578000069E0,-7.333950520E0
5.685203546E1,4.703999996E0,6.555000305E0,-1.072395039E1
5.685447885E1,4.311000347E0,2.490000010E0,-1.332705021E1
5.685692224E1,6.097050190E0,2.907000065E0,-9.465000153E0
5.685936570E1,8.082000732E0,6.235050201E0,-3.063000202E0
5.686180908E1,1.519950032E0,3.667950153E0,-4.509000301E0
5.686425247E1,7.290000319E-1,3.948000193E0,-2.806950092E0
5.686669585E1,3.753000259E0,5.554950237E0,2.592000008E0
5.686913948E1,2.362050056E0,5.071050167E0,1.279050112E0
5.687158286E1,6.193050385E0,7.702050209E0,1.106999993E0
5.687402632E1,8.899050713E0,7.021950245E0,-2.874000072E0
5.687646971E1,1.044495010E1,3.811950207E0,-1.032195091E1
5.687891310E1,1.297095108E1,8.682000160E0,-1.255095100E1
5.688135648E1,1.130295086E1,7.057950497E0,-1.533795071E1
5.688380009E1,4.777950287E0,7.651950359E0,-1.462200069E1
5.688624348E1,7.285050392E0,1.017300034E1,-1.130400085E1
5.688868687E1,5.602050304E0,7.843950272E0,-6.634950161E0
5.689113023E1,2.029500157E-1,6.007050514E0,6.930000186E-1
5.689357369E1,1.383000016E0,1.273995018E1,5.733000278E0
5.689601707E1,2.844000101E0,1.409505081E1,4.873050213E0
5.689846046E1,1.393050075E0,9.766050339E0,2.491050005E0
5.690090407E1,4.222949982E0,1.127505016E1,3.679050207E0
5.690334746E1,7.171950340E0,8.112000465E0,-5.878050327E0
5.690579084E1,1.194705009E1,9.061950684E0,-1.281495094E1
5.690823423E1,7.066950321E0,9.097949982E0,-1.765095139E1
5.691067768E1,4.399500191E-1,7.573050499E0,-1.418205070E1
5.691312107E1,1.980000138E-1,6.562950134E0,-6.409950256E0
5.691556469E1,3.342000246E0,7.702050209E0,-2.002050161E0
5.691800784E1,7.080000043E-1,4.113000393E0,-1.969500035E-1
5.692045145E1,1.552950025E0,3.286950111E0,4.612050056E0
5.692289484E1,4.591050148E0,6.304050446E0,4.165050030E0
5.692533830E1,1.531950116E0,4.207050323E0,2.700000070E-2
5.692778169E1,2.496000051E0,8.171999931E0,2.098050117E0
5.693022508E1,3.576000214E0,9.505050659E0,4.267950058E0
5.693266846E1,2.176050186E0,8.053950310E0,4.800000191E-1
5.693511208E1,3.457050085E0,1.334100056E1,2.970000029E0
5.693755546E1,3.496950150E0,1.116195011E1,3.904050112E0
5.693999886E1,1.263000011E0,1.001505089E1,-2.593050241E0
5.694244232E1,2.022000074E0,1.390605068E1,-2.649000168E0
5.694488571E1,3.295950174E0,1.168905067E1,3.147000074E0
5.694732932E1,2.511000156E0,8.299050331E0,1.528050065E0
5.694977248E1,1.354050040E0,1.174095058E1,3.580500185E-1
5.695221608E1,2.173050165E0,1.348200035E1,1.348950028E0
5.695465947E1,2.463000059E0,9.807000160E0,1.639500111E-1
5.695710293E1,1.717950106E0,7.915050507E0,3.700500131E-1
5.695954632E1,1.152000046E1,5.611950397E0,-7.005000114E-2
5.696198970E1,1.749405098E1,4.396049976E0,-2.659395218E1
5.696443309E1,1.220505047E1,5.574000359E0,-3.375300217E1
5.696687670E1,2.370000124E0,1.137000084E0,-2.373495102E1
5.696932009E1,-6.000000238E-2,5.869500041E-1,-5.883000374E0
5.697176348E1,1.266000032E0,7.249500155E-1,9.291000366E0
5.697420686E1,1.132050037E0,5.100000501E-1,5.563050270E0
5.697665032E1,2.425050020E0,2.622000217E0,-6.300000101E-2
5.697909371E1,2.626050234E0,5.056950092E0,8.046000481E0
5.698153709E1,1.102950096E0,2.851950169E0,5.733000278E0
5.698398070E1,8.830500245E-1,3.892950296E0,1.156949997E0
5.698642409E1,1.620000124E0,5.290950298E0,7.023000240E0
5.698886748E1,2.188050032E0,5.788950443E0,2.223000050E0
5.699131086E1,3.616950274E0,1.014705086E1,4.015950203E0
5.699375432E1,4.311000347E0,9.192000389E0,7.948050499E0
5.699619771E1,9.421050072E0,1.515000105E0,-7.618950367E0
5.699864132E1,1.311495018E1,3.811950207E0,-1.223805046E1
5.700108469E1,1.498005104E1,5.776950359E0,-2.143695068E1
5.700352808E1,9.424950600E0,7.879500389E-1,-3.175095177E1
5.700597146E1,7.575000286E0,7.542000294E0,-2.091705132E1
5.700841492E1,1.492950082E0,1.013700008E1,-7.222050190E0
5.701085831E1,1.575000048E0,1.388700104E1,4.384950161E0
5.701330170E1,5.644950390E0,2.046105003E1,4.785000324E0
5.701574531E1,3.813000202E0,1.369500065E1,4.552050114E0
5.701818870E1,1.831050038E0,1.364295101E1,6.859500408E-1
5.702063216E1,1.708950043E0,2.286300087E1,-1.234050035E0
5.702307547E1,1.591050029E0,1.170600033E1,-3.930000067E-1
5.702551893E1,1.347000122E0,1.204305077E1,-1.276950002E0
5.702796232E1,4.386000156E0,1.991595078E1,6.184950352E0
5.703040593E1,2.041949987E0,1.015200043E1,-3.526950121E0
5.703284909E1,-9.019500613E-1,8.421000481E0,-3.619500101E-1
5.703529270E1,1.633950114E0,1.456905079E1,2.553000212E0
5.703773609E1,2.323950052E0,1.361595058E1,-3.169500232E-1
5.704017955E1,1.423950076E0,1.041000080E1,-6.420000196E-1
5.704262294E1,1.954950094E0,8.209950447E0,1.926000118E0
5.704506632E1,1.441050053E0,9.472050667E0,-8.070000410E-1
5.704750971E1,2.278950214E0,1.472700024E1,2.220000029E0
5.704995333E1,1.929000139E0,1.334805107E1,1.770000100E0
5.705239672E1,1.122000098E0,8.950050354E0,-5.220000148E-1
5.705484010E1,7.908000469E0,1.058295059E1,2.800050020E0
5.705728356E1,6.220050335E0,9.072000504E0,-1.144800091E1
5.705972695E1,3.223950148E0,5.701050282E0,-8.317950249E0
5.706217033E1,1.073505020E1,6.673050404E0,-1.483995056E1
5.706461372E1,6.415950298E0,5.880000114E0,-1.380600071E1
5.706705733E1,2.518050194E0,5.629050255E0,-1.022205067E1
5.706950072E1,6.463950157E0,6.132000446E0,-7.981050491E0
5.707194410E1,2.937000036E0,2.772000074E0,-9.052950859E0
5.707438756E1,7.255950451E0,6.562950134E0,-5.674950123E0
5.707683095E1,6.538050175E0,5.899050236E0,-3.930000305E0
5.707927433E1,-8.100000024E-2,2.836950064E0,-3.682950258E0
5.708171794E1,1.620000005E-1,2.028000116E0,2.517000198E0
5.708416135E1,1.813950062E0,4.285950184E0,4.833000183E0
5.708660474E1,1.374000072E0,3.136050224E0,2.674950123E0
5.708904812E1,-6.900000572E-2,9.769500494E-1,1.629000068E0
5.709149158E1,3.424950123E0,1.930050135E0,2.842950106E0
5.709393496E1,5.182950020E0,1.129950047E0,-2.104950190E0
5.709637834E1,6.756000519E0,2.983050108E0,-3.673050165E0
5.709882195E1,8.353050232E0,7.135050297E0,-7.783950329E0
5.710126534E1,4.788000107E0,6.967050552E0,-1.151205063E1
5.710370880E1,5.638050079E0,1.088400078E1,-1.279095078E1
5.710615211E1,7.002000332E0,7.408050537E0,-1.237905025E1
5.710859558E1,5.452950478E0,5.904000282E0,-1.422705078E1
5.711103896E1,7.162950516E0,9.670050621E0,-9.135000229E0
5.711348258E1,6.057000160E0,6.912000179E0,-8.886000633E0
5.711592573E1,1.510050058E0,7.300050259E0,1.312950015E0
5.711836934E1,1.989000082E0,1.325505066E1,8.034000397E0
5.712081273E1,4.456950188E0,1.404495049E1,9.078000069E0
5.712325618E1,4.231950283E0,9.784950256E0,-1.672050118E0
5.712569957E1,5.359950066E0,1.263195038E1,1.243950009E0
5.712814296E1,5.664000034E0,1.389405060E1,1.710000038E0
5.713058634E1,4.096050262E0,1.444005108E1,-4.270500243E-1
5.713302994E1,4.654050350E0,1.592700100E1,1.408950090E0
5.713547333E1,3.066000223E0,1.272105026E1,-9.730500579E-1
5.713791671E1,1.864050031E0,1.315395069E1,-2.695950031E0
5.714036010E1,2.880000114E0,1.534200096E1,1.203000069E0
5.714280356E1,1.060050011E0,1.014000034E1,-1.687950134E0
5.714524693E1,-4.909500182E-1,8.188050270E0,-2.016000032E0
5.714769055E1,1.017000079E0,1.085805035E1,1.684050083E0
5.715013393E1,1.615050077E0,1.063995075E1,-1.150500029E-1
5.715257732E1,-2.970000207E-1,7.231050491E0,-2.268000126E0
5.715502078E1,1.480500102E-1,5.392050266E0,2.980500162E-1
5.715746417E1,1.690500081E-1,5.824950218E0,-4.909500182E-1
5.715990756E1,1.600500047E-1,1.053195095E1,1.879950047E0
5.716235094E1,7.680000067E-1,8.410950661E0,3.657000065E0
5.716479456E1,4.129500091E-1,3.843000174E0,-2.296950102E0
5.716723794E1,2.340000123E-1,9.840000153E0,-5.130000114E-1
5.716968133E1,1.747050047E0,9.093000412E0,3.886950254E0
5.717212471E1,8.590500355E-1,2.301000118E0,-7.470000386E-1
5.717456817E1,-1.030500084E-1,7.635000229E0,-3.120000064E-1
5.717701156E1,1.165050030E0,1.047000027E1,5.089050293E0
5.717945494E1,-6.405000389E-2,3.748950243E0,3.430500031E-1
5.718189856E1,1.396950126E0,4.686000347E0,3.552000284E0
5.718434194E1,1.045500088E1,5.209950447E0,-4.750950336E0
5.718678540E1,1.367100048E1,3.615000248E0,-1.999500084E1
5.718922871E1,1.109205055E1,3.675000191E0,-2.199405098E1
5.719167218E1,-1.579500139E-1,2.485050201E0,-1.690695000E1
5.719411556E1,3.889500201E-1,3.306000233E0,-9.955950737E0
5.719655918E1,4.323000431E0,3.745050192E0,-2.035950184E0
5.719900256E1,3.052050114E0,2.539950132E0,1.713000059E0
5.720144595E1,3.733950138E0,3.337950230E0,4.120950222E0
5.720388933E1,7.014000416E0,3.016950130E0,5.584050179E0
5.720633279E1,9.907050133E0,2.808000088E0,-2.880000174E-1
5.720877618E1,1.383300018E1,4.732950211E0,-1.036095047E1
5.721121956E1,1.103205013E1,4.237950325E0,-1.389900112E1
5.721366318E1,7.174950123E0,4.903050423E0,-1.787400055E1
5.721610656E1,6.483000278E0,8.854050636E0,-1.937700081E1
5.721854994E1,4.411950111E0,6.199050426E0,-1.496505070E1
5.722099340E1,4.162950039E0,5.779950142E0,-1.088295078E1
5.722343679E1,6.472950459E0,8.731950760E0,-9.160950661E0
5.722588017E1,5.520000458E0,7.348050117E0,-6.829050541E0
5.722832355E1,1.170000076E0,6.043050289E0,-2.880000174E-1
5.723076717E1,3.781950235E0,1.152600098E1,3.955950260E0
5.723321055E1,4.599000454E0,1.289100075E1,7.882950306E0
5.723565394E1,2.535000086E0,8.401050568E0,1.150050044E0
5.723809738E1,2.511000156E0,1.198800087E1,1.453950047E0
5.724054077E1,3.034950256E0,1.081695080E1,3.291000128E0
5.724298416E1,2.911050081E0,1.130805016E1,1.399500072E-1
5.724542754E1,3.411000252E0,1.487805080E1,2.508000135E0
5.724787115E1,2.254950047E0,1.008000088E1,3.079950094E0
5.725031454E1,9.570000172E-1,1.141095066E1,-2.074050188E0
5.725275800E1,1.606050134E0,1.298400021E1,1.480950117E0
5.725520131E1,1.917000055E0,1.011300087E1,5.089499950E-1
5.725764477E1,5.070000291E-1,9.440999985E0,-2.050050020E0
5.726008816E1,1.560000062E0,1.094895077E1,1.794000030E0
5.726253155E1,1.174950004E0,1.239795017E1,6.280500293E-1
5.726497517E1,-2.764950037E0,1.172205067E1,4.750500321E-1
5.726741855E1,-3.220050097E0,6.852000237E0,1.240950108E0
5.726986201E1,-3.037950039E0,7.531950474E0,2.994000196E0
5.727230540E1,-2.835000038E0,4.894050121E0,1.876050115E0
5.727474878E1,1.729950070E0,4.087049961E0,7.572000504E0
5.727719217E1,2.812050104E0,4.642050266E0,2.752050161E0
5.727963578E1,2.851050138E0,7.125000477E0,3.319050074E0
5.728207917E1,2.710050106E0,4.750050068E0,8.761950493E0
5.728452256E1,2.427000046E0,2.631000042E0,1.251000047E0
5.728696595E1,4.657950401E0,8.361000061E0,1.110000089E-1
5.728940941E1,2.848050117E0,8.167050362E0,5.620050430E0
5.729185279E1,1.612950087E0,4.774050236E0,2.448000193E0
5.729429618E1,1.351950049E0,7.365000248E0,-1.039950013E0
5.729673979E1,2.298000097E0,1.122405052E1,4.681950092E0
5.729918318E1,1.657950044E0,7.393050194E0,-2.761050224E0
5.730162656E1,8.869500160E-1,9.342000008E0,-8.700000644E-1
5.730406995E1,1.345050097E0,1.253595066E1,6.946950436E0
5.730651341E1,1.156800079E1,5.679000378E0,7.375050545E0
5.730895679E1,2.123400116E1,3.763950109E0,-2.537805176E1
5.731140041E1,1.860300064E1,-5.879999995E-1,-4.470705032E1
5.731384379E1,5.566050053E0,3.601050138E0,-3.712395096E1
5.731628718E1,5.973000050E0,6.129000187E0,-2.109705162E1
5.731873056E1,3.964050293E0,6.606000423E0,-8.809050560E0
5.732117402E1,2.604000092E0,6.394950390E0,2.824050188E0
5.732361741E1,4.085999966E0,1.370505047E1,9.082050323E0
5.732606102E1,2.869950056E0,8.563950539E0,4.926000118E0
5.732850418E1,9.430500269E-1,3.754050255E0,5.110500455E-1
5.733094779E1,3.322050095E0,9.517050743E0,4.507050037E0
5.733339118E1,4.180050373E0,1.042500019E1,5.182050228E0
5.733583456E1,1.239000082E0,5.476050377E0,3.049500287E-1
5.733827795E1,2.326050043E0,9.397050858E0,5.991000175E0
5.734072141E1,3.337050200E0,7.470000267E0,2.380950212E0
5.734316479E1,1.741950035E0,5.377050400E0,6.400500536E-1
5.734560839E1,3.658050060E0,9.694050789E0,3.625950098E0
5.734805178E1,3.829950094E0,1.143495083E1,9.390000701E-1
5.735049516E1,5.698050499E0,9.802050591E0,-4.530000210E0
5.735293862E1,1.051005077E1,9.502950668E0,-1.370100021E1
5.735538201E1,5.097000122E0,8.690999985E0,-1.534095097E1
5.735782541E1,2.961000204E0,1.015605068E1,-7.272000313E0
5.736026879E1,6.555000305E0,1.363305092E1,-4.734000206E0
5.736271241E1,4.150950432E0,1.152795029E1,-1.195050001E0
5.736515579E1,1.675050020E0,8.404050827E0,5.010000467E-1
5.736759918E1,5.914950371E0,1.084095097E1,2.649000168E0
5.737004264E1,4.383000374E0,1.021395016E1,-2.797050238E0
5.737248602E1,9.229500294E-1,6.723000526E0,-3.220950127E0
5.737492941E1,6.234000206E0,6.625050545E0,-4.789050102E0
5.737737279E1,4.393050194E0,1.144005013E1,-6.750000477E0
5.737981641E1,1.873950124E0,5.386950493E0,-5.412000179E0
5.738225979E1,3.849000216E0,4.879050255E0,-8.430000544E-1
5.738470317E1,2.293050051E0,6.844950199E0,-3.012000084E0
5.738714663E1,2.263950109E0,4.276050091E0,4.819500148E-1
5.738959002E1,8.381999969E0,8.690999985E0,2.242050171E0
5.739203340E1,3.816000223E0,4.980000019E0,-2.967000246E0
5.739447701E1,1.395000100E0,5.482950211E0,9.610500336E-1
5.739692040E1,6.133050442E0,1.012095070E1,-1.078050017E0
5.739936378E1,3.496950150E0,6.141000271E0,-4.180950165E0
5.740180717E1,2.239950180E0,7.453050137E0,-2.076000214E0
5.740425063E1,5.020050049E0,9.450000763E0,-1.228950024E0
5.740669401E1,4.527000427E0,9.796950340E0,-3.007950068E0
5.740913740E1,2.559000015E0,1.021395016E1,-2.172000170E0
5.741158078E1,4.033950329E0,9.862050056E0,3.649500310E-1
5.741402440E1,3.193050146E0,1.017600060E1,-3.718950272E0
5.741646778E1,2.350050211E0,9.864000320E0,-7.210500240E-1
5.741891124E1,6.676950455E0,1.357995033E1,-3.204000235E0
5.742135455E1,4.500000000E0,1.261995029E1,-6.657000542E0
5.742379801E1,1.848000050E0,1.153305054E1,-1.204950094E0
5.742624140E1,5.808000088E0,1.384095097E1,-2.103000164E0
5.742868501E1,3.013950109E0,1.269705105E1,-5.874000072E0
5.743112840E1,1.420950055E0,1.104000092E1,-1.894050121E0
5.743357178E1,4.218000412E0,1.107600021E1,-2.622000217E0
5.743601517E1,4.194000244E0,1.114800072E1,-6.393000126E0
5.743845863E1,1.090950012E0,9.022050858E0,-3.895950079E0
5.744090200E1,3.073050261E0,7.984950542E0,-5.250000358E-1
5.744334538E1,3.520950079E0,8.962050438E0,-1.297950029E0
5.744578900E1,1.182000041E0,5.131050110E0,-1.492050052E0
5.744823239E1,3.399000168E0,6.723000526E0,2.899950027E0
5.745067584E1,6.532950401E0,9.421050072E0,-2.746950150E0
5.745311924E1,1.468950033E0,4.896000385E0,-1.224000096E0
5.745556262E1,1.402050018E0,4.834050179E0,3.154050112E0
5.745800600E1,4.110000134E0,9.109950066E0,-5.010000467E-1
5.746044962E1,1.387950063E0,5.281950474E0,-3.345000267E0
5.746289300E1,3.567000151E0,7.354950428E0,2.950500250E-1
5.746533637E1,5.061000347E0,8.749050140E0,-4.147050381E0
5.746777976E1,9.880500436E-1,6.397050381E0,-5.637000084E0
5.747022322E1,3.343950272E0,9.131999969E0,-2.707950115E0
5.747266660E1,5.949000359E0,5.650050163E0,-5.761050224E0
5.747510999E1,2.166000128E0,3.052950144E0,-6.309000492E0
5.747755336E1,6.331950188E0,6.712950230E0,-1.228950024E0
5.747999697E1,8.038949966E0,4.474950314E0,-4.930050373E0
5.748244036E1,1.471950054E0,4.231050014E0,-4.786950111E0
5.748488374E1,3.319950104E0,6.204000473E0,-1.078050017E0
5.748732720E1,6.475950241E0,6.004950523E0,-2.968950033E0
5.748977058E1,1.239000082E0,5.365950108E0,-4.606950283E0
5.749221419E1,2.950950146E0,7.954050541E0,7.690500617E-1
5.749465735E1,4.041000366E0,9.766050339E0,8.959500194E-1
5.749710096E1,1.516950130E0,8.902050018E0,8.479500413E-1
5.749954435E1,2.149500102E-1,8.308050156E0,1.350000054E-1
5.750198781E1,1.861950040E0,9.603000641E0,3.421950102E0
5.750443112E1,2.334000111E0,8.467950821E0,-3.036000252E0
5.750687458E1,2.422049999E0,9.093000412E0,-1.425000072E0
5.750931796E1,5.293050289E0,1.083600044E1,-4.918050289E0
5.751176158E1,1.194000006E0,8.799000740E0,-5.122050285E0
5.751420497E1,1.495950103E0,9.847950935E0,-6.330000162E-1
5.751664835E1,5.242950439E0,1.226295090E1,-6.330000162E-1
5.751909174E1,3.888000250E0,9.361950874E0,-5.179050446E0
5.752153519E1,2.737950087E0,7.615950584E0,-3.454950094E0
5.752397858E1,5.707050323E0,9.148050308E0,-2.179050207E0
5.752642196E1,5.206950188E0,1.024305058E1,-4.722000122E0
5.752886558E1,2.329050064E0,8.782050133E0,-3.621000290E0
5.753130896E1,7.357050419E0,9.405000687E0,-2.716050148E0
5.753375242E1,6.109050274E0,1.018005085E1,-7.042050362E0
5.753619581E1,3.258000135E0,8.350950241E0,-4.356000423E0
5.753863919E1,6.991050243E0,1.142505074E1,-2.929050207E0
5.754108258E1,3.166950226E0,1.093905067E1,-6.907950401E0
5.754352619E1,2.340000123E-1,5.581050396E0,-2.791950226E0
5.754596958E1,2.700000048E0,7.578000546E0,2.340000153E0
5.754841293E1,3.021000147E0,8.839950562E0,-5.800500512E-1
5.755085632E1,1.113000035E0,5.602950096E0,-1.288950086E0
5.755329978E1,3.235950232E0,7.293000221E0,2.862000227E0
5.755574316E1,4.915050030E0,8.607000351E0,-1.380000114E0
5.755818655E1,2.745000124E0,8.313000679E0,-1.801050067E0
5.756062995E1,1.491000056E0,9.583950043E0,7.810500264E-1
5.756307356E1,2.269050121E0,1.003905010E1,2.983950138E0
5.756551695E1,2.595000029E0,8.095050812E0,-1.858050108E0
5.756796033E1,1.053000093E0,9.105000496E0,-2.830950022E0
5.757040379E1,3.289050102E0,1.276605034E1,3.585000277E0
5.757284718E1,3.883050203E0,9.586950302E0,-3.568050146E0
5.757529079E1,2.383949995E0,9.031050682E0,-2.854050159E0
5.757773395E1,6.970950127E0,1.118100071E1,-5.146050453E0
5.758017756E1,3.679050207E0,1.044105053E1,-8.731950760E0
5.758262095E1,7.369500399E-1,8.305950165E0,-2.998050213E0
5.758506441E1,4.255949974E0,1.083195019E1,-1.714950085E0
5.758750779E1,3.117000103E0,9.654000282E0,-5.935950279E0
5.758995118E1,1.930950046E0,4.738050461E0,-2.239050150E0
5.759239456E1,6.648000240E0,7.015050411E0,-1.971000075E0
5.759483818E1,4.551000118E0,5.998050213E0,-6.501000404E0
5.759728156E1,4.026000023E0,5.442000389E0,-3.048000097E0
5.759972495E1,7.183950424E0,9.169950485E0,-3.048000097E0
5.760216841E1,3.628950119E0,6.558000088E0,-4.794000149E0
5.760461179E1,5.710500479E-1,3.867000103E0,2.479500175E-1
5.760705518E1,4.596000195E0,8.677050591E0,6.760050297E0
5.760949879E1,5.559000492E0,7.591950417E0,-6.490500569E-1
5.761194218E1,1.215000033E0,3.850050211E0,-5.614950180E0
5.761438556E1,5.194950104E0,8.184000015E0,-2.409000158E0
5.761682895E1,8.571000099E0,6.472050190E0,-8.244000435E0
5.761927241E1,3.820500076E-1,7.783950329E0,-1.017600060E1
5.762171579E1,2.013000011E0,1.073805046E1,3.649500310E-1
5.762415918E1,2.461050034E0,8.065950394E0,-2.760000229E-1
5.762660256E1,1.318050027E0,9.469050407E0,-2.089500129E-1
5.762904618E1,1.825950146E0,1.342005062E1,2.467050076E0
5.763148958E1,3.378000259E0,1.342500019E1,4.696050167E0
5.763393296E1,3.247950077E0,8.581050873E0,-2.227050066E0
5.763637642E1,2.845950127E0,9.546000481E0,-5.194050312E0
5.763881981E1,6.451950073E0,1.518405056E1,7.720500231E-1
5.764126319E1,4.876049995E0,1.164795017E1,-2.914050102E0
5.764370656E1,1.627050042E0,1.082895088E1,-3.190050125E0
5.764615017E1,3.126000166E0,1.491600037E1,2.422049999E0
5.764859356E1,3.964050293E0,1.682205009E1,-7.879500389E-1
5.765103702E1,2.013000011E0,1.304205036E1,-3.484050274E0
5.765348040E1,2.302050114E0,1.236195087E1,3.397950172E0
5.765592379E1,2.427000046E0,1.354695034E1,-1.144950032E0
5.765836717E1,2.770500183E-1,9.313950539E0,-3.376050234E0
5.766081079E1,2.323950052E0,7.690050602E0,1.800000109E-2
5.766325417E1,5.449500084E-1,1.088400078E1,-9.192000389E0
5.766569756E1,-2.779500186E-1,3.168000221E0,-3.445950270E0
5.766814102E1,2.472000122E0,8.500500321E-1,-4.638000011E0
5.767058440E1,5.616000175E0,5.998050213E0,-8.886000633E0
5.767302779E1,1.567050099E0,3.133950233E0,-6.172950268E0
5.767547140E1,5.950950146E0,6.060000420E0,3.865050077E0
5.767791479E1,4.024050236E0,7.338000298E0,3.453000069E0
5.768035817E1,1.387950063E0,4.779000282E0,1.606950045E0
5.768280156E1,-4.305000231E-2,9.417000771E0,4.039950371E0
5.768524502E1,6.004050255E0,4.077000141E0,-1.155000091E0
5.768768840E1,6.789000511E0,3.004950047E0,-5.212950230E0
5.769013179E1,9.232050896E0,6.289950371E0,-9.172950745E0
5.769257541E1,1.104195023E1,6.724950314E0,-1.123695087E1
5.769501879E1,2.559000015E0,6.259050369E0,-1.372005081E1
5.769746218E1,1.374000072E0,1.056600094E1,-9.433950424E0
5.769990556E1,6.604950428E0,8.899050713E0,-3.012000084E0
5.770234902E1,3.088050127E0,7.140000343E0,1.086000085E0
5.770479241E1,2.494050026E0,1.015200043E1,1.816050053E0
5.770723579E1,3.588000059E0,1.127505016E1,3.151950121E0
5.770967918E1,4.101000309E0,1.131795025E1,2.517000198E0
5.771212279E1,1.801950097E0,1.017795086E1,-1.365000010E0
5.771456618E1,5.752950191E0,1.251195049E1,3.000000119E-2
5.771700958E1,6.772950172E0,1.155195045E1,-7.444050312E0
5.771945304E1,4.441050053E0,1.418400097E1,-7.935000420E0
5.772189642E1,7.668000221E0,1.395105076E1,-1.347300053E1
5.772434004E1,1.713000059E0,1.216005039E1,-8.919000626E0
5.772678319E1,-5.580000281E-1,9.349950790E0,2.689500153E-1
5.772922682E1,2.203950167E0,1.018995094E1,3.691050291E0
5.773167021E1,1.567050099E0,1.208895016E1,-4.240500331E-1
5.773411367E1,2.371950150E0,6.745050430E0,-1.027950048E0
5.773655705E1,6.889950275E0,5.418000221E0,-8.550000191E-1
5.773900044E1,7.492950439E0,7.923000336E0,-6.999000549E0
5.774144384E1,2.061000109E0,5.791950226E0,-7.930050373E0
5.774388745E1,2.395950079E0,5.406000137E0,4.800000191E-1
5.774633084E1,3.255000114E0,1.003395081E1,2.639999986E-1
5.774877422E1,1.291950107E0,6.180000305E0,3.409500122E-1
5.775121760E1,-1.501050115E0,7.800000191E0,2.191950083E0
5.775366106E1,2.491950035E0,6.175050259E0,4.105050087E0
5.775610445E1,1.462050080E0,6.816000462E0,-3.499050140E0
5.775854807E1,2.089050055E0,9.390000343E0,-1.042050004E0
5.776099145E1,5.451000214E0,8.551950455E0,-2.598000050E0
5.776343484E1,3.957000256E0,8.064000130E0,-7.602000237E0
5.776587830E1,1.048050046E0,8.404050827E0,-3.088950157E0
5.776832168E1,4.717950344E0,9.615000725E0,-3.979500234E-1
5.777076507E1,3.739050150E0,9.394950867E0,-4.528050423E0
5.777320845E1,2.212050200E0,8.362950325E0,-8.269500136E-1
5.777565205E1,6.448950291E0,1.085100079E1,3.000000119E-1
5.777809544E1,4.900050163E0,9.100950241E0,-5.574000359E0
5.778053882E1,3.583050251E0,9.469050407E0,-2.719950199E0
5.778298221E1,4.393050194E0,1.160295010E1,3.409500122E-1
5.778542567E1,4.623000145E0,1.159500027E1,-1.777050138E0
5.778786905E1,1.909950137E0,1.126995087E1,-1.492050052E0
5.779031244E1,6.859500408E-1,1.343400097E1,2.503050089E0
5.779275582E1,4.041000366E0,1.660695076E1,1.063950062E0
5.779519944E1,4.933950424E0,1.662600136E1,-4.120950222E0
5.779764282E1,4.371000290E0,1.551495075E1,-5.485950470E0
5.780008620E1,7.548000336E0,1.734705162E1,-7.791000366E0
5.780252966E1,1.534050107E0,1.364700031E1,-7.480050564E0
5.780497305E1,9.430500269E-1,1.286205101E1,-1.305000067E0
5.780741666E1,5.005950451E0,9.133950233E0,-3.952950239E0
5.780985982E1,5.614050388E0,7.671000481E0,-9.477000237E0
5.781230344E1,5.484000206E0,4.774050236E0,-8.371050835E0
5.781474682E1,9.913950920E0,4.188000202E0,-1.038000011E1
5.781719028E1,7.072050571E0,4.068000317E0,-1.486905098E1
5.781963367E1,-4.710000157E-1,1.480050087E0,-7.279050350E0
5.782207705E1,1.891050100E0,4.221000195E0,4.531050205E0
5.782452043E1,-2.176050186E0,9.409049988E0,4.021049976E0
5.782696404E1,-1.453050017E0,9.480000734E-1,2.351999998E0
5.782940743E1,7.290000319E-1,2.939999998E-1,1.879950047E0
5.783185081E1,1.282950044E0,5.430000424E-1,8.340000153E0
5.783429427E1,1.066950083E0,1.161000013E0,3.501000166E0
5.783673766E1,1.632000089E0,1.707000136E0,1.171950102E0
5.783918104E1,1.090950012E0,1.314000010E0,8.958000183E0
5.784162466E1,4.396950245E0,4.591950417E0,4.888050079E0
5.784406804E1,1.605795097E1,7.231050491E0,-1.605705070E1
5.784651143E1,1.936200142E1,3.055050135E0,-2.235600090E1
5.784895481E1,1.230105019E1,8.119500279E-1,-2.708205223E1
5.785139827E1,2.401050091E0,5.188050270E0,-3.279000092E1
5.785384166E1,4.998000145E0,9.271050453E0,-2.365095139E1
5.785628504E1,4.249050140E0,4.650000095E0,-1.290105057E1
5.785872843E1,7.270500064E-1,3.406950235E0,6.934950352E0
5.786117204E1,1.933950067E0,2.165100098E1,6.841050148E0
5.786361543E1,4.314000130E0,1.824000168E1,7.189050198E0
5.786605881E1,2.464950085E0,7.318950176E0,-2.163000107E0
5.786850227E1,6.069000244E0,1.521795082E1,3.082050085E0
5.787094566E1,4.101000309E0,1.612305069E1,4.987950325E0
5.787338904E1,3.399000168E0,1.143000031E1,-2.230050087E0
5.787583266E1,3.198000193E0,1.897905159E1,7.797000408E0
5.787827604E1,2.269050121E0,1.397805023E1,5.541000366E0
5.788071943E1,8.869500160E-1,8.410950661E0,1.246050000E0
5.788316281E1,1.227000117E0,8.988000870E0,4.240950108E0
5.788560627E1,1.998000145E0,1.176795101E1,5.866950512E0
5.788804965E1,1.275000095E0,9.164999962E0,2.383050203E0
5.789049304E1,-1.089000106E0,6.085950375E0,4.078050137E0
5.789293665E1,-1.546950102E0,9.172050476E0,5.592000484E0
5.789538004E1,-7.300500274E-1,3.631950140E0,3.858000278E0
5.789782344E1,5.550000072E-1,8.929500580E-1,3.046050072E0
5.790026690E1,4.849500358E-1,6.766050339E0,2.272950172E0
5.790271028E1,1.058400059E1,6.709050179E0,3.327000141E0
5.790515367E1,8.712000847E0,3.810000122E-1,-1.069605064E1
5.790759728E1,1.249500084E1,4.876950264E0,-2.263395119E1
5.791004068E1,9.780000687E0,2.923050165E0,-3.244095230E1
5.791248407E1,2.389500141E-1,3.402000189E0,-2.517900085E1
5.791492753E1,-7.780500650E-1,5.128050327E0,-7.501950264E0
5.791737091E1,1.065000057E0,8.718000412E0,1.390050054E0
5.791981430E1,2.992050171E0,1.274895096E1,3.742950201E0
5.792225767E1,2.869500220E-1,7.381050587E0,-1.183050036E0
5.792470128E1,1.125000000E0,1.203600025E1,3.928050280E0
5.792714467E1,2.674050093E0,1.387500095E1,4.714950085E0
5.792958805E1,1.090950012E0,9.460050583E0,-4.099500179E-1
5.793203144E1,2.656950235E0,1.314000034E1,2.584050179E0
5.793447490E1,4.078950405E0,1.354905033E1,-4.605000094E-2
5.793691829E1,2.305050135E0,1.380495071E1,-1.593000054E0
5.793936167E1,1.729950070E0,1.215105057E1,3.319050074E0
5.794180506E1,1.711050034E0,1.102095032E1,6.949500442E-1
5.794424867E1,1.885950089E0,8.827950478E0,-1.918050051E0
5.794669206E1,2.659050226E0,8.518950462E0,-1.387050033E0
5.794913544E1,3.769950151E0,1.120500088E1,4.665000439E0
5.795157883E1,1.852050066E0,8.011050224E0,-4.579500258E-1
5.795402229E1,1.675050020E0,9.177000046E0,2.683050156E0
5.795646569E1,2.791050196E0,1.337400055E1,6.873000145E0
5.795890930E1,1.510050058E0,7.852950573E0,1.770000100E0
5.796135269E1,2.317050219E0,9.310950279E0,4.216950417E0
5.796379607E1,5.496000290E0,9.594000816E0,8.227950096E0
5.796623953E1,1.182495022E1,5.164050102E0,-7.351050377E0
5.796868294E1,1.116105080E1,4.558950424E0,-1.387305069E1
5.797112632E1,8.986950874E0,9.036000252E0,-2.437005043E1
5.797356971E1,5.371950150E0,1.249950051E0,-2.984505081E1
5.797601332E1,8.266950607E0,5.275050163E0,-2.586405182E1
5.797845671E1,1.118505096E1,8.056950569E0,-1.777095032E1
5.798090017E1,8.118000031E0,6.244050503E0,-1.281000042E1
5.798334348E1,3.112050056E0,7.474950314E0,-8.467050552E0
5.798578694E1,4.645950317E0,1.082205009E1,1.059000015E0
5.798823033E1,4.552950382E0,1.106595039E1,7.834950447E0
5.799067394E1,2.185050011E0,8.863950729E0,1.891950130E0
5.799311710E1,3.160050154E0,7.381050587E0,6.679050446E0
5.799556071E1,3.226950169E0,7.456050396E0,3.148950100E0
5.799800410E1,2.449050188E0,9.606000900E0,-3.096000195E0
5.800044756E1,3.523950100E0,1.223700047E1,3.286050081E0
5.800289095E1,3.082950115E0,9.919050217E0,1.999950051E0
5.800533433E1,6.460500360E-1,7.876950264E0,-3.319050074E0
5.800777794E1,4.090500176E-1,9.144000053E0,-5.230050087E0
5.801022133E1,2.350050211E0,1.180605030E1,6.550500393E-1
5.801266472E1,1.941000104E0,9.072000504E0,-1.110000089E-1
5.801510810E1,-4.105950356E0,1.292400074E1,-1.900500059E-1
5.801755156E1,-3.529050112E0,9.946050644E0,6.880500317E-1
5.801999494E1,-3.634050131E0,1.081005096E1,-2.470500171E-1
5.802243833E1,-4.069950104E0,1.056795025E1,-6.112950325E0
5.802488171E1,-2.701050043E0,8.734050751E0,-4.107000351E0
5.802732532E1,-5.224050045E0,1.435800076E1,4.500000000E0
5.802976871E1,-3.555000067E0,8.935050011E0,4.399050236E0
5.803221210E1,3.220050097E0,6.076950073E0,1.109595013E1
5.803465556E1,5.025000095E0,6.193950176E0,8.545949936E0
5.803709894E1,5.061000347E0,6.835950375E0,5.280000210E0
5.803954233E1,4.852050304E0,8.275050163E0,1.286505032E1
5.804198594E1,3.448950052E0,6.253950119E0,8.644050598E0
5.804442933E1,3.406050205E0,9.438000679E0,-4.605000094E-2
5.804687271E1,4.234950066E0,1.507905102E1,6.075000286E0
5.804931617E1,3.109050035E0,1.023795033E1,4.085999966E0
5.805175956E1,1.311000109E0,8.926050186E0,7.549500465E-1
5.805420294E1,2.178000212E0,1.121505070E1,5.656050205E0
5.805664633E1,2.247000217E0,1.114500046E1,2.947950125E0
5.805908994E1,1.570050120E0,1.144905090E1,-3.645000219E0
5.806153333E1,1.345050097E0,1.351995087E1,-1.557000041E0
5.806397682E1,2.472705078E1,1.042695045E1,9.669000626E0
5.806642013E1,1.281795025E1,5.727000237E0,-3.120000076E1
5.806886358E1,1.282800102E1,4.165950298E0,-4.868805313E1
5.807130697E1,4.270950317E0,7.276050568E0,-4.746000290E1
5.807375059E1,4.780500233E-1,4.863000393E0,-2.297595024E1
5.807619376E1,3.627000093E0,5.454000473E0,-3.790950298E0
5.807863737E1,3.433050156E0,1.296705055E1,6.552000523E0
5.808108076E1,2.190000057E0,1.143000031E1,1.141050100E0
5.808352422E1,3.030000031E-1,4.213950157E0,-2.299500108E-1
5.808596761E1,8.299500346E-1,5.545050144E0,1.501950026E0
5.808841098E1,2.302050114E0,7.899000168E0,4.489500225E-1
5.809085436E1,1.831050038E0,9.429000854E0,4.770000279E-1
5.809329798E1,7.560000420E-1,8.029950142E0,5.923950195E0
5.809574136E1,2.050500065E-1,2.658000231E0,1.672050118E0
5.809818475E1,-1.687950134E0,5.056950092E0,7.740000486E-1
5.810062818E1,-1.402950048E0,6.490950108E0,1.798950076E0
5.810307156E1,3.220500052E-1,2.119050026E0,-1.084950089E0
5.810551495E1,1.845000029E0,3.603000164E0,3.940500319E-1
5.810795856E1,2.463000059E0,5.097000122E0,6.304950237E0
5.811040195E1,1.603050113E0,4.156050205E0,4.215000153E0
5.811284533E1,1.102950096E0,3.390000105E0,2.266050100E0
5.811528879E1,1.423950076E0,3.418950081E0,4.894950390E0
5.811773218E1,5.002950191E0,4.456050396E0,7.768050194E0
5.812017556E1,1.552905083E1,6.316050529E0,-5.299050331E0
5.812261895E1,1.601700020E1,5.530950069E0,-7.509000301E0
5.812506256E1,1.362705040E1,2.382000208E0,-2.085495186E1
5.812750594E1,6.993000507E0,3.508050203E0,-3.145695114E1
5.812994933E1,6.588000298E0,6.261000156E0,-2.692395210E1
5.813239271E1,3.913950205E0,5.740950108E0,-2.419695091E1
5.813483617E1,3.090000153E0,3.313950062E0,-1.822305107E1
5.813727954E1,5.044050217E0,5.430000305E0,-9.060000420E0
5.813972293E1,3.445050240E0,6.262950420E0,4.339050293E0
5.814216654E1,3.751050234E0,5.155050278E0,4.584000111E0
5.814460993E1,3.598050117E0,6.079050064E0,3.307050228E0
5.814705331E1,4.045950413E0,6.733050346E0,6.537000179E0
5.814949668E1,4.294950008E0,6.096000195E0,1.978950143E0
5.815194014E1,4.845000267E0,1.059195042E1,3.487050056E0
5.815438353E1,4.455000401E0,1.045305061E1,5.686950207E0
5.815682714E1,2.463000059E0,7.570950508E0,1.230000034E-1
5.815927053E1,2.947050095E0,1.094700050E1,3.276000261E0
5.816171391E1,4.194000244E0,1.116705036E1,2.533950090E0
5.816415729E1,1.237050056E0,8.052000046E0,-3.403050184E0
5.816660075E1,6.859500408E-1,9.976950645E0,-3.562950134E0
5.816904414E1,2.215950012E0,1.280895042E1,3.525000095E0
5.817148752E1,3.904050112E0,1.438695049E1,4.150500298E-1
5.817393090E1,2.856000185E0,1.266300106E1,1.629000068E0
5.817637452E1,4.084050179E0,1.484400082E1,-7.210500240E-1
5.817881790E1,4.093050003E0,1.516800117E1,-1.449000120E0
5.818126129E1,3.193050146E0,1.710000038E1,2.710500062E-1
5.818370475E1,6.258000374E0,2.043495178E1,2.947950125E0
5.818614814E1,3.969000101E0,1.347495079E1,-3.118050098E0
5.818859152E1,6.889500618E-1,9.795000076E0,-1.059000015E0
5.819103513E1,4.014000416E0,1.281405067E1,-1.699500084E-1
5.819347852E1,3.351000071E0,1.045095062E1,-1.373700047E1
5.819592191E1,2.377050161E0,5.907000065E0,-6.613050461E0
5.819836530E1,3.342000246E0,5.242950439E0,-7.735950470E0
5.820080876E1,8.749500513E-1,3.699000120E0,-8.122050285E0
5.820325214E1,1.678050041E0,3.709500134E-1,-7.540050507E0
5.820569553E1,1.459950089E0,2.550000191E0,-4.360050201E0
5.820813914E1,-1.684950113E0,1.645050049E0,-6.106050491E0
5.821058253E1,-1.004999995E0,1.204050064E0,-5.833050251E0
5.821302599E1,5.973000050E0,3.037950039E0,4.215000153E0
5.821546930E1,4.845000267E0,1.483500099E1,5.947950363E0
5.821791276E1,3.421050072E0,1.080300045E1,2.311050177E0
5.822035615E1,1.172400093E1,1.173900032E1,9.439500570E-1
5.822279953E1,9.595050812E0,1.014705086E1,9.949500561E-1
5.822524314E1,4.114950180E0,1.411395073E1,3.214050055E0
5.822768653E1,1.297395039E1,2.058105087E1,-4.711950302E0
5.823012991E1,9.804000854E0,1.627095032E1,-1.773000145E1
5.823257337E1,6.318000317E0,1.457895088E1,-1.266900063E1
5.823501676E1,7.243950367E0,1.973100090E1,-1.127805042E1
5.823746015E1,6.037950516E0,1.360200024E1,-8.509950638E0
5.823990353E1,5.539950371E0,1.318305016E1,-7.348950386E0
5.824234714E1,1.214505100E1,1.758405113E1,-2.373000145E0
5.824479054E1,5.049000263E0,1.052505016E1,-4.827000141E0
5.824723393E1,1.960050106E0,8.080950737E0,1.230000034E-1
5.824967739E1,6.703050137E0,1.190205097E1,-6.841050148E0
5.825212077E1,4.414050102E0,1.242105103E1,-9.034049988E0
5.825456416E1,-2.749500275E-1,1.932000041E0,-7.546950340E0
5.825700774E1,8.970000148E-1,1.510500014E-1,-8.236949921E0
5.825945113E1,4.474050045E0,5.932950497E0,3.460500240E-1
5.826189451E1,2.106000185E0,5.506950378E0,-7.789500356E-1
5.826433790E1,-2.370000184E-1,7.210500240E-1,-1.308000088E0
5.826678136E1,-1.282950044E0,2.421000004E0,8.343000412E0
5.826922474E1,-8.860500455E-1,1.695000008E-2,9.087000847E0
5.827166813E1,-1.771950126E0,-2.190000117E-1,5.879999995E-1
5.827411174E1,-8.260500431E-1,-2.650500238E-1,3.553950071E0
5.827655512E1,-8.110500574E-1,-1.210500076E-1,5.260950089E0
5.827899851E1,-1.471950054E0,-1.360500008E-1,-2.328000069E0
5.828144191E1,-2.509500086E-1,-1.620000005E-1,1.315050006E0
5.828388537E1,7.095000148E-2,-1.789500117E-1,1.545000076E0
5.828632875E1,2.670000196E-1,-1.000500023E-1,2.589000225E0
5.828877214E1,-4.500000179E-2,0.000000000E0,1.063950062E0
5.829121577E1,-1.150950074E0,5.491950035E0,-3.760050297E0
5.829365915E1,9.772950172E0,5.310300064E1,-7.693050385E0
5.829610254E1,1.466205025E1,4.753395081E1,1.373895073E1
5.829854592E1,8.350500464E-1,2.023050070E0,1.282995033E1
5.830098938E1,7.216050148E0,7.849500179E-1,-2.400000095E0
5.830343277E1,1.498500061E1,4.750050068E0,-2.714700127E1
5.830587638E1,7.728000164E0,3.694050074E0,-1.077495098E1
5.830831977E1,2.992050171E0,1.324005032E1,2.500500083E-1
5.831076315E1,1.022295094E1,1.294800091E1,-2.928000069E1
5.831320654E1,4.681950092E0,4.192049980E0,-2.448195076E1
5.831565000E1,1.893000126E0,2.317950010E0,-1.061205006E1
5.831809338E1,5.997000217E0,1.028295040E1,-3.100950241E0
5.832053677E1,5.899050236E0,1.473000050E1,1.612050056E0
5.832298015E1,2.242950201E0,8.690999985E0,6.400500536E-1
5.832542377E1,4.129500091E-1,4.374000072E0,8.560500145E-1
5.832786715E1,-3.201000214E0,7.366950512E0,4.890000343E0
5.833031061E1,-4.101000309E0,9.237000465E0,1.236000061E1
5.833275392E1,-2.085000038E0,2.545050144E0,3.766950130E0
5.833519738E1,-7.399500608E-1,1.803000093E0,1.995000124E0
5.833764077E1,-7.201950550E0,1.785900116E1,3.798000097E0
5.834008438E1,-3.001950026E0,1.215105057E1,-2.007000208E0
5.834252777E1,2.677950144E0,7.735950470E0,6.430500150E-1
5.834497115E1,2.266950130E0,1.042695045E1,2.905050039E0
5.834741461E1,1.812000036E0,1.062105083E1,4.975950241E0
5.834985800E1,8.610000610E-1,1.018305016E1,5.653950214E0
5.835230138E1,1.667100143E1,1.000605011E1,5.704050064E0
5.835474477E1,2.169600105E1,4.099050045E0,-2.410395050E1
5.835718838E1,1.805505180E1,-2.194950104E0,-2.479305077E1
5.835963177E1,1.561500072E1,2.646000147E0,-3.456000137E1
5.836207515E1,1.285905075E1,6.627000332E0,-2.226000023E1
5.836451854E1,3.162000179E0,7.518000126E0,-3.144000053E0
5.836696200E1,4.582050323E0,6.819000244E0,7.444950581E0
5.836940538E1,4.479000092E0,1.160295010E1,4.842000008E0
5.837184877E1,3.552000284E0,8.698050499E0,3.931950092E0
5.837429215E1,2.487000227E0,4.848000050E0,2.034000158E0
5.837673577E1,3.844050169E0,9.903000832E0,2.119950056E0
5.837917916E1,3.700950146E0,9.550950050E0,3.448950052E0
5.838162254E1,1.024049997E0,3.682050228E0,2.115000010E0
5.838406600E1,8.059500456E-1,4.213950157E0,-1.357950091E0
5.838650939E1,1.459950089E0,4.444050312E0,1.469999999E-1
5.838895276E1,4.300500154E-1,3.982050180E0,9.750000238E-1
5.839139637E1,2.508000135E0,9.814050674E0,6.252000332E0
5.839383976E1,4.057950020E0,1.039800072E1,4.118999958E0
5.839628314E1,1.033950090E0,6.651000500E0,-3.400050163E0
5.839872660E1,3.660000265E-1,1.469595051E1,-2.500050068E0
5.840116999E1,5.173050404E0,1.464105034E1,-9.369000435E0
5.840361337E1,1.990950108E0,9.714000702E0,-6.355050087E0
5.840605676E1,7.639050484E0,1.304400063E1,-5.308950424E0
5.840850037E1,6.895050526E0,2.085195160E1,-1.179705048E1
5.841094376E1,1.310595036E1,1.570395088E1,-1.244400024E1
5.841338724E1,1.381905079E1,1.660905075E1,-1.776600075E1
5.841583063E1,9.022950172E0,1.485600090E1,-1.167495060E1
5.841827401E1,3.741000175E0,1.909005165E1,-1.331805038E1
5.842071739E1,4.101000309E0,1.567800045E1,-7.123050213E0
5.842316101E1,6.599999964E-2,9.306000710E0,-3.691950083E0
5.842560439E1,-7.759500146E-1,2.473050117E0,-1.357950091E0
5.842804778E1,1.611000061E0,5.149500370E-1,3.000000119E-1
5.843049116E1,4.302000046E0,3.790050268E0,-3.112950087E0
5.843293462E1,1.669500023E-1,9.100500345E-1,-2.718000174E0
5.843537801E1,-3.610500097E-1,-1.090500057E-1,-1.570950031E0
5.843782138E1,-1.360500008E-1,-1.789500117E-1,-3.259500265E-1
5.844026476E1,-1.050000042E-1,-9.495000541E-2,2.639999986E-1
5.844270838E1,-4.039500058E-1,6.028950214E0,-1.212000012E0
5.844515176E1,-2.130000144E-1,1.996950150E0,5.160000324E-1
5.844759522E1,-1.905000024E-2,-1.999500096E-1,2.359500080E-1
5.845003862E1,-1.150500029E-1,-1.639500111E-1,4.905000329E-2
5.845248200E1,-9.105000645E-2,-1.279500127E-1,7.005000114E-2
5.845492538E1,-6.250500083E-1,8.657999992E0,-5.200500488E-1
5.845736900E1,-2.097000122E0,1.274895096E1,5.110500455E-1
5.845981239E1,-5.269950390E0,1.303005028E1,1.456950068E0
5.846225576E1,-5.013000011E0,1.635000038E1,1.284000039E0
5.846469914E1,-7.423950195E0,1.730294991E1,4.410000145E-1
5.846714260E1,-7.039050102E0,1.210500050E1,1.705950022E0
5.846958599E1,-2.739000082E0,3.808950186E0,4.270500243E-1
5.847202936E1,-3.880950212E0,5.832000256E0,4.270500243E-1
5.847447297E1,-7.024950504E0,1.104705048E1,1.734000087E0
5.847691636E1,-8.350500464E-1,1.207050085E0,3.460500240E-1
5.847935974E1,-1.519950032E0,6.622950077E0,3.985050201E0
5.848180313E1,2.467950106E0,2.243205070E1,1.696905136E1
5.848424658E1,1.855050087E0,8.731950760E0,2.319000006E0
5.848668996E1,-1.240500063E-1,-2.295000106E-2,2.500500083E-1
5.848913358E1,-1.150500029E-1,-2.580000162E-1,1.759500057E-1
5.849157673E1,-1.099050045E0,1.480050087E0,-2.242050171E0
5.849402034E1,-1.305000067E0,3.168000221E0,1.120950103E0
5.849646373E1,1.190100098E1,4.024950027E0,1.569105053E1
5.849890719E1,1.878195000E1,2.799000025E0,-1.081800079E1
5.850135058E1,3.246300125E1,-6.187950134E0,-2.603595161E1
5.850379396E1,4.456905365E1,-7.816050529E0,-5.481105423E1
5.850623758E1,2.871105194E1,-2.677950144E0,-4.306395340E1
5.850868096E1,1.444605064E1,-4.905000329E-2,-3.476805115E1
5.851112435E1,7.125000477E0,3.067050219E0,-2.209500122E1
5.851356773E1,4.090950012E0,2.059050083E0,-2.653050184E0
5.851601119E1,3.768000126E0,5.574000359E0,-6.268950462E0
5.851845458E1,2.527950048E0,8.566950798E0,-1.193100071E1
5.852089796E1,8.650050163E0,2.896095085E1,9.025050163E0
5.852334135E1,5.440950394E0,2.354100037E1,1.128300095E1
5.852578496E1,-3.180000186E-1,1.864950061E0,-2.950500250E-1
5.852822835E1,9.739500284E-1,7.009950161E0,-4.540050030E0
5.853067173E1,7.170000553E0,2.239605141E1,5.677950382E0
5.853311513E1,7.375950336E0,2.156805038E1,-2.293950081E0
5.853555859E1,3.748950243E0,8.550000191E0,-6.469500065E-1
5.853800198E1,2.479950190E0,1.009905052E1,-3.276000261E0
5.854044559E1,6.424950123E0,2.072505188E1,3.000000026E-3
5.854288898E1,5.355000019E0,1.446600056E1,7.050000429E-1
5.854533236E1,1.582050085E0,4.432050228E0,-2.364000082E0
5.854777574E1,2.194950104E0,6.922050476E0,-5.130000114E-1
5.855021921E1,4.963050365E0,1.263705063E1,3.087000132E0
5.855266259E1,3.198000193E0,7.815000534E0,1.126049995E0
5.855510598E1,9.160500169E-1,7.495950222E0,1.009050012E0
5.855754959E1,1.690050125E0,1.319205093E1,2.200950146E0
5.855999298E1,-2.146950006E0,1.866600037E1,4.095000267E0
5.856243644E1,-4.444050312E0,1.321395016E1,4.035000324E0
5.856487975E1,-1.004999995E0,2.344050169E0,4.009500146E-1
5.856732321E1,-2.800500095E-1,1.366950035E0,1.230000034E-1
5.856976659E1,-1.213950038E0,2.665050030E0,2.310000062E-1
5.857221020E1,-2.602050066E0,4.128000259E0,6.469500065E-1
5.857465359E1,-1.077000022E0,1.824000120E0,2.910000086E-1
5.857709697E1,-1.033950090E0,1.269000053E0,1.999500096E-1
5.857954036E1,-4.380000234E-1,3.490500152E-1,1.129500046E-1
5.858198382E1,-2.145000219E0,3.163050175E0,2.910000086E-1
5.858442720E1,-8.374950409E0,1.360695076E1,3.973050117E0
5.858687059E1,-4.804950237E0,9.735000610E0,1.383300018E1
5.858931397E1,-2.698050022E0,6.124050140E0,9.139950752E0
5.859175758E1,-5.691000462E0,1.035495090E1,2.863950253E0
5.859420097E1,-4.537050247E0,7.812000275E0,1.216950059E0
5.859664436E1,-3.013950109E0,5.056950092E0,7.669500113E-1
5.859908774E1,-2.713050127E0,2.524305153E1,2.271000147E0
5.860153120E1,8.407950401E0,3.939300156E1,1.270995045E1
5.860397457E1,1.990950108E0,7.030050278E0,8.599500656E-1
5.860641795E1,-4.279500246E-1,1.222950101E0,-1.393950105E0
5.860886157E1,3.708000183E0,2.502000093E0,4.736999989E0
5.861130495E1,3.285795212E1,1.255095100E1,6.000000052E-3
5.861374841E1,1.912500000E1,1.122000027E1,1.162995052E1
5.861619180E1,3.286950111E0,9.405000687E0,-3.400050163E0
5.861863518E1,2.088000107E1,1.308705044E1,-4.192950249E0
5.862107857E1,1.819799995E1,7.504050255E0,-2.173095131E1
5.862352218E1,1.278000116E0,7.197000504E0,-4.750950336E0
5.862596557E1,4.849950314E0,1.152105045E1,-1.894050121E0
5.862840898E1,-9.720000625E-1,1.679100037E1,-1.688700104E1
5.863085236E1,2.839500010E-1,3.388050079E0,-3.810000181E0
5.863329582E1,4.090950012E0,-1.528950095E0,-3.702000141E0
5.863573921E1,5.644950390E0,4.021950245E0,-2.488200188E1
5.863818259E1,7.630050182E0,7.534950256E0,-1.325295067E1
5.864062620E1,-5.070000291E-1,6.775950432E0,-1.221105099E1
5.864306959E1,-6.870000362E-1,1.354950070E0,-2.340000153E0
5.864551297E1,2.857950211E0,3.936000109E0,2.632050037E0
5.864795643E1,3.454050064E0,1.502400112E1,7.063950539E0
5.865039982E1,2.086950064E0,1.989900017E1,5.311050415E0
5.865284320E1,4.800000191E-1,6.927000523E0,2.866950035E0
5.865528682E1,-5.430000424E-1,2.433000088E0,5.899500251E-1
5.865773020E1,6.025950432E0,5.602950096E0,-4.650000334E-1
5.866017359E1,7.672950268E0,1.314000034E1,-1.524495029E1
5.866261697E1,-5.389500260E-1,6.603000164E0,-1.070505047E1
5.866506043E1,8.490000367E-1,5.023050308E0,-7.119000435E0
5.866750382E1,6.756000519E0,8.839950562E0,-1.305405045E1
5.866994720E1,1.222950101E0,6.238950253E0,-8.233950615E0
5.867239059E1,1.030950069E0,4.132050037E0,-3.160950184E0
5.867483420E1,6.921000481E0,6.883050442E0,-5.590950489E0
5.867727758E1,2.008050203E0,4.894050121E0,-4.369950294E0
5.867972097E1,2.259000063E0,3.787950277E0,5.130000114E-1
5.868216435E1,3.097050190E0,8.224050522E0,8.800500631E-1
5.868460781E1,3.118950129E0,5.986050129E0,-2.419500053E-1
5.868705120E1,9.979500771E-1,5.089950085E0,-2.878050089E0
5.868949481E1,5.833950043E0,1.078605080E1,5.152950287E0
5.869193797E1,2.580000162E0,8.442000389E0,-7.330500484E-1
5.869438158E1,-6.199500561E-1,3.388050079E0,-3.156000137E0
5.869682497E1,7.750500441E-1,5.313000202E0,8.320500255E-1
5.869926843E1,4.333050251E0,5.976000309E0,-3.385950089E0
5.870171182E1,4.089000225E0,8.344050407E0,-8.479050636E0
5.870415520E1,1.030395031E1,8.310000420E0,-7.972950459E0
5.870659882E1,5.473050117E0,6.553050518E0,-1.181895065E1
5.870904220E1,3.403950214E0,1.042200089E1,-6.811950207E0
5.871148559E1,8.572950363E0,9.565050125E0,-2.071950197E0
5.871392898E1,4.498050213E0,9.493050575E0,-1.036500072E1
5.871637244E1,5.889000416E0,1.362795067E1,-8.221950531E0
5.871881582E1,1.106595039E1,9.187050819E0,-8.122050285E0
5.872125944E1,2.013000011E0,8.871000290E0,-1.175400066E1
5.872370281E1,1.849950075E0,1.091295052E1,-6.754950523E0
5.872614619E1,7.321050167E0,8.737050056E0,-3.742950201E0
5.872858958E1,5.536950111E0,8.626950264E0,-6.120000362E0
5.873103304E1,3.018000126E0,1.009395027E1,-2.983950138E0
5.873347642E1,6.825000286E0,1.200195026E1,-1.894050121E0
5.873591981E1,3.367950201E0,1.242600060E1,-4.819950104E0
5.873836319E1,2.346000195E0,1.202595043E1,-1.180500090E-1
5.874080681E1,4.522050381E0,1.139895058E1,4.765950203E0
5.874325019E1,3.387000084E0,9.289950371E0,-9.649500251E-1
5.874569358E1,2.367000103E0,1.130595016E1,-3.642000198E0
5.874813696E1,4.396950245E0,1.481595039E1,5.023950100E0
5.875058042E1,2.251950026E0,6.928950310E0,-1.288950086E0
5.875302381E1,1.004999995E0,2.515950203E0,-3.745050192E0
5.875546719E1,2.149049997E0,6.721050262E0,-7.740000486E-1
5.875791080E1,3.928050280E0,7.741050243E0,1.800000072E-1
5.876035419E1,2.001000166E0,2.895000219E0,-1.155000091E0
5.876279765E1,6.379500031E-1,3.627000093E0,-2.323050022E0
5.876524096E1,2.494050026E0,8.185950279E0,8.959500194E-1
5.876768442E1,2.218950033E0,6.333000183E0,-1.654950023E0
5.877012781E1,1.038000107E0,5.586000443E0,1.903950095E0
5.877257144E1,2.266950130E0,7.192050457E0,4.564050198E0
5.877501482E1,1.347000122E0,5.820000172E0,1.050000072E0
5.877745821E1,1.357050061E0,1.124595070E1,3.906000137E0
5.877990159E1,1.546050072E0,1.018995094E1,5.673000336E0
5.878234505E1,5.049000263E0,4.768950462E0,3.846000195E0
5.878478844E1,7.879050255E0,4.980000019E0,3.436950207E0
5.878723183E1,8.290950775E0,1.114305019E1,-1.506000042E0
5.878967521E1,7.333050251E0,1.080495071E1,-7.540050507E0
5.879211882E1,1.489905071E1,8.976000786E0,-2.255505180E1
5.879456221E1,1.250505066E1,5.682000160E0,-3.090105057E1
5.879700567E1,4.663050175E0,1.045095062E1,-2.861205101E1
5.879944906E1,3.636000156E0,1.185900021E1,-1.846005058E1
5.880189244E1,2.026950121E0,7.269000530E0,-7.012950420E0
5.880433583E1,2.461050034E0,9.493050575E0,1.066050053E0
5.880677944E1,8.287950516E0,2.155605125E1,4.126049995E0
5.880922260E1,4.801950455E0,1.365705109E1,8.370000124E-1
5.881166621E1,9.760500193E-1,7.003050327E0,-1.995000124E0
5.881410960E1,3.457050085E0,1.282800102E1,4.045050144E0
5.881655306E1,5.674050331E0,1.531395054E1,4.461000443E0
5.881899644E1,2.506050110E0,9.373950005E0,-3.790500164E-1
5.882143981E1,1.848000050E0,9.883950233E0,1.108950019E0
5.882388342E1,4.702050209E0,1.630695152E1,3.907950163E0
5.882632681E1,3.418050051E0,1.267005062E1,7.459500432E-1
5.882877019E1,1.318050027E0,1.143495083E1,-1.653000116E0
5.883121358E1,1.828050137E0,1.387995052E1,-1.624050021E0
5.883365704E1,2.343000174E0,1.041300011E1,-3.610950232E0
5.883610042E1,3.445050240E0,1.347300053E1,1.606950045E0
5.883854381E1,3.789000273E0,1.362300110E1,3.934950113E0
5.884098742E1,1.455000043E0,7.180050373E0,-2.509950161E0
5.884343081E1,8.970000148E-1,6.019050121E0,2.592000008E0
5.884587419E1,1.825950146E0,1.067400074E1,3.798000097E0
5.884831765E1,2.154000044E0,7.635000229E0,-2.230500132E-1
5.885076104E1,1.429500133E-1,1.195050001E0,1.090050101E0
5.885320442E1,4.849500358E-1,4.753050327E0,3.343050241E0
5.885564782E1,1.431000113E0,1.040505028E1,2.173050165E0
5.885809144E1,-1.990500093E-1,5.242950439E0,-3.385950089E0
5.886053482E1,6.360000372E-1,4.494000435E0,2.175000191E0
5.886297821E1,8.259000778E0,6.250950336E0,-1.387050033E0
5.886542167E1,3.840000153E0,6.898050308E0,-8.008950233E0
5.886786507E1,5.652000427E0,8.059050560E0,-9.420000076E0
5.887030846E1,2.479500175E-1,9.466950417E0,-1.332705021E1
5.887275207E1,6.529500484E-1,8.101950645E0,-4.096950054E0
5.887519546E1,3.054000139E0,1.040805054E1,-2.902050257E0
5.887763884E1,2.379000187E0,1.126305008E1,-6.364050388E0
5.888008232E1,3.397050142E0,9.156000137E0,-2.644050121E0
5.888252570E1,4.684950352E0,1.155495071E1,1.251000047E0
5.888496909E1,3.330000162E0,1.434405041E1,-2.389950037E0
5.888741247E1,5.137050152E0,1.116195011E1,-3.051000118E0
5.888985609E1,7.122000217E0,9.771000862E0,-2.349000216E0
5.889229947E1,5.985000134E0,1.195905018E1,-4.902000427E0
5.889474285E1,3.028050184E0,1.059000015E1,-5.761050224E0
5.889718624E1,6.624000549E0,1.162905025E1,-3.123000145E0
5.889962970E1,7.467000484E0,1.189200020E1,-9.022050858E0
5.890207308E1,3.375000238E0,8.314949989E0,-9.429000854E0
5.890451647E1,4.498050213E0,6.024000168E0,-7.887000561E0
5.890695985E1,7.987050533E0,9.562950134E0,-1.083495045E1
5.890940346E1,2.197050095E0,7.165950298E0,-1.710300064E1
5.891184685E1,2.770500183E-1,4.276050091E0,-1.005195045E1
5.891429024E1,2.947050095E0,6.643950462E0,-9.900000691E-2
5.891673363E1,1.315950036E0,6.192000389E0,3.481950283E0
5.891917708E1,-4.549500346E-1,2.743950129E0,4.675050259E0
5.892162070E1,-1.099500060E-1,2.533050060E0,6.396000385E0
5.892406409E1,7.249500155E-1,2.856000185E0,6.705000401E0
5.892650747E1,3.148050070E0,2.515950203E0,3.066000223E0
5.892895086E1,1.097700024E1,6.769500375E-1,-2.577000141E0
5.893139432E1,1.274895096E1,-1.915050149E0,-1.061400032E1
5.893383770E1,1.076205063E1,-2.671050072E0,-1.673700142E1
5.893628109E1,4.752000332E0,2.989950180E0,-1.496205044E1
5.893872447E1,2.700000048E0,6.265950203E0,-1.209600067E1
5.894116808E1,5.089499950E-1,2.160000086E0,-1.384050012E0
5.894361147E1,1.996050119E0,9.133950233E0,-2.569500208E-1
5.894605493E1,4.936050415E0,1.810800171E1,4.159950256E0
5.894849824E1,2.310000181E0,6.067050457E0,3.379050255E0
5.895094170E1,1.909500062E-1,2.629050016E0,-1.083000064E0
5.895338509E1,5.310000181E-1,1.224405098E1,-2.469000101E0
5.895582870E1,1.972050071E0,1.058505058E1,1.849050045E0
5.895827186E1,4.920000136E-1,5.836950302E0,-3.036000252E0
5.896071547E1,1.468950033E0,1.126005077E1,6.670500040E-1
5.896315886E1,1.717950106E0,1.221105099E1,3.456000090E0
5.896560233E1,-7.969500422E-1,5.677050114E0,-2.110500038E-1
5.896804572E1,-4.305000305E0,1.231395054E1,4.603050232E0
5.897048910E1,-2.538000107E0,1.128405094E1,4.312950134E0
5.897293248E1,2.070000172E0,5.758050442E0,3.583050251E0
5.897537610E1,3.780000210E0,4.810050011E0,6.595050335E0
5.897781948E1,5.439000130E0,9.318000793E0,8.089050293E0
5.898026286E1,4.879050255E0,7.858050346E0,3.219000101E0
5.898270632E1,3.532950163E0,5.406000137E0,3.765000105E0
5.898514971E1,3.267000198E0,6.553050518E0,5.620050430E0
5.898759310E1,2.953950167E0,9.682050705E0,5.290050030E0
5.899003648E1,1.447950125E0,8.703000069E0,9.130500555E-1
5.899248009E1,8.416950226E0,9.970050812E0,4.693950176E0
5.899492348E1,1.883700180E1,6.727950096E0,-2.057700157E1
5.899736694E1,1.313700104E1,3.832950115E0,-4.135500336E1
5.899981033E1,1.031595039E1,6.864000320E0,-4.438305283E1
5.900225371E1,6.586050510E0,4.565999985E0,-3.964995193E1
5.900469710E1,2.041949987E0,6.745050430E0,-2.290905190E1
5.900714071E1,3.049950123E0,4.486950397E0,-3.178050041E0
5.900958410E1,4.069050312E0,1.772700119E1,1.370295048E1
5.901202748E1,4.603050232E0,1.908705139E1,8.284950256E0
5.901447086E1,1.540950060E0,8.710050583E0,-1.590000093E-1
5.901691432E1,3.105000257E0,1.165500069E1,3.085050106E0
5.901935771E1,6.210000515E0,1.402995110E1,5.982000351E0
5.902180109E1,3.967050076E0,1.162695026E1,-1.711950064E0
5.902424470E1,3.861000299E0,1.312305069E1,2.236950159E0
5.902668809E1,4.435950279E0,1.197405052E1,5.011950016E0
5.902913155E1,4.267950058E0,1.003005028E1,-6.850500107E-1
5.903157486E1,2.233050108E0,1.036005020E1,-2.218050003E0
5.903401832E1,3.172050238E0,1.363305092E1,2.395050049E0
5.903646172E1,4.527000427E0,1.445205116E1,-3.190050125E0
5.903890534E1,2.956050158E0,1.138695049E1,-7.879500389E-1
5.904134873E1,-6.610500216E-1,1.763895035E1,4.402050018E0
5.904379211E1,-4.980000019E0,1.867995071E1,4.002000332E0
5.904623550E1,-5.100000381E0,1.378605080E1,-6.136950493E0
5.904867894E1,-4.996950150E0,1.169805050E1,3.754950285E0
5.905112233E1,-5.755950451E0,1.067100048E1,7.141050339E0
5.905356571E1,-4.384050369E0,1.001505089E1,5.398050308E0
5.905600910E1,-1.795950055E0,6.687000275E0,5.046000004E0
5.905845271E1,2.359950066E0,3.457050085E0,9.858000755E0
5.906089608E1,3.931050301E0,5.491950035E0,5.994000435E0
5.906333946E1,3.496950150E0,8.719950676E0,5.934000492E0
5.906578292E1,4.351950169E0,9.244050026E0,9.160950661E0
5.906822631E1,5.074950218E0,7.417050362E0,9.777000427E0
5.907066969E1,3.571050167E0,6.760950089E0,4.404000282E0
5.907311329E1,1.998000145E0,1.198095036E1,5.314050198E0
5.907555668E1,1.575000048E0,5.694000244E0,4.630950451E0
5.907800006E1,8.350500464E-1,2.595000029E0,3.433950186E0
5.908044352E1,-2.574000120E0,1.069800091E1,2.532000065E0
5.908288691E1,-4.480500221E-1,1.214100075E1,2.218050003E0
5.908533029E1,1.483950019E0,1.191405010E1,4.950000286E0
5.908777368E1,1.066950083E0,6.025950432E0,3.112950087E0
5.909021729E1,8.869500160E-1,6.180000305E0,3.810000181E0
5.909266068E1,3.343950272E0,1.096800041E1,1.447050095E0
5.909510406E1,6.787050247E0,1.000995064E1,-1.612050056E0
5.909754744E1,3.223604965E1,4.008000374E0,-7.140000463E-1
5.909999090E1,1.585695076E1,5.638050079E0,-5.585895157E1
5.910243429E1,1.363005066E1,4.474950314E0,-5.374305344E1
5.910487767E1,2.323950052E0,7.276050568E0,-3.702300262E1
5.910732129E1,5.164050102E0,8.731950760E0,-1.352295017E1
5.910976467E1,4.453050137E0,1.138200092E1,2.509950161E0
5.911220805E1,4.411950111E0,1.160505009E1,1.350000054E-1
5.911465144E1,1.408950090E0,8.320050240E0,1.380000114E0
5.911709490E1,1.855050087E0,7.072950363E0,1.263000011E0
5.911953828E1,1.939050078E0,7.534950256E0,-3.211050034E0
5.912198168E1,1.716000080E0,9.675000191E0,-2.260500044E-1
5.912442530E1,2.154000044E0,1.271805096E1,2.331000090E0
5.912686868E1,-1.330950022E0,1.321395016E1,4.330049992E0
5.912931207E1,-2.800950050E0,7.149000168E0,1.095495033E1
5.913175547E1,-2.917950153E0,5.140050411E0,1.569000125E0
5.913419893E1,-2.049000025E0,4.780950069E0,4.870500267E-1
5.913664232E1,-3.210000098E-1,7.800000310E-1,2.620500028E-1
5.913908593E1,-1.270500124E-1,-1.309500039E-1,1.590000093E-1
5.914152932E1,-1.319999993E-1,-1.399500072E-1,2.479500175E-1
5.914397270E1,-1.870500147E-1,-8.100000024E-2,3.070500195E-1
5.914641609E1,-4.549500346E-1,6.370500326E-1,-5.029500127E-1
5.914885955E1,-7.420500517E-1,2.655000210E0,-3.534000158E0
5.915130293E1,-3.780000210E-1,3.322950125E0,8.962950706E0
5.915374632E1,-3.277950048E0,1.404495049E1,5.436000347E0
5.915618992E1,-1.819500029E-1,8.907000542E0,1.437000036E0
5.915863330E1,3.679500222E-1,6.073950291E0,3.616050243E0
5.916107669E1,-1.594050050E0,1.046100044E1,6.280500293E-1
5.916352007E1,-4.090500176E-1,7.819950581E0,1.200000048E0
5.916596353E1,2.829000235E0,1.490205097E1,2.910000086E0
5.916840692E1,2.908050060E0,1.469400024E1,4.557000160E0
5.917085031E1,2.302050114E0,8.338950157E0,4.272000313E0
5.917329369E1,5.286000252E0,1.028100014E1,4.818000317E0
5.917573731E1,1.168995094E1,1.086300087E1,5.650950432E0
5.917818071E1,2.445900154E1,4.069950104E0,-1.415595055E1
5.918062409E1,2.152395058E1,1.810050130E0,-3.132495117E1
5.918306748E1,1.559595108E1,4.957950115E0,-4.464000320E1
5.918551094E1,5.475000381E0,4.420050144E0,-3.142995071E1
5.918795432E1,5.046000004E0,6.454950333E0,-8.506950378E0
5.919039794E1,4.666050434E0,1.074300098E1,4.621950150E0
5.919284132E1,4.062000275E0,1.146900082E1,2.982000113E0
5.919528471E1,1.326000094E0,6.838050365E0,9.559500217E-1
5.919772817E1,1.261050105E0,9.093000412E0,2.826000214E0
5.920017155E1,2.733000040E0,1.111200047E1,3.906000137E0
5.920261494E1,1.171950102E0,6.843000412E0,1.564050078E0
5.920505832E1,3.420000076E-1,6.831000328E0,3.109050035E0
5.920750194E1,1.579050064E0,9.814050674E0,2.920050144E0
5.920994532E1,1.362000108E0,8.554950714E0,1.572000027E0
5.921238878E1,1.843050122E0,8.317950249E0,4.687050343E0
5.921483209E1,1.528950095E0,8.599950790E0,4.399050236E0
5.921727555E1,2.140050173E0,1.087200069E1,4.179000378E0
5.921971894E1,4.408950329E0,1.012305069E1,3.619050264E0
5.922216253E1,1.379295063E1,9.769050598E0,-6.051000118E0
5.922460569E1,1.058895016E1,6.546000481E0,-2.344305038E1
5.922704930E1,5.113050461E0,7.123050213E0,-2.049300003E1
5.922949269E1,7.840050220E0,9.661050797E0,-1.396905041E1
5.923193615E1,4.146000385E0,9.192000389E0,-9.901050568E0
5.923437955E1,1.632000089E0,8.385000229E0,-2.854050159E0
5.923682293E1,3.234000206E0,1.082895088E1,2.515050173E0
5.923926632E1,5.298000336E0,1.558200073E1,1.276950002E0
5.924170993E1,3.888000250E0,1.156905079E1,1.469999999E-1
5.924415332E1,1.740000129E0,8.464050293E0,2.185050011E0
5.924659671E1,2.037000179E0,1.148805046E1,2.023950100E0
5.924904017E1,3.366000175E0,1.252005100E1,2.965050220E0
5.925148355E1,1.546050072E0,5.538000107E0,1.495050073E0
5.925392694E1,3.472950220E0,2.180999994E0,-8.719500303E-1
5.925637032E1,2.959050179E0,6.891000271E0,-3.835950136E0
5.925881396E1,6.900000572E-2,5.962050438E0,-3.127050161E0
5.926125735E1,8.539500237E-1,3.490500152E-1,-3.361950159E0
5.926370074E1,4.969950199E0,2.607000113E0,-1.228800011E1
5.926614419E1,2.785950184E0,4.501049995E0,-1.211595058E1
5.926858758E1,-4.600500166E-1,1.810050130E0,-6.103950500E0
5.927103097E1,2.860050201E0,5.455950260E0,5.443050385E0
5.927347458E1,3.163950205E0,1.170300102E1,6.352950096E0
5.927591797E1,1.693950057E0,7.314000130E0,-1.461000085E0
5.927836135E1,1.752000093E0,8.904000282E0,3.832050085E0
5.928080474E1,4.642050266E0,1.208100033E1,3.679050207E0
5.928324820E1,4.263000011E0,1.025895023E1,-4.080000401E0
5.928569159E1,4.543950081E0,8.896950722E0,-4.183050156E0
5.928813498E1,5.455950260E0,1.289295101E1,-6.264000416E0
5.929057859E1,4.261050224E0,1.618995094E1,-7.999950409E0
5.929302198E1,4.939050198E0,1.300305080E1,-1.189950109E0
5.929546538E1,5.094000340E0,1.264200020E1,1.114050031E0
5.929790876E1,4.357050419E0,1.546500111E1,-5.755950451E0
5.930035222E1,8.248050690E0,1.475100040E1,-7.744050503E0
5.930279561E1,4.198950291E0,1.101405048E1,-9.561000824E0
5.930523900E1,3.729000092E0,1.216995049E1,-1.542000055E0
5.930768261E1,2.887050152E0,1.241205025E1,-1.183050036E0
5.931012600E1,1.921950102E0,8.634000778E0,-3.091950178E0
5.931256938E1,2.422049999E0,8.638050079E0,3.979500234E-1
5.931501284E1,3.234000206E0,1.184205055E1,-2.710500062E-1
5.931745622E1,2.944050074E0,7.525050163E0,-1.645050049E0
5.931989959E1,7.150500417E-1,2.883000135E0,-1.878000140E0
5.932234298E1,1.591050029E0,1.077705097E1,4.249500334E-1
5.932478659E1,3.478050232E0,1.307295036E1,2.665950060E0
5.932722998E1,4.695000127E-2,9.274950027E0,-1.308000088E0
5.932967336E1,-5.028000355E0,1.290300083E1,2.448000193E0
5.933211675E1,-8.550000191E-1,1.027050018E0,1.926000118E0
5.933456021E1,-3.132000208E0,5.181000233E0,1.822950125E0
5.933700360E1,-5.233950138E0,1.199295044E1,1.603050113E0
5.933944721E1,-1.329000115E0,4.531949997E0,3.288000107E0
5.934189037E1,-2.700000107E-1,8.191050529E0,3.348000050E0
5.934433396E1,6.600000262E-1,8.092950821E0,1.852050066E0
5.934677735E1,1.314000010E0,6.346950531E0,2.472000122E0
5.934922081E1,1.390050054E0,8.373000145E0,4.777950287E0
5.935166420E1,4.620000362E0,1.009905052E1,4.576050282E0
5.935410758E1,5.920050144E0,9.970050812E0,3.784050226E0
5.935655097E1,5.724000454E0,9.583950043E0,6.121050358E0
5.935899458E1,6.876000404E0,7.777050495E0,5.685000420E0
5.936143797E1,1.718505096E1,4.741050243E0,-5.931000233E0
5.936388135E1,1.570995045E1,3.783000231E0,-2.091000175E1
5.936632474E1,1.084095097E1,7.537050247E0,-3.389400101E1
5.936876820E1,6.070500016E-1,3.069000244E0,-3.157605171E1
5.937121158E1,1.405050039E0,4.528050423E0,-1.613595009E1
5.937365520E1,3.223950148E0,5.124000072E0,-8.242050171E0
5.937609858E1,1.675050020E0,4.510950089E0,3.283050060E0
5.937854197E1,2.992050171E0,1.339395046E1,7.047000408E0
5.938098543E1,2.716950178E0,9.874050140E0,4.560000420E0
5.938342881E1,2.128050089E0,8.008950233E0,4.420950413E0
5.938587220E1,2.959050179E0,8.230950356E0,3.973050117E0
5.938831558E1,2.755050182E0,1.075500011E1,-3.049500287E-1
5.939075920E1,3.880050182E0,1.266600037E1,3.220950127E0
5.939320260E1,2.335950136E0,1.066395092E1,-1.666950107E0
5.939564598E1,7.819500566E-1,9.342000008E0,-2.608050108E0
5.939808937E1,1.740000099E-1,1.181295013E1,1.075950027E0
5.940053282E1,3.339000225E0,1.748100090E1,4.110000134E0
5.940297621E1,2.458050013E0,1.109295082E1,-1.035000086E0
5.940541961E1,0.000000000E0,8.131050110E0,-8.599500656E-1
5.940786300E1,1.848000050E0,1.520805073E1,3.067950249E0
5.941030661E1,3.388950109E0,1.577595043E1,2.584050179E0
5.941275000E1,6.409500241E-1,9.177000046E0,5.059500337E-1
5.941519338E1,2.839500010E-1,9.369000435E0,2.224950075E0
5.941763684E1,4.351950169E0,1.281900024E1,6.360000134E0
5.942008023E1,8.121000290E0,5.832000256E0,6.133050442E0
5.942252384E1,2.067405128E1,-3.919500113E-1,-2.068005180E1
5.942496700E1,1.445100021E1,3.754050255E0,-3.682905197E1
5.942741061E1,1.612950087E0,3.259050131E0,-2.839200211E1
5.942985400E1,-3.949500322E-1,2.854050159E0,-1.585800076E1
5.943229746E1,2.311950207E0,3.417000055E0,-6.553950310E0
5.943474085E1,3.445050240E0,6.438000202E0,5.779500008E-1
5.943718423E1,3.310050249E0,8.374950409E0,3.757950068E0
5.943962762E1,5.980500579E-1,4.003050327E0,3.244950056E0
5.944207124E1,1.042950034E0,4.834050179E0,4.087950230E0
5.944451463E1,1.620000124E0,7.056000233E0,2.769000053E0
5.944695801E1,1.141050100E0,8.061000824E0,2.457000017E0
5.944940147E1,1.599000096E0,9.532050133E0,5.017050266E0
5.945184483E1,1.761000037E0,7.627950191E0,8.580000401E-1
5.945428822E1,7.750500441E-1,5.971050262E0,-2.395050049E0
5.945673183E1,1.110000014E0,8.563950539E0,1.785000086E0
5.945917522E1,2.455950022E0,9.805050850E0,1.801050067E0
5.946161860E1,7.870500088E-1,6.574950218E0,4.890000224E-1
5.946406199E1,-4.380000234E-1,4.627950191E0,-2.419500053E-1
5.946650545E1,2.041949987E0,9.001950264E0,1.780050039E0
5.946894884E1,4.060050011E0,1.060395050E1,3.232950211E0
5.947139222E1,2.206950188E0,4.498950005E0,7.380000353E-1
5.947383561E1,3.475950241E0,8.077950478E0,1.854000092E0
5.947627921E1,4.426050186E0,1.331505108E1,4.497000217E0
5.947872260E1,2.317050219E0,9.201000214E0,2.551050186E0
5.948116598E1,3.220500052E-1,7.939050198E0,2.965050220E0
5.948360944E1,3.769500256E-1,9.357000351E0,4.888050079E0
5.948605283E1,6.181050301E0,1.179405022E1,5.344950199E0
5.948849619E1,1.228695011E1,6.352050304E0,-1.648800087E1
5.949093958E1,8.772000313E0,3.634050131E0,-2.906505203E1
5.949338319E1,6.163950443E0,7.365000248E0,-3.387495041E1
5.949582658E1,-3.490500152E-1,7.615950584E0,-1.855095100E1
5.949826997E1,2.596950054E0,7.027050495E0,-5.977050304E0
5.950071343E1,3.307950258E0,7.537050247E0,-1.425000072E0
5.950315681E1,2.134950161E0,1.165800095E1,4.507050037E0
5.950560020E1,2.350050211E0,1.281195068E1,3.463050127E0
5.950804381E1,1.519950032E0,9.268050194E0,5.110500455E-1
5.951048720E1,2.346000195E0,9.891000748E0,3.147000074E0
5.951293058E1,2.422049999E0,1.092300034E1,6.810000539E-1
5.951537397E1,2.282999992E0,1.025700092E1,2.740500271E-1
5.951781743E1,2.923050165E0,1.240200043E1,9.540000558E-1
5.952026081E1,5.590050220E0,1.272600079E1,1.705950022E0
5.952270442E1,4.836000443E0,9.390000343E0,-3.405000269E-2
5.952514758E1,4.584000111E0,1.242600060E1,1.018050075E0
5.952759119E1,4.539000034E0,1.529700089E1,2.674950123E0
5.953003458E1,3.342000246E0,1.285695076E1,1.405950069E0
5.953247804E1,2.190000057E0,1.195500088E1,7.000500560E-1
5.953492142E1,2.082000017E0,1.477995110E1,1.597950101E0
5.953736481E1,3.849000216E0,1.588800049E1,1.867950082E0
5.953980842E1,1.776000142E0,1.082895088E1,-9.940500259E-1
5.954225181E1,2.770500183E-1,7.717050552E0,-1.497000098E0
5.954469519E1,2.130000114E0,1.326705074E1,2.452950001E0
5.954713857E1,2.745000124E0,1.192095089E1,1.765950084E0
5.954958203E1,3.340500295E-1,3.145950079E0,-5.100000277E-2
5.955202542E1,-7.905000448E-2,3.678000212E0,5.590500236E-1
5.955446880E1,1.479000092E0,9.912000656E0,5.841000080E0
5.955691217E1,3.531000137E0,4.482000351E0,1.444950104E0
5.955935579E1,9.457050323E0,4.429500103E-1,-6.276000500E0
5.956179917E1,1.001205063E1,3.076950073E0,-1.517295074E1
5.956424256E1,1.948050141E0,3.117000103E0,-1.695900154E1
5.956668594E1,-4.399500191E-1,1.939050078E0,-1.148595047E1
5.956912942E1,3.946950197E0,5.233950138E0,-7.879950523E0
5.957157281E1,5.962950230E0,4.240050316E0,-6.208950520E0
5.957401642E1,9.709500670E-1,1.774050117E0,-3.997050285E0
5.957645981E1,1.849950075E0,4.639950275E0,-4.800000042E-2
5.957890319E1,5.104050159E0,5.899050236E0,5.100000277E-2
5.958134656E1,5.062950134E0,3.271050215E0,-2.236950159E0
5.958379002E1,3.351000071E0,5.203050137E0,-4.056000233E0
5.958623341E1,9.664950371E0,7.402950287E0,-7.216950417E0
5.958867679E1,1.189905071E1,6.847950459E0,-8.332950592E0
5.959112018E1,2.251950026E0,6.642000198E0,-8.649000168E0
5.959356379E1,3.540000021E-1,1.164600086E1,3.280950069E0
5.959600718E1,2.785950184E0,1.695600128E1,7.761000156E0
5.959845056E1,4.267950058E0,1.407405090E1,9.040500522E-1
5.960089402E1,1.222950101E0,1.295805073E1,-3.060000181E0
5.960333741E1,1.519950032E0,1.732695007E1,3.034050226E0
5.960578103E1,5.116050243E0,2.044005013E1,3.778950214E0
5.960822441E1,7.623000145E0,1.520100117E1,-8.218050003E0
5.961066780E1,5.242950439E0,1.312305069E1,-8.596050262E0
5.961311118E1,3.709950209E0,1.802205086E1,-1.079595089E1
5.961555463E1,3.471000195E0,1.595505047E1,-9.682950020E0
5.961799802E1,4.759500325E-1,1.016400051E1,-5.020950317E0
5.962044140E1,2.440950155E0,9.544050217E0,-4.396049976E0
5.962288479E1,3.744000196E0,1.049895096E1,-5.992950439E0
5.962532840E1,2.446050167E0,4.389000416E0,-1.339050055E0
5.962777177E1,1.108050108E0,1.767000079E0,-3.151050091E0
5.963021515E1,5.443950176E0,7.800000191E0,2.344950199E0
5.963265854E1,4.057950020E0,7.051050186E0,-1.863000035E0
5.963510200E1,5.590500236E-1,1.306950092E0,-2.479050159E0
5.963754538E1,-1.786050081E0,5.500050068E0,5.272950172E0
5.963998878E1,-3.091050148E0,6.225000381E0,6.528000355E0
5.964243216E1,-1.336050034E0,3.943050146E0,-4.083000183E0
5.964487578E1,-1.491000056E0,5.155050278E0,4.720050335E0
5.964731916E1,-1.543950081E0,8.590950012E0,6.019950390E0
5.964976262E1,-3.160500228E-1,9.900000572E0,1.999950051E0
5.965220593E1,8.280000687E-1,9.606000900E0,-7.690500617E-1
5.965464939E1,4.830000103E-1,1.177005100E1,3.820050240E0
5.965709278E1,1.563000083E0,1.657305145E1,5.589000225E0
5.965953639E1,1.632000089E0,1.427205086E1,7.890000343E-1
5.966197978E1,2.302050114E0,1.219905090E1,4.873050213E0
5.966442316E1,7.045950413E0,1.552395058E1,4.648050308E0
5.966686662E1,9.555000305E0,1.557195091E1,4.713000298E0
5.966931001E1,6.387000084E0,1.087500095E1,-7.926000595E0
5.967175339E1,1.769295120E1,9.357000351E0,1.497000098E0
5.967419678E1,1.702500153E1,1.040805054E1,-3.167895126E1
5.967664039E1,3.576000214E0,1.277805042E1,-2.766600037E1
5.967908378E1,1.333050013E0,1.181295013E1,-1.328595066E1
5.968152723E1,6.049950123E0,1.693200111E1,2.884050131E0
5.968397062E1,5.623050213E0,1.683405113E1,3.705000162E0
5.968641401E1,2.662050009E0,8.275050163E0,3.769500256E-1
5.968885739E1,2.839500010E-1,6.157950401E0,1.480950117E0
5.969130078E1,1.033950090E0,9.771000862E0,2.890950203E0
5.969374439E1,1.309050083E0,8.787000656E0,2.737950087E0
5.969618778E1,-4.879500270E-1,3.661050081E0,2.078999996E0
5.969863116E1,-4.731000423E0,1.149705029E1,9.705000371E-2
5.970107463E1,-1.693050027E0,3.747000217E0,5.320500135E-1
5.970351802E1,-3.600000218E-2,-3.705000132E-2,1.402050018E0
5.970596140E1,2.269050121E0,1.771950126E0,5.046000004E0
5.970840479E1,3.588000059E0,1.065705013E1,-2.857050180E0
5.971084840E1,1.386495113E1,5.593050480E0,-1.566600037E1
5.971329179E1,8.257050514E0,4.795950413E0,-1.884405136E1
5.971573517E1,5.110950470E0,9.109950066E0,-1.481400108E1
5.971817863E1,4.504950047E0,9.654000282E0,-1.133700085E1
5.972062202E1,6.979500055E-1,1.046100044E1,-3.622950077E0
5.972306563E1,4.759500325E-1,9.651000023E0,1.215000033E0
5.972550879E1,3.828000069E0,1.087200069E1,1.062000036E0
5.972795240E1,5.334000111E0,1.273500061E1,-3.964950085E0
5.973039579E1,5.575050354E0,7.309950352E0,-1.966050148E0
5.973283925E1,7.507950306E0,6.192000389E0,-4.104000092E0
5.973528264E1,9.318000793E0,7.129950523E0,-6.381000519E0
5.973772603E1,2.745000124E0,7.414950371E0,-5.148000240E0
5.974016942E1,1.764000058E0,7.195050240E0,-1.549950123E0
5.974261303E1,6.337050438E0,8.776950836E0,-1.090050101E0
5.974505642E1,6.073050499E0,9.013950348E0,-4.726950169E0
5.974749980E1,2.218950033E0,5.794050217E0,-1.717050076E0
5.974994319E1,1.165050030E0,5.650050163E0,2.589000225E0
5.975238665E1,4.369500279E-1,1.287195015E1,2.608050108E0
5.975483003E1,-4.639500082E-1,6.466950417E0,2.551050186E0
5.975727342E1,-1.932000041E0,5.860950470E0,-1.356000066E0
5.975971703E1,-3.424050093E0,7.192050457E0,2.292000055E0
5.976216040E1,-1.408050060E0,5.590950489E0,2.319000006E0
5.976460378E1,-1.024950027E0,6.000000477E0,1.300950050E0
5.976704724E1,-3.919500113E-1,5.242950439E0,-1.920000017E-1
5.976949055E1,1.603050113E0,8.059050560E0,3.544050217E0
5.977193401E1,2.911050081E0,9.289950371E0,2.754000187E0
5.977437740E1,1.936050057E0,5.509050369E0,-2.760000229E-1
5.977682101E1,1.456950068E0,5.761050224E0,1.786950111E0
5.977926440E1,1.835100174E1,8.305950165E0,-6.316950321E0
5.978170778E1,9.145050049E0,5.032950401E0,-2.485095024E1
5.978415124E1,2.563050032E0,3.703950167E0,-2.040195084E1
5.978659463E1,6.727050304E0,7.579950333E0,-1.553895092E1
5.978903802E1,6.823050499E0,9.295050621E0,-9.187050819E0
5.979148140E1,2.142000198E0,5.773050308E0,-1.317000031E0
5.979392501E1,8.476950645E0,1.072905064E1,4.485000134E0
5.979636839E1,1.013400078E1,1.005405045E1,2.009999990E0
5.979881178E1,5.865000248E0,7.099050522E0,-1.585050106E0
5.980125524E1,2.808000088E0,7.681050301E0,-1.498950124E0
5.980369862E1,7.885950565E0,7.507950306E0,-2.538000107E0
5.980614201E1,7.129050255E0,7.627950191E0,-3.324000120E0
5.980858562E1,3.469050169E0,8.761050224E0,6.795000285E-2
5.981102901E1,3.808050156E0,7.831950188E0,1.363050103E0
5.981347239E1,5.374050140E0,1.005600071E1,-1.648050070E0
5.981591578E1,4.029000282E0,1.266105080E1,-5.809050083E0
5.981835924E1,1.396950126E0,1.035795021E1,-2.350500077E-1
5.982080264E1,8.610000610E-1,6.760950089E0,-2.380500138E-1
5.982324602E1,9.810000658E-1,1.465500069E1,-2.361000061E0
5.982568940E1,6.529500484E-1,1.013700008E1,-3.810000122E-1
5.982813302E1,-2.547000170E0,6.663000107E0,4.605000094E-2
5.983057640E1,-4.527000427E0,1.045305061E1,-2.280000150E-1
5.983301985E1,-2.985000134E0,9.169950485E0,-8.910000324E-1
5.983546316E1,-2.157000065E0,8.986050606E0,-1.882050037E0
5.983790662E1,-1.591950059E0,6.024000168E0,-6.540000439E-1
5.984035001E1,-9.360000491E-1,1.057995033E1,-5.989500284E-1
5.984279362E1,1.929000139E0,8.452050209E0,-1.612050056E0
5.984523702E1,1.977000117E0,3.766050100E0,3.940500319E-1
5.984768041E1,1.696950078E0,5.986050129E0,4.677000046E0
5.985012386E1,2.740950108E0,6.346950531E0,6.238050461E0
5.985256725E1,2.530050039E0,4.084949970E0,5.368950367E0
5.985501064E1,4.843050003E0,2.482950211E0,4.456950188E0
5.985745402E1,1.517400074E1,1.555950046E0,-7.842000484E0
5.985989764E1,1.660395050E1,3.057000160E0,-1.521405029E1
5.986234103E1,8.274000168E0,7.852950573E0,-1.771095085E1
5.986478441E1,5.353050232E0,6.702000141E0,-1.427805042E1
5.986722779E1,9.696000099E0,8.815950394E0,-1.340100098E1
5.986967125E1,3.445050240E0,5.800950050E0,-1.128705025E1
5.987211464E1,2.239500135E-1,5.607000351E0,-4.212000370E0
5.987455802E1,6.526050091E0,8.394000053E0,1.098000050E0
5.987700162E1,8.676000595E0,8.083050728E0,1.873050094E0
5.987944500E1,4.453050137E0,7.300050259E0,2.794950247E0
5.988188839E1,3.388950109E0,7.587000370E0,5.934000492E0
5.988433185E1,5.482050419E0,1.107300091E1,8.220000267E-1
5.988677524E1,4.675050259E0,1.198605061E1,-6.336000443E0
5.988921861E1,2.230950117E0,1.142295074E1,-3.184950113E0
5.989166199E1,2.508000135E0,9.988950729E0,1.090050101E0
5.989410560E1,2.527950048E0,1.624500084E1,-6.000000238E-2
5.989654899E1,2.796000242E0,1.640595055E1,-1.578000069E0
5.989899238E1,-8.595000207E-2,8.679000854E0,-9.100500345E-1
5.990143576E1,5.569500327E-1,1.539495087E1,3.430500031E-1
5.990387922E1,3.673950195E0,2.088795090E1,7.810500264E-1
5.990632283E1,2.434050083E0,1.245495033E1,-2.878050089E0
5.990876599E1,-9.600000083E-2,1.028805065E1,-1.666950107E0
5.991120960E1,2.149049997E0,1.603695107E1,-3.619500101E-1
5.991365299E1,1.998000145E0,1.893900108E1,7.840500474E-1
5.991609645E1,4.519500136E-1,1.011600018E1,-1.408050060E0
5.991853976E1,-7.489500642E-1,9.598950386E0,-1.779000044E0
5.992098322E1,-2.920500040E-1,1.648500061E1,3.469950199E0
5.992342661E1,-1.170000061E-1,8.161950111E0,1.750950098E0
5.992587022E1,-1.590000033E0,6.298950195E0,-9.460500479E-1
5.992831361E1,-3.328050137E0,8.002050400E0,4.905000329E-2
5.993075699E1,-1.192050099E0,2.497050047E0,5.610000491E-1
5.993320038E1,-1.000500023E-1,1.950000064E-3,4.369500279E-1
5.993564384E1,-2.730000019E-1,8.400000334E-1,6.195000172E0
5.993808723E1,5.575050354E0,1.238100052E1,-3.169500232E-1
5.994053061E1,1.349295044E1,7.626000404E0,-6.283050060E0
5.994297400E1,6.787050247E0,-2.719050169E0,-1.107195091E1
5.994541761E1,3.193050146E0,3.646050215E0,-1.075995064E1
5.994786101E1,5.473050117E0,5.691000462E0,-1.330605030E1
5.995030447E1,-6.940500140E-1,3.538950205E0,-6.964950562E0
5.995274786E1,-8.089500666E-1,1.783950090E0,2.224950075E0
5.995519124E1,2.290950060E0,5.254950047E0,4.294050217E0
5.995763463E1,6.058950424E0,9.337950706E0,2.517000198E0
5.996007824E1,3.118950129E0,5.404050350E0,2.116950035E0
5.996252163E1,2.200050116E0,4.783950329E0,2.560050011E0
5.996496502E1,3.363000154E0,9.205950737E0,5.176950455E0
5.996740840E1,4.108050346E0,1.072905064E1,1.132950068E0
5.996985186E1,3.564000130E0,9.769050598E0,1.249500066E-1
5.997229525E1,3.069000244E0,1.076205063E1,2.266050100E0
5.997473863E1,5.488950253E0,1.642995071E1,-5.761050224E0
5.997718224E1,3.199950218E0,1.417395115E1,-8.590950012E0
5.997962563E1,1.113000035E0,1.067595005E1,-3.289950132E0
5.998206901E1,9.469500184E-1,1.476105022E1,-4.140000343E0
5.998451250E1,3.499950171E0,1.668105125E1,-3.496050119E0
5.998695589E1,2.278950214E0,1.215795040E1,-4.783950329E0
5.998939927E1,1.447950125E0,7.297950268E0,-1.213950038E0
5.999184266E1,4.917000294E0,1.069500065E1,-7.582950592E0
5.999428627E1,8.403000832E0,1.116900063E1,-1.064100075E1
5.999672968E1,5.686050415E0,6.594000340E0,-1.064100075E1
5.999917306E1,2.515950203E0,4.063050270E0,-7.339050293E0
6.000161645E1,4.825950146E0,6.450000286E0,-6.915000439E0
6.000405991E1,2.908050060E0,7.732950211E0,-7.945050240E0
6.000650328E1,-2.800500095E-1,2.494950056E0,-1.903950095E0
6.000894666E1,-1.411950111E0,7.707000256E0,9.576000214E0
6.001139028E1,1.162950039E0,3.450000048E0,6.247950077E0
6.001383366E1,2.989950180E0,5.940000415E-1,2.793000221E0
6.001627705E1,4.072050095E0,1.969950080E0,1.672050118E0
6.001872043E1,8.899050713E0,1.981950045E0,2.623050213E0
6.002116389E1,1.043805027E1,1.012950063E0,-7.995000362E0
6.002360728E1,2.880000114E0,4.510950089E0,-1.377495098E1
6.002605089E1,4.920000136E-1,3.973950148E0,-8.328000069E0
6.002849428E1,9.450000525E-1,6.907050133E0,-2.899500132E-1
6.003093765E1,1.656000137E0,1.266795063E1,5.188950062E0
6.003338103E1,2.251950026E0,7.647000313E0,3.244950056E0
6.003582449E1,2.479500175E-1,5.080950260E0,-1.108950019E0
6.003826788E1,1.519950032E0,1.425495052E1,-4.255050182E0
6.004071127E1,3.741000175E0,1.365900040E1,2.806950092E0
6.004315487E1,2.377050161E0,8.121000290E0,4.339500070E-1
6.004559826E1,2.305050135E0,1.057800007E1,-7.005000114E-2
6.004804165E1,5.560950279E0,1.547895050E1,5.595000088E-2
6.005048503E1,3.832050085E0,1.390800095E1,9.439500570E-1
6.005292849E1,1.792950034E0,9.991050720E0,1.009500027E-1
6.005537188E1,2.953950167E0,1.346805096E1,1.603050113E0
6.005781526E1,4.620000362E0,1.540695095E1,3.529950142E0
6.006025865E1,2.407950163E0,8.518950462E0,5.590500236E-1
6.006270226E1,1.816050053E0,8.787000656E0,7.669500113E-1
6.006514564E1,3.832050085E0,1.527495098E1,3.769950151E0
6.006758910E1,2.592000008E0,1.168395042E1,2.836050034E0
6.007003241E1,3.895050287E0,6.952950478E0,1.449000120E0
6.007247587E1,6.162000179E0,1.101405048E1,-1.622895050E1
6.007491926E1,4.620000362E0,1.132005024E1,-2.135505104E1
6.007736287E1,1.833000064E0,8.815950394E0,-1.704300117E1
6.007980626E1,1.915050149E0,6.871950150E0,-6.525000095E0
6.008224964E1,6.214950085E0,9.256050110E0,-1.319999993E-1
6.008469302E1,5.226000309E0,1.124805069E1,2.689950228E0
6.008713648E1,2.377050161E0,6.792000294E0,2.343000174E0
6.008957987E1,2.889000177E0,8.491950035E0,3.532050133E0
6.009202327E1,3.283950090E0,1.266105080E1,4.669950008E0
6.009446689E1,2.461050034E0,1.000605011E1,-2.400000021E-2
6.009691027E1,3.145050049E0,5.860950470E0,-4.207050323E0
6.009935373E1,4.921950340E0,4.609050274E0,-7.689000130E0
6.010179704E1,1.061295033E1,5.614950180E0,-1.438500023E1
6.010424052E1,4.921950340E0,4.530000210E0,-1.487100029E1
6.010668391E1,3.079500198E-1,2.623950243E0,-8.539050102E0
6.010912752E1,3.238950253E0,4.249950409E0,-1.461000085E0
6.011157090E1,5.869950294E0,1.038195038E1,-5.490000248E-1
6.011401429E1,1.657950044E0,6.826050282E0,-1.545000076E0
6.011645765E1,1.612950087E0,4.674000263E0,4.663050175E0
6.011890111E1,6.427950382E0,9.328050613E0,2.053050041E0
6.012134450E1,4.204050064E0,6.048000336E0,-2.289000034E0
6.012378789E1,3.250500262E-1,5.914050102E0,8.290500641E-1
6.012623127E1,1.447950125E0,7.417050362E0,-2.308950186E0
6.012867488E1,5.370000362E0,7.747950554E0,-6.718950272E0
6.013111827E1,3.214950085E0,9.103050232E0,-5.629050255E0
6.013356165E1,-2.340000123E-1,8.607000351E0,1.111950040E0
6.013600504E1,1.170000061E-1,8.725049973E0,3.469950199E0
6.013844849E1,9.310500622E-1,1.367400074E1,5.160000324E-1
6.014089188E1,3.358050108E0,1.150395012E1,-8.599500656E-1
6.014333527E1,1.591050029E0,5.476050377E0,2.929500043E-1
6.014577888E1,9.499500394E-1,8.191050529E0,-2.160000086E0
6.014822226E1,2.947050095E0,1.618500137E1,-1.075950027E0
6.015066565E1,3.166950226E0,1.220400047E1,-2.569500208E-1
6.015310912E1,1.575000048E0,7.635000229E0,-6.010500193E-1
6.015555251E1,1.921950102E0,1.439400101E1,-6.300000101E-2
6.015799590E1,4.933950424E0,1.972200012E1,1.504950047E0
6.016043951E1,2.680950165E0,1.008000088E1,-1.462950110E0
6.016288290E1,6.375000477E0,6.511950493E0,-1.758000135E0
6.016532626E1,1.076205063E1,1.332705021E1,-1.318305016E1
6.016776965E1,6.540000439E0,1.006800079E1,-1.650900078E1
6.017021311E1,2.065050125E0,4.513050079E0,-1.352805042E1
6.017265650E1,5.841000080E0,6.499950409E0,-8.613000870E0
6.017509988E1,7.990950584E0,9.100950241E0,-7.291050434E0
6.017754346E1,2.607000113E0,5.989950180E0,-3.742950201E0
6.017998685E1,4.077000141E0,7.099050522E0,4.900050163E0
6.018243024E1,4.861950397E0,9.876000404E0,6.634950161E0
6.018487362E1,3.351000071E0,1.000095081E1,6.757950306E0
6.018731708E1,2.668950081E0,1.062795067E1,3.937050104E0
6.018976045E1,1.749000072E0,9.175050735E0,4.272000313E0
6.019220384E1,2.518050194E0,1.077405071E1,2.290050030E0
6.019464745E1,2.947050095E0,1.073805046E1,6.790500283E-1
6.019709084E1,2.680950165E0,7.398000240E0,-1.020000100E0
6.019953422E1,2.037000179E0,7.651950359E0,-4.678950310E0
6.020197762E1,4.852050304E0,1.091100025E1,-8.035950661E0
6.020442108E1,2.587050200E0,8.751000404E0,-9.228000641E0
6.020686447E1,2.805000171E-2,6.502950191E0,-3.369000196E0
6.020930785E1,1.519950032E0,6.811950207E0,1.275000095E0
6.021175146E1,5.452950478E0,1.240005016E1,-5.340000391E-1
6.021419485E1,3.097050190E0,8.485050201E0,-1.767000079E0
6.021663824E1,1.231950045E0,4.437000275E0,-2.124000072E0
6.021908162E1,1.984050035E0,8.301000595E0,1.005000062E-2
6.022152508E1,2.908050060E0,1.414995098E1,1.549950123E0
6.022396847E1,1.441050053E0,6.685050488E0,8.100000620E-1
6.022641208E1,-4.380000234E-1,4.381050110E0,-2.730000019E-1
6.022885547E1,-1.743000031E0,1.643895149E1,5.026950359E0
6.023129885E1,4.420500100E-1,8.197950363E0,2.617950201E0
6.023374224E1,3.792000294E0,7.621050358E0,9.390000701E-1
6.023618571E1,5.901000500E0,8.056950569E0,-9.010500312E-1
6.023862910E1,8.097000122E0,8.524050713E0,-1.660050035E0
6.024107249E1,4.692000389E0,1.017300034E1,-1.179705048E1
6.024351587E1,4.759500325E-1,7.507950306E0,-1.188795090E1
6.024595948E1,6.136050224E0,8.569050789E0,-5.661000252E0
6.024840287E1,9.952050209E0,1.180395031E1,-6.654000282E0
6.025084633E1,2.674050093E0,1.202205086E1,-9.180000305E0
6.025328964E1,-1.170000061E-1,1.014000034E1,-1.449000120E0
6.025573310E1,2.266950130E0,1.271595097E1,4.200000167E-1
6.025817649E1,3.090000153E0,1.648500061E1,-1.789050102E0
6.026062012E1,3.042000055E0,1.286700058E1,-1.329000115E0
6.026306351E1,4.492950439E0,1.129905033E1,-1.522950053E0
6.026550689E1,1.037100029E1,1.432995033E1,-6.051000118E0
6.026795028E1,1.034700012E1,1.436595058E1,-1.288905048E1
6.027039374E1,2.518050194E0,1.244100094E1,-9.889050484E0
6.027283713E1,3.025950193E0,1.396800041E1,-2.203050137E0
6.027528051E1,5.731050491E0,1.448100090E1,1.720050097E0
6.027772413E1,3.603000164E0,1.267005062E1,-1.540500075E-1
6.028016751E1,2.152050018E0,8.204999924E0,5.370000005E-1
6.028261090E1,4.311000347E0,5.725050449E0,-2.545950174E0
6.028505427E1,8.485050201E0,8.566950798E0,-8.409000397E0
6.028749773E1,4.122000217E0,5.545050144E0,-1.081995010E1
6.028994112E1,3.940500319E-1,2.527950048E0,-4.927950382E0
6.029238450E1,2.152050018E0,4.993950367E0,1.737000108E0
6.029482788E1,8.230500221E-1,1.321200085E1,2.854950190E0
6.029727148E1,-3.610500097E-1,2.947050095E0,-3.259500265E-1
6.029971487E1,-1.044000030E0,4.671000004E0,1.350000054E-1
6.030215826E1,-4.651950359E0,9.868950844E0,3.061050177E0
6.030460171E1,-2.353049994E0,1.662000060E0,3.492000103E0
6.030704510E1,1.980000138E-1,-2.650500238E-1,4.038000107E0
6.030948849E1,2.700000107E-1,2.939999998E-1,3.295050144E0
6.031193187E1,9.430500269E-1,2.179050207E0,1.063950062E0
6.031437548E1,5.604000092E0,3.280500174E-1,3.910950184E0
6.031681887E1,6.880050182E0,6.580500603E-1,-8.086050034E0
6.031926226E1,8.719050407E0,3.117000103E0,-1.121100044E1
6.032170571E1,8.880000114E0,5.455950260E0,-1.360500050E1
6.032414910E1,1.669500023E-1,5.064000130E0,-1.141200066E1
6.032659249E1,-1.326000094E0,1.924950123E0,-2.254050016E0
6.032903610E1,1.231950045E0,1.384050012E0,5.766000271E0
6.033147947E1,3.013950109E0,1.767195129E1,8.800500631E-1
6.033392286E1,4.836000443E0,2.189805031E1,2.757000208E0
6.033636632E1,2.410500050E-1,5.550000191E0,4.773000240E0
6.033880970E1,9.400500655E-1,6.010050297E0,5.490000248E-1
6.034125309E1,5.227950096E0,1.857495117E1,1.713000059E0
6.034369668E1,3.937950134E0,1.314900017E1,-1.135050058E0
6.034614007E1,2.379000187E0,6.603000164E0,3.637950182E0
6.034858345E1,1.038300037E1,1.408800030E1,-3.235050201E0
6.035102684E1,1.170705032E1,1.612095070E1,-1.581495094E1
6.035347030E1,4.693950176E0,1.317795086E1,-1.388295078E1
6.035591370E1,9.550500512E-1,1.309695053E1,-8.115000725E0
6.035835708E1,4.084050179E0,1.645800018E1,-1.444050074E0
6.036080047E1,2.796000242E0,1.567095089E1,-2.152950048E0
6.036324408E1,1.558050036E0,7.195050240E0,-2.970000207E-1
6.036568747E1,2.101050138E0,7.237950325E0,2.809050083E0
6.036813088E1,3.627000093E0,1.442295074E1,1.762950063E0
6.037057426E1,1.740000129E0,8.089950562E0,-1.015950084E0
6.037301772E1,1.879500151E-1,1.597050071E0,-2.710500062E-1
6.037546111E1,8.659500480E-1,6.976950169E0,-2.766000032E0
6.037790472E1,4.776000023E0,1.232595062E1,-6.670950413E0
6.038034788E1,3.397050142E0,5.446950436E0,-9.738000870E0
6.038279149E1,1.170000061E-1,1.234950066E0,-1.927950144E0
6.038523488E1,2.740950108E0,8.430000305E0,7.356000423E0
6.038767834E1,4.144050121E0,1.306095028E1,2.488950014E0
6.039012172E1,1.000050068E0,5.860950470E0,1.477950096E0
6.039256510E1,4.420500100E-1,6.498000145E0,1.165050030E0
6.039500871E1,1.129050016E0,8.562000275E0,2.896050215E0
6.039745210E1,3.672000170E0,1.060905075E1,-9.600000083E-2
6.039989548E1,2.781000137E0,6.073950291E0,-3.352050066E0
6.040233887E1,1.687050104E0,4.810050011E0,-8.359500170E-1
6.040478234E1,3.499950171E0,8.955000877E0,-1.825050116E0
6.040722573E1,4.618050098E0,1.234995079E1,-3.501000166E0
6.040966934E1,2.134950161E0,5.500050068E0,-3.451050282E0
6.041211250E1,4.879500270E-1,4.846050262E0,-1.570950031E0
6.041455611E1,3.708000183E0,1.183005047E1,-5.820000172E-1
6.041699950E1,4.429050446E0,1.133400059E1,-1.626000047E0
6.041944296E1,1.639050126E0,3.922050238E0,-1.528050065E0
6.042188634E1,1.251000047E0,3.213000059E0,-7.950000167E-1
6.042432973E1,2.568000078E0,1.237800026E1,1.378050089E0
6.042677311E1,2.607000113E0,1.298895073E1,1.873050094E0
6.042921670E1,4.369500279E-1,2.827950239E0,1.759500057E-1
6.043166009E1,-1.237950087E0,3.414000273E0,-1.249500066E-1
6.043410348E1,-1.242000103E0,1.621905136E1,5.254050255E0
6.043654686E1,1.678050041E0,3.298950195E0,-4.774950027E0
6.043899032E1,3.889500201E-1,3.898050070E0,-3.879000187E0
6.044143371E1,7.627050400E0,8.671950340E0,-4.617000103E0
6.044387709E1,8.998950005E0,8.109000206E0,-1.197000027E1
6.044632048E1,1.125000000E0,9.000000000E0,-1.017105007E1
6.044876409E1,3.030000031E-1,9.073950768E0,-2.434950113E0
6.045120745E1,7.908000469E0,1.018995094E1,-1.317000031E0
6.045365084E1,9.811050415E0,1.088400078E1,-6.799950123E0
6.045609430E1,3.459000111E0,8.743950844E0,-7.258050442E0
6.045853768E1,2.760000229E0,9.000000000E0,-1.396050096E0
6.046098130E1,5.986950397E0,1.108500099E1,-1.942050099E0
6.046342469E1,8.116050720E0,1.299795055E1,-8.215050697E0
6.046586807E1,4.953000069E0,1.141095066E1,-8.497950554E0
6.046831146E1,4.455000401E0,1.029300022E1,-5.076000214E0
6.047075492E1,8.383950233E0,1.275195026E1,-4.948950291E0
6.047319830E1,6.816000462E0,1.207905102E1,-7.915950298E0
6.047564169E1,1.486050129E0,8.610000610E0,-5.778000355E0
6.047808530E1,7.170000076E-1,8.155050278E0,4.680000246E-1
6.048052869E1,4.522050381E0,1.129395008E1,1.690950036E0
6.048297207E1,5.395950317E0,9.625050545E0,-3.084000111E0
6.048541546E1,1.756950140E0,8.128950119E0,-2.071950197E0
6.048785892E1,1.825950146E0,9.574950218E0,4.849500358E-1
6.049030230E1,3.586050272E0,1.219395065E1,-8.700000495E-2
6.049274569E1,2.176050186E0,9.759000778E0,-1.351050019E0
6.049518907E1,1.438050032E0,5.689050198E0,-1.072950006E0
6.049763269E1,1.941000104E0,7.731000423E0,1.854000092E0
6.050007607E1,1.450050116E0,1.439205074E1,-4.939500093E-1
6.050251946E1,1.504950047E0,1.090305042E1,4.219500124E-1
6.050496292E1,-7.090500593E-1,8.598000526E0,-1.981050134E0
6.050740630E1,-3.258000135E0,1.371195030E1,8.320500255E-1
6.050984969E1,-3.535950184E0,1.346805096E1,4.129500091E-1
6.051229331E1,-3.433050156E0,1.536195087E1,-2.131050110E0
6.051473669E1,-2.538000107E0,9.601050377E0,-8.820000291E-1
6.051718008E1,-3.627000093E0,1.202400017E1,-1.746000051E0
6.051962346E1,-3.012000084E0,1.749000168E1,-1.801050067E0
6.052206692E1,-1.326000094E0,1.395105076E1,2.638950109E0
6.052451031E1,-2.362950087E0,1.259895039E1,3.433950186E0
6.052695369E1,-1.963050127E0,1.653000069E1,5.545950413E0
6.052939708E1,1.860000044E-1,1.734405136E1,9.097050667E0
6.053184070E1,1.534050107E0,1.234005070E1,9.364950180E0
6.053428408E1,2.347950220E0,1.047300053E1,1.215900040E1
6.053672754E1,4.101000309E0,1.014900017E1,1.243200016E1
6.053917093E1,5.692950249E0,1.091505051E1,1.199400043E1
6.054161431E1,3.745950222E0,6.960000515E0,8.947950363E0
6.054405770E1,3.334050179E0,5.749050140E0,1.048095036E1
6.054650132E1,5.817000389E0,8.526000023E0,9.985050201E0
6.054894470E1,5.805000305E0,7.762050152E0,5.524950027E0
6.055138809E1,2.973000050E0,4.015050411E0,4.282050133E0
6.055383147E1,1.323000073E0,3.016950130E0,2.509950161E0
6.055627490E1,4.753950119E0,6.898050308E0,5.745000362E0
6.055871829E1,1.914600182E1,6.153000355E0,-1.582395077E1
6.056116190E1,1.805205154E1,-1.483950019E0,-3.877800369E1
6.056360506E1,1.687395096E1,-4.618050098E0,-4.458705139E1
6.056604867E1,1.090800095E1,-2.164050102E0,-5.133195114E1
6.056849206E1,5.109000206E0,2.506950140E0,-4.016505051E1
6.057093552E1,2.014950037E0,2.037000179E0,-2.421900177E1
6.057337891E1,1.981950045E0,1.969950080E0,-9.324000359E0
6.057582229E1,8.010000587E-1,8.830500245E-1,3.670500219E-1
6.057826590E1,2.155950069E0,1.414500046E1,6.324000359E0
6.058070927E1,1.869000077E0,1.631895065E1,1.158000088E1
6.058315265E1,-2.659500241E-1,1.159050107E0,3.832050085E0
6.058559604E1,-5.050500035E-1,2.820000052E-1,3.025050163E0
6.058803950E1,4.450500309E-1,5.404050350E0,-1.384050012E0
6.059048289E1,3.757950068E0,1.228500080E1,6.900000572E-1
6.059292627E1,2.440950155E0,7.884000301E0,-2.064000130E0
6.059536965E1,3.330000162E0,9.558000565E0,5.407050133E0
6.059781327E1,3.519000053E0,1.079295063E1,5.539500117E-1
6.060025665E1,2.653950214E0,7.669050217E0,4.219500124E-1
6.060270004E1,2.282999992E0,1.169595051E1,-5.794950485E0
6.060514350E1,4.606050014E0,1.623105049E1,3.540000200E0
6.060758689E1,3.792000294E0,1.199805069E1,-1.936950088E0
6.061003027E1,2.239950180E0,4.237950325E0,-1.320000052E0
6.061247366E1,2.323950052E0,8.224050522E0,-1.114050031E0
6.061491727E1,4.387950420E0,1.674795151E1,2.746950150E0
6.061736066E1,2.965950251E0,9.069000244E0,1.476000071E0
6.061980404E1,1.600500047E-1,5.218950272E0,7.000500560E-1
6.062224750E1,-7.077000141E0,1.819605064E1,4.378050327E0
6.062469089E1,-5.920950413E0,7.293000221E0,1.477950096E0
6.062713427E1,-2.916000128E0,2.749050140E0,5.604000092E0
6.062957789E1,-1.290000081E-1,3.795000166E-2,9.351000786E0
6.063202127E1,2.118000031E0,2.193000078E0,8.820000291E-1
6.063446466E1,3.214950085E0,6.816000462E0,4.236000061E0
6.063690804E1,2.772000074E0,5.482950211E0,1.003995037E1
6.063935150E1,4.287000179E0,1.348905087E1,2.649000168E0
6.064179490E1,4.495950222E0,1.420500088E1,-1.552050114E0
6.064423851E1,4.036050320E0,1.559895039E1,6.589950085E0
6.064668190E1,2.293050051E0,1.100205040E1,3.451050282E0
6.064912528E1,8.749500513E-1,9.567000389E0,-5.898000240E0
6.065156867E1,-3.600000218E-2,1.205805016E1,-6.513000488E0
6.065401213E1,2.986950159E0,1.822005081E1,8.869050026E0
6.065645544E1,5.760000229E0,2.107695007E1,4.399050236E0
6.065889890E1,2.719050169E0,8.452050209E0,1.845000029E0
6.066134229E1,9.430500269E-1,8.521050453E0,-1.257000089E0
6.066378590E1,4.510050297E0,2.284605026E1,-5.460000038E-1
6.066622929E1,5.547000408E0,1.547700119E1,1.746000051E0
6.066867267E1,1.322295094E1,-4.159500301E-1,5.920050144E0
6.067111606E1,8.173049927E0,9.241950035E0,-2.266695023E1
6.067355952E1,1.023000050E1,4.735949993E0,-3.861105347E1
6.067600290E1,8.920050621E0,5.764950275E0,-3.667395020E1
6.067844629E1,1.879050136E0,2.266950130E0,-2.657700157E1
6.068088967E1,1.933950067E0,1.731000066E0,-1.128195095E1
6.068333329E1,3.873000145E0,9.625050545E0,5.290050030E0
6.068577667E1,2.683050156E0,1.210095024E1,5.757000446E0
6.068822013E1,1.222950101E0,2.878050089E0,-3.012000084E0
6.069066352E1,-1.669500023E-1,0.000000000E0,-1.080000028E-1
6.069310690E1,-2.704950094E0,4.810050011E0,6.040500402E-1
6.069555029E1,-2.305950165E0,4.972950459E0,7.095000267E0
6.069799390E1,5.470499992E-1,1.459500045E-1,1.021305084E1
6.070043729E1,-1.192050099E0,3.031050205E0,9.630000591E-1
6.070288067E1,-7.590000629E-1,1.428900051E1,-2.068950176E0
6.070532413E1,2.764950037E0,1.001295090E1,3.264000177E0
6.070776752E1,1.431000113E0,4.935000420E0,-1.600050092E0
6.071021090E1,3.028050184E0,1.000995064E1,-6.010500193E-1
6.071265428E1,4.072050095E0,1.552395058E1,3.061050177E0
6.071509790E1,2.950950146E0,1.072200012E1,-3.910500109E-1
6.071754128E1,1.000050068E0,6.463950157E0,6.000000052E-3
6.071998474E1,1.053000093E0,1.212195015E1,1.906950116E0
6.072242813E1,4.299000263E0,1.897905159E1,3.286050081E0
6.072487151E1,2.431950092E0,9.100950241E0,-2.400000095E-1
6.072731490E1,1.924050093E0,4.999050140E0,-1.210050106E0
6.072975828E1,4.198950291E0,1.748805046E1,1.654950023E0
6.073220189E1,6.552000523E0,2.026005173E1,2.335050106E0
6.073464528E1,2.559000015E0,7.200000286E0,1.801050067E0
6.073708866E1,2.002950191E0,5.509050369E0,1.873050094E0
6.073953212E1,4.213050365E0,1.275195026E1,4.501950264E0
6.074197551E1,1.402500057E1,1.159995079E1,1.110300064E1
6.074441889E1,1.753500175E1,8.190000653E-1,-2.075700188E1
6.074686250E1,2.652000189E0,2.788950205E0,-2.069700050E1
6.074930589E1,3.286950111E0,7.963050365E0,-2.080005074E1
6.075174928E1,5.122950077E0,3.463950157E0,-2.680005074E1
6.075419266E1,3.217050076E0,5.808000088E0,-1.964295006E1
6.075663612E1,1.057050109E0,2.844000101E0,-6.834000111E0
6.075907951E1,2.890950203E0,3.381000042E0,7.290000319E-1
6.076152289E1,6.138000488E0,7.144050121E0,5.505000114E0
6.076396650E1,3.949950218E0,7.009950161E0,5.434050083E0
6.076640989E1,1.615050077E0,2.092950106E0,2.292000055E0
6.076885328E1,3.181050062E0,5.923050404E0,1.126049995E0
6.077129675E1,5.571000099E0,1.248900032E1,3.127950191E0
6.077374014E1,4.752000332E0,1.020405006E1,2.392950058E0
6.077618352E1,1.297050118E0,5.380050182E0,-7.570500374E-1
6.077862690E1,4.830000103E-1,1.117395020E1,-7.174050331E0
6.078107052E1,4.066950321E0,1.779705048E1,-5.029500127E-1
6.078351389E1,6.196050167E0,1.728195000E1,3.547050238E0
6.078595728E1,3.210000038E0,6.985950470E0,1.399050117E0
6.078840073E1,2.470050097E0,1.189005089E1,-4.510950089E0
6.079084412E1,4.194000244E0,2.087595177E1,-6.540000439E-1
6.079328751E1,3.586050272E0,1.295505047E1,-2.850000143E0
6.079573089E1,2.038950205E0,8.077950478E0,-5.269500017E-1
6.079817427E1,1.872000098E0,1.207005024E1,-1.807950139E0
6.080061788E1,-1.852950096E0,2.566395187E1,3.199950218E0
6.080306127E1,-3.382950068E0,1.206195068E1,2.335050106E0
6.080550473E1,-2.073000193E0,5.413050175E0,-5.083950043E0
6.080794812E1,-4.687950134E0,1.114995098E1,-1.138050079E0
6.081039151E1,-4.414950371E0,6.192000389E0,8.914950371E0
6.081283512E1,-1.551000118E0,2.806050062E0,7.495050430E0
6.081527851E1,-1.566000104E0,5.515950203E0,4.240950108E0
6.081772189E1,-5.050500035E-1,4.269000053E0,5.668050289E0
6.082016528E1,2.644950151E0,5.467950344E0,8.728050232E0
6.082260873E1,2.431950092E0,5.233950138E0,6.625950336E0
6.082505212E1,1.741950035E0,3.409050226E0,5.268000126E0
6.082749551E1,1.339950085E0,2.830050230E0,1.327050090E0
6.082993889E1,8.659500480E-1,5.515950203E0,2.848050117E0
6.083238250E1,-1.410000086E0,7.786050320E0,3.528000116E0
6.083482589E1,1.380000114E-1,4.065000057E0,-1.489500105E-1
6.083726935E1,-1.306950092E0,7.563000202E0,1.966950059E0
6.083971274E1,-2.290950060E0,9.802050591E0,2.434050083E0
6.084215612E1,-1.029000044E0,6.145950317E0,2.503050089E0
6.084459949E1,1.690050125E0,5.832000256E0,1.878000140E0
6.084704310E1,2.053050041E0,1.131300068E1,2.139000177E0
6.084948649E1,1.618050098E0,8.204999924E0,3.580500185E-1
6.085192988E1,9.859500527E-1,4.743000031E0,1.465950012E0
6.085437326E1,7.320000529E-1,3.177000046E0,2.424000025E0
6.085681672E1,4.279500246E-1,4.627950191E0,2.412000179E0
6.085926011E1,8.059500456E-1,1.023300076E1,9.510000348E-1
6.086170350E1,2.350905037E1,9.196050644E0,5.100000277E-2
6.086414688E1,2.437995148E1,-1.129050016E0,-4.218300247E1
6.086659049E1,2.859900093E1,-4.171950340E0,-5.361300278E1
6.086903388E1,1.482195091E1,4.575000286E0,-5.518395233E1
6.087147726E1,6.612000465E0,7.702050209E0,-3.842895126E1
6.087392073E1,1.471950054E0,5.302950382E0,-1.308795071E1
6.087636411E1,2.761950016E0,9.820950508E0,1.056705093E1
6.087880750E1,6.313050270E0,3.021600151E1,1.388505077E1
6.088125111E1,4.206000328E0,1.395405102E1,4.641000271E0
6.088369450E1,6.820500493E-1,2.583000183E0,4.536000252E0
6.088613788E1,1.363950014E0,9.462000847E0,-3.372000217E0
6.088858134E1,6.460950375E0,2.293995094E1,5.407050133E0
6.089102473E1,6.435000420E0,1.874205017E1,1.770000100E0
6.089346812E1,2.472000122E0,7.590000153E0,7.530000210E-1
6.089591150E1,2.262000084E0,1.084095097E1,1.780500114E-1
6.089835511E1,6.057000160E0,1.977000046E1,2.700000070E-2
6.090079850E1,5.824050426E0,1.794300079E1,-1.200000010E-2
6.090324189E1,2.938950062E0,7.164000511E0,-1.552050114E0
6.090568528E1,2.914950132E0,4.470000267E0,-4.019999981E0
6.090812874E1,4.402050018E0,1.648500061E1,1.519500017E-1
6.091057212E1,4.162950039E0,1.844505119E1,-2.760000229E-1
6.091301574E1,-1.365000010E0,1.303905106E1,-7.999500632E-1
6.091545912E1,-4.276050091E0,1.251195049E1,1.936050057E0
6.091790252E1,-3.318000078E0,7.578000546E0,6.400500536E-1
6.092034591E1,-3.369000196E0,7.015050411E0,-2.059950113E0
6.092278937E1,-2.344050169E0,4.848000050E0,1.800000072E-1
6.092523276E1,-3.816000223E0,7.984950542E0,4.027950287E0
6.092767614E1,-5.092050076E0,9.004950523E0,3.043950081E0
6.093011951E1,-4.242000103E0,9.790050507E0,5.788050175E0
6.093256312E1,-2.884950161E0,8.287050247E0,6.295050144E0
6.093500651E1,1.500000060E-1,6.871950150E0,6.910950184E0
6.093744989E1,4.162950039E0,9.826050758E0,8.788050652E0
6.093989335E1,6.138000488E0,1.112400055E1,1.059795094E1
6.094233674E1,4.881000042E0,6.457050323E0,8.299950600E0
6.094478012E1,2.484000206E0,5.953950405E0,6.001050472E0
6.094722351E1,2.425050020E0,8.191050529E0,7.035000324E0
6.094966712E1,2.962950230E0,7.741050243E0,4.888050079E0
6.095211051E1,2.542050123E0,3.187050104E0,4.806000233E0
6.095455397E1,3.580500185E-1,5.512050152E0,2.436000109E0
6.095699728E1,-1.675950050E0,7.531950474E0,6.709500551E-1
6.095944074E1,-2.137950182E0,7.324050426E0,1.255950093E0
6.096188412E1,-1.683000088E0,4.887000084E0,2.167950153E0
6.096432774E1,-1.183050036E0,3.292050123E0,6.040500402E-1
6.096677090E1,-3.316050053E0,8.947050095E0,4.080000222E-1
6.096921451E1,-3.931050301E0,1.049205017E1,6.090000272E-1
6.097165790E1,-1.510950089E0,8.830050468E0,-6.450000405E-1
6.097410136E1,1.711050034E0,1.167000103E1,-3.676050186E0
6.097654476E1,1.831050038E0,9.388050079E0,2.955000162E0
6.097898814E1,1.318050027E0,1.036500072E1,2.203950167E0
6.098143153E1,2.452950001E0,1.116000080E1,1.444950104E0
6.098387514E1,2.185050011E0,5.428050041E0,1.525950074E0
6.098631853E1,1.564950109E0,4.956000328E0,-1.078050017E0
6.098876193E1,3.981000185E0,1.308495045E1,1.854000092E0
6.099120539E1,4.491000175E0,1.295100021E1,1.684050083E0
6.099364877E1,1.476000071E0,4.149000168E0,1.167000055E0
6.099609239E1,1.086000085E0,4.705049992E0,-1.984950066E0
6.099853577E1,3.367695236E1,1.057800007E1,-8.317950249E0
6.100097915E1,1.467105103E1,9.795000076E0,-4.226400375E1
6.100342254E1,7.282950401E0,-1.278000116E0,-4.207500076E1
6.100586600E1,8.419950485E0,4.168050289E0,-3.365700150E1
6.100830938E1,5.997000217E0,7.522950172E0,-1.820205116E1
6.101075277E1,4.801950455E0,6.970050335E0,-8.803950310E0
6.101319616E1,1.459950089E0,2.764950037E0,8.149500489E-1
6.101563977E1,1.516950130E0,2.899050236E0,1.983000040E0
6.101808316E1,3.781950235E0,1.277595043E1,1.481205082E1
6.102052654E1,2.815050125E0,2.167305183E1,6.196950436E0
6.102296993E1,2.647050142E0,7.614000320E0,2.593950033E0
6.102541340E1,1.399500072E-1,7.609500289E-1,-2.878050089E0
6.102785678E1,2.440950155E0,1.073295021E1,-2.042999983E0
6.103030017E1,5.142000198E0,1.635000038E1,3.367050171E0
6.103274378E1,2.791050196E0,9.730050087E0,1.147950053E0
6.103518717E1,9.040500522E-1,4.863000393E0,1.993050098E0
6.103763056E1,1.713000059E0,1.202595043E1,1.162050009E0
6.104007402E1,5.500950336E0,1.974600029E1,8.389500380E-1
6.104251740E1,4.399950027E0,1.074795055E1,2.910000086E-1
6.104496079E1,3.033000231E0,5.358000278E0,-1.129500046E-1
6.104740417E1,4.441050053E0,1.429605103E1,-3.553950071E0
6.104984778E1,6.166950226E0,1.795695114E1,2.500950098E0
6.105229117E1,4.014000416E0,1.101600075E1,3.700500131E-1
6.105473455E1,1.315950036E0,7.525050163E0,-6.490500569E-1
6.105717801E1,9.739500284E-1,9.639000893E0,-2.221950054E0
6.105962140E1,4.716000080E0,1.727700043E1,1.902000070E0
6.106206478E1,3.898950100E0,1.111395073E1,1.135950089E0
6.106450840E1,1.057050109E0,3.787950277E0,-1.891950130E0
6.106695178E1,1.255950093E0,5.442000389E0,-2.968950033E0
6.106939517E1,4.777950287E0,1.451400089E1,-3.112950087E0
6.107183863E1,1.927050114E0,1.344405079E1,-4.927950382E0
6.107428202E1,-2.939999998E-1,2.713050127E0,-1.348050117E0
6.107672540E1,-3.400500119E-1,4.309500158E-1,2.620500028E-1
6.107916879E1,1.708950043E0,6.204000473E0,6.019500494E-1
6.108161240E1,3.715050220E0,1.506000042E1,-4.774950027E0
6.108405579E1,2.194950104E0,4.123050213E0,-4.360050201E0
6.108649917E1,-2.820000052E-1,2.629500031E-1,7.140000463E-1
6.108894256E1,3.282000065E0,6.898050308E0,1.798950076E0
6.109138602E1,6.856050491E0,1.721505165E1,-3.955950260E0
6.109382940E1,3.030000210E0,6.547950268E0,-4.891950130E0
6.109627280E1,-1.150500029E-1,9.600000381E-1,2.190000117E-1
6.109871618E1,2.233050108E0,4.756950378E0,-4.480500221E-1
6.110115980E1,4.993950367E0,1.532295036E1,-6.712050438E0
6.110360318E1,4.254000187E0,6.364050388E0,-9.136950493E0
6.110604657E1,-1.339500099E-1,1.365000010E0,-4.210050106E0
6.110848994E1,4.684950352E0,4.779000282E0,-3.963000298E0
6.111093340E1,6.828000546E0,1.134405041E1,-5.059950352E0
6.111337678E1,2.626050234E0,8.145000458E0,-4.368000031E0
6.111582040E1,7.960500121E-1,6.517050266E0,-4.084949970E0
6.111826378E1,3.639000177E0,9.840000153E0,-1.873050094E0
6.112070717E1,6.427950382E0,1.075305080E1,-4.486950397E0
6.112315063E1,3.877950191E0,7.662000179E0,-6.349950314E0
6.112559401E1,1.084050059E0,6.352050304E0,1.950000077E-1
6.112803740E1,2.607000113E0,8.398950577E0,1.216950059E0
6.113048078E1,4.189050198E0,1.488000107E1,2.029050112E0
6.113292440E1,3.768000126E0,1.350600052E1,3.235950232E0
6.113536778E1,1.411950111E0,6.874050140E0,3.940500319E-1
6.113781124E1,1.306050062E0,1.102605057E1,1.501950026E0
6.114025455E1,3.151950121E0,1.892700005E1,-5.010000467E-1
6.114269801E1,6.709950447E0,1.580700111E1,6.949500442E-1
6.114514140E1,2.772000074E0,8.287050247E0,-7.107000351E0
6.114758501E1,2.728950024E0,1.102305031E1,-3.345000267E0
6.115002840E1,4.005000114E0,1.655400085E1,-5.766000271E0
6.115247178E1,4.726050377E0,1.480095100E1,-5.245950222E0
6.115491517E1,3.073050261E0,1.081005096E1,-3.807000160E0
6.115735864E1,1.165050030E0,1.181595039E1,-1.911000133E0
6.115980203E1,4.183950424E0,1.300305080E1,-2.760000229E-1
6.116224541E1,6.958950520E0,1.289295101E1,-4.344000340E0
6.116468880E1,4.330049992E0,9.418950081E0,-3.793050289E0
6.116713241E1,2.046000004E0,5.818050385E0,1.198050022E0
6.116957578E1,2.293050051E0,9.627000809E0,-9.649500251E-1
6.117201917E1,4.576950073E0,1.742805099E1,3.886950254E0
6.117446263E1,3.246000051E0,1.138200092E1,2.200950146E0
6.117690601E1,3.390000165E-1,4.258950233E0,-1.680000126E-1
6.117934940E1,6.379500031E-1,6.915000439E0,1.059000015E0
6.118179277E1,2.985000134E0,1.473000050E1,2.809050083E0
6.118423616E1,7.608000278E0,9.742050171E0,-2.653050184E0
6.118667977E1,1.359000087E0,1.846050143E0,-4.114050388E0
6.118912316E1,1.897950053E0,1.816950083E0,-4.750500321E-1
6.119156662E1,4.972050190E0,1.165995026E1,-4.530000210E0
6.119401000E1,5.677950382E0,1.161495018E1,-5.128950119E0
6.119645339E1,1.612950087E0,3.298950195E0,-4.138050079E0
6.119889700E1,4.489500225E-1,1.506000042E0,5.805000290E-2
6.120134039E1,4.066950321E0,9.510000229E0,-1.315050006E0
6.120378377E1,6.046950340E0,1.046805096E1,-4.474950314E0
6.120622715E1,1.824000120E0,1.243050098E0,-5.617050171E0
6.120867061E1,-1.909500062E-1,2.269500047E-1,-1.473000050E0
6.121111400E1,2.113049984E0,3.115050077E0,9.559500217E-1
6.121355738E1,4.435950279E0,1.238100052E1,1.800000072E-1
6.121600098E1,1.828050137E0,5.796000481E0,-5.629500151E-1
6.121844437E1,-4.980000257E-1,7.660500407E-1,-1.104000092E0
6.122088775E1,3.306000233E0,3.807000160E0,6.040500402E-1
6.122333121E1,7.090950489E0,1.229505062E1,-5.373000145E0
6.122577460E1,2.752950191E0,4.777050018E0,-8.818950653E0
6.122821798E1,-9.409500360E-1,2.884950161E0,-4.216950417E0
6.123066137E1,1.141050100E0,4.530000210E0,-1.159050107E0
6.123310498E1,3.967050076E0,1.093005085E1,-3.292950153E0
6.123554837E1,3.241050243E0,7.338000298E0,-3.943950176E0
6.123799175E1,1.363950014E0,5.212050438E0,-1.396050096E0
6.124043515E1,3.208050251E0,7.747950554E0,-7.590000629E-1
6.124287861E1,5.413050175E0,1.316805077E1,-4.377000332E0
6.124532200E1,3.346050262E0,9.856950760E0,-6.135000229E0
6.124776538E1,2.062950134E0,7.542000294E0,-3.469950199E0
6.125020900E1,3.001950026E0,1.085595036E1,2.005050182E0
6.125265240E1,4.321050167E0,1.446405029E1,1.609500051E-1
6.125509578E1,4.126950264E0,1.167900085E1,-1.509000063E0
6.125753917E1,1.711050034E0,9.406949997E0,-1.875000119E0
6.125998263E1,1.006950021E0,1.206000042E1,-1.995000124E0
6.126242601E1,5.488950253E0,1.739400101E1,2.830950022E0
6.126486962E1,6.279000282E0,1.541700077E1,-7.056000233E0
6.126731278E1,2.937000036E0,1.057500076E1,-3.420000076E0
6.126975639E1,2.395950079E0,1.117395020E1,-9.900000691E-2
6.127219978E1,3.058950186E0,1.542195034E1,7.789500356E-1
6.127464324E1,2.592000008E0,1.563000107E1,2.425950050E0
6.127708662E1,2.868000031E0,8.968950272E0,-6.898050308E0
6.127953001E1,1.860000134E0,8.217000008E0,-7.686000347E0
6.128197339E1,3.169050217E0,1.011105061E1,-7.056000233E0
6.128441701E1,6.085050106E0,1.262505054E1,-6.846000195E0
6.128686039E1,4.536000252E0,9.109950066E0,-6.871950150E0
6.128930377E1,1.213050008E0,4.927050114E0,-1.827000141E0
6.129174715E1,1.588950038E0,5.515950203E0,1.849500090E-1
6.129419061E1,4.753950119E0,1.225395012E1,3.408000231E0
6.129663400E1,3.112050056E0,8.470950127E0,-4.000500143E-1
6.129907761E1,-4.309500158E-1,1.068000078E0,-1.131000042E0
6.130152099E1,1.020000055E-1,1.357050061E0,4.239000320E0
6.130396438E1,2.282999992E0,9.498000145E0,1.818000078E0
6.130640776E1,4.396950245E0,9.546000481E0,3.255000114E0
6.130885122E1,3.684000254E0,2.883000135E0,3.705000132E-2
6.131129461E1,2.647050142E0,4.872000217E0,-2.263050079E0
6.131373800E1,5.902950287E0,1.013700008E1,-3.525000095E0
6.131618138E1,6.655050278E0,9.807000160E0,-8.529000282E0
6.131862499E1,1.768950105E0,7.270950317E0,-6.634950161E0
6.132106838E1,-7.395000011E-2,4.674000263E0,-6.589500308E-1
6.132351177E1,2.962950230E0,7.666050434E0,1.075950027E0
6.132595522E1,6.820950508E0,1.055205059E1,-3.343050241E0
6.132839861E1,5.101050377E0,3.498000145E0,-7.152000427E0
6.133084200E1,5.209500194E-1,3.448050261E0,-3.349950075E0
6.133328538E1,2.041949987E0,8.016000748E0,4.219500124E-1
6.133572899E1,4.090950012E0,1.321395016E1,-2.970000207E-1
6.133817238E1,2.544000149E0,9.450000763E0,-2.469000101E0
6.134061576E1,2.910000086E-1,6.213000298E0,-3.810000122E-1
6.134305922E1,9.190500379E-1,7.293000221E0,1.330500096E-1
6.134550261E1,4.210950375E0,1.272105026E1,-2.947950125E0
6.134794598E1,5.013000011E0,8.631000519E0,-7.192950249E0
6.135038959E1,1.098000050E0,5.539950371E0,-5.272950172E0
6.135283298E1,-2.400000021E-2,5.875050068E0,1.279050112E0
6.135527636E1,1.752000093E0,1.225095081E1,2.374050140E0
6.135771975E1,2.178000212E0,1.384395027E1,1.890000105E0
6.136016321E1,9.259500504E-1,7.894050598E0,7.459500432E-1
6.136260659E1,5.640000105E-1,8.157000542E0,1.195950031E0
6.136505020E1,4.812000275E0,1.179195023E1,-4.290000200E-1
6.136749336E1,7.410000324E0,1.105695057E1,-7.030050278E0
6.136993699E1,5.548950195E0,8.193000793E0,-9.016950607E0
6.137238038E1,1.725000024E0,8.230950356E0,-5.359050274E0
6.137482384E1,2.002950191E0,1.116900063E1,1.119000077E0
6.137726722E1,3.433050156E0,1.451400089E1,3.628050089E0
6.137971061E1,2.607000113E0,1.323300076E1,-4.095000029E-2
6.138215399E1,1.512000084E0,9.591000557E0,-5.800500512E-1
6.138459760E1,2.439000130E0,1.089900017E1,6.469500065E-1
6.138704099E1,5.499000072E0,1.337400055E1,-2.881050110E0
6.138948438E1,6.720000267E0,1.219905090E1,-6.285000324E0
6.139192784E1,2.677950144E0,1.079595089E1,-8.722949982E0
6.139437123E1,-1.200000010E-2,9.694050789E0,-2.103000164E0
6.139681461E1,1.357050061E0,1.034100056E1,1.902000070E0
6.139925800E1,4.623000145E0,1.380495071E1,5.989500284E-1
6.140170161E1,4.101000309E0,1.157595062E1,-2.335050106E0
6.140414500E1,4.174950123E0,7.377000332E0,-3.178050041E0
6.140658838E1,7.158000469E0,8.380050659E0,-3.048000097E0
6.140903176E1,1.005795002E1,9.535950661E0,-4.894050121E0
6.141147522E1,7.729950428E0,8.380050659E0,-9.514950752E0
6.141391861E1,3.001950026E0,7.554000378E0,-8.158050537E0
6.141636223E1,1.006950021E0,6.699000359E0,-3.480000198E-1
6.141880539E1,2.206950188E0,1.116195011E1,3.528000116E0
6.142124900E1,3.163950205E0,1.237095070E1,2.259000063E0
6.142369239E1,1.290000081E0,6.378000259E0,1.999500096E-1
6.142613585E1,4.489500225E-1,4.021950245E0,3.499500155E-1
6.142857924E1,2.901000023E0,6.730050087E0,-3.043950081E0
6.143102263E1,5.377050400E0,7.068000317E0,-6.778950214E0
6.143346601E1,2.556000233E0,4.711950302E0,-8.413949966E0
6.143590962E1,-1.870500147E-1,2.490000010E0,-2.773050070E0
6.143835301E1,8.749500513E-1,4.309950352E0,2.545950174E0
6.144079638E1,1.222950101E0,1.141305065E1,3.091950178E0
6.144323984E1,1.153050065E0,7.840950489E0,1.270050049E0
6.144568323E1,-3.280500174E-1,1.456050038E0,-6.490500569E-1
6.144812661E1,-4.210500121E-1,3.406950235E0,2.449500114E-1
6.145057000E1,1.800000072E0,8.855999947E0,2.163000107E0
6.145301363E1,5.845950127E0,7.092000484E0,-1.741050124E0
6.145545701E1,2.689950228E0,2.806050062E0,-5.293950081E0
6.145790040E1,1.279500127E-1,4.906050205E0,-2.395050049E0
6.146034378E1,5.190000534E-1,8.992950439E0,-3.120000064E-1
6.146278724E1,2.086950064E0,1.169100094E1,1.123950005E0
6.146523063E1,1.159950018E0,8.148000717E0,-8.940000534E-1
6.146767424E1,7.060500383E-1,8.242950439E0,1.018050075E0
6.147011763E1,3.649950266E0,1.059705067E1,1.561950088E0
6.147256101E1,6.181050301E0,1.108305073E1,-4.585950375E0
6.147500440E1,6.568950176E0,1.054905033E1,-9.561000824E0
6.147744787E1,1.600950122E0,1.011105061E1,-8.680050850E0
6.147989126E1,7.290000319E-1,1.119795036E1,-4.264950275E0
6.148233464E1,3.160050154E0,1.481805038E1,-2.002050161E0
6.148477803E1,5.584950447E0,1.232595062E1,-5.341950417E0
6.148722164E1,4.146000385E0,9.466950417E0,-5.256000042E0
6.148966503E1,2.731050014E0,9.601050377E0,-2.899950027E0
6.149210842E1,4.951050282E0,9.100950241E0,-2.866050243E0
6.149455180E1,7.705950260E0,8.671950340E0,-6.112950325E0
6.149699526E1,4.540950298E0,7.780950546E0,-7.909050465E0
6.149943865E1,1.219950080E0,6.012000084E0,-3.907950163E0
6.150188227E1,1.645950079E0,6.606000423E0,1.393950105E0
6.150432565E1,4.026000023E0,1.172700024E1,1.509000063E0
6.150676904E1,3.496950150E0,7.744950294E0,-1.885050058E0
6.150921242E1,2.523000002E0,3.462000132E0,-1.111050010E0
6.151165591E1,3.342000246E0,6.160050392E0,1.300500035E-1
6.151409930E1,7.444950581E0,6.733050346E0,-2.503050089E0
6.151654268E1,6.816000462E0,6.607950211E0,-4.708050251E0
6.151898607E1,2.202000141E0,6.838050365E0,-3.934050083E0
6.152142968E1,7.939500213E-1,6.958050251E0,7.860000134E-1
6.152387307E1,4.249500334E-1,8.338950157E0,2.709000111E0
6.152631653E1,-8.400000632E-2,9.127050400E0,1.369950056E0
6.152875991E1,1.800000109E-2,6.079050064E0,-1.267050028E0
6.153120330E1,-6.319500208E-1,6.000000477E0,4.990500212E-1
6.153364691E1,3.700500131E-1,6.280050278E0,1.363050103E0
6.153609030E1,1.278000116E0,1.018500042E1,8.580000401E-1
6.153853368E1,2.560950041E0,1.084095097E1,7.789500356E-1
6.154097707E1,3.045000076E0,8.265000343E0,-1.144950032E0
6.154342053E1,3.198000193E0,1.001805019E1,-1.469999999E-1
6.154586391E1,3.064050198E0,1.344105053E1,-7.005000114E-2
6.154830730E1,2.712000132E0,1.349400043E1,2.800050020E0
6.155075068E1,7.255950451E0,7.519950390E0,3.820500076E-1
6.155319430E1,5.331000328E0,5.563950062E0,-8.212950706E0
6.155563768E1,6.105000496E0,8.145000458E0,-9.646950722E0
6.155808107E1,5.391000271E0,9.333000183E0,-7.768050194E0
6.156052445E1,4.168050289E0,8.703000069E0,-5.292000294E0
6.156296791E1,2.947050095E0,8.598000526E0,-6.880500317E-1
6.156541130E1,2.190000057E0,9.574950218E0,2.821050167E0
6.156785468E1,1.788000107E0,1.219905090E1,1.524000049E0
6.157029830E1,2.037000179E0,1.255800056E1,3.631050110E0
6.157274170E1,1.405050039E0,8.859000206E0,1.870950103E0
6.157518509E1,3.820500076E-1,8.083050728E0,-2.188950062E0
6.157762855E1,9.300000221E-2,1.063800049E1,-6.109500527E-1
6.158007193E1,2.389050007E0,1.315695095E1,3.726000071E0
6.158251532E1,3.217050076E0,1.273500061E1,1.951950073E0
6.158495870E1,1.948050141E0,9.201000214E0,-1.573950052E0
6.158740232E1,2.506050110E0,1.024005032E1,-8.890500665E-1
6.158984570E1,4.635000229E0,1.163895035E1,-7.119000435E0
6.159228909E1,5.389050484E0,1.005795002E1,-8.734950066E0
6.159473247E1,2.022000074E0,8.076000214E0,-8.530950546E0
6.159717593E1,8.295000345E-2,6.886050224E0,-3.460050106E0
6.159961932E1,2.856000185E0,7.750050545E0,-1.175999999E0
6.160206293E1,5.628000259E0,9.544050217E0,-5.112000465E0
6.160450632E1,4.029000282E0,6.706050396E0,-4.155000210E0
6.160694970E1,1.690050125E0,4.144050121E0,-1.020000100E0
6.160939316E1,9.259500504E-1,7.237950325E0,1.354050040E0
6.161183647E1,1.378050089E0,1.187805080E1,2.556000233E0
6.161427993E1,8.130000234E-1,6.888000488E0,1.210500076E-1
6.161672332E1,1.411950111E0,2.775000095E0,4.609500170E-1
6.161916693E1,4.836000443E0,7.201950550E0,1.963950038E0
6.162161030E1,6.864000320E0,7.884000301E0,-1.933050036E0
6.162405368E1,7.828950405E0,6.121950150E0,-7.228950500E0
6.162649707E1,3.042000055E0,6.529050350E0,-8.457000732E0
6.162894053E1,1.084050059E0,6.478950500E0,-6.376050472E0
6.163138391E1,5.382000446E0,8.667000771E0,-1.518000126E0
6.163382730E1,9.211950302E0,8.871000290E0,-1.339050055E0
6.163627068E1,6.856050491E0,7.243050575E0,-2.689050198E0
6.163871430E1,2.698050022E0,8.005949974E0,-2.950500250E-1
6.164115768E1,8.320500255E-1,1.015905094E1,1.296000004E0
6.164360114E1,3.457050085E0,1.212195015E1,-1.096950054E0
6.164604453E1,6.009000301E0,1.199505043E1,-6.640050411E0
6.164848791E1,4.132050037E0,1.097100067E1,-7.513950348E0
6.165093130E1,1.396950126E0,1.169400024E1,-2.710950136E0
6.165337491E1,1.156050086E0,1.297500038E1,2.146050215E0
6.165581829E1,3.229050159E0,1.346505070E1,1.441950083E0
6.165826168E1,4.189050198E0,1.394895077E1,-1.741050124E0
6.166070514E1,3.105000257E0,1.102095032E1,-3.321000099E0
6.166314853E1,1.171950102E0,1.021200085E1,-2.268000126E0
6.166559191E1,3.793950081E0,1.229205036E1,-3.669000149E0
6.166803528E1,4.084050179E0,1.163595009E1,-6.693000317E0
6.167047889E1,9.520500302E-1,1.089195061E1,-6.403050423E0
6.167292228E1,-7.050000131E-3,7.024950504E0,8.530500531E-1
6.167536574E1,3.799500167E-1,7.852950573E0,1.969500035E-1
6.167780905E1,3.375000238E0,1.372200108E1,2.617950201E0
6.168025250E1,1.974000096E0,8.548050880E0,-1.111050010E0
6.168269589E1,6.360000372E-1,2.095050097E0,-9.319500327E-1
6.168513928E1,2.779050112E0,4.252050400E0,1.384950042E0
6.168758289E1,5.974950314E0,9.760950089E0,9.000000358E-2
6.169002628E1,3.351000071E0,6.655950546E0,-3.478950262E0
6.169246966E1,1.591050029E0,2.215050220E0,-1.483050108E0
6.169491312E1,-5.700000525E-1,4.489050388E0,8.460000157E-1
6.169735651E1,1.687050104E0,8.851950645E0,1.081050038E0
6.169979989E1,3.399000168E0,8.662050247E0,1.132950068E0
6.170224328E1,3.543000221E0,8.657999992E0,-2.419500053E-1
6.170468686E1,3.018000126E0,9.594000816E0,-2.422950029E0
6.170713025E1,3.679050207E0,1.168605042E1,-2.098050117E0
6.170957364E1,6.733950138E0,1.230705070E1,-5.479050159E0
6.171201702E1,5.473050117E0,1.073805046E1,-7.035000324E0
6.171446048E1,3.009000063E0,9.144000053E0,-5.064000130E0
6.171690387E1,1.002000093E0,1.095405006E1,2.359500080E-1
6.171934748E1,5.427000046E0,1.421700096E1,1.830000043E0
6.172179087E1,1.016505051E1,1.387695026E1,-4.819950104E0
6.172423425E1,9.459000587E0,9.328050613E0,-9.529950142E0
6.172667771E1,4.335000038E0,1.266600037E1,-8.662950516E0
6.172912110E1,3.496950150E0,1.461000061E1,-3.364050150E0
6.173156449E1,5.707050323E0,1.479705048E1,-4.019999981E0
6.173400787E1,4.824000359E0,1.363995075E1,-6.694950104E0
6.173645148E1,2.623050213E0,1.107300091E1,-3.043950081E0
6.173889487E1,1.375950098E0,7.710000515E0,-2.140500098E-1
6.174133827E1,4.237050056E0,8.713050842E0,-3.739500046E-1
6.174378166E1,5.233050346E0,8.655000687E0,-3.570000172E0
6.174622512E1,3.765000105E0,4.396049976E0,-6.003000259E0
6.174866851E1,1.474050045E0,3.787950277E0,-4.564050198E0
6.175111187E1,2.116050005E0,4.846050262E0,-9.079500437E-1
6.175355548E1,4.057950020E0,7.195050240E0,-6.495000422E-2
6.175599887E1,1.981950045E0,6.397050381E0,1.180950046E0
6.175844226E1,1.020000055E-1,5.719950199E0,2.910000086E0
6.176088564E1,-2.088000059E0,6.180000305E0,2.328000069E0
6.176332908E1,-2.301000118E0,6.796950340E0,-6.469500065E-1
6.176577247E1,-8.590500355E-1,5.410950184E0,3.006000042E0
6.176821585E1,4.609500170E-1,4.161000252E0,5.610000491E-1
6.177065946E1,5.470499992E-1,6.256050110E0,7.260000110E-1
6.177310285E1,8.440500498E-1,6.856950283E0,-8.620500565E-1
6.177554623E1,2.116050005E0,8.017950058E0,2.127000093E0
6.177798969E1,2.506050110E0,7.477050304E0,1.525950074E0
6.178043308E1,1.219950080E0,5.032950401E0,-1.129500046E-1
6.178287646E1,1.084050059E0,6.678000450E0,-9.169500470E-1
6.178531985E1,2.212050200E0,9.385950089E0,1.282050014E0
6.178776349E1,7.536000252E0,9.325950623E0,4.651050091E0
6.179020688E1,1.029705048E1,2.752950191E0,-1.192905045E1
6.179265034E1,7.237050533E0,4.225950241E0,-1.794105148E1
6.179509365E1,7.138950348E0,7.333950520E0,-1.600905037E1
6.179753711E1,6.946950436E0,7.128000259E0,-1.224000072E1
6.179998048E1,3.054000139E0,5.836950302E0,-5.578950405E0
6.180242409E1,2.245050192E0,6.226950169E0,1.557000041E0
6.180486748E1,1.759500057E-1,1.131495094E1,5.794950485E0
6.180731087E1,-3.370500207E-1,7.042050362E0,6.220950127E0
6.180975425E1,6.205050468E0,4.846050262E0,1.654950023E0
6.181219772E1,5.185050011E0,4.297950268E0,-5.368050098E0
6.181464110E1,2.875050068E0,4.225950241E0,-7.047000408E0
6.181708449E1,5.311950207E0,4.708950043E0,-6.855000496E0
6.181952787E1,8.072999954E0,5.184000015E0,-6.715950489E0
6.182197148E1,2.905950069E0,5.859000206E0,-3.943950176E0
6.182441489E1,1.414050102E0,6.532050133E0,1.998000145E0
6.182685827E1,5.760000348E-1,1.045095062E1,2.371050119E0
6.182930173E1,1.297050118E0,1.023105049E1,-1.920000017E-1
6.183174512E1,1.255950093E0,8.682000160E0,8.869500160E-1
6.183418851E1,1.077000022E0,8.586000443E0,1.106999993E0
6.183663210E1,1.333050013E0,9.393000603E0,-1.660500020E-1
6.183907526E1,4.915050030E0,1.038600063E1,2.677950144E0
6.184151887E1,8.956050873E0,1.002705002E1,-7.084950447E0
6.184396226E1,4.969950199E0,8.928000450E0,-8.107950211E0
6.184640572E1,2.362050056E0,1.285695076E1,-2.770950079E0
6.184884910E1,2.106000185E0,1.383900070E1,3.960000277E-1
6.185129249E1,1.681950092E0,1.342905045E1,-3.910500109E-1
6.185373610E1,2.707050085E0,1.473000050E1,2.179949999E0
6.185617949E1,2.572950125E0,1.284300041E1,1.570500135E-1
6.185862287E1,8.800500631E-1,1.120500088E1,-1.432050109E0
6.186106626E1,9.660000205E-1,1.287900066E1,-2.830500007E-1
6.186350972E1,2.821950197E0,1.476495075E1,3.379050255E0
6.186595310E1,1.588950038E0,1.063095093E1,-2.220000029E0
6.186839649E1,1.380000114E-1,9.589050293E0,-3.550500274E-1
6.187084010E1,4.660500288E-1,1.042200089E1,1.332000017E0
6.187328350E1,1.741950035E0,1.377405071E1,8.560500145E-1
6.187572689E1,2.443950176E0,1.015605068E1,4.521000385E0
6.187817034E1,9.672000885E0,4.767000198E0,-3.883950233E0
6.188061373E1,1.010505009E1,6.718050480E0,-1.175400066E1
6.188305712E1,6.516000271E0,7.959000587E0,-8.152950287E0
6.188550071E1,3.538050175E0,8.710050583E0,-5.625000477E0
6.188794410E1,2.724000216E0,6.811950207E0,-2.637000084E0
6.189038749E1,2.902950048E0,8.193000793E0,3.160950184E0
6.189283087E1,2.001000166E0,1.007295036E1,3.051000118E0
6.189527433E1,1.363950014E0,1.162905025E1,2.404950142E0
6.189771772E1,2.434050083E0,1.232805061E1,4.059000015E0
6.190016110E1,2.575050116E0,1.005600071E1,2.782950163E0
6.190260449E1,2.247000217E0,9.955050468E0,1.408950090E0
6.190504810E1,8.677950859E0,8.871000290E0,-7.723950386E0
6.190749148E1,8.944050789E0,7.930050373E0,-1.751895142E1
6.190993496E1,3.816000223E0,7.207050323E0,-1.885095024E1
6.191237827E1,3.460500240E-1,5.476050377E0,-1.135200024E1
6.191482173E1,1.471950054E0,5.550000191E0,-2.351999998E0
6.191726512E1,5.425050259E0,9.790050507E0,3.051000118E0
6.191970873E1,5.025000095E0,1.024995041E1,1.906950116E0
6.192215188E1,2.776950121E0,7.044000149E0,1.915950060E0
6.192459549E1,1.989000082E0,6.912000179E0,1.936050057E0
6.192703888E1,1.606050134E0,8.811000824E0,3.882000208E0
6.192948234E1,2.061000109E0,9.295050621E0,2.484000206E0
6.193192571E1,2.032050133E0,7.815000534E0,3.037050247E0
6.193436909E1,4.330500066E-1,8.287050247E0,-1.546950102E0
6.193681270E1,1.170000061E-1,9.631950378E0,-1.657050133E0
6.193925609E1,1.656000137E0,1.023105049E1,3.849000216E0
6.194169948E1,4.002000332E0,1.178700066E1,-1.558950067E0
6.194414286E1,4.029000282E0,1.127505016E1,-5.823000431E0
6.194658632E1,3.090000153E0,1.028100014E1,-6.381000519E0
6.194902971E1,2.398050070E0,1.097505093E1,-3.931950092E0
6.195147332E1,5.179950237E0,1.228305054E1,-6.115050316E0
6.195391671E1,3.763050079E0,1.127895069E1,-8.470950127E0
6.195636009E1,2.170500159E-1,1.085295010E1,-4.702950001E0
6.195880348E1,8.710500598E-1,1.124595070E1,-6.900000572E-1
6.196124694E1,4.924050331E0,1.240695095E1,-1.183050036E0
6.196369032E1,7.591050148E0,1.158600044E1,-4.914000034E0
6.196613371E1,5.748000145E0,9.703950882E0,-8.629050255E0
6.196857710E1,3.150000095E0,6.181950092E0,-8.167050362E0
6.197102071E1,3.129000187E0,4.405050278E0,-7.260000229E0
6.197346410E1,8.164050102E0,4.240050316E0,-1.296795082E1
6.197590748E1,5.815050125E0,3.193950176E0,-1.354695034E1
6.197835086E1,3.547950268E0,3.271050215E0,-5.412000179E0
6.198079429E1,3.294000149E0,4.069950104E0,5.665950298E0
6.198323768E1,4.182000160E0,7.999050617E0,7.210050106E0
6.198568106E1,5.508000374E0,5.598000050E0,2.860050201E0
6.198812468E1,6.136050224E0,4.686000347E0,2.878950119E0
6.199056806E1,5.494050026E0,3.939000130E0,9.900000691E-1
6.199301154E1,4.812000275E0,5.503950119E0,-5.847000122E0
6.199545485E1,7.132050514E0,4.696950436E0,-1.236195087E1
6.199789831E1,4.147950172E0,4.401000023E0,-1.079595089E1
6.200034169E1,5.500500202E-1,5.073000431E0,-1.690950036E0
6.200278531E1,1.102950096E0,6.120000362E0,5.079000473E0
6.200522870E1,2.271000147E0,1.012995052E1,-2.659500241E-1
6.200767208E1,3.990000248E0,1.110000038E1,1.236000061E0
6.201011547E1,2.992050171E0,9.900000572E0,1.569000125E0
6.201255893E1,2.155950069E0,1.029300022E1,-1.969500035E-1
6.201500231E1,1.297050118E0,1.101405048E1,5.400000140E-2
6.201744568E1,1.192050099E0,1.073295021E1,-6.300000548E-1
6.201988929E1,2.038950205E0,1.195500088E1,-9.490500689E-1
6.202233268E1,1.705950022E0,1.149705029E1,5.200500488E-1
6.202477614E1,2.910000086E-1,9.010050774E0,-3.790500164E-1
6.202721945E1,-3.450000286E-1,1.076895046E1,-1.983000040E0
6.202966292E1,3.060000241E-1,1.287900066E1,1.572000027E0
6.203210631E1,7.369500399E-1,1.093005085E1,1.531050086E0
6.203454992E1,5.910000205E-1,7.561050415E0,3.289500177E-1
6.203699331E1,3.990000188E-1,7.210950375E0,-4.510500133E-1
6.203943669E1,1.441050053E0,1.074105072E1,1.390050054E0
6.204188008E1,2.869950056E0,8.212050438E0,4.240950108E0
6.204432354E1,1.977000117E0,4.522950172E0,2.902950048E0
6.204676693E1,1.611000061E0,5.667000294E0,2.176950216E0
6.204921031E1,2.500950098E0,9.529050827E0,-2.830500007E-1
6.205165370E1,4.498050213E0,1.179900074E1,3.583050251E0
6.205409732E1,1.004295063E1,9.838050842E0,-6.934050560E0
6.205654070E1,3.187950134E0,8.599950790E0,-1.108800030E1
6.205898409E1,1.563000083E0,8.665050507E0,-6.472050190E0
6.206142755E1,1.339950085E0,1.265595055E1,-3.520050049E0
6.206387093E1,4.981950283E0,1.285995102E1,-2.185950041E0
6.206631432E1,2.191950083E0,1.064505005E1,-3.709050179E0
6.206875770E1,2.616000175E0,1.241895103E1,3.373950243E0
6.207120132E1,2.992050171E0,1.202895069E1,1.350000054E-1
6.207364470E1,2.592000008E0,1.257900047E1,-1.846050143E0
6.207608816E1,5.302950382E0,1.303905106E1,2.509950161E0
6.207853155E1,4.102950096E0,1.056600094E1,-4.710000038E0
6.208097493E1,2.104050159E0,7.426950455E0,-3.726000071E0
6.208341832E1,3.507000208E0,9.168000221E0,-3.454950094E0
6.208586193E1,6.969000340E0,1.133700085E1,-4.594950199E0
6.208830532E1,5.439000130E0,8.722050667E0,-8.521950722E0
6.209074870E1,1.527000070E0,6.025950432E0,-5.553000450E0
6.209319209E1,5.950500369E-1,5.932950497E0,1.114050031E0
6.209563555E1,3.006000042E0,9.069000244E0,2.958000183E0
6.209807893E1,4.251000404E0,1.056795025E1,2.505000122E-2
6.210052232E1,1.933950067E0,5.332050323E0,-9.970500469E-1
6.210296593E1,1.867050052E0,4.258950233E0,9.280500412E-1
6.210540932E1,2.559000015E0,6.591000080E0,-1.521000028E0
6.210785278E1,6.556950092E0,5.782050133E0,-4.012950420E0
6.211029616E1,6.889950275E0,3.523950100E0,-8.503050804E0
6.211273957E1,1.278000116E0,6.145950317E0,-8.991000175E0
6.211518295E1,1.600950122E0,5.800950050E0,-5.890050411E0
6.211762656E1,6.033000469E0,5.962050438E0,-1.621050119E0
6.212006995E1,6.423000336E0,6.426000118E0,-1.630950093E0
6.212251334E1,3.844050169E0,6.334950447E0,-2.110050201E0
6.212495672E1,1.549500078E-1,6.706050396E0,-8.580000401E-1
6.212740018E1,4.590000212E-1,6.016950130E0,1.399050117E0
6.212984357E1,3.808050156E0,7.843950272E0,-2.823000193E0
6.213228695E1,4.483950138E0,7.482000351E0,-7.566000462E0
6.213473034E1,1.672950029E0,7.093950272E0,-6.994050503E0
6.213717398E1,9.705000371E-2,7.831950188E0,-2.184000015E0
6.213961737E1,6.100500226E-1,7.891050339E0,1.794000030E0
6.214206076E1,4.299000263E0,8.605050087E0,-1.767000079E0
6.214450421E1,4.318050385E0,8.919000626E0,-3.757050276E0
6.214694760E1,7.065000534E0,7.975050449E0,-4.384050369E0
6.214939100E1,4.828050137E0,7.726050377E0,-3.304950237E0
6.215183462E1,4.990950108E0,8.952000618E0,-2.566950083E0
6.215427800E1,6.397050381E0,1.022400093E1,-5.481000423E0
6.215672139E1,3.421050072E0,1.067595005E1,-3.787950277E0
6.215916485E1,3.319500089E-1,1.020000076E1,-3.400500119E-1
6.216160823E1,-9.000000544E-3,1.025505066E1,1.689000130E0
6.216405162E1,3.022950172E0,1.204995060E1,3.940050125E0
6.216649500E1,6.286950111E0,1.201695061E1,-3.823950291E0
6.216893861E1,5.287950039E0,9.556050301E0,-4.296000004E0
6.217138201E1,2.853000164E0,9.046050072E0,-3.793050289E0
6.217382539E1,4.189050198E0,1.167900085E1,-2.941050053E0
6.217626877E1,5.305050373E0,1.310595036E1,-4.333950043E0
6.217871223E1,4.867050171E0,1.220805073E1,-3.534000158E0
6.218115562E1,2.097000122E0,1.049400043E1,-1.036949992E0
6.218359923E1,8.899500370E-1,1.055400085E1,1.441950083E0
6.218604262E1,1.135950089E0,1.159305096E1,4.390500188E-1
6.218848600E1,4.618050098E0,1.210500050E1,1.248000026E0
6.219092946E1,4.552950382E0,1.161705017E1,-3.417000055E0
6.219337285E1,1.948050141E0,9.192000389E0,-3.439050198E0
6.219581622E1,2.109000206E0,1.063500023E1,9.705000371E-2
6.219825961E1,4.539000034E0,1.222995090E1,-1.106999993E0
6.220070322E1,4.954950333E0,1.131495094E1,-3.321000099E0
6.220314661E1,2.274000168E0,1.136595058E1,-2.524050236E0
6.220559000E1,8.779500127E-1,1.017105007E1,7.170000076E-1
6.220803338E1,3.366000175E0,1.065405083E1,2.842950106E0
6.221047684E1,7.000050545E0,1.104195023E1,-1.879950047E0
6.221292023E1,6.259950161E0,8.430000305E0,-4.831950188E0
6.221536361E1,2.938950062E0,8.932950020E0,-4.143000126E0
6.221780700E1,1.840050101E0,9.289950371E0,-1.015950084E0
6.222025059E1,4.924050331E0,1.040805054E1,-1.399050117E0
6.222269398E1,6.532950401E0,9.424050331E0,-5.682000160E0
6.222513744E1,3.696000099E0,7.291050434E0,-7.897050381E0
6.222758083E1,1.783050060E0,6.939000130E0,-5.155050278E0
6.223002421E1,2.464950085E0,7.176000118E0,-2.895000219E0
6.223246759E1,6.303000450E0,9.013950348E0,-3.814950228E0
6.223491120E1,6.229050159E0,7.291050434E0,-4.887000084E0
6.223735459E1,3.837000132E0,7.767000198E0,-4.582950115E0
6.223979798E1,1.411950111E0,6.603000164E0,-1.843950033E0
6.224224144E1,1.801950097E0,5.916000366E0,-1.201950073E0
6.224468483E1,2.161050081E0,8.137949944E0,-6.949500442E-1
6.224712822E1,1.042950034E0,4.437000275E0,-1.638000131E0
6.224957160E1,-5.050500035E-1,4.429050446E0,-7.950000167E-1
6.225201521E1,1.174950004E0,4.018050194E0,2.116950035E0
6.225445860E1,5.937000275E0,5.215050220E0,2.020500153E-1
6.225690206E1,6.523950100E0,6.763950348E0,-3.475050211E0
6.225934545E1,3.025950193E0,7.795950413E0,-4.155000210E0
6.226178883E1,1.999500096E-1,7.717050552E0,-5.580000281E-1
6.226423245E1,1.380000114E-1,8.526000023E0,8.890500665E-1
6.226667583E1,1.984050035E0,1.221300030E1,1.477950096E0
6.226911922E1,2.737950087E0,8.758049965E0,-3.360000134E0
6.227156261E1,1.330050111E0,7.216050148E0,-4.554000378E0
6.227400607E1,1.081050038E0,6.658050537E0,-3.727950096E0
6.227644945E1,3.484950066E0,8.887950897E0,-3.292950153E0
6.227889284E1,7.524000168E0,8.374950409E0,-7.144950390E0
6.228133624E1,5.025000095E0,7.153950214E0,-9.781050682E0
6.228377985E1,2.085000038E0,7.975050449E0,-6.421950340E0
6.228622324E1,1.804050088E0,6.405000210E0,-3.550950050E0
6.228866662E1,4.038000107E0,8.148000717E0,-3.618000269E0
6.229111000E1,3.964050293E0,7.099050522E0,-6.217950344E0
6.229355345E1,1.957950115E0,7.333950520E0,-4.720050335E0
6.229599684E1,2.820000052E-1,7.101000309E0,5.710500479E-1
6.229844045E1,1.800000072E0,6.820950508E0,4.332000256E0
6.230088361E1,6.160050392E0,7.918050289E0,2.368950129E0
6.230332720E1,7.339950562E0,8.815950394E0,7.005000114E-2
6.230577059E1,3.871050119E0,6.730050087E0,1.420500129E-1
6.230821405E1,1.345050097E0,7.252050400E0,1.156949997E0
6.231065744E1,2.688000202E0,8.242950439E0,-3.120000064E-1
6.231310082E1,5.968050480E0,7.822050571E0,-5.230050087E0
6.231554445E1,4.681950092E0,7.093950272E0,-7.774950504E0
6.231798784E1,2.869950056E0,7.756950378E0,-6.700050354E0
6.232043122E1,1.287000060E0,8.653050423E0,-3.034050226E0
6.232287460E1,3.952050209E0,8.623950005E0,-1.839000106E0
6.232531807E1,6.445050240E0,7.894050598E0,-3.630000114E0
6.232776142E1,4.512000084E0,7.840950489E0,-4.444050312E0
6.233020503E1,1.737000108E0,6.982050419E0,-3.028950214E0
6.233264819E1,2.230950117E0,6.289950371E0,-1.885050058E0
6.233509180E1,4.927050114E0,6.844950199E0,-3.379050255E0
6.233753519E1,4.261050224E0,6.294000149E0,-4.348950386E0
6.233997863E1,1.426050067E0,6.180000305E0,-1.641000032E0
6.234242202E1,-7.395000011E-2,7.141950130E0,3.034050226E0
6.234486540E1,-1.132050037E0,8.938050270E0,4.087950230E0
6.234730902E1,1.986000061E0,8.418000221E0,2.644050121E0
6.234975240E1,4.366050243E0,9.625050545E0,2.806950092E0
6.235219579E1,3.238950253E0,9.364050865E0,2.536050081E0
6.235463918E1,1.588950038E0,9.259050369E0,4.605000094E-2
6.235708264E1,1.789950132E0,1.285995102E1,4.729500115E-1
6.235952602E1,6.093000412E0,1.321905041E1,-3.640500307E-1
6.236196941E1,3.093000174E0,1.073100090E1,-5.151000023E0
6.236441280E1,3.708000183E0,1.155495071E1,-4.735949993E0
6.236685642E1,4.201050282E0,1.444905090E1,-8.479500413E-1
6.236929980E1,4.993950367E0,1.532295036E1,-6.715950489E0
6.237174319E1,6.370050430E0,1.412100029E1,-4.213950157E0
6.237418657E1,2.839050055E0,1.459305096E1,-4.396049976E0
6.237663002E1,1.833000064E0,1.348005104E1,4.320000112E-1
6.237907341E1,1.524000049E0,1.363995075E1,2.119500041E-1
6.238151702E1,2.223000050E0,1.350405025E1,-7.980000377E-1
6.238396041E1,2.371950150E0,1.219395065E1,-3.046050072E0
6.238640379E1,1.018950105E0,1.020405006E1,-3.217950106E0
6.238884725E1,7.650000453E-1,8.308050156E0,-2.167050123E0
6.239129064E1,3.181050062E0,9.615000725E0,-7.399500608E-1
6.239373402E1,5.161050320E0,1.104495049E1,-1.870050073E0
6.239617741E1,3.208050251E0,6.630000114E0,-5.067000389E0
6.239862102E1,6.960000396E-1,4.762050152E0,-2.280000210E0
6.240106442E1,1.102950096E0,5.104950428E0,9.010500312E-1
6.240350788E1,1.504950047E0,9.667950630E0,1.603050113E0
6.240595119E1,2.355000019E0,5.358000278E0,-1.783950090E0
6.240839465E1,3.160050154E0,6.127050400E0,9.109500647E-1
6.241083804E1,3.079500198E-1,5.398950100E0,2.686950207E0
6.241328164E1,1.800000109E-2,6.463950157E0,2.728050232E0
6.241572502E1,4.644000053E0,6.486000538E0,-2.760000229E-1
6.241816841E1,6.255000114E0,6.903000355E0,-4.387050152E0
6.242061179E1,2.086950064E0,7.065000534E0,-4.765050411E0
6.242305525E1,3.180000186E-1,6.345000267E0,-9.700500369E-1
6.242549866E1,1.599000096E0,6.723000526E0,3.100500107E-1
6.242794204E1,6.469050407E0,7.711950302E0,-4.272000313E0
6.243038566E1,6.859050274E0,6.442950249E0,-7.735950470E0
6.243282904E1,3.739050150E0,7.012950420E0,-7.186050415E0
6.243527243E1,2.662050009E0,6.928950310E0,-4.813050270E0
6.243771581E1,7.675050259E0,6.393000126E0,-3.460050106E0
6.244015927E1,8.185050011E0,6.649050236E0,-7.369950294E0
6.244260266E1,5.020050049E0,6.496050358E0,-7.557000160E0
6.244504604E1,2.266950130E0,6.807000160E0,-4.597949982E0
6.244748943E1,2.893950224E0,7.249950409E0,-1.128000021E0
6.244993303E1,5.647050381E0,7.993950367E0,-2.911950111E0
6.245237641E1,4.953000069E0,7.077000141E0,-3.985050201E0
6.245481980E1,1.335000038E0,9.001950264E0,-1.617000103E0
6.245726326E1,1.692000031E0,9.060000420E0,-5.680500269E-1
6.245970664E1,2.419950008E0,9.079050064E0,2.817000151E0
6.246215026E1,4.361999989E0,9.706050873E0,1.564050078E0
6.246459364E1,5.968050480E0,1.034595013E1,-2.763000250E0
6.246703703E1,5.086950302E0,9.694050789E0,-5.412000179E0
6.246948041E1,3.307950258E0,8.557050705E0,-4.951950073E0
6.247192386E1,4.648950100E0,9.438000679E0,-3.594000101E0
6.247436724E1,6.763050556E0,1.196205044E1,-5.662950039E0
6.247681063E1,6.412950516E0,1.243095016E1,-7.104000568E0
6.247925424E1,3.732000113E0,1.254795074E1,-5.419050217E0
6.248169763E1,3.415950060E0,1.334595108E1,-2.929500043E-1
6.248414101E1,5.239950180E0,1.552200031E1,2.280000150E-1
6.248658447E1,8.262000084E0,1.563195038E1,-6.597000122E0
6.248902786E1,5.532000065E0,1.194495010E1,-7.011000156E0
6.249147124E1,9.040500522E-1,1.140195084E1,-5.136000156E0
6.249391462E1,5.879999995E-1,1.108305073E1,-1.680000126E-1
6.249635824E1,3.823050261E0,1.099200058E1,1.800000109E-2
6.249880163E1,5.365050316E0,9.960000038E0,-3.580050230E0
6.250124501E1,3.327000141E0,9.465000153E0,-1.729050040E0
6.250368847E1,1.860000134E0,6.904950142E0,9.630000591E-1
6.250613186E1,1.374000072E0,5.860950470E0,-4.530000091E-1
6.250857523E1,2.580000162E0,8.575950623E0,4.270500243E-1
6.251101861E1,2.616000175E0,8.215050697E0,1.090050101E0
6.251346222E1,9.259500504E-1,4.156050205E0,6.000000052E-3
6.251590561E1,4.560000300E-1,6.337950230E0,1.167000055E0
6.251834900E1,-3.130500019E-1,9.976950645E0,3.913050175E0
6.252079246E1,8.640000224E-1,7.846050262E0,1.263000011E0
6.252323584E1,3.981000185E0,8.679000854E0,2.050050020E0
6.252567946E1,2.841000080E0,7.374000549E0,-1.993050098E0
6.252812261E1,1.575000048E0,9.220050812E0,1.618950129E0
6.253056622E1,4.125000000E0,8.410950661E0,-2.629050016E0
6.253300962E1,4.981950283E0,6.072000504E0,-9.108000755E0
6.253545308E1,3.130950212E0,6.274950504E0,-8.562000275E0
6.253789647E1,1.227000117E0,6.795000553E0,-4.885050297E0
6.254033985E1,1.275000095E0,7.210950375E0,-7.069500089E-1
6.254278324E1,4.680000305E0,8.931000710E0,5.130000114E-1
6.254522684E1,6.229050159E0,9.651000023E0,-1.954050064E0
6.254767023E1,4.120050430E0,1.019505024E1,-2.815950155E0
6.255011362E1,6.670500040E-1,1.033800030E1,-1.750500053E-1
6.255255708E1,9.780000448E-1,1.099695015E1,1.356000066E0
6.255500046E1,3.025950193E0,1.026705074E1,-8.190000653E-1
6.255744384E1,5.230950356E0,9.556050301E0,-5.706000328E0
6.255988722E1,3.112050056E0,8.466000557E0,-7.710000515E0
6.256233084E1,6.190500259E-1,7.507950306E0,-5.268000126E0
6.256477422E1,3.318000078E0,7.168050289E0,-2.956950188E0
6.256721761E1,6.612000465E0,7.888950348E0,-4.315050125E0
6.256966104E1,5.544000149E0,8.149950027E0,-6.997050285E0
6.257210443E1,1.503000021E0,7.978050232E0,-4.066050053E0
6.257454781E1,7.099500299E-1,8.248050690E0,2.830500007E-1
6.257699120E1,3.861000299E0,8.734050751E0,3.790500164E-1
6.257943481E1,7.156050205E0,6.898050308E0,-5.275050163E0
6.258187820E1,3.804000139E0,7.330950260E0,-5.766000271E0
6.258432166E1,-7.200000435E-2,6.615000248E0,-1.566000104E0
6.258676505E1,1.081050038E0,7.519950390E0,3.658950090E0
6.258920843E1,6.093000412E0,7.683000565E0,1.179000020E0
6.259165180E1,5.410050392E0,7.465050220E0,-3.357000113E0
6.259409542E1,5.740500093E-1,8.536050797E0,-3.922050238E0
6.259653880E1,-4.669500291E-1,7.942050457E0,5.200500488E-1
6.259898219E1,-2.730000019E-1,8.401050568E0,1.264950037E0
6.260142557E1,3.313050270E0,8.464050293E0,-7.950000465E-3
6.260386905E1,5.631000042E0,8.203050613E0,-3.604050159E0
6.260631243E1,4.929000378E0,7.978050232E0,-3.961050272E0
6.260875582E1,2.259000063E0,7.336050510E0,-2.574000120E0
6.261119943E1,1.387950063E0,7.827000141E0,-8.770500422E-1
6.261364282E1,3.454050064E0,8.515950203E0,-1.327050090E0
6.261608620E1,3.388950109E0,9.994050026E0,-2.335050106E0
6.261852966E1,1.359000087E0,8.373000145E0,-1.729500145E-1
6.262097305E1,4.369500279E-1,6.847950459E0,1.095000029E0
6.262341643E1,3.271950245E0,8.020950317E0,2.055000067E0
6.262586005E1,7.290000439E0,8.773050308E0,-4.321950436E0
6.262830343E1,5.844000340E0,9.024000168E0,-7.237950325E0
6.263074682E1,2.335950136E0,9.100950241E0,-3.702000141E0
6.263319020E1,1.699050069E0,9.607950211E0,4.129500091E-1
6.263563366E1,4.945950031E0,1.084605026E1,1.093050003E0
6.263807705E1,6.318000317E0,1.015395069E1,-4.741050243E0
6.264052043E1,3.142950058E0,9.838050842E0,-7.425000191E0
6.264296382E1,1.809000134E0,8.551950455E0,-5.251050472E0
6.264540743E1,3.709950209E0,9.108000755E0,-2.251049995E0
6.264785082E1,7.512000561E0,8.883000374E0,-1.447050095E0
6.265029420E1,7.174950123E0,1.020405006E1,-3.367050171E0
6.265273768E1,2.353049994E0,1.063500023E1,-5.419050217E0
6.265518106E1,4.900500178E-1,1.001505089E1,-4.756050110E0
6.265762468E1,3.957000256E0,9.445050240E0,-3.625050068E0
6.266006806E1,6.718050480E0,9.036000252E0,-4.260000229E0
6.266251145E1,2.908050060E0,9.192000389E0,-3.493950129E0
6.266495484E1,3.580500185E-1,9.189000130E0,-7.120500207E-1
6.266739830E1,2.046000004E0,9.109950066E0,2.302050114E0
6.266984168E1,3.163950205E0,9.862050056E0,2.920050144E0
6.267228507E1,4.800000191E0,1.063305092E1,-3.240000010E-1
6.267472845E1,4.582050323E0,1.111200047E1,-3.682950258E0
6.267717208E1,1.768950105E0,9.711000443E0,-2.530950069E0
6.267961547E1,5.809500217E-1,8.695950508E0,1.603050113E0
6.268205885E1,9.880500436E-1,1.003905010E1,3.000000119E-2
6.268450231E1,2.179949999E0,1.119105053E1,1.500000060E-2
6.268694570E1,2.370000124E0,9.963000298E0,1.469999999E-1
6.268938931E1,2.020050049E0,9.607950211E0,2.329500169E-1
6.269183270E1,1.540950060E0,9.570000648E0,-5.440500379E-1
6.269427608E1,1.227000117E0,1.189200020E1,1.995000057E-2
6.269671947E1,1.816050053E0,1.100895023E1,-2.590500116E-1
6.269916293E1,2.560950041E0,9.826050758E0,1.381950021E0
6.270160633E1,3.580950260E0,7.288050175E0,-5.263050079E0
6.270404971E1,1.872000098E0,6.076950073E0,-7.629000187E0
6.270649310E1,5.752950191E0,3.651000261E0,-9.532050133E0
6.270893671E1,7.978950500E0,3.655950069E0,-1.321500015E1
6.271138010E1,5.391000271E0,4.198950291E0,-1.240005016E1
6.271382348E1,1.480500102E-1,4.969950199E0,-4.729050159E0
6.271626687E1,-6.750000119E-1,6.232050419E0,5.872050285E0
6.271871032E1,1.549500078E-1,6.487950325E0,5.938950062E0
6.272115371E1,4.840050220E0,5.931000233E0,3.232950211E0
6.272359708E1,5.374050140E0,4.948950291E0,-1.188000083E0
6.272604070E1,2.989950180E0,3.253950119E0,-3.381000042E0
6.272848408E1,4.261050224E0,3.721050262E0,-5.545950413E0
6.273092754E1,6.106950283E0,3.886050224E0,-7.152000427E0
6.273337093E1,2.791050196E0,4.768950462E0,-5.565000057E0
6.273581431E1,9.400500655E-1,5.995050430E0,2.050050020E0
6.273825770E1,1.261050105E0,6.280050278E0,5.761950493E0
6.274070131E1,2.704950094E0,8.506950378E0,-8.400000632E-2
6.274314470E1,5.686050415E0,1.078905010E1,1.725000024E0
6.274558808E1,5.965950489E0,1.078395081E1,-3.484050274E0
6.274803147E1,5.319000244E0,1.024305058E1,-4.246050358E0
6.275047493E1,4.029000282E0,1.120305061E1,-4.372050285E0
6.275291854E1,4.543950081E0,1.334805107E1,-2.931000233E0
6.275536170E1,5.104050159E0,1.303200054E1,-4.672049999E0
6.275780531E1,5.656950474E0,1.255605030E1,-7.768050194E0
6.276024875E1,2.307000160E0,1.323105049E1,-4.957050323E0
6.276269221E1,1.780950069E0,1.198095036E1,-1.993050098E0
6.276513559E1,4.654050350E0,1.365705109E1,-6.111000061E0
6.276757898E1,8.200050354E0,1.461195087E1,-4.240950108E0
6.277002236E1,4.924050331E0,1.193100071E1,-5.545950413E0
6.277246598E1,3.495000124E0,1.178505039E1,-1.873050094E0
6.277490936E1,4.483950138E0,1.226295090E1,-1.150050044E0
6.277735275E1,6.447000504E0,1.243605042E1,-3.967950106E0
6.277979613E1,6.283950329E0,1.065000057E1,-5.596050262E0
6.278223959E1,4.263000011E0,1.110900021E1,-5.020950317E0
6.278468298E1,1.432950020E0,9.807000160E0,-1.558950067E0
6.278712637E1,1.905000091E0,7.804950237E0,2.280000210E0
6.278956998E1,1.836000085E0,7.470000267E0,1.950000048E0
6.279201337E1,9.619500637E-1,5.773050308E0,1.488000035E0
6.279445675E1,1.102950096E0,6.342000484E0,2.812050104E0
6.279690022E1,7.290000319E-1,4.623000145E0,-2.023950100E0
6.279934361E1,3.870000243E-1,4.966050148E0,-1.546950102E0
6.280178700E1,2.008050203E0,9.298950195E0,1.876050115E0
6.280423038E1,2.845950127E0,1.174905014E1,1.200000048E0
6.280667399E1,1.984050035E0,9.105000496E0,-5.989500284E-1
6.280911738E1,2.580000162E-1,9.835950851E0,6.105000153E-2
6.281156076E1,-2.302950144E0,9.982050896E0,-4.980000257E-1
6.281400422E1,-3.127050161E0,8.551950455E0,1.512000084E0
6.281644761E1,-1.672950029E0,7.804950237E0,1.437000036E0
6.281889099E1,2.790000141E-1,6.433050156E0,1.519050121E0
6.282133460E1,9.349500537E-1,6.493050098E0,9.730500579E-1
6.282377799E1,2.166000128E0,8.140049934E0,1.975950122E0
6.282622138E1,9.528000832E0,1.032600021E1,3.748050213E0
6.282866476E1,1.282995033E1,6.433050156E0,-1.129200077E1
6.283110822E1,4.273050308E0,7.792950153E0,-1.468005085E1
6.283355161E1,1.705950022E0,8.878050804E0,-9.985050201E0
6.283599522E1,2.641950130E0,9.421050072E0,-2.854050159E0
6.283843861E1,3.940050125E0,9.048000336E0,4.270500243E-1
6.284088199E1,2.761950016E0,7.602000237E0,2.532000065E0
6.284332543E1,2.620950222E0,7.318950176E0,2.829000235E0
6.284576882E1,3.610050201E0,8.028000832E0,6.000000052E-3
6.284821220E1,4.837950230E0,7.840950489E0,-4.393949986E0
6.285065559E1,4.924050331E0,8.634000778E0,-7.830000401E0
6.285309920E1,2.161050081E0,9.342000008E0,-7.602000237E0
6.285554258E1,1.456950068E0,8.968950272E0,-2.368050098E0
6.285798597E1,2.009999990E0,7.855950356E0,-4.219500124E-1
6.286042935E1,5.467950344E0,8.097000122E0,-1.834950089E0
6.286287281E1,6.969000340E0,7.741050243E0,-3.244950056E0
6.286531620E1,4.314000130E0,8.896950722E0,-3.250050068E0
6.286775960E1,1.159950018E0,8.257950783E0,-1.594950080E0
6.287020298E1,2.670000196E-1,8.148000717E0,2.119500041E-1
6.287264659E1,1.101000071E0,1.159500027E1,-2.590500116E-1
6.287509006E1,1.624950051E0,1.088400078E1,-6.760500073E-1
6.287753337E1,1.918950081E0,9.478950500E0,-5.850000381E-1
6.287997682E1,1.443000078E0,8.239050865E0,-8.959500194E-1
6.288242021E1,6.820500493E-1,8.655000687E0,2.950500250E-1
6.288486382E1,1.408950090E0,9.460050583E0,2.280000150E-1
6.288730698E1,2.310000181E0,1.083405018E1,-4.579500258E-1
6.288975059E1,2.511000156E0,1.177005100E1,1.770000100E0
6.289219398E1,1.627050042E0,8.836950302E0,9.060000181E-1
6.289463744E1,3.460950136E0,6.838050365E0,-5.149500370E-1
6.289708083E1,6.196050167E0,8.428050041E0,-3.360000134E0
6.289952421E1,7.729950428E0,8.907000542E0,-6.292950153E0
6.290196760E1,4.153050423E0,7.987050533E0,-7.600050449E0
6.290441122E1,2.425050020E0,6.469050407E0,-4.684050083E0
6.290685469E1,2.056050062E0,4.729050159E0,-1.813050032E0
6.290929800E1,4.735050201E0,6.181950092E0,-1.051950097E0
6.291174146E1,6.484950542E0,7.129950523E0,-2.506950140E0
6.291418484E1,4.369050026E0,6.613050461E0,-2.074050188E0
6.291662847E1,1.696950078E0,5.599950314E0,-4.099500179E-1
6.291907186E1,1.206000090E0,5.406000137E0,1.696050048E0
6.292151524E1,1.507950068E0,9.216000557E0,8.460000157E-1
6.292395863E1,3.876000166E0,5.425050259E0,-1.617000103E0
6.292640208E1,2.839050055E0,5.868000507E0,-3.622950077E0
6.292884547E1,2.602050066E0,6.699000359E0,-3.601050138E0
6.293128886E1,3.210000038E0,8.488050461E0,8.050500154E-1
6.293373247E1,2.680950165E0,1.027605057E1,2.365950108E0
6.293617586E1,3.892050266E0,1.006500053E1,4.849500358E-1
6.293861924E1,3.361050129E0,1.124805069E1,-1.851000071E0
6.294106262E1,2.917950153E0,1.127505016E1,-2.473950148E0
6.294350608E1,2.056050062E0,1.090605068E1,-2.440050125E0
6.294594947E1,2.455950022E0,1.221105099E1,-1.906050086E0
6.294839285E1,3.922950268E0,1.386795044E1,-2.814000130E0
6.295083624E1,3.916050196E0,1.320000076E1,-3.831000090E0
6.295327984E1,2.683050156E0,1.308495045E1,-1.152000070E0
6.295572322E1,3.439950228E0,1.202400017E1,-1.630500108E-1
6.295816668E1,3.427950144E0,1.405395031E1,-4.636050224E0
6.296061007E1,4.825950146E0,1.523205090E1,-3.015000105E0
6.296305345E1,3.037950039E0,1.320900059E1,-4.609050274E0
6.296549706E1,1.339950085E0,1.079100037E1,-3.694950104E0
6.296794044E1,8.800500631E-1,1.041495037E1,-8.119500279E-1
6.297038383E1,1.720950127E0,1.079595089E1,-6.640500426E-1
6.297282721E1,4.216050148E0,9.898050308E0,-2.191050053E0
6.297527067E1,5.238000393E0,8.107049942E0,-4.444050312E0
6.297771405E1,4.486050129E0,7.530000210E0,-6.187050343E0
6.298015767E1,2.788950205E0,6.579000473E0,-5.392050266E0
6.298260082E1,3.231000185E0,5.599950314E0,-3.934050083E0
6.298504444E1,5.026950359E0,3.927000284E0,-2.682000160E0
6.298748782E1,3.922950268E0,4.662000179E0,-2.899950027E0
6.298993127E1,3.729000092E0,6.352050304E0,-2.209950209E0
6.299237465E1,2.520000219E0,5.992950439E0,2.635050058E0
6.299481804E1,2.271000147E0,6.955050468E0,4.336950302E0
6.299726165E1,3.897000074E0,8.559000015E0,1.986000061E0
6.299970504E1,2.323950052E0,9.782999992E0,-1.665000081E0
6.300214842E1,3.850500286E-1,9.012000084E0,-8.460000157E-1
6.300459181E1,-4.399500191E-1,7.747950554E0,1.630950093E0
6.300703527E1,-4.480500221E-1,9.250950813E0,2.860500216E-1
6.300947865E1,9.450000525E-1,1.276395035E1,1.569000125E0
6.301192204E1,3.046950102E0,1.451595116E1,8.839500546E-1
6.301436543E1,3.163950205E0,1.085295010E1,1.267050028E0
6.301680904E1,1.990950108E0,8.980950356E0,-2.970000207E-1
6.301925243E1,4.560000420E0,1.413105106E1,-3.915000200E0
6.302169581E1,7.311000347E0,1.607805061E1,-5.461950302E0
6.302413927E1,6.780000210E0,1.304400063E1,-5.197950363E0
6.302658266E1,2.901000023E0,1.165800095E1,-1.078695011E1
6.302902604E1,5.569500327E-1,1.137795067E1,-6.970500350E-1
6.303146943E1,2.877000093E0,1.105905056E1,-5.659500360E-1
6.303391304E1,3.805950165E0,1.178205013E1,-2.614950180E0
6.303635643E1,3.955050230E0,7.663950443E0,-6.244950294E0
6.303879989E1,3.358050108E0,5.586000443E0,-8.692049980E0
6.304124327E1,3.571050167E0,5.004000187E0,-7.899000168E0
6.304368666E1,3.733950138E0,5.539950371E0,-7.612050533E0
6.304613027E1,1.717950106E0,7.362000465E0,-2.662950039E0
6.304857366E1,-1.731000066E0,4.480050087E0,4.645950317E0
6.305101704E1,6.769500375E-1,-1.039500013E-1,4.239000320E0
6.305346043E1,1.053000093E0,1.482000113E0,2.637000084E0
6.305590389E1,4.534049988E0,2.878050089E0,3.729000092E0
6.305834727E1,7.318950176E0,1.278000116E0,2.164950132E0
6.306079064E1,9.030000687E0,-2.100000158E-2,-5.919000149E0
6.306323426E1,7.026000500E0,1.980000138E0,-1.117695045E1
6.306567764E1,2.731050014E0,3.862050295E0,-1.180395031E1
6.306812110E1,2.989950180E0,5.281950474E0,-1.138995075E1
6.307056449E1,5.760000229E0,4.306950092E0,-1.146705055E1
6.307300788E1,5.262000084E0,3.934050083E0,-7.159050465E0
6.307545126E1,6.001950264E0,4.381050110E0,-2.730000019E0
6.307789487E1,5.022000313E0,4.096950054E0,-1.878000140E0
6.308033826E1,3.124050140E0,4.176000118E0,1.926000118E0
6.308278164E1,3.792000294E0,6.601050377E0,5.143950462E0
6.308522502E1,3.736950159E0,1.141305065E1,5.029050350E0
6.308766847E1,2.914950132E0,1.117395020E1,1.444950104E0
6.309011186E1,3.136050224E0,1.120800018E1,-1.171050072E0
6.309255525E1,3.114000082E0,1.371705055E1,1.126049995E0
6.309499863E1,3.199950218E0,1.547205067E1,2.078999996E0
6.309744224E1,2.695050240E0,1.342200089E1,-2.100000143E0
6.309988563E1,1.675050020E0,1.261305046E1,-1.951950073E0
6.310232901E1,1.824000120E0,1.330005074E1,2.220000029E0
6.310477247E1,1.764000058E0,1.141800022E1,-8.500500321E-1
6.310721586E1,1.338000059E0,1.045800018E1,-7.519500256E-1
6.310965922E1,5.815050125E0,1.154505062E1,-4.155000210E0
6.311210284E1,2.389050007E0,1.094205093E1,-9.340950012E0
6.311454623E1,1.464000106E0,1.097100067E1,-3.952950239E0
6.311698961E1,1.168050051E0,1.037400055E1,-1.645050049E0
6.311943307E1,3.016050100E0,1.140900040E1,5.230500102E-1
6.312187646E1,3.985950232E0,1.417395115E1,1.003950000E0
6.312431984E1,2.692950010E0,1.090605068E1,3.190500140E-1
6.312676345E1,1.405050039E0,7.789050579E0,1.950000077E-1
6.312920684E1,1.270950079E0,8.381999969E0,2.601000071E0
6.313165023E1,3.370500207E-1,1.200195026E1,-5.299500227E-1
6.313409361E1,7.699500322E-1,1.322100067E1,-3.499500155E-1
6.313653707E1,1.093050003E0,1.133400059E1,1.903950095E0
6.313898046E1,1.254000068E0,1.115505028E1,2.830950022E0
6.314142407E1,2.167950153E0,1.315905094E1,1.465950012E0
6.314386744E1,2.374050140E0,1.522995090E1,-3.139500022E-1
6.314631083E1,2.710050106E0,1.378605080E1,1.464000106E0
6.314875429E1,2.073000193E0,1.233300018E1,1.918950081E0
6.315119767E1,2.560950041E0,1.182105064E1,-2.040000111E-1
6.315364106E1,3.042000055E0,1.159305096E1,-4.000500143E-1
6.315608445E1,4.405050278E0,1.186800098E1,1.300950050E0
6.315852807E1,5.901000500E0,1.011105061E1,-8.613000870E0
6.316097145E1,2.544000149E0,9.895050049E0,-1.195005035E1
6.316341484E1,6.700500250E-1,6.747000217E0,-8.488050461E0
6.316585822E1,1.800000109E-2,2.382000208E0,-5.632050037E0
6.316830170E1,4.831050396E0,4.738050461E0,-2.349000216E0
6.317074509E1,5.559000492E0,1.039095020E1,-4.095000267E0
6.317318847E1,3.744000196E0,6.453000069E0,-4.486950397E0
6.317563209E1,3.870000243E-1,8.490000725E0,7.170000076E-1
6.317807547E1,-1.483950019E0,9.727950096E0,5.218050480E0
6.318051893E1,-5.070000291E-1,7.959000587E0,2.943000078E0
6.318296224E1,5.044050217E0,8.208000183E0,3.000000026E-3
6.318540570E1,7.969950199E0,5.617050171E0,-2.601000071E0
6.318784909E1,5.595000267E0,4.401000023E0,-5.959950447E0
6.319029270E1,2.245050192E0,4.342950344E0,-5.100000381E0
6.319273607E1,2.515950203E0,7.020000458E0,-6.760500073E-1
6.319517946E1,3.544950247E0,8.434950829E0,2.569950104E0
6.319762284E1,4.642050266E0,1.173705101E1,-5.320500135E-1
6.320006630E1,3.238950253E0,1.228500080E1,-1.429950118E0
6.320250969E1,2.331000090E0,1.284000015E1,-1.777050138E0
6.320495305E1,3.121050119E0,1.497105026E1,-1.578000069E0
6.320739667E1,3.442050219E0,1.446105099E1,-7.669500113E-1
6.320984005E1,1.531950116E0,1.302000046E1,2.329500169E-1
6.321228344E1,1.618050098E0,1.318500042E1,-3.600000218E-2
6.321472682E1,2.527950048E0,1.465095043E1,-1.216950059E0
6.321717028E1,5.128050327E0,1.389195061E1,-2.140500098E-1
6.321961367E1,3.412950277E0,1.450200081E1,-8.809050560E0
6.322205728E1,2.788950205E0,1.718805122E1,-5.488050461E0
6.322450067E1,2.022000074E0,1.507200050E1,-7.705050468E0
6.322694405E1,1.089000106E0,1.187100029E1,-2.458950043E0
6.322938752E1,4.800000191E-1,8.348999977E0,-6.829500198E-1
6.323183090E1,7.939500213E-1,6.334950447E0,-9.150000215E-1
6.323427429E1,2.419950008E0,7.531950474E0,-1.351050019E0
6.323671767E1,4.041000366E0,4.765050411E0,-5.200950146E0
6.323916129E1,5.523000240E0,1.744950056E0,-6.544050217E0
6.324160467E1,4.752000332E0,2.908950090E0,-4.204950333E0
6.324404806E1,3.520950079E0,5.830050468E0,5.089499950E-1
6.324649152E1,2.937000036E0,8.284049988E0,3.504000187E0
6.324893491E1,2.370000124E0,5.338950157E0,5.200950146E0
6.325137826E1,4.648950100E0,6.025950432E0,1.150050044E0
6.325382164E1,4.668000221E0,4.267050266E0,-3.202050209E0
6.325626525E1,3.508950233E0,2.751000166E0,-7.815000534E0
6.325870864E1,5.827050209E0,1.471950054E0,-9.397950172E0
6.326115202E1,6.502050400E0,2.617050171E0,-8.697000504E0
6.326359549E1,5.101050377E0,2.605050087E0,-8.419050217E0
6.326603888E1,3.148050070E0,1.386000037E0,-5.761050224E0
6.326848249E1,3.421050072E0,1.930050135E0,-3.613050222E0
6.327092588E1,7.729950428E0,2.155050039E0,-1.339050055E0
6.327336926E1,7.648950577E0,2.100000143E0,-2.308950186E0
6.327581264E1,3.436950207E0,4.117949963E0,-6.850500107E-1
6.327825611E1,1.965000153E0,6.022050381E0,-1.510500014E-1
6.328069949E1,4.050000191E0,7.498950481E0,-3.055950165E0
6.328314288E1,6.105000496E0,9.534000397E0,-4.483050346E0
6.328558626E1,4.726050377E0,1.132005024E1,-2.014050007E0
6.328802988E1,3.174000263E0,1.189200020E1,-4.309500158E-1
6.329047334E1,1.222950101E0,1.316100025E1,8.250000477E-1
6.329291665E1,1.788000107E0,1.153095055E1,2.718000174E0
6.329536011E1,1.831050038E0,1.137000084E1,7.410000563E-1
6.329780350E1,1.171950102E0,1.195005035E1,-3.135000229E0
6.330024711E1,1.717950106E0,1.137000084E1,-2.634000063E0
6.330269026E1,-3.105000220E-2,9.757050514E0,-6.421950340E0
6.330513388E1,1.282950044E0,1.126995087E1,-3.499050140E0
6.330757727E1,1.965000153E0,1.321200085E1,-4.186050415E0
6.331002072E1,4.294950008E0,1.403295040E1,-5.175000191E0
6.331246411E1,2.869950056E0,1.304400063E1,-2.955000162E0
6.331490750E1,1.704000115E0,1.117605019E1,-8.650500178E-1
6.331735111E1,1.572000027E0,1.119105053E1,1.240950108E0
6.331979450E1,2.305050135E0,1.244100094E1,1.057050109E0
6.332223788E1,2.896050215E0,1.318305016E1,-6.495000422E-2
6.332468129E1,2.998950243E0,1.051605034E1,-4.461000443E0
6.332712474E1,6.643050194E0,8.005949974E0,-6.408000469E0
6.332956813E1,6.363000393E0,7.161000252E0,-9.589950562E0
6.333201152E1,5.274000168E0,6.286950111E0,-8.215050697E0
6.333445490E1,5.428950310E0,7.329000473E0,-5.698950291E0
6.333689851E1,4.608000278E0,7.089000225E0,-2.443050146E0
6.333934198E1,3.109050035E0,6.132000446E0,1.339050055E0
6.334178536E1,3.142950058E0,8.095050812E0,2.299050093E0
6.334422875E1,3.054000139E0,8.797050476E0,2.424000025E0
6.334667213E1,2.503950119E0,9.189000130E0,9.180000424E-1
6.334911574E1,1.102950096E0,9.654000282E0,-1.030500084E-1
6.335155913E1,4.249500334E-1,9.634950638E0,-6.780000329E-1
6.335400251E1,2.509500086E-1,9.217950821E0,5.350500345E-1
6.335644597E1,8.280000687E-1,8.467950821E0,1.368000031E0
6.335888934E1,1.735050082E0,8.638050079E0,8.205000311E-2
6.336133272E1,1.893000126E0,9.895050049E0,-6.109500527E-1
6.336377611E1,3.052050114E0,1.088205051E1,-8.190000653E-1
6.336621972E1,2.235000134E0,9.850050926E0,-2.665050030E0
6.336866311E1,5.590500236E-1,8.581050873E0,1.159500033E-1
6.337110649E1,-4.020000100E-1,8.334000587E0,-1.699500084E-1
6.337354995E1,-1.201950073E0,1.087005043E1,-6.490500569E-1
6.337599334E1,-2.071050167E0,7.975050449E0,1.162050009E0
6.337843695E1,-2.935050249E0,8.140049934E0,-1.990500093E-1
6.338088011E1,-2.866050243E0,8.101950645E0,-1.473000050E0
6.338332373E1,-2.380050182E0,8.602950096E0,-8.980500698E-1
6.338576711E1,-2.193000078E0,9.931050301E0,1.519500017E-1
6.338821057E1,-1.257000089E0,1.084095097E1,-1.119000077E0
6.339065396E1,1.192050099E0,1.033395004E1,-3.739500046E-1
6.339309734E1,2.869950056E0,9.060000420E0,4.110000134E0
6.339554073E1,3.451950073E0,7.039050102E0,4.363049984E0
6.339798434E1,3.363000154E0,8.892000198E0,3.343050241E0
6.340042773E1,4.431000233E0,1.088400078E1,4.621950150E0
6.340287111E1,5.635050297E0,1.049895096E1,5.577000141E0
6.340531457E1,4.644000053E0,1.131105042E1,3.409950256E0
6.340775796E1,3.198000193E0,1.237800026E1,3.937050104E0
6.341020134E1,1.206000090E0,1.329105091E1,-1.207050085E0
6.341264496E1,2.463000059E0,1.196205044E1,3.436950207E0
6.341508834E1,1.361505032E1,7.755000591E0,-6.879000187E0
6.341753173E1,4.524000168E0,5.527950287E0,-2.673300171E1
6.341997518E1,2.659050226E0,4.539000034E0,-2.923005104E1
6.342241857E1,5.116050243E0,5.100000381E0,-2.282505035E1
6.342486195E1,7.489050388E0,6.709050179E0,-1.630305099E1
6.342730557E1,6.346050262E0,6.277950287E0,-9.226050377E0
6.342974895E1,2.131950140E0,1.265595055E1,1.168950081E0
6.343219234E1,2.100000158E-2,9.418950081E0,7.306050301E0
6.343463572E1,1.294050097E0,1.024995041E1,5.914950371E0
6.343707918E1,3.751050234E0,9.328050613E0,4.372950077E0
6.343952257E1,6.397050381E0,9.061950684E0,5.649000168E0
6.344196595E1,8.250000000E0,8.457000732E0,6.549000263E0
6.344440960E1,8.443950653E0,4.554000378E0,-6.142050266E0
6.344685299E1,6.495000362E0,4.264050007E0,-1.314795017E1
6.344929637E1,3.247950077E0,7.470000267E0,-1.067400074E1
6.345173983E1,3.487950087E0,8.334000587E0,-5.151000023E0
6.345418322E1,3.471000195E0,8.947050095E0,-1.234050035E0
6.345662660E1,3.229050159E0,9.400050163E0,9.040500522E-1
6.345906999E1,2.607000113E0,9.763950348E0,1.849500090E-1
6.346151360E1,2.532000065E0,9.334950447E0,-2.341950178E0
6.346395699E1,5.452950478E0,8.287050247E0,-5.977050304E0
6.346640045E1,6.250950336E0,6.924000263E0,-9.541950226E0
6.346884383E1,4.219950199E0,6.675000191E0,-1.121100044E1
6.347128722E1,2.415000200E0,5.107050419E0,-9.472050667E0
6.347373060E1,2.001000166E0,3.840000153E0,-5.076000214E0
6.347617421E1,2.725950241E0,5.746050358E0,-2.160000086E0
6.347861760E1,4.729950428E0,5.101950169E0,1.347000122E0
6.348106097E1,4.254000187E0,4.045950413E0,9.280500412E-1
6.348350443E1,1.843050122E0,4.603950024E0,-7.309500575E-1
6.348594782E1,2.109000206E0,6.700500250E-1,-6.450000405E-1
6.348839143E1,4.852050304E0,3.829500079E-1,-2.340000153E0
6.349083482E1,8.535000801E0,1.065000057E0,-3.918000221E0
6.349327822E1,8.282999992E0,4.210500121E-1,-7.071000099E0
6.349572160E1,4.042950153E0,3.145950079E0,-7.734000206E0
6.349816506E1,-7.905000448E-2,4.219050407E0,-8.055000305E0
6.350060845E1,2.580000162E-1,5.440050125E0,3.529500067E-1
6.350305183E1,7.440000176E-1,1.030005074E1,1.414050102E0
6.350549544E1,2.215950012E0,9.306000710E0,3.118050098E0
6.350793883E1,1.627050042E0,1.152795029E1,-3.265950203E0
6.351038222E1,1.014000058E0,1.195200062E1,-6.970500350E-1
6.351282560E1,9.979500771E-1,1.186605072E1,1.177050114E0
6.351526906E1,1.575000048E0,1.501395035E1,-9.150000215E-1
6.351771243E1,2.973000050E0,1.655205154E1,-9.799500704E-1
6.352015581E1,2.415000200E0,1.634595108E1,2.565000057E0
6.352259942E1,1.417050123E0,1.792395020E1,2.338050127E0
6.352504281E1,1.101000071E0,1.494705105E1,5.950500369E-1
6.352748620E1,1.810500026E-1,1.572105122E1,4.729500115E-1
6.352992966E1,-5.100000501E-1,1.520805073E1,2.613000154E0
6.353237304E1,-8.380500674E-1,1.495200062E1,6.760500073E-1
6.353481643E1,8.200500607E-1,1.420500088E1,4.915950298E0
6.353725981E1,2.887050152E0,1.114305019E1,6.030000210E0
6.353970343E1,4.495950222E0,1.188495064E1,6.658950329E0
6.354214681E1,4.041000366E0,1.222995090E1,6.496950150E0
6.354459027E1,3.775050163E0,9.649050713E0,5.674950123E0
6.354703366E1,4.560000420E0,6.325950146E0,7.210050106E0
6.354947704E1,2.487000227E0,7.551000595E0,1.846950054E0
6.355192043E1,2.197050095E0,8.454000473E0,-1.213950038E0
6.355436404E1,4.726050377E0,8.497050285E0,7.876050472E0
6.355680743E1,1.666095161E1,6.189000130E0,-1.041795063E1
6.355925081E1,1.143000031E1,6.474000454E0,-3.269400024E1
6.356169427E1,4.483950138E0,1.025205040E1,-3.508905029E1
6.356413767E1,-1.057950020E0,1.017795086E1,-1.882395172E1
6.356658129E1,1.831050038E0,9.943050385E0,-6.253950119E0
6.356902444E1,2.161050081E0,9.157950401E0,2.292000055E0
6.357146806E1,2.178000212E0,1.603905106E1,4.050000191E0
6.357391145E1,2.407950163E0,1.285695076E1,4.102050304E0
6.357635491E1,1.278000116E0,7.615950584E0,1.693950057E0
6.357879830E1,1.587000132E0,9.241950035E0,2.613000154E0
6.358124168E1,2.551050186E0,1.302705097E1,1.417950034E0
6.358368530E1,3.010950089E0,1.269705105E1,1.641000032E0
6.358612870E1,2.094000101E0,1.088895035E1,7.120500207E-1
6.358857208E1,2.167950153E0,9.955050468E0,-2.490000129E-1
6.359101547E1,2.383949995E0,1.027905083E1,5.470499992E-1
6.359345893E1,2.604000092E0,1.009200001E1,-5.080500245E-1
6.359590254E1,2.334000111E0,1.050405025E1,-3.930000067E-1
6.359834573E1,1.881000042E0,1.083405018E1,1.459050059E0
6.360078934E1,8.010000587E-1,9.216000557E0,4.249500334E-1
6.360323273E1,6.169500351E-1,7.911000252E0,1.654950023E0
6.360567611E1,8.400000334E-1,8.655000687E0,1.689000130E0
6.360811950E1,1.330050111E0,9.406949997E0,1.296000004E0
6.361056296E1,1.524000049E0,7.567950249E0,1.342050076E0
6.361300634E1,7.030950546E0,6.663000107E0,-2.233950138E0
6.361544996E1,5.161050320E0,9.340050697E0,-1.343205070E1
6.361789334E1,4.584000111E0,8.773050308E0,-1.393800068E1
6.362033673E1,1.074000001E0,1.038600063E1,-1.052595043E1
6.362278019E1,7.530000210E-1,1.058295059E1,-2.248950005E0
6.362522357E1,3.829950094E0,1.013505077E1,1.042050004E0
6.362766696E1,4.005000114E0,9.985950470E0,-4.309500158E-1
6.363011034E1,3.676950216E0,8.179050446E0,-2.026050091E0
6.363255394E1,4.420950413E0,7.495950222E0,-4.717050076E0
6.363499740E1,6.331950188E0,8.409000397E0,-6.052950382E0
6.363744071E1,6.463950157E0,9.354000092E0,-7.653000355E0
6.363988417E1,5.863050461E0,9.025950432E0,-7.891950607E0
6.364232756E1,3.697950125E0,9.052950859E0,-6.099000454E0
6.364477117E1,2.046000004E0,9.295050621E0,-2.586000204E0
6.364721432E1,1.981950045E0,8.052000046E0,2.910000086E-1
6.364965794E1,4.084050179E0,7.579950333E0,7.980000377E-1
6.365210132E1,6.583050251E0,7.321950436E0,-8.070000410E-1
6.365454478E1,6.921000481E0,7.695000172E0,-2.548050165E0
6.365698817E1,5.044050217E0,8.193000793E0,-2.814000130E0
6.365943155E1,2.488950014E0,9.316050529E0,-1.003950000E0
6.366187517E1,1.491000056E0,1.140600014E1,7.600500584E-1
6.366431855E1,2.242950201E0,1.155705070E1,-7.039500475E-1
6.366676194E1,4.539000034E0,1.022805023E1,-4.420050144E0
6.366920540E1,5.164050102E0,9.582000732E0,-7.558950424E0
6.367164878E1,3.178950071E0,8.764950752E0,-4.891950130E0
6.367409217E1,2.656950235E0,7.582950592E0,-9.580500722E-1
6.367653555E1,3.210000038E0,9.064949989E0,7.410000563E-1
6.367897917E1,4.828050137E0,1.020900059E1,-1.261950016E0
6.368142254E1,3.670050144E0,7.954050541E0,-2.245950222E0
6.368386592E1,2.310000181E0,6.334950447E0,-2.119050026E0
6.368630938E1,1.998000145E0,7.686000347E0,-2.248950005E0
6.368875277E1,3.748950243E0,8.229000092E0,-1.960950136E0
6.369119640E1,4.678050041E0,7.690050602E0,-2.613000154E0
6.369363978E1,3.205050230E0,7.333950520E0,-3.585000277E0
6.369608317E1,1.669950128E0,6.859950542E0,-2.493000031E0
6.369852655E1,5.929500461E-1,5.899050236E0,-1.047000051E0
6.370097001E1,4.039500058E-1,3.378000259E0,-1.500000060E-2
6.370341340E1,3.724950075E0,3.520050049E0,3.580500185E-1
6.370585679E1,4.558050156E0,2.679000139E0,-4.429950237E0
6.370830040E1,3.756000280E0,2.617050171E0,-3.388050079E0
6.371074379E1,1.309050083E0,2.634000063E0,-7.590000629E-1
6.371318725E1,1.135950089E0,2.812950134E0,-3.538950205E0
6.371563056E1,3.507000208E0,4.951050282E0,1.516950130E0
6.371807402E1,4.036050320E0,6.316050529E0,-1.090050101E0
6.372051741E1,2.475000143E0,6.334950447E0,-2.998050213E0
6.372296102E1,6.910500526E-1,6.045000076E0,-3.172950268E0
6.372540441E1,2.913000107E0,7.519950390E0,-4.960950375E0
6.372784779E1,4.206000328E0,6.237000465E0,-6.022050381E0
6.373029125E1,4.761000156E0,6.318000317E0,-4.411050320E0
6.373273464E1,4.900050163E0,5.977950096E0,-4.279050350E0
6.373517802E1,3.421050072E0,4.732950211E0,-2.586000204E0
6.373762164E1,4.033950329E0,5.587950230E0,-1.042050004E0
6.374006503E1,5.329050064E0,6.201000214E0,-2.316000223E0
6.374250841E1,6.994950294E0,9.103050232E0,-4.167000294E0
6.374495180E1,5.700000286E0,9.594000816E0,-4.498950005E0
6.374739526E1,4.500000000E0,9.927000046E0,-4.273950100E0
6.374983865E1,2.980050087E0,1.031700039E1,-3.987000227E0
6.375228203E1,9.660000205E-1,1.045605087E1,-1.618950129E0
6.375472564E1,2.560950041E0,9.309000015E0,-2.044950008E0
6.375716903E1,5.994000435E0,9.838050842E0,-5.598000050E0
6.375961241E1,7.489050388E0,9.313950539E0,-8.221950531E0
6.376205587E1,4.699050426E0,8.422950745E0,-8.188950539E0
6.376449925E1,2.800950050E0,7.999050617E0,-6.582000256E0
6.376694264E1,4.405050278E0,9.625050545E0,-2.227050066E0
6.376938602E1,4.522050381E0,1.052295017E1,-9.250500202E-1
6.377182963E1,4.351950169E0,9.967050552E0,-1.951950073E0
6.377427302E1,4.623000145E0,8.989950180E0,-2.763000250E0
6.377671646E1,3.640950203E0,8.641050339E0,-3.343050241E0
6.377915985E1,3.198000193E0,8.204999924E0,-3.043950081E0
6.378160324E1,4.182000160E0,8.758049965E0,-2.409000158E0
6.378404662E1,5.877000332E0,9.084000587E0,-2.947950125E0
6.378649023E1,3.514050245E0,9.991050720E0,-4.408050060E0
6.378893359E1,1.648950100E0,1.035795021E1,6.469500065E-1
6.379137698E1,6.600000262E-1,8.808000565E0,1.792050123E0
6.379382044E1,1.110000014E0,1.028100014E1,8.530500531E-1
6.379626382E1,7.819500566E-1,1.222005081E1,-3.550500274E-1
6.379870744E1,9.139500260E-1,1.082895088E1,7.360500097E-1
6.380115082E1,1.605000161E-2,9.108000755E0,6.930000186E-1
6.380359421E1,8.989500403E-1,8.404050827E0,8.200500607E-1
6.380603759E1,1.666050076E0,8.559000015E0,-4.630500078E-1
6.380848105E1,1.824000120E0,9.000000000E0,-2.179500163E-1
6.381092445E1,2.440950155E0,9.900000572E0,6.160500050E-1
6.381336784E1,2.086950064E0,9.409049988E0,-3.090000153E-1
6.381581145E1,1.540950060E0,7.710000515E0,-4.605000094E-2
6.381825484E1,2.362050056E0,5.574000359E0,-6.160500050E-1
6.382069822E1,1.147950053E0,6.268050194E0,-6.132000446E0
6.382314168E1,1.129050016E0,6.304050446E0,-4.942050457E0
6.382558507E1,1.006950021E0,7.024950504E0,-4.815000057E0
6.382802845E1,7.129500508E-1,6.771000385E0,-1.674000025E0
6.383047184E1,1.302000046E0,5.683950424E0,1.186050057E0
6.383291545E1,2.347950220E0,7.314000130E0,1.504950047E0
6.383535885E1,2.779050112E0,8.059050560E0,1.483050108E0
6.383780224E1,2.583000183E0,7.377000332E0,9.199500680E-1
6.384024570E1,2.113049984E0,7.647000313E0,4.579500258E-1
6.384268908E1,1.231950045E0,6.514950275E0,-1.291050076E0
6.384513270E1,2.656950235E0,7.068000317E0,-1.843950033E0
6.384757585E1,3.475950241E0,8.734050751E0,-2.926050186E0
6.385001946E1,4.953000069E0,9.781050682E0,-4.510950089E0
6.385246285E1,4.066950321E0,8.554950714E0,-5.152950287E0
6.385490631E1,1.929000139E0,8.902050018E0,-3.151050091E0
6.385734970E1,2.560950041E0,9.570000648E0,-2.220000029E0
6.385979308E1,3.241050243E0,9.310950279E0,-2.364000082E0
6.386223670E1,4.429050446E0,1.041705036E1,-2.524050236E0
6.386468008E1,5.809950352E0,9.963000298E0,-3.811950207E0
6.386712354E1,5.200050354E0,9.000000000E0,-4.947000027E0
6.386956685E1,4.060050011E0,9.025950432E0,-6.120000362E0
6.387201031E1,3.436950207E0,8.607000351E0,-6.022050381E0
6.387445370E1,3.223950148E0,8.727000237E0,-5.124000072E0
6.387689731E1,4.090950012E0,8.230950356E0,-4.678950310E0
6.387934070E1,6.583050251E0,8.404050827E0,-5.188950062E0
6.388178408E1,6.174000263E0,7.741050243E0,-6.007950306E0
6.388422753E1,4.812000275E0,7.633050442E0,-5.269950390E0
6.388667091E1,4.729950428E0,7.960950375E0,-3.024000168E0
6.388911430E1,5.797950268E0,8.550000191E0,-6.300000548E-1
6.389155791E1,7.647000313E0,8.977950096E0,-6.540000439E-1
6.389400130E1,6.186000347E0,8.224050522E0,-2.713050127E0
6.389644468E1,3.849000216E0,8.662050247E0,-4.000950336E0
6.389888807E1,3.955050230E0,8.722050667E0,-2.173950195E0
6.390133153E1,4.780950069E0,9.796950340E0,-1.513950109E0
6.390377491E1,4.615050316E0,1.063095093E1,-3.196950197E0
6.390621830E1,4.005000114E0,1.096605015E1,-1.789050102E0
6.390866191E1,3.208050251E0,1.060695076E1,-1.480050087E0
6.391110529E1,2.520000219E0,1.079805088E1,-2.152950048E0
6.391354868E1,2.905950069E0,1.076895046E1,-4.035000324E0
6.391599206E1,3.564000130E0,1.125495052E1,-3.562950134E0
6.391843552E1,4.216050148E0,1.127895069E1,-4.846950054E0
6.392087915E1,2.677950144E0,1.122405052E1,-2.509950161E0
6.392332254E1,2.652000189E0,1.119600010E1,-1.024950027E0
6.392576592E1,3.387000084E0,1.128405094E1,-1.234050035E0
6.392820931E1,2.832000017E0,1.110495090E1,-6.420000196E-1
6.393065277E1,3.220050097E0,1.099005032E1,-2.016000032E0
6.393309615E1,3.543000221E0,9.838050842E0,-3.673050165E0
6.393553953E1,3.279000044E0,6.850050449E0,-5.461950302E0
6.393798315E1,3.982950211E0,6.397050381E0,-6.325950146E0
6.394042653E1,4.861950397E0,6.850050449E0,-7.945050240E0
6.394286992E1,5.238000393E0,5.545050144E0,-8.992950439E0
6.394531336E1,5.698050499E0,4.783950329E0,-7.939950466E0
6.394775675E1,2.631000042E0,4.804950237E0,-4.171050072E0
6.395020036E1,-6.370500326E-1,5.143050194E0,1.504950047E0
6.395264352E1,4.159500301E-1,4.936950207E0,6.358050346E0
6.395508713E1,3.330000162E0,4.063050270E0,2.613000154E0
6.395753051E1,5.398050308E0,3.244050264E0,-9.820500612E-1
6.395997397E1,4.939050198E0,2.041949987E0,-2.088000059E0
6.396241736E1,4.126950264E0,2.619000196E0,-4.936950207E0
6.396486074E1,2.619000196E0,3.904950142E0,-9.859950066E0
6.396730435E1,1.540950060E0,4.306950092E0,-1.011405087E1
6.396974774E1,1.989000082E0,4.458000183E0,-7.450950146E0
6.397219112E1,3.550050259E0,4.426949978E0,-5.967000484E0
6.397463451E1,4.299000263E0,4.495950222E0,-4.935000420E0
6.397707797E1,4.723050117E0,4.161000252E0,-4.399050236E0
6.397952136E1,2.334000111E0,4.903050423E0,-3.453000069E0
6.398196475E1,3.751050234E0,5.326950073E0,-1.276950002E0
6.398440836E1,6.042000294E0,6.322950363E0,-7.005000114E-2
6.398685174E1,9.270000458E0,9.967050552E0,-5.890500546E-1
6.398929513E1,1.016805077E1,1.135095024E1,-4.714950085E0
6.399173851E1,9.895050049E0,1.304595089E1,-8.227050781E0
6.399418197E1,7.207950115E0,1.398300076E1,-8.986050606E0
6.399662536E1,4.231950283E0,1.451400089E1,-7.891950607E0
6.399906897E1,1.567050099E0,1.254795074E1,-3.051000118E0
6.400151236E1,8.640000224E-1,1.080495071E1,4.572000027E0
6.400395573E1,1.639050126E0,1.039095020E1,2.764050245E0
6.400639919E1,2.403000116E0,1.220100021E1,-1.525950074E0
6.400884258E1,7.006950378E0,1.261095047E1,-5.187000275E0
6.401128596E1,4.989000320E0,1.146900082E1,-9.118050575E0
6.401372958E1,2.844000101E0,1.354395103E1,-7.540050507E0
6.401617298E1,2.125050068E0,1.592400074E1,-4.681050301E0
6.401861636E1,3.238950253E0,1.510305119E1,-1.060500070E-1
6.402105975E1,3.411000252E0,1.477305031E1,4.249500334E-1
6.402350321E1,1.893000126E0,1.181805038E1,-2.400000095E-1
6.402594660E1,2.890500128E-1,8.373000145E0,1.830000043E0
6.402839020E1,7.095000148E-2,6.718050480E0,5.440500379E-1
6.403083358E1,1.500000119E0,5.301000118E0,7.005000114E-2
6.403327697E1,3.457050085E0,6.517050266E0,-3.937050104E0
6.403572043E1,7.275000572E0,5.575950146E0,-6.301950455E0
6.403816381E1,5.479950428E0,3.019050121E0,-5.934000492E0
6.404060721E1,2.223000050E0,6.037950516E0,-2.404050112E0
6.404305083E1,2.968050241E0,8.011050224E0,1.404000044E0
6.404549421E1,6.076050282E0,1.004895020E1,3.300000191E0
6.404793760E1,6.768000126E0,9.685050011E0,1.648050070E0
6.405038098E1,2.616000175E0,9.129000664E0,7.740000486E-1
6.405282447E1,5.790000558E-1,8.832000732E0,2.890950203E0
6.405526786E1,-3.730500042E-1,1.017105007E1,5.590500236E-1
6.405771124E1,1.668000102E0,1.102800083E1,3.529500067E-1
6.406015485E1,5.073000431E0,1.070505047E1,-4.819500148E-1
6.406259824E1,2.463000059E0,8.527950287E0,-3.790950298E0
6.406504162E1,2.539950132E0,9.658050537E0,-4.284000397E0
6.406748508E1,2.254950047E0,1.076205063E1,-3.979950190E0
6.406992847E1,1.651050091E0,1.026195049E1,-2.289000034E0
6.407237208E1,1.218000054E0,1.053000069E1,1.729500145E-1
6.407481547E1,1.144050002E0,1.105695057E1,2.070000172E-1
6.407725886E1,5.209500194E-1,8.775000572E0,-3.430500031E-1
6.407970224E1,4.005000368E-2,7.585050583E0,-1.530000091E0
6.408214570E1,1.144050002E0,1.025505066E1,7.890000343E-1
6.408458909E1,2.233050108E0,1.088700008E1,2.493000031E0
6.408703247E1,3.988050222E0,9.342000008E0,3.769500256E-1
6.408947608E1,7.077000141E0,9.229950905E0,-3.727950096E0
6.409191947E1,6.366000175E0,9.364050865E0,-6.745050430E0
6.409436285E1,6.916050434E0,8.184000015E0,-9.760050774E0
6.409680624E1,5.491950035E0,7.614000320E0,-1.305705070E1
6.409924970E1,1.978950143E0,4.788000107E0,-1.157700062E1
6.410169331E1,8.520000577E-1,4.019999981E0,-3.075000048E0
6.410413670E1,5.974950314E0,3.547950268E0,1.849050045E0
6.410658008E1,9.579000473E0,2.947050095E0,-1.186050057E0
6.410902347E1,7.189050198E0,4.338000298E0,-1.012950063E0
6.411146691E1,3.199950218E0,5.868000507E0,-3.240000010E-1
6.411391022E1,2.178000212E0,7.156050205E0,-1.561950088E0
6.411635368E1,3.661950111E0,9.364050865E0,-2.626950026E0
6.411879707E1,2.788950205E0,8.551950455E0,-4.492050171E0
6.412124068E1,5.824050426E0,8.457000732E0,-8.788050652E0
6.412368407E1,5.395950317E0,7.257000446E0,-1.011405087E1
6.412612745E1,1.255950093E0,5.815950394E0,-7.228950500E0
6.412857091E1,1.612950087E0,4.767000198E0,-2.220000029E0
6.413101430E1,4.480950356E0,4.669050217E0,1.294050097E0
6.413345768E1,6.832050323E0,5.437050343E0,-7.189500332E-1
6.413590130E1,7.536000252E0,7.111050129E0,-1.666950107E0
6.413834469E1,8.901000023E0,8.149950027E0,-3.750000238E0
6.414078815E1,8.173049927E0,8.578950882E0,-7.597950459E0
6.414323146E1,6.982950211E0,9.970050812E0,-9.142050743E0
6.414567492E1,3.186000109E0,9.454950333E0,-7.702950478E0
6.414811831E1,-4.305000231E-2,7.639950275E0,1.174050093E0
6.415056192E1,7.605000585E-2,9.553050041E0,2.563050032E0
6.415300531E1,1.831050038E0,1.048695087E1,1.465950012E0
6.415544869E1,4.741950035E0,1.020705032E1,2.479500175E-1
6.415789215E1,5.092050076E0,7.768950462E0,-3.084000111E0
6.416033554E1,3.202950239E0,7.762050152E0,-2.847000122E0
6.416277893E1,2.440950155E0,1.144695091E1,-1.642950058E0
6.416522254E1,3.018000126E0,1.434900093E1,-1.849050045E0
6.416766593E1,2.911050081E0,1.371000099E1,-1.560000032E-1
6.417010931E1,9.829500318E-1,1.214400101E1,1.027950048E0
6.417255271E1,1.894950032E0,1.057305050E1,-1.027950048E0
6.417499617E1,2.628000021E0,9.373950005E0,-4.084949970E0
6.417743978E1,3.925950289E0,8.287050247E0,-6.082050323E0
6.417988294E1,4.594050407E0,8.500050545E0,-9.556050301E0
6.418232655E1,4.170000076E0,8.072999954E0,-9.283050537E0
6.418476994E1,4.246950150E0,6.345000267E0,-7.174050331E0
6.418721332E1,7.624950409E0,6.498000145E0,-6.481950283E0
6.418965678E1,9.064050674E0,6.783000469E0,-9.898050308E0
6.419210017E1,4.279950142E0,6.249000072E0,-9.870000839E0
6.419454378E1,6.900000572E-2,3.451950073E0,-2.263050079E0
6.419698717E1,-1.135050058E0,5.623950481E0,5.668050289E0
6.419943055E1,7.750500441E-1,4.087049961E0,5.038050175E0
6.420187394E1,6.612000465E0,2.023050070E0,1.590000093E-1
6.420431740E1,5.475000381E0,1.341000080E0,-1.794000030E0
6.420676078E1,3.130950212E0,4.065000057E0,3.190500140E-1
6.420920416E1,3.391950130E0,4.408050060E0,-1.477950096E0
6.421164778E1,5.298000336E0,7.570950508E0,-5.400000095E0
6.421409116E1,3.298950195E0,7.222950459E0,-6.925050259E0
6.421653455E1,1.582050085E0,6.952950478E0,-6.076950073E0
6.421897793E1,-1.579500139E-1,4.963050365E0,-6.192000389E0
6.422142141E1,1.950000064E-3,4.525050163E0,9.109500647E-1
6.422386479E1,4.041000366E0,5.389050484E0,-6.919500232E-1
6.422630841E1,8.142000198E0,7.294950485E0,-4.438950062E0
6.422875179E1,6.712950230E0,7.329000473E0,-5.910000324E0
6.423119516E1,5.089050293E0,9.238950729E0,-3.357000113E0
6.423363862E1,7.852050304E0,1.240005016E1,-3.891000271E0
6.423608201E1,7.516950130E0,1.243605042E1,-5.329950333E0
6.423852539E1,4.632000446E0,1.229895020E1,-4.293000221E0
6.424096901E1,1.326000094E0,1.010895061E1,4.395000264E-2
6.424341236E1,1.041000009E0,7.519950390E0,3.219000101E0
6.424585575E1,3.238950253E0,9.235050201E0,-1.767000079E0
6.424829913E1,7.678050518E0,1.001805019E1,-7.681050301E0
6.425074259E1,5.932050228E0,7.444050312E0,-1.189500046E1
6.425318598E1,1.903050065E0,1.043700027E1,-6.208950520E0
6.425562961E1,1.455000043E0,1.255800056E1,-1.489500105E-1
6.425807300E1,4.089000225E0,1.468395042E1,2.167950153E0
6.426051638E1,3.664950132E0,1.341495037E1,7.549500465E-1
6.426295976E1,2.536950111E0,1.045605087E1,4.770000279E-1
6.426540322E1,2.242950201E0,8.314949989E0,-3.558000088E0
6.426784662E1,2.989950180E0,5.286000252E0,-9.367050171E0
6.427029024E1,5.022000313E0,4.851000309E0,-1.100700092E1
6.427273362E1,7.381050587E0,3.390000105E0,-1.228800011E1
6.427517701E1,6.622050285E0,4.459950447E0,-1.052295017E1
6.427762039E1,5.719050407E0,7.177950382E0,-3.865050077E0
6.428006385E1,5.905950069E0,8.169000626E0,4.009500146E-1
6.428250724E1,7.108050346E0,7.522950172E0,6.709500551E-1
6.428495063E1,3.094950199E0,8.571000099E0,6.880500317E-1
6.428739424E1,1.864050031E0,5.800950050E0,4.290000200E-1
6.428983762E1,5.482050419E0,3.151050091E0,-5.212950230E0
6.429228101E1,9.349050522E0,2.497050047E0,-8.176950455E0
6.429472447E1,7.824000359E0,3.486000061E0,-6.520050526E0
6.429716786E1,2.947050095E0,4.477050304E0,-3.598950148E0
6.429961147E1,8.110500574E-1,6.948000431E0,2.826000214E0
6.430205486E1,6.670500040E-1,9.639000893E0,3.916050196E0
6.430449825E1,1.608000040E0,1.213695049E1,1.108950019E0
6.430694164E1,1.263000011E0,1.344900036E1,-1.933050036E0
6.430938510E1,1.254000068E0,1.217700100E1,-4.240500331E-1
6.431182848E1,7.270500064E-1,9.301950455E0,1.858950138E0
6.431427187E1,6.150000095E-1,7.687950134E0,-1.116000056E0
6.431671550E1,3.420000076E-1,1.213695049E1,-2.232000113E0
6.431915889E1,1.287000060E0,1.022805023E1,1.621950030E0
6.432160227E1,1.519950032E0,1.002495003E1,-3.915000200E0
6.432404573E1,2.167950153E0,1.156695080E1,-4.291050434E0
6.432648912E1,4.764000416E0,1.024995041E1,-8.199000359E0
6.432893272E1,1.606050134E0,1.312095070E1,-1.205805016E1
6.433137588E1,5.910000205E-1,9.394950867E0,-4.059000015E0
6.433381949E1,-2.392050028E0,7.417050362E0,-1.272000074E0
6.433626288E1,-1.510950089E0,7.173000336E0,1.690950036E0
6.433870634E1,1.915050149E0,7.267050266E0,-1.450950027E0
6.434114973E1,8.218950272E0,3.553050280E0,-5.542950153E0
6.434359311E1,1.024200058E1,2.443950176E0,-3.811950207E0
6.434603672E1,7.194000244E0,4.137000084E0,-2.710950136E0
6.434848011E1,5.671050072E0,8.302950859E0,-3.400500119E-1
6.435092350E1,3.985950232E0,8.128950119E0,1.603050113E0
6.435336695E1,1.351950049E0,9.481050491E0,-1.537950039E0
6.435581034E1,2.377050161E0,9.100950241E0,-5.416050434E0
6.435825372E1,4.736999989E0,7.353000164E0,-6.838950157E0
6.436069711E1,8.761950493E0,7.699950218E0,-9.649050713E0
6.436314072E1,8.499000549E0,7.968000412E0,-1.300905037E1
6.436558409E1,4.471950054E0,9.417000771E0,-1.069305038E1
6.436802748E1,3.949950218E0,1.037400055E1,-3.940950155E0
6.437047094E1,6.109050274E0,1.015200043E1,6.109500527E-1
6.437291432E1,9.631050110E0,8.737050056E0,-3.160950184E0
6.437535794E1,7.177050114E0,8.655000687E0,-6.657000542E0
6.437780132E1,2.050950050E0,8.655000687E0,-5.127000332E0
6.438024471E1,2.053050041E0,8.457000732E0,-1.783950090E0
6.438268817E1,7.158000469E0,9.022050858E0,-3.111000061E0
6.438513155E1,8.056050301E0,1.205505085E1,-4.984950066E0
6.438757494E1,4.270950317E0,1.218000031E1,-3.228000164E0
6.439001832E1,9.739500284E-1,1.312095070E1,2.896050215E0
6.439246194E1,5.190000534E-1,1.528695107E1,9.780000448E-1
6.439490532E1,9.310500622E-1,1.746600151E1,-8.580000401E-1
6.439734871E1,2.839500010E-1,1.528500080E1,-4.270500243E-1
6.439979217E1,3.919500113E-1,1.263705063E1,1.447050095E0
6.440223554E1,1.290000081E0,1.103505039E1,-4.120500088E-1
6.440467893E1,1.464000106E0,1.120995045E1,7.950000465E-3
6.440712231E1,2.560950041E0,1.137000084E1,-3.430500031E-1
6.440956593E1,2.805000067E0,1.031700039E1,-1.015950084E0
6.441200936E1,2.559000015E0,8.989950180E0,-1.939950109E0
6.441445267E1,1.048050046E0,9.912000656E0,-1.693050027E0
6.441689613E1,1.747050047E0,1.144200039E1,9.870000482E-1
6.441933951E1,4.723050117E0,1.162200069E1,2.500500083E-1
6.442178313E1,2.769000053E0,9.819000244E0,-6.621000290E0
6.442422651E1,2.848050117E0,4.081950188E0,-3.421950102E0
6.442666990E1,4.921950340E0,6.438000202E0,-3.369000196E0
6.442911336E1,7.879050255E0,8.848950386E0,-5.325000286E0
6.443155675E1,6.175950527E0,6.112950325E0,-6.597000122E0
6.443400013E1,1.840050101E0,7.470000267E0,-3.205950260E0
6.443644351E1,9.379500151E-1,7.188000202E0,2.319000006E0
6.443888713E1,4.002000332E0,9.517050743E0,3.571050167E0
6.444133051E1,4.486050129E0,8.812950134E0,8.220000267E-1
6.444377390E1,3.018000126E0,8.121000290E0,-2.230050087E0
6.444621736E1,1.615050077E0,7.654050350E0,-3.919950247E0
6.444866074E1,3.394050121E0,6.490950108E0,-3.862050295E0
6.445110413E1,6.853950500E0,6.430950165E0,-6.337950230E0
6.445354774E1,6.696000099E0,6.567000389E0,-6.597000122E0
6.445599113E1,3.363000154E0,7.341000557E0,-4.309950352E0
6.445843459E1,2.013000011E0,7.105950356E0,-5.149500370E-1
6.446087796E1,3.406050205E0,7.834050179E0,1.111950040E0
6.446332135E1,6.811050415E0,8.923050880E0,-1.408050060E0
6.446576473E1,6.436950207E0,7.276050568E0,-5.412000179E0
6.446820834E1,1.819050074E0,8.071050644E0,-6.166050434E0
6.447065173E1,-1.909500062E-1,6.112950325E0,-3.328950167E0
6.447309514E1,3.700950146E0,6.526950359E0,-2.002050161E0
6.447553859E1,7.017000198E0,5.839950085E0,-4.686000347E0
6.447798198E1,2.992050171E0,6.177000523E0,-5.347050190E0
6.448042537E1,5.809500217E-1,6.132000446E0,-2.692050219E0
6.448286898E1,1.824000120E0,6.352050304E0,-1.786950111E0
6.448531238E1,4.108050346E0,6.655950546E0,-2.040000111E-1
6.448775576E1,5.544000149E0,6.193950176E0,-2.962050200E0
6.449019915E1,1.998000145E0,6.199050426E0,-3.724050283E0
6.449264261E1,1.402050018E0,6.097950459E0,-1.789050102E0
6.449508600E1,3.327000141E0,4.246950150E0,-1.092000008E0
6.449752937E1,7.177050114E0,5.172000408E0,-1.489950061E0
6.449997298E1,8.050950050E0,6.145950317E0,-4.770000458E0
6.450241637E1,3.337050200E0,7.657050133E0,-4.810950279E0
6.450485982E1,6.790500283E-1,9.016950607E0,-1.159050107E0
6.450730321E1,1.239000082E0,8.667000771E0,1.263000011E0
6.450974658E1,4.411950111E0,1.021905041E1,-9.319500327E-1
6.451219020E1,7.900050163E0,1.052295017E1,-5.731950283E0
6.451463358E1,5.041950226E0,9.594000816E0,-6.178050518E0
6.451707697E1,1.825950146E0,8.488050461E0,-2.215050220E0
6.451952035E1,2.392950058E0,8.718000412E0,4.270500243E-1
6.452196381E1,6.615000248E0,1.088400078E1,-3.043950081E0
6.452440720E1,8.118000031E0,9.864000320E0,-7.246050358E0
6.452685081E1,5.074950218E0,9.856950760E0,-7.777050495E0
6.452929420E1,2.370000124E0,1.086795044E1,-5.401950359E0
6.453173758E1,2.428950071E0,1.147605038E1,-3.049500287E-1
6.453418104E1,5.941950321E0,1.061400032E1,-2.880000174E-1
6.453662443E1,6.259950161E0,9.718050003E0,-2.871000051E0
6.453906781E1,3.852000237E0,8.815950394E0,-5.052000046E0
6.454151143E1,2.164050102E0,7.219050407E0,-5.731950283E0
6.454395481E1,2.026950121E0,7.252050400E0,-4.573950291E0
6.454639820E1,3.004050255E0,6.928950310E0,-4.546950340E0
6.454884158E1,2.209050179E0,6.237000465E0,-2.038050175E0
6.455128504E1,1.773000121E0,7.033950329E0,1.473000050E0
6.455372843E1,-1.429500133E-1,8.008950233E0,4.801050186E0
6.455617181E1,-1.603950024E0,6.637050152E0,4.129500091E-1
6.455861543E1,-5.719500184E-1,7.270950317E0,1.378050089E0
6.456105881E1,1.326000094E0,5.785050392E0,3.588000059E0
6.456350220E1,2.058000088E0,5.409000397E0,1.555050015E0
6.456594566E1,1.564950109E0,5.794050217E0,6.690000296E-1
6.456838904E1,1.876050115E0,6.226950169E0,5.010000467E-1
6.457083243E1,2.386050224E0,6.804000378E0,1.813050032E0
6.457327604E1,2.698050022E0,6.589050293E0,-2.305950165E0
6.457571943E1,2.250000000E0,6.342000484E0,-4.387050152E0
6.457816281E1,3.178950071E0,6.799950123E0,-5.155050278E0
6.458060627E1,4.732950211E0,7.699950218E0,-5.560050488E0
6.458304966E1,3.864000082E0,6.855000496E0,-5.637000084E0
6.458549304E1,2.740950108E0,6.747000217E0,-4.782000065E0
6.458793666E1,3.295950174E0,6.318000317E0,-5.220000267E0
6.459038004E1,5.281050205E0,5.647950172E0,-7.332000256E0
6.459282342E1,6.433050156E0,6.642000198E0,-1.055700016E1
6.459526688E1,3.591000080E0,7.791000366E0,-8.869050026E0
6.459771027E1,1.239000082E0,7.711950302E0,-4.803000450E0
6.460015388E1,3.157050133E0,7.210950375E0,-1.747950077E0
6.460259704E1,6.595050335E0,7.101000309E0,-1.150050044E0
6.460504068E1,7.014000416E0,8.647950172E0,-2.353950024E0
6.460748406E1,4.966950417E0,8.119050026E0,-3.730950117E0
6.460992752E1,2.583000183E0,7.246950150E0,-3.478950262E0
6.461237091E1,7.680000067E-1,7.111050129E0,1.564050078E0
6.461481429E1,1.140000075E-1,9.244050026E0,3.880050182E0
6.461725791E1,4.033950329E0,1.156695080E1,1.660500020E-1
6.461970129E1,5.323950291E0,1.280205059E1,-5.590950489E0
6.462214468E1,3.265050173E0,1.114500046E1,-3.918000221E0
6.462458806E1,1.783050060E0,1.098495007E1,6.000000052E-3
6.462703152E1,1.903050065E0,1.356405067E1,-2.520000041E-1
6.462947491E1,4.050000191E0,1.546695042E1,-4.870500267E-1
6.463191830E1,4.078950405E0,1.369305038E1,-1.186050057E0
6.463436191E1,1.909950137E0,1.174395084E1,-7.500000298E-2
6.463680530E1,1.486050129E0,1.077705097E1,-1.317000031E0
6.463924868E1,1.255950093E0,1.234695053E1,-1.135050058E0
6.464169213E1,2.130000114E0,1.328100109E1,-1.957050085E0
6.464413551E1,1.921950102E0,1.208895016E1,-5.649000168E0
6.464657890E1,5.670000315E-1,1.012800026E1,-3.985050201E0
6.464902251E1,6.960000396E-1,8.107049942E0,-1.510950089E0
6.465146590E1,7.060500383E-1,1.159800053E1,7.500000596E-1
6.465390936E1,-1.030500084E-1,1.009905052E1,-1.573950052E0
6.465635274E1,2.809950113E0,3.420000076E-1,-5.011950016E0
6.465879613E1,1.630050063E0,4.948950291E0,-5.749050140E0
6.466123951E1,3.133050203E0,3.835950136E0,-3.606000185E0
6.466368311E1,4.785000324E0,4.414950371E0,-1.609500051E-1
6.466612650E1,4.825950146E0,4.495950222E0,1.858950138E0
6.466856988E1,3.198000193E0,6.004950523E0,3.963000298E0
6.467101334E1,-4.095000029E-2,6.570000172E0,3.207000256E0
6.467345673E1,-7.249500155E-1,5.719950199E0,-1.177950025E0
6.467590010E1,3.483000278E0,5.892000198E0,-4.927950382E0
6.467834371E1,5.628000259E0,5.734050274E0,-6.703950405E0
6.468078710E1,2.905950069E0,6.606000423E0,-7.759950161E0
6.468323056E1,1.417050123E0,7.105950356E0,-5.308950424E0
6.468567394E1,2.200050116E0,5.242950439E0,-3.838950157E0
6.468811733E1,6.073050499E0,4.683000088E0,-4.305000305E0
6.469056071E1,5.785950184E0,5.179050446E0,-6.417000294E0
6.469300432E1,3.163950205E0,6.013950348E0,-6.537000179E0
6.469544771E1,2.836050034E0,4.336050034E0,-4.669050217E0
6.469789110E1,4.797000408E0,5.080950260E0,-2.011950016E0
6.470033456E1,6.222000122E0,4.954050064E0,-1.554000020E0
6.470277794E1,5.812950134E0,5.217000484E0,-2.803950071E0
6.470522133E1,2.491950035E0,5.011050224E0,-2.602950096E0
6.470766471E1,8.040000200E-1,5.133000374E0,-2.308950186E0
6.471010833E1,4.065000057E0,6.129000187E0,-3.349950075E0
6.471255173E1,5.656950474E0,7.348050117E0,-4.878000259E0
6.471499512E1,2.548950195E0,7.537050247E0,-5.959950447E0
6.471743858E1,1.093050003E0,8.764950752E0,-2.785050154E0
6.471988196E1,7.680000067E-1,8.737050056E0,7.800000161E-2
6.472232558E1,-3.600000218E-2,9.943050385E0,2.320950031E0
6.472476898E1,2.760000229E0,1.057995033E1,8.410500288E-1
6.472721236E1,6.033000469E0,1.048905087E1,-3.561000109E0
6.472965575E1,5.544000149E0,8.728950500E0,-5.184000015E0
6.473209921E1,4.504950047E0,7.441050529E0,-5.023950100E0
6.473454260E1,4.399950027E0,9.151050568E0,-5.467050076E0
6.473698621E1,6.016050339E0,1.115505028E1,-8.284950256E0
6.473942960E1,5.271000385E0,1.211505032E1,-5.653050423E0
6.474187298E1,2.803050041E0,1.307805061E1,-7.344000340E0
6.474431636E1,1.893000126E0,1.353705025E1,-1.345950007E0
6.474675982E1,3.768000126E0,1.259595013E1,3.889500201E-1
6.474920322E1,7.258950233E0,1.300305080E1,-1.878000140E0
6.475164661E1,6.592950344E0,1.164105034E1,-4.951950073E0
6.475409022E1,2.527950048E0,1.029105091E1,-5.437950134E0
6.475653361E1,1.350000024E0,9.583950043E0,-3.022050142E0
6.475897707E1,3.583050251E0,9.832950592E0,-5.179499984E-1
6.476142046E1,5.137050152E0,1.030305004E1,-4.095000029E-2
6.476386384E1,4.126950264E0,1.002195072E1,-7.240500450E-1
6.476630745E1,2.547000170E0,9.667950630E0,4.819500148E-1
6.476875084E1,2.932050228E0,1.025700092E1,1.924050093E0
6.477119422E1,2.829000235E0,1.177305031E1,1.924050093E0
6.477363761E1,2.548950195E0,1.251495075E1,8.509500623E-1
6.477608107E1,3.753000259E0,1.191105080E1,-6.300000101E-2
6.477852446E1,4.258950233E0,1.024005032E1,-3.835950136E0
6.478096784E1,3.387000084E0,8.883000374E0,-3.442950249E0
6.478341146E1,3.379950047E0,8.641050339E0,-3.901050091E0
6.478585485E1,4.540950298E0,9.081000328E0,-4.686000347E0
6.478829823E1,4.374000072E0,8.038050652E0,-5.545950413E0
6.479074162E1,3.186000109E0,7.396050453E0,-4.372050285E0
6.479318508E1,3.028050184E0,6.472050190E0,-3.060000181E0
6.479562845E1,4.888050079E0,7.341000557E0,-2.446950197E0
6.479807184E1,5.710050106E0,9.000000000E0,-2.323050022E0
6.480051545E1,4.639050007E0,9.510000229E0,-2.019000053E0
6.480295884E1,2.571000099E0,8.695950508E0,-5.179499984E-1
6.480540230E1,1.009950042E0,7.959000587E0,1.689000130E0
6.480784568E1,1.134000063E0,8.878050804E0,2.773950100E0
6.481028907E1,5.419950485E0,8.779950142E0,-1.614000082E0
6.481273268E1,6.322050095E0,8.100000381E0,-5.560050488E0
6.481517607E1,3.817950249E0,8.002050400E0,-6.463050365E0
6.481761945E1,1.618050098E0,8.512050629E0,-3.247050047E0
6.482006291E1,5.910000205E-1,9.733050346E0,8.890500665E-1
6.482250630E1,3.828000069E0,1.098000050E1,1.129500046E-1
6.482494968E1,6.162000179E0,1.277100086E1,-3.922050238E0
6.482739330E1,5.404950142E0,1.026705074E1,-4.947000027E0
6.482983668E1,3.310050249E0,8.761050224E0,-4.228950024E0
6.483228007E1,2.499000072E0,9.496050835E0,-3.208950043E0
6.483472345E1,3.412950277E0,1.117905045E1,-3.424050093E0
6.483716691E1,3.640950203E0,1.129395008E1,-4.231050014E0
6.483961030E1,2.239950180E0,1.068795013E1,-4.708050251E0
6.484205391E1,1.062000036E0,9.370950699E0,-2.701050043E0
6.484449730E1,1.729950070E0,8.503950119E0,1.060500070E-1
6.484694068E1,3.508950233E0,8.204999924E0,-1.582950115E0
6.484938414E1,4.672950268E0,8.209950447E0,-4.477950096E0
6.485182753E1,3.528000116E0,5.863950253E0,-6.160950184E0
6.485427091E1,8.250000477E-1,3.607950211E0,-4.983000278E0
6.485671430E1,1.260000020E-1,4.281000137E0,-1.231050014E0
6.485915792E1,2.113049984E0,6.661050320E0,9.040500522E-1
6.486160130E1,4.444950104E0,7.210950375E0,-8.895000070E-2
6.486404469E1,5.578050137E0,8.422950745E0,-2.710500062E-1
6.486648815E1,2.604000092E0,1.012305069E1,-7.620000243E-1
6.486893153E1,-2.370000184E-1,9.511950493E0,-2.191050053E0
6.487137492E1,-7.639500499E-1,1.120500088E1,-2.227050066E0
6.487381830E1,1.801950097E0,9.262950897E0,-1.486950040E0
6.487626192E1,1.852050066E0,9.844950676E0,-5.779500008E-1
6.487870538E1,2.190000057E0,9.808950424E0,1.416000009E0
6.488114869E1,1.060050011E0,8.855999947E0,2.875950098E0
6.488359215E1,3.853950262E0,9.840000153E0,1.416000009E0
6.488603553E1,8.419950485E0,1.079595089E1,-3.694950104E0
6.488847915E1,9.847050667E0,1.064505005E1,-9.646950722E0
6.489092253E1,5.355000019E0,1.260600090E1,-8.938050270E0
6.489336592E1,1.464000106E0,1.389405060E1,-5.713050365E0
6.489580938E1,7.960500121E-1,1.407600021E1,1.191000104E0
6.489825276E1,1.809000134E0,1.446105099E1,1.713000059E0
6.490069638E1,2.037000179E0,1.191900063E1,7.500000596E-1
6.490313953E1,2.049000025E0,8.695950508E0,6.229500175E-1
6.490558315E1,4.564949989E0,8.706000328E0,-2.019000053E0
6.490802653E1,5.998950481E0,9.067049980E0,-4.198050022E0
6.491046999E1,5.154000282E0,9.205950737E0,-5.983950138E0
6.491291338E1,3.733950138E0,8.923050880E0,-5.959950447E0
6.491535676E1,2.647050142E0,7.944000244E0,-5.100000381E0
6.491780036E1,1.771050096E0,8.446949959E0,-2.316000223E0
6.492024375E1,-1.627950072E0,1.110495090E1,2.866950035E0
6.492268713E1,-2.635950089E0,5.119050026E0,3.303000212E0
6.492513059E1,-1.317000031E0,4.273950100E0,2.368950129E0
6.492757398E1,-1.870500147E-1,3.699000120E0,3.268950224E0
6.493001736E1,1.290000081E0,3.139050245E0,2.608050108E0
6.493246074E1,4.813950062E0,2.767950058E0,4.195950031E0
6.493490436E1,9.387000084E0,5.056950092E0,-3.211050034E0
6.493734775E1,6.511950493E0,4.702050209E0,-6.028950214E0
6.493979113E1,1.431000113E0,5.394000053E0,-4.291050434E0
6.494223459E1,1.789500117E-1,6.843000412E0,-1.947000146E0
6.494467798E1,1.242000103E0,7.635000229E0,-6.280500293E-1
6.494712137E1,4.170000076E0,7.372050285E0,-2.991000175E0
6.494956498E1,4.728000164E0,6.406950474E0,-6.193950176E0
6.495200838E1,9.589500427E-1,6.457050323E0,-6.232950211E0
6.495445184E1,7.249500155E-1,7.858050346E0,-1.648050070E0
6.495689515E1,1.977000117E0,1.000605011E1,4.054049969E0
6.495933861E1,4.789950371E0,1.200195026E1,2.101050138E0
6.496178223E1,5.793000221E0,1.209600067E1,3.700500131E-1
6.496422561E1,3.138000250E0,9.739950180E0,-8.580000401E-1
6.496666900E1,2.857950211E0,9.915000916E0,-1.348050117E0
6.496911238E1,2.970000029E0,1.150695038E1,-2.758950233E0
6.497155584E1,6.616950512E0,1.354905033E1,-5.839950085E0
6.497399923E1,9.469050407E0,1.242405033E1,-9.597000122E0
6.497644261E1,5.700000286E0,1.025205040E1,-9.166050911E0
6.497888623E1,3.241050243E0,9.951000214E0,-7.954050541E0
6.498132961E1,3.445050240E0,9.787950516E0,-3.160950184E0
6.498377300E1,5.499000072E0,1.054695034E1,-3.534000158E0
6.498621638E1,6.412950516E0,1.056405067E1,-6.096000195E0
6.498865985E1,4.828050137E0,8.854050636E0,-7.765050411E0
6.499110347E1,2.041949987E0,7.228050232E0,-5.469000340E0
6.499354686E1,2.403000116E0,6.772950172E0,-7.200000435E-2
6.499599024E1,2.515950203E0,1.172205067E1,1.348950028E0
6.499843363E1,9.930000305E-1,1.149195099E1,2.011950016E0
6.500087709E1,1.338000059E0,7.125000477E0,-2.400000095E-1
6.500332048E1,1.279500127E-1,8.695950508E0,-2.350500077E-1
6.500576386E1,3.064050198E0,9.000000000E0,-2.950500250E-1
6.500820748E1,6.354000092E0,8.818050385E0,-2.329950094E0
6.501065086E1,6.694050312E0,9.928950310E0,-4.879950047E0
6.501309424E1,2.956050158E0,9.052950859E0,-5.187000275E0
6.501553770E1,6.105000153E-2,9.462000847E0,-7.710000277E-1
6.501798109E1,6.100500226E-1,8.722050667E0,6.109500527E-1
6.502042447E1,3.847050190E0,9.349950790E0,-3.240000010E-1
6.502286786E1,6.603000164E0,8.635950089E0,-3.726000071E0
6.502531149E1,7.618050575E0,6.730050087E0,-7.260000229E0
6.502775488E1,3.151950121E0,7.270950317E0,-8.163000107E0
6.503019826E1,1.026000023E0,7.141950130E0,-5.373000145E0
6.503264172E1,2.686050177E0,7.429050446E0,-3.064950228E0
6.503508511E1,4.357050419E0,8.643000603E0,-3.082050085E0
6.503752874E1,3.820050240E0,8.418000221E0,-3.736050129E0
6.503997213E1,1.819050074E0,7.480050564E0,-2.232000113E0
6.504241551E1,-4.305000231E-2,7.954050541E0,-1.309950113E0
6.504485897E1,3.112050056E0,6.330000401E0,-8.310000300E-1
6.504730236E1,5.788950443E0,4.744950294E0,-2.637000084E0
6.504974574E1,5.464950085E0,4.293000221E0,-5.203050137E0
6.505218913E1,3.598050117E0,2.722050190E0,-5.329950333E0
6.505463274E1,3.555000067E0,2.595000029E0,-2.629050016E0
6.505707613E1,5.082000256E0,2.956950188E0,-2.742000103E0
6.505951952E1,4.263000011E0,4.507950306E0,-1.297950029E0
6.506196298E1,1.620000124E0,5.940000057E0,1.654950023E0
6.506440637E1,6.220500469E-1,6.663000107E0,3.754950285E0
6.506684998E1,1.810500026E-1,7.777050495E0,1.015950084E0
6.506929314E1,4.279500246E-1,9.067049980E0,1.279500127E-1
6.507173675E1,2.761950016E0,9.424050331E0,-1.909050107E0
6.507418014E1,2.833950043E0,8.919000626E0,-5.910000324E0
6.507662360E1,2.428950071E0,7.645050526E0,-5.826000214E0
6.507906699E1,1.029000044E0,6.643950462E0,-2.035950184E0
6.508151037E1,1.261050105E0,8.959050179E0,-3.843000174E0
6.508395398E1,4.141050339E0,9.898050308E0,-2.809050083E0
6.508639737E1,2.839050055E0,9.261000633E0,-1.303050041E0
6.508884076E1,4.857000351E0,8.919000626E0,-3.144000053E0
6.509128422E1,5.496000290E0,1.067400074E1,-4.060950279E0
6.509372760E1,8.655000687E0,1.129095078E1,-5.881050110E0
6.509617097E1,5.092050076E0,1.198095036E1,-7.600050449E0
6.509861435E1,8.490000367E-1,1.096095085E1,-3.076950073E0
6.510105797E1,3.319500089E-1,8.800950050E0,4.180500209E-1
6.510350135E1,3.109050035E0,1.012095070E1,-5.340000391E-1
6.510594474E1,5.674050331E0,9.802050591E0,-4.554000378E0
6.510838820E1,4.645950317E0,7.855950356E0,-7.465950489E0
6.511083158E1,2.206950188E0,7.125000477E0,-5.526000500E0
6.511327520E1,1.996050119E0,8.083050728E0,-1.075950027E0
6.511571858E1,3.775050163E0,9.139050484E0,-3.379500210E-1
6.511816197E1,3.895050287E0,9.151050568E0,-1.636050105E0
6.512060543E1,5.013000011E0,7.618950367E0,-2.620050192E0
6.512304881E1,4.918950081E0,6.771000385E0,-4.212000370E0
6.512549220E1,3.211950064E0,5.808000088E0,-4.360050201E0
6.512793558E1,3.532950163E0,5.713050365E0,-1.612050056E0
6.513037920E1,6.475950241E0,6.508050442E0,-1.540050030E0
6.513282256E1,5.950950146E0,7.401000500E0,-4.473000050E0
6.513526595E1,4.258950233E0,7.846050262E0,-5.722950459E0
6.513770941E1,5.020050049E0,7.425000191E0,-6.115050316E0
6.514015279E1,6.342000484E0,8.449049950E0,-5.637000084E0
6.514259618E1,5.395950317E0,9.163050652E0,-5.862000465E0
6.514503978E1,2.527950048E0,8.155050278E0,-5.428050041E0
6.514748316E1,7.099500299E-1,6.594000340E0,-2.200950146E0
6.514992662E1,4.528950214E0,5.611950397E0,1.126049995E0
6.515237001E1,9.703050613E0,5.956950188E0,-2.062050104E0
6.515481339E1,7.630050182E0,6.967050552E0,-7.450950146E0
6.515725701E1,2.875050068E0,8.358000755E0,-8.059950829E0
6.515970040E1,9.709500670E-1,9.622950554E0,-3.973050117E0
6.516214378E1,7.290000319E-1,9.868950844E0,5.100000277E-2
6.516458717E1,1.021950006E0,1.108800030E1,1.720050097E0
6.516703063E1,2.890950203E0,1.058505058E1,-1.128000021E0
6.516947401E1,5.041950226E0,9.352050781E0,-5.461950302E0
6.517191739E1,3.847050190E0,7.870050430E0,-7.906050205E0
6.517436101E1,1.972050071E0,7.276050568E0,-4.686000347E0
6.517680439E1,1.560000062E0,8.221950531E0,-3.739500046E-1
6.517924778E1,3.718050241E0,9.996000290E0,-6.330000162E-1
6.518169122E1,6.022950172E0,1.054395008E1,-3.457950115E0
6.518413461E1,4.905000210E0,9.460050583E0,-4.135050297E0
6.518657822E1,5.563950062E0,9.127050400E0,-4.629000187E0
6.518902161E1,7.243950367E0,9.634950638E0,-5.692050457E0
6.519146499E1,4.441050053E0,1.032405090E1,-6.355050087E0
6.519390838E1,7.510500550E-1,9.417000771E0,-2.845050097E0
6.519635184E1,5.205000192E-2,8.011050224E0,1.993050098E0
6.519879522E1,2.178000212E0,8.820000648E0,1.323000073E0
6.520123861E1,6.511950493E0,8.373000145E0,-3.601050138E0
6.520368222E1,5.046000004E0,8.446949959E0,-6.787950516E0
6.520612561E1,8.800500631E-1,9.013950348E0,-5.826000214E0
6.520856899E1,-2.659500241E-1,9.454950333E0,-1.432050109E0
6.521101245E1,7.510500550E-1,1.043400097E1,8.509500623E-1
6.521345584E1,2.986950159E0,9.936000824E0,3.705000132E-2
6.521589920E1,4.645950317E0,8.284049988E0,-2.491050005E0
6.521834259E1,4.624950409E0,6.982050419E0,-4.645050049E0
6.522078620E1,3.172050238E0,6.397050381E0,-4.485000134E0
6.522322959E1,3.646050215E0,5.854050159E0,-3.253950119E0
6.522567305E1,6.235950470E0,6.685050488E0,-4.051949978E0
6.522811641E1,5.185050011E0,6.742050171E0,-4.384050369E0
6.523055980E1,3.511950254E0,7.149000168E0,-3.580050230E0
6.523300341E1,4.912050247E0,5.485050201E0,-4.818000317E0
6.523544680E1,6.981000423E0,6.081000328E0,-7.921050549E0
6.523789018E1,4.756950378E0,6.229950428E0,-9.096000671E0
6.524033356E1,4.039500058E-1,5.361000061E0,-4.549950123E0
6.524277702E1,5.809500217E-1,4.063050270E0,1.447050095E0
6.524522041E1,5.374050140E0,3.972000122E0,3.453000069E0
6.524766379E1,8.853000641E0,4.657050133E0,2.670000196E-1
6.525010741E1,5.317050457E0,6.511950493E0,-2.479050159E0
6.525255079E1,1.381050110E0,8.782050133E0,-2.533950090E0
6.525499425E1,4.090500176E-1,9.526950836E0,-6.610500216E-1
6.525743756E1,1.429500133E-1,1.130805016E1,2.282999992E0
6.525988102E1,5.710500479E-1,1.261500072E1,2.505000122E-2
6.526232464E1,1.627050042E0,1.279305077E1,6.859500408E-1
6.526476802E1,2.427000046E0,1.280205059E1,2.718000174E0
6.526721141E1,1.315950036E0,1.051305008E1,1.342050076E0
6.526965479E1,4.062000275E0,1.149000072E1,-1.825050116E0
6.527209825E1,9.919050217E0,1.512705040E1,-1.088505077E1
6.527454164E1,1.108500099E1,1.481805038E1,-1.168500042E1
6.527698502E1,6.118950367E0,1.554600048E1,-1.336500072E1
6.527942864E1,2.520000219E0,1.556295109E1,-3.553950071E0
6.528187202E1,3.331950188E0,1.558695030E1,-3.259500265E-1
6.528431541E1,7.819050312E0,1.351605034E1,-2.917050123E0
6.528675887E1,7.101000309E0,1.150200081E1,-6.289950371E0
6.528920228E1,3.981000185E0,8.131050110E0,-7.597950459E0
6.529164567E1,2.595000029E0,5.217000484E0,-5.443050385E0
6.529408905E1,5.491950035E0,8.107049942E0,-6.433950424E0
6.529653267E1,5.452950478E0,7.816950321E0,-8.079000473E0
6.529897613E1,2.286000013E0,4.361999989E0,-5.758950233E0
6.530141943E1,-3.330000043E-1,7.123050213E0,3.691050291E0
6.530386289E1,-3.988950253E0,9.217950821E0,8.391000748E0
6.530630628E1,-1.788000107E0,5.382000446E0,3.355050087E0
6.530874989E1,1.548000097E0,6.310950279E0,3.400950193E0
6.531119329E1,3.094950199E0,5.478000164E0,4.210050106E0
6.531363667E1,5.959050179E0,4.981950283E0,4.525950432E0
6.531608006E1,7.278000355E0,3.772950172E0,-4.168950081E0
6.531852352E1,7.941000462E0,2.731950045E0,-1.050405025E1
6.532096690E1,5.013000011E0,3.769050121E0,-1.070505047E1
6.532341029E1,9.760500193E-1,6.168000221E0,-3.855000257E0
6.532585390E1,8.830500245E-1,6.562950134E0,1.512000084E0
6.532829729E1,3.721950293E0,7.831950188E0,-1.680000126E-1
6.533074067E1,5.901000500E0,8.916000366E0,-2.695950031E0
6.533318413E1,4.741950035E0,6.028950214E0,-3.724050283E0
6.533562752E1,2.901000023E0,4.975050449E0,-1.618950129E0
6.533807113E1,4.350000381E0,7.153950214E0,-1.489950061E0
6.534051452E1,9.076050758E0,9.820950508E0,-4.392000198E0
6.534295790E1,6.576000214E0,8.362950325E0,-7.822950363E0
6.534540136E1,1.777950048E0,1.013505077E1,-4.102050304E0
6.534784474E1,1.620000005E-1,9.970050812E0,-7.120500207E-1
6.535028813E1,1.515000105E0,1.194705009E1,2.838000059E0
6.535273151E1,2.377050161E0,1.365705109E1,1.074000001E0
6.535517513E1,3.600000143E0,1.090605068E1,7.189500332E-1
6.535761852E1,4.942950249E0,7.710000515E0,-4.047000408E0
6.536006191E1,3.562050104E0,7.350000381E0,-6.415050507E0
6.536250537E1,5.986950397E0,7.492050171E0,-6.846000195E0
6.536494876E1,8.245050430E0,8.674050331E0,-8.565000534E0
6.536739214E1,5.998950481E0,9.666000366E0,-8.530950546E0
6.536983553E1,3.772950172E0,9.469050407E0,-6.994050503E0
6.537227914E1,4.692000389E0,9.409049988E0,-5.208000183E0
6.537472253E1,8.370000839E0,1.019205093E1,-6.942000389E0
6.537716599E1,7.603050232E0,8.595000267E0,-9.256950378E0
6.537960938E1,2.590050220E0,8.217000008E0,-6.625050545E0
6.538205276E1,6.240000129E-1,5.386950493E0,-2.026050091E0
6.538449615E1,5.305050373E0,6.405000210E0,-1.198050022E0
6.538693976E1,7.684950352E0,5.674050331E0,-5.239050388E0
6.538938315E1,3.097050190E0,4.719000340E0,-5.661000252E0
6.539182661E1,1.749000072E0,5.212050438E0,-2.698950052E0
6.539427000E1,1.981950045E0,5.866050243E0,-1.969500035E-1
6.539671339E1,3.757950068E0,7.410000324E0,1.713000059E0
6.539915678E1,4.234950066E0,7.413000584E0,1.938000083E0
6.540160039E1,4.251000404E0,8.148000717E0,3.360000253E-1
6.540404378E1,3.424950123E0,7.426950455E0,-3.970050097E0
6.540648716E1,1.603050113E0,6.265950203E0,-3.975000143E0
6.540893061E1,1.371000051E0,6.463950157E0,-3.730950117E0
6.541137400E1,2.203950167E0,7.450950146E0,-3.823950291E0
6.541381761E1,2.038950205E0,9.084000587E0,-1.381950021E0
6.541626100E1,2.449050188E0,1.058505058E1,1.732050061E0
6.541870438E1,2.641950130E0,9.673050880E0,8.250000477E-1
6.542114784E1,4.699050426E0,8.976000786E0,-2.449950218E0
6.542359123E1,7.618050575E0,1.032900047E1,-5.347050190E0
6.542603461E1,5.980050087E0,8.569050789E0,-7.681050301E0
6.542847822E1,1.524000049E0,8.452050209E0,-4.066050053E0
6.543092161E1,2.461050034E0,1.003200054E1,-2.601000071E0
6.543336500E1,5.164050102E0,1.016400051E1,-5.364000320E0
6.543580838E1,3.045000076E0,9.169950485E0,-5.833050251E0
6.543825184E1,1.510050058E0,9.069000244E0,-2.605050087E0
6.544069523E1,3.492000103E0,9.654000282E0,-2.299500108E-1
6.544313862E1,5.431950092E0,1.075005054E1,-1.123050094E0
6.544558221E1,4.338000298E0,9.325950623E0,-3.613050222E0
6.544802560E1,3.241050243E0,7.386000156E0,-4.657050133E0
6.545046898E1,1.429050088E0,5.535000324E0,-6.300000191E0
6.545291237E1,3.424950123E0,5.611950397E0,-7.204950333E0
6.545535583E1,6.126000404E0,6.499950409E0,-9.598950386E0
6.545779922E1,5.536950111E0,6.141000271E0,-8.716050148E0
6.546024283E1,2.800950050E0,6.547950268E0,-3.819000244E0
6.546268622E1,1.741950035E0,8.690999985E0,1.468950033E0
6.546512960E1,4.254000187E0,7.699950218E0,1.561950088E0
6.546757306E1,5.773950100E0,6.340050220E0,-1.846050143E0
6.547001645E1,1.393050075E0,5.823000431E0,-3.748050213E0
6.547245983E1,2.580000162E-1,4.683000088E0,-2.299050093E0
6.547490345E1,4.017000198E0,4.915050030E0,-1.096950054E0
6.547734683E1,7.903050423E0,4.396049976E0,-5.419050217E0
6.547979022E1,4.333050251E0,4.834050179E0,-5.665050507E0
6.548223365E1,6.859500408E-1,7.033950329E0,1.159950018E0
6.548467704E1,-4.500000179E-1,8.836950302E0,3.123000145E0
6.548712042E1,-4.095000029E-2,9.670050621E0,-1.560000032E-1
6.548956381E1,8.590500355E-1,1.074795055E1,-6.090000272E-1
6.549200743E1,2.595000029E0,1.134195042E1,1.813050032E0
6.549445081E1,3.634050131E0,9.418950081E0,-3.039000034E0
6.549689427E1,1.291950107E0,7.498950481E0,-3.372000217E0
6.549933766E1,4.333050251E0,8.686050415E0,-6.250050068E0
6.550178104E1,5.590050220E0,9.313950539E0,-9.297000885E0
6.550422466E1,2.947050095E0,1.017795086E1,-9.673050880E0
6.550666805E1,1.567050099E0,1.037400055E1,-5.068950176E0
6.550911143E1,5.194950104E0,9.559950829E0,-1.818000078E0
6.551155482E1,8.173049927E0,8.437050819E0,-6.211050510E0
6.551399828E1,6.061950207E0,8.667000771E0,-6.877050400E0
6.551644167E1,1.254000068E0,8.257950783E0,-3.433950186E0
6.551888505E1,5.119500160E-1,6.667950153E0,3.900000080E-2
6.552132867E1,5.290950298E0,5.317950249E0,-3.520500064E-1
6.552377205E1,8.571000099E0,5.977950096E0,-5.983950138E0
6.552621544E1,3.442050219E0,7.204050541E0,-6.633000374E0
6.552865883E1,1.360500008E-1,7.657050133E0,-1.621050119E0
6.553110229E1,-9.000000544E-3,9.639000893E0,2.311050177E0
6.553354590E1,3.162000179E0,9.946050644E0,-4.650000334E-1
6.553598929E1,2.994000196E0,9.136950493E0,-4.303050041E0
6.553843267E1,1.074000001E0,6.736950397E0,-4.921050072E0
6.554087606E1,1.764000058E0,5.614950180E0,-2.862000227E0
6.554331952E1,5.812950134E0,5.749050140E0,-3.951000214E0
6.554576290E1,6.009000301E0,5.397000313E0,-7.777050495E0
6.554820629E1,1.456950068E0,6.165000439E0,-7.042050362E0
6.555064990E1,-6.340500116E-1,5.350950241E0,-1.674000025E0
6.555309328E1,-1.120050073E0,6.081000328E0,3.427050114E0
6.555553674E1,2.664000034E0,6.045000076E0,2.260950089E0
6.555798004E1,5.880000114E0,4.987050056E0,-3.870000124E0
6.556042350E1,2.068050146E0,5.397000313E0,-3.988950253E0
6.556286689E1,6.340500116E-1,5.104950428E0,-7.330500484E-1
6.556531052E1,3.591000080E0,6.852000237E0,1.900500059E-1
6.556775390E1,6.141000271E0,8.224050522E0,-2.821050167E0
6.557019729E1,1.984050035E0,9.826050758E0,-3.345000267E0
6.557264075E1,-1.069950104E0,1.123200035E1,5.640000105E-1
6.557508414E1,-1.261950016E0,9.820950508E0,1.780050039E0
6.557752752E1,-6.679500341E-1,1.009200001E1,-7.500000298E-2
6.557997113E1,5.929950237E0,1.120800018E1,1.978950143E0
6.558241452E1,5.977950096E0,1.008195019E1,-5.139000416E0
6.558485790E1,7.480950356E0,8.749050140E0,-7.066050529E0
6.558730129E1,7.002000332E0,8.731950760E0,-5.766000271E0
6.558974474E1,9.519000053E0,1.085805035E1,-8.706000328E0
6.559218812E1,6.319950104E0,1.303905106E1,-9.192000389E0
6.559463151E1,1.156050086E0,1.273305035E1,-7.831950188E0
6.559707512E1,-1.120500043E-1,1.209795094E1,-7.090500593E-1
6.559951851E1,3.247950077E0,1.113105011E1,1.561950088E0
6.560196191E1,8.072999954E0,1.210800076E1,-1.549950123E0
6.560440529E1,8.307000160E0,9.535950661E0,-6.961050510E0
6.560684875E1,4.399950027E0,9.390000343E0,-8.710950851E0
6.560929236E1,2.009999990E0,8.317950249E0,-4.585950375E0
6.561173554E1,3.837000132E0,9.694050789E0,-2.209950209E0
6.561417915E1,5.616000175E0,1.121700096E1,-2.862000227E0
6.561662254E1,3.591000080E0,9.318000793E0,-3.004950047E0
6.561906600E1,1.548000097E0,9.421050072E0,3.270000219E-1
6.562150939E1,1.390050054E0,9.440999985E0,2.701950073E0
6.562395277E1,1.885950089E0,1.023495007E1,2.830950022E0
6.562639638E1,4.006950378E0,9.250950813E0,1.156949997E0
6.562883977E1,3.607050180E0,8.442000389E0,-3.393000126E0
6.563128316E1,1.033950090E0,8.538000107E0,-4.108950138E0
6.563372654E1,6.700500250E-1,6.706050396E0,-3.361950159E0
6.563617001E1,1.309050083E0,7.525050163E0,-3.688050270E0
6.563861340E1,1.396950126E0,7.927050591E0,-3.771000147E0
6.564105678E1,4.519500136E-1,7.374000549E0,-2.086050034E0
6.564350040E1,5.430000424E-1,7.504050255E0,1.300500035E-1
6.564594378E1,3.054000139E0,7.855950356E0,9.469500184E-1
6.564838724E1,4.819050312E0,8.251049995E0,-2.208000183E0
6.565083063E1,4.089000225E0,7.201950550E0,-5.404050350E0
6.565327402E1,1.170000076E0,6.211050510E0,-3.939000130E0
6.565571740E1,-1.855050087E0,6.553050518E0,-2.639999986E-1
6.565816101E1,-9.810000658E-1,3.622050285E0,1.821000099E0
6.566060442E1,3.169050217E0,3.000000238E0,-2.248950005E0
6.566304780E1,4.405050278E0,3.922050238E0,-4.690950394E0
6.566549126E1,2.062950134E0,3.838050127E0,-1.698000073E0
6.566793465E1,5.070000291E-1,5.056950092E0,2.686950207E0
6.567037803E1,2.038950205E0,6.156000137E0,1.890000105E0
6.567282164E1,4.552950382E0,7.765050411E0,-3.573000193E0
6.567526503E1,1.909950137E0,7.450950146E0,-7.432050228E0
6.567770841E1,4.999500215E-1,5.478000164E0,-6.882000446E0
6.568015187E1,3.504000187E0,6.072000504E0,-4.087950230E0
6.568259526E1,7.584000587E0,7.338000298E0,-4.999950409E0
6.568503864E1,6.166950226E0,8.851950645E0,-5.329950333E0
6.568748226E1,1.396950126E0,9.012000084E0,-4.429950237E0
6.568992564E1,1.548000097E0,8.310000420E0,-1.471050024E0
6.569236903E1,3.412950277E0,9.354000092E0,-9.409500360E-1
6.569481249E1,5.716950417E0,1.004205036E1,-5.826000214E0
6.569725586E1,5.740950108E0,9.697050095E0,-7.851000309E0
6.569969925E1,2.065050125E0,9.694050789E0,-5.172000408E0
6.570214286E1,2.149500102E-1,8.755949974E0,-9.105000645E-2
6.570458625E1,2.962950230E0,9.691950798E0,2.950500250E-1
6.570702963E1,6.832050323E0,1.132200050E1,-5.512050152E0
6.570947301E1,6.484950542E0,1.153800011E1,-6.772050381E0
6.571191647E1,3.028050184E0,1.170600033E1,-4.461000443E0
6.571435986E1,1.339950085E0,1.112595081E1,-4.579500258E-1
6.571680324E1,2.022000074E0,1.099695015E1,2.836050034E0
6.571924685E1,5.140050411E0,1.238100052E1,-5.416050434E0
6.572169024E1,4.756950378E0,1.307805061E1,-5.614950180E0
6.572413370E1,1.797000051E0,1.055205059E1,-4.565999985E0
6.572657708E1,1.801950097E0,9.052950859E0,-1.662000060E0
6.572902047E1,4.033950329E0,1.163100052E1,-6.640500426E-1
6.573146408E1,4.687050343E0,1.151400089E1,-2.737050056E0
6.573390747E1,3.199950218E0,1.100595093E1,-3.654000282E0
6.573635085E1,1.945950150E0,1.045800018E1,-1.966050148E0
6.573879431E1,1.555050015E0,1.031700039E1,-7.090500593E-1
6.574123770E1,4.567049980E0,1.023105049E1,-2.071950197E0
6.574368108E1,6.706050396E0,9.061950684E0,-4.249950409E0
6.574612447E1,4.315950394E0,8.467950821E0,-3.562950134E0
6.574856808E1,1.084050059E0,7.939050198E0,1.131000042E0
6.575101147E1,1.476000071E0,6.783000469E0,2.211000204E0
6.575345485E1,5.128050327E0,9.826050758E0,1.897050142E0
6.575589830E1,3.985950232E0,9.850050926E0,8.700000644E-1
6.575834168E1,2.947050095E0,9.622950554E0,-6.300000101E-2
6.576078530E1,2.365050077E0,1.006500053E1,-3.379500210E-1
6.576322845E1,1.375950098E0,1.061100006E1,6.880500317E-1
6.576567206E1,2.973000050E0,1.080495071E1,-8.029500246E-1
6.576811545E1,3.739050150E0,8.598000526E0,-4.513950348E0
6.577055891E1,2.128050089E0,6.939000130E0,-6.111000061E0
6.577300230E1,1.744950056E0,5.739000320E0,-5.521950245E0
6.577544568E1,3.792000294E0,7.261950493E0,-5.569950104E0
6.577788930E1,5.104050159E0,7.872000217E0,-6.795000553E0
6.578033268E1,3.871050119E0,7.551000595E0,-5.830950260E0
6.578277607E1,2.359950066E0,9.253950119E0,-2.443050146E0
6.578521953E1,-1.549500078E-1,9.751950264E0,4.180500209E-1
6.578766291E1,3.769500256E-1,8.418000221E0,1.750950098E0
6.579010630E1,4.924050331E0,7.824000359E0,6.709500551E-1
6.579254991E1,6.247950077E0,5.827950478E0,-1.353000045E0
6.579499330E1,2.590050220E0,5.755950451E0,-5.059500337E-1
6.579743668E1,1.519950032E0,5.935050488E0,3.196950197E0
6.579988007E1,3.126000166E0,7.326000214E0,1.243950009E0
6.580232353E1,4.963050365E0,9.402000427E0,-9.610500336E-1
6.580476691E1,4.150950432E0,9.927000046E0,-2.601000071E0
6.580721052E1,2.338050127E0,9.124950409E0,-2.758950233E0
6.580965391E1,2.398050070E0,9.390000343E0,-1.930050135E0
6.581209729E1,4.405050278E0,1.049205017E1,-5.194050312E0
6.581454075E1,5.379000187E0,9.177000046E0,-9.786000252E0
6.581698414E1,3.174000263E0,7.918050289E0,-1.152900028E1
6.581942752E1,3.310050249E0,7.453050137E0,-1.081095028E1
6.582187090E1,4.503000259E0,7.555950165E0,-8.778000832E0
6.582431452E1,5.470050335E0,8.430000305E0,-7.483050346E0
6.582675790E1,4.479000092E0,9.610950470E0,-5.035950184E0
6.582920127E1,1.633950114E0,1.015905094E1,-1.279050112E0
6.583164473E1,-7.969500422E-1,7.860000610E0,3.664050102E0
6.583408812E1,-7.050000131E-3,7.141950130E0,6.406050205E0
6.583653151E1,2.784000158E0,7.695000172E0,3.930000305E0
6.583897489E1,5.803050041E0,6.567000389E0,2.319000006E0
6.584141852E1,4.132050037E0,5.629050255E0,1.567050099E0
6.584386198E1,2.914950132E0,5.545050144E0,2.275050163E0
6.584630537E1,2.206950188E0,8.818050385E0,2.670000196E-1
6.584874875E1,2.319000006E0,1.333095074E1,6.690000296E-1
6.585119213E1,3.082950115E0,1.536900043E1,1.159500033E-1
6.585363574E1,4.672950268E0,1.434900093E1,9.130500555E-1
6.585607913E1,4.975050449E0,1.316400051E1,-2.164950132E0
6.585852252E1,7.045950413E0,1.404705048E1,-8.731950760E0
6.586096597E1,8.523000717E0,1.394205093E1,-1.230195045E1
6.586340936E1,4.801950455E0,1.266795063E1,-1.162005043E1
6.586585297E1,1.110000014E0,9.997950554E0,-7.768050194E0
6.586829636E1,3.208050251E0,6.591000080E0,-4.462950230E0
6.587073975E1,6.651000500E0,6.886050224E0,-7.357950211E0
6.587318313E1,6.993000507E0,6.145950317E0,-1.056195068E1
6.587562659E1,4.615050316E0,5.476050377E0,-1.004700089E1
6.587806998E1,3.291000128E0,4.471950054E0,-3.783000231E0
6.588051336E1,2.009999990E0,5.782050133E0,1.756050110E0
6.588295698E1,-3.700950146E0,1.264905071E1,5.908050060E0
6.588540037E1,-3.055050135E0,3.004950047E0,5.398050308E0
6.588784375E1,7.170000076E-1,3.414000273E0,4.726950169E0
6.589028721E1,-4.330500066E-1,4.987050056E0,3.777000189E0
6.589273060E1,9.640500546E-1,2.113950014E0,3.154050112E0
6.589517398E1,2.130000114E0,2.887050152E0,4.810950279E0
6.589761737E1,3.856050253E0,5.583000183E0,2.134050131E0
6.590006098E1,3.564000130E0,8.671950340E0,3.123000145E0
6.590250437E1,4.963050365E0,4.840950012E0,1.180500090E-1
6.590494775E1,4.792950153E0,5.515950203E0,-7.222050190E0
6.590739121E1,7.053000450E0,6.784950256E0,-9.858000755E0
6.590983460E1,5.808000088E0,6.226950169E0,-8.188950539E0
6.591227800E1,2.731050014E0,7.570950508E0,-8.056950569E0
6.591472161E1,2.488950014E0,5.811000347E0,-5.170050144E0
6.591716500E1,3.825000286E0,6.685050488E0,-6.922050476E0
6.591960846E1,7.338000298E0,7.792950153E0,-8.560050011E0
6.592205184E1,5.692950249E0,1.088700008E1,-5.206050396E0
6.592449523E1,4.402050018E0,1.071405029E1,-2.584050179E0
6.592693885E1,3.289050102E0,1.294095039E1,-8.670000434E-1
6.592938223E1,2.632950068E0,1.405200100E1,3.736050129E0
6.593182562E1,2.944050074E0,1.481295109E1,1.318050027E0
6.593426900E1,1.737000108E0,1.134195042E1,-1.435050011E0
6.593671248E1,9.379500151E-1,7.924950600E0,-4.914000034E0
6.593915586E1,1.147950053E0,6.502950191E0,-4.168950081E0
6.594159925E1,4.134000301E0,9.381000519E0,-3.774000168E0
6.594404286E1,6.811050415E0,1.260300064E1,-4.483050346E0
6.594648625E1,6.580950260E0,1.281705093E1,-3.012000084E0
6.594892973E1,3.307950258E0,1.164105034E1,-3.288000107E0
6.595137304E1,2.428950071E0,1.489995098E1,-8.460000157E-1
6.595381650E1,3.933000088E0,1.670505142E1,-5.869500041E-1
6.595625989E1,4.876049995E0,1.360200024E1,-5.254050255E0
6.595870350E1,3.010950089E0,9.867000580E0,-6.337950230E0
6.596114689E1,1.491000056E0,9.019050598E0,-5.641050339E0
6.596359027E1,2.760000229E0,9.031050682E0,-1.782000065E0
6.596603373E1,4.711050034E0,9.285000801E0,-5.539500117E-1
6.596847712E1,4.407000065E0,7.936950207E0,-3.100950241E0
6.597092050E1,3.231000185E0,6.934050560E0,-2.128950119E0
6.597336389E1,1.645950079E0,6.048000336E0,-2.680050135E0
6.597580750E1,1.912050128E0,5.923050404E0,-2.220000029E0
6.597825089E1,3.816000223E0,7.834050179E0,-2.172000170E0
6.598069427E1,3.409050226E0,7.681050301E0,-1.681050062E0
6.598313773E1,2.461050034E0,6.462000370E0,-2.350500077E-1
6.598558112E1,1.881000042E0,6.052950382E0,2.215950012E0
6.598802473E1,1.873950124E0,7.425000191E0,1.971000075E0
6.599046812E1,3.547950268E0,9.046050072E0,1.669950128E0
6.599291150E1,2.407950163E0,7.984950542E0,1.888050079E0
6.599535496E1,1.125000000E0,6.934050560E0,1.363050103E0
6.599779833E1,7.939500213E-1,5.727000237E0,-7.570500374E-1
6.600024172E1,1.275000095E0,5.562000275E0,-2.230050087E0
6.600268533E1,3.847050190E0,7.603950500E0,-5.151000023E0
6.600512872E1,4.761000156E0,8.164050102E0,-7.107000351E0
6.600757210E1,2.851050138E0,7.522950172E0,-5.586000443E0
6.601001549E1,1.387950063E0,5.977950096E0,-3.190050125E0
6.601245895E1,2.073000193E0,6.747000217E0,-1.248000026E0
6.601490233E1,5.013000011E0,8.188050270E0,-2.682000160E0
6.601734572E1,5.503950119E0,7.999050617E0,-5.359050274E0
6.601978933E1,2.868000031E0,7.744950294E0,-5.380050182E0
6.602223273E1,2.359950066E0,6.273000240E0,-3.190050125E0
6.602467612E1,5.542050362E0,6.511950493E0,-3.457950115E0
6.602711958E1,6.588000298E0,7.384050369E0,-4.363049984E0
6.602956296E1,4.162950039E0,8.059050560E0,-4.111050129E0
6.603200634E1,9.349500537E-1,8.173950195E0,-5.200500488E-1
6.603444972E1,8.830500245E-1,7.207050323E0,2.095950127E0
6.603689334E1,3.235950232E0,8.563950539E0,-4.549500346E-1
6.603933672E1,4.615050316E0,9.189000130E0,-3.466950178E0
6.604178018E1,3.270000219E0,9.963000298E0,-3.216000080E0
6.604422355E1,9.040500522E-1,9.586950302E0,-1.276950002E0
6.604666694E1,4.249500334E-1,9.204000473E0,1.782000065E0
6.604911055E1,1.086000085E0,1.028100014E1,3.240000010E-1
6.605155394E1,4.606050014E0,1.179705048E1,-1.590000093E-1
6.605399732E1,4.804950237E0,1.268505096E1,-6.628050327E0
6.605644071E1,2.809950113E0,1.112595081E1,-6.036000252E0
6.605888417E1,1.660950065E0,1.038600063E1,-3.490950108E0
6.606132755E1,3.354000092E0,1.125795078E1,-1.963950038E0
6.606377117E1,4.845000267E0,1.052805042E1,-3.369000196E0
6.606621455E1,4.177050114E0,9.115050316E0,-4.437000275E0
6.606865793E1,3.997950077E0,9.129000664E0,-4.605000019E0
6.607110139E1,3.697950125E0,7.882050514E0,-4.996950150E0
6.607354478E1,5.335950375E0,9.046050072E0,-4.291050434E0
6.607598816E1,6.727050304E0,8.392050743E0,-5.713050365E0
6.607843178E1,5.038950443E0,8.788949966E0,-4.897050381E0
6.608087518E1,1.977000117E0,7.300050259E0,-1.710000038E0
6.608331856E1,2.455950022E0,5.380050182E0,9.469500184E-1
6.608576195E1,4.483950138E0,7.077000141E0,7.069500089E-1
6.608820541E1,4.000050068E0,6.450000286E0,-5.130000114E-1
6.609064879E1,4.014000416E0,3.967050076E0,-1.606950045E0
6.609309218E1,2.743050098E0,5.761050224E0,-1.036949992E0
6.609553580E1,4.825950146E0,6.201000214E0,-1.123050094E0
6.609797918E1,6.765000343E0,7.225950241E0,-3.280500174E-1
6.610042257E1,5.518050194E0,8.883000374E0,-2.148000002E0
6.610286603E1,2.698050022E0,8.902050018E0,-3.601050138E0
6.610530940E1,7.369500399E-1,8.437050819E0,-2.589000225E0
6.610775278E1,8.200500607E-1,7.056000233E0,-7.759500146E-1
6.611019640E1,3.076050043E0,7.012950420E0,-2.176950216E0
6.611263978E1,5.563950062E0,8.557050705E0,-4.782000065E0
6.611508317E1,6.402000427E0,7.633050442E0,-4.738950253E0
6.611752662E1,3.427950144E0,7.510950565E0,-3.052950144E0
6.611997001E1,2.496000051E0,9.843000412E0,1.450500041E-1
6.612241339E1,4.800000191E0,1.097100067E1,-7.519500256E-1
6.612485701E1,5.863050461E0,1.199505043E1,-4.291050434E0
6.612730039E1,1.663050056E0,9.634950638E0,-8.035950661E0
6.612974376E1,-5.910000205E-1,7.566000462E0,-4.200000286E0
6.613218722E1,1.086000085E0,7.827000141E0,-2.578950167E0
6.613463061E1,4.777950287E0,1.029495049E1,-2.032950163E0
6.613707422E1,4.957950115E0,8.446949959E0,-2.722950220E0
6.613951738E1,2.365050077E0,8.904000282E0,-2.230050087E0
6.614196097E1,1.090950012E0,8.698050499E0,1.885050058E0
6.614440436E1,2.065050125E0,1.033095074E1,3.079950094E0
6.614684782E1,3.339000225E0,1.060200024E1,2.151000023E0
6.614929120E1,3.229050159E0,7.762050152E0,-1.297950029E0
6.615173459E1,3.318000078E0,7.959000587E0,-2.353950024E0
6.615417821E1,2.518050194E0,8.398950577E0,-1.248000026E0
6.615662159E1,4.120050430E0,9.730050087E0,-1.071000099E0
6.615906498E1,6.805950165E0,1.132995033E1,-2.818950176E0
6.616150844E1,6.832050323E0,1.108305073E1,-7.770000458E0
6.616395182E1,2.760000229E0,1.257495022E1,-5.605950356E0
6.616639520E1,5.980500579E-1,1.092300034E1,-2.007000208E0
6.616883859E1,1.287000060E0,1.081695080E1,-9.030000567E-1
6.617128220E1,5.386050224E0,1.114995098E1,-2.809050083E0
6.617372559E1,6.811050415E0,1.058700085E1,-6.834000111E0
6.617616897E1,2.824050188E0,8.557050705E0,-7.143000126E0
6.617861243E1,1.261050105E0,6.601050377E0,-2.809050083E0
6.618105582E1,3.958950281E0,6.673050404E0,-1.308000088E0
6.618349920E1,6.957000256E0,8.209950447E0,-2.419050217E0
6.618594282E1,5.619000435E0,6.997950554E0,-3.700050116E0
6.618838620E1,4.171950340E0,6.736950397E0,-3.220950127E0
6.619082966E1,3.199950218E0,6.201000214E0,-1.420050025E0
6.619327305E1,3.291000128E0,6.691950321E0,1.159500033E-1
6.619571643E1,5.275950432E0,8.863950729E0,3.390000165E-1
6.619815982E1,5.295000076E0,7.687950134E0,-7.189500332E-1
6.620060343E1,4.285050392E0,7.240050316E0,-1.987950087E0
6.620304682E1,2.949000120E0,6.093000412E0,-3.154050112E0
6.620549020E1,5.010000229E0,5.124000072E0,-3.216000080E0
6.620793366E1,6.652950287E0,5.803950310E0,-5.203050137E0
6.621037705E1,4.876049995E0,7.555950165E0,-6.817050457E0
6.621282042E1,3.955050230E0,7.189950466E0,-6.285000324E0
6.621526404E1,4.645950317E0,7.852950573E0,-2.337000132E0
6.621770742E1,6.840000153E0,8.100000381E0,-3.240000010E-1
6.622015088E1,5.887050152E0,9.394950867E0,-2.008949995E0
6.622259427E1,2.407950163E0,9.333000183E0,-5.413950443E0
6.622503765E1,5.710500479E-1,8.160000801E0,-5.196000099E0
6.622748103E1,8.710500598E-1,6.522000313E0,-1.096950054E0
6.622992465E1,3.274950266E0,6.792000294E0,8.220000267E-1
6.623236803E1,6.073050499E0,7.489050388E0,-1.162050009E0
6.623481142E1,5.170950413E0,8.041950226E0,-2.446950197E0
6.623725488E1,2.865000248E0,8.737050056E0,-1.207050085E0
6.623969826E1,5.279999971E-1,9.457050323E0,1.306050062E0
6.624214165E1,-4.995000362E-2,9.745050430E0,2.400000095E-1
6.624458526E1,8.610000610E-1,1.110900021E1,-1.180500090E-1
6.624702865E1,3.090000153E0,1.075005054E1,2.740500271E-1
6.624947204E1,2.164050102E0,8.842050552E0,-1.156949997E0
6.625191542E1,9.469500184E-1,7.683000565E0,2.070000172E-1
6.625435888E1,2.215950012E0,8.955000877E0,-1.030500084E-1
6.625680227E1,3.990000248E0,1.015905094E1,-8.100000620E-1
6.625924588E1,3.531000137E0,8.923050880E0,-1.558950067E0
6.626168927E1,2.310000181E0,9.180000305E0,-1.858050108E0
6.626413266E1,1.678050041E0,9.666000366E0,4.395000264E-2
6.626657604E1,1.371000051E0,1.027095032E1,9.195000678E-2
6.626901950E1,1.402050018E0,1.099695015E1,-1.054050088E0
6.627146288E1,1.606050134E0,1.005795002E1,1.489500105E-1
6.627390627E1,1.548000097E0,8.515950203E0,1.153050065E0
6.627634988E1,1.201050043E0,7.398000240E0,8.700000644E-1
6.627879326E1,4.546050072E0,8.047050476E0,7.770000100E-1
6.628123665E1,6.145050526E0,8.880000114E0,-4.339050293E0
6.628368011E1,5.689950466E0,7.807950497E0,-6.373950481E0
6.628612350E1,3.952050209E0,7.804950237E0,-5.572050095E0
6.628856688E1,3.421050072E0,7.729050159E0,-3.120000124E0
6.629101049E1,4.957950115E0,8.184000015E0,-2.188950062E0
6.629345388E1,7.243950367E0,8.322000504E0,-3.841050148E0
6.629589734E1,6.202950478E0,7.360050201E0,-4.629000187E0
6.629834073E1,5.479950428E0,7.614000320E0,-4.618950367E0
6.630078411E1,5.446050167E0,7.336050510E0,-3.865050077E0
6.630322772E1,6.720000267E0,8.670000076E0,-3.793050289E0
6.630567111E1,6.334050179E0,9.117000580E0,-4.930050373E0
6.630811450E1,5.572950363E0,1.041705036E1,-4.495050430E0
6.631055788E1,4.183950424E0,9.591000557E0,-4.746000290E0
6.631300134E1,5.250000477E0,1.009200001E1,-2.569950104E0
6.631544473E1,6.403950214E0,1.038600063E1,-8.910000324E-1
6.631788811E1,6.435000420E0,1.206705093E1,-1.648050070E0
6.632033172E1,5.698050499E0,1.131495094E1,-4.357950211E0
6.632277511E1,2.037000179E0,1.113795090E1,-4.324950218E0
6.632521850E1,1.690500081E-1,9.991050720E0,-5.179499984E-1
6.632766188E1,1.342050076E0,1.090305042E1,1.050000072E0
6.633010534E1,2.427000046E0,1.325700092E1,8.410500288E-1
6.633254874E1,3.187950134E0,1.239495087E1,3.460500240E-1
6.633499212E1,2.728950024E0,1.109295082E1,1.294050097E0
6.633743574E1,1.600950122E0,9.928950310E0,-7.789500356E-1
6.633987913E1,1.387950063E0,1.022400093E1,-1.032000065E0
6.634232258E1,2.757000208E0,1.053705025E1,-9.130500555E-1
6.634476589E1,3.013950109E0,8.878050804E0,-5.095950127E0
6.634720935E1,2.077050209E0,8.173950195E0,-3.847950220E0
6.634965297E1,1.330050111E0,6.517050266E0,-2.767950058E0
6.635209636E1,1.603050113E0,6.757050514E0,1.054050088E0
6.635453974E1,2.992050171E0,8.148000717E0,1.501950026E0
6.635698313E1,3.640950203E0,5.787000179E0,-6.180000305E-1
6.635942659E1,3.619050264E0,4.501049995E0,-2.098050117E0
6.636186998E1,3.253050089E0,6.069000244E0,-2.854050159E0
6.636431336E1,1.893000126E0,4.900950432E0,-2.344050169E0
6.636675697E1,2.113049984E0,7.152000427E0,8.269500136E-1
6.636920036E1,1.747050047E0,8.587950706E0,-1.333950043E0
6.637164375E1,5.500500202E-1,7.852950573E0,-2.722950220E0
6.637408721E1,-6.700500250E-1,5.143050194E0,-2.380050182E0
6.637653059E1,-2.460000068E-1,2.875050068E0,-1.377000093E0
6.637897422E1,3.664950132E0,4.981950283E0,-2.740050077E0
6.638141761E1,5.082000256E0,5.248050213E0,-2.673000097E0
6.638386099E1,4.777950287E0,4.434000015E0,-2.482950211E0
6.638630445E1,3.478050232E0,5.550000191E0,-9.820500612E-1
6.638874784E1,3.487950087E0,4.788000107E0,-9.220500588E-1
6.639119122E1,4.455000401E0,7.486950397E0,-1.600050092E0
6.639363461E1,4.930950165E0,8.121000290E0,-3.541950226E0
6.639607822E1,4.921950340E0,9.589050293E0,-4.597949982E0
6.639852161E1,3.559050083E0,9.189000130E0,-3.348000050E0
6.640096499E1,2.797950029E0,9.781050682E0,8.220000267E-1
6.640340845E1,2.556000233E0,9.886050224E0,1.785000086E0
6.640585184E1,3.817950249E0,1.104495049E1,-8.359500170E-1
6.640829522E1,4.801950455E0,1.159800053E1,-4.012950420E0
6.641073861E1,4.969950199E0,1.115700054E1,-5.341950417E0
6.641318222E1,4.323000431E0,1.073805046E1,-5.299050331E0
6.641562561E1,2.587050200E0,1.209600067E1,-3.727950096E0
6.641806900E1,2.382000208E0,1.161000061E1,-4.542000294E0
6.642051246E1,3.697950125E0,1.158600044E1,-4.006050110E0
6.642295584E1,3.298950195E0,1.036005020E1,-3.229950190E0
6.642539946E1,2.821950197E0,9.880950928E0,-9.220500588E-1
6.642784287E1,2.889000177E0,1.065705013E1,2.639999986E-1
6.643028625E1,3.475950241E0,1.086495018E1,3.859500289E-1
6.643272971E1,5.133000374E0,7.779000282E0,-1.999950051E0
6.643517310E1,6.781950474E0,6.697050095E0,-3.585000277E0
6.643761648E1,5.950950146E0,6.931050301E0,-4.164000034E0
6.644005986E1,3.934950113E0,7.231050491E0,-4.720050335E0
6.644250347E1,3.853950262E0,6.579000473E0,-4.636050224E0
6.644494686E1,4.132050037E0,5.277000427E0,-4.698000431E0
6.644739032E1,3.888000250E0,4.561050415E0,-2.995950222E0
6.644983371E1,3.231000185E0,4.597050190E0,5.850000381E-1
6.645227710E1,2.647050142E0,3.772950172E0,3.283050060E0
6.645472049E1,4.026000023E0,5.097000122E0,1.555050015E0
6.645716410E1,4.350000381E0,5.866050243E0,5.610000491E-1
6.645960748E1,2.407950163E0,5.559000492E0,1.693950057E0
6.646205094E1,2.194950104E0,6.096000195E0,2.866950035E0
6.646449433E1,1.464000106E0,7.990050316E0,-3.195000067E-2
6.646693771E1,2.065050125E0,8.017950058E0,-2.931000233E0
6.646938132E1,3.720000267E0,8.842050552E0,-3.835950136E0
6.647182471E1,2.592000008E0,8.242950439E0,-3.307050228E0
6.647426810E1,1.354050040E0,6.721050262E0,2.040000111E-1
6.647671148E1,9.979500771E-1,7.008000374E0,1.537950039E0
6.647915494E1,5.298000336E0,9.544050217E0,-1.260000110E0
6.648159832E1,8.956050873E0,8.440050125E0,-7.756050587E0
6.648404171E1,6.097050190E0,6.310950279E0,-9.144000053E0
6.648648532E1,2.640000105E0,8.248050690E0,-6.913050175E0
6.648892871E1,2.239950180E0,7.984950542E0,-4.011000156E0
6.649137210E1,3.469050169E0,7.753050327E0,-2.956950188E0
6.649381548E1,4.491000175E0,8.313000679E0,-3.264000177E0
6.649625894E1,4.029000282E0,9.187050819E0,-3.211050034E0
6.649870256E1,3.136050224E0,8.590950012E0,-3.300000191E0
6.650114594E1,1.177050114E0,8.014050484E0,-2.694000244E0
6.650358933E1,3.730500042E-1,8.221950531E0,-1.617000103E0
6.650603271E1,5.640000105E-1,1.068300056E1,5.710500479E-1
6.650847617E1,2.009999990E0,9.493050575E0,-8.580000401E-1
6.651091956E1,3.624000072E0,1.073100090E1,-1.230000034E-1
6.651336294E1,6.042000294E0,1.083405018E1,-1.411050081E0
6.651580656E1,9.294000626E0,1.386300087E1,-5.503050327E0
6.651824994E1,1.103700066E1,1.515105057E1,-1.022895050E1
6.652069340E1,6.421050072E0,1.316595078E1,-1.146405029E1
6.652313671E1,9.090000391E-1,1.337700081E1,-4.605000019E0
6.652558016E1,2.719500065E-1,1.253400040E1,2.350050211E0
6.652802354E1,1.471950054E0,1.408995056E1,9.589500427E-1
6.653046716E1,3.319950104E0,1.313505077E1,-3.522000074E0
6.653291054E1,3.009000063E0,1.066200066E1,-3.463050127E0
6.653535393E1,1.375950098E0,1.143705082E1,-2.152950048E0
6.653779738E1,3.760950089E0,1.271100044E1,-2.289000034E0
6.654024077E1,4.085999966E0,1.681005096E1,-3.883950233E0
6.654268416E1,3.709950209E0,1.717395020E1,9.199500680E-1
6.654512777E1,2.587050200E0,1.455705070E1,8.340000510E-1
6.654757116E1,1.845000029E0,1.404495049E1,7.690500617E-1
6.655001453E1,1.362000108E0,1.218195057E1,-5.100000277E-2
6.655245792E1,2.437050104E0,1.039395046E1,1.777050138E0
6.655490138E1,3.955050230E0,9.510000229E0,-1.300950050E0
6.655734477E1,5.824050426E0,9.141000748E0,-5.275050163E0
6.655978815E1,9.447000504E0,8.890050888E0,-6.682950497E0
6.656223176E1,1.014600086E1,1.023300076E1,-9.514950752E0
6.656467515E1,9.193050385E0,9.847950935E0,-1.281495094E1
6.656711853E1,5.247000217E0,9.666000366E0,-1.202895069E1
6.656956199E1,5.790000558E-1,7.009950161E0,-5.233950138E0
6.657200537E1,3.540000021E-1,6.322950363E0,2.392950058E0
6.657444898E1,-3.229500055E-1,8.638050079E0,6.346050262E0
6.657689237E1,4.540950298E0,5.205000401E0,1.765950084E0
6.657933575E1,8.728950500E0,5.157000065E0,3.889500201E-1
6.658177914E1,6.658050537E0,4.723950386E0,-4.120500088E-1
6.658422259E1,2.329050064E0,8.928000450E0,-5.112000465E0
6.658666598E1,2.941950083E0,1.036500072E1,-9.562950134E0
6.658910936E1,3.403950214E0,1.031895065E1,-8.500050545E0
6.659155298E1,3.636000156E0,1.018305016E1,-2.305950165E0
6.659399636E1,2.104050159E0,7.570950508E0,-1.039950013E0
6.659643976E1,1.660950065E0,6.261000156E0,-6.370500326E-1
6.659888322E1,5.638050079E0,5.563950062E0,-2.476050138E0
6.660132660E1,9.343950272E0,4.389000416E0,-7.140000343E0
6.660377022E1,6.232050419E0,3.819000244E0,-9.297000885E0
6.660621360E1,3.580950260E0,4.834050179E0,-7.624050140E0
6.660865698E1,7.965000153E0,4.846050262E0,-9.016950607E0
6.661110044E1,1.009605026E1,4.537050247E0,-1.408395100E1
6.661354383E1,4.153050423E0,6.931050301E0,-1.068405056E1
6.661598721E1,-2.109000206E0,6.675000191E0,-9.610500336E-1
6.661843060E1,-2.719950199E0,5.968950272E0,6.457950115E0
6.662087419E1,2.790000141E-1,5.638050079E0,6.652050495E0
6.662331758E1,4.207950115E0,2.703000069E0,3.931950092E0
6.662576096E1,5.674050331E0,3.124050140E0,1.003950000E0
6.662820442E1,6.591000080E0,4.249950409E0,-3.190050125E0
6.663064781E1,7.747050285E0,6.529050350E0,-1.009005070E1
6.663309121E1,5.662050247E0,9.169950485E0,-1.616699982E1
6.663553460E1,1.231950045E0,1.074495029E1,-1.684905052E1
6.663797821E1,-2.970000207E-1,1.003905010E1,-9.372000694E0
6.664042160E1,-5.410500169E-1,5.947050095E0,2.529000044E0
6.664286506E1,-9.220500588E-1,8.064000130E0,3.504000187E0
6.664530843E1,2.458050013E0,8.445000648E0,1.545000076E0
6.664775181E1,3.106950045E0,9.241950035E0,2.128950119E0
6.665019543E1,1.196595097E1,7.318950176E0,-6.795000285E-2
6.665263881E1,1.287600040E1,2.583000183E0,-1.398105049E1
6.665508220E1,1.663500023E1,5.824950218E0,-2.175300026E1
6.665752566E1,7.728000164E0,8.478000641E0,-2.243700027E1
6.665996904E1,1.527000070E0,4.494000435E0,-1.438800049E1
6.666241243E1,-9.300000221E-2,2.277000189E0,-5.122050285E0
6.666485581E1,-3.420000076E-1,4.827000141E0,3.262050152E0
6.666729943E1,-2.289000034E0,5.413050175E0,7.726950169E0
6.666974281E1,-6.000000238E-2,9.169500470E-1,4.842000008E0
6.667218620E1,1.198950052E0,8.980500698E-1,6.075000286E0
6.667462966E1,1.864050031E0,1.405050039E0,4.615050316E0
6.667707304E1,2.902950048E0,3.133950233E0,2.572050095E0
6.667951666E1,5.251950264E0,1.011300087E1,6.499500275E-1
6.668196004E1,7.134000301E0,9.388050079E0,4.777950287E0
6.668440342E1,8.086950302E0,4.147050381E0,-7.590000153E0
6.668684688E1,3.310050249E0,4.780950069E0,-1.669095039E1
6.668929019E1,3.265050173E0,6.325950146E0,-9.850950241E0
6.669173367E1,4.311000347E0,7.498950481E0,-3.130050182E0
6.669417728E1,3.792000294E0,1.074495029E1,-2.275050163E0
6.669662067E1,5.154000282E0,1.480905056E1,-2.710500062E-1
6.669906405E1,8.191950798E0,1.639395142E1,-7.380000353E-1
6.670150744E1,9.187950134E0,1.454505062E1,-6.574950218E0
6.670395091E1,6.235950470E0,1.302195072E1,-7.902000427E0
6.670639430E1,1.644000053E0,1.031400013E1,-2.926050186E0
6.670883768E1,2.074949980E0,8.233950615E0,6.900000572E-1
6.671128130E1,4.783050060E0,1.190895081E1,-5.488050461E0
6.671372468E1,3.271950245E0,8.101950645E0,-7.246050358E0
6.671616807E1,6.460500360E-1,6.979050159E0,-1.866000056E0
6.671861146E1,2.829000235E0,1.057305050E1,-5.610000491E-1
6.672105492E1,4.773000240E0,1.704495049E1,6.499500275E-1
6.672349853E1,4.165050030E0,1.562295055E1,-1.015950084E0
6.672594169E1,2.736000061E0,9.369000435E0,8.205000311E-2
6.672838530E1,1.654050112E0,7.729050159E0,2.910000086E-1
6.673082869E1,9.499500394E-1,7.743000507E0,2.541000128E0
6.673327215E1,2.119500041E-1,1.014900017E1,3.396000147E0
6.673571553E1,1.639500111E-1,4.804950237E0,1.411050081E0
6.673815892E1,-1.161000013E0,2.473050117E0,-1.819500029E-1
6.674060253E1,-4.222949982E0,1.339395046E1,3.019950151E0
6.674304592E1,5.202000141E0,1.000095081E1,5.641950130E0
6.674548930E1,1.167600060E1,9.144000053E0,-1.320705032E1
6.674793276E1,6.646050453E0,8.229000092E0,-2.430705070E1
6.675037615E1,1.642050028E0,4.879050255E0,-1.769205093E1
6.675281976E1,7.258950233E0,3.838050127E0,-1.597500038E1
6.675526292E1,5.559000492E0,1.879050136E0,-1.320705032E1
6.675770653E1,3.343950272E0,5.629500151E-1,-7.756050587E0
6.676014992E1,1.519950032E0,2.071050167E0,3.600000143E-1
6.676259330E1,-2.059500068E-1,6.721050262E0,6.817050457E0
6.676503678E1,2.587050200E0,1.514895058E1,6.061050415E0
6.676748016E1,5.221050262E0,8.104949951E0,2.383050203E0
6.676992378E1,4.693950176E0,4.708950043E0,4.461000443E0
6.677236716E1,2.974950075E0,7.843950272E0,3.172950268E0
6.677481055E1,4.933950424E0,1.068105030E1,9.229500294E-1
6.677725401E1,8.251950264E0,5.473050117E0,-1.128000069E1
6.677969740E1,4.134000301E0,3.354000092E0,-1.578795052E1
6.678214078E1,2.269050121E0,6.024000168E0,-1.453095055E1
6.678458417E1,7.177050114E0,8.299050331E0,-1.093005085E1
6.678702778E1,3.619050264E0,6.283050060E0,-1.239300060E1
6.678947115E1,-3.919500113E-1,5.172000408E0,-7.039950371E0
6.679191454E1,2.220000178E-1,4.137000084E0,7.669500113E-1
6.679435800E1,3.733950138E0,4.626000404E0,4.512000084E0
6.679680139E1,5.085000038E0,3.927000284E0,1.756050110E0
6.679924477E1,2.619000196E0,9.820500612E-1,1.846950054E0
6.680168838E1,2.092050076E0,3.660000265E-1,5.155950069E0
6.680413177E1,3.094950199E0,1.738050103E0,2.164950132E0
6.680657523E1,4.965000153E0,8.851950645E0,-2.361000061E0
6.680901862E1,4.251000404E0,9.105000496E0,-2.905050039E0
6.681146198E1,1.125000000E0,4.225950241E0,-1.039950013E0
6.681390537E1,-6.250500083E-1,2.928000212E0,1.156949997E0
6.681634898E1,1.881000042E0,4.398000240E0,-1.059000015E0
6.681879237E1,4.819050312E0,8.229000092E0,-6.826950550E0
6.682123575E1,4.795050144E0,5.164050102E0,-1.037700081E1
6.682367920E1,9.520500302E-1,7.141950130E0,-9.846000671E0
6.682612259E1,5.827050209E0,9.996000290E0,-1.168005085E1
6.682856598E1,4.699050426E0,8.032950401E0,-1.339695072E1
6.683100959E1,6.405000389E-2,1.142805099E1,-6.727950096E0
6.683345298E1,-5.670000315E-1,8.944950104E0,4.729500115E-1
6.683589636E1,3.588000059E0,7.402950287E0,-5.059500337E-1
6.683833974E1,7.945950508E0,6.093000412E0,-6.712050438E0
6.684078320E1,8.704950333E0,4.378950119E0,-5.056950092E0
6.684322659E1,5.221050262E0,5.875050068E0,-5.052000046E0
6.684567020E1,4.125000000E0,7.140000343E0,-3.108000040E0
6.684811359E1,6.811050415E0,9.742050171E0,-1.200000048E-1
6.685055697E1,6.679050446E0,9.244050026E0,-3.070050240E0
6.685300043E1,2.965950251E0,8.763000488E0,-5.377950191E0
6.685544382E1,2.293050051E0,8.171999931E0,-4.558950424E0
6.685788720E1,9.448950768E0,7.960950375E0,-8.019000053E0
6.686033082E1,9.969000816E0,5.986050129E0,-1.301295090E1
6.686277420E1,4.072050095E0,5.698050499E0,-1.405500031E1
6.686521759E1,2.568000078E0,6.342000484E0,-1.180395031E1
6.686766097E1,4.090950012E0,7.819950581E0,-6.433950424E0
6.687010443E1,1.600500047E-1,5.440050125E0,-4.516050339E0
6.687254783E1,-1.494000077E0,3.472050190E0,-1.680000126E-1
6.687499145E1,-1.050000042E-1,3.690000176E-1,5.890950203E0
6.687743483E1,4.872000217E0,2.136000156E0,6.291000366E0
6.687987822E1,6.591000080E0,8.070000410E-1,1.579050064E0
6.688232168E1,7.407000542E0,-3.163950205E0,-4.284000397E0
6.688476506E1,1.032105064E1,-3.909000158E0,-8.755949974E0
6.688720845E1,1.538205051E1,-3.820050240E0,-1.078005028E1
6.688965206E1,1.717304993E1,-5.520000458E-1,-1.785900116E1
6.689209545E1,8.809950829E0,6.100950241E0,-2.419695091E1
6.689453883E1,4.174950123E0,6.790050507E0,-1.648005104E1
6.689698228E1,1.848000050E0,7.504050255E0,-2.029005051E1
6.689942566E1,1.627050042E0,7.518000126E0,-1.840800095E1
6.690186905E1,1.918950081E0,1.730805016E1,6.139500141E-1
6.690431243E1,5.443950176E0,3.007695198E1,8.086050034E0
6.690675605E1,1.108050108E0,1.116705036E1,5.106000423E0
6.690919943E1,1.198950052E0,1.600094986E1,2.613000154E0
6.691164281E1,2.131950140E0,2.196000099E1,1.040400028E1
6.691408627E1,8.110500574E-1,1.054695034E1,5.400000215E-1
6.691652966E1,7.489500642E-1,1.164105034E1,2.254050016E0
6.691897327E1,9.780000448E-1,1.464300060E1,2.649000168E0
6.692141643E1,1.267950058E0,9.618000031E0,1.392000079E0
6.692386004E1,-9.000000544E-3,2.739000082E0,-4.116000175E0
6.692630343E1,1.534050107E0,3.069000244E0,-6.316950321E0
6.692874689E1,4.363950253E0,1.103805065E1,1.854000092E0
6.693119028E1,5.463000298E0,1.890795135E1,6.114000320E0
6.693363366E1,2.437050104E0,8.229000092E0,-2.351999998E0
6.693607728E1,1.162950039E0,6.898050308E0,5.071950436E0
6.693852066E1,-4.879500270E-1,1.171995068E1,7.500000477E0
6.694096405E1,6.070500016E-1,8.215050697E0,3.150000274E-1
6.694340751E1,2.724000216E0,5.904000282E0,4.576050282E0
6.694585090E1,1.737000108E0,4.843950272E0,7.452000141E0
6.694829428E1,1.588950038E0,6.994050503E0,1.588050127E0
6.695073789E1,2.476950169E0,9.795000076E0,-4.825050354E0
6.695318128E1,8.793000221E0,7.954050541E0,1.959000111E0
6.695562472E1,7.455000401E0,3.498000145E0,-1.727505112E1
6.695806811E1,4.692000389E0,2.743950129E0,-2.348400116E1
6.696051150E1,1.065900040E1,6.550950527E0,-2.596200180E1
6.696295488E1,6.550050259E0,5.179050446E0,-1.955205154E1
6.696539849E1,1.077000022E0,4.123050213E0,-9.433950424E0
6.696784189E1,1.576950073E0,2.254950047E0,-7.039500475E-1
6.697028527E1,3.765000105E0,1.389195061E1,5.065050125E0
6.697272873E1,4.836000443E0,1.853595161E1,1.086000085E0
6.697517212E1,2.062950134E0,8.152050018E0,2.977050066E0
6.697761550E1,6.550500393E-1,6.679950237E0,2.247000217E0
6.698005911E1,1.411950111E0,1.558005047E1,3.588000059E0
6.698250250E1,2.080049992E0,1.507395077E1,2.686950207E0
6.698494588E1,1.495950103E0,7.720950603E0,4.392000198E0
6.698738927E1,2.245050192E0,8.764950752E0,5.850000381E-1
6.698983273E1,2.668950081E0,1.285995102E1,8.580000401E-1
6.699227612E1,1.030950069E0,1.346295071E1,-2.875950098E0
6.699471950E1,4.519500136E-1,1.051800060E1,-1.779000044E0
6.699716311E1,4.519500136E-1,8.740950584E0,-1.200000010E-2
6.699960650E1,1.764000058E0,1.036005020E1,1.593000054E0
6.700204996E1,1.548000097E0,1.138500023E1,1.452000022E0
6.700449336E1,2.179949999E0,1.186800098E1,1.083000064E0
6.700693675E1,1.912050128E0,9.112950325E0,-1.780500114E-1
6.700938036E1,2.566050053E0,9.742050171E0,-6.970500350E-1
6.701182375E1,2.556000233E0,1.471800041E1,4.249500334E-1
6.701426713E1,1.630050063E0,1.543305111E1,6.190500259E-1
6.701671050E1,8.490000367E-1,1.177305031E1,1.639050126E0
6.701915396E1,-1.815000057E0,1.239495087E1,3.390000165E-1
6.702159735E1,-3.831000090E0,1.069005013E1,-2.899500132E-1
6.702404096E1,-4.111050129E0,9.594000816E0,1.822950125E0
6.702648435E1,-2.692950010E0,9.292050362E0,4.021049976E0
6.702892774E1,2.170500159E-1,9.775950432E0,5.590500236E-1
6.703137120E1,1.483950019E0,9.148050308E0,7.069500089E-1
6.703381458E1,7.773000240E0,8.634000778E0,3.298050165E0
6.703625797E1,1.392000103E1,9.771000862E0,-1.300095081E1
6.703870158E1,1.006005001E1,6.201000214E0,-2.590905190E1
6.704114497E1,1.536105061E1,1.233000040E0,-2.442495155E1
6.704358835E1,7.000050545E0,5.866050243E0,-1.939905167E1
6.704603174E1,7.302000523E0,5.445000172E0,-1.036095047E1
6.704847520E1,4.678050041E0,4.326000214E0,-4.902000427E0
6.705091858E1,1.066950083E0,2.800950050E0,3.537000179E0
6.705336197E1,1.963050127E0,4.360050201E0,7.179000378E0
6.705580558E1,3.363000154E0,8.617050171E0,4.516950130E0
6.705824897E1,3.150000095E0,7.183050156E0,3.994950294E0
6.706069236E1,2.179949999E0,4.198950291E0,4.464000225E0
6.706313574E1,4.993950367E0,3.445050240E0,4.678950310E0
6.706557919E1,9.583950043E0,5.076000214E0,-2.476050138E0
6.706802257E1,1.084995079E1,6.076950073E0,-7.360950470E0
6.707046619E1,6.481050491E0,5.980950356E0,-1.592505074E1
6.707290957E1,1.375950098E0,5.461050034E0,-1.129395008E1
6.707535296E1,-7.605000585E-2,6.229950428E0,-3.205950260E0
6.707779639E1,2.386050224E0,1.037205029E1,4.770000279E-1
6.708023978E1,2.914950132E0,1.251195049E1,2.704050064E0
6.708268316E1,1.654050112E0,7.015050411E0,1.561950088E0
6.708512677E1,8.280000687E-1,6.322950363E0,1.236000061E0
6.708757016E1,4.105050087E0,9.520050049E0,1.014000058E0
6.709001355E1,7.837950230E0,1.051605034E1,-5.233950138E0
6.709245701E1,5.776950359E0,7.306950569E0,-7.525950432E0
6.709490040E1,8.440500498E-1,6.120000362E0,-5.586000443E0
6.709734401E1,9.379500151E-1,8.325000763E0,4.030500054E-1
6.709978716E1,2.743050098E0,1.355895042E1,2.275050163E0
6.710223078E1,3.655050278E0,1.136595058E1,-3.012000084E0
6.710467416E1,2.793000221E0,8.121000290E0,-2.208000183E0
6.710711762E1,1.737000108E0,7.798050404E0,-2.371050119E0
6.710956101E1,2.401050091E0,8.822999954E0,8.205000311E-2
6.711200440E1,4.857000351E0,1.054695034E1,-1.389000058E0
6.711444801E1,3.052050114E0,9.340050697E0,-3.679950237E0
6.711689140E1,-6.405000389E-2,7.860000610E0,-1.581000090E0
6.711933478E1,-2.299500108E-1,8.072999954E0,8.250000477E-1
6.712177824E1,2.109000206E0,1.349700069E1,1.200000048E0
6.712422163E1,3.282000065E0,1.162695026E1,-7.695000619E-2
6.712666501E1,3.112050056E0,7.468050480E0,-6.589500308E-1
6.712910840E1,2.743050098E0,8.161950111E0,-1.027950048E0
6.713155201E1,3.639000177E0,1.020195007E1,-2.008949995E0
6.713399540E1,3.751050234E0,9.201000214E0,-4.875000000E0
6.713643880E1,1.456950068E0,8.061000824E0,-5.377950191E0
6.713888226E1,3.130500019E-1,7.992000580E0,-3.000000026E-3
6.714132565E1,4.660500288E-1,8.602950096E0,1.983000040E0
6.714376903E1,1.680000067E0,1.140600014E1,1.741950035E0
6.714621264E1,3.166950226E0,9.598950386E0,-1.104000092E0
6.714865603E1,8.400000334E-1,5.197950363E0,-2.550000191E0
6.715109949E1,3.958950281E0,6.709050179E0,-3.690000176E-1
6.715354288E1,9.018000603E0,1.122900009E1,-5.436000347E0
6.715598626E1,7.684950352E0,8.065950394E0,-9.985050201E0
6.715842987E1,4.453050137E0,7.354950428E0,-9.970050812E0
6.716087326E1,4.905000210E0,1.038195038E1,-8.199000359E0
6.716331664E1,7.000050545E0,1.003005028E1,-1.071705055E1
6.716576002E1,4.137000084E0,8.119050026E0,-1.025805092E1
6.716820348E1,1.849950075E0,6.670050144E0,-2.337000132E0
6.717064687E1,6.109050274E0,6.736950397E0,4.228950024E0
6.717309027E1,9.516000748E0,5.998050213E0,2.430000156E-1
6.717553388E1,6.178950310E0,4.726050377E0,-4.348950386E0
6.717797727E1,2.590050220E0,4.372050285E0,-1.291050076E0
6.718042073E1,3.945000172E0,7.015050411E0,-3.894000292E0
6.718286412E1,6.772950172E0,8.061000824E0,-8.584050179E0
6.718530749E1,6.552000523E0,8.257950783E0,-1.087995052E1
6.718775110E1,2.392950058E0,7.705050468E0,-8.697000504E0
6.719019449E1,-1.549500078E-1,8.184000015E0,-3.124950171E0
6.719263787E1,5.142000198E0,8.164050102E0,-1.465950012E0
6.719508126E1,1.060305023E1,6.400050163E0,-5.586000443E0
6.719752473E1,6.442050457E0,6.385050297E0,-6.750000477E0
6.719996812E1,4.330049992E0,8.682000160E0,-2.680050135E0
6.720241150E1,7.612950325E0,9.820950508E0,-6.433950424E0
6.720485511E1,3.708000183E0,8.341950417E0,-7.044000149E0
6.720729850E1,-8.020500541E-1,7.288050175E0,1.437000036E0
6.720974188E1,-1.309050083E0,5.646000385E0,3.907950163E0
6.721218527E1,4.606050014E0,8.381999969E0,-1.738950133E0
6.721462873E1,8.563950539E0,6.970050335E0,-8.416049957E0
6.721707212E1,2.689950228E0,1.269000053E0,-5.625000477E0
6.721951573E1,1.384950042E0,3.742050171E0,-3.130050182E0
6.722195912E1,4.603050232E0,1.172505093E1,-1.135050058E0
6.722440250E1,4.615050316E0,1.316400051E1,4.320000112E-1
6.722684589E1,2.053050041E0,7.402950287E0,-1.165950060E0
6.722928935E1,5.205000192E-2,7.282950401E0,1.150050044E0
6.723173274E1,3.813000202E0,1.026705074E1,-1.162050009E0
6.723417635E1,9.828000069E0,9.440999985E0,-9.421950340E0
6.723661974E1,1.141800022E1,3.973950148E0,-1.286505032E1
6.723906312E1,8.058000565E0,6.574950218E0,-1.190205097E1
6.724150650E1,1.061295033E1,9.256050110E0,-7.650000572E0
6.724394996E1,8.536950111E0,7.738050461E0,-9.204000473E0
6.724639335E1,3.133050203E0,8.171999931E0,-4.866000175E0
6.724883673E1,4.318050385E0,8.005949974E0,2.023950100E0
6.725128034E1,9.576000214E0,8.028000832E0,-8.719500303E-1
6.725372373E1,9.804000854E0,5.812950134E0,-6.568050385E0
6.725616721E1,4.153050423E0,3.354000092E0,-6.976950169E0
6.725861059E1,1.876050115E0,5.875050068E0,-2.344050169E0
6.726105398E1,4.941000462E0,8.559000015E0,-1.698000073E0
6.726349759E1,3.964050293E0,9.814050674E0,-1.837050080E0
6.726594098E1,9.139500260E-1,7.554000378E0,-1.915950060E0
6.726838438E1,-1.050000042E-1,6.856950283E0,1.770000100E0
6.727082777E1,2.143949986E0,1.092300034E1,2.022000074E0
6.727327122E1,4.459950447E0,1.123200035E1,-2.371050119E0
6.727571461E1,4.006950378E0,5.370000362E0,-1.948950052E0
6.727815800E1,3.580950260E0,5.796000481E0,-2.548050165E0
6.728060160E1,7.567950249E0,1.059195042E1,-4.557000160E0
6.728304499E1,6.495000362E0,1.018995094E1,-8.175000191E0
6.728548838E1,8.200500607E-1,6.496050358E0,-2.766000032E0
6.728793184E1,-5.959500074E-1,5.104950428E0,3.919950247E0
6.729037522E1,2.029500157E-1,1.198995018E1,2.524050236E0
6.729281861E1,2.745000124E0,1.412595081E1,1.275000095E0
6.729526199E1,1.753950119E0,5.538000107E0,2.479500175E-1
6.729770560E1,1.138950109E0,3.187050104E0,-5.200500488E-1
6.730014899E1,2.863050222E0,1.118595028E1,-2.646000147E0
6.730259245E1,6.001950264E0,1.758105087E1,1.986000061E0
6.730503586E1,3.457050085E0,9.225000381E0,9.370500445E-1
6.730747925E1,1.114950061E0,5.719950199E0,-1.906050086E0
6.730992286E1,1.837950110E0,1.565895081E1,1.684050083E0
6.731236625E1,1.905000091E0,1.840500069E1,3.805050135E0
6.731480963E1,2.776950121E0,7.591950417E0,3.970950127E0
6.731725309E1,9.627000809E0,5.116050243E0,-9.951000214E0
6.731969648E1,1.189605045E1,9.748950005E0,-2.337600136E1
6.732213986E1,6.600000381E0,8.749050140E0,-2.678805161E1
6.732458325E1,-2.130000144E-1,4.614000320E0,-1.976100159E1
6.732702686E1,1.594050050E0,3.184050083E0,-7.152000427E0
6.732947031E1,6.021000385E0,6.769050121E0,-7.590000629E-1
6.733191362E1,5.518050194E0,7.686000347E0,9.010500312E-1
6.733435708E1,2.638050079E0,3.670050144E0,5.197050095E0
6.733680046E1,3.253050089E0,3.694050074E0,5.367000103E0
6.733924408E1,1.051695061E1,7.846050262E0,1.249500066E-1
6.734168748E1,7.447950363E0,7.912950516E0,-7.360500097E-1
6.734413086E1,2.689950228E0,6.424050331E0,2.002950191E0
6.734657432E1,2.446050167E0,9.349950790E0,-3.144000053E0
6.734901771E1,8.017950058E0,9.649050713E0,-1.225200081E1
6.735146110E1,9.394050598E0,7.939050198E0,-1.520700073E1
6.735390448E1,7.060050488E0,5.737050056E0,-1.204905033E1
6.735634810E1,8.536950111E0,8.689050674E0,-5.380050182E0
6.735879148E1,7.098000526E0,1.196205044E1,-4.518000126E0
6.736123487E1,1.366050124E0,1.038195038E1,-3.606000185E0
6.736367832E1,-1.434000015E0,7.081950188E0,4.234050274E0
6.736612170E1,2.080049992E0,9.093000412E0,1.120950103E0
6.736856509E1,6.835050106E0,1.007295036E1,-6.280950069E0
6.737100870E1,2.809950113E0,5.502000332E0,-7.842000484E0
6.737345209E1,-4.759500325E-1,4.237950325E0,-1.114050031E0
6.737589557E1,1.788000107E0,6.249000072E0,6.400500536E-1
6.737833888E1,5.121000290E0,1.327095032E1,-8.239500523E-1
6.738078234E1,3.069000244E0,8.974050522E0,1.054050088E0
6.738322595E1,8.110500574E-1,5.452050209E0,-3.187050104E0
6.738566934E1,-2.059500068E-1,1.215795040E1,-2.088000059E0
6.738811272E1,1.120050073E0,1.716495132E1,1.183950067E0
6.739055611E1,2.310000062E-1,1.077900028E1,3.625950098E0
6.739299957E1,-1.099500060E-1,6.007050514E0,3.127950191E0
6.739544295E1,8.185050011E0,9.985950470E0,1.660500020E-1
6.739788634E1,1.142205048E1,6.433050156E0,-1.119600010E1
6.740032996E1,6.571950436E0,3.810000122E-1,-1.098300076E1
6.740277335E1,4.198950291E0,4.599000454E0,-7.510950565E0
6.740521674E1,6.835050106E0,5.811000347E0,-4.554000378E0
6.740766020E1,3.804000139E0,3.807000160E0,-4.993050098E0
6.741010358E1,9.310500622E-1,2.167050123E0,-8.460000157E-1
6.741254720E1,3.178950071E0,4.717050076E0,1.641000032E0
6.741499035E1,7.824000359E0,1.289295101E1,-2.434950113E0
6.741743396E1,4.642050266E0,1.034295082E1,2.737950087E0
6.741987735E1,1.620000124E0,3.385050058E0,5.730000138E-1
6.742232081E1,1.749000072E0,1.042695045E1,1.792050123E0
6.742476420E1,1.419000030E0,1.841700172E1,3.790950298E0
6.742720758E1,-4.450500309E-1,6.787950516E0,1.318050027E0
6.742965120E1,4.444950104E0,4.777050018E0,4.573950291E0
6.743209458E1,1.221195030E1,1.040100002E1,-8.187000275E0
6.743453797E1,1.015605068E1,4.996950150E0,-2.038095093E1
6.743698135E1,8.230500221E-1,5.358000278E0,-1.798904991E1
6.743942481E1,5.239500403E-1,3.330000162E0,-4.891950130E0
6.744186820E1,6.595050335E0,5.812950134E0,-3.388050079E0
6.744431158E1,6.366000175E0,4.626000404E0,-3.987000227E0
6.744675520E1,1.611000061E0,2.466000080E0,-1.252950072E0
6.744919857E1,2.449050188E0,2.229000092E0,4.806000233E0
6.745164196E1,5.937000275E0,8.938050270E0,-1.441950083E0
6.745408542E1,4.765950203E0,9.952950478E0,1.609500051E-1
6.745652880E1,2.065050125E0,3.991050243E0,6.949500442E-1
6.745897242E1,8.640000224E-1,8.578950882E0,2.929050207E0
6.746141581E1,1.836000085E0,1.166205025E1,2.355000019E0
6.746385920E1,3.094950199E0,7.542000294E0,-4.489950180E0
6.746630258E1,9.895050049E0,6.903000355E0,-8.980950356E0
6.746874604E1,1.102995014E1,7.611000538E0,-1.383900070E1
6.747118944E1,5.130000114E0,6.880950451E0,-1.659495163E1
6.747363283E1,-9.340500236E-1,4.923000336E0,-9.235050201E0
6.747607644E1,3.636000156E0,4.911000252E0,-7.380000353E-1
6.747851983E1,9.900000572E0,6.121950150E0,-1.006049991E0
6.748096321E1,8.070000648E0,5.061000347E0,-5.677050114E0
6.748340668E1,3.535950184E0,4.810050011E0,-1.078050017E0
6.748585006E1,4.386000156E0,4.827000141E0,4.750500321E-1
6.748829345E1,5.997000217E0,9.124950409E0,-1.155000091E0
6.749073706E1,3.861000299E0,9.358950615E0,-7.312950134E0
6.749318045E1,5.020500422E-1,8.097000122E0,-6.034050465E0
6.749562380E1,4.060500264E-1,9.357000351E0,-1.702950120E0
6.749806719E1,4.644000053E0,1.034595013E1,-4.786950111E0
6.750051065E1,5.559000492E0,8.107049942E0,-8.035950661E0
6.750295403E1,6.751050472E0,8.338950157E0,-6.513000488E0
6.750539765E1,7.096050262E0,9.618000031E0,-5.494950294E0
6.750784103E1,2.544000149E0,1.008495045E1,-6.870000362E0
6.751028442E1,-4.480500221E-1,7.783950329E0,-1.861050129E0
6.751272788E1,-1.192050099E0,6.562950134E0,4.636050224E0
6.751517126E1,9.330000281E-1,9.381000519E0,1.696050048E0
6.751761465E1,3.703050137E0,9.802050591E0,-6.010500193E-1
6.752005803E1,1.282950044E0,5.112000465E0,1.252950072E0
6.752250164E1,1.311000109E0,4.531949997E0,-4.219500124E-1
6.752494503E1,3.208050251E0,1.034805012E1,-4.339500070E-1
6.752738841E1,5.476950169E0,1.414305115E1,6.880500317E-1
6.752983187E1,3.775050163E0,9.012000084E0,-2.205000073E-2
6.753227525E1,2.347950220E0,1.130805016E1,-2.364000082E0
6.753471886E1,2.452950001E0,1.568205070E1,-1.468050122E0
6.753716224E1,2.311950207E0,1.333395100E1,2.563050032E0
6.753960563E1,4.515000343E0,1.055205059E1,3.951000214E0
6.754204909E1,8.683050156E0,1.120800018E1,-8.539050102E0
6.754449247E1,7.291950226E0,1.011105061E1,-1.613805008E1
6.754693586E1,2.748000145E0,8.575950623E0,-1.423500061E1
6.754937924E1,1.570050120E0,7.990050316E0,-7.650000572E0
6.755182285E1,5.245050430E0,1.126005077E1,-5.839950085E0
6.755426624E1,3.412950277E0,6.204000473E0,-8.458950043E0
6.755670962E1,-7.590000629E-1,2.533050060E0,-2.469000101E0
6.755915308E1,3.307950258E0,4.587000370E0,3.271950245E0
6.756159647E1,6.028050423E0,1.029105091E1,2.058000088E0
6.756404008E1,3.729000092E0,6.679950237E0,1.311000109E0
6.756648347E1,1.230000019E0,5.598000050E0,3.207000256E0
6.756892685E1,-2.374950171E0,1.259400082E1,3.433950186E0
6.757137023E1,3.424950123E0,8.758049965E0,5.490000248E-1
6.757381369E1,6.258000374E0,7.291050434E0,-5.203050137E0
6.757625708E1,8.855999947E0,9.031050682E0,-9.882000923E0
6.757870046E1,9.057000160E0,8.425050735E0,-1.639695168E1
6.758114408E1,1.311000109E0,8.763000488E0,-1.274295044E1
6.758358746E1,-1.242000103E0,7.575000286E0,-2.400000095E-1
6.758603085E1,1.813950062E0,6.373050213E0,4.318050385E0
6.758847431E1,7.800000191E0,8.131050110E0,-1.618950129E0
6.759091769E1,5.659050465E0,6.678000450E0,-7.585950375E0
6.759336107E1,2.532000065E0,3.864000082E0,-1.450950027E0
6.759580468E1,4.042950153E0,6.072000504E0,-1.666950107E0
6.759824807E1,6.769950390E0,8.428050041E0,-4.926000118E0
6.760069145E1,1.648950100E0,6.618000507E0,-5.209950447E0
6.760313491E1,4.369500279E-1,5.289000034E0,4.369500279E-1
6.760557829E1,2.989950180E0,1.161195087E1,-1.435050011E0
6.760802191E1,4.147950172E0,1.282800102E1,-4.116000175E0
6.761046529E1,4.443000317E0,7.767000198E0,-6.142050266E0
6.761290868E1,6.567000389E0,1.020705032E1,-8.517000198E0
6.761535206E1,6.424950123E0,9.268050194E0,-1.038195038E1
6.761779552E1,-3.709500134E-1,8.868000031E0,-8.709000587E0
6.762023891E1,-5.890500546E-1,5.533050060E0,-1.096950054E0
6.762268229E1,5.932050228E0,4.245000362E0,-1.212000012E0
6.762512591E1,8.350049973E0,9.049500227E-1,-7.413000584E0
6.762756929E1,2.506050110E0,6.030000448E-1,-5.779950142E0
6.763001269E1,3.400950193E0,1.764000058E0,1.531050086E0
6.763245608E1,8.085000038E0,3.013950109E0,-8.029500246E-1
6.763489954E1,7.018950462E0,3.438000202E0,-3.709050179E0
6.763734292E1,1.117050052E0,4.140000343E0,-4.429500103E-1
6.763978654E1,2.509500086E-1,1.006305027E1,1.282050014E0
6.764222992E1,5.464950085E0,9.189000130E0,-1.849050045E0
6.764467330E1,6.073050499E0,7.743000507E0,-9.721050262E0
6.764711676E1,4.255949974E0,8.056950569E0,-8.095950127E0
6.764956007E1,5.725950241E0,9.490950584E0,-6.618000507E0
6.765200352E1,1.374000072E0,7.867950439E0,-3.396000147E0
6.765444714E1,-8.400000334E-1,6.852000237E0,4.390050411E0
6.765689052E1,8.659500480E-1,6.510000229E0,4.516950130E0
6.765933391E1,8.185050011E0,1.075695038E1,-7.500000596E-1
6.766177729E1,7.656000137E0,6.594000340E0,-4.030050278E0
6.766422074E1,6.943050385E0,6.787950516E0,-3.646950245E0
6.766666413E1,4.989000320E0,9.049950600E0,-1.777050138E0
6.766910751E1,3.124050140E0,1.384395027E1,-5.629500151E-1
6.767155112E1,2.410050154E0,1.396800041E1,9.079500437E-1
6.767399451E1,1.672950029E0,1.240200043E1,-5.749500394E-1
6.767643789E1,1.315950036E0,1.326195049E1,-7.620000243E-1
6.767888135E1,1.744950056E0,1.551195049E1,-1.750950098E0
6.768132474E1,1.879050136E0,1.310595036E1,7.810500264E-1
6.768376835E1,2.307000160E0,1.507695103E1,3.130050182E0
6.768621150E1,6.519000530E0,1.410000038E1,3.619500101E-1
6.768865512E1,4.077000141E0,9.229950905E0,-8.098050117E0
6.769109850E1,5.524950027E0,8.607000351E0,-8.613000870E0
6.769354197E1,8.137050629E0,1.133400059E1,-1.031505013E1
6.769598535E1,5.463000298E0,9.754050255E0,-9.478950500E0
6.769842874E1,1.591050029E0,5.326950073E0,-4.987950325E0
6.770087237E1,1.930950046E0,4.558950424E0,2.347050190E0
6.770331576E1,4.717950344E0,9.400050163E0,1.900050044E0
6.770575914E1,3.124050140E0,7.072950363E0,-1.087050080E0
6.770820260E1,9.090000391E-1,2.286000013E0,2.208000183E0
6.771064599E1,3.000000119E-2,9.433050156E0,2.842950106E0
6.771308961E1,-6.510000229E-1,7.504050255E0,-1.630500108E-1
6.771553277E1,3.282000065E0,4.245000362E0,-7.759500146E-1
6.771797638E1,8.595000267E0,8.800950050E0,-1.513950109E0
6.772041977E1,1.023495007E1,5.667000294E0,-9.250050545E0
6.772286315E1,2.805000171E-2,6.417000294E0,-1.145505047E1
6.772530661E1,-2.410950184E0,5.839950085E0,-2.980950117E0
6.772775000E1,4.361999989E0,6.880950451E0,-6.300000101E-2
6.773019361E1,8.176050186E0,9.393000603E0,-4.914000034E0
6.773263700E1,3.547950268E0,5.662050247E0,-7.360500097E-1
6.773508038E1,8.059500456E-1,8.218950272E0,5.671050072E0
6.773752385E1,3.661950111E0,1.315695095E1,3.748050213E0
6.773996724E1,4.077000141E0,1.354695034E1,-4.846950054E0
6.774241062E1,3.246000051E0,1.163400078E1,-4.854000092E0
6.774485401E1,4.062000275E0,1.208100033E1,-3.610950232E0
6.774729762E1,5.518050194E0,1.601295090E1,-7.576050282E0
6.774974101E1,5.713950157E0,1.458405113E1,-5.967000484E0
6.775218447E1,8.797950745E0,1.303200054E1,-9.973050117E0
6.775462786E1,8.287950516E0,1.348005104E1,-1.110795021E1
6.775707124E1,2.077050209E0,1.415505028E1,-1.146705055E1
6.775951463E1,-1.270500124E-1,1.085805035E1,-5.505000114E0
6.776195824E1,3.196050167E0,9.891000748E0,-2.989050150E0
6.776440162E1,6.066000462E0,1.143705082E1,-5.857050419E0
6.776684508E1,2.592000008E0,6.900000095E0,-7.192950249E0
6.776928847E1,3.495000303E-2,3.879000187E0,-1.273950100E0
6.777173185E1,2.343000174E0,9.385950089E0,-1.914000034E0
6.777417523E1,1.443000078E0,8.197950363E0,-2.766000032E0
6.777661884E1,2.050500065E-1,6.115050316E0,1.429950118E0
6.777906223E1,-1.386000037E0,9.843000412E0,4.714950085E0
6.778150562E1,4.572000027E0,8.515950203E0,9.970500469E-1
6.778394908E1,6.081000328E0,9.478950500E0,-1.770000100E0
6.778639246E1,6.319950104E0,7.836000443E0,-3.616050243E0
6.778883585E1,6.840000153E0,7.197000504E0,-1.116705036E1
6.779127946E1,1.165050030E0,6.381000519E0,-9.618000031E0
6.779372285E1,-8.400000334E-1,5.242950439E0,1.264950037E0
6.779616625E1,4.684950352E0,5.320050240E0,2.244000196E0
6.779860963E1,8.712000847E0,6.939000130E0,-6.336000443E0
6.780105309E1,6.913950443E0,3.808950186E0,-6.688050270E0
6.780349648E1,5.274000168E0,7.518000126E0,-4.984950066E0
6.780594009E1,6.412950516E0,1.022595024E1,-6.331050396E0
6.780838347E1,4.002000332E0,1.013700008E1,-5.281950474E0
6.781082686E1,1.102950096E0,9.814050674E0,1.800000109E-2
6.781327032E1,2.809950113E0,1.299405098E1,1.990950108E0
6.781571370E1,4.881000042E0,1.505805111E1,-3.100950241E0
6.781815709E1,5.464950085E0,1.162905025E1,-5.656050205E0
6.782060046E1,8.950950623E0,1.153605080E1,-7.236000538E0
6.782304407E1,9.516000748E0,1.132200050E1,-1.091100025E1
6.782548746E1,1.183950067E0,1.103295040E1,-9.646950722E0
6.782793084E1,-9.840000272E-1,9.619950294E0,2.205000073E-2
6.783037430E1,4.951050282E0,9.262950897E0,1.248000026E0
6.783281770E1,8.755050659E0,8.157000542E0,-5.707950115E0
6.783526132E1,4.564949989E0,4.116000175E0,-5.572050095E0
6.783770470E1,4.776000023E0,4.290000439E0,-3.223050117E0
6.784014809E1,9.937950134E0,7.606950283E0,-4.219050407E0
6.784259155E1,4.654050350E0,7.695000172E0,-6.726000309E0
6.784503493E1,1.572000027E0,6.433050156E0,-1.147050023E0
6.784747832E1,-1.798050046E0,1.432995033E1,4.690950394E0
6.784992193E1,-8.980500698E-1,1.068600082E1,3.550500274E-1
6.785236532E1,1.737000108E0,7.836000443E0,-2.686950207E0
6.785480870E1,8.263950348E0,7.827000141E0,-2.610000134E0
6.785725209E1,1.108995056E1,5.986050129E0,-7.762950420E0
6.785969555E1,2.282999992E0,5.454000473E0,-1.017600060E1
6.786213894E1,-6.510000229E-1,5.277000427E0,-2.659500241E-1
6.786458232E1,6.064050198E0,4.099050045E0,1.900050044E0
6.786702594E1,9.303000450E0,5.277000427E0,-5.175000191E0
6.786946933E1,3.540000200E0,4.180050373E0,-3.144000053E0
6.787191271E1,3.058950186E0,7.204050541E0,9.195000678E-2
6.787435617E1,6.679050446E0,7.219050407E0,-4.546950340E0
6.787679956E1,2.188050032E0,8.820000648E0,-3.268950224E0
6.787924317E1,2.479500175E-1,7.072950363E0,1.003950000E0
6.788168633E1,2.239500135E-1,1.307805061E1,9.900000691E-1
6.788412995E1,2.197050095E0,1.027605057E1,-1.774950027E0
6.788657333E1,3.615000248E0,1.029795074E1,-2.086050034E0
6.788901679E1,5.235000134E0,9.699000359E0,-4.525950432E0
6.789146016E1,4.906949997E0,7.795950413E0,-6.666000366E0
6.789390354E1,2.770500183E-1,7.800000191E0,-3.867000103E0
6.789634716E1,-3.105000220E-2,7.755000591E0,1.995000124E0
6.789879055E1,3.181050062E0,7.269000530E0,-1.459050059E0
6.790123393E1,3.636000156E0,5.329950333E0,-4.948950291E0
6.790367737E1,1.644000053E0,4.891050339E0,-1.546950102E0
6.790612076E1,3.117000103E0,6.205950260E0,5.779500008E-1
6.790856414E1,3.820050240E0,7.020000458E0,-2.569500208E-1
6.791100776E1,3.291000128E0,6.474000454E0,1.021050096E0
6.791345115E1,2.170950174E0,1.021200085E1,1.144950032E0
6.791589452E1,2.170500159E-1,1.471500111E1,3.286050081E0
6.791833798E1,8.590500355E-1,9.622950554E0,-1.303050041E0
6.792078136E1,-2.257950068E0,1.246695042E1,-2.377950191E0
6.792322475E1,3.205050230E0,1.308000088E1,7.330050468E0
6.792566836E1,6.913950443E0,1.133205032E1,-7.818000317E0
6.792811175E1,1.776000142E0,8.703000069E0,-9.403050423E0
6.793055514E1,7.354050159E0,7.432050228E0,-8.155050278E0
6.793299860E1,1.011705017E1,1.000605011E1,-1.258995056E1
6.793544198E1,2.619000196E0,7.537050247E0,-1.258995056E1
6.793788537E1,7.960500121E-1,7.669050217E0,-4.356000423E0
6.794032876E1,8.935050011E0,9.295050621E0,-6.894000530E0
6.794277237E1,7.335000515E0,6.394950390E0,-1.358595085E1
6.794521576E1,-5.770500302E-1,7.408050537E0,-9.025050163E0
6.794765914E1,2.925000191E0,9.799950600E0,-2.857050180E0
6.795010260E1,6.712950230E0,6.613050461E0,-6.307050228E0
6.795254599E1,2.013000011E0,8.800950050E0,-3.159000158E0
6.795498938E1,3.190950155E0,8.980950356E0,3.894000292E0
6.795743299E1,8.760000229E0,3.982050180E0,3.829050064E0
6.795987638E1,6.073050499E0,5.269950390E0,-1.642950058E0
6.796231984E1,2.401050091E0,5.976000309E0,-6.484050274E0
6.796476322E1,7.705950260E0,3.880950212E0,-1.227795029E1
6.796720660E1,8.515950203E0,1.506000042E0,-1.424400043E1
6.796964999E1,7.270500064E-1,4.149000168E0,-1.190700054E1
6.797209360E1,2.056050062E0,5.892000198E0,-8.806950569E0
6.797453699E1,7.374000549E0,5.739000320E0,-9.997050285E0
6.797698037E1,3.970500231E-1,5.236050129E0,-7.621050358E0
6.797942382E1,-2.458950043E0,6.211050510E0,-5.356050491E0
6.798186721E1,1.222950101E0,6.508050442E0,-6.453000069E0
6.798431083E1,2.761950016E0,5.947050095E0,-6.831000328E0
6.798675421E1,1.150950074E0,7.990050316E0,1.702950120E0
6.798919758E1,2.374050140E0,1.193805027E1,7.468950272E0
6.799164097E1,3.199950218E0,1.019205093E1,3.552000284E0
6.799408443E1,1.479000092E0,7.780950546E0,1.900500059E-1
6.799652781E1,3.243000269E0,1.087995052E1,1.441950083E0
6.799897120E1,1.196295071E1,1.168395042E1,3.097050190E0
6.800141482E1,7.954950333E0,5.011050224E0,-1.215405083E1
6.800385820E1,6.540000439E0,7.702050209E0,-1.264200020E1
6.800630159E1,1.306995106E1,7.671000481E0,-1.909500122E1
6.800874505E1,3.816000223E0,9.397050858E0,-1.615500069E1
6.801118843E1,-4.429500103E-1,7.671000481E0,-3.400050163E0
6.801363182E1,2.353049994E0,1.106400013E1,5.436000347E0
6.801607543E1,3.469050169E0,1.685805130E1,2.220000029E0
6.801851882E1,7.729500532E-1,1.217205048E1,-1.900500059E-1
6.802096220E1,1.989000082E0,1.104000092E1,3.190050125E0
6.802340558E1,3.825000286E0,1.137300014E1,-1.042800045E1
6.802584904E1,-1.153950095E0,1.179195023E1,-1.235700035E1
6.802829242E1,-1.951050043E0,1.053195095E1,-5.424000263E0
6.803073581E1,3.760950089E0,8.770050049E0,-3.087000132E0
6.803317942E1,4.159950256E0,5.895000458E0,-6.787950516E0
6.803562282E1,1.062000036E0,5.992950439E0,8.719500303E-1
6.803806628E1,1.888050079E0,7.642050266E0,4.306050301E0
6.804050966E1,5.880000114E0,9.060000420E0,1.153050065E0
6.804295305E1,4.657950401E0,6.175050259E0,1.485000014E0
6.804539666E1,3.967050076E0,7.164000511E0,2.205000073E-2
6.804784005E1,4.390050411E0,1.382700062E1,1.119000077E0
6.805028343E1,5.121000290E0,1.204800034E1,1.830000132E-1
6.805272689E1,3.715050220E0,1.077195072E1,-3.172950268E0
6.805517028E1,7.924050331E0,1.295505047E1,-5.596050262E0
6.805761389E1,3.933000088E0,1.088400078E1,-7.903950214E0
6.806005705E1,2.410500050E-1,9.559950829E0,-2.610000074E-1
6.806250066E1,3.691050291E0,1.098300076E1,3.123000145E0
6.806494405E1,5.074950218E0,1.034100056E1,-3.963000298E0
6.806738751E1,3.034950256E0,6.631950378E0,-5.289000034E0
6.806983090E1,4.845000267E0,7.966050148E0,-3.534000158E0
6.807227428E1,8.398050308E0,9.001950264E0,-8.095950127E0
6.807471789E1,3.172050238E0,8.358000755E0,-7.963950157E0
6.807716128E1,2.137050152E0,6.603000164E0,1.609500051E-1
6.807960466E1,3.447000265E0,1.178700066E1,9.390000701E-1
6.808204812E1,2.937000036E0,1.410000038E1,-2.020500153E-1
6.808449151E1,-3.299999982E-2,7.747950554E0,1.402050018E0
6.808693489E1,3.748950243E0,1.087005043E1,-7.740000486E-1
6.808937828E1,6.411000252E0,7.968000412E0,-1.018605042E1
6.809182189E1,-1.198950052E0,1.109295082E1,-7.657050133E0
6.809426528E1,-8.860500455E-1,8.500050545E0,-1.723950028E0
6.809670866E1,6.418050289E0,7.879950523E0,-3.556050062E0
6.809915212E1,6.366000175E0,5.863950253E0,-6.657000542E0
6.810159551E1,3.591000080E0,7.285950184E0,7.020000219E-1
6.810403889E1,6.555000305E0,8.281949997E0,1.710000038E-1
6.810648228E1,5.647050381E0,9.172050476E0,-4.570950031E0
6.810892592E1,2.226000071E0,9.972000122E0,-1.699500084E-1
6.811136938E1,2.404950142E0,1.251495075E1,1.183950067E0
6.811381269E1,5.188050270E0,1.339095020E1,-5.847000122E0
6.811625615E1,2.650050163E0,1.298400021E1,-7.525950432E0
6.811869954E1,6.775050163E0,1.238100052E1,-7.219050407E0
6.812114313E1,7.261050224E0,1.180905056E1,-9.481950760E0
6.812358652E1,1.098000050E0,1.124295044E1,-5.608050346E0
6.812602991E1,-5.220000148E-1,9.868950844E0,1.579050064E0
6.812847336E1,2.704950094E0,1.136100101E1,-4.000500143E-1
6.813091675E1,3.736950159E0,8.518950462E0,-6.760050297E0
6.813336013E1,8.179500103E-1,6.871950150E0,-3.715950251E0
6.813580374E1,4.656000137E0,7.003050327E0,-2.373000145E0
6.813824713E1,5.872050285E0,6.148050308E0,-6.183000088E0
6.814069059E1,7.530000210E-1,5.535000324E0,-2.376000166E0
6.814313398E1,-9.019500613E-1,9.012000084E0,2.196000099E0
6.814557736E1,1.144050002E0,8.575950623E0,1.825050116E0
6.814802075E1,3.543000221E0,6.441000462E0,-4.152000427E0
6.815046436E1,6.385050297E0,8.646000862E0,-5.040000439E0
6.815290775E1,1.204695034E1,5.854050159E0,-1.086795044E1
6.815535113E1,1.764000058E0,6.204000473E0,-9.991950035E0
6.815779459E1,-2.559000015E0,5.739000320E0,2.520000041E-1
6.816023798E1,3.523950100E0,3.472050190E0,4.500000000E0
6.816268136E1,7.855050564E0,2.392050028E0,-5.083950043E0
6.816512498E1,2.305050135E0,1.309950113E0,-4.753050327E0
6.816756836E1,6.042000294E0,2.752950191E0,1.672050118E0
6.817001175E1,1.074000072E1,2.125950098E0,-5.656050205E0
6.817245514E1,7.630500197E-1,4.489050388E0,-7.522950172E0
6.817489860E1,-1.542000055E0,5.526000500E0,1.090500057E-1
6.817734198E1,4.728000164E0,7.270950317E0,-2.674950123E0
6.817978560E1,6.124050140E0,5.932950497E0,-8.476050377E0
6.818222899E1,2.803050041E0,8.125950813E0,-4.051949978E0
6.818467238E1,8.583000183E0,7.084950447E0,-3.670950174E0
6.818711576E1,7.290000439E0,5.362950325E0,-1.000905037E1
6.818955922E1,-6.150000095E-1,6.603000164E0,-1.252305031E1
6.819200261E1,4.500000000E0,8.233950615E0,-1.038900089E1
6.819444622E1,1.046700096E1,5.109000206E0,-1.128705025E1
6.819688961E1,3.679050207E0,5.143050194E0,-9.433950424E0
6.819933299E1,3.775050163E0,7.257000446E0,-3.442950249E0
6.820177638E1,8.077950478E0,8.811000824E0,-4.246050358E0
6.820421984E1,1.603050113E0,6.772950172E0,-3.610950232E0
6.820666322E1,-2.073000193E0,9.714000702E0,5.041050434E0
6.820910661E1,-8.569500446E-1,9.690000534E0,4.167000294E0
6.821155022E1,2.515950203E0,1.072905064E1,-1.120950103E0
6.821399361E1,4.194000244E0,1.144200039E1,-8.430000544E-1
6.821643706E1,1.245705032E1,1.342905045E1,1.915950060E0
6.821888044E1,7.474050522E0,6.661050320E0,-1.255905056E1
6.822132383E1,1.741950035E0,8.290950775E0,-8.602950096E0
6.822376744E1,3.873000145E0,1.049205017E1,-4.735949993E0
6.822621083E1,5.781000137E0,1.056105042E1,-7.839000225E0
6.822865420E1,1.192050099E0,8.719950676E0,-3.015000105E0
6.823109758E1,1.690500081E-1,9.163050652E0,3.946950197E0
6.823354104E1,4.399950027E0,1.010400009E1,9.300000668E-1
6.823598443E1,3.925950289E0,1.030995083E1,-2.152950048E0
6.823842781E1,1.480950117E0,8.614950180E0,1.263000011E0
6.824087142E1,1.453050017E0,1.198605061E1,1.746000051E0
6.824331481E1,1.752000093E0,1.624500084E1,-1.755000114E0
6.824575819E1,1.260000020E-1,1.284300041E1,-1.297950029E0
6.824820165E1,-1.333050013E0,1.289595032E1,1.468950033E0
6.825064506E1,2.046000004E0,1.362105083E1,4.798950195E0
6.825308845E1,2.167950153E0,7.720950603E0,-5.820000172E-1
6.825553183E1,4.551000118E0,5.035050392E0,-3.727950096E0
6.825797544E1,1.057995033E1,5.398950100E0,-1.551300049E1
6.826041883E1,4.821000099E0,2.325000048E0,-1.864500046E1
6.826286231E1,7.150500417E-1,1.281000018E0,-1.086795044E1
6.826530569E1,7.407000542E0,3.661050081E0,-9.946050644E0
6.826774908E1,6.813000202E0,3.730050087E0,-1.036305046E1
6.827019269E1,-1.477050066E0,6.502950191E0,6.430500150E-1
6.827263608E1,-3.013950109E0,7.449000359E0,9.418050766E0
6.827507948E1,-1.374000072E0,6.462000370E0,4.675050259E0
6.827752294E1,1.072050095E0,5.587950230E0,3.181050062E0
6.827996632E1,4.582050323E0,6.532050133E0,4.477950096E0
6.828240971E1,9.805950165E0,2.964000225E0,-3.790500164E-1
6.828485309E1,6.214950085E0,1.810050130E0,-1.067700005E1
6.828729670E1,2.281050205E0,3.223050117E0,-1.240305042E1
6.828974017E1,5.295000076E0,3.955050230E0,-1.232100105E1
6.829218348E1,3.457050085E0,-1.710000038E-1,-1.251105022E1
6.829462694E1,1.371000051E0,2.011049986E0,-1.095195007E1
6.829707032E1,8.559000015E0,4.361999989E0,-7.734000206E0
6.829951393E1,9.439949989E0,2.977950096E0,-6.466950417E0
6.830195731E1,4.420500100E-1,4.420050144E0,-5.409000397E0
6.830440070E1,3.676950216E0,9.775950432E0,-5.007000446E0
6.830684416E1,1.045695019E1,9.060000420E0,-9.790950775E0
6.830928754E1,6.607050419E0,1.003395081E1,-1.192605019E1
6.831173093E1,6.378000259E0,1.286400032E1,-6.922050476E0
6.831417454E1,3.211950064E0,1.371000099E1,-4.666950226E0
6.831661793E1,-1.084050059E0,1.310100079E1,3.657000065E0
6.831906131E1,-2.065950155E0,1.225605011E1,-8.620500565E-1
6.832150470E1,1.287000060E0,1.378095055E1,3.853050232E0
6.832394817E1,2.566050053E0,1.104495049E1,5.160000324E-1
6.832639155E1,1.789950132E0,8.595000267E0,-4.819500148E-1
6.832883494E1,2.374050140E0,1.189995098E1,4.138050079E0
6.833127855E1,5.662050247E0,1.265895081E1,2.031000137E0
6.833372194E1,4.893000126E0,7.800000191E0,-2.040000111E-1
6.833616533E1,5.098950386E0,9.682050705E0,-2.089500129E-1
6.833860872E1,5.731050491E0,1.399500084E1,2.982000113E0
6.834105218E1,3.916050196E0,1.278795052E1,8.010000587E-1
6.834349579E1,2.559000015E0,1.324005032E1,4.143000126E0
6.834593918E1,4.861950397E0,9.522000313E0,9.559050560E0
6.834838256E1,6.945000172E0,2.812950134E0,-1.259700012E1
6.835082595E1,1.138950109E0,5.133000374E0,-1.649505043E1
6.835326941E1,5.719050407E0,5.157000065E0,-1.625805092E1
6.835571279E1,5.137050152E0,-3.679500222E-1,-1.782600021E1
6.835815618E1,7.579500079E-1,2.010000050E-1,-1.207695103E1
6.836059979E1,3.409050226E0,1.495950103E0,2.089050055E0
6.836304317E1,4.759050369E0,2.595000029E0,2.971950054E0
6.836548656E1,2.262000084E0,3.967050076E0,3.361950159E0
6.836793002E1,1.558050036E0,8.703000069E0,3.529950142E0
6.837037340E1,5.020050049E0,7.599000454E0,-1.281000018E0
6.837281701E1,4.696950436E0,7.245000362E0,-8.533950806E0
6.837526017E1,5.724000454E0,7.353000164E0,-1.210800076E1
6.837770378E1,1.068705082E1,5.988000393E0,-1.290105057E1
6.838014717E1,4.483950138E0,5.623950481E0,-1.543200111E1
6.838259063E1,2.118000031E0,7.525050163E0,-1.578795052E1
6.838503401E1,1.087605095E1,7.398000240E0,-9.048000336E0
6.838747740E1,9.700950623E0,5.275050163E0,-4.996950150E0
6.838992101E1,3.267000198E0,6.996000290E0,-2.838000059E0
6.839236440E1,1.147950053E0,1.161000061E1,5.122050285E0
6.839480778E1,3.097050190E0,1.172205067E1,6.061050415E0
6.839725124E1,3.492000103E0,9.655950546E0,3.367050171E0
6.839969463E1,3.154950142E0,1.300095081E1,-2.020950079E0
6.840213801E1,2.812050104E0,1.485405064E1,2.722950220E0
6.840458140E1,1.843050122E0,1.594605064E1,-1.842000127E0
6.840702501E1,1.158000112E0,1.878105164E1,-1.699950099E0
6.840946842E1,3.325050116E0,1.897005081E1,3.564000130E0
6.841191180E1,3.205050230E0,1.414095020E1,-5.920500159E-1
6.841435526E1,7.339500189E-1,1.089195061E1,-3.727950096E0
6.841679865E1,8.299500346E-1,1.085100079E1,1.885050058E0
6.841924226E1,2.014950037E0,1.012500095E1,7.140000463E-1
6.842168565E1,-1.579500139E-1,3.105000257E0,9.370500445E-1
6.842412904E1,-5.310000181E-1,2.671950102E0,-1.008000016E0
6.842657250E1,-4.210500121E-1,8.221950531E0,1.489950061E0
6.842901588E1,1.095000096E-2,2.434950113E0,-7.240500450E-1
6.843145928E1,6.430500150E-1,1.720500141E-1,4.780050278E0
6.843390266E1,5.146950245E0,-5.550000072E-1,6.280500293E-1
6.843634628E1,2.914950132E0,2.107050180E0,-7.753050327E0
6.843878966E1,2.853000164E0,4.281000137E0,-6.075000286E0
6.844123305E1,6.933000565E0,1.053000093E0,-1.842000127E0
6.844367648E1,4.773000240E0,3.420000076E-1,-4.875000000E0
6.844611987E1,-3.130500019E-1,1.543950081E0,-1.064295006E1
6.844856325E1,3.411000252E0,2.713050127E0,-1.268505096E1
6.845100687E1,4.237050056E0,1.803000093E0,-9.180000305E0
6.845345025E1,1.156050086E0,3.280050039E0,-8.128950119E0
6.845589370E1,5.154000282E0,9.820950508E0,-8.203050613E0
6.845833701E1,1.150395012E1,1.138200092E1,-6.103950500E0
6.846078047E1,1.091505051E1,8.314949989E0,-1.063800049E1
6.846322385E1,7.426050186E0,1.400400066E1,-1.162995052E1
6.846566747E1,1.227000046E1,1.185195065E1,-1.100205040E1
6.846811084E1,6.415950298E0,9.910050392E0,-1.950000000E1
6.847055422E1,-1.186950088E0,1.243095016E1,-1.053300095E1
6.847299768E1,-4.069500268E-1,1.171005058E1,3.561000109E0
6.847544107E1,1.246950030E0,1.227495098E1,1.168995094E1
6.847788445E1,1.639050126E0,1.355400085E1,-1.413000107E0
6.848032807E1,3.373050213E0,1.622805023E1,3.130050182E0
6.848277145E1,4.294950008E0,1.023795033E1,3.679050207E0
6.848521484E1,8.395950317E0,8.425050735E0,-8.400000632E-2
6.848765830E1,1.244700050E1,9.709050179E0,-1.339905071E1
6.849010168E1,5.953950405E0,8.089950562E0,-1.909500122E1
6.849254530E1,7.849500179E-1,7.402950287E0,-1.233600044E1
6.849498868E1,2.239950180E0,7.234950542E0,-5.239050388E0
6.849743207E1,2.440950155E0,9.582000732E0,-1.150500029E-1
6.849987545E1,-3.330000043E-1,9.886050224E0,-2.239050150E0
6.850231891E1,-4.525050163E0,9.591000557E0,4.051949978E0
6.850476230E1,-2.503950119E0,5.265000343E0,6.430050373E0
6.850720568E1,-1.756950140E0,3.715950251E0,2.515050173E0
6.850964930E1,-9.139500260E-1,5.124000072E0,1.186050057E0
6.851209268E1,1.171950102E0,5.755950451E0,6.670950413E0
6.851453607E1,2.188050032E0,1.786050081E0,4.588050365E0
6.851697944E1,2.128050089E0,1.336050034E0,2.580000162E0
6.851942290E1,8.346000671E0,2.835000038E0,8.080500364E-1
6.852186629E1,1.123995018E1,4.413000107E0,-1.047495079E1
6.852430990E1,3.888000250E0,6.712950230E0,-8.649000168E0
6.852675329E1,2.250000000E0,9.615000725E0,-6.540000439E-1
6.852919666E1,2.134950161E0,1.000800037E1,-8.460000157E-1
6.853164004E1,2.311950207E0,1.215600014E1,-2.584050179E0
6.853408350E1,4.930950165E0,1.344405079E1,1.098000050E0
6.853652689E1,3.562050104E0,1.102995014E1,-5.730000496E0
6.853897050E1,1.603050113E0,7.831950188E0,-4.530000210E0
6.854141389E1,7.060050488E0,1.207200050E1,-2.071950197E0
6.854385728E1,7.512000561E0,1.317300034E1,-6.937050343E0
6.854630074E1,4.345050335E0,8.289000511E0,-6.465000153E0
6.854874412E1,2.413050175E0,9.639000893E0,4.410000145E-1
6.855118751E1,6.267000198E0,1.160505009E1,-4.510500133E-1
6.855363089E1,5.800950050E0,9.709050179E0,-5.080950260E0
6.855607450E1,4.237050056E0,9.864000320E0,-3.193950176E0
6.855851789E1,5.428950310E0,1.198095036E1,-9.060000181E-1
6.856096135E1,5.944050312E0,1.294605064E1,-2.470950127E0
6.856340473E1,5.074950218E0,1.237095070E1,-4.882050037E0
6.856584812E1,8.215950012E0,1.537095070E1,-6.463050365E0
6.856829150E1,6.688950539E0,1.400205040E1,-1.257495022E1
6.857073512E1,5.550000072E-1,9.181950569E0,-1.164405060E1
6.857317850E1,-4.995000362E-2,7.039050102E0,-3.424050093E0
6.857562198E1,4.018949986E0,1.102605057E1,-4.842000008E0
6.857806536E1,8.400000334E-1,6.265950203E0,-6.280950069E0
6.858050875E1,-7.905000448E-2,3.076950073E0,-1.051950097E0
6.858295213E1,6.484950542E0,3.496050119E0,-1.312950015E0
6.858539574E1,3.379950047E0,3.424050093E0,-6.532050133E0
6.858783914E1,-1.611000061E0,4.731000423E0,-1.830000043E0
6.859028252E1,1.435950041E0,4.798050404E0,3.766950130E0
6.859272598E1,5.173050404E0,4.353000164E0,1.573950052E0
6.859516937E1,4.552950382E0,7.912950516E0,-1.447050095E0
6.859761275E1,8.317049980E0,8.181000710E0,-3.310500085E-1
6.860005636E1,8.086950302E0,6.124050140E0,-5.992950439E0
6.860249974E1,-7.279500365E-1,7.164000511E0,-8.329950333E0
6.860494313E1,-2.880000114E0,9.691950798E0,3.657000065E0
6.860738651E1,4.759500325E-1,7.777050495E0,3.612000227E0
6.860982997E1,2.803050041E0,8.509050369E0,4.630500078E-1
6.861227336E1,1.363950014E0,9.022050858E0,-4.459500313E-1
6.861471697E1,1.692000031E0,9.595950127E0,3.049050093E0
6.861716036E1,3.591000080E0,9.924000740E0,1.144950032E0
6.861960374E1,3.535950184E0,9.618000031E0,-3.049500287E-1
6.862204720E1,1.219605064E1,1.265895081E1,-2.389950037E0
6.862449059E1,9.358050346E0,1.038600063E1,-1.324800110E1
6.862693397E1,5.776950359E0,1.414305115E1,-1.132800007E1
6.862937736E1,8.381999969E0,1.290300083E1,-1.316700077E1
6.863182097E1,5.164050102E0,9.811950684E0,-1.146900082E1
6.863426443E1,2.815050125E0,7.362000465E0,-5.179050446E0
6.863670774E1,7.231950283E0,8.797050476E0,-1.066050053E0
6.863915120E1,6.753000259E0,9.280050278E0,-6.898050308E0
6.864159459E1,2.080049992E0,5.995050430E0,-9.502950668E0
6.864403820E1,4.366050243E0,8.512050629E0,-1.060500070E-1
6.864648159E1,5.290950298E0,7.510950565E0,-2.260500044E-1
6.864892499E1,7.150500417E-1,5.587950230E0,-7.905000448E-2
6.865136845E1,5.160000324E-1,5.071050167E0,4.675050259E0
6.865381183E1,4.969950199E0,6.888000488E0,1.963950038E0
6.865625522E1,3.796950102E0,3.093000174E0,-6.235050201E0
6.865869883E1,5.404950142E0,6.238950253E0,-1.005195045E1
6.866114222E1,9.564000130E0,5.473050117E0,-1.035105038E1
6.866358560E1,5.269050121E0,3.804000139E0,-1.313100052E1
6.866602899E1,3.300000131E-1,6.097950459E0,-1.373205090E1
6.866847245E1,2.518050194E0,6.132000446E0,-1.255095100E1
6.867091583E1,4.732950211E0,2.380050182E0,-7.879950523E0
6.867335923E1,3.180000186E-1,1.695000052E0,-2.926050186E0
6.867580284E1,8.659500480E-1,3.352050066E0,2.577000141E0
6.867824623E1,2.653950214E0,6.285000324E0,3.649950266E0
6.868068962E1,3.160050154E0,7.258950233E0,2.551050186E0
6.868313300E1,2.665950060E0,9.040950775E0,4.560000300E-1
6.868557646E1,2.920050144E0,1.189695072E1,7.950000465E-3
6.868802007E1,2.212050200E0,1.378605080E1,1.800000072E-1
6.869046346E1,1.623000026E0,1.705905151E1,1.026000023E0
6.869290684E1,2.346000195E0,1.382505035E1,3.058050156E0
6.869535023E1,1.387950063E0,1.008705044E1,-6.040500402E-1
6.869779369E1,7.170000076E-1,1.198995018E1,-2.351999998E0
6.870023707E1,3.652950287E0,1.299795055E1,8.733000755E0
6.870268046E1,2.500950098E0,7.627950191E0,3.942000151E0
6.870512407E1,3.262950182E0,6.330000401E0,3.373950243E0
6.870756746E1,5.788950443E0,1.097505093E1,8.164950371E0
6.871001084E1,4.716000080E0,7.939050198E0,6.262050152E0
6.871245430E1,3.562050104E0,5.184000015E0,3.007950068E0
6.871489769E1,7.270950317E0,7.189950466E0,7.810950279E0
6.871734130E1,1.036905003E1,8.476050377E0,-1.640595055E1
6.871978446E1,5.070000172E0,7.099050522E0,-2.952000046E1
6.872222807E1,1.264800072E1,5.445000172E0,-2.629695129E1
6.872467146E1,1.020600033E1,5.830050468E0,-3.059205055E1
6.872711492E1,1.809000134E0,8.634000778E0,-2.816700172E1
6.872955830E1,4.134000301E0,8.524050713E0,-2.108205032E1
6.873200169E1,5.530050278E0,7.848000526E0,-1.096605015E1
6.873444530E1,2.407950163E0,6.919050217E0,-4.291050434E0
6.873688869E1,1.800000072E0,9.352050781E0,-5.920500159E-1
6.873933207E1,4.201050282E0,1.250805092E1,4.782000065E0
6.874177546E1,1.993950129E0,8.397000313E0,1.816050053E0
6.874421892E1,2.089050055E0,9.946050644E0,2.740500271E-1
6.874666231E1,4.141050339E0,9.867000580E0,4.993050098E0
6.874910569E1,4.611000061E0,9.601050377E0,1.045050025E0
6.875154931E1,4.651050091E0,1.292895031E1,-2.494950056E0
6.875399269E1,5.578050137E0,1.350600052E1,3.556050062E0
6.875643608E1,2.640000105E0,7.687950134E0,3.453000069E0
6.875887954E1,1.435950041E0,8.512050629E0,-3.175050259E0
6.876132293E1,1.399950027E0,1.227495098E1,-9.220500588E-1
6.876376631E1,2.572950125E0,9.907050133E0,9.510000348E-1
6.876620993E1,-1.390500069E-1,7.293000221E0,-1.854000092E0
6.876865330E1,-5.434950352E0,1.183500099E1,1.306050062E0
6.877109676E1,-3.961950302E0,6.673050404E0,6.997050285E0
6.877354014E1,-1.209000111E0,5.926050186E0,4.846950054E0
6.877598353E1,-8.640000224E-1,1.113300037E1,4.066050053E0
6.877842691E1,9.349500537E-1,5.085000038E0,7.749000549E0
6.878087052E1,3.205050230E0,2.344050169E0,7.897050381E0
6.878331391E1,4.374000072E0,6.064950466E0,6.099000454E0
6.878575730E1,3.042000055E0,8.895000458E0,3.609000206E0
6.878820075E1,-1.240500063E-1,2.361000061E0,6.999000549E0
6.879064414E1,9.267000198E0,2.512050152E0,7.204950333E0
6.879308752E1,1.937895012E1,1.969950080E0,-2.040495110E1
6.879553114E1,1.960605049E1,-1.749000072E0,-3.617100143E1
6.879797452E1,9.829950333E0,3.235050201E0,-4.119405365E1
6.880041798E1,7.069950104E0,8.989950180E0,-3.880695343E1
6.880286137E1,3.021000147E0,7.336050510E0,-3.246705246E1
6.880530476E1,4.278000355E0,6.036000252E0,-1.821105003E1
6.880774814E1,3.897000074E0,5.824950218E0,-9.127050400E0
6.881019176E1,3.046950102E0,6.754050255E0,1.975950122E0
6.881263514E1,2.425050020E0,1.095105076E1,7.926000595E0
6.881507853E1,2.704950094E0,9.168000221E0,6.123000145E0
6.881752198E1,9.259500504E-1,3.057000160E0,6.348000526E0
6.881996536E1,2.905950069E0,3.679950237E0,3.327000141E0
6.882240875E1,9.022950172E0,9.405000687E0,3.772050142E0
6.882485236E1,7.387950420E0,5.896950245E0,-5.970000029E-1
6.882729575E1,2.884050131E0,2.713050127E0,-1.140000105E0
6.882973913E1,2.890950203E0,7.183050156E0,2.310000062E-1
6.883218252E1,4.560000420E0,9.117000580E0,3.082050085E0
6.883462598E1,2.698050022E0,7.932000160E0,7.260000110E-1
6.883706936E1,1.885950089E0,8.635950089E0,-1.795950055E0
6.883951298E1,3.988050222E0,1.365000057E1,-1.036949992E0
6.884195635E1,3.412950277E0,1.233000088E1,-1.011000037E0
6.884439973E1,1.981950045E0,1.561500072E1,-3.259050131E0
6.884684312E1,3.523950100E0,1.771005058E1,3.766950130E0
6.884928658E1,3.034950256E0,1.436595058E1,7.579500079E-1
6.885172998E1,2.770500183E-1,1.254405022E1,-3.130050182E0
6.885417359E1,5.980500579E-1,1.391595078E1,3.102000237E0
6.885661698E1,2.382000208E0,1.553205109E1,1.603050113E0
6.885906036E1,-3.520500064E-1,1.015200043E1,-4.339500070E-1
6.886150375E1,-1.000500023E-1,1.234995079E1,1.983000040E0
6.886394720E1,2.628000021E0,1.588095093E1,2.991000175E0
6.886639058E1,2.590050220E0,1.009905052E1,-5.010000467E-1
6.886883397E1,1.034700012E1,5.380050182E0,-5.212950230E0
6.887127758E1,4.195950031E0,1.067100048E1,-1.889100075E1
6.887372097E1,3.817950249E0,-1.086000085E0,-2.207595062E1
6.887616443E1,1.114905071E1,2.149950027E0,-1.884105110E1
6.887860781E1,6.876000404E0,3.132000208E0,-1.796205139E1
6.888105120E1,-7.920000553E-1,1.530000091E0,-9.652050018E0
6.888349481E1,-5.550000072E-1,8.520000577E-1,5.572050095E0
6.888593820E1,-4.740000367E-1,9.670500755E-1,1.198905087E1
6.888838158E1,1.620000005E-1,6.420000196E-1,2.425950050E0
6.889082497E1,2.733000040E0,2.884950161E0,-3.817050219E0
6.889326843E1,1.227000117E0,5.205000401E0,4.066050053E0
6.889571181E1,-5.190000534E-1,-2.580000162E-1,4.402050018E0
6.889815520E1,-8.550000191E-1,-4.489500225E-1,-1.560000032E-1
6.890059880E1,1.120500043E-1,2.350500077E-1,1.369950056E0
6.890304218E1,3.970500231E-1,1.510500014E-1,3.837000132E0
6.890548557E1,1.728000045E0,3.802050114E0,8.320500255E-1
6.890792895E1,7.582050323E0,1.648904991E1,3.264000177E0
6.891037241E1,1.162605095E1,5.980950356E0,-7.741050243E0
6.891281580E1,8.546999931E0,-1.936050057E0,-1.413405037E1
6.891525918E1,1.298805046E1,7.738050461E0,-2.237505150E1
6.891770280E1,9.835050583E0,1.094205093E1,-2.341695023E1
6.892014618E1,1.627050042E0,9.364050865E0,-6.850950241E0
6.892258964E1,1.074000001E0,1.098705006E1,2.994000196E0
6.892503305E1,3.315000057E0,2.326500130E1,1.105305099E1
6.892747643E1,3.139950037E0,1.575195122E1,6.094050407E0
6.892992005E1,5.740500093E-1,9.553050041E0,-2.316000223E0
6.893236343E1,-6.870000362E-1,1.650900078E1,-2.458950043E0
6.893480682E1,7.438050270E0,1.213200092E1,4.144950390E0
6.893725020E1,3.403950214E0,9.757050514E0,-1.054005051E1
6.893969366E1,5.142000198E0,1.165095043E1,-6.766950130E0
6.894213705E1,7.768950462E0,1.237395096E1,-1.546305084E1
6.894458066E1,1.692000031E0,9.196050644E0,-1.435200024E1
6.894702405E1,4.129500091E-1,4.075050354E0,-2.373000145E0
6.894946743E1,5.263950348E0,1.337205029E1,-1.855950117E0
6.895191081E1,3.799050093E0,1.254105091E1,-1.387050033E0
6.895435427E1,8.710500598E-1,2.365050077E0,5.110500455E-1
6.895679766E1,-2.671950102E0,9.328050613E0,4.495050430E0
6.895924127E1,-2.583000183E0,8.356050491E0,6.676050186E0
6.896168467E1,-1.198950052E0,4.528050423E0,-2.620050192E0
6.896412806E1,-1.369050026E0,9.886050224E0,9.420000315E-1
6.896657152E1,-8.100000024E-2,6.939000130E0,2.874000072E0
6.896901491E1,2.398050070E0,8.538000107E0,3.907950163E0
6.897145829E1,2.626050234E0,9.898050308E0,1.648050070E0
6.897390167E1,3.052050114E0,1.127700043E1,4.753950119E0
6.897634529E1,3.190950155E0,1.048905087E1,3.372000217E0
6.897878867E1,1.306050062E0,7.105950356E0,6.190500259E-1
6.898123206E1,6.126000404E0,1.194300079E1,1.489500105E-1
6.898367551E1,1.738395119E1,1.234995079E1,-1.615995026E1
6.898611890E1,5.986950397E0,6.675000191E0,-1.784295082E1
6.898856228E1,4.813950062E0,1.060200024E1,-1.044000053E1
6.899100567E1,3.652950287E0,1.268505096E1,-5.127000332E0
6.899344928E1,1.327950120E0,1.045605087E1,-2.254050016E0
6.899589274E1,2.275950193E0,1.062300014E1,8.700000644E-1
6.899833613E1,2.764950037E0,1.400895023E1,6.015000343E0
6.900077951E1,3.238950253E0,1.292205048E1,-9.460500479E-1
6.900322290E1,1.129050016E0,8.763000488E0,1.260000110E0
6.900566651E1,1.800000109E-2,9.418950081E0,-2.008949995E0
6.900810989E1,3.121050119E0,1.236600018E1,6.859500408E-1
6.901055328E1,3.607050180E0,1.056105042E1,-4.429500103E-1
6.901299674E1,4.999500215E-1,6.487950325E0,-1.315050006E0
6.901544012E1,2.239500135E-1,8.521050453E0,5.100000277E-2
6.901788374E1,4.419000149E0,1.182300091E1,2.115000010E0
6.902032689E1,1.198950052E0,6.460050106E0,-2.731950045E0
6.902277051E1,4.200000316E-2,3.019050121E0,-1.143000007E0
6.902521389E1,5.350050449E0,8.665050507E0,1.105050087E0
6.902765735E1,3.109050035E0,9.946050644E0,-3.048000097E0
6.903010074E1,8.610000610E-1,5.085000038E0,2.790000141E-1
6.903254412E1,3.445050240E0,7.417050362E0,1.177050114E0
6.903498774E1,4.278000355E0,1.018800068E1,-6.274050236E0
6.903743112E1,1.263000011E0,6.715950489E0,-5.923950195E0
6.903987451E1,2.317050219E0,7.968000412E0,-4.080000401E0
6.904231797E1,5.604000092E0,8.770050049E0,-7.341000557E0
6.904476134E1,1.299000025E0,6.558000088E0,-7.440000534E0
6.904720473E1,-4.210500121E-1,6.388050079E0,-1.008000016E0
6.904964811E1,4.066950321E0,7.522950172E0,-2.044950008E0
6.905209172E1,6.339000225E0,5.872950077E0,-5.371050358E0
6.905453511E1,8.299500346E-1,3.529050112E0,-2.838000059E0
6.905697849E1,1.821000099E0,5.245950222E0,1.045050025E0
6.905942195E1,7.084050179E0,6.177000523E0,-2.088000059E0
6.906186534E1,4.165050030E0,4.927050114E0,-4.272000313E0
6.906430872E1,1.860000044E-1,5.770050049E0,-2.550000191E0
6.906675234E1,6.508950233E0,5.617050171E0,-3.229950190E0
6.906919574E1,7.447950363E0,6.034050465E0,-9.889050484E0
6.907163920E1,-3.610500097E-1,6.454950333E0,-7.252950191E0
6.907408251E1,2.641950130E0,5.919000149E0,-8.620500565E-1
6.907652597E1,8.050950050E0,7.123050213E0,-2.569950104E0
6.907896958E1,5.283000469E0,8.578950882E0,-2.127000093E0
6.908141297E1,2.817000151E0,8.562000275E0,3.037050247E0
6.908385636E1,7.468950272E0,9.121950150E0,-1.549950123E0
6.908629974E1,9.742050171E0,1.044105053E1,-8.766000748E0
6.908874320E1,3.873000145E0,9.526950836E0,-1.054005051E1
6.909118662E1,1.680000067E0,1.021905041E1,-4.327050209E0
6.909363000E1,3.181050062E0,9.462000847E0,-3.568050146E0
6.909607361E1,2.503950119E0,1.155195045E1,-2.577000141E0
6.909851700E1,4.572000027E0,1.164300060E1,1.497000098E0
6.910096039E1,5.128050327E0,1.107300091E1,-1.972950101E0
6.910340377E1,6.097050190E0,1.045095062E1,-4.873050213E0
6.910584723E1,3.586050272E0,1.046805096E1,-6.841050148E0
6.910829062E1,1.338000059E0,1.062795067E1,-1.150500029E-1
6.911073423E1,2.745000124E0,1.233495045E1,3.238050222E0
6.911317762E1,2.728950024E0,9.678000450E0,-1.175999999E0
6.911562098E1,3.610500097E-1,6.373050213E0,-1.540050030E0
6.911806444E1,-1.549500078E-1,5.514000416E0,-7.830000520E-1
6.912050783E1,1.306050062E0,1.374300098E1,1.258050084E0
6.912295121E1,2.395950079E0,9.430950165E0,1.030050039E0
6.912539482E1,6.340500116E-1,1.645050049E0,-1.593000054E0
6.912783823E1,3.540000021E-1,9.502950668E0,-3.843000174E0
6.913028161E1,-1.153950095E0,1.454805088E1,3.777000189E0
6.913272500E1,-1.435950041E0,4.827000141E0,-1.854000092E0
6.913516846E1,-2.968950033E0,6.967050552E0,5.089499950E-1
6.913761184E1,-2.751000166E0,8.171999931E0,3.762000084E0
6.914005524E1,6.840000153E-1,4.864950180E0,3.334050179E0
6.914249885E1,2.233050108E0,3.523950100E0,2.589000225E0
6.914494224E1,3.271950245E0,7.615950584E0,4.846950054E0
6.914738562E1,5.125050068E0,8.485050201E0,6.813000202E0
6.914982908E1,4.531949997E0,5.296050072E0,5.424000263E0
6.915227244E1,3.342000246E0,4.621050358E0,3.673950195E0
6.915471606E1,4.474050045E0,7.590000153E0,5.446050167E0
6.915715944E1,5.748000145E0,5.743950367E0,8.854949951E0
6.915960283E1,1.317495060E1,1.243050098E0,-6.183000088E0
6.916204621E1,9.375000000E0,1.887000084E0,-1.813995171E1
6.916448967E1,7.078950405E0,5.992950439E0,-2.591595078E1
6.916693306E1,5.479950428E0,2.902050257E0,-2.613195038E1
6.916937644E1,6.979050159E0,6.436050415E0,-2.010105133E1
6.917182006E1,9.061950684E0,5.767950058E0,-1.592505074E1
6.917426344E1,1.159995079E1,6.601050377E0,-1.252305031E1
6.917670691E1,2.863050222E0,7.891050339E0,-7.993050575E0
6.917915022E1,2.796000242E0,7.456050396E0,-5.752050400E0
6.918159368E1,9.472949982E0,8.719950676E0,-3.513000250E0
6.918403730E1,9.022950172E0,9.952950478E0,-3.955950260E0
6.918648045E1,9.210000634E-1,9.454950333E0,-3.397950172E0
6.918892408E1,-1.960500032E-1,9.661050797E0,3.774000168E0
6.919136747E1,2.889000177E0,1.584795094E1,2.452950001E0
6.919381093E1,6.727050304E0,1.626705170E1,2.155950069E0
6.919625431E1,3.097050190E0,1.058295059E1,5.110500455E-1
6.919869770E1,1.362000108E0,1.061400032E1,-2.233950138E0
6.920114131E1,2.724000216E0,1.924800110E1,-1.867950082E0
6.920358470E1,3.483000278E0,1.402095032E1,-1.060500070E-1
6.920602808E1,7.320000529E-1,6.093000412E0,-4.030500054E-1
6.920847147E1,-2.749500275E-1,1.179195023E1,-3.216000080E0
6.921091493E1,2.152050018E0,1.924500084E1,1.287000060E0
6.921335831E1,1.548000097E0,7.402950287E0,-1.729500145E-1
6.921580170E1,-2.056950092E0,8.626950264E0,-6.420000196E-1
6.921824531E1,-4.630050182E0,1.687500000E1,1.903950095E0
6.922068870E1,-2.851050138E0,8.179050446E0,-3.280950069E0
6.922313208E1,-3.723000288E0,1.021905041E1,1.758000135E0
6.922557554E1,-2.722050190E0,9.924000740E0,7.066050529E0
6.922801893E1,2.472000122E0,5.167050362E0,7.239000320E0
6.923046254E1,3.499950171E0,3.418950081E0,7.294050217E0
6.923290593E1,3.424950123E0,4.948950291E0,3.412950277E0
6.923534931E1,6.130950451E0,7.693050385E0,3.187950134E0
6.923779270E1,8.473050117E0,1.168395042E1,7.744050503E0
6.924023616E1,5.542050362E0,8.017950058E0,1.350000054E-1
6.924267954E1,3.367950201E0,8.526000023E0,-2.245950222E0
6.924512293E1,1.292100048E1,1.520400047E1,7.114050388E0
6.924756654E1,1.051500034E1,9.486000061E0,-1.798605156E1
6.925000995E1,4.438050270E0,6.297000408E0,-2.034705162E1
6.925245333E1,7.291950226E0,8.977950096E0,-1.950195122E1
6.925489679E1,4.006950378E0,1.301295090E1,-1.190700054E1
6.925734018E1,7.849500179E-1,1.001505089E1,-6.496050358E0
6.925978356E1,1.809000134E0,1.003005028E1,1.071000099E0
6.926222696E1,3.849000216E0,1.376895046E1,2.836050034E0
6.926467058E1,4.624950409E0,1.528305054E1,6.790500283E-1
6.926711396E1,2.688000202E0,1.046805096E1,2.029050112E0
6.926955742E1,1.954950094E0,8.551950455E0,-9.850500226E-1
6.927200082E1,4.129050255E0,1.546500111E1,1.633950114E0
6.927444421E1,4.456950188E0,1.669305038E1,3.817050219E0
6.927688782E1,1.789950132E0,7.876950264E0,-5.820000172E-1
6.927933121E1,1.374000072E0,7.899000168E0,7.309500575E-1
6.928177459E1,3.400950193E0,1.636005020E1,3.937050104E0
6.928421804E1,2.817000151E0,1.214400101E1,2.479050159E0
6.928666143E1,4.420500100E-1,3.199050188E0,-7.500000596E-1
6.928910481E1,-7.849500179E-1,8.409000397E0,-2.383050203E0
6.929154820E1,9.589500427E-1,1.411395073E1,-3.690000176E-1
6.929399181E1,2.070000172E0,7.936950207E0,1.469999999E-1
6.929643521E1,-2.730000019E-1,5.172000408E0,-4.102050304E0
6.929887867E1,7.530000210E-1,9.268050194E0,-2.875950098E0
6.930132206E1,2.556000233E0,1.375995064E1,-1.111200047E1
6.930376544E1,1.225050092E0,6.201000214E0,-7.581000328E0
6.930620906E1,-2.200500071E-1,5.377050400E0,-7.360500097E-1
6.930865245E1,2.596950054E0,1.296705055E1,-9.319500327E-1
6.931109583E1,2.305050135E0,8.932950020E0,-1.690950036E0
6.931353929E1,1.627050042E0,2.263050079E0,-1.612050056E0
6.931598268E1,4.057950020E0,7.960950375E0,-4.027950287E0
6.931842606E1,1.022805023E1,1.001295090E1,-7.938000202E0
6.932086945E1,6.018000126E0,2.172000170E0,-1.059495068E1
6.932331306E1,5.338050365E0,6.201000214E0,-5.950050354E0
6.932575645E1,6.997950554E0,6.936000347E0,-4.641000271E0
6.932819991E1,5.815050125E0,6.220050335E0,-6.736050129E0
6.933064329E1,2.086950064E0,5.691000462E0,-3.769050121E0
6.933308668E1,5.575050354E0,5.679000378E0,-2.377950191E0
6.933553006E1,9.556950569E0,6.868950367E0,-5.170050144E0
6.933797345E1,7.243950367E0,6.924000263E0,-6.867000103E0
6.934041706E1,1.002000093E0,5.779950142E0,-4.396049976E0
6.934286052E1,2.227950096E0,5.782050133E0,-3.499500155E-1
6.934530392E1,5.664000034E0,6.709050179E0,-1.281000018E0
6.934774730E1,4.273050308E0,6.967050552E0,-3.361950159E0
6.935019069E1,1.029000044E0,5.380050182E0,-3.811950207E0
6.935263430E1,2.833950043E0,6.874050140E0,-1.978050113E0
6.935507769E1,5.628000259E0,7.200000286E0,-4.272000313E0
6.935752107E1,2.190000057E0,5.832000256E0,-3.343050241E0
6.935996453E1,-5.410500169E-1,5.662050247E0,3.027000189E0
6.936240792E1,1.800000109E-2,8.185950279E0,1.813050032E0
6.936485130E1,2.058000088E0,1.316400051E1,1.060500070E-1
6.936729469E1,2.710050106E0,9.454950333E0,1.348950028E0
6.936973831E1,1.297050118E0,4.864950180E0,1.717950106E0
6.937218177E1,3.390000165E-1,1.190895081E1,-8.310000300E-1
6.937462516E1,3.325050116E0,1.804605103E1,1.573950052E0
6.937706854E1,2.395950079E0,8.977950096E0,-1.501950026E0
6.937951192E1,1.390050054E0,7.065000534E0,-6.400500536E-1
6.938195554E1,3.262950182E0,1.503795052E1,-9.030000567E-1
6.938439892E1,4.222949982E0,1.441605091E1,-2.880000174E-1
6.938684231E1,1.500000119E0,6.819000244E0,2.689500153E-1
6.938928577E1,7.800000310E-1,1.009200001E1,-4.459500313E-1
6.939172916E1,2.725950241E0,1.656795120E1,2.134050131E0
6.939417254E1,3.129000187E0,1.015200043E1,-6.795000285E-2
6.939661592E1,1.275000095E0,5.935050488E0,-9.610500336E-1
6.939905954E1,3.718050241E0,9.631950378E0,1.347000122E0
6.940150292E1,6.744000435E0,1.407105064E1,-7.782000542E0
6.940394631E1,1.582050085E0,4.462950230E0,-8.638950348E0
6.940638977E1,4.470000267E-1,1.606050134E0,-8.068950653E0
6.940883316E1,6.579000473E0,6.598950386E0,-1.013805008E1
6.941127677E1,6.190950394E0,6.460050106E0,-1.055700016E1
6.941371992E1,1.314000010E0,3.642000198E0,-6.301950455E0
6.941616354E1,2.580000162E0,5.029950142E0,-5.989500284E-1
6.941860692E1,7.789950371E0,7.927050591E0,1.596000075E0
6.942105038E1,3.652950287E0,6.625050545E0,-9.649500251E-1
6.942349377E1,1.302000046E0,5.634000301E0,1.738950133E0
6.942593716E1,3.001950026E0,8.743950844E0,2.014950037E0
6.942838077E1,1.127595043E1,7.519950390E0,-6.481950283E0
6.943082416E1,6.919050217E0,4.456050396E0,-1.274805069E1
6.943326754E1,-9.600000083E-2,4.149000168E0,-1.069305038E1
6.943571100E1,3.805950165E0,4.542000294E0,-5.433000088E0
6.943815439E1,9.142950058E0,6.036000252E0,-4.894050121E0
6.944059776E1,3.289050102E0,5.113950253E0,-5.515050411E0
6.944304114E1,-8.280000687E-1,4.936950207E0,2.011950016E0
6.944548475E1,3.009000063E0,7.314000130E0,2.893050194E0
6.944792822E1,6.463950157E0,8.803950310E0,-1.735950112E0
6.945037160E1,2.653950214E0,5.425050259E0,-2.007000208E0
6.945281496E1,3.370500207E-1,5.028000355E0,3.247950077E0
6.945525834E1,1.260000020E-1,9.514950752E0,2.599500120E-1
6.945770196E1,1.587000132E0,9.670050621E0,-8.770500422E-1
6.946014534E1,2.524950027E0,6.093000412E0,-3.049500287E-1
6.946258873E1,6.259500384E-1,4.128000259E0,-1.389000058E0
6.946503218E1,5.230950356E0,9.472050667E0,-4.849050045E0
6.946747556E1,3.535950184E0,8.908950806E0,-8.287050247E0
6.946991895E1,6.169500351E-1,7.398000240E0,-2.728050232E0
6.947236233E1,7.290000319E-1,9.418950081E0,3.109050035E0
6.947480595E1,1.480950117E0,1.445895100E1,2.164950132E0
6.947724934E1,2.458050013E0,1.443000031E1,5.830500126E-1
6.947969272E1,1.117050052E0,9.271050453E0,-5.460000038E-1
6.948213618E1,4.077000141E0,1.079100037E1,2.967000246E0
6.948457957E1,9.799050331E0,1.679594994E1,-7.030050278E0
6.948702295E1,5.749950409E0,1.206195068E1,-9.541950226E0
6.948946655E1,1.438050032E0,8.100000381E0,-2.661000013E0
6.949190994E1,5.761950493E0,1.319205093E1,-1.545000076E0
6.949435340E1,7.299000263E0,1.660905075E1,-2.683950186E0
6.949679671E1,4.669950008E0,1.204800034E1,-5.140950203E0
6.949924017E1,3.427950144E0,1.075500011E1,-5.821050167E0
6.950168355E1,6.339000225E0,1.145700073E1,-5.550000191E0
6.950412717E1,6.697950363E0,1.235895061E1,-9.889050484E0
6.950657055E1,2.641950130E0,6.778050423E0,-8.269950867E0
6.950901394E1,1.807050109E0,4.795950413E0,4.890000224E-1
6.951145740E1,5.419950485E0,8.478000641E0,3.496950150E0
6.951390078E1,3.478050232E0,8.887950897E0,-2.895000204E-2
6.951634417E1,1.254000068E0,5.131050110E0,2.950500250E-1
6.951878755E1,3.054000139E0,4.765050411E0,2.965050220E0
6.952123117E1,4.744950294E0,8.967000008E0,1.708050132E0
6.952367453E1,2.764950037E0,8.445000648E0,-1.060500070E-1
6.952611799E1,1.374000072E0,5.215050220E0,-7.590000629E-1
6.952856138E1,1.182000041E0,6.012000084E0,2.022000074E0
6.953100476E1,1.215000033E0,1.103505039E1,-1.293000102E0
6.953344838E1,2.158950090E0,7.461000443E0,-3.388050079E0
6.953589177E1,2.247000217E0,6.898050308E0,-4.027950287E0
6.953833516E1,4.903050423E0,8.677050591E0,-3.220950127E0
6.954077861E1,8.626049995E0,1.008195019E1,-7.866000175E0
6.954322200E1,2.938950062E0,7.836000443E0,-9.642000198E0
6.954566539E1,4.060500264E-1,8.926050186E0,-3.240000248E0
6.954810900E1,2.877000093E0,1.121205044E1,1.050000072E0
6.955055239E1,3.703050137E0,1.231605053E1,5.130000114E-1
6.955299577E1,3.555000067E0,1.075500011E1,-9.490500689E-1
6.955543916E1,3.627000093E0,1.060200024E1,2.020500153E-1
6.955788261E1,4.218000412E0,1.252200031E1,-1.054050088E0
6.956032599E1,5.773950100E0,1.487805080E1,-4.990050316E0
6.956276937E1,3.174000263E0,1.166505051E1,-5.325000286E0
6.956521298E1,1.036050081E0,1.032405090E1,-6.850500107E-1
6.956765637E1,1.575000048E0,1.409295082E1,1.969050050E0
6.957009976E1,2.359950066E0,1.488795090E1,3.960000277E-1
6.957254322E1,2.239950180E0,1.148805046E1,-4.240500331E-1
6.957498660E1,2.098950148E0,9.511950493E0,1.327050090E0
6.957743022E1,5.062950134E0,1.175100040E1,-4.051949978E0
6.957987360E1,3.535950184E0,1.036995029E1,-9.286050797E0
6.958231699E1,6.100500226E-1,8.314949989E0,-7.360950470E0
6.958476038E1,5.740500093E-1,7.437000275E0,-1.261950016E0
6.958720383E1,2.671050072E0,1.196700096E1,-1.732050061E0
6.958964722E1,1.891050100E0,1.170600033E1,-2.823000193E0
6.959209061E1,7.609500289E-1,3.952950239E0,-1.345950007E0
6.959453422E1,-6.529500484E-1,8.731950760E0,2.854950190E0
6.959697763E1,7.304999977E-2,1.010895061E1,3.025050163E0
6.959942108E1,3.186000109E0,1.101000071E0,-7.219050407E0
6.960186440E1,1.759050131E0,5.665050507E0,-6.262050152E0
6.960430785E1,6.378000259E0,6.097950459E0,-4.126049995E0
6.960675124E1,8.314949989E0,5.707950115E0,-4.387050152E0
6.960919487E1,1.534050107E0,7.246950150E0,-3.228000164E0
6.961163826E1,2.359500080E-1,1.050600052E1,2.206050158E0
6.961408164E1,5.962950230E0,1.048005009E1,2.323050022E0
6.961652510E1,8.413050652E0,1.233300018E1,-4.200000286E0
6.961896849E1,3.997950077E0,1.003395081E1,-5.131050110E0
6.962141187E1,1.330050111E0,1.021395016E1,-5.100000277E-2
6.962385526E1,2.254950047E0,1.143300056E1,-4.050000310E-1
6.962629887E1,6.307950497E0,1.355595112E1,-6.328950405E0
6.962874226E1,6.768000126E0,1.089600086E1,-9.115950584E0
6.963118564E1,6.267000198E0,1.003005028E1,-4.489950180E0
6.963362910E1,7.146000385E0,1.694205093E1,-2.668050051E0
6.963607249E1,6.949950218E0,1.645305061E1,-4.281000137E0
6.963851587E1,2.484000206E0,1.175805092E1,-3.633000135E0
6.964095948E1,5.380499959E-1,1.275405025E1,1.023000002E0
6.964340288E1,2.379000187E0,1.501005077E1,-2.230500132E-1
6.964584626E1,3.796950102E0,1.002495003E1,-5.256000042E0
6.964828972E1,2.664000034E0,7.069950104E0,-7.915950298E0
6.965073311E1,2.956050158E0,5.701050282E0,-4.578000069E0
6.965317650E1,4.848000050E0,7.120950222E0,-5.673000336E0
6.965562010E1,3.997950077E0,3.261000156E0,-8.095950127E0
6.965806349E1,7.680000067E-1,7.729500532E-1,-3.424050093E0
6.966050688E1,3.250500262E-1,3.778050184E0,3.255000114E0
6.966295034E1,-1.843050122E0,3.121950150E0,6.760050297E0
6.966539372E1,-1.225950003E0,-7.530000210E-1,4.054049969E0
6.966783710E1,-3.919500113E-1,-1.275000095E0,3.918000221E0
6.967028072E1,-1.534950018E0,-9.810000658E-1,2.239500135E-1
6.967272410E1,-1.233000040E0,-7.009500265E-1,3.130050182E0
6.967516749E1,-2.895000204E-2,-5.209500194E-1,2.971950054E0
6.967761094E1,1.849950075E0,-1.303950071E0,2.503050089E0
6.968005434E1,2.427000046E0,-1.081050038E0,1.086000085E0
6.968249772E1,3.205050230E0,-2.403000116E0,-8.430000544E-1
6.968494134E1,1.591050029E0,1.414950013E0,-8.140950203E0
6.968738472E1,6.859500408E-1,2.064000130E0,-6.453000069E0
6.968982811E1,-1.390500069E-1,8.805000782E-2,1.710000038E-1
6.969227156E1,7.108050346E0,1.514895058E1,-1.246050000E0
6.969471495E1,1.636695099E1,4.868505096E1,-9.681000710E0
6.969715833E1,2.382000208E0,8.348999977E0,-5.749500394E-1
6.969960194E1,3.883050203E0,-8.970000148E-1,2.139000177E0
6.970204533E1,1.809000134E0,5.389500260E-1,5.299500227E-1
6.970448870E1,-8.500500321E-1,5.337000370E0,-2.854050159E0
6.970693208E1,1.071405029E1,2.445495033E1,-1.087095070E1
6.970937554E1,1.038300037E1,1.057305050E1,-1.468005085E1
6.971181893E1,7.374000549E0,2.145000219E0,-1.781595039E1
6.971426231E1,2.676000118E0,3.000000238E0,-1.738995171E1
6.971670592E1,2.110949993E0,1.498950124E0,-6.415050507E0
6.971914930E1,4.675050259E0,6.880950451E0,-2.734950066E0
6.972159276E1,4.396950245E0,9.280050278E0,-3.538950205E0
6.972403607E1,2.158950090E0,4.702050209E0,6.310500503E-1
6.972647953E1,1.515000105E0,4.645050049E0,3.214050055E0
6.972892292E1,1.591050029E0,7.087050438E0,4.878000259E0
6.973136653E1,3.010950089E0,8.281949997E0,3.856050253E0
6.973380992E1,1.242000103E0,6.589050293E0,2.445000172E0
6.973625330E1,3.556950092E0,6.574950218E0,3.925050259E0
6.973869676E1,1.088100052E1,1.152600098E1,-7.798950195E0
6.974114015E1,9.796950340E0,7.732950211E0,-1.272405052E1
6.974358353E1,3.460950136E0,5.764950275E0,-5.814000130E0
6.974602715E1,3.327000141E0,1.036500072E1,-2.706000090E0
6.974847053E1,3.544950247E0,1.497900105E1,-1.770000100E0
6.975091392E1,3.009000063E0,1.157595062E1,2.424000025E0
6.975335731E1,2.737950087E0,9.559950829E0,1.912050128E0
6.975580077E1,2.317050219E0,1.196895027E1,-1.405950069E0
6.975824438E1,4.951050282E0,1.871100044E1,-2.158050060E0
6.976068777E1,6.222000122E0,1.741604996E1,-5.149500370E-1
6.976313116E1,3.532950163E0,1.286895084E1,-2.221950054E0
6.976557453E1,2.965950251E0,1.622100067E1,-2.377950191E0
6.976801799E1,3.385050058E0,1.967100143E1,-1.071000099E0
6.977046138E1,1.906950116E0,1.287600040E1,-1.915950060E0
6.977290476E1,5.620500445E-1,8.503950119E0,-1.356000066E0
6.977534837E1,1.129050016E0,1.140900040E1,1.180500090E-1
6.977779177E1,2.676000118E0,1.387995052E1,1.789050102E0
6.978023516E1,1.678050041E0,8.791950226E0,2.115000010E0
6.978267854E1,3.420000076E-1,3.625050068E0,-6.570000052E-1
6.978512200E1,2.430000156E-1,8.904000282E0,-1.537950039E0
6.978756539E1,1.939050078E0,1.457205105E1,2.047950029E0
6.979000875E1,1.663050056E0,8.346000671E0,1.059000015E0
6.979245236E1,8.505000174E-2,4.860000312E-1,1.330500096E-1
6.979489575E1,-1.080000028E-1,4.879500270E-1,1.047000051E0
6.979733913E1,8.610000610E-1,1.443000031E1,2.982000113E0
6.979978259E1,3.511950254E0,1.606605148E1,3.391050100E0
6.980222596E1,4.330500066E-1,2.575950146E0,1.818000078E0
6.980466957E1,2.100000158E-2,7.044000149E0,1.249500066E-1
6.980711273E1,1.731900024E1,1.830195045E1,2.040000111E-1
6.980955634E1,9.528000832E0,5.761050224E0,-2.171205139E1
6.981199980E1,3.274950266E0,3.555000067E0,-1.880805016E1
6.981444319E1,3.351000071E0,6.694050312E0,-1.638195038E1
6.981688657E1,4.618050098E0,6.283050060E0,-8.685000420E0
6.981932996E1,1.086000085E0,3.157950163E0,-3.076950073E0
6.982177357E1,1.630050063E0,3.153000116E0,5.400000215E-1
6.982421696E1,5.769000053E0,6.172050476E0,1.129500046E-1
6.982666034E1,4.069050312E0,5.155050278E0,-2.818950176E0
6.982910380E1,2.212050200E0,2.212050200E0,1.224000096E0
6.983154719E1,1.740000129E0,3.510000229E0,-8.400000632E-2
6.983399057E1,2.346000195E0,9.007050514E0,4.071000099E0
6.983643416E1,3.303000212E0,1.002195072E1,4.059000015E0
6.983887754E1,2.338050127E0,5.301000118E0,2.187000036E0
6.984132100E1,8.505000174E-2,6.274950504E0,1.414050102E0
6.984376439E1,-4.740000367E-1,1.337400055E1,4.500000000E0
6.984620778E1,-1.630500108E-1,7.027050495E0,1.954950094E0
6.984865116E1,-4.879500270E-1,2.302950144E0,1.981050134E0
6.985109477E1,4.965000153E0,7.891050339E0,4.732050419E0
6.985353816E1,1.326600075E1,1.023495007E1,-1.624604988E1
6.985598154E1,7.354050159E0,5.023050308E0,-2.670600128E1
6.985842500E1,5.760000348E-1,4.128000259E0,-2.604300117E1
6.986086839E1,1.006695080E1,5.514000416E0,-1.848705101E1
6.986331178E1,1.073295021E1,7.116000175E0,-1.638000107E1
6.986575516E1,5.824050426E0,6.031050205E0,-1.322400093E1
6.986819877E1,1.797000051E0,5.497050285E0,-4.118999958E0
6.987064216E1,1.273050070E0,6.567000389E0,3.844050169E0
6.987308555E1,4.393050194E0,6.040950298E0,6.358050346E0
6.987552901E1,5.263950348E0,7.197000504E0,2.311050177E0
6.987797240E1,6.993000507E0,5.196000099E0,-4.000500143E-1
6.988041578E1,6.745950222E0,7.948950291E0,-4.104000092E0
6.988285939E1,2.896050215E0,1.012800026E1,-2.943000078E0
6.988530278E1,1.183950067E0,1.252395058E1,4.026000023E0
6.988774624E1,2.901000023E0,1.042005062E1,3.547050238E0
6.989018963E1,2.029950142E0,1.095405006E1,-2.701050043E0
6.989263301E1,2.254950047E0,1.673595047E1,-4.735949993E0
6.989507662E1,3.706050158E0,1.562295055E1,1.774950027E0
6.989752001E1,1.093050003E0,1.311795044E1,-1.933050036E0
6.989996340E1,2.049000025E0,1.960005188E1,-9.040950775E0
6.990240678E1,2.896050215E0,2.749800110E1,-3.036000252E0
6.990485024E1,-4.995000362E-2,2.453205109E1,1.818000078E0
6.990729363E1,-6.205950260E0,2.348805046E1,-1.204950094E0
6.990973727E1,-1.007295036E1,2.573595047E1,-2.859000206E0
6.991218066E1,-7.345050335E0,1.963095093E1,-9.270000458E-1
6.991462404E1,-7.414950371E0,2.038500023E1,-7.176000118E0
6.991706742E1,-4.309950352E0,1.307295036E1,-4.255050182E0
6.991951088E1,-4.623000145E0,1.390395069E1,6.181050301E0
6.992195427E1,-6.262950420E0,1.330500031E1,8.752050400E0
6.992439788E1,-2.020950079E0,4.963050365E0,1.715400124E1
6.992684127E1,1.093050003E0,1.000950098E0,1.040400028E1
6.992928466E1,1.093050003E0,9.049500227E-1,5.095950127E0
6.993172804E1,2.074949980E0,1.269000053E0,2.364000082E0
6.993417150E1,2.440950155E0,4.909500182E-1,9.810000420E0
6.993661489E1,1.309050083E0,9.000000544E-3,5.176950455E0
6.993905827E1,3.439500034E-1,1.480500102E-1,-5.250000358E-1
6.994150188E1,3.495000303E-2,1.319999993E-1,-1.198050022E0
6.994394528E1,8.178000450E0,6.192000389E0,3.270000219E-1
6.994638866E1,8.781000137E0,3.748500061E1,8.484000206E0
6.994883205E1,3.799500167E-1,9.193950653E0,6.456000328E0
6.995127551E1,-1.819500029E-1,4.390950203E0,2.347050190E0
6.995371890E1,2.383949995E0,2.289000034E0,9.649950027E0
6.995616228E1,9.319950104E0,8.830050468E0,5.007000446E0
6.995860589E1,2.131800079E1,9.718050003E0,1.056000042E1
6.996104928E1,5.323950291E0,1.771950126E0,1.169895077E1
6.996349274E1,8.250000477E-1,5.700000376E-2,2.448000193E0
6.996593612E1,1.369050026E0,-6.460500360E-1,8.700000495E-2
6.996837949E1,3.060000241E-1,4.068000317E0,-3.259050131E0
6.997082310E1,3.066000223E0,1.864395142E1,-8.851950645E0
6.997326649E1,3.682050228E0,7.590000153E0,5.742000103E0
6.997570987E1,4.060500264E-1,2.869500220E-1,3.372000217E0
6.997815326E1,2.089905167E1,6.373050213E0,2.910000086E0
6.998059672E1,3.262095261E1,5.566950321E0,-1.956405067E1
6.998304034E1,-6.874050140E0,6.724950314E0,-3.871800232E1
6.998548350E1,1.593795109E1,1.578000069E0,-2.879700089E1
6.998792711E1,1.368495083E1,4.615950108E0,-4.230300140E1
6.999037050E1,5.959050179E0,5.643000126E0,-3.225405121E1
6.999281396E1,2.499000072E0,4.269000053E0,-1.755495071E1
6.999525734E1,2.776950121E0,1.051095009E1,-4.549950123E0
6.999770073E1,4.258950233E0,1.540200043E1,-1.554000020E0
7.000014434E1,4.759050369E0,1.109700012E1,2.671050072E0
7.000258773E1,1.381050110E0,5.701050282E0,2.338050127E0
7.000503113E1,1.495950103E0,6.024000168E0,4.141050339E0
7.000747451E1,4.957950115E0,1.172505093E1,-4.059000015E0
7.000991797E1,6.258000374E0,7.006050110E0,-1.488795090E1
7.001236136E1,3.214950085E0,3.037950039E0,-1.374405098E1
7.001480474E1,5.085000038E0,6.796950340E0,-6.192000389E0
7.001724834E1,8.317049980E0,9.615000725E0,-3.940950155E0
7.001969173E1,5.290950298E0,7.353000164E0,-3.250050068E0
7.002213511E1,2.416950226E0,3.678000212E0,1.402050018E0
7.002457857E1,2.415000200E0,7.177950382E0,4.608000278E0
7.002702196E1,3.567000151E0,1.348695087E1,3.772050142E0
7.002946536E1,2.173050165E0,8.904000282E0,1.066050053E0
7.003190898E1,2.839500010E-1,1.144050002E0,6.450000405E-1
7.003435236E1,-8.400000632E-2,1.923000097E0,-1.300500035E-1
7.003679582E1,5.515950203E0,1.309905052E1,2.223000050E0
7.003923921E1,5.190000057E0,1.346805096E1,-6.166050434E0
7.004168260E1,1.303950071E0,3.067050219E0,-3.307050228E0
7.004412598E1,2.242950201E0,4.759950161E0,1.014000058E0
7.004656960E1,5.202000141E0,1.516095066E1,7.620000243E-1
7.004901298E1,4.819050312E0,1.274700069E1,-1.051950097E0
7.005145636E1,1.393050075E0,3.190950155E0,-1.353000045E0
7.005389982E1,1.632000089E0,4.096950054E0,-2.158050060E0
7.005634321E1,5.611050129E0,1.606995010E1,1.495050073E0
7.005878659E1,7.429050446E0,1.629495049E1,1.027950048E0
7.006122998E1,3.559050083E0,6.424050331E0,-4.486950397E0
7.006367359E1,3.174000263E0,8.095050812E0,-3.076950073E0
7.006611705E1,6.583050251E0,1.901100159E1,2.757000208E0
7.006856036E1,5.767050266E0,1.735095024E1,-2.539499998E-1
7.007100382E1,2.965950251E0,1.057500076E1,1.057050109E0
7.007344720E1,2.451000214E0,1.002705002E1,4.770000279E-1
7.007589082E1,2.647050142E0,1.583595085E1,2.236950159E0
7.007833420E1,3.235950232E0,1.612500000E1,3.331050158E0
7.008077759E1,-8.809500337E-1,1.720305061E1,-9.900000691E-2
7.008322105E1,-7.093950272E0,2.091405106E1,1.036095047E1
7.008566443E1,-5.061000347E0,1.154805088E1,5.874000072E0
7.008810782E1,-5.623950481E0,1.442505074E1,9.439500570E-1
7.009055120E1,-4.282950401E0,1.098705006E1,7.909500599E-1
7.009299482E1,-3.759000063E0,8.113950729E0,8.130000234E-1
7.009543820E1,-6.298950195E0,1.382895088E1,9.679500461E-1
7.009788159E1,-2.791950226E0,6.622950077E0,8.250000477E-1
7.010032504E1,-1.860000134E0,4.480050087E0,2.790000141E-1
7.010276842E1,-2.499000072E0,5.794050217E0,4.030500054E-1
7.010521204E1,-3.462000132E0,7.872000217E0,7.579500079E-1
7.010765542E1,-2.049000025E0,6.157950401E0,4.180500209E-1
7.011009881E1,-9.960000515E-1,2.920950174E0,1.690500081E-1
7.011254227E1,-3.555000067E0,7.558950424E0,8.509500623E-1
7.011498566E1,-2.320500165E-1,1.757595062E1,3.529950142E0
7.011742904E1,4.917000294E0,1.237605095E1,5.332950115E0
7.011987265E1,1.425195026E1,7.639500499E-1,5.299500227E-1
7.012231604E1,4.443000317E0,4.500000179E-1,1.519500017E-1
7.012475943E1,5.260500312E-1,6.310950279E0,-6.532050133E0
7.012720281E1,1.342050076E0,6.630000114E0,2.521950006E0
7.012964627E1,4.864050388E0,7.395000011E-2,2.581950188E0
7.013208966E1,1.306500053E1,8.400000632E-2,-4.168950081E0
7.013453304E1,1.378095055E1,5.764950275E0,-3.780900192E1
7.013697666E1,2.771295166E1,7.230000496E-1,-4.984695053E1
7.013942004E1,1.740600014E1,-5.494050026E0,-3.200699997E1
7.014186343E1,1.134600067E1,-4.515000343E0,-2.103705025E1
7.014430689E1,9.943050385E0,-2.080049992E0,-1.968900108E1
7.014675028E1,4.795050144E0,1.029000044E0,-1.030800056E1
7.014919391E1,2.082000017E0,-6.900000572E-2,4.800000191E-1
7.015163706E1,3.610050201E0,-2.170500159E-1,1.368000031E0
7.015408068E1,5.740950108E0,1.870500147E-1,1.155000091E0
7.015652406E1,4.419000149E0,1.992300034E1,-3.193950176E0
7.015896752E1,1.171695042E1,2.999595070E1,7.780050278E0
7.016141092E1,2.358000040E0,9.055050850E0,2.320950031E0
7.016385430E1,1.464000106E0,4.642050266E0,7.770000100E-1
7.016629791E1,4.840050220E0,1.234500027E1,-1.110000089E-1
7.016874130E1,3.925950289E0,1.286895084E1,3.646950245E0
7.017118468E1,4.555950165E0,1.034595013E1,-1.300500035E-1
7.017362806E1,4.612950325E0,9.880950928E0,-2.032950163E0
7.017607152E1,1.888050079E0,7.330950260E0,7.860000134E-1
7.017851491E1,1.660950065E0,5.860950470E0,-8.035950661E0
7.018095852E1,8.089050293E0,8.128950119E0,1.469999999E-1
7.018340192E1,7.813950539E0,1.244295025E1,-8.752050400E0
7.018584530E1,2.215950012E0,7.611000538E0,-2.056950092E0
7.018828876E1,4.009500146E-1,2.866050243E0,8.220000267E-1
7.019073214E1,1.852050066E0,9.460050583E0,6.280500293E-1
7.019317553E1,5.590050220E0,1.602195168E1,1.678950071E0
7.019561913E1,3.346050262E0,7.197000504E0,1.921050072E0
7.019806252E1,3.970500231E-1,1.759950042E0,-2.119050026E0
7.020050590E1,-2.440500110E-1,6.883050442E0,-3.520050049E0
7.020294936E1,4.093050003E0,1.494300079E1,2.203950167E0
7.020539277E1,4.936050415E0,1.401105022E1,4.537950039E0
7.020783615E1,8.899500370E-1,5.239050388E0,3.430500031E-1
7.021027976E1,5.670000315E-1,6.673050404E0,-1.560000032E-1
7.021272315E1,4.132050037E0,1.825905037E1,3.877050161E0
7.021516654E1,6.045000076E0,1.747605133E1,2.638950109E0
7.021760993E1,2.725950241E0,4.851000309E0,8.839500546E-1
7.022005339E1,1.384950042E0,5.077950478E0,-2.902050257E0
7.022249678E1,4.989000320E0,1.942200089E1,2.187000036E0
7.022494016E1,5.287950039E0,1.626000023E1,2.139000177E0
7.022738377E1,1.273050070E0,5.167050362E0,-8.310000300E-1
7.022982718E1,1.249050021E0,5.479950428E0,2.617950201E0
7.023227063E1,6.172050476E0,1.633905029E1,-8.536050797E0
7.023471402E1,2.560950041E0,1.644105148E1,-9.013050079E0
7.023715740E1,-6.195000187E-2,2.322000027E0,-1.060950041E0
7.023960079E1,2.910000086E-1,9.889500737E-1,-5.370000005E-1
7.024204442E1,1.363950014E0,8.425050735E0,-9.730950356E0
7.024448780E1,2.788950205E0,1.044600010E1,4.915950298E0
7.024693119E1,7.800000161E-2,4.153950214E0,7.800000161E-2
7.024937465E1,-1.950000064E-3,7.279500365E-1,5.160000324E-1
7.025181805E1,9.400500655E-1,9.250950813E0,-3.726000071E0
7.025426166E1,2.938950062E0,1.431105042E1,-8.340000153E0
7.025670481E1,1.407000065E0,4.951050282E0,-5.656050205E0
7.025914843E1,-1.960500032E-1,3.984000206E0,-1.863000035E0
7.026159181E1,1.876050115E0,1.203105068E1,-8.530500531E-1
7.026403527E1,2.307000160E0,1.320705032E1,8.170500398E-1
7.026647866E1,6.670500040E-1,6.511950493E0,7.120500207E-1
7.026892205E1,4.639500082E-1,4.434000015E0,1.942950130E0
7.027136566E1,4.258950233E0,1.061100006E1,-4.050000310E-1
7.027380905E1,4.230000019E0,1.231395054E1,-8.284950256E0
7.027625245E1,2.937000036E0,5.185950279E0,-6.196950436E0
7.027869591E1,6.910500526E-1,3.850050211E0,-2.353950024E0
7.028113930E1,4.963050365E0,1.343400097E1,-1.165950060E0
7.028358268E1,6.018000126E0,1.344600105E1,-7.641000271E0
7.028602629E1,1.323000073E0,3.538950205E0,-3.628050089E0
7.028846967E1,4.950000346E-1,2.071050167E0,-5.340000391E-1
7.029091306E1,2.583000183E0,8.916000366E0,-2.464050055E0
7.029335644E1,4.768950462E0,8.277000427E0,-7.171050549E0
7.029579990E1,1.447950125E0,7.159500122E-1,-2.740050077E0
7.029824329E1,-1.030500084E-1,-1.279500127E-1,2.070000172E-1
7.030068667E1,9.450000525E-1,-4.519500136E-1,5.230500102E-1
7.030313029E1,9.349500537E-1,2.358000040E0,-8.670000434E-1
7.030557367E1,1.567050099E0,8.895000458E0,-1.939950109E0
7.030801713E1,1.038000107E0,4.318950176E0,2.752050161E0
7.031046052E1,3.367950201E0,4.669500291E-1,1.459050059E0
7.031290390E1,3.760950089E0,1.930050135E0,4.650000334E-1
7.031534751E1,3.366000175E0,7.999050617E0,-9.336000443E0
7.031779090E1,1.637100029E1,6.757050514E0,-1.168500042E1
7.032023428E1,1.624695015E1,4.141950130E0,-1.332705021E1
7.032267767E1,1.100100040E1,5.764950275E0,-1.473300076E1
7.032512111E1,3.973950148E0,8.703000069E0,-6.814950466E0
7.032756450E1,1.347000122E0,9.121950150E0,1.215000033E0
7.033000788E1,2.535000086E0,1.259595013E1,2.187000036E0
7.033245150E1,4.536000252E0,1.476300049E1,7.530000210E-1
7.033489489E1,2.932050228E0,8.164050102E0,-4.951950073E0
7.033733833E1,2.176050186E0,4.153950214E0,-1.714950085E0
7.033978172E1,4.584000111E0,1.139205074E1,-3.442950249E0
7.034222510E1,6.555000305E0,1.422900105E1,-5.104950428E0
7.034466871E1,2.607000113E0,8.995050430E0,-3.127050161E0
7.034711210E1,2.559000015E0,9.025950432E0,1.305000018E-2
7.034955550E1,3.247950077E0,1.223205090E1,3.243000269E0
7.035199888E1,3.859050274E0,1.366395092E1,-1.525950074E0
7.035444235E1,3.385050058E0,8.866050720E0,-3.640500307E-1
7.035688573E1,2.841000080E0,4.972950459E0,-2.115000010E0
7.035932912E1,3.729000092E0,9.405000687E0,3.169500232E-1
7.036177273E1,4.189050198E0,1.495695114E1,1.453950047E0
7.036421612E1,2.494050026E0,1.161705017E1,-2.020500153E-1
7.036665950E1,2.281050205E0,7.959000587E0,-2.350500077E-1
7.036910296E1,2.203950167E0,1.247400093E1,6.640500426E-1
7.037154633E1,4.093050003E0,1.878495026E1,9.610500336E-1
7.037398971E1,1.852050066E0,1.721205139E1,-3.790500164E-1
7.037643333E1,-3.499950171E0,1.698495102E1,3.460500240E-1
7.037887671E1,-5.422950268E0,1.668795013E1,4.530000091E-1
7.038132010E1,-5.011050224E0,1.472505093E1,3.150000274E-1
7.038376350E1,-6.498000145E0,1.844505119E1,8.389500380E-1
7.038620696E1,-3.988950253E0,1.210995102E1,2.950500250E-1
7.038865035E1,-4.870050430E0,1.334295082E1,4.410000145E-1
7.039109396E1,-5.638050079E0,1.454295063E1,6.690000296E-1
7.039353735E1,-4.735949993E0,1.164300060E1,4.129500091E-1
7.039598073E1,-3.727950096E0,6.690000534E0,-1.156500053E1
7.039842419E1,-1.108050108E0,4.482000351E0,-2.931000233E0
7.040086758E1,-5.169000149E0,1.150395012E1,1.168950081E0
7.040331096E1,-2.842050076E0,5.920950413E0,8.340000510E-1
7.040575435E1,-1.669050097E0,2.710050106E0,5.250000358E-1
7.040819795E1,-1.242000103E0,2.473050117E0,2.833050251E0
7.041064134E1,-1.888950109E0,9.771000862E0,2.911500168E1
7.041308480E1,-9.550500512E-1,4.996950150E0,1.022700024E1
7.041552818E1,1.600500047E-1,6.940950394E0,-1.093500042E1
7.041797157E1,1.025400066E1,1.418805027E1,3.289500177E-1
7.042041518E1,1.432905102E1,2.594700050E1,1.775505066E1
7.042285856E1,6.753000259E0,9.876000404E0,1.492950082E0
7.042530195E1,2.953950167E0,2.334000111E0,1.846950054E0
7.042774541E1,6.811050415E0,1.894050121E0,6.599999964E-2
7.043018879E1,4.408950329E0,1.411395073E1,1.918950081E0
7.043263217E1,4.717950344E0,1.714995003E1,3.714000225E0
7.043507555E1,2.592000008E0,7.992000580E0,1.414050102E0
7.043751917E1,1.785000086E0,2.830050230E0,-1.096950054E0
7.043996255E1,2.113049984E0,9.421050072E0,-5.203050137E0
7.044240594E1,4.258950233E0,1.531395054E1,3.832050085E0
7.044484940E1,1.591050029E0,5.689050198E0,3.688050270E0
7.044729278E1,5.815050125E0,-2.100000083E-1,7.971000195E0
7.044973617E1,2.673900032E1,-2.191950083E0,-1.163205051E1
7.045217978E1,2.737500191E1,-9.139500260E-1,-5.534700394E1
7.045462317E1,1.291605091E1,3.930000067E-1,-4.916700363E1
7.045706655E1,4.085999966E0,2.029500157E-1,-3.061395073E1
7.045951001E1,3.994950294E0,1.684950113E0,-1.335105038E1
7.046195340E1,1.242000103E0,2.442000151E0,-5.734950066E0
7.046439678E1,1.018950105E0,2.935050249E0,5.944050312E0
7.046684038E1,4.761000156E0,1.858200073E1,1.296600056E1
7.046928376E1,2.070000172E0,1.040295029E1,2.890950203E0
7.047172715E1,2.595000155E-2,3.982050180E0,3.987000227E0
7.047417061E1,2.257050037E0,6.297000408E0,8.014950752E0
7.047661400E1,4.357050419E0,7.291050434E0,2.365950108E0
7.047905738E1,3.406050205E0,9.946050644E0,1.741950035E0
7.048150099E1,3.085050106E0,1.543095112E1,-3.496050119E0
7.048394438E1,8.638050079E0,1.458600044E1,4.471050262E0
7.048638784E1,7.989000320E0,6.799950123E0,-7.198050499E0
7.048883115E1,5.989950180E0,6.499950409E0,-5.458950043E0
7.049127461E1,8.676000595E0,1.585005093E1,-1.284600067E1
7.049371823E1,8.530050278E0,1.338900089E1,-1.326195049E1
7.049616162E1,2.275950193E0,6.286950111E0,-5.557950497E0
7.049860500E1,3.186000109E0,5.650050163E0,-1.317000031E0
7.050104846E1,5.547000408E0,1.643700027E1,1.270050049E0
7.050349185E1,5.863050461E0,1.560105038E1,-4.819500148E-1
7.050593524E1,2.290950060E0,6.271050453E0,-2.377950191E0
7.050837862E1,1.479000092E0,6.735000134E0,-1.236000061E0
7.051082223E1,3.205050230E0,1.461900043E1,1.642950058E0
7.051326562E1,4.716000080E0,1.277100086E1,2.568000078E0
7.051570900E1,2.338050127E0,4.249950409E0,2.401950121E0
7.051815246E1,1.114950061E0,1.450950027E0,1.543050051E0
7.052059585E1,1.969950080E0,7.831950188E0,2.190000117E-1
7.052303924E1,4.066950321E0,1.517700100E1,5.536950111E0
7.052548262E1,2.209050179E0,7.858050346E0,3.442050219E0
7.052792623E1,2.719500065E-1,1.623000026E0,-6.570000052E-1
7.053036962E1,4.920000136E-1,5.040000439E0,-1.837050080E0
7.053281308E1,4.089000225E0,1.367100048E1,3.409950256E0
7.053525647E1,4.813950062E0,1.176105022E1,3.133050203E0
7.053769985E1,9.330000281E-1,2.089950085E0,-1.140000105E0
7.054014345E1,-7.759500146E-1,3.550950050E0,-2.566950083E0
7.054258684E1,-6.000000238E-2,1.343205070E1,-8.136000633E0
7.054503022E1,3.753000259E0,1.958295059E1,9.510000348E-1
7.054747368E1,3.150000274E-1,1.883805084E1,1.986000061E0
7.054991707E1,-4.611000061E0,1.647705078E1,1.351050019E0
7.055236045E1,-8.145000458E0,2.218095016E1,3.202050209E0
7.055480406E1,-5.884950161E0,1.480905056E1,2.862000227E0
7.055724745E1,-5.314950466E0,1.536195087E1,2.328000069E0
7.055969091E1,-5.698050499E0,1.515795040E1,1.102050066E0
7.056213422E1,-5.692950249E0,1.221795082E1,9.390000701E-1
7.056457770E1,-6.618000507E0,1.711395073E1,1.282050014E0
7.056702108E1,-4.635000229E0,1.215600014E1,1.203000069E0
7.056946470E1,-3.634050131E0,1.089195061E1,3.409500122E-1
7.057190808E1,-5.719500184E-1,1.830405045E1,2.568000078E0
7.057435147E1,3.451950073E0,1.890000153E1,2.541000128E0
7.057679491E1,2.628000021E0,9.400050163E0,1.876050115E0
7.057923829E1,8.989500403E-1,2.298000097E0,-2.943000078E0
7.058168168E1,1.951050043E0,6.915000439E0,-4.150500298E-1
7.058412506E1,4.041000366E0,1.553895092E1,3.889050245E0
7.058656868E1,3.049950123E0,9.069000244E0,3.121050119E0
7.058901207E1,1.669500023E-1,1.068000078E0,-1.819500029E-1
7.059145545E1,3.150000274E-1,3.961950302E0,3.270000219E-1
7.059389891E1,1.852050066E0,1.754295158E1,7.279950142E0
7.059634230E1,4.624950409E0,1.544295120E1,4.900050163E0
7.059878568E1,5.209500194E-1,3.225000143E0,5.160000324E-1
7.060122930E1,5.227950096E0,3.558000088E0,4.809000015E0
7.060367268E1,3.178605080E1,1.041495037E1,-3.817050219E0
7.060611607E1,2.317605019E1,2.337000132E0,-3.236595154E1
7.060855953E1,2.433705139E1,-5.899500251E-1,-4.291605377E1
7.061100291E1,1.031895065E1,1.245000005E0,-4.283205032E1
7.061344653E1,6.718050480E0,7.093950272E0,-1.738800049E1
7.061588992E1,1.636950135E0,4.606950283E0,-4.305000305E0
7.061833330E1,1.411950111E0,1.281000018E0,4.804050446E0
7.062077669E1,5.851050377E0,1.492305088E1,4.284000397E0
7.062322015E1,5.353050232E0,1.556505108E1,3.583050251E0
7.062566354E1,1.402050018E0,5.806050301E0,1.689000130E0
7.062810693E1,6.550500393E-1,4.947000027E0,4.410000145E-1
7.063055054E1,2.941950083E0,1.065900040E1,3.340950251E0
7.063299393E1,5.293050289E0,1.246005058E1,3.834000111E0
7.063543731E1,7.102950573E0,5.581050396E0,4.789050102E0
7.063788076E1,6.090000153E0,8.209500313E-1,-7.590000153E0
7.064032414E1,3.897000074E0,2.650050163E0,2.829000235E0
7.064276776E1,6.588000298E0,7.872000217E0,4.816050053E0
7.064521114E1,6.346050262E0,8.171999931E0,1.561950088E0
7.064765453E1,1.599000096E0,6.505050182E0,-1.039905071E1
7.065009793E1,3.847050190E0,6.285000324E0,-1.576905060E1
7.065254139E1,6.562050343E0,7.176000118E0,-2.046195030E1
7.065498477E1,5.748000145E0,6.820950508E0,-1.705994987E1
7.065742816E1,4.249500334E-1,3.397050142E0,-6.396000385E0
7.065987177E1,2.359950066E0,2.920950174E0,4.311000347E0
7.066231516E1,3.277050257E0,7.350000381E0,3.622950077E0
7.066475854E1,4.102950096E0,8.725049973E0,3.255000114E0
7.066720200E1,1.396950126E0,3.699000120E0,2.734950066E0
7.066964539E1,1.753950119E0,3.394950151E0,2.461950064E0
7.067208878E1,6.751050472E0,6.958050251E0,-9.730500579E-1
7.067453216E1,6.664950371E0,6.316050529E0,-2.179500163E-1
7.067697578E1,3.492000103E0,4.084949970E0,-1.588050127E0
7.067941916E1,1.036050081E0,4.393050194E0,-7.561950207E0
7.068186262E1,1.072050095E0,6.256050110E0,-5.965050220E0
7.068430602E1,2.077050209E0,1.004400063E1,-2.673000097E0
7.068674941E1,1.225050092E0,8.076000214E0,-2.197950125E0
7.068919279E1,8.400000334E-1,3.306000233E0,-1.063950062E0
7.069163641E1,1.038000107E0,4.453050137E0,9.705000371E-2
7.069407979E1,2.592000008E0,1.325205040E1,1.981050134E0
7.069652325E1,5.233050346E0,1.461195087E1,2.644050121E0
7.069896664E1,1.668000102E0,6.679950237E0,-2.400000095E0
7.070141002E1,1.453050017E0,8.860950470E0,-3.574950218E0
7.070385341E1,5.224050045E0,1.756395149E1,1.129050016E0
7.070629702E1,5.889000416E0,1.695900154E1,1.404000044E0
7.070874041E1,1.957950115E0,1.084395027E1,-2.938050032E0
7.071118379E1,1.090950012E0,1.167405033E1,-3.360000253E-1
7.071362725E1,1.891050100E0,1.400205040E1,-1.106999993E0
7.071607064E1,3.531000137E0,1.754804993E1,3.067950249E0
7.071851425E1,3.274950266E0,1.292700100E1,4.282050133E0
7.072095764E1,1.255950093E0,1.012305069E1,-2.890050173E0
7.072340102E1,1.018950105E0,1.120995045E1,-2.827950239E0
7.072584448E1,3.967050076E0,1.744905090E1,2.773950100E0
7.072828787E1,3.961950302E0,1.633095169E1,4.186050415E0
7.073073125E1,6.105000153E-2,6.052950382E0,9.079500437E-1
7.073317463E1,-1.044000030E0,2.835000038E0,-7.710000277E-1
7.073561825E1,-3.898050070E0,1.727205086E1,3.403050184E0
7.073806163E1,-1.599000096E0,1.505505085E1,6.943950176E0
7.074050502E1,-2.800500095E-1,8.209500313E-1,-1.230000034E-1
7.074294848E1,-8.140500188E-1,7.906050205E0,-1.501950026E0
7.074539186E1,2.134950161E0,1.902705002E1,2.638950109E0
7.074783525E1,2.877000093E0,1.567500114E1,2.488950014E0
7.075027886E1,1.599000096E0,1.144695091E1,2.251950026E0
7.075272225E1,1.584000111E0,1.282605076E1,-8.770500422E-1
7.075516563E1,2.527950048E0,1.630005074E1,1.833000064E0
7.075760902E1,3.277050257E0,1.650105095E1,4.557000160E0
7.076005248E1,3.913950205E0,9.970050812E0,3.894000292E0
7.076249587E1,1.888050079E0,4.201950073E0,-7.905000448E-2
7.076493948E1,2.322000027E0,7.659000397E0,-6.048000336E0
7.076738287E1,3.720000267E0,1.463400078E1,-1.168950081E0
7.076982627E1,8.230950356E0,8.989950180E0,4.063950062E0
7.077226973E1,5.283000469E0,3.052950144E0,-8.428050041E0
7.077471312E1,1.692000031E0,6.547950268E0,-1.046100044E1
7.077715650E1,6.006000519E0,1.432695103E1,-1.253205013E1
7.077960011E1,4.342050076E0,1.483695030E1,-8.862000465E0
7.078204350E1,2.278950214E0,3.973950148E0,-4.240950108E0
7.078448688E1,2.439000130E0,4.765050411E0,-6.520500183E-1
7.078693034E1,4.603050232E0,1.491195107E1,1.114050031E0
7.078937373E1,3.718050241E0,1.388205051E1,4.087950230E0
7.079181735E1,5.809500217E-1,3.376050234E0,1.098000050E0
7.079426051E1,-6.195000187E-2,-3.495000303E-2,1.090500057E-1
7.079670412E1,-1.120500043E-1,6.300000548E-1,1.950000077E-1
7.079914751E1,-1.033950090E0,1.450395107E1,8.364000320E0
7.080159096E1,1.327950120E0,1.425795078E1,9.511050224E0
7.080403433E1,5.640000105E-1,1.639950037E0,-2.185950041E0
7.080647772E1,5.688000202E0,3.322950125E0,-1.993050098E0
7.080892133E1,7.692000389E0,8.470950127E0,-1.416000080E1
7.081136472E1,3.624000072E0,4.603950024E0,-9.388050079E0
7.081380810E1,-3.280500174E-1,3.829500079E-1,-2.802000046E0
7.081625154E1,2.551050186E0,1.720950127E0,-1.333695030E1
7.081869493E1,1.227195072E1,3.211050034E0,-1.575495052E1
7.082113831E1,8.475000381E0,1.482000113E0,-1.839795113E1
7.082358170E1,2.341050148E0,3.880500197E-1,-1.493595028E1
7.082602531E1,3.319500089E-1,1.732950091E0,-9.229950905E0
7.082846870E1,1.663050056E0,2.665050030E0,-3.598950148E0
7.083091209E1,-8.100000024E-2,7.165950298E0,1.305000018E-2
7.083335555E1,3.060000241E-1,2.953950167E0,1.651050091E0
7.083579893E1,3.390000165E-1,5.248050213E0,1.785000086E0
7.083824255E1,2.106000185E0,1.260795021E1,4.126049995E0
7.084068592E1,7.354050159E0,1.291200066E1,5.077050209E0
7.084312930E1,5.082000256E0,7.567950249E0,-6.880500317E-1
7.084557276E1,3.052050114E0,5.275050163E0,-7.519500256E-1
7.084801615E1,5.449050426E0,1.206000042E1,-2.040000111E-1
7.085045953E1,8.358000755E0,1.510800076E1,-7.629000187E0
7.085290294E1,4.182000160E0,9.876000404E0,-7.501950264E0
7.085534655E1,1.692000031E0,8.269950867E0,-2.503050089E0
7.085778994E1,2.941950083E0,1.192305088E1,-5.176950455E0
7.086023332E1,6.163950443E0,1.407795048E1,-5.320950031E0
7.086267678E1,4.729950428E0,1.056600094E1,-3.454950094E0
7.086512017E1,2.403000116E0,8.530950546E0,-1.084950089E0
7.086756355E1,3.313050270E0,9.532050133E0,2.065050125E0
7.087000717E1,3.366000175E0,1.389405060E1,1.159950018E0
7.087245055E1,2.985000134E0,1.363800049E1,1.947000146E0
7.087489401E1,1.929000139E0,9.718050003E0,1.243950009E0
7.087733730E1,1.335000038E0,9.859950066E0,-4.510500133E-1
7.087978076E1,2.290950060E0,1.424805069E1,2.740500271E-1
7.088222415E1,4.041000366E0,1.490700054E1,4.420950413E0
7.088466776E1,3.552000284E0,9.805050850E0,5.230500102E-1
7.088711115E1,2.893950224E0,8.016000748E0,-3.619500101E-1
7.088955453E1,2.106000185E0,1.067400074E1,3.127950191E0
7.089199799E1,1.824000120E0,1.362795067E1,7.360500097E-1
7.089444138E1,1.278000116E0,1.499805069E1,8.700000644E-1
7.089688476E1,1.483950019E0,1.028595066E1,-6.570000052E-1
7.089932838E1,2.094000101E0,9.904950142E0,3.720000088E-1
7.090177177E1,3.163950205E0,1.575195122E1,-1.020000100E0
7.090421516E1,3.946950197E0,1.273305035E1,1.354050040E0
7.090665854E1,1.572000027E0,6.193950176E0,-1.959000111E0
7.090910200E1,-3.835050106E0,1.389900112E1,-3.019500077E-1
7.091154539E1,-3.301950216E0,8.950050354E0,2.282999992E0
7.091398900E1,-2.407950163E0,8.370000839E0,2.383050203E0
7.091643239E1,-2.824950218E0,8.308050156E0,1.063950062E0
7.091887577E1,-1.876950145E0,4.657050133E0,5.400000140E-2
7.092131923E1,-2.847000122E0,7.225950241E0,-8.895000070E-2
7.092376262E1,-3.007050037E0,6.607950211E0,-1.201950073E0
7.092620600E1,-1.153950095E0,2.506950140E0,-1.549950123E0
7.092864962E1,-1.041000009E0,2.722050190E0,-1.533000112E0
7.093109301E1,-3.949500322E-1,4.999500215E-1,-2.560050011E0
7.093353639E1,-2.440500110E-1,7.710000277E-1,-2.826000214E0
7.093597979E1,5.569500327E-1,-3.299999982E-2,8.479500413E-1
7.093842325E1,4.714050293E0,-1.189500093E-1,1.521000028E0
7.094086664E1,1.351950049E0,2.353049994E0,2.430000156E-1
7.094331002E1,7.129500508E-1,6.249000072E0,-8.107950211E0
7.094575363E1,6.844050407E0,7.177950382E0,-3.883950233E0
7.094819709E1,8.194950104E0,5.416050434E0,-4.258049965E0
7.095064040E1,4.399950027E0,8.977950096E0,-8.364000320E0
7.095308386E1,-1.876950145E0,1.209105015E1,-2.056950092E0
7.095552724E1,2.509500086E-1,9.583950043E0,1.627050042E0
7.095797086E1,2.917950153E0,1.100400066E1,-4.290000200E-1
7.096041400E1,3.708000183E0,1.075005054E1,-4.000950336E0
7.096285761E1,4.900050163E0,9.424050331E0,6.000000052E-3
7.096530107E1,4.749000072E0,1.265895081E1,-6.681000233E0
7.096774446E1,7.714050293E0,1.501695061E1,-6.532050133E0
7.097018784E1,1.005300045E1,1.136805058E1,-5.340000153E0
7.097263123E1,6.069000244E0,1.089405060E1,-6.889050484E0
7.097507484E1,3.507000208E0,1.297695065E1,-5.200500488E-1
7.097751823E1,3.540000200E0,1.834695053E1,-2.124000072E0
7.097996161E1,4.632000446E0,1.718805122E1,1.207950115E0
7.098240507E1,1.594050050E0,1.056405067E1,-1.648050070E0
7.098484844E1,1.515000105E0,8.788949966E0,-1.849500090E-1
7.098729206E1,6.447000504E0,1.162395096E1,-9.270000458E-1
7.098973544E1,6.775050163E0,1.345800018E1,-1.065300083E1
7.099217883E1,5.185050011E0,7.350000381E0,-1.048005009E1
7.099462229E1,1.636950135E0,6.807000160E0,-5.602950096E0
7.099706569E1,2.475000143E0,8.758049965E0,3.960000277E-1
7.099950907E1,4.065000057E0,1.170105076E1,2.545950174E0
7.100195269E1,2.542050123E0,8.002050400E0,4.099500179E-1
7.100439607E1,4.273050308E0,7.492050171E0,-4.099500179E-1
7.100683946E1,5.695050240E0,7.918050289E0,-1.729500145E-1
7.100928285E1,8.572950363E0,8.538000107E0,-6.589500308E-1
7.101172631E1,7.072050571E0,7.003050327E0,-8.329950333E0
7.101416969E1,1.171950102E0,6.478950500E0,-9.855000496E0
7.101661308E1,-2.340000123E-1,6.994050503E0,-2.299050093E0
7.101905669E1,1.441050053E0,8.926050186E0,2.545950174E0
7.102150009E1,3.931050301E0,1.237605095E1,2.122050047E0
7.102394347E1,1.069050074E0,8.794050217E0,1.318050027E0
7.102638693E1,1.033950090E0,9.687000275E0,-9.289500713E-1
7.102883032E1,6.162000179E0,1.290300083E1,-2.644050121E0
7.103127393E1,5.905950069E0,1.292205048E1,-6.259050369E0
7.103371709E1,3.640950203E0,1.234995079E1,-6.594000340E0
7.103616070E1,5.760000348E-1,9.556050301E0,-3.757050276E0
7.103860409E1,1.261050105E0,7.336050510E0,5.250000358E-1
7.104104755E1,2.125050068E0,1.205505085E1,2.232000113E0
7.104349092E1,2.652000189E0,1.387995052E1,3.571050167E0
7.104593430E1,1.563000083E0,9.997950554E0,1.392000079E0
7.104837791E1,1.018950105E0,9.532050133E0,-5.940000415E-1
7.105082130E1,1.764000058E0,1.264905071E1,2.671050072E0
7.105326468E1,2.203950167E0,1.258200073E1,2.152950048E0
7.105570814E1,2.544000149E0,1.011300087E1,7.140000463E-1
7.105815152E1,5.500500202E-1,9.440999985E0,-6.040950298E0
7.106059491E1,8.230500221E-1,8.964000702E0,-5.541000366E0
7.106303852E1,2.080049992E0,1.010595036E1,-5.887950420E0
7.106548191E1,4.021950245E0,1.047300053E1,-4.498950005E0
7.106792531E1,2.913000107E0,1.059000015E1,-3.325950146E0
7.107036877E1,1.891050100E0,9.946050644E0,1.336950064E0
7.107281216E1,1.633950114E0,1.063800049E1,2.017050028E0
7.107525554E1,2.239950180E0,1.255800056E1,2.065050125E0
7.107769915E1,1.903050065E0,1.109505081E1,9.250500202E-1
7.108014254E1,1.041000009E0,9.970050812E0,-8.400000632E-2
7.108258592E1,-1.429050088E0,1.061595058E1,-1.518000126E0
7.108502938E1,-3.421050072E0,1.132995033E1,1.159500033E-1
7.108747277E1,-3.424050093E0,1.164105034E1,9.510000348E-1
7.108991616E1,-5.050500035E-1,1.030500031E1,1.308000088E0
7.109235955E1,-9.619500637E-1,9.478950500E0,-3.396000147E0
7.109480316E1,1.122000098E0,9.691950798E0,9.000000358E-2
7.109724655E1,2.599050045E0,9.654000282E0,-1.866000056E0
7.109968993E1,3.342000246E0,8.071050644E0,-5.637000084E0
7.110213339E1,1.819050074E0,6.847950459E0,-4.966050148E0
7.110457678E1,3.390000165E-1,7.599000454E0,9.705000371E-2
7.110702017E1,5.449500084E-1,9.405000687E0,2.103000164E0
7.110946378E1,2.122950077E0,8.727000237E0,-8.170500398E-1
7.111190716E1,1.479000092E0,7.558950424E0,-3.091950178E0
7.111435062E1,1.951050043E0,7.378950119E0,-1.720050097E0
7.111679401E1,2.959050179E0,7.860000610E0,9.630000591E-1
7.111923739E1,5.085000038E0,8.566950798E0,-2.031000137E0
7.112168100E1,4.492950439E0,5.835000515E0,-4.669050217E0
7.112412439E1,3.619050264E0,5.473050117E0,-1.300950050E0
7.112656778E1,1.567050099E0,6.922050476E0,-9.390000701E-1
7.112901114E1,2.203950167E0,7.924950600E0,-1.230000034E-1
7.113145460E1,4.402050018E0,7.918050289E0,8.290500641E-1
7.113389799E1,3.646050215E0,8.320050240E0,4.129500091E-1
7.113634160E1,2.626050234E0,9.164999962E0,1.500000060E-2
7.113878499E1,3.993000269E0,1.110900021E1,5.419500470E-1
7.114122837E1,6.739050388E0,1.004595089E1,-5.538000107E0
7.114367176E1,6.801000118E0,7.678050518E0,-9.930000305E0
7.114611522E1,2.680950165E0,7.875000477E0,-8.464050293E0
7.114855860E1,7.030500174E-1,8.587950706E0,-1.035000086E0
7.115100222E1,2.860050201E0,1.102995014E1,2.386050224E0
7.115344560E1,4.651050091E0,1.149495029E1,6.760500073E-1
7.115588899E1,4.857000351E0,7.495950222E0,-3.235050201E0
7.115833237E1,5.683050156E0,6.643950462E0,-5.473950386E0
7.116077583E1,6.715050220E0,7.911000252E0,-7.585950375E0
7.116321922E1,6.435000420E0,8.041950226E0,-1.002300072E1
7.116566262E1,4.732950211E0,7.156050205E0,-1.042005062E1
7.116810624E1,1.918950081E0,6.022050381E0,-7.437000275E0
7.117054962E1,5.430000424E-1,6.040950298E0,-7.000500560E-1
7.117299301E1,1.339950085E0,8.433000565E0,3.537000179E0
7.117543640E1,1.218000054E0,9.655950546E0,2.434050083E0
7.117787986E1,7.699500322E-1,7.345950127E0,2.107950211E0
7.118032325E1,9.070500135E-1,6.678000450E0,2.071950197E0
7.118276664E1,1.299000025E0,8.569050789E0,1.507050037E0
7.118521025E1,2.029950142E0,1.030305004E1,1.284000039E0
7.118765363E1,2.698050022E0,1.093005085E1,1.108950019E0
7.119009709E1,3.282000065E0,9.502950668E0,7.339500189E-1
7.119254047E1,3.151950121E0,9.748950005E0,-1.501950026E0
7.119498386E1,3.045000076E0,1.148100090E1,-1.155000091E0
7.119742747E1,3.231000185E0,1.252905083E1,-3.139500022E-1
7.119987086E1,3.330000162E0,1.095600033E1,2.380500138E-1
7.120231424E1,2.427000046E0,6.979050159E0,-1.819950104E0
7.120475770E1,2.032050133E0,7.393050194E0,-1.291050076E0
7.120720109E1,2.767050028E0,1.108305073E1,-5.580000281E-1
7.120964446E1,3.250950098E0,1.179195023E1,-7.000500560E-1
7.121208784E1,5.470499992E-1,8.145000458E0,-2.469000101E0
7.121453146E1,-3.736950159E0,1.264200020E1,-4.800000042E-2
7.121697484E1,-1.984950066E0,5.497050285E0,8.410500288E-1
7.121941830E1,-2.494950056E0,5.611950397E0,9.990000725E-1
7.122186171E1,-1.384050012E0,3.241950035E0,3.649500310E-1
7.122430509E1,-1.339500099E-1,-7.800000161E-2,2.209500074E-1
7.122674870E1,-3.010500073E-1,3.300000131E-1,9.418050766E0
7.122919209E1,-4.045950413E0,6.463950157E0,7.950000286E0
7.123163549E1,-6.970500350E-1,1.105949998E0,5.279999971E-1
7.123407895E1,-1.630500108E-1,-1.309500039E-1,3.195000067E-2
7.123652234E1,-1.099500060E-1,-9.000000358E-2,6.760500073E-1
7.123896572E1,-1.950000064E-3,4.050000310E-1,3.565950155E0
7.124140934E1,5.914950371E0,-7.605000585E-2,4.035000324E0
7.124385272E1,4.726050377E0,2.704950094E0,-2.596050024E0
7.124629611E1,1.473105049E1,8.305950165E0,-2.275800133E1
7.124873949E1,2.181405067E1,1.614000082E0,-2.728605080E1
7.125118295E1,1.538505077E1,-2.452950001E0,-2.343795204E1
7.125362634E1,1.345305061E1,5.605050087E0,-1.985895157E1
7.125606971E1,6.733950138E0,7.717050552E0,-1.618605042E1
7.125851332E1,1.969950080E0,8.095050812E0,-1.055895042E1
7.126095671E1,-6.820500493E-1,4.336050034E0,-3.241950035E0
7.126340017E1,-1.672950029E0,1.149000072E1,-9.889500737E-1
7.126584348E1,-2.179500163E-1,4.207995224E1,1.351905060E1
7.126828693E1,5.209500194E-1,6.325950146E0,1.381950021E0
7.127073055E1,2.805000171E-2,1.699950099E0,1.350000054E-1
7.127317393E1,1.366050124E0,1.910895157E1,2.790000141E-1
7.127561732E1,7.366050243E0,2.556105042E1,7.384950161E0
7.127806070E1,6.220050335E0,1.450395107E1,-5.509500504E-1
7.128050415E1,4.189050198E0,1.265400028E1,-1.356000066E0
7.128294753E1,6.373050213E0,1.923300171E1,1.469999999E-1
7.128539092E1,5.836050510E0,2.157705116E1,1.939950109E0
7.128783453E1,3.157050133E0,1.839300156E1,1.330500096E-1
7.129027792E1,2.515950203E0,1.256805038E1,1.144950032E0
7.129272138E1,1.620000124E0,8.715000153E0,-8.910000324E-1
7.129516469E1,3.028050184E0,1.289100075E1,1.444950104E0
7.129760815E1,4.488000393E0,1.718805122E1,1.075950027E0
7.130005176E1,3.552000284E0,1.394400024E1,4.510500133E-1
7.130249515E1,2.382000208E0,9.381000519E0,-7.669500113E-1
7.130493853E1,-1.150500029E-1,1.632900047E1,8.700000495E-2
7.130738192E1,-4.149000168E0,1.597905064E1,1.059000015E0
7.130982538E1,-1.192050099E0,2.557050228E0,2.929500043E-1
7.131226876E1,-3.949950218E0,7.075050354E0,3.619500101E-1
7.131471215E1,-2.866050243E0,7.759950161E0,5.800500512E-1
7.131715577E1,-3.337050200E0,9.838050842E0,-4.600500166E-1
7.131959915E1,-4.221000195E0,1.469100094E1,-2.200950146E0
7.132204254E1,-4.197000027E0,1.366200066E1,-1.249500066E-1
7.132448592E1,-5.638050079E0,1.562295055E1,1.210050106E0
7.132692938E1,-4.645050049E0,1.325895023E1,1.782000065E0
7.132937277E1,-9.000000358E-1,9.445050240E0,-2.899500132E-1
7.133181615E1,3.061050177E0,9.607950211E0,3.667050123E0
7.133425977E1,8.937000275E0,1.304400063E1,9.693000793E0
7.133670323E1,5.017950058E0,7.563000202E0,4.663050175E0
7.133914654E1,2.748000145E0,1.851000071E0,3.865050077E0
7.134158998E1,2.791050196E0,2.392050028E0,4.780050278E0
7.134403337E1,2.653950214E0,2.764950037E0,3.918000221E0
7.134647698E1,4.669950008E0,3.151050091E0,8.890500665E-1
7.134892014E1,4.881000042E0,8.800950050E0,9.510000348E-1
7.135136373E1,3.550050259E0,7.321950436E0,5.704050064E0
7.135380720E1,1.516005039E1,4.563000202E0,-3.718950272E0
7.135625058E1,1.314405060E1,8.689500690E-1,-1.386600113E1
7.135869397E1,7.237050533E0,8.500500321E-1,-3.871950150E0
7.136113735E1,5.080050468E0,1.252005100E1,-1.445505047E1
7.136358095E1,6.066000462E0,2.935050249E0,-1.756005096E1
7.136602434E1,1.141995049E1,1.534950018E0,-2.334495163E1
7.136846780E1,5.692950249E0,8.133000374E0,-1.780695152E1
7.137091118E1,2.700000107E-1,7.429050446E0,-8.835000038E0
7.137335457E1,6.840000153E-1,6.826050282E0,4.699500203E-1
7.137579818E1,2.128050089E0,1.209795094E1,4.189050198E0
7.137824156E1,4.843050003E0,1.451205063E1,5.017050266E0
7.138068495E1,2.985000134E0,9.325950623E0,3.147000074E0
7.138312841E1,1.396950126E0,6.204000473E0,1.167000055E0
7.138557179E1,9.430500269E-1,9.634950638E0,-1.356000066E0
7.138801518E1,2.287950039E0,1.384395027E1,-2.857050180E0
7.139045856E1,4.081050396E0,1.449705029E1,1.963950038E0
7.139290218E1,3.853950262E0,1.176105022E1,1.782000065E0
7.139534556E1,2.002950191E0,1.006800079E1,-2.761050224E0
7.139778895E1,1.074000001E0,1.208895016E1,-1.336050034E0
7.140023241E1,1.978950143E0,1.350405025E1,-5.820000172E-1
7.140267579E1,2.413050175E0,1.322400093E1,1.762950063E0
7.140511918E1,1.668000102E0,9.271050453E0,-3.562950134E0
7.140756279E1,1.002000093E0,1.076895046E1,-6.666000366E0
7.141000618E1,2.803050041E0,1.268205070E1,-4.669050217E0
7.141244954E1,5.377050400E0,1.294605064E1,-4.288949966E0
7.141489300E1,4.237050056E0,1.391100025E1,-2.983950138E0
7.141733639E1,2.287950039E0,1.096800041E1,1.227000117E0
7.141977978E1,1.576950073E0,1.143705082E1,1.920000017E-1
7.142222316E1,4.150950432E0,1.590300083E1,1.618950129E0
7.142466676E1,4.243950367E0,1.498800087E1,1.167000055E0
7.142711014E1,3.528000116E0,1.259895039E1,1.021050096E0
7.142955361E1,3.748950243E0,1.277295017E1,-1.392000079E0
7.143199699E1,4.479000092E0,1.404000092E1,2.980500162E-1
7.143444038E1,5.515950203E0,1.387995052E1,-3.123000145E0
7.143688399E1,3.631050110E0,1.340805054E1,-3.058050156E0
7.143932738E1,1.708950043E0,1.309905052E1,-2.064000130E0
7.144177084E1,1.254000068E0,1.186605072E1,3.859500289E-1
7.144421414E1,1.467000127E0,1.143495083E1,-9.390000701E-1
7.144665760E1,1.855050087E0,1.234995079E1,-1.674000025E0
7.144910099E1,2.020050049E0,1.248405075E1,1.279050112E0
7.145154461E1,2.101050138E0,1.031205082E1,-2.419500053E-1
7.145398799E1,1.807050109E0,7.756950378E0,1.765950084E0
7.145643138E1,1.909950137E0,7.420050144E0,5.400000140E-2
7.145887484E1,3.616950274E0,8.515950203E0,-2.539499998E-1
7.146131822E1,4.330049992E0,8.583000183E0,-9.270000458E-1
7.146376161E1,2.239950180E0,6.057000160E0,-2.268000126E0
7.146620522E1,1.120050073E0,5.314950466E0,-5.805000290E-2
7.146864861E1,1.582050085E0,7.132050514E0,7.380000353E-1
7.147109201E1,3.289050102E0,8.662050247E0,-1.353000045E0
7.147353540E1,3.691050291E0,6.229950428E0,-2.313000202E0
7.147597886E1,1.744950056E0,4.147050381E0,-2.722950220E0
7.147842224E1,1.038000107E0,3.862050295E0,-2.047950029E0
7.148086563E1,3.151950121E0,5.193000317E0,-2.845050097E0
7.148330925E1,6.150000095E0,5.421000481E0,-5.232000351E0
7.148575264E1,4.651050091E0,4.458000183E0,-8.127000809E0
7.148819603E1,1.660950065E0,3.643950224E0,-5.863950253E0
7.149063948E1,-3.810000122E-1,3.322950125E0,-2.239050150E0
7.149308287E1,5.470499992E-1,4.314000130E0,1.305000018E-2
7.149552626E1,2.202000141E0,7.369950294E0,2.155950069E0
7.149796987E1,1.711050034E0,5.665050507E0,1.801050067E0
7.150041326E1,7.990500331E-1,1.723950028E0,9.300000668E-1
7.150285664E1,1.972050071E0,6.319500208E-1,5.160000324E-1
7.150530010E1,3.873000145E0,3.354000092E0,-5.851950169E0
7.150774351E1,3.649950266E0,-4.519500136E-1,-5.014050007E0
7.151018689E1,2.911050081E0,3.690000057E0,-3.472050190E0
7.151263050E1,2.455950022E0,2.989950180E0,-3.514950275E0
7.151507389E1,-1.080000028E-1,1.894050121E0,-1.372050047E0
7.151751728E1,1.632000089E0,6.334950447E0,1.260000110E0
7.151996074E1,4.567049980E0,1.257195091E1,3.328950167E0
7.152240412E1,2.812050104E0,7.602000237E0,-1.641000032E0
7.152484774E1,1.605000161E-2,5.289000034E0,-1.686000109E0
7.152729089E1,1.038000107E0,1.204305077E1,-6.949500442E-1
7.152973450E1,4.516950130E0,1.758795166E1,8.010000587E-1
7.153217798E1,3.993000269E0,1.551495075E1,1.354050040E0
7.153462137E1,2.281050205E0,1.551195049E1,-5.560500026E-1
7.153706475E1,1.972050071E0,1.660695076E1,-4.462950230E0
7.153950814E1,1.765950084E0,1.687695122E1,-1.474950075E0
7.154195175E1,2.065050125E0,1.772205162E1,1.876050115E0
7.154439515E1,1.072050095E0,1.740195084E1,-2.929500043E-1
7.154683854E1,-1.779000044E0,1.676205063E1,9.589500427E-1
7.154928200E1,-5.680950165E0,1.604895020E1,2.584050179E0
7.155172538E1,-5.200050354E0,1.161900043E1,1.879500151E-1
7.155416877E1,-5.155050278E0,1.338405037E1,-6.000000238E-2
7.155661216E1,-4.591950417E0,1.277805042E1,9.250500202E-1
7.155905578E1,-3.036000252E0,7.057950497E0,3.649500310E-1
7.156149916E1,-1.555950046E0,7.470000267E0,-5.316000462E0
7.156394255E1,4.350000322E-1,2.260050058E0,-6.900000572E-1
7.156638601E1,3.238950253E0,4.018050194E0,1.461105061E1
7.156882940E1,6.844050407E0,1.125795078E1,6.094050407E0
7.157127278E1,4.273050308E0,5.626050472E0,2.995950222E0
7.157371639E1,1.488000035E0,1.812000036E0,6.528000355E0
7.157615978E1,2.046000004E0,2.941950083E0,6.681000233E0
7.157860324E1,6.000000238E-1,5.869500041E-1,4.099950314E0
7.158104661E1,4.500000179E-2,-2.959500253E-1,4.320000112E-1
7.158349000E1,1.909500062E-1,-1.090500057E-1,2.544000149E0
7.158593361E1,1.599300098E1,-1.114950061E0,6.334050179E0
7.158837700E1,2.802000046E1,4.437000275E0,-2.774295044E1
7.159082038E1,3.597600174E1,-2.583000183E0,-5.157600403E1
7.159326376E1,2.734695053E1,-6.162000179E0,-5.118105316E1
7.159570722E1,1.078305054E1,-2.319000006E0,-3.645600128E1
7.159815061E1,-1.055999994E0,2.947050095E0,-1.605195045E1
7.160059400E1,-7.905000448E-2,3.520500064E-1,2.449500114E-1
7.160303761E1,7.354050159E0,2.341095161E1,1.351905060E1
7.160548098E1,1.135995007E1,3.109500122E1,4.564050198E0
7.160792444E1,2.259000063E0,4.966050148E0,2.143949986E0
7.161036783E1,2.670000196E-1,2.598000050E0,3.649950266E0
7.161281121E1,2.428950071E0,1.852905083E1,-3.481950283E0
7.161525460E1,7.204050541E0,2.212605095E1,7.476000309E0
7.161769822E1,3.412950277E0,1.247700024E1,2.656050205E0
7.162014160E1,1.812000036E0,6.442950249E0,-4.699500203E-1
7.162258499E1,2.110949993E0,7.996950150E0,4.270500243E-1
7.162502845E1,3.889950275E0,1.213695049E1,4.279950142E0
7.162747183E1,4.306950092E0,1.397100067E1,2.149049997E0
7.162991523E1,2.793000221E0,9.406949997E0,2.605950117E0
7.163235884E1,1.096050024E0,6.273000240E0,-6.709500551E-1
7.163480223E1,2.263950109E0,9.976950645E0,8.389500380E-1
7.163724562E1,7.890000343E-1,1.985595131E1,2.553000212E0
7.163968900E1,-3.586050272E0,1.482105064E1,2.140500098E-1
7.164213246E1,-2.245950222E0,6.294000149E0,1.729500145E-1
7.164457585E1,-3.289950132E0,8.242950439E0,3.240000010E-1
7.164701946E1,-4.044000149E0,1.117605019E1,6.520500183E-1
7.164946285E1,-3.199050188E0,1.002195072E1,4.099500179E-1
7.165190623E1,-4.032000065E0,1.245300102E1,6.019500494E-1
7.165434969E1,-4.005000114E0,1.252005100E1,4.560000300E-1
7.165679308E1,-5.113950253E0,1.515795040E1,5.350500345E-1
7.165923646E1,-4.896000385E0,1.347705078E1,4.729500115E-1
7.166168008E1,-4.702050209E0,1.285200024E1,3.340500295E-1
7.166412345E1,-5.704950333E0,1.535400105E1,5.520000458E-1
7.166656683E1,-4.872000217E0,1.214895058E1,4.579500258E-1
7.166901029E1,-4.033950329E0,1.296000099E1,-3.135000229E0
7.167145368E1,-8.790000677E-1,1.198605061E1,-8.646000862E0
7.167389706E1,-2.061000109E0,1.173195076E1,-1.540050030E0
7.167634043E1,-5.938050270E0,1.606800079E1,1.224000096E0
7.167878405E1,-4.278000355E0,1.130295086E1,9.229500294E-1
7.168122743E1,-4.036950111E0,1.080105019E1,6.640500426E-1
7.168367089E1,-3.577050209E0,9.192000389E0,8.410500288E-1
7.168611428E1,-1.288050056E0,1.440405083E1,3.963000298E0
7.168855770E1,5.041950226E0,1.968600082E1,9.693000793E0
7.169100131E1,4.551000118E0,1.108305073E1,2.062050104E0
7.169344447E1,2.614050150E0,5.677050114E0,3.934950113E0
7.169588808E1,6.322050095E0,3.811950207E0,6.999000549E0
7.169833154E1,2.618805122E1,4.779000282E0,1.741950035E0
7.170077492E1,2.128200150E1,3.595950127E0,1.891604996E1
7.170321831E1,3.100050211E0,7.374000549E0,9.060000181E-1
7.170566169E1,3.258000135E0,8.764950752E0,-3.661050081E0
7.170810531E1,2.213999987E0,9.883950233E0,5.536950111E0
7.171054869E1,2.772000074E0,7.780950546E0,4.416000366E0
7.171299209E1,1.813950062E0,7.519950390E0,-4.960500300E-1
7.171543555E1,2.247000217E0,7.000950336E0,2.677950144E0
7.171787894E1,2.749950171E0,6.346950531E0,6.400500536E-1
7.172032255E1,4.168050289E0,6.802050114E0,1.258050084E0
7.172276594E1,4.780950069E0,8.550000191E0,1.855950117E0
7.172520932E1,5.197050095E0,9.466950417E0,2.709000111E0
7.172765278E1,4.005000114E0,8.275050163E0,2.104950190E0
7.173009617E1,1.966950059E0,7.483950138E0,1.074000001E0
7.173253955E1,1.443000078E0,7.219050407E0,8.719500303E-1
7.173498294E1,1.388805103E1,7.389000416E0,4.648050308E0
7.173742654E1,3.599295044E1,1.195050001E0,-1.731599998E1
7.173986992E1,1.043100071E1,5.322000027E0,-3.220605087E1
7.174231331E1,6.820950508E0,1.942050099E0,-4.667700195E1
7.174475677E1,8.179950714E0,2.200500071E-1,-3.790904999E1
7.174720016E1,3.523950100E0,2.313000202E0,-2.189895058E1
7.174964353E1,1.287000060E0,2.236050129E0,-9.436050415E0
7.175208714E1,1.498050094E0,3.031050205E0,6.859500408E-1
7.175453053E1,6.933000565E0,2.353095055E1,1.155300045E1
7.175697398E1,5.572950363E0,1.617794991E1,1.348950028E0
7.175941730E1,5.140500069E-1,4.317000389E0,-1.450950027E0
7.176186076E1,1.909950137E0,1.046805096E1,2.404950142E0
7.176430414E1,5.274000168E0,1.813199997E1,4.902000427E0
7.176674753E1,3.339000225E0,1.061400032E1,1.114050031E0
7.176919114E1,1.018950105E0,6.651000500E0,-1.309950113E0
7.177163454E1,3.910950184E0,1.196895027E1,1.456950068E0
7.177407800E1,5.410050392E0,1.657095146E1,4.485000134E0
7.177652139E1,3.658050060E0,1.205295086E1,-3.520500064E-1
7.177896477E1,2.073000193E0,1.043895054E1,-2.059950113E0
7.178140838E1,3.676950216E0,1.097100067E1,1.381950021E0
7.178385177E1,3.610050201E0,1.009395027E1,-2.539499998E-1
7.178629516E1,3.267000198E0,9.382950783E0,-3.859500289E-1
7.178873854E1,3.226950169E0,9.579000473E0,6.310500503E-1
7.179118200E1,2.788950205E0,7.626000404E0,7.650000453E-1
7.179362539E1,2.062950134E0,6.055050373E0,-9.510000348E-1
7.179606901E1,2.392950058E0,7.032000542E0,-6.250500083E-1
7.179851240E1,2.767050028E0,8.430000305E0,1.429950118E0
7.180095578E1,2.365050077E0,7.345950127E0,1.677000046E0
7.180339924E1,1.351950049E0,5.176050186E0,0.000000000E0
7.180584263E1,1.060050011E0,4.582950115E0,1.320000052E0
7.180828601E1,1.696950078E0,6.213000298E0,8.680500388E-1
7.181072962E1,1.780950069E0,7.449000359E0,1.416000009E0
7.181317301E1,-1.740000129E0,1.468200111E1,3.691050291E0
7.181561639E1,-4.780950069E0,1.281900024E1,9.010500312E-1
7.181805978E1,-2.939999998E-1,2.314950228E0,-2.830500007E-1
7.182050321E1,-2.679000139E0,8.329950333E0,-2.179500163E-1
7.182294659E1,-3.577050209E0,1.113795090E1,2.280000150E-1
7.182539021E1,-2.799000025E0,9.211050034E0,3.100500107E-1
7.182783359E1,-3.642000198E0,1.062600040E1,-6.000000238E-2
7.183027698E1,-2.770050049E0,7.626000404E0,3.580500185E-1
7.183272036E1,-3.816000223E0,1.035300064E1,2.520000041E-1
7.183516382E1,-3.916950226E0,9.472050667E0,4.390500188E-1
7.183760721E1,-4.798050404E0,1.064700031E1,5.299500227E-1
7.184005082E1,-4.075050354E0,8.667000771E0,5.989500284E-1
7.184249398E1,-2.715000153E0,4.918050289E0,5.160000324E-1
7.184493759E1,-2.361000061E0,4.140000343E0,5.230500102E-1
7.184738098E1,-2.808000088E0,4.470000267E0,6.190500259E-1
7.184982444E1,-2.386950016E0,4.039050102E0,3.769500256E-1
7.185226782E1,-4.189500213E-1,5.590950489E0,-7.492050171E0
7.185471121E1,-7.605000585E-2,1.969950080E0,-3.895950079E0
7.185715482E1,-1.480500102E-1,-1.090500057E-1,4.200000316E-2
7.185959820E1,-4.384050369E0,8.035050392E0,-1.180500090E-1
7.186204159E1,-8.385000229E0,1.656405067E1,2.929500043E-1
7.186448505E1,-2.772000074E0,4.707000256E0,4.030500054E-1
7.186692843E1,2.595000155E-2,2.100000143E0,7.005000114E-2
7.186937205E1,5.899050236E0,2.968395233E1,1.685400009E1
7.187181520E1,4.054950237E0,2.568105125E1,2.248605156E1
7.187425882E1,1.480950117E0,4.348050117E0,4.009050369E0
7.187670228E1,2.748000145E0,2.409000158E0,-3.120000064E-1
7.187914566E1,3.615299988E1,7.189950466E0,-9.561000824E0
7.188158902E1,1.553295040E1,9.697050095E0,-2.028495026E1
7.188403240E1,8.262000084E0,1.611795044E1,-3.503100204E1
7.188647601E1,4.095600128E1,6.888000488E0,-4.374600220E1
7.188891940E1,1.885395050E1,2.377050161E0,-4.118505096E1
7.189136277E1,3.957000256E0,3.778050184E0,-4.132950306E0
7.189380623E1,7.041000366E0,1.909395027E1,8.695050240E0
7.189624962E1,8.572950363E0,2.009505081E1,-4.641000271E0
7.189869300E1,1.705950022E0,5.032950401E0,-4.365000248E0
7.190113639E1,1.957950115E0,7.750050545E0,-2.316000223E0
7.190357999E1,6.523950100E0,1.895295143E1,-1.534950018E0
7.190602338E1,3.853950262E0,1.224195099E1,2.899950027E0
7.190846676E1,1.812000036E0,3.961950302E0,-5.179499984E-1
7.191091022E1,2.298000097E0,7.714050293E0,2.091000080E0
7.191335361E1,4.074000359E0,1.308195019E1,2.565000057E0
7.191579699E1,3.835050106E0,1.230195045E1,5.284950256E0
7.191824061E1,9.109500647E-1,5.197950363E0,7.789950371E0
7.192068399E1,-1.510500014E-1,1.975050092E0,4.513950348E0
7.192312745E1,-2.970000207E-1,7.099050522E0,-1.108950019E0
7.192557084E1,1.117050052E0,1.675500107E1,3.214050055E0
7.192801422E1,2.178000212E0,1.258200073E1,6.577950478E0
7.193045784E1,4.350000322E-1,5.305950165E0,5.590500236E-1
7.193290122E1,2.650500238E-1,8.131050110E0,-6.829500198E-1
7.193534461E1,7.650000453E-1,1.220400047E1,9.469500184E-1
7.193778799E1,-2.539499998E-1,9.595950127E0,3.340500295E-1
7.194023147E1,-9.379500151E-1,9.313950539E0,-1.080000028E-1
7.194267485E1,-1.222950101E0,1.066395092E1,-1.246050000E0
7.194511824E1,-4.480500221E-1,1.143300056E1,-4.150500298E-1
7.194756185E1,-3.829500079E-1,1.017300034E1,-5.700000525E-1
7.195000524E1,6.000000052E-3,7.300050259E0,-6.090000272E-1
7.195244870E1,-7.609500289E-1,9.358950615E0,6.139500141E-1
7.195489208E1,-1.029000044E0,8.940000534E0,1.569000125E0
7.195733547E1,-7.110000253E-1,7.009950161E0,-1.363050103E0
7.195977908E1,8.400000334E-1,5.935050488E0,-4.380000114E0
7.196222247E1,3.079500198E-1,6.879000187E0,9.180000424E-1
7.196466587E1,-8.280000687E-1,1.241895103E1,3.106050253E0
7.196710925E1,2.839500010E-1,1.092495060E1,6.087000370E0
7.196955271E1,7.609500289E-1,9.100950241E0,4.315050125E0
7.197199610E1,2.968050241E0,8.506950378E0,1.669950128E0
7.197443948E1,4.465050220E0,7.438950539E0,2.802000046E0
7.197688310E1,4.986000061E0,5.956950188E0,5.200950146E0
7.197932648E1,5.329050064E0,5.392050266E0,5.386050224E0
7.198176987E1,5.311950207E0,5.479950428E0,3.882000208E0
7.198421325E1,4.792950153E0,6.460050106E0,3.670950174E0
7.198665671E1,4.132050037E0,6.409050465E0,2.584050179E0
7.198910010E1,2.947050095E0,7.908000469E0,1.842000127E0
7.199154372E1,3.100050211E0,9.943050385E0,2.359050035E0
7.199398710E1,2.377050161E0,9.397050858E0,1.792050123E0
7.199643056E1,1.563000083E0,7.899000168E0,2.626950026E0
7.199887387E1,1.459950089E0,8.308050156E0,2.302050114E0
7.200131734E1,1.740000129E0,8.835000038E0,2.581950188E0
7.200376073E1,2.664000034E0,1.002000046E1,3.195000172E0
7.200620434E1,2.793000221E0,1.099905014E1,3.228000164E0
7.200864773E1,3.160050154E0,1.122405052E1,3.070050240E0
7.201109114E1,2.592000008E0,1.049895096E1,2.307000160E0
7.201353460E1,2.989950180E0,1.058505058E1,1.495050073E0
7.201597799E1,1.858395004E1,1.061895084E1,5.778000355E0
7.201842137E1,1.420395088E1,6.496050358E0,-1.440000057E1
7.202086476E1,5.182950020E0,1.171500015E1,-2.286105156E1
7.202330837E1,1.509495068E1,8.101950645E0,-6.003195190E1
7.202575176E1,7.291950226E0,8.512050629E0,-4.696395111E1
7.202819522E1,2.467950106E0,7.609050274E0,-2.101995087E1
7.203063861E1,5.431950092E0,1.381695080E1,-5.026050091E0
7.203308199E1,6.664950371E0,2.057205009E1,7.189050198E0
7.203552560E1,4.243950367E0,1.433505058E1,1.512000084E0
7.203796899E1,2.803050041E0,1.055595016E1,-1.216950059E0
7.204041238E1,4.330049992E0,1.467900085E1,3.412950277E0
7.204285584E1,4.749000072E0,1.461900043E1,2.713950157E0
7.204529922E1,3.732000113E0,1.031700039E1,7.459500432E-1
7.204774261E1,2.176050186E0,1.011300087E1,6.040500402E-1
7.205018599E1,3.339000225E0,1.232100105E1,1.143000007E0
7.205262960E1,2.869950056E0,1.054200077E1,1.813050032E0
7.205507299E1,2.073000193E0,8.209950447E0,-9.270000458E-1
7.205751638E1,2.334000111E0,9.606000900E0,-1.200000048E0
7.205995984E1,2.383949995E0,1.238100052E1,-2.350500077E-1
7.206240322E1,-9.979500771E-1,1.537395096E1,-2.179500163E-1
7.206484661E1,-4.171050072E0,1.247205067E1,8.940000534E-1
7.206729022E1,-1.683000088E0,4.180050373E0,2.970000029E0
7.206973361E1,-3.663000107E0,9.799950600E0,4.311000347E0
7.207217699E1,-3.543000221E0,8.707950592E0,3.790950298E0
7.207462045E1,-4.117949963E0,9.397050858E0,1.081050038E0
7.207706384E1,-4.333050251E0,1.062795067E1,7.020000219E-1
7.207950745E1,-3.460050106E0,8.361000061E0,4.459500313E-1
7.208195084E1,-4.080000401E0,9.904950142E0,5.130000114E-1
7.208439422E1,-3.703950167E0,9.546000481E0,5.010000467E-1
7.208683761E1,-2.928000212E0,6.658050537E0,4.990500212E-1
7.208928107E1,-2.830050230E0,5.677050114E0,3.619500101E-1
7.209172445E1,-2.752950191E0,5.478000164E0,5.010000467E-1
7.209416784E1,-2.602050066E0,5.749050140E0,3.619500101E-1
7.209661145E1,-2.590050220E0,5.346000195E0,4.030500054E-1
7.209905484E1,-2.929950237E0,5.715000153E0,4.219500124E-1
7.210149830E1,-1.195050001E0,1.208100033E1,7.240500450E-1
7.210394161E1,2.215950012E0,1.839495087E1,1.785000086E0
7.210638507E1,1.089000106E0,7.012950420E0,2.850000143E0
7.210882848E1,1.330500096E-1,1.887000084E0,6.859500408E-1
7.211127210E1,9.160500169E-1,7.755000591E0,2.479050159E0
7.211371548E1,3.375000238E0,1.354200077E1,7.312950134E0
7.211615887E1,3.604950190E0,8.100000381E0,5.541000366E0
7.211860233E1,1.556400108E1,3.274950266E0,-6.853050232E0
7.212104571E1,1.758795166E1,5.221950054E0,-2.356500053E1
7.212348910E1,6.382050514E0,8.040000200E-1,-7.834950447E0
7.212593271E1,1.680000067E0,-1.147950053E0,3.649500310E-1
7.212837610E1,1.813395119E1,2.452050209E0,-1.654950023E0
7.213081948E1,4.501200104E1,-9.109500647E-1,-1.552500057E1
7.213326293E1,6.361050129E0,3.076950073E0,-2.749395180E1
7.213570631E1,3.255000114E0,6.364050388E0,5.107950211E0
7.213814970E1,3.736950159E0,1.168605042E1,7.705950260E0
7.214059308E1,3.082950115E0,8.526000023E0,-4.653000355E0
7.214303670E1,5.910000205E-1,1.887000084E0,-4.459500313E-1
7.214548010E1,1.306050062E0,3.874050140E0,1.212000012E0
7.214792348E1,3.753000259E0,1.114095020E1,-1.995000057E-2
7.215036694E1,2.974950075E0,8.740950584E0,1.066050053E0
7.215281033E1,2.161050081E0,5.026050091E0,-1.293000102E0
7.215525394E1,2.323950052E0,8.302950859E0,-8.359500170E-1
7.215769731E1,4.361999989E0,1.333395100E1,1.954950094E0
7.216014070E1,3.720000267E0,1.012995052E1,7.620000243E-1
7.216258416E1,2.254950047E0,6.199050426E0,1.489500105E-1
7.216502754E1,2.803050041E0,7.824000359E0,1.489500105E-1
7.216747093E1,3.307950258E0,1.084605026E1,2.902950048E0
7.216991431E1,1.645950079E0,7.645050526E0,4.537950039E0
7.217235793E1,2.890500128E-1,4.390950203E0,7.720500231E-1
7.217480139E1,-8.805000782E-2,7.963050365E0,9.040500522E-1
7.217724470E1,-3.784950256E0,2.188800049E1,2.938950062E0
7.217968816E1,-3.184050083E0,1.076505089E1,8.130000234E-1
7.218213154E1,-2.739000082E0,6.724950314E0,1.210500076E-1
7.218457515E1,-4.036950111E0,1.046505070E1,7.219500542E-1
7.218701854E1,-3.270000219E0,9.108000755E0,7.099500299E-1
7.218946192E1,-3.748950243E0,8.848950386E0,6.040500402E-1
7.219190538E1,-3.699000120E0,9.225000381E0,4.650000334E-1
7.219434876E1,-5.322000027E0,1.392300034E1,8.530500531E-1
7.219679215E1,-4.707000256E0,1.262295055E1,7.260000110E-1
7.219923576E1,-5.458950043E0,1.444695091E1,6.070500016E-1
7.220167915E1,-4.702050209E0,1.281900024E1,3.720000088E-1
7.220412253E1,-7.540500164E-1,1.722405052E1,-1.698000073E0
7.220656592E1,2.743050098E0,1.667400169E1,1.420950055E0
7.220900938E1,1.612950087E0,1.036695004E1,2.042999983E0
7.221145276E1,9.139500260E-1,7.449000359E0,1.657950044E0
7.221389615E1,2.379000187E0,1.068600082E1,1.591050029E0
7.221633976E1,3.580950260E0,1.148100090E1,1.447050095E0
7.221878314E1,2.821950197E0,1.079295063E1,5.560500026E-1
7.222122653E1,3.186000109E0,1.240200043E1,2.338050127E0
7.222366999E1,1.716900063E1,9.808950424E0,3.151950121E0
7.222611338E1,9.508950233E0,5.121000290E0,-1.219005013E1
7.222855699E1,4.969500303E-1,5.109000206E0,-6.103950500E0
7.223100014E1,1.596900082E1,4.159049988E0,-7.399050236E0
7.223344376E1,7.009950161E0,8.236050606E0,-1.797405052E1
7.223588714E1,1.497495079E1,8.787000656E0,-1.946400070E1
7.223833060E1,1.910295105E1,-1.990950108E0,-2.027100182E1
7.224077399E1,5.530050278E0,1.515000105E0,-1.968405151E1
7.224321738E1,3.166950226E0,4.185000420E0,-5.116950035E0
7.224566099E1,3.283950090E0,6.916950226E0,6.537000179E0
7.224810438E1,4.456950188E0,1.463100052E1,5.998950481E0
7.225054776E1,2.961000204E0,9.697050095E0,0.000000000E0
7.225299122E1,1.141050100E0,5.224050045E0,1.195950031E0
7.225543461E1,3.411000252E0,1.010895061E1,2.850000143E0
7.225787822E1,4.771050453E0,1.357305050E1,1.849500090E-1
7.226032161E1,3.756000280E0,1.064700031E1,-4.605000094E-2
7.226276500E1,3.397050142E0,9.453000069E0,1.591050029E0
7.226520838E1,3.346050262E0,1.148295021E1,1.720050097E0
7.226765184E1,2.977950096E0,1.108305073E1,7.380000353E-1
7.227009523E1,2.154000044E0,8.830050468E0,1.797000051E0
7.227253861E1,2.494050026E0,8.887950897E0,1.330050111E0
7.227498222E1,3.282000065E0,9.735000610E0,2.191950083E0
7.227742563E1,3.433050156E0,9.924000740E0,1.765950084E0
7.227986901E1,1.849950075E0,1.096095085E1,2.568000078E0
7.228231247E1,1.648950100E0,9.996000290E0,-9.232950211E0
7.228475586E1,1.720500141E-1,1.016100025E1,-1.271895027E1
7.228719924E1,1.102950096E0,8.302950859E0,-9.253950119E0
7.228964262E1,9.259500504E-1,1.196205044E1,-7.423050404E0
7.229208624E1,2.422049999E0,1.363800049E1,-5.416050434E0
7.229452963E1,3.088050127E0,1.049205017E1,-8.986050606E0
7.229697308E1,1.426050067E0,9.691950798E0,-7.368000507E0
7.229941647E1,1.029000044E0,9.522000313E0,-2.887950182E0
7.230185983E1,1.438050032E0,8.968950272E0,7.770000100E-1
7.230430321E1,2.488950014E0,9.544050217E0,2.673000097E0
7.230674683E1,3.154950142E0,1.196205044E1,2.139000177E0
7.230919021E1,3.342000246E0,1.307805061E1,2.125050068E0
7.231163367E1,3.765000105E0,1.416900063E1,2.211000204E0
7.231407706E1,5.142000198E0,1.614000130E1,7.000500560E-1
7.231652044E1,5.844000340E0,1.773195076E1,3.150000274E-1
7.231896406E1,6.804000378E0,1.897005081E1,9.709500670E-1
7.232140744E1,6.160050392E0,2.161605072E1,-3.895950079E0
7.232385083E1,5.116050243E0,2.268795013E1,-6.420000196E-1
7.232629421E1,4.563000202E0,2.352900124E1,-5.361000061E0
7.232873767E1,6.150000095E0,2.301105118E1,-2.323050022E0
7.233118106E1,6.282000065E0,2.680905151E1,-1.819500029E-1
7.233362467E1,9.178950310E0,2.517600060E1,-1.500000060E-2
7.233606804E1,5.611050129E0,1.510305119E1,-3.388050079E0
7.233851143E1,5.947050095E0,2.386605072E1,9.130500555E-1
7.234095489E1,-1.402950048E0,3.319005203E1,3.501000166E0
7.234339827E1,-6.451950073E0,2.336805153E1,1.255950093E0
7.234584166E1,-7.426950455E0,2.030805016E1,1.263000011E0
7.234828527E1,-9.739950180E0,2.772105217E1,7.860000134E-1
7.235072866E1,-1.140105057E1,2.984505081E1,1.987950087E0
7.235317204E1,-1.045605087E1,2.793600082E1,1.315050006E0
7.235561543E1,-1.215300083E1,2.892795181E1,2.143949986E0
7.235805889E1,-8.137949944E0,1.982505035E1,1.405950069E0
7.236050227E1,-6.550950527E0,1.624305153E1,1.665000081E0
7.236294566E1,-7.231050491E0,1.803795052E1,1.393950105E0
7.236538927E1,-5.205000401E0,1.351305103E1,1.615050077E0
7.236783266E1,4.129500091E-1,2.701905060E1,6.408000469E0
7.237027604E1,6.001950264E0,2.551800156E1,8.200500607E-1
7.237271951E1,2.080049992E0,9.567000389E0,2.635050058E0
7.237516290E1,1.198950052E0,6.247050285E0,-1.375050068E0
7.237760628E1,3.856050253E0,9.658050537E0,-1.723950028E0
7.238004989E1,3.436950207E0,7.159050465E0,1.095000029E0
7.238249328E1,4.590000212E-1,1.684950113E0,-1.957050085E0
7.238493666E1,3.399000168E0,-7.510500550E-1,1.998000145E0
7.238738012E1,5.800950050E0,-9.000000358E-2,-2.349000216E0
7.238982351E1,5.920050144E0,2.289000034E0,-6.967950344E0
7.239226690E1,7.270950317E0,7.525050163E0,-9.784050941E0
7.239471051E1,1.090500069E1,2.385000229E0,-8.946000099E0
7.239715388E1,7.900050163E0,-1.405050039E0,9.540000558E-1
7.239959726E1,4.712595367E1,-2.899050236E0,1.137105083E1
7.240204072E1,1.432395077E1,-4.489500225E-1,2.370705032E1
7.240448411E1,9.310500622E-1,-4.590000212E-1,3.373950243E0
7.240692772E1,-6.195000187E-2,-2.740500271E-1,7.304999977E-2
7.240937088E1,-1.789500117E-1,6.079500318E-1,-1.200000048E0
7.241181449E1,-9.300000221E-2,3.313950062E0,-2.470950127E0
7.241425788E1,1.092900085E1,-6.139500141E-1,2.608050108E0
7.241670134E1,4.807050228E0,-8.010000587E-1,-5.130000114E-1
7.241914473E1,4.687050343E0,3.117000103E0,-2.563605118E1
7.242158811E1,6.648000240E0,5.116050243E0,-2.414895058E1
7.242403172E1,2.143949986E0,6.667950153E0,-2.255895042E1
7.242647511E1,3.412950277E0,6.850050449E0,-2.103405190E1
7.242891850E1,4.507950306E0,8.143050194E0,-1.893705177E1
7.243136197E1,3.993000269E0,7.942050457E0,-8.971950531E0
7.243380536E1,3.532950163E0,7.312050343E0,-3.601050138E0
7.243624874E1,4.038000107E0,8.121000290E0,-6.330000162E-1
7.243869213E1,2.161050081E0,5.983050346E0,2.086050034E0
7.244113574E1,1.338000059E0,3.748950243E0,1.414050102E0
7.244357914E1,2.022000074E0,4.654050350E0,1.264950037E0
7.244602252E1,1.960050106E0,6.952950478E0,1.950000077E-1
7.244846598E1,1.771050096E0,7.318950176E0,1.198050022E0
7.245090937E1,2.599050045E0,7.714050293E0,1.537950039E0
7.245335275E1,2.647050142E0,8.581050873E0,1.102050066E0
7.245579638E1,3.658050060E0,8.950050354E0,-3.499500155E-1
7.245823976E1,2.935050249E0,8.740950584E0,-2.422950029E0
7.246068323E1,3.052050114E0,8.859000206E0,-1.735950112E0
7.246312661E1,4.105050087E0,9.940950394E0,-4.770000279E-1
7.246557000E1,4.159950256E0,9.976950645E0,-7.189500332E-1
7.246801360E1,3.640950203E0,8.035050392E0,-8.790000677E-1
7.247045698E1,2.434050083E0,7.270950317E0,-3.930000067E-1
7.247290037E1,2.925000191E0,8.157000542E0,-1.327050090E0
7.247534375E1,3.540000200E0,9.963000298E0,5.659500360E-1
7.247778721E1,3.282000065E0,9.445050240E0,3.550500274E-1
7.248023082E1,2.188050032E0,7.116000175E0,-1.408050060E0
7.248267398E1,1.783050060E0,6.850050449E0,1.230000034E-1
7.248511759E1,1.419000030E0,7.159050465E0,1.627050042E0
7.248756098E1,1.540950060E0,7.465050220E0,-3.670500219E-1
7.249000444E1,1.882950068E0,7.638000488E0,1.396950126E0
7.249244782E1,1.927050114E0,7.471950531E0,1.456950068E0
7.249489121E1,1.993950129E0,7.666050434E0,2.520000041E-1
7.249733459E1,1.612950087E0,8.128950119E0,7.020000219E-1
7.249977821E1,1.741950035E0,8.149950027E0,1.684050083E0
7.250222159E1,1.660950065E0,7.659000397E0,5.800500512E-1
7.250466505E1,1.357050061E0,7.032000542E0,1.864050031E0
7.250710844E1,1.198950052E0,6.747000217E0,1.497000098E0
7.250955182E1,1.402050018E0,6.654000282E0,1.411050081E0
7.251199521E1,1.038000107E0,6.157950401E0,1.497000098E0
7.251443882E1,7.890000343E-1,4.570950031E0,9.000000358E-2
7.251688221E1,4.350000322E-1,4.650000095E0,-2.899500132E-1
7.251932559E1,9.229500294E-1,5.368050098E0,6.210000515E-1
7.252176905E1,1.113000035E0,5.272050381E0,-1.500000060E-2
7.252421244E1,9.210000634E-1,5.350950241E0,-2.730000019E-1
7.252665583E1,9.430500269E-1,5.155050278E0,-1.800000072E-1
7.252909944E1,8.179500103E-1,3.879000187E0,-8.190000653E-1
7.253154283E1,7.099500299E-1,2.728950024E0,-4.770000279E-1
7.253398629E1,9.619500637E-1,2.607000113E0,-7.519500256E-1
7.253642967E1,8.640000224E-1,3.241950035E0,-7.590000629E-1
7.253887306E1,6.120000482E-1,3.711000204E0,3.499500155E-1
7.254131644E1,4.590000212E-1,3.145950079E0,1.279050112E0
7.254376006E1,3.000000119E-2,2.538000107E0,-3.280500174E-1
7.254620344E1,1.279500127E-1,3.160050154E0,-3.760500252E-1
7.254864683E1,1.129050016E0,4.582950115E0,9.300000668E-1
7.255109029E1,1.777950048E0,5.277000427E0,5.200500488E-1
7.255353368E1,1.471950054E0,4.812000275E0,8.410500288E-1
7.255597706E1,1.077000022E0,5.988000393E0,9.919500351E-1
7.255842067E1,2.092050076E0,8.581050873E0,1.950000048E0
7.256086405E1,1.684950113E0,7.738050461E0,1.500000119E0
7.256330751E1,7.170000076E-1,6.924000263E0,-9.730500579E-1
7.256575090E1,1.740000129E0,9.382950783E0,2.998950243E0
7.256819428E1,2.467950106E0,1.098495007E1,2.173050165E0
7.257063767E1,1.551000118E0,9.595950127E0,-6.180000305E-1
7.257308132E1,1.249050021E0,7.956000328E0,-1.861050129E0
7.257552470E1,1.468950033E0,8.467950821E0,2.866950035E0
7.257796809E1,1.869000077E0,9.366000175E0,2.812050104E0
7.258041155E1,6.202950478E0,9.010050774E0,7.405950546E0
7.258285493E1,1.756095123E1,4.887000084E0,-1.047495079E1
7.258529835E1,4.729950428E0,5.398950100E0,-1.131795025E1
7.258774196E1,4.855050087E0,3.220050097E0,-5.560050488E0
7.259018535E1,1.480950117E0,5.437050343E0,-9.517950058E0
7.259262874E1,2.176050186E0,2.782050133E0,-2.874000072E0
7.259507212E1,3.322050095E0,5.076000214E0,-5.080950260E0
7.259751558E1,2.539950132E0,7.675950527E0,-1.726095009E1
7.259995896E1,9.187950134E0,3.361050129E0,-2.081895065E1
7.260240258E1,5.953950405E0,2.200050116E0,-1.858500099E1
7.260484596E1,4.105050087E0,1.651950121E0,-1.442100048E1
7.260728935E1,4.182000160E0,2.635950089E0,-1.171305084E1
7.260973281E1,3.303000212E0,2.260050058E0,-6.166050434E0
7.261217619E1,1.993950129E0,2.230950117E0,-1.303050041E0
7.261461958E1,1.180050015E0,2.353049994E0,1.188000083E0
7.261706319E1,1.330050111E0,4.690050125E0,2.662950039E0
7.261950658E1,9.019500613E-1,6.346950531E0,2.398050070E0
7.262194995E1,5.830500126E-1,4.398000240E0,1.495050073E0
7.262439341E1,2.595000155E-2,2.818050146E0,1.090500057E-1
7.262683679E1,1.534050107E0,2.425050020E0,4.200000167E-1
7.262928018E1,1.737000108E0,2.362950087E0,5.805000290E-2
7.263172353E1,3.318000078E0,3.619950056E0,-9.250500202E-1
7.263416715E1,4.801950455E0,3.037950039E0,-3.124950171E0
7.263661053E1,7.615050316E0,1.300050020E0,-4.189949989E0
7.263905399E1,9.721950531E0,2.389050007E0,-1.037505054E1
7.264149738E1,6.466050148E0,4.639950275E0,-8.203050613E0
7.264394077E1,3.112050056E0,6.201000214E0,-2.959950209E0
7.264638438E1,2.401050091E0,8.041950226E0,1.489950061E0
7.264882753E1,2.431950092E0,8.017950058E0,1.335000038E0
7.265127115E1,1.438050032E0,7.341000557E0,2.431050062E0
7.265371453E1,2.970000029E0,7.968000412E0,2.042999983E0
7.265615800E1,1.624950051E0,4.674000263E0,-4.465950012E0
7.265860139E1,-4.995000362E-2,1.381050110E0,-9.510000348E-1
7.266104500E1,1.918950081E0,8.109000206E0,8.269500136E-1
7.266348839E1,3.475950241E0,1.204995060E1,3.460500240E-1
7.266593177E1,2.286000013E0,7.209000111E0,7.995000482E-2
7.266837515E1,1.704000115E0,6.715950489E0,-5.805000290E-2
7.267081861E1,4.599000454E0,9.508050919E0,-5.140950203E0
7.267326200E1,3.841950178E0,7.252050400E0,-7.375050545E0
7.267570538E1,2.170950174E0,8.140049934E0,-3.970050097E0
7.267814900E1,2.209050179E0,1.017300034E1,-2.035950184E0
7.268059239E1,2.074949980E0,7.803000450E0,-5.299500227E-1
7.268303584E1,2.002950191E0,7.723950386E0,1.086000085E0
7.268547915E1,1.833000064E0,8.638050079E0,-1.803000093E0
7.268792261E1,1.833000064E0,8.308050156E0,-3.405000269E-2
7.269036623E1,1.939050078E0,8.473050117E0,-3.316950083E0
7.269280962E1,2.061000109E0,8.964000702E0,-2.503050089E0
7.269525300E1,1.524000049E0,8.866050720E0,-2.639999986E-1
7.269769638E1,2.029950142E0,8.868000031E0,-5.560500026E-1
7.270013985E1,3.076050043E0,1.063500023E1,-1.758000135E0
7.270258323E1,4.335000038E0,1.034295082E1,-3.403050184E0
7.270502662E1,2.721000195E0,1.027605057E1,-7.143000126E0
7.270747023E1,2.058000088E0,1.055205059E1,-2.416050196E0
7.270991362E1,2.956050158E0,1.208400059E1,-1.714950085E0
7.271235710E1,4.052999973E0,1.173705101E1,-4.918050289E0
7.271480041E1,3.090000153E0,1.232100105E1,-2.179050207E0
7.271724387E1,2.745000124E0,1.204095078E1,-1.344000101E0
7.271968726E1,2.212050200E0,1.123605061E1,-2.104950190E0
7.272213064E1,1.678050041E0,9.727950096E0,-3.108000040E0
7.272457427E1,8.010000587E-1,7.780950546E0,-3.007950068E0
7.272701765E1,4.830000103E-1,7.872000217E0,-9.529500604E-1
7.272946111E1,2.532000065E0,8.557050705E0,-1.312950015E0
7.273190450E1,3.600000143E0,7.582950592E0,-3.273000240E0
7.273434788E1,4.393050194E0,7.342950344E0,-4.015950203E0
7.273679150E1,4.411950111E0,8.131050110E0,-5.203050137E0
7.273923488E1,3.457050085E0,8.844000816E0,-4.485000134E0
7.274167827E1,2.805000067E0,9.697050095E0,-1.984950066E0
7.274412173E1,2.889000177E0,9.490950584E0,-9.439500570E-1
7.274656512E1,2.796000242E0,8.779950142E0,-1.951950073E0
7.274900850E1,3.459000111E0,7.188000202E0,-3.585000277E0
7.275145211E1,4.477050304E0,5.562000275E0,-7.429950237E0
7.275389550E1,4.207950115E0,4.780950069E0,-4.999950409E0
7.275633896E1,4.522050381E0,5.694000244E0,-5.056950092E0
7.275878227E1,5.182950020E0,6.868950367E0,-5.497950077E0
7.276122570E1,7.066950321E0,7.627950191E0,-5.209950447E0
7.276366909E1,9.081000328E0,7.353000164E0,-6.265950203E0
7.276611270E1,1.017300034E1,5.361000061E0,-7.401000500E0
7.276855609E1,1.055100060E1,6.148050308E0,-8.622000694E0
7.277099947E1,9.801000595E0,6.589050293E0,-9.751950264E0
7.277344290E1,1.057500076E1,6.286950111E0,-9.954000473E0
7.277588629E1,1.093200016E1,5.871000290E0,-9.724050522E0
7.277832967E1,8.923050880E0,6.358950138E0,-7.056000233E0
7.278077329E1,5.917950153E0,6.970050335E0,-4.902000427E0
7.278321667E1,4.275000095E0,6.867000103E0,-2.232000113E0
7.278566007E1,4.447950363E0,7.611000538E0,-7.120500207E-1
7.278810346E1,5.506050110E0,6.543000221E0,-4.459500313E-1
7.279054692E1,5.130000114E0,6.811950207E0,-1.489950061E0
7.279299030E1,3.955050230E0,6.663000107E0,-1.963950038E0
7.279543369E1,3.391950130E0,7.185000420E0,-1.284000039E0
7.279787730E1,3.751050234E0,8.373000145E0,8.205000311E-2
7.280032068E1,3.937950134E0,1.065900040E1,-1.390500069E-1
7.280276407E1,3.910950184E0,1.264905071E1,-4.549500346E-1
7.280520753E1,4.177050114E0,1.342500019E1,-1.500000060E-2
7.280765091E1,4.374000072E0,1.352505112E1,8.800500631E-1
7.281009453E1,4.335000038E0,1.338900089E1,1.210500076E-1
7.281253791E1,3.861000299E0,1.337700081E1,-6.229500175E-1
7.281498130E1,4.273050308E0,1.464300060E1,1.368000031E0
7.281742476E1,4.680000305E0,1.209795094E1,-2.028000116E0
7.281986814E1,4.054950237E0,1.211505032E1,-1.027950048E0
7.282231156E1,3.817950249E0,1.348200035E1,1.761000037E0
7.282475494E1,3.934950113E0,1.318305016E1,2.191950083E0
7.282719856E1,4.330049992E0,1.425300026E1,-2.562000036E0
7.282964194E1,4.285050392E0,1.648904991E1,1.794000030E0
7.283208532E1,4.074000359E0,1.628805161E1,-2.244000196E0
7.283452878E1,-1.810050130E0,2.450295067E1,9.490500689E-1
7.283697216E1,-7.008000374E0,2.233095169E1,1.533000112E0
7.283941578E1,-5.065950394E0,1.386795044E1,9.970500469E-1
7.284185916E1,-4.381050110E0,1.090605068E1,5.040000081E-1
7.284430256E1,-5.653050423E0,1.440195084E1,1.042050004E0
7.284674602E1,-6.534000397E0,1.780605125E1,1.174050093E0
7.284918940E1,-5.425050259E0,1.395105076E1,1.141050100E0
7.285163279E1,-5.566950321E0,1.497405052E1,1.258050084E0
7.285407617E1,-5.907000065E0,1.500300026E1,1.200000048E0
7.285651982E1,-5.578950405E0,1.421505070E1,1.155000091E0
7.285896320E1,-5.145000458E0,1.202595043E1,9.559500217E-1
7.286140659E1,-3.852000237E0,8.437050819E0,8.170500398E-1
7.286385005E1,-4.300050259E0,1.133700085E1,2.351999998E0
7.286629343E1,-2.373000145E0,9.073950768E0,5.568000317E0
7.286873682E1,2.025000095E0,1.552905083E1,2.611050129E0
7.287118043E1,5.785950184E0,1.447305107E1,4.930950165E0
7.287362382E1,1.257900047E1,2.217000008E0,-2.115000010E0
7.287606720E1,1.816050053E0,3.196050167E0,-3.739950180E0
7.287851066E1,1.054949999E0,8.971050262E0,-8.518950462E0
7.288095406E1,5.104050159E0,9.685050011E0,-8.938050270E0
7.288339768E1,1.167600060E1,5.362950325E0,-7.996950150E0
7.288584083E1,6.447000504E0,3.352050066E0,-7.609950542E0
7.288828445E1,7.363950253E0,4.635000229E0,-1.036095047E1
7.289072783E1,9.697950363E0,2.143050194E0,-6.036000252E0
7.289317129E1,7.153050423E0,-7.080000043E-1,-3.661050081E0
7.289561468E1,3.861000299E0,2.419500053E-1,-2.443050146E0
7.289805806E1,3.631050110E0,2.850000262E-1,-1.102050066E0
7.290050168E1,3.445050240E0,9.499500394E-1,-6.490500569E-1
7.290294506E1,3.006000042E0,3.129000187E0,-7.140000463E-1
7.290538842E1,1.737000108E0,1.462950110E0,-1.369500011E-1
7.290783188E1,5.140500069E-1,4.189500213E-1,2.089500129E-1
7.291027527E1,7.009500265E-1,3.780000210E-1,1.849500090E-1
7.291271888E1,1.009950042E0,7.609500289E-1,-8.119500279E-1
7.291516226E1,7.890000343E-1,1.440000087E-1,-2.887950182E0
7.291760564E1,8.490000367E-1,-1.054949999E0,-2.758950233E0
7.292004902E1,-9.300000221E-2,-6.739500165E-1,-3.499500155E-1
7.292249248E1,-1.549500078E-1,-2.479500175E-1,2.086050034E0
7.292493587E1,-3.970500231E-1,-3.060000241E-1,5.440500379E-1
7.292737925E1,-2.560500205E-1,-2.170500159E-1,1.108950019E0
7.292982286E1,-1.410000026E-1,-2.460000068E-1,7.189500332E-1
7.293226625E1,-1.410000026E-1,-2.070000172E-1,3.670500219E-1
7.293470963E1,-1.339500099E-1,-2.070000172E-1,4.369500279E-1
7.293715309E1,-2.440500110E-1,-1.860000044E-1,1.216950059E0
7.293959648E1,-1.669500023E-1,-1.549500078E-1,3.859500289E-1
7.294203987E1,1.314000010E0,-1.249050021E0,1.702950120E0
7.294448326E1,2.053050041E0,-1.363950014E0,2.078999996E0
7.294692687E1,1.315950036E0,-8.710500598E-1,1.347000122E0
7.294937026E1,7.099500299E-1,-5.110500455E-1,6.979500055E-1
7.295181371E1,1.050000072E0,-1.021050096E0,2.040000111E-1
7.295425710E1,3.319950104E0,-2.520000219E0,-5.629050255E0
7.295670048E1,-1.030500084E-1,3.553050280E0,-7.195050240E0
7.295914386E1,6.529500484E-1,3.016950130E0,-6.190050125E0
7.296158748E1,-1.669500023E-1,2.970000207E-1,-7.470000386E-1
7.296403086E1,-4.995000362E-2,-2.239500135E-1,7.304999977E-2
7.296647433E1,-2.490000129E-1,-2.505000122E-2,1.210500076E-1
7.296891771E1,-4.909500182E-1,1.276050091E0,-3.859500289E-1
7.297136110E1,2.622900200E1,2.620800209E1,-6.814950466E0
7.297380448E1,6.664200592E1,7.513695526E1,-3.264900208E1
7.297624808E1,5.833950043E0,1.522305107E1,-6.015000343E0
7.297869147E1,-5.029500127E-1,-1.710000038E-1,-8.650500178E-1
7.298113485E1,9.000000358E-2,-7.270500064E-1,-4.270500243E-1
7.298357831E1,-3.420000076E-1,-2.119500041E-1,1.005000062E-2
7.298602170E1,5.700000376E-2,-6.810000539E-1,2.500500083E-1
7.298846532E1,-4.240500331E-1,-2.839500010E-1,6.670500040E-1
7.299090871E1,-3.690000176E-1,-4.920000136E-1,2.089500129E-1
7.299335209E1,-1.733205032E1,3.691005325E1,-1.849050045E0
7.299579555E1,-1.827300072E1,3.767595291E1,6.838950157E0
7.299823894E1,-1.030500084E-1,1.080000028E-1,7.290000319E-1
7.300068233E1,-3.400500119E-1,-4.279500246E-1,4.080000222E-1
7.300312594E1,-4.740000367E-1,-1.930500120E-1,8.568000793E0
7.300556933E1,-3.810000122E-1,-3.495000303E-2,1.569000125E0
7.300801271E1,-1.459500045E-1,-3.970500231E-1,1.800000109E-2
7.301045617E1,-2.130000144E-1,4.570500255E-1,1.999950051E0
7.301289955E1,-2.846805191E1,6.013500214E1,4.569000244E0
7.301534293E1,-5.872950077E0,1.315905094E1,1.038000107E0
7.301778631E1,-1.050000042E-1,9.795000404E-2,8.205000311E-2
7.302022993E1,-1.133895016E1,2.142195129E1,2.776050091E0
7.302267331E1,-1.210500050E1,3.531795120E1,4.222050190E0
7.302511669E1,-9.666000366E0,2.616000175E1,1.483050108E0
7.302756015E1,-6.409050465E0,1.617300034E1,7.840500474E-1
7.303000354E1,1.329000092E1,9.216000557E0,-6.690000534E0
7.303244692E1,2.322600174E1,1.640999985E1,4.189395142E1
7.303489054E1,2.395905113E1,1.559205055E1,4.737900162E1
7.303733391E1,1.223895073E1,1.195005035E1,1.415400028E1
7.303977737E1,1.006950021E0,1.105695057E1,1.322205067E1
7.304222076E1,-4.465050220E0,1.148100090E1,4.287000179E0
7.304466414E1,-4.956000328E0,1.260600090E1,5.440500379E-1
7.304710753E1,-3.543000221E0,1.042695045E1,1.660500020E-1
7.304955111E1,-3.205950260E0,7.221000195E0,5.130000114E-1
7.305199450E1,-1.150950074E0,2.236050129E0,-7.500000298E-2
7.305443788E1,-1.270500124E-1,4.183050156E0,-5.461950302E0
7.305688135E1,3.507000208E0,1.621199989E1,2.365950108E0
7.305932473E1,3.640950203E0,1.820100021E1,6.247950077E0
7.306176834E1,8.779500127E-1,4.132050037E0,1.465950012E0
7.306421173E1,4.489500225E-1,7.417050362E0,6.181050301E0
7.306665512E1,5.305050373E0,1.983705139E1,1.137405014E1
7.306909850E1,1.314900017E1,6.886050224E0,2.733000040E0
7.307154196E1,1.888050079E0,6.420000196E-1,4.227000237E0
7.307398535E1,1.528950095E0,2.104050159E0,-2.359050035E0
7.307642873E1,4.591050148E0,1.189200020E1,-1.369500011E-1
7.307887235E1,5.832000256E0,1.376895046E1,1.717950106E0
7.308131573E1,4.098000050E0,7.033950329E0,-9.169500470E-1
7.308375912E1,2.776950121E0,6.843000412E0,-1.576050043E0
7.308620258E1,2.110200119E1,1.112400055E1,2.668050051E0
7.308864596E1,3.628695297E1,4.470000267E0,-2.160195160E1
7.309108935E1,-3.469500244E-1,4.626000404E0,-5.229600143E1
7.309353296E1,7.771050453E0,-1.980000138E-1,-3.736305237E1
7.309597635E1,4.860000134E0,-6.670500040E-1,-2.372295189E1
7.309841973E1,1.026000023E0,1.459500045E-1,-1.300095081E1
7.310086312E1,-8.595000207E-2,-1.639500111E-1,-2.863950253E0
7.310330658E1,-1.360500008E-1,-4.695000127E-2,6.690000296E-1
7.310574996E1,3.672000170E0,7.245000362E0,3.480000257E0
7.310819335E1,4.800000191E0,2.029605103E1,7.219500542E-1
7.311063697E1,2.302050114E0,8.562000275E0,1.106999993E0
7.311308035E1,-3.180000186E-1,3.235050201E0,-1.345950007E0
7.311552381E1,1.090950012E0,8.326950073E0,-6.721050262E0
7.311796720E1,1.785000086E0,1.334100056E1,-8.847000122E0
7.312041060E1,1.266000032E0,8.952000618E0,-7.842000484E0
7.312285421E1,7.630500197E-1,5.047050476E0,-3.858000278E0
7.312529760E1,8.730000257E-1,9.097949982E0,-4.732050419E0
7.312774098E1,2.212050200E0,1.551495075E1,-1.377000093E0
7.313018444E1,2.653950214E0,1.383900070E1,-4.210050106E0
7.313262782E1,1.528950095E0,9.856950760E0,-6.799950123E0
7.313507144E1,6.910500526E-1,1.169595051E1,-5.935950279E0
7.313751459E1,1.459950089E0,1.102605057E1,-3.379050255E0
7.313995821E1,2.266950130E0,1.083195019E1,-1.066050053E0
7.314240159E1,3.130950212E0,1.076205063E1,-3.000000026E-3
7.314484505E1,3.069000244E0,1.110900021E1,1.236000061E0
7.314728844E1,2.956050158E0,1.163595009E1,1.579050064E0
7.314973182E1,2.641950130E0,1.153305054E1,5.089499950E-1
7.315217544E1,2.686050177E0,1.169595051E1,-1.143000007E0
7.315461882E1,2.982000113E0,1.119795036E1,-1.092000008E0
7.315706221E1,2.575050116E0,1.160700035E1,-1.549950123E0
7.315950567E1,2.191950083E0,1.144905090E1,-2.020500153E-1
7.316194906E1,1.456950068E0,1.066905022E1,-1.120950103E0
7.316439244E1,6.049500108E-1,1.006995010E1,-1.969050050E0
7.316683605E1,3.150000274E-1,8.442000389E0,-2.188950062E0
7.316927944E1,1.215000033E0,7.884000301E0,-2.490000129E-1
7.317172282E1,2.458050013E0,8.587950706E0,1.147950053E0
7.317416621E1,2.242950201E0,8.530950546E0,1.629000068E0
7.317660967E1,2.037000179E0,8.539950371E0,1.234050035E0
7.317905305E1,1.996050119E0,9.535950661E0,1.179000020E0
7.318149643E1,2.293050051E0,1.001295090E1,9.060000181E-1
7.318394005E1,2.973000050E0,1.000305080E1,-3.499500155E-1
7.318638343E1,2.506050110E0,1.037700081E1,-1.372050047E0
7.318882689E1,1.893000126E0,1.000605011E1,-9.490500689E-1
7.319127029E1,1.503000021E0,9.141000748E0,-2.457000017E0
7.319371367E1,4.180500209E-1,8.622000694E0,-2.613000154E0
7.319615729E1,1.405050039E0,7.551000595E0,-3.465000153E0
7.319860067E1,4.327950001E0,7.252050400E0,-5.287050247E0
7.320104406E1,3.825000286E0,6.448050499E0,-5.560050488E0
7.320348744E1,2.086950064E0,5.329950333E0,-2.185950041E0
7.320593090E1,2.482050180E0,6.192000389E0,1.272000074E0
7.320837428E1,3.682050228E0,8.356050491E0,1.074000001E0
7.321081767E1,3.322050095E0,7.674000263E0,-1.762950063E0
7.321326128E1,3.109050035E0,5.788950443E0,-2.521950006E0
7.321570467E1,3.556950092E0,6.631950378E0,-3.012000084E0
7.321814805E1,4.357050419E0,8.434950829E0,-2.554950237E0
7.322059151E1,6.435000420E0,1.074105072E1,-2.371050119E0
7.322303490E1,6.580950260E0,1.159095097E1,-4.942050457E0
7.322547851E1,5.133000374E0,9.286950111E0,-5.598000050E0
7.322792190E1,3.697950125E0,8.230950356E0,-4.348950386E0
7.323036528E1,1.207950115E0,7.558950424E0,-1.072950006E0
7.323280874E1,1.000050068E0,5.209950447E0,-3.600000218E-2
7.323525213E1,1.218000054E0,5.206950188E0,3.340500295E-1
7.323769551E1,2.233050108E0,3.976950169E0,-3.600000218E-2
7.324013890E1,2.377050161E0,2.751000166E0,-8.770500422E-1
7.324258251E1,1.917000055E0,4.089000225E0,-8.500500321E-1
7.324502590E1,1.576950073E0,8.260050774E0,-1.614000082E0
7.324746928E1,4.792950153E0,1.030005074E1,-1.054050088E0
7.324991274E1,5.197050095E0,9.928950310E0,-2.328000069E0
7.325235615E1,3.519000053E0,9.775950432E0,-2.032950163E0
7.325479953E1,2.803050041E0,1.042905045E1,-2.122050047E0
7.325724292E1,3.172050238E0,9.835950851E0,-6.487050533E0
7.325968653E1,3.246000051E0,6.112950325E0,-8.364000320E0
7.326212999E1,1.147950053E0,3.579000235E0,-4.609050274E0
7.326457330E1,1.285050035E0,1.341000080E0,-2.470500171E-1
7.326701676E1,2.890950203E0,3.574950218E0,2.329500169E-1
7.326946015E1,3.499950171E0,7.128000259E0,1.639500111E-1
7.327190376E1,4.371000290E0,3.685050249E0,-3.051000118E0
7.327434715E1,4.165050030E0,3.357000113E0,-3.253950119E0
7.327679053E1,3.679050207E0,7.518000126E0,-4.981050014E0
7.327923399E1,4.813950062E0,9.418950081E0,-5.569950104E0
7.328167738E1,5.188050270E0,8.406000137E0,-6.268950462E0
7.328412077E1,4.183950424E0,7.573050499E0,-7.660050392E0
7.328656438E1,2.731050014E0,6.763950348E0,-5.248950481E0
7.328900777E1,2.548950195E0,5.322000027E0,-1.175999999E0
7.329145116E1,3.400950193E0,6.180000305E0,-5.820000172E-1
7.329389461E1,3.946950197E0,7.446000576E0,-1.626000047E0
7.329633800E1,4.957950115E0,7.326000214E0,-2.638950109E0
7.329878161E1,4.323000431E0,6.631950378E0,-5.436000347E0
7.330122500E1,4.467000008E0,6.709050179E0,-3.529950142E0
7.330366838E1,4.951050282E0,7.446000576E0,-2.752050161E0
7.330611177E1,5.050950050E0,7.828950405E0,-3.481950283E0
7.330855522E1,5.073000431E0,7.480050564E0,-3.192000151E0
7.331099861E1,5.659050465E0,6.406950474E0,-3.949050188E0
7.331344198E1,6.832050323E0,5.725050449E0,-5.146050453E0
7.331588560E1,6.295950413E0,5.284050465E0,-5.734950066E0
7.331832898E1,4.287000179E0,5.227050304E0,-4.665000439E0
7.332077237E1,4.687050343E0,6.879000187E0,-2.083950043E0
7.332321575E1,6.073050499E0,7.951050282E0,-1.377000093E0
7.332565923E1,5.815050125E0,7.449000359E0,-3.034050226E0
7.332810262E1,5.367000103E0,7.807950497E0,-3.757050276E0
7.333054600E1,5.779050350E0,8.959050179E0,-5.364000320E0
7.333298961E1,5.614050388E0,9.079050064E0,-6.171000481E0
7.333543300E1,5.167950153E0,9.292050362E0,-5.188950062E0
7.333787642E1,3.205050230E0,7.923000336E0,-2.505000114E0
7.334031987E1,1.966950059E0,7.105950356E0,2.161050081E0
7.334276326E1,1.195950031E0,6.559950352E0,4.489500225E-1
7.334520687E1,1.510050058E0,7.033950329E0,1.093050003E0
7.334765026E1,2.029950142E0,8.512050629E0,1.942950130E0
7.335009366E1,3.442050219E0,9.001950264E0,1.002000093E0
7.335253712E1,2.080049992E0,8.478000641E0,-1.474950075E0
7.335498051E1,2.923050165E0,1.015905094E1,3.360000253E-1
7.335742390E1,5.677950382E0,1.179195023E1,-2.371050119E0
7.335986728E1,4.311000347E0,1.139205074E1,-1.843950033E0
7.336231089E1,4.696950436E0,1.062105083E1,-6.829500198E-1
7.336475428E1,4.459950447E0,9.982050896E0,-1.885050058E0
7.336719774E1,5.310000420E0,8.610000610E0,-2.365950108E0
7.336964113E1,3.385050058E0,6.136050224E0,-5.139000416E0
7.337208451E1,2.905950069E0,5.830050468E0,-3.622950077E0
7.337452790E1,3.792000294E0,7.510950565E0,-1.309950113E0
7.337697151E1,5.250000477E0,7.602000237E0,-2.221950054E0
7.337941490E1,4.906949997E0,7.513050556E0,-4.765050411E0
7.338185836E1,5.382000446E0,8.509050369E0,-6.247050285E0
7.338430174E1,5.560950279E0,9.100950241E0,-7.629000187E0
7.338674513E1,6.495000362E0,1.049400043E1,-4.609050274E0
7.338918874E1,3.238950253E0,8.308050156E0,-1.425000072E0
7.339163213E1,1.534050107E0,7.261950493E0,2.760000229E-1
7.339407551E1,2.563050032E0,7.900950432E0,2.179949999E0
7.339651890E1,2.560950041E0,7.783950329E0,3.537000179E0
7.339896236E1,3.730500042E-1,5.796000481E0,4.290000200E-1
7.340140575E1,-9.600000083E-2,5.940000057E0,-2.680050135E0
7.340384913E1,1.588950038E0,7.020000458E0,-5.586000443E0
7.340629274E1,2.961000204E0,8.188050270E0,-6.262050152E0
7.340873613E1,2.491950035E0,9.816000938E0,-3.111000061E0
7.341117952E1,3.279000044E0,1.114995098E1,-3.610950232E0
7.341362298E1,3.655050278E0,1.002705002E1,-4.408050060E0
7.341606636E1,4.263000011E0,8.686050415E0,-5.164950371E0
7.341850998E1,5.973000050E0,7.510950565E0,-8.337000847E0
7.342095336E1,3.706050158E0,4.065000057E0,-8.191050529E0
7.342339675E1,3.684000254E0,4.374000072E0,-5.221950054E0
7.342584013E1,7.081050396E0,5.167050362E0,-5.151000023E0
7.342828359E1,9.142950058E0,5.197950363E0,-6.493950367E0
7.343072698E1,7.927050591E0,5.521050453E0,-6.763950348E0
7.343317036E1,6.873000145E0,8.614950180E0,-5.175000191E0
7.343561398E1,7.759050369E0,1.012995052E1,-2.613000154E0
7.343805736E1,7.797000408E0,1.006305027E1,-3.879000187E0
7.344050075E1,4.872000217E0,8.506950378E0,-6.052950382E0
7.344294421E1,1.929000139E0,7.437000275E0,-7.701000214E0
7.344538757E1,3.057000160E0,7.318950176E0,-7.714950562E0
7.344783096E1,7.860000610E0,4.468050003E0,-6.508050442E0
7.345027434E1,9.088050842E0,3.678000212E0,-5.518950462E0
7.345271796E1,5.923050404E0,5.478000164E0,-4.899000168E0
7.345516134E1,3.679050207E0,7.549050331E0,-2.512050152E0
7.345760471E1,4.024050236E0,9.673050880E0,-1.042050004E0
7.346004817E1,5.578050137E0,1.039800072E1,-6.370500326E-1
7.346249155E1,5.355000019E0,1.066200066E1,-1.356000066E0
7.346493517E1,6.624000549E0,1.070205021E1,-3.493950129E0
7.346737855E1,5.865000248E0,9.838050842E0,-6.417000294E0
7.346982194E1,2.721000195E0,6.984000206E0,-4.602000237E0
7.347226540E1,2.235000134E0,7.693050385E0,-5.659500360E-1
7.347470879E1,3.331950188E0,1.074300098E1,1.672050118E0
7.347715217E1,3.354000092E0,1.137300014E1,2.656050205E0
7.347959579E1,2.530050039E0,1.011105061E1,1.810950041E0
7.348203917E1,2.431950092E0,1.085595036E1,-9.900000691E-2
7.348448256E1,3.768000126E0,1.257705021E1,9.010500312E-1
7.348692594E1,4.089000225E0,1.092495060E1,1.167000055E0
7.348936940E1,3.816000223E0,8.638050079E0,-1.666950107E0
7.349181279E1,3.310050249E0,8.386950493E0,-3.160950184E0
7.349425640E1,4.924050331E0,1.165095043E1,-2.605050087E0
7.349669979E1,4.825950146E0,1.245000076E1,-4.549500346E-1
7.349914317E1,3.646050215E0,1.021200085E1,-4.750950336E0
7.350158663E1,2.836050034E0,8.887950897E0,-3.658950090E0
7.350403002E1,3.847050190E0,1.378905106E1,-4.054049969E0
7.350647341E1,-1.752000093E0,2.837700081E1,-2.011950016E0
7.350891702E1,-5.953950405E0,2.154600143E1,2.143949986E0
7.351136040E1,-3.246000051E0,9.216000557E0,1.420500129E-1
7.351380379E1,-5.182950020E0,1.360200024E1,1.690500081E-1
7.351624714E1,-1.549050093E0,3.321000099E0,3.670500219E-1
7.351869060E1,-2.646000147E0,3.874050140E0,2.880000174E-1
7.352113399E1,-2.722050190E0,5.020950317E0,5.370000005E-1
7.352357737E1,-1.954050064E0,3.237000227E0,4.579500258E-1
7.352602098E1,-1.561050057E0,2.595000029E0,3.600000143E-1
7.352846436E1,-5.124000072E0,9.385950089E0,9.709500670E-1
7.353090774E1,-4.932000160E0,1.023795033E1,1.066050053E0
7.353335120E1,-4.084050179E0,9.048000336E0,7.918950558E0
7.353579459E1,-2.121000051E0,6.031050205E0,9.628050804E0
7.353823820E1,-1.174950004E0,9.480000734E-1,1.048305035E1
7.354068134E1,-5.530500412E-1,-4.905000329E-2,2.947950125E0
7.354312495E1,-2.220000178E-1,-2.220000178E-1,1.969500035E-1
7.354556834E1,-4.309500158E-1,-7.800000161E-2,7.909500599E-1
7.354801180E1,-1.723950028E0,8.260500431E-1,1.066500092E1
7.355045518E1,-2.716950178E0,1.945950150E0,1.239600086E1
7.355289857E1,-6.688950539E0,8.679000854E0,1.216950059E0
7.355534218E1,7.099500299E-1,7.843950272E0,1.858800125E1
7.355778557E1,4.594050407E0,2.863050222E0,2.846895218E1
7.356022895E1,4.210500121E-1,4.498950005E0,-1.058805084E1
7.356267241E1,-5.719500184E-1,2.361000061E0,2.005050182E0
7.356511580E1,6.029505157E1,-4.906949997E0,1.226205063E1
7.356755941E1,7.789695740E1,-3.595050097E0,-6.895095062E1
7.357000280E1,6.964200592E1,5.080950260E0,-7.813605499E1
7.357244618E1,3.975600052E1,3.487950087E0,-6.412395477E1
7.357488964E1,1.181700039E1,-2.404950142E0,-2.255205154E1
7.357733303E1,4.489500225E-1,-6.120000482E-1,4.564050198E0
7.357977642E1,-2.490000129E-1,-5.569500327E-1,1.095000029E0
7.358221980E1,-2.989500165E-1,-5.380499959E-1,3.270000219E-1
7.358466341E1,6.599999964E-2,-8.800500631E-1,9.900000691E-2
7.358710680E1,6.519000530E0,-7.536000252E0,-1.882050037E0
7.358955018E1,3.909105301E1,-4.197795105E1,2.581950188E0
7.359199364E1,2.410500050E-1,-2.155950069E0,-1.319999993E-1
7.359443703E1,-1.049895096E1,4.708950043E0,-1.239300060E1
7.359688042E1,-2.332695198E1,1.475595093E1,-6.754605103E1
7.359932381E1,-1.051050067E0,1.164000034E0,-8.809050560E0
7.360176743E1,-1.927050114E0,-4.954950333E0,3.549000263E0
7.360421081E1,-5.509500504E-1,-8.113050461E0,7.093050480E0
7.360665427E1,-1.075049996E0,-5.710500479E-1,1.729500145E-1
7.360909766E1,-5.269500017E-1,-9.619500637E-1,1.759500057E-1
7.361154129E1,-7.780500650E-1,-7.290000319E-1,9.195000678E-2
7.361398444E1,-2.703000069E0,5.631000042E0,-1.097100067E1
7.361642806E1,-2.611950159E0,5.908950329E0,-1.998600006E1
7.361887144E1,-1.930050135E0,-5.400000140E-2,-2.040000111E-1
7.362131490E1,-9.550500512E-1,-1.456950068E0,2.860500216E-1
7.362375829E1,2.314050198E0,6.787950516E0,7.170000076E-1
7.362620168E1,6.577305603E1,7.258500671E1,4.684305191E1
7.362864529E1,2.226105118E1,3.825795364E1,-9.271050453E0
7.363108868E1,-8.809500337E-1,1.089000106E0,1.239000082E0
7.363353214E1,2.910000086E-1,-8.200500607E-1,2.040000111E-1
7.363597544E1,-5.650500059E-1,1.600500047E-1,3.889500201E-1
7.363841890E1,7.800000161E-2,-6.139500141E-1,2.020500153E-1
7.364086229E1,-5.170500278E-1,-2.070000172E-1,4.605000094E-2
7.364330590E1,-6.490500569E-1,-2.029500157E-1,9.705000371E-2
7.364574929E1,-2.220000178E-1,-5.929500461E-1,3.195000067E-2
7.364819269E1,-8.710500598E-1,9.300000221E-2,2.430000156E-1
7.365063615E1,3.000000119E-2,-7.219500542E-1,1.090500057E-1
7.365307954E1,-7.129500508E-1,4.095000029E-2,1.180500090E-1
7.365552292E1,-1.120500043E-1,-5.380499959E-1,5.100000277E-2
7.365796653E1,-4.399500191E-1,-2.170500159E-1,9.705000371E-2
7.366040992E1,-5.119500160E-1,-1.909500062E-1,1.450500041E-1
7.366285330E1,-2.029500157E-1,-4.879500270E-1,7.800000161E-2
7.366529676E1,-7.440000176E-1,2.400000021E-2,1.249500066E-1
7.366774015E1,-1.080000028E-1,-5.590500236E-1,6.599999964E-2
7.367018353E1,-6.510000229E-1,-1.605000161E-2,1.639500111E-1
7.367262691E1,-2.746050119E0,4.149000168E0,4.905000329E-2
7.367507052E1,-5.941395187E1,7.034895325E1,1.063395023E1
7.367751391E1,-1.507905102E1,3.853095245E1,4.593795395E1
7.367995730E1,1.000500023E-1,2.385000229E0,1.921305084E1
7.368240075E1,1.127895069E1,-1.273050070E0,6.844050407E0
7.368484416E1,1.346205044E1,-1.864050031E0,5.290050030E0
7.368728754E1,-6.199500561E-1,-9.469500184E-1,1.621950030E0
7.368973115E1,-1.423950076E0,-7.080000043E-1,2.790000141E-1
7.369217454E1,-9.499500394E-1,-1.090950012E0,-1.695000008E-2
7.369461800E1,-1.093950033E0,-8.749500513E-1,3.405000269E-2
7.369706140E1,-1.003050089E0,-9.420000315E-1,1.159500033E-1
7.369950478E1,-8.332050323E0,1.444500065E1,2.179949999E0
7.370194817E1,-8.148000717E0,5.295900345E1,8.034000397E0
7.370439178E1,1.292805099E1,2.729505157E1,-3.768705368E1
7.370683517E1,2.756895065E1,1.243305016E1,-6.111900330E1
7.370927858E1,1.263105106E1,-1.930500120E-1,-2.473950148E0
7.371172204E1,-9.859500527E-1,1.440000087E-1,1.654950023E0
7.371416543E1,2.085000038E0,1.362000108E0,1.332000017E0
7.371660904E1,1.074495029E1,8.169000626E0,1.060800076E1
7.371905243E1,5.403000355E0,4.788000107E0,4.974000454E0
7.372149580E1,3.679500222E-1,1.507950068E0,8.800500631E-1
7.372393918E1,5.527950287E0,9.121950150E0,-1.613294983E1
7.372638264E1,2.479950190E0,8.734050751E0,-2.414400101E1
7.372882603E1,2.304405022E1,5.020950317E0,4.054049969E0
7.373126965E1,2.313795090E1,1.261995029E1,-5.421705246E1
7.373371304E1,1.957005119E1,3.253950119E0,-4.716600037E1
7.373615642E1,1.952505112E1,-5.962950230E0,-1.116705036E1
7.373859980E1,8.110950470E0,1.192050099E0,-2.740500069E1
7.374104326E1,9.639000893E0,6.220500469E-1,-2.424000168E1
7.374348666E1,4.776000023E0,-1.797000051E0,-2.482950211E0
7.374593005E1,2.269050121E0,-6.810000539E-1,-2.803950071E0
7.374837366E1,-3.760500252E-1,1.140000105E0,0.000000000E0
7.375081704E1,4.246950150E0,1.655400085E1,1.287000084E1
7.375326043E1,5.551950455E0,1.726500130E1,7.663050175E0
7.375570388E1,1.239000082E0,8.980500698E-1,-1.450950027E0
7.375814727E1,-3.600000218E-2,-1.740000099E-1,9.195000678E-2
7.376059066E1,1.381050110E0,4.654050350E0,1.653000116E0
7.376303404E1,9.580950737E0,1.508400059E1,3.729000092E0
7.376547765E1,4.315950394E0,1.038195038E1,-2.140950203E0
7.376792112E1,3.799500167E-1,3.064950228E0,-7.909500599E-1
7.377036450E1,5.556000233E0,6.915000439E0,1.891950130E0
7.377280789E1,8.527950287E0,9.448050499E0,-1.276950002E0
7.377525127E1,4.696950436E0,5.491950035E0,-7.519500256E-1
7.377769488E1,4.954950333E0,2.157000065E0,-1.168950081E0
7.378013828E1,9.085950851E0,5.976000309E0,-7.990050316E0
7.378258167E1,1.068195057E1,2.695950031E0,-2.668005180E1
7.378502513E1,3.124050140E0,3.862050295E0,-2.236305046E1
7.378746852E1,3.580500185E-1,3.493050098E0,-9.407999992E0
7.378991213E1,9.660000205E-1,3.643950224E0,-9.409500360E-1
7.379235528E1,2.077050209E0,4.261950016E0,3.042000055E0
7.379479889E1,2.902950048E0,6.184050083E0,6.559050083E0
7.379724235E1,1.381050110E0,4.858050346E0,2.151000023E0
7.379968574E1,1.831050038E0,4.936950207E0,8.800500631E-1
7.380212912E1,3.286950111E0,8.690999985E0,2.326050043E0
7.380457249E1,3.739050150E0,1.025505066E1,8.080500364E-1
7.380701610E1,1.996050119E0,7.417050362E0,-1.630500108E-1
7.380945949E1,6.000000238E-1,5.179050446E0,1.966950059E0
7.381190288E1,8.539500237E-1,6.960000515E0,1.569000125E0
7.381434634E1,1.046205044E1,7.309950352E0,4.552050114E0
7.381678972E1,6.616950512E0,1.948950052E0,-1.261395073E1
7.381923311E1,9.721950531E0,1.969950080E0,-1.754594994E1
7.382167672E1,1.162305069E1,2.626050234E0,-2.372805023E1
7.382412011E1,7.632000446E0,1.768950105E0,-1.626195145E1
7.382656349E1,1.876050115E0,2.926050186E0,-8.859000206E0
7.382900689E1,6.960000396E-1,1.840950131E0,-2.351999998E0
7.383145035E1,1.795050144E0,1.063050032E0,-7.980000377E-1
7.383389396E1,3.451950073E0,9.150000215E-1,-1.126049995E0
7.383633712E1,4.690050125E0,-3.299999982E-2,-1.309950113E0
7.383878073E1,4.703999996E0,-6.600000262E-1,-4.579500258E-1
7.384122412E1,5.451000214E0,5.479500294E-1,-7.909500599E-1
7.384366758E1,6.588000298E0,5.160000324E0,-4.293000221E0
7.384611089E1,1.164000034E1,1.060695076E1,-6.250050068E0
7.384855435E1,5.458050251E0,4.105950356E0,-4.288949966E0
7.385099773E1,1.480950117E0,6.474000454E0,-7.477950573E0
7.385344135E1,4.572000027E0,7.060950279E0,-1.264200020E1
7.385588473E1,8.808000565E0,3.474000216E0,-1.094505024E1
7.385832819E1,5.488950253E0,1.269000053E0,-5.907000065E0
7.386077158E1,1.018950105E0,3.357000113E0,-4.720050335E0
7.386321496E1,6.769950390E0,5.257950306E0,-6.397950172E0
7.386565835E1,9.406050682E0,5.362950325E0,-4.842000008E0
7.386810197E1,4.584000111E0,3.235050201E0,-1.114050031E0
7.387054543E1,8.419500589E-1,5.398950100E0,-8.959500194E-1
7.387298874E1,5.824050426E0,4.800000191E0,-9.051000595E0
7.387543220E1,9.612000465E0,2.293950081E0,-1.212300014E1
7.387787557E1,2.973000050E0,2.032950163E0,-7.212000370E0
7.388031918E1,-2.110500038E-1,2.358000040E0,-2.158050060E0
7.388276257E1,1.294050097E0,5.737050056E0,2.694000244E0
7.388520595E1,4.735050201E0,1.383195019E1,1.405950069E0
7.388764941E1,4.615050316E0,1.018005085E1,2.089500129E-1
7.389009279E1,1.527000070E0,5.551950455E0,1.669950128E0
7.389253617E1,2.551050186E0,1.053195095E1,7.810500264E-1
7.389497955E1,5.961000443E0,1.452405071E1,4.059000015E0
7.389742317E1,5.941950321E0,9.654000282E0,-4.558950424E0
7.389986655E1,5.550000072E-1,7.084950447E0,8.100000620E-1
7.390230992E1,5.025000095E0,6.508050442E0,-5.425950050E0
7.390475338E1,6.241050243E0,6.466950417E0,-1.441200066E1
7.390719677E1,8.868000031E0,4.915050030E0,-2.101800156E1
7.390964016E1,3.262950182E0,4.894050121E0,-1.633200073E1
7.391208377E1,1.321050048E0,2.860950232E0,-1.173495102E1
7.391452716E1,4.192049980E0,3.940950155E0,-5.713050365E0
7.391697062E1,5.197050095E0,3.763950109E0,-2.959950209E0
7.391941392E1,2.638050079E0,3.235050201E0,3.220500052E-1
7.392185738E1,2.701950073E0,5.040000439E0,5.151000023E0
7.392430077E1,3.835050106E0,1.123605061E1,3.102000237E0
7.392674438E1,4.120050430E0,1.104195023E1,-7.830000520E-1
7.392918777E1,3.045000076E0,6.985950470E0,2.146050215E0
7.393163116E1,3.346050262E0,7.780950546E0,-6.210000515E-1
7.393407462E1,2.008050203E0,9.012000084E0,9.319500327E-1
7.393651800E1,3.753000259E0,9.298950195E0,3.730950117E0
7.393896138E1,6.670050144E0,8.233950615E0,-5.010000467E-1
7.394140500E1,7.120050430E0,5.634000301E0,-9.376950264E0
7.394384838E1,6.748950481E0,5.803950310E0,-1.609695053E1
7.394629178E1,9.427950859E0,5.452050209E0,-2.322705078E1
7.394873524E1,6.073050499E0,7.207050323E0,-1.905705070E1
7.395117862E1,8.899500370E-1,4.951050282E0,-1.325805092E1
7.395362224E1,7.960500121E-1,4.723950386E0,-5.365950108E0
7.395606562E1,2.595000029E0,3.594000101E0,-1.720050097E0
7.395850900E1,5.791050434E0,4.159049988E0,4.339500070E-1
7.396095238E1,5.056050301E0,5.928000450E0,3.661950111E0
7.396339584E1,3.157050133E0,2.692950010E0,1.605000019E0
7.396583923E1,5.197050095E0,5.715000153E0,3.786000252E0
7.396828261E1,7.849950314E0,1.067100048E1,7.840500474E-1
7.397072622E1,6.028050423E0,8.299050331E0,-6.060000062E-1
7.397316960E1,4.330049992E0,8.116950035E0,-2.449950218E0
7.397561299E1,2.230950117E0,8.884950638E0,-4.786950111E0
7.397805645E1,3.400950193E0,8.346000671E0,-4.984950066E0
7.398049983E1,8.149050713E0,7.210950375E0,-8.632050514E0
7.398294323E1,5.293050289E0,5.587950230E0,-8.305950165E0
7.398538661E1,4.948050022E0,6.187050343E0,-5.500050068E0
7.398783023E1,1.048905087E1,1.105905056E1,-1.137105083E1
7.399027361E1,6.718050480E0,8.884950638E0,-1.447395039E1
7.399271700E1,1.266000032E0,7.993950367E0,-7.923000336E0
7.399516046E1,1.939050078E0,6.642000198E0,-3.943950176E0
7.399760384E1,6.277050495E0,7.171050549E0,-5.469000340E0
7.400004746E1,9.985950470E0,3.808950186E0,-7.711950302E0
7.400249084E1,6.540000439E0,1.390950084E0,-5.364000320E0
7.400493423E1,2.554050207E0,2.734050035E0,-2.419500053E-1
7.400737770E1,3.661950111E0,8.217000008E0,5.524950027E0
7.400982109E1,5.953950405E0,1.401600075E1,3.718950272E0
7.401226447E1,4.534049988E0,1.032405090E1,6.090000272E-1
7.401470809E1,2.587050200E0,8.109000206E0,3.588000059E0
7.401715147E1,2.044049978E0,9.571950912E0,5.490000248E-1
7.401959485E1,2.227950096E0,1.207905102E1,1.099950075E0
7.402203831E1,8.959050179E0,7.690050602E0,-1.435050011E0
7.402448169E1,5.868000507E0,4.390950203E0,-8.557950020E0
7.402692531E1,5.245050430E0,6.400050163E0,-1.101705074E1
7.402936846E1,1.057200050E1,1.132200050E1,-1.903005028E1
7.403181206E1,4.174950123E0,8.787000656E0,-1.976100159E1
7.403425545E1,4.350000322E-1,7.044000149E0,-1.230195045E1
7.403669891E1,4.635000229E0,8.275050163E0,-6.309000492E0
7.403914229E1,7.924050331E0,6.352050304E0,-3.606000185E0
7.404158568E1,9.246000290E0,4.456050396E0,-3.870000124E0
7.404402929E1,4.681950092E0,1.522950053E0,-2.932950258E0
7.404647268E1,2.568000078E0,1.774050117E0,4.819500148E-1
7.404891606E1,5.631000042E0,1.033800030E1,6.195000172E0
7.405135952E1,6.922950268E0,1.489005089E1,3.256950140E0
7.405380291E1,4.326000214E0,8.317950249E0,1.725000024E0
7.405624629E1,2.203950167E0,7.875000477E0,4.180950165E0
7.405868967E1,1.263000011E0,1.154805088E1,-2.890050173E0
7.406113329E1,6.562050343E0,1.152600098E1,1.267050028E0
7.406357667E1,8.974950790E0,7.081950188E0,-1.146405029E1
7.406602006E1,3.331950188E0,4.755000114E0,-5.428050041E0
7.406846352E1,7.255950451E0,1.075695038E1,-1.059300041E1
7.407090691E1,9.052050591E0,1.314000034E1,-1.633005142E1
7.407335052E1,1.957950115E0,8.605050087E0,-1.780200005E1
7.407579391E1,2.310000062E-1,8.992950439E0,-7.444050312E0
7.407823730E1,5.259000301E0,9.345000267E0,-1.674000025E0
7.408068075E1,1.102995014E1,7.987050533E0,-4.960950375E0
7.408312414E1,8.202000618E0,3.133950233E0,-7.024950504E0
7.408556752E1,5.677950382E0,1.489050031E0,-4.051949978E0
7.408801091E1,4.491000175E0,6.715950489E0,4.339500070E-1
7.409045452E1,6.472950459E0,1.103505039E1,3.003000259E0
7.409289791E1,6.730050087E0,1.170105076E1,3.549000263E0
7.409534130E1,4.243950367E0,7.762050152E0,4.129500091E-1
7.409778475E1,1.800000072E0,7.585050583E0,1.351050019E0
7.410022814E1,1.693950057E0,1.112595081E1,2.853000164E0
7.410267152E1,5.757000446E0,1.131105042E1,-7.930050373E0
7.410511515E1,3.607050180E0,5.824950218E0,-1.049700069E1
7.410755854E1,3.315000057E0,5.358000278E0,-1.090905094E1
7.411000200E1,1.000695038E1,1.035495090E1,-1.220895100E1
7.411244531E1,4.897950172E0,9.064949989E0,-1.618305016E1
7.411488876E1,-6.180000305E-1,7.555950165E0,-9.421950340E0
7.411733239E1,2.656950235E0,8.842050552E0,4.180500209E-1
7.411977578E1,7.045950413E0,9.216000557E0,2.790000141E-1
7.412221916E1,8.913000107E0,4.209000111E0,-4.867950439E0
7.412466254E1,5.370000362E0,-2.295000106E-2,-6.999000549E0
7.412710600E1,5.527950287E0,2.872950077E0,-1.084950089E0
7.412954939E1,5.769000053E0,9.673050880E0,2.580000162E0
7.413199278E1,6.298950195E0,1.210800076E1,1.749000072E0
7.413443639E1,4.558050156E0,8.832000732E0,1.533000112E0
7.413687978E1,2.425050020E0,8.820000648E0,2.481000185E0
7.413932316E1,1.396950126E0,1.401600075E1,-1.426950097E0
7.414176656E1,6.466050148E0,1.465305042E1,3.415050268E0
7.414421002E1,8.394000053E0,9.658050537E0,-1.169700050E1
7.414665341E1,5.677950382E0,5.622000217E0,-7.461000443E0
7.414909702E1,7.074000359E0,1.028805065E1,-9.772050858E0
7.415154040E1,8.230950356E0,1.640999985E1,-1.204605103E1
7.415398378E1,2.539950132E0,1.012995052E1,-1.159095097E1
7.415642724E1,-8.400000334E-1,8.131050110E0,-5.292000294E0
7.415887063E1,2.712000132E0,9.697050095E0,-1.513950109E0
7.416131402E1,8.419950485E0,8.623950005E0,-5.722950459E0
7.416375762E1,5.556000233E0,3.900000155E-1,-1.186395073E1
7.416620101E1,3.913950205E0,-8.539500237E-1,-1.026195049E1
7.416864440E1,3.619050264E0,3.843000174E0,-4.078050137E0
7.417108785E1,5.692950249E0,7.627950191E0,1.251000047E0
7.417353124E1,5.677950382E0,8.145000458E0,3.396000147E0
7.417597461E1,2.500950098E0,2.353049994E0,7.020000219E-1
7.417841800E1,9.690000415E-1,4.060950279E0,2.722950220E0
7.418086161E1,1.579050064E0,1.154505062E1,3.124950171E0
7.418330500E1,4.141050339E0,6.747000217E0,-2.215050220E0
7.418574838E1,1.824000120E0,-9.495000541E-2,-4.650000334E-1
7.418819184E1,3.712950230E0,-1.930500120E-1,7.309500575E-1
7.419063523E1,4.443000317E0,4.237950325E0,-1.765050054E0
7.419307884E1,7.627050400E0,7.381050587E0,-1.414095020E1
7.419552223E1,2.176050186E0,1.288050056E0,-1.083000088E1
7.419796561E1,3.021000147E0,5.430000305E0,-7.561950207E0
7.420040906E1,9.751049995E0,4.365000248E0,-8.697000504E0
7.420285244E1,8.809950829E0,4.611000061E0,-9.433950424E0
7.420529583E1,2.491950035E0,4.192049980E0,-3.195000067E-2
7.420773944E1,2.508000135E0,6.988950253E0,4.567049980E0
7.421018283E1,6.361050129E0,1.450695038E1,1.264950037E0
7.421262621E1,5.640000343E0,1.177500057E1,-1.116000056E0
7.421506960E1,2.833950043E0,6.373050213E0,-6.640500426E-1
7.421751306E1,1.402050018E0,8.502000809E0,1.180950046E0
7.421995644E1,3.652950287E0,1.292400074E1,-5.586000443E0
7.422240006E1,6.057000160E0,1.066905022E1,-1.028205013E1
7.422484344E1,3.174000263E0,7.092000484E0,-6.874050140E0
7.422728683E1,2.213999987E0,6.180000305E0,-3.585000277E0
7.422973029E1,6.100050449E0,1.155495071E1,-4.708050251E0
7.423217367E1,4.396950245E0,1.124100018E1,-8.740050316E0
7.423461706E1,1.690500081E-1,5.113950253E0,-4.672049999E0
7.423706068E1,4.879500270E-1,3.943050146E0,9.160500169E-1
7.423950406E1,4.093050003E0,1.247400093E1,1.507050037E0
7.424194745E1,3.289050102E0,1.190895081E1,-3.958050251E0
7.424439083E1,5.070000291E-1,1.723950028E0,-4.909500182E-1
7.424683429E1,1.048050046E0,1.440000087E-1,6.469500065E-1
7.424927770E1,4.603050232E0,9.570000648E0,1.200000048E0
7.425172108E1,7.483950138E0,1.427895069E1,-3.537000179E0
7.425416470E1,2.947050095E0,5.629050255E0,-3.558000088E0
7.425660808E1,1.960500032E-1,3.007050037E0,5.419500470E-1
7.425905147E1,1.579050064E0,1.000800037E1,9.469500184E-1
7.426149494E1,4.054950237E0,1.300995064E1,-1.678950071E0
7.426393832E1,2.875050068E0,5.974050522E0,-4.159049988E0
7.426638194E1,1.302000046E0,2.035050154E0,-4.579500258E-1
7.426882532E1,4.728000164E0,1.002705002E1,-2.602950096E0
7.427126871E1,8.572950363E0,1.404000092E1,-8.409000397E0
7.427371217E1,3.447000265E0,7.786050320E0,-1.034895039E1
7.427615555E1,-3.330000043E-1,5.229000092E0,-2.761050224E0
7.427859894E1,1.417050123E0,8.133000374E0,-6.349500418E-1
7.428104232E1,4.884000301E0,1.424100113E1,-2.470950127E0
7.428348594E1,2.494050026E0,6.382950306E0,-3.577950239E0
7.428592932E1,3.540000021E-1,5.550000072E-1,-5.080500245E-1
7.428837271E1,2.997000217E0,4.744950294E0,1.188000083E0
7.429081617E1,6.897000313E0,1.257195091E1,-8.310000300E-1
7.429325955E1,4.873950005E0,8.593050003E0,-3.534000158E0
7.429570293E1,1.141050100E0,3.742050171E0,-2.854050159E0
7.429814654E1,7.960500121E-1,6.499950409E0,1.690500081E-1
7.430058993E1,4.249050140E0,1.158300018E1,-2.251049995E0
7.430303339E1,5.239950180E0,8.107049942E0,-5.026050091E0
7.430547678E1,2.845950127E0,2.799000025E0,-4.324950218E0
7.430792014E1,2.536950111E0,5.296050072E0,-1.387050033E0
7.431036353E1,5.803050041E0,1.066395092E1,-2.128950119E0
7.431280714E1,6.066000462E0,9.424050331E0,-6.357000351E0
7.431525053E1,2.034000158E0,4.804950237E0,-6.123000145E0
7.431769391E1,1.210500076E-1,6.529050350E0,-3.124950171E0
7.432013737E1,3.943050146E0,9.579000473E0,-1.948950052E0
7.432258076E1,7.326000214E0,9.994050026E0,-6.505950451E0
7.432502414E1,4.383000374E0,4.747950077E0,-6.810000420E0
7.432746775E1,1.594050050E0,3.469050169E0,-1.387050033E0
7.432991114E1,3.568950176E0,8.181000710E0,1.023000002E0
7.433235450E1,5.868000507E0,1.199295044E1,-7.450500131E-1
7.433479789E1,4.085999966E0,7.999050617E0,-3.538950205E0
7.433724135E1,1.338000059E0,5.623950481E0,-2.719950199E0
7.433968474E1,2.341050148E0,8.266950607E0,-2.248950005E0
7.434212835E1,5.535000324E0,9.745050430E0,-3.309000254E0
7.434457174E1,6.291000366E0,7.044000149E0,-5.895000458E0
7.434701513E1,2.994000196E0,3.610050201E0,-4.036950111E0
7.434945859E1,1.611000061E0,4.683000088E0,1.129500046E-1
7.435190197E1,5.271000385E0,1.018305016E1,2.550000250E-1
7.435434536E1,5.566050053E0,1.128195095E1,-2.814000130E0
7.435678898E1,2.386050224E0,5.815950394E0,-2.554950237E0
7.435923236E1,1.102950096E0,6.694050312E0,-2.766000032E0
7.436167575E1,4.078950405E0,9.232050896E0,-3.003000259E0
7.436411921E1,7.699050426E0,8.536050797E0,-4.674000263E0
7.436656259E1,4.426050186E0,4.906050205E0,-5.953050137E0
7.436900598E1,1.765950084E0,5.437050343E0,-1.425000072E0
7.437144959E1,2.767050028E0,8.185950279E0,1.011000037E0
7.437389298E1,5.311950207E0,1.151205063E1,6.520500183E-1
7.437633636E1,5.077050209E0,8.224050522E0,-3.811950207E0
7.437877982E1,2.188050032E0,6.036000252E0,-4.480050087E0
7.438122321E1,2.464950085E0,8.883000374E0,-5.845050335E0
7.438366659E1,5.386050224E0,8.056950569E0,-4.027950287E0
7.438611021E1,7.563000202E0,6.718050480E0,-6.180000305E0
7.438855359E1,4.591050148E0,5.514000416E0,-5.802000046E0
7.439099698E1,1.954950094E0,7.234950542E0,-2.026050091E0
7.439344044E1,3.397050142E0,9.891000748E0,-4.630500078E-1
7.439588382E1,5.644950390E0,9.607950211E0,-3.381000042E0
7.439832721E1,4.062000275E0,7.144050121E0,-6.501000404E0
7.440077059E1,1.134000063E0,6.948000431E0,-5.553000450E0
7.440321421E1,7.510500550E-1,5.952000141E0,-1.746000051E0
7.440565759E1,6.078000069E0,7.092000484E0,-4.510500133E-1
7.440810098E1,7.690050602E0,4.896000385E0,-4.624050140E0
7.441054444E1,3.105000257E0,4.639950275E0,-3.610950232E0
7.441298782E1,2.994000196E0,7.603950500E0,-7.039500475E-1
7.441543145E1,2.611050129E0,9.337950706E0,8.580000401E-1
7.441787484E1,3.600000143E0,1.113600063E1,-1.272000074E0
7.442031822E1,2.620950222E0,8.698050499E0,-3.229950190E0
7.442276168E1,1.852050066E0,7.657050133E0,-3.505950212E0
7.442520507E1,2.956050158E0,7.651950359E0,-3.654000282E0
7.442764845E1,4.927050114E0,8.787000656E0,-3.562950134E0
7.443009206E1,5.215950012E0,7.888950348E0,-6.526950359E0
7.443253545E1,2.647050142E0,7.879950523E0,-4.363049984E0
7.443497883E1,2.626050234E0,8.977950096E0,-9.105000645E-2
7.443742222E1,3.757950068E0,1.159305096E1,5.970000029E-1
7.443986566E1,3.346050262E0,1.283805084E1,-1.144950032E0
7.444230904E1,1.768950105E0,9.814050674E0,-1.224000096E0
7.444475243E1,5.089499950E-1,7.200000286E0,-3.601050138E0
7.444719604E1,1.857000113E0,8.392050743E0,-2.512050152E0
7.444963943E1,5.020050049E0,1.177005100E1,-5.349000454E0
7.445208288E1,3.865950108E0,8.562000275E0,-7.380000114E0
7.445452626E1,1.144050002E0,8.461050034E0,-5.028000355E0
7.445696965E1,2.073000193E0,8.665050507E0,3.619500101E-1
7.445941326E1,3.828000069E0,1.195200062E1,1.710000038E0
7.446185665E1,4.363950253E0,1.252695084E1,-2.139000177E0
7.446430003E1,2.853000164E0,7.249950409E0,-4.264950275E0
7.446674342E1,2.662050009E0,6.781050205E0,-6.192000389E0
7.446918688E1,4.615050316E0,8.605050087E0,-4.522950172E0
7.447163026E1,7.836000443E0,8.470950127E0,-7.305000305E0
7.447407365E1,6.684000492E0,8.191050529E0,-9.525000572E0
7.447651726E1,3.496950150E0,8.574000359E0,-5.791950226E0
7.447896065E1,2.463000059E0,1.057305050E1,4.180500209E-1
7.448140403E1,5.287950039E0,1.176495075E1,8.460000157E-1
7.448384749E1,7.041000366E0,1.114305019E1,-3.384000063E0
7.448629088E1,6.028050423E0,7.189950466E0,-6.328950405E0
7.448873449E1,5.314950466E0,7.540050507E0,-5.749050140E0
7.449117765E1,5.377050400E0,9.622950554E0,-3.925050259E0
7.449362126E1,7.234950542E0,1.065000057E1,-4.341000080E0
7.449606465E1,4.945950031E0,1.052505016E1,-4.729050159E0
7.449850811E1,2.353049994E0,1.072395039E1,-1.123050094E0
7.450095149E1,2.592000008E0,1.100595093E1,1.381950021E0
7.450339488E1,4.474050045E0,1.498305035E1,2.626950026E0
7.450583849E1,4.960050106E0,1.482495117E1,3.051000118E0
7.450828188E1,2.856000185E0,1.074105072E1,-1.795950055E0
7.451072526E1,1.231950045E0,9.769050598E0,-2.443050146E0
7.451316872E1,2.668950081E0,1.087200069E1,-3.613050222E0
7.451561211E1,3.610050201E0,1.326405048E1,-5.176950455E0
7.451805550E1,2.797950029E0,1.072200012E1,-2.950050116E0
7.452049888E1,3.571050167E0,9.586950302E0,2.639999986E-1
7.452294249E1,3.931050301E0,1.414095020E1,2.347050190E0
7.452538596E1,5.776950359E0,1.536900043E1,-1.645050049E0
7.452782927E1,2.713950157E0,1.238595104E1,3.979500234E-1
7.453027273E1,5.190000534E-1,9.265950203E0,-1.972950101E0
7.453271612E1,3.124050140E0,9.004950523E0,2.860500216E-1
7.453515973E1,6.298950195E0,1.525905037E1,4.129500091E-1
7.453760313E1,3.106950045E0,1.450395107E1,-7.099950314E0
7.454004651E1,4.879500270E-1,6.579000473E0,-5.052000046E0
7.454248997E1,-1.870500147E-1,6.340050220E0,-2.601000071E0
7.454493336E1,3.022950172E0,1.403805065E1,3.169500232E-1
7.454737674E1,6.085050106E0,1.553895092E1,-3.999000072E0
7.454982036E1,4.057950020E0,8.490000725E0,-7.357950211E0
7.455226375E1,1.002000093E0,6.388050079E0,-4.565999985E0
7.455470714E1,3.343950272E0,8.598000526E0,-1.744050026E0
7.455715052E1,8.752950668E0,1.119795036E1,-6.709050179E0
7.455959398E1,8.737950325E0,9.556050301E0,-1.261605072E1
7.456203737E1,4.548000336E0,5.770050049E0,-1.014495087E1
7.456448075E1,3.286950111E0,7.396050453E0,-5.148000240E0
7.456692436E1,6.958950520E0,1.204800034E1,-5.092950344E0
7.456936775E1,7.548000336E0,9.019050598E0,-8.542950630E0
7.457181121E1,3.889950275E0,3.454950094E0,-6.316950321E0
7.457425460E1,2.536950111E0,3.202950239E0,-5.890500546E-1
7.457669798E1,6.250950336E0,7.486950397E0,-3.190050125E0
7.457914160E1,7.867050171E0,5.470950127E0,-8.857050896E0
7.458158498E1,4.150950432E0,-2.359500080E-1,-4.827000141E0
7.458402837E1,3.199950218E0,1.582950115E0,-3.135000229E0
7.458647183E1,4.491000175E0,6.487950325E0,-2.380050182E0
7.458891521E1,7.375950336E0,7.012950420E0,-1.602000117E0
7.459135860E1,5.034000397E0,5.140050411E0,-1.155000091E0
7.459380221E1,2.425050020E0,6.211050510E0,-3.714000225E0
7.459624560E1,3.672000170E0,7.699950218E0,-5.560050488E0
7.459868906E1,5.635050297E0,7.125000477E0,-8.515049934E0
7.460113237E1,5.101050377E0,5.602950096E0,-8.797050476E0
7.460357583E1,1.681950092E0,5.140050411E0,-3.871950150E0
7.460601921E1,4.005000114E0,7.531950474E0,-1.411050081E0
7.460846283E1,7.654050350E0,1.173705101E1,-7.260000229E0
7.461090621E1,5.140050411E0,5.988000393E0,-5.722950459E0
7.461334960E1,2.167950153E0,2.988000154E0,-6.490500569E-1
7.461579306E1,4.254000187E0,6.775950432E0,-2.862000227E0
7.461823644E1,9.531000137E0,9.330000877E0,-5.317950249E0
7.462067983E1,7.450050354E0,3.439950228E0,-1.066500092E1
7.462312321E1,1.186950088E0,2.739000082E0,-4.686000347E0
7.462556683E1,2.374050140E0,6.712950230E0,-2.613000154E0
7.462801021E1,5.446050167E0,1.090305042E1,-2.056950092E0
7.463045360E1,5.278950214E0,9.610950470E0,-2.317950010E0
7.463289706E1,2.142000198E0,6.430950165E0,-2.230500132E-1
7.463534044E1,6.240000129E-1,5.605050087E0,1.834950089E0
7.463778383E1,3.591000080E0,8.806050301E0,-1.963950038E0
7.464022744E1,6.982950211E0,8.689050674E0,-6.775950432E0
7.464267083E1,3.895050287E0,3.511950254E0,-9.511050224E0
7.464511421E1,4.470000267E-1,4.101000309E0,-6.352950096E0
7.464755760E1,7.065000534E0,8.047050476E0,-5.103000164E0
7.465000106E1,6.208050251E0,5.317950249E0,-7.360950470E0
7.465244467E1,9.139500260E-1,3.316050053E0,-4.401000023E0
7.465488806E1,1.033950090E0,3.579000235E0,1.867950082E0
7.465733144E1,3.933000088E0,5.581050396E0,2.568000078E0
7.465977483E1,8.833950043E0,6.943050385E0,-2.284950018E0
7.466221829E1,4.879050255E0,2.116050005E0,-4.710000038E0
7.466466168E1,3.475950241E0,2.476050138E0,-1.114050031E0
7.466710506E1,5.547000408E0,9.510000229E0,-6.490500569E-1
7.466954868E1,5.938950062E0,1.386495113E1,-1.200000010E-2
7.467199206E1,3.423000097E0,9.330000877E0,-1.356000066E0
7.467443545E1,8.970000148E-1,6.855000496E0,1.051950097E0
7.467687891E1,1.765950084E0,8.887950897E0,7.120500207E-1
7.467932230E1,5.772000313E0,1.179195023E1,-5.055000305E0
7.468176592E1,5.286000252E0,6.340050220E0,-7.321950436E0
7.468420908E1,2.725950241E0,3.663000107E0,-4.198050022E0
7.468665269E1,4.195950031E0,9.297000885E0,-3.679950237E0
7.468909608E1,7.675050259E0,1.339605045E1,-7.771950245E0
7.469153954E1,3.270000219E0,7.164000511E0,-6.697050095E0
7.469398293E1,1.950000064E-3,4.968000412E0,-3.379500210E-1
7.469642631E1,3.052050114E0,9.931050301E0,1.975950122E0
7.469886993E1,6.648000240E0,1.194000053E1,-1.228950024E0
7.470131331E1,3.571050167E0,4.231050014E0,-4.677000046E0
7.470375669E1,8.989500403E-1,9.430500269E-1,-2.953050137E0
7.470620015E1,4.986000061E0,6.898050308E0,-1.765050054E0
7.470864354E1,7.656000137E0,1.352805042E1,-2.677050114E0
7.471108692E1,3.811050177E0,8.551950455E0,-1.609050035E0
7.471353030E1,9.469500184E-1,4.719000340E0,-4.030500054E-1
7.471597393E1,6.790500283E-1,7.462950230E0,1.810950041E0
7.471841732E1,5.335950375E0,1.252695084E1,-3.757050276E0
7.472086070E1,6.514050484E0,7.231050491E0,-8.850000381E0
7.472330416E1,2.652000189E0,2.587950230E0,-8.263050079E0
7.472574755E1,5.379000187E0,5.005950451E0,-8.548050880E0
7.472819092E1,8.274000168E0,9.280050278E0,-7.851000309E0
7.473063453E1,2.853000164E0,6.378000259E0,-8.062050819E0
7.473307792E1,5.020500422E-1,4.089000225E0,-3.481950283E0
7.473552138E1,3.718050241E0,7.687950134E0,1.144950032E0
7.473796476E1,6.933000565E0,9.606000900E0,-2.329950094E0
7.474040814E1,4.816050053E0,4.765050411E0,-4.408050060E0
7.474285152E1,3.271950245E0,3.165000200E0,-3.384000063E0
7.474529513E1,5.326050282E0,7.602000237E0,-6.780000329E-1
7.474773852E1,5.815050125E0,1.012305069E1,-3.982050180E0
7.475018190E1,2.046000004E0,9.321000099E0,-6.147000313E0
7.475262536E1,1.519500017E-1,7.975050449E0,-3.493950129E0
7.475506875E1,1.666050076E0,1.012500095E1,1.167000055E0
7.475751214E1,4.813950062E0,1.303695107E1,-2.593050241E0
7.475995575E1,5.686050415E0,9.081000328E0,-6.979950428E0
7.476239914E1,4.603050232E0,4.645050049E0,-4.201950073E0
7.476484260E1,6.283950329E0,9.910050392E0,-5.104950428E0
7.476728598E1,1.036905003E1,1.301805019E1,-1.074600029E1
7.476972937E1,2.977950096E0,8.124000549E0,-1.006095028E1
7.477217275E1,2.340000123E-1,5.854050159E0,-2.328000069E0
7.477461636E1,2.416950226E0,1.020195007E1,1.306050062E0
7.477705978E1,6.279000282E0,1.396305084E1,-2.650950193E0
7.477950316E1,3.198000193E0,6.328050137E0,-4.068000317E0
7.478194662E1,1.785000086E0,1.819950104E0,-6.919500232E-1
7.478439001E1,7.740000248E0,7.567950249E0,4.489500225E-1
7.478683340E1,8.764950752E0,1.228500080E1,-3.781050205E0
7.478927701E1,3.756000280E0,9.091050148E0,-5.998050213E0
7.479172040E1,8.779500127E-1,6.265950203E0,-2.104950190E0
7.479416386E1,1.783050060E0,9.603000641E0,5.419500470E-1
7.479660716E1,4.230000019E0,1.454295063E1,-4.750950336E0
7.479905062E1,3.913950205E0,7.827000141E0,-5.919000149E0
7.480149400E1,4.752000332E0,4.075050354E0,-6.478950500E0
7.480393761E1,9.739050865E0,7.330950260E0,-6.769050121E0
7.480638100E1,6.828000546E0,7.969950199E0,-1.000605011E1
7.480882438E1,1.162950039E0,6.283050060E0,-6.111000061E0
7.481126785E1,1.915050149E0,7.024950504E0,5.680500269E-1
7.481371124E1,6.006000519E0,9.430950165E0,-1.990500093E-1
7.481615463E1,5.226000309E0,6.651000500E0,-3.853050232E0
7.481859824E1,2.595000029E0,2.827950239E0,-4.336950302E0
7.482104162E1,4.645950317E0,2.775000095E0,-9.850500226E-1
7.482348503E1,9.391950607E0,6.972000122E0,-1.558950067E0
7.482592848E1,6.138000488E0,7.693050385E0,-4.036950111E0
7.482837187E1,2.128050089E0,6.555000305E0,-4.258049965E0
7.483081548E1,1.266000032E0,7.200000286E0,-1.039950013E0
7.483325864E1,4.321050167E0,1.293600082E1,-2.172000170E0
7.483570223E1,4.632000446E0,1.060200024E1,-7.653000355E0
7.483814570E1,3.136050224E0,5.691000462E0,-8.152950287E0
7.484058908E1,6.363000393E0,6.115050316E0,-7.027950287E0
7.484303247E1,9.718050003E0,7.762050152E0,-9.385950089E0
7.484547585E1,2.511000156E0,5.842050076E0,-8.887950897E0
7.484791947E1,2.359500080E-1,5.473050117E0,-1.096950054E0
7.485036286E1,3.409050226E0,7.432050228E0,5.350500345E-1
7.485280624E1,7.726050377E0,8.128950119E0,-2.743950129E0
7.485524970E1,4.258950233E0,4.104000092E0,-6.763950348E0
7.485769309E1,1.527000070E0,3.625050068E0,-3.889050245E0
7.486013647E1,7.729950428E0,6.651000500E0,-1.593000054E0
7.486257985E1,8.817000389E0,8.281949997E0,-3.391050100E0
7.486502347E1,4.048050404E0,7.744950294E0,-5.289000034E0
7.486746685E1,1.438050032E0,7.309950352E0,-3.940950155E0
7.486991024E1,3.358050108E0,1.077900028E1,-1.240950108E0
7.487235370E1,7.528950214E0,1.127700043E1,-7.966050148E0
7.487479708E1,6.258000374E0,7.474950314E0,-9.846000671E0
7.487724070E1,7.455000401E0,7.410000324E0,-9.060000420E0
7.487968408E1,9.823050499E0,8.677050591E0,-7.501950264E0
7.488212747E1,5.554050446E0,8.334000587E0,-9.369000435E0
7.488457094E1,2.070000172E-1,7.687950134E0,-5.349000454E0
7.488701432E1,1.390050054E0,7.780950546E0,6.640500426E-1
7.488945771E1,5.851050377E0,9.562950134E0,-1.375050068E0
7.489190132E1,5.734050274E0,7.501050472E0,-6.391050339E0
7.489434471E1,1.741950035E0,5.073000431E0,-5.086050034E0
7.489678812E1,2.046000004E0,7.282950401E0,-1.312950015E0
7.489923150E1,6.033000469E0,1.185600090E1,1.299000025E0
7.490167496E1,5.925000191E0,1.238805103E1,-1.015950084E0
7.490411858E1,3.354000092E0,8.562000275E0,-1.339050055E0
7.490656173E1,2.968050241E0,7.812000275E0,-2.659500241E-1
7.490900533E1,4.771050453E0,1.349400043E1,2.083950043E0
7.491144871E1,2.950950146E0,1.364295101E1,-7.023000240E0
7.491389217E1,1.134000063E0,5.932950497E0,-3.400050163E0
7.491633556E1,1.570050120E0,4.932000160E0,-1.534950018E0
7.491877894E1,4.165050030E0,1.355400085E1,-5.062050343E0
7.492122255E1,4.563000202E0,1.114500046E1,-6.376050472E0
7.492366594E1,1.183950067E0,5.188050270E0,-1.960950136E0
7.492610932E1,1.158000112E0,6.306000233E0,2.070000172E-1
7.492855278E1,4.492950439E0,1.130295086E1,-3.373950243E0
7.493099617E1,3.604950190E0,6.850050449E0,-8.239050865E0
7.493343955E1,7.650000453E-1,4.140000343E-1,-1.261950016E0
7.493588294E1,2.415000200E0,3.064950228E0,-1.171050072E0
7.493832655E1,9.514050484E0,1.078095055E1,-8.599500656E-1
7.494076994E1,4.843050003E0,7.717050552E0,3.169500232E-1
7.494321332E1,1.918950081E0,3.259050131E0,9.130500555E-1
7.494565679E1,3.370050192E0,9.553050041E0,-4.669500291E-1
7.494810017E1,4.105050087E0,1.220595074E1,-7.252950191E0
7.495054356E1,2.142000198E0,6.823950291E0,-7.926000595E0
7.495298694E1,4.297049999E0,6.711000443E0,-7.756050587E0
7.495543056E1,8.295000076E0,6.333000183E0,-7.140000343E0
7.495787402E1,3.090000153E0,5.418000221E0,-7.425000191E0
7.496031741E1,-5.239500403E-1,4.309950352E0,-1.753050089E0
7.496276079E1,3.516000271E0,6.430950165E0,1.047000051E0
7.496520418E1,8.532000542E0,7.111050129E0,-3.630000114E0
7.496764779E1,4.338000298E0,3.282000065E0,-7.510950565E0
7.497009115E1,6.000000238E-1,3.345000267E0,-4.849050045E0
7.497253453E1,5.056050301E0,6.718050480E0,-1.171050072E0
7.497497799E1,8.683050156E0,7.657050133E0,-1.521000028E0
7.497742138E1,3.310050249E0,5.617050171E0,-1.981050134E0
7.497986476E1,1.876050115E0,5.491950035E0,3.390000165E-1
7.498230838E1,2.583000183E0,1.077405071E1,-4.579500258E-1
7.498475176E1,3.591000080E0,1.151400089E1,-5.584050179E0
7.498719523E1,2.286000013E0,5.808000088E0,-7.341000557E0
7.498963853E1,2.215950012E0,6.346950531E0,-6.718950272E0
7.499208199E1,6.964050293E0,7.944000244E0,-6.429000378E0
7.499452538E1,4.792950153E0,6.148050308E0,-8.605950356E0
7.499696899E1,-5.430000424E-1,4.437000275E0,-3.493950129E0
7.499941238E1,1.510050058E0,5.587950230E0,3.769500256E-1
7.500185576E1,6.580950260E0,8.752950668E0,-2.950050116E0
7.500429921E1,5.590050220E0,5.064000130E0,-4.897050381E0
7.500674260E1,1.933950067E0,3.208050251E0,-4.114050388E0
7.500918598E1,5.578050137E0,6.702000141E0,-1.957050085E0
7.501162959E1,7.732950211E0,9.036000252E0,-3.409950256E0
7.501407298E1,2.482050180E0,7.591950417E0,-3.883950233E0
7.501651637E1,9.979500771E-1,7.065000534E0,-1.855950117E0
7.501895975E1,1.678050041E0,9.382950783E0,-1.518000126E0
7.502140321E1,4.417050362E0,9.164999962E0,-5.019000053E0
7.502384660E1,3.685950279E0,5.056950092E0,-7.546950340E0
7.502628998E1,5.781000137E0,5.815950394E0,-7.377000332E0
7.502873362E1,9.579000473E0,7.338000298E0,-9.300000191E0
7.503117700E1,4.327950001E0,5.911050320E0,-9.040950775E0
7.503362046E1,-3.589500189E-1,4.807950020E0,-2.470950127E0
7.503606385E1,2.695050240E0,6.847950459E0,2.806950092E0
7.503850724E1,6.298950195E0,9.847950935E0,-7.695000619E-2
7.504095084E1,3.733950138E0,4.788000107E0,-5.203050137E0
7.504339423E1,4.905000329E-2,3.433050156E0,-4.272000313E0
7.504583762E1,2.599050045E0,5.844000340E0,-1.866000056E0
7.504828100E1,8.338050842E0,9.262950897E0,-3.261000156E0
7.505072446E1,4.627050400E0,7.671000481E0,-5.469000340E0
7.505316785E1,9.930000305E-1,6.294000149E0,-4.939500093E-1
7.505561124E1,2.815050125E0,9.204000473E0,1.681950092E0
7.505805485E1,4.993950367E0,1.372200108E1,-3.372000217E0
7.506049824E1,3.877950191E0,7.699950218E0,-7.183050156E0
7.506294162E1,2.896050215E0,5.269950390E0,-4.738950253E0
7.506538507E1,7.447950363E0,1.073295021E1,-7.516050339E0
7.506782845E1,7.444950581E0,8.380050659E0,-1.106205082E1
7.507027207E1,1.549500078E-1,5.914050102E0,-8.425950050E0
7.507271522E1,1.371000051E0,6.910050392E0,-8.500500321E-1
7.507515884E1,5.628000259E0,9.298950195E0,-8.770500422E-1
7.507760221E1,5.086950302E0,5.842050076E0,-5.268000126E0
7.508004567E1,7.819500566E-1,4.128000259E0,-3.058050156E0
7.508248905E1,4.057950020E0,6.196050167E0,-9.100500345E-1
7.508493244E1,7.917000294E0,9.225000381E0,-1.606950045E0
7.508737605E1,3.543000221E0,7.687950134E0,-2.296950102E0
7.508981942E1,2.134950161E0,7.654050350E0,-7.260000110E-1
7.509226280E1,2.472000122E0,1.049400043E1,-4.339500070E-1
7.509470626E1,3.769950151E0,1.151205063E1,-4.030050278E0
7.509714965E1,3.210000038E0,8.381999969E0,-7.111950397E0
7.509959303E1,4.423950195E0,7.968000412E0,-6.610950470E0
7.510203665E1,8.410050392E0,9.694050789E0,-6.963000298E0
7.510448003E1,6.555000305E0,8.064000130E0,-8.493000031E0
7.510692349E1,3.940500319E-1,6.594000340E0,-4.104000092E0
7.510936688E1,1.476000071E0,7.924950600E0,3.940500319E-1
7.511181027E1,5.695050240E0,1.116705036E1,-1.995000124E0
7.511425366E1,5.614050388E0,6.832950115E0,-6.685050488E0
7.511669727E1,9.349500537E-1,3.555000067E0,-3.867000103E0
7.511914066E1,2.293050051E0,6.814050198E0,-5.700000525E-1
7.512158404E1,8.710050583E0,1.180905056E1,-9.990000725E-1
7.512402752E1,4.584000111E0,8.533050537E0,-3.027000189E0
7.512647090E1,2.305050135E0,7.591950417E0,-8.700000495E-2
7.512891429E1,2.695050240E0,1.179405022E1,-1.108950019E0
7.513135790E1,3.229050159E0,1.407600021E1,-3.625050068E0
7.513380129E1,2.595000029E0,8.860950470E0,-7.531050205E0
7.513624467E1,3.367950201E0,8.389050484E0,-5.917050362E0
7.513868806E1,7.435950279E0,1.029795074E1,-6.229950428E0
7.514113152E1,4.953000069E0,7.996950150E0,-6.541950226E0
7.514357513E1,1.789500117E-1,6.649050236E0,-2.782950163E0
7.514601829E1,2.748000145E0,7.812000275E0,2.830500007E-1
7.514846190E1,6.880050182E0,9.694050789E0,-2.887950182E0
7.515090528E1,5.263950348E0,5.902050495E0,-7.392000198E0
7.515334874E1,1.552950025E0,5.136000156E0,-4.558950424E0
7.515579213E1,5.482050419E0,8.454000473E0,-1.152000070E0
7.515823552E1,8.104050636E0,1.110900021E1,-2.469000101E0
7.516067913E1,2.812050104E0,9.262950897E0,-3.309000254E0
7.516312252E1,1.900050044E0,9.436050415E0,-2.074050188E0
7.516556590E1,2.817000151E0,1.287900066E1,-1.578000069E0
7.516800936E1,3.126000166E0,1.223505020E1,-5.622000217E0
7.517045275E1,3.202950239E0,8.797050476E0,-6.513000488E0
7.517289613E1,5.785950184E0,8.587950706E0,-5.644050121E0
7.517533952E1,8.953950882E0,9.844950676E0,-7.090050220E0
7.517778313E1,3.021000147E0,7.306950569E0,-8.851950645E0
7.518022652E1,-6.409500241E-1,5.842050076E0,-2.649000168E0
7.518266990E1,2.700000048E0,9.184050560E0,9.679500461E-1
7.518511336E1,7.291950226E0,1.034295082E1,-2.740050077E0
7.518755675E1,3.484950066E0,5.076000214E0,-7.554000378E0
7.519000036E1,5.790000558E-1,4.990050316E0,-3.034050226E0
7.519244375E1,6.241050243E0,9.261000633E0,-1.356000066E0
7.519488713E1,8.506050110E0,1.064505005E1,-2.649000168E0
7.519733059E1,2.743050098E0,8.731950760E0,-3.304950237E0
7.519977398E1,2.106000185E0,9.642000198E0,-1.164000034E0
7.520221736E1,3.412950277E0,1.364505100E1,-1.714950085E0
7.520466075E1,4.210950375E0,1.225395012E1,-6.268950462E0
7.520710436E1,3.423000097E0,8.095050812E0,-6.493950367E0
7.520954775E1,6.583050251E0,9.129000664E0,-5.899950504E0
7.521199113E1,9.267000198E0,1.008705044E1,-7.987950325E0
7.521443459E1,2.152050018E0,7.525050163E0,-9.333000183E0
7.521687798E1,7.650000453E-1,8.374950409E0,-2.078999996E0
7.521932136E1,4.807050228E0,1.104195023E1,5.640000105E-1
7.522176497E1,5.917950153E0,8.683950424E0,-3.570000172E0
7.522420836E1,2.461050034E0,7.204050541E0,-4.260000229E0
7.522665182E1,3.058950186E0,7.960950375E0,-3.499050140E0
7.522909520E1,8.329050064E0,1.022400093E1,-2.968950033E0
7.523153859E1,6.366000175E0,1.007700062E1,-5.770950317E0
7.523398197E1,1.867050052E0,9.370950699E0,-2.455050230E0
7.523642558E1,2.680950165E0,1.037700081E1,-7.470000386E-1
7.523886897E1,4.144050121E0,1.152600098E1,-2.731950045E0
7.524131236E1,3.729000092E0,8.812950134E0,-5.971950054E0
7.524375581E1,3.736950159E0,6.618000507E0,-5.421000481E0
7.524619920E1,8.026950836E0,8.458950043E0,-5.565000057E0
7.524864258E1,5.880000114E0,6.277950287E0,-7.372050285E0
7.525108620E1,1.113000035E0,5.610000134E0,-4.024950027E0
7.525352958E1,2.070000172E0,5.935050488E0,8.599500656E-1
7.525597297E1,5.592000484E0,9.832950592E0,1.288950086E0
7.525841643E1,3.676950216E0,6.115050316E0,-4.128000259E0
7.526085982E1,3.030000031E-1,4.543950081E0,-2.677050114E0
7.526330343E1,2.274000168E0,6.952950478E0,-1.348050117E0
7.526574682E1,6.499950409E0,9.469050407E0,-1.789050102E0
7.526819022E1,3.339000225E0,6.357000351E0,-2.541000128E0
7.527063360E1,1.285050035E0,5.691000462E0,-5.010000467E-1
7.527307706E1,4.210950375E0,1.120500088E1,2.503050089E0
7.527552045E1,3.430050135E0,1.222500038E1,-3.034050226E0
7.527796383E1,1.819050074E0,6.739950180E0,-2.337000132E0
7.528040745E1,3.382050276E0,6.759000301E0,-4.600050449E0
7.528285083E1,5.539950371E0,9.919050217E0,-8.368950844E0
7.528529422E1,3.448950052E0,6.898050308E0,-1.047495079E1
7.528773768E1,-4.830000103E-1,4.089000225E0,-4.753050327E0
7.529018106E1,3.643050194E0,5.907000065E0,-2.719950199E0
7.529262445E1,7.275000572E0,8.389050484E0,-4.768050194E0
7.529506783E1,2.278950214E0,2.710050106E0,-6.229950428E0
7.529751144E1,1.122000098E0,3.567000151E0,-2.851950169E0
7.529995483E1,6.676950455E0,8.586000443E0,-2.209950209E0
7.530239829E1,5.524950027E0,7.006050110E0,-3.415050268E0
7.530484168E1,1.246950030E0,4.039050102E0,-2.680050135E0
7.530728506E1,2.809950113E0,8.263050079E0,8.100000620E-1
7.530972868E1,5.482050419E0,1.126305008E1,-3.922050238E0
7.531217206E1,2.737950087E0,6.301950455E0,-6.807000160E0
7.531461545E1,3.957000256E0,6.369000435E0,-6.811950207E0
7.531705890E1,9.234000206E0,7.726050377E0,-8.044950485E0
7.531950229E1,5.800950050E0,4.666050434E0,-1.009695053E1
7.532194567E1,-4.950000346E-1,5.361000061E0,-5.124000072E0
7.532438906E1,2.020050049E0,6.958050251E0,9.199500680E-1
7.532683267E1,7.951050282E0,9.016950607E0,-2.677050114E0
7.532927607E1,6.021000385E0,6.706050396E0,-7.260000229E0
7.533171953E1,9.570000172E-1,5.533050060E0,-3.679950237E0
7.533416292E1,1.897950053E0,7.120950222E0,-2.797050238E0
7.533660630E1,6.126000404E0,1.146900082E1,-4.060950279E0
7.533904992E1,3.828000069E0,8.482950211E0,-6.724050522E0
7.534149330E1,1.168050051E0,6.085950375E0,-7.005000114E-2
7.534393669E1,3.519000053E0,9.412050247E0,-3.019950151E0
7.534638015E1,6.136050224E0,1.077405071E1,-6.799950123E0
7.534882353E1,3.829950094E0,6.733050346E0,-5.677050114E0
7.535126693E1,5.728950500E0,8.241000175E0,-6.970050335E0
7.535371032E1,8.245050430E0,9.550950050E0,-9.345000267E0
7.535615393E1,2.190000057E0,8.299050331E0,-7.083000183E0
7.535859732E1,-2.400000021E-2,5.787000179E0,7.950000465E-3
7.536104070E1,2.737950087E0,8.161950111E0,1.123950005E0
7.536348415E1,4.816050053E0,8.191050529E0,-3.541950226E0
7.536592754E1,7.369500399E-1,4.378950119E0,-4.234050274E0
7.536837092E1,7.800000161E-2,4.161000252E0,-1.450950027E0
7.537081454E1,5.857950211E0,6.960000515E0,-3.670950174E0
7.537325792E1,5.319000244E0,7.566000462E0,-5.593950272E0
7.537570140E1,1.447950125E0,4.896000385E0,-1.360050082E0
7.537814471E1,2.881950140E0,7.876950264E0,1.108950019E0
7.538058817E1,3.973950148E0,1.236195087E1,-2.182049990E0
7.538303155E1,2.404950142E0,8.638050079E0,-4.600050449E0
7.538547517E1,2.386050224E0,6.799950123E0,-5.323050022E0
7.538791857E1,5.295000076E0,8.755949974E0,-9.456000328E0
7.539036195E1,3.337050200E0,6.079050064E0,-1.013100052E1
7.539280541E1,-8.620500565E-1,4.225950241E0,-3.372000217E0
7.539524880E1,1.579050064E0,5.136000156E0,1.263000011E0
7.539769218E1,6.190950394E0,8.392050743E0,-2.281949997E0
7.540013580E1,3.246000051E0,3.151050091E0,-5.722950459E0
7.540257918E1,5.520000458E-1,4.453050137E0,-8.460000157E-1
7.540502257E1,6.406050205E0,6.453000069E0,-4.032000065E0
7.540746603E1,7.792950153E0,7.671000481E0,-6.202050209E0
7.540990941E1,1.771050096E0,6.180000305E0,-3.702000141E0
7.541235303E1,2.262000084E0,7.582950592E0,3.979500234E-1
7.541479642E1,4.717950344E0,1.163100052E1,-4.071000099E0
7.541723980E1,2.949000120E0,8.266950607E0,-6.405000210E0
7.541968319E1,3.732000113E0,6.241950512E0,-7.060950279E0
7.542212665E1,9.703050613E0,7.233000278E0,-1.083495045E1
7.542457004E1,6.664950371E0,5.770050049E0,-1.198605061E1
7.542701342E1,1.759500057E-1,5.940000057E0,-5.091000080E0
7.542945704E1,2.062950134E0,6.165000439E0,1.909050107E0
7.543190042E1,8.413050652E0,8.329950333E0,-1.267050028E0
7.543434381E1,5.133000374E0,4.960950375E0,-7.339050293E0
7.543678728E1,-2.560500205E-1,5.749050140E0,-3.003000259E0
7.543923067E1,3.769950151E0,6.754050255E0,-3.232950211E0
7.544167405E1,7.776000500E0,7.876950264E0,-5.248950481E0
7.544411744E1,3.133050203E0,7.812000275E0,-4.813050270E0
7.544656105E1,1.941000104E0,7.525050163E0,6.589500308E-1
7.544900451E1,5.176050186E0,1.155705070E1,-1.461000085E0
7.545144782E1,5.944050312E0,1.120800018E1,-6.214050293E0
7.545389128E1,4.981950283E0,8.539950371E0,-5.701050282E0
7.545633466E1,6.813000202E0,9.225000381E0,-7.260000229E0
7.545877828E1,8.194950104E0,9.924000740E0,-1.129005051E1
7.546122141E1,2.524950027E0,8.662050247E0,-8.802000046E0
7.546366503E1,8.470500112E-1,8.257950783E0,-1.401000023E0
7.546610849E1,5.941950321E0,8.657999992E0,-3.259050131E0
7.546855188E1,5.836050510E0,8.482950211E0,-6.295050144E0
7.547099526E1,5.260500312E-1,6.169950485E0,-1.854000092E0
7.547343866E1,1.861950040E0,6.735000134E0,-5.730000138E-1
7.547588227E1,7.362000465E0,1.011105061E1,-2.662950039E0
7.547832566E1,3.990000248E0,9.112950325E0,-4.903950214E0
7.548076904E1,2.098950148E0,7.743000507E0,-7.450500131E-1
7.548321250E1,3.943050146E0,1.200000095E1,-1.320000052E0
7.548565590E1,5.149050236E0,1.317300034E1,-4.758000374E0
7.548809929E1,3.085050106E0,8.488050461E0,-6.259050369E0
7.549054290E1,6.556950092E0,9.682050705E0,-5.673000336E0
7.549298629E1,8.329050064E0,1.009395027E1,-9.886050224E0
7.549542975E1,2.212050200E0,7.693050385E0,-7.645050526E0
7.549787314E1,-7.200000435E-2,6.129000187E0,6.349500418E-1
7.550031652E1,4.678050041E0,8.545050621E0,1.300950050E0
7.550276013E1,7.929000378E0,8.727000237E0,-5.515050411E0
7.550520352E1,1.702050090E0,5.554950237E0,-6.238050461E0
7.550764690E1,1.495950103E0,6.168000221E0,-1.513950109E0
7.551009029E1,7.294950485E0,8.707950592E0,-4.677000046E0
7.551253375E1,3.832050085E0,9.766050339E0,-6.108000278E0
7.551497714E1,1.713000059E0,7.626000404E0,-1.866000056E0
7.551742052E1,4.084050179E0,1.091100025E1,9.559500217E-1
7.551986413E1,4.447950363E0,1.385295105E1,-1.866000056E0
7.552230751E1,2.590050220E0,1.069800091E1,-3.877050161E0
7.552475089E1,3.507000208E0,9.121950150E0,-4.080000401E0
7.552719428E1,6.792000294E0,1.089195061E1,-9.562950134E0
7.552963774E1,2.791050196E0,9.943050385E0,-9.991950035E0
7.553208135E1,-9.795000404E-2,7.113000393E0,-2.761050224E0
7.553452451E1,2.571000099E0,8.014050484E0,-3.210000098E-1
7.553696812E1,6.568950176E0,9.997950554E0,-4.699950218E0
7.553941150E1,3.339000225E0,7.590000153E0,-5.257950306E0
7.554185496E1,7.009500265E-1,6.651000500E0,-4.960500300E-1
7.554429834E1,5.704950333E0,9.069000244E0,-3.108000040E0
7.554674172E1,5.511000156E0,1.007505035E1,-6.220950127E0
7.554918534E1,1.299000025E0,8.313000679E0,-3.882000208E0
7.555162872E1,2.233050108E0,8.887950897E0,2.830500007E-1
7.555407211E1,3.801000118E0,1.219905090E1,-5.364000320E0
7.555651559E1,3.307950258E0,8.470950127E0,-6.217950344E0
7.555895898E1,4.777950287E0,7.882050514E0,-6.523050308E0
7.556140236E1,8.425050735E0,8.799000740E0,-9.094050407E0
7.556384597E1,3.733950138E0,6.328050137E0,-9.142050743E0
7.556628936E1,-1.360500008E-1,3.463950157E0,-2.337000132E0
7.556873274E1,2.263950109E0,4.149000168E0,1.198050022E0
7.557117620E1,5.536950111E0,7.699950218E0,-3.400050163E0
7.557361958E1,2.037000179E0,2.515950203E0,-4.315050125E0
7.557606297E1,-2.460000068E-1,1.039050102E0,-1.951950073E0
7.557850658E1,4.615050316E0,4.494000435E0,-1.212000012E0
7.558094996E1,4.714050293E0,4.611000061E0,-5.449950218E0
7.558339334E1,7.939500213E-1,2.703000069E0,-4.087950230E0
7.558583680E1,2.815050125E0,5.053950310E0,1.399500072E-1
7.558828019E1,5.314950466E0,8.976000786E0,-1.854000092E0
7.559072357E1,1.879050136E0,5.011050224E0,-5.740050316E0
7.559316694E1,1.864050031E0,4.774050236E0,-6.228000164E0
7.559561056E1,8.370000839E0,6.759000301E0,-5.518950462E0
7.559805394E1,5.455950260E0,2.470950127E0,-1.046805096E1
7.560049733E1,-1.185000062E0,2.488050222E0,-8.416049957E0
7.560294079E1,2.143949986E0,3.625050068E0,-2.364000082E0
7.560538417E1,8.908050537E0,4.870050430E0,-2.107050180E0
7.560782755E1,5.403000355E0,6.940500140E-1,-6.621000290E0
7.561027117E1,3.210000038E0,2.947050095E0,-2.755950212E0
7.561271455E1,7.411950588E0,5.533050060E0,-7.879500389E-1
7.561515801E1,7.158000469E0,4.633050442E0,-6.886050224E0
7.561760140E1,1.576950073E0,5.677050114E0,-6.562950134E0
7.562004478E1,1.855050087E0,8.611950874E0,-1.621050119E0
7.562248839E1,4.843050003E0,1.081695080E1,-3.931950092E0
7.562493178E1,3.387000084E0,9.316050529E0,-2.878050089E0
7.562737516E1,4.543950081E0,1.094700050E1,5.110500455E-1
7.562981855E1,5.473050117E0,1.146900082E1,-4.126049995E0
7.563226201E1,3.612000227E0,8.446949959E0,-6.087000370E0
7.563470540E1,1.488000035E0,8.503950119E0,-3.420000076E0
7.563714901E1,3.658050060E0,1.009395027E1,-2.869050026E0
7.563959240E1,5.359950066E0,9.769050598E0,-3.586950064E0
7.564203578E1,3.847050190E0,8.193000793E0,-7.123050213E0
7.564447917E1,1.174950004E0,6.424050331E0,-5.295000225E-2
7.564692263E1,2.965950251E0,9.175050735E0,1.480950117E0
7.564936602E1,6.034950256E0,1.320000076E1,-1.846050143E0
7.565180963E1,3.622050285E0,1.025895023E1,-3.130050182E0
7.565425279E1,1.945950150E0,7.474950314E0,-9.769500494E-1
7.565669640E1,4.800000191E0,1.377705097E1,2.042999983E0
7.565913979E1,6.286950111E0,1.458600044E1,8.170500398E-1
7.566158325E1,1.986000061E0,6.292050362E0,-7.330500484E-1
7.566402663E1,1.500000119E0,7.044000149E0,2.970000029E0
7.566647002E1,3.841950178E0,1.495005035E1,-1.339050055E0
7.566891363E1,1.620000124E0,9.984000206E0,-4.345950127E0
7.567135702E1,-2.010000050E-1,1.225950003E0,3.409500122E-1
7.567380040E1,1.801950097E0,7.398000240E0,-3.204000235E0
7.567624384E1,5.269050121E0,1.685805130E1,-5.787000179E0
7.567868723E1,2.559000015E0,5.943000317E0,-7.879950523E0
7.568113061E1,3.180000186E-1,2.491950035E0,-5.029500127E-1
7.568357400E1,3.238950253E0,1.253895092E1,-1.686000109E0
7.568601761E1,4.645950317E0,1.518195057E1,7.005000114E-2
7.568846100E1,1.408950090E0,5.112000465E0,-9.580500722E-1
7.569090446E1,2.580000162E0,6.838050365E0,-3.048000097E0
7.569334784E1,5.283000469E0,1.423395061E1,-5.068950176E0
7.569579123E1,3.361050129E0,7.362000465E0,-7.777050495E0
7.569823484E1,3.100500107E-1,4.602000237E0,-2.565000057E0
7.570067821E1,3.540000200E0,9.436050415E0,-1.080000043E0
7.570312160E1,5.058000088E0,1.207200050E1,-2.376000166E0
7.570556506E1,1.797000051E0,4.978050232E0,-2.536050081E0
7.570800844E1,1.411950111E0,3.816000223E0,-5.539500117E-1
7.571045183E1,5.827050209E0,1.156695080E1,-3.700050116E0
7.571289521E1,5.568000317E0,1.044900036E1,-9.195000648E0
7.571533882E1,1.153050065E0,3.268050194E0,-4.357950211E0
7.571778221E1,1.150950074E0,4.221000195E0,-8.790000677E-1
7.572022567E1,4.528950214E0,1.214895058E1,-7.740000486E-1
7.572266905E1,2.749950171E0,8.341950417E0,-1.777050138E0
7.572511244E1,3.220500052E-1,1.513050079E0,-3.910500109E-1
7.572755582E1,2.977950096E0,5.659950256E0,-2.518950224E0
7.572999944E1,6.865950108E0,9.117000580E0,-6.421950340E0
7.573244282E1,2.407950163E0,4.144050121E0,-8.578950882E0
7.573488628E1,6.769500375E-1,4.851000309E0,-3.573000193E0
7.573732967E1,6.054000378E0,8.397000313E0,-2.566950083E0
7.573977305E1,4.333050251E0,6.595950127E0,-5.098050117E0
7.574221644E1,2.119500041E-1,4.450950146E0,-4.300950050E0
7.574466005E1,1.728000045E0,5.535000324E0,-1.257000089E0
7.574710344E1,7.323000431E0,6.844950199E0,-4.123050213E0
7.574954681E1,4.660950184E0,4.027050018E0,-8.869050026E0
7.575199027E1,-6.270000339E-1,3.268050194E0,-6.271050453E0
7.575443365E1,3.052050114E0,5.005950451E0,-2.194050074E0
7.575687704E1,7.137000561E0,5.683950424E0,-3.108000040E0
7.575932065E1,2.920050144E0,4.068000317E0,-4.456050396E0
7.576176403E1,1.000050068E0,4.453050137E0,-2.111999989E0
7.576420749E1,6.102000237E0,7.003050327E0,-8.190000653E-1
7.576665088E1,7.342050552E0,6.022050381E0,-5.626950264E0
7.576909426E1,1.548000097E0,4.651950359E0,-5.500050068E0
7.577153789E1,8.490000367E-1,6.016950130E0,-8.670000434E-1
7.577398128E1,3.543000221E0,8.932950020E0,2.929500043E-1
7.577642466E1,4.684950352E0,9.342000008E0,-3.919950247E0
7.577886804E1,2.743050098E0,5.806050301E0,-2.518950224E0
7.578131150E1,2.721000195E0,6.205950260E0,-7.279500365E-1
7.578375490E1,6.004050255E0,1.134195042E1,-2.947950125E0
7.578619829E1,6.543000221E0,1.147800064E1,-8.761050224E0
7.578864190E1,2.997000217E0,6.748950481E0,-6.454950333E0
7.579108529E1,1.483950019E0,7.389000416E0,-3.055950165E0
7.579352867E1,4.432950020E0,1.393005085E1,-9.105000645E-2
7.579597214E1,4.375950336E0,1.213200092E1,-2.521950006E0
7.579841552E1,2.365050077E0,7.663950443E0,-3.304950237E0
7.580085891E1,4.335000038E0,9.763950348E0,-2.935950041E0
7.580330252E1,8.737950325E0,1.189005089E1,-6.517950535E0
7.580574591E1,4.836000443E0,9.558000565E0,-1.024305058E1
7.580818931E1,1.675050020E0,8.725049973E0,-4.542000294E0
7.581063277E1,3.387000084E0,9.280050278E0,8.370000124E-1
7.581307616E1,4.903050423E0,1.138500023E1,6.229500175E-1
7.581551954E1,2.491950035E0,8.622000694E0,-1.831950068E0
7.581796315E1,1.663050056E0,6.229950428E0,-1.201950073E0
7.582040652E1,5.707050323E0,8.245950699E0,-2.209950209E0
7.582284991E1,6.222000122E0,8.398950577E0,-6.681000233E0
7.582529337E1,2.167950153E0,7.246950150E0,-5.758950233E0
7.582773676E1,2.259000063E0,6.534000397E0,2.070000172E-1
7.583018014E1,3.889950275E0,9.357000351E0,2.922000170E0
7.583262353E1,3.769950151E0,1.151895046E1,5.059500337E-1
7.583506715E1,2.410050154E0,8.322000504E0,6.520500183E-1
7.583751053E1,1.752000093E0,6.924000263E0,1.528050065E0
7.583995399E1,2.530050039E0,1.130295086E1,1.722000122E0
7.584239738E1,2.985000134E0,1.173900032E1,4.939500093E-1
7.584484077E1,9.709500670E-1,7.534950256E0,-5.341950417E0
7.584728438E1,5.809500217E-1,6.694050312E0,-2.062050104E0
7.584972777E1,2.809950113E0,1.276395035E1,-2.545950174E0
7.585217116E1,2.482050180E0,1.442295074E1,-3.609000206E0
7.585461461E1,9.930000305E-1,6.742050171E0,-3.139500022E-1
7.585705800E1,1.606050134E0,7.152000427E0,-3.405000269E-2
7.585950138E1,4.833000183E0,1.457595062E1,3.204000235E0
7.586194476E1,4.675050259E0,1.414800072E1,6.795000285E-2
7.586438838E1,1.069050074E0,6.496050358E0,-2.493000031E0
7.586683176E1,6.480000019E-1,3.862050295E0,-2.760000229E-1
7.586927523E1,3.388950109E0,1.290795040E1,-4.000500143E-1
7.587171861E1,2.779050112E0,1.636200142E1,-3.369000196E0
7.587416200E1,5.640000105E-1,5.301000118E0,-2.625000238E0
7.587660538E1,3.970500231E-1,4.233000278E0,-1.392000079E0
7.587904899E1,2.302050114E0,1.306305027E1,-1.104000092E0
7.588149238E1,1.668000102E0,1.585695076E1,-6.376050472E0
7.588393584E1,1.480950117E0,7.149000168E0,-6.451050282E0
7.588637923E1,1.599000096E0,4.980000019E0,-3.217950106E0
7.588882261E1,5.167950153E0,1.096305084E1,-4.156949997E0
7.589126623E1,4.500000000E0,1.133700085E1,-8.424000740E0
7.589370961E1,2.584950209E0,5.755950451E0,-5.131050110E0
7.589615300E1,2.856000185E0,6.034050465E0,-9.130500555E-1
7.589859638E1,6.018000126E0,1.082700062E1,-3.558000088E0
7.590103984E1,5.239950180E0,8.980950356E0,-8.146050453E0
7.590348323E1,2.665950060E0,4.579950333E0,-4.044000149E0
7.590592661E1,3.940050125E0,5.956950188E0,-1.321950078E0
7.590837022E1,5.713950157E0,1.138005066E1,-3.925050259E0
7.591081361E1,5.938950062E0,9.199050903E0,-6.325950146E0
7.591325707E1,4.611000061E0,5.530950069E0,-5.059950352E0
7.591570038E1,7.630050182E0,7.432050228E0,-4.027950287E0
7.591814384E1,8.848050117E0,8.776950836E0,-8.233950615E0
7.592058746E1,2.724000216E0,7.468050480E0,-7.369950294E0
7.592303084E1,1.852050066E0,7.948950291E0,-1.978050113E0
7.592547423E1,4.162950039E0,9.931050301E0,1.696050048E0
7.592791761E1,5.908050060E0,1.113300037E1,-3.376050234E0
7.593036108E1,3.105000257E0,8.454000473E0,-5.284950256E0
7.593280447E1,2.044049978E0,7.458000183E0,-2.971950054E0
7.593524786E1,5.341050148E0,1.035000038E1,-3.120000124E0
7.593769147E1,7.240050316E0,1.111395073E1,-7.096950531E0
7.594013486E1,2.488950014E0,7.554000378E0,-6.673050404E0
7.594257832E1,1.093050003E0,6.000000477E0,-7.879500389E-1
7.594502170E1,3.552000284E0,9.976950645E0,2.239950180E0
7.594746509E1,4.563000202E0,1.333800030E1,-1.699950099E0
7.594990847E1,2.355000019E0,7.606950283E0,-2.569950104E0
7.595235187E1,8.280000687E-1,5.727000237E0,-2.344050169E0
7.595479548E1,4.012050152E0,1.029105091E1,-2.151000023E0
7.595723887E1,5.167950153E0,1.181805038E1,-7.048950195E0
7.595968226E1,2.218950033E0,7.081950188E0,-6.016950130E0
7.596212572E1,9.570000172E-1,6.499950409E0,-7.039500475E-1
7.596456909E1,3.579000235E0,1.059705067E1,2.497950077E0
7.596701270E1,3.712950230E0,1.243305016E1,-2.179050207E0
7.596945609E1,1.443000078E0,5.799000263E0,-2.440050125E0
7.597189947E1,5.329500437E-1,4.252050400E0,-1.055999994E0
7.597434293E1,4.270950317E0,9.675000191E0,-1.075950027E0
7.597678630E1,4.857000351E0,1.315905094E1,-6.027000427E0
7.597922969E1,2.062950134E0,6.678000450E0,-5.574000359E0
7.598167307E1,8.970000148E-1,4.891050339E0,-1.095000029E0
7.598411669E1,4.000050068E0,1.192800045E1,2.686950207E0
7.598656015E1,4.174950123E0,1.561095047E1,-1.945050120E0
7.598900345E1,2.269050121E0,7.992000580E0,-1.654950023E0
7.599144691E1,2.839500010E-1,5.218950272E0,-1.219050050E0
7.599389030E1,2.832000017E0,1.077705097E1,-1.914000034E0
7.599633391E1,3.295950174E0,1.483305073E1,-6.235050201E0
7.599877730E1,2.290950060E0,7.981950283E0,-6.706950188E0
7.600122067E1,5.620500445E-1,6.570000172E0,-2.365950108E0
7.600366413E1,2.508000135E0,9.061950684E0,1.471050024E0
7.600610752E1,3.586050272E0,1.364505100E1,-3.618000269E0
7.600855090E1,2.475000143E0,7.039050102E0,-3.646950245E0
7.601099429E1,2.599500120E-1,3.936000109E0,9.705000371E-2
7.601343790E1,2.923050165E0,8.080950737E0,2.020500153E-1
7.601588129E1,4.965000153E0,1.243095016E1,-5.188950062E0
7.601832467E1,2.917950153E0,5.737050056E0,-5.493000031E0
7.602076813E1,4.780500233E-1,3.160050154E0,-5.970000029E-1
7.602321152E1,2.695050240E0,6.538950443E0,9.799500704E-1
7.602565512E1,3.399000168E0,1.277805042E1,-1.120950103E0
7.602809850E1,2.293050051E0,6.979050159E0,-1.175999999E0
7.603054189E1,1.740000099E-1,1.374000072E0,8.700000495E-2
7.603298527E1,2.017950058E0,3.247050047E0,2.400000095E-1
7.603542873E1,3.861000299E0,1.130595016E1,-5.401950359E0
7.603787212E1,2.635050058E0,4.975050449E0,-6.252000332E0
7.604031573E1,-9.300000221E-2,2.689050198E0,-2.554950237E0
7.604275912E1,3.069000244E0,6.180000305E0,-3.480000198E-1
7.604520250E1,4.396950245E0,1.032600021E1,-3.477000237E0
7.604764589E1,1.630050063E0,5.791950226E0,-3.100950241E0
7.605008936E1,6.030000448E-1,4.089000225E0,3.720000088E-1
7.605253275E1,4.098000050E0,8.035050392E0,-2.539499998E-1
7.605497614E1,6.496950150E0,1.033605003E1,-5.469000340E0
7.605741975E1,3.496950150E0,5.143050194E0,-8.218050003E0
7.605986314E1,8.160000443E-1,6.352050304E0,-3.007950068E0
7.606230661E1,3.973950148E0,9.670050621E0,-3.310500085E-1
7.606475000E1,5.619000435E0,1.123395061E1,-3.039000034E0
7.606719338E1,4.201050282E0,9.247050285E0,-3.525000095E0
7.606963699E1,3.054000139E0,8.362950325E0,-1.521000028E0
7.607208040E1,4.536000252E0,9.594000816E0,-2.986050129E0
7.607452379E1,6.126000404E0,1.106895065E1,-8.107950211E0
7.607696717E1,3.909000158E0,7.570950508E0,-8.011950493E0
7.607941063E1,1.335000038E0,6.804000378E0,-1.906050086E0
7.608185402E1,3.387000084E0,9.043050766E0,1.441950083E0
7.608429742E1,5.892000198E0,1.519395065E1,-2.514000177E0
7.608674103E1,3.708000183E0,1.030500031E1,-3.040950060E0
7.608918442E1,1.326000094E0,7.530000210E0,-1.003950000E0
7.609162780E1,3.646050215E0,1.048905087E1,-1.248000026E0
7.609407126E1,6.445050240E0,1.382505035E1,-7.854000568E0
7.609651465E1,3.415950060E0,8.689050674E0,-7.806000233E0
7.609895803E1,9.619500637E-1,6.763950348E0,-2.164950132E0
7.610140142E1,2.566050053E0,7.465050220E0,2.404950142E0
7.610384503E1,3.907050133E0,1.388205051E1,-2.700000070E-2
7.610628842E1,2.959050179E0,1.159095097E1,-5.419500470E-1
7.610873188E1,1.623000026E0,6.661050320E0,-1.425000072E0
7.611117526E1,2.331000090E0,7.819950581E0,-1.230000034E-1
7.611361865E1,4.828050137E0,1.373595047E1,-4.375050068E0
7.611606203E1,3.853950262E0,1.067595005E1,-6.216000080E0
7.611850564E1,1.764000058E0,7.312050343E0,-2.749050140E0
7.612094903E1,2.764950037E0,7.996950150E0,2.053050041E0
7.612339249E1,4.258950233E0,1.570200062E1,-1.222050071E0
7.612583588E1,3.664950132E0,1.269900036E1,-2.377950191E0
7.612827926E1,1.159950018E0,5.524050236E0,-2.400000095E-1
7.613072288E1,1.836000085E0,6.309000492E0,7.890000343E-1
7.613316627E1,3.318000078E0,1.622805023E1,-2.164950132E0
7.613560973E1,2.314050198E0,1.353000069E1,-6.544050217E0
7.613805304E1,8.179500103E-1,5.815950394E0,-3.918000221E0
7.614049649E1,8.560500145E-1,5.563950062E0,-3.330000043E-1
7.614293988E1,3.457050085E0,1.457205105E1,3.739500046E-1
7.614538348E1,3.373050213E0,1.470795059E1,-3.829050064E0
7.614782687E1,1.062000036E0,6.181950092E0,-2.224950075E0
7.615027025E1,4.009500146E-1,5.503950119E0,-5.920500159E-1
7.615271371E1,3.828000069E0,1.365495110E1,-2.692050219E0
7.615515710E1,4.615050316E0,1.222500038E1,-8.032950401E0
7.615760048E1,1.893000126E0,6.048000336E0,-6.183000088E0
7.616004410E1,5.950500369E-1,6.414000511E0,-4.549500346E-1
7.616248748E1,4.270950317E0,1.348905087E1,5.250000358E-1
7.616493087E1,4.120050430E0,1.314705086E1,-3.424050093E0
7.616737425E1,1.419000030E0,5.839950085E0,-3.391050100E0
7.616981771E1,3.030000031E-1,5.332050323E0,3.910500109E-1
7.617226110E1,3.732000113E0,1.295295048E1,-1.959000111E0
7.617470448E1,5.323950291E0,1.267995071E1,-7.264950275E0
7.617714810E1,1.540950060E0,5.662050247E0,-6.340950489E0
7.617959148E1,4.350000322E-1,5.002050400E0,-3.600000143E-1
7.618203487E1,3.670050144E0,1.294305038E1,2.362050056E0
7.618447825E1,3.943050146E0,1.642005157E1,-8.820000291E-1
7.618692171E1,1.579050064E0,7.345950127E0,-2.011950016E0
7.618936533E1,3.060000241E-1,5.538000107E0,-1.284000039E0
7.619180871E1,4.736999989E0,1.212195015E1,-4.437000275E0
7.619425209E1,6.243000507E0,1.236195087E1,-9.604050636E0
7.619669548E1,2.515950203E0,6.192000389E0,-9.098999977E0
7.619913894E1,2.530499995E-1,6.955050468E0,-2.461950064E0
7.620158232E1,3.445050240E0,1.115505028E1,1.914000034E0
7.620402572E1,5.563950062E0,1.336995029E1,-8.460000157E-1
7.620646934E1,1.929000139E0,7.599000454E0,-2.008949995E0
7.620891272E1,1.510050058E0,6.354000092E0,-7.279500365E-1
7.621135611E1,6.964050293E0,1.138995075E1,-4.035000324E0
7.621379957E1,8.635050774E0,9.970050812E0,-1.048305035E1
7.621624295E1,2.749950171E0,6.619950294E0,-1.064505005E1
7.621868657E1,5.760000348E-1,6.031050205E0,-2.875950098E0
7.622112972E1,3.250950098E0,9.534000397E0,2.244000196E0
7.622357334E1,5.010000229E0,1.288800049E1,9.490500689E-1
7.622601680E1,1.881000042E0,7.980000496E0,-4.339500070E-1
7.622846018E1,1.990950108E0,5.785050392E0,-2.422950029E0
7.623090356E1,6.514050484E0,9.502950668E0,-6.429000378E0
7.623334695E1,9.262950897E0,9.544050217E0,-1.003005028E1
7.623579056E1,3.258000135E0,6.558000088E0,-1.041300011E1
7.623823395E1,7.605000585E-2,6.048000336E0,-2.847000122E0
7.624067733E1,2.257050037E0,8.598000526E0,2.512950182E0
7.624312079E1,4.690050125E0,1.412100029E1,1.219950080E0
7.624556418E1,2.451000214E0,9.084000587E0,-3.210000098E-1
7.624800756E1,4.560000300E-1,4.401000023E0,-2.569500208E-1
7.625045095E1,3.294000149E0,8.839950562E0,-3.718950272E0
7.625289455E1,7.740000248E0,1.177695084E1,-7.321950436E0
7.625533793E1,5.664000034E0,7.378950119E0,-1.029795074E1
7.625778132E1,1.759500057E-1,5.722050190E0,-5.557950497E0
7.626022478E1,7.680000067E-1,6.418950081E0,1.726950049E0
7.626266817E1,3.439950228E0,1.357305050E1,2.244000196E0
7.626511155E1,3.163950205E0,1.278795052E1,1.605000019E0
7.626755516E1,7.459500432E-1,4.729050159E0,7.304999977E-2
7.626999854E1,5.809500217E-1,5.041950226E0,-1.369950056E0
7.627244200E1,4.941000462E0,1.328295040E1,-3.712050200E0
7.627488539E1,5.881950378E0,1.088700008E1,-9.616050720E0
7.627732876E1,2.226000071E0,4.978050232E0,-9.087000847E0
7.627977215E1,-2.440500110E-1,5.641050339E0,-1.645050049E0
7.628221576E1,2.692950010E0,1.123200035E1,2.332950115E0
7.628465915E1,3.772950172E0,1.378395081E1,2.430000156E-1
7.628710253E1,1.522050023E0,6.346950531E0,-1.609500051E-1
7.628954600E1,6.000000052E-3,3.927000284E0,-7.639500499E-1
7.629198938E1,2.941950083E0,1.112400055E1,-5.595000088E-2
7.629443277E1,5.683050156E0,1.237800026E1,-6.235050201E0
7.629687638E1,2.841000080E0,5.308050156E0,-7.066050529E0
7.629931977E1,1.950000064E-3,3.733050108E0,-3.151050091E0
7.630176323E1,1.594050050E0,7.828950405E0,2.155950069E0
7.630420661E1,3.271950245E0,1.535400105E1,1.129050016E0
7.630665000E1,2.104050159E0,8.241000175E0,1.951950073E0
7.630909361E1,-1.319999993E-1,2.551950216E0,-1.321950078E0
7.631153698E1,-5.530500412E-1,7.425000191E0,-2.541000128E0
7.631398037E1,4.170000076E0,1.444200039E1,3.585000277E0
7.631642375E1,2.872050047E0,8.155050278E0,-7.066050529E0
7.631886721E1,2.170500159E-1,1.969950080E0,-3.199050188E0
7.632131060E1,1.879500151E-1,4.669050217E0,-1.486950040E0
7.632375398E1,1.989000082E0,1.433895111E1,-2.160000056E-1
7.632619759E1,2.008050203E0,7.846050262E0,-2.461950064E0
7.632864098E1,2.190000117E-1,1.900950074E0,-3.757050276E0
7.633108436E1,1.146000028E0,5.926050186E0,-4.390500188E-1
7.633352775E1,4.893000126E0,1.168605042E1,-1.581000090E0
7.633597121E1,6.523950100E0,7.417050362E0,-6.835950375E0
7.633841459E1,3.700950146E0,3.924000263E0,-8.184000015E0
7.634085821E1,2.101050138E0,8.428050041E0,-1.827000141E0
7.634330159E1,3.006000042E0,1.111905098E1,8.389500380E-1
7.634574498E1,4.394999981E0,1.010400009E1,-8.410500288E-1
7.634818836E1,2.875050068E0,6.606000423E0,-3.453000069E0
7.635063182E1,3.603000164E0,7.954050541E0,-4.054049969E0
7.635307521E1,6.289050102E0,9.594000816E0,-5.122050285E0
7.635551882E1,8.723999977E0,8.542950630E0,-8.112000465E0
7.635796221E1,5.218950272E0,5.593050480E0,-9.440999985E0
7.636040559E1,1.582050085E0,7.779000282E0,-4.293000221E0
7.636284905E1,2.166000128E0,1.088205051E1,6.019500494E-1
7.636529244E1,3.198000193E0,1.419105053E1,1.236000061E0
7.636773582E1,2.566050053E0,9.049950600E0,-2.799000025E0
7.637017921E1,1.495950103E0,8.641050339E0,-1.690950036E0
7.637262284E1,2.731050014E0,1.074105072E1,-2.608050108E0
7.637506630E1,6.178950310E0,1.237395096E1,-4.741050243E0
7.637750969E1,6.751050472E0,9.007050514E0,-7.626000404E0
7.637995307E1,1.984050035E0,7.960950375E0,-6.721050262E0
7.638239646E1,7.440000176E-1,1.072395039E1,-1.249500066E-1
7.638484007E1,2.209050179E0,1.368105030E1,1.357950091E0
7.638728346E1,2.872050047E0,1.354395103E1,1.690500081E-1
7.638972684E1,1.836000085E0,8.521050453E0,-1.605000019E0
7.639217030E1,2.238000154E0,1.002705002E1,-3.826950073E0
7.639461369E1,4.735050201E0,1.116405010E1,-5.572050095E0
7.639705706E1,6.730050087E0,1.036500072E1,-7.504050255E0
7.639950044E1,3.691050291E0,7.993950367E0,-7.708050251E0
7.640194406E1,8.280000687E-1,8.550000191E0,-1.987950087E0
7.640438744E1,1.723050117E0,9.538950920E0,2.505000114E0
7.640683083E1,2.788950205E0,1.226805019E1,1.131000042E0
7.640927429E1,1.633950114E0,8.209950447E0,-1.249950051E0
7.641171768E1,1.980000138E-1,3.451950073E0,-1.681050062E0
7.641416129E1,3.094950199E0,6.595950127E0,-2.998050213E0
7.641660468E1,6.756000519E0,7.039050102E0,-4.803000450E0
7.641904806E1,5.647050381E0,3.601050138E0,-9.264000893E0
7.642149144E1,1.078950047E0,3.402000189E0,-6.646950245E0
7.642393490E1,3.889500201E-1,5.410950184E0,5.100000277E-2
7.642637829E1,-7.605000585E-2,9.675000191E0,3.274050236E0
7.642882168E1,3.990000188E-1,7.884000301E0,2.443050146E0
7.643126527E1,9.000000358E-2,2.796000242E0,-8.149500489E-1
7.643370866E1,2.220000178E-1,3.939000130E0,9.799500704E-1
7.643615204E1,3.658050060E0,7.195050240E0,1.045050025E0
7.643859550E1,5.461050034E0,5.782050133E0,-4.534950256E0
7.644103889E1,5.142000198E0,2.277000189E0,-7.954050541E0
7.644348230E1,1.495950103E0,4.843950272E0,-5.536050320E0
7.644592591E1,1.321050048E0,8.679000854E0,-2.071950197E0
7.644836930E1,4.309050083E0,8.148000717E0,-1.653000116E0
7.645081276E1,2.329050064E0,5.551950455E0,-3.798000097E0
7.645325614E1,3.390000165E-1,7.324050426E0,-1.485000014E0
7.645569953E1,3.483000278E0,8.607000351E0,-6.229500175E-1
7.645814314E1,6.861000538E0,8.251049995E0,-3.847950220E0
7.646058653E1,6.685950279E0,7.563000202E0,-7.339050293E0
7.646302991E1,2.781000137E0,8.053950310E0,-6.505950451E0
7.646547330E1,1.260000020E-1,8.722050667E0,-2.596050024E0
7.646791676E1,8.590500355E-1,1.351605034E1,-1.920000017E-1
7.647036014E1,2.293050051E0,1.250505066E1,-1.459050059E0
7.647280353E1,1.996050119E0,8.773050308E0,-3.099000216E0
7.647524714E1,7.920000553E-1,9.928950310E0,-3.205950260E0
7.647769053E1,2.959050179E0,1.014195061E1,-3.931950092E0
7.648013391E1,5.539950371E0,1.054395008E1,-6.016950130E0
7.648257737E1,4.275000095E0,8.797050476E0,-7.768050194E0
7.648502075E1,1.171950102E0,9.784950256E0,-3.709050179E0
7.648746414E1,1.768950105E0,1.093005085E1,1.263000011E0
7.648990752E1,3.114000082E0,1.412400055E1,2.653950214E0
7.649235113E1,2.158950090E0,1.228695011E1,-7.020000219E-1
7.649479452E1,1.429050088E0,8.041950226E0,-2.119050026E0
7.649723798E1,2.695050240E0,8.962050438E0,-5.136000156E0
7.649968137E1,5.020050049E0,1.018800068E1,-5.017050266E0
7.650212475E1,5.451000214E0,8.425050735E0,-7.573950291E0
7.650456837E1,1.524000049E0,8.566950798E0,-5.826000214E0
7.650701175E1,1.053000093E0,8.095050812E0,-2.569500208E-1
7.650945514E1,1.431000113E0,9.378000259E0,2.137050152E0
7.651189860E1,1.737000108E0,1.171305084E1,3.268950224E0
7.651434198E1,1.419000030E0,8.967000008E0,6.550500393E-1
7.651678537E1,1.455000043E0,8.005949974E0,-1.332000017E0
7.651922898E1,4.522050381E0,8.041950226E0,-5.613000393E0
7.652167237E1,7.018950462E0,8.260050774E0,-7.578000546E0
7.652411583E1,5.386050224E0,7.870050430E0,-9.403050423E0
7.652655914E1,1.002000093E0,9.364050865E0,-6.004950523E0
7.652900260E1,7.099500299E-1,9.924000740E0,7.360500097E-1
7.653144598E1,1.666050076E0,1.150905037E1,3.793050289E0
7.653388960E1,3.208050251E0,1.125105095E1,1.657950044E0
7.653633298E1,4.084050179E0,8.275050163E0,-2.281949997E0
7.653877637E1,5.259000301E0,7.807950497E0,-7.021050453E0
7.654121983E1,4.498050213E0,8.787000656E0,-6.520050526E0
7.654366321E1,5.734050274E0,1.003200054E1,-6.766950130E0
7.654610660E1,2.122950077E0,9.064949989E0,-5.518950462E0
7.654854998E1,1.395000100E0,8.920950890E0,-1.222050071E0
7.655099360E1,1.551000118E0,1.006305027E1,1.641000032E0
7.655343698E1,9.979500771E-1,1.343700027E1,3.130050182E0
7.655588037E1,1.251000047E0,1.027395058E1,3.994950294E0
7.655832383E1,1.354050040E0,7.911000252E0,-3.480000198E-1
7.656076721E1,2.749950171E0,9.124950409E0,-5.175000191E0
7.656321060E1,4.657950401E0,9.163050652E0,-6.853050232E0
7.656565419E1,4.321050167E0,9.465000153E0,-9.549000740E0
7.656809758E1,7.729500532E-1,9.579000473E0,-7.480050564E0
7.657054096E1,-4.740000367E-1,9.634950638E0,-1.975950122E0
7.657298442E1,-4.309500158E-1,9.511950493E0,1.756050110E0
7.657542781E1,2.271000147E0,1.143705082E1,2.473950148E0
7.657787121E1,3.538050175E0,8.052000046E0,-3.087000132E0
7.658031482E1,5.520000458E0,6.069000244E0,-5.538000107E0
7.658275821E1,3.385050058E0,7.210950375E0,-4.981050014E0
7.658520159E1,4.546050072E0,8.458950043E0,-3.301950216E0
7.658764505E1,3.615000248E0,7.816950321E0,-5.062050343E0
7.659008844E1,5.760000348E-1,7.735950470E0,-3.970050097E0
7.659253182E1,-2.895000204E-2,8.302950859E0,-4.429500103E-1
7.659497544E1,-4.500000179E-1,9.370950699E0,2.596050024E0
7.659741882E1,1.054949999E0,8.788949966E0,1.459050059E0
7.659986221E1,2.427000046E0,6.112950325E0,-2.673000097E0
7.660230567E1,4.540950298E0,6.442950249E0,-4.167000294E0
7.660474906E1,3.880050182E0,7.188000202E0,-4.891950130E0
7.660719267E1,5.559000492E0,7.417050362E0,-5.194050312E0
7.660963582E1,2.305050135E0,6.663000107E0,-5.929050446E0
7.661207942E1,-3.919500113E-1,7.816950321E0,-2.989050150E0
7.661452280E1,-3.490500152E-1,8.143050194E0,6.450000405E-1
7.661696626E1,-3.540000021E-1,9.180000305E0,3.015000105E0
7.661940965E1,1.657950044E0,9.064949989E0,2.556000233E0
7.662185304E1,9.979500771E-1,6.462000370E0,-2.610000134E0
7.662429665E1,4.101000309E0,6.213000298E0,-2.737050056E0
7.662674004E1,4.824000359E0,7.477050304E0,-4.372050285E0
7.662918342E1,7.029000282E0,8.064000130E0,-5.802000046E0
7.663162688E1,3.090000153E0,7.942050457E0,-5.799000263E0
7.663407027E1,4.450500309E-1,8.998050690E0,-3.652050257E0
7.663651365E1,3.990000188E-1,9.076950073E0,7.339500189E-1
7.663895703E1,1.101000071E0,1.070505047E1,3.556050062E0
7.664140064E1,1.768950105E0,9.450000763E0,-1.870500147E-1
7.664384403E1,4.441050053E0,7.767000198E0,-3.634950161E0
7.664628749E1,4.831050396E0,8.302950859E0,-7.252950191E0
7.664873086E1,4.081050396E0,9.037950516E0,-6.862950325E0
7.665117425E1,5.053950310E0,9.438000679E0,-6.654000282E0
7.665361786E1,1.723050117E0,9.808950424E0,-6.229950428E0
7.665606125E1,7.920000553E-1,1.048695087E1,-2.469000101E0
7.665850463E1,7.200000286E-1,1.002195072E1,1.045050025E0
7.666094809E1,2.319000006E0,1.188495064E1,3.207000256E0
7.666339148E1,3.864000082E0,1.083405018E1,-4.840500355E-1
7.666583486E1,4.915050030E0,8.659950256E0,-4.078050137E0
7.666827825E1,3.217050076E0,8.563950539E0,-6.217950344E0
7.667072186E1,2.523000002E0,1.051095009E1,-3.043950081E0
7.667316525E1,4.120050430E0,1.248105049E1,-4.897050381E0
7.667560864E1,2.026950121E0,1.196895027E1,-4.957050323E0
7.667805210E1,7.200000286E-1,1.098300076E1,-1.020000100E0
7.668049548E1,1.267950058E0,1.016400051E1,1.963950038E0
7.668293887E1,2.350050211E0,1.205805016E1,3.442050219E0
7.668538248E1,2.809950113E0,1.148805046E1,1.330500096E-1
7.668782587E1,3.004050255E0,9.024000168E0,-2.710950136E0
7.669026933E1,2.704950094E0,8.952000618E0,-6.609000206E0
7.669271264E1,1.837950110E0,9.096000671E0,-4.846950054E0
7.669515610E1,3.234000206E0,1.046805096E1,-4.522950172E0
7.669759950E1,1.986000061E0,1.049895096E1,-4.219050407E0
7.670004311E1,1.144050002E0,7.719000340E0,1.081050038E0
7.670248650E1,1.038000107E0,7.213950157E0,1.339050055E0
7.670492988E1,8.040000200E-1,1.040505028E1,1.864050031E0
7.670737334E1,1.081050038E0,9.309000015E0,2.986950159E0
7.670981673E1,1.426050067E0,6.000000477E0,4.630500078E-1
7.671226012E1,2.286000013E0,5.844000340E0,-2.209500074E-1
7.671470373E1,3.298950195E0,8.497050285E0,-6.495000422E-2
7.671714712E1,3.837000132E0,8.266950607E0,-3.943950176E0
7.671959058E1,1.159950018E0,7.528050423E0,-8.074049950E0
7.672203397E1,-6.870000362E-1,7.221000195E0,-4.909050465E0
7.672447735E1,-8.209500313E-1,5.868000507E0,2.140500098E-1
7.672692096E1,5.400000215E-1,7.633050442E0,2.805000067E0
7.672936435E1,1.723050117E0,7.786050320E0,2.400000095E-1
7.673180774E1,2.523000002E0,4.717050076E0,-7.000500560E-1
7.673425112E1,2.965950251E0,5.125950336E0,-1.363050103E0
7.673669458E1,3.925950289E0,7.080000401E0,-2.078999996E0
7.673913797E1,4.845000267E0,6.772950172E0,-4.377000332E0
7.674158135E1,2.230950117E0,6.721050262E0,-6.703950405E0
7.674402497E1,1.840500087E-1,7.153950214E0,-4.051949978E0
7.674646836E1,-4.980000257E-1,7.020000458E0,-6.300000101E-2
7.674891174E1,1.311000109E0,7.906050205E0,2.224950075E0
7.675135520E1,3.046950102E0,6.462000370E0,-8.860500455E-1
7.675379859E1,4.278000355E0,5.065950394E0,-3.640050173E0
7.675624220E1,3.346050262E0,6.022050381E0,-4.288949966E0
7.675868559E1,4.429050446E0,7.273950577E0,-3.810000181E0
7.676112897E1,5.382000446E0,7.294950485E0,-5.878050327E0
7.676357236E1,1.033950090E0,7.735950470E0,-7.312950134E0
7.676601574E1,-5.430000424E-1,9.081000328E0,-4.396049976E0
7.676845919E1,8.440500498E-1,8.191050529E0,-8.980500698E-1
7.677090257E1,2.503950119E0,8.068950653E0,1.332000017E0
7.677334619E1,4.507950306E0,8.171999931E0,-1.906050086E0
7.677578957E1,4.378050327E0,7.870050430E0,-3.112950087E0
7.677823296E1,2.908050060E0,8.473050117E0,-3.546000242E0
7.678067642E1,2.796000242E0,9.630000114E0,-1.945050120E0
7.678311980E1,5.695050240E0,1.107105064E1,-3.991950274E0
7.678556319E1,4.582050323E0,1.117905045E1,-5.911950111E0
7.678800657E1,1.974000096E0,1.140600014E1,-4.336950302E0
7.679045019E1,7.270500064E-1,1.015200043E1,-1.729500145E-1
7.679289357E1,2.049000025E0,1.103505039E1,1.761000037E0
7.679533703E1,4.732950211E0,1.234005070E1,-1.468050122E0
7.679778042E1,4.230000019E0,1.050795078E1,-5.260950089E0
7.680022380E1,1.680000067E0,8.574000359E0,-5.221950054E0
7.680266719E1,1.215000033E0,9.487950325E0,-1.612050056E0
7.680511084E1,4.351950169E0,1.320405102E1,-1.827000141E0
7.680755422E1,4.417050362E0,1.207005024E1,-3.252000093E0
7.680999768E1,1.891050100E0,1.112100029E1,-5.176950455E0
7.681244107E1,1.004999995E0,9.534000397E0,9.630000591E-1
7.681488445E1,1.948050141E0,1.041495037E1,1.701000094E0
7.681732784E1,3.580950260E0,1.264695072E1,-4.530000091E-1
7.681977145E1,2.920050144E0,8.554950714E0,-4.023000240E0
7.682221484E1,1.752000093E0,7.027050495E0,-5.124000072E0
7.682465830E1,8.280000687E-1,8.296050072E0,-2.902050257E0
7.682710168E1,4.246950150E0,9.265950203E0,-1.638000131E0
7.682954505E1,4.915050030E0,9.805050850E0,-3.469950199E0
7.683198844E1,2.476950169E0,9.322950363E0,-2.152950048E0
7.683443205E1,1.431000113E0,7.618950367E0,1.179000020E0
7.683687544E1,7.609500289E-1,8.641050339E0,1.710000038E0
7.683931882E1,2.865000248E0,1.126995087E1,2.464950085E0
7.684176221E1,1.972050071E0,9.064949989E0,-2.179050207E0
7.684420567E1,1.290000081E0,7.144050121E0,-5.665050507E0
7.684664928E1,1.255950093E0,8.575950623E0,-5.260950089E0
7.684909267E1,4.361999989E0,1.016100025E1,-4.102050304E0
7.685153607E1,4.527000427E0,1.086000061E1,-5.056950092E0
7.685397945E1,1.291950107E0,1.051800060E1,-3.546000242E0
7.685642291E1,1.020000055E-1,9.643950462E0,6.070500016E-1
7.685886630E1,2.269500047E-1,8.755949974E0,1.429950118E0
7.686130968E1,2.740950108E0,1.001295090E1,2.496000051E0
7.686375329E1,3.946950197E0,9.763950348E0,-3.669000149E0
7.686619668E1,3.910950184E0,9.069000244E0,-5.043000221E0
7.686864014E1,1.186950088E0,8.575950623E0,-5.377950191E0
7.687108345E1,1.507950068E0,9.357000351E0,-1.441950083E0
7.687352691E1,3.889950275E0,1.161495018E1,-2.280000210E0
7.687597029E1,3.030000210E0,1.204605103E1,-4.104000092E0
7.687841391E1,1.150950074E0,9.838050842E0,-2.574000120E0
7.688085729E1,9.400500655E-1,8.907000542E0,7.995000482E-2
7.688330068E1,4.432950020E0,9.679950714E0,-2.400000095E-1
7.688574414E1,6.504000187E0,1.008900070E1,-5.461950302E0
7.688818751E1,3.729000092E0,9.120000839E0,-8.029050827E0
7.689063090E1,3.390000165E-1,8.727000237E0,-4.408050060E0
7.689307451E1,3.700500131E-1,8.004000664E0,-2.520000041E-1
7.689551790E1,3.673950195E0,1.094700050E1,-1.102050066E0
7.689796128E1,5.053950310E0,1.062600040E1,-3.694950104E0
7.690040474E1,2.467950106E0,9.637050629E0,-3.373950243E0
7.690284812E1,1.086000085E0,9.321000099E0,-7.020000219E-1
7.690529151E1,1.435950041E0,9.450000763E0,1.312950015E0
7.690773490E1,3.576000214E0,1.078395081E1,-1.722000122E0
7.691017851E1,3.828000069E0,1.117605019E1,-4.681050301E0
7.691262190E1,2.032050133E0,9.337950706E0,-5.152950287E0
7.691506528E1,8.130000234E-1,7.944000244E0,-1.641000032E0
7.691750874E1,2.113049984E0,1.001295090E1,-9.030000567E-1
7.691995213E1,4.687050343E0,1.073295021E1,-2.899950027E0
7.692239574E1,2.863050222E0,1.014705086E1,-3.843000174E0
7.692483914E1,1.053000093E0,9.192000389E0,-6.280500293E-1
7.692728253E1,6.790500283E-1,8.284049988E0,1.144950032E0
7.692972599E1,3.222000122E0,9.711000443E0,4.030500054E-1
7.693216938E1,5.494050026E0,1.022595024E1,-5.341950417E0
7.693461276E1,3.270000219E0,8.442000389E0,-7.243050575E0
7.693705616E1,4.369500279E-1,7.402950287E0,-3.168000221E0
7.693949977E1,8.659500480E-1,8.044950485E0,1.114050031E0
7.694194316E1,3.888000250E0,1.107105064E1,-3.979500234E-1
7.694438654E1,4.471950054E0,1.032195091E1,-2.422950029E0
7.694683000E1,2.503950119E0,8.253000259E0,-3.379050255E0
7.694927339E1,1.207950115E0,8.425050735E0,-1.771950126E0
7.695171700E1,3.133050203E0,8.928000450E0,-3.859500289E-1
7.695416039E1,5.374050140E0,9.139050484E0,-3.847950220E0
7.695660378E1,2.379000187E0,9.522000313E0,-6.183000088E0
7.695904723E1,1.279500127E-1,8.545050621E0,-4.483050346E0
7.696149062E1,6.820500493E-1,7.197000504E0,-1.851000071E0
7.696393401E1,4.330049992E0,7.858050346E0,-2.042999983E0
7.696637762E1,5.389050484E0,8.701050758E0,-4.842000008E0
7.696882101E1,2.365050077E0,8.836950302E0,-5.397000313E0
7.697126441E1,5.430000424E-1,6.919050217E0,-2.185950041E0
7.697370779E1,6.550500393E-1,6.712950230E0,1.002000093E0
7.697615125E1,2.146950006E0,8.437050819E0,6.690000296E-1
7.697859464E1,3.753000259E0,7.698000431E0,-1.674000025E0
7.698103802E1,2.476950169E0,6.711000443E0,-4.351050377E0
7.698348164E1,2.050500065E-1,5.964000225E0,-3.118050098E0
7.698592502E1,5.809500217E-1,6.424050331E0,-7.260000110E-1
7.698836841E1,2.833950043E0,7.674000263E0,-3.670500219E-1
7.699081187E1,3.085050106E0,7.723950386E0,-1.648050070E0
7.699325526E1,7.800000310E-1,7.816950321E0,-2.272950172E0
7.699569886E1,5.140500069E-1,6.736950397E0,-2.490000129E-1
7.699814202E1,2.130000114E0,7.113000393E0,7.050000429E-1
7.700058563E1,4.113000393E0,7.767000198E0,-1.782000065E0
7.700302902E1,3.471000195E0,8.413050652E0,-4.381950378E0
7.700547247E1,1.048050046E0,8.434950829E0,-4.039950371E0
7.700791586E1,1.360500008E-1,7.690050602E0,-2.179050207E0
7.701035925E1,2.797950029E0,7.993950367E0,-2.401950121E0
7.701280286E1,5.014950275E0,8.980950356E0,-4.135050297E0
7.701524625E1,3.193050146E0,9.828000069E0,-4.585950375E0
7.701768963E1,3.820500076E-1,9.112950325E0,-1.183050036E0
7.702013309E1,1.260000020E-1,7.996950150E0,1.483050108E0
7.702257648E1,1.536000013E0,8.955000877E0,2.710950136E0
7.702501986E1,4.261050224E0,1.031400013E1,-2.233950138E0
7.702746347E1,5.137050152E0,9.084000587E0,-6.352950096E0
7.702990686E1,1.393050075E0,7.975050449E0,-5.811000347E0
7.703235033E1,5.710500479E-1,7.723950386E0,-7.450500131E-1
7.703479371E1,1.713000059E0,1.027605057E1,6.109500527E-1
7.703723710E1,2.110949993E0,1.181100082E1,-1.680000126E-1
7.703968048E1,1.693950057E0,9.745050430E0,-1.180500090E-1
7.704212410E1,1.113000035E0,9.004950523E0,-5.250000358E-1
7.704456748E1,1.054949999E0,9.229950905E0,5.350500345E-1
7.704701087E1,2.815050125E0,1.019205093E1,-1.528050065E0
7.704945433E1,3.765000105E0,1.111695099E1,-4.588050365E0
7.705189771E1,2.142000198E0,1.080105019E1,-4.416000366E0
7.705434110E1,6.790500283E-1,9.382950783E0,-1.750950098E0
7.705678472E1,7.699500322E-1,9.337950706E0,1.014000058E0
7.705922811E1,3.270000219E0,1.139400101E1,-4.095000029E-2
7.706167150E1,3.780000210E0,1.096605015E1,-3.915000200E0
7.706411488E1,2.482050180E0,9.517050743E0,-4.782000065E0
7.706655834E1,1.134000063E0,8.992950439E0,-3.238050222E0
7.706900173E1,9.280500412E-1,8.731950760E0,1.050000079E-3
7.707144511E1,2.785950184E0,1.087500095E1,-2.179500163E-1
7.707388872E1,3.696000099E0,1.089195061E1,-3.181950092E0
7.707633211E1,2.470050097E0,9.103050232E0,-3.553950071E0
7.707877557E1,8.539500237E-1,7.705050468E0,-1.195050001E0
7.708121896E1,1.255950093E0,8.140049934E0,1.627050042E0
7.708366235E1,2.857950211E0,1.110495090E1,1.350000054E-1
7.708610596E1,3.471000195E0,1.051095009E1,-1.578000069E0
7.708854935E1,2.944050074E0,9.036000252E0,-3.730950117E0
7.709099273E1,1.783050060E0,8.569050789E0,-3.421950102E0
7.709343611E1,1.915050149E0,9.498000145E0,-3.520500064E-1
7.709587957E1,3.445050240E0,1.098495007E1,-1.540050030E0
7.709832296E1,3.639000177E0,1.045605087E1,-3.253950119E0
7.710076657E1,1.716000080E0,8.974050522E0,-2.746950150E0
7.710320996E1,9.019500613E-1,7.279050350E0,-9.799500704E-1
7.710565334E1,2.398050070E0,8.830050468E0,-2.689500153E-1
7.710809672E1,5.274000168E0,1.021605015E1,-4.405950069E0
7.711054018E1,4.764000416E0,9.493050575E0,-6.766950130E0
7.711298357E1,2.194950104E0,8.607000351E0,-5.910000324E0
7.711542718E1,5.980500579E-1,7.141950130E0,-1.882050037E0
7.711787055E1,2.335950136E0,7.663950443E0,1.570500135E-1
7.712031394E1,4.627050400E0,9.490950584E0,-1.106999993E0
7.712275732E1,4.239000320E0,7.128000259E0,-4.684050083E0
7.712520078E1,1.876050115E0,6.181950092E0,-5.917050362E0
7.712764417E1,4.230000079E-1,5.358000278E0,-4.036950111E0
7.713008754E1,1.675050020E0,6.289950371E0,-1.024950027E0
7.713253115E1,3.604950190E0,7.276050568E0,-1.369950056E0
7.713497454E1,2.413050175E0,6.733050346E0,-2.134050131E0
7.713741792E1,1.390050054E0,6.679950237E0,-1.143000007E0
7.713986138E1,1.267950058E0,5.394000053E0,7.005000114E-2
7.714230477E1,2.140050173E0,6.517050266E0,1.108950019E0
7.714474815E1,3.157050133E0,7.960950375E0,-4.080000222E-1
7.714719154E1,2.880000114E0,8.191050529E0,-2.136000156E0
7.714963515E1,1.768950105E0,7.425000191E0,-3.658950090E0
7.715207863E1,9.379500151E-1,6.514950275E0,-2.269950151E0
7.715452202E1,2.194950104E0,8.203050613E0,-1.365000010E0
7.715696540E1,4.096050262E0,1.029495049E1,-3.111000061E0
7.715940878E1,4.455000401E0,1.130805016E1,-3.988950253E0
7.716185238E1,2.721000195E0,1.072605038E1,-3.952950239E0
7.716429577E1,1.584000111E0,9.940950394E0,-1.657050133E0
7.716673916E1,2.146950006E0,1.083900070E1,-1.513950109E0
7.716918262E1,4.052999973E0,1.221105099E1,-2.530950069E0
7.717162600E1,4.965000153E0,1.194705009E1,-5.959950447E0
7.717406962E1,2.050950050E0,9.310950279E0,-5.526000500E0
7.717651277E1,4.519500136E-1,8.176050186E0,-1.753050089E0
7.717895638E1,1.623000026E0,1.026195049E1,6.859500408E-1
7.718139977E1,3.210000038E0,1.235205078E1,9.970500469E-1
7.718384323E1,3.343950272E0,1.159095097E1,-7.189500332E-1
7.718628661E1,2.410050154E0,1.059000015E1,-2.116950035E0
7.718873000E1,1.692000031E0,1.014900017E1,-2.293950081E0
7.719117361E1,1.500000119E0,1.047300053E1,-9.820500612E-1
7.719361700E1,3.049950123E0,1.122405052E1,-2.062050104E0
7.719606038E1,3.976050138E0,1.121205044E1,-4.435050011E0
7.719850384E1,2.724000216E0,1.038405037E1,-4.734000206E0
7.720094723E1,1.740000129E0,9.618000031E0,-2.731950045E0
7.720339062E1,2.370000124E0,9.778050423E0,-5.800500512E-1
7.720583423E1,4.218000412E0,1.050600052E1,-1.411050081E0
7.720827762E1,4.431000233E0,1.151595020E1,-2.845050097E0
7.721072100E1,3.130950212E0,1.082700062E1,-4.516050339E0
7.721316439E1,1.339950085E0,9.297000885E0,-3.589950085E0
7.721560785E1,1.255950093E0,9.667950630E0,-8.599500656E-1
7.721805123E1,3.220050097E0,1.063800049E1,-1.441950083E0
7.722049462E1,4.194000244E0,1.054905033E1,-2.886000156E0
7.722293823E1,2.278950214E0,9.927000046E0,-3.268950224E0
7.722538161E1,1.363950014E0,8.350950241E0,-9.600000083E-2
7.722782507E1,1.453050017E0,7.792950153E0,9.709500670E-1
7.723026846E1,2.740950108E0,1.156200027E1,2.191950083E0
7.723271184E1,2.475000143E0,1.194300079E1,-7.380000353E-1
7.723515544E1,3.042000055E0,9.655950546E0,-4.375050068E0
7.723759883E1,2.791050196E0,8.574000359E0,-7.734000206E0
7.724004221E1,1.996050119E0,8.397000313E0,-6.349950314E0
7.724248560E1,2.556000233E0,8.635950089E0,-4.438950062E0
7.724492906E1,3.997950077E0,8.204999924E0,-4.516050339E0
7.724737243E1,4.747050285E0,7.386000156E0,-3.805050135E0
7.724981581E1,4.165050030E0,6.904950142E0,-3.487050056E0
7.725225943E1,3.154950142E0,6.534000397E0,-3.415050268E0
7.725470281E1,3.784950256E0,7.606950283E0,-3.252000093E0
7.725714627E1,3.531000137E0,8.442000389E0,-3.973050117E0
7.725958968E1,1.864050031E0,8.454000473E0,-3.457950115E0
7.726203306E1,5.689499974E-1,7.695000172E0,-2.351999998E0
7.726447668E1,6.100500226E-1,6.595950127E0,-4.000500143E-1
7.726692006E1,2.791050196E0,7.168050289E0,-1.609500051E-1
7.726936345E1,4.450050354E0,7.177950382E0,-2.155050039E0
7.727180683E1,3.078000069E0,6.831000328E0,-3.757050276E0
7.727425029E1,5.040000081E-1,6.723000526E0,-3.304950237E0
7.727669367E1,-1.120500043E-1,7.654050350E0,-1.939500123E-1
7.727913706E1,8.400000334E-1,9.642000198E0,8.080500364E-1
7.728158067E1,2.452950001E0,1.018800068E1,-1.152000070E0
7.728402408E1,3.081000090E0,1.019700050E1,-2.215050220E0
7.728646746E1,2.311950207E0,1.000605011E1,-3.489000082E0
7.728891092E1,1.869000077E0,1.043700027E1,-3.570000172E0
7.729135431E1,1.876050115E0,1.138500023E1,-2.115000010E0
7.729379769E1,2.140050173E0,1.196205044E1,-1.240950108E0
7.729624133E1,1.954950094E0,1.152600098E1,-1.645050049E0
7.729868471E1,1.342050076E0,1.147605038E1,-1.513950109E0
7.730112817E1,1.371000051E0,1.076895046E1,-1.711950064E0
7.730357148E1,1.396950126E0,1.122000027E1,-3.619500101E-1
7.730601494E1,1.954950094E0,1.117605019E1,1.399500072E-1
7.730845834E1,2.329050064E0,1.093500042E1,-1.380000114E0
7.731090195E1,1.740000129E0,1.061895084E1,-2.641050100E0
7.731334534E1,1.108050108E0,9.963000298E0,-1.993050098E0
7.731578872E1,8.989500403E-1,9.727950096E0,-7.830000520E-1
7.731823218E1,1.702050090E0,1.007295036E1,-1.204950094E0
7.732067557E1,3.460950136E0,1.006305027E1,-3.082050085E0
7.732311896E1,3.265050173E0,8.740950584E0,-4.507050037E0
7.732556257E1,1.648950100E0,8.020950317E0,-1.774950027E0
7.732800596E1,1.258950114E0,7.876950264E0,1.681950092E0
7.733044934E1,1.174950004E0,8.581050873E0,1.818000078E0
7.733289282E1,1.849950075E0,9.297000885E0,1.519050121E0
7.733533620E1,2.970000029E0,8.203050613E0,-7.570500374E-1
7.733777959E1,2.568000078E0,6.787950516E0,-3.561000109E0
7.734022320E1,3.234000206E0,7.281000137E0,-3.853050232E0
7.734266659E1,2.374050140E0,8.758049965E0,-3.682950258E0
7.734510995E1,1.792950034E0,8.767950058E0,-2.185950041E0
7.734755334E1,1.342050076E0,8.044950485E0,-7.909500599E-1
7.734999680E1,1.006950021E0,7.291050434E0,-1.489500105E-1
7.735244018E1,9.979500771E-1,6.721050262E0,6.190500259E-1
7.735488380E1,1.564950109E0,7.153950214E0,-6.300000101E-2
7.735732716E1,3.154950142E0,8.224050522E0,-2.256000042E0
7.735977055E1,3.748950243E0,8.437050819E0,-4.750950336E0
7.736221393E1,3.231000185E0,7.683000565E0,-5.845050335E0
7.736465739E1,1.687050104E0,7.389000416E0,-4.521000385E0
7.736710078E1,1.419000030E0,7.777050495E0,-8.770500422E-1
7.736954417E1,2.902950048E0,8.895000458E0,2.639999986E-1
7.737198778E1,3.804000139E0,8.326950073E0,-1.036949992E0
7.737443116E1,3.571050167E0,6.718050480E0,-3.220950127E0
7.737687455E1,1.294050097E0,5.527950287E0,-3.918000221E0
7.737931801E1,1.201050043E0,6.481050491E0,-2.007000208E0
7.738176142E1,2.530050039E0,8.080950737E0,-8.740500212E-1
7.738420504E1,4.599000454E0,9.273000717E0,-2.164950132E0
7.738664842E1,3.361050129E0,9.223050117E0,-2.998050213E0
7.738909181E1,1.519950032E0,9.354000092E0,-3.075000048E0
7.739153519E1,7.459500432E-1,9.759000778E0,-2.136000156E0
7.739397865E1,1.326000094E0,1.016400051E1,-1.198050022E0
7.739642204E1,2.238000154E0,1.113300037E1,-1.653000116E0
7.739886542E1,2.733000040E0,1.007295036E1,-3.283050060E0
7.740130903E1,1.969950080E0,9.550950050E0,-3.120000124E0
7.740375240E1,1.327950120E0,8.764950752E0,-2.325000048E0
7.740619586E1,1.801950097E0,9.883950233E0,-2.590500116E-1
7.740863925E1,3.187950134E0,1.130295086E1,-3.259500265E-1
7.741108264E1,4.703999996E0,1.140405083E1,-2.373000145E0
7.741352602E1,3.853950262E0,1.080300045E1,-4.368000031E0
7.741596963E1,1.711050034E0,1.013505077E1,-5.704050064E0
7.741841302E1,8.110500574E-1,9.534000397E0,-3.522000074E0
7.742085648E1,1.335000038E0,9.601050377E0,-1.177950025E0
7.742329987E1,2.644950151E0,1.057995033E1,-1.213950038E0
7.742574325E1,3.306000233E0,1.031205082E1,-2.875950098E0
7.742818666E1,2.443950176E0,9.187050819E0,-2.740050077E0
7.743063027E1,1.455000043E0,7.824000359E0,-2.380500138E-1
7.743307366E1,1.443000078E0,7.768950462E0,1.677000046E0
7.743551704E1,2.662050009E0,9.736950874E0,1.705950022E0
7.743796050E1,3.933000088E0,1.009200001E1,-1.267050028E0
7.744040389E1,4.432950020E0,7.780950546E0,-5.653050423E0
7.744284728E1,4.231950283E0,7.161000252E0,-8.424000740E0
7.744529066E1,3.133050203E0,7.401000500E0,-6.331050396E0
7.744773427E1,2.082000017E0,8.204999924E0,-2.521950006E0
7.745017766E1,2.602050066E0,8.902050018E0,3.430500031E-1
7.745262102E1,2.731050014E0,8.683950424E0,5.760000348E-1
7.745506448E1,2.494050026E0,8.109000206E0,1.129500046E-1
7.745750787E1,2.038950205E0,7.492050171E0,-1.489950061E0
7.745995148E1,2.650050163E0,8.659950256E0,-1.902000070E0
7.746239487E1,2.608950138E0,9.473999977E0,-2.388000011E0
7.746483826E1,2.287950039E0,1.059495068E1,-3.004950047E0
7.746728172E1,1.335000038E0,1.046805096E1,-4.269000053E0
7.746972510E1,8.110500574E-1,9.235050201E0,-3.199050188E0
7.747216849E1,1.705950022E0,8.785050392E0,-1.927950144E0
7.747461210E1,2.254950047E0,8.911050797E0,-7.830000520E-1
7.747705547E1,3.322050095E0,9.556050301E0,-1.303050041E0
7.747949893E1,3.649950266E0,9.702000618E0,-2.806950092E0
7.748194224E1,1.833000064E0,8.767950058E0,-3.015000105E0
7.748438570E1,1.120050073E0,8.607000351E0,2.830500007E-1
7.748682908E1,1.512000084E0,8.476050377E0,1.369950056E0
7.748927268E1,1.948050141E0,1.083405018E1,1.453950047E0
7.749171606E1,1.918950081E0,1.063995075E1,-1.300500035E-1
7.749415945E1,1.903050065E0,8.631000519E0,-3.241950035E0
7.749660283E1,2.200050116E0,8.866050720E0,-6.183000088E0
7.749904629E1,1.728000045E0,8.566950798E0,-4.770000458E0
7.750148968E1,1.351950049E0,8.967000008E0,-1.291050076E0
7.750393329E1,1.717950106E0,9.378000259E0,6.040500402E-1
7.750637668E1,1.981950045E0,9.309000015E0,2.380500138E-1
7.750882006E1,2.631000042E0,9.057000160E0,-7.590000629E-1
7.751126346E1,2.923050165E0,8.442000389E0,-2.778000116E0
7.751370692E1,2.611050129E0,8.020950317E0,-3.396000147E0
7.751615030E1,3.634050131E0,8.764950752E0,-3.582000256E0
7.751859369E1,4.690050125E0,9.133950233E0,-4.324950218E0
7.752103730E1,4.990950108E0,8.964000702E0,-5.043000221E0
7.752348068E1,4.186950207E0,9.115050316E0,-4.444050312E0
7.752592407E1,3.889950275E0,9.283050537E0,-3.697050095E0
7.752836753E1,4.042950153E0,9.760950089E0,-2.458950043E0
7.753081091E1,4.438050270E0,9.390000343E0,-2.887950182E0
7.753325453E1,3.516000271E0,9.406949997E0,-3.324000120E0
7.753569791E1,1.303950071E0,9.417000771E0,-2.443050146E0
7.753814130E1,7.579500079E-1,9.048000336E0,5.320500135E-1
7.754058476E1,1.927050114E0,9.663000107E0,1.222050071E0
7.754302815E1,4.177050114E0,1.089900017E1,-1.246050000E0
7.754547153E1,4.788000107E0,1.042500019E1,-3.718950272E0
7.754791494E1,3.492000103E0,1.020000076E1,-4.771950245E0
7.755035856E1,1.519950032E0,1.089405060E1,-4.684050083E0
7.755280194E1,1.350000024E0,1.086795044E1,-2.385000229E0
7.755524533E1,2.275950193E0,9.781050682E0,-5.580000281E-1
7.755768879E1,3.322050095E0,9.511950493E0,-4.480500221E-1
7.756013218E1,3.694050074E0,9.685050011E0,-8.770500422E-1
7.756257579E1,3.646050215E0,9.060000420E0,-2.122050047E0
7.756501895E1,2.403000116E0,9.201000214E0,-1.588050127E0
7.756746256E1,2.350050211E0,1.087995052E1,-1.618950129E0
7.756990595E1,2.628000021E0,1.074495029E1,-2.068950176E0
7.757234938E1,3.676950216E0,1.053000069E1,-2.730000019E0
7.757479276E1,3.154950142E0,9.784950256E0,-4.578000069E0
7.757723615E1,2.058000088E0,9.991050720E0,-4.210050106E0
7.757967976E1,2.167950153E0,1.032405090E1,-3.088950157E0
7.758212315E1,3.583050251E0,1.007295036E1,-2.431050062E0
7.758456654E1,3.163950205E0,9.241950035E0,-2.530950069E0
7.758700999E1,2.155950069E0,9.091050148E0,-1.897050142E0
7.758945338E1,1.287000060E0,8.265000343E0,-1.642950058E0
7.759189676E1,6.480000019E-1,7.639950275E0,-2.850000262E-1
7.759434038E1,1.644000053E0,8.065950394E0,7.140000463E-1
7.759678378E1,3.652950287E0,8.919000626E0,-4.480500221E-1
7.759922716E1,4.644000053E0,8.197950363E0,-3.288000107E0
7.760167055E1,4.096050262E0,7.942050457E0,-5.469000340E0
7.760411401E1,2.707050085E0,8.578950882E0,-5.650950432E0
7.760655740E1,1.455000043E0,8.767950058E0,-2.230050087E0
7.760900102E1,1.837950110E0,9.316050529E0,1.995000057E-2
7.761144441E1,1.777950048E0,9.916950226E0,1.138050079E0
7.761388779E1,1.207950115E0,9.012000084E0,4.180500209E-1
7.761633125E1,1.800000072E0,8.185950279E0,-1.746000051E0
7.761877464E1,2.559000015E0,8.278950691E0,-3.721050262E0
7.762121800E1,2.254950047E0,8.887950897E0,-4.075950146E0
7.762366162E1,1.678050041E0,9.807000160E0,-2.148000002E0
7.762610500E1,1.552950025E0,9.988950729E0,-1.309950113E0
7.762854839E1,1.795050144E0,9.967050552E0,-1.198050022E0
7.763099177E1,1.777950048E0,9.352050781E0,-2.514000177E0
7.763343524E1,1.467000127E0,9.465000153E0,-2.514000177E0
7.763587863E1,1.510050058E0,9.771000862E0,-1.246050000E0
7.763832202E1,1.869000077E0,1.038900089E1,-7.020000219E-1
7.764076563E1,2.440950155E0,1.147095013E1,-1.144950032E0
7.764320902E1,2.329050064E0,1.116000080E1,-2.182049990E0
7.764565248E1,1.785000086E0,1.056405067E1,-1.533000112E0
7.764809587E1,1.201050043E0,9.631950378E0,2.689500153E-1
7.765053925E1,1.480950117E0,9.639000893E0,1.162050009E0
7.765298264E1,1.792950034E0,1.124595070E1,-1.350000054E-1
7.765542625E1,2.890950203E0,9.859950066E0,-3.345000267E0
7.765786965E1,3.574050188E0,9.088950157E0,-6.802950382E0
7.766031311E1,3.379950047E0,8.710050583E0,-7.096950531E0
7.766275650E1,2.686050177E0,9.133950233E0,-5.064000130E0
7.766519988E1,2.014950037E0,9.739950180E0,-1.372050047E0
7.766764327E1,1.905000091E0,9.373950005E0,6.640500426E-1
7.767008688E1,2.338050127E0,9.388050079E0,5.520000458E-1
7.767253027E1,3.480000257E0,8.599950790E0,-1.513950109E0
7.767497365E1,3.997950077E0,7.432050228E0,-3.910050154E0
7.767741711E1,3.495000124E0,7.531950474E0,-4.159049988E0
7.767986050E1,2.973000050E0,8.191050529E0,-3.822000265E0
7.768230412E1,3.592950106E0,8.598000526E0,-3.376050234E0
7.768474750E1,3.805950165E0,8.381999969E0,-4.078050137E0
7.768719089E1,3.294000149E0,7.020000458E0,-4.744050026E0
7.768963435E1,2.463000059E0,5.875050068E0,-4.518000126E0
7.769207774E1,3.178950071E0,6.951000214E0,-2.296950102E0
7.769452112E1,3.330000162E0,6.888000488E0,-9.060000181E-1
7.769696451E1,3.660000086E0,6.970050335E0,-1.819500029E-1
7.769940812E1,3.342000246E0,7.741050243E0,2.430000156E-1
7.770185151E1,2.200050116E0,7.807950497E0,6.310500503E-1
7.770429489E1,1.192050099E0,7.393050194E0,2.910000086E-1
7.770673835E1,9.090000391E-1,8.356050491E0,3.430500031E-1
7.770918174E1,1.690050125E0,9.970050812E0,1.798950076E0
7.771162512E1,1.716000080E0,9.511950493E0,-1.152000070E0
7.771406874E1,2.721000195E0,8.619000435E0,-3.400050163E0
7.771651213E1,3.124050140E0,8.643000603E0,-5.071950436E0
7.771895552E1,2.282999992E0,8.571000099E0,-5.673000336E0
7.772139890E1,1.708950043E0,8.989950180E0,-4.411050320E0
7.772384236E1,1.333050013E0,9.385950089E0,-2.344050169E0
7.772628575E1,1.495950103E0,9.061950684E0,-2.880000174E-1
7.772872936E1,1.921950102E0,8.986050606E0,6.979500055E-1
7.773117275E1,3.354000092E0,9.304050446E0,-2.280000150E-1
7.773361614E1,3.660000086E0,9.115050316E0,-1.650000095E0
7.773605960E1,3.406050205E0,8.806050301E0,-2.124000072E0
7.773850298E1,2.929950237E0,9.772950172E0,-1.903950095E0
7.774094637E1,2.829000235E0,1.020405006E1,-2.091000080E0
7.774338998E1,2.167950153E0,1.033800030E1,-2.115000010E0
7.774583337E1,2.146950006E0,1.003005028E1,-2.280000210E0
7.774827675E1,2.392950058E0,9.819000244E0,-2.446950197E0
7.775072021E1,2.808000088E0,1.006305027E1,-2.364000082E0
7.775316359E1,3.196050167E0,1.071900082E1,-1.720050097E0
7.775560721E1,3.241050243E0,1.144500065E1,-2.035950184E0
7.775805036E1,2.401050091E0,1.149705029E1,-1.269000053E0
7.776049398E1,1.933950067E0,1.042500019E1,5.370000005E-1
7.776293736E1,1.993950129E0,1.027095032E1,1.263000011E0
7.776538082E1,2.215950012E0,1.144005013E1,1.543050051E0
7.776782421E1,2.728950024E0,1.151400089E1,3.390000165E-1
7.777026759E1,4.102950096E0,1.004895020E1,-6.766950130E0
7.777271121E1,2.781000137E0,1.068300056E1,-7.092000484E0
7.777515459E1,2.202000141E0,1.069005013E1,-5.833050251E0
7.777759798E1,1.690050125E0,1.046805096E1,-2.452050209E0
7.778004144E1,1.608000040E0,9.910050392E0,5.879999995E-1
7.778248482E1,1.243950009E0,9.955050468E0,1.350000054E-1
7.778492844E1,1.933950067E0,8.418000221E0,-8.890500665E-1
7.778737159E1,3.691050291E0,7.972950459E0,-3.168000221E0
7.778981521E1,4.411950111E0,7.450950146E0,-4.633050442E0
7.779225860E1,3.825000286E0,7.195050240E0,-4.072950363E0
7.779470198E1,3.660000086E0,7.570950508E0,-3.738000154E0
7.779714544E1,4.141050339E0,7.228050232E0,-3.964950085E0
7.779958883E1,4.014000416E0,5.926050186E0,-4.918050289E0
7.780203220E1,3.492000103E0,5.032950401E0,-5.665050507E0
7.780447581E1,2.692950010E0,4.848000050E0,-5.239050388E0
7.780691920E1,2.443950176E0,5.004000187E0,-2.400000095E0
7.780936266E1,2.358000040E0,5.302950382E0,1.729500145E-1
7.781180606E1,1.893000126E0,5.313000202E0,1.564050078E0
7.781424945E1,1.555050015E0,5.988000393E0,9.510000348E-1
7.781669283E1,1.134000063E0,6.031050205E0,5.539500117E-1
7.781913644E1,9.640500546E-1,6.108000278E0,2.860500216E-1
7.782157983E1,1.125000000E0,6.454950333E0,8.010000587E-1
7.782402320E1,1.036050081E0,6.892950535E0,8.700000644E-1
7.782646666E1,9.349500537E-1,7.966050148E0,1.701000094E0
7.782891005E1,2.757000208E0,8.038050652E0,2.410050154E0
7.783135343E1,3.829950094E0,6.808950424E0,-1.392000079E0
7.783379705E1,1.540950060E0,8.406000137E0,-2.377950191E0
7.783624043E1,6.363000393E0,9.606000900E0,-6.657000542E0
7.783868389E1,4.102950096E0,9.831000328E0,-1.018305016E1
7.784112728E1,1.855050087E0,1.063800049E1,-4.744050026E0
7.784357066E1,1.266000032E0,1.098000050E1,-1.542000055E0
7.784601404E1,1.548000097E0,1.085595036E1,-3.000000119E-1
7.784845765E1,2.242950201E0,1.070700073E1,-1.009500027E-1
7.785090103E1,2.902950048E0,1.111905098E1,-1.270500124E-1
7.785334442E1,3.109050035E0,1.160505009E1,-3.090000153E-1
7.785578788E1,2.520000219E0,1.153095055E1,1.050000079E-3
7.785823126E1,2.653950214E0,1.240005016E1,-6.660000086E-1
7.786067465E1,3.412950277E0,1.252905083E1,-3.226050138E0
7.786311826E1,2.833950043E0,1.168605042E1,-5.203050137E0
7.786556165E1,1.861950040E0,1.173195076E1,-5.208000183E0
7.786800503E1,2.631000042E0,1.143300056E1,-3.304950237E0
7.787044842E1,2.776950121E0,1.197405052E1,-2.574000120E0
7.787289187E1,3.571050167E0,1.231095028E1,1.005000062E-2
7.787533526E1,3.277050257E0,1.229505062E1,6.589500308E-1
7.787777887E1,3.262950182E0,1.179405022E1,9.280500412E-1
7.788022226E1,3.129000187E0,1.142100048E1,-1.995000057E-2
7.788266564E1,3.085050106E0,1.083900070E1,-1.106999993E0
7.788510910E1,3.753000259E0,1.026195049E1,-3.172950268E0
7.788755249E1,4.017000198E0,9.808950424E0,-5.887950420E0
7.788999587E1,4.005000114E0,9.318000793E0,-7.258050442E0
7.789243948E1,3.685950279E0,9.373950005E0,-6.051000118E0
7.789488287E1,2.962950230E0,9.685050011E0,-2.716050148E0
7.789732623E1,2.686050177E0,8.928000450E0,3.310500085E-1
7.789976969E1,2.701950073E0,8.635950089E0,1.015950084E0
7.790221307E1,2.616000175E0,8.503950119E0,6.000000052E-3
7.790465646E1,2.700000048E0,8.016000748E0,-4.309500158E-1
7.790710007E1,3.196050167E0,7.246950150E0,-4.510500133E-1
7.790954344E1,3.508950233E0,6.618000507E0,-1.198050022E0
7.791198690E1,3.466050148E0,6.690000534E0,-2.980950117E0
7.791443029E1,3.322050095E0,7.003050327E0,-4.267050266E0
7.791687367E1,3.526050091E0,7.449000359E0,-4.771950245E0
7.791931705E1,3.519000053E0,6.943050385E0,-5.116950035E0
7.792176067E1,2.472000122E0,6.571950436E0,-5.232000351E0
7.792420405E1,2.050950050E0,6.601050377E0,-3.594000101E0
7.792664744E1,2.530050039E0,6.816000462E0,-1.581000090E0
7.792909090E1,2.443950176E0,6.523950100E0,-9.030000567E-1
7.793153427E1,2.170950174E0,6.898050308E0,-5.419500470E-1
7.793397765E1,2.032050133E0,7.507950306E0,-1.540500075E-1
7.793642104E1,1.563000083E0,7.504050255E0,2.700000070E-2
7.793886465E1,9.040500522E-1,7.899000168E0,6.300000101E-2
7.794130804E1,8.899500370E-1,8.119050026E0,1.005000062E-2
7.794375143E1,1.512000084E0,8.157000542E0,-1.216950059E0
7.794619489E1,3.022950172E0,8.245950699E0,-3.823950291E0
7.794863828E1,3.985950232E0,7.875000477E0,-5.071950436E0
7.795108189E1,3.772950172E0,8.478000641E0,-6.271050453E0
7.795352528E1,3.958950281E0,8.947050095E0,-6.907950401E0
7.795596866E1,1.687050104E0,9.796950340E0,-6.355050087E0
7.795841204E1,6.379500031E-1,1.011795044E1,-2.799000025E0
7.796085550E1,1.201050043E0,1.071405029E1,-2.400000095E-1
7.796329889E1,1.753950119E0,1.127700043E1,1.332000017E0
7.796574228E1,1.773000121E0,1.149495029E1,1.243950009E0
7.796818589E1,2.844000101E0,1.216305065E1,1.954950094E0
7.797062928E1,2.584950209E0,1.095105076E1,-1.237950087E0
7.797307266E1,2.257050037E0,1.026900005E1,-3.819000244E0
7.797551612E1,1.375950098E0,1.026900005E1,-5.122050285E0
7.797795951E1,1.387950063E0,1.072605038E1,-5.260950089E0
7.798040288E1,2.779050112E0,1.071900082E1,-4.969050407E0
7.798284650E1,2.761950016E0,1.082895088E1,-4.489950180E0
7.798528988E1,2.548950195E0,1.120995045E1,-1.698000073E0
7.798773335E1,2.700000048E0,1.151895046E1,2.620500028E-1
7.799017673E1,2.422049999E0,1.152795029E1,1.105050087E0
7.799262012E1,2.266950130E0,1.141305065E1,6.829500198E-1
7.799506373E1,2.676000118E0,1.143300056E1,-9.730500579E-1
7.799750712E1,2.844000101E0,1.106895065E1,-2.737050056E0
7.799995050E1,2.161050081E0,9.970050812E0,-2.815950155E0
7.800239388E1,1.572000027E0,9.855000496E0,-3.640500307E-1
7.800483733E1,1.464000106E0,9.625050545E0,7.549500465E-1
7.800728071E1,2.416950226E0,9.651000023E0,3.390000165E-1
7.800972410E1,3.808050156E0,9.517050743E0,-3.135000229E0
7.801216771E1,4.399950027E0,9.196050644E0,-6.517950535E0
7.801461110E1,3.691050291E0,8.763000488E0,-8.011950493E0
7.801705450E1,2.358000040E0,9.304050446E0,-6.853050232E0
7.801949796E1,1.282950044E0,9.079050064E0,-2.469000101E0
7.802194135E1,1.126950026E0,7.807950497E0,5.299500227E-1
7.802438473E1,1.492950082E0,8.581050873E0,1.651050091E0
7.802682812E1,1.254000068E0,9.510000229E0,1.612050056E0
7.802927173E1,1.396950126E0,7.309950352E0,9.660000205E-1
7.803171512E1,2.740950108E0,7.156050205E0,-1.990500093E-1
7.803415858E1,3.748950243E0,7.765050411E0,-2.614950180E0
7.803660196E1,2.767050028E0,8.083050728E0,-4.399050236E0
7.803904535E1,2.551050186E0,8.787000656E0,-4.509000301E0
7.804148896E1,3.744000196E0,8.725049973E0,-5.328000069E0
7.804393235E1,3.475950241E0,8.539950371E0,-5.670000076E0
7.804637573E1,4.498050213E0,8.631000519E0,-5.023950100E0
7.804881919E1,3.550050259E0,9.448050499E0,-4.321950436E0
7.805126257E1,1.639050126E0,9.975000381E0,-2.641050100E0
7.805370596E1,1.444950104E0,9.706050873E0,-4.980000257E-1
7.805614957E1,1.290000081E0,1.045305061E1,-4.270500243E-1
7.805859296E1,1.792950034E0,1.149000072E1,-1.372050047E0
7.806103642E1,1.323000073E0,9.517050743E0,-2.268000126E0
7.806347973E1,6.499500275E-1,8.526000023E0,-9.199500680E-1
7.806592319E1,1.024049997E0,8.598000526E0,-4.750500321E-1
7.806836657E1,1.464000106E0,8.935050011E0,-7.200000435E-2
7.807081019E1,2.109000206E0,8.449049950E0,-1.948950052E0
7.807325356E1,3.246000051E0,8.952000618E0,-4.384050369E0
7.807569694E1,2.877000093E0,9.658050537E0,-6.333000183E0
7.807814040E1,2.367000103E0,9.702000618E0,-6.630000114E0
7.808058379E1,1.483950019E0,9.864000320E0,-4.225950241E0
7.808302717E1,5.910000205E-1,9.213000298E0,-7.380000353E-1
7.808547080E1,4.879500270E-1,8.581050873E0,1.500000119E0
7.808791419E1,9.979500771E-1,8.947050095E0,1.597950101E0
7.809035757E1,2.350050211E0,8.005949974E0,-3.960000277E-1
7.809280096E1,3.634050131E0,7.851000309E0,-3.192000151E0
7.809524442E1,3.952050209E0,8.610000610E0,-5.673000336E0
7.809768782E1,2.029950142E0,9.061950684E0,-4.815000057E0
7.810013121E1,6.859500408E-1,8.890050888E0,-2.373000145E0
7.810257482E1,1.723050117E0,8.176050186E0,-1.174050093E0
7.810501821E1,3.339000225E0,8.133000374E0,-1.545000076E0
7.810746159E1,3.840000153E0,8.185950279E0,-3.349950075E0
7.810990505E1,3.619050264E0,8.518950462E0,-3.811950207E0
7.811234844E1,2.089050055E0,9.180000305E0,-3.762000084E0
7.811479205E1,1.156050086E0,9.982050896E0,-1.750950098E0
7.811723544E1,1.263000011E0,1.054905033E1,2.880000174E-1
7.811967882E1,1.648950100E0,1.115700054E1,3.769500256E-1
7.812212228E1,1.740000129E0,1.120500088E1,-1.180500090E-1
7.812456567E1,1.825950146E0,9.856950760E0,-2.269950151E0
7.812700905E1,1.464000106E0,8.955000877E0,-3.289950132E0
7.812945244E1,1.026000023E0,8.964000702E0,-2.136000156E0
7.813189604E1,7.080000043E-1,8.955000877E0,-9.769500494E-1
7.813433951E1,1.417050123E0,9.105000496E0,-6.919500232E-1
7.813678281E1,2.781000137E0,9.022050858E0,-2.136000156E0
7.813922627E1,3.435000181E0,9.991050720E0,-3.877050161E0
7.814166966E1,3.124050140E0,9.979050636E0,-4.803000450E0
7.814411327E1,1.918950081E0,9.864000320E0,-3.850050211E0
7.814655666E1,9.090000391E-1,9.473999977E0,-1.175999999E0
7.814900004E1,7.699500322E-1,8.478000641E0,3.169500232E-1
7.815144350E1,5.089499950E-1,9.085950851E0,1.411050081E0
7.815388689E1,7.960500121E-1,9.013950348E0,1.308000088E0
7.815633029E1,1.725000024E0,8.005949974E0,-1.092000008E0
7.815877391E1,3.387000084E0,8.289000511E0,-3.304950237E0
7.816121729E1,3.403950214E0,8.476050377E0,-5.044950008E0
7.816366068E1,1.864050031E0,8.518950462E0,-4.565999985E0
7.816610414E1,1.066950083E0,8.635950089E0,-2.256000042E0
7.816854753E1,2.518050194E0,7.719000340E0,-1.549950123E0
7.817099091E1,4.321050167E0,7.735950470E0,-2.445000172E0
7.817343429E1,5.626050472E0,7.863000393E0,-3.384000063E0
7.817587791E1,5.178000450E0,7.966050148E0,-4.059000015E0
7.817832129E1,2.688000202E0,9.280050278E0,-3.688050270E0
7.818076468E1,1.704000115E0,9.430950165E0,-1.648050070E0
7.818320814E1,1.843050122E0,1.019205093E1,-3.330000043E-1
7.818565153E1,1.488000035E0,1.083195019E1,-1.420500129E-1
7.818809514E1,1.672950029E0,1.029495049E1,-1.324950099E0
7.819053853E1,1.903050065E0,9.735000610E0,-3.022050142E0
7.819298192E1,1.876050115E0,8.530950546E0,-2.677050114E0
7.819542538E1,1.584000111E0,8.574000359E0,-1.993050098E0
7.819786877E1,1.780950069E0,9.013950348E0,-1.675950050E0
7.820031216E1,2.487000227E0,8.169000626E0,-2.485950232E0
7.820275554E1,3.418050051E0,8.491950035E0,-2.653050184E0
7.820519913E1,4.141050339E0,8.512050629E0,-4.284000397E0
7.820764252E1,3.634050131E0,8.679000854E0,-5.437950134E0
7.821008590E1,2.815050125E0,8.418000221E0,-4.540050030E0
7.821252936E1,1.524000049E0,8.872950554E0,-1.711950064E0
7.821497275E1,1.603050113E0,8.629050255E0,7.500000596E-1
7.821741636E1,2.602050066E0,8.332050323E0,8.580000401E-1
7.821985975E1,3.579000235E0,7.719000340E0,-1.528050065E0
7.822230314E1,3.547950268E0,7.453050137E0,-3.865050077E0
7.822474660E1,3.004050255E0,7.807950497E0,-5.104950428E0
7.822718998E1,2.044049978E0,8.047050476E0,-4.537950039E0
7.822963336E1,7.650000453E-1,7.425000191E0,-3.079950094E0
7.823207698E1,3.850500286E-1,6.715950489E0,-1.339050055E0
7.823452036E1,1.840050101E0,6.457050323E0,-3.600000143E-1
7.823696375E1,4.564949989E0,6.064950466E0,-2.644050121E0
7.823940713E1,4.627050400E0,5.860950470E0,-4.630950451E0
7.824185060E1,2.451000214E0,6.960000515E0,-4.200000286E0
7.824429398E1,2.073000193E0,7.585050583E0,-3.003000259E0
7.824673737E1,2.188050032E0,7.735950470E0,-1.875000119E0
7.824918098E1,1.848000050E0,7.911000252E0,-1.456050038E0
7.825162437E1,1.021950006E0,7.807950497E0,-9.105000645E-2
7.825406775E1,8.779500127E-1,7.657050133E0,-2.380500138E-1
7.825651121E1,1.788000107E0,7.104000568E0,-1.329000115E0
7.825895460E1,1.390050054E0,5.959050179E0,-2.694000244E0
7.826139821E1,2.820000052E-1,5.895000458E0,-2.131050110E0
7.826384162E1,-1.939500123E-1,5.998050213E0,-6.000000238E-2
7.826628500E1,1.189500093E-1,6.591000080E0,5.230500102E-1
7.826872846E1,1.000050068E0,6.618000507E0,1.450500041E-1
7.827117185E1,2.109000206E0,6.733050346E0,-1.284000039E0
7.827361523E1,3.271950245E0,7.864950180E0,-3.285000086E0
7.827605863E1,2.962950230E0,8.488050461E0,-4.060950279E0
7.827850224E1,1.134000063E0,8.770050049E0,-3.709050179E0
7.828094563E1,4.159500301E-1,9.177000046E0,-1.315050006E0
7.828338902E1,5.239500403E-1,9.409049988E0,4.249500334E-1
7.828583247E1,7.459500432E-1,9.430950165E0,8.629500270E-1
7.828827586E1,1.464000106E0,8.844000816E0,3.979500234E-1
7.829071924E1,2.413050175E0,9.145950317E0,-1.381950021E0
7.829316286E1,3.136050224E0,9.879000664E0,-2.910000086E0
7.829560624E1,3.163950205E0,1.059495068E1,-3.769050121E0
7.829804970E1,2.512950182E0,1.112400055E1,-3.577950239E0
7.830049308E1,1.515000105E0,1.119105053E1,-2.196000099E0
7.830293646E1,1.459950089E0,1.165800095E1,-8.500500321E-1
7.830538008E1,2.247000217E0,1.264905071E1,-1.782000065E0
7.830782323E1,3.469050169E0,1.260795021E1,-2.842050076E0
7.831026684E1,3.052050114E0,1.235400105E1,-4.024950027E0
7.831271023E1,2.178000212E0,1.360695076E1,-2.845050097E0
7.831515369E1,2.161050081E0,1.403295040E1,-2.244000196E0
7.831759708E1,1.849950075E0,1.379805088E1,-2.148000002E0
7.832004046E1,2.262000084E0,1.232805061E1,-3.019950151E0
7.832248408E1,1.906950116E0,1.365900040E1,-2.632050037E0
7.832492750E1,2.290950060E0,1.354695034E1,-3.550500274E-1
7.832737088E1,2.929950237E0,1.209105015E1,-1.243050098E0
7.832981434E1,2.563050032E0,1.105695057E1,-1.875000119E0
7.833225773E1,1.929000139E0,1.067805004E1,-3.232950211E0
7.833470111E1,2.311950207E0,1.059705067E1,-4.384050369E0
7.833714473E1,3.591000080E0,1.003005028E1,-5.602950096E0
7.833958812E1,3.676950216E0,1.010400009E1,-6.477000237E0
7.834203158E1,3.322050095E0,1.032195091E1,-4.705049992E0
7.834447496E1,3.057000160E0,1.114995098E1,-3.181950092E0
7.834691835E1,3.286950111E0,1.099905014E1,-1.480050087E0
7.834936172E1,2.680950165E0,1.038195038E1,-1.168950081E0
7.835180533E1,1.476000071E0,1.014195061E1,-9.529500604E-1
7.835424872E1,8.200500607E-1,8.911050797E0,-1.143000007E0
7.835669210E1,9.109500647E-1,7.228050232E0,-1.810950041E0
7.835913556E1,2.194950104E0,6.421050072E0,-2.244000196E0
7.836157895E1,1.756950140E0,6.783000469E0,-1.858050108E0
7.836402234E1,1.339950085E0,7.176000118E0,-8.980500698E-1
7.836646595E1,2.731050014E0,7.863000393E0,-1.612050056E0
7.836890934E1,4.026000023E0,8.233950615E0,-3.040950060E0
7.837135280E1,3.829950094E0,8.746050835E0,-4.432050228E0
7.837379611E1,3.310050249E0,9.189000130E0,-5.170050144E0
7.837623957E1,3.186000109E0,9.465000153E0,-5.473950386E0
7.837868318E1,3.169050217E0,8.574000359E0,-5.227050304E0
7.838112657E1,2.707050085E0,8.313000679E0,-3.988950253E0
7.838356995E1,2.856000185E0,8.746050835E0,-2.601000071E0
7.838601334E1,3.030000210E0,9.109950066E0,-7.669500113E-1
7.838845680E1,2.856000185E0,8.902050018E0,1.350000054E-1
7.839090018E1,2.154000044E0,9.727950096E0,2.380500138E-1
7.839334357E1,1.795050144E0,1.064700031E1,-7.669500113E-1
7.839578718E1,1.654050112E0,1.079100037E1,-2.701050043E0
7.839823057E1,2.058000088E0,9.984000206E0,-4.188000202E0
7.840067395E1,1.669950128E0,9.369000435E0,-4.552050114E0
7.840311741E1,9.229500294E-1,9.225000381E0,-3.273000240E0
7.840556080E1,7.609500289E-1,9.097949982E0,-1.866000056E0
7.840800418E1,2.034000158E0,8.800950050E0,-9.730500579E-1
7.841044780E1,3.672000170E0,9.237000465E0,-1.372050047E0
7.841289118E1,4.297049999E0,1.034295082E1,-3.159000158E0
7.841533464E1,3.856050253E0,1.045095062E1,-4.474950314E0
7.841777803E1,2.893950224E0,1.071900082E1,-4.600050449E0
7.842022140E1,1.963050127E0,1.156695080E1,-3.312000275E0
7.842266478E1,1.491000056E0,1.114800072E1,-2.325000048E0
7.842510840E1,1.588950038E0,1.069800091E1,-2.092950106E0
7.842755178E1,2.821950197E0,9.718050003E0,-2.637000084E0
7.842999517E1,3.598050117E0,9.064949989E0,-2.806950092E0
7.843243863E1,2.773950100E0,8.959050179E0,-2.758950233E0
7.843488202E1,2.037000179E0,9.358950615E0,-2.067000151E0
7.843732540E1,2.002950191E0,9.088950157E0,-1.927950144E0
7.843976901E1,2.365050077E0,9.445050240E0,-2.136000156E0
7.844221240E1,2.956050158E0,8.548050880E0,-3.148950100E0
7.844465586E1,2.938950062E0,8.406000137E0,-3.910050154E0
7.844709925E1,2.422049999E0,8.322000504E0,-4.108950138E0
7.844954263E1,2.218950033E0,8.671950340E0,-3.553950071E0
7.845198602E1,2.764950037E0,8.587950706E0,-2.512050152E0
7.845442963E1,2.809950113E0,8.667000771E0,-1.516050100E0
7.845687300E1,2.548950195E0,8.491950035E0,-9.370500445E-1
7.845931646E1,2.086950064E0,8.574000359E0,-6.520500183E-1
7.846175985E1,1.768950105E0,8.602950096E0,-6.400500536E-1
7.846420323E1,2.167950153E0,8.878050804E0,-1.315050006E0
7.846664662E1,2.671050072E0,8.464050293E0,-2.869050026E0
7.846909023E1,2.467950106E0,7.804950237E0,-3.963000298E0
7.847153362E1,2.278950214E0,7.542000294E0,-3.940950155E0
7.847397700E1,2.049000025E0,7.317000389E0,-3.421950102E0
7.847642046E1,1.579050064E0,6.970050335E0,-2.731950045E0
7.847886385E1,1.378050089E0,6.546000481E0,-1.984950066E0
7.848130722E1,2.194950104E0,6.259050369E0,-1.288950086E0
7.848375083E1,2.913000107E0,6.460050106E0,-1.195050001E0
7.848619422E1,3.724950075E0,6.934050560E0,-1.942050099E0
7.848863768E1,3.627000093E0,7.690050602E0,-2.962050200E0
7.849108106E1,2.446050167E0,8.892000198E0,-3.111000061E0
7.849352445E1,1.953000069E0,9.394950867E0,-2.895000219E0
7.849596807E1,1.275000095E0,9.907050133E0,-1.497000098E0
7.849841145E1,4.350000322E-1,1.054905033E1,5.400000140E-2
7.850085484E1,2.939999998E-1,9.595950127E0,-1.200000048E-1
7.850329822E1,7.170000076E-1,8.251049995E0,-1.626000047E0
7.850574168E1,1.633950114E0,8.562000275E0,-3.421950102E0
7.850818507E1,2.728950024E0,8.446949959E0,-4.155000210E0
7.851062845E1,3.294000149E0,9.393000603E0,-4.798950195E0
7.851307207E1,3.720000267E0,9.871950150E0,-4.303050041E0
7.851551545E1,2.202000141E0,1.007700062E1,-3.139050245E0
7.851795881E1,7.030500174E-1,9.646050453E0,-9.340500236E-1
7.852040227E1,1.014000058E0,9.438000679E0,-3.739500046E-1
7.852284566E1,1.993950129E0,9.675000191E0,-8.740500212E-1
7.852528904E1,2.446050167E0,9.888000488E0,-1.309950113E0
7.852773266E1,2.044049978E0,1.014495087E1,-1.485000014E0
7.853017604E1,1.761000037E0,1.061400032E1,-6.420000196E-1
7.853261950E1,1.780950069E0,1.128900051E1,-3.019500077E-1
7.853506281E1,1.624950051E0,1.150005054E1,-4.410000145E-1
7.853750627E1,9.709500670E-1,1.099905014E1,-1.276950002E0
7.853994966E1,6.105000153E-2,1.047705078E1,-1.257000089E0
7.854239327E1,-3.540000021E-1,9.760950089E0,-2.524050236E0
7.854483666E1,2.100000083E-1,8.992950439E0,-2.665050030E0
7.854728004E1,1.004999995E0,8.269950867E0,-2.446950197E0
7.854972350E1,1.225050092E0,8.322000504E0,-8.460000157E-1
7.855216690E1,1.483950019E0,8.072999954E0,3.430500031E-1
7.855461028E1,2.254950047E0,8.028000832E0,-1.440000087E-1
7.855705389E1,3.342000246E0,8.239050865E0,-1.396050096E0
7.855949728E1,3.825000286E0,8.719950676E0,-3.180000067E0
7.856194066E1,4.254000187E0,8.860950470E0,-4.609050274E0
7.856438412E1,3.937950134E0,9.069000244E0,-3.877050161E0
7.856682751E1,2.851050138E0,9.960000038E0,-2.608050108E0
7.856927112E1,2.227950096E0,1.002495003E1,-1.312950015E0
7.857171451E1,1.582050085E0,1.011600018E1,-8.890500665E-1
7.857415790E1,7.510500550E-1,9.733050346E0,-9.990000725E-1
7.857660134E1,1.789500117E-1,9.024000168E0,-1.525950074E0
7.857904473E1,4.830000103E-1,8.694000244E0,-3.099000216E0
7.858148811E1,1.579050064E0,8.314949989E0,-3.610950232E0
7.858393150E1,1.708950043E0,8.204999924E0,-3.136950254E0
7.858637511E1,1.900050044E0,8.836950302E0,-2.353950024E0
7.858881850E1,2.191950083E0,8.914050102E0,-1.930050135E0
7.859126188E1,2.935050249E0,8.563950539E0,-1.966050148E0
7.859370534E1,2.965950251E0,8.263050079E0,-2.116950035E0
7.859614873E1,2.455950022E0,8.380050659E0,-1.759950042E0
7.859859211E1,1.860000134E0,8.827950478E0,-2.067000151E0
7.860103572E1,1.630050063E0,8.734050751E0,-2.440050125E0
7.860347911E1,1.543950081E0,8.713050842E0,-1.999950051E0
7.860592257E1,1.342050076E0,8.938050270E0,-1.099050045E0
7.860836596E1,1.062000036E0,9.313950539E0,-1.024950027E0
7.861080934E1,7.890000343E-1,9.642000198E0,-1.018050075E0
7.861325274E1,4.159500301E-1,9.559950829E0,-9.100500345E-1
7.861569635E1,3.700500131E-1,8.988000870E0,-1.564050078E0
7.861813974E1,1.096050024E0,8.655000687E0,-2.124000072E0
7.862058320E1,1.825950146E0,8.184000015E0,-2.316000223E0
7.862302659E1,1.843050122E0,8.152050018E0,-2.111999989E0
7.862546997E1,1.471950054E0,7.755000591E0,-9.919500351E-1
7.862791336E1,1.693950057E0,7.599000454E0,-5.560500026E-1
7.863035697E1,2.908050060E0,7.585050583E0,-1.128000021E0
7.863280036E1,3.973950148E0,7.563000202E0,-1.380000114E0
7.863524374E1,4.703999996E0,7.534950256E0,-2.272950172E0
7.863768722E1,4.660950184E0,8.197950363E0,-3.075000048E0
7.864013060E1,3.552000284E0,9.345000267E0,-3.396000147E0
7.864257422E1,2.631000042E0,9.816000938E0,-2.752050161E0
7.864501760E1,2.074949980E0,1.029300022E1,-2.230050087E0
7.864746099E1,1.443000078E0,1.065705013E1,-1.399050117E0
7.864990443E1,6.100500226E-1,1.033095074E1,-8.359500170E-1
7.865234781E1,1.399500072E-1,9.262950897E0,-1.710000038E0
7.865479120E1,1.552950025E0,8.461050034E0,-2.907000065E0
7.865723481E1,2.841000080E0,8.446949959E0,-3.151050091E0
7.865967820E1,3.538050175E0,8.976000786E0,-2.572050095E0
7.866212157E1,4.005000114E0,9.436050415E0,-2.395050049E0
7.866456495E1,3.859050274E0,9.690000534E0,-2.734950066E0
7.866700841E1,3.097050190E0,9.816000938E0,-2.725050211E0
7.866945180E1,2.781000137E0,1.005105019E1,-2.371050119E0
7.867189520E1,2.800950050E0,1.016100025E1,-2.380050182E0
7.867433881E1,2.463000059E0,1.015905094E1,-2.127000093E0
7.867678220E1,2.467950106E0,1.030695057E1,-1.854000092E0
7.867922558E1,2.367000103E0,1.065000057E1,-1.963950038E0
7.868166904E1,2.310000181E0,1.126305008E1,-2.152950048E0
7.868411244E1,1.785000086E0,1.150200081E1,-2.574000120E0
7.868655582E1,1.266000032E0,1.211700058E1,-2.254050016E0
7.868899944E1,1.453050017E0,1.234200096E1,-1.497000098E0
7.869144282E1,1.713000059E0,1.198095036E1,-3.051000118E0
7.869388628E1,1.948050141E0,1.075695038E1,-3.931950092E0
7.869632967E1,1.534050107E0,9.748950005E0,-3.805050135E0
7.869877305E1,1.546050072E0,9.049950600E0,-2.778000116E0
7.870121667E1,2.128050089E0,8.236050606E0,-1.863000035E0
7.870366005E1,3.057000160E0,8.004000664E0,-1.866000056E0
7.870610344E1,3.840000153E0,8.571000099E0,-2.637000084E0
7.870854682E1,4.273050308E0,8.860950470E0,-3.670950174E0
7.871099028E1,4.672950268E0,8.314949989E0,-4.104000092E0
7.871343366E1,3.969000101E0,9.172050476E0,-3.822000265E0
7.871587728E1,2.860050201E0,1.002495003E1,-2.376000166E0
7.871832066E1,1.927050114E0,1.002495003E1,-1.614000082E0
7.872076406E1,1.108050108E0,9.790050507E0,-1.092000008E0
7.872320745E1,6.499500275E-1,9.502950668E0,-1.432050109E0
7.872565091E1,1.062000036E0,9.093000412E0,-2.572050095E0
7.872809429E1,2.401050091E0,8.667000771E0,-3.901050091E0
7.873053791E1,2.269050121E0,8.314949989E0,-3.997050285E0
7.873298129E1,1.675050020E0,8.254950523E0,-2.797050238E0
7.873542468E1,2.583000183E0,7.863000393E0,-2.461950064E0
7.873786814E1,3.592950106E0,7.336050510E0,-2.605050087E0
7.874031152E1,4.138950348E0,6.646050453E0,-2.850000143E0
7.874275491E1,4.378050327E0,6.448050499E0,-2.980950117E0
7.874519829E1,4.182000160E0,6.928950310E0,-2.422950029E0
7.874764191E1,2.604000092E0,8.056950569E0,-1.381950021E0
7.875008529E1,2.290950060E0,8.674050331E0,-1.150050044E0
7.875252868E1,2.032050133E0,9.181950569E0,-6.180000305E-1
7.875497214E1,1.555050015E0,9.711000443E0,-8.410500288E-1
7.875741552E1,8.950500488E-1,1.045095062E1,-1.297950029E0
7.875985891E1,3.630000055E-1,1.031895065E1,-1.222050071E0
7.876230252E1,2.959500253E-1,1.040100002E1,-2.071950197E0
7.876474591E1,1.299000025E0,9.826050758E0,-3.283050060E0
7.876718937E1,2.226000071E0,9.025950432E0,-3.633000135E0
7.876963276E1,2.200050116E0,8.559000015E0,-3.361950159E0
7.877207614E1,1.953000069E0,8.100000381E0,-2.554950237E0
7.877451976E1,2.017950058E0,7.414950371E0,-1.305000067E0
7.877696315E1,2.982000113E0,7.164000511E0,-8.959500194E-1
7.877940653E1,3.540000200E0,7.342950344E0,-1.477950096E0
7.878184999E1,4.837950230E0,7.498950481E0,-2.200950146E0
7.878429338E1,5.664000034E0,8.248050690E0,-2.182049990E0
7.878673676E1,4.150950432E0,9.646050453E0,-2.440050125E0
7.878918037E1,3.121050119E0,1.095600033E1,-2.151000023E0
7.879162377E1,2.535000086E0,1.180395031E1,-1.521000028E0
7.879406723E1,1.855050087E0,1.247400093E1,-7.549500465E-1
7.879651054E1,8.370000124E-1,1.227300072E1,-4.030500054E-1
7.879895400E1,-7.279500365E-1,1.067400074E1,-1.147050023E0
7.880139739E1,-1.306950092E0,1.044405079E1,-3.295050144E0
7.880384102E1,6.379500031E-1,9.484050751E0,-4.609050274E0
7.880628440E1,1.351950049E0,9.010050774E0,-3.976950169E0
7.880872779E1,1.965000153E0,9.337950706E0,-2.389950037E0
7.881117125E1,2.367000103E0,9.309000015E0,-9.390000701E-1
7.881361464E1,2.518050194E0,8.533050537E0,-5.220000148E-1
7.881605802E1,3.499950171E0,8.289000511E0,-7.669500113E-1
7.881850163E1,4.783050060E0,8.277000427E0,-1.212000012E0
7.882094502E1,5.250000477E0,8.562000275E0,-1.198050022E0
7.882338840E1,4.299000263E0,9.250950813E0,-1.360050082E0
7.882583186E1,3.387000084E0,1.018305016E1,-1.210050106E0
7.882827524E1,2.853000164E0,1.094700050E1,-2.089500129E-1
7.883071862E1,2.221050024E0,1.132005024E1,3.000000119E-2
7.883316200E1,1.282950044E0,1.126695061E1,-1.200000010E-2
7.883560562E1,-2.560500205E-1,1.076205063E1,3.220500052E-1
7.883804908E1,-1.816950083E0,1.082400036E1,-2.086050034E0
7.884049241E1,-9.580500722E-1,9.244050026E0,-4.092000008E0
7.884293587E1,1.122000098E0,8.859000206E0,-4.735949993E0
7.884537926E1,1.747050047E0,8.761050224E0,-4.710000038E0
7.884782287E1,1.939050078E0,8.482950211E0,-2.878050089E0
7.885026626E1,1.843050122E0,8.020950317E0,-1.353000045E0
7.885270964E1,2.398050070E0,7.531950474E0,-7.789500356E-1
7.885515310E1,3.604950190E0,7.189950466E0,-3.979500234E-1
7.885759649E1,4.576950073E0,7.401000500E0,-5.389500260E-1
7.886003987E1,4.816050053E0,7.506000519E0,-1.155000091E0
7.886248348E1,4.251000404E0,8.233950615E0,-1.801050067E0
7.886492688E1,3.310050249E0,9.559950829E0,-1.839000106E0
7.886737026E1,2.020050049E0,1.088700008E1,-1.525950074E0
7.886981372E1,1.036050081E0,1.071705055E1,-1.072950006E0
7.887225711E1,-2.509500086E-1,9.855000496E0,-6.469500065E-1
7.887470072E1,-1.459950089E0,9.304050446E0,-8.650500178E-1
7.887714411E1,-5.509500504E-1,7.417050362E0,-2.500050068E0
7.887958750E1,1.942950130E0,6.784950256E0,-3.889050245E0
7.888203096E1,3.271950245E0,6.958050251E0,-4.255050182E0
7.888447434E1,3.547950268E0,6.721050262E0,-3.511050224E0
7.888691773E1,3.406050205E0,6.964950562E0,-2.404050112E0
7.888936134E1,3.124050140E0,7.647000313E0,-1.513950109E0
7.889180473E1,2.745000124E0,7.870050430E0,-8.149500489E-1
7.889424811E1,2.623050213E0,7.920000553E0,-3.049500287E-1
7.889669150E1,2.737950087E0,8.743950844E0,-7.500000298E-2
7.889913496E1,2.391000032E0,9.196050644E0,-8.910000324E-1
7.890157834E1,2.044049978E0,9.366000175E0,-1.501950026E0
7.890402173E1,1.570050120E0,1.028595066E1,-1.903950095E0
7.890646534E1,1.105050087E0,1.047000027E1,-2.437950134E0
7.890890873E1,9.280500412E-1,1.036695004E1,-2.208000183E0
7.891135217E1,9.090000391E-1,1.038600063E1,-2.068950176E0
7.891379555E1,1.144050002E0,9.388050079E0,-1.291050076E0
7.891623894E1,1.812000036E0,8.916000366E0,-1.333950043E0
7.891868232E1,3.004050255E0,8.890050888E0,-2.091000080E0
7.892112594E1,4.165050030E0,8.196000099E0,-3.333000183E0
7.892356932E1,4.768950462E0,8.242950439E0,-4.513950348E0
7.892601278E1,3.793950081E0,8.218950272E0,-3.405000210E0
7.892845617E1,3.073050261E0,8.038050652E0,-1.578000069E0
7.893089955E1,3.184050083E0,8.515950203E0,-6.180000305E-1
7.893334294E1,3.172050238E0,9.321000099E0,-9.319500327E-1
7.893578657E1,3.331950188E0,9.493050575E0,-1.842000127E0
7.893822995E1,3.327000141E0,9.916950226E0,-2.328000069E0
7.894067334E1,3.058950186E0,1.087005043E1,-2.955000162E0
7.894311680E1,2.215950012E0,1.124295044E1,-3.261000156E0
7.894556018E1,1.666050076E0,1.179195023E1,-3.108000040E0
7.894800380E1,1.279950023E0,1.164600086E1,-3.007950068E0
7.895044718E1,1.510050058E0,1.067400074E1,-2.359050035E0
7.895289057E1,2.098950148E0,9.771000862E0,-1.935000062E0
7.895533403E1,2.647050142E0,9.601050377E0,-1.581000090E0
7.895777741E1,3.034950256E0,9.898050308E0,-1.933050036E0
7.896022080E1,3.190950155E0,1.007295036E1,-2.923950195E0
7.896266441E1,3.961950302E0,1.045605087E1,-3.931950092E0
7.896510780E1,3.982950211E0,1.067400074E1,-4.006050110E0
7.896755118E1,2.535000086E0,1.060200024E1,-3.361950159E0
7.896999464E1,1.594050050E0,1.025205040E1,-1.477950096E0
7.897243803E1,1.948050141E0,1.001505089E1,-6.420000196E-1
7.897488141E1,2.767050028E0,9.711000443E0,-1.201950073E0
7.897732480E1,3.435000181E0,9.679950714E0,-2.407050133E0
7.897976841E1,3.130950212E0,9.997950554E0,-3.505950212E0
7.898221180E1,2.476950169E0,1.036500072E1,-3.361950159E0
7.898465517E1,1.837950110E0,1.052505016E1,-2.986050129E0
7.898709863E1,1.363950014E0,1.060200024E1,-2.683950186E0
7.898954202E1,7.920000553E-1,1.040100002E1,-2.068950176E0
7.899198540E1,5.929500461E-1,9.469050407E0,-2.004000187E0
7.899442901E1,2.559000015E0,8.491950035E0,-2.578950167E0
7.899687238E1,4.206000328E0,7.872000217E0,-3.805050135E0
7.899931584E1,3.997950077E0,7.681050301E0,-4.636050224E0
7.900175923E1,2.298000097E0,8.014050484E0,-3.937050104E0
7.900420262E1,1.587000132E0,8.148000717E0,-2.503050089E0
7.900664623E1,1.903050065E0,8.002050400E0,-1.237950087E0
7.900908962E1,2.182950020E0,7.789050579E0,-6.730500460E-1
7.901153300E1,2.596950054E0,7.888950348E0,-1.363050103E0
7.901397646E1,2.956050158E0,8.410950661E0,-2.716050148E0
7.901641985E1,2.926950216E0,8.907000542E0,-3.574950218E0
7.901886323E1,2.491950035E0,9.553050041E0,-4.092000008E0
7.902130684E1,1.657950044E0,1.002495003E1,-3.666000128E0
7.902375023E1,1.230000019E0,1.020000076E1,-2.899950027E0
7.902619369E1,7.680000067E-1,1.013505077E1,-2.380050182E0
7.902863700E1,1.363950014E0,8.686050415E0,-2.380050182E0
7.903108046E1,2.949000120E0,7.719000340E0,-2.641050100E0
7.903352387E1,3.696000099E0,7.096950531E0,-3.295050144E0
7.903596748E1,4.129050255E0,6.988950253E0,-3.664050102E0
7.903841087E1,3.447000265E0,7.812000275E0,-3.465000153E0
7.904085426E1,3.117000103E0,8.428050041E0,-2.725050211E0
7.904329772E1,3.061050177E0,8.719950676E0,-2.449950218E0
7.904574110E1,2.311950207E0,9.205950737E0,-1.909050107E0
7.904818449E1,1.753950119E0,9.582000732E0,-1.102050066E0
7.905062810E1,1.741950035E0,1.004400063E1,-9.630000591E-1
7.905307149E1,1.725000024E0,1.052505016E1,-1.839000106E0
7.905551487E1,1.519950032E0,1.065900040E1,-1.653000116E0
7.905795832E1,1.282950044E0,1.080795097E1,-1.806000113E0
7.906040171E1,1.663050056E0,1.155705070E1,-1.831950068E0
7.906284510E1,2.070000172E0,1.208100033E1,-2.473950148E0
7.906528848E1,1.941000104E0,1.195200062E1,-2.220000029E0
7.906773210E1,1.681950092E0,1.167195034E1,-1.456050038E0
7.907017547E1,2.113049984E0,1.124805069E1,-1.770000100E0
7.907261893E1,2.923050165E0,1.085595036E1,-3.256950140E0
7.907506231E1,3.151950121E0,1.010100079E1,-3.810000181E0
7.907750570E1,2.772000074E0,9.295050621E0,-3.469950199E0
7.907994931E1,2.338050127E0,9.028950691E0,-1.525950074E0
7.908239270E1,1.885950089E0,9.019050598E0,1.995000057E-2
7.908483609E1,2.002950191E0,9.153000832E0,1.350000054E-1
7.908727955E1,2.607000113E0,9.409049988E0,-8.940000534E-1
7.908972293E1,3.145050049E0,1.005105019E1,-2.014050007E0
7.909216632E1,3.139950037E0,1.033395004E1,-2.581950188E0
7.909460994E1,2.929950237E0,1.041705036E1,-2.713050127E0
7.909705332E1,2.142000198E0,1.069305038E1,-2.677050114E0
7.909949678E1,1.314000010E0,1.076505089E1,-2.361000061E0
7.910194017E1,7.560000420E-1,9.663000107E0,-2.695950031E0
7.910438355E1,1.869000077E0,8.812950134E0,-2.080950022E0
7.910682694E1,3.037950039E0,8.421000481E0,-2.533950090E0
7.910927055E1,3.243000269E0,7.803000450E0,-3.372000217E0
7.911171394E1,2.944050074E0,7.705050468E0,-2.613000154E0
7.911415740E1,2.779050112E0,7.762050152E0,-2.004000187E0
7.911660071E1,3.088050127E0,7.803000450E0,-2.155050039E0
7.911904417E1,2.905950069E0,7.726050377E0,-2.529000044E0
7.912148755E1,1.876050115E0,7.783950329E0,-2.083950043E0
7.912393117E1,1.384950042E0,7.972950459E0,-6.709500551E-1
7.912637455E1,1.725000024E0,8.428050041E0,-5.419500470E-1
7.912881791E1,1.867050052E0,8.619000435E0,-1.020000100E0
7.913126137E1,1.540950060E0,8.815950394E0,-7.710000277E-1
7.913370476E1,1.101000071E0,9.283050537E0,-4.270500243E-1
7.913614814E1,6.940500140E-1,9.553050041E0,-1.006049991E0
7.913859175E1,2.719500065E-1,9.558000565E0,-1.380000114E0
7.914103516E1,-6.195000187E-2,9.678000450E0,-1.333950043E0
7.914347862E1,6.120000482E-1,9.316050529E0,-1.815000057E0
7.914592201E1,1.821000099E0,8.755949974E0,-2.277000189E0
7.914836539E1,2.463000059E0,8.374950409E0,-3.135000229E0
7.915080900E1,2.700000048E0,8.041950226E0,-3.393000126E0
7.915325239E1,2.134950161E0,7.611000538E0,-2.658000231E0
7.915569577E1,1.624950051E0,7.549050331E0,-1.501950026E0
7.915813923E1,1.761000037E0,7.425000191E0,-8.190000653E-1
7.916058262E1,3.238950253E0,7.201950550E0,-1.417950034E0
7.916302600E1,3.603000164E0,8.064000130E0,-1.192950010E0
7.916546940E1,2.998950243E0,8.659950256E0,-2.146050215E0
7.916791301E1,2.341050148E0,9.364050865E0,-2.617050171E0
7.917035640E1,1.615050077E0,1.024995041E1,-2.968950033E0
7.917279978E1,8.730000257E-1,1.063305092E1,-2.301000118E0
7.917524324E1,4.905000329E-2,1.020000076E1,-1.783950090E0
7.917768663E1,-3.370500207E-1,1.016400051E1,-1.741050124E0
7.918013024E1,1.402050018E0,9.204000473E0,-2.959950209E0
7.918257363E1,2.875050068E0,8.836950302E0,-3.724050283E0
7.918501701E1,2.820000172E0,8.569050789E0,-2.907000065E0
7.918746047E1,2.788950205E0,8.770050049E0,-1.911000133E0
7.918990387E1,3.495000124E0,9.505050659E0,-2.173950195E0
7.919234726E1,3.817950249E0,9.499950409E0,-3.534000158E0
7.919479064E1,2.935050249E0,8.947050095E0,-4.150050163E0
7.919723426E1,1.989000082E0,9.036000252E0,-2.773050070E0
7.919967764E1,1.656000137E0,9.406949997E0,-1.438950062E0
7.920212112E1,1.888050079E0,9.625050545E0,-6.090000272E-1
7.920456450E1,1.936050057E0,9.972000122E0,-7.260000110E-1
7.920700789E1,1.680000067E0,1.038195038E1,-7.279500365E-1
7.920945127E1,1.338000059E0,1.079295063E1,-1.039950013E0
7.921189490E1,9.210000634E-1,1.101405048E1,-2.092950106E0
7.921433829E1,5.860500336E-1,1.094895077E1,-2.521950006E0
7.921678167E1,7.339500189E-1,1.086300087E1,-2.742000103E0
7.921922513E1,1.725000024E0,1.033800030E1,-2.734950066E0
7.922166874E1,2.416950226E0,9.453000069E0,-2.590950012E0
7.922411211E1,2.836050034E0,9.378000259E0,-2.007000208E0
7.922655549E1,2.881950140E0,8.935050011E0,-2.002050161E0
7.922899888E1,3.058950186E0,8.325000763E0,-1.923000097E0
7.923144234E1,3.274950266E0,7.947000504E0,-2.347050190E0
7.923388572E1,3.078000069E0,8.245950699E0,-2.835000038E0
7.923632911E1,2.737950087E0,8.575950623E0,-2.773050070E0
7.923877272E1,2.884050131E0,8.848950386E0,-2.799000025E0
7.924121611E1,2.686050177E0,9.213000298E0,-2.577000141E0
7.924365949E1,2.461050034E0,9.984000206E0,-2.799000025E0
7.924610295E1,2.020050049E0,1.043400097E1,-2.646000147E0
7.924854634E1,1.086000085E0,1.030500031E1,-2.143050194E0
7.925098973E1,3.220500052E-1,9.784950256E0,-1.324950099E0
7.925343334E1,2.820000052E-1,9.164999962E0,-1.420050025E0
7.925587673E1,2.503950119E0,8.574000359E0,-2.719950199E0
7.925832011E1,4.006950378E0,7.836000443E0,-4.147050381E0
7.926076359E1,4.170000076E0,7.506000519E0,-4.056000233E0
7.926320697E1,3.673950195E0,7.923000336E0,-3.277950048E0
7.926565036E1,3.763050079E0,8.215050697E0,-2.422950029E0
7.926809374E1,3.459000111E0,8.662050247E0,-2.617050171E0
7.927053736E1,2.425050020E0,8.149950027E0,-3.204000235E0
7.927298076E1,2.185050011E0,8.152050018E0,-2.443050146E0
7.927542422E1,2.347950220E0,8.599950790E0,-2.023950100E0
7.927786760E1,2.329050064E0,9.280050278E0,-1.300950050E0
7.928031099E1,2.247000217E0,9.733050346E0,-1.030050039E0
7.928275460E1,1.558050036E0,1.055205059E1,-1.168950081E0
7.928519799E1,6.670500040E-1,1.081695080E1,-1.320000052E0
7.928764137E1,-4.500000179E-2,1.084395027E1,-2.028000116E0
7.929008483E1,-1.080000028E-1,1.060695076E1,-1.642950058E0
7.929252822E1,5.239500403E-1,9.418950081E0,-1.830000043E0
7.929497160E1,1.255950093E0,8.976000786E0,-1.963950038E0
7.929741522E1,2.098950148E0,8.920950890E0,-2.431050062E0
7.929985860E1,3.064050198E0,8.263050079E0,-3.064950228E0
7.930230206E1,3.889950275E0,8.160000801E0,-3.736050129E0
7.930474545E1,3.801000118E0,8.119050026E0,-2.677050114E0
7.930718883E1,3.046950102E0,7.650000572E0,-1.606950045E0
7.930963245E1,2.235000134E0,8.245950699E0,-5.680500269E-1
7.931207584E1,1.891050100E0,8.695950508E0,-3.405000269E-2
7.931451922E1,2.917950153E0,8.904000282E0,-1.162050009E0
7.931696261E1,3.241050243E0,9.418950081E0,-2.301000118E0
7.931940607E1,2.788950205E0,1.046295071E1,-3.175050259E0
7.932184945E1,1.831050038E0,1.098300076E1,-3.172950268E0
7.932429284E1,1.192050099E0,1.099695015E1,-2.787000179E0
7.932673645E1,6.150000095E-1,1.096605015E1,-1.669050097E0
7.932917984E1,3.319500089E-1,1.009395027E1,-1.189950109E0
7.933162320E1,1.210950017E0,8.509050369E0,-1.321950078E0
7.933406666E1,2.640000105E0,8.028000832E0,-1.696050048E0
7.933651005E1,3.235950232E0,7.638000488E0,-1.825050116E0
7.933895343E1,3.279000044E0,7.879950523E0,-1.561950088E0
7.934139682E1,3.223950148E0,8.599950790E0,-1.486950040E0
7.934384043E1,3.265050173E0,9.169950485E0,-1.063950062E0
7.934628390E1,3.094950199E0,9.486000061E0,-6.949500442E-1
7.934872728E1,2.707050085E0,9.189000130E0,-6.610500216E-1
7.935117066E1,2.203950167E0,9.256050110E0,-4.360500276E-1
7.935361405E1,2.233050108E0,1.000605011E1,-5.100000501E-1
7.935605765E1,2.428950071E0,1.032900047E1,-7.710000277E-1
7.935850104E1,2.050950050E0,9.934050560E0,-1.123050094E0
7.936094442E1,1.564950109E0,9.883950233E0,-1.164000034E0
7.936338788E1,1.363950014E0,1.026195049E1,-2.083950043E0
7.936583150E1,1.113000035E0,1.024995041E1,-2.445000172E0
7.936827466E1,8.710500598E-1,9.079050064E0,-2.407050133E0
7.937071828E1,1.608000040E0,8.113950729E0,-1.315050006E0
7.937316167E1,2.716950178E0,8.061000824E0,-8.790000677E-1
7.937560512E1,3.006000042E0,8.184000015E0,-6.469500065E-1
7.937804851E1,3.001950026E0,7.828950405E0,-1.060950041E0
7.938049190E1,2.970000029E0,7.590000153E0,-1.564050078E0
7.938293551E1,2.749950171E0,8.116950035E0,-1.269000053E0
7.938537890E1,2.632950068E0,8.241000175E0,-1.051950097E0
7.938782228E1,2.808000088E0,8.217000008E0,-7.330500484E-1
7.939026574E1,2.808000088E0,8.590950012E0,-1.308000088E0
7.939270912E1,2.953950167E0,8.815950394E0,-1.633050084E0
7.939515250E1,3.102000237E0,9.004950523E0,-2.131050110E0
7.939759589E1,2.580000162E0,9.079050064E0,-2.316000223E0
7.940003950E1,2.101050138E0,9.400050163E0,-2.019000053E0
7.940248289E1,1.555050015E0,9.766050339E0,-1.810950041E0
7.940492626E1,1.297050118E0,9.450000763E0,-1.375050068E0
7.940736972E1,2.001000166E0,8.602950096E0,-7.519500256E-1
7.940981311E1,2.484000206E0,8.356050491E0,-4.339500070E-1
7.941225649E1,2.500950098E0,8.509050369E0,-6.660000086E-1
7.941470010E1,2.202000141E0,8.446949959E0,-1.368000031E0
7.941714350E1,2.488950014E0,8.284049988E0,-2.385000229E0
7.941958697E1,2.896050215E0,8.377950668E0,-2.931000233E0
7.942203035E1,3.069000244E0,8.536050797E0,-3.211050034E0
7.942447374E1,2.626050234E0,8.416049957E0,-1.746000051E0
7.942691735E1,2.200050116E0,9.220050812E0,2.599500120E-1
7.942936074E1,2.901000023E0,1.043400097E1,1.062000036E0
7.943180412E1,3.034950256E0,1.060395050E1,2.430000156E-1
7.943424758E1,2.977950096E0,1.064295006E1,-8.220000267E-1
7.943669097E1,2.185050011E0,1.111200047E1,-2.857050180E0
7.943913435E1,1.263000011E0,1.087695026E1,-4.621050358E0
7.944157795E1,8.710500598E-1,1.043400097E1,-4.497000217E0
7.944402133E1,7.170000076E-1,9.940950394E0,-3.561000109E0
7.944646472E1,1.246950030E0,9.208050728E0,-9.990000725E-1
7.944890818E1,1.708950043E0,9.069000244E0,4.819500148E-1
7.945135155E1,1.978950143E0,8.907000542E0,1.590000093E-1
7.945379516E1,2.989950180E0,8.752950668E0,-1.020000100E0
7.945623855E1,3.306000233E0,8.212050438E0,-2.122050047E0
7.945868193E1,2.736000061E0,7.872000217E0,-1.993050098E0
7.946112532E1,2.620950222E0,7.803000450E0,-1.152000070E0
7.946356876E1,2.596950054E0,8.365950584E0,-7.930500507E-1
7.946601215E1,3.217050076E0,8.521050453E0,-1.032000065E0
7.946845553E1,3.940050125E0,8.800950050E0,-1.437000036E0
7.947089914E1,3.964050293E0,9.505050659E0,-1.851000071E0
7.947334253E1,3.190950155E0,9.835950851E0,-2.695950031E0
7.947578592E1,2.226000071E0,1.018995094E1,-2.632050037E0
7.947822938E1,1.563000083E0,1.037700081E1,-2.935950041E0
7.948067277E1,9.280500412E-1,1.009905052E1,-2.107050180E0
7.948311616E1,1.074000001E0,9.201000214E0,-1.231050014E0
7.948555954E1,1.492950082E0,8.638050079E0,-2.929500043E-1
7.948800315E1,1.600950122E0,8.296050072E0,-3.739500046E-1
7.949044654E1,1.675050020E0,8.437050819E0,-1.055999994E0
7.949289000E1,2.530050039E0,8.278950691E0,-1.492050052E0
7.949533339E1,3.052050114E0,8.381999969E0,-2.377950191E0
7.949777700E1,3.210000038E0,8.370000839E0,-2.725050211E0
7.950022015E1,3.193050146E0,9.013950348E0,-1.576050043E0
7.950266376E1,3.030000210E0,1.005405045E1,1.780500114E-1
7.950510715E1,2.953950167E0,1.085100079E1,6.670500040E-1
7.950755061E1,3.106950045E0,1.060200024E1,-5.680500269E-1
7.950999400E1,2.664000034E0,1.070205021E1,-2.089500129E-1
7.951243738E1,2.323950052E0,1.080105019E1,4.920000136E-1
7.951488099E1,1.729950070E0,1.040100002E1,-1.380000114E0
7.951732438E1,1.254000068E0,9.832950592E0,-3.618000269E0
7.951976777E1,7.390500307E-1,9.802050591E0,-4.225950241E0
7.952221122E1,4.879500270E-1,9.649050713E0,-2.440050125E0
7.952465463E1,5.879999995E-1,9.522000313E0,-3.570000231E-1
7.952709824E1,9.330000281E-1,9.268050194E0,8.700000644E-1
7.952954163E1,1.441050053E0,9.139050484E0,4.369500279E-1
7.953198501E1,1.765950084E0,8.325000763E0,-7.950000465E-3
7.953442847E1,2.290950060E0,7.705050468E0,-1.110000089E-1
7.953687186E1,2.446050167E0,7.731000423E0,-1.060500070E-1
7.953931524E1,3.229050159E0,8.593050003E0,-1.356000066E0
7.954175886E1,4.648950100E0,9.013950348E0,-1.332000017E0
7.954420224E1,4.884000301E0,9.000000000E0,-1.777050138E0
7.954664563E1,4.708950043E0,9.184050560E0,-2.083950043E0
7.954908901E1,4.000050068E0,1.004595089E1,-2.230050087E0
7.955153247E1,3.052050114E0,1.052805042E1,-1.747950077E0
7.955397586E1,1.876050115E0,1.003005028E1,-1.216950059E0
7.955641924E1,8.470500112E-1,9.057000160E0,-1.212000012E0
7.955886286E1,2.629500031E-1,8.773050308E0,-8.839500546E-1
7.956130624E1,3.820500076E-1,9.048000336E0,-1.261950016E0
7.956374962E1,9.160500169E-1,8.887950897E0,-1.417950034E0
7.956619308E1,1.098000050E0,8.907000542E0,-1.380000114E0
7.956863647E1,1.771050096E0,8.847000122E0,-1.204950094E0
7.957108008E1,2.815050125E0,9.079050064E0,-2.071950197E0
7.957352322E1,3.105000257E0,9.057000160E0,-1.198050022E0
7.957596684E1,3.399000168E0,8.571000099E0,-1.174050093E0
7.957841030E1,3.507000208E0,9.273000717E0,-1.200000010E-2
7.958085369E1,4.361999989E0,1.020405006E1,-2.950500250E-1
7.958329707E1,3.679050207E0,1.062105083E1,-1.380000114E0
7.958574045E1,3.046950102E0,1.091805077E1,-2.625000238E0
7.958818407E1,1.972050071E0,1.153095055E1,-3.436050177E0
7.959062745E1,9.880500436E-1,1.121505070E1,-4.320000172E0
7.959307084E1,3.490500152E-1,1.058505058E1,-3.589950085E0
7.959551430E1,-1.395000052E-2,1.011300087E1,-1.353000045E0
7.959795791E1,-7.200000435E-2,9.685050011E0,-2.260500044E-1
7.960040106E1,-2.029500157E-1,9.807000160E0,1.015950084E0
7.960284468E1,-3.280500174E-1,9.012000084E0,7.050000429E-1
7.960528807E1,-8.100000024E-2,8.464050293E0,5.100000277E-2
7.960773152E1,5.879999995E-1,7.891050339E0,-1.165950060E0
7.961017490E1,1.480950117E0,8.458950043E0,-2.064000130E0
7.961261828E1,3.187950134E0,8.974050522E0,-3.027000189E0
7.961506189E1,4.716000080E0,8.707950592E0,-2.887950182E0
7.961750528E1,5.602050304E0,8.533050537E0,-2.641050100E0
7.961994867E1,5.239950180E0,9.144000053E0,-3.123000145E0
7.962239212E1,3.502050161E0,1.020195007E1,-3.202050209E0
7.962483551E1,2.262000084E0,1.070205021E1,-3.529950142E0
7.962727890E1,9.739500284E-1,1.032405090E1,-3.223050117E0
7.962972251E1,-9.105000645E-2,9.759000778E0,-2.308950186E0
7.963216592E1,-6.730500460E-1,9.838050842E0,-1.036949992E0
7.963460930E1,-5.580000281E-1,9.630000114E0,-8.580000401E-1
7.963705268E1,3.750000298E-1,8.988000870E0,-1.638000131E0
7.963949614E1,8.490000367E-1,8.943000793E0,-1.213950038E0
7.964193953E1,9.709500670E-1,9.007050514E0,-1.264950037E0
7.964438292E1,1.362000108E0,9.502950668E0,-1.159050107E0
7.964682653E1,2.013000011E0,9.024000168E0,-1.104000092E0
7.964926992E1,2.319000006E0,9.124950409E0,-9.649500251E-1
7.965171338E1,2.997000217E0,9.484050751E0,-7.710000277E-1
7.965415677E1,3.643050194E0,9.982050896E0,-1.471050024E0
7.965660016E1,3.418050051E0,1.020900059E1,-2.658000231E0
7.965904378E1,2.049000025E0,1.065705013E1,-3.016950130E0
7.966148717E1,1.213050008E0,1.107600021E1,-3.445950270E0
7.966393055E1,6.360000372E-1,1.122405052E1,-2.686950207E0
7.966637401E1,2.839500010E-1,1.101795006E1,-1.996950150E0
7.966881740E1,-2.029500157E-1,1.078395081E1,-9.970500469E-1
7.967126078E1,-5.620500445E-1,9.967050552E0,-4.050000310E-1
7.967370416E1,-7.470000386E-1,9.795000076E0,-3.430500031E-1
7.967614778E1,-1.789500117E-1,9.582000732E0,-9.409500360E-1
7.967859116E1,5.950500369E-1,9.025950432E0,-1.336050034E0
7.968103463E1,9.400500655E-1,9.061950684E0,-6.919500232E-1
7.968347801E1,1.363950014E0,8.782050133E0,-2.520000041E-1
7.968592162E1,2.449050188E0,9.069000244E0,-5.200500488E-1
7.968836501E1,3.385050058E0,9.180000305E0,-1.249950051E0
7.969080840E1,4.081050396E0,9.325950623E0,-2.103000164E0
7.969325180E1,3.492000103E0,9.646050453E0,-2.899950027E0
7.969569526E1,2.752950191E0,1.024500084E1,-3.319050074E0
7.969813865E1,2.104050159E0,1.073100090E1,-3.822000265E0
7.970058203E1,1.192050099E0,1.094895077E1,-3.763950109E0
7.970302565E1,4.300500154E-1,1.074795055E1,-2.895000219E0
7.970546906E1,-5.700000376E-2,1.034100056E1,-2.040000200E0
7.970791244E1,-2.800500095E-1,9.667950630E0,-1.429950118E0
7.971035590E1,3.390000165E-1,9.091050148E0,-1.044000030E0
7.971279929E1,1.030950069E0,8.899050713E0,-9.439500570E-1
7.971524267E1,1.096050024E0,8.737050056E0,-9.990000725E-1
7.971768604E1,1.611000061E0,9.007050514E0,-2.970000207E-1
7.972012966E1,2.628000021E0,9.085950851E0,-9.439500570E-1
7.972257304E1,3.777000189E0,9.448050499E0,-2.134050131E0
7.972501650E1,3.327000141E0,9.565050125E0,-3.439050198E0
7.972745989E1,2.149049997E0,9.711000443E0,-3.271050215E0
7.972990328E1,2.463000059E0,9.859950066E0,-2.404050112E0
7.973234689E1,2.748000145E0,9.924000740E0,-1.842000127E0
7.973479028E1,2.524950027E0,1.016595078E1,-1.516050100E0
7.973723366E1,1.867050052E0,1.027905083E1,-2.632050037E0
7.973967712E1,1.788000107E0,1.045305061E1,-3.918000221E0
7.974212052E1,1.536000013E0,1.095105076E1,-4.348950386E0
7.974456390E1,8.160000443E-1,1.116405010E1,-3.520050049E0
7.974700751E1,2.939999998E-1,1.110495090E1,-1.083000064E0
7.974945090E1,3.420000076E-1,1.084800053E1,5.110500455E-1
7.975189428E1,7.009500265E-1,1.014000034E1,4.339500070E-1
7.975433774E1,1.681950092E0,8.968950272E0,-1.404000044E0
7.975678113E1,2.688000202E0,8.254950523E0,-3.007950068E0
7.975922474E1,3.696000099E0,8.188050270E0,-3.556050062E0
7.976166813E1,4.666050434E0,8.404050827E0,-3.381000042E0
7.976411151E1,4.836000443E0,9.124950409E0,-2.905050039E0
7.976655497E1,4.975050449E0,9.547950745E0,-3.283050060E0
7.976899836E1,5.098950386E0,1.018995094E1,-3.526950121E0
7.977144174E1,4.113000393E0,1.114305019E1,-4.168950081E0
7.977388513E1,2.707050085E0,1.137300014E1,-5.244000435E0
7.977632872E1,1.596000075E0,1.145895100E1,-5.313000202E0
7.977877211E1,1.615050077E0,1.092705059E1,-4.489950180E0
7.978121550E1,2.536950111E0,1.003005028E1,-2.878050089E0
7.978365896E1,3.078000069E0,9.306000710E0,-1.614000082E0
7.978610234E1,3.247950077E0,8.830050468E0,-1.324950099E0
7.978854573E1,2.880000114E0,9.249000549E0,-1.570950031E0
7.979098934E1,2.638050079E0,9.502950668E0,-2.256000042E0
7.979343273E1,2.215950012E0,9.589050293E0,-2.422950029E0
7.979587611E1,1.845000029E0,9.473999977E0,-2.023950100E0
7.979831957E1,2.425050020E0,9.631950378E0,-1.423050046E0
7.980076295E1,3.859050274E0,9.793050766E0,-1.498950124E0
7.980320657E1,4.795050144E0,9.898050308E0,-2.548050165E0
7.980564972E1,4.558050156E0,1.032195091E1,-4.408050060E0
7.980809334E1,3.406050205E0,1.052805042E1,-5.706000328E0
7.981053680E1,2.902950048E0,9.982050896E0,-5.809050083E0
7.981298020E1,3.247950077E0,1.008705044E1,-4.942050457E0
7.981542359E1,2.791050196E0,9.826050758E0,-4.612050056E0
7.981786697E1,2.053050041E0,8.959050179E0,-3.123000145E0
7.982031058E1,2.920050144E0,9.024000168E0,-2.589000225E0
7.982275397E1,3.319950104E0,8.478000641E0,-2.731950045E0
7.982519734E1,2.877000093E0,8.053950310E0,-2.494950056E0
7.982764080E1,1.696950078E0,8.536050797E0,-2.209950209E0
7.983008418E1,1.516950130E0,8.253000259E0,-1.783950090E0
7.983252757E1,2.197050095E0,8.157000542E0,-1.687950134E0
7.983497118E1,3.265050173E0,7.791000366E0,-2.128950119E0
7.983741456E1,4.600950241E0,8.193000793E0,-3.424050093E0
7.983985802E1,5.190000057E0,8.554950714E0,-5.349000454E0
7.984230141E1,4.929000378E0,8.703000069E0,-6.118050098E0
7.984474479E1,4.024050236E0,9.064949989E0,-5.506950378E0
7.984718841E1,2.973000050E0,8.890050888E0,-4.284000397E0
7.984963178E1,2.566050053E0,8.764950752E0,-2.799000025E0
7.985207516E1,3.081000090E0,8.076000214E0,-2.086050034E0
7.985451862E1,3.250950098E0,7.567950249E0,-2.376000166E0
7.985696201E1,3.564000130E0,7.056000233E0,-2.731950045E0
7.985940540E1,3.466050148E0,7.300050259E0,-3.132000208E0
7.986184877E1,2.980050087E0,7.987050533E0,-2.500050068E0
7.986429238E1,2.973000050E0,8.683950424E0,-2.042999983E0
7.986673577E1,2.382000208E0,9.100950241E0,-2.115000010E0
7.986917915E1,1.783050060E0,8.622000694E0,-2.256000042E0
7.987162263E1,2.689950228E0,8.072999954E0,-2.581950188E0
7.987406602E1,3.973950148E0,7.831950188E0,-3.520050049E0
7.987650963E1,4.474050045E0,7.567950249E0,-4.063950062E0
7.987895302E1,4.414050102E0,7.918050289E0,-3.718950272E0
7.988139640E1,3.412950277E0,8.289000511E0,-3.172950268E0
7.988383985E1,3.223950148E0,8.401050568E0,-2.316000223E0
7.988628323E1,3.897000074E0,8.430000305E0,-2.787000179E0
7.988872662E1,2.382000208E0,8.842050552E0,-3.526950121E0
7.989117023E1,2.106000185E0,8.751000404E0,-3.550950050E0
7.989361362E1,2.752950191E0,8.479949951E0,-2.743950129E0
7.989605699E1,3.018000126E0,8.422950745E0,-2.344050169E0
7.989850045E1,2.997000217E0,7.918050289E0,-1.960950136E0
7.990094384E1,2.544000149E0,7.312050343E0,-1.813050032E0
7.990338722E1,2.094000101E0,7.300050259E0,-1.222050071E0
7.990583061E1,2.410050154E0,7.051050186E0,-1.171050072E0
7.990827422E1,3.286950111E0,6.919050217E0,-2.239050150E0
7.991071760E1,4.299000263E0,7.258950233E0,-3.289950132E0
7.991316106E1,4.342050076E0,7.506000519E0,-4.851000309E0
7.991560445E1,4.357050419E0,8.148000717E0,-5.197950363E0
7.991804783E1,3.691050291E0,8.503950119E0,-5.239050388E0
7.992049144E1,2.524950027E0,8.629050255E0,-4.156949997E0
7.992293483E1,1.845000029E0,7.975050449E0,-3.250050068E0
7.992537821E1,2.575050116E0,7.341000557E0,-2.473950148E0
7.992782167E1,3.898950100E0,6.904950142E0,-3.190050125E0
7.993026506E1,4.297049999E0,5.920950413E0,-3.810000181E0
7.993270844E1,4.347000122E0,6.057000160E0,-3.712050200E0
7.993515206E1,3.361050129E0,6.783000469E0,-3.958050251E0
7.993759544E1,3.813000202E0,7.101000309E0,-4.087950230E0
7.994003883E1,2.233050108E0,7.702050209E0,-4.882050037E0
7.994248229E1,1.227000117E0,7.422000408E0,-4.588050365E0
7.994492569E1,2.092050076E0,7.261950493E0,-3.934050083E0
7.994736907E1,3.652950287E0,6.847950459E0,-4.066050053E0
7.994981246E1,3.661950111E0,6.508050442E0,-4.738950253E0
7.995225607E1,3.994950294E0,6.994050503E0,-4.581000328E0
7.995469946E1,3.231000185E0,7.378950119E0,-5.131050110E0
7.995714293E1,2.611050129E0,7.707000256E0,-4.710000038E0
7.995958632E1,3.175950050E0,7.578000546E0,-4.104000092E0
7.996202993E1,2.149049997E0,7.810050488E0,-4.590000153E0
7.996447332E1,3.315000057E0,7.462950230E0,-4.825050354E0
7.996691670E1,3.811050177E0,7.318950176E0,-4.851000309E0
7.996936010E1,3.685950279E0,6.771000385E0,-5.263050079E0
7.997180356E1,3.523950100E0,6.639000416E0,-4.747950077E0
7.997424694E1,2.282999992E0,6.754050255E0,-4.291050434E0
7.997669056E1,1.546050072E0,6.898050308E0,-3.670950174E0
7.997913394E1,2.547000170E0,6.757050514E0,-3.385950089E0
7.998157733E1,3.138000250E0,6.852000237E0,-4.408050060E0
7.998402071E1,3.502050161E0,7.207050323E0,-5.827950478E0
7.998646417E1,3.760950089E0,8.176050186E0,-6.216000080E0
7.998890756E1,3.246000051E0,7.875000477E0,-5.064000130E0
7.999135095E1,2.745000124E0,8.088000298E0,-7.365000248E0
7.999379456E1,1.350000024E0,8.476050377E0,-8.421000481E0
7.999623795E1,1.993950129E0,7.630050182E0,-6.256950378E0
7.999868141E1,3.162000179E0,6.880950451E0,-4.645050049E0
8.000112479E1,3.337050200E0,6.603000164E0,-2.514000177E0
8.000356816E1,3.363000154E0,6.417000294E0,-2.119050026E0
8.000601178E1,3.178950071E0,6.915000439E0,-2.506950140E0
8.000845516E1,3.030000210E0,7.413000584E0,-3.585000277E0
8.001089855E1,2.061000109E0,8.428050041E0,-4.525950432E0
8.001334193E1,8.470500112E-1,8.665050507E0,-4.617000103E0
8.001578539E1,4.489500225E-1,8.713050842E0,-3.709050179E0
8.001822878E1,8.440500498E-1,8.479949951E0,-3.124950171E0
8.002067217E1,2.293050051E0,8.473050117E0,-3.345000267E0
8.002311578E1,3.298950195E0,8.694000244E0,-3.975000143E0
8.002555916E1,3.133050203E0,8.835000038E0,-4.447050095E0
8.002800254E1,2.431950092E0,8.923050880E0,-4.279050350E0
8.003044600E1,1.996050119E0,9.232050896E0,-3.135000229E0
8.003288939E1,1.711050034E0,8.892000198E0,-2.641050100E0
8.003533300E1,1.948050141E0,8.655000687E0,-2.230050087E0
8.003777639E1,2.748000145E0,8.506950378E0,-2.634000063E0
8.004021977E1,3.775050163E0,8.394000053E0,-3.261000156E0
8.004266323E1,3.933000088E0,8.212050438E0,-4.102050304E0
8.004510662E1,2.692950010E0,7.972950459E0,-3.589950085E0
8.004755000E1,1.528950095E0,8.406000137E0,-2.055000067E0
8.004999339E1,8.850000501E-1,8.832000732E0,-6.040500402E-1
8.005243700E1,1.492950082E0,8.566950798E0,-8.700000495E-2
8.005488039E1,2.860050201E0,8.619000435E0,-1.830000043E0
8.005732377E1,4.227000237E0,8.722050667E0,-4.143000126E0
8.005976723E1,4.048050404E0,9.031050682E0,-5.293950081E0
8.006221062E1,2.968050241E0,9.490950584E0,-5.158050060E0
8.006465398E1,2.398050070E0,9.571950912E0,-3.817050219E0
8.006709760E1,2.266950130E0,9.460050583E0,-2.215050220E0
8.006954098E1,2.307000160E0,8.859000206E0,-1.447050095E0
8.007198437E1,3.085050106E0,8.089950562E0,-1.609050035E0
8.007442783E1,4.057950020E0,7.426950455E0,-2.883000135E0
8.007687121E1,4.038000107E0,7.398000240E0,-3.811950207E0
8.007931483E1,3.139950037E0,7.780950546E0,-3.441000223E0
8.008175821E1,2.797950029E0,8.578950882E0,-2.284950018E0
8.008420160E1,1.942950130E0,9.253950119E0,-1.372050047E0
8.008664504E1,1.321050048E0,9.156000137E0,-8.790000677E-1
8.008908843E1,1.771050096E0,8.812950134E0,-1.284000039E0
8.009153181E1,2.728950024E0,8.755949974E0,-2.869050026E0
8.009397520E1,3.519000053E0,8.629050255E0,-3.895950079E0
8.009641881E1,3.703050137E0,8.734050751E0,-4.056000233E0
8.009886221E1,3.279000044E0,9.172050476E0,-3.616050243E0
8.010130560E1,3.222000122E0,9.393000603E0,-2.482950211E0
8.010374906E1,3.373050213E0,9.370950699E0,-2.557950020E0
8.010619267E1,3.166950226E0,9.217950821E0,-3.208950043E0
8.010863606E1,3.054000139E0,9.016950607E0,-3.673050165E0
8.011107944E1,3.400950193E0,8.308050156E0,-3.771000147E0
8.011352283E1,4.192049980E0,7.804950237E0,-3.043950081E0
8.011596629E1,4.204050064E0,7.768950462E0,-2.646000147E0
8.011840968E1,3.459000111E0,7.819950581E0,-2.215050220E0
8.012085306E1,2.413050175E0,8.374950409E0,-1.609050035E0
8.012329667E1,2.226000071E0,8.566950798E0,-1.834950089E0
8.012574006E1,2.839050055E0,8.518950462E0,-2.518950224E0
8.012818344E1,3.415950060E0,8.593050003E0,-3.541950226E0
8.013062690E1,3.595050097E0,8.788949966E0,-4.048950195E0
8.013307029E1,4.050000191E0,9.120000839E0,-3.975000143E0
8.013551366E1,4.396950245E0,9.321000099E0,-4.416000366E0
8.013795704E1,3.801000118E0,9.466950417E0,-4.897050381E0
8.014040065E1,2.956050158E0,9.402000427E0,-4.815000057E0
8.014284412E1,2.689950228E0,9.115050316E0,-4.186050415E0
8.014528742E1,2.911050081E0,8.374950409E0,-3.649050236E0
8.014773087E1,3.454050064E0,7.408050537E0,-3.172950268E0
8.015017426E1,4.089000225E0,6.739950180E0,-3.039000034E0
8.015261787E1,3.817950249E0,6.792000294E0,-2.850000143E0
8.015506126E1,3.480000257E0,7.309950352E0,-2.227050066E0
8.015750464E1,3.282000065E0,8.218950272E0,-2.550000191E0
8.015994812E1,2.215950012E0,8.494950294E0,-3.460050106E0
8.016239150E1,1.555050015E0,8.775000572E0,-3.439050198E0
8.016483489E1,1.804050088E0,8.614950180E0,-2.968950033E0
8.016727850E1,2.887050152E0,8.559000015E0,-3.100950241E0
8.016972189E1,3.354000092E0,8.440050125E0,-3.475050211E0
8.017216530E1,3.478050232E0,8.290950775E0,-3.664050102E0
8.017460876E1,3.781950235E0,7.839000225E0,-4.036950111E0
8.017705215E1,3.934950113E0,8.028000832E0,-4.303050041E0
8.017949576E1,4.009950161E0,8.251049995E0,-4.873050213E0
8.018193915E1,2.796000242E0,8.409000397E0,-5.055000305E0
8.018438253E1,2.128050089E0,8.503950119E0,-4.087950230E0
8.018682599E1,3.102000237E0,8.257950783E0,-3.001050234E0
8.018926938E1,3.682050228E0,7.891050339E0,-2.163000107E0
8.019171276E1,3.457050085E0,7.767000198E0,-2.754000187E0
8.019415638E1,2.865000248E0,7.876950264E0,-3.541950226E0
8.019659978E1,2.101050138E0,8.164050102E0,-4.030050278E0
8.019904316E1,1.443000078E0,8.160000801E0,-3.568050146E0
8.020148655E1,2.137050152E0,8.113950729E0,-2.493000031E0
8.020393000E1,3.246000051E0,8.254950523E0,-2.197950125E0
8.020637339E1,3.463950157E0,8.461050034E0,-2.598000050E0
8.020881678E1,3.706050158E0,8.610000610E0,-3.508050203E0
8.021126039E1,4.150950432E0,8.571000099E0,-4.791000366E0
8.021370378E1,3.670050144E0,8.706000328E0,-5.176950455E0
8.021614717E1,3.102000237E0,8.727000237E0,-4.413000107E0
8.021859063E1,3.415950060E0,8.044950485E0,-3.621000290E0
8.022103402E1,3.708000183E0,7.662000179E0,-3.192000151E0
8.022347740E1,3.607050180E0,7.462950230E0,-2.919000149E0
8.022592101E1,3.748950243E0,7.168050289E0,-2.895000219E0
8.022836440E1,3.706050158E0,7.611000538E0,-2.637000084E0
8.023080787E1,2.890950203E0,8.185950279E0,-2.388000011E0
8.023325126E1,2.298000097E0,9.048000336E0,-1.954050064E0
8.023569464E1,2.131950140E0,9.187050819E0,-2.395050049E0
8.023813803E1,1.627050042E0,9.373950005E0,-2.862000227E0
8.024058164E1,1.423950076E0,8.968950272E0,-3.139050245E0
8.024302503E1,2.371950150E0,8.667000771E0,-3.261000156E0
8.024546841E1,3.265050173E0,8.683950424E0,-2.814000130E0
8.024791187E1,3.166950226E0,8.623950005E0,-2.323050022E0
8.025035526E1,3.514050245E0,8.440050125E0,-2.019000053E0
8.025279887E1,3.804000139E0,8.346000671E0,-2.506950140E0
8.025524228E1,4.326000214E0,8.028000832E0,-3.271050215E0
8.025768566E1,3.853950262E0,8.218950272E0,-4.360050201E0
8.026012904E1,3.130950212E0,8.197950363E0,-4.320000172E0
8.026257250E1,3.447000265E0,8.233950615E0,-2.950050116E0
8.026501589E1,3.543000221E0,8.356050491E0,-1.918050051E0
8.026745950E1,3.853950262E0,8.064000130E0,-2.160000086E0
8.026990289E1,3.279000044E0,8.353950500E0,-2.797050238E0
8.027234627E1,1.795050144E0,8.631000519E0,-3.451050282E0
8.027478973E1,1.297050118E0,8.634000778E0,-3.022050142E0
8.027723312E1,1.792950034E0,8.586000443E0,-2.434950113E0
8.027967651E1,3.106950045E0,8.500050545E0,-2.481000185E0
8.028211989E1,3.777000189E0,8.638050079E0,-2.638950109E0
8.028456350E1,3.967050076E0,8.866050720E0,-3.532050133E0
8.028700689E1,4.234950066E0,8.920950890E0,-4.729050159E0
8.028945028E1,3.756000280E0,9.081000328E0,-5.347050190E0
8.029189372E1,3.235950232E0,9.019050598E0,-4.585950375E0
8.029433711E1,3.081000090E0,8.635950089E0,-3.541950226E0
8.029678049E1,3.406050205E0,7.863000393E0,-2.608050108E0
8.029922411E1,4.390050411E0,7.108950138E0,-2.500050068E0
8.030166749E1,4.780950069E0,6.799950123E0,-3.204000235E0
8.030411088E1,3.793950081E0,7.137000561E0,-3.688050270E0
8.030655434E1,2.712000132E0,7.851000309E0,-3.112950087E0
8.030899772E1,2.725950241E0,8.791950226E0,-2.437950134E0
8.031144134E1,1.953000069E0,8.998050690E0,-2.361000061E0
8.031388472E1,9.310500622E-1,9.321000099E0,-2.110050201E0
8.031632811E1,8.350500464E-1,9.145950317E0,-2.457000017E0
8.031877150E1,2.311950207E0,8.932950020E0,-3.361950159E0
8.032121496E1,3.484950066E0,8.799000740E0,-3.669000149E0
8.032365834E1,3.616950274E0,8.587950706E0,-3.703950167E0
8.032610173E1,3.787050247E0,8.404050827E0,-3.490950108E0
8.032854534E1,4.048050404E0,8.179050446E0,-3.534000158E0
8.033098881E1,4.350000381E0,7.975050449E0,-4.102050304E0
8.033343212E1,3.772950172E0,7.966050148E0,-4.744050026E0
8.033587558E1,3.085050106E0,7.990050316E0,-3.879000187E0
8.033831896E1,3.649950266E0,7.681050301E0,-2.998050213E0
8.034076258E1,4.159950256E0,7.378950119E0,-2.572050095E0
8.034320596E1,4.029000282E0,7.504050255E0,-2.887950182E0
8.034564935E1,2.947050095E0,7.858050346E0,-3.526950121E0
8.034809281E1,1.941000104E0,8.452050209E0,-3.847950220E0
8.035053619E1,1.456950068E0,8.428050041E0,-3.477000237E0
8.035297956E1,1.546050072E0,8.449049950E0,-2.983950138E0
8.035542318E1,2.578050137E0,8.581050873E0,-2.662950039E0
8.035786656E1,3.283950090E0,8.794050217E0,-2.938050032E0
8.036030995E1,3.777000189E0,8.962050438E0,-3.601050138E0
8.036275333E1,3.840000153E0,8.902050018E0,-4.918050289E0
8.036519676E1,3.427950144E0,9.022050858E0,-5.470950127E0
8.036764015E1,3.229050159E0,8.755949974E0,-4.894050121E0
8.037008353E1,3.337050200E0,8.109000206E0,-4.264950275E0
8.037252715E1,3.720000267E0,7.470000267E0,-3.748050213E0
8.037497053E1,4.017000198E0,6.880950451E0,-3.550950050E0
8.037741392E1,4.012050152E0,6.775950432E0,-3.216000080E0
8.037985738E1,3.514050245E0,7.333950520E0,-2.707950115E0
8.038230077E1,2.475000143E0,8.143050194E0,-2.422950029E0
8.038474438E1,2.251950026E0,9.141000748E0,-1.867950082E0
8.038718777E1,1.836000085E0,9.421050072E0,-2.613000154E0
8.038963113E1,1.134000063E0,9.880950928E0,-3.525000095E0
8.039207459E1,9.190500379E-1,9.438000679E0,-4.341000080E0
8.039451798E1,1.599000096E0,9.164999962E0,-4.399050236E0
8.039696136E1,2.616000175E0,9.012000084E0,-3.199050188E0
8.039940498E1,2.865000248E0,8.731950760E0,-2.146050215E0
8.040184837E1,3.274950266E0,8.332050323E0,-2.002050161E0
8.040429176E1,3.895050287E0,7.756950378E0,-2.755950212E0
8.040673514E1,4.326000214E0,8.008950233E0,-4.377000332E0
8.040917860E1,3.511950254E0,8.266950607E0,-5.766000271E0
8.041162223E1,2.307000160E0,8.278950691E0,-4.890000343E0
8.041406562E1,3.166950226E0,8.571000099E0,-3.312000275E0
8.041650900E1,3.301050186E0,8.503950119E0,-1.830000043E0
8.041895239E1,2.902950048E0,8.488050461E0,-1.849050045E0
8.042139584E1,2.439000130E0,8.348999977E0,-2.725050211E0
8.042383923E1,1.717950106E0,8.562000275E0,-3.712050200E0
8.042628261E1,1.170000076E0,8.467950821E0,-3.661050081E0
8.042872622E1,1.587000132E0,8.377950668E0,-2.967000246E0
8.043116961E1,2.985000134E0,8.518950462E0,-2.481000185E0
8.043361300E1,3.703050137E0,8.695950508E0,-2.634000063E0
8.043605646E1,3.700950146E0,8.988000870E0,-3.586950064E0
8.043849985E1,3.820050240E0,9.046050072E0,-4.921050072E0
8.044094323E1,3.411000252E0,9.060000420E0,-5.395050049E0
8.044338684E1,2.968050241E0,8.947050095E0,-4.492050171E0
8.044583023E1,3.205050230E0,8.310000420E0,-3.466950178E0
8.044827369E1,3.567000151E0,7.615950584E0,-3.088950157E0
8.045071700E1,4.194000244E0,7.176000118E0,-3.253950119E0
8.045316046E1,4.029000282E0,7.204050541E0,-3.613050222E0
8.045560384E1,2.652000189E0,7.791000366E0,-3.396000147E0
8.045804746E1,2.068050146E0,8.629050255E0,-2.376000166E0
8.046049085E1,1.918950081E0,9.265950203E0,-1.939950109E0
8.046293423E1,9.019500613E-1,9.714000702E0,-2.293950081E0
8.046537762E1,2.100000158E-2,9.520050049E0,-2.698950052E0
8.046782108E1,7.750500441E-1,9.241950035E0,-3.676050186E0
8.047026446E1,2.547000170E0,9.211050034E0,-4.114050388E0
8.047270807E1,3.009000063E0,8.899050713E0,-3.381000042E0
8.047515146E1,3.421050072E0,8.763000488E0,-2.923950195E0
8.047759484E1,3.580950260E0,8.380050659E0,-3.091950178E0
8.048003830E1,3.958950281E0,8.263050079E0,-3.436050177E0
8.048248169E1,3.933000088E0,8.325000763E0,-4.518000126E0
8.048492530E1,3.070950031E0,8.346000671E0,-4.915950298E0
8.048736845E1,2.926950216E0,8.341950417E0,-4.356000423E0
8.048981207E1,3.234000206E0,8.293950081E0,-3.283050060E0
8.049225553E1,3.516000271E0,8.053950310E0,-2.521950006E0
8.049469891E1,2.836050034E0,8.071050644E0,-2.497950077E0
8.049714230E1,2.046000004E0,8.365950584E0,-2.670000076E0
8.049958568E1,1.246950030E0,8.467950821E0,-3.148950100E0
8.050202930E1,1.270950079E0,8.445000648E0,-3.372000217E0
8.050447268E1,2.427000046E0,8.513999939E0,-3.841050148E0
8.050691607E1,3.199950218E0,8.722050667E0,-4.009050369E0
8.050935952E1,3.409050226E0,9.091050148E0,-3.835950136E0
8.051180291E1,3.978000164E0,8.919000626E0,-4.128000259E0
8.051424629E1,4.072050095E0,9.096000671E0,-4.677000046E0
8.051668991E1,3.217050076E0,8.926050186E0,-4.638000011E0
8.051913329E1,3.457050085E0,8.467950821E0,-4.320000172E0
8.052157668E1,3.813000202E0,7.723950386E0,-4.501950264E0
8.052402006E1,3.757950068E0,7.159050465E0,-4.360050201E0
8.052646352E1,3.792000294E0,6.900000095E0,-3.490950108E0
8.052890690E1,3.580950260E0,7.101000309E0,-2.434950113E0
8.053135052E1,2.881950140E0,7.798050404E0,-1.582950115E0
8.053379391E1,2.401050091E0,8.622000694E0,-1.152000070E0
8.053623736E1,2.233050108E0,9.028950691E0,-2.209950209E0
8.053868068E1,1.182000041E0,9.421050072E0,-3.490950108E0
8.054112413E1,7.849500179E-1,9.235050201E0,-3.736050129E0
8.054356754E1,2.077050209E0,8.713050842E0,-4.023000240E0
8.054601115E1,3.319950104E0,8.416049957E0,-3.312000275E0
8.054845454E1,3.898950100E0,8.137949944E0,-2.349000216E0
8.055089792E1,4.371000290E0,8.032950401E0,-2.716050148E0
8.055334138E1,3.792000294E0,8.076000214E0,-3.328950167E0
8.055578477E1,3.661950111E0,8.362950325E0,-4.023000240E0
8.055822838E1,2.986950159E0,8.967000008E0,-4.863000393E0
8.056067177E1,2.058000088E0,8.872950554E0,-4.545000076E0
8.056311515E1,2.295000076E0,8.500050545E0,-3.144000053E0
8.056555854E1,3.186000109E0,8.124000549E0,-1.345950007E0
8.056800199E1,3.631050110E0,7.980000496E0,-1.372050047E0
8.057044538E1,3.301050186E0,7.839000225E0,-2.385000229E0
8.057288899E1,1.978950143E0,8.061000824E0,-3.228000164E0
8.057533238E1,1.126950026E0,8.491950035E0,-3.661050081E0
8.057777576E1,1.596000075E0,8.406000137E0,-3.738000154E0
8.058021922E1,2.809950113E0,8.401050568E0,-3.427050114E0
8.058266261E1,3.226950169E0,8.385000229E0,-3.124950171E0
8.058510599E1,3.721950293E0,8.458950043E0,-3.108000040E0
8.058754938E1,4.736999989E0,8.389050484E0,-4.075950146E0
8.058999299E1,4.159950256E0,8.710050583E0,-4.890000343E0
8.059243637E1,3.001950026E0,8.746050835E0,-4.963950157E0
8.059487975E1,3.064050198E0,8.679000854E0,-4.686000347E0
8.059732321E1,2.791050196E0,8.397000313E0,-4.240950108E0
8.059976660E1,2.419950008E0,8.236050606E0,-3.343050241E0
8.060220998E1,2.812050104E0,7.654050350E0,-2.500050068E0
8.060465358E1,3.399000168E0,7.401000500E0,-2.308950186E0
8.060709697E1,3.018000126E0,7.939050198E0,-2.433000088E0
8.060954043E1,1.957950115E0,8.818050385E0,-2.767950058E0
8.061198381E1,1.666050076E0,9.157950401E0,-3.855000257E0
8.061442720E1,1.084050059E0,9.532050133E0,-4.126049995E0
8.061687081E1,9.330000281E-1,9.424050331E0,-3.745050192E0
8.061931420E1,1.828050137E0,8.890050888E0,-3.111000061E0
8.062175758E1,3.327000141E0,8.204999924E0,-2.481000185E0
8.062420097E1,4.335000038E0,7.888950348E0,-2.617050171E0
8.062664443E1,3.976050138E0,8.181000710E0,-3.700050116E0
8.062908781E1,3.286950111E0,8.418000221E0,-4.195050240E0
8.063153120E1,3.736950159E0,8.674050331E0,-4.459050179E0
8.063397481E1,2.908050060E0,9.097949982E0,-4.978050232E0
8.063641820E1,2.025000095E0,9.160050392E0,-4.296000004E0
8.063886158E1,2.476950169E0,8.907000542E0,-2.998050213E0
8.064130503E1,3.154950142E0,8.337000847E0,-2.074050188E0
8.064374841E1,3.430050135E0,8.023050308E0,-2.586000204E0
8.064619203E1,2.796000242E0,8.047050476E0,-3.469950199E0
8.064863541E1,1.654050112E0,8.386950493E0,-4.189949989E0
8.065107880E1,1.177050114E0,8.566950798E0,-4.368000031E0
8.065352225E1,1.326000094E0,8.583000183E0,-3.817050219E0
8.065596564E1,2.230950117E0,8.566950798E0,-3.127050161E0
8.065840903E1,3.193050146E0,8.221950531E0,-3.100950241E0
8.066085264E1,4.084050179E0,8.173950195E0,-3.496050119E0
8.066329603E1,4.720950127E0,8.251049995E0,-4.582950115E0
8.066573941E1,3.652950287E0,8.631000519E0,-5.272950172E0
8.066818280E1,2.704950094E0,8.791950226E0,-4.966050148E0
8.067062625E1,3.081000090E0,8.670000076E0,-4.633050442E0
8.067306964E1,2.515950203E0,8.467950821E0,-4.024950027E0
8.067551302E1,2.106000185E0,7.999050617E0,-3.300000191E0
8.067795666E1,2.652000189E0,7.573050499E0,-2.710950136E0
8.068040005E1,3.313050270E0,7.314000130E0,-2.887950182E0
8.068284343E1,3.198000193E0,7.870050430E0,-1.990050077E0
8.068528689E1,1.873950124E0,8.434950829E0,-2.710950136E0
8.068773028E1,1.620000124E0,8.820000648E0,-3.645000219E0
8.069017389E1,1.090950012E0,8.827950478E0,-4.234050274E0
8.069261728E1,8.869500160E-1,8.779950142E0,-3.919950247E0
8.069506066E1,2.082000017E0,8.239050865E0,-2.823000193E0
8.069750412E1,3.435000181E0,8.049000740E0,-2.578950167E0
8.069994751E1,3.724950075E0,8.245950699E0,-3.096000195E0
8.070239090E1,3.649950266E0,8.397000313E0,-3.610950232E0
8.070483451E1,2.760000229E0,8.890050888E0,-4.312950134E0
8.070727790E1,3.355950117E0,9.022050858E0,-4.582950115E0
8.070972128E1,3.066000223E0,9.040950775E0,-4.983000278E0
8.071216466E1,2.245050192E0,8.887950897E0,-4.207050323E0
8.071460812E1,2.407950163E0,8.518950462E0,-2.863950253E0
8.071705151E1,3.198000193E0,7.927050591E0,-2.268000126E0
8.071949513E1,3.835050106E0,7.741050243E0,-3.268950224E0
8.072193851E1,3.231000185E0,7.936950207E0,-4.456050396E0
8.072438197E1,1.702050090E0,8.476050377E0,-4.983000278E0
8.072682528E1,9.070500135E-1,8.682000160E0,-4.273950100E0
8.072926874E1,1.222950101E0,8.491950035E0,-3.088950157E0
8.073171213E1,2.452950001E0,8.409000397E0,-2.569950104E0
8.073415574E1,3.676950216E0,8.116950035E0,-2.895000219E0
8.073659910E1,3.910950184E0,8.449049950E0,-3.781050205E0
8.073904248E1,3.841950178E0,8.785050392E0,-5.200950146E0
8.074148594E1,3.528000116E0,9.000000000E0,-5.626950264E0
8.074392933E1,3.102000237E0,9.156000137E0,-5.110050201E0
8.074637271E1,2.608950138E0,9.249000549E0,-3.982050180E0
8.074881633E1,2.142000198E0,9.031050682E0,-3.549000263E0
8.075125971E1,2.386050224E0,8.265000343E0,-3.760050297E0
8.075370310E1,3.478050232E0,7.342950344E0,-2.281949997E0
8.075614648E1,3.694050074E0,7.365000248E0,-2.646000147E0
8.075858994E1,3.241050243E0,7.786050320E0,-2.830950022E0
8.076103356E1,2.104050159E0,8.344050407E0,-3.142050266E0
8.076347694E1,1.807050109E0,9.151050568E0,-3.664050102E0
8.076592033E1,1.311000109E0,9.318000793E0,-4.023000240E0
8.076836371E1,9.469500184E-1,9.084000587E0,-3.910050154E0
8.077080717E1,1.588950038E0,8.727000237E0,-3.369000196E0
8.077325056E1,2.671050072E0,8.457000732E0,-2.686950207E0
8.077569394E1,3.238950253E0,8.320050240E0,-2.419050217E0
8.077813756E1,3.636000156E0,8.437050819E0,-2.979000092E0
8.078058094E1,3.733950138E0,8.470950127E0,-3.637050152E0
8.078302433E1,3.502050161E0,8.847000122E0,-3.939000130E0
8.078546778E1,3.411000252E0,9.376049995E0,-4.554000378E0
8.078791117E1,2.671050072E0,9.376049995E0,-4.762950420E0
8.079035455E1,1.855050087E0,8.931000710E0,-3.870000124E0
8.079279794E1,2.230950117E0,8.554950714E0,-3.490950108E0
8.079524155E1,3.081000090E0,8.088000298E0,-2.926050186E0
8.079768502E1,3.319950104E0,8.160000801E0,-3.142050266E0
8.080012832E1,2.392950058E0,8.356050491E0,-3.340950251E0
8.080257178E1,1.074000001E0,8.478000641E0,-3.775950193E0
8.080501517E1,8.110500574E-1,8.428050041E0,-3.604050159E0
8.080745878E1,1.974000096E0,8.064000130E0,-3.172950268E0
8.080990216E1,3.382050276E0,8.131050110E0,-2.863950253E0
8.081234554E1,3.931050301E0,8.095050812E0,-3.205950260E0
8.081478900E1,3.823050261E0,8.551950455E0,-4.035000324E0
8.081723239E1,3.528000116E0,9.057000160E0,-4.698000431E0
8.081967577E1,3.454050064E0,9.199050903E0,-4.879950047E0
8.082211938E1,2.664000034E0,9.490950584E0,-5.230050087E0
8.082456277E1,2.548950195E0,9.034049988E0,-4.437000275E0
8.082700615E1,2.548950195E0,8.526000023E0,-3.241950035E0
8.082944961E1,2.844000101E0,7.719000340E0,-3.268950224E0
8.083189300E1,3.406050205E0,7.461000443E0,-2.694000244E0
8.083433638E1,3.628950119E0,7.105950356E0,-2.421000004E0
8.083678000E1,3.279000044E0,7.630050182E0,-2.353950024E0
8.083922338E1,2.242950201E0,8.737050056E0,-2.473950148E0
8.084166684E1,1.611000061E0,8.976000786E0,-3.454950094E0
8.084411024E1,1.122000098E0,8.884950638E0,-4.078050137E0
8.084655363E1,1.399950027E0,8.586000443E0,-3.628050089E0
8.084899701E1,2.524950027E0,8.341950417E0,-3.043950081E0
8.085144062E1,3.289050102E0,8.287050247E0,-2.634000063E0
8.085388401E1,3.631050110E0,8.218950272E0,-2.593050241E0
8.085632741E1,3.892050266E0,8.242950439E0,-3.015000105E0
8.085877087E1,3.682050228E0,8.533050537E0,-3.361950159E0
8.086121426E1,3.519000053E0,8.932950020E0,-3.573000193E0
8.086365764E1,3.307950258E0,8.818050385E0,-4.633050442E0
8.086610126E1,2.571000099E0,8.725049973E0,-4.873050213E0
8.086854462E1,2.359950066E0,8.310000420E0,-3.537000179E0
8.087098801E1,2.872050047E0,8.026050568E0,-2.292000055E0
8.087343147E1,3.556950092E0,7.912950516E0,-2.965050220E0
8.087587485E1,3.631050110E0,7.900950432E0,-3.405000210E0
8.087831824E1,2.020050049E0,8.574000359E0,-3.549000263E0
8.088076185E1,6.430500150E-1,8.682000160E0,-3.585000277E0
8.088320524E1,1.338000059E0,8.320050240E0,-2.932950258E0
8.088564870E1,3.100050211E0,8.260050774E0,-2.955000162E0
8.088809208E1,3.519000053E0,8.377950668E0,-3.292950153E0
8.089053547E1,3.696000099E0,8.322000504E0,-3.871950150E0
8.089297885E1,4.129050255E0,8.494950294E0,-4.459050179E0
8.089542247E1,3.892050266E0,8.986050606E0,-5.637000084E0
8.089786585E1,3.636000156E0,8.875950813E0,-5.233950138E0
8.090030924E1,3.265050173E0,8.902050018E0,-4.200000286E0
8.090275270E1,2.680950165E0,8.610000610E0,-4.024950027E0
8.090519608E1,3.073050261E0,7.681050301E0,-3.127050161E0
8.090763947E1,4.069050312E0,6.928950310E0,-2.898000240E0
8.091008308E1,4.444950104E0,6.907050133E0,-2.835000038E0
8.091252647E1,3.981000185E0,7.306950569E0,-2.560050011E0
8.091496985E1,2.532000065E0,8.011050224E0,-3.103050232E0
8.091741331E1,2.058000088E0,8.752950668E0,-3.100950241E0
8.091985670E1,1.785000086E0,9.081000328E0,-3.469950199E0
8.092230031E1,1.480950117E0,9.040950775E0,-3.733050108E0
8.092474370E1,1.390050054E0,8.755949974E0,-3.454950094E0
8.092718708E1,1.881000042E0,8.470950127E0,-3.261000156E0
8.092963056E1,3.009000063E0,8.203050613E0,-3.004950047E0
8.093207395E1,3.957000256E0,7.732950211E0,-2.740050077E0
8.093451733E1,4.231950283E0,7.723950386E0,-2.779950142E0
8.093696072E1,3.760950089E0,8.442000389E0,-2.526000023E0
8.093940433E1,3.652950287E0,8.848950386E0,-2.526000023E0
8.094184772E1,3.085050106E0,8.812950134E0,-3.168000221E0
8.094429111E1,2.893950224E0,8.799000740E0,-3.181950092E0
8.094673457E1,2.857950211E0,8.595000267E0,-3.135000229E0
8.094917795E1,3.379950047E0,8.497050285E0,-3.064950228E0
8.095162134E1,3.555000067E0,8.257950783E0,-3.477000237E0
8.095406495E1,2.851050138E0,8.313000679E0,-3.918000221E0
8.095650834E1,2.005950212E0,8.665050507E0,-3.906000137E0
8.095895172E1,1.201050043E0,8.992950439E0,-2.746950150E0
8.096139518E1,1.168050051E0,8.868000031E0,-1.867950082E0
8.096383857E1,2.271000147E0,8.482950211E0,-2.059950113E0
8.096628195E1,4.005000114E0,8.125950813E0,-2.905050039E0
8.096872557E1,4.584000111E0,8.041950226E0,-3.783000231E0
8.097116895E1,4.606050014E0,8.428050041E0,-4.068000317E0
8.097361234E1,4.480950356E0,8.581050873E0,-4.210050106E0
8.097605580E1,3.627000093E0,9.229950905E0,-3.846000195E0
8.097849918E1,3.124050140E0,9.438000679E0,-3.520050049E0
8.098094257E1,3.346050262E0,8.713050842E0,-3.304950237E0
8.098338618E1,3.460950136E0,7.993950367E0,-3.300000191E0
8.098582957E1,3.400950193E0,7.638000488E0,-3.103050232E0
8.098827295E1,3.166950226E0,7.486950397E0,-3.088950157E0
8.099071641E1,2.920050144E0,7.707000256E0,-2.809050083E0
8.099315980E1,2.371950150E0,8.317950249E0,-2.851950169E0
8.099560341E1,2.008050203E0,9.057000160E0,-3.184950113E0
8.099804680E1,1.390050054E0,9.262950897E0,-3.514950275E0
8.100049020E1,1.060050011E0,9.096000671E0,-3.393000126E0
8.100293366E1,1.804050088E0,8.719950676E0,-3.238050222E0
8.100537704E1,3.243000269E0,8.284049988E0,-3.001050234E0
8.100782043E1,3.840000153E0,8.133000374E0,-2.650950193E0
8.101026404E1,4.512000084E0,8.017950058E0,-2.862000227E0
8.101270743E1,4.531949997E0,8.374950409E0,-3.192000151E0
8.101515081E1,4.492950439E0,8.884950638E0,-3.724050283E0
8.101759420E1,4.195950031E0,9.069000244E0,-4.107000351E0
8.102003766E1,3.490050077E0,8.797050476E0,-4.336950302E0
8.102248104E1,3.199950218E0,8.542950630E0,-3.582000256E0
8.102492443E1,3.211950064E0,8.197950363E0,-2.809050083E0
8.102736804E1,3.319950104E0,7.906050205E0,-2.596050024E0
8.102981143E1,3.351000071E0,8.008950233E0,-3.300000191E0
8.103225481E1,3.097050190E0,8.128950119E0,-4.293000221E0
8.103469827E1,1.732950091E0,8.690999985E0,-4.303050041E0
8.103714166E1,9.469500184E-1,8.655000687E0,-3.355050087E0
8.103958527E1,1.819050074E0,8.494950294E0,-2.078999996E0
8.104202866E1,3.528000116E0,8.112000465E0,-1.843950033E0
8.104447204E1,4.096050262E0,8.052000046E0,-2.380050182E0
8.104691550E1,4.459950447E0,8.245950699E0,-3.187050104E0
8.104935889E1,4.584000111E0,8.320050240E0,-4.332000256E0
8.105180228E1,4.468950272E0,8.791950226E0,-4.831950188E0
8.105424566E1,3.697950125E0,9.131999969E0,-4.315050125E0
8.105668927E1,2.817000151E0,9.093000412E0,-3.463050127E0
8.105913266E1,2.856000185E0,8.617050171E0,-2.821050167E0
8.106157604E1,3.447000265E0,7.504050255E0,-2.200950146E0
8.106401950E1,3.732000113E0,7.318950176E0,-2.028000116E0
8.106646289E1,3.937950134E0,6.928950310E0,-2.172000170E0
8.106890650E1,4.144050121E0,7.237950325E0,-2.361000061E0
8.107134989E1,2.650050163E0,7.915050507E0,-2.971950054E0
8.107379327E1,1.879050136E0,8.593050003E0,-3.031950235E0
8.107623673E1,2.355000019E0,8.574000359E0,-3.171000242E0
8.107868012E1,2.395950079E0,8.776950836E0,-3.319050074E0
8.108112350E1,1.969950080E0,8.803950310E0,-2.770950079E0
8.108356711E1,2.359950066E0,8.397000313E0,-2.035950184E0
8.108601050E1,3.937950134E0,7.932000160E0,-1.963950038E0
8.108845389E1,4.717950344E0,7.492050171E0,-2.337000132E0
8.109089727E1,4.978950024E0,7.720950603E0,-2.854050159E0
8.109334073E1,4.198950291E0,8.121000290E0,-3.151050091E0
8.109578412E1,3.925950289E0,8.562000275E0,-3.159000158E0
8.109822751E1,3.655050278E0,8.770050049E0,-3.312000275E0
8.110067112E1,2.938950062E0,8.916000366E0,-3.156000137E0
8.110311458E1,3.223950148E0,8.506950378E0,-3.004950047E0
8.110555789E1,2.973000050E0,8.296050072E0,-3.345000267E0
8.110800135E1,3.070950031E0,8.626950264E0,-3.568050146E0
8.111044474E1,2.977950096E0,8.629050255E0,-4.072950363E0
8.111288835E1,2.299950123E0,8.667000771E0,-3.970050097E0
8.111533174E1,1.146000028E0,8.848950386E0,-3.319050074E0
8.111777513E1,1.002000093E0,8.761050224E0,-2.254050016E0
8.112021860E1,2.560950041E0,8.337000847E0,-1.879950047E0
8.112266198E1,4.165050030E0,8.035050392E0,-2.092950106E0
8.112510537E1,5.377050400E0,7.923000336E0,-3.313950062E0
8.112754898E1,5.755050182E0,8.145000458E0,-4.585950375E0
8.112999237E1,5.286000252E0,8.794050217E0,-5.424000263E0
8.113243575E1,4.357050419E0,9.520050049E0,-5.491050243E0
8.113487914E1,3.579000235E0,9.819000244E0,-4.999950409E0
8.113732260E1,3.243000269E0,9.627000809E0,-4.507050037E0
8.113976621E1,3.220050097E0,8.824950218E0,-4.135050297E0
8.114220937E1,2.736000061E0,8.647950172E0,-3.751950264E0
8.114465298E1,2.616000175E0,8.128950119E0,-3.709050179E0
8.114709644E1,2.824050188E0,8.077950478E0,-3.754950285E0
8.114953983E1,2.221050024E0,8.239050865E0,-4.060950279E0
8.115198321E1,1.231950045E0,8.623950005E0,-3.280950069E0
8.115442660E1,1.242000103E0,8.896950722E0,-2.016000032E0
8.115687021E1,2.592000008E0,8.836950302E0,-2.044950008E0
8.115931360E1,3.018000126E0,8.737050056E0,-2.787000179E0
8.116175698E1,2.788950205E0,8.409000397E0,-2.871000051E0
8.116420044E1,3.198000193E0,7.768950462E0,-2.718000174E0
8.116664383E1,4.333050251E0,7.594950199E0,-2.842050076E0
8.116908721E1,5.046000004E0,7.365000248E0,-3.238050222E0
8.117153060E1,5.167950153E0,7.129950523E0,-3.160950184E0
8.117397421E1,4.837950230E0,7.282950401E0,-2.172000170E0
8.117641760E1,4.771050453E0,7.741050243E0,-1.377000093E0
8.117886098E1,4.612950325E0,8.204999924E0,-1.690950036E0
8.118130444E1,3.081000090E0,8.317950249E0,-2.146050215E0
8.118374783E1,2.559000015E0,8.458950043E0,-2.518950224E0
8.118619144E1,2.652000189E0,8.076000214E0,-2.977050066E0
8.118863483E1,3.235950232E0,8.052000046E0,-3.348000050E0
8.119107821E1,3.354000092E0,7.638000488E0,-3.570000172E0
8.119352167E1,2.965950251E0,7.705050468E0,-3.214050055E0
8.119596506E1,2.539950132E0,7.903050423E0,-2.467050076E0
8.119840844E1,2.527950048E0,7.990050316E0,-1.288950086E0
8.120085206E1,3.399000168E0,7.786050320E0,-6.109500527E-1
8.120329544E1,4.551000118E0,7.510950565E0,-8.410500288E-1
8.120573883E1,4.893000126E0,7.389000416E0,-1.923000097E0
8.120818229E1,4.639050007E0,7.597050190E0,-3.100950241E0
8.121062567E1,4.330049992E0,8.071050644E0,-3.999000072E0
8.121306929E1,4.170000076E0,8.337000847E0,-3.606000185E0
8.121551267E1,3.555000067E0,8.758049965E0,-3.040950060E0
8.121795606E1,2.824050188E0,9.145950317E0,-2.574000120E0
8.122039944E1,2.395950079E0,9.136950493E0,-2.694000244E0
8.122284290E1,2.062950134E0,8.617050171E0,-3.180000067E0
8.122528629E1,2.137050152E0,8.171999931E0,-3.228000164E0
8.122772990E1,2.848050117E0,7.807950497E0,-3.216000080E0
8.123017328E1,2.539950132E0,7.717050552E0,-3.012000084E0
8.123261666E1,1.785000086E0,8.215050697E0,-2.422950029E0
8.123506004E1,2.772000074E0,8.662050247E0,-1.911000133E0
8.123750350E1,3.385050058E0,8.822999954E0,-2.601000071E0
8.123994689E1,2.271000147E0,8.896950722E0,-3.369000196E0
8.124239026E1,1.963050127E0,8.908950806E0,-3.454950094E0
8.124483387E1,2.949000120E0,8.083050728E0,-3.072000027E0
8.124727726E1,4.029000282E0,7.522950172E0,-2.641050100E0
8.124972065E1,4.431000233E0,7.329000473E0,-2.719950199E0
8.125216411E1,4.539000034E0,7.531950474E0,-2.713050127E0
8.125460750E1,4.129050255E0,7.954050541E0,-2.493000031E0
8.125705088E1,4.065000057E0,8.542950630E0,-2.521950006E0
8.125949427E1,3.708000183E0,8.952000618E0,-3.556050062E0
8.126193788E1,2.358000040E0,9.417000771E0,-3.955950260E0
8.126438128E1,2.212050200E0,9.478950500E0,-3.943950176E0
8.126682474E1,2.968050241E0,8.808000565E0,-4.080000401E0
8.126926813E1,3.511950254E0,8.320050240E0,-4.118999958E0
8.127171152E1,3.117000103E0,8.322000504E0,-3.999000072E0
8.127415513E1,2.737950087E0,8.707950592E0,-3.811950207E0
8.127659852E1,2.329050064E0,8.800950050E0,-3.151050091E0
8.127904191E1,2.713950157E0,8.488050461E0,-2.316000223E0
8.128148537E1,3.586050272E0,8.164050102E0,-2.092950106E0
8.128392876E1,4.153050423E0,8.119050026E0,-2.562000036E0
8.128637214E1,4.333050251E0,8.281949997E0,-3.372000217E0
8.128881575E1,4.860000134E0,8.113950729E0,-4.126049995E0
8.129125914E1,4.891050339E0,8.667000771E0,-4.368000031E0
8.129370252E1,4.419000149E0,9.067049980E0,-4.332000256E0
8.129614598E1,3.487950087E0,9.450000763E0,-3.745050192E0
8.129858937E1,3.792000294E0,9.582000732E0,-3.532050133E0
8.130103298E1,3.507000208E0,8.943000793E0,-3.580050230E0
8.130347636E1,2.997000217E0,8.454000473E0,-3.430950165E0
8.130591975E1,3.928050280E0,7.867950439E0,-3.187050104E0
8.130836313E1,3.555000067E0,7.486950397E0,-2.914050102E0
8.131080659E1,2.877000093E0,7.923000336E0,-3.289950132E0
8.131324996E1,2.680950165E0,8.389050484E0,-2.778000116E0
8.131569335E1,2.953950167E0,8.822999954E0,-2.337000132E0
8.131813696E1,2.944050074E0,9.061950684E0,-2.730000019E0
8.132058035E1,2.382000208E0,9.040950775E0,-3.070050240E0
8.132302373E1,2.365050077E0,8.550000191E0,-3.241950035E0
8.132546719E1,3.688950062E0,8.196000099E0,-3.585000277E0
8.132791057E1,4.848000050E0,7.365000248E0,-3.742950201E0
8.133035396E1,4.450050354E0,7.614000320E0,-3.499050140E0
8.133279757E1,4.361999989E0,7.699950218E0,-2.989050150E0
8.133524096E1,4.414050102E0,7.996950150E0,-2.304000139E0
8.133768434E1,4.531949997E0,8.385000229E0,-2.467050076E0
8.134012780E1,3.399000168E0,8.581050873E0,-3.316950083E0
8.134257119E1,2.173050165E0,8.811000824E0,-3.894000292E0
8.134501480E1,2.404950142E0,8.394000053E0,-3.727950096E0
8.134745819E1,3.433050156E0,7.816950321E0,-3.645000219E0
8.134990157E1,3.313050270E0,7.575000286E0,-3.508050203E0
8.135234496E1,2.785950184E0,7.732950211E0,-3.421950102E0
8.135478842E1,2.371950150E0,7.947000504E0,-3.100950241E0
8.135723180E1,1.843050122E0,8.121000290E0,-2.572050095E0
8.135967519E1,1.725000024E0,8.068950653E0,-1.936950088E0
8.136211882E1,2.434050083E0,8.014050484E0,-1.593000054E0
8.136456220E1,4.029000282E0,7.606950283E0,-2.542950153E0
8.136700559E1,4.431000233E0,7.587000370E0,-4.123050213E0
8.136944905E1,4.306950092E0,8.017950058E0,-4.791000366E0
8.137189243E1,4.303950310E0,8.209950447E0,-4.534950256E0
8.137433605E1,3.973950148E0,8.386950493E0,-3.925050259E0
8.137677943E1,3.555000067E0,8.398950577E0,-3.070050240E0
8.137922282E1,3.382050276E0,8.344050407E0,-2.677050114E0
8.138166628E1,3.397050142E0,8.004000664E0,-2.566950083E0
8.138410967E1,3.682050228E0,7.204050541E0,-2.653050184E0
8.138655305E1,4.098000050E0,7.108950138E0,-2.874000072E0
8.138899644E1,3.775050163E0,7.209000111E0,-3.280950069E0
8.139144005E1,2.869950056E0,7.729050159E0,-3.216000080E0
8.139388344E1,3.313050270E0,8.353950500E0,-2.778000116E0
8.139632682E1,3.744000196E0,8.265000343E0,-2.673000097E0
8.139877028E1,2.974950075E0,8.617050171E0,-2.452050209E0
8.140121367E1,3.004050255E0,8.338950157E0,-2.284950018E0
8.140365705E1,3.700950146E0,8.133000374E0,-2.148000002E0
8.140610067E1,4.477050304E0,7.759950161E0,-2.340000153E0
8.140854405E1,4.531949997E0,7.767000198E0,-2.626950026E0
8.141098744E1,4.675050259E0,7.798050404E0,-2.752050161E0
8.141343090E1,4.624950409E0,7.947000504E0,-2.503050089E0
8.141587428E1,5.434050083E0,8.550000191E0,-1.957050085E0
8.141831790E1,5.410050392E0,8.479949951E0,-2.608050108E0
8.142076105E1,5.475000381E0,8.136000633E0,-1.954050064E0
8.142320467E1,5.142000198E0,8.506950378E0,-1.356000066E0
8.142564813E1,4.361999989E0,8.670000076E0,-1.750950098E0
8.142809152E1,3.873000145E0,8.490000725E0,-1.993050098E0
8.143053490E1,4.291950226E0,8.430000305E0,-3.060000181E0
8.143297828E1,3.531000137E0,8.602950096E0,-2.923950195E0
8.143542190E1,3.066000223E0,8.485050201E0,-2.011950016E0
8.143786528E1,3.415950060E0,8.064000130E0,-4.530000091E-1
8.144030867E1,4.515000343E0,7.360050201E0,-9.900000691E-2
8.144275213E1,5.394000053E0,7.276050568E0,-5.539500117E-1
8.144519553E1,5.956050396E0,7.267050266E0,-2.176950216E0
8.144763892E1,6.622050285E0,7.360050201E0,-3.292950153E0
8.145008253E1,6.399000168E0,7.930050373E0,-3.691950083E0
8.145252592E1,5.503950119E0,8.193000793E0,-2.614950180E0
8.145496938E1,4.800000191E0,8.707950592E0,-1.180950046E0
8.145741274E1,4.357050419E0,8.430000305E0,-1.030050039E0
8.145985613E1,4.800000191E0,7.695000172E0,-1.195050001E0
8.146229951E1,4.477050304E0,7.377000332E0,-1.921050072E0
8.146474312E1,4.603050232E0,7.008000374E0,-1.909050107E0
8.146718651E1,4.771050453E0,6.687000275E0,-1.534950018E0
8.146962989E1,4.321050167E0,6.871950150E0,-1.096950054E0
8.147207335E1,3.634050131E0,7.930050373E0,-2.850000262E-1
8.147451674E1,3.610050201E0,8.374950409E0,-5.560500026E-1
8.147696012E1,3.466050148E0,8.545050621E0,-1.426950097E0
8.147940374E1,3.411000252E0,8.275050163E0,-2.493000031E0
8.148184712E1,3.873000145E0,7.966050148E0,-2.895000219E0
8.148429051E1,4.702050209E0,7.663950443E0,-2.979000092E0
8.148673397E1,4.896000385E0,7.669050217E0,-2.553000212E0
8.148917735E1,4.711050034E0,7.714050293E0,-1.777050138E0
8.149162075E1,4.831050396E0,7.792950153E0,-1.320000052E0
8.149406414E1,5.281050205E0,8.041950226E0,-1.369950056E0
8.149650775E1,5.259000301E0,8.926050186E0,-2.292000055E0
8.149895121E1,3.685950279E0,8.971050262E0,-3.589950085E0
8.150139460E1,2.769000053E0,8.884950638E0,-3.381000042E0
8.150383798E1,3.255000114E0,8.410950661E0,-2.469000101E0
8.150628137E1,3.897000074E0,7.956000328E0,-2.433000088E0
8.150872498E1,3.744000196E0,7.884000301E0,-2.218050003E0
8.151116837E1,3.223950148E0,8.124000549E0,-2.028000116E0
8.151361175E1,2.407950163E0,8.446949959E0,-1.875000119E0
8.151605522E1,2.282999992E0,8.562000275E0,-1.273950100E0
8.151849860E1,2.805000067E0,8.847000122E0,-1.471050024E0
8.152094199E1,4.033950329E0,8.679000854E0,-2.422950029E0
8.152338560E1,5.194950104E0,8.128950119E0,-3.580050230E0
8.152582899E1,5.496000290E0,7.980000496E0,-4.516050339E0
8.152827245E1,5.518050194E0,8.278950691E0,-4.525950432E0
8.153071576E1,4.876049995E0,8.394000053E0,-3.427050114E0
8.153315922E1,5.643000126E0,8.425050735E0,-2.422950029E0
8.153560284E1,3.883050203E0,8.503950119E0,-2.550000191E0
8.153804622E1,3.504000187E0,8.611950874E0,-2.590950012E0
8.154048961E1,5.029950142E0,7.768950462E0,-2.191050053E0
8.154293299E1,4.948050022E0,7.338000298E0,-2.062050104E0
8.154537645E1,3.142950058E0,7.312050343E0,-2.661000013E0
8.154781984E1,3.421050072E0,7.477050304E0,-2.151000023E0
8.155026322E1,4.251000404E0,8.038050652E0,-1.387050033E0
8.155270684E1,3.789000273E0,8.188050270E0,-1.147050023E0
8.155515023E1,2.905950069E0,8.587950706E0,-1.055999994E0
8.155759361E1,2.391000032E0,9.037950516E0,-1.216950059E0
8.156003707E1,2.305050135E0,9.268050194E0,-2.055000067E0
8.156248046E1,3.751050234E0,8.935050011E0,-3.271050215E0
8.156492386E1,5.038950443E0,8.476050377E0,-3.834000111E0
8.156736725E1,5.218950272E0,8.314949989E0,-3.136950254E0
8.156981086E1,4.824000359E0,8.277000427E0,-2.353950024E0
8.157225432E1,4.599000454E0,8.677050591E0,-1.518000126E0
8.157469771E1,5.274000168E0,8.509050369E0,-1.734000087E0
8.157714109E1,5.106000423E0,7.959000587E0,-1.825050116E0
8.157958448E1,5.085000038E0,8.329950333E0,-1.024950027E0
8.158202809E1,4.749000072E0,8.260050774E0,-1.135050058E0
8.158447148E1,4.528950214E0,7.911000252E0,-1.413000107E0
8.158691486E1,4.669950008E0,8.026050568E0,-2.569950104E0
8.158935835E1,3.837000132E0,7.396050453E0,-3.004950047E0
8.159180174E1,3.258000135E0,8.053950310E0,-1.810950041E0
8.159424512E1,1.869000077E0,9.349950790E0,-4.600500166E-1
8.159668874E1,2.959050179E0,9.373950005E0,-1.540050030E0
8.159913212E1,2.065050125E0,9.603000641E0,-2.277000189E0
8.160157560E1,3.330000162E0,1.045305061E1,-2.839950085E0
8.160401899E1,3.247950077E0,1.044600010E1,-4.935000420E0
8.160646237E1,3.265050173E0,1.081005096E1,-7.023000240E0
8.160890576E1,2.446050167E0,1.082700062E1,-4.999950409E0
8.161134938E1,3.157050133E0,9.782999992E0,-9.130500555E-1
8.161379277E1,3.277050257E0,9.856950760E0,1.216950059E0
8.161623623E1,3.337050200E0,9.487950325E0,-5.149500370E-1
8.161867962E1,4.891050339E0,8.011050224E0,4.750500321E-1
8.162112300E1,5.452950478E0,7.360050201E0,-2.107050180E0
8.162356639E1,6.531000137E0,6.583950520E0,-3.016950130E0
8.162601000E1,8.178000450E0,5.902050495E0,-3.154050112E0
8.162845339E1,8.884050369E0,7.948950291E0,-3.769050121E0
8.163089677E1,8.710050583E0,7.429050446E0,-4.309950352E0
8.163334023E1,6.595050335E0,6.487950325E0,-1.116000056E0
8.163578360E1,5.725950241E0,8.643000603E0,1.660050035E0
8.163822699E1,4.789950371E0,1.055895042E1,2.527050018E0
8.164067060E1,4.383000374E0,9.189000130E0,1.696050048E0
8.164311399E1,4.443000317E0,8.855999947E0,6.105000153E-2
8.164555745E1,3.732000113E0,1.000095081E1,-6.760500073E-1
8.164800083E1,3.658050060E0,1.009905052E1,5.010000467E-1
8.165044421E1,2.977950096E0,9.522000313E0,-1.522950053E0
8.165288783E1,4.251000404E0,9.453000069E0,-5.014050007E0
8.165533121E1,4.930950165E0,7.987050533E0,-6.052950382E0
8.165777460E1,4.736999989E0,7.518000126E0,-4.240950108E0
8.166021798E1,4.405050278E0,7.843950272E0,-1.012950063E0
8.166266144E1,4.534049988E0,8.313000679E0,9.730500579E-1
8.166510482E1,4.765950203E0,8.038050652E0,-9.405000508E-2
8.166754821E1,4.543950081E0,7.602000237E0,3.600000143E-1
8.166999182E1,4.345050335E0,7.798050404E0,7.995000482E-2
8.167243521E1,3.673950195E0,8.545050621E0,-8.599500656E-1
8.167487860E1,2.968050241E0,9.496050835E0,-1.867950082E0
8.167732206E1,3.282000065E0,9.622950554E0,-3.280950069E0
8.167976544E1,4.492950439E0,9.454950333E0,-3.558000088E0
8.168220883E1,5.635050297E0,9.019050598E0,-3.949050188E0
8.168465243E1,5.623050213E0,8.657999992E0,-3.261000156E0
8.168709581E1,5.583000183E0,8.464050293E0,-2.895000219E0
8.168953927E1,5.518050194E0,8.334000587E0,-2.620050192E0
8.169198258E1,4.735050201E0,8.506950378E0,-2.431050062E0
8.169442604E1,4.512000084E0,8.287050247E0,-3.075000048E0
8.169686943E1,4.419000149E0,7.120950222E0,-2.775000095E0
8.169931304E1,4.681950092E0,6.934050560E0,-2.272950172E0
8.170175643E1,4.216050148E0,7.401000500E0,-1.405950069E0
8.170419981E1,3.339000225E0,7.753050327E0,-5.779500008E-1
8.170664327E1,3.163950205E0,8.410950661E0,-2.929500043E-1
8.170908665E1,2.731050014E0,8.952000618E0,-8.149500489E-1
8.171153004E1,2.085000038E0,9.352050781E0,-1.765050054E0
8.171397365E1,1.777950048E0,9.286950111E0,-2.686950207E0
8.171641704E1,2.488950014E0,8.952000618E0,-3.396000147E0
8.171886050E1,4.225049973E0,8.104949951E0,-3.999000072E0
8.172130388E1,5.343000412E0,7.276050568E0,-4.128000259E0
8.172374726E1,5.578050137E0,7.053000450E0,-3.724050283E0
8.172619088E1,5.230950356E0,7.297950268E0,-3.103050232E0
8.172863427E1,4.761000156E0,7.542000294E0,-2.437950134E0
8.173107765E1,4.243950367E0,7.528050423E0,-2.677050114E0
8.173352105E1,3.703050137E0,7.759950161E0,-2.989050150E0
8.173596451E1,3.514050245E0,7.615950584E0,-2.986050129E0
8.173840790E1,3.636000156E0,7.501050472E0,-3.400050163E0
8.174085128E1,3.756000280E0,7.113000393E0,-4.012950420E0
8.174329489E1,3.196050167E0,7.249950409E0,-4.237950325E0
8.174573826E1,2.278950214E0,7.462950230E0,-3.702000141E0
8.174818165E1,1.729950070E0,7.348050117E0,-2.272950172E0
8.175062511E1,1.852050066E0,7.465050220E0,-6.229500175E-1
8.175306849E1,2.251950026E0,8.028000832E0,-1.236000061E0
8.175551188E1,3.721950293E0,8.140049934E0,-2.317950010E0
8.175795547E1,5.001000404E0,7.839000225E0,-5.023950100E0
8.176039886E1,4.258950233E0,7.956000328E0,-6.499050140E0
8.176284232E1,3.640950203E0,8.302950859E0,-6.082050323E0
8.176528563E1,3.346050262E0,8.566950798E0,-4.504050255E0
8.176772908E1,2.757000208E0,8.332050323E0,-2.124000072E0
8.177017248E1,2.821950197E0,7.870050430E0,-5.299500227E-1
8.177261610E1,3.282000065E0,7.551000595E0,-1.870500147E-1
8.177505948E1,4.243950367E0,7.633050442E0,-1.071000099E0
8.177750287E1,4.788000107E0,7.168050289E0,-2.311050177E0
8.177994633E1,4.843050003E0,6.637050152E0,-2.560050011E0
8.178238968E1,4.843050003E0,7.123050213E0,-2.368050098E0
8.178483307E1,4.761000156E0,8.068950653E0,-1.939950109E0
8.178727668E1,3.652950287E0,8.430000305E0,-1.629000068E0
8.178972007E1,2.743050098E0,8.824950218E0,-1.035000086E0
8.179216343E1,2.572950125E0,9.072000504E0,-1.674000025E0
8.179460689E1,3.411000252E0,9.685050011E0,-3.216000080E0
8.179705028E1,3.330000162E0,1.006500053E1,-4.741050243E0
8.179949389E1,3.169050217E0,9.936000824E0,-5.232000351E0
8.180193728E1,2.845950127E0,1.010100079E1,-4.186050415E0
8.180438065E1,2.728950024E0,9.967050552E0,-3.453000069E0
8.180682411E1,3.691050291E0,9.622950554E0,-2.704050064E0
8.180926750E1,3.931050301E0,8.947050095E0,-2.572050095E0
8.181171088E1,4.182000160E0,8.398950577E0,-2.593050241E0
8.181415426E1,4.359000206E0,7.822050571E0,-2.622000217E0
8.181659788E1,5.170950413E0,7.453050137E0,-2.383050203E0
8.181904127E1,5.664000034E0,7.204050541E0,-2.308950186E0
8.182148465E1,5.440950394E0,7.414950371E0,-2.031000137E0
8.182392811E1,4.227000237E0,7.932000160E0,-1.863000035E0
8.182637150E1,3.382050276E0,8.445000648E0,-1.653000116E0
8.182881490E1,2.773950100E0,8.761050224E0,-1.581000090E0
8.183125851E1,2.440950155E0,9.280050278E0,-1.971000075E0
8.183370190E1,2.992050171E0,9.330000877E0,-3.127050161E0
8.183614528E1,3.946950197E0,9.232050896E0,-4.447050095E0
8.183858867E1,4.579050064E0,9.238950729E0,-4.806000233E0
8.184103213E1,3.796950102E0,9.052950859E0,-4.633050442E0
8.184347575E1,3.289050102E0,9.393000603E0,-4.303050041E0
8.184591914E1,3.949950218E0,9.298950195E0,-3.915000200E0
8.184836252E1,2.434050083E0,8.398950577E0,-5.581950188E0
8.185080590E1,4.735050201E0,8.152050018E0,-2.479050159E0
8.185324937E1,3.928050280E0,7.342950344E0,-2.998050213E0
8.185569275E1,4.423950195E0,6.984000206E0,-2.064000130E0
8.185813614E1,5.116050243E0,6.505050182E0,-1.369500011E-1
8.186057975E1,4.394999981E0,6.742050171E0,-1.576050043E0
8.186302314E1,5.226000309E0,7.417050362E0,-5.010000467E-1
8.186546652E1,4.150950432E0,7.896000385E0,-1.995000124E0
8.186790998E1,2.683050156E0,8.952000618E0,-3.997050285E0
8.187035336E1,2.877000093E0,8.719950676E0,-2.686950207E0
8.187279698E1,1.930950046E0,9.373950005E0,-4.447050095E0
8.187524013E1,2.607000113E0,9.349950790E0,-4.207050323E0
8.187768374E1,2.944050074E0,8.878050804E0,-2.452050209E0
8.188012721E1,3.622050285E0,8.746050835E0,-4.036950111E0
8.188257059E1,3.739050150E0,8.485050201E0,-2.911950111E0
8.188501398E1,3.772950172E0,8.008950233E0,-3.319050074E0
8.188745736E1,4.345050335E0,8.406000137E0,-4.341000080E0
8.188990098E1,3.799050093E0,7.915050507E0,-4.435050011E0
8.189234436E1,3.334050179E0,7.768950462E0,-3.127050161E0
8.189478775E1,3.748950243E0,7.336050510E0,-1.621050119E0
8.189723121E1,4.495950222E0,6.934050560E0,-1.225950003E0
8.189967459E1,5.386050224E0,6.667950153E0,-1.696050048E0
8.190211798E1,5.154000282E0,7.000950336E0,-2.325000048E0
8.190456159E1,3.679050207E0,7.858050346E0,-3.151050091E0
8.190700498E1,2.125050068E0,8.394000053E0,-2.308950186E0
8.190944836E1,1.522050023E0,8.818050385E0,-1.590000033E0
8.191189175E1,2.074949980E0,9.184050560E0,-1.930050135E0
8.191433521E1,3.139950037E0,9.213000298E0,-3.565950155E0
8.191677882E1,3.435000181E0,8.775000572E0,-4.899000168E0
8.191922198E1,4.002000332E0,8.325000763E0,-5.716050148E0
8.192166559E1,3.684000254E0,8.578950882E0,-5.127000332E0
8.192410896E1,3.235950232E0,8.950050354E0,-3.979950190E0
8.192655242E1,3.076050043E0,8.932950020E0,-3.144000053E0
8.192899581E1,3.744000196E0,8.554950714E0,-2.775000095E0
8.193143919E1,3.729000092E0,7.834050179E0,-2.863950253E0
8.193388281E1,4.126950264E0,7.135050297E0,-3.091950178E0
8.193632620E1,5.082000256E0,6.766050339E0,-2.895000219E0
8.193876958E1,5.149050236E0,6.634050369E0,-2.662950039E0
8.194121304E1,3.937950134E0,7.413000584E0,-1.617000103E0
8.194365643E1,3.445050240E0,8.196000099E0,-9.750000238E-1
8.194610004E1,3.058950186E0,8.586000443E0,-2.467050076E0
8.194854320E1,2.295000076E0,9.436050415E0,-3.811950207E0
8.195098681E1,1.672950029E0,9.373950005E0,-4.485000134E0
8.195343028E1,1.645950079E0,9.440999985E0,-4.480050087E0
8.195587366E1,2.389050007E0,9.028950691E0,-4.155000210E0
8.195831705E1,3.388950109E0,8.800950050E0,-3.618000269E0
8.196076064E1,3.643050194E0,9.043050766E0,-2.799000025E0
8.196320403E1,3.351000071E0,8.866050720E0,-2.557950020E0
8.196564742E1,3.733950138E0,8.799000740E0,-3.163050175E0
8.196809080E1,3.873000145E0,8.581050873E0,-3.906000137E0
8.197053426E1,3.504000187E0,8.173950195E0,-4.018050194E0
8.197297766E1,3.499950171E0,7.482000351E0,-2.926050186E0
8.197542105E1,3.976050138E0,7.051050186E0,-1.744050026E0
8.197786466E1,5.245050430E0,6.759000301E0,-1.729050040E0
8.198030805E1,5.511000156E0,6.979050159E0,-2.134050131E0
8.198275143E1,4.085999966E0,7.575000286E0,-2.683950186E0
8.198519481E1,2.472000122E0,8.215050697E0,-2.790000200E0
8.198763827E1,1.450050116E0,8.855999947E0,-2.095050097E0
8.199008189E1,1.503000021E0,9.036000252E0,-2.293950081E0
8.199252504E1,2.535000086E0,8.884950638E0,-3.123000145E0
8.199496865E1,3.622050285E0,8.653050423E0,-4.114050388E0
8.199741206E1,3.940050125E0,8.566950798E0,-4.867950439E0
8.199985551E1,4.041000366E0,8.775000572E0,-4.705049992E0
8.200229890E1,3.832050085E0,9.205950737E0,-4.030050278E0
8.200474228E1,3.265050173E0,9.340050697E0,-3.120000124E0
8.200718590E1,3.490050077E0,9.084000587E0,-2.637000084E0
8.200962929E1,3.921000242E0,8.370000839E0,-2.977050066E0
8.201207268E1,4.396950245E0,7.483950138E0,-3.381000042E0
8.201451614E1,5.082000256E0,6.961950302E0,-3.187050104E0
8.201695952E1,5.322000027E0,6.702000141E0,-2.610000134E0
8.201940291E1,4.207950115E0,7.159050465E0,-1.381950021E0
8.202184651E1,3.028050184E0,8.008950233E0,-4.870500267E-1
8.202428990E1,2.968050241E0,9.037950516E0,-7.470000386E-1
8.202673336E1,2.551050186E0,9.718050003E0,-2.584050179E0
8.202917675E1,1.852050066E0,1.010400009E1,-4.059000015E0
8.203162013E1,1.407000065E0,9.898050308E0,-4.621050358E0
8.203406375E1,1.857000113E0,9.571950912E0,-3.973050117E0
8.203650713E1,3.126000166E0,9.100950241E0,-3.633000135E0
8.203895052E1,3.631050110E0,8.848950386E0,-3.087000132E0
8.204139390E1,3.805950165E0,8.794050217E0,-2.337000132E0
8.204383736E1,3.688950062E0,8.752950668E0,-2.743950129E0
8.204628075E1,3.901950121E0,8.955000877E0,-2.959950209E0
8.204872413E1,3.703050137E0,8.638050079E0,-3.649050236E0
8.205116774E1,3.142950058E0,8.155050278E0,-3.238050222E0
8.205361113E1,3.337050200E0,7.690050602E0,-2.220000029E0
8.205605452E1,4.096050262E0,7.204050541E0,-1.954050064E0
8.205849798E1,5.041950226E0,6.747000217E0,-1.882050037E0
8.206094136E1,4.773000240E0,7.075050354E0,-2.095050097E0
8.206338498E1,3.484950066E0,7.888950348E0,-2.380050182E0
8.206582813E1,2.061000109E0,8.536050797E0,-2.553000212E0
8.206827174E1,1.110000014E0,8.863950729E0,-2.304000139E0
8.207071513E1,1.057050109E0,8.860950470E0,-2.574000120E0
8.207315859E1,1.945950150E0,8.631000519E0,-3.313950062E0
8.207560198E1,3.547950268E0,8.406000137E0,-4.321950436E0
8.207804536E1,4.243950367E0,8.124000549E0,-4.885050297E0
8.208048898E1,3.849000216E0,8.566950798E0,-4.558950424E0
8.208293236E1,3.547950268E0,9.073950768E0,-3.949050188E0
8.208537575E1,3.354000092E0,9.184050560E0,-3.223050117E0
8.208781921E1,3.349050045E0,8.797050476E0,-3.051000118E0
8.209026259E1,3.487950087E0,8.149950027E0,-3.261000156E0
8.209270599E1,3.885000229E0,7.408050537E0,-3.067950249E0
8.209514960E1,4.414050102E0,6.748950481E0,-2.791950226E0
8.209759299E1,4.945950031E0,6.579000473E0,-2.011950016E0
8.210003645E1,4.366050243E0,6.915000439E0,-1.284000039E0
8.210247976E1,3.090000153E0,7.996950150E0,-6.829500198E-1
8.210492324E1,2.503950119E0,9.151050568E0,-9.510000348E-1
8.210736662E1,2.013000011E0,9.634950638E0,-2.445000172E0
8.210981024E1,1.575000048E0,1.001805019E1,-4.072950363E0
8.211225362E1,1.225050092E0,9.859950066E0,-4.629000187E0
8.211469701E1,1.350000024E0,9.721050262E0,-4.219050407E0
8.211714047E1,2.572950125E0,9.283050537E0,-3.778950214E0
8.211958385E1,3.370050192E0,9.216000557E0,-3.022050142E0
8.212202724E1,3.694050074E0,9.164999962E0,-2.530950069E0
8.212447085E1,3.439950228E0,9.120000839E0,-2.754000187E0
8.212691424E1,3.696000099E0,9.127050400E0,-3.012000084E0
8.212935762E1,3.885000229E0,8.563950539E0,-3.613050222E0
8.213180108E1,3.460950136E0,8.251049995E0,-3.484050274E0
8.213424446E1,3.604950190E0,7.678050518E0,-2.491050005E0
8.213668785E1,4.242000103E0,7.252050400E0,-1.984950066E0
8.213913123E1,4.900050163E0,6.895050526E0,-1.684050083E0
8.214157485E1,4.560000420E0,7.069950104E0,-1.738950133E0
8.214401823E1,3.507000208E0,7.906050205E0,-2.098050117E0
8.214646162E1,2.062950134E0,8.590950012E0,-2.316000223E0
8.214890508E1,1.029000044E0,8.980950356E0,-1.990050077E0
8.215134870E1,1.081050038E0,9.217950821E0,-2.557950020E0
8.215379208E1,1.909950137E0,9.211050034E0,-3.703950167E0
8.215623547E1,3.544950247E0,8.872950554E0,-4.948950291E0
8.215867885E1,4.483950138E0,8.502000809E0,-5.389950275E0
8.216112231E1,4.285050392E0,8.799000740E0,-4.834950447E0
8.216356568E1,3.580950260E0,9.268050194E0,-4.303050041E0
8.216600907E1,3.480000257E0,9.133950233E0,-3.220950127E0
8.216845268E1,3.799050093E0,8.854050636E0,-2.967000246E0
8.217089607E1,3.685950279E0,8.334000587E0,-3.211050034E0
8.217333953E1,3.916050196E0,7.510950565E0,-2.821050167E0
8.217578292E1,4.672950268E0,6.856950283E0,-2.673000097E0
8.217822631E1,5.061000347E0,6.667950153E0,-2.095050097E0
8.218066969E1,3.796950102E0,7.288050175E0,-1.348050117E0
8.218311330E1,2.929950237E0,8.530950546E0,-1.042050004E0
8.218555669E1,2.274000168E0,9.273000717E0,-1.495050073E0
8.218800016E1,1.480950117E0,9.951000214E0,-2.589000225E0
8.219044355E1,1.126950026E0,1.017600060E1,-3.277950048E0
8.219288693E1,1.251000047E0,1.007505035E1,-4.012950420E0
8.219533032E1,1.876050115E0,9.814050674E0,-4.375050068E0
8.219777393E1,2.937000036E0,9.520050049E0,-4.200000286E0
8.220021733E1,3.868050098E0,9.289950371E0,-3.598950148E0
8.220266071E1,3.658050060E0,9.247050285E0,-3.312000275E0
8.220510417E1,3.442050219E0,9.337950706E0,-2.716050148E0
8.220754756E1,3.772950172E0,8.989950180E0,-2.740050077E0
8.220999094E1,3.799050093E0,8.466000557E0,-3.111000061E0
8.221243454E1,3.909000158E0,8.032950401E0,-3.096000195E0
8.221487793E1,4.024050236E0,7.504050255E0,-2.503050089E0
8.221732131E1,4.591050148E0,7.006050110E0,-2.337000132E0
8.221976470E1,4.558050156E0,6.910050392E0,-1.984950066E0
8.222220816E1,4.177050114E0,7.437000275E0,-1.911000133E0
8.222465153E1,2.824050188E0,8.305950165E0,-2.232000113E0
8.222709514E1,1.531950116E0,9.019050598E0,-1.830000043E0
8.222953853E1,1.030950069E0,9.187050819E0,-2.064000130E0
8.223198191E1,1.576950073E0,9.229950905E0,-3.111000061E0
8.223442537E1,3.250950098E0,8.848950386E0,-4.710000038E0
8.223686876E1,4.194000244E0,8.502000809E0,-5.352000237E0
8.223931214E1,4.394999981E0,8.437050819E0,-4.753050327E0
8.224175576E1,4.237050056E0,8.832000732E0,-3.891000271E0
8.224419915E1,3.781950235E0,9.096000671E0,-3.124950171E0
8.224664253E1,3.579000235E0,8.964000702E0,-2.815950155E0
8.224908599E1,3.828000069E0,8.542950630E0,-3.280950069E0
8.225152938E1,4.113000393E0,7.840950489E0,-3.372000217E0
8.225397277E1,4.624950409E0,7.089000225E0,-2.932950258E0
8.225641638E1,4.849950314E0,6.687000275E0,-2.035950184E0
8.225885977E1,4.503000259E0,6.883050442E0,-1.288950086E0
8.226130324E1,3.411000252E0,7.510950565E0,-8.650500178E-1
8.226374663E1,2.817000151E0,8.566950798E0,-5.700000525E-1
8.226619002E1,2.227950096E0,9.289950371E0,-1.762950063E0
8.226863340E1,1.729950070E0,1.002495003E1,-3.160950184E0
8.227107703E1,1.546050072E0,9.898050308E0,-4.179000378E0
8.227352041E1,1.852050066E0,9.583950043E0,-4.131000042E0
8.227596380E1,3.214950085E0,9.097949982E0,-3.739950180E0
8.227840726E1,3.922950268E0,8.758049965E0,-3.046050072E0
8.228085064E1,4.345050335E0,8.815950394E0,-2.407050133E0
8.228329402E1,4.270950317E0,8.761050224E0,-2.421000004E0
8.228573763E1,4.375950336E0,8.890050888E0,-2.661000013E0
8.228818102E1,4.615050316E0,8.502000809E0,-3.205950260E0
8.229062440E1,4.098000050E0,8.398950577E0,-3.606000185E0
8.229306778E1,3.813000202E0,7.585050583E0,-2.931000233E0
8.229551123E1,4.137000084E0,7.009950161E0,-2.016000032E0
8.229795462E1,5.110950470E0,6.651000500E0,-1.513950109E0
8.230039823E1,5.200050354E0,6.642000198E0,-1.309950113E0
8.230284162E1,4.386000156E0,7.336050510E0,-1.581000090E0
8.230528508E1,2.929950237E0,8.167050362E0,-2.220000029E0
8.230772846E1,1.797000051E0,8.887950897E0,-2.148000002E0
8.231017185E1,1.366050124E0,9.091050148E0,-2.323050022E0
8.231261523E1,1.906950116E0,8.842050552E0,-2.692050219E0
8.231505885E1,3.720000267E0,8.401050568E0,-3.634950161E0
8.231750223E1,4.681950092E0,8.101950645E0,-4.030050278E0
8.231994562E1,5.110950470E0,7.987050533E0,-3.769050121E0
8.232238908E1,4.881000042E0,8.416049957E0,-3.544050217E0
8.232483246E1,4.038000107E0,9.046050072E0,-2.875950098E0
8.232727585E1,3.729000092E0,8.935050011E0,-2.368050098E0
8.232971946E1,4.165050030E0,8.229000092E0,-2.649000168E0
8.233216285E1,4.764000416E0,7.504050255E0,-2.950050116E0
8.233460631E1,5.271000385E0,6.769050121E0,-3.022050142E0
8.233704969E1,5.335950375E0,6.306000233E0,-2.131050110E0
8.233949308E1,4.855050087E0,6.390000343E0,-1.240950108E0
8.234193646E1,3.631050110E0,7.156050205E0,-5.680500269E-1
8.234438008E1,3.076050043E0,8.310000420E0,4.605000094E-2
8.234682346E1,2.731050014E0,9.028950691E0,-1.471050024E0
8.234926685E1,2.121000051E0,9.838050842E0,-3.022050142E0
8.235171031E1,1.612950087E0,9.606000900E0,-4.192950249E0
8.235415369E1,1.918950081E0,9.378000259E0,-4.387050152E0
8.235659710E1,3.411000252E0,8.932950020E0,-3.937050104E0
8.235904071E1,4.435950279E0,8.482950211E0,-3.115050077E0
8.236148410E1,4.900050163E0,8.338950157E0,-2.494950056E0
8.236392748E1,4.687050343E0,8.380050659E0,-2.349000216E0
8.236637094E1,4.564949989E0,8.734050751E0,-2.658000231E0
8.236881433E1,4.942950249E0,8.346000671E0,-3.348000050E0
8.237125771E1,4.459950447E0,8.242950439E0,-3.970050097E0
8.237370132E1,4.012050152E0,7.519950390E0,-2.887950182E0
8.237614471E1,4.519950390E0,6.922050476E0,-1.782000065E0
8.237858817E1,5.496000290E0,6.594000340E0,-1.437000036E0
8.238103153E1,5.571000099E0,6.742050171E0,-1.372050047E0
8.238347491E1,4.492950439E0,7.540050507E0,-2.019000053E0
8.238591830E1,2.950950146E0,8.368050575E0,-2.503050089E0
8.238836191E1,1.773000121E0,8.908950806E0,-2.344050169E0
8.239080530E1,1.426050067E0,9.163050652E0,-2.550000191E0
8.239324867E1,2.191950083E0,9.048000336E0,-2.883000135E0
8.239569213E1,4.078950405E0,8.740950584E0,-3.943950176E0
8.239813552E1,4.600950241E0,8.539950371E0,-4.380000114E0
8.240057890E1,4.620000362E0,8.385000229E0,-4.297950268E0
8.240302251E1,4.639050007E0,8.832000732E0,-3.961050272E0
8.240546592E1,4.180050373E0,9.328050613E0,-3.493950129E0
8.240790930E1,3.910950184E0,9.117000580E0,-3.208950043E0
8.241035276E1,4.347000122E0,8.348999977E0,-3.364050150E0
8.241279615E1,4.849950314E0,7.528050423E0,-3.751950264E0
8.241523954E1,5.128050327E0,6.928950310E0,-3.405000210E0
8.241768316E1,4.945950031E0,6.828000546E0,-2.412000179E0
8.242012655E1,4.576950073E0,6.804000378E0,-1.123050094E0
8.242256994E1,4.363950253E0,7.314000130E0,-2.569500208E-1
8.242501339E1,3.816000223E0,8.338950157E0,-6.300000101E-2
8.242745678E1,3.042000055E0,9.205950737E0,-1.344000101E0
8.242990017E1,2.121000051E0,9.868950844E0,-3.088950157E0
8.243234378E1,1.462050080E0,9.675000191E0,-4.051949978E0
8.243478717E1,1.417050123E0,9.577050209E0,-4.300950050E0
8.243723055E1,2.809950113E0,8.890050888E0,-4.672049999E0
8.243967401E1,4.062000275E0,8.527950287E0,-4.059000015E0
8.244211739E1,4.291950226E0,8.763000488E0,-3.345000267E0
8.244456078E1,4.153050423E0,8.646000862E0,-2.517000198E0
8.244700416E1,4.558050156E0,8.827950478E0,-2.524050236E0
8.244944777E1,4.831050396E0,8.485050201E0,-3.300000191E0
8.245189116E1,4.736999989E0,7.872000217E0,-3.534000158E0
8.245433462E1,4.033950329E0,7.494000435E0,-3.534000158E0
8.245677801E1,3.538050175E0,7.204050541E0,-2.701050043E0
8.245922162E1,4.753950119E0,6.690000534E0,-1.641000032E0
8.246166501E1,4.915050030E0,6.651000500E0,-1.405950069E0
8.246410839E1,4.729950428E0,7.087050438E0,-8.029500246E-1
8.246655178E1,3.447000265E0,7.789050579E0,-1.123050094E0
8.246899524E1,2.257050037E0,8.545050621E0,-1.648050070E0
8.247143862E1,1.666050076E0,9.025950432E0,-2.163000107E0
8.247388201E1,1.441050053E0,9.193950653E0,-3.142050266E0
8.247632562E1,2.307000160E0,8.808000565E0,-4.837050438E0
8.247876901E1,4.000050068E0,8.334000587E0,-5.485950470E0
8.248121239E1,4.335000038E0,8.386950493E0,-4.995000362E0
8.248365585E1,4.002000332E0,8.788949966E0,-3.610950232E0
8.248609924E1,3.624000072E0,9.172050476E0,-2.512050152E0
8.248854263E1,3.706050158E0,8.859000206E0,-2.716050148E0
8.249098601E1,4.302000046E0,8.348999977E0,-3.292950153E0
8.249342962E1,4.407000065E0,7.699950218E0,-3.889050245E0
8.249587309E1,4.426050186E0,7.125000477E0,-3.678000212E0
8.249831647E1,4.443000317E0,7.159050465E0,-3.027000189E0
8.250075986E1,4.486050129E0,6.984000206E0,-1.152000070E0
8.250320325E1,3.492000103E0,7.647000313E0,-5.659500360E-1
8.250564686E1,2.599050045E0,8.931000710E0,3.030000031E-1
8.250809025E1,2.395950079E0,9.216000557E0,-1.609050035E0
8.251053363E1,2.166000128E0,9.814050674E0,-3.364050150E0
8.251297709E1,1.819050074E0,9.748950005E0,-4.168950081E0
8.251542048E1,1.603050113E0,9.748950005E0,-4.770000458E0
8.251786386E1,2.176050186E0,9.390000343E0,-4.657050133E0
8.252030748E1,3.400950193E0,8.761050224E0,-3.895950079E0
8.252275086E1,3.793950081E0,8.749050140E0,-2.749050140E0
8.252519425E1,3.610050201E0,8.731950760E0,-2.152950048E0
8.252763771E1,4.108050346E0,8.848950386E0,-2.407050133E0
8.253008110E1,4.915050030E0,8.683950424E0,-3.445950270E0
8.253252471E1,4.680000305E0,8.064000130E0,-3.385950089E0
8.253496810E1,3.871050119E0,7.879950523E0,-2.602950096E0
8.253741149E1,3.409050226E0,7.815000534E0,-2.586000204E0
8.253985488E1,4.361999989E0,7.111050129E0,-1.552050114E0
8.254229834E1,4.768950462E0,7.140000343E0,-1.690950036E0
8.254474172E1,3.808050156E0,7.120950222E0,-1.585050106E0
8.254718511E1,2.812050104E0,7.848000526E0,-1.164000034E0
8.254962870E1,2.022000074E0,8.317950249E0,-1.456050038E0
8.255207209E1,1.852050066E0,8.686050415E0,-1.468050122E0
8.255451547E1,2.640000105E0,8.647950172E0,-2.719950199E0
8.255695893E1,4.323000431E0,8.513999939E0,-4.401000023E0
8.255940232E1,4.849950314E0,8.503950119E0,-5.479050159E0
8.256184570E1,4.315950394E0,8.920950890E0,-5.224950314E0
8.256428909E1,4.165050030E0,9.108000755E0,-4.084949970E0
8.256673270E1,3.664950132E0,9.172050476E0,-2.560050011E0
8.256917609E1,3.889950275E0,8.718000412E0,-1.846050143E0
8.257161955E1,4.579050064E0,8.209950447E0,-2.020950079E0
8.257406294E1,4.924050331E0,7.489050388E0,-2.299050093E0
8.257650632E1,5.146950245E0,7.048950195E0,-3.336000204E0
8.257894994E1,4.486050129E0,7.024950504E0,-2.469000101E0
8.258139332E1,4.555950165E0,7.042050362E0,-7.549500465E-1
8.258383671E1,4.443000317E0,8.011050224E0,-7.759500146E-1
8.258628017E1,3.294000149E0,8.690999985E0,-5.610000491E-1
8.258872356E1,2.428950071E0,9.226950645E0,-9.679500461E-1
8.259116694E1,1.765950084E0,9.651000023E0,-1.540050030E0
8.259361055E1,1.699050069E0,9.903000832E0,-2.779950142E0
8.259605395E1,2.520000219E0,9.642000198E0,-4.167000294E0
8.259849733E1,3.349050045E0,9.711000443E0,-4.818000317E0
8.260094072E1,3.727050066E0,9.678000450E0,-4.614000320E0
8.260338418E1,3.775050163E0,9.577050209E0,-3.706950188E0
8.260582779E1,3.751050234E0,9.322950363E0,-2.622000217E0
8.260827118E1,4.126950264E0,8.880000114E0,-2.344050169E0
8.261071457E1,4.333050251E0,8.184000015E0,-2.574000120E0
8.261315795E1,4.414050102E0,7.501050472E0,-2.668050051E0
8.261560141E1,4.444950104E0,7.093950272E0,-2.160000086E0
8.261804480E1,4.486050129E0,6.850050449E0,-1.357950091E0
8.262048818E1,5.110950470E0,6.586950302E0,-1.030050039E0
8.262293179E1,5.070000172E0,6.523950100E0,-1.051950097E0
8.262537518E1,4.359000206E0,7.243050575E0,-9.850500226E-1
8.262781856E1,2.977950096E0,8.350950241E0,-1.408050060E0
8.263026202E1,2.041949987E0,8.995050430E0,-1.921050072E0
8.263270541E1,1.864050031E0,9.586950302E0,-3.271050215E0
8.263514880E1,2.652000189E0,9.390000343E0,-4.714950085E0
8.263759218E1,3.775050163E0,9.217950821E0,-5.704050064E0
8.264003579E1,4.005000114E0,9.109950066E0,-5.797050476E0
8.264247918E1,3.715050220E0,9.440999985E0,-4.297950268E0
8.264492262E1,3.445050240E0,9.373950005E0,-2.553000212E0
8.264736601E1,3.756000280E0,8.811000824E0,-2.497950077E0
8.264980939E1,4.303950310E0,7.951050282E0,-2.989050150E0
8.265225278E1,4.687050343E0,7.246950150E0,-3.433950186E0
8.265469639E1,4.381050110E0,6.864000320E0,-2.959950209E0
8.265713976E1,4.113000393E0,7.063050270E0,-2.100000143E0
8.265958322E1,3.933000088E0,6.943050385E0,-1.498950124E0
8.266202661E1,3.661950111E0,7.210950375E0,-5.680500269E-1
8.266446999E1,3.799050093E0,8.593050003E0,-2.040000111E-1
8.266691361E1,3.391950130E0,9.358950615E0,-8.940000534E-1
8.266935701E1,2.893950224E0,9.567000389E0,-2.083950043E0
8.267180039E1,2.130000114E0,1.003395081E1,-2.977050066E0
8.267424378E1,1.536000013E0,1.038600063E1,-4.048950195E0
8.267668724E1,1.785000086E0,9.478950500E0,-5.305950165E0
8.267913062E1,3.196050167E0,9.040950775E0,-5.323050022E0
8.268157423E1,4.033950329E0,8.728950500E0,-4.441950321E0
8.268401762E1,4.012050152E0,8.539950371E0,-3.048000097E0
8.268646100E1,4.363950253E0,8.653050423E0,-2.239050150E0
8.268890446E1,4.729950428E0,8.530950546E0,-2.601000071E0
8.269134784E1,4.515000343E0,8.348999977E0,-3.546000242E0
8.269379123E1,3.148050070E0,7.947000504E0,-3.036000252E0
8.269623484E1,3.163950205E0,7.650000572E0,-2.131050110E0
8.269867823E1,3.592950106E0,7.089000225E0,-2.602950096E0
8.270112161E1,3.889950275E0,6.337950230E0,-2.608050108E0
8.270356508E1,3.610050201E0,6.823950291E0,-1.080000043E0
8.270600846E1,2.644950151E0,7.555950165E0,-4.309500158E-1
8.270845185E1,2.326050043E0,8.409000397E0,-2.610000074E-1
8.271089546E1,2.677950144E0,8.397000313E0,-1.111050010E0
8.271333885E1,3.595050097E0,8.904000282E0,-2.572050095E0
8.271578223E1,4.736999989E0,8.773050308E0,-4.768050194E0
8.271822561E1,4.888050079E0,8.551950455E0,-7.006050110E0
8.272066907E1,4.291950226E0,8.779950142E0,-6.898050308E0
8.272311246E1,3.436950207E0,8.797050476E0,-5.287050247E0
8.272555584E1,3.775050163E0,8.698050499E0,-3.214050055E0
8.272799944E1,4.005000114E0,8.442000389E0,-1.906050086E0
8.273044283E1,3.715050220E0,8.542950630E0,-1.705050111E0
8.273288629E1,3.543000221E0,7.651950359E0,-1.969050050E0
8.273532968E1,3.825000286E0,6.948000431E0,-2.586000204E0
8.273777306E1,3.765000105E0,7.065000534E0,-2.766000032E0
8.274021667E1,3.907050133E0,7.579950333E0,-2.530950069E0
8.274266006E1,3.672000170E0,8.089950562E0,-1.735950112E0
8.274510344E1,2.662050009E0,8.452050209E0,-8.410500288E-1
8.274754683E1,2.044049978E0,9.096000671E0,-2.490000129E-1
8.274999029E1,1.912050128E0,9.915000916E0,-6.829500198E-1
8.275243369E1,2.470050097E0,1.002195072E1,-2.847000122E0
8.275487730E1,2.985000134E0,9.997950554E0,-4.741050243E0
8.275732069E1,3.258000135E0,1.005105019E1,-5.602950096E0
8.275976415E1,3.451950073E0,9.723000526E0,-5.313000202E0
8.276220746E1,3.322050095E0,9.028950691E0,-4.528050423E0
8.276465093E1,3.538050175E0,8.614950180E0,-3.565950155E0
8.276709431E1,3.796950102E0,8.293950081E0,-2.859000206E0
8.276953793E1,3.655050278E0,7.702050209E0,-2.481000185E0
8.277198131E1,3.852000237E0,7.489050388E0,-1.699950099E0
8.277442470E1,4.177050114E0,7.258950233E0,-2.524050236E0
8.277686816E1,4.627050400E0,7.117950439E0,-1.552050114E0
8.277931155E1,4.716000080E0,6.751950264E0,-9.370500445E-1
8.278175494E1,4.089000225E0,6.838050365E0,-1.356000066E0
8.278419832E1,3.081000090E0,7.456050396E0,-9.490500689E-1
8.278664193E1,2.500950098E0,8.193000793E0,-1.212000012E0
8.278908529E1,2.757000208E0,8.926050186E0,-2.388000011E0
8.279152867E1,3.283950090E0,9.097949982E0,-4.315050125E0
8.279397213E1,3.976050138E0,9.000000000E0,-6.144000053E0
8.279641552E1,4.048050404E0,9.382950783E0,-6.745050430E0
8.279885890E1,3.069000244E0,9.747000694E0,-6.064950466E0
8.280130252E1,3.030000210E0,9.381000519E0,-4.152000427E0
8.280374590E1,3.459000111E0,8.815950394E0,-2.665050030E0
8.280618936E1,3.610050201E0,8.185950279E0,-2.197950125E0
8.280863275E1,3.816000223E0,7.350000381E0,-1.681050062E0
8.281107614E1,4.611000061E0,6.532050133E0,-1.573950052E0
8.281351975E1,5.032050133E0,6.675000191E0,-2.590950012E0
8.281596314E1,4.575000286E0,6.852000237E0,-1.630950093E0
8.281840652E1,4.206000328E0,7.429050446E0,-5.509500504E-1
8.282084998E1,4.018949986E0,8.092950821E0,-1.108950019E0
8.282329338E1,3.652950287E0,8.610000610E0,-1.207050085E0
8.282573677E1,2.965950251E0,9.397050858E0,-1.516050100E0
8.282818038E1,2.113049984E0,9.979050636E0,-2.914050102E0
8.283062377E1,1.773000121E0,1.005405045E1,-4.735949993E0
8.283306723E1,1.885950089E0,9.742050171E0,-5.596050262E0
8.283551054E1,2.695050240E0,9.895050049E0,-5.059950352E0
8.283795400E1,3.214950085E0,9.567000389E0,-3.490950108E0
8.284039738E1,3.378000259E0,9.010050774E0,-2.007000208E0
8.284284100E1,3.976050138E0,8.848950386E0,-1.897050142E0
8.284528438E1,4.150950432E0,8.308050156E0,-2.524050236E0
8.284772775E1,4.290000439E0,8.071050644E0,-2.581950188E0
8.285017121E1,4.189050198E0,7.495950222E0,-2.662950039E0
8.285261460E1,4.736999989E0,7.231050491E0,-2.586000204E0
8.285505798E1,5.041950226E0,7.060950279E0,-2.550000191E0
8.285750137E1,4.206000328E0,6.646050453E0,-1.903950095E0
8.285994498E1,3.400950193E0,7.309950352E0,-1.044000030E0
8.286238837E1,2.644950151E0,7.858050346E0,-6.229500175E-1
8.286483175E1,2.311950207E0,8.308050156E0,-3.690000176E-1
8.286727521E1,2.652000189E0,8.830050468E0,-1.405950069E0
8.286971860E1,4.093050003E0,9.211050034E0,-3.718950272E0
8.287216198E1,4.606050014E0,9.414000511E0,-6.511050224E0
8.287460560E1,3.217050076E0,9.748950005E0,-7.801050186E0
8.287704898E1,2.872050047E0,9.349950790E0,-6.561000347E0
8.287949237E1,3.411000252E0,8.694000244E0,-3.907950163E0
8.288193583E1,3.756000280E0,8.193000793E0,-1.879950047E0
8.288437921E1,4.060050011E0,7.659000397E0,-1.416000009E0
8.288682283E1,4.681950092E0,6.595950127E0,-1.257000089E0
8.288926621E1,5.155950069E0,6.378000259E0,-1.159050107E0
8.289170959E1,5.458050251E0,6.790050507E0,-1.131000042E0
8.289415305E1,6.076050282E0,6.976950169E0,-1.801050067E0
8.289659644E1,4.972050190E0,7.425000191E0,-2.020950079E0
8.289903982E1,3.555000067E0,8.422950745E0,-1.629000068E0
8.290148321E1,2.449050188E0,9.328050613E0,-1.533000112E0
8.290392684E1,1.945950150E0,1.012995052E1,-2.734950066E0
8.290637023E1,2.178000212E0,1.011300087E1,-4.255050182E0
8.290881361E1,2.536950111E0,1.033395004E1,-5.251050472E0
8.291125707E1,2.131950140E0,1.071705055E1,-5.251050472E0
8.291370046E1,2.464950085E0,1.010895061E1,-3.939000130E0
8.291614408E1,3.282000065E0,9.382950783E0,-2.622000217E0
8.291858746E1,3.415950060E0,8.739000320E0,-2.433000088E0
8.292103085E1,3.670050144E0,7.981950283E0,-1.978050113E0
8.292347431E1,4.515000343E0,7.257000446E0,-2.268000126E0
8.292591769E1,5.461050034E0,6.900000095E0,-2.509950161E0
8.292836108E1,5.451000214E0,6.796950340E0,-2.038050175E0
8.293080469E1,5.044050217E0,6.967050552E0,-7.999500632E-1
8.293324808E1,4.465050220E0,7.129950523E0,-3.360000253E-1
8.293569146E1,3.892050266E0,7.374000549E0,-2.779500186E-1
8.293813485E1,3.741000175E0,7.867950439E0,-6.709500551E-1
8.294057829E1,3.600000143E0,8.524050713E0,-1.537950039E0
8.294302168E1,3.756000280E0,9.304050446E0,-3.592050076E0
8.294546506E1,4.222949982E0,9.685050011E0,-6.775950432E0
8.294790868E1,3.744000196E0,9.892950058E0,-8.203050613E0
8.295035206E1,3.010950089E0,9.646050453E0,-6.666000366E0
8.295279545E1,3.052050114E0,9.046050072E0,-4.051949978E0
8.295523891E1,3.655050278E0,8.502000809E0,-1.903950095E0
8.295768230E1,4.134000301E0,7.744950294E0,-1.392000079E0
8.296012591E1,4.354050159E0,6.691950321E0,-1.072950006E0
8.296256906E1,4.702050209E0,6.325950146E0,-9.319500327E-1
8.296501269E1,4.936050415E0,6.499950409E0,-1.231050014E0
8.296745607E1,5.347950459E0,6.907050133E0,-1.147050023E0
8.296989953E1,5.293050289E0,7.441050529E0,-9.649500251E-1
8.297234292E1,4.374000072E0,7.738050461E0,-3.310500085E-1
8.297478630E1,3.571050167E0,8.197950363E0,-5.389500260E-1
8.297722992E1,3.097050190E0,8.995050430E0,-1.722000122E0
8.297967330E1,2.889000177E0,9.448050499E0,-3.124950171E0
8.298211669E1,2.872050047E0,9.816000938E0,-4.711950302E0
8.298456015E1,2.740950108E0,9.951000214E0,-5.911950111E0
8.298700354E1,2.341050148E0,9.939000130E0,-5.440050125E0
8.298944715E1,2.845950127E0,9.493050575E0,-3.412050247E0
8.299189054E1,3.196050167E0,8.855999947E0,-2.026050091E0
8.299433392E1,3.334050179E0,8.310000420E0,-1.954050064E0
8.299677738E1,3.676950216E0,7.930050373E0,-2.086050034E0
8.299922076E1,4.584000111E0,7.306950569E0,-2.208000183E0
8.300166414E1,5.281050205E0,6.637050152E0,-2.361000061E0
8.300410776E1,5.422050476E0,6.763950348E0,-1.624050021E0
8.300655114E1,4.807050228E0,6.924000263E0,-6.370500326E-1
8.300899453E1,3.946950197E0,7.104000568E0,-3.139500022E-1
8.301143790E1,3.672000170E0,7.149000168E0,-2.809500098E-1
8.301388136E1,3.805950165E0,7.848000526E0,-1.155000091E0
8.301632475E1,3.883050203E0,8.506950378E0,-2.167050123E0
8.301876813E1,4.036050320E0,9.328050613E0,-4.641000271E0
8.302121174E1,4.038000107E0,9.487950325E0,-6.901050091E0
8.302365513E1,3.366000175E0,9.757050514E0,-6.843000412E0
8.302609852E1,2.848050117E0,9.591000557E0,-4.762950420E0
8.302854198E1,3.586050272E0,9.048000336E0,-2.617050171E0
8.303098536E1,3.837000132E0,8.248050690E0,-1.903950095E0
8.303342898E1,3.885000229E0,7.422000408E0,-1.759950042E0
8.303587214E1,4.576950073E0,6.727950096E0,-1.506000042E0
8.303831576E1,5.377050400E0,6.517050266E0,-1.918050051E0
8.304075915E1,5.434050083E0,6.828000546E0,-1.750950098E0
8.304320260E1,5.518050194E0,7.495950222E0,-8.620500565E-1
8.304564599E1,5.242950439E0,7.972950459E0,-6.589500308E-1
8.304808936E1,4.117050171E0,8.265000343E0,-1.236000061E0
8.305053298E1,3.184050083E0,8.887950897E0,-2.136000156E0
8.305297636E1,2.482050180E0,9.316050529E0,-3.493950129E0
8.305541975E1,2.455950022E0,9.661050797E0,-4.605000019E0
8.305786321E1,2.929950237E0,9.586950302E0,-4.795950413E0
8.306030659E1,3.595050097E0,9.631950378E0,-3.714000225E0
8.306274998E1,3.435000181E0,9.805050850E0,-2.550000191E0
8.306519359E1,3.367950201E0,9.201000214E0,-1.633050084E0
8.306763698E1,3.769950151E0,8.868000031E0,-1.995000124E0
8.307008044E1,3.925950289E0,8.233950615E0,-2.565000057E0
8.307252383E1,4.369050026E0,7.687950134E0,-2.131050110E0
8.307496721E1,5.182950020E0,6.907050133E0,-2.194050074E0
8.307741060E1,5.950950146E0,6.235050201E0,-2.251049995E0
8.307985421E1,5.908050060E0,6.453000069E0,-1.642950058E0
8.308229760E1,5.001000404E0,6.553050518E0,-1.234050035E0
8.308474100E1,4.204050064E0,6.550950527E0,-5.869500041E-1
8.308718446E1,3.439950228E0,7.449000359E0,-1.270500124E-1
8.308962784E1,3.271950245E0,8.488050461E0,-6.520500183E-1
8.309207123E1,3.889950275E0,8.701050758E0,-2.431050062E0
8.309451484E1,4.867050171E0,9.160050392E0,-4.281000137E0
8.309695821E1,4.692000389E0,9.322950363E0,-6.048000336E0
8.309940159E1,3.459000111E0,9.606000900E0,-6.513000488E0
8.310184498E1,3.415950060E0,9.340050697E0,-4.909050465E0
8.310428844E1,3.612000227E0,8.686050415E0,-2.791950226E0
8.310673182E1,3.841950178E0,8.224050522E0,-1.384050012E0
8.310917520E1,3.990000248E0,7.471950531E0,-6.469500065E-1
8.311161882E1,4.630050182E0,6.733050346E0,-6.760500073E-1
8.311406228E1,5.218950272E0,6.634050369E0,-1.296000004E0
8.311650566E1,5.449050426E0,6.646050453E0,-1.236000061E0
8.311894905E1,6.270000458E0,7.101000309E0,-1.231050014E0
8.312139245E1,5.692950249E0,7.468050480E0,-1.629000068E0
8.312383606E1,4.052999973E0,8.622000694E0,-1.297950029E0
8.312627945E1,2.812050104E0,9.538950920E0,-1.573950052E0
8.312872283E1,2.110949993E0,9.991050720E0,-2.545950174E0
8.313116628E1,2.401050091E0,1.024305058E1,-4.102050304E0
8.313360967E1,3.160050154E0,1.006995010E1,-4.684050083E0
8.313605305E1,3.543000221E0,9.715950012E0,-4.602000237E0
8.313849666E1,3.562050104E0,9.211050034E0,-3.144000053E0
8.314094005E1,3.913950205E0,8.727000237E0,-2.040000200E0
8.314338350E1,4.186950207E0,8.422950745E0,-1.971000075E0
8.314582680E1,4.294950008E0,7.792950153E0,-1.801050067E0
8.314827026E1,5.013000011E0,7.188000202E0,-2.115000010E0
8.315071365E1,5.745000362E0,6.712950230E0,-2.215050220E0
8.315315726E1,6.163950443E0,6.742050171E0,-1.807950139E0
8.315560067E1,5.494050026E0,7.000950336E0,-1.404000044E0
8.315804405E1,4.564949989E0,7.164000511E0,-1.164000034E0
8.316048751E1,3.540000200E0,7.518000126E0,-8.050500154E-1
8.316293090E1,2.890950203E0,8.476050377E0,-1.080000043E0
8.316537428E1,2.704950094E0,8.968950272E0,-2.445000172E0
8.316781789E1,3.564000130E0,9.304050446E0,-4.156949997E0
8.317026128E1,4.930950165E0,9.199050903E0,-5.560050488E0
8.317270467E1,4.668000221E0,9.208050728E0,-5.965050220E0
8.317514805E1,3.576000214E0,9.262950897E0,-4.981050014E0
8.317759151E1,3.574050188E0,8.832000732E0,-3.241950035E0
8.318003491E1,3.922950268E0,8.410950661E0,-2.308950186E0
8.318247829E1,3.748950243E0,7.762050152E0,-1.540050030E0
8.318492191E1,4.052999973E0,6.900000095E0,-1.234050035E0
8.318736529E1,5.179950237E0,6.259050369E0,-1.648050070E0
8.318980876E1,5.422050476E0,6.370950222E0,-1.557000041E0
8.319225215E1,5.496000290E0,6.867000103E0,-7.570500374E-1
8.319469553E1,5.743050098E0,7.591950417E0,-1.054050088E0
8.319713914E1,4.591050148E0,8.277000427E0,-1.513950109E0
8.319958253E1,3.253050089E0,8.950050354E0,-1.947000146E0
8.320202593E1,2.371950150E0,9.538950920E0,-2.898000240E0
8.320446939E1,2.295000076E0,9.787950516E0,-4.009050369E0
8.320691278E1,2.982000113E0,9.390000343E0,-4.606950283E0
8.320935616E1,4.186950207E0,9.223050117E0,-4.252950191E0
8.321179977E1,3.793950081E0,9.283050537E0,-3.160950184E0
8.321424316E1,3.649950266E0,8.943000793E0,-1.711950064E0
8.321668662E1,3.829950094E0,8.698050499E0,-1.726950049E0
8.321912993E1,4.065000057E0,8.281949997E0,-2.164950132E0
8.322157339E1,4.242000103E0,7.879950523E0,-2.433000088E0
8.322401678E1,4.912050247E0,7.309950352E0,-2.533950090E0
8.322646039E1,5.644950390E0,6.903000355E0,-2.389950037E0
8.322890378E1,5.761950493E0,6.982050419E0,-1.755000114E0
8.323134716E1,4.723050117E0,7.044000149E0,-9.889500737E-1
8.323379054E1,3.715050220E0,7.438950539E0,-7.950000167E-1
8.323623400E1,2.994000196E0,7.816950321E0,-6.160500050E-1
8.323867739E1,2.713950157E0,8.281949997E0,-1.168950081E0
8.324112100E1,3.255000114E0,8.683950424E0,-2.368050098E0
8.324356439E1,4.735050201E0,9.022050858E0,-4.204950333E0
8.324600778E1,5.247000217E0,9.004950523E0,-5.878050327E0
8.324845116E1,3.994950294E0,9.445050240E0,-6.253950119E0
8.325089461E1,3.040050030E0,9.199050903E0,-5.119050026E0
8.325333800E1,3.475950241E0,8.524050713E0,-3.147000074E0
8.325578138E1,4.005000114E0,8.032950401E0,-1.966050148E0
8.325822500E1,4.303950310E0,7.446000576E0,-1.309950113E0
8.326066840E1,4.765950203E0,6.376050472E0,-7.930500507E-1
8.326311186E1,5.287950039E0,6.208050251E0,-1.006049991E0
8.326555524E1,5.628000259E0,6.594000340E0,-9.730500579E-1
8.326799863E1,6.004050255E0,7.233000278E0,-1.437000036E0
8.327044224E1,4.812000275E0,7.972950459E0,-1.597050071E0
8.327288563E1,3.366000175E0,8.855999947E0,-1.906050086E0
8.327532902E1,2.191950083E0,9.412050247E0,-2.488050222E0
8.327777248E1,2.178000212E0,9.985950470E0,-3.391050100E0
8.328021586E1,2.793000221E0,9.567000389E0,-4.357950211E0
8.328265925E1,3.729000092E0,9.742050171E0,-4.521000385E0
8.328510265E1,3.318000078E0,9.651000023E0,-3.750000238E0
8.328754626E1,3.387000084E0,9.310950279E0,-2.052000046E0
8.328998965E1,3.744000196E0,8.530950546E0,-1.636050105E0
8.329243304E1,4.045950413E0,8.061000824E0,-1.972950101E0
8.329487649E1,4.374000072E0,7.623000145E0,-2.143050194E0
8.329731990E1,4.989000320E0,7.092000484E0,-2.239050150E0
8.329976351E1,5.713950157E0,6.643950462E0,-2.380050182E0
8.330220690E1,5.595000267E0,6.843000412E0,-1.887000084E0
8.330465028E1,4.735050201E0,7.077000141E0,-4.270500243E-1
8.330709366E1,3.976050138E0,7.389000416E0,-6.795000285E-2
8.330953711E1,3.712950230E0,7.633050442E0,-1.440000087E-1
8.331198050E1,3.466050148E0,8.068950653E0,-8.359500170E-1
8.331442411E1,3.451950073E0,8.884950638E0,-1.999950051E0
8.331686750E1,4.110000134E0,9.546000481E0,-4.678950310E0
8.331931088E1,4.534049988E0,9.445050240E0,-7.300950527E0
8.332175429E1,4.153050423E0,9.517050743E0,-7.519050121E0
8.332419774E1,3.631050110E0,9.164999962E0,-5.356050491E0
8.332664113E1,3.757950068E0,8.545050621E0,-2.862000227E0
8.332908452E1,4.117050171E0,8.028000832E0,-1.255050063E0
8.333152813E1,4.323000431E0,7.360050201E0,-8.070000410E-1
8.333397152E1,4.696950436E0,6.333000183E0,-7.210500240E-1
8.333641498E1,5.185050011E0,6.345000267E0,-7.360500097E-1
8.333885836E1,5.428950310E0,6.706050396E0,-4.219500124E-1
8.334130175E1,5.841000080E0,7.365000248E0,-9.010500312E-1
8.334374533E1,5.407950401E0,7.836000443E0,-9.649500251E-1
8.334618872E1,4.378050327E0,8.218950272E0,-1.055999994E0
8.334863210E1,3.196050167E0,9.007050514E0,-1.614000082E0
8.335107556E1,2.446050167E0,9.522000313E0,-2.953050137E0
8.335351895E1,2.548950195E0,9.661050797E0,-4.213950157E0
8.335596235E1,3.208050251E0,9.799950600E0,-4.717050076E0
8.335840574E1,3.193050146E0,9.558000565E0,-4.344000340E0
8.336084935E1,3.361050129E0,9.478950500E0,-2.695950031E0
8.336329274E1,3.859050274E0,8.785050392E0,-1.444050074E0
8.336573620E1,4.084050179E0,8.229000092E0,-1.774950027E0
8.336817957E1,4.078950405E0,7.906050205E0,-2.215050220E0
8.337062295E1,4.699050426E0,7.362000465E0,-2.491050005E0
8.337306634E1,5.482050419E0,6.781050205E0,-2.974050045E0
8.337550995E1,5.614050388E0,6.823950291E0,-2.388000011E0
8.337795334E1,4.756950378E0,6.952950478E0,-1.240950108E0
8.338039672E1,3.811050177E0,7.225950241E0,-2.179500163E-1
8.338284018E1,3.615000248E0,7.267050266E0,2.809500098E-1
8.338528357E1,3.922950268E0,7.618950367E0,-2.179500163E-1
8.338772718E1,4.072050095E0,8.485050201E0,-1.144950032E0
8.339017057E1,4.285050392E0,9.057000160E0,-2.827950239E0
8.339261395E1,4.306950092E0,9.639000893E0,-5.428050041E0
8.339505734E1,3.729000092E0,9.915000916E0,-8.565000534E0
8.339750080E1,3.199950218E0,9.771000862E0,-7.885050297E0
8.339994419E1,3.214950085E0,9.060000420E0,-4.344000340E0
8.340238757E1,3.897000074E0,8.551950455E0,-1.818000078E0
8.340483118E1,4.024050236E0,7.911000252E0,-1.135050058E0
8.340727457E1,4.195950031E0,6.864000320E0,-1.201950073E0
8.340971803E1,4.672950268E0,6.505050182E0,-1.006049991E0
8.341216134E1,4.939050198E0,7.132050514E0,-3.739500046E-1
8.341460480E1,5.724000454E0,7.543950558E0,-1.071000099E0
8.341704819E1,5.446050167E0,7.705050468E0,-1.183050036E0
8.341949180E1,4.486050129E0,7.812000275E0,1.110000089E-1
8.342193519E1,3.600000143E0,8.515950203E0,-1.695000008E-2
8.342437865E1,3.157050133E0,9.484050751E0,-1.486950040E0
8.342682204E1,3.052050114E0,9.769050598E0,-3.634950161E0
8.342926542E1,2.808000088E0,1.036995029E1,-5.445000172E0
8.343170880E1,2.314050198E0,1.028295040E1,-7.054050446E0
8.343415242E1,2.275950193E0,9.855000496E0,-6.142050266E0
8.343659580E1,3.406050205E0,9.412050247E0,-3.372000217E0
8.343903928E1,3.295950174E0,8.902050018E0,-1.959000111E0
8.344148267E1,3.325050116E0,8.389050484E0,-1.629000068E0
8.344392606E1,4.096050262E0,7.390950203E0,-1.815000057E0
8.344636944E1,4.836000443E0,6.702000141E0,-2.529000044E0
8.344881305E1,5.532000065E0,6.721050262E0,-1.855950117E0
8.345125643E1,5.271000385E0,6.702000141E0,-1.243050098E0
8.345369981E1,4.821000099E0,6.594000340E0,-4.939500093E-1
8.345614319E1,4.467000008E0,6.658050537E0,4.870500267E-1
8.345858665E1,4.405050278E0,7.549050331E0,4.200000167E-1
8.346103027E1,4.510050297E0,8.377950668E0,-3.240000010E-1
8.346347364E1,4.386000156E0,9.028950691E0,-1.248000026E0
8.346591702E1,4.072050095E0,9.892950058E0,-3.276000261E0
8.346836041E1,3.600000143E0,1.020705032E1,-8.464050293E0
8.347080387E1,3.034950256E0,9.994050026E0,-1.156200027E1
8.347324725E1,2.992050171E0,9.643950462E0,-7.851000309E0
8.347569062E1,3.555000067E0,8.919000626E0,-3.192000151E0
8.347813423E1,4.132050037E0,8.029950142E0,-1.030050039E0
8.348057762E1,4.198950291E0,7.117950439E0,-6.180000305E-1
8.348302108E1,4.741950035E0,6.940950394E0,-3.900000080E-2
8.348546446E1,4.965000153E0,7.188000202E0,-2.539499998E-1
8.348790786E1,5.178000450E0,7.213950157E0,-2.830500007E-1
8.349035125E1,5.242950439E0,7.357950211E0,-3.400500119E-1
8.349279486E1,4.918950081E0,7.840950489E0,-1.270500124E-1
8.349523825E1,4.147950172E0,8.299050331E0,-2.880000174E-1
8.349768163E1,3.480000257E0,9.085950851E0,-1.435050011E0
8.350012511E1,2.965950251E0,9.784950256E0,-3.633000135E0
8.350256849E1,2.611050129E0,1.004400063E1,-5.893050194E0
8.350501188E1,2.619000196E0,1.003395081E1,-6.324000359E0
8.350745549E1,3.001950026E0,9.675000191E0,-4.468050003E0
8.350989888E1,4.012050152E0,9.484050751E0,-2.661000013E0
8.351234226E1,4.242000103E0,8.983050346E0,-1.777050138E0
8.351478572E1,4.066950321E0,8.381999969E0,-1.765050054E0
8.351722910E1,4.089000225E0,7.836000443E0,-1.975950122E0
8.351967249E1,4.546050072E0,7.408050537E0,-2.143050194E0
8.352211610E1,4.905000210E0,6.772950172E0,-1.530000091E0
8.352455951E1,4.881000042E0,6.733050346E0,-1.545000076E0
8.352700289E1,4.524000168E0,6.358950138E0,-8.770500422E-1
8.352944628E1,3.804000139E0,6.370950222E0,4.579500258E-1
8.353188974E1,3.700950146E0,7.362000465E0,2.950500250E-1
8.353433312E1,3.691050291E0,7.963050365E0,-2.659500241E-1
8.353677674E1,4.065000057E0,8.583000183E0,-1.090050101E0
8.353922012E1,4.543950081E0,9.523950577E0,-3.688050270E0
8.354166351E1,4.242000103E0,9.594000816E0,-8.011950493E0
8.354410697E1,3.829950094E0,9.739950180E0,-9.799950600E0
8.354655035E1,3.274950266E0,9.426000595E0,-6.265950203E0
8.354899372E1,3.330000162E0,8.806050301E0,-2.746950150E0
8.355143733E1,3.897000074E0,8.538000107E0,-3.720000088E-1
8.355388072E1,4.294950008E0,7.329000473E0,-7.200000435E-2
8.355632410E1,5.037000179E0,6.832950115E0,-7.360500097E-1
8.355876749E1,5.058000088E0,6.508050442E0,-5.700000525E-1
8.356121096E1,5.319000244E0,6.409050465E0,-1.528050065E0
8.356365435E1,5.736000061E0,6.769050121E0,-1.909050107E0
8.356609796E1,4.584000111E0,7.611000538E0,-1.339050055E0
8.356854135E1,3.282000065E0,8.176050186E0,-3.960000277E-1
8.357098473E1,2.668950081E0,8.788949966E0,-3.690000176E-1
8.357342820E1,2.560950041E0,9.711000443E0,-2.188950062E0
8.357587159E1,2.689950228E0,1.004595089E1,-4.126049995E0
8.357831498E1,2.596950054E0,1.025205040E1,-4.996950150E0
8.358075859E1,2.341050148E0,1.034805012E1,-5.044950008E0
8.358320198E1,2.773950100E0,9.904950142E0,-3.570000172E0
8.358564536E1,3.229050159E0,9.172050476E0,-2.598000050E0
8.358808882E1,3.427950144E0,8.526000023E0,-1.851000071E0
8.359053221E1,3.820050240E0,7.582950592E0,-1.851000071E0
8.359297559E1,5.046000004E0,6.832950115E0,-2.134050131E0
8.359541920E1,5.482050419E0,6.844950199E0,-2.280000210E0
8.359786260E1,5.698050499E0,6.225000381E0,-1.570950031E0
8.360030598E1,5.070000172E0,6.298950195E0,-5.269500017E-1
8.360274937E1,4.204050064E0,6.712950230E0,-2.419500053E-1
8.360519283E1,3.676950216E0,7.030050278E0,-2.730000019E-1
8.360763621E1,3.516000271E0,7.662000179E0,-7.980000377E-1
8.361007983E1,3.982950211E0,8.751000404E0,-2.857050180E0
8.361252321E1,4.048050404E0,9.627000809E0,-4.959000111E0
8.361496660E1,3.583050251E0,9.759000778E0,-7.558950424E0
8.361740998E1,3.265050173E0,1.003905010E1,-7.329000473E0
8.361985344E1,2.890950203E0,1.006995010E1,-5.656050205E0
8.362229684E1,2.619000196E0,9.475950241E0,-2.995950222E0
8.362474046E1,3.291000128E0,8.695950508E0,-2.055000067E0
8.362718384E1,3.871050119E0,7.834050179E0,-1.363050103E0
8.362962723E1,4.381050110E0,6.907050133E0,-1.087050080E0
8.363207069E1,5.097000122E0,6.619950294E0,-1.240950108E0
8.363451407E1,5.281050205E0,6.634050369E0,-1.569000125E0
8.363695769E1,5.473050117E0,7.306950569E0,-1.521000028E0
8.363940084E1,5.038950443E0,7.911000252E0,-1.624050021E0
8.364184446E1,3.736950159E0,8.266950607E0,-1.747950077E0
8.364428792E1,2.796000242E0,8.583000183E0,-1.284000039E0
8.364673130E1,2.544000149E0,9.256050110E0,-2.373000145E0
8.364917469E1,2.671050072E0,9.658050537E0,-3.823950291E0
8.365161807E1,3.088050127E0,9.904950142E0,-3.465000153E0
8.365406169E1,2.974950075E0,9.760950089E0,-4.561950207E0
8.365650509E1,3.330000162E0,9.691950798E0,-4.162050247E0
8.365894848E1,3.516000271E0,9.381000519E0,-3.226050138E0
8.366139194E1,3.540000200E0,8.904000282E0,-3.613050222E0
8.366383532E1,3.511950254E0,8.257950783E0,-2.365950108E0
8.366627871E1,3.696000099E0,7.573050499E0,-2.059950113E0
8.366872209E1,4.555950165E0,7.135050297E0,-2.281949997E0
8.367116571E1,5.101050377E0,6.366000175E0,-1.393950105E0
8.367360909E1,5.355000019E0,6.340050220E0,-1.561950088E0
8.367605248E1,4.600950241E0,6.436050415E0,-8.740500212E-1
8.367849594E1,3.877950191E0,6.826050282E0,-3.405000269E-2
8.368093929E1,3.682050228E0,7.482000351E0,-2.850000262E-1
8.368338291E1,3.718050241E0,8.346000671E0,-1.248000026E0
8.368582630E1,3.816000223E0,9.064949989E0,-3.163050175E0
8.368826968E1,3.877950191E0,9.457050323E0,-6.309000492E0
8.369071306E1,3.655050278E0,9.615000725E0,-8.095950127E0
8.369315651E1,3.250950098E0,9.583950043E0,-6.594000340E0
8.369559990E1,3.354000092E0,9.268050194E0,-3.628050089E0
8.369804351E1,3.387000084E0,8.836950302E0,-1.489950061E0
8.370048690E1,3.796950102E0,8.230950356E0,-5.850000381E-1
8.370293028E1,4.456950188E0,7.116000175E0,-3.910500109E-1
8.370537367E1,5.188050270E0,6.438000202E0,-1.087050080E0
8.370781713E1,5.643000126E0,6.273000240E0,-1.723950028E0
8.371026074E1,5.841000080E0,6.429000378E0,-1.653000116E0
8.371270390E1,5.329050064E0,7.117950439E0,-1.723950028E0
8.371514751E1,4.393050194E0,7.987050533E0,-1.123050094E0
8.371759089E1,3.607050180E0,8.527950287E0,-8.700000644E-1
8.372003435E1,2.913000107E0,9.289950371E0,-1.404000044E0
8.372247773E1,2.616000175E0,9.862050056E0,-3.292950153E0
8.372492112E1,2.572950125E0,1.008000088E1,-4.906050205E0
8.372736473E1,2.773950100E0,1.025895023E1,-5.068950176E0
8.372980812E1,2.913000107E0,9.862050056E0,-4.276950359E0
8.373225150E1,4.078950405E0,9.454950333E0,-2.644050121E0
8.373469496E1,4.441050053E0,8.718000412E0,-1.902000070E0
8.373713835E1,4.468950272E0,8.338950157E0,-1.723950028E0
8.373958173E1,4.512000084E0,8.171999931E0,-1.401000023E0
8.374202513E1,4.861950397E0,7.189950466E0,-1.506000042E0
8.374446874E1,5.856000423E0,6.658050537E0,-1.855950117E0
8.374691213E1,6.126000404E0,6.625050545E0,-1.602000117E0
8.374935552E1,4.845000267E0,6.727950096E0,-1.441950083E0
8.375179897E1,4.243950367E0,7.120950222E0,-1.023000002E0
8.375424235E1,4.072050095E0,7.282950401E0,-1.195050001E0
8.375668574E1,3.796950102E0,8.148000717E0,-1.767000079E0
8.375912935E1,3.435000181E0,9.136950493E0,-2.785050154E0
8.376157274E1,3.418050051E0,9.565050125E0,-4.140000343E0
8.376401611E1,3.876000166E0,9.666000366E0,-5.038050175E0
8.376645957E1,4.085999966E0,9.532050133E0,-5.209950447E0
8.376890296E1,4.060050011E0,9.163050652E0,-4.389000416E0
8.377134657E1,4.006950378E0,8.706000328E0,-2.847000122E0
8.377378996E1,4.468950272E0,8.092950821E0,-1.834950089E0
8.377623334E1,4.729950428E0,7.293000221E0,-1.212000012E0
8.377867680E1,5.140050411E0,6.469050407E0,-7.140000463E-1
8.378112019E1,5.575050354E0,6.165000439E0,-8.359500170E-1
8.378356357E1,5.631000042E0,6.247050285E0,-8.100000620E-1
8.378600696E1,6.028050423E0,6.772950172E0,-9.030000567E-1
8.378845058E1,5.580000401E0,7.159050465E0,-1.083000064E0
8.379089397E1,4.345050335E0,7.948950291E0,-1.693050027E0
8.379333743E1,3.258000135E0,8.665050507E0,-1.999950051E0
8.379578081E1,2.839050055E0,9.469050407E0,-2.385000229E0
8.379822420E1,2.857950211E0,9.898050308E0,-3.487050056E0
8.380066781E1,3.397050142E0,9.904950142E0,-4.363049984E0
8.380311119E1,4.084050179E0,9.820950508E0,-4.593000412E0
8.380555458E1,3.765000105E0,9.739950180E0,-3.927000284E0
8.380799804E1,3.508950233E0,9.508050919E0,-2.452050209E0
8.381044143E1,3.808050156E0,8.967000008E0,-1.870050073E0
8.381288480E1,4.036050320E0,8.503950119E0,-1.878000140E0
8.381532841E1,4.246950150E0,7.923000336E0,-1.569000125E0
8.381777180E1,4.966950417E0,7.326000214E0,-1.341000080E0
8.382021518E1,6.129000187E0,6.802050114E0,-1.947000146E0
8.382265857E1,6.148050308E0,6.627000332E0,-2.056950092E0
8.382510203E1,4.924050331E0,6.871950150E0,-1.585050106E0
8.382754542E1,3.817950249E0,7.495950222E0,-1.384050012E0
8.382998880E1,3.318000078E0,7.840950489E0,-8.940000534E-1
8.383243241E1,3.286950111E0,8.416049957E0,-1.030050039E0
8.383487580E1,4.093050003E0,8.830050468E0,-2.596050024E0
8.383731928E1,5.446050167E0,8.968950272E0,-4.513950348E0
8.383976267E1,5.098950386E0,8.835000038E0,-5.694000244E0
8.384220605E1,4.168050289E0,9.180000305E0,-5.752050400E0
8.384464966E1,3.796950102E0,8.806050301E0,-4.024950027E0
8.384709305E1,4.206000328E0,8.457000732E0,-2.452050209E0
8.384953642E1,4.210950375E0,7.948950291E0,-1.449000120E0
8.385197988E1,4.345050335E0,7.159050465E0,-6.370500326E-1
8.385442326E1,5.167950153E0,6.475950241E0,-5.370000005E-1
8.385686665E1,5.821950436E0,6.211050510E0,-1.099050045E0
8.385931003E1,5.803050041E0,6.247050285E0,-1.405950069E0
8.386175365E1,5.793000221E0,7.209000111E0,-1.923000097E0
8.386419703E1,4.615050316E0,7.710000515E0,-2.088000059E0
8.386664042E1,3.540000200E0,8.587950706E0,-2.164950132E0
8.386908388E1,2.740950108E0,9.175050735E0,-2.020950079E0
8.387152726E1,2.623050213E0,9.586950302E0,-2.284950018E0
8.387397088E1,3.093000174E0,9.682050705E0,-3.235050201E0
8.387641426E1,3.772950172E0,9.460050583E0,-3.709050179E0
8.387885765E1,4.156050205E0,9.306000710E0,-3.807000160E0
8.388130111E1,3.907050133E0,8.998050690E0,-3.036000252E0
8.388374449E1,3.799050093E0,8.598000526E0,-1.897050142E0
8.388618788E1,4.096050262E0,8.454000473E0,-1.983000040E0
8.388863126E1,4.311000347E0,8.052000046E0,-2.140950203E0
8.389107488E1,4.381050110E0,7.543950558E0,-1.755000114E0
8.389351826E1,5.140050411E0,6.946050167E0,-1.807950139E0
8.389596172E1,5.935050488E0,6.939000130E0,-1.504050016E0
8.389840510E1,5.647050381E0,7.096950531E0,-1.516050100E0
8.390084849E1,4.369050026E0,7.063050270E0,-1.624050021E0
8.390329187E1,3.715050220E0,7.477050304E0,-1.665000081E0
8.390573549E1,3.129000187E0,8.052000046E0,-1.770000100E0
8.390817887E1,2.665950060E0,8.521050453E0,-1.747950077E0
8.391062233E1,3.250950098E0,9.016950607E0,-2.718000174E0
8.391306571E1,4.669950008E0,8.902050018E0,-3.994050264E0
8.391550910E1,5.049000263E0,8.871000290E0,-5.017050266E0
8.391795248E1,4.299000263E0,9.076950073E0,-5.143050194E0
8.392039610E1,4.005000114E0,8.743950844E0,-3.781050205E0
8.392283948E1,4.270950317E0,8.416049957E0,-2.629050016E0
8.392528294E1,4.042950153E0,8.020950317E0,-1.855950117E0
8.392772633E1,4.407000065E0,7.390950203E0,-1.075950027E0
8.393016971E1,5.005950451E0,6.543000221E0,-8.359500170E-1
8.393261332E1,5.440950394E0,6.262950420E0,-1.381950021E0
8.393505670E1,5.401050091E0,6.438000202E0,-1.533000112E0
8.393750009E1,5.398050308E0,7.417050362E0,-1.629000068E0
8.393994347E1,4.347000122E0,7.741050243E0,-1.879950047E0
8.394238693E1,3.322050095E0,8.569050789E0,-1.969050050E0
8.394483033E1,2.475000143E0,9.139050484E0,-2.055000067E0
8.394727395E1,2.167950153E0,9.603000641E0,-2.248950005E0
8.394971733E1,2.788950205E0,9.646050453E0,-3.108000040E0
8.395216072E1,4.048050404E0,9.405000687E0,-3.703950167E0
8.395460418E1,4.432950020E0,9.244050026E0,-4.027950287E0
8.395704759E1,3.832050085E0,9.271050453E0,-3.180000067E0
8.395949097E1,3.840000153E0,8.770050049E0,-1.984950066E0
8.396193436E1,4.189050198E0,8.440050125E0,-2.016000032E0
8.396437797E1,4.366050243E0,7.990050316E0,-2.119050026E0
8.396682136E1,4.519950390E0,7.573050499E0,-1.875000119E0
8.396926480E1,5.140050411E0,7.161000252E0,-1.558950067E0
8.397170819E1,5.791050434E0,6.888000488E0,-1.660050035E0
8.397415157E1,5.539950371E0,7.039050102E0,-1.753050089E0
8.397659519E1,4.369050026E0,7.246950150E0,-1.842000127E0
8.397903857E1,3.511950254E0,7.735950470E0,-1.653000116E0
8.398148194E1,2.719050169E0,8.193000793E0,-1.447050095E0
8.398392533E1,2.382000208E0,8.775000572E0,-1.426950097E0
8.398636879E1,3.094950199E0,9.261000633E0,-2.353950024E0
8.398881217E1,4.708950043E0,9.088950157E0,-3.781050205E0
8.399125556E1,4.963050365E0,9.076950073E0,-4.978050232E0
8.399369917E1,4.194000244E0,9.309000015E0,-5.392050266E0
8.399614256E1,3.997950077E0,9.052950859E0,-4.228950024E0
8.399858602E1,4.192049980E0,8.617050171E0,-2.905050039E0
8.400102941E1,4.306950092E0,8.116950035E0,-2.059950113E0
8.400347279E1,4.383000374E0,7.506000519E0,-1.143000007E0
8.400591640E1,4.726050377E0,6.760950089E0,-4.909500182E-1
8.400835979E1,5.512950420E0,6.366000175E0,-1.195050001E0
8.401080317E1,5.700000286E0,6.481050491E0,-1.735950112E0
8.401324663E1,5.238000393E0,7.087050438E0,-1.753050089E0
8.401569000E1,4.465050220E0,8.083050728E0,-2.110050201E0
8.401813339E1,3.327000141E0,8.706000328E0,-2.173950195E0
8.402057700E1,2.416950226E0,9.298950195E0,-2.301000118E0
8.402302039E1,2.061000109E0,9.760950089E0,-2.461950064E0
8.402546385E1,2.213999987E0,9.892950058E0,-2.787000179E0
8.402790715E1,3.214950085E0,9.721050262E0,-3.265950203E0
8.403035061E1,4.213050365E0,9.322950363E0,-3.726000071E0
8.403279423E1,3.933000088E0,9.309000015E0,-3.364050150E0
8.403523761E1,3.684000254E0,8.854050636E0,-2.304000139E0
8.403768100E1,4.251000404E0,8.473050117E0,-2.182049990E0
8.404012438E1,4.749000072E0,8.088000298E0,-2.455050230E0
8.404256784E1,4.642050266E0,7.662000179E0,-2.431050062E0
8.404501123E1,4.474050045E0,7.378950119E0,-1.915950060E0
8.404745461E1,4.896000385E0,7.101000309E0,-1.210050106E0
8.404989823E1,5.298000336E0,7.051050186E0,-1.348050117E0
8.405234161E1,4.812000275E0,7.264050484E0,-1.854000092E0
8.405478500E1,3.856050253E0,7.555950165E0,-2.230050087E0
8.405722846E1,2.917950153E0,8.148000717E0,-2.155050039E0
8.405967184E1,2.323950052E0,8.557050705E0,-2.026050091E0
8.406211523E1,2.463000059E0,8.868000031E0,-2.209950209E0
8.406455884E1,3.769950151E0,8.883000374E0,-3.139050245E0
8.406700223E1,5.154000282E0,8.607000351E0,-4.186050415E0
8.406944569E1,4.768950462E0,8.679000854E0,-4.825050354E0
8.407188908E1,4.311000347E0,8.962050438E0,-4.530000210E0
8.407433246E1,4.438050270E0,8.674050331E0,-3.609000206E0
8.407677608E1,4.471950054E0,8.344050407E0,-3.060000181E0
8.407921946E1,4.323000431E0,8.016000748E0,-2.245950222E0
8.408166285E1,4.492950439E0,7.374000549E0,-1.495050073E0
8.408410631E1,4.905000210E0,6.673050404E0,-1.083000064E0
8.408654970E1,5.101050377E0,6.595950127E0,-1.317000031E0
8.408899308E1,5.121000290E0,6.783000469E0,-1.582950115E0
8.409143646E1,4.483950138E0,7.480050564E0,-1.447050095E0
8.409388008E1,3.997950077E0,8.329950333E0,-1.903950095E0
8.409632346E1,2.851050138E0,8.782050133E0,-2.445000172E0
8.409876692E1,2.154000044E0,9.328050613E0,-2.605050087E0
8.410121031E1,1.836000085E0,9.879000664E0,-2.263050079E0
8.410365369E1,2.616000175E0,9.907050133E0,-2.625000238E0
8.410609708E1,3.916050196E0,9.247050285E0,-2.983950138E0
8.410854069E1,4.303950310E0,9.523950577E0,-3.763950109E0
8.411098408E1,4.072050095E0,9.000000000E0,-3.999000072E0
8.411342754E1,4.157999992E0,9.034049988E0,-3.115050077E0
8.411587093E1,4.359000206E0,8.647950172E0,-2.716050148E0
8.411831431E1,4.242000103E0,8.016000748E0,-2.335050106E0
8.412075792E1,4.394999981E0,7.575000286E0,-1.819950104E0
8.412320131E1,4.726050377E0,7.201950550E0,-1.401000023E0
8.412564469E1,5.494050026E0,6.907050133E0,-1.000950098E0
8.412808815E1,5.719050407E0,6.781050205E0,-1.564050078E0
8.413053154E1,5.046000004E0,7.117950439E0,-2.263050079E0
8.413297492E1,3.876000166E0,7.831950188E0,-2.371050119E0
8.413541831E1,2.764950037E0,8.416049957E0,-2.254050016E0
8.413786190E1,2.215950012E0,8.919000626E0,-2.103000164E0
8.414030529E1,2.182950020E0,9.265950203E0,-2.052000046E0
8.414274875E1,3.247950077E0,9.346950531E0,-2.821050167E0
8.414519214E1,4.897950172E0,8.836950302E0,-3.925050259E0
8.414763575E1,4.852050304E0,8.770050049E0,-4.723950386E0
8.415007911E1,4.297049999E0,9.022050858E0,-4.459050179E0
8.415252250E1,4.042950153E0,8.892000198E0,-3.349950075E0
8.415496588E1,4.246950150E0,8.488050461E0,-2.505000114E0
8.415740934E1,4.323000431E0,8.047050476E0,-2.083950043E0
8.415985273E1,4.359000206E0,7.180050373E0,-1.641000032E0
8.416229611E1,4.972050190E0,6.412050247E0,-1.236000061E0
8.416473972E1,5.620950222E0,6.205950260E0,-1.609050035E0
8.416718311E1,5.527950287E0,6.370950222E0,-1.687950134E0
8.416962649E1,4.504950047E0,7.225950241E0,-1.486950040E0
8.417206996E1,3.763050079E0,8.490000725E0,-1.291050076E0
8.417451334E1,2.994000196E0,9.184050560E0,-1.897050142E0
8.417695696E1,2.382000208E0,9.796950340E0,-2.938050032E0
8.417940034E1,1.837950110E0,1.000605011E1,-3.490950108E0
8.418184373E1,1.993950129E0,1.008195019E1,-3.355050087E0
8.418428714E1,3.196050167E0,9.345000267E0,-3.445950270E0
8.418673060E1,4.207950115E0,8.739000320E0,-2.665050030E0
8.418917398E1,4.402050018E0,8.559000015E0,-2.404050112E0
8.419161760E1,4.432950020E0,8.257950783E0,-2.042999983E0
8.419406075E1,5.085000038E0,7.966050148E0,-2.538000107E0
8.419650437E1,5.155950069E0,7.762050152E0,-3.417000055E0
8.419894783E1,4.222949982E0,7.669050217E0,-2.986050129E0
8.420139121E1,4.101000309E0,7.896000385E0,-2.080950022E0
8.420383460E1,4.387950420E0,7.575000286E0,-1.234050035E0
8.420627798E1,4.504950047E0,7.147050381E0,-1.119000077E0
8.420872160E1,4.651050091E0,7.374000549E0,-2.116950035E0
8.421116498E1,3.540000200E0,7.686000347E0,-2.959950209E0
8.421360837E1,2.439000130E0,8.085000038E0,-2.850000143E0
8.421605183E1,1.789950132E0,8.305950165E0,-1.710000038E0
8.421849544E1,2.085000038E0,8.667000771E0,-9.970500469E-1
8.422093883E1,3.627000093E0,8.854050636E0,-1.827000141E0
8.422338221E1,5.194950104E0,8.524050713E0,-3.702000141E0
8.422582560E1,4.978950024E0,8.689050674E0,-5.316000462E0
8.422826906E1,4.186950207E0,9.057000160E0,-5.944950104E0
8.423071245E1,4.153050423E0,8.866050720E0,-4.807950020E0
8.423315583E1,4.017000198E0,8.406000137E0,-3.196950197E0
8.423559944E1,4.242000103E0,8.004000664E0,-1.807950139E0
8.423804283E1,4.735050201E0,7.465050220E0,-1.320000052E0
8.424048621E1,5.109000206E0,6.706050396E0,-1.320000052E0
8.424292967E1,5.274000168E0,6.591000080E0,-1.819950104E0
8.424537306E1,4.599000454E0,6.703950405E0,-2.409000158E0
8.424781645E1,4.113000393E0,7.645050526E0,-1.782000065E0
8.425026006E1,3.937950134E0,8.467950821E0,-2.284950018E0
8.425270345E1,2.851050138E0,9.172050476E0,-2.269950151E0
8.425514683E1,1.918950081E0,9.534000397E0,-2.218050003E0
8.425759030E1,1.729950070E0,1.021200085E1,-2.400000095E0
8.426003369E1,2.149049997E0,1.039095020E1,-3.381000042E0
8.426247707E1,3.037950039E0,9.907050133E0,-4.140000343E0
8.426492069E1,4.014000416E0,9.598950386E0,-3.934050083E0
8.426736407E1,3.835050106E0,9.169950485E0,-3.276000261E0
8.426980753E1,4.297049999E0,8.418000221E0,-2.431050062E0
8.427225092E1,4.977000237E0,7.959000587E0,-3.010050058E0
8.427469431E1,4.996050358E0,7.405050278E0,-3.036000252E0
8.427713792E1,4.572000027E0,7.386000156E0,-1.972950101E0
8.427958131E1,4.477050304E0,7.513050556E0,-1.684050083E0
8.428202472E1,4.795050144E0,7.234950542E0,-1.450950027E0
8.428446818E1,4.821000099E0,7.216050148E0,-1.509000063E0
8.428691156E1,4.309050083E0,7.246950150E0,-2.158050060E0
8.428935495E1,3.532950163E0,7.683000565E0,-2.305950165E0
8.429179856E1,2.740950108E0,8.065950394E0,-2.032950163E0
8.429424195E1,2.343000174E0,8.755949974E0,-1.837050080E0
8.429668541E1,2.761950016E0,9.131999969E0,-2.562000036E0
8.429912879E1,4.177050114E0,9.208050728E0,-3.891000271E0
8.430157218E1,4.993950367E0,8.950050354E0,-5.122050285E0
8.430401558E1,4.498050213E0,8.916000366E0,-4.783950329E0
8.430645919E1,3.658050060E0,9.235050201E0,-4.711950302E0
8.430890258E1,3.928050280E0,8.719950676E0,-3.783000231E0
8.431134596E1,4.390050411E0,8.209950447E0,-2.907000065E0
8.431378942E1,4.599000454E0,7.690050602E0,-2.136000156E0
8.431623280E1,4.780950069E0,7.009950161E0,-1.549950123E0
8.431867619E1,5.257050037E0,6.907050133E0,-1.638000131E0
8.432111980E1,5.218950272E0,6.778050423E0,-2.095050097E0
8.432356319E1,4.504950047E0,7.063050270E0,-1.605000019E0
8.432600657E1,4.339950085E0,7.899000168E0,-1.351050019E0
8.432845003E1,3.682050228E0,8.164050102E0,-1.564050078E0
8.433089342E1,2.743050098E0,8.811000824E0,-2.301000118E0
8.433333680E1,2.073000193E0,9.334950447E0,-2.610000134E0
8.433578042E1,2.164050102E0,9.844950676E0,-2.850000143E0
8.433822380E1,2.832000017E0,9.631950378E0,-3.408000231E0
8.434066720E1,3.700950146E0,9.440999985E0,-3.501000166E0
8.434311066E1,4.026000023E0,9.289950371E0,-3.187050104E0
8.434555405E1,3.813000202E0,9.151050568E0,-2.710950136E0
8.434799766E1,3.825000286E0,8.590950012E0,-2.431050062E0
8.435044105E1,4.361999989E0,8.245950699E0,-3.039000034E0
8.435288444E1,4.563000202E0,7.683000565E0,-2.967000246E0
8.435532790E1,4.539000034E0,7.543950558E0,-2.425950050E0
8.435777128E1,4.465050220E0,7.621050358E0,-1.959000111E0
8.436021467E1,4.771050453E0,7.231050491E0,-1.321950078E0
8.436265828E1,4.699050426E0,7.053000450E0,-1.638000131E0
8.436510167E1,4.014000416E0,7.321950436E0,-2.104950190E0
8.436754505E1,3.052050114E0,7.726050377E0,-2.131050110E0
8.436998851E1,2.482050180E0,7.947000504E0,-1.819950104E0
8.437243190E1,2.539950132E0,8.521050453E0,-1.918050051E0
8.437487551E1,3.580950260E0,8.844000816E0,-2.622000217E0
8.437731864E1,4.560000420E0,9.010050774E0,-3.925050259E0
8.437976226E1,4.311000347E0,9.073950768E0,-4.993050098E0
8.438220572E1,3.919050217E0,9.216000557E0,-5.067000389E0
8.438464911E1,4.036050320E0,9.034049988E0,-4.159049988E0
8.438709249E1,4.054950237E0,8.470950127E0,-3.120000124E0
8.438953610E1,4.085999966E0,7.963050365E0,-2.305950165E0
8.439197949E1,4.438050270E0,7.542000294E0,-1.581000090E0
8.439442288E1,5.029950142E0,6.939000130E0,-1.498950124E0
8.439686626E1,5.518050194E0,6.642000198E0,-1.927950144E0
8.439930972E1,5.200050354E0,6.831000328E0,-2.088000059E0
8.440175311E1,4.510050297E0,7.615950584E0,-1.936950088E0
8.440419650E1,3.973950148E0,8.107049942E0,-2.287050009E0
8.440664011E1,2.833950043E0,8.635950089E0,-2.497950077E0
8.440908350E1,1.981950045E0,8.976000786E0,-2.104950190E0
8.441152687E1,1.848000050E0,9.697050095E0,-1.537950039E0
8.441397033E1,2.116050005E0,9.970050812E0,-2.071950197E0
8.441641371E1,3.178950071E0,9.747000694E0,-3.015000105E0
8.441885733E1,4.239000320E0,9.430950165E0,-4.083000183E0
8.442130071E1,3.841950178E0,9.508050919E0,-4.509000301E0
8.442374410E1,3.615000248E0,9.081000328E0,-3.817050219E0
8.442618756E1,3.718050241E0,8.634000778E0,-3.106050253E0
8.442863094E1,4.144050121E0,7.884000301E0,-2.260950089E0
8.443107433E1,4.654050350E0,7.453050137E0,-1.738950133E0
8.443351794E1,4.965000153E0,7.117950439E0,-1.602000117E0
8.443596133E1,5.439000130E0,6.888000488E0,-1.477950096E0
8.443840471E1,5.295000076E0,6.819000244E0,-1.717050076E0
8.444084817E1,4.716000080E0,7.144050121E0,-2.227050066E0
8.444329156E1,3.736950159E0,7.810050488E0,-2.317950010E0
8.444573494E1,2.889000177E0,8.131050110E0,-2.002050161E0
8.444817854E1,2.358000040E0,8.607000351E0,-1.813050032E0
8.445062193E1,2.587050200E0,8.904000282E0,-2.224950075E0
8.445306539E1,3.756000280E0,9.048000336E0,-3.256950140E0
8.445550878E1,4.594050407E0,8.899050713E0,-4.264950275E0
8.445795216E1,4.558050156E0,8.811000824E0,-4.722000122E0
8.446039577E1,4.359000206E0,9.148050308E0,-4.339050293E0
8.446283915E1,4.057950020E0,9.019050598E0,-3.420000076E0
8.446528254E1,4.261050224E0,8.536050797E0,-2.728050232E0
8.446772600E1,4.615050316E0,7.834050179E0,-2.376000166E0
8.447016938E1,4.702050209E0,7.288050175E0,-1.894050121E0
8.447261274E1,5.085000038E0,6.874050140E0,-1.750950098E0
8.447505635E1,5.389050484E0,6.831000328E0,-1.717050076E0
8.447749974E1,4.915050030E0,7.000950336E0,-1.432050109E0
8.447994312E1,4.156050205E0,7.462950230E0,-1.175999999E0
8.448238658E1,3.708000183E0,8.362950325E0,-1.090050101E0
8.448483000E1,2.935050249E0,8.808000565E0,-1.786950111E0
8.448727338E1,2.374050140E0,9.295050621E0,-2.412000179E0
8.448971677E1,1.966950059E0,9.627000809E0,-2.662950039E0
8.449216038E1,2.367000103E0,9.594000816E0,-3.027000189E0
8.449460377E1,4.084050179E0,9.013950348E0,-2.626950026E0
8.449704721E1,4.587000370E0,8.824950218E0,-3.151050091E0
8.449949060E1,3.922950268E0,9.055050850E0,-3.718950272E0
8.450193421E1,3.970950127E0,8.815950394E0,-3.538950205E0
8.450437760E1,4.330049992E0,8.581050873E0,-3.196950197E0
8.450682098E1,4.534049988E0,8.026050568E0,-2.878050089E0
8.450926438E1,4.396950245E0,7.698000431E0,-2.256000042E0
8.451170784E1,4.407000065E0,7.413000584E0,-1.645050049E0
8.451415123E1,4.519950390E0,7.111050129E0,-1.083000064E0
8.451659461E1,4.636950016E0,6.868950367E0,-1.228950024E0
8.451903822E1,4.371000290E0,7.149000168E0,-2.124000072E0
8.452148161E1,3.418050051E0,7.483950138E0,-2.694000244E0
8.452392500E1,2.779050112E0,7.908000469E0,-2.401950121E0
8.452636846E1,2.338050127E0,8.293950081E0,-2.035950184E0
8.452881207E1,2.464950085E0,8.674050331E0,-1.681050062E0
8.453125544E1,3.684000254E0,8.851950645E0,-2.473950148E0
8.453369882E1,5.145000458E0,8.595000267E0,-3.360000134E0
8.453614221E1,5.082000256E0,8.571000099E0,-4.225950241E0
8.453858567E1,4.024050236E0,9.247050285E0,-5.421000481E0
8.454102906E1,3.799050093E0,9.201000214E0,-5.079000473E0
8.454347244E1,4.273050308E0,8.598000526E0,-3.858000278E0
8.454591605E1,4.600950241E0,7.915050507E0,-2.505000114E0
8.454835944E1,4.929000378E0,7.468050480E0,-1.594950080E0
8.455080282E1,5.094000340E0,7.080000401E0,-1.317000031E0
8.455324628E1,5.295000076E0,6.874050140E0,-1.537950039E0
8.455568967E1,4.896000385E0,7.063050270E0,-1.825050116E0
8.455813306E1,4.207950115E0,7.789050579E0,-1.699950099E0
8.456057667E1,3.643050194E0,8.506950378E0,-2.111999989E0
8.456302006E1,2.623050213E0,8.791950226E0,-2.206050158E0
8.456546351E1,2.154000044E0,9.358950615E0,-2.086050034E0
8.456790690E1,2.065050125E0,9.883950233E0,-2.004000187E0
8.457035028E1,2.452950001E0,9.946050644E0,-2.878050089E0
8.457279366E1,3.579000235E0,9.511950493E0,-3.891000271E0
8.457523728E1,4.141050339E0,9.232050896E0,-3.963000298E0
8.457768066E1,3.964050293E0,9.036000252E0,-3.601050138E0
8.458012413E1,3.982950211E0,8.634000778E0,-3.010050058E0
8.458256751E1,4.254000187E0,8.248050690E0,-2.689050198E0
8.458501090E1,4.453050137E0,7.896000385E0,-2.457000017E0
8.458745451E1,4.740000248E0,7.657050133E0,-2.076000214E0
8.458989790E1,4.915050030E0,7.306950569E0,-1.983000040E0
8.459234130E1,5.178000450E0,7.009950161E0,-1.834950089E0
8.459478476E1,5.191950321E0,6.892950535E0,-2.071950197E0
8.459722814E1,4.420950413E0,7.044000149E0,-2.265000105E0
8.459967153E1,3.436950207E0,7.695000172E0,-1.831950068E0
8.460211514E1,2.695050240E0,7.920000553E0,-1.525950074E0
8.460455852E1,2.560950041E0,8.571000099E0,-1.878000140E0
8.460700199E1,3.069000244E0,9.007050514E0,-2.814000130E0
8.460944537E1,4.687050343E0,8.797050476E0,-4.189949989E0
8.461188876E1,4.891050339E0,8.932950020E0,-5.275050163E0
8.461433237E1,3.892050266E0,9.169950485E0,-5.349000454E0
8.461677577E1,3.973950148E0,9.057000160E0,-4.032000065E0
8.461921916E1,4.414050102E0,8.518950462E0,-2.770950079E0
8.462166262E1,4.318050385E0,8.032950401E0,-2.067000151E0
8.462410600E1,4.444950104E0,7.695000172E0,-1.789050102E0
8.462654939E1,4.848000050E0,7.048950195E0,-1.686000109E0
8.462899300E1,5.329050064E0,6.922050476E0,-2.019000053E0
8.463143639E1,5.170950413E0,6.934050560E0,-1.873050094E0
8.463387977E1,4.768950462E0,7.252050400E0,-1.336050034E0
8.463632323E1,4.361999989E0,7.935000420E0,-1.377000093E0
8.463876662E1,3.415950060E0,8.542950630E0,-1.723950028E0
8.464121003E1,2.556000233E0,8.977950096E0,-1.960950136E0
8.464365364E1,2.086950064E0,9.417000771E0,-1.924950123E0
8.464609703E1,2.644950151E0,9.618000031E0,-2.577000141E0
8.464854049E1,3.792000294E0,9.450000763E0,-3.465000153E0
8.465098380E1,4.024050236E0,9.409049988E0,-3.778950214E0
8.465342729E1,3.877950191E0,9.223050117E0,-3.367050171E0
8.465587090E1,3.859050274E0,8.767950058E0,-2.821050167E0
8.465831429E1,4.246950150E0,8.457000732E0,-2.602950096E0
8.466075768E1,4.500000000E0,7.930050373E0,-2.728050232E0
8.466320114E1,4.503000259E0,7.606950283E0,-2.143050194E0
8.466564455E1,4.726050377E0,7.477050304E0,-1.522950053E0
8.466808793E1,5.227950096E0,6.919050217E0,-1.636050105E0
8.467053155E1,5.416950226E0,6.823950291E0,-1.894050121E0
8.467297493E1,4.560000420E0,7.000950336E0,-2.365950108E0
8.467541839E1,3.424950123E0,7.618950367E0,-2.209950209E0
8.467786168E1,2.665950060E0,7.771950245E0,-1.681050062E0
8.468030514E1,2.458050013E0,8.241000175E0,-1.459050059E0
8.468274853E1,2.844000101E0,8.587950706E0,-1.837050080E0
8.468519214E1,4.567049980E0,8.746050835E0,-3.010050058E0
8.468763553E1,5.202000141E0,8.739000320E0,-4.549950123E0
8.469007900E1,4.057950020E0,9.120000839E0,-5.416050434E0
8.469252239E1,3.744000196E0,9.244050026E0,-5.170050144E0
8.469496578E1,4.030950069E0,8.899050713E0,-3.771000147E0
8.469740939E1,4.078950405E0,8.389050484E0,-2.481000185E0
8.469985278E1,4.204050064E0,7.804950237E0,-1.593000054E0
8.470229614E1,4.761000156E0,7.111050129E0,-1.485000014E0
8.470473960E1,5.556000233E0,6.826050282E0,-2.100000143E0
8.470718299E1,5.331000328E0,6.775950432E0,-2.383050203E0
8.470962638E1,4.361999989E0,7.222950459E0,-2.194050074E0
8.471206976E1,3.940050125E0,8.265000343E0,-1.576050043E0
8.471451337E1,3.366000175E0,8.513999939E0,-1.687950134E0
8.471695676E1,2.659050226E0,8.992950439E0,-2.191050053E0
8.471940014E1,2.281050205E0,9.390000343E0,-2.407050133E0
8.472184360E1,2.568000078E0,9.342000008E0,-2.728050232E0
8.472428699E1,3.490050077E0,9.493050575E0,-3.115050077E0
8.472673060E1,4.198950291E0,9.346950531E0,-3.877050161E0
8.472917399E1,3.876000166E0,9.418950081E0,-3.577950239E0
8.473161745E1,3.765000105E0,8.967000008E0,-3.196950197E0
8.473406083E1,4.357050419E0,8.641050339E0,-2.722950220E0
8.473650422E1,4.503000259E0,8.440050125E0,-2.847000122E0
8.473894784E1,3.955050230E0,7.807950497E0,-2.590950012E0
8.474139122E1,4.474050045E0,7.429050446E0,-1.636050105E0
8.474383461E1,4.998000145E0,7.135050297E0,-1.798950076E0
8.474627799E1,5.130000114E0,6.927000523E0,-1.693050027E0
8.474872146E1,4.726050377E0,7.128000259E0,-2.064000130E0
8.475116484E1,3.724950075E0,7.437000275E0,-2.172000170E0
8.475360846E1,2.998950243E0,7.798050404E0,-1.887000084E0
8.475605184E1,2.434050083E0,8.155050278E0,-1.585050106E0
8.475849530E1,2.635050058E0,8.515950203E0,-1.576050043E0
8.476093862E1,3.898950100E0,8.808000565E0,-2.428050041E0
8.476338208E1,5.161050320E0,8.761050224E0,-3.886050224E0
8.476582546E1,4.692000389E0,9.103050232E0,-5.203050137E0
8.476826908E1,3.664950132E0,9.346950531E0,-5.694000244E0
8.477071246E1,3.574050188E0,9.093000412E0,-4.606950283E0
8.477315585E1,3.969000101E0,8.598000526E0,-2.886000156E0
8.477559931E1,4.177050114E0,8.145000458E0,-1.755000114E0
8.477804269E1,4.444950104E0,7.792950153E0,-1.162050009E0
8.478048608E1,4.909950256E0,6.958050251E0,-1.224000096E0
8.478292969E1,5.266950130E0,6.958050251E0,-1.839000106E0
8.478537306E1,4.663050175E0,7.255050182E0,-2.304000139E0
8.478781644E1,4.085999966E0,8.002050400E0,-1.870050073E0
8.479025990E1,3.499950171E0,8.239050865E0,-1.767000079E0
8.479270329E1,2.671050072E0,8.812950134E0,-1.960950136E0
8.479514667E1,2.178000212E0,9.069000244E0,-1.914000034E0
8.479759029E1,2.322000027E0,9.366000175E0,-2.146050215E0
8.480003367E1,3.129000187E0,9.484050751E0,-3.048000097E0
8.480247713E1,3.946950197E0,9.429000854E0,-3.859950066E0
8.480492052E1,4.006950378E0,9.462000847E0,-3.882000208E0
8.480736413E1,3.508950233E0,9.421050072E0,-3.376050234E0
8.480980752E1,3.945000172E0,8.763000488E0,-2.766000032E0
8.481225090E1,4.156050205E0,8.308050156E0,-2.862000227E0
8.481469429E1,4.117050171E0,7.911000252E0,-2.553000212E0
8.481713775E1,4.408950329E0,7.410000324E0,-2.004000187E0
8.481958114E1,4.918950081E0,7.141950130E0,-1.851000071E0
8.482202454E1,4.966950417E0,7.120950222E0,-1.617000103E0
8.482446815E1,4.519950390E0,7.159050465E0,-1.846050143E0
8.482691154E1,3.492000103E0,7.314000130E0,-1.993050098E0
8.482935492E1,2.764950037E0,7.719000340E0,-1.669050097E0
8.483179835E1,2.379000187E0,7.930050373E0,-1.522950053E0
8.483424197E1,2.704950094E0,8.332050323E0,-1.882050037E0
8.483668535E1,3.829950094E0,8.623950005E0,-2.749050140E0
8.483912874E1,4.876049995E0,8.916000366E0,-3.976950169E0
8.484157212E1,4.570050240E0,9.079050064E0,-5.023950100E0
8.484401548E1,3.805950165E0,9.390000343E0,-5.344950199E0
8.484645894E1,3.436950207E0,9.322950363E0,-4.744050026E0
8.484890232E1,3.607050180E0,8.629050255E0,-3.337950230E0
8.485134594E1,4.261050224E0,8.039999962E0,-2.389950037E0
8.485378932E1,4.432950020E0,7.642050266E0,-1.747950077E0
8.485623268E1,4.804950237E0,7.135050297E0,-1.339050055E0
8.485867614E1,4.951050282E0,6.832950115E0,-1.435050011E0
8.486111952E1,4.666050434E0,7.300050259E0,-1.518000126E0
8.486356291E1,4.302000046E0,8.203050613E0,-1.557000041E0
8.486600652E1,3.310050249E0,8.215050697E0,-1.915950060E0
8.486844990E1,2.458050013E0,8.686050415E0,-2.064000130E0
8.487089336E1,2.022000074E0,8.995050430E0,-1.827000141E0
8.487333675E1,2.425050020E0,9.454950333E0,-2.224950075E0
8.487578036E1,3.138000250E0,9.577050209E0,-2.956950188E0
8.487822375E1,3.784950256E0,9.775950432E0,-3.594000101E0
8.488066714E1,3.961950302E0,9.615000725E0,-3.003000259E0
8.488311060E1,3.016050100E0,9.892950058E0,-3.364050150E0
8.488555398E1,3.253050089E0,9.265950203E0,-3.621000290E0
8.488799737E1,3.487950087E0,8.665050507E0,-3.199050188E0
8.489044075E1,3.661950111E0,8.179050446E0,-2.473950148E0
8.489288436E1,4.038000107E0,7.695000172E0,-1.626000047E0
8.489532775E1,4.831050396E0,7.219050407E0,-1.312950015E0
8.489777114E1,5.518050194E0,7.000950336E0,-1.674000025E0
8.490021460E1,5.026950359E0,6.898050308E0,-2.086050034E0
8.490265798E1,3.865950108E0,7.288050175E0,-1.819950104E0
8.490510139E1,3.042000055E0,7.662000179E0,-1.171050072E0
8.490754500E1,2.724000216E0,7.903050423E0,-1.164000034E0
8.490998839E1,2.926950216E0,8.425050735E0,-1.825050116E0
8.491243178E1,3.805950165E0,8.659950256E0,-3.135000229E0
8.491487523E1,4.728000164E0,8.855999947E0,-4.150050163E0
8.491731863E1,4.687050343E0,8.950050354E0,-5.071950436E0
8.491976224E1,3.925950289E0,9.249000549E0,-5.305950165E0
8.492220563E1,3.607050180E0,9.034049988E0,-4.071000099E0
8.492464901E1,4.021950245E0,8.457000732E0,-2.718000174E0
8.492709247E1,4.227000237E0,7.975050449E0,-1.933050036E0
8.492953586E1,4.381050110E0,7.542000294E0,-1.404000044E0
8.493197924E1,4.915050030E0,7.144050121E0,-1.468050122E0
8.493442286E1,5.137050152E0,6.855000496E0,-1.617000103E0
8.493686624E1,4.996050358E0,6.924000263E0,-1.594950080E0
8.493930963E1,5.037000179E0,7.884000301E0,-1.570950031E0
8.494175308E1,3.816000223E0,8.149950027E0,-1.858050108E0
8.494419647E1,2.812050104E0,8.782050133E0,-1.483050108E0
8.494663985E1,2.167950153E0,9.091050148E0,-1.285950065E0
8.494908346E1,2.496000051E0,9.430950165E0,-2.170050144E0
8.495152694E1,3.277050257E0,9.589050293E0,-3.154050112E0
8.495397032E1,4.098000050E0,9.619950294E0,-3.811950207E0
8.495641371E1,4.207950115E0,9.517050743E0,-3.967950106E0
8.495885732E1,3.351000071E0,9.747000694E0,-3.307050228E0
8.496130071E1,3.655050278E0,9.289950371E0,-2.389950037E0
8.496374411E1,4.096050262E0,8.847000122E0,-2.293950081E0
8.496618757E1,4.279950142E0,8.241000175E0,-2.425950050E0
8.496863095E1,4.504950047E0,7.771950245E0,-2.098050117E0
8.497107434E1,5.082000256E0,7.321950436E0,-1.948950052E0
8.497351772E1,5.680950165E0,6.951000214E0,-2.020950079E0
8.497596134E1,5.250000477E0,7.000950336E0,-2.083950043E0
8.497840473E1,4.089000225E0,7.453050137E0,-1.477950096E0
8.498084819E1,3.142950058E0,7.984950542E0,-7.399500608E-1
8.498329157E1,2.686050177E0,8.097000122E0,-8.269500136E-1
8.498573496E1,3.021000147E0,8.559000015E0,-1.777050138E0
8.498817835E1,4.065000057E0,8.707950592E0,-3.180000067E0
8.499062196E1,5.074950218E0,8.749050140E0,-4.195050240E0
8.499306542E1,5.001000404E0,8.868000031E0,-4.747950077E0
8.499550873E1,4.459950447E0,9.204000473E0,-4.770000458E0
8.499795219E1,3.958950281E0,9.253950119E0,-3.910050154E0
8.500039579E1,4.030950069E0,8.822999954E0,-2.907000065E0
8.500283918E1,4.249050140E0,8.209950447E0,-2.280000210E0
8.500528256E1,4.363950253E0,7.675950527E0,-1.746000051E0
8.500772602E1,4.864050388E0,7.189950466E0,-1.633050084E0
8.501016941E1,5.164050102E0,6.880950451E0,-1.720050097E0
8.501261279E1,4.936050415E0,6.888000488E0,-1.495050073E0
8.501505618E1,4.560000420E0,7.678050518E0,-9.649500251E-1
8.501749979E1,3.976050138E0,8.296050072E0,-1.003950000E0
8.501994318E1,3.009000063E0,8.763000488E0,-1.353000045E0
8.502238656E1,2.250000000E0,8.938050270E0,-1.540050030E0
8.502483002E1,2.239950180E0,9.238950729E0,-1.708050132E0
8.502727341E1,3.361050129E0,9.271050453E0,-2.656050205E0
8.502971702E1,4.330049992E0,9.012000084E0,-3.235050201E0
8.503216041E1,4.807050228E0,9.085950851E0,-3.499050140E0
8.503460387E1,4.330049992E0,9.084000587E0,-3.477000237E0
8.503704726E1,3.913950205E0,9.037950516E0,-2.803950071E0
8.503949064E1,4.018949986E0,8.763000488E0,-2.481000185E0
8.504193426E1,4.014000416E0,8.334000587E0,-2.482950211E0
8.504437765E1,4.033950329E0,7.908000469E0,-1.927950144E0
8.504682104E1,4.560000420E0,7.401000500E0,-1.423050046E0
8.504926450E1,5.512950420E0,6.931050301E0,-1.456050038E0
8.505170789E1,5.535000324E0,6.880950451E0,-1.738950133E0
8.505415128E1,4.929000378E0,7.056000233E0,-1.762950063E0
8.505659466E1,3.708000183E0,7.783950329E0,-1.542000055E0
8.505903827E1,2.704950094E0,7.932000160E0,-1.044000030E0
8.506148166E1,2.449050188E0,8.418000221E0,-1.300950050E0
8.506392504E1,2.973000050E0,8.657999992E0,-1.822950125E0
8.506636850E1,4.564949989E0,8.551950455E0,-2.971950054E0
8.506881212E1,5.338050365E0,8.500050545E0,-3.951000214E0
8.507125526E1,5.032050133E0,8.863950729E0,-4.638000011E0
8.507369887E1,4.210950375E0,9.217950821E0,-4.642950058E0
8.507614226E1,3.967050076E0,9.164999962E0,-3.574950218E0
8.507858572E1,4.018949986E0,8.614950180E0,-2.613000154E0
8.508102911E1,4.018949986E0,8.053950310E0,-2.071950197E0
8.508347272E1,4.279950142E0,7.587000370E0,-1.783950090E0
8.508591611E1,4.972050190E0,7.120950222E0,-1.774950027E0
8.508835949E1,5.215950012E0,6.946050167E0,-1.678950071E0
8.509080295E1,4.884000301E0,7.024950504E0,-1.320000052E0
8.509324633E1,4.072050095E0,7.827000141E0,-4.630500078E-1
8.509568972E1,3.628950119E0,8.679000854E0,-4.410000145E-1
8.509813333E1,3.001950026E0,8.950050354E0,-1.459050059E0
8.510057672E1,2.515950203E0,8.971050262E0,-2.467050076E0
8.510302018E1,2.641950130E0,9.133950233E0,-2.821050167E0
8.510546356E1,3.532950163E0,8.952000618E0,-2.883000135E0
8.510790694E1,4.711050034E0,8.770050049E0,-3.012000084E0
8.511035056E1,4.843050003E0,8.761050224E0,-2.770950079E0
8.511279394E1,4.732950211E0,8.848950386E0,-2.683950186E0
8.511523733E1,4.507950306E0,8.665050507E0,-2.992950201E0
8.511768079E1,4.618050098E0,8.851950645E0,-3.111000061E0
8.512012417E1,4.258950233E0,8.310000420E0,-3.312000275E0
8.512256756E1,3.952050209E0,7.819950581E0,-2.421000004E0
8.512501117E1,4.407000065E0,7.441050529E0,-1.164000034E0
8.512745456E1,5.041950226E0,6.844950199E0,-9.289500713E-1
8.512989796E1,5.851050377E0,6.486000538E0,-8.239500523E-1
8.513234142E1,5.214000225E0,6.891000271E0,-1.320000052E0
8.513478481E1,4.539000034E0,7.711950302E0,-1.404000044E0
8.513722819E1,3.378000259E0,8.326950073E0,-2.164950132E0
8.513967181E1,2.164050102E0,8.314949989E0,-2.139000177E0
8.514211518E1,2.506050110E0,9.249000549E0,-1.971000075E0
8.514455856E1,3.355950117E0,8.787000656E0,-2.445000172E0
8.514700202E1,4.912050247E0,8.539950371E0,-3.484050274E0
8.514944541E1,5.731050491E0,8.610000610E0,-4.039950371E0
8.515188901E1,4.989000320E0,8.787000656E0,-4.696050167E0
8.515433216E1,3.853950262E0,9.289950371E0,-3.961050272E0
8.515677578E1,4.420950413E0,9.121950150E0,-2.421000004E0
8.515921924E1,4.644000053E0,8.446949959E0,-2.799000025E0
8.516166263E1,4.765950203E0,7.710000515E0,-2.209950209E0
8.516410601E1,5.191950321E0,7.362000465E0,-2.365950108E0
8.516654962E1,5.638050079E0,6.939000130E0,-2.467050076E0
8.516899301E1,5.005950451E0,6.658050537E0,-1.923000097E0
8.517143639E1,4.045950413E0,7.341000557E0,-7.789500356E-1
8.517387985E1,3.796950102E0,8.410950661E0,-2.730000019E-1
8.517632323E1,3.424950123E0,8.860950470E0,-6.640500426E-1
8.517876684E1,3.124050140E0,9.445050240E0,-1.483050108E0
8.518121023E1,3.052050114E0,9.742050171E0,-3.357000113E0
8.518365362E1,2.805000067E0,9.627000809E0,-4.210050106E0
8.518609708E1,3.181050062E0,9.666000366E0,-4.223999977E0
8.518854046E1,4.381050110E0,8.782050133E0,-3.703950167E0
8.519098385E1,4.897950172E0,8.635950089E0,-2.823000193E0
8.519342746E1,4.933950424E0,8.272050858E0,-2.412000179E0
8.519587085E1,5.595000267E0,7.908000469E0,-2.565000057E0
8.519831423E1,5.992050171E0,8.143050194E0,-3.120000124E0
8.520075769E1,5.371950150E0,7.927050591E0,-3.273000240E0
8.520320108E1,4.201050282E0,8.136000633E0,-2.770950079E0
8.520564446E1,4.237050056E0,7.978050232E0,-2.074050188E0
8.520808808E1,4.345050335E0,7.294950485E0,-1.495050073E0
8.521053146E1,4.636950016E0,6.996000290E0,-1.498950124E0
8.521297485E1,5.227950096E0,7.147050381E0,-1.296000004E0
8.521541831E1,3.751050234E0,7.438950539E0,-2.277000189E0
8.521786169E1,2.431950092E0,8.176050186E0,-2.068950176E0
8.522030531E1,1.828050137E0,8.634000778E0,-1.150050044E0
8.522274869E1,2.082000017E0,8.935050011E0,-5.370000005E-1
8.522519208E1,3.277050257E0,8.545050621E0,-1.590000033E0
8.522763546E1,5.101050377E0,8.476050377E0,-2.799000025E0
8.523007892E1,5.403000355E0,8.230950356E0,-4.365000248E0
8.523252231E1,5.374050140E0,8.574000359E0,-4.546950340E0
8.523496592E1,4.996050358E0,8.381999969E0,-3.408000231E0
8.523740930E1,4.860000134E0,8.236050606E0,-2.263050079E0
8.523985268E1,5.014950275E0,8.526000023E0,-1.504050016E0
8.524229614E1,4.852050304E0,7.836000443E0,-2.287050009E0
8.524473953E1,5.041950226E0,7.543950558E0,-2.601000071E0
8.524718291E1,4.618050098E0,7.549050331E0,-2.524050236E0
8.524962652E1,4.065000057E0,7.173000336E0,-1.861050129E0
8.525206999E1,3.595050097E0,7.519950390E0,-9.870000482E-1
8.525451329E1,3.588000059E0,8.476050377E0,-4.960500300E-1
8.525695675E1,3.270000219E0,8.884950638E0,-7.830000520E-1
8.525940014E1,2.580000162E0,9.139050484E0,-1.960950136E0
8.526184376E1,2.323950052E0,9.378000259E0,-2.902050257E0
8.526428715E1,2.602050066E0,9.153000832E0,-2.866050243E0
8.526673053E1,3.921000242E0,8.980950356E0,-2.869050026E0
8.526917399E1,4.642050266E0,8.457000732E0,-2.512050152E0
8.527161739E1,5.137050152E0,8.077950478E0,-2.388000011E0
8.527406078E1,5.299950123E0,7.807950497E0,-2.653050184E0
8.527650439E1,5.680950165E0,7.678050518E0,-2.473950148E0
8.527894778E1,5.911050320E0,7.639950275E0,-3.646950245E0
8.528139116E1,5.206950188E0,7.621050358E0,-2.323050022E0
8.528383461E1,4.620000362E0,8.023050308E0,-1.106999993E0
8.528627800E1,3.910950184E0,8.011050224E0,-8.650500178E-1
8.528872138E1,3.945000172E0,7.264050484E0,-3.790500164E-1
8.529116500E1,4.672950268E0,6.960000515E0,-7.930500507E-1
8.529360838E1,4.833000183E0,7.237950325E0,-1.522950053E0
8.529605178E1,3.829950094E0,7.606950283E0,-1.104000092E0
8.529849524E1,2.583000183E0,8.149950027E0,-1.441950083E0
8.530093863E1,2.191950083E0,8.977950096E0,-1.425000072E0
8.530338224E1,2.331000090E0,9.076950073E0,-1.678950071E0
8.530582563E1,4.210950375E0,8.386950493E0,-2.917050123E0
8.530826908E1,5.578050137E0,8.056950569E0,-4.365000248E0
8.531071247E1,5.961000443E0,7.767000198E0,-4.879950047E0
8.531315585E1,5.757000446E0,8.064000130E0,-4.861050129E0
8.531559947E1,5.179950237E0,8.394000053E0,-3.834000111E0
8.531804285E1,4.681950092E0,8.260050774E0,-2.400000095E0
8.532048622E1,4.666050434E0,8.251049995E0,-1.549950123E0
8.532292960E1,4.495950222E0,8.039999962E0,-1.878000140E0
8.532537306E1,4.314000130E0,7.461000443E0,-3.076950073E0
8.532781645E1,4.989000320E0,7.042050362E0,-2.091000080E0
8.533026006E1,5.020050049E0,7.020000458E0,-1.959000111E0
8.533270348E1,4.338000298E0,7.068000317E0,-1.662000060E0
8.533514694E1,3.895050287E0,8.083050728E0,3.195000067E-2
8.533759025E1,3.433050156E0,8.866050720E0,-1.699500084E-1
8.534003371E1,3.001950026E0,9.285000801E0,-5.320500135E-1
8.534247732E1,2.713950157E0,9.490950584E0,-1.617000103E0
8.534492071E1,3.610050201E0,9.271050453E0,-3.082050085E0
8.534736410E1,4.582050323E0,9.007050514E0,-4.248000145E0
8.534980756E1,4.861950397E0,8.875950813E0,-4.504050255E0
8.535225095E1,4.663050175E0,9.060000420E0,-3.654000282E0
8.535469433E1,4.159950256E0,8.919000626E0,-2.056950092E0
8.535713794E1,4.563000202E0,8.445000648E0,-1.228950024E0
8.535958133E1,5.191950321E0,8.257950783E0,-2.332950115E0
8.536202471E1,5.053950310E0,8.039999962E0,-2.794950247E0
8.536446817E1,4.230000019E0,8.077950478E0,-2.292000055E0
8.536691156E1,3.769950151E0,7.972950459E0,-2.416050196E0
8.536935495E1,4.018949986E0,7.350000381E0,-3.064950228E0
8.537179856E1,4.315950394E0,7.101000309E0,-2.397000074E0
8.537424195E1,4.042950153E0,7.650000572E0,-7.519500256E-1
8.537668533E1,3.631050110E0,7.896000385E0,1.660500020E-1
8.537912879E1,3.342000246E0,7.900950432E0,2.710500062E-1
8.538157219E1,3.745950222E0,8.157000542E0,-2.449500114E-1
8.538401580E1,4.503000259E0,8.461050034E0,-9.319500327E-1
8.538645919E1,5.130000114E0,8.149950027E0,-2.409000158E0
8.538890257E1,5.925000191E0,8.100000381E0,-4.000950336E0
8.539134602E1,5.953950405E0,8.458950043E0,-5.479050159E0
8.539378941E1,4.741950035E0,8.727000237E0,-5.665050507E0
8.539623279E1,4.321050167E0,8.955000877E0,-3.939000130E0
8.539867640E1,4.429050446E0,8.755949974E0,-1.951950073E0
8.540111979E1,4.467000008E0,8.356050491E0,-1.106999993E0
8.540356318E1,4.393050194E0,7.777050495E0,-1.795950055E0
8.540600664E1,4.287000179E0,7.449000359E0,-5.629500151E-1
8.540845002E1,4.548000336E0,7.183050156E0,-1.296000004E0
8.541089341E1,4.680000305E0,7.027050495E0,-2.842050076E0
8.541333702E1,3.811050177E0,7.365000248E0,-1.144950032E0
8.541578040E1,3.922950268E0,8.502000809E0,1.050000079E-3
8.541822386E1,4.014000416E0,9.079050064E0,-8.700000644E-1
8.542066725E1,3.478050232E0,9.201000214E0,-1.006049991E0
8.542311063E1,3.126000166E0,8.932950020E0,-1.690950036E0
8.542555425E1,4.156050205E0,8.860950470E0,-2.823000193E0
8.542799763E1,4.749000072E0,8.740950584E0,-4.171050072E0
8.543044102E1,4.551000118E0,8.536050797E0,-4.573950291E0
8.543288448E1,4.615050316E0,8.629050255E0,-3.541950226E0
8.543532786E1,4.443000317E0,8.581050873E0,-2.091000080E0
8.543777125E1,4.909950256E0,8.634000778E0,-1.345950007E0
8.544021487E1,4.872000217E0,8.160000801E0,-1.758000135E0
8.544265826E1,4.417050362E0,7.996950150E0,-1.698000073E0
8.544510164E1,4.237050056E0,7.848000526E0,-1.486950040E0
8.544754510E1,4.435950279E0,7.492050171E0,-1.918050051E0
8.544998849E1,4.369050026E0,7.092000484E0,-2.509950161E0
8.545243210E1,4.287000179E0,7.068000317E0,-2.055000067E0
8.545487548E1,3.682050228E0,7.747950554E0,-1.420050025E0
8.545731887E1,2.884050131E0,7.954050541E0,-7.309500575E-1
8.545976225E1,2.287950039E0,8.278950691E0,-6.730500460E-1
8.546220571E1,2.596950054E0,8.334000587E0,-1.144950032E0
8.546464909E1,4.423950195E0,8.149950027E0,-2.172000170E0
8.546709270E1,5.419950485E0,7.768950462E0,-3.142050266E0
8.546953609E1,5.989950180E0,7.887000561E0,-4.090050220E0
8.547197947E1,5.464950085E0,8.332050323E0,-4.878000259E0
8.547442293E1,4.681950092E0,8.542950630E0,-4.711950302E0
8.547686632E1,4.639050007E0,8.880000114E0,-3.514950275E0
8.547930970E1,4.453050137E0,8.586000443E0,-2.364000082E0
8.548175332E1,4.492950439E0,8.064000130E0,-1.911000133E0
8.548419670E1,4.186950207E0,7.482000351E0,-2.890050173E0
8.548664016E1,4.693950176E0,7.068000317E0,-1.030050039E0
8.548908354E1,4.386000156E0,6.991050243E0,-1.684050083E0
8.549152715E1,3.852000237E0,6.931050301E0,-2.455050230E0
8.549397054E1,3.046950102E0,7.768950462E0,-3.139500022E-1
8.549641392E1,3.507000208E0,9.073950768E0,3.000000119E-1
8.549885730E1,3.454050064E0,9.292050362E0,-6.040500402E-1
8.550130076E1,2.925000191E0,9.562950134E0,-7.429500222E-1
8.550374415E1,2.620950222E0,9.601050377E0,-1.638000131E0
8.550618776E1,3.282000065E0,9.249000549E0,-3.012000084E0
8.550863115E1,4.564949989E0,8.855999947E0,-4.815000057E0
8.551107454E1,4.705950260E0,8.356050491E0,-5.148000240E0
8.551351800E1,4.728000164E0,8.767950058E0,-4.219050407E0
8.551596138E1,4.192049980E0,8.944950104E0,-2.530950069E0
8.551840477E1,4.326000214E0,9.145950317E0,-1.369950056E0
8.552084815E1,4.917000294E0,8.571000099E0,-1.903950095E0
8.552329174E1,4.867050171E0,8.076000214E0,-2.095050097E0
8.552573520E1,4.386000156E0,8.053950310E0,-1.837050080E0
8.552817851E1,4.435950279E0,7.602000237E0,-1.995000124E0
8.553062197E1,4.896000385E0,7.032000542E0,-2.172000170E0
8.553306536E1,4.900050163E0,7.137000561E0,-1.684050083E0
8.553550897E1,3.990000248E0,7.657050133E0,-8.430000544E-1
8.553795236E1,2.880000114E0,8.038050652E0,-1.469999999E-1
8.554039582E1,2.334000111E0,8.350950241E0,9.900000691E-2
8.554283920E1,2.851050138E0,8.236050606E0,-8.430000544E-1
8.554528259E1,4.528950214E0,8.308050156E0,-2.598000050E0
8.554772621E1,5.482050419E0,7.963050365E0,-3.034050226E0
8.555016959E1,6.145050526E0,7.834050179E0,-3.429000139E0
8.555261298E1,6.238950253E0,8.454000473E0,-5.044950008E0
8.555505644E1,4.777950287E0,8.859000206E0,-5.373000145E0
8.555749982E1,4.186950207E0,9.283050537E0,-4.276950359E0
8.555994322E1,4.210950375E0,8.986050606E0,-2.967000246E0
8.556238684E1,4.600950241E0,8.028000832E0,-2.191050053E0
8.556483022E1,4.453050137E0,7.329000473E0,-1.285950065E0
8.556727368E1,4.828050137E0,7.288050175E0,-1.213950038E0
8.556971707E1,4.749000072E0,6.613050461E0,-2.044950008E0
8.557216042E1,3.943050146E0,7.378950119E0,-1.554000020E0
8.557460404E1,3.271950245E0,8.041950226E0,-4.510500133E-1
8.557704742E1,3.463950157E0,8.902050018E0,-4.579500258E-1
8.557949081E1,3.109050035E0,9.417000771E0,-5.080500245E-1
8.558193427E1,2.725950241E0,9.450000763E0,-1.435050011E0
8.558437766E1,3.138000250E0,9.262950897E0,-2.200950146E0
8.558682104E1,4.180050373E0,9.325950623E0,-2.878050089E0
8.558926465E1,4.680000305E0,8.599950790E0,-3.934050083E0
8.559170804E1,4.780950069E0,8.337000847E0,-4.759950161E0
8.559415142E1,4.243950367E0,8.995050430E0,-4.320000172E0
8.559659489E1,3.823050261E0,8.694000244E0,-2.878050089E0
8.559903828E1,4.393050194E0,8.989950180E0,-2.248950005E0
8.560148166E1,4.351950169E0,8.109000206E0,-2.718000174E0
8.560392527E1,4.306950092E0,7.891050339E0,-2.608050108E0
8.560636866E1,4.363950253E0,7.915050507E0,-2.392050028E0
8.560881205E1,3.897000074E0,7.225950241E0,-1.921050072E0
8.561125550E1,3.964050293E0,7.213950157E0,-1.911000133E0
8.561369889E1,3.592950106E0,7.621050358E0,-1.654950023E0
8.561614250E1,2.839050055E0,7.932000160E0,-7.710000277E-1
8.561858589E1,2.269050121E0,8.284049988E0,3.195000067E-2
8.562102928E1,2.221050024E0,8.353950500E0,-4.290000200E-1
8.562347274E1,3.436950207E0,8.176050186E0,-1.839000106E0
8.562591612E1,5.053950310E0,8.107049942E0,-2.530950069E0
8.562835951E1,5.487000465E0,7.884000301E0,-2.874000072E0
8.563080312E1,5.776950359E0,7.894050598E0,-3.691950083E0
8.563324651E1,5.467950344E0,8.097000122E0,-4.674000263E0
8.563568997E1,4.596000195E0,8.581050873E0,-4.897050381E0
8.563813336E1,4.054950237E0,8.677050591E0,-4.717050076E0
8.564057697E1,4.065000057E0,8.068950653E0,-4.107000351E0
8.564302013E1,4.696950436E0,7.483950138E0,-2.905050039E0
8.564546376E1,4.825950146E0,6.948000431E0,-1.654950023E0
8.564790714E1,4.705950260E0,6.883050442E0,-1.353000045E0
8.565035060E1,4.239000320E0,6.843000412E0,-1.261950016E0
8.565279399E1,4.102950096E0,7.264050484E0,-1.819500029E-1
8.565523760E1,4.174950123E0,7.798050404E0,7.950000465E-3
8.565768100E1,3.816000223E0,8.350950241E0,4.200000316E-2
8.566012438E1,3.190950155E0,8.647950172E0,3.960000277E-1
8.566256784E1,2.520000219E0,9.265950203E0,2.310000062E-1
8.566501123E1,2.377050161E0,9.736950874E0,2.700000070E-2
8.566745461E1,2.602050066E0,9.316050529E0,-2.284950018E0
8.566989822E1,3.612000227E0,8.734050751E0,-5.389950275E0
8.567234161E1,4.648950100E0,8.611950874E0,-8.083950043E0
8.567478499E1,4.703999996E0,8.368050575E0,-7.570950508E0
8.567722838E1,5.164050102E0,7.932000160E0,-4.315050125E0
8.567967184E1,5.235000134E0,7.611000538E0,-1.935000062E0
8.568211522E1,4.816050053E0,7.647000313E0,-1.270500124E-1
8.568455884E1,4.702050209E0,7.609050274E0,4.129500091E-1
8.568700222E1,4.969950199E0,7.453050137E0,-1.819500029E-1
8.568944568E1,5.038950443E0,7.365000248E0,-9.490500689E-1
8.569188908E1,4.702050209E0,7.305000305E0,-1.351050019E0
8.569433247E1,4.122000217E0,7.647000313E0,-2.281949997E0
8.569677608E1,3.241050243E0,8.230950356E0,-2.617050171E0
8.569921947E1,2.463000059E0,8.478000641E0,-2.847000122E0
8.570166285E1,2.563050032E0,9.046050072E0,-2.898000240E0
8.570410633E1,3.303000212E0,9.268050194E0,-3.295050144E0
8.570654971E1,5.085000038E0,8.855999947E0,-3.910050154E0
8.570899310E1,5.635050297E0,8.794050217E0,-4.565999985E0
8.571143671E1,4.705950260E0,9.141000748E0,-4.729050159E0
8.571388010E1,4.005000114E0,9.085950851E0,-4.135050297E0
8.571632348E1,4.330049992E0,9.012000084E0,-3.199050188E0
8.571876694E1,4.462050438E0,8.554950714E0,-2.308950186E0
8.572121032E1,4.630050182E0,7.812000275E0,-1.468050122E0
8.572365394E1,5.128050327E0,7.270950317E0,-1.329000115E0
8.572609732E1,5.274000168E0,7.008000374E0,-1.317000031E0
8.572854072E1,4.736999989E0,6.934050560E0,-1.554000020E0
8.573098410E1,4.383000374E0,7.288050175E0,-1.324950099E0
8.573342756E1,4.066950321E0,7.875000477E0,-1.510950089E0
8.573587095E1,3.643050194E0,8.197950363E0,-1.972950101E0
8.573831456E1,3.124050140E0,8.362950325E0,-1.699950099E0
8.574075794E1,2.719050169E0,9.148050308E0,-2.127000093E0
8.574320133E1,3.184050083E0,8.902050018E0,-2.857050180E0
8.574564479E1,4.125000000E0,9.064949989E0,-3.726000071E0
8.574808818E1,4.512000084E0,9.328050613E0,-4.507050037E0
8.575053156E1,4.326000214E0,9.193950653E0,-4.405950069E0
8.575297516E1,3.946950197E0,9.031050682E0,-3.997050285E0
8.575541855E1,4.204050064E0,9.072000504E0,-3.087000132E0
8.575786200E1,4.642050266E0,8.380050659E0,-2.728050232E0
8.576030539E1,4.773000240E0,8.140049934E0,-2.421000004E0
8.576274878E1,5.044050217E0,7.432050228E0,-2.119050026E0
8.576519240E1,5.359950066E0,7.087050438E0,-1.396050096E0
8.576763579E1,5.319000244E0,6.961950302E0,-1.605000019E0
8.577007918E1,4.699050426E0,7.384050369E0,-2.011950016E0
8.577252264E1,3.789000273E0,7.666050434E0,-2.179050207E0
8.577496602E1,2.950950146E0,7.920000553E0,-1.626000047E0
8.577740941E1,2.512950182E0,8.136000633E0,-2.899500132E-1
8.577985302E1,2.841000080E0,8.530950546E0,-3.619500101E-1
8.578229641E1,2.869950056E0,8.920950890E0,-1.546950102E0
8.578473979E1,4.326000214E0,8.944950104E0,-3.172950268E0
8.578718325E1,5.089050293E0,8.703000069E0,-5.059950352E0
8.578962663E1,4.824000359E0,8.839950562E0,-5.955000401E0
8.579207002E1,4.102950096E0,9.025950432E0,-5.742000103E0
8.579451363E1,3.811050177E0,8.515950203E0,-4.249950409E0
8.579695709E1,4.669950008E0,7.827000141E0,-2.230050087E0
8.579940040E1,5.235000134E0,7.188000202E0,-1.284000039E0
8.580184386E1,5.374050140E0,6.723000526E0,-1.150050044E0
8.580428725E1,5.371950150E0,6.795000553E0,-1.195050001E0
8.580673086E1,4.960050106E0,6.984000206E0,-1.699950099E0
8.580917425E1,4.102950096E0,7.458000183E0,-2.167050123E0
8.581161769E1,3.366000175E0,8.430000305E0,-1.672050118E0
8.581406108E1,2.989950180E0,8.866050720E0,-1.501950026E0
8.581650446E1,2.523000002E0,9.381000519E0,-1.966050148E0
8.581894785E1,1.951050043E0,9.603000641E0,-2.383050203E0
8.582139146E1,1.792950034E0,9.579000473E0,-2.823000193E0
8.582383483E1,3.301050186E0,9.160050392E0,-3.115050077E0
8.582627822E1,4.417050362E0,8.719950676E0,-3.501000166E0
8.582872168E1,4.848000050E0,8.389050484E0,-3.703950167E0
8.583116507E1,4.819050312E0,8.107049942E0,-3.730950117E0
8.583360868E1,4.954950333E0,8.140049934E0,-3.496050119E0
8.583605205E1,5.164050102E0,7.894050598E0,-3.454950094E0
8.583849551E1,4.795050144E0,7.906050205E0,-3.106050253E0
8.584093890E1,3.958950281E0,7.980000496E0,-2.670000076E0
8.584338228E1,3.840000153E0,7.843950272E0,-1.399050117E0
8.584582589E1,4.717950344E0,7.173000336E0,-1.212000012E0
8.584826928E1,4.780950069E0,7.317000389E0,-1.798950076E0
8.585071266E1,4.006950378E0,8.038050652E0,-2.931000233E0
8.585315613E1,2.848050117E0,8.739000320E0,-3.489000082E0
8.585559951E1,1.816050053E0,9.115050316E0,-2.847000122E0
8.585804290E1,1.503000021E0,8.962050438E0,-2.260950089E0
8.586048651E1,1.974000096E0,8.932950020E0,-1.429950118E0
8.586292990E1,3.825000286E0,8.659950256E0,-2.457000017E0
8.586537328E1,5.319000244E0,8.085000038E0,-4.348950386E0
8.586781674E1,5.602050304E0,8.155050278E0,-5.542950153E0
8.587026013E1,4.824000359E0,8.208000183E0,-5.767950058E0
8.587270351E1,4.543950081E0,8.538000107E0,-4.698000431E0
8.587514713E1,4.186950207E0,8.550000191E0,-3.616050243E0
8.587759051E1,4.261050224E0,8.148000717E0,-2.245950222E0
8.588003397E1,4.546050072E0,7.507950306E0,-2.076000214E0
8.588247728E1,4.657950401E0,7.177950382E0,-2.287050009E0
8.588492073E1,4.681950092E0,6.936000347E0,-2.323050022E0
8.588736434E1,4.291950226E0,7.156050205E0,-2.185950041E0
8.588980773E1,3.532950163E0,7.690050602E0,-1.669050097E0
8.589225111E1,2.809950113E0,8.442000389E0,-1.012950063E0
8.589469457E1,2.584950209E0,9.453000069E0,-1.461000085E0
8.589713796E1,1.906950116E0,9.828000069E0,-2.514000177E0
8.589958134E1,1.423950076E0,9.802050591E0,-3.793050289E0
8.590202496E1,1.824000120E0,9.322950363E0,-3.850050211E0
8.590446834E1,3.708000183E0,8.503950119E0,-3.220950127E0
8.590691180E1,4.828050137E0,7.836000443E0,-3.457950115E0
8.590935520E1,5.386050224E0,7.816950321E0,-3.790950298E0
8.591179858E1,4.824000359E0,7.483950138E0,-3.451050282E0
8.591424196E1,4.444950104E0,8.047050476E0,-2.823000193E0
8.591668558E1,4.753950119E0,8.332050323E0,-2.991000175E0
8.591912896E1,3.736950159E0,8.452050209E0,-3.204000235E0
8.592157241E1,2.736000061E0,8.257950783E0,-2.461950064E0
8.592401580E1,3.634050131E0,7.663950443E0,-1.581000090E0
8.592645918E1,4.551000118E0,7.020000458E0,-1.576050043E0
8.592890280E1,4.282950401E0,7.246950150E0,-1.855950117E0
8.593134619E1,3.514050245E0,7.686000347E0,-2.674950123E0
8.593378957E1,2.745000124E0,8.191050529E0,-3.100950241E0
8.593623303E1,1.977000117E0,8.562000275E0,-2.431050062E0
8.593867642E1,1.620000124E0,8.782050133E0,-1.753050089E0
8.594111980E1,2.065050125E0,8.491950035E0,-1.489950061E0
8.594356342E1,4.077000141E0,8.149950027E0,-2.589000225E0
8.594600681E1,5.647050381E0,7.666050434E0,-4.429950237E0
8.594845019E1,5.808000088E0,7.662000179E0,-5.719950199E0
8.595089365E1,4.761000156E0,8.361000061E0,-6.087000370E0
8.595333704E1,3.724950075E0,9.052950859E0,-4.702950001E0
8.595578042E1,3.543000221E0,9.096000671E0,-2.910000086E0
8.595822403E1,3.733950138E0,8.662050247E0,-2.052000046E0
8.596066750E1,4.102950096E0,8.038050652E0,-1.831950068E0
8.596311088E1,4.290000439E0,7.269000530E0,-2.182049990E0
8.596555427E1,4.560000420E0,7.144050121E0,-2.661000013E0
8.596799788E1,4.036050320E0,7.378950119E0,-2.649000168E0
8.597044127E1,3.009000063E0,8.038050652E0,-2.023950100E0
8.597288466E1,2.523000002E0,9.283050537E0,-1.498950124E0
8.597532804E1,2.206950188E0,9.714000702E0,-2.074050188E0
8.597777150E1,1.740000129E0,9.991050720E0,-2.974050045E0
8.598021512E1,1.231950045E0,9.727950096E0,-3.532050133E0
8.598265827E1,2.389050007E0,9.223050117E0,-3.451050282E0
8.598510188E1,4.423950195E0,8.302950859E0,-3.826950073E0
8.598754527E1,4.740000248E0,8.401050568E0,-3.835950136E0
8.598998873E1,4.783050060E0,8.160000801E0,-3.918000221E0
8.599243213E1,4.333050251E0,8.278950691E0,-3.490950108E0
8.599487574E1,4.085999966E0,8.830050468E0,-3.513000250E0
8.599731913E1,3.837000132E0,8.671950340E0,-3.415050268E0
8.599976252E1,3.322050095E0,8.394000053E0,-2.740050077E0
8.600220598E1,3.433050156E0,7.755000591E0,-1.909050107E0
8.600464938E1,4.113000393E0,7.291050434E0,-1.450950027E0
8.600709276E1,4.986000061E0,6.903000355E0,-2.115000010E0
8.600953638E1,4.668000221E0,7.183050156E0,-2.638950109E0
8.601197976E1,3.378000259E0,7.999050617E0,-3.139050245E0
8.601442315E1,2.158950090E0,8.706000328E0,-3.016950130E0
8.601686660E1,1.366050124E0,9.046050072E0,-2.131050110E0
8.601930999E1,1.390050054E0,9.081000328E0,-1.734000087E0
8.602175337E1,2.491950035E0,8.722050667E0,-2.148000002E0
8.602419698E1,4.522050381E0,8.325000763E0,-3.679950237E0
8.602664037E1,5.221050262E0,8.071050644E0,-4.890000343E0
8.602908383E1,5.122950077E0,8.005949974E0,-5.397000313E0
8.603152714E1,4.321050167E0,8.703000069E0,-5.352000237E0
8.603397060E1,3.424950123E0,9.024000168E0,-4.216950417E0
8.603641399E1,3.559050083E0,8.635950089E0,-2.680050135E0
8.603885760E1,4.050000191E0,7.948950291E0,-2.014050007E0
8.604130099E1,4.210950375E0,7.566000462E0,-1.981050134E0
8.604374445E1,4.492950439E0,7.317000389E0,-2.091000080E0
8.604618783E1,4.414050102E0,7.249950409E0,-2.196000099E0
8.604863122E1,3.544950247E0,7.723950386E0,-1.878000140E0
8.605107483E1,2.737950087E0,8.590950012E0,-1.008000016E0
8.605351822E1,2.428950071E0,9.514950752E0,-1.321950078E0
8.605596160E1,2.002950191E0,9.967050552E0,-2.377950191E0
8.605840506E1,1.657950044E0,9.847950935E0,-3.522000074E0
8.606084845E1,1.894950032E0,9.739950180E0,-3.871950150E0
8.606329206E1,3.085050106E0,9.168000221E0,-3.159000158E0
8.606573546E1,4.600950241E0,8.397000313E0,-2.956950188E0
8.606817885E1,4.812000275E0,8.550000191E0,-3.484050274E0
8.607062231E1,4.576950073E0,8.053950310E0,-3.703950167E0
8.607306570E1,4.060050011E0,8.428050041E0,-4.012950420E0
8.607550908E1,4.267950058E0,8.871000290E0,-3.903000116E0
8.607795269E1,3.382050276E0,8.863950729E0,-3.739950180E0
8.608039608E1,2.724000216E0,8.509050369E0,-2.280000210E0
8.608283946E1,3.499950171E0,7.816950321E0,-1.308000088E0
8.608528292E1,4.326000214E0,7.468050480E0,-1.618950129E0
8.608772631E1,4.747050285E0,7.132050514E0,-2.007000208E0
8.609016968E1,4.261050224E0,7.330950260E0,-2.899950027E0
8.609261330E1,2.998950243E0,8.028000832E0,-3.393000126E0
8.609505668E1,1.936050057E0,8.638050079E0,-2.574000120E0
8.609750007E1,1.531950116E0,8.719950676E0,-1.585050106E0
8.609994353E1,2.238000154E0,8.686050415E0,-1.236000061E0
8.610238691E1,4.041000366E0,8.290950775E0,-2.470950127E0
8.610483030E1,5.218950272E0,8.053950310E0,-4.116000175E0
8.610727391E1,5.407950401E0,7.840950489E0,-5.512050152E0
8.610971730E1,4.735050201E0,8.348999977E0,-6.025050163E0
8.611216075E1,3.540000200E0,9.120000839E0,-5.079000473E0
8.611460414E1,3.262950182E0,9.097949982E0,-3.240000248E0
8.611704752E1,3.751050234E0,8.599950790E0,-1.795950055E0
8.611949113E1,3.837000132E0,8.085000038E0,-1.570950031E0
8.612193452E1,4.150950432E0,7.543950558E0,-1.906050086E0
8.612437790E1,4.729950428E0,7.024950504E0,-2.629050016E0
8.612682136E1,4.311000347E0,7.231050491E0,-2.803950071E0
8.612926475E1,3.274950266E0,8.064000130E0,-1.818000078E0
8.613170813E1,2.889000177E0,8.992950439E0,-1.675950050E0
8.613415175E1,2.143949986E0,9.715950012E0,-2.055000067E0
8.613659514E1,1.483950019E0,9.678000450E0,-2.344050169E0
8.613903860E1,1.528950095E0,9.639000893E0,-2.445000172E0
8.614148198E1,2.965950251E0,9.199050903E0,-3.247050047E0
8.614392560E1,4.237050056E0,8.916000366E0,-4.009050369E0
8.614636898E1,4.453050137E0,8.855999947E0,-4.276950359E0
8.614881237E1,4.150950432E0,8.703000069E0,-4.090050220E0
8.615125583E1,3.837000132E0,8.785050392E0,-3.838950157E0
8.615369921E1,3.729000092E0,9.175050735E0,-3.084000111E0
8.615614260E1,3.400950193E0,8.713050842E0,-2.608050108E0
8.615858621E1,3.210000038E0,8.406000137E0,-2.409000158E0
8.616102959E1,3.684000254E0,7.774050236E0,-2.232000113E0
8.616347298E1,4.516950130E0,7.233000278E0,-2.434950113E0
8.616591636E1,5.020050049E0,6.991050243E0,-2.863950253E0
8.616835982E1,4.524000168E0,7.300050259E0,-2.967000246E0
8.617080321E1,3.262950182E0,8.014050484E0,-3.040950060E0
8.617324659E1,1.918950081E0,8.662050247E0,-2.038050175E0
8.617569021E1,1.423950076E0,8.755949974E0,-1.384050012E0
8.617813359E1,1.669950128E0,8.779950142E0,-1.746000051E0
8.618057705E1,3.157050133E0,8.599950790E0,-3.001050234E0
8.618302044E1,4.741950035E0,8.224050522E0,-4.870050430E0
8.618546405E1,4.749000072E0,8.167050362E0,-5.529000282E0
8.618790721E1,4.090950012E0,8.701050758E0,-5.220000267E0
8.619035082E1,3.315000057E0,9.164999962E0,-4.401000023E0
8.619279428E1,3.129000187E0,9.046050072E0,-3.015000105E0
8.619523767E1,3.472950220E0,8.538000107E0,-2.440050125E0
8.619768107E1,3.406050205E0,8.014050484E0,-2.364000082E0
8.620012468E1,3.961950302E0,7.372050285E0,-2.704050064E0
8.620256807E1,4.570050240E0,7.021950245E0,-2.854050159E0
8.620501145E1,4.369050026E0,7.165950298E0,-2.479050159E0
8.620745491E1,3.093000174E0,7.747950554E0,-1.947000146E0
8.620989831E1,2.548950195E0,8.773050308E0,-8.959500194E-1
8.621234192E1,2.286000013E0,9.105000496E0,-1.750950098E0
8.621478530E1,2.070000172E0,9.429000854E0,-2.941050053E0
8.621722869E1,1.918950081E0,9.381000519E0,-3.556050062E0
8.621967208E1,2.314050198E0,9.129000664E0,-3.556050062E0
8.622211555E1,3.648000240E0,8.690999985E0,-3.304950237E0
8.622455894E1,4.230000019E0,8.482950211E0,-3.160950184E0
8.622700255E1,4.275000095E0,8.536050797E0,-3.087000132E0
8.622944594E1,3.655050278E0,8.494950294E0,-2.992950201E0
8.623188933E1,3.568950176E0,8.713050842E0,-2.902050257E0
8.623433278E1,4.048050404E0,8.701050758E0,-2.986050129E0
8.623677617E1,3.628950119E0,8.430000305E0,-3.273000240E0
8.623921956E1,3.145050049E0,8.092950821E0,-3.003000259E0
8.624166317E1,3.412950277E0,7.590000153E0,-2.158050060E0
8.624410656E1,4.459950447E0,7.020000458E0,-1.911000133E0
8.624654995E1,4.765950203E0,6.976950169E0,-1.885050058E0
8.624899340E1,3.976050138E0,7.563000202E0,-2.275050163E0
8.625143679E1,2.829000235E0,8.215050697E0,-2.847000122E0
8.625388018E1,1.894950032E0,8.727000237E0,-2.257950068E0
8.625632377E1,1.737000108E0,8.758049965E0,-1.930050135E0
8.625876716E1,2.701950073E0,8.563950539E0,-1.504050016E0
8.626121055E1,4.477050304E0,8.287050247E0,-2.713050127E0
8.626365400E1,5.479950428E0,8.169000626E0,-4.087950230E0
8.626609739E1,5.322000027E0,8.239050865E0,-5.035950184E0
8.626854102E1,4.117050171E0,8.739000320E0,-5.275050163E0
8.627098441E1,3.804000139E0,9.043050766E0,-3.958050251E0
8.627342779E1,3.892050266E0,8.763000488E0,-2.589000225E0
8.627587125E1,3.793950081E0,8.293950081E0,-1.473000050E0
8.627831464E1,4.122000217E0,7.822050571E0,-1.477950096E0
8.628075802E1,4.816050053E0,7.222950459E0,-2.208000183E0
8.628320163E1,5.271000385E0,7.006050110E0,-2.910000086E0
8.628564502E1,4.216050148E0,7.312050343E0,-2.851950169E0
8.628808841E1,3.322050095E0,8.643000603E0,-1.581000090E0
8.629053186E1,2.863050222E0,9.201000214E0,-1.084950089E0
8.629297525E1,2.251950026E0,9.703950882E0,-1.189950109E0
8.629541886E1,1.852050066E0,9.852000237E0,-1.755000114E0
8.629786225E1,2.152050018E0,9.643950462E0,-2.767950058E0
8.630030564E1,3.610050201E0,9.238950729E0,-3.943950176E0
8.630274910E1,4.462050438E0,8.548050880E0,-4.155000210E0
8.630519248E1,4.912050247E0,8.491950035E0,-3.702000141E0
8.630763587E1,4.699050426E0,8.433000565E0,-3.034050226E0
8.631007948E1,4.278000355E0,8.677050591E0,-2.275050163E0
8.631252287E1,4.375950336E0,8.839950562E0,-2.497950077E0
8.631496625E1,4.114950180E0,8.671950340E0,-2.875950098E0
8.631740971E1,3.583050251E0,8.301000595E0,-2.947950125E0
8.631985310E1,3.676950216E0,7.839000225E0,-1.921050072E0
8.632229648E1,4.716000080E0,7.161000252E0,-1.513950109E0
8.632474010E1,5.506050110E0,7.060950279E0,-1.807950139E0
8.632718348E1,4.848000050E0,7.197000504E0,-2.078999996E0
8.632962686E1,3.471000195E0,8.128950119E0,-2.182049990E0
8.633207032E1,2.374050140E0,8.722050667E0,-1.770000100E0
8.633451371E1,1.852050066E0,8.907000542E0,-1.495050073E0
8.633695709E1,2.662050009E0,8.974050522E0,-1.705050111E0
8.633940071E1,4.548000336E0,8.353950500E0,-2.980950117E0
8.634184417E1,5.475000381E0,8.169000626E0,-4.068000317E0
8.634428756E1,5.524950027E0,8.149950027E0,-4.594950199E0
8.634673094E1,4.555950165E0,8.551950455E0,-4.662000179E0
8.634917432E1,3.745950222E0,8.832000732E0,-3.829050064E0
8.635161795E1,3.775050163E0,8.599950790E0,-2.548050165E0
8.635406134E1,4.017000198E0,8.083050728E0,-1.678950071E0
8.635650472E1,4.287000179E0,7.675950527E0,-1.461000085E0
8.635894818E1,4.690050125E0,7.353000164E0,-1.735950112E0
8.636139157E1,4.776000023E0,7.116000175E0,-1.903950095E0
8.636383495E1,4.297049999E0,7.345950127E0,-1.822950125E0
8.636627857E1,3.535950184E0,8.242950439E0,-9.439500570E-1
8.636872203E1,3.126000166E0,8.977950096E0,-8.839500546E-1
8.637116534E1,2.496000051E0,9.421050072E0,-1.585050106E0
8.637360880E1,1.981950045E0,9.466950417E0,-2.224950075E0
8.637605239E1,2.116050005E0,9.378000259E0,-2.170050144E0
8.637849578E1,3.685950279E0,8.763000488E0,-2.521950006E0
8.638093916E1,4.981950283E0,8.374950409E0,-3.205950260E0
8.638338263E1,5.140050411E0,8.302950859E0,-3.300000191E0
8.638582593E1,4.728000164E0,8.245950699E0,-3.075000048E0
8.638826938E1,4.207950115E0,8.365950584E0,-2.400000095E0
8.639071300E1,4.335000038E0,8.634000778E0,-2.218050003E0
8.639315638E1,3.967050076E0,8.598000526E0,-2.458950043E0
8.639559977E1,3.586050272E0,8.338950157E0,-2.152950048E0
8.639804323E1,3.793950081E0,7.495950222E0,-1.525950074E0
8.640048661E1,4.888050079E0,7.149000168E0,-1.308000088E0
8.640293000E1,5.395950317E0,7.111050129E0,-1.875000119E0
8.640537361E1,4.675050259E0,7.389000416E0,-2.059950113E0
8.640781700E1,3.519000053E0,8.196000099E0,-2.200950146E0
8.641026038E1,2.299950123E0,8.650050163E0,-1.861050129E0
8.641270383E1,1.897950053E0,8.855999947E0,-1.207050085E0
8.641514721E1,2.392950058E0,8.690999985E0,-9.580500722E-1
8.641759083E1,4.204050064E0,8.290950775E0,-1.714950085E0
8.642003421E1,5.467950344E0,8.161950111E0,-3.094050169E0
8.642247760E1,5.764950275E0,8.005949974E0,-4.150050163E0
8.642492104E1,5.341050148E0,8.278950691E0,-4.756050110E0
8.642736442E1,4.266000271E0,8.902050018E0,-4.225950241E0
8.642980781E1,3.813000202E0,8.907000542E0,-2.677050114E0
8.643225142E1,4.060050011E0,8.512050629E0,-1.416000009E0
8.643469481E1,4.206000328E0,7.846050262E0,-1.083000064E0
8.643713819E1,4.804950237E0,7.525050163E0,-1.522950053E0
8.643958165E1,5.110950470E0,7.245000362E0,-2.028000116E0
8.644202504E1,4.663050175E0,7.330950260E0,-2.383050203E0
8.644446842E1,3.682050228E0,8.204999924E0,-1.834950089E0
8.644691180E1,3.109050035E0,9.109950066E0,-8.910000324E-1
8.644935542E1,2.653950214E0,9.579000473E0,-1.285950065E0
8.645179888E1,2.287950039E0,9.963000298E0,-1.879950047E0
8.645424219E1,2.213999987E0,9.631950378E0,-2.665050030E0
8.645668565E1,3.298950195E0,9.067049980E0,-2.658000231E0
8.645912904E1,4.939050198E0,8.457000732E0,-3.313950062E0
8.646157263E1,5.262000084E0,8.299050331E0,-3.666000128E0
8.646401602E1,5.323950291E0,8.310000420E0,-3.118050098E0
8.646645948E1,4.666050434E0,8.386950493E0,-2.823000193E0
8.646890287E1,4.414050102E0,8.884950638E0,-2.115000010E0
8.647134625E1,4.467000008E0,8.855999947E0,-2.602950096E0
8.647378986E1,3.820050240E0,8.703000069E0,-2.785050154E0
8.647623325E1,3.820050240E0,7.936950207E0,-2.332950115E0
8.647867663E1,4.386000156E0,7.537050247E0,-1.650000095E0
8.648112009E1,5.290950298E0,7.213950157E0,-1.525950074E0
8.648356349E1,5.116050243E0,7.519950390E0,-1.861050129E0
8.648600687E1,3.993000269E0,8.181000710E0,-2.482950211E0
8.648845048E1,2.647050142E0,8.739000320E0,-2.644050121E0
8.649089387E1,1.813950062E0,8.926050186E0,-1.815000057E0
8.649333733E1,1.960050106E0,8.690999985E0,-1.024950027E0
8.649578070E1,3.496950150E0,8.233950615E0,-1.035000086E0
8.649822409E1,5.242950439E0,8.137949944E0,-2.134050131E0
8.650066770E1,6.042000294E0,7.981950283E0,-3.781050205E0
8.650311109E1,5.769000053E0,7.984950542E0,-4.795950413E0
8.650555447E1,4.657950401E0,8.815950394E0,-4.827000141E0
8.650799795E1,3.670050144E0,9.192000389E0,-3.460050106E0
8.651044133E1,3.760950089E0,9.036000252E0,-1.806000113E0
8.651288472E1,4.096050262E0,8.200050354E0,-1.216950059E0
8.651532833E1,4.465050220E0,7.458000183E0,-1.333950043E0
8.651777172E1,4.903050423E0,7.093950272E0,-1.822950125E0
8.652021512E1,4.942950249E0,6.916950226E0,-2.197950125E0
8.652265858E1,3.981000185E0,7.390950203E0,-1.720050097E0
8.652510196E1,3.205050230E0,8.442000389E0,-8.359500170E-1
8.652754535E1,2.899050236E0,9.298950195E0,-5.299500227E-1
8.652998896E1,2.479950190E0,9.694050789E0,-1.305000067E0
8.653243235E1,2.185050011E0,9.646050453E0,-2.470950127E0
8.653487581E1,2.374050140E0,9.225000381E0,-2.967000246E0
8.653731919E1,3.600000143E0,8.569050789E0,-2.565000057E0
8.653976258E1,4.966950417E0,8.301000595E0,-2.746950150E0
8.654220619E1,5.178000450E0,7.975050449E0,-2.548050165E0
8.654464957E1,5.293050289E0,7.851000309E0,-2.554950237E0
8.654709295E1,4.960050106E0,8.185950279E0,-2.725050211E0
8.654953641E1,4.873950005E0,8.425050735E0,-2.257950068E0
8.655197980E1,4.251000404E0,8.482950211E0,-2.716050148E0
8.655442318E1,3.639000177E0,8.322000504E0,-2.146050215E0
8.655686682E1,3.976050138E0,7.678050518E0,-1.537950039E0
8.655931020E1,4.703999996E0,7.195050240E0,-1.225950003E0
8.656175359E1,5.142000198E0,7.063050270E0,-1.578000069E0
8.656419705E1,4.498050213E0,7.384050369E0,-2.263050079E0
8.656664043E1,3.499950171E0,8.131050110E0,-2.545950174E0
8.656908382E1,2.370000124E0,8.521050453E0,-1.945050120E0
8.657152744E1,1.816050053E0,8.538000107E0,-6.540000439E-1
8.657397082E1,2.359950066E0,8.526000023E0,-2.329500169E-1
8.657641428E1,4.041000366E0,8.136000633E0,-1.224000096E0
8.657885767E1,5.596950054E0,7.993950367E0,-2.943000078E0
8.658130107E1,6.094950199E0,7.650000572E0,-4.653000355E0
8.658374468E1,5.932050228E0,7.996950150E0,-5.409000397E0
8.658618807E1,4.527000427E0,8.764950752E0,-4.605000019E0
8.658863145E1,3.904050112E0,8.983050346E0,-2.593050241E0
8.659107491E1,4.347000122E0,8.605050087E0,-1.293000102E0
8.659351830E1,4.492950439E0,7.755000591E0,-1.198050022E0
8.659596191E1,4.909950256E0,7.201950550E0,-1.597050071E0
8.659840530E1,5.200050354E0,6.946050167E0,-2.356050014E0
8.660084868E1,4.941000462E0,7.018050194E0,-2.602950096E0
8.660329207E1,3.817950249E0,7.807950497E0,-1.894050121E0
8.660573553E1,3.363000154E0,8.986050606E0,-4.890000224E-1
8.660817892E1,3.009000063E0,9.337950706E0,-8.310000300E-1
8.661062253E1,2.503950119E0,9.795000076E0,-1.392000079E0
8.661306592E1,2.194950104E0,9.745050430E0,-2.103000164E0
8.661550930E1,2.941950083E0,9.393000603E0,-2.586000204E0
8.661795276E1,4.648950100E0,8.815950394E0,-2.979000092E0
8.662039615E1,5.302950382E0,8.077950478E0,-3.355050087E0
8.662283954E1,5.745000362E0,8.112000465E0,-3.247050047E0
8.662528315E1,5.568000317E0,8.032950401E0,-3.046050072E0
8.662772654E1,5.034000397E0,8.394000053E0,-2.305950165E0
8.663016992E1,4.771050453E0,8.992950439E0,-2.100000143E0
8.663261338E1,4.045950413E0,8.563950539E0,-2.437950134E0
8.663505677E1,3.859050274E0,8.368050575E0,-2.329950094E0
8.663750015E1,4.330049992E0,7.717050552E0,-1.734000087E0
8.663994377E1,4.989000320E0,7.204050541E0,-1.168950081E0
8.664238715E1,5.299950123E0,7.113000393E0,-1.486950040E0
8.664483061E1,4.852050304E0,7.735950470E0,-1.939950109E0
8.664727400E1,3.472950220E0,8.574000359E0,-2.886000156E0
8.664971761E1,2.176050186E0,8.866050720E0,-2.296950102E0
8.665216100E1,1.891050100E0,8.855999947E0,-1.243050098E0
8.665460438E1,2.791050196E0,8.445000648E0,-8.910000324E-1
8.665704777E1,4.644000053E0,7.870050430E0,-1.492050052E0
8.665949123E1,5.983050346E0,7.657050133E0,-3.103050232E0
8.666193461E1,6.481050491E0,7.462950230E0,-4.327050209E0
8.666437801E1,6.009000301E0,7.980000496E0,-5.136000156E0
8.666682162E1,4.503000259E0,8.884950638E0,-4.605000019E0
8.666926501E1,3.847050190E0,9.031050682E0,-3.075000048E0
8.667170840E1,3.832050085E0,8.655000687E0,-1.918050051E0
8.667415186E1,4.291950226E0,7.789050579E0,-1.459050059E0
8.667659523E1,4.941000462E0,6.985950470E0,-1.638000131E0
8.667903862E1,5.221050262E0,6.469050407E0,-2.038050175E0
8.668148223E1,4.783050060E0,6.781050205E0,-2.257950068E0
8.668392569E1,3.612000227E0,7.807950497E0,-1.948950052E0
8.668636900E1,3.130950212E0,8.935050011E0,-1.345950007E0
8.668881248E1,2.491950035E0,9.436050415E0,-1.480050087E0
8.669125586E1,1.981950045E0,9.907050133E0,-2.078999996E0
8.669369948E1,1.797000051E0,9.955050468E0,-2.835000038E0
8.669614286E1,2.659050226E0,9.346950531E0,-3.135000229E0
8.669858632E1,4.471950054E0,8.401050568E0,-3.442950249E0
8.670102971E1,5.137050152E0,8.136000633E0,-3.618000269E0
8.670347310E1,5.425050259E0,8.071050644E0,-3.393000126E0
8.670591648E1,4.876049995E0,7.956000328E0,-2.914050102E0
8.670836010E1,4.492950439E0,8.416049957E0,-2.413950205E0
8.671080348E1,4.563000202E0,8.434950829E0,-2.668050051E0
8.671324685E1,3.751050234E0,8.509050369E0,-2.695950031E0
8.671569031E1,3.391950130E0,7.996950150E0,-2.341950178E0
8.671813369E1,4.081050396E0,7.372050285E0,-1.303050041E0
8.672057731E1,4.747050285E0,6.936000347E0,-1.474950075E0
8.672302069E1,4.768950462E0,7.369950294E0,-2.011950016E0
8.672546416E1,3.697950125E0,7.960950375E0,-2.878050089E0
8.672790754E1,2.379000187E0,8.619000435E0,-2.968950033E0
8.673035093E1,1.728000045E0,8.904000282E0,-1.759950042E0
8.673279454E1,1.690050125E0,8.827950478E0,-1.078050017E0
8.673523793E1,3.138000250E0,8.470950127E0,-1.723950028E0
8.673768131E1,5.056050301E0,7.935000420E0,-3.409950256E0
8.674012477E1,5.817000389E0,7.792950153E0,-4.960950375E0
8.674256816E1,5.745000362E0,7.756950378E0,-5.634000301E0
8.674501154E1,4.684950352E0,8.437050819E0,-5.172000408E0
8.674745515E1,3.757950068E0,8.638050079E0,-3.312000275E0
8.674989854E1,4.012050152E0,8.614950180E0,-1.758000135E0
8.675234192E1,4.270950317E0,8.071050644E0,-1.281000018E0
8.675478538E1,4.696950436E0,7.189950466E0,-1.558950067E0
8.675722877E1,5.200050354E0,6.574950218E0,-2.400000095E0
8.675967215E1,5.061000347E0,6.730050087E0,-2.902050257E0
8.676211576E1,3.985950232E0,7.384050369E0,-2.356050014E0
8.676455915E1,3.366000175E0,8.470950127E0,-1.246050000E0
8.676700261E1,2.905950069E0,8.908950806E0,-1.411050081E0
8.676944592E1,2.098950148E0,9.526950836E0,-1.825050116E0
8.677188937E1,1.575000048E0,9.583950043E0,-2.104950190E0
8.677433299E1,2.113049984E0,9.354000092E0,-2.622000217E0
8.677677637E1,3.897000074E0,8.800950050E0,-3.436050177E0
8.677921976E1,4.897950172E0,8.574000359E0,-3.907950163E0
8.678166322E1,5.197050095E0,8.452050209E0,-4.126049995E0
8.678410662E1,4.780950069E0,8.296050072E0,-3.597000122E0
8.678655000E1,4.291950226E0,8.682000160E0,-2.914050102E0
8.678899362E1,4.474050045E0,8.770050049E0,-2.673000097E0
8.679143700E1,4.012050152E0,8.509050369E0,-2.497950077E0
8.679388046E1,3.727050066E0,7.923000336E0,-2.136000156E0
8.679632378E1,4.394999981E0,7.161000252E0,-1.396050096E0
8.679876724E1,5.652000427E0,6.589050293E0,-1.641000032E0
8.680121086E1,5.920050144E0,6.579000473E0,-2.052000046E0
8.680365425E1,5.065050125E0,7.129950523E0,-2.505000114E0
8.680609763E1,3.583050251E0,8.137949944E0,-2.553000212E0
8.680854109E1,2.305050135E0,8.595000267E0,-1.578000069E0
8.681098448E1,1.905000091E0,8.863950729E0,-1.177950025E0
8.681342786E1,2.476950169E0,8.956950188E0,-1.401000023E0
8.681587148E1,4.515000343E0,8.422950745E0,-3.007950068E0
8.681831486E1,5.650050163E0,8.440050125E0,-4.456050396E0
8.682075825E1,5.473050117E0,8.381999969E0,-5.115000248E0
8.682320171E1,4.459950447E0,8.842050552E0,-4.890000343E0
8.682564509E1,3.741000175E0,8.871000290E0,-3.364050150E0
8.682808848E1,4.347000122E0,8.536050797E0,-2.158050060E0
8.683053209E1,4.306950092E0,7.804950237E0,-1.687950134E0
8.683297548E1,4.900050163E0,7.188000202E0,-1.530000091E0
8.683541886E1,5.407950401E0,6.864000320E0,-2.209950209E0
8.683786232E1,5.274000168E0,6.678000450E0,-1.948950052E0
8.684030571E1,4.588950157E0,7.147050381E0,-1.593000054E0
8.684274909E1,3.910950184E0,8.229000092E0,-5.659500360E-1
8.684519271E1,3.528000116E0,9.105000496E0,-6.540000439E-1
8.684763610E1,2.692950010E0,9.595950127E0,-1.492050052E0
8.685007956E1,2.056050062E0,9.784950256E0,-2.497950077E0
8.685252294E1,1.942950130E0,9.763950348E0,-3.216000080E0
8.685496633E1,3.187950134E0,9.256050110E0,-3.196950197E0
8.685740993E1,4.495950222E0,8.562000275E0,-3.136950254E0
8.685985331E1,5.001000404E0,8.346000671E0,-2.752050161E0
8.686229677E1,4.965000153E0,8.032950401E0,-2.503050089E0
8.686474016E1,4.861950397E0,8.133000374E0,-2.353950024E0
8.686718354E1,4.954950333E0,8.305950165E0,-2.686950207E0
8.686962693E1,4.450050354E0,8.281949997E0,-3.190050125E0
8.687207054E1,3.399000168E0,8.325000763E0,-2.785050154E0
8.687451393E1,3.736950159E0,7.936950207E0,-1.630950093E0
8.687695739E1,4.696950436E0,7.228050232E0,-1.143000007E0
8.687940078E1,5.491950035E0,7.072950363E0,-1.561950088E0
8.688184416E1,5.053950310E0,7.282950401E0,-2.506950140E0
8.688428777E1,3.397050142E0,8.148000717E0,-3.027000189E0
8.688673116E1,2.176050186E0,8.482950211E0,-2.140950203E0
8.688917454E1,1.783050060E0,8.467950821E0,-1.411050081E0
8.689161800E1,2.512950182E0,8.571000099E0,-1.234050035E0
8.689406139E1,4.657950401E0,8.325000763E0,-2.473950148E0
8.689650477E1,5.827050209E0,8.083050728E0,-4.228950024E0
8.689894839E1,5.554050446E0,8.136000633E0,-5.196000099E0
8.690139177E1,4.450050354E0,8.665050507E0,-5.467050076E0
8.690383516E1,3.957000256E0,9.061950684E0,-4.258049965E0
8.690627862E1,3.789000273E0,8.871000290E0,-2.565000057E0
8.690872201E1,3.739050150E0,8.497050285E0,-1.473000050E0
8.691116539E1,4.363950253E0,7.774050236E0,-1.533000112E0
8.691360900E1,5.013000011E0,7.324050426E0,-2.074050188E0
8.691605239E1,5.013000011E0,7.032000542E0,-2.593050241E0
8.691849577E1,4.251000404E0,7.426950455E0,-2.506950140E0
8.692093923E1,3.556950092E0,8.533050537E0,-1.471050024E0
8.692338262E1,2.764950037E0,9.024000168E0,-1.339050055E0
8.692582623E1,2.070000172E0,9.430950165E0,-1.569000125E0
8.692826962E1,1.740000129E0,1.001295090E1,-2.320950031E0
8.693071300E1,2.233050108E0,9.912000656E0,-3.232950211E0
8.693315646E1,3.789000273E0,9.607950211E0,-3.976950169E0
8.693559985E1,4.361999989E0,9.036000252E0,-4.357950211E0
8.693804323E1,4.375950336E0,9.127050400E0,-3.903000116E0
8.694048684E1,4.302000046E0,8.835000038E0,-3.448050261E0
8.694293022E1,4.285050392E0,8.875950813E0,-2.778000116E0
8.694537368E1,4.263000011E0,8.932950020E0,-3.355050087E0
8.694781707E1,3.780000210E0,8.727000237E0,-3.280950069E0
8.695026045E1,3.487950087E0,8.425050735E0,-2.740050077E0
8.695270384E1,3.796950102E0,7.843950272E0,-1.921050072E0
8.695514746E1,4.699050426E0,7.210950375E0,-1.902000070E0
8.695759084E1,5.263950348E0,7.084950447E0,-2.104950190E0
8.696003430E1,3.928050280E0,7.234950542E0,-1.578000069E0
8.696247769E1,2.530050039E0,7.887000561E0,-1.092000008E0
8.696492107E1,1.702050090E0,8.320050240E0,-7.309500575E-1
8.696736468E1,1.759050131E0,8.992950439E0,-1.207050085E0
8.696980807E1,3.121050119E0,9.139050484E0,-2.269950151E0
8.697225145E1,4.773000240E0,8.785050392E0,-4.083000183E0
8.697469491E1,5.050950050E0,8.425050735E0,-5.749050140E0
8.697713829E1,4.723050117E0,8.574000359E0,-5.698950291E0
8.697958167E1,3.888000250E0,8.803950310E0,-4.573950291E0
8.698202528E1,3.652950287E0,8.727000237E0,-2.926050186E0
8.698446867E1,3.624000072E0,8.512050629E0,-1.885050058E0
8.698691206E1,3.916050196E0,8.044950485E0,-2.100000143E0
8.698935550E1,4.375950336E0,7.615950584E0,-2.542950153E0
8.699179889E1,4.663050175E0,7.402950287E0,-2.775000095E0
8.699424250E1,4.147950172E0,7.237950325E0,-2.067000151E0
8.699668589E1,3.094950199E0,7.678050518E0,-1.003950000E0
8.699912927E1,2.698050022E0,8.200050354E0,-1.200000048E-1
8.700157273E1,2.737950087E0,8.538000107E0,-2.970000207E-1
8.700401612E1,2.820000172E0,9.031050682E0,-1.413000107E0
8.700645950E1,2.551050186E0,9.177000046E0,-2.407050133E0
8.700890312E1,2.449050188E0,9.417000771E0,-2.665050030E0
8.701134650E1,3.145050049E0,9.526950836E0,-3.348000050E0
8.701378989E1,4.000050068E0,8.931000710E0,-3.256950140E0
8.701623335E1,4.033950329E0,8.799000740E0,-3.477000237E0
8.701867673E1,4.050000191E0,8.703000069E0,-3.538950205E0
8.702112012E1,4.315950394E0,8.293950081E0,-2.917050123E0
8.702356373E1,4.231950283E0,8.617050171E0,-3.670950174E0
8.702600712E1,3.720000267E0,8.707950592E0,-2.770950079E0
8.702845058E1,3.136050224E0,8.452050209E0,-1.711950064E0
8.703089396E1,3.114000082E0,8.263050079E0,-9.409500360E-1
8.703333735E1,3.580950260E0,8.128950119E0,-1.150050044E0
8.703578096E1,4.021950245E0,8.350950241E0,-1.420050025E0
8.703822434E1,3.568950176E0,8.044950485E0,-1.333950043E0
8.704066773E1,3.277050257E0,8.155050278E0,-1.999950051E0
8.704311119E1,2.425050020E0,8.638050079E0,-2.055000067E0
8.704555457E1,2.176050186E0,9.156000137E0,-1.722000122E0
8.704799796E1,3.169050217E0,9.193950653E0,-2.344050169E0
8.705044158E1,4.426050186E0,8.964000702E0,-3.223050117E0
8.705288496E1,5.202000141E0,9.108000755E0,-4.576050282E0
8.705532835E1,5.500950336E0,9.259050369E0,-5.031000137E0
8.705777181E1,4.729950428E0,9.679950714E0,-4.630950451E0
8.706021520E1,3.603000164E0,1.003395081E1,-3.381000042E0
8.706265881E1,3.222000122E0,9.787950516E0,-2.337000132E0
8.706510220E1,3.640950203E0,9.297000885E0,-2.950050116E0
8.706754558E1,4.033950329E0,8.539950371E0,-3.445950270E0
8.706998897E1,4.512000084E0,7.587000370E0,-2.521950006E0
8.707243245E1,3.828000069E0,7.707000256E0,-1.984950066E0
8.707487583E1,3.540000200E0,8.011050224E0,-1.390500069E-1
8.707731945E1,3.691050291E0,8.667000771E0,-7.669500113E-1
8.707976283E1,3.466050148E0,8.995050430E0,-1.032000065E0
8.708220622E1,3.112050056E0,9.163050652E0,-1.885050058E0
8.708464966E1,3.319950104E0,9.687000275E0,-3.367050171E0
8.708709305E1,3.471000195E0,1.018800068E1,-4.341000080E0
8.708953644E1,3.532950163E0,1.023300076E1,-5.074050426E0
8.709198005E1,3.715050220E0,1.015395069E1,-4.375050068E0
8.709442344E1,3.682050228E0,1.006995010E1,-3.421950102E0
8.709686682E1,3.873000145E0,9.598950386E0,-2.907000065E0
8.709931028E1,4.339950085E0,9.558000565E0,-3.180000067E0
8.710175366E1,4.074000359E0,8.992950439E0,-3.076950073E0
8.710419728E1,3.901950121E0,8.593050003E0,-1.947000146E0
8.710664066E1,3.981000185E0,8.397000313E0,-3.409950256E0
8.710908405E1,4.177050114E0,7.819950581E0,-2.074050188E0
8.711152751E1,4.345050335E0,7.471950531E0,-1.356000066E0
8.711397090E1,3.490050077E0,7.438950539E0,-5.970000029E-1
8.711641428E1,3.013950109E0,7.405050278E0,1.305000018E-2
8.711885789E1,2.914950132E0,7.882050514E0,-1.222050071E0
8.712130128E1,3.454050064E0,8.694000244E0,-2.907000065E0
8.712374466E1,4.225049973E0,9.352050781E0,-4.813050270E0
8.712618812E1,4.651050091E0,9.715950012E0,-6.499050140E0
8.712863151E1,4.085999966E0,1.020405006E1,-7.417950153E0
8.713107490E1,3.361050129E0,1.004895020E1,-6.472050190E0
8.713351851E1,3.064050198E0,9.814050674E0,-4.495050430E0
8.713596190E1,3.220050097E0,9.511950493E0,-3.055950165E0
8.713840528E1,3.670050144E0,8.848950386E0,-2.395050049E0
8.714084874E1,4.351950169E0,7.912950516E0,-2.719950199E0
8.714329213E1,4.788000107E0,7.081950188E0,-3.429000139E0
8.714573574E1,4.702050209E0,6.840000153E0,-2.992950201E0
8.714817913E1,3.777000189E0,7.111050129E0,-1.602000117E0
8.715062251E1,2.970000029E0,7.702050209E0,-4.939500093E-1
8.715306597E1,3.385050058E0,8.377950668E0,-4.459500313E-1
8.715550936E1,3.175950050E0,8.478000641E0,-1.096950054E0
8.715795274E1,2.665950060E0,8.257950783E0,-1.453950047E0
8.716039636E1,2.475000143E0,9.256050110E0,-2.377950191E0
8.716283974E1,2.539950132E0,1.015395069E1,-4.032000065E0
8.716528313E1,2.515950203E0,1.018305016E1,-4.819950104E0
8.716772660E1,2.266950130E0,1.020900059E1,-4.471050262E0
8.717016999E1,2.293050051E0,9.799950600E0,-3.391050100E0
8.717261360E1,2.704950094E0,9.349950790E0,-2.686950207E0
8.717505699E1,3.078000069E0,8.770050049E0,-2.839950085E0
8.717750037E1,3.424950123E0,7.506000519E0,-2.977050066E0
8.717994376E1,3.937950134E0,7.129950523E0,-2.802000046E0
8.718238722E1,4.495950222E0,7.441050529E0,-2.869050026E0
8.718483061E1,4.551000118E0,7.336050510E0,-2.059950113E0
8.718727399E1,4.318050385E0,6.912000179E0,-1.279050112E0
8.718971761E1,3.516000271E0,6.559950352E0,-1.456050038E0
8.719216102E1,2.728950024E0,7.044000149E0,-1.356000066E0
8.719460448E1,2.398050070E0,7.104000568E0,-1.722000122E0
8.719704787E1,2.554050207E0,7.231050491E0,-2.163000107E0
8.719949125E1,3.616950274E0,8.112000465E0,-2.875950098E0
8.720193486E1,4.486050129E0,8.629050255E0,-4.642950058E0
8.720437825E1,3.805950165E0,9.024000168E0,-5.907000065E0
8.720682164E1,2.974950075E0,9.180000305E0,-6.051000118E0
8.720926510E1,2.353049994E0,8.670000076E0,-4.686000347E0
8.721170848E1,2.350050211E0,8.133000374E0,-3.292950153E0
8.721415187E1,2.491950035E0,7.887000561E0,-2.078999996E0
8.721659548E1,3.208050251E0,7.033950329E0,-1.588050127E0
8.721903887E1,4.515000343E0,5.619000435E0,-1.782000065E0
8.722148225E1,5.206950188E0,5.356050491E0,-2.353950024E0
8.722392571E1,4.804950237E0,5.782050133E0,-2.103000164E0
8.722636910E1,3.676950216E0,6.856950283E0,-2.269950151E0
8.722881271E1,2.856000185E0,7.390950203E0,-1.684050083E0
8.723125610E1,2.419950008E0,7.513050556E0,-1.459050059E0
8.723369948E1,2.247000217E0,7.923000336E0,-1.648050070E0
8.723614294E1,2.664000034E0,8.005949974E0,-3.031950235E0
8.723858633E1,3.138000250E0,8.164050102E0,-4.489950180E0
8.724102973E1,3.459000111E0,8.277000427E0,-4.972950459E0
8.724347334E1,3.351000071E0,8.100000381E0,-4.377000332E0
8.724591673E1,3.093000174E0,8.119050026E0,-3.187050104E0
8.724836011E1,3.528000116E0,7.789050579E0,-2.959950209E0
8.725080357E1,3.829950094E0,7.585050583E0,-3.079950094E0
8.725324696E1,3.673950195E0,7.092000484E0,-3.132000208E0
8.725569057E1,4.120050430E0,6.598950386E0,-2.790000200E0
8.725813396E1,4.741950035E0,6.318000317E0,-2.598000050E0
8.726057734E1,4.900050163E0,6.085950375E0,-1.983000040E0
8.726302073E1,4.246950150E0,6.010050297E0,-1.416000009E0
8.726546419E1,3.504000187E0,5.920950413E0,-5.539500117E-1
8.726790758E1,2.937000036E0,6.103050232E0,-1.900500059E-1
8.727035119E1,3.054000139E0,6.517050266E0,-1.023000002E0
8.727279458E1,4.314000130E0,7.164000511E0,-1.960950136E0
8.727523796E1,4.831050396E0,7.486950397E0,-3.430950165E0
8.727768144E1,4.905000210E0,8.016000748E0,-4.525950432E0
8.728012482E1,4.761000156E0,8.728950500E0,-4.971000195E0
8.728256821E1,3.871050119E0,8.944950104E0,-5.076000214E0
8.728501182E1,3.715050220E0,8.728950500E0,-4.432050228E0
8.728745521E1,4.072050095E0,8.236050606E0,-3.160950184E0
8.728989859E1,4.678050041E0,7.480050564E0,-1.983000040E0
8.729234205E1,5.290950298E0,7.015050411E0,-1.474950075E0
8.729478544E1,5.379000187E0,6.703950405E0,-1.605000019E0
8.729722905E1,5.584950447E0,6.634050369E0,-1.638000131E0
8.729967244E1,5.518050194E0,7.377000332E0,-1.939950109E0
8.730211582E1,4.867050171E0,8.097000122E0,-2.078999996E0
8.730455928E1,3.997950077E0,8.665050507E0,-1.558950067E0
8.730700267E1,3.186000109E0,9.055050850E0,-1.135050058E0
8.730944606E1,3.418050051E0,9.238950729E0,-1.522950053E0
8.731188968E1,4.263000011E0,9.409049988E0,-3.220950127E0
8.731433306E1,4.536000252E0,9.655950546E0,-4.162050247E0
8.731677645E1,4.572000027E0,9.667950630E0,-4.614000320E0
8.731921991E1,4.026000023E0,9.805050850E0,-3.570000172E0
8.732166330E1,4.527000427E0,9.682050705E0,-2.412000179E0
8.732410668E1,5.044050217E0,9.220050812E0,-2.011950016E0
8.732655029E1,5.089050293E0,8.557050705E0,-1.995000124E0
8.732899368E1,5.227950096E0,8.068950653E0,-2.124000072E0
8.733143706E1,5.856000423E0,7.480050564E0,-2.299050093E0
8.733388052E1,6.423000336E0,7.234950542E0,-2.689050198E0
8.733632390E1,5.950950146E0,7.222950459E0,-2.004000187E0
8.733876752E1,4.645950317E0,7.228050232E0,-8.940000534E-1
8.734121090E1,4.024050236E0,7.285950184E0,-4.950000439E-3
8.734365429E1,4.255949974E0,7.408050537E0,-8.205000311E-2
8.734609767E1,4.996050358E0,7.626000404E0,-1.456050038E0
8.734854114E1,5.893950462E0,7.858050346E0,-3.196950197E0
8.735098453E1,6.334050179E0,8.148000717E0,-5.272950172E0
8.735342814E1,6.033000469E0,8.690999985E0,-6.031950474E0
8.735587153E1,5.037000179E0,9.225000381E0,-5.545950413E0
8.735831492E1,4.361999989E0,9.205950737E0,-3.883950233E0
8.736075836E1,4.330049992E0,8.812950134E0,-2.482950211E0
8.736320175E1,4.996050358E0,8.230950356E0,-1.518000126E0
8.736564513E1,5.889000416E0,7.255050182E0,-1.842000127E0
8.736808875E1,6.310950279E0,6.262950420E0,-2.383050203E0
8.737053213E1,6.217050076E0,6.241950512E0,-2.368050098E0
8.737297553E1,5.323950291E0,6.733050346E0,-1.305000067E0
8.737541899E1,4.843050003E0,7.321950436E0,-6.250500083E-1
8.737786237E1,4.323000431E0,7.948950291E0,-5.080500245E-1
8.738030599E1,3.660000086E0,8.434950829E0,-8.940000534E-1
8.738274937E1,3.550050259E0,8.707950592E0,-1.546950102E0
8.738519274E1,3.964050293E0,9.112950325E0,-3.120000124E0
8.738763620E1,3.919050217E0,9.085950851E0,-4.427999973E0
8.739007958E1,4.455000401E0,9.337950706E0,-4.449000359E0
8.739252297E1,4.072050095E0,9.121950150E0,-3.867000103E0
8.739496658E1,4.575000286E0,8.822999954E0,-2.313000202E0
8.739740997E1,4.611000061E0,8.119050026E0,-1.909050107E0
8.739985335E1,4.657950401E0,7.762050152E0,-1.657050133E0
8.740229681E1,4.845000267E0,7.525050163E0,-2.028000116E0
8.740474020E1,5.602050304E0,6.988950253E0,-2.251049995E0
8.740718358E1,6.121050358E0,6.646050453E0,-2.004000187E0
8.740962720E1,5.865000248E0,6.400050163E0,-1.288950086E0
8.741207058E1,5.118000031E0,6.418950081E0,1.159500033E-1
8.741451397E1,4.773000240E0,6.543000221E0,6.349500418E-1
8.741695743E1,4.467000008E0,6.699000359E0,5.350500345E-1
8.741940082E1,4.539000034E0,7.374000549E0,-1.489500105E-1
8.742184443E1,4.833000183E0,7.975050449E0,-2.035950184E0
8.742428782E1,5.335950375E0,8.473050117E0,-4.432050228E0
8.742673120E1,5.484000206E0,8.614950180E0,-5.503050327E0
8.742917466E1,4.954950333E0,8.842050552E0,-5.184000015E0
8.743161803E1,4.467000008E0,8.548050880E0,-3.826950073E0
8.743406141E1,4.747050285E0,8.029950142E0,-1.954050064E0
8.743650502E1,5.022000313E0,7.555950165E0,-8.380500674E-1
8.743894841E1,5.470050335E0,7.009950161E0,-4.909500182E-1
8.744139180E1,5.986950397E0,6.237000465E0,-8.220000267E-1
8.744383525E1,6.427950382E0,6.144000053E0,-1.131000042E0
8.744627864E1,6.130950451E0,6.177000523E0,-9.340500236E-1
8.744872225E1,6.222000122E0,6.960000515E0,-5.970000029E-1
8.745116541E1,5.710050106E0,7.398000240E0,-5.730000138E-1
8.745360902E1,4.736999989E0,7.803000450E0,-5.220000148E-1
8.745605247E1,4.249050140E0,8.209950447E0,-4.750500321E-1
8.745849585E1,4.477050304E0,8.446949959E0,-1.590000033E0
8.746093924E1,4.941000462E0,8.653050423E0,-2.839950085E0
8.746338285E1,5.109000206E0,8.617050171E0,-3.172950268E0
8.746582624E1,5.182950020E0,8.610000610E0,-2.950050116E0
8.746826960E1,4.825950146E0,8.868000031E0,-1.690950036E0
8.747071306E1,5.146950245E0,8.646000862E0,-1.055999994E0
8.747315645E1,5.370000362E0,8.242950439E0,-1.369950056E0
8.747559983E1,5.395950317E0,7.819950581E0,-1.822950125E0
8.747804345E1,5.965950489E0,7.566000462E0,-1.851000071E0
8.748048683E1,6.483000278E0,7.165950298E0,-1.714950085E0
8.748293022E1,6.556950092E0,7.021950245E0,-1.195050001E0
8.748537360E1,5.710050106E0,7.233000278E0,-5.890500546E-1
8.748781706E1,4.785000324E0,7.516050339E0,4.605000094E-2
8.749026045E1,4.335000038E0,7.621050358E0,-3.000000026E-3
8.749270383E1,4.455000401E0,7.882050514E0,-9.769500494E-1
8.749514745E1,4.879050255E0,8.329950333E0,-2.524050236E0
8.749759091E1,5.500950336E0,8.614950180E0,-3.448050261E0
8.750003430E1,6.100050449E0,8.515950203E0,-4.108950138E0
8.750247768E1,5.953950405E0,8.868000031E0,-4.128000259E0
8.750492129E1,5.317050457E0,9.076950073E0,-3.396000147E0
8.750736468E1,4.929000378E0,8.988000870E0,-2.854050159E0
8.750980806E1,4.837950230E0,8.718000412E0,-2.337000132E0
8.751225152E1,4.996050358E0,8.215050697E0,-2.008949995E0
8.751469491E1,5.464950085E0,7.401000500E0,-1.837050080E0
8.751713852E1,5.851050377E0,6.855000496E0,-1.417950034E0
8.751958168E1,5.791050434E0,6.955050468E0,-1.015950084E0
8.752202529E1,4.963050365E0,7.458000183E0,-3.360000253E-1
8.752446868E1,4.759050369E0,8.077950478E0,-1.609500051E-1
8.752691214E1,4.551000118E0,8.133000374E0,-1.165950060E0
8.752935553E1,3.655050278E0,8.464050293E0,-2.140950203E0
8.753179914E1,3.313050270E0,8.707950592E0,-2.413950205E0
8.753424253E1,3.859050274E0,9.084000587E0,-2.610000134E0
8.753668591E1,4.606050014E0,9.025950432E0,-2.862000227E0
8.753912937E1,4.753950119E0,8.706000328E0,-2.680050135E0
8.754157274E1,4.648950100E0,8.727000237E0,-2.614950180E0
8.754401613E1,4.504950047E0,8.752950668E0,-2.239050150E0
8.754645974E1,4.716000080E0,8.338950157E0,-2.265000105E0
8.754890313E1,4.848000050E0,7.992000580E0,-2.887950182E0
8.755134653E1,4.800000191E0,7.614000320E0,-2.589000225E0
8.755378991E1,4.989000320E0,7.273950577E0,-1.738950133E0
8.755623337E1,5.383950233E0,6.946050167E0,-1.044000030E0
8.755867676E1,5.527950287E0,6.721050262E0,-4.410000145E-1
8.756112014E1,4.912050247E0,7.015050411E0,-2.350500077E-1
8.756356374E1,3.841950178E0,7.153950214E0,-7.999500632E-1
8.756600713E1,3.253050089E0,7.462950230E0,-1.264950037E0
8.756845051E1,3.286950111E0,7.768950462E0,-1.834950089E0
8.757089397E1,3.715050220E0,8.173950195E0,-2.206050158E0
8.757333736E1,4.693950176E0,8.524050713E0,-2.730000019E0
8.757578098E1,5.319000244E0,8.445000648E0,-3.633000135E0
8.757822436E1,4.942950249E0,8.647950172E0,-4.135050297E0
8.758066775E1,4.297049999E0,8.947050095E0,-3.915000200E0
8.758311121E1,3.856050253E0,8.779950142E0,-3.022050142E0
8.758555459E1,4.309050083E0,8.317950249E0,-2.239050150E0
8.758799799E1,4.567049980E0,7.750050545E0,-1.585050106E0
8.759044161E1,4.855050087E0,7.132050514E0,-1.327050090E0
8.759288499E1,5.382000446E0,6.570000172E0,-1.168950081E0
8.759532838E1,5.484000206E0,6.766050339E0,-1.042050004E0
8.759777184E1,4.239000320E0,7.276050568E0,-5.989500284E-1
8.760021545E1,4.153050423E0,8.026050568E0,-6.280500293E-1
8.760265861E1,3.724950075E0,8.136000633E0,-1.413000107E0
8.760510222E1,3.078000069E0,8.538000107E0,-2.068950176E0
8.760754568E1,2.595000029E0,9.072000504E0,-2.590950012E0
8.760998907E1,2.917950153E0,9.382950783E0,-2.929050207E0
8.761243245E1,3.636000156E0,9.318000793E0,-3.301950216E0
8.761487584E1,3.844050169E0,9.079050064E0,-3.166050196E0
8.761731945E1,3.600000143E0,9.112950325E0,-2.770950079E0
8.761976284E1,4.065000057E0,8.779950142E0,-2.361000061E0
8.762220622E1,4.486050129E0,8.430000305E0,-2.437950134E0
8.762464968E1,4.527000427E0,7.969950199E0,-2.947950125E0
8.762709307E1,4.411950111E0,7.513050556E0,-2.833050251E0
8.762953645E1,4.777950287E0,7.153950214E0,-2.116950035E0
8.763198007E1,5.398050308E0,6.831000328E0,-1.480050087E0
8.763442345E1,5.467950344E0,6.816000462E0,-7.240500450E-1
8.763686684E1,4.648950100E0,6.948000431E0,-8.170500398E-1
8.763931030E1,3.796950102E0,7.282950401E0,-1.441950083E0
8.764175368E1,3.303000212E0,7.494000435E0,-1.911000133E0
8.764419730E1,3.133050203E0,8.080950737E0,-2.272950172E0
8.764664068E1,3.511950254E0,8.623950005E0,-2.644050121E0
8.764908406E1,4.375950336E0,8.904000282E0,-3.337950230E0
8.765152745E1,4.852050304E0,8.986050606E0,-4.216950417E0
8.765397091E1,4.732950211E0,9.043050766E0,-4.653000355E0
8.765641430E1,3.957000256E0,9.330000877E0,-4.438950062E0
8.765885791E1,3.969000101E0,8.983050346E0,-3.733050108E0
8.766130130E1,4.330049992E0,8.409000397E0,-2.695950031E0
8.766374468E1,4.528950214E0,7.840950489E0,-1.918050051E0
8.766618814E1,5.092050076E0,7.108950138E0,-1.420050025E0
8.766863153E1,5.923050404E0,6.543000221E0,-1.497000098E0
8.767107491E1,5.917950153E0,6.766050339E0,-1.380000114E0
8.767351852E1,4.663050175E0,7.522950172E0,-8.220000267E-1
8.767596191E1,4.551000118E0,8.071050644E0,-1.003950000E0
8.767840530E1,3.913950205E0,8.446949959E0,-1.204950094E0
8.768084875E1,3.069000244E0,8.847000122E0,-1.687950134E0
8.768329215E1,2.803050041E0,9.424050331E0,-1.990050077E0
8.768573576E1,3.319950104E0,9.517050743E0,-2.956950188E0
8.768817915E1,4.054950237E0,9.426000595E0,-4.006050110E0
8.769062253E1,4.455000401E0,9.298950195E0,-3.750000238E0
8.769306599E1,4.234950066E0,9.354000092E0,-2.811000109E0
8.769550938E1,4.165050030E0,9.301950455E0,-1.915950060E0
8.769795277E1,4.522050381E0,8.928000450E0,-1.726950049E0
8.770039638E1,4.921950340E0,8.209950447E0,-2.311050177E0
8.770283977E1,4.891050339E0,7.662000179E0,-2.602950096E0
8.770528315E1,5.116050243E0,7.096950531E0,-1.935000062E0
8.770772661E1,5.817000389E0,6.772950172E0,-1.300950050E0
8.771017000E1,5.986950397E0,6.888000488E0,-6.450000405E-1
8.771261338E1,5.178000450E0,7.044000149E0,-4.240500331E-1
8.771505700E1,4.273050308E0,7.543950558E0,-3.640500307E-1
8.771750038E1,3.411000252E0,8.064000130E0,-8.580000401E-1
8.771994377E1,2.905950069E0,8.590950012E0,-1.546950102E0
8.772238723E1,3.310050249E0,8.908950806E0,-2.589000225E0
8.772483061E1,4.630050182E0,8.844000816E0,-3.859950066E0
8.772727423E1,5.230950356E0,8.707950592E0,-4.260000229E0
8.772971761E1,5.008050442E0,8.863950729E0,-3.871950150E0
8.773216100E1,4.468950272E0,8.935050011E0,-2.955000162E0
8.773460446E1,4.090950012E0,8.848950386E0,-2.220000029E0
8.773704785E1,4.306950092E0,8.452050209E0,-2.083950043E0
8.773949123E1,4.387950420E0,7.888950348E0,-1.957050085E0
8.774193485E1,4.648950100E0,7.092000484E0,-1.687950134E0
8.774437823E1,5.496000290E0,6.642000198E0,-1.492050052E0
8.774682162E1,5.755050182E0,6.709050179E0,-1.174050093E0
8.774926508E1,4.897950172E0,7.101000309E0,-5.100000501E-1
8.775170846E1,4.394999981E0,8.171999931E0,-3.240000010E-1
8.775415208E1,4.002000332E0,8.452050209E0,-1.156949997E0
8.775659523E1,3.208050251E0,8.895000458E0,-2.184000015E0
8.775903885E1,2.506050110E0,9.151050568E0,-2.746950150E0
8.776148231E1,2.865000248E0,9.201000214E0,-2.943000078E0
8.776392570E1,3.817950249E0,9.129000664E0,-3.277950048E0
8.776636908E1,4.402050018E0,8.914050102E0,-2.851950169E0
8.776881269E1,4.615050316E0,8.824950218E0,-2.254050016E0
8.777125607E1,4.057950020E0,8.907000542E0,-1.654950023E0
8.777369946E1,4.255949974E0,8.551950455E0,-1.662000060E0
8.777614292E1,4.414050102E0,8.257950783E0,-2.521950006E0
8.777858630E1,4.450050354E0,7.756950378E0,-2.646000147E0
8.778102968E1,4.690050125E0,7.453050137E0,-2.397000074E0
8.778347329E1,5.269050121E0,7.105950356E0,-1.456050038E0
8.778591668E1,5.643000126E0,6.735000134E0,-9.580500722E-1
8.778836006E1,5.164050102E0,7.077000141E0,-8.119500279E-1
8.779080344E1,4.065000057E0,7.599000454E0,-9.270000458E-1
8.779324690E1,3.124050140E0,7.872000217E0,-1.485000014E0
8.779569029E1,2.721000195E0,8.421000481E0,-1.794000030E0
8.779813368E1,3.154950142E0,8.619000435E0,-2.455050230E0
8.780057729E1,4.516950130E0,8.773050308E0,-3.553950071E0
8.780302068E1,5.395950317E0,8.706000328E0,-4.234050274E0
8.780546415E1,4.903050423E0,8.851950645E0,-4.530000210E0
8.780790754E1,3.910950184E0,9.289950371E0,-4.107000351E0
8.781035115E1,3.682050228E0,9.196050644E0,-2.850000143E0
8.781279454E1,4.192049980E0,8.571000099E0,-2.071950197E0
8.781523792E1,4.447950363E0,8.092950821E0,-1.522950053E0
8.781768131E1,4.717950344E0,7.302000523E0,-1.363050103E0
8.782012477E1,5.632950306E0,6.673050404E0,-1.669050097E0
8.782256838E1,5.875050068E0,6.646050453E0,-1.774950027E0
8.782501154E1,4.965000153E0,7.159050465E0,-8.790000677E-1
8.782745515E1,4.551000118E0,8.038050652E0,-7.260000110E-1
8.782989854E1,3.849000216E0,8.595000267E0,-8.070000410E-1
8.783234200E1,2.863050222E0,8.868000031E0,-1.204950094E0
8.783478539E1,2.559000015E0,9.369000435E0,-1.408050060E0
8.783722900E1,3.222000122E0,9.366000175E0,-2.743950129E0
8.783967216E1,4.042950153E0,9.223050117E0,-3.919950247E0
8.784211577E1,4.611000061E0,9.238950729E0,-3.760050297E0
8.784455916E1,4.207950115E0,9.208050728E0,-3.024000168E0
8.784700262E1,4.114950180E0,9.096000671E0,-1.702950120E0
8.784944601E1,4.273050308E0,8.623950005E0,-1.300950050E0
8.785188939E1,4.582050323E0,8.097000122E0,-1.693050027E0
8.785433300E1,4.804950237E0,7.566000462E0,-2.176950216E0
8.785677639E1,5.278950214E0,7.069950104E0,-2.095050097E0
8.785921978E1,6.042000294E0,6.639000416E0,-1.509000063E0
8.786166324E1,6.052050114E0,6.639000416E0,-1.078050017E0
8.786410662E1,5.218950272E0,6.867000103E0,-4.410000145E-1
8.786655001E1,4.386000156E0,7.336050510E0,-2.110500038E-1
8.786899362E1,3.732000113E0,7.755000591E0,-2.809500098E-1
8.787143701E1,3.388950109E0,8.338950157E0,-1.135050058E0
8.787388039E1,3.664950132E0,8.727000237E0,-2.373000145E0
8.787632385E1,4.903050423E0,8.811000824E0,-3.702000141E0
8.787876723E1,5.583000183E0,8.641050339E0,-4.498950005E0
8.788121085E1,4.735050201E0,9.024000168E0,-4.201950073E0
8.788365423E1,4.270950317E0,9.283050537E0,-3.055950165E0
8.788609762E1,4.084050179E0,8.868000031E0,-1.843950033E0
8.788854108E1,4.231950283E0,8.356050491E0,-1.252950072E0
8.789098446E1,4.563000202E0,7.924950600E0,-1.020000100E0
8.789342785E1,5.443950176E0,7.015050411E0,-1.164000034E0
8.789587146E1,6.385050297E0,6.766050339E0,-1.827000141E0
8.789831485E1,6.150000095E0,6.670050144E0,-1.698000073E0
8.790075823E1,5.310000420E0,7.374000549E0,-5.680500269E-1
8.790320169E1,4.833000183E0,8.164050102E0,-1.990500093E-1
8.790564508E1,4.147950172E0,8.602950096E0,-5.149500370E-1
8.790808846E1,3.382050276E0,8.662050247E0,-9.490500689E-1
8.791053208E1,3.298950195E0,9.064949989E0,-1.861050129E0
8.791297547E1,3.840000153E0,9.168000221E0,-2.728050232E0
8.791541893E1,4.441050053E0,8.943000793E0,-3.373950243E0
8.791786232E1,4.989000320E0,8.968950272E0,-3.333000183E0
8.792030570E1,4.492950439E0,9.055050850E0,-2.514000177E0
8.792274931E1,4.254000187E0,8.914050102E0,-1.533000112E0
8.792519269E1,4.306950092E0,8.611950874E0,-1.175999999E0
8.792763608E1,4.881000042E0,8.089950562E0,-1.486950040E0
8.793007954E1,5.214000225E0,7.540050507E0,-2.146050215E0
8.793252292E1,5.974950314E0,7.075050354E0,-2.091000080E0
8.793496631E1,6.492000103E0,6.649050236E0,-2.019000053E0
8.793740991E1,6.259950161E0,6.594000340E0,-1.140000105E0
8.793985330E1,5.155950069E0,6.940950394E0,-3.619500101E-1
8.794229668E1,4.474050045E0,7.135050297E0,4.180500209E-1
8.794474014E1,3.925950289E0,7.192050457E0,9.405000508E-2
8.794718353E1,4.768950462E0,7.425000191E0,-8.500500321E-1
8.794962691E1,5.331000328E0,7.437000275E0,-2.401950121E0
8.795207052E1,5.736000061E0,7.923000336E0,-3.976950169E0
8.795451391E1,5.803050041E0,8.370000839E0,-5.188950062E0
8.795695737E1,4.969950199E0,9.262950897E0,-5.914050102E0
8.795940076E1,4.720950127E0,8.974050522E0,-2.827950239E0
8.796184413E1,3.721950293E0,9.034049988E0,-3.259050131E0
8.796428774E1,2.839050055E0,8.787000656E0,-2.613000154E0
8.796673113E1,3.349050045E0,7.786050320E0,-2.407050133E0
8.796917451E1,5.002950191E0,6.816000462E0,-1.605000019E0
8.797161799E1,5.518050194E0,6.172050476E0,-1.665000081E0
8.797406137E1,5.451000214E0,6.622950077E0,-6.010500193E-1
8.797650476E1,5.164050102E0,7.381050587E0,-5.460000038E-1
8.797894814E1,5.046000004E0,8.341950417E0,-9.529500604E-1
8.798139175E1,3.978000164E0,8.740950584E0,-2.035950184E0
8.798383514E1,2.935050249E0,9.376049995E0,-2.505000114E0
8.798627852E1,2.620950222E0,9.517050743E0,-3.288000107E0
8.798872199E1,3.888000250E0,9.466950417E0,-3.451050282E0
8.799116560E1,4.703999996E0,9.127050400E0,-3.187050104E0
8.799360899E1,4.687050343E0,9.169950485E0,-2.833050251E0
8.799605235E1,4.299000263E0,9.436050415E0,-2.197950125E0
8.799849581E1,4.002000332E0,9.450000763E0,-2.047950029E0
8.800093912E1,3.160050154E0,9.481050491E0,-2.151000023E0
8.800338258E1,2.982000113E0,9.247050285E0,-2.011950016E0
8.800582597E1,3.994950294E0,8.657999992E0,-2.661000013E0
8.800826960E1,4.591050148E0,8.092950821E0,-2.983950138E0
8.801071298E1,4.800000191E0,7.554000378E0,-2.967000246E0
8.801315637E1,4.302000046E0,7.900950432E0,-2.625000238E0
8.801559983E1,3.394050121E0,7.992000580E0,-2.083950043E0
8.801804321E1,2.848050117E0,7.891050339E0,-1.621050119E0
8.802048661E1,3.058950186E0,7.819950581E0,-1.411050081E0
8.802293023E1,4.183950424E0,7.657050133E0,-2.076000214E0
8.802537361E1,5.311950207E0,7.798050404E0,-3.679950237E0
8.802781707E1,5.947050095E0,7.915050507E0,-4.909050465E0
8.803026046E1,5.350050449E0,8.137949944E0,-5.103000164E0
8.803270384E1,4.157999992E0,8.446949959E0,-4.090050220E0
8.803514745E1,3.253050089E0,8.380050659E0,-2.826000214E0
8.803759084E1,3.331950188E0,8.101950645E0,-1.969050050E0
8.804003422E1,3.724950075E0,7.839000225E0,-1.942050099E0
8.804247768E1,4.531949997E0,7.225950241E0,-1.758000135E0
8.804492107E1,4.447950363E0,7.101000309E0,-2.412000179E0
8.804736445E1,4.036050320E0,7.204050541E0,-1.783950090E0
8.804980807E1,3.208050251E0,8.113950729E0,-9.649500251E-1
8.805225145E1,2.479950190E0,8.506950378E0,-1.188000083E0
8.805469484E1,1.813950062E0,8.844000816E0,-1.717050076E0
8.805713830E1,1.218000054E0,9.157950401E0,-2.641050100E0
8.805958168E1,1.207950115E0,9.187050819E0,-3.505950212E0
8.806202507E1,2.512950182E0,8.476050377E0,-3.036000252E0
8.806446868E1,3.765000105E0,8.727000237E0,-3.750000238E0
8.806691207E1,3.688950062E0,8.955000877E0,-4.606950283E0
8.806935547E1,3.270000219E0,8.986050606E0,-3.649050236E0
8.807179893E1,2.853000164E0,9.117000580E0,-3.775950193E0
8.807424231E1,2.845950127E0,8.682000160E0,-3.826950073E0
8.807668593E1,3.069000244E0,8.023050308E0,-3.894000292E0
8.807912931E1,3.466050148E0,7.735950470E0,-3.451050282E0
8.808157268E1,3.976050138E0,7.165950298E0,-3.247050047E0
8.808401614E1,4.546050072E0,6.939000130E0,-2.320950031E0
8.808645953E1,4.002000332E0,7.201950550E0,-2.722950220E0
8.808890291E1,2.809950113E0,7.377000332E0,-2.610000134E0
8.809134652E1,2.233050108E0,8.184000015E0,-2.806950092E0
8.809378991E1,1.699050069E0,8.164050102E0,-2.347050190E0
8.809623330E1,1.680000067E0,8.494950294E0,-2.581950188E0
8.809867675E1,2.482050180E0,9.073950768E0,-2.827950239E0
8.810112014E1,4.041000366E0,9.069000244E0,-3.376050234E0
8.810356374E1,3.787050247E0,9.499950409E0,-4.416000366E0
8.810600689E1,2.599050045E0,1.020195007E1,-4.822950363E0
8.810845050E1,2.143949986E0,1.026705074E1,-4.756050110E0
8.811089397E1,2.073000193E0,9.943050385E0,-3.939000130E0
8.811333735E1,2.547000170E0,9.244050026E0,-3.184950113E0
8.811578075E1,2.998950243E0,8.266950607E0,-2.413950205E0
8.811822436E1,3.514050245E0,7.149000168E0,-2.203050137E0
8.812066775E1,4.225049973E0,6.795000553E0,-1.863000035E0
8.812311114E1,3.832050085E0,7.039050102E0,-1.675950050E0
8.812555460E1,3.214950085E0,7.707000256E0,-1.155000091E0
8.812799799E1,2.968050241E0,8.667000771E0,-1.717050076E0
8.813044137E1,2.101050138E0,9.205950737E0,-2.494950056E0
8.813288498E1,1.384950042E0,9.156000137E0,-2.458950043E0
8.813532837E1,1.420950055E0,9.025950432E0,-2.493000031E0
8.813777183E1,2.659050226E0,8.842050552E0,-2.941050053E0
8.814021514E1,3.877950191E0,8.679000854E0,-3.724050283E0
8.814265861E1,4.168050289E0,8.605050087E0,-4.223999977E0
8.814510199E1,3.745950222E0,8.373000145E0,-4.135050297E0
8.814754538E1,3.664950132E0,8.239050865E0,-3.534000158E0
8.814998899E1,4.012050152E0,8.197950363E0,-3.130050182E0
8.815243245E1,3.889950275E0,7.975050449E0,-2.706000090E0
8.815487584E1,3.718050241E0,7.336050510E0,-2.293950081E0
8.815731922E1,4.285050392E0,7.000950336E0,-1.830000043E0
8.815976284E1,4.864050388E0,6.702000141E0,-2.146050215E0
8.816220622E1,4.642050266E0,6.876000404E0,-2.742000103E0
8.816464959E1,3.603000164E0,7.462950230E0,-3.180000067E0
8.816709298E1,2.824050188E0,8.053950310E0,-2.907000065E0
8.816953644E1,2.242950201E0,8.322000504E0,-2.323050022E0
8.817197982E1,2.154000044E0,8.490000725E0,-2.026050091E0
8.817442321E1,3.088050127E0,8.590950012E0,-2.248950005E0
8.817686682E1,4.912050247E0,8.171999931E0,-3.646950245E0
8.817931021E1,5.422050476E0,8.124000549E0,-5.064000130E0
8.818175367E1,4.986000061E0,8.440050125E0,-5.404050350E0
8.818419705E1,4.456950188E0,8.598000526E0,-4.939950466E0
8.818664044E1,4.132050037E0,8.440050125E0,-3.529950142E0
8.818908405E1,4.687050343E0,8.113950729E0,-2.553000212E0
8.819152744E1,4.855050087E0,7.566000462E0,-2.316000223E0
8.819397082E1,4.828050137E0,7.057950497E0,-2.158050060E0
8.819641428E1,5.085000038E0,6.678000450E0,-2.437950134E0
8.819885767E1,5.017950058E0,6.799950123E0,-2.280000210E0
8.820130104E1,4.558050156E0,7.366950512E0,-1.846050143E0
8.820374465E1,4.314000130E0,8.337000847E0,-1.593000054E0
8.820618804E1,3.538050175E0,8.914050102E0,-1.723950028E0
8.820863142E1,2.664000034E0,9.397050858E0,-1.995000124E0
8.821107488E1,2.578050137E0,9.577050209E0,-2.779950142E0
8.821351826E1,3.825000286E0,9.349950790E0,-3.283050060E0
8.821596165E1,4.885950089E0,8.952000618E0,-3.823950291E0
8.821840526E1,5.218950272E0,8.808000565E0,-3.433950186E0
8.822084865E1,5.044050217E0,8.635950089E0,-2.847000122E0
8.822329203E1,4.942950249E0,8.751000404E0,-2.232000113E0
8.822573550E1,5.326050282E0,8.404050827E0,-2.565000057E0
8.822817889E1,5.130000114E0,8.374950409E0,-3.052950144E0
8.823062250E1,4.459950447E0,8.071050644E0,-2.637000084E0
8.823306589E1,4.639050007E0,7.678050518E0,-1.906050086E0
8.823550928E1,5.155950069E0,7.164000511E0,-1.510950089E0
8.823795275E1,5.599050045E0,6.991050243E0,-1.312950015E0
8.824039614E1,5.104050159E0,7.123050213E0,-1.444050074E0
8.824283952E1,3.844050169E0,7.717050552E0,-1.449000120E0
8.824528313E1,3.069000244E0,8.145000458E0,-1.450950027E0
8.824772652E1,2.821950197E0,8.346000671E0,-1.389000058E0
8.825016992E1,3.993000269E0,8.317950249E0,-1.861050129E0
8.825261338E1,5.520000458E0,8.248050690E0,-2.881050110E0
8.825505677E1,5.844000340E0,8.148000717E0,-3.985050201E0
8.825750038E1,5.314950466E0,8.513999939E0,-4.914000034E0
8.825994377E1,4.789950371E0,8.476050377E0,-4.672049999E0
8.826238716E1,4.474050045E0,8.125950813E0,-3.424050093E0
8.826483062E1,4.455000401E0,7.791000366E0,-1.854000092E0
8.826727400E1,4.933950424E0,7.173000336E0,-1.281000018E0
8.826971739E1,5.530050278E0,6.388050079E0,-1.497000098E0
8.827216100E1,5.953950405E0,6.067050457E0,-1.963950038E0
8.827460439E1,5.500950336E0,6.334950447E0,-2.470950127E0
8.827704777E1,4.531949997E0,7.168050289E0,-1.699950099E0
8.827949116E1,4.423950195E0,7.705050468E0,-1.672050118E0
8.828193462E1,3.588000059E0,8.310000420E0,-1.264950037E0
8.828437801E1,2.536950111E0,8.287050247E0,-1.255050063E0
8.828682139E1,2.712000132E0,8.803950310E0,-1.143000007E0
8.828926500E1,4.052999973E0,8.401050568E0,-2.875950098E0
8.829170839E1,4.879050255E0,8.145000458E0,-3.609000206E0
8.829415185E1,4.741950035E0,8.313000679E0,-3.895950079E0
8.829659527E1,4.009950161E0,8.313000679E0,-3.364050150E0
8.829903888E1,4.663050175E0,8.631000519E0,-1.990050077E0
8.830148204E1,4.299000263E0,8.314949989E0,-1.837050080E0
8.830392565E1,3.859050274E0,7.846050262E0,-1.930050135E0
8.830636904E1,4.216050148E0,7.458000183E0,-2.317950010E0
8.830881248E1,4.855050087E0,7.213950157E0,-2.116950035E0
8.831125587E1,5.592000484E0,6.487950325E0,-2.584050179E0
8.831369926E1,5.815050125E0,6.634050369E0,-2.131050110E0
8.831614287E1,4.624950409E0,6.772950172E0,-1.972950101E0
8.831858626E1,3.508950233E0,7.480050564E0,-1.429950118E0
8.832102964E1,3.175950050E0,7.723950386E0,-1.329000115E0
8.832347310E1,3.030000210E0,8.014050484E0,-1.686000109E0
8.832591648E1,3.370050192E0,8.263050079E0,-2.625000238E0
8.832835987E1,4.660950184E0,8.635950089E0,-3.802950144E0
8.833080348E1,4.656000137E0,8.799000740E0,-4.758000374E0
8.833324686E1,3.970950127E0,9.153000832E0,-5.146050453E0
8.833569032E1,3.603000164E0,9.322950363E0,-4.750950336E0
8.833813371E1,3.283950090E0,8.988000870E0,-3.360000134E0
8.834057709E1,3.538050175E0,8.422950745E0,-2.239050150E0
8.834302071E1,4.101000309E0,7.792950153E0,-2.220000029E0
8.834546409E1,4.687050343E0,6.984000206E0,-2.742000103E0
8.834790748E1,5.190000057E0,6.759000301E0,-3.441000223E0
8.835035094E1,4.536000252E0,6.997950554E0,-3.324000120E0
8.835279432E1,3.837000132E0,7.732950211E0,-2.188950062E0
8.835523771E1,3.715050220E0,8.155050278E0,-2.194050074E0
8.835768133E1,2.817000151E0,8.752950668E0,-2.577000141E0
8.836012471E1,2.143949986E0,8.667000771E0,-2.598000050E0
8.836256810E1,2.223000050E0,8.763000488E0,-3.055950165E0
8.836501148E1,3.451950073E0,8.623950005E0,-3.843000174E0
8.836745494E1,4.002000332E0,8.590950012E0,-4.260000229E0
8.836989833E1,3.769950151E0,8.749050140E0,-4.332000256E0
8.837234172E1,3.552000284E0,8.430000305E0,-4.003950119E0
8.837478533E1,3.732000113E0,8.445000648E0,-3.622950077E0
8.837722879E1,3.685950279E0,8.406000137E0,-3.522000074E0
8.837967210E1,3.366000175E0,8.061000824E0,-3.718950272E0
8.838211557E1,3.151950121E0,7.852950573E0,-3.424050093E0
8.838455895E1,3.646050215E0,7.438950539E0,-3.076950073E0
8.838700257E1,4.230000019E0,7.053000450E0,-3.091950178E0
8.838944595E1,4.255949974E0,7.099050522E0,-2.986050129E0
8.839188934E1,3.184050083E0,7.314000130E0,-2.950050116E0
8.839433280E1,2.263950109E0,7.863000393E0,-2.854050159E0
8.839677618E1,1.984050035E0,8.071050644E0,-2.779950142E0
8.839921957E1,2.049000025E0,8.185950279E0,-2.878050089E0
8.840166318E1,2.515950203E0,8.181000710E0,-3.490950108E0
8.840410664E1,3.763050079E0,8.299050331E0,-4.432050228E0
8.840654995E1,4.153050423E0,8.361000061E0,-5.443050385E0
8.840899341E1,3.615000248E0,8.715000153E0,-5.922000408E0
8.841143679E1,3.088050127E0,8.844000816E0,-5.457000256E0
8.841388041E1,2.953950167E0,8.689050674E0,-4.392000198E0
8.841632378E1,3.148050070E0,8.389050484E0,-3.388050079E0
8.841876716E1,3.210000038E0,7.963050365E0,-3.079950094E0
8.842121062E1,3.940050125E0,7.153950214E0,-3.448050261E0
8.842365401E1,4.347000122E0,6.745050430E0,-4.212000370E0
8.842609740E1,3.366000175E0,7.111050129E0,-4.207050323E0
8.842854101E1,2.520000219E0,7.590000153E0,-3.208950043E0
8.843098440E1,2.698050022E0,8.203050613E0,-2.566950083E0
8.843342778E1,2.295000076E0,8.713050842E0,-2.731950045E0
8.843587124E1,1.548000097E0,8.872950554E0,-3.520050049E0
8.843831463E1,1.351950049E0,9.031050682E0,-3.930000305E0
8.844075801E1,1.507950068E0,8.923050880E0,-4.012950420E0
8.844320162E1,2.218950033E0,8.751000404E0,-4.042050362E0
8.844564501E1,2.973000050E0,8.695950508E0,-4.723950386E0
8.844808840E1,2.353049994E0,8.938050270E0,-4.726950169E0
8.845053186E1,2.391000032E0,8.569050789E0,-4.417950153E0
8.845297522E1,2.896050215E0,8.641050339E0,-4.027950287E0
8.845541884E1,2.680950165E0,8.749050140E0,-4.240950108E0
8.845786222E1,2.046000004E0,8.595000267E0,-3.577950239E0
8.846030561E1,2.535000086E0,8.272050858E0,-3.091950178E0
8.846274907E1,2.997000217E0,8.023050308E0,-4.437000275E0
8.846519247E1,3.198000193E0,7.441050529E0,-4.164000034E0
8.846763585E1,2.905950069E0,7.543950558E0,-4.296000004E0
8.847007947E1,2.167950153E0,7.522950172E0,-3.501000166E0
8.847252285E1,1.596000075E0,7.477050304E0,-2.839950085E0
8.847496624E1,1.408950090E0,7.675950527E0,-2.589000225E0
8.847740970E1,1.642050028E0,7.956000328E0,-3.265950203E0
8.847985308E1,2.422049999E0,8.290950775E0,-4.565999985E0
8.848229670E1,3.124050140E0,8.539950371E0,-6.229950428E0
8.848473985E1,2.737950087E0,9.048000336E0,-7.159050465E0
8.848718347E1,2.077050209E0,9.289950371E0,-6.748050213E0
8.848962684E1,1.596000075E0,9.400050163E0,-5.110050201E0
8.849207030E1,1.512000084E0,9.172050476E0,-3.573000193E0
8.849451368E1,1.869000077E0,8.690999985E0,-3.003000259E0
8.849695730E1,2.566050053E0,8.241000175E0,-4.681050301E0
8.849940068E1,3.330000162E0,7.261950493E0,-5.187000275E0
8.850184406E1,2.944050074E0,7.216050148E0,-5.110050201E0
8.850428745E1,2.287950039E0,7.642050266E0,-3.886050224E0
8.850673091E1,2.130000114E0,7.872000217E0,-3.012000084E0
8.850917430E1,1.579050064E0,8.338950157E0,-3.058050156E0
8.851161768E1,1.134000063E0,8.373000145E0,-3.475050211E0
8.851406129E1,8.299500346E-1,8.533050537E0,-4.279050350E0
8.851650468E1,1.098000050E0,8.638050079E0,-5.032950401E0
8.851894806E1,1.548000097E0,8.830050468E0,-5.293950081E0
8.852139152E1,1.660950065E0,9.505050659E0,-5.224950314E0
8.852383492E1,1.255950093E0,9.622950554E0,-4.756050110E0
8.852627831E1,1.096050024E0,9.534000397E0,-3.823950291E0
8.852872192E1,1.405050039E0,9.406949997E0,-3.633000135E0
8.853116531E1,1.546050072E0,9.057000160E0,-3.870000124E0
8.853360869E1,1.464000106E0,8.611950874E0,-4.179000378E0
8.853605214E1,1.551000118E0,8.085000038E0,-4.480050087E0
8.853849553E1,2.202000141E0,7.690050602E0,-5.352000237E0
8.854093914E1,2.932050228E0,7.168050289E0,-4.558950424E0
8.854338253E1,2.182950020E0,7.518000126E0,-4.240950108E0
8.854582591E1,1.170000076E0,7.714050293E0,-2.244000196E0
8.854826937E1,8.590500355E-1,7.675950527E0,-1.987950087E0
8.855071276E1,1.012050033E0,7.744950294E0,-2.542950153E0
8.855315614E1,1.219950080E0,7.947000504E0,-3.838950157E0
8.855559976E1,1.606050134E0,8.749050140E0,-4.969050407E0
8.855804314E1,1.849950075E0,9.055050850E0,-6.192000389E0
8.856048652E1,1.728000045E0,9.445050240E0,-6.883950233E0
8.856292990E1,1.201050043E0,9.745050430E0,-6.742950439E0
8.856537336E1,6.049500108E-1,9.594000816E0,-6.079950333E0
8.856781698E1,3.730500042E-1,9.321000099E0,-4.657050133E0
8.857026036E1,8.950500488E-1,8.610000610E0,-4.528050423E0
8.857270374E1,1.684950113E0,7.807950497E0,-4.492050171E0
8.857514720E1,1.900050044E0,7.317000389E0,-5.212950230E0
8.857759059E1,2.323950052E0,7.140000343E0,-3.987000227E0
8.858003397E1,2.350050211E0,8.176050186E0,-3.939000130E0
8.858247736E1,1.632000089E0,8.578950882E0,-3.616050243E0
8.858492098E1,9.739500284E-1,8.467950821E0,-3.106050253E0
8.858736436E1,6.769500375E-1,8.638050079E0,-3.654000282E0
8.858980775E1,6.259500384E-1,8.479949951E0,-4.186050415E0
8.859225121E1,5.910000205E-1,8.718000412E0,-4.947000027E0
8.859469459E1,7.440000176E-1,8.818050385E0,-5.518950462E0
8.859713799E1,8.299500346E-1,9.268050194E0,-5.497950077E0
8.859958161E1,9.090000391E-1,9.819000244E0,-5.266050339E0
8.860202499E1,6.859500408E-1,9.943050385E0,-4.518000126E0
8.860446845E1,7.390500307E-1,9.856950760E0,-4.291050434E0
8.860691184E1,8.830500245E-1,9.618000031E0,-4.578000069E0
8.860935522E1,8.160000443E-1,9.325950623E0,-4.186050415E0
8.861179861E1,9.330000281E-1,8.581050873E0,-4.269000053E0
8.861424222E1,1.789950132E0,8.133000374E0,-5.749050140E0
8.861668561E1,2.463000059E0,7.762050152E0,-4.819950104E0
8.861912907E1,1.986000061E0,7.899000168E0,-4.532999992E0
8.862157244E1,1.125000000E0,7.996950150E0,-3.700050116E0
8.862401582E1,8.160000443E-1,8.049000740E0,-3.148950100E0
8.862645944E1,8.320500255E-1,8.064000130E0,-3.580050230E0
8.862890282E1,1.002000093E0,8.218950272E0,-4.204950333E0
8.863134619E1,1.306050062E0,8.454000473E0,-4.813050270E0
8.863378965E1,1.708950043E0,9.061950684E0,-5.344950199E0
8.863623304E1,1.819050074E0,9.679950714E0,-6.118050098E0
8.863867642E1,1.498050094E0,1.008900070E1,-6.325950146E0
8.864112004E1,9.210000634E-1,1.013700008E1,-6.441000462E0
8.864356342E1,8.280000687E-1,9.510000229E0,-5.839950085E0
8.864600688E1,1.444950104E0,8.830050468E0,-5.268000126E0
8.864845027E1,2.044049978E0,8.278950691E0,-4.435050011E0
8.865089365E1,1.939050078E0,7.462950230E0,-4.746000290E0
8.865333726E1,2.176050186E0,7.252050400E0,-3.943950176E0
8.865578065E1,2.608950138E0,7.935000420E0,-3.511050224E0
8.865822404E1,2.518050194E0,8.449049950E0,-3.558000088E0
8.866066750E1,1.986000061E0,8.629050255E0,-3.058050156E0
8.866311088E1,1.444950104E0,8.938050270E0,-3.348000050E0
8.866555427E1,1.006950021E0,9.244050026E0,-3.927000284E0
8.866799788E1,6.649500132E-1,9.453000069E0,-4.147050381E0
8.867044127E1,4.969500303E-1,9.490950584E0,-4.795950413E0
8.867288465E1,7.510500550E-1,9.679950714E0,-5.967000484E0
8.867532804E1,1.017000079E0,1.000800037E1,-5.875950336E0
8.867777150E1,9.349500537E-1,1.030005074E1,-5.067000389E0
8.868021488E1,1.251000047E0,1.006995010E1,-4.582950115E0
8.868265850E1,1.603050113E0,9.907050133E0,-4.324950218E0
8.868510188E1,1.342050076E0,9.558000565E0,-4.044000149E0
8.868754534E1,1.432950020E0,9.144000053E0,-3.799950123E0
8.868998873E1,2.050950050E0,8.440050125E0,-4.473000050E0
8.869243212E1,2.491950035E0,7.864950180E0,-5.179050446E0
8.869487550E1,2.707050085E0,7.594950199E0,-4.461000443E0
8.869731912E1,2.101050138E0,7.786050320E0,-2.931000233E0
8.869976250E1,1.146000028E0,8.143050194E0,-2.653050184E0
8.870220589E1,1.048050046E0,8.409000397E0,-2.218050003E0
8.870464935E1,1.278000116E0,8.437050819E0,-2.526000023E0
8.870709274E1,1.555050015E0,8.743950844E0,-3.417000055E0
8.870953612E1,1.872000098E0,9.049950600E0,-5.040000439E0
8.871197974E1,2.098950148E0,9.450000763E0,-6.087000370E0
8.871442312E1,1.747050047E0,9.859950066E0,-7.072950363E0
8.871686649E1,1.218000054E0,1.021905041E1,-7.228950500E0
8.871930995E1,1.194000006E0,9.690000534E0,-6.064950466E0
8.872175334E1,1.503000021E0,9.589050293E0,-4.858050346E0
8.872419695E1,1.951050043E0,8.703000069E0,-3.975000143E0
8.872664034E1,1.857000113E0,7.894050598E0,-4.164000034E0
8.872908375E1,2.062950134E0,7.549050331E0,-4.252950191E0
8.873152721E1,2.410050154E0,7.779000282E0,-3.010050058E0
8.873397060E1,2.578050137E0,7.852950573E0,-2.869050026E0
8.873641398E1,2.680950165E0,8.017950058E0,-3.034050226E0
8.873885760E1,2.173050165E0,8.689050674E0,-2.845050097E0
8.874130098E1,1.584000111E0,8.920950890E0,-2.979000092E0
8.874374436E1,1.024049997E0,8.919000626E0,-2.959950209E0
8.874618782E1,7.249500155E-1,9.511950493E0,-4.072950363E0
8.874863121E1,7.699500322E-1,9.553050041E0,-5.778000355E0
8.875107460E1,9.280500412E-1,9.814050674E0,-5.914050102E0
8.875351798E1,8.230500221E-1,9.864000320E0,-6.736050129E0
8.875596160E1,1.069050074E0,9.703950882E0,-5.871000290E0
8.875840498E1,1.954950094E0,9.249000549E0,-4.983000278E0
8.876084837E1,1.560000062E0,8.986050606E0,-4.155000210E0
8.876329183E1,1.539000034E0,8.566950798E0,-3.754950285E0
8.876573545E1,2.254950047E0,8.278950691E0,-4.246050358E0
8.876817883E1,2.580000162E0,7.450950146E0,-4.063950062E0
8.877062222E1,2.527950048E0,6.970050335E0,-4.228950024E0
8.877306560E1,2.358000040E0,7.276050568E0,-3.244950056E0
8.877550907E1,2.068050146E0,7.687950134E0,-2.683950186E0
8.877795246E1,1.150950074E0,7.551000595E0,-2.323050022E0
8.878039584E1,8.800500631E-1,7.942050457E0,-2.083950043E0
8.878283946E1,1.420950055E0,8.085000038E0,-3.460050106E0
8.878528284E1,1.912050128E0,8.473050117E0,-4.363049984E0
8.878772629E1,2.143949986E0,9.412050247E0,-5.188950062E0
8.879016968E1,1.888050079E0,9.577050209E0,-6.112950325E0
8.879261329E1,1.333050013E0,1.013295078E1,-7.150050163E0
8.879505644E1,7.369500399E-1,1.008000088E1,-6.601950169E0
8.879750006E1,4.420500100E-1,9.390000343E0,-5.347050190E0
8.879994344E1,1.261050105E0,8.822999954E0,-4.585950375E0
8.880238690E1,1.777950048E0,8.157000542E0,-4.051949978E0
8.880483029E1,1.816050053E0,7.528050423E0,-3.187050104E0
8.880727368E1,2.002950191E0,7.350000381E0,-2.503050089E0
8.880971729E1,2.213999987E0,7.671000481E0,-2.932950258E0
8.881216069E1,2.656950235E0,8.064000130E0,-2.452050209E0
8.881460408E1,2.506050110E0,8.334000587E0,-2.857050180E0
8.881704753E1,1.632000089E0,8.665050507E0,-3.079950094E0
8.881949092E1,1.086000085E0,8.908950806E0,-2.742000103E0
8.882193431E1,1.053000093E0,8.916000366E0,-3.472050190E0
8.882437792E1,9.070500135E-1,9.253950119E0,-4.498950005E0
8.882682131E1,1.084050059E0,9.247050285E0,-6.132000446E0
8.882926469E1,1.053000093E0,9.475950241E0,-6.532050133E0
8.883170815E1,8.730000257E-1,9.691950798E0,-6.166050434E0
8.883415154E1,9.280500412E-1,9.318000793E0,-5.020950317E0
8.883659516E1,1.359000087E0,9.175050735E0,-4.279050350E0
8.883903855E1,1.098000050E0,8.811000824E0,-3.669000149E0
8.884148193E1,1.231950045E0,8.533050537E0,-4.159049988E0
8.884392539E1,2.077050209E0,7.900950432E0,-3.745050192E0
8.884636878E1,2.674050093E0,7.413000584E0,-3.349950075E0
8.884881215E1,3.025950193E0,7.153950214E0,-3.594000101E0
8.885125576E1,2.809950113E0,7.875000477E0,-2.755950212E0
8.885369915E1,2.190000057E0,7.852950573E0,-2.236950159E0
8.885614253E1,1.357050061E0,7.579950333E0,-2.662950039E0
8.885858592E1,1.507950068E0,8.049000740E0,-3.075000048E0
8.886102938E1,2.065050125E0,8.217000008E0,-3.700050116E0
8.886347276E1,2.677950144E0,8.743950844E0,-4.600050449E0
8.886591615E1,2.881950140E0,8.848950386E0,-5.494950294E0
8.886835976E1,2.050950050E0,9.378000259E0,-6.475050449E0
8.887080322E1,1.861950040E0,9.579000473E0,-7.144950390E0
8.887324655E1,1.524000049E0,9.465000153E0,-6.369000435E0
8.887569001E1,1.255950093E0,9.330000877E0,-4.990050316E0
8.887813339E1,2.034000158E0,7.848000526E0,-3.799950123E0
8.888057700E1,2.203950167E0,6.961950302E0,-3.172950268E0
8.888302039E1,2.202000141E0,7.257000446E0,-3.420000076E0
8.888546377E1,2.263950109E0,7.894050598E0,-2.881050110E0
8.888790723E1,3.220050097E0,8.038050652E0,-1.959000111E0
8.889035062E1,3.588000059E0,8.023050308E0,-2.605050087E0
8.889279400E1,2.938950062E0,8.626950264E0,-1.933050036E0
8.889523762E1,1.861950040E0,8.536050797E0,-1.887000084E0
8.889768101E1,1.615050077E0,8.263050079E0,-2.562000036E0
8.890012440E1,2.061000109E0,8.277000427E0,-3.490950108E0
8.890256786E1,2.638050079E0,8.421000481E0,-3.907950163E0
8.890501124E1,3.129000187E0,8.377950668E0,-4.468050003E0
8.890745463E1,2.506050110E0,8.497050285E0,-5.533950329E0
8.890989825E1,2.307000160E0,8.581050873E0,-5.968950272E0
8.891234163E1,2.230950117E0,8.617050171E0,-5.160000324E0
8.891478509E1,2.037000179E0,8.124000549E0,-3.894000292E0
8.891722848E1,2.338050127E0,7.606950283E0,-2.625000238E0
8.891967186E1,3.318000078E0,6.673050404E0,-2.287050009E0
8.892211546E1,3.724950075E0,6.691950321E0,-2.791950226E0
8.892455885E1,3.598050117E0,7.366950512E0,-1.803000093E0
8.892700223E1,3.081000090E0,6.958050251E0,-1.147050023E0
8.892944562E1,3.085050106E0,6.646050453E0,-8.670000434E-1
8.893188907E1,3.559050083E0,6.775950432E0,-1.521000028E0
8.893433245E1,3.961950302E0,6.919050217E0,-2.128950119E0
8.893677584E1,4.447950363E0,7.228050232E0,-3.015000105E0
8.893921945E1,4.990950108E0,7.768950462E0,-4.699950218E0
8.894166284E1,6.093000412E0,8.053950310E0,-5.827950478E0
8.894410623E1,5.728950500E0,7.972950459E0,-6.360000134E0
8.894654969E1,4.198950291E0,9.025950432E0,-5.953050137E0
8.894899330E1,2.920050144E0,9.031050682E0,-4.363049984E0
8.895143646E1,2.977950096E0,8.563950539E0,-2.874000072E0
8.895388007E1,3.603000164E0,7.978050232E0,-2.035950184E0
8.895632345E1,4.069050312E0,7.402950287E0,-1.846050143E0
8.895876691E1,4.552950382E0,7.080000401E0,-2.151000023E0
8.896121030E1,4.618050098E0,7.056000233E0,-2.277000189E0
8.896365369E1,3.994950294E0,7.645050526E0,-2.359050035E0
8.896609730E1,4.009950161E0,8.509050369E0,-2.799000025E0
8.896854067E1,4.093050003E0,8.545050621E0,-3.417000055E0
8.897098405E1,3.658050060E0,9.129000664E0,-4.051949978E0
8.897342751E1,3.001950026E0,9.274950027E0,-4.308000088E0
8.897587090E1,2.484000206E0,9.097949982E0,-4.411050320E0
8.897831429E1,3.174000263E0,9.370950699E0,-4.345950127E0
8.898075790E1,4.033950329E0,8.887950897E0,-4.558950424E0
8.898320129E1,4.515000343E0,8.657999992E0,-4.438950062E0
8.898564475E1,4.303950310E0,8.758049965E0,-4.012950420E0
8.898808814E1,3.961950302E0,8.797050476E0,-3.871950150E0
8.899053152E1,3.792000294E0,8.727000237E0,-3.985050201E0
8.899297515E1,3.945000172E0,8.550000191E0,-3.925050259E0
8.899541854E1,4.408950329E0,8.422950745E0,-3.745050192E0
8.899786192E1,4.512000084E0,7.992000580E0,-3.457950115E0
8.900030538E1,4.896000385E0,7.675950527E0,-2.919000149E0
8.900274877E1,5.037000179E0,7.353000164E0,-3.076950073E0
8.900519214E1,4.438050270E0,7.189950466E0,-3.268950224E0
8.900763575E1,3.937950134E0,7.216050148E0,-2.814000130E0
8.901007914E1,3.640950203E0,7.273950577E0,-1.902000070E0
8.901252252E1,3.648000240E0,7.638000488E0,-2.111999989E0
8.901496591E1,4.105050087E0,7.969950199E0,-2.455050230E0
8.901740936E1,4.861950397E0,8.227050781E0,-3.781050205E0
8.901985298E1,4.837950230E0,8.389050484E0,-5.431050301E0
8.902229613E1,4.246950150E0,8.872950554E0,-5.979000092E0
8.902473974E1,3.279000044E0,9.004950523E0,-5.692050457E0
8.902718313E1,3.166950226E0,8.706000328E0,-4.030050278E0
8.902962653E1,4.084050179E0,7.863000393E0,-2.220000029E0
8.903206999E1,4.644000053E0,7.249950409E0,-1.702950120E0
8.903451338E1,4.984050274E0,6.631950378E0,-1.981050134E0
8.903695699E1,5.230950356E0,6.262950420E0,-2.055000067E0
8.903940038E1,5.200050354E0,6.579000473E0,-1.882050037E0
8.904184376E1,5.070000172E0,6.994050503E0,-2.364000082E0
8.904428722E1,4.263000011E0,7.575000286E0,-2.476050138E0
8.904673061E1,3.208050251E0,7.935000420E0,-2.335050106E0
8.904917399E1,2.425050020E0,8.365950584E0,-1.597050071E0
8.905161760E1,2.731050014E0,8.454000473E0,-2.062050104E0
8.905406099E1,3.580950260E0,8.437050819E0,-2.775000095E0
8.905650438E1,3.789000273E0,8.859000206E0,-3.490950108E0
8.905894784E1,3.109050035E0,8.952000618E0,-3.757050276E0
8.906139122E1,2.656950235E0,9.120000839E0,-3.196950197E0
8.906383483E1,3.093000174E0,8.701050758E0,-2.766000032E0
8.906627821E1,3.250950098E0,8.301000595E0,-2.078999996E0
8.906872160E1,3.139950037E0,7.870050430E0,-2.268000126E0
8.907116506E1,3.490050077E0,7.378950119E0,-2.209950209E0
8.907360844E1,4.675050259E0,6.787950516E0,-2.464050055E0
8.907605184E1,5.331000328E0,6.687000275E0,-2.677050114E0
8.907849546E1,4.624950409E0,6.867000103E0,-2.031000137E0
8.908093884E1,3.271950245E0,6.910050392E0,-1.473000050E0
8.908338223E1,2.674050093E0,7.273950577E0,-1.008000016E0
8.908582569E1,2.832000017E0,7.261950493E0,-1.393950105E0
8.908826908E1,3.373050213E0,7.501050472E0,-2.122050047E0
8.909071246E1,4.026000023E0,7.920000553E0,-3.264000177E0
8.909315585E1,4.740000248E0,8.047050476E0,-3.640050173E0
8.909559946E1,4.263000011E0,8.530950546E0,-5.947950363E0
8.909804285E1,3.520950079E0,9.024000168E0,-6.376050472E0
8.910048624E1,2.844000101E0,8.908950806E0,-5.767950058E0
8.910292970E1,2.827050209E0,8.626950264E0,-4.351050377E0
8.910537309E1,3.214950085E0,7.956000328E0,-2.737050056E0
8.910781647E1,4.033950329E0,7.257000446E0,-2.197950125E0
8.911026009E1,4.543950081E0,6.795000553E0,-1.903950095E0
8.911270347E1,4.681950092E0,6.619950294E0,-1.699950099E0
8.911514693E1,4.165050030E0,7.333950520E0,-1.990050077E0
8.911759032E1,3.978000164E0,8.203050613E0,-2.500050068E0
8.912003370E1,3.411000252E0,8.437050819E0,-2.752050161E0
8.912247732E1,2.472000122E0,8.761050224E0,-3.072000027E0
8.912492070E1,1.954950094E0,8.842050552E0,-3.112950087E0
8.912736408E1,2.295000076E0,8.719950676E0,-3.216000080E0
8.912980754E1,3.363000154E0,8.557050705E0,-3.304950237E0
8.913225093E1,3.880050182E0,8.665050507E0,-3.703950167E0
8.913469431E1,3.703050137E0,8.554950714E0,-3.405000210E0
8.913713792E1,3.109050035E0,8.811000824E0,-2.661000013E0
8.913958131E1,2.796000242E0,9.390000343E0,-2.815950155E0
8.914202477E1,2.868000031E0,9.164999962E0,-3.135000229E0
8.914446816E1,2.796000242E0,8.513999939E0,-2.905050039E0
8.914691154E1,3.499950171E0,7.840950489E0,-2.280000210E0
8.914935515E1,4.314000130E0,7.333950520E0,-1.837050080E0
8.915179854E1,4.912050247E0,7.021950245E0,-1.672050118E0
8.915424192E1,5.010000229E0,6.883050442E0,-2.038050175E0
8.915668538E1,4.249050140E0,6.970050335E0,-2.038050175E0
8.915912877E1,3.516000271E0,7.197000504E0,-1.530000091E0
8.916157214E1,3.246000051E0,7.285950184E0,-1.899000049E0
8.916401553E1,3.379950047E0,7.543950558E0,-2.347050190E0
8.916645914E1,3.732000113E0,7.870050430E0,-1.300950050E0
8.916890253E1,3.937950134E0,8.160000801E0,-3.003000259E0
8.917134589E1,4.321050167E0,8.461050034E0,-4.128000259E0
8.917378935E1,3.934950113E0,8.707950592E0,-5.550000191E0
8.917623274E1,3.184050083E0,9.453000069E0,-5.833050251E0
8.917867612E1,2.479950190E0,9.429000854E0,-4.461000443E0
8.918111974E1,2.638050079E0,8.758049965E0,-2.332950115E0
8.918356312E1,3.412950277E0,8.116950035E0,-1.135050058E0
8.918600658E1,3.895050287E0,7.279050350E0,-1.119000077E0
8.918844997E1,4.417050362E0,7.051050186E0,-1.710000038E0
8.919089335E1,4.477050304E0,7.350000381E0,-3.100950241E0
8.919333674E1,3.909000158E0,7.960950375E0,-3.261000156E0
8.919578035E1,3.540000200E0,8.548050880E0,-3.199050188E0
8.919822374E1,2.760000229E0,9.141000748E0,-2.755950212E0
8.920066720E1,1.792950034E0,9.184050560E0,-2.206050158E0
8.920311058E1,1.306050062E0,9.175050735E0,-2.425950050E0
8.920555397E1,2.014950037E0,8.976000786E0,-3.103050232E0
8.920799760E1,3.187950134E0,8.800950050E0,-3.697050095E0
8.921044098E1,2.820000172E0,9.352050781E0,-4.926000118E0
8.921288437E1,2.178000212E0,9.709050179E0,-4.626000404E0
8.921532783E1,1.918950081E0,9.634950638E0,-4.027950287E0
8.921777121E1,2.524950027E0,9.475950241E0,-2.992950201E0
8.922021481E1,2.520000219E0,8.911050797E0,-2.550000191E0
8.922265820E1,2.793000221E0,8.521050453E0,-2.550000191E0
8.922510158E1,3.400950193E0,8.016000748E0,-2.827950239E0
8.922754504E1,3.706050158E0,7.374000549E0,-3.178050041E0
8.922998843E1,4.038000107E0,7.264050484E0,-3.570000172E0
8.923243182E1,3.315000057E0,7.249950409E0,-3.384000063E0
8.923487543E1,2.443950176E0,7.618950367E0,-2.574000120E0
8.923731882E1,2.092050076E0,7.590000153E0,-2.047950029E0
8.923976220E1,2.173050165E0,8.017950058E0,-2.662950039E0
8.924220559E1,2.512950182E0,8.254950523E0,-3.910050154E0
8.924464905E1,3.784950256E0,8.326950073E0,-3.961050272E0
8.924709244E1,4.381050110E0,8.518950462E0,-5.686950207E0
8.924953582E1,2.961000204E0,9.100950241E0,-6.883950233E0
8.925197944E1,2.530050039E0,9.594000816E0,-6.883950233E0
8.925442282E1,2.443950176E0,9.226950645E0,-5.182050228E0
8.925686620E1,2.677950144E0,8.446949959E0,-3.309000254E0
8.925930966E1,3.106950045E0,7.906050205E0,-2.634000063E0
8.926175305E1,3.523950100E0,7.053000450E0,-2.416050196E0
8.926419666E1,4.162950039E0,6.654000282E0,-2.649000168E0
8.926664005E1,4.074000359E0,7.164000511E0,-2.799000025E0
8.926908343E1,3.952050209E0,7.884000301E0,-2.851950169E0
8.927152682E1,3.211950064E0,8.433000565E0,-3.214050055E0
8.927397028E1,2.049000025E0,8.587950706E0,-2.874000072E0
8.927641366E1,1.279950023E0,9.067049980E0,-2.275050163E0
8.927885728E1,1.249050021E0,9.163050652E0,-2.613000154E0
8.928130067E1,2.464950085E0,8.976000786E0,-3.553950071E0
8.928374406E1,3.208050251E0,8.779950142E0,-4.528050423E0
8.928618752E1,2.884050131E0,8.622000694E0,-4.498950005E0
8.928863090E1,2.877000093E0,8.728950500E0,-4.036950111E0
8.929107452E1,2.974950075E0,8.822999954E0,-3.388050079E0
8.929351790E1,2.689950228E0,8.575950623E0,-2.910000086E0
8.929596128E1,2.154000044E0,8.428050041E0,-2.773050070E0
8.929840474E1,2.488950014E0,8.061000824E0,-2.505000114E0
8.930084813E1,3.567000151E0,7.336050510E0,-2.632050037E0
8.930329151E1,4.703999996E0,6.939000130E0,-3.199050188E0
8.930573512E1,4.519950390E0,6.852000237E0,-3.429000139E0
8.930817851E1,3.114000082E0,7.209000111E0,-2.905050039E0
8.931062190E1,2.140050173E0,7.579950333E0,-2.052000046E0
8.931306528E1,1.761000037E0,7.623000145E0,-1.878000140E0
8.931550874E1,1.893000126E0,7.932000160E0,-2.725050211E0
8.931795214E1,2.761950016E0,8.236050606E0,-4.327050209E0
8.932039553E1,3.673950195E0,8.409000397E0,-5.893050194E0
8.932283914E1,3.258000135E0,8.563950539E0,-6.433950424E0
8.932528253E1,3.070950031E0,8.763000488E0,-5.704050064E0
8.932772591E1,2.737950087E0,8.641050339E0,-4.240950108E0
8.933016936E1,2.262000084E0,8.374950409E0,-3.181950092E0
8.933261274E1,2.785950184E0,8.171999931E0,-3.118050098E0
8.933505613E1,3.330000162E0,7.561050415E0,-3.810000181E0
8.933749974E1,3.655050278E0,6.772950172E0,-3.982050180E0
8.933994313E1,3.829950094E0,6.682050228E0,-4.066050053E0
8.934238659E1,3.696000099E0,7.149000168E0,-3.534000158E0
8.934482997E1,3.520950079E0,7.984950542E0,-3.252000093E0
8.934727336E1,2.769000053E0,8.512050629E0,-3.328950167E0
8.934971697E1,1.915050149E0,8.614950180E0,-3.300000191E0
8.935216037E1,1.371000051E0,8.713050842E0,-3.645000219E0
8.935460376E1,1.654050112E0,8.739000320E0,-4.223999977E0
8.935704722E1,2.431950092E0,8.820000648E0,-4.777050018E0
8.935949060E1,2.455950022E0,8.763000488E0,-5.172000408E0
8.936193399E1,1.893000126E0,8.992950439E0,-4.392000198E0
8.936437764E1,1.833000064E0,9.036000252E0,-3.484050274E0
8.936682103E1,2.281050205E0,8.928000450E0,-2.956950188E0
8.936926448E1,1.984050035E0,8.550000191E0,-3.036000252E0
8.937170780E1,1.630050063E0,8.217000008E0,-3.333000183E0
8.937415125E1,2.371950150E0,7.582950592E0,-3.217950106E0
8.937659465E1,3.319950104E0,7.261950493E0,-3.550950050E0
8.937903826E1,4.157999992E0,6.970050335E0,-3.532050133E0
8.938148165E1,3.727050066E0,7.024950504E0,-3.609000206E0
8.938392503E1,2.176050186E0,7.597050190E0,-2.926050186E0
8.938636849E1,1.741950035E0,7.768950462E0,-2.584050179E0
8.938881188E1,1.848000050E0,7.699950218E0,-2.905050039E0
8.939125526E1,2.209050179E0,7.932000160E0,-3.798000097E0
8.939369888E1,2.836050034E0,8.193000793E0,-5.005050182E0
8.939614226E1,3.129000187E0,8.490000725E0,-5.910000324E0
8.939858565E1,2.808000088E0,8.818050385E0,-6.211050510E0
8.940102910E1,2.044049978E0,8.902050018E0,-5.830950260E0
8.940347249E1,1.591050029E0,8.706000328E0,-4.207050323E0
8.940591588E1,1.723050117E0,8.193000793E0,-2.905050039E0
8.940835949E1,2.515950203E0,7.657050133E0,-2.530950069E0
8.941080288E1,3.507000208E0,6.850050449E0,-2.929050207E0
8.941324628E1,3.940050125E0,6.685050488E0,-3.940950155E0
8.941568974E1,3.519000053E0,7.173000336E0,-4.107000351E0
8.941813312E1,3.117000103E0,7.846050262E0,-4.258049965E0
8.942057674E1,2.491950035E0,8.485050201E0,-3.676050186E0
8.942302012E1,1.744950056E0,8.509050369E0,-2.956950188E0
8.942546350E1,1.108050108E0,8.770050049E0,-2.625000238E0
8.942790696E1,1.315950036E0,8.641050339E0,-3.094050169E0
8.943035035E1,2.476950169E0,8.392050743E0,-4.672049999E0
8.943279373E1,2.832000017E0,8.800950050E0,-5.779950142E0
8.943523712E1,2.065050125E0,8.998050690E0,-5.871000290E0
8.943768074E1,1.315950036E0,9.409049988E0,-4.413000107E0
8.944012413E1,1.138950109E0,9.526950836E0,-3.297000170E0
8.944256759E1,1.231950045E0,9.400050163E0,-2.823000193E0
8.944501097E1,1.290000081E0,8.860950470E0,-2.698950052E0
8.944745459E1,1.780950069E0,7.981950283E0,-3.123000145E0
8.944989774E1,2.583000183E0,7.426950455E0,-3.417000055E0
8.945234136E1,3.658050060E0,7.240050316E0,-4.024950027E0
8.945478474E1,3.757950068E0,7.302000523E0,-4.486950397E0
8.945722820E1,2.367000103E0,7.735950470E0,-3.823950291E0
8.945967159E1,1.459950089E0,7.899000168E0,-2.778000116E0
8.946211496E1,1.311000109E0,7.888950348E0,-2.566950083E0
8.946455857E1,1.713000059E0,8.160000801E0,-3.505950212E0
8.946700196E1,1.977000117E0,8.631000519E0,-4.774950027E0
8.946944534E1,2.286000013E0,8.848950386E0,-5.871000290E0
8.947188877E1,2.427000046E0,8.989950180E0,-6.541950226E0
8.947433216E1,2.025000095E0,9.261000633E0,-6.622950077E0
8.947677555E1,1.384950042E0,9.285000801E0,-5.761050224E0
8.947921916E1,9.880500436E-1,8.932950020E0,-4.264950275E0
8.948166254E1,1.206000090E0,8.332050323E0,-3.430950165E0
8.948410593E1,2.295000076E0,7.540050507E0,-3.142050266E0
8.948654931E1,3.057000160E0,6.766050339E0,-3.630000114E0
8.948899277E1,3.034950256E0,6.970050335E0,-4.030050278E0
8.949143639E1,3.105000257E0,7.558950424E0,-4.108950138E0
8.949387954E1,2.653950214E0,8.092950821E0,-4.387050152E0
8.949632316E1,1.539000034E0,8.643000603E0,-3.894000292E0
8.949876662E1,9.139500260E-1,8.614950180E0,-3.223050117E0
8.950121001E1,8.869500160E-1,8.746050835E0,-2.926050186E0
8.950365339E1,1.603050113E0,8.911050797E0,-3.927000284E0
8.950609678E1,1.651050091E0,9.109950066E0,-5.080950260E0
8.950854039E1,1.552950025E0,9.345000267E0,-5.550000191E0
8.951098378E1,1.122000098E0,9.619950294E0,-5.122050285E0
8.951342716E1,8.179500103E-1,9.739950180E0,-4.132950306E0
8.951587062E1,8.730000257E-1,9.567000389E0,-3.232950211E0
8.951831401E1,9.780000448E-1,9.204000473E0,-2.919000149E0
8.952075741E1,1.165050030E0,8.731950760E0,-2.914050102E0
8.952320102E1,1.933950067E0,7.972950459E0,-3.001050234E0
8.952564441E1,2.929950237E0,7.386000156E0,-3.771000147E0
8.952808787E1,3.463950157E0,7.462950230E0,-4.576050282E0
8.953053126E1,2.676000118E0,7.735950470E0,-4.393949986E0
8.953297465E1,1.384950042E0,8.080950737E0,-2.854050159E0
8.953541826E1,1.162950039E0,8.112000465E0,-1.879950047E0
8.953786141E1,1.314000010E0,8.133000374E0,-2.419050217E0
8.954030503E1,1.591050029E0,8.698050499E0,-3.700050116E0
8.954274849E1,1.990950108E0,8.866050720E0,-5.529000282E0
8.954519188E1,2.269050121E0,9.237000465E0,-6.598950386E0
8.954763526E1,2.128050089E0,9.619950294E0,-7.131000519E0
8.955007887E1,1.294050097E0,9.823950768E0,-6.565950394E0
8.955252226E1,6.940500140E-1,9.511950493E0,-4.462950230E0
8.955496565E1,6.460500360E-1,8.806050301E0,-3.028950214E0
8.955740901E1,1.741950035E0,7.996950150E0,-2.986050129E0
8.955985247E1,2.824050188E0,7.141950130E0,-4.096950054E0
8.956229586E1,3.102000237E0,6.958050251E0,-4.875000000E0
8.956473947E1,2.986950159E0,7.317000389E0,-4.662000179E0
8.956718286E1,2.665950060E0,7.978050232E0,-4.156949997E0
8.956962622E1,1.737000108E0,8.791950226E0,-3.501000166E0
8.957206968E1,1.110000014E0,8.952000618E0,-3.228000164E0
8.957451307E1,7.489500642E-1,8.785050392E0,-2.979000092E0
8.957695645E1,8.400000334E-1,8.788949966E0,-3.783000231E0
8.957940007E1,1.254000068E0,9.109950066E0,-4.939950466E0
8.958184345E1,1.645950079E0,9.265950203E0,-5.692050457E0
8.958428684E1,1.254000068E0,9.706050873E0,-5.874000072E0
8.958673030E1,6.769500375E-1,9.948000908E0,-4.738950253E0
8.958917368E1,6.580500603E-1,9.880950928E0,-3.807000160E0
8.959161705E1,6.769500375E-1,9.655950546E0,-3.463050127E0
8.959406067E1,6.600000262E-1,9.250950813E0,-3.594000101E0
8.959650405E1,1.072050095E0,8.536050797E0,-3.847950220E0
8.959894744E1,2.074949980E0,7.879950523E0,-4.167000294E0
8.960139090E1,2.632950068E0,7.611000538E0,-4.425000191E0
8.960383428E1,2.377050161E0,7.717050552E0,-4.677000046E0
8.960627790E1,1.273050070E0,8.061000824E0,-3.882000208E0
8.960872128E1,7.729500532E-1,8.281949997E0,-3.112950087E0
8.961116467E1,6.790500283E-1,8.203050613E0,-2.818950176E0
8.961360813E1,7.009500265E-1,8.322000504E0,-3.886050224E0
8.961605145E1,1.029000044E0,8.799000740E0,-5.040000439E0
8.961849491E1,1.603050113E0,8.968950272E0,-6.478950500E0
8.962093853E1,1.929000139E0,9.019050598E0,-7.363050461E0
8.962338192E1,1.567050099E0,9.354000092E0,-7.468050480E0
8.962582530E1,7.849500179E-1,9.393000603E0,-5.979000092E0
8.962826867E1,2.340000123E-1,8.932950020E0,-4.336950302E0
8.963071213E1,4.350000322E-1,8.398950577E0,-3.799950123E0
8.963315552E1,1.582050085E0,7.693050385E0,-4.144950390E0
8.963559890E1,2.154000044E0,6.820950508E0,-4.729050159E0
8.963804251E1,1.933950067E0,6.727950096E0,-5.209950447E0
8.964048590E1,1.417050123E0,7.177950382E0,-4.162050247E0
8.964292936E1,1.207950115E0,7.992000580E0,-3.751950264E0
8.964537275E1,8.560500145E-1,8.494950294E0,-3.882000208E0
8.964781613E1,4.129500091E-1,8.503950119E0,-3.949050188E0
8.965025974E1,3.495000303E-2,8.406000137E0,-4.248000145E0
8.965270313E1,-1.270500124E-1,8.530950546E0,-4.846950054E0
8.965514652E1,-7.905000448E-2,8.682000160E0,-5.629050255E0
8.965758998E1,5.205000192E-2,8.919000626E0,-5.893050194E0
8.966003336E1,3.299999982E-2,9.036000252E0,-5.910000324E0
8.966247675E1,-2.400000021E-2,9.283050537E0,-5.007000446E0
8.966492039E1,-8.400000632E-2,9.289950371E0,-4.594950199E0
8.966736378E1,-2.179500163E-1,9.013950348E0,-4.210050106E0
8.966980716E1,-2.610000074E-1,8.683950424E0,-4.200000286E0
8.967225054E1,-2.610000074E-1,8.313000679E0,-4.147050381E0
8.967469400E1,-2.389500141E-1,7.900950432E0,-4.162050247E0
8.967713739E1,3.000000119E-2,7.626000404E0,-4.911000252E0
8.967958100E1,2.550000250E-1,7.590000153E0,-5.497950077E0
8.968202439E1,1.360500008E-1,7.417050362E0,-5.481000423E0
8.968446777E1,-2.080500126E-1,7.231050491E0,-4.614000320E0
8.968691116E1,-3.160500228E-1,7.456050396E0,-4.042050362E0
8.968935463E1,-2.850000262E-1,7.750050545E0,-4.368000031E0
8.969179802E1,-3.130500019E-1,7.942050457E0,-4.629000187E0
8.969424163E1,-1.699500084E-1,8.152050018E0,-5.557950497E0
8.969668502E1,-3.105000220E-2,8.694000244E0,-6.673050404E0
8.969912840E1,4.005000368E-2,9.048000336E0,-6.001050472E0
8.970157186E1,-7.605000585E-2,8.986050606E0,-7.156950474E0
8.970401525E1,-3.130500019E-1,8.457000732E0,-6.694950104E0
8.970645863E1,-5.479500294E-1,7.702050209E0,-5.512050152E0
8.970890225E1,-2.580000162E-1,7.294950485E0,-4.969050407E0
8.971134564E1,2.149500102E-1,7.237950325E0,-5.196000099E0
8.971378902E1,3.919500113E-1,7.341000557E0,-5.992950439E0
8.971623248E1,4.560000300E-1,7.575000286E0,-7.023000240E0
8.971867587E1,3.100500107E-1,8.109000206E0,-7.243050575E0
8.972111925E1,-6.405000389E-2,8.646000862E0,-6.858000278E0
8.972356285E1,-4.830000103E-1,8.728950500E0,-5.461950302E0
8.972600623E1,-6.610500216E-1,8.410950661E0,-4.708050251E0
8.972844969E1,-5.410500169E-1,8.200050354E0,-4.758000374E0
8.973089308E1,-3.520500064E-1,8.695950508E0,-5.874000072E0
8.973333646E1,-1.390500069E-1,9.286950111E0,-7.285950184E0
8.973577985E1,-4.330500066E-1,9.168000221E0,-7.588050365E0
8.973822346E1,-7.230000496E-1,9.120000839E0,-7.276950359E0
8.974066685E1,-8.620500565E-1,9.370950699E0,-6.870000362E0
8.974311023E1,-9.460500479E-1,9.330000877E0,-5.827950478E0
8.974555369E1,-1.008000016E0,8.920950890E0,-5.080950260E0
8.974799707E1,-9.310500622E-1,8.425050735E0,-4.687950134E0
8.975044046E1,9.300000221E-2,7.834050179E0,-5.332950115E0
8.975288407E1,1.603050113E0,7.462950230E0,-6.465000153E0
8.975532746E1,1.195950031E0,7.438950539E0,-6.841050148E0
8.975777084E1,7.095000148E-2,7.633050442E0,-6.135000229E0
8.976021430E1,6.900000572E-2,7.720950603E0,-4.819950104E0
8.976265769E1,3.990000188E-1,7.693050385E0,-4.401000023E0
8.976510107E1,7.369500399E-1,8.068950653E0,-4.669050217E0
8.976754469E1,1.077000022E0,8.305950165E0,-5.665050507E0
8.976998807E1,1.510050058E0,8.506950378E0,-7.156950474E0
8.977243153E1,1.186950088E0,8.895000458E0,-8.482950211E0
8.977487492E1,3.970500231E-1,9.280050278E0,-7.011000156E0
8.977731831E1,1.759500057E-1,9.108000755E0,-7.345950127E0
8.977976192E1,2.170500159E-1,8.761050224E0,-6.894000530E0
8.978220530E1,5.590500236E-1,8.293950081E0,-5.944950104E0
8.978464870E1,1.201050043E0,7.732950211E0,-5.436000347E0
8.978709208E1,1.579050064E0,7.615950584E0,-5.281950474E0
8.978953554E1,1.096050024E0,7.791000366E0,-5.968950272E0
8.979197915E1,8.640000224E-1,8.004000664E0,-5.038050175E0
8.979442231E1,1.476000071E0,8.320050240E0,-4.714950085E0
8.979686591E1,1.156050086E0,8.896950722E0,-4.839000225E0
8.979930930E1,7.129500508E-1,8.878050804E0,-4.960950375E0
8.980175276E1,5.279999971E-1,8.743950844E0,-5.218050480E0
8.980419614E1,5.670000315E-1,8.706000328E0,-5.244000435E0
8.980663953E1,1.057050109E0,8.811000824E0,-5.356050491E0
8.980908313E1,1.239000082E0,8.866050720E0,-5.617050171E0
8.981152652E1,7.369500399E-1,9.280050278E0,-5.365950108E0
8.981396990E1,1.480500102E-1,9.462000847E0,-4.594950199E0
8.981641336E1,5.400000140E-2,9.297000885E0,-4.135050297E0
8.981885675E1,4.159500301E-1,9.064949989E0,-4.272000313E0
8.982130013E1,4.710000157E-1,8.820000648E0,-4.272000313E0
8.982374375E1,9.349500537E-1,8.542950630E0,-4.192950249E0
8.982618713E1,1.897950053E0,7.959000587E0,-4.450950146E0
8.982863052E1,2.206950188E0,7.824000359E0,-5.457000256E0
8.983107390E1,1.909950137E0,7.839000225E0,-5.505000114E0
8.983351737E1,8.200500607E-1,7.882050514E0,-4.305000305E0
8.983596098E1,4.009500146E-1,7.860000610E0,-3.645000219E0
8.983840414E1,7.750500441E-1,7.759950161E0,-3.658950090E0
8.984084775E1,1.195950031E0,8.011050224E0,-4.345950127E0
8.984329114E1,1.672950029E0,8.269950867E0,-5.103000164E0
8.984573460E1,2.109000206E0,8.494950294E0,-6.039000511E0
8.984817798E1,1.693950057E0,8.998050690E0,-6.778950214E0
8.985062137E1,8.200500607E-1,9.589050293E0,-7.192950249E0
8.985306498E1,9.000000358E-2,9.562950134E0,-6.360000134E0
8.985550837E1,1.930500120E-1,8.962050438E0,-4.899000168E0
8.985795174E1,7.530000210E-1,8.502000809E0,-4.080000401E0
8.986039520E1,1.612950087E0,7.765050411E0,-4.009050369E0
8.986283858E1,2.122950077E0,7.261950493E0,-4.492050171E0
8.986528197E1,1.675050020E0,7.432050228E0,-4.990050316E0
8.986772558E1,1.213050008E0,8.088000298E0,-5.098050117E0
8.987016899E1,1.297050118E0,8.421000481E0,-4.150050163E0
8.987261245E1,7.939500213E-1,8.701050758E0,-3.826950073E0
8.987505584E1,1.879500151E-1,8.677050591E0,-3.697050095E0
8.987749922E1,7.304999977E-2,8.689050674E0,-4.135050297E0
8.987994283E1,8.659500480E-1,8.803950310E0,-5.074050426E0
8.988238623E1,1.443000078E0,8.799000740E0,-5.686950207E0
8.988482961E1,8.830500245E-1,9.109950066E0,-5.842950344E0
8.988727307E1,2.340000123E-1,9.523950577E0,-5.316000462E0
8.988971646E1,8.805000782E-2,9.493050575E0,-4.642950058E0
8.989215984E1,2.869500220E-1,9.526950836E0,-4.135050297E0
8.989460346E1,-5.505000427E-2,9.241950035E0,-4.087950230E0
8.989704684E1,1.450500041E-1,8.674050331E0,-4.252950191E0
8.989949023E1,1.033950090E0,8.080950737E0,-4.510950089E0
8.990193361E1,1.849950075E0,7.579950333E0,-4.878000259E0
8.990437708E1,1.941000104E0,7.671000481E0,-5.256000042E0
8.990682046E1,9.979500771E-1,7.650000572E0,-4.771950245E0
8.990926385E1,4.039500058E-1,7.654050350E0,-3.811950207E0
8.991170746E1,5.310000181E-1,7.518000126E0,-3.187050104E0
8.991415085E1,9.709500670E-1,7.609050274E0,-3.526950121E0
8.991659426E1,1.339950085E0,7.948950291E0,-4.534950256E0
8.991903772E1,1.828050137E0,8.265000343E0,-5.632050037E0
8.992148111E1,1.981950045E0,8.497050285E0,-6.715950489E0
8.992392472E1,1.443000078E0,8.919000626E0,-7.092000484E0
8.992636811E1,6.070500016E-1,9.229950905E0,-6.781050205E0
8.992881149E1,1.950000064E-3,9.034049988E0,-5.209950447E0
8.993125495E1,3.439500034E-1,8.308050156E0,-4.068000317E0
8.993369834E1,1.266000032E0,7.686000347E0,-3.786000252E0
8.993614172E1,1.801950097E0,7.168050289E0,-4.186050415E0
8.993858534E1,1.693950057E0,7.270950317E0,-4.351050377E0
8.994102872E1,1.144050002E0,7.678050518E0,-4.921050072E0
8.994347211E1,1.270950079E0,7.836000443E0,-3.831000090E0
8.994591557E1,1.519950032E0,8.064000130E0,-2.839950085E0
8.994835896E1,8.320500255E-1,8.524050713E0,-2.704050064E0
8.995080257E1,4.879500270E-1,8.278950691E0,-2.995950222E0
8.995324596E1,7.099500299E-1,8.161950111E0,-3.748050213E0
8.995568934E1,1.230000019E0,8.131050110E0,-4.696050167E0
8.995813273E1,1.467000127E0,8.761050224E0,-4.879950047E0
8.996057619E1,1.093050003E0,9.250950813E0,-4.875000000E0
8.996301958E1,4.969500303E-1,9.522000313E0,-4.123050213E0
8.996546296E1,1.429500133E-1,9.709050179E0,-3.534000158E0
8.996790658E1,3.100500107E-1,9.481050491E0,-3.349950075E0
8.997034996E1,6.190500259E-1,8.976000786E0,-3.628050089E0
8.997279335E1,7.410000563E-1,8.299050331E0,-3.738000154E0
8.997523681E1,1.273050070E0,7.575000286E0,-3.439050198E0
8.997768019E1,2.374050140E0,7.147050381E0,-3.814950228E0
8.998012357E1,3.217050076E0,7.314000130E0,-4.711950302E0
8.998256719E1,2.973000050E0,7.480050564E0,-3.610950232E0
8.998501057E1,1.309050083E0,7.968000412E0,-2.422950029E0
8.998745396E1,7.009500265E-1,7.884000301E0,-2.212949991E0
8.998989734E1,1.066950083E0,7.924950600E0,-2.881050110E0
8.999234080E1,1.723050117E0,8.039999962E0,-4.176000118E0
8.999478419E1,1.906950116E0,8.433000565E0,-5.064000130E0
8.999722780E1,2.155950069E0,8.554950714E0,-5.566950321E0
8.999967119E1,2.065050125E0,8.860950470E0,-5.866050243E0
9.000211457E1,1.453050017E0,9.309000015E0,-5.731950283E0
9.000455803E1,5.740500093E-1,9.457050323E0,-4.999950409E0
9.000700142E1,7.290000319E-1,9.000000000E0,-3.970050097E0
9.000944480E1,1.620000124E0,8.107049942E0,-3.646950245E0
9.001188841E1,1.837950110E0,7.792950153E0,-3.640050173E0
9.001433180E1,1.936050057E0,7.450950146E0,-3.454950094E0
9.001677518E1,2.257050037E0,7.288050175E0,-3.430950165E0
9.001921864E1,2.391000032E0,7.585050583E0,-3.430950165E0
9.002166203E1,1.972050071E0,8.317950249E0,-3.108000040E0
9.002410564E1,2.074949980E0,8.670000076E0,-3.582000256E0
9.002654903E1,1.747050047E0,8.992950439E0,-4.249950409E0
9.002899242E1,1.084050059E0,8.896950722E0,-4.732050419E0
9.003143580E1,9.930000305E-1,8.935050011E0,-4.927950382E0
9.003387926E1,1.237050056E0,9.060000420E0,-4.818000317E0
9.003632267E1,1.443000078E0,9.088950157E0,-4.770000458E0
9.003876628E1,1.333050013E0,9.393000603E0,-4.375050068E0
9.004120967E1,8.059500456E-1,9.639000893E0,-4.204950333E0
9.004365305E1,8.230500221E-1,9.583950043E0,-4.246050358E0
9.004609651E1,1.227000117E0,9.619950294E0,-4.356000423E0
9.004853990E1,8.179500103E-1,9.285000801E0,-4.600050449E0
9.005098328E1,8.950500488E-1,8.899050713E0,-4.260000229E0
9.005342667E1,1.752000093E0,8.257950783E0,-4.198050022E0
9.005587028E1,2.503950119E0,7.831950188E0,-4.084949970E0
9.005831367E1,2.947050095E0,7.810050488E0,-4.060950279E0
9.006075703E1,2.050950050E0,7.765050411E0,-4.216950417E0
9.006320049E1,9.430500269E-1,8.112000465E0,-3.949050188E0
9.006564388E1,9.430500269E-1,8.193000793E0,-4.032000065E0
9.006808726E1,1.078950047E0,8.467950821E0,-3.793050289E0
9.007053088E1,1.435950041E0,8.554950714E0,-4.201950073E0
9.007297424E1,2.116050005E0,8.667000771E0,-5.103000164E0
9.007541770E1,2.392950058E0,9.067049980E0,-6.274050236E0
9.007786108E1,1.780950069E0,9.298950195E0,-7.128000259E0
9.008030447E1,9.690000415E-1,9.436050415E0,-6.877050400E0
9.008274808E1,7.390500307E-1,9.084000587E0,-5.668050289E0
9.008519147E1,6.840000153E-1,8.655000687E0,-4.297950268E0
9.008763485E1,1.338000059E0,7.992000580E0,-3.333000183E0
9.009007831E1,2.451000214E0,7.188000202E0,-3.340950251E0
9.009252170E1,2.926950216E0,7.015050411E0,-3.970050097E0
9.009496508E1,2.221050024E0,7.374000549E0,-4.212000370E0
9.009740868E1,1.627050042E0,8.112000465E0,-3.814950228E0
9.009985207E1,1.546050072E0,8.466000557E0,-4.059000015E0
9.010229553E1,9.040500522E-1,8.727000237E0,-3.930000305E0
9.010473884E1,2.149500102E-1,8.820000648E0,-3.831000090E0
9.010718230E1,3.610500097E-1,8.728950500E0,-4.167000294E0
9.010962567E1,1.251000047E0,8.739000320E0,-5.011950016E0
9.011206928E1,1.551000118E0,9.036000252E0,-5.746950150E0
9.011451267E1,1.014000058E0,9.469050407E0,-5.814000130E0
9.011695605E1,1.069500074E-1,9.529050827E0,-5.218050480E0
9.011939951E1,4.560000300E-1,9.262950897E0,-4.237950325E0
9.012184292E1,9.109500647E-1,9.000000000E0,-3.477000237E0
9.012428630E1,6.790500283E-1,8.533050537E0,-3.307050228E0
9.012672991E1,1.183950067E0,7.852950573E0,-3.505950212E0
9.012917330E1,2.616000175E0,7.132050514E0,-4.243050098E0
9.013161668E1,3.445050240E0,7.168050289E0,-5.143050194E0
9.013406014E1,2.551050186E0,7.345950127E0,-4.971000195E0
9.013650353E1,9.520500302E-1,7.422000408E0,-3.999000072E0
9.013894692E1,7.440000176E-1,7.551000595E0,-2.905050039E0
9.014139030E1,1.153050065E0,7.860000610E0,-2.674950123E0
9.014383391E1,1.315950036E0,8.248050690E0,-3.577950239E0
9.014627737E1,1.309050083E0,8.707950592E0,-4.995000362E0
9.014872068E1,1.813950062E0,8.980950356E0,-6.379050255E0
9.015116414E1,1.893000126E0,9.277950287E0,-7.648050308E0
9.015360753E1,1.036050081E0,9.565050125E0,-7.984950542E0
9.015605113E1,4.849500358E-1,9.208050728E0,-6.616050243E0
9.015849452E1,6.580500603E-1,8.752950668E0,-4.720050335E0
9.016093791E1,1.213050008E0,8.284049988E0,-3.376050234E0
9.016338136E1,2.056050062E0,7.540050507E0,-3.253950119E0
9.016582475E1,2.896050215E0,7.053000450E0,-4.018050194E0
9.016826814E1,2.808000088E0,7.279050350E0,-5.091000080E0
9.017071175E1,2.482050180E0,7.735950470E0,-4.252950191E0
9.017315514E1,2.470050097E0,7.975050449E0,-3.178050041E0
9.017559852E1,1.456950068E0,8.149950027E0,-2.775000095E0
9.017804198E1,1.077000022E0,8.248050690E0,-2.449950218E0
9.018048537E1,1.335000038E0,8.329950333E0,-3.568050146E0
9.018292898E1,1.704000115E0,8.725049973E0,-5.064000130E0
9.018537237E1,1.657950044E0,9.241950035E0,-5.701050282E0
9.018781575E1,1.194000006E0,9.757050514E0,-5.902050495E0
9.019025921E1,4.399500191E-1,9.972000122E0,-5.017050266E0
9.019270260E1,1.399500072E-1,1.003005028E1,-4.155000210E0
9.019514598E1,8.080500364E-1,9.558000565E0,-3.324000120E0
9.019758937E1,9.070500135E-1,8.854050636E0,-3.204000235E0
9.020003298E1,1.108050108E0,8.173950195E0,-3.538950205E0
9.020247637E1,2.472000122E0,7.210950375E0,-4.192950249E0
9.020491977E1,3.993000269E0,6.915000439E0,-4.927950382E0
9.020736323E1,3.919050217E0,7.249950409E0,-4.861050129E0
9.020980661E1,2.098950148E0,7.413000584E0,-3.529950142E0
9.021225000E1,1.363950014E0,7.483950138E0,-1.897050142E0
9.021469361E1,1.645950079E0,7.558950424E0,-1.104000092E0
9.021713699E1,2.262000084E0,7.723950386E0,-2.536050081E0
9.021958045E1,2.511000156E0,8.133000374E0,-4.507050037E0
9.022202384E1,2.773950100E0,8.574000359E0,-6.441000462E0
9.022446722E1,2.547000170E0,8.955000877E0,-7.188000202E0
9.022691061E1,1.699050069E0,9.286950111E0,-6.823950291E0
9.022935420E1,9.349500537E-1,9.268050194E0,-5.163000107E0
9.023179759E1,7.489500642E-1,8.820000648E0,-3.337950230E0
9.023424105E1,1.275000095E0,8.152050018E0,-2.449950218E0
9.023668443E1,2.170950174E0,7.453050137E0,-2.941050053E0
9.023912782E1,2.833950043E0,7.117950439E0,-3.949050188E0
9.024157118E1,2.977950096E0,7.195050240E0,-4.192950249E0
9.024401480E1,2.779050112E0,7.357950211E0,-3.738000154E0
9.024645818E1,2.893950224E0,7.741050243E0,-3.289950132E0
9.024890157E1,2.209050179E0,8.374950409E0,-2.743950129E0
9.025134504E1,1.414050102E0,8.209950447E0,-2.349000216E0
9.025378843E1,1.423950076E0,7.992000580E0,-2.830950022E0
9.025623204E1,2.013000011E0,8.193000793E0,-4.381950378E0
9.025867543E1,2.215950012E0,8.626950264E0,-5.353950024E0
9.026111881E1,1.807050109E0,9.349950790E0,-5.328000069E0
9.026356228E1,1.120050073E0,9.394950867E0,-4.720050335E0
9.026600567E1,7.770000100E-1,9.550950050E0,-3.582000256E0
9.026844905E1,9.040500522E-1,9.493050575E0,-3.067950249E0
9.027089266E1,8.110500574E-1,8.832000732E0,-3.144000053E0
9.027333605E1,1.026000023E0,8.181000710E0,-3.642000198E0
9.027577944E1,2.262000084E0,7.384050369E0,-4.042050362E0
9.027822290E1,3.769950151E0,6.934050560E0,-4.465950012E0
9.028066629E1,3.895050287E0,7.201950550E0,-4.495050430E0
9.028310967E1,2.623050213E0,7.381050587E0,-3.570000172E0
9.028555306E1,1.435950041E0,7.528050423E0,-2.601000071E0
9.028799667E1,1.419000030E0,7.537050247E0,-2.020950079E0
9.029044006E1,1.876050115E0,7.663950443E0,-2.584050179E0
9.029288344E1,2.266950130E0,7.812000275E0,-3.493950129E0
9.029532691E1,2.944050074E0,8.179050446E0,-5.032950401E0
9.029777029E1,3.234000206E0,8.550000191E0,-6.301950455E0
9.030021369E1,2.182950020E0,9.088950157E0,-6.772050381E0
9.030265730E1,1.237050056E0,9.310950279E0,-5.947950363E0
9.030510069E1,7.920000553E-1,8.952000618E0,-4.734000206E0
9.030754415E1,1.086000085E0,8.548050880E0,-3.642000198E0
9.030998754E1,1.897950053E0,7.798050404E0,-3.336000204E0
9.031243091E1,2.817000151E0,6.996000290E0,-3.618000269E0
9.031487452E1,3.313050270E0,6.807000160E0,-3.673050165E0
9.031731791E1,3.202950239E0,7.135050297E0,-3.238050222E0
9.031976129E1,3.226950169E0,7.687950134E0,-3.070050240E0
9.032220475E1,2.419950008E0,8.200050354E0,-2.968950033E0
9.032464814E1,1.432950020E0,8.389050484E0,-2.863950253E0
9.032709152E1,1.239000082E0,8.506950378E0,-3.115050077E0
9.032953513E1,1.623000026E0,8.578950882E0,-4.189949989E0
9.033197852E1,2.251950026E0,8.764950752E0,-5.112000465E0
9.033442198E1,1.927050114E0,9.354000092E0,-5.500050068E0
9.033686530E1,1.105050087E0,9.630000114E0,-4.849050045E0
9.033930876E1,6.979500055E-1,9.718050003E0,-3.843000174E0
9.034175214E1,1.309050083E0,9.440999985E0,-3.265950203E0
9.034419576E1,1.369050026E0,9.141000748E0,-3.148950100E0
9.034663914E1,1.222950101E0,8.920950890E0,-3.691950083E0
9.034908256E1,2.338050127E0,7.828950405E0,-4.315050125E0
9.035152602E1,3.523950100E0,7.210950375E0,-4.954050064E0
9.035396940E1,3.777000189E0,7.116000175E0,-4.851000309E0
9.035641279E1,3.118950129E0,7.197000504E0,-3.799950123E0
9.035885640E1,2.002950191E0,7.288050175E0,-2.365950108E0
9.036129979E1,1.776000142E0,7.288050175E0,-1.441950083E0
9.036374318E1,2.377050161E0,7.537050247E0,-1.945050120E0
9.036618663E1,2.710050106E0,8.047050476E0,-3.673050165E0
9.036863002E1,2.839050055E0,8.389050484E0,-5.566950321E0
9.037107340E1,2.902950048E0,8.959050179E0,-6.654000282E0
9.037351679E1,2.191950083E0,9.310950279E0,-7.162050247E0
9.037596040E1,1.560000062E0,9.385950089E0,-6.427050114E0
9.037840379E1,1.243950009E0,9.085950851E0,-5.076000214E0
9.038084725E1,1.215000033E0,8.679000854E0,-3.630000114E0
9.038329064E1,1.963050127E0,7.968000412E0,-3.156000137E0
9.038573404E1,2.869950056E0,7.225950241E0,-3.859950066E0
9.038817765E1,3.270000219E0,7.096950531E0,-4.320000172E0
9.039062104E1,2.839050055E0,7.441050529E0,-4.036950111E0
9.039306442E1,2.719050169E0,7.870050430E0,-3.348000050E0
9.039550788E1,2.737950087E0,8.293950081E0,-3.096000195E0
9.039795126E1,2.034000158E0,8.727000237E0,-3.156000137E0
9.040039464E1,1.395000100E0,8.727000237E0,-3.240000248E0
9.040283826E1,1.504950047E0,8.595000267E0,-4.225950241E0
9.040528164E1,2.106000185E0,8.890050888E0,-4.981050014E0
9.040772511E1,1.954950094E0,9.366000175E0,-5.304000378E0
9.041016849E1,1.551000118E0,9.799950600E0,-5.155050278E0
9.041261188E1,8.520000577E-1,9.979050636E0,-4.573950291E0
9.041505549E1,9.859500527E-1,9.805050850E0,-4.162050247E0
9.041749888E1,1.327950120E0,9.594000816E0,-3.943950176E0
9.041994226E1,1.017000079E0,9.019050598E0,-3.943950176E0
9.042238574E1,1.183950067E0,8.563950539E0,-4.048950195E0
9.042482912E1,2.463000059E0,7.618950367E0,-4.123050213E0
9.042727251E1,3.519000053E0,7.465050220E0,-4.653000355E0
9.042971589E1,3.540000200E0,7.681050301E0,-4.753050327E0
9.043215951E1,2.142000198E0,7.683000565E0,-3.787950277E0
9.043460290E1,1.117050052E0,7.915050507E0,-2.986050129E0
9.043704628E1,1.189050078E0,7.795950413E0,-2.533950090E0
9.043948974E1,1.825950146E0,7.908000469E0,-3.238050222E0
9.044193313E1,2.350050211E0,8.128950119E0,-4.534950256E0
9.044437650E1,2.899050236E0,8.538000107E0,-5.742000103E0
9.044682011E1,2.674050093E0,8.868000031E0,-6.709050179E0
9.044926350E1,1.804050088E0,9.268050194E0,-7.240950108E0
9.045170696E1,9.190500379E-1,9.352050781E0,-6.561000347E0
9.045415034E1,3.580500185E-1,9.168000221E0,-4.878000259E0
9.045659374E1,6.580500603E-1,8.526000023E0,-3.795000076E0
9.045903735E1,2.002950191E0,7.486950397E0,-3.963000298E0
9.046148074E1,2.929950237E0,6.895050526E0,-4.438950062E0
9.046392412E1,2.950950146E0,6.715950489E0,-4.504050255E0
9.046636758E1,2.700000048E0,7.056000233E0,-3.898050070E0
9.046881098E1,2.641950130E0,7.659000397E0,-3.585000277E0
9.047125437E1,1.536000013E0,8.169000626E0,-3.268950224E0
9.047369775E1,9.330000281E-1,8.209950447E0,-3.451050282E0
9.047614137E1,8.490000367E-1,8.185950279E0,-3.838950157E0
9.047858475E1,1.294050097E0,8.457000732E0,-4.899000168E0
9.048102813E1,1.699050069E0,8.679000854E0,-5.550000191E0
9.048347159E1,1.455000043E0,9.163050652E0,-5.653050423E0
9.048591498E1,7.030500174E-1,9.567000389E0,-5.419050217E0
9.048835859E1,2.239500135E-1,9.535950661E0,-4.711950302E0
9.049080198E1,8.539500237E-1,9.226950645E0,-4.155000210E0
9.049324537E1,9.690000415E-1,8.710050583E0,-3.721050262E0
9.049568883E1,7.170000076E-1,8.338950157E0,-3.709050179E0
9.049813214E1,1.426050067E0,7.528050423E0,-3.810000181E0
9.050057560E1,2.680950165E0,7.108950138E0,-4.344000340E0
9.050301898E1,3.555000067E0,7.081950188E0,-4.882050037E0
9.050546260E1,3.138000250E0,7.171050549E0,-4.401000023E0
9.050790599E1,1.548000097E0,7.441050529E0,-3.285000086E0
9.051034937E1,9.619500637E-1,7.506000519E0,-2.517000198E0
9.051279283E1,1.519950032E0,7.650000572E0,-2.644050121E0
9.051523622E1,1.986000061E0,7.827000141E0,-3.451050282E0
9.051767960E1,2.599050045E0,8.039999962E0,-4.720050335E0
9.052012322E1,2.809950113E0,8.467950821E0,-5.917050362E0
9.052256660E1,2.317050219E0,8.839950562E0,-6.658950329E0
9.052501006E1,1.611000061E0,9.091050148E0,-6.726000309E0
9.052745345E1,9.430500269E-1,9.010050774E0,-5.538000107E0
9.052989683E1,9.739500284E-1,8.583000183E0,-4.039950371E0
9.053234044E1,1.684950113E0,7.867950439E0,-3.369000196E0
9.053478383E1,2.479950190E0,7.068000317E0,-3.343050241E0
9.053722721E1,2.812050104E0,6.919050217E0,-4.036950111E0
9.053967067E1,2.863050222E0,7.068000317E0,-4.281000137E0
9.054211403E1,3.210000038E0,7.141950130E0,-2.512050152E0
9.054455742E1,3.190950155E0,7.819950581E0,-2.209950209E0
9.054700103E1,2.689950228E0,8.116950035E0,-2.304000139E0
9.054944442E1,1.936050057E0,8.181000710E0,-2.967000246E0
9.055188782E1,1.644000053E0,8.227050781E0,-3.769050121E0
9.055433128E1,2.062950134E0,8.461050034E0,-4.573950291E0
9.055677466E1,2.295000076E0,8.749050140E0,-5.055000305E0
9.055921805E1,1.953000069E0,9.235050201E0,-4.830000401E0
9.056166166E1,1.351950049E0,9.484050751E0,-4.131000042E0
9.056410505E1,1.315950036E0,9.394950867E0,-3.441000223E0
9.056654843E1,2.113049984E0,8.959050179E0,-3.408000231E0
9.056899189E1,1.900050044E0,8.635950089E0,-3.745050192E0
9.057143528E1,1.954950094E0,8.039999962E0,-3.786000252E0
9.057387866E1,2.767050028E0,7.255050182E0,-3.751950264E0
9.057632203E1,3.880050182E0,7.065000534E0,-4.281000137E0
9.057876564E1,4.144050121E0,7.081950188E0,-4.320000172E0
9.058120903E1,3.655050278E0,7.024950504E0,-2.617050171E0
9.058365249E1,2.446050167E0,7.354950428E0,-1.641000032E0
9.058609587E1,2.250000000E0,7.293000221E0,-1.300950050E0
9.058853927E1,2.809950113E0,7.659000397E0,-2.038050175E0
9.059098288E1,3.030000210E0,8.061000824E0,-3.570000172E0
9.059342627E1,3.231000185E0,8.361000061E0,-4.882050037E0
9.059586966E1,3.190950155E0,9.067049980E0,-5.778000355E0
9.059831312E1,2.535000086E0,9.514950752E0,-6.454950333E0
9.060075650E1,1.756950140E0,9.694050789E0,-6.415050507E0
9.060319989E1,1.275000095E0,9.406949997E0,-5.215050220E0
9.060564350E1,1.789950132E0,8.710050583E0,-4.084949970E0
9.060808689E1,2.449050188E0,7.918050289E0,-3.364050150E0
9.061053035E1,2.899050236E0,7.449000359E0,-3.228000164E0
9.061297372E1,3.540000200E0,7.096950531E0,-3.247050047E0
9.061541710E1,3.732000113E0,7.204050541E0,-3.027000189E0
9.061786049E1,3.532950163E0,8.065950394E0,-2.917050123E0
9.062030410E1,2.935050249E0,8.404050827E0,-3.031950235E0
9.062274749E1,2.121000051E0,8.812950134E0,-3.268950224E0
9.062519087E1,1.438050032E0,8.773050308E0,-3.621000290E0
9.062763433E1,1.776000142E0,8.904000282E0,-4.237950325E0
9.063007772E1,2.439000130E0,9.261000633E0,-5.172000408E0
9.063252110E1,2.178000212E0,9.502950668E0,-5.212950230E0
9.063496472E1,1.783050060E0,9.790050507E0,-4.942050457E0
9.063740813E1,1.314000010E0,9.811950684E0,-4.756050110E0
9.063985152E1,1.504950047E0,9.699000359E0,-4.504050255E0
9.064229490E1,1.582050085E0,9.337950706E0,-4.293000221E0
9.064473836E1,1.311000109E0,8.764950752E0,-4.011000156E0
9.064718175E1,1.918950081E0,8.248050690E0,-4.000950336E0
9.064962536E1,3.169050217E0,7.554000378E0,-4.213950157E0
9.065206875E1,3.859050274E0,7.338000298E0,-4.411050320E0
9.065451213E1,3.136050224E0,7.623000145E0,-3.943950176E0
9.065695559E1,1.747050047E0,7.729050159E0,-3.276000261E0
9.065939898E1,1.254000068E0,7.774050236E0,-2.874000072E0
9.066184234E1,1.648950100E0,7.918050289E0,-2.821050167E0
9.066428595E1,2.293050051E0,7.923000336E0,-3.685050249E0
9.066672934E1,3.016050100E0,8.356050491E0,-4.759950161E0
9.066917272E1,3.403950214E0,8.643000603E0,-5.959950447E0
9.067161620E1,2.511000156E0,9.112950325E0,-6.670950413E0
9.067405959E1,1.230000019E0,9.440999985E0,-6.877050400E0
9.067650297E1,4.519500136E-1,9.225000381E0,-6.235050201E0
9.067894659E1,6.259500384E-1,8.830050468E0,-4.891950130E0
9.068138997E1,1.474050045E0,8.365950584E0,-3.927000284E0
9.068383341E1,2.568000078E0,7.413000584E0,-3.745050192E0
9.068627680E1,2.949000120E0,7.144050121E0,-4.056000233E0
9.068872019E1,2.536950111E0,7.360050201E0,-3.871950150E0
9.069116380E1,2.358000040E0,7.767000198E0,-3.403050184E0
9.069360718E1,1.879050136E0,8.056950569E0,-3.288000107E0
9.069605057E1,1.026000023E0,8.302950859E0,-3.360000134E0
9.069849395E1,7.440000176E-1,8.418000221E0,-3.537000179E0
9.070093741E1,1.306050062E0,8.406000137E0,-4.195050240E0
9.070338080E1,1.752000093E0,8.670000076E0,-5.212950230E0
9.070582418E1,1.471950054E0,9.321000099E0,-5.493000031E0
9.070826779E1,7.290000319E-1,9.782999992E0,-5.212950230E0
9.071071118E1,-1.695000008E-2,1.000305080E1,-4.585950375E0
9.071315457E1,3.220500052E-1,9.460050583E0,-4.353000164E0
9.071559802E1,8.850000501E-1,8.895000458E0,-4.018050194E0
9.071804141E1,7.170000076E-1,8.466000557E0,-3.774000168E0
9.072048480E1,1.108050108E0,7.972950459E0,-3.642000198E0
9.072292841E1,2.383949995E0,7.087050438E0,-3.814950228E0
9.072537180E1,3.385050058E0,7.056000233E0,-4.645050049E0
9.072781526E1,2.875050068E0,7.338000298E0,-4.248000145E0
9.073025864E1,1.315950036E0,7.422000408E0,-3.022050142E0
9.073270202E1,8.950500488E-1,7.342950344E0,-2.521950006E0
9.073514564E1,1.644000053E0,7.240050316E0,-2.470950127E0
9.073758902E1,2.149049997E0,7.669050217E0,-3.331050158E0
9.074003241E1,2.488950014E0,8.209950447E0,-4.293000221E0
9.074247579E1,2.821950197E0,8.719950676E0,-5.695950508E0
9.074491924E1,2.290950060E0,9.330000877E0,-6.604050159E0
9.074736262E1,1.234950066E0,9.726000786E0,-7.288950443E0
9.074980601E1,3.340500295E-1,9.354000092E0,-6.823950291E0
9.075224962E1,4.420500100E-1,8.739000320E0,-5.208000183E0
9.075469301E1,1.453050017E0,8.196000099E0,-3.834000111E0
9.075713646E1,2.367000103E0,7.372050285E0,-3.405000210E0
9.075957985E1,2.736000061E0,6.996000290E0,-3.465000153E0
9.076202323E1,2.647050142E0,7.168050289E0,-3.292950153E0
9.076446685E1,2.781000137E0,7.666050434E0,-3.142050266E0
9.076691023E1,2.608950138E0,8.113950729E0,-3.259050131E0
9.076935362E1,1.843050122E0,8.440050125E0,-3.477000237E0
9.077179708E1,1.243950009E0,8.488050461E0,-3.582000256E0
9.077424046E1,1.306050062E0,8.515950203E0,-4.156949997E0
9.077668385E1,1.977000117E0,8.713050842E0,-5.152950287E0
9.077912723E1,2.022000074E0,9.096000671E0,-5.206050396E0
9.078157083E1,1.306050062E0,9.742050171E0,-5.134050369E0
9.078401421E1,4.350000322E-1,1.012305069E1,-4.288949966E0
9.078645760E1,5.260500312E-1,9.867000580E0,-4.321950436E0
9.078890106E1,1.255950093E0,9.603000641E0,-4.339050293E0
9.079134445E1,9.739500284E-1,9.091050148E0,-4.168950081E0
9.079378783E1,1.330050111E0,8.317950249E0,-4.054049969E0
9.079623144E1,2.640000105E0,7.462950230E0,-4.389000416E0
9.079867483E1,3.279000044E0,7.348050117E0,-4.770000458E0
9.080111829E1,2.704950094E0,7.420050144E0,-4.047000408E0
9.080356160E1,1.752000093E0,7.264050484E0,-2.850000143E0
9.080600506E1,1.575000048E0,7.171050549E0,-2.020950079E0
9.080844845E1,2.335950136E0,7.405050278E0,-2.143050194E0
9.081089206E1,2.836050034E0,7.750050545E0,-3.328950167E0
9.081333544E1,3.037950039E0,8.490000725E0,-4.774950027E0
9.081577883E1,3.370050192E0,9.001950264E0,-6.466950417E0
9.081822229E1,2.671050072E0,9.709050179E0,-7.432050228E0
9.082066568E1,1.399950027E0,9.970050812E0,-7.882050514E0
9.082310906E1,4.560000300E-1,9.642000198E0,-6.835950375E0
9.082555267E1,6.169500351E-1,9.121950150E0,-5.170050144E0
9.082799602E1,1.579050064E0,8.461050034E0,-4.047000408E0
9.083043940E1,2.760000229E0,7.719000340E0,-4.068000317E0
9.083288286E1,2.961000204E0,7.185000420E0,-4.437000275E0
9.083532625E1,2.548950195E0,7.675950527E0,-3.730950117E0
9.083776986E1,2.319000006E0,7.815000534E0,-3.241950035E0
9.084021325E1,1.729950070E0,8.173950195E0,-2.634000063E0
9.084265663E1,1.651050091E0,8.107049942E0,-2.614950180E0
9.084510009E1,1.789950132E0,8.392050743E0,-2.907000065E0
9.084754348E1,1.918950081E0,8.695950508E0,-3.829050064E0
9.084998686E1,2.094000101E0,8.983050346E0,-4.723950386E0
9.085243049E1,1.974000096E0,9.769050598E0,-5.404050350E0
9.085487387E1,7.060500383E-1,1.040505028E1,-5.007000446E0
9.085731726E1,-2.149500102E-1,1.055400085E1,-4.054049969E0
9.085976064E1,1.800000109E-2,1.004400063E1,-3.838950157E0
9.086220410E1,8.989500403E-1,9.493050575E0,-4.042050362E0
9.086464747E1,9.280500412E-1,9.157950401E0,-4.107000351E0
9.086709085E1,1.282950044E0,8.275050163E0,-4.255050182E0
9.086953447E1,1.972050071E0,7.879950523E0,-4.878000259E0
9.087197785E1,1.657950044E0,7.791000366E0,-5.397000313E0
9.087442124E1,1.057050109E0,7.755000591E0,-3.763950109E0
9.087686470E1,7.870500088E-1,7.438950539E0,-2.749050140E0
9.087930808E1,1.395000100E0,6.757050514E0,-2.019000053E0
9.088175147E1,2.293050051E0,7.057950497E0,-1.951950073E0
9.088419508E1,3.753000259E0,7.615950584E0,-2.854050159E0
9.088663847E1,4.072050095E0,7.944000244E0,-4.662000179E0
9.088908193E1,3.004050255E0,9.013950348E0,-6.046050072E0
9.089152532E1,1.660950065E0,9.514950752E0,-6.580050468E0
9.089396870E1,6.460500360E-1,9.615000725E0,-7.150050163E0
9.089641208E1,-1.099500060E-1,9.453000069E0,-6.970050335E0
9.089885570E1,1.020000055E-1,8.653050423E0,-6.565950394E0
9.090129908E1,1.383000016E0,8.085000038E0,-6.247050285E0
9.090374247E1,1.852050066E0,7.573050499E0,-5.088000298E0
9.090618593E1,1.407000065E0,7.549050331E0,-3.838950157E0
9.090862932E1,1.444950104E0,7.731000423E0,-2.842050076E0
9.091107294E1,1.369050026E0,7.993950367E0,-2.491050005E0
9.091351633E1,1.648950100E0,7.851000309E0,-2.601000071E0
9.091595971E1,1.921950102E0,7.815000534E0,-3.031950235E0
9.091840317E1,2.520000219E0,7.947000504E0,-4.293000221E0
9.092084656E1,2.686050177E0,8.521050453E0,-5.610000134E0
9.092328996E1,2.503950119E0,9.298950195E0,-6.364050388E0
9.092573357E1,1.315950036E0,1.015905094E1,-5.881050110E0
9.092817696E1,1.399500072E-1,1.051995087E1,-4.720050335E0
9.093062034E1,-1.395000052E-2,1.015200043E1,-4.404000282E0
9.093306380E1,7.960500121E-1,9.546000481E0,-4.437000275E0
9.093550719E1,1.725000024E0,9.124950409E0,-4.686000347E0
9.093795057E1,1.912050128E0,8.053950310E0,-4.090050220E0
9.094039396E1,2.282999992E0,7.663950443E0,-3.217950106E0
9.094283757E1,2.748000145E0,7.161000252E0,-3.529950142E0
9.094528096E1,2.176050186E0,7.413000584E0,-2.763000250E0
9.094772435E1,1.278000116E0,7.417050362E0,-2.023950100E0
9.095016781E1,1.620000124E0,7.498950481E0,-1.387050033E0
9.095261120E1,2.935050249E0,7.614000320E0,-2.185950041E0
9.095505458E1,3.897000074E0,7.446000576E0,-3.445950270E0
9.095749819E1,4.819050312E0,7.546950340E0,-4.308000088E0
9.095994158E1,4.443000317E0,8.278950691E0,-5.493000031E0
9.096238504E1,2.733000040E0,9.382950783E0,-6.511050224E0
9.096482843E1,1.744950056E0,9.739950180E0,-6.915000439E0
9.096727181E1,1.381050110E0,9.306000710E0,-6.259050369E0
9.096971542E1,1.759050131E0,9.028950691E0,-4.288949966E0
9.097215882E1,2.134950161E0,8.296050072E0,-2.263050079E0
9.097460221E1,2.311950207E0,7.726050377E0,-1.936950088E0
9.097704559E1,2.868000031E0,7.570950508E0,-2.854050159E0
9.097948905E1,3.412950277E0,8.245950699E0,-2.775000095E0
9.098193244E1,3.018000126E0,8.452050209E0,-2.811000109E0
9.098437607E1,2.887050152E0,8.452050209E0,-1.867950082E0
9.098681946E1,3.001950026E0,8.920950890E0,-1.380000114E0
9.098926284E1,3.229050159E0,9.250950813E0,-1.345950007E0
9.099170622E1,3.568950176E0,9.364050865E0,-2.007000208E0
9.099414968E1,3.421050072E0,9.646050453E0,-3.550950050E0
9.099659307E1,2.559000015E0,1.006995010E1,-4.702950001E0
9.099903668E1,1.639050126E0,1.071405029E1,-4.291050434E0
9.100148007E1,9.499500394E-1,1.046805096E1,-3.345000267E0
9.100392346E1,7.770000100E-1,9.948000908E0,-2.586000204E0
9.100636691E1,1.153050065E0,9.556050301E0,-2.458950043E0
9.100881030E1,1.642050028E0,8.950050354E0,-2.761050224E0
9.101125369E1,2.353049994E0,7.402950287E0,-3.409950256E0
9.101369707E1,2.868000031E0,7.093950272E0,-4.179000378E0
9.101614068E1,2.881950140E0,7.129950523E0,-3.697050095E0
9.101858407E1,2.293050051E0,6.397050381E0,-2.059950113E0
9.102102747E1,2.341050148E0,6.607950211E0,-4.549500346E-1
9.102347093E1,3.243000269E0,6.598950386E0,-5.080500245E-1
9.102591432E1,4.522050381E0,6.496050358E0,-1.533000112E0
9.102835770E1,4.909950256E0,6.900000095E0,-3.586950064E0
9.103080131E1,4.543950081E0,7.908000469E0,-5.554950237E0
9.103324470E1,3.607050180E0,8.389050484E0,-7.336950302E0
9.103568809E1,2.350050211E0,8.299050331E0,-7.846950531E0
9.103813155E1,1.270950079E0,8.002050400E0,-6.381000519E0
9.104057494E1,5.860500336E-1,7.978050232E0,-4.779000282E0
9.104301855E1,4.999500215E-1,7.591950417E0,-3.622950077E0
9.104546193E1,1.366050124E0,6.535950184E0,-2.785050154E0
9.104790532E1,2.511000156E0,5.575950146E0,-2.707950115E0
9.105034878E1,3.424950123E0,5.728950500E0,-3.427050114E0
9.105279216E1,3.187950134E0,6.013950348E0,-3.372000217E0
9.105523555E1,1.860000134E0,6.361950397E0,-2.728050232E0
9.105767893E1,1.953000069E0,6.792000294E0,-1.995000124E0
9.106012254E1,3.124050140E0,6.961950302E0,-2.586000204E0
9.106256601E1,3.274950266E0,7.579950333E0,-4.099050045E0
9.106500932E1,2.796000242E0,7.944000244E0,-5.128950119E0
9.106745278E1,2.290950060E0,8.683950424E0,-5.431050301E0
9.106989616E1,1.266000032E0,9.538950920E0,-5.206050396E0
9.107233978E1,5.279999971E-1,9.574950218E0,-5.359050274E0
9.107478316E1,9.139500260E-1,9.321000099E0,-5.071950436E0
9.107722655E1,1.302000046E0,8.722050667E0,-4.405950069E0
9.107967001E1,1.450050116E0,8.509050369E0,-3.709050179E0
9.108211339E1,2.098950148E0,7.984950542E0,-4.264950275E0
9.108455677E1,2.773950100E0,7.662000179E0,-4.552050114E0
9.108700039E1,2.662050009E0,7.819950581E0,-3.847950220E0
9.108944377E1,1.921950102E0,8.032950401E0,-2.526000023E0
9.109188716E1,1.704000115E0,8.056950569E0,-1.462950110E0
9.109433054E1,2.614050150E0,8.185950279E0,-1.516050100E0
9.109677400E1,4.198950291E0,8.502000809E0,-3.244950056E0
9.109921739E1,4.438050270E0,8.690999985E0,-5.092950344E0
9.110166077E1,3.768000126E0,9.610950470E0,-6.214050293E0
9.110410437E1,3.439950228E0,1.010400009E1,-6.604050159E0
9.110654776E1,2.401050091E0,1.046100044E1,-6.223050117E0
9.110899114E1,1.129050016E0,1.036005020E1,-5.209950447E0
9.111143460E1,9.739500284E-1,9.883950233E0,-4.102050304E0
9.111387799E1,2.239950180E0,9.292050362E0,-3.795000076E0
9.111632159E1,2.821950197E0,8.634000778E0,-3.991950274E0
9.111876497E1,2.926950216E0,8.044950485E0,-4.570950031E0
9.112120836E1,3.504000187E0,7.839000225E0,-3.007950068E0
9.112365182E1,3.579000235E0,8.113950729E0,-2.469000101E0
9.112609520E1,3.094950199E0,8.101950645E0,-1.726950049E0
9.112853859E1,2.520000219E0,7.786050320E0,-1.437000036E0
9.113098197E1,2.776950121E0,7.951050282E0,-2.020950079E0
9.113342559E1,3.484950066E0,8.133000374E0,-3.952950239E0
9.113586897E1,3.370050192E0,8.433000565E0,-5.764050484E0
9.113831236E1,2.700000048E0,9.139050484E0,-5.962050438E0
9.114075582E1,1.516950130E0,9.505050659E0,-5.155050278E0
9.114319943E1,9.349500537E-1,9.465000153E0,-4.118999958E0
9.114564282E1,1.366050124E0,9.217950821E0,-3.585000277E0
9.114808620E1,1.801950097E0,8.467950821E0,-3.906000137E0
9.115052959E1,2.262000084E0,8.121000290E0,-4.210050106E0
9.115297297E1,2.890950203E0,7.633050442E0,-4.456050396E0
9.115541643E1,3.358050108E0,7.519950390E0,-4.606950283E0
9.115785982E1,4.074000359E0,6.948000431E0,-4.201950073E0
9.116030343E1,3.217050076E0,6.928950310E0,-2.886000156E0
9.116274682E1,2.815050125E0,6.589050293E0,-1.483050108E0
9.116519019E1,3.174000263E0,6.271050453E0,-9.270000458E-1
9.116763365E1,4.414050102E0,6.316050529E0,-1.272000074E0
9.117007704E1,4.789950371E0,6.792000294E0,-3.063000202E0
9.117252042E1,3.949950218E0,7.935000420E0,-4.465950012E0
9.117496380E1,3.595050097E0,8.755949974E0,-5.713050365E0
9.117740742E1,2.263950109E0,9.591000557E0,-6.475050449E0
9.117985088E1,6.790500283E-1,9.654000282E0,-6.987000465E0
9.118229419E1,1.380000114E-1,9.141000748E0,-5.755950451E0
9.118473765E1,1.195950031E0,8.623950005E0,-4.195050240E0
9.118718104E1,2.310000181E0,7.843950272E0,-3.529950142E0
9.118962466E1,2.721000195E0,7.336050510E0,-3.421950102E0
9.119206805E1,2.938950062E0,7.357950211E0,-2.875950098E0
9.119451144E1,3.583050251E0,7.630050182E0,-2.718000174E0
9.119695490E1,3.472950220E0,7.912950516E0,-3.333000183E0
9.119939828E1,2.959050179E0,7.779000282E0,-2.364000082E0
9.120184167E1,2.820000172E0,7.924950600E0,-2.373000145E0
9.120428528E1,3.270000219E0,7.762050152E0,-3.063000202E0
9.120672867E1,3.496950150E0,8.350950241E0,-3.843000174E0
9.120917205E1,3.006000042E0,8.770050049E0,-4.501950264E0
9.121161544E1,2.455950022E0,9.541050911E0,-4.213950157E0
9.121405890E1,1.345050097E0,1.047000027E1,-3.987000227E0
9.121650251E1,5.400000215E-1,1.060905075E1,-3.652050257E0
9.121894567E1,3.319500089E-1,1.032195091E1,-3.630000114E0
9.122138928E1,4.950000346E-1,1.002495003E1,-3.985050201E0
9.122383272E1,1.384950042E0,9.333000183E0,-4.180950165E0
9.122627603E1,1.906950116E0,8.586000443E0,-4.135050297E0
9.122871949E1,1.998000145E0,7.990050316E0,-4.252950191E0
9.123116288E1,1.663050056E0,7.920000553E0,-3.676050186E0
9.123360649E1,1.777950048E0,7.744950294E0,-2.833050251E0
9.123604988E1,2.200050116E0,7.662000179E0,-2.317950010E0
9.123849326E1,2.776950121E0,7.777050495E0,-2.650950193E0
9.124093673E1,3.391950130E0,7.848000526E0,-3.700050116E0
9.124338011E1,3.490050077E0,8.619000435E0,-4.959000111E0
9.124582350E1,3.370050192E0,9.133950233E0,-6.163050175E0
9.124826689E1,2.551050186E0,9.622950554E0,-6.457950115E0
9.125071050E1,1.390050054E0,9.879000664E0,-5.887950420E0
9.125315389E1,5.160000324E-1,9.763950348E0,-4.653000355E0
9.125559727E1,3.490500152E-1,9.297000885E0,-4.039950371E0
9.125804073E1,6.979500055E-1,8.622000694E0,-4.477950096E0
9.126048436E1,1.855050087E0,8.041950226E0,-5.413950443E0
9.126292752E1,2.520000219E0,7.531950474E0,-5.680050373E0
9.126537113E1,2.446050167E0,7.693050385E0,-4.750950336E0
9.126781452E1,2.167950153E0,7.687950134E0,-3.997050285E0
9.127025798E1,2.086950064E0,7.441050529E0,-3.361950159E0
9.127270140E1,2.491950035E0,7.324050426E0,-3.115050077E0
9.127514478E1,2.950950146E0,7.480050564E0,-3.295050144E0
9.127758839E1,2.760000229E0,8.293950081E0,-3.843000174E0
9.128003178E1,2.404950142E0,8.788949966E0,-5.266050339E0
9.128247517E1,1.455000043E0,9.651000023E0,-5.311050415E0
9.128491864E1,2.479500175E-1,1.028595066E1,-5.110050201E0
9.128736203E1,-8.100000024E-2,1.025700092E1,-5.116950035E0
9.128980564E1,-2.110500038E-1,9.871950150E0,-5.313000202E0
9.129224880E1,9.000000544E-3,9.405000687E0,-5.413950443E0
9.129469241E1,1.066950083E0,8.473050117E0,-5.032950401E0
9.129713581E1,1.642050028E0,8.212050438E0,-4.777050018E0
9.129957920E1,1.504950047E0,8.208000183E0,-5.038050175E0
9.130202266E1,1.555050015E0,7.768950462E0,-4.321950436E0
9.130446605E1,1.222950101E0,8.083050728E0,-3.511050224E0
9.130690966E1,1.426050067E0,7.360050201E0,-3.300000191E0
9.130935305E1,2.314050198E0,6.868950367E0,-2.653050184E0
9.131179643E1,2.853000164E0,7.501050472E0,-2.716050148E0
9.131423989E1,3.679050207E0,8.161950111E0,-3.646950245E0
9.131668328E1,3.973950148E0,8.518950462E0,-4.777050018E0
9.131912666E1,2.475000143E0,9.493050575E0,-6.064950466E0
9.132157029E1,1.426050067E0,1.006095028E1,-6.952950478E0
9.132401368E1,5.670000315E-1,1.015395069E1,-6.943950176E0
9.132645706E1,1.120500043E-1,9.430950165E0,-6.870000362E0
9.132890052E1,7.920000553E-1,8.751000404E0,-6.148950100E0
9.133134392E1,2.086950064E0,7.815000534E0,-5.545950413E0
9.133378731E1,1.692000031E0,7.506000519E0,-4.971000195E0
9.133623069E1,1.350000024E0,7.336050510E0,-3.633000135E0
9.133867431E1,1.620000124E0,7.767000198E0,-2.529000044E0
9.134111777E1,2.029950142E0,8.179050446E0,-2.071950197E0
9.134356116E1,2.932050228E0,7.984950542E0,-2.244000196E0
9.134600454E1,3.208050251E0,7.834050179E0,-1.674000025E0
9.134844792E1,2.913000107E0,7.635000229E0,-1.408050060E0
9.135089154E1,3.145050049E0,8.155050278E0,-1.036949992E0
9.135333492E1,3.208050251E0,8.605050087E0,-1.624050021E0
9.135577831E1,2.776950121E0,8.863950729E0,-2.191050053E0
9.135822177E1,2.383949995E0,9.505050659E0,-3.577950239E0
9.136066516E1,1.645950079E0,9.718050003E0,-4.899000168E0
9.136310854E1,9.280500412E-1,8.892000198E0,-5.212950230E0
9.136555215E1,6.360000372E-1,8.617050171E0,-4.612050056E0
9.136799553E1,1.543950081E0,8.289000511E0,-3.634950161E0
9.137043891E1,2.212050200E0,7.812000275E0,-2.878050089E0
9.137288230E1,2.413050175E0,6.958050251E0,-2.895000219E0
9.137532575E1,2.233050108E0,6.904950142E0,-2.335050106E0
9.137776937E1,2.295000076E0,7.192050457E0,-1.189950109E0
9.138021251E1,2.902950048E0,6.900000095E0,-1.102050066E0
9.138265613E1,3.351000071E0,7.195050240E0,-1.102050066E0
9.138509951E1,3.294000149E0,7.573050499E0,-5.179499984E-1
9.138754297E1,3.904050112E0,8.401050568E0,-1.219050050E0
9.138998636E1,5.322000027E0,8.490000725E0,-2.155050039E0
9.139242974E1,5.322000027E0,8.332050323E0,-5.209950447E0
9.139487336E1,3.066000223E0,9.511950493E0,-9.388050079E0
9.139731674E1,1.396950126E0,9.874050140E0,-1.106205082E1
9.139976013E1,4.519500136E-1,9.508050919E0,-8.215050697E0
9.140220359E1,6.070500016E-1,8.341950417E0,-5.797050476E0
9.140464697E1,2.800950050E0,7.735950470E0,-3.862050295E0
9.140709036E1,2.710050106E0,7.510950565E0,-1.951950073E0
9.140953397E1,2.370000124E0,7.723950386E0,-1.027950048E0
9.141197736E1,3.090000153E0,7.599000454E0,-1.264950037E0
9.141442082E1,3.775050163E0,8.152050018E0,-1.492050052E0
9.141686420E1,4.323000431E0,8.464050293E0,-1.285950065E0
9.141930759E1,4.326000214E0,8.161950111E0,-1.483050108E0
9.142175120E1,3.708000183E0,8.530950546E0,-1.795950055E0
9.142419459E1,3.379950047E0,9.654000282E0,-2.445000172E0
9.142663797E1,2.713950157E0,1.024695015E1,-4.578000069E0
9.142908135E1,1.699050069E0,1.052295017E1,-6.610950470E0
9.143152481E1,8.640000224E-1,1.017600060E1,-8.008950233E0
9.143396820E1,4.330500066E-1,9.943050385E0,-7.834950447E0
9.143641158E1,1.062000036E0,9.654000282E0,-6.433950424E0
9.143885520E1,1.567050099E0,9.520050049E0,-4.794000149E0
9.144129858E1,2.074949980E0,8.542950630E0,-3.430950165E0
9.144374196E1,3.033000231E0,7.342950344E0,-3.232950211E0
9.144618542E1,3.756000280E0,7.183050156E0,-3.292950153E0
9.144862881E1,3.745950222E0,7.084950447E0,-1.939950109E0
9.145107242E1,3.661950111E0,6.711000443E0,-1.312950015E0
9.145351558E1,3.748950243E0,6.967050552E0,-1.750950098E0
9.145595919E1,4.017000198E0,7.314000130E0,-2.011950016E0
9.145840258E1,4.186950207E0,7.990050316E0,-3.075000048E0
9.146084604E1,3.910950184E0,9.012000084E0,-3.913050175E0
9.146328942E1,3.241050243E0,9.670050621E0,-4.923000336E0
9.146573278E1,2.094000101E0,9.876000404E0,-7.176000118E0
9.146817639E1,9.690000415E-1,9.535950661E0,-8.917050362E0
9.147061978E1,4.609500170E-1,8.690999985E0,-8.232000351E0
9.147306316E1,1.345050097E0,7.872000217E0,-6.247050285E0
9.147550663E1,3.057000160E0,7.033950329E0,-4.162050247E0
9.147795001E1,3.523950100E0,6.481050491E0,-2.586000204E0
9.148039340E1,3.808050156E0,6.675000191E0,-1.605000019E0
9.148283701E1,3.775050163E0,7.081950188E0,-1.156949997E0
9.148528040E1,3.178950071E0,7.305000305E0,-7.639500499E-1
9.148772386E1,2.856000185E0,7.171050549E0,-1.939500123E-1
9.149016722E1,3.112050056E0,7.321950436E0,1.420500129E-1
9.149261061E1,3.595050097E0,7.671000481E0,-1.630500108E-1
9.149505422E1,3.801000118E0,7.647000313E0,-1.411050081E0
9.149749761E1,3.543000221E0,7.939050198E0,-1.698000073E0
9.149994099E1,2.989950180E0,8.662050247E0,-2.941050053E0
9.150238438E1,1.552950025E0,9.321000099E0,-6.724050522E0
9.150482784E1,7.960500121E-1,9.340050697E0,-9.187050819E0
9.150727122E1,9.949500561E-1,8.740950584E0,-6.682950497E0
9.150971461E1,2.238000154E0,8.071050644E0,-3.661050081E0
9.151215822E1,3.445050240E0,7.768950462E0,-1.554000020E0
9.151460160E1,3.571050167E0,7.377000332E0,-1.129500046E-1
9.151704499E1,3.598050117E0,7.092000484E0,1.590000093E-1
9.151948845E1,3.580950260E0,6.922050476E0,4.609500170E-1
9.152193183E1,3.459000111E0,7.060950279E0,2.430000156E-1
9.152437521E1,3.469050169E0,7.245000362E0,-6.490500569E-1
9.152681882E1,3.567000151E0,7.549050331E0,-2.287050009E0
9.152926221E1,4.795050144E0,7.828950405E0,-3.846000195E0
9.153170559E1,5.158950329E0,8.557050705E0,-6.364050388E0
9.153414905E1,3.856050253E0,9.541050911E0,-8.293950081E0
9.153659244E1,2.824050188E0,9.691950798E0,-7.887000561E0
9.153903605E1,2.034000158E0,9.433050156E0,-6.843000412E0
9.154147944E1,1.816050053E0,9.192000389E0,-4.677000046E0
9.154392282E1,2.089050055E0,9.025950432E0,-2.445000172E0
9.154636621E1,2.343000174E0,8.137949944E0,-1.891950130E0
9.154880967E1,3.792000294E0,7.563000202E0,-1.660050035E0
9.155125306E1,4.539000034E0,7.414950371E0,-2.016000032E0
9.155369644E1,4.504950047E0,7.686000347E0,-2.632050037E0
9.155614006E1,4.266000271E0,7.848000526E0,-3.601050138E0
9.155858344E1,3.721950293E0,8.089950562E0,-3.514950275E0
9.156102690E1,3.604950190E0,8.257950783E0,-2.791950226E0
9.156347029E1,3.978000164E0,8.083050728E0,-2.850000143E0
9.156591368E1,4.795050144E0,8.185950279E0,-3.268950224E0
9.156835706E1,5.128050327E0,8.137949944E0,-3.505950212E0
9.157080067E1,4.534049988E0,8.904000282E0,-3.831000090E0
9.157324406E1,3.640950203E0,9.145950317E0,-3.999000072E0
9.157568752E1,2.452950001E0,9.754050255E0,-4.219050407E0
9.157813091E1,1.939050078E0,9.972000122E0,-4.260000229E0
9.158057429E1,1.623000026E0,9.711000443E0,-3.883950233E0
9.158301790E1,2.503950119E0,9.100950241E0,-2.881050110E0
9.158546129E1,3.921000242E0,8.171999931E0,-1.935000062E0
9.158790468E1,4.354050159E0,7.714050293E0,-1.987950087E0
9.159034806E1,4.102950096E0,7.279050350E0,-2.019000053E0
9.159279152E1,3.543000221E0,7.053000450E0,-1.672050118E0
9.159523491E1,3.631050110E0,7.159050465E0,-1.224000096E0
9.159767829E1,4.201050282E0,7.417050362E0,-1.288950086E0
9.160012191E1,4.879050255E0,7.614000320E0,-1.945050120E0
9.160256529E1,5.527950287E0,7.767000198E0,-3.124950171E0
9.160500868E1,5.326050282E0,8.575950623E0,-4.255050182E0
9.160745214E1,4.477050304E0,9.261000633E0,-5.596050262E0
9.160989552E1,3.370050192E0,9.397050858E0,-6.040950298E0
9.161233914E1,2.653950214E0,9.238950729E0,-5.299050331E0
9.161478253E1,2.173050165E0,8.923050880E0,-4.297950268E0
9.161722591E1,3.166950226E0,8.358000755E0,-3.130050182E0
9.161966937E1,3.859050274E0,7.731000423E0,-2.806950092E0
9.162211276E1,4.098000050E0,7.408050537E0,-2.244000196E0
9.162455614E1,4.183950424E0,7.437000275E0,-1.474950075E0
9.162699952E1,4.302000046E0,7.578000546E0,-1.368000031E0
9.162944314E1,3.709950209E0,7.779000282E0,-1.281000018E0
9.163188653E1,3.246000051E0,7.807950497E0,-1.417950034E0
9.163432999E1,3.274950266E0,7.786050320E0,-2.007000208E0
9.163677338E1,3.615000248E0,8.171999931E0,-2.830950022E0
9.163921676E1,3.639000177E0,8.542950630E0,-3.397950172E0
9.164166015E1,3.580950260E0,9.100950241E0,-4.083000183E0
9.164410376E1,2.865000248E0,9.577050209E0,-4.243050098E0
9.164654715E1,2.013000011E0,9.570000648E0,-3.529950142E0
9.164899061E1,1.771050096E0,9.369000435E0,-3.295050144E0
9.165143399E1,2.194950104E0,8.967000008E0,-3.075000048E0
9.165387738E1,2.413050175E0,8.494950294E0,-2.971950054E0
9.165632101E1,2.985000134E0,8.083050728E0,-2.716050148E0
9.165876440E1,3.787050247E0,7.140000343E0,-2.706000090E0
9.166120778E1,4.558050156E0,7.084950447E0,-3.154050112E0
9.166365116E1,4.157999992E0,7.044000149E0,-2.656050205E0
9.166609462E1,3.097050190E0,7.045950413E0,-1.288950086E0
9.166853800E1,2.554050207E0,6.934050560E0,-4.630500078E-1
9.167098138E1,2.860050201E0,7.177950382E0,-9.010500312E-1
9.167342500E1,3.837000132E0,7.528050423E0,-2.407050133E0
9.167586838E1,4.122000217E0,8.121000290E0,-3.829050064E0
9.167831177E1,4.515000343E0,8.449049950E0,-5.220000267E0
9.168075523E1,3.676950216E0,8.794050217E0,-6.163050175E0
9.168319861E1,2.134950161E0,9.049950600E0,-6.730950356E0
9.168564200E1,1.480950117E0,8.950050354E0,-5.731950283E0
9.168808561E1,1.804050088E0,8.380050659E0,-4.461000443E0
9.169052900E1,2.488950014E0,7.726050377E0,-3.706950188E0
9.169297246E1,3.724950075E0,6.835950375E0,-2.553000212E0
9.169541584E1,4.321050167E0,6.643950462E0,-1.915950060E0
9.169785923E1,4.318050385E0,6.856950283E0,-1.653000116E0
9.170030261E1,4.137000084E0,7.281000137E0,-1.474950075E0
9.170274623E1,3.576000214E0,7.635000229E0,-2.040000200E0
9.170518961E1,2.994000196E0,8.038050652E0,-3.171000242E0
9.170763300E1,2.644950151E0,8.251049995E0,-3.669000149E0
9.171007646E1,2.856000185E0,8.251049995E0,-4.092000008E0
9.171251984E1,3.406050205E0,8.659950256E0,-4.411050320E0
9.171496323E1,3.094950199E0,9.213000298E0,-4.332000256E0
9.171740684E1,2.386050224E0,9.666000366E0,-3.738000154E0
9.171985022E1,1.267950058E0,9.994050026E0,-3.913050175E0
9.172229368E1,1.384950042E0,9.715950012E0,-4.071000099E0
9.172473707E1,1.963050127E0,9.370950699E0,-4.296000004E0
9.172718045E1,2.125050068E0,8.914050102E0,-3.709050179E0
9.172962408E1,2.523000002E0,8.191050529E0,-3.135000229E0
9.173206747E1,3.483000278E0,7.519950390E0,-2.938050032E0
9.173451085E1,4.282950401E0,7.279050350E0,-3.154050112E0
9.173695431E1,3.994950294E0,7.225950241E0,-2.851950169E0
9.173939770E1,2.791050196E0,7.362000465E0,-1.981050134E0
9.174184108E1,2.266950130E0,7.567950249E0,-1.678950071E0
9.174428446E1,2.710050106E0,7.623000145E0,-2.152950048E0
9.174672808E1,3.303000212E0,8.032950401E0,-3.223050117E0
9.174917146E1,4.024050236E0,8.406000137E0,-4.486950397E0
9.175161486E1,4.507950306E0,8.602950096E0,-5.425950050E0
9.175405832E1,3.658050060E0,9.061950684E0,-6.343050480E0
9.175650171E1,2.245050192E0,9.261000633E0,-6.669000149E0
9.175894509E1,1.761000037E0,9.164999962E0,-6.112950325E0
9.176138871E1,2.032050133E0,8.562000275E0,-5.031000137E0
9.176383209E1,2.760000229E0,7.675950527E0,-3.819000244E0
9.176627555E1,3.844050169E0,7.044000149E0,-3.120000124E0
9.176871886E1,4.323000431E0,6.634050369E0,-2.875950098E0
9.177116232E1,4.017000198E0,7.030050278E0,-1.981050134E0
9.177360594E1,3.511950254E0,7.528050423E0,-1.779000044E0
9.177604932E1,2.820000172E0,7.920000553E0,-1.621050119E0
9.177849271E1,2.410050154E0,7.947000504E0,-2.068950176E0
9.178093609E1,2.317050219E0,8.085000038E0,-2.658000231E0
9.178337955E1,3.082950115E0,8.109000206E0,-3.430950165E0
9.178582294E1,3.627000093E0,8.440050125E0,-4.405950069E0
9.178826632E1,3.355950117E0,9.117000580E0,-4.336950302E0
9.179070994E1,2.191950083E0,9.582000732E0,-4.465950012E0
9.179315332E1,6.820500493E-1,1.004595089E1,-4.059000015E0
9.179559671E1,5.590500236E-1,9.831000328E0,-4.080000401E0
9.179804017E1,1.620000124E0,9.393000603E0,-4.243050098E0
9.180048354E1,2.128050089E0,8.830050468E0,-3.336000204E0
9.180292715E1,2.367000103E0,8.017950058E0,-2.956950188E0
9.180537054E1,3.247950077E0,7.207050323E0,-2.524050236E0
9.180781392E1,4.201050282E0,7.056000233E0,-3.096000195E0
9.181025738E1,4.005000114E0,7.123050213E0,-2.589000225E0
9.181270077E1,2.773950100E0,7.498950481E0,-1.765050054E0
9.181514416E1,1.965000153E0,7.446000576E0,-1.389000058E0
9.181758754E1,2.395950079E0,7.707000256E0,-1.638000131E0
9.182003115E1,3.415950060E0,7.876950264E0,-3.168000221E0
9.182247454E1,3.835050106E0,8.322000504E0,-4.497000217E0
9.182491792E1,3.955050230E0,8.683950424E0,-5.641050339E0
9.182736138E1,3.574050188E0,9.117000580E0,-5.557950497E0
9.182980477E1,2.110949993E0,9.469050407E0,-6.025050163E0
9.183224816E1,1.396950126E0,9.378000259E0,-5.674950123E0
9.183469177E1,1.393050075E0,8.928000450E0,-4.843950272E0
9.183713516E1,2.271000147E0,8.124000549E0,-3.930000305E0
9.183957862E1,3.187950134E0,7.555950165E0,-3.316950083E0
9.184202200E1,3.370050192E0,7.152000427E0,-3.060000181E0
9.184446539E1,3.093000174E0,7.506000519E0,-2.383050203E0
9.184690900E1,3.133050203E0,7.822050571E0,-2.280000210E0
9.184935237E1,2.926950216E0,7.831950188E0,-2.200950146E0
9.185179576E1,2.428950071E0,8.233950615E0,-2.389950037E0
9.185423922E1,2.353049994E0,8.023050308E0,-2.815950155E0
9.185668260E1,2.773950100E0,8.014050484E0,-3.522000074E0
9.185912599E1,3.151950121E0,8.607000351E0,-4.447050095E0
9.186156937E1,2.968050241E0,9.168000221E0,-4.360050201E0
9.186401298E1,2.437050104E0,9.352050781E0,-3.858000278E0
9.186645637E1,1.231950045E0,9.907050133E0,-3.582000256E0
9.186889976E1,7.920000553E-1,9.589050293E0,-3.814950228E0
9.187134322E1,1.500000119E0,9.595950127E0,-4.372050285E0
9.187378660E1,2.125050068E0,8.822999954E0,-4.315050125E0
9.187623022E1,2.009999990E0,8.657999992E0,-3.606000185E0
9.187867360E1,2.571000099E0,7.894050598E0,-2.850000143E0
9.188111699E1,3.363000154E0,7.446000576E0,-2.827950239E0
9.188356045E1,3.445050240E0,7.264050484E0,-2.979000092E0
9.188600383E1,2.686050177E0,7.210950375E0,-2.557950020E0
9.188844722E1,1.888050079E0,7.288050175E0,-1.839000106E0
9.189089083E1,2.194950104E0,7.285950184E0,-2.233950138E0
9.189333422E1,2.877000093E0,7.647000313E0,-3.028950214E0
9.189577759E1,3.346050262E0,8.101950645E0,-4.051949978E0
9.189822097E1,3.921000242E0,8.326950073E0,-5.032950401E0
9.190066443E1,3.865950108E0,8.794050217E0,-4.966050148E0
9.190310782E1,2.371950150E0,9.475950241E0,-6.171000481E0
9.190555120E1,1.491000056E0,9.520050049E0,-6.304950237E0
9.190799484E1,1.366050124E0,9.112950325E0,-5.947950363E0
9.191043823E1,1.809000134E0,8.590950012E0,-4.822950363E0
9.191288162E1,2.674050093E0,7.798050404E0,-3.961050272E0
9.191532508E1,3.229050159E0,7.294950485E0,-3.499050140E0
9.191776846E1,3.301050186E0,7.222950459E0,-3.172950268E0
9.192021207E1,3.151950121E0,7.482000351E0,-2.497950077E0
9.192265545E1,3.247950077E0,7.707000256E0,-2.328000069E0
9.192509884E1,2.479950190E0,8.171999931E0,-2.649000168E0
9.192754230E1,1.869000077E0,8.457000732E0,-2.922000170E0
9.192998568E1,1.876050115E0,8.310000420E0,-3.408000231E0
9.193242907E1,2.664000034E0,8.731950760E0,-4.401000023E0
9.193487245E1,2.839050055E0,9.145950317E0,-5.104950428E0
9.193731607E1,2.226000071E0,9.840000153E0,-5.052000046E0
9.193975953E1,1.227000117E0,1.005105019E1,-4.741050243E0
9.194220284E1,7.870500088E-1,1.018005085E1,-4.369950294E0
9.194464628E1,1.411950111E0,9.739950180E0,-4.530000210E0
9.194708967E1,1.741950035E0,9.273000717E0,-4.348950386E0
9.194953328E1,1.528950095E0,9.040950775E0,-3.930000305E0
9.195197667E1,2.134950161E0,8.308050156E0,-3.397950172E0
9.195442005E1,3.193050146E0,7.381050587E0,-3.592050076E0
9.195686353E1,4.006950378E0,7.366950512E0,-4.159049988E0
9.195930692E1,3.610050201E0,7.374000549E0,-3.451050282E0
9.196175030E1,2.170950174E0,7.575000286E0,-2.244000196E0
9.196419391E1,1.669950128E0,7.578000546E0,-1.855950117E0
9.196663730E1,2.164050102E0,7.807950497E0,-2.584050179E0
9.196908068E1,2.761950016E0,8.242950439E0,-3.811950207E0
9.197152407E1,3.373050213E0,8.434950829E0,-5.071950436E0
9.197396753E1,3.424950123E0,8.855999947E0,-6.187050343E0
9.197641092E1,2.641950130E0,9.346950531E0,-6.742950439E0
9.197885430E1,1.702050090E0,9.663000107E0,-6.795000553E0
9.198129791E1,1.234950066E0,9.280050278E0,-5.931000233E0
9.198374130E1,1.351950049E0,8.731950760E0,-4.827000141E0
9.198618468E1,1.989000082E0,7.975050449E0,-4.036950111E0
9.198862814E1,2.844000101E0,7.374000549E0,-3.871950150E0
9.199107153E1,3.490050077E0,7.057950497E0,-3.706950188E0
9.199351515E1,3.355950117E0,7.000950336E0,-3.376050234E0
9.199595854E1,2.719050169E0,7.498950481E0,-2.373000145E0
9.199840193E1,2.824050188E0,7.768950462E0,-2.184000015E0
9.200084538E1,2.530050039E0,8.290950775E0,-2.634000063E0
9.200328877E1,2.017950058E0,8.337000847E0,-3.333000183E0
9.200573216E1,1.783050060E0,8.545050621E0,-4.198050022E0
9.200817577E1,2.009999990E0,8.844000816E0,-4.789050102E0
9.201061916E1,2.317050219E0,9.112950325E0,-4.794000149E0
9.201306254E1,1.936050057E0,9.685050011E0,-4.565999985E0
9.201550592E1,1.054949999E0,9.814050674E0,-4.126049995E0
9.201794936E1,6.030000448E-1,9.721050262E0,-4.369950294E0
9.202039275E1,1.441050053E0,9.469050407E0,-4.369950294E0
9.202283614E1,1.636950135E0,8.863950729E0,-4.473000050E0
9.202527975E1,1.339950085E0,8.662050247E0,-3.786000252E0
9.202772314E1,2.065050125E0,7.996950150E0,-3.139050245E0
9.203016658E1,3.181050062E0,7.233000278E0,-3.436050177E0
9.203260997E1,3.793950081E0,7.402950287E0,-3.682950258E0
9.203505335E1,3.105000257E0,7.246950150E0,-3.345000267E0
9.203749697E1,1.732950091E0,7.446000576E0,-2.500050068E0
9.203994035E1,1.242000103E0,7.542000294E0,-2.116950035E0
9.204238373E1,1.644000053E0,7.774050236E0,-2.589000225E0
9.204482719E1,2.346000195E0,8.100000381E0,-3.628050089E0
9.204727058E1,3.331950188E0,8.230950356E0,-4.818000317E0
9.204971396E1,3.379950047E0,8.779950142E0,-5.989050388E0
9.205215735E1,2.053050041E0,9.546000481E0,-6.760050297E0
9.205460096E1,1.290000081E0,9.639000893E0,-6.942000389E0
9.205704435E1,9.259500504E-1,9.259050369E0,-5.749050140E0
9.205948773E1,9.280500412E-1,8.773050308E0,-4.380000114E0
9.206193119E1,1.699050069E0,8.016000748E0,-3.685050249E0
9.206437458E1,2.923050165E0,7.329000473E0,-4.032000065E0
9.206681820E1,3.504000187E0,7.087050438E0,-4.083000183E0
9.206926158E1,2.944050074E0,7.354950428E0,-3.451050282E0
9.207170497E1,2.326050043E0,7.843950272E0,-2.470950127E0
9.207414843E1,1.963050127E0,8.071050644E0,-2.325000048E0
9.207659182E1,1.474050045E0,8.437050819E0,-3.100950241E0
9.207903520E1,1.114950061E0,8.617050171E0,-4.092000008E0
9.208147882E1,1.239000082E0,8.739000320E0,-5.055000305E0
9.208392220E1,1.917000055E0,9.022050858E0,-5.385000229E0
9.208636559E1,1.848000050E0,9.589050293E0,-5.172000408E0
9.208880897E1,1.066950083E0,9.952950478E0,-4.653000355E0
9.209125243E1,2.430000156E-1,1.030005074E1,-4.128000259E0
9.209369582E1,6.739500165E-1,9.730050087E0,-4.348950386E0
9.209613920E1,1.633950114E0,9.124950409E0,-4.822950363E0
9.209858282E1,1.101000071E0,8.830050468E0,-5.059950352E0
9.210102618E1,9.520500302E-1,8.242950439E0,-4.099050045E0
9.210346963E1,1.813950062E0,7.558950424E0,-4.011000156E0
9.210591302E1,2.527950048E0,7.425000191E0,-4.030050278E0
9.210835641E1,3.126000166E0,7.471950531E0,-3.388050079E0
9.211080002E1,2.683050156E0,7.305000305E0,-2.533950090E0
9.211324342E1,1.342050076E0,7.233000278E0,-1.741050124E0
9.211568680E1,1.249050021E0,7.513050556E0,-2.221950054E0
9.211813026E1,1.813950062E0,7.972950459E0,-3.946050167E0
9.212057365E1,2.587050200E0,8.470950127E0,-5.044950008E0
9.212301703E1,2.827050209E0,8.887950897E0,-6.168000221E0
9.212546042E1,1.924050093E0,9.663000107E0,-6.951000214E0
9.212790403E1,1.231950045E0,9.922050476E0,-7.629000187E0
9.213034742E1,5.160000324E-1,9.610950470E0,-7.035000324E0
9.213279080E1,4.180500209E-1,9.004950523E0,-5.725050449E0
9.213523426E1,8.059500456E-1,8.275050163E0,-4.779000282E0
9.213767765E1,1.951050043E0,7.342950344E0,-4.012950420E0
9.214012103E1,2.719050169E0,7.137000561E0,-3.715950251E0
9.214256464E1,2.827050209E0,7.188000202E0,-3.256950140E0
9.214500803E1,2.989950180E0,7.398000240E0,-2.653050184E0
9.214745149E1,3.010950089E0,7.594950199E0,-2.641050100E0
9.214989487E1,1.989000082E0,8.155050278E0,-3.004950047E0
9.215233825E1,8.749500513E-1,8.145000458E0,-3.769050121E0
9.215478186E1,1.036050081E0,8.230950356E0,-4.581000328E0
9.215722525E1,1.551000118E0,8.418000221E0,-5.481000423E0
9.215966864E1,1.639050126E0,9.060000420E0,-5.509950161E0
9.216211211E1,1.213050008E0,9.457050323E0,-5.719950199E0
9.216455549E1,4.900500178E-1,1.020405006E1,-5.380050182E0
9.216699888E1,4.039500058E-1,1.012500095E1,-5.794950485E0
9.216944226E1,1.078950047E0,9.931050301E0,-5.509950161E0
9.217188588E1,7.750500441E-1,9.582000732E0,-5.404050350E0
9.217432926E1,1.230000019E0,8.715000153E0,-4.605000019E0
9.217677272E1,1.849950075E0,7.923000336E0,-3.973050117E0
9.217921611E1,2.640000105E0,7.470000267E0,-3.301950216E0
9.218165949E1,3.315000057E0,7.425000191E0,-2.256000042E0
9.218410288E1,3.504000187E0,7.336050510E0,-1.602000117E0
9.218654649E1,2.851050138E0,7.432050228E0,-1.246050000E0
9.218898988E1,1.872000098E0,7.780950546E0,-1.273950100E0
9.219143334E1,1.495950103E0,8.956950188E0,-1.102050066E0
9.219387672E1,1.326000094E0,9.847950935E0,-2.280000210E0
9.219632012E1,1.042950034E0,1.060395050E1,-3.826950073E0
9.219876374E1,6.960000396E-1,1.119795036E1,-6.513000488E0
9.220120712E1,-2.029500157E-1,1.187100029E1,-9.289950371E0
9.220365051E1,-8.280000687E-1,1.118805027E1,-1.009005070E1
9.220609397E1,-1.390950084E0,1.036500072E1,-8.977050781E0
9.220853737E1,-1.360050082E0,9.382950783E0,-7.590000153E0
9.221098075E1,6.900000572E-2,8.289000511E0,-6.163050175E0
9.221342414E1,2.437050104E0,7.185000420E0,-5.074050426E0
9.221586775E1,3.916050196E0,6.550950527E0,-5.220000267E0
9.221831114E1,4.117050171E0,6.574950218E0,-4.444050312E0
9.222075460E1,3.957000256E0,6.601050377E0,-3.240000248E0
9.222319798E1,3.255000114E0,6.699000359E0,-2.742000103E0
9.222564137E1,2.358000040E0,6.931050301E0,-2.167050123E0
9.222808498E1,1.903050065E0,7.309950352E0,-1.807950139E0
9.223052837E1,2.488950014E0,7.494000435E0,-3.477000237E0
9.223297176E1,2.656950235E0,8.239050865E0,-4.759950161E0
9.223541522E1,1.225050092E0,9.169950485E0,-6.180000305E0
9.223785860E1,-1.990500093E-1,9.843000412E0,-6.240000248E0
9.224030199E1,-9.769500494E-1,1.030695057E1,-5.983950138E0
9.224274537E1,-1.348050117E0,1.024005032E1,-5.389950275E0
9.224518900E1,-9.790500402E-1,9.916950226E0,-4.810950279E0
9.224763239E1,-3.300000131E-1,9.631950378E0,-4.369950294E0
9.225007585E1,2.290500104E-1,8.830050468E0,-4.264950275E0
9.225251924E1,1.177050114E0,7.831950188E0,-4.624050140E0
9.225496262E1,1.993950129E0,7.804950237E0,-5.299050331E0
9.225740602E1,2.197050095E0,7.867950439E0,-4.935000420E0
9.225984964E1,1.479000092E0,7.771950245E0,-3.955950260E0
9.226229302E1,9.019500613E-1,7.492050171E0,-2.851950169E0
9.226473648E1,1.531950116E0,7.149000168E0,-2.710950136E0
9.226717987E1,2.278950214E0,7.846050262E0,-3.022050142E0
9.226962325E1,2.701950073E0,8.794050217E0,-3.835950136E0
9.227206686E1,2.070000172E0,9.370950699E0,-4.765050411E0
9.227451025E1,1.423950076E0,9.936000824E0,-5.995950222E0
9.227695364E1,6.670500040E-1,1.037400055E1,-6.565950394E0
9.227939710E1,-2.370000184E-1,1.036500072E1,-6.843000412E0
9.228184049E1,-5.410500169E-1,9.505050659E0,-6.661050320E0
9.228428387E1,2.119500041E-1,8.860950470E0,-6.343050480E0
9.228672726E1,1.531950116E0,8.104949951E0,-5.851950169E0
9.228917087E1,1.651050091E0,7.966050148E0,-5.017050266E0
9.229161426E1,1.098000050E0,7.956000328E0,-4.420050144E0
9.229405772E1,9.589500427E-1,8.490000725E0,-3.055950165E0
9.229650111E1,8.130000234E-1,8.739000320E0,-2.830950022E0
9.229894449E1,9.859500527E-1,8.500050545E0,-3.271050215E0
9.230138810E1,1.351950049E0,8.236050606E0,-3.634950161E0
9.230383148E1,1.507950068E0,8.329950333E0,-4.437000275E0
9.230627486E1,1.347000122E0,8.811000824E0,-4.798950195E0
9.230871832E1,1.273050070E0,9.253950119E0,-5.155050278E0
9.231116171E1,8.800500631E-1,9.807000160E0,-5.425950050E0
9.231360509E1,1.909500062E-1,1.024500084E1,-5.091000080E0
9.231604871E1,-1.000500023E-1,9.948000908E0,-5.047950268E0
9.231849210E1,-1.459500045E-1,9.775950432E0,-4.927950382E0
9.232093548E1,1.069500074E-1,9.430950165E0,-4.525950432E0
9.232337887E1,3.580500185E-1,8.602950096E0,-4.167000294E0
9.232582233E1,9.280500412E-1,8.160000801E0,-3.946050167E0
9.232826571E1,1.456950068E0,7.780950546E0,-3.895950079E0
9.233070910E1,1.333050013E0,7.992000580E0,-3.751950264E0
9.233315271E1,9.499500394E-1,7.804950237E0,-2.874000072E0
9.233559610E1,5.190000534E-1,7.618950367E0,-2.356050014E0
9.233803956E1,9.690000415E-1,7.555950165E0,-2.553000212E0
9.234048294E1,1.447950125E0,8.065950394E0,-3.235050201E0
9.234292632E1,2.614050150E0,8.176050186E0,-3.766950130E0
9.234536971E1,2.523000002E0,9.108000755E0,-4.095000267E0
9.234781332E1,1.728000045E0,9.349950790E0,-5.385000229E0
9.235025671E1,1.290000081E0,9.807000160E0,-6.970050335E0
9.235270017E1,5.790000558E-1,9.997950554E0,-7.891950607E0
9.235514356E1,1.140000075E-1,9.450000763E0,-7.782000542E0
9.235758694E1,4.800000191E-1,8.694000244E0,-6.738000393E0
9.236003056E1,1.651050091E0,7.810050488E0,-5.436000347E0
9.236247394E1,1.645950079E0,7.695000172E0,-4.435050011E0
9.236491734E1,1.420950055E0,7.743000507E0,-3.640050173E0
9.236736073E1,1.371000051E0,7.954050541E0,-2.661000013E0
9.236980419E1,1.491000056E0,8.353950500E0,-2.493000031E0
9.237224780E1,1.630050063E0,8.374950409E0,-3.132000208E0
9.237469119E1,1.864050031E0,8.197950363E0,-3.204000235E0
9.237713459E1,2.005950212E0,7.972950459E0,-4.027950287E0
9.237957797E1,2.323950052E0,8.622000694E0,-4.720050335E0
9.238202143E1,2.044049978E0,9.406949997E0,-5.083950043E0
9.238446482E1,1.362000108E0,9.975000381E0,-5.494950294E0
9.238690820E1,7.219500542E-1,1.018800068E1,-5.280000210E0
9.238935180E1,3.220500052E-1,1.029795074E1,-4.581000328E0
9.239179518E1,7.095000148E-2,9.994050026E0,-4.699950218E0
9.239423857E1,4.369500279E-1,9.703950882E0,-4.107000351E0
9.239668203E1,9.310500622E-1,9.499950409E0,-3.886050224E0
9.239912542E1,1.110000014E0,8.855999947E0,-4.006050110E0
9.240156880E1,1.366050124E0,8.458950043E0,-3.919950247E0
9.240401218E1,1.681950092E0,8.121000290E0,-3.946050167E0
9.240645580E1,1.749000072E0,7.635000229E0,-3.333000183E0
9.240889919E1,1.678050041E0,7.791000366E0,-2.529000044E0
9.241134266E1,2.086950064E0,7.507950306E0,-2.886000156E0
9.241378605E1,2.851050138E0,7.894050598E0,-3.484050274E0
9.241622943E1,3.271950245E0,8.530950546E0,-4.228950024E0
9.241867282E1,3.354000092E0,9.016950607E0,-4.846950054E0
9.242111643E1,2.901000023E0,9.703950882E0,-5.758950233E0
9.242355982E1,2.086950064E0,1.024305058E1,-6.340950489E0
9.242600327E1,1.024049997E0,1.031205082E1,-6.628050327E0
9.242844666E1,7.939500213E-1,9.217950821E0,-6.075000286E0
9.243089005E1,1.684950113E0,8.731950760E0,-5.746950150E0
9.243333366E1,2.527950048E0,7.471950531E0,-5.044950008E0
9.243577703E1,2.449050188E0,7.570950508E0,-3.946050167E0
9.243822041E1,2.398050070E0,7.654050350E0,-3.463050127E0
9.244066380E1,2.650050163E0,7.990050316E0,-2.428050041E0
9.244310726E1,2.961000204E0,8.203050613E0,-2.766000032E0
9.244555064E1,2.788950205E0,7.993950367E0,-2.593050241E0
9.244799424E1,2.620950222E0,7.839000225E0,-2.473950148E0
9.245043762E1,2.784000158E0,8.164050102E0,-3.300000191E0
9.245288101E1,2.724000216E0,8.767950058E0,-3.589950085E0
9.245532447E1,2.664000034E0,9.177000046E0,-4.363049984E0
9.245776785E1,2.122950077E0,9.541050911E0,-4.518000126E0
9.246021123E1,1.338000059E0,9.964950562E0,-4.540050030E0
9.246265485E1,7.339500189E-1,9.976950645E0,-4.123050213E0
9.246509823E1,1.230000019E0,9.241950035E0,-4.003950119E0
9.246754162E1,1.644000053E0,9.049950600E0,-3.661050081E0
9.246998508E1,1.903050065E0,8.350950241E0,-3.268950224E0
9.247242845E1,2.382000208E0,7.731000423E0,-3.493950129E0
9.247487184E1,2.659050226E0,7.549050331E0,-4.293000221E0
9.247731522E1,2.851050138E0,7.336050510E0,-3.618000269E0
9.247975884E1,2.653950214E0,7.353000164E0,-2.395050049E0
9.248220222E1,2.607000113E0,6.874050140E0,-1.636050105E0
9.248464562E1,3.078000069E0,6.982050419E0,-1.071000099E0
9.248708908E1,4.201050282E0,7.516050339E0,-1.333950043E0
9.248953246E1,5.164050102E0,8.028000832E0,-1.545000076E0
9.249197585E1,4.833000183E0,8.254950523E0,-2.761050224E0
9.249441946E1,3.544950247E0,9.064949989E0,-3.312000275E0
9.249686288E1,2.401050091E0,9.646050453E0,-4.686000347E0
9.249930634E1,1.588950038E0,8.931000710E0,-8.175000191E0
9.250174972E1,1.696950078E0,7.786050320E0,-7.858950138E0
9.250419311E1,3.387000084E0,7.096950531E0,-5.926050186E0
9.250663672E1,3.555000067E0,6.658050537E0,-3.991950274E0
9.250908012E1,3.094950199E0,7.092000484E0,-2.119050026E0
9.251152351E1,3.073050261E0,7.522950172E0,-1.341000080E0
9.251396689E1,3.226950169E0,7.935000420E0,-9.460500479E-1
9.251641035E1,3.160050154E0,8.301000595E0,-1.071000099E0
9.251885374E1,3.265050173E0,7.741050243E0,-3.430500031E-1
9.252129737E1,3.346050262E0,7.393050194E0,-9.850500226E-1
9.252374076E1,4.014000416E0,7.780950546E0,-1.413000107E0
9.252618414E1,4.041000366E0,7.992000580E0,-2.422950029E0
9.252862753E1,3.610050201E0,8.557050705E0,-3.271050215E0
9.253107099E1,2.848050117E0,9.016950607E0,-3.562950134E0
9.253351437E1,1.840050101E0,9.237000465E0,-3.940950155E0
9.253595799E1,1.447950125E0,9.022050858E0,-4.569000244E0
9.253840137E1,1.912050128E0,8.344050407E0,-4.408050060E0
9.254084476E1,3.310050249E0,7.396050453E0,-3.385950089E0
9.254328820E1,4.375950336E0,6.543000221E0,-2.512050152E0
9.254573159E1,4.749000072E0,6.220050335E0,-2.287050009E0
9.254817497E1,4.387950420E0,6.199050426E0,-1.693050027E0
9.255061859E1,3.811050177E0,6.214950085E0,-7.830000520E-1
9.255306196E1,3.483000278E0,6.241950512E0,-5.805000290E-2
9.255550534E1,3.880050182E0,6.517050266E0,-7.005000114E-2
9.255794873E1,4.869000435E0,7.077000141E0,-6.760500073E-1
9.256039219E1,5.455950260E0,7.234950542E0,-1.308000088E0
9.256283557E1,5.596950054E0,7.719000340E0,-2.388000011E0
9.256527894E1,4.519950390E0,9.109950066E0,-4.618950367E0
9.256772256E1,3.058950186E0,9.036000252E0,-8.421000481E0
9.257016594E1,2.371950150E0,9.034049988E0,-8.433000565E0
9.257260940E1,2.845950127E0,8.208000183E0,-5.803950310E0
9.257505279E1,4.110000134E0,7.492050171E0,-3.430950165E0
9.257749620E1,4.503000259E0,7.345950127E0,-1.530000091E0
9.257993981E1,4.326000214E0,6.751950264E0,-8.269500136E-1
9.258238320E1,4.515000343E0,7.494000435E0,-1.350000054E-1
9.258482658E1,4.519950390E0,7.767000198E0,-7.000500560E-1
9.258727004E1,4.029000282E0,8.101950645E0,-1.819950104E0
9.258971343E1,3.919050217E0,8.064000130E0,-2.550000191E0
9.259215681E1,4.369050026E0,8.026050568E0,-3.585000277E0
9.259460043E1,5.104050159E0,8.557050705E0,-4.255050182E0
9.259704381E1,4.776000023E0,8.832000732E0,-4.756050110E0
9.259948727E1,4.033950329E0,9.462000847E0,-4.770000458E0
9.260193055E1,2.889000177E0,9.888000488E0,-4.404000282E0
9.260437401E1,2.259000063E0,1.030305004E1,-3.589950085E0
9.260681740E1,2.173050165E0,1.035795021E1,-3.469950199E0
9.260926101E1,2.125050068E0,9.967050552E0,-3.295050144E0
9.261170440E1,3.246000051E0,9.184050560E0,-3.313950062E0
9.261414778E1,4.255949974E0,8.346000671E0,-3.241950035E0
9.261659124E1,4.375950336E0,7.789050579E0,-3.238050222E0
9.261903463E1,3.901950121E0,7.381050587E0,-2.761050224E0
9.262147801E1,3.253050089E0,7.537050247E0,-1.690950036E0
9.262392164E1,3.624000072E0,7.348050117E0,-1.344000101E0
9.262636503E1,4.705950260E0,7.321950436E0,-1.573950052E0
9.262880841E1,5.482050419E0,7.522950172E0,-2.347050190E0
9.263125180E1,5.656950474E0,7.912950516E0,-4.060950279E0
9.263369526E1,5.604000092E0,8.446949959E0,-4.969050407E0
9.263613864E1,4.978950024E0,8.950050354E0,-5.218050480E0
9.263858203E1,3.562050104E0,9.076950073E0,-5.634000301E0
9.264102564E1,2.410050154E0,8.992950439E0,-5.397000313E0
9.264346903E1,2.803050041E0,8.325000763E0,-4.186050415E0
9.264591241E1,4.026000023E0,7.573050499E0,-3.096000195E0
9.264835587E1,4.783050060E0,6.994050503E0,-2.329950094E0
9.265079926E1,4.504950047E0,6.679950237E0,-1.642950058E0
9.265324287E1,4.273050308E0,7.240050316E0,-8.190000653E-1
9.265568603E1,3.736950159E0,7.390950203E0,-7.360500097E-1
9.265812964E1,3.430050135E0,7.675950527E0,-6.130500436E-1
9.266057312E1,3.291000128E0,7.465050220E0,-5.269500017E-1
9.266301651E1,3.721950293E0,7.333950520E0,-1.024950027E0
9.266545989E1,4.479000092E0,7.657050133E0,-1.897050142E0
9.266790328E1,4.836000443E0,8.143050194E0,-2.422950029E0
9.267034689E1,4.884000301E0,8.275050163E0,-2.802000046E0
9.267279027E1,4.060050011E0,8.758049965E0,-2.887950182E0
9.267523365E1,2.929950237E0,9.595950127E0,-2.578950167E0
9.267767711E1,2.215950012E0,9.685050011E0,-2.620050192E0
9.268012050E1,2.191950083E0,9.229950905E0,-2.412000179E0
9.268256408E1,2.925000191E0,8.610000610E0,-2.091000080E0
9.268500747E1,3.595050097E0,7.882050514E0,-1.723950028E0
9.268745085E1,4.105050087E0,7.333950520E0,-1.870050073E0
9.268989431E1,4.126950264E0,7.204050541E0,-1.815000057E0
9.269233770E1,3.471000195E0,7.222950459E0,-8.650500178E-1
9.269478107E1,2.808000088E0,7.420050144E0,3.000000026E-3
9.269722468E1,3.133050203E0,7.374000549E0,7.995000482E-2
9.269966807E1,4.309050083E0,7.558950424E0,-6.949500442E-1
9.270211145E1,4.845000267E0,8.071050644E0,-1.753050089E0
9.270455484E1,4.672950268E0,8.470950127E0,-2.962050200E0
9.270699828E1,4.357050419E0,9.055050850E0,-4.497000217E0
9.270944166E1,3.507000208E0,9.175050735E0,-6.082050323E0
9.271188505E1,2.793000221E0,9.175050735E0,-6.277950287E0
9.271432866E1,2.619000196E0,8.698050499E0,-5.299050331E0
9.271677205E1,3.313050270E0,8.101950645E0,-3.742950201E0
9.271921543E1,4.021950245E0,7.312050343E0,-2.905050039E0
9.272165889E1,4.354050159E0,6.955050468E0,-2.172000170E0
9.272410228E1,4.330049992E0,7.105950356E0,-1.332000017E0
9.272654589E1,4.378050327E0,7.264050484E0,-8.650500178E-1
9.272898928E1,3.615000248E0,7.585050583E0,-9.460500479E-1
9.273143266E1,3.102000237E0,7.522950172E0,-1.135050058E0
9.273387612E1,3.366000175E0,7.659000397E0,-1.542000055E0
9.273631951E1,4.374000072E0,7.690050602E0,-2.794950247E0
9.273876290E1,4.552950382E0,8.236050606E0,-3.301950216E0
9.274120651E1,3.955050230E0,8.971050262E0,-3.598950148E0
9.274364990E1,3.196050167E0,8.938050270E0,-3.616050243E0
9.274609328E1,2.334000111E0,9.586950302E0,-3.517950058E0
9.274853666E1,2.311950207E0,9.354000092E0,-3.397950172E0
9.275098012E1,3.102000237E0,9.131999969E0,-3.184950113E0
9.275342374E1,3.588000059E0,8.643000603E0,-2.719950199E0
9.275586690E1,3.700950146E0,8.047050476E0,-2.301000118E0
9.275831052E1,4.120050430E0,7.516050339E0,-1.948950052E0
9.276075390E1,4.242000103E0,7.329000473E0,-1.873050094E0
9.276319736E1,3.844050169E0,7.120950222E0,-1.135050058E0
9.276564075E1,3.789000273E0,7.089000225E0,-6.730500460E-1
9.276808411E1,4.273050308E0,7.068000317E0,-6.330000162E-1
9.277052773E1,5.245050430E0,7.338000298E0,-1.171050072E0
9.277297111E1,5.677950382E0,8.008950233E0,-2.349000216E0
9.277541450E1,5.656950474E0,8.374950409E0,-3.754950285E0
9.277785796E1,5.140050411E0,9.097949982E0,-4.906050205E0
9.278030136E1,4.159950256E0,9.654000282E0,-6.190050125E0
9.278274474E1,3.433050156E0,9.172050476E0,-6.502950191E0
9.278518813E1,3.816000223E0,8.551950455E0,-5.458950043E0
9.278763174E1,4.680000305E0,7.912950516E0,-3.799950123E0
9.279007513E1,5.154000282E0,7.413000584E0,-2.593050241E0
9.279251853E1,5.305050373E0,7.207050323E0,-1.618950129E0
9.279496199E1,5.122950077E0,7.498950481E0,-1.055999994E0
9.279740537E1,4.953000069E0,7.900950432E0,-6.709500551E-1
9.279984899E1,4.144050121E0,8.104949951E0,-7.830000520E-1
9.280229237E1,3.868050098E0,8.254950523E0,-1.018050075E0
9.280473576E1,4.126950264E0,8.038050652E0,-1.416000009E0
9.280717922E1,4.759050369E0,8.302950859E0,-2.134050131E0
9.280962261E1,5.379000187E0,8.581050873E0,-2.665050030E0
9.281206599E1,5.791050434E0,8.779950142E0,-3.340950251E0
9.281450961E1,4.735050201E0,9.139050484E0,-4.060950279E0
9.281695298E1,3.126000166E0,1.012305069E1,-3.669000149E0
9.281939636E1,2.401050091E0,1.003695011E1,-3.259050131E0
9.282183975E1,2.535000086E0,9.916950226E0,-2.503050089E0
9.282428321E1,3.246000051E0,9.184050560E0,-2.098050117E0
9.282672659E1,3.787050247E0,8.350950241E0,-1.825050116E0
9.282916998E1,4.558050156E0,7.633050442E0,-2.023950100E0
9.283161359E1,4.797000408E0,7.434000492E0,-2.100000143E0
9.283405698E1,4.294950008E0,6.955050468E0,-1.480050087E0
9.283650044E1,4.002000332E0,6.919050217E0,-5.700000525E-1
9.283894382E1,4.089000225E0,7.044000149E0,1.249500066E-1
9.284138721E1,4.567049980E0,7.510950565E0,9.000000358E-2
9.284383082E1,4.993950367E0,7.959000587E0,-6.090000272E-1
9.284627421E1,5.250000477E0,7.936950207E0,-1.389000058E0
9.284871759E1,5.190000057E0,8.527950287E0,-2.710950136E0
9.285116105E1,4.093050003E0,8.938050270E0,-5.665050507E0
9.285360444E1,2.815050125E0,8.914050102E0,-6.829050541E0
9.285604782E1,2.527950048E0,8.397000313E0,-5.608050346E0
9.285849121E1,3.190950155E0,7.671000481E0,-4.096950054E0
9.286093482E1,3.955050230E0,7.024950504E0,-2.413950205E0
9.286337820E1,4.582050323E0,6.736950397E0,-1.309950113E0
9.286582158E1,4.666050434E0,6.936000347E0,-5.730000138E-1
9.286826504E1,4.809000015E0,7.192050457E0,-1.660500020E-1
9.287070843E1,4.122000217E0,7.501050472E0,-6.610500216E-1
9.287315182E1,3.211950064E0,7.537050247E0,-8.550000191E-1
9.287559543E1,3.057000160E0,7.594950199E0,-1.252950072E0
9.287803882E1,3.813000202E0,7.762050152E0,-2.182049990E0
9.288048227E1,4.216050148E0,8.131050110E0,-3.024000168E0
9.288292566E1,4.251000404E0,8.767950058E0,-3.846000195E0
9.288536905E1,2.844000101E0,9.139050484E0,-4.890000343E0
9.288781267E1,1.930950046E0,9.679950714E0,-4.498950005E0
9.289025606E1,1.480950117E0,9.694050789E0,-3.879000187E0
9.289269944E1,1.660950065E0,9.373950005E0,-3.264000177E0
9.289514283E1,2.371950150E0,8.607000351E0,-2.481000185E0
9.289758628E1,3.306000233E0,7.741050243E0,-2.131050110E0
9.290002967E1,4.294950008E0,7.204050541E0,-2.280000210E0
9.290247306E1,4.471950054E0,7.209000111E0,-2.536050081E0
9.290491667E1,3.235950232E0,7.384050369E0,-1.717050076E0
9.290736006E1,2.434050083E0,7.627950191E0,-8.410500288E-1
9.290980352E1,2.676000118E0,7.626000404E0,-9.439500570E-1
9.291224683E1,3.753000259E0,7.681050301E0,-1.705050111E0
9.291469028E1,4.294950008E0,8.145000458E0,-2.878050089E0
9.291713367E1,4.192049980E0,8.277000427E0,-3.934050083E0
9.291957728E1,4.207950115E0,8.776950836E0,-5.194050312E0
9.292202067E1,3.415950060E0,9.424050331E0,-5.905050278E0
9.292446405E1,2.278950214E0,9.261000633E0,-5.722950459E0
9.292690751E1,1.704000115E0,8.880000114E0,-5.578950405E0
9.292935090E1,2.238000154E0,8.224050522E0,-4.521000385E0
9.293179428E1,3.709950209E0,7.495950222E0,-3.568050146E0
9.293423790E1,4.663050175E0,6.754050255E0,-2.926050186E0
9.293668128E1,4.717950344E0,6.985950470E0,-2.191050053E0
9.293912467E1,4.258950233E0,7.597050190E0,-1.425000072E0
9.294156813E1,3.447000265E0,7.879950523E0,-1.321950078E0
9.294401151E1,2.947050095E0,8.068950653E0,-1.662000060E0
9.294645490E1,2.608950138E0,8.313000679E0,-1.996950150E0
9.294889850E1,3.418050051E0,8.208000183E0,-2.941050053E0
9.295134189E1,4.278000355E0,8.409000397E0,-3.666000128E0
9.295378535E1,3.639000177E0,8.725049973E0,-4.404000282E0
9.295622874E1,2.539950132E0,9.223050117E0,-4.665000439E0
9.295867212E1,1.852050066E0,9.520050049E0,-4.159049988E0
9.296111551E1,1.504950047E0,9.594000816E0,-3.487050056E0
9.296355912E1,1.800000072E0,9.253950119E0,-2.767950058E0
9.296600251E1,2.395950079E0,8.835000038E0,-2.553000212E0
9.296844590E1,3.166950226E0,8.161950111E0,-2.467050076E0
9.297088936E1,3.801000118E0,7.405050278E0,-2.605050087E0
9.297333273E1,4.126950264E0,7.210950375E0,-2.971950054E0
9.297577611E1,3.421050072E0,7.231050491E0,-2.505000114E0
9.297821972E1,2.628000021E0,7.474950314E0,-1.675950050E0
9.298066311E1,2.728950024E0,7.317000389E0,-1.408050060E0
9.298310650E1,3.306000233E0,7.414950371E0,-1.734000087E0
9.298554996E1,3.841950178E0,8.005949974E0,-2.536050081E0
9.298799334E1,3.955050230E0,8.337000847E0,-3.549000263E0
9.299043673E1,3.957000256E0,8.746050835E0,-4.665000439E0
9.299288034E1,2.998950243E0,9.283050537E0,-5.694000244E0
9.299532373E1,1.948050141E0,9.334950447E0,-6.232950211E0
9.299776711E1,1.543950081E0,8.920950890E0,-6.007950306E0
9.300021049E1,2.206950188E0,8.169000626E0,-4.605000019E0
9.300265395E1,3.367950201E0,7.357950211E0,-3.745050192E0
9.300509734E1,4.029000282E0,7.084950447E0,-3.031950235E0
9.300754095E1,3.643050194E0,7.528050423E0,-2.100000143E0
9.300998434E1,3.427950144E0,7.896000385E0,-1.566000104E0
9.301242772E1,2.887050152E0,8.101950645E0,-1.738950133E0
9.301487118E1,2.362050056E0,8.374950409E0,-2.529000044E0
9.301731457E1,2.190000057E0,8.157000542E0,-2.962050200E0
9.301975795E1,2.578050137E0,8.204999924E0,-3.433950186E0
9.302220157E1,3.186000109E0,8.362950325E0,-3.589950085E0
9.302464495E1,3.154950142E0,8.622000694E0,-3.847950220E0
9.302708841E1,2.451000214E0,9.121950150E0,-3.850050211E0
9.302953180E1,1.327950120E0,9.666000366E0,-3.616050243E0
9.303197518E1,7.170000076E-1,9.702000618E0,-3.252000093E0
9.303441857E1,1.239000082E0,9.522000313E0,-3.099000216E0
9.303686218E1,1.812000036E0,9.211050034E0,-2.878050089E0
9.303930557E1,2.140050173E0,8.622000694E0,-2.811000109E0
9.304174895E1,3.025950193E0,7.912950516E0,-2.953050137E0
9.304419240E1,3.463950157E0,7.611000538E0,-3.544050217E0
9.304663578E1,2.773950100E0,7.623000145E0,-3.204000235E0
9.304907917E1,1.729950070E0,7.651950359E0,-2.067000151E0
9.305152278E1,1.831050038E0,7.543950558E0,-1.521000028E0
9.305396618E1,2.310000181E0,7.579950333E0,-1.830000043E0
9.305640956E1,2.865000248E0,7.978050232E0,-2.521950006E0
9.305885302E1,3.094950199E0,8.287050247E0,-3.730950117E0
9.306129641E1,3.169050217E0,8.706000328E0,-4.791000366E0
9.306373979E1,2.563050032E0,9.370950699E0,-5.770950317E0
9.306618339E1,1.687050104E0,9.526950836E0,-6.022050381E0
9.306862678E1,1.050000072E0,9.168000221E0,-5.503050327E0
9.307107016E1,1.230000019E0,8.169000626E0,-4.753050327E0
9.307351355E1,2.302050114E0,7.507950306E0,-3.999000072E0
9.307595700E1,3.433050156E0,6.967050552E0,-3.594000101E0
9.307840038E1,3.796950102E0,6.936000347E0,-3.193950176E0
9.308084399E1,3.315000057E0,7.834050179E0,-2.083950043E0
9.308328738E1,2.482050180E0,8.014050484E0,-2.040000200E0
9.308573076E1,1.861950040E0,8.449049950E0,-2.755950212E0
9.308817422E1,1.548000097E0,8.421000481E0,-3.328950167E0
9.309061761E1,1.843050122E0,8.169000626E0,-3.883950233E0
9.309306099E1,2.901000023E0,8.112000465E0,-4.168950081E0
9.309550461E1,3.318000078E0,8.290950775E0,-4.438950062E0
9.309794799E1,2.596950054E0,8.776950836E0,-4.522950172E0
9.310039138E1,1.339950085E0,9.511950493E0,-4.168950081E0
9.310283484E1,5.879999995E-1,9.690000534E0,-3.609000206E0
9.310527822E1,7.530000210E-1,9.706050873E0,-3.760050297E0
9.310772184E1,1.195950031E0,9.366000175E0,-3.754950285E0
9.311016522E1,1.744950056E0,8.707950592E0,-3.625050068E0
9.311260861E1,2.860050201E0,7.875000477E0,-3.718950272E0
9.311505200E1,3.544950247E0,7.635000229E0,-3.862050295E0
9.311749546E1,3.148050070E0,7.518000126E0,-3.349950075E0
9.311993884E1,1.809000134E0,7.690050602E0,-2.389950037E0
9.312238223E1,1.486050129E0,7.590000153E0,-1.899000049E0
9.312482584E1,2.298000097E0,7.558950424E0,-2.365950108E0
9.312726923E1,2.704950094E0,7.839000225E0,-3.433950186E0
9.312971261E1,2.926950216E0,8.092950821E0,-4.674000263E0
9.313215600E1,3.064050198E0,8.320050240E0,-5.625000477E0
9.313459946E1,2.583000183E0,8.811000824E0,-6.429000378E0
9.313704284E1,1.843050122E0,9.085950851E0,-6.793050289E0
9.313948623E1,1.101000071E0,8.868000031E0,-6.160950184E0
9.314192984E1,8.989500403E-1,8.083050728E0,-5.269950390E0
9.314437323E1,1.963050127E0,7.288050175E0,-4.854000092E0
9.314681661E1,3.445050240E0,6.613050461E0,-4.921050072E0
9.314926008E1,3.694050074E0,6.318000317E0,-5.002050400E0
9.315170347E1,3.229050159E0,6.792000294E0,-4.345950127E0
9.315414708E1,2.914950132E0,7.171050549E0,-3.433950186E0
9.315659047E1,2.134950161E0,7.591950417E0,-3.240000248E0
9.315903385E1,1.657950044E0,7.699950218E0,-3.733050108E0
9.316147731E1,2.041949987E0,7.453050137E0,-3.805050135E0
9.316392070E1,3.001950026E0,7.068000317E0,-4.353000164E0
9.316636408E1,3.379950047E0,7.345950127E0,-4.738950253E0
9.316880747E1,3.004050255E0,7.978050232E0,-5.305950165E0
9.317125108E1,1.752000093E0,8.848950386E0,-5.341950417E0
9.317369447E1,8.179500103E-1,9.631950378E0,-4.834950447E0
9.317613793E1,5.310000181E-1,1.003905010E1,-4.653000355E0
9.317858131E1,5.670000315E-1,1.009905052E1,-4.621050358E0
9.318102470E1,1.000050068E0,9.709050179E0,-4.576050282E0
9.318346808E1,1.905000091E0,8.667000771E0,-4.672049999E0
9.318591170E1,2.698050022E0,7.966050148E0,-4.465950012E0
9.318835508E1,3.229050159E0,7.762050152E0,-4.369950294E0
9.319079854E1,3.081000090E0,7.767000198E0,-3.586950064E0
9.319324193E1,1.954950094E0,7.923000336E0,-2.304000139E0
9.319568533E1,1.510050058E0,7.666050434E0,-2.634000063E0
9.319812894E1,2.452950001E0,7.864950180E0,-3.357000113E0
9.320057233E1,3.315000057E0,8.208000183E0,-4.590000153E0
9.320301571E1,3.433050156E0,8.657999992E0,-5.785050392E0
9.320545910E1,2.664000034E0,9.364050865E0,-6.064950466E0
9.320790256E1,2.037000179E0,1.012500095E1,-6.967950344E0
9.321034594E1,1.174950004E0,1.039800072E1,-7.056000233E0
9.321278933E1,4.609500170E-1,1.038600063E1,-6.822000504E0
9.321523294E1,5.980500579E-1,9.694050789E0,-5.878050327E0
9.321767633E1,1.924050093E0,8.800950050E0,-4.803000450E0
9.322011971E1,3.010950089E0,7.906050205E0,-4.417950153E0
9.322256317E1,3.367950201E0,7.513050556E0,-4.018050194E0
9.322500656E1,3.078000069E0,7.867950439E0,-2.866050243E0
9.322745017E1,2.803050041E0,7.951050282E0,-2.172000170E0
9.322989356E1,2.572950125E0,8.185950279E0,-1.935000062E0
9.323233694E1,2.484000206E0,8.587950706E0,-2.245950222E0
9.323478040E1,2.131950140E0,8.775000572E0,-2.845050097E0
9.323722379E1,2.098950148E0,9.112950325E0,-3.529950142E0
9.323966717E1,2.281050205E0,9.534000397E0,-4.461000443E0
9.324211056E1,1.789950132E0,1.030305004E1,-5.208000183E0
9.324455417E1,7.939500213E-1,1.093200016E1,-5.413950443E0
9.324699756E1,1.069500074E-1,1.116000080E1,-4.681050301E0
9.324944094E1,-1.939500123E-1,1.106595039E1,-4.143000126E0
9.325188440E1,-3.970500231E-1,1.124100018E1,-4.540050030E0
9.325432779E1,-4.620000124E-1,1.103295040E1,-4.344000340E0
9.325677120E1,-1.890000105E-1,9.871950150E0,-4.546950340E0
9.325921482E1,8.920500278E-1,8.835000038E0,-4.513950348E0
9.326165820E1,1.681950092E0,8.536050797E0,-4.248000145E0
9.326410166E1,1.921950102E0,8.148000717E0,-3.630000114E0
9.326654505E1,1.369050026E0,8.053950310E0,-2.272950172E0
9.326898843E1,1.089000106E0,7.918050289E0,-1.854000092E0
9.327143205E1,1.450050116E0,8.088000298E0,-2.613000154E0
9.327387543E1,1.879050136E0,8.722050667E0,-3.709050179E0
9.327631882E1,2.065050125E0,8.968950272E0,-5.100000381E0
9.327876220E1,1.579050064E0,9.499950409E0,-6.520050526E0
9.328120566E1,9.550500512E-1,1.008195019E1,-7.702950478E0
9.328364905E1,2.410500050E-1,1.009695053E1,-8.140950203E0
9.328609243E1,-3.610500097E-1,9.532050133E0,-7.336950302E0
9.328853605E1,-6.730500460E-1,8.959050179E0,-5.944950104E0
9.329097943E1,-2.419500053E-1,8.385000229E0,-5.268000126E0
9.329342283E1,1.174950004E0,7.594950199E0,-5.103000164E0
9.329586629E1,1.893000126E0,7.111050129E0,-5.056950092E0
9.329830968E1,1.648950100E0,7.312050343E0,-4.750950336E0
9.330075307E1,1.303950071E0,7.800000191E0,-3.907950163E0
9.330319668E1,3.420000076E-1,8.133000374E0,-3.493950129E0
9.330564008E1,3.495000303E-2,8.125950813E0,-3.610950232E0
9.330808354E1,3.079500198E-1,7.908000469E0,-3.901050091E0
9.331052685E1,1.141050100E0,7.990050316E0,-4.837050438E0
9.331297031E1,9.499500394E-1,8.341950417E0,-5.317950249E0
9.331541369E1,4.110000134E-1,9.117000580E0,-5.584050179E0
9.331785731E1,-8.805000782E-2,9.718050003E0,-5.428050041E0
9.332030069E1,-6.510000229E-1,1.001295090E1,-5.074050426E0
9.332274408E1,-7.950000167E-1,1.018305016E1,-4.842000008E0
9.332518754E1,-8.860500455E-1,9.972000122E0,-4.732050419E0
9.332763093E1,-8.980500698E-1,9.250950813E0,-4.195050240E0
9.333007432E1,-5.670000315E-1,8.631000519E0,-3.973050117E0
9.333251794E1,1.072050095E0,8.289000511E0,-4.072950363E0
9.333496132E1,1.848000050E0,8.029950142E0,-4.164000034E0
9.333740478E1,1.017000079E0,7.851000309E0,-3.994050264E0
9.333984817E1,-4.500000179E-2,7.923000336E0,-3.190050125E0
9.334229154E1,3.130500019E-1,7.654050350E0,-2.716050148E0
9.334473516E1,1.275000095E0,7.887000561E0,-2.971950054E0
9.334717854E1,1.702050090E0,8.284049988E0,-3.657000065E0
9.334962193E1,1.708950043E0,8.803950310E0,-4.456050396E0
9.335206531E1,1.500000119E0,9.567000389E0,-5.464050293E0
9.335450877E1,9.019500613E-1,1.015200043E1,-6.460050106E0
9.335695216E1,2.599500120E-1,1.073805046E1,-6.961050510E0
9.335939554E1,-6.150000095E-1,1.054200077E1,-6.781050205E0
9.336183916E1,-5.220000148E-1,9.796950340E0,-5.941050053E0
9.336428255E1,8.659500480E-1,9.022050858E0,-5.184000015E0
9.336672593E1,1.737000108E0,8.428050041E0,-4.741050243E0
9.336916939E1,1.740000129E0,8.185950279E0,-5.014050007E0
9.337161278E1,1.648950100E0,8.497050285E0,-4.120950222E0
9.337405616E1,2.109000206E0,8.449049950E0,-2.779950142E0
9.337649979E1,1.785000086E0,8.940000534E0,-2.902050257E0
9.337894318E1,7.630500197E-1,8.785050392E0,-3.534000158E0
9.338138664E1,6.739500165E-1,8.773050308E0,-4.080000401E0
9.338382995E1,2.038950205E0,8.491950035E0,-5.056950092E0
9.338627341E1,2.014950037E0,8.919000626E0,-5.419050217E0
9.338871680E1,1.396950126E0,9.424050331E0,-5.863950253E0
9.339116041E1,9.229500294E-1,9.820950508E0,-5.323050022E0
9.339360380E1,5.449500084E-1,1.001505089E1,-4.779000282E0
9.339604719E1,9.495000541E-2,1.026405048E1,-4.867950439E0
9.339849065E1,-4.000500143E-1,1.018500042E1,-5.059950352E0
9.340093403E1,-6.405000389E-2,9.787950516E0,-4.528050423E0
9.340337742E1,1.222950101E0,8.868000031E0,-4.059000015E0
9.340582103E1,1.986000061E0,8.313000679E0,-4.087950230E0
9.340826442E1,2.149049997E0,8.064000130E0,-4.521000385E0
9.341070780E1,1.491000056E0,7.920000553E0,-4.735949993E0
9.341315126E1,9.690000415E-1,7.614000320E0,-3.694950104E0
9.341559465E1,8.560500145E-1,7.195050240E0,-3.217950106E0
9.341803826E1,1.681950092E0,7.528050423E0,-3.082050085E0
9.342048165E1,2.314050198E0,8.160000801E0,-3.946050167E0
9.342292503E1,1.942950130E0,8.959050179E0,-5.086050034E0
9.342536842E1,1.663050056E0,9.412050247E0,-5.494950294E0
9.342781188E1,1.113000035E0,9.955050468E0,-6.478950500E0
9.343025526E1,1.950000064E-3,1.049400043E1,-7.462950230E0
9.343269865E1,-9.070500135E-1,1.048395061E1,-7.950000286E0
9.343514226E1,-8.380500674E-1,9.663000107E0,-7.429950237E0
9.343758565E1,5.830500126E-1,8.413050652E0,-6.324000359E0
9.344002903E1,1.681950092E0,7.735950470E0,-5.056950092E0
9.344247249E1,1.666050076E0,7.599000454E0,-4.660050392E0
9.344491588E1,1.275000095E0,7.978050232E0,-4.192950249E0
9.344735926E1,1.339950085E0,7.935000420E0,-3.748050213E0
9.344980263E1,1.066950083E0,8.401050568E0,-3.493950129E0
9.345224625E1,7.990500331E-1,8.263050079E0,-4.023000240E0
9.345468963E1,1.006950021E0,8.337000847E0,-3.894000292E0
9.345713302E1,1.788000107E0,8.278950691E0,-4.360050201E0
9.345957648E1,1.582050085E0,8.545050621E0,-4.984950066E0
9.346201988E1,9.930000305E-1,9.378000259E0,-5.464050293E0
9.346446349E1,5.359500051E-1,9.691950798E0,-5.349000454E0
9.346690688E1,-2.220000178E-1,1.008495045E1,-4.711950302E0
9.346935026E1,-1.044000030E0,1.043895054E1,-5.083950043E0
9.347179372E1,-1.326000094E0,1.017600060E1,-5.388000488E0
9.347423711E1,-9.460500479E-1,9.864000320E0,-4.894050121E0
9.347668072E1,-4.800000042E-2,9.061950684E0,-4.104000092E0
9.347912388E1,6.940500140E-1,8.233950615E0,-3.838950157E0
9.348156749E1,9.979500771E-1,7.900950432E0,-3.811950207E0
9.348401086E1,7.080000043E-1,7.681050301E0,-3.642000198E0
9.348645432E1,4.450500309E-1,7.080000401E0,-3.226050138E0
9.348889771E1,4.849500358E-1,6.601050377E0,-2.967000246E0
9.349134109E1,1.174950004E0,6.711000443E0,-2.351999998E0
9.349378448E1,1.957950115E0,7.281000137E0,-2.325000048E0
9.349622808E1,2.305050135E0,7.956000328E0,-3.166050196E0
9.349867147E1,2.239950180E0,8.221950531E0,-4.732050419E0
9.350111493E1,1.278000116E0,9.076950073E0,-6.036000252E0
9.350355832E1,1.120500043E-1,9.406949997E0,-6.850950241E0
9.350600170E1,-7.300500274E-1,9.238950729E0,-7.152000427E0
9.350844531E1,-6.820500493E-1,8.513999939E0,-6.802950382E0
9.351088870E1,5.929500461E-1,7.531950474E0,-5.533950329E0
9.351333208E1,1.591050029E0,6.892950535E0,-4.744050026E0
9.351577547E1,1.843050122E0,6.679950237E0,-4.537950039E0
9.351821893E1,1.678050041E0,7.305000305E0,-3.630000114E0
9.352066230E1,1.381050110E0,7.417050362E0,-3.130050182E0
9.352310568E1,1.042950034E0,7.719000340E0,-3.568050146E0
9.352554930E1,1.303950071E0,7.413000584E0,-4.590000153E0
9.352799268E1,1.768950105E0,7.240050316E0,-4.630950451E0
9.353043607E1,2.391000032E0,7.200000286E0,-4.677000046E0
9.353287953E1,2.491950035E0,7.465050220E0,-4.549950123E0
9.353532292E1,2.074949980E0,8.171999931E0,-4.602000237E0
9.353776653E1,1.186950088E0,8.803950310E0,-4.189949989E0
9.354020992E1,4.159500301E-1,9.510000229E0,-3.574950218E0
9.354265330E1,-4.800000042E-2,9.714000702E0,-4.339050293E0
9.354509676E1,-2.820000052E-1,9.859950066E0,-5.371050358E0
9.354754015E1,-1.819500029E-1,9.238950729E0,-6.148950100E0
9.354998353E1,9.900000691E-1,8.171999931E0,-5.086050034E0
9.355242692E1,2.592000008E0,7.578000546E0,-3.666000128E0
9.355487053E1,2.665950060E0,7.474950314E0,-2.995950222E0
9.355731391E1,2.282999992E0,7.683000565E0,-2.578950167E0
9.355975737E1,1.378050089E0,7.498950481E0,-2.749050140E0
9.356220076E1,1.279950023E0,7.132050514E0,-2.878050089E0
9.356464414E1,2.491950035E0,7.353000164E0,-2.698950052E0
9.356708753E1,2.559000015E0,7.920000553E0,-3.247050047E0
9.356953113E1,3.078000069E0,8.140049934E0,-4.223999977E0
9.357197452E1,3.495000124E0,8.458950043E0,-4.734000206E0
9.357441798E1,3.064050198E0,9.076950073E0,-5.017050266E0
9.357686129E1,1.468950033E0,9.388050079E0,-6.058050156E0
9.357930475E1,5.239500403E-1,9.711000443E0,-7.248000145E0
9.358174812E1,3.990000188E-1,9.226950645E0,-8.440050125E0
9.358419173E1,6.150000095E-1,8.409000397E0,-7.923000336E0
9.358663512E1,2.274000168E0,7.285950184E0,-5.602950096E0
9.358907850E1,2.062950134E0,6.982050419E0,-4.126049995E0
9.359152198E1,2.227950096E0,7.297950268E0,-2.524050236E0
9.359396536E1,3.045000076E0,7.537050247E0,-1.606950045E0
9.359640875E1,3.318000078E0,7.669050217E0,-2.206050158E0
9.359885236E1,3.114000082E0,7.681050301E0,-3.501000166E0
9.360129575E1,2.599050045E0,7.839000225E0,-3.934050083E0
9.360373913E1,3.363000154E0,8.119050026E0,-4.530000210E0
9.360618252E1,3.934950113E0,7.884000301E0,-4.674000263E0
9.360862598E1,3.600000143E0,8.253000259E0,-5.257950306E0
9.361106936E1,2.713950157E0,8.737050056E0,-4.830000401E0
9.361351298E1,1.773000121E0,8.832000732E0,-3.846000195E0
9.361595636E1,1.147950053E0,9.220050812E0,-3.979950190E0
9.361839975E1,1.510050058E0,9.091050148E0,-4.375050068E0
9.362084321E1,1.362000108E0,8.988000870E0,-4.957050323E0
9.362328659E1,1.591050029E0,8.308050156E0,-4.918050289E0
9.362572998E1,2.620950222E0,7.879950523E0,-4.384050369E0
9.362817360E1,2.896050215E0,7.510950565E0,-4.030050278E0
9.363061698E1,2.506050110E0,7.471950531E0,-3.384000063E0
9.363306037E1,2.221050024E0,7.020000458E0,-2.815950155E0
9.363550383E1,2.551050186E0,6.862050533E0,-2.413950205E0
9.363794721E1,3.186000109E0,7.009950161E0,-2.239050150E0
9.364039083E1,3.691050291E0,7.381050587E0,-2.464050055E0
9.364283422E1,3.673950195E0,8.077950478E0,-3.372000217E0
9.364527760E1,3.480000257E0,8.635950089E0,-4.223999977E0
9.364772106E1,3.250950098E0,9.187050819E0,-4.696050167E0
9.365016437E1,2.671050072E0,9.333000183E0,-5.533950329E0
9.365260783E1,2.013000011E0,9.405000687E0,-6.123000145E0
9.365505122E1,2.022000074E0,8.799000740E0,-6.300000191E0
9.365749483E1,3.093000174E0,7.846050262E0,-5.779950142E0
9.365993822E1,3.913950205E0,7.221000195E0,-4.557000160E0
9.366238160E1,3.624000072E0,7.219050407E0,-3.487050056E0
9.366482508E1,3.064050198E0,7.609050274E0,-2.514000177E0
9.366726846E1,3.184050083E0,7.987050533E0,-1.933050036E0
9.366971185E1,3.090000153E0,8.064000130E0,-2.308950186E0
9.367215546E1,2.191950083E0,8.353950500E0,-3.568050146E0
9.367459885E1,2.547000170E0,7.987050533E0,-3.757050276E0
9.367704223E1,3.424950123E0,7.812000275E0,-3.886050224E0
9.367948562E1,3.709950209E0,8.104949951E0,-3.502950191E0
9.368192908E1,3.496950150E0,8.641050339E0,-3.412050247E0
9.368437246E1,3.009000063E0,9.072000504E0,-3.787950277E0
9.368681608E1,2.041949987E0,9.607950211E0,-3.886050224E0
9.368925946E1,1.567050099E0,9.667950630E0,-4.296000004E0
9.369170284E1,1.582050085E0,9.855000496E0,-4.401000023E0
9.369414630E1,1.582050085E0,9.586950302E0,-4.312950134E0
9.369658969E1,2.118000031E0,9.046050072E0,-3.151050091E0
9.369903307E1,3.235950232E0,8.227050781E0,-2.433000088E0
9.370147670E1,3.349050045E0,7.915050507E0,-2.299050093E0
9.370392009E1,3.202950239E0,7.675950527E0,-1.927950144E0
9.370636347E1,2.719050169E0,7.506000519E0,-1.830000043E0
9.370880686E1,2.446050167E0,7.300050259E0,-1.899000049E0
9.371125032E1,3.174000263E0,7.285950184E0,-2.064000130E0
9.371369393E1,3.258000135E0,7.750050545E0,-2.632050037E0
9.371613709E1,3.639000177E0,8.133000374E0,-3.199050188E0
9.371858070E1,3.925950289E0,8.559000015E0,-4.372050285E0
9.372102409E1,3.469050169E0,9.238950729E0,-4.746000290E0
9.372346747E1,2.527950048E0,9.598950386E0,-5.392050266E0
9.372591093E1,1.543950081E0,9.534000397E0,-6.168000221E0
9.372835432E1,1.867050052E0,8.822999954E0,-6.292950153E0
9.373079793E1,3.174000263E0,7.843950272E0,-5.404050350E0
9.373324132E1,3.909000158E0,7.075050354E0,-4.180950165E0
9.373568470E1,4.156050205E0,6.919050217E0,-3.124950171E0
9.373812809E1,3.916050196E0,7.096950531E0,-2.328000069E0
9.374057155E1,3.768000126E0,7.360050201E0,-1.573950052E0
9.374301494E1,3.330000162E0,7.551000595E0,-1.606950045E0
9.374545832E1,2.583000183E0,8.026050568E0,-2.361000061E0
9.374790193E1,2.559000015E0,7.816950321E0,-2.902050257E0
9.375034532E1,3.022950172E0,7.947000504E0,-3.670950174E0
9.375278870E1,3.615000248E0,8.277000427E0,-3.918000221E0
9.375523216E1,3.229050159E0,8.674050331E0,-4.186050415E0
9.375767555E1,2.482050180E0,9.289950371E0,-4.099050045E0
9.376011894E1,1.479000092E0,9.381000519E0,-3.580050230E0
9.376256255E1,1.705950022E0,9.286950111E0,-3.250050068E0
9.376500594E1,2.245050192E0,8.976000786E0,-3.409950256E0
9.376744940E1,2.032050133E0,8.799000740E0,-3.132000208E0
9.376989279E1,2.938950062E0,8.136000633E0,-2.349000216E0
9.377233617E1,3.744000196E0,7.417050362E0,-2.353950024E0
9.377477955E1,4.048050404E0,7.080000401E0,-2.461950064E0
9.377722317E1,3.744000196E0,6.843000412E0,-2.143050194E0
9.377966655E1,3.042000055E0,6.721050262E0,-1.849050045E0
9.378210994E1,3.090000153E0,6.742050171E0,-1.140000105E0
9.378455338E1,3.736950159E0,6.943050385E0,-9.010500312E-1
9.378699677E1,4.249050140E0,7.645050526E0,-1.735950112E0
9.378944016E1,4.575000286E0,8.148000717E0,-2.545950174E0
9.379188377E1,3.964050293E0,8.806050301E0,-3.889050245E0
9.379432716E1,3.133050203E0,9.490950584E0,-5.404050350E0
9.379677054E1,2.575050116E0,9.369000435E0,-6.915000439E0
9.379921392E1,2.446050167E0,8.895000458E0,-6.958050251E0
9.380165738E1,3.094950199E0,7.932000160E0,-5.301000118E0
9.380410077E1,4.098000050E0,7.099050522E0,-3.630000114E0
9.380654438E1,4.608000278E0,6.795000553E0,-2.296950102E0
9.380898777E1,4.548000336E0,6.550950527E0,-1.573950052E0
9.381143116E1,4.860000134E0,6.931050301E0,-1.168950081E0
9.381387462E1,5.173050404E0,7.080000401E0,-1.344000101E0
9.381631800E1,4.551000118E0,7.470000267E0,-1.714950085E0
9.381876139E1,3.661950111E0,7.429050446E0,-1.425000072E0
9.382120500E1,3.751050234E0,7.590000153E0,-1.537950039E0
9.382364838E1,4.279950142E0,7.911000252E0,-2.400000095E0
9.382609177E1,4.338000298E0,8.253000259E0,-3.364050150E0
9.382853515E1,3.789000273E0,9.024000168E0,-4.200000286E0
9.383097861E1,2.547000170E0,9.736950874E0,-4.722000122E0
9.383342201E1,1.873950124E0,9.952950478E0,-4.423050404E0
9.383586562E1,1.816050053E0,9.852000237E0,-4.024950027E0
9.383830901E1,2.176050186E0,9.402000427E0,-3.285000086E0
9.384075247E1,2.869950056E0,8.859000206E0,-2.521950006E0
9.384319585E1,3.769950151E0,8.071050644E0,-2.055000067E0
9.384563922E1,4.507950306E0,7.678050518E0,-2.172000170E0
9.384808261E1,4.146000385E0,7.369950294E0,-2.364000082E0
9.385052622E1,2.944050074E0,7.594950199E0,-1.771950126E0
9.385296961E1,2.559000015E0,7.863000393E0,-1.827000141E0
9.385541299E1,2.989950180E0,7.887000561E0,-1.633050084E0
9.385785644E1,3.865950108E0,8.224050522E0,-2.434950113E0
9.386029982E1,3.679050207E0,8.670000076E0,-3.724050283E0
9.386274321E1,3.387000084E0,9.330000877E0,-5.019000053E0
9.386518659E1,2.935050249E0,9.694050789E0,-6.369000435E0
9.386763021E1,2.056050062E0,1.010595036E1,-7.012950420E0
9.387007360E1,1.575000048E0,9.936000824E0,-6.288000107E0
9.387251698E1,1.459950089E0,9.357000351E0,-5.886000156E0
9.387496044E1,2.628000021E0,8.497050285E0,-5.368050098E0
9.387740383E1,3.840000153E0,7.474950314E0,-4.638000011E0
9.387984744E1,3.880050182E0,7.249950409E0,-4.222050190E0
9.388229084E1,3.451950073E0,7.401000500E0,-3.280950069E0
9.388473423E1,3.679050207E0,7.462950230E0,-2.553000212E0
9.388717769E1,3.064050198E0,7.852950573E0,-2.770950079E0
9.388962107E1,2.440950155E0,7.819950581E0,-3.238050222E0
9.389206446E1,2.860050201E0,7.860000610E0,-3.882000208E0
9.389450807E1,3.454050064E0,7.903050423E0,-5.062050343E0
9.389695146E1,3.600000143E0,8.242950439E0,-5.464050293E0
9.389939484E1,3.319950104E0,8.907000542E0,-5.649000168E0
9.390183823E1,2.383949995E0,9.511950493E0,-5.572050095E0
9.390428169E1,1.536000013E0,9.727950096E0,-5.086050034E0
9.390672507E1,1.165050030E0,9.759000778E0,-4.915950298E0
9.390916869E1,1.351950049E0,9.440999985E0,-5.170050144E0
9.391161207E1,1.857000113E0,9.096000671E0,-4.966050148E0
9.391405546E1,2.784000158E0,8.314949989E0,-4.324950218E0
9.391649892E1,3.511950254E0,7.642050266E0,-3.441000223E0
9.391894231E1,3.337050200E0,7.402950287E0,-3.180000067E0
9.392138569E1,2.584950209E0,7.053000450E0,-2.469000101E0
9.392382931E1,2.383949995E0,7.105950356E0,-1.822950125E0
9.392627269E1,3.040050030E0,7.018050194E0,-1.918050051E0
9.392871608E1,3.768000126E0,7.534950256E0,-2.078999996E0
9.393115946E1,3.793950081E0,8.196000099E0,-3.058050156E0
9.393360292E1,3.627000093E0,8.832000732E0,-4.348950386E0
9.393604631E1,3.379950047E0,9.438000679E0,-5.365950108E0
9.393848969E1,2.317050219E0,9.996000290E0,-6.204000473E0
9.394093333E1,1.459950089E0,9.868950844E0,-6.444000244E0
9.394337671E1,1.411950111E0,9.322950363E0,-6.409950256E0
9.394582010E1,2.791050196E0,8.358000755E0,-5.938050270E0
9.394826356E1,3.511950254E0,7.518000126E0,-4.624050140E0
9.395070694E1,3.430050135E0,7.233000278E0,-3.589950085E0
9.395315054E1,3.262950182E0,7.288050175E0,-2.356050014E0
9.395559370E1,3.652950287E0,7.372050285E0,-1.497000098E0
9.395803731E1,3.181050062E0,7.396050453E0,-1.722000122E0
9.396048070E1,2.664000034E0,7.200000286E0,-1.839000106E0
9.396292415E1,3.301050186E0,7.350000381E0,-1.975950122E0
9.396536754E1,3.799050093E0,7.281000137E0,-3.024000168E0
9.396781093E1,3.652950287E0,7.804950237E0,-3.793050289E0
9.397025454E1,3.283950090E0,8.646000862E0,-4.372050285E0
9.397269792E1,2.578050137E0,9.261000633E0,-4.473000050E0
9.397514131E1,1.270950079E0,1.000605011E1,-4.317000389E0
9.397758477E1,5.160000324E-1,9.988950729E0,-4.114050388E0
9.398002816E1,1.042950034E0,9.595950127E0,-4.084949970E0
9.398247154E1,1.737000108E0,9.292050362E0,-3.478950262E0
9.398491515E1,2.278950214E0,8.380050659E0,-2.938050032E0
9.398735854E1,3.223950148E0,7.590000153E0,-2.814000130E0
9.398980200E1,3.988050222E0,7.243050575E0,-2.578950167E0
9.399224539E1,3.765000105E0,7.009950161E0,-2.212949991E0
9.399468877E1,3.238950253E0,6.943050385E0,-1.437000036E0
9.399713216E1,2.772000074E0,7.111050129E0,-1.060950041E0
9.399957577E1,3.178950071E0,7.417050362E0,-1.212000012E0
9.400201918E1,3.909000158E0,8.049000740E0,-1.744050026E0
9.400446256E1,3.646050215E0,8.512050629E0,-3.100950241E0
9.400690602E1,3.439950228E0,8.932950020E0,-4.272000313E0
9.400934941E1,2.604000092E0,9.651000023E0,-5.799000263E0
9.401179280E1,1.824000120E0,9.838050842E0,-7.072950363E0
9.401423642E1,1.278000116E0,9.637050629E0,-6.763950348E0
9.401667981E1,1.369050026E0,9.001950264E0,-5.574000359E0
9.401912319E1,2.926950216E0,7.939050198E0,-3.709050179E0
9.402156657E1,4.018949986E0,6.996000290E0,-3.369000196E0
9.402401003E1,4.519950390E0,6.931050301E0,-3.022050142E0
9.402645342E1,4.302000046E0,7.120950222E0,-2.206050158E0
9.402889680E1,4.186950207E0,7.171050549E0,-1.786950111E0
9.403134042E1,3.415950060E0,7.795950413E0,-1.660050035E0
9.403378380E1,2.935050249E0,7.824000359E0,-2.179050207E0
9.403622728E1,3.102000237E0,7.800000191E0,-2.661000013E0
9.403867059E1,3.562050104E0,7.954050541E0,-3.466950178E0
9.404111405E1,3.502050161E0,8.381999969E0,-4.092000008E0
9.404355766E1,3.267000198E0,9.069000244E0,-4.557000160E0
9.404600105E1,2.449050188E0,9.514950752E0,-4.465950012E0
9.404844443E1,1.567050099E0,1.008900070E1,-4.249950409E0
9.405088782E1,1.017000079E0,1.004595089E1,-4.114050388E0
9.405333128E1,1.141050100E0,9.772950172E0,-4.054049969E0
9.405577466E1,2.143949986E0,9.091050148E0,-3.181950092E0
9.405821828E1,2.805000067E0,8.200050354E0,-3.205950260E0
9.406066166E1,3.934950113E0,7.638000488E0,-2.799000025E0
9.406310504E1,4.378050327E0,7.365000248E0,-2.707950115E0
9.406554843E1,3.649950266E0,7.195050240E0,-1.948950052E0
9.406799189E1,2.449050188E0,7.309950352E0,-1.051950097E0
9.407043528E1,2.512950182E0,7.413000584E0,-1.272000074E0
9.407287888E1,3.367950201E0,7.674000263E0,-1.675950050E0
9.407532226E1,3.691050291E0,7.932000160E0,-2.842050076E0
9.407776565E1,3.919050217E0,8.277000427E0,-3.846000195E0
9.408020911E1,3.801000118E0,8.713050842E0,-4.972950459E0
9.408265249E1,2.868000031E0,9.292050362E0,-6.199050426E0
9.408509586E1,1.921950102E0,9.486000061E0,-6.520050526E0
9.408753925E1,1.345050097E0,9.469050407E0,-5.734950066E0
9.408998286E1,1.564950109E0,8.731950760E0,-4.677000046E0
9.409242625E1,3.148050070E0,7.522950172E0,-3.565950155E0
9.409486963E1,4.311000347E0,6.948000431E0,-3.240000248E0
9.409731309E1,4.443000317E0,6.856950283E0,-3.007950068E0
9.409975648E1,3.871050119E0,7.326000214E0,-2.208000183E0
9.410219986E1,3.612000227E0,7.398000240E0,-2.134050131E0
9.410464348E1,2.902950048E0,7.860000610E0,-2.409000158E0
9.410708686E1,2.523000002E0,7.876950264E0,-2.847000122E0
9.410953032E1,2.518050194E0,7.768950462E0,-3.214050055E0
9.411197370E1,3.484950066E0,7.743000507E0,-3.853050232E0
9.411441709E1,3.448950052E0,8.143050194E0,-4.399050236E0
9.411686047E1,2.902950048E0,8.818050385E0,-4.576050282E0
9.411930409E1,1.912050128E0,9.538950920E0,-4.200000286E0
9.412174747E1,1.159950018E0,9.714000702E0,-3.999000072E0
9.412419086E1,8.659500480E-1,1.000305080E1,-3.967950106E0
9.412663432E1,1.147950053E0,9.486000061E0,-3.919950247E0
9.412907770E1,1.978950143E0,8.842050552E0,-3.778950214E0
9.413152107E1,2.941950083E0,8.049000740E0,-3.118050098E0
9.413396468E1,3.639000177E0,7.486950397E0,-3.127050161E0
9.413640807E1,3.868050098E0,7.353000164E0,-2.851950169E0
9.413885145E1,3.022950172E0,7.372050285E0,-2.111999989E0
9.414129491E1,1.972050071E0,7.468050480E0,-1.542000055E0
9.414373830E1,2.428950071E0,7.506000519E0,-1.518000126E0
9.414618191E1,3.076050043E0,7.906050205E0,-2.397000074E0
9.414862530E1,3.088050127E0,8.377950668E0,-3.301950216E0
9.415106868E1,3.361050129E0,8.646000862E0,-4.258049965E0
9.415351207E1,3.133050203E0,9.175050735E0,-5.578950405E0
9.415595553E1,2.419950008E0,9.655950546E0,-6.463050365E0
9.415839892E1,1.603050113E0,9.808950424E0,-6.847950459E0
9.416084230E1,1.093050003E0,9.433050156E0,-6.159000397E0
9.416328591E1,1.824000120E0,8.526000023E0,-5.032950401E0
9.416572930E1,3.435000181E0,7.477050304E0,-3.649050236E0
9.416817269E1,3.946950197E0,7.209000111E0,-3.099000216E0
9.417061608E1,3.835050106E0,7.326000214E0,-2.566950083E0
9.417305954E1,3.532950163E0,7.759950161E0,-1.786950111E0
9.417550292E1,3.526050091E0,7.663950443E0,-1.813050032E0
9.417794631E1,2.698050022E0,8.179050446E0,-2.488050222E0
9.418038994E1,2.295000076E0,8.128950119E0,-2.871000051E0
9.418283333E1,2.506050110E0,8.133000374E0,-3.052950144E0
9.418527679E1,3.543000221E0,8.083050728E0,-3.762000084E0
9.418772018E1,3.208050251E0,8.788949966E0,-4.357950211E0
9.419016356E1,2.446050167E0,9.487950325E0,-4.576050282E0
9.419260716E1,1.435950041E0,1.012095070E1,-4.437000275E0
9.419505054E1,9.229500294E-1,1.019505024E1,-3.838950157E0
9.419749393E1,9.210000634E-1,1.012500095E1,-3.859950066E0
9.419993739E1,1.266000032E0,9.823950768E0,-3.831000090E0
9.420238078E1,1.552950025E0,9.060000420E0,-3.751950264E0
9.420482415E1,2.815050125E0,8.011050224E0,-3.550950050E0
9.420726754E1,3.958950281E0,7.489050388E0,-3.373950243E0
9.420971115E1,4.402050018E0,7.180050373E0,-2.782950163E0
9.421215454E1,3.813000202E0,7.032000542E0,-2.055000067E0
9.421459800E1,2.700000048E0,7.300050259E0,-1.465950012E0
9.421704137E1,2.620950222E0,7.470000267E0,-1.726950049E0
9.421948475E1,3.282000065E0,7.798050404E0,-2.674950123E0
9.422192836E1,3.424950123E0,8.097000122E0,-3.541950226E0
9.422437175E1,3.499950171E0,8.491950035E0,-4.320000172E0
9.422681514E1,2.992050171E0,9.268050194E0,-5.140950203E0
9.422925858E1,2.346000195E0,9.963000298E0,-6.106050491E0
9.423170197E1,1.582050085E0,9.955050468E0,-6.465000153E0
9.423414535E1,9.640500546E-1,9.691950798E0,-5.899950504E0
9.423658874E1,1.294050097E0,8.944950104E0,-5.040000439E0
9.423903235E1,2.913000107E0,7.726050377E0,-4.336950302E0
9.424147574E1,3.871050119E0,7.402950287E0,-3.396000147E0
9.424391912E1,4.052999973E0,7.135050297E0,-2.929050207E0
9.424636258E1,3.751050234E0,7.483950138E0,-1.795950055E0
9.424880597E1,3.825000286E0,7.654050350E0,-1.546950102E0
9.425124936E1,3.102000237E0,8.119050026E0,-2.268000126E0
9.425369297E1,2.415000200E0,8.176050186E0,-2.557950020E0
9.425613636E1,2.257050037E0,8.023050308E0,-3.273000240E0
9.425857982E1,3.187950134E0,8.229000092E0,-3.879000187E0
9.426102313E1,3.163950205E0,8.452050209E0,-4.540050030E0
9.426346660E1,2.542050123E0,9.271050453E0,-4.650000095E0
9.426590999E1,1.737000108E0,9.867000580E0,-4.156949997E0
9.426835360E1,9.139500260E-1,1.006095028E1,-4.056000233E0
9.427079699E1,8.370000124E-1,1.016400051E1,-4.216950417E0
9.427324037E1,8.989500403E-1,9.721050262E0,-4.188000202E0
9.427568384E1,1.644000053E0,8.892000198E0,-4.365000248E0
9.427812722E1,2.704950094E0,8.014050484E0,-3.882000208E0
9.428057061E1,3.744000196E0,7.437000275E0,-3.384000063E0
9.428301422E1,4.267950058E0,7.159050465E0,-3.007950068E0
9.428545761E1,3.603000164E0,7.000950336E0,-1.885050058E0
9.428790101E1,2.568000078E0,7.177950382E0,-1.344000101E0
9.429034439E1,2.242950201E0,7.197000504E0,-1.878000140E0
9.429278785E1,2.881950140E0,7.420050144E0,-2.554950237E0
9.429523147E1,3.330000162E0,7.650000572E0,-3.511050224E0
9.429767485E1,3.592950106E0,8.208000183E0,-4.261950016E0
9.430011823E1,3.439950228E0,8.674050331E0,-5.196000099E0
9.430256162E1,2.590050220E0,9.481050491E0,-6.123000145E0
9.430500508E1,1.560000062E0,9.855000496E0,-6.490950108E0
9.430744847E1,6.649500132E-1,9.702000618E0,-5.707950115E0
9.430989185E1,1.110000014E0,8.943000793E0,-5.380050182E0
9.431233547E1,2.518050194E0,7.819950581E0,-4.324950218E0
9.431477885E1,3.480000257E0,7.245000362E0,-3.360000134E0
9.431722224E1,3.853950262E0,7.065000534E0,-2.779950142E0
9.431966562E1,3.670050144E0,7.197000504E0,-1.890000105E0
9.432210908E1,3.595050097E0,7.543950558E0,-1.408050060E0
9.432455247E1,3.210000038E0,7.819950581E0,-1.803000093E0
9.432699585E1,2.404950142E0,8.353950500E0,-2.677050114E0
9.432943947E1,2.073000193E0,8.196000099E0,-3.196950197E0
9.433188285E1,2.428950071E0,8.005949974E0,-3.460050106E0
9.433432624E1,3.253050089E0,8.113950729E0,-3.790950298E0
9.433676971E1,2.805000067E0,8.875950813E0,-4.320000172E0
9.433921310E1,2.134950161E0,9.553050041E0,-3.919950247E0
9.434165671E1,1.375950098E0,9.892950058E0,-3.922050238E0
9.434409987E1,1.177050114E0,1.002195072E1,-3.951000214E0
9.434654348E1,1.194000006E0,9.769050598E0,-4.498950005E0
9.434898695E1,1.423950076E0,9.342000008E0,-4.468050003E0
9.435143033E1,2.128050089E0,8.299050331E0,-3.807000160E0
9.435387371E1,3.385050058E0,7.558950424E0,-3.106050253E0
9.435631710E1,4.405050278E0,7.237950325E0,-2.814000130E0
9.435876071E1,4.480950356E0,7.192050457E0,-2.131050110E0
9.436120409E1,3.451950073E0,7.216050148E0,-1.702950120E0
9.436364748E1,2.305050135E0,7.458000183E0,-2.035950184E0
9.436609094E1,2.305050135E0,7.719000340E0,-2.239050150E0
9.436853432E1,2.761950016E0,7.947000504E0,-3.112950087E0
9.437097771E1,3.301050186E0,8.253000259E0,-3.538950205E0
9.437342130E1,3.628950119E0,8.599950790E0,-4.569000244E0
9.437586469E1,2.982000113E0,9.337950706E0,-5.317950249E0
9.437830815E1,2.386050224E0,9.888000488E0,-6.136950493E0
9.438075154E1,1.603050113E0,9.907050133E0,-6.460050106E0
9.438319492E1,1.342050076E0,9.538950920E0,-5.743950367E0
9.438563830E1,1.969950080E0,8.670000076E0,-4.578000069E0
9.438808191E1,3.069000244E0,7.753050327E0,-3.441000223E0
9.439052530E1,3.921000242E0,7.294950485E0,-2.947950125E0
9.439296869E1,4.306950092E0,7.140000343E0,-2.469000101E0
9.439541215E1,4.074000359E0,7.243050575E0,-1.818000078E0
9.439785553E1,3.898950100E0,7.699950218E0,-1.633050084E0
9.440029891E1,3.211950064E0,8.171999931E0,-2.269950151E0
9.440274253E1,2.355000019E0,8.491950035E0,-2.991000175E0
9.440518591E1,2.293050051E0,8.416049957E0,-3.048000097E0
9.440762930E1,2.980050087E0,8.337000847E0,-3.661050081E0
9.441007270E1,3.231000185E0,8.634000778E0,-4.035000324E0
9.441251615E1,2.614050150E0,9.412050247E0,-4.351050377E0
9.441495977E1,2.185050011E0,9.579000473E0,-3.970050097E0
9.441740292E1,1.575000048E0,1.000095081E1,-3.958050251E0
9.441984654E1,1.564950109E0,9.924000740E0,-3.964950085E0
9.442228993E1,1.789950132E0,9.606000900E0,-3.958050251E0
9.442473339E1,1.773000121E0,9.031050682E0,-3.931950092E0
9.442717678E1,2.416950226E0,8.200050354E0,-3.352050066E0
9.442962016E1,3.985950232E0,7.302000523E0,-2.718000174E0
9.443206378E1,4.765950203E0,7.080000401E0,-2.482950211E0
9.443450716E1,4.623000145E0,7.234950542E0,-2.044950008E0
9.443695055E1,3.310050249E0,7.324050426E0,-1.915950060E0
9.443939401E1,2.282999992E0,7.618950367E0,-2.038050175E0
9.444183739E1,2.415000200E0,7.630050182E0,-2.332950115E0
9.444428079E1,2.872050047E0,7.942050457E0,-3.060000181E0
9.444672441E1,3.114000082E0,8.325000763E0,-3.556050062E0
9.444916779E1,3.274950266E0,8.787000656E0,-4.345950127E0
9.445161125E1,2.884050131E0,9.177000046E0,-5.055000305E0
9.445405456E1,2.350050211E0,9.610950470E0,-5.802000046E0
9.445649800E1,1.812000036E0,9.673050880E0,-6.001050472E0
9.445894139E1,1.651050091E0,9.450000763E0,-5.007000446E0
9.446138501E1,1.998000145E0,8.353950500E0,-4.356000423E0
9.446382839E1,3.322050095E0,7.321950436E0,-3.508050203E0
9.446627178E1,4.137000084E0,6.862050533E0,-2.790000200E0
9.446871523E1,4.572000027E0,6.820950508E0,-2.287050009E0
9.447115862E1,4.030950069E0,7.057950497E0,-1.585050106E0
9.447360200E1,3.235950232E0,7.824000359E0,-1.243050098E0
9.447604562E1,3.109050035E0,8.208000183E0,-2.128950119E0
9.447848900E1,2.379000187E0,8.818050385E0,-3.204000235E0
9.448093237E1,1.981950045E0,8.289000511E0,-3.783000231E0
9.448337576E1,2.215950012E0,8.358000755E0,-4.003950119E0
9.448581922E1,2.587050200E0,8.689050674E0,-4.159049988E0
9.448826260E1,2.607000113E0,8.758049965E0,-4.060950279E0
9.449070599E1,2.539950132E0,9.232050896E0,-3.819000244E0
9.449314961E1,1.591050029E0,9.673050880E0,-3.582000256E0
9.449559299E1,1.603050113E0,9.534000397E0,-3.819000244E0
9.449803645E1,2.206950188E0,9.325950623E0,-4.051949978E0
9.450047984E1,1.917000055E0,8.755949974E0,-4.248000145E0
9.450292322E1,2.250000000E0,8.248050690E0,-3.654000282E0
9.450536683E1,3.424950123E0,7.450950146E0,-2.902050257E0
9.450781022E1,4.492950439E0,6.943050385E0,-2.497950077E0
9.451025360E1,4.528950214E0,7.141950130E0,-1.945050120E0
9.451269699E1,3.142950058E0,7.471950531E0,-1.879950047E0
9.451514045E1,1.990950108E0,7.699950218E0,-2.383050203E0
9.451758384E1,1.927050114E0,7.687950134E0,-2.524050236E0
9.452002722E1,2.440950155E0,7.848000526E0,-3.012000084E0
9.452247084E1,2.764950037E0,8.217000008E0,-3.436050177E0
9.452491422E1,3.136050224E0,8.598000526E0,-4.189949989E0
9.452735761E1,3.114000082E0,8.923050880E0,-5.050050259E0
9.452980105E1,2.496000051E0,9.511950493E0,-5.833050251E0
9.453224444E1,2.089050055E0,9.577050209E0,-6.183000088E0
9.453468805E1,1.713000059E0,9.445050240E0,-5.767950058E0
9.453713121E1,2.061000109E0,8.655000687E0,-4.789050102E0
9.453957482E1,2.992050171E0,7.602000237E0,-3.493950129E0
9.454201821E1,4.237050056E0,6.862050533E0,-2.821050167E0
9.454446167E1,4.668000221E0,6.772950172E0,-2.596050024E0
9.454690506E1,4.090950012E0,7.237950325E0,-2.026050091E0
9.454934844E1,3.337050200E0,7.912950516E0,-1.657050133E0
9.455179207E1,3.163950205E0,8.356050491E0,-2.332950115E0
9.455423545E1,2.290950060E0,9.000000000E0,-3.489000082E0
9.455667884E1,1.728000045E0,8.665050507E0,-3.760050297E0
9.455912230E1,2.092050076E0,8.482950211E0,-4.056000233E0
9.456156568E1,2.875050068E0,8.586000443E0,-4.111050129E0
9.456400907E1,3.010950089E0,8.803950310E0,-4.056000233E0
9.456645246E1,2.532000065E0,9.534000397E0,-3.736050129E0
9.456889607E1,1.756950140E0,9.799950600E0,-3.826950073E0
9.457133954E1,1.567050099E0,9.979050636E0,-3.738000154E0
9.457378292E1,1.965000153E0,9.702000618E0,-4.066050053E0
9.457622630E1,2.032050133E0,9.253950119E0,-4.143000126E0
9.457866969E1,2.086950064E0,8.727000237E0,-3.570000172E0
9.458111330E1,3.126000166E0,7.615950584E0,-3.196950197E0
9.458355669E1,4.441050053E0,7.129950523E0,-2.548050165E0
9.458600007E1,4.933950424E0,7.063050270E0,-2.341950178E0
9.458844353E1,4.024050236E0,7.408050537E0,-2.167050123E0
9.459088692E1,2.167950153E0,7.984950542E0,-2.308950186E0
9.459333030E1,1.785000086E0,8.038050652E0,-2.590950012E0
9.459577392E1,2.239950180E0,8.016000748E0,-3.388050079E0
9.459821730E1,2.767050028E0,8.308050156E0,-3.886050224E0
9.460066068E1,3.022950172E0,8.410950661E0,-4.344000340E0
9.460310414E1,3.169050217E0,8.731950760E0,-4.791000366E0
9.460554752E1,2.989950180E0,9.217950821E0,-5.158050060E0
9.460799114E1,2.523000002E0,9.651000023E0,-5.452050209E0
9.461043429E1,1.843050122E0,9.607950211E0,-5.371050358E0
9.461287790E1,1.882950068E0,9.109950066E0,-4.918050289E0
9.461532129E1,2.664000034E0,8.044950485E0,-4.183050156E0
9.461776474E1,3.724950075E0,7.084950447E0,-3.505950212E0
9.462020813E1,4.171950340E0,6.903000355E0,-2.917050123E0
9.462265152E1,3.910950184E0,7.207050323E0,-2.080950022E0
9.462509513E1,3.303000212E0,7.705050468E0,-1.303050041E0
9.462753852E1,2.880000114E0,8.413050652E0,-1.650000095E0
9.462998190E1,2.614050150E0,8.842050552E0,-2.755950212E0
9.463242536E1,1.737000108E0,9.024000168E0,-3.987000227E0
9.463486875E1,1.600950122E0,8.674050331E0,-4.534950256E0
9.463731213E1,2.191950083E0,8.344050407E0,-4.722000122E0
9.463975551E1,2.556000233E0,8.473050117E0,-3.967950106E0
9.464219912E1,2.736000061E0,8.971050262E0,-3.163050175E0
9.464464259E1,2.250000000E0,9.268050194E0,-2.850000143E0
9.464708597E1,1.546050072E0,9.895050049E0,-2.905050039E0
9.464952936E1,1.857000113E0,9.615000725E0,-3.771000147E0
9.465197274E1,2.025000095E0,9.357000351E0,-4.636050224E0
9.465441636E1,1.692000031E0,8.863950729E0,-4.456050396E0
9.465685974E1,2.089050055E0,8.284049988E0,-3.678000212E0
9.465930313E1,3.375000238E0,7.477050304E0,-2.713050127E0
9.466174659E1,4.419000149E0,7.113000393E0,-2.497950077E0
9.466418997E1,4.146000385E0,7.333950520E0,-2.167050123E0
9.466663336E1,2.464950085E0,7.723950386E0,-2.491050005E0
9.466907674E1,1.402050018E0,8.005949974E0,-2.986050129E0
9.467152036E1,1.639050126E0,7.731000423E0,-3.228000164E0
9.467396382E1,2.203950167E0,8.179050446E0,-3.775950193E0
9.467640713E1,2.638050079E0,8.338950157E0,-3.940950155E0
9.467885059E1,3.411000252E0,8.470950127E0,-4.435050011E0
9.468129397E1,2.973000050E0,9.013950348E0,-4.945050240E0
9.468373737E1,2.386050224E0,9.475950241E0,-5.823000431E0
9.468618099E1,1.894950032E0,9.469050407E0,-5.835000515E0
9.468862437E1,1.608000040E0,9.298950195E0,-5.373000145E0
9.469106783E1,2.230950117E0,8.290950775E0,-4.447050095E0
9.469351122E1,3.151950121E0,7.413000584E0,-3.691950083E0
9.469595460E1,3.949950218E0,7.021950245E0,-2.799000025E0
9.469839822E1,3.913950205E0,7.053000450E0,-2.325000048E0
9.470084160E1,3.163950205E0,7.699950218E0,-1.806000113E0
9.470328499E1,2.716950178E0,8.398950577E0,-1.966050148E0
9.470572837E1,2.370000124E0,8.854050636E0,-2.905050039E0
9.470817183E1,1.558050036E0,9.016950607E0,-4.179000378E0
9.471061522E1,1.464000106E0,8.706000328E0,-4.357950211E0
9.471305860E1,2.058000088E0,8.332050323E0,-4.770000458E0
9.471550222E1,2.403000116E0,8.611950874E0,-3.951000214E0
9.471794560E1,2.743050098E0,8.967000008E0,-3.666000128E0
9.472038899E1,1.828050137E0,9.426000595E0,-3.336000204E0
9.472283245E1,1.323000073E0,9.934050560E0,-3.312000275E0
9.472527583E1,1.431000113E0,9.709050179E0,-3.958050251E0
9.472771945E1,1.599000096E0,9.325950623E0,-4.528050423E0
9.473016283E1,1.488000035E0,8.926050186E0,-4.204950333E0
9.473260623E1,2.085000038E0,8.257950783E0,-3.135000229E0
9.473504969E1,3.661950111E0,7.273950577E0,-2.823000193E0
9.473749307E1,4.552950382E0,7.140000343E0,-2.758950233E0
9.473993646E1,3.919050217E0,7.288050175E0,-2.469000101E0
9.474237984E1,2.034000158E0,7.516050339E0,-2.554950237E0
9.474482345E1,1.429050088E0,7.726050377E0,-2.601000071E0
9.474726691E1,1.881000042E0,7.723950386E0,-2.974050045E0
9.474971022E1,2.377050161E0,8.152050018E0,-3.604050159E0
9.475215368E1,2.817000151E0,8.482950211E0,-4.063950062E0
9.475459706E1,3.313050270E0,8.767950058E0,-4.726950169E0
9.475704045E1,2.631000042E0,9.295050621E0,-5.758950233E0
9.475948406E1,1.813950062E0,9.606000900E0,-6.376050472E0
9.476192745E1,1.297050118E0,9.558000565E0,-6.172950268E0
9.476437083E1,1.147950053E0,9.139050484E0,-5.272950172E0
9.476681429E1,2.403000116E0,7.992000580E0,-4.195050240E0
9.476925768E1,3.556950092E0,7.149000168E0,-3.465000153E0
9.477170106E1,4.165050030E0,6.961950302E0,-2.859000206E0
9.477414468E1,3.727050066E0,7.437000275E0,-2.184000015E0
9.477658806E1,3.208050251E0,7.888950348E0,-1.806000113E0
9.477903145E1,2.857950211E0,8.305950165E0,-2.239050150E0
9.478147491E1,1.981950045E0,8.851950645E0,-3.642000198E0
9.478391830E1,1.567050099E0,8.574000359E0,-3.967950106E0
9.478636168E1,2.037000179E0,8.313000679E0,-4.324950218E0
9.478880529E1,3.058950186E0,8.358000755E0,-4.059000015E0
9.479124868E1,2.961000204E0,8.677050591E0,-4.018050194E0
9.479369206E1,2.101050138E0,9.361950874E0,-4.083000183E0
9.479613552E1,1.230000019E0,1.004400063E1,-3.649050236E0
9.479857891E1,8.610000610E-1,9.985950470E0,-4.048950195E0
9.480102252E1,1.134000063E0,9.934050560E0,-3.964950085E0
9.480346591E1,1.354050040E0,9.394950867E0,-3.963000298E0
9.480590930E1,1.705950022E0,8.763000488E0,-3.361950159E0
9.480835275E1,3.310050249E0,7.683000565E0,-3.055950165E0
9.481079614E1,4.323000431E0,7.245000362E0,-3.300000191E0
9.481323953E1,4.267950058E0,7.378950119E0,-3.532050133E0
9.481568292E1,3.897000074E0,6.742050171E0,-3.028950214E0
9.481812654E1,1.828050137E0,7.024950504E0,-3.112950087E0
9.482056992E1,1.476000071E0,7.626000404E0,-2.104950190E0
9.482301331E1,3.448950052E0,8.112000465E0,-2.200950146E0
9.482545677E1,4.018949986E0,7.252050400E0,-4.971000195E0
9.482790014E1,2.551050186E0,9.247050285E0,-6.256950378E0
9.483034353E1,1.909950137E0,9.601050377E0,-5.221950054E0
9.483278691E1,1.132050037E0,9.975000381E0,-6.039000511E0
9.483523052E1,1.309050083E0,1.012305069E1,-3.790950298E0
9.483767391E1,1.081050038E0,9.124950409E0,-5.538000107E0
9.484011738E1,2.014950037E0,9.120000839E0,-4.420050144E0
9.484256077E1,3.174000263E0,6.783000469E0,-3.891000271E0
9.484500416E1,4.062000275E0,7.401000500E0,-3.925050259E0
9.484744777E1,4.089000225E0,7.774050236E0,-2.115000010E0
9.484989116E1,3.976050138E0,7.915050507E0,-2.308950186E0
9.485233454E1,3.367950201E0,7.944000244E0,-2.790000200E0
9.485477800E1,1.833000064E0,8.239050865E0,-3.094050169E0
9.485722139E1,2.161050081E0,8.056950569E0,-3.847950220E0
9.485966477E1,3.178950071E0,8.128950119E0,-3.930000305E0
9.486210838E1,3.186000109E0,8.275050163E0,-4.269000053E0
9.486455179E1,2.544000149E0,9.115050316E0,-4.546950340E0
9.486699517E1,1.788000107E0,9.366000175E0,-3.546000242E0
9.486943863E1,1.255950093E0,9.409049988E0,-3.529950142E0
9.487188202E1,1.078950047E0,1.006500053E1,-3.859950066E0
9.487432563E1,9.520500302E-1,9.936000824E0,-4.449000359E0
9.487676900E1,1.333050013E0,9.253950119E0,-4.723950386E0
9.487921239E1,2.503950119E0,8.083050728E0,-3.807000160E0
9.488165577E1,3.676950216E0,7.540050507E0,-3.760050297E0
9.488409923E1,4.129050255E0,7.507950306E0,-2.704050064E0
9.488654262E1,3.339000225E0,7.414950371E0,-2.104950190E0
9.488898600E1,2.143949986E0,7.429050446E0,-1.530000091E0
9.489142962E1,2.350050211E0,7.410000324E0,-1.642950058E0
9.489387300E1,2.761950016E0,7.611000538E0,-2.779950142E0
9.489631639E1,3.088050127E0,7.791000366E0,-4.195050240E0
9.489875985E1,3.484950066E0,8.350950241E0,-4.957050323E0
9.490120323E1,3.049950123E0,9.084000587E0,-5.718000412E0
9.490364661E1,2.310000181E0,9.361950874E0,-6.036000252E0
9.490609000E1,1.495950103E0,9.412050247E0,-6.276000500E0
9.490853361E1,8.160000443E-1,9.397050858E0,-5.641050339E0
9.491097700E1,1.339950085E0,9.057000160E0,-4.192950249E0
9.491342047E1,2.113049984E0,7.750050545E0,-4.686000347E0
9.491586386E1,3.447000265E0,7.489050388E0,-3.220950127E0
9.491830724E1,3.366000175E0,7.350000381E0,-3.297000170E0
9.492075063E1,2.902950048E0,7.750050545E0,-2.521950006E0
9.492319424E1,3.247950077E0,7.828950405E0,-2.068950176E0
9.492563761E1,2.793000221E0,8.020950317E0,-3.562950134E0
9.492808107E1,2.226000071E0,8.088000298E0,-3.514950275E0
9.493052446E1,1.696950078E0,7.876950264E0,-4.540050030E0
9.493296784E1,3.160050154E0,8.028000832E0,-4.118999958E0
9.493541146E1,2.901000023E0,8.056950569E0,-4.167000294E0
9.493785484E1,1.765950084E0,9.226950645E0,-3.970050097E0
9.494029822E1,1.327950120E0,9.469050407E0,-3.549000263E0
9.494274161E1,7.030500174E-1,9.646050453E0,-3.751950264E0
9.494518507E1,4.129500091E-1,9.967050552E0,-4.051949978E0
9.494762845E1,2.580000162E-1,9.819000244E0,-4.427999973E0
9.495007208E1,9.979500771E-1,9.216000557E0,-4.102050304E0
9.495251546E1,2.358000040E0,8.227050781E0,-3.670950174E0
9.495495885E1,3.069000244E0,7.755000591E0,-3.553950071E0
9.495740231E1,3.318000078E0,7.615950584E0,-3.265950203E0
9.495984570E1,2.282999992E0,7.489050388E0,-2.787000179E0
9.496228908E1,1.656000137E0,7.465050220E0,-2.296950102E0
9.496473269E1,1.864050031E0,7.486950397E0,-2.080950022E0
9.496717608E1,2.524950027E0,7.678050518E0,-2.677050114E0
9.496961946E1,2.956050158E0,8.029950142E0,-3.517950058E0
9.497206292E1,2.982000113E0,8.533050537E0,-4.642950058E0
9.497450631E1,2.532000065E0,8.919000626E0,-5.620050430E0
9.497694970E1,1.747050047E0,9.510000229E0,-6.180000305E0
9.497939308E1,6.979500055E-1,9.547950745E0,-6.028950214E0
9.498183669E1,2.430000156E-1,8.725049973E0,-5.859000206E0
9.498428008E1,1.342050076E0,7.954050541E0,-4.345950127E0
9.498672346E1,3.271950245E0,6.880950451E0,-2.707950115E0
9.498916692E1,4.041000366E0,6.583950520E0,-2.554950237E0
9.499161031E1,4.443000317E0,6.499950409E0,-2.002050161E0
9.499405370E1,4.077000141E0,7.362000465E0,-1.702950120E0
9.499649729E1,3.460950136E0,7.783950329E0,-2.140950203E0
9.499894068E1,2.098950148E0,8.653050423E0,-3.099000216E0
9.500138414E1,1.633950114E0,8.835000038E0,-3.580050230E0
9.500382753E1,1.728000045E0,8.835000038E0,-3.810000181E0
9.500627091E1,2.500950098E0,8.899050713E0,-4.216950417E0
9.500871451E1,2.449050188E0,9.440999985E0,-4.510950089E0
9.501115790E1,2.382000208E0,9.694050789E0,-4.459050179E0
9.501360128E1,1.723050117E0,9.943050385E0,-4.324950218E0
9.501604467E1,1.339950085E0,1.030995083E1,-4.486950397E0
9.501848813E1,1.120050073E0,9.988950729E0,-4.791000366E0
9.502093152E1,8.749500513E-1,1.014900017E1,-4.405950069E0
9.502337513E1,1.168050051E0,9.534000397E0,-3.178050041E0
9.502581852E1,2.140050173E0,8.569050789E0,-3.217950106E0
9.502826190E1,3.081000090E0,8.097000122E0,-3.144000053E0
9.503070529E1,3.715050220E0,8.016000748E0,-3.192000151E0
9.503314873E1,3.174000263E0,7.923000336E0,-2.833050251E0
9.503559212E1,2.025000095E0,8.224050522E0,-1.528050065E0
9.503803573E1,1.855050087E0,8.611950874E0,-4.789500237E-1
9.504047912E1,2.719050169E0,8.974050522E0,-1.594950080E0
9.504292250E1,3.460950136E0,9.603000641E0,-3.289950132E0
9.504536596E1,3.457050085E0,9.538950920E0,-5.155050278E0
9.504780935E1,3.097050190E0,9.646050453E0,-6.673050404E0
9.505025273E1,1.879050136E0,1.050405025E1,-7.734000206E0
9.505269612E1,1.278000116E0,1.089900017E1,-6.817050457E0
9.505513973E1,9.310500622E-1,1.067805004E1,-5.242050171E0
9.505758310E1,1.443000078E0,9.964950562E0,-3.553950071E0
9.506002649E1,2.595000029E0,9.034049988E0,-3.373950243E0
9.506246995E1,3.460950136E0,8.485050201E0,-4.078050137E0
9.506491333E1,3.685950279E0,8.184000015E0,-4.770000458E0
9.506735672E1,4.515000343E0,8.305950165E0,-4.636050224E0
9.506980034E1,4.717950344E0,7.980000496E0,-4.525950432E0
9.507224373E1,3.163950205E0,8.196000099E0,-3.958050251E0
9.507468719E1,3.520950079E0,8.116950035E0,-3.087000132E0
9.507713058E1,3.885000229E0,8.035050392E0,-2.242050171E0
9.507957396E1,3.849000216E0,8.266950607E0,-2.194050074E0
9.508201735E1,3.615000248E0,8.751000404E0,-2.689050198E0
9.508446096E1,3.472950220E0,9.213000298E0,-3.082050085E0
9.508690435E1,2.559000015E0,9.544050217E0,-3.216000080E0
9.508934773E1,1.953000069E0,1.000095081E1,-3.127050161E0
9.509179119E1,1.536000013E0,1.016100025E1,-3.240000248E0
9.509423458E1,1.194000006E0,1.054905033E1,-3.132000208E0
9.509667819E1,1.441050053E0,1.037400055E1,-3.196950197E0
9.509912158E1,2.137050152E0,9.754050255E0,-3.364050150E0
9.510156496E1,3.246000051E0,9.073950768E0,-3.589950085E0
9.510400835E1,3.516000271E0,8.919000626E0,-2.991000175E0
9.510645181E1,3.258000135E0,8.728950500E0,-2.115000010E0
9.510889519E1,3.129000187E0,8.434950829E0,-9.649500251E-1
9.511133881E1,3.571050167E0,8.157000542E0,-1.080000043E0
9.511378219E1,4.048050404E0,7.999050617E0,-2.004000187E0
9.511622558E1,4.254000187E0,8.131050110E0,-3.180000067E0
9.511866896E1,4.326000214E0,8.631000519E0,-4.717050076E0
9.512111242E1,3.982950211E0,9.295050621E0,-5.505000114E0
9.512355581E1,3.231000185E0,9.661050797E0,-5.622000217E0
9.512599919E1,2.628000021E0,9.487950325E0,-4.693050385E0
9.512844284E1,2.113049984E0,9.241950035E0,-3.616050243E0
9.513088622E1,2.307000160E0,8.884950638E0,-2.955000162E0
9.513332961E1,2.415000200E0,8.277000427E0,-2.541000128E0
9.513577307E1,3.279000044E0,7.960950375E0,-2.802000046E0
9.513821645E1,4.045950413E0,7.578000546E0,-2.542950153E0
9.514065984E1,3.885000229E0,8.348999977E0,-2.221950054E0
9.514310322E1,3.583050251E0,8.004000664E0,-2.943000078E0
9.514554684E1,3.126000166E0,8.185950279E0,-3.136950254E0
9.514799022E1,3.258000135E0,7.875000477E0,-3.172950268E0
9.515043368E1,3.412950277E0,7.839000225E0,-2.890050173E0
9.515287708E1,3.913950205E0,7.900950432E0,-3.024000168E0
9.515532047E1,3.817950249E0,8.188050270E0,-3.718950272E0
9.515776408E1,3.229050159E0,8.690999985E0,-4.212000370E0
9.516020747E1,2.362050056E0,9.085950851E0,-3.817050219E0
9.516265085E1,2.530050039E0,8.734050751E0,-3.091950178E0
9.516509431E1,2.572950125E0,8.812950134E0,-3.385950089E0
9.516753770E1,2.194950104E0,8.670000076E0,-3.421950102E0
9.516998108E1,3.208050251E0,8.056950569E0,-3.241950035E0
9.517242470E1,3.808050156E0,7.579950333E0,-3.369000196E0
9.517486808E1,3.925950289E0,7.975050449E0,-3.906000137E0
9.517731147E1,3.262950182E0,8.160000801E0,-3.786000252E0
9.517975493E1,2.185050011E0,7.996950150E0,-2.787000179E0
9.518219831E1,2.464950085E0,7.579950333E0,-1.714950085E0
9.518464193E1,3.670050144E0,7.234950542E0,-1.396050096E0
9.518708531E1,3.946950197E0,7.153950214E0,-2.434950113E0
9.518952871E1,3.856050253E0,7.587000370E0,-3.592050076E0
9.519197210E1,4.414050102E0,7.839000225E0,-5.124000072E0
9.519441556E1,3.943050146E0,8.263050079E0,-5.662950039E0
9.519685894E1,2.926950216E0,9.000000000E0,-5.926050186E0
9.519930233E1,2.335950136E0,9.127050400E0,-5.122050285E0
9.520174596E1,1.363950014E0,9.096000671E0,-3.405000210E0
9.520418934E1,1.678050041E0,8.072999954E0,-2.791950226E0
9.520663273E1,3.445050240E0,7.470000267E0,-2.457000017E0
9.520907619E1,3.973950148E0,7.036950111E0,-2.941050053E0
9.521151957E1,3.729000092E0,7.036950111E0,-3.031950235E0
9.521396295E1,3.672000170E0,7.531950474E0,-2.890050173E0
9.521640634E1,4.125000000E0,7.923000336E0,-2.677050114E0
9.521884995E1,3.511950254E0,7.834050179E0,-3.573000193E0
9.522129334E1,3.121050119E0,7.699950218E0,-2.167050123E0
9.522373680E1,2.659050226E0,7.662000179E0,-2.530950069E0
9.522618018E1,2.974950075E0,8.338950157E0,-3.802950144E0
9.522862357E1,3.684000254E0,7.710000515E0,-3.745050192E0
9.523106718E1,3.424950123E0,8.356050491E0,-4.959000111E0
9.523351057E1,2.745000124E0,8.164050102E0,-3.034050226E0
9.523595395E1,2.784000158E0,8.308050156E0,-2.344050169E0
9.523839741E1,2.416950226E0,9.108000755E0,-1.372050047E0
9.524084080E1,2.278950214E0,8.253000259E0,-2.661000013E0
9.524328418E1,2.583000183E0,8.385000229E0,-2.074050188E0
9.524572780E1,3.235950232E0,7.386000156E0,-2.886000156E0
9.524817118E1,3.751050234E0,7.714050293E0,-3.604050159E0
9.525061457E1,3.949950218E0,8.121000290E0,-3.859950066E0
9.525305795E1,3.208050251E0,7.297950268E0,-2.257950068E0
9.525550141E1,2.544000149E0,7.123050213E0,-8.599500656E-1
9.525794503E1,3.028050184E0,6.895050526E0,-8.959500194E-1
9.526038842E1,3.375000238E0,7.261950493E0,-1.516050100E0
9.526283181E1,3.739050150E0,7.654050350E0,-2.368050098E0
9.526527519E1,3.865950108E0,7.731000423E0,-3.613050222E0
9.526771865E1,3.708000183E0,8.004000664E0,-5.172000408E0
9.527016204E1,2.839050055E0,8.694000244E0,-6.393000126E0
9.527260543E1,2.077050209E0,9.115050316E0,-5.479050159E0
9.527504904E1,1.570050120E0,8.725049973E0,-3.903000116E0
9.527749242E1,1.812000036E0,7.795950413E0,-2.815950155E0
9.527993581E1,2.899050236E0,7.171050549E0,-2.457000017E0
9.528237919E1,4.114950180E0,6.799950123E0,-3.196950197E0
9.528482265E1,4.285050392E0,6.466950417E0,-3.408000231E0
9.528726604E1,4.435950279E0,6.843000412E0,-2.979000092E0
9.528970943E1,4.282950401E0,7.008000374E0,-2.947950125E0
9.529215304E1,3.231000185E0,7.800000191E0,-3.424050093E0
9.529459643E1,2.607000113E0,7.975050449E0,-3.376050234E0
9.529703987E1,2.853000164E0,7.963050365E0,-2.943000078E0
9.529948326E1,2.959050179E0,7.906050205E0,-3.558000088E0
9.530192664E1,3.046950102E0,8.041950226E0,-4.207050323E0
9.530437025E1,2.724000216E0,8.581050873E0,-5.044950008E0
9.530681364E1,2.026950121E0,8.617050171E0,-4.609050274E0
9.530925704E1,1.708950043E0,8.413050652E0,-3.238050222E0
9.531170050E1,1.699050069E0,8.788949966E0,-2.731950045E0
9.531414389E1,1.396950126E0,8.907000542E0,-2.608050108E0
9.531658727E1,1.906950116E0,8.851950645E0,-2.514000177E0
9.531903088E1,3.112050056E0,8.353950500E0,-3.208950043E0
9.532147425E1,3.612000227E0,8.143050194E0,-4.000950336E0
9.532391763E1,3.307950258E0,7.963050365E0,-4.605000019E0
9.532636102E1,2.640000105E0,7.683000565E0,-3.649050236E0
9.532880448E1,2.539950132E0,7.633050442E0,-2.110050201E0
9.533124785E1,2.905950069E0,7.390950203E0,-1.177950025E0
9.533369147E1,3.052050114E0,7.153950214E0,-1.822950125E0
9.533613485E1,3.928050280E0,7.288050175E0,-4.269000053E0
9.533857824E1,3.697950125E0,7.546950340E0,-5.886000156E0
9.534102170E1,3.358050108E0,7.729050159E0,-7.729050159E0
9.534346507E1,2.845950127E0,7.942050457E0,-7.507050514E0
9.534590846E1,2.212050200E0,7.803000450E0,-5.811000347E0
9.534835207E1,1.603050113E0,7.582950592E0,-4.918050289E0
9.535079546E1,1.623000026E0,7.348050117E0,-3.154050112E0
9.535323884E1,2.475000143E0,7.093950272E0,-1.375050068E0
9.535568223E1,3.847050190E0,6.534000397E0,-1.903950095E0
9.535812569E1,3.904050112E0,6.180000305E0,-3.028950214E0
9.536056907E1,3.700950146E0,6.766050339E0,-3.961050272E0
9.536301246E1,3.627000093E0,6.462000370E0,-4.918050289E0
9.536545607E1,2.911050081E0,6.579000473E0,-4.012950420E0
9.536789946E1,2.508000135E0,6.796950340E0,-2.923950195E0
9.537034284E1,2.508000135E0,6.792000294E0,-2.209950209E0
9.537278630E1,3.109050035E0,7.060950279E0,-3.084000111E0
9.537522969E1,3.400950193E0,7.168050289E0,-4.830000401E0
9.537767330E1,2.688000202E0,7.486950397E0,-5.803950310E0
9.538011669E1,2.092050076E0,7.951050282E0,-5.316000462E0
9.538256007E1,1.882950068E0,7.975050449E0,-4.285950184E0
9.538500353E1,2.058000088E0,8.320050240E0,-3.433950186E0
9.538744692E1,1.888050079E0,8.763000488E0,-2.737050056E0
9.538989030E1,1.849950075E0,9.024000168E0,-2.281949997E0
9.539233368E1,2.479950190E0,9.069000244E0,-3.060000181E0
9.539477729E1,2.860050201E0,9.187050819E0,-4.315050125E0
9.539722068E1,2.829000235E0,8.497050285E0,-4.408050060E0
9.539966406E1,2.122950077E0,7.915050507E0,-3.532050133E0
9.540210752E1,1.873950124E0,7.603950500E0,-2.593050241E0
9.540455091E1,2.656950235E0,7.408050537E0,-1.885050058E0
9.540699452E1,3.718050241E0,7.164000511E0,-3.111000061E0
9.540943791E1,4.323000431E0,7.281000137E0,-4.585950375E0
9.541188129E1,4.110000134E0,7.923000336E0,-6.208950520E0
9.541432468E1,3.193050146E0,8.832000732E0,-6.994050503E0
9.541676814E1,2.476950169E0,9.292050362E0,-6.376050472E0
9.541921153E1,1.873950124E0,9.402000427E0,-4.717050076E0
9.542165514E1,1.414050102E0,9.175050735E0,-3.783000231E0
9.542409852E1,1.327950120E0,8.914050102E0,-3.676050186E0
9.542654191E1,2.484000206E0,7.843950272E0,-3.465000153E0
9.542898529E1,3.615000248E0,7.330950260E0,-3.823950291E0
9.543142875E1,3.315000057E0,7.864950180E0,-3.847950220E0
9.543387214E1,2.808000088E0,8.121000290E0,-3.106050253E0
9.543631553E1,2.584950209E0,8.136000633E0,-2.694000244E0
9.543875914E1,2.185050011E0,8.266950607E0,-3.241950035E0
9.544120253E1,2.121000051E0,8.227050781E0,-4.042050362E0
9.544364591E1,2.443950176E0,8.389050484E0,-5.281950474E0
9.544608937E1,3.069000244E0,8.421000481E0,-6.039000511E0
9.544853276E1,3.190950155E0,8.533050537E0,-6.108000278E0
9.545097637E1,2.437050104E0,9.097949982E0,-4.957050323E0
9.545341975E1,1.891050100E0,9.523950577E0,-3.622950077E0
9.545586313E1,2.164050102E0,9.871950150E0,-3.084000111E0
9.545830659E1,1.417050123E0,1.055400085E1,-3.496050119E0
9.546074998E1,8.989500403E-1,1.076895046E1,-3.799950123E0
9.546319336E1,1.492950082E0,1.021905041E1,-4.060950279E0
9.546563676E1,2.053050041E0,1.018500042E1,-4.118999958E0
9.546808037E1,2.542050123E0,9.618000031E0,-4.155000210E0
9.547052376E1,2.536950111E0,8.992950439E0,-4.152000427E0
9.547296715E1,2.173050165E0,8.800950050E0,-3.642000198E0
9.547541061E1,2.140050173E0,8.776950836E0,-2.716050148E0
9.547785399E1,2.371950150E0,8.476050377E0,-2.737050056E0
9.548029738E1,2.926950216E0,8.212050438E0,-3.906000137E0
9.548274076E1,3.366000175E0,8.830050468E0,-5.332950115E0
9.548518437E1,3.057000160E0,9.196050644E0,-6.408000469E0
9.548762776E1,2.599050045E0,9.481050491E0,-6.396000385E0
9.549007122E1,2.245050192E0,1.003005028E1,-5.550000191E0
9.549251461E1,1.431000113E0,1.035795021E1,-5.269950390E0
9.549495799E1,1.006950021E0,1.026705074E1,-3.678000212E0
9.549740138E1,1.374000072E0,9.028950691E0,-3.106050253E0
9.549984498E1,2.443950176E0,7.963050365E0,-3.907950163E0
9.550228836E1,3.186000109E0,7.579950333E0,-4.561950207E0
9.550473182E1,2.829000235E0,7.528050423E0,-4.678950310E0
9.550717521E1,3.142950058E0,7.510950565E0,-3.132000208E0
9.550961859E1,3.925950289E0,7.587000370E0,-2.905050039E0
9.551206223E1,3.114000082E0,8.746050835E0,-3.055950165E0
9.551450562E1,1.974000096E0,8.629050255E0,-3.697050095E0
9.551694900E1,1.764000058E0,8.533050537E0,-4.447050095E0
9.551939246E1,2.152050018E0,7.992000580E0,-5.023950100E0
9.552183586E1,2.008050203E0,7.504050255E0,-5.052000046E0
9.552427947E1,2.097000122E0,8.233950615E0,-4.674000263E0
9.552672286E1,1.918950081E0,8.020950317E0,-4.056000233E0
9.552916624E1,2.041949987E0,8.083050728E0,-3.501000166E0
9.553160970E1,1.876050115E0,8.892000198E0,-3.874050140E0
9.553405308E1,1.041000009E0,9.544050217E0,-3.739950180E0
9.553649646E1,9.430500269E-1,9.366000175E0,-3.271050215E0
9.553893985E1,1.881000042E0,8.559000015E0,-2.818950176E0
9.554138346E1,3.090000153E0,7.540050507E0,-3.511050224E0
9.554382685E1,3.682050228E0,7.245000362E0,-3.915000200E0
9.554627023E1,3.672000170E0,6.931050301E0,-3.811950207E0
9.554871369E1,2.821950197E0,6.984000206E0,-2.613000154E0
9.555115708E1,2.524950027E0,7.297950268E0,-2.068950176E0
9.555360046E1,2.869950056E0,8.028000832E0,-2.847000122E0
9.555604385E1,2.914950132E0,8.193000793E0,-4.120950222E0
9.555848746E1,2.872050047E0,8.157000542E0,-5.608050346E0
9.556093085E1,2.479950190E0,8.503950119E0,-6.582000256E0
9.556337431E1,1.773000121E0,8.995050430E0,-6.124950409E0
9.556581769E1,1.078950047E0,8.943000793E0,-5.086050034E0
9.556826108E1,9.880500436E-1,8.491950035E0,-3.295050144E0
9.557070446E1,2.014950037E0,8.193000793E0,-2.208000183E0
9.557314808E1,3.325050116E0,7.779000282E0,-2.752050161E0
9.557559146E1,3.940050125E0,7.354950428E0,-3.408000231E0
9.557803492E1,3.547950268E0,7.792950153E0,-3.709050179E0
9.558047831E1,3.931050301E0,8.140049934E0,-3.867000103E0
9.558292169E1,3.765000105E0,8.502000809E0,-3.970050097E0
9.558536531E1,2.767050028E0,8.872950554E0,-4.183050156E0
9.558780869E1,2.302050114E0,8.896950722E0,-3.616050243E0
9.559025208E1,2.488950014E0,9.256050110E0,-4.071000099E0
9.559269547E1,2.956050158E0,8.928000450E0,-4.432050228E0
9.559513893E1,2.935050249E0,8.500050545E0,-4.882050037E0
9.559758231E1,2.209050179E0,8.859000206E0,-5.098050117E0
9.560002593E1,1.620000124E0,9.103050232E0,-4.815000057E0
9.560246931E1,1.468950033E0,9.213000298E0,-4.063950062E0
9.560491269E1,1.447950125E0,9.153000832E0,-3.529950142E0
9.560735608E1,1.419000030E0,9.429000854E0,-2.935950041E0
9.560979954E1,2.223000050E0,9.217950821E0,-2.737050056E0
9.561224292E1,2.956050158E0,9.016950607E0,-3.088950157E0
9.561468654E1,3.544950247E0,8.173950195E0,-3.630000114E0
9.561712992E1,3.519000053E0,7.875000477E0,-3.771000147E0
9.561957331E1,2.784000158E0,8.145000458E0,-3.012000084E0
9.562201677E1,2.743050098E0,7.827000141E0,-2.064000130E0
9.562446016E1,3.616950274E0,7.810050488E0,-2.653050184E0
9.562690354E1,3.787050247E0,8.204999924E0,-3.987000227E0
9.562934693E1,3.282000065E0,9.037950516E0,-5.682000160E0
9.563179054E1,3.021000147E0,8.689050674E0,-6.682950497E0
9.563423393E1,2.425050020E0,8.659950256E0,-6.694950104E0
9.563667732E1,1.741950035E0,9.001950264E0,-5.670000076E0
9.563912077E1,1.024049997E0,8.719950676E0,-4.168950081E0
9.564156416E1,1.255950093E0,8.092950821E0,-2.938050032E0
9.564400755E1,2.506050110E0,7.528050423E0,-2.596050024E0
9.564645116E1,3.631050110E0,7.402950287E0,-3.205950260E0
9.564889455E1,3.502050161E0,7.405050278E0,-3.582000256E0
9.565133799E1,3.670050144E0,7.812000275E0,-3.562950134E0
9.565378138E1,4.243950367E0,7.888950348E0,-3.793050289E0
9.565622476E1,3.583050251E0,8.526000023E0,-4.188000202E0
9.565866838E1,2.757000208E0,8.614950180E0,-3.958050251E0
9.566111176E1,2.677950144E0,8.404050827E0,-3.843000174E0
9.566355515E1,3.315000057E0,8.406000137E0,-4.492050171E0
9.566599853E1,2.821950197E0,8.401050568E0,-4.887000084E0
9.566844199E1,2.377050161E0,8.413050652E0,-4.641000271E0
9.567088538E1,1.977000117E0,8.290950775E0,-3.798000097E0
9.567332899E1,1.672950029E0,8.446949959E0,-3.268950224E0
9.567577238E1,1.504950047E0,8.739000320E0,-3.292950153E0
9.567821576E1,1.498050094E0,8.971050262E0,-2.734950066E0
9.568065915E1,1.765950084E0,9.306000710E0,-2.683950186E0
9.568310261E1,2.230950117E0,9.163050652E0,-3.208950043E0
9.568554599E1,2.431950092E0,8.928000450E0,-3.943950176E0
9.568798961E1,2.487000227E0,8.164050102E0,-3.391050100E0
9.569043299E1,2.520000219E0,7.269000530E0,-2.301000118E0
9.569287638E1,3.033000231E0,7.207050323E0,-1.789050102E0
9.569531984E1,4.042950153E0,7.530000210E0,-1.765050054E0
9.569776322E1,4.690050125E0,7.779000282E0,-3.076950073E0
9.570020658E1,4.219950199E0,7.966050148E0,-4.890000343E0
9.570264996E1,3.492000103E0,8.818050385E0,-6.264000416E0
9.570509358E1,2.266950130E0,9.100950241E0,-6.810000420E0
9.570753696E1,1.339950085E0,9.067049980E0,-5.335050106E0
9.570998035E1,8.779500127E-1,8.907000542E0,-4.059000015E0
9.571242381E1,1.000050068E0,8.227050781E0,-2.517000198E0
9.571486720E1,2.508000135E0,7.456050396E0,-2.371050119E0
9.571731058E1,4.302000046E0,7.185000420E0,-2.883000135E0
9.571975419E1,5.098950386E0,7.534950256E0,-3.654000282E0
9.572219758E1,4.423950195E0,8.341950417E0,-4.237950325E0
9.572464098E1,3.913950205E0,8.527950287E0,-5.560050488E0
9.572708444E1,2.182950020E0,8.657999992E0,-5.461950302E0
9.572952783E1,1.873950124E0,8.800950050E0,-3.606000185E0
9.573197144E1,3.748950243E0,8.164050102E0,-3.147000074E0
9.573441483E1,4.050000191E0,8.224050522E0,-3.712050200E0
9.573685823E1,4.138950348E0,8.124000549E0,-4.276950359E0
9.573930161E1,4.144050121E0,8.878050804E0,-4.993050098E0
9.574174507E1,3.511950254E0,9.532050133E0,-5.395050049E0
9.574418846E1,2.944050074E0,1.002195072E1,-4.882050037E0
9.574663184E1,1.941000104E0,1.032600021E1,-4.498950005E0
9.574907546E1,5.070000291E-1,9.898050308E0,-4.080000401E0
9.575151885E1,3.300000131E-1,8.611950874E0,-2.704050064E0
9.575396223E1,9.880500436E-1,7.008000374E0,-1.578000069E0
9.575640569E1,1.476000071E0,5.860950470E0,-7.090500593E-1
9.575884908E1,2.037000179E0,5.940000057E0,-6.799500585E-1
9.576129269E1,3.490050077E0,6.808950424E0,-7.450500131E-1
9.576373608E1,5.235000134E0,7.438950539E0,-1.963950038E0
9.576617946E1,5.254950047E0,7.651950359E0,-3.745050192E0
9.576862292E1,3.094950199E0,9.177000046E0,-5.092950344E0
9.577106631E1,1.840050101E0,9.748950005E0,-5.541000366E0
9.577350970E1,1.654050112E0,9.160050392E0,-5.481000423E0
9.577595308E1,2.731050014E0,7.936950207E0,-5.941050053E0
9.577839669E1,4.270950317E0,6.376050472E0,-6.451050282E0
9.578084008E1,4.929000378E0,6.028950214E0,-6.262050152E0
9.578328346E1,5.046000004E0,5.950050354E0,-5.208000183E0
9.578572692E1,4.465050220E0,6.390000343E0,-4.293000221E0
9.578817031E1,2.554050207E0,6.642000198E0,-3.508050203E0
9.579061370E1,1.108050108E0,7.792950153E0,-1.717050076E0
9.579305731E1,2.094000101E0,8.039999962E0,-1.413000107E0
9.579550070E1,3.459000111E0,7.489050388E0,-3.016950130E0
9.579794409E1,4.417050362E0,8.152050018E0,-4.459050179E0
9.580038755E1,5.479950428E0,8.538000107E0,-5.827950478E0
9.580283094E1,5.482050419E0,9.160050392E0,-7.044000149E0
9.580527455E1,4.929000378E0,9.759000778E0,-6.841050148E0
9.580771771E1,3.973950148E0,9.790050507E0,-5.443050385E0
9.581016132E1,1.570050120E0,9.381000519E0,-4.114050388E0
9.581260471E1,-6.439500451E-1,9.417000771E0,-1.300950050E0
9.581504817E1,-7.560000420E-1,7.293000221E0,6.795000285E-2
9.581749156E1,1.170000061E-1,6.136050224E0,-9.460500479E-1
9.581993494E1,1.669950128E0,6.357000351E0,-1.650000095E0
9.582237855E1,3.373050213E0,7.954050541E0,-1.887000084E0
9.582482194E1,3.720000267E0,9.012000084E0,-2.020950079E0
9.582726532E1,4.519950390E0,9.247050285E0,-2.622000217E0
9.582970878E1,6.034950256E0,9.177000046E0,-3.403050184E0
9.583215215E1,6.483000278E0,9.675000191E0,-4.213950157E0
9.583459576E1,4.564949989E0,9.946050644E0,-5.584050179E0
9.583703915E1,3.073050261E0,8.518950462E0,-6.421950340E0
9.583948254E1,4.159950256E0,6.687000275E0,-6.658950329E0
9.584192600E1,4.855050087E0,6.457050323E0,-6.622950077E0
9.584436938E1,3.852000237E0,6.187050343E0,-5.467050076E0
9.584681277E1,2.626050234E0,5.884950161E0,-3.460050106E0
9.584925615E1,2.719050169E0,7.281000137E0,-8.719500303E-1
9.585169976E1,3.547950268E0,9.012000084E0,-8.460000157E-1
9.585414315E1,2.982000113E0,9.532050133E0,-2.400000095E0
9.585658654E1,3.009000063E0,1.051305008E1,-3.682950258E0
9.585903000E1,3.283950090E0,1.056795025E1,-6.373950481E0
9.586147338E1,4.084050179E0,1.043700027E1,-8.011950493E0
9.586391677E1,4.492950439E0,9.771000862E0,-7.969050407E0
9.586636015E1,3.162000179E0,8.004000664E0,-6.502950191E0
9.586880378E1,2.484000206E0,6.241950512E0,-3.312000275E0
9.587124717E1,1.777950048E0,5.527950287E0,-3.019500077E-1
9.587369063E1,1.942950130E0,4.812000275E0,1.792050123E0
9.587613401E1,2.118000031E0,5.041950226E0,9.439500570E-1
9.587857762E1,3.442050219E0,6.534000397E0,-8.205000311E-2
9.588102079E1,5.167950153E0,8.212050438E0,-1.368000031E0
9.588346440E1,5.844000340E0,8.467950821E0,-2.311050177E0
9.588590779E1,5.227950096E0,8.967000008E0,-4.071000099E0
9.588835125E1,3.718050241E0,1.041300011E1,-6.883950233E0
9.589079464E1,2.665950060E0,1.000800037E1,-6.846000195E0
9.589323803E1,4.180050373E0,8.011050224E0,-6.262050152E0
9.589568164E1,5.781000137E0,6.187050343E0,-6.001050472E0
9.589812503E1,5.734050274E0,5.341950417E0,-5.095950127E0
9.590056841E1,3.552000284E0,4.984950066E0,-3.024000168E0
9.590301180E1,2.347950220E0,6.235050201E0,-8.839500546E-1
9.590545526E1,3.901950121E0,7.398000240E0,-9.060000181E-1
9.590789864E1,4.210950375E0,7.714050293E0,-2.998050213E0
9.591034226E1,4.150950432E0,9.523950577E0,-4.080000401E0
9.591278564E1,3.708000183E0,1.016100025E1,-5.404050350E0
9.591522902E1,3.154950142E0,1.065405083E1,-7.080000401E0
9.591767248E1,3.756000280E0,1.101600075E1,-7.825050354E0
9.592011586E1,3.010950089E0,1.008900070E1,-7.150050163E0
9.592255925E1,1.596000075E0,8.728950500E0,-4.459050179E0
9.592500286E1,1.021950006E0,6.562950134E0,-7.140000463E-1
9.592744623E1,1.795050144E0,5.206950188E0,1.573950052E0
9.592988962E1,2.743050098E0,5.401050091E0,1.234050035E0
9.593233308E1,4.201050282E0,6.120000362E0,-3.910500109E-1
9.593477646E1,5.619000435E0,6.412050247E0,-1.825050116E0
9.593721985E1,6.246000290E0,7.000950336E0,-3.091950178E0
9.593966323E1,6.097050190E0,9.124950409E0,-4.806000233E0
9.594210684E1,4.572000027E0,1.104000092E1,-6.099000454E0
9.594455023E1,3.001950026E0,1.040295029E1,-5.815950394E0
9.594699361E1,3.832050085E0,9.127050400E0,-4.818000317E0
9.594943707E1,6.247950077E0,7.519950390E0,-5.116950035E0
9.595188047E1,5.319000244E0,5.911050320E0,-5.020950317E0
9.595432386E1,2.638050079E0,5.731950283E0,-3.499050140E0
9.595676747E1,3.064050198E0,6.079050064E0,-1.453950047E0
9.595921086E1,5.167950153E0,6.309000492E0,-2.173950195E0
9.596165432E1,5.520000458E0,7.201950550E0,-3.838950157E0
9.596409770E1,4.740000248E0,8.899050713E0,-4.435050011E0
9.596654109E1,3.748950243E0,9.727950096E0,-4.855950356E0
9.596898470E1,3.492000103E0,1.056600094E1,-5.140950203E0
9.597142809E1,3.519000053E0,1.063095093E1,-6.355050087E0
9.597387147E1,2.017950058E0,9.216000557E0,-6.211050510E0
9.597631485E1,6.910500526E-1,7.558950424E0,-2.445000172E0
9.597875831E1,8.280000687E-1,5.872950077E0,6.570000052E-1
9.598120170E1,1.951050043E0,5.184000015E0,1.047000051E0
9.598364531E1,3.370050192E0,6.022050381E0,2.929500043E-1
9.598608870E1,4.833000183E0,6.759000301E0,-4.770000279E-1
9.598853208E1,6.435000420E0,7.111050129E0,-1.786950111E0
9.599097547E1,7.267950535E0,7.587000370E0,-3.867000103E0
9.599341893E1,6.502050400E0,9.273000717E0,-6.786000252E0
9.599586232E1,4.297049999E0,9.979050636E0,-7.791000366E0
9.599830593E1,2.902950048E0,9.473999977E0,-6.147000313E0
9.600074931E1,5.496000290E0,7.888950348E0,-5.316000462E0
9.600319270E1,5.230950356E0,5.674050331E0,-5.209950447E0
9.600563616E1,2.824050188E0,5.602950096E0,-2.823000193E0
9.600807954E1,4.432950020E0,6.199050426E0,-7.570500374E-1
9.601052293E1,6.342000484E0,6.511950493E0,-1.810950041E0
9.601296631E1,6.262950420E0,7.621050358E0,-3.930000305E0
9.601540993E1,4.708950043E0,8.581050873E0,-5.098050117E0
9.601785331E1,3.475950241E0,9.916950226E0,-5.521950245E0
9.602029670E1,3.804000139E0,1.061100006E1,-6.001050472E0
9.602274016E1,3.852000237E0,1.042695045E1,-6.652050495E0
9.602518355E1,1.792950034E0,8.590950012E0,-5.260950089E0
9.602762693E1,7.459500432E-1,7.561050415E0,-6.799500585E-1
9.603007055E1,1.266000032E0,7.072950363E0,8.940000534E-1
9.603251393E1,2.282999992E0,5.880000114E0,3.195000067E-2
9.603495739E1,3.583050251E0,6.724950314E0,-3.790500164E-1
9.603740078E1,4.500000000E0,7.446000576E0,-3.979500234E-1
9.603984417E1,5.926950455E0,7.762050152E0,-2.067000151E0
9.604228778E1,5.971050262E0,8.653050423E0,-4.738950253E0
9.604473117E1,5.250000477E0,9.475950241E0,-7.339050293E0
9.604717456E1,3.406050205E0,9.733050346E0,-8.199000359E0
9.604961794E1,4.600950241E0,9.205950737E0,-6.751950264E0
9.605206140E1,6.130950451E0,6.226950169E0,-6.919950485E0
9.605450478E1,3.652950287E0,5.563950062E0,-5.509950161E0
9.605694840E1,3.222000122E0,6.034050465E0,-2.704050064E0
9.605939178E1,5.595000267E0,6.292050362E0,-2.521950006E0
9.606183516E1,6.382050514E0,6.436050415E0,-3.774000168E0
9.606427854E1,5.463000298E0,7.425000191E0,-4.243050098E0
9.606672200E1,4.258950233E0,8.491950035E0,-4.605000019E0
9.606916539E1,3.877950191E0,9.654000282E0,-5.260950089E0
9.607160899E1,3.655050278E0,9.867000580E0,-5.953050137E0
9.607405237E1,2.110949993E0,8.421000481E0,-5.962050438E0
9.607649576E1,6.030000448E-1,7.116000175E0,-3.598950148E0
9.607893922E1,6.979500055E-1,7.519950390E0,-1.024950027E0
9.608138260E1,2.440950155E0,6.888000488E0,-8.460000157E-1
9.608382598E1,3.502050161E0,6.091050148E0,-1.131000042E0
9.608626960E1,3.933000088E0,6.484050274E0,-3.360000253E-1
9.608871298E1,5.001000404E0,7.456050396E0,-1.497000098E0
9.609115637E1,5.628000259E0,8.731950760E0,-4.035000324E0
9.609359975E1,5.664000034E0,9.565050125E0,-7.116000175E0
9.609604320E1,4.954950333E0,9.546000481E0,-8.590950012E0
9.609848658E1,4.540950298E0,9.586950302E0,-7.945050240E0
9.610092997E1,4.879050255E0,7.747950554E0,-7.689000130E0
9.610337358E1,2.461050034E0,6.555000305E0,-5.112000465E0
9.610581697E1,3.808050156E0,6.541050434E0,-3.229950190E0
9.610826035E1,5.812950134E0,7.008000374E0,-3.031950235E0
9.611070381E1,5.925000191E0,7.843950272E0,-3.445950270E0
9.611314719E1,4.251000404E0,8.641050339E0,-3.442950249E0
9.611559081E1,3.378000259E0,8.694000244E0,-3.838950157E0
9.611803419E1,4.548000336E0,9.553050041E0,-5.658000469E0
9.612047759E1,4.192049980E0,9.963000298E0,-7.807950497E0
9.612292097E1,1.942950130E0,8.650050163E0,-7.602000237E0
9.612536443E1,6.049500108E-1,6.654000282E0,-3.859950066E0
9.612780782E1,4.470000267E-1,6.795000553E0,-2.449500114E-1
9.613025120E1,1.620000124E0,7.261950493E0,-2.329500169E-1
9.613269482E1,2.595000029E0,6.984000206E0,-1.200000048E-1
9.613513820E1,3.279000044E0,7.113000393E0,1.557000041E0
9.613758159E1,4.359000206E0,7.161000252E0,3.150000274E-1
9.614002505E1,5.677950382E0,8.667000771E0,-3.537000179E0
9.614246843E1,5.923050404E0,9.711000443E0,-8.967000008E0
9.614491203E1,3.373050213E0,9.129000664E0,-1.049700069E1
9.614735542E1,3.877950191E0,8.452050209E0,-9.930000305E0
9.614979880E1,3.567000151E0,6.153000355E0,-7.492050171E0
9.615224219E1,2.500950098E0,5.890050411E0,-4.107000351E0
9.615468565E1,4.777950287E0,5.290950298E0,-2.164950132E0
9.615712904E1,7.426050186E0,5.121000290E0,-3.558000088E0
9.615957265E1,7.443000317E0,6.715950489E0,-3.348000050E0
9.616201604E1,5.341050148E0,7.681050301E0,-3.283050060E0
9.616445942E1,3.718050241E0,8.557050705E0,-4.284000397E0
9.616690280E1,3.516000271E0,9.799950600E0,-6.124950409E0
9.616934626E1,2.608950138E0,9.381000519E0,-6.187050343E0
9.617178965E1,8.059500456E-1,7.336050510E0,-5.299050331E0
9.617423304E1,1.309500039E-1,6.463950157E0,-2.979000092E0
9.617667665E1,2.523000002E0,6.342000484E0,-1.546950102E0
9.617912004E1,4.407000065E0,5.725050449E0,-1.863000035E0
9.618156343E1,3.721950293E0,6.001950264E0,-1.035000086E0
9.618400688E1,3.910950184E0,7.056000233E0,2.670000196E-1
9.618645027E1,4.512000084E0,8.515950203E0,1.305000018E-2
9.618889389E1,5.653950214E0,1.021605015E1,-3.601050138E0
9.619133728E1,6.258000374E0,1.001805019E1,-7.786950588E0
9.619378067E1,5.221050262E0,9.031050682E0,-9.136950493E0
9.619622405E1,3.841950178E0,7.639950275E0,-8.650950432E0
9.619866751E1,1.728000045E0,6.450000286E0,-5.458950043E0
9.620111090E1,3.451950073E0,5.947050095E0,-3.490950108E0
9.620355429E1,5.710050106E0,6.022050381E0,-3.132000208E0
9.620599790E1,6.715050220E0,7.365000248E0,-2.383050203E0
9.620844129E1,6.054000378E0,8.128950119E0,-1.702950120E0
9.621088468E1,5.176050186E0,8.758049965E0,-2.661000013E0
9.621332814E1,4.512000084E0,1.010100079E1,-5.083950043E0
9.621577153E1,3.193050146E0,1.083195019E1,-7.143000126E0
9.621821492E1,1.531950116E0,9.313950539E0,-7.581000328E0
9.622065853E1,3.079500198E-1,7.101000309E0,-3.760050297E0
9.622310192E1,6.190500259E-1,6.454950333E0,-5.800500512E-1
9.622554530E1,3.112050056E0,6.795000553E0,-8.310000300E-1
9.622798877E1,3.576000214E0,6.393000126E0,-1.969500035E-1
9.623043216E1,3.571050167E0,6.631950378E0,1.390050054E0
9.623287554E1,4.450050354E0,6.712950230E0,9.829500318E-1
9.623531916E1,5.701950073E0,8.719950676E0,-1.356000066E0
9.623776254E1,7.138950348E0,1.052295017E1,-6.309000492E0
9.624020593E1,5.179950237E0,9.325950623E0,-9.292950630E0
9.624264938E1,4.453050137E0,8.509050369E0,-1.061400032E1
9.624509277E1,2.290950060E0,6.639000416E0,-8.814000130E0
9.624753616E1,2.551050186E0,6.136050224E0,-5.308950424E0
9.624997977E1,5.452950478E0,5.575950146E0,-3.465000153E0
9.625242316E1,6.721950531E0,5.559000492E0,-2.931000233E0
9.625486655E1,6.351000309E0,6.760950089E0,-2.349000216E0
9.625730993E1,5.212050438E0,7.714050293E0,-1.887000084E0
9.625975339E1,4.941000462E0,9.169950485E0,-3.247050047E0
9.626219678E1,4.299000263E0,9.964950562E0,-5.929050446E0
9.626464039E1,2.213999987E0,9.502950668E0,-7.624050140E0
9.626708378E1,5.879999995E-1,8.038050652E0,-5.761050224E0
9.626952717E1,4.009500146E-1,7.795950413E0,-2.056950092E0
9.627197063E1,1.861950040E0,7.585050583E0,-9.850500226E-1
9.627441401E1,3.217050076E0,6.036000252E0,-2.023950100E0
9.627685741E1,3.157050133E0,6.445050240E0,-3.859500289E-1
9.627930102E1,3.897000074E0,7.483950138E0,-1.110000089E-1
9.628174441E1,4.572000027E0,7.812000275E0,-1.068000078E0
9.628418780E1,6.387000084E0,9.481050491E0,-4.803000450E0
9.628663126E1,7.101000309E0,9.658050537E0,-7.333950520E0
9.628907464E1,5.833950043E0,8.689050674E0,-8.670000076E0
9.629151803E1,2.680950165E0,7.461000443E0,-7.867950439E0
9.629396164E1,1.705950022E0,6.790050507E0,-5.455050468E0
9.629640503E1,5.805000305E0,6.342000484E0,-4.972950459E0
9.629884841E1,6.691050529E0,6.496050358E0,-4.657050133E0
9.630129181E1,5.737950325E0,7.338000298E0,-3.907950163E0
9.630373527E1,4.084050179E0,7.828950405E0,-2.491050005E0
9.630617866E1,3.729000092E0,8.641050339E0,-2.698950052E0
9.630862227E1,4.114950180E0,9.298950195E0,-4.777050018E0
9.631106566E1,2.808000088E0,9.193950653E0,-6.511050224E0
9.631350903E1,1.030950069E0,7.567950249E0,-4.746000290E0
9.631595249E1,5.260500312E-1,6.928950310E0,-1.774950027E0
9.631839588E1,2.500950098E0,7.116000175E0,-1.099050045E0
9.632083926E1,4.896000385E0,6.297000408E0,-2.376000166E0
9.632328288E1,4.684950352E0,6.475950241E0,-1.554000020E0
9.632572626E1,4.567049980E0,7.257000446E0,-6.250500083E-1
9.632816965E1,4.261050224E0,7.513050556E0,-1.339050055E0
9.633061303E1,5.041950226E0,9.816000938E0,-4.534950256E0
9.633305649E1,5.736000061E0,9.871950150E0,-8.005050659E0
9.633549988E1,5.203950405E0,8.713050842E0,-9.822000504E0
9.633794349E1,2.950950146E0,6.715950489E0,-9.148950577E0
9.634038688E1,1.050000072E0,6.417000294E0,-5.445000172E0
9.634283027E1,4.216050148E0,5.859000206E0,-4.018050194E0
9.634527373E1,6.034950256E0,5.811000347E0,-3.549000263E0
9.634771711E1,6.078000069E0,7.111050129E0,-3.004950047E0
9.635016051E1,5.022000313E0,8.088000298E0,-7.830000520E-1
9.635260412E1,5.323950291E0,8.977950096E0,-2.419050217E0
9.635504751E1,5.302950382E0,9.490950584E0,-5.754000187E0
9.635749090E1,2.856000185E0,1.031700039E1,-7.978050232E0
9.635993436E1,5.040000081E-1,8.341950417E0,-6.901050091E0
9.636237775E1,-1.890000105E-1,6.733050346E0,-2.875950098E0
9.636482113E1,1.512000084E0,6.613050461E0,-1.228950024E0
9.636726474E1,4.287000179E0,6.013950348E0,-2.067000151E0
9.636970813E1,4.363950253E0,6.376050472E0,-4.770000279E-1
9.637215150E1,4.714050293E0,6.706050396E0,9.130500555E-1
9.637459488E1,5.725950241E0,7.831950188E0,-5.269500017E-1
9.637703834E1,6.555000305E0,1.047000027E1,-4.516050339E0
9.637948173E1,4.897950172E0,1.116195011E1,-8.682000160E0
9.638192534E1,2.926950216E0,1.025700092E1,-1.027005005E1
9.638436870E1,2.434050083E0,8.059050560E0,-1.036995029E1
9.638681209E1,2.391000032E0,6.790050507E0,-7.092000484E0
9.638925555E1,5.142000198E0,5.938050270E0,-4.485000134E0
9.639169893E1,6.799050331E0,5.650050163E0,-4.312950134E0
9.639414232E1,6.046950340E0,6.637050152E0,-2.505000114E0
9.639658570E1,4.168050289E0,7.510950565E0,-2.639999986E-1
9.639902931E1,3.448950052E0,8.536050797E0,-5.460000038E-1
9.640147270E1,4.146000385E0,9.361950874E0,-3.922050238E0
9.640391608E1,3.169050217E0,9.618000031E0,-7.312950134E0
9.640635954E1,1.114950061E0,8.386950493E0,-6.601950169E0
9.640880292E1,5.190000534E-1,7.300050259E0,-3.247050047E0
9.641124653E1,2.689950228E0,7.516050339E0,-1.521000028E0
9.641368992E1,4.918950081E0,7.197000504E0,-2.134050131E0
9.641613330E1,4.297049999E0,6.976950169E0,-1.801050067E0
9.641857676E1,3.421050072E0,7.168050289E0,-1.560000032E-1
9.642102015E1,3.496950150E0,7.969950199E0,-6.229500175E-1
9.642346353E1,4.534049988E0,1.018800068E1,-4.108950138E0
9.642590714E1,5.923050404E0,1.000995064E1,-7.677000523E0
9.642835053E1,5.434050083E0,8.413050652E0,-8.950050354E0
9.643079392E1,3.849000216E0,7.879950523E0,-9.525000572E0
9.643323730E1,2.227950096E0,6.967050552E0,-7.510950565E0
9.643568075E1,3.649950266E0,6.847950459E0,-5.749050140E0
9.643812414E1,5.329050064E0,6.915000439E0,-4.947000027E0
9.644056753E1,4.998000145E0,7.009950161E0,-4.345950127E0
9.644301114E1,3.871050119E0,6.979050159E0,-2.359050035E0
9.644545452E1,3.532950163E0,7.659000397E0,-1.621050119E0
9.644789791E1,4.219950199E0,8.397000313E0,-2.941050053E0
9.645034137E1,4.309050083E0,8.847000122E0,-4.948950291E0
9.645278475E1,2.009999990E0,8.017950058E0,-5.170050144E0
9.645522837E1,6.769500375E-1,7.189950466E0,-2.746950150E0
9.645767152E1,1.455000043E0,7.779000282E0,-1.078050017E0
9.646011514E1,3.187950134E0,7.516050339E0,-1.870050073E0
9.646255852E1,4.077000141E0,7.302000523E0,-2.962050200E0
9.646500198E1,4.393050194E0,7.650000572E0,-2.335050106E0
9.646744537E1,4.009950161E0,7.614000320E0,-2.926050186E0
9.646988874E1,4.558050156E0,8.758049965E0,-3.999000072E0
9.647233235E1,6.088050365E0,1.001805019E1,-6.457950115E0
9.647477574E1,5.788950443E0,9.019050598E0,-7.726950169E0
9.647721912E1,4.432950020E0,8.088000298E0,-7.558950424E0
9.647966258E1,3.387000084E0,6.972000122E0,-6.082050323E0
9.648210597E1,3.033000231E0,6.441000462E0,-4.581000328E0
9.648454935E1,4.306950092E0,6.808950424E0,-3.598950148E0
9.648699297E1,5.566050053E0,7.140000343E0,-3.922050238E0
9.648943635E1,4.917000294E0,8.254950523E0,-3.171000242E0
9.649187980E1,2.997000217E0,8.614950180E0,-2.275050163E0
9.649432319E1,2.688000202E0,8.989950180E0,-2.622000217E0
9.649676657E1,3.652950287E0,1.014195061E1,-4.542000294E0
9.649921019E1,3.259950161E0,9.723000526E0,-5.625000477E0
9.650165357E1,1.462050080E0,8.053950310E0,-4.404000282E0
9.650409696E1,7.129500508E-1,7.020000458E0,-1.012950063E0
9.650654034E1,1.620000124E0,6.891000271E0,1.110000089E-1
9.650898380E1,3.706050158E0,6.879000187E0,-1.971000075E0
9.651142719E1,5.106000423E0,7.939050198E0,-2.481000185E0
9.651387057E1,4.503000259E0,8.467950821E0,-3.670500219E-1
9.651631419E1,4.872000217E0,8.674050331E0,-1.732050061E0
9.651875757E1,4.534049988E0,9.898050308E0,-5.686950207E0
9.652120096E1,3.250950098E0,1.052805042E1,-7.863000393E0
9.652364442E1,2.848050117E0,9.220050812E0,-7.798950195E0
9.652608780E1,3.289050102E0,7.894050598E0,-6.478950500E0
9.652853143E1,3.732000113E0,6.864000320E0,-4.879950047E0
9.653097458E1,2.949000120E0,5.950050354E0,-3.118050098E0
9.653341820E1,3.406050205E0,6.532050133E0,-2.148000002E0
9.653586158E1,4.993950367E0,6.888000488E0,-1.990050077E0
9.653830504E1,5.784000397E0,8.052000046E0,-1.438950062E0
9.654074842E1,4.363950253E0,8.667000771E0,-2.067000151E0
9.654319180E1,2.422049999E0,8.467950821E0,-3.288000107E0
9.654563541E1,2.101050138E0,9.064949989E0,-4.686000347E0
9.654807880E1,3.112050056E0,9.244050026E0,-5.518950462E0
9.655052218E1,4.507950306E0,7.827000141E0,-5.794950485E0
9.655296564E1,2.595000029E0,7.609050274E0,-4.096950054E0
9.655540903E1,1.849950075E0,7.711950302E0,-1.717050076E0
9.655785241E1,3.294000149E0,7.065000534E0,-6.130500436E-1
9.656029602E1,5.133000374E0,6.940950394E0,-2.083950043E0
9.656273941E1,5.821950436E0,7.353000164E0,-3.478950262E0
9.656518287E1,5.010000229E0,8.293950081E0,-4.794000149E0
9.656762618E1,3.133050203E0,8.404050827E0,-6.565950394E0
9.657006964E1,2.235000134E0,8.185950279E0,-7.032000542E0
9.657251326E1,2.698050022E0,8.302950859E0,-6.003000259E0
9.657495664E1,3.895050287E0,7.942050457E0,-3.867000103E0
9.657740004E1,3.676950216E0,7.204050541E0,-2.400000095E0
9.657984342E1,4.096050262E0,6.979050159E0,-1.732050061E0
9.658228688E1,4.438050270E0,6.433050156E0,-1.813050032E0
9.658473027E1,2.755050182E0,7.171050549E0,-1.159050107E0
9.658717365E1,2.583000183E0,8.035050392E0,-8.479500413E-1
9.658961726E1,4.113000393E0,8.350950241E0,-1.834950089E0
9.659206065E1,4.692000389E0,8.710050583E0,-3.963000298E0
9.659450404E1,3.646050215E0,8.902050018E0,-4.894050121E0
9.659694742E1,2.733000040E0,9.328050613E0,-4.959000111E0
9.659939088E1,2.749950171E0,8.884950638E0,-4.653000355E0
9.660183427E1,4.057950020E0,9.103050232E0,-4.168950081E0
9.660427766E1,4.159950256E0,8.815950394E0,-4.255050182E0
9.660672127E1,2.404950142E0,8.257950783E0,-3.532050133E0
9.660916466E1,1.467000127E0,7.531950474E0,-2.236950159E0
9.661160810E1,2.173050165E0,6.984000206E0,-1.273950100E0
9.661405149E1,3.162000179E0,7.602000237E0,-2.626950026E0
9.661649487E1,4.443000317E0,7.848000526E0,-3.232950211E0
9.661893848E1,5.776950359E0,8.248050690E0,-3.403050184E0
9.662138187E1,5.202000141E0,7.815000534E0,-4.152000427E0
9.662382528E1,3.519000053E0,8.008950233E0,-4.135050297E0
9.662626874E1,2.382000208E0,8.072999954E0,-4.080000401E0
9.662871212E1,2.800950050E0,7.657050133E0,-3.642000198E0
9.663115551E1,4.381050110E0,6.955050468E0,-3.448050261E0
9.663359912E1,5.197050095E0,6.105000496E0,-3.229950190E0
9.663604251E1,5.317050457E0,6.328050137E0,-2.500050068E0
9.663848597E1,4.122000217E0,6.453000069E0,-2.263050079E0
9.664092928E1,2.623050213E0,7.674000263E0,-1.303050041E0
9.664337274E1,2.856000185E0,8.452050209E0,-1.300950050E0
9.664581612E1,3.487950087E0,8.466000557E0,-2.854050159E0
9.664825974E1,3.733950138E0,8.788949966E0,-4.789050102E0
9.665070313E1,3.639000177E0,8.701050758E0,-5.581950188E0
9.665314651E1,3.424950123E0,8.739000320E0,-5.289000034E0
9.665558997E1,3.178950071E0,8.500050545E0,-4.593000412E0
9.665803336E1,3.811050177E0,8.713050842E0,-3.369000196E0
9.666047674E1,4.218000412E0,8.725049973E0,-3.124950171E0
9.666292036E1,3.916050196E0,8.181000710E0,-3.031950235E0
9.666536374E1,3.049950123E0,7.434000492E0,-2.476050138E0
9.666780713E1,2.233050108E0,6.819000244E0,-2.227050066E0
9.667025051E1,2.056050062E0,7.147050381E0,-2.485950232E0
9.667269397E1,2.875050068E0,7.522950172E0,-2.553000212E0
9.667513736E1,4.137000084E0,7.402950287E0,-2.545950174E0
9.667758074E1,4.896000385E0,7.789050579E0,-1.924950123E0
9.668002436E1,4.801950455E0,7.750050545E0,-1.411050081E0
9.668246774E1,4.258950233E0,8.346000671E0,-2.500050068E0
9.668491112E1,2.911050081E0,8.992950439E0,-3.949050188E0
9.668735458E1,2.281050205E0,8.478000641E0,-4.297950268E0
9.668979797E1,2.641950130E0,7.815000534E0,-4.525950432E0
9.669224158E1,3.571050167E0,7.039050102E0,-4.183050156E0
9.669468497E1,4.357050419E0,7.024950504E0,-3.364050150E0
9.669712835E1,4.347000122E0,6.826050282E0,-2.851950169E0
9.669957181E1,2.809950113E0,7.222950459E0,-2.160000086E0
9.670201520E1,2.475000143E0,7.458000183E0,-2.086050034E0
9.670445858E1,3.976050138E0,7.401000500E0,-2.845050097E0
9.670690197E1,4.984050274E0,7.731000423E0,-4.564050198E0
9.670934559E1,4.747050285E0,7.887000561E0,-5.574000359E0
9.671178905E1,4.579050064E0,8.017950058E0,-5.421000481E0
9.671423236E1,3.400950193E0,8.125950813E0,-4.770000458E0
9.671667582E1,2.875050068E0,8.595000267E0,-3.814950228E0
9.671911920E1,3.406050205E0,8.689050674E0,-3.199050188E0
9.672156282E1,3.370050192E0,8.160000801E0,-2.707950115E0
9.672400620E1,2.965950251E0,7.738050461E0,-1.945050120E0
9.672644959E1,2.130000114E0,7.662000179E0,-9.060000181E-1
9.672889305E1,1.717950106E0,7.867950439E0,-1.111050010E0
9.673133643E1,1.977000117E0,7.800000191E0,-2.443050146E0
9.673377982E1,3.631050110E0,8.121000290E0,-3.391050100E0
9.673622343E1,5.212050438E0,8.943000793E0,-4.152000427E0
9.673866682E1,5.362050056E0,9.606000900E0,-3.403050184E0
9.674111020E1,4.516950130E0,9.418950081E0,-4.264950275E0
9.674355357E1,2.797950029E0,9.751950264E0,-6.019950390E0
9.674599703E1,2.319000006E0,8.971050262E0,-5.740050316E0
9.674844042E1,3.073050261E0,8.171999931E0,-5.079000473E0
9.675088380E1,3.367950201E0,7.365000248E0,-4.243050098E0
9.675332742E1,3.835050106E0,6.727950096E0,-2.742000103E0
9.675577082E1,4.017000198E0,7.374000549E0,-1.849050045E0
9.675821420E1,3.136050224E0,7.318950176E0,-1.389000058E0
9.676065766E1,2.353049994E0,7.374000549E0,-9.340500236E-1
9.676310105E1,2.896050215E0,8.281949997E0,-1.336050034E0
9.676554466E1,3.298950195E0,9.019050598E0,-2.277000189E0
9.676798781E1,3.672000170E0,9.153000832E0,-3.112950087E0
9.677043143E1,3.904050112E0,9.216000557E0,-4.273950100E0
9.677287489E1,3.448950052E0,8.935050011E0,-5.718000412E0
9.677531828E1,2.733000040E0,9.007050514E0,-5.716050148E0
9.677776166E1,2.832000017E0,9.376049995E0,-4.345950127E0
9.678020506E1,3.247950077E0,8.962050438E0,-2.968950033E0
9.678264867E1,3.586050272E0,8.562000275E0,-2.110050201E0
9.678509206E1,3.840000153E0,8.221950531E0,-2.100000143E0
9.678753545E1,3.250950098E0,7.635000229E0,-2.598000050E0
9.678997891E1,2.038950205E0,7.494000435E0,-2.560050011E0
9.679242229E1,2.014950037E0,7.365000248E0,-2.203050137E0
9.679486567E1,3.150000095E0,7.128000259E0,-2.476050138E0
9.679730929E1,4.620000362E0,7.591950417E0,-2.299050093E0
9.679975267E1,5.539950371E0,8.611950874E0,-1.674000025E0
9.680219613E1,5.104050159E0,8.322000504E0,-1.803000093E0
9.680463952E1,3.925950289E0,9.313950539E0,-2.674950123E0
9.680708290E1,2.712000132E0,1.002705002E1,-4.092000008E0
9.680952652E1,1.783050060E0,9.559950829E0,-4.333950043E0
9.681196990E1,1.960050106E0,9.484050751E0,-3.697050095E0
9.681441329E1,3.808050156E0,8.629050255E0,-3.718950272E0
9.681685666E1,4.575000286E0,8.277000427E0,-3.321000099E0
9.681930012E1,4.527000427E0,8.539950371E0,-3.180000067E0
9.682174350E1,2.467950106E0,8.904000282E0,-3.238050222E0
9.682418689E1,1.729950070E0,8.890050888E0,-3.313950062E0
9.682663050E1,2.704950094E0,8.737050056E0,-3.441000223E0
9.682907389E1,4.275000095E0,8.734050751E0,-3.715950251E0
9.683151728E1,5.290950298E0,8.253000259E0,-4.132950306E0
9.683396066E1,4.927050114E0,8.629050255E0,-4.711950302E0
9.683640412E1,4.024050236E0,9.145950317E0,-4.762950420E0
9.683884774E1,3.042000055E0,9.400050163E0,-3.604050159E0
9.684129089E1,3.042000055E0,9.766050339E0,-3.022050142E0
9.684373450E1,3.652950287E0,9.553050041E0,-2.968950033E0
9.684617789E1,3.805950165E0,9.208050728E0,-2.967000246E0
9.684862135E1,3.097050190E0,8.650050163E0,-3.046050072E0
9.685106474E1,2.239950180E0,8.224050522E0,-2.557950020E0
9.685350812E1,1.624950051E0,8.305950165E0,-1.854000092E0
9.685595174E1,1.570050120E0,8.277000427E0,-1.675950050E0
9.685839512E1,2.404950142E0,8.533050537E0,-1.947000146E0
9.686083851E1,3.823050261E0,8.940000534E0,-2.473950148E0
9.686328198E1,4.990950108E0,8.974050522E0,-3.205950260E0
9.686572537E1,4.227000237E0,8.995050430E0,-4.188000202E0
9.686816875E1,3.030000210E0,9.244050026E0,-5.533950329E0
9.687061237E1,2.341050148E0,9.192000389E0,-5.785050392E0
9.687305575E1,2.094000101E0,8.491950035E0,-4.642950058E0
9.687549923E1,3.058950186E0,7.567950249E0,-3.625050068E0
9.687794262E1,4.267950058E0,7.125000477E0,-2.919000149E0
9.688038600E1,4.444950104E0,7.549050331E0,-2.019000053E0
9.688282939E1,4.548000336E0,7.531950474E0,-2.320950031E0
9.688527300E1,3.394050121E0,7.855950356E0,-3.949050188E0
9.688771639E1,1.776000142E0,7.843950272E0,-4.249950409E0
9.689015977E1,1.606050134E0,7.732950211E0,-3.919950247E0
9.689260323E1,2.880000114E0,7.516050339E0,-4.581000328E0
9.689504662E1,3.624000072E0,6.970050335E0,-5.068950176E0
9.689749000E1,3.888000250E0,7.357950211E0,-4.939950466E0
9.689993363E1,4.429050446E0,7.566000462E0,-4.960950375E0
9.690237701E1,4.183950424E0,7.686000347E0,-4.894050121E0
9.690482040E1,3.697950125E0,8.329950333E0,-4.606950283E0
9.690726378E1,3.460950136E0,8.143050194E0,-4.063950062E0
9.690970724E1,2.745000124E0,7.987050533E0,-3.465000153E0
9.691215061E1,1.713000059E0,6.862050533E0,-2.359050035E0
9.691459400E1,1.768950105E0,5.716950417E0,-1.180950046E0
9.691703761E1,2.149049997E0,4.759950161E0,-1.995000057E-2
9.691948100E1,2.077050209E0,4.996950150E0,-1.729500145E-1
9.692192446E1,2.803050041E0,6.205950260E0,-7.590000629E-1
9.692436785E1,4.342050076E0,7.804950237E0,-1.389000058E0
9.692681123E1,4.777950287E0,8.940000534E0,-1.420050025E0
9.692925485E1,4.587000370E0,9.238950729E0,-1.336050034E0
9.693169823E1,3.853950262E0,9.574950218E0,-2.965050220E0
9.693414162E1,2.788950205E0,9.900000572E0,-4.957050323E0
9.693658510E1,2.641950130E0,9.754050255E0,-5.533950329E0
9.693902848E1,3.775050163E0,9.124950409E0,-5.737050056E0
9.694147187E1,5.500950336E0,8.854050636E0,-5.167050362E0
9.694391548E1,7.122000217E0,9.181950569E0,-5.131050110E0
9.694635887E1,4.017000198E0,9.157950401E0,-4.993050098E0
9.694880232E1,8.320500255E-1,9.213000298E0,-2.275050163E0
9.695124563E1,1.888050079E0,9.934050560E0,-1.224000096E0
9.695368909E1,3.684000254E0,1.011300087E1,-4.006050110E0
9.695613248E1,4.783050060E0,9.181950569E0,-5.232000351E0
9.695857609E1,5.994000435E0,9.547950745E0,-5.560050488E0
9.696101948E1,6.174000263E0,9.274950027E0,-5.665050507E0
9.696346286E1,5.881950378E0,1.137795067E1,-5.200950146E0
9.696590632E1,5.341050148E0,1.171005058E1,-4.899000168E0
9.696834971E1,3.028050184E0,1.048905087E1,-4.114050388E0
9.697079309E1,1.146000028E0,9.184050560E0,-5.989500284E-1
9.697323669E1,7.510500550E-1,8.503950119E0,1.059000015E0
9.697568008E1,8.370000124E-1,7.744950294E0,-1.080000028E-1
9.697812346E1,2.154000044E0,6.277950287E0,-1.687950134E0
9.698056685E1,3.090000153E0,7.471950531E0,-9.820500612E-1
9.698301031E1,4.429050446E0,8.916000366E0,-1.099050045E0
9.698545371E1,5.062950134E0,8.727000237E0,-1.834950089E0
9.698789710E1,5.524950027E0,8.635950089E0,-4.030050278E0
9.699034071E1,4.361999989E0,1.009905052E1,-6.052950382E0
9.699278410E1,3.100050211E0,9.793050766E0,-5.625000477E0
9.699522756E1,4.644000053E0,7.996950150E0,-6.646950245E0
9.699767095E1,6.222000122E0,6.034050465E0,-7.909050465E0
9.700011433E1,4.120050430E0,5.176050186E0,-6.709050179E0
9.700255794E1,1.894950032E0,4.975050449E0,-3.040950060E0
9.700500133E1,3.679050207E0,5.868000507E0,-7.399500608E-1
9.700744471E1,5.532000065E0,6.610950470E0,-2.281949997E0
9.700988811E1,5.197050095E0,6.831000328E0,-3.616050243E0
9.701233157E1,4.297049999E0,8.341950417E0,-3.985050201E0
9.701477496E1,4.287000179E0,8.822999954E0,-5.413950443E0
9.701721834E1,4.884000301E0,9.634950638E0,-7.300950527E0
9.701966196E1,3.820050240E0,9.598950386E0,-8.457000732E0
9.702210534E1,1.429050088E0,7.690050602E0,-7.252950191E0
9.702454872E1,1.050000042E-1,6.268050194E0,-2.445000172E0
9.702699218E1,1.819050074E0,5.782050133E0,2.689500153E-1
9.702943557E1,3.648000240E0,4.944000244E0,-3.360000253E-1
9.703187918E1,4.450050354E0,6.120000362E0,1.830000132E-1
9.703432234E1,4.639050007E0,6.639000416E0,5.179499984E-1
9.703676595E1,5.346000195E0,7.018050194E0,-7.860000134E-1
9.703920942E1,6.061950207E0,7.554000378E0,-3.496050119E0
9.704165280E1,6.367950439E0,8.173950195E0,-6.094050407E0
9.704409618E1,5.259000301E0,8.473050117E0,-7.021050453E0
9.704653956E1,5.566050053E0,8.571000099E0,-7.000950336E0
9.704898318E1,5.391000271E0,6.703950405E0,-7.188000202E0
9.705142656E1,2.287950039E0,6.666000366E0,-4.990050316E0
9.705386995E1,2.391000032E0,7.153950214E0,-1.320000052E0
9.705631339E1,5.527950287E0,6.888000488E0,-9.529500604E-1
9.705875678E1,6.496950150E0,7.072950363E0,-3.907950163E0
9.706120016E1,4.736999989E0,7.939050198E0,-4.396049976E0
9.706364378E1,4.177050114E0,9.417000771E0,-5.572050095E0
9.706608716E1,5.185050011E0,9.778050423E0,-8.428050041E0
9.706853061E1,4.584000111E0,9.547950745E0,-9.709050179E0
9.707097399E1,2.046000004E0,8.208000183E0,-8.032950401E0
9.707341738E1,7.369500399E-1,7.674000263E0,-2.167050123E0
9.707586099E1,1.378050089E0,8.089950562E0,1.473000050E0
9.707830438E1,1.819050074E0,7.927050591E0,-2.160000056E-1
9.708074776E1,2.845950127E0,6.445050240E0,-9.799500704E-1
9.708319115E1,2.700000048E0,6.286950111E0,2.164950132E0
9.708563461E1,3.411000252E0,7.723950386E0,2.035950184E0
9.708807799E1,6.748950481E0,9.205950737E0,-2.905050039E0
9.709052138E1,7.054950237E0,8.329950333E0,-8.529000282E0
9.709296498E1,4.548000336E0,8.964000702E0,-1.022895050E1
9.709540836E1,3.888000250E0,9.748950005E0,-1.078695011E1
9.709785175E1,3.283950090E0,7.018050194E0,-9.523050308E0
9.710029521E1,2.038950205E0,6.474000454E0,-5.625000477E0
9.710273859E1,3.631050110E0,5.998050213E0,-2.938050032E0
9.710518221E1,5.893950462E0,5.623950481E0,-3.112950087E0
9.710762536E1,6.366000175E0,5.964000225E0,-3.063000202E0
9.711006898E1,6.511950493E0,6.985950470E0,-2.713050127E0
9.711251236E1,6.078000069E0,9.040950775E0,-4.332000256E0
9.711495582E1,5.065050125E0,9.559950829E0,-7.521000385E0
9.711739920E1,2.845950127E0,9.168000221E0,-9.028950691E0
9.711984259E1,6.720000505E-1,7.348050117E0,-7.375050545E0
9.712228620E1,1.399500072E-1,6.820950508E0,-2.811000109E0
9.712472959E1,1.759050131E0,7.048950195E0,-1.489950061E0
9.712717297E1,3.499950171E0,5.107050419E0,-1.444050074E0
9.712961643E1,3.784950256E0,5.026050091E0,1.729500145E-1
9.713205981E1,3.354000092E0,5.571000099E0,1.203000069E0
9.713450320E1,4.495950222E0,8.035050392E0,1.879500151E-1
9.713694681E1,6.030000210E0,1.024005032E1,-5.584050179E0
9.713939020E1,4.477050304E0,1.034100056E1,-8.584050179E0
9.714183367E1,4.444950104E0,1.030500031E1,-1.162995052E1
9.714427706E1,1.893000126E0,7.594950199E0,-1.142595100E1
9.714672044E1,-6.705000252E-2,5.551950455E0,-7.401000500E0
9.714916405E1,4.021950245E0,4.243050098E0,-5.167050362E0
9.715160744E1,6.805950165E0,3.757050276E0,-5.433000088E0
9.715405083E1,6.564000130E0,4.651950359E0,-3.424050093E0
9.715649421E1,6.910950184E0,6.366000175E0,-5.509500504E-1
9.715893767E1,7.908000469E0,9.481050491E0,-1.377000093E0
9.716138106E1,5.920050144E0,9.934050560E0,-4.746000290E0
9.716382444E1,2.194950104E0,9.795000076E0,-7.717050552E0
9.716626806E1,3.079500198E-1,8.794050217E0,-7.566000462E0
9.716871144E1,-1.429500133E-1,7.803000450E0,-5.500050068E0
9.717115483E1,1.077000022E0,6.541050434E0,-5.215050220E0
9.717359829E1,4.201050282E0,4.477050304E0,-3.609000206E0
9.717604167E1,4.066950321E0,4.899000168E0,-1.795950055E0
9.717848506E1,2.178000212E0,5.047050476E0,8.389500380E-1
9.718092844E1,2.607000113E0,7.543950558E0,1.677000046E0
9.718337205E1,5.668950081E0,1.055400085E1,-2.959950209E0
9.718581544E1,6.202950478E0,1.099395084E1,-5.754000187E0
9.718825893E1,4.672950268E0,9.237000465E0,-9.307050705E0
9.719070232E1,1.182000041E0,7.374000549E0,-9.490950584E0
9.719314570E1,2.041949987E0,6.739950180E0,-8.527050018E0
9.719558931E1,7.170000553E0,6.268050194E0,-8.602950096E0
9.719803270E1,5.652000427E0,6.328050137E0,-6.283050060E0
9.720047607E1,3.154950142E0,7.033950329E0,-1.413000107E0
9.720291953E1,4.675050259E0,7.635000229E0,4.990500212E-1
9.720536292E1,7.225050449E0,9.201000214E0,-2.989050150E0
9.720780630E1,4.444950104E0,8.671950340E0,-6.706950188E0
9.721024991E1,7.320000529E-1,8.164050102E0,-5.989050388E0
9.721269330E1,3.250500262E-1,8.077950478E0,-3.976950169E0
9.721513676E1,2.602050066E0,8.690999985E0,-3.657000065E0
9.721758007E1,4.654050350E0,6.711000443E0,-5.740050316E0
9.722002353E1,3.559050083E0,7.446000576E0,-4.186050415E0
9.722246692E1,1.831050038E0,6.796950340E0,-1.557000041E0
9.722491053E1,2.002950191E0,7.089000225E0,1.255950093E0
9.722735392E1,5.037000179E0,8.839950562E0,-2.244000196E0
9.722979730E1,5.757000446E0,9.301950455E0,-5.680050373E0
9.723224076E1,5.475000381E0,8.764950752E0,-8.827950478E0
9.723468415E1,2.221050024E0,7.396050453E0,-9.568050385E0
9.723712753E1,1.713000059E0,7.264050484E0,-9.208950043E0
9.723957114E1,6.567000389E0,6.577050209E0,-8.838000298E0
9.724201453E1,5.997000217E0,6.385050297E0,-8.443050385E0
9.724445792E1,3.921000242E0,6.345000267E0,-5.536050320E0
9.724690130E1,5.182950020E0,6.352050304E0,-2.127000093E0
9.724934475E1,7.386000156E0,7.687950134E0,-2.911950111E0
9.725178814E1,6.033000469E0,7.068000317E0,-6.517950535E0
9.725423153E1,1.587000132E0,7.210950375E0,-7.051950455E0
9.725667514E1,5.279999971E-1,6.807000160E0,-3.337950230E0
9.725911853E1,3.112050056E0,7.687950134E0,-1.546950102E0
9.726156193E1,4.669950008E0,6.654000282E0,-2.794950247E0
9.726400539E1,3.445050240E0,6.783000469E0,-2.668050051E0
9.726644878E1,1.488000035E0,6.970050335E0,-1.648050070E0
9.726889239E1,1.089000106E0,7.659000397E0,-3.360000253E-1
9.727133578E1,3.622050285E0,8.950050354E0,-2.809050083E0
9.727377916E1,5.716950417E0,1.008495045E1,-6.304950237E0
9.727622262E1,6.018000126E0,8.884950638E0,-7.042050362E0
9.727866601E1,2.355000019E0,6.663000107E0,-6.292950153E0
9.728110939E1,2.245050192E0,6.286950111E0,-4.384050369E0
9.728355280E1,7.833000183E0,6.237000465E0,-6.676050186E0
9.728599641E1,7.551000595E0,6.012000084E0,-9.079950333E0
9.728843980E1,4.735050201E0,7.789050579E0,-7.009050369E0
9.729088318E1,5.769000053E0,7.756950378E0,-4.138050079E0
9.729332664E1,7.800000191E0,8.109000206E0,-5.040000439E0
9.729577005E1,4.984050274E0,8.964000702E0,-7.260000229E0
9.729821366E1,1.684950113E0,8.215050697E0,-5.895000458E0
9.730065705E1,5.449500084E-1,7.567950249E0,-2.686950207E0
9.730310043E1,2.014950037E0,8.370000839E0,-1.272000074E0
9.730554389E1,3.709950209E0,7.510950565E0,-2.230050087E0
9.730798729E1,2.578050137E0,6.318000317E0,-2.574000120E0
9.731043068E1,1.290000081E0,6.579000473E0,-3.070500195E-1
9.731287429E1,1.516950130E0,6.742050171E0,1.108950019E0
9.731531768E1,4.335000038E0,8.590950012E0,-1.071000099E0
9.731776106E1,7.030950546E0,1.003395081E1,-5.328000069E0
9.732020445E1,7.467000484E0,8.422950745E0,-8.134050369E0
9.732264791E1,3.069000244E0,6.742050171E0,-8.754000664E0
9.732509130E1,2.880000114E0,6.952950478E0,-8.548050880E0
9.732753468E1,8.319000244E0,6.244050503E0,-9.216000557E0
9.732997830E1,6.112050056E0,5.677050114E0,-9.166050911E0
9.733242169E1,2.992050171E0,6.828000546E0,-5.566950321E0
9.733486507E1,5.025000095E0,6.910050392E0,-1.585050106E0
9.733730853E1,8.451000214E0,6.844950199E0,-3.156000137E0
9.733975192E1,6.484950542E0,6.754050255E0,-6.703950405E0
9.734219553E1,2.173050165E0,7.429050446E0,-6.159000397E0
9.734463893E1,1.290000081E0,7.401000500E0,-3.016950130E0
9.734708231E1,3.919050217E0,8.449049950E0,-2.782950163E0
9.734952570E1,4.596000195E0,6.840000153E0,-3.831000090E0
9.735196916E1,2.427000046E0,7.164000511E0,-2.968950033E0
9.735441254E1,1.330050111E0,7.233000278E0,-5.539500117E-1
9.735685593E1,1.159950018E0,6.991050243E0,8.029500246E-1
9.735929955E1,3.427950144E0,8.908950806E0,-1.023000002E0
9.736174293E1,5.383950233E0,8.904000282E0,-4.636050224E0
9.736418632E1,5.431950092E0,7.300050259E0,-5.718000412E0
9.736662978E1,2.688000202E0,5.896950245E0,-4.981050014E0
9.736907315E1,4.990950108E0,6.751950264E0,-5.538000107E0
9.737151676E1,8.647050858E0,6.951000214E0,-8.371050835E0
9.737396015E1,5.508000374E0,6.778050423E0,-1.003695011E1
9.737640354E1,3.540000200E0,8.646000862E0,-7.159050465E0
9.737884699E1,5.767050266E0,7.438950539E0,-4.333950043E0
9.738129036E1,7.314000130E0,7.156050205E0,-5.725050449E0
9.738373374E1,5.190000057E0,6.454950333E0,-6.736050129E0
9.738617713E1,2.896050215E0,6.651000500E0,-4.714950085E0
9.738862074E1,3.193050146E0,6.679950237E0,-2.140950203E0
9.739106413E1,6.088050365E0,6.622950077E0,-2.641050100E0
9.739350751E1,5.893950462E0,6.673050404E0,-4.317000389E0
9.739595097E1,2.286000013E0,7.365000248E0,-3.496050119E0
9.739839436E1,8.539500237E-1,6.381000519E0,-5.389500260E-1
9.740083774E1,1.792950034E0,7.699950218E0,1.920000017E-1
9.740328136E1,4.048050404E0,8.907000542E0,-1.600050092E0
9.740572474E1,6.081000328E0,8.203050613E0,-3.391050100E0
9.740816813E1,5.665950298E0,6.127050400E0,-6.652050495E0
9.741061159E1,2.953950167E0,5.667000294E0,-5.938050270E0
9.741305497E1,5.704950333E0,6.948000431E0,-6.466950417E0
9.741549859E1,7.659000397E0,7.105950356E0,-8.002050400E0
9.741794176E1,3.928050280E0,7.366950512E0,-8.104949951E0
9.742038537E1,3.088050127E0,7.611000538E0,-4.638000011E0
9.742282876E1,7.584000587E0,7.245000362E0,-2.632050037E0
9.742527222E1,8.725950241E0,6.607950211E0,-5.230050087E0
9.742771560E1,3.967050076E0,6.424050331E0,-5.494950294E0
9.743015902E1,1.357050061E0,6.499950409E0,-3.525000095E0
9.743260263E1,2.689950228E0,7.237950325E0,-1.911000133E0
9.743504602E1,5.416950226E0,7.093950272E0,-3.403050184E0
9.743748941E1,3.981000185E0,6.217950344E0,-3.484050274E0
9.743993286E1,1.438050032E0,7.291050434E0,-2.356050014E0
9.744237627E1,9.640500546E-1,7.177950382E0,-2.260500044E-1
9.744481966E1,1.747050047E0,8.377950668E0,-4.939500093E-1
9.744726327E1,4.009950161E0,8.896950722E0,-2.722950220E0
9.744970666E1,5.781000137E0,8.968950272E0,-3.781050205E0
9.745215010E1,3.148050070E0,6.733050346E0,-4.606950283E0
9.745459348E1,1.728000045E0,6.369000435E0,-3.951000214E0
9.745703687E1,6.220050335E0,8.104949951E0,-6.681000233E0
9.745948025E1,7.006950378E0,7.420050144E0,-9.970050812E0
9.746192386E1,3.106950045E0,7.993950367E0,-9.088950157E0
9.746436727E1,4.548000336E0,8.317950249E0,-5.845050335E0
9.746681066E1,7.884000301E0,7.738050461E0,-5.910000324E0
9.746925412E1,6.985950470E0,7.591950417E0,-7.738950253E0
9.747169750E1,3.409050226E0,6.223050117E0,-6.879000187E0
9.747414087E1,2.443950176E0,6.016950130E0,-4.123050213E0
9.747658425E1,4.687050343E0,6.747000217E0,-2.775000095E0
9.747902786E1,5.688000202E0,6.168000221E0,-3.343050241E0
9.748147125E1,3.661950111E0,5.334000111E0,-3.003000259E0
9.748391464E1,8.800500631E-1,5.173950195E0,-7.669500113E-1
9.748635808E1,1.275000095E0,5.938050270E0,4.939500093E-1
9.748880146E1,3.964050293E0,8.322000504E0,-4.939500093E-1
9.749124485E1,5.950950146E0,8.722050667E0,-2.541000128E0
9.749368846E1,6.988050461E0,6.976950169E0,-4.645050049E0
9.749613185E1,4.819050312E0,6.024000168E0,-6.906000137E0
9.749857529E1,4.812000275E0,7.710000515E0,-8.542950630E0
9.750101868E1,7.615050316E0,8.145000458E0,-1.034100056E1
9.750346207E1,4.837950230E0,8.047050476E0,-1.073895073E1
9.750590568E1,2.215950012E0,7.999050617E0,-7.140000343E0
9.750834906E1,6.667050362E0,7.065000534E0,-3.466950178E0
9.751079244E1,9.535950661E0,7.000950336E0,-4.969050407E0
9.751323582E1,6.331950188E0,6.057000160E0,-6.130050182E0
9.751567928E1,1.378050089E0,6.426000118E0,-4.143000126E0
9.751812267E1,1.753950119E0,6.298950195E0,-1.357950091E0
9.752056628E1,5.025000095E0,7.129950523E0,-2.505000114E0
9.752300965E1,5.377050400E0,6.393000126E0,-4.176000118E0
9.752545304E1,2.082000017E0,7.048950195E0,-2.614950180E0
9.752789642E1,1.222950101E0,7.555950165E0,-6.130500436E-1
9.753033988E1,2.017950058E0,9.253950119E0,1.305000018E-2
9.753278327E1,3.646050215E0,1.039605045E1,-1.675950050E0
9.753522687E1,5.394000053E0,9.622950554E0,-2.526000023E0
9.753767026E1,5.212050438E0,8.397000313E0,-4.636050224E0
9.754011364E1,3.133050203E0,7.120950222E0,-6.147000313E0
9.754255710E1,4.909950256E0,7.486950397E0,-6.748050213E0
9.754500049E1,7.429050446E0,8.143050194E0,-1.064100075E1
9.754744390E1,3.151950121E0,8.224050522E0,-1.140405083E1
9.754988729E1,1.170000076E0,8.779950142E0,-6.046050072E0
9.755233090E1,5.917950153E0,7.899000168E0,-2.899950027E0
9.755477429E1,7.785000324E0,7.336050510E0,-3.930000305E0
9.755721767E1,4.504950047E0,6.591000080E0,-5.311050415E0
9.755966114E1,2.329050064E0,5.919000149E0,-3.493950129E0
9.756210452E1,3.492000103E0,6.220050335E0,-1.123050094E0
9.756454791E1,5.710050106E0,6.912000179E0,-2.254050016E0
9.756699129E1,5.070000172E0,5.653050423E0,-3.988950253E0
9.756943491E1,2.998950243E0,6.213000298E0,-1.947000146E0
9.757187836E1,1.278000116E0,7.195050240E0,1.335000038E0
9.757432175E1,1.929000139E0,8.671950340E0,4.249500334E-1
9.757676513E1,4.093050003E0,9.655950546E0,-1.570950031E0
9.757920852E1,5.532000065E0,9.001950264E0,-3.301950216E0
9.758165213E1,3.727050066E0,6.907050133E0,-5.629050255E0
9.758409552E1,2.298000097E0,5.794050217E0,-5.167050362E0
9.758653891E1,6.046950340E0,8.287050247E0,-6.772050381E0
9.758898237E1,7.357050419E0,7.906050205E0,-9.922050476E0
9.759142575E1,2.142000198E0,8.197950363E0,-8.967000008E0
9.759386937E1,4.114950180E0,9.304050446E0,-4.759950161E0
9.759631278E1,9.030000687E0,7.449000359E0,-4.602000237E0
9.759875617E1,7.038000107E0,7.105950356E0,-6.726000309E0
9.760119955E1,3.547950268E0,7.099050522E0,-5.790000439E0
9.760364301E1,2.695050240E0,6.354000092E0,-3.156000137E0
9.760608640E1,4.897950172E0,6.625050545E0,-2.056950092E0
9.760853002E1,6.547950268E0,6.040950298E0,-4.096950054E0
9.761097340E1,4.467000008E0,5.791950226E0,-4.827000141E0
9.761341679E1,1.696950078E0,7.369950294E0,-1.815000057E0
9.761586017E1,1.333050013E0,7.537050247E0,7.579500079E-1
9.761830363E1,3.217050076E0,9.649050713E0,-1.900500059E-1
9.762074699E1,4.788000107E0,1.001505089E1,-2.308950186E0
9.762319038E1,4.939050198E0,9.034049988E0,-4.873050213E0
9.762563399E1,2.398050070E0,7.561050415E0,-5.914050102E0
9.762807738E1,3.325050116E0,7.426950455E0,-5.158050060E0
9.763052076E1,7.014000416E0,8.538000107E0,-7.672050476E0
9.763296422E1,6.459000111E0,7.947000504E0,-1.098495007E1
9.763540761E1,2.961000204E0,9.223050117E0,-8.740050316E0
9.763785099E1,6.054000378E0,8.698050499E0,-5.008950233E0
9.764029438E1,8.913000107E0,7.444050312E0,-5.308950424E0
9.764273799E1,5.614050388E0,6.874050140E0,-7.159050465E0
9.764518140E1,2.488950014E0,6.586950302E0,-5.272950172E0
9.764762486E1,3.006000042E0,5.988000393E0,-3.139050245E0
9.765006824E1,5.544000149E0,6.337950230E0,-3.151050091E0
9.765251163E1,5.398050308E0,5.160000324E0,-4.356000423E0
9.765495524E1,3.162000179E0,5.722050190E0,-2.485950232E0
9.765739861E1,1.141050100E0,6.076950073E0,6.469500065E-1
9.765984199E1,1.672950029E0,7.888950348E0,1.854000092E0
9.766228545E1,3.073050261E0,1.024500084E1,-4.120500088E-1
9.766472884E1,3.342000246E0,9.484050751E0,-9.900000691E-2
9.766717222E1,3.241050243E0,8.191050529E0,-2.433000088E0
9.766961563E1,3.073050261E0,6.687000275E0,-4.557000160E0
9.767205924E1,5.623050213E0,7.354950428E0,-6.301950455E0
9.767450263E1,7.330050468E0,8.513999939E0,-1.131105042E1
9.767694609E1,3.639000177E0,7.884000301E0,-1.282395077E1
9.767938947E1,3.454050064E0,8.683950424E0,-8.662950516E0
9.768183286E1,7.588950157E0,8.184000015E0,-5.613000393E0
9.768427647E1,7.110000134E0,7.384050369E0,-5.959950447E0
9.768671986E1,3.724950075E0,6.306000233E0,-6.441000462E0
9.768916324E1,2.773950100E0,5.602950096E0,-4.036950111E0
9.769160671E1,4.129050255E0,5.701050282E0,-2.541000128E0
9.769405002E1,5.544000149E0,5.773050308E0,-2.956950188E0
9.769649348E1,4.354050159E0,4.317000389E0,-3.526950121E0
9.769893709E1,1.879050136E0,4.891050339E0,-1.072950006E0
9.770138048E1,1.156050086E0,6.148050308E0,1.903950095E0
9.770382389E1,2.053050041E0,9.313950539E0,1.938000083E0
9.770626727E1,3.210000038E0,1.041000080E1,2.830500007E-1
9.770871073E1,4.519950390E0,9.310950279E0,-1.246050000E0
9.771115412E1,3.780000210E0,6.778050423E0,-3.952950239E0
9.771359750E1,4.078950405E0,6.250950336E0,-5.119050026E0
9.771604114E1,6.907050133E0,8.638050079E0,-9.015000343E0
9.771848453E1,6.046950340E0,7.630050182E0,-1.333695030E1
9.772092799E1,1.861950040E0,8.217000008E0,-1.173495102E1
9.772337130E1,5.791050434E0,8.926050186E0,-7.465950489E0
9.772581476E1,9.286950111E0,7.020000458E0,-5.778000355E0
9.772825837E1,6.205050468E0,6.546000481E0,-7.429950237E0
9.773070175E1,3.181050062E0,5.977950096E0,-5.752050400E0
9.773314514E1,2.932050228E0,5.767950058E0,-3.091950178E0
9.773558860E1,4.657950401E0,6.127050400E0,-3.216000080E0
9.773803198E1,4.855050087E0,4.744950294E0,-3.319050074E0
9.774047534E1,3.151950121E0,3.562950134E0,-2.701050043E0
9.774291872E1,7.849500179E-1,4.638000011E0,4.905000329E-2
9.774536234E1,1.443000078E0,7.105950356E0,1.816050053E0
9.774780572E1,3.355950117E0,1.064505005E1,5.179499984E-1
9.775024911E1,4.455000401E0,9.666000366E0,-7.930500507E-1
9.775269259E1,4.788000107E0,7.666050434E0,-2.067000151E0
9.775513597E1,3.958950281E0,6.784950256E0,-5.773050308E0
9.775757959E1,4.414050102E0,7.978050232E0,-6.625050545E0
9.776002297E1,6.445050240E0,8.341950417E0,-1.029795074E1
9.776246636E1,3.691050291E0,7.669050217E0,-1.217295074E1
9.776490983E1,3.030000210E0,7.390950203E0,-9.574950218E0
9.776735314E1,8.191950798E0,8.233950615E0,-7.492050171E0
9.776979660E1,9.301050186E0,6.985950470E0,-6.064950466E0
9.777223999E1,4.587000370E0,6.678000450E0,-6.396000385E0
9.777468360E1,2.281050205E0,5.611950397E0,-3.939000130E0
9.777712699E1,3.243000269E0,5.820000172E0,-1.066050053E0
9.777957037E1,4.441050053E0,6.048000336E0,-2.443050146E0
9.778201383E1,3.564000130E0,4.129950047E0,-2.850000143E0
9.778445722E1,2.262000084E0,4.117949963E0,-9.409500360E-1
9.778690060E1,7.339500189E-1,5.920950413E0,1.219950080E0
9.778934421E1,1.986000061E0,9.157950401E0,2.050050020E0
9.779178759E1,3.897000074E0,1.124295044E1,-1.729500145E-1
9.779423098E1,5.422050476E0,9.963000298E0,-1.012950063E0
9.779667436E1,5.986950397E0,8.314949989E0,-5.284950256E0
9.779911782E1,4.375950336E0,8.188050270E0,-9.013050079E0
9.780156120E1,5.590050220E0,8.554950714E0,-1.000605011E1
9.780400482E1,6.664950371E0,8.524050713E0,-1.318800068E1
9.780644820E1,2.869950056E0,8.815950394E0,-1.158405018E1
9.780889159E1,3.853950262E0,8.797050476E0,-7.210050106E0
9.781133507E1,8.209050179E0,7.771950245E0,-3.610950232E0
9.781377846E1,6.813000202E0,6.160050392E0,-5.562000275E0
9.781622184E1,2.295000076E0,4.951050282E0,-6.532050133E0
9.781866546E1,1.492950082E0,4.767000198E0,-2.038050175E0
9.782110884E1,2.887050152E0,5.598000050E0,-7.669500113E-1
9.782355223E1,3.576000214E0,5.848950386E0,-1.722000122E0
9.782599569E1,2.329050064E0,3.666000128E0,-1.048950076E0
9.782843908E1,1.423950076E0,3.202950239E0,6.859500408E-1
9.783088269E1,1.036050081E0,7.507950306E0,1.930950046E0
9.783332585E1,4.896000385E0,1.258200073E1,1.585950017E0
9.783576946E1,5.499000072E0,1.053000069E1,-5.460000038E-1
9.783821285E1,5.431950092E0,8.119050026E0,1.159950018E0
9.784065623E1,4.327950001E0,9.199050903E0,-1.159050107E0
9.784309969E1,6.526050091E0,7.831950188E0,-1.178805065E1
9.784554308E1,5.853000164E0,5.770050049E0,-1.670505142E1
9.784798672E1,5.824050426E0,4.911000252E0,-1.878600121E1
9.785043011E1,3.910950184E0,4.791000366E0,-1.242000103E1
9.785287349E1,6.427950382E0,8.631000519E0,-5.694000244E0
9.785531695E1,8.250000000E0,7.437000275E0,-3.657000065E0
9.785776034E1,5.062950134E0,6.345000267E0,-2.955000162E0
9.786020372E1,2.061000109E0,4.888950348E0,-1.593000054E0
9.786264733E1,1.333050013E0,5.856000423E0,1.179000020E0
9.786509072E1,2.455950022E0,8.643000603E0,-5.100000277E-2
9.786753410E1,2.377050161E0,6.703950405E0,-2.185950041E0
9.786997749E1,1.570050120E0,4.123050213E0,-3.195000067E-2
9.787242097E1,1.339950085E0,4.851000309E0,1.318050027E0
9.787486458E1,1.560000062E0,7.425000191E0,1.921050072E0
9.787730774E1,6.339000225E0,1.099200058E1,2.062050104E0
9.787975135E1,7.675050259E0,9.934050560E0,-3.205950260E0
9.788219474E1,7.564950466E0,7.726050377E0,-9.106050491E0
9.788463821E1,3.852000237E0,7.233000278E0,-1.347105026E1
9.788708160E1,2.740950108E0,6.859950542E0,-1.367895031E1
9.788952498E1,7.359000206E0,6.028950214E0,-1.514895058E1
9.789196860E1,5.755050182E0,5.073000431E0,-1.103295040E1
9.789441198E1,3.757950068E0,6.072000504E0,-5.883000374E0
9.789685536E1,7.038000107E0,7.920000553E0,-2.100000143E0
9.789929882E1,8.145000458E0,7.506000519E0,-1.660050035E0
9.790174221E1,6.090000153E0,6.730050087E0,-3.268950224E0
9.790418582E1,2.305050135E0,6.232050419E0,-6.640500426E-1
9.790662898E1,1.732950091E0,6.586950302E0,2.022000074E0
9.790907259E1,2.307000160E0,1.015605068E1,1.368000031E0
9.791151597E1,2.487000227E0,9.145950317E0,9.799500704E-1
9.791395936E1,1.456950068E0,7.255050182E0,2.107950211E0
9.791640282E1,1.354050040E0,8.635950089E0,5.800500512E-1
9.791884620E1,2.769000053E0,1.177305031E1,-1.150050044E0
9.792128960E1,9.265050888E0,1.285695076E1,-2.754000187E0
9.792373322E1,6.895050526E0,1.086495018E1,-9.736050606E0
9.792617660E1,3.933000088E0,1.194300079E1,-8.931000710E0
9.792862006E1,2.757000208E0,1.094205093E1,-8.337000847E0
9.793106345E1,4.872000217E0,9.465000153E0,-7.723950386E0
9.793350684E1,6.187950134E0,9.796950340E0,-9.721050262E0
9.793595046E1,5.722050190E0,8.449049950E0,-8.806950569E0
9.793839384E1,4.768950462E0,7.621050358E0,-6.001050472E0
9.794083723E1,7.647000313E0,7.717050552E0,-5.799000263E0
9.794328061E1,8.556000710E0,6.654000282E0,-8.485950470E0
9.794572406E1,4.747050285E0,5.530950069E0,-7.030050278E0
9.794816768E1,1.096050024E0,4.987050056E0,-1.557000041E0
9.795061083E1,1.105050087E0,5.341950417E0,1.785000086E0
9.795305445E1,1.888050079E0,1.074105072E1,1.284000039E0
9.795549783E1,1.996050119E0,8.623950005E0,-2.110500038E-1
9.795794130E1,1.213050008E0,4.542000294E0,2.155950069E0
9.796038468E1,1.048050046E0,5.974050522E0,1.248000026E0
9.796282807E1,2.213999987E0,1.165305042E1,1.593000054E0
9.796527168E1,2.359950066E0,1.231605053E1,2.920050144E0
9.796771507E1,6.021000385E0,9.192000389E0,3.039000034E0
9.797015845E1,4.396950245E0,6.643950462E0,-5.944950104E0
9.797260191E1,7.134000301E0,6.558000088E0,-1.268295097E1
9.797504530E1,9.136050224E0,5.902050495E0,-2.152305031E1
9.797748868E1,5.335950375E0,5.796000481E0,-2.136705017E1
9.797993230E1,3.394050121E0,5.749050140E0,-1.458900070E1
9.798237568E1,5.053950310E0,6.757050514E0,-6.381000519E0
9.798481907E1,5.853000164E0,6.448050499E0,-3.454950094E0
9.798726245E1,3.993000269E0,5.641050339E0,-2.047950029E0
9.798970591E1,1.843050122E0,4.683000088E0,-1.039950013E0
9.799214953E1,1.419000030E0,4.068000317E0,1.633950114E0
9.799459268E1,2.511000156E0,7.117950439E0,3.334050179E0
9.799703630E1,3.871050119E0,7.486950397E0,1.275000095E0
9.799947968E1,3.081000090E0,3.361050129E0,-2.689500153E-1
9.800192314E1,2.508000135E0,3.172050238E0,-6.300000101E-2
9.800436653E1,5.317050457E0,7.129950523E0,-4.950000439E-3
9.800680992E1,9.250950813E0,9.430950165E0,-7.813050270E0
9.800925353E1,6.909000397E0,8.657999992E0,-1.075995064E1
9.801169692E1,4.227000237E0,8.719950676E0,-9.151050568E0
9.801414030E1,1.510050058E0,7.384050369E0,-5.851950169E0
9.801658375E1,2.131950140E0,6.864000320E0,-2.869050026E0
9.801902714E1,5.700000286E0,9.535950661E0,-5.139000416E0
9.802147053E1,6.733950138E0,6.541050434E0,-7.078050137E0
9.802391414E1,5.536950111E0,7.935000420E0,-8.287050247E0
9.802635753E1,7.273050308E0,8.746050835E0,-6.922050476E0
9.802880097E1,6.840000153E0,8.119050026E0,-8.080950737E0
9.803124436E1,2.688000202E0,7.159050465E0,-6.421950340E0
9.803368774E1,1.897950053E0,6.532050133E0,-1.984950066E0
9.803613136E1,2.346000195E0,7.350000381E0,4.939500093E-1
9.803857474E1,2.431950092E0,8.014050484E0,2.205000073E-2
9.804101810E1,2.062950134E0,6.496050358E0,-5.890500546E-1
9.804346149E1,1.740000129E0,6.192000389E0,2.227950096E0
9.804590495E1,1.564950109E0,7.414950371E0,1.885050058E0
9.804834833E1,2.760000229E0,9.709050179E0,1.416000009E0
9.805079172E1,4.879050255E0,1.095405006E1,-2.760000229E-1
9.805323532E1,5.757000446E0,1.020000076E1,-5.148000240E0
9.805567871E1,3.504000187E0,8.641050339E0,-9.103950500E0
9.805812209E1,1.974000096E0,7.195050240E0,-9.229950905E0
9.806056555E1,6.847050190E0,7.180050373E0,-1.200495052E1
9.806300894E1,7.867050171E0,6.565050125E0,-1.343700027E1
9.806545255E1,3.727050066E0,7.566000462E0,-9.727950096E0
9.806789593E1,5.109000206E0,7.935000420E0,-5.208000183E0
9.807033932E1,7.912050247E0,8.404050827E0,-4.353000164E0
9.807278270E1,5.749950409E0,7.168050289E0,-5.866050243E0
9.807522616E1,2.143949986E0,5.500050068E0,-5.541000366E0
9.807766954E1,9.979500771E-1,4.459950447E0,-1.906050086E0
9.808011315E1,2.839050055E0,5.761050224E0,-1.249500066E-1
9.808255654E1,3.961950302E0,6.040950298E0,-1.032000065E0
9.808499992E1,2.536950111E0,4.360050201E0,9.900000691E-2
9.808744338E1,1.951050043E0,3.940950155E0,1.773000121E0
9.808988676E1,1.716000080E0,7.822050571E0,2.778000116E0
9.809233015E1,4.512000084E0,1.162200069E1,2.175000191E0
9.809477376E1,6.181050301E0,1.006305027E1,-1.255050063E0
9.809721715E1,6.514050484E0,8.251049995E0,-5.251050472E0
9.809966053E1,4.789950371E0,7.510950565E0,-1.075095081E1
9.810210399E1,4.407000065E0,6.606000423E0,-1.285305023E1
9.810454738E1,8.049000740E0,5.410950184E0,-1.665795135E1
9.810699099E1,4.960050106E0,4.824000359E0,-1.553505039E1
9.810943438E1,3.205050230E0,5.461050034E0,-1.087800026E1
9.811187777E1,5.314950466E0,6.421050072E0,-5.275050163E0
9.811432123E1,6.141000271E0,5.911050320E0,-2.421000004E0
9.811676461E1,3.490050077E0,5.587950230E0,-1.882050037E0
9.811920800E1,2.233050108E0,5.028000355E0,7.950000465E-3
9.812165161E1,2.961000204E0,5.883000374E0,1.876050115E0
9.812409499E1,4.756950378E0,8.136000633E0,3.820500076E-1
9.812653837E1,4.716000080E0,5.377050400E0,-3.619500101E-1
9.812898183E1,2.524950027E0,5.497050285E0,9.829500318E-1
9.813142522E1,2.212050200E0,7.501050472E0,3.280950069E0
9.813386860E1,2.580000162E0,1.004400063E1,8.719500303E-1
9.813631222E1,6.286950111E0,9.751950264E0,-5.707950115E0
9.813875560E1,5.347950459E0,7.638000488E0,-7.521000385E0
9.814119899E1,2.839050055E0,7.695000172E0,-8.596050262E0
9.814364237E1,3.148050070E0,8.506950378E0,-5.971950054E0
9.814608583E1,4.965000153E0,1.062300014E1,-6.673050404E0
9.814852943E1,6.391950130E0,1.000305080E1,-8.842950821E0
9.815097259E1,4.620000362E0,1.033800030E1,-9.055950165E0
9.815341620E1,5.164050102E0,1.128705025E1,-6.601950169E0
9.815585967E1,8.278950691E0,1.004205036E1,-6.484050274E0
9.815830305E1,5.968050480E0,9.292050362E0,-7.999950409E0
9.816074645E1,3.196050167E0,7.951050282E0,-6.240000248E0
9.816319006E1,2.539950132E0,7.033950329E0,-2.569950104E0
9.816563345E1,3.354000092E0,7.333950520E0,-3.619500101E-1
9.816807683E1,3.136050224E0,6.922050476E0,-1.420050025E0
9.817052029E1,2.245050192E0,5.844000340E0,-1.018050075E0
9.817296367E1,2.037000179E0,5.746050358E0,3.601950169E0
9.817540728E1,1.680000067E0,8.521050453E0,2.929050207E0
9.817785067E1,2.488950014E0,1.204995060E1,5.590500236E-1
9.818029405E1,2.887050152E0,1.330995083E1,2.275050163E0
9.818273744E1,4.366050243E0,9.916950226E0,3.099000216E0
9.818518090E1,1.531950116E0,7.693050385E0,-3.913050175E0
9.818762428E1,7.548000336E0,7.951050282E0,-6.499050140E0
9.819006790E1,9.559950829E0,9.333000183E0,-1.576395035E1
9.819251128E1,7.351950169E0,8.260050774E0,-1.786905098E1
9.819495467E1,4.255949974E0,1.030500031E1,-1.320300102E1
9.819739810E1,8.065950394E0,1.021905041E1,-7.303050518E0
9.819984148E1,7.045950413E0,8.727000237E0,-7.155000210E0
9.820228487E1,3.078000069E0,6.771000385E0,-6.397950172E0
9.820472848E1,1.144050002E0,5.598000050E0,-2.260950089E0
9.820717187E1,2.338050127E0,5.830050468E0,6.949500442E-1
9.820961527E1,3.789000273E0,6.256050110E0,-6.970500350E-1
9.821205873E1,3.346050262E0,4.456050396E0,-2.236950159E0
9.821450212E1,1.942950130E0,3.253950119E0,-5.080500245E-1
9.821694550E1,1.723050117E0,5.197950363E0,2.163000107E0
9.821938912E1,3.603000164E0,1.240005016E1,3.078000069E0
9.822183252E1,5.283000469E0,1.221105099E1,4.905000329E-2
9.822427590E1,3.691050291E0,8.394000053E0,5.520000458E-1
9.822671936E1,1.423950076E0,5.926050186E0,3.280950069E0
9.822916275E1,1.183950067E0,6.649050236E0,1.524000049E0
9.823160637E1,8.845950127E0,8.008950233E0,-7.389000416E0
9.823404976E1,1.092900085E1,5.119050026E0,-1.885500145E1
9.823649322E1,6.406050205E0,5.992950439E0,-2.045505142E1
9.823893660E1,5.608950138E0,8.204999924E0,-1.428495026E1
9.824137999E1,8.046000481E0,8.647950172E0,-9.520050049E0
9.824382360E1,4.147950172E0,6.654000282E0,-5.938050270E0
9.824626699E1,1.768950105E0,5.509050369E0,-1.813050032E0
9.824871037E1,1.192050099E0,5.215050220E0,2.845050097E0
9.825115383E1,2.953950167E0,6.603000164E0,6.330000162E-1
9.825359722E1,3.756000280E0,5.257950306E0,-2.967000246E0
9.825604061E1,1.306050062E0,2.919000149E0,-2.659500241E-1
9.825848423E1,1.588950038E0,3.241950035E0,8.629500270E-1
9.826092761E1,3.568950176E0,1.135605049E1,2.242050171E0
9.826337107E1,5.389050484E0,1.381500053E1,2.460000038E0
9.826581446E1,5.443950176E0,9.586950302E0,-1.365000010E0
9.826825786E1,2.395950079E0,7.647000313E0,2.898000240E0
9.827070147E1,1.294050097E0,8.569050789E0,3.408000231E0
9.827314486E1,3.150000095E0,9.583950043E0,3.801000118E0
9.827558824E1,1.060605049E1,8.380050659E0,-8.728050232E0
9.827803170E1,8.644950867E0,6.333000183E0,-1.911600113E1
9.828047511E1,5.224050045E0,8.107049942E0,-2.194695091E1
9.828291849E1,6.054000378E0,9.939000130E0,-1.652805138E1
9.828536211E1,3.199950218E0,7.245000362E0,-1.021200085E1
9.828780549E1,3.291000128E0,6.433050156E0,-4.698000431E0
9.829024895E1,2.725950241E0,5.088000298E0,1.902000070E0
9.829269234E1,3.045000076E0,6.211050510E0,1.678950071E0
9.829513572E1,4.860000134E0,5.313000202E0,-2.230050087E0
9.829757934E1,1.939050078E0,2.776950121E0,-1.642950058E0
9.830002272E1,1.230000019E0,1.513050079E0,1.279050112E0
9.830246618E1,3.198000193E0,8.509050369E0,3.832050085E0
9.830490957E1,5.191950321E0,1.412100029E1,3.259950161E0
9.830735295E1,5.560950279E0,8.713050842E0,5.230500102E-1
9.830979657E1,3.658050060E0,5.743950367E0,1.108950019E0
9.831223995E1,2.671050072E0,7.201950550E0,3.166050196E0
9.831468341E1,6.502050400E0,8.634000778E0,2.473950148E0
9.831712682E1,7.777950287E0,7.494000435E0,-5.220000267E0
9.831957020E1,8.202000618E0,5.764950275E0,-1.523505116E1
9.832201381E1,7.057950497E0,7.930050373E0,-1.930305099E1
9.832445720E1,7.753950596E0,1.010400009E1,-1.775699997E1
9.832690058E1,1.432950020E0,8.458950043E0,-1.000905037E1
9.832934404E1,1.491000056E0,7.980000496E0,-4.183050156E0
9.833178766E1,4.180050373E0,7.020000458E0,5.059500337E-1
9.833423105E1,5.523000240E0,6.256050110E0,4.270500243E-1
9.833667443E1,4.753950119E0,4.245000362E0,-2.770950079E0
9.833911789E1,2.731050014E0,3.520050049E0,-8.100000620E-1
9.834156130E1,2.731050014E0,3.321000099E0,2.139000177E0
9.834400468E1,4.323000431E0,1.073805046E1,3.015000105E0
9.834644830E1,6.382050514E0,1.220400047E1,-4.950000439E-3
9.834889168E1,3.733950138E0,7.156050205E0,-1.175999999E0
9.835133505E1,2.062950134E0,7.789050579E0,7.690500617E-1
9.835377851E1,4.825950146E0,9.927000046E0,-4.068000317E0
9.835622190E1,8.254950523E0,6.961950302E0,-1.244100094E1
9.835866528E1,6.112050056E0,5.380050182E0,-1.430205059E1
9.836110890E1,4.954950333E0,7.348050117E0,-1.154100037E1
9.836355230E1,8.389050484E0,9.571950912E0,-7.480050564E0
9.836599576E1,7.852050304E0,9.886050224E0,-6.391050339E0
9.836843914E1,1.048050046E0,8.418000221E0,-3.312000275E0
9.837088276E1,1.387950063E0,8.737050056E0,-1.734000087E0
9.837332614E1,3.787050247E0,7.374000549E0,-2.565000057E0
9.837576952E1,6.579000473E0,5.167050362E0,-4.534950256E0
9.837821290E1,5.173050404E0,2.823000193E0,-4.681050301E0
9.838065636E1,2.458050013E0,3.771000147E0,3.649500310E-1
9.838309975E1,3.907050133E0,7.450950146E0,2.680050135E0
9.838554336E1,6.070950508E0,1.296000099E1,-4.360500276E-1
9.838798676E1,3.736950159E0,1.054905033E1,-6.495000422E-2
9.839043022E1,1.974000096E0,8.442000389E0,1.294050097E0
9.839287360E1,1.387950063E0,1.145400047E1,2.086050034E0
9.839531699E1,5.061000347E0,1.188300037E1,-2.838000059E0
9.839776060E1,6.358050346E0,7.446000576E0,-8.649000168E0
9.840020399E1,5.190000057E0,6.369000435E0,-1.142400074E1
9.840264745E1,8.748000145E0,9.663000107E0,-1.158900070E1
9.840509083E1,1.003605080E1,1.071195030E1,-1.197705078E1
9.840753445E1,2.170950174E0,9.892950058E0,-9.448050499E0
9.840997783E1,-5.340000391E-1,8.983050346E0,-3.757050276E0
9.841242129E1,1.861950040E0,9.141000748E0,-1.990050077E0
9.841486468E1,5.202000141E0,7.834050179E0,-3.244950056E0
9.841730806E1,4.975050449E0,4.033950329E0,-5.353950024E0
9.841975168E1,2.374050140E0,2.440050125E0,-3.043950081E0
9.842219507E1,3.283950090E0,2.827950239E0,7.240500450E-1
9.842463845E1,6.784950256E0,9.582000732E0,1.557000041E0
9.842708191E1,6.423000336E0,1.326705074E1,2.704050064E0
9.842952529E1,3.973950148E0,7.999050617E0,-1.549950123E0
9.843196890E1,2.307000160E0,7.924950600E0,1.818000078E0
9.843441229E1,2.391000032E0,1.131105042E1,2.812050104E0
9.843685568E1,4.768950462E0,1.045800018E1,4.489500225E-1
9.843929914E1,3.804000139E0,6.429000378E0,-2.560050011E0
9.844174252E1,9.214950562E0,6.238950253E0,-8.289000511E0
9.844418591E1,1.397205067E1,8.227050781E0,-1.654305077E1
9.844662952E1,7.093050480E0,8.794050217E0,-1.958805084E1
9.844907291E1,-1.183050036E0,9.748950005E0,-1.157895088E1
9.845151637E1,-5.505000427E-2,1.017300034E1,-4.565999985E0
9.845395975E1,3.571050167E0,1.089195061E1,-2.989050150E0
9.845640314E1,4.084050179E0,6.093000412E0,-2.056950092E0
9.845884675E1,1.783050060E0,2.761050224E0,-1.270500124E-1
9.846129020E1,1.891050100E0,2.514000177E0,5.419500470E-1
9.846373358E1,7.575000286E0,5.689050198E0,-9.529500604E-1
9.846617697E1,8.302950859E0,1.072200012E1,-1.281000018E0
9.846862058E1,5.434050083E0,9.835950851E0,1.098000050E0
9.847106397E1,3.070950031E0,7.627950191E0,1.684050083E0
9.847350743E1,2.484000206E0,1.230705070E1,2.182049990E0
9.847595082E1,3.709950209E0,1.426995087E1,-2.089500129E-1
9.847839420E1,1.395000100E0,7.657050133E0,4.284000397E0
9.848083781E1,1.093050003E0,5.016000271E0,2.404950142E0
9.848328120E1,9.460950851E0,1.128195095E1,-3.210000098E-1
9.848572466E1,1.252395058E1,9.843000412E0,-1.831695175E1
9.848816805E1,1.957950115E0,6.751950264E0,-2.190600014E1
9.849061166E1,-1.479000092E0,7.924950600E0,-1.312800026E1
9.849305505E1,2.724000216E0,1.129905033E1,-7.116000175E0
9.849549851E1,4.455000401E0,9.462000847E0,-3.970050097E0
9.849794189E1,1.267950058E0,3.888000250E0,-5.539500117E-1
9.850038528E1,5.980500579E-1,3.261000156E0,4.339500070E-1
9.850282889E1,4.503000259E0,9.285000801E0,-7.309500575E-1
9.850527228E1,7.462050438E0,1.291005039E1,-1.545000076E0
9.850771573E1,4.278000355E0,1.009695053E1,1.842000127E0
9.851015912E1,2.608950138E0,9.187050819E0,2.629950047E0
9.851260250E1,2.239950180E0,1.224405098E1,2.934000254E0
9.851504612E1,6.475950241E0,1.404495049E1,5.539500117E-1
9.851748950E1,4.230000019E0,1.004595089E1,-2.179500163E-1
9.851993296E1,5.161050320E0,6.204000473E0,1.737000108E0
9.852237635E1,1.024905014E1,9.682050705E0,-9.630000591E-1
9.852481973E1,8.707050323E0,8.275050163E0,-1.683900070E1
9.852726335E1,1.780950069E0,6.205950260E0,-2.579400063E1
9.852970673E1,1.069500074E-1,7.887000561E0,-1.808205032E1
9.853215017E1,3.262950182E0,8.797050476E0,-1.086105061E1
9.853459356E1,5.880000114E0,6.919050217E0,-7.882050514E0
9.853703717E1,1.294050097E0,2.286000013E0,-3.400050163E0
9.853948056E1,2.119500041E-1,6.010500193E-1,1.291050076E0
9.854192402E1,1.708950043E0,4.678050041E0,2.572050095E0
9.854436742E1,4.615050316E0,1.251705074E1,4.002000332E0
9.854681103E1,3.093000174E0,7.759950161E0,4.819500148E-1
9.854925442E1,9.520500302E-1,2.626050234E0,4.579500258E-1
9.855169780E1,6.211950302E0,7.591950417E0,1.926000118E0
9.855414126E1,9.361050606E0,1.046295071E1,4.030500054E-1
9.855658464E1,6.354000092E0,5.206950188E0,-2.638950109E0
9.855902825E1,7.441050529E0,5.526000500E0,3.430500031E-1
9.856147164E1,7.864050388E0,1.000305080E1,6.379500031E-1
9.856391510E1,7.267950535E0,7.669050217E0,-1.289100075E1
9.856635848E1,1.797000051E0,6.490950108E0,-1.766595078E1
9.856880211E1,3.520950079E0,5.631000042E0,-1.357605076E1
9.857124550E1,5.428950310E0,8.169000626E0,-8.986050606E0
9.857368896E1,6.940500140E-1,3.819000244E0,-5.206050396E0
9.857613227E1,8.295000345E-2,2.314950228E0,-4.170000255E-1
9.857857573E1,4.989000320E0,7.947000504E0,4.099500179E-1
9.858101936E1,7.489050388E0,1.164105034E1,-2.799000025E0
9.858346275E1,3.880050182E0,6.153000355E0,-3.930000067E-1
9.858590621E1,1.924050093E0,4.377000332E0,1.750950098E0
9.858834959E1,6.117000103E0,9.072000504E0,6.589500308E-1
9.859079298E1,7.954950333E0,1.108995056E1,-2.373000145E0
9.859323658E1,3.066000223E0,7.669050217E0,-6.795000285E-2
9.859567997E1,6.844050407E0,6.706050396E0,1.725000024E0
9.859812343E1,1.045005035E1,7.513050556E0,-9.010500312E-1
9.860056682E1,3.078000069E0,6.646050453E0,-7.843950272E0
9.860301043E1,-5.700000525E-1,6.574950218E0,-1.431600094E1
9.860545381E1,3.427950144E0,5.740950108E0,-1.484295082E1
9.860789727E1,6.943050385E0,4.912950039E0,-1.097100067E1
9.861034066E1,1.732950091E0,4.438950062E0,-7.333950520E0
9.861278427E1,5.590500236E-1,3.709050179E0,-1.339050055E0
9.861522766E1,1.315950036E0,3.946050167E0,2.386050224E0
9.861767112E1,5.548950195E0,1.038405037E1,3.430500031E-1
9.862011451E1,4.018949986E0,8.332050323E0,-1.353000045E0
9.862255812E1,9.880500436E-1,3.031050205E0,5.950500369E-1
9.862500151E1,1.285050035E0,6.450000286E0,4.729500115E-1
9.862744489E1,7.299000263E0,1.309695053E1,3.934950113E0
9.862988836E1,5.953950405E0,8.908950806E0,-2.311050177E0
9.863233175E1,4.510050297E0,5.260050297E0,-5.179499984E-1
9.863477536E1,1.068495083E1,7.279050350E0,8.869500160E-1
9.863721875E1,8.506050110E0,8.737050056E0,-1.783950090E0
9.863966221E1,2.392950058E0,8.350950241E0,-1.195995045E1
9.864210560E1,2.956050158E0,5.926050186E0,-1.483800030E1
9.864454899E1,6.829950333E0,5.827950478E0,-1.670295143E1
9.864699260E1,7.960500121E-1,5.638050079E0,-1.022400093E1
9.864943599E1,-1.000500023E-1,4.657050133E0,-4.405950069E0
9.865187948E1,2.382000208E0,4.936950207E0,1.336950064E0
9.865432286E1,5.869950294E0,1.014495087E1,1.630950093E0
9.865676648E1,4.338000298E0,9.781050682E0,-8.740500212E-1
9.865920994E1,1.579050064E0,5.554950237E0,-1.005000062E-2
9.866165332E1,1.867050052E0,7.501050472E0,4.605000094E-2
9.866409669E1,6.346050262E0,1.306800079E1,3.858000278E0
9.866654031E1,4.783050060E0,1.061100006E1,-1.759950042E0
9.866898369E1,3.478050232E0,7.579950333E0,1.429950118E0
9.867142715E1,9.114000320E0,1.064295006E1,2.553000212E0
9.867387054E1,7.705950260E0,8.682000160E0,-1.147050023E0
9.867631415E1,3.160050154E0,9.144000053E0,-2.950050116E0
9.867875754E1,6.889950275E0,9.280050278E0,-1.419600105E1
9.868120100E1,5.971050262E0,7.063050270E0,-2.034705162E1
9.868364439E1,2.890500128E-1,7.888950348E0,-1.428705025E1
9.868608800E1,-9.960000515E-1,5.671950340E0,-5.136000156E0
9.868853139E1,4.575000286E0,5.020950317E0,-8.310000300E-1
9.869097485E1,8.282999992E0,8.883000374E0,-1.662000060E0
9.869341823E1,4.729950428E0,7.417050362E0,-1.152000070E0
9.869586185E1,2.334000111E0,5.137950420E0,1.303050041E0
9.869830523E1,2.797950029E0,8.397000313E0,9.540000558E-1
9.870074868E1,5.559000492E0,1.104000092E1,-2.032950163E0
9.870319207E1,2.455950022E0,9.000000000E0,8.080500364E-1
9.870563568E1,3.427950144E0,7.585050583E0,3.003000259E0
9.870807907E1,1.225305080E1,8.887950897E0,5.970000029E-1
9.871052245E1,6.765000343E0,5.823000431E0,-4.389000416E0
9.871296591E1,5.700000376E-2,7.177950382E0,6.900000572E-1
9.871540930E1,3.169050217E0,9.904950142E0,-7.329000473E0
9.871785291E1,6.832050323E0,5.739000320E0,-1.734705162E1
9.872029638E1,7.800000310E-1,4.096950054E0,-1.656195068E1
9.872273976E1,-5.770500302E-1,3.879000187E0,-6.985050201E0
9.872518337E1,4.072050095E0,4.374000072E0,-3.247050047E0
9.872762676E1,7.579050541E0,6.289950371E0,-2.115000010E0
9.873007022E1,3.691050291E0,4.422000408E0,-1.230000034E-1
9.873251361E1,2.425050020E0,4.429050446E0,6.160500050E-1
9.873495722E1,2.683050156E0,1.011300087E1,3.670500219E-1
9.873740060E1,6.175950527E0,1.028595066E1,1.969050050E0
9.873984406E1,3.054000139E0,5.437050343E0,-3.115050077E0
9.874228744E1,6.355950356E0,6.618000507E0,1.521000028E0
9.874473083E1,1.157595062E1,9.064949989E0,1.106999993E0
9.874717444E1,6.940050125E0,7.425000191E0,-5.818950176E0
9.874961785E1,1.627050042E0,6.256050110E0,-1.108095074E1
9.875206131E1,6.259950161E0,6.157950401E0,-1.483305073E1
9.875450470E1,6.082950115E0,4.386000156E0,-1.602300072E1
9.875694831E1,-1.858050108E0,4.647000313E0,-1.062195015E1
9.875939170E1,4.330500066E-1,3.835950136E0,-4.255050182E0
9.876183517E1,5.259000301E0,5.725050449E0,1.249500066E-1
9.876427878E1,6.703050137E0,8.251049995E0,1.609950066E0
9.876672217E1,3.118950129E0,3.952950239E0,6.930000186E-1
9.876916563E1,1.515000105E0,5.559000492E0,-1.849050045E0
9.877160900E1,3.274950266E0,1.086000061E1,2.062050104E0
9.877405262E1,7.078950405E0,1.075005054E1,1.461000085E0
9.877649600E1,2.611050129E0,5.181000233E0,-3.343050241E0
9.877893946E1,8.511000633E0,8.839950562E0,2.955000162E0
9.878138285E1,9.568950653E0,9.994050026E0,6.810000539E-1
9.878382621E1,3.184050083E0,7.663950443E0,-3.718950272E0
9.878626983E1,4.816050053E0,7.429050446E0,-9.103950500E0
9.878871321E1,9.130949974E0,7.249950409E0,-1.734900093E1
9.879115667E1,1.534050107E0,6.031050205E0,-1.416705036E1
9.879360006E1,-1.228050113E0,6.145950317E0,-5.067000389E0
9.879604368E1,2.710050106E0,8.193000793E0,8.580000401E-1
9.879848706E1,4.909950256E0,1.140195084E1,1.452000022E0
9.880093052E1,3.567000151E0,8.914050102E0,2.689500153E-1
9.880337414E1,2.097000122E0,7.822050571E0,-9.799500704E-1
9.880581753E1,3.214950085E0,1.163400078E1,8.989500403E-1
9.880826099E1,4.342050076E0,1.307805061E1,3.925050259E0
9.881070438E1,5.358000278E0,8.124000549E0,-4.162050247E0
9.881314799E1,6.499950409E0,8.578950882E0,-7.710000277E-1
9.881559138E1,1.208595085E1,1.323300076E1,-8.056950569E0
9.881803484E1,7.716000557E0,8.344050407E0,-1.658595085E1
9.882047822E1,9.859500527E-1,9.049950600E0,-1.210095024E1
9.882292184E1,3.472950220E0,1.018995094E1,-7.686000347E0
9.882536530E1,5.085000038E0,9.583950043E0,-6.946050167E0
9.882780868E1,1.431000113E0,7.798050404E0,-4.633050442E0
9.883025230E1,2.002950191E0,5.716950417E0,-1.063950062E0
9.883269566E1,7.122000217E0,7.003050327E0,-2.074050188E0
9.883513913E1,6.267000198E0,7.333950520E0,-2.626950026E0
9.883758251E1,2.740950108E0,6.559950352E0,-2.329500169E-1
9.884002613E1,3.667050123E0,9.723000526E0,2.376000166E0
9.884246951E1,5.245050430E0,1.148100090E1,-1.120950103E0
9.884491295E1,3.427950144E0,8.667000771E0,-8.269500136E-1
9.884735634E1,5.178000450E0,8.394000053E0,-8.839500546E-1
9.884979995E1,1.369695091E1,1.010100079E1,-9.439050674E0
9.885224334E1,5.881950378E0,7.456050396E0,-1.467000103E1
9.885468680E1,-1.281000018E0,8.005949974E0,-8.539050102E0
9.885713017E1,7.099500299E-1,8.302950859E0,-3.714000225E0
9.885957378E1,6.475950241E0,9.115050316E0,-4.951950073E0
9.886201717E1,3.499950171E0,5.241000175E0,-5.469000340E0
9.886446063E1,-6.490500569E-1,4.992000103E0,-3.120000064E-1
9.886690402E1,3.294000149E0,6.996000290E0,5.989500284E-1
9.886934763E1,7.210950375E0,7.381050587E0,-3.814950228E0
9.887179102E1,2.844000101E0,6.157950401E0,-2.104950190E0
9.887423448E1,9.930000305E-1,6.108000278E0,-1.420500129E-1
9.887667786E1,5.311950207E0,1.100595093E1,8.410500288E-1
9.887912148E1,5.499000072E0,9.919050217E0,-5.266050339E0
9.888156486E1,8.130000234E-1,5.703000069E0,1.351050019E0
9.888400832E1,1.087395096E1,1.022595024E1,-8.719500303E-1
9.888645193E1,1.228905106E1,8.053950310E0,-1.138305092E1
9.888889532E1,1.893000126E0,7.087050438E0,-1.039200020E1
9.889133879E1,5.860500336E-1,9.019050598E0,-4.492050171E0
9.889378218E1,5.959050179E0,9.970050812E0,-5.596050262E0
9.889622579E1,2.820000172E0,6.259050369E0,-6.244950294E0
9.889866918E1,-1.053000093E0,6.496050358E0,-1.104000092E0
9.890111264E1,2.961000204E0,7.291050434E0,9.660000205E-1
9.890355604E1,6.753000259E0,8.061000824E0,-3.259050131E0
9.890599965E1,3.442050219E0,6.405000210E0,-7.140000463E-1
9.890844311E1,1.627050042E0,6.747000217E0,3.769500256E-1
9.891088650E1,2.575050116E0,1.109295082E1,-9.679500461E-1
9.891333011E1,5.832000256E0,1.129095078E1,2.479500175E-1
9.891577351E1,1.321050048E0,6.721050262E0,-2.119050026E0
9.891821697E1,7.881000519E0,9.579000473E0,1.981050134E0
9.892066036E1,1.025205040E1,1.042695045E1,-4.213950157E0
9.892310397E1,4.052999973E0,6.301950455E0,-7.714950562E0
9.892554744E1,2.542050123E0,7.815000534E0,-8.017050743E0
9.892799083E1,8.178000450E0,8.164050102E0,-8.632050514E0
9.893043444E1,3.676950216E0,6.127050400E0,-9.381000519E0
9.893287783E1,-1.417050123E0,5.181000233E0,-1.831950068E0
9.893532129E1,2.761950016E0,5.113950253E0,1.098000050E0
9.893776468E1,7.516950130E0,7.279050350E0,-2.878050089E0
9.894020828E1,4.321050167E0,5.005950451E0,-1.165950060E0
9.894265167E1,1.527000070E0,4.176000118E0,7.669500113E-1
9.894509513E1,2.070000172E0,8.650050163E0,7.260000110E-1
9.894753851E1,6.187950134E0,8.682000160E0,-3.628050089E0
9.894998213E1,2.326050043E0,5.542950153E0,-2.239050150E0
9.895242557E1,6.763050556E0,6.771000385E0,1.411050081E0
9.895486895E1,1.003395081E1,8.731950760E0,-1.849050045E0
9.895731256E1,2.925000191E0,5.308050156E0,-8.119950294E0
9.895975595E1,1.759500057E-1,6.340050220E0,-6.076950073E0
9.896219941E1,5.532000065E0,7.738050461E0,-7.887000561E0
9.896464278E1,3.852000237E0,4.465050220E0,-9.871950150E0
9.896708640E1,-1.834050059E0,2.655000210E0,-5.662950039E0
9.896952986E1,2.223000050E0,3.213000059E0,-2.323050022E0
9.897197324E1,7.450050354E0,4.393050194E0,-3.180000067E0
9.897441686E1,3.229050159E0,3.571950197E0,-3.553950071E0
9.897686026E1,9.705000371E-2,2.764950037E0,-4.309500158E-1
9.897930372E1,4.591050148E0,7.216050148E0,3.430500031E-1
9.898174710E1,6.873000145E0,8.204999924E0,-1.612050056E0
9.898419072E1,2.338050127E0,4.159049988E0,-1.360050082E0
9.898663418E1,7.474050522E0,7.753050327E0,4.440000355E-1
9.898907755E1,9.520950317E0,7.365000248E0,-4.762950420E0
9.899152116E1,1.294050097E0,4.156050205E0,-1.024605083E1
9.899396455E1,3.679500222E-1,5.875050068E0,-7.276950359E0
9.899640801E1,8.001000404E0,5.377050400E0,-8.632050514E0
9.899885163E1,3.394050121E0,2.839950085E0,-9.340950012E0
9.900129501E1,-1.417050123E0,3.984000206E0,-2.670000076E0
9.900373847E1,3.841950178E0,5.313000202E0,5.899500251E-1
9.900618185E1,6.946950436E0,7.293000221E0,-1.023000002E0
9.900862547E1,3.820050240E0,7.755000591E0,-2.970000207E-1
9.901106886E1,1.488000035E0,8.610000610E0,1.228950024E0
9.901351232E1,4.953000069E0,1.218000031E1,2.746950150E0
9.901595571E1,5.638050079E0,1.111200047E1,-5.388000488E0
9.901839932E1,2.857950211E0,8.353950500E0,-3.453000069E0
9.902084270E1,8.904000282E0,1.269000053E1,-7.909050465E0
9.902328617E1,6.550050259E0,1.071900082E1,-1.272105026E1
9.902572979E1,-3.709500134E-1,8.208000183E0,-6.388050079E0
9.902817317E1,1.522050023E0,9.454950333E0,-3.739500046E-1
9.903061663E1,5.584950447E0,1.279305077E1,-3.621000290E0
9.903306002E1,2.046000004E0,7.666050434E0,-1.530000091E0
9.903550363E1,4.905000329E-2,6.864000320E0,1.390050054E0
9.903794702E1,3.892050266E0,7.993950367E0,1.939950109E0
9.904039048E1,4.345050335E0,9.511950493E0,-5.677050114E0
9.904283409E1,2.443950176E0,7.966050148E0,-1.438950062E0
9.904527748E1,1.309050083E0,9.091050148E0,3.390000165E-1
9.904772095E1,4.306950092E0,1.068600082E1,-2.299500108E-1
9.905016457E1,2.674050093E0,9.354000092E0,-4.444050312E0
9.905260796E1,3.507000208E0,9.274950027E0,-5.805000290E-2
9.905505141E1,8.941950798E0,1.257705021E1,-4.261950016E0
9.905749480E1,4.723050117E0,9.418950081E0,-9.171000481E0
9.905993843E1,-2.400000021E-2,6.127050400E0,-3.352050066E0
9.906238189E1,3.363000154E0,9.187050819E0,-3.301950216E0
9.906482528E1,6.270000458E0,1.004400063E1,-8.232000351E0
9.906726889E1,1.021950006E0,5.071050167E0,-4.708050251E0
9.906971228E1,9.210000634E-1,3.429000139E0,1.002000093E0
9.907215576E1,4.411950111E0,8.362950325E0,-1.444050074E0
9.907459937E1,3.640950203E0,1.014495087E1,-4.260000229E0
9.907704276E1,1.788000107E0,7.116000175E0,2.175000191E0
9.907948622E1,1.785000086E0,8.824950218E0,-1.353000045E0
9.908192983E1,7.375950336E0,1.009695053E1,-2.785050154E0
9.908437320E1,2.935050249E0,8.284049988E0,-3.810000181E0
9.908681666E1,7.122000217E0,1.167900085E1,-1.710000038E0
9.908926005E1,1.062300014E1,1.041000080E1,-9.640050888E0
9.909170366E1,2.584950209E0,6.337950230E0,-1.234095097E1
9.909414705E1,1.639500111E-1,8.607000351E0,-5.043000221E0
9.909659051E1,6.174000263E0,1.041705036E1,-6.604050159E0
9.909903412E1,4.342050076E0,5.653050423E0,-8.373000145E0
9.910147751E1,-6.060000062E-1,5.308050156E0,-1.684050083E0
9.910392097E1,3.825000286E0,7.173000336E0,8.220000267E-1
9.910636435E1,6.796950340E0,9.819000244E0,-3.409950256E0
9.910880797E1,2.494050026E0,6.778050423E0,-7.879500389E-1
9.911125135E1,7.939500213E-1,7.639950275E0,-5.920500159E-1
9.911369504E1,5.812950134E0,1.203105068E1,7.930500507E-1
9.911613843E1,3.852000237E0,1.057995033E1,-4.537950039E0
9.911858189E1,3.492000103E0,8.598000526E0,5.250000358E-1
9.912102527E1,9.756000519E0,1.277805042E1,-4.525950432E0
9.912346888E1,6.748950481E0,9.627000809E0,-1.030095005E1
9.912591227E1,1.060050011E0,7.534950256E0,-7.309950352E0
9.912835573E1,4.435950279E0,1.080105019E1,-6.309000492E0
9.913079934E1,7.275000572E0,9.012000084E0,-9.645000458E0
9.913324274E1,6.049500108E-1,5.173950195E0,-5.335050106E0
9.913568620E1,1.383000016E0,6.850050449E0,1.660500020E-1
9.913812959E1,7.069950104E0,8.962050438E0,-2.254050016E0
9.914057320E1,3.709950209E0,6.177000523E0,-2.871000051E0
9.914301666E1,7.630500197E-1,5.725050449E0,6.930000186E-1
9.914546029E1,4.575000286E0,1.067595005E1,3.580500185E-1
9.914790368E1,5.140050411E0,1.126995087E1,-4.662000179E0
9.915034714E1,1.693950057E0,7.875000477E0,-2.569500208E-1
9.915279053E1,8.845950127E0,1.081500053E1,-8.670000434E-1
9.915523414E1,1.043295002E1,9.131999969E0,-8.766000748E0
9.915767760E1,1.488000035E0,7.000950336E0,-7.504050255E0
9.916012099E1,1.357050061E0,9.577050209E0,-4.558950424E0
9.916256460E1,6.877950191E0,8.413050652E0,-8.662950516E0
9.916500799E1,3.315000057E0,4.594950199E0,-9.240000725E0
9.916745145E1,1.360500008E-1,5.071050167E0,-1.459050059E0
9.916989506E1,6.004050255E0,6.727950096E0,-1.746000051E0
9.917233844E1,7.093050480E0,4.750050068E0,-5.251050472E0
9.917478190E1,1.246950030E0,4.543950081E0,-2.078999996E0
9.917722529E1,2.431950092E0,7.671000481E0,2.290050030E0
9.917966890E1,7.222950459E0,1.064700031E1,-4.653000355E0
9.918211237E1,2.844000101E0,5.542950153E0,-5.064000130E0
9.918455598E1,5.889000416E0,7.606950283E0,-2.917050123E0
9.918699937E1,1.179795074E1,8.848950386E0,-7.066050529E0
9.918944283E1,4.516950130E0,5.512050152E0,-8.056950569E0
9.919188643E1,7.009500265E-1,6.790050507E0,-4.408050060E0
9.919432982E1,5.455950260E0,9.334950447E0,-4.309950352E0
9.919677328E1,6.322050095E0,5.445000172E0,-6.718950272E0
9.919921667E1,7.890000343E-1,3.523950100E0,-3.654000282E0
9.920166028E1,5.395950317E0,5.631000042E0,-8.340000510E-1
9.920410373E1,1.004295063E1,6.274950504E0,-4.561950207E0
9.920654711E1,2.773950100E0,5.788950443E0,-5.773050308E0
9.920899073E1,3.580500185E-1,6.559950352E0,6.589500308E-1
9.921143411E1,5.173050404E0,1.155495071E1,-1.023000002E0
9.921387780E1,3.615000248E0,9.972000122E0,-6.264000416E0
9.921632119E1,3.279000044E0,7.585050583E0,-2.740050077E0
9.921876465E1,9.852000237E0,1.160295010E1,-6.367050171E0
9.922120804E1,6.697950363E0,8.289000511E0,-7.554000378E0
9.922365165E1,7.200000286E-1,8.026050568E0,-3.951000214E0
9.922609504E1,4.026000023E0,1.155195045E1,-2.931000233E0
9.922853850E1,6.436950207E0,9.201000214E0,-7.357950211E0
9.923098188E1,9.829500318E-1,4.768950462E0,-3.927000284E0
9.923342557E1,2.416950226E0,5.824950218E0,-4.080000222E-1
9.923586896E1,7.270950317E0,1.082205009E1,-2.389950037E0
9.923831257E1,4.990950108E0,7.438950539E0,-3.925050259E0
9.924075595E1,9.190500379E-1,5.986050129E0,-9.490500689E-1
9.924319941E1,4.195950031E0,1.141095066E1,9.010500312E-1
9.924564303E1,3.801000118E0,1.279995060E1,-4.483050346E0
9.924808642E1,1.656000137E0,8.365950584E0,5.760000348E-1
9.925052988E1,6.109050274E0,1.080300045E1,9.709500670E-1
9.925297346E1,7.960050583E0,1.120995045E1,-7.521000385E0
9.925541685E1,1.897950053E0,7.858050346E0,-6.214050293E0
9.925786031E1,1.872000098E0,9.473999977E0,-4.267050266E0
9.926030392E1,6.406050205E0,8.690999985E0,-8.278050423E0
9.926274739E1,1.438050032E0,6.271050453E0,-5.886000156E0
9.926519075E1,8.230500221E-1,7.291050434E0,9.660000205E-1
9.926763437E1,5.271000385E0,1.049595070E1,-6.850500107E-1
9.927007775E1,3.322050095E0,8.221950531E0,-6.370500326E-1
9.927252121E1,1.042950034E0,5.875050068E0,1.009500027E-1
9.927496483E1,2.128050089E0,1.052505016E1,-6.210000515E-1
9.927740823E1,5.851050377E0,1.254105091E1,-2.520000041E-1
9.927985169E1,1.599000096E0,7.504050255E0,-3.036000252E0
9.928229530E1,8.532000542E0,8.161950111E0,-4.960500300E-1
9.928473877E1,1.089795017E1,9.583950043E0,-7.842000484E0
9.928718215E1,2.760000229E0,6.655950546E0,-8.827950478E0
9.928962575E1,1.026000023E0,7.176000118E0,-4.540050030E0
9.929206914E1,5.142000198E0,8.938050270E0,-7.102050304E0
9.929451260E1,2.748000145E0,5.221950054E0,-7.624050140E0
9.929695621E1,5.160000324E-1,4.800000191E0,-1.951950073E0
9.929939960E1,6.829950333E0,6.783000469E0,-7.639500499E-1
9.930184304E1,5.974950314E0,5.089950085E0,-4.605000019E0
9.930428666E1,7.530000210E-1,3.670050144E0,-1.006049991E0
9.930673012E1,2.650050163E0,7.771950245E0,2.304000139E0
9.930917351E1,6.196050167E0,1.043895054E1,-4.411050320E0
9.931161712E1,2.653950214E0,4.963050365E0,-3.793050289E0
9.931406050E1,7.077000141E0,7.252050400E0,-1.569000125E0
9.931650396E1,1.051695061E1,6.984000206E0,-5.694000244E0
9.931894758E1,3.184050083E0,3.595950127E0,-8.443050385E0
9.932139096E1,1.048050046E0,6.631950378E0,-5.926050186E0
9.932383440E1,7.534050465E0,7.063050270E0,-5.332950115E0
9.932627802E1,4.480950356E0,1.255050063E0,-7.513950348E0
9.932872141E1,2.340000123E-1,3.235050201E0,-3.652050257E0
9.933116487E1,6.540000439E0,5.176050186E0,-2.134050131E0
9.933360848E1,7.809000492E0,3.196050167E0,-4.060950279E0
9.933605195E1,6.960000396E-1,2.968950033E0,-3.384000063E0
9.933849533E1,1.227000117E0,5.116050243E0,1.120950103E0
9.934093894E1,5.677950382E0,9.145950317E0,-1.195050001E0
9.934338241E1,3.109050035E0,6.223050117E0,-2.863950253E0
9.934582579E1,6.294000149E0,6.448050499E0,-9.490500689E-1
9.934826942E1,1.017300034E1,6.970050335E0,-5.256000042E0
9.935071288E1,3.439950228E0,4.198950291E0,-7.447050571E0
9.935315626E1,1.563000083E0,7.741050243E0,-4.207050323E0
9.935559988E1,7.098000526E0,7.396050453E0,-4.834950447E0
9.935804334E1,3.901950121E0,3.225000143E0,-6.357000351E0
9.936048672E1,1.306050062E0,4.834050179E0,-1.285950065E0
9.936293041E1,6.294000149E0,7.261950493E0,-6.520500183E-1
9.936537380E1,6.931050301E0,6.670050144E0,-3.408000231E0
9.936781741E1,2.671050072E0,4.565999985E0,-4.759950161E0
9.937026080E1,2.142000198E0,8.868000031E0,4.459500313E-1
9.937270427E1,5.547000408E0,1.167195034E1,-2.136000156E0
9.937514788E1,2.596950054E0,8.602950096E0,-3.640050173E0
9.937759135E1,5.749950409E0,1.064505005E1,5.610000491E-1
9.938003473E1,9.169050217E0,1.270605087E1,-6.070050240E0
9.938247835E1,2.425050020E0,8.377950668E0,-4.723950386E0
9.938492182E1,1.807050109E0,9.895050049E0,-3.826950073E0
9.938736521E1,7.294950485E0,1.124100018E1,-7.578000546E0
9.938980882E1,3.547950268E0,7.831950188E0,-8.268000603E0
9.939225229E1,-2.370000184E-1,7.075050354E0,-1.582950115E0
9.939469567E1,4.876049995E0,9.405000687E0,-3.195000067E-2
9.939713929E1,6.919050217E0,9.997950554E0,-3.187050104E0
9.939958275E1,1.783050060E0,6.345000267E0,-2.404050112E0
9.940202636E1,3.397050142E0,9.381000519E0,1.533000112E0
9.940446975E1,6.271950245E0,1.186605072E1,-3.817050219E0
9.940691321E1,2.377050161E0,9.426000595E0,-2.931000233E0
9.940935684E1,7.399950504E0,1.238100052E1,-2.052000046E0
9.941180022E1,1.034295082E1,1.004895020E1,-8.992950439E0
9.941424368E1,2.631000042E0,8.598000526E0,-7.971000195E0
9.941668730E1,5.119500160E-1,9.262950897E0,-3.331050158E0
9.941913076E1,4.969950199E0,1.003005028E1,-4.462950230E0
9.942157415E1,3.741000175E0,6.799950123E0,-6.336000443E0
9.942401777E1,9.379500151E-1,6.330000401E0,-1.843950033E0
9.942646123E1,7.195950508E0,8.421000481E0,3.405000269E-2
9.942890461E1,7.584000587E0,6.862050533E0,-5.574000359E0
9.943134823E1,1.204050064E0,5.872950077E0,-3.331050158E0
9.943379170E1,2.803050041E0,9.208050728E0,1.324950099E0
9.943623508E1,4.884000301E0,1.086000061E1,-3.805050135E0
9.943867869E1,2.070000172E0,7.089000225E0,-5.569950104E0
9.944112216E1,8.032050133E0,9.168000221E0,-4.882050037E0
9.944356555E1,1.116105080E1,7.108950138E0,-8.842950821E0
9.944600924E1,3.073050261E0,5.598000050E0,-8.536050797E0
9.944845263E1,2.530499995E-1,7.627950191E0,-1.027950048E0
9.945089624E1,5.653950214E0,9.145950317E0,-1.140000105E0
9.945333970E1,4.029000282E0,4.720950127E0,-5.641050339E0
9.945578308E1,-1.770000011E-1,5.346000195E0,-9.820500612E-1
9.945822669E1,5.319000244E0,7.024950504E0,-6.090000272E-1
9.946067016E1,6.211950302E0,4.432050228E0,-5.806950092E0
9.946311354E1,3.299999982E-2,3.796950102E0,-3.393000126E0
9.946555715E1,1.000050068E0,6.601050377E0,8.130000234E-1
9.946800061E1,4.888050079E0,8.026050568E0,-3.834000111E0
9.947044423E1,3.289050102E0,4.101000309E0,-5.590950489E0
9.947288769E1,7.474050522E0,6.874050140E0,-4.495050430E0
9.947533108E1,9.603000641E0,7.314000130E0,-6.889050484E0
9.947777469E1,2.058000088E0,3.936000109E0,-6.220950127E0
9.948021816E1,-5.910000205E-1,5.563950062E0,-3.043950081E0
9.948266178E1,4.033950329E0,6.637050152E0,-3.738000154E0
9.948510516E1,3.399000168E0,1.153950095E0,-4.345950127E0
9.948754862E1,-4.480500221E-1,1.159050107E0,-2.692050219E0
9.948999224E1,4.438050270E0,4.309950352E0,-1.044000030E0
9.949243564E1,7.150950432E0,2.286000013E0,-1.252950072E0
9.949487910E1,1.948050141E0,6.580500603E-1,-4.104000092E0
9.949732271E1,1.462050080E0,5.629050255E0,-4.849050045E0
9.949976618E1,5.635050297E0,6.442950249E0,-2.311050177E0
9.950220956E1,4.480950356E0,5.196000099E0,-1.084950089E0
9.950465318E1,6.490050316E0,8.902050018E0,-6.112950325E0
9.950709665E1,9.154950142E0,6.532050133E0,-3.999000072E0
9.950954003E1,4.606050014E0,3.286950111E0,-6.786000252E0
9.951198364E1,1.239000082E0,6.879000187E0,-1.421505070E1
9.951442711E1,7.299000263E0,5.509050369E0,-1.222800064E1
9.951687073E1,5.677950382E0,1.690050125E0,-6.778950214E0
9.951931419E1,-6.000000238E-2,3.481050253E0,-5.224950314E0
9.952175757E1,5.358000278E0,6.534000397E0,-1.633050084E0
9.952420119E1,7.263000488E0,5.535000324E0,1.882950068E0
9.952664465E1,2.733000040E0,5.940000057E0,3.499500155E-1
9.952908826E1,1.297050118E0,1.012995052E1,2.639999986E-1
9.953153165E1,2.407950163E0,1.066905022E1,3.652050257E0
9.953397511E1,3.046950102E0,9.544050217E0,-3.720000088E-1
9.953641873E1,7.456950188E0,1.133700085E1,-3.283050060E0
9.953886219E1,8.403000832E0,1.027905083E1,-9.217950821E0
9.954130558E1,1.993950129E0,6.838050365E0,-7.102050304E0
9.954374920E1,2.233050108E0,9.699000359E0,-4.344000340E0
9.954619266E1,5.535000324E0,1.314000034E1,-2.899950027E0
9.954863605E1,2.848050117E0,7.575000286E0,-4.234050274E0
9.955107975E1,9.280500412E-1,8.203050613E0,2.544000149E0
9.955352313E1,5.710050106E0,1.259595013E1,-4.395000264E-2
9.955596674E1,4.468950272E0,9.148050308E0,-6.187050343E0
9.955841021E1,8.659500480E-1,6.673050404E0,-1.650000095E0
9.956085382E1,3.736950159E0,1.159305096E1,-4.960500300E-1
9.956329720E1,4.933950424E0,1.067805004E1,-2.482950211E0
9.956574065E1,3.880050182E0,9.481050491E0,-2.497950077E0
9.956818427E1,9.319950104E0,1.139205074E1,-3.336000204E0
9.957062766E1,9.085950851E0,9.691950798E0,-8.401950836E0
9.957307112E1,1.837950110E0,8.701050758E0,-5.134050369E0
9.957551472E1,7.270500064E-1,8.883000374E0,3.000000026E-3
9.957795818E1,3.154950142E0,1.136805058E1,-2.584050179E0
9.958040157E1,1.395000100E0,7.710000515E0,-3.408000231E0
9.958284518E1,-5.205000192E-2,7.188000202E0,2.806950092E0
9.958528865E1,4.675050259E0,9.120000839E0,-7.450500131E-1
9.958773227E1,5.250000477E0,7.048950195E0,-4.003950119E0
9.959017573E1,9.810000658E-1,8.101950645E0,-1.800000072E-1
9.959261912E1,2.731050014E0,1.109505081E1,3.100500107E-1
9.959506273E1,3.255000114E0,1.167195034E1,-1.441950083E0
9.959750620E1,2.544000149E0,9.565050125E0,-1.837050080E0
9.959994978E1,9.247950554E0,1.172505093E1,-6.444000244E0
9.960239324E1,7.963050365E0,8.995050430E0,-9.052950859E0
9.960483663E1,7.339500189E-1,8.215050697E0,-4.810950279E0
9.960728024E1,1.552950025E0,1.090800095E1,3.120000064E-1
9.960972370E1,6.232050419E0,9.607950211E0,-2.091000080E0
9.961216733E1,1.945950150E0,6.244050503E0,-2.931000233E0
9.961461071E1,2.278950214E0,9.748950005E0,1.106999993E0
9.961705417E1,8.314949989E0,9.721050262E0,-3.493950129E0
9.961949779E1,2.736000061E0,6.019050121E0,-6.439050198E0
9.962194125E1,-4.120500088E-1,7.666050434E0,5.595000088E-2
9.962438463E1,3.472950220E0,1.215795040E1,4.080000222E-1
9.962682832E1,3.090000153E0,1.110000038E1,-3.072000027E0
9.962927171E1,2.743050098E0,9.702000618E0,1.500000060E-2
9.963171532E1,9.631050110E0,1.321605110E1,-6.205950260E0
9.963415879E1,7.182000160E0,1.004595089E1,-8.064000130E0
9.963660242E1,2.805000171E-2,9.406949997E0,-4.855950356E0
9.963904581E1,2.149049997E0,1.110705090E1,-2.111999989E0
9.964148926E1,5.611050129E0,9.164999962E0,-4.846950054E0
9.964393288E1,1.279950023E0,5.935050488E0,-2.815950155E0
9.964637634E1,2.776950121E0,8.734050751E0,7.380000353E-1
9.964881973E1,9.105000496E0,7.611000538E0,-4.195050240E0
9.965126334E1,3.373050213E0,4.611000061E0,-5.821050167E0
9.965370681E1,1.495950103E0,7.912950516E0,-1.849500090E-1
9.965615042E1,4.101000309E0,1.026705074E1,-1.629000068E0
9.965859381E1,3.163950205E0,7.587000370E0,-2.397000074E0
9.966103726E1,4.869000435E0,8.196000099E0,-2.803950071E0
9.966348088E1,1.149900055E1,8.554950714E0,-7.690950394E0
9.966592434E1,5.701950073E0,5.361000061E0,-9.934050560E0
9.966836796E1,5.620500445E-1,7.984950542E0,-3.724050283E0
9.967081134E1,3.622050285E0,8.571000099E0,-1.015950084E0
9.967325503E1,5.362050056E0,6.487950325E0,-2.968950033E0
9.967569842E1,1.432950020E0,4.996950150E0,-9.750000238E-1
9.967814188E1,5.599050045E0,7.390950203E0,7.690500617E-1
9.968058550E1,8.451000214E0,4.434000015E0,-5.626950264E0
9.968302896E1,4.210500121E-1,4.398000240E0,-4.717050076E0
9.968547234E1,1.516950130E0,8.574000359E0,-4.050000310E-1
9.968791596E1,4.984050274E0,8.515950203E0,-1.468050122E0
9.969035965E1,3.307950258E0,7.228050232E0,-3.070050240E0
9.969280304E1,7.081050396E0,1.068300056E1,-3.352050066E0
9.969524650E1,1.089600086E1,9.711000443E0,-8.221950531E0
9.969768989E1,1.414050102E0,7.048950195E0,-6.889050484E0
9.970013358E1,4.920000136E-1,9.426000595E0,1.800000072E-1
9.970257696E1,6.054000378E0,9.309000015E0,-4.015950203E0
9.970502058E1,3.622050285E0,4.168050289E0,-6.616050243E0
9.970746404E1,9.619500637E-1,3.780000210E0,-2.265000105E0
9.970990765E1,9.403950691E0,4.662000179E0,-5.548050404E0
9.971235112E1,8.974950790E0,1.674000025E0,-9.240000725E0
9.971479450E1,1.182000041E0,1.891050100E0,-5.050050259E0
9.971723812E1,2.662050009E0,4.492050171E0,1.806000113E0
9.971968158E1,6.247950077E0,5.659950256E0,1.387050033E0
9.972212518E1,3.423000097E0,4.570950031E0,5.400000140E-2
9.972456857E1,4.816050053E0,7.800000191E0,9.390000701E-1
9.972701202E1,4.681950092E0,5.224050045E0,-8.410500288E-1
9.972945564E1,1.090950012E0,3.718050241E0,-4.368000031E0
9.973189910E1,8.370000124E-1,5.473050117E0,-9.004950523E0
9.973434271E1,5.628000259E0,3.783000231E0,-1.128495026E1
9.973678610E1,3.652950287E0,1.165950060E0,-6.172950268E0
9.973922979E1,-7.800000310E-1,4.558950424E0,-4.549500346E-1
9.974167318E1,3.174000263E0,7.044000149E0,3.316950083E0
9.974411663E1,3.217050076E0,4.603950024E0,4.828050137E0
9.974656025E1,1.849950075E0,4.245000362E0,-5.805000290E-2
9.974900371E1,1.930950046E0,8.614950180E0,6.599999964E-2
9.975144732E1,2.302050114E0,7.237950325E0,2.662950039E0
9.975389071E1,3.861000299E0,8.950050354E0,9.469500184E-1
9.975633417E1,1.327995110E1,8.907000542E0,-9.477000237E0
9.975877778E1,6.246000290E0,3.730050087E0,-1.249605083E1
9.976122125E1,-8.070000410E-1,6.904950142E0,-9.039000511E0
9.976366486E1,4.081050396E0,9.550950050E0,-5.593950272E0
9.976610825E1,4.753950119E0,6.378000259E0,-5.095950127E0
9.976855195E1,-5.220000148E-1,4.678050041E0,9.510000348E-1
9.977099533E1,4.699050426E0,7.827000141E0,4.990950108E0
9.977343880E1,7.098000526E0,7.791000366E0,-5.059500337E-1
9.977588241E1,1.740000099E-1,4.542000294E0,-2.205000073E-2
9.977832587E1,1.144050002E0,8.758049965E0,1.584000111E0
9.978076948E1,5.371950150E0,1.244295025E1,1.180500090E-1
9.978321294E1,1.960050106E0,9.651000023E0,-3.787950277E0
9.978565632E1,5.239950180E0,1.257705021E1,-4.819500148E-1
9.978809994E1,9.198000908E0,1.249305058E1,-1.063395023E1
9.979054340E1,2.317050219E0,8.835000038E0,-5.953050137E0
9.979298703E1,1.648950100E0,1.059000015E1,1.420500129E-1
9.979543049E1,6.081000328E0,1.322595024E1,-4.887000084E0
9.979787388E1,4.524000168E0,7.453050137E0,-5.554950237E0
9.980031749E1,2.074949980E0,8.313000679E0,-1.971000075E0
9.980276095E1,8.911050797E0,1.031700039E1,-4.791000366E0
9.980520456E1,5.797950268E0,6.508050442E0,-6.843000412E0
9.980764802E1,8.640000224E-1,7.077000141E0,-3.019950151E0
9.981009164E1,4.702050209E0,1.100205040E1,-5.130000114E-1
9.981253510E1,4.703999996E0,1.067100048E1,-1.971000075E0
9.981497848E1,3.670050144E0,9.613050461E0,7.140000463E-1
9.981742218E1,1.024395084E1,1.262505054E1,-3.538950205E0
9.981986556E1,5.868000507E0,8.770050049E0,-7.923000336E0
9.982230918E1,3.750000298E-1,9.345000267E0,-3.586950064E0
9.982475264E1,2.142000198E0,1.099200058E1,-1.216950059E0
9.982719626E1,5.118000031E0,8.433000565E0,-4.019999981E0
9.982963970E1,1.510050058E0,6.132000446E0,-1.654950023E0
9.983208308E1,5.002950191E0,9.790050507E0,-5.100000277E-2
9.983452670E1,7.933950424E0,9.400050163E0,-4.918050289E0
9.983697016E1,1.776000142E0,6.775950432E0,-3.574950218E0
9.983941378E1,2.061000109E0,1.039605045E1,1.660500020E-1
9.984185727E1,5.506050110E0,1.232595062E1,-2.968950033E0
9.984430088E1,3.591000080E0,1.034805012E1,-3.991950274E0
9.984674427E1,8.263950348E0,1.270905018E1,-6.403050423E0
9.984918796E1,1.090800095E1,1.006800079E1,-1.058295059E1
9.985163141E1,1.777950048E0,8.104949951E0,-7.282050133E0
9.985407479E1,3.010500073E-1,9.508050919E0,-3.195000067E-2
9.985651840E1,5.800950050E0,9.610950470E0,-1.758000135E0
9.985896187E1,3.676950216E0,5.476050377E0,-4.999950409E0
9.986140548E1,2.298000097E0,6.346950531E0,-5.010000467E-1
9.986384894E1,9.186000824E0,8.145000458E0,-2.221950054E0
9.986629256E1,6.187950134E0,4.302000046E0,-7.960950375E0
9.986873595E1,6.340500116E-1,6.543000221E0,-2.431050062E0
9.987117940E1,4.978950024E0,9.259050369E0,-1.132950068E0
9.987362302E1,4.210950375E0,7.852950573E0,-1.702950120E0
9.987606648E1,4.120050430E0,8.944950104E0,-1.678950071E0
9.987851010E1,1.193505096E1,1.087500095E1,-5.455050468E0
9.988095356E1,7.149000168E0,5.896950245E0,-1.030095005E1
9.988339694E1,-2.779500186E-1,7.930050373E0,-6.970050335E0
9.988584056E1,3.769950151E0,9.565050125E0,-3.156000137E0
9.988828402E1,7.729950428E0,4.414950371E0,-6.043950081E0
9.989072764E1,9.660000205E-1,4.354950428E0,-3.063000202E0
9.989317110E1,5.413050175E0,8.392050743E0,9.540000558E-1
9.989561471E1,1.018905067E1,6.115050316E0,-3.244950056E0
9.989805818E1,1.396950126E0,3.982050180E0,-4.132950306E0
9.990050178E1,2.431950092E0,8.140049934E0,-7.879500389E-1
9.990294525E1,5.647050381E0,9.771000862E0,-1.854000092E0
9.990538886E1,1.941000104E0,6.912000179E0,-3.340950251E0
9.990783225E1,5.893950462E0,1.018500042E1,-4.549950123E0
9.991027571E1,1.143900013E1,8.152050018E0,-1.022205067E1
9.991271940E1,4.999500215E-1,6.994050503E0,-5.277000427E0
9.991516279E1,6.259500384E-1,9.826050758E0,2.830950022E0
9.991760640E1,4.663050175E0,1.093695068E1,1.035000086E0
9.992004986E1,1.759050131E0,6.538950443E0,-2.304000139E0
9.992249348E1,4.920000136E-1,9.442950249E0,8.479500413E-1
9.992493686E1,7.749000549E0,1.378605080E1,-3.436050177E0
9.992738055E1,3.598050117E0,9.850050926E0,-6.706950188E0
9.992982402E1,2.009999990E0,1.292205048E1,-1.128000021E0
9.993226763E1,5.185050011E0,1.793295097E1,-3.163050175E0
9.993471102E1,5.668950081E0,1.703505135E1,-2.173950195E0
9.993715448E1,1.004295063E1,1.808595085E1,-4.522950172E0
9.993959810E1,1.111095047E1,2.042100143E1,-1.215600014E1
9.994204156E1,4.869000435E0,1.371705055E1,-1.126800060E1
9.994448517E1,5.809500217E-1,1.116705036E1,-5.704050064E0
9.994692864E1,3.459000111E0,1.197600079E1,-4.717050076E0
9.994937226E1,2.868000031E0,1.000605011E1,-8.023950577E0
9.995181565E1,-1.150500029E-1,3.706050158E0,-2.350500077E-1
9.995425911E1,4.263000011E0,3.711000204E0,-1.810950041E0
9.995670272E1,5.688000202E0,2.667000055E0,-7.042050362E0
9.995914619E1,5.260500312E-1,3.400500119E-1,-5.239050388E0
9.996158978E1,3.094950199E0,2.409000158E0,6.745950222E0
9.996403325E1,4.183950424E0,7.381050587E0,4.404000282E0
9.996647686E1,1.821000099E0,5.635950089E0,2.761950016E0
9.996892032E1,2.005950212E0,1.169805050E1,5.812050343E0
9.997136394E1,3.303000212E0,7.546950340E0,2.448000193E0
9.997380740E1,1.539000034E0,3.061950207E0,2.199000120E0
9.997625102E1,3.756000280E0,6.337950230E0,-7.720050335E0
9.997869440E1,8.428950310E0,3.843000174E0,-1.355895042E1
9.998113786E1,4.867050171E0,8.119500279E-1,-1.446000099E1
9.998358148E1,4.831050396E0,5.671950340E0,-1.282395077E1
9.998602494E1,1.233000088E1,5.485050201E0,-8.304000854E0
9.998846856E1,4.069050312E0,5.908950329E0,-3.307050228E0
9.999091202E1,-4.140000343E-1,1.075305080E1,2.014950037E0
9.999335563E1,1.654050112E0,1.281405067E1,5.452950478E0
9.999579910E1,1.957950115E0,1.068795013E1,2.388000011E0
9.999824271E1,2.911050081E0,1.276095104E1,-2.521950006E0
1.000006862E2,9.997950554E0,1.374600029E1,-5.023950100E0
1.000031296E2,3.247950077E0,9.532050133E0,-8.934000015E0
1.000055733E2,3.741000175E0,1.164105034E1,-4.504050255E0
1.000080166E2,6.270000458E0,1.148505020E1,-7.762950420E0
1.000104602E2,2.544000149E0,8.512050629E0,-5.608050346E0
1.000129037E2,1.563000083E0,1.074495029E1,-2.419500053E-1
1.000153473E2,7.552950382E0,1.049895096E1,-4.600050449E0
1.000177908E2,3.322050095E0,7.024950504E0,-5.392050266E0
1.000202344E2,2.286000013E0,8.586000443E0,-1.072950006E0
1.000226778E2,5.973000050E0,8.764950752E0,-3.810000181E0
1.000251215E2,3.696000099E0,6.679950237E0,-4.118999958E0
1.000275649E2,6.670050144E0,1.064505005E1,-2.023950100E0
1.000300083E2,9.265050888E0,9.309000015E0,-7.468050480E0
1.000324519E2,2.578050137E0,4.438950062E0,-6.115050316E0
1.000348956E2,8.040000200E-1,8.445000648E0,8.130000234E-1
1.000373390E2,5.446050167E0,5.521050453E0,-8.650500178E-1
1.000397827E2,3.436950207E0,2.230950117E0,-6.970500350E-1
1.000422261E2,3.142950058E0,7.063050270E0,1.576050043E0
1.000446695E2,8.704950333E0,7.609050274E0,-9.220500588E-1
1.000471132E2,4.477050304E0,4.374000072E0,-3.417000055E0
1.000495566E2,8.299500346E-1,8.251049995E0,1.159500033E-1
1.000520002E2,3.241050243E0,1.093695068E1,-2.638950109E0
1.000544437E2,2.098950148E0,8.100000381E0,-3.343050241E0
1.000568873E2,3.373050213E0,1.117200089E1,-3.151050091E0
1.000593308E2,9.748950005E0,1.029795074E1,-1.048005009E1
1.000617744E2,3.612000227E0,5.892000198E0,-1.055700016E1
1.000642179E2,-1.004999995E0,6.757050514E0,-2.653050184E0
1.000666615E2,5.523000240E0,6.529050350E0,-3.436050177E0
1.000691048E2,4.651050091E0,1.573050022E0,-7.471050262E0
1.000715485E2,1.411950111E0,1.210950017E0,-2.548050165E0
1.000739920E2,6.784950256E0,5.500050068E0,-6.300000548E-1
1.000764356E2,5.815050125E0,2.113950014E0,-2.911950111E0
1.000788790E2,5.070000291E-1,1.003050089E0,3.790500164E-1
1.000813225E2,1.867050052E0,5.181000233E0,1.465950012E0
1.000837661E2,1.792950034E0,4.894050121E0,4.699050426E0
1.000862095E2,2.191950083E0,3.177000046E0,4.501950264E0
1.000886532E2,7.362000465E0,6.760950089E0,2.194050074E0
1.000910966E2,9.442049980E0,2.059050083E0,-3.565950155E0
1.000935402E2,7.374000549E0,1.365000010E0,-1.349895096E1
1.000959837E2,5.731050491E0,4.240050316E0,-1.996905136E1
1.000984273E2,9.040050507E0,1.186950088E0,-2.173095131E1
1.001008708E2,1.443000078E0,2.037000179E0,-1.761000061E1
1.001033144E2,3.768000126E0,5.281950474E0,-9.739950180E0
1.001057578E2,6.676950455E0,6.898050308E0,-2.389950037E0
1.001082012E2,4.024050236E0,7.374000549E0,2.127000093E0
1.001106449E2,3.732000113E0,8.827950478E0,-1.261950016E0
1.001130885E2,3.379950047E0,1.148100090E1,3.030000210E0
1.001155320E2,3.343950272E0,1.085100079E1,4.993050098E0
1.001179756E2,3.306000233E0,1.360905075E1,1.873050094E0
1.001204190E2,2.800950050E0,1.213200092E1,2.575050116E0
1.001228625E2,2.061000109E0,8.509050369E0,3.427050114E0
1.001253061E2,1.291950107E0,1.006305027E1,-6.949500442E-1
1.001277495E2,2.062950134E0,1.177695084E1,-1.060950041E0
1.001301932E2,2.188050032E0,6.663000107E0,2.838000059E0
1.001326366E2,4.041000366E0,7.305000305E0,-2.014050007E0
1.001350802E2,1.053405094E1,8.208000183E0,-1.540095043E1
1.001375237E2,1.021950006E0,7.252050400E0,-8.886000633E0
1.001399673E2,-3.299999982E-2,7.329000473E0,-3.124950171E0
1.001424108E2,2.941950083E0,1.157895088E1,-4.243050098E0
1.001448544E2,1.984050035E0,1.107300091E1,2.740500271E-1
1.001472979E2,4.299000263E0,1.287600040E1,2.898000240E0
1.001497415E2,5.980050087E0,1.042905045E1,-4.039950371E0
1.001521849E2,1.524000049E0,5.796000481E0,-5.680050373E0
1.001546286E2,5.278950214E0,1.046505070E1,-7.408050537E0
1.001570720E2,1.218900013E1,5.473050117E0,-1.543905067E1
1.001595156E2,5.235000134E0,3.690000057E0,-1.678395081E1
1.001619591E2,2.832000017E0,6.223050117E0,-7.450950146E0
1.001644027E2,9.643050194E0,3.886050224E0,-5.602950096E0
1.001668462E2,4.539000034E0,2.725050211E0,-9.022050858E0
1.001692898E2,3.379950047E0,6.211050510E0,-1.990050077E0
1.001717332E2,3.507000208E0,6.061950207E0,1.741950035E0
1.001741766E2,3.064050198E0,4.779000282E0,4.948050022E0
1.001766203E2,4.170000076E0,8.380050659E0,4.750950336E0
1.001790637E2,8.128050804E0,7.422000408E0,1.657950044E0
1.001815074E2,5.386050224E0,2.344050169E0,-5.244000435E0
1.001839510E2,4.642050266E0,5.442000389E0,-1.226205063E1
1.001863945E2,9.732000351E0,3.876000166E0,-1.855905151E1
1.001888381E2,8.105999947E0,6.919500232E-1,-1.728000069E1
1.001912815E2,2.046000004E0,4.570950031E0,-1.427805042E1
1.001937250E2,8.812950134E0,5.965950489E0,-1.338705063E1
1.001961686E2,5.520000458E0,6.414000511E0,-7.441950321E0
1.001986120E2,-4.639500082E-1,7.912950516E0,-6.051000118E0
1.002010556E2,-1.410000026E-1,1.025205040E1,-4.308000088E0
1.002034991E2,1.759050131E0,1.170600033E1,2.593950033E0
1.002059427E2,1.366050124E0,1.616400146E1,2.836050034E0
1.002083862E2,2.917950153E0,1.640295029E1,-1.849500090E-1
1.002108298E2,2.068050146E0,1.425495052E1,1.744050026E0
1.002132733E2,-3.640500307E-1,1.412400055E1,-1.629000068E0
1.002157169E2,-1.822050095E0,1.543605042E1,-3.250050068E0
1.002181603E2,-1.348050117E0,9.852000237E0,4.444950104E0
1.002206040E2,-2.557050228E0,1.020405006E1,-7.090500593E-1
1.002230474E2,-2.770050049E0,1.419795036E1,4.063950062E0
1.002254910E2,-3.420000076E-1,9.189000130E0,1.005900002E1
1.002279345E2,2.479500175E-1,9.856950760E0,9.087000847E0
1.002303781E2,7.200000286E-1,1.002705002E1,8.809050560E0
1.002328216E2,1.339950085E0,3.454950094E0,9.898950577E0
1.002352652E2,1.876050115E0,1.108050108E0,6.925050259E0
1.002377086E2,1.704000115E0,8.689500690E-1,6.427050114E0
1.002401522E2,2.772000074E0,2.286000013E0,1.074000001E0
1.002425957E2,1.857000113E0,3.115050077E0,3.183000088E0
1.002450393E2,2.463000059E0,3.165000200E0,7.251000404E0
1.002474828E2,2.152050018E0,3.514950275E0,2.887950182E0
1.002499264E2,1.941000104E0,2.194950104E0,-8.190000653E-1
1.002523698E2,9.259500504E-1,6.816000462E0,-3.184950113E0
1.002548134E2,7.339500189E-1,1.022100067E1,5.271000385E0
1.002572569E2,4.603050232E0,8.566950798E0,1.176600075E1
1.002597005E2,1.913700104E1,1.059705067E1,-1.070100021E1
1.002621440E2,1.867200089E1,1.234995079E1,-3.729195023E1
1.002645876E2,1.929705048E1,5.382000446E0,-5.082405090E1
1.002670311E2,1.054800034E1,8.992950439E0,-5.081205368E1
1.002694747E2,3.114000082E0,6.373050213E0,-3.249105072E1
1.002719181E2,1.210500076E-1,6.778050423E0,-1.772100067E1
1.002743618E2,2.856000185E0,4.350000381E0,-2.539499998E-1
1.002768052E2,5.214000225E0,1.657095146E1,1.484295082E1
1.002792488E2,3.157050133E0,1.426005077E1,2.749950171E0
1.002816923E2,1.195950031E0,6.172050476E0,6.619500518E-1
1.002841359E2,4.608000278E0,8.016000748E0,5.520000458E0
1.002865794E2,4.747050285E0,1.048200035E1,3.370050192E0
1.002890230E2,4.726050377E0,1.124805069E1,3.580500185E-1
1.002914664E2,3.495000124E0,9.682050705E0,4.714950085E0
1.002939101E2,1.906950116E0,9.213000298E0,5.879999995E-1
1.002963535E2,2.889000177E0,1.310595036E1,4.105050087E0
1.002987971E2,2.092050076E0,9.646050453E0,5.560050488E0
1.003012406E2,9.400500655E-1,3.903000116E0,2.082000017E0
1.003036842E2,2.274000168E0,7.231050491E0,8.170500398E-1
1.003061277E2,3.567000151E0,1.066605091E1,2.078999996E0
1.003085713E2,1.357050061E0,5.928000450E0,-2.425950050E0
1.003110148E2,-9.310500622E-1,8.014050484E0,-1.483050108E0
1.003134584E2,-6.649500132E-1,9.010050774E0,5.560500026E-1
1.003159018E2,2.820000052E-1,8.320050240E0,7.909500599E-1
1.003183455E2,4.950000346E-1,1.205295086E1,-1.996950150E0
1.003207889E2,2.305050135E0,1.029495049E1,-2.400000021E-2
1.003232325E2,8.539500237E-1,8.064000130E0,-1.557000041E0
1.003256760E2,2.992050171E0,1.410000038E1,1.227000117E0
1.003281196E2,2.596950054E0,1.020405006E1,6.037050247E0
1.003305631E2,-9.795000404E-2,3.214950085E0,8.479500413E-1
1.003330067E2,1.567050099E0,6.936000347E0,4.957050323E0
1.003354501E2,2.515950203E0,6.189000130E0,6.007950306E0
1.003378938E2,-9.499500394E-1,1.270950079E0,9.900000691E-1
1.003403372E2,7.819500566E-1,1.984950066E0,3.019950151E0
1.003427808E2,2.500950098E0,4.183050156E0,6.937050343E0
1.003452243E2,2.274000168E0,4.414950371E0,1.809000134E0
1.003476679E2,1.654050112E0,5.679000378E0,1.450500041E-1
1.003501114E2,2.781000137E0,7.104000568E0,2.326050043E0
1.003525550E2,1.613895035E1,9.250950813E0,-1.022205067E1
1.003549985E2,1.547595119E1,9.129000664E0,-2.370405197E1
1.003574421E2,1.123095036E1,7.189950466E0,-2.827905083E1
1.003598855E2,2.985000134E0,5.839950085E0,-2.801595116E1
1.003623292E2,2.836050034E0,5.598000050E0,-2.752500153E1
1.003647726E2,5.805000305E0,1.860000134E0,-1.851300049E1
1.003672163E2,3.694050074E0,-5.160000324E-1,-9.702000618E0
1.003696597E2,4.807050228E0,1.318950057E0,-4.666950226E0
1.003721034E2,3.571050167E0,1.281000018E0,2.599500120E-1
1.003745468E2,4.489500225E-1,3.972000122E0,1.188900089E1
1.003769905E2,5.877000332E0,1.578795052E1,6.822000504E0
1.003794339E2,6.531000137E0,1.116705036E1,3.769950151E0
1.003818775E2,6.093000412E0,1.956000090E0,1.651050091E0
1.003843212E2,1.204500103E1,5.659950256E0,-3.795000076E0
1.003867646E2,1.312200069E1,6.334950447E0,-1.015500069E1
1.003892082E2,3.526050091E0,5.358000278E0,-1.514205074E1
1.003916517E2,2.650500238E-1,1.045605087E1,-8.722949982E0
1.003940953E2,1.524000049E0,1.078095055E1,3.861000299E0
1.003965388E2,3.262950182E0,9.394950867E0,6.489000320E0
1.003989824E2,2.665950060E0,1.307295036E1,-1.453950047E0
1.004014259E2,3.142950058E0,1.525200081E1,-1.831950068E0
1.004038695E2,4.369050026E0,1.035795021E1,6.256950378E0
1.004063130E2,2.041949987E0,8.068950653E0,2.326050043E0
1.004087566E2,1.084050059E0,1.143705082E1,-7.092000484E0
1.004112000E2,1.651050091E0,8.077950478E0,-1.066050053E0
1.004136436E2,1.114950061E0,9.418950081E0,-1.566000104E0
1.004160871E2,2.844000101E0,1.073805046E1,3.817050219E0
1.004185307E2,1.831050038E0,5.413050175E0,1.657950044E0
1.004209742E2,5.110950470E0,3.316050053E0,-6.433950424E0
1.004234178E2,7.381050587E0,8.218950272E0,-7.921050549E0
1.004258613E2,3.526050091E0,6.385050297E0,-5.023950100E0
1.004283049E2,2.544000149E0,8.173950195E0,1.102050066E0
1.004307484E2,1.251000047E0,1.061595058E1,2.553000212E0
1.004331920E2,-1.030500084E-1,5.820000172E0,-1.714950085E0
1.004356354E2,2.062950134E0,5.848950386E0,-2.209500074E-1
1.004380790E2,6.006000519E0,6.943050385E0,-4.807950020E0
1.004405225E2,5.140050411E0,5.124000072E0,-7.176000118E0
1.004429661E2,4.819050312E0,9.667950630E0,-5.281950474E0
1.004454098E2,8.659049988E0,8.236050606E0,-6.355050087E0
1.004478533E2,1.024049997E0,7.543950558E0,-6.592050076E0
1.004502969E2,1.909500062E-1,8.353950500E0,2.587050200E0
1.004527404E2,4.222949982E0,1.243800068E1,6.139500141E-1
1.004551840E2,2.800950050E0,8.230950356E0,-2.944950104E0
1.004576274E2,2.460000068E-1,6.883050442E0,-2.950500250E-1
1.004600711E2,4.102950096E0,1.164600086E1,-1.440000087E-1
1.004625145E2,4.450050354E0,9.787950516E0,-6.597000122E0
1.004649581E2,7.410000563E-1,7.104000568E0,-6.450000405E-1
1.004674016E2,2.884050131E0,1.073595047E1,-2.265000105E0
1.004698452E2,2.665950060E0,8.559000015E0,-4.186050415E0
1.004722887E2,7.459500432E-1,9.814050674E0,1.381950021E0
1.004747323E2,6.568950176E0,1.274700069E1,-1.024950027E0
1.004771758E2,3.792000294E0,1.091100025E1,-5.440050125E0
1.004796194E2,1.089000106E0,8.719950676E0,-1.687950134E0
1.004820631E2,6.504000187E0,1.003695011E1,-6.100950241E0
1.004845065E2,6.955050468E0,7.345950127E0,-8.883000374E0
1.004869502E2,2.631000042E0,7.516050339E0,-6.381000519E0
1.004893936E2,8.734050751E0,1.000800037E1,-5.677050114E0
1.004918372E2,7.405050278E0,7.231050491E0,-7.867950439E0
1.004942807E2,1.837950110E0,7.815000534E0,-5.974050522E0
1.004967243E2,5.464950085E0,9.249000549E0,-4.380000114E0
1.004991678E2,5.020050049E0,6.582000256E0,-6.451050282E0
1.005016114E2,1.872000098E0,6.663000107E0,-4.720050335E0
1.005040549E2,8.085000038E0,1.099695015E1,-1.183050036E0
1.005064985E2,7.921950340E0,6.532050133E0,-4.576050282E0
1.005089419E2,5.910000205E-1,5.734050274E0,-3.613050222E0
1.005113855E2,2.773950100E0,8.566950798E0,-5.100000277E-2
1.005138290E2,6.544950485E0,6.393000126E0,-4.983000278E0
1.005162726E2,7.170000076E-1,3.274950266E0,-5.349000454E0
1.005187161E2,3.202950239E0,7.798050404E0,-1.083000064E0
1.005211597E2,8.655000687E0,7.020000458E0,-4.018050194E0
1.005236031E2,2.641950130E0,5.440050125E0,-2.056950092E0
1.005260468E2,1.467000127E0,8.872950554E0,3.172950268E0
1.005284902E2,3.082950115E0,1.011300087E1,1.612050056E0
1.005309339E2,2.482050180E0,8.445000648E0,-9.460500479E-1
1.005333775E2,3.126000166E0,1.007295036E1,1.639050126E0
1.005358210E2,8.061000824E0,1.354695034E1,-5.119050026E0
1.005382646E2,2.833950043E0,7.597050190E0,-5.083950043E0
1.005407081E2,2.131950140E0,9.691950798E0,2.479500175E-1
1.005431517E2,6.094950199E0,1.508595085E1,-4.092000008E0
1.005455951E2,3.744000196E0,1.003005028E1,-2.863950253E0
1.005480387E2,1.299000025E0,9.970050812E0,5.920500159E-1
1.005504822E2,5.395950317E0,1.683900070E1,1.054050088E0
1.005529258E2,5.178000450E0,1.325205040E1,-3.340950251E0
1.005553693E2,1.498050094E0,1.238805103E1,-2.317950010E0
1.005578130E2,4.369050026E0,1.530405045E1,-5.124000072E0
1.005602566E2,3.078000069E0,1.279500103E1,-8.289000511E0
1.005627000E2,3.970500231E-1,1.010100079E1,-1.024950027E0
1.005651436E2,5.179950237E0,1.333095074E1,-3.609000206E0
1.005675871E2,4.714050293E0,1.176495075E1,-4.019999981E0
1.005700307E2,2.119500041E-1,5.854050159E0,-9.439500570E-1
1.005724742E2,3.222000122E0,7.575000286E0,6.810000539E-1
1.005749178E2,4.516950130E0,9.667950630E0,-3.349950075E0
1.005773612E2,9.349500537E-1,4.582950115E0,1.469999999E-1
1.005798049E2,4.275000095E0,8.995050430E0,3.079950094E0
1.005822483E2,5.482050419E0,9.739950180E0,-1.357950091E0
1.005846919E2,1.432950020E0,5.859000206E0,-5.250000358E-1
1.005871354E2,3.346050262E0,9.376049995E0,-2.209950209E0
1.005895791E2,6.141000271E0,7.525050163E0,-7.830000401E0
1.005920224E2,1.102950096E0,5.679000378E0,-6.739950180E0
1.005944661E2,5.893950462E0,9.745050430E0,-4.260000229E0
1.005969095E2,1.092405033E1,7.053000450E0,-8.548050880E0
1.005993532E2,1.543950081E0,5.176050186E0,-7.794000149E0
1.006017968E2,1.065000057E0,7.489050388E0,-3.277950048E0
1.006042403E2,8.805000305E0,6.655950546E0,-4.291050434E0
1.006066839E2,4.125000000E0,2.899050236E0,-8.464050293E0
1.006091273E2,9.619500637E-1,4.530000210E0,-3.120000124E0
1.006115710E2,9.331950188E0,6.988950253E0,-1.875000119E0
1.006140144E2,4.390050411E0,2.971050024E0,-5.127000332E0
1.006164581E2,8.100000024E-2,3.742050171E0,-1.887000084E0
1.006189015E2,7.338000298E0,8.004000664E0,-1.456050038E0
1.006213452E2,4.929000378E0,4.911000252E0,-1.542000055E0
1.006237886E2,2.398050070E0,7.996950150E0,5.680500269E-1
1.006262323E2,8.287950516E0,1.358700085E1,-4.870500267E-1
1.006286759E2,6.694050312E0,9.028950691E0,-3.754950285E0
1.006311193E2,1.620000005E-1,1.015905094E1,-6.067950249E0
1.006335629E2,2.379000187E0,1.494000053E1,-1.114050031E0
1.006360064E2,3.126000166E0,1.130595016E1,-3.736050129E0
1.006384500E2,1.174950004E0,1.115205097E1,9.730500579E-1
1.006408935E2,3.025950193E0,1.539300060E1,4.039950371E0
1.006433371E2,4.435950279E0,1.507905102E1,-2.440050125E0
1.006457805E2,2.977950096E0,1.234995079E1,-3.312000275E0
1.006482242E2,6.651000500E0,1.377705097E1,-5.553000450E0
1.006506678E2,5.238000393E0,1.171800041E1,-1.028895092E1
1.006531113E2,1.117050052E0,8.157000542E0,-6.748050213E0
1.006555549E2,3.732000113E0,1.126305008E1,-4.416000366E0
1.006579984E2,7.330050468E0,1.157100010E1,-9.379050255E0
1.006604420E2,1.864050031E0,6.220050335E0,-1.861050129E0
1.006628854E2,1.567050099E0,4.269000053E0,3.039000034E0
1.006653290E2,5.056050301E0,9.520050049E0,1.210050106E0
1.006677727E2,2.824050188E0,7.537050247E0,-1.698000073E0
1.006702162E2,-4.690500200E-1,2.860950232E0,3.220950127E0
1.006726598E2,6.550500393E-1,8.236050606E0,7.696050167E0
1.006751033E2,6.979500055E-1,6.682050228E0,4.015950203E0
1.006775469E2,6.430500150E-1,5.590950489E0,3.679050207E0
1.006799903E2,7.120050430E0,8.473050117E0,2.994000196E0
1.006824340E2,4.543950081E0,4.437000275E0,-3.690000057E0
1.006848774E2,2.994000196E0,7.021950245E0,8.220000267E-1
1.006873210E2,1.078500080E1,1.083195019E1,-9.481950760E0
1.006897647E2,6.448950291E0,5.562000275E0,-1.868505096E1
1.006922081E2,-1.764000058E0,4.957950115E0,-1.097595024E1
1.006946518E2,3.540000200E0,7.084950447E0,-6.682950497E0
1.006970953E2,6.595050335E0,6.105000496E0,-6.466950417E0
1.006995389E2,4.090500176E-1,3.661050081E0,-2.650950193E0
1.007019823E2,5.623050213E0,8.148000717E0,9.439500570E-1
1.007044259E2,7.917000294E0,9.177000046E0,-2.770950079E0
1.007068694E2,8.160000443E-1,4.336050034E0,-1.942050099E0
1.007093130E2,9.739500284E-1,7.894050598E0,1.311000109E0
1.007117567E2,4.572000027E0,6.835950375E0,-4.375050068E0
1.007142002E2,1.198950052E0,3.910050154E0,-5.323050022E0
1.007166438E2,1.809000134E0,6.105000496E0,-2.011950016E0
1.007190872E2,7.299000263E0,4.396049976E0,-5.128950119E0
1.007215309E2,1.660950065E0,1.792950034E0,-4.891950130E0
1.007239743E2,-2.892000198E0,5.080950260E0,-1.368000031E0
1.007264179E2,2.374050140E0,4.068000317E0,7.500000298E-2
1.007288614E2,4.696950436E0,1.836000085E0,-8.860500455E-1
1.007313050E2,1.563000083E0,2.221950054E0,2.103000164E0
1.007337484E2,3.187950134E0,9.201000214E0,3.013050079E0
1.007361921E2,8.407950401E0,9.630000114E0,3.390000165E-1
1.007386358E2,2.041949987E0,6.031050205E0,-4.674000263E0
1.007410792E2,3.514050245E0,1.357605076E1,-1.971000075E0
1.007435228E2,4.711050034E0,1.221300030E1,-5.905050278E0
1.007459663E2,2.797950029E0,1.074795055E1,-1.030500084E-1
1.007484099E2,7.231950283E0,1.525200081E1,-3.301950216E0
1.007508533E2,4.909950256E0,1.389195061E1,-8.266050339E0
1.007532970E2,2.712000132E0,9.642000198E0,-4.758000374E0
1.007557407E2,3.837000132E0,9.036000252E0,-4.063950062E0
1.007581841E2,5.676000118E0,1.331205082E1,-1.025295067E1
1.007606277E2,3.025950193E0,8.301000595E0,-1.055400085E1
1.007630712E2,1.467000127E0,6.856950283E0,-5.742000103E0
1.007655148E2,8.049000740E0,1.090095043E1,-8.586000443E0
1.007679583E2,3.267000198E0,7.240050316E0,-9.979950905E0
1.007704020E2,1.279950023E0,7.048950195E0,-6.060000062E-1
1.007728454E2,2.068050146E0,1.501695061E1,2.094000101E0
1.007752890E2,1.000500023E-1,7.800000191E0,-1.648050070E0
1.007777327E2,1.852050066E0,8.605050087E0,5.476950169E0
1.007801760E2,7.318950176E0,1.261500072E1,4.894950390E0
1.007826197E2,8.962950706E0,4.393050194E0,-8.070000410E-1
1.007850632E2,6.363000393E0,5.847000122E0,-5.388000488E0
1.007875068E2,8.458050728E0,7.021950245E0,-8.934000015E0
1.007899503E2,1.167600060E1,2.827950239E0,-1.642995071E1
1.007923939E2,2.470050097E0,4.555950165E0,-1.264005089E1
1.007948376E2,3.832050085E0,8.121000290E0,-2.196000099E0
1.007972810E2,9.028050423E0,7.551000595E0,-1.819500029E-1
1.007997247E2,4.361999989E0,6.855000496E0,-2.329500169E-1
1.008021681E2,1.330050111E0,9.131999969E0,2.881050110E0
1.008046117E2,2.322000027E0,1.292400074E1,5.089499950E-1
1.008070552E2,3.313050270E0,1.022100067E1,2.275050163E0
1.008094989E2,8.659500480E-1,1.123200035E1,-1.462950110E0
1.008119423E2,2.062950134E0,1.385805035E1,1.015950084E0
1.008143860E2,2.887050152E0,9.418950081E0,3.094050169E0
1.008168296E2,1.362000108E0,8.381999969E0,-1.174050093E0
1.008192730E2,1.374000072E0,1.106205082E1,-3.664050102E0
1.008217167E2,2.053050041E0,9.430950165E0,4.080000222E-1
1.008241601E2,6.220500469E-1,6.181950092E0,-2.230500132E-1
1.008266037E2,6.105000153E-2,1.230705070E1,-3.762000084E0
1.008290474E2,1.804050088E0,1.331700039E1,4.392000198E0
1.008314909E2,6.220500469E-1,6.213000298E0,-4.429500103E-1
1.008339345E2,-1.129950047E0,8.895000458E0,-2.349000216E0
1.008363780E2,-6.750000119E-1,1.229895020E1,2.683050156E0
1.008388216E2,-1.770000011E-1,3.759000063E0,1.009050012E0
1.008412651E2,-3.178950071E0,6.864000320E0,-2.329500169E-1
1.008437087E2,2.317050219E0,5.758050442E0,1.939950109E0
1.008461522E2,9.900000572E0,1.633050084E0,-6.309000492E0
1.008485958E2,7.333050251E0,4.683000088E0,-1.300605106E1
1.008510395E2,1.052895069E1,6.261000156E0,-1.495995045E1
1.008534829E2,4.144050121E0,5.064000130E0,-1.436595058E1
1.008559265E2,3.340500295E-1,7.297950268E0,-6.532050133E0
1.008583700E2,7.219950199E0,7.900950432E0,-4.819500148E-1
1.008608136E2,6.543000221E0,8.245950699E0,-3.367050171E0
1.008632573E2,2.437050104E0,8.184000015E0,2.230050087E0
1.008657008E2,6.403950214E0,9.931050301E0,1.035000086E0
1.008681444E2,8.707050323E0,6.739950180E0,-6.253950119E0
1.008705878E2,2.568000078E0,8.548050880E0,-9.565950394E0
1.008730315E2,9.061950684E0,8.072999954E0,-1.024305058E1
1.008754749E2,7.881000519E0,5.473050117E0,-1.315200043E1
1.008779186E2,-1.858050108E0,6.781050205E0,-1.127295017E1
1.008803620E2,1.969950080E0,8.314949989E0,-2.203050137E0
1.008828057E2,8.101050377E0,6.649050236E0,-1.198050022E0
1.008852493E2,3.199950218E0,6.888000488E0,-3.450000286E-1
1.008876928E2,6.169500351E-1,1.002705002E1,4.014000416E0
1.008901364E2,3.234000206E0,1.099395084E1,4.999950409E0
1.008925801E2,3.700950146E0,8.023050308E0,-1.909050107E0
1.008950235E2,1.254000068E0,7.549050331E0,-1.075950027E0
1.008974671E2,3.463950157E0,9.156000137E0,-3.477000237E0
1.008999106E2,1.978950143E0,7.726050377E0,-2.665050030E0
1.009023542E2,1.873950124E0,9.373950005E0,1.356000066E0
1.009047977E2,6.651000500E0,1.255605030E1,-2.695950031E0
1.009072413E2,4.618050098E0,8.902050018E0,-4.249950409E0
1.009096848E2,1.042950034E0,8.884950638E0,-4.270500243E-1
1.009121285E2,2.518050194E0,1.249605083E1,1.215000033E0
1.009145721E2,2.779050112E0,1.045305061E1,-1.003950000E0
1.009170156E2,1.801950097E0,7.654050350E0,-9.150000215E-1
1.009194592E2,2.530499995E-1,1.023300076E1,-1.854000092E0
1.009219029E2,1.096050024E0,1.275900078E1,1.876050115E0
1.009243463E2,2.104050159E0,1.030500031E1,1.429950118E0
1.009267899E2,1.464000106E0,1.282605076E1,-9.220500588E-1
1.009292333E2,2.191950083E0,1.436100101E1,-5.869500041E-1
1.009316770E2,1.998000145E0,1.157400036E1,-1.225950003E0
1.009341205E2,5.205000192E-2,1.416900063E1,-1.104000092E0
1.009365641E2,2.595000155E-2,1.649895096E1,3.649950266E0
1.009390076E2,-7.470000386E-1,1.083600044E1,2.208000183E0
1.009414513E2,-3.558000088E0,1.135800076E1,-4.339500070E-1
1.009438949E2,-2.535000086E0,9.321000099E0,1.698000073E0
1.009463383E2,7.219500542E-1,7.663950443E0,4.621950150E0
1.009487820E2,2.281050205E0,7.912950516E0,-2.419500053E-1
1.009512254E2,3.627000093E0,9.181950569E0,3.951000214E0
1.009536691E2,7.564950466E0,7.084950447E0,1.019805050E1
1.009561125E2,1.256895065E1,1.021950006E0,-1.510605049E1
1.009585562E2,6.982950211E0,6.748950481E0,-2.572905159E1
1.009609998E2,4.896000385E0,3.739950180E0,-2.557095146E1
1.009634433E2,1.476000071E0,3.402000189E0,-1.865700150E1
1.009658869E2,7.030500174E-1,6.900000095E0,-1.028895092E1
1.009683306E2,3.133050203E0,3.709050179E0,1.234050035E0
1.009707741E2,2.326050043E0,1.891050100E0,8.974950790E0
1.009732177E2,2.143949986E0,2.215050220E0,5.491050243E0
1.009756612E2,3.030000210E0,4.611000061E0,6.199950218E0
1.009781048E2,4.804950237E0,3.163050175E0,8.005050659E0
1.009805482E2,7.386000156E0,-1.500000060E-1,1.744050026E0
1.009829919E2,1.154205036E1,1.240500063E-1,-4.759950161E0
1.009854353E2,1.535895061E1,-2.832000017E0,-1.405005074E1
1.009878790E2,1.201605034E1,-1.909950137E0,-2.068005180E1
1.009903226E2,1.226805019E1,1.129950047E0,-2.834595108E1
1.009927661E2,1.004100037E1,3.024000168E0,-2.309100151E1
1.009952097E2,3.009000063E0,6.840000153E0,-1.495800114E1
1.009976532E2,7.623000145E0,8.548050880E0,-1.447905064E1
1.010000969E2,9.648000717E0,9.199050903E0,-9.621000290E0
1.010025403E2,2.068050146E0,1.385595036E1,-9.649500251E-1
1.010049839E2,1.800000072E0,1.659900093E1,2.035950184E0
1.010074276E2,1.666050076E0,1.520595074E1,4.969050407E0
1.010098710E2,2.068050146E0,8.815950394E0,6.334050179E0
1.010123147E2,2.890500128E-1,1.154295063E1,-7.006050110E0
1.010147584E2,3.136050224E0,1.759305000E1,2.608050108E0
1.010172018E2,3.921000242E0,1.240695095E1,7.677000523E0
1.010196454E2,1.888050079E0,1.025895023E1,-4.395000264E-2
1.010220891E2,3.780000210E0,1.465305042E1,-6.880500317E-1
1.010245325E2,3.720000267E0,1.150200081E1,3.207000256E0
1.010269762E2,1.860000134E0,1.048905087E1,5.760000348E-1
1.010294197E2,2.197050095E0,1.408095074E1,3.298050165E0
1.010318633E2,2.041949987E0,1.126500034E1,7.372950554E0
1.010343067E2,1.600500047E-1,5.116050243E0,1.605000019E0
1.010367504E2,-4.264050007E0,1.267305088E1,3.801000118E0
1.010391941E2,-4.144050121E0,7.522950172E0,4.291050434E0
1.010416375E2,-1.004999995E0,1.120050073E0,1.606950045E0
1.010440811E2,2.670000196E-1,1.939500123E-1,2.860050201E0
1.010465246E2,-4.140000343E-1,4.180050373E0,4.497000217E0
1.010489682E2,-6.705000252E-2,8.217000008E0,1.051950097E0
1.010514117E2,1.302000046E0,7.759950161E0,3.940500319E-1
1.010538554E2,1.321050048E0,1.080795097E1,4.027950287E0
1.010562990E2,2.179949999E0,1.087995052E1,8.340000510E-1
1.010587424E2,1.174950004E0,1.106895065E1,2.071950197E0
1.010611860E2,9.739500284E-1,1.355895042E1,-1.231050014E0
1.010636295E2,3.124050140E0,9.440999985E0,5.845050335E0
1.010660731E2,1.930005074E1,2.443950176E0,2.665950060E0
1.010685168E2,1.072995090E1,3.985950232E0,-3.022395134E1
1.010709603E2,1.593300056E1,-1.339950085E0,-3.848595047E1
1.010734039E2,2.082000017E0,3.940950155E0,-3.074805069E1
1.010758474E2,1.567050099E0,1.798050046E0,-1.812000084E1
1.010782911E2,2.592000008E0,3.136050224E0,-1.125795078E1
1.010807347E2,1.207950115E0,2.872950077E0,7.600500584E-1
1.010831781E2,1.207950115E0,9.025950432E0,7.203000546E0
1.010856218E2,8.299500346E-1,1.092705059E1,2.781000137E0
1.010880652E2,-8.689500690E-1,4.300050259E0,4.030500054E-1
1.010905088E2,-1.075049996E0,1.000800037E1,3.820050240E0
1.010929525E2,9.259500504E-1,1.417605114E1,8.479050636E0
1.010953960E2,4.266000271E0,1.061100006E1,6.433950424E0
1.010978396E2,4.608000278E0,1.003695011E1,4.957050323E0
1.011002831E2,4.345050335E0,1.355895042E1,6.798000336E0
1.011027267E2,4.456950188E0,1.181805038E1,6.532950401E0
1.011051704E2,2.841000080E0,1.074300098E1,4.555050373E0
1.011076138E2,1.375950098E0,1.507200050E1,-2.457000017E0
1.011100575E2,1.753950119E0,1.689405060E1,-7.594950199E0
1.011125009E2,4.474050045E0,1.518000031E1,7.762950420E0
1.011149446E2,6.088050365E0,1.552695084E1,5.541000366E0
1.011173880E2,1.662300110E1,1.084395027E1,-7.689000130E0
1.011198317E2,4.420950413E0,1.080105019E1,-2.214300156E1
1.011222753E2,7.038000107E0,1.130595016E1,-2.815500069E1
1.011247188E2,8.520000458E0,1.522005081E1,-2.872995186E1
1.011271624E2,1.797000051E0,8.425050735E0,-1.583595085E1
1.011296061E2,2.812050104E0,5.674050331E0,-3.217950106E0
1.011320495E2,3.363000154E0,1.457895088E1,2.647050142E0
1.011344932E2,2.721000195E0,1.136595058E1,1.435050011E0
1.011369366E2,-5.389500260E-1,4.369050026E0,3.120000064E-1
1.011393802E2,-4.681050301E0,1.214595032E1,6.537000179E0
1.011418237E2,-1.795950055E0,2.695950031E0,6.982950211E0
1.011442674E2,-9.340500236E-1,7.710000277E-1,-1.680000126E-1
1.011467110E2,5.190000534E-1,3.634050131E0,5.434050083E0
1.011491545E2,1.558050036E0,4.389000416E0,5.461950302E0
1.011515982E2,5.512950420E0,8.880000114E0,7.147950172E0
1.011540418E2,1.215300083E1,2.017695045E1,6.075000286E0
1.011564852E2,2.207700157E1,5.892000198E0,-1.365000057E1
1.011589288E2,1.371600056E1,1.960500032E-1,-2.511195183E1
1.011613723E2,4.450050354E0,8.418000221E0,-2.355795097E1
1.011638159E2,4.192049980E0,1.017300034E1,-1.510800076E1
1.011662596E2,1.999500096E-1,6.706050396E0,-2.799000025E0
1.011687031E2,1.009950042E0,6.855000496E0,5.950950146E0
1.011711467E2,2.073000193E0,1.563705063E1,3.348000050E0
1.011735902E2,2.833950043E0,1.140405083E1,4.858950138E0
1.011760339E2,1.713000059E0,6.607950211E0,-1.353000045E0
1.011784772E2,1.831050038E0,1.320900059E1,-1.384050012E0
1.011809209E2,2.880000114E0,1.151400089E1,-8.070000410E-1
1.011833645E2,1.467000127E0,1.017600060E1,2.209500074E-1
1.011858080E2,5.400000215E-1,1.280205059E1,-4.600500166E-1
1.011882517E2,1.840050101E0,1.193295097E1,2.757000208E0
1.011906953E2,6.910500526E-1,6.727950096E0,-7.200000435E-2
1.011931388E2,-7.470000386E-1,7.123050213E0,-1.698000073E0
1.011955824E2,9.810000658E-1,9.760950089E0,3.046050072E0
1.011980259E2,2.239500135E-1,5.812950134E0,2.673000097E0
1.012004696E2,7.605000585E-2,4.828950405E0,1.476000071E0
1.012029132E2,1.744950056E0,7.591950417E0,7.156950474E0
1.012053566E2,2.190000117E-1,3.250950098E0,4.678950310E0
1.012078003E2,1.648950100E0,1.933950067E0,2.344950199E0
1.012102437E2,3.001950026E0,4.647000313E0,3.870000124E0
1.012126873E2,5.085000038E0,5.260050297E0,4.488000393E0
1.012151310E2,1.197495079E1,4.513050079E0,-6.376050472E0
1.012175745E2,1.543800068E1,6.271050453E0,-1.860900116E1
1.012200182E2,1.079700089E1,3.298950195E0,-2.355300140E1
1.012224618E2,3.093000174E0,8.557050705E0,-2.304795074E1
1.012249052E2,5.065050125E0,1.140900040E1,-2.211900139E1
1.012273489E2,9.591000557E0,9.127050400E0,-1.499400043E1
1.012297923E2,2.920050144E0,7.615950584E0,-6.405000210E0
1.012322359E2,1.243950009E0,1.003395081E1,2.160000056E-1
1.012346796E2,2.767050028E0,1.507905102E1,9.286050797E0
1.012371231E2,2.029950142E0,1.225095081E1,5.962950230E0
1.012395667E2,1.606050134E0,8.667000771E0,-1.690950036E0
1.012420102E2,2.179949999E0,1.067595005E1,1.086000085E0
1.012444539E2,4.486050129E0,1.136805058E1,3.208950043E0
1.012468975E2,8.358000755E0,1.161000061E1,-4.867950439E0
1.012493409E2,1.394805050E1,9.076950073E0,-1.178295040E1
1.012517846E2,3.672000170E0,8.647950172E0,-9.760050774E0
1.012542283E2,-3.420000076E-1,1.082895088E1,-3.657000065E0
1.012566716E2,1.423950076E0,1.168605042E1,-1.225950003E0
1.012591153E2,2.089050055E0,9.984000206E0,9.990000725E-1
1.012615588E2,1.789500117E-1,7.219050407E0,2.740500271E-1
1.012640024E2,1.455000043E0,1.097295094E1,2.704050064E0
1.012664461E2,3.844050169E0,1.183005047E1,4.576050282E0
1.012688896E2,1.821000099E0,8.773050308E0,2.338050127E0
1.012713332E2,2.809950113E0,1.140195084E1,3.289500177E-1
1.012737766E2,3.289050102E0,1.269405079E1,1.624050021E0
1.012762203E2,2.511000156E0,1.056105042E1,1.230000034E-1
1.012786640E2,6.049500108E-1,1.183695030E1,2.639999986E-1
1.012811074E2,1.606050134E0,1.253595066E1,1.821000099E0
1.012835510E2,2.602050066E0,8.536050797E0,1.294050097E0
1.012859945E2,5.449500084E-1,6.523950100E0,5.539500117E-1
1.012884381E2,4.879500270E-1,7.441050529E0,-2.634000063E0
1.012908818E2,5.547000408E0,3.417000055E0,-6.637050152E0
1.012933253E2,1.491000056E0,-1.690500081E-1,-1.170405102E1
1.012957689E2,3.366000175E0,-3.580500185E-1,-1.024800014E1
1.012982126E2,3.093000174E0,-9.190500379E-1,-1.599705029E1
1.013006560E2,5.400000140E-2,-1.414050102E0,-9.609000206E0
1.013030996E2,-2.595000029E0,-9.259500504E-1,1.236000061E0
1.013055431E2,-1.288050056E0,-9.450000525E-1,5.581950188E0
1.013079867E2,-1.909500062E-1,-4.249500334E-1,4.605000019E0
1.013104304E2,4.450500309E-1,1.009950042E0,-4.842000008E0
1.013128739E2,1.833000064E0,4.380000234E-1,6.937050343E0
1.013153175E2,8.977950096E0,1.534950018E0,4.981050014E0
1.013177609E2,1.497495079E1,7.927050591E0,-9.384000778E0
1.013202046E2,2.094000053E1,2.667900085E1,-6.589500308E-1
1.013226483E2,1.050300026E1,9.607950211E0,1.129500046E-1
1.013250917E2,1.043100071E1,4.798050404E0,9.180000424E-1
1.013275353E2,1.434105110E1,1.216995049E1,-2.896395111E1
1.013299788E2,1.706295013E1,7.309950352E0,-3.063795090E1
1.013324225E2,6.652950287E0,8.859000206E0,-2.148405075E1
1.013348661E2,2.772000074E0,1.314495087E1,-2.163495064E1
1.013373096E2,2.233050108E0,8.296050072E0,-6.217950344E0
1.013397532E2,1.711050034E0,8.085000038E0,7.873050213E0
1.013421969E2,4.879050255E0,1.688700104E1,2.596050024E0
1.013446403E2,4.444950104E0,1.157895088E1,3.291000128E0
1.013470840E2,1.941000104E0,3.328050137E0,-1.216950059E0
1.013495274E2,2.494050026E0,6.156000137E0,-1.557000041E0
1.013519711E2,3.901950121E0,1.064505005E1,4.030950069E0
1.013544147E2,2.379000187E0,5.452050209E0,1.378050089E0
1.013568582E2,9.690000415E-1,3.280050039E0,-1.072950006E0
1.013593019E2,1.836000085E0,8.325000763E0,1.950000077E-1
1.013617453E2,2.137050152E0,6.900000095E0,4.605000019E0
1.013641890E2,3.970500231E-1,3.405000210E0,1.531050086E0
1.013666326E2,1.126950026E0,6.330000401E0,2.644050121E0
1.013690760E2,2.575050116E0,1.022595024E1,3.175950050E0
1.013715197E2,8.869500160E-1,9.340050697E0,2.266050100E0
1.013739633E2,6.360000372E-1,9.520050049E0,4.627050400E0
1.013764068E2,1.399950027E0,1.114500046E1,5.830950260E0
1.013788504E2,8.659500480E-1,7.216050148E0,1.423050046E0
1.013812941E2,-3.469500244E-1,9.187050819E0,1.230000034E-1
1.013837376E2,8.250000477E-1,1.372605038E1,-2.566950083E0
1.013861812E2,1.974000096E0,8.374950409E0,3.250050068E0
1.013886246E2,5.590500236E-1,6.093000412E0,1.330050111E0
1.013910683E2,1.468950033E0,1.376205063E1,2.734950066E0
1.013935119E2,3.223950148E0,1.195200062E1,2.965050220E0
1.013959554E2,3.121050119E0,6.868950367E0,-1.426950097E0
1.013983990E2,1.872495079E1,6.876000404E0,-9.160950661E0
1.014008425E2,4.813950062E0,8.694000244E0,-2.257095146E1
1.014032861E2,1.918950081E0,4.674000263E0,-1.600605011E1
1.014057298E2,5.359950066E0,8.562000275E0,-1.576395035E1
1.014081733E2,2.500950098E0,7.543950558E0,-9.022050858E0
1.014106170E2,-1.459500045E-1,3.265950203E0,-1.120950103E0
1.014130606E2,1.753950119E0,9.409049988E0,7.902000427E0
1.014155040E2,2.149049997E0,1.183005047E1,1.360950112E0
1.014179476E2,-1.395000052E-2,1.729050040E0,6.880500317E-1
1.014203911E2,-1.200000010E-2,1.020000100E0,1.734000087E0
1.014228348E2,1.771050096E0,7.360050201E0,4.117050171E0
1.014252784E2,1.572000027E0,4.839000225E0,2.836050034E0
1.014277219E2,3.300000131E-1,3.703950167E0,2.670000196E-1
1.014301655E2,5.761950493E0,7.197000504E0,2.388000011E0
1.014326092E2,6.270000458E0,5.587950230E0,-3.361950159E0
1.014350526E2,6.313050270E0,7.087050438E0,-2.598000050E0
1.014374963E2,1.196805096E1,1.255305099E1,-7.356000423E0
1.014399399E2,7.074000359E0,6.306000233E0,-1.666695023E1
1.014423834E2,1.980000138E-1,8.038050652E0,-1.401900101E1
1.014448270E2,5.086950302E0,8.737050056E0,-1.199805069E1
1.014472705E2,6.900000095E0,3.538950205E0,-1.231695080E1
1.014497142E2,-7.369500399E-1,4.858050346E0,-7.617000580E0
1.014521578E2,4.467000008E0,5.581050396E0,-2.893050194E0
1.014546013E2,7.267950535E0,5.437050343E0,-3.159000158E0
1.014570449E2,3.088050127E0,5.542950153E0,-1.867950082E0
1.014594883E2,4.278000355E0,5.131050110E0,8.080500364E-1
1.014619320E2,6.612000465E0,4.482000351E0,-2.922000170E0
1.014643756E2,3.223950148E0,3.876000166E0,-2.680050135E0
1.014668191E2,4.378050327E0,7.554000378E0,-1.129500046E-1
1.014692627E2,7.927050591E0,8.466000557E0,-3.001050234E0
1.014717064E2,2.034000158E0,4.812000275E0,-4.449000359E0
1.014741499E2,4.900500178E-1,8.466000557E0,7.050000429E-1
1.014765935E2,5.628000259E0,1.156005096E1,-5.989500284E-1
1.014790369E2,2.608950138E0,7.582950592E0,-2.143050194E0
1.014814806E2,7.699500322E-1,7.860000610E0,1.800000072E-1
1.014839242E2,4.516950130E0,1.230195045E1,1.741950035E0
1.014863677E2,3.520950079E0,1.118805027E1,-3.513000250E0
1.014888113E2,1.924050093E0,8.101950645E0,-6.850500107E-1
1.014912550E2,1.924050093E0,1.163595009E1,3.991950274E0
1.014936985E2,4.246950150E0,1.366905022E1,-9.510000348E-1
1.014961421E2,3.661950111E0,1.163100052E1,5.595000088E-2
1.014985858E2,1.966950059E0,1.635795021E1,-4.471050262E0
1.015010292E2,3.385050058E0,1.586400032E1,1.720050097E0
1.015034729E2,4.444950104E0,1.314900017E1,1.450500041E-1
1.015059163E2,2.986950159E0,1.541205120E1,-4.564050198E0
1.015083600E2,2.961000204E0,1.785704994E1,-3.039000034E0
1.015108036E2,3.490050077E0,1.461495113E1,6.619500518E-1
1.015132473E2,1.026000023E0,1.089405060E1,-3.493950129E0
1.015156908E2,3.850500286E-1,1.662300110E1,3.150000274E-1
1.015181344E2,1.840500087E-1,1.667400169E1,3.037050247E0
1.015205779E2,-2.416050196E0,8.767950058E0,3.159000158E0
1.015230215E2,-3.895050287E0,7.863000393E0,1.324950099E0
1.015254652E2,-2.835000038E0,5.593050480E0,1.684050083E0
1.015279086E2,-2.739000082E0,6.402000427E0,4.579500258E-1
1.015303522E2,-3.448050261E0,6.289950371E0,1.549950123E0
1.015327957E2,-2.041949987E0,6.397050381E0,2.452950001E0
1.015352394E2,1.156050086E0,4.032000065E0,4.135950089E0
1.015376830E2,3.670050144E0,8.830050468E0,2.041050196E0
1.015401264E2,4.975050449E0,1.012800026E1,2.365950108E0
1.015425701E2,1.041405010E1,4.171050072E0,6.657000542E0
1.015450138E2,1.430505085E1,1.890000105E-1,-1.102095032E1
1.015474572E2,1.884495163E1,-3.769500256E-1,-1.963395119E1
1.015499008E2,1.214295101E1,3.835950136E0,-2.082105064E1
1.015523445E2,2.494050026E0,5.614950180E0,-1.395705032E1
1.015547880E2,4.254000187E0,8.026050568E0,-1.551105118E1
1.015572316E2,7.989000320E0,3.790050268E0,-1.206105042E1
1.015596753E2,3.370050192E0,5.758050442E0,-5.293950081E0
1.015621188E2,6.424950123E0,8.533050537E0,-4.578000069E0
1.015645624E2,7.693950176E0,7.326000214E0,-2.746950150E0
1.015670059E2,2.319000006E0,5.478000164E0,-1.462950110E0
1.015694495E2,-6.900000572E-2,8.494950294E0,-7.690500617E-1
1.015718932E2,1.074000001E0,1.028100014E1,2.149049997E0
1.015743366E2,2.845950127E0,7.177950382E0,5.173050404E0
1.015767803E2,1.339950085E0,6.247050285E0,-2.488050222E0
1.015792239E2,3.139950037E0,1.063995075E1,9.010500312E-1
1.015816674E2,2.640000105E0,1.093905067E1,3.607050180E0
1.015841110E2,2.749950171E0,8.911050797E0,1.057050109E0
1.015865547E2,2.592000008E0,1.155705070E1,-2.866050243E0
1.015889982E2,4.189050198E0,1.113105011E1,1.251000047E0
1.015914418E2,2.740950108E0,1.007295036E1,8.200500607E-1
1.015938852E2,7.527000427E0,1.140195084E1,3.840000033E-1
1.015963289E2,8.602050781E0,9.646050453E0,-1.335105038E1
1.015987725E2,9.109500647E-1,8.140049934E0,-7.483050346E0
1.016012160E2,4.033950329E0,9.472050667E0,-5.550000191E0
1.016036596E2,8.206950188E0,1.009395027E1,-3.004950047E0
1.016061033E2,2.401050091E0,7.297950268E0,2.026050091E0
1.016085468E2,4.314000130E0,1.176105022E1,3.844050169E0
1.016109904E2,7.290000439E0,1.325205040E1,-1.662000060E0
1.016134339E2,1.819050074E0,9.049950600E0,3.190500140E-1
1.016158776E2,9.550500512E-1,8.569050789E0,5.110500455E-1
1.016183212E2,3.756000280E0,1.255605030E1,-2.395050049E0
1.016207649E2,1.468950033E0,6.880950451E0,-6.565950394E0
1.016232083E2,-7.900500298E-1,3.346950054E0,1.230000034E-1
1.016256519E2,6.241050243E0,6.534000397E0,-8.188950539E0
1.016280954E2,4.735050201E0,5.205000401E0,-8.281949997E0
1.016305391E2,7.249500155E-1,6.871950150E0,-1.000950098E0
1.016329827E2,5.085000038E0,1.153095055E1,-3.280500174E-1
1.016354262E2,5.002950191E0,9.247050285E0,-1.369950056E0
1.016378698E2,9.619500637E-1,6.972000122E0,1.078050017E0
1.016403135E2,4.969500303E-1,1.316595078E1,3.340500295E-1
1.016427569E2,2.632950068E0,1.288395023E1,3.532050133E0
1.016452006E2,1.540950060E0,7.234950542E0,8.440500498E-1
1.016476442E2,2.415000200E0,8.203050613E0,3.405000269E-2
1.016500877E2,6.552000523E0,9.028950691E0,-4.774950027E0
1.016525313E2,5.154000282E0,6.973950386E0,-6.586950302E0
1.016549748E2,7.702050209E0,9.160050392E0,-7.957050323E0
1.016574185E2,8.913000107E0,9.958050728E0,-9.084000587E0
1.016598621E2,1.611000061E0,7.753050327E0,-6.337950230E0
1.016623056E2,6.240000129E-1,6.268050194E0,6.109500527E-1
1.016647493E2,2.652000189E0,1.124805069E1,1.147950053E0
1.016671929E2,2.310000181E0,9.127050400E0,-6.970500350E-1
1.016696363E2,6.220500469E-1,3.579000235E0,2.388000011E0
1.016720800E2,-1.200000048E-1,8.410950661E0,-3.090000153E-1
1.016745236E2,1.893000126E0,1.173405075E1,3.537000179E0
1.016769671E2,1.195950031E0,6.916950226E0,2.608050108E0
1.016794107E2,1.960500032E-1,6.211050510E0,-1.078050017E0
1.016818544E2,1.657950044E0,1.088895035E1,1.816050053E0
1.016842979E2,1.909950137E0,6.586950302E0,-4.801050186E0
1.016867415E2,4.323000431E0,6.952950478E0,-6.798000336E0
1.016891849E2,1.091505051E1,4.939050198E0,-1.576905060E1
1.016916286E2,4.591050148E0,3.175050259E0,-1.571700096E1
1.016940722E2,5.980500579E-1,4.690050125E0,-1.118700027E1
1.016965159E2,6.673950195E0,4.293000221E0,-6.898050308E0
1.016989594E2,6.615000248E0,4.189500213E-1,-8.680050850E0
1.017014030E2,9.810000658E-1,3.337950230E0,-5.389500260E-1
1.017038465E2,6.190950394E0,8.518950462E0,3.643050194E0
1.017062902E2,6.202950478E0,9.037950516E0,1.798950076E0
1.017087338E2,3.880050182E0,7.065000534E0,3.760050297E0
1.017111772E2,8.467950821E0,1.251000023E1,7.690500617E-1
1.017136209E2,8.734050751E0,9.955050468E0,-7.171050549E0
1.017160645E2,6.622050285E0,1.157400036E1,-8.749050140E0
1.017185080E2,9.574050903E0,1.362105083E1,-1.047795010E1
1.017209517E2,7.297050476E0,1.101795006E1,-1.406700039E1
1.017233953E2,1.086000085E0,1.212900066E1,-6.640050411E0
1.017258388E2,2.281050205E0,1.173900032E1,-5.749500394E-1
1.017282825E2,5.664000034E0,1.209105015E1,-5.325000286E0
1.017307261E2,3.753000259E0,8.497050285E0,-5.914050102E0
1.017331695E2,2.977950096E0,6.529050350E0,-4.951950073E0
1.017356132E2,8.074950218E0,6.571950436E0,-8.500050545E0
1.017380568E2,3.801000118E0,3.475950241E0,-8.128950119E0
1.017405003E2,-9.105000645E-2,2.488050222E0,-1.435050011E0
1.017429439E2,4.663050175E0,5.763000488E0,-5.629500151E-1
1.017453874E2,4.699050426E0,8.670000076E0,-1.485000014E0
1.017478311E2,1.546050072E0,5.643000126E0,-6.495000422E-2
1.017502747E2,3.198000193E0,1.175100040E1,3.139950037E0
1.017527181E2,2.914950132E0,1.353495026E1,7.300950527E0
1.017551618E2,1.705950022E0,1.016805077E1,2.248950005E0
1.017576054E2,1.828050137E0,1.369305038E1,4.596000195E0
1.017600491E2,2.323950052E0,1.235400105E1,4.560000420E0
1.017624925E2,1.725000024E0,1.083900070E1,4.018949986E0
1.017649362E2,2.628000021E0,1.407105064E1,3.979950190E0
1.017673797E2,2.592000008E0,1.624500084E1,1.132950068E0
1.017698234E2,2.044049978E0,1.065195084E1,-9.100500345E-1
1.017722670E2,1.315950036E0,8.677050591E0,1.785000086E0
1.017747104E2,1.072050095E0,8.860950470E0,4.936050415E0
1.017771540E2,8.628000259E0,5.073000431E0,-4.059000015E0
1.017795977E2,7.579050541E0,1.261950016E0,-3.025695229E1
1.017820412E2,1.165500069E1,6.580500603E-1,-2.647395134E1
1.017844848E2,4.411950111E0,-8.560500145E-1,-2.712495041E1
1.017869285E2,-2.176050186E0,1.312050104E0,-9.373950005E0
1.017893720E2,-1.815000057E0,1.213950038E0,4.978950024E0
1.017918156E2,-2.674050093E0,1.301805019E1,6.930000305E0
1.017942590E2,-3.582000256E0,9.373950005E0,5.400000095E0
1.017967027E2,7.939500213E-1,6.001950264E0,5.034000397E0
1.017991463E2,2.755050182E0,1.880205154E1,6.022950172E0
1.018015900E2,5.937000275E0,9.177000046E0,6.652050495E0
1.018040335E2,5.869950294E0,1.089600086E1,6.193050385E0
1.018064771E2,5.908050060E0,1.726305008E1,8.362050056E0
1.018089208E2,3.435000181E0,1.262700081E1,4.560000420E0
1.018113642E2,1.699050069E0,1.228500080E1,-5.944950104E0
1.018138079E2,2.335950136E0,1.679100037E1,5.613000393E0
1.018162513E2,1.710900116E1,1.156395054E1,7.492950439E0
1.018186950E2,9.232050896E0,7.756950378E0,-2.732595062E1
1.018211386E2,1.357005024E1,3.175050259E0,-3.498795319E1
1.018235821E2,1.043295002E1,2.866050243E0,-3.857205200E1
1.018260258E2,4.090950012E0,2.746050119E0,-2.366595078E1
1.018284694E2,4.564949989E0,6.378000259E0,-2.959950209E0
1.018309128E2,4.024050236E0,1.246200085E1,1.879950047E0
1.018333565E2,1.906950116E0,7.626000404E0,2.278050184E0
1.018358002E2,-1.969950080E0,1.096800041E1,1.987950087E0
1.018382436E2,-5.148000240E0,1.440600109E1,9.664050102E0
1.018406873E2,-3.756000280E0,4.602000237E0,3.340950251E0
1.018431309E2,-1.743000031E0,3.418950081E0,2.524050236E0
1.018455744E2,-3.660000265E-1,3.996000290E0,6.396000385E0
1.018480181E2,1.848000050E0,3.184050083E0,1.177095032E1
1.018504617E2,2.338050127E0,4.033950329E0,5.386050224E0
1.018529052E2,2.488950014E0,5.272050381E0,4.275000095E0
1.018553488E2,2.832000017E0,3.754050255E0,7.593000412E0
1.018577925E2,3.214950085E0,2.974050045E0,3.091950178E0
1.018602359E2,5.245050430E0,1.773900032E1,-1.102395058E1
1.018626795E2,4.716000080E0,2.083695030E1,6.003000259E0
1.018651232E2,1.456395054E1,5.890050411E0,8.509950638E0
1.018675667E2,5.371950150E0,7.522950172E0,-1.489095116E1
1.018700104E2,1.585200119E1,8.071050644E0,-2.803305054E1
1.018724538E2,5.566050053E0,1.176105022E1,-2.819595146E1
1.018748974E2,2.382000208E0,1.414305115E1,-1.455105114E1
1.018773411E2,3.009000063E0,1.453800106E1,-6.652050495E0
1.018797847E2,3.021000147E0,1.136805058E1,5.500950336E0
1.018822282E2,2.548950195E0,1.155705070E1,9.280500412E-1
1.018846718E2,3.640950203E0,1.405200100E1,-9.289500713E-1
1.018871155E2,2.587050200E0,9.951000214E0,3.697950125E0
1.018895590E2,1.309050083E0,7.317000389E0,-1.645050049E0
1.018920026E2,1.371000051E0,1.065195084E1,3.436950207E0
1.018944463E2,1.555050015E0,1.011600018E1,4.284000397E0
1.018968897E2,1.759500057E-1,3.462000132E0,-1.027950048E0
1.018993334E2,-7.590000629E-1,6.567000389E0,5.299500227E-1
1.019017768E2,-1.939500123E-1,1.201200104E1,4.035000324E0
1.019042205E2,-5.890500546E-1,3.390000105E0,1.106999993E0
1.019066641E2,-1.353000045E0,8.611950874E0,-2.895000204E-2
1.019091078E2,5.929500461E-1,8.899050713E0,4.267950058E0
1.019115513E2,2.460000068E-1,2.071050167E0,3.376950264E0
1.019139949E2,4.462050438E0,3.001950026E0,4.023000240E0
1.019164386E2,9.199950218E0,4.474950314E0,-5.503050327E0
1.019188821E2,7.936050415E0,-1.219950080E0,-4.068000317E0
1.019213257E2,9.651000023E0,-3.571050167E0,-9.444000244E0
1.019237694E2,1.189605045E1,-1.737000108E0,-1.959495163E1
1.019262128E2,1.228395081E1,-1.452000022E0,-1.870500183E1
1.019286564E2,6.121050358E0,4.947000027E0,-1.320705032E1
1.019311001E2,5.293050289E0,8.131050110E0,-1.177995014E1
1.019335436E2,7.720950603E0,7.606950283E0,-1.035300064E1
1.019359873E2,5.536950111E0,1.288095093E1,-6.726000309E0
1.019384307E2,1.323000073E0,1.686495018E1,-3.046050072E0
1.019408744E2,1.681950092E0,1.169595051E1,7.062000275E0
1.019433180E2,1.414050102E0,5.248050213E0,7.737000465E0
1.019457617E2,2.890500128E-1,9.139050484E0,-3.880500197E-1
1.019482051E2,4.159500301E-1,1.324500084E1,-2.218050003E0
1.019506487E2,1.560000062E0,6.316050529E0,5.182050228E0
1.019530924E2,3.990000188E-1,6.247050285E0,9.199500680E-1
1.019555359E2,2.890500128E-1,1.099695015E1,-2.404050112E0
1.019579795E2,7.126950264E0,3.949950218E0,-9.600000083E-2
1.019604232E2,5.512950420E0,2.356050014E0,-1.797195053E1
1.019628667E2,7.189050198E0,5.233950138E0,-1.396200085E1
1.019653103E2,3.928050280E0,5.137950420E0,-1.000395012E1
1.019677537E2,1.342050076E0,7.330950260E0,2.569950104E0
1.019701974E2,5.238000393E0,1.377405071E1,5.389950275E0
1.019726411E2,3.054000139E0,8.983050346E0,3.705000162E0
1.019750847E2,1.287000060E0,6.712950230E0,3.310050249E0
1.019775282E2,2.122950077E0,1.150200081E1,4.312950134E0
1.019799718E2,2.647050142E0,1.022805023E1,5.143950462E0
1.019824155E2,2.220000178E-1,5.707950115E0,5.590500236E-1
1.019848590E2,-7.300500274E-1,1.035000038E1,-3.139050245E0
1.019873026E2,3.270000219E-1,9.340050697E0,5.905050278E0
1.019897463E2,1.419000030E0,8.509050369E0,1.299000025E0
1.019921898E2,3.510000110E-1,9.237000465E0,-1.344000101E0
1.019946334E2,1.420950055E0,6.460050106E0,2.020500153E-1
1.019970771E2,1.132050037E0,3.631950140E0,8.580000401E-1
1.019995205E2,3.250500262E-1,2.878050089E0,-4.879950047E0
1.020019641E2,9.994950294E0,2.992950201E0,1.308000088E0
1.020044078E2,6.403950214E0,9.739500284E-1,-1.491195107E1
1.020068513E2,3.246000051E0,8.100000024E-2,-9.784050941E0
1.020092950E2,8.068050385E0,8.844000816E0,-6.384000301E0
1.020117386E2,1.003800011E1,7.317000389E0,-1.066005039E1
1.020141821E2,2.311950207E0,8.890050888E0,-4.453950405E0
1.020166257E2,3.535950184E0,1.306605053E1,2.302050114E0
1.020190694E2,5.652000427E0,1.266300106E1,1.609950066E0
1.020215128E2,2.041949987E0,8.718000412E0,-4.360500276E-1
1.020239565E2,4.090950012E0,7.056000233E0,2.351999998E0
1.020264002E2,4.900050163E0,5.992950439E0,-4.063950062E0
1.020288436E2,4.969950199E0,5.691000462E0,-1.023795033E1
1.020312873E2,7.156050205E0,7.209000111E0,-1.395405102E1
1.020337309E2,6.496950150E0,3.715950251E0,-1.665000153E1
1.020361744E2,-1.480500102E-1,1.753050089E0,-9.790950775E0
1.020386181E2,4.780500233E-1,2.089950085E0,1.303050041E0
1.020410617E2,3.451950073E0,9.627000809E0,-9.390000701E-1
1.020435051E2,2.089050055E0,8.550000191E0,-7.500000298E-2
1.020459488E2,6.900000572E-2,2.289000034E0,-8.400000632E-2
1.020483924E2,-1.270500124E-1,1.068795013E1,2.869050026E0
1.020508361E2,4.695000127E-2,1.416195107E1,7.798950195E0
1.020532796E2,6.720000505E-1,8.476050377E0,-7.950000465E-3
1.020557232E2,2.980500162E-1,1.417905045E1,2.436000109E0
1.020581669E2,1.105050087E0,1.054200077E1,5.244000435E0
1.020606104E2,2.058000088E0,1.245000076E1,3.943950176E0
1.020630540E2,2.065050125E0,1.583595085E1,3.223950148E0
1.020654977E2,3.511950254E0,1.613294983E1,6.231000423E0
1.020679411E2,2.701950073E0,1.415505028E1,-3.550950050E0
1.020703848E2,1.906950116E0,1.530405045E1,-2.212949991E0
1.020728282E2,2.805000067E0,1.963500023E1,7.762950420E0
1.020752719E2,3.471000195E0,1.252200031E1,5.070000172E0
1.020777155E2,1.042950034E0,6.543000221E0,-1.281000018E0
1.020801590E2,1.004100037E1,1.106400013E1,1.866000056E0
1.020826027E2,2.729205132E1,5.578950405E0,-3.051105118E1
1.020850463E2,7.098000526E0,-1.240500063E-1,-3.969495010E1
1.020874900E2,1.816050053E0,2.586000204E0,-2.767095184E1
1.020899335E2,4.510050297E0,4.597050190E0,-1.875495148E1
1.020923771E2,2.170950174E0,4.249950409E0,-3.520500064E-1
1.020948208E2,-5.410500169E-1,1.065000057E1,1.224795055E1
1.020972642E2,-4.084050179E0,9.879000664E0,9.003000259E0
1.020997079E2,-1.333050013E0,8.590500355E-1,4.102050304E0
1.021021515E2,1.338000059E0,2.919000149E0,3.667050123E0
1.021045950E2,1.017000079E0,7.104000568E0,1.516950130E0
1.021070387E2,2.097000122E0,4.390950203E0,5.569950104E0
1.021094823E2,3.552000284E0,6.349950314E0,6.187950134E0
1.021119258E2,5.062950134E0,1.290000057E1,5.118000031E0
1.021143695E2,5.118000031E0,1.141605091E1,4.639050007E0
1.021168131E2,2.947050095E0,1.124100018E1,-1.230000034E-1
1.021192568E2,1.381050110E0,1.436295033E1,-1.095000029E0
1.021217003E2,2.109000206E0,1.359495068E1,3.481950283E0
1.021241439E2,1.663050056E0,1.003005028E1,1.950000048E0
1.021265876E2,6.340500116E-1,1.132995033E1,-1.369950056E0
1.021290310E2,1.174950004E0,1.335495090E1,-2.026050091E0
1.021314746E2,2.563050032E0,9.915000916E0,1.516950130E0
1.021339183E2,1.524000049E0,6.934050560E0,2.292000055E0
1.021363618E2,2.341050148E0,1.108305073E1,7.500000298E-2
1.021388054E2,8.271000862E0,1.008195019E1,1.621950030E0
1.021412491E2,8.050950050E0,5.221950054E0,-2.005995178E1
1.021436926E2,7.797000408E0,1.303200054E1,-1.959794998E1
1.021461362E2,3.057000160E0,1.092495060E1,-1.693004990E1
1.021485799E2,1.776000142E0,8.545050621E0,-6.123000145E0
1.021510233E2,3.733950138E0,1.550505066E1,5.338050365E0
1.021534670E2,2.389050007E0,1.383195019E1,4.816050053E0
1.021559106E2,1.360500008E-1,8.301000595E0,2.620050192E0
1.021583543E2,6.070500016E-1,1.160505009E1,5.697000504E0
1.021607977E2,2.638050079E0,1.437000084E1,5.376000404E0
1.021632414E2,4.072050095E0,7.164000511E0,-4.549500346E-1
1.021656849E2,8.674050331E0,3.522000074E0,-1.285800076E1
1.021681286E2,1.108995056E1,6.373050213E0,-2.237295151E1
1.021705722E2,3.556950092E0,3.724950075E0,-2.139105034E1
1.021730159E2,-8.400000334E-1,1.489050031E0,-1.420095062E1
1.021754593E2,1.423950076E0,1.602000117E0,-1.456050038E0
1.021779029E2,4.126950264E0,3.579000235E0,1.572000027E0
1.021803466E2,1.840050101E0,2.791950226E0,2.019000053E0
1.021827901E2,2.719500065E-1,2.382000208E0,7.500000596E-1
1.021852338E2,2.659050226E0,5.281950474E0,4.312950134E0
1.021876774E2,1.350000024E0,1.783950090E0,5.464950085E0
1.021901211E2,2.002950191E0,2.788950205E0,2.629950047E0
1.021925646E2,3.403950214E0,7.959000587E0,3.075000048E0
1.021950082E2,1.732950091E0,4.012950420E0,6.985050201E0
1.021974519E2,2.335950136E0,3.855000257E0,3.049050093E0
1.021998953E2,4.018949986E0,9.337950706E0,3.291000128E0
1.022023389E2,6.543000221E0,8.410950661E0,4.323000431E0
1.022047826E2,2.556000233E0,4.645050049E0,6.190500259E-1
1.022072261E2,6.916050434E0,1.296000099E1,4.190999985E0
1.022096697E2,7.431000233E0,1.490400028E1,2.469000101E0
1.022121134E2,3.957000256E0,1.144005013E1,-5.128950119E0
1.022145568E2,1.259595013E1,1.483305073E1,-2.009100151E1
1.022170005E2,5.005950451E0,1.189995098E1,-2.483400154E1
1.022194442E2,1.717950106E0,9.442950249E0,-1.340805054E1
1.022218876E2,2.926950216E0,1.459800053E1,-6.364050388E0
1.022243313E2,4.765950203E0,1.693200111E1,-2.710950136E0
1.022267749E2,2.496000051E0,1.119300079E1,1.240950108E0
1.022292184E2,1.443000078E0,8.575950623E0,-7.950000465E-3
1.022316621E2,2.494050026E0,1.336995029E1,-2.970000207E-1
1.022341057E2,3.715050220E0,1.308000088E1,1.641000032E0
1.022365494E2,1.395000100E0,6.450000286E0,-4.080000222E-1
1.022389929E2,7.750500441E-1,9.330000877E0,1.009500027E-1
1.022414366E2,2.620950222E0,1.519605064E1,4.993050098E0
1.022438802E2,1.753950119E0,8.812950134E0,4.200000167E-1
1.022463236E2,3.769500256E-1,5.878050327E0,1.129050016E0
1.022487674E2,2.620950222E0,1.090605068E1,3.774000168E0
1.022512110E2,2.959500253E-1,4.429050446E0,-2.040000111E-1
1.022536547E2,-6.100500226E-1,1.175999999E0,-4.012950420E0
1.022560981E2,8.623050690E0,7.450950146E0,-2.078999996E0
1.022585417E2,9.868050575E0,3.700950146E0,-1.424895096E1
1.022609852E2,5.671050072E0,2.854050159E0,-1.348695087E1
1.022634289E2,1.441995049E1,7.279050350E0,-9.613950729E0
1.022658726E2,1.156800079E1,4.003050327E0,-1.179000092E1
1.022683162E2,1.906950116E0,7.117950439E0,-6.750000477E0
1.022707597E2,4.852050304E0,1.032405090E1,1.159500033E-1
1.022732033E2,7.498050213E0,8.890050888E0,-6.060000062E-1
1.022756470E2,1.948050141E0,6.723000526E0,-1.126049995E0
1.022780904E2,4.752000332E0,7.456050396E0,-1.581000090E0
1.022805341E2,1.140105057E1,6.105000496E0,-6.367050171E0
1.022829777E2,3.424950123E0,3.988950253E0,-8.269950867E0
1.022854212E2,2.131950140E0,9.097949982E0,-4.092000008E0
1.022878649E2,8.130000114E0,8.775000572E0,-3.420000076E0
1.022903085E2,2.029950142E0,7.437000275E0,-3.367050171E0
1.022927522E2,-4.639500082E-1,9.523950577E0,-6.640500426E-1
1.022951957E2,9.070500135E-1,1.282605076E1,4.677000046E0
1.022976393E2,1.804050088E0,9.535950661E0,2.673000097E0
1.023000830E2,5.040000081E-1,5.943000317E0,2.260500044E-1
1.023025266E2,-4.950000346E-1,9.891000748E0,-1.744050026E0
1.023049700E2,1.800000072E0,1.169100094E1,2.557950020E0
1.023074137E2,2.293050051E0,7.027050495E0,1.744050026E0
1.023098574E2,1.065000057E0,6.928950310E0,-1.606950045E0
1.023123009E2,1.249050021E0,1.092705059E1,-3.417000055E0
1.023147445E2,2.523000002E0,9.802050591E0,3.580050230E0
1.023171882E2,1.219950080E0,6.469050407E0,1.275000095E0
1.023196317E2,6.238950253E0,1.006095028E1,-1.633050084E0
1.023220754E2,6.322050095E0,9.625050545E0,-9.388050079E0
1.023245190E2,1.213050008E0,6.124050140E0,-3.028950214E0
1.023269624E2,6.342000484E0,9.642000198E0,-2.351999998E0
1.023294061E2,8.157000542E0,9.922050476E0,-5.953050137E0
1.023318498E2,1.756950140E0,6.180000305E0,-4.758000374E0
1.023342934E2,2.580000162E0,9.523950577E0,3.499500155E-1
1.023367369E2,6.478050232E0,1.180095100E1,-1.447050095E0
1.023391806E2,2.017950058E0,7.585050583E0,-3.670950174E0
1.023416242E2,1.606050134E0,8.787000656E0,2.505000122E-2
1.023440677E2,7.303950310E0,1.271400070E1,-5.794950485E0
1.023465114E2,5.158950329E0,7.261950493E0,-8.898000717E0
1.023489550E2,2.382000208E0,9.253950119E0,-5.148000240E0
1.023513987E2,9.670050621E0,1.321605110E1,-4.099050045E0
1.023538422E2,8.082000732E0,1.024500084E1,-5.139000416E0
1.023562858E2,8.850000501E-1,1.138995075E1,-1.960950136E0
1.023587295E2,3.718050241E0,1.444695091E1,3.705000132E-2
1.023611729E2,6.174000263E0,1.113600063E1,-4.681050301E0
1.023636165E2,1.261050105E0,9.381000519E0,-6.754950523E0
1.023660602E2,4.639500082E-1,9.430950165E0,-1.602000117E0
1.023685037E2,3.528000116E0,8.986050606E0,-1.150500029E-1
1.023709474E2,2.398050070E0,8.155050278E0,-3.360000253E-1
1.023733910E2,5.089499950E-1,8.092950821E0,1.348950028E0
1.023758347E2,2.410500050E-1,1.014000034E1,-7.905000448E-2
1.023782782E2,2.287950039E0,1.057995033E1,6.880500317E-1
1.023807218E2,1.864050031E0,7.350000381E0,6.280500293E-1
1.023831655E2,8.100000024E-2,8.855999947E0,-3.196950197E0
1.023856089E2,2.017950058E0,1.096800041E1,2.194050074E0
1.023880526E2,2.122950077E0,6.892950535E0,-6.795000285E-2
1.023904962E2,-2.440500110E-1,5.334000111E0,-1.678950071E0
1.023929399E2,-5.719500184E-1,9.496050835E0,-3.190500140E-1
1.023953834E2,1.134000063E0,9.325950623E0,3.013050079E0
1.023978270E2,1.189500093E-1,3.907050133E0,1.986000061E0
1.024002707E2,1.171950102E0,6.715950489E0,3.940500319E-1
1.024027144E2,4.503000259E0,1.070205021E1,2.995950222E0
1.024051578E2,2.511000156E0,5.320050240E0,3.960000277E-1
1.024076015E2,1.158000112E0,5.308050156E0,9.229500294E-1
1.024100452E2,1.086000061E1,8.890050888E0,4.129500091E-1
1.024124886E2,7.438050270E0,3.811950207E0,-1.441200066E1
1.024149323E2,2.776950121E0,5.298000336E0,-1.152405071E1
1.024173759E2,7.996050358E0,8.257950783E0,-1.607595062E1
1.024198194E2,5.061000347E0,6.049950123E0,-1.585095119E1
1.024222631E2,-7.050000131E-3,6.711000443E0,-5.359050274E0
1.024247067E2,6.294000149E0,1.182105064E1,1.927950144E0
1.024271501E2,7.287000179E0,1.092300034E1,3.405000269E-2
1.024295938E2,2.917950153E0,5.266950130E0,-1.066050053E0
1.024320374E2,5.566050053E0,1.036005020E1,4.480950356E0
1.024344811E2,1.088100052E1,8.409000397E0,-5.163000107E0
1.024369246E2,4.137000084E0,6.706050396E0,-8.986050606E0
1.024393682E2,3.082950115E0,1.023495007E1,-9.007950783E0
1.024418119E2,9.682050705E0,7.848000526E0,-1.080795097E1
1.024442553E2,5.209050179E0,6.280050278E0,-1.087995052E1
1.024466990E2,1.960500032E-1,8.140049934E0,-1.269000053E0
1.024491427E2,3.045000076E0,1.053495026E1,3.508950233E0
1.024515864E2,5.097000122E0,1.238100052E1,3.252000093E0
1.024540298E2,2.788950205E0,9.046050072E0,2.002950191E0
1.024564735E2,8.419500589E-1,1.103295040E1,-2.632050037E0
1.024589171E2,1.350000024E0,1.386000061E1,9.130500555E-1
1.024613608E2,3.105000257E0,1.201905060E1,3.588000059E0
1.024638043E2,1.930950046E0,9.321000099E0,6.880500317E-1
1.024662479E2,1.084050059E0,1.350795078E1,-3.196950197E0
1.024686916E2,4.006950378E0,1.385100079E1,1.921050072E0
1.024711351E2,3.138000250E0,1.009200001E1,6.589500308E-1
1.024735787E2,1.170000076E0,1.328295040E1,-3.490950108E0
1.024760224E2,2.475000143E0,1.404195023E1,1.867950082E0
1.024784660E2,2.263950109E0,9.438000679E0,1.162050009E0
1.024809095E2,2.340000123E-1,1.199295044E1,-2.320950031E0
1.024833532E2,2.334000111E0,1.442100048E1,1.750950098E0
1.024857968E2,2.158950090E0,1.059900093E1,7.909500599E-1
1.024882403E2,1.395000052E-2,8.727000237E0,-2.218050003E0
1.024906840E2,-3.280500174E-1,1.116195011E1,2.449500114E-1
1.024931276E2,1.735050082E0,1.235400105E1,5.356950283E0
1.024955713E2,1.132050037E0,8.914050102E0,1.033050060E0
1.024980147E2,1.756950140E0,8.530950546E0,-1.285950065E0
1.025004584E2,3.415950060E0,1.116705036E1,1.773000121E0
1.025029020E2,5.959050179E0,8.266950607E0,2.158050060E0
1.025053455E2,4.705950260E0,5.373000145E0,-1.069605064E1
1.025077892E2,8.341050148E0,7.408050537E0,-1.491405106E1
1.025102328E2,4.711050034E0,6.366000175E0,-1.590795040E1
1.025126765E2,7.009500265E-1,4.006050110E0,-7.039950371E0
1.025151199E2,5.542050362E0,7.767000198E0,-7.210500240E-1
1.025175636E2,4.420950413E0,8.049000740E0,3.150000274E-1
1.025200072E2,2.092050076E0,4.361999989E0,2.280000210E0
1.025224509E2,6.240000129E-1,8.548050880E0,5.065050125E0
1.025248944E2,1.702050090E0,8.566950798E0,3.757950068E0
1.025273381E2,2.290500104E-1,3.294000149E0,1.710000038E-1
1.025297817E2,2.419950008E0,4.456050396E0,3.346050262E0
1.025322251E2,8.551950455E0,8.353950500E0,-1.585050106E0
1.025346688E2,6.592950344E0,3.163050175E0,-1.009200001E1
1.025371125E2,2.389500141E-1,6.619950294E0,-1.047795010E1
1.025395561E2,5.764950275E0,8.314949989E0,-1.063095093E1
1.025419998E2,9.976050377E0,4.839000225E0,-1.177095032E1
1.025444432E2,5.449500084E-1,5.586000443E0,-7.594950199E0
1.025468869E2,3.787050247E0,7.204050541E0,-1.867950082E0
1.025493306E2,1.110405064E1,6.045000076E0,-3.156000137E0
1.025517741E2,2.856000185E0,3.655950069E0,-5.323050022E0
1.025542177E2,4.210500121E-1,5.836950302E0,-8.430000544E-1
1.025566614E2,1.090005016E1,6.490950108E0,-2.785050154E0
1.025591048E2,7.867050171E0,3.055050135E0,-1.071495056E1
1.025615485E2,-9.220500588E-1,5.116050243E0,-4.557000160E0
1.025639921E2,2.635050058E0,9.658050537E0,2.191950083E0
1.025664358E2,6.187950134E0,8.626950264E0,-1.453950047E0
1.025688793E2,1.278000116E0,7.302000523E0,5.040000081E-1
1.025713229E2,-5.269500017E-1,1.163100052E1,1.186050057E0
1.025737666E2,2.347950220E0,1.184700012E1,2.082000017E0
1.025762100E2,2.002950191E0,7.563000202E0,-1.300500035E-1
1.025786537E2,2.119500041E-1,9.867000580E0,-1.417950034E0
1.025810974E2,5.146950245E0,1.445205116E1,1.501950026E0
1.025835410E2,4.036050320E0,1.160505009E1,-3.709050179E0
1.025859847E2,1.917000055E0,1.100595093E1,-1.753050089E0
1.025884282E2,2.970000029E0,1.361100101E1,2.078999996E0
1.025908718E2,4.848000050E0,1.344405079E1,-3.910050154E0
1.025933155E2,1.504950047E0,1.023495007E1,-4.429950237E0
1.025957590E2,1.090950012E0,1.144200039E1,4.030500054E-1
1.025982027E2,5.431950092E0,1.148295021E1,-6.084000111E0
1.026006463E2,2.446050167E0,8.980950356E0,-5.196000099E0
1.026030900E2,1.605000161E-2,6.177000523E0,9.390000701E-1
1.026055334E2,4.843050003E0,6.814050198E0,-4.532999992E0
1.026079771E2,5.383950233E0,4.840950012E0,-8.447999954E0
1.026104208E2,2.020050049E0,4.324050426E0,-3.348000050E0
1.026128645E2,6.567000389E0,9.144000053E0,-5.149500370E-1
1.026153079E2,4.942950249E0,6.891000271E0,-4.351050377E0
1.026177516E2,1.158000112E0,4.125000000E0,2.484000206E0
1.026201952E2,-5.790000558E-1,6.136050224E0,2.173050165E0
1.026226387E2,1.081050038E0,9.402000427E0,2.752050161E0
1.026250824E2,1.036050081E0,3.373050213E0,-1.927950144E0
1.026275261E2,-3.330000043E-1,2.265000105E0,6.349500418E-1
1.026299697E2,5.971050262E0,7.650000572E0,-2.497950077E0
1.026324132E2,7.618050575E0,3.685050249E0,-7.363050461E0
1.026348568E2,2.190000117E-1,5.989950180E0,-4.510950089E0
1.026373005E2,2.965950251E0,8.986050606E0,-1.582950115E0
1.026397442E2,9.097050667E0,4.687950134E0,-6.511050224E0
1.026421876E2,3.052050114E0,4.690050125E0,-7.123050213E0
1.026446313E2,4.660950184E0,9.216000557E0,-2.986050129E0
1.026470749E2,1.095105076E1,6.943050385E0,-6.028950214E0
1.026495184E2,1.456950068E0,6.004950523E0,-6.352950096E0
1.026519621E2,-1.933950067E0,9.453000069E0,3.190500140E-1
1.026544057E2,5.755050182E0,1.008000088E1,-1.291050076E0
1.026568494E2,7.639050484E0,6.952950478E0,-8.572050095E0
1.026592930E2,7.290000319E-1,8.326950073E0,-7.420050144E0
1.026617365E2,3.478050232E0,1.122195053E1,-1.312950015E0
1.026641802E2,5.440950394E0,8.935050011E0,-6.154050350E0
1.026666238E2,9.000000358E-2,1.014495087E1,-3.187050104E0
1.026690673E2,-4.095000029E-2,9.903000832E0,2.826000214E0
1.026715110E2,4.488000393E0,1.000995064E1,-2.289000034E0
1.026739546E2,4.483950138E0,8.806050301E0,-5.554950237E0
1.026763983E2,4.536000252E0,9.105000496E0,-2.569950104E0
1.026788418E2,9.961950302E0,1.225395012E1,-4.708050251E0
1.026812854E2,5.949000359E0,8.421000481E0,-5.413950443E0
1.026837290E2,1.135950089E0,9.763950348E0,-4.360500276E-1
1.026861727E2,4.845000267E0,1.374300098E1,4.440000355E-1
1.026886162E2,6.330000401E0,9.922050476E0,-4.416000366E0
1.026910599E2,1.476000071E0,8.518950462E0,-5.550000191E0
1.026935035E2,3.552000284E0,1.204800034E1,-9.199500680E-1
1.026959472E2,8.920050621E0,1.055400085E1,-3.525000095E0
1.026983907E2,2.640000105E0,9.766050339E0,-5.443050385E0
1.027008344E2,1.069050074E0,1.211700058E1,7.810500264E-1
1.027032780E2,6.124050140E0,1.363500023E1,-8.890500665E-1
1.027057217E2,3.129000187E0,9.651000023E0,-5.359050274E0
1.027081651E2,-1.410000026E-1,1.009905052E1,-3.192000151E0
1.027106088E2,3.130950212E0,1.169100094E1,5.370000005E-1
1.027130524E2,5.788950443E0,1.009905052E1,-3.661050081E0
1.027154962E2,1.135950089E0,9.259050369E0,-2.281949997E0
1.027179396E2,5.590500236E-1,1.035495090E1,2.539050102E0
1.027203832E2,6.751050472E0,1.079805088E1,-1.159050107E0
1.027228269E2,5.026950359E0,9.322950363E0,-6.420000076E0
1.027252704E2,2.223000050E0,9.421050072E0,-2.170050144E0
1.027277141E2,4.975050449E0,1.149495029E1,-1.110000089E-1
1.027301578E2,3.337050200E0,8.332050323E0,-1.164000034E0
1.027326014E2,2.670000196E-1,9.031050682E0,6.139500141E-1
1.027350451E2,1.492950082E0,1.072200012E1,2.103000164E0
1.027374885E2,6.781950474E0,8.952000618E0,-2.292000055E0
1.027399322E2,1.747050047E0,5.794050217E0,-4.348950386E0
1.027423758E2,3.226950169E0,8.836950302E0,-2.328000069E0
1.027448195E2,6.295950413E0,9.538950920E0,-3.865050077E0
1.027472630E2,1.326000094E0,7.468050480E0,-2.371050119E0
1.027497066E2,-1.050000042E-1,6.690000534E0,1.222050071E0
1.027521503E2,3.265050173E0,9.354000092E0,5.110500455E-1
1.027545938E2,5.805000305E0,6.421050072E0,-6.553950310E0
1.027570375E2,2.185050011E0,3.955050230E0,-7.489950180E0
1.027594811E2,2.068050146E0,5.440050125E0,-5.160000324E0
1.027619248E2,5.440950394E0,5.902050495E0,-5.349000454E0
1.027643682E2,1.978950143E0,3.156000137E0,-4.453950405E0
1.027668119E2,-9.259500504E-1,3.820950270E0,5.470499992E-1
1.027692556E2,3.451950073E0,7.258950233E0,2.656050205E0
1.027716992E2,5.178000450E0,3.096000195E0,-2.953050137E0
1.027741429E2,1.996050119E0,4.165950298E0,-1.341000080E0
1.027765864E2,7.170000553E0,8.764950752E0,-3.408000231E0
1.027790301E2,6.768000126E0,5.605050087E0,-6.790950298E0
1.027814737E2,-1.441050053E0,8.047050476E0,-1.285950065E0
1.027839174E2,-1.174950004E0,1.116900063E1,4.366050243E0
1.027863609E2,5.451000214E0,7.618950367E0,-2.947950125E0
1.027888045E2,5.664000034E0,6.832950115E0,-7.483050346E0
1.027912482E2,3.913950205E0,9.217950821E0,-6.319050312E0
1.027936916E2,7.480950356E0,1.054905033E1,-5.317950249E0
1.027961353E2,5.518050194E0,9.919050217E0,-5.967000484E0
1.027985790E2,7.080000043E-1,1.240905094E1,-1.159050107E0
1.028010226E2,3.259950161E0,1.334100056E1,2.661000013E0
1.028034663E2,3.880050182E0,1.106595039E1,-3.859950066E0
1.028059098E2,1.885950089E0,1.072605038E1,-3.546000242E0
1.028083535E2,2.674050093E0,1.218705082E1,-1.305000067E0
1.028107971E2,5.298000336E0,1.210305023E1,-5.944950104E0
1.028132408E2,2.062950134E0,1.073805046E1,-3.589950085E0
1.028156843E2,8.730000257E-1,1.124595070E1,1.275000095E0
1.028181280E2,1.249050021E0,1.330995083E1,3.169050217E0
1.028205716E2,2.001000166E0,1.196895027E1,1.792050123E0
1.028230153E2,4.729500115E-1,1.072395039E1,-1.972950101E0
1.028254587E2,1.840500087E-1,1.258905029E1,1.548000097E0
1.028279024E2,2.626050234E0,1.121700096E1,3.007950068E0
1.028303461E2,2.001000166E0,9.238950729E0,-2.694000244E0
1.028327897E2,4.371000290E0,9.034049988E0,-2.337000132E0
1.028352332E2,6.864000320E0,8.719950676E0,-7.738950253E0
1.028376768E2,2.929950237E0,6.639000416E0,-8.140950203E0
1.028401205E2,1.387950063E0,7.495950222E0,-2.931000233E0
1.028425640E2,4.843050003E0,9.631950378E0,-1.462950110E0
1.028450077E2,4.720950127E0,7.978050232E0,-2.146050215E0
1.028474514E2,8.250000477E-1,7.183050156E0,1.720050097E0
1.028498950E2,1.347000122E0,9.013950348E0,2.355000019E0
1.028523387E2,6.349050522E0,9.508050919E0,-1.642950058E0
1.028547822E2,1.984050035E0,5.373000145E0,-4.118999958E0
1.028572258E2,1.930500120E-1,6.888000488E0,-7.690500617E-1
1.028596695E2,4.378050327E0,9.217950821E0,-4.473000050E0
1.028621131E2,2.322000027E0,5.148000240E0,-5.553000450E0
1.028645566E2,-4.500000179E-1,7.281000137E0,-1.234050035E0
1.028670003E2,4.747050285E0,9.081000328E0,-9.990000725E-1
1.028694440E2,7.668000221E0,4.267050266E0,-7.614000320E0
1.028718876E2,2.401050091E0,6.370950222E0,-6.301950455E0
1.028743313E2,3.832050085E0,8.916000366E0,-2.883000135E0
1.028767748E2,6.970950127E0,6.880950451E0,-5.866050243E0
1.028792184E2,-1.240500063E-1,6.880950451E0,-3.277950048E0
1.028816621E2,-1.515000105E0,8.254950523E0,3.600000143E0
1.028841058E2,7.246950150E0,6.687000275E0,-1.459050059E0
1.028865492E2,7.773000240E0,4.987050056E0,-9.420000076E0
1.028889929E2,1.177050114E0,6.429000378E0,-6.448050499E0
1.028914366E2,4.603050232E0,8.404050827E0,-2.095050097E0
1.028938802E2,4.936050415E0,6.613050461E0,-3.541950226E0
1.028963237E2,-5.959500074E-1,7.096950531E0,-1.267050028E0
1.028987674E2,1.930950046E0,8.397000313E0,1.702950120E0
1.029012110E2,9.045000076E0,5.808000088E0,-6.862950325E0
1.029036547E2,4.560000420E0,2.554950237E0,-1.078005028E1
1.029060982E2,3.255000114E0,6.085950375E0,-6.463050365E0
1.029085418E2,9.154950142E0,6.121950150E0,-5.176950455E0
1.029109855E2,3.160050154E0,4.630050182E0,-5.610000134E0
1.029134292E2,-1.542000055E0,7.051050186E0,2.248950005E0
1.029158728E2,2.449050188E0,7.855950356E0,3.726000071E0
1.029183163E2,7.752000332E0,4.390950203E0,-5.308950424E0
1.029207600E2,3.136050224E0,4.152000427E0,-5.764050484E0
1.029232036E2,3.078000069E0,5.263050079E0,-2.574000120E0
1.029256473E2,9.118950844E0,4.144050121E0,-5.086050034E0
1.029280908E2,1.711050034E0,4.765050411E0,-5.752050400E0
1.029305345E2,-1.393050075E0,7.000950336E0,-5.580000281E-1
1.029329781E2,6.472950459E0,6.760950089E0,-4.950000439E-3
1.029354218E2,7.836000443E0,5.847000122E0,-4.564050198E0
1.029378652E2,2.713950157E0,7.606950283E0,-1.650000095E0
1.029403089E2,4.819050312E0,1.100205040E1,1.920000017E-1
1.029427526E2,6.090000153E0,8.977950096E0,-5.530950069E0
1.029451962E2,2.389500141E-1,1.023300076E1,-1.825050116E0
1.029476399E2,-8.520000577E-1,1.201905060E1,3.645000219E0
1.029500834E2,4.999500215E-1,1.146900082E1,1.978950143E0
1.029525271E2,1.645950079E0,1.035000038E1,1.305000018E-2
1.029549707E2,9.589500427E-1,1.169100094E1,-5.059500337E-1
1.029574144E2,1.194000006E0,1.266795063E1,3.405000269E-2
1.029598578E2,2.803050041E0,1.204305077E1,7.410000563E-1
1.029623015E2,2.101050138E0,1.292400074E1,-2.206050158E0
1.029647451E2,6.120000482E-1,1.462200069E1,-2.042999983E0
1.029671888E2,9.040500522E-1,1.412100029E1,2.550000250E-1
1.029696323E2,3.060000241E-1,1.207200050E1,7.810500264E-1
1.029720760E2,-1.647000074E0,1.269705105E1,-1.693050027E0
1.029745196E2,-1.621050119E0,1.328595066E1,1.630950093E0
1.029769633E2,-7.905000448E-2,6.583950520E0,2.941050053E0
1.029794070E2,-1.561050057E0,6.274950504E0,-3.690000176E-1
1.029818504E2,-7.680000067E-1,1.030005074E1,-1.660500020E-1
1.029842941E2,2.166000128E0,7.149000168E0,4.822950363E0
1.029867377E2,4.231950283E0,4.386000156E0,6.145050526E0
1.029891814E2,1.498995113E1,4.048950195E0,-7.690950394E0
1.029916251E2,1.312500095E1,4.494000435E0,-1.824705124E1
1.029940686E2,2.986950159E0,6.421050072E0,-1.779000092E1
1.029965122E2,-5.460000038E-1,5.410950184E0,-1.008795071E1
1.029989559E2,1.680000067E0,1.004205036E1,-3.549000263E0
1.030013996E2,2.379000187E0,5.713050365E0,2.860500216E-1
1.030038430E2,1.429050088E0,5.844000340E0,1.846950054E0
1.030062867E2,7.113000393E0,9.223050117E0,4.849050045E0
1.030087303E2,9.709950447E0,4.860000134E0,-2.814000130E0
1.030111740E2,4.021950245E0,6.946050167E0,-5.706000328E0
1.030136175E2,4.350000381E0,1.064295006E1,-8.296950340E0
1.030160611E2,1.288995075E1,6.852000237E0,-1.345605087E1
1.030185048E2,4.456950188E0,5.995050430E0,-1.505595112E1
1.030209485E2,-5.149500370E-1,8.476050377E0,-6.202050209E0
1.030233921E2,6.187950134E0,9.177000046E0,-7.905000448E-2
1.030258356E2,6.772950172E0,7.326000214E0,-1.786950111E0
1.030282793E2,2.215950012E0,9.330000877E0,-5.250000358E-1
1.030307229E2,3.919050217E0,1.089600086E1,3.790950298E0
1.030331666E2,8.410050392E0,9.213000298E0,-6.985050201E0
1.030356101E2,3.934950113E0,9.208050728E0,-6.610950470E0
1.030380537E2,7.650000453E-1,1.144905090E1,-1.614000082E0
1.030404974E2,3.361050129E0,1.105200100E1,-3.163050175E0
1.030429411E2,2.961000204E0,1.032195091E1,-1.083000064E0
1.030453847E2,8.989500403E-1,1.121700096E1,1.435050011E0
1.030478282E2,9.330000281E-1,1.173705101E1,1.605000019E0
1.030502719E2,5.239950180E0,1.108095074E1,-1.699500084E-1
1.030527155E2,2.058000088E0,8.848950386E0,-4.381950378E0
1.030551592E2,9.583950043E0,1.102995014E1,-4.612050056E0
1.030576029E2,9.604950905E0,1.141800022E1,-8.086050034E0
1.030600464E2,1.570050120E0,9.891000748E0,-2.821050167E0
1.030624901E2,1.414050102E0,1.123200035E1,2.282999992E0
1.030649337E2,3.708000183E0,1.402605057E1,3.310500085E-1
1.030673774E2,2.317050219E0,8.989950180E0,-2.233950138E0
1.030698208E2,1.347000122E0,8.413050652E0,3.049500287E-1
1.030722645E2,7.231950283E0,1.088205051E1,-4.393949986E0
1.030747081E2,4.042950153E0,7.168050289E0,-6.193950176E0
1.030771518E2,1.605000161E-2,8.322000504E0,-9.100500345E-1
1.030795955E2,2.287950039E0,1.045095062E1,8.890500665E-1
1.030820390E2,5.155950069E0,7.674000263E0,-3.084000111E0
1.030844827E2,1.986000061E0,6.475950241E0,-3.931950092E0
1.030869264E2,8.299500346E-1,8.047050476E0,-8.940000534E-1
1.030893700E2,6.163950443E0,7.987050533E0,-2.086050034E0
1.030918137E2,4.294950008E0,5.749050140E0,-3.511050224E0
1.030942571E2,1.000050068E0,6.892950535E0,3.859500289E-1
1.030967008E2,3.861000299E0,9.747000694E0,9.390000701E-1
1.030991444E2,4.246950150E0,6.031050205E0,-2.742000103E0
1.031015881E2,1.837950110E0,4.417050362E0,-5.539500117E-1
1.031040316E2,5.413050175E0,9.337950706E0,3.460500240E-1
1.031064753E2,6.531000137E0,6.390000343E0,-4.878000259E0
1.031089190E2,9.280500412E-1,5.368050098E0,-2.011950016E0
1.031113626E2,-3.730500042E-1,8.370000839E0,3.508950233E0
1.031138063E2,3.181050062E0,8.671950340E0,3.820500076E-1
1.031162498E2,1.456950068E0,4.732950211E0,-2.553000212E0
1.031186935E2,-1.939500123E-1,8.830050468E0,2.830500007E-1
1.031211371E2,4.443000317E0,1.014495087E1,-1.224000096E0
1.031235808E2,3.655050278E0,6.835950375E0,-4.288949966E0
1.031260245E2,-4.305000231E-2,8.442000389E0,-2.032950163E0
1.031284679E2,1.897950053E0,1.014000034E1,-1.075950027E0
1.031309116E2,5.851050377E0,8.746050835E0,-5.823000431E0
1.031333553E2,2.110949993E0,7.033950329E0,-5.401950359E0
1.031357990E2,3.370050192E0,1.005600071E1,-2.716050148E0
1.031382426E2,9.709950447E0,9.229950905E0,-6.505950451E0
1.031406861E2,2.959050179E0,7.501050472E0,-6.702000141E0
1.031431298E2,-9.840000272E-1,8.868000031E0,9.705000371E-2
1.031455735E2,4.081050396E0,9.952950478E0,6.090000272E-1
1.031480171E2,5.731050491E0,6.223050117E0,-6.826950550E0
1.031504608E2,9.760500193E-1,6.511950493E0,-4.966050148E0
1.031529042E2,5.760000229E0,1.010895061E1,-6.229500175E-1
1.031553479E2,7.993950367E0,6.615000248E0,-5.055000305E0
1.031577916E2,7.410000563E-1,7.729050159E0,-2.371050119E0
1.031602353E2,1.633950114E0,1.200000095E1,1.816050053E0
1.031626789E2,6.856050491E0,8.097000122E0,-3.819000244E0
1.031651224E2,3.313050270E0,6.814050198E0,-6.352950096E0
1.031675661E2,3.622050285E0,9.436050415E0,-3.738000154E0
1.031700097E2,1.044105053E1,8.275050163E0,-5.323050022E0
1.031724534E2,4.261050224E0,7.348050117E0,-6.814950466E0
1.031748969E2,-1.423950076E0,8.815950394E0,-1.593000054E0
1.031773405E2,2.893950224E0,9.679950714E0,1.867950082E0
1.031797842E2,8.748000145E0,7.164000511E0,-5.779950142E0
1.031822279E2,1.429050088E0,6.481050491E0,-8.039999962E0
1.031846715E2,-9.795000404E-2,8.488050461E0,5.595000088E-2
1.031871150E2,6.460950375E0,8.029950142E0,-1.450950027E0
1.031895587E2,3.673950195E0,6.012000084E0,-4.144950390E0
1.031920023E2,-5.650500059E-1,7.480050564E0,1.557000041E0
1.031944460E2,4.618050098E0,1.012095070E1,1.153050065E0
1.031968897E2,4.678050041E0,5.698050499E0,-5.140950203E0
1.031993334E2,-5.269500017E-1,6.555000305E0,-2.383050203E0
1.032017769E2,3.576000214E0,9.004950523E0,9.589500427E-1
1.032042206E2,7.359000206E0,6.117000103E0,-4.114050388E0
1.032066642E2,7.170000076E-1,5.193000317E0,-2.349000216E0
1.032091079E2,7.630500197E-1,7.993950367E0,2.191950083E0
1.032115513E2,7.219950199E0,6.547950268E0,-1.060950041E0
1.032139950E2,4.912050247E0,4.113000393E0,-6.405000210E0
1.032164387E2,-7.660500407E-1,6.535950184E0,-2.725050211E0
1.032188824E2,3.792000294E0,9.835950851E0,3.739500046E-1
1.032213260E2,5.029950142E0,5.998050213E0,-2.806950092E0
1.032237697E2,-8.569500446E-1,6.055050373E0,-2.164950132E0
1.032262132E2,1.246950030E0,8.509050369E0,9.130500555E-1
1.032286569E2,6.435000420E0,5.602950096E0,-3.951000214E0
1.032311005E2,2.769000053E0,3.988950253E0,-6.807000160E0
1.032335442E2,1.225050092E0,6.948000431E0,-2.785050154E0
1.032359876E2,7.795050144E0,6.352050304E0,-4.011000156E0
1.032384313E2,2.985000134E0,3.910050154E0,-5.601000309E0
1.032408750E2,-2.887050152E0,6.445050240E0,2.078999996E0
1.032433186E2,1.282950044E0,5.557050228E0,4.978950024E0
1.032457623E2,6.646050453E0,4.413000107E0,-1.495050073E0
1.032482060E2,2.781000137E0,4.348050117E0,-3.120000124E0
1.032506495E2,4.294950008E0,9.739950180E0,1.714950085E0
1.032530931E2,6.481050491E0,8.908950806E0,-1.055999994E0
1.032555368E2,1.936050057E0,1.062300014E1,-2.520000041E-1
1.032579804E2,1.639500111E-1,1.400895023E1,1.393950105E0
1.032604241E2,5.281050205E0,1.339605045E1,-8.890500665E-1
1.032628678E2,3.454050064E0,1.144500065E1,-6.259050369E0
1.032653113E2,2.641950130E0,1.024995041E1,-2.818950176E0
1.032677550E2,4.951050282E0,1.239000034E1,-4.009050369E0
1.032701986E2,4.371000290E0,1.279995060E1,-7.729050159E0
1.032726423E2,2.134950161E0,9.963000298E0,-5.059950352E0
1.032750858E2,2.755050182E0,1.093200016E1,-3.750000238E0
1.032775294E2,7.717950344E0,1.132500076E1,-7.279050350E0
1.032799731E2,4.438050270E0,1.045095062E1,-6.742950439E0
1.032824167E2,1.852050066E0,9.778050423E0,-9.610500336E-1
1.032848604E2,4.339950085E0,1.343400097E1,-5.850000381E-1
1.032873039E2,2.140050173E0,1.062795067E1,-1.779000044E0
1.032897476E2,-4.309500158E-1,1.038900089E1,1.761000037E0
1.032921913E2,-1.795950055E0,1.237800026E1,5.185050011E0
1.032946349E2,3.796950102E0,4.903050423E0,-2.422950029E0
1.032970786E2,5.041950226E0,7.482000351E0,-4.942050457E0
1.032995220E2,6.697950363E0,8.607000351E0,-3.568050146E0
1.033019657E2,7.129050255E0,8.356050491E0,-4.279050350E0
1.033044094E2,8.590500355E-1,7.104000568E0,-1.417950034E0
1.033068531E2,-2.004000187E0,1.122705078E1,2.818950176E0
1.033092967E2,3.660000086E0,1.182105064E1,2.826000214E0
1.033117404E2,6.993000507E0,9.478950500E0,-8.668050766E0
1.033141839E2,3.258000135E0,8.619000435E0,-7.072950363E0
1.033166275E2,5.607000351E0,1.191105080E1,-4.375050068E0
1.033190712E2,4.836000443E0,1.110900021E1,-4.687950134E0
1.033215149E2,-2.820000052E-1,9.751950264E0,-1.923000097E0
1.033239585E2,1.812000036E0,1.101105022E1,1.636050105E0
1.033264020E2,8.839050293E0,1.114305019E1,-3.786000252E0
1.033288457E2,4.732950211E0,6.559950352E0,-7.758000374E0
1.033312894E2,2.863050222E0,9.405000687E0,-3.843000174E0
1.033337331E2,7.536000252E0,1.061595058E1,-2.835000038E0
1.033361767E2,2.961000204E0,8.943000793E0,-3.640050173E0
1.033386204E2,-2.320500165E-1,8.967000008E0,3.310500085E-1
1.033410638E2,2.142000198E0,1.170795059E1,3.661950111E0
1.033435075E2,8.094000816E0,7.876950264E0,-4.621050358E0
1.033459512E2,4.291950226E0,7.338000298E0,-9.013050079E0
1.033483948E2,3.291000128E0,1.085100079E1,-3.835950136E0
1.033508385E2,7.455000401E0,1.018995094E1,-1.687950134E0
1.033532820E2,1.630050063E0,8.100000381E0,-7.690500617E-1
1.033557257E2,-9.600000083E-2,1.173195076E1,2.932050228E0
1.033581694E2,5.740950108E0,1.055205059E1,1.489500105E-1
1.033606130E2,7.483950138E0,6.961950302E0,-7.818000317E0
1.033630567E2,3.366000175E0,8.586000443E0,-8.039999962E0
1.033655002E2,5.638050079E0,1.087695026E1,-4.096950054E0
1.033679438E2,4.756950378E0,1.073295021E1,-3.313950062E0
1.033703875E2,4.005000368E-2,9.879000664E0,-3.000000026E-3
1.033728312E2,-8.500500321E-1,1.141605091E1,8.050500154E-1
1.033752748E2,1.426050067E0,1.167195034E1,3.670950174E0
1.033777185E2,6.555000305E0,8.365950584E0,-3.484050274E0
1.033801620E2,3.162000179E0,6.952950478E0,-5.842950344E0
1.033826057E2,5.997000217E0,9.440999985E0,-4.092000008E0
1.033850494E2,5.580000401E0,7.915050507E0,-5.778000355E0
1.033874930E2,4.009500146E-1,7.663950443E0,-1.557000041E0
1.033899367E2,5.190000534E-1,8.866050720E0,3.115950108E0
1.033923804E2,3.925950289E0,8.524050713E0,-3.910500109E-1
1.033948238E2,3.504000187E0,4.519950390E0,-5.589000225E0
1.033972675E2,2.947050095E0,7.599000454E0,-2.629050016E0
1.033997112E2,9.001950264E0,7.791000366E0,-3.946050167E0
1.034021549E2,3.787050247E0,5.878050327E0,-5.541000366E0
1.034045986E2,-2.598000050E0,9.133950233E0,2.461950064E0
1.034070422E2,-7.159500122E-1,7.791000366E0,5.778000355E0
1.034094857E2,7.000050545E0,5.847000122E0,-3.946050167E0
1.034119294E2,2.061000109E0,5.241000175E0,-7.770000458E0
1.034143731E2,1.795050144E0,7.963050365E0,-1.963950038E0
1.034168167E2,6.639000416E0,6.754050255E0,-2.562000036E0
1.034192604E2,1.042950034E0,6.721050262E0,-1.537950039E0
1.034217041E2,-1.852950096E0,9.505050659E0,3.075000048E0
1.034241476E2,3.564000130E0,9.037950516E0,2.299050093E0
1.034265913E2,5.098950386E0,6.574950218E0,-6.067950249E0
1.034290349E2,5.190000534E-1,7.222950459E0,-4.240950108E0
1.034314786E2,6.271950245E0,9.349950790E0,-2.778000116E0
1.034339223E2,6.451950073E0,7.851000309E0,-6.193950176E0
1.034363657E2,-1.000950098E0,8.217000008E0,-2.385000229E0
1.034388094E2,7.800000161E-2,1.081695080E1,3.669000149E0
1.034412530E2,7.009950161E0,7.812000275E0,-3.517950058E0
1.034436967E2,3.054000139E0,6.232050419E0,-8.931000710E0
1.034461404E2,4.489500225E-1,8.848950386E0,-3.415050268E0
1.034485841E2,7.720950603E0,8.173950195E0,-3.070050240E0
1.034510276E2,4.543950081E0,5.686050415E0,-6.136950493E0
1.034534713E2,-1.302000046E0,8.310000420E0,-7.950000167E-1
1.034559150E2,4.294950008E0,9.000000000E0,2.031000137E0
1.034583586E2,8.440950394E0,6.745050430E0,-5.182050228E0
1.034608023E2,1.672950029E0,6.883050442E0,-5.146050453E0
1.034632460E2,4.182000160E0,1.065195084E1,-1.393950105E0
1.034656895E2,1.018395042E1,7.390950203E0,-6.597000122E0
1.034681332E2,4.230000079E-1,8.253000259E0,-5.578950405E0
1.034705768E2,-2.473050117E0,1.015395069E1,2.805000067E0
1.034730206E2,7.399950504E0,8.418000221E0,-2.590500116E-1
1.034754642E2,8.491950035E0,6.880950451E0,-9.379050255E0
1.034779079E2,6.379500031E-1,8.848950386E0,-4.947000027E0
1.034803513E2,5.274000168E0,1.085100079E1,-4.960500300E-1
1.034827950E2,6.363000393E0,8.643000603E0,-4.264950275E0
1.034852387E2,5.190000534E-1,1.067100048E1,-2.067000151E0
1.034876823E2,2.710050106E0,1.213200092E1,-7.005000114E-2
1.034901260E2,8.443950653E0,1.059495068E1,-7.054050446E0
1.034925697E2,4.012050152E0,9.153000832E0,-8.778000832E0
1.034950132E2,3.682050228E0,1.173900032E1,-3.742950201E0
1.034974569E2,9.694050789E0,1.082205009E1,-5.416050434E0
1.034999006E2,3.318000078E0,1.049400043E1,-4.621050358E0
1.035023442E2,-9.960000515E-1,1.074105072E1,2.038050175E0
1.035047879E2,3.343950272E0,1.031700039E1,2.457000017E0
1.035072314E2,7.804950237E0,8.682000160E0,-6.766950130E0
1.035096750E2,1.879050136E0,8.008950233E0,-6.405000210E0
1.035121187E2,3.370050192E0,1.099005032E1,-9.169500470E-1
1.035145624E2,7.159950256E0,7.791000366E0,-3.604050159E0
1.035170060E2,1.065000057E0,7.402950287E0,-1.945050120E0
1.035194497E2,6.619500518E-1,9.105000496E0,2.517000198E0
1.035218934E2,5.443950176E0,8.598000526E0,1.920000017E-1
1.035243369E2,4.330049992E0,4.671000004E0,-5.706000328E0
1.035267806E2,1.957950115E0,5.533050060E0,-3.513000250E0
1.035292243E2,9.742050171E0,7.537050247E0,-3.664050102E0
1.035316679E2,6.777000427E0,4.531949997E0,-8.458950043E0
1.035341116E2,-1.210950017E0,6.405000210E0,-1.174050093E0
1.035365553E2,-1.887000084E0,7.426950455E0,4.312950134E0
1.035389990E2,5.359950066E0,5.161950111E0,-2.115000010E0
1.035414424E2,2.616000175E0,3.844950199E0,-5.200950146E0
1.035438861E2,-7.060500383E-1,5.605050087E0,-6.109500527E-1
1.035463297E2,8.080050468E0,5.430000305E0,-1.095000029E0
1.035487734E2,5.707050323E0,4.052999973E0,-6.952950478E0
1.035512171E2,-2.743950129E0,6.972000122E0,-1.252950072E0
1.035536608E2,3.018000126E0,7.147050381E0,4.530000091E-1
1.035561043E2,8.917950630E0,4.635000229E0,-5.862000465E0
1.035585480E2,3.750000298E-1,6.010050297E0,-6.055950165E0
1.035609917E2,4.462050438E0,8.227050781E0,-2.040000200E0
1.035634353E2,1.103700066E1,5.284050465E0,-6.214050293E0
1.035658790E2,-4.740000367E-1,5.803950310E0,-5.941050053E0
1.035683225E2,-2.607000113E0,7.828950405E0,2.805000067E0
1.035707662E2,7.371000290E0,5.275050163E0,-4.099500179E-1
1.035732098E2,6.064050198E0,4.444050312E0,-8.826000214E0
1.035756535E2,-1.824000120E0,6.796950340E0,-3.373950243E0
1.035780972E2,3.955050230E0,7.795950413E0,9.160500169E-1
1.035805409E2,5.992050171E0,6.259050369E0,-4.044000149E0
1.035829845E2,8.505000174E-2,7.839000225E0,-4.840500355E-1
1.035854280E2,1.170000061E-1,1.175595093E1,3.276000261E0
1.035878717E2,4.660950184E0,9.931050301E0,-2.074050188E0
1.035903154E2,2.676000118E0,8.686050415E0,-4.993050098E0
1.035927591E2,2.431950092E0,1.178700066E1,-2.514000177E0
1.035952027E2,7.492950439E0,1.146600056E1,-5.421000481E0
1.035976464E2,2.547000170E0,8.920950890E0,-6.724050522E0
1.036000901E2,-4.039500058E-1,1.048905087E1,1.260000110E0
1.036025335E2,2.200050116E0,1.221795082E1,3.412950277E0
1.036049772E2,4.330049992E0,1.063305092E1,-4.237950325E0
1.036074209E2,1.483950019E0,1.012995052E1,-3.427050114E0
1.036098645E2,2.479950190E0,1.190205097E1,-5.059500337E-1
1.036123082E2,4.927050114E0,1.114500046E1,-4.504050255E0
1.036147519E2,2.488950014E0,1.085295010E1,-5.388000488E0
1.036171956E2,1.084050059E0,1.165095043E1,-8.980500698E-1
1.036196391E2,4.645950317E0,1.152405071E1,-3.367050171E0
1.036220828E2,5.116050243E0,8.409000397E0,-7.083000183E0
1.036245265E2,2.074949980E0,9.448050499E0,-3.238050222E0
1.036269701E2,6.226950169E0,1.043400097E1,-2.838000059E0
1.036294138E2,5.784000397E0,7.044000149E0,-7.650000572E0
1.036318574E2,4.279500246E-1,7.678050518E0,-3.408000231E0
1.036343009E2,-4.909500182E-1,9.022050858E0,2.236950159E0
1.036367446E2,7.093050480E0,6.129000187E0,-2.620050192E0
1.036391883E2,3.964050293E0,4.611000061E0,-6.847950459E0
1.036416319E2,-6.439500451E-1,7.647000313E0,4.129500091E-1
1.036440756E2,6.832050323E0,7.075050354E0,1.050000072E0
1.036465193E2,4.761000156E0,5.026050091E0,-3.658950090E0
1.036489627E2,-1.717050076E0,7.894050598E0,1.159950018E0
1.036514064E2,3.697950125E0,7.851000309E0,1.021050096E0
1.036538501E2,8.314949989E0,5.136000156E0,-6.819000244E0
1.036562938E2,1.189050078E0,6.663000107E0,-6.963000298E0
1.036587374E2,5.524950027E0,8.365950584E0,-2.263050079E0
1.036611811E2,1.023495007E1,6.919050217E0,-6.262050152E0
1.036636248E2,-5.170500278E-1,6.685050488E0,-4.327050209E0
1.036660682E2,-3.060000181E0,9.357000351E0,4.714950085E0
1.036685119E2,5.925000191E0,6.571950436E0,-1.660500020E-1
1.036709556E2,6.411000252E0,5.136000156E0,-9.444000244E0
1.036733993E2,-3.420000076E-1,6.271050453E0,-5.328000069E0
1.036758430E2,5.427000046E0,7.765050411E0,-9.460500479E-1
1.036782866E2,6.640950203E0,5.266950130E0,-4.939950466E0
1.036807303E2,-7.369500399E-1,6.879000187E0,-6.490500569E-1
1.036831740E2,2.939999998E-1,1.056600094E1,3.661950111E0
1.036856175E2,5.856000423E0,7.156050205E0,-3.015000105E0
1.036880612E2,3.001950026E0,6.034050465E0,-6.034050465E0
1.036905049E2,4.242000103E0,8.242950439E0,-3.304950237E0
1.036929485E2,1.156095028E1,7.233000278E0,-6.312000275E0
1.036953922E2,2.367000103E0,5.598000050E0,-6.199050426E0
1.036978359E2,-2.686050177E0,9.823950768E0,3.643050194E0
1.037002793E2,3.226950169E0,8.445000648E0,3.565950155E0
1.037027230E2,6.829950333E0,6.807000160E0,-4.272000313E0
1.037051667E2,1.270950079E0,7.762050152E0,-3.823950291E0
1.037076103E2,1.630050063E0,1.046505070E1,1.002000093E0
1.037100540E2,4.648950100E0,8.389050484E0,-2.481000185E0
1.037124977E2,1.515000105E0,9.631950378E0,-2.401950121E0
1.037149414E2,2.479500175E-1,1.155000019E1,1.821000099E0
1.037173851E2,3.081000090E0,1.231605053E1,9.850500226E-1
1.037198286E2,4.137000084E0,1.177995014E1,-2.977050066E0
1.037222722E2,2.068050146E0,1.095600033E1,-5.805000290E-2
1.037247159E2,6.744000435E0,1.366905022E1,-2.574000120E0
1.037271595E2,5.190000057E0,1.167900085E1,-5.397000313E0
1.037296032E2,7.489500642E-1,9.598950386E0,-3.276000261E0
1.037320469E2,2.104050159E0,1.322100067E1,2.031000137E0
1.037344906E2,3.595050097E0,1.275405025E1,-1.990050077E0
1.037369341E2,1.630050063E0,9.796950340E0,-1.794000030E0
1.037393778E2,2.460000068E-1,1.228005028E1,8.200500607E-1
1.037418215E2,3.733950138E0,1.303200054E1,5.040000081E-1
1.037442651E2,2.535000086E0,1.066200066E1,-3.811950207E0
1.037467088E2,1.089000106E0,1.171005058E1,-2.059500068E-1
1.037491524E2,3.214950085E0,1.298400021E1,9.000000358E-2
1.037515959E2,3.955050230E0,9.856950760E0,-3.859950066E0
1.037540398E2,1.168050051E0,9.205950737E0,-1.786950111E0
1.037564833E2,3.081000090E0,1.087500095E1,1.210050106E0
1.037589270E2,6.487950325E0,9.022050858E0,-3.490950108E0
1.037613707E2,1.594050050E0,8.619000435E0,-3.412050247E0
1.037638143E2,5.310000181E-1,1.035495090E1,1.828050137E0
1.037662580E2,5.929950237E0,1.011300087E1,-2.227050066E0
1.037687017E2,3.852000237E0,7.326000214E0,-6.817050457E0
1.037711451E2,3.730500042E-1,9.163050652E0,-3.865050077E0
1.037735888E2,4.639050007E0,1.061595058E1,-1.732050061E0
1.037760325E2,5.475000381E0,7.015050411E0,-5.746950150E0
1.037784761E2,5.190000534E-1,7.894050598E0,-4.168950081E0
1.037809198E2,3.118950129E0,9.795000076E0,-2.970000207E-1
1.037833635E2,7.243950367E0,6.469050407E0,-6.669000149E0
1.037858072E2,3.109050035E0,5.670000076E0,-7.674000263E0
1.037882507E2,1.572000027E0,8.872950554E0,-1.807950139E0
1.037906943E2,7.504950523E0,6.843000412E0,-2.538000107E0
1.037931380E2,2.974950075E0,5.088000298E0,-4.528050423E0
1.037955817E2,-1.120050073E0,7.882050514E0,1.390050054E0
1.037980254E2,7.006950378E0,7.671000481E0,1.299000025E0
1.038004690E2,9.715050697E0,3.493050098E0,-7.600050449E0
1.038029127E2,1.098000050E0,6.024000168E0,-7.324950218E0
1.038053564E2,4.759050369E0,8.665050507E0,-2.482950211E0
1.038077999E2,8.769000053E0,5.479950428E0,-5.344950199E0
1.038102436E2,-9.310500622E-1,6.864000320E0,-3.958050251E0
1.038126873E2,8.989500403E-1,8.872950554E0,2.284950018E0
1.038151309E2,8.986950874E0,6.646050453E0,-2.320950031E0
1.038175747E2,4.074000359E0,5.385000229E0,-6.331050396E0
1.038200183E2,2.467950106E0,8.731950760E0,-8.050500154E-1
1.038224620E2,8.518050194E0,7.846050262E0,-3.376050234E0
1.038249056E2,4.170000076E0,6.879000187E0,-6.199050426E0
1.038273493E2,-1.233000040E0,8.338950157E0,1.681950092E0
1.038297928E2,1.057050109E0,1.050105095E1,3.121050119E0
1.038322365E2,5.635050297E0,7.614000320E0,-4.590000153E0
1.038346802E2,1.771050096E0,6.763950348E0,-4.285950184E0
1.038371238E2,3.571050167E0,9.994050026E0,-6.370500326E-1
1.038395675E2,7.615050316E0,8.140049934E0,-3.973050117E0
1.038420112E2,2.353049994E0,7.087050438E0,-2.434950113E0
1.038444549E2,5.329500437E-1,1.062105083E1,1.713000059E0
1.038468984E2,4.900050163E0,1.160505009E1,2.637000084E0
1.038493420E2,3.508950233E0,7.726050377E0,-4.167000294E0
1.038517857E2,2.482050180E0,1.056600094E1,-1.702950120E0
1.038542294E2,8.985000610E0,1.148805046E1,-4.147050381E0
1.038566731E2,5.263950348E0,8.353950500E0,-6.265950203E0
1.038591168E2,-5.050500035E-1,9.496050835E0,-1.858050108E0
1.038615605E2,9.550500512E-1,1.144500065E1,3.778950214E0
1.038640041E2,5.178000450E0,1.033800030E1,-2.068950176E0
1.038664476E2,2.410050154E0,7.518000126E0,-4.542000294E0
1.038688913E2,3.351000071E0,1.054695034E1,-6.799500585E-1
1.038713350E2,8.371950150E0,1.029300022E1,-3.448050261E0
1.038737787E2,4.050000191E0,9.043050766E0,-4.873050213E0
1.038762223E2,1.108050108E0,1.152105045E1,-3.139500022E-1
1.038786660E2,5.008050442E0,1.198800087E1,-2.659500241E-1
1.038811097E2,4.744950294E0,8.008950233E0,-5.437950134E0
1.038835534E2,1.500000119E0,9.357000351E0,-2.722950220E0
1.038859969E2,9.102000237E0,1.120800018E1,-2.287050009E0
1.038884405E2,7.159950256E0,8.203050613E0,-7.321950436E0
1.038908842E2,-8.400000632E-2,8.880000114E0,-3.060000181E0
1.038933279E2,1.086000085E0,1.082700062E1,2.527050018E0
1.038957716E2,5.821950436E0,8.758049965E0,-2.941050053E0
1.038982153E2,2.053050041E0,6.478950500E0,-6.202050209E0
1.039006589E2,1.141050100E0,8.854050636E0,-8.770500422E-1
1.039031026E2,8.236050606E0,8.404050827E0,-1.606950045E0
1.039055461E2,4.897950172E0,5.995050430E0,-5.941050053E0
1.039079898E2,-4.260000288E-1,7.549050331E0,-9.060000181E-1
1.039104335E2,3.667050123E0,9.577050209E0,4.530000091E-1
1.039128772E2,5.269050121E0,5.466000080E0,-5.389950275E0
1.039153208E2,1.002000093E0,6.045000076E0,-4.248000145E0
1.039177645E2,6.544950485E0,8.334000587E0,-2.091000080E0
1.039202082E2,8.974950790E0,4.201950073E0,-7.786950588E0
1.039226519E2,6.360000372E-1,5.617050171E0,-6.379050255E0
1.039250953E2,-3.540000021E-1,6.642000198E0,1.057050109E0
1.039275390E2,7.608000278E0,5.056950092E0,-2.185950041E0
1.039299827E2,4.558050156E0,3.558000088E0,-5.566950321E0
1.039324264E2,-7.180500627E-1,6.084000111E0,-1.444050074E0
1.039348701E2,7.843050480E0,6.490950108E0,-1.231050014E0
1.039373137E2,6.555000305E0,3.960000277E0,-5.626950264E0
1.039397574E2,-2.349000216E0,6.571950436E0,-2.389950037E0
1.039422011E2,3.339000225E0,7.486950397E0,9.439500570E-1
1.039446448E2,9.220050812E0,4.872000217E0,-6.130050182E0
1.039470883E2,1.024049997E0,5.931000233E0,-6.373950481E0
1.039495320E2,5.494050026E0,7.896000385E0,-2.042999983E0
1.039519757E2,1.158000088E1,6.010050297E0,-6.156000137E0
1.039544194E2,1.690500081E-1,5.749050140E0,-6.046050072E0
1.039568630E2,-9.259500504E-1,8.983050346E0,3.721950293E0
1.039593067E2,9.222000122E0,7.314000130E0,-1.261950016E0
1.039617504E2,6.793950558E0,4.996950150E0,-7.906050205E0
1.039641938E2,5.569500327E-1,8.313000679E0,-2.572050095E0
1.039666378E2,5.164050102E0,9.235050201E0,1.950000077E-1
1.039690812E2,5.427000046E0,7.063050270E0,-3.664050102E0
1.039715249E2,2.460000068E-1,8.623950005E0,-7.519500256E-1
1.039739686E2,1.426050067E0,1.101105022E1,2.673000097E0
1.039764123E2,6.691050529E0,9.898050308E0,-4.285950184E0
1.039788559E2,3.567000151E0,7.587000370E0,-5.092950344E0
1.039812996E2,4.953000069E0,1.108995056E1,-2.461950064E0
1.039837433E2,9.745950699E0,1.069305038E1,-6.250050068E0
1.039861870E2,2.307000160E0,8.125950813E0,-4.477950096E0
1.039886305E2,-1.429500133E-1,1.053495026E1,1.603050113E0
1.039910742E2,3.106950045E0,1.207905102E1,2.833050251E0
1.039935179E2,4.407000065E0,8.797050476E0,-4.348950386E0
1.039959616E2,8.779500127E-1,8.518950462E0,-2.850000143E0
1.039984052E2,4.729950428E0,1.184700012E1,5.560500026E-1
1.040008489E2,6.643050194E0,9.004950523E0,-3.694950104E0
1.040032926E2,1.483950019E0,9.049950600E0,-3.441000223E0
1.040057362E2,1.468950033E0,1.267800045E1,2.271000147E0
1.040081799E2,4.797000408E0,1.222995090E1,-7.950000167E-1
1.040106236E2,2.227950096E0,8.409000397E0,-3.771000147E0
1.040130671E2,2.068050146E0,1.149495029E1,-1.350000054E-1
1.040155108E2,9.397050858E0,1.177005100E1,-3.690000057E0
1.040179545E2,4.548000336E0,8.952000618E0,-6.807000160E0
1.040203981E2,-4.360500276E-1,1.031205082E1,-8.670000434E-1
1.040228418E2,2.832000017E0,1.163400078E1,2.527050018E0
1.040252855E2,5.845950127E0,9.261000633E0,-4.878000259E0
1.040277291E2,1.170000076E0,8.425050735E0,-4.842000008E0
1.040301726E2,3.354000092E0,1.212495041E1,-2.830500007E-1
1.040326165E2,7.611000538E0,1.036200047E1,-4.228950024E0
1.040350600E2,1.524000049E0,9.838050842E0,-3.862050295E0
1.040375037E2,1.279500127E-1,1.126305008E1,1.360950112E0
1.040399474E2,5.167950153E0,1.116900063E1,-1.858050108E0
1.040423911E2,4.579050064E0,7.540050507E0,-6.601950169E0
1.040448347E2,2.812050104E0,9.826050758E0,-3.982050180E0
1.040472784E2,1.026600075E1,9.967050552E0,-4.360050201E0
1.040497221E2,6.018000126E0,7.812000275E0,-8.480999947E0
1.040521658E2,1.800000109E-2,9.211050034E0,-1.600050092E0
1.040546092E2,1.651050091E0,1.096095085E1,3.736050129E0
1.040570529E2,5.383950233E0,8.457000732E0,-3.091950178E0
1.040594966E2,1.785000086E0,6.187050343E0,-5.656050205E0
1.040619403E2,2.511000156E0,9.499950409E0,-1.087050080E0
1.040643840E2,9.730050087E0,7.587000370E0,-3.831000090E0
1.040668277E2,3.246000051E0,6.024000168E0,-6.357000351E0
1.040692713E2,-6.705000252E-2,9.919050217E0,4.870500267E-1
1.040717150E2,4.768950462E0,1.089600086E1,8.029500246E-1
1.040741587E2,4.773000240E0,6.325950146E0,-5.491050243E0
1.040766024E2,1.989000082E0,9.478950500E0,-4.380000114E0
1.040790459E2,9.907050133E0,9.304050446E0,-4.483050346E0
1.040814895E2,6.315000534E0,5.728950500E0,-8.866950035E0
1.040839332E2,-1.261950016E0,8.056950569E0,-3.919950247E0
1.040863769E2,-3.690000176E-1,7.968000412E0,3.789000273E0
1.040888206E2,7.240050316E0,6.390000343E0,-7.159500122E-1
1.040912642E2,4.072050095E0,4.113000393E0,-5.730000496E0
1.040937079E2,-1.530000120E-1,8.083050728E0,5.160000324E-1
1.040961516E2,6.592950344E0,8.080950737E0,-2.400000095E-1
1.040985951E2,3.721950293E0,4.864950180E0,-4.477950096E0
1.041010388E2,-7.300500274E-1,6.625050545E0,4.849500358E-1
1.041034827E2,1.177050114E0,1.018800068E1,3.292950153E0
1.041059262E2,4.528950214E0,5.478000164E0,-4.099050045E0
1.041083699E2,9.450000525E-1,4.726050377E0,-4.401000023E0
1.041108135E2,4.584000111E0,7.449000359E0,-1.288950086E0
1.041132572E2,9.124050140E0,6.369000435E0,-6.151050091E0
1.041157009E2,3.919500113E-1,4.361999989E0,-3.622950077E0
1.041181445E2,-1.836000085E0,7.551000595E0,4.090050220E0
1.041205882E2,5.251950264E0,6.651000500E0,1.590000093E-1
1.041230319E2,5.298000336E0,3.799950123E0,-5.686950207E0
1.041254754E2,-1.150500029E-1,5.503950119E0,-3.577950239E0
1.041279193E2,5.997000217E0,7.462950230E0,-8.940000534E-1
1.041303628E2,6.370050430E0,4.354950428E0,-4.948950291E0
1.041328065E2,-1.336050034E0,6.031050205E0,-1.741050124E0
1.041352502E2,6.169500351E-1,7.353000164E0,3.139950037E0
1.041376939E2,8.061000824E0,5.353950024E0,-3.472050190E0
1.041401376E2,3.387000084E0,4.519950390E0,-5.479050159E0
1.041425812E2,3.378000259E0,9.192000389E0,-2.050050020E0
1.041450249E2,1.080705070E1,7.480050564E0,-5.400000095E0
1.041474686E2,7.320000529E-1,6.886050224E0,-4.561950207E0
1.041499123E2,-4.162950039E0,1.054200077E1,4.666950226E0
1.041523557E2,1.359000087E0,8.341950417E0,3.256950140E0
1.041547994E2,6.399000168E0,6.366000175E0,-6.453000069E0
1.041572431E2,1.347000122E0,7.045950413E0,-5.910000324E0
1.041596868E2,4.321050167E0,9.337950706E0,-2.574000120E0
1.041621304E2,6.253050327E0,6.735000134E0,-5.242050171E0
1.041645741E2,5.089499950E-1,8.392050743E0,-1.650000095E0
1.041670178E2,-8.230500221E-1,1.045800018E1,1.963950038E0
1.041694615E2,2.689950228E0,1.014495087E1,1.210050106E0
1.041719052E2,2.872050047E0,6.268050194E0,-4.996950150E0
1.041743486E2,2.803050041E0,7.354950428E0,-2.560050011E0
1.041767926E2,1.019895077E1,7.702050209E0,-5.293950081E0
1.041792360E2,4.417050362E0,4.887000084E0,-6.757050514E0
1.041816797E2,-8.740500212E-1,7.225950241E0,-1.849500090E-1
1.041841234E2,1.771050096E0,9.733050346E0,3.676050186E0
1.041865671E2,4.515000343E0,6.511950493E0,-2.533950090E0
1.041890107E2,1.950000064E-3,6.606000423E0,-2.383050203E0
1.041914544E2,1.314000010E0,1.032195091E1,2.938950062E0
1.041938981E2,6.229050159E0,8.269950867E0,-1.441950083E0
1.041963418E2,2.326050043E0,6.814050198E0,-3.774000168E0
1.041987855E2,2.805000171E-2,1.017600060E1,1.252950072E0
1.042012289E2,4.024050236E0,1.091805077E1,-1.012950063E0
1.042036729E2,3.817950249E0,8.161950111E0,-5.895000458E0
1.042061163E2,6.049500108E-1,1.033800030E1,-2.755950212E0
1.042085600E2,7.800000191E0,1.191900063E1,-3.264000177E0
1.042110037E2,8.319000244E0,1.018500042E1,-6.910050392E0
1.042134474E2,2.190000117E-1,1.032405090E1,-3.003000259E0
1.042158910E2,1.725000024E0,1.336995029E1,2.503050089E0
1.042183347E2,7.327950478E0,1.122705078E1,-5.914050102E0
1.042207784E2,1.753950119E0,8.758049965E0,-5.626950264E0
1.042232221E2,8.920500278E-1,1.219200039E1,-5.730000138E-1
1.042256658E2,6.799050331E0,1.132200050E1,-2.500050068E0
1.042281093E2,3.892050266E0,9.088950157E0,-3.582000256E0
1.042305530E2,1.426050067E0,1.183005047E1,7.500000298E-2
1.042329966E2,6.445050240E0,1.258695030E1,4.320000112E-1
1.042354403E2,6.187950134E0,1.080495071E1,-5.232000351E0
1.042378840E2,1.894950032E0,1.235400105E1,-2.656050205E0
1.042403276E2,6.196050167E0,1.433205032E1,-9.010500312E-1
1.042427714E2,7.323000431E0,1.191600037E1,-5.488050461E0
1.042452150E2,8.560500145E-1,1.125495052E1,-4.518000126E0
1.042476587E2,5.569500327E-1,1.177995014E1,2.034000158E0
1.042501024E2,6.495000362E0,1.048200035E1,-1.576050043E0
1.042525461E2,5.281050205E0,7.441050529E0,-6.781050205E0
1.042549898E2,2.566050053E0,8.107049942E0,-3.151050091E0
1.042574332E2,7.315950394E0,1.025205040E1,-1.333950043E0
1.042598769E2,5.350050449E0,6.012000084E0,-4.618950367E0
1.042623206E2,2.869500220E-1,4.762050152E0,-3.367050171E0
1.042647643E2,3.040050030E0,6.595950127E0,-3.664050102E0
1.042672079E2,4.510050297E0,5.926050186E0,-7.164000511E0
1.042696517E2,8.200500607E-1,2.073000193E0,-5.308950424E0
1.042720954E2,-5.149500370E-1,2.161950111E0,3.609000206E0
1.042745390E2,3.283950090E0,3.418950081E0,3.726000071E0
1.042769827E2,2.707050085E0,1.302000046E0,8.680500388E-1
1.042794264E2,1.735050082E0,1.579950094E0,3.250050068E0
1.042818701E2,5.130000114E0,5.433000088E0,2.223000050E0
1.042843138E2,7.761000156E0,3.321000099E0,-1.990050077E0
1.042867572E2,4.855050087E0,1.132050037E0,-2.673000097E0
1.042892009E2,4.177050114E0,8.049000740E0,-1.165095043E1
1.042916446E2,1.097895050E1,6.922050476E0,-1.186200047E1
1.042940883E2,3.190950155E0,7.258950233E0,-9.429000854E0
1.042965319E2,-1.180050015E0,1.275900078E1,-9.594000816E0
1.042989756E2,-5.700000525E-1,1.248900032E1,4.516950130E0
1.043014193E2,6.480000019E-1,1.159800053E1,8.388000488E0
1.043038630E2,2.164050102E0,1.396095085E1,6.469500065E-1
1.043063067E2,2.245050192E0,1.702799988E1,-1.291050076E0
1.043087501E2,4.177050114E0,1.291500092E1,5.113050461E0
1.043111941E2,3.175950050E0,1.071900082E1,1.519500017E-1
1.043136377E2,6.940050125E0,1.359495068E1,-1.851000071E0
1.043160812E2,1.395105076E1,1.185195065E1,-1.397805023E1
1.043185249E2,2.965950251E0,8.916000366E0,-1.106205082E1
1.043209686E2,1.138950109E0,1.050105095E1,-5.827950478E0
1.043234123E2,6.418050289E0,1.277100086E1,-6.144000053E0
1.043258560E2,3.112050056E0,9.916950226E0,-3.355050087E0
1.043282996E2,3.064050198E0,5.686050415E0,3.622950077E0
1.043307433E2,3.334050179E0,9.630000114E0,1.039950013E0
1.043331870E2,1.603050113E0,9.499950409E0,-1.084950089E0
1.043356307E2,-9.580500722E-1,1.870500147E-1,4.354050159E0
1.043380744E2,-3.285000086E0,2.470950127E0,9.490500689E-1
1.043405181E2,-1.609050035E0,2.662050009E0,3.457950115E0
1.043429617E2,2.511000156E0,9.550500512E-1,2.641950130E0
1.043454052E2,5.680950165E0,2.634000063E0,-3.132000208E0
1.043478489E2,1.125705051E1,3.402000189E0,-1.031295013E1
1.043502926E2,6.057000160E0,3.297000170E0,-1.307100105E1
1.043527363E2,-2.497050047E0,6.481050491E0,-8.934000015E0
1.043551800E2,-7.009500265E-1,5.341950417E0,-2.902050257E0
1.043576236E2,4.294950008E0,2.509050131E0,-3.103050232E0
1.043600673E2,-3.589500189E-1,4.393050194E0,-9.799500704E-1
1.043625110E2,2.329050064E0,4.951050282E0,3.268950224E0
1.043649547E2,8.274000168E0,3.382950068E0,-2.938050032E0
1.043673984E2,7.018950462E0,5.449050426E0,-4.324950218E0
1.043698418E2,7.378050327E0,1.003005028E1,-2.763000250E0
1.043722858E2,9.358050346E0,8.160000801E0,-6.835950375E0
1.043747292E2,1.669500023E-1,8.466000557E0,-5.425950050E0
1.043771729E2,-2.710050106E0,1.202205086E1,2.014950037E0
1.043796166E2,8.160000443E-1,1.047495079E1,1.933050036E0
1.043820603E2,1.359000087E0,9.697050095E0,-4.401000023E0
1.043845040E2,2.733000040E0,1.136100101E1,8.370000124E-1
1.043869477E2,4.564949989E0,1.191600037E1,-3.898050070E0
1.043893913E2,2.323950052E0,1.130595016E1,-3.823950291E0
1.043918350E2,1.921950102E0,1.162200069E1,-1.047000051E0
1.043942787E2,2.893950224E0,1.199295044E1,-4.840500355E-1
1.043967224E2,4.714050293E0,1.079805088E1,-7.264950275E0
1.043991661E2,1.645950079E0,9.496050835E0,-7.107000351E0
1.044016098E2,2.101050138E0,9.879000664E0,-2.368050098E0
1.044040535E2,6.655050278E0,1.051095009E1,-7.693050385E0
1.044064970E2,3.231000185E0,8.385000229E0,-6.475050449E0
1.044089406E2,2.877000093E0,7.714050293E0,-1.180500090E-1
1.044113843E2,6.732000351E0,1.062300014E1,-1.942050099E0
1.044138280E2,5.686050415E0,3.940950155E0,-7.621050358E0
1.044162717E2,2.869950056E0,7.417050362E0,-2.056950092E0
1.044187154E2,7.833000183E0,1.107300091E1,-9.030000567E-1
1.044211590E2,8.341050148E0,6.627000332E0,-3.190050125E0
1.044236027E2,1.752000093E0,8.296050072E0,-7.909500599E-1
1.044260464E2,6.022950172E0,1.261800098E1,-1.293000102E0
1.044284901E2,1.011705017E1,9.888000488E0,-7.450950146E0
1.044309338E2,1.789950132E0,9.024000168E0,-8.171999931E0
1.044333775E2,4.383000374E0,1.102995014E1,-3.883950233E0
1.044358210E2,1.069905090E1,1.029105091E1,-5.304000378E0
1.044382647E2,3.112050056E0,9.618000031E0,-5.428050041E0
1.044407083E2,-6.510000229E-1,1.005600071E1,1.323000073E0
1.044431520E2,3.732000113E0,1.061895084E1,7.459500432E-1
1.044455957E2,7.005000114E0,9.057000160E0,-6.819000244E0
1.044480394E2,1.069050074E0,8.422950745E0,-2.385000229E0
1.044504830E2,8.505000174E-2,1.031205082E1,3.409950256E0
1.044529268E2,3.009000063E0,1.108305073E1,1.641000032E0
1.044553704E2,2.815050125E0,1.054005051E1,-9.870000482E-1
1.044578141E2,1.222950101E0,1.097295094E1,-1.131000042E0
1.044602578E2,8.160000443E-1,9.939000130E0,1.356000066E0
1.044627015E2,9.589500427E-1,8.425050735E0,3.769500256E-1
1.044651452E2,3.490500152E-1,8.209950447E0,-4.549500346E-1
1.044675889E2,3.820500076E-1,9.766050339E0,-1.501950026E0
1.044700323E2,2.089050055E0,8.083050728E0,3.256950140E0
1.044724760E2,1.551000118E0,5.581050396E0,1.057050109E0
1.044749199E2,2.939999998E-1,7.165950298E0,-1.054050088E0
1.044773634E2,2.118000031E0,7.201950550E0,3.789000273E0
1.044798071E2,1.302000046E0,3.985950232E0,1.531050086E0
1.044822508E2,9.739500284E-1,6.369000435E0,9.199500680E-1
1.044846945E2,2.896050215E0,8.421000481E0,5.043000221E0
1.044871382E2,3.046950102E0,4.726050377E0,1.999950051E0
1.044895819E2,6.888000488E0,4.288050175E0,-6.313950062E0
1.044920255E2,8.311950684E0,5.788950443E0,-1.592505074E1
1.044944692E2,5.689950466E0,3.079050064E0,-2.127105141E1
1.044969128E2,-3.105000220E-2,2.605050087E0,-1.504395103E1
1.044993565E2,1.812000036E0,7.381050587E0,-3.106050253E0
1.045018002E2,2.827050209E0,4.504050255E0,-7.039500475E-1
1.045042437E2,2.530499995E-1,1.864950061E0,1.927950144E0
1.045066874E2,-5.170500278E-1,6.951000214E0,5.446050167E0
1.045091311E2,1.273050070E0,5.413050175E0,5.215950012E0
1.045115748E2,4.054950237E0,3.112050056E0,6.568050385E0
1.045140184E2,8.431950569E0,3.679950237E0,3.379050255E0
1.045164621E2,1.380705070E1,6.055050373E0,-8.266050339E0
1.045189058E2,1.215705013E1,1.711950064E0,-1.316895103E1
1.045213495E2,3.373050213E0,3.859050274E0,-1.613294983E1
1.045237932E2,3.949950218E0,6.153000355E0,-1.949505043E1
1.045262369E2,7.849950314E0,3.706050158E0,-1.908495140E1
1.045286805E2,1.309050083E0,4.300050259E0,-1.042500019E1
1.045311242E2,5.760000229E0,6.934050560E0,-8.857050896E0
1.045335679E2,9.034950256E0,6.666000366E0,-4.819950104E0
1.045360116E2,2.392950058E0,4.990050316E0,-2.874000072E0
1.045384553E2,-1.395000052E-2,7.695000172E0,-3.805050135E0
1.045408987E2,2.121000051E0,1.224900055E1,2.875950098E0
1.045433426E2,3.222000122E0,1.137495041E1,6.123000145E0
1.045457861E2,1.812000036E0,8.569050789E0,-6.495000422E-2
1.045482300E2,2.595000155E-2,1.274505043E1,-4.855950356E0
1.045506735E2,1.321050048E0,1.503405094E1,3.726000071E0
1.045531172E2,1.371000051E0,1.237395096E1,2.818950176E0
1.045555609E2,-1.207050085E0,1.500300026E1,-4.972950459E0
1.045580046E2,-1.192050099E0,1.533105087E1,3.352950096E0
1.045604483E2,-1.072050095E0,1.318995094E1,2.758950233E0
1.045628919E2,-4.105950356E0,1.785195160E1,-8.400000632E-2
1.045653356E2,-1.150950074E0,1.539795113E1,5.101050377E0
1.045677793E2,4.950000346E-1,1.288605022E1,7.921050549E0
1.045702230E2,-1.065000057E0,1.428705025E1,7.135950565E0
1.045726666E2,1.605000161E-2,1.332405090E1,9.922950745E0
1.045751103E2,3.318000078E0,5.716950417E0,1.117695045E1
1.045775540E2,5.343000412E0,5.593050480E0,7.806000233E0
1.045799975E2,6.667050362E0,1.162905025E1,4.369950294E0
1.045824414E2,5.941950321E0,9.649050713E0,8.599050522E0
1.045848848E2,3.616950274E0,4.699950218E0,5.971950054E0
1.045873288E2,1.408950090E0,9.832950592E0,-2.257950068E0
1.045897722E2,3.679500222E-1,1.433505058E1,-5.644050121E0
1.045922159E2,2.254950047E0,8.629050255E0,6.280950069E0
1.045946596E2,1.510050058E0,5.827950478E0,6.135000229E0
1.045971033E2,2.067900085E1,9.417000771E0,-2.814000130E0
1.045995470E2,9.105000496E0,8.967000008E0,-3.393195343E1
1.046019907E2,3.919050217E0,6.390000343E0,-3.927900314E1
1.046044343E2,5.547000408E0,7.204050541E0,-3.454800034E1
1.046068780E2,5.551950455E0,6.475950241E0,-2.603805161E1
1.046093217E2,1.084050059E0,5.251050472E0,-9.582000732E0
1.046117653E2,2.769000053E0,9.112950325E0,3.919950247E0
1.046142090E2,2.371950150E0,1.859595108E1,8.616000175E0
1.046166527E2,7.560000420E-1,6.961950302E0,1.074000001E0
1.046190964E2,-3.850500286E-1,2.002050161E0,2.368950129E0
1.046215401E2,6.960000396E-1,1.008000088E1,2.521950006E0
1.046239838E2,3.679050207E0,9.091050148E0,3.267000198E0
1.046264275E2,2.914950132E0,5.562000275E0,1.150050044E0
1.046288709E2,1.328505039E1,7.027050495E0,2.752050161E0
1.046313146E2,7.969950199E0,4.651950359E0,-8.548050880E0
1.046337583E2,2.439000130E0,1.738050103E0,5.898000240E0
1.046362020E2,3.223950148E0,8.119050026E0,4.098000050E0
1.046386457E2,4.057950020E0,7.615950584E0,2.982000113E0
1.046410894E2,1.414050102E0,7.470000386E-1,-2.218050003E0
1.046435331E2,3.859050274E0,3.247050047E0,-6.312000275E0
1.046459767E2,1.039305019E1,2.473050117E0,-1.332705021E1
1.046484204E2,3.358050108E0,1.471950054E0,-1.273095036E1
1.046508641E2,2.359500080E-1,4.731000423E0,-5.469000340E0
1.046533078E2,5.635050297E0,5.344050407E0,-1.714950085E0
1.046557515E2,6.514050484E0,4.927050114E0,-8.380500674E-1
1.046581952E2,3.853950262E0,6.060000420E0,3.529500067E-1
1.046606389E2,8.743050575E0,9.390000343E0,-2.850000262E-1
1.046630826E2,6.481050491E0,6.546000481E0,-4.140000343E0
1.046655263E2,-5.100000501E-1,6.262950420E0,-3.232950211E0
1.046679699E2,1.960050106E0,9.526950836E0,2.242050171E0
1.046704134E2,3.460950136E0,1.126995087E1,-3.204000235E0
1.046728571E2,9.640500546E-1,6.022050381E0,-1.590000033E0
1.046753008E2,1.531950116E0,8.983050346E0,2.685000181E0
1.046777445E2,5.122950077E0,1.430295086E1,-3.762000084E0
1.046801882E2,2.884050131E0,9.289950371E0,-2.931000233E0
1.046826319E2,1.207950115E0,9.253950119E0,-1.767000079E0
1.046850756E2,2.512950182E0,1.355595112E1,1.155000091E0
1.046875193E2,3.391950130E0,1.165500069E1,2.053050041E0
1.046899629E2,9.550500512E-1,9.895050049E0,-1.630500108E-1
1.046924066E2,5.670000315E-1,1.474395084E1,-1.060500070E-1
1.046948503E2,3.289050102E0,1.312995052E1,3.316950083E0
1.046972939E2,2.311950207E0,9.382950783E0,-4.510500133E-1
1.046997376E2,3.109050035E0,1.223700047E1,-2.163000107E0
1.047021813E2,6.070950508E0,1.257900047E1,-8.709000587E0
1.047046250E2,8.970000148E-1,9.273000717E0,-7.497000217E0
1.047070687E2,-3.420000076E-1,7.306950569E0,1.998000145E0
1.047095124E2,4.105050087E0,1.443705082E1,-8.340000510E-1
1.047119561E2,2.347950220E0,1.042695045E1,-9.169500470E-1
1.047143998E2,-1.990500093E-1,6.274950504E0,-1.264950037E0
1.047168433E2,4.060050011E0,1.214595032E1,1.789050102E0
1.047192872E2,3.768000126E0,1.026405048E1,-1.915950060E0
1.047217307E2,1.999500096E-1,6.103050232E0,-1.509000063E0
1.047241746E2,6.994950294E0,1.011600018E1,-2.584050179E0
1.047266180E2,5.401050091E0,8.907000542E0,-8.296950340E0
1.047290617E2,9.499500394E-1,6.639000416E0,-3.918000221E0
1.047315054E2,3.382050276E0,9.820950508E0,-2.245950222E0
1.047339491E2,9.229050636E0,9.250950813E0,-7.147050381E0
1.047363928E2,2.437050104E0,6.685050488E0,-5.787000179E0
1.047388365E2,1.903050065E0,1.068105030E1,8.505000174E-2
1.047412802E2,6.294000149E0,1.109505081E1,-2.811000109E0
1.047437239E2,1.876050115E0,8.308050156E0,-5.293950081E0
1.047461675E2,1.737000108E0,9.328050613E0,-2.562000036E0
1.047486112E2,8.701950073E0,1.002495003E1,-7.711950302E0
1.047510549E2,6.471000195E0,6.835950375E0,-1.096200085E1
1.047534985E2,2.977950096E0,9.556050301E0,-6.538950443E0
1.047559422E2,9.466050148E0,1.081500053E1,-4.987950325E0
1.047583859E2,6.732000351E0,8.385000229E0,-6.096000195E0
1.047608296E2,1.380000114E-1,9.354000092E0,-1.054050088E0
1.047632733E2,5.281050205E0,1.126995087E1,-4.219500124E-1
1.047657170E2,7.977000237E0,7.975050449E0,-6.814950466E0
1.047681607E2,1.645950079E0,6.333000183E0,-5.311050415E0
1.047706044E2,4.936050415E0,9.541050911E0,-2.875950098E0
1.047730478E2,9.574050903E0,8.409000397E0,-4.198050022E0
1.047754915E2,1.996050119E0,7.747950554E0,-2.823000193E0
1.047779352E2,9.829500318E-1,9.807000160E0,2.122050047E0
1.047803789E2,5.749950409E0,1.098000050E1,-2.373000145E0
1.047828226E2,3.664950132E0,7.650000572E0,-5.079000473E0
1.047852663E2,2.626050234E0,9.376049995E0,-2.127000093E0
1.047877100E2,1.093200016E1,1.002495003E1,-7.116000175E0
1.047901537E2,5.761950493E0,7.804950237E0,-7.368000507E0
1.047925974E2,-2.800500095E-1,8.650050163E0,-2.230500132E-1
1.047950411E2,3.471000195E0,1.075005054E1,2.280000150E-1
1.047974848E2,4.438050270E0,9.262950897E0,-3.541950226E0
1.047999285E2,1.797000051E0,6.100950241E0,-1.660050035E0
1.048023721E2,3.448950052E0,9.067049980E0,1.005000062E-2
1.048048158E2,6.841950417E0,9.558000565E0,-2.590950012E0
1.048072594E2,3.157050133E0,7.161000252E0,-1.617000103E0
1.048097031E2,1.159950018E0,8.277000427E0,1.011000037E0
1.048121468E2,1.447950125E0,1.106400013E1,1.135950089E0
1.048145905E2,2.398050070E0,8.773050308E0,1.204950094E0
1.048170342E2,8.610000610E-1,6.136050224E0,3.769500256E-1
1.048194779E2,5.797950268E0,9.442950249E0,-4.960500300E-1
1.048219216E2,5.596950054E0,6.703950405E0,-6.901050091E0
1.048243653E2,1.519500017E-1,3.928950071E0,-1.228950024E0
1.048268090E2,2.104050159E0,6.052950382E0,1.798950076E0
1.048292527E2,3.853950262E0,7.863000393E0,-4.035000324E0
1.048316964E2,3.250500262E-1,2.293950081E0,-6.000000238E-2
1.048341401E2,-5.550000072E-1,3.493050098E0,2.776050091E0
1.048365835E2,6.058950424E0,8.193000793E0,-1.630950093E0
1.048390272E2,2.026950121E0,4.333950043E0,-1.798950076E0
1.048414709E2,5.119500160E-1,3.156000137E0,1.576050043E0
1.048439146E2,3.574050188E0,7.044000149E0,-1.131000042E0
1.048463583E2,2.524950027E0,5.320050240E0,-3.001050234E0
1.048488020E2,5.329500437E-1,4.225950241E0,2.122050047E0
1.048512457E2,6.730050087E0,8.227050781E0,-1.416000009E0
1.048536894E2,5.623050213E0,5.049000263E0,-5.983950138E0
1.048561331E2,-2.659500241E-1,4.281000137E0,-3.465000153E0
1.048585768E2,3.028050184E0,8.500050545E0,-3.886050224E0
1.048610205E2,7.062000275E0,6.960000515E0,-6.652050495E0
1.048634642E2,1.399500072E-1,5.071050167E0,-4.296000004E0
1.048659079E2,2.202000141E0,1.027095032E1,-7.020000219E-1
1.048683516E2,8.829000473E0,8.275050163E0,-5.766000271E0
1.048707952E2,2.539950132E0,6.903000355E0,-7.588050365E0
1.048732389E2,8.250000477E-1,9.972000122E0,-2.863950253E0
1.048756826E2,6.648000240E0,9.757050514E0,-5.689050198E0
1.048781262E2,5.053950310E0,8.160000801E0,-8.151000023E0
1.048805699E2,2.362050056E0,1.157100010E1,-3.514950275E0
1.048830136E2,8.425050735E0,1.128705025E1,-5.104950428E0
1.048854573E2,6.138000488E0,9.390000343E0,-7.582950592E0
1.048879010E2,-1.240500063E-1,1.088895035E1,-8.940000534E-1
1.048903447E2,3.169050217E0,1.157595062E1,-1.068000078E0
1.048927884E2,5.827050209E0,1.005105019E1,-7.906050205E0
1.048952319E2,1.702050090E0,8.581050873E0,-5.031000137E0
1.048976758E2,4.251000404E0,1.172700024E1,-7.570500374E-1
1.049001193E2,6.463950157E0,1.260300064E1,-3.568050146E0
1.049025632E2,1.879050136E0,9.004950523E0,-2.212949991E0
1.049050066E2,2.773950100E0,1.203405094E1,7.669500113E-1
1.049074503E2,5.305050373E0,1.252005100E1,-3.316950083E0
1.049098940E2,2.271000147E0,8.832000732E0,-3.802950144E0
1.049123377E2,3.094950199E0,1.123200035E1,-8.700000644E-1
1.049147814E2,9.187950134E0,1.284795094E1,-4.870050430E0
1.049172251E2,4.251000404E0,9.060000420E0,-5.068950176E0
1.049196688E2,4.470000267E-1,8.418000221E0,-3.405000269E-2
1.049221125E2,3.151950121E0,1.081005096E1,7.500000298E-2
1.049245562E2,5.451000214E0,8.679000854E0,-5.416050434E0
1.049269999E2,6.670500040E-1,5.245950222E0,-2.955000162E0
1.049294436E2,4.876049995E0,8.088000298E0,9.900000691E-2
1.049318873E2,8.938950539E0,8.518950462E0,-5.545950413E0
1.049343310E2,1.771050096E0,4.618050098E0,-4.285950184E0
1.049367747E2,1.974000096E0,8.634000778E0,1.786950111E0
1.049392184E2,4.764000416E0,1.061595058E1,-2.095050097E0
1.049416621E2,1.744950056E0,5.515950203E0,-2.364000082E0
1.049441057E2,2.379000187E0,8.362950325E0,5.920500159E-1
1.049465494E2,8.868000031E0,8.847000122E0,-5.340000153E0
1.049489931E2,3.166950226E0,4.756950378E0,-6.703950405E0
1.049514368E2,-6.769500375E-1,7.354950428E0,3.619500101E-1
1.049538805E2,1.845000029E0,9.364050865E0,1.780050039E0
1.049563242E2,3.496950150E0,6.169950485E0,-2.692050219E0
1.049587678E2,-1.699500084E-1,5.332050323E0,-7.210500240E-1
1.049612115E2,1.623000026E0,9.381000519E0,2.311050177E0
1.049636552E2,7.480950356E0,8.284049988E0,-4.192950249E0
1.049660989E2,1.881000042E0,4.750050068E0,-3.676050186E0
1.049685426E2,1.359000087E0,8.920950890E0,1.411050081E0
1.049709863E2,5.446050167E0,1.208400059E1,-2.497950077E0
1.049734300E2,1.699050069E0,6.325950146E0,-2.347050190E0
1.049758737E2,2.970000029E0,8.962050438E0,2.980500162E-1
1.049783174E2,9.535950661E0,1.201005077E1,-6.259050369E0
1.049807611E2,3.672000170E0,6.594000340E0,-6.184950352E0
1.049832045E2,2.595000155E-2,9.631950378E0,-1.156949997E0
1.049856482E2,4.708950043E0,1.100595093E1,-2.767950058E0
1.049880919E2,4.861950397E0,7.510950565E0,-5.458950043E0
1.049905356E2,-2.850000262E-1,7.710000515E0,-2.878050089E0
1.049929795E2,3.586050272E0,9.832950592E0,4.510500133E-1
1.049954232E2,7.939050198E0,7.812000275E0,-5.151000023E0
1.049978667E2,2.080049992E0,6.249000072E0,-5.068950176E0
1.050003104E2,2.461050034E0,8.502000809E0,1.330500096E-1
1.050027541E2,6.772950172E0,1.032600021E1,-3.348000050E0
1.050051978E2,2.464950085E0,6.025950432E0,-4.171050072E0
1.050076415E2,2.677950144E0,9.382950783E0,-1.780500114E-1
1.050100852E2,9.313050270E0,1.070700073E1,-4.720050335E0
1.050125288E2,2.631000042E0,6.025950432E0,-6.187050343E0
1.050149725E2,-1.077000022E0,8.149950027E0,1.288950086E0
1.050174162E2,2.686050177E0,1.010400009E1,-5.680500269E-1
1.050198599E2,2.463000059E0,5.253000259E0,-4.222050190E0
1.050223036E2,-5.220000148E-1,7.590000153E0,-1.269000053E0
1.050247473E2,4.186950207E0,9.414000511E0,-1.866000056E0
1.050271909E2,6.397050381E0,7.678050518E0,-5.470950127E0
1.050296346E2,7.729500532E-1,7.621050358E0,-3.288000107E0
1.050320784E2,4.210500121E-1,9.385950089E0,1.126049995E0
1.050345220E2,3.598050117E0,1.014000034E1,-2.758950233E0
1.050369658E2,2.821950197E0,6.892950535E0,-3.484050274E0
1.050394095E2,4.716000080E0,8.739000320E0,-2.803950071E0
1.050418531E2,1.133595085E1,9.936000824E0,-8.409000397E0
1.050442968E2,2.503950119E0,6.115050316E0,-6.946050167E0
1.050467404E2,-5.620500445E-1,8.023050308E0,8.839500546E-1
1.050491841E2,3.552000284E0,1.147305012E1,-1.168950081E0
1.050516278E2,2.392950058E0,5.313000202E0,-5.284950256E0
1.050540715E2,-2.400000021E-2,6.133950233E0,-1.626000047E0
1.050565152E2,6.945000172E0,9.342000008E0,-9.250500202E-1
1.050589589E2,7.026000500E0,5.539950371E0,-7.308000565E0
1.050614026E2,-2.400000021E-2,7.228050232E0,-3.967950106E0
1.050638463E2,1.596000075E0,1.047495079E1,1.300500035E-1
1.050662900E2,5.206950188E0,8.320050240E0,-3.715950251E0
1.050687337E2,2.359950066E0,6.433050156E0,-3.739950180E0
1.050711774E2,5.880000114E0,9.715950012E0,-1.708050132E0
1.050736211E2,1.151595020E1,7.417050362E0,-8.278050423E0
1.050760648E2,2.017950058E0,5.422950268E0,-8.425950050E0
1.050785085E2,-1.567950130E0,9.199050903E0,-3.690000176E-1
1.050809521E2,7.005000114E0,7.594950199E0,-1.594950080E0
1.050833958E2,4.726050377E0,4.231050014E0,-7.420050144E0
1.050858395E2,-1.258950114E0,8.686050415E0,1.729500145E-1
1.050882832E2,7.129050255E0,8.381999969E0,-1.060500070E-1
1.050907267E2,6.399000168E0,5.298000336E0,-5.755950451E0
1.050931704E2,-1.150500029E-1,7.180050373E0,2.639999986E-1
1.050956140E2,9.859500527E-1,1.105695057E1,2.692050219E0
1.050980580E2,2.604000092E0,8.470950127E0,-1.471050024E0
1.051005014E2,1.024049997E0,8.854050636E0,-5.370000005E-1
1.051029454E2,4.045950413E0,1.080495071E1,-1.465950012E0
1.051053888E2,7.086000443E0,1.027095032E1,-5.740050316E0
1.051078325E2,1.395000100E0,7.408050537E0,-3.976950169E0
1.051102762E2,-2.779500186E-1,1.002705002E1,1.930950046E0
1.051127199E2,3.667050123E0,1.303395081E1,1.323000073E0
1.051151636E2,2.299950123E0,7.699950218E0,-2.488050222E0
1.051176072E2,-2.970000207E-1,8.503950119E0,-7.710000277E-1
1.051200509E2,2.970000029E0,1.405695057E1,2.491050005E0
1.051224946E2,3.897000074E0,1.025205040E1,-1.923000097E0
1.051249383E2,3.630000055E-1,8.812950134E0,-4.831950188E0
1.051273820E2,5.098950386E0,1.463100052E1,1.312950015E0
1.051298257E2,4.696950436E0,1.188495064E1,-5.163000107E0
1.051322694E2,1.198950052E0,9.781050682E0,-1.348050117E0
1.051347131E2,7.246950150E0,1.323105049E1,-1.914000034E0
1.051371568E2,6.780000210E0,1.056105042E1,-7.152000427E0
1.051396005E2,1.234950066E0,8.835000038E0,-3.870000124E0
1.051420442E2,1.026000023E0,8.818050385E0,7.339500189E-1
1.051444879E2,5.104050159E0,1.073595047E1,-2.572050095E0
1.051469316E2,2.362050056E0,7.125000477E0,-5.242050171E0
1.051493753E2,1.464000106E0,7.591950417E0,8.700000495E-2
1.051518189E2,7.479000568E0,1.113600063E1,-2.305950165E0
1.051542626E2,4.420950413E0,5.959050179E0,-7.009050369E0
1.051567063E2,8.040000200E-1,7.402950287E0,-2.572050095E0
1.051591500E2,4.129050255E0,1.070505047E1,-3.550950050E0
1.051615937E2,4.089000225E0,4.891050339E0,-7.492050171E0
1.051640373E2,4.590000212E-1,6.124050140E0,-3.499050140E0
1.051664810E2,4.909950256E0,7.843950272E0,-5.460000038E-1
1.051689247E2,7.873950481E0,2.257950068E0,-5.067000389E0
1.051713684E2,8.470500112E-1,4.915050030E0,-2.797050238E0
1.051738122E2,1.615050077E0,5.944950104E0,1.780500114E-1
1.051762559E2,9.070950508E0,3.949950218E0,-3.546000242E0
1.051786996E2,4.749000072E0,1.590000033E0,-5.431050301E0
1.051811433E2,-6.940500140E-1,6.129000187E0,-2.977050066E0
1.051835870E2,8.200050354E0,5.743950367E0,-3.786000252E0
1.051860306E2,6.390000343E0,3.366000175E0,-5.179050446E0
1.051884742E2,-2.176050186E0,6.555000305E0,-5.428050041E0
1.051909179E2,4.263000011E0,6.370950222E0,-2.074050188E0
1.051933616E2,6.718050480E0,3.318000078E0,-4.006050110E0
1.051958053E2,4.950000346E-1,6.586950302E0,-2.989050150E0
1.051982491E2,6.351000309E0,7.780950546E0,8.029500246E-1
1.052006928E2,8.008049965E0,5.641050339E0,-6.099000454E0
1.052031365E2,6.000000052E-3,7.201950550E0,-2.110050201E0
1.052055802E2,-7.849500179E-1,1.103805065E1,3.565950155E0
1.052080239E2,3.066000223E0,9.417000771E0,-1.684050083E0
1.052104675E2,1.006950021E0,7.528050423E0,-3.139050245E0
1.052129112E2,2.343000174E0,1.067400074E1,9.199500680E-1
1.052153549E2,5.713950157E0,1.129095078E1,-4.885050297E0
1.052177986E2,2.712000132E0,8.184000015E0,-5.292000294E0
1.052202423E2,1.207950115E0,1.029300022E1,-1.072950006E0
1.052226859E2,4.000050068E0,1.232295036E1,-2.874000072E0
1.052251296E2,2.848050117E0,9.984000206E0,-2.929050207E0
1.052275733E2,1.393050075E0,1.043895054E1,7.909500599E-1
1.052300170E2,8.065950394E0,1.292700100E1,-2.512050152E0
1.052324607E2,5.767050266E0,9.357000351E0,-5.923950195E0
1.052349044E2,9.660000205E-1,9.292050362E0,-1.789050102E0
1.052373481E2,4.052999973E0,1.206705093E1,-1.009500027E-1
1.052397918E2,5.098950386E0,9.093000412E0,-6.156000137E0
1.052422355E2,1.036050081E0,7.803000450E0,-2.811000109E0
1.052446792E2,3.009000063E0,1.121700096E1,7.500000596E-1
1.052471229E2,5.748000145E0,1.036695004E1,-4.170000255E-1
1.052495665E2,2.218950033E0,8.670000076E0,-3.088950157E0
1.052520102E2,3.187950134E0,1.247400093E1,-1.642950058E0
1.052544539E2,5.805000305E0,1.218705082E1,-4.176000118E0
1.052568976E2,2.106000185E0,9.180000305E0,-7.201950550E0
1.052593413E2,5.910000205E-1,1.123395061E1,-1.566000104E0
1.052617850E2,7.546050549E0,1.294305038E1,-1.717050076E0
1.052642287E2,3.745950222E0,9.253950119E0,-5.538000107E0
1.052666724E2,-7.420500517E-1,9.661050797E0,-1.469999999E-1
1.052691161E2,4.069050312E0,1.238295078E1,1.258050084E0
1.052715598E2,5.596950054E0,8.619000435E0,-7.039950371E0
1.052740035E2,4.350000322E-1,8.398950577E0,-4.834950447E0
1.052764472E2,2.992050171E0,1.224900055E1,2.950500250E-1
1.052788908E2,5.152050018E0,1.020195007E1,-1.771950126E0
1.052813345E2,4.450500309E-1,9.309000015E0,-1.281000018E0
1.052837782E2,3.660000265E-1,9.229950905E0,7.690500617E-1
1.052862219E2,6.318000317E0,8.607000351E0,-4.363049984E0
1.052886656E2,4.527000427E0,5.682000160E0,-9.283050537E0
1.052911093E2,2.580000162E-1,6.867000103E0,-3.283050060E0
1.052935530E2,5.944050312E0,8.657999992E0,-1.012950063E0
1.052959967E2,3.978000164E0,4.831950188E0,-3.834000111E0
1.052984404E2,-4.879500270E-1,5.629050255E0,2.247000217E0
1.053008841E2,3.400950193E0,9.366000175E0,3.373950243E0
1.053033278E2,7.402050495E0,4.305000305E0,-6.573000431E0
1.053057715E2,2.908050060E0,4.288050175E0,-8.325000763E0
1.053082152E2,3.028050184E0,8.878050804E0,-4.858050346E0
1.053106588E2,6.652950287E0,5.695950508E0,-6.757050514E0
1.053131025E2,2.700000107E-1,6.012000084E0,-6.072000504E0
1.053155462E2,-2.158950090E0,6.931050301E0,9.390000701E-1
1.053179899E2,4.431000233E0,5.938050270E0,8.010000587E-1
1.053204336E2,6.769950390E0,2.265000105E0,-5.550000191E0
1.053228773E2,4.555950165E0,6.289950371E0,-3.688050270E0
1.053253210E2,9.901950836E0,6.199050426E0,-5.002050400E0
1.053277647E2,4.515000343E0,3.934050083E0,-7.609950542E0
1.053302084E2,-2.743950129E0,6.205950260E0,-5.224950314E0
1.053326520E2,1.004999995E0,6.237000465E0,-2.353950024E0
1.053350957E2,6.988050461E0,2.394000053E0,-2.692050219E0
1.053375394E2,3.516000271E0,6.730500460E-1,-1.521000028E0
1.053399831E2,5.949000359E0,5.344050407E0,-2.212949991E0
1.053424268E2,1.078095055E1,3.606000185E0,-3.154050112E0
1.053448705E2,4.989000320E0,4.993950367E0,-3.807000160E0
1.053473142E2,3.660000265E-1,9.016950607E0,-4.624050140E0
1.053497579E2,2.113049984E0,9.139050484E0,9.349500537E-1
1.053522016E2,1.210950017E0,8.722050667E0,1.605000019E0
1.053546453E2,5.980500579E-1,1.131795025E1,2.689500153E-1
1.053570890E2,6.157050133E0,1.370205021E1,5.590500236E-1
1.053595326E2,3.433050156E0,8.866050720E0,-4.854000092E0
1.053619763E2,4.159500301E-1,8.854050636E0,-7.740000486E-1
1.053644200E2,4.455000401E0,1.459995079E1,2.485950232E0
1.053668637E2,4.278000355E0,1.328295040E1,-4.669050217E0
1.053693074E2,1.893000126E0,8.749050140E0,-1.237950087E0
1.053717511E2,7.939500213E-1,1.312500095E1,-1.405950069E0
1.053741948E2,4.606050014E0,1.474905109E1,8.820000291E-1
1.053766385E2,1.393050075E0,1.028100014E1,-3.123000145E0
1.053790822E2,1.531950116E0,1.390800095E1,-4.080000222E-1
1.053815259E2,5.082000256E0,1.439895058E1,-5.542950153E0
1.053839696E2,2.764950037E0,1.156200027E1,-5.524050236E0
1.053864133E2,2.496000051E0,1.373805046E1,-2.965050220E0
1.053888570E2,6.619050503E0,1.278495026E1,-2.974050045E0
1.053913006E2,3.361050129E0,9.559950829E0,-5.851950169E0
1.053937443E2,1.468950033E0,9.265950203E0,-1.267050028E0
1.053961880E2,6.598050117E0,1.147095013E1,-9.010500312E-1
1.053986317E2,4.819050312E0,7.405050278E0,-6.444000244E0
1.054010754E2,4.920000136E-1,6.481050491E0,-3.091950178E0
1.054035191E2,5.161050320E0,1.303695107E1,-6.610500216E-1
1.054059628E2,4.441050053E0,7.317000389E0,-5.506950378E0
1.054084065E2,5.449500084E-1,8.752950668E0,-1.099050045E0
1.054108502E2,2.877000093E0,1.189005089E1,-4.410000145E-1
1.054132939E2,5.070000172E0,8.053950310E0,-5.437950134E0
1.054157376E2,9.829500318E-1,8.536050797E0,-3.034050226E0
1.054181813E2,3.343950272E0,9.976950645E0,-7.950000167E-1
1.054206250E2,8.851050377E0,5.776950359E0,-7.027950287E0
1.054230687E2,2.410050154E0,6.016950130E0,-7.320000172E0
1.054255123E2,-1.696950078E0,6.991050243E0,-4.950000439E-3
1.054279560E2,6.993000507E0,6.555000305E0,-1.723950028E0
1.054303997E2,6.085050106E0,3.831000090E0,-7.071000099E0
1.054328434E2,-2.820000052E-1,8.832000732E0,-1.114050031E0
1.054352871E2,7.812000275E0,9.538950920E0,-5.340000391E-1
1.054377308E2,5.286000252E0,6.273000240E0,-5.446950436E0
1.054401746E2,-2.782050133E0,9.370950699E0,-1.164000034E0
1.054426182E2,1.990950108E0,8.657999992E0,-1.200000010E-2
1.054450620E2,6.691050529E0,4.270950317E0,-7.497000217E0
1.054475056E2,2.269050121E0,6.712950230E0,-5.110050201E0
1.054499493E2,8.892000198E0,7.483950138E0,-2.293950081E0
1.054523930E2,9.607050896E0,7.018050194E0,-6.658950329E0
1.054548367E2,-1.695000008E-2,7.650000572E0,-2.265000105E0
1.054572804E2,-1.621050119E0,1.183200073E1,4.356000423E0
1.054597240E2,3.580950260E0,9.946050644E0,1.780500114E-1
1.054621677E2,2.986950159E0,7.042050362E0,-5.731950283E0
1.054646114E2,9.210000634E-1,9.637050629E0,-1.384050012E0
1.054670551E2,7.371000290E0,1.107105064E1,-2.524050236E0
1.054694989E2,5.425050259E0,8.878050804E0,-6.415050507E0
1.054719425E2,8.370000124E-1,1.020705032E1,-6.160500050E-1
1.054743862E2,4.267950058E0,1.450695038E1,-3.210000098E-1
1.054768299E2,3.825000286E0,1.167405033E1,-3.601050138E0
1.054792737E2,2.274000168E0,1.106895065E1,-8.149500489E-1
1.054817173E2,7.981950283E0,1.435605049E1,-4.557000160E0
1.054841611E2,6.639000416E0,1.125105095E1,-7.195050240E0
1.054866047E2,2.629500031E-1,1.024695015E1,-3.718950272E0
1.054890485E2,2.131950140E0,1.243095016E1,-1.144950032E0
1.054914921E2,5.875050068E0,1.016805077E1,-2.553000212E0
1.054939358E2,2.491950035E0,8.449049950E0,-2.614950180E0
1.054963795E2,2.221050024E0,1.131495094E1,2.935950041E0
1.054988232E2,6.282000065E0,1.076205063E1,1.480950117E0
1.055012669E2,3.109050035E0,7.531950474E0,-2.152950048E0
1.055037106E2,2.428950071E0,8.559000015E0,-2.760000229E-1
1.055061542E2,4.369050026E0,1.089600086E1,-2.256000042E0
1.055085980E2,2.733000040E0,6.460050106E0,-5.518950462E0
1.055110417E2,-3.130500019E-1,5.524050236E0,-5.029500127E-1
1.055134854E2,4.420950413E0,8.962050438E0,-1.420050025E0
1.055159291E2,3.631050110E0,4.662000179E0,-4.914000034E0
1.055183728E2,-6.750000119E-1,4.345950127E0,-6.420000196E-1
1.055208165E2,1.888050079E0,7.089000225E0,9.799500704E-1
1.055232602E2,6.471000195E0,3.084000111E0,-7.051950455E0
1.055257039E2,1.690050125E0,1.602000117E0,-4.741050243E0
1.055281476E2,-1.972950101E0,3.036000252E0,-1.660500020E-1
1.055305912E2,1.158000112E0,1.459950089E0,-1.236000061E0
1.055330349E2,1.474050045E0,-1.936050057E0,-4.204950333E0
1.055354786E2,-3.900000155E-1,-2.013000011E0,-1.930050135E0
1.055379223E2,-1.348050117E0,-1.171950102E0,2.710500062E-1
1.055403660E2,-1.414950013E0,-8.850000501E-1,3.492000103E0
1.055428097E2,-5.620500445E-1,-1.006950021E0,2.104950190E0
1.055452534E2,3.952050209E0,-7.579500079E-1,-2.538000107E0
1.055476971E2,5.455950260E0,-9.040500522E-1,-7.159500122E-1
1.055501408E2,4.486050129E0,-9.810000658E-1,-4.939500093E-1
1.055525845E2,6.190950394E0,-1.552950025E0,-1.609050035E0
1.055550282E2,1.218600082E1,1.314000010E0,-1.067205048E1
1.055574719E2,1.498305035E1,5.170500278E-1,-1.370505047E1
1.055599156E2,1.369500065E1,6.580500603E-1,-1.736100006E1
1.055623593E2,1.389600086E1,3.931050301E0,-2.401995087E1
1.055648029E2,4.756950378E0,4.377000332E0,-1.618800163E1
1.055672466E2,9.550500512E-1,5.473050117E0,-1.608300018E1
1.055696903E2,4.444950104E0,7.678050518E0,-1.415100098E1
1.055721340E2,4.660950184E0,5.932950497E0,-6.549000263E0
1.055745777E2,2.989950180E0,5.392050266E0,-3.609000206E0
1.055770214E2,1.516950130E0,3.939000130E0,-3.883950233E0
1.055794651E2,-2.460000068E-1,7.852950573E0,-1.143000007E0
1.055819088E2,5.812950134E0,3.712305069E1,1.056495094E1
1.055843525E2,3.399000168E0,1.596000099E1,2.026050091E0
1.055867962E2,-1.579500139E-1,5.340000391E-1,4.714950085E0
1.055892399E2,2.599500120E-1,2.562000036E0,-4.521000385E0
1.055916836E2,3.400950193E0,1.524405098E1,-5.659500360E-1
1.055941273E2,5.370000362E0,1.767900085E1,6.501000404E0
1.055965709E2,1.963050127E0,8.076000214E0,-9.105000645E-2
1.055990146E2,1.144050002E0,6.037950516E0,-2.055000067E0
1.056014583E2,4.669950008E0,1.615904999E1,4.468950272E0
1.056039020E2,4.122000217E0,1.430100060E1,2.425950050E0
1.056063457E2,1.255950093E0,8.619000435E0,-4.789500237E-1
1.056087894E2,4.168050289E0,1.478205109E1,5.143950462E0
1.056112331E2,3.306000233E0,1.287195015E1,4.722000122E0
1.056136770E2,1.030950069E0,8.029950142E0,8.770500422E-1
1.056161205E2,1.323000073E0,1.186095047E1,3.111000061E0
1.056185644E2,2.458050013E0,1.222800064E1,4.014000416E0
1.056210081E2,2.820000052E-1,5.722050190E0,-8.700000495E-2
1.056234518E2,-1.429050088E0,1.019700050E1,-5.989050388E0
1.056258955E2,7.009500265E-1,1.458405113E1,-7.905000448E-2
1.056283392E2,1.687050104E0,9.948000908E0,4.756050110E0
1.056307829E2,1.519950032E0,8.808000565E0,-5.179499984E-1
1.056332266E2,3.535950184E0,1.407105064E1,2.119950056E0
1.056356703E2,6.481050491E0,1.143000031E1,2.113049984E0
1.056381140E2,4.201050282E0,7.528050423E0,-7.152000427E0
1.056405577E2,9.121050835E0,1.218000031E1,-1.303500080E1
1.056430014E2,1.144050002E0,1.196895027E1,-1.517100048E1
1.056454450E2,-4.159500301E-1,7.470000267E0,-2.385000229E0
1.056478887E2,3.172050238E0,1.521300030E1,-2.289000034E0
1.056503324E2,3.229050159E0,1.510305119E1,-1.794000030E0
1.056527761E2,5.710500479E-1,7.255050182E0,5.299500227E-1
1.056552198E2,9.760500193E-1,1.246200085E1,2.019000053E0
1.056576635E2,4.687050343E0,1.557705116E1,2.874000072E0
1.056601072E2,7.870500088E-1,6.642000198E0,-3.964950085E0
1.056625509E2,3.205050230E0,7.120950222E0,-2.944950104E0
1.056649946E2,7.717950344E0,9.784950256E0,-1.312605095E1
1.056674382E2,4.491000175E0,4.482000351E0,-1.448400116E1
1.056698820E2,2.269050121E0,7.506000519E0,-8.608050346E0
1.056723257E2,5.725950241E0,8.184000015E0,-5.764050484E0
1.056747693E2,2.137050152E0,4.396049976E0,-5.026050091E0
1.056772130E2,-1.803000093E0,8.452050209E0,1.210500076E-1
1.056796567E2,1.918950081E0,8.883000374E0,4.684050083E0
1.056821004E2,4.599000454E0,4.141950130E0,-1.723950028E0
1.056845441E2,6.412950516E0,4.882050037E0,-2.610000134E0
1.056869878E2,1.153695011E1,9.346950531E0,-2.746950150E0
1.056894315E2,1.135800076E1,5.131050110E0,-4.926000118E0
1.056918752E2,5.710050106E0,4.717050076E0,-8.377950668E0
1.056943189E2,3.664950132E0,9.723000526E0,-9.300000191E0
1.056967626E2,5.164050102E0,6.526950359E0,-4.432050228E0
1.056992063E2,3.390000165E-1,7.030050278E0,-4.699500203E-1
1.057016499E2,7.410000563E-1,9.831000328E0,2.302050114E0
1.057040936E2,6.073050499E0,1.198095036E1,-1.440000087E-1
1.057065374E2,2.539950132E0,8.028000832E0,-1.147050023E0
1.057089810E2,1.270950079E0,8.512050629E0,-1.284000039E0
1.057114248E2,2.143949986E0,1.170300102E1,1.777050138E0
1.057138685E2,3.868050098E0,9.175050735E0,3.430500031E-1
1.057163122E2,1.467000127E0,8.313000679E0,-1.939950109E0
1.057187559E2,9.000000358E-2,1.243095016E1,-4.114050388E0
1.057211995E2,1.531950116E0,1.185900021E1,9.540000558E-1
1.057236432E2,1.705950022E0,9.151050568E0,4.099500179E-1
1.057260869E2,1.036050081E0,1.186395073E1,-2.449950218E0
1.057285306E2,1.041000009E0,1.455195045E1,5.440500379E-1
1.057309743E2,-1.860000134E0,1.157100010E1,-8.479500413E-1
1.057334180E2,-4.489050388E0,1.231095028E1,-2.110500038E-1
1.057358617E2,-3.373050213E0,8.020950317E0,-1.642950058E0
1.057383054E2,-2.238000154E0,4.860000134E0,-1.674000025E0
1.057407491E2,-4.051050186E0,7.699950218E0,3.637950182E0
1.057431927E2,-1.992000103E0,7.213950157E0,4.444950104E0
1.057456365E2,1.207950115E0,5.064000130E0,4.869000435E0
1.057480801E2,2.331000090E0,7.147050381E0,3.145050049E0
1.057505238E2,2.772000074E0,1.227495098E1,7.033050537E0
1.057529675E2,3.781950235E0,8.452050209E0,5.401950359E0
1.057554112E2,2.827050209E0,7.756950378E0,4.852050304E0
1.057578549E2,1.263000011E0,1.116900063E1,8.101050377E0
1.057602986E2,2.428950071E0,5.382000446E0,2.377950191E0
1.057627423E2,1.879050136E0,2.326950073E0,2.218050003E0
1.057651860E2,-1.096050024E0,7.468050480E0,4.579050064E0
1.057676297E2,-1.161000013E0,6.967050552E0,1.354050040E0
1.057700734E2,-4.210500121E-1,7.318950176E0,1.459050059E0
1.057725171E2,5.947050095E0,1.239300060E1,5.608050346E0
1.057749608E2,1.785105133E1,8.121000290E0,-1.299900055E1
1.057774045E2,1.741800117E1,2.269500047E-1,-2.797095108E1
1.057798482E2,1.275405025E1,4.414950371E0,-3.482100296E1
1.057822919E2,9.964050293E0,4.093950272E0,-3.935295105E1
1.057847355E2,3.514050245E0,5.514000416E0,-2.910495186E1
1.057871792E2,2.662050009E0,5.145000458E0,-1.676505089E1
1.057896229E2,8.440950394E0,6.181950092E0,-1.023600006E1
1.057920666E2,6.567000389E0,7.080000401E0,2.205000073E-2
1.057945103E2,1.455000043E0,8.707950592E0,6.634950161E0
1.057969540E2,4.165050030E0,1.433505058E1,7.951950550E0
1.057993977E2,8.281050682E0,9.787950516E0,1.227000117E0
1.058018414E2,6.291000366E0,4.036950111E0,-7.285950184E0
1.058042850E2,5.998950481E0,1.079595089E1,-9.523050308E0
1.058067287E2,7.656000137E0,7.996950150E0,-3.453000069E0
1.058091724E2,2.853000164E0,5.827950478E0,-3.330000043E-1
1.058116161E2,3.510000110E-1,9.271050453E0,2.155950069E0
1.058140600E2,3.202950239E0,1.100400066E1,3.745950222E0
1.058165035E2,4.168050289E0,7.111050129E0,-1.948950052E0
1.058189474E2,6.427950382E0,5.980950356E0,-3.063000202E0
1.058213911E2,1.274205017E1,7.563000202E0,-1.236495018E1
1.058238346E2,5.961000443E0,6.333000183E0,-1.209195042E1
1.058262783E2,3.319950104E0,9.867000580E0,-6.259050369E0
1.058287220E2,8.101050377E0,1.040295029E1,-5.941050053E0
1.058311657E2,2.824050188E0,6.823950291E0,-3.513000250E0
1.058336094E2,1.374000072E0,6.067050457E0,5.077050209E0
1.058360533E2,2.575050116E0,1.132695007E1,4.681950092E0
1.058384967E2,2.520000219E0,9.520050049E0,2.323050022E0
1.058409407E2,4.900500178E-1,3.795000076E0,4.051949978E0
1.058433844E2,5.260500312E-1,8.160000801E0,9.919500351E-1
1.058458280E2,3.162000179E0,1.135095024E1,3.121050119E0
1.058482717E2,2.271000147E0,8.171999931E0,9.280500412E-1
1.058507154E2,7.080000043E-1,9.440999985E0,-1.353000045E0
1.058531591E2,1.678050041E0,1.146405029E1,-1.678950071E0
1.058556028E2,2.467950106E0,8.548050880E0,2.343000174E0
1.058580465E2,6.820500493E-1,1.013295078E1,-1.000950098E0
1.058604902E2,1.771050096E0,1.392705059E1,6.930000186E-1
1.058629339E2,2.994000196E0,9.775950432E0,2.620050192E0
1.058653776E2,1.282950044E0,8.131050110E0,-1.915950060E0
1.058678213E2,3.688950062E0,1.300095081E1,-6.570000052E-1
1.058702649E2,7.195950508E0,8.581050873E0,-6.835950375E0
1.058727086E2,7.579500079E-1,6.253950119E0,-3.340950251E0
1.058751523E2,7.780950546E0,1.265595055E1,-3.087000132E0
1.058775960E2,7.174950123E0,1.148805046E1,-6.216000080E0
1.058800397E2,2.061000109E0,5.305950165E0,-4.600050449E0
1.058824834E2,5.595000267E0,1.014705086E1,-1.906050086E0
1.058849271E2,5.350050449E0,1.161000061E1,-3.192000151E0
1.058873708E2,1.029000044E0,6.028950214E0,-5.080500245E-1
1.058898145E2,5.307000160E0,1.090605068E1,-2.020500153E-1
1.058922582E2,6.361050129E0,1.178895092E1,-6.739950180E0
1.058947019E2,1.081050038E0,6.115050316E0,-5.368050098E0
1.058971456E2,1.375950098E0,5.763000488E0,-3.310500085E-1
1.058995893E2,5.032050133E0,9.699000359E0,-5.956950188E0
1.059020330E2,2.002950191E0,5.502000332E0,-7.510950565E0
1.059044767E2,1.086000085E0,4.486950397E0,-2.032950163E0
1.059069204E2,5.791050434E0,8.253000259E0,-3.658950090E0
1.059093641E2,4.210950375E0,3.832950115E0,-5.943000317E0
1.059118078E2,1.303950071E0,6.286950111E0,-1.192950010E0
1.059142514E2,5.947050095E0,9.072000504E0,-2.176950216E0
1.059166951E2,4.567049980E0,4.099050045E0,-3.697050095E0
1.059191388E2,1.299000025E0,7.551000595E0,-3.544050217E0
1.059215825E2,6.709950447E0,8.467950821E0,-4.923000336E0
1.059240262E2,7.002000332E0,3.361050129E0,-5.164950371E0
1.059264699E2,1.126950026E0,5.466000080E0,-8.404050827E0
1.059289136E2,5.097000122E0,7.216050148E0,-1.206300068E1
1.059313573E2,9.880050659E0,3.429000139E0,-1.153395081E1
1.059338010E2,2.443950176E0,4.755000114E0,-9.139050484E0
1.059362447E2,3.883050203E0,8.959050179E0,-4.741050243E0
1.059386884E2,4.981950283E0,1.009905052E1,2.376000166E0
1.059411321E2,2.611050129E0,1.034805012E1,4.468950272E0
1.059435758E2,2.074949980E0,1.294095039E1,-7.639500499E-1
1.059460195E2,3.378000259E0,1.585995102E1,2.893050194E0
1.059484631E2,3.612000227E0,1.153305054E1,3.109050035E0
1.059509068E2,2.719050169E0,1.313505077E1,2.400000095E-1
1.059533505E2,1.053600025E1,1.709295082E1,-6.481950283E0
1.059557942E2,2.434050083E0,1.161900043E1,-9.630000114E0
1.059582379E2,3.591000080E0,1.170300102E1,-5.191050053E0
1.059606816E2,5.743050098E0,1.593105030E1,-1.005900002E1
1.059631253E2,4.201050282E0,1.273500061E1,-9.297000885E0
1.059655690E2,4.680000246E-1,1.171305084E1,-2.209950209E0
1.059680126E2,4.872000217E0,1.408800030E1,-1.966050148E0
1.059704563E2,5.173050404E0,1.305795097E1,-3.702000141E0
1.059729001E2,2.191950083E0,8.562000275E0,-4.630500078E-1
1.059753437E2,3.612000227E0,1.167900085E1,2.383050203E0
1.059777875E2,3.042000055E0,1.213200092E1,-9.850500226E-1
1.059802312E2,-4.000500143E-1,2.824950218E0,1.485000014E0
1.059826749E2,2.389500141E-1,8.155050278E0,4.138050079E0
1.059851185E2,4.648950100E0,1.050405025E1,2.122050047E0
1.059875623E2,1.174950004E0,3.819000244E0,-3.577950239E0
1.059900059E2,1.183950067E0,7.389000416E0,1.063950062E0
1.059924496E2,4.153050423E0,9.784950256E0,-3.910050154E0
1.059948933E2,2.856000185E0,7.369950294E0,-4.588050365E0
1.059973369E2,-1.270500124E-1,8.920950890E0,1.348950028E0
1.059997806E2,1.018950105E0,1.291500092E1,2.661000013E0
1.060022243E2,2.961000204E0,1.134195042E1,2.280000150E-1
1.060046680E2,9.259500504E-1,8.260050774E0,-2.617050171E0
1.060071117E2,3.435000181E0,1.042500019E1,7.170000076E-1
1.060095554E2,3.447000265E0,6.973950386E0,-5.019000053E0
1.060119992E2,4.660500288E-1,4.920000076E0,-2.284950018E0
1.060144428E2,6.993000507E0,7.554000378E0,-4.677000046E0
1.060168866E2,5.880000114E0,5.904000282E0,-9.700050354E0
1.060193303E2,3.100500107E-1,1.840950131E0,-5.917050362E0
1.060217740E2,1.093050003E0,4.309950352E0,-1.800000072E-1
1.060242176E2,-4.500000179E-1,7.245000362E0,-1.092000008E0
1.060266613E2,-1.072050095E0,2.419500053E-1,1.830000043E0
1.060291050E2,7.609500289E-1,-7.605000585E-2,3.090000153E0
1.060315487E2,1.639050126E0,3.238950253E0,2.244000196E0
1.060339923E2,4.639050007E0,4.626000404E0,2.920050144E0
1.060364360E2,4.174950123E0,2.113950014E0,-5.460000038E-1
1.060388798E2,6.612000465E0,7.044000149E0,-7.980000377E-1
1.060413235E2,7.101000309E0,4.537050247E0,-7.746000290E0
1.060437672E2,3.696000099E0,7.006050110E0,-1.146900082E1
1.060462109E2,9.888000488E0,8.690999985E0,-1.387800026E1
1.060486546E2,8.956050873E0,4.276050091E0,-1.194795036E1
1.060510983E2,9.229500294E-1,7.024950504E0,-1.290795040E1
1.060535420E2,5.619000435E0,9.232050896E0,-1.301595020E1
1.060559857E2,6.721950531E0,5.056950092E0,-8.461950302E0
1.060584294E2,1.210500076E-1,4.827000141E0,4.180500209E-1
1.060608730E2,8.419500589E-1,1.087005043E1,7.087950230E0
1.060633167E2,6.880050182E0,1.359195042E1,3.361950159E0
1.060657604E2,4.819050312E0,6.462000370E0,-1.186050057E0
1.060682040E2,9.006000519E0,7.804950237E0,-3.865050077E0
1.060706477E2,1.024200058E1,8.506950378E0,-1.155495071E1
1.060730914E2,2.056050062E0,8.035050392E0,-7.183050156E0
1.060755351E2,2.923050165E0,1.302195072E1,-1.779000044E0
1.060779788E2,5.571000099E0,1.249605083E1,-3.436050177E0
1.060804226E2,1.516950130E0,8.445000648E0,-1.972950101E0
1.060828663E2,-3.469500244E-1,9.096000671E0,2.014950037E0
1.060853100E2,2.098950148E0,1.178205013E1,2.356950045E0
1.060877536E2,1.927050114E0,8.397000313E0,-2.203050137E0
1.060901973E2,-3.300000131E-1,7.810050488E0,-8.310000300E-1
1.060926410E2,9.780000448E-1,1.317600060E1,2.881050110E0
1.060950847E2,3.331950188E0,1.207005024E1,1.519050121E0
1.060975284E2,1.411950111E0,7.246950150E0,-8.119500279E-1
1.060999720E2,1.009950042E0,1.114500046E1,-1.224000096E0
1.061024158E2,4.157999992E0,1.230900097E1,3.619500101E-1
1.061048594E2,2.419950008E0,8.515950203E0,-2.449500114E-1
1.061073032E2,3.586050272E0,9.964950562E0,-1.039950013E0
1.061097469E2,6.238950253E0,7.984950542E0,-6.898050308E0
1.061121906E2,5.089499950E-1,4.486950397E0,-4.489950180E0
1.061146343E2,1.345050097E0,4.638000011E0,-1.795950055E0
1.061170779E2,6.061950207E0,6.727950096E0,-6.721050262E0
1.061195216E2,1.725000024E0,2.217000008E0,-4.300950050E0
1.061219653E2,1.338000059E0,1.945950150E0,2.596050024E0
1.061244090E2,6.349050522E0,7.267050266E0,-4.210050106E0
1.061268527E2,2.761950016E0,3.643950224E0,-5.902050495E0
1.061292964E2,1.069500074E-1,1.000950098E0,-5.560500026E-1
1.061317400E2,1.603050113E0,4.093950272E0,-2.445000172E0
1.061341837E2,6.150000095E-1,4.156050205E0,-1.581000090E0
1.061366274E2,-6.820500493E-1,2.751000166E0,2.328000069E0
1.061390711E2,3.925950289E0,7.093950272E0,3.079950094E0
1.061415149E2,5.725950241E0,2.575950146E0,-2.287050009E0
1.061439585E2,5.097000122E0,4.615950108E0,-2.650950193E0
1.061464022E2,7.648950577E0,9.496050835E0,-4.903950214E0
1.061488459E2,1.097205067E1,6.594000340E0,-5.802000046E0
1.061512896E2,6.550050259E0,5.871000290E0,-7.437000275E0
1.061537333E2,6.520950317E0,1.075305080E1,-1.376505089E1
1.061561770E2,1.070205021E1,8.241000175E0,-1.305195045E1
1.061586206E2,1.729950070E0,7.774050236E0,-1.208400059E1
1.061610644E2,-1.027050018E0,8.557050705E0,-3.891000271E0
1.061635080E2,1.792950034E0,9.874050140E0,2.050050020E0
1.061659517E2,2.851050138E0,8.806050301E0,2.725950241E0
1.061683955E2,2.791050196E0,1.128900051E1,-1.152000070E0
1.061708391E2,8.793000221E0,1.496400070E1,3.979950190E0
1.061732829E2,5.089050293E0,7.651950359E0,-6.028950214E0
1.061757265E2,3.801000118E0,8.808000565E0,-5.215050220E0
1.061781703E2,7.606050491E0,1.166505051E1,-1.009995079E1
1.061806140E2,2.392950058E0,9.019050598E0,-8.221950531E0
1.061830576E2,-2.610000074E-1,6.478950500E0,1.909050107E0
1.061855014E2,1.419000030E0,1.157895088E1,3.544050217E0
1.061879450E2,3.751050234E0,1.452795029E1,3.532050133E0
1.061903887E2,1.081050038E0,8.586000443E0,2.311050177E0
1.061928324E2,1.881000042E0,1.106400013E1,-1.569000125E0
1.061952761E2,3.447000265E0,1.362105083E1,2.019000053E0
1.061977198E2,2.583000183E0,1.126305008E1,2.260500044E-1
1.062001635E2,7.320000529E-1,1.427505112E1,-1.006049991E0
1.062026072E2,2.737950087E0,1.451205063E1,2.626950026E0
1.062050509E2,2.877000093E0,1.102605057E1,1.231950045E0
1.062074946E2,9.550500512E-1,1.125105095E1,-1.753050089E0
1.062099382E2,1.375950098E0,1.247400093E1,1.005000062E-2
1.062123819E2,2.608950138E0,8.794050217E0,1.267050028E0
1.062148256E2,5.310000181E-1,9.225000381E0,-2.251049995E0
1.062172693E2,1.582050085E0,1.444905090E1,1.239000082E0
1.062197130E2,2.556000233E0,1.126500034E1,4.227000237E0
1.062221567E2,2.820000052E-1,7.000950336E0,-2.218050003E0
1.062246004E2,3.454050064E0,1.380795097E1,1.102050066E0
1.062270441E2,7.908000469E0,1.162200069E1,-8.100000381E0
1.062294878E2,3.970500231E-1,7.152000427E0,-7.201950550E0
1.062319315E2,3.342000246E0,1.105200100E1,-7.315050125E0
1.062343752E2,3.928050280E0,1.237800026E1,-8.071949959E0
1.062368189E2,-2.800500095E-1,5.713050365E0,-3.526950121E0
1.062392626E2,4.576950073E0,8.080950737E0,-1.939500123E-1
1.062417062E2,9.040050507E0,1.221105099E1,-5.698950291E0
1.062441499E2,2.674050093E0,5.077950478E0,-5.608050346E0
1.062465936E2,4.396950245E0,1.082205009E1,1.741950035E0
1.062490373E2,5.653950214E0,1.016400051E1,-4.162050247E0
1.062514810E2,1.594050050E0,6.024000168E0,-7.510950565E0
1.062539247E2,1.917000055E0,8.779950142E0,-3.409950256E0
1.062563684E2,6.009000301E0,6.771000385E0,-6.702000141E0
1.062588121E2,4.560000420E0,4.681050301E0,-7.401000500E0
1.062612558E2,4.239000320E0,7.848000526E0,-2.641050100E0
1.062636995E2,1.070205021E1,5.926050186E0,-4.723950386E0
1.062661432E2,5.142000198E0,4.635000229E0,-5.160000324E0
1.062685869E2,-2.212050200E0,8.113950729E0,-2.589000225E0
1.062710306E2,6.241050243E0,6.844950199E0,-4.518000126E0
1.062734743E2,1.042905045E1,2.473050117E0,-6.300000191E0
1.062759180E2,3.982950211E0,4.350000381E0,-5.823000431E0
1.062783616E2,9.282000542E0,7.309950352E0,-6.546000481E0
1.062808051E2,1.107000065E1,5.143050194E0,-5.929050446E0
1.062832491E2,9.229500294E-1,5.977950096E0,-6.502950191E0
1.062856927E2,-8.190000653E-1,9.591000557E0,2.790000200E0
1.062881364E2,1.267950058E0,8.904000282E0,4.344000340E0
1.062905801E2,2.392950058E0,8.617050171E0,1.942950130E0
1.062930238E2,1.969950080E0,1.263495064E1,-1.699950099E0
1.062954675E2,5.520000458E0,1.212000084E1,3.523050070E0
1.062979110E2,1.768950105E0,6.631950378E0,-7.399500608E-1
1.063003547E2,1.053000093E0,9.349950790E0,-5.035950184E0
1.063027984E2,2.556000233E0,1.369500065E1,-8.149500489E-1
1.063052423E2,3.193050146E0,8.686050415E0,2.041050196E0
1.063076857E2,4.519500136E-1,5.686050415E0,-2.491050005E0
1.063101297E2,1.309500039E-1,1.117395020E1,-3.793050289E0
1.063125733E2,2.331000090E0,1.216005039E1,3.777000189E0
1.063150170E2,1.048050046E0,6.508050442E0,-1.063950062E0
1.063174605E2,1.254000068E0,8.611950874E0,-4.549500346E-1
1.063199042E2,2.455950022E0,9.997950554E0,1.420950055E0
1.063223479E2,7.609500289E-1,5.053950310E0,-2.305950165E0
1.063247916E2,2.170500159E-1,5.755950451E0,3.025050163E0
1.063272353E2,3.840000153E0,5.365950108E0,3.394050121E0
1.063296790E2,9.810000658E-1,3.088950157E0,-3.283050060E0
1.063321227E2,8.041950226E0,5.791950226E0,1.821000099E0
1.063345664E2,9.064050674E0,5.121000290E0,-7.911000252E0
1.063370101E2,2.029950142E0,5.488050461E0,-9.970050812E0
1.063394538E2,3.175950050E0,1.100205040E1,-5.361000061E0
1.063418974E2,5.760000229E0,8.385000229E0,-8.014050484E0
1.063443411E2,1.399500072E-1,7.204050541E0,-5.584050179E0
1.063467848E2,1.531950116E0,9.109950066E0,1.369500011E-1
1.063492285E2,4.417050362E0,6.595950127E0,-5.803950310E0
1.063516722E2,4.429050446E0,6.655950546E0,-3.087000132E0
1.063541159E2,5.953950405E0,8.794050217E0,-1.198050022E0
1.063565596E2,1.090305042E1,6.625050545E0,-7.951950550E0
1.063590033E2,3.061050177E0,6.958050251E0,-6.313950062E0
1.063614470E2,-8.689500690E-1,1.110705090E1,-1.387050033E0
1.063638907E2,7.672950268E0,8.727000237E0,-3.618000269E0
1.063663344E2,5.623050213E0,5.871000290E0,-8.100000381E0
1.063687781E2,-3.760500252E-1,9.996000290E0,-2.617050171E0
1.063712218E2,9.361050606E0,8.622000694E0,-2.056950092E0
1.063736654E2,6.481050491E0,6.514950275E0,-6.625050545E0
1.063761091E2,7.770000100E-1,1.028100014E1,-1.758000135E0
1.063785528E2,7.560000420E0,9.751950264E0,-1.486950040E0
1.063809965E2,6.801000118E0,8.404050827E0,-8.480999947E0
1.063834402E2,3.054000139E0,1.104705048E1,-4.557000160E0
1.063858838E2,1.037100029E1,1.153305054E1,-7.759950161E0
1.063883275E2,7.254000187E0,9.807000160E0,-9.750000000E0
1.063907712E2,-4.639500082E-1,1.073805046E1,-3.622950077E0
1.063932149E2,4.077000141E0,1.137795067E1,-2.433000088E0
1.063956586E2,8.644950867E0,8.209950447E0,-7.777050495E0
1.063981023E2,2.856000185E0,7.132050514E0,-5.881050110E0
1.064005460E2,6.600000381E0,1.035300064E1,-1.540050030E0
1.064029896E2,8.836950302E0,8.683950424E0,-5.440050125E0
1.064054333E2,1.516950130E0,8.530950546E0,-3.445950270E0
1.064078770E2,3.787050247E0,1.104000092E1,-1.023000002E0
1.064103207E2,7.659000397E0,8.218950272E0,-5.586000443E0
1.064127644E2,1.954950094E0,6.891000271E0,-4.839000225E0
1.064152081E2,4.146000385E0,1.097805023E1,-1.995000057E-2
1.064176518E2,9.001950264E0,9.157950401E0,-4.176000118E0
1.064200955E2,1.639050126E0,6.960000515E0,-2.218050003E0
1.064225392E2,1.800000109E-2,1.009395027E1,3.790950298E0
1.064249829E2,3.436950207E0,1.002000046E1,4.120950222E0
1.064274266E2,2.544000149E0,5.808000088E0,-2.670000076E0
1.064298703E2,1.266000032E0,8.157000542E0,-2.059500068E-1
1.064323139E2,4.789950371E0,1.122900009E1,-4.939500093E-1
1.064347576E2,3.888000250E0,9.424050331E0,-3.367050171E0
1.064372011E2,1.441050053E0,8.871000290E0,1.042050004E0
1.064396450E2,1.096050024E0,1.152795029E1,4.609500170E-1
1.064420885E2,2.584950209E0,1.184895039E1,-2.002050161E0
1.064445324E2,2.005950212E0,8.542950630E0,4.819500148E-1
1.064469761E2,-1.000500023E-1,1.225095081E1,-1.969050050E0
1.064494198E2,2.190000057E0,1.330995083E1,2.448000193E0
1.064518633E2,1.777950048E0,7.960950375E0,1.741950035E0
1.064543070E2,7.304999977E-2,9.223050117E0,-3.802950144E0
1.064567506E2,1.503000021E0,1.138995075E1,6.280500293E-1
1.064591943E2,1.747050047E0,6.330000401E0,1.821000099E0
1.064616380E2,3.793950081E0,5.647950172E0,-5.595000088E-2
1.064640817E2,1.007205009E1,7.908000469E0,-6.589950085E0
1.064665254E2,4.921950340E0,4.741050243E0,-1.161300087E1
1.064689691E2,1.030950069E0,6.349950314E0,-7.315050125E0
1.064714128E2,3.442050219E0,8.674050331E0,-5.944950104E0
1.064738564E2,1.395000100E0,3.943050146E0,-4.059000015E0
1.064763001E2,7.009500265E-1,6.943050385E0,2.863950253E0
1.064787438E2,5.875050068E0,8.329950333E0,7.260000110E-1
1.064811875E2,6.259950161E0,1.504050016E0,-5.572050095E0
1.064836312E2,4.350000322E-1,6.508050442E0,-1.356000066E0
1.064860749E2,3.744000196E0,6.946050167E0,-4.480500221E-1
1.064885186E2,7.504950523E0,2.808000088E0,-7.971000195E0
1.064909623E2,-2.400000021E-2,4.374000072E0,-4.513950348E0
1.064934059E2,1.836000085E0,6.298950195E0,-8.890500665E-1
1.064958496E2,9.568950653E0,4.563000202E0,-4.687950134E0
1.064982933E2,1.162950039E0,5.445000172E0,-5.614950180E0
1.065007371E2,1.807050109E0,8.638050079E0,-3.099000216E0
1.065031807E2,7.195950508E0,6.472050190E0,-3.442950249E0
1.065056244E2,2.142000198E0,8.203050613E0,-3.795000076E0
1.065080681E2,2.856000185E0,1.172205067E1,5.710500479E-1
1.065105118E2,7.354050159E0,1.045095062E1,-4.408050060E0
1.065129554E2,2.938950062E0,9.979050636E0,-5.208000183E0
1.065153991E2,1.399500072E-1,1.142505074E1,2.344950199E0
1.065178428E2,2.073000193E0,9.982050896E0,-6.060000062E-1
1.065202865E2,2.130000114E0,8.389050484E0,-5.052000046E0
1.065227302E2,2.595000029E0,8.260050774E0,-2.119050026E0
1.065251739E2,8.295000076E0,1.001505089E1,-7.729050159E0
1.065276176E2,5.233050346E0,6.211050510E0,-1.022895050E1
1.065300613E2,-1.360500008E-1,8.574000359E0,-3.781050205E0
1.065325050E2,4.917000294E0,1.105395031E1,-4.273950100E0
1.065349484E2,3.598050117E0,9.148050308E0,-4.686000347E0
1.065373921E2,1.363950014E0,7.614000320E0,3.739500046E-1
1.065398358E2,2.920050144E0,1.426305103E1,6.430500150E-1
1.065422795E2,2.176050186E0,7.282950401E0,-3.700050116E0
1.065447235E2,4.609500170E-1,7.204050541E0,3.709950209E0
1.065471672E2,3.492000103E0,9.868950844E0,3.645000219E0
1.065496106E2,8.532000542E0,7.501050472E0,-5.208000183E0
1.065520543E2,3.978000164E0,6.718050480E0,-5.293950081E0
1.065544980E2,5.623050213E0,1.194495010E1,-1.771950126E0
1.065569417E2,7.708950520E0,1.067400074E1,-6.862950325E0
1.065593854E2,9.190500379E-1,1.055400085E1,-3.549000263E0
1.065618291E2,8.490000367E-1,1.131495094E1,9.300000668E-1
1.065642728E2,4.690050125E0,1.139895058E1,-5.122050285E0
1.065667165E2,3.018000126E0,8.464050293E0,-5.791950226E0
1.065691602E2,5.467950344E0,1.104495049E1,-3.835950136E0
1.065716039E2,1.056300068E1,1.067595005E1,-7.983000278E0
1.065740475E2,2.848050117E0,9.364050865E0,-5.565000057E0
1.065764912E2,2.749500275E-1,1.031400013E1,1.390050054E0
1.065789349E2,2.206950188E0,1.262295055E1,3.516000271E0
1.065813786E2,1.680000067E0,7.446000576E0,-2.203050137E0
1.065838222E2,8.610000610E-1,7.410000324E0,1.336950064E0
1.065862659E2,7.777950287E0,1.246695042E1,1.369500011E-1
1.065887096E2,4.884000301E0,7.177950382E0,-4.834950447E0
1.065911533E2,1.600500047E-1,8.509050369E0,6.795000285E-2
1.065935970E2,3.121050119E0,1.266795063E1,1.720050097E0
1.065960407E2,2.689950228E0,9.238950729E0,-1.629000068E0
1.065984844E2,2.959500253E-1,9.108000755E0,1.469999999E-1
1.066009281E2,7.101000309E0,1.387500095E1,-1.981050134E0
1.066033718E2,7.018950462E0,1.102095032E1,-8.143050194E0
1.066058155E2,1.089000106E0,9.421050072E0,-3.499050140E0
1.066082589E2,6.220500469E-1,1.292895031E1,-3.142050266E0
1.066107026E2,3.544950247E0,1.193505096E1,-1.959000111E0
1.066131466E2,1.752000093E0,7.603950500E0,-1.333950043E0
1.066155903E2,8.505000174E-2,1.052505016E1,1.234050035E0
1.066180340E2,7.479000568E0,1.287195015E1,-1.186050057E0
1.066204774E2,3.748950243E0,8.011050224E0,-4.498950005E0
1.066229211E2,3.696000099E0,9.702000618E0,-2.775000095E0
1.066253648E2,6.040050507E0,1.151895046E1,-4.765050411E0
1.066278085E2,1.986000061E0,6.792000294E0,-3.919950247E0
1.066302522E2,4.969500303E-1,6.892950535E0,1.188000083E0
1.066326959E2,3.616950274E0,1.075995064E1,-1.720050097E0
1.066351396E2,2.662050009E0,4.278000355E0,-5.545950413E0
1.066375833E2,4.900500178E-1,5.631000042E0,-7.620000243E-1
1.066400270E2,6.715050220E0,8.125950813E0,-1.461000085E0
1.066424707E2,8.145000458E0,3.949950218E0,-8.527050018E0
1.066449143E2,1.708950043E0,5.314950466E0,-2.658000231E0
1.066473580E2,3.640950203E0,1.081695080E1,2.176950216E0
1.066498017E2,5.875050068E0,6.697050095E0,-1.744050026E0
1.066522453E2,2.100000158E-2,6.520050526E0,-3.280500174E-1
1.066546890E2,1.471950054E0,9.034049988E0,1.039500013E-1
1.066571327E2,6.319950104E0,4.249950409E0,-6.288000107E0
1.066595764E2,7.200000286E-1,4.198950291E0,-4.960950375E0
1.066620201E2,4.726050377E0,7.390950203E0,-1.578000069E0
1.066644638E2,7.930950165E0,5.622000217E0,-5.146050453E0
1.066669075E2,1.095000096E-2,5.670000076E0,-2.470950127E0
1.066693512E2,-1.222950101E0,1.059000015E1,2.701950073E0
1.066717949E2,3.840000153E0,7.630050182E0,-2.323050022E0
1.066742384E2,1.302000046E0,4.642050266E0,-6.858000278E0
1.066766821E2,-6.649500132E-1,7.338000298E0,-2.505000114E0
1.066791257E2,7.489050388E0,5.617050171E0,-4.602000237E0
1.066815697E2,4.029000282E0,3.883050203E0,-7.210050106E0
1.066840134E2,-5.050500035E-1,5.581050396E0,-1.072950006E0
1.066864568E2,7.153050423E0,6.145950317E0,-1.165950060E0
1.066889005E2,5.602050304E0,3.699000120E0,-6.930000305E0
1.066913442E2,2.122950077E0,7.702050209E0,-1.996950150E0
1.066937879E2,1.046700096E1,7.614000320E0,-3.328950167E0
1.066962316E2,5.001000404E0,5.071050167E0,-8.184000015E0
1.066986753E2,-2.358000040E0,1.015200043E1,-8.070000410E-1
1.067011190E2,3.811050177E0,8.611950874E0,-2.400000095E-1
1.067035627E2,8.092050552E0,7.030050278E0,-4.710000038E0
1.067060064E2,2.188050032E0,8.061000824E0,-2.878050089E0
1.067084500E2,2.635050058E0,1.151400089E1,2.236950159E0
1.067108937E2,5.322000027E0,1.033395004E1,-4.018050194E0
1.067133374E2,1.903050065E0,1.058505058E1,-4.546950340E0
1.067157811E2,3.246000051E0,1.257195091E1,-2.365950108E0
1.067182247E2,5.925000191E0,1.067100048E1,-8.242050171E0
1.067206684E2,2.548950195E0,9.577050209E0,-4.918050289E0
1.067231121E2,7.251000404E0,1.284000015E1,-3.688050270E0
1.067255558E2,9.837000847E0,1.148295021E1,-7.870050430E0
1.067279995E2,2.323950052E0,9.747000694E0,-4.936950207E0
1.067304432E2,1.347000122E0,1.211700058E1,-1.075950027E0
1.067328869E2,7.591050148E0,1.073100090E1,-3.217950106E0
1.067353303E2,4.507950306E0,7.300050259E0,-6.570000172E0
1.067377740E2,2.464950085E0,1.021905041E1,-2.205000073E-2
1.067402177E2,8.497050285E0,1.268205070E1,-2.830500007E-1
1.067426614E2,2.767050028E0,8.052000046E0,-3.441000223E0
1.067451051E2,1.114950061E0,9.390000343E0,1.597950101E0
1.067475488E2,4.989000320E0,1.232295036E1,-8.770500422E-1
1.067499925E2,2.365050077E0,5.811000347E0,-3.369000196E0
1.067524362E2,1.539000034E0,7.414950371E0,-2.350500077E-1
1.067548799E2,9.415950775E0,8.173950195E0,-5.707950115E0
1.067573236E2,6.205050468E0,3.610050201E0,-1.095705032E1
1.067597673E2,-5.550000072E-1,4.819950104E0,-3.628050089E0
1.067622109E2,-1.990500093E-1,6.412050247E0,1.191000104E0
1.067646546E2,5.278950214E0,2.401050091E0,-4.210050106E0
1.067670983E2,2.377050161E0,1.273950100E0,-3.046050072E0
1.067695419E2,3.142950058E0,7.338000298E0,4.003950119E0
1.067719857E2,7.180050373E0,5.160000324E0,7.290000319E-1
1.067744293E2,1.860000134E0,2.251049995E0,-1.542000055E0
1.067768730E2,-7.540500164E-1,9.153000832E0,-1.236000061E0
1.067793167E2,4.005000114E0,4.249950409E0,-5.910000324E0
1.067817604E2,2.022000074E0,3.406950235E0,-6.606000423E0
1.067842041E2,4.879050255E0,6.916950226E0,-2.110050201E0
1.067866478E2,1.049100018E1,6.462000370E0,-4.396049976E0
1.067890915E2,3.492000103E0,5.119050026E0,-5.629050255E0
1.067915350E2,-6.340500116E-1,1.120305061E1,2.098050117E0
1.067939786E2,5.860050201E0,1.022805023E1,3.195000067E-2
1.067964223E2,4.600950241E0,6.514950275E0,-5.944950104E0
1.067988660E2,2.389050007E0,1.062300014E1,-1.260000110E0
1.068013097E2,8.431950569E0,1.249800014E1,-4.462950230E0
1.068037534E2,4.186950207E0,9.814050674E0,-6.087000370E0
1.068061971E2,2.392950058E0,1.059195042E1,-1.006049991E0
1.068086407E2,3.433050156E0,1.358295059E1,-2.943000078E0
1.068110845E2,4.327950001E0,1.080495071E1,-4.882050037E0
1.068135282E2,2.832000017E0,1.122900009E1,-1.204950094E0
1.068159719E2,8.458050728E0,1.477995110E1,-4.309950352E0
1.068184155E2,7.455000401E0,1.147800064E1,-7.705050468E0
1.068208592E2,1.134000063E0,1.153605080E1,-5.292000294E0
1.068233029E2,3.496950150E0,1.392000103E1,-1.861050129E0
1.068257465E2,6.298950195E0,1.208895016E1,-6.508050442E0
1.068281902E2,1.729950070E0,8.005949974E0,-5.172000408E0
1.068306339E2,2.311950207E0,9.781050682E0,1.320000052E0
1.068330776E2,5.170950413E0,1.140195084E1,-9.919500351E-1
1.068355211E2,9.310500622E-1,4.019999981E0,-4.246050358E0
1.068379650E2,1.572000027E0,5.005950451E0,-1.147050023E0
1.068404085E2,4.153050423E0,4.549050331E0,-5.787000179E0
1.068428521E2,1.869000077E0,2.032950163E0,-5.835000515E0
1.068452958E2,9.070500135E-1,4.759950161E0,1.473000050E0
1.068477395E2,6.234000206E0,5.752950191E0,2.572050095E0
1.068501832E2,4.052999973E0,3.187050104E0,4.770000279E-1
1.068526269E2,1.077000022E0,6.366000175E0,2.955000162E0
1.068550706E2,3.976050138E0,9.982050896E0,2.662950039E0
1.068575143E2,3.634050131E0,4.987050056E0,-4.854000092E0
1.068599580E2,-3.010500073E-1,5.820000172E0,-1.686000109E0
1.068624016E2,2.310000181E0,9.802050591E0,-2.115000010E0
1.068648453E2,3.937950134E0,6.055050373E0,-6.321000099E0
1.068672890E2,-5.959500074E-1,6.297000408E0,-3.099000216E0
1.068697327E2,2.542050123E0,6.759000301E0,-4.327050209E0
1.068721764E2,4.872000217E0,3.445050240E0,-8.746950150E0
1.068746201E2,1.393050075E0,4.753050327E0,-4.617000103E0
1.068770638E2,4.294950008E0,7.177950382E0,-2.068950176E0
1.068795075E2,7.752000332E0,4.597050190E0,-6.991950512E0
1.068819512E2,7.990500331E-1,5.281950474E0,-4.782000065E0
1.068843949E2,-2.217000008E0,7.345950127E0,1.204950094E0
1.068868383E2,2.839050055E0,6.601050377E0,-1.870500147E-1
1.068892820E2,3.480000257E0,1.458000064E0,-5.005050182E0
1.068917257E2,1.717950106E0,6.306000233E0,2.140500098E-1
1.068941694E2,8.485050201E0,7.887000561E0,-6.640500426E-1
1.068966131E2,6.685950279E0,3.304050207E0,-6.216000080E0
1.068990568E2,1.546050072E0,8.554950714E0,-4.108950138E0
1.069015004E2,6.246000290E0,9.862050056E0,-4.092000008E0
1.069039441E2,5.791050434E0,8.107049942E0,-6.999000549E0
1.069063879E2,3.241050243E0,1.113105011E1,-4.380000114E0
1.069088315E2,8.191950798E0,1.186395073E1,-5.325000286E0
1.069112752E2,5.542050362E0,1.205805016E1,-7.090050220E0
1.069137189E2,-1.390500069E-1,1.149495029E1,-9.820500612E-1
1.069161625E2,1.089000106E0,1.200195026E1,2.686950207E0
1.069186060E2,3.616950274E0,1.157895088E1,-3.451050282E0
1.069210499E2,2.116050005E0,8.338950157E0,-2.935950041E0
1.069234936E2,6.322050095E0,1.253595066E1,-2.895000219E0
1.069259371E2,9.628950119E0,1.400400066E1,-5.011950016E0
1.069283807E2,3.442050219E0,1.101600075E1,-4.143000126E0
1.069308244E2,2.242950201E0,1.452795029E1,-4.240500331E-1
1.069332681E2,3.709950209E0,1.614900017E1,1.603050113E0
1.069357118E2,2.461050034E0,1.299600029E1,-1.818000078E0
1.069381555E2,-3.949500322E-1,1.252200031E1,-2.050050020E0
1.069405992E2,2.749500275E-1,1.519605064E1,2.932050228E0
1.069430429E2,9.430500269E-1,1.175295067E1,2.443050146E0
1.069454865E2,-8.689500690E-1,6.546000481E0,-4.189500213E-1
1.069479302E2,-2.722050190E0,9.553050041E0,-3.544050217E0
1.069503739E2,-1.288050056E0,5.421000481E0,1.464000106E0
1.069528176E2,-6.100500226E-1,1.140000105E0,-3.900000080E-2
1.069552612E2,-1.984950066E0,9.366000175E0,-1.471050024E0
1.069577049E2,1.507950068E0,1.024995041E1,3.039000034E0
1.069601486E2,3.864000082E0,8.338950157E0,3.523050070E0
1.069625923E2,4.402050018E0,1.106895065E1,-3.520500064E-1
1.069650358E2,4.222949982E0,1.207200050E1,2.860050201E0
1.069674795E2,1.576950073E0,9.714000702E0,1.864050031E0
1.069699232E2,-4.380000234E-1,1.312995052E1,1.392000079E0
1.069723669E2,1.453050017E0,1.138200092E1,5.203950405E0
1.069748105E2,1.728000045E0,8.221950531E0,2.836050034E0
1.069772542E2,1.819050074E0,1.050405025E1,2.182049990E0
1.069796979E2,3.732000113E0,1.155495071E1,4.615050316E0
1.069821416E2,3.556950092E0,9.199050903E0,3.190050125E0
1.069845852E2,1.125705051E1,4.606950283E0,1.842000127E0
1.069870289E2,1.448700047E1,8.977950096E0,-2.175300026E1
1.069894726E2,4.138950348E0,1.014900017E1,-3.228705215E1
1.069919163E2,-4.710000157E-1,6.895050526E0,-2.653605080E1
1.069943600E2,8.610000610E-1,9.673050880E0,-1.852995110E1
1.069968037E2,2.287950039E0,5.152050018E0,-8.187000275E0
1.069992474E2,5.070000291E-1,5.694000244E0,-5.730000138E-1
1.070016909E2,1.600950122E0,6.571950436E0,8.496000290E0
1.070041346E2,3.490050077E0,6.112950325E0,6.501000404E0
1.070065783E2,5.797950268E0,7.065000534E0,7.777950287E0
1.070090219E2,7.909950256E0,7.606950283E0,6.793950558E0
1.070114657E2,1.252800083E1,3.622050285E0,-1.092000008E0
1.070139093E2,1.121400070E1,-1.033050060E0,-9.424050331E0
1.070163530E2,1.018695068E1,2.908950090E0,-1.851300049E1
1.070187967E2,1.171200085E1,3.891000271E0,-2.047905159E1
1.070212404E2,2.784000158E0,4.501049995E0,-1.588905048E1
1.070236841E2,9.190500379E-1,5.320050240E0,-1.123005009E1
1.070261277E2,6.081000328E0,5.313000202E0,-5.914050102E0
1.070285714E2,3.463950157E0,5.014050007E0,5.197050095E0
1.070310151E2,4.057950020E0,1.011105061E1,3.906000137E0
1.070334588E2,4.591050148E0,1.422705078E1,4.962000370E0
1.070359025E2,2.668950081E0,7.675950527E0,3.376950264E0
1.070383462E2,5.119500160E-1,9.028950691E0,-2.893050194E0
1.070407897E2,2.908050060E0,1.466505051E1,1.469999999E-1
1.070432334E2,3.387000084E0,1.236195087E1,4.603050232E0
1.070456771E2,1.069500074E-1,1.054005051E1,-2.614950180E0
1.070481207E2,-3.570000231E-1,1.339095020E1,-3.396000147E0
1.070505644E2,1.651050091E0,1.423905087E1,5.392950058E0
1.070530081E2,7.320000529E-1,1.351095104E1,6.070500016E-1
1.070554518E2,-1.611000061E0,1.461900043E1,-4.465950012E0
1.070578954E2,-1.657050133E0,1.433505058E1,6.979500055E-1
1.070603391E2,-4.242000103E0,1.412400055E1,1.119000077E0
1.070627828E2,-4.563000202E0,1.459500027E1,2.089500129E-1
1.070652265E2,-1.438950062E0,1.009695053E1,8.704050064E0
1.070676702E2,1.596000075E0,3.769050121E0,6.303000450E0
1.070701139E2,2.515950203E0,1.063995075E1,3.322050095E0
1.070725575E2,4.563000202E0,8.293950081E0,5.536950111E0
1.070750012E2,3.837000132E0,3.241950035E0,6.207000256E0
1.070774447E2,4.500000000E0,5.860950470E0,1.042050004E0
1.070798884E2,4.957950115E0,1.039800072E1,4.833000183E0
1.070823321E2,3.406050205E0,8.590950012E0,2.886000156E0
1.070847758E2,4.210500121E-1,6.811950207E0,-1.345950007E0
1.070872195E2,3.700500131E-1,9.598950386E0,-3.169500232E-1
1.070896632E2,1.824000120E0,7.864950180E0,2.908050060E0
1.070921068E2,1.366800022E1,5.100000381E0,4.126049995E0
1.070945505E2,1.545405102E1,6.685050488E0,-2.989605141E1
1.070969942E2,8.403000832E0,2.191050053E0,-3.642705154E1
1.070994379E2,-3.730500042E-1,3.867000103E0,-2.785305214E1
1.071018815E2,3.934950113E0,5.434950352E0,-2.003805161E1
1.071043252E2,4.729950428E0,2.478000164E0,-1.249095058E1
1.071067687E2,2.331000090E0,8.140500188E-1,-3.280950069E0
1.071092124E2,1.906950116E0,6.919500232E-1,1.051950097E0
1.071116561E2,2.152050018E0,1.236900043E1,1.056705093E1
1.071140998E2,1.783050060E0,8.818050385E0,4.369950294E0
1.071165435E2,1.941000104E0,3.217950106E0,2.083950043E0
1.071189872E2,8.227950096E0,2.230950117E0,1.009050012E0
1.071214310E2,7.726050377E0,1.246950030E0,-2.388000011E0
1.071238746E2,1.297905064E1,2.562000036E0,-6.019950390E0
1.071263183E2,1.660095024E1,4.690050125E0,-1.630095100E1
1.071287620E2,6.600000381E0,3.349950075E0,-1.504605103E1
1.071312056E2,3.205050230E0,6.984000206E0,-1.632705116E1
1.071336493E2,6.307950497E0,5.275050163E0,-1.648995018E1
1.071360928E2,1.606050134E0,3.943050146E0,-8.167050362E0
1.071385367E2,8.539500237E-1,6.855000496E0,-2.179500163E-1
1.071409802E2,3.492000103E0,1.151595020E1,4.927950382E0
1.071434239E2,3.652950287E0,9.127050400E0,5.704050064E0
1.071458675E2,2.962950230E0,6.721050262E0,2.263950109E0
1.071483112E2,5.104050159E0,1.149495029E1,7.140000463E-1
1.071507549E2,4.137000084E0,8.586000443E0,3.682950258E0
1.071531986E2,2.640000105E0,1.079805088E1,3.840000033E-1
1.071556422E2,4.435950279E0,1.460700035E1,1.180950046E0
1.071580859E2,3.583050251E0,8.968950272E0,5.041050434E0
1.071605296E2,9.090000391E-1,1.108500099E1,-2.124000072E0
1.071629733E2,1.704000115E0,1.571595097E1,-9.060000181E-1
1.071654170E2,2.632950068E0,1.075995064E1,4.045050144E0
1.071678605E2,3.540000021E-1,9.385950089E0,-2.002050161E0
1.071703041E2,9.310500622E-1,1.405905056E1,1.849500090E-1
1.071727481E2,2.623050213E0,1.358505058E1,4.918950081E0
1.071751915E2,1.275000095E0,9.388050079E0,-2.350500077E-1
1.071776352E2,6.289500594E-1,1.177305031E1,-1.212000012E0
1.071800788E2,2.800950050E0,1.231395054E1,2.886000156E0
1.071825226E2,1.921950102E0,6.973950386E0,2.644050121E0
1.071849662E2,1.559100056E1,9.421050072E0,-3.658950090E0
1.071874099E2,1.156800079E1,9.295050621E0,-2.567895126E1
1.071898536E2,3.411000252E0,7.420050144E0,-1.710494995E1
1.071922973E2,1.984050035E0,1.110900021E1,-1.063605022E1
1.071947410E2,3.226950169E0,1.110900021E1,-3.048000097E0
1.071971847E2,6.840000153E-1,7.603950500E0,2.448000193E0
1.071996282E2,1.776000142E0,1.147605038E1,1.195950031E0
1.072020718E2,4.431000233E0,1.535205078E1,4.480950356E0
1.072045155E2,2.707050085E0,9.346950531E0,2.854950190E0
1.072069592E2,1.657950044E0,8.967000008E0,-2.479050159E0
1.072094029E2,4.848000050E0,1.257900047E1,4.569000244E0
1.072118465E2,4.420950413E0,7.759950161E0,-4.348950386E0
1.072142903E2,3.162000179E0,5.887050152E0,-8.050050735E0
1.072167339E2,7.684950352E0,8.575950623E0,-1.219905090E1
1.072191776E2,2.389050007E0,5.634000301E0,-1.179705048E1
1.072216213E2,3.970500231E-1,3.184050083E0,-1.012950063E0
1.072240650E2,8.044050217E0,9.462000847E0,7.429500222E-1
1.072265087E2,5.932050228E0,7.450950146E0,-4.116000175E0
1.072289521E2,1.474050045E0,3.205950260E0,7.219500542E-1
1.072313958E2,3.777000189E0,9.763950348E0,5.592000484E0
1.072338395E2,4.936050415E0,9.991050720E0,-1.629000068E0
1.072362832E2,4.999500215E-1,5.527950287E0,-3.565950155E0
1.072387269E2,2.458050013E0,8.761050224E0,-4.180950165E0
1.072411705E2,7.675050259E0,5.911050320E0,-1.119405079E1
1.072436143E2,2.074949980E0,4.896000385E0,-1.083495045E1
1.072460579E2,6.222000122E0,9.709050179E0,-6.976950169E0
1.072485016E2,9.670050621E0,7.554000378E0,-7.150050163E0
1.072509453E2,4.920000136E-1,7.923000336E0,-4.747950077E0
1.072533890E2,6.979500055E-1,8.575950623E0,1.834950089E0
1.072558327E2,3.105000257E0,1.065405083E1,8.100000620E-1
1.072582762E2,1.630050063E0,5.385000229E0,-2.422950029E0
1.072607198E2,1.419000030E0,4.516050339E0,3.480000198E-1
1.072631635E2,7.948050499E0,8.638050079E0,-5.014050007E0
1.072656073E2,4.060050011E0,5.028000355E0,-5.467050076E0
1.072680509E2,1.201050043E0,4.714050293E0,4.369500279E-1
1.072704946E2,4.456950188E0,8.740950584E0,-1.732050061E0
1.072729383E2,2.689950228E0,5.950050354E0,-1.837050080E0
1.072753819E2,-3.400500119E-1,4.582950115E0,-1.165950060E0
1.072778257E2,1.408950090E0,8.392050743E0,1.420950055E0
1.072802693E2,2.809950113E0,8.148000717E0,2.632050037E0
1.072827130E2,1.810500026E-1,2.920950174E0,1.480950117E0
1.072851565E2,-7.605000585E-2,5.835000515E0,-3.096000195E0
1.072876002E2,2.029950142E0,7.807950497E0,2.785050154E0
1.072900439E2,9.949500561E-1,4.948950291E0,3.499500155E-1
1.072924876E2,7.304999977E-2,6.397050381E0,-7.240500450E-1
1.072949313E2,2.917950153E0,1.290000057E1,3.436950207E0
1.072973749E2,2.817000151E0,1.044105053E1,3.757950068E0
1.072998187E2,1.941000104E0,8.251049995E0,-1.963950038E0
1.073022623E2,7.765950203E0,1.191405010E1,-8.260950089E0
1.073047059E2,1.608000040E0,9.145950317E0,-8.620050430E0
1.073071496E2,1.713000059E0,9.390000343E0,-2.476050138E0
1.073095931E2,5.389050484E0,1.353195095E1,-6.630000114E0
1.073120368E2,2.341050148E0,1.025700092E1,-4.188000202E0
1.073144805E2,1.309500039E-1,9.040950775E0,6.040500402E-1
1.073169242E2,3.709950209E0,1.167000103E1,-3.480000198E-1
1.073193679E2,3.925950289E0,1.000995064E1,-6.793050289E0
1.073218116E2,3.889500201E-1,6.438000202E0,-1.654950023E0
1.073242552E2,2.425050020E0,9.505050659E0,1.557000041E0
1.073266989E2,4.789950371E0,1.274895096E1,-5.416050434E0
1.073291426E2,1.267950058E0,6.751950264E0,-1.800000072E-1
1.073315863E2,3.543000221E0,8.061000824E0,-7.639500499E-1
1.073340299E2,4.399950027E0,1.020900059E1,-5.040000439E0
1.073364734E2,1.165050030E0,5.563950062E0,-3.619500101E-1
1.073389171E2,3.559050083E0,9.505050659E0,-4.240500331E-1
1.073413608E2,6.439950466E0,9.357000351E0,-5.146050453E0
1.073438045E2,2.440950155E0,5.832000256E0,-5.107050419E0
1.073462482E2,2.298000097E0,8.713050842E0,-2.938050032E0
1.073486919E2,1.010100079E1,8.610000610E0,-6.300000191E0
1.073511356E2,3.504000187E0,5.539950371E0,-8.650950432E0
1.073535792E2,6.979500055E-1,8.422950745E0,-4.120500088E-1
1.073560229E2,7.101000309E0,1.054005051E1,-1.297950029E0
1.073584666E2,3.366000175E0,7.261950493E0,-5.692050457E0
1.073609103E2,1.374000072E0,7.582950592E0,-1.257000089E0
1.073633537E2,7.668000221E0,8.011050224E0,-6.244950294E0
1.073657974E2,4.242000103E0,6.151050091E0,-8.332950592E0
1.073682411E2,1.522050023E0,7.843950272E0,-3.550950050E0
1.073706848E2,8.200050354E0,8.794050217E0,-4.411050320E0
1.073731284E2,6.520950317E0,7.567950249E0,-6.946050167E0
1.073755721E2,6.105000153E-2,8.434950829E0,-1.995000124E0
1.073780158E2,2.668950081E0,9.274950027E0,1.014000058E0
1.073804595E2,5.950950146E0,8.418000221E0,-5.100000381E0
1.073829032E2,4.969500303E-1,5.433000088E0,-2.359050035E0
1.073853469E2,2.164050102E0,8.977950096E0,2.089050055E0
1.073877906E2,3.649950266E0,1.058700085E1,-1.609050035E0
1.073902340E2,5.140500069E-1,6.562950134E0,-1.055999994E0
1.073926777E2,-3.490500152E-1,8.506950378E0,1.062000036E0
1.073951214E2,3.801000118E0,1.220400047E1,6.450000405E-1
1.073975651E2,1.666050076E0,7.453050137E0,-3.010050058E0
1.074000087E2,1.500000060E-1,9.473999977E0,7.995000482E-2
1.074024524E2,5.440950394E0,1.269000053E1,-5.460000038E-1
1.074048961E2,2.571000099E0,9.394950867E0,-4.641000271E0
1.074073398E2,1.033950090E0,8.820000648E0,-7.669500113E-1
1.074097835E2,6.922950268E0,1.300305080E1,-8.530500531E-1
1.074122272E2,4.756950378E0,9.943050385E0,-7.774950504E0
1.074146707E2,1.522050023E0,8.113950729E0,-2.878050089E0
1.074171143E2,6.306000233E0,1.386300087E1,-4.897050381E0
1.074195580E2,4.963050365E0,1.252395058E1,-5.565000057E0
1.074220017E2,9.280500412E-1,8.911050797E0,-2.632050037E0
1.074244454E2,2.914950132E0,1.045095062E1,-6.880500317E-1
1.074268891E2,4.927050114E0,1.078905010E1,-2.218050003E0
1.074293327E2,2.197050095E0,7.345950127E0,-2.505000114E0
1.074317764E2,5.140050411E0,9.309000015E0,-3.499500155E-1
1.074342199E2,6.624000549E0,8.803950310E0,-3.546000242E0
1.074366636E2,1.414050102E0,6.955050468E0,-1.396050096E0
1.074391073E2,1.081050038E0,7.948950291E0,2.569950104E0
1.074415510E2,2.410050154E0,1.096800041E1,1.180950046E0
1.074439947E2,1.390050054E0,6.139050484E0,-1.969050050E0
1.074464383E2,-6.529500484E-1,5.445000172E0,1.369500011E-1
1.074488820E2,1.552950025E0,1.041705036E1,2.107950211E0
1.074513257E2,2.965950251E0,1.004400063E1,8.800500631E-1
1.074537693E2,8.920500278E-1,6.984000206E0,-1.471050024E0
1.074562130E2,7.609500289E-1,1.109295082E1,-2.689500153E-1
1.074586567E2,2.695050240E0,1.198095036E1,2.023950100E0
1.074611002E2,1.507950068E0,7.858050346E0,-5.179499984E-1
1.074635439E2,4.414050102E0,1.182105064E1,-9.370500445E-1
1.074659876E2,5.025000095E0,1.240695095E1,-9.477000237E0
1.074684312E2,7.339500189E-1,8.703000069E0,-2.500050068E0
1.074708749E2,1.696950078E0,9.189000130E0,-9.510000348E-1
1.074733185E2,4.711050034E0,1.209600067E1,-7.204950333E0
1.074757622E2,2.178000212E0,7.144050121E0,-6.178050518E0
1.074782059E2,1.804050088E0,8.224050522E0,-2.412000179E0
1.074806496E2,6.540000439E0,1.081995010E1,-8.055000305E0
1.074830933E2,5.389050484E0,6.928950310E0,-8.449950218E0
1.074855368E2,2.278950214E0,5.641050339E0,-7.249950409E0
1.074879805E2,4.006950378E0,7.936950207E0,-6.697050095E0
1.074904241E2,2.707050085E0,4.398000240E0,-7.372050285E0
1.074928678E2,8.299500346E-1,5.704950333E0,-2.212949991E0
1.074953115E2,6.016050339E0,7.918050289E0,1.846950054E0
1.074977552E2,5.077050209E0,2.131050110E0,-2.880000174E-1
1.075001988E2,2.014950037E0,5.767950058E0,3.619500101E-1
1.075026425E2,6.624000549E0,7.888950348E0,-1.345950007E0
1.075050860E2,8.997000694E0,3.613050222E0,-3.118050098E0
1.075075297E2,5.719050407E0,3.448050261E0,-7.630950451E0
1.075099734E2,8.853000641E0,7.549050331E0,-1.235505104E1
1.075124171E2,1.072305012E1,5.899050236E0,-1.295100021E1
1.075148608E2,2.479950190E0,6.856950283E0,-1.212795067E1
1.075173044E2,5.428950310E0,9.151050568E0,-1.372200108E1
1.075197481E2,9.229050636E0,7.128000259E0,-1.032900047E1
1.075221918E2,1.113000035E0,8.052000046E0,1.651050091E0
1.075246355E2,7.800000161E-2,1.415505028E1,5.995950222E0
1.075270789E2,4.603050232E0,1.461195087E1,6.499050140E0
1.075295226E2,2.623050213E0,8.562000275E0,2.296950102E0
1.075319663E2,1.831050038E0,1.309395027E1,-4.849050045E0
1.075344100E2,1.065900040E1,1.401795101E1,-5.340000391E-1
1.075368537E2,2.467950106E0,8.281949997E0,-7.588050365E0
1.075392973E2,3.448950052E0,9.778050423E0,-3.561000109E0
1.075417410E2,6.279000282E0,1.259400082E1,-8.017050743E0
1.075441847E2,2.233050108E0,9.405000687E0,-2.890050173E0
1.075466284E2,7.270500064E-1,8.442000389E0,1.584000111E0
1.075490721E2,2.167950153E0,1.273500061E1,-8.700000495E-2
1.075515155E2,3.175950050E0,1.114800072E1,1.093050003E0
1.075539592E2,4.180500209E-1,8.787000656E0,-1.969050050E0
1.075564029E2,2.094000101E0,1.276605034E1,3.103950262E0
1.075588466E2,1.909950137E0,1.041300011E1,3.394050121E0
1.075612902E2,4.560000300E-1,7.056000233E0,6.499500275E-1
1.075637339E2,8.659500480E-1,8.473050117E0,4.882950306E0
1.075661776E2,5.841000080E0,7.519950390E0,-1.180500090E-1
1.075686213E2,1.543950081E0,5.563950062E0,-8.503050804E0
1.075710648E2,7.297050476E0,8.413050652E0,-7.827000141E0
1.075735085E2,6.967050552E0,8.670000076E0,-1.116300011E1
1.075759521E2,-4.710000157E-1,8.938050270E0,-5.115000248E0
1.075783958E2,1.720950127E0,1.238595104E1,-8.740500212E-1
1.075808395E2,3.277050257E0,1.220100021E1,-3.360000134E0
1.075832831E2,9.739500284E-1,7.369950294E0,9.705000371E-2
1.075857268E2,7.029000282E0,1.077705097E1,-3.210000098E-1
1.075881705E2,8.905950546E0,9.249000549E0,-7.753050327E0
1.075906142E2,2.887050152E0,5.497050285E0,-8.845050812E0
1.075930577E2,3.720000267E0,7.840950489E0,-6.553950310E0
1.075955014E2,8.887050629E0,7.065000534E0,-9.967950821E0
1.075979451E2,4.255949974E0,3.831000090E0,-1.122300053E1
1.076003888E2,-2.970000207E-1,7.650000572E0,-1.369500011E-1
1.076028324E2,4.465050220E0,8.943000793E0,3.849000216E0
1.076052761E2,4.033950329E0,4.249950409E0,9.970500469E-1
1.076077198E2,1.945950150E0,7.623000145E0,4.231950283E0
1.076101635E2,6.382050514E0,6.955050468E0,1.768050075E0
1.076126071E2,4.323000431E0,3.144000053E0,-3.823950291E0
1.076150506E2,1.242000103E0,7.159050465E0,-5.617050171E0
1.076174943E2,7.927050591E0,6.736950397E0,-7.375050545E0
1.076199380E2,4.960050106E0,3.790050268E0,-8.974050522E0
1.076223817E2,-1.381050110E0,6.280050278E0,-1.849050045E0
1.076248253E2,3.018000126E0,7.602000237E0,1.849050045E0
1.076272690E2,6.481050491E0,5.245950222E0,-2.902050257E0
1.076297127E2,2.077050209E0,3.838050127E0,-4.123050213E0
1.076321562E2,8.109000206E0,8.404050827E0,-3.987000227E0
1.076345998E2,8.941950798E0,5.145000458E0,-9.793050766E0
1.076370435E2,3.270000219E-1,4.846050262E0,-7.432050228E0
1.076394872E2,2.479950190E0,7.153950214E0,-5.497950077E0
1.076419308E2,5.224050045E0,3.912000179E0,-6.622950077E0
1.076443745E2,2.178000212E0,4.261950016E0,-6.043950081E0
1.076468182E2,5.394000053E0,5.959050179E0,-2.227050066E0
1.076492619E2,7.459950447E0,4.516050339E0,-4.909050465E0
1.076517056E2,4.695000127E-2,4.374000072E0,-2.890050173E0
1.076541491E2,-2.755950212E0,7.687950134E0,3.664050102E0
1.076565928E2,1.579050064E0,6.388050079E0,6.694950104E0
1.076590365E2,3.448950052E0,9.259500504E-1,-5.659500360E-1
1.076614802E2,4.069050312E0,6.886050224E0,-2.847000122E0
1.076639238E2,1.052400017E1,7.231050491E0,-4.521000385E0
1.076663675E2,4.711050034E0,5.155050278E0,-9.715950012E0
1.076688112E2,-1.099050045E0,7.918050289E0,-5.584050179E0
1.076712549E2,1.020000055E-1,9.661050797E0,1.069050074E0
1.076736983E2,1.243950009E0,6.534000397E0,-5.920500159E-1
1.076761422E2,-4.399500191E-1,8.164050102E0,-1.150500029E-1
1.076785857E2,4.969950199E0,1.066905022E1,2.674950123E0
1.076810294E2,4.648950100E0,7.201950550E0,-6.838950157E0
1.076834731E2,1.453050017E0,5.722050190E0,-2.457000017E0
1.076859167E2,7.477050304E0,1.065195084E1,-4.501950264E0
1.076883604E2,6.394050121E0,7.729050159E0,-8.742000580E0
1.076908041E2,9.090000391E-1,6.502950191E0,-1.297950029E0
1.076932475E2,3.378000259E0,1.130805016E1,1.369950056E0
1.076956912E2,4.456950188E0,1.110900021E1,-2.329950094E0
1.076981349E2,1.624950051E0,7.714050293E0,-8.530500531E-1
1.077005786E2,1.693950057E0,9.610950470E0,-1.795950055E0
1.077030222E2,3.784950256E0,1.116705036E1,-3.541950226E0
1.077054659E2,1.596000075E0,7.477050304E0,-2.601000071E0
1.077079096E2,2.413050175E0,1.035495090E1,1.521000028E0
1.077103533E2,9.472949982E0,1.191600037E1,-5.692050457E0
1.077127968E2,1.936050057E0,8.617050171E0,-6.367050171E0
1.077152405E2,-1.699500084E-1,1.027095032E1,1.300950050E0
1.077176842E2,1.680000067E0,1.393200111E1,-1.729500145E-1
1.077201279E2,9.400500655E-1,7.590000153E0,-2.850000143E0
1.077225716E2,-1.567950130E0,8.503950119E0,4.369500279E-1
1.077250152E2,2.314050198E0,1.321395016E1,3.184950113E0
1.077274589E2,3.129000187E0,1.056105042E1,-3.807000160E0
1.077299026E2,2.305050135E0,9.361950874E0,-3.076950073E0
1.077323460E2,6.583050251E0,1.254105091E1,-3.882000208E0
1.077347897E2,4.147950172E0,1.210500050E1,-8.170050621E0
1.077372334E2,7.410000563E-1,1.018305016E1,-2.089500129E-1
1.077396771E2,4.005000114E0,1.371900082E1,2.275050163E0
1.077421208E2,4.371000290E0,1.281705093E1,-6.262050152E0
1.077445644E2,1.026000023E0,9.358950615E0,-1.923000097E0
1.077470081E2,4.539000034E0,1.135395050E1,-2.416050196E0
1.077494518E2,7.182000160E0,1.035495090E1,-6.466950417E0
1.077518955E2,2.290950060E0,7.537050247E0,-5.617050171E0
1.077543389E2,2.413050175E0,1.106400013E1,-4.050000310E-1
1.077567826E2,5.451000214E0,1.096305084E1,-7.690500617E-1
1.077592263E2,1.704000115E0,8.191050529E0,-1.818000078E0
1.077616699E2,2.824050188E0,1.008195019E1,1.252950072E0
1.077641136E2,7.410000324E0,1.160505009E1,-2.488050222E0
1.077665573E2,2.254950047E0,7.341000557E0,-3.805050135E0
1.077690008E2,2.164050102E0,1.160700035E1,1.069050074E0
1.077714445E2,7.149000168E0,1.420500088E1,-2.935950041E0
1.077738882E2,1.897950053E0,9.457050323E0,-2.838000059E0
1.077763319E2,-1.600500047E-1,1.165305042E1,-1.180500090E-1
1.077787755E2,3.415950060E0,1.355205059E1,-2.351999998E0
1.077812192E2,4.703999996E0,9.321000099E0,-7.024950504E0
1.077836629E2,1.669500023E-1,9.072000504E0,-6.190050125E0
1.077861066E2,3.097050190E0,1.159995079E1,-2.445000172E0
1.077885503E2,5.170950413E0,1.097505093E1,-3.028950214E0
1.077909937E2,1.098000050E0,9.076950073E0,-1.186050057E0
1.077934374E2,3.009000063E0,1.128900051E1,1.461000085E0
1.077958811E2,5.713950157E0,9.787950516E0,-4.210050106E0
1.077983247E2,1.225050092E0,7.051050186E0,-3.106050253E0
1.078007684E2,3.004050255E0,1.050105095E1,1.300500035E-1
1.078032121E2,5.329050064E0,8.787000656E0,-3.454950094E0
1.078056556E2,1.101000071E0,5.896950245E0,-2.554950237E0
1.078080995E2,1.549500078E-1,8.445000648E0,2.259000063E0
1.078105429E2,2.905950069E0,9.927000046E0,1.356000066E0
1.078129866E2,3.385050058E0,5.112000465E0,-3.273000240E0
1.078154303E2,2.563050032E0,7.015050411E0,-5.779500008E-1
1.078178739E2,7.347000122E0,9.975000381E0,-1.207050085E0
1.078203176E2,3.793950081E0,7.173000336E0,-4.477950096E0
1.078227613E2,-7.950000167E-1,7.021950245E0,-4.870500267E-1
1.078252048E2,2.070000172E0,1.118805027E1,-1.030500084E-1
1.078276485E2,2.128050089E0,5.452050209E0,-5.148000240E0
1.078300922E2,0.000000000E0,6.357000351E0,-2.506950140E0
1.078325358E2,6.094950199E0,8.065950394E0,-2.980950117E0
1.078349795E2,5.278950214E0,6.414000511E0,-5.538000107E0
1.078374232E2,-1.008000016E0,6.429000378E0,-1.078050017E0
1.078398668E2,-1.860000134E0,9.177000046E0,4.452000141E0
1.078423103E2,4.488000393E0,7.128000259E0,-1.104000092E0
1.078447540E2,3.978000164E0,2.755950212E0,-6.484050274E0
1.078471977E2,2.980050087E0,7.804950237E0,-2.758950233E0
1.078496413E2,8.566050529E0,7.389000416E0,-5.131050110E0
1.078520851E2,2.455950022E0,4.767000198E0,-6.060000420E0
1.078545287E2,-1.948950052E0,7.147050381E0,1.126049995E0
1.078569724E2,3.772950172E0,6.145950317E0,-9.850500226E-1
1.078594161E2,3.835050106E0,2.701050043E0,-6.613050461E0
1.078618595E2,2.286000013E0,5.907000065E0,-1.003950000E0
1.078643032E2,9.006000519E0,4.681050301E0,-2.944950104E0
1.078667469E2,3.739050150E0,4.638000011E0,-6.280950069E0
1.078691905E2,-2.872950077E0,6.655950546E0,6.019500494E-1
1.078716342E2,1.615050077E0,7.681050301E0,2.730000019E0
1.078740779E2,7.987050533E0,4.800000191E0,-7.420050144E0
1.078765216E2,1.113000035E0,6.727950096E0,-5.305950165E0
1.078789653E2,6.064050198E0,1.084095097E1,1.540500075E-1
1.078814088E2,6.640950203E0,8.035050392E0,-4.116000175E0
1.078838525E2,7.290000319E-1,9.784950256E0,-1.486950040E0
1.078862962E2,1.396950126E0,1.132500076E1,2.760000229E-1
1.078887398E2,4.884000301E0,8.830050468E0,-6.027000427E0
1.078911835E2,3.382050276E0,7.279050350E0,-8.079000473E0
1.078936272E2,7.788000584E0,8.868000031E0,-7.897050381E0
1.078960706E2,1.030695057E1,8.631000519E0,-1.064100075E1
1.078985143E2,7.605000585E-2,7.438950539E0,-6.196950436E0
1.079009580E2,-1.036949992E0,9.475950241E0,2.128950119E0
1.079034017E2,4.807050228E0,9.325950623E0,-1.525950074E0
1.079058453E2,2.881950140E0,4.836000443E0,-6.096000195E0
1.079082890E2,2.391000032E0,8.539950371E0,-1.305000067E0
1.079107327E2,8.607000351E0,8.224050522E0,-3.577950239E0
1.079131761E2,4.857000351E0,4.084949970E0,-6.847950459E0
1.079156198E2,6.405000389E-2,8.689050674E0,8.290500641E-1
1.079180635E2,4.644000053E0,8.605050087E0,1.132950068E0
1.079205072E2,4.873950005E0,4.237950325E0,-3.633000135E0
1.079229508E2,3.715050220E0,8.155050278E0,8.205000311E-2
1.079253945E2,1.123800087E1,9.595950127E0,-3.810000181E0
1.079278382E2,5.812950134E0,5.775000095E0,-7.909050465E0
1.079302817E2,-8.230500221E-1,9.313950539E0,-1.018050075E0
1.079327254E2,3.916050196E0,1.227495098E1,-1.012950063E0
1.079351691E2,5.583000183E0,7.702050209E0,-7.243050575E0
1.079376128E2,1.315950036E0,8.014050484E0,-4.377000332E0
1.079400564E2,5.287950039E0,1.076505089E1,-2.730000019E0
1.079425001E2,7.018950462E0,9.915000916E0,-6.156000137E0
1.079449438E2,2.872050047E0,9.805050850E0,-5.203050137E0
1.079473874E2,3.102000237E0,1.205805016E1,-1.084950089E0
1.079498309E2,6.861000538E0,9.742050171E0,-6.142050266E0
1.079522746E2,2.676000118E0,8.023050308E0,-3.283050060E0
1.079547183E2,7.350000381E0,1.252395058E1,-3.790500164E-1
1.079571619E2,8.575950623E0,9.952950478E0,-6.577950478E0
1.079596056E2,2.049000025E0,8.064000130E0,-3.084000111E0
1.079620493E2,3.076050043E0,1.228005028E1,1.500000060E-2
1.079644928E2,6.235950470E0,9.891000748E0,-2.980950117E0
1.079669365E2,3.394050121E0,6.838050365E0,-5.464050293E0
1.079693802E2,1.953000069E0,8.767950058E0,-2.076000214E0
1.079718238E2,8.500950813E0,1.044105053E1,-1.525950074E0
1.079742674E2,3.751050234E0,6.654000282E0,-4.498950005E0
1.079767111E2,2.287950039E0,9.304050446E0,5.640000105E-1
1.079791546E2,8.032050133E0,1.180395031E1,-1.465950012E0
1.079815985E2,2.808000088E0,6.795000553E0,-4.984950066E0
1.079840420E2,1.168050051E0,9.301950455E0,2.239500135E-1
1.079864857E2,8.473050117E0,1.132995033E1,-2.389950037E0
1.079889294E2,4.761000156E0,7.306950569E0,-6.199050426E0
1.079913730E2,7.060500383E-1,9.460050583E0,-1.819950104E0
1.079938167E2,3.729000092E0,1.100595093E1,-1.609500051E-1
1.079962604E2,6.397050381E0,8.989950180E0,-5.584050179E0
1.079987038E2,9.739500284E-1,7.338000298E0,-4.213950157E0
1.080011475E2,2.683050156E0,1.107795048E1,1.234050035E0
1.080035912E2,6.279000282E0,1.095405006E1,-2.601000071E0
1.080060348E2,1.108050108E0,6.268050194E0,-3.139050245E0
1.080084785E2,2.719050169E0,8.524050713E0,-1.521000028E0
1.080109222E2,5.881950378E0,7.968000412E0,-7.071000099E0
1.080133659E2,1.351950049E0,5.161950111E0,-5.874000072E0
1.080158094E2,3.475950241E0,7.566000462E0,-2.304000139E0
1.080182531E2,7.471950531E0,7.923000336E0,-4.621050358E0
1.080206968E2,2.713950157E0,4.753050327E0,-3.568050146E0
1.080231404E2,-3.010500073E-1,6.694050312E0,2.377950191E0
1.080255841E2,2.013000011E0,7.372050285E0,1.689000130E0
1.080280278E2,3.033000231E0,1.992000103E0,-4.143000126E0
1.080304712E2,-6.010500193E-1,3.117000103E0,2.760000229E-1
1.080329149E2,3.579000235E0,6.891000271E0,2.292000055E0
1.080353586E2,5.307000160E0,3.045000076E0,-4.435050011E0
1.080378022E2,1.069500074E-1,5.518950462E0,-1.849500090E-1
1.080402459E2,2.575050116E0,9.345000267E0,1.069050074E0
1.080426896E2,3.289050102E0,6.952950478E0,-3.718950272E0
1.080451331E2,1.279950023E0,9.168000221E0,-2.023950100E0
1.080475768E2,5.263950348E0,1.071900082E1,-2.554950237E0
1.080500204E2,7.816950321E0,9.982050896E0,-1.000095081E1
1.080524641E2,1.170000076E0,9.175050735E0,-7.044000149E0
1.080549078E2,2.845950127E0,1.180095100E1,-1.404000044E0
1.080573514E2,5.592000484E0,1.142505074E1,-7.774950504E0
1.080597951E2,2.044049978E0,8.992950439E0,-3.493950129E0
1.080622386E2,3.696000099E0,1.312995052E1,1.098000050E0
1.080646823E2,6.186000347E0,1.343205070E1,-3.955950260E0
1.080671260E2,2.451000214E0,1.104195023E1,-2.422950029E0
1.080695697E2,1.837950110E0,1.306995106E1,-8.940000534E-1
1.080720133E2,3.514050245E0,1.210305023E1,-1.660050035E0
1.080744570E2,2.785950184E0,1.085595036E1,-3.616050243E0
1.080769005E2,2.317050219E0,1.243800068E1,-4.819500148E-1
1.080793444E2,7.563000202E0,9.924000740E0,-4.720050335E0
1.080817878E2,5.568000317E0,8.950050354E0,-1.057395077E1
1.080842315E2,8.230500221E-1,7.675950527E0,-4.672049999E0
1.080866751E2,3.088050127E0,8.263050079E0,-1.834950089E0
1.080891188E2,3.391950130E0,7.771950245E0,-5.809050083E0
1.080915625E2,2.070000172E-1,1.549050093E0,7.219500542E-1
1.080940060E2,3.375000238E0,7.726050377E0,4.078050137E0
1.080964497E2,4.612950325E0,4.434000015E0,-1.564050078E0
1.080988934E2,1.498050094E0,3.187050104E0,-3.979500234E-1
1.081013370E2,1.972050071E0,6.534000397E0,1.393950105E0
1.081037807E2,3.628950119E0,6.115050316E0,-1.321950078E0
1.081062244E2,9.090000391E-1,4.582950115E0,1.540500075E-1
1.081086678E2,-7.200000435E-2,1.027905083E1,1.852050066E0
1.081111115E2,1.845000029E0,1.104195023E1,2.656050205E0
1.081135552E2,2.094000101E0,9.583950043E0,1.621950030E0
1.081159988E2,1.363950014E0,1.119300079E1,-8.599500656E-1
1.081184425E2,8.911050797E0,1.436295033E1,-3.442950249E0
1.081208862E2,3.253050089E0,9.790050507E0,-7.894050598E0
1.081233299E2,5.146950245E0,1.116900063E1,-4.678950310E0
1.081257734E2,6.354000092E0,1.436295033E1,-9.286050797E0
1.081282171E2,4.050000191E0,1.283100033E1,-7.150050163E0
1.081306608E2,-2.340000123E-1,1.150005054E1,-1.471050024E0
1.081331044E2,3.772950172E0,1.309200096E1,-1.495050073E0
1.081355481E2,3.751050234E0,1.036500072E1,-6.276000500E0
1.081379918E2,2.206950188E0,9.766050339E0,-9.820500612E-1
1.081404355E2,9.873000145E0,1.368300056E1,-3.895950079E0
1.081428789E2,5.535000324E0,1.039095020E1,-7.729050159E0
1.081453226E2,1.837950110E0,8.539950371E0,-1.641000032E0
1.081477663E2,2.781000137E0,1.530405045E1,-1.870050073E0
1.081502099E2,1.302000046E0,1.061400032E1,-3.628050089E0
1.081526536E2,-2.370000184E-1,8.169000626E0,-1.315050006E0
1.081550973E2,2.592000008E0,1.133700085E1,1.785000086E0
1.081575408E2,9.574050903E0,7.039050102E0,-3.271050215E0
1.081599844E2,6.373050213E0,8.215050697E0,-3.328950167E0
1.081624281E2,5.494050026E0,1.084095097E1,-4.800000042E-2
1.081648718E2,6.583050251E0,8.884950638E0,-3.961050272E0
1.081673155E2,7.170000076E-1,8.171999931E0,-1.558950067E0
1.081697589E2,5.556000233E0,1.227105045E1,-1.063950062E0
1.081722026E2,9.310950279E0,1.008000088E1,-8.278050423E0
1.081746463E2,2.173050165E0,8.143050194E0,-5.424000263E0
1.081770899E2,9.900000691E-1,1.024005032E1,-7.690500617E-1
1.081795336E2,2.604000092E0,1.069500065E1,-3.960000277E-1
1.081819773E2,2.748000145E0,7.591950417E0,-1.372050047E0
1.081844210E2,7.219500542E-1,6.555000305E0,-7.950000465E-3
1.081868645E2,2.937000036E0,8.227050781E0,1.698000073E0
1.081893082E2,4.591050148E0,5.971050262E0,-3.369000196E0
1.081917519E2,6.480000019E-1,5.305950165E0,-8.895000070E-2
1.081941955E2,2.293050051E0,8.761050224E0,1.600050092E0
1.081966392E2,2.572950125E0,5.563950062E0,-2.670000076E0
1.081990829E2,-6.705000252E-2,4.207050323E0,-6.060000062E-1
1.082015264E2,-2.659500241E-1,8.855999947E0,5.982000351E0
1.082039700E2,1.182000041E0,2.320050001E0,-1.606950045E0
1.082064137E2,-7.050000131E-3,1.669050097E0,-9.730500579E-1
1.082088574E2,1.855050087E0,4.807950020E0,9.970500469E-1
1.082113011E2,6.112050056E0,1.438950062E0,-5.823000431E0
1.082137448E2,1.390050054E0,-4.399500191E-1,-3.910050154E0
1.082161882E2,1.825950146E0,4.690050125E0,4.396950245E0
1.082186319E2,5.677950382E0,7.137000561E0,-1.897050142E0
1.082210756E2,1.012050033E0,3.424050093E0,-3.154050112E0
1.082235192E2,2.989950180E0,8.470950127E0,1.105050087E0
1.082259629E2,6.564000130E0,5.100000381E0,-7.546950340E0
1.082284066E2,2.122950077E0,6.226950169E0,-5.931000233E0
1.082308501E2,4.156050205E0,1.065900040E1,-3.976950169E0
1.082332937E2,9.718050003E0,5.251050472E0,-8.184000015E0
1.082357374E2,3.457050085E0,7.252050400E0,-1.049700069E1
1.082381810E2,8.989500403E-1,7.426950455E0,-7.284000397E0
1.082406247E2,8.592000008E0,8.167050362E0,-6.592050076E0
1.082430684E2,7.057950497E0,3.862050295E0,-1.021005058E1
1.082455119E2,-6.079500318E-1,9.436050415E0,-3.289950132E0
1.082479556E2,7.668000221E0,8.988000870E0,1.879500151E-1
1.082503993E2,6.616950512E0,6.474000454E0,-3.558000088E0
1.082528429E2,-1.789500117E-1,9.607950211E0,-1.990050077E0
1.082552866E2,3.976050138E0,8.466000557E0,-1.504050016E0
1.082577303E2,3.550050259E0,7.180050373E0,-4.066050053E0
1.082601737E2,1.486050129E0,1.002000046E1,-1.753050089E0
1.082626174E2,6.528000355E0,1.171995068E1,-2.329500169E-1
1.082650611E2,6.286950111E0,1.029300022E1,-5.541000366E0
1.082675047E2,1.378050089E0,9.450000763E0,-1.758000135E0
1.082699484E2,3.057000160E0,1.347300053E1,2.845050097E0
1.082723919E2,4.251000404E0,1.129095078E1,-5.256000042E0
1.082748358E2,1.333050013E0,8.590950012E0,-2.188950062E0
1.082772793E2,4.867050171E0,1.263195038E1,-1.135050058E0
1.082797230E2,5.263950348E0,1.232595062E1,-6.259050369E0
1.082821666E2,1.849950075E0,8.779950142E0,-4.285950184E0
1.082846103E2,4.105050087E0,1.088205051E1,-4.483050346E0
1.082870540E2,7.279950142E0,1.014705086E1,-6.618000507E0
1.082894974E2,2.860050201E0,8.635950089E0,-5.541000366E0
1.082919411E2,4.435950279E0,1.036005020E1,-7.399500608E-1
1.082943848E2,7.705950260E0,9.285000801E0,-4.324950218E0
1.082968284E2,1.612950087E0,5.719950199E0,-4.018050194E0
1.082992721E2,2.647050142E0,6.603000164E0,-7.020000219E-1
1.083017156E2,6.769950390E0,9.216000557E0,-5.509950161E0
1.083041593E2,4.669950008E0,3.322950125E0,-9.007950783E0
1.083066030E2,1.159950018E0,5.322000027E0,-3.127050161E0
1.083090467E2,5.305050373E0,8.706000328E0,-1.786950111E0
1.083114903E2,3.792000294E0,6.280050278E0,-4.480050087E0
1.083139340E2,-5.820000172E-1,8.038050652E0,2.050050020E0
1.083163774E2,4.560000420E0,8.812950134E0,7.549500465E-1
1.083188211E2,6.765000343E0,4.669050217E0,-5.151000023E0
1.083212648E2,1.623000026E0,9.510000229E0,-5.017050266E0
1.083237084E2,9.229050636E0,8.248050690E0,-6.939000130E0
1.083261521E2,5.152050018E0,6.184050083E0,-1.157895088E1
1.083285958E2,-2.224050045E0,7.183050156E0,-6.108000278E0
1.083310393E2,3.400950193E0,6.924000263E0,-3.139500022E-1
1.083334830E2,9.816000938E0,3.892950296E0,-5.701050282E0
1.083359267E2,3.064050198E0,4.633050442E0,-2.956950188E0
1.083383703E2,4.893000126E0,8.068950653E0,2.962950230E0
1.083408140E2,8.655000687E0,6.939000130E0,-3.544050217E0
1.083432574E2,1.998000145E0,6.625050545E0,-2.833050251E0
1.083457011E2,6.070500016E-1,1.033800030E1,9.490500689E-1
1.083481448E2,4.548000336E0,8.755949974E0,-5.716050148E0
1.083505885E2,8.280000687E-1,7.164000511E0,-4.413000107E0
1.083530321E2,4.138950348E0,1.059195042E1,-1.720050097E0
1.083554758E2,8.046000481E0,9.192000389E0,-8.452050209E0
1.083579195E2,1.467000127E0,7.923000336E0,-4.381950378E0
1.083603630E2,-1.200000048E-1,1.167705059E1,2.232000113E0
1.083628066E2,2.046000004E0,1.063305092E1,4.395000264E-2
1.083652502E2,1.759050131E0,8.301000595E0,-1.897050142E0
1.083676939E2,-4.950000439E-3,9.022050858E0,6.829500198E-1
1.083701376E2,3.933000088E0,1.095405006E1,-1.156949997E0
1.083725811E2,2.587050200E0,9.663000107E0,-6.685050488E0
1.083750248E2,2.460000068E-1,8.610000610E0,-2.078999996E0
1.083774684E2,1.864050031E0,1.093200016E1,-1.708050132E0
1.083799121E2,1.849950075E0,9.164999962E0,-3.088950157E0
1.083823558E2,9.000000544E-3,7.180050373E0,7.960500121E-1
1.083847994E2,8.970000148E-1,1.073595047E1,2.680050135E0
1.083872429E2,3.234000206E0,1.141800022E1,2.040000111E-1
1.083896866E2,9.310500622E-1,7.441050529E0,-5.940000415E-1
1.083921303E2,1.549500078E-1,9.175050735E0,-3.640500307E-1
1.083945739E2,3.808050156E0,1.133700085E1,-1.489500105E-1
1.083970176E2,1.395000100E0,7.237950325E0,-2.938050032E0
1.083994611E2,-6.460500360E-1,9.610950470E0,-1.329000115E0
1.084019047E2,4.654050350E0,1.285695076E1,9.750000238E-1
1.084043484E2,1.512000084E0,9.244050026E0,-3.331050158E0
1.084067921E2,4.869000435E0,1.158600044E1,-3.409950256E0
1.084092357E2,6.150000095E0,1.196700096E1,-1.067895031E1
1.084116794E2,1.333050013E0,9.253950119E0,-4.750950336E0
1.084141229E2,2.062950134E0,1.075305080E1,-2.050050020E0
1.084165666E2,5.827050209E0,1.150395012E1,-6.241950512E0
1.084190103E2,3.163950205E0,8.329950333E0,-7.297950268E0
1.084214539E2,1.222950101E0,9.076950073E0,-2.530950069E0
1.084238976E2,6.574050426E0,1.027395058E1,-6.208950520E0
1.084263411E2,5.109000206E0,5.988000393E0,-1.209600067E1
1.084287848E2,-1.200000048E-1,1.038195038E1,-3.669000149E0
1.084312285E2,3.412950277E0,1.101105022E1,-8.530500531E-1
1.084336721E2,5.616000175E0,6.511950493E0,-6.841050148E0
1.084361158E2,2.926950216E0,9.907050133E0,-2.823000193E0
1.084385592E2,8.271000862E0,9.261000633E0,-3.736050129E0
1.084410029E2,7.785000324E0,5.839950085E0,-8.400000572E0
1.084434466E2,9.859500527E-1,8.515950203E0,-5.899950504E0
1.084458903E2,8.044050217E0,9.892950058E0,-4.183050156E0
1.084483339E2,9.588000298E0,6.646050453E0,-8.445000648E0
1.084507776E2,-1.399950027E0,8.064000130E0,-4.867950439E0
1.084532213E2,4.687050343E0,9.850050926E0,-2.539499998E-1
1.084556648E2,1.055100060E1,5.041950226E0,-8.629050255E0
1.084581085E2,2.190000117E-1,6.555000305E0,-6.898050308E0
1.084605521E2,2.415000200E0,8.971050262E0,9.405000508E-2
1.084629958E2,6.811050415E0,6.697050095E0,-2.929050207E0
1.084654395E2,1.474050045E0,7.398000240E0,-1.972950101E0
1.084678829E2,-4.570500255E-1,7.663950443E0,2.740050077E0
1.084703266E2,3.799050093E0,7.771950245E0,-3.120000064E-1
1.084727703E2,2.158950090E0,6.298950195E0,-4.095000267E0
1.084752139E2,8.710500598E-1,8.746050835E0,5.830500126E-1
1.084776576E2,5.635050297E0,7.915050507E0,-4.485000134E0
1.084801013E2,1.680000067E0,4.603950024E0,-3.940950155E0
1.084825448E2,-1.494000077E0,8.317950249E0,2.371050119E0
1.084849885E2,-8.860500455E-1,8.607000351E0,1.393950105E0
1.084874321E2,8.010000587E-1,4.635000229E0,-1.900500059E-1
1.084898758E2,6.105000153E-2,6.453000069E0,-1.423050046E0
1.084923195E2,1.227000117E0,7.276050568E0,3.022950172E0
1.084947630E2,1.768950105E0,7.240050316E0,2.982000113E0
1.084972067E2,2.202000141E0,5.137950420E0,1.800000109E-2
1.084996503E2,5.056050301E0,6.292050362E0,-1.461000085E0
1.085020940E2,4.881000042E0,6.433050156E0,-7.447050571E0
1.085045374E2,7.770000100E-1,5.314950466E0,-2.923950195E0
1.085069811E2,2.547000170E0,8.428050041E0,-2.838000059E0
1.085094248E2,3.889950275E0,7.288050175E0,-7.317000389E0
1.085118684E2,-7.009500265E-1,4.932000160E0,-6.010500193E-1
1.085143121E2,4.060500264E-1,6.619950294E0,3.034050226E0
1.085167558E2,2.266950130E0,6.916950226E0,-1.453950047E0
1.085191995E2,3.769500256E-1,3.850050211E0,-3.400500119E-1
1.085216430E2,3.184050083E0,7.357950211E0,4.555050373E0
1.085240867E2,6.853950500E0,8.416049957E0,-1.693050027E0
1.085265303E2,3.282000065E0,6.304050446E0,-3.252000093E0
1.085289740E2,9.499500394E-1,1.099005032E1,3.228000164E0
1.085314175E2,3.373050213E0,1.136595058E1,-4.030050278E0
1.085338611E2,1.414050102E0,8.803950310E0,-5.100000381E0
1.085363048E2,1.845000029E0,1.130295086E1,-2.397000074E0
1.085387485E2,7.651050568E0,1.125795078E1,-8.148000717E0
1.085411921E2,2.116050005E0,9.654000282E0,-4.756050110E0
1.085436358E2,-1.024950027E0,1.087995052E1,1.299000025E0
1.085460793E2,1.672950029E0,1.201200104E1,7.410000563E-1
1.085485230E2,3.355950117E0,9.481050491E0,-4.687950134E0
1.085509667E2,1.615050077E0,9.723000526E0,-3.051000118E0
1.085534103E2,4.998000145E0,1.234200096E1,-2.778000116E0
1.085558540E2,6.186000347E0,1.123605061E1,-8.256000519E0
1.085582975E2,1.696950078E0,1.012500095E1,-4.674000263E0
1.085607411E2,3.961950302E0,1.213905048E1,-1.770000100E0
1.085631848E2,4.684950352E0,9.342000008E0,-5.095950127E0
1.085656285E2,1.690050125E0,8.437050819E0,-1.144950032E0
1.085680722E2,6.406050205E0,1.305105019E1,-9.289500713E-1
1.085705156E2,5.755050182E0,9.040950775E0,-6.142050266E0
1.085729593E2,1.548000097E0,8.808000565E0,-4.126049995E0
1.085754030E2,3.520950079E0,1.112100029E1,-3.015000105E0
1.085778466E2,8.736000061E0,9.084000587E0,-7.750950336E0
1.085802903E2,3.130950212E0,7.093950272E0,-1.005195045E1
1.085827338E2,2.560950041E0,1.078605080E1,-2.032950163E0
1.085851775E2,7.579050541E0,9.985950470E0,-2.833050251E0
1.085876212E2,8.899500370E-1,8.310000420E0,-3.690000057E0
1.085900648E2,2.815050125E0,1.057305050E1,-5.419500470E-1
1.085925085E2,8.995050430E0,8.005949974E0,-6.478950500E0
1.085949522E2,2.947050095E0,6.850050449E0,-8.755949974E0
1.085973956E2,2.865000248E0,1.011300087E1,-2.803950071E0
1.085998393E2,8.947050095E0,9.844950676E0,-3.994050264E0
1.086022830E2,1.969950080E0,9.670050621E0,-3.252000093E0
1.086047266E2,-2.167050123E0,1.147095013E1,2.263950109E0
1.086071703E2,3.835050106E0,1.193100071E1,-1.270500124E-1
1.086096138E2,6.259950161E0,7.111050129E0,-1.037700081E1
1.086120575E2,1.222950101E0,7.329000473E0,-7.143000126E0
1.086145011E2,7.207950115E0,7.578000546E0,-7.248000145E0
1.086169447E2,4.813950062E0,4.879050255E0,-8.992950439E0
1.086193884E2,-5.959500074E-1,5.526000500E0,-4.602000237E0
1.086218319E2,7.819500566E-1,4.027050018E0,-2.158050060E0
1.086242756E2,5.005950451E0,3.493050098E0,-3.244950056E0
1.086267192E2,3.781950235E0,9.049500227E-1,-3.798000097E0
1.086291629E2,5.905950069E0,2.539950132E0,2.223000050E0
1.086316066E2,8.170949936E0,1.450950027E0,1.590000093E-1
1.086340500E2,1.467000127E0,5.295000225E-2,-1.236000061E0
1.086364937E2,-1.459950089E0,3.172050238E0,-8.170500398E-1
1.086389373E2,1.354050040E0,2.077950001E0,1.387050033E0
1.086413810E2,2.371950150E0,-1.612950087E0,1.323000073E0
1.086438247E2,1.587000132E0,-1.041000009E0,-2.625000238E0
1.086462684E2,5.085000038E0,1.017000079E0,-2.337000132E0
1.086487119E2,6.568950176E0,2.470500171E-1,-3.372000217E0
1.086511556E2,1.735050082E0,2.956950188E0,-6.715950489E0
1.086535992E2,2.902950048E0,5.205000401E0,-8.589000702E0
1.086560429E2,2.221050024E0,5.473050117E0,-5.620050430E0
1.086584863E2,-3.570000231E-1,8.397000313E0,1.468950033E0
1.086609300E2,-6.199500561E-1,1.215600014E1,4.561950207E0
1.086633737E2,1.278000116E0,6.934050560E0,5.434050083E0
1.086658173E2,4.350000322E-1,5.008950233E0,-7.549500465E-1
1.086682610E2,4.920000136E-1,1.110195065E1,-2.143050194E0
1.086707045E2,2.547000170E0,1.232595062E1,4.216950417E0
1.086731481E2,2.764950037E0,7.659000397E0,2.673000097E0
1.086755918E2,2.809950113E0,1.150200081E1,-3.276000261E0
1.086780355E2,1.350105095E1,1.327395058E1,-4.570950031E0
1.086804791E2,3.732000113E0,8.446949959E0,-1.014300060E1
1.086829228E2,3.430050135E0,1.294605064E1,-3.760050297E0
1.086853663E2,5.451000214E0,1.537395096E1,-7.971000195E0
1.086878100E2,1.915050149E0,1.067400074E1,-2.880000174E-1
1.086902536E2,9.859500527E-1,1.342005062E1,-2.400000021E-2
1.086926973E2,5.734050274E0,1.713795090E1,5.127000332E0
1.086951408E2,2.370000124E0,1.186605072E1,-2.610000074E-1
1.086975845E2,2.065050125E0,9.931050301E0,1.030050039E0
1.087000282E2,6.562050343E0,1.319700050E1,-4.546950340E0
1.087024718E2,3.672000170E0,9.313950539E0,-1.060005093E1
1.087049155E2,1.122000098E0,7.317000389E0,-5.218050480E0
1.087073589E2,3.909000158E0,1.221795082E1,-3.964950085E0
1.087098026E2,2.824050188E0,9.216000557E0,-4.030050278E0
1.087122463E2,1.990950108E0,7.972950459E0,7.005000114E-2
1.087146899E2,8.109000206E0,1.152405071E1,-1.068000078E0
1.087171336E2,4.282950401E0,8.068950653E0,-4.975950241E0
1.087195771E2,2.353049994E0,8.931000710E0,1.390050054E0
1.087220208E2,5.704950333E0,1.327095032E1,-5.220000148E-1
1.087244645E2,2.710050106E0,9.019050598E0,-2.044950008E0
1.087269081E2,1.004999995E0,9.782999992E0,5.805000290E-2
1.087293518E2,6.093000412E0,1.201200104E1,-2.632050037E0
1.087317952E2,8.025000572E0,9.745050430E0,-9.858000755E0
1.087342389E2,2.134950161E0,9.586950302E0,-8.835000038E0
1.087366825E2,3.892050266E0,1.364295101E1,-2.755950212E0
1.087391262E2,4.359000206E0,1.299105072E1,-4.729050159E0
1.087415697E2,3.630000055E-1,1.168905067E1,-4.789500237E-1
1.087440136E2,2.812050104E0,1.150905037E1,8.170500398E-1
1.087464571E2,5.935050488E0,1.177500057E1,-6.558000088E0
1.087489008E2,4.165050030E0,8.478000641E0,-5.953050137E0
1.087513444E2,6.259950161E0,1.042200089E1,-4.662000179E0
1.087537881E2,7.855050564E0,1.187595081E1,-6.240000248E0
1.087562316E2,1.234950066E0,1.035795021E1,-2.443050146E0
1.087586752E2,1.363950014E0,9.964950562E0,1.983000040E0
1.087611189E2,6.307950497E0,1.390395069E1,-2.707950115E0
1.087635625E2,3.142950058E0,7.137000561E0,-8.821050644E0
1.087660062E2,2.809950113E0,8.296050072E0,-3.718950272E0
1.087684497E2,9.483000755E0,1.154505062E1,-7.273950577E0
1.087708934E2,4.089000225E0,6.988950253E0,-7.846950531E0
1.087733370E2,1.239000082E0,9.951000214E0,-1.617000103E0
1.087757807E2,6.547950268E0,9.322950363E0,-7.639500499E-1
1.087782242E2,5.653950214E0,6.618000507E0,-5.131050110E0
1.087806679E2,3.562050104E0,8.818050385E0,-2.995950222E0
1.087831116E2,9.552000046E0,9.133950233E0,-1.498950124E0
1.087855552E2,3.661950111E0,6.972000122E0,-5.842950344E0
1.087879989E2,-3.589500189E-1,7.305000305E0,2.508000135E0
1.087904426E2,-4.330500066E-1,1.163400078E1,4.312950134E0
1.087928861E2,1.680000067E0,8.236050606E0,1.366050124E0
1.087953297E2,2.290500104E-1,6.097950459E0,-1.597050071E0
1.087977734E2,-3.160500228E-1,9.772950172E0,-8.650500178E-1
1.088002170E2,3.054000139E0,1.110900021E1,3.433950186E0
1.088026605E2,1.965000153E0,7.338000298E0,-1.783950090E0
1.088051042E2,5.329500437E-1,8.377950668E0,-3.271050215E0
1.088075479E2,1.777950048E0,9.772950172E0,6.570000052E-1
1.088099915E2,1.872000098E0,5.587950230E0,1.251000047E0
1.088124352E2,-5.029500127E-1,5.743950367E0,-2.782950163E0
1.088148789E2,9.690000415E-1,9.309000015E0,2.164950132E0
1.088173224E2,1.570050120E0,5.344050407E0,3.765000105E0
1.088197661E2,-2.560500205E-1,2.623950243E0,-3.364050150E0
1.088222097E2,7.060500383E-1,8.253000259E0,-1.308000088E0
1.088246534E2,2.032050133E0,9.481050491E0,2.026050091E0
1.088270968E2,2.479500175E-1,3.250950098E0,-8.205000311E-2
1.088295405E2,7.290000319E-1,8.446949959E0,1.042050004E0
1.088319842E2,2.638050079E0,1.348905087E1,2.857050180E0
1.088344278E2,1.078950047E0,6.811950207E0,8.700000644E-1
1.088368713E2,8.350500464E-1,7.911000252E0,9.439500570E-1
1.088393150E2,1.768950105E0,8.992950439E0,1.746000051E0
1.088417587E2,5.736000061E0,3.646050215E0,-1.140000105E0
1.088442023E2,1.056795025E1,7.465050220E0,-9.211050034E0
1.088466460E2,7.516950130E0,5.217000484E0,-1.588395119E1
1.088490895E2,4.330500066E-1,6.354000092E0,-1.495995045E1
1.088515332E2,7.099500299E-1,1.083600044E1,-9.076950073E0
1.088539768E2,5.266950130E0,7.519950390E0,-6.202050209E0
1.088564205E2,2.335950136E0,5.593050480E0,-7.519050121E0
1.088588642E2,2.944050074E0,1.029300022E1,9.109500647E-1
1.088613076E2,7.809000492E0,6.631950378E0,1.195950031E0
1.088637513E2,4.618050098E0,7.120950222E0,-3.805050135E0
1.088661949E2,5.238000393E0,9.498000145E0,-3.577950239E0
1.088686386E2,1.096995068E1,6.088950157E0,-4.758000374E0
1.088710823E2,8.748000145E0,3.727950096E0,-7.411050320E0
1.088735260E2,8.398050308E0,8.004000664E0,-1.223805046E1
1.088759695E2,1.598100090E1,5.716950417E0,-1.392300034E1
1.088784131E2,5.698050499E0,7.281000137E0,-1.223295021E1
1.088808568E2,1.984050035E0,1.072905064E1,-1.422300053E1
1.088833005E2,1.400595093E1,7.690050602E0,-1.030095005E1
1.088857439E2,9.655050278E0,4.123050213E0,-8.806950569E0
1.088881876E2,2.484000206E0,9.511950493E0,-4.867950439E0
1.088906312E2,1.005795002E1,9.031050682E0,-3.261000156E0
1.088930749E2,8.319000244E0,7.444050312E0,-3.070050240E0
1.088955184E2,5.089499950E-1,1.003395081E1,8.820000291E-1
1.088979621E2,5.470499992E-1,9.781050682E0,4.018949986E0
1.089004057E2,5.737950325E0,7.906050205E0,1.717950106E0
1.089028494E2,3.567000151E0,9.490950584E0,-2.446950197E0
1.089052931E2,1.003800011E1,1.144500065E1,-1.293000102E0
1.089077368E2,5.710050106E0,7.378950119E0,-8.457000732E0
1.089101802E2,6.480000019E-1,6.904950142E0,5.320500135E-1
1.089126239E2,2.880000114E0,1.107600021E1,9.829500318E-1
1.089150675E2,2.755050182E0,1.016805077E1,-6.312000275E0
1.089175112E2,4.560000300E-1,3.451950073E0,8.680500388E-1
1.089199547E2,-9.019500613E-1,6.958050251E0,-1.092000008E0
1.089223984E2,1.543950081E0,1.083600044E1,2.164950132E0
1.089248420E2,1.096050024E0,6.687000275E0,2.469000101E0
1.089272857E2,1.840050101E0,7.755000591E0,-7.140000463E-1
1.089297291E2,3.667050123E0,9.196050644E0,2.356950045E0
1.089321728E2,2.464950085E0,6.442950249E0,1.830000043E0
1.089346164E2,2.857950211E0,1.076505089E1,1.393950105E0
1.089370601E2,4.231950283E0,1.349895096E1,3.130050182E0
1.089395038E2,1.990950108E0,9.574950218E0,2.890950203E0
1.089419473E2,8.539500237E-1,1.140405083E1,-2.509950161E0
1.089443910E2,5.145000458E0,1.458405113E1,6.589500308E-1
1.089468346E2,3.751050234E0,1.112400055E1,-3.949050188E0
1.089492783E2,7.390500307E-1,1.147095013E1,-2.028000116E0
1.089517220E2,6.250950336E0,1.360905075E1,5.130000114E-1
1.089541654E2,3.214950085E0,1.207395077E1,-7.509000301E0
1.089566091E2,9.930000305E-1,1.131300068E1,-1.300500035E-1
1.089590527E2,3.516000271E0,1.231395054E1,-2.613000154E0
1.089614964E2,3.399000168E0,1.110900021E1,-5.116950035E0
1.089639398E2,5.329500437E-1,8.878050804E0,8.530500531E-1
1.089663835E2,6.535950184E0,1.066905022E1,2.830500007E-1
1.089688272E2,5.755050182E0,1.014900017E1,-5.701050282E0
1.089712708E2,1.879050136E0,7.690050602E0,-7.470000386E-1
1.089737143E2,3.933000088E0,1.000605011E1,-9.529500604E-1
1.089761580E2,3.753000259E0,9.766050339E0,-4.573950291E0
1.089786017E2,7.579500079E-1,4.504050255E0,-1.423050046E0
1.089810453E2,1.669950128E0,7.630050182E0,3.054000139E0
1.089834890E2,3.876000166E0,9.369000435E0,-1.971000075E0
1.089859325E2,2.134950161E0,4.807950020E0,-3.111000061E0
1.089883761E2,4.345050335E0,8.880000114E0,-9.970500469E-1
1.089908198E2,6.550050259E0,7.087050438E0,-7.332000256E0
1.089932635E2,1.785000086E0,6.016950130E0,-5.317950249E0
1.089957071E2,3.319500089E-1,1.029300022E1,-1.305000067E0
1.089981506E2,4.546050072E0,6.703950405E0,-2.692050219E0
1.090005943E2,3.730500042E-1,5.602950096E0,-3.247050047E0
1.090030379E2,6.480000019E-1,6.517050266E0,7.020000219E-1
1.090054816E2,1.005300045E1,5.590950489E0,-4.789050102E0
1.090079253E2,5.980050087E0,2.446950197E0,-1.000395012E1
1.090103687E2,-3.520500064E-1,6.520050526E0,-3.958050251E0
1.090128124E2,7.192050457E0,7.494000435E0,-2.115000010E0
1.090152561E2,2.932050228E0,6.157950401E0,-4.321950436E0
1.090176997E2,-1.297950029E0,9.304050446E0,1.468950033E0
1.090201432E2,6.753000259E0,7.561050415E0,-2.155050039E0
1.090225869E2,6.817950249E0,5.404050350E0,-8.392050743E0
1.090250305E2,3.160050154E0,9.505050659E0,-4.735949993E0
1.090274742E2,8.803050041E0,1.049595070E1,-3.847950220E0
1.090299177E2,6.042000294E0,1.029300022E1,-4.963950157E0
1.090323614E2,-2.110500038E-1,1.214100075E1,3.360000253E-1
1.090348050E2,3.234000206E0,1.396095085E1,4.605000094E-2
1.090372487E2,5.800950050E0,1.058700085E1,-8.059950829E0
1.090396921E2,2.238000154E0,1.014000034E1,-6.736050129E0
1.090421358E2,5.749950409E0,1.154295063E1,-6.874050140E0
1.090445794E2,5.428950310E0,1.054395008E1,-7.303050518E0
1.090470232E2,1.093050003E0,1.076505089E1,-2.004000187E0
1.090494668E2,2.611050129E0,1.045095062E1,1.167000055E0
1.090519105E2,7.321050167E0,9.910050392E0,-2.791950226E0
1.090543540E2,4.675050259E0,9.499950409E0,-3.184950113E0
1.090567977E2,8.788949966E0,1.212195015E1,-5.970000029E-1
1.090592413E2,9.607050896E0,1.103295040E1,-5.803950310E0
1.090616850E2,2.002950191E0,9.225000381E0,-3.706950188E0
1.090641284E2,1.965000153E0,1.122000027E1,1.890000105E0
1.090665721E2,4.419000149E0,9.832950592E0,-1.803000093E0
1.090690157E2,1.713000059E0,3.460050106E0,-5.212950230E0
1.090714594E2,2.869950056E0,4.990050316E0,-3.136950254E0
1.090739031E2,7.651050568E0,5.473050117E0,-3.628050089E0
1.090763466E2,5.061000347E0,4.354950428E0,-4.564050198E0
1.090787903E2,4.920000136E-1,3.997950077E0,1.303050041E0
1.090812339E2,3.480000257E0,7.543950558E0,2.685000181E0
1.090836776E2,2.001000166E0,4.606950283E0,-4.429500103E-1
1.090861210E2,5.980500579E-1,2.329950094E0,1.549950123E0
1.090885647E2,4.572000027E0,6.984000206E0,2.002950191E0
1.090910084E2,2.391000032E0,2.830050230E0,1.420500129E-1
1.090934520E2,-3.210000098E-1,2.787000179E0,8.440500498E-1
1.090958955E2,-1.776000142E0,4.942050457E0,2.617950201E0
1.090983392E2,3.214950085E0,1.482000113E0,5.010000467E-1
1.091007828E2,2.242950201E0,1.113000035E0,-2.787000179E0
1.091032265E2,3.472950220E0,6.402000427E0,2.359050035E0
1.091056700E2,6.315000534E0,1.012095070E1,-9.100500345E-1
1.091081136E2,1.930950046E0,6.144000053E0,-2.536050081E0
1.091105573E2,-1.290000081E-1,9.586950302E0,3.390000165E-1
1.091130010E2,3.744000196E0,1.030005074E1,-3.499050140E0
1.091154444E2,7.390500307E-1,6.373050213E0,-2.998050213E0
1.091178881E2,5.884050369E0,8.755949974E0,-2.476050138E0
1.091203318E2,7.663050175E0,1.043700027E1,-1.079895020E1
1.091227754E2,3.745950222E0,6.453000069E0,-8.620050430E0
1.091252191E2,1.852050066E0,1.115700054E1,-3.273000240E0
1.091276626E2,5.809950352E0,1.031895065E1,-4.485000134E0
1.091301063E2,3.703050137E0,7.663950443E0,-4.842000008E0
1.091325499E2,1.318050027E0,9.984000206E0,1.912050128E0
1.091349936E2,8.101050377E0,1.276395035E1,-2.340000153E0
1.091374370E2,3.355950117E0,8.569050789E0,-6.003000259E0
1.091398807E2,1.507950068E0,9.354000092E0,-5.010000467E-1
1.091423244E2,4.941000462E0,1.162905025E1,-4.918050289E0
1.091447680E2,3.154950142E0,7.171050549E0,-5.239050388E0
1.091472117E2,2.827050209E0,1.040805054E1,-2.020500153E-1
1.091496552E2,9.021000862E0,1.271595097E1,-3.706950188E0
1.091520989E2,6.222000122E0,8.638050079E0,-7.588050365E0
1.091545425E2,-6.510000229E-1,1.130595016E1,-2.002050161E0
1.091569862E2,1.464000106E0,1.031895065E1,-2.182049990E0
1.091594297E2,4.930950165E0,5.446950436E0,-8.143050194E0
1.091618733E2,1.138950109E0,3.282000065E0,-5.866050243E0
1.091643170E2,3.217050076E0,5.406000137E0,-2.490000129E-1
1.091667607E2,8.271000862E0,4.434000015E0,-3.850050211E0
1.091692041E2,3.415950060E0,3.700950146E0,-1.368000031E0
1.091716478E2,3.124050140E0,5.533050060E0,2.614950180E0
1.091740915E2,4.957950115E0,8.169000626E0,6.795000285E-2
1.091765351E2,2.635050058E0,6.376050472E0,1.167000055E0
1.091789788E2,-8.830500245E-1,1.025505066E1,1.387050033E0
1.091814223E2,4.039500058E-1,1.043205070E1,2.137050152E0
1.091838660E2,1.158000112E0,7.317000389E0,1.078050017E0
1.091863096E2,-2.100000158E-2,8.491950035E0,-7.159500122E-1
1.091887533E2,4.714050293E0,9.790050507E0,-3.600000218E-2
1.091911968E2,2.764950037E0,5.491950035E0,-7.164000511E0
1.091936405E2,1.930950046E0,6.883050442E0,-3.601050138E0
1.091960841E2,9.241050720E0,1.092705059E1,-6.618000507E0
1.091985278E2,6.085050106E0,8.164050102E0,-7.933050156E0
1.092009712E2,1.050000042E-1,8.457000732E0,-4.827000141E0
1.092034149E2,4.237050056E0,1.114500046E1,-3.216000080E0
1.092058586E2,5.062950134E0,7.987050533E0,-7.171050549E0
1.092083022E2,1.633950114E0,6.832950115E0,-3.561000109E0
1.092107459E2,8.347949982E0,1.091805077E1,-2.380050182E0
1.092131894E2,7.290000439E0,6.924000263E0,-8.998050690E0
1.092156331E2,5.310000181E-1,8.641050339E0,-1.279050112E0
1.092180767E2,1.483950019E0,1.164105034E1,5.520000458E-1
1.092205204E2,6.828000546E0,7.386000156E0,-4.525950432E0
1.092229638E2,3.190950155E0,7.800000191E0,-5.866050243E0
1.092254075E2,3.400950193E0,9.807000160E0,-9.679500461E-1
1.092278512E2,1.061295033E1,8.241000175E0,-4.954050064E0
1.092302948E2,3.523950100E0,7.690050602E0,-5.977050304E0
1.092327383E2,1.668000102E0,1.046505070E1,1.639500111E-1
1.092351820E2,8.785950661E0,9.037950516E0,-4.083000183E0
1.092376256E2,2.587050200E0,6.781050205E0,-3.907950163E0
1.092400693E2,7.200000286E-1,1.129605007E1,3.051000118E0
1.092425128E2,7.459950447E0,9.757050514E0,-2.412000179E0
1.092449565E2,3.745950222E0,9.046050072E0,-3.694950104E0
1.092474001E2,-2.539499998E-1,1.053000069E1,2.115000010E0
1.092498438E2,2.749500275E-1,1.103295040E1,1.966950059E0
1.092522875E2,2.997000217E0,9.898050308E0,-7.380000353E-1
1.092547309E2,2.034000158E0,8.916000366E0,-1.048950076E0
1.092571746E2,5.089499950E-1,1.138695049E1,-1.392000079E0
1.092596182E2,1.764000058E0,1.084395027E1,6.589500308E-1
1.092620619E2,1.764000058E0,8.989950180E0,7.429500222E-1
1.092645054E2,3.180000186E-1,1.124805069E1,-2.245950222E0
1.092669491E2,1.500000119E0,1.050105095E1,-2.809500098E-1
1.092693927E2,9.210000634E-1,6.211050510E0,2.550000250E-1
1.092718364E2,-8.640000224E-1,7.321950436E0,-1.096950054E0
1.092742801E2,9.760500193E-1,1.037895012E1,2.326050043E0
1.092767236E2,7.750500441E-1,6.724950314E0,8.010000587E-1
1.092791672E2,-4.740000367E-1,4.992000103E0,1.549950123E0
1.092816109E2,1.893000126E0,7.978050232E0,2.704050064E0
1.092840545E2,2.166000128E0,5.856000423E0,1.983000040E0
1.092864980E2,1.081050038E0,4.732950211E0,-1.510500014E-1
1.092889417E2,9.660000801E0,7.008000374E0,-3.313950062E0
1.092913853E2,3.487950087E0,4.824000359E0,-1.464900112E1
1.092938290E2,-2.989500165E-1,7.333950520E0,-1.050195026E1
1.092962725E2,2.511000156E0,6.550950527E0,-1.049205017E1
1.092987162E2,3.025950193E0,5.409000397E0,-1.059000015E1
1.093011599E2,2.845950127E0,8.008950233E0,-3.115050077E0
1.093036035E2,5.101050377E0,9.838050842E0,2.746950150E0
1.093060469E2,5.353050232E0,7.591950417E0,7.410000563E-1
1.093084906E2,1.960050106E0,1.006095028E1,3.187950134E0
1.093109342E2,9.190950394E0,1.125300026E1,1.630950093E0
1.093133779E2,1.178400040E1,7.168050289E0,-1.022400093E1
1.093158214E2,2.202000141E0,8.394000053E0,-1.407195091E1
1.093182651E2,6.025950432E0,1.077195072E1,-1.056195068E1
1.093207087E2,9.172050476E0,1.020195007E1,-9.942000389E0
1.093231524E2,-6.439500451E-1,9.522000313E0,-8.424000740E0
1.093255958E2,3.342000246E0,1.157400036E1,-1.389000058E0
1.093280395E2,7.534050465E0,9.943050385E0,-2.091000080E0
1.093304832E2,2.986950159E0,1.046505070E1,-2.056950092E0
1.093329268E2,4.234950066E0,1.324500084E1,5.710500479E-1
1.093353703E2,8.559000015E0,1.222800064E1,-4.344000340E0
1.093378140E2,2.563050032E0,1.063095093E1,-5.707950115E0
1.093402577E2,-4.309500158E-1,1.271595097E1,1.726950049E0
1.093427013E2,2.002950191E0,1.329300022E1,1.759500057E-1
1.093451450E2,2.322000027E0,9.490950584E0,-2.986050129E0
1.093475885E2,3.705000132E-2,1.110705090E1,1.450500041E-1
1.093500322E2,3.403950214E0,1.256805038E1,2.058000088E0
1.093524758E2,2.599050045E0,1.015905094E1,-3.204000235E0
1.093549195E2,1.168050051E0,8.611950874E0,-1.576050043E0
1.093573630E2,4.294950008E0,1.054005051E1,6.349500418E-1
1.093598066E2,4.018949986E0,9.004950523E0,-5.857050419E0
1.093622503E2,1.444950104E0,2.947050095E0,-9.105000645E-2
1.093646940E2,7.489050388E0,5.595000267E0,-4.756050110E0
1.093671374E2,5.965950489E0,5.751000404E0,-8.857050896E0
1.093695811E2,6.739500165E-1,2.923050165E0,-9.409500360E-1
1.093720248E2,2.544000149E0,4.570950031E0,1.642950058E0
1.093744684E2,6.412950516E0,7.360050201E0,-5.232000351E0
1.093769119E2,1.720950127E0,3.871050119E0,-4.384050369E0
1.093793556E2,5.260500312E-1,4.923000336E0,1.405950069E0
1.093817991E2,2.182950020E0,7.531950474E0,-4.427999973E0
1.093842428E2,4.900500178E-1,5.455950260E0,-4.554000378E0
1.093866863E2,-2.374950171E0,7.561050415E0,6.739500165E-1
1.093891300E2,3.306000233E0,4.765050411E0,-1.120950103E0
1.093915736E2,3.888000250E0,1.896000147E0,-3.783000231E0
1.093940173E2,5.005950451E0,8.752950668E0,1.002000093E0
1.093964608E2,1.059405041E1,5.494950294E0,-2.593050241E0
1.093989045E2,4.857000351E0,6.388050079E0,-5.308950424E0
1.094013481E2,-2.001000166E0,8.657999992E0,-2.493000031E0
1.094037918E2,5.511000156E0,8.931000710E0,-1.630950093E0
1.094062352E2,8.487000465E0,5.755950451E0,-6.795000553E0
1.094086789E2,2.218950033E0,8.763000488E0,-2.421000004E0
1.094111226E2,6.133050442E0,1.137795067E1,-4.410000145E-1
1.094135662E2,5.686050415E0,1.006095028E1,-4.303050041E0
1.094160099E2,6.670500040E-1,1.171800041E1,5.320500135E-1
1.094184534E2,2.980050087E0,1.219905090E1,-2.089500129E-1
1.094208971E2,2.980050087E0,1.053000069E1,-5.545950413E0
1.094233407E2,2.769000053E0,1.112895012E1,-3.115050077E0
1.094257842E2,6.694050312E0,1.222800064E1,-6.879000187E0
1.094282278E2,6.567000389E0,9.004950523E0,-1.044405079E1
1.094306715E2,-1.339500099E-1,9.730050087E0,-6.565950394E0
1.094331152E2,1.905000091E0,1.127205086E1,-1.699500084E-1
1.094355586E2,5.616000175E0,1.002495003E1,-3.982050180E0
1.094380023E2,1.606050134E0,7.582950592E0,-1.813050032E0
1.094404460E2,3.676950216E0,1.134405041E1,4.272000313E0
1.094428896E2,5.728950500E0,1.201905060E1,-6.090000272E-1
1.094453333E2,1.282950044E0,8.133000374E0,-8.620500565E-1
1.094477768E2,2.512950182E0,1.110195065E1,6.070500016E-1
1.094502205E2,5.892000198E0,8.088000298E0,-6.124950409E0
1.094526641E2,1.654050112E0,6.712950230E0,-7.723950386E0
1.094551078E2,9.070500135E-1,1.001505089E1,-2.160000056E-1
1.094575512E2,5.817000389E0,9.952950478E0,-1.483050108E0
1.094599949E2,2.590050220E0,8.619000435E0,-3.336000204E0
1.094624385E2,-4.140000343E-1,1.073595047E1,2.671050072E0
1.094648822E2,2.877000093E0,1.206195068E1,1.327050090E0
1.094673257E2,4.072050095E0,9.067049980E0,-6.846000195E0
1.094697693E2,1.543950081E0,8.215050697E0,-4.006050110E0
1.094722130E2,6.141000271E0,1.075695038E1,-3.690000057E0
1.094746565E2,5.487000465E0,9.414000511E0,-5.875950336E0
1.094771002E2,2.430000156E-1,9.129000664E0,-1.312950015E0
1.094795438E2,4.837950230E0,1.224705029E1,3.340500295E-1
1.094819875E2,5.452950478E0,8.188050270E0,-7.078050137E0
1.094844312E2,1.462050080E0,8.020950317E0,-4.047000408E0
1.094868746E2,8.008049965E0,1.147605038E1,-3.582000256E0
1.094893183E2,6.481050491E0,7.828950405E0,-8.146050453E0
1.094917619E2,-2.320500165E-1,1.087695026E1,-3.520050049E0
1.094942056E2,2.346000195E0,1.144005013E1,2.119500041E-1
1.094966491E2,1.033995056E1,8.251049995E0,-7.954050541E0
1.094990927E2,3.499950171E0,6.931050301E0,-1.167000103E1
1.095015364E2,3.367950201E0,1.127205086E1,-3.325950146E0
1.095039799E2,1.113495064E1,8.221950531E0,-6.958050251E0
1.095064236E2,3.157050133E0,7.474950314E0,-7.369950294E0
1.095088672E2,1.773000121E0,1.073595047E1,-1.791000128E0
1.095113109E2,9.258000374E0,6.388050079E0,-5.254050255E0
1.095137543E2,4.753950119E0,5.358000278E0,-7.810950279E0
1.095161980E2,3.552000284E0,7.104000568E0,-3.214050055E0
1.095186416E2,1.174995041E1,5.497050285E0,-4.296000004E0
1.095210853E2,5.470050335E0,3.757050276E0,-7.381950378E0
1.095235290E2,-1.630050063E0,6.357000351E0,-3.319050074E0
1.095259725E2,6.418050289E0,4.522950172E0,-5.200500488E-1
1.095284162E2,6.811050415E0,7.519500256E-1,-2.830950022E0
1.095308598E2,2.190000117E-1,2.794050217E0,-2.533950090E0
1.095333032E2,4.390050411E0,4.561050415E0,-3.400500119E-1
1.095357469E2,7.450050354E0,2.467950106E0,-1.237950087E0
1.095381905E2,-5.740500093E-1,3.589050055E0,-9.250500202E-1
1.095406342E2,-1.525050044E0,6.201000214E0,3.492000103E0
1.095430779E2,7.849500179E-1,4.159049988E0,3.439050198E0
1.095455214E2,5.205000192E-2,4.836000443E0,-8.580000401E-1
1.095479651E2,-1.579500139E-1,7.444050312E0,-9.199500680E-1
1.095504087E2,1.836000085E0,6.775950432E0,3.568050146E0
1.095528524E2,1.347000122E0,7.246950150E0,7.429500222E-1
1.095552958E2,-7.710000277E-1,1.003395081E1,-3.618000269E0
1.095577394E2,4.639500082E-1,9.208050728E0,5.899500251E-1
1.095601831E2,1.729950070E0,6.661050320E0,1.957050085E0
1.095626266E2,-5.269500017E-1,9.970050812E0,-3.585000277E0
1.095650703E2,2.959500253E-1,1.095900059E1,1.878000140E0
1.095675140E2,1.456950068E0,9.534000397E0,2.365950108E0
1.095699576E2,3.319500089E-1,8.995050430E0,-1.971000075E0
1.095724013E2,5.569500327E-1,1.034805012E1,2.364000082E0
1.095748448E2,2.362050056E0,9.385950089E0,1.543050051E0
1.095772884E2,1.623000026E0,9.277950287E0,-2.929500043E-1
1.095797321E2,1.089105034E1,9.772950172E0,-1.810950041E0
1.095821758E2,5.458050251E0,1.095900059E1,-1.640595055E1
1.095846192E2,1.261050105E0,9.079050064E0,-8.590950012E0
1.095870629E2,3.540000200E0,1.050795078E1,-9.433950424E0
1.095895065E2,6.406050205E0,9.040950775E0,-9.001049995E0
1.095919500E2,1.069050074E0,7.164000511E0,-5.629050255E0
1.095943937E2,4.468950272E0,1.116405010E1,2.469000101E0
1.095968373E2,4.575000286E0,1.147605038E1,3.769500256E-1
1.095992810E2,3.058950186E0,6.888000488E0,2.009999990E0
1.096017245E2,7.924050331E0,1.223205090E1,8.250000477E-1
1.096041682E2,9.124050140E0,1.025205040E1,-7.915950298E0
1.096066118E2,3.499950171E0,9.121950150E0,-1.020495033E1
1.096090552E2,3.471000195E0,1.388895035E1,-6.838950157E0
1.096114989E2,8.560950279E0,9.475950241E0,-7.489950180E0
1.096139426E2,1.065000057E0,1.061595058E1,-6.606000423E0
1.096163862E2,1.138950109E0,1.019700050E1,6.829500198E-1
1.096188299E2,9.315000534E0,8.740950584E0,-1.003950000E0
1.096212734E2,4.942950249E0,5.277000427E0,-7.273950577E0
1.096237171E2,1.624950051E0,9.259050369E0,1.204950094E0
1.096261607E2,6.322050095E0,8.136000633E0,-1.039950013E0
1.096286044E2,2.286000013E0,6.871950150E0,-3.594000101E0
1.096310478E2,-3.810000122E-1,7.330950260E0,-1.293000102E0
1.096334914E2,6.492000103E0,6.213000298E0,-4.258049965E0
1.096359351E2,6.624000549E0,4.824000359E0,-8.950050354E0
1.096383788E2,3.000000119E-2,6.874050140E0,-1.921050072E0
1.096408223E2,5.137050152E0,9.061950684E0,1.378050089E0
1.096432660E2,5.434050083E0,6.184050083E0,-2.598000050E0
1.096457096E2,5.119500160E-1,5.578950405E0,2.224950075E0
1.096481531E2,2.926950216E0,1.073100090E1,2.635050058E0
1.096505968E2,5.905950069E0,4.747950077E0,-5.449950218E0
1.096530404E2,1.632000089E0,4.345950127E0,-6.319050312E0
1.096554841E2,2.125050068E0,7.771950245E0,-2.632050037E0
1.096579275E2,6.708000183E0,6.961950302E0,-4.333950043E0
1.096603712E2,1.471950054E0,6.934050560E0,-3.513000250E0
1.096628148E2,-1.840500087E-1,8.152050018E0,2.481000185E0
1.096652585E2,6.013950348E0,8.727000237E0,-3.570000172E0
1.096677020E2,1.560000062E0,5.116050243E0,-6.256950378E0
1.096701457E2,1.291950107E0,8.368050575E0,-8.910000324E-1
1.096725893E2,8.218950272E0,7.662000179E0,-4.392000198E0
1.096750330E2,2.314050198E0,5.217000484E0,-4.614000320E0
1.096774764E2,-1.180050015E0,8.586000443E0,1.513950109E0
1.096799201E2,3.658050060E0,7.020000458E0,2.206050158E0
1.096823638E2,5.046000004E0,4.683000088E0,-4.099050045E0
1.096848074E2,1.254000068E0,4.932000160E0,-9.919500351E-1
1.096872509E2,5.058000088E0,8.895000458E0,2.170050144E0
1.096896946E2,4.729950428E0,6.358950138E0,-1.626000047E0
1.096921382E2,-7.920000553E-1,6.132000446E0,2.351999998E0
1.096945819E2,-1.138950109E0,9.473999977E0,3.889050245E0
1.096970254E2,1.531950116E0,7.446000576E0,-1.680000126E-1
1.096994690E2,1.399500072E-1,6.859950542E0,-2.131050110E0
1.097019127E2,3.070950031E0,8.374950409E0,-9.730500579E-1
1.097043561E2,5.413050175E0,8.734050751E0,-6.277950287E0
1.097067998E2,9.859500527E-1,7.494000435E0,-3.292950153E0
1.097092435E2,-6.199500561E-1,8.044950485E0,2.986950159E0
1.097116871E2,-4.500000179E-1,1.130295086E1,-3.195000067E-2
1.097141306E2,1.747050047E0,8.734050751E0,3.649500310E-1
1.097165743E2,2.839500010E-1,8.039999962E0,-7.620000243E-1
1.097190179E2,8.040000200E-1,1.457895088E1,7.600500584E-1
1.097214616E2,2.665950060E0,1.299105072E1,2.943000078E0
1.097239051E2,1.546050072E0,9.256050110E0,-1.195050001E0
1.097263487E2,1.249050021E0,1.453995037E1,-1.675950050E0
1.097287924E2,2.982000113E0,1.270905018E1,1.693950057E0
1.097312360E2,1.599000096E0,8.932950020E0,1.540500075E-1
1.097336795E2,1.480500102E-1,1.381500053E1,-4.410000145E-1
1.097361232E2,2.686050177E0,1.383600044E1,4.087950230E0
1.097385668E2,3.484950066E0,8.524050713E0,2.860500216E-1
1.097410103E2,7.693950176E0,9.775950432E0,-8.209950447E0
1.097434540E2,1.074495029E1,1.106400013E1,-1.770405006E1
1.097458976E2,4.347000122E0,8.818050385E0,-1.751205063E1
1.097483413E2,2.203950167E0,1.057500076E1,-6.807000160E0
1.097507850E2,5.133000374E0,1.360395050E1,-5.062050343E0
1.097532284E2,1.645950079E0,9.057000160E0,-1.084950089E0
1.097556721E2,3.820500076E-1,1.028805065E1,2.701950073E0
1.097581157E2,2.559000015E0,1.131495094E1,7.789500356E-1
1.097605592E2,4.936050415E0,4.516050339E0,-7.003950119E0
1.097630029E2,5.158950329E0,9.462000847E0,-1.510950089E0
1.097654465E2,1.250505066E1,8.397000313E0,-4.284000397E0
1.097678902E2,6.780000210E0,6.069000244E0,-8.494950294E0
1.097703337E2,-2.149950027E0,1.239795017E1,-4.225950241E0
1.097727774E2,6.744000435E0,9.679950714E0,-4.867950439E0
1.097752210E2,1.102005005E1,6.778050423E0,-1.141905022E1
1.097776647E2,1.840500087E-1,7.495950222E0,-8.533950806E0
1.097801082E2,7.467000484E0,8.215050697E0,-2.163000107E0
1.097825518E2,1.092000008E1,6.460050106E0,-5.632050037E0
1.097849955E2,-5.220000148E-1,6.064950466E0,-4.839000225E0
1.097874392E2,3.412950277E0,7.210950375E0,-9.559500217E-1
1.097898826E2,1.018005085E1,3.085950136E0,-6.862950325E0
1.097923263E2,7.030500174E-1,4.647000313E0,-6.391050339E0
1.097947699E2,7.630500197E-1,7.326000214E0,2.014950037E0
1.097972134E2,8.341050148E0,6.577050209E0,-7.710000277E-1
1.097996571E2,3.459000111E0,6.517050266E0,-1.417950034E0
1.098021007E2,-1.720950127E0,9.903000832E0,3.322050095E0
1.098045444E2,3.516000271E0,9.129000664E0,1.287000060E0
1.098069881E2,4.251000404E0,5.820000172E0,-5.613000393E0
1.098094315E2,1.060050011E0,9.498000145E0,-2.089500129E-1
1.098118751E2,5.422050476E0,9.997950554E0,-1.708050132E0
1.098143188E2,4.065000057E0,8.053950310E0,-3.108000040E0
1.098167623E2,1.519500017E-1,9.433050156E0,9.490500689E-1
1.098192060E2,4.879500270E-1,1.001295090E1,2.161050081E0
1.098216496E2,1.615050077E0,8.855999947E0,1.059000015E0
1.098240933E2,1.093050003E0,9.369000435E0,-1.930050135E0
1.098265368E2,3.622050285E0,1.283100033E1,1.069050074E0
1.098289804E2,6.118950367E0,1.117905045E1,-5.364000320E0
1.098314241E2,1.741950035E0,8.039999962E0,-2.833050251E0
1.098338678E2,8.869500160E-1,1.086300087E1,5.100000277E-2
1.098363112E2,2.779050112E0,1.375995064E1,9.229500294E-1
1.098387549E2,2.434050083E0,8.248050690E0,5.059500337E-1
1.098411985E2,-2.989500165E-1,8.337000847E0,-1.999950051E0
1.098436422E2,8.590500355E-1,1.479195023E1,1.210050106E0
1.098460856E2,1.894950032E0,1.131795025E1,3.400950193E0
1.098485293E2,7.939500213E-1,7.309950352E0,-6.300000101E-2
1.098509728E2,5.077050209E0,1.178895092E1,1.119000077E0
1.098534165E2,6.880050182E0,8.502000809E0,-6.514950275E0
1.098558601E2,1.357050061E0,6.148050308E0,-4.717050076E0
1.098583038E2,5.416950226E0,1.010400009E1,-1.006605053E1
1.098607475E2,2.623050213E0,6.511950493E0,-1.207695103E1
1.098631909E2,2.295000106E-2,4.432050228E0,-2.947950125E0
1.098656345E2,2.844000101E0,9.736950874E0,7.360500097E-1
1.098680782E2,2.698050022E0,4.980000019E0,-3.022050142E0
1.098705217E2,2.046000004E0,4.152000427E0,1.713000059E0
1.098729654E2,4.081050396E0,1.012500095E1,3.832050085E0
1.098754090E2,5.287950039E0,5.479950428E0,-2.071950197E0
1.098778527E2,1.809000134E0,6.328050137E0,-1.119000077E0
1.098802962E2,3.117000103E0,9.412050247E0,-1.695000008E-2
1.098827399E2,8.968050003E0,4.089000225E0,-8.425950050E0
1.098851835E2,2.977950096E0,5.109000206E0,-8.650950432E0
1.098876272E2,3.114000082E0,7.222950459E0,-6.216000080E0
1.098900706E2,9.652950287E0,3.583950281E0,-8.764050484E0
1.098925142E2,-3.850500286E-1,5.764950275E0,-7.222050190E0
1.098949579E2,7.750500441E-1,5.695950508E0,-2.617050171E0
1.098974014E2,1.095105076E1,4.935000420E0,-4.375050068E0
1.098998451E2,6.769950390E0,2.104050159E0,-8.485950470E0
1.099022887E2,1.042950034E0,7.164000511E0,-3.180000067E0
1.099047324E2,1.016505051E1,5.206950188E0,-2.536050081E0
1.099071759E2,3.688950062E0,4.956000328E0,-5.509950161E0
1.099096195E2,1.669500023E-1,8.124000549E0,-1.183050036E0
1.099120632E2,9.634050369E0,5.077950478E0,-4.044000149E0
1.099145066E2,6.775050163E0,4.513050079E0,-1.024800014E1
1.099169503E2,1.004999995E0,8.569050789E0,-3.682950258E0
1.099193940E2,9.387000084E0,8.167050362E0,-2.661000013E0
1.099218376E2,9.025950432E0,7.743000507E0,-8.056950569E0
1.099242811E2,9.300000221E-2,1.165500069E1,-3.835950136E0
1.099267248E2,6.271950245E0,1.196895027E1,-3.256950140E0
1.099291684E2,8.805000305E0,8.536050797E0,-9.034049988E0
1.099316121E2,1.006950021E0,1.117200089E1,-6.256950378E0
1.099340556E2,2.559000015E0,1.218405056E1,2.329500169E-1
1.099364992E2,5.913000107E0,1.091505051E1,-3.309000254E0
1.099389429E2,2.932050228E0,1.106400013E1,-2.566950083E0
1.099413863E2,2.989950180E0,1.207200050E1,1.828050137E0
1.099438300E2,4.690050125E0,1.141305065E1,-2.931000233E0
1.099462736E2,3.016050100E0,9.666000366E0,-2.931000233E0
1.099487173E2,5.953950405E0,1.429095078E1,-7.399500608E-1
1.099511610E2,8.191950798E0,1.413795090E1,-4.423050404E0
1.099536045E2,2.683050156E0,9.859950066E0,-1.734000087E0
1.099560481E2,1.243950009E0,1.285200024E1,8.010000587E-1
1.099584917E2,2.496000051E0,1.590495110E1,1.240950108E0
1.099609352E2,2.968050241E0,1.077195072E1,-2.350500077E-1
1.099633789E2,2.509500086E-1,8.836950302E0,-4.459500313E-1
1.099658225E2,-4.240500331E-1,1.123395061E1,-1.735950112E0
1.099682660E2,1.174950004E0,7.863000393E0,3.259950161E0
1.099707097E2,1.980000138E-1,4.209000111E0,2.608050108E0
1.099731533E2,1.467000127E0,9.594000816E0,-2.305950165E0
1.099755970E2,2.548950195E0,7.060950279E0,2.740050077E0
1.099780407E2,9.190500379E-1,3.984000206E0,2.282999992E0
1.099804842E2,2.982000113E0,9.238950729E0,8.869500160E-1
1.099829278E2,3.322050095E0,9.304050446E0,3.565950155E0
1.099853712E2,8.440500498E-1,4.815000057E0,1.423050046E0
1.099878149E2,-1.072050095E0,8.181000710E0,-2.950500250E-1
1.099902586E2,7.819500566E-1,9.615000725E0,1.888050079E0
1.099927022E2,2.119500041E-1,4.462950230E0,1.074000001E0
1.099951457E2,-3.109500110E-1,6.820950508E0,-3.880500197E-1
1.099975894E2,1.054800034E1,7.273950577E0,-1.666950107E0
1.100000330E2,4.747050285E0,4.036950111E0,-1.531005096E1
1.100024767E2,2.506050110E0,7.978050232E0,-1.220700073E1
1.100049202E2,6.378000259E0,6.880950451E0,-1.418895054E1
1.100073638E2,3.265050173E0,6.529050350E0,-1.136595058E1
1.100098075E2,1.764000058E0,1.034595013E1,-2.188950062E0
1.100122509E2,7.113000393E0,1.072200012E1,2.508000135E0
1.100146946E2,5.785950184E0,8.521050453E0,1.108950019E0
1.100171383E2,1.363950014E0,1.290495014E1,4.167000294E0
1.100195819E2,8.413050652E0,1.181805038E1,-5.869500041E-1
1.100220254E2,7.551000595E0,7.828950405E0,-1.095000076E1
1.100244691E2,1.912050128E0,1.008705044E1,-1.032195091E1
1.100269127E2,5.578050137E0,1.148295021E1,-7.468050480E0
1.100293564E2,3.889950275E0,1.056600094E1,-6.865050316E0
1.100317998E2,4.879500270E-1,1.087500095E1,-4.150500298E-1
1.100342435E2,4.896000385E0,1.301805019E1,2.449500114E-1
1.100366871E2,7.690050602E0,1.243305016E1,-6.312000275E0
1.100391308E2,3.988050222E0,1.120005035E1,-4.015950203E0
1.100415743E2,7.194000244E0,1.512900066E1,-3.108000040E0
1.100440180E2,7.500000477E0,1.196205044E1,-7.152000427E0
1.100464616E2,1.201050043E0,1.138500023E1,-2.554950237E0
1.100489051E2,9.019500613E-1,1.292400074E1,3.361950159E0
1.100513487E2,3.267000198E0,1.281405067E1,-1.461000085E0
1.100537924E2,1.809000134E0,1.003005028E1,-3.280950069E0
1.100562361E2,9.000000358E-2,1.135395050E1,6.090000272E-1
1.100586795E2,3.282000065E0,1.346805096E1,-1.624050021E0
1.100611231E2,2.680950165E0,1.013700008E1,-3.409950256E0
1.100635668E2,9.190500379E-1,8.334000587E0,2.251950026E0
1.100660103E2,4.126950264E0,9.850050926E0,-1.699950099E0
1.100684540E2,3.325050116E0,8.100000381E0,-4.914000034E0
1.100708976E2,1.374000072E0,6.474000454E0,1.500000060E-2
1.100733413E2,7.237050533E0,6.469050407E0,-3.862050295E0
1.100757847E2,4.213050365E0,5.806050301E0,-6.961050510E0
1.100782284E2,-1.395000052E-2,5.634000301E0,-1.645050049E0
1.100806721E2,1.165050030E0,5.559000492E0,3.000000119E-1
1.100831157E2,3.757950068E0,4.492050171E0,-8.006999969E0
1.100855592E2,5.710500479E-1,1.065000057E0,-3.906000137E0
1.100880028E2,4.969500303E-1,3.486000061E0,1.552050114E0
1.100904465E2,-1.120500043E-1,3.814050198E0,-1.540050030E0
1.100928900E2,-5.980500579E-1,1.290000081E0,1.236000061E0
1.100953337E2,-4.800000042E-2,1.755000114E0,3.607050180E0
1.100977773E2,1.000500023E-1,2.172000170E0,2.920050144E0
1.101002210E2,1.708950043E0,7.590000629E-1,1.876050115E0
1.101026644E2,3.946950197E0,2.490000010E0,-4.459500313E-1
1.101051081E2,6.057000160E0,6.481050491E0,6.210000515E-1
1.101075517E2,5.791050434E0,4.573050022E0,2.176950216E0
1.101099954E2,6.379950523E0,4.489050388E0,-1.528050065E0
1.101124388E2,8.760000229E0,8.209950447E0,-1.519500065E1
1.101148825E2,6.490050316E0,2.884950161E0,-1.163205051E1
1.101173262E2,3.523950100E0,5.221950054E0,-1.164405060E1
1.101197697E2,1.029705048E1,5.755950451E0,-1.493595028E1
1.101222134E2,7.800000191E0,5.658000469E0,-1.234500027E1
1.101246570E2,4.399500191E-1,5.575950146E0,-7.813050270E0
1.101271004E2,6.105000153E-2,8.940000534E0,-8.424000740E0
1.101295441E2,1.129050016E0,9.330000877E0,3.916050196E0
1.101319878E2,1.588950038E0,9.417000771E0,5.661000252E0
1.101344314E2,1.773000121E0,1.338900089E1,2.476950169E0
1.101368749E2,3.082950115E0,1.167705059E1,4.118999958E0
1.101393185E2,2.251950026E0,7.096950531E0,4.035000324E0
1.101417622E2,2.086950064E0,1.099200058E1,-3.859950066E0
1.101442059E2,3.339000225E0,1.087995052E1,-8.530500531E-1
1.101466493E2,3.150000095E0,7.687950134E0,3.106050253E0
1.101490930E2,1.078950047E0,8.907000542E0,-3.760500252E-1
1.101515367E2,1.249050021E0,1.346295071E1,-6.610500216E-1
1.101539801E2,2.884050131E0,1.098300076E1,1.998000145E0
1.101564238E2,1.435950041E0,8.944950104E0,-8.050500154E-1
1.101588674E2,4.809000015E0,1.200000095E1,-3.970050097E0
1.101613109E2,1.735050082E0,1.143300056E1,-7.159050465E0
1.101637546E2,4.060500264E-1,1.087500095E1,9.540000558E-1
1.101661982E2,4.084050179E0,1.182495022E1,-2.239050150E0
1.101686419E2,1.951050043E0,1.074105072E1,-4.012950420E0
1.101710854E2,1.381050110E0,9.429000854E0,-1.246050000E0
1.101735290E2,7.024050236E0,1.099200058E1,-4.204950333E0
1.101759727E2,6.073050499E0,1.093695068E1,-7.690950394E0
1.101784161E2,1.618050098E0,9.606000900E0,-2.443050146E0
1.101808598E2,5.109000206E0,1.407600021E1,-2.967000246E0
1.101833035E2,4.564949989E0,1.410000038E1,-3.807000160E0
1.101857471E2,1.110000014E0,9.262950897E0,-1.678950071E0
1.101881906E2,3.837000132E0,8.871000290E0,-4.036950111E0
1.101906343E2,6.471000195E0,9.646050453E0,-9.238050461E0
1.101930779E2,2.803050041E0,6.388050079E0,-5.032950401E0
1.101955214E2,3.540000200E0,6.876000404E0,-3.373950243E0
1.101979651E2,6.528000355E0,7.966050148E0,-6.843000412E0
1.102004087E2,1.065000057E0,5.133000374E0,-1.942050099E0
1.102028524E2,1.396950126E0,5.281950474E0,5.416950226E0
1.102052958E2,3.174000263E0,1.000605011E1,7.789500356E-1
1.102077395E2,3.730500042E-1,2.131050110E0,-1.710000038E0
1.102101832E2,1.606050134E0,3.663000107E0,1.282050014E0
1.102126266E2,7.939050198E0,9.001950264E0,-2.124000072E0
1.102150703E2,8.266950607E0,3.831000090E0,-7.231050491E0
1.102175139E2,2.832000017E0,7.255050182E0,-9.199050903E0
1.102199576E2,7.153050423E0,9.546000481E0,-9.460050583E0
1.102224011E2,1.058205032E1,5.011050224E0,-8.332950592E0
1.102248448E2,3.765000105E0,7.992000580E0,-8.067000389E0
1.102272884E2,8.731050491E0,9.723000526E0,-9.807000160E0
1.102297318E2,8.904000282E0,5.992950439E0,-8.728050232E0
1.102321755E2,-5.740500093E-1,7.518000126E0,-4.441950321E0
1.102346191E2,-1.189950109E0,1.006095028E1,3.006000042E0
1.102370626E2,2.724000216E0,9.996000290E0,4.651050091E0
1.102395063E2,2.785950184E0,7.735950470E0,-7.549500465E-1
1.102419500E2,2.695050240E0,1.261995029E1,-7.570500374E-1
1.102443936E2,7.896000385E0,1.737000084E1,5.853000164E0
1.102468373E2,4.375950336E0,1.154295063E1,-5.220000148E-1
1.102492807E2,2.602050066E0,1.308495045E1,-5.902050495E0
1.102517243E2,4.606050014E0,1.738695145E1,1.387050033E0
1.102541680E2,4.813950062E0,1.289595032E1,1.993050098E0
1.102566115E2,1.225050092E0,1.280895042E1,-2.461950064E0
1.102590551E2,1.249050021E0,1.651605034E1,-1.939500123E-1
1.102614988E2,2.707050085E0,1.182795048E1,2.896050215E0
1.102639423E2,5.119500160E-1,1.044900036E1,-2.826000214E0
1.102663860E2,8.680500388E-1,1.567800045E1,-3.826950073E0
1.102688296E2,2.772000074E0,1.503795052E1,2.376000166E0
1.102712730E2,6.405000389E-2,6.723000526E0,1.536000013E0
1.102737167E2,-1.444050074E0,8.782050133E0,-2.955000162E0
1.102761603E2,1.605000161E-2,1.642005157E1,3.954000235E0
1.102786040E2,-4.159500301E-1,5.559000492E0,2.929500043E-1
1.102810475E2,-1.348050117E0,4.972950459E0,3.390000165E-1
1.102834912E2,-8.260500431E-1,8.859000206E0,7.360500097E-1
1.102859348E2,4.905000329E-2,2.800950050E0,-9.405000508E-2
1.102883785E2,-1.252050042E0,4.204050064E0,-6.469500065E-1
1.102908220E2,1.492950082E0,4.462950230E0,4.605000019E0
1.102932656E2,9.034950256E0,-3.799500167E-1,-4.123050213E0
1.102957093E2,6.208050251E0,-1.026000023E0,-1.660695076E1
1.102981527E2,4.062000275E0,3.967050076E0,-1.390200043E1
1.103005963E2,1.194000006E0,-3.220500052E-1,-1.023105049E1
1.103030400E2,-1.567950130E0,1.414950013E0,-2.517000198E0
1.103054837E2,-1.945950150E0,3.955050230E0,6.757950306E0
1.103079272E2,-9.580500722E-1,3.112050056E0,5.437950134E0
1.103103708E2,1.843050122E0,1.972950101E0,6.700050354E0
1.103128145E2,2.034000158E0,2.479950190E0,6.058050156E0
1.103152580E2,9.912000656E0,4.008000374E0,3.697950125E0
1.103177017E2,1.540200043E1,4.951050282E0,-1.015005016E1
1.103201453E2,2.074995041E1,3.820950270E0,-1.945905113E1
1.103225887E2,1.649100113E1,1.840500087E-1,-2.832705116E1
1.103250324E2,5.772000313E0,3.613050222E0,-3.004200172E1
1.103274760E2,5.643000126E0,7.566000462E0,-2.781300163E1
1.103299197E2,1.121400070E1,7.270950317E0,-2.027505112E1
1.103323632E2,5.644950390E0,6.337950230E0,-1.254195023E1
1.103348068E2,2.452950001E0,1.131495094E1,-1.121100044E1
1.103372505E2,3.787050247E0,1.499805069E1,-4.995000362E0
1.103396940E2,2.359950066E0,1.359000111E1,9.106050491E0
1.103421376E2,1.522050023E0,1.324695110E1,1.933050036E0
1.103445813E2,1.297050118E0,1.195200062E1,4.981050014E0
1.103470247E2,2.025000095E0,8.461050034E0,3.802950144E0
1.103494684E2,3.436950207E0,1.147605038E1,3.529500067E-1
1.103519120E2,6.540000439E0,1.271400070E1,6.307050228E0
1.103543557E2,5.532000065E0,8.208000183E0,2.434050083E0
1.103567992E2,3.526050091E0,8.341950417E0,1.621950030E0
1.103592429E2,5.251950264E0,1.605795097E1,4.002000332E0
1.103616865E2,4.170000076E0,1.164300060E1,3.247950077E0
1.103641300E2,1.038000107E0,6.373050213E0,5.440500379E-1
1.103665737E2,1.314000010E0,1.520595074E1,2.323050022E0
1.103690173E2,1.933950067E0,1.447095108E1,1.876050115E0
1.103714610E2,-1.099500060E-1,7.614000320E0,2.329500169E-1
1.103739044E2,-1.309050083E0,9.687000275E0,-1.569000125E0
1.103763481E2,-1.240500063E-1,1.308705044E1,6.109500527E-1
1.103787917E2,-5.940000415E-1,7.843950272E0,2.266050100E0
1.103812352E2,-2.059050083E0,1.032600021E1,-1.813050032E0
1.103836789E2,6.310500503E-1,9.891000748E0,5.179499984E-1
1.103861225E2,1.539000034E0,7.686000347E0,2.946000099E0
1.103885659E2,4.060500264E-1,9.261000633E0,-1.207050085E0
1.103910096E2,7.219500542E-1,1.153995037E1,1.050000079E-3
1.103934532E2,1.495950103E0,6.852000237E0,3.340950251E0
1.103958969E2,7.560000420E-1,4.882050037E0,5.730000138E-1
1.103983404E2,6.097050190E0,1.273800087E1,1.339050055E0
1.104007840E2,1.582500076E1,7.437000275E0,-1.498200035E1
1.104032277E2,7.833000183E0,1.717050076E0,-1.739505005E1
1.104056712E2,1.155900097E1,7.642050266E0,-2.067000008E1
1.104081148E2,2.710050106E0,5.440050125E0,-1.435695076E1
1.104105585E2,3.220500052E-1,3.205950260E0,-1.456050038E0
1.104130020E2,5.275950432E0,1.110495090E1,2.620050192E0
1.104154456E2,3.403950214E0,8.418000221E0,1.732050061E0
1.104178893E2,-1.360500008E-1,1.309950113E0,1.792050123E0
1.104203330E2,2.341050148E0,5.515950203E0,4.402050018E0
1.104227764E2,4.831050396E0,8.212050438E0,-2.857050180E0
1.104252201E2,-4.639500082E-1,3.402000189E0,-1.189950109E0
1.104276637E2,3.451950073E0,6.631950378E0,4.945050240E0
1.104301072E2,6.697950363E0,1.257495022E1,3.565950155E0
1.104325509E2,3.973950148E0,4.774050236E0,-2.134050131E0
1.104349945E2,7.656000137E0,1.169805050E1,-1.530000091E0
1.104374382E2,1.189200020E1,1.129395008E1,-1.234500027E1
1.104398817E2,4.606050014E0,9.261000633E0,-1.675800133E1
1.104423254E2,3.394050121E0,1.314900017E1,-1.375095081E1
1.104447687E2,7.066950321E0,1.096605015E1,-9.357000351E0
1.104472124E2,-1.429500133E-1,1.110000038E1,-5.059950352E0
1.104496561E2,2.389500141E-1,1.173195076E1,7.171950340E0
1.104520998E2,1.749000072E0,1.727700043E1,5.524950027E0
1.104545432E2,4.567049980E0,1.357995033E1,-6.300000101E-2
1.104569869E2,1.849950075E0,1.073805046E1,-1.650000095E0
1.104594305E2,1.624950051E0,1.645305061E1,-9.340500236E-1
1.104618742E2,4.699050426E0,1.588395119E1,9.229500294E-1
1.104643177E2,3.339000225E0,1.160700035E1,-2.206050158E0
1.104667613E2,2.271000147E0,1.576605034E1,-1.606950045E0
1.104692050E2,3.511950254E0,1.488000107E1,-1.159050107E0
1.104716484E2,8.560500145E-1,1.070505047E1,-6.250500083E-1
1.104740921E2,-2.970000207E-1,1.333605099E1,-1.825050116E0
1.104765358E2,1.711050034E0,1.458105087E1,2.275050163E0
1.104789792E2,1.669500023E-1,9.187050819E0,2.700000070E-2
1.104814229E2,-1.951050043E0,6.687000275E0,-6.090000272E-1
1.104838665E2,-2.953950167E0,7.092000484E0,7.549500465E-1
1.104863102E2,-2.289000034E0,4.234950066E0,1.995000124E0
1.104887537E2,-7.780500650E-1,4.855950356E0,4.200000316E-2
1.104911973E2,2.464950085E0,6.049950123E0,5.151000023E0
1.104936410E2,4.951050282E0,7.947000504E0,3.493950129E0
1.104960844E2,3.184050083E0,4.446000099E0,1.320000052E0
1.104985280E2,3.226950169E0,4.623000145E0,2.632050037E0
1.105009717E2,1.096050024E0,2.160000086E0,9.199500680E-1
1.105034152E2,1.021950006E0,2.250000089E-1,2.565000057E0
1.105058589E2,1.244205093E1,1.554000020E0,-6.400050163E0
1.105083025E2,8.179950714E0,-1.656000137E0,-1.736595154E1
1.105107462E2,-2.629500031E-1,9.550500512E-1,-1.550805092E1
1.105131897E2,-2.080049992E0,1.474950075E0,-1.104105091E1
1.105156333E2,-5.620500445E-1,8.239500523E-1,3.073050261E0
1.105180770E2,-6.100500226E-1,5.460000038E-1,4.951950073E0
1.105205204E2,2.571000099E0,1.017000079E0,3.373950243E0
1.105229641E2,5.623050213E0,2.194950104E0,4.080000222E-1
1.105254077E2,9.394050598E0,1.063050032E0,3.178050041E0
1.105278512E2,1.646895027E1,2.023050070E0,-1.267305088E1
1.105302949E2,2.071200180E1,-4.729500115E-1,-2.537295151E1
1.105327385E2,1.642395020E1,-1.531050086E0,-2.391195107E1
1.105351820E2,9.117000580E0,6.802050114E0,-2.421600151E1
1.105376257E2,1.382400036E1,7.611000538E0,-2.091900063E1
1.105400693E2,4.054950237E0,7.630050182E0,-1.394505024E1
1.105425127E2,2.335950136E0,8.464050293E0,-1.368405056E1
1.105449564E2,4.089000225E0,1.989195061E1,-1.777095032E1
1.105474001E2,2.986950159E0,1.815600014E1,1.186050057E0
1.105498438E2,1.294050097E0,9.625050545E0,6.262050152E0
1.105522872E2,-9.859500527E-1,1.631505013E1,5.956050396E0
1.105547309E2,5.089499950E-1,1.110195065E1,8.127000809E0
1.105571745E2,-1.783950090E0,1.185900021E1,-4.078050137E0
1.105596180E2,-1.690050125E0,1.490895081E1,-5.155050278E0
1.105620617E2,1.921950102E0,1.308195019E1,2.374050140E0
1.105645053E2,3.484950066E0,1.536405087E1,-1.660500020E-1
1.105669490E2,3.234000206E0,2.131395149E1,3.444000244E0
1.105693924E2,1.330050111E0,1.480905056E1,2.841000080E0
1.105718361E2,-1.422000051E0,1.365495110E1,8.577000618E0
1.105742798E2,-5.005950451E0,1.631700134E1,9.439500570E-1
1.105767232E2,-4.534950256E0,1.343400097E1,3.565950155E0
1.105791669E2,-2.506950140E0,8.638050079E0,8.656050682E0
1.105816105E2,2.050500065E-1,6.922050476E0,7.002000332E0
1.105840540E2,2.743050098E0,8.683950424E0,6.505950451E0
1.105864977E2,2.422049999E0,8.317950249E0,6.061050415E0
1.105889413E2,1.833000064E0,7.836000443E0,5.677950382E0
1.105913850E2,4.584000111E0,5.428050041E0,7.339050293E0
1.105938284E2,4.690050125E0,4.999050140E0,2.536050081E0
1.105962721E2,4.134000301E0,7.288050175E0,2.259000063E0
1.105987158E2,4.024050236E0,7.579950333E0,6.873000145E0
1.106011592E2,3.615000248E0,5.470950127E0,3.262050152E0
1.106036028E2,2.050950050E0,5.868000507E0,4.395000264E-2
1.106060465E2,3.319950104E0,1.043205070E1,1.710000038E0
1.106084900E2,2.707050085E0,9.286950111E0,-6.679500341E-1
1.106109337E2,2.295000106E-2,2.671950102E0,-1.240950108E0
1.106133773E2,-2.610000074E-1,5.755950451E0,-1.329000115E0
1.106158210E2,1.455000043E0,1.471305084E1,6.214050293E0
1.106182645E2,1.576950073E0,7.225950241E0,2.020500153E-1
1.106207081E2,9.232050896E0,3.201000214E0,8.053050041E0
1.106231518E2,2.099700165E1,4.171050072E0,-2.394600105E1
1.106255952E2,1.081395054E1,-4.060500264E-1,-4.087095261E1
1.106280388E2,7.297050476E0,4.956000328E0,-3.536595154E1
1.106304825E2,6.994950294E0,4.723950386E0,-2.227905083E1
1.106329260E2,3.667050123E0,5.206950188E0,-1.562805080E1
1.106353696E2,3.322050095E0,6.586950302E0,-5.550000191E0
1.106378133E2,5.844000340E0,1.459305096E1,6.633000374E0
1.106402567E2,2.203950167E0,1.254600048E1,8.616000175E0
1.106427004E2,4.321050167E0,9.733050346E0,3.580050230E0
1.106451440E2,1.096695042E1,1.165500069E1,1.665000081E0
1.106475877E2,6.411000252E0,7.309950352E0,1.660500020E-1
1.106500312E2,3.919050217E0,1.056105042E1,1.428000093E0
1.106524748E2,1.172895050E1,1.041000080E1,-9.847950935E0
1.106549185E2,7.171950340E0,6.589050293E0,-1.545300102E1
1.106573620E2,5.104050159E0,1.081500053E1,-8.806950569E0
1.106598056E2,6.592950344E0,1.126995087E1,-7.453950405E0
1.106622493E2,2.619000196E0,1.071405029E1,-1.270500124E-1
1.106646927E2,1.953000069E0,1.085100079E1,6.280500293E-1
1.106671364E2,3.327000141E0,1.401105022E1,2.140500098E-1
1.106695800E2,4.441050053E0,1.194495010E1,1.279500127E-1
1.106720235E2,9.469500184E-1,6.309000492E0,1.969500035E-1
1.106744671E2,-2.010000050E-1,1.045305061E1,-5.968950272E0
1.106769108E2,1.819050074E0,1.499505043E1,1.230000034E-1
1.106793543E2,2.305050135E0,9.001950264E0,1.645950079E0
1.106817980E2,1.207950115E0,1.052805042E1,6.070500016E-1
1.106842416E2,2.080049992E0,1.328295040E1,-8.460000157E-1
1.106866853E2,1.180050015E0,8.434950829E0,-1.654950023E0
1.106891287E2,-3.004950047E0,1.320195103E1,-3.190500140E-1
1.106915724E2,-3.129000187E0,8.157000542E0,1.729950070E0
1.106940161E2,-5.050500035E-1,3.400500119E-1,2.419050217E0
1.106964595E2,-4.546950340E0,7.012950420E0,1.660050035E0
1.106989031E2,2.910000086E-1,4.219050407E0,4.464000225E0
1.107013468E2,1.632000089E0,2.037000179E0,1.018050075E0
1.107037905E2,1.876050115E0,6.781050205E0,-1.150500029E-1
1.107062339E2,1.309050083E0,1.074795055E1,5.139000416E0
1.107086776E2,2.353049994E0,3.325950146E0,3.061050177E0
1.107111210E2,1.837950110E0,5.938050270E0,2.539050102E0
1.107135647E2,9.550500512E-1,8.727000237E0,3.361950159E0
1.107160084E2,2.769000053E0,4.420050144E0,2.575050116E0
1.107184520E2,3.318000078E0,3.958050251E0,2.440950155E0
1.107208955E2,1.402050018E0,9.297000885E0,5.956050396E0
1.107233391E2,2.251950026E0,9.043050766E0,1.039950013E0
1.107257828E2,8.520000577E-1,6.757050514E0,4.750500321E-1
1.107282263E2,3.259950161E0,1.140195084E1,3.934950113E0
1.107306699E2,1.918905067E1,1.026900005E1,-4.585950375E0
1.107331136E2,2.018100166E1,8.550000191E-1,-2.783895111E1
1.107355570E2,2.641995049E1,4.831950188E0,-4.731195068E1
1.107380007E2,1.464300060E1,6.795000553E0,-5.023695374E1
1.107404444E2,3.370050192E0,7.089000225E0,-3.309000015E1
1.107428878E2,4.006950378E0,9.685050011E0,-2.368995094E1
1.107453314E2,4.651050091E0,1.038405037E1,-9.513000488E0
1.107477751E2,2.688000202E0,8.421000481E0,7.986000538E0
1.107502186E2,1.807050109E0,2.012595177E1,8.548950195E0
1.107526623E2,2.994000196E0,1.495905113E1,7.588050365E0
1.107551059E2,1.201050043E0,4.690050125E0,3.340950251E0
1.107575494E2,2.728950024E0,9.313950539E0,1.536000013E0
1.107599931E2,6.217050076E0,1.491900063E1,6.358050346E0
1.107624367E2,4.186950207E0,9.120000839E0,1.440000057E0
1.107648801E2,2.563050032E0,7.434000492E0,1.524000049E0
1.107673238E2,2.652000189E0,1.186800098E1,4.263000011E0
1.107697674E2,2.631000042E0,9.685050011E0,2.481000185E0
1.107722109E2,1.735050082E0,7.291050434E0,2.517000198E0
1.107746546E2,2.632950068E0,1.109505081E1,2.725950241E0
1.107770983E2,2.857950211E0,8.650050163E0,2.203950167E0
1.107795419E2,1.227000117E0,6.049950123E0,2.094000101E0
1.107819854E2,1.999500096E-1,1.341300106E1,3.820050240E0
1.107844291E2,-1.069950104E0,1.067805004E1,4.849050045E0
1.107868727E2,-1.900950074E0,4.543950081E0,2.650950193E0
1.107893161E2,-4.153950214E0,1.001805019E1,-3.019500077E-1
1.107917598E2,-1.671000123E0,6.306000233E0,2.187000036E0
1.107942034E2,-1.630500108E-1,2.952000141E0,1.681950092E0
1.107966469E2,-2.440500110E-1,8.694000244E0,-1.759950042E0
1.107990906E2,2.467950106E0,1.197105026E1,2.805000067E0
1.108015342E2,2.994000196E0,1.018995094E1,2.314050198E0
1.108039777E2,1.408950090E0,7.774050236E0,-2.289000034E0
1.108064214E2,1.936050057E0,1.046805096E1,-1.867950082E0
1.108088650E2,3.447000265E0,1.200495052E1,2.605950117E0
1.108113084E2,1.303950071E0,1.049895096E1,-3.619500101E-1
1.108137521E2,1.627050042E0,1.263000107E1,9.990000725E-1
1.108161958E2,2.607000113E0,1.236195087E1,3.442050219E0
1.108186394E2,1.141050100E0,8.657999992E0,5.830500126E-1
1.108210829E2,9.379500151E-1,1.295100021E1,-1.369500011E-1
1.108235266E2,2.899050236E0,1.388895035E1,5.292000294E0
1.108259702E2,1.732950091E0,5.571000099E0,3.232950211E0
1.108284137E2,1.918200111E1,6.643950462E0,-4.471050262E0
1.108308574E2,1.998705101E1,8.221950531E0,-4.029900360E1
1.108333010E2,6.430050373E0,6.934050560E0,-3.586200333E1
1.108357444E2,3.100050211E0,1.124805069E1,-1.994700050E1
1.108381881E2,6.100050449E0,1.384395027E1,-8.706000328E0
1.108406317E2,3.210000038E0,8.956950188E0,2.377950191E0
1.108430754E2,2.322000027E0,1.647000122E1,9.078000069E0
1.108455189E2,4.873950005E0,2.024595070E1,6.358050346E0
1.108479625E2,2.377050161E0,1.110705090E1,4.369950294E0
1.108504062E2,3.130500019E-1,8.671950340E0,3.079950094E0
1.108528497E2,-2.400000021E-2,1.552905083E1,-4.234050274E0
1.108552933E2,2.881950140E0,1.171005058E1,1.111950040E0
1.108577370E2,5.398050308E0,6.265950203E0,5.878950119E0
1.108601805E2,5.695050240E0,8.752950668E0,-8.176950455E0
1.108626241E2,7.213050365E0,9.583950043E0,-1.540995026E1
1.108650678E2,1.156050086E0,9.133950233E0,-1.021695042E1
1.108675112E2,8.640000224E-1,8.171999931E0,-4.404000282E0
1.108699548E2,3.190950155E0,1.008195019E1,-3.877050161E0
1.108723985E2,1.749000072E0,7.053000450E0,-1.590000093E-1
1.108748420E2,4.519500136E-1,5.380050182E0,1.120950103E0
1.108772857E2,3.777000189E0,1.014000034E1,2.460000038E0
1.108797293E2,2.245050192E0,4.993950367E0,1.366050124E0
1.108821728E2,-7.849500179E-1,4.669500291E-1,2.140500098E-1
1.108846164E2,3.331950188E0,4.450950146E0,4.600050449E0
1.108870601E2,7.600950241E0,3.819000244E0,-6.703950405E0
1.108895035E2,1.783050060E0,-9.540000558E-1,-6.271050453E0
1.108919472E2,2.614050150E0,3.780000210E0,-5.194050312E0
1.108943908E2,6.598050117E0,5.725050449E0,-7.248000145E0
1.108968343E2,2.050500065E-1,2.653050184E0,-3.475050211E0
1.108992780E2,7.960500121E-1,4.578000069E0,2.740050077E0
1.109017216E2,5.094000340E0,1.008900070E1,-3.079950094E0
1.109041653E2,1.600950122E0,5.028000355E0,-1.557000041E0
1.109066088E2,-5.100000501E-1,4.839000225E0,2.922000170E0
1.109090525E2,4.393050194E0,8.526000023E0,-9.649500251E-1
1.109114961E2,3.205050230E0,5.418000221E0,-4.887000084E0
1.109139395E2,-2.680500150E-1,4.135050297E0,-2.863950253E0
1.109163832E2,5.142000198E0,6.502950191E0,-3.994050264E0
1.109188268E2,8.179950714E0,1.968000054E0,-9.786000252E0
1.109212703E2,1.108050108E0,4.260000288E-1,-8.409000397E0
1.109237139E2,2.599050045E0,5.023050308E0,-2.553000212E0
1.109261576E2,6.964050293E0,4.410000324E0,-2.446950197E0
1.109286011E2,1.744950056E0,2.145000219E0,-2.467050076E0
1.109310447E2,6.619500518E-1,4.353000164E0,1.540050030E0
1.109334884E2,5.422050476E0,7.848000526E0,1.042050004E0
1.109359318E2,2.733000040E0,3.939000130E0,-1.657050133E0
1.109383755E2,6.599999964E-2,3.163050175E0,-7.399500608E-1
1.109408192E2,5.239950180E0,8.878050804E0,-1.438950062E0
1.109432629E2,4.636950016E0,5.980950356E0,-4.231050014E0
1.109457062E2,-5.070000291E-1,5.179050446E0,-3.004950047E0
1.109481499E2,3.490050077E0,8.085000038E0,1.272000074E0
1.109505934E2,4.896000385E0,9.979050636E0,-4.854000092E0
1.109530371E2,6.000000238E-1,5.257950306E0,-4.590000153E0
1.109554807E2,3.610050201E0,6.502950191E0,1.653000116E0
1.109579242E2,4.524000168E0,1.099395084E1,-5.707950115E0
1.109603679E2,2.098950148E0,7.401000500E0,-4.729050159E0
1.109628115E2,1.419000030E0,8.052000046E0,1.110000089E-1
1.109652549E2,4.848000050E0,9.795000076E0,-4.530000210E0
1.109676986E2,2.500950098E0,7.128000259E0,-5.991000175E0
1.109701423E2,2.959500253E-1,7.111050129E0,-9.030000567E-1
1.109725857E2,4.189050198E0,1.022400093E1,-9.199500680E-1
1.109750294E2,5.227950096E0,9.943050385E0,-4.939950466E0
1.109774730E2,1.222950101E0,6.277950287E0,-1.650000095E0
1.109799167E2,-2.749500275E-1,8.281949997E0,2.500500083E-1
1.109823602E2,6.169050217E0,1.310400105E1,4.212000370E0
1.109848038E2,2.338050127E0,9.093000412E0,-4.186050415E0
1.109872475E2,3.370500207E-1,7.360050201E0,-1.875000119E0
1.109896909E2,1.038300037E1,1.229895020E1,-5.007000446E0
1.109921346E2,4.198950291E0,1.036995029E1,-7.975950241E0
1.109945783E2,7.579500079E-1,1.139205074E1,-3.679950237E0
1.109970217E2,8.322000504E0,1.329795074E1,-6.822000504E0
1.109994653E2,7.399950504E0,9.888000488E0,-1.173495102E1
1.110019090E2,5.400000215E-1,9.565050125E0,-4.291050434E0
1.110043525E2,4.110000134E0,1.087200069E1,-3.640500307E-1
1.110067961E2,7.756950378E0,9.891000748E0,-4.219050407E0
1.110092398E2,2.005950212E0,7.870050430E0,-3.616050243E0
1.110116833E2,2.719050169E0,8.919000626E0,-8.670000434E-1
1.110141269E2,9.217050552E0,1.008900070E1,-4.843950272E0
1.110165706E2,6.355950356E0,5.452050209E0,-1.045905018E1
1.110190140E2,1.396950126E0,6.345000267E0,-2.467050076E0
1.110214576E2,6.097050190E0,1.179195023E1,4.390500188E-1
1.110239013E2,4.074000359E0,9.091050148E0,4.200000316E-2
1.110263448E2,1.110000014E0,7.800000191E0,2.218050003E0
1.110287885E2,4.741950035E0,1.387005043E1,5.188950062E0
1.110312321E2,5.259000301E0,1.016805077E1,-2.983950138E0
1.110336756E2,1.921950102E0,6.868950367E0,-5.352000237E0
1.110361192E2,1.215000033E0,9.979050636E0,-2.353950024E0
1.110385628E2,3.885000229E0,1.213200092E1,-3.685050249E0
1.110410065E2,3.022950172E0,1.138005066E1,-2.293950081E0
1.110434500E2,1.294050097E0,1.133895016E1,1.864050031E0
1.110458936E2,7.770000100E-1,1.270395088E1,1.051950097E0
1.110483373E2,3.112050056E0,1.247205067E1,8.029500246E-1
1.110507808E2,3.475950241E0,1.095900059E1,-6.919500232E-1
1.110532244E2,1.785000086E0,1.213395023E1,-1.887000084E0
1.110556681E2,2.382000208E0,1.317105103E1,-1.228950024E0
1.110581115E2,2.044049978E0,1.133400059E1,7.800000161E-2
1.110605552E2,4.129500091E-1,1.095600033E1,-1.120950103E0
1.110629988E2,4.129500091E-1,1.290000057E1,-3.178050041E0
1.110654423E2,1.747050047E0,1.282800102E1,2.232000113E0
1.110678859E2,8.869500160E-1,7.774050236E0,9.229500294E-1
1.110703294E2,-7.900500298E-1,9.517050743E0,-2.146050215E0
1.110727731E2,9.880500436E-1,1.362600040E1,1.629000068E0
1.110752167E2,1.084050059E0,8.308050156E0,2.082000017E0
1.110776602E2,-2.200050116E0,8.097000122E0,-1.708050132E0
1.110801039E2,-4.140000343E0,1.130100060E1,-4.429500103E-1
1.110825475E2,-1.687950134E0,6.382950306E0,3.135000229E0
1.110849911E2,-1.936950088E0,7.137000561E0,2.449500114E-1
1.110874346E2,1.500000060E-1,8.785050392E0,1.753950119E0
1.110898782E2,3.034950256E0,7.815000534E0,4.372950077E0
1.110923219E2,3.937950134E0,6.037950516E0,3.565950155E0
1.110947654E2,3.303000212E0,7.210950375E0,3.255000114E0
1.110972090E2,4.060050011E0,8.512050629E0,5.509950161E0
1.110996527E2,3.283950090E0,4.129950047E0,4.114050388E0
1.111020962E2,2.239950180E0,6.244050503E0,2.299050093E0
1.111045398E2,2.563050032E0,9.402000427E0,6.789000511E0
1.111069835E2,2.428950071E0,5.193000317E0,4.171950340E0
1.111094269E2,1.768950105E0,4.867050171E0,1.015950084E0
1.111118706E2,1.275000095E0,1.071705055E1,2.035950184E0
1.111143142E2,1.481700039E1,6.997950554E0,-1.035300064E1
1.111167577E2,5.737950325E0,1.585050106E0,-2.532705116E1
1.111192014E2,6.670500040E-1,5.191050053E0,-2.851395226E1
1.111216450E2,4.540950298E0,3.943050146E0,-2.374005127E1
1.111240884E2,2.773950100E0,3.505050182E0,-1.679594994E1
1.111265321E2,1.207950115E0,3.991050243E0,-1.128705025E1
1.111289758E2,6.054000378E0,4.285950184E0,-8.437950134E0
1.111314192E2,4.137000084E0,5.305950165E0,-9.340500236E-1
1.111338629E2,-3.709500134E-1,3.828000069E0,2.881050110E0
1.111363065E2,-9.700500369E-1,7.495950222E0,7.078050137E0
1.111387500E2,6.100050449E0,8.977950096E0,2.757000208E0
1.111411936E2,5.431950092E0,4.105950356E0,-2.830500007E-1
1.111436373E2,6.624000549E0,3.328050137E0,-1.425000072E0
1.111460807E2,1.529400063E1,7.438950539E0,-8.218050003E0
1.111485244E2,1.053900051E1,4.755000114E0,-1.213995075E1
1.111509680E2,1.861950040E0,7.840950489E0,-5.851950169E0
1.111534115E2,2.908050060E0,1.213905048E1,6.259500384E-1
1.111558552E2,3.679050207E0,1.202895069E1,2.569500208E-1
1.111582988E2,2.602050066E0,1.047705078E1,3.240000010E-1
1.111607423E2,5.359500051E-1,1.211295033E1,5.590500236E-1
1.111631860E2,1.966950059E0,1.424100113E1,1.485000014E0
1.111656296E2,3.528000116E0,1.062795067E1,1.971000075E0
1.111680730E2,3.957000256E0,1.077405071E1,-1.413000107E0
1.111705167E2,7.326000214E0,1.173405075E1,-9.724050522E0
1.111729604E2,2.662050009E0,1.132005024E1,-1.213500023E1
1.111754040E2,1.050000042E-1,1.098495007E1,-6.799950123E0
1.111778475E2,4.222949982E0,1.288800049E1,-5.052000046E0
1.111802911E2,7.441050529E0,1.348695087E1,-7.590000153E0
1.111827348E2,2.527950048E0,8.445000648E0,-2.538000107E0
1.111851783E2,2.034000158E0,9.306000710E0,3.850950241E0
1.111876219E2,5.865000248E0,1.320705032E1,3.979500234E-1
1.111900654E2,1.780950069E0,8.072999954E0,3.054000139E0
1.111925091E2,9.210000634E-1,6.153000355E0,2.785050154E0
1.111949527E2,2.263950109E0,1.078605080E1,3.112950087E0
1.111973961E2,4.383000374E0,7.990050316E0,8.719500303E-1
1.111998398E2,4.300500154E-1,4.824000359E0,-1.504050016E0
1.112022834E2,3.796950102E0,1.086300087E1,-7.549500465E-1
1.112047269E2,8.455950737E0,1.168395042E1,-7.995000362E0
1.112071706E2,1.327950120E0,7.717050552E0,-3.289950132E0
1.112096142E2,-4.879500270E-1,7.374000549E0,-4.800000042E-2
1.112120577E2,4.170000076E0,1.253205013E1,2.532000065E0
1.112145014E2,2.977950096E0,9.826050758E0,-2.910000086E0
1.112169450E2,-9.795000404E-2,3.960000277E0,-1.309950113E0
1.112193887E2,3.079500198E-1,7.936950207E0,-2.520000041E-1
1.112218322E2,8.532000542E0,1.173405075E1,-1.581000090E0
1.112242758E2,1.876050115E0,6.454950333E0,-2.431050062E0
1.112267192E2,4.275000095E0,8.053950310E0,6.330000162E-1
1.112291629E2,8.407950401E0,1.009200001E1,-7.018050194E0
1.112316066E2,2.755050182E0,7.441050529E0,-5.698950291E0
1.112340500E2,1.474050045E0,8.569050789E0,-7.309500575E-1
1.112364937E2,7.042950153E0,1.227105045E1,-1.344000101E0
1.112389373E2,3.627000093E0,8.269950867E0,-3.297000170E0
1.112413810E2,7.219500542E-1,8.779950142E0,2.596050024E0
1.112438244E2,2.185050011E0,1.246695042E1,3.103950262E0
1.112462681E2,4.266000271E0,9.679950714E0,-4.495050430E0
1.112487118E2,1.804050088E0,6.988950253E0,-4.114050388E0
1.112511553E2,3.327000141E0,1.121205044E1,-4.171050072E0
1.112535989E2,7.885950565E0,1.207695103E1,-6.955950260E0
1.112560423E2,2.899050236E0,9.891000748E0,-5.512050152E0
1.112584860E2,6.499500275E-1,1.176105022E1,1.186050057E0
1.112609296E2,4.939050198E0,1.355595112E1,-4.030500054E-1
1.112633731E2,4.357050419E0,9.697050095E0,-6.211050510E0
1.112658168E2,1.632000089E0,8.485050201E0,-3.355050087E0
1.112682604E2,6.052050114E0,1.167900085E1,-4.557000160E0
1.112707041E2,7.848000526E0,9.678000450E0,-7.594950199E0
1.112731476E2,1.704000115E0,9.160050392E0,-4.545000076E0
1.112755912E2,8.100000024E-2,8.758049965E0,1.416000009E0
1.112780347E2,5.191950321E0,9.892950058E0,-2.078999996E0
1.112804784E2,4.680000305E0,6.912000179E0,-7.710000515E0
1.112829220E2,5.359500051E-1,6.711000443E0,-1.260000110E0
1.112853654E2,4.824000359E0,9.607950211E0,-1.732050061E0
1.112878091E2,5.254950047E0,7.944000244E0,-3.196950197E0
1.112902528E2,1.114950061E0,6.874050140E0,1.920000017E-1
1.112926962E2,1.744950056E0,1.046505070E1,2.407050133E0
1.112951399E2,5.767050266E0,9.538950920E0,-3.099000216E0
1.112975835E2,3.624000072E0,6.441000462E0,-5.200950146E0
1.113000270E2,1.395000100E0,9.723000526E0,-2.956950188E0
1.113024707E2,7.066950321E0,1.086495018E1,-5.740050316E0
1.113049143E2,4.387950420E0,9.012000084E0,-6.393000126E0
1.113073577E2,-7.129500508E-1,1.019505024E1,-6.760500073E-1
1.113098014E2,1.474050045E0,1.116000080E1,2.665950060E0
1.113122451E2,4.969950199E0,9.745050430E0,-4.083000183E0
1.113146885E2,2.215950012E0,8.020950317E0,-6.147000313E0
1.113171322E2,2.086950064E0,9.322950363E0,-1.552050114E0
1.113195758E2,6.871050358E0,1.099905014E1,-4.720050335E0
1.113220193E2,4.085999966E0,8.605050087E0,-4.171050072E0
1.113244630E2,1.096050024E0,9.733050346E0,6.690000296E-1
1.113269066E2,5.785950184E0,1.223205090E1,-1.333950043E0
1.113293501E2,6.652950287E0,8.611950874E0,-5.617050171E0
1.113317937E2,2.650050163E0,7.834050179E0,-4.693050385E0
1.113342374E2,4.036050320E0,1.089195061E1,-1.087050080E0
1.113366811E2,7.600950241E0,1.038405037E1,-4.717050076E0
1.113391245E2,2.170950174E0,8.381999969E0,-3.730950117E0
1.113415681E2,5.569500327E-1,9.970050812E0,3.537000179E0
1.113440116E2,3.982950211E0,1.163400078E1,-6.640500426E-1
1.113464553E2,4.843050003E0,6.723000526E0,-5.854950428E0
1.113488989E2,1.699050069E0,8.265000343E0,-5.457000256E0
1.113513424E2,4.642050266E0,1.004895020E1,-3.357000113E0
1.113537861E2,7.524000168E0,8.047050476E0,-5.449950218E0
1.113562297E2,9.109500647E-1,7.516050339E0,-3.178050041E0
1.113586731E2,1.150950074E0,8.787000656E0,4.009500146E-1
1.113611167E2,8.788949966E0,8.020950317E0,-5.131050110E0
1.113635604E2,6.009000301E0,4.000950336E0,-9.532050133E0
1.113660039E2,1.761000037E0,6.631950378E0,-5.521950245E0
1.113684475E2,6.117000103E0,8.727000237E0,-2.512050152E0
1.113708912E2,5.247000217E0,5.872950077E0,-3.940950155E0
1.113733347E2,-1.339500099E-1,5.197950363E0,5.059500337E-1
1.113757784E2,-2.145000219E0,7.566000462E0,5.113050461E0
1.113782220E2,4.018949986E0,4.783950329E0,2.127000093E0
1.113806654E2,4.093050003E0,1.614000082E0,-5.263050079E0
1.113831091E2,9.349500537E-1,3.370950222E0,-2.970000207E-1
1.113855527E2,5.070000172E0,7.659000397E0,-1.312950015E0
1.113879962E2,4.455000401E0,5.215050220E0,-9.750000238E-1
1.113904398E2,8.059500456E-1,4.852950096E0,9.870000482E-1
1.113928835E2,-9.480000734E-1,9.295050621E0,-5.010000467E-1
1.113953270E2,7.579500079E-1,9.766050339E0,3.111000061E0
1.113977706E2,1.996050119E0,5.425050259E0,9.705000371E-2
1.114002140E2,1.254000068E0,7.333950520E0,-2.152950048E0
1.114026577E2,1.019595051E1,9.535950661E0,-5.821050167E0
1.114051013E2,4.017000198E0,6.802050114E0,-7.822950363E0
1.114075450E2,-1.200000048E-1,8.014050484E0,-1.650000095E0
1.114099885E2,3.576000214E0,1.267800045E1,-7.140000463E-1
1.114124321E2,7.156050205E0,1.151895046E1,-5.023950100E0
1.114148758E2,1.765950084E0,8.392050743E0,-4.231050014E0
1.114173193E2,1.291950107E0,1.222005081E1,6.829500198E-1
1.114197629E2,4.227000237E0,1.250295067E1,-3.321000099E0
1.114222066E2,2.512950182E0,1.017795086E1,-3.793050289E0
1.114246500E2,3.060000241E-1,1.004400063E1,2.260500044E-1
1.114270936E2,3.982950211E0,9.855000496E0,-1.633050084E0
1.114295371E2,6.514050484E0,9.129000664E0,-8.196000099E0
1.114319808E2,2.784000158E0,7.537050247E0,-4.665000439E0
1.114344244E2,4.527000427E0,1.120995045E1,-1.462950110E0
1.114368679E2,7.500000477E0,1.100895023E1,-4.957050323E0
1.114393115E2,2.311950207E0,8.698050499E0,-2.682000160E0
1.114417552E2,1.021950006E0,1.042905045E1,2.434050083E0
1.114441986E2,2.824050188E0,1.167405033E1,-3.720000088E-1
1.114466423E2,4.456950188E0,6.538950443E0,-6.958050251E0
1.114490859E2,1.405050039E0,7.434000492E0,-6.003000259E0
1.114515294E2,4.657950401E0,9.619950294E0,-1.827000141E0
1.114539731E2,6.985950470E0,7.894050598E0,-4.303050041E0
1.114564167E2,3.220500052E-1,8.413050652E0,-8.910000324E-1
1.114588602E2,1.318050027E0,1.178895092E1,3.279000044E0
1.114613039E2,5.764950275E0,1.062300014E1,-2.658000231E0
1.114637475E2,4.299000263E0,7.771950245E0,-6.307050228E0
1.114661909E2,1.074000001E0,1.026195049E1,-3.457950115E0
1.114686345E2,3.526050091E0,1.139205074E1,-2.605050087E0
1.114710782E2,4.768950462E0,1.014495087E1,-5.608050346E0
1.114735217E2,1.021950006E0,9.034049988E0,-1.602000117E0
1.114759653E2,7.699500322E-1,1.056600094E1,3.718950272E0
1.114784090E2,6.057000160E0,9.967050552E0,-4.116000175E0
1.114808524E2,4.038000107E0,8.329950333E0,-5.850000381E0
1.114832961E2,2.688000202E0,1.028100014E1,-2.409000158E0
1.114857398E2,5.425050259E0,1.144695091E1,-2.260950089E0
1.114881832E2,4.144050121E0,8.980950356E0,-3.175050259E0
1.114906268E2,2.310000062E-1,9.358950615E0,-1.849500090E-1
1.114930705E2,3.799050093E0,1.081005096E1,1.284000039E0
1.114955140E2,6.876000404E0,8.353950500E0,-6.658950329E0
1.114979576E2,2.949000120E0,5.746050358E0,-6.040950298E0
1.115004011E2,2.374050140E0,8.812950134E0,-1.887000084E0
1.115028448E2,6.184050083E0,9.187050819E0,-2.128950119E0
1.115052884E2,4.318050385E0,6.337950230E0,-4.573950291E0
1.115077318E2,1.050000042E-1,7.273950577E0,1.039500013E-1
1.115101755E2,3.898950100E0,8.377950668E0,-5.805000290E-2
1.115126191E2,8.089050293E0,5.524050236E0,-7.297950268E0
1.115150628E2,3.214950085E0,3.943050146E0,-8.553000450E0
1.115175063E2,2.269500047E-1,7.720950603E0,-1.741050124E0
1.115199499E2,4.749000072E0,7.021950245E0,-1.420050025E0
1.115223934E2,2.887050152E0,4.378950119E0,-3.265950203E0
1.115248371E2,-4.669500291E-1,7.027050495E0,1.870950103E0
1.115272807E2,3.775050163E0,6.306000233E0,1.681950092E0
1.115297241E2,8.020050049E0,4.887000084E0,-4.600050449E0
1.115321678E2,1.219950080E0,3.735000134E0,-4.186050415E0
1.115346114E2,-1.905000024E-2,7.678050518E0,2.389950037E0
1.115370549E2,4.267950058E0,6.691950321E0,-1.680000126E-1
1.115394985E2,2.568000078E0,5.658000469E0,-1.131000042E0
1.115419422E2,-7.590000629E-1,7.759950161E0,1.524000049E0
1.115443857E2,5.329500437E-1,8.155050278E0,1.174050093E0
1.115468294E2,5.295000076E0,8.899050713E0,-2.184000015E0
1.115492728E2,1.915050149E0,7.204050541E0,-3.229950190E0
1.115517165E2,2.029500157E-1,1.053000069E1,-1.036949992E0
1.115541601E2,2.443950176E0,1.139400101E1,2.662950039E0
1.115566038E2,3.070950031E0,9.529050827E0,5.879999995E-1
1.115590472E2,1.090950012E0,1.070700073E1,-2.068950176E0
1.115614909E2,9.109500647E-1,1.194495010E1,9.540000558E-1
1.115639346E2,4.801950455E0,9.855000496E0,-1.963950038E0
1.115663780E2,6.889500618E-1,9.868950844E0,-4.629000187E0
1.115688216E2,1.600950122E0,1.150695038E1,-1.630500108E-1
1.115712651E2,5.926950455E0,1.062795067E1,-7.071000099E0
1.115737088E2,1.464000106E0,9.028950691E0,-6.616050243E0
1.115761524E2,-4.995000362E-2,9.007050514E0,-6.300000101E-2
1.115785959E2,4.912050247E0,1.057305050E1,-4.360050201E0
1.115810396E2,6.106950283E0,8.611950874E0,-7.542000294E0
1.115834832E2,2.143949986E0,6.478950500E0,-5.017050266E0
1.115859266E2,3.940050125E0,1.135800076E1,-1.228950024E0
1.115883703E2,6.046950340E0,9.892950058E0,-3.367050171E0
1.115908139E2,2.227950096E0,7.093950272E0,-3.568050146E0
1.115932574E2,2.158950090E0,1.207905102E1,1.038000107E0
1.115957011E2,7.681950569E0,1.096800041E1,-4.056000233E0
1.115981447E2,5.829000473E0,7.006050110E0,-7.969050407E0
1.116005882E2,1.407000065E0,1.063995075E1,-2.067000151E0
1.116030319E2,5.872050285E0,1.137300014E1,-4.530000091E-1
1.116054755E2,7.321050167E0,9.541050911E0,-2.923950195E0
1.116079189E2,1.069050074E0,1.023300076E1,-1.720050097E0
1.116103626E2,2.472000122E0,1.187595081E1,-2.809500098E-1
1.116128062E2,8.503950119E0,1.120005035E1,-7.111950397E0
1.116152497E2,4.615050316E0,1.043895054E1,-9.202050209E0
1.116176933E2,-3.370500207E-1,1.176300049E1,-2.434950113E0
1.116201370E2,1.266000032E0,1.324500084E1,7.740000486E-1
1.116225805E2,3.129000187E0,1.309905052E1,-1.228950024E0
1.116250241E2,2.829000235E0,1.169595051E1,-1.297950029E0
1.116274678E2,4.219950199E0,1.134900093E1,-8.839500546E-1
1.116299112E2,6.349050522E0,1.113600063E1,-6.799950123E0
1.116323548E2,2.302050114E0,9.511950493E0,-6.915000439E0
1.116347983E2,4.849500358E-1,1.033395004E1,-1.630500108E-1
1.116372420E2,5.671050072E0,1.129605007E1,-1.123050094E0
1.116396856E2,3.949950218E0,8.566950798E0,-2.215050220E0
1.116421293E2,1.086000085E0,8.836950302E0,1.591050029E0
1.116445727E2,3.990000248E0,9.643950462E0,2.074050188E0
1.116470164E2,8.419950485E0,7.183050156E0,-3.501000166E0
1.116494598E2,3.901950121E0,5.445000172E0,-8.407050133E0
1.116519035E2,1.150950074E0,7.789050579E0,-1.435050011E0
1.116543472E2,3.253050089E0,7.954050541E0,-1.164000034E0
1.116567906E2,2.959050179E0,5.875050068E0,-3.355050087E0
1.116592342E2,1.006950021E0,4.851000309E0,-2.871000051E0
1.116616779E2,2.566050053E0,4.762050152E0,-4.794000149E0
1.116641214E2,7.765950203E0,3.241950035E0,-1.092300034E1
1.116665650E2,2.853000164E0,1.152000070E0,-9.096000671E0
1.116690087E2,-1.858050108E0,2.466000080E0,-2.205000073E-2
1.116714522E2,-2.149500102E-1,4.029000282E0,4.207950115E0
1.116738958E2,1.081050038E0,1.192050099E0,1.228950024E0
1.116763392E2,1.110000014E0,-6.810000539E-1,2.818950176E0
1.116787829E2,1.639500111E-1,-6.889500618E-1,2.790000141E-1
1.116812265E2,-4.740000367E-1,7.279500365E-1,2.899950027E0
1.116836702E2,7.560000420E-1,7.999500632E-1,3.364950180E0
1.116861137E2,2.833950043E0,-2.100000158E-2,3.123000145E0
1.116885573E2,7.386000156E0,1.755000114E0,-3.937050104E0
1.116910008E2,9.334950447E0,8.190000653E-1,-4.264950275E0
1.116934444E2,1.009605026E1,1.591950059E0,-7.720050335E0
1.116958881E2,8.512949944E0,9.112950325E0,-1.520205116E1
1.116983315E2,9.825000763E0,7.836000443E0,-1.429005051E1
1.117007751E2,3.301050186E0,6.922050476E0,-1.299405098E1
1.117032188E2,-1.294950008E0,5.605050087E0,-4.143000126E0
1.117056623E2,6.940500140E-1,1.516095066E1,1.708050132E0
1.117081059E2,4.134000301E0,1.798305130E1,1.433595085E1
1.117105494E2,2.161050081E0,6.591000080E0,5.659500360E-1
1.117129931E2,6.820500493E-1,1.018005085E1,5.160000324E-1
1.117154367E2,2.520000219E0,1.773705101E1,1.981050134E0
1.117178804E2,3.567000151E0,1.092495060E1,-5.553000450E0
1.117203238E2,1.050000072E0,8.317950249E0,7.579500079E-1
1.117227674E2,1.125000000E0,1.434900093E1,6.795000285E-2
1.117252109E2,3.829950094E0,1.550505066E1,9.040500522E-1
1.117276546E2,2.044049978E0,7.960950375E0,1.873050094E0
1.117300982E2,3.397050142E0,1.180605030E1,-4.723950386E0
1.117325417E2,5.980050087E0,1.544100094E1,-1.650000000E1
1.117349853E2,2.350050211E0,1.008000088E1,-1.254705048E1
1.117374290E2,-3.280500174E-1,1.048200035E1,-4.614000320E0
1.117398724E2,1.761000037E0,1.524000072E1,-3.526950121E0
1.117423161E2,2.644950151E0,8.227050781E0,-4.699500203E-1
1.117447597E2,-2.490000129E-1,6.436050415E0,6.019500494E-1
1.117472032E2,4.708950043E0,8.334000587E0,-2.809500098E-1
1.117496469E2,8.575950623E0,7.321950436E0,-6.919950485E0
1.117520905E2,2.820000172E0,3.325950146E0,-5.347050190E0
1.117545340E2,1.654050112E0,7.495950222E0,-1.072950006E0
1.117569776E2,5.851050377E0,1.112895012E1,-1.911000133E0
1.117594213E2,2.698050022E0,7.851000309E0,7.240500450E-1
1.117618647E2,3.990000188E-1,5.410950184E0,-8.410500288E-1
1.117643083E2,3.787050247E0,8.671950340E0,2.050050020E0
1.117667518E2,8.001000404E0,8.812950134E0,-7.339050293E0
1.117691955E2,1.711050034E0,3.247050047E0,-5.404050350E0
1.117716391E2,4.732950211E0,5.775000095E0,-1.629000068E0
1.117740826E2,8.307000160E0,8.859000206E0,-4.960950375E0
1.117765262E2,2.475000143E0,6.108000278E0,-2.815950155E0
1.117789699E2,-1.015050054E0,5.694000244E0,9.990000725E-1
1.117814133E2,2.455950022E0,8.052000046E0,-1.590000093E-1
1.117838570E2,5.155950069E0,7.111050129E0,-6.064950466E0
1.117863006E2,4.710000157E-1,3.787950277E0,-3.307050228E0
1.117887441E2,1.339950085E0,7.171050549E0,5.760000348E-1
1.117911877E2,5.707050323E0,1.044105053E1,-1.795950055E0
1.117936314E2,3.073050261E0,8.859000206E0,1.312950015E0
1.117960749E2,4.710000157E-1,1.146405029E1,7.650000453E-1
1.117985185E2,4.543950081E0,1.330500031E1,2.280000210E0
1.118009620E2,6.793950558E0,1.092495060E1,-7.042050362E0
1.118034056E2,2.808000088E0,9.499950409E0,-7.225950241E0
1.118058493E2,6.382050514E0,1.152405071E1,-6.187050343E0
1.118082930E2,8.038949966E0,1.220805073E1,-9.076950073E0
1.118107364E2,3.439950228E0,1.055205059E1,-6.304950237E0
1.118131800E2,1.302000046E0,1.150200081E1,-1.842000127E0
1.118156235E2,4.539000034E0,1.057305050E1,-2.653050184E0
1.118180672E2,7.903050423E0,1.086795044E1,-7.063950539E0
1.118205108E2,2.932050228E0,9.433050156E0,-5.443050385E0
1.118229543E2,2.386050224E0,1.100205040E1,7.549500465E-1
1.118253979E2,4.648950100E0,1.136100101E1,6.280500293E-1
1.118278416E2,2.950950146E0,9.711000443E0,1.846950054E0
1.118302850E2,2.074949980E0,1.150695038E1,9.490500689E-1
1.118327287E2,2.329050064E0,1.363800049E1,3.328950167E0
1.118351721E2,1.872000098E0,1.171305084E1,1.378050089E0
1.118376158E2,1.192050099E0,9.301950455E0,-1.687950134E0
1.118400594E2,-6.900000572E-2,9.856950760E0,-1.996950150E0
1.118425029E2,8.590500355E-1,1.156200027E1,-1.110000089E-1
1.118449465E2,1.408950090E0,9.160050392E0,2.710950136E0
1.118473902E2,-7.200000286E-1,5.566950321E0,-7.879500389E-1
1.118498337E2,-4.089000225E0,1.138005066E1,-2.869050026E0
1.118522774E2,-3.036000252E0,8.032950401E0,1.392000079E0
1.118547210E2,-2.314950228E0,7.575000286E0,4.489500225E-1
1.118571645E2,-2.854050159E0,7.465050220E0,-3.918000221E0
1.118596081E2,-7.519500256E-1,7.852950573E0,1.920000017E-1
1.118620518E2,2.479500175E-1,8.506950378E0,4.678950310E0
1.118644953E2,1.000500023E-1,5.218950272E0,1.093050003E0
1.118669389E2,1.560000062E0,6.582000256E0,5.479050159E0
1.118693826E2,2.938950062E0,6.454950333E0,5.259000301E0
1.118718260E2,3.306000233E0,3.996000290E0,3.372000217E0
1.118742696E2,3.841950178E0,6.502950191E0,4.639050007E0
1.118767131E2,4.981950283E0,8.425050735E0,6.073050499E0
1.118791568E2,4.066950321E0,5.715000153E0,4.132950306E0
1.118816004E2,1.953000069E0,4.092000008E0,3.765000105E0
1.118840439E2,1.237050056E0,1.140900040E1,4.074000359E0
1.118864876E2,2.671050072E0,8.344050407E0,3.622950077E0
1.118889312E2,1.636950135E0,5.203050137E0,4.999950409E0
1.118913747E2,3.022950172E0,8.907000542E0,6.049050331E0
1.118938183E2,1.925205040E1,9.478950500E0,-1.276905060E1
1.118962620E2,1.335195065E1,5.434950352E0,-3.155700111E1
1.118987055E2,4.654050350E0,7.719000340E0,-3.503100204E1
1.119011491E2,6.988050461E0,6.117000103E0,-3.300300217E1
1.119035926E2,1.054800034E1,6.565050125E0,-2.444400024E1
1.119060362E2,4.266000271E0,6.454950333E0,-1.432305050E1
1.119084799E2,5.439000130E0,8.014050484E0,-1.126305008E1
1.119109233E2,8.401050568E0,1.162695026E1,-4.510950089E0
1.119133670E2,3.298950195E0,1.063800049E1,4.837050438E0
1.119158106E2,8.640000224E-1,1.092300034E1,5.019000053E0
1.119182541E2,1.237050056E0,1.203105068E1,5.359050274E0
1.119206978E2,3.378000259E0,9.465000153E0,5.680050373E0
1.119231414E2,3.591000080E0,6.103050232E0,3.877050161E0
1.119255849E2,5.137050152E0,9.354000092E0,1.569000125E0
1.119280285E2,1.140795040E1,1.085595036E1,-7.780050278E0
1.119304722E2,5.875050068E0,6.879000187E0,-1.014000034E1
1.119329156E2,1.126950026E0,8.751000404E0,-2.134050131E0
1.119353593E2,2.001000166E0,8.952000618E0,1.576050043E0
1.119378027E2,3.226950169E0,1.105695057E1,-1.438950062E0
1.119402464E2,2.554050207E0,7.686000347E0,-1.510500014E-1
1.119426900E2,9.109500647E-1,7.968000412E0,-6.000000238E-2
1.119451335E2,2.122950077E0,1.204995060E1,-1.288950086E0
1.119475772E2,3.343950272E0,8.904000282E0,1.492950082E0
1.119500208E2,7.200000286E-1,6.583950520E0,-1.051950097E0
1.119524643E2,-4.260000288E-1,9.726000786E0,-3.661050081E0
1.119549079E2,1.773000121E0,1.075500011E1,1.548000097E0
1.119573516E2,1.807050109E0,6.040950298E0,3.151950121E0
1.119597950E2,4.050000105E-3,4.603950024E0,-7.210500240E-1
1.119622387E2,3.889500201E-1,7.137000561E0,-8.239500523E-1
1.119646821E2,1.156050086E0,5.473050117E0,2.905050039E0
1.119671258E2,3.679500222E-1,5.503950119E0,1.081050038E0
1.119695694E2,1.408950090E0,9.028950691E0,1.557000041E0
1.119720129E2,2.206950188E0,6.354000092E0,2.686950207E0
1.119744565E2,1.192050099E0,3.397050142E0,-8.170500398E-1
1.119769002E2,1.492950082E0,6.237000465E0,9.349500537E-1
1.119793437E2,2.877000093E0,8.337000847E0,2.211000204E0
1.119817873E2,1.156050086E0,3.457050085E0,1.770000100E0
1.119842310E2,-7.519500256E-1,1.554000020E0,-2.950500250E-1
1.119866745E2,1.170000076E0,6.936000347E0,1.900050044E0
1.119891181E2,2.391000032E0,6.262950420E0,2.635050058E0
1.119915618E2,2.251950026E0,2.389050007E0,5.103000164E0
1.119940052E2,1.083600044E1,4.012950420E0,-8.191050529E0
1.119964489E2,1.050495052E1,4.888950348E0,-1.132095051E1
1.119988923E2,2.992050171E0,7.686000347E0,-1.081095028E1
1.120013359E2,-1.216050029E0,7.915050507E0,-8.112000465E0
1.120037796E2,7.761000156E0,7.540050507E0,-1.108800030E1
1.120062231E2,1.205400085E1,5.397000313E0,-7.957050323E0
1.120086668E2,3.916050196E0,7.951050282E0,-4.507050037E0
1.120111104E2,3.706050158E0,1.128405094E1,-7.411050320E0
1.120135539E2,7.462050438E0,8.509050369E0,-5.770950317E0
1.120159975E2,1.539000034E0,9.096000671E0,-1.309950113E0
1.120184412E2,-1.699500084E-1,1.062300014E1,1.978950143E0
1.120208847E2,4.060050011E0,1.281900024E1,4.819500148E-1
1.120233283E2,4.005000114E0,1.156200027E1,-4.248000145E0
1.120257717E2,2.836050034E0,9.388050079E0,-1.015950084E0
1.120282154E2,3.403950214E0,1.270905018E1,-5.389500260E-1
1.120306590E2,4.654050350E0,1.335795021E1,-4.747950077E0
1.120331025E2,3.694050074E0,1.214595032E1,-2.389950037E0
1.120355461E2,1.704000115E0,1.267005062E1,-8.290500641E-1
1.120379898E2,4.539000034E0,1.295295048E1,-3.694950104E0
1.120404333E2,4.054950237E0,1.195695019E1,-7.462950230E0
1.120428769E2,7.800000161E-2,1.094700050E1,-2.863950253E0
1.120453203E2,1.369050026E0,1.067100048E1,5.800500512E-1
1.120477640E2,3.844050169E0,1.120800018E1,-3.991950274E0
1.120502076E2,1.004999995E0,7.518000126E0,-1.375050068E0
1.120526511E2,1.519500017E-1,4.947000027E0,2.287050009E0
1.120550948E2,5.395950317E0,4.361999989E0,-6.202050209E0
1.120575384E2,8.512949944E0,1.522950053E0,-1.238895035E1
1.120599819E2,3.010950089E0,4.789500237E-1,-9.274050713E0
1.120624255E2,3.451950073E0,4.804950237E0,-3.790500164E-1
1.120648692E2,7.302000523E0,6.559950352E0,-3.400500119E-1
1.120673126E2,3.399000168E0,5.775000095E0,1.501950026E0
1.120697563E2,1.965000153E0,8.445000648E0,3.682950258E0
1.120721997E2,4.125000000E0,1.159095097E1,3.240000248E0
1.120746434E2,4.888050079E0,7.414950371E0,-5.055000305E0
1.120770870E2,-1.200000010E-2,6.946050167E0,-5.761050224E0
1.120795305E2,7.219500542E-1,9.120000839E0,-2.337000132E0
1.120819742E2,4.693950176E0,1.074495029E1,-5.409000397E0
1.120844178E2,3.223950148E0,7.534950256E0,-4.392000198E0
1.120868613E2,1.740000099E-1,8.866050720E0,1.612050056E0
1.120893049E2,4.227000237E0,1.136805058E1,-2.470500171E-1
1.120917486E2,6.258000374E0,1.170105076E1,-3.217950106E0
1.120941920E2,2.982000113E0,9.168000221E0,-3.325950146E0
1.120966356E2,1.921950102E0,1.159305096E1,6.379500031E-1
1.120990791E2,3.808050156E0,1.403505039E1,7.339500189E-1
1.121015228E2,2.937000036E0,1.168905067E1,-4.480500221E-1
1.121039664E2,1.117050052E0,1.119600010E1,-5.869500041E-1
1.121064099E2,4.455000401E0,1.401795101E1,1.777050138E0
1.121088535E2,5.737950325E0,1.190205097E1,-4.459050179E0
1.121112969E2,1.066950083E0,1.104195023E1,-5.728050232E0
1.121137406E2,3.579000235E0,1.470600033E1,-5.820000172E-1
1.121161843E2,4.534049988E0,1.453305054E1,-6.099000454E0
1.121186279E2,1.500000119E0,1.258395100E1,-2.449950218E0
1.121210714E2,-2.130000144E-1,1.167900085E1,1.512000084E0
1.121235150E2,3.789000273E0,1.227795029E1,-5.250000358E-1
1.121259585E2,5.398050308E0,1.030995083E1,-5.043000221E0
1.121284022E2,1.443000078E0,6.880950451E0,-2.932950258E0
1.121308458E2,1.704000115E0,1.017795086E1,5.595000088E-2
1.121332893E2,4.930950165E0,1.259400082E1,-5.010000467E-1
1.121357330E2,3.588000059E0,9.910050392E0,1.180500090E-1
1.121381766E2,9.330000281E-1,9.927000046E0,-9.730500579E-1
1.121406201E2,3.784950256E0,1.426500034E1,8.505000174E-2
1.121430637E2,4.891050339E0,1.254795074E1,-4.273950100E0
1.121455074E2,1.108050108E0,7.810050488E0,-1.825050116E0
1.121479508E2,1.605000161E-2,9.541050911E0,2.310000062E-1
1.121503944E2,3.001950026E0,1.545705032E1,3.625950098E0
1.121528379E2,2.410050154E0,1.143495083E1,1.087950110E0
1.121552816E2,1.210500076E-1,7.791000366E0,-1.825050116E0
1.121577252E2,1.110000014E0,1.006995010E1,1.690950036E0
1.121601687E2,5.914950371E0,9.979050636E0,-4.801050186E0
1.121626123E2,1.108050108E0,8.398950577E0,-6.882000446E0
1.121650560E2,-1.939500123E-1,6.436050415E0,8.290500641E-1
1.121674994E2,4.021950245E0,1.056600094E1,-2.220000029E0
1.121699431E2,3.093000174E0,9.637050629E0,-1.602000117E0
1.121723865E2,1.678050041E0,7.264050484E0,3.049500287E-1
1.121748302E2,6.058950424E0,9.357000351E0,-2.245950222E0
1.121772738E2,7.456950188E0,7.482000351E0,-7.666950226E0
1.121797173E2,2.635050058E0,6.184050083E0,-7.738950253E0
1.121821609E2,1.029000044E0,7.365000248E0,-2.959950209E0
1.121846046E2,6.006000519E0,8.977950096E0,-4.807950020E0
1.121870480E2,4.089000225E0,5.140050411E0,-7.282050133E0
1.121894917E2,-4.909500182E-1,6.117000103E0,-1.675950050E0
1.121919353E2,4.507950306E0,7.959000587E0,-1.588050127E0
1.121943788E2,9.598050117E0,5.859000206E0,-7.075950146E0
1.121968224E2,3.076050043E0,5.313000202E0,-7.092000484E0
1.121992659E2,-1.669500023E-1,7.530000210E0,-1.834950089E0
1.122017096E2,8.785950661E0,7.528050423E0,-1.341000080E0
1.122041532E2,7.960050583E0,4.750050068E0,-7.401000500E0
1.122065967E2,-4.999500215E-1,8.647950172E0,-5.052000046E0
1.122090403E2,7.222950459E0,7.116000175E0,-4.377000332E0
1.122114840E2,1.087200069E1,4.948950291E0,-8.440050125E0
1.122139274E2,1.426050067E0,5.365950108E0,-8.377950668E0
1.122163710E2,7.849500179E-1,6.177000523E0,-1.906050086E0
1.122188147E2,7.366050243E0,7.101000309E0,1.531050086E0
1.122212582E2,6.424950123E0,5.449050426E0,-2.332950115E0
1.122237018E2,-5.359500051E-1,6.153000355E0,6.109500527E-1
1.122261452E2,2.443950176E0,8.263050079E0,1.533000112E0
1.122285889E2,6.667050362E0,6.298950195E0,-6.769050121E0
1.122310325E2,8.989500403E-1,5.931000233E0,-6.108000278E0
1.122334760E2,-9.310500622E-1,6.354000092E0,1.879950047E0
1.122359196E2,1.210500076E-1,9.057000160E0,1.726950049E0
1.122383631E2,1.876050115E0,8.824950218E0,8.220000267E-1
1.122408067E2,1.407000065E0,6.511950493E0,-2.110500038E-1
1.122432504E2,-1.150500029E-1,8.782050133E0,-8.790000677E-1
1.122456939E2,1.681950092E0,1.003005028E1,2.476950169E0
1.122481375E2,2.338050127E0,7.504050255E0,6.520500183E-1
1.122505812E2,9.709500670E-1,8.832000732E0,-2.941050053E0
1.122530246E2,7.210950375E0,1.176795101E1,-4.750500321E-1
1.122554683E2,5.722050190E0,1.035495090E1,-4.530000210E0
1.122579117E2,1.171950102E0,9.634950638E0,-1.549950123E0
1.122603554E2,1.948050141E0,1.137795067E1,2.626950026E0
1.122627990E2,5.473050117E0,1.185900021E1,-3.604050159E0
1.122652425E2,2.599050045E0,9.679950714E0,-5.931000233E0
1.122676861E2,2.839500010E-1,8.787000656E0,5.440500379E-1
1.122701298E2,3.073050261E0,1.217505074E1,-6.400500536E-1
1.122725732E2,4.117050171E0,1.207695103E1,-2.637000084E0
1.122750169E2,1.177050114E0,1.006800079E1,-7.690500617E-1
1.122774606E2,1.813950062E0,9.181950569E0,-1.420050025E0
1.122799040E2,8.719050407E0,1.224705029E1,-1.024305058E1
1.122823476E2,6.303000450E0,9.310950279E0,-9.003000259E0
1.122847911E2,2.013000011E0,8.665050507E0,-3.039000034E0
1.122872348E2,5.808000088E0,1.407405090E1,-3.063000202E0
1.122896784E2,4.717950344E0,1.043400097E1,-4.738950253E0
1.122921219E2,1.552950025E0,8.940000534E0,1.780500114E-1
1.122945655E2,9.589500427E-1,1.021200085E1,1.513950109E0
1.122970089E2,7.279950142E0,9.496050835E0,-3.927000284E0
1.122994526E2,6.801000118E0,6.900000095E0,-9.051000595E0
1.123018962E2,2.487000227E0,8.800950050E0,-5.653050423E0
1.123043397E2,5.674050331E0,1.031400013E1,-1.102050066E0
1.123067833E2,5.149050236E0,8.221950531E0,-2.392050028E0
1.123092270E2,1.006950021E0,9.502950668E0,-1.175999999E0
1.123116704E2,2.206950188E0,8.257950783E0,-2.485950232E0
1.123141141E2,8.779050827E0,7.009950161E0,-6.942000389E0
1.123165577E2,7.162950516E0,4.996950150E0,-1.114605045E1
1.123190012E2,8.490000367E-1,5.473050117E0,-6.100950241E0
1.123214448E2,4.726050377E0,7.710000515E0,7.620000243E-1
1.123238883E2,6.679050446E0,6.337950230E0,-3.640050173E0
1.123263320E2,8.640000224E-1,5.308050156E0,-1.894050121E0
1.123287756E2,-8.929500580E-1,6.579000473E0,1.878000140E0
1.123312190E2,7.243950367E0,5.698050499E0,-1.971000075E0
1.123336626E2,1.031595039E1,4.140000343E0,-8.971950531E0
1.123361061E2,7.770000100E-1,3.594000101E0,-7.593000412E0
1.123385498E2,-2.899500132E-1,6.019050121E0,-2.833050251E0
1.123409934E2,7.405050278E0,4.113000393E0,-2.550000191E0
1.123434371E2,1.632000089E0,3.712950230E0,-4.006050110E0
1.123458806E2,-4.380000234E-1,4.080000401E0,-5.805000290E-2
1.123483242E2,6.823050499E0,2.761050224E0,-3.790500164E-1
1.123507676E2,9.519000053E0,2.503950119E0,-5.554950237E0
1.123532113E2,9.109500647E-1,1.951050043E0,-4.068000317E0
1.123556549E2,-9.795000404E-2,4.626000404E0,2.239950180E0
1.123580984E2,3.117000103E0,9.361950874E0,4.129050255E0
1.123605420E2,2.128050089E0,5.440050125E0,7.500000298E-2
1.123629855E2,-7.849500179E-1,7.221000195E0,-2.514000177E0
1.123654292E2,-4.999500215E-1,8.482950211E0,1.284000039E0
1.123678728E2,4.714050293E0,8.932950020E0,5.539500117E-1
1.123703163E2,1.186950088E0,8.806050301E0,-6.478950500E0
1.123727599E2,3.094950199E0,9.985950470E0,-6.780000329E-1
1.123752033E2,4.893000126E0,1.211700058E1,-3.264000177E0
1.123776470E2,3.114000082E0,1.263705063E1,-2.011950016E0
1.123800906E2,2.566050053E0,1.335300064E1,1.384950042E0
1.123825341E2,3.861000299E0,1.363095093E1,9.405000508E-2
1.123849778E2,4.263000011E0,1.335495090E1,-5.208000183E0
1.123874214E2,2.038950205E0,1.285200024E1,-4.582950115E0
1.123898649E2,8.010000587E-1,1.217205048E1,-9.289500713E-1
1.123923085E2,2.479950190E0,1.299105072E1,-6.709500551E-1
1.123947521E2,3.876000166E0,1.280700016E1,-3.778950214E0
1.123971956E2,1.054949999E0,1.233000088E1,-8.050500154E-1
1.123996392E2,2.118000031E0,1.184895039E1,3.070500195E-1
1.124020827E2,5.961000443E0,1.271805096E1,-4.612050056E0
1.124045263E2,4.339950085E0,1.136100101E1,-6.669000149E0
1.124069700E2,1.287000060E0,1.168905067E1,-2.755950212E0
1.124094134E2,1.836000085E0,1.218000031E1,8.749500513E-1
1.124118571E2,2.851050138E0,1.204995060E1,1.842000127E0
1.124143007E2,6.720000505E-1,9.577050209E0,-1.891950130E0
1.124167442E2,-2.939999998E-1,6.139050484E0,7.480500340E-1
1.124191878E2,5.104050159E0,7.183050156E0,-4.969050407E0
1.124216313E2,4.504950047E0,5.428050041E0,-9.582000732E0
1.124240750E2,1.204050064E0,3.814050198E0,-5.811000347E0
1.124265186E2,3.255000114E0,6.783000469E0,-3.193950176E0
1.124289620E2,4.741950035E0,8.454000473E0,-2.932950258E0
1.124314056E2,1.768950105E0,4.447950363E0,-2.140500098E-1
1.124338491E2,-6.100500226E-1,5.719950199E0,4.006950378E0
1.124362928E2,2.461050034E0,8.595000267E0,2.898000240E0
1.124387364E2,6.538050175E0,5.362950325E0,-6.106050491E0
1.124411801E2,2.503950119E0,3.469050169E0,-2.622000217E0
1.124436235E2,4.050000105E-3,6.481050491E0,-7.039500475E-1
1.124460672E2,7.246950150E0,4.306950092E0,-4.369950294E0
1.124485106E2,3.552000284E0,5.574000359E0,-4.774950027E0
1.124509542E2,-6.060000062E-1,6.526950359E0,-2.806950092E0
1.124533979E2,6.073050499E0,6.553050518E0,-2.040000200E0
1.124558414E2,9.733950615E0,7.719000340E0,-7.042050362E0
1.124582850E2,2.476950169E0,8.026050568E0,-4.453950405E0
1.124607285E2,-8.929500580E-1,1.093500042E1,2.800050020E0
1.124631721E2,3.415950060E0,1.261500072E1,-2.299500108E-1
1.124656158E2,2.073000193E0,1.076505089E1,-3.658950090E0
1.124680592E2,4.147950172E0,1.204605103E1,8.650500178E-1
1.124705028E2,4.951050282E0,1.102605057E1,-4.255050182E0
1.124729463E2,7.510050297E0,1.267305088E1,-8.100000381E0
1.124753899E2,4.623000145E0,1.211295033E1,-7.806000233E0
1.124778336E2,1.194000006E0,1.260600090E1,1.624050021E0
1.124802770E2,1.551000118E0,1.291695023E1,-7.500000298E-2
1.124827207E2,2.932050228E0,1.341495037E1,2.880000174E-1
1.124851644E2,1.447950125E0,1.342005062E1,-1.581000090E0
1.124876078E2,2.508000135E0,1.223700047E1,2.248950005E0
1.124900514E2,5.665950298E0,1.236600018E1,-4.341000080E0
1.124924949E2,3.753000259E0,1.279995060E1,-6.955950260E0
1.124949386E2,1.249050021E0,1.230705070E1,-9.769500494E-1
1.124973822E2,3.160050154E0,1.184400082E1,1.485000014E0
1.124998257E2,3.679050207E0,1.223505020E1,3.720000088E-1
1.125022694E2,1.278000116E0,1.267005062E1,3.360000253E-1
1.125047127E2,9.469500184E-1,1.176300049E1,2.410050154E0
1.125071564E2,4.965000153E0,1.133400059E1,-2.850000262E-1
1.125096000E2,3.373050213E0,1.159800053E1,-5.541000366E0
1.125120437E2,1.716000080E0,1.150395012E1,-1.312950015E0
1.125144871E2,1.251000047E0,1.225095081E1,6.760500073E-1
1.125169308E2,2.085000038E0,1.233795071E1,1.354050040E0
1.125193743E2,1.302000046E0,1.204095078E1,-1.308000088E0
1.125218179E2,1.399500072E-1,1.238595104E1,-1.234050035E0
1.125242616E2,8.110500574E-1,1.235895061E1,4.770000279E-1
1.125267050E2,1.777950048E0,1.018500042E1,4.819500148E-1
1.125291487E2,7.699500322E-1,6.891000271E0,-1.219050050E0
1.125315921E2,2.890500128E-1,6.997950554E0,-1.006049991E0
1.125340357E2,2.365050077E0,1.027095032E1,1.465950012E0
1.125364794E2,9.550500512E-1,5.563950062E0,3.513000250E0
1.125389229E2,1.189500093E-1,2.269950151E0,1.171950102E0
1.125413665E2,2.223000050E0,7.756950378E0,3.850950241E0
1.125438102E2,5.440950394E0,7.912950516E0,6.276000500E0
1.125462536E2,5.346000195E0,2.185950041E0,-6.289950371E0
1.125486973E2,3.354000092E0,3.838050127E0,-3.718950272E0
1.125511407E2,6.220050335E0,8.308050156E0,-1.281900024E1
1.125535843E2,4.243950367E0,4.990050316E0,-1.370505047E1
1.125560280E2,-3.250500262E-1,3.619950056E0,-9.895950317E0
1.125584715E2,4.287000179E0,7.176000118E0,-2.260950089E0
1.125609151E2,1.049295044E1,6.165000439E0,-4.096950054E0
1.125633586E2,4.294950008E0,4.341000080E0,-6.349950314E0
1.125658022E2,6.769500375E-1,7.396050453E0,-2.445000172E0
1.125682459E2,8.686050415E0,6.658050537E0,-2.851950169E0
1.125706893E2,1.059900093E1,7.057950497E0,-4.717050076E0
1.125731331E2,2.698050022E0,7.848000526E0,-6.385950089E0
1.125755764E2,4.989000320E0,8.674050331E0,-1.155495071E1
1.125780201E2,1.330200100E1,8.260050774E0,-1.052805042E1
1.125804637E2,5.287950039E0,6.867000103E0,-1.060995007E1
1.125829072E2,-2.088000059E0,8.643000603E0,-3.529950142E0
1.125853508E2,8.560500145E-1,9.268050194E0,5.556000233E0
1.125877945E2,4.579050064E0,9.550950050E0,1.713000059E0
1.125902380E2,3.058950186E0,9.997950554E0,2.910000086E-1
1.125926816E2,2.350050211E0,9.727950096E0,2.644050121E0
1.125951251E2,8.865000725E0,1.072395039E1,-3.067950249E0
1.125975688E2,5.086950302E0,8.851950645E0,-1.020495033E1
1.126000124E2,7.459500432E-1,9.601050377E0,-3.216000080E0
1.126024558E2,1.297050118E0,9.558000565E0,-3.670500219E-1
1.126048995E2,2.704950094E0,1.087500095E1,-2.830950022E0
1.126073431E2,1.543950081E0,7.990050316E0,-1.662000060E0
1.126097866E2,-8.620500565E-1,5.953950405E0,1.629000068E0
1.126122302E2,1.905000091E0,7.201950550E0,7.789500356E-1
1.126146737E2,5.499000072E0,7.039050102E0,-7.747950554E0
1.126171174E2,8.730000257E-1,3.783000231E0,-2.646000147E0
1.126195610E2,1.266000032E0,3.177000046E0,2.941050053E0
1.126220045E2,4.954950333E0,6.157950401E0,-2.328000069E0
1.126244481E2,1.326000094E0,3.322950125E0,-1.906050086E0
1.126268915E2,-4.330500066E-1,2.313000202E0,3.469950199E0
1.126293352E2,1.680000067E0,3.277950048E0,2.326050043E0
1.126317789E2,7.383000374E0,3.775950193E0,-4.747950077E0
1.126342223E2,2.001000166E0,1.650000095E0,-4.489950180E0
1.126366659E2,1.309050083E0,3.759000063E0,2.326050043E0
1.126391096E2,6.811050415E0,8.655000687E0,-1.486950040E0
1.126415531E2,2.920050144E0,6.306000233E0,-2.301000118E0
1.126439967E2,-7.470000386E-1,7.582950592E0,1.995000057E-2
1.126464402E2,2.089050055E0,1.018995094E1,-2.337000132E0
1.126488839E2,8.359950066E0,8.077950478E0,-7.906050205E0
1.126513275E2,4.531949997E0,7.843950272E0,-1.008495045E1
1.126537709E2,6.940500140E-1,9.298950195E0,-1.309950113E0
1.126562146E2,5.841000080E0,1.075500011E1,9.870000482E-1
1.126586580E2,7.354050159E0,1.037205029E1,-5.518950462E0
1.126611017E2,1.785000086E0,1.129395008E1,-3.739950180E0
1.126635453E2,1.681950092E0,1.149495029E1,-1.660050035E0
1.126659888E2,7.531950474E0,1.036500072E1,-8.313000679E0
1.126684324E2,5.230950356E0,9.927000046E0,-9.391050339E0
1.126708759E2,1.720500141E-1,1.064505005E1,-2.464050055E0
1.126733196E2,3.961950302E0,1.109700012E1,-1.522950053E0
1.126757632E2,7.879050255E0,1.110195065E1,-4.438950062E0
1.126782069E2,4.963050365E0,1.119795036E1,-2.977050066E0
1.126806503E2,4.558050156E0,1.247700024E1,-4.039950371E0
1.126830939E2,1.084500027E1,1.068300056E1,-1.041600037E1
1.126855374E2,9.175950050E0,1.202400017E1,-1.266900063E1
1.126879810E2,3.028050184E0,1.052505016E1,-9.361950874E0
1.126904247E2,1.048050046E0,1.144695091E1,-2.059500068E-1
1.126928682E2,4.347000122E0,1.083405018E1,1.726950049E0
1.126953118E2,2.656950235E0,9.306000710E0,1.440000057E0
1.126977553E2,4.110000134E0,8.599950790E0,8.700000644E-1
1.127001989E2,8.161050797E0,7.525050163E0,-4.518000126E0
1.127026423E2,7.225050449E0,7.128000259E0,-9.706950188E0
1.127050860E2,7.440000176E-1,6.535950184E0,-7.918050289E0
1.127075296E2,-2.539499998E-1,6.204000473E0,2.830500007E-1
1.127099733E2,2.884050131E0,9.328050613E0,1.924050093E0
1.127124168E2,2.472000122E0,7.683000565E0,1.975950122E0
1.127148604E2,1.999500096E-1,5.872950077E0,6.619500518E-1
1.127173039E2,1.024049997E0,9.472050667E0,5.470499992E-1
1.127197475E2,2.638050079E0,1.074300098E1,2.721000195E0
1.127221910E2,2.986950159E0,9.603000641E0,1.447050095E0
1.127246346E2,2.403000116E0,8.373000145E0,-1.333950043E0
1.127270783E2,2.106000185E0,1.120995045E1,-7.039500475E-1
1.127295217E2,3.777000189E0,1.323300076E1,1.990950108E0
1.127319653E2,2.724000216E0,1.094700050E1,6.550500393E-1
1.127344088E2,2.220000178E-1,1.026900005E1,-1.420050025E0
1.127368525E2,4.489500225E-1,1.111200047E1,8.700000644E-1
1.127392961E2,1.894950032E0,1.139400101E1,5.400000215E-1
1.127417396E2,1.528950095E0,8.530950546E0,-4.410000145E-1
1.127441832E2,2.611050129E0,8.266950607E0,-1.377000093E0
1.127466267E2,6.390000343E0,1.065405083E1,-9.340950012E0
1.127490704E2,2.437050104E0,9.976950645E0,-8.815950394E0
1.127515140E2,2.100000158E-2,5.734050274E0,-2.871000051E0
1.127539574E2,3.619050264E0,8.337000847E0,-3.685050249E0
1.127564011E2,5.128050327E0,8.076000214E0,-6.973050117E0
1.127588447E2,1.266000032E0,5.040000439E0,-5.128950119E0
1.127612882E2,-1.200000010E-2,1.018305016E1,1.348950028E0
1.127637318E2,3.648000240E0,7.606950283E0,1.143000007E0
1.127661752E2,5.247000217E0,7.221000195E0,-1.605000019E0
1.127686189E2,1.603050113E0,9.511950493E0,7.770000100E-1
1.127710625E2,5.736000061E0,1.028100014E1,-1.393950105E0
1.127735060E2,9.937950134E0,9.280050278E0,-7.024950504E0
1.127759497E2,2.710050106E0,9.037950516E0,-7.143000126E0
1.127783933E2,-3.690000176E-1,1.201395035E1,-5.560500026E-1
1.127808368E2,1.534050107E0,1.218195057E1,-8.310000300E-1
1.127832804E2,2.653950214E0,1.186395073E1,-2.731950045E0
1.127857238E2,2.202000141E0,1.194300079E1,-2.170050144E0
1.127881675E2,3.001950026E0,9.556050301E0,-4.510500133E-1
1.127906111E2,4.468950272E0,1.096305084E1,-4.420050144E0
1.127930546E2,5.176050186E0,1.113105011E1,-6.364050388E0
1.127954982E2,1.933950067E0,1.042200089E1,-1.020000100E0
1.127979417E2,1.186950088E0,1.131795025E1,2.790000141E-1
1.128003854E2,2.110949993E0,1.226295090E1,-3.930000067E-1
1.128028290E2,1.018950105E0,1.131795025E1,-1.015950084E0
1.128052724E2,-4.950000346E-1,9.205950737E0,-5.680500269E-1
1.128077161E2,-4.159500301E-1,9.787950516E0,2.505000122E-2
1.128101595E2,8.350500464E-1,1.006995010E1,2.113049984E0
1.128126032E2,3.299999982E-2,5.701050282E0,-1.404000044E0
1.128150468E2,-1.075049996E0,4.551000118E0,-1.106999993E0
1.128174903E2,3.117000103E0,5.394000053E0,2.026050091E0
1.128199340E2,1.536000013E0,5.197950363E0,-3.091950178E0
1.128223776E2,1.570500135E-1,3.960000277E0,-2.569500208E-1
1.128248211E2,4.552950382E0,6.697050095E0,5.659500360E-1
1.128272647E2,7.966950417E0,8.740950584E0,-5.862000465E0
1.128297081E2,2.355000019E0,6.486000538E0,-2.100000143E0
1.128321517E2,4.680000246E-1,6.831000328E0,1.350000054E-1
1.128345954E2,3.829950094E0,1.070205021E1,-2.779950142E0
1.128370389E2,2.719050169E0,7.092000484E0,-4.626000404E0
1.128394826E2,1.219950080E0,6.244050503E0,-4.518000126E0
1.128419260E2,5.961000443E0,8.935050011E0,-7.270050526E0
1.128443697E2,9.921000481E0,5.320050240E0,-1.353495026E1
1.128468133E2,4.563000202E0,7.366950512E0,-1.440000057E1
1.128492567E2,-1.377000093E0,7.510950565E0,-5.317950249E0
1.128517004E2,2.869950056E0,7.863000393E0,1.452000022E0
1.128541440E2,5.595000267E0,5.653050423E0,-1.192950010E0
1.128565875E2,1.102950096E0,5.725050449E0,1.106999993E0
1.128590311E2,2.887050152E0,6.160050392E0,2.179949999E0
1.128614746E2,1.041000080E1,3.724950075E0,-2.565000057E0
1.128639182E2,8.440950394E0,3.637050152E0,-3.858000278E0
1.128663619E2,4.759500325E-1,4.570950031E0,-5.086050034E0
1.128688054E2,3.552000284E0,4.293000221E0,-9.355050087E0
1.128712490E2,1.015095043E1,4.225950241E0,-8.445000648E0
1.128736927E2,2.319000006E0,4.219050407E0,-6.493950367E0
1.128761361E2,8.040000200E-1,4.867050171E0,-7.324950218E0
1.128785797E2,7.714050293E0,4.992000103E0,-2.002050161E0
1.128810232E2,8.353050232E0,3.286950111E0,-8.310000300E-1
1.128834668E2,3.750000298E-1,3.943050146E0,-3.670500219E-1
1.128859103E2,4.560000300E-1,5.752950191E0,4.039950371E0
1.128883540E2,2.362050056E0,7.948950291E0,3.154050112E0
1.128907976E2,3.385050058E0,7.956000328E0,1.861050129E0
1.128932411E2,1.837950110E0,8.290950775E0,3.000000119E-1
1.128956847E2,1.255950093E0,1.043205070E1,-6.760500073E-1
1.128981281E2,1.903050065E0,1.235700035E1,1.344000101E0
1.129005718E2,3.184050083E0,1.005105019E1,3.580500185E-1
1.129030155E2,1.294050097E0,8.421000481E0,-3.570000231E-1
1.129054591E2,1.042950034E0,8.659950256E0,-2.887950182E0
1.129079025E2,1.876050115E0,1.008900070E1,-5.629500151E-1
1.129103462E2,6.289500594E-1,7.683000565E0,-3.829050064E0
1.129127897E2,-1.319999993E-1,6.306000233E0,-1.486950040E0
1.129152333E2,2.773950100E0,8.430000305E0,-8.352000237E0
1.129176768E2,1.474050045E0,7.635000229E0,-8.266050339E0
1.129201204E2,-6.195000187E-2,2.263050079E0,-5.299500227E-1
1.129225641E2,-4.399500191E-1,6.226950169E0,2.067000151E0
1.129250075E2,5.070000291E-1,1.009905052E1,1.324950099E0
1.129274511E2,-6.000000238E-2,3.156000137E0,9.405000508E-2
1.129298946E2,8.250000477E-1,4.120050430E0,3.006000042E0
1.129323382E2,2.920050144E0,7.639950275E0,2.491050005E0
1.129347819E2,6.622050285E0,7.165950298E0,-3.195000067E-2
1.129372254E2,1.254000068E0,3.430950165E0,-3.910500109E-1
1.129396690E2,2.968050241E0,7.401000500E0,3.139950037E0
1.129421124E2,7.078950405E0,9.273000717E0,-2.719950199E0
1.129445561E2,2.233050108E0,7.654050350E0,-3.487050056E0
1.129469998E2,1.905000091E0,1.028100014E1,-1.327050090E0
1.129494432E2,7.171950340E0,1.035300064E1,-1.159605026E1
1.129518868E2,9.022950172E0,8.542950630E0,-1.309500027E1
1.129543305E2,9.259500504E-1,9.175050735E0,-6.538950443E0
1.129567740E2,1.443000078E0,1.010100079E1,5.250000358E-1
1.129592176E2,7.534050465E0,1.063500023E1,-6.589500308E-1
1.129616611E2,5.689950466E0,7.906050205E0,-3.465000153E0
1.129641047E2,1.041000009E0,9.876000404E0,-1.260000110E0
1.129665482E2,6.163950443E0,9.121950150E0,-2.313000202E0
1.129689918E2,9.490050316E0,9.826050758E0,-6.799950123E0
1.129714355E2,2.262000084E0,9.703950882E0,-8.020950317E0
1.129738789E2,-2.010000050E-1,1.055205059E1,-1.095000029E0
1.129763226E2,1.915050149E0,1.220100021E1,1.942950130E0
1.129787662E2,2.176050186E0,1.083600044E1,-2.205000073E-2
1.129812097E2,1.009950042E0,1.233495045E1,1.710000038E-1
1.129836533E2,3.210000038E0,1.200195026E1,-1.516050100E0
1.129860968E2,5.049000263E0,1.171800041E1,-5.164950371E0
1.129885405E2,3.459000111E0,1.155195045E1,-6.297000408E0
1.129909841E2,1.776000142E0,1.102605057E1,-1.945050120E0
1.129934275E2,2.235000134E0,1.234995079E1,1.854000092E0
1.129958712E2,4.234950066E0,1.309200096E1,5.590500236E-1
1.129983146E2,2.841000080E0,1.156695080E1,-2.553000212E0
1.130007582E2,2.209050179E0,1.044900036E1,-8.650500178E-1
1.130032019E2,4.807050228E0,1.102305031E1,-3.147000074E0
1.130056454E2,5.962950230E0,1.171800041E1,-6.340950489E0
1.130080890E2,2.853000164E0,1.029495049E1,-5.662950039E0
1.130105325E2,1.026000023E0,8.983050346E0,2.700000070E-2
1.130129761E2,5.038950443E0,1.110000038E1,1.057050109E0
1.130154198E2,4.860000134E0,9.900000572E0,-1.789050102E0
1.130178632E2,1.777950048E0,9.280050278E0,-1.906050086E0
1.130203068E2,4.117050171E0,1.153605080E1,-1.732050061E0
1.130227505E2,6.469050407E0,1.004895020E1,-4.851000309E0
1.130251940E2,2.437050104E0,8.682000160E0,-5.179050446E0
1.130276376E2,1.000050068E0,9.072000504E0,-1.368000031E0
1.130300811E2,3.301050186E0,1.277595043E1,2.103000164E0
1.130325247E2,2.398050070E0,1.071405029E1,6.599999964E-2
1.130349682E2,3.220500052E-1,9.225000381E0,3.195000067E-2
1.130374118E2,2.580000162E0,1.177695084E1,1.126049995E0
1.130398554E2,6.519000530E0,1.107600021E1,-3.726000071E0
1.130422989E2,3.046950102E0,8.746050835E0,-7.516050339E0
1.130447426E2,3.540000021E-1,1.037700081E1,-3.181950092E0
1.130471862E2,1.891050100E0,1.138200092E1,2.095950127E0
1.130496297E2,4.084050179E0,1.146105099E1,2.190000117E-1
1.130520733E2,3.871050119E0,1.120500088E1,-2.311050177E0
1.130545168E2,2.487000227E0,1.067400074E1,-2.032950163E0
1.130569604E2,5.422050476E0,1.214595032E1,-3.312000275E0
1.130594041E2,5.190000057E0,9.727950096E0,-6.670950413E0
1.130618475E2,4.230000079E-1,8.860950470E0,-4.698000431E0
1.130642911E2,2.611050129E0,1.000995064E1,-7.549500465E-1
1.130667346E2,5.700000286E0,9.610950470E0,-3.562950134E0
1.130691782E2,3.355950117E0,7.887000561E0,-5.803950310E0
1.130716219E2,8.320500255E-1,7.975050449E0,-2.613000154E0
1.130740654E2,3.318000078E0,7.822050571E0,-1.447050095E0
1.130765090E2,7.318950176E0,6.847950459E0,-4.629000187E0
1.130789527E2,3.235950232E0,4.402950287E0,-5.665050507E0
1.130813960E2,6.769500375E-1,7.008000374E0,9.010500312E-1
1.130838397E2,4.394999981E0,8.557050705E0,2.841000080E0
1.130862832E2,3.793950081E0,6.016950130E0,1.026000023E0
1.130887268E2,7.729500532E-1,8.394000053E0,-2.470500171E-1
1.130911703E2,4.110000134E-1,9.550950050E0,-4.840500355E-1
1.130936140E2,4.069050312E0,8.113950729E0,-4.200000286E0
1.130960576E2,2.518050194E0,6.715950489E0,-6.847950459E0
1.130985010E2,-1.285950065E0,7.585050583E0,-1.102050066E0
1.131009447E2,1.438050032E0,1.004400063E1,1.713000059E0
1.131033881E2,4.606050014E0,8.428050041E0,-2.191050053E0
1.131058318E2,8.989500403E-1,6.903000355E0,-1.924950123E0
1.131082754E2,4.560000300E-1,8.077950478E0,7.789500356E-1
1.131107189E2,5.305050373E0,7.603950500E0,-2.032950163E0
1.131131625E2,6.528000355E0,7.699950218E0,-5.995950222E0
1.131156062E2,1.002000093E0,6.073950291E0,-3.994050264E0
1.131180497E2,2.664000034E0,9.256050110E0,1.167000055E0
1.131204933E2,6.409050465E0,9.013950348E0,-4.600500166E-1
1.131229367E2,2.503950119E0,6.922050476E0,-2.184000015E0
1.131253804E2,1.062000036E0,8.806050301E0,-1.333950043E0
1.131278238E2,4.833000183E0,8.815950394E0,-3.409950256E0
1.131302675E2,6.090000153E0,6.496050358E0,-7.191000462E0
1.131327111E2,1.945950150E0,5.643000126E0,-8.140950203E0
1.131351546E2,1.314000010E0,7.233000278E0,-2.431050062E0
1.131375982E2,6.030000210E0,8.623950005E0,-5.800500512E-1
1.131400417E2,3.478050232E0,5.791950226E0,-3.757050276E0
1.131424853E2,-1.222950101E0,6.840000153E0,1.369500011E-1
1.131449290E2,3.427950144E0,6.778050423E0,3.480000198E-1
1.131473724E2,9.864000320E0,5.827950478E0,-7.561950207E0
1.131498160E2,3.652950287E0,5.610000134E0,-8.713050842E0
1.131522595E2,-4.860000312E-1,5.401050091E0,-3.027000189E0
1.131547032E2,6.102000237E0,7.117950439E0,8.749500513E-1
1.131571468E2,7.275000572E0,4.879050255E0,-4.327050209E0
1.131595903E2,-4.980000257E-1,6.414000511E0,-2.923950195E0
1.131620339E2,1.503000021E0,6.376050472E0,7.309500575E-1
1.131644774E2,9.864000320E0,5.265000343E0,-4.411050320E0
1.131669210E2,5.923050404E0,4.197000027E0,-8.902050018E0
1.131693647E2,-8.760000467E-1,5.524050236E0,-5.349000454E0
1.131718081E2,3.828000069E0,7.000950336E0,-1.351050019E0
1.131742517E2,7.687050343E0,6.940950394E0,-1.873050094E0
1.131766954E2,1.548000097E0,7.486950397E0,-1.393950105E0
1.131791388E2,-2.370000184E-1,8.799000740E0,4.021049976E0
1.131815825E2,7.170000553E0,9.402000427E0,-1.600050092E0
1.131840260E2,8.494050026E0,8.776950836E0,-1.017600060E1
1.131864696E2,2.728950024E0,8.679000854E0,-6.838950157E0
1.131889133E2,8.299500346E-1,1.006995010E1,-2.076000214E0
1.131913567E2,2.334000111E0,1.066395092E1,-1.396050096E0
1.131938004E2,2.683050156E0,1.114095020E1,-2.076000214E0
1.131962438E2,1.930950046E0,1.029105091E1,1.224000096E0
1.131986874E2,5.200050354E0,1.052505016E1,-7.279500365E-1
1.132011309E2,6.712950230E0,1.133700085E1,-6.718950272E0
1.132035746E2,4.720950127E0,9.304050446E0,-7.789050579E0
1.132060182E2,1.921950102E0,1.168200016E1,-2.707950115E0
1.132084617E2,3.700950146E0,1.217700100E1,-3.600000143E-1
1.132109054E2,4.000050068E0,1.219905090E1,-1.705050111E0
1.132133487E2,1.033950090E0,1.165800095E1,5.440500379E-1
1.132157924E2,2.275950193E0,1.007700062E1,1.605000019E0
1.132182360E2,9.315000534E0,1.133400059E1,-4.702950001E0
1.132206795E2,6.382050514E0,1.044105053E1,-9.630000114E0
1.132231231E2,1.206000090E0,1.175295067E1,-2.272950172E0
1.132255668E2,3.052050114E0,1.279695034E1,-2.059500068E-1
1.132280103E2,2.494050026E0,1.285695076E1,4.320000112E-1
1.132304539E2,8.560500145E-1,1.295295048E1,9.990000725E-1
1.132328974E2,2.221050024E0,1.053195095E1,-7.950000167E-1
1.132353410E2,6.700950146E0,1.118100071E1,-4.339050293E0
1.132377847E2,6.796950340E0,9.814050674E0,-8.881050110E0
1.132402281E2,9.570000172E-1,9.826050758E0,-3.751950264E0
1.132426717E2,7.729500532E-1,1.149195099E1,1.840050101E0
1.132451152E2,3.781950235E0,1.203105068E1,1.147950053E0
1.132475589E2,2.213999987E0,1.014195061E1,-4.579500258E-1
1.132500025E2,1.222950101E0,8.398950577E0,1.051950097E0
1.132524460E2,1.828050137E0,7.606950283E0,7.189500332E-1
1.132548896E2,7.797000408E0,6.666000366E0,-7.276950359E0
1.132573331E2,3.118950129E0,5.362950325E0,-8.163000107E0
1.132597767E2,3.769500256E-1,4.477050304E0,1.009500027E-1
1.132622204E2,4.681950092E0,8.983050346E0,1.054050088E0
1.132646638E2,2.259000063E0,8.056950569E0,7.930500507E-1
1.132671074E2,9.640500546E-1,4.185000420E0,2.970000029E0
1.132695509E2,2.659050226E0,9.073950768E0,4.087950230E0
1.132719945E2,6.259950161E0,7.542000294E0,-4.107000351E0
1.132744380E2,3.829950094E0,6.936000347E0,-8.236949921E0
1.132768817E2,-6.919500232E-1,6.571950436E0,-6.309000492E0
1.132793253E2,1.828050137E0,7.981950283E0,-2.227050066E0
1.132817688E2,4.668000221E0,7.288050175E0,-3.469950199E0
1.132842125E2,-8.805000782E-2,5.823000431E0,-2.115000010E0
1.132866561E2,7.579500079E-1,7.408050537E0,8.410500288E-1
1.132890995E2,8.455950737E0,6.874050140E0,-4.818000317E0
1.132915432E2,9.109050751E0,8.559000015E0,-9.649050713E0
1.132939866E2,7.369500399E-1,7.969950199E0,-5.506950378E0
1.132964302E2,5.040000081E-1,1.116705036E1,1.600050092E0
1.132988737E2,4.522050381E0,1.193295097E1,2.239500135E-1
1.133013174E2,2.446050167E0,9.139050484E0,-3.469950199E0
1.133037610E2,1.528950095E0,1.063800049E1,-2.560050011E0
1.133062045E2,8.746050835E0,1.054005051E1,-6.994050503E0
1.133086482E2,9.164999962E0,9.714000702E0,-1.111500072E1
1.133110918E2,1.669950128E0,1.079595089E1,-8.301000595E0
1.133135352E2,3.495000303E-2,1.156905079E1,-7.549500465E-1
1.133159789E2,2.271000147E0,1.295295048E1,1.306050062E0
1.133184223E2,3.756000280E0,1.317795086E1,-1.984950066E0
1.133208659E2,2.319000006E0,1.099695015E1,-2.437950134E0
1.133233096E2,3.964050293E0,9.880950928E0,-3.268950224E0
1.133257531E2,7.819050312E0,1.051095009E1,-6.622950077E0
1.133281967E2,3.793950081E0,1.036200047E1,-6.072000504E0
1.133306402E2,4.759500325E-1,1.024005032E1,1.114050031E0
1.133330838E2,8.110500574E-1,9.754050255E0,2.536050081E0
1.133355272E2,2.101050138E0,1.120005035E1,5.850000381E-1
1.133379709E2,1.684950113E0,1.072905064E1,5.710500479E-1
1.133404145E2,1.383000016E0,8.761050224E0,1.900050044E0
1.133428580E2,6.451950073E0,9.342000008E0,-1.537950039E0
1.133453016E2,6.259950161E0,7.803000450E0,-8.155050278E0
1.133477451E2,9.810000658E-1,6.238950253E0,-5.641050339E0
1.133501888E2,6.960000396E-1,7.494000435E0,-1.285950065E0
1.133526324E2,3.978000164E0,8.056950569E0,3.409500122E-1
1.133550758E2,2.392950058E0,5.691000462E0,-1.080000028E-1
1.133575195E2,2.910000086E-1,6.478950500E0,9.660000205E-1
1.133599629E2,3.306000233E0,8.049000740E0,8.580000401E-1
1.133624066E2,7.303950310E0,7.858050346E0,-4.075950146E0
1.133648502E2,2.310000181E0,5.040000439E0,-5.292000294E0
1.133672937E2,1.399500072E-1,6.727950096E0,9.319500327E-1
1.133697373E2,1.105050087E0,1.018800068E1,3.103950262E0
1.133721810E2,1.321050048E0,6.438000202E0,5.350500345E-1
1.133746244E2,2.002950191E0,6.898050308E0,-4.909500182E-1
1.133770681E2,4.708950043E0,7.410000324E0,-2.799000025E0
1.133795115E2,9.076050758E0,7.252050400E0,-6.654000282E0
1.133819552E2,3.478050232E0,6.690000534E0,-8.761050224E0
1.133843988E2,-1.093950033E0,7.731000423E0,-2.268000126E0
1.133868423E2,2.334000111E0,1.098705006E1,2.979000092E0
1.133892859E2,4.905000210E0,9.706050873E0,-3.900000080E-2
1.133917294E2,2.869950056E0,9.088950157E0,-9.649500251E-1
1.133941730E2,2.443950176E0,1.012995052E1,-5.460000038E-1
1.133966165E2,6.937950134E0,1.065900040E1,-4.942050457E0
1.133990601E2,7.441050529E0,1.177005100E1,-9.163050652E0
1.134015038E2,1.132050037E0,1.009905052E1,-7.428000450E0
1.134039472E2,-7.440000176E-1,1.066905022E1,1.090050101E0
1.134063908E2,2.716950178E0,1.258695030E1,-2.700000070E-2
1.134088343E2,3.709950209E0,1.222995090E1,-3.100950241E0
1.134112780E2,5.149050236E0,1.118400097E1,-2.638950109E0
1.134137214E2,7.017000198E0,1.149000072E1,-4.222050190E0
1.134161651E2,9.289050102E0,1.115700054E1,-6.918000221E0
1.134186087E2,3.763050079E0,1.122705078E1,-5.989050388E0
1.134210522E2,4.470000267E-1,1.099695015E1,3.240000010E-1
1.134234958E2,3.030000210E0,1.263900089E1,1.999950051E0
1.134259395E2,3.973950148E0,1.203405094E1,-1.051950097E0
1.134283829E2,1.600950122E0,9.807000160E0,-1.327050090E0
1.134308266E2,3.021000147E0,1.048200035E1,-1.441950083E0
1.134332700E2,7.090950489E0,9.238950729E0,-5.395050049E0
1.134357136E2,3.909000158E0,9.261000633E0,-7.384050369E0
1.134381571E2,6.499500275E-1,8.506950378E0,-1.594950080E0
1.134406008E2,1.033950090E0,6.922050476E0,2.761950016E0
1.134430444E2,3.277050257E0,9.498000145E0,1.396950126E0
1.134454879E2,1.275000095E0,6.069000244E0,-7.189500332E-1
1.134479316E2,1.974000096E0,5.281950474E0,-4.290000200E-1
1.134503752E2,6.871050358E0,6.084000111E0,-4.243050098E0
1.134528186E2,6.391950130E0,3.618000269E0,-7.854000568E0
1.134552622E2,8.779500127E-1,4.185000420E0,-4.605000019E0
1.134577057E2,-1.395000052E-2,5.866050243E0,1.420950055E0
1.134601493E2,2.913000107E0,7.623000145E0,2.734950066E0
1.134625928E2,2.551050186E0,4.720950127E0,-2.040000111E-1
1.134650365E2,-7.729500532E-1,4.234950066E0,9.780000448E-1
1.134674801E2,1.939050078E0,5.923050404E0,9.199500680E-1
1.134699236E2,8.476950645E0,4.675950050E0,-7.590000153E0
1.134723672E2,2.944050074E0,3.369000196E0,-9.003000259E0
1.134748106E2,-1.932000041E0,5.370000362E0,-1.423050046E0
1.134772543E2,2.614050150E0,5.848950386E0,1.890000105E0
1.134796979E2,7.287000179E0,5.943000317E0,-3.376050234E0
1.134821414E2,1.848000050E0,5.983050346E0,-4.353000164E0
1.134845850E2,1.384950042E0,7.731000423E0,-2.368050098E0
1.134870285E2,1.056000042E1,7.282950401E0,-7.521000385E0
1.134894721E2,5.905950069E0,5.143050194E0,-1.038000011E1
1.134919158E2,-1.987050056E0,7.810050488E0,-4.633050442E0
1.134943592E2,4.632000446E0,7.048950195E0,-1.228950024E0
1.134968028E2,9.267000198E0,7.032000542E0,-4.210050106E0
1.134992463E2,2.620950222E0,7.030050278E0,-5.917050362E0
1.135016899E2,3.340500295E-1,7.345950127E0,-2.526000023E0
1.135041336E2,8.185050011E0,7.381050587E0,-4.420050144E0
1.135065771E2,9.258000374E0,7.068000317E0,-9.955950737E0
1.135090207E2,-1.578000069E0,7.188000202E0,-6.927000523E0
1.135114641E2,-1.678050041E0,6.844950199E0,2.365950108E0
1.135139078E2,4.963050365E0,6.349950314E0,1.282050014E0
1.135163514E2,4.632000446E0,7.714050293E0,-1.165950060E0
1.135187949E2,2.379000187E0,7.566000462E0,1.059000015E0
1.135212385E2,3.919050217E0,7.611000538E0,1.729500145E-1
1.135236820E2,7.033950329E0,9.631950378E0,-4.990050316E0
1.135261256E2,2.551050186E0,8.398950577E0,-5.371050358E0
1.135285691E2,-4.690500200E-1,9.048000336E0,2.098050117E0
1.135310128E2,5.020500422E-1,1.201395035E1,7.720500231E-1
1.135334564E2,2.592000008E0,1.236195087E1,1.732050061E0
1.135358998E2,2.070000172E0,1.057500076E1,-2.449500114E-1
1.135383435E2,2.959050179E0,1.142805099E1,-4.480500221E-1
1.135407869E2,4.881000042E0,1.216005039E1,-3.739950180E0
1.135432305E2,4.939050198E0,1.277595043E1,-7.834950447E0
1.135456742E2,1.917000055E0,1.273500061E1,-5.079000473E0
1.135481177E2,1.171950102E0,1.207005024E1,2.497950077E0
1.135505613E2,3.118950129E0,1.510095024E1,-5.749500394E-1
1.135530050E2,2.439000130E0,1.449300098E1,-5.869500041E-1
1.135554485E2,2.220000178E-1,1.247700024E1,-6.090000272E-1
1.135578921E2,1.150950074E0,1.190400028E1,8.580000401E-1
1.135603355E2,4.374000072E0,1.258695030E1,-4.803000450E0
1.135627792E2,3.451950073E0,1.090605068E1,-6.526950359E0
1.135652226E2,1.210950017E0,1.117605019E1,-2.052000046E0
1.135676662E2,3.994950294E0,1.359000111E1,-1.135050058E0
1.135701099E2,4.591050148E0,1.261995029E1,-3.127050161E0
1.135725534E2,1.690050125E0,1.037400055E1,-2.503050089E0
1.135749970E2,3.174000263E0,1.204305077E1,-2.209500074E-1
1.135774405E2,8.215950012E0,1.097805023E1,-4.201950073E0
1.135798842E2,5.503950119E0,9.160050392E0,-8.548050880E0
1.135823278E2,2.137050152E0,9.298950195E0,-4.108950138E0
1.135847712E2,4.474050045E0,1.136100101E1,1.396950126E0
1.135872149E2,5.749950409E0,1.036995029E1,-5.890500546E-1
1.135896583E2,2.451000214E0,9.984000206E0,-1.789050102E0
1.135921019E2,2.575050116E0,1.063800049E1,-1.473000050E0
1.135945454E2,7.263000488E0,9.883950233E0,-4.171050072E0
1.135969891E2,6.817950249E0,8.430000305E0,-8.376000404E0
1.135994327E2,1.678050041E0,6.907050133E0,-7.192950249E0
1.136018762E2,1.752000093E0,7.087050438E0,-3.337950230E0
1.136043199E2,6.016050339E0,8.242950439E0,-3.822000265E0
1.136067633E2,4.396950245E0,5.454000473E0,-7.042050362E0
1.136092069E2,5.260500312E-1,4.924950123E0,-1.569000125E0
1.136116506E2,3.208050251E0,6.939000130E0,7.500000596E-1
1.136140940E2,8.620950699E0,6.493050098E0,-4.219050407E0
1.136165376E2,3.823050261E0,3.598950148E0,-3.573000193E0
1.136189811E2,-1.570050120E0,6.028950214E0,1.596000075E0
1.136214248E2,2.346000195E0,5.032950401E0,2.661000013E0
1.136238684E2,5.614050388E0,3.598950148E0,-1.723950028E0
1.136263118E2,1.090500057E-1,4.036950111E0,-1.902000070E0
1.136287555E2,-8.950500488E-1,4.024950027E0,1.885050058E0
1.136311989E2,6.210000515E0,4.561050415E0,-9.460500479E-1
1.136336425E2,6.507000446E0,4.447950363E0,-5.449950218E0
1.136360860E2,8.869500160E-1,4.594950199E0,-4.600500166E-1
1.136385297E2,1.012050033E0,9.151050568E0,2.065050125E0
1.136409733E2,3.877950191E0,1.070505047E1,-5.389500260E-1
1.136434168E2,1.821000099E0,8.032950401E0,-2.955000162E0
1.136458605E2,1.113000035E0,9.216000557E0,-7.309500575E-1
1.136483041E2,4.117050171E0,9.478950500E0,-3.601050138E0
1.136507476E2,6.181050301E0,1.061100006E1,-8.485950470E0
1.136531912E2,3.142950058E0,8.767950058E0,-8.839950562E0
1.136556347E2,1.240500063E-1,8.332050323E0,-2.047950029E0
1.136580783E2,4.311000347E0,9.939000130E0,-1.243050098E0
1.136605217E2,4.210950375E0,1.067805004E1,-3.561000109E0
1.136629654E2,4.609500170E-1,9.571950912E0,-1.293000102E0
1.136654091E2,1.255950093E0,8.575950623E0,-1.969500035E-1
1.136678525E2,6.379950523E0,8.830050468E0,-4.011000156E0
1.136702961E2,5.133000374E0,6.685050488E0,-7.693050385E0
1.136727398E2,1.215000033E0,6.642000198E0,-3.664050102E0
1.136751833E2,4.354050159E0,9.168000221E0,-1.843950033E0
1.136776269E2,5.158950329E0,9.370950699E0,-2.641050100E0
1.136800703E2,7.750500441E-1,7.401000500E0,5.805000290E-2
1.136825140E2,-7.849500179E-1,9.534000397E0,3.994950294E0
1.136849574E2,4.183950424E0,8.599950790E0,5.779500008E-1
1.136874010E2,7.615050316E0,7.726050377E0,-7.159050465E0
1.136898447E2,1.194000006E0,7.291050434E0,-8.275050163E0
1.136922882E2,2.509500086E-1,7.800000191E0,-3.010050058E0
1.136947318E2,4.386000156E0,7.993950367E0,-1.305000067E0
1.136971753E2,2.530050039E0,7.279050350E0,-3.409950256E0
1.136996189E2,-9.810000658E-1,6.499950409E0,2.160000056E-1
1.137020624E2,3.751050234E0,7.165950298E0,2.479500175E-1
1.137045060E2,8.809950829E0,6.096000195E0,-5.749050140E0
1.137069497E2,3.246000051E0,4.542000294E0,-6.793050289E0
1.137093931E2,-7.039500475E-1,6.687000275E0,-4.980000257E-1
1.137118367E2,2.155950069E0,8.811000824E0,2.280000210E0
1.137142802E2,3.913950205E0,7.249950409E0,-1.469999999E-1
1.137167239E2,-6.900000572E-2,6.354000092E0,1.039950013E0
1.137191675E2,-1.036949992E0,7.053000450E0,2.116950035E0
1.137216110E2,4.074000359E0,8.764950752E0,1.105050087E0
1.137240546E2,6.129000187E0,8.346000671E0,-7.351050377E0
1.137264980E2,1.146000028E0,6.627000332E0,-4.698000431E0
1.137289417E2,6.499500275E-1,1.056405067E1,-3.760500252E-1
1.137313851E2,3.154950142E0,1.189200020E1,-1.975950122E0
1.137338288E2,2.524950027E0,1.114500046E1,-2.839950085E0
1.137362724E2,1.447950125E0,1.095405006E1,-3.480000198E-1
1.137387159E2,5.178000450E0,1.091805077E1,-2.779950142E0
1.137411595E2,8.176050186E0,1.167195034E1,-8.835000038E0
1.137436032E2,3.583050251E0,1.028100014E1,-7.909050465E0
1.137460467E2,1.678050041E0,1.198995018E1,-1.741050124E0
1.137484903E2,5.869950294E0,1.306605053E1,-2.068950176E0
1.137509338E2,5.178000450E0,1.251705074E1,-2.494950056E0
1.137533774E2,1.086000085E0,1.239000034E1,6.310500503E-1
1.137558208E2,3.888000250E0,1.074105072E1,8.509500623E-1
1.137582645E2,1.076895046E1,1.173705101E1,-5.646000385E0
1.137607081E2,6.652950287E0,1.133700085E1,-1.005900002E1
1.137631516E2,1.495950103E0,1.171005058E1,-5.110050201E0
1.137655952E2,2.595000029E0,1.253595066E1,6.930000186E-1
1.137680387E2,3.568950176E0,1.368600082E1,6.430500150E-1
1.137704823E2,2.440950155E0,1.201905060E1,-2.646000147E0
1.137729258E2,4.057950020E0,1.104495049E1,-1.201950073E0
1.137753694E2,7.432950497E0,1.054695034E1,-3.103050232E0
1.137778131E2,7.387950420E0,9.666000366E0,-7.597950459E0
1.137802565E2,2.179949999E0,1.008705044E1,-4.818000317E0
1.137827001E2,1.840050101E0,1.113300037E1,1.126049995E0
1.137851438E2,4.243950367E0,1.196205044E1,2.034000158E0
1.137875873E2,2.122950077E0,9.514950752E0,4.905000329E-2
1.137900309E2,6.100500226E-1,9.373950005E0,4.410000145E-1
1.137924744E2,1.479000092E0,9.900000572E0,6.930000186E-1
1.137949180E2,6.121050358E0,1.051305008E1,-4.144950390E0
1.137973615E2,2.890950203E0,8.574000359E0,-5.605950356E0
1.137998051E2,7.530000210E-1,8.844000816E0,1.324950099E0
1.138022485E2,8.200500607E-1,8.808000565E0,1.227000117E0
1.138046922E2,5.160000324E-1,8.718000412E0,-4.840500355E-1
1.138071358E2,4.590000212E-1,5.458950043E0,1.165050030E0
1.138095793E2,-1.939500123E-1,6.169950485E0,5.400000140E-2
1.138120229E2,7.927050591E0,7.615950584E0,-1.008000016E0
1.138144666E2,7.137000561E0,4.434000015E0,-9.393000603E0
1.138169101E2,2.226000071E0,3.268050194E0,-8.209950447E0
1.138193537E2,1.809000134E0,5.061000347E0,-5.941050053E0
1.138217972E2,3.220050097E0,6.409050465E0,-4.978050232E0
1.138242408E2,7.800000310E-1,2.848950148E0,-5.064000130E0
1.138266843E2,-1.836000085E0,1.800000072E0,2.752050161E0
1.138291279E2,-1.717050076E0,1.153950095E0,4.669950008E0
1.138315715E2,3.868050098E0,1.462950110E0,1.471050024E0
1.138340150E2,4.072050095E0,2.820000052E-1,-2.289000034E0
1.138364586E2,1.359000087E0,9.600000083E-2,3.859500289E-1
1.138389021E2,2.379000187E0,1.594950080E0,2.721000195E0
1.138413457E2,5.377050400E0,1.025895023E1,1.540050030E0
1.138437894E2,6.991050243E0,6.169950485E0,-2.874000072E0
1.138462328E2,6.358050346E0,3.910050154E0,-8.887950897E0
1.138486764E2,1.247595024E1,6.570000172E0,-1.342995071E1
1.138511199E2,8.995050430E0,5.719950199E0,-1.450695038E1
1.138535635E2,2.395950079E0,7.053000450E0,-1.490295029E1
1.138560070E2,7.114950180E0,7.848000526E0,-1.648005104E1
1.138584507E2,8.644950867E0,9.473999977E0,-1.130895042E1
1.138608943E2,7.099500299E-1,9.055050850E0,-3.613050222E0
1.138633377E2,-1.029000044E0,8.827950478E0,4.689000130E0
1.138657814E2,-6.870000362E-1,1.646805000E1,7.183950424E0
1.138682248E2,2.568000078E0,1.549095058E1,4.513950348E0
1.138706685E2,2.772000074E0,1.000095081E1,-1.008000016E0
1.138731119E2,1.246950030E0,1.147605038E1,-3.384000063E0
1.138755556E2,2.314050198E0,1.322595024E1,1.227000117E0
1.138779992E2,3.897000074E0,1.464795113E1,1.023000002E0
1.138804427E2,3.186000109E0,1.248600101E1,-4.050000310E-1
1.138828863E2,1.681950092E0,1.313295078E1,-1.405950069E0
1.138853300E2,3.385050058E0,1.599405098E1,1.255950093E0
1.138877734E2,3.399000168E0,1.487595081E1,2.380950212E0
1.138902171E2,2.230950117E0,1.176795101E1,-4.720500112E-1
1.138926605E2,1.666050076E0,1.427895069E1,-2.476050138E0
1.138951041E2,1.927050114E0,1.537395096E1,1.284000039E0
1.138975476E2,8.505000174E-2,1.162395096E1,6.229500175E-1
1.138999912E2,-1.615950108E0,5.916000366E0,3.043950081E0
1.139024349E2,-8.089500666E-1,6.405000210E0,9.490500689E-1
1.139048784E2,7.168050289E0,1.409505081E1,2.278050184E0
1.139073220E2,4.374000072E0,7.293000221E0,-9.466950417E0
1.139097654E2,1.636950135E0,4.470000267E0,-4.576050282E0
1.139122091E2,4.488000393E0,1.086300087E1,-1.139205074E1
1.139146528E2,4.263000011E0,1.179900074E1,-5.488050461E0
1.139170961E2,7.630500197E-1,4.792950153E0,-2.859000206E0
1.139195398E2,1.584000111E0,3.634050131E0,-2.590950012E0
1.139219833E2,7.486050129E0,1.194705009E1,-4.818000317E0
1.139244269E2,3.756000280E0,5.100000381E0,-7.320000172E0
1.139268703E2,2.461050034E0,4.249950409E0,8.770500422E-1
1.139293139E2,4.357050419E0,1.152600098E1,1.210050106E0
1.139317576E2,6.427950382E0,9.948000908E0,-4.042050362E0
1.139342011E2,2.382000208E0,7.237950325E0,-4.114050388E0
1.139366447E2,-8.740500212E-1,7.839000225E0,9.610500336E-1
1.139390882E2,8.062950134E0,7.834050179E0,-2.275050163E0
1.139415319E2,1.060800076E1,5.422950268E0,-7.902000427E0
1.139439755E2,1.213050008E0,6.354000092E0,-6.706950188E0
1.139464189E2,1.491000056E0,6.414000511E0,-7.690500617E-1
1.139488625E2,6.801000118E0,7.765050411E0,5.899500251E-1
1.139513060E2,5.745000362E0,8.197950363E0,-1.990050077E0
1.139537496E2,1.399950027E0,7.978050232E0,-2.160000056E-1
1.139561931E2,4.033950329E0,1.062600040E1,-1.786950111E0
1.139586367E2,8.911050797E0,7.281000137E0,-1.145205021E1
1.139610804E2,5.929500461E-1,7.735950470E0,-1.256805038E1
1.139635239E2,-1.851000071E0,5.727000237E0,-3.384000063E0
1.139659675E2,2.863050222E0,5.116050243E0,-1.741050124E0
1.139684110E2,8.428950310E0,3.835950136E0,-4.565999985E0
1.139708546E2,3.499950171E0,3.601050138E0,-3.490950108E0
1.139732980E2,2.299950123E0,4.851000309E0,-2.179500163E-1
1.139757416E2,9.283950806E0,4.768950462E0,-1.948950052E0
1.139781851E2,7.374000549E0,4.008000374E0,-7.552050591E0
1.139806288E2,-5.119500160E-1,3.547950268E0,-3.502950191E0
1.139830724E2,-1.200000010E-2,2.823000193E0,-7.690500617E-1
1.139855159E2,7.783050537E0,2.832000017E0,-8.430000544E-1
1.139879595E2,6.922950268E0,1.708950043E0,-3.417000055E0
1.139904032E2,1.048050046E0,3.120000124E0,-8.620500565E-1
1.139928467E2,4.042950153E0,4.645050049E0,1.797000051E0
1.139952903E2,7.693950176E0,7.282950401E0,-2.734950066E0
1.139977337E2,2.815050125E0,7.087050438E0,-4.328999996E0
1.140001773E2,-4.930500090E-1,8.089950562E0,2.740050077E0
1.140026208E2,-4.740000367E-1,1.120005035E1,1.009500027E-1
1.140050645E2,2.025000095E0,1.274700069E1,-5.629500151E-1
1.140075081E2,1.966950059E0,1.144695091E1,2.071950197E0
1.140099515E2,2.170500159E-1,1.111395073E1,6.810000539E-1
1.140123952E2,4.590000212E-1,1.303905106E1,-1.095000029E0
1.140148386E2,1.354050040E0,1.449000072E1,-2.710500062E-1
1.140172823E2,5.070000291E-1,1.161705017E1,3.600000143E-1
1.140197259E2,-7.300500274E-1,8.875950813E0,-3.051000118E0
1.140221694E2,-3.241950035E0,1.655895042E1,-2.674950123E0
1.140246130E2,-1.696950078E0,1.135605049E1,3.784050226E0
1.140270565E2,-2.695950031E0,1.185600090E1,-7.950000167E-1
1.140295001E2,-3.304050207E0,1.224900055E1,-2.313000202E0
1.140319436E2,-2.262000084E0,1.281705093E1,2.107950211E0
1.140343872E2,5.400000140E-2,9.558000565E0,1.557000041E0
1.140368309E2,1.684950113E0,7.204050541E0,-2.293950081E0
1.140392743E2,2.959050179E0,1.000995064E1,3.906000137E0
1.140417179E2,4.567049980E0,1.228500080E1,7.471050262E0
1.140441614E2,3.133050203E0,6.337950230E0,5.910000324E0
1.140466050E2,1.259595013E1,3.862050295E0,2.143949986E0
1.140490487E2,1.675905037E1,8.278950691E0,-1.413195038E1
1.140514922E2,1.169295025E1,1.040295029E1,-2.331105042E1
1.140539358E2,1.159950018E0,7.120950222E0,-2.711805153E1
1.140563792E2,-1.170000061E-1,7.827000141E0,-1.203705025E1
1.140588229E2,4.455000401E0,1.277100086E1,-1.800000072E-1
1.140612663E2,3.430050135E0,1.220595074E1,4.786950111E0
1.140637099E2,1.120050073E0,1.064700031E1,4.888050079E0
1.140661536E2,1.000050068E0,1.137795067E1,4.480950356E0
1.140685971E2,8.259000778E0,1.120005035E1,2.412000179E0
1.140710407E2,8.046000481E0,7.587000370E0,-1.044900036E1
1.140734842E2,4.386000156E0,9.453000069E0,-1.339395046E1
1.140759279E2,5.259000301E0,1.222995090E1,-1.187400055E1
1.140783712E2,5.428950310E0,1.189995098E1,-6.570000172E0
1.140808149E2,8.950500488E-1,9.661050797E0,-2.416050196E0
1.140832585E2,2.776950121E0,9.745050430E0,1.657950044E0
1.140857020E2,7.441050529E0,1.109505081E1,8.100000620E-1
1.140881456E2,7.795050144E0,7.864950180E0,-6.714000225E0
1.140905891E2,7.510500550E-1,7.008000374E0,-4.948950291E0
1.140930327E2,3.030000031E-1,7.003050327E0,-7.909500599E-1
1.140954764E2,5.014950275E0,8.959050179E0,-1.011000037E0
1.140979199E2,4.054950237E0,6.454950333E0,-1.819950104E0
1.141003635E2,1.018950105E0,5.647950172E0,-6.850500107E-1
1.141028069E2,3.922950268E0,6.168000221E0,4.320000112E-1
1.141052506E2,8.377050400E0,6.955050468E0,-4.333950043E0
1.141076940E2,3.612000227E0,4.305000305E0,-7.171050549E0
1.141101377E2,2.359500080E-1,3.163050175E0,-3.090000153E-1
1.141125811E2,3.154950142E0,5.761050224E0,3.058050156E0
1.141150248E2,5.116050243E0,6.394950390E0,2.505000122E-2
1.141174684E2,5.760000348E-1,3.010050058E0,-5.779500008E-1
1.141199119E2,-7.800000310E-1,4.342950344E0,2.875950098E0
1.141223555E2,2.781000137E0,5.653050423E0,-1.011000037E0
1.141247992E2,5.310000420E0,6.520050526E0,-7.186050415E0
1.141272426E2,4.540500343E-1,3.603000164E0,-5.115000248E0
1.141296863E2,-7.090500593E-1,2.892000198E0,8.340000510E-1
1.141321297E2,2.686050177E0,9.160050392E0,2.098050117E0
1.141345733E2,2.235000134E0,7.567950249E0,-5.820000172E-1
1.141370170E2,8.370000124E-1,4.662000179E0,-5.460000038E-1
1.141394604E2,5.475000381E0,6.742050171E0,6.690000296E-1
1.141419041E2,8.728950500E0,5.835000515E0,-7.638000488E0
1.141443476E2,4.588950157E0,5.968950272E0,-5.506950378E0
1.141467912E2,1.147950053E0,6.879000187E0,2.830500007E-1
1.141492346E2,3.238950253E0,8.500050545E0,3.058050156E0
1.141516782E2,4.897950172E0,9.465000153E0,1.653000116E0
1.141541217E2,1.369050026E0,8.016000748E0,-2.779500186E-1
1.141565654E2,1.909500062E-1,7.963050365E0,1.300950050E0
1.141590090E2,3.628950119E0,8.662050247E0,-3.774000168E0
1.141614525E2,3.454050064E0,8.296050072E0,-9.678000450E0
1.141638961E2,-9.070500135E-1,7.549050331E0,-6.420000076E0
1.141663396E2,-8.689500690E-1,5.908950329E0,-1.585050106E0
1.141687832E2,3.706050158E0,7.461000443E0,-1.035000086E0
1.141712266E2,3.483000278E0,6.826050282E0,-1.114050031E0
1.141736702E2,8.160000443E-1,5.169000149E0,5.640000105E-1
1.141761139E2,1.050000072E0,6.366000175E0,-1.060500070E-1
1.141785574E2,4.399950027E0,4.930050373E0,-3.973050117E0
1.141810010E2,2.221050024E0,2.514000177E0,-4.734000206E0
1.141834445E2,-9.070500135E-1,3.828000069E0,7.170000076E-1
1.141858881E2,9.900000691E-1,6.663000107E0,4.186050415E0
1.141883318E2,3.175950050E0,7.294950485E0,3.169050217E0
1.141907752E2,3.157050133E0,8.116950035E0,2.034000158E0
1.141932188E2,2.073000193E0,9.216000557E0,7.380000353E-1
1.141956623E2,2.213999987E0,1.375005054E1,1.230000034E-1
1.141981059E2,7.374000549E0,1.475100040E1,-6.760500073E-1
1.142005494E2,2.269050121E0,1.052295017E1,-7.425000191E0
1.142029930E2,3.174000263E0,1.272795105E1,-5.209950447E0
1.142054367E2,4.687050343E0,1.362600040E1,-8.308950424E0
1.142078802E2,5.407950401E0,1.217505074E1,-9.333000183E0
1.142103238E2,2.875050068E0,8.883000374E0,-7.047000408E0
1.142127672E2,2.425050020E0,7.603950500E0,-5.530950069E0
1.142152108E2,8.925000191E0,1.041300011E1,-7.842000484E0
1.142176545E2,8.044050217E0,8.446949959E0,-1.050705051E1
1.142200980E2,2.877000093E0,6.792000294E0,-6.001050472E0
1.142225416E2,4.612950325E0,1.181295013E1,-1.560000032E-1
1.142249851E2,4.527000427E0,1.442505074E1,-3.640500307E-1
1.142274287E2,3.079500198E-1,1.163100052E1,8.029500246E-1
1.142298721E2,-2.767950058E0,1.031700039E1,6.424950123E0
1.142323157E2,-2.571000099E0,1.066395092E1,3.346050262E0
1.142347592E2,2.656950235E0,1.229700089E1,2.989050150E0
1.142372029E2,7.299000263E0,1.202400017E1,2.242050171E0
1.142396465E2,4.692000389E0,1.019700050E1,2.821050167E0
1.142420900E2,7.369050503E0,1.524405098E1,2.134050131E0
1.142445336E2,9.526050568E0,1.697504997E1,-1.038195038E1
1.142469771E2,4.809000015E0,1.478205109E1,-1.039605045E1
1.142494207E2,2.335950136E0,1.145700073E1,-7.285950184E0
1.142518644E2,3.217050076E0,1.247895050E1,-4.042050362E0
1.142543078E2,5.104050159E0,1.392495060E1,-8.839950562E0
1.142567514E2,1.951050043E0,8.701050758E0,-4.618950367E0
1.142591949E2,1.419000030E0,8.695950508E0,3.169500232E-1
1.142616385E2,6.961950302E0,1.040295029E1,-3.673050165E0
1.142640820E2,4.756950378E0,8.904000282E0,-2.467050076E0
1.142665256E2,2.689950228E0,6.226950169E0,6.520500183E-1
1.142689693E2,3.277050257E0,9.192000389E0,6.709500551E-1
1.142714127E2,2.872050047E0,1.141605091E1,-3.790500164E-1
1.142738564E2,-1.630500108E-1,5.337000370E0,4.165050030E0
1.142762998E2,3.299999982E-2,4.968000412E0,2.977050066E0
1.142787435E2,-1.645050049E0,1.124295044E1,3.334050179E0
1.142811871E2,1.711050034E0,7.932000160E0,4.528950214E0
1.142836306E2,3.339000225E0,6.132000446E0,4.180950165E0
1.142860742E2,2.833950043E0,1.045800018E1,2.077050209E0
1.142885177E2,4.909950256E0,1.224405098E1,4.444950104E0
1.142909613E2,6.811050415E0,7.269000530E0,-3.939000130E0
1.142934047E2,1.765950084E0,8.251049995E0,-1.758000135E0
1.142958484E2,4.194000244E0,1.249800014E1,-7.561950207E0
1.142982918E2,5.712000370E0,9.675000191E0,-1.390605068E1
1.143007355E2,2.463000059E0,9.955050468E0,-1.108605099E1
1.143031791E2,-7.519500256E-1,8.302950859E0,-1.803000093E0
1.143056226E2,1.243950009E0,9.795000076E0,1.473000050E0
1.143080662E2,4.986000061E0,1.422900105E1,6.599999964E-2
1.143105097E2,2.503950119E0,8.539950371E0,6.550500393E-1
1.143129533E2,1.599000096E0,4.924950123E0,2.205000073E-2
1.143153970E2,4.905000210E0,9.472050667E0,1.186050057E0
1.143178404E2,9.040050507E0,9.570000648E0,-3.172950268E0
1.143202840E2,3.187950134E0,5.382000446E0,-6.385950089E0
1.143227275E2,1.362000108E0,6.358950138E0,-1.834950089E0
1.143251711E2,6.100050449E0,8.344050407E0,-8.965050697E0
1.143276146E2,8.406000137E0,4.882050037E0,-1.312605095E1
1.143300582E2,2.282999992E0,4.029000282E0,-1.026000023E1
1.143325019E2,5.910000205E-1,5.356050491E0,-2.376000166E0
1.143349454E2,6.363000393E0,5.968950272E0,1.654950023E0
1.143373890E2,4.198950291E0,2.260050058E0,-7.549500465E-1
1.143398324E2,-1.105949998E0,3.816000223E0,2.038050175E0
1.143422761E2,3.484950066E0,3.618000269E0,2.290050030E0
1.143447197E2,1.015800095E1,3.784950256E0,-2.554950237E0
1.143471632E2,6.706050396E0,3.286950111E0,-6.172950268E0
1.143496068E2,-1.099500060E-1,5.014050007E0,-2.254050016E0
1.143520503E2,2.085000038E0,9.036000252E0,2.500950098E0
1.143544939E2,4.407000065E0,8.290950775E0,-5.800500512E-1
1.143569373E2,7.459500432E-1,9.328050613E0,-1.237950087E0
1.143593810E2,-1.004999995E0,8.136000633E0,1.621950030E0
1.143618244E2,1.125000000E0,7.425000191E0,1.636050105E0
1.143642680E2,2.532000065E0,1.035795021E1,-4.546950340E0
1.143667117E2,1.551000118E0,8.695950508E0,-4.427999973E0
1.143691552E2,1.630050063E0,7.924950600E0,-1.168950081E0
1.143715988E2,2.614050150E0,1.093005085E1,-5.436000347E0
1.143740423E2,3.010950089E0,1.207905102E1,-4.528050423E0
1.143764860E2,1.230000019E0,1.257195091E1,-6.799500585E-1
1.143789294E2,2.404950142E0,1.137300014E1,5.680500269E-1
1.143813730E2,4.651050091E0,1.217700100E1,-3.625050068E0
1.143838164E2,4.189050198E0,1.268205070E1,-5.815950394E0
1.143862601E2,1.350000024E0,1.021200085E1,-1.533000112E0
1.143887037E2,1.215000033E0,1.068600082E1,3.649500310E-1
1.143911472E2,3.163950205E0,1.109295082E1,-7.090500593E-1
1.143935908E2,2.745000124E0,9.984000206E0,-1.465950012E0
1.143960343E2,4.825950146E0,9.478950500E0,-2.545950174E0
1.143984780E2,8.788949966E0,9.421050072E0,-4.273950100E0
1.144009216E2,9.612000465E0,1.020000076E1,-9.574950218E0
1.144033651E2,3.265050173E0,1.092705059E1,-8.569950104E0
1.144058087E2,1.204050064E0,1.127505016E1,-9.030000567E-1
1.144082521E2,2.923050165E0,1.270605087E1,-7.140000463E-1
1.144106957E2,2.815050125E0,9.868950844E0,-3.333000183E0
1.144131394E2,9.330000281E-1,8.739000320E0,-2.433000088E0
1.144155829E2,4.479000092E0,7.903050423E0,-2.605050087E0
1.144180265E2,1.111305046E1,7.510950565E0,-7.786950588E0
1.144204700E2,7.369050503E0,6.265950203E0,-1.132800007E1
1.144229136E2,1.306050062E0,7.458000183E0,-4.162050247E0
1.144253571E2,3.306000233E0,9.601050377E0,2.875950098E0
1.144278007E2,4.587000370E0,8.410950661E0,1.354050040E0
1.144302444E2,3.628950119E0,4.978050232E0,-4.410000145E-1
1.144326879E2,4.933950424E0,7.030050278E0,-1.699950099E0
1.144351315E2,1.063905048E1,5.964000225E0,-6.982050419E0
1.144375749E2,1.108200073E1,4.575000286E0,-1.111500072E1
1.144400186E2,2.475000143E0,5.871000290E0,-7.297950268E0
1.144424620E2,-4.330500066E-1,6.891000271E0,-1.771950126E0
1.144449056E2,4.531949997E0,7.513050556E0,1.015950084E0
1.144473493E2,5.020050049E0,5.466000080E0,-1.300500035E-1
1.144497927E2,-5.890500546E-1,5.728950500E0,-2.899500132E-1
1.144522364E2,2.896050215E0,5.337000370E0,9.000000358E-2
1.144546799E2,1.074705029E1,5.614950180E0,-4.095000267E0
1.144571235E2,4.761000156E0,4.276050091E0,-9.448050499E0
1.144595670E2,-1.999050140E0,4.951050282E0,-3.312000275E0
1.144620106E2,-1.597050071E0,4.935000420E0,3.577950239E0
1.144644543E2,6.310500503E-1,5.550000191E0,3.018000126E0
1.144668977E2,9.880500436E-1,4.222949982E0,-1.849500090E-1
1.144693413E2,8.230500221E-1,2.005950212E0,1.023000002E0
1.144717848E2,6.991050243E0,2.479950190E0,-3.166050196E0
1.144742284E2,9.069000244E0,2.071050167E0,-1.048500061E1
1.144766721E2,1.777950048E0,1.245000005E0,-5.395050049E0
1.144791156E2,1.360500008E-1,3.445050240E0,3.633000135E0
1.144815592E2,2.140050173E0,6.951000214E0,3.066000223E0
1.144840026E2,1.996050119E0,7.384050369E0,2.268000126E0
1.144864463E2,8.320500255E-1,5.830050468E0,2.223000050E0
1.144888897E2,1.030950069E0,7.827000141E0,-1.461000085E0
1.144913333E2,8.580000877E0,1.085100079E1,9.300000668E-1
1.144937768E2,6.655050278E0,1.017600060E1,-1.025805092E1
1.144962204E2,2.616000175E0,9.702000618E0,-5.257950306E0
1.144986641E2,1.453050017E0,1.282095051E1,-2.610000134E0
1.145011076E2,3.547950268E0,1.427205086E1,-1.080000028E-1
1.145035512E2,3.346050262E0,1.477695084E1,-5.100000501E-1
1.145059946E2,2.701950073E0,1.211700058E1,-9.679500461E-1
1.145084383E2,3.832050085E0,1.120005035E1,-2.074050188E0
1.145108817E2,5.116050243E0,1.245705032E1,-7.978050232E0
1.145133254E2,1.579050064E0,1.169595051E1,-7.048950195E0
1.145157690E2,3.319500089E-1,1.040505028E1,-2.694000244E0
1.145182125E2,2.377050161E0,1.167405033E1,-5.700000525E-1
1.145206561E2,3.223950148E0,1.461000061E1,-6.040500402E-1
1.145230996E2,1.957950115E0,1.200195026E1,-2.689500153E-1
1.145255432E2,3.229050159E0,1.038195038E1,1.633950114E0
1.145279867E2,4.888050079E0,1.351095104E1,-1.387050033E0
1.145304303E2,3.709950209E0,1.252200031E1,-3.669000149E0
1.145328737E2,1.350000024E0,9.048000336E0,-3.790500164E-1
1.145353174E2,9.810000658E-1,8.776950836E0,2.998950243E0
1.145377610E2,-1.395000052E-2,1.150395012E1,2.023950100E0
1.145402045E2,-7.060500383E-1,7.129950523E0,1.408950090E0
1.145426481E2,-3.570000231E-1,7.999050617E0,1.009500027E-1
1.145450916E2,3.198000193E0,9.108000755E0,-3.652050257E0
1.145475353E2,5.905950069E0,9.429000854E0,-6.787950516E0
1.145499789E2,3.028050184E0,8.847000122E0,-8.529000282E0
1.145524223E2,8.470500112E-1,9.559950829E0,-8.910000324E-1
1.145548660E2,2.896050215E0,1.132500076E1,1.243950009E0
1.145573094E2,5.551950455E0,1.044105053E1,-2.743950129E0
1.145597530E2,2.817000151E0,7.441050529E0,-3.598950148E0
1.145621965E2,4.177050114E0,9.151050568E0,-2.457000017E0
1.145646401E2,9.463950157E0,1.024005032E1,-5.743950367E0
1.145670836E2,6.840000153E0,8.302950859E0,-9.529950142E0
1.145695273E2,1.375950098E0,9.831000328E0,-7.021050453E0
1.145719709E2,4.920000136E-1,1.041495037E1,-4.459500313E-1
1.145744143E2,3.439950228E0,1.190700054E1,2.569500208E-1
1.145768580E2,2.800950050E0,9.187050819E0,-2.191050053E0
1.145793014E2,1.393050075E0,9.976950645E0,-1.557000041E0
1.145817451E2,5.734050274E0,1.078905010E1,-2.349000216E0
1.145841887E2,9.598050117E0,9.646050453E0,-7.789050579E0
1.145866322E2,3.283950090E0,8.278950691E0,-7.887000561E0
1.145890758E2,1.125000000E0,1.060905075E1,-1.504050016E0
1.145915193E2,4.993950367E0,1.205805016E1,1.762950063E0
1.145939629E2,6.568950176E0,1.072605038E1,-8.029500246E-1
1.145964063E2,2.977950096E0,9.691950798E0,-2.035950184E0
1.145988499E2,3.519000053E0,1.119795036E1,-2.086050034E0
1.146012934E2,7.813950539E0,1.093200016E1,-5.397000313E0
1.146037371E2,6.112050056E0,9.440999985E0,-9.453000069E0
1.146061807E2,2.629500031E-1,8.928000450E0,-5.895000458E0
1.146086242E2,-1.170000061E-1,7.912950516E0,7.650000453E-1
1.146110678E2,4.219950199E0,9.970050812E0,2.149049997E0
1.146135112E2,4.467000008E0,7.317000389E0,-1.462950110E0
1.146159549E2,2.062950134E0,6.048000336E0,-8.380500674E-1
1.146183986E2,3.483000278E0,8.149950027E0,-6.520500183E-1
1.146208420E2,6.217050076E0,8.095050812E0,-3.870000124E0
1.146232856E2,3.076050043E0,5.497050285E0,-5.359050274E0
1.146257291E2,5.895000324E-2,4.147050381E0,1.102050066E0
1.146281727E2,1.017000079E0,7.234950542E0,3.199950218E0
1.146306162E2,3.400950193E0,7.981950283E0,1.513950109E0
1.146330598E2,1.600950122E0,4.894050121E0,5.179499984E-1
1.146355032E2,3.420000076E-1,5.965950489E0,2.050050020E0
1.146379469E2,1.993950129E0,7.839000225E0,1.039500013E-1
1.146403906E2,3.163950205E0,7.884000301E0,-4.837050438E0
1.146428340E2,1.950000064E-3,5.928000450E0,-3.714000225E0
1.146452776E2,-1.044000030E0,4.896000385E0,1.078050017E0
1.146477211E2,-1.723950028E0,7.812000275E0,1.014000058E0
1.146501647E2,-6.195000187E-2,8.188050270E0,1.219950080E0
1.146526084E2,8.680500388E-1,6.558000088E0,-6.420000196E-1
1.146550519E2,7.530000210E-1,6.538950443E0,-7.210500240E-1
1.146574955E2,1.845000029E0,8.479949951E0,1.782000065E0
1.146599389E2,2.371950150E0,7.911000252E0,1.366050124E0
1.146623825E2,9.900000691E-1,3.924000263E0,-3.979500234E-1
1.146648260E2,1.447950125E0,7.120950222E0,1.399500072E-1
1.146672696E2,3.205050230E0,8.871000290E0,3.753000259E0
1.146697131E2,2.221050024E0,4.324050426E0,2.632050037E0
1.146721567E2,1.789950132E0,2.695950031E0,-3.645000219E0
1.146746002E2,6.423000336E0,4.932000160E0,-8.280000687E0
1.146770438E2,7.141050339E0,6.223050117E0,-1.510605049E1
1.146794875E2,1.267950058E0,3.808950186E0,-1.134195042E1
1.146819309E2,-1.855050087E0,3.796950102E0,-4.542000294E0
1.146843745E2,1.716000080E0,7.743000507E0,2.581950188E0
1.146868180E2,4.227000237E0,4.599000454E0,-1.855950117E0
1.146892617E2,2.877000093E0,6.409050465E0,-1.600050092E0
1.146917053E2,5.056050301E0,7.783950329E0,3.889500201E-1
1.146941488E2,1.149195099E1,6.630000114E0,-4.416000366E0
1.146965924E2,1.084800053E1,8.545050621E0,-9.769050598E0
1.146990358E2,2.548950195E0,8.907000542E0,-1.118895054E1
1.147014795E2,3.259950161E0,9.943050385E0,-8.251049995E0
1.147039231E2,8.980050087E0,8.755949974E0,-6.790950298E0
1.147063665E2,4.030950069E0,9.277950287E0,-7.056000233E0
1.147088102E2,5.160000324E-1,9.274950027E0,-4.789500237E-1
1.147112536E2,4.471950054E0,8.536050797E0,2.082000017E0
1.147136973E2,1.042605019E1,1.054395008E1,-6.628050327E0
1.147161407E2,7.060050488E0,9.556050301E0,-8.062050819E0
1.147185843E2,1.243950009E0,1.079100037E1,-9.010500312E-1
1.147210278E2,1.587000132E0,1.264395046E1,-2.449500114E-1
1.147234714E2,2.877000093E0,1.327905083E1,-1.807950139E0
1.147259149E2,2.568000078E0,1.224900055E1,-2.146050215E0
1.147283586E2,1.267950058E0,7.099050522E0,-1.699950099E0
1.147308022E2,3.559050083E0,7.108950138E0,-5.446950436E0
1.147332457E2,6.382050514E0,5.215050220E0,-1.275705051E1
1.147356893E2,1.777950048E0,3.328050137E0,-7.377000332E0
1.147381327E2,7.099500299E-1,3.273000240E0,-3.760500252E-1
1.147405764E2,4.279950142E0,8.365950584E0,-4.480500221E-1
1.147430201E2,2.671050072E0,4.276050091E0,-1.513950109E0
1.147454634E2,1.741950035E0,1.621050119E0,5.698950291E0
1.147479071E2,2.212050200E0,7.204050541E0,6.496950150E0
1.147503505E2,4.905000210E0,7.024950504E0,2.340000153E0
1.147527942E2,6.502050400E0,3.735000134E0,-4.339500070E-1
1.147552377E2,1.599000096E0,2.770050049E0,-8.190000653E-1
1.147576813E2,4.201050282E0,7.674000263E0,2.119500041E-1
1.147601247E2,6.387000084E0,9.378000259E0,-5.062050343E0
1.147625684E2,2.274000168E0,9.589050293E0,-2.899950027E0
1.147650118E2,1.672950029E0,1.154505062E1,-2.803950071E0
1.147674555E2,3.162000179E0,1.188795090E1,-3.754950285E0
1.147698991E2,3.670050144E0,1.276605034E1,-5.056950092E0
1.147723426E2,2.626050234E0,1.203600025E1,-1.260000110E0
1.147747862E2,1.633950114E0,1.054395008E1,1.773000121E0
1.147772297E2,1.369050026E0,1.263195038E1,-6.300000548E-1
1.147796733E2,2.925000191E0,1.423200035E1,8.200500607E-1
1.147821170E2,2.419950008E0,1.179900074E1,1.830000132E-1
1.147845605E2,3.208050251E0,1.018500042E1,2.809500098E-1
1.147870041E2,7.945950508E0,1.343205070E1,-4.485000134E0
1.147894475E2,6.190950394E0,1.543095112E1,-1.089195061E1
1.147918911E2,3.318000078E0,1.375500107E1,-2.560050011E0
1.147943346E2,4.024050236E0,1.333605099E1,1.519500017E-1
1.147967782E2,4.066950321E0,1.644404984E1,1.591050029E0
1.147992217E2,3.439950228E0,1.476795101E1,-1.129500046E-1
1.148016653E2,1.624950051E0,1.132695007E1,-2.280000210E0
1.148041088E2,1.402050018E0,9.217950821E0,-2.658000231E0
1.148065524E2,3.196050167E0,1.067805004E1,-8.898000717E0
1.148089961E2,1.924050093E0,6.820950508E0,-9.736050606E0
1.148114395E2,1.749000072E0,4.828950405E0,-3.721050262E0
1.148138831E2,4.455000401E0,8.020950317E0,-1.068000078E0
1.148163266E2,4.327950001E0,4.216050148E0,-2.245950222E0
1.148187703E2,1.563000083E0,3.711000204E0,-1.108950019E0
1.148212139E2,1.303950071E0,5.097000122E0,2.187000036E0
1.148236574E2,5.251950264E0,8.940000534E0,9.829500318E-1
1.148261010E2,5.443950176E0,5.305950165E0,-2.443050146E0
1.148285445E2,1.732950091E0,3.460050106E0,-1.066050053E0
1.148309881E2,4.005000114E0,9.745050430E0,-1.114050031E0
1.148334315E2,7.915050507E0,8.224050522E0,-3.790950298E0
1.148358751E2,3.547950268E0,7.408050537E0,-5.284950256E0
1.148383186E2,1.669500023E-1,1.052505016E1,-3.661050081E0
1.148407623E2,2.856000185E0,1.003200054E1,-2.713050127E0
1.148432057E2,6.780000210E0,9.795000076E0,-8.199000359E0
1.148456494E2,2.419950008E0,9.751950264E0,-7.456050396E0
1.148480930E2,-4.429500103E-1,1.153800011E1,1.402050018E0
1.148505364E2,1.678050041E0,1.331895065E1,4.255949974E0
1.148529800E2,4.536000252E0,1.543800068E1,-7.330500484E-1
1.148554235E2,3.940050125E0,1.297500038E1,-2.914050102E0
1.148578671E2,2.841000080E0,1.189200020E1,-1.068000078E0
1.148603108E2,4.207950115E0,1.542405033E1,-2.104950190E0
1.148627543E2,5.869950294E0,1.622100067E1,-6.453000069E0
1.148651979E2,2.760000229E0,1.310100079E1,-4.261950016E0
1.148676414E2,1.297050118E0,1.312095070E1,1.596000075E0
1.148700850E2,3.805950165E0,1.607805061E1,9.079500437E-1
1.148725284E2,4.098000050E0,1.464795113E1,-5.590950489E0
1.148749721E2,2.146950006E0,1.299600029E1,-7.216950417E0
1.148774155E2,1.153050065E0,1.132995033E1,-5.059950352E0
1.148798591E2,2.947050095E0,1.159500027E1,-5.329950333E0
1.148823026E2,2.962950230E0,8.100000381E0,-6.697050095E0
1.148847462E2,1.453050017E0,5.290950298E0,-2.919000149E0
1.148871899E2,5.779050350E0,8.722050667E0,-1.750500053E-1
1.148896334E2,9.164999962E0,9.364050865E0,-2.566950083E0
1.148920770E2,3.412950277E0,4.834050179E0,-2.548050165E0
1.148945204E2,2.226000071E0,9.832950592E0,2.662950039E0
1.148969641E2,7.081050396E0,1.342500019E1,-1.699950099E0
1.148994077E2,5.962950230E0,1.033800030E1,-2.541000128E0
1.149018512E2,2.482050180E0,1.118805027E1,-2.254050016E0
1.149042948E2,2.641950130E0,1.287195015E1,1.255950093E0
1.149067383E2,4.108050346E0,1.239495087E1,6.859500408E-1
1.149091819E2,4.819050312E0,1.303905106E1,-5.898000240E0
1.149116254E2,2.820000172E0,1.224405098E1,-6.550950527E0
1.149140690E2,1.539000034E0,1.018005085E1,-4.368000031E0
1.149165127E2,2.856000185E0,1.111395073E1,-3.601050138E0
1.149189562E2,2.382000208E0,9.907050133E0,-3.642000198E0
1.149213998E2,1.399500072E-1,8.101950645E0,-8.400000632E-2
1.149238433E2,4.920000136E-1,6.760950089E0,2.310000062E-1
1.149262866E2,3.148050070E0,8.557050705E0,2.950500250E-1
1.149287303E2,1.780950069E0,5.037000179E0,-1.048950076E0
1.149311739E2,-1.270500124E-1,1.590000033E0,-6.679500341E-1
1.149336174E2,1.098000050E0,5.863950253E0,-7.240500450E-1
1.149360610E2,1.159950018E0,7.125000477E0,5.388000488E0
1.149385045E2,-1.104000092E0,1.092000008E0,2.491050005E0
1.149409481E2,7.750500441E-1,4.000500143E-1,1.837050080E0
1.149433918E2,3.813000202E0,6.141000271E0,1.548000097E0
1.149458352E2,5.631000042E0,1.204305077E1,2.842950106E0
1.149482789E2,2.752950191E0,5.148000240E0,3.577950239E0
1.149507223E2,2.082000017E0,5.526000500E0,2.814000130E0
1.149531659E2,7.933950424E0,9.736950874E0,-2.140500098E-1
1.149556094E2,5.740950108E0,5.277000427E0,-7.498950481E0
1.149580531E2,2.070000172E-1,3.558000088E0,-1.171800041E1
1.149604967E2,3.021000147E0,3.462000132E0,-1.654005051E1
1.149629402E2,8.688000679E0,2.799000025E0,-1.773300171E1
1.149653838E2,1.921950102E0,3.747000217E0,-1.580505085E1
1.149678273E2,-4.909500182E-1,3.451950073E0,-5.859000206E0
1.149702709E2,3.933000088E0,8.812950134E0,4.099500179E-1
1.149727143E2,3.094950199E0,6.678000450E0,1.200000048E0
1.149751580E2,2.527950048E0,1.669050097E0,3.123000145E0
1.149776014E2,2.970000029E0,6.115050316E0,6.291000366E0
1.149800451E2,4.459950447E0,9.076950073E0,3.073050261E0
1.149824885E2,9.600000381E0,6.907050133E0,5.923950195E0
1.149849322E2,8.911050797E0,4.717050076E0,-1.180500090E-1
1.149873758E2,1.121205044E1,6.550950527E0,-1.038000011E1
1.149898193E2,1.403400040E1,7.579950333E0,-2.015295029E1
1.149922629E2,8.803050041E0,7.627950191E0,-2.212800026E1
1.149947063E2,3.259950161E0,6.832950115E0,-2.080395126E1
1.149971500E2,3.604950190E0,7.324050426E0,-2.027805138E1
1.149995937E2,6.064050198E0,7.530000210E0,-1.303305054E1
1.150020371E2,1.399500072E-1,6.418950081E0,-1.372050047E0
1.150044807E2,2.089050055E0,5.776950359E0,5.272950172E0
1.150069242E2,4.108050346E0,1.212900066E1,3.520950079E0
1.150093678E2,3.871050119E0,1.255800056E1,4.332000256E0
1.150118113E2,2.755050182E0,7.513050556E0,3.925050259E0
1.150142549E2,3.163950205E0,9.546000481E0,6.139500141E-1
1.150166983E2,5.428950310E0,1.433205032E1,2.404950142E0
1.150191420E2,5.041950226E0,1.382895088E1,2.167950153E0
1.150215854E2,3.009000063E0,1.163595009E1,2.307000160E0
1.150240291E2,-3.180000186E-1,1.371705055E1,-2.400000095E-1
1.150264725E2,-2.194950104E0,1.511295033E1,1.131000042E0
1.150289162E2,-2.794050217E0,1.258695030E1,3.777000189E0
1.150313598E2,-4.494000435E0,1.196700096E1,3.240000010E-1
1.150338032E2,-4.546950340E0,1.221300030E1,7.069500089E-1
1.150362469E2,-1.930050135E0,1.365195084E1,6.904050350E0
1.150386903E2,-2.749500275E-1,6.330000401E0,7.531050205E0
1.150411339E2,1.587000132E0,6.835950375E0,4.866000175E0
1.150435776E2,4.078950405E0,9.730050087E0,3.985050201E0
1.150460211E2,6.583050251E0,9.235050201E0,7.938000202E0
1.150484647E2,5.431950092E0,5.497050285E0,3.499050140E0
1.150509082E2,2.800950050E0,5.911050320E0,-8.430000544E-1
1.150533518E2,2.049000025E0,1.187805080E1,-9.169500470E-1
1.150557952E2,2.149049997E0,1.168605042E1,3.895950079E0
1.150582389E2,1.098000050E0,7.068000317E0,2.805000067E0
1.150606825E2,4.470000267E-1,7.803000450E0,2.520000041E-1
1.150631260E2,4.768950462E0,1.403505039E1,6.006000519E0
1.150655696E2,2.601300049E1,8.593050003E0,-1.279995060E1
1.150680131E2,9.298950195E0,2.101950169E0,-4.120095062E1
1.150704567E2,6.475950241E0,6.654000282E0,-3.952800369E1
1.150729002E2,5.473050117E0,8.947050095E0,-3.056400108E1
1.150753438E2,3.217050076E0,6.378000259E0,-2.011005020E1
1.150777873E2,1.219950080E0,3.414000273E0,-6.544050217E0
1.150802309E2,2.290950060E0,6.376050472E0,6.142050266E0
1.150826743E2,3.664950132E0,1.518900108E1,6.511050224E0
1.150851179E2,2.121000051E0,6.622950077E0,2.284950018E0
1.150875614E2,1.611000061E0,2.509050131E0,4.821000099E0
1.150900051E2,5.110950470E0,8.056950569E0,1.416000009E0
1.150924487E2,5.853000164E0,1.104195023E1,6.937050343E0
1.150948922E2,2.925000191E0,6.795000553E0,5.062050343E0
1.150973358E2,1.396950126E0,5.515950203E0,3.264000177E0
1.150997793E2,3.370050192E0,9.487950325E0,3.721950293E0
1.151022228E2,4.488000393E0,9.643950462E0,4.677000046E0
1.151046665E2,3.343950272E0,6.306000233E0,1.945050120E0
1.151071100E2,3.828000069E0,8.491950035E0,1.509000063E0
1.151095536E2,4.378050327E0,1.301805019E1,-2.493000031E0
1.151119971E2,5.620950222E0,1.476495075E1,4.219500124E-1
1.151144407E2,5.125050068E0,1.169100094E1,-4.006050110E0
1.151168842E2,2.425050020E0,1.185195065E1,-7.855950356E0
1.151193278E2,3.921000242E0,1.626900101E1,-1.250100040E1
1.151217712E2,1.656000137E0,1.512495041E1,-1.006605053E1
1.151242149E2,1.198950052E0,8.731950760E0,8.100000620E-1
1.151266585E2,2.772000074E0,1.301295090E1,-2.419500053E-1
1.151291020E2,3.933000088E0,1.767705154E1,3.360000134E0
1.151315456E2,1.464000106E0,1.249305058E1,6.109500527E-1
1.151339891E2,-1.149000049E0,9.019050598E0,-3.441000223E0
1.151364327E2,-5.509500504E-1,9.916950226E0,-2.140500098E-1
1.151388761E2,1.362000108E0,1.371195030E1,5.953050137E0
1.151413198E2,6.960000396E-1,7.789050579E0,2.232000113E0
1.151437632E2,-8.140500188E-1,6.169950485E0,-2.923950195E0
1.151462068E2,2.058000088E0,1.028595066E1,3.373950243E0
1.151486503E2,7.072050571E0,6.412050247E0,-5.218050480E0
1.151510940E2,6.599999964E-2,4.597050190E0,-5.752050400E0
1.151535376E2,2.698050022E0,3.804000139E0,-2.947950125E0
1.151559811E2,6.454050541E0,8.095050812E0,-1.476795101E1
1.151584246E2,6.283950329E0,1.822050095E0,-1.129005051E1
1.151608681E2,4.900500178E-1,3.165000200E0,-6.763950348E0
1.151633117E2,3.445050240E0,8.832000732E0,-3.642000198E0
1.151657552E2,2.752950191E0,9.771000862E0,-3.889050245E0
1.151681989E2,-9.100500345E-1,6.036000252E0,-1.384050012E0
1.151706425E2,-2.823000193E0,7.221000195E0,5.422050476E0
1.151730860E2,-1.932000041E0,4.354950428E0,5.005050182E0
1.151755296E2,1.797000051E0,4.477050304E0,4.200000316E-2
1.151779730E2,5.875050068E0,3.013950109E0,7.650000453E-1
1.151804167E2,9.385050774E0,4.189949989E0,-5.103000164E0
1.151828601E2,1.282500076E1,4.258950233E0,-8.799000740E0
1.151853038E2,7.800000191E0,2.365050077E0,-7.834950447E0
1.151877472E2,-1.429500133E-1,5.203050137E0,-8.743950844E0
1.151901909E2,6.358050346E0,8.398950577E0,-8.458950043E0
1.151926343E2,1.258800030E1,8.794050217E0,-5.746950150E0
1.151950780E2,6.627000332E0,7.279050350E0,-5.017050266E0
1.151975216E2,-8.100000024E-2,9.229950905E0,-1.900500059E-1
1.151999651E2,4.060500264E-1,1.247400093E1,2.638950109E0
1.152024087E2,3.849000216E0,1.236195087E1,-1.618950129E0
1.152048521E2,2.757000208E0,1.077705097E1,-1.801050067E0
1.152072958E2,3.781950235E0,1.033605003E1,2.872050047E0
1.152097392E2,4.579050064E0,1.195905018E1,-1.665000081E0
1.152121828E2,4.045950413E0,1.468395042E1,-7.738950253E0
1.152146263E2,4.744950294E0,1.255800056E1,-6.111000061E0
1.152170700E2,3.616950274E0,1.303395081E1,-4.252950191E0
1.152195136E2,5.299950123E0,1.486095047E1,-5.107050419E0
1.152219571E2,3.247950077E0,1.472205067E1,-3.015000105E0
1.152244007E2,4.780500233E-1,1.100895023E1,9.420000315E-1
1.152268441E2,7.459500432E-1,9.759000778E0,1.299000025E0
1.152292878E2,5.893950462E0,1.453605080E1,-3.103050232E0
1.152317312E2,3.367950201E0,1.198995018E1,-2.518950224E0
1.152341749E2,1.218000054E0,6.214950085E0,7.800000161E-2
1.152366185E2,5.097000122E0,8.356050491E0,3.340500295E-1
1.152390620E2,5.962950230E0,9.826050758E0,-2.242050171E0
1.152415056E2,1.795050144E0,4.456050396E0,-1.782000065E0
1.152439491E2,2.488950014E0,4.264050007E0,-3.154050112E0
1.152463927E2,8.920050621E0,4.123050213E0,-8.361000061E0
1.152488361E2,7.090950489E0,2.701050043E0,-8.151000023E0
1.152512798E2,1.384950042E0,3.661050081E0,-5.680500269E-1
1.152537232E2,1.891050100E0,5.682000160E0,2.647050142E0
1.152561669E2,2.772000074E0,1.025505066E1,1.690950036E0
1.152586105E2,1.062000036E0,6.141000271E0,3.256950140E0
1.152610540E2,-7.560000420E-1,3.120000124E0,1.230000034E-1
1.152634976E2,-1.434000015E0,7.246950150E0,-2.083950043E0
1.152659411E2,2.770500183E-1,8.433000565E0,3.091950178E0
1.152683847E2,1.339950085E0,4.711950302E0,1.308000088E0
1.152708281E2,6.700500250E-1,4.113000393E0,-1.891950130E0
1.152732717E2,5.710050106E0,5.004000187E0,-5.680500269E-1
1.152757152E2,6.142950058E0,5.230950356E0,-5.578950405E0
1.152781588E2,1.777950048E0,4.324050426E0,-4.537950039E0
1.152806023E2,-3.420000076E-1,5.665050507E0,-1.714950085E0
1.152830460E2,5.263950348E0,7.774050236E0,-2.230050087E0
1.152854896E2,5.544000149E0,7.738050461E0,-5.548050404E0
1.152879331E2,1.045050025E0,6.358950138E0,-7.980000377E-1
1.152903767E2,2.155950069E0,1.050105095E1,4.180500209E-1
1.152928201E2,6.864000320E0,1.013700008E1,-3.417000055E0
1.152952638E2,2.824050188E0,7.585050583E0,-6.364050388E0
1.152977072E2,-5.550000072E-1,7.377000332E0,-4.996950150E0
1.153001508E2,3.877950191E0,6.763950348E0,-6.889050484E0
1.153025945E2,9.133049965E0,6.462000370E0,-1.186695099E1
1.153050380E2,3.291000128E0,4.210950375E0,-1.200105095E1
1.153074816E2,2.749500275E-1,3.819000244E0,-3.702000141E0
1.153099251E2,5.791050434E0,6.462000370E0,-4.800000042E-2
1.153123687E2,7.054950237E0,5.524050236E0,-3.616050243E0
1.153148121E2,1.282950044E0,5.308050156E0,-2.100000143E0
1.153172558E2,1.519950032E0,5.425050259E0,2.140950203E0
1.153196992E2,7.987050533E0,4.876950264E0,-6.300000548E-1
1.153221428E2,8.398050308E0,2.503950119E0,-5.479050159E0
1.153245865E2,1.251000047E0,3.934050083E0,-6.345000267E0
1.153270299E2,2.953950167E0,5.575950146E0,-4.201950073E0
1.153294736E2,7.696950436E0,5.406000137E0,-2.799000025E0
1.153319171E2,2.479950190E0,4.597050190E0,-4.201950073E0
1.153343607E2,-1.426950097E0,5.854050159E0,7.890000343E-1
1.153368041E2,1.680000067E0,8.077950478E0,3.097050190E0
1.153392478E2,6.739050388E0,9.532050133E0,-2.932950258E0
1.153416912E2,3.042000055E0,6.828000546E0,-4.959000111E0
1.153441348E2,8.590500355E-1,8.752950668E0,1.132950068E0
1.153465783E2,3.306000233E0,1.022595024E1,-2.760000229E-1
1.153490219E2,3.210000038E0,1.148505020E1,-1.018050075E0
1.153514654E2,2.623050213E0,1.084095097E1,-1.350000054E-1
1.153539091E2,2.295000076E0,1.140600014E1,1.441950083E0
1.153563527E2,4.728000164E0,1.255305099E1,-7.380000353E-1
1.153587962E2,3.478050232E0,1.361895084E1,-6.025050163E0
1.153612398E2,3.061050177E0,1.254405022E1,-2.445000172E0
1.153636832E2,2.476950169E0,1.365900040E1,-4.459500313E-1
1.153661268E2,3.208050251E0,1.563705063E1,-1.630950093E0
1.153685703E2,1.491000056E0,1.506195068E1,-6.760500073E-1
1.153710139E2,-4.210500121E-1,1.193295097E1,-9.820500612E-1
1.153734576E2,9.280500412E-1,1.265895081E1,8.890500665E-1
1.153759010E2,6.478050232E0,1.642695045E1,-3.733050108E0
1.153783447E2,2.512950182E0,1.308000088E1,-6.618000507E0
1.153807881E2,3.799500167E-1,9.397050858E0,6.090000272E-1
1.153832317E2,2.097000122E0,1.205295086E1,6.979500055E-1
1.153856752E2,4.338000298E0,1.487100029E1,-2.455050230E0
1.153881188E2,2.068050146E0,1.074300098E1,-5.830950260E0
1.153905625E2,2.650050163E0,9.271050453E0,-3.123000145E0
1.153930059E2,7.410000324E0,1.072395039E1,-4.660050392E0
1.153954496E2,7.285050392E0,9.049950600E0,-7.753050327E0
1.153978930E2,2.640000105E0,8.365950584E0,-4.861050129E0
1.154003367E2,5.118000031E0,1.121700096E1,2.400000095E-1
1.154027801E2,6.418050289E0,1.192605019E1,3.150000274E-1
1.154052237E2,2.607000113E0,9.067049980E0,-1.534950018E0
1.154076672E2,1.479000092E0,9.382950783E0,-1.333950043E0
1.154101108E2,5.689950466E0,1.078605080E1,-2.368050098E0
1.154125543E2,8.839050293E0,9.057000160E0,-7.174050331E0
1.154149979E2,3.045000076E0,8.634000778E0,-8.257950783E0
1.154174413E2,1.600950122E0,1.028595066E1,-6.180000305E-1
1.154198850E2,4.242000103E0,1.241400051E1,2.649000168E0
1.154223284E2,3.259950161E0,1.081500053E1,2.302050114E0
1.154247721E2,1.486050129E0,1.200495052E1,1.504950047E0
1.154272157E2,1.876050115E0,1.208595085E1,-1.023000002E0
1.154296592E2,5.286000252E0,1.203600025E1,-4.471050262E0
1.154321028E2,3.997950077E0,1.173000050E1,-8.653050423E0
1.154345463E2,4.560000300E-1,1.067100048E1,-4.075950146E0
1.154369899E2,7.320000529E-1,1.215300083E1,1.351050019E0
1.154394333E2,2.362050056E0,1.443000031E1,1.693950057E0
1.154418770E2,2.251950026E0,1.169805050E1,-1.018050075E0
1.154443207E2,1.077000022E0,1.106895065E1,-3.000000119E-1
1.154467641E2,1.500000119E0,1.183695030E1,3.889500201E-1
1.154492077E2,2.527950048E0,1.327395058E1,-2.700000070E-2
1.154516512E2,3.073050261E0,1.216995049E1,1.018050075E0
1.154540948E2,1.894950032E0,9.349950790E0,-1.521000028E0
1.154565383E2,2.865000248E0,1.319700050E1,5.350500345E-1
1.154589819E2,5.584950447E0,1.120995045E1,-2.032950163E0
1.154614253E2,2.282999992E0,9.591000557E0,-5.008950233E0
1.154638690E2,4.468950272E0,1.178895092E1,-5.256000042E0
1.154663127E2,7.101000309E0,1.216305065E1,-5.481000423E0
1.154687561E2,6.385050297E0,9.514950752E0,-7.525950432E0
1.154711997E2,2.331000090E0,1.053495026E1,-5.026050091E0
1.154736432E2,4.036050320E0,1.262295055E1,-2.419500053E-1
1.154760868E2,6.397050381E0,1.214895058E1,-1.437000036E0
1.154785303E2,3.246000051E0,9.160050392E0,-3.676050186E0
1.154809739E2,1.594050050E0,8.500050545E0,-1.746000051E0
1.154834173E2,5.281050205E0,1.059495068E1,-3.103050232E0
1.154858610E2,7.273050308E0,8.629050255E0,-8.203050613E0
1.154883044E2,3.388950109E0,6.478950500E0,-7.732050419E0
1.154907480E2,1.053000093E0,8.502000809E0,1.399500072E-1
1.154931915E2,2.628000021E0,9.795000076E0,1.465950012E0
1.154956351E2,2.154000044E0,9.112950325E0,1.239000082E0
1.154980786E2,8.560500145E-1,7.744950294E0,1.497000098E0
1.155005222E2,1.759050131E0,8.035050392E0,3.270000219E-1
1.155029659E2,6.624000549E0,7.936950207E0,-3.295050144E0
1.155054093E2,3.223950148E0,6.496050358E0,-7.660050392E0
1.155078530E2,-1.195050001E0,5.995050430E0,-3.252000093E0
1.155102964E2,-2.595000155E-2,6.796950340E0,1.051950097E0
1.155127400E2,3.418050051E0,5.611950397E0,-2.172000170E0
1.155151835E2,-2.580000162E-1,4.225950241E0,-8.940000534E-1
1.155176271E2,-1.695000052E0,4.579950333E0,1.939950109E0
1.155200706E2,3.496950150E0,4.639950275E0,6.790500283E-1
1.155225143E2,7.884000301E0,6.615000248E0,-5.251050472E0
1.155249579E2,2.323950052E0,3.229950190E0,-2.794950247E0
1.155274013E2,1.656000137E0,5.713050365E0,2.280000210E0
1.155298450E2,4.693950176E0,1.090095043E1,-5.800500512E-1
1.155322884E2,2.911050081E0,7.216050148E0,-2.389950037E0
1.155347320E2,1.089000106E0,6.967050552E0,-3.433950186E0
1.155371755E2,3.787050247E0,7.101000309E0,-6.661050320E0
1.155396191E2,8.532000542E0,6.712950230E0,-1.071000004E1
1.155420626E2,4.519950390E0,5.349000454E0,-1.241505051E1
1.155445063E2,3.000000119E-2,5.559000492E0,-6.517950535E0
1.155469499E2,3.696000099E0,6.912000179E0,-2.505000114E0
1.155493933E2,4.366050243E0,6.294000149E0,-4.441950321E0
1.155518370E2,-1.302000046E0,4.792950153E0,-1.350000054E-1
1.155542804E2,-1.027050018E0,5.362950325E0,3.118050098E0
1.155567241E2,5.935050488E0,4.410000324E0,-9.700500369E-1
1.155591675E2,8.085000038E0,2.977950096E0,-8.026050568E0
1.155616111E2,1.504950047E0,3.385050058E0,-5.743950367E0
1.155640546E2,4.590000212E-1,3.397050142E0,-3.907950163E0
1.155664982E2,7.042950153E0,4.695000172E0,-1.770000100E0
1.155689419E2,5.917950153E0,1.815000057E0,-3.379500210E-1
1.155713853E2,1.705950022E0,2.452050209E0,-2.917050123E0
1.155738290E2,8.740950584E0,2.935050249E0,-6.159000397E0
1.155762724E2,1.171695042E1,2.212050200E0,-5.883000374E0
1.155787161E2,6.804000378E0,4.170000255E-1,-6.489000320E0
1.155811595E2,4.635000229E0,3.924000263E0,-1.139505100E1
1.155836032E2,1.039005089E1,3.982050180E0,-1.139505100E1
1.155860466E2,5.851050377E0,4.144050121E0,-8.361000061E0
1.155884903E2,-4.140000343E-1,5.710050106E0,-8.215050697E0
1.155909337E2,3.030000210E0,5.518950462E0,-7.638000488E0
1.155933773E2,7.981950283E0,6.462000370E0,-3.457950115E0
1.155958208E2,7.054950237E0,4.638000011E0,-2.002050161E0
1.155982644E2,4.920000136E-1,6.718050480E0,-2.019000053E0
1.156007081E2,7.009500265E-1,9.238950729E0,2.005050182E0
1.156031515E2,3.421050072E0,1.185600090E1,4.693950176E0
1.156055952E2,3.214950085E0,1.017300034E1,1.465950012E0
1.156080387E2,1.081050038E0,1.114305019E1,-2.578950167E0
1.156104823E2,9.520500302E-1,1.243800068E1,8.560500145E-1
1.156129257E2,2.439000130E0,1.235895061E1,3.262050152E0
1.156153694E2,2.353049994E0,9.807000160E0,1.167000055E0
1.156178128E2,1.146000028E0,9.076950073E0,-1.300950050E0
1.156202564E2,1.297050118E0,1.173195076E1,-2.341950178E0
1.156226999E2,3.169050217E0,1.191405010E1,1.533000112E0
1.156251435E2,1.234950066E0,7.860000610E0,1.144950032E0
1.156275872E2,4.159500301E-1,9.847950935E0,-2.719950199E0
1.156300307E2,1.301205063E1,1.405905056E1,3.808050156E0
1.156324743E2,7.383000374E0,8.548050880E0,-1.306800079E1
1.156349177E2,3.259950161E0,7.309950352E0,-7.710000515E0
1.156373614E2,5.391000271E0,1.278105068E1,-8.455050468E0
1.156398048E2,3.592950106E0,1.174905014E1,-2.280000210E0
1.156422484E2,2.959500253E-1,7.177950382E0,1.951950073E0
1.156446919E2,8.160000443E-1,9.412050247E0,3.769950151E0
1.156471355E2,4.726050377E0,9.991050720E0,2.119500041E-1
1.156495792E2,4.110000134E0,6.639000416E0,-2.220000029E0
1.156520227E2,2.467950106E0,7.201950550E0,-4.806000233E0
1.156544663E2,4.114950180E0,1.157400036E1,-4.108950138E0
1.156569097E2,5.215950012E0,1.032600021E1,-4.807950020E0
1.156593534E2,1.309500039E-1,9.670050621E0,-4.789050102E0
1.156617968E2,-5.505000427E-2,9.316050529E0,7.995000482E-2
1.156642404E2,6.646050453E0,1.078395081E1,-2.305950165E0
1.156666839E2,7.576950550E0,9.133950233E0,-7.152000427E0
1.156691275E2,2.592000008E0,8.076000214E0,-2.457000017E0
1.156715710E2,3.864000082E0,1.151400089E1,1.437000036E0
1.156740147E2,6.370050430E0,1.077195072E1,-2.016000032E0
1.156764583E2,2.602050066E0,9.828000069E0,-3.666000128E0
1.156789017E2,1.942950130E0,9.535950661E0,-4.996950150E0
1.156813454E2,5.764950275E0,8.983050346E0,-6.082050323E0
1.156837888E2,5.734050274E0,8.208000183E0,-7.993050575E0
1.156862324E2,2.173050165E0,6.474000454E0,-7.240950108E0
1.156886759E2,2.608950138E0,6.237000465E0,-3.277950048E0
1.156911195E2,6.025950432E0,8.794050217E0,-3.316950083E0
1.156935630E2,4.309050083E0,6.472050190E0,-5.329950333E0
1.156960066E2,5.119500160E-1,5.773050308E0,-2.596050024E0
1.156984501E2,1.855050087E0,7.326000214E0,-1.059000015E0
1.157008937E2,6.073050499E0,7.590000153E0,-3.312000275E0
1.157033371E2,3.373050213E0,3.826050282E0,-4.092000008E0
1.157057807E2,-8.110500574E-1,4.189949989E0,-4.390500188E-1
1.157082244E2,2.455950022E0,3.900000095E0,1.372950077E0
1.157106678E2,7.294950485E0,2.727000237E0,-1.959000111E0
1.157131115E2,2.812050104E0,3.037950039E0,-4.747950077E0
1.157155550E2,9.640500546E-1,3.666000128E0,-2.148000002E0
1.157179986E2,6.136050224E0,4.839000225E0,-1.525950074E0
1.157204421E2,6.946950436E0,6.430950165E0,-5.038050175E0
1.157228857E2,1.390050054E0,6.268050194E0,-2.170050144E0
1.157253291E2,1.207950115E0,9.013950348E0,2.401950121E0
1.157277727E2,5.350050449E0,9.405000687E0,-2.782950163E0
1.157302162E2,2.335950136E0,8.179050446E0,-3.748050213E0
1.157326598E2,1.018950105E0,8.494950294E0,5.250000358E-1
1.157351035E2,2.359950066E0,8.005949974E0,-1.762950063E0
1.157375470E2,3.550050259E0,9.784950256E0,-4.861050129E0
1.157399906E2,1.725000024E0,7.894050598E0,-3.807000160E0
1.157424340E2,2.820000052E-1,7.438950539E0,1.476000071E0
1.157448777E2,1.957950115E0,9.237000465E0,5.440500379E-1
1.157473211E2,2.587050200E0,1.099395084E1,-8.500500321E-1
1.157497647E2,2.046000004E0,1.197105026E1,-5.059500337E-1
1.157522082E2,1.294050097E0,1.064700031E1,-7.200000435E-2
1.157546518E2,1.350000024E0,1.237800026E1,1.830000132E-1
1.157570953E2,1.117050052E0,1.179705048E1,7.860000134E-1
1.157595390E2,-1.720500141E-1,1.000605011E1,-1.924950123E0
1.157619826E2,-5.119500160E-1,1.156695080E1,-8.430000544E-1
1.157644260E2,6.480000019E-1,1.190400028E1,2.137050152E0
1.157668697E2,-1.669500023E-1,8.320050240E0,6.469500065E-1
1.157693131E2,-1.633050084E0,9.852000237E0,-1.078050017E0
1.157717567E2,-3.589500189E-1,1.202205086E1,9.510000348E-1
1.157742002E2,1.606050134E0,1.159095097E1,2.860050201E0
1.157766438E2,1.575000048E0,9.453000069E0,1.350000054E-1
1.157790872E2,1.230000019E0,1.109700012E1,-2.734950066E0
1.157815309E2,2.688000202E0,1.402095032E1,3.082050085E0
1.157839745E2,2.227950096E0,1.087005043E1,2.338050127E0
1.157864179E2,1.057050109E0,7.621050358E0,-2.098050117E0
1.157888616E2,3.112050056E0,1.162695026E1,1.489950061E0
1.157913051E2,3.958950281E0,1.092300034E1,5.152950287E0
1.157937487E2,6.433050156E0,6.007050514E0,2.941050053E0
1.157961921E2,1.067505074E1,7.042050362E0,-9.915000916E0
1.157986358E2,9.160050392E0,1.118805027E1,-1.639200020E1
1.158010792E2,3.829950094E0,9.630000114E0,-1.881000137E1
1.158035228E2,-3.299999982E-2,7.279050350E0,-9.207000732E0
1.158059663E2,2.025000095E0,9.168000221E0,-2.353950024E0
1.158084099E2,4.809000015E0,1.078605080E1,-1.012950063E0
1.158108536E2,1.350000024E0,6.931050301E0,1.705950022E0
1.158132971E2,1.993950129E0,6.904950142E0,5.653950214E0
1.158157407E2,7.230000496E0,7.051050186E0,4.890000224E-1
1.158181841E2,8.164050102E0,5.040000439E0,-5.470950127E0
1.158206278E2,2.784000158E0,8.092950821E0,-7.078050137E0
1.158230712E2,4.630050182E0,6.055050373E0,-9.823950768E0
1.158255148E2,1.062000084E1,4.872000217E0,-1.143105030E1
1.158279583E2,3.712950230E0,4.627950191E0,-9.364950180E0
1.158304019E2,6.720000505E-1,5.434950352E0,-4.456050396E0
1.158328454E2,7.090950489E0,6.792000294E0,-1.416000009E0
1.158352890E2,5.650050163E0,3.249000072E0,-1.978050113E0
1.158377325E2,-6.300000548E-1,4.851000309E0,-4.170000255E-1
1.158401761E2,1.657950044E0,5.545050144E0,2.091000080E0
1.158426196E2,9.222000122E0,4.168050289E0,-2.275050163E0
1.158450632E2,5.532000065E0,1.755000114E0,-7.329000473E0
1.158475066E2,-6.370500326E-1,3.615000248E0,-1.392000079E0
1.158499502E2,2.614050150E0,6.370950222E0,1.810950041E0
1.158523939E2,5.487000465E0,5.365950108E0,-6.349500418E-1
1.158548374E2,2.049000025E0,4.417050362E0,-1.159050107E0
1.158572810E2,2.632950068E0,6.984000206E0,1.597950101E0
1.158597245E2,9.696000099E0,7.621050358E0,-4.983000278E0
1.158621681E2,7.873950481E0,5.976000309E0,-1.076805019E1
1.158646116E2,2.944050074E0,8.595000267E0,-6.159000397E0
1.158670552E2,8.406000137E0,9.164999962E0,-6.180000305E0
1.158694986E2,6.673950195E0,9.309000015E0,-5.719950199E0
1.158719422E2,-3.949500322E-1,9.144000053E0,6.949500442E-1
1.158743857E2,-8.400000334E-1,8.935050011E0,3.123000145E0
1.158768293E2,9.070500135E-1,1.045305061E1,3.220950127E0
1.158792730E2,2.544000149E0,9.618000031E0,-3.195000067E-2
1.158817165E2,1.636950135E0,7.855950356E0,7.840500474E-1
1.158841601E2,1.182000041E0,8.855999947E0,-8.895000070E-2
1.158866035E2,3.358050108E0,1.194705009E1,-3.739500046E-1
1.158890472E2,3.811050177E0,1.346295071E1,-1.510500014E-1
1.158914906E2,2.614050150E0,1.152405071E1,-8.650500178E-1
1.158939342E2,2.857950211E0,1.442505074E1,-1.729500145E-1
1.158963777E2,4.302000046E0,1.420005035E1,9.349500537E-1
1.158988213E2,1.816050053E0,1.266105080E1,-1.411050081E0
1.159012648E2,6.960000396E-1,1.383405113E1,-1.285950065E0
1.159037084E2,1.645950079E0,1.368300056E1,1.476000071E0
1.159061519E2,2.170500159E-1,1.003695011E1,3.859500289E-1
1.159085955E2,-8.350500464E-1,8.233950615E0,-8.959500194E-1
1.159110392E2,-3.949500322E-1,1.216305065E1,9.469500184E-1
1.159134826E2,2.959050179E0,1.384395027E1,4.762950420E0
1.159159262E2,2.872050047E0,6.796950340E0,-3.570000231E-1
1.159183697E2,3.616950274E0,7.999050617E0,-5.713050365E0
1.159208133E2,7.455000401E0,1.311600018E1,-1.023795033E1
1.159232568E2,3.157050133E0,9.726000786E0,-7.576050282E0
1.159257004E2,-2.269500047E-1,7.261950493E0,-1.837050080E0
1.159281439E2,3.223950148E0,1.138500023E1,-1.732050061E0
1.159305875E2,4.740000248E0,1.076700020E1,-1.710000038E0
1.159330309E2,1.711050034E0,5.509050369E0,-1.602000117E0
1.159354745E2,3.282000065E0,7.329000473E0,1.689000130E0
1.159379180E2,5.650050163E0,1.007295036E1,-3.364050150E0
1.159403617E2,3.033000231E0,6.781050205E0,-7.009050369E0
1.159428053E2,-4.639500082E-1,5.716950417E0,-4.096950054E0
1.159452488E2,2.355000019E0,8.272050858E0,-7.474950314E0
1.159476924E2,7.825950146E0,4.993950367E0,-1.177305031E1
1.159501359E2,1.510050058E0,6.292050362E0,-8.874000549E0
1.159525795E2,1.549500078E-1,6.594000340E0,-3.112950087E0
1.159550229E2,5.749950409E0,5.298000336E0,-1.696050048E0
1.159574665E2,5.065050125E0,4.318950176E0,-4.720500112E-1
1.159599100E2,1.408950090E0,6.430950165E0,1.590000093E-1
1.159623536E2,8.197050095E0,5.518950462E0,-9.769500494E-1
1.159647971E2,1.347405052E1,4.003050327E0,-4.891950130E0
1.159672408E2,8.578050613E0,2.791950226E0,-9.501000404E0
1.159696844E2,6.253050327E0,5.823000431E0,-1.654500008E1
1.159721278E2,1.114695072E1,6.769050121E0,-1.513995075E1
1.159745715E2,4.570050240E0,6.567000389E0,-8.424000740E0
1.159770149E2,-1.048950076E0,8.337000847E0,-7.963950157E0
1.159794585E2,-1.840500087E-1,9.220050812E0,-3.379500210E-1
1.159819020E2,5.410050392E0,1.365195084E1,7.786950588E0
1.159843456E2,5.548950195E0,9.782999992E0,3.160950184E0
1.159867891E2,3.877950191E0,8.871000290E0,1.171950102E0
1.159892327E2,5.986950397E0,1.400895023E1,1.005000062E-2
1.159916762E2,6.093000412E0,1.520805073E1,3.970950127E0
1.159941199E2,4.077000141E0,1.261500072E1,1.294050097E0
1.159965635E2,9.301050186E0,1.263195038E1,-7.152000427E0
1.159990069E2,1.160205078E1,1.180605030E1,-1.825200081E1
1.160014505E2,1.915050149E0,1.214895058E1,-1.639200020E1
1.160038940E2,1.720500141E-1,1.167195034E1,-5.305950165E0
1.160063376E2,5.049000263E0,1.435395050E1,-9.030000567E-1
1.160087811E2,4.074000359E0,1.279500103E1,2.440950155E0
1.160112247E2,1.957950115E0,1.011105061E1,1.318050027E0
1.160136682E2,2.523000002E0,1.328100109E1,3.373950243E0
1.160161118E2,2.985000134E0,1.223505020E1,3.643050194E0
1.160185552E2,2.082000017E0,8.602950096E0,3.159000158E0
1.160209989E2,1.764000058E0,8.734050751E0,2.053050041E0
1.160234425E2,3.052050114E0,1.120005035E1,2.520000219E0
1.160258860E2,2.355000019E0,7.093950272E0,1.798950076E0
1.160283296E2,-5.070000291E-1,4.113000393E0,-2.098050117E0
1.160307731E2,-6.529500484E-1,5.776950359E0,4.560000300E-1
1.160332167E2,1.737000108E0,9.745050430E0,4.258049965E0
1.160356601E2,2.923050165E0,6.430950165E0,9.900000691E-1
1.160381037E2,2.881950140E0,3.601050138E0,-3.750000238E0
1.160405472E2,1.014900017E1,8.272050858E0,-9.982050896E0
1.160429908E2,4.666050434E0,7.755000591E0,-7.213950157E0
1.160454343E2,-2.149500102E-1,5.422950268E0,-1.015950084E0
1.160478779E2,1.315950036E0,6.871950150E0,-5.295000225E-2
1.160503214E2,3.978000164E0,1.133205032E1,-2.694000244E0
1.160527650E2,9.780000448E-1,4.401000023E0,-2.004000187E0
1.160552084E2,-3.010500073E-1,1.882050037E0,1.299000025E0
1.160576521E2,7.648950577E0,7.731000423E0,1.051950097E0
1.160600958E2,5.395950317E0,7.828950405E0,-6.100950241E0
1.160625392E2,1.978950143E0,6.760950089E0,-3.874050140E0
1.160649828E2,2.238000154E0,7.903050423E0,-4.324950218E0
1.160674263E2,6.979050159E0,8.161950111E0,-7.629000187E0
1.160698699E2,4.408950329E0,8.440050125E0,-6.502950191E0
1.160723134E2,1.663050056E0,1.096605015E1,-1.032000065E0
1.160747570E2,8.973000526E0,1.104195023E1,-3.573000193E0
1.160772005E2,6.214950085E0,7.465050220E0,-6.673050404E0
1.160796441E2,-1.423950076E0,1.054005051E1,-2.977050066E0
1.160820875E2,3.544950247E0,9.430950165E0,-2.866050243E0
1.160845312E2,9.718050003E0,7.065000534E0,-9.742950439E0
1.160869746E2,3.904050112E0,7.051050186E0,-1.002105045E1
1.160894183E2,1.162950039E0,8.884950638E0,-8.400000632E-2
1.160918619E2,5.560950279E0,9.796950340E0,-1.084950089E0
1.160943054E2,6.307950497E0,9.888000488E0,-3.702000141E0
1.160967490E2,3.097050190E0,1.167705059E1,-1.060950041E0
1.160991924E2,5.227950096E0,1.182105064E1,-2.421000004E0
1.161016361E2,8.815050125E0,1.042905045E1,-8.818950653E0
1.161040795E2,2.487000227E0,9.928950310E0,-8.455050468E0
1.161065231E2,1.258950114E0,1.161195087E1,-9.150000215E-1
1.161089666E2,7.660950184E0,1.197900105E1,-3.970050097E0
1.161114102E2,4.582050323E0,1.049205017E1,-5.017050266E0
1.161138537E2,2.295000106E-2,1.131105042E1,9.349500537E-1
1.161162973E2,4.431000233E0,1.096605015E1,-4.605000094E-2
1.161187410E2,7.921950340E0,1.031700039E1,-7.143000126E0
1.161211844E2,2.662050009E0,9.414000511E0,-6.106050491E0
1.161236281E2,7.609500289E-1,1.042200089E1,3.480000198E-1
1.161260715E2,3.736950159E0,9.595950127E0,5.040000081E-1
1.161285152E2,4.905000210E0,9.448050499E0,-7.240500450E-1
1.161309585E2,3.349050045E0,9.706050873E0,-6.640500426E-1
1.161334023E2,4.736999989E0,9.970050812E0,-5.269500017E-1
1.161358457E2,6.178950310E0,8.095050812E0,-3.472050190E0
1.161382893E2,2.092050076E0,6.322950363E0,-5.200950146E0
1.161407328E2,1.294050097E0,8.293950081E0,2.830500007E-1
1.161431764E2,5.688000202E0,8.494950294E0,-3.111000061E0
1.161456199E2,3.061050177E0,5.944950104E0,-2.491050005E0
1.161480635E2,-1.909500062E-1,6.103050232E0,1.336950064E0
1.161505072E2,1.912050128E0,8.011050224E0,1.188000083E0
1.161529506E2,4.108050346E0,6.891000271E0,-3.288000107E0
1.161553943E2,1.444950104E0,4.104000092E0,-3.537000179E0
1.161578376E2,-6.405000389E-2,3.706050158E0,7.410000563E-1
1.161602813E2,2.917950153E0,7.984950542E0,1.519500017E-1
1.161627248E2,1.570050120E0,5.494950294E0,-9.105000645E-2
1.161651684E2,5.119500160E-1,3.079050064E0,1.528050065E0
1.161676119E2,3.267000198E0,7.288050175E0,3.169050217E0
1.161700555E2,6.651000500E0,4.918050289E0,-5.083950043E0
1.161724989E2,3.354000092E0,4.717050076E0,-5.890050411E0
1.161749426E2,3.871050119E0,8.718000412E0,-4.048950195E0
1.161773860E2,9.291000366E0,8.329950333E0,-6.895950317E0
1.161798296E2,2.908050060E0,6.487950325E0,-7.030050278E0
1.161822731E2,-1.684950113E0,9.388050079E0,-5.295000225E-2
1.161847167E2,5.034000397E0,7.623000145E0,-2.725050211E0
1.161871602E2,9.619050026E0,7.635000229E0,-9.052950859E0
1.161896038E2,8.539500237E-1,6.543000221E0,-7.993050575E0
1.161920473E2,6.700500250E-1,9.460050583E0,1.411050081E0
1.161944910E2,7.009950161E0,9.283050537E0,-1.078050017E0
1.161969344E2,4.723050117E0,9.229950905E0,-5.263050079E0
1.161993780E2,9.450000525E-1,1.159305096E1,-4.429500103E-1
1.162018217E2,4.567049980E0,1.073595047E1,-3.436050177E0
1.162042651E2,6.466050148E0,9.397050858E0,-8.779950142E0
1.162067088E2,1.852050066E0,9.891000748E0,-5.799000263E0
1.162091522E2,2.415000200E0,1.012500095E1,-1.495050073E0
1.162115958E2,7.374000549E0,9.736950874E0,-4.324950218E0
1.162140393E2,4.291950226E0,9.828000069E0,-4.123050213E0
1.162164829E2,6.240000129E-1,1.010400009E1,1.906950116E0
1.162189264E2,3.988050222E0,9.888000488E0,-1.660500020E-1
1.162213700E2,6.709950447E0,9.430950165E0,-6.432000160E0
1.162238137E2,7.150500417E-1,8.787000656E0,-4.532999992E0
1.162262571E2,-1.695000008E-2,9.226950645E0,1.618950129E0
1.162287007E2,4.137000084E0,8.806050301E0,-1.534950018E0
1.162311442E2,3.193050146E0,7.867950439E0,-2.682000160E0
1.162335878E2,1.666050076E0,9.790050507E0,5.680500269E-1
1.162360313E2,5.202000141E0,9.358950615E0,-9.439500570E-1
1.162384749E2,5.953950405E0,7.812000275E0,-4.621050358E0
1.162409184E2,9.160500169E-1,7.836000443E0,-3.769050121E0
1.162433620E2,-9.105000645E-2,8.947050095E0,2.211000204E0
1.162458054E2,2.161050081E0,9.133950233E0,-9.900000691E-2
1.162482490E2,2.307000160E0,7.510950565E0,-1.803000093E0
1.162506925E2,-2.895000204E-2,7.465050220E0,4.609500170E-1
1.162531361E2,3.313050270E0,9.244050026E0,7.669500113E-1
1.162555796E2,6.900000095E0,7.686000347E0,-6.847950459E0
1.162580232E2,1.608000040E0,6.390000343E0,-5.437950134E0
1.162604667E2,2.032050133E0,8.623950005E0,-1.744050026E0
1.162629104E2,4.773000240E0,8.085000038E0,-2.682000160E0
1.162653538E2,2.848050117E0,6.637050152E0,-3.331050158E0
1.162677974E2,1.057050109E0,6.481050491E0,-1.344000101E0
1.162702411E2,6.829950333E0,7.839000225E0,-2.758950233E0
1.162726845E2,8.439000130E0,5.032950401E0,-9.609000206E0
1.162751281E2,2.226000071E0,4.453050137E0,-6.280950069E0
1.162775716E2,1.270950079E0,7.177950382E0,9.970500469E-1
1.162800152E2,5.097000122E0,8.035050392E0,-7.500000596E-1
1.162824587E2,2.092050076E0,5.326950073E0,-1.260000110E0
1.162849023E2,-1.615950108E0,7.461000443E0,3.850950241E0
1.162873458E2,5.821950436E0,6.381000519E0,-1.143000007E0
1.162897895E2,1.045995045E1,4.980000019E0,-9.229950905E0
1.162922328E2,1.407000065E0,5.245950222E0,-1.066905022E1
1.162946765E2,-1.075049996E0,6.049950123E0,-4.066050053E0
1.162971201E2,6.511950493E0,6.100950241E0,-2.320950031E0
1.162995636E2,5.638050079E0,4.762050152E0,-4.806000233E0
1.163020072E2,-9.300000221E-2,6.076950073E0,-1.729050040E0
1.163044507E2,7.852050304E0,6.511950493E0,-8.820000291E-1
1.163068943E2,1.047705078E1,4.210950375E0,-8.725049973E0
1.163093378E2,6.030000448E-1,4.305000305E0,-8.383049965E0
1.163117814E2,1.584000111E0,6.997950554E0,-1.138050079E0
1.163142248E2,8.607000351E0,5.257950306E0,-3.058050156E0
1.163166685E2,1.492950082E0,4.927050114E0,-2.308950186E0
1.163191119E2,-2.344050169E0,5.313000202E0,3.796050072E0
1.163215555E2,5.689499974E-1,5.284050465E0,4.192950249E0
1.163239990E2,7.431000233E0,6.783000469E0,-2.272950172E0
1.163264426E2,3.688950062E0,4.645050049E0,-4.140000343E0
1.163288863E2,2.460000068E-1,7.056000233E0,2.256000042E0
1.163313297E2,2.101050138E0,1.114095020E1,1.713000059E0
1.163337733E2,2.769000053E0,1.047495079E1,-1.590000093E-1
1.163362167E2,1.495950103E0,9.847950935E0,-2.316000223E0
1.163386604E2,7.530000210E-1,1.266795063E1,7.170000076E-1
1.163411039E2,3.421050072E0,1.161000061E1,2.958000183E0
1.163435475E2,1.872000098E0,1.113105011E1,-2.859000206E0
1.163459910E2,4.102950096E0,1.283100033E1,-2.731950045E0
1.163484346E2,5.788950443E0,1.224705029E1,-8.050050735E0
1.163508780E2,1.813950062E0,1.222005081E1,-8.617950439E0
1.163533217E2,9.495000541E-2,1.050795078E1,2.040000111E-1
1.163557651E2,1.608000040E0,1.173705101E1,1.396950126E0
1.163582087E2,4.350000381E0,1.323300076E1,-5.127000332E0
1.163606522E2,1.468950033E0,8.425050735E0,-3.111000061E0
1.163630958E2,3.705000132E-2,9.168000221E0,1.528050065E0
1.163655393E2,5.142000198E0,1.335795021E1,-2.838000059E0
1.163679829E2,2.877000093E0,1.151595020E1,-2.422950029E0
1.163704266E2,3.615000248E0,1.039605045E1,4.605000094E-2
1.163728700E2,7.647000313E0,1.387695026E1,-3.130050182E0
1.163753136E2,8.068050385E0,1.157100010E1,-6.550950527E0
1.163777571E2,2.889000177E0,1.051995087E1,-7.581000328E0
1.163802007E2,2.383949995E0,1.191600037E1,-3.934050083E0
1.163826442E2,6.435000420E0,1.142295074E1,-5.764050484E0
1.163850878E2,3.210000038E0,8.707950592E0,-5.617050171E0
1.163875312E2,1.260000020E-1,8.896950722E0,8.820000291E-1
1.163899749E2,6.286950111E0,1.008000088E1,-2.140500098E-1
1.163924183E2,8.941950798E0,7.630050182E0,-7.642950535E0
1.163948619E2,2.499000072E0,7.243050575E0,-6.360000134E0
1.163973054E2,3.925950289E0,1.078905010E1,-9.799500704E-1
1.163997490E2,7.381050587E0,9.093000412E0,-1.831950068E0
1.164021925E2,2.926950216E0,9.127050400E0,-7.759500146E-1
1.164046361E2,1.546050072E0,1.183200073E1,1.464000106E0
1.164070796E2,5.154000282E0,1.099395084E1,-2.730000019E-1
1.164095232E2,6.706050396E0,9.189000130E0,-6.046050072E0
1.164119666E2,1.933950067E0,9.538950920E0,-4.866000175E0
1.164144103E2,3.496950150E0,1.279500103E1,-1.806000113E0
1.164168540E2,6.351000309E0,1.191405010E1,-5.287050247E0
1.164192974E2,1.285050035E0,1.106400013E1,-2.871000051E0
1.164217410E2,1.395000052E-2,1.165995026E1,2.175000191E0
1.164241845E2,2.776950121E0,1.119105053E1,-1.128000021E0
1.164266281E2,3.823050261E0,9.904950142E0,-5.143050194E0
1.164290716E2,1.491000056E0,9.321000099E0,-3.987000227E0
1.164315152E2,2.908050060E0,1.059000015E1,-5.940000415E-1
1.164339586E2,6.094950199E0,1.090305042E1,-2.770950079E0
1.164364023E2,4.492950439E0,1.045800018E1,-1.602000117E0
1.164388457E2,3.852000237E0,1.146600056E1,3.960000277E-1
1.164412893E2,6.459000111E0,1.209600067E1,-1.621050119E0
1.164437328E2,4.608000278E0,8.289000511E0,-4.066050053E0
1.164461764E2,1.030950069E0,8.287050247E0,-3.669000149E0
1.164486199E2,4.345050335E0,1.048695087E1,-2.470950127E0
1.164510635E2,6.270000458E0,7.446000576E0,-5.991000175E0
1.164535069E2,1.468950033E0,6.985950470E0,-5.316000462E0
1.164559505E2,1.246950030E0,9.036000252E0,-2.371050119E0
1.164583940E2,6.712950230E0,9.690000534E0,-4.726950169E0
1.164608376E2,4.828050137E0,6.079050064E0,-9.076950073E0
1.164632811E2,6.169500351E-1,7.267050266E0,-4.324950218E0
1.164657248E2,2.656950235E0,1.055595016E1,1.078050017E0
1.164681684E2,4.708950043E0,6.262950420E0,-2.095050097E0
1.164706118E2,3.174000263E0,5.776950359E0,-2.245950222E0
1.164730555E2,2.620950222E0,7.852950573E0,1.648050070E0
1.164754989E2,8.149050713E0,5.923050404E0,-3.573000193E0
1.164779425E2,5.745000362E0,2.752950191E0,-5.554950237E0
1.164803860E2,-2.220000178E-1,6.685050488E0,-8.650500178E-1
1.164828296E2,7.234950542E0,6.655950546E0,-9.919500351E-1
1.164852731E2,6.772950172E0,4.542000294E0,-4.653000355E0
1.164877167E2,-1.384050012E0,8.385000229E0,-1.368000031E0
1.164901601E2,2.890500128E-1,8.176050186E0,2.592000008E0
1.164926037E2,5.635050297E0,7.546950340E0,-2.431050062E0
1.164950474E2,2.656950235E0,7.767000198E0,-4.645050049E0
1.164974908E2,-7.470000386E-1,7.690050602E0,1.842000127E0
1.164999345E2,1.170000061E-1,9.847950935E0,1.402050018E0
1.165023779E2,3.523950100E0,1.051800060E1,-1.971000075E0
1.165048216E2,1.524000049E0,7.915050507E0,-2.115000010E0
1.165072651E2,3.472950220E0,1.014000034E1,-5.295000225E-2
1.165097087E2,3.591000080E0,1.006995010E1,-6.372000217E0
1.165121521E2,8.830500245E-1,7.903050423E0,-4.645050049E0
1.165145958E2,1.354050040E0,1.037400055E1,-1.416000009E0
1.165170392E2,4.101000309E0,1.094700050E1,-3.451050282E0
1.165194828E2,3.672000170E0,9.256050110E0,-3.522000074E0
1.165219263E2,2.359500080E-1,9.378000259E0,-3.330000043E-1
1.165243699E2,3.250950098E0,8.265000343E0,9.750000238E-1
1.165268134E2,8.290950775E0,6.666000366E0,-7.777050495E0
1.165292570E2,2.797950029E0,5.923050404E0,-8.799000740E0
1.165317004E2,1.672950029E0,7.033950329E0,-3.159000158E0
1.165341441E2,5.974950314E0,7.305000305E0,-3.702000141E0
1.165365875E2,4.381050110E0,4.549050331E0,-4.984950066E0
1.165390312E2,1.828050137E0,7.438950539E0,-1.066050053E0
1.165414746E2,5.202000141E0,8.365950584E0,-3.766950130E0
1.165439183E2,8.820000648E0,4.792950153E0,-1.065495014E1
1.165463617E2,2.547000170E0,6.052950382E0,-9.432000160E0
1.165488054E2,5.070000291E-1,9.511950493E0,-1.863000035E0
1.165512490E2,6.495000362E0,6.781050205E0,-2.461950064E0
1.165536924E2,3.649950266E0,3.871050119E0,-4.720500112E-1
1.165561361E2,-6.150000095E-1,8.059050560E0,1.483050108E0
1.165585795E2,8.379000664E0,5.089950085E0,-1.440000087E-1
1.165610231E2,1.201905060E1,3.144000053E0,-6.148950100E0
1.165634666E2,4.309050083E0,4.255050182E0,-7.164000511E0
1.165659102E2,4.357050419E0,6.852000237E0,-8.301000595E0
1.165683537E2,1.086405087E1,6.136050224E0,-7.771950245E0
1.165707973E2,4.017000198E0,6.163050175E0,-6.259050369E0
1.165732407E2,-8.449500203E-1,9.445050240E0,7.189500332E-1
1.165756845E2,4.387950420E0,1.068795013E1,4.315050125E0
1.165781281E2,8.473050117E0,8.875950813E0,-3.553950071E0
1.165805715E2,4.749000072E0,8.773050308E0,-1.794000030E0
1.165830152E2,9.423000336E0,1.183005047E1,-4.210050106E0
1.165854586E2,6.627000332E0,9.736950874E0,-7.497000217E0
1.165879022E2,1.177050114E0,1.055400085E1,-3.640500307E-1
1.165903457E2,1.974000096E0,1.100895023E1,2.335050106E0
1.165927893E2,5.701950073E0,1.359900093E1,-3.522000074E0
1.165952328E2,4.951050282E0,9.481050491E0,-8.431050301E0
1.165976764E2,2.460000068E-1,9.301950455E0,-4.842000008E0
1.166001198E2,3.001950026E0,9.951000214E0,-3.814950228E0
1.166025634E2,5.398050308E0,8.919000626E0,-6.060000420E0
1.166050069E2,1.702050090E0,9.100950241E0,1.279500127E-1
1.166074505E2,3.030000210E0,9.718050003E0,1.852050066E0
1.166098940E2,7.362000465E0,1.032195091E1,-3.003000259E0
1.166123376E2,3.922950268E0,6.180000305E0,-5.052000046E0
1.166147811E2,3.129000187E0,7.662000179E0,-2.880000174E-1
1.166172247E2,7.054950237E0,8.581050873E0,-2.773050070E0
1.166196681E2,5.025000095E0,6.175050259E0,-5.110050201E0
1.166221118E2,6.105000153E-2,6.390000343E0,1.396950126E0
1.166245552E2,5.329500437E-1,6.694050312E0,4.866000175E0
1.166269988E2,5.592000484E0,7.216050148E0,-2.740050077E0
1.166294423E2,4.516950130E0,4.618050098E0,-6.300000191E0
1.166318859E2,1.062000036E0,6.982050419E0,-2.821050167E0
1.166343296E2,4.855050087E0,9.232050896E0,-2.092950106E0
1.166367730E2,4.897950172E0,7.366950512E0,-2.256000042E0
1.166392167E2,2.479500175E-1,7.896000385E0,3.840000033E-1
1.166416601E2,9.450000525E-1,1.085295010E1,1.794000030E0
1.166441038E2,6.514050484E0,9.237000465E0,-2.320950031E0
1.166465472E2,3.037950039E0,5.752950191E0,-4.983000278E0
1.166489908E2,6.178950310E0,1.066905022E1,-3.766950130E0
1.166514343E2,8.386050224E0,9.394950867E0,-7.201950550E0
1.166538779E2,1.378050089E0,8.563950539E0,-2.521950006E0
1.166563214E2,-5.460000038E-1,1.073295021E1,2.292000055E0
1.166587650E2,-4.159500301E-1,1.188300037E1,2.515050173E0
1.166612085E2,1.450500041E-1,1.039095020E1,1.117050052E0
1.166636521E2,3.540000021E-1,8.049000740E0,-1.296000004E0
1.166660955E2,8.299500346E-1,9.091050148E0,-1.878000140E0
1.166685392E2,5.416950226E0,9.802050591E0,-7.231050491E0
1.166709826E2,2.140050173E0,8.148000717E0,-7.264950275E0
1.166734263E2,1.020000055E-1,9.013950348E0,-2.943000078E0
1.166758697E2,3.327000141E0,9.852000237E0,-3.154050112E0
1.166783134E2,5.580000401E0,6.667950153E0,-6.829050541E0
1.166807568E2,2.580000162E0,4.912950039E0,-5.373000145E0
1.166832005E2,3.985950232E0,7.147050381E0,-2.008949995E0
1.166856441E2,7.234950542E0,5.599950314E0,-5.316000462E0
1.166880875E2,2.128050089E0,4.681050301E0,-4.024950027E0
1.166905312E2,-1.422000051E0,5.502000332E0,3.475050211E0
1.166929746E2,4.867050171E0,5.731950283E0,2.639999986E-1
1.166954182E2,8.667000771E0,3.354000092E0,-8.650950432E0
1.166978617E2,2.599500120E-1,4.803000450E0,-6.585000515E0
1.167003053E2,1.965000153E0,7.233000278E0,-9.600000083E-2
1.167027487E2,7.315950394E0,5.044950008E0,-2.665050030E0
1.167051924E2,2.632950068E0,5.602950096E0,-1.861050129E0
1.167076358E2,1.045050025E0,8.914050102E0,9.130500555E-1
1.167100794E2,9.109050751E0,7.237950325E0,-3.774000168E0
1.167125231E2,8.995050430E0,5.350950241E0,-9.048000336E0
1.167149666E2,9.859500527E-1,8.464050293E0,-7.336950302E0
1.167174102E2,7.335000515E0,9.274950027E0,-4.831950188E0
1.167198537E2,7.717950344E0,8.113950729E0,-5.835000515E0
1.167222973E2,-1.149000049E0,9.076950073E0,-1.552050114E0
1.167247407E2,-1.534950018E0,9.216000557E0,3.576000214E0
1.167271844E2,6.126000404E0,8.404050827E0,-2.874000072E0
1.167296278E2,5.604000092E0,7.803000450E0,-8.524050713E0
1.167320714E2,4.489500225E-1,8.092950821E0,-7.639500499E-1
1.167345149E2,2.721000195E0,7.920000553E0,-4.699500203E-1
1.167369585E2,5.106000423E0,7.639950275E0,-2.562000036E0
1.167394020E2,1.965000153E0,9.534000397E0,-3.430500031E-1
1.167418456E2,8.370000124E-1,8.791950226E0,1.063950062E0
1.167442891E2,5.062950134E0,8.245950699E0,-3.685050249E0
1.167467327E2,4.371000290E0,7.210950375E0,-6.262050152E0
1.167491761E2,1.395000100E0,7.065000534E0,-1.696050048E0
1.167516198E2,7.084050179E0,9.775950432E0,-1.609050035E0
1.167540632E2,4.555950165E0,5.065950394E0,-5.067000389E0
1.167565068E2,2.100000083E-1,4.494000435E0,1.144950032E0
1.167589503E2,2.212050200E0,7.993950367E0,2.042999983E0
1.167613939E2,5.434050083E0,5.598000050E0,-2.103000164E0
1.167638374E2,2.487000227E0,3.286950111E0,-3.907950163E0
1.167662810E2,-3.130500019E-1,6.534000397E0,1.234050035E0
1.167687244E2,2.580000162E0,9.778050423E0,2.035950184E0
1.167711681E2,3.727050066E0,8.164050102E0,2.790000141E-1
1.167736115E2,1.867050052E0,8.100000381E0,-8.530500531E-1
1.167760552E2,8.280000687E-1,1.174605083E1,-4.630500078E-1
1.167784988E2,3.013950109E0,1.153995037E1,1.873050094E0
1.167809423E2,2.149049997E0,9.069000244E0,-2.164950132E0
1.167833859E2,1.387950063E0,1.022595024E1,-2.299500108E-1
1.167858294E2,6.981000423E0,1.244805050E1,-4.243050098E0
1.167882730E2,3.169050217E0,9.690000534E0,-5.722950459E0
1.167907164E2,2.295000106E-2,1.059900093E1,2.710500062E-1
1.167931600E2,2.599050045E0,1.343400097E1,1.332000017E0
1.167956035E2,3.046950102E0,1.193505096E1,-1.341000080E0
1.167980471E2,1.645950079E0,1.189500046E1,-6.660000086E-1
1.168004906E2,1.168050051E0,1.346295071E1,3.580500185E-1
1.168029342E2,1.384950042E0,1.247895050E1,7.950000465E-3
1.168053777E2,2.616000175E0,1.228500080E1,-8.700000495E-2
1.168078213E2,2.950950146E0,1.349400043E1,-9.079500437E-1
1.168102647E2,3.591000080E0,1.381005096E1,1.240950108E0
1.168127083E2,6.919050217E0,1.254405022E1,-2.998050213E0
1.168151518E2,1.354050040E0,1.086795044E1,-5.602950096E0
1.168175955E2,4.359000206E0,1.286700058E1,-2.023950100E0
1.168200391E2,6.880050182E0,1.368795109E1,-7.353000164E0
1.168224826E2,2.851050138E0,1.130595016E1,-3.894000292E0
1.168249262E2,1.567050099E0,1.092495060E1,1.051950097E0
1.168273696E2,4.045950413E0,1.223505020E1,1.800000109E-2
1.168298132E2,6.691050529E0,1.055205059E1,-6.781050205E0
1.168322567E2,2.947050095E0,9.274950027E0,-8.881050110E0
1.168347003E2,2.046000004E0,1.035300064E1,-2.194050074E0
1.168371438E2,5.274000168E0,1.053495026E1,-2.590950012E0
1.168395874E2,2.845950127E0,7.693050385E0,-3.982050180E0
1.168420309E2,2.298000097E0,9.318000793E0,-5.700000525E-1
1.168444745E2,6.648000240E0,7.213950157E0,-3.670950174E0
1.168469179E2,5.817000389E0,3.189000130E0,-1.184700012E1
1.168493616E2,1.486050129E0,3.997950077E0,-8.869050026E0
1.168518050E2,1.929000139E0,4.791000366E0,-4.009050369E0
1.168542486E2,4.030950069E0,3.952950239E0,-1.645050049E0
1.168566921E2,2.130000114E0,1.981950045E0,8.800500631E-1
1.168591357E2,1.314000010E0,1.807950139E0,4.966950417E0
1.168615792E2,4.122000217E0,4.876950264E0,2.023950100E0
1.168640228E2,5.880000114E0,2.356050014E0,-9.610500336E-1
1.168664662E2,2.832000017E0,-5.110500455E-1,7.860000134E-1
1.168689098E2,2.644950151E0,2.787000179E0,-2.874000072E0
1.168713533E2,8.532000542E0,1.840950131E0,-7.653000355E0
1.168737969E2,4.480950356E0,-4.969500303E-1,-6.541950226E0
1.168762404E2,9.040500522E-1,2.871000051E0,-7.114050388E0
1.168786841E2,7.522050381E0,1.699950099E0,-6.429000378E0
1.168811275E2,7.716000557E0,2.440050125E0,-5.481000423E0
1.168835711E2,1.417050123E0,2.776950121E0,-4.684050083E0
1.168860145E2,3.576000214E0,5.065950394E0,-4.549950123E0
1.168884582E2,5.704950333E0,3.352050066E0,-3.333000183E0
1.168909018E2,-2.200500071E-1,2.088000059E0,-5.659500360E-1
1.168933453E2,-2.869500220E-1,5.014050007E0,8.340000510E-1
1.168957889E2,6.126000404E0,7.768950462E0,7.009050369E0
1.168982324E2,6.892050266E0,2.827950239E0,-6.052950382E0
1.169006760E2,3.817950249E0,4.579950333E0,-4.216950417E0
1.169031195E2,9.208050728E0,9.088950157E0,-5.895000458E0
1.169055631E2,5.038950443E0,8.097000122E0,-9.760050774E0
1.169080065E2,-3.010500073E-1,8.337000847E0,4.630500078E-1
1.169104502E2,-1.695000008E-2,1.014495087E1,4.047000408E0
1.169128936E2,8.080500364E-1,9.730050087E0,2.938950062E0
1.169153373E2,5.329500437E-1,5.971050262E0,1.335000038E0
1.169177807E2,4.282950401E0,6.570000172E0,-8.400000632E-2
1.169202244E2,1.002900028E1,8.775000572E0,-9.997050285E0
1.169226680E2,4.579050064E0,4.891050339E0,-1.248900032E1
1.169251115E2,-1.017000079E0,5.137950420E0,-5.692050457E0
1.169275551E2,1.618050098E0,6.448050499E0,-2.869050026E0
1.169299985E2,3.543000221E0,7.741050243E0,-2.839950085E0
1.169324422E2,8.805000782E-2,3.081000090E0,-1.200000048E0
1.169348856E2,2.820000052E-1,5.842050076E0,4.720050335E0
1.169373292E2,2.269050121E0,9.924000740E0,3.829050064E0
1.169397727E2,3.105000257E0,7.755000591E0,2.436000109E0
1.169422163E2,2.607000113E0,8.842050552E0,1.033050060E0
1.169446598E2,3.229050159E0,1.259100056E1,3.315000057E0
1.169471034E2,3.223950148E0,1.358700085E1,3.592050076E0
1.169495469E2,1.869000077E0,1.083405018E1,-2.004000187E0
1.169519905E2,6.670500040E-1,1.544295120E1,-1.509000063E0
1.169544340E2,4.345050335E0,2.022705078E1,6.595050335E0
1.169568776E2,4.644000053E0,1.463400078E1,2.053050041E0
1.169593210E2,1.684950113E0,1.203795052E1,-1.911000133E0
1.169617647E2,7.078950405E0,1.669500160E1,-3.840000033E-1
1.169642081E2,8.398050308E0,1.331505108E1,-1.665299988E1
1.169666517E2,5.260500312E-1,9.253950119E0,-1.159800053E1
1.169690952E2,1.675050020E0,8.674050331E0,-1.154100037E1
1.169715388E2,7.848000526E0,1.165500069E1,-1.052295017E1
1.169739823E2,3.130950212E0,7.537050247E0,-9.754950523E0
1.169764259E2,1.969950080E0,7.627950191E0,-1.108950019E0
1.169788694E2,4.609500170E-1,1.780095100E1,-1.741050124E0
1.169813130E2,-2.010000050E-1,4.936950207E0,-3.421950102E0
1.169837564E2,-1.290000081E0,7.762050152E0,4.453950405E0
1.169862001E2,-2.077950001E0,1.100400066E1,4.275000095E0
1.169886437E2,2.434050083E0,7.093950272E0,2.833050251E0
1.169910872E2,5.664000034E0,6.799950123E0,5.496000290E0
1.169935308E2,9.574050903E0,9.924000740E0,1.990950108E0
1.169959743E2,1.612200165E1,9.262950897E0,-7.111950397E0
1.169984179E2,1.029705048E1,7.084950447E0,-1.238400078E1
1.170008613E2,3.217050076E0,1.178505039E1,-7.018050194E0
1.170033050E2,2.719050169E0,1.393905067E1,-3.814950228E0
1.170057484E2,2.745000124E0,1.319205093E1,-2.907000065E0
1.170081920E2,3.298950195E0,1.391595078E1,-2.545950174E0
1.170106355E2,9.556950569E0,1.317795086E1,-8.116950035E0
1.170130791E2,1.380705070E1,1.110705090E1,-1.286295033E1
1.170155226E2,7.350000381E0,9.496050835E0,-1.126305008E1
1.170179662E2,2.929950237E0,1.212495041E1,-3.067950249E0
1.170204097E2,4.630050182E0,1.230705070E1,1.966950059E0
1.170228533E2,4.678050041E0,1.171500015E1,2.302050114E0
1.170252968E2,2.512950182E0,1.310400105E1,2.701950073E0
1.170277404E2,2.056050062E0,1.547205067E1,3.930000305E0
1.170301838E2,3.907050133E0,1.433505058E1,4.380000114E0
1.170326275E2,2.724000216E0,1.183695030E1,-2.590950012E0
1.170350709E2,1.657950044E0,1.423605061E1,-2.833050251E0
1.170375145E2,4.455000401E0,1.534695053E1,-4.156949997E0
1.170399580E2,2.262000084E0,1.255995083E1,-3.292950153E0
1.170424016E2,2.939999998E-1,1.091100025E1,3.051000118E0
1.170448451E2,2.022000074E0,1.129395008E1,1.449000120E0
1.170472887E2,3.231000185E0,9.277950287E0,-3.835950136E0
1.170497324E2,1.423950076E0,6.517050266E0,-3.834000111E0
1.170521758E2,2.548950195E0,8.782050133E0,-2.752050161E0
1.170546195E2,4.918950081E0,1.209105015E1,-3.841050148E0
1.170570629E2,3.246000051E0,9.181950569E0,9.610500336E-1
1.170595065E2,3.370500207E-1,7.779000282E0,3.619500101E-1
1.170619500E2,1.342050076E0,1.327905083E1,-1.624050021E0
1.170643936E2,3.210000038E0,1.378905106E1,4.532999992E0
1.170668371E2,1.587000132E0,4.663950443E0,3.979500234E-1
1.170692807E2,-5.269500017E-1,6.979050159E0,-3.019950151E0
1.170717242E2,2.209050179E0,1.335495090E1,5.370000005E-1
1.170741678E2,1.672950029E0,9.499950409E0,3.391050100E0
1.170766112E2,-1.390500069E-1,7.651950359E0,2.380500138E-1
1.170790549E2,1.675050020E0,1.238295078E1,4.141050339E0
1.170814983E2,7.989000320E0,8.305950165E0,-3.372000217E0
1.170839419E2,2.527950048E0,6.631950378E0,-1.334595108E1
1.170863854E2,4.540950298E0,8.623950005E0,-1.397805023E1
1.170888290E2,3.330000162E0,6.574950218E0,-1.528095055E1
1.170912725E2,-1.411950111E0,5.410950184E0,-5.421000481E0
1.170937161E2,-1.840950131E0,6.958050251E0,3.469950199E0
1.170961595E2,4.857000351E0,4.213950157E0,2.078999996E0
1.170986032E2,5.170950413E0,3.370950222E0,-1.698000073E0
1.171010466E2,4.429050446E0,5.896950245E0,3.022950172E0
1.171034903E2,6.997950554E0,8.140049934E0,2.601000071E0
1.171059339E2,4.453050137E0,4.554000378E0,-1.533000112E0
1.171083773E2,-1.333050013E0,8.530950546E0,-3.670950174E0
1.171108210E2,6.150000095E-1,6.931050301E0,-3.172950268E0
1.171132645E2,8.338050842E0,3.223050117E0,-1.123395061E1
1.171157081E2,3.319950104E0,2.860950232E0,-1.255095100E1
1.171181515E2,8.610000610E-1,5.052000046E0,-7.498950481E0
1.171205952E2,6.825000286E0,4.132050037E0,-4.441950321E0
1.171230386E2,6.480000019E-1,4.032000065E0,-1.945050120E0
1.171254822E2,-1.972950101E0,4.843950272E0,2.629950047E0
1.171279257E2,5.524950027E0,5.574000359E0,3.588000059E0
1.171303693E2,1.266495037E1,4.372050285E0,-9.721050262E0
1.171328128E2,4.089000225E0,2.812950134E0,-1.053105068E1
1.171352564E2,5.410050392E0,8.599950790E0,-4.678950310E0
1.171376998E2,1.047705078E1,5.823000431E0,-6.466950417E0
1.171401435E2,1.374000072E0,6.711000443E0,-5.134050369E0
1.171425869E2,2.707050085E0,9.907050133E0,3.700500131E-1
1.171450305E2,1.206405067E1,7.729050159E0,-5.950050354E0
1.171474740E2,1.065900040E1,5.989950180E0,-1.086600018E1
1.171499177E2,4.207950115E0,9.250950813E0,-7.437000275E0
1.171523611E2,9.888000488E0,1.063095093E1,-6.601950169E0
1.171548047E2,7.146000385E0,9.334950447E0,-8.373000145E0
1.171572481E2,-1.173000097E0,1.000800037E1,-2.743950129E0
1.171596918E2,1.395000052E-2,1.230405045E1,3.805050135E0
1.171621352E2,6.801000118E0,1.018995094E1,-4.321950436E0
1.171645789E2,5.793000221E0,6.723000526E0,-8.910000801E0
1.171670225E2,2.953950167E0,1.003905010E1,-3.795000076E0
1.171694660E2,6.378000259E0,9.907050133E0,-2.245950222E0
1.171719096E2,5.259000301E0,1.092300034E1,-1.822950125E0
1.171743530E2,1.954950094E0,1.077705097E1,5.989500284E-1
1.171767967E2,2.805000067E0,1.198995018E1,2.351999998E0
1.171792401E2,7.030950546E0,1.098705006E1,-5.512050152E0
1.171816837E2,3.172050238E0,7.558950424E0,-6.004950523E0
1.171841272E2,3.718050241E0,9.840000153E0,-3.582000256E0
1.171865708E2,6.514050484E0,1.075005054E1,-2.694000244E0
1.171890143E2,3.040050030E0,7.936950207E0,-8.410500288E-1
1.171914579E2,7.129500508E-1,7.777050495E0,1.903950095E0
1.171939014E2,1.294050097E0,1.116195011E1,6.090000272E-1
1.171963450E2,3.105000257E0,1.025505066E1,2.271000147E0
1.171987884E2,1.761000037E0,6.037950516E0,2.599500120E-1
1.172012321E2,2.371950150E0,9.108000755E0,-1.030050039E0
1.172036755E2,4.258950233E0,1.122405052E1,2.188950062E0
1.172061191E2,3.210000038E0,7.671000481E0,1.393950105E0
1.172085626E2,2.781000137E0,7.791000366E0,-8.910000324E-1
1.172110062E2,9.009000778E0,1.003905010E1,-6.642000198E0
1.172134497E2,7.242000580E0,7.288050175E0,-1.009005070E1
1.172158933E2,1.855050087E0,7.908000469E0,-7.444050312E0
1.172183367E2,7.228050232E0,1.107105064E1,-4.375050068E0
1.172207804E2,6.928050518E0,9.084000587E0,-4.783950329E0
1.172232238E2,1.861950040E0,7.551000595E0,-1.870500147E-1
1.172256674E2,2.523000002E0,9.031050682E0,4.521000385E0
1.172281111E2,4.833000183E0,1.102305031E1,-3.900000080E-2
1.172305545E2,3.157050133E0,6.073950291E0,-3.745050192E0
1.172329982E2,8.869500160E-1,4.840950012E0,-1.369950056E0
1.172354417E2,5.857950211E0,8.895000458E0,-4.662000179E0
1.172378853E2,5.413050175E0,6.474000454E0,-5.968950272E0
1.172403287E2,8.560500145E-1,7.321950436E0,-8.220000267E-1
1.172427723E2,1.657950044E0,9.784950256E0,1.962000132E0
1.172452158E2,3.480000257E0,9.574950218E0,-6.850500107E-1
1.172476594E2,1.788000107E0,6.145950317E0,-3.403050184E0
1.172501029E2,2.881950140E0,9.181950569E0,-2.815950155E0
1.172525465E2,9.718050003E0,8.571000099E0,-8.171999931E0
1.172549900E2,3.339000225E0,5.796000481E0,-8.992950439E0
1.172574336E2,-1.441050053E0,8.785050392E0,-1.123050094E0
1.172598771E2,1.888050079E0,8.578950882E0,3.790500164E-1
1.172623207E2,6.006000519E0,6.204000473E0,-5.479050159E0
1.172647641E2,1.345050097E0,5.581050396E0,-5.505000114E0
1.172672078E2,1.669950128E0,8.026050568E0,4.729500115E-1
1.172696512E2,6.648000240E0,7.314000130E0,-2.977050066E0
1.172720949E2,4.303950310E0,7.611000538E0,-3.096000195E0
1.172745383E2,8.419500589E-1,9.772950172E0,1.714950085E0
1.172769819E2,3.109050035E0,1.170300102E1,9.829500318E-1
1.172794254E2,4.387950420E0,9.634950638E0,-5.092950344E0
1.172818690E2,6.619500518E-1,8.263050079E0,-3.022050142E0
1.172843125E2,2.619000196E0,1.072200012E1,-1.138050079E0
1.172867561E2,5.647050381E0,1.103295040E1,-5.907000065E0
1.172891996E2,1.381050110E0,7.297950268E0,-3.799950123E0
1.172916432E2,4.450500309E-1,9.546000481E0,1.291050076E0
1.172940869E2,4.951050282E0,1.070205021E1,-3.223050117E0
1.172965302E2,3.781950235E0,7.585050583E0,-6.778950214E0
1.172989739E2,-5.170500278E-1,6.886050224E0,-3.223050117E0
1.173014173E2,1.456950068E0,8.605050087E0,-7.360500097E-1
1.173038608E2,5.434050083E0,8.278950691E0,-3.027000189E0
1.173063044E2,1.696950078E0,5.629050255E0,-5.490000248E-1
1.173087479E2,3.054000139E0,8.039999962E0,1.903950095E0
1.173111915E2,7.333050251E0,9.711000443E0,-3.108000040E0
1.173136350E2,2.889000177E0,5.694000244E0,-3.751950264E0
1.173160786E2,4.609500170E-1,7.401000500E0,9.919500351E-1
1.173185220E2,5.848050117E0,1.214100075E1,-1.459050059E0
1.173209656E2,3.835050106E0,7.291050434E0,-3.718950272E0
1.173234091E2,-3.160500228E-1,7.959000587E0,-1.437000036E0
1.173258527E2,2.488950014E0,9.931050301E0,-1.084950089E0
1.173282962E2,8.137050629E0,7.507950306E0,-6.478950500E0
1.173307399E2,2.242950201E0,5.638050079E0,-9.440999985E0
1.173331835E2,-2.920500040E-1,8.854050636E0,-1.927950144E0
1.173356270E2,5.013000011E0,9.309000015E0,-8.959500194E-1
1.173380706E2,4.258950233E0,6.595950127E0,-3.372000217E0
1.173405141E2,6.169500351E-1,7.633050442E0,-5.179499984E-1
1.173429577E2,5.773950100E0,9.333000183E0,-1.375050068E0
1.173454011E2,8.434050560E0,6.067050457E0,-8.148000717E0
1.173478447E2,2.106000185E0,6.175050259E0,-7.309950352E0
1.173502882E2,2.704950094E0,9.475950241E0,-1.693050027E0
1.173527318E2,8.760000229E0,7.575000286E0,-4.819950104E0
1.173551753E2,3.066000223E0,6.838050365E0,-4.474950314E0
1.173576189E2,-1.855050087E0,9.088950157E0,2.866950035E0
1.173600624E2,5.662050247E0,7.900950432E0,2.710500062E-1
1.173625060E2,9.220050812E0,5.844000340E0,-9.051000595E0
1.173649495E2,1.519500017E-1,6.433050156E0,-6.834000111E0
1.173673931E2,1.194000006E0,9.019050598E0,2.400000095E-1
1.173698365E2,6.579000473E0,7.087050438E0,-1.573950052E0
1.173722802E2,2.271000147E0,6.625050545E0,-1.281000018E0
1.173747236E2,-1.720500141E-1,8.527950287E0,2.292000055E0
1.173771672E2,4.627050400E0,9.196050644E0,6.469500065E-1
1.173796107E2,6.129000187E0,6.517050266E0,-7.131000519E0
1.173820543E2,1.729950070E0,7.291050434E0,-4.095000267E0
1.173844978E2,5.257050037E0,1.030305004E1,-2.155050039E0
1.173869414E2,6.124050140E0,7.899000168E0,-5.428050041E0
1.173893849E2,1.879500151E-1,7.219050407E0,-6.610500216E-1
1.173918285E2,-1.075049996E0,7.993950367E0,2.745000124E0
1.173942719E2,1.945950150E0,9.247050285E0,1.648050070E0
1.173967156E2,5.125050068E0,6.301950455E0,-5.005050182E0
1.173991592E2,1.014000058E0,6.192000389E0,-2.634000063E0
1.174016027E2,5.416950226E0,8.883000374E0,-2.617050171E0
1.174040463E2,5.845950127E0,6.238950253E0,-5.220000267E0
1.174064898E2,9.495000541E-2,6.694050312E0,-1.317000031E0
1.174089334E2,3.919500113E-1,9.157950401E0,2.074050188E0
1.174113769E2,3.283950090E0,8.907000542E0,-7.429500222E-1
1.174138205E2,2.926950216E0,4.213950157E0,-3.930000305E0
1.174162639E2,3.289050102E0,7.405050278E0,-3.184950113E0
1.174187076E2,9.106950760E0,8.277000427E0,-5.008950233E0
1.174211510E2,4.077000141E0,4.309950352E0,-6.415050507E0
1.174235946E2,-1.501050115E0,6.711000443E0,2.251950026E0
1.174260381E2,-1.482000113E0,7.729050159E0,5.268000126E0
1.174284817E2,5.689950466E0,6.237000465E0,-1.189950109E0
1.174309252E2,3.997950077E0,4.768950462E0,-6.132000446E0
1.174333688E2,1.135950089E0,7.867950439E0,-3.930000067E-1
1.174358123E2,6.217050076E0,8.112000465E0,-2.194050074E0
1.174382559E2,3.772950172E0,7.858050346E0,-3.927000284E0
1.174406993E2,-8.230500221E-1,8.866050720E0,1.390050054E0
1.174431429E2,5.205000192E-2,1.170600033E1,2.272950172E0
1.174455864E2,5.571000099E0,8.467950821E0,-5.713050365E0
1.174480300E2,2.191950083E0,6.907050133E0,-6.232950211E0
1.174504735E2,4.420950413E0,1.017795086E1,-4.201950073E0
1.174529171E2,8.683050156E0,9.655950546E0,-6.955950260E0
1.174553605E2,2.431950092E0,7.896000385E0,-5.263050079E0
1.174578041E2,-1.015050054E0,1.027905083E1,1.888050079E0
1.174602476E2,3.223950148E0,1.117605019E1,1.942950130E0
1.174626912E2,5.358000278E0,8.920950890E0,-6.226050377E0
1.174651347E2,1.857000113E0,8.071050644E0,-4.279050350E0
1.174675783E2,4.002000332E0,1.166205025E1,-1.152000070E0
1.174700220E2,7.077000141E0,9.429000854E0,-4.095000267E0
1.174724654E2,1.728000045E0,9.559950829E0,-2.470950127E0
1.174749090E2,1.981950045E0,1.241700077E1,1.272000074E0
1.174773525E2,6.232050419E0,1.202400017E1,-1.225950003E0
1.174797961E2,4.669950008E0,8.445000648E0,-5.895000458E0
1.174822395E2,9.019500613E-1,1.031700039E1,-2.883000135E0
1.174846829E2,5.580000401E0,1.180905056E1,-2.467050076E0
1.174871266E2,5.937000275E0,8.914050102E0,-6.421950340E0
1.174895700E2,1.759500057E-1,9.646050453E0,-2.389950037E0
1.174920136E2,1.540950060E0,1.063995075E1,9.349500537E-1
1.174944573E2,8.118000031E0,9.414000511E0,-4.255050182E0
1.174969007E2,4.632000446E0,6.835950375E0,-8.530950546E0
1.174993444E2,1.206000090E0,9.445050240E0,-1.585050106E0
1.175017878E2,5.295000076E0,1.081305027E1,5.830500126E-1
1.175042315E2,3.627000093E0,8.337000847E0,-1.636050105E0
1.175066749E2,4.060500264E-1,9.534000397E0,1.006950021E0
1.175091186E2,3.001950026E0,1.086495018E1,7.170000076E-1
1.175115620E2,6.283950329E0,7.573050499E0,-6.532050133E0
1.175140056E2,2.257050037E0,5.911050320E0,-7.486950397E0
1.175164491E2,1.594050050E0,8.731950760E0,-2.208000183E0
1.175188927E2,7.611000538E0,8.215050697E0,-2.416050196E0
1.175213362E2,3.222000122E0,6.763950348E0,-4.545000076E0
1.175237798E2,-6.940500140E-1,7.128000259E0,1.252950072E0
1.175262233E2,4.703999996E0,9.112950325E0,7.290000319E-1
1.175286669E2,8.281050682E0,5.197950363E0,-9.652050018E0
1.175311103E2,2.146950006E0,4.695000172E0,-9.580050468E0
1.175335540E2,1.657950044E0,7.671000481E0,-2.854050159E0
1.175359974E2,5.584950447E0,5.569050312E0,-2.634000063E0
1.175384410E2,1.924050093E0,5.149950027E0,-1.794000030E0
1.175408845E2,-1.399950027E0,7.645050526E0,4.035000324E0
1.175433281E2,5.382000446E0,7.425000191E0,2.295000076E0
1.175457716E2,8.269050598E0,4.425000191E0,-6.781050205E0
1.175482152E2,1.374000072E0,5.734050274E0,-3.874050140E0
1.175506586E2,4.375950336E0,1.045305061E1,-3.400500119E-1
1.175531022E2,7.038000107E0,8.581050873E0,-4.578000069E0
1.175555457E2,3.319500089E-1,8.667000771E0,-3.520500064E-1
1.175579893E2,-2.257950068E0,1.223205090E1,2.455050230E0
1.175604330E2,4.021950245E0,1.054905033E1,1.588050127E0
1.175628764E2,4.098000050E0,9.036000252E0,-7.803000450E0
1.175653201E2,2.020050049E0,8.563950539E0,-4.846950054E0
1.175677635E2,5.254950047E0,1.086000061E1,-4.328999996E0
1.175702072E2,6.145050526E0,1.068105030E1,-6.918000221E0
1.175726505E2,2.494050026E0,1.007505035E1,-3.919950247E0
1.175750942E2,2.446050167E0,1.162905025E1,2.239500135E-1
1.175775376E2,8.259000778E0,1.035495090E1,-5.488050461E0
1.175799813E2,4.054950237E0,8.557050705E0,-6.166050434E0
1.175824248E2,7.650000453E-1,9.133950233E0,-9.060000181E-1
1.175848684E2,6.169050217E0,1.063995075E1,-1.801050067E0
1.175873118E2,4.615050316E0,7.261950493E0,-4.983000278E0
1.175897555E2,7.369500399E-1,7.009950161E0,1.060500070E-1
1.175921989E2,2.544000149E0,9.787950516E0,3.001050234E0
1.175946425E2,4.891050339E0,7.386000156E0,-2.763000250E0
1.175970859E2,2.724000216E0,5.143050194E0,-4.915950298E0
1.175995294E2,6.379500031E-1,9.108000755E0,1.336950064E0
1.176019730E2,4.486050129E0,1.011300087E1,7.429500222E-1
1.176044167E2,3.375000238E0,8.097000122E0,-1.080000028E-1
1.176068602E2,1.000500023E-1,1.054395008E1,2.910000086E-1
1.176093038E2,2.602050066E0,1.246200085E1,2.721000195E0
1.176117472E2,5.688000202E0,9.546000481E0,-6.051000118E0
1.176141908E2,1.468950033E0,7.743000507E0,-4.636050224E0
1.176166343E2,2.710050106E0,1.070700073E1,-2.020950079E0
1.176190779E2,6.421050072E0,1.133400059E1,-5.914050102E0
1.176215214E2,3.190950155E0,7.924950600E0,-5.337000370E0
1.176239650E2,-1.510500014E-1,9.225000381E0,4.630500078E-1
1.176264085E2,6.696000099E0,1.049400043E1,-2.806950092E0
1.176288521E2,7.495950222E0,7.281000137E0,-8.356950760E0
1.176312955E2,1.713000059E0,6.426000118E0,-4.951950073E0
1.176337392E2,3.163950205E0,9.790050507E0,-6.610500216E-1
1.176361826E2,4.669950008E0,8.737050056E0,-3.496050119E0
1.176386262E2,1.741950035E0,6.145950317E0,-3.556050062E0
1.176410697E2,7.290000319E-1,8.052000046E0,9.679500461E-1
1.176435133E2,5.865000248E0,6.394950390E0,-4.213950157E0
1.176459568E2,8.389050484E0,3.352050066E0,-9.975000381E0
1.176484004E2,1.570500135E-1,6.579000473E0,-3.907950163E0
1.176508439E2,3.126000166E0,7.570950508E0,1.504950047E0
1.176532875E2,6.694050312E0,5.629050255E0,-2.196000099E0
1.176557309E2,1.950000064E-3,6.558000088E0,1.294050097E0
1.176581746E2,6.769500375E-1,8.056950569E0,5.082000256E0
1.176606180E2,1.077105045E1,7.513050556E0,-3.415050268E0
1.176630616E2,7.132050514E0,5.269950390E0,-1.136595058E1
1.176655051E2,5.239500403E-1,8.152050018E0,-2.275050163E0
1.176679487E2,2.422049999E0,1.274205017E1,-5.080500245E-1
1.176703922E2,3.526050091E0,9.859950066E0,-3.076950073E0
1.176728358E2,6.739500165E-1,1.058295059E1,3.030000031E-1
1.176752795E2,3.166950226E0,1.167900085E1,1.936050057E0
1.176777229E2,6.319950104E0,1.162905025E1,-5.224950314E0
1.176801663E2,5.202000141E0,8.959050179E0,-7.993050575E0
1.176826099E2,3.796950102E0,1.154505062E1,-3.810000181E0
1.176850534E2,7.807050228E0,1.306605053E1,-7.453950405E0
1.176874970E2,3.210000038E0,1.100595093E1,-5.083950043E0
1.176899405E2,9.705000371E-2,1.138200092E1,1.111950040E0
1.176923841E2,1.777950048E0,1.313505077E1,3.316950083E0
1.176948275E2,4.302000046E0,1.152105045E1,-2.209950209E0
1.176972712E2,1.630050063E0,8.787000656E0,-4.662000179E0
1.176997146E2,3.580950260E0,1.025505066E1,-1.471050024E0
1.177021582E2,7.000050545E0,9.948000908E0,-4.293000221E0
1.177046019E2,3.801000118E0,8.581050873E0,-3.261000156E0
1.177070453E2,1.570050120E0,9.547950745E0,5.059500337E-1
1.177094890E2,4.134000301E0,1.004895020E1,1.584000111E0
1.177119324E2,4.147950172E0,6.534000397E0,-3.481950283E0
1.177143761E2,1.588950038E0,5.662050247E0,-2.275050163E0
1.177168195E2,6.021000385E0,9.643950462E0,-1.822950125E0
1.177192632E2,7.327950478E0,6.721050262E0,-6.205950260E0
1.177217066E2,1.135950089E0,6.682050228E0,-3.537000179E0
1.177241503E2,-3.010500073E-1,7.707000256E0,1.714950085E0
1.177265937E2,4.125000000E0,8.212050438E0,-1.786950111E0
1.177290373E2,5.278950214E0,4.183050156E0,-8.440050125E0
1.177314808E2,8.230500221E-1,4.306950092E0,-6.154050350E0
1.177339244E2,3.439950228E0,8.302950859E0,-1.813050032E0
1.177363679E2,6.532950401E0,4.209000111E0,-6.004950523E0
1.177388115E2,8.950500488E-1,5.701050282E0,-4.504050255E0
1.177412550E2,-1.501050115E0,6.721050262E0,2.857050180E0
1.177436986E2,6.085050106E0,4.908000469E0,1.141050100E0
1.177461420E2,6.538050175E0,1.036949992E0,-5.055000305E0
1.177485856E2,8.520000577E-1,6.702000141E0,-3.546000242E0
1.177510291E2,8.905950546E0,5.113950253E0,-3.067950249E0
1.177534727E2,7.978950500E0,3.073950052E0,-7.930050373E0
1.177559162E2,-1.755000114E0,5.923050404E0,-7.246050358E0
1.177583598E2,1.443000078E0,5.743950367E0,-2.140950203E0
1.177608033E2,9.958950043E0,5.277000427E0,-4.063950062E0
1.177632469E2,5.329050064E0,5.179050446E0,-5.401950359E0
1.177656903E2,-9.340500236E-1,8.325000763E0,8.050500154E-1
1.177681339E2,4.017000198E0,9.910050392E0,3.766950130E0
1.177705774E2,4.153050423E0,9.442950249E0,-1.000950098E0
1.177730210E2,1.407000065E0,1.165800095E1,-8.980500698E-1
1.177754645E2,1.510050058E0,1.435605049E1,2.206050158E0
1.177779081E2,3.616950274E0,1.326405048E1,3.046050072E0
1.177803516E2,3.148050070E0,1.180395031E1,-6.010500193E-1
1.177827952E2,6.289050102E0,1.474395084E1,-3.199050188E0
1.177852387E2,7.113000393E0,1.545495033E1,-1.046400070E1
1.177876823E2,2.008050203E0,1.306605053E1,-1.023600006E1
1.177901257E2,1.543950081E0,1.338900089E1,-2.589000225E0
1.177925693E2,5.008050442E0,1.648694992E1,-4.873050213E0
1.177950128E2,4.361999989E0,1.308900070E1,-6.751950264E0
1.177974564E2,6.169500351E-1,1.073595047E1,-3.751950264E0
1.177998999E2,4.033950329E0,1.193505096E1,-1.192950010E0
1.178023435E2,6.979050159E0,1.216995049E1,-3.525000095E0
1.178047870E2,3.592950106E0,5.430000305E0,-4.770000458E0
1.178072306E2,1.809000134E0,4.816950321E0,-2.689050198E0
1.178096740E2,4.893000126E0,5.112000465E0,-6.915000439E0
1.178121176E2,3.580950260E0,1.792950034E0,-9.946050644E0
1.178145613E2,-1.990500093E-1,5.050500035E-1,3.000000119E-1
1.178170048E2,3.454050064E0,4.480050087E0,6.589950085E0
1.178194484E2,4.387950420E0,5.854050159E0,1.165050030E0
1.178218919E2,1.318050027E0,1.051050067E0,4.456950188E0
1.178243353E2,2.073000193E0,6.852000237E0,2.884050131E0
1.178267789E2,4.146000385E0,9.157950401E0,4.296000004E0
1.178292223E2,2.839050055E0,2.811000109E0,2.160000056E-1
1.178316660E2,9.660000205E-1,7.329000473E0,3.979500234E-1
1.178341094E2,4.993950367E0,9.730050087E0,-2.032950163E0
1.178365530E2,6.804000378E0,4.894050121E0,-1.094700050E1
1.178389965E2,6.049500108E-1,5.691000462E0,-7.363050461E0
1.178414402E2,4.144050121E0,7.177950382E0,-4.746000290E0
1.178438838E2,8.058000565E0,6.712950230E0,-8.986050606E0
1.178463273E2,2.142000198E0,7.542000294E0,-7.032000542E0
1.178487709E2,2.920050144E0,1.071195030E1,1.230000034E-1
1.178512143E2,7.921950340E0,1.214895058E1,-4.729050159E0
1.178536580E2,3.868050098E0,9.760950089E0,-2.194050074E0
1.178561014E2,4.879500270E-1,1.294095039E1,1.593000054E0
1.178585450E2,3.919050217E0,1.434195042E1,3.508950233E0
1.178609885E2,3.507000208E0,1.127895069E1,-6.508050442E0
1.178634321E2,1.048050046E0,9.093000412E0,-3.517950058E0
1.178658756E2,1.102950096E0,1.044900036E1,-3.127050161E0
1.178683192E2,4.333050251E0,1.053195095E1,-7.441950321E0
1.178707626E2,2.062950134E0,1.036500072E1,-4.621050358E0
1.178732062E2,1.645950079E0,1.131795025E1,1.066050053E0
1.178756497E2,6.631050110E0,1.286895084E1,-4.293000221E0
1.178780933E2,5.257050037E0,1.065705013E1,-6.766950130E0
1.178805368E2,2.604000092E0,1.011300087E1,-6.010500193E-1
1.178829804E2,8.688000679E0,1.196895027E1,-2.779950142E0
1.178854239E2,6.270000458E0,8.727000237E0,-6.490950108E0
1.178878675E2,1.072050095E0,1.065900040E1,-2.110050201E0
1.178903109E2,2.860050201E0,1.127700043E1,1.207950115E0
1.178927545E2,8.635050774E0,1.088700008E1,-4.581000328E0
1.178951980E2,4.993950367E0,1.016595078E1,-8.071949959E0
1.178976416E2,1.267950058E0,1.261500072E1,-2.850000143E0
1.179000851E2,3.106950045E0,1.321605110E1,-6.760500073E-1
1.179025287E2,3.636000156E0,1.015905094E1,-1.899000049E0
1.179049721E2,1.429050088E0,6.804000378E0,-3.210000098E-1
1.179074158E2,3.208050251E0,7.099050522E0,-1.879950047E0
1.179098592E2,6.991050243E0,6.534000397E0,-8.308950424E0
1.179123028E2,2.572950125E0,3.840000153E0,-7.000950336E0
1.179147463E2,1.498050094E0,2.538000107E0,-1.123050094E0
1.179171899E2,4.989000320E0,6.247050285E0,-1.351050019E0
1.179196334E2,2.239950180E0,4.870050430E0,-2.895000204E-2
1.179220770E2,7.219500542E-1,2.566950083E0,2.730000019E0
1.179245204E2,-1.044000030E0,7.281000137E0,5.340000153E0
1.179269641E2,5.205000192E-2,6.984000206E0,4.987950325E0
1.179294075E2,1.192050099E0,2.143050194E0,3.453000069E0
1.179318511E2,1.450050116E0,5.242950439E0,2.548050165E0
1.179342946E2,3.093000174E0,9.057000160E0,2.671050072E0
1.179367382E2,2.827050209E0,5.725050449E0,2.656050205E0
1.179391817E2,2.836050034E0,6.895050526E0,-3.409950256E0
1.179416253E2,8.986950874E0,7.992000580E0,-1.161000061E1
1.179440687E2,7.024050236E0,6.472050190E0,-1.897994995E1
1.179465124E2,3.850500286E-1,8.251049995E0,-1.143105030E1
1.179489558E2,2.094000101E0,1.078605080E1,-2.674950123E0
1.179513994E2,3.760950089E0,1.219605064E1,-3.964950085E0
1.179538429E2,1.720950127E0,1.099695015E1,4.609500170E-1
1.179562865E2,9.949500561E-1,1.170300102E1,2.932050228E0
1.179587300E2,7.570050240E0,1.306995106E1,9.420000315E-1
1.179611736E2,5.539950371E0,1.001505089E1,-9.373950005E0
1.179636170E2,4.843050003E0,9.940950394E0,-7.510950565E0
1.179660606E2,7.773000240E0,1.182105064E1,-8.268000603E0
1.179685041E2,5.001000404E0,1.032195091E1,-8.644050598E0
1.179709477E2,1.387950063E0,1.111695099E1,-2.440050125E0
1.179733912E2,5.334000111E0,1.265895081E1,2.119500041E-1
1.179758349E2,8.965950012E0,1.168905067E1,-7.513950348E0
1.179782783E2,5.523000240E0,8.337000847E0,-1.160805035E1
1.179807220E2,3.166950226E0,1.054395008E1,-5.779950142E0
1.179831653E2,4.747050285E0,9.784950256E0,-5.953050137E0
1.179856090E2,2.371950150E0,6.843000412E0,-5.590950489E0
1.179880527E2,1.330500096E-1,4.708950043E0,1.768050075E0
1.179904961E2,-1.360050082E0,6.109950066E0,5.866950512E0
1.179929397E2,2.425050020E0,4.003050327E0,3.622950077E0
1.179953831E2,3.667050123E0,1.128000021E0,-6.760500073E-1
1.179978268E2,3.337050200E0,1.420050025E0,1.179000020E0
1.180002703E2,6.955050468E0,4.510950089E0,7.000500560E-1
1.180027137E2,5.908050060E0,6.414000511E0,-1.504050016E0
1.180051573E2,1.807050109E0,5.812950134E0,1.444950104E0
1.180076007E2,6.379500031E-1,8.072999954E0,-1.500000060E-2
1.180100444E2,7.060500383E-1,8.559000015E0,4.410000145E-1
1.180124878E2,-1.870500147E-1,3.642000198E0,1.579050064E0
1.180149314E2,-5.410500169E-1,2.695950031E0,-1.573950052E0
1.180173749E2,-8.449500203E-1,8.434950829E0,-2.103000164E0
1.180198186E2,1.089000106E0,6.184050083E0,3.211950064E0
1.180222620E2,-2.869500220E-1,2.847000122E0,-7.429500222E-1
1.180247057E2,-9.070500135E-1,1.048005009E1,-1.645050049E0
1.180271493E2,1.359000087E0,1.128705025E1,3.214050055E0
1.180295927E2,4.657950401E0,5.049000263E0,3.840000033E-1
1.180320363E2,3.166950226E0,8.476050377E0,-4.657050133E0
1.180344798E2,8.575950623E0,9.702000618E0,-1.094205093E1
1.180369234E2,3.208050251E0,7.369950294E0,-1.264695072E1
1.180393669E2,4.470000267E-1,7.554000378E0,-6.199050426E0
1.180418105E2,7.170000553E0,9.807000160E0,-4.377000332E0
1.180442540E2,6.078000069E0,6.796950340E0,-6.307050228E0
1.180466976E2,3.283950090E0,8.629050255E0,-1.465950012E0
1.180491411E2,5.812950134E0,1.275405025E1,-1.204950094E0
1.180515847E2,5.029950142E0,1.073295021E1,-5.055000305E0
1.180540282E2,5.380499959E-1,1.036200047E1,4.890000224E-1
1.180564718E2,-2.220000178E-1,1.279995060E1,1.258050084E0
1.180589152E2,6.697950363E0,8.895000458E0,-7.549950123E0
1.180613586E2,6.865950108E0,7.510950565E0,-1.215405083E1
1.180638023E2,3.009000063E0,9.426000595E0,-7.216950417E0
1.180662459E2,8.805000305E0,8.782050133E0,-4.891950130E0
1.180686894E2,7.192050457E0,9.382950783E0,-4.710000038E0
1.180711330E2,1.432950020E0,1.082400036E1,2.020500153E-1
1.180735765E2,5.592000484E0,1.167000103E1,-1.469999999E-1
1.180760201E2,8.374050140E0,7.942050457E0,-7.987950325E0
1.180784635E2,2.889000177E0,5.149950027E0,-9.214050293E0
1.180809072E2,1.915050149E0,6.165000439E0,-5.998050213E0
1.180833506E2,8.259000778E0,5.266950130E0,-6.610950470E0
1.180857942E2,3.849000216E0,4.855950356E0,-8.730000496E0
1.180882377E2,-1.723950028E0,5.751000404E0,2.230050087E0
1.180906813E2,-1.068000078E0,5.707950115E0,5.967000484E0
1.180931248E2,3.610050201E0,7.140000343E0,2.637000084E0
1.180955684E2,3.265050173E0,5.008950233E0,1.569000125E0
1.180980118E2,1.543950081E0,5.533050060E0,2.338050127E0
1.181004555E2,2.197050095E0,1.029105091E1,9.850500226E-1
1.181028989E2,3.057000160E0,1.038195038E1,2.662950039E0
1.181053425E2,2.194950104E0,9.088950157E0,4.819500148E-1
1.181077860E2,8.590500355E-1,1.102605057E1,-1.285950065E0
1.181102296E2,2.374050140E0,1.269900036E1,1.509000063E0
1.181126731E2,2.994000196E0,1.071900082E1,1.900050044E0
1.181151167E2,1.606050134E0,1.271595097E1,-2.803950071E0
1.181175601E2,3.049950123E0,1.476495075E1,1.450500041E-1
1.181200038E2,4.333050251E0,1.167405033E1,1.924050093E0
1.181224472E2,1.515000105E0,1.094895077E1,-2.802000046E0
1.181248908E2,2.245050192E0,1.502595043E1,-8.740500212E-1
1.181273343E2,7.318950176E0,1.183500099E1,-1.092105007E1
1.181297779E2,6.460500360E-1,1.018995094E1,-9.891000748E0
1.181322214E2,1.789950132E0,1.083195019E1,-4.957050323E0
1.181346650E2,4.519950390E0,1.594095039E1,-5.515050411E0
1.181371085E2,2.179949999E0,9.541050911E0,-3.472050190E0
1.181395521E2,3.406050205E0,7.690050602E0,-3.280500174E-1
1.181419956E2,8.539950371E0,1.471005058E1,-6.148950100E0
1.181444392E2,5.892000198E0,7.072950363E0,-1.293405056E1
1.181468827E2,1.260000020E-1,7.522950172E0,-4.951950073E0
1.181493263E2,2.890500128E-1,1.106595039E1,-1.648050070E0
1.181517697E2,3.904050112E0,5.863950253E0,-6.348000526E0
1.181542133E2,2.319000006E0,6.759000301E0,7.500000298E-2
1.181566568E2,4.102950096E0,7.935000420E0,6.247950077E0
1.181591004E2,9.865950584E0,7.896000385E0,1.759500057E-1
1.181615439E2,9.652950287E0,5.196000099E0,-4.231050014E0
1.181639875E2,3.817950249E0,9.084000587E0,-3.439050198E0
1.181664310E2,6.837000370E0,7.956000328E0,-6.501000404E0
1.181688746E2,4.339950085E0,6.357000351E0,-7.791000366E0
1.181713181E2,8.100000024E-2,6.145950317E0,-4.939950466E0
1.181737617E2,5.056050301E0,6.706050396E0,-2.140950203E0
1.181762051E2,8.901000023E0,4.183050156E0,-5.617050171E0
1.181786487E2,1.350000024E0,4.276050091E0,-2.923950195E0
1.181810922E2,1.102950096E0,6.943050385E0,3.916050196E0
1.181835358E2,5.475000381E0,7.687950134E0,1.420500129E-1
1.181859793E2,2.793000221E0,5.209950447E0,-3.004950047E0
1.181884229E2,-4.639500082E-1,5.859000206E0,2.934000254E0
1.181908664E2,-2.464050055E0,9.733050346E0,4.770000279E-1
1.181933100E2,1.999500096E-1,6.325950146E0,-7.005000114E-2
1.181957535E2,5.470499992E-1,5.646000385E0,-1.900500059E-1
1.181981971E2,-7.680000067E-1,8.518950462E0,-1.747950077E0
1.182006405E2,3.540000021E-1,1.006305027E1,4.920000136E-1
1.182030841E2,2.022000074E0,1.033095074E1,1.891950130E0
1.182055276E2,1.275000095E0,9.613050461E0,-8.310000300E-1
1.182079712E2,1.644000053E0,1.220100021E1,-6.330000162E-1
1.182104147E2,4.906949997E0,1.248900032E1,4.423050404E0
1.182128583E2,3.970950127E0,9.096000671E0,-3.666000128E0
1.182153018E2,8.949000359E0,1.035000038E1,-8.227050781E0
1.182177454E2,7.642050266E0,1.027605057E1,-1.485495090E1
1.182201888E2,1.012050033E0,9.253950119E0,-8.789999962E0
1.182226324E2,4.999500215E-1,9.249000549E0,-2.194050074E0
1.182250759E2,7.909950256E0,1.220805073E1,-3.139050245E0
1.182275195E2,5.374050140E0,8.254950523E0,-4.770000458E0
1.182299630E2,2.334000111E0,7.894050598E0,5.640000105E-1
1.182324066E2,5.206950188E0,1.402605057E1,-2.136000156E0
1.182348501E2,4.375950336E0,1.018500042E1,-5.449950218E0
1.182372937E2,2.058000088E0,8.239050865E0,-4.066050053E0
1.182397371E2,5.230950356E0,1.469805050E1,-6.412050247E0
1.182421807E2,8.130000114E0,9.799950600E0,-1.244400024E1
1.182446242E2,3.706050158E0,1.103805065E1,-8.806950569E0
1.182470678E2,2.452950001E0,1.405395031E1,-2.281949997E0
1.182495113E2,7.531950474E0,1.124295044E1,-4.012950420E0
1.182519549E2,3.709950209E0,9.145950317E0,-2.578950167E0
1.182543984E2,3.319500089E-1,1.021905041E1,2.946000099E0
1.182568420E2,7.275000572E0,7.597050190E0,5.760000348E-1
1.182592857E2,8.827050209E0,6.630000114E0,-6.511050224E0
1.182617291E2,2.389050007E0,7.264050484E0,-3.679950237E0
1.182641727E2,1.548000097E0,9.778050423E0,3.039000034E0
1.182666162E2,3.648000240E0,1.027605057E1,-3.195000067E-2
1.182690596E2,2.821950197E0,9.511950493E0,-7.789500356E-1
1.182715032E2,6.379500031E-1,1.050795078E1,-2.760000229E-1
1.182739467E2,1.594050050E0,1.085295010E1,1.038000107E0
1.182763903E2,3.564000130E0,7.882050514E0,-3.465000153E0
1.182788338E2,1.069500074E-1,6.117000103E0,-2.971950054E0
1.182812774E2,4.009950161E0,7.330950260E0,-3.754950285E0
1.182837208E2,5.058000088E0,6.541050434E0,-6.606000423E0
1.182861644E2,6.769500375E-1,5.029950142E0,2.040000111E-1
1.182886079E2,-3.730500042E-1,6.916950226E0,9.919500351E-1
1.182910515E2,5.869950294E0,1.032405090E1,5.200500488E-1
1.182934950E2,1.972050071E0,3.436050177E0,-7.353000164E0
1.182959386E2,1.912050128E0,4.384050369E0,-1.576050043E0
1.182983823E2,6.615000248E0,6.346950531E0,-5.131050110E0
1.183008257E2,4.651050091E0,3.060000181E0,-8.278050423E0
1.183032694E2,7.320000529E-1,3.988950253E0,-2.056950092E0
1.183057128E2,4.394999981E0,5.217000484E0,-3.019500077E-1
1.183081562E2,9.397050858E0,3.649050236E0,-8.026050568E0
1.183105998E2,3.856050253E0,2.509050131E0,-4.951950073E0
1.183130433E2,2.653950214E0,8.277000427E0,-1.059000015E0
1.183154869E2,7.386000156E0,6.250950336E0,-4.534950256E0
1.183179304E2,1.720950127E0,5.518950462E0,-4.518000126E0
1.183203741E2,-3.345000267E0,9.936000824E0,9.405000508E-2
1.183228174E2,5.599050045E0,5.694000244E0,-2.305950165E0
1.183252611E2,1.078095055E1,4.159049988E0,-8.039999962E0
1.183277045E2,3.265050173E0,4.501049995E0,-7.770000458E0
1.183301482E2,6.129000187E0,6.249000072E0,-6.727950096E0
1.183325918E2,1.153500080E1,3.000000238E0,-9.288000107E0
1.183350353E2,1.291950107E0,5.179050446E0,-7.336950302E0
1.183374789E2,2.032050133E0,6.940950394E0,-1.699950099E0
1.183399223E2,8.092050552E0,6.109950066E0,9.679500461E-1
1.183423659E2,7.668000221E0,4.642050266E0,-2.011950016E0
1.183448093E2,4.249050140E0,6.283050060E0,-4.189500213E-1
1.183472528E2,6.691050529E0,8.602950096E0,-3.400500119E-1
1.183496964E2,5.908050060E0,6.852000237E0,-6.613050461E0
1.183521399E2,-3.709500134E-1,7.372050285E0,-1.630500108E-1
1.183545835E2,-2.001000166E0,1.062300014E1,2.970000029E0
1.183570270E2,7.200000286E-1,8.851950645E0,7.530000210E-1
1.183594706E2,1.420950055E0,8.121000290E0,-9.199500680E-1
1.183619140E2,9.810000658E-1,8.287050247E0,1.150050044E0
1.183643577E2,2.118000031E0,1.027095032E1,-1.696050048E0
1.183668011E2,1.725000024E0,9.499950409E0,-3.726000071E0
1.183692448E2,1.189050078E0,1.020000076E1,-6.229500175E-1
1.183716882E2,4.180500209E-1,1.150200081E1,6.859500408E-1
1.183741319E2,1.575000048E0,1.121205044E1,-1.680000126E-1
1.183765755E2,1.273050070E0,9.475950241E0,-3.000000119E-1
1.183790189E2,-1.081950068E0,1.126005077E1,-1.308000088E0
1.183814623E2,3.211950064E0,1.142505074E1,6.379500031E-1
1.183839059E2,1.951050043E0,8.145000458E0,-3.682950258E0
1.183863494E2,-5.980500579E-1,9.541050911E0,-2.349000216E0
1.183887930E2,5.961000443E0,1.049895096E1,1.423050046E0
1.183912367E2,5.484000206E0,9.232050896E0,-8.574000359E0
1.183936801E2,1.183950067E0,8.478000641E0,-4.750950336E0
1.183961238E2,4.716000080E0,1.117395020E1,-1.942050099E0
1.183985672E2,5.097000122E0,1.298205090E1,-8.296950340E0
1.184010109E2,2.662050009E0,9.772950172E0,-1.525950074E0
1.184034543E2,1.795050144E0,9.782999992E0,-6.420000196E-1
1.184058979E2,6.658050537E0,1.229700089E1,-4.118999958E0
1.184083414E2,5.568000317E0,8.125950813E0,-8.851950645E0
1.184107850E2,2.829000235E0,9.019050598E0,-4.035000324E0
1.184132284E2,5.440950394E0,1.255800056E1,-3.640050173E0
1.184156719E2,5.809950352E0,9.306000710E0,-8.493000031E0
1.184181155E2,3.010500073E-1,1.135395050E1,-1.156949997E0
1.184205589E2,6.430500150E-1,1.223205090E1,3.409950256E0
1.184230025E2,9.463950157E0,9.168000221E0,-5.212950230E0
1.184254460E2,6.748950481E0,6.927000523E0,-9.214050293E0
1.184278896E2,2.068050146E0,1.043400097E1,-2.458950043E0
1.184303331E2,7.984050274E0,8.032950401E0,-2.062050104E0
1.184327767E2,4.651050091E0,8.044950485E0,-2.083950043E0
1.184352202E2,1.696950078E0,1.072605038E1,2.671050072E0
1.184376639E2,6.472950459E0,1.059495068E1,-8.599500656E-1
1.184401075E2,8.560950279E0,9.546000481E0,-9.847950935E0
1.184425509E2,1.362000108E0,9.553050041E0,-9.448050499E0
1.184449945E2,5.879999995E-1,1.128900051E1,-3.196950197E0
1.184474379E2,5.563950062E0,1.003695011E1,-4.143000126E0
1.184498814E2,2.698050022E0,9.337950706E0,-1.396050096E0
1.184523250E2,-8.020500541E-1,9.931050301E0,2.668050051E0
1.184547685E2,3.082950115E0,1.085595036E1,2.802000046E0
1.184572121E2,9.238950729E0,9.532050133E0,-6.148950100E0
1.184596555E2,2.880000114E0,7.185000420E0,-4.650000095E0
1.184620991E2,4.159950256E0,1.075995064E1,-1.978050113E0
1.184645428E2,4.206000328E0,9.250950813E0,-2.215050220E0
1.184669863E2,1.297050118E0,8.571000099E0,7.219500542E-1
1.184694299E2,-2.779500186E-1,9.085950851E0,7.909500599E-1
1.184718734E2,1.984050035E0,8.686050415E0,1.981050134E0
1.184743170E2,6.334050179E0,6.685050488E0,-6.799500585E-1
1.184767605E2,2.677950144E0,3.724950075E0,-2.401950121E0
1.184792038E2,7.429050446E0,7.882050514E0,-3.433950186E0
1.184816474E2,6.610050201E0,8.368050575E0,-6.448050499E0
1.184840909E2,9.859500527E-1,6.558000088E0,5.230500102E-1
1.184865345E2,2.805000171E-2,8.076000214E0,6.310500503E-1
1.184889780E2,7.009500265E-1,1.231095028E1,2.629950047E0
1.184914216E2,1.390050054E0,6.139050484E0,-7.189500332E-1
1.184938651E2,-6.630000472E-1,4.258950233E0,-1.518000126E0
1.184963087E2,2.527950048E0,7.336050510E0,-3.235050201E0
1.184987521E2,4.146000385E0,5.581050396E0,-6.766950130E0
1.185011958E2,7.369500399E-1,4.294950008E0,-3.999000072E0
1.185036394E2,9.450000525E-1,7.872000217E0,3.000000119E-1
1.185060828E2,4.860000134E0,5.455950260E0,-2.265000105E0
1.185085265E2,3.691050291E0,2.737050056E0,-3.525000095E0
1.185109699E2,7.249500155E-1,8.176050186E0,3.550500274E-1
1.185134134E2,5.989950180E0,6.100950241E0,-2.140500098E-1
1.185158570E2,3.435000181E0,2.290950060E0,-4.225950241E0
1.185183004E2,-2.425050020E0,5.974050522E0,2.119500041E-1
1.185207440E2,1.998000145E0,3.838050127E0,1.773000121E0
1.185231875E2,8.676000595E0,2.428050041E0,-5.233950138E0
1.185256312E2,2.155950069E0,3.294000149E0,-8.071949959E0
1.185280746E2,1.105050087E0,5.236050129E0,-2.845050097E0
1.185305183E2,8.359950066E0,5.404050350E0,-2.986050129E0
1.185329617E2,3.114000082E0,6.304050446E0,-4.212000370E0
1.185354054E2,-2.755950212E0,9.313950539E0,2.713950157E0
1.185378488E2,2.341050148E0,9.352050781E0,3.556050062E0
1.185402925E2,6.741000175E0,6.772950172E0,-7.636050224E0
1.185427359E2,3.279000044E0,8.251049995E0,-5.340000153E0
1.185451795E2,8.518050194E0,9.960000038E0,-7.360950470E0
1.185476229E2,6.112050056E0,8.677050591E0,-8.842950821E0
1.185500665E2,3.060000241E-1,1.077900028E1,-1.159050107E0
1.185525100E2,1.800000109E-2,1.139400101E1,4.311000347E0
1.185549536E2,3.222000122E0,1.208100033E1,1.759500057E-1
1.185573971E2,3.937950134E0,1.135395050E1,-5.128950119E0
1.185598407E2,1.633950114E0,1.155195045E1,-2.421000004E0
1.185622842E2,3.591000080E0,1.144905090E1,-2.956950188E0
1.185647278E2,2.796000242E0,1.070205021E1,-5.602950096E0
1.185671712E2,1.251000047E0,1.051095009E1,-2.317950010E0
1.185696149E2,3.940050125E0,1.176495075E1,-1.755000114E0
1.185720583E2,6.286950111E0,1.167195034E1,-4.758000374E0
1.185745019E2,4.443000317E0,9.733050346E0,-3.610950232E0
1.185769454E2,5.425050259E0,1.245300102E1,-1.521000028E0
1.185793890E2,7.857000351E0,1.107600021E1,-3.420000076E0
1.185818325E2,3.841950178E0,9.907050133E0,-4.762950420E0
1.185842761E2,7.800000310E-1,1.027605057E1,-3.900000080E-2
1.185867195E2,4.333050251E0,1.059705067E1,-4.095000029E-2
1.185891632E2,7.081050396E0,7.546950340E0,-6.343050480E0
1.185916066E2,1.576950073E0,7.362000465E0,-6.877050400E0
1.185940502E2,3.598050117E0,1.158600044E1,-6.709500551E-1
1.185964937E2,5.548950195E0,9.306000710E0,-1.341000080E0
1.185989373E2,1.594050050E0,8.550000191E0,-4.099500179E-1
1.186013810E2,1.744950056E0,1.187100029E1,2.749950171E0
1.186038245E2,3.592950106E0,1.153995037E1,5.595000088E-2
1.186062678E2,3.724950075E0,6.654000282E0,-5.902050495E0
1.186087115E2,1.660950065E0,7.246950150E0,-5.416050434E0
1.186111549E2,6.607050419E0,8.445000648E0,-3.963000298E0
1.186135985E2,5.688000202E0,6.808950424E0,-5.194050312E0
1.186160420E2,4.969500303E-1,6.445050240E0,3.480000198E-1
1.186184856E2,2.749500275E-1,9.610950470E0,4.818000317E0
1.186209291E2,6.825000286E0,8.524050713E0,3.405000269E-2
1.186233727E2,4.998000145E0,4.147050381E0,-7.662000179E0
1.186258162E2,2.121000051E0,7.626000404E0,-4.351050377E0
1.186282598E2,6.451950073E0,7.804950237E0,-4.750950336E0
1.186307032E2,3.403950214E0,5.413050175E0,-4.735949993E0
1.186331469E2,-6.700500250E-1,6.570000172E0,5.250000358E-1
1.186355903E2,1.656000137E0,7.819950581E0,3.537000179E0
1.186380339E2,8.128050804E0,6.156000137E0,-4.360050201E0
1.186404774E2,4.435950279E0,2.269950151E0,-5.742000103E0
1.186429210E2,4.402050018E0,8.004000664E0,-1.957050085E0
1.186453645E2,9.868050575E0,8.308050156E0,-5.373000145E0
1.186478081E2,2.130000114E0,6.261000156E0,-4.186050415E0
1.186502516E2,-2.301000118E0,1.073595047E1,3.577950239E0
1.186526952E2,1.512000084E0,8.671950340E0,3.015000105E0
1.186551386E2,6.885000229E0,6.129000187E0,-5.617050171E0
1.186575823E2,2.791050196E0,6.667950153E0,-6.630000114E0
1.186600257E2,4.467000008E0,8.677050591E0,-1.914000034E0
1.186624693E2,7.405050278E0,8.072999954E0,-4.942050457E0
1.186649128E2,1.783050060E0,8.551950455E0,-2.019000053E0
1.186673564E2,-1.177950025E0,1.198605061E1,2.875950098E0
1.186697998E2,3.105000257E0,1.296000099E1,1.618950129E0
1.186722435E2,3.520950079E0,9.502950668E0,-4.168950081E0
1.186746869E2,2.548950195E0,9.562950134E0,-1.365000010E0
1.186771305E2,8.855999947E0,1.277595043E1,-6.606000423E0
1.186795740E2,6.222000122E0,9.204000473E0,-8.818950653E0
1.186820176E2,2.340000123E-1,1.026405048E1,-3.442950249E0
1.186844611E2,1.258950114E0,1.297905064E1,5.640000105E-1
1.186869047E2,4.524000168E0,1.120800018E1,-1.281000018E0
1.186893482E2,2.944050074E0,8.880000114E0,-4.477950096E0
1.186917918E2,1.579050064E0,1.164795017E1,7.669500113E-1
1.186942352E2,6.646050453E0,1.214895058E1,-1.506000042E0
1.186966788E2,5.029950142E0,1.002000046E1,-5.445000172E0
1.186991223E2,6.859500408E-1,1.134405041E1,-1.071000099E0
1.187015659E2,3.129000187E0,1.269405079E1,-4.170000255E-1
1.187040094E2,3.994950294E0,9.072000504E0,-4.638000011E0
1.187064530E2,3.150000274E-1,7.338000298E0,-2.967000246E0
1.187088965E2,2.491950035E0,8.416049957E0,-5.940000415E-1
1.187113401E2,5.848050117E0,6.939000130E0,-5.197950363E0
1.187137836E2,2.359950066E0,5.446950436E0,-5.335050106E0
1.187162272E2,6.550500393E-1,4.867050171E0,6.139500141E-1
1.187186706E2,7.669950485E0,7.768950462E0,-1.963950038E0
1.187211142E2,6.241050243E0,5.221950054E0,-7.533000469E0
1.187235577E2,1.090950012E0,5.301000118E0,-6.060000062E-1
1.187260013E2,3.712950230E0,1.138005066E1,1.234050035E0
1.187284448E2,5.827050209E0,6.679950237E0,-4.890000343E0
1.187308884E2,1.387950063E0,8.478000641E0,-3.963000298E0
1.187333318E2,2.034000158E0,9.453000069E0,-2.586000204E0
1.187357755E2,9.627000809E0,6.724950314E0,-7.701000214E0
1.187382189E2,4.129050255E0,6.819000244E0,-1.021200085E1
1.187406625E2,6.379500031E-1,8.197950363E0,-3.063000202E0
1.187431060E2,9.685950279E0,7.305000305E0,-3.247050047E0
1.187455496E2,4.692000389E0,4.951050282E0,-9.807000160E0
1.187479931E2,-2.586000204E0,7.113000393E0,-1.834950089E0
1.187504367E2,4.089000225E0,6.706050396E0,2.740500271E-1
1.187528802E2,1.043295002E1,3.795000076E0,-8.965050697E0
1.187553238E2,1.663050056E0,3.735000134E0,-8.413949966E0
1.187577672E2,-7.050000131E-3,7.530000210E0,5.059500337E-1
1.187602108E2,7.933950424E0,4.695000172E0,-4.219500124E-1
1.187626543E2,5.259000301E0,3.709050179E0,-3.838950157E0
1.187650979E2,-1.240050077E0,7.903050423E0,1.005000062E-2
1.187675414E2,5.452950478E0,6.739950180E0,1.428000093E0
1.187699850E2,8.121000290E0,2.515950203E0,-5.704050064E0
1.187724285E2,1.876050115E0,3.879000187E0,-6.381000519E0
1.187748721E2,7.480950356E0,6.426000118E0,-3.280950069E0
1.187773155E2,8.776950836E0,4.456050396E0,-6.883950233E0
1.187797592E2,-8.310000300E-1,5.049000263E0,-3.448050261E0
1.187822025E2,-1.732950091E0,8.605050087E0,5.316000462E0
1.187846462E2,5.722050190E0,8.164050102E0,-3.979500234E-1
1.187870896E2,5.038950443E0,6.874050140E0,-5.707950115E0
1.187895333E2,1.800000072E0,9.337950706E0,1.651050091E0
1.187919768E2,4.708950043E0,1.082700062E1,-6.850500107E-1
1.187944204E2,3.133050203E0,9.241950035E0,-2.811000109E0
1.187968638E2,1.741950035E0,1.069800091E1,-1.609500051E-1
1.187993074E2,2.278950214E0,1.136295033E1,2.424000025E0
1.188017508E2,4.285050392E0,1.228305054E1,-1.959000111E0
1.188041943E2,2.190000057E0,9.946050644E0,-3.312000275E0
1.188066380E2,4.029000282E0,1.221795082E1,-7.879500389E-1
1.188090814E2,7.411950588E0,1.327395058E1,-8.613000870E0
1.188115250E2,2.068050146E0,1.032195091E1,-5.098050117E0
1.188139687E2,7.890000343E-1,1.123905087E1,5.730000138E-1
1.188164122E2,2.596950054E0,1.414095020E1,2.362050056E0
1.188188558E2,2.398050070E0,1.241205025E1,-1.333950043E0
1.188212992E2,1.090500057E-1,8.822999954E0,-1.720050097E0
1.188237428E2,-6.799500585E-1,9.868950844E0,1.806000113E0
1.188261863E2,5.130000114E0,1.181595039E1,-2.520000041E-1
1.188286297E2,2.080049992E0,9.655950546E0,-4.750950336E0
1.188310733E2,2.137050152E0,9.630000114E0,1.323000073E0
1.188335168E2,7.410000324E0,1.263900089E1,-4.485000134E0
1.188359604E2,4.675050259E0,9.697050095E0,-4.867950439E0
1.188384038E2,3.315000057E0,1.221795082E1,-1.131000042E0
1.188408475E2,8.824950218E0,1.291200066E1,-4.617000103E0
1.188432909E2,4.888050079E0,1.050405025E1,-6.424050331E0
1.188457345E2,9.450000525E-1,9.595950127E0,-3.859500289E-1
1.188481780E2,2.401050091E0,1.133400059E1,1.882950068E0
1.188506216E2,5.947050095E0,1.104705048E1,-5.268000126E0
1.188530651E2,2.191950083E0,7.398000240E0,-8.371050835E0
1.188555087E2,2.596950054E0,1.082400036E1,-3.012000084E0
1.188579522E2,7.338000298E0,1.039395046E1,-5.287050247E0
1.188603958E2,2.736000061E0,7.804950237E0,-5.857050419E0
1.188628392E2,1.540950060E0,1.206195068E1,-1.510500014E-1
1.188652829E2,5.419950485E0,1.073295021E1,-1.633050084E0
1.188677263E2,5.956050396E0,7.092000484E0,-8.529000282E0
1.188701699E2,2.382000208E0,8.296050072E0,-5.139000416E0
1.188726134E2,6.688950539E0,9.084000587E0,-2.803950071E0
1.188750571E2,7.801950455E0,6.025950432E0,-8.074049950E0
1.188775005E2,8.059500456E-1,7.219050407E0,-3.640050173E0
1.188799442E2,1.483950019E0,7.549050331E0,2.425950050E0
1.188823876E2,1.041900063E1,6.985950470E0,-4.147050381E0
1.188848312E2,6.391950130E0,3.739950180E0,-9.826950073E0
1.188872746E2,-9.960000515E-1,7.795950413E0,-4.066050053E0
1.188897183E2,4.615050316E0,7.384050369E0,7.429500222E-1
1.188921617E2,5.559000492E0,4.153950214E0,-3.783000231E0
1.188946053E2,-1.195050001E0,5.308050156E0,-1.939950109E0
1.188970488E2,2.329050064E0,6.049950123E0,1.111950040E0
1.188994924E2,9.631050110E0,4.297950268E0,-4.363049984E0
1.189019359E2,4.426050186E0,2.344050169E0,-6.240000248E0
1.189043795E2,2.410050154E0,6.364050388E0,-2.653050184E0
1.189068229E2,9.493050575E0,6.381000519E0,-4.195050240E0
1.189092665E2,2.002950191E0,4.860000134E0,-5.293950081E0
1.189117100E2,-3.297000170E0,6.637050152E0,3.628050089E0
1.189141536E2,-1.319999993E-1,6.157950401E0,5.556000233E0
1.189165971E2,6.045000076E0,4.960950375E0,-4.686000347E0
1.189190407E2,1.543950081E0,4.606950283E0,-3.538950205E0
1.189214842E2,3.388950109E0,7.441050529E0,-8.580000401E-1
1.189239278E2,5.455950260E0,6.141000271E0,-5.455050468E0
1.189263712E2,1.084050059E0,7.606950283E0,-1.437000036E0
1.189288149E2,-7.350000143E-1,9.574950218E0,2.188950062E0
1.189312583E2,4.200000316E-2,1.016400051E1,1.879500151E-1
1.189337019E2,1.480950117E0,9.004950523E0,3.550500274E-1
1.189361454E2,2.404950142E0,8.428050041E0,1.050000079E-3
1.189385890E2,6.624000549E0,1.036005020E1,-4.948950291E0
1.189410325E2,6.097050190E0,7.767000198E0,-8.482950211E0
1.189434761E2,-2.629500031E-1,7.273950577E0,-2.506950140E0
1.189459195E2,8.230500221E-1,1.068795013E1,2.862000227E0
1.189483632E2,2.793000221E0,1.071405029E1,-8.580000401E-1
1.189508066E2,7.510500550E-1,6.730050087E0,-2.365950108E0
1.189532502E2,-6.199500561E-1,1.125300026E1,7.360500097E-1
1.189556937E2,5.286000252E0,1.227105045E1,6.739500165E-1
1.189581373E2,3.265050173E0,9.903000832E0,-3.999000072E0
1.189605808E2,1.951050043E0,1.162695026E1,-1.552050114E0
1.189630244E2,3.748950243E0,1.293105030E1,-5.680500269E-1
1.189654678E2,4.833000183E0,1.023495007E1,-6.489000320E0
1.189679115E2,7.219500542E-1,1.002495003E1,-2.373000145E0
1.189703549E2,5.404950142E0,1.269705105E1,-1.309950113E0
1.189727985E2,8.010000229E0,1.023105049E1,-9.433950424E0
1.189752420E2,1.941000104E0,8.944950104E0,-4.993050098E0
1.189776856E2,2.026950121E0,1.065195084E1,9.079500437E-1
1.189801291E2,5.254950047E0,1.068600082E1,-2.104950190E0
1.189825725E2,2.980050087E0,7.651950359E0,-5.730000496E0
1.189850162E2,6.670500040E-1,8.263050079E0,-1.557000041E0
1.189874596E2,4.072050095E0,1.021905041E1,-7.330500484E-1
1.189899032E2,5.743050098E0,6.381000519E0,-6.862950325E0
1.189923469E2,1.222950101E0,7.606950283E0,-3.265950203E0
1.189947903E2,4.096050262E0,1.026900005E1,-5.869500041E-1
1.189972339E2,7.122000217E0,6.328050137E0,-7.969050407E0
1.189996774E2,1.645950079E0,6.124050140E0,-5.146050453E0
1.190021210E2,1.879050136E0,9.169950485E0,1.402050018E0
1.190045645E2,9.136050224E0,6.745050430E0,-3.859950066E0
1.190070079E2,3.904050112E0,5.734050274E0,-6.211050510E0
1.190094515E2,-5.100000501E-1,8.361000061E0,8.389500380E-1
1.190118949E2,8.788949966E0,7.810050488E0,-2.682000160E0
1.190143385E2,8.473050117E0,4.705049992E0,-1.030500031E1
1.190167822E2,-1.471950054E0,7.470000267E0,-4.285950184E0
1.190192257E2,2.926950216E0,8.878050804E0,1.773000121E0
1.190216693E2,7.419000149E0,6.049950123E0,-4.573950291E0
1.190241128E2,4.450500309E-1,6.823950291E0,-2.461950064E0
1.190265564E2,2.640000105E0,8.257950783E0,1.324950099E0
1.190289998E2,9.511950493E0,6.757050514E0,-6.168000221E0
1.190314432E2,3.892050266E0,5.539950371E0,-9.235050201E0
1.190338868E2,1.050000072E0,8.515950203E0,-1.564050078E0
1.190363303E2,8.523000717E0,8.263050079E0,-2.260950089E0
1.190387739E2,4.773000240E0,6.076950073E0,-5.043000221E0
1.190412174E2,-1.008000016E0,8.200050354E0,1.878000140E0
1.190436610E2,3.471000195E0,9.172050476E0,2.979000092E0
1.190461045E2,8.710050583E0,7.264050484E0,-6.537000179E0
1.190485481E2,1.363950014E0,5.871000290E0,-6.381000519E0
1.190509915E2,1.986000061E0,1.042500019E1,3.120000064E-1
1.190534352E2,5.961000443E0,8.646000862E0,-2.742000103E0
1.190558786E2,2.254950047E0,8.191050529E0,-1.513950109E0
1.190583222E2,-3.490500152E-1,1.024500084E1,2.137050152E0
1.190607657E2,2.503950119E0,1.032600021E1,1.818000078E0
1.190632093E2,5.881950378E0,8.971050262E0,-3.534000158E0
1.190656528E2,4.036050320E0,7.683000565E0,-3.544050217E0
1.190680964E2,1.031595039E1,9.144000053E0,-7.011000156E0
1.190705398E2,5.740950108E0,7.494000435E0,-8.646000862E0
1.190729835E2,-1.530000120E-1,6.472050190E0,-1.815000057E0
1.190754269E2,6.580500603E-1,7.276050568E0,3.612000227E0
1.190778705E2,5.094000340E0,8.365950584E0,-1.669050097E0
1.190803140E2,1.869000077E0,2.289000034E0,-4.369950294E0
1.190827576E2,1.057050109E0,4.884000301E0,1.102050066E0
1.190852010E2,4.981950283E0,8.065950394E0,-2.304000139E0
1.190876447E2,2.467950106E0,3.646050215E0,-2.443050146E0
1.190900881E2,8.989500403E-1,5.992950439E0,2.220000029E0
1.190925317E2,6.979500055E-1,1.096800041E1,4.552050114E0
1.190949752E2,2.401050091E0,7.342950344E0,7.240500450E-1
1.190974188E2,7.060500383E-1,6.438000202E0,-4.840500355E-1
1.190998623E2,1.587000132E0,1.012305069E1,1.234050035E0
1.191023059E2,5.338050365E0,9.601050377E0,-5.002050400E0
1.191047493E2,1.132050037E0,6.577050209E0,-4.381950378E0
1.191071930E2,1.810500026E-1,7.936950207E0,1.369950056E0
1.191096364E2,4.512000084E0,1.159500027E1,-1.774950027E0
1.191120800E2,4.837950230E0,9.321000099E0,-6.676050186E0
1.191145235E2,3.478050232E0,9.847950935E0,-5.554950237E0
1.191169671E2,7.716000557E0,1.371000099E1,-4.495050430E0
1.191194106E2,7.431000233E0,1.213905048E1,-8.550000191E0
1.191218540E2,1.006950021E0,1.159995079E1,-3.628050089E0
1.191242977E2,1.893000126E0,1.368795109E1,1.023000002E0
1.191267410E2,6.868050098E0,1.186095047E1,-6.501000404E0
1.191291847E2,3.873000145E0,8.491950035E0,-8.431050301E0
1.191316281E2,3.198000193E0,1.152405071E1,-3.769050121E0
1.191340718E2,8.680950165E0,1.141095066E1,-5.317950249E0
1.191365154E2,4.431000233E0,9.349950790E0,-7.120950222E0
1.191389589E2,1.900050044E0,1.161900043E1,-8.740500212E-1
1.191414025E2,4.098000050E0,1.433205032E1,-6.709500551E-1
1.191438459E2,6.094950199E0,1.031400013E1,-7.404000282E0
1.191462893E2,2.512950182E0,9.730050087E0,-7.192950249E0
1.191487330E2,6.030000448E-1,1.130100060E1,-7.140000463E-1
1.191511767E2,5.596950054E0,8.698050499E0,-1.783950090E0
1.191536200E2,2.632950068E0,7.519950390E0,-2.080950022E0
1.191560637E2,2.053050041E0,8.719950676E0,2.935950041E0
1.191585072E2,8.299950600E0,7.312050343E0,-2.838000059E0
1.191609508E2,6.160050392E0,3.888000250E0,-8.770950317E0
1.191633943E2,8.230500221E-1,6.165000439E0,-5.373000145E0
1.191658377E2,5.853000164E0,8.310000420E0,-2.674950123E0
1.191682813E2,5.686050415E0,5.968950272E0,-3.580050230E0
1.191707247E2,-1.600500047E-1,6.259050369E0,1.564050078E0
1.191731683E2,1.210500076E-1,8.325000763E0,4.035000324E0
1.191756118E2,8.546999931E0,8.559000015E0,-3.120000124E0
1.191780554E2,4.915050030E0,2.799000025E0,-9.513000488E0
1.191804989E2,1.840050101E0,7.582950592E0,-3.247050047E0
1.191829425E2,7.108050346E0,9.582000732E0,-2.323050022E0
1.191853859E2,2.470050097E0,5.284050465E0,-2.481000185E0
1.191878296E2,-1.174950004E0,8.251049995E0,2.356950045E0
1.191902730E2,3.750000298E-1,8.104949951E0,3.112950087E0
1.191927166E2,4.426050186E0,4.699950218E0,-5.437950134E0
1.191951601E2,3.471000195E0,4.546950340E0,-7.759950161E0
1.191976037E2,6.366000175E0,6.013950348E0,-4.489950180E0
1.192000472E2,8.527950287E0,6.438000202E0,-6.721050262E0
1.192024908E2,5.550000072E-1,5.263050079E0,-2.257950068E0
1.192049342E2,-3.007050037E0,7.603950500E0,5.280000210E0
1.192073778E2,1.234950066E0,6.535950184E0,5.031000137E0
1.192098213E2,6.825000286E0,4.003050327E0,-4.107000351E0
1.192122649E2,2.518050194E0,4.137000084E0,-4.036950111E0
1.192147084E2,7.702050209E0,7.984950542E0,-3.058050156E0
1.192171520E2,6.507000446E0,4.606950283E0,-5.526000500E0
1.192195955E2,-8.329500556E-1,6.970050335E0,-7.380000353E-1
1.192220391E2,-1.642050028E0,1.036500072E1,4.315050125E0
1.192244825E2,3.780000210E0,7.045950413E0,-1.471050024E0
1.192269262E2,3.697950125E0,4.935000420E0,-6.742950439E0
1.192293696E2,4.546050072E0,7.045950413E0,-5.088000298E0
1.192318132E2,1.088400078E1,7.302000523E0,-7.710000515E0
1.192342567E2,3.028050184E0,5.694000244E0,-7.822950363E0
1.192367003E2,-2.394000053E0,9.049950600E0,3.364950180E0
1.192391438E2,2.203950167E0,8.524050713E0,4.758000374E0
1.192415874E2,7.342050552E0,6.277950287E0,-4.590000153E0
1.192440308E2,2.026950121E0,4.513050079E0,-5.341950417E0
1.192464745E2,4.041000366E0,8.478000641E0,-2.179050207E0
1.192489179E2,8.032050133E0,5.586000443E0,-5.470950127E0
1.192513615E2,1.009950042E0,5.820000172E0,-3.046050072E0
1.192538049E2,-9.139500260E-1,7.753050327E0,2.764050245E0
1.192562484E2,1.371000051E0,8.962050438E0,2.500950098E0
1.192586921E2,3.069000244E0,7.072950363E0,-1.453950047E0
1.192611355E2,8.370000124E-1,7.984950542E0,4.849500358E-1
1.192635792E2,2.061000109E0,1.269705105E1,1.782000065E0
1.192660226E2,4.420950413E0,1.073100090E1,-4.027950287E0
1.192684662E2,1.159950018E0,9.205950737E0,-1.210050106E0
1.192709099E2,5.700000376E-2,1.308000088E1,1.078050017E0
1.192733533E2,1.660950065E0,1.329105091E1,8.869500160E-1
1.192757967E2,2.194950104E0,1.115700054E1,3.700500131E-1
1.192782403E2,5.929500461E-1,1.291905022E1,-7.090500593E-1
1.192806838E2,1.243950009E0,1.395900059E1,7.890000343E-1
1.192831274E2,3.046950102E0,1.388700104E1,7.260000110E-1
1.192855711E2,3.318000078E0,1.362600040E1,-6.589500308E-1
1.192880145E2,6.466050148E0,1.561995029E1,-4.395000264E-2
1.192904582E2,9.994950294E0,1.289805031E1,-1.393305111E1
1.192929016E2,1.546050072E0,1.199505043E1,-1.237905025E1
1.192953450E2,2.887050152E0,1.233795071E1,-9.084000587E0
1.192977886E2,5.710050106E0,1.306995106E1,-8.233950615E0
1.193002321E2,2.994000196E0,8.320050240E0,-7.309950352E0
1.193026757E2,3.094950199E0,9.619950294E0,-3.826950073E0
1.193051192E2,7.536000252E0,1.206705093E1,-4.863000393E0
1.193075628E2,7.263000488E0,6.907050133E0,-9.997050285E0
1.193100063E2,-2.299500108E-1,9.273000717E0,-4.389000416E0
1.193124499E2,1.833000064E0,1.049895096E1,3.892050266E0
1.193148933E2,5.461050034E0,6.891000271E0,1.900500059E-1
1.193173370E2,3.919050217E0,7.003050327E0,1.572000027E0
1.193197804E2,6.214950085E0,9.157950401E0,4.959000111E0
1.193222240E2,1.130295086E1,6.225000381E0,-3.178050041E0
1.193246675E2,5.724000454E0,5.068950176E0,-8.491050720E0
1.193271111E2,2.484000206E0,9.385950089E0,-5.064000130E0
1.193295546E2,6.301050186E0,9.295050621E0,-3.280950069E0
1.193319982E2,4.141050339E0,8.488050461E0,-1.975950122E0
1.193344417E2,-3.250500262E-1,1.090095043E1,3.625950098E0
1.193368850E2,1.050000042E-1,1.223205090E1,-4.650000334E-1
1.193393287E2,4.227000237E0,1.282605076E1,3.055950165E0
1.193417721E2,4.275000095E0,9.703950882E0,-3.573000193E0
1.193442158E2,4.990950108E0,1.132200050E1,-3.679950237E0
1.193466594E2,8.532000542E0,1.264695072E1,-1.023405075E1
1.193491029E2,2.206950188E0,1.059900093E1,-5.601000309E0
1.193515465E2,9.829500318E-1,1.196400070E1,1.441950083E0
1.193539900E2,2.721000195E0,1.567800045E1,-1.225950003E0
1.193564336E2,1.618050098E0,1.072605038E1,-8.050500154E-1
1.193588770E2,-3.060000241E-1,8.599950790E0,-1.212000012E0
1.193613207E2,3.471000195E0,1.274895096E1,2.550000250E-1
1.193637641E2,5.496000290E0,1.170795059E1,-4.489950180E0
1.193662077E2,1.903050065E0,7.771950245E0,-1.867950082E0
1.193686512E2,2.499000072E0,8.884950638E0,4.876049995E0
1.193710948E2,6.385050297E0,1.024695015E1,-2.566950083E0
1.193735383E2,3.126000166E0,7.426950455E0,-6.087000370E0
1.193759817E2,2.221050024E0,1.113600063E1,-5.295000225E-2
1.193784253E2,5.662050247E0,1.241205025E1,-9.559500217E-1
1.193808687E2,3.117000103E0,1.073295021E1,-2.893050194E0
1.193833124E2,6.000000238E-1,1.325205040E1,1.138050079E0
1.193857558E2,2.599050045E0,1.329495049E1,-2.700000070E-2
1.193881994E2,5.008050442E0,1.006500053E1,-6.064950466E0
1.193906429E2,1.294050097E0,8.167050362E0,-6.616050243E0
1.193930865E2,3.451950073E0,8.868000031E0,-5.512050152E0
1.193955300E2,8.275950432E0,8.782050133E0,-9.526950836E0
1.193979736E2,1.801950097E0,5.635950089E0,-6.546000481E0
1.194004170E2,7.800000161E-2,5.931000233E0,1.569000125E0
1.194028607E2,1.780950069E0,1.015200043E1,1.350000054E-1
1.194053041E2,2.760000229E0,2.751000166E0,-4.803000450E0
1.194077477E2,3.234000206E0,4.405050278E0,1.552050114E0
1.194101912E2,4.905000210E0,9.772950172E0,2.035950184E0
1.194126348E2,5.233050346E0,5.406000137E0,-5.130000114E-1
1.194150783E2,1.845000029E0,4.954050064E0,1.555050015E0
1.194175219E2,-9.000000544E-3,8.800950050E0,1.569000125E0
1.194199654E2,6.190950394E0,5.422950268E0,-5.184000015E0
1.194224090E2,2.743050098E0,3.417000055E0,-8.388000488E0
1.194248524E2,1.162950039E0,6.567000389E0,-5.038050175E0
1.194272960E2,7.918950558E0,4.767000198E0,-6.193950176E0
1.194297395E2,2.299950123E0,4.870050430E0,-5.698950291E0
1.194321831E2,-1.360050082E0,6.016950130E0,3.139950037E0
1.194346266E2,2.595000029E0,9.216000557E0,2.532000065E0
1.194370702E2,7.134000301E0,6.096000195E0,-6.979950428E0
1.194395137E2,2.508000135E0,4.683000088E0,-5.080950260E0
1.194419572E2,5.868000507E0,8.695950508E0,-4.927950382E0
1.194444007E2,7.543950558E0,6.096000195E0,-8.287050247E0
1.194468443E2,5.830500126E-1,6.625050545E0,-4.261950016E0
1.194492878E2,1.761000037E0,8.880000114E0,1.060500070E-1
1.194517314E2,8.133000374E0,6.342000484E0,-5.412000179E0
1.194541749E2,6.153000355E0,3.454950094E0,-9.750000000E0
1.194566182E2,4.090950012E0,7.353000164E0,-5.851950169E0
1.194590619E2,9.607050896E0,7.377000332E0,-6.676050186E0
1.194615053E2,5.077050209E0,4.297950268E0,-8.706000328E0
1.194639489E2,-2.767950058E0,6.985950470E0,-1.000950098E0
1.194663924E2,3.343950272E0,6.004950523E0,3.319050074E0
1.194688361E2,1.072995090E1,3.105000257E0,-4.762950420E0
1.194712795E2,3.552000284E0,1.567950130E0,-5.548050404E0
1.194737231E2,3.556950092E0,6.072000504E0,-1.401000023E0
1.194761665E2,1.059600067E1,3.132000208E0,-3.940950155E0
1.194786102E2,2.992050171E0,2.931000233E0,-6.345000267E0
1.194810536E2,-7.519500256E-1,6.057000160E0,-3.240000248E0
1.194834972E2,7.672950268E0,6.217950344E0,-1.810950041E0
1.194859407E2,9.244050026E0,3.229950190E0,-4.633050442E0
1.194883843E2,2.116050005E0,6.165000439E0,-3.573000193E0
1.194908278E2,9.727050781E0,8.121000290E0,-1.771950126E0
1.194932714E2,8.544000626E0,4.120050430E0,-8.424000740E0
1.194957149E2,-1.726050138E0,7.165950298E0,-6.190050125E0
1.194981585E2,-1.791000128E0,8.236050606E0,4.532999992E0
1.195006019E2,3.142950058E0,7.312050343E0,1.339050055E0
1.195030456E2,3.157050133E0,6.618000507E0,-1.225950003E0
1.195054890E2,2.191950083E0,8.461050034E0,4.609500170E-1
1.195079326E2,8.167950630E0,1.126500034E1,2.881050110E0
1.195103761E2,5.065050125E0,7.591950417E0,-4.650000095E0
1.195128197E2,2.143949986E0,1.021605015E1,-1.984950066E0
1.195152632E2,5.953950405E0,1.520400047E1,-7.330500484E-1
1.195177068E2,3.825000286E0,1.173900032E1,-4.569000244E0
1.195201502E2,6.859500408E-1,1.063995075E1,-1.545000076E0
1.195225939E2,4.216050148E0,1.449300098E1,2.665950060E0
1.195250373E2,4.903050423E0,1.238595104E1,-7.516050339E0
1.195274809E2,2.700000107E-1,8.041950226E0,-3.622950077E0
1.195299244E2,1.483950019E0,1.056405067E1,2.247000217E0
1.195323678E2,7.381050587E0,1.483995056E1,-3.609000206E0
1.195348115E2,2.185050011E0,9.160050392E0,-4.132950306E0
1.195372549E2,5.089499950E-1,7.828950405E0,1.227000117E0
1.195396986E2,8.374050140E0,1.253205013E1,-2.634000063E0
1.195421419E2,4.927050114E0,1.000305080E1,-7.384050369E0
1.195445856E2,1.327950120E0,9.529050827E0,-1.795950055E0
1.195470292E2,4.150950432E0,1.302195072E1,-3.169500232E-1
1.195494727E2,4.383000374E0,1.075005054E1,-2.707950115E0
1.195519161E2,1.539000034E0,9.151050568E0,-1.237950087E0
1.195543597E2,6.982950211E0,1.144905090E1,-3.550950050E0
1.195568032E2,8.556000710E0,9.529050827E0,-9.739950180E0
1.195592468E2,2.017950058E0,8.196000099E0,-5.574000359E0
1.195616902E2,1.500000119E0,9.498000145E0,1.435050011E0
1.195641339E2,5.643000126E0,1.147605038E1,-9.769500494E-1
1.195665776E2,3.997950077E0,6.982050419E0,-5.883000374E0
1.195690209E2,1.110000014E0,6.823950291E0,-1.807950139E0
1.195714644E2,6.354000092E0,1.029300022E1,-1.618950129E0
1.195739080E2,6.925950527E0,5.868000507E0,-7.219050407E0
1.195763515E2,1.062000036E0,7.053000450E0,-2.067000151E0
1.195787951E2,2.961000204E0,1.152405071E1,6.900000572E-1
1.195812386E2,6.259950161E0,8.587950706E0,-4.281000137E0
1.195836822E2,1.275000095E0,6.630000114E0,-3.309000254E0
1.195861256E2,2.602050066E0,1.142295074E1,-6.679500341E-1
1.195885693E2,7.366050243E0,8.683950424E0,-5.388000488E0
1.195910127E2,1.231950045E0,7.875000477E0,-6.546000481E0
1.195934563E2,-1.996950150E0,9.702000618E0,1.171950102E0
1.195958998E2,1.302000046E0,9.295050621E0,1.834950089E0
1.195983434E2,5.106000423E0,7.525050163E0,-6.223050117E0
1.196007869E2,7.080000043E-1,7.012950420E0,-3.594000101E0
1.196032305E2,1.627050042E0,1.036005020E1,1.075950027E0
1.196056739E2,5.463000298E0,9.393000603E0,-3.846000195E0
1.196081173E2,2.434050083E0,6.643950462E0,-3.028950214E0
1.196105610E2,2.178000212E0,1.063800049E1,1.126049995E0
1.196130046E2,7.543950558E0,1.091505051E1,-4.147050381E0
1.196154481E2,3.612000227E0,6.697050095E0,-5.424000263E0
1.196178917E2,1.402050018E0,1.008195019E1,-1.281000018E0
1.196203352E2,5.781000137E0,1.141800022E1,-1.759950042E0
1.196227788E2,4.399950027E0,7.324050426E0,-4.236000061E0
1.196252222E2,1.999500096E-1,9.108000755E0,-1.471050024E0
1.196276656E2,2.572950125E0,1.151895046E1,8.749500513E-1
1.196301093E2,6.877950191E0,9.096000671E0,-4.978050232E0
1.196325527E2,1.872000098E0,7.132050514E0,-6.544050217E0
1.196349964E2,-2.250000089E-1,1.062600040E1,-1.939500123E-1
1.196374398E2,3.198000193E0,1.150695038E1,-6.900000572E-1
1.196398835E2,1.783050060E0,7.297950268E0,-2.035950184E0
1.196423269E2,3.700500131E-1,8.121000290E0,1.033050060E0
1.196447705E2,4.705950260E0,9.001950264E0,-2.086050034E0
1.196472140E2,5.749950409E0,4.924950123E0,-6.903000355E0
1.196496576E2,1.608000040E0,5.863950253E0,-4.353000164E0
1.196521011E2,2.590050220E0,7.981950283E0,-6.660000086E-1
1.196545447E2,4.426050186E0,6.994050503E0,-2.698950052E0
1.196569882E2,1.000050068E0,4.872000217E0,-4.360500276E-1
1.196594318E2,-2.044950008E0,7.069950104E0,4.015950203E0
1.196618752E2,1.942950130E0,6.912000179E0,4.933050156E0
1.196643188E2,3.442050219E0,3.238950253E0,-4.104000092E0
1.196667623E2,5.140500069E-1,5.919000149E0,-9.559500217E-1
1.196692059E2,3.186000109E0,7.852950573E0,-4.669500291E-1
1.196716494E2,3.451950073E0,4.702050209E0,-3.264000177E0
1.196740930E2,-6.559500098E-1,5.983050346E0,1.009500027E-1
1.196765365E2,-9.580500722E-1,7.381050587E0,2.733000040E0
1.196789801E2,3.985950232E0,7.477050304E0,-7.669500113E-1
1.196814235E2,4.126950264E0,5.731950283E0,-4.827000141E0
1.196838672E2,5.452950478E0,7.846050262E0,-3.700050116E0
1.196863106E2,9.688950539E0,9.340050697E0,-8.167050362E0
1.196887542E2,2.097000122E0,6.543000221E0,-5.565000057E0
1.196911977E2,-1.659000039E0,8.670000076E0,1.858950138E0
1.196936413E2,1.249050021E0,1.059705067E1,1.794000030E0
1.196960847E2,4.977000237E0,5.382000446E0,-5.898000240E0
1.196985281E2,2.025000095E0,5.883000374E0,-8.080950737E0
1.197009718E2,5.986950397E0,8.337000847E0,-4.855950356E0
1.197034152E2,9.211950302E0,5.610000134E0,-8.649000168E0
1.197058589E2,9.619500637E-1,7.422000408E0,-6.669000149E0
1.197083023E2,-1.549050093E0,7.948950291E0,6.430500150E-1
1.197107460E2,3.685950279E0,8.076000214E0,-4.410000145E-1
1.197131896E2,4.729950428E0,3.658050060E0,-5.452050209E0
1.197156330E2,2.530050039E0,7.611000538E0,-1.744050026E0
1.197180765E2,9.700950623E0,6.715950489E0,-3.786000252E0
1.197205201E2,7.105050564E0,2.739000082E0,-8.221950531E0
1.197229635E2,-2.326950073E0,5.956950188E0,-4.734000206E0
1.197254071E2,2.062950134E0,3.463950157E0,-6.760500073E-1
1.197278506E2,9.064050674E0,1.621050119E0,-3.337950230E0
1.197302942E2,3.640950203E0,1.051050067E0,-4.636050224E0
1.197327377E2,5.569500327E-1,5.770050049E0,1.768050075E0
1.197351813E2,8.293050766E0,3.943050146E0,-3.400500119E-1
1.197376248E2,4.072050095E0,3.927000284E0,-3.304950237E0
1.197400684E2,-1.432050109E0,6.522000313E0,2.170050144E0
1.197425118E2,2.358000040E0,7.482000351E0,3.223950148E0
1.197449554E2,5.473050117E0,5.694000244E0,-5.251050472E0
1.197473989E2,3.349050045E0,6.835950375E0,-3.223050117E0
1.197498425E2,8.667000771E0,9.433050156E0,-4.260000229E0
1.197522860E2,5.643000126E0,6.157950401E0,-9.913050652E0
1.197547296E2,-4.140000343E-1,6.997950554E0,-1.791000128E0
1.197571731E2,6.190500259E-1,9.378000259E0,3.034050226E0
1.197596167E2,2.188050032E0,1.221300030E1,-1.858050108E0
1.197620601E2,1.713000059E0,6.864000320E0,-2.907000065E0
1.197645038E2,6.739500165E-1,8.440050125E0,1.641000032E0
1.197669471E2,6.169050217E0,1.157400036E1,-3.424050093E0
1.197693906E2,2.740950108E0,7.792950153E0,-6.805050373E0
1.197718342E2,6.550500393E-1,9.499950409E0,-1.201950073E0
1.197742779E2,2.407950163E0,1.137000084E1,-1.255050063E0
1.197767214E2,2.839050055E0,9.153000832E0,-2.646000147E0
1.197791650E2,1.642050028E0,6.976950169E0,-3.570000231E-1
1.197816085E2,7.927050591E0,1.054695034E1,-1.175999999E0
1.197840521E2,9.129000664E0,8.892000198E0,-7.984950542E0
1.197864954E2,2.334000111E0,6.381000519E0,-4.222050190E0
1.197889389E2,3.052050114E0,1.115205097E1,3.460500240E-1
1.197913825E2,6.385050297E0,1.063095093E1,-3.088950157E0
1.197938260E2,2.608950138E0,7.540050507E0,-4.947000027E0
1.197962696E2,1.414050102E0,1.019205093E1,-7.669500113E-1
1.197987131E2,7.672950268E0,1.122195053E1,-1.497000098E0
1.198011567E2,5.511000156E0,7.683000565E0,-6.748050213E0
1.198036002E2,7.009500265E-1,1.005600071E1,-3.561000109E0
1.198060438E2,4.776000023E0,1.191900063E1,-2.035950184E0
1.198084872E2,5.506050110E0,9.043050766E0,-6.582000256E0
1.198109308E2,7.339500189E-1,8.653050423E0,-3.477000237E0
1.198133743E2,4.831050396E0,1.041705036E1,-4.000500143E-1
1.198158179E2,9.496950150E0,9.096000671E0,-5.590950489E0
1.198182614E2,1.821000099E0,7.582950592E0,-4.381950378E0
1.198207050E2,7.249500155E-1,1.031400013E1,2.290050030E0
1.198231485E2,4.990950108E0,1.080795097E1,7.429500222E-1
1.198255921E2,2.812050104E0,6.618000507E0,-4.210050106E0
1.198280355E2,3.799500167E-1,9.958050728E0,-3.450000286E-1
1.198304792E2,4.117050171E0,1.196700096E1,8.320500255E-1
1.198329226E2,5.428950310E0,1.033800030E1,-3.937050104E0
1.198353662E2,1.110000014E0,9.465000153E0,-2.565000057E0
1.198378096E2,1.294050097E0,1.160295010E1,1.086000085E0
1.198402531E2,4.129050255E0,1.175805092E1,-4.549950123E0
1.198426967E2,1.500000119E0,8.677050591E0,-3.391050100E0
1.198451404E2,1.651050091E0,1.042695045E1,1.071000099E0
1.198475838E2,5.935050488E0,1.330995083E1,-4.363049984E0
1.198500275E2,3.181050062E0,8.667000771E0,-4.935000420E0
1.198524708E2,6.720000505E-1,9.795000076E0,-1.012950063E0
1.198549143E2,5.446050167E0,1.222995090E1,-1.963950038E0
1.198573579E2,6.090000153E0,7.735950470E0,-7.021050453E0
1.198598014E2,7.870500088E-1,7.780950546E0,-4.048950195E0
1.198622450E2,4.429050446E0,1.146105099E1,4.990500212E-1
1.198646885E2,6.691050529E0,8.896950722E0,-4.267050266E0
1.198671321E2,2.668950081E0,7.437000275E0,-4.438950062E0
1.198695755E2,2.926950216E0,1.128705025E1,-9.490500689E-1
1.198720191E2,6.226950169E0,1.023300076E1,-5.056950092E0
1.198744626E2,3.591000080E0,7.329000473E0,-7.372050285E0
1.198769062E2,2.949000120E0,1.150905037E1,-3.349950075E0
1.198793497E2,8.785950661E0,1.026900005E1,-5.818950176E0
1.198817933E2,4.563000202E0,7.309950352E0,-8.020950317E0
1.198842367E2,-1.384050012E0,1.080105019E1,9.160500169E-1
1.198866801E2,4.065000057E0,9.931050301E0,4.279950142E0
1.198891238E2,8.458050728E0,7.200000286E0,-4.480050087E0
1.198915674E2,1.713000059E0,7.635000229E0,-2.775000095E0
1.198940109E2,2.985000134E0,1.158600044E1,2.769000053E0
1.198964545E2,5.250000477E0,9.900000572E0,-2.661000013E0
1.198988980E2,2.269050121E0,1.018005085E1,-2.674950123E0
1.199013416E2,-1.695000008E-2,1.184895039E1,1.459050059E0
1.199037850E2,3.093000174E0,1.270605087E1,-2.035950184E0
1.199062285E2,2.908050060E0,1.069500065E1,-4.459050179E0
1.199086721E2,1.984050035E0,1.210500050E1,-4.050000310E-1
1.199111155E2,5.338050365E0,1.313295078E1,-4.945050240E0
1.199135591E2,2.992050171E0,1.031895065E1,-5.923950195E0
1.199160028E2,1.380000114E-1,9.844950676E0,-1.285950065E0
1.199184462E2,1.426050067E0,1.093905067E1,1.093050003E0
1.199208897E2,3.660000086E0,9.928950310E0,-4.000950336E0
1.199233333E2,1.180050015E0,6.358950138E0,-3.967950106E0
1.199257768E2,8.779500127E-1,8.224050522E0,2.176950216E0
1.199282204E2,6.339000225E0,9.814050674E0,-2.296950102E0
1.199306638E2,2.680950165E0,3.970050097E0,-2.814000130E0
1.199331075E2,3.583050251E0,6.235050201E0,8.205000311E-2
1.199355509E2,6.600000381E0,1.056600094E1,-3.082050085E0
1.199379945E2,2.997000217E0,5.310000420E0,-2.767950058E0
1.199404380E2,9.810000658E-1,5.953950405E0,8.560500145E-1
1.199428816E2,4.813950062E0,1.098495007E1,-1.480050087E0
1.199453251E2,4.443000317E0,6.414000511E0,-7.003950119E0
1.199477687E2,-3.829500079E-1,5.169000149E0,-2.577000141E0
1.199502121E2,1.656000137E0,7.549050331E0,-3.139500022E-1
1.199526558E2,8.113050461E0,4.519950390E0,-8.088000298E0
1.199550992E2,3.459000111E0,5.455950260E0,-7.393950462E0
1.199575426E2,9.979500771E-1,8.425050735E0,-1.465950012E0
1.199599863E2,7.840050220E0,6.771000385E0,-3.436050177E0
1.199624299E2,3.591000080E0,4.879050255E0,-6.127050400E0
1.199648734E2,-1.285950065E0,7.413000584E0,-9.199500680E-1
1.199673170E2,7.266000271E0,7.053000450E0,-7.240500450E-1
1.199697605E2,7.972050190E0,1.992000103E0,-8.203050613E0
1.199722039E2,1.108050108E0,7.621050358E0,-4.636050224E0
1.199746475E2,9.495000839E0,7.099050522E0,-3.160950184E0
1.199770909E2,8.785950661E0,4.414950371E0,-8.371050835E0
1.199795345E2,-2.149950027E0,7.693050385E0,-5.799000263E0
1.199819780E2,2.749950171E0,8.302950859E0,-1.939500123E-1
1.199844217E2,1.158495045E1,7.663950443E0,-4.212000370E0
1.199868651E2,5.716950417E0,5.875050068E0,-6.361950397E0
1.199893087E2,1.345050097E0,9.943050385E0,1.507050037E0
1.199917522E2,7.716000557E0,9.256050110E0,-1.441950083E0
1.199941958E2,4.408950329E0,8.513999939E0,-5.335050106E0
1.199966392E2,8.505000174E-2,1.120800018E1,2.977050066E0
1.199990828E2,4.351950169E0,1.121505070E1,-6.090000272E-1
1.200015263E2,4.648950100E0,9.535950661E0,-5.116950035E0
1.200039699E2,5.635050297E0,1.062795067E1,-4.465950012E0
1.200064134E2,1.013400078E1,1.257495022E1,-8.127000809E0
1.200088570E2,6.933000565E0,1.039095020E1,-1.043505096E1
1.200113005E2,2.580000162E-1,1.167195034E1,-3.091950178E0
1.200137441E2,1.390050054E0,1.335300064E1,2.416950226E0
1.200161875E2,3.937950134E0,1.423395061E1,-1.666950107E0
1.200186309E2,1.633950114E0,9.445050240E0,-2.932950258E0
1.200210745E2,1.669500023E-1,9.357000351E0,1.584000111E0
1.200235182E2,6.627000332E0,1.311795044E1,-3.831000090E0
1.200259617E2,3.916050196E0,9.354000092E0,-4.711950302E0
1.200284053E2,1.330050111E0,8.686050415E0,-8.700000644E-1
1.200308488E2,3.495000124E0,1.028295040E1,1.710000038E-1
1.200332924E2,3.837000132E0,6.405000210E0,-1.165950060E0
1.200357358E2,1.053000093E0,6.735000134E0,7.260000110E-1
1.200381792E2,6.721950531E0,1.112400055E1,2.740500271E-1
1.200406228E2,6.088050365E0,8.329950333E0,-2.505000114E0
1.200430663E2,1.527000070E0,7.273950577E0,6.790500283E-1
1.200455099E2,8.419500589E-1,1.219200039E1,-2.209500074E-1
1.200479534E2,1.977000117E0,1.338195038E1,1.003950000E0
1.200503970E2,1.333050013E0,8.169000626E0,9.000000358E-2
1.200528405E2,-1.020000100E0,9.678000450E0,-5.059500337E-1
1.200552841E2,1.950000064E-3,1.356105042E1,8.530500531E-1
1.200577275E2,4.998000145E0,1.015395069E1,1.078050017E0
1.200601712E2,1.323000073E0,8.326950073E0,-4.708050251E0
1.200626146E2,5.925000191E0,9.559950829E0,-7.143000126E0
1.200650583E2,5.602050304E0,8.454000473E0,-1.207005024E1
1.200675017E2,1.639050126E0,6.144000053E0,-7.339050293E0
1.200699453E2,4.378050327E0,8.100000381E0,-4.056000233E0
1.200723888E2,6.976050377E0,7.639950275E0,-8.323050499E0
1.200748324E2,1.014000058E0,5.758050442E0,-4.758000374E0
1.200772759E2,-7.180500627E-1,7.800000191E0,4.722000122E0
1.200797195E2,4.194000244E0,5.965950489E0,-1.899000049E0
1.200821629E2,5.761950493E0,2.598000050E0,-5.589000225E0
1.200846066E2,5.760000348E-1,7.336050510E0,6.430500150E-1
1.200870500E2,7.972050190E0,6.594000340E0,1.453950047E0
1.200894936E2,1.051695061E1,2.959050179E0,-5.967000484E0
1.200919370E2,8.805000782E-2,6.952950478E0,-7.576050282E0
1.200943807E2,4.588950157E0,6.982050419E0,-5.649000168E0
1.200968241E2,1.105095005E1,5.314950466E0,-9.283050537E0
1.200992676E2,2.827050209E0,7.270950317E0,-7.542000294E0
1.201017112E2,7.467000484E0,9.064949989E0,-4.192950249E0
1.201041546E2,1.150905037E1,7.807950497E0,-5.758950233E0
1.201065983E2,1.384950042E0,8.491950035E0,-6.316950321E0
1.201090417E2,-2.017950058E0,1.129605007E1,4.720050335E0
1.201114853E2,3.922950268E0,1.077195072E1,3.079950094E0
1.201139288E2,4.510050297E0,9.120000839E0,-3.526950121E0
1.201163724E2,2.410050154E0,1.174395084E1,3.649500310E-1
1.201188159E2,6.993000507E0,1.258905029E1,-9.630000591E-1
1.201212595E2,3.780000210E0,1.072605038E1,-4.878000259E0
1.201237030E2,1.848000050E0,1.360200024E1,-1.156949997E0
1.201261466E2,2.845950127E0,1.510800076E1,-1.510950089E0
1.201285900E2,3.199950218E0,1.397100067E1,-4.839000225E0
1.201310336E2,1.066950083E0,1.389405060E1,-1.257000089E0
1.201334771E2,1.780950069E0,1.342005062E1,-2.158050060E0
1.201359207E2,4.953000069E0,1.313295078E1,-8.128950119E0
1.201383642E2,1.266000032E0,1.105005074E1,-6.300000191E0
1.201408078E2,1.740000099E-1,8.962050438E0,1.773000121E0
1.201432513E2,3.567000151E0,9.541050911E0,-1.257000089E0
1.201456949E2,2.365050077E0,3.687000275E0,-3.364050150E0
1.201481383E2,1.960050106E0,2.394000053E0,-1.126049995E0
1.201505820E2,9.612000465E0,9.139050484E0,-4.072950363E0
1.201530253E2,5.245050430E0,3.891000271E0,-5.586000443E0
1.201554690E2,1.809000134E0,2.818050146E0,7.000500560E-1
1.201579124E2,4.528950214E0,9.097949982E0,6.880500317E-1
1.201603561E2,4.122000217E0,8.916000366E0,-3.766950130E0
1.201627995E2,7.080000043E-1,4.582950115E0,-8.269500136E-1
1.201652429E2,1.327950120E0,8.727000237E0,7.960500121E-1
1.201676866E2,5.214000225E0,5.124000072E0,-7.540050507E0
1.201701300E2,9.379500151E-1,4.372050285E0,-8.191050529E0
1.201725736E2,-1.723950028E0,7.168050289E0,2.122050047E0
1.201750171E2,6.700950146E0,3.615000248E0,-1.570950031E0
1.201774607E2,5.803050041E0,2.518950224E0,-7.329000473E0
1.201799042E2,-4.120500088E-1,6.390000343E0,-5.700000525E-1
1.201823478E2,7.180050373E0,5.983050346E0,6.949500442E-1
1.201847913E2,8.716950417E0,2.449050188E0,-6.670950413E0
1.201872349E2,-1.099500060E-1,6.345000267E0,-5.980950356E0
1.201896783E2,4.564949989E0,6.433050156E0,-2.416050196E0
1.201921217E2,1.007895088E1,4.402950287E0,-6.082050323E0
1.201945654E2,2.221050024E0,6.433050156E0,-5.296950340E0
1.201970090E2,4.728000164E0,9.352050781E0,-2.059500068E-1
1.201994525E2,9.709950447E0,7.492050171E0,-6.277950287E0
1.202018961E2,2.650500238E-1,7.101000309E0,-6.444000244E0
1.202043396E2,-3.642000198E0,1.017300034E1,4.653000355E0
1.202067832E2,2.491950035E0,9.318000793E0,2.161050081E0
1.202092266E2,4.929000378E0,9.024000168E0,-5.059950352E0
1.202116700E2,3.258000135E0,1.013505077E1,-4.579500258E-1
1.202141137E2,6.457050323E0,1.014195061E1,-4.660050392E0
1.202165571E2,3.832050085E0,8.847000122E0,-5.965050220E0
1.202190007E2,7.960500121E-1,9.816000938E0,-5.299500227E-1
1.202214444E2,2.334000111E0,1.097100067E1,1.081050038E0
1.202238878E2,3.193050146E0,1.119300079E1,-4.549950123E0
1.202263313E2,1.255950093E0,8.143050194E0,-2.422950029E0
1.202287749E2,4.270950317E0,9.751950264E0,-3.192000151E0
1.202312183E2,8.566050529E0,8.728950500E0,-1.003695011E1
1.202336619E2,2.515950203E0,7.165950298E0,-6.319050312E0
1.202361054E2,1.335000038E0,6.577050209E0,3.195000067E-2
1.202385490E2,4.857000351E0,7.858050346E0,-2.569500208E-1
1.202409925E2,3.382050276E0,3.771000147E0,-4.099050045E0
1.202434361E2,9.160500169E-1,4.240050316E0,6.090000272E-1
1.202458796E2,5.929950237E0,9.043050766E0,1.027950048E0
1.202483232E2,4.816050053E0,4.939050198E0,-3.496050119E0
1.202507666E2,8.640000224E-1,4.756950378E0,-1.129500046E-1
1.202532100E2,1.990950108E0,8.895000458E0,1.350000054E-1
1.202556536E2,4.270950317E0,6.747000217E0,-5.590950489E0
1.202580971E2,9.570000172E-1,5.080950260E0,-2.042999983E0
1.202605407E2,4.198950291E0,8.715000153E0,-9.610500336E-1
1.202629842E2,8.074950218E0,6.390000343E0,-7.284000397E0
1.202654279E2,1.146000028E0,6.189000130E0,-4.654950142E0
1.202678712E2,-2.499000072E0,6.748950481E0,1.924050093E0
1.202703149E2,3.780000210E0,6.189000130E0,8.320500255E-1
1.202727583E2,6.579000473E0,3.675000191E0,-7.450950146E0
1.202752019E2,-3.450000286E-1,5.812950134E0,-1.996950150E0
1.202776454E2,5.757000446E0,7.807950497E0,2.205000073E-2
1.202800890E2,7.702050209E0,5.526000500E0,-6.052950382E0
1.202825325E2,-1.170000061E-1,7.093950272E0,-1.437000036E0
1.202849761E2,1.549500078E-1,1.028595066E1,3.484950066E0
1.202874195E2,5.343000412E0,8.782050133E0,-4.018050194E0
1.202898632E2,4.219950199E0,7.993950367E0,-6.076950073E0
1.202923066E2,6.199950218E0,1.057995033E1,-5.440050125E0
1.202947502E2,9.940050125E0,1.018005085E1,-1.051095009E1
1.202971937E2,1.441050053E0,8.739000320E0,-6.730950356E0
1.202996373E2,-1.711950064E0,1.119795036E1,2.653950214E0
1.203020807E2,2.592000008E0,1.228500080E1,7.980000377E-1
1.203045244E2,4.125000000E0,9.606000900E0,-5.554950237E0
1.203069678E2,3.073050261E0,9.177000046E0,-2.634000063E0
1.203094114E2,8.446050644E0,1.247895050E1,-4.087950230E0
1.203118549E2,6.112050056E0,1.069995022E1,-6.877050400E0
1.203142983E2,1.776000142E0,1.128900051E1,-3.283050060E0
1.203167419E2,2.113049984E0,1.351800060E1,4.410000145E-1
1.203191854E2,4.807050228E0,1.274205017E1,-1.195050001E0
1.203216290E2,4.297049999E0,1.173000050E1,-2.971950054E0
1.203240725E2,6.804000378E0,1.369500065E1,-1.774950027E0
1.203265161E2,9.658050537E0,1.363800049E1,-6.910050392E0
1.203289595E2,1.957950115E0,1.145700073E1,-4.576050282E0
1.203314031E2,9.000000358E-2,1.107300091E1,2.608050108E0
1.203338466E2,1.429050088E0,1.323795033E1,2.014950037E0
1.203362902E2,1.375950098E0,1.060200024E1,-6.780000329E-1
1.203387337E2,-6.270000339E-1,8.851950645E0,9.420000315E-1
1.203411773E2,3.460500240E-1,1.202205086E1,1.057050109E0
1.203436208E2,4.338000298E0,1.173705101E1,-2.661000013E0
1.203460644E2,1.681950092E0,9.394950867E0,-3.726000071E0
1.203485078E2,1.263000011E0,1.194000053E1,3.070500195E-1
1.203509515E2,3.085050106E0,1.257495022E1,1.471050024E0
1.203533949E2,1.644000053E0,7.207050323E0,-1.111050010E0
1.203558385E2,-2.509500086E-1,7.687950134E0,-7.039500475E-1
1.203582819E2,8.752950668E0,1.016400051E1,-1.030050039E0
1.203607256E2,3.447000265E0,5.524050236E0,-6.918000221E0
1.203631690E2,1.702050090E0,4.468050003E0,-1.570950031E0
1.203656127E2,6.646050453E0,9.127050400E0,-2.409000158E0
1.203680562E2,4.632000446E0,6.225000381E0,-6.039000511E0
1.203704998E2,8.320500255E-1,5.430000305E0,-7.189500332E-1
1.203729432E2,2.728950024E0,1.017300034E1,1.090050101E0
1.203753866E2,4.860000134E0,8.284049988E0,-4.198050022E0
1.203778302E2,1.669950128E0,5.581050396E0,-5.100000381E0
1.203802737E2,4.519500136E-1,8.506950378E0,-1.501950026E0
1.203827173E2,4.516950130E0,5.590950489E0,-5.811000347E0
1.203851608E2,2.407950163E0,4.036950111E0,-5.617050171E0
1.203876044E2,1.678050041E0,8.085000038E0,2.449500114E-1
1.203900478E2,9.970950127E0,6.508050442E0,-4.657050133E0
1.203924914E2,5.482050419E0,3.712950230E0,-7.546950340E0
1.203949349E2,-1.453050017E0,8.956950188E0,-2.256000042E0
1.203973785E2,5.566050053E0,7.240050316E0,-4.360500276E-1
1.203998220E2,8.710050583E0,4.599000454E0,-8.076000214E0
1.204022654E2,-4.140000343E-1,5.542950153E0,-4.717050076E0
1.204047090E2,4.441050053E0,7.848000526E0,-2.020500153E-1
1.204071527E2,1.057695007E1,4.609050274E0,-7.246050358E0
1.204095962E2,8.059500456E-1,5.068950176E0,-4.750950336E0
1.204120398E2,1.632000089E0,7.546950340E0,1.672050118E0
1.204144832E2,6.163950443E0,5.832000256E0,-3.147000074E0
1.204169266E2,1.728000045E0,5.806050301E0,-3.910050154E0
1.204193702E2,2.461050034E0,7.804950237E0,-3.379500210E-1
1.204218137E2,8.911050797E0,7.234950542E0,-5.287050247E0
1.204242573E2,3.001950026E0,5.554950237E0,-7.236000538E0
1.204267010E2,-1.732950091E0,8.038050652E0,1.696050048E0
1.204291444E2,5.740500093E-1,8.974050522E0,1.978950143E0
1.204315878E2,3.576000214E0,6.100950241E0,-4.569000244E0
1.204340315E2,3.580500185E-1,5.275050163E0,-1.669050097E0
1.204364749E2,3.160050154E0,8.791950226E0,-1.660500020E-1
1.204389185E2,6.279000282E0,6.775950432E0,-5.692050457E0
1.204413620E2,8.560500145E-1,5.218950272E0,-2.935950041E0
1.204438056E2,6.889500618E-1,9.057000160E0,1.942950130E0
1.204462491E2,3.100050211E0,7.954050541E0,-9.100500345E-1
1.204486927E2,2.712000132E0,4.819950104E0,-2.815950155E0
1.204511361E2,4.101000309E0,7.987050533E0,-1.681050062E0
1.204535798E2,9.646050453E0,8.266950607E0,-7.417950153E0
1.204560232E2,3.139950037E0,5.368050098E0,-7.162050247E0
1.204584666E2,-1.113000035E0,6.286950111E0,1.653000116E0
1.204609102E2,1.918950081E0,9.972000122E0,1.098000050E0
1.204633537E2,4.171950340E0,9.105000496E0,-4.159049988E0
1.204657973E2,1.759500057E-1,6.223050117E0,2.670000196E-1
1.204682407E2,2.986950159E0,1.259400082E1,2.946000099E0
1.204706844E2,6.544950485E0,1.074495029E1,-4.438950062E0
1.204731278E2,1.612950087E0,8.718000412E0,-2.196000099E0
1.204755714E2,2.319000006E0,1.252200031E1,-1.990050077E0
1.204780149E2,5.607000351E0,1.185405064E1,-6.685050488E0
1.204804585E2,2.710050106E0,1.003395081E1,-4.966050148E0
1.204829020E2,2.772000074E0,1.282605076E1,-6.280500293E-1
1.204853456E2,9.733950615E0,1.231095028E1,-8.488050461E0
1.204877891E2,3.757950068E0,9.268050194E0,-6.618000507E0
1.204902327E2,1.801950097E0,1.182495022E1,-3.930000067E-1
1.204926761E2,8.494050026E0,1.248405075E1,-4.104000092E0
1.204951197E2,6.660000324E0,9.574950218E0,-8.674950600E0
1.204975632E2,2.005950212E0,1.238100052E1,-4.921050072E0
1.205000068E2,6.001950264E0,1.406205082E1,-2.431050062E0
1.205024503E2,5.587050438E0,1.141605091E1,-4.984950066E0
1.205048939E2,1.036050081E0,1.104195023E1,-3.657000065E0
1.205073374E2,4.302000046E0,1.173405075E1,-3.090000153E-1
1.205097810E2,7.165050507E0,1.038405037E1,-5.292000294E0
1.205122244E2,1.491000056E0,8.368050575E0,-4.777050018E0
1.205146678E2,3.988050222E0,1.154805088E1,8.205000311E-2
1.205171114E2,9.214950562E0,9.790050507E0,-4.666950226E0
1.205195549E2,1.704000115E0,7.894050598E0,-3.835950136E0
1.205219985E2,5.790000558E-1,1.033095074E1,2.194050074E0
1.205244420E2,4.692000389E0,1.104705048E1,6.190500259E-1
1.205268856E2,4.989000320E0,7.258950233E0,-5.464050293E0
1.205293291E2,1.321050048E0,8.257950783E0,-3.586950064E0
1.205317727E2,5.053950310E0,1.243800068E1,-1.500000060E-2
1.205342161E2,5.410050392E0,9.583950043E0,-3.250050068E0
1.205366597E2,6.960000396E-1,7.627950191E0,-5.850000381E-1
1.205391032E2,1.065000057E0,1.051305008E1,2.476950169E0
1.205415466E2,5.427000046E0,1.046295071E1,-4.461000443E0
1.205439903E2,2.689950228E0,5.823000431E0,-4.873050213E0
1.205464339E2,5.653950214E0,9.843000412E0,-3.673050165E0
1.205488773E2,9.852000237E0,1.042905045E1,-6.814950466E0
1.205513210E2,2.458050013E0,7.939050198E0,-3.949050188E0
1.205537644E2,3.439500034E-1,8.269950867E0,2.347050190E0
1.205562078E2,8.640000224E-1,1.166700077E1,3.565950155E0
1.205586514E2,2.238000154E0,7.053000450E0,-1.981050134E0
1.205610951E2,-1.950000064E-3,3.481050253E0,-1.813050032E0
1.205635385E2,7.624950409E0,9.739950180E0,-2.325000048E0
1.205659822E2,6.622050285E0,5.337000370E0,-8.371050835E0
1.205684256E2,9.739500284E-1,4.719000340E0,-4.234050274E0
1.205708691E2,1.788000107E0,8.740950584E0,-7.450500131E-1
1.205733127E2,3.588000059E0,5.763000488E0,-3.870000124E0
1.205757561E2,2.121000051E0,2.983050108E0,-3.204000235E0
1.205781997E2,2.590050220E0,6.673050404E0,-7.860000134E-1
1.205806432E2,9.571950912E0,5.004000187E0,-5.797050476E0
1.205830868E2,4.192049980E0,2.322000027E0,-6.952950478E0
1.205855303E2,-1.989000082E0,6.418950081E0,-3.019500077E-1
1.205879739E2,5.197050095E0,5.575950146E0,7.240500450E-1
1.205904174E2,7.267950535E0,2.071050167E0,-6.597000122E0
1.205928610E2,6.070500016E-1,5.583000183E0,-2.548050165E0
1.205953044E2,6.925950527E0,7.975050449E0,-9.900000691E-2
1.205977478E2,8.793000221E0,5.310000420E0,-6.160950184E0
1.206001914E2,-9.790500402E-1,7.483950138E0,-4.614000320E0
1.206026349E2,-4.950000346E-1,8.370000839E0,2.215950012E0
1.206050786E2,3.643050194E0,7.249950409E0,-1.435050011E0
1.206075220E2,2.367000103E0,7.312050343E0,-2.814000130E0
1.206099656E2,4.219950199E0,9.465000153E0,-5.299500227E-1
1.206124091E2,9.805950165E0,9.619950294E0,-8.392050743E0
1.206148527E2,2.305050135E0,6.903000355E0,-6.810000420E0
1.206172961E2,1.380000114E-1,8.847000122E0,2.278050184E0
1.206197397E2,1.596000075E0,1.310100079E1,4.180500209E-1
1.206221832E2,1.965000153E0,8.763000488E0,-3.664050102E0
1.206246268E2,-2.059500068E-1,8.464050293E0,-1.030050039E0
1.206270703E2,2.259000063E0,1.009200001E1,1.879950047E0
1.206295139E2,3.282000065E0,9.522000313E0,-6.949050426E0
1.206319574E2,8.490000367E-1,8.482950211E0,-4.159049988E0
1.206344010E2,1.897950053E0,1.009905052E1,-1.831950068E0
1.206368445E2,4.282950401E0,1.003695011E1,-4.959000111E0
1.206392881E2,1.639050126E0,7.633050442E0,-1.906050086E0
1.206417315E2,5.335950375E0,1.136595058E1,1.524000049E0
1.206441751E2,9.583950043E0,9.948000908E0,-6.252000332E0
1.206466186E2,1.693950057E0,6.792000294E0,-5.530950069E0
1.206490622E2,1.741950035E0,1.199805069E1,9.079500437E-1
1.206515056E2,6.205050468E0,1.126695061E1,-1.332000017E0
1.206539491E2,3.610050201E0,7.975050449E0,-6.100950241E0
1.206563927E2,6.150000095E-1,1.156695080E1,-1.629000068E0
1.206588361E2,6.532950401E0,1.387695026E1,-1.198050022E0
1.206612798E2,7.096050262E0,1.013700008E1,-9.156000137E0
1.206637232E2,7.800000310E-1,1.207905102E1,-4.462950230E0
1.206661668E2,3.703050137E0,1.431300068E1,-1.534950018E0
1.206686103E2,5.676000118E0,1.099695015E1,-6.654000282E0
1.206710539E2,1.918950081E0,1.185600090E1,-4.819950104E0
1.206734974E2,8.611050606E0,1.282800102E1,-3.060000181E0
1.206759410E2,9.490050316E0,1.057800007E1,-1.105305099E1
1.206783845E2,1.732950091E0,1.092495060E1,-5.316000462E0
1.206808281E2,1.756950140E0,1.168395042E1,1.279050112E0
1.206832715E2,7.872000217E0,1.181100082E1,-1.413000107E0
1.206857151E2,4.405050278E0,8.039999962E0,-5.866050243E0
1.206881586E2,1.135950089E0,1.021605015E1,-1.450950027E0
1.206906022E2,8.221050262E0,1.125495052E1,-1.486950040E0
1.206930456E2,3.694050074E0,6.844950199E0,-7.356000423E0
1.206954891E2,3.439500034E-1,8.346000671E0,-3.196950197E0
1.206979327E2,3.508950233E0,8.992950439E0,-1.534950018E0
1.207003764E2,4.558050156E0,6.277950287E0,-5.134050369E0
1.207028198E2,1.444950104E0,5.731950283E0,-1.746000051E0
1.207052632E2,5.307000160E0,7.954050541E0,7.980000377E-1
1.207077068E2,8.779050827E0,5.581050396E0,-5.625000477E0
1.207101503E2,2.554050207E0,3.711000204E0,-3.618000269E0
1.207125939E2,4.920000136E-1,7.018050194E0,2.488950014E0
1.207150374E2,7.153050423E0,6.934050560E0,-1.365000010E0
1.207174810E2,3.544950247E0,2.145000219E0,-4.959000111E0
1.207199245E2,3.820500076E-1,6.976950169E0,1.866000056E0
1.207223681E2,4.279950142E0,9.429000854E0,1.849050045E0
1.207248115E2,2.992050171E0,4.972950459E0,-1.570950031E0
1.207272551E2,2.220000178E-1,6.594000340E0,-1.080000028E-1
1.207296986E2,1.702050090E0,8.602950096E0,5.730000138E-1
1.207321420E2,3.442050219E0,6.589050293E0,-4.083000183E0
1.207345856E2,1.042950034E0,6.292050362E0,-2.644050121E0
1.207370291E2,2.925000191E0,9.544050217E0,-3.600000143E-1
1.207394728E2,6.211950302E0,7.741050243E0,-6.124950409E0
1.207419162E2,6.499500275E-1,5.148000240E0,-1.959000111E0
1.207443597E2,-4.909500182E-1,7.987050533E0,1.933050036E0
1.207468032E2,2.755050182E0,1.058505058E1,2.521950006E0
1.207492468E2,1.897950053E0,5.322000027E0,-1.473000050E0
1.207516903E2,7.009500265E-1,6.321000099E0,-2.610000074E-1
1.207541339E2,7.089000225E0,1.095105076E1,-1.150050044E0
1.207565774E2,3.583050251E0,6.582000256E0,-5.220000267E0
1.207590210E2,7.095000148E-2,7.365000248E0,-1.696050048E0
1.207614644E2,1.273050070E0,9.472050667E0,-1.368000031E0
1.207639081E2,3.507000208E0,7.257000446E0,-6.051000118E0
1.207663515E2,3.439500034E-1,5.896950245E0,-4.303050041E0
1.207687951E2,4.528950214E0,8.931000710E0,-2.895000219E0
1.207712386E2,8.032050133E0,5.983050346E0,-8.986050606E0
1.207736820E2,5.160000324E-1,5.368050098E0,-5.850000381E0
1.207761257E2,-6.460500360E-1,7.489050388E0,1.845000029E0
1.207785691E2,5.470050335E0,6.045000076E0,-3.289950132E0
1.207810127E2,4.548000336E0,3.165000200E0,-7.024950504E0
1.207834564E2,-6.409500241E-1,6.337950230E0,-4.819500148E-1
1.207858997E2,6.142950058E0,7.516050339E0,8.290500641E-1
1.207883432E2,7.861950397E0,4.447950363E0,-5.076000214E0
1.207907868E2,2.310000062E-1,7.768950462E0,2.620500028E-1
1.207932303E2,4.018949986E0,9.880950928E0,1.021050096E0
1.207956739E2,7.338000298E0,7.972950459E0,-6.703950405E0
1.207981174E2,1.194000006E0,9.808950424E0,-3.369000196E0
1.208005610E2,4.455000401E0,1.264200020E1,-1.894050121E0
1.208030044E2,7.836000443E0,1.033395004E1,-8.863950729E0
1.208054481E2,6.769500375E-1,1.122705078E1,-4.851000309E0
1.208078915E2,2.629500031E-1,1.204095078E1,2.460000038E0
1.208103351E2,4.326000214E0,1.299600029E1,-3.349950075E0
1.208127785E2,4.630050182E0,1.152105045E1,-7.666950226E0
1.208152222E2,3.568950176E0,1.275705051E1,-4.219050407E0
1.208176656E2,7.189050198E0,1.459800053E1,-6.855000496E0
1.208201093E2,5.134950161E0,1.225905037E1,-7.894050598E0
1.208225527E2,1.335000038E0,1.271100044E1,-1.447050095E0
1.208249961E2,4.314000130E0,1.465995026E1,-7.120500207E-1
1.208274397E2,3.556950092E0,1.196400070E1,-3.289950132E0
1.208298832E2,3.001950026E0,1.177305031E1,-1.051950097E0
1.208323268E2,8.422050476E0,1.237800026E1,-4.509000301E0
1.208347703E2,8.428950310E0,9.931050301E0,-1.079895020E1
1.208372139E2,2.326050043E0,8.706000328E0,-7.305000305E0
1.208396574E2,1.503000021E0,6.958050251E0,-1.005000062E-2
1.208421010E2,4.201050282E0,9.298950195E0,-2.248950005E0
1.208445444E2,2.383949995E0,1.912950039E0,-6.625050545E0
1.208469881E2,2.422049999E0,5.689050198E0,1.069050074E0
1.208494315E2,8.865000725E0,7.068000317E0,-2.742000103E0
1.208518751E2,6.061950207E0,2.599950075E0,-4.168950081E0
1.208543186E2,3.580500185E-1,7.434000492E0,2.351999998E0
1.208567622E2,9.259500504E-1,1.014195061E1,5.266050339E0
1.208592057E2,3.519000053E0,4.221000195E0,-1.696050048E0
1.208616493E2,2.812050104E0,5.896950245E0,-2.182049990E0
1.208640927E2,7.809000492E0,7.767000198E0,-2.440050125E0
1.208665361E2,7.833000183E0,5.428050041E0,-9.070050240E0
1.208689797E2,-1.008000016E0,5.373000145E0,-2.881050110E0
1.208714232E2,-1.615950108E0,8.521050453E0,4.427999973E0
1.208738668E2,3.445050240E0,6.049950123E0,1.249500066E-1
1.208763103E2,2.917950153E0,2.796000242E0,-2.811000109E0
1.208787539E2,3.247950077E0,6.514950275E0,3.120000064E-1
1.208811974E2,8.367000580E0,7.948950291E0,-4.243050098E0
1.208836410E2,3.706050158E0,5.097000122E0,-7.537950516E0
1.208860844E2,-2.340000123E-1,6.534000397E0,-1.920000017E-1
1.208885281E2,1.560000062E0,9.310950279E0,2.488950014E0
1.208909715E2,1.749000072E0,7.173000336E0,-1.969050050E0
1.208934151E2,5.205000192E-2,5.739000320E0,2.830500007E-1
1.208958586E2,4.102950096E0,1.021395016E1,2.131950140E0
1.208983022E2,7.407000542E0,7.342950344E0,-8.124000549E0
1.209007457E2,2.959500253E-1,4.621050358E0,-3.831000090E0
1.209031891E2,1.323000073E0,8.242950439E0,-9.970500469E-1
1.209056327E2,5.398050308E0,6.723000526E0,-6.148950100E0
1.209080761E2,1.596000075E0,4.041000366E0,-4.909050465E0
1.209105198E2,1.843050122E0,8.524050713E0,5.830500126E-1
1.209129632E2,8.953950882E0,8.767950058E0,-2.351999998E0
1.209154068E2,4.977000237E0,5.788950443E0,-6.979950428E0
1.209178503E2,-3.795000166E-2,8.326950073E0,-1.131000042E0
1.209202939E2,4.354050159E0,1.083195019E1,-2.299050093E0
1.209227374E2,4.134000301E0,6.211050510E0,-7.867950439E0
1.209251810E2,4.210500121E-1,8.148000717E0,-1.831950068E0
1.209276244E2,9.199950218E0,9.510000229E0,-4.678950310E0
1.209300680E2,8.650050163E0,6.330000401E0,-1.116705036E1
1.209325115E2,-9.409500360E-1,8.727000237E0,-4.612050056E0
1.209349551E2,-1.219500080E-1,1.012500095E1,2.074050188E0
1.209373986E2,7.165050507E0,7.591950417E0,-3.124950171E0
1.209398422E2,2.476950169E0,6.229950428E0,-5.541000366E0
1.209422856E2,2.050500065E-1,9.826050758E0,2.517000198E0
1.209447290E2,8.827050209E0,9.024000168E0,-3.100950241E0
1.209471727E2,4.335000038E0,7.330950260E0,-6.805050373E0
1.209496163E2,-4.909500182E-1,9.436050415E0,1.435050011E0
1.209520597E2,2.227950096E0,1.071195030E1,-4.189500213E-1
1.209545034E2,2.997000217E0,8.157000542E0,-4.999950409E0
1.209569468E2,8.160000443E-1,8.314949989E0,-1.201950073E0
1.209593903E2,7.627050400E0,9.523950577E0,-5.251050472E0
1.209618339E2,6.574050426E0,7.437000275E0,-9.781050682E0
1.209642773E2,-2.250000089E-1,7.623000145E0,-3.520050049E0
1.209667210E2,4.830000103E-1,9.529050827E0,1.576050043E0
1.209691644E2,6.270000458E0,8.914050102E0,-3.733050108E0
1.209716080E2,1.984050035E0,4.990050316E0,-4.681050301E0
1.209740515E2,2.017950058E0,9.406949997E0,2.800050020E0
1.209764951E2,7.113000393E0,9.820950508E0,-1.906050086E0
1.209789385E2,2.518050194E0,5.458950043E0,-3.834000111E0
1.209813822E2,1.540950060E0,1.018995094E1,1.210050106E0
1.209838256E2,4.816050053E0,1.150905037E1,-2.185950041E0
1.209862693E2,2.781000137E0,8.039999962E0,-4.131000042E0
1.209887127E2,6.480000019E-1,1.045305061E1,-1.669050097E0
1.209911561E2,7.975050449E0,1.213395023E1,-4.225950241E0
1.209935997E2,7.395000458E0,8.622000694E0,-9.405000687E0
1.209960432E2,-6.940500140E-1,9.313950539E0,-2.545950174E0
1.209984868E2,1.551000118E0,1.232595062E1,1.272000074E0
1.210009303E2,7.171950340E0,9.883950233E0,-4.672049999E0
1.210033739E2,2.568000078E0,8.457000732E0,-5.068950176E0
1.210058173E2,2.262000084E0,1.183995056E1,7.020000219E-1
1.210082609E2,7.096050262E0,1.077405071E1,-3.046050072E0
1.210107044E2,3.739050150E0,1.003005028E1,-4.000950336E0
1.210131480E2,3.799500167E-1,1.190700054E1,1.231950045E0
1.210155915E2,2.604000092E0,1.260300064E1,5.350500345E-1
1.210180349E2,3.327000141E0,1.150200081E1,-3.079950094E0
1.210204785E2,1.584000111E0,1.102605057E1,1.051950097E0
1.210229220E2,3.721950293E0,1.299600029E1,5.010000467E-1
1.210253656E2,3.792000294E0,1.149705029E1,-4.933050156E0
1.210278093E2,1.006950021E0,8.701050758E0,-1.234050035E0
1.210302526E2,2.926950216E0,1.025700092E1,5.989500284E-1
1.210326961E2,5.275950432E0,9.919050217E0,-5.742000103E0
1.210351397E2,2.416950226E0,6.358950138E0,-5.083950043E0
1.210375832E2,2.008050203E0,8.599950790E0,-7.120500207E-1
1.210400268E2,6.301050186E0,8.764950752E0,-3.526950121E0
1.210424703E2,3.864000082E0,4.812000275E0,-5.373000145E0
1.210449139E2,1.596000075E0,3.571950197E0,-6.709500551E-1
1.210473573E2,5.608950138E0,6.702000141E0,-2.146050215E0
1.210498010E2,3.993000269E0,3.964950085E0,-6.432000160E0
1.210522444E2,1.432950020E0,2.800950050E0,8.869500160E-1
1.210546880E2,5.592000484E0,7.531950474E0,4.530000091E-1
1.210571315E2,4.857000351E0,4.144050121E0,-6.511050224E0
1.210595751E2,-8.380500674E-1,4.980000019E0,-5.680500269E-1
1.210620186E2,-1.804950118E0,6.795000553E0,5.752050400E0
1.210644622E2,4.201050282E0,4.267050266E0,-2.376000166E0
1.210669056E2,1.915050149E0,4.413000107E0,-5.313000202E0
1.210693490E2,4.695000127E-2,6.852000237E0,-1.264950037E0
1.210717926E2,9.751049995E0,5.181000233E0,-4.225950241E0
1.210742361E2,5.464950085E0,4.128000259E0,-1.054995060E1
1.210766797E2,-9.700500369E-1,7.429050446E0,-4.009050369E0
1.210791232E2,7.225050449E0,7.390950203E0,-3.028950214E0
1.210815668E2,7.675050259E0,5.779950142E0,-7.585950375E0
1.210840103E2,2.592000008E0,9.487950325E0,-2.775000095E0
1.210864539E2,9.210000038E0,8.955000877E0,-3.931950092E0
1.210888973E2,6.102000237E0,7.345950127E0,-8.764050484E0
1.210913410E2,-1.423950076E0,9.112950325E0,-1.660500020E-1
1.210937844E2,-1.300050020E0,1.012500095E1,4.942950249E0
1.210962280E2,3.349050045E0,8.926050186E0,-3.325950146E0
1.210986715E2,2.547000170E0,7.980000496E0,-3.855000257E0
1.211011151E2,4.417050362E0,1.060905075E1,-9.220500588E-1
1.211035586E2,6.082950115E0,1.018995094E1,-7.473000526E0
1.211060020E2,2.158950090E0,1.003695011E1,-4.248000145E0
1.211084456E2,1.117050052E0,1.213395023E1,1.239000082E0
1.211108893E2,3.433050156E0,1.200705051E1,-1.636050105E0
1.211133327E2,2.616000175E0,1.049895096E1,-3.124950171E0
1.211157763E2,2.032050133E0,1.089195061E1,1.102050066E0
1.211182197E2,6.739050388E0,1.244805050E1,-5.313000202E0
1.211206632E2,4.455000401E0,9.553050041E0,-6.810000420E0
1.211231068E2,-1.290000081E-1,8.590950012E0,-1.381950021E0
1.211255503E2,2.542050123E0,9.274950027E0,6.019500494E-1
1.211279939E2,6.610050201E0,7.993950367E0,-4.702950001E0
1.211304373E2,2.086950064E0,5.184000015E0,-3.678000212E0
1.211328810E2,4.147950172E0,1.000995064E1,7.669500113E-1
1.211353244E2,6.997950554E0,9.274950027E0,-2.220000029E0
1.211377680E2,2.458050013E0,6.466950417E0,-2.062050104E0
1.211402115E2,1.090950012E0,7.365000248E0,1.323000073E0
1.211426549E2,2.944050074E0,1.215105057E1,-2.989050150E0
1.211450985E2,1.849950075E0,6.358950138E0,-3.477000237E0
1.211475420E2,9.619500637E-1,6.285000324E0,-2.350500077E-1
1.211499856E2,7.402050495E0,9.462000847E0,-5.704050064E0
1.211524291E2,4.017000198E0,5.674050331E0,-8.376000404E0
1.211548727E2,-1.639950037E0,7.324050426E0,-1.168950081E0
1.211573161E2,-1.750500053E-1,6.406950474E0,2.434050083E0
1.211597597E2,4.912050247E0,3.787950277E0,-5.661000252E0
1.211622032E2,1.230000019E0,3.499950171E0,-3.781050205E0
1.211646468E2,3.751050234E0,6.771000385E0,1.011000037E0
1.211670902E2,9.397050858E0,3.250950098E0,-5.620050430E0
1.211695339E2,7.440000176E-1,4.361999989E0,-4.143000126E0
1.211719774E2,-1.257000089E0,6.168000221E0,2.899950027E0
1.211744210E2,4.444950104E0,5.124000072E0,5.279999971E-1
1.211768644E2,4.714050293E0,2.406000137E0,-4.162050247E0
1.211793078E2,2.506050110E0,6.898050308E0,-1.882050037E0
1.211817514E2,1.085205078E1,5.703000069E0,-4.894050121E0
1.211841949E2,4.576950073E0,3.103050232E0,-1.082700062E1
1.211866386E2,-3.475950241E0,7.686000347E0,-3.067950249E0
1.211890820E2,4.024050236E0,5.305950165E0,-1.156949997E0
1.211915256E2,8.176050186E0,3.946050167E0,-8.005050659E0
1.211939691E2,8.400000334E-1,5.776950359E0,-3.678000212E0
1.211964127E2,5.470050335E0,7.401000500E0,2.211000204E0
1.211988561E2,1.004805088E1,6.940950394E0,-5.103000164E0
1.212012997E2,2.899050236E0,8.085000038E0,-6.745050430E0
1.212037432E2,8.970000148E-1,1.133700085E1,2.449950218E0
1.212061868E2,4.315950394E0,1.016100025E1,-4.192950249E0
1.212086303E2,2.805000067E0,1.010100079E1,-2.995950222E0
1.212110739E2,4.029000282E0,1.283805084E1,-9.820500612E-1
1.212135173E2,5.925000191E0,1.302195072E1,-6.384000301E0
1.212159607E2,2.149049997E0,1.070205021E1,-3.568050146E0
1.212184044E2,1.036050081E0,1.127700043E1,3.154050112E0
1.212208478E2,1.402050018E0,1.237395096E1,1.999950051E0
1.212232914E2,2.668950081E0,1.167195034E1,-2.680050135E0
1.212257349E2,1.359000087E0,1.003005028E1,-1.131000042E0
1.212281785E2,7.219500542E-1,1.309905052E1,9.540000558E-1
1.212306220E2,5.796000481E0,1.335000038E1,-3.478950262E0
1.212330656E2,1.752000093E0,1.202895069E1,-4.638000011E0
1.212355090E2,4.900050163E0,1.348905087E1,-4.195050240E0
1.212379527E2,3.706050158E0,1.356105042E1,-8.323050499E0
1.212403961E2,9.210000634E-1,1.085100079E1,-5.320500135E-1
1.212428397E2,9.810000658E-1,1.071705055E1,2.872050047E0
1.212452832E2,5.331000328E0,1.180605030E1,3.289500177E-1
1.212477268E2,2.532000065E0,6.553050518E0,-3.891000271E0
1.212501702E2,3.622050285E0,7.461000443E0,-6.490500569E-1
1.212526137E2,9.342000008E0,9.426000595E0,-3.865050077E0
1.212550573E2,4.906949997E0,6.165000439E0,-8.919000626E0
1.212575007E2,8.280000687E-1,6.622950077E0,-1.831950068E0
1.212599444E2,4.052999973E0,1.180905056E1,-2.056950092E0
1.212623878E2,3.940050125E0,7.477050304E0,-6.372000217E0
1.212648314E2,8.640000224E-1,6.261000156E0,-3.666000128E0
1.212672749E2,2.218950033E0,9.157950401E0,-1.384050012E0
1.212697185E2,7.077000141E0,5.049000263E0,-8.074049950E0
1.212721620E2,4.801950455E0,7.192050457E0,-5.325000286E0
1.212746056E2,3.967050076E0,1.017600060E1,7.500000298E-2
1.212770490E2,9.325050354E0,7.261950493E0,-3.430950165E0
1.212794927E2,2.323950052E0,5.965950489E0,-3.289950132E0
1.212819361E2,-1.638000131E0,1.008495045E1,1.038000107E0
1.212843797E2,8.716950417E0,7.492050171E0,-3.214050055E0
1.212868231E2,5.178000450E0,5.293950081E0,-8.005050659E0
1.212892666E2,1.020000055E-1,8.638050079E0,8.629500270E-1
1.212917102E2,4.137000084E0,9.639000893E0,1.228950024E0
1.212941539E2,5.118000031E0,8.839950562E0,-4.162050247E0
1.212965973E2,2.131950140E0,1.060905075E1,-7.570500374E-1
1.212990407E2,3.727050066E0,1.142805099E1,-5.419500470E-1
1.213014843E2,4.813950062E0,1.216005039E1,-5.713050365E0
1.213039278E2,2.881950140E0,1.081005096E1,-1.794000030E0
1.213063714E2,6.445050240E0,1.321905041E1,-3.546000242E0
1.213088149E2,6.463950157E0,1.163595009E1,-9.154050827E0
1.213112585E2,1.114950061E0,1.010895061E1,-3.930000305E0
1.213137020E2,1.492950082E0,1.333800030E1,-1.920000017E-1
1.213161456E2,3.853950262E0,1.337205029E1,-2.779950142E0
1.213185890E2,1.831050038E0,9.619950294E0,-2.799000025E0
1.213210327E2,-5.340000391E-1,1.045605087E1,1.062000036E0
1.213234760E2,3.507000208E0,1.230705070E1,2.089500129E-1
1.213259197E2,3.508950233E0,1.011300087E1,-5.395050049E0
1.213283631E2,1.678050041E0,8.245950699E0,-2.242050171E0
1.213308068E2,4.998000145E0,8.301000595E0,-2.341950178E0
1.213332502E2,4.807050228E0,5.209950447E0,-4.521000385E0
1.213356936E2,2.053050041E0,5.758050442E0,-1.095000029E0
1.213381373E2,5.869950294E0,9.205950737E0,3.840000033E-1
1.213405807E2,4.488000393E0,5.725050449E0,-3.135000229E0
1.213430243E2,1.204050064E0,4.717050076E0,7.005000114E-2
1.213454678E2,1.678050041E0,8.428050041E0,1.878000140E0
1.213479114E2,4.879050255E0,8.385000229E0,-4.891950130E0
1.213503549E2,1.381050110E0,4.252050400E0,-4.243050098E0
1.213527985E2,4.830000103E-1,7.651950359E0,1.830000043E0
1.213552419E2,3.325050116E0,9.460050583E0,-6.330000162E-1
1.213576853E2,1.951050043E0,5.575950146E0,-3.151050091E0
1.213601289E2,-1.630500108E-1,6.547950268E0,-1.540500075E-1
1.213625724E2,4.893000126E0,6.670050144E0,-2.641050100E0
1.213650161E2,5.281050205E0,3.763950109E0,-6.858000278E0
1.213674595E2,1.879050136E0,6.922050476E0,-2.482950211E0
1.213699031E2,6.564000130E0,8.083050728E0,-3.973050117E0
1.213723466E2,4.812000275E0,5.848950386E0,-7.441950321E0
1.213747902E2,-1.989000082E0,8.085000038E0,-4.030500054E-1
1.213772337E2,-5.205000192E-2,7.561050415E0,3.612000227E0
1.213796773E2,6.736950397E0,5.518950462E0,-4.798950195E0
1.213821207E2,2.085000038E0,5.629050255E0,-5.806950092E0
1.213845643E2,2.518050194E0,9.013950348E0,-7.450500131E-1
1.213870078E2,1.071105003E1,6.262950420E0,-7.072950363E0
1.213894514E2,2.070000172E0,6.510000229E0,-8.614950180E0
1.213918949E2,-4.860000312E-1,1.071900082E1,5.100000277E-2
1.213943383E2,7.093050480E0,8.197950363E0,-4.525950432E0
1.213967820E2,5.190000057E0,7.975050449E0,-6.072000504E0
1.213992256E2,4.102950096E0,9.895050049E0,-1.863000035E0
1.214016690E2,9.933000565E0,1.036695004E1,-5.079000473E0
1.214041124E2,5.185050011E0,9.028950691E0,-8.311050415E0
1.214065560E2,-1.537050128E0,1.128405094E1,3.840000033E-1
1.214089995E2,1.879050136E0,1.230900097E1,1.207950115E0
1.214114431E2,5.772000313E0,1.028805065E1,-8.068950653E0
1.214138866E2,3.184050083E0,1.079595089E1,-5.601000309E0
1.214163302E2,5.535000324E0,1.288095093E1,-2.763000250E0
1.214187737E2,5.155950069E0,1.283595085E1,-4.807950020E0
1.214212173E2,2.382000208E0,1.223505020E1,-1.969050050E0
1.214236607E2,3.220050097E0,1.268205070E1,6.379500031E-1
1.214261041E2,4.996050358E0,1.196400070E1,-3.691950083E0
1.214285477E2,2.773950100E0,9.982050896E0,-3.433950186E0
1.214309912E2,5.592000484E0,1.299795055E1,-2.206050158E0
1.214334348E2,8.632950783E0,1.248405075E1,-6.814950466E0
1.214358783E2,2.182950020E0,9.991050720E0,-3.879000187E0
1.214383219E2,1.999500096E-1,1.048005009E1,2.019000053E0
1.214407654E2,2.772000074E0,1.218000031E1,9.490500689E-1
1.214432090E2,2.250000000E0,8.896950722E0,-3.264000177E0
1.214456524E2,7.630500197E-1,7.812000275E0,5.610000491E-1
1.214480961E2,6.045000076E0,1.127895069E1,2.700000070E-2
1.214505395E2,5.161050320E0,7.165950298E0,-5.719950199E0
1.214529831E2,1.713000059E0,6.703950405E0,-3.987000227E0
1.214554266E2,2.518050194E0,7.573050499E0,-2.251049995E0
1.214578702E2,4.855050087E0,5.574000359E0,-7.087950230E0
1.214603137E2,2.122950077E0,1.891050100E0,-4.699950218E0
1.214627571E2,6.028050423E0,6.498000145E0,-1.392000079E0
1.214652007E2,8.506050110E0,4.093950272E0,-7.600050449E0
1.214676444E2,2.089050055E0,2.418000221E0,-3.967950106E0
1.214700878E2,-2.464050055E0,7.354950428E0,2.410050154E0
1.214725314E2,3.154950142E0,5.665050507E0,3.661950111E0
1.214749748E2,4.572000027E0,1.462950110E0,-3.115050077E0
1.214774183E2,-7.999500632E-1,5.125950336E0,-1.156949997E0
1.214798619E2,6.046950340E0,5.169000149E0,6.979500055E-1
1.214823054E2,8.287950516E0,1.684950113E0,-8.574000359E0
1.214847490E2,-7.350000143E-1,3.898050070E0,-9.582000732E0
1.214871924E2,1.773000121E0,3.876000166E0,-4.104000092E0
1.214896361E2,6.792000294E0,1.261950016E0,-4.441950321E0
1.214920795E2,4.741950035E0,3.049950123E0,-3.781050205E0
1.214945231E2,8.536950111E0,4.827000141E0,-6.730500460E-1
1.214969665E2,9.883050919E0,2.671950102E0,-3.910050154E0
1.214994100E2,1.195950031E0,4.696950436E0,-4.834950447E0
1.215018536E2,1.387950063E0,5.872950077E0,-3.702000141E0
1.215042973E2,8.137050629E0,3.820950270E0,-6.654000282E0
1.215067407E2,3.811050177E0,2.731950045E0,-6.621000290E0
1.215091841E2,-3.229500055E-1,7.537050247E0,1.509000063E0
1.215116278E2,5.158950329E0,7.228050232E0,1.132950068E0
1.215140712E2,3.523950100E0,6.613050461E0,-3.405000210E0
1.215165148E2,7.369500399E-1,8.695950508E0,9.300000668E-1
1.215189583E2,1.693950057E0,1.071900082E1,2.926950216E0
1.215214019E2,3.118950129E0,9.217950821E0,-1.333950043E0
1.215238454E2,2.488950014E0,9.534000397E0,-1.171050072E0
1.215262890E2,8.422050476E0,1.187595081E1,-7.722000599E0
1.215287324E2,4.888050079E0,9.615000725E0,-1.212795067E1
1.215311761E2,-5.740500093E-1,8.479949951E0,-2.236950159E0
1.215336195E2,1.548000097E0,1.141305065E1,3.030000031E-1
1.215360632E2,2.461050034E0,1.187100029E1,-3.348000050E0
1.215385065E2,8.130000234E-1,6.880950451E0,-9.940500259E-1
1.215409500E2,-1.210950017E0,1.051995087E1,1.191000104E0
1.215433936E2,2.707050085E0,1.333395100E1,3.825000286E0
1.215458371E2,3.066000223E0,9.547950745E0,-1.662000060E0
1.215482807E2,5.439000130E0,9.838050842E0,-5.200950146E0
1.215507242E2,1.055100060E1,1.192305088E1,-8.859000206E0
1.215531678E2,3.933000088E0,9.991050720E0,-7.416000366E0
1.215556113E2,3.148050070E0,1.163100052E1,7.860000134E-1
1.215580549E2,9.958950043E0,1.310400105E1,-4.696050167E0
1.215604983E2,3.543000221E0,9.775950432E0,-6.532050133E0
1.215629417E2,6.700500250E-1,1.062105083E1,1.179000020E0
1.215653853E2,4.639050007E0,1.200000095E1,-1.693050027E0
1.215678288E2,4.168050289E0,8.100000381E0,-6.798000336E0
1.215702725E2,1.435950041E0,9.004950523E0,-3.901050091E0
1.215727159E2,6.700950146E0,1.160295010E1,-1.732050061E0
1.215751595E2,6.600000381E0,8.650050163E0,-6.574950218E0
1.215776030E2,6.580500603E-1,8.710050583E0,-3.333000183E0
1.215800466E2,3.378000259E0,1.263195038E1,1.183950067E0
1.215824900E2,4.258950233E0,9.394950867E0,-3.088950157E0
1.215849336E2,7.129500508E-1,7.647000313E0,-9.289500713E-1
1.215873771E2,5.221050262E0,1.195500088E1,7.219500542E-1
1.215898207E2,8.925000191E0,8.326950073E0,-5.707950115E0
1.215922642E2,2.110949993E0,6.931050301E0,-4.108950138E0
1.215947078E2,1.318050027E0,1.065900040E1,-3.000000026E-3
1.215971512E2,5.653950214E0,1.040100002E1,-3.715950251E0
1.215995946E2,3.451950073E0,6.457050323E0,-7.855950356E0
1.216020383E2,-1.990500093E-1,9.298950195E0,-9.340500236E-1
1.216044819E2,6.301050186E0,1.153605080E1,-1.300500035E-1
1.216069253E2,5.596950054E0,7.710000515E0,-5.239050388E0
1.216093688E2,4.210500121E-1,7.791000366E0,-8.430000544E-1
1.216118124E2,4.812000275E0,1.132005024E1,-7.240500450E-1
1.216142559E2,5.362050056E0,6.904950142E0,-6.424050331E0
1.216166995E2,1.192050099E0,8.203050613E0,-4.056000233E0
1.216191430E2,7.186950207E0,1.131495094E1,-1.863000035E0
1.216215866E2,6.871050358E0,6.964950562E0,-7.498950481E0
1.216240300E2,5.089499950E-1,7.540050507E0,-2.578950167E0
1.216264737E2,-7.009500265E-1,9.115050316E0,4.356000423E0
1.216289171E2,4.098000050E0,7.936950207E0,-2.209500074E-1
1.216313607E2,2.535000086E0,3.802050114E0,-3.882000208E0
1.216338041E2,9.160500169E-1,8.398950577E0,1.609950066E0
1.216362476E2,5.515950203E0,8.503950119E0,-1.404000044E0
1.216386912E2,2.547000170E0,5.581050396E0,-4.588050365E0
1.216411346E2,-9.409500360E-1,6.475950241E0,3.390000165E-1
1.216435783E2,1.323000073E0,8.646000862E0,4.920000136E-1
1.216460217E2,2.190000057E0,5.569050312E0,-3.805050135E0
1.216484653E2,2.359500080E-1,6.340050220E0,8.250000477E-1
1.216509088E2,6.283950329E0,8.715000153E0,-1.059000015E0
1.216533524E2,5.362050056E0,4.258950233E0,-5.658000469E0
1.216557959E2,-5.770500302E-1,4.906050205E0,-6.640500426E-1
1.216582395E2,2.749500275E-1,6.397050381E0,1.461000085E0
1.216606830E2,5.500950336E0,4.081950188E0,-3.187050104E0
1.216631263E2,2.152050018E0,2.136000156E0,-3.253950119E0
1.216655700E2,3.660000265E-1,6.100950241E0,2.078999996E0
1.216680134E2,4.990950108E0,6.079050064E0,-1.404000044E0
1.216704571E2,1.630050063E0,3.538950205E0,-4.636050224E0
1.216729005E2,-9.580500722E-1,4.918050289E0,1.639500111E-1
1.216753441E2,2.200050116E0,4.800000191E0,-1.381950021E0
1.216777876E2,3.313050270E0,3.678000212E0,-5.148000240E0
1.216802312E2,7.819500566E-1,7.599000454E0,2.400000095E-1
1.216826747E2,4.438050270E0,1.120800018E1,1.933050036E0
1.216851183E2,4.327950001E0,9.931050301E0,2.991000175E0
1.216875618E2,1.584000111E0,1.229205036E1,2.629950047E0
1.216900054E2,2.050500065E-1,1.589295101E1,-1.779000044E0
1.216924488E2,2.158950090E0,1.431495094E1,3.235950232E0
1.216948925E2,2.416950226E0,1.248900032E1,2.551050186E0
1.216973358E2,5.803050041E0,1.554405117E1,-1.921050072E0
1.216997793E2,6.913950443E0,1.568700027E1,-1.111200047E1
1.217022229E2,4.306950092E0,1.435605049E1,-1.211295033E1
1.217046666E2,5.086950302E0,1.504095078E1,-1.050705051E1
1.217071100E2,6.547950268E0,1.477695084E1,-1.318095016E1
1.217095535E2,2.745000124E0,1.185900021E1,-1.188105011E1
1.217119971E2,2.155950069E0,1.028100014E1,-6.853050232E0
1.217144405E2,5.587050438E0,1.268700027E1,-6.244950294E0
1.217168841E2,2.038950205E0,6.838050365E0,-9.240000725E0
1.217193276E2,-1.549050093E0,7.189950466E0,7.480500340E-1
1.217217712E2,-7.470000386E-1,8.308050156E0,3.645000219E0
1.217242147E2,2.833950043E0,3.226950169E0,-3.666000128E0
1.217266583E2,3.897000074E0,6.460500360E-1,2.611050129E0
1.217291017E2,1.527000070E0,1.081995010E1,5.979000092E0
1.217315451E2,7.785000324E0,7.932000160E0,3.922950268E0
1.217339888E2,6.543000221E0,2.085000038E0,-9.850500226E-1
1.217364322E2,6.258000374E0,5.799000263E0,-2.428050041E0
1.217388758E2,1.135095024E1,5.812950134E0,-1.038495064E1
1.217413193E2,7.132050514E0,4.032000065E0,-1.147905064E1
1.217437629E2,8.700000763E0,9.795000076E0,-7.023000240E0
1.217462064E2,9.421050072E0,9.484050751E0,-4.849050045E0
1.217486500E2,2.856000185E0,8.851950645E0,-1.582950115E0
1.217510934E2,7.129500508E-1,1.310100079E1,4.192950249E0
1.217535370E2,1.504950047E0,1.654395103E1,9.990000725E-1
1.217559805E2,3.403950214E0,1.400400066E1,1.246050000E0
1.217584241E2,1.855050087E0,1.105005074E1,1.681950092E0
1.217608676E2,6.064050198E0,1.788795090E1,-9.870000482E-1
1.217633110E2,8.974950790E0,1.530195045E1,-8.593950272E0
1.217657546E2,5.575050354E0,1.403295040E1,-5.730000496E0
1.217681980E2,8.793000221E0,1.755195045E1,-7.621050358E0
1.217706417E2,5.271000385E0,1.501005077E1,-9.736050606E0
1.217730851E2,7.849500179E-1,1.348005104E1,-1.830000043E0
1.217755287E2,4.411950111E0,1.697100067E1,7.740000486E-1
1.217779722E2,5.338050365E0,1.597500038E1,-1.693050027E0
1.217804158E2,1.749000072E0,6.867000103E0,-8.530500531E-1
1.217828593E2,6.480000019E-1,5.088000298E0,9.540000558E-1
1.217853029E2,2.809950113E0,1.315200043E1,7.549500465E-1
1.217877464E2,-1.750500053E-1,3.661050081E0,-2.260950089E0
1.217901900E2,-4.620000124E-1,-8.250000477E-1,2.143949986E0
1.217926334E2,6.211950302E0,9.790500402E-1,-1.006049991E0
1.217950768E2,6.301050186E0,4.840500355E-1,-8.488050461E0
1.217975204E2,2.440950155E0,2.800950050E0,8.749500513E-1
1.217999639E2,4.318050385E0,1.226595020E1,1.548000097E0
1.218024075E2,4.122000217E0,1.335495090E1,-2.052000046E0
1.218048510E2,-4.039500058E-1,9.991050720E0,-5.820000172E-1
1.218072946E2,-1.230000019E0,1.465305042E1,4.026000023E0
1.218097380E2,1.255950093E0,1.312995052E1,3.355050087E0
1.218121816E2,1.684950113E0,1.133205032E1,2.400000095E-1
1.218146251E2,4.052999973E0,1.563705063E1,5.370000005E-1
1.218170687E2,1.042905045E1,1.413300037E1,-1.770000100E0
1.218195122E2,2.889000177E0,1.281405067E1,-7.429950237E0
1.218219558E2,1.106100082E1,1.720800018E1,-9.817050934E0
1.218243993E2,9.924000740E0,1.409505081E1,-1.550100040E1
1.218268429E2,2.008050203E0,1.041495037E1,-7.621050358E0
1.218292864E2,3.319500089E-1,1.068105030E1,-1.351050019E0
1.218317298E2,2.341050148E0,1.186095047E1,2.179949999E0
1.218341734E2,1.998000145E0,8.136000633E0,4.410000145E-1
1.218366168E2,8.160000443E-1,6.337950230E0,-3.480000198E-1
1.218390604E2,3.375000238E0,1.254105091E1,2.670000196E-1
1.218415039E2,4.072050095E0,8.782050133E0,2.308950186E0
1.218439475E2,1.435950041E0,7.863000393E0,-4.092000008E0
1.218463910E2,-1.426950097E0,1.291500092E1,8.989500403E-1
1.218488346E2,-2.392050028E0,5.337000370E0,-1.626000047E0
1.218512781E2,-1.990500093E-1,1.966050148E0,1.936050057E0
1.218537217E2,-3.031050205E0,1.019505024E1,1.300950050E0
1.218561651E2,1.572000027E0,2.266950130E0,5.089499950E-1
1.218586087E2,7.168050289E0,5.310000181E-1,-3.256950140E0
1.218610522E2,1.440795040E1,2.028000116E0,-1.426995087E1
1.218634958E2,1.627095032E1,2.406000137E0,-2.175000191E1
1.218659392E2,4.788000107E0,5.322000027E0,-2.281800079E1
1.218683826E2,4.077000141E0,7.755000591E0,-1.354305077E1
1.218708262E2,8.094000816E0,6.349950314E0,-9.312000275E0
1.218732697E2,4.510050297E0,8.988000870E0,-6.160950184E0
1.218757133E2,6.330000401E0,1.068795013E1,-2.586000204E0
1.218781568E2,1.277295017E1,8.491950035E0,-2.035950184E0
1.218806004E2,1.327605057E1,3.421050072E0,-6.669000149E0
1.218830439E2,7.752000332E0,6.570000172E0,-5.944950104E0
1.218854875E2,1.153695011E1,7.848000526E0,-4.195050240E0
1.218879309E2,3.796950102E0,7.482000351E0,-4.471050262E0
1.218903746E2,-1.125000000E0,7.129950523E0,-6.391050339E0
1.218928180E2,4.666050434E0,6.163050175E0,-4.822950363E0
1.218952616E2,4.182000160E0,4.159049988E0,-8.293950081E0
1.218977050E2,-5.029500127E-1,6.244050503E0,-8.668050766E0
1.219001485E2,4.729950428E0,7.693050385E0,-2.368050098E0
1.219025921E2,3.373050213E0,4.234950066E0,1.230000034E-1
1.219050356E2,-1.776000142E0,5.077950478E0,4.167000294E0
1.219074792E2,-2.076000214E0,8.356050491E0,2.821050167E0
1.219099226E2,2.254950047E0,6.283050060E0,2.686950207E0
1.219123662E2,3.313050270E0,7.482000351E0,-6.450000405E-1
1.219148097E2,2.322000027E0,9.931050301E0,7.650000453E-1
1.219172533E2,2.587050200E0,9.115050316E0,4.111950397E0
1.219196968E2,2.757000208E0,8.503950119E0,2.449500114E-1
1.219221402E2,2.631000042E0,1.086795044E1,-2.052000046E0
1.219245839E2,3.202950239E0,1.200495052E1,3.549000263E0
1.219270275E2,2.068050146E0,6.828000546E0,4.720050335E0
1.219294709E2,1.741950035E0,7.039050102E0,-3.598950148E0
1.219319143E2,2.151900101E1,7.519950390E0,-5.119050026E0
1.219343579E2,8.817000389E0,4.477050304E0,-2.711805153E1
1.219368014E2,5.247000217E0,6.402000427E0,-2.114205170E1
1.219392450E2,9.361050606E0,9.253950119E0,-2.015595055E1
1.219416885E2,4.498050213E0,4.314000130E0,-1.152705097E1
1.219441321E2,2.152050018E0,4.365000248E0,3.978000164E0
1.219465756E2,3.937950134E0,1.089195061E1,7.330050468E0
1.219490192E2,2.680950165E0,8.595000267E0,5.500950336E0
1.219514626E2,3.000000119E-2,5.770050049E0,6.774000168E0
1.219539062E2,8.590500355E-1,8.329950333E0,6.106050491E0
1.219563497E2,2.311950207E0,5.808000088E0,4.717950344E0
1.219587933E2,2.652000189E0,4.915050030E0,3.955950260E0
1.219612368E2,4.263000011E0,9.963000298E0,4.347000122E0
1.219636804E2,5.518050194E0,1.030995083E1,4.414050102E0
1.219661238E2,2.044049978E0,8.737050056E0,-2.170050144E0
1.219685672E2,2.860050201E0,1.097100067E1,-3.840000033E-1
1.219710108E2,4.113000393E0,1.306095028E1,-1.084200096E1
1.219734543E2,8.280000687E-1,1.165305042E1,-1.121505070E1
1.219758980E2,1.669500023E-1,7.638000488E0,-3.477000237E0
1.219783414E2,2.997000217E0,1.181295013E1,-6.514950275E0
1.219807850E2,2.299950123E0,1.002000046E1,-7.590000153E0
1.219832285E2,3.000000119E-2,7.647000313E0,-1.440000087E-1
1.219856721E2,3.139950037E0,8.449049950E0,-2.299050093E0
1.219881155E2,5.427000046E0,8.145000458E0,-5.275050163E0
1.219905592E2,4.488000393E0,5.607000351E0,-3.774000168E0
1.219930026E2,7.354050159E0,8.962050438E0,-5.589000225E0
1.219954462E2,7.659000397E0,5.763000488E0,-1.378905106E1
1.219978897E2,1.129050016E0,2.689050198E0,-8.826000214E0
1.220003333E2,-2.587950230E0,4.551000118E0,8.389500380E-1
1.220027767E2,-7.759500146E-1,2.796000242E0,2.007000208E0
1.220052202E2,5.140500069E-1,2.269500047E-1,1.933050036E0
1.220076638E2,1.564950109E0,2.064000130E0,4.624050140E0
1.220101072E2,2.917950153E0,6.364050388E0,6.523050308E0
1.220125508E2,7.809000492E0,7.507950306E0,-1.201950073E0
1.220149943E2,4.516950130E0,9.406949997E0,-3.441000223E0
1.220174379E2,4.939050198E0,1.156905079E1,-5.488050461E0
1.220198814E2,2.464950085E0,1.172700024E1,-1.015695095E1
1.220223250E2,8.130000234E-1,1.529505062E1,-1.990500093E-1
1.220247684E2,2.584950209E0,1.526100063E1,1.449000120E0
1.220272120E2,1.893000126E0,1.483305073E1,-2.317950010E0
1.220296555E2,3.010950089E0,1.520595074E1,1.746000051E0
1.220320991E2,2.917950153E0,1.349700069E1,4.318050385E0
1.220345426E2,3.700950146E0,1.243800068E1,-3.534000158E0
1.220369862E2,3.220050097E0,1.115700054E1,-7.059000492E0
1.220394296E2,5.947050095E0,1.153605080E1,-7.444050312E0
1.220418730E2,6.997950554E0,1.239000034E1,-1.313295078E1
1.220443166E2,4.765950203E0,1.008195019E1,-1.118895054E1
1.220467603E2,2.299950123E0,9.919050217E0,-4.260000229E0
1.220492037E2,4.630050182E0,1.390095043E1,-8.050500154E-1
1.220516472E2,3.243000269E0,1.398495102E1,-3.778950214E0
1.220540908E2,-2.113950014E0,1.194300079E1,2.290050030E0
1.220565342E2,-4.317000389E0,1.332705021E1,5.953050137E0
1.220589779E2,-3.196050167E0,7.543950558E0,-3.331050158E0
1.220614213E2,-1.393050075E0,4.281000137E0,2.941050053E0
1.220638649E2,-8.089500666E-1,5.581050396E0,6.487050533E0
1.220663084E2,4.579050064E0,3.996000290E0,-3.273000240E0
1.220687520E2,7.563000202E0,1.513050079E0,-6.046050072E0
1.220711955E2,6.516000271E0,6.487950325E0,-3.151050091E0
1.220736389E2,8.179950714E0,5.695950508E0,-8.158050537E0
1.220760825E2,2.992050171E0,6.454950333E0,-6.520050526E0
1.220785259E2,-1.750500053E-1,7.261950493E0,9.010500312E-1
1.220809696E2,1.527000070E0,6.484050274E0,3.150000274E-1
1.220834130E2,2.536950111E0,4.930050373E0,-1.416000009E0
1.220858566E2,3.094950199E0,8.301000595E0,1.981050134E0
1.220883001E2,8.074950218E0,9.904950142E0,-2.461950064E0
1.220907437E2,4.231950283E0,4.609050274E0,-6.027000427E0
1.220931872E2,8.640000224E-1,5.298000336E0,-3.640500307E-1
1.220956308E2,2.680950165E0,1.036500072E1,1.368000031E0
1.220980742E2,3.160050154E0,8.362950325E0,-3.123000145E0
1.221005179E2,1.930500120E-1,4.923000336E0,1.830000132E-1
1.221029613E2,-3.349500299E-1,9.694050789E0,8.440500498E-1
1.221054049E2,4.072050095E0,1.107105064E1,1.204950094E0
1.221078483E2,6.120000482E-1,4.726050377E0,-3.604050159E0
1.221102918E2,1.198950052E0,6.673050404E0,-9.870000482E-1
1.221127354E2,3.246000051E0,8.253000259E0,-4.722000122E0
1.221151789E2,1.189050078E0,4.762050152E0,-3.421950102E0
1.221176225E2,4.359000206E0,7.369950294E0,-1.369500011E-1
1.221200660E2,8.203949928E0,5.836950302E0,-6.289950371E0
1.221225096E2,2.206950188E0,4.198950291E0,-4.866000175E0
1.221249530E2,-4.909500182E-1,7.537050247E0,2.083950043E0
1.221273966E2,2.056050062E0,8.409000397E0,2.215950012E0
1.221298401E2,3.006000042E0,5.179050446E0,-2.083950043E0
1.221322835E2,5.520000458E-1,6.247050285E0,-1.024950027E0
1.221347272E2,6.969000340E0,9.876000404E0,-2.992950201E0
1.221371708E2,8.707050323E0,5.943000317E0,-8.989050865E0
1.221396143E2,1.089000106E0,7.045950413E0,-6.739950180E0
1.221420579E2,2.009999990E0,9.939000130E0,-4.690950394E0
1.221445013E2,3.829950094E0,6.091050148E0,-7.240950108E0
1.221469447E2,-2.340000123E-1,7.228050232E0,-3.870000124E0
1.221493884E2,5.755050182E0,8.422950745E0,6.619500518E-1
1.221518318E2,9.763050079E0,6.510000229E0,-4.408050060E0
1.221542754E2,3.061050177E0,6.426000118E0,2.040000111E-1
1.221567189E2,6.310500503E-1,9.025950432E0,5.568000317E0
1.221591625E2,8.520000577E-1,9.232050896E0,2.464950085E0
1.221616060E2,1.978950143E0,7.281000137E0,-5.149500370E-1
1.221640496E2,5.590500236E-1,9.361950874E0,-9.919500351E-1
1.221664931E2,2.070000172E0,1.309200096E1,2.116950035E0
1.221689367E2,3.301050186E0,1.167705059E1,-1.231050014E0
1.221713801E2,2.266950130E0,1.115700054E1,-1.267050028E0
1.221738238E2,5.094000340E0,1.258905029E1,-3.235050201E0
1.221762672E2,2.877000093E0,1.192800045E1,-5.574000359E0
1.221787106E2,1.789950132E0,1.236900043E1,-2.881050110E0
1.221811543E2,4.194000244E0,1.361400032E1,-4.192950249E0
1.221835977E2,4.975050449E0,1.188000011E1,-9.360000610E0
1.221860414E2,4.060500264E-1,9.610950470E0,-5.359050274E0
1.221884848E2,2.815050125E0,9.342000008E0,-2.553000212E0
1.221909285E2,6.052050114E0,1.028805065E1,-8.842950821E0
1.221933719E2,3.471000195E0,6.792000294E0,-7.489950180E0
1.221958155E2,2.956050158E0,5.629050255E0,-3.084000111E0
1.221982590E2,7.587000370E0,6.958050251E0,-3.858000278E0
1.222007026E2,3.852000237E0,3.699000120E0,-6.865050316E0
1.222031460E2,2.815050125E0,6.936000347E0,-2.325000048E0
1.222055897E2,6.667050362E0,8.083050728E0,1.090500057E-1
1.222080331E2,6.856050491E0,2.011049986E0,-2.626950026E0
1.222104767E2,5.394000053E0,9.637050629E0,6.160500050E-1
1.222129202E2,8.322000504E0,7.851000309E0,-2.032950163E0
1.222153636E2,5.626050472E0,6.079050064E0,-5.875950336E0
1.222178072E2,2.748000145E0,7.269000530E0,-5.902050495E0
1.222202507E2,8.271000862E0,7.044000149E0,-7.377000332E0
1.222226943E2,1.077600098E1,4.798050404E0,-1.211595058E1
1.222251380E2,3.313050270E0,3.370950222E0,-1.130400085E1
1.222275814E2,5.800950050E0,7.501050472E0,-9.369000435E0
1.222300248E2,1.116405010E1,6.076950073E0,-6.369000435E0
1.222324685E2,1.303950071E0,5.269950390E0,-5.871000290E0
1.222349119E2,-3.469500244E-1,8.418000221E0,3.267000198E0
1.222373555E2,2.929950237E0,7.219050407E0,5.284950256E0
1.222397990E2,4.026000023E0,6.558000088E0,3.154050112E0
1.222422426E2,3.583050251E0,8.689050674E0,-3.670500219E-1
1.222446861E2,5.797950268E0,9.417000771E0,5.653950214E0
1.222471297E2,4.579050064E0,6.000000477E0,-3.217950106E0
1.222495732E2,3.253050089E0,7.171050549E0,-2.134050131E0
1.222520166E2,7.651050568E0,9.751950264E0,-7.624050140E0
1.222544602E2,3.022950172E0,6.012000084E0,-8.335050583E0
1.222569039E2,-9.600000083E-2,6.301950455E0,2.163000107E0
1.222593473E2,1.294050097E0,1.249605083E1,2.914950132E0
1.222617907E2,2.523000002E0,1.264395046E1,3.150000274E-1
1.222642343E2,5.550000072E-1,6.591000080E0,-1.051950097E0
1.222666778E2,-1.000500023E-1,1.103505039E1,-1.954050064E0
1.222691214E2,2.650050163E0,1.383195019E1,3.118050098E0
1.222715649E2,1.864050031E0,9.939000130E0,-9.600000083E-2
1.222740085E2,1.114950061E0,1.426500034E1,1.129500046E-1
1.222764519E2,9.610050201E0,1.522305107E1,-1.557000041E0
1.222788955E2,1.608000040E0,1.063305092E1,-8.565000534E0
1.222813390E2,5.535000324E0,1.066605091E1,-3.774000168E0
1.222837826E2,7.072050571E0,1.407600021E1,-1.302105045E1
1.222862261E2,3.406050205E0,9.808950424E0,-8.052000046E0
1.222886695E2,1.941000104E0,1.049205017E1,-2.577000141E0
1.222911131E2,7.303950310E0,1.171800041E1,-2.004000187E0
1.222935566E2,4.230000019E0,8.707950592E0,-6.321000099E0
1.222960002E2,1.540950060E0,7.531950474E0,-8.790000677E-1
1.222984436E2,4.546050072E0,1.023105049E1,-8.239500523E-1
1.223008872E2,2.796000242E0,9.354000092E0,-3.714000225E0
1.223033307E2,1.467000127E0,7.678050518E0,1.174050093E0
1.223057743E2,5.575050354E0,1.268700027E1,-2.548050165E0
1.223082178E2,3.600000143E0,7.996950150E0,-6.727950096E0
1.223106614E2,1.170000061E-1,6.984000206E0,-1.780500114E-1
1.223131048E2,1.053000093E0,9.157950401E0,-1.810950041E0
1.223155485E2,5.374050140E0,5.313000202E0,-8.754000664E0
1.223179919E2,1.408950090E0,4.839000225E0,-7.270050526E0
1.223204355E2,4.041000366E0,7.374000549E0,3.220500052E-1
1.223228789E2,9.447000504E0,4.614000320E0,-6.274050236E0
1.223253226E2,2.443950176E0,3.997950077E0,-6.240000248E0
1.223277660E2,2.841000080E0,9.100950241E0,5.299500227E-1
1.223302097E2,7.897950172E0,3.804000139E0,-5.854950428E0
1.223326531E2,3.030000210E0,6.184050083E0,-5.518950462E0
1.223350965E2,5.856000423E0,8.401050568E0,-1.951950073E0
1.223375401E2,1.076400089E1,6.670050144E0,-6.253950119E0
1.223399836E2,1.957950115E0,7.164000511E0,-9.894000053E0
1.223424272E2,-1.647000074E0,8.619000435E0,-2.658000231E0
1.223448707E2,7.477050304E0,8.072999954E0,-4.750500321E-1
1.223473143E2,9.694050789E0,6.072000504E0,-8.115000725E0
1.223497578E2,3.289050102E0,8.287050247E0,-3.106050253E0
1.223522014E2,7.105050564E0,1.044900036E1,-5.010000467E-1
1.223546448E2,5.287950039E0,7.774050236E0,-6.075000286E0
1.223570884E2,8.610000610E-1,1.099395084E1,2.814000130E0
1.223595319E2,3.439950228E0,1.210095024E1,-1.411050081E0
1.223619753E2,4.611000061E0,1.050105095E1,-5.731950283E0
1.223644190E2,3.603000164E0,1.178895092E1,-4.621050358E0
1.223668624E2,7.443000317E0,1.245705032E1,-5.107050419E0
1.223693060E2,5.863050461E0,1.130295086E1,-8.175000191E0
1.223717494E2,9.019500613E-1,1.042500019E1,-1.216950059E0
1.223741930E2,7.030500174E-1,1.162695026E1,1.945050120E0
1.223766365E2,2.281050205E0,1.376895046E1,1.648050070E0
1.223790801E2,2.218950033E0,9.223050117E0,6.349500418E-1
1.223815236E2,-3.640500307E-1,1.209105015E1,-1.939950109E0
1.223839672E2,3.255000114E0,1.607805061E1,3.643050194E0
1.223864106E2,3.756000280E0,1.177500057E1,1.252950072E0
1.223888542E2,1.998000145E0,1.034805012E1,-5.305950165E0
1.223912977E2,4.531949997E0,1.373805046E1,9.490500689E-1
1.223937411E2,3.255000114E0,1.052295017E1,-4.036950111E0
1.223961848E2,-2.400000021E-2,8.623950005E0,-7.740000486E-1
1.223986282E2,6.775050163E0,1.093500042E1,-6.610500216E-1
1.224010719E2,5.587050438E0,8.638050079E0,-7.035000324E0
1.224035155E2,6.190500259E-1,6.915000439E0,-2.614950180E0
1.224059589E2,2.235000134E0,8.563950539E0,-7.429500222E-1
1.224084023E2,3.532950163E0,7.822050571E0,-2.802000046E0
1.224108459E2,9.259500504E-1,4.278000355E0,-1.009500027E-1
1.224132894E2,2.319000006E0,6.634050369E0,2.946000099E0
1.224157330E2,5.346000195E0,9.040950775E0,-2.542950153E0
1.224181765E2,9.430500269E-1,3.964950085E0,-1.759950042E0
1.224206201E2,1.500000119E0,4.650000095E0,1.639050126E0
1.224230636E2,2.563050032E0,7.638000488E0,-3.430950165E0
1.224255072E2,5.380499959E-1,4.345950127E0,-2.425950050E0
1.224279507E2,-2.629500031E-1,6.891000271E0,2.517000198E0
1.224303940E2,3.769950151E0,7.120950222E0,-2.197950125E0
1.224328376E2,3.940050125E0,1.846050143E0,-6.870000362E0
1.224352813E2,-1.752000093E0,6.546000481E0,-1.240950108E0
1.224377247E2,3.789000273E0,5.119050026E0,7.690500617E-1
1.224401684E2,6.310950279E0,2.125950098E0,-6.787950516E0
1.224426118E2,2.359500080E-1,5.109000206E0,-2.838000059E0
1.224450552E2,4.194000244E0,5.803950310E0,-4.890000224E-1
1.224474989E2,1.038105011E1,2.908950090E0,-7.462950230E0
1.224499423E2,2.179949999E0,4.207050323E0,-9.250050545E0
1.224523859E2,2.839050055E0,6.778050423E0,-4.281000137E0
1.224548294E2,7.122000217E0,3.474000216E0,-7.741050243E0
1.224572730E2,2.841000080E0,4.756950378E0,-8.086050034E0
1.224597165E2,7.363950253E0,6.855000496E0,-3.487050056E0
1.224621601E2,1.105395031E1,4.003050327E0,-4.570950031E0
1.224646036E2,3.210000038E0,4.590000153E0,-5.775000095E0
1.224670472E2,-1.950000064E-3,5.586000443E0,-5.962050438E0
1.224694906E2,9.094950676E0,4.918050289E0,-6.847950459E0
1.224719342E2,7.840050220E0,1.834050059E0,-8.665050507E0
1.224743777E2,-9.100500345E-1,4.459950447E0,-4.882050037E0
1.224768211E2,6.172050476E0,6.675000191E0,-1.183050036E0
1.224792647E2,9.217050552E0,5.629050255E0,-3.067950249E0
1.224817082E2,2.724000216E0,7.510950565E0,-2.349000216E0
1.224841518E2,-4.930500090E-1,1.002495003E1,2.922000170E0
1.224865952E2,1.299000025E0,1.109700012E1,3.559050083E0
1.224890389E2,2.152050018E0,1.155195045E1,3.049500287E-1
1.224914823E2,1.942950130E0,1.455705070E1,7.069500089E-1
1.224939259E2,3.018000126E0,1.352505112E1,3.463050127E0
1.224963694E2,3.057000160E0,1.060200024E1,1.023000002E0
1.224988130E2,1.894950032E0,1.249305058E1,-1.645050049E0
1.225012564E2,2.961000204E0,1.567995071E1,-1.594950080E0
1.225037001E2,3.712950230E0,1.109505081E1,2.860500216E-1
1.225061435E2,1.122000098E0,9.694050789E0,-1.633050084E0
1.225085872E2,6.730050087E0,1.432500076E1,-4.981050014E0
1.225110306E2,3.516000271E0,1.112400055E1,-1.225905037E1
1.225134740E2,5.550000072E-1,7.402950287E0,-5.581950188E0
1.225159176E2,1.927050114E0,1.092705059E1,-4.738950253E0
1.225183611E2,3.330000162E0,1.222800064E1,-2.260500044E-1
1.225208047E2,8.160000443E-1,4.027050018E0,-1.150500029E-1
1.225232482E2,2.893950224E0,7.389000416E0,3.121050119E0
1.225256918E2,2.920050144E0,1.029300022E1,-3.430950165E0
1.225281352E2,-4.210500121E-1,2.365050077E0,8.749500513E-1
1.225305789E2,1.090950012E0,6.478950500E0,5.416950226E0
1.225330223E2,4.074000359E0,5.707950115E0,-4.132950306E0
1.225354659E2,1.780950069E0,5.205000401E0,-4.159049988E0
1.225379094E2,2.554050207E0,7.140000343E0,-7.905000448E-2
1.225403530E2,8.215950012E0,6.040950298E0,-7.357950211E0
1.225427965E2,3.495000124E0,5.326950073E0,-7.708050251E0
1.225452401E2,-4.690500200E-1,9.793050766E0,1.540050030E0
1.225476835E2,4.393050194E0,7.887000561E0,-5.269500017E-1
1.225501269E2,3.418050051E0,7.314000130E0,-1.114050031E0
1.225525705E2,2.665950060E0,9.919050217E0,2.295000076E0
1.225550140E2,9.712950706E0,7.750050545E0,-6.046050072E0
1.225574576E2,4.582050323E0,6.781050205E0,-1.101705074E1
1.225599011E2,4.780500233E-1,8.707950592E0,-4.438950062E0
1.225623447E2,6.967050552E0,9.298950195E0,-3.300000191E0
1.225647882E2,6.202950478E0,6.667950153E0,-7.561950207E0
1.225672318E2,4.300500154E-1,9.850050926E0,-1.489500105E-1
1.225696752E2,3.792000294E0,1.230405045E1,1.879950047E0
1.225721186E2,6.640950203E0,9.895050049E0,-6.264000416E0
1.225745623E2,8.730000257E-1,1.021395016E1,-4.573950291E0
1.225770057E2,1.644000053E0,1.064295006E1,-1.621050119E0
1.225794494E2,5.580000401E0,8.583000183E0,-6.079950333E0
1.225818930E2,5.640000105E-1,8.208000183E0,-3.951000214E0
1.225843364E2,3.909000158E0,1.165095043E1,-1.695000008E-2
1.225867798E2,8.631000519E0,9.405000687E0,-5.152950287E0
1.225892235E2,2.082000017E0,8.566950798E0,-3.952950239E0
1.225916669E2,6.405000389E-2,1.068795013E1,2.332950115E0
1.225941105E2,4.327950001E0,1.114995098E1,1.143000007E0
1.225965540E2,3.507000208E0,8.503950119E0,-3.154050112E0
1.225989976E2,4.519500136E-1,8.868000031E0,-2.260500044E-1
1.226014411E2,4.183950424E0,1.258200073E1,2.697000027E0
1.226038847E2,3.955050230E0,1.017105007E1,-1.911000133E0
1.226063282E2,1.576950073E0,9.164999962E0,-1.315050006E0
1.226087715E2,4.189050198E0,1.134195042E1,-7.500000596E-1
1.226112152E2,3.636000156E0,1.027905083E1,-3.712050200E0
1.226136588E2,1.753950119E0,9.673050880E0,-8.380500674E-1
1.226161023E2,5.089050293E0,1.243305016E1,-5.509500504E-1
1.226185459E2,5.640000343E0,9.661050797E0,-5.383050442E0
1.226209893E2,1.072050095E0,7.240050316E0,-2.407050133E0
1.226234328E2,4.450500309E-1,7.879950523E0,7.240500450E-1
1.226258764E2,4.081050396E0,9.277950287E0,-4.099050045E0
1.226283199E2,2.377050161E0,5.479950428E0,-3.166050196E0
1.226307635E2,6.960000396E-1,6.187050343E0,2.584050179E0
1.226332069E2,5.146950245E0,1.090605068E1,2.950500250E-1
1.226356506E2,2.061000109E0,7.522950172E0,-1.654950023E0
1.226380940E2,7.249500155E-1,4.281000137E0,1.770000100E0
1.226405374E2,1.539000034E0,9.912000656E0,-2.292000055E0
1.226429810E2,2.070000172E0,4.198950291E0,-8.428050041E0
1.226454247E2,1.270950079E0,5.109000206E0,-5.182050228E0
1.226478681E2,5.446050167E0,7.900950432E0,-4.963950157E0
1.226503118E2,6.451950073E0,3.079050064E0,-1.123905087E1
1.226527552E2,-6.370500326E-1,5.167050362E0,-4.585950375E0
1.226551986E2,2.415000200E0,6.385050297E0,3.315000057E0
1.226576422E2,6.808950424E0,1.147050023E0,-3.838950157E0
1.226600857E2,4.085999966E0,8.640000224E-1,-2.875950098E0
1.226625293E2,2.805000067E0,5.614950180E0,8.560500145E-1
1.226649728E2,1.046505070E1,3.274950266E0,-3.609000206E0
1.226674164E2,6.367950439E0,2.293950081E0,-7.104000568E0
1.226698599E2,-2.595000155E-2,5.406000137E0,-6.280950069E0
1.226723035E2,7.314000130E0,4.410000324E0,-5.586000443E0
1.226747469E2,7.057950497E0,2.254950047E0,-7.882050514E0
1.226771905E2,4.948050022E0,6.453000069E0,-5.992950439E0
1.226796340E2,1.125195026E1,4.618050098E0,-4.746000290E0
1.226820776E2,4.917000294E0,2.722050190E0,-6.939000130E0
1.226845211E2,-8.350500464E-1,4.019999981E0,-8.091000557E0
1.226869647E2,4.636950016E0,3.517050266E0,-5.971950054E0
1.226894081E2,8.281050682E0,1.003050089E0,-6.970050335E0
1.226918516E2,5.089499950E-1,1.662000060E0,-5.260950089E0
1.226942952E2,2.872050047E0,4.767000198E0,4.630500078E-1
1.226967386E2,7.611000538E0,4.543950081E0,2.310000062E-1
1.226991822E2,4.006950378E0,5.830050468E0,-2.023950100E0
1.227016257E2,-5.790000558E-1,1.054695034E1,2.095950127E0
1.227040693E2,1.510050058E0,1.120995045E1,2.295000076E0
1.227065128E2,2.812050104E0,1.144695091E1,5.879999995E-1
1.227089564E2,2.905950069E0,1.607805061E1,-9.850500226E-1
1.227113999E2,3.289050102E0,1.684395027E1,4.930950165E0
1.227138435E2,3.769950151E0,1.257705021E1,2.260950089E0
1.227162869E2,1.789950132E0,1.319505024E1,-3.405000210E0
1.227187306E2,2.050950050E0,1.508205032E1,-9.700500369E-1
1.227211740E2,3.211950064E0,1.138500023E1,1.624050021E0
1.227236174E2,1.077000022E0,1.082700062E1,-1.843950033E0
1.227260610E2,-3.610500097E-1,1.499505043E1,-1.906050086E0
1.227285045E2,2.791050196E0,1.119300079E1,3.729000092E0
1.227309481E2,4.012050152E0,7.405050278E0,-1.071000099E0
1.227333916E2,6.922950268E0,1.168905067E1,-1.424205112E1
1.227358352E2,7.021950245E0,1.041705036E1,-1.224705029E1
1.227382786E2,2.422049999E0,6.016950130E0,-7.068000317E0
1.227407223E2,7.351950169E0,1.255800056E1,-7.255050182E0
1.227431657E2,4.612950325E0,1.029105091E1,-7.705050468E0
1.227456093E2,-3.300000131E-1,7.710000515E0,4.806000233E0
1.227480528E2,-8.350500464E-1,1.279695034E1,7.660050392E0
1.227504964E2,1.759500057E-1,8.341950417E0,1.449000120E0
1.227529398E2,1.057050109E0,5.229000092E0,2.689500153E-1
1.227553835E2,1.957950115E0,1.086300087E1,2.230050087E0
1.227578268E2,9.471000671E0,9.153000832E0,2.151000023E0
1.227602703E2,4.555950165E0,5.674050331E0,-7.837050438E0
1.227627139E2,5.353050232E0,9.393000603E0,-9.850950241E0
1.227651574E2,4.821000099E0,9.028950691E0,-1.122300053E1
1.227676010E2,7.800000310E-1,5.823000431E0,-7.465950489E0
1.227700445E2,2.239950180E0,7.354950428E0,1.009500027E-1
1.227724881E2,7.663050175E0,9.108000755E0,-2.683950186E0
1.227749315E2,3.772950172E0,4.258950233E0,-6.361950397E0
1.227773751E2,3.163950205E0,6.268050194E0,3.529500067E-1
1.227798186E2,6.733950138E0,8.943000793E0,-2.365950108E0
1.227822620E2,5.760000229E0,4.459950447E0,-5.887950420E0
1.227847057E2,1.014000058E0,7.671000481E0,-6.180000305E-1
1.227871491E2,2.499000072E0,1.045800018E1,1.690500081E-1
1.227895927E2,5.932050228E0,7.591950417E0,-5.464050293E0
1.227920361E2,-2.749500275E-1,5.686050415E0,-6.025050163E0
1.227944797E2,9.810000658E-1,7.450950146E0,-1.843950033E0
1.227969232E2,6.739050388E0,3.061950207E0,-7.075950146E0
1.227993668E2,1.366050124E0,5.053950310E0,-6.757050514E0
1.228018103E2,6.784950256E0,6.574950218E0,-1.357950091E0
1.228042539E2,1.126905060E1,3.199050188E0,-8.074049950E0
1.228066974E2,1.270950079E0,4.852950096E0,-7.665000439E0
1.228091410E2,-5.959500074E-1,7.461000443E0,2.760000229E-1
1.228115844E2,7.627050400E0,4.860000134E0,-6.780000329E-1
1.228140280E2,4.963050365E0,2.674050093E0,-5.947950363E0
1.228164715E2,-3.589500189E-1,5.053950310E0,7.500000596E-1
1.228189151E2,9.129000664E0,7.710000515E0,1.188000083E0
1.228213586E2,8.494050026E0,7.489050388E0,-3.999000072E0
1.228238022E2,1.741950035E0,9.076950073E0,1.369500011E-1
1.228262456E2,3.330000162E0,1.326900101E1,4.618950367E0
1.228286890E2,3.169050217E0,1.206705093E1,-2.170050144E0
1.228311326E2,1.986000061E0,1.331505108E1,-1.212000012E0
1.228335761E2,4.936050415E0,1.317105103E1,-2.809500098E-1
1.228360197E2,1.117050052E0,9.868950844E0,-6.526950359E0
1.228384632E2,3.460500240E-1,7.903050423E0,-1.495050073E0
1.228409068E2,3.129000187E0,1.150005054E1,-3.678000212E0
1.228433503E2,5.182950020E0,9.840000153E0,-7.969050407E0
1.228457939E2,1.720950127E0,7.831950188E0,-4.642950058E0
1.228482373E2,1.183950067E0,1.232295036E1,9.490500689E-1
1.228506810E2,4.498050213E0,1.564200115E1,4.339500070E-1
1.228531244E2,2.719050169E0,9.784950256E0,2.689500153E-1
1.228555680E2,1.519950032E0,1.030500031E1,-2.437950134E0
1.228580115E2,2.068050146E0,1.648200035E1,1.686000109E0
1.228604551E2,5.160000324E-1,9.055050850E0,2.268000126E0
1.228628985E2,-3.160050154E0,1.083405018E1,-8.895000070E-2
1.228653420E2,-3.709050179E0,1.456905079E1,6.810000539E-1
1.228677856E2,-9.619500637E-1,1.031700039E1,3.901050091E0
1.228702290E2,2.430000156E-1,1.358505058E1,1.963950038E0
1.228726727E2,2.848050117E0,1.357095051E1,1.648050070E0
1.228751161E2,5.343000412E0,1.187595081E1,3.384000063E0
1.228775597E2,4.504950047E0,9.061950684E0,1.603050113E0
1.228800032E2,5.122950077E0,1.282800102E1,3.409950256E0
1.228824468E2,1.341900063E1,8.755949974E0,-2.236950159E0
1.228848903E2,4.204050064E0,6.862050533E0,-1.783305168E1
1.228873339E2,5.532000065E0,9.715950012E0,-1.960995102E1
1.228897774E2,5.776950359E0,9.478950500E0,-2.017995071E1
1.228922210E2,2.034000158E0,6.388050079E0,-1.020300007E1
1.228946644E2,8.230500221E-1,1.496400070E1,1.098000050E0
1.228971078E2,-2.029500157E-1,9.262950897E0,1.746000051E0
1.228995514E2,1.548000097E0,5.418000221E0,2.929050207E0
1.229019949E2,1.384950042E0,1.021395016E1,6.822000504E0
1.229044385E2,8.913000107E0,6.994050503E0,-7.429500222E-1
1.229068820E2,9.006000519E0,1.876950145E0,-7.477950573E0
1.229093256E2,2.194950104E0,7.650000572E0,-5.706000328E0
1.229117691E2,7.764000416E0,7.627950191E0,-5.713050365E0
1.229142127E2,7.821000576E0,4.189949989E0,-7.903950214E0
1.229166561E2,1.783050060E0,5.788950443E0,-8.266050339E0
1.229190997E2,9.447000504E0,6.153000355E0,-7.636050224E0
1.229215431E2,7.977000237E0,3.759000063E0,-8.067000389E0
1.229239868E2,4.036050320E0,5.860950470E0,-3.412050247E0
1.229264303E2,1.028700066E1,6.904950142E0,-1.165950060E0
1.229288737E2,8.254950523E0,5.124000072E0,-4.126049995E0
1.229313173E2,9.109500647E-1,6.394950390E0,1.060500070E-1
1.229337607E2,1.519950032E0,8.952000618E0,3.504000187E0
1.229362044E2,3.490050077E0,8.773050308E0,3.916050196E0
1.229386478E2,2.872050047E0,6.840000153E0,4.219500124E-1
1.229410914E2,5.319000244E0,1.076700020E1,-5.299500227E-1
1.229435349E2,8.956050873E0,1.107600021E1,-9.855000496E0
1.229459785E2,1.093050003E0,8.599950790E0,-4.710000038E0
1.229484220E2,9.040500522E-1,1.040295029E1,-6.400500536E-1
1.229508656E2,1.170000076E0,1.345800018E1,-5.529000282E0
1.229533090E2,4.759500325E-1,8.049000740E0,-1.000950098E0
1.229557527E2,1.800000109E-2,1.005405045E1,2.709000111E0
1.229581961E2,3.475950241E0,1.210095024E1,-4.438950062E0
1.229606397E2,4.300500154E-1,6.400050163E0,-5.067000389E0
1.229630831E2,-7.060500383E-1,8.200050354E0,1.381950021E0
1.229655266E2,1.387950063E0,1.079100037E1,3.267000198E0
1.229679702E2,1.717950106E0,4.879050255E0,5.010000467E-1
1.229704137E2,1.222950101E0,4.317000389E0,-2.857050180E0
1.229728573E2,3.435000181E0,1.204305077E1,2.970000029E0
1.229753007E2,5.656950474E0,1.048005009E1,2.431050062E0
1.229777444E2,1.989000082E0,6.523950100E0,-9.889500737E-1
1.229801878E2,4.504950047E0,1.105005074E1,3.270000219E-1
1.229826314E2,4.929000378E0,9.805050850E0,-4.588050365E0
1.229850749E2,2.346000195E0,1.002195072E1,-1.264950037E0
1.229875183E2,1.145805073E1,1.167195034E1,-6.558000088E0
1.229899620E2,7.459950447E0,1.160295010E1,-1.386105061E1
1.229924054E2,4.159500301E-1,1.024695015E1,-5.524050236E0
1.229948490E2,1.144050002E0,8.950050354E0,3.739500046E-1
1.229972924E2,3.342000246E0,1.102995014E1,-3.760050297E0
1.229997361E2,4.489500225E-1,5.491950035E0,-1.204950094E0
1.230021795E2,1.708950043E0,5.854050159E0,2.473950148E0
1.230046232E2,5.449050426E0,9.349950790E0,-5.107050419E0
1.230070666E2,3.004050255E0,4.378950119E0,-6.220950127E0
1.230095102E2,2.872050047E0,7.590000153E0,-1.159050107E0
1.230119537E2,5.437050343E0,8.844000816E0,-3.259050131E0
1.230143973E2,2.674050093E0,6.426000118E0,-2.674950123E0
1.230168408E2,1.942950130E0,1.310895061E1,1.306050062E0
1.230192844E2,6.696000099E0,9.108000755E0,-5.389950275E0
1.230217279E2,2.607000113E0,7.555950165E0,-9.489000320E0
1.230241715E2,-1.264050007E0,8.962050438E0,-5.224950314E0
1.230266149E2,6.283950329E0,5.611950397E0,-5.859000206E0
1.230290583E2,6.499950409E0,3.057000160E0,-1.017105007E1
1.230315019E2,2.820000172E0,7.504050255E0,-2.080950022E0
1.230339454E2,8.638050079E0,7.189950466E0,1.009500027E-1
1.230363890E2,7.749000549E0,7.444050312E0,-5.277000427E0
1.230388325E2,8.800500631E-1,8.092950821E0,-3.330000043E-1
1.230412761E2,3.210000038E0,9.484050751E0,-3.810000122E-1
1.230437195E2,4.740000248E0,6.376050472E0,-6.685050488E0
1.230461632E2,3.483000278E0,7.510950565E0,-2.610000134E0
1.230486066E2,1.184895039E1,9.187050819E0,-7.801050186E0
1.230510500E2,7.531950474E0,5.325000286E0,-1.199805069E1
1.230534936E2,1.132050037E0,8.896950722E0,-5.175000191E0
1.230559371E2,4.849950314E0,1.049400043E1,-1.461000085E0
1.230583808E2,7.936050415E0,8.811000824E0,-4.813050270E0
1.230608244E2,1.611000061E0,7.300050259E0,-4.618950367E0
1.230632678E2,1.402050018E0,1.017600060E1,1.950000077E-1
1.230657112E2,5.149050236E0,7.140000343E0,-6.616050243E0
1.230681549E2,1.360500008E-1,5.689050198E0,-7.903950214E0
1.230705983E2,-9.859500527E-1,4.824000359E0,-3.600000218E-2
1.230730419E2,4.656000137E0,1.501050115E0,-3.268950224E0
1.230754854E2,3.375000238E0,1.911000133E0,-2.503050089E0
1.230779290E2,5.760000229E0,5.679000378E0,2.091000080E0
1.230803725E2,9.768000603E0,5.848950386E0,-1.576050043E0
1.230828161E2,3.181050062E0,3.445050240E0,-2.050050020E0
1.230852595E2,-3.600000218E-2,7.381050587E0,1.998000145E0
1.230877032E2,5.400000215E-1,1.027395058E1,-1.510500014E-1
1.230901466E2,7.800000310E-1,3.342000246E0,-3.673050165E0
1.230925902E2,1.020000055E-1,4.255050182E0,2.011950016E0
1.230950336E2,5.077050209E0,8.361000061E0,-1.155000091E0
1.230974771E2,3.423000097E0,4.516050339E0,-4.497000217E0
1.230999207E2,3.078000069E0,6.301950455E0,-1.075950027E0
1.231023642E2,7.171950340E0,8.911050797E0,-6.010050297E0
1.231048078E2,4.596000195E0,7.695000172E0,-5.814000130E0
1.231072512E2,9.619500637E-1,1.152105045E1,-7.309500575E-1
1.231096948E2,6.964050293E0,1.537095070E1,-9.370500445E-1
1.231121383E2,6.322050095E0,1.117605019E1,-6.333000183E0
1.231145819E2,6.379500031E-1,8.076000214E0,-1.923000097E0
1.231170253E2,2.650050163E0,1.100595093E1,1.663050056E0
1.231194690E2,3.784950256E0,1.225095081E1,-6.409950256E0
1.231219124E2,1.486050129E0,7.204050541E0,-3.853050232E0
1.231243561E2,4.156050205E0,1.207200050E1,-1.240950108E0
1.231267995E2,8.500950813E0,1.180905056E1,-6.558000088E0
1.231292430E2,3.118950129E0,9.618000031E0,-5.320950031E0
1.231316866E2,3.564000130E0,1.363095093E1,-1.084950089E0
1.231341300E2,4.678050041E0,1.259595013E1,-5.436000347E0
1.231365736E2,1.788000107E0,1.014000034E1,-3.685050249E0
1.231390171E2,4.323000431E0,1.371195030E1,-3.960000277E-1
1.231414607E2,7.254000187E0,1.125300026E1,-8.184000015E0
1.231439042E2,2.182950020E0,6.796950340E0,-8.562000275E0
1.231463478E2,1.459950089E0,7.549050331E0,-7.549500465E-1
1.231487913E2,5.935050488E0,6.838050365E0,-5.332950115E0
1.231512349E2,5.113050461E0,3.787950277E0,-7.870050430E0
1.231536783E2,1.845000029E0,5.416050434E0,-2.251049995E0
1.231561219E2,6.094950199E0,7.566000462E0,3.240000010E-1
1.231585653E2,5.944050312E0,3.603000164E0,-4.210050106E0
1.231610088E2,8.805000782E-2,4.243050098E0,-1.674000025E0
1.231634524E2,1.639050126E0,7.374000549E0,3.264000177E0
1.231658959E2,4.744950294E0,3.421050072E0,-2.871000051E0
1.231683395E2,1.438050032E0,5.593050480E0,-2.485950232E0
1.231707830E2,7.081050396E0,8.305950165E0,-7.090500593E-1
1.231732266E2,7.539000511E0,4.093950272E0,-7.102050304E0
1.231756700E2,-1.762050033E0,8.911050797E0,-5.610000134E0
1.231781136E2,3.799500167E-1,9.514950752E0,4.447050095E0
1.231805571E2,2.926950216E0,7.657050133E0,3.120000064E-1
1.231830005E2,1.390050054E0,9.541050911E0,-1.590000093E-1
1.231854441E2,1.266000032E0,1.162905025E1,2.440950155E0
1.231878876E2,2.425050020E0,1.408995056E1,2.031000137E0
1.231903313E2,3.247950077E0,1.161705017E1,2.553000212E0
1.231927746E2,1.339950085E0,1.142100048E1,-2.589000225E0
1.231952183E2,3.112050056E0,1.646505165E1,-7.309500575E-1
1.231976617E2,6.310950279E0,1.467000103E1,-3.289950132E0
1.232001053E2,6.958950520E0,1.574505043E1,-5.128950119E0
1.232025488E2,9.463950157E0,1.629300117E1,-1.260405064E1
1.232049924E2,2.664000034E0,1.405395031E1,-1.332900047E1
1.232074359E2,3.270000219E-1,1.198305035E1,-5.115000248E0
1.232098795E2,4.282950401E0,1.411695099E1,-3.079950094E0
1.232123230E2,3.976050138E0,1.348005104E1,-5.127000332E0
1.232147664E2,1.591050029E0,6.450000286E0,-1.213950038E0
1.232172099E2,4.522050381E0,8.722050667E0,9.229500294E-1
1.232196534E2,4.903050423E0,9.108000755E0,-3.778950214E0
1.232220971E2,1.921950102E0,6.069000244E0,-3.625050068E0
1.232245405E2,3.883050203E0,1.069305038E1,-6.180000305E-1
1.232269841E2,1.651050091E0,7.627950191E0,8.290500641E-1
1.232294276E2,1.576950073E0,7.594950199E0,4.227000237E0
1.232318712E2,1.840500087E-1,1.469400024E1,4.713000298E0
1.232343146E2,5.785950184E0,7.441050529E0,-1.072950006E0
1.232367583E2,8.539500237E-1,4.980000019E0,-4.783950329E0
1.232392017E2,5.359500051E-1,7.717050552E0,-4.504050255E0
1.232416453E2,7.480950356E0,4.731000423E0,-8.883000374E0
1.232440888E2,3.330000162E0,3.754050255E0,-7.456050396E0
1.232465322E2,1.387950063E0,8.171999931E0,3.372000217E0
1.232489758E2,6.310950279E0,1.001505089E1,1.432950020E0
1.232514195E2,3.562050104E0,7.591950417E0,-1.260000110E0
1.232538629E2,1.260000020E-1,1.019505024E1,1.867950082E0
1.232563063E2,5.980500579E-1,9.610950470E0,-1.399050117E0
1.232587499E2,-1.600500047E-1,7.044000149E0,-2.814000130E0
1.232611934E2,2.749500275E-1,1.013505077E1,6.310500503E-1
1.232636370E2,5.025000095E0,9.952950478E0,-4.461000443E0
1.232660805E2,2.128050089E0,5.823000431E0,-7.309950352E0
1.232685241E2,3.130500019E-1,6.646050453E0,9.900000691E-2
1.232709676E2,5.614050388E0,1.025505066E1,-2.256000042E0
1.232734112E2,4.144050121E0,4.468050003E0,-6.877050400E0
1.232758547E2,3.220050097E0,5.346000195E0,-3.283050060E0
1.232782983E2,7.579050541E0,9.520050049E0,-3.520050049E0
1.232807417E2,6.243000507E0,5.373000145E0,-9.915000916E0
1.232831851E2,1.318050027E0,5.338950157E0,-7.537950516E0
1.232856287E2,3.223950148E0,6.631950378E0,-1.401000023E0
1.232880722E2,5.212050438E0,3.199050188E0,-6.348000526E0
1.232905158E2,4.471950054E0,6.453000069E0,-4.549500346E-1
1.232929593E2,9.552000046E0,6.895050526E0,4.510500133E-1
1.232954029E2,8.374050140E0,6.028950214E0,-6.786000252E0
1.232978464E2,-1.728000045E0,9.277950287E0,-6.469950199E0
1.233002900E2,-5.340000391E-1,8.844000816E0,-5.035950184E0
1.233027335E2,7.033950329E0,5.461050034E0,-8.296950340E0
1.233051771E2,9.499500394E-1,6.184050083E0,-7.216950417E0
1.233076205E2,3.721950293E0,7.777050495E0,1.212000012E0
1.233100641E2,9.535950661E0,8.029950142E0,-5.970000029E-1
1.233125075E2,5.506050110E0,7.033950329E0,-4.000500143E-1
1.233149510E2,1.054949999E0,9.661050797E0,4.279950142E0
1.233173946E2,4.879050255E0,8.690999985E0,2.304000139E0
1.233198381E2,3.301050186E0,8.914050102E0,-1.614000082E0
1.233222817E2,5.683050156E0,1.429395103E1,-6.160500050E-1
1.233247251E2,6.832050323E0,1.247895050E1,-9.384000778E0
1.233271688E2,6.460500360E-1,1.042695045E1,-4.423050404E0
1.233296122E2,1.342050076E0,9.888000488E0,2.758950233E0
1.233320556E2,1.618050098E0,1.314195061E1,1.596000075E0
1.233344993E2,7.800000310E-1,9.321000099E0,-3.433950186E0
1.233369427E2,-1.270950079E0,5.490000248E0,-1.726950049E0
1.233393864E2,-4.374000072E0,1.293105030E1,-7.695000619E-2
1.233418300E2,1.053000093E0,6.120000362E0,3.673950195E0
1.233442734E2,1.120500043E-1,7.654050350E0,-3.790950298E0
1.233467168E2,4.630050182E0,7.288050175E0,-8.506950378E0
1.233491605E2,5.185050011E0,1.426950097E0,-1.087305069E1
1.233516039E2,6.757950306E0,5.739000320E0,-8.086050034E0
1.233540475E2,7.326000214E0,7.744950294E0,-1.062600040E1
1.233564910E2,4.306950092E0,1.650000095E0,-8.140950203E0
1.233589346E2,-1.326000094E0,3.927000284E0,5.400000215E-1
1.233613781E2,1.860000134E0,4.361999989E0,6.130050182E0
1.233638217E2,6.097050190E0,2.770050049E0,-3.210000098E-1
1.233662652E2,4.761000156E0,1.435950041E0,-1.270500124E-1
1.233687088E2,7.294950485E0,8.251049995E0,3.501000166E0
1.233711522E2,7.873950481E0,4.294950008E0,-3.826950073E0
1.233735958E2,2.282999992E0,8.326950073E0,-7.602000237E0
1.233760392E2,2.920050144E0,1.092705059E1,-7.819950581E0
1.233784827E2,6.804000378E0,6.775950432E0,-1.054995060E1
1.233809263E2,4.705950260E0,8.181000710E0,-9.694950104E0
1.233833697E2,7.624950409E0,1.095105076E1,-9.600000083E-2
1.233858134E2,1.147500038E1,9.678000450E0,-3.232950211E0
1.233882568E2,4.294950008E0,7.558950424E0,-3.618000269E0
1.233907004E2,1.306050062E0,1.265895081E1,4.276950359E0
1.233931439E2,5.632950306E0,1.239300060E1,-4.092000008E0
1.233955875E2,2.374050140E0,8.832000732E0,-3.441000223E0
1.233980309E2,2.700000048E0,1.180605030E1,7.789500356E-1
1.234004746E2,5.959050179E0,1.337895107E1,-4.677000046E0
1.234029180E2,3.379950047E0,1.152795029E1,-3.445950270E0
1.234053616E2,3.271950245E0,1.355205059E1,-2.457000017E0
1.234078051E2,5.815050125E0,1.287405014E1,-6.252000332E0
1.234102485E2,2.391000032E0,1.225095081E1,-6.381000519E0
1.234126921E2,1.158000112E0,1.438500023E1,-2.020500153E-1
1.234151356E2,4.465050220E0,1.522500038E1,-3.927000284E0
1.234175792E2,2.743050098E0,1.115505028E1,-5.389950275E0
1.234200227E2,4.279500246E-1,1.028295040E1,-3.405000269E-2
1.234224663E2,4.543950081E0,1.124595070E1,-2.653050184E0
1.234249098E2,4.114950180E0,7.237950325E0,-5.467050076E0
1.234273534E2,3.034950256E0,4.858050346E0,-1.642950058E0
1.234297968E2,9.924000740E0,7.956000328E0,-1.473000050E0
1.234322404E2,6.799050331E0,6.247050285E0,-5.923950195E0
1.234346839E2,1.242000103E0,6.844950199E0,-1.762950063E0
1.234371275E2,5.929950237E0,1.069500065E1,1.057050109E0
1.234395709E2,4.819050312E0,8.131050110E0,-2.614950180E0
1.234420144E2,2.992050171E0,1.079595089E1,1.227000117E0
1.234444580E2,8.592000008E0,1.422705078E1,-2.625000238E0
1.234469014E2,6.363000393E0,1.013700008E1,-9.819000244E0
1.234493451E2,-3.330000043E-1,1.164300060E1,-3.345000267E0
1.234517885E2,2.869500220E-1,9.358950615E0,-7.759500146E-1
1.234542321E2,5.056050301E0,8.418000221E0,-8.713050842E0
1.234566756E2,2.317050219E0,4.891050339E0,-7.353000164E0
1.234591190E2,3.679050207E0,6.997950554E0,-3.610950232E0
1.234615627E2,8.068050385E0,6.274950504E0,-6.502950191E0
1.234640061E2,1.945950150E0,4.069950104E0,-5.803950310E0
1.234664497E2,8.539500237E-1,4.887000084E0,-1.837050080E0
1.234688933E2,1.002000093E0,5.188050270E0,-3.748050213E0
1.234713367E2,1.279500127E-1,2.533050060E0,-2.062050104E0
1.234737802E2,2.973000050E0,5.872950077E0,3.951000214E0
1.234762238E2,5.106000423E0,5.382000446E0,2.125050068E0
1.234786673E2,3.403950214E0,2.433000088E0,3.220500052E-1
1.234811109E2,2.508000135E0,8.545050621E0,1.327050090E0
1.234835543E2,9.073950768E0,7.848000526E0,3.979500234E-1
1.234859979E2,1.034700012E1,4.507950306E0,-5.098050117E0
1.234884414E2,9.021000862E0,8.440050125E0,-1.206795025E1
1.234908850E2,7.993950367E0,1.418100071E1,-1.308495045E1
1.234933284E2,1.836000085E0,1.336995029E1,-6.193950176E0
1.234957718E2,1.930500120E-1,1.276095104E1,6.382050514E0
1.234982155E2,1.065000057E0,1.443705082E1,6.006000519E0
1.235006592E2,3.022950172E0,1.510800076E1,-9.250500202E-1
1.235031025E2,1.522050023E0,1.231905079E1,-1.059000015E0
1.235055460E2,4.635000229E0,1.470300102E1,4.344000340E0
1.235079896E2,7.753950596E0,1.102095032E1,-8.443050385E0
1.235104331E2,8.640000224E-1,5.856000423E0,-1.237695026E1
1.235128767E2,7.390050411E0,8.473050117E0,-1.752195168E1
1.235153201E2,6.508950233E0,1.187805080E1,-1.706204987E1
1.235177638E2,9.709500670E-1,4.753050327E0,-9.098999977E0
1.235202072E2,1.584000111E0,9.690000534E0,4.969500303E-1
1.235226508E2,-3.514950275E0,1.450200081E1,2.632050037E0
1.235250942E2,-2.691000223E0,4.117949963E0,1.392000079E0
1.235275377E2,-3.780000210E-1,2.674050093E0,5.137050152E0
1.235299813E2,-1.339500099E-1,1.999050140E0,1.408950090E0
1.235324248E2,6.220500469E-1,2.169000149E0,-5.340000391E-1
1.235348684E2,5.809500217E-1,6.862050533E0,2.019000053E0
1.235373118E2,2.077050209E0,4.305000305E0,8.416950226E0
1.235397554E2,3.354000092E0,5.017950058E0,2.935950041E0
1.235421989E2,3.603000164E0,8.590950012E0,1.311000109E0
1.235446425E2,4.326000214E0,9.085950851E0,3.274050236E0
1.235470860E2,2.784000158E0,6.045000076E0,1.654950023E0
1.235495296E2,1.891050100E0,8.437050819E0,6.550500393E-1
1.235519731E2,2.383949995E0,1.606995010E1,-1.990500093E-1
1.235544164E2,2.961000204E0,1.350105095E1,9.252000809E0
1.235568601E2,1.620000124E0,7.048950195E0,1.006950021E0
1.235593035E2,2.082705116E1,8.464050293E0,-8.175000191E0
1.235617471E2,1.372605038E1,5.125950336E0,-3.147600174E1
1.235641906E2,7.606050491E0,9.040950775E0,-2.899305153E1
1.235666342E2,6.696000099E0,1.106595039E1,-2.466900063E1
1.235690777E2,2.113049984E0,5.995050430E0,-1.734000015E1
1.235715213E2,1.941000104E0,6.325950146E0,2.596050024E0
1.235739648E2,2.511000156E0,1.162695026E1,8.248950005E0
1.235764084E2,2.731050014E0,7.437000275E0,2.185050011E0
1.235788518E2,-6.900000572E-2,1.422000051E0,3.472950220E0
1.235812955E2,-1.261950016E0,8.665050507E0,1.411050081E0
1.235837389E2,-2.686050177E0,7.369950294E0,5.833050251E0
1.235861823E2,-6.270000339E-1,2.029500157E-1,4.618950367E0
1.235886259E2,3.990000188E-1,6.412050247E0,3.528000116E0
1.235910694E2,6.193050385E0,5.430000305E0,2.407050133E0
1.235935130E2,9.394050598E0,2.523000002E0,-5.017050266E0
1.235959567E2,1.208100033E1,5.776950359E0,-4.497000217E0
1.235984001E2,1.416600037E1,7.300050259E0,-1.697400093E1
1.236008436E2,6.286950111E0,5.863950253E0,-2.292105103E1
1.236032872E2,9.930000305E-1,7.216050148E0,-1.368405056E1
1.236057306E2,1.600500047E-1,7.747950554E0,-2.244000196E0
1.236081740E2,1.999500096E-1,7.249950409E0,6.364950180E0
1.236106177E2,2.026950121E0,1.310895061E1,4.330049992E0
1.236130613E2,4.560000420E0,1.650405121E1,4.665000439E0
1.236155048E2,3.691050291E0,9.796950340E0,2.692050219E0
1.236179482E2,3.058950186E0,1.035300064E1,-3.618000269E0
1.236203918E2,5.731050491E0,1.181295013E1,-4.650000334E-1
1.236228352E2,4.536000252E0,1.107105064E1,1.308000088E0
1.236252789E2,2.431950092E0,1.243095016E1,-5.158050060E0
1.236277223E2,3.217050076E0,1.417395115E1,4.770000458E0
1.236301659E2,3.226950169E0,8.191050529E0,-1.810950041E0
1.236326094E2,3.540000021E-1,6.402000427E0,-4.320000172E0
1.236350530E2,2.671050072E0,9.172050476E0,-8.304000854E0
1.236374965E2,1.792950034E0,8.590950012E0,-8.479050636E0
1.236399401E2,-5.290500522E-1,2.089950085E0,-8.170500398E-1
1.236423836E2,6.670500040E-1,4.384050369E0,4.144950390E0
1.236448272E2,7.219500542E-1,5.610000134E0,4.548000336E0
1.236472706E2,-2.869500220E-1,2.014050007E0,-7.639500499E-1
1.236497140E2,1.402050018E0,4.032000065E0,3.139950037E0
1.236521576E2,2.314050198E0,2.571000099E0,5.989500284E-1
1.236546011E2,2.559000015E0,3.220050097E0,-1.204950094E0
1.236570447E2,4.117050171E0,1.178205013E1,7.138050556E0
1.236594882E2,4.210950375E0,8.196000099E0,-2.947950125E0
1.236619318E2,9.705000371E-2,2.338950157E0,-2.397000074E0
1.236643753E2,5.797950268E0,7.348050117E0,1.938000083E0
1.236668189E2,6.745950222E0,8.433000565E0,-6.264000416E0
1.236692623E2,1.728000045E0,5.482950211E0,-1.035300064E1
1.236717059E2,3.496950150E0,9.301950455E0,-1.228800011E1
1.236741494E2,9.883050919E0,6.574950218E0,-1.273995018E1
1.236765928E2,1.333050013E0,6.322950363E0,-1.047300053E1
1.236790365E2,2.640000105E0,8.659950256E0,-3.364050150E0
1.236814799E2,5.077050209E0,5.964000225E0,-4.509000301E0
1.236839235E2,1.455000043E0,6.526950359E0,-2.019000053E0
1.236863669E2,4.359000206E0,1.150905037E1,4.738950253E0
1.236888106E2,6.406050205E0,1.082400036E1,6.259500384E-1
1.236912540E2,1.876050115E0,8.619000435E0,1.279500127E-1
1.236936976E2,-2.490000129E-1,1.226595020E1,2.380950212E0
1.236961411E2,1.623000026E0,1.379295063E1,-4.309500158E-1
1.236985847E2,9.979500771E-1,9.414000511E0,-3.786000252E0
1.237010282E2,5.790000558E-1,1.069305038E1,1.147950053E0
1.237034716E2,2.401050091E0,1.452405071E1,-3.160950184E0
1.237059152E2,2.395950079E0,1.259100056E1,-6.112950325E0
1.237083586E2,2.824050188E0,1.217505074E1,-1.581000090E0
1.237108023E2,4.660950184E0,1.184700012E1,-6.918000221E0
1.237132457E2,1.768950105E0,1.161495018E1,-6.669000149E0
1.237156893E2,3.157050133E0,1.349205017E1,-1.633050084E0
1.237181328E2,7.813950539E0,1.243605042E1,-6.184950352E0
1.237205764E2,4.465050220E0,1.006995010E1,-9.517950058E0
1.237230199E2,1.941000104E0,8.325000763E0,-2.854050159E0
1.237254635E2,6.555000305E0,8.113950729E0,-3.084000111E0
1.237279069E2,8.212050438E0,6.132000446E0,-8.361000061E0
1.237303506E2,5.020050049E0,2.590950012E0,-9.440999985E0
1.237327939E2,6.184050083E0,8.277000427E0,-4.759950161E0
1.237352376E2,6.925950527E0,6.523950100E0,-6.466950417E0
1.237376810E2,1.030950069E0,5.959050179E0,-1.645050049E0
1.237401247E2,2.809950113E0,7.951050282E0,3.805050135E0
1.237425681E2,6.430500150E-1,8.133000374E0,7.840500474E-1
1.237450115E2,5.740500093E-1,3.766050100E0,2.481000185E0
1.237474551E2,4.924050331E0,8.950050354E0,5.256000042E0
1.237498986E2,7.596000195E0,5.965950489E0,-1.698000073E0
1.237523420E2,2.607000113E0,5.445000172E0,-7.380000114E0
1.237547857E2,-5.100000501E-1,8.485050201E0,-2.758950233E0
1.237572293E2,4.869000435E0,6.675000191E0,-4.405950069E0
1.237596728E2,2.584950209E0,3.903000116E0,-3.115050077E0
1.237621164E2,-7.039500475E-1,9.192000389E0,2.967000246E0
1.237645598E2,2.082000017E0,1.070205021E1,4.186050415E0
1.237670032E2,3.946950197E0,1.063995075E1,9.250500202E-1
1.237694468E2,2.068050146E0,1.000605011E1,-2.134050131E0
1.237718903E2,6.447000504E0,1.059195042E1,-1.399050117E0
1.237743339E2,3.463950157E0,8.908950806E0,-5.347050190E0
1.237767774E2,5.298000336E0,1.192095089E1,-1.552050114E0
1.237792210E2,1.198305035E1,1.304205036E1,-1.080105019E1
1.237816644E2,5.046000004E0,9.565050125E0,-9.166050911E0
1.237841081E2,-2.179500163E-1,1.010100079E1,-1.552050114E0
1.237865515E2,3.931050301E0,1.239495087E1,-2.632050037E0
1.237889951E2,4.374000072E0,9.715950012E0,-6.211050510E0
1.237914386E2,1.564950109E0,8.466000557E0,-1.990050077E0
1.237938820E2,7.026000500E0,1.256805038E1,-1.810950041E0
1.237963256E2,5.494050026E0,1.108305073E1,-5.887950420E0
1.237987691E2,1.885950089E0,9.702000618E0,-2.827950239E0
1.238012128E2,4.144050121E0,1.118100071E1,-1.111050010E0
1.238036561E2,3.090000153E0,8.155050278E0,-4.791000366E0
1.238060998E2,1.872000098E0,9.205950737E0,1.063950062E0
1.238085432E2,8.314949989E0,1.283295059E1,1.009050012E0
1.238109868E2,5.536950111E0,9.109950066E0,-6.156000137E0
1.238134302E2,9.000000544E-3,9.292050362E0,-2.682000160E0
1.238158739E2,2.959500253E-1,9.180000305E0,3.480000198E-1
1.238183173E2,1.942950130E0,7.281000137E0,-3.601050138E0
1.238207610E2,3.850500286E-1,3.376050234E0,-3.736050129E0
1.238232045E2,7.770000100E-1,4.444050312E0,-1.369500011E-1
1.238256478E2,4.363950253E0,9.520050049E0,-2.167050123E0
1.238280914E2,1.773000121E0,6.121950150E0,-4.939500093E-1
1.238305349E2,1.516950130E0,5.605050087E0,9.229500294E-1
1.238329785E2,4.339950085E0,8.416049957E0,-1.552050114E0
1.238354220E2,1.464000106E0,5.320050240E0,-3.690000176E-1
1.238378656E2,2.452950001E0,1.056795025E1,2.239950180E0
1.238403090E2,8.080050468E0,1.188000011E1,-1.219050050E0
1.238427527E2,7.920000553E-1,3.679950237E0,-3.682950258E0
1.238451961E2,5.569500327E-1,8.035050392E0,9.540000558E-1
1.238476395E2,5.041950226E0,7.321950436E0,-9.156000137E0
1.238500832E2,3.274950266E0,4.092000008E0,-1.043700027E1
1.238525268E2,1.555050015E0,6.345000267E0,-3.010050058E0
1.238549702E2,8.845950127E0,1.049400043E1,-2.316000223E0
1.238574137E2,4.692000389E0,7.237950325E0,-6.244950294E0
1.238598573E2,1.546050072E0,9.388050079E0,-1.827000141E0
1.238623007E2,5.395950317E0,9.556050301E0,-6.613050461E0
1.238647443E2,3.744000196E0,5.428050041E0,-1.139505100E1
1.238671878E2,9.229500294E-1,9.457050323E0,-7.372050285E0
1.238696314E2,6.627000332E0,8.479949951E0,-6.168000221E0
1.238720749E2,5.968050480E0,5.313000202E0,-9.841050148E0
1.238745185E2,6.820500493E-1,7.504050255E0,-5.718000412E0
1.238769620E2,7.675050259E0,7.798050404E0,-1.225950003E0
1.238794054E2,1.192005062E1,2.815950155E0,-5.112000465E0
1.238818491E2,4.620000362E0,6.364050388E0,-4.315050125E0
1.238842927E2,8.233050346E0,7.984950542E0,-9.319500327E-1
1.238867361E2,7.510050297E0,6.382950306E0,-5.440050125E0
1.238891795E2,8.710500598E-1,8.671950340E0,-2.932950258E0
1.238916231E2,4.756950378E0,8.148000717E0,7.950000465E-3
1.238940666E2,6.852000237E0,8.152050018E0,-3.778950214E0
1.238965102E2,4.266000271E0,1.044600010E1,-2.335050106E0
1.238989537E2,8.947050095E0,1.487100029E1,1.936050057E0
1.239013973E2,6.808950424E0,1.199295044E1,-5.922000408E0
1.239038408E2,1.756950140E0,1.060395050E1,-2.385000229E0
1.239062841E2,2.944050074E0,1.486605072E1,2.149049997E0
1.239087278E2,3.981000185E0,1.565100098E1,-3.433950186E0
1.239111712E2,2.788950205E0,1.180605030E1,-6.970500350E-1
1.239136148E2,4.110000134E-1,1.211700058E1,-1.495050073E0
1.239160583E2,1.314000010E0,1.697504997E1,1.106999993E0
1.239185019E2,2.500950098E0,1.456200027E1,-2.610000074E-1
1.239209454E2,6.619500518E-1,1.451400089E1,-3.763950109E0
1.239233890E2,2.287950039E0,1.407105064E1,1.804050088E0
1.239258325E2,1.407000065E0,1.013295078E1,-3.043950081E0
1.239282761E2,-6.580500603E-1,1.139700031E1,-5.389950275E0
1.239307195E2,6.670500040E-1,1.506000042E1,3.619050264E0
1.239331631E2,7.369500399E-1,5.362950325E0,3.951000214E0
1.239356066E2,-7.800000310E-1,1.165950060E0,-5.680500269E-1
1.239380500E2,-3.984000206E0,6.984000206E0,-6.060000062E-1
1.239404936E2,1.153050065E0,2.389050007E0,8.220000267E-1
1.239429371E2,4.227000237E0,4.369050026E0,-2.875950098E0
1.239453808E2,1.239900017E1,7.876950264E0,-7.176000118E0
1.239478242E2,1.108695030E1,4.009950161E0,-1.307805061E1
1.239502678E2,4.134000301E0,8.950050354E0,-8.208000183E0
1.239527113E2,5.877000332E0,1.187100029E1,-9.994050026E0
1.239551549E2,4.572000027E0,5.590950489E0,-1.035795021E1
1.239575983E2,1.263000011E0,1.099695015E1,-3.562950134E0
1.239600419E2,8.082000732E0,9.358950615E0,-2.062050104E0
1.239624854E2,9.109050751E0,5.449050426E0,-3.939000130E0
1.239649290E2,3.969000101E0,7.762050152E0,2.929500043E-1
1.239673725E2,7.162950516E0,7.342950344E0,3.000000026E-3
1.239698159E2,1.107300091E1,4.882050037E0,-7.450950146E0
1.239722595E2,2.358000040E0,3.108000040E0,-7.072950363E0
1.239747029E2,4.156050205E0,8.029950142E0,-4.024950027E0
1.239771465E2,1.029900074E1,5.851950169E0,-6.625050545E0
1.239795900E2,1.432950020E0,6.763950348E0,-8.815950394E0
1.239820336E2,4.507950306E0,9.049950600E0,-3.223050117E0
1.239844771E2,6.390000343E0,7.422000408E0,-1.902000070E0
1.239869205E2,1.927050114E0,1.075695038E1,-1.699500084E-1
1.239893641E2,5.142000198E0,1.264395046E1,9.730500579E-1
1.239918078E2,6.957000256E0,1.040295029E1,-4.791000366E0
1.239942512E2,6.070500016E-1,1.164300060E1,-9.889500737E-1
1.239966946E2,-1.804950118E0,1.091295052E1,3.967950106E0
1.239991382E2,9.829500318E-1,1.150695038E1,6.640500426E-1
1.240015817E2,2.908050060E0,9.880950928E0,1.879500151E-1
1.240040253E2,1.315950036E0,1.090305042E1,1.849500090E-1
1.240064688E2,6.763050556E0,1.318995094E1,-3.168000221E0
1.240089124E2,3.145050049E0,1.072200012E1,-5.203050137E0
1.240113558E2,4.096050262E0,1.238595104E1,-5.245950222E0
1.240137994E2,4.180050373E0,1.227300072E1,-8.557950020E0
1.240162429E2,1.515000105E0,1.119600010E1,-4.927950382E0
1.240186863E2,1.239000082E0,1.178505039E1,-8.170500398E-1
1.240211300E2,4.687050343E0,1.320405102E1,-5.281950474E0
1.240235736E2,2.959050179E0,9.661050797E0,-5.971950054E0
1.240260171E2,9.589500427E-1,4.425000191E0,-1.339050055E0
1.240284604E2,4.491000175E0,5.526000500E0,-3.436050177E0
1.240309041E2,2.656950235E0,1.666050076E0,-5.799000263E0
1.240333475E2,3.544950247E0,4.942050457E0,-2.233950138E0
1.240357911E2,6.306000233E0,5.818050385E0,-1.777050138E0
1.240382346E2,2.113049984E0,3.430950165E0,-1.440000087E-1
1.240406782E2,-8.110500574E-1,6.541050434E0,3.516000271E0
1.240431217E2,-4.500000179E-2,6.037950516E0,1.339050055E0
1.240455653E2,1.552950025E0,1.992000103E0,-6.277950287E0
1.240480087E2,5.500500202E-1,5.559000492E0,-2.353950024E0
1.240504521E2,7.519950390E0,6.037950516E0,-9.439500570E-1
1.240528958E2,4.194000244E0,2.707950115E0,-9.484050751E0
1.240553394E2,-1.326000094E0,8.204999924E0,-7.429500222E-1
1.240577828E2,5.038950443E0,7.420050144E0,1.729500145E-1
1.240602263E2,8.485050201E0,3.352050066E0,-7.428000450E0
1.240626699E2,2.014950037E0,7.252050400E0,-2.989050150E0
1.240651134E2,6.406050205E0,7.300050259E0,2.260500044E-1
1.240675570E2,1.036905003E1,4.762050152E0,-8.359050751E0
1.240700004E2,1.306050062E0,5.911050320E0,-9.040950775E0
1.240724440E2,4.519950390E0,7.534950256E0,-5.869050503E0
1.240748875E2,9.493050575E0,2.674050093E0,-1.014705086E1
1.240773311E2,2.395950079E0,6.450000286E0,-6.004950523E0
1.240797745E2,7.611000538E0,7.882050514E0,-1.008000016E0
1.240822180E2,8.381999969E0,7.438950539E0,-4.753050327E0
1.240846616E2,-1.225950003E0,8.374950409E0,-3.442950249E0
1.240871053E2,-5.479500294E-1,9.249000549E0,6.790500283E-1
1.240895486E2,8.034000397E0,6.036000252E0,-2.542950153E0
1.240919921E2,3.001950026E0,4.405050278E0,-7.557000160E0
1.240944357E2,1.591050029E0,7.846050262E0,1.891950130E0
1.240968792E2,7.723050594E0,6.475950241E0,-3.304950237E0
1.240993228E2,2.803050041E0,7.792950153E0,-4.213950157E0
1.241017663E2,-9.259500504E-1,8.863950729E0,3.871950150E0
1.241042099E2,8.850000501E-1,8.100000381E0,1.663050056E0
1.241066534E2,2.343000174E0,9.330000877E0,-6.610500216E-1
1.241090967E2,2.890950203E0,1.150695038E1,1.584000111E0
1.241115404E2,8.416950226E0,1.075305080E1,-4.104000092E0
1.241139838E2,2.587050200E0,6.727950096E0,-5.986050129E0
1.241164274E2,1.507950068E0,8.338950157E0,1.110000089E-1
1.241188709E2,2.781000137E0,1.191105080E1,-1.320000052E0
1.241213145E2,3.139950037E0,9.357000351E0,-3.075000048E0
1.241237580E2,3.850500286E-1,6.766050339E0,-4.549500346E-1
1.241262016E2,1.480500102E-1,1.129395008E1,1.090500057E-1
1.241286450E2,4.147950172E0,1.189500046E1,1.737000108E0
1.241310887E2,1.402050018E0,7.437000275E0,-1.843950033E0
1.241335321E2,4.318050385E0,7.039050102E0,-7.639500499E-1
1.241359757E2,3.619050264E0,6.100950241E0,-5.695950508E0
1.241384191E2,3.246000051E0,7.378950119E0,-2.514000177E0
1.241408626E2,8.836950302E0,8.554950714E0,-4.534950256E0
1.241433062E2,5.959050179E0,6.121950150E0,-8.517000198E0
1.241457497E2,1.069500074E-1,5.658000469E0,-2.176950216E0
1.241481933E2,9.259500504E-1,7.069950104E0,1.615050077E0
1.241506367E2,9.379500151E-1,7.528050423E0,-1.228950024E0
1.241530803E2,-8.809500337E-1,2.586000204E0,-9.150000215E-1
1.241555238E2,2.650050163E0,7.197000504E0,5.505000114E0
1.241579674E2,6.897000313E0,5.968950272E0,-5.529000282E0
1.241604109E2,4.848000050E0,5.842050076E0,-4.894050121E0
1.241628545E2,3.223950148E0,1.050795078E1,-1.537950039E0
1.241652980E2,5.298000336E0,8.157000542E0,-5.175000191E0
1.241677413E2,1.651050091E0,9.180000305E0,-2.941050053E0
1.241701849E2,6.058950424E0,1.356600094E1,1.525950074E0
1.241726284E2,9.958950043E0,9.354000092E0,-7.195050240E0
1.241750720E2,1.807050109E0,8.968950272E0,-5.088000298E0
1.241775155E2,1.255950093E0,1.369500065E1,-6.589500308E-1
1.241799591E2,4.897950172E0,1.073595047E1,-6.898050308E0
1.241824026E2,2.365050077E0,9.739950180E0,-6.333000183E0
1.241848462E2,2.499000072E0,1.215600014E1,-2.779500186E-1
1.241872896E2,6.508950233E0,1.253400040E1,-3.637050152E0
1.241897333E2,4.429050446E0,1.199505043E1,-5.661000252E0
1.241921767E2,2.596950054E0,1.363500023E1,-1.798950076E0
1.241946204E2,3.279000044E0,1.097805023E1,-4.309950352E0
1.241970637E2,1.993950129E0,8.713050842E0,-4.401000023E0
1.241995072E2,1.512000084E0,1.150905037E1,-2.610000074E-1
1.242019508E2,7.462050438E0,1.201695061E1,-5.395050049E0
1.242043943E2,4.159950256E0,8.373000145E0,-5.967000484E0
1.242068379E2,8.950500488E-1,7.875000477E0,1.038000107E0
1.242092814E2,2.745000124E0,9.915000916E0,1.987950087E0
1.242117250E2,2.314050198E0,6.438000202E0,-1.162050009E0
1.242141684E2,1.480500102E-1,2.871000051E0,2.042999983E0
1.242166120E2,3.028050184E0,7.852950573E0,3.481950283E0
1.242190554E2,3.820050240E0,5.859000206E0,-4.036950111E0
1.242214991E2,1.194000006E0,3.531000137E0,-2.983950138E0
1.242239425E2,2.190000057E0,6.840000153E0,-3.120000064E-1
1.242263862E2,2.182950020E0,5.464050293E0,-2.317950010E0
1.242288296E2,-1.650000066E-1,6.742050171E0,-5.080500245E-1
1.242312730E2,2.365050077E0,1.179195023E1,2.260950089E0
1.242337167E2,5.656950474E0,7.153950214E0,-3.442950249E0
1.242361601E2,7.200000286E-1,4.645050049E0,-4.650000095E0
1.242386037E2,4.065000057E0,7.401000500E0,-4.042050362E0
1.242410472E2,6.379950523E0,4.828950405E0,-6.601950169E0
1.242434908E2,1.486050129E0,2.779950142E0,-5.452050209E0
1.242459343E2,2.419950008E0,5.466000080E0,1.224000096E0
1.242483777E2,5.929950237E0,5.626050472E0,-2.869050026E0
1.242508213E2,3.066000223E0,3.201000214E0,-6.277950287E0
1.242532648E2,5.140500069E-1,6.285000324E0,1.177050114E0
1.242557084E2,3.214950085E0,4.041000366E0,-7.020000219E-1
1.242581518E2,2.712000132E0,4.006050110E0,-2.284950018E0
1.242605955E2,3.643050194E0,8.887950897E0,8.010000587E-1
1.242630389E2,8.925000191E0,4.915050030E0,-3.076950073E0
1.242654825E2,1.644000053E0,5.806050301E0,-7.927950382E0
1.242679260E2,-1.257000089E0,6.952950478E0,-7.617000580E0
1.242703696E2,6.322050095E0,5.770050049E0,-8.079000473E0
1.242728131E2,4.102950096E0,3.232050180E0,-1.073400021E1
1.242752567E2,-1.000950098E0,7.450950146E0,8.560500145E-1
1.242777001E2,6.403950214E0,7.111050129E0,3.889050245E0
1.242801436E2,5.491950035E0,8.116950035E0,-9.990000725E-1
1.242825872E2,3.361050129E0,9.807000160E0,1.417950034E0
1.242850306E2,5.800950050E0,8.722050667E0,5.419500470E-1
1.242874743E2,4.672950268E0,7.093950272E0,-3.484050274E0
1.242899177E2,6.583050251E0,9.381000519E0,-3.372000217E0
1.242923613E2,1.191600037E1,1.099905014E1,-9.879000664E0
1.242948048E2,4.315950394E0,7.255050182E0,-1.039605045E1
1.242972484E2,-1.890000105E-1,8.341950417E0,-1.020000100E0
1.242996919E2,2.700000048E0,1.037895012E1,-1.741050124E0
1.243021355E2,3.178950071E0,8.902050018E0,-2.397000074E0
1.243045789E2,7.410000563E-1,8.446949959E0,-7.189500332E-1
1.243070223E2,5.040000081E-1,1.186095047E1,2.149049997E0
1.243094660E2,2.851050138E0,1.136805058E1,1.372950077E0
1.243119094E2,1.129050016E0,9.493050575E0,-2.428050041E0
1.243143530E2,4.780500233E-1,1.055400085E1,1.119000077E0
1.243167965E2,2.781000137E0,1.085805035E1,-9.750000238E-1
1.243192401E2,1.150950074E0,8.557050705E0,-2.019000053E0
1.243216836E2,5.484000206E0,1.047300053E1,1.469999999E-1
1.243241272E2,7.287000179E0,6.598950386E0,-1.137600040E1
1.243265706E2,1.567050099E0,4.006050110E0,-9.111000061E0
1.243290143E2,2.194950104E0,4.528050423E0,-5.625000477E0
1.243314577E2,7.359000206E0,1.438950062E0,-7.447050571E0
1.243339014E2,3.697950125E0,-7.800000310E-1,-8.134050369E0
1.243363448E2,4.033950329E0,1.599000096E0,-1.066050053E0
1.243387882E2,6.564000130E0,3.520050049E0,-1.204950094E0
1.243412318E2,2.281050205E0,-2.820000052E-1,-2.004000187E0
1.243436753E2,-5.290500522E-1,2.272050142E0,2.134050131E0
1.243461189E2,5.359500051E-1,5.215050220E0,6.324000359E0
1.243485624E2,1.965000153E0,1.696950078E0,2.659050226E0
1.243510060E2,7.696950436E0,7.516050339E0,2.292000055E0
1.243534494E2,9.919050217E0,1.166700077E1,2.983950138E0
1.243558931E2,9.390000343E0,5.341950417E0,-1.674000025E0
1.243583364E2,8.568000793E0,9.213000298E0,-1.249605083E1
1.243607801E2,6.427950382E0,1.420005035E1,-1.961205101E1
1.243632235E2,1.984050035E0,1.149195099E1,-1.138305092E1
1.243656672E2,-5.410500169E-1,1.200000095E1,6.109050274E0
1.243681106E2,1.201050043E0,2.071005058E1,1.054500008E1
1.243705540E2,4.981950283E0,1.899900055E1,3.997050285E0
1.243729977E2,3.403950214E0,1.332405090E1,-1.705050111E0
1.243754411E2,9.078000069E0,1.651800156E1,-4.328999996E0
1.243778847E2,7.065000534E0,1.570200062E1,-1.422495079E1
1.243803282E2,5.173050404E0,1.521795082E1,-9.652050018E0
1.243827718E2,4.246950150E0,1.797600174E1,-1.289895058E1
1.243852152E2,2.311950207E0,1.501395035E1,-6.819000244E0
1.243876587E2,1.098000050E0,9.079050064E0,4.290000200E-1
1.243901023E2,2.437050104E0,1.230705070E1,3.705000132E-2
1.243925457E2,4.468950272E0,1.538595104E1,-3.169500232E-1
1.243949894E2,1.636950135E0,6.168000221E0,-1.066050053E0
1.243974328E2,-6.510000229E-1,7.726050377E0,-6.420000196E-1
1.243998764E2,-1.708950043E0,1.524000072E1,6.463050365E0
1.244023199E2,-1.567950130E0,2.521050215E0,1.038000107E0
1.244047635E2,-1.105949998E0,5.871000290E0,2.242050171E0
1.244072069E2,-2.140050173E0,6.121950150E0,2.967000246E0
1.244096506E2,1.747050047E0,4.537050247E0,2.503050089E0
1.244120941E2,3.555000067E0,8.026050568E0,5.821050167E0
1.244145374E2,5.281050205E0,1.024995041E1,7.945050240E0
1.244169811E2,4.783050060E0,7.551000595E0,1.537950039E0
1.244194245E2,4.657950401E0,9.766050339E0,2.725950241E0
1.244218681E2,1.132395077E1,1.135605049E1,-8.719500303E-1
1.244243116E2,7.189050198E0,6.936000347E0,-1.601805115E1
1.244267552E2,7.821000576E0,9.960000038E0,-1.663395119E1
1.244291987E2,7.872000217E0,1.274700069E1,-1.654305077E1
1.244316423E2,1.387950063E0,1.021395016E1,-9.787950516E0
1.244340857E2,1.876050115E0,1.167405033E1,-1.345950007E0
1.244365294E2,5.226000309E0,1.374600029E1,-5.010000467E-1
1.244389728E2,2.724000216E0,9.886050224E0,1.830000132E-1
1.244414164E2,1.366050124E0,1.042200089E1,1.617000103E0
1.244438598E2,7.996050358E0,1.279305077E1,1.392000079E0
1.244463033E2,2.082000017E0,8.334000587E0,-4.978050232E0
1.244487469E2,2.602050066E0,9.196050644E0,8.460000157E-1
1.244511903E2,6.730050087E0,1.067100048E1,-5.790000439E0
1.244536340E2,3.460950136E0,7.978050232E0,-7.741050243E0
1.244560774E2,1.459950089E0,7.377000332E0,-2.536050081E0
1.244585210E2,4.998000145E0,1.188795090E1,-2.899950027E0
1.244609645E2,3.451950073E0,7.446000576E0,-5.977050304E0
1.244634079E2,6.070500016E-1,8.787000656E0,-1.312950015E0
1.244658515E2,5.812950134E0,7.966050148E0,-6.970500350E-1
1.244682949E2,5.101050377E0,2.155050039E0,-7.120950222E0
1.244707386E2,8.767050743E0,9.634950638E0,-1.621050119E0
1.244731820E2,1.503105068E1,8.868000031E0,-7.327050209E0
1.244756256E2,4.435950279E0,7.393050194E0,-1.310895061E1
1.244780691E2,-8.809500337E-1,1.054395008E1,-5.292000294E0
1.244805127E2,1.693950057E0,1.051095009E1,-4.305000305E0
1.244829562E2,1.186950088E0,7.140000343E0,-4.107000351E0
1.244853998E2,-5.479500294E-1,7.930050373E0,3.244950056E0
1.244878432E2,1.864050031E0,9.603000641E0,4.641000271E0
1.244902869E2,4.081050396E0,9.940950394E0,3.343050241E0
1.244927302E2,2.914950132E0,8.586000443E0,-1.249500066E-1
1.244951737E2,2.407950163E0,9.139050484E0,1.110000089E-1
1.244976173E2,3.496950150E0,9.318000793E0,9.349500537E-1
1.245000610E2,2.559000015E0,1.085295010E1,-3.751950264E0
1.245025044E2,1.905000091E0,1.412595081E1,-1.518000126E0
1.245049478E2,2.815050125E0,1.040295029E1,3.382050276E0
1.245073915E2,8.950500488E-1,6.469050407E0,-1.225950003E0
1.245098349E2,-6.000000238E-2,8.599950790E0,-2.991000175E0
1.245122785E2,1.651050091E0,8.113950729E0,1.110000089E-1
1.245147220E2,9.619500637E-1,3.133950233E0,1.450500041E-1
1.245171656E2,-6.705000252E-2,2.248050213E0,-1.923000097E0
1.245196091E2,-8.089500666E-1,4.816950321E0,-6.300000101E-2
1.245220524E2,-3.730500042E-1,9.859500527E-1,1.456950068E0
1.245244960E2,2.719500065E-1,1.330950022E0,1.702950120E0
1.245269395E2,7.512000561E0,4.111050129E0,-5.754000187E0
1.245293831E2,4.657950401E0,3.273000240E0,-7.114050388E0
1.245318266E2,9.664950371E0,1.099395084E1,-2.646000147E0
1.245342702E2,7.366050243E0,8.329950333E0,-9.946050644E0
1.245367137E2,1.285050035E0,8.707950592E0,-1.218705082E1
1.245391573E2,5.482050419E0,9.109950066E0,-6.421950340E0
1.245416007E2,1.146795082E1,4.675950050E0,-5.974050522E0
1.245440443E2,1.056795025E1,5.410950184E0,-1.004700089E1
1.245464878E2,8.488950729E0,5.716950417E0,-7.192950249E0
1.245489314E2,1.250205040E1,6.376050472E0,-4.095000267E0
1.245513748E2,8.674050331E0,3.304050207E0,-1.089405060E1
1.245538183E2,3.751050234E0,3.960000277E0,-1.749300003E1
1.245562619E2,1.201605034E1,2.902050257E0,-1.430595112E1
1.245587054E2,8.425050735E0,-1.194000006E0,-9.811950684E0
1.245611490E2,9.078000069E0,2.854050159E0,-7.984950542E0
1.245635924E2,1.286100101E1,2.490000129E-1,-5.473950386E0
1.245660361E2,7.696950436E0,-1.108050108E0,-5.979000092E0
1.245684795E2,6.054000378E0,5.056950092E0,-4.357950211E0
1.245709231E2,8.865000725E0,7.618950367E0,-3.702000141E0
1.245733666E2,3.895050287E0,9.277950287E0,-1.042995071E1
1.245758102E2,-5.890500546E-1,8.380050659E0,-5.704050064E0
1.245782537E2,2.812050104E0,1.053195095E1,-1.052100086E1
1.245806971E2,5.160000324E-1,8.218950272E0,-6.040950298E0
1.245831407E2,-3.096000195E0,1.161900043E1,7.005000114E-2
1.245855841E2,-1.875000119E0,1.187595081E1,5.584050179E0
1.245880277E2,2.512950182E0,7.300050259E0,1.834950089E0
1.245904712E2,4.420950413E0,1.653000069E1,1.071000099E0
1.245929148E2,6.579000473E0,1.480905056E1,1.044705009E1
1.245953583E2,3.718050241E0,1.174605083E1,4.035000324E0
1.245978019E2,-1.050000042E-1,1.868295097E1,-2.320950031E0
1.246002453E2,-3.340050220E0,1.674300003E1,-3.670500219E-1
1.246026887E2,-3.067050219E0,1.023105049E1,4.926000118E0
1.246051324E2,-4.759950161E0,1.010400009E1,-3.159000158E0
1.246075758E2,-4.597050190E0,1.318500042E1,4.993050098E0
1.246100194E2,-1.057950020E0,9.643950462E0,9.882000923E0
1.246124629E2,5.710500479E-1,1.020000076E1,5.119950294E0
1.246149065E2,1.096050024E0,8.586000443E0,5.749950409E0
1.246173500E2,2.808000088E0,2.416050196E0,1.183095074E1
1.246197936E2,3.990000248E0,4.282950401E0,3.817050219E0
1.246222371E2,4.924050331E0,6.867000103E0,3.777000189E0
1.246246807E2,5.868000507E0,5.209950447E0,1.134705067E1
1.246271241E2,2.923050165E0,4.743000031E0,4.085999966E0
1.246295675E2,1.582050085E0,5.538000107E0,-1.566000104E0
1.246320112E2,2.025000095E0,7.234950542E0,2.476950169E0
1.246344546E2,1.230000019E0,3.414000273E0,3.000000119E-1
1.246368982E2,-1.990500093E-1,7.245000362E0,-4.657050133E0
1.246393417E2,2.291505051E1,1.140405083E1,6.979500055E-1
1.246417853E2,8.977950096E0,8.665050507E0,-3.459600067E1
1.246442288E2,9.720000267E0,8.530950546E0,-3.237405014E1
1.246466724E2,3.757950068E0,8.797050476E0,-3.460500336E1
1.246491158E2,1.993950129E0,7.279050350E0,-1.573605061E1
1.246515594E2,6.391950130E0,1.180095100E1,-3.130050182E0
1.246540029E2,5.772000313E0,1.204305077E1,9.229500294E-1
1.246564463E2,1.225050092E0,3.736950159E0,3.706950188E0
1.246588899E2,8.299500346E-1,8.028000832E0,8.335050583E0
1.246613334E2,7.651050568E0,1.310895061E1,2.188950062E0
1.246637770E2,3.330000162E0,2.545050144E0,-6.846000195E0
1.246662204E2,6.058950424E0,5.622000217E0,-6.160950184E0
1.246686641E2,7.014000416E0,9.811950684E0,-7.084950447E0
1.246711075E2,1.360500008E-1,8.056950569E0,-7.674000263E0
1.246735511E2,-4.999500215E-1,7.099050522E0,-4.273950100E0
1.246759945E2,1.833000064E0,7.279050350E0,1.570500135E-1
1.246784380E2,8.440500498E-1,5.607000351E0,2.151000023E0
1.246808817E2,-1.579500139E-1,6.940950394E0,4.650000334E-1
1.246833253E2,1.471950054E0,9.144000053E0,4.629000187E0
1.246857687E2,1.231950045E0,6.139050484E0,2.917050123E0
1.246882121E2,7.960500121E-1,6.109950066E0,2.830500007E-1
1.246906557E2,1.498050094E0,9.232050896E0,6.709500551E-1
1.246930992E2,2.595000029E0,6.409050465E0,2.307000160E0
1.246955428E2,4.222949982E0,5.068950176E0,1.456950068E0
1.246979863E2,1.288995075E1,6.547950268E0,-9.730950356E0
1.247004299E2,6.877950191E0,3.175050259E0,-1.192605019E1
1.247028733E2,1.036050081E0,5.370000362E0,-4.690950394E0
1.247053170E2,2.580000162E0,6.823950291E0,-4.858050346E0
1.247077604E2,2.271000147E0,6.001950264E0,-1.765050054E0
1.247102040E2,2.128050089E0,9.520050049E0,-3.880500197E-1
1.247126475E2,3.472950220E0,1.389600086E1,5.271000385E0
1.247150909E2,2.476950169E0,7.791000366E0,1.636050105E0
1.247175345E2,1.183950067E0,7.089000225E0,-2.050050020E0
1.247199780E2,3.370050192E0,1.504800034E1,2.443050146E0
1.247224216E2,3.568950176E0,1.224405098E1,1.083000064E0
1.247248650E2,7.150500417E-1,7.009950161E0,-1.554000020E0
1.247273087E2,-7.605000585E-2,1.539795113E1,-3.240000010E-1
1.247297521E2,1.891050100E0,1.603005028E1,5.560050488E0
1.247321955E2,1.309050083E0,1.021905041E1,2.059950113E0
1.247346391E2,4.830000103E-1,1.327905083E1,-1.339050055E0
1.247370826E2,1.390050054E0,1.244505024E1,1.153050065E0
1.247395262E2,9.330000281E-1,1.022100067E1,1.488000035E0
1.247419697E2,7.002000332E0,1.314495087E1,-8.359050751E0
1.247444133E2,4.030950069E0,1.192800045E1,-1.593900108E1
1.247468567E2,1.024049997E0,6.520050526E0,-6.730950356E0
1.247493004E2,1.912050128E0,7.015050411E0,-6.874050140E0
1.247517438E2,4.117050171E0,8.581050873E0,-1.220205021E1
1.247541874E2,2.841000080E0,2.386950016E0,-9.124950409E0
1.247566309E2,2.760000229E0,5.737050056E0,-5.335050106E0
1.247590745E2,3.763050079E0,7.036950111E0,-4.312950134E0
1.247615179E2,1.495950103E0,4.530000210E0,-3.439050198E0
1.247639614E2,-6.130500436E-1,8.458950043E0,4.366050243E0
1.247664050E2,1.204050064E0,4.101000309E0,5.038050175E0
1.247688484E2,2.604000092E0,2.710050106E0,1.773000121E0
1.247712920E2,6.102000237E0,4.678050041E0,1.597950101E0
1.247737355E2,7.177050114E0,2.701050043E0,-1.300500035E-1
1.247761791E2,6.952050209E0,-1.801950097E0,-4.726950169E0
1.247786226E2,6.967050552E0,-1.957950115E0,-8.718000412E0
1.247810662E2,9.355950356E0,-1.503000021E0,-1.178805065E1
1.247835096E2,6.025950432E0,-2.254950047E0,-1.153095055E1
1.247859533E2,2.317050219E0,2.830050230E0,-6.091950417E0
1.247883967E2,4.632000446E0,5.205000401E0,5.850000381E-1
1.247908401E2,5.856000423E0,7.639950275E0,-1.072950006E0
1.247932837E2,5.872050285E0,8.706000328E0,-6.477000237E0
1.247957272E2,2.796000242E0,1.037895012E1,1.813050032E0
1.247981708E2,2.130000114E0,9.526950836E0,3.738000154E0
1.248006143E2,1.267950058E0,1.081995010E1,2.760000229E-1
1.248030579E2,2.358000040E0,1.545300102E1,6.400500536E-1
1.248055013E2,3.247950077E0,1.281900024E1,3.760050297E0
1.248079447E2,1.429050088E0,1.043895054E1,1.639050126E0
1.248103884E2,1.824000120E0,1.277595043E1,2.520000041E-1
1.248128318E2,6.028050423E0,7.456050396E0,-1.078050017E0
1.248152755E2,2.607000113E0,6.903000355E0,-6.499050140E0
1.248177189E2,5.554050446E0,1.028805065E1,-1.740000153E1
1.248201625E2,4.168050289E0,7.305000305E0,-1.786695099E1
1.248226060E2,2.869500220E-1,4.092000008E0,-8.950050354E0
1.248250496E2,4.872000217E0,6.129000187E0,-5.347050190E0
1.248274930E2,3.634050131E0,8.868000031E0,-2.629050016E0
1.248299366E2,2.568000078E0,7.864950180E0,8.700000644E-1
1.248323801E2,4.654050350E0,1.232100105E1,-1.995000124E0
1.248348237E2,1.950000064E-3,4.786050320E0,-7.069500089E-1
1.248372671E2,4.090500176E-1,3.775950193E0,6.628050327E0
1.248397106E2,7.510500550E-1,1.100205040E1,4.971000195E0
1.248421543E2,-7.320000529E-1,3.148050070E0,2.716050148E0
1.248445979E2,1.395000052E-2,8.929500580E-1,3.693000078E0
1.248470413E2,2.061000109E0,4.113000393E0,5.095950127E0
1.248494848E2,8.005949974E0,5.694000244E0,2.656050205E0
1.248519284E2,5.386050224E0,1.213950038E0,-9.738000870E0
1.248543718E2,8.572950363E0,2.530950069E0,-1.201305103E1
1.248568154E2,6.081000328E0,4.228050232E0,-1.171305084E1
1.248592589E2,8.040000200E-1,6.177000523E0,7.120500207E-1
1.248617025E2,2.182950020E0,1.478700066E1,3.961050272E0
1.248641459E2,3.496950150E0,1.283805084E1,1.378050089E0
1.248665894E2,9.280500412E-1,5.028000355E0,1.393950105E0
1.248690330E2,9.589500427E-1,1.066905022E1,-3.502950191E0
1.248714767E2,3.639000177E0,1.351095104E1,-9.799500704E-1
1.248739201E2,2.392950058E0,7.053000450E0,2.781000137E0
1.248763636E2,1.359000087E0,1.332705021E1,-1.800000072E-1
1.248788072E2,4.090950012E0,1.679594994E1,3.262050152E0
1.248812507E2,2.535000086E0,9.745050430E0,1.060500070E-1
1.248836943E2,1.716000080E0,1.226805019E1,-6.130500436E-1
1.248861377E2,8.455950737E0,1.309200096E1,-4.456050396E0
1.248885813E2,4.009950161E0,1.221105099E1,-1.376295090E1
1.248910248E2,5.620950222E0,1.374300098E1,-1.325805092E1
1.248934682E2,5.977950096E0,1.188495064E1,-2.064195061E1
1.248959118E2,1.699050069E0,7.077000141E0,-9.829050064E0
1.248983553E2,4.869000435E0,8.100000381E0,-4.272000313E0
1.249007989E2,7.021950245E0,1.101795006E1,-4.972950459E0
1.249032424E2,1.096050024E0,3.639000177E0,-3.289950132E0
1.249056860E2,4.869000435E0,7.908000469E0,7.837050438E0
1.249081294E2,8.503950119E0,1.076205063E1,3.391050100E0
1.249105730E2,5.058000088E0,4.506000042E0,-2.035950184E0
1.249130164E2,5.632950306E0,8.112000465E0,-7.380000353E-1
1.249154601E2,7.159950256E0,5.643000126E0,-5.256000042E0
1.249179036E2,2.674050093E0,2.689050198E0,-1.180200100E1
1.249203472E2,4.885950089E0,7.534950256E0,-5.722950459E0
1.249227906E2,9.832950592E0,3.927000284E0,-5.341950417E0
1.249252340E2,9.210000634E-1,2.446950197E0,-7.557000160E0
1.249276776E2,1.297050118E0,4.894050121E0,1.720050097E0
1.249301211E2,5.643000126E0,4.465050220E0,2.239500135E-1
1.249325647E2,1.833000064E0,1.300050020E0,-6.229500175E-1
1.249350082E2,1.555050015E0,2.515950203E0,2.898000240E0
1.249374518E2,5.379000187E0,7.828950405E0,4.110000134E0
1.249398952E2,2.590050220E0,5.566950321E0,9.870000482E-1
1.249423386E2,5.140500069E-1,4.747950077E0,-3.400050163E0
1.249447823E2,1.857000113E0,7.180050373E0,1.966950059E0
1.249472257E2,2.058000088E0,6.309000492E0,2.362050056E0
1.249496693E2,6.049500108E-1,6.028950214E0,-5.416050434E0
1.249521128E2,2.152050018E0,1.311600018E1,3.097050190E0
1.249545564E2,2.134950161E0,9.402000427E0,4.192950249E0
1.249569999E2,4.759500325E-1,6.727950096E0,-2.488050222E0
1.249594435E2,5.908050060E0,1.073100090E1,-2.863950253E0
1.249618870E2,2.808000088E0,7.282950401E0,-9.618000031E0
1.249643306E2,1.036050081E0,4.887000084E0,-3.223050117E0
1.249667740E2,7.246950150E0,1.267995071E1,-6.994050503E0
1.249692174E2,6.322050095E0,1.020000076E1,-7.554000378E0
1.249716610E2,2.458050013E0,7.839000225E0,-4.060950279E0
1.249741045E2,5.331000328E0,1.141095066E1,-4.641000271E0
1.249765481E2,4.074000359E0,7.345950127E0,-5.931000233E0
1.249789916E2,4.587000370E0,9.144000053E0,-1.923000097E0
1.249814352E2,8.671050072E0,1.401600075E1,-4.606950283E0
1.249838787E2,3.142950058E0,8.755949974E0,-7.798950195E0
1.249863223E2,1.549500078E-1,6.529050350E0,-2.127000093E0
1.249887657E2,2.343000174E0,7.681050301E0,-1.171050072E0
1.249912094E2,2.899050236E0,8.011050224E0,-7.126050472E0
1.249936528E2,1.384950042E0,3.610050201E0,-1.525950074E0
1.249960962E2,5.470050335E0,8.539950371E0,-1.320000052E0
1.249985398E2,4.864050388E0,8.041950226E0,-5.890050411E0
1.250009833E2,4.710000157E-1,7.504050255E0,-4.290000200E-1
1.250034269E2,2.367000103E0,8.719950676E0,6.709500551E-1
1.250058703E2,1.654050112E0,7.353000164E0,1.090050101E0
1.250083140E2,-2.490000129E-1,4.978050232E0,-7.879500389E-1
1.250107574E2,-2.269500047E-1,1.001805019E1,2.677950144E0
1.250132010E2,2.452950001E0,7.827000141E0,4.287000179E0
1.250156444E2,9.520500302E-1,4.836000443E0,5.805000290E-2
1.250180879E2,1.515000105E0,8.241000175E0,-1.660050035E0
1.250205316E2,5.359950066E0,9.349950790E0,-2.062050104E0
1.250229750E2,2.463000059E0,6.795000553E0,-1.753050089E0
1.250254186E2,5.809500217E-1,1.076205063E1,-1.564050078E0
1.250278620E2,5.271000385E0,1.367100048E1,1.696050048E0
1.250303057E2,2.311950207E0,1.005405045E1,-1.602000117E0
1.250327491E2,3.342000246E0,1.082400036E1,-8.790000677E-1
1.250351927E2,6.451950073E0,1.100400066E1,-7.480050564E0
1.250376362E2,2.269050121E0,9.105000496E0,-4.102050304E0
1.250400798E2,9.274950027E0,1.411395073E1,-4.405950069E0
1.250425232E2,8.259000778E0,1.380795097E1,-1.373205090E1
1.250449666E2,1.660950065E0,9.598950386E0,-4.827000141E0
1.250474103E2,4.455000401E0,1.257900047E1,-2.917050123E0
1.250498537E2,7.242000580E0,1.273005104E1,-7.186050415E0
1.250522973E2,3.129000187E0,7.990050316E0,-7.389000416E0
1.250547408E2,5.269050121E0,9.763950348E0,-4.492050171E0
1.250571844E2,7.831050396E0,1.119300079E1,-8.998050690E0
1.250596279E2,2.950950146E0,7.015050411E0,-1.145205021E1
1.250620715E2,4.867050171E0,8.932950020E0,-3.676050186E0
1.250645149E2,6.153000355E0,8.458950043E0,-2.608050108E0
1.250669585E2,1.699050069E0,5.325000286E0,-2.779950142E0
1.250694020E2,5.752950191E0,1.128195095E1,4.750950336E0
1.250718454E2,5.134950161E0,7.510950565E0,-1.432050109E0
1.250742890E2,3.298950195E0,3.625050068E0,-2.172000170E0
1.250767325E2,4.186950207E0,7.638000488E0,-4.630500078E-1
1.250791761E2,8.346000671E0,5.643000126E0,-4.791000366E0
1.250816195E2,2.556000233E0,3.223050117E0,-4.678950310E0
1.250840631E2,2.037000179E0,7.932000160E0,2.424000025E0
1.250865066E2,5.188050270E0,1.007700062E1,1.560000062E0
1.250889502E2,3.282000065E0,9.328050613E0,-4.650000334E-1
1.250913936E2,1.302000046E0,9.337950706E0,1.891950130E0
1.250938373E2,2.536950111E0,1.128705025E1,1.876050115E0
1.250962808E2,3.492000103E0,9.328050613E0,1.210050106E0
1.250987241E2,1.524000049E0,1.106595039E1,-4.738950253E0
1.251011678E2,3.085050106E0,1.529700089E1,3.529500067E-1
1.251036112E2,3.751050234E0,1.181595039E1,3.460950136E0
1.251060548E2,1.704000115E0,1.074105072E1,-2.491050005E0
1.251084983E2,1.323000073E0,1.255995083E1,-3.910050154E0
1.251109419E2,1.855050087E0,8.619000435E0,-9.630000591E-1
1.251133854E2,8.130000234E-1,5.563950062E0,-2.674950123E0
1.251158290E2,-4.800000042E-2,1.088205051E1,-2.728050232E0
1.251182724E2,9.210000634E-1,1.104705048E1,3.015000105E0
1.251207161E2,-5.940000415E-1,3.811950207E0,1.501950026E0
1.251231595E2,-2.643000126E0,5.353950024E0,9.060000181E-1
1.251256031E2,-1.156050086E0,2.935050249E0,3.070500195E-1
1.251280465E2,-2.530950069E0,5.842050076E0,2.860500216E-1
1.251304900E2,-2.842050076E0,1.006500053E1,1.947000146E0
1.251329336E2,5.119500160E-1,6.618000507E0,2.584050179E0
1.251353771E2,1.375950098E0,6.271050453E0,-2.329500169E-1
1.251378207E2,1.103700066E1,6.567000389E0,4.866000175E0
1.251402641E2,1.184400082E1,1.401000023E0,-1.563795090E1
1.251427077E2,7.096050262E0,1.695000052E0,-1.525695038E1
1.251451512E2,7.884000301E0,7.789050579E0,-1.424400043E1
1.251475946E2,5.416950226E0,6.001950264E0,-1.164195061E1
1.251500382E2,2.836050034E0,9.613050461E0,-1.540050030E0
1.251524817E2,7.821000576E0,1.326705074E1,2.078999996E0
1.251549253E2,3.205050230E0,9.714000702E0,2.205000073E-2
1.251573687E2,1.371000051E0,7.939050198E0,4.476000309E0
1.251598124E2,8.341050148E0,1.330005074E1,2.271000147E0
1.251622558E2,4.582050323E0,8.100000381E0,-7.969050407E0
1.251646994E2,9.979500771E-1,1.084395027E1,-4.882050037E0
1.251671429E2,5.266950130E0,1.198800087E1,-6.810000420E0
1.251695865E2,6.651000500E0,9.876000404E0,-8.991000175E0
1.251720300E2,1.026000023E0,1.145205021E1,-3.628050089E0
1.251744734E2,2.808000088E0,1.526805115E1,-2.826000214E0
1.251769170E2,3.811050177E0,1.418595028E1,-5.638950348E0
1.251793604E2,8.080500364E-1,1.277805042E1,-2.275050163E0
1.251818041E2,1.495950103E0,1.223205090E1,1.879500151E-1
1.251842475E2,2.575050116E0,1.015200043E1,-5.317950249E0
1.251866911E2,4.369500279E-1,8.559000015E0,-2.529000044E0
1.251891346E2,3.567000151E0,1.145895100E1,-1.329000115E0
1.251915782E2,5.077050209E0,1.175595093E1,-6.523050308E0
1.251940216E2,1.384950042E0,8.659950256E0,-3.537000179E0
1.251964653E2,2.572950125E0,9.615000725E0,2.101050138E0
1.251989088E2,9.286950111E0,1.252005100E1,-1.399050117E0
1.252013521E2,4.029000282E0,6.781050205E0,-4.830000401E0
1.252037958E2,8.140049934E0,8.254950523E0,-1.140000105E0
1.252062392E2,9.114000320E0,8.935050011E0,-4.581000328E0
1.252086828E2,3.718050241E0,7.417050362E0,-4.565999985E0
1.252111263E2,3.034950256E0,1.019700050E1,-2.268000126E0
1.252135699E2,7.836000443E0,8.916000366E0,-6.913050175E0
1.252160134E2,3.591000080E0,8.337000847E0,-7.191000462E0
1.252184570E2,3.805950165E0,1.219905090E1,-1.695000008E-2
1.252209004E2,7.333050251E0,1.142295074E1,-1.621050119E0
1.252233438E2,1.371000051E0,8.923050880E0,-1.273950100E0
1.252257874E2,1.207950115E0,1.147605038E1,2.078999996E0
1.252282309E2,4.141050339E0,1.446105099E1,-1.447050095E0
1.252306745E2,2.548950195E0,6.436050415E0,-5.833050251E0
1.252331180E2,3.423000097E0,8.038050652E0,-3.661050081E0
1.252355616E2,8.329050064E0,1.246905041E1,-6.196950436E0
1.252380051E2,2.839050055E0,1.128705025E1,-3.963000298E0
1.252404487E2,4.879500270E-1,1.115700054E1,1.519500017E-1
1.252428921E2,2.029950142E0,1.340100098E1,4.102050304E0
1.252453358E2,1.941000104E0,9.136950493E0,1.864050031E0
1.252477792E2,1.189500093E-1,7.848000526E0,-2.317950010E0
1.252502226E2,6.627000332E0,1.431495094E1,5.734950066E0
1.252526662E2,7.275000572E0,8.782050133E0,-6.642000198E0
1.252551097E2,3.214950085E0,5.920950413E0,-6.328950405E0
1.252575533E2,5.422050476E0,9.697050095E0,-9.397950172E0
1.252599968E2,5.271000385E0,8.164050102E0,-1.066500092E1
1.252624404E2,9.040500522E-1,3.855000257E0,-5.320950031E0
1.252648838E2,4.917000294E0,6.310950279E0,1.042050004E0
1.252673275E2,3.849000216E0,7.630050182E0,-8.410500288E-1
1.252697709E2,9.379500151E-1,2.242950201E0,2.853000164E0
1.252722145E2,4.383000374E0,3.268050194E0,2.104950190E0
1.252746580E2,5.097000122E0,4.197000027E0,-5.218050480E0
1.252771014E2,2.575050116E0,1.981950045E0,-2.701050043E0
1.252795450E2,5.997000217E0,8.008950233E0,2.539050102E0
1.252819885E2,8.070000648E0,5.155050278E0,-5.284950256E0
1.252844321E2,5.160000324E-1,5.722050190E0,-6.693000317E0
1.252868755E2,9.310500622E-1,9.522000313E0,8.680500388E-1
1.252893192E2,5.341050148E0,7.686000347E0,-5.196000099E0
1.252917626E2,1.623000026E0,4.458000183E0,-4.162050247E0
1.252942062E2,1.765950084E0,9.867000580E0,1.336950064E0
1.252966496E2,5.133000374E0,8.581050873E0,-3.124950171E0
1.252990933E2,1.503000021E0,8.820000648E0,-3.745050192E0
1.253015368E2,3.174000263E0,7.912950516E0,-1.720050097E0
1.253039804E2,8.809950829E0,7.183050156E0,-9.004950523E0
1.253064238E2,4.225049973E0,3.811950207E0,-1.035795021E1
1.253088672E2,3.531000137E0,8.488050461E0,-5.127000332E0
1.253113109E2,7.491000175E0,7.413000584E0,-7.861050606E0
1.253137543E2,1.311000109E0,5.193000317E0,-6.264000416E0
1.253161979E2,5.209500194E-1,3.915000200E0,1.014000058E0
1.253186414E2,2.982000113E0,9.948000908E0,3.720000088E-1
1.253210850E2,2.506050110E0,3.946050167E0,-8.199000359E0
1.253235285E2,1.258950114E0,1.209000111E0,-2.947950125E0
1.253259719E2,4.975050449E0,8.824950218E0,1.939950109E0
1.253284155E2,8.359950066E0,4.891050339E0,-3.748050213E0
1.253308592E2,4.132050037E0,9.208050728E0,-2.953050137E0
1.253333026E2,5.338050365E0,1.051095009E1,-3.739500046E-1
1.253357460E2,7.030950546E0,8.623950005E0,-7.276950359E0
1.253381896E2,2.009999990E0,1.027605057E1,-4.332000256E0
1.253406331E2,6.210000515E0,1.314195061E1,-3.499050140E0
1.253430767E2,4.251000404E0,1.249095058E1,-6.427050114E0
1.253455202E2,2.887050152E0,1.366605091E1,-1.939950109E0
1.253479638E2,3.246000051E0,1.311300087E1,1.081050038E0
1.253504073E2,3.988050222E0,1.426500034E1,-1.995000124E0
1.253528507E2,2.884050131E0,1.121700096E1,-1.699950099E0
1.253552943E2,6.933000565E0,1.558905029E1,-4.018050194E0
1.253577377E2,9.160050392E0,1.527795029E1,-1.206495094E1
1.253601814E2,2.857950211E0,1.214400101E1,-8.014050484E0
1.253626248E2,2.532000065E0,1.480605030E1,-3.064950228E0
1.253650685E2,4.033950329E0,1.557495117E1,1.780500114E-1
1.253675119E2,2.431950092E0,1.210995102E1,-1.228950024E0
1.253699555E2,1.414050102E0,1.146600056E1,-8.910000324E-1
1.253723989E2,5.599050045E0,1.501005077E1,6.319050312E0
1.253748426E2,3.916050196E0,1.043400097E1,-2.823000193E0
1.253772860E2,1.062000036E0,6.121950150E0,-1.648050070E0
1.253797297E2,3.616950274E0,1.144905090E1,5.386050224E0
1.253821730E2,4.078950405E0,8.095050812E0,-4.281000137E0
1.253846165E2,-3.180000186E-1,3.175050259E0,-4.237950325E0
1.253870601E2,3.471000195E0,5.844000340E0,-3.709050179E0
1.253895036E2,6.307950497E0,5.455950260E0,-6.376050472E0
1.253919472E2,2.832000017E0,5.983050346E0,-3.889050245E0
1.253943907E2,4.936050415E0,9.208050728E0,1.641000032E0
1.253968343E2,5.475000381E0,6.466950417E0,-4.899000168E0
1.253992777E2,2.566050053E0,7.992000580E0,1.879500151E-1
1.254017214E2,5.416950226E0,1.357305050E1,3.295050144E0
1.254041648E2,3.358050108E0,8.017950058E0,-2.637000084E0
1.254066084E2,-4.069500268E-1,9.919050217E0,3.739500046E-1
1.254090518E2,2.530499995E-1,1.026705074E1,1.816050053E0
1.254114953E2,4.033950329E0,1.023795033E1,-3.819000244E0
1.254139389E2,2.869950056E0,9.718050003E0,-5.413950443E0
1.254163824E2,2.664000034E0,1.096305084E1,-1.087050080E0
1.254188260E2,4.672950268E0,1.243095016E1,-3.634950161E0
1.254212694E2,2.821950197E0,1.150695038E1,-2.650950193E0
1.254237130E2,1.065000057E0,1.240200043E1,7.309500575E-1
1.254261565E2,2.317050219E0,1.081695080E1,1.549950123E0
1.254285999E2,2.724000216E0,8.458950043E0,-1.516050100E0
1.254310436E2,1.500000119E0,1.102800083E1,-1.642950058E0
1.254334870E2,6.612000465E0,1.125495052E1,-4.056000233E0
1.254359307E2,2.893950224E0,8.409000397E0,-8.098050117E0
1.254383740E2,6.940500140E-1,7.237950325E0,6.790500283E-1
1.254408177E2,2.377050161E0,1.128405094E1,1.186050057E0
1.254432611E2,2.929950237E0,1.129395008E1,-3.241950035E0
1.254457047E2,-4.120500088E-1,4.069950104E0,-1.321950078E0
1.254481482E2,1.864050031E0,9.523950577E0,7.650000453E-1
1.254505918E2,4.426050186E0,7.405050278E0,-6.309000492E0
1.254530353E2,6.619500518E-1,5.989950180E0,-6.664050102E0
1.254554789E2,3.390000165E-1,7.312050343E0,-1.720050097E0
1.254579223E2,3.523950100E0,3.484050274E0,-7.039950371E0
1.254603657E2,2.100000083E-1,3.522000074E0,-3.238050222E0
1.254628093E2,2.920050144E0,5.239050388E0,2.704050064E0
1.254652530E2,7.213050365E0,3.049950123E0,-3.951000214E0
1.254676964E2,2.572950125E0,4.807950020E0,-2.038050175E0
1.254701399E2,-9.430500269E-1,8.313000679E0,5.635050297E0
1.254725835E2,1.930500120E-1,9.057000160E0,3.633000135E0
1.254750269E2,3.100050211E0,6.783000469E0,-1.095000029E0
1.254774706E2,3.420000076E-1,8.935050011E0,4.030500054E-1
1.254799140E2,4.108050346E0,1.126500034E1,1.708050132E0
1.254823576E2,4.183950424E0,8.806050301E0,-7.534950256E0
1.254848010E2,7.390500307E-1,1.014705086E1,-4.806000233E0
1.254872445E2,3.373050213E0,1.298895073E1,-4.345950127E0
1.254896881E2,3.990000248E0,1.183200073E1,-7.174050331E0
1.254921316E2,1.735050082E0,1.239300060E1,-2.364000082E0
1.254945752E2,3.937950134E0,1.382895088E1,-3.004950047E0
1.254970186E2,5.772000313E0,1.237800026E1,-7.501950264E0
1.254994622E2,1.663050056E0,9.963000298E0,-5.869050503E0
1.255019057E2,2.523000002E0,1.011795044E1,-1.437000036E0
1.255043493E2,6.538050175E0,1.051800060E1,-8.789999962E0
1.255067927E2,3.117000103E0,5.230950356E0,-9.565950394E0
1.255092364E2,3.780000210E0,8.959050179E0,-2.440050125E0
1.255116799E2,7.965000153E0,1.102305031E1,-6.226050377E0
1.255141233E2,4.263000011E0,7.318950176E0,-7.360950470E0
1.255165669E2,2.949000120E0,1.106895065E1,-1.735950112E0
1.255190103E2,4.101000309E0,1.037400055E1,-6.307050228E0
1.255214539E2,4.005000114E0,5.109000206E0,-8.068950653E0
1.255238974E2,-1.186950088E0,7.626000404E0,1.617000103E0
1.255263410E2,6.279000282E0,7.609050274E0,3.291000128E0
1.255287845E2,1.160205078E1,7.879500389E-1,-4.405950069E0
1.255312281E2,3.274950266E0,3.751950264E0,-6.072000504E0
1.255336715E2,6.057000160E0,6.193950176E0,-5.419050217E0
1.255361149E2,1.057005024E1,1.780950069E0,-8.602950096E0
1.255385585E2,1.872000098E0,3.124050140E0,-8.419050217E0
1.255410022E2,1.657950044E0,5.404050350E0,-3.036000252E0
1.255434456E2,7.407000542E0,4.386000156E0,-3.343050241E0
1.255458891E2,1.254000068E0,2.650050163E0,-4.104000092E0
1.255483327E2,9.495000541E-2,5.998050213E0,4.510500133E-1
1.255507761E2,5.200050354E0,4.273950100E0,4.062000275E0
1.255532198E2,3.916050196E0,2.956950188E0,1.737000108E0
1.255556632E2,3.519000053E0,7.314000130E0,1.536000013E0
1.255581068E2,5.544000149E0,1.027395058E1,1.639050126E0
1.255605503E2,2.923050165E0,6.394950390E0,-5.820000172E-1
1.255629937E2,1.383000016E0,8.466000557E0,-2.068950176E0
1.255654374E2,1.596000075E0,1.218705082E1,-3.640500307E-1
1.255678808E2,2.880000114E0,8.824950218E0,2.947950125E0
1.255703244E2,-1.390500069E-1,4.759950161E0,-8.359500170E-1
1.255727678E2,-1.390500069E-1,7.714050293E0,-3.034050226E0
1.255752114E2,1.126950026E0,1.256295013E1,5.338050365E0
1.255776549E2,2.173050165E0,6.876000404E0,8.200500607E-1
1.255800985E2,4.845000267E0,5.413050175E0,-5.323050022E0
1.255825419E2,5.829000473E0,8.545050621E0,-1.522095108E1
1.255849856E2,2.824050188E0,8.083050728E0,-8.959950447E0
1.255874291E2,3.346050262E0,8.932950020E0,-3.616050243E0
1.255898727E2,4.705950260E0,9.481050491E0,-6.178050518E0
1.255923160E2,1.960050106E0,8.136000633E0,4.579500258E-1
1.255947595E2,1.089000106E0,1.135395050E1,4.891950130E0
1.255972031E2,1.795050144E0,9.085950851E0,6.280950069E0
1.255996466E2,4.729500115E-1,4.398000240E0,-1.234050035E0
1.256020902E2,3.588000059E0,8.512050629E0,5.350500345E-1
1.256045337E2,1.071105003E1,6.499950409E0,-9.544050217E0
1.256069773E2,5.257050037E0,6.625050545E0,-1.448400116E1
1.256094207E2,1.812000036E0,7.480050564E0,-7.750950336E0
1.256118644E2,7.536000252E0,1.178205013E1,-6.763950348E0
1.256143078E2,3.775050163E0,7.501050472E0,-9.135000229E0
1.256167514E2,-1.246950030E0,1.147605038E1,1.564050078E0
1.256191949E2,2.430000156E-1,9.321000099E0,3.930000305E0
1.256216383E2,3.789000273E0,8.538000107E0,6.619500518E-1
1.256240819E2,1.543950081E0,7.750050545E0,2.319000006E0
1.256265254E2,1.443000078E0,9.048000336E0,3.669000149E0
1.256289690E2,2.487000227E0,1.030695057E1,1.639050126E0
1.256314124E2,2.977950096E0,9.016950607E0,8.130000234E-1
1.256338561E2,1.981950045E0,1.133400059E1,-1.078050017E0
1.256362995E2,6.220050335E0,1.491195107E1,3.700500131E-1
1.256387429E2,4.183950424E0,1.222005081E1,-2.986050129E0
1.256411866E2,3.093000174E0,1.378395081E1,-1.593000054E0
1.256436302E2,7.480950356E0,1.450395107E1,-8.218050003E0
1.256460737E2,2.554050207E0,1.328595066E1,-9.163050652E0
1.256485171E2,2.379000187E0,1.306800079E1,-6.028950214E0
1.256509607E2,8.683050156E0,1.422405052E1,-8.301000595E0
1.256534041E2,5.584950447E0,1.060200024E1,-9.847950935E0
1.256558477E2,1.467000127E0,8.275050163E0,-2.742000103E0
1.256582912E2,6.093000412E0,1.005600071E1,-2.503050089E0
1.256607348E2,7.563000202E0,1.061895084E1,-1.050195026E1
1.256631783E2,3.090000153E0,4.255050182E0,-1.108395100E1
1.256656219E2,1.737000108E0,7.642050266E0,-3.508050203E0
1.256680654E2,4.657950401E0,8.822999954E0,-4.236000061E0
1.256705087E2,2.641950130E0,7.872000217E0,-3.585000277E0
1.256729524E2,1.243950009E0,1.000605011E1,7.732050419E0
1.256753960E2,4.383000374E0,1.028295040E1,5.580000401E0
1.256778394E2,4.435950279E0,6.715950489E0,1.327050090E0
1.256802829E2,5.659050465E0,1.162200069E1,4.384950161E0
1.256827265E2,7.891050339E0,1.015605068E1,-3.511050224E0
1.256851700E2,3.277050257E0,9.486000061E0,-3.439050198E0
1.256876136E2,4.830000103E-1,1.216005039E1,9.919500351E-1
1.256900571E2,3.721950293E0,1.355595112E1,-1.750950098E0
1.256925007E2,4.845000267E0,1.379805088E1,-8.752050400E0
1.256949441E2,1.977000117E0,9.499950409E0,-6.391050339E0
1.256973875E2,3.040050030E0,7.566000462E0,-6.871950150E0
1.256998311E2,5.014950275E0,7.936950207E0,-8.641050339E0
1.257022748E2,3.799500167E-1,5.392050266E0,-4.642950058E0
1.257047182E2,1.792950034E0,5.455950260E0,-1.200000048E-1
1.257071617E2,5.820000172E0,8.370000839E0,-3.538950205E0
1.257096053E2,1.833000064E0,4.570950031E0,-4.890000343E0
1.257120488E2,3.811050177E0,4.330950260E0,3.619500101E-1
1.257144924E2,4.350000381E0,1.100400066E1,-2.941050053E0
1.257169358E2,-2.250000089E-1,4.105950356E0,-1.372050047E0
1.257193794E2,-4.600500166E-1,3.133950233E0,6.091950417E0
1.257218229E2,-2.131050110E0,5.374950409E0,3.439050198E0
1.257242665E2,-1.411950111E0,1.282950044E0,2.320950031E0
1.257267099E2,7.890000343E-1,1.200000048E-1,2.770950079E0
1.257291534E2,-3.180000186E-1,5.722050190E0,1.840050101E0
1.257315970E2,2.259000063E0,1.101105022E1,4.320000172E0
1.257340405E2,3.145050049E0,1.142805099E1,2.581950188E0
1.257364841E2,1.780950069E0,1.083600044E1,-9.870000482E-1
1.257389275E2,2.461050034E0,1.657995033E1,5.760000348E-1
1.257413711E2,5.938950062E0,1.527105045E1,4.085999966E0
1.257438146E2,1.057995033E1,1.162395096E1,-4.939950466E0
1.257462580E2,7.402050495E0,1.493505096E1,-1.480005074E1
1.257487017E2,6.610050201E0,1.220400047E1,-1.628894997E1
1.257511453E2,4.303950310E0,1.260795021E1,-1.155105019E1
1.257535887E2,7.765950203E0,1.407405090E1,-1.000395012E1
1.257560321E2,3.520950079E0,1.019505024E1,-8.557950020E0
1.257584757E2,1.210950017E0,9.651000023E0,2.809500098E-1
1.257609192E2,4.531949997E0,1.204800034E1,-9.130500555E-1
1.257633628E2,4.342050076E0,1.103295040E1,-2.728050232E0
1.257658063E2,2.299950123E0,4.542000294E0,-2.968950033E0
1.257682499E2,2.812050104E0,7.228050232E0,-3.001050234E0
1.257706934E2,1.029000044E0,1.023105049E1,-7.533000469E0
1.257731370E2,-2.203050137E0,5.854050159E0,-2.365950108E0
1.257755804E2,-3.715950251E0,6.205950260E0,5.665950298E0
1.257780240E2,-2.023050070E0,6.580500603E-1,4.263000011E0
1.257804675E2,2.839500010E-1,-3.250500262E-1,5.280000210E0
1.257829111E2,-7.050000131E-3,3.463950157E0,-6.000000238E-2
1.257853545E2,3.109050035E0,3.835950136E0,4.011000156E0
1.257877980E2,8.805000305E0,2.659500241E-1,-3.094050169E0
1.257902416E2,7.108050346E0,-2.137050152E0,-1.176795101E1
1.257926850E2,8.025000572E0,-8.250000477E-1,-1.513200092E1
1.257951287E2,7.429050446E0,-2.611050129E0,-1.591800117E1
1.257975721E2,7.459500432E-1,-1.690500081E-1,-7.212000370E0
1.258000157E2,3.627000093E0,2.998050213E0,-1.678950071E0
1.258024592E2,6.375000477E0,2.322000027E0,-7.399500608E-1
1.258049026E2,4.195950031E0,4.531949997E0,2.260500044E-1
1.258073462E2,4.261050224E0,1.573500061E1,2.428950071E0
1.258097899E2,5.929950237E0,1.724100113E1,5.860050201E0
1.258122333E2,3.259950161E0,8.248050690E0,3.331050158E0
1.258146767E2,1.492950082E0,1.389405060E1,-5.119050026E0
1.258171203E2,4.114950180E0,2.285295105E1,5.410050392E0
1.258195638E2,5.167950153E0,1.624305153E1,5.256000042E0
1.258220074E2,5.050950050E0,1.588095093E1,2.649000168E0
1.258244509E2,1.108200073E1,2.010705185E1,-1.254900074E1
1.258268945E2,6.160050392E0,1.980495071E1,-1.589100075E1
1.258293380E2,3.475950241E0,1.797405052E1,-1.360200024E1
1.258317816E2,1.225050092E0,1.656795120E1,-1.075995064E1
1.258342250E2,1.153050065E0,1.476495075E1,-9.424050331E0
1.258366687E2,2.100000083E-1,8.085000038E0,-1.818000078E0
1.258391120E2,2.997000217E0,9.217950821E0,-1.080000043E0
1.258415557E2,3.231000185E0,1.222500038E1,-1.855950117E0
1.258439991E2,1.129050016E0,2.836950064E0,-5.479050159E0
1.258464426E2,7.849500179E-1,3.318000078E0,-3.058050156E0
1.258488862E2,-2.595000155E-2,1.617300034E1,7.876050472E0
1.258513297E2,-6.370500326E-1,1.851000071E0,7.806000233E0
1.258537733E2,-1.600500047E-1,1.735950112E0,-3.400050163E0
1.258562167E2,-5.770500302E-1,1.182105064E1,5.019000053E0
1.258586604E2,6.105000153E-2,4.906050205E0,5.350050449E0
1.258611038E2,2.247000217E0,4.437000275E0,4.189050198E0
1.258635472E2,2.926950216E0,1.275195026E1,3.396000147E0
1.258659908E2,3.706050158E0,7.257000446E0,5.436000347E0
1.258684343E2,2.410050154E0,4.077000141E0,4.585950375E0
1.258708779E2,3.487950087E0,9.682050705E0,2.991000175E0
1.258733214E2,1.488900089E1,1.121505070E1,-7.396050453E0
1.258757650E2,8.944050789E0,3.828000069E0,-1.814205170E1
1.258782084E2,8.254950523E0,8.398950577E0,-1.805805016E1
1.258806521E2,7.881000519E0,9.697050095E0,-1.769205093E1
1.258830954E2,7.489500642E-1,7.021950245E0,-6.762000084E0
1.258855391E2,1.690050125E0,8.191050529E0,7.380000353E-1
1.258879825E2,4.438050270E0,1.395900059E1,2.430000156E-1
1.258904262E2,3.277050257E0,9.820950508E0,1.567050099E0
1.258928696E2,1.074000001E0,6.321000099E0,-1.078050017E0
1.258953130E2,2.713950157E0,1.208595085E1,7.480500340E-1
1.258977567E2,2.536950111E0,1.023495007E1,1.560000062E0
1.259002001E2,1.480500102E-1,5.092950344E0,-1.102050066E0
1.259026437E2,1.669950128E0,9.904950142E0,2.625000238E0
1.259050872E2,4.231950283E0,8.808000565E0,3.870000124E0
1.259075308E2,1.857000113E0,2.392050028E0,-4.947000027E0
1.259099743E2,7.263000488E0,5.157000065E0,-3.187050104E0
1.259124179E2,7.149000168E0,6.997950554E0,-6.106050491E0
1.259148614E2,2.161050081E0,1.245000005E0,-1.239105034E1
1.259173050E2,2.962950230E0,3.862050295E0,-9.046050072E0
1.259197484E2,1.178595066E1,1.219050050E0,-9.407999992E0
1.259221918E2,5.686050415E0,1.175999999E0,-1.176795101E1
1.259246354E2,1.771050096E0,3.747000217E0,-6.400050163E0
1.259270789E2,7.524000168E0,4.444050312E0,-2.938050032E0
1.259295225E2,5.971050262E0,1.743000031E0,-2.473950148E0
1.259319660E2,2.226000071E0,4.252050400E0,-1.135050058E0
1.259344096E2,5.736000061E0,7.338000298E0,-1.372050047E0
1.259368530E2,4.881000042E0,5.310000420E0,-3.733050108E0
1.259392967E2,1.254000068E0,5.646000385E0,-8.128950119E0
1.259417400E2,3.112050056E0,7.240050316E0,-6.397950172E0
1.259441835E2,6.598050117E0,4.149000168E0,-8.224950790E0
1.259466271E2,3.730500042E-1,2.844000101E0,-7.509000301E0
1.259490706E2,-7.540500164E-1,3.096000195E0,8.680500388E-1
1.259515142E2,1.074000001E0,8.554950714E0,5.917050362E0
1.259539577E2,1.749000072E0,4.450950146E0,5.412000179E0
1.259564013E2,1.467000127E0,7.317000389E0,-5.467050076E0
1.259588447E2,2.367000103E0,1.006995010E1,2.730000019E0
1.259612884E2,1.900050044E0,8.986050606E0,2.553000212E0
1.259637318E2,2.509500086E-1,1.435605049E1,-4.072950363E0
1.259661754E2,-1.168050051E0,1.620900154E1,-2.185950041E0
1.259686189E2,-1.039050102E0,1.275705051E1,8.869500160E-1
1.259710623E2,-4.065000057E0,1.318005085E1,-6.660000086E-1
1.259735059E2,-4.900950432E0,1.082205009E1,-4.834950447E0
1.259759494E2,-1.858050108E0,9.481050491E0,4.107000351E0
1.259783930E2,2.340000123E-1,5.301000118E0,5.575050354E0
1.259808367E2,1.728000045E0,5.296050072E0,3.256950140E0
1.259832801E2,3.828000069E0,4.780950069E0,9.126000404E0
1.259857235E2,3.150000095E0,3.088950157E0,8.125050545E0
1.259881672E2,3.160050154E0,4.726050377E0,4.885050297E0
1.259906106E2,2.877000093E0,4.579950333E0,5.343000412E0
1.259930542E2,1.527000070E0,1.747950077E0,6.394050121E0
1.259954977E2,8.068050385E0,2.806050062E0,8.956050873E0
1.259979413E2,2.504100037E1,1.963995171E1,-3.000300217E1
1.260003847E2,2.451000023E1,5.782050133E0,-3.448995209E1
1.260028281E2,1.025895023E1,5.943000317E0,-3.720300293E1
1.260052717E2,9.411000252E0,1.314495087E1,-4.081800079E1
1.260077152E2,8.584950447E0,1.244100094E1,-2.449605179E1
1.260101588E2,4.903050423E0,9.010050774E0,-1.384905052E1
1.260126023E2,3.531000137E0,1.341705036E1,2.290050030E0
1.260150459E2,5.443950176E0,2.155995178E1,1.276200104E1
1.260174894E2,4.795050144E0,1.156200027E1,8.908050537E0
1.260199330E2,9.300000221E-2,3.439950228E0,-9.679500461E-1
1.260223764E2,3.520950079E0,1.134900093E1,3.154050112E0
1.260248200E2,3.049950123E0,1.016595078E1,5.103000164E0
1.260272634E2,1.951050043E0,5.466000080E0,1.816050053E0
1.260297069E2,3.898950100E0,1.340595055E1,-2.782950163E0
1.260321505E2,5.311950207E0,1.243095016E1,4.945050240E0
1.260345940E2,3.568950176E0,1.036200047E1,-3.736050129E0
1.260370376E2,3.433050156E0,1.624800110E1,5.490000248E-1
1.260394811E2,4.405050278E0,1.981500053E1,3.583050251E0
1.260419247E2,2.451000214E0,1.261305046E1,-3.124950171E0
1.260443681E2,-4.696950436E0,2.044500160E1,5.920500159E-1
1.260468118E2,-5.221950054E0,1.523700047E1,2.256000042E0
1.260492551E2,-3.466950178E0,7.714050293E0,-9.150000215E-1
1.260516988E2,-4.792950153E0,8.791950226E0,1.618950129E0
1.260541422E2,-3.667950153E0,4.396049976E0,7.660050392E0
1.260565859E2,8.850000501E-1,1.353000045E0,8.617950439E0
1.260590293E2,2.559000015E0,4.171050072E0,3.175950050E0
1.260614727E2,4.396950245E0,6.124050140E0,5.508000374E0
1.260639164E2,3.744000196E0,3.666000128E0,9.709950447E0
1.260663598E2,1.636950135E0,5.338950157E0,5.130000114E-1
1.260688034E2,4.900500178E-1,1.448100090E1,-2.244000196E0
1.260712469E2,3.514050245E0,9.886050224E0,7.069500089E-1
1.260736905E2,2.518050194E0,6.625050545E0,3.613950253E0
1.260761340E2,5.070000291E-1,7.330950260E0,-1.782000065E0
1.260785773E2,2.803050041E0,1.549305058E1,2.536050081E0
1.260810210E2,4.156050205E0,1.548600101E1,5.469000340E0
1.260834644E2,1.504950047E0,9.295050621E0,-2.826000214E0
1.260859080E2,1.639500111E-1,9.888000488E0,-3.877050161E0
1.260883515E2,2.014950037E0,1.315905094E1,7.147950172E0
1.260907951E2,1.504950047E0,8.377950668E0,3.087000132E0
1.260932386E2,4.560000300E-1,8.275050163E0,1.846950054E0
1.260956822E2,2.173050165E0,1.320705032E1,2.604000092E0
1.260981257E2,4.528950214E0,1.029495049E1,-2.209500074E-1
1.261005693E2,3.253050089E0,8.617050171E0,3.859500289E-1
1.261030128E2,2.239500046E1,6.522000313E0,-2.068950176E0
1.261054564E2,4.192049980E0,8.713050842E0,-2.426700211E1
1.261078998E2,1.840050101E0,4.804950237E0,-1.880505180E1
1.261103432E2,3.849000216E0,1.151400089E1,-2.433105087E1
1.261127868E2,1.584000111E0,1.042905045E1,-9.979950905E0
1.261152303E2,9.550500512E-1,6.804000378E0,-2.103000164E0
1.261176739E2,3.708000183E0,1.262700081E1,1.026000023E0
1.261201174E2,3.526050091E0,1.261995029E1,1.147950053E0
1.261225610E2,1.189050078E0,4.408050060E0,2.275050163E0
1.261250044E2,4.420500100E-1,2.659950018E0,5.779500008E-1
1.261274481E2,1.095000096E-2,6.871950150E0,2.838000059E0
1.261298915E2,-1.207050085E0,7.543950558E0,4.800000191E-1
1.261323351E2,3.679050207E0,5.860950470E0,1.117050052E0
1.261347786E2,2.868000031E0,8.634000778E0,-6.384000301E0
1.261372222E2,7.150500417E-1,6.189000130E0,-5.725050449E0
1.261396656E2,1.645950079E0,5.506950378E0,-2.794950247E0
1.261421091E2,4.048050404E0,1.203105068E1,-4.114050388E0
1.261445527E2,4.314000130E0,1.105905056E1,-4.453950405E0
1.261469961E2,1.311000109E0,5.830050468E0,-1.624050021E0
1.261494397E2,3.937950134E0,8.215050697E0,-5.200500488E-1
1.261518832E2,3.925950289E0,8.842050552E0,-6.811950207E0
1.261543268E2,2.037000179E0,4.252050400E0,-5.371050358E0
1.261567703E2,5.215950012E0,5.710050106E0,-5.187000275E0
1.261592139E2,6.138000488E0,6.496050358E0,-9.328950882E0
1.261616573E2,9.520500302E-1,3.334950209E0,-6.657000542E0
1.261641010E2,7.009500265E-1,3.663000107E0,-1.066050053E0
1.261665444E2,6.418050289E0,1.050405025E1,-2.569500208E-1
1.261689878E2,3.519000053E0,8.052000046E0,-2.086050034E0
1.261714314E2,2.443950176E0,6.838050365E0,3.960000277E-1
1.261738749E2,5.914950371E0,9.141000748E0,1.366050124E0
1.261763185E2,5.761950493E0,6.582000256E0,-6.316950321E0
1.261787620E2,2.073000193E0,7.255050182E0,-6.811950207E0
1.261812056E2,1.057200050E1,7.599000454E0,-7.327050209E0
1.261836491E2,1.052700043E1,2.361000061E0,-1.285305023E1
1.261860927E2,2.796000242E0,4.506000042E0,-1.205100060E1
1.261885361E2,8.179950714E0,5.305950165E0,-9.706950188E0
1.261909797E2,7.848000526E0,4.621050358E0,-9.819000244E0
1.261934232E2,-1.120500043E-1,3.235050201E0,-9.360000610E0
1.261958668E2,1.219950080E0,3.670050144E0,-3.922050238E0
1.261983102E2,6.568950176E0,6.024000168E0,-9.250500202E-1
1.262007537E2,3.303000212E0,1.525050044E0,-2.490000129E-1
1.262031973E2,1.705950022E0,3.330000043E-1,1.840050101E0
1.262056408E2,6.279000282E0,5.125950336E0,1.746000051E0
1.262080844E2,8.221050262E0,6.630000114E0,-1.135050058E0
1.262105278E2,5.146950245E0,3.594000101E0,-5.062050343E0
1.262129715E2,6.724950314E0,7.333950520E0,-4.504050255E0
1.262154149E2,7.534050465E0,7.329000473E0,-6.847950459E0
1.262178583E2,1.072050095E0,5.073000431E0,-3.513000250E0
1.262203019E2,3.510000110E-1,9.582000732E0,3.700050116E0
1.262227454E2,1.833000064E0,1.181595039E1,4.561950207E0
1.262251891E2,1.374000072E0,4.791000366E0,2.143949986E0
1.262276324E2,2.650500238E-1,6.034050465E0,-5.596050262E0
1.262300761E2,1.924050093E0,1.063095093E1,1.165050030E0
1.262325195E2,3.354000092E0,1.034295082E1,4.006950378E0
1.262349631E2,1.816050053E0,6.903000355E0,4.390500188E-1
1.262374065E2,2.530050039E0,1.313700104E1,-3.891000271E0
1.262398502E2,5.554050446E0,1.432995033E1,-8.895000070E-2
1.262422937E2,3.169050217E0,9.382950783E0,-3.465000153E0
1.262447373E2,3.370050192E0,1.452600098E1,-9.100500345E-1
1.262471807E2,5.155950069E0,1.582395077E1,2.761950016E0
1.262496241E2,1.126950026E0,1.261500072E1,-2.893050194E0
1.262520679E2,1.012050033E0,1.563495064E1,5.970000029E-1
1.262545112E2,3.592950106E0,1.717905045E1,4.141050339E0
1.262569549E2,2.632950068E0,1.408995056E1,2.140500098E-1
1.262593983E2,1.140000075E-1,1.326405048E1,1.006950021E0
1.262618419E2,6.700500250E-1,1.582095051E1,3.187950134E0
1.262642854E2,1.663050056E0,1.291695023E1,6.118050098E0
1.262667290E2,-2.730000019E-1,7.683000565E0,2.310000062E-1
1.262691725E2,-2.320500165E-1,1.060395050E1,3.520950079E0
1.262716161E2,1.567695045E1,9.526950836E0,3.102000237E0
1.262740596E2,6.876000404E0,5.334000111E0,-2.245605087E1
1.262765032E2,1.022295094E1,4.396049976E0,-2.882100105E1
1.262789466E2,9.093000412E0,8.800950050E0,-2.688405037E1
1.262813900E2,2.773950100E0,4.539000034E0,-1.858005142E1
1.262838337E2,4.183950424E0,9.124950409E0,-8.190000653E-1
1.262862771E2,4.500000000E0,1.341705036E1,6.706950188E0
1.262887207E2,1.801950097E0,6.667950153E0,1.774950027E0
1.262911642E2,-2.097000122E0,1.175595093E1,4.852050304E0
1.262936078E2,-2.566050053E0,8.329950333E0,8.295000076E0
1.262960513E2,1.174950004E0,4.173000336E0,3.511050224E0
1.262984946E2,2.941950083E0,6.984000206E0,6.760050297E0
1.263009383E2,4.965000153E0,9.354000092E0,5.896050453E0
1.263033819E2,4.990950108E0,7.579950333E0,4.918950081E0
1.263058253E2,3.190950155E0,6.211050510E0,-2.830500007E-1
1.263082688E2,1.587105083E1,9.117000580E0,-8.914050102E0
1.263107124E2,9.307950020E0,5.671950340E0,-2.488695145E1
1.263131559E2,2.551050186E0,5.224050045E0,-1.746900177E1
1.263155995E2,3.715050220E0,7.774050236E0,-1.108800030E1
1.263180430E2,3.703050137E0,7.432050228E0,-5.280000210E0
1.263204866E2,1.170000076E0,4.966050148E0,-7.200000435E-2
1.263229300E2,1.065000057E0,6.819000244E0,1.009500027E-1
1.263253736E2,6.319950104E0,9.105000496E0,9.949500561E-1
1.263278171E2,2.323950052E0,4.261950016E0,-6.523050308E0
1.263302607E2,1.861950040E0,1.422000051E0,1.003950000E0
1.263327042E2,6.928050518E0,7.450950146E0,5.560500026E-1
1.263351478E2,4.455000401E0,6.649050236E0,-7.689000130E0
1.263375912E2,5.279999971E-1,3.426000118E0,-1.779000044E0
1.263400347E2,1.857000113E0,5.835000515E0,6.676050186E0
1.263424783E2,2.335950136E0,6.742050171E0,-1.261950016E0
1.263449217E2,4.680000246E-1,6.088950157E0,-1.732050061E0
1.263473653E2,3.784950256E0,1.072905064E1,3.355050087E0
1.263498088E2,3.853950262E0,1.314900017E1,-2.718000174E0
1.263522524E2,3.568950176E0,1.253400040E1,-2.494950056E0
1.263546959E2,2.370000124E0,1.508595085E1,1.842000127E0
1.263571393E2,3.412950277E0,1.660395050E1,3.774000168E0
1.263595829E2,3.937950134E0,1.588395119E1,-4.150500298E-1
1.263620263E2,2.853000164E0,1.407600021E1,2.078999996E0
1.263644700E2,6.058950424E0,1.332900047E1,-1.819950104E0
1.263669134E2,1.882950068E0,1.354695034E1,-1.086795044E1
1.263693570E2,9.310500622E-1,1.232805061E1,-1.060005093E1
1.263718005E2,1.644000053E0,1.147305012E1,-1.130205059E1
1.263742441E2,2.104050159E0,1.176300049E1,-1.065300083E1
1.263766876E2,-2.920500040E-1,7.384050369E0,-3.838950157E0
1.263791312E2,2.359500080E-1,5.728950500E0,-7.950000465E-3
1.263815746E2,2.938950062E0,1.360395050E1,6.859500408E-1
1.263840183E2,9.469500184E-1,5.647950172E0,-1.485000014E0
1.263864617E2,-8.595000207E-2,-5.400000140E-2,-6.210000515E-1
1.263889051E2,-2.242950201E0,4.447950363E0,1.390050054E0
1.263913488E2,-2.638050079E0,7.765050411E0,2.914950132E0
1.263937922E2,-5.599500537E-1,2.430000067E0,2.593950033E0
1.263962358E2,-2.340000123E-1,1.020000076E1,2.002950191E0
1.263986793E2,2.281050205E0,7.350000381E0,2.962950230E0
1.264011229E2,3.471000195E0,5.530950069E0,1.192950010E0
1.264035663E2,2.713950157E0,6.757050514E0,1.540050030E0
1.264060100E2,2.130000114E0,5.794050217E0,4.758000374E0
1.264084534E2,1.210950017E0,2.806050062E0,2.107950211E0
1.264108970E2,1.510050058E0,4.360050201E0,-6.040500402E-1
1.264133405E2,8.020050049E0,6.784950256E0,7.014000416E0
1.264157839E2,1.138605022E1,9.940500259E-1,-1.331805038E1
1.264182275E2,8.146950722E0,1.671000123E0,-2.001705170E1
1.264206710E2,1.275405025E1,6.982050419E0,-2.380005074E1
1.264231146E2,8.953950882E0,5.739000320E0,-1.867800140E1
1.264255580E2,1.405050039E0,7.177950382E0,-1.136895084E1
1.264280017E2,5.722050190E0,1.135800076E1,-3.118050098E0
1.264304451E2,8.701950073E0,1.257900047E1,1.900050044E0
1.264328887E2,3.066000223E0,9.499950409E0,4.303050041E0
1.264353322E2,3.813000202E0,1.617300034E1,6.565950394E0
1.264377756E2,8.089050293E0,1.273800087E1,1.999950051E0
1.264402193E2,4.474050045E0,8.445000648E0,-5.373000145E0
1.264426627E2,7.327950478E0,1.276095104E1,-7.174050331E0
1.264451063E2,6.598050117E0,1.252200031E1,-1.282395077E1
1.264475497E2,2.238000154E0,1.410195065E1,-4.915950298E0
1.264499933E2,2.002950191E0,1.429605103E1,1.050000072E0
1.264524368E2,3.970950127E0,1.618305016E1,-2.400000095E0
1.264548804E2,3.804000139E0,1.277100086E1,-7.516050339E0
1.264573239E2,4.210500121E-1,9.469050407E0,-2.617050171E0
1.264597675E2,1.821000099E0,1.210995102E1,-3.810000122E-1
1.264622109E2,2.994000196E0,1.279995060E1,6.310500503E-1
1.264646543E2,1.186950088E0,7.876950264E0,-3.004950047E0
1.264670980E2,1.090500057E-1,4.482000351E0,-1.981050134E0
1.264695416E2,-4.930500090E-1,1.083900070E1,-1.032000065E0
1.264719851E2,3.750000298E-1,7.408050537E0,3.018000126E0
1.264744287E2,-7.090500593E-1,1.381050110E0,1.870950103E0
1.264768721E2,-4.120500088E-1,1.257000089E0,-3.139500022E-1
1.264793155E2,1.306050062E0,5.514000416E0,1.926000118E0
1.264817591E2,1.543950081E0,8.779950142E0,-9.850500226E-1
1.264842026E2,1.393050075E0,6.799950123E0,4.030950069E0
1.264866462E2,2.619000196E0,8.538000107E0,2.746950150E0
1.264890897E2,1.450050116E0,6.031050205E0,2.472000122E0
1.264915333E2,1.519950032E0,1.156200027E1,1.756050110E0
1.264939768E2,2.425050020E0,1.151400089E1,-1.066050053E0
1.264964202E2,1.396950126E0,1.019505024E1,6.469500065E-1
1.264988638E2,-2.299500108E-1,1.491600037E1,-2.922000170E0
1.265013072E2,3.820500076E-1,1.535205078E1,2.290050030E0
1.265037509E2,9.070500135E-1,1.470300102E1,2.704050064E0
1.265061943E2,4.279500246E-1,1.665495110E1,3.649500310E-1
1.265086379E2,1.564950109E0,1.628805161E1,1.957050085E0
1.265110814E2,3.895050287E0,1.267800045E1,2.692050219E0
1.265135250E2,2.551050186E0,1.033095074E1,-1.609050035E0
1.265159685E2,3.504000187E0,1.222005081E1,3.133050203E0
1.265184121E2,3.355950117E0,1.087995052E1,4.999950409E0
1.265208555E2,1.845000029E0,5.251050472E0,1.627050042E0
1.265232992E2,5.935050488E0,7.314000130E0,7.888050556E0
1.265257425E2,1.978605080E1,3.826050282E0,-1.591095066E1
1.265281860E2,5.046000004E0,7.341000557E0,-3.448995209E1
1.265306296E2,4.249500334E-1,4.671000004E0,-2.455905151E1
1.265330731E2,-1.192050099E0,7.585050583E0,-1.468905067E1
1.265355167E2,-1.219050050E0,3.505050182E0,-9.130500555E-1
1.265379601E2,-1.566000104E0,3.988950253E0,6.123000145E0
1.265404038E2,2.460000068E-1,5.059050083E0,8.308950424E0
1.265428472E2,6.391950130E0,3.117000103E0,8.266050339E0
1.265452908E2,1.076595020E1,-7.339500189E-1,-1.066050053E0
1.265477343E2,1.776000023E1,-1.885950089E0,-1.687305069E1
1.265501779E2,2.233095169E1,-4.246950150E0,-2.594295120E1
1.265526214E2,1.926105118E1,-4.563000202E0,-2.871300125E1
1.265550648E2,9.864000320E0,5.206950188E0,-2.773395157E1
1.265575084E2,9.172050476E0,7.222950459E0,-1.800105095E1
1.265599518E2,4.747050285E0,5.398950100E0,-4.914000034E0
1.265623955E2,1.048050046E0,6.547950268E0,-9.417000771E0
1.265648389E2,3.877950191E0,2.275305176E1,-4.612050056E0
1.265672825E2,5.899050236E0,2.853495216E1,1.485000038E1
1.265697260E2,2.305050135E0,7.972950459E0,6.934950352E0
1.265721696E2,-9.550500512E-1,1.751399994E1,-8.890050888E0
1.265746131E2,6.409500241E-1,2.856105042E1,3.529500067E-1
1.265770564E2,-2.560500205E-1,1.419600105E1,5.083950043E0
1.265795001E2,-8.667000771E0,2.135700035E1,-5.292000294E0
1.265819437E2,-5.763000488E0,1.570905113E1,-1.030050039E0
1.265843871E2,-4.951050282E0,1.371000099E1,-1.063950062E0
1.265868306E2,-5.416050434E0,1.141095066E1,-3.657000065E0
1.265892742E2,-4.660950184E0,1.061100006E1,6.973050117E0
1.265917177E2,-2.016000032E0,7.932000160E0,1.540095043E1
1.265941613E2,3.340500295E-1,5.884950161E0,-1.152000070E0
1.265966047E2,1.993950129E0,2.523000002E0,7.507050514E0
1.265990484E2,1.339950085E0,-5.110500455E-1,1.316505051E1
1.266014918E2,-1.423950076E0,-4.999500215E-1,-3.372000217E0
1.266039352E2,-9.795000404E-2,1.060950041E0,-1.372050047E0
1.266063789E2,1.363950014E0,1.470000029E0,1.008300018E1
1.266088225E2,2.556000233E0,9.859500527E-1,8.263950348E0
1.266112660E2,2.908050060E0,3.100950241E0,1.798950076E0
1.266137094E2,2.463000059E0,3.271050215E0,2.299050093E0
1.266161530E2,1.402050018E0,1.663950086E0,8.407050133E0
1.266185964E2,8.487000465E0,2.181900024E1,-2.670000076E0
1.266210401E2,1.415700054E1,4.008495331E1,3.682950258E0
1.266234835E2,7.095000148E-2,5.076000214E0,1.209195042E1
1.266259271E2,-7.780500650E-1,7.129500508E-1,1.093050003E0
1.266283706E2,3.508950233E0,1.372050047E0,3.169050217E0
1.266308142E2,6.838695526E1,-3.444000244E0,-4.885050297E0
1.266332576E2,2.563695145E1,-4.279950142E0,-5.254605103E1
1.266357011E2,1.043295002E1,-2.788050175E0,-5.536800385E1
1.266381447E2,5.374050140E0,6.820500493E-1,-3.428895187E1
1.266405884E2,6.529500484E-1,4.360500276E-1,-3.661050081E0
1.266430318E2,-4.995000362E-2,-2.100000083E-1,1.279500127E-1
1.266454752E2,-2.610000074E-1,-1.519500017E-1,6.000000052E-3
1.266479188E2,-1.530000120E-1,1.200000048E-1,1.369500011E-1
1.266503623E2,8.872050285E0,2.119905090E1,-1.099005032E1
1.266528059E2,1.021305084E1,2.761995125E1,8.271000862E0
1.266552494E2,1.120050073E0,3.274950266E0,2.098050117E0
1.266576930E2,-2.749500275E-1,-6.000000052E-3,2.239500135E-1
1.266601364E2,3.568950176E0,5.056950092E0,-6.240000248E0
1.266625798E2,3.279000044E0,2.239800072E1,-3.304950237E0
1.266650234E2,-4.261950016E0,2.002305031E1,6.511050224E0
1.266674669E2,-4.551000118E0,9.535950661E0,2.653695107E1
1.266699105E2,-2.610000134E0,3.639000177E0,9.159000397E0
1.266723540E2,-4.863000393E0,9.535950661E0,1.009050012E0
1.266747976E2,-5.976000309E0,1.191900063E1,8.560500145E-1
1.266772411E2,-3.618000269E0,7.954050541E0,5.989500284E-1
1.266796847E2,-3.972000122E0,8.515950203E0,6.090000272E-1
1.266821281E2,-5.076000214E0,9.109950066E0,6.930000186E-1
1.266845717E2,-4.159049988E0,9.013950348E0,7.069500089E-1
1.266870152E2,-2.227050066E0,1.059495068E1,-7.039500475E-1
1.266894588E2,-6.679500341E-1,7.863000393E0,2.239500135E-1
1.266919022E2,9.568950653E0,7.465050220E0,5.254050255E0
1.266943457E2,1.560000038E1,3.019050121E0,-6.937050343E0
1.266967893E2,6.859500408E-1,1.456050038E0,-1.839000106E0
1.266992327E2,-4.639500082E-1,7.695000619E-2,1.995000057E-2
1.267016763E2,4.330500066E-1,2.728950024E0,6.570000052E-1
1.267041198E2,1.443000078E0,1.138995075E1,-1.002300072E1
1.267065634E2,1.993950129E0,8.923050880E0,-2.610105133E1
1.267090069E2,1.137000084E1,4.056000233E0,3.322050095E0
1.267114503E2,1.233900070E1,2.856000185E0,-7.375050545E0
1.267138940E2,3.409050226E0,8.665050507E0,-1.341105080E1
1.267163376E2,4.714050293E0,1.668105125E1,-1.957050085E0
1.267187810E2,8.548950195E0,1.546905041E1,3.025050163E0
1.267212244E2,3.427950144E0,1.150005054E1,-6.798000336E0
1.267236680E2,8.619000435E0,1.822994995E1,1.357950091E0
1.267261115E2,6.291000366E0,1.597200108E1,-1.152900028E1
1.267285551E2,5.815050125E0,1.017300034E1,-7.861050606E0
1.267309986E2,7.483950138E0,1.237095070E1,-8.151000023E0
1.267334422E2,3.064050198E0,1.564905071E1,-7.554000378E0
1.267358857E2,4.254000187E0,1.213395023E1,-4.429950237E0
1.267383293E2,4.831050396E0,1.115205097E1,-9.670950890E0
1.267407728E2,7.455000401E0,1.239495087E1,-8.515049934E0
1.267432164E2,3.070950031E0,7.635000229E0,-1.288695049E1
1.267456598E2,5.013000011E0,6.160050392E0,-7.945050240E0
1.267481034E2,7.825950146E0,1.608495140E1,-2.320950031E0
1.267505469E2,3.306000233E0,9.153000832E0,-1.231050014E0
1.267529903E2,2.122950077E0,7.033950329E0,4.018949986E0
1.267554339E2,2.116050005E0,1.513905048E1,6.286050320E0
1.267578774E2,3.403950214E0,1.354905033E1,5.007000446E0
1.267603210E2,9.619500637E-1,8.200050354E0,2.200950146E0
1.267627644E2,7.960500121E-1,1.087005043E1,2.095950127E0
1.267652081E2,3.865950108E0,1.606800079E1,7.384950161E0
1.267676515E2,3.049950123E0,1.324500084E1,2.038050175E0
1.267700949E2,7.560000420E-1,1.353495026E1,-5.373000145E0
1.267725385E2,1.366050124E0,1.309395027E1,2.860500216E-1
1.267749822E2,2.128050089E0,9.402000427E0,-1.440000087E-1
1.267774256E2,1.551000118E0,8.847000122E0,7.500000298E-2
1.267798693E2,1.678050041E0,9.742050171E0,1.480950117E0
1.267823127E2,6.595050335E0,7.779000282E0,1.584000111E0
1.267847561E2,3.294000149E0,5.113950253E0,-1.029600048E1
1.267871997E2,4.905000329E-2,5.587950230E0,-1.710000038E0
1.267896432E2,2.827050209E0,9.613050461E0,9.180000424E-1
1.267920868E2,1.840050101E0,8.265000343E0,-8.580000401E-1
1.267945303E2,-2.920500040E-1,6.936000347E0,-3.841050148E0
1.267969739E2,1.338000059E0,9.466950417E0,4.320000172E0
1.267994174E2,1.611000061E0,8.148000717E0,8.700000644E-1
1.268018607E2,8.805000782E-2,6.900000095E0,-3.142050266E0
1.268043044E2,2.128050089E0,8.763000488E0,3.523050070E0
1.268067478E2,3.733950138E0,5.671950340E0,-2.019000053E0
1.268091914E2,-1.699500084E-1,1.494000077E0,-2.067000151E0
1.268116349E2,5.547000408E0,4.159049988E0,-5.419500470E-1
1.268140785E2,6.859500408E-1,1.109700012E1,-8.661000252E0
1.268165220E2,2.061000109E0,5.064000130E0,-5.653050423E0
1.268189656E2,1.567050099E0,2.796000242E0,-2.281949997E0
1.268214091E2,3.643050194E0,4.288050175E0,-6.502950191E0
1.268238527E2,1.419000030E0,4.240050316E0,-7.152000427E0
1.268262961E2,2.487000227E0,2.695950031E0,-1.914000034E0
1.268287398E2,4.872000217E0,6.322950363E0,-5.755950451E0
1.268311831E2,3.622050285E0,4.645050049E0,-7.051950455E0
1.268336266E2,3.046950102E0,5.251050472E0,-2.584050179E0
1.268360703E2,7.477050304E0,8.494950294E0,5.595000088E-2
1.268385137E2,5.965950489E0,5.113950253E0,-5.686950207E0
1.268409573E2,4.572000027E0,6.280050278E0,-3.568050146E0
1.268434008E2,7.431000233E0,9.157950401E0,-4.060950279E0
1.268458444E2,7.990950584E0,6.438000202E0,-8.662950516E0
1.268482878E2,4.369500279E-1,7.279050350E0,-1.085400009E1
1.268507314E2,3.199500144E-1,7.243050575E0,-4.789500237E-1
1.268531748E2,2.745000124E0,1.223700047E1,3.516000271E0
1.268556185E2,2.053050041E0,1.068600082E1,1.524000049E0
1.268580619E2,7.819500566E-1,9.349950790E0,-1.293000102E0
1.268605054E2,5.520000458E0,1.250805092E1,1.696050048E0
1.268629490E2,3.163950205E0,1.110495090E1,-5.905050278E0
1.268653924E2,1.669950128E0,1.106595039E1,-5.421000481E0
1.268678361E2,5.884050369E0,1.302495098E1,8.680500388E-1
1.268702795E2,3.490050077E0,1.314000034E1,-8.827950478E0
1.268727231E2,1.953000069E0,8.348999977E0,2.473950148E0
1.268751666E2,2.227950096E0,1.299795055E1,1.423050046E0
1.268776102E2,4.456950188E0,1.565895081E1,2.386050224E0
1.268800537E2,2.310000181E0,1.042905045E1,-1.830000043E0
1.268824973E2,-2.149500102E-1,9.682050705E0,-3.724050283E0
1.268849408E2,1.657950044E0,1.559595108E1,7.459500432E-1
1.268873841E2,-3.349500299E-1,1.313700104E1,-5.718000412E0
1.268898277E2,-1.135050058E0,5.430000305E0,-2.950500250E-1
1.268922712E2,-3.970500231E-1,9.619950294E0,-2.457000017E0
1.268947148E2,5.670000315E-1,6.724950314E0,-6.331050396E0
1.268971583E2,1.402050018E0,3.828000069E0,-3.100950241E0
1.268996019E2,5.098950386E0,5.385000229E0,-2.730000019E0
1.269020454E2,4.090950012E0,6.385050297E0,-8.850000381E0
1.269044890E2,2.203950167E0,3.132000208E0,-6.139050484E0
1.269069324E2,9.160050392E0,4.555950165E0,-6.183000088E0
1.269093758E2,1.192305088E1,4.968000412E0,-1.004505062E1
1.269118195E2,4.576950073E0,2.361000061E0,-8.701050758E0
1.269142629E2,2.698050022E0,6.651000500E0,-1.750950098E0
1.269167065E2,4.941000462E0,9.277950287E0,4.440000355E-1
1.269191500E2,1.945950150E0,3.151050091E0,-1.273950100E0
1.269215936E2,2.182950020E0,1.651950121E0,-6.180000305E-1
1.269240370E2,5.056050301E0,4.465050220E0,-7.260000110E-1
1.269264807E2,8.065950394E0,3.603000164E0,-2.869050026E0
1.269289241E2,6.243000507E0,1.684950113E0,-7.795950413E0
1.269313677E2,9.126000404E0,5.655000210E0,-1.185705090E1
1.269338112E2,1.125495052E1,4.309950352E0,-9.307050705E0
1.269362546E2,6.619050503E0,1.719000101E0,-8.341950417E0
1.269386982E2,6.246000290E0,7.357950211E0,-8.517000198E0
1.269411417E2,8.899050713E0,7.777050495E0,-8.935950279E0
1.269435853E2,2.299950123E0,5.871000290E0,-3.541950226E0
1.269460287E2,7.339500189E-1,9.156000137E0,1.873050094E0
1.269484723E2,2.865000248E0,1.781295013E1,6.505950451E0
1.269509158E2,5.056050301E0,9.067049980E0,9.949500561E-1
1.269533594E2,7.270500064E-1,7.449000359E0,-4.395000264E-2
1.269558029E2,6.909000397E0,1.587405109E1,1.356000066E0
1.269582465E2,4.744950294E0,1.348905087E1,-7.147050381E0
1.269606900E2,3.895050287E0,5.458950043E0,-7.225950241E0
1.269631336E2,4.572000027E0,7.683000565E0,-9.262050629E0
1.269655770E2,6.232050419E0,8.113950729E0,-9.295050621E0
1.269680204E2,2.790000141E-1,5.008950233E0,-2.256000042E0
1.269704640E2,5.950500369E-1,4.159049988E0,5.110500455E-1
1.269729075E2,2.290950060E0,1.013505077E1,-9.439500570E-1
1.269753511E2,2.890950203E0,8.607000351E0,-8.700000495E-2
1.269777946E2,1.615050077E0,6.060000420E0,-2.140950203E0
1.269802382E2,1.395000100E0,8.296050072E0,8.959500194E-1
1.269826817E2,1.909950137E0,8.337000847E0,9.850500226E-1
1.269851253E2,7.060500383E-1,5.053950310E0,2.119500041E-1
1.269875687E2,3.870000243E-1,8.860950470E0,8.220000267E-1
1.269900124E2,1.918950081E0,1.092705059E1,5.014950275E0
1.269924557E2,1.237050056E0,5.914050102E0,9.349500537E-1
1.269948992E2,4.999500215E-1,6.730050087E0,-5.029500127E-1
1.269973428E2,1.491000056E0,1.075005054E1,4.105050087E0
1.269997863E2,1.717950106E0,9.283050537E0,2.364000082E0
1.270022299E2,8.110500574E-1,8.476050377E0,1.437000036E0
1.270046734E2,1.323000073E0,1.080300045E1,2.380950212E0
1.270071170E2,2.109000206E0,1.067595005E1,1.974000096E0
1.270095604E2,6.358050346E0,8.290950775E0,2.785050154E0
1.270120041E2,8.037000656E0,8.287050247E0,-7.155000210E0
1.270144474E2,2.082000017E0,7.671000481E0,-3.055950165E0
1.270168909E2,3.607050180E0,6.574950218E0,-1.698000073E0
1.270193345E2,2.019705009E1,1.142100048E1,-1.756500053E1
1.270217782E2,9.670050621E0,6.577050209E0,-3.212700272E1
1.270242216E2,5.400000215E-1,9.948000908E0,-1.596600056E1
1.270266650E2,4.081050396E0,1.181295013E1,-3.604050159E0
1.270291087E2,6.799050331E0,1.470105076E1,-1.648050070E0
1.270315521E2,3.109050035E0,8.350950241E0,-2.059500068E-1
1.270339957E2,1.906950116E0,9.402000427E0,3.868050098E0
1.270364392E2,5.116050243E0,1.561095047E1,-4.410000145E-1
1.270388828E2,3.148050070E0,1.131300068E1,-2.947950125E0
1.270413263E2,1.467000127E0,1.009905052E1,-3.214050055E0
1.270437697E2,5.008050442E0,1.029795074E1,-6.610950470E0
1.270462133E2,6.006000519E0,9.879000664E0,-1.109295082E1
1.270486567E2,1.657950044E0,1.002705002E1,-5.641050339E0
1.270511003E2,3.532950163E0,1.276605034E1,-1.726950049E0
1.270535438E2,5.731050491E0,1.175295067E1,-4.036950111E0
1.270559874E2,2.440950155E0,1.028100014E1,6.589500308E-1
1.270584309E2,1.687050104E0,9.322950363E0,1.509000063E0
1.270608745E2,5.394000053E0,8.986050606E0,-2.305950165E0
1.270633180E2,2.274000168E0,7.783950329E0,-6.205950260E0
1.270657616E2,1.608000040E0,5.602950096E0,7.360500097E-1
1.270682050E2,4.026000023E0,9.049950600E0,-2.134050131E0
1.270706484E2,3.615000248E0,1.066200066E1,-2.706000090E0
1.270730920E2,1.857000113E0,7.635000229E0,1.279500127E-1
1.270755355E2,1.438050032E0,1.019700050E1,-1.426950097E0
1.270779791E2,3.600000143E0,1.398300076E1,4.263000011E0
1.270804226E2,2.121000051E0,9.055050850E0,6.739500165E-1
1.270828662E2,8.370000124E-1,9.067049980E0,-7.360500097E-1
1.270853097E2,3.325050116E0,1.431495094E1,5.830950260E0
1.270877533E2,3.013950109E0,9.934050560E0,1.761000037E0
1.270901967E2,1.479000092E0,6.454950333E0,-1.885050058E0
1.270926404E2,3.646050215E0,1.287900066E1,2.953050137E0
1.270950838E2,7.459950447E0,1.170795059E1,-2.467050076E0
1.270975274E2,1.060050011E0,5.005950451E0,-5.854950428E0
1.270999708E2,3.877950191E0,8.289000511E0,-6.285000324E0
1.271024143E2,4.527000427E0,1.081995010E1,-8.869050026E0
1.271048579E2,1.468950033E0,6.429000378E0,-5.349000454E0
1.271073014E2,3.133050203E0,4.987050056E0,-2.505000114E0
1.271097450E2,7.297050476E0,8.065950394E0,-5.431050301E0
1.271121884E2,3.334050179E0,4.003050327E0,-7.585950375E0
1.271146320E2,1.998000145E0,2.671950102E0,-3.831000090E0
1.271170755E2,5.571000099E0,7.185000420E0,-4.605000019E0
1.271195189E2,2.155950069E0,5.109000206E0,-5.749050140E0
1.271219626E2,-1.720500141E-1,1.234950066E0,-8.860500455E-1
1.271244060E2,1.579050064E0,2.217000008E0,2.434050083E0
1.271268496E2,3.484950066E0,8.020950317E0,4.579050064E0
1.271292930E2,8.010000587E-1,7.173000336E0,3.460950136E0
1.271317367E2,-7.639500499E-1,3.976950169E0,-3.742950201E0
1.271341801E2,1.407000065E0,6.642000198E0,2.389950037E0
1.271366237E2,3.733950138E0,1.113105011E1,6.058050156E0
1.271390672E2,2.425050020E0,9.259050369E0,-1.035000086E0
1.271415108E2,7.042950153E0,9.349950790E0,-5.233950138E0
1.271439543E2,3.528000116E0,7.087050438E0,-9.352950096E0
1.271463979E2,2.098950148E0,7.255050182E0,-2.731950045E0
1.271488413E2,4.869000435E0,1.255800056E1,-5.404050350E0
1.271512847E2,2.920050144E0,1.317795086E1,-5.095950127E0
1.271537283E2,3.985950232E0,9.871950150E0,-2.257950068E0
1.271561718E2,4.615050316E0,1.145895100E1,-1.408050060E0
1.271586154E2,5.944050312E0,1.361895084E1,-6.613050461E0
1.271610589E2,2.757000208E0,1.166505051E1,-3.292950153E0
1.271635025E2,2.700000048E0,1.275900078E1,-4.890000224E-1
1.271659460E2,3.343950272E0,1.544805050E1,-2.815950155E0
1.271683896E2,2.559000015E0,1.236600018E1,-1.207050085E0
1.271708330E2,8.920500278E-1,7.221000195E0,-2.383050203E0
1.271732766E2,1.780950069E0,8.751000404E0,1.981050134E0
1.271757201E2,3.298950195E0,1.272105026E1,-3.490950108E0
1.271781635E2,3.990000188E-1,5.977950096E0,-1.858050108E0
1.271806071E2,8.779500127E-1,2.586000204E0,1.045050025E0
1.271830506E2,1.612950087E0,9.529050827E0,-7.558950424E0
1.271854942E2,1.771050096E0,4.843950272E0,-5.373000145E0
1.271879376E2,2.808000088E0,4.708950043E0,-4.300950050E0
1.271903813E2,1.000305080E1,7.192050457E0,-4.645050049E0
1.271928247E2,5.764950275E0,1.707000136E0,-9.373950005E0
1.271952683E2,2.913000107E0,3.618000269E0,-3.433950186E0
1.271977117E2,6.976050377E0,7.939050198E0,-2.742000103E0
1.272001554E2,5.353050232E0,3.177000046E0,-4.885050297E0
1.272025988E2,5.895000324E-2,4.719000340E0,-1.686000109E0
1.272050422E2,1.848000050E0,6.702000141E0,2.316000223E0
1.272074859E2,4.126950264E0,1.002000046E1,-2.050050020E0
1.272099293E2,1.150950074E0,5.088000298E0,-9.289500713E-1
1.272123730E2,4.108050346E0,7.882050514E0,1.086000085E0
1.272148164E2,8.008049965E0,9.832950592E0,-5.179050446E0
1.272172600E2,2.506050110E0,7.093950272E0,-4.365000248E0
1.272197035E2,3.118950129E0,9.634950638E0,-1.759950042E0
1.272221471E2,5.281050205E0,1.088205051E1,-6.976950169E0
1.272245905E2,3.907050133E0,1.025700092E1,-6.309000492E0
1.272270340E2,1.275000095E0,8.884950638E0,-1.368000031E0
1.272294776E2,3.274950266E0,1.179405022E1,1.111950040E0
1.272319213E2,3.093000174E0,1.201005077E1,-1.660050035E0
1.272343646E2,2.056050062E0,1.034100056E1,8.410500288E-1
1.272368081E2,5.001000404E0,1.177500057E1,-3.979500234E-1
1.272392517E2,4.488000393E0,1.083900070E1,-5.305950165E0
1.272416952E2,1.633950114E0,9.618000031E0,-4.705049992E0
1.272441388E2,2.452950001E0,1.105005074E1,-3.412050247E0
1.272465823E2,5.817000389E0,1.140600014E1,-7.504050255E0
1.272490259E2,2.467950106E0,9.334950447E0,-5.790000439E0
1.272514694E2,4.159500301E-1,6.562950134E0,1.311000109E0
1.272539128E2,5.595000267E0,1.029795074E1,2.140950203E0
1.272563564E2,3.097050190E0,1.006500053E1,6.619500518E-1
1.272587998E2,-9.105000645E-2,4.602000237E0,-2.629050016E0
1.272612435E2,7.330050468E0,8.005949974E0,7.240500450E-1
1.272636869E2,1.196100044E1,1.103505039E1,-7.768050194E0
1.272661305E2,4.381050110E0,6.790050507E0,-7.267050266E0
1.272685740E2,3.058950186E0,9.795000076E0,-6.388050079E0
1.272710176E2,5.827050209E0,9.658050537E0,-6.907950401E0
1.272734611E2,2.245050192E0,5.482950211E0,-4.665000439E0
1.272759047E2,4.477050304E0,7.069950104E0,-1.525950074E0
1.272783481E2,9.097050667E0,7.231050491E0,-4.978050232E0
1.272807918E2,3.145050049E0,4.006050110E0,-6.264000416E0
1.272832351E2,-9.105000645E-2,4.012950420E0,7.290000319E-1
1.272856786E2,3.064050198E0,8.497050285E0,5.710500479E-1
1.272881223E2,4.386000156E0,9.131999969E0,-3.799950123E0
1.272905657E2,8.250000477E-1,3.190950155E0,-9.060000181E-1
1.272930093E2,1.002000093E0,3.091050148E0,1.083000064E0
1.272954528E2,6.190950394E0,8.926050186E0,-1.843950033E0
1.272978964E2,1.672950029E0,5.341950417E0,-2.401950121E0
1.273003399E2,1.681950092E0,4.579950333E0,1.500000060E-2
1.273027835E2,4.657950401E0,7.240050316E0,-3.120000124E0
1.273052270E2,2.226000071E0,3.634050131E0,-4.710000038E0
1.273076706E2,1.429500133E-1,4.735949993E0,-3.835950136E0
1.273101140E2,6.706050396E0,6.271050453E0,-2.542950153E0
1.273125574E2,4.065000057E0,1.836000085E0,-7.600050449E0
1.273150010E2,-1.905000024E-2,3.888000250E0,-1.426950097E0
1.273174445E2,5.974950314E0,7.582950592E0,-5.970000029E-1
1.273198881E2,6.706050396E0,5.557050228E0,-5.938050270E0
1.273223316E2,3.418050051E0,1.930050135E0,-5.289000034E0
1.273247752E2,6.976050377E0,6.081000328E0,-4.425000191E0
1.273272186E2,1.007400036E1,5.320050240E0,-7.210050106E0
1.273296623E2,3.634050131E0,4.554000378E0,-7.602000237E0
1.273321057E2,2.073000193E0,6.103050232E0,-2.950050116E0
1.273345493E2,9.121050835E0,8.521050453E0,-4.341000080E0
1.273369928E2,4.375950336E0,4.984950066E0,-8.433000565E0
1.273394362E2,1.657950044E0,1.059495068E1,-1.605000019E0
1.273418798E2,4.479000092E0,1.173195076E1,7.189500332E-1
1.273443233E2,3.102000237E0,1.031400013E1,-1.234050035E0
1.273467669E2,6.190500259E-1,1.034595013E1,-7.830000520E-1
1.273492104E2,-7.200000435E-2,1.194705009E1,7.360500097E-1
1.273516540E2,2.335950136E0,1.411200047E1,1.734000087E0
1.273540974E2,2.146950006E0,1.398300076E1,1.165050030E0
1.273565411E2,1.318050027E0,1.286400032E1,2.077050209E0
1.273589844E2,2.428950071E0,1.675995064E1,1.236000061E0
1.273614279E2,3.768000126E0,1.795005035E1,4.251000404E0
1.273638715E2,3.888000250E0,1.719795036E1,-1.827000141E0
1.273663150E2,4.350000381E0,1.940595055E1,3.508950233E0
1.273687586E2,5.362050056E0,1.766700172E1,-3.775950193E0
1.273712021E2,1.287000060E0,1.496700096E1,-1.171305084E1
1.273736457E2,1.744950056E0,1.350405025E1,-1.163895035E1
1.273760891E2,2.674050093E0,1.530900097E1,-1.184505081E1
1.273785327E2,7.390500307E-1,1.047705078E1,-3.063000202E0
1.273809762E2,5.980500579E-1,6.214950085E0,1.978950143E0
1.273834198E2,2.659050226E0,1.425300026E1,3.310050249E0
1.273858632E2,1.315950036E0,8.104949951E0,3.115950108E0
1.273883067E2,-2.509500086E-1,3.379500210E-1,-4.095000029E-2
1.273907504E2,-2.286000013E0,5.302950382E0,-1.996950150E0
1.273931938E2,-1.422000051E0,1.037895012E1,-1.630950093E0
1.273956374E2,4.110000134E-1,1.381050110E0,8.479500413E-1
1.273980808E2,-1.080000028E-1,3.868950129E0,-3.120000064E-1
1.274005244E2,-1.390500069E-1,1.122000027E1,3.025050163E0
1.274029679E2,7.050000191E0,5.530950069E0,3.100500107E-1
1.274054115E2,7.812000275E0,3.168000221E0,-5.803950310E0
1.274078549E2,1.334505081E1,1.771950126E0,-7.179000378E0
1.274102986E2,1.343805027E1,3.474000216E0,-1.460100079E1
1.274127421E2,5.734050274E0,5.610000134E0,-1.063800049E1
1.274151854E2,3.270000219E0,6.603000164E0,-4.249950409E0
1.274176291E2,6.313050270E0,3.342000246E0,-4.753050327E0
1.274200725E2,7.819500566E-1,3.021000147E0,-3.867000103E0
1.274225161E2,2.808000088E0,4.408050060E0,1.420500129E-1
1.274249596E2,7.074000359E0,1.047300053E1,-8.239500523E-1
1.274274032E2,3.262950182E0,8.619000435E0,-2.718000174E0
1.274298467E2,3.238950253E0,9.145950317E0,1.573950052E0
1.274322901E2,6.247950077E0,1.120800018E1,-2.148000002E0
1.274347337E2,2.857950211E0,9.139050484E0,-3.586950064E0
1.274371771E2,1.600950122E0,8.428050041E0,-8.790000677E-1
1.274396208E2,4.764000416E0,1.120005035E1,-4.147050381E0
1.274420642E2,2.851050138E0,8.847000122E0,-6.751950264E0
1.274445078E2,3.460500240E-1,4.225950241E0,-2.287050009E0
1.274469513E2,2.676000118E0,5.305950165E0,-1.498950124E0
1.274493949E2,3.756000280E0,1.028295040E1,-5.184000015E0
1.274518383E2,1.941000104E0,6.405000210E0,-5.092950344E0
1.274542819E2,1.939050078E0,4.611000061E0,-1.114050031E0
1.274567254E2,7.105050564E0,9.333000183E0,-3.907950163E0
1.274591690E2,3.403950214E0,7.353000164E0,-5.043000221E0
1.274616125E2,4.180500209E-1,3.682050228E0,-1.870500147E-1
1.274640559E2,1.315950036E0,5.947050095E0,7.304999977E-2
1.274664996E2,2.242950201E0,6.103050232E0,-3.385950089E0
1.274689430E2,6.120000482E-1,2.068950176E0,-6.589500308E-1
1.274713866E2,3.660000086E0,4.210950375E0,1.222050071E0
1.274738300E2,4.450050354E0,1.042905045E1,-1.525950074E0
1.274762736E2,2.788950205E0,7.338000298E0,4.339500070E-1
1.274787171E2,9.859500527E-1,7.707000256E0,-2.299500108E-1
1.274811607E2,1.969950080E0,1.159095097E1,2.853000164E0
1.274836042E2,2.860050201E0,9.241950035E0,2.235000134E0
1.274860478E2,6.460500360E-1,5.689050198E0,-1.641000032E0
1.274884912E2,3.535950184E0,7.894050598E0,-3.124950171E0
1.274909346E2,1.417050123E0,7.800000191E0,-6.694950104E0
1.274933782E2,3.150000274E-1,6.856950283E0,-2.842050076E0
1.274958217E2,1.335000038E0,9.510000229E0,-7.020000219E-1
1.274982653E2,2.197050095E0,9.742050171E0,4.560000300E-1
1.275007088E2,1.263000011E0,5.622000217E0,-1.164000034E0
1.275031524E2,-4.995000362E-2,7.555950165E0,-3.600000218E-2
1.275055959E2,2.467950106E0,1.218900013E1,3.276000261E0
1.275080392E2,3.792000294E0,8.204999924E0,-3.405000269E-2
1.275104829E2,3.060000241E-1,4.645050049E0,-2.557950020E0
1.275129265E2,4.759050369E0,7.747950554E0,-5.220000148E-1
1.275153700E2,8.559000015E0,9.049950600E0,-1.133295059E1
1.275178134E2,2.511000156E0,3.225000143E0,-9.918000221E0
1.275202570E2,1.825950146E0,3.912000179E0,-6.088950157E0
1.275227005E2,5.001000404E0,7.348050117E0,-5.749050140E0
1.275251441E2,2.632950068E0,5.089950085E0,-2.668050051E0
1.275275876E2,2.737950087E0,6.658050537E0,6.034950256E0
1.275300312E2,8.767050743E0,1.062105083E1,1.063950062E0
1.275324746E2,5.836050510E0,7.516050339E0,-3.333000183E0
1.275349182E2,3.471000195E0,8.890050888E0,-3.405000269E-2
1.275373617E2,8.707050323E0,1.238295078E1,-5.500050068E0
1.275398053E2,6.291000366E0,8.737050056E0,-1.059300041E1
1.275422488E2,1.018950105E0,1.063095093E1,-4.485000134E0
1.275446922E2,5.736000061E0,1.177695084E1,-1.633050084E0
1.275471358E2,8.551950455E0,1.466295052E1,-7.950000286E0
1.275495792E2,8.323950768E0,9.840000153E0,-1.021500015E1
1.275520228E2,5.724000454E0,1.149195099E1,-7.738950253E0
1.275544663E2,5.391000271E0,1.375500107E1,-8.899950027E0
1.275569099E2,1.909950137E0,1.189200020E1,-3.103050232E0
1.275593534E2,3.940500319E-1,8.638050079E0,1.429950118E0
1.275617970E2,1.516950130E0,5.646000385E0,4.819500148E-1
1.275642404E2,3.034950256E0,6.532050133E0,-7.066050529E0
1.275666838E2,-9.300000221E-2,3.127050161E0,-5.352000237E0
1.275691275E2,8.299500346E-1,9.820500612E-1,-1.469999999E-1
1.275715709E2,5.779050350E0,3.922050238E0,-6.823950291E0
1.275740145E2,2.686050177E0,4.666050434E0,-9.919500351E-1
1.275764580E2,8.610000610E-1,4.888950348E0,-9.105000645E-2
1.275789016E2,3.340500295E-1,9.982050896E0,6.766950130E0
1.275813451E2,7.304999977E-2,7.489050388E0,6.633000374E0
1.275837887E2,1.960500032E-1,3.903000116E0,2.070000172E-1
1.275862321E2,1.222950101E0,1.140900040E1,2.041050196E0
1.275886758E2,3.682050228E0,9.963000298E0,3.351000071E0
1.275911192E2,3.435000181E0,7.872000217E0,3.367050171E0
1.275935626E2,2.980050087E0,1.275405025E1,3.178050041E0
1.275960063E2,3.334050179E0,1.648005104E1,5.611050129E0
1.275984497E2,2.868000031E0,1.252695084E1,2.362050056E0
1.276008933E2,9.040500522E-1,1.105395031E1,-7.260000110E-1
1.276033368E2,1.633950114E0,1.713300133E1,-2.823000193E0
1.276057804E2,3.708000183E0,1.404705048E1,2.242050171E0
1.276082238E2,2.484000206E0,7.590000153E0,3.199950218E0
1.276106674E2,5.119500160E-1,1.051800060E1,8.130000234E-1
1.276131109E2,1.653404999E1,1.211505032E1,-9.010500312E-1
1.276155545E2,7.534050465E0,6.201000214E0,-2.683605194E1
1.276179980E2,7.651050568E0,6.298950195E0,-2.294505119E1
1.276204414E2,7.879050255E0,1.377195072E1,-2.231295013E1
1.276228850E2,3.106950045E0,8.526000023E0,-1.311600018E1
1.276253284E2,2.014950037E0,9.286950111E0,2.850000143E0
1.276277720E2,8.250000477E-1,1.903695107E1,8.587050438E0
1.276302155E2,-7.905000448E-2,7.422000408E0,7.138050556E0
1.276326591E2,-1.563000083E0,3.193950176E0,1.240950108E0
1.276351026E2,-3.205950260E0,1.299600029E1,3.298050165E0
1.276375462E2,-1.960500032E-1,6.772950172E0,3.597000122E0
1.276399897E2,1.785000086E0,3.903000116E0,4.951950073E0
1.276424331E2,9.229500294E-1,6.421050072E0,2.380950212E0
1.276448768E2,2.817000151E0,5.844000340E0,3.310050249E0
1.276473201E2,3.459000111E0,4.708950043E0,2.448000193E0
1.276497638E2,3.435000181E0,3.874050140E0,4.360949993E0
1.276522072E2,1.481700039E1,5.193000317E0,-9.831000328E0
1.276546508E2,1.263405037E1,1.483950019E0,-2.278905106E1
1.276570943E2,1.483950019E0,4.615950108E0,-1.917600060E1
1.276595379E2,1.194000006E0,6.013950348E0,-1.048995018E1
1.276619814E2,2.901000023E0,4.258950233E0,-8.080950737E0
1.276644250E2,2.100000158E-2,5.910000205E-1,-2.605050087E0
1.276668684E2,-8.400000632E-2,1.755000114E0,6.477000237E0
1.276693118E2,2.013000011E0,4.366950035E0,4.050000191E0
1.276717555E2,1.206000090E0,1.309950113E0,2.893050194E0
1.276741989E2,1.618050098E0,1.930050135E0,1.732050061E0
1.276766425E2,1.951050043E0,9.025950432E0,1.804050088E0
1.276790860E2,2.608950138E0,1.178205013E1,4.729950428E0
1.276815296E2,1.476000071E0,8.293950081E0,2.722950220E0
1.276839731E2,2.440950155E0,1.439205074E1,1.360950112E0
1.276864167E2,4.394999981E0,1.650900078E1,3.573000193E0
1.276888601E2,2.572950125E0,1.192605019E1,-1.192950010E0
1.276913037E2,1.483950019E0,1.562700081E1,-9.393000603E0
1.276937471E2,3.246000051E0,1.785704994E1,8.989050865E0
1.276961906E2,4.122000217E0,1.287195015E1,4.954950333E0
1.276986342E2,2.443950176E0,1.136805058E1,-4.339500070E-1
1.277010777E2,1.762095070E1,1.465095043E1,-1.069305038E1
1.277035213E2,1.051695061E1,1.319505024E1,-2.623200035E1
1.277059647E2,3.916050196E0,1.065900040E1,-2.007900047E1
1.277084084E2,5.053950310E0,1.169100094E1,-1.190205097E1
1.277108518E2,7.138950348E0,1.370505047E1,-1.009695053E1
1.277132952E2,4.002000332E0,7.698000431E0,-1.147905064E1
1.277157389E2,3.223950148E0,5.554950237E0,-2.809050083E0
1.277181823E2,3.933000088E0,1.096605015E1,2.259000063E0
1.277206260E2,2.641950130E0,7.960950375E0,5.419050217E0
1.277230694E2,4.609500170E-1,4.189949989E0,2.721000195E0
1.277255130E2,-2.056950092E0,1.214100075E1,5.290050030E0
1.277279564E2,-2.298000097E0,5.485050201E0,7.192950249E0
1.277304001E2,1.960500032E-1,4.009950161E0,4.693950176E0
1.277328435E2,1.519500017E-1,1.107105064E1,2.190000117E-1
1.277352871E2,2.812050104E0,8.179050446E0,2.091000080E0
1.277377306E2,1.905000091E0,7.116000175E0,2.208000183E0
1.277401740E2,2.233050108E0,7.603950500E0,1.095000029E0
1.277426177E2,8.667000771E0,8.983050346E0,-5.734950066E0
1.277450613E2,6.157050133E0,5.124000072E0,-1.399995041E1
1.277475048E2,3.094950199E0,4.936950207E0,-9.381000519E0
1.277499481E2,5.905950069E0,7.896000385E0,-7.720050335E0
1.277523917E2,5.662050247E0,6.438000202E0,-5.574000359E0
1.277548352E2,1.249050021E0,6.735000134E0,-1.593000054E0
1.277572788E2,8.730000257E-1,1.014705086E1,1.417950034E0
1.277597223E2,4.606050014E0,1.224000072E1,2.290050030E0
1.277621659E2,2.443950176E0,6.931050301E0,-8.269500136E-1
1.277646094E2,2.005950212E0,6.532050133E0,-8.340000510E-1
1.277670530E2,6.562050343E0,1.024995041E1,2.340000153E0
1.277694964E2,5.439000130E0,5.047050476E0,-6.312000275E0
1.277719398E2,6.379500031E-1,3.133950233E0,-2.098050117E0
1.277743834E2,6.748950481E0,5.860950470E0,-1.798950076E0
1.277768269E2,9.148050308E0,4.864950180E0,-1.336800098E1
1.277792705E2,4.821000099E0,1.534950018E0,-1.348305035E1
1.277817140E2,2.460000068E-1,4.726050377E0,4.270500243E-1
1.277841576E2,5.451000214E0,6.888000488E0,2.527050018E0
1.277866011E2,3.382050276E0,5.286000252E0,2.014950037E0
1.277890447E2,2.773950100E0,9.907050133E0,7.069050312E0
1.277914882E2,7.240050316E0,1.181805038E1,3.622950077E0
1.277939316E2,7.977000237E0,7.981950283E0,-7.578000546E0
1.277963752E2,2.836050034E0,1.008900070E1,-9.420000076E0
1.277988186E2,4.057950020E0,1.552695084E1,-5.955000401E0
1.278012622E2,4.006950378E0,1.621605110E1,-7.273950577E0
1.278037057E2,4.054950237E0,1.903905106E1,1.933050036E0
1.278061493E2,2.656950235E0,1.990605164E1,3.109050035E0
1.278085928E2,3.792000294E0,2.171100044E1,1.263000011E0
1.278110364E2,6.325050354E0,2.212305069E1,7.290000319E-1
1.278134799E2,4.159950256E0,1.706400108E1,-3.454950094E0
1.278159235E2,4.905000210E0,1.614000130E1,-5.956950188E0
1.278183670E2,3.739050150E0,1.780095100E1,-1.109295082E1
1.278208106E2,1.570050120E0,1.357095051E1,-7.258050442E0
1.278232539E2,6.979500055E-1,9.187050819E0,-1.711950064E0
1.278256974E2,2.022000074E0,1.286400032E1,1.717950106E0
1.278281410E2,3.612000227E0,1.170795059E1,-2.419500053E-1
1.278305845E2,1.431000113E0,3.747000217E0,-3.184950113E0
1.278330281E2,-2.413050175E0,1.657305145E1,-1.971000075E0
1.278354716E2,-2.559000015E0,1.132995033E1,1.521000028E0
1.278379152E2,-4.789500237E-1,5.359500051E-1,-1.195050001E0
1.278403586E2,-5.530500412E-1,1.870050073E0,3.220500052E-1
1.278428020E2,-4.702050209E0,1.305405045E1,5.110500455E-1
1.278452457E2,-2.626050234E0,6.819000244E0,4.440000355E-1
1.278476891E2,-1.669050097E0,4.968000412E0,2.563050032E0
1.278501327E2,-9.120000601E-1,1.054395008E1,3.990000248E0
1.278525762E2,1.725000024E0,8.299050331E0,3.481950283E0
1.278550198E2,1.897950053E0,9.711000443E0,4.468950272E0
1.278574632E2,1.723050117E0,1.048395061E1,4.231950283E0
1.278599069E2,2.449050188E0,7.377000332E0,6.568050385E0
1.278623503E2,3.945000172E0,6.994050503E0,7.981050491E0
1.278647940E2,7.519950390E0,1.372395039E1,5.416950226E0
1.278672373E2,6.768000126E0,1.252905083E1,4.633950233E0
1.278696808E2,4.906949997E0,6.192000389E0,7.617000580E0
1.278721245E2,2.835495186E1,5.334000111E0,-1.066200066E1
1.278745679E2,2.698500061E1,3.625050068E0,-4.981800079E1
1.278770115E2,1.058205032E1,5.607000351E0,-5.018505096E1
1.278794550E2,1.876050115E0,3.946050167E0,-3.448095322E1
1.278818986E2,2.353049994E0,6.274950504E0,-1.368600082E1
1.278843421E2,3.181050062E0,1.050105095E1,5.316000462E0
1.278867857E2,1.977000117E0,1.320705032E1,6.573000431E0
1.278892291E2,-6.060000062E-1,7.992000580E0,1.758000135E0
1.278916728E2,1.759500057E-1,1.233300018E1,8.107950211E0
1.278941162E2,1.522050023E0,7.633050442E0,4.120950222E0
1.278965596E2,1.315950036E0,5.437050343E0,2.533950090E0
1.278990032E2,3.901950121E0,1.255800056E1,5.649000168E0
1.279014467E2,3.721950293E0,9.091050148E0,3.528000116E0
1.279038903E2,8.680500388E-1,3.982050180E0,2.766000032E0
1.279063338E2,1.740000099E-1,4.992000103E0,5.131950378E0
1.279087774E2,1.020600033E1,9.169950485E0,-2.392050028E0
1.279112209E2,7.495950222E0,3.157950163E0,-2.257395172E1
1.279136642E2,2.647050142E0,2.245950222E0,-1.407900047E1
1.279161079E2,6.061950207E0,9.318000793E0,-1.095900059E1
1.279185513E2,2.178000212E0,1.003695011E1,-2.268000126E0
1.279209949E2,1.045050025E0,1.022595024E1,-1.552050114E0
1.279234384E2,1.587000132E0,1.514595032E1,4.180950165E0
1.279258820E2,1.969950080E0,1.316400051E1,4.120950222E0
1.279283255E2,9.520500302E-1,5.607000351E0,2.224950075E0
1.279307691E2,3.079500198E-1,8.203050613E0,3.529500067E-1
1.279332126E2,2.203950167E0,1.461195087E1,-3.396000147E0
1.279356562E2,3.253050089E0,8.308050156E0,1.629000068E0
1.279380996E2,9.469500184E-1,4.693050385E0,1.380000114E0
1.279405430E2,3.630000055E-1,1.336200047E1,-2.407050133E0
1.279429866E2,3.694050074E0,1.416195107E1,3.841050148E0
1.279454303E2,2.101050138E0,9.265950203E0,-2.593050241E0
1.279478738E2,1.204050064E0,1.191900063E1,-4.462950230E0
1.279503172E2,3.660000086E0,1.511700058E1,8.770500422E-1
1.279527608E2,3.780000210E0,1.392705059E1,-3.960000277E-1
1.279552043E2,1.486050129E0,1.100400066E1,8.505000174E-2
1.279576479E2,6.739500165E-1,1.494300079E1,4.320000112E-1
1.279600914E2,2.025000095E0,1.681995010E1,2.884050131E0
1.279625350E2,9.330000281E-1,1.053705025E1,3.373950243E0
1.279649784E2,-2.220000178E-1,9.951000214E0,1.500000119E0
1.279674218E2,5.550000072E-1,1.809405136E1,9.829500318E-1
1.279698654E2,5.209500194E-1,1.020195007E1,3.397950172E0
1.279723089E2,-1.237950087E0,8.878050804E0,2.550000250E-1
1.279747525E2,-7.395000011E-2,1.414800072E1,2.272950172E0
1.279771960E2,7.990500331E-1,1.333605099E1,6.135000229E0
1.279796396E2,1.565295029E1,7.252050400E0,6.183000088E0
1.279820831E2,2.447595024E1,4.288050175E0,-3.023100090E1
1.279845267E2,1.609605026E1,5.358000278E0,-4.454100037E1
1.279869701E2,3.607050180E0,5.859000206E0,-3.417195129E1
1.279894137E2,2.221050024E0,6.117000103E0,-2.074200058E1
1.279918572E2,1.852050066E0,8.923050880E0,-3.558000088E0
1.279943006E2,7.960500121E-1,5.215050220E0,9.256950378E0
1.279967442E2,1.287000060E0,1.549050093E0,1.104105091E1
1.279991877E2,3.349050045E0,4.393050194E0,-2.042999983E0
1.280016313E2,4.645950317E0,6.601050377E0,7.227000237E0
1.280040747E2,3.118950129E0,2.523000002E0,9.307950020E0
1.280065183E2,8.158950806E0,3.235050201E0,8.629500270E-1
1.280089618E2,1.250205040E1,6.247050285E0,-4.626000404E0
1.280114054E2,1.039995003E1,3.904950142E0,-3.601050138E0
1.280138488E2,3.612000227E0,4.458000183E0,-1.921695137E1
1.280162925E2,8.659500480E-1,5.461050034E0,-9.955950737E0
1.280187359E2,3.646050215E0,1.013700008E1,7.963950157E0
1.280211796E2,3.712950230E0,1.015395069E1,3.331050158E0
1.280236230E2,2.092050076E0,8.539950371E0,9.799500704E-1
1.280260665E2,2.926950216E0,1.243095016E1,-2.062050104E0
1.280285101E2,3.763050079E0,1.316100025E1,9.540000558E-1
1.280309535E2,2.191950083E0,1.171305084E1,-5.440050125E0
1.280333971E2,2.515950203E0,1.345095062E1,-3.199050188E0
1.280358406E2,4.443000317E0,1.413300037E1,1.552050114E0
1.280382842E2,2.829000235E0,1.177005100E1,-2.351999998E0
1.280407276E2,-6.000000238E-2,9.238950729E0,-2.353950024E0
1.280431711E2,-1.789500117E-1,1.132500076E1,1.351050019E0
1.280456147E2,9.690000415E-1,1.462695026E1,2.845050097E0
1.280480581E2,-3.048000097E0,1.089600086E1,1.002000093E0
1.280505018E2,-3.232050180E0,6.004950523E0,-2.770950079E0
1.280529452E2,-3.109500110E-1,-1.909500062E-1,1.995000124E0
1.280553888E2,-1.051050067E0,2.370000184E-1,8.800050735E0
1.280578323E2,-1.993950129E0,2.562000036E0,-1.353000045E0
1.280602759E2,2.223000050E0,4.273950100E0,5.419050217E0
1.280627193E2,1.869000077E0,2.140050173E0,8.290050507E0
1.280651630E2,4.950000346E-1,3.940950155E0,-1.480050087E0
1.280676064E2,-5.526000500E0,2.612205124E1,-2.316000223E0
1.280700498E2,6.430500150E-1,7.140000343E0,2.958000183E0
1.280724934E2,-5.205000192E-2,9.855000496E0,1.090050101E0
1.280749369E2,3.510000110E-1,1.386000061E1,3.460500240E-1
1.280773805E2,1.122000098E0,1.049400043E1,5.524950027E0
1.280798240E2,1.792950034E0,8.907000542E0,1.198050022E0
1.280822676E2,1.378050089E0,8.164050102E0,8.989500403E-1
1.280847111E2,1.594500065E1,7.302000523E0,5.617950439E0
1.280871547E2,1.542795086E1,5.100000381E0,-2.994105148E1
1.280895981E2,9.250950813E0,-3.610500097E-1,-2.990505219E1
1.280920417E2,7.630050182E0,3.400050163E0,-3.290999985E1
1.280944852E2,8.307000160E0,3.595950127E0,-2.334705162E1
1.280969286E2,1.309050083E0,4.132050037E0,-9.772050858E0
1.280993722E2,4.129500091E-1,1.219050050E0,2.740050077E0
1.281018156E2,3.303000212E0,1.437495041E1,8.187000275E0
1.281042593E2,5.044050217E0,1.565400028E1,3.960000277E-1
1.281067027E2,2.026950121E0,4.465050220E0,5.745000362E0
1.281091463E2,-1.650000066E-1,5.076000214E0,-1.660500020E-1
1.281115898E2,-1.390500069E-1,1.598700047E1,1.198050022E0
1.281140334E2,-3.010500073E-1,9.306000710E0,1.768050075E0
1.281164768E2,-2.119050026E0,4.213950157E0,-6.495000422E-2
1.281189202E2,-3.361050129E0,6.361950397E0,2.128950119E0
1.281213639E2,-1.386000037E0,4.867050171E0,2.569950104E0
1.281238073E2,-1.045950055E0,7.530000210E0,3.588000059E0
1.281262509E2,-3.330000043E-1,6.579000473E0,1.284000039E0
1.281286944E2,1.390050054E0,6.274950504E0,3.552000284E0
1.281311380E2,3.801000118E0,8.361000061E0,5.758950233E0
1.281335815E2,2.950950146E0,5.629050255E0,2.419050217E0
1.281360251E2,3.835050106E0,6.505050182E0,1.435050011E0
1.281384685E2,4.242000103E0,8.059050560E0,3.673950195E0
1.281409121E2,2.413050175E0,5.892000198E0,9.610500336E-1
1.281433556E2,1.376400089E1,7.099050522E0,5.077050209E0
1.281457990E2,1.941195107E1,5.514000416E0,-2.899800110E1
1.281482426E2,7.672950268E0,5.374950409E0,-3.538095093E1
1.281506863E2,-8.280000687E-1,6.429000378E0,-2.336895180E1
1.281531297E2,3.757950068E0,9.661050797E0,-5.050050259E0
1.281555731E2,3.787050247E0,1.335795021E1,4.488000393E0
1.281580167E2,2.109000206E0,1.201395035E1,2.532000065E0
1.281604602E2,6.619500518E-1,9.831000328E0,2.520000219E0
1.281629038E2,1.198950052E0,1.183200073E1,5.010000229E0
1.281653473E2,2.500950098E0,1.151400089E1,5.163000107E0
1.281677909E2,2.082000017E0,9.055050850E0,1.519050121E0
1.281702343E2,1.476000071E0,1.562505054E1,-2.449950218E0
1.281726780E2,1.390050054E0,1.574205112E1,-5.128950119E0
1.281751213E2,9.259500504E-1,1.022100067E1,-1.018050075E0
1.281775648E2,9.450000525E-1,1.261800098E1,2.503050089E0
1.281800084E2,1.065000057E0,1.846500015E1,3.532050133E0
1.281824519E2,8.040000200E-1,1.648005104E1,-4.909500182E-1
1.281848955E2,-1.546950102E0,1.633605003E1,-2.026050091E0
1.281873390E2,-4.123050213E0,1.794000053E1,8.920500278E-1
1.281897826E2,-5.145000458E0,1.870395088E1,1.581000090E0
1.281922260E2,-6.454950333E0,2.024805069E1,4.060500264E-1
1.281946697E2,-4.872000217E0,1.455705070E1,-1.818000078E0
1.281971130E2,-2.392050028E0,1.209105015E1,-4.936950207E0
1.281995567E2,8.505000174E-2,1.057995033E1,8.869050026E0
1.282020001E2,2.911050081E0,7.899000168E0,1.059105015E1
1.282044436E2,6.544950485E0,8.421000481E0,1.366050124E0
1.282068872E2,8.476950645E0,1.044405079E1,7.255950451E0
1.282093306E2,5.137050152E0,5.037000179E0,7.477950573E0
1.282117743E2,2.560950041E0,2.101950169E0,2.467050076E0
1.282142177E2,4.006950378E0,5.643000126E0,6.949500442E-1
1.282166613E2,4.162950039E0,8.452050209E0,3.721950293E0
1.282191048E2,1.768950105E0,4.482000351E0,3.786000252E0
1.282215484E2,1.290000081E0,1.966050148E0,-3.120000064E-1
1.282239918E2,1.717950106E0,6.289950371E0,2.407050133E0
1.282264355E2,2.437050104E0,9.037950516E0,2.809050083E0
1.282288789E2,1.158000112E0,6.061950207E0,2.232000113E0
1.282313226E2,5.910000205E-1,6.241950512E0,2.473950148E0
1.282337659E2,5.515950203E0,9.487950325E0,7.593000412E0
1.282362094E2,1.418805027E1,6.997950554E0,-1.108095074E1
1.282386530E2,1.336200047E1,3.160050154E0,-2.983095169E1
1.282410965E2,1.535100079E1,1.999050140E0,-4.205400085E1
1.282435401E2,8.182950020E0,3.583950281E0,-4.236495209E1
1.282459836E2,6.030000448E-1,4.365000248E0,-3.105000114E1
1.282484272E2,-5.670000315E-1,3.412050247E0,-2.107305145E1
1.282508706E2,-3.105000220E-2,2.113950014E0,-3.397950172E0
1.282533143E2,1.278000116E0,2.512050152E0,3.127950191E0
1.282557576E2,4.447950363E0,1.949700165E1,1.577400112E1
1.282582011E2,2.698050022E0,1.174095058E1,1.378050089E0
1.282606448E2,5.860500336E-1,4.089000225E0,7.141050339E0
1.282630882E2,1.620000005E-1,8.005949974E0,-1.687950134E0
1.282655318E2,1.905000091E0,1.450200081E1,1.969050050E0
1.282679752E2,2.338050127E0,1.518900108E1,3.103950262E0
1.282704188E2,2.215950012E0,8.533050537E0,-4.870500267E-1
1.282728623E2,1.599000096E0,5.974050522E0,1.251000047E0
1.282753059E2,2.487000227E0,1.013295078E1,2.284950018E0
1.282777494E2,4.294950008E0,1.198800087E1,5.119950294E0
1.282801930E2,1.612950087E0,7.944000244E0,3.607050180E0
1.282826365E2,5.640000105E-1,8.017950058E0,2.860050201E0
1.282850798E2,1.639050126E0,1.142295074E1,3.528000116E0
1.282875235E2,3.274950266E0,1.100595093E1,2.674950123E0
1.282899669E2,1.945950150E0,6.406950474E0,1.974000096E0
1.282924106E2,7.200000286E-1,7.872000217E0,-1.339050055E0
1.282948540E2,2.287950039E0,1.158300018E1,2.314050198E0
1.282972976E2,1.713000059E0,9.642000198E0,4.223999977E0
1.282997411E2,3.220500052E-1,7.635000229E0,-2.610000074E-1
1.283021847E2,1.522050023E0,1.076895046E1,1.983000040E0
1.283046281E2,2.707050085E0,1.341705036E1,2.742000103E0
1.283070718E2,3.211950064E0,9.112950325E0,7.840500474E-1
1.283095152E2,9.810000658E-1,8.773050308E0,-6.325950146E0
1.283119588E2,7.750500441E-1,1.269900036E1,-4.164000034E0
1.283144023E2,3.172050238E0,1.166205025E1,4.231950283E0
1.283168459E2,2.338050127E0,1.048200035E1,2.503050089E0
1.283192893E2,7.650000453E-1,1.013700008E1,1.215000033E0
1.283217330E2,1.141050100E0,1.225395012E1,-9.580500722E-1
1.283241764E2,2.614050150E0,1.217205048E1,-9.970500469E-1
1.283266198E2,1.645950079E0,9.262950897E0,8.700000495E-2
1.283290635E2,2.800950050E0,1.123905087E1,-1.430595112E1
1.283315069E2,1.963050127E0,1.295505047E1,-1.628205109E1
1.283339505E2,-4.549500346E-1,7.627950191E0,-7.629000187E0
1.283363940E2,7.630500197E-1,3.631950140E0,-1.213950038E0
1.283388376E2,1.510050058E0,1.117200089E1,-2.299500108E-1
1.283412811E2,1.630050063E0,1.173000050E1,1.525950074E0
1.283437247E2,3.870000243E-1,2.502000093E0,-9.510000348E-1
1.283461682E2,3.639000177E0,2.701050043E0,2.359500080E-1
1.283486118E2,6.696000099E0,8.634000778E0,-6.433950424E0
1.283510552E2,2.142000198E0,5.049000263E0,-5.404050350E0
1.283534986E2,4.270950317E0,4.165950298E0,-5.062050343E0
1.283559422E2,1.014105034E1,8.952000618E0,-8.076000214E0
1.283583857E2,8.218950272E0,5.871000290E0,-1.110000038E1
1.283608294E2,1.663050056E0,6.843000412E0,-4.516050339E0
1.283632727E2,2.640000105E0,1.011105061E1,8.320500255E-1
1.283657164E2,5.335950375E0,7.774050236E0,-2.766000032E0
1.283681598E2,3.114000082E0,7.492050171E0,-2.208000183E0
1.283706034E2,6.949950218E0,7.891050339E0,-4.537950039E0
1.283730469E2,1.276305103E1,7.087050438E0,-9.028950691E0
1.283754905E2,7.972050190E0,4.288050175E0,-1.505295086E1
1.283779340E2,4.110000134E-1,5.011050224E0,-7.981050491E0
1.283803776E2,1.717950106E0,5.992950439E0,-1.188000083E0
1.283828210E2,4.555950165E0,9.418950081E0,-1.183050036E0
1.283852647E2,1.888050079E0,8.653050423E0,-1.317000031E0
1.283877080E2,1.857000113E0,6.328050137E0,1.768050075E0
1.283901515E2,8.584950447E0,9.687000275E0,-1.315050006E0
1.283925951E2,8.947050095E0,1.117200089E1,-7.471050262E0
1.283950386E2,3.732000113E0,6.586950302E0,-5.718000412E0
1.283974822E2,1.135950089E0,8.275050163E0,-2.977050066E0
1.283999257E2,2.530050039E0,1.026405048E1,-4.363049984E0
1.284023693E2,7.099500299E-1,8.353950500E0,-2.341950178E0
1.284048127E2,1.789500117E-1,6.136050224E0,-6.970500350E-1
1.284072563E2,3.943050146E0,5.674050331E0,-1.606950045E0
1.284096998E2,6.603000164E0,8.200050354E0,-5.092950344E0
1.284121434E2,3.021000147E0,4.795950413E0,-3.870000124E0
1.284145869E2,1.066950083E0,4.312050343E0,7.579500079E-1
1.284170305E2,2.178000212E0,9.265950203E0,1.002000093E0
1.284194740E2,3.049950123E0,9.782999992E0,3.669000149E0
1.284219176E2,8.299500346E-1,4.396049976E0,-4.699500203E-1
1.284243610E2,1.519500017E-1,3.594000101E0,2.368950129E0
1.284268044E2,7.960500121E-1,1.177500057E1,9.390000701E-1
1.284292480E2,3.478050232E0,1.176300049E1,1.284000039E0
1.284316917E2,1.207950115E0,5.635950089E0,-1.818000078E0
1.284341351E2,1.036050081E0,8.221950531E0,-2.683950186E0
1.284365786E2,3.030000210E0,1.400400066E1,1.489500105E-1
1.284390222E2,3.808050156E0,1.354695034E1,3.649950266E0
1.284414657E2,1.383000016E0,1.080795097E1,-3.259500265E-1
1.284439093E2,9.550500512E-1,1.354395103E1,2.040000111E-1
1.284463527E2,2.200050116E0,1.239300060E1,2.211000204E0
1.284487963E2,1.444950104E0,1.053705025E1,-1.140000105E0
1.284512398E2,2.290500104E-1,9.666000366E0,-1.758000135E0
1.284536834E2,1.029000044E0,1.030305004E1,1.737000108E0
1.284561269E2,1.072050095E0,8.836950302E0,3.256950140E0
1.284585705E2,-1.905000024E-2,6.637050152E0,-4.095000029E-2
1.284610140E2,9.058950424E0,9.634950638E0,3.724050283E0
1.284634573E2,8.855999947E0,1.274895096E1,-1.564995098E1
1.284659010E2,1.227000117E0,1.067100048E1,-1.601100159E1
1.284683444E2,4.849500358E-1,8.892000198E0,-8.529000282E0
1.284707881E2,4.402050018E0,1.317795086E1,-1.222050071E0
1.284732315E2,3.022950172E0,1.188000011E1,5.520000458E-1
1.284756751E2,1.326000094E0,8.989950180E0,3.142050266E0
1.284781186E2,4.519500136E-1,9.448050499E0,2.638950109E0
1.284805622E2,1.759500057E-1,1.229895020E1,3.142050266E0
1.284830057E2,3.567000151E0,1.376505089E1,2.443050146E0
1.284854493E2,1.725000024E0,1.390395069E1,-2.590500116E-1
1.284878927E2,7.483950138E0,1.789200020E1,6.599999964E-2
1.284903363E2,7.654050350E0,1.947705078E1,-1.216095066E1
1.284927798E2,5.734050274E0,1.831095123E1,-9.211050034E0
1.284952234E2,3.184050083E0,1.700400162E1,-7.030050278E0
1.284976669E2,5.167950153E0,1.580895042E1,-7.363050461E0
1.285001105E2,5.791050434E0,1.507200050E1,-8.447999954E0
1.285025540E2,2.575050116E0,1.083600044E1,-7.593000412E0
1.285049976E2,1.840500087E-1,6.406950474E0,-1.665000081E0
1.285074410E2,1.891050100E0,4.207050323E0,-2.425950050E0
1.285098847E2,2.496000051E0,7.453050137E0,-4.771950245E0
1.285123281E2,-4.690500200E-1,2.361000061E0,-1.849050045E0
1.285147715E2,-2.221950054E0,4.309500158E-1,-8.020950317E0
1.285172151E2,-1.708950043E0,-8.509500623E-1,-2.986050129E0
1.285196586E2,-9.379500151E-1,-6.019500494E-1,5.560500026E-1
1.285221022E2,-5.700000525E-1,-3.250500262E-1,2.617950201E0
1.285245457E2,-1.360500008E-1,-4.090500176E-1,2.311050177E0
1.285269893E2,-6.319500208E-1,-4.830000103E-1,7.435050488E0
1.285294328E2,-4.279500246E-1,-3.820500076E-1,4.381950378E0
1.285318764E2,-1.750500053E-1,-2.599500120E-1,1.468950033E0
1.285343198E2,8.058000565E0,4.860000312E-1,1.864050031E0
1.285367635E2,1.066605091E1,4.650000095E0,-1.025805092E1
1.285392069E2,2.173050165E0,2.361000061E0,2.430000156E-1
1.285416505E2,1.924905014E1,4.219200134E1,8.616000175E0
1.285440940E2,1.924695015E1,5.366505432E1,-1.482600117E1
1.285465376E2,2.100000083E-1,2.418000221E0,1.476600075E1
1.285489811E2,1.534050107E0,-3.000000119E-2,9.705000877E0
1.285514247E2,1.234395027E1,6.220500469E-1,-4.980000257E-1
1.285538681E2,7.207950115E0,1.084605026E1,-2.968500137E1
1.285563115E2,1.328505039E1,1.420500088E1,-5.875950336E0
1.285587552E2,6.421050072E0,1.527795029E1,7.360500097E-1
1.285611986E2,5.527950287E0,1.120005035E1,-6.274050236E0
1.285636422E2,4.594050407E0,1.108095074E1,-3.906000137E0
1.285660857E2,2.901000023E0,9.313950539E0,-4.669050217E0
1.285685293E2,2.632950068E0,1.405695057E1,2.650950193E0
1.285709728E2,6.126000404E0,2.248005104E1,4.920000136E-1
1.285734164E2,2.098950148E0,1.716495132E1,-2.416050196E0
1.285758598E2,-6.796950340E0,2.217600060E1,4.819500148E-1
1.285783035E2,-1.192050099E0,2.727000237E0,3.049500287E-1
1.285807469E2,-1.819500029E-1,-1.039500013E-1,3.979500234E-1
1.285831906E2,-9.379500151E-1,8.595000207E-2,8.637000084E0
1.285856340E2,-2.743950129E0,1.918050051E0,1.351905060E1
1.285880776E2,-1.147050023E0,9.240000248E-1,1.741950035E0
1.285905211E2,-5.050500035E-1,4.720500112E-1,-1.590000093E-1
1.285929647E2,-7.900500298E-1,1.051050067E0,-9.270000458E-1
1.285954081E2,-1.165950060E0,1.639950037E0,-1.849500090E-1
1.285978516E2,-1.255800056E1,2.375595093E1,1.363050103E0
1.286002952E2,-1.170000061E-1,2.479950190E0,-8.290500641E-1
1.286027389E2,-5.700000376E-2,-7.095000148E-2,-2.380500138E-1
1.286051823E2,9.421050072E0,4.020000100E-1,4.332000256E0
1.286076257E2,-3.675000191E0,1.597905064E1,4.114050388E0
1.286100693E2,-8.520000577E-1,1.176795101E1,-2.008605003E1
1.286125128E2,2.905950069E0,3.939000130E0,-1.323600101E1
1.286149564E2,1.155600071E1,1.032195091E1,1.725000024E0
1.286173999E2,4.144050121E0,1.334295082E1,-1.656900024E1
1.286198435E2,8.595000267E0,5.059050083E0,-1.296600056E1
1.286222870E2,3.138000250E0,8.299050331E0,-7.693050385E0
1.286247306E2,4.969950199E0,6.055050373E0,-8.299050331E0
1.286271740E2,1.705950022E0,6.024000168E0,-1.039395046E1
1.286296177E2,1.041000009E0,1.863000035E0,-4.705049992E0
1.286320611E2,7.750500441E-1,2.047049999E0,-1.441950083E0
1.286345047E2,-2.320500165E-1,3.067050219E0,-1.032000065E0
1.286369482E2,-6.919500232E-1,2.053950071E0,4.579500258E-1
1.286393916E2,-2.029500157E-1,2.800500095E-1,2.449500114E-1
1.286418353E2,9.300000221E-2,1.890000105E-1,5.826000214E0
1.286442789E2,-4.710000157E-1,1.055999994E0,6.216000080E0
1.286467224E2,-3.400050163E0,6.081000328E0,4.591050148E0
1.286491660E2,-7.180500627E-1,7.105950356E0,-5.460000038E-1
1.286516095E2,5.310000181E-1,9.982050896E0,2.365950108E0
1.286540529E2,5.089499950E-1,1.438995075E1,3.856050253E0
1.286564965E2,1.059900093E1,1.579995060E1,1.768050075E0
1.286589399E2,1.659195137E1,1.365495110E1,-4.954050064E0
1.286613835E2,1.478895092E1,8.602950096E0,-1.240500069E1
1.286638270E2,9.279000282E0,9.655950546E0,-1.354695034E1
1.286662707E2,3.496950150E0,1.042005062E1,-6.634950161E0
1.286687141E2,4.837950230E0,1.084605026E1,-6.388050079E0
1.286711577E2,5.221050262E0,1.095900059E1,-8.112000465E0
1.286736012E2,2.755050182E0,8.314949989E0,-4.309950352E0
1.286760448E2,6.435000420E0,8.920950890E0,-4.456050396E0
1.286784883E2,1.324005032E1,6.508050442E0,-1.258995056E1
1.286809319E2,1.060605049E1,5.476050377E0,-1.417695045E1
1.286833754E2,3.741000175E0,5.020950317E0,-2.701050043E0
1.286858190E2,4.584000111E0,5.008950233E0,3.631050110E0
1.286882624E2,5.578050137E0,9.874050140E0,8.170500398E-1
1.286907060E2,-7.849500179E-1,8.920950890E0,5.668050289E0
1.286931495E2,-2.260050058E0,6.096000195E0,5.247000217E0
1.286955931E2,-2.875050068E0,6.639000416E0,5.718000412E0
1.286980366E2,-1.422000051E0,4.056000233E0,4.369950294E0
1.287004800E2,4.005000368E-2,2.037000179E0,3.634950161E0
1.287029236E2,6.379500031E-1,5.149500370E-1,3.061050177E0
1.287053673E2,1.180050015E0,2.557050228E0,9.010500312E-1
1.287078107E2,1.170000076E0,2.713050127E0,2.011950016E0
1.287102544E2,-9.300000221E-2,1.285950065E0,-1.120950103E0
1.287126978E2,-6.870000362E-1,1.314000010E0,-1.425000072E0
1.287151412E2,-1.468050122E0,5.164050102E0,-2.422950029E0
1.287175848E2,1.279500127E-1,8.631000519E0,7.099500299E-1
1.287200283E2,1.345050097E0,5.310000420E0,-7.210500240E-1
1.287224719E2,5.569500327E-1,6.642000198E0,-3.910500109E-1
1.287249154E2,2.572950125E0,1.446405029E1,3.790500164E-1
1.287273590E2,2.749950171E0,1.007295036E1,5.520000458E-1
1.287298024E2,1.132050037E0,7.461000443E0,1.660050035E0
1.287322460E2,6.889500618E-1,1.261995029E1,5.130000114E-1
1.287346895E2,1.387950063E0,1.372395039E1,2.677950144E0
1.287371331E2,1.144050002E0,8.169000626E0,1.177050114E0
1.287395766E2,2.353049994E0,4.288050175E0,2.850000143E0
1.287420202E2,2.196405029E1,3.402000189E0,-1.074105072E1
1.287444637E2,1.400295067E1,7.540500164E-1,-3.278100204E1
1.287469071E2,8.319000244E0,-2.029500157E-1,-3.148500061E1
1.287493508E2,3.070950031E0,8.569500446E-1,-2.356005096E1
1.287517944E2,4.480950356E0,3.297000170E0,-8.835000038E0
1.287542378E2,1.825950146E0,2.479950190E0,9.964050293E0
1.287566815E2,5.343000412E0,4.065000057E0,6.015000343E0
1.287591249E2,1.969950080E0,8.080950737E0,2.982000113E0
1.287615686E2,4.069050312E0,8.928000450E0,5.932050228E0
1.287640119E2,3.373050213E0,7.350000381E0,9.469950676E0
1.287664554E2,1.536000013E0,6.799950123E0,7.093050480E0
1.287688990E2,3.447000265E0,1.221795082E1,7.327050209E0
1.287713425E2,5.571000099E0,1.212000084E1,7.504950523E0
1.287737861E2,4.246950150E0,9.181950569E0,5.347050190E0
1.287762295E2,2.425050020E0,1.202895069E1,-6.175050259E0
1.287786732E2,3.208050251E0,1.708095169E1,-1.095000029E0
1.287811166E2,6.600000381E0,2.057895088E1,7.906950474E0
1.287835602E2,5.125050068E0,1.886895180E1,1.059000015E0
1.287860037E2,3.193050146E0,1.486395073E1,-3.919950247E0
1.287884473E2,8.607000351E0,1.692794991E1,-7.167000294E0
1.287908908E2,2.760000229E0,1.771305084E1,-1.972905159E1
1.287933344E2,1.549500078E-1,1.084095097E1,-1.114095020E1
1.287957779E2,7.290000319E-1,9.052950859E0,-7.063950539E0
1.287982215E2,4.420950413E0,1.461000061E1,-7.437000275E0
1.288006649E2,4.182000160E0,1.398495102E1,4.270500243E-1
1.288031086E2,2.604000092E0,8.173950195E0,-2.230500132E-1
1.288055520E2,-5.878050327E0,2.119695091E1,-8.650500178E-1
1.288079956E2,-4.992000103E0,1.495200062E1,9.250500202E-1
1.288104391E2,-8.860500455E-1,2.041949987E0,4.609500170E-1
1.288128827E2,-1.200000048E-1,-1.549500078E-1,-2.470500171E-1
1.288153262E2,-1.600500047E-1,4.095000029E-2,4.080000222E-1
1.288177695E2,-2.923050165E0,4.519950390E0,1.971000075E0
1.288202132E2,-8.610000610E0,2.312595177E1,5.977050304E0
1.288226566E2,-4.162950039E0,1.386495113E1,-1.469999999E-1
1.288251003E2,-5.914050102E0,2.276205063E1,-1.281000018E0
1.288275439E2,-7.486950397E0,2.968395233E1,1.768050075E0
1.288299873E2,-4.377000332E0,2.556600189E1,2.920050144E0
1.288324308E2,-9.000000544E-3,2.919795227E1,3.133050203E0
1.288348744E2,1.105800056E1,3.202305222E1,8.824049950E0
1.288373178E2,1.380195045E1,2.610705185E1,9.772050858E0
1.288397614E2,7.773000240E0,1.219395065E1,8.616000175E0
1.288422049E2,6.519000530E0,7.165950298E0,5.307000160E0
1.288446485E2,8.029950142E0,1.116195011E1,3.552000284E0
1.288470920E2,3.672000170E0,6.460050106E0,5.805000305E0
1.288495356E2,6.169500351E-1,7.350000143E-1,4.902000427E0
1.288519790E2,2.853000164E0,9.979500771E-1,3.585000277E0
1.288544227E2,3.552000284E0,5.229000092E0,-3.598950148E0
1.288568661E2,-2.509500086E-1,3.775950193E0,-1.723950028E0
1.288593097E2,3.340500295E-1,1.767000079E0,3.000000119E-2
1.288617532E2,-2.320050001E0,1.013295078E1,-4.779000282E0
1.288641968E2,2.848050117E0,4.551000118E0,1.305000018E-2
1.288666403E2,9.106950760E0,-2.620500028E-1,4.344000340E0
1.288690839E2,9.588000298E0,-8.749500513E-1,-6.444000244E0
1.288715273E2,1.518405056E1,-1.095000096E-2,-1.406505108E1
1.288739710E2,2.282205200E1,-4.213050365E0,-3.012300110E1
1.288764144E2,2.216805077E1,-3.715050220E0,-3.739395142E1
1.288788580E2,1.176495075E1,6.340500116E-1,-3.847905350E1
1.288813015E2,5.167950153E0,6.486000538E0,-2.771205139E1
1.288837449E2,5.323950291E0,8.004000664E0,-1.698795128E1
1.288861886E2,2.889000177E0,7.020000458E0,-1.214700031E1
1.288886319E2,-6.705000252E-2,6.145950317E0,-9.661050797E0
1.288910756E2,2.434050083E0,2.665095139E1,1.369950056E0
1.288935192E2,4.699050426E0,3.326895142E1,1.643295097E1
1.288959626E2,1.038000107E0,2.928000212E0,2.244000196E0
1.288984061E2,-3.625050068E0,2.217105103E1,-8.863950729E0
1.289008497E2,-6.421050072E0,2.396400070E1,-2.830500007E-1
1.289032931E2,-5.124000072E0,1.639605141E1,5.950500369E-1
1.289057368E2,-8.109000206E0,2.473995209E1,-1.699950099E0
1.289081802E2,-6.421050072E0,1.598205090E1,-5.680500269E-1
1.289106238E2,-6.226950169E0,1.854600143E1,4.876049995E0
1.289130673E2,-6.888000488E0,1.827300072E1,9.540000558E-1
1.289155109E2,-2.764950037E0,9.912000656E0,4.744050026E0
1.289179544E2,-4.000500143E-1,1.065705013E1,1.521705055E1
1.289203980E2,8.010000587E-1,4.791000366E0,1.164705086E1
1.289228414E2,1.311000109E0,4.600500166E-1,1.833900070E1
1.289252851E2,-1.480500102E-1,-4.009500146E-1,6.721950531E0
1.289277285E2,-1.350000024E0,-6.430500150E-1,-1.030050039E0
1.289301721E2,-5.389500260E-1,-1.009050012E0,5.199000359E0
1.289326156E2,1.745400047E1,-4.048050404E0,9.126000404E0
1.289350592E2,4.062000275E0,-1.120050073E0,9.549000740E0
1.289375027E2,-1.789500117E-1,-2.740500271E-1,3.409500122E-1
1.289399463E2,-1.360500008E-1,-3.130500019E-1,8.700000495E-2
1.289423897E2,-2.059500068E-1,-1.480500102E-1,1.830000132E-1
1.289448333E2,1.020000055E-1,-3.850500286E-1,2.430000156E-1
1.289472768E2,2.050500065E-1,-7.605000585E-2,2.532000065E0
1.289497202E2,5.239500403E-1,-1.549500078E-1,3.634950161E0
1.289521639E2,2.124105072E1,1.648200035E1,-7.950000167E-1
1.289546075E2,1.591905117E1,3.269205093E1,9.688050270E0
1.289570509E2,7.129500508E-1,2.370000124E0,3.580500185E-1
1.289594946E2,-4.429500103E-1,8.400000632E-2,1.900500059E-1
1.289619380E2,-3.795000166E-2,-3.180000186E-1,1.888050079E0
1.289643816E2,-2.659500241E-1,5.070000291E-1,5.311050415E0
1.289668250E2,1.720500141E-1,-3.495000303E-2,2.539050102E0
1.289692685E2,3.709950209E0,2.583405113E1,-7.744050503E0
1.289717121E2,8.851050377E0,2.833395195E1,5.557950497E0
1.289741556E2,6.169500351E-1,3.019050121E0,1.512000084E0
1.289765992E2,-4.260000288E-1,2.400000021E-2,7.339500189E-1
1.289790426E2,-1.200000048E-1,-1.759500057E-1,8.650500178E-1
1.289814862E2,1.713300133E1,6.745050430E0,9.139950752E0
1.289839297E2,4.198800278E1,1.111695099E1,-3.759105301E1
1.289863733E2,1.602195168E1,2.884950161E0,-1.321500015E1
1.289888168E2,3.748950243E0,-1.660950065E0,4.849500358E-1
1.289912604E2,1.620000124E0,2.764950037E0,-3.277799988E1
1.289937039E2,1.425195026E1,4.920000076E0,-2.618400192E1
1.289961475E2,3.946950197E0,4.876950264E0,-5.449950218E0
1.289985909E2,2.050950050E0,1.301505089E1,-1.024800014E1
1.290010346E2,6.528000355E0,6.115050316E0,-2.132205009E1
1.290034780E2,5.416950226E0,5.974050522E0,-1.443600082E1
1.290059216E2,-4.549500346E-1,4.221000195E0,-8.098050117E0
1.290083651E2,6.892050266E0,8.855999947E0,-3.720000088E-1
1.290108087E2,9.006000519E0,1.376700020E1,3.286050081E0
1.290132522E2,1.951050043E0,4.948950291E0,8.370000124E-1
1.290156958E2,3.970500231E-1,4.408050060E0,-1.911000133E0
1.290181393E2,6.061950207E0,1.675800133E1,4.900050163E0
1.290205829E2,1.144905090E1,1.458600044E1,-1.480050087E0
1.290230263E2,4.219950199E0,3.823950291E0,-5.847000122E0
1.290254699E2,1.118505096E1,6.249000072E0,-7.428000450E0
1.290279133E2,1.576305103E1,9.898050308E0,-1.624095154E1
1.290303570E2,4.201050282E0,6.952950478E0,-1.173000050E1
1.290328005E2,1.599000096E0,5.349000454E0,-1.099050045E0
1.290352441E2,4.825950146E0,1.203600025E1,3.760050297E0
1.290376876E2,6.367950439E0,1.461900043E1,2.500950098E0
1.290401310E2,3.697950125E0,8.836950302E0,2.721000195E0
1.290425746E2,1.447950125E0,5.479950428E0,-5.595000088E-2
1.290450180E2,2.692950010E0,9.073950768E0,3.529500067E-1
1.290474616E2,5.182950020E0,1.399005032E1,2.460000038E0
1.290499051E2,3.796950102E0,6.634050369E0,-4.150500298E-1
1.290523487E2,1.146000028E0,2.274000168E0,-2.754000187E0
1.290547924E2,4.006950378E0,9.201000214E0,1.639500111E-1
1.290572358E2,5.251950264E0,1.369800091E1,2.119950056E0
1.290596792E2,1.903050065E0,6.709050179E0,-1.747950077E0
1.290621229E2,-1.120500043E-1,2.872950077E0,-1.906050086E0
1.290645663E2,2.194950104E0,1.115505028E1,-1.368000031E0
1.290670100E2,5.992050171E0,1.611300087E1,3.339000225E0
1.290694534E2,1.783050060E0,6.007050514E0,-1.308000088E0
1.290718970E2,7.339500189E-1,3.651000261E0,-1.540050030E0
1.290743405E2,4.311000347E0,1.141605091E1,2.853000164E0
1.290767842E2,5.044050217E0,1.161495018E1,1.519050121E0
1.290792276E2,9.570000172E-1,3.217950106E0,7.380000353E-1
1.290816712E2,1.789500117E-1,1.932000041E0,1.159500033E-1
1.290841147E2,1.093050003E0,1.096605015E1,2.800050020E0
1.290865583E2,1.702050090E0,1.050105095E1,5.575050354E0
1.290890017E2,3.199500144E-1,4.077000141E0,6.760500073E-1
1.290914453E2,4.039500058E-1,6.960000515E0,8.580000401E-1
1.290938888E2,3.861000299E0,1.556505108E1,1.007100010E1
1.290963324E2,4.516950130E0,1.427205086E1,-2.847000122E0
1.290987759E2,4.369500279E-1,1.189500046E1,-9.657000542E0
1.291012195E2,9.414000511E0,6.132000446E0,-6.895950317E0
1.291036630E2,7.084050179E0,5.727000237E0,-6.289950371E0
1.291061066E2,2.482050180E0,9.250950813E0,-1.029600048E1
1.291085500E2,3.510000110E-1,8.524050713E0,-7.842000484E0
1.291109937E2,7.423950195E0,1.497405052E1,-2.563605118E1
1.291134370E2,1.410900021E1,5.574000359E0,-3.137505150E1
1.291158805E2,4.548000336E0,5.650050163E0,-3.278100204E1
1.291183241E2,4.026000023E0,9.927000046E0,-1.699800110E1
1.291207678E2,2.282999992E0,1.236900043E1,-2.008949995E0
1.291232112E2,1.606050134E0,1.325205040E1,3.268950224E0
1.291256549E2,2.038950205E0,1.340295029E1,1.393950105E0
1.291280983E2,1.453050017E0,1.401105022E1,1.039950013E0
1.291305420E2,2.235000134E0,1.677405167E1,2.680050135E0
1.291329854E2,1.464000106E0,1.312995052E1,8.389500380E-1
1.291354288E2,-3.490500152E-1,1.314495087E1,1.336950064E0
1.291378724E2,-1.549050093E0,1.526595116E1,3.030000031E-1
1.291403159E2,-1.906050086E0,1.291005039E1,2.155950069E0
1.291427595E2,-2.305950165E0,9.223050117E0,9.160500169E-1
1.291452030E2,-3.526950121E0,9.556050301E0,1.159500033E-1
1.291476466E2,-4.396049976E0,1.191405010E1,6.670500040E-1
1.291500900E2,-3.036000252E0,9.001950264E0,5.800500512E-1
1.291525337E2,-2.820000172E0,6.064950466E0,2.040000111E-1
1.291549771E2,-1.458000064E0,3.700950146E0,6.670500040E-1
1.291574207E2,-2.413050175E0,9.405000687E0,2.557950020E0
1.291598642E2,1.069500074E-1,1.190700054E1,7.770000100E-1
1.291623078E2,1.809000134E0,7.309950352E0,-2.886000156E0
1.291647513E2,2.580000162E-1,1.771950126E0,-2.020950079E0
1.291671949E2,2.218950033E0,3.577050209E0,2.905050039E0
1.291696384E2,4.024050236E0,1.010895061E1,8.935950279E0
1.291720820E2,1.467000127E0,1.153605080E1,5.323050022E0
1.291745254E2,1.102950096E0,7.827000141E0,1.081050038E0
1.291769690E2,3.021000147E0,7.663950443E0,1.030050039E0
1.291794125E2,1.689795113E1,6.361950397E0,-3.688050270E0
1.291818561E2,1.078800011E1,5.602950096E0,-1.477995110E1
1.291842996E2,1.833705139E1,2.085000038E0,-9.364950180E0
1.291867432E2,1.034700012E1,4.116000175E0,-2.327295113E1
1.291891866E2,3.655050278E0,4.195050240E0,-1.648305130E1
1.291916300E2,5.206950188E0,7.719000340E0,-3.877050161E0
1.291940736E2,5.980050087E0,8.590950012E0,8.940000534E-1
1.291965173E2,2.704950094E0,4.735949993E0,-3.405000269E-2
1.291989608E2,1.681950092E0,3.067050219E0,2.614950180E0
1.292014044E2,2.548950195E0,8.578950882E0,2.958000183E0
1.292038479E2,4.201050282E0,1.127895069E1,3.178050041E0
1.292062915E2,2.125050068E0,7.144050121E0,1.729950070E0
1.292087349E2,1.311000109E0,5.248050213E0,9.079500437E-1
1.292111783E2,4.543950081E0,9.201000214E0,-1.722000122E0
1.292136219E2,3.805950165E0,1.014000034E1,2.862000227E0
1.292160654E2,9.109500647E-1,6.678000450E0,-1.702950120E0
1.292185090E2,-1.789500117E-1,6.532050133E0,-4.882050037E0
1.292209527E2,6.277050495E0,8.515950203E0,-3.823950291E0
1.292233961E2,5.040000081E-1,8.457000732E0,-8.649000168E0
1.292258398E2,3.990000188E-1,5.172000408E0,-3.079950094E0
1.292282832E2,2.548950195E0,8.842050552E0,-3.874050140E0
1.292307268E2,5.712000370E0,1.065705013E1,-3.783000231E0
1.292331702E2,2.286000013E0,7.567950249E0,-3.247050047E0
1.292356137E2,1.684950113E0,6.316050529E0,5.640000105E-1
1.292380573E2,3.178950071E0,9.615000725E0,9.630000591E-1
1.292405008E2,4.113000393E0,1.257000065E1,2.769000053E0
1.292429444E2,2.905950069E0,9.862050056E0,5.110500455E-1
1.292453878E2,1.666050076E0,8.209950447E0,-9.405000508E-2
1.292478314E2,3.430050135E0,1.216800022E1,3.066000223E0
1.292502749E2,4.684950352E0,1.402305031E1,-1.612050056E0
1.292527185E2,2.692950010E0,9.976950645E0,1.627050042E0
1.292551620E2,6.120000482E-1,1.105395031E1,-4.369950294E0
1.292576056E2,3.217050076E0,1.171005058E1,1.590000093E-1
1.292600491E2,2.431950092E0,1.412895107E1,-7.504050255E0
1.292624927E2,8.805000782E-2,9.189000130E0,-4.368000031E0
1.292649362E2,5.500500202E-1,5.212050438E0,-2.728050232E0
1.292673798E2,4.147950172E0,1.398000050E1,-5.163000107E0
1.292698232E2,4.261050224E0,1.285005093E1,-6.964950562E0
1.292722668E2,1.078950047E0,4.911000252E0,-2.281949997E0
1.292747103E2,1.897950053E0,5.149950027E0,2.077050209E0
1.292771539E2,5.218950272E0,1.409505081E1,-1.612050056E0
1.292795974E2,3.021000147E0,1.074795055E1,-2.794950247E0
1.292820410E2,6.820500493E-1,3.826050282E0,-5.869500041E-1
1.292844845E2,3.399000168E0,7.369950294E0,-4.638000011E0
1.292869281E2,6.580950260E0,9.627000809E0,-9.556050301E0
1.292893715E2,2.977950096E0,5.209950447E0,-7.803000450E0
1.292918151E2,1.980000138E-1,4.006050110E0,-8.239500523E-1
1.292942585E2,3.151950121E0,7.210950375E0,1.477950096E0
1.292967022E2,3.816000223E0,9.301950455E0,-1.260000110E0
1.292991457E2,9.379500151E-1,5.286000252E0,-8.050500154E-1
1.293015893E2,3.196050167E0,3.712950230E0,1.429950118E0
1.293040328E2,6.097050190E0,8.137949944E0,-3.312000275E0
1.293064764E2,5.488950253E0,8.461050034E0,-8.995950699E0
1.293089198E2,2.355000019E0,3.292050123E0,-4.576050282E0
1.293113632E2,2.116050005E0,3.543000221E0,-9.850500226E-1
1.293138068E2,6.490050316E0,7.899000168E0,-1.600050092E0
1.293162503E2,4.018949986E0,7.024950504E0,-2.638950109E0
1.293186939E2,2.293050051E0,4.068000317E0,-1.630950093E0
1.293211374E2,5.653950214E0,7.204050541E0,-2.670000076E0
1.293235810E2,7.989000320E0,8.356050491E0,-5.400000095E0
1.293260244E2,3.138000250E0,6.169950485E0,-3.586950064E0
1.293284681E2,1.843050122E0,5.430000305E0,-3.900000080E-2
1.293309115E2,2.239950180E0,8.088000298E0,2.740500271E-1
1.293333551E2,3.391950130E0,1.038195038E1,1.954950094E0
1.293357986E2,1.759050131E0,6.595950127E0,1.255950093E0
1.293382422E2,1.095000096E-2,3.108000040E0,-2.970000207E-1
1.293406857E2,4.450500309E-1,9.141000748E0,8.890500665E-1
1.293431293E2,5.464950085E0,1.477500057E1,3.637950182E0
1.293455728E2,2.973000050E0,9.060000420E0,-3.268950224E0
1.293480164E2,3.970500231E-1,6.570000172E0,-3.919950247E0
1.293504598E2,5.014950275E0,1.255800056E1,2.550000250E-1
1.293529035E2,3.828000069E0,1.490400028E1,-9.673050880E0
1.293553469E2,9.430500269E-1,9.570000648E0,-4.341000080E0
1.293577905E2,4.905000329E-2,8.119050026E0,-4.593000412E0
1.293602340E2,4.177050114E0,1.162905025E1,-4.669050217E0
1.293626776E2,4.419000149E0,1.099005032E1,-6.688050270E0
1.293651211E2,1.843050122E0,8.578950882E0,-7.309500575E-1
1.293675647E2,2.992050171E0,1.008195019E1,2.668050051E0
1.293700081E2,5.829000473E0,1.615695000E1,1.591050029E0
1.293724518E2,3.691050291E0,1.427205086E1,-1.186050057E0
1.293748952E2,1.611000061E0,8.533050537E0,-1.518000126E0
1.293773388E2,2.595000029E0,1.033395004E1,-3.508050203E0
1.293797823E2,6.973950386E0,1.360905075E1,-7.669050217E0
1.293822259E2,4.736999989E0,9.823950768E0,-1.052595043E1
1.293846694E2,1.182000041E0,7.759950161E0,-2.569950104E0
1.293871130E2,2.197050095E0,8.301000595E0,3.922950268E0
1.293895564E2,4.180050373E0,1.297200108E1,1.222050071E0
1.293919998E2,2.463000059E0,1.110900021E1,-2.230500132E-1
1.293944434E2,1.644000053E0,6.177000523E0,7.995000482E-2
1.293968869E2,4.696950436E0,9.196050644E0,-3.235050201E0
1.293993306E2,6.196050167E0,1.074795055E1,-9.568050385E0
1.294017740E2,2.310000181E0,7.638000488E0,-7.393950462E0
1.294042177E2,7.849500179E-1,6.883050442E0,4.270500243E-1
1.294066613E2,2.463000059E0,8.992950439E0,2.614950180E0
1.294091048E2,3.679050207E0,1.205505085E1,1.675050020E0
1.294115481E2,1.771050096E0,8.362950325E0,1.026000023E0
1.294139918E2,4.300500154E-1,6.445050240E0,-3.450000286E-1
1.294164352E2,5.635050297E0,1.239000034E1,1.627050042E0
1.294188788E2,7.510050297E0,1.345305061E1,-9.424050331E0
1.294213223E2,2.458050013E0,7.944000244E0,-5.770950317E0
1.294237659E2,8.280000687E-1,7.990050316E0,-2.107050180E0
1.294262096E2,3.270000219E0,1.251000023E1,-1.641000032E0
1.294286530E2,1.572000027E0,1.245495033E1,-2.590950012E0
1.294310965E2,4.110000134E-1,7.171050549E0,-2.380500138E-1
1.294335401E2,1.299000025E0,6.864000320E0,-4.770000279E-1
1.294359836E2,5.098950386E0,1.077705097E1,-2.922000170E0
1.294384272E2,4.443000317E0,9.879000664E0,-6.340950489E0
1.294408706E2,1.848000050E0,6.334950447E0,-2.943000078E0
1.294433142E2,1.965000153E0,6.160050392E0,1.183950067E0
1.294457577E2,4.524000168E0,1.201395035E1,1.021050096E0
1.294482013E2,3.126000166E0,1.150005054E1,1.039500013E-1
1.294506448E2,-1.200000010E-2,4.027050018E0,-1.420050025E0
1.294530884E2,4.033950329E0,4.161000252E0,8.220000267E-1
1.294555319E2,7.885950565E0,1.225905037E1,-1.181100082E1
1.294579755E2,4.903050423E0,7.225950241E0,-1.241505051E1
1.294604189E2,1.081050038E0,3.706050158E0,-8.188950539E0
1.294628625E2,4.426050186E0,7.687950134E0,-1.552050114E0
1.294653060E2,5.536950111E0,9.943050385E0,-1.000950098E0
1.294677496E2,2.142000198E0,7.561050415E0,-1.327050090E0
1.294701931E2,4.090500176E-1,5.959050179E0,-1.353000045E0
1.294726365E2,4.273050308E0,6.100950241E0,-2.020950079E0
1.294750802E2,7.927050591E0,7.081950188E0,-6.678000450E0
1.294775235E2,2.547000170E0,5.032950401E0,-4.983000278E0
1.294799672E2,5.020500422E-1,5.221950054E0,-4.290000200E-1
1.294824109E2,3.283950090E0,9.733050346E0,2.977050066E0
1.294848543E2,4.036050320E0,1.321395016E1,5.595000088E-2
1.294872979E2,1.939050078E0,8.527950287E0,3.360000253E-1
1.294897414E2,-4.500000179E-2,7.759950161E0,-2.778000116E0
1.294921850E2,2.710050106E0,1.191105080E1,3.145050049E0
1.294946284E2,6.234000206E0,1.413105106E1,-2.941050053E0
1.294970721E2,1.924050093E0,9.699000359E0,-6.172950268E0
1.294995155E2,1.246950030E0,7.645050526E0,3.739500046E-1
1.295019592E2,1.990950108E0,1.073100090E1,-2.926050186E0
1.295044026E2,2.247000217E0,1.420005035E1,-2.905050039E0
1.295068463E2,5.640000105E-1,9.522000313E0,-2.866050243E0
1.295092897E2,1.879500151E-1,6.169950485E0,-9.529500604E-1
1.295117331E2,3.073050261E0,1.075005054E1,3.000000119E-1
1.295141767E2,3.856050253E0,1.316400051E1,-2.173950195E0
1.295166202E2,1.728000045E0,7.099050522E0,-1.174050093E0
1.295190638E2,1.510050058E0,5.433000088E0,-4.189500213E-1
1.295215073E2,3.504000187E0,1.281195068E1,2.938950062E0
1.295239509E2,2.884050131E0,1.234500027E1,1.833000064E0
1.295263943E2,1.395000052E-2,4.738050461E0,-1.753050089E0
1.295288379E2,-5.770500302E-1,3.804000139E0,-2.911950111E0
1.295312814E2,2.152050018E0,9.313950539E0,2.307000160E0
1.295337250E2,4.347000122E0,9.997950554E0,-3.297000170E0
1.295361685E2,7.410000563E-1,3.852000237E0,-4.693050385E0
1.295386121E2,5.710500479E-1,3.256050110E0,8.959500194E-1
1.295410556E2,3.763050079E0,1.162695026E1,-2.880000174E-1
1.295434992E2,2.791050196E0,1.178505039E1,-3.477000237E0
1.295459426E2,9.430500269E-1,5.964000225E0,-1.921050072E0
1.295483863E2,1.057050109E0,6.879000187E0,-2.062050104E0
1.295508297E2,5.140050411E0,9.376049995E0,-5.698950291E0
1.295532734E2,4.102950096E0,7.717050552E0,-8.412000656E0
1.295557168E2,1.429050088E0,5.440050125E0,-4.071000099E0
1.295581604E2,1.876050115E0,6.988950253E0,1.106999993E0
1.295606039E2,3.994950294E0,9.952950478E0,-1.000950098E0
1.295630475E2,3.708000183E0,1.043205070E1,-2.670000076E0
1.295654910E2,2.664000034E0,8.406000137E0,-7.860000134E-1
1.295679346E2,5.769000053E0,1.059000015E1,-2.581950188E0
1.295703781E2,6.724950314E0,1.172700024E1,-7.423050404E0
1.295728217E2,3.579000235E0,8.602950096E0,-8.979000092E0
1.295752651E2,4.350000322E-1,7.516050339E0,-5.281950474E0
1.295777087E2,2.065050125E0,8.650050163E0,9.000000358E-2
1.295801522E2,3.181050062E0,1.199505043E1,-2.092950106E0
1.295825958E2,3.217050076E0,1.053000069E1,-1.276950002E0
1.295850393E2,3.220050097E0,9.298950195E0,-1.618950129E0
1.295874829E2,4.125000000E0,1.097100067E1,-1.708050132E0
1.295899264E2,5.647050381E0,1.314000034E1,-5.197950363E0
1.295923697E2,4.122000217E0,1.067100048E1,-5.589000225E0
1.295948134E2,2.365050077E0,8.851950645E0,-1.162050009E0
1.295972568E2,3.378000259E0,1.143000031E1,2.047950029E0
1.295997004E2,4.447950363E0,1.482105064E1,1.284000039E0
1.296021439E2,2.137050152E0,1.108095074E1,-1.066050053E0
1.296045875E2,1.315950036E0,8.385000229E0,1.276950002E0
1.296070310E2,4.339950085E0,1.232805061E1,-3.715950251E0
1.296094747E2,6.066000462E0,1.267305088E1,-8.931000710E0
1.296119180E2,2.173050165E0,9.412050247E0,-7.195050240E0
1.296143617E2,7.009500265E-1,5.044950008E0,-7.189500332E-1
1.296168051E2,2.757000208E0,8.562000275E0,1.531050086E0
1.296192487E2,3.172050238E0,1.404000092E1,1.537950039E0
1.296216922E2,8.590500355E-1,6.072000504E0,7.380000353E-1
1.296241358E2,-3.709500134E-1,1.863000035E0,1.969500035E-1
1.296265793E2,2.941950083E0,5.277000427E0,-3.000000026E-3
1.296290229E2,3.397050142E0,7.935000420E0,-8.464050293E0
1.296314663E2,1.186950088E0,2.310000181E0,-4.417950153E0
1.296339099E2,-1.699500084E-1,6.180000305E-1,-1.469999999E-1
1.296363534E2,3.937950134E0,7.381050587E0,1.540500075E-1
1.296387970E2,7.738050461E0,8.449049950E0,-4.939500093E-1
1.296412405E2,1.339950085E0,3.376050234E0,-2.893050194E0
1.296436841E2,1.390050054E0,5.908950329E0,3.448950052E0
1.296461276E2,4.314000130E0,1.452105045E1,2.793000221E0
1.296485712E2,3.387000084E0,1.169805050E1,-3.973050117E0
1.296510146E2,1.093050003E0,7.990050316E0,-2.569950104E0
1.296534583E2,8.850000501E-1,8.461050034E0,1.540500075E-1
1.296559017E2,4.042950153E0,1.298205090E1,4.299000263E0
1.296583453E2,4.052999973E0,1.415505028E1,-3.739500046E-1
1.296607888E2,3.286950111E0,1.049595070E1,-2.572050095E0
1.296632324E2,4.881000042E0,1.088895035E1,-6.046050072E0
1.296656759E2,6.223950386E0,1.488000107E1,-8.328000069E0
1.296681195E2,6.250950336E0,1.540500069E1,-1.344900036E1
1.296705630E2,2.008050203E0,1.368300056E1,-5.476050377E0
1.296730063E2,2.250000000E0,1.136100101E1,1.026000023E0
1.296754500E2,3.708000183E0,1.650900078E1,2.086050034E0
1.296778934E2,3.538050175E0,1.596300030E1,1.584000111E0
1.296803371E2,6.409500241E-1,8.437050819E0,1.399050117E0
1.296827805E2,-6.130500436E-1,8.919000626E0,-1.822950125E0
1.296852242E2,2.698050022E0,1.484895039E1,2.035950184E0
1.296876678E2,2.575050116E0,1.420500088E1,-7.183050156E0
1.296901112E2,2.550000250E-1,6.048000336E0,-4.696050167E0
1.296925546E2,-7.300500274E-1,4.879050255E0,-1.653000116E0
1.296949982E2,2.149500102E-1,1.003905010E1,-3.786000252E0
1.296974417E2,1.387950063E0,5.590950489E0,-4.786950111E0
1.296998853E2,6.840000153E-1,1.987050056E0,-2.074050188E0
1.297023290E2,1.725000024E0,2.080950022E0,-1.680000126E-1
1.297047724E2,5.652000427E0,8.088000298E0,-4.210050106E0
1.297072161E2,7.753950596E0,4.947000027E0,-6.951000214E0
1.297096595E2,4.323000431E0,1.696950078E0,-4.155000210E0
1.297121029E2,4.921950340E0,7.405050278E0,-1.168950081E0
1.297145465E2,5.476950169E0,9.892950058E0,-1.032000065E0
1.297169900E2,1.182000041E0,4.528050423E0,-2.850000262E-1
1.297194336E2,-4.399500191E-1,3.606000185E0,7.360500097E-1
1.297218771E2,2.953950167E0,5.394000053E0,8.200500607E-1
1.297243207E2,5.347950459E0,7.087050438E0,-7.428000450E0
1.297267641E2,5.745000362E0,2.521050215E0,-7.032000542E0
1.297292077E2,1.246950030E0,3.286950111E0,-4.131000042E0
1.297316512E2,3.733950138E0,6.060000420E0,-4.270500243E-1
1.297340948E2,4.624950409E0,9.193950653E0,-6.490500569E-1
1.297365383E2,2.716950178E0,7.057950497E0,-7.380000353E-1
1.297389819E2,3.919500113E-1,6.807000160E0,1.047000051E0
1.297414254E2,3.042000055E0,9.001950264E0,-5.779500008E-1
1.297438690E2,5.884050369E0,8.914050102E0,-7.234050274E0
1.297463124E2,2.619000196E0,5.361000061E0,-6.646950245E0
1.297487560E2,-5.700000376E-2,6.496050358E0,-2.194050074E0
1.297511995E2,2.009999990E0,9.907050133E0,1.761000037E0
1.297536431E2,2.191950083E0,1.057095051E1,-1.732050061E0
1.297560866E2,9.330000281E-1,6.639000416E0,-6.610500216E-1
1.297585302E2,1.170000076E0,6.393000126E0,-4.890000224E-1
1.297609736E2,3.729000092E0,9.679950714E0,-2.833050251E0
1.297634172E2,4.644000053E0,1.166700077E1,-5.653050423E0
1.297658607E2,2.535000086E0,9.048000336E0,-4.273950100E0
1.297683043E2,1.342050076E0,6.952950478E0,2.190000117E-1
1.297707477E2,2.572950125E0,1.153095055E1,2.869050026E0
1.297731912E2,3.978000164E0,1.473405075E1,4.560000300E-1
1.297756349E2,1.687050104E0,9.793050766E0,7.650000453E-1
1.297780785E2,4.009500146E-1,8.638050079E0,-1.200000048E0
1.297805220E2,4.323000431E0,1.261305046E1,7.000500560E-1
1.297829656E2,4.570050240E0,1.294605064E1,-7.131000519E0
1.297854090E2,2.097000122E0,9.583950043E0,-5.470950127E0
1.297878526E2,9.550500512E-1,1.038900089E1,-2.128950119E0
1.297902960E2,3.670050144E0,1.417605114E1,-1.305000067E0
1.297927395E2,3.571050167E0,1.327605057E1,-4.180950165E0
1.297951831E2,1.546050072E0,9.043050766E0,-3.304950237E0
1.297976266E2,9.450000525E-1,8.277000427E0,-8.410500288E-1
1.298000702E2,3.832050085E0,1.030995083E1,-1.087050080E0
1.298025137E2,4.881000042E0,1.080300045E1,-7.333950520E0
1.298049573E2,2.683050156E0,6.256050110E0,-6.103950500E0
1.298074007E2,2.274000168E0,5.362950325E0,-1.360050082E0
1.298098444E2,6.076050282E0,9.526950836E0,-9.169500470E-1
1.298122878E2,5.310000420E0,8.203050613E0,-4.734000206E0
1.298147314E2,1.843050122E0,5.169000149E0,-4.513950348E0
1.298171749E2,1.380000114E-1,4.815000057E0,-1.381950021E0
1.298196185E2,4.864050388E0,7.840950489E0,-1.648050070E0
1.298220620E2,5.965950489E0,4.774050236E0,-5.308950424E0
1.298245056E2,1.783050060E0,1.795950055E0,-4.353000164E0
1.298269491E2,1.480950117E0,4.551000118E0,1.669950128E0
1.298293927E2,4.266000271E0,7.575000286E0,9.559500217E-1
1.298318361E2,3.937950134E0,7.486950397E0,-2.481000185E0
1.298342798E2,9.040500522E-1,4.899000168E0,9.010500312E-1
1.298367232E2,4.350000322E-1,6.289950371E0,1.054050088E0
1.298391668E2,4.543950081E0,9.283050537E0,-4.650000334E-1
1.298416103E2,4.177050114E0,1.002495003E1,-7.092000484E0
1.298440539E2,2.772000074E0,5.820000172E0,-4.873050213E0
1.298464974E2,1.065000057E0,6.402000427E0,-1.993050098E0
1.298489410E2,3.037950039E0,1.189500046E1,-8.700000495E-2
1.298513845E2,3.634050131E0,1.231395054E1,-2.629050016E0
1.298538281E2,1.696950078E0,7.252050400E0,-2.184000015E0
1.298562715E2,1.912050128E0,8.241000175E0,-9.820500612E-1
1.298587151E2,5.179950237E0,1.205295086E1,-5.208000183E0
1.298611586E2,5.194950104E0,1.117905045E1,-8.677050591E0
1.298636022E2,1.678050041E0,7.249950409E0,-5.577000141E0
1.298660457E2,1.536000013E0,7.815000534E0,-1.087050080E0
1.298684893E2,4.921950340E0,1.394700050E1,-7.429500222E-1
1.298709327E2,3.682050228E0,1.286895084E1,-3.171000242E0
1.298733762E2,1.627050042E0,5.482950211E0,-2.518950224E0
1.298758198E2,5.809950352E0,6.630000114E0,-3.340950251E0
1.298782632E2,1.058700085E1,1.017795086E1,-9.031949997E0
1.298807069E2,6.832050323E0,6.691950321E0,-1.236195087E1
1.298831503E2,1.725000024E0,5.461050034E0,-7.554000378E0
1.298855940E2,1.632000089E0,4.723950386E0,-7.930500507E-1
1.298880374E2,5.628000259E0,8.125950813E0,3.150000274E-1
1.298904810E2,4.030950069E0,6.888000488E0,-1.842000127E0
1.298929245E2,2.607000113E0,4.361999989E0,9.900000691E-2
1.298953681E2,5.302950382E0,7.750050545E0,9.040500522E-1
1.298978116E2,8.200050354E0,9.115050316E0,-4.167000294E0
1.299002552E2,4.717950344E0,7.240050316E0,-3.196950197E0
1.299026986E2,1.468950033E0,6.772950172E0,-3.195000067E-2
1.299051423E2,1.852050066E0,1.037700081E1,1.579050064E0
1.299075859E2,3.030000210E0,1.306605053E1,-2.350500077E-1
1.299100293E2,1.587000132E0,1.021200085E1,-1.915950060E0
1.299124728E2,1.093050003E0,7.483950138E0,1.690500081E-1
1.299149164E2,1.327950120E0,1.020000076E1,-4.429500103E-1
1.299173599E2,4.026000023E0,1.596495056E1,-5.250000358E-1
1.299198035E2,3.366000175E0,1.497105026E1,-2.875950098E0
1.299222470E2,2.701950073E0,1.005105019E1,9.349500537E-1
1.299246906E2,2.452950001E0,1.201395035E1,-1.645050049E0
1.299271340E2,6.487950325E0,1.967400169E1,1.833000064E0
1.299295777E2,4.693950176E0,1.754295158E1,-1.630950093E0
1.299320211E2,2.539950132E0,1.147305012E1,2.176950216E0
1.299344647E2,7.939500213E-1,1.234695053E1,-4.108950138E0
1.299369082E2,2.599050045E0,1.735800171E1,1.497000098E0
1.299393518E2,4.369050026E0,1.555095100E1,-1.150500029E-1
1.299417953E2,7.729500532E-1,8.160000801E0,-5.620050430E0
1.299442389E2,-1.150500029E-1,4.297950268E0,1.228950024E0
1.299466823E2,1.752000093E0,1.432500076E1,-2.662950039E0
1.299491257E2,1.567050099E0,8.839950562E0,-5.244000435E0
1.299515694E2,-1.200000048E-1,1.101000071E0,-4.890000224E-1
1.299540131E2,-2.340000123E-1,3.811950207E0,8.505000174E-2
1.299564565E2,6.960000396E-1,9.948000908E0,-2.392050028E0
1.299589001E2,8.080500364E-1,5.533050060E0,-2.218050003E0
1.299613436E2,7.770000100E-1,1.707000136E0,-6.046050072E0
1.299637872E2,8.105999947E0,4.089000225E0,-2.251049995E0
1.299662307E2,8.892000198E0,6.433050156E0,-6.819000244E0
1.299686741E2,3.375000238E0,2.313000202E0,-7.096950531E0
1.299711177E2,-5.430000424E-1,3.165000200E0,-1.469999999E-1
1.299735611E2,9.705000371E-2,4.210950375E0,1.069050074E0
1.299760048E2,3.433050156E0,5.119050026E0,-1.144950032E0
1.299784482E2,2.740950108E0,1.567950130E0,-4.666950226E0
1.299808919E2,3.556950092E0,6.970500350E-1,-1.653000116E0
1.299833355E2,6.100050449E0,3.831000090E0,-8.149500489E-1
1.299857789E2,9.267000198E0,7.759950161E0,-3.337950230E0
1.299882224E2,5.884050369E0,8.950050354E0,-1.936950088E0
1.299906660E2,3.354000092E0,8.026050568E0,2.278050184E0
1.299931094E2,6.145050526E0,1.258395100E1,-5.389500260E-1
1.299955531E2,7.468950272E0,1.504995060E1,-6.862950325E0
1.299979965E2,6.090000153E0,1.212900066E1,-8.208000183E0
1.300004401E2,2.548950195E0,1.217700100E1,-7.465950489E0
1.300028836E2,4.146000385E0,1.423605061E1,-4.240950108E0
1.300053272E2,5.901000500E0,1.643400002E1,-6.787950516E0
1.300077706E2,4.672950268E0,1.547895050E1,-4.681050301E0
1.300102143E2,1.636950135E0,1.266600037E1,-4.705049992E0
1.300126577E2,2.262000084E0,1.372200108E1,-2.677050114E0
1.300151013E2,3.291000128E0,1.519200039E1,-6.649050236E0
1.300175448E2,1.225050092E0,1.155495071E1,-4.815000057E0
1.300199884E2,6.600000262E-1,6.864000320E0,-1.212000012E0
1.300224319E2,2.977950096E0,6.691950321E0,1.420500129E-1
1.300248755E2,2.668950081E0,1.155495071E1,-2.481000185E0
1.300273190E2,1.186950088E0,5.679000378E0,-2.473950148E0
1.300297626E2,-1.939500123E-1,3.540000021E-1,-6.000000238E-2
1.300322061E2,1.213050008E0,-4.540500343E-1,8.389500380E-1
1.300346497E2,3.310050249E0,4.860000134E0,-4.983000278E0
1.300370931E2,4.254000187E0,7.108950138E0,-2.526000023E0
1.300395367E2,1.984050035E0,2.811000109E0,1.162050009E0
1.300419802E2,2.749950171E0,4.306950092E0,1.677000046E0
1.300444236E2,3.042000055E0,9.678000450E0,7.304999977E-2
1.300468673E2,2.776950121E0,6.292050362E0,9.319500327E-1
1.300493107E2,1.666050076E0,4.336050034E0,-7.309500575E-1
1.300517544E2,5.415000439E0,7.237950325E0,-2.761050224E0
1.300541977E2,5.829000473E0,6.687000275E0,-7.843950272E0
1.300566414E2,4.234950066E0,3.687000275E0,-6.429000378E0
1.300590850E2,3.181050062E0,5.896950245E0,-2.227050066E0
1.300615285E2,7.575000286E0,1.112400055E1,-2.289000034E0
1.300639719E2,6.871050358E0,1.175295067E1,-4.095000267E0
1.300664155E2,1.831050038E0,7.561050415E0,-2.272950172E0
1.300688590E2,2.602050066E0,7.566000462E0,1.605000019E0
1.300713026E2,5.496000290E0,1.279995060E1,-2.091000080E0
1.300737460E2,5.074950218E0,1.152795029E1,-6.787950516E0
1.300761896E2,1.330050111E0,6.112950325E0,-5.035950184E0
1.300786331E2,1.210950017E0,5.686050415E0,-1.695000008E-2
1.300810767E2,6.706050396E0,1.043895054E1,-1.995000124E0
1.300835202E2,5.805000305E0,1.114305019E1,-4.449000359E0
1.300859638E2,2.788950205E0,7.638000488E0,-2.602950096E0
1.300884073E2,3.555000067E0,8.107049942E0,-1.152000070E0
1.300908509E2,4.977000237E0,1.121505070E1,-3.865050077E0
1.300932943E2,2.929950237E0,8.694000244E0,-5.962050438E0
1.300957379E2,5.500500202E-1,5.080950260E0,-2.277000189E0
1.300981814E2,7.849500179E-1,5.701050282E0,2.983950138E0
1.301006250E2,1.318050027E0,1.001295090E1,1.258050084E0
1.301030685E2,1.021950006E0,8.791950226E0,1.834950089E0
1.301055121E2,5.160000324E-1,6.819000244E0,7.950000465E-3
1.301079556E2,1.960050106E0,1.057500076E1,8.460000157E-1
1.301103992E2,6.073050499E0,1.495905113E1,1.179000020E0
1.301128426E2,3.514050245E0,1.222500038E1,-6.523050308E0
1.301152862E2,2.190000057E0,9.043050766E0,-4.789050102E0
1.301177297E2,1.891050100E0,1.056105042E1,-3.022050142E0
1.301201733E2,3.033000231E0,1.477305031E1,-1.429950118E0
1.301226168E2,3.289050102E0,1.345605087E1,-3.400050163E0
1.301250604E2,2.238000154E0,9.694050789E0,-3.022050142E0
1.301275039E2,2.596950054E0,8.638050079E0,-1.332000017E0
1.301299475E2,6.238950253E0,1.242405033E1,-5.031000137E0
1.301323910E2,4.447950363E0,1.145700073E1,-6.807000160E0
1.301348346E2,1.840050101E0,7.765050411E0,-3.937050104E0
1.301372780E2,2.398050070E0,8.320050240E0,4.750500321E-1
1.301397216E2,4.462050438E0,1.305600071E1,-3.103050232E0
1.301421651E2,3.660000086E0,9.559950829E0,-6.939000130E0
1.301446085E2,1.831050038E0,4.168050289E0,-5.509950161E0
1.301470521E2,6.271950245E0,6.601050377E0,-5.443050385E0
1.301494956E2,1.065900040E1,1.001295090E1,-1.222095013E1
1.301519392E2,5.254950047E0,6.103050232E0,-1.380600071E1
1.301543826E2,7.060500383E-1,5.454000473E0,-3.718950272E0
1.301568262E2,1.543950081E0,5.569050312E0,1.545000076E0
1.301592697E2,4.435950279E0,1.085295010E1,2.359050035E0
1.301617133E2,3.889950275E0,8.653050423E0,8.050500154E-1
1.301641568E2,2.326050043E0,3.733050108E0,9.000000358E-2
1.301666004E2,5.725950241E0,5.137950420E0,2.190000117E-1
1.301690438E2,8.242950439E0,8.491950035E0,-6.204000473E0
1.301714875E2,4.309050083E0,5.763000488E0,-7.939950466E0
1.301739309E2,2.044049978E0,3.816000223E0,-1.114050031E0
1.301763745E2,1.917000055E0,7.779000282E0,7.650000453E-1
1.301788180E2,3.799050093E0,1.280205059E1,-3.760500252E-1
1.301812616E2,2.671050072E0,1.121505070E1,-1.293000102E0
1.301837051E2,1.243950009E0,6.277950287E0,3.739500046E-1
1.301861487E2,4.009950161E0,6.475950241E0,-9.490500689E-1
1.301885922E2,3.949950218E0,1.167195034E1,-3.589950085E0
1.301910358E2,3.289050102E0,1.151400089E1,-1.072950006E0
1.301934792E2,2.086950064E0,5.056950092E0,-9.439500570E-1
1.301959228E2,1.492950082E0,6.262950420E0,-1.732050061E0
1.301983663E2,3.250950098E0,1.356405067E1,2.320950031E0
1.302008099E2,2.968050241E0,1.210095024E1,1.690500081E-1
1.302032534E2,1.135950089E0,4.948950291E0,-1.005000062E-2
1.302056970E2,1.549500078E-1,4.390950203E0,3.430500031E-1
1.302081405E2,3.367950201E0,1.041300011E1,8.479500413E-1
1.302105841E2,1.464000106E0,8.017950058E0,1.368000031E0
1.302130275E2,-5.430000424E-1,2.545050144E0,-3.202050209E0
1.302154711E2,5.923050404E0,4.693050385E0,-6.730500460E-1
1.302179146E2,8.133000374E0,1.209795094E1,-1.288395023E1
1.302203580E2,6.720000267E0,4.495950222E0,-1.239300060E1
1.302228016E2,4.768950462E0,6.754050255E0,-1.435905075E1
1.302252453E2,1.027305031E1,7.492050171E0,-1.115505028E1
1.302276887E2,8.880000114E0,8.157000542E0,-1.197195053E1
1.302301324E2,3.811050177E0,8.513999939E0,-5.206050396E0
1.302325757E2,6.379500031E-1,6.763950348E0,1.075950027E0
1.302350194E2,3.178950071E0,1.119300079E1,2.254050016E0
1.302374629E2,4.884000301E0,1.309695053E1,1.549950123E0
1.302399065E2,3.919050217E0,9.828000069E0,-7.669500113E-1
1.302423500E2,4.524000168E0,8.962050438E0,-1.767000079E0
1.302447934E2,6.042000294E0,1.066905022E1,-6.700050354E0
1.302472370E2,4.668000221E0,1.123395061E1,-9.027000427E0
1.302496804E2,1.110000014E0,9.843000412E0,-4.969050407E0
1.302521241E2,9.660000205E-1,9.184050560E0,3.940500319E-1
1.302545675E2,3.772950172E0,1.338405037E1,1.294050097E0
1.302570112E2,2.748000145E0,1.491195107E1,2.209500074E-1
1.302594546E2,1.062000036E0,9.295050621E0,1.212000012E0
1.302618983E2,2.098950148E0,9.286950111E0,9.370500445E-1
1.302643417E2,5.094000340E0,1.380795097E1,-2.317950010E0
1.302667853E2,3.210000038E0,1.140405083E1,-6.988950253E0
1.302692288E2,7.819500566E-1,7.233000278E0,-4.933050156E0
1.302716724E2,1.140000075E-1,5.308050156E0,-1.231050014E0
1.302741158E2,2.539950132E0,1.083900070E1,-1.279050112E0
1.302765594E2,2.434050083E0,1.183695030E1,-1.842000127E0
1.302790029E2,9.660000205E-1,4.777050018E0,-1.116000056E0
1.302814465E2,1.824000120E0,4.326000214E0,7.650000453E-1
1.302838900E2,4.648950100E0,7.135050297E0,-2.268000126E0
1.302863336E2,3.985950232E0,5.835000515E0,-8.131050110E0
1.302887771E2,2.556000233E0,2.209950209E0,-7.758000374E0
1.302912207E2,6.571950436E0,1.804950118E0,-2.464050055E0
1.302936641E2,9.090000153E0,6.747000217E0,-3.964950085E0
1.302961077E2,5.619000435E0,6.313950062E0,-3.205950260E0
1.302985512E2,6.480000019E-1,3.205950260E0,-6.229500175E-1
1.303009948E2,1.375950098E0,5.016000271E0,2.400000095E0
1.303034383E2,5.440950394E0,9.910050392E0,-2.526000023E0
1.303058819E2,2.647050142E0,5.952000141E0,-2.031000137E0
1.303083254E2,1.909500062E-1,2.521050215E0,-1.486950040E0
1.303107690E2,1.500000119E0,5.176050186E0,-1.372050047E0
1.303132124E2,6.229050159E0,6.751950264E0,-4.666950226E0
1.303156560E2,4.219950199E0,5.041950226E0,-4.573950291E0
1.303180995E2,9.520500302E-1,4.420050144E0,-1.629000068E0
1.303205431E2,4.648950100E0,6.630000114E0,1.729500145E-1
1.303229866E2,8.302950859E0,1.046505070E1,-4.284000397E0
1.303254302E2,6.466050148E0,9.577050209E0,-5.139000416E0
1.303278736E2,2.131950140E0,9.429000854E0,1.117050052E0
1.303303172E2,3.343950272E0,1.335000038E1,1.669950128E0
1.303327607E2,4.933950424E0,1.695405006E1,-4.369950294E0
1.303352043E2,3.385050058E0,1.411905098E1,-5.371050358E0
1.303376478E2,1.572000027E0,9.814050674E0,-5.665050507E0
1.303400914E2,2.013000011E0,1.080105019E1,-4.902000427E0
1.303425349E2,4.714050293E0,1.605795097E1,-8.665050507E0
1.303449785E2,3.592950106E0,1.168200016E1,-8.488050461E0
1.303474219E2,5.830500126E-1,7.768950462E0,-1.525950074E0
1.303498656E2,2.559000015E0,1.075305080E1,1.792050123E0
1.303523089E2,5.085000038E0,1.869000053E1,5.160000324E-1
1.303547524E2,2.833950043E0,1.304205036E1,-2.335050106E0
1.303571960E2,9.739500284E-1,7.177950382E0,-5.010000467E-1
1.303596395E2,3.133050203E0,1.144905090E1,-1.072950006E0
1.303620831E2,5.461050034E0,1.498605061E1,-5.433000088E0
1.303645266E2,2.944050074E0,7.816950321E0,-6.312000275E0
1.303669702E2,4.399500191E-1,3.469050169E0,-1.128000021E0
1.303694139E2,1.756950140E0,7.566000462E0,1.678950071E0
1.303718573E2,3.789000273E0,1.352505112E1,-1.005000062E-2
1.303743009E2,2.082000017E0,7.666050434E0,-2.646000147E0
1.303767443E2,1.492950082E0,3.100950241E0,5.320500135E-1
1.303791878E2,4.945950031E0,8.593050003E0,-6.610500216E-1
1.303816314E2,9.070950508E0,1.289295101E1,-4.152000427E0
1.303840749E2,5.286000252E0,6.093000412E0,-6.457950115E0
1.303865185E2,1.215000033E0,3.984000206E0,-2.683950186E0
1.303889619E2,3.229050159E0,5.848950386E0,6.760500073E-1
1.303914056E2,6.448950291E0,8.883000374E0,-1.600050092E0
1.303938490E2,2.857950211E0,5.049000263E0,-3.313950062E0
1.303962926E2,1.345050097E0,2.286000013E0,-1.257000089E0
1.303987361E2,4.966950417E0,6.000000477E0,-7.930500507E-1
1.304011797E2,7.693950176E0,8.124000549E0,-5.581950188E0
1.304036232E2,4.033950329E0,3.421050072E0,-8.814000130E0
1.304060668E2,1.285050035E0,2.454000235E0,-3.430950165E0
1.304085103E2,3.339000225E0,6.958050251E0,2.910000086E-1
1.304109539E2,5.623050213E0,1.042005062E1,-1.770000100E0
1.304133973E2,1.656000137E0,4.365000248E0,-2.770950079E0
1.304158409E2,-2.059500068E-1,1.278000116E0,-1.005000062E-2
1.304182844E2,2.815050125E0,4.204050064E0,1.749000072E0
1.304207280E2,3.661950111E0,1.144500065E1,-3.331050158E0
1.304231715E2,3.978000164E0,4.570950031E0,-4.708050251E0
1.304256151E2,1.390050054E0,2.269950151E0,-5.370000005E-1
1.304280586E2,3.859050274E0,6.871950150E0,-6.300000101E-2
1.304305022E2,6.045000076E0,1.071900082E1,-4.252950191E0
1.304329456E2,3.856050253E0,6.982050419E0,-4.815000057E0
1.304353893E2,1.984050035E0,4.123050213E0,-4.686000347E0
1.304378327E2,5.515950203E0,5.416050434E0,-6.703950405E0
1.304402763E2,5.865000248E0,7.543950558E0,-8.281949997E0
1.304427198E2,7.680000067E-1,4.590000153E0,-5.200950146E0
1.304451634E2,1.549500078E-1,3.520050049E0,-3.550500274E-1
1.304476069E2,2.050950050E0,1.099005032E1,2.697000027E0
1.304500505E2,3.792000294E0,1.573005104E1,2.188950062E0
1.304524940E2,1.507950068E0,7.969950199E0,1.267050028E0
1.304549376E2,7.170000076E-1,8.385000229E0,-5.370000005E-1
1.304573810E2,2.596950054E0,1.835505104E1,3.163950205E0
1.304598246E2,3.793950081E0,2.017395020E1,2.697000027E0
1.304622681E2,3.856050253E0,1.254405022E1,1.627050042E0
1.304647117E2,5.061000347E0,1.076895046E1,-5.995950222E0
1.304671552E2,8.452950478E0,1.505295086E1,-1.049700069E1
1.304695988E2,8.370000839E0,1.810095024E1,-1.499805069E1
1.304720423E2,3.871050119E0,1.372395039E1,-1.365495110E1
1.304744859E2,-3.829500079E-1,9.535950661E0,-7.240950108E0
1.304769293E2,3.016050100E0,1.173000050E1,-3.745050192E0
1.304793730E2,4.693950176E0,1.482795048E1,-4.621050358E0
1.304818164E2,2.452950001E0,7.128000259E0,-7.200000435E-2
1.304842600E2,1.756950140E0,3.237000227E0,2.689500153E-1
1.304867035E2,6.243000507E0,1.079100037E1,-1.110000089E-1
1.304891469E2,5.614050388E0,1.334595108E1,-3.646950245E0
1.304915905E2,1.905000091E0,4.891050339E0,-3.352050066E0
1.304940340E2,1.630050063E0,3.946050167E0,1.906950116E0
1.304964776E2,1.267950058E0,1.216305065E1,8.989500403E-1
1.304989210E2,1.729950070E0,1.155705070E1,1.531050086E0
1.305013647E2,5.359500051E-1,4.041000366E0,5.130000114E-1
1.305038081E2,1.429500133E-1,4.221000195E0,1.488000035E0
1.305062518E2,-1.240500063E-1,1.206000042E1,3.865050077E0
1.305086954E2,1.906950116E0,1.435095024E1,5.770950317E0
1.305111388E2,4.026000023E0,1.016400051E1,4.015950203E0
1.305135823E2,5.146950245E0,8.887950897E0,1.402050018E0
1.305160259E2,1.012005043E1,1.227300072E1,-2.791950226E0
1.305184693E2,1.153200054E1,9.709050179E0,-1.595400047E1
1.305209130E2,4.126950264E0,7.345950127E0,-1.578795052E1
1.305233564E2,1.234950066E0,7.939050198E0,-7.513950348E0
1.305258001E2,2.250000000E0,1.182105064E1,-2.497950077E0
1.305282435E2,3.580950260E0,1.481595039E1,6.640500426E-1
1.305306871E2,2.302050114E0,1.020405006E1,1.071000099E0
1.305331308E2,1.210950017E0,7.968000412E0,-2.482950211E0
1.305355743E2,4.012050152E0,1.537800026E1,2.131950140E0
1.305380179E2,6.070950508E0,1.722405052E1,-1.588050127E0
1.305404613E2,2.314050198E0,7.045950413E0,1.039500013E-1
1.305429047E2,9.469500184E-1,4.695000172E0,-1.678950071E0
1.305453484E2,3.193050146E0,1.252905083E1,5.107950211E0
1.305477918E2,4.654050350E0,1.129395008E1,-2.007000208E0
1.305502354E2,1.260000020E-1,1.899000049E0,-7.104000568E0
1.305526789E2,3.145050049E0,1.498950124E0,-5.208000183E0
1.305551225E2,8.236050606E0,5.016000271E0,-1.509600067E1
1.305575660E2,6.919050217E0,8.070000410E-1,-1.886295128E1
1.305600096E2,7.060500383E-1,3.004950047E0,-1.109805012E1
1.305624531E2,3.169050217E0,3.615000248E0,-4.162050247E0
1.305648967E2,7.512000561E0,5.665050507E0,-3.726000071E0
1.305673401E2,2.896050215E0,4.398000240E0,-1.471050024E0
1.305697837E2,-1.219500080E-1,1.140000105E0,1.590000093E-1
1.305722272E2,1.917000055E0,4.282950401E0,2.215950012E0
1.305746708E2,5.058000088E0,9.736950874E0,2.005050182E0
1.305771143E2,5.203950405E0,4.207050323E0,-1.720050097E0
1.305795579E2,5.872050285E0,6.769500375E-1,-3.028950214E0
1.305820014E2,1.007205009E1,4.753050327E0,-6.460050106E0
1.305844450E2,1.192500019E1,7.980000496E0,-1.007595062E1
1.305868885E2,4.294950008E0,5.682000160E0,-8.902050018E0
1.305893321E2,-2.629500031E-1,5.527950287E0,-1.549950123E0
1.305917755E2,2.329050064E0,8.761050224E0,1.591050029E0
1.305942192E2,1.273050070E0,1.536405087E1,1.087950110E0
1.305966626E2,1.675050020E0,1.171005058E1,1.200000048E0
1.305991062E2,3.430050135E0,8.998050690E0,1.744050026E0
1.306015497E2,7.438050270E0,1.317600060E1,-3.553950071E0
1.306039933E2,4.078950405E0,1.479705048E1,-7.321950436E0
1.306064368E2,3.283950090E0,1.101405048E1,-4.987950325E0
1.306088804E2,9.019500613E-1,8.956950188E0,-3.142050266E0
1.306113239E2,3.082950115E0,1.311105061E1,-2.359050035E0
1.306137675E2,2.428950071E0,1.391805077E1,-2.296950102E0
1.306162110E2,1.275000095E0,5.464050293E0,1.780050039E0
1.306186546E2,4.969500303E-1,3.579000235E0,-1.348050117E0
1.306210980E2,6.342000484E0,1.254405022E1,-2.593050241E0
1.306235417E2,3.718050241E0,1.550805092E1,1.393950105E0
1.306259851E2,6.150000095E-1,5.356050491E0,-1.518000126E0
1.306284287E2,-8.140500188E-1,4.765050411E0,-2.074050188E0
1.306308722E2,6.148050308E0,1.075995064E1,2.389950037E0
1.306333158E2,2.935050249E0,8.871000290E0,-9.640050888E0
1.306357593E2,2.029500157E-1,1.681050062E0,-4.216950417E0
1.306382026E2,6.516000271E0,1.003050089E0,-5.413950443E0
1.306406463E2,8.788949966E0,4.068000317E0,-6.927000523E0
1.306430897E2,2.602050066E0,3.529050112E0,-3.216000080E0
1.306455334E2,2.890500128E-1,3.454950094E0,8.340000510E-1
1.306479768E2,2.731050014E0,7.735950470E0,1.588050127E0
1.306504205E2,3.688950062E0,1.068105030E1,-1.237950087E0
1.306528641E2,1.801950097E0,6.285000324E0,4.080000222E-1
1.306553076E2,1.690500081E-1,4.707000256E0,-1.735950112E0
1.306577512E2,4.800000191E-1,9.133950233E0,-6.970500350E-1
1.306601946E2,2.251950026E0,1.199805069E1,3.322050095E0
1.306626380E2,2.887050152E0,6.204000473E0,9.559500217E-1
1.306650816E2,2.005950212E0,2.180999994E0,-9.030000567E-1
1.306675251E2,6.825000286E0,7.960950375E0,-5.440050125E0
1.306699687E2,8.386050224E0,7.923000336E0,-1.695705032E1
1.306724124E2,2.785950184E0,5.830050468E0,-1.311405087E1
1.306748558E2,4.168050289E0,9.031050682E0,-7.213950157E0
1.306772995E2,8.937000275E0,1.030695057E1,-6.025050163E0
1.306797430E2,3.772950172E0,7.540050507E0,-2.701050043E0
1.306821866E2,1.512000084E0,8.855999947E0,1.489950061E0
1.306846300E2,7.345050335E0,1.150695038E1,1.570500135E-1
1.306870734E2,8.950950623E0,9.473999977E0,-9.501000404E0
1.306895170E2,3.339000225E0,6.654000282E0,-9.501000404E0
1.306919605E2,1.254000068E0,7.120950222E0,-4.465950012E0
1.306944041E2,6.696000099E0,7.996950150E0,-4.915950298E0
1.306968478E2,8.403000832E0,8.554950714E0,-4.684050083E0
1.306992912E2,3.208050251E0,8.494950294E0,-3.712050200E0
1.307017349E2,1.354050040E0,8.791950226E0,-1.687950134E0
1.307041783E2,6.619050503E0,9.381000519E0,-3.478950262E0
1.307066217E2,7.213050365E0,8.770050049E0,-8.315999985E0
1.307090653E2,1.135950089E0,8.185950279E0,-5.245950222E0
1.307115088E2,2.767050028E0,9.784950256E0,-6.829500198E-1
1.307139524E2,4.984050274E0,9.523950577E0,-1.605000019E0
1.307163959E2,2.259000063E0,8.626950264E0,-2.364000082E0
1.307188395E2,1.399500072E-1,7.827000141E0,5.970000029E-1
1.307212830E2,1.327950120E0,8.365950584E0,2.517000198E0
1.307237266E2,3.943050146E0,1.268505096E1,-7.950000167E-1
1.307261701E2,2.422049999E0,1.125300026E1,-3.846000195E0
1.307286137E2,7.009500265E-1,5.683950424E0,-1.055999994E0
1.307310571E2,2.058000088E0,9.976950645E0,8.010000587E-1
1.307335007E2,7.275000572E0,1.694205093E1,6.259500384E-1
1.307359442E2,3.442050219E0,1.321200085E1,-6.330000162E-1
1.307383878E2,1.218000054E0,8.835000038E0,1.552050114E0
1.307408313E2,1.507950068E0,1.305795097E1,-1.188000083E0
1.307432749E2,7.738050461E0,1.565895081E1,1.930950046E0
1.307457184E2,5.068050385E0,1.055895042E1,-9.343050003E0
1.307481620E2,3.612000227E0,7.021950245E0,-7.048950195E0
1.307506054E2,6.694050312E0,1.067595005E1,-1.033200073E1
1.307530490E2,5.734050274E0,1.223505020E1,-1.031295013E1
1.307554925E2,1.603050113E0,6.481050491E0,-6.700050354E0
1.307579361E2,2.461050034E0,4.519950390E0,-2.610000134E0
1.307603796E2,7.417050362E0,8.445000648E0,-4.854000092E0
1.307628232E2,4.684950352E0,5.434950352E0,-7.444050312E0
1.307652667E2,-8.280000687E-1,1.948950052E0,-4.024950027E0
1.307677103E2,-4.380000234E-1,1.498950124E0,4.627050400E0
1.307701537E2,2.901000023E0,4.297950268E0,4.015950203E0
1.307725973E2,6.448950291E0,8.337000847E0,8.509500623E-1
1.307750408E2,1.563000083E0,4.228050232E0,1.452000022E0
1.307774844E2,3.025950193E0,5.275050163E0,4.066050053E0
1.307799279E2,8.532000542E0,6.996000290E0,-8.410500288E-1
1.307823713E2,3.828000069E0,4.317000389E0,-3.840000033E-1
1.307848150E2,9.949500561E-1,7.279050350E0,2.620050192E0
1.307872586E2,2.434050083E0,1.150395012E1,-2.509950161E0
1.307897020E2,6.010950089E0,7.896000385E0,-5.650950432E0
1.307921456E2,-5.430000424E-1,6.450000286E0,-3.088950157E0
1.307945891E2,1.060050011E0,1.009695053E1,3.085050106E0
1.307970327E2,4.809000015E0,1.475400066E1,-6.090000272E-1
1.307994762E2,5.221050262E0,1.258905029E1,-4.435050011E0
1.308019198E2,4.029000282E0,1.120800018E1,-4.843950272E0
1.308043632E2,3.042000055E0,1.158300018E1,-2.752050161E0
1.308068066E2,5.607000351E0,1.409295082E1,-5.536050320E0
1.308092502E2,5.464950085E0,1.547700119E1,-9.487050056E0
1.308116939E2,1.587000132E0,1.166505051E1,-6.072000504E0
1.308141374E2,9.040500522E-1,9.699000359E0,-4.155000210E0
1.308165810E2,4.540950298E0,1.221105099E1,-6.838950157E0
1.308190245E2,2.389050007E0,1.159095097E1,-1.101405048E1
1.308214681E2,2.110949993E0,5.728950500E0,-8.215050697E0
1.308239115E2,7.410000324E0,5.764950275E0,-1.223295021E1
1.308263552E2,5.724000454E0,5.298000336E0,-1.343700027E1
1.308287986E2,-1.696950078E0,4.623000145E0,-1.675950050E0
1.308312420E2,1.936050057E0,4.867050171E0,6.418050289E0
1.308336856E2,5.626050472E0,9.057000160E0,6.925050259E0
1.308361291E2,3.895050287E0,3.571950197E0,3.889050245E0
1.308385727E2,2.014950037E0,2.073000193E0,4.672049999E0
1.308410164E2,2.290950060E0,7.338000298E0,1.933050036E0
1.308434598E2,6.825000286E0,7.711950302E0,3.634950161E0
1.308459035E2,4.668000221E0,5.607000351E0,-1.902000070E0
1.308483468E2,3.751050234E0,8.895000458E0,-4.423050404E0
1.308507905E2,7.572000504E0,9.390000343E0,-1.072395039E1
1.308532339E2,6.636000156E0,7.578000546E0,-1.440900040E1
1.308556776E2,3.544950247E0,9.840000153E0,-1.102905083E1
1.308581210E2,2.857950211E0,7.851000309E0,-7.329000473E0
1.308605645E2,6.415950298E0,6.804000378E0,-5.569950104E0
1.308630081E2,3.307950258E0,5.868000507E0,-3.774000168E0
1.308654515E2,-9.499500394E-1,5.164050102E0,1.444950104E0
1.308678951E2,1.894950032E0,3.462000132E0,2.766000032E0
1.308703386E2,7.005000114E0,4.984950066E0,-3.379050255E0
1.308727822E2,5.086950302E0,3.112050056E0,-6.120000362E0
1.308752257E2,8.370000124E-1,2.152050018E0,1.093050003E0
1.308776693E2,2.362050056E0,5.914050102E0,1.074000001E0
1.308801130E2,5.887050152E0,9.582000732E0,-2.569950104E0
1.308825564E2,2.860050201E0,8.204999924E0,2.701950073E0
1.308849998E2,9.640500546E-1,7.932000160E0,1.188000083E0
1.308874434E2,6.120000482E-1,1.178205013E1,4.459050179E0
1.308898869E2,4.780500233E-1,1.149195099E1,2.814000130E0
1.308923305E2,6.340500116E-1,1.024695015E1,2.995950222E0
1.308947740E2,3.250500262E-1,1.185900021E1,-2.590950012E0
1.308972176E2,8.191950798E0,1.330500031E1,5.551050186E0
1.308996611E2,8.635050774E0,8.944950104E0,-1.053795052E1
1.309021047E2,3.793950081E0,8.595000267E0,-9.754950523E0
1.309045481E2,8.101050377E0,8.329950333E0,-1.497195053E1
1.309069918E2,7.420950413E0,1.034805012E1,-1.198095036E1
1.309094352E2,7.369500399E-1,8.694000244E0,-9.123000145E0
1.309118788E2,-1.789500117E-1,5.209950447E0,5.299500227E-1
1.309143223E2,3.571050167E0,9.442950249E0,2.599050045E0
1.309167659E2,5.226000309E0,1.433895111E1,-1.767000079E0
1.309192094E2,2.901000023E0,8.911050797E0,4.009500146E-1
1.309216530E2,1.345050097E0,6.000000477E0,-4.309500158E-1
1.309240965E2,2.191950083E0,1.192800045E1,7.600500584E-1
1.309265401E2,2.692950010E0,1.571595097E1,2.950950146E0
1.309289835E2,1.335000038E0,9.417000771E0,1.852050066E0
1.309314271E2,2.650050163E0,8.521050453E0,8.650500178E-1
1.309338706E2,5.259000301E0,9.847950935E0,-2.092950106E0
1.309363142E2,1.291950107E0,7.279050350E0,5.130000114E-1
1.309387577E2,-1.717050076E0,8.952000618E0,1.207950115E0
1.309412013E2,4.969950199E0,5.217000484E0,-5.706000328E0
1.309436448E2,7.519950390E0,5.155050278E0,-1.445505047E1
1.309460884E2,3.898950100E0,6.145950317E0,-1.023600006E1
1.309485318E2,1.255950093E0,7.135050297E0,-2.139000177E0
1.309509755E2,5.053950310E0,1.012800026E1,-2.646000147E0
1.309534189E2,4.909950256E0,1.113600063E1,-1.506000042E0
1.309558625E2,1.756950140E0,1.214595032E1,-1.819500029E-1
1.309583060E2,2.080049992E0,1.470105076E1,2.232000113E0
1.309607496E2,7.216050148E0,1.452105045E1,-1.819950104E0
1.309631931E2,7.720950603E0,1.186095047E1,-5.167050362E0
1.309656367E2,1.390305042E1,1.300095081E1,-1.181895065E1
1.309680801E2,1.179795074E1,1.228695011E1,-1.355205059E1
1.309705238E2,3.784950256E0,1.463400078E1,-1.019295025E1
1.309729672E2,-1.080000028E-1,1.323600101E1,-3.609000206E0
1.309754108E2,2.749500275E-1,9.438000679E0,-2.103000164E0
1.309778543E2,2.530050039E0,1.041300011E1,-3.172950268E0
1.309802977E2,2.092050076E0,7.153950214E0,-4.645050049E0
1.309827414E2,-6.060000062E-1,2.386950016E0,-1.996950150E0
1.309851850E2,2.959050179E0,2.671950102E0,1.684050083E0
1.309876284E2,7.647000313E0,6.309000492E0,-1.585050106E0
1.309900721E2,2.808000088E0,4.080000401E0,-1.321950078E0
1.309925155E2,1.378050089E0,3.361050129E0,-2.569500208E-1
1.309949591E2,3.805950165E0,9.679950714E0,4.200000316E-2
1.309974026E2,1.996050119E0,8.629050255E0,2.007000208E0
1.309998462E2,1.837950110E0,6.856950283E0,3.172950268E0
1.310022897E2,5.140050411E0,9.120000839E0,9.559500217E-1
1.310047333E2,6.952050209E0,7.839000225E0,-1.851000071E0
1.310071767E2,2.245050192E0,4.696950436E0,1.507050037E0
1.310096202E2,2.959500253E-1,8.488050461E0,2.982000113E0
1.310120638E2,5.671050072E0,7.863000393E0,-5.485950470E0
1.310145072E2,8.386050224E0,3.745050192E0,-2.069400024E1
1.310169508E2,9.330000281E-1,1.930050135E0,-1.744500160E1
1.310193943E2,8.230500221E-1,1.495950103E0,-9.184950829E0
1.310218380E2,9.169050217E0,9.289500713E-1,-5.079000473E0
1.310242816E2,9.295950890E0,1.930050135E0,-3.855000257E0
1.310267251E2,4.516950130E0,3.667950153E0,-2.713050127E0
1.310291685E2,5.971050262E0,5.095050335E0,3.303000212E0
1.310316121E2,9.588000298E0,1.419105053E1,-9.220500588E-1
1.310340555E2,4.848000050E0,1.040100002E1,3.100500107E-1
1.310364992E2,3.985950232E0,1.444005108E1,2.374050140E0
1.310389426E2,5.383950233E0,1.926000023E1,1.921050072E0
1.310413862E2,3.139950037E0,1.675304985E1,5.866950512E0
1.310438297E2,5.860500336E-1,2.013600159E1,-3.682950258E0
1.310462733E2,4.666050434E0,2.044695091E1,3.091950178E0
1.310487168E2,9.607050896E0,1.933605003E1,-4.660050392E0
1.310511605E2,3.258000135E0,2.165895081E1,-1.024995041E1
1.310536038E2,4.801950455E0,2.122500038E1,-7.222050190E0
1.310560475E2,2.803050041E0,1.689599991E1,-7.507050514E0
1.310584909E2,2.647050142E0,2.158905029E1,-8.689050674E0
1.310609345E2,3.009000063E0,2.004195023E1,-1.186395073E1
1.310633780E2,9.000000544E-3,1.189995098E1,-3.951000214E0
1.310658216E2,1.303950071E0,1.119300079E1,-5.967000484E0
1.310682651E2,2.496000051E0,1.074300098E1,-6.007950306E0
1.310707087E2,1.158000112E0,2.425050020E0,-3.430950165E0
1.310731522E2,8.539500237E-1,4.911000252E0,-4.665000439E0
1.310755958E2,-2.418000221E0,1.432305050E1,4.390500188E-1
1.310780392E2,-9.000000358E-1,8.380500674E-1,1.597950101E0
1.310804828E2,-6.439500451E-1,-5.590500236E-1,6.937050343E0
1.310829263E2,-2.779950142E0,-5.040000081E-1,-6.400500536E-1
1.310853699E2,-1.675950050E0,-3.060000241E-1,-1.248000026E0
1.310878134E2,6.049500108E-1,-4.129500091E-1,7.198050499E0
1.310902570E2,2.097000122E0,-8.539500237E-1,4.585950375E0
1.310927004E2,1.807050109E0,2.920950174E0,-3.136950254E0
1.310951441E2,2.628000021E0,3.630000114E0,8.268000603E0
1.310975875E2,2.656950235E0,2.623950243E0,7.030950546E0
1.311000311E2,6.600000262E-1,4.197000027E0,2.188950062E0
1.311024746E2,1.235400105E1,6.823950291E0,-3.120000064E-1
1.311049182E2,2.844600105E1,1.993200111E1,-2.261895180E1
1.311073617E2,2.626005173E1,3.655950069E0,-3.052005196E1
1.311098053E2,1.692705154E1,-3.889500201E-1,-3.419295120E1
1.311122487E2,5.140050411E0,4.326000214E0,-3.077895164E1
1.311146924E2,-1.305000067E0,3.843000174E0,-1.435395050E1
1.311171358E2,1.060050011E0,3.481050253E0,1.011405087E1
1.311195794E2,5.034000397E0,1.400205040E1,8.836050034E0
1.311220229E2,5.683050156E0,1.078605080E1,2.962950230E0
1.311244665E2,1.141050100E0,2.655000210E0,2.404950142E0
1.311269100E2,4.081050396E0,7.462950230E0,-6.760500073E-1
1.311293536E2,6.880050182E0,1.227795029E1,1.572000027E0
1.311317970E2,4.066950321E0,1.008705044E1,4.267950058E0
1.311342406E2,2.619000196E0,1.094205093E1,2.365950108E0
1.311366841E2,1.189050078E0,1.106895065E1,2.659050226E0
1.311391277E2,1.246950030E0,1.020195007E1,2.584050179E0
1.311415712E2,-1.750500053E-1,6.463950157E0,3.550500274E-1
1.311440148E2,-1.420050025E0,7.960950375E0,2.425950050E0
1.311464583E2,-1.135050058E0,8.161950111E0,1.726950049E0
1.311489019E2,-6.370500326E-1,4.328999996E0,1.414050102E0
1.311513453E2,-6.010500193E-1,5.253000259E0,2.766000032E0
1.311537887E2,-8.040000200E-1,6.417000294E0,3.573000193E0
1.311562323E2,3.220500052E-1,6.979050159E0,3.169050217E0
1.311586758E2,7.870500088E-1,1.006800079E1,4.408950329E0
1.311611195E2,6.781950474E0,1.293600082E1,2.070000172E-1
1.311635631E2,1.856700134E1,7.984950542E0,-1.632195091E1
1.311660066E2,5.299950123E0,9.598950386E0,-2.707695198E1
1.311684502E2,2.863050222E0,1.262700081E1,-1.868505096E1
1.311708936E2,2.125050068E0,1.152795029E1,-1.040595055E1
1.311733373E2,2.178000212E0,1.100595093E1,-6.739950180E0
1.311757807E2,2.362050056E0,1.132695007E1,-2.907000065E0
1.311782241E2,7.480950356E0,9.709050179E0,-1.485000014E0
1.311806677E2,1.108695030E1,1.037400055E1,-6.838950157E0
1.311831112E2,6.933000565E0,6.748950481E0,-7.849050522E0
1.311855548E2,3.789000273E0,7.072950363E0,-6.513000488E0
1.311879985E2,6.997950554E0,7.735950470E0,-9.118050575E0
1.311904420E2,8.044050217E0,6.795000553E0,-1.301100063E1
1.311928856E2,2.094000101E0,4.498950005E0,-1.073595047E1
1.311953290E2,-2.100000158E-2,4.089000225E0,6.349500418E-1
1.311977724E2,5.034000397E0,6.000000477E0,4.672049999E0
1.312002160E2,6.105000496E0,9.666000366E0,1.879950047E0
1.312026595E2,2.683050156E0,5.952000141E0,2.781000137E0
1.312051031E2,1.498050094E0,7.851000309E0,3.838950157E0
1.312075466E2,2.044049978E0,1.102800083E1,5.094000340E0
1.312099902E2,1.282950044E0,8.494950294E0,4.729950428E0
1.312124337E2,7.530000210E-1,7.261950493E0,2.668050051E0
1.312148773E2,2.158950090E0,1.052505016E1,3.765000105E0
1.312173207E2,2.446050167E0,9.814050674E0,1.396950126E0
1.312197643E2,5.590500236E-1,7.402950287E0,-3.646950245E0
1.312222078E2,2.731050014E0,4.891050339E0,2.899950027E0
1.312246514E2,6.910500526E-1,5.377050400E0,-6.312000275E0
1.312270949E2,1.744950056E0,6.309000492E0,-1.061205006E1
1.312295385E2,-2.250000089E-1,4.176000118E0,-3.321000099E0
1.312319820E2,1.366050124E0,2.787000179E0,-9.439500570E-1
1.312344256E2,1.519950032E0,7.377000332E0,-4.753050327E0
1.312368690E2,1.230000019E0,8.128950119E0,-2.317950010E0
1.312393127E2,1.717950106E0,4.804950237E0,-9.730500579E-1
1.312417561E2,1.582050085E0,8.368050575E0,-1.597050071E0
1.312441997E2,2.583000183E0,1.293405056E1,-8.910000324E-1
1.312466432E2,1.936050057E0,9.109950066E0,-4.050000310E-1
1.312490868E2,2.430000156E-1,8.296050072E0,1.050000079E-3
1.312515303E2,7.429050446E0,9.127050400E0,3.324000120E0
1.312539739E2,3.277050257E0,6.852000237E0,-7.650000572E0
1.312564174E2,6.660000324E0,5.380050182E0,1.782000065E0
1.312588610E2,1.106595039E1,1.103295040E1,2.778000116E0
1.312613044E2,1.512900066E1,1.071195030E1,-1.314300060E1
1.312637481E2,9.267000198E0,5.694000244E0,-3.070005226E1
1.312661915E2,5.484000206E0,8.035050392E0,-2.270295143E1
1.312686351E2,9.552000046E0,9.253950119E0,-1.468005085E1
1.312710786E2,9.516000748E0,1.113105011E1,-9.514950752E0
1.312735222E2,7.393050194E0,1.006095028E1,-6.417000294E0
1.312759657E2,9.502050400E0,8.989950180E0,-1.819500029E-1
1.312784093E2,1.266495037E1,9.747000694E0,1.260000110E0
1.312808528E2,1.451595116E1,7.197000504E0,-1.261950016E0
1.312832964E2,1.353195095E1,4.999050140E0,-1.009500027E1
1.312857398E2,8.899050713E0,7.366950512E0,-1.091805077E1
1.312881834E2,5.496000290E0,7.149000168E0,-1.343700027E1
1.312906269E2,7.870500088E-1,2.899050236E0,-1.216095066E1
1.312930703E2,-5.740500093E-1,2.217000008E0,-8.673000336E0
1.312955140E2,3.190950155E0,3.967050076E0,-7.183050156E0
1.312979574E2,1.725000024E0,6.514950275E0,-5.197950363E0
1.313004010E2,5.205000192E-2,4.834050179E0,3.106050253E0
1.313028447E2,-1.606050134E0,8.230950356E0,5.089050293E0
1.313052881E2,-2.926050186E0,8.631000519E0,-1.165950060E0
1.313077318E2,-3.223050117E0,1.054005051E1,2.790000200E0
1.313101752E2,-4.360050201E0,1.155195045E1,-3.991950274E0
1.313126188E2,-5.574000359E0,1.437795067E1,8.820000291E-1
1.313150622E2,-3.814050198E0,1.439205074E1,5.176950455E0
1.313175057E2,-2.956950188E0,1.511505032E1,2.113049984E0
1.313199493E2,-3.199050188E0,1.626705170E1,-9.490500689E-1
1.313223930E2,9.019500613E-1,1.513695049E1,4.440000057E0
1.313248364E2,2.100000083E-1,1.187805080E1,3.376950264E0
1.313272801E2,-1.314000010E0,1.368105030E1,7.963950157E0
1.313297235E2,-1.531950116E0,1.281195068E1,9.291000366E0
1.313321672E2,3.567000151E0,1.411905098E1,6.456000328E0
1.313346106E2,2.391000032E0,1.112100029E1,1.344195080E1
1.313370542E2,1.279950023E0,4.936950207E0,7.744050503E0
1.313394976E2,2.463000059E0,1.513050079E0,7.114050388E0
1.313419411E2,3.856050253E0,1.984950066E0,5.065050125E0
1.313443847E2,4.741950035E0,6.037950516E0,-2.419500053E-1
1.313468282E2,3.703050137E0,7.123050213E0,5.416950226E0
1.313492718E2,5.616000175E0,7.720950603E0,3.124950171E0
1.313517153E2,4.584000111E0,6.886050224E0,1.342050076E0
1.313541589E2,3.952050209E0,7.900950432E0,1.129050016E0
1.313566023E2,1.905000091E0,1.054905033E1,1.780050039E0
1.313590459E2,6.360000372E-1,5.557050228E0,1.003950000E0
1.313614894E2,-5.050500035E-1,1.362000108E0,3.118050098E0
1.313639330E2,-7.519500256E-1,5.356050491E0,1.039500013E-1
1.313663765E2,-7.039500475E-1,1.504995060E1,3.219000101E0
1.313688201E2,1.636950135E0,9.646050453E0,1.296000004E0
1.313712635E2,1.020000055E-1,1.651950121E0,3.160950184E0
1.313737071E2,5.430000424E-1,4.639500082E-1,4.762950420E0
1.313761506E2,2.075805092E1,5.071050167E0,2.058000088E0
1.313785942E2,2.090805054E1,8.332050323E0,-3.993195343E1
1.313810377E2,2.411700058E1,-2.029500157E-1,-4.734495163E1
1.313834813E2,1.249695015E1,1.129950047E0,-4.933695221E1
1.313859248E2,9.550050735E0,6.132000446E0,-3.844800186E1
1.313883684E2,4.267950058E0,6.711000443E0,-2.510205078E1
1.313908118E2,5.832000256E0,7.135050297E0,-1.387500095E1
1.313932554E2,5.595000267E0,1.221105099E1,4.504950047E0
1.313956989E2,2.965950251E0,1.305105019E1,1.165605068E1
1.313981425E2,6.580500603E-1,5.266950130E0,2.152950048E0
1.314005860E2,4.500000179E-2,2.500050068E0,3.424950123E0
1.314030296E2,-4.570500255E-1,5.550000191E0,2.605950117E0
1.314054731E2,-1.084050059E0,3.108000040E0,4.369500279E-1
1.314079167E2,-1.336050034E0,1.276050091E0,2.746950150E0
1.314103601E2,1.038000107E0,5.148000240E0,1.014000058E0
1.314128037E2,3.217050076E0,9.793050766E0,1.081050038E0
1.314152472E2,1.756950140E0,7.128000259E0,2.778000116E0
1.314176908E2,1.668000102E0,8.101950645E0,2.830500007E-1
1.314201343E2,3.568950176E0,1.119105053E1,2.203950167E0
1.314225779E2,2.776950121E0,7.630050182E0,1.818000078E0
1.314250214E2,3.049950123E0,7.432050228E0,-2.232000113E0
1.314274650E2,4.663050175E0,9.345000267E0,2.521950006E0
1.314299085E2,3.397050142E0,7.104000568E0,5.071950436E0
1.314323518E2,2.065050125E0,6.366000175E0,-2.862000227E0
1.314347955E2,2.452950001E0,1.061400032E1,-1.528050065E0
1.314372389E2,3.567000151E0,1.393905067E1,5.031000137E0
1.314396826E2,3.598050117E0,1.120005035E1,4.969500303E-1
1.314421262E2,6.940500140E-1,1.025700092E1,-2.209950209E0
1.314445697E2,1.618050098E0,1.273800087E1,-4.650000334E-1
1.314470133E2,4.402050018E0,1.560300064E1,1.926000118E0
1.314494568E2,2.524950027E0,1.248105049E1,-1.903950095E0
1.314519004E2,4.249500334E-1,9.964950562E0,-1.819500029E-1
1.314543438E2,1.933950067E0,1.402605057E1,1.653000116E0
1.314567875E2,2.452950001E0,1.477500057E1,1.452000022E0
1.314592308E2,2.322000027E0,1.331205082E1,1.399500072E-1
1.314616745E2,3.211950064E0,1.464795113E1,2.452950001E0
1.314641179E2,1.089105034E1,1.037205029E1,1.069050074E0
1.314665616E2,5.937000275E0,7.743000507E0,-1.414395046E1
1.314690051E2,3.825000286E0,7.615950584E0,-1.375605106E1
1.314714487E2,7.078950405E0,7.603950500E0,-2.068500137E1
1.314738922E2,1.824000120E0,5.362950325E0,-1.443300056E1
1.314763356E2,-2.059500068E-1,1.081950068E0,-6.094050407E0
1.314787792E2,4.258950233E0,2.971050024E0,-4.861050129E0
1.314812226E2,8.170949936E0,1.161900043E1,-2.644050121E0
1.314836663E2,2.947050095E0,7.789050579E0,2.338050127E0
1.314861097E2,9.499500394E-1,5.239050388E0,3.087000132E0
1.314885534E2,3.274950266E0,1.053195095E1,1.890000105E0
1.314909968E2,3.382050276E0,8.839950562E0,-3.330000043E-1
1.314934404E2,3.547950268E0,7.069950104E0,-6.850500107E-1
1.314958839E2,7.690050602E0,8.314949989E0,1.627050042E0
1.314983275E2,8.416950226E0,5.617050171E0,1.950000077E-1
1.315007710E2,8.218950272E0,5.631000042E0,-1.239600086E1
1.315032146E2,7.431000233E0,6.961950302E0,-1.576005077E1
1.315056580E2,1.064700031E1,6.172050476E0,-1.577205086E1
1.315081016E2,4.563000202E0,5.634000301E0,-1.704104996E1
1.315105451E2,9.450000525E-1,6.333000183E0,-1.277895069E1
1.315129887E2,1.444950104E0,5.452050209E0,-5.830950260E0
1.315154322E2,7.960500121E-1,6.550950527E0,4.885050297E0
1.315178758E2,4.162950039E0,1.231605053E1,3.919950247E0
1.315203193E2,4.756950378E0,1.184700012E1,2.452950001E0
1.315227629E2,5.029950142E0,9.931050301E0,2.365950108E0
1.315252064E2,5.428950310E0,1.040805054E1,-3.450000286E-1
1.315276500E2,4.090950012E0,1.282800102E1,-1.212000012E0
1.315300934E2,3.447000265E0,1.429395103E1,1.330050111E0
1.315325370E2,3.622050285E0,1.162905025E1,2.029050112E0
1.315349805E2,5.380499959E-1,6.508050442E0,2.587050200E0
1.315374241E2,1.069500074E-1,3.736950159E0,-5.650950432E0
1.315398676E2,2.185050011E0,8.416049957E0,4.059000015E0
1.315423112E2,1.759050131E0,6.235050201E0,5.410050392E0
1.315447546E2,5.209500194E-1,5.460000038E-1,2.248950005E0
1.315471983E2,8.476950645E0,2.068950176E0,-1.080600071E1
1.315496417E2,8.515950203E0,3.687000275E0,-2.403900146E1
1.315520854E2,1.869000077E0,2.100000158E-2,-1.979205132E1
1.315545288E2,4.009500146E-1,2.485050201E0,-5.613000393E0
1.315569724E2,4.531949997E0,6.622950077E0,-2.350500077E-1
1.315594159E2,4.147950172E0,1.023495007E1,4.513950348E0
1.315618595E2,1.732950091E0,7.815000534E0,2.304000139E0
1.315643029E2,6.823050499E0,1.128705025E1,3.673950195E0
1.315667463E2,9.703050613E0,8.779950142E0,-1.281000018E0
1.315691900E2,4.495950222E0,7.461000443E0,-5.080500245E-1
1.315716334E2,-4.159500301E-1,1.724595070E1,8.509500623E-1
1.315740770E2,8.037000656E0,1.088895035E1,-1.449000120E0
1.315765207E2,2.058000088E0,7.291050434E0,-9.769050598E0
1.315789642E2,1.845000029E0,8.317950249E0,-5.737050056E0
1.315814078E2,3.823050261E0,9.144000053E0,-6.325950146E0
1.315838513E2,5.647050381E0,1.234695053E1,-9.537000656E0
1.315862947E2,3.069000244E0,1.294095039E1,-7.983000278E0
1.315887383E2,4.024050236E0,1.483305073E1,-2.926050186E0
1.315911817E2,4.929000378E0,1.553895092E1,-1.975950122E0
1.315936253E2,5.082000256E0,1.871805000E1,-3.235050201E0
1.315960688E2,4.891050339E0,1.626195145E1,-4.075950146E0
1.315985124E2,7.222950459E0,1.501905060E1,-3.232950211E0
1.316009559E2,5.026950359E0,1.439895058E1,-9.609000206E0
1.316033996E2,1.105050087E0,1.047000027E1,-4.803000450E0
1.316058432E2,4.800000191E-1,7.573050499E0,9.709500670E-1
1.316082866E2,3.001950026E0,1.099905014E1,-2.119050026E0
1.316107300E2,1.957950115E0,6.156000137E0,-5.617050171E0
1.316131737E2,-1.111050010E0,1.317000031E0,-3.372000217E0
1.316156171E2,9.160500169E-1,1.453050017E0,-1.873050094E0
1.316180607E2,2.935050249E0,3.498000145E0,-2.116950035E0
1.316205042E2,1.654050112E0,2.836950064E0,2.557950020E0
1.316229478E2,1.504950047E0,5.452050209E0,2.175000191E0
1.316253913E2,2.725950241E0,9.534000397E0,2.565000057E0
1.316278349E2,2.434050083E0,7.240050316E0,4.507050037E0
1.316302783E2,2.218950033E0,8.171999931E0,2.970000029E0
1.316327220E2,6.436950207E0,1.041000080E1,2.089050055E0
1.316351654E2,4.984050274E0,6.574950218E0,-2.055000067E0
1.316376090E2,3.739050150E0,5.506950378E0,-4.936950207E0
1.316400525E2,4.888050079E0,6.405000210E0,-7.080000401E0
1.316424961E2,6.973950386E0,4.483950138E0,-1.158405018E1
1.316449395E2,2.041949987E0,4.615950108E0,-9.778950691E0
1.316473832E2,3.705000132E-2,4.663950443E0,-2.080950022E0
1.316498266E2,4.321050167E0,6.292050362E0,-1.435050011E0
1.316522702E2,5.604000092E0,9.594000816E0,-1.257000089E0
1.316547137E2,2.182950020E0,6.819000244E0,-1.216950059E0
1.316571573E2,4.147950172E0,1.028100014E1,-5.130000114E-1
1.316596008E2,4.966950417E0,1.051800060E1,-4.522950172E0
1.316620444E2,4.723050117E0,8.968950272E0,-6.886050224E0
1.316644879E2,7.017000198E0,9.735000610E0,-1.000905037E1
1.316669315E2,1.275600052E1,7.693050385E0,-1.503405094E1
1.316693750E2,6.730050087E0,6.642000198E0,-1.650000000E1
1.316718186E2,3.580500185E-1,7.687950134E0,-5.482950211E0
1.316742620E2,1.572000027E0,9.859950066E0,-5.295000225E-2
1.316767057E2,5.422050476E0,7.384050369E0,-5.869500041E-1
1.316791491E2,2.571000099E0,3.451950073E0,-8.620500565E-1
1.316815927E2,1.972050071E0,6.031050205E0,1.105050087E0
1.316840362E2,9.832950592E0,4.863000393E0,-4.569000244E0
1.316864798E2,6.913950443E0,5.143050194E0,-8.365950584E0
1.316889232E2,4.710000157E-1,7.551000595E0,-6.451050282E0
1.316913669E2,3.175950050E0,1.049895096E1,-2.538000107E0
1.316938102E2,4.227000237E0,1.074300098E1,-2.553000212E0
1.316962537E2,1.462050080E0,1.079595089E1,-1.525950074E0
1.316986973E2,3.298950195E0,1.410900021E1,-4.510500133E-1
1.317011408E2,5.391000271E0,1.224000072E1,-4.810950279E0
1.317035844E2,2.464950085E0,8.344050407E0,-3.609000206E0
1.317060281E2,2.547000170E0,8.599950790E0,4.410000145E-1
1.317084715E2,5.032050133E0,1.010595036E1,-1.995000124E0
1.317109152E2,6.769950390E0,8.610000610E0,-8.095950127E0
1.317133585E2,2.008050203E0,6.781050205E0,-5.500050068E0
1.317158020E2,2.770500183E-1,6.915000439E0,-1.846050143E0
1.317182456E2,3.825000286E0,7.756950378E0,-3.654000282E0
1.317206891E2,2.965950251E0,9.261000633E0,-4.437000275E0
1.317231327E2,1.383000016E0,7.750050545E0,-9.490500689E-1
1.317255761E2,2.218950033E0,9.631950378E0,8.479500413E-1
1.317280198E2,4.588950157E0,1.226100063E1,-1.036949992E0
1.317304632E2,1.957950115E0,7.978050232E0,-1.693050027E0
1.317329068E2,6.469050407E0,7.197000504E0,-4.588050365E0
1.317353503E2,9.769950867E0,7.642050266E0,-1.077195072E1
1.317377939E2,3.531000137E0,5.029950142E0,-9.681000710E0
1.317402374E2,-5.700000525E-1,6.244050503E0,-2.590500116E-1
1.317426810E2,3.922950268E0,5.734050274E0,1.846950054E0
1.317451245E2,5.005950451E0,2.194950104E0,-3.910050154E0
1.317475681E2,2.479500175E-1,2.980950117E0,1.230000034E-1
1.317500115E2,4.627050400E0,4.804950237E0,1.473000050E0
1.317524552E2,8.592000008E0,3.724950075E0,-3.838950157E0
1.317548986E2,2.142000198E0,5.002050400E0,-2.577000141E0
1.317573422E2,-5.910000205E-1,7.711950302E0,2.443050146E0
1.317597857E2,-1.000500023E-1,9.385950089E0,2.911950111E0
1.317622293E2,1.488000035E0,6.103050232E0,-2.407050133E0
1.317646728E2,3.255000114E0,7.666050434E0,-5.038050175E0
1.317671164E2,8.559000015E0,7.911000252E0,-7.423050404E0
1.317695599E2,7.171950340E0,4.434000015E0,-1.013295078E1
1.317720035E2,-7.489500642E-1,5.655000210E0,-4.660050392E0
1.317744470E2,-5.790000558E-1,7.213950157E0,3.121050119E0
1.317768904E2,5.121000290E0,6.595950127E0,-2.368050098E0
1.317793340E2,3.603000164E0,3.139050245E0,-5.767950058E0
1.317817777E2,1.339950085E0,4.437000275E0,-2.433000088E0
1.317842211E2,8.109000206E0,4.234950066E0,-2.646000147E0
1.317866647E2,9.141000748E0,5.707950115E0,-7.429950237E0
1.317891082E2,2.865000248E0,9.096000671E0,-2.265000105E0
1.317915518E2,1.773000121E0,1.229505062E1,4.335000038E0
1.317939953E2,5.881950378E0,1.499505043E1,-1.681050062E0
1.317964387E2,4.201050282E0,1.195500088E1,-5.197950363E0
1.317988823E2,7.692000389E0,1.489005089E1,-1.034100056E1
1.318013257E2,1.099905014E1,1.163895035E1,-1.585500050E1
1.318037693E2,3.808050156E0,1.098495007E1,-1.459800053E1
1.318062130E2,-6.100500226E-1,1.108995056E1,-6.955950260E0
1.318086564E2,3.001950026E0,1.061895084E1,-1.441950083E0
1.318111001E2,9.552000046E0,1.091100025E1,-6.396000385E0
1.318135436E2,5.221050262E0,6.736950397E0,-8.365950584E0
1.318159872E2,2.152050018E0,1.022400093E1,-2.335050106E0
1.318184306E2,5.073000431E0,9.481050491E0,-2.730000019E0
1.318208741E2,2.965950251E0,1.002495003E1,-2.433000088E0
1.318233177E2,2.233050108E0,9.907050133E0,-5.419500470E-1
1.318257611E2,2.461050034E0,1.282605076E1,3.247950077E0
1.318282047E2,2.082000017E0,1.246005058E1,9.060000181E-1
1.318306482E2,1.480950117E0,1.161705017E1,-3.430500031E-1
1.318330918E2,4.936050415E0,1.351995087E1,1.230000034E-1
1.318355353E2,5.992050171E0,9.790050507E0,-5.598000050E0
1.318379789E2,3.442050219E0,7.930050373E0,-6.925050259E0
1.318404224E2,-7.605000585E-2,6.430950165E0,3.670500219E-1
1.318428660E2,1.471950054E0,4.717050076E0,4.750500321E-1
1.318453094E2,4.528950214E0,6.294000149E0,-2.269950151E0
1.318477531E2,1.069050074E0,3.831000090E0,1.156949997E0
1.318501965E2,1.360500008E-1,5.586000443E0,1.272000074E0
1.318526401E2,3.271950245E0,9.613050461E0,1.234050035E0
1.318550836E2,4.021950245E0,7.879950523E0,8.530500531E-1
1.318575272E2,2.293050051E0,4.525050163E0,-3.979500234E-1
1.318599707E2,1.785000086E0,9.558000565E0,1.071000099E0
1.318624143E2,2.623050213E0,9.814050674E0,2.955000162E0
1.318648577E2,3.864000082E0,4.753050327E0,-1.837050080E0
1.318673013E2,1.014600086E1,7.338000298E0,-5.491050243E0
1.318697448E2,1.328295040E1,6.129000187E0,-1.536900043E1
1.318721885E2,2.620950222E0,5.758050442E0,-1.488105106E1
1.318746319E2,-5.239500403E-1,5.467950344E0,-6.574950218E0
1.318770755E2,1.201050043E0,7.683000565E0,-5.883000374E0
1.318795189E2,7.150500417E-1,3.567000151E0,-8.119950294E0
1.318819626E2,-2.233950138E0,2.665050030E0,4.369500279E-1
1.318844061E2,-7.905000448E-2,2.236050129E0,8.212950706E0
1.318868497E2,5.829000473E0,2.313000202E0,-6.760500073E-1
1.318892932E2,5.202000141E0,4.197000027E0,-1.803000093E0
1.318917368E2,3.849000216E0,1.216500092E1,3.597000122E0
1.318941802E2,8.701950073E0,1.064700031E1,-9.169500470E-1
1.318966236E2,9.991050720E0,1.057800007E1,-5.766000271E0
1.318990673E2,7.231950283E0,1.343700027E1,-1.241700077E1
1.319015107E2,7.395000458E0,1.399005032E1,-1.288395023E1
1.319039543E2,3.670050144E0,1.082400036E1,-1.244595051E1
1.319063978E2,-8.640000224E-1,8.208000183E0,-2.746950150E0
1.319088414E2,2.434050083E0,1.014000034E1,5.589000225E0
1.319112849E2,2.803050041E0,1.189200020E1,1.330500096E-1
1.319137285E2,7.387950420E0,5.986050129E0,-4.144950390E0
1.319161720E2,8.248050690E0,8.563950539E0,-9.690000534E0
1.319186156E2,5.757000446E0,8.551950455E0,-1.222305012E1
1.319210590E2,3.145050049E0,8.308050156E0,-1.135695076E1
1.319235026E2,1.219950080E0,1.023300076E1,-5.176950455E0
1.319259461E2,2.752950191E0,1.367805099E1,-2.490000129E-1
1.319283897E2,2.422049999E0,1.589595032E1,4.057050228E0
1.319308332E2,5.500500202E-1,9.277950287E0,-1.350000054E-1
1.319332768E2,1.192050099E0,1.266105080E1,8.530500531E-1
1.319357203E2,4.703999996E0,1.524195099E1,4.356000423E0
1.319381639E2,4.066950321E0,9.751950264E0,-3.589950085E0
1.319406074E2,4.590000212E-1,9.091050148E0,-1.344000101E0
1.319430510E2,3.271950245E0,1.038195038E1,-1.068000078E0
1.319454944E2,4.330049992E0,7.876950264E0,-7.521000385E0
1.319479380E2,7.609500289E-1,5.653050423E0,-5.281950474E0
1.319503815E2,9.259500504E-1,4.599000454E0,2.880000174E-1
1.319528251E2,4.657950401E0,8.779950142E0,-4.605000094E-2
1.319552686E2,4.522050381E0,7.257000446E0,-1.473000050E0
1.319577122E2,2.479950190E0,6.661050320E0,-1.023000002E0
1.319601557E2,6.118950367E0,9.622950554E0,-3.280500174E-1
1.319625993E2,7.467000484E0,8.143050194E0,-6.289950371E0
1.319650427E2,3.793950081E0,6.481050491E0,-4.612050056E0
1.319674864E2,8.950950623E0,9.115050316E0,-6.802950382E0
1.319699298E2,9.664950371E0,7.012950420E0,-1.401900101E1
1.319723734E2,2.379000187E0,6.313950062E0,-8.008950233E0
1.319748169E2,-1.017000079E0,4.483950138E0,2.911950111E0
1.319772603E2,-1.045950055E0,7.105950356E0,2.232000113E0
1.319797039E2,3.559500277E-1,1.365000010E0,-3.051000118E0
1.319821474E2,-1.531950116E0,2.317950010E0,3.420000076E0
1.319845910E2,1.780950069E0,2.755950212E0,4.959000111E0
1.319870344E2,6.768000126E0,1.567950130E0,-1.612050056E0
1.319894781E2,3.387000084E0,7.680000067E-1,-3.220950127E0
1.319919215E2,9.229500294E-1,7.438950539E0,-2.182049990E0
1.319943652E2,4.498050213E0,6.826050282E0,-1.186050057E0
1.319968086E2,5.203950405E0,6.366000175E0,-5.601000309E0
1.319992522E2,3.210000038E0,8.899050713E0,-6.147000313E0
1.320016957E2,9.634050369E0,8.097000122E0,-7.641000271E0
1.320041393E2,5.722050190E0,4.434000015E0,-9.688050270E0
1.320065828E2,-2.320050001E0,7.245000362E0,-7.336950302E0
1.320090264E2,1.038000107E0,6.010050297E0,8.629500270E-1
1.320114701E2,7.125000477E0,3.469050169E0,-4.794000149E0
1.320139135E2,3.883050203E0,1.896000147E0,-3.874050140E0
1.320163569E2,4.134000301E0,5.521050453E0,1.879500151E-1
1.320188005E2,9.451950073E0,7.627950191E0,-3.496050119E0
1.320212440E2,6.088050365E0,7.213950157E0,-7.971000195E0
1.320236876E2,4.110000134E-1,9.778050423E0,-2.895000204E-2
1.320261311E2,2.899050236E0,1.574505043E1,1.296000004E0
1.320285747E2,2.925000191E0,1.322100067E1,-4.996950150E0
1.320310182E2,3.394050121E0,1.296300030E1,-3.817050219E0
1.320334618E2,7.174950123E0,1.353195095E1,-7.441950321E0
1.320359052E2,5.551950455E0,1.106895065E1,-1.001100063E1
1.320383488E2,1.723050117E0,1.140195084E1,-7.566000462E0
1.320407923E2,1.026000023E0,1.174095058E1,-2.368050098E0
1.320432359E2,3.910950184E0,1.141095066E1,-4.303050041E0
1.320456794E2,4.117050171E0,1.034595013E1,-4.345950127E0
1.320481230E2,2.950950146E0,9.622950554E0,3.960000277E-1
1.320505664E2,4.809000015E0,8.614950180E0,-1.900500059E-1
1.320530099E2,6.088050365E0,8.928000450E0,-4.837050438E0
1.320554535E2,2.121000051E0,8.490000725E0,-3.487050056E0
1.320578969E2,1.174950004E0,6.498000145E0,-2.042999983E0
1.320603406E2,4.216050148E0,8.610000610E0,-5.926050186E0
1.320627840E2,3.700950146E0,5.646000385E0,-9.427050591E0
1.320652277E2,2.098950148E0,1.293000102E0,-6.388050079E0
1.320676713E2,5.250000477E0,6.972000122E0,-3.544050217E0
1.320701147E2,4.881000042E0,1.747950077E0,-5.256000042E0
1.320725581E2,-1.302000046E0,2.227050066E0,3.148950100E0
1.320750018E2,-1.720950127E0,3.531000137E0,6.760050297E0
1.320774454E2,3.081000090E0,3.115050077E0,6.646950245E0
1.320798888E2,3.849000216E0,3.040500283E-1,2.479050159E0
1.320823325E2,4.852050304E0,6.580500603E-1,1.906950116E0
1.320847759E2,9.619050026E0,3.132000208E0,-3.379050255E0
1.320872196E2,7.690050602E0,1.329000115E0,-8.799000740E0
1.320896630E2,1.759050131E0,4.563000202E0,-3.979950190E0
1.320921064E2,2.748000145E0,9.951000214E0,-2.520000041E-1
1.320945501E2,3.682050228E0,1.561995029E1,-1.365000010E0
1.320969935E2,1.888050079E0,8.128950119E0,1.452000022E0
1.320994371E2,7.584000587E0,1.223505020E1,2.400000095E-1
1.321018806E2,8.737950325E0,1.337700081E1,-9.252000809E0
1.321043242E2,5.911050320E0,9.984000206E0,-8.388000488E0
1.321067677E2,3.004050255E0,1.322595024E1,-8.589000702E0
1.321092113E2,2.902950048E0,1.433895111E1,-9.040950775E0
1.321116548E2,1.342050076E0,1.096800041E1,-5.991000175E0
1.321140984E2,5.260500312E-1,1.225095081E1,9.280500412E-1
1.321165419E2,2.893950224E0,1.369800091E1,-8.740500212E-1
1.321189855E2,4.417050362E0,1.212000084E1,-3.522000074E0
1.321214289E2,2.872050047E0,1.254795074E1,-2.740050077E0
1.321238725E2,4.675050259E0,1.478505039E1,-1.969050050E0
1.321263160E2,6.262950420E0,1.467000103E1,-8.470950127E0
1.321287594E2,3.901950121E0,1.290495014E1,-8.373000145E0
1.321312031E2,5.206950188E0,1.297005081E1,-8.119950294E0
1.321336467E2,5.925000191E0,1.171800041E1,-1.013805008E1
1.321360901E2,2.377050161E0,7.855950356E0,-8.299050331E0
1.321385338E2,-3.010500073E-1,5.242950439E0,7.170000076E-1
1.321409772E2,2.938950062E0,6.754050255E0,2.259000063E0
1.321434208E2,3.801000118E0,5.764950275E0,-4.249950409E0
1.321458642E2,5.550000072E-1,9.550500512E-1,-3.187050104E0
1.321483077E2,3.727050066E0,3.439950228E0,3.754950285E0
1.321507513E2,9.531000137E0,4.234950066E0,-2.076000214E0
1.321531950E2,5.110950470E0,1.360050082E0,-4.849050045E0
1.321556384E2,1.042950034E0,4.437000275E0,1.129500046E-1
1.321580821E2,5.784000397E0,1.132695007E1,-1.150500029E-1
1.321605255E2,6.496950150E0,6.871950150E0,-4.327050209E0
1.321629691E2,5.154000282E0,9.192000389E0,-3.349950075E0
1.321654125E2,9.526050568E0,1.405200100E1,-3.319050074E0
1.321678560E2,7.816950321E0,1.052295017E1,-8.039999962E0
1.321702996E2,5.879999995E-1,9.916950226E0,-1.207050085E0
1.321727430E2,2.959050179E0,1.366395092E1,4.744050026E0
1.321751867E2,3.229050159E0,1.228695011E1,4.320000112E-1
1.321776301E2,2.688000202E0,8.374950409E0,-5.295000225E-2
1.321800737E2,4.749000072E0,8.491950035E0,-3.994050264E0
1.321825172E2,7.998000145E0,1.165995026E1,-8.005050659E0
1.321849608E2,6.792000294E0,1.059705067E1,-8.119950294E0
1.321874043E2,1.741950035E0,1.165800095E1,-5.074050426E0
1.321898479E2,2.791050196E0,1.308000088E1,-2.596050024E0
1.321922913E2,3.829950094E0,1.776300049E1,-3.300000191E0
1.321947350E2,1.504950047E0,1.315395069E1,-2.176950216E0
1.321971784E2,3.627000093E0,9.733050346E0,-6.900000572E-1
1.321996220E2,6.478050232E0,1.380795097E1,-6.250050068E0
1.322020655E2,2.422049999E0,8.548050880E0,-8.340000153E0
1.322045091E2,3.750000298E-1,4.864950180E0,-2.139000177E0
1.322069526E2,-1.117950082E0,1.112595081E1,-1.212000012E0
1.322093962E2,1.876050115E0,-9.930000305E-1,-6.144000053E0
1.322118396E2,-7.180500627E-1,1.410000086E0,-9.490500689E-1
1.322142833E2,3.556950092E0,5.655000210E0,4.942950249E0
1.322167267E2,8.038949966E0,2.952000141E0,-9.220500588E-1
1.322191703E2,4.394999981E0,2.266950130E0,-1.606950045E0
1.322216138E2,1.645950079E0,7.518000126E0,3.456000090E0
1.322240572E2,4.575000286E0,1.098300076E1,-1.234050035E0
1.322265009E2,4.720950127E0,5.832000256E0,-5.245950222E0
1.322289445E2,5.745000362E0,1.029105091E1,-5.497950077E0
1.322313879E2,1.204695034E1,1.053705025E1,-1.146000099E1
1.322338316E2,6.957000256E0,6.109950066E0,-1.379400063E1
1.322362750E2,1.210500076E-1,8.847000122E0,-6.930000305E0
1.322387186E2,4.405050278E0,9.259050369E0,-3.577950239E0
1.322411620E2,7.486050129E0,5.076000214E0,-9.448050499E0
1.322436055E2,1.735050082E0,5.454000473E0,-6.781050205E0
1.322460491E2,5.254950047E0,4.867050171E0,-3.252000093E0
1.322484925E2,1.083105087E1,5.266950130E0,-7.561950207E0
1.322509362E2,3.451950073E0,4.836000443E0,-5.893050194E0
1.322533796E2,-1.213950038E0,8.362950325E0,2.905050039E0
1.322558232E2,5.449050426E0,8.361000061E0,2.410050154E0
1.322582667E2,6.639000416E0,9.108000755E0,-3.076950073E0
1.322607103E2,2.815050125E0,1.012995052E1,-2.446950197E0
1.322631538E2,8.950950623E0,1.040505028E1,-4.654950142E0
1.322655974E2,6.562050343E0,8.430000305E0,-1.098795033E1
1.322680408E2,-3.522000074E0,1.106595039E1,-6.870000362E0
1.322704844E2,-2.533050060E0,8.104949951E0,3.573000193E0
1.322729279E2,1.495950103E0,5.113950253E0,6.709500551E-1
1.322753715E2,2.227950096E0,6.148050308E0,-3.310500085E-1
1.322778150E2,2.986950159E0,6.558000088E0,3.027000189E0
1.322802586E2,4.594050407E0,7.354950428E0,3.150000274E-1
1.322827021E2,3.412950277E0,4.705049992E0,-1.336050034E0
1.322851457E2,2.200050116E0,5.422950268E0,-7.500000596E-1
1.322875891E2,2.431950092E0,8.986050606E0,-5.749500394E-1
1.322900328E2,2.710050106E0,1.125495052E1,-8.959500194E-1
1.322924762E2,1.852050066E0,7.887000561E0,-8.479500413E-1
1.322949198E2,8.295000345E-2,9.390000343E0,-9.820500612E-1
1.322973633E2,5.800950050E0,1.014495087E1,5.760000348E-1
1.322998069E2,1.480950117E0,6.136050224E0,-5.095950127E0
1.323022504E2,1.168050051E0,6.048000336E0,-2.251049995E0
1.323046940E2,5.118000031E0,1.009200001E1,-6.676050186E0
1.323071374E2,4.156050205E0,7.281000137E0,-6.597000122E0
1.323095810E2,1.669500023E-1,5.104950428E0,-3.967950106E0
1.323120245E2,4.888050079E0,6.751950264E0,-2.821050167E0
1.323144681E2,6.175950527E0,4.674000263E0,-6.508050442E0
1.323169115E2,1.642050028E0,5.830050468E0,-3.565950155E0
1.323193549E2,6.769950390E0,9.211050034E0,3.100500107E-1
1.323217986E2,9.373050690E0,8.039999962E0,-6.454950333E0
1.323242420E2,7.656000137E0,7.240050316E0,-9.835950851E0
1.323266856E2,7.905000210E0,1.197600079E1,-9.159000397E0
1.323291291E2,9.988050461E0,7.887000561E0,-1.410795021E1
1.323315728E2,3.210000038E0,9.196050644E0,-1.192605019E1
1.323340162E2,-5.790000558E-1,9.223050117E0,-3.417000055E0
1.323364598E2,5.595000267E0,7.585050583E0,6.829500198E-1
1.323389033E2,8.149050713E0,2.602050066E0,-4.138050079E0
1.323413469E2,2.977950096E0,2.550000191E0,-3.720000088E-1
1.323437903E2,8.166000366E0,4.207050323E0,2.656050205E0
1.323462339E2,1.089600086E1,1.864950061E0,-4.678950310E0
1.323486774E2,3.030000210E0,4.309500158E-1,-8.056950569E0
1.323511210E2,2.953950167E0,4.209000111E0,-6.973050117E0
1.323535645E2,1.017495060E1,4.771950245E0,-7.891950607E0
1.323560081E2,8.307000160E0,2.914050102E0,-7.237950325E0
1.323584516E2,6.076050282E0,6.643950462E0,-3.372000217E0
1.323608952E2,7.153050423E0,8.806050301E0,-4.231050014E0
1.323633386E2,3.363000154E0,9.409049988E0,-5.440050125E0
1.323657822E2,-1.471950054E0,1.161000061E1,2.362050056E0
1.323682257E2,-7.159500122E-1,1.145400047E1,2.995950222E0
1.323706693E2,3.054000139E0,1.038900089E1,1.179000020E0
1.323731128E2,2.299950123E0,9.654000282E0,7.360500097E-1
1.323755564E2,4.249500334E-1,1.203405094E1,-2.497950077E0
1.323779999E2,1.747050047E0,1.369005108E1,2.838000059E0
1.323804435E2,3.049950123E0,1.224900055E1,2.698950052E0
1.323828869E2,1.407000065E0,1.372605038E1,-3.106050253E0
1.323853306E2,5.640000105E-1,1.720800018E1,-2.625000238E0
1.323877740E2,2.413050175E0,1.785900116E1,3.006000042E0
1.323902176E2,6.190500259E-1,1.671195030E1,-1.284000039E0
1.323926611E2,8.295000345E-2,1.730100060E1,9.990000725E-1
1.323951045E2,1.872000098E0,1.578105068E1,5.422050476E0
1.323975481E2,1.249050021E0,8.476050377E0,9.300000668E-1
1.323999918E2,1.462050080E0,9.915000916E0,-1.095000029E0
1.324024352E2,6.121050358E0,8.896950722E0,8.452950478E0
1.324048788E2,1.448205090E1,7.609500289E-1,-1.239105034E1
1.324073223E2,6.892050266E0,3.891000271E0,-2.856405067E1
1.324097659E2,8.425050735E0,4.875000000E0,-2.440800095E1
1.324122094E2,3.442050219E0,4.417050362E0,-1.432995033E1
1.324146528E2,5.640000105E-1,4.714050293E0,2.896050215E0
1.324170964E2,7.800000310E-1,1.826100159E1,6.714000225E0
1.324195398E2,8.250000477E-1,1.069800091E1,6.997050285E0
1.324219835E2,-2.400000021E-2,4.990050316E0,-1.800000072E-1
1.324244269E2,2.853000164E0,1.776105118E1,4.471050262E0
1.324268706E2,2.362050056E0,9.019050598E0,4.651050091E0
1.324293140E2,2.410050154E0,3.712950230E0,3.849000216E0
1.324317577E2,6.658050537E0,7.647000313E0,4.675050259E0
1.324342011E2,1.344300079E1,4.696950436E0,-1.668900108E1
1.324366447E2,6.745950222E0,6.060000062E-1,-2.278005028E1
1.324390881E2,-1.530000120E-1,1.963050127E0,-1.477305031E1
1.324415318E2,5.767050266E0,2.995050192E0,-8.934000015E0
1.324439752E2,6.925950527E0,1.798050046E0,-8.515049934E0
1.324464188E2,3.660000265E-1,2.221950054E0,1.969500035E-1
1.324488623E2,2.058000088E0,4.735949993E0,5.737950325E0
1.324513059E2,1.254000068E0,1.076505089E1,5.368950367E0
1.324537494E2,2.080049992E0,5.844000340E0,2.194050074E0
1.324561930E2,4.703999996E0,1.140900040E1,2.680050135E0
1.324586364E2,1.141005039E1,1.051095009E1,-4.459500313E-1
1.324610801E2,4.884000301E0,3.412050247E0,-3.379050255E0
1.324635235E2,2.770500183E-1,1.009695053E1,-6.577950478E0
1.324659671E2,4.596000195E0,9.079050064E0,-9.745050430E0
1.324684106E2,3.823050261E0,4.384050369E0,-1.311195087E1
1.324708542E2,-1.245000005E0,3.606000185E0,-8.512050629E0
1.324732976E2,3.694050074E0,5.286000252E0,-3.682950258E0
1.324757413E2,3.423000097E0,3.615000248E0,-3.798000097E0
1.324781847E2,5.929500461E-1,4.750050068E0,9.000000358E-2
1.324806283E2,1.287000060E0,8.368050575E0,3.211950064E0
1.324830718E2,5.614050388E0,1.118805027E1,1.591050029E0
1.324855154E2,3.931050301E0,7.060950279E0,-1.102050066E0
1.324879589E2,1.015305042E1,8.575950623E0,-5.128950119E0
1.324904025E2,1.141995049E1,9.144000053E0,-1.147905064E1
1.324928460E2,2.353049994E0,7.506000519E0,-8.131050110E0
1.324952894E2,-2.850000262E-1,8.241000175E0,-1.131000042E0
1.324977330E2,1.591050029E0,8.191050529E0,1.830000132E-1
1.325001764E2,1.752000093E0,8.203050613E0,-2.136000156E0
1.325026201E2,-5.119500160E-1,4.504050255E0,-7.500000298E-2
1.325050637E2,1.050000072E0,4.414950371E0,3.774000168E0
1.325075072E2,5.137050152E0,6.385050297E0,-3.199050188E0
1.325099508E2,6.840000153E-1,5.401050091E0,-4.300950050E0
1.325123943E2,1.183950067E0,7.237950325E0,1.126049995E0
1.325148377E2,3.327000141E0,1.164795017E1,-1.782000065E0
1.325172813E2,3.022950172E0,9.181950569E0,-3.265950203E0
1.325197248E2,5.062950134E0,1.058700085E1,-9.370500445E-1
1.325221684E2,9.562050819E0,1.218195057E1,-6.276000500E0
1.325246118E2,4.153050423E0,8.200050354E0,-6.022050381E0
1.325270555E2,9.310500622E-1,1.026705074E1,8.719500303E-1
1.325294989E2,2.923050165E0,1.173195076E1,5.059500337E-1
1.325319426E2,4.419000149E0,1.030305004E1,-3.324000120E0
1.325343860E2,2.572950125E0,7.687950134E0,-2.212949991E0
1.325368296E2,3.394050121E0,8.526000023E0,-1.909050107E0
1.325392731E2,4.419000149E0,1.057305050E1,-3.112950087E0
1.325417167E2,2.701950073E0,1.084605026E1,-2.632050037E0
1.325441602E2,1.825950146E0,1.321905041E1,1.858950138E0
1.325466038E2,2.298000097E0,1.431300068E1,9.829500318E-1
1.325490473E2,2.712000132E0,1.487595081E1,-5.779500008E-1
1.325514909E2,4.156050205E0,1.468200111E1,-2.608050108E0
1.325539343E2,9.801000595E0,1.396800041E1,-1.122300053E1
1.325563779E2,4.450050354E0,1.209600067E1,-9.988950729E0
1.325588214E2,-4.090500176E-1,9.157950401E0,-3.706950188E0
1.325612650E2,9.109500647E-1,6.508050442E0,8.580000401E-1
1.325637085E2,4.618050098E0,1.007505035E1,-3.997050285E0
1.325661521E2,1.519950032E0,3.388050079E0,-5.164950371E0
1.325685956E2,1.747050047E0,1.582950115E0,-5.295000225E-2
1.325710392E2,7.618050575E0,6.112950325E0,-5.488050461E0
1.325734826E2,5.353050232E0,1.389000058E0,-7.825050354E0
1.325759263E2,1.069050074E0,3.610050201E0,2.155950069E0
1.325783697E2,3.339000225E0,9.526950836E0,4.126049995E0
1.325808133E2,3.652950287E0,7.152000427E0,-9.580500722E-1
1.325832568E2,5.518050194E0,7.408050537E0,9.195000678E-2
1.325857004E2,7.599000454E0,9.412050247E0,-4.317000389E0
1.325881439E2,1.034295082E1,4.626000404E0,-1.059300041E1
1.325905875E2,2.808000088E0,4.981950283E0,-1.389000034E1
1.325930309E2,6.550500393E-1,6.321000099E0,-1.016205025E1
1.325954743E2,8.611050606E0,5.314950466E0,-6.718950272E0
1.325979179E2,5.476950169E0,2.413050175E0,-5.665050507E0
1.326003614E2,2.118000031E0,6.864000320E0,8.629500270E-1
1.326028050E2,8.379000664E0,8.041950226E0,1.375050068E0
1.326052487E2,7.888050556E0,5.410950184E0,-6.417000294E0
1.326076921E2,3.270000219E-1,7.807950497E0,-4.960500300E-1
1.326101358E2,2.302050114E0,1.068795013E1,2.412000179E0
1.326125793E2,3.070950031E0,1.130805016E1,-1.678950071E0
1.326150229E2,5.350050449E0,1.127700043E1,-2.752050161E0
1.326174663E2,1.331595039E1,1.322595024E1,-8.782950401E0
1.326199097E2,9.394050598E0,9.970050812E0,-1.159605026E1
1.326223533E2,2.022000074E0,1.245000076E1,-6.337950230E0
1.326247968E2,1.290000081E0,1.554405117E1,-2.749050140E0
1.326272404E2,3.640950203E0,1.330305099E1,-5.692050457E0
1.326296839E2,6.220500469E-1,1.169805050E1,-4.726950169E0
1.326321276E2,1.909500062E-1,8.731950760E0,9.420000315E-1
1.326345710E2,4.054950237E0,8.667000771E0,-2.766000032E0
1.326370146E2,4.468950272E0,7.741050243E0,-3.913050175E0
1.326394580E2,1.443000078E0,6.939000130E0,-8.980500698E-1
1.326419016E2,5.206950188E0,8.590950012E0,-8.119500279E-1
1.326443451E2,4.558050156E0,1.051095009E1,-2.128950119E0
1.326467887E2,2.695050240E0,1.013505077E1,6.810000539E-1
1.326492322E2,7.255950451E0,1.117395020E1,-2.116950035E0
1.326516758E2,5.178000450E0,8.968950272E0,-3.501000166E0
1.326541193E2,1.666050076E0,7.894050598E0,3.940500319E-1
1.326565629E2,9.400500655E-1,7.944000244E0,2.443050146E0
1.326590064E2,3.222000122E0,1.014495087E1,4.129500091E-1
1.326614500E2,1.168050051E0,6.133950233E0,-9.030000567E-1
1.326638935E2,7.680000067E-1,6.934050560E0,1.207950115E0
1.326663371E2,5.628000259E0,8.365950584E0,-5.304000378E0
1.326687805E2,4.729950428E0,6.562950134E0,-7.531050205E0
1.326712241E2,4.060500264E-1,7.276050568E0,-4.243050098E0
1.326736676E2,2.857950211E0,9.061950684E0,-1.849050045E0
1.326761112E2,4.669950008E0,8.515950203E0,-3.229950190E0
1.326785547E2,4.821000099E0,7.908000469E0,-4.486950397E0
1.326809983E2,1.042200089E1,9.067049980E0,-8.182050705E0
1.326834417E2,9.378000259E0,6.364050388E0,-1.414800072E1
1.326858854E2,1.852050066E0,5.682000160E0,-9.942000389E0
1.326883288E2,-5.340000391E-1,7.045950413E0,-1.440000087E-1
1.326907724E2,-2.130000144E-1,8.299050331E0,1.086000085E0
1.326932159E2,3.490500152E-1,2.100000143E0,-1.051950097E0
1.326956595E2,1.999500096E-1,3.996000290E0,5.638950348E0
1.326981030E2,5.757000446E0,4.635000229E0,6.724050522E0
1.327005464E2,8.274000168E0,1.374000072E0,-3.379050255E0
1.327029901E2,1.717950106E0,3.574950218E0,-5.922000408E0
1.327054334E2,2.560950041E0,6.976950169E0,-5.742000103E0
1.327078771E2,5.956050396E0,4.855950356E0,-8.674950600E0
1.327103205E2,3.801000118E0,5.755950451E0,-1.190700054E1
1.327127642E2,6.697950363E0,8.859000206E0,-8.209950447E0
1.327152078E2,8.965950012E0,5.322000027E0,-5.470950127E0
1.327176513E2,4.590000212E-1,4.633050442E0,-3.180000067E0
1.327200947E2,-9.310500622E-1,6.718050480E0,1.990950108E0
1.327225383E2,6.519000530E0,5.137950420E0,8.599500656E-1
1.327249817E2,6.895050526E0,2.581050158E0,-4.861050129E0
1.327274253E2,6.382050514E0,4.032000065E0,-3.568050146E0
1.327298688E2,1.029000092E1,6.067050457E0,-5.352000237E0
1.327323125E2,6.121050358E0,4.063050270E0,-9.757050514E0
1.327347559E2,2.269500047E-1,5.397000313E0,-2.376000166E0
1.327371995E2,3.564000130E0,9.898050308E0,-3.670500219E-1
1.327396430E2,4.711050034E0,9.739950180E0,-5.838000298E0
1.327420866E2,2.167950153E0,9.487950325E0,-4.732050419E0
1.327445301E2,9.244050026E0,1.030695057E1,-7.353000164E0
1.327469737E2,7.807050228E0,6.103050232E0,-1.273800087E1
1.327494171E2,-1.219500080E-1,7.099050522E0,-8.557950020E0
1.327518608E2,1.090950012E0,7.314000130E0,-6.495000422E-2
1.327543042E2,6.190950394E0,5.490000248E0,-1.392000079E0
1.327567478E2,2.611050129E0,3.675000191E0,-4.803000450E0
1.327591913E2,2.215950012E0,5.466000080E0,3.718950272E0
1.327616349E2,9.900000572E0,5.365950108E0,-6.799500585E-1
1.327640784E2,6.070950508E0,2.808000088E0,-7.168950558E0
1.327665220E2,1.720500141E-1,5.641050339E0,9.079500437E-1
1.327689655E2,3.469050169E0,9.835950851E0,4.680000246E-1
1.327714091E2,4.359000206E0,7.510950565E0,-2.316000223E0
1.327738525E2,3.130950212E0,1.042200089E1,-1.120950103E0
1.327762961E2,8.233050346E0,1.447305107E1,-3.367050171E0
1.327787396E2,3.973950148E0,1.151400089E1,-5.287050247E0
1.327811832E2,1.060050011E0,1.079805088E1,9.195000678E-2
1.327836267E2,1.306050062E0,1.356795025E1,3.457950115E0
1.327860703E2,2.142000198E0,1.330005074E1,8.560500145E-1
1.327885138E2,1.840050101E0,1.078095055E1,-9.580500722E-1
1.327909574E2,5.670000315E-1,1.030305004E1,6.795000285E-2
1.327934008E2,5.430000424E-1,1.634595108E1,9.750000238E-1
1.327958444E2,3.907050133E0,1.699905014E1,2.509950161E0
1.327982879E2,3.921000242E0,1.511295033E1,-5.424000263E0
1.328007315E2,3.162000179E0,1.878795052E1,-1.566000104E0
1.328031750E2,3.208050251E0,1.704495049E1,-1.174050093E0
1.328056184E2,3.180000186E-1,1.518000031E1,-3.952950239E0
1.328080620E2,3.069000244E0,1.587600040E1,5.173050404E0
1.328105054E2,9.411000252E0,8.167050362E0,-8.656050682E0
1.328129491E2,-8.689500690E-1,4.498950005E0,-1.541295052E1
1.328153927E2,6.592950344E0,-2.446050167E0,-1.618305016E1
1.328178361E2,4.512000084E0,2.053950071E0,-2.544000053E1
1.328202798E2,4.800000191E-1,5.190000534E-1,-1.726995087E1
1.328227233E2,-9.120000601E-1,4.740000367E-1,4.933050156E0
1.328251667E2,-1.104000092E0,1.696950078E0,1.230795097E1
1.328276103E2,1.498050094E0,1.786050081E0,3.018000126E0
1.328300537E2,1.852050066E0,1.068000078E0,4.131000042E0
1.328324974E2,3.172050238E0,3.153000116E0,4.962000370E0
1.328349408E2,3.085050106E0,3.759000063E0,5.613000393E0
1.328373844E2,5.155950069E0,3.021000147E0,5.977050304E0
1.328398279E2,1.217700100E1,6.994050503E0,-4.501950264E0
1.328422716E2,1.449195099E1,8.458950043E0,-7.578000546E0
1.328447150E2,1.001400089E1,9.720000625E-1,-4.927950382E0
1.328471586E2,6.054000378E0,2.497050047E0,-1.174050093E0
1.328496020E2,1.036200047E1,5.479950428E0,-2.013195038E1
1.328520457E2,9.069000244E0,-2.062950134E0,-2.353395081E1
1.328544891E2,7.450050354E0,3.322950125E0,-1.701900101E1
1.328569327E2,9.765000343E0,7.104000568E0,-1.298700047E1
1.328593762E2,5.905950069E0,7.053000450E0,-1.123005009E1
1.328618198E2,8.640000224E-1,5.338950157E0,1.773000121E0
1.328642633E2,3.400950193E0,1.602495003E1,3.865050077E0
1.328667069E2,6.787050247E0,2.328405190E1,2.683050156E0
1.328691503E2,3.265050173E0,1.216995049E1,2.697000027E0
1.328715939E2,-1.542000055E0,1.612305069E1,-3.460050106E0
1.328740374E2,7.870500088E-1,1.728900146E1,1.645950079E0
1.328764810E2,4.849500358E-1,1.063500023E1,4.372950077E0
1.328789245E2,-3.469500244E-1,1.466700077E1,-1.939950109E0
1.328813681E2,1.168050051E0,1.697294998E1,1.035000086E0
1.328838116E2,5.470499992E-1,7.650000572E0,1.251000047E0
1.328862552E2,-2.503950119E0,9.844950676E0,-1.030500084E-1
1.328886986E2,-3.309000254E0,1.418595028E1,9.229500294E-1
1.328911422E2,3.870000243E-1,9.847950935E0,4.342050076E0
1.328935857E2,1.930500120E-1,1.070700073E1,-1.437000036E0
1.328960293E2,9.930000305E-1,1.091100025E1,-3.280500174E-1
1.328984728E2,9.979500771E-1,7.939050198E0,2.704050064E0
1.329009164E2,5.239500403E-1,8.593050003E0,-1.698000073E0
1.329033599E2,9.930000305E-1,1.144695091E1,3.252000093E0
1.329058035E2,1.414050102E0,6.502950191E0,4.132950306E0
1.329082469E2,8.628000259E0,4.429500103E-1,-3.019950151E0
1.329106903E2,1.367505074E1,2.236050129E0,-1.677000046E1
1.329131340E2,1.403700066E1,2.131050110E0,-2.153505135E1
1.329155776E2,2.506050110E0,9.600000381E-1,-1.705305099E1
1.329180211E2,-1.434000015E0,3.835950136E0,-6.048000336E0
1.329204647E2,3.025950193E0,4.041000366E0,-6.610500216E-1
1.329229082E2,2.403000116E0,1.923000097E0,1.842000127E0
1.329253518E2,1.419000030E0,8.790000677E-1,2.017050028E0
1.329277952E2,3.208050251E0,4.567950249E0,3.529500067E-1
1.329302388E2,3.646050215E0,7.369950294E0,1.909050107E0
1.329326822E2,1.933950067E0,4.714050293E0,3.580050230E0
1.329351257E2,2.620950222E0,6.436050415E0,3.070050240E0
1.329375693E2,3.901950121E0,7.978050232E0,3.999000072E0
1.329400128E2,5.134950161E0,6.045000076E0,9.990000725E-1
1.329424564E2,6.085050106E0,9.811950684E0,1.042050004E0
1.329448998E2,8.614050865E0,1.121505070E1,-1.522950053E0
1.329473434E2,4.845000267E0,9.061950684E0,-7.732050419E0
1.329497869E2,4.014000416E0,1.236405087E1,-6.048000336E0
1.329522305E2,2.602050066E0,1.269900036E1,-5.103000164E0
1.329546740E2,1.951050043E0,1.544505119E1,-1.927950144E0
1.329571176E2,3.337050200E0,1.703805161E1,1.666950107E0
1.329595611E2,3.322050095E0,1.641795158E1,1.686000109E0
1.329620047E2,1.872000098E0,1.520100117E1,-7.450500131E-1
1.329644482E2,3.010950089E0,1.817505074E1,1.995000057E-2
1.329668918E2,6.073050499E0,1.870395088E1,-1.054305077E1
1.329693352E2,1.462050080E0,1.489200115E1,-1.433505058E1
1.329717789E2,8.400000334E-1,1.055595016E1,-9.529950142E0
1.329742223E2,2.077050209E0,1.163895035E1,-6.877050400E0
1.329766659E2,4.002000332E0,1.538100052E1,-5.749050140E0
1.329791094E2,5.760000348E-1,7.642050266E0,-2.116950035E0
1.329815530E2,2.074949980E0,1.743000031E0,9.130500555E-1
1.329839965E2,6.178950310E0,1.277595043E1,-7.906050205E0
1.329864401E2,4.435950279E0,6.517050266E0,-1.101900005E1
1.329888835E2,6.580500603E-1,5.617050171E0,-3.600000218E-2
1.329913271E2,3.792000294E0,9.318000793E0,4.405950069E0
1.329937706E2,3.829950094E0,8.392050743E0,8.200500607E-1
1.329962142E2,7.302000523E0,9.952950478E0,2.223000050E0
1.329986577E2,1.180500031E1,7.176000118E0,-1.654950023E0
1.330011013E2,1.029705048E1,2.136000156E0,-1.296300030E1
1.330035448E2,7.024050236E0,4.585050106E0,-1.905705070E1
1.330059884E2,9.037950516E0,4.258950233E0,-1.697595024E1
1.330084318E2,1.061805058E1,2.449050188E0,-1.279605103E1
1.330108754E2,3.825000286E0,4.408050060E0,-5.010000467E-1
1.330133189E2,5.419950485E0,7.834050179E0,6.954000473E0
1.330157625E2,1.003095055E1,9.781050682E0,2.359500080E-1
1.330182059E2,3.439950228E0,6.073950291E0,-4.078050137E0
1.330206496E2,1.927050114E0,8.385000229E0,2.098050117E0
1.330230930E2,2.913000107E0,1.000605011E1,3.664050102E0
1.330255367E2,2.844000101E0,1.114995098E1,-4.950000439E-3
1.330279801E2,1.620000124E0,1.334805107E1,-4.552050114E0
1.330304238E2,2.238000154E0,1.223700047E1,3.688050270E0
1.330328672E2,2.068050146E0,8.562000275E0,2.797050238E0
1.330353108E2,-5.505000427E-2,7.087050438E0,-3.907950163E0
1.330377542E2,1.095000096E-2,8.076000214E0,-4.747950077E0
1.330401977E2,6.360000372E-1,8.394000053E0,-5.509500504E-1
1.330426413E2,-1.456050038E0,5.551950455E0,2.958000183E0
1.330450848E2,-3.310950041E0,6.436050415E0,-6.640500426E-1
1.330475284E2,-2.200050116E0,4.519950390E0,2.430000156E-1
1.330499718E2,-2.146950006E0,7.611000538E0,-3.900000080E-2
1.330524155E2,-2.437050104E0,9.844950676E0,-1.380000114E0
1.330548589E2,7.990500331E-1,7.863000393E0,-2.349000216E0
1.330573026E2,1.651050091E0,8.671950340E0,-2.023950100E0
1.330597460E2,7.339500189E-1,9.421050072E0,7.138050556E0
1.330621896E2,1.327800083E1,6.847950459E0,7.830000401E0
1.330646331E2,9.150000572E0,1.819500029E-1,-1.885500145E1
1.330670767E2,1.156095028E1,-6.340500116E-1,-9.427050591E0
1.330695201E2,1.020105076E1,2.710050106E0,-1.359300041E1
1.330719638E2,3.154950142E0,2.730000019E-1,-1.432095051E1
1.330744072E2,1.291950107E0,3.952950239E0,-7.305000305E0
1.330768508E2,5.602050304E0,5.770050049E0,-4.650000334E-1
1.330792943E2,1.032105064E1,3.271050215E0,-1.035000086E0
1.330817379E2,7.072050571E0,6.928950310E0,-2.182049990E0
1.330841814E2,8.761950493E0,8.977950096E0,-6.003000259E0
1.330866250E2,7.773000240E0,8.305950165E0,-9.726000786E0
1.330890684E2,7.374000549E0,1.233495045E1,-1.093500042E1
1.330915121E2,1.070400047E1,9.661050797E0,-1.230000019E1
1.330939555E2,9.511950493E0,7.113000393E0,-1.380600071E1
1.330963991E2,2.815050125E0,6.538950443E0,-1.381800079E1
1.330988426E2,1.030950069E0,8.254950523E0,-3.051000118E0
1.331012862E2,3.282000065E0,8.397000313E0,8.223000526E0
1.331037297E2,4.981950283E0,8.065950394E0,7.095000267E0
1.331061733E2,3.892050266E0,8.800950050E0,1.710000038E0
1.331086167E2,4.708950043E0,1.110195065E1,7.860000134E-1
1.331110604E2,2.515950203E0,6.886050224E0,4.909050465E0
1.331135038E2,7.249500155E-1,6.694050312E0,-1.963950038E0
1.331159474E2,3.069000244E0,1.080300045E1,-5.440500379E-1
1.331183909E2,2.619000196E0,1.208400059E1,-3.430500031E-1
1.331208345E2,9.210000634E-1,9.685050011E0,-1.380000114E0
1.331232780E2,-3.330000043E-1,1.284000015E1,-1.597050071E0
1.331257216E2,1.395000100E0,9.955050468E0,1.729950070E0
1.331281650E2,1.330500096E-1,7.510950565E0,-5.970000029E-1
1.331306087E2,-9.810000658E-1,1.336995029E1,-1.569000125E0
1.331330521E2,4.180500209E-1,8.811000824E0,1.914000034E0
1.331354957E2,-7.159500122E-1,6.712950230E0,1.981050134E0
1.331379392E2,3.672000170E0,8.401050568E0,-2.977050066E0
1.331403828E2,4.852050304E0,8.545050621E0,-9.475050926E0
1.331428263E2,8.299500346E-1,5.512050152E0,-5.658000469E0
1.331452696E2,5.116050243E0,7.159050465E0,-5.649000168E0
1.331477133E2,9.993000031E0,9.010050774E0,-7.147050381E0
1.331501567E2,7.183950424E0,7.338000298E0,-1.027005005E1
1.331526004E2,1.245405102E1,9.955050468E0,-1.094700050E1
1.331550438E2,1.124295044E1,7.374000549E0,-1.695405006E1
1.331574874E2,3.303000212E0,9.603000641E0,-1.347300053E1
1.331599311E2,1.393050075E0,1.148505020E1,-5.968950272E0
1.331623746E2,7.551000595E0,8.442000389E0,-5.742000103E0
1.331648179E2,5.781000137E0,5.557050228E0,-8.311050415E0
1.331672616E2,2.086950064E0,8.935050011E0,-4.770000279E-1
1.331697050E2,6.973950386E0,7.429050446E0,3.030000210E0
1.331721487E2,9.481050491E0,6.727950096E0,-2.518950224E0
1.331745921E2,9.484950066E0,6.840000153E0,-4.501950264E0
1.331770357E2,8.941950798E0,9.430950165E0,-2.992950201E0
1.331794792E2,8.458050728E0,8.341950417E0,-7.228950500E0
1.331819228E2,4.861950397E0,1.120995045E1,-1.185900021E1
1.331843663E2,1.068000031E1,1.159800053E1,-1.133700085E1
1.331868099E2,3.435000181E0,6.639000416E0,-1.044405079E1
1.331892533E2,-2.929950237E0,6.093000412E0,-7.705050468E0
1.331916970E2,9.690000415E-1,6.192000389E0,2.551050186E0
1.331941404E2,5.692950249E0,2.310000181E0,7.000500560E-1
1.331965840E2,2.917950153E0,8.449500203E-1,-2.040000111E-1
1.331990275E2,4.315950394E0,2.659950018E0,4.621950150E0
1.332014711E2,8.464950562E0,4.966050148E0,-2.080950022E0
1.332039146E2,4.579050064E0,5.482950211E0,-5.820000172E-1
1.332063582E2,1.239000082E0,9.310950279E0,1.284000039E0
1.332088016E2,3.420000076E-1,1.338195038E1,6.900000572E-1
1.332112453E2,1.036050081E0,1.060905075E1,-2.260500044E-1
1.332136887E2,-2.820000052E-1,1.214595032E1,-8.119500279E-1
1.332161323E2,5.205000192E-2,1.257000065E1,1.734000087E0
1.332185758E2,1.495950103E0,1.080795097E1,4.294050217E0
1.332210194E2,1.570050120E0,9.606000900E0,-7.950000465E-3
1.332234629E2,1.101000071E0,1.227795029E1,-1.618950129E0
1.332259065E2,2.254950047E0,1.365900040E1,2.287050009E0
1.332283499E2,3.241050243E0,8.404050827E0,1.821000099E0
1.332307936E2,2.917950153E0,1.398705101E1,-3.171000242E0
1.332332370E2,1.285905075E1,1.218705082E1,-9.022050858E0
1.332356807E2,1.432950020E0,7.365000248E0,-1.066200066E1
1.332381241E2,1.182000041E0,4.645050049E0,-6.819000244E0
1.332405677E2,5.724000454E0,1.204095078E1,-9.159000397E0
1.332430112E2,3.720000267E0,9.723000526E0,-4.291050434E0
1.332454546E2,3.174000263E0,4.678050041E0,-2.446950197E0
1.332478982E2,3.721950293E0,6.972000122E0,-4.915950298E0
1.332503416E2,1.093050003E0,5.755950451E0,-2.859000206E0
1.332527853E2,1.101000071E0,8.479949951E0,1.521000028E0
1.332552287E2,1.057050109E0,1.017105007E1,6.049050331E0
1.332576723E2,9.300000221E-2,3.100950241E0,3.067950249E0
1.332601160E2,6.529500484E-1,4.185000420E0,-1.257000089E0
1.332625595E2,-1.990500093E-1,9.249000549E0,3.517950058E0
1.332650031E2,4.579050064E0,3.991050243E0,1.417950034E0
1.332674465E2,1.761000037E0,5.296050072E0,-2.292000055E0
1.332698900E2,5.793000221E0,9.370950699E0,-3.216000080E0
1.332723336E2,7.149000168E0,1.029795074E1,-6.513000488E0
1.332747770E2,4.951050282E0,1.307805061E1,-5.040000439E0
1.332772206E2,7.833000183E0,1.479705048E1,-6.285000324E0
1.332796641E2,6.229050159E0,1.337400055E1,-1.021905041E1
1.332821078E2,1.189050078E0,1.326405048E1,-4.827000141E0
1.332845512E2,1.266000032E0,1.206705093E1,-2.710500062E-1
1.332869948E2,3.787050247E0,1.182795048E1,-3.601050138E0
1.332894383E2,2.009999990E0,1.010400009E1,-4.914000034E0
1.332918819E2,4.096050262E0,1.158105087E1,-2.689050198E0
1.332943254E2,8.383950233E0,1.292205048E1,-8.146050453E0
1.332967690E2,4.125000000E0,1.173405075E1,-9.115950584E0
1.332992124E2,1.563000083E0,1.385100079E1,-4.030050278E0
1.333016560E2,3.655050278E0,1.354395103E1,-4.096950054E0
1.333040995E2,2.575050116E0,9.189000130E0,-6.075000286E0
1.333065431E2,4.848000050E0,9.220050812E0,-7.672050476E0
1.333089866E2,8.527950287E0,9.394950867E0,-1.558200073E1
1.333114302E2,3.282000065E0,3.972000122E0,-1.690695000E1
1.333138737E2,-2.665050030E0,5.622000217E0,-2.596050024E0
1.333163173E2,3.199500144E-1,7.969500422E-1,8.661000252E0
1.333187607E2,1.357050061E0,8.710500598E-1,2.371050119E0
1.333212043E2,1.033950090E0,2.659500241E-1,3.307050228E0
1.333236478E2,1.624950051E0,2.404050112E0,6.103950500E0
1.333260914E2,6.808950424E0,3.156000137E0,4.798950195E0
1.333285349E2,8.044050217E0,-1.627050042E0,-3.831000090E0
1.333309785E2,1.058400059E1,-1.515000105E0,-8.698950768E0
1.333334220E2,1.175505066E1,2.418000221E0,-1.121295071E1
1.333358656E2,8.302950859E0,5.494950294E0,-1.268505096E1
1.333383090E2,2.695050240E0,7.659000397E0,-7.104000568E0
1.333407527E2,3.318000078E0,8.926050186E0,1.561950088E0
1.333431961E2,4.297049999E0,2.155605125E1,6.027000427E0
1.333456397E2,2.182950020E0,1.102995014E1,1.203000069E0
1.333480832E2,1.072050095E0,6.103050232E0,1.090050101E0
1.333505266E2,2.707050085E0,5.842050076E0,2.070000172E0
1.333529703E2,7.530000210E-1,4.972950459E0,9.180000424E-1
1.333554137E2,5.128050327E0,8.844000816E0,3.649950266E0
1.333578573E2,1.208595085E1,5.557050228E0,-8.815950394E0
1.333603010E2,2.604000092E0,1.803000093E0,-1.546500111E1
1.333627444E2,6.223950386E0,5.587950230E0,-1.733505058E1
1.333651880E2,5.176050186E0,8.334000587E0,-1.402095032E1
1.333676314E2,3.540000200E0,5.385000229E0,-1.076295090E1
1.333700749E2,5.286000252E0,1.050105095E1,-2.244000196E0
1.333725185E2,2.500950098E0,8.938050270E0,3.006000042E0
1.333749620E2,-8.520000577E-1,3.031050205E0,7.405950546E0
1.333774056E2,-7.849500179E-1,4.453050137E0,2.910000086E0
1.333798490E2,5.520000458E-1,4.786050320E0,5.890950203E0
1.333822927E2,-9.379500151E-1,8.670000434E-1,5.862000465E0
1.333847361E2,1.840500087E-1,2.353049994E0,1.255950093E0
1.333871797E2,3.363000154E0,6.313950062E0,3.669000149E0
1.333896232E2,5.643000126E0,4.947000027E0,-4.368000031E0
1.333920668E2,2.185050011E0,3.820950270E0,-5.071950436E0
1.333945103E2,7.234950542E0,9.393000603E0,-6.190050125E0
1.333969539E2,3.715050220E0,9.939000130E0,-6.432000160E0
1.333993974E2,3.607050180E0,1.202205086E1,-6.300000101E-2
1.334018410E2,6.775050163E0,1.548900032E1,-5.662950039E0
1.334042844E2,3.580950260E0,1.030005074E1,-5.416050434E0
1.334067281E2,1.897950053E0,9.526950836E0,4.270500243E-1
1.334091715E2,4.455000401E0,1.335795021E1,-3.879000187E0
1.334116151E2,2.692950010E0,1.108800030E1,-5.134050369E0
1.334140586E2,3.559500277E-1,8.574000359E0,-1.510500014E-1
1.334165022E2,2.182950020E0,1.056405067E1,4.870500267E-1
1.334189457E2,4.038000107E0,9.295050621E0,-7.023000240E0
1.334213893E2,5.279999971E-1,7.666050434E0,-5.782950401E0
1.334238327E2,3.262950182E0,8.266950607E0,-2.541000128E0
1.334262764E2,5.206950188E0,1.042005062E1,-6.594000340E0
1.334287198E2,3.712950230E0,7.594950199E0,-4.099050045E0
1.334311634E2,7.524000168E0,1.040805054E1,-5.899950504E0
1.334336069E2,6.889950275E0,8.657999992E0,-1.198605061E1
1.334360505E2,6.960000396E-1,5.586000443E0,-5.152950287E0
1.334384940E2,1.393050075E0,7.425000191E0,3.133050203E0
1.334409376E2,5.343000412E0,7.417050362E0,1.666950107E0
1.334433811E2,2.439000130E0,3.883050203E0,5.560500026E-1
1.334458247E2,3.712950230E0,6.721050262E0,4.822950363E0
1.334482681E2,8.817000389E0,6.924000263E0,-1.456050038E0
1.334507115E2,3.775050163E0,4.975050449E0,-7.795950413E0
1.334531551E2,1.335000038E0,7.681050301E0,-1.332000017E0
1.334555986E2,2.865000248E0,9.342000008E0,-1.746000051E0
1.334580423E2,2.254950047E0,8.947050095E0,-2.146050215E0
1.334604857E2,4.141050339E0,9.760950089E0,-1.126049995E0
1.334629294E2,9.559950829E0,1.308900070E1,-9.111000061E0
1.334653728E2,8.381999969E0,9.268050194E0,-1.319505024E1
1.334678164E2,3.210000038E0,9.742050171E0,-8.851950645E0
1.334702598E2,4.888050079E0,1.135395050E1,-5.530950069E0
1.334727034E2,5.937000275E0,8.976000786E0,-8.215050697E0
1.334751469E2,4.609500170E-1,8.365950584E0,-3.148950100E0
1.334775905E2,4.663050175E0,7.176000118E0,-2.139000177E0
1.334800340E2,1.018905067E1,6.010050297E0,-9.709050179E0
1.334824776E2,5.812950134E0,4.458000183E0,-1.184700012E1
1.334849211E2,4.390050411E0,5.353950024E0,-8.473950386E0
1.334873647E2,5.848050117E0,6.333000183E0,-7.846950531E0
1.334898081E2,3.166950226E0,6.193950176E0,-2.863950253E0
1.334922517E2,4.419000149E0,8.988000870E0,5.175000191E0
1.334946952E2,4.678050041E0,8.827950478E0,6.159000397E0
1.334971388E2,2.712000132E0,2.940000057E0,3.355050087E0
1.334995823E2,3.883050203E0,2.239050150E0,1.584000111E0
1.335020259E2,7.081050396E0,3.093000174E0,-9.429000854E0
1.335044694E2,1.010805035E1,-6.979500055E-1,-1.497405052E1
1.335069130E2,5.149050236E0,-3.390000165E-1,-1.166295052E1
1.335093564E2,5.446050167E0,6.991050243E0,-8.562000275E0
1.335118000E2,6.042000294E0,7.723950386E0,-8.071949959E0
1.335142435E2,1.050000072E0,6.643950462E0,1.773000121E0
1.335166871E2,2.439000130E0,1.056795025E1,1.903950095E0
1.335191306E2,3.238950253E0,1.152405071E1,4.492950439E0
1.335215742E2,9.640500546E-1,1.130595016E1,-2.388000011E0
1.335240177E2,1.018950105E0,1.627095032E1,-1.175999999E0
1.335264613E2,3.066000223E0,1.384395027E1,8.086050034E0
1.335289048E2,8.869500160E-1,1.070205021E1,2.209500074E-1
1.335313484E2,-2.700000107E-1,1.386000061E1,-3.232950211E0
1.335337918E2,2.215950012E0,1.486800098E1,2.137050152E0
1.335362355E2,1.644000053E0,1.184400082E1,1.609500051E-1
1.335386789E2,-1.618050098E0,1.359705067E1,-2.167050123E0
1.335411225E2,-6.390000582E-1,1.318005085E1,3.304950237E0
1.335435660E2,1.000050068E0,9.187050819E0,2.629950047E0
1.335460096E2,1.486050129E0,1.200000095E1,7.995000482E-2
1.335484530E2,4.057950020E0,1.043700027E1,6.379050255E0
1.335508965E2,4.002000332E0,7.462950230E0,4.581000328E0
1.335533402E2,3.919050217E0,1.481805038E1,4.696050167E0
1.335557838E2,5.058000088E0,1.349205017E1,7.624050140E0
1.335582272E2,3.454050064E0,8.638050079E0,6.250050068E0
1.335606708E2,2.587050200E0,8.848950386E0,5.806950092E0
1.335631143E2,1.807050109E0,1.237800026E1,-9.370500445E-1
1.335655579E2,1.278900051E1,8.277000427E0,6.900000572E-1
1.335680013E2,7.315950394E0,4.029000282E0,-2.869605064E1
1.335704448E2,5.098950386E0,5.310000420E0,-3.246900177E1
1.335728884E2,2.932050228E0,9.496050835E0,-2.992395210E1
1.335753318E2,1.980000138E-1,6.342000484E0,-1.298895073E1
1.335777754E2,2.668950081E0,5.002050400E0,-2.589000225E0
1.335802189E2,2.641950130E0,1.046295071E1,1.786950111E0
1.335826625E2,7.219500542E-1,1.078395081E1,3.066000223E0
1.335851060E2,-7.639500499E-1,8.325000763E0,3.973050117E0
1.335875496E2,3.652950287E0,6.505050182E0,1.489950061E0
1.335899931E2,3.528000116E0,2.880000114E0,-2.244000196E0
1.335924367E2,5.182950020E0,4.795950413E0,1.456950068E0
1.335948801E2,7.311000347E0,6.879000187E0,4.339500070E-1
1.335973238E2,3.289050102E0,1.738050103E0,-6.835950375E0
1.335997672E2,2.629500031E-1,3.196050167E0,-6.040950298E0
1.336022108E2,4.531949997E0,4.816950321E0,-1.827000141E0
1.336046543E2,7.054950237E0,1.339500099E-1,-3.787950277E0
1.336070979E2,4.972050190E0,9.000000358E-1,-6.730950356E0
1.336095414E2,8.386050224E0,2.073000193E0,-7.581000328E0
1.336119850E2,8.082000732E0,2.851950169E0,-8.602950096E0
1.336144285E2,7.516950130E0,6.330000401E0,-8.032950401E0
1.336168721E2,9.924000740E0,7.456050396E0,-5.943000317E0
1.336193155E2,5.326050282E0,7.281000137E0,-6.132000446E0
1.336217591E2,6.190500259E-1,8.445000648E0,-9.144000053E0
1.336242026E2,1.963050127E0,9.052950859E0,-9.349950790E0
1.336266462E2,2.458050013E0,5.515950203E0,-3.889050245E0
1.336290897E2,-3.570000231E-1,5.635950089E0,4.921050072E0
1.336315333E2,8.680500388E-1,9.675000191E0,2.776050091E0
1.336339768E2,4.210950375E0,1.111905098E1,3.925050259E0
1.336364204E2,2.355000019E0,7.350000381E0,3.649950266E0
1.336388639E2,1.753950119E0,8.227050781E0,-3.328950167E0
1.336413075E2,3.301050186E0,9.994050026E0,-4.789500237E-1
1.336437509E2,2.221050024E0,1.040805054E1,4.800000191E-1
1.336461945E2,1.483950019E0,1.293105030E1,-1.509000063E0
1.336486379E2,8.667000771E0,9.940950394E0,2.282999992E0
1.336510814E2,3.603000164E0,3.994050264E0,-1.197405052E1
1.336535250E2,6.193050385E0,5.715000153E0,-1.284105015E1
1.336559685E2,9.646050453E0,7.060950279E0,-1.815600014E1
1.336584122E2,2.638050079E0,5.269950390E0,-1.155105019E1
1.336608555E2,1.579050064E0,6.594000340E0,2.392950058E0
1.336632992E2,4.801950455E0,9.960000038E0,3.139950037E0
1.336657426E2,1.872000098E0,6.639000416E0,2.962950230E0
1.336681862E2,1.704000115E0,6.213000298E0,5.653950214E0
1.336706297E2,3.397050142E0,1.006995010E1,3.400950193E0
1.336730733E2,2.370000124E0,1.037205029E1,1.717950106E0
1.336755168E2,1.893000126E0,1.345305061E1,-8.149500489E-1
1.336779604E2,2.580000162E0,1.458600044E1,3.019950151E0
1.336804039E2,2.322000027E0,1.228305054E1,2.734950066E0
1.336828475E2,2.061000109E0,1.096605015E1,-4.459500313E-1
1.336852909E2,1.543950081E0,1.306095028E1,-2.562000036E0
1.336877346E2,4.714050293E0,1.264905071E1,1.129050016E0
1.336901780E2,2.443950176E0,9.072000504E0,-4.035000324E0
1.336926216E2,4.447950363E0,1.015605068E1,-4.132950306E0
1.336950651E2,5.580000401E0,1.265100098E1,-1.136100101E1
1.336975087E2,1.311000109E0,1.024305058E1,-8.452050209E0
1.336999522E2,1.438050032E0,1.140900040E1,-3.793050289E0
1.337023958E2,3.301050186E0,1.297200108E1,-4.756050110E0
1.337048393E2,1.426050067E0,1.023300076E1,-2.689500153E-1
1.337072829E2,8.134950638E0,1.144200039E1,-1.759950042E0
1.337097263E2,6.298950195E0,1.234005070E1,-8.710950851E0
1.337121699E2,1.957950115E0,6.025950432E0,-5.119050026E0
1.337146134E2,1.612950087E0,8.479949951E0,7.890000343E-1
1.337170570E2,3.628950119E0,1.085595036E1,-3.601050138E0
1.337195005E2,9.450000525E-1,3.952950239E0,-6.075000286E0
1.337219441E2,7.219500542E-1,7.080000401E0,2.943000078E0
1.337243875E2,8.104050636E0,6.007050514E0,-1.894050121E0
1.337268309E2,6.540000439E0,3.855000257E0,-8.638950348E0
1.337292746E2,2.749950171E0,7.894050598E0,-5.940000415E-1
1.337317180E2,7.228050232E0,6.201000214E0,-3.958050251E0
1.337341617E2,3.255000114E0,7.834050179E0,-8.589000702E0
1.337366053E2,5.037000179E0,1.020405006E1,-4.923000336E0
1.337390488E2,1.206600094E1,7.468050480E0,-7.039950371E0
1.337414924E2,4.668000221E0,6.543000221E0,-1.308000088E1
1.337439358E2,-5.170500278E-1,7.458000183E0,-1.039200020E1
1.337463793E2,7.101000309E0,6.715950489E0,-5.706000328E0
1.337488229E2,8.865000725E0,3.883050203E0,-8.296950340E0
1.337512663E2,1.500000060E-1,6.778050423E0,-3.316950083E0
1.337537099E2,8.149050713E0,6.979050159E0,1.143000007E0
1.337561536E2,9.265050888E0,6.625050545E0,-5.491050243E0
1.337585971E2,-1.219500080E-1,7.204050541E0,-3.024000168E0
1.337610405E2,2.431950092E0,7.456050396E0,1.693950057E0
1.337634841E2,5.178000450E0,5.908950329E0,-4.116000175E0
1.337659275E2,2.017950058E0,8.155050278E0,-1.542000055E0
1.337683712E2,1.078500080E1,6.958050251E0,-5.782950401E0
1.337708147E2,7.443000317E0,4.494000435E0,-1.210800076E1
1.337732583E2,-1.513050079E0,7.963050365E0,-6.807000160E0
1.337757017E2,-9.139500260E-1,6.931050301E0,2.158050060E0
1.337781453E2,4.096050262E0,5.743950367E0,-6.570000052E-1
1.337805888E2,2.085000038E0,5.164050102E0,-4.189500213E-1
1.337830324E2,5.640000105E-1,6.634050369E0,3.286050081E0
1.337854759E2,4.417050362E0,6.637050152E0,2.809050083E0
1.337879195E2,3.279000044E0,4.981950283E0,-1.368000031E0
1.337903630E2,1.183950067E0,4.006050110E0,-1.375050068E0
1.337928066E2,3.010950089E0,5.811000347E0,2.196000099E0
1.337952500E2,2.128050089E0,5.875050068E0,-5.800500512E-1
1.337976936E2,3.556950092E0,9.028950691E0,-1.500000060E-2
1.338001371E2,1.010100079E1,8.488050461E0,-4.930050373E0
1.338025807E2,3.400950193E0,4.165950298E0,-8.946000099E0
1.338050242E2,7.459500432E-1,6.184050083E0,-4.246050358E0
1.338074678E2,5.077050209E0,8.016000748E0,-4.453950405E0
1.338099113E2,3.001950026E0,4.743000031E0,-5.830950260E0
1.338123549E2,-1.339500099E-1,4.980000019E0,2.280000210E0
1.338147983E2,5.242950439E0,8.611950874E0,1.177050114E0
1.338172420E2,3.283950090E0,7.377000332E0,-3.610950232E0
1.338196853E2,2.322000027E0,6.922050476E0,3.705000132E-2
1.338221288E2,5.797950268E0,9.802050591E0,-2.095050097E0
1.338245725E2,3.397050142E0,9.421050072E0,-4.882050037E0
1.338270161E2,2.472000122E0,1.324305058E1,-1.672050118E0
1.338294596E2,7.066950321E0,1.491600037E1,-8.124000549E0
1.338319032E2,3.520950079E0,9.169950485E0,-1.007100010E1
1.338343466E2,-2.059500068E-1,1.192095089E1,-2.823000193E0
1.338367900E2,2.188050032E0,1.156395054E1,-2.880000174E-1
1.338392336E2,3.531000137E0,8.406000137E0,-4.612050056E0
1.338416771E2,1.632000089E0,1.013700008E1,-1.641000032E0
1.338441207E2,5.808000088E0,1.039605045E1,-1.729500145E-1
1.338465642E2,6.648000240E0,1.102095032E1,-7.303050518E0
1.338490078E2,2.025000095E0,1.049595070E1,-5.019000053E0
1.338514515E2,1.749000072E0,1.129905033E1,-6.469500065E-1
1.338538948E2,3.901950121E0,1.174905014E1,-4.996950150E0
1.338563383E2,2.326050043E0,1.192605019E1,-3.529950142E0
1.338587819E2,7.366050243E0,1.236600018E1,-5.446950436E0
1.338612254E2,1.052700043E1,1.019205093E1,-1.270005035E1
1.338636690E2,2.602050066E0,1.036005020E1,-6.778950214E0
1.338661125E2,1.249050021E0,9.397050858E0,2.188950062E0
1.338685561E2,4.326000214E0,9.337950706E0,6.105000153E-2
1.338709995E2,1.543950081E0,6.256050110E0,-1.510950089E0
1.338734432E2,2.937000036E0,8.574000359E0,3.649950266E0
1.338758866E2,8.518050194E0,9.169950485E0,-5.332950115E0
1.338783302E2,3.480000257E0,7.405050278E0,-6.819000244E0
1.338807737E2,7.369500399E-1,1.031400013E1,-9.270000458E-1
1.338832173E2,4.852050304E0,1.063995075E1,-1.993050098E0
1.338856608E2,2.386050224E0,9.876000404E0,-2.134050131E0
1.338881044E2,5.190000057E0,1.412895107E1,-1.042050004E0
1.338905478E2,1.164300060E1,1.128900051E1,-9.991950035E0
1.338929912E2,4.459950447E0,9.478950500E0,-1.068105030E1
1.338954349E2,-4.450500309E-1,1.110000038E1,-3.606000185E0
1.338978785E2,4.168050289E0,9.283050537E0,-1.861050129E0
1.339003220E2,5.302950382E0,7.342950344E0,-6.199050426E0
1.339027656E2,1.381050110E0,7.896000385E0,-3.379500210E-1
1.339052091E2,6.370050430E0,8.446949959E0,-8.100000620E-1
1.339076527E2,7.656000137E0,5.731950283E0,-8.038050652E0
1.339100961E2,9.259500504E-1,5.526000500E0,-4.341000080E0
1.339125395E2,3.634050131E0,6.370950222E0,-1.594950080E0
1.339149832E2,4.441050053E0,5.715000153E0,-5.526000500E0
1.339174266E2,2.832000017E0,5.944950104E0,-3.750000238E0
1.339198702E2,4.438050270E0,1.039800072E1,-2.473950148E0
1.339223139E2,5.002950191E0,4.582950115E0,-5.187000275E0
1.339247574E2,-3.400500119E-1,4.489050388E0,-2.526000023E0
1.339272010E2,-1.909500062E-1,5.301000118E0,3.331050158E0
1.339296444E2,6.526050091E0,1.678050041E0,-2.076000214E0
1.339320878E2,4.486050129E0,-8.869500160E-1,-3.396000147E0
1.339345315E2,4.519950390E0,4.173000336E0,1.822950125E0
1.339369749E2,7.480950356E0,4.594950199E0,-3.550950050E0
1.339394185E2,1.723050117E0,2.758050203E0,-4.303050041E0
1.339418620E2,5.760000348E-1,6.594000340E0,2.059950113E0
1.339443056E2,2.647050142E0,6.313950062E0,-1.390500069E-1
1.339467491E2,1.654050112E0,5.928000450E0,-1.432050109E0
1.339491927E2,7.990950584E0,1.033605003E1,-2.779950142E0
1.339516361E2,9.801000595E0,7.420050144E0,-1.100505066E1
1.339540797E2,1.227000117E0,6.133950233E0,-9.685050011E0
1.339565232E2,4.519500136E-1,7.543950558E0,-2.779950142E0
1.339589668E2,4.062000275E0,7.477050304E0,-2.160000086E0
1.339614103E2,1.939050078E0,5.728950500E0,-1.305000067E0
1.339638539E2,-4.570500255E-1,8.689050674E0,1.456950068E0
1.339662973E2,4.900050163E0,9.727950096E0,2.224950075E0
1.339687410E2,4.435950279E0,7.699950218E0,-7.012950420E0
1.339711844E2,1.105050087E0,8.452050209E0,-3.211050034E0
1.339736280E2,2.875050068E0,1.071705055E1,-4.372050285E0
1.339760715E2,1.680000067E0,1.014705086E1,-4.351050377E0
1.339785151E2,1.536000013E0,1.342200089E1,3.550500274E-1
1.339809586E2,8.062950134E0,1.376700020E1,-5.296950340E0
1.339834020E2,4.383000374E0,9.582000732E0,-7.312950134E0
1.339858456E2,-2.629500031E-1,1.034295082E1,-6.400500536E-1
1.339882890E2,3.217050076E0,1.161705017E1,-5.595000088E-2
1.339907327E2,2.566050053E0,8.554950714E0,-4.966050148E0
1.339931763E2,-5.205000192E-2,8.928000450E0,2.380500138E-1
1.339956198E2,4.953000069E0,1.232595062E1,9.490500689E-1
1.339980634E2,5.002950191E0,1.051605034E1,-5.613000393E0
1.340005069E2,1.371000051E0,1.008195019E1,-1.506000042E0
1.340029503E2,3.804000139E0,1.156005096E1,-5.080500245E-1
1.340053939E2,3.556950092E0,1.156200027E1,-4.648050308E0
1.340078374E2,2.013000011E0,1.303200054E1,-1.186050057E0
1.340102810E2,8.511000633E0,1.213695049E1,-7.213950157E0
1.340127244E2,7.399950504E0,8.824950218E0,-1.405305099E1
1.340151680E2,1.363950014E0,7.698000431E0,-8.839950562E0
1.340176115E2,2.839050055E0,7.573050499E0,-3.079950094E0
1.340200551E2,6.109050274E0,7.719000340E0,-6.727950096E0
1.340224986E2,1.591050029E0,4.525050163E0,-4.942050457E0
1.340249422E2,1.693950057E0,8.454000473E0,2.388000011E0
1.340273857E2,7.258950233E0,5.233950138E0,-3.463050127E0
1.340298293E2,3.370050192E0,3.622050285E0,-4.000950336E0
1.340322727E2,-1.053000093E0,5.409000397E0,1.248000026E0
1.340347164E2,5.022000313E0,3.690000057E0,1.132950068E0
1.340371598E2,5.473050117E0,2.935050249E0,-4.066050053E0
1.340396034E2,6.756000519E0,7.096950531E0,-2.683950186E0
1.340420469E2,8.853000641E0,4.999050140E0,-2.526000023E0
1.340444905E2,5.391000271E0,4.177950382E0,-5.026050091E0
1.340469340E2,9.469500184E-1,7.942050457E0,-8.584050179E0
1.340493776E2,5.973000050E0,5.787000179E0,-9.444000244E0
1.340518210E2,4.500000000E0,2.743950129E0,-1.108095074E1
1.340542644E2,1.270950079E0,5.172000408E0,-6.070050240E0
1.340567081E2,7.234950542E0,4.621050358E0,-2.749050140E0
1.340591515E2,5.524950027E0,3.697050095E0,-3.999000072E0
1.340615952E2,7.249500155E-1,4.177950382E0,2.770950079E0
1.340640388E2,1.996050119E0,5.185950279E0,3.961050272E0
1.340664823E2,3.267000198E0,6.277950287E0,3.420000076E0
1.340689259E2,6.460950375E0,9.862050056E0,-4.530000091E-1
1.340713693E2,1.062300014E1,9.211050034E0,-9.478950500E0
1.340738127E2,3.492000103E0,6.487950325E0,-1.117500019E1
1.340762563E2,5.929500461E-1,9.376049995E0,-4.123050213E0
1.340786998E2,3.313050270E0,9.951000214E0,-2.710950136E0
1.340811434E2,2.560950041E0,7.899000168E0,-2.042999983E0
1.340835869E2,6.769500375E-1,1.128195095E1,1.021050096E0
1.340860305E2,2.149049997E0,1.320705032E1,3.850950241E0
1.340884740E2,3.042000055E0,1.177500057E1,2.722950220E0
1.340909176E2,1.431000113E0,9.016950607E0,-1.698000073E0
1.340933610E2,1.395000100E0,1.297695065E1,1.590000093E-1
1.340958046E2,5.130000114E0,1.505805111E1,-3.634950161E0
1.340982481E2,4.383000374E0,1.614000130E1,-2.014050007E0
1.341006917E2,1.070595074E1,1.815795135E1,-9.151050568E0
1.341031352E2,4.632000446E0,1.461000061E1,-1.070505047E1
1.341055788E2,2.070000172E-1,1.444200039E1,-3.685050249E0
1.341080223E2,2.865000248E0,1.742805099E1,-3.205950260E0
1.341104659E2,2.554050207E0,1.257195091E1,-3.478950262E0
1.341129093E2,2.190000117E-1,8.598000526E0,-1.303050041E0
1.341153530E2,3.399000168E0,1.156200027E1,-5.250000358E-1
1.341177964E2,4.825950146E0,1.038600063E1,-5.119050026E0
1.341202400E2,3.673950195E0,7.036950111E0,-4.894050121E0
1.341226835E2,4.492950439E0,7.417050362E0,-2.023950100E0
1.341251271E2,4.251000404E0,7.075050354E0,-2.176950216E0
1.341275706E2,2.989950180E0,5.671950340E0,1.675050020E0
1.341300142E2,3.612000227E0,7.353000164E0,4.510500133E-1
1.341324577E2,3.652950287E0,7.374000549E0,-5.304000378E0
1.341349013E2,6.720000505E-1,2.476050138E0,-2.134050131E0
1.341373447E2,-5.359500051E-1,6.385050297E0,4.459050179E0
1.341397884E2,3.154950142E0,5.167050362E0,-8.220000267E-1
1.341422318E2,2.791050196E0,4.669500291E-1,-4.051949978E0
1.341446752E2,4.747050285E0,7.789050579E0,2.809500098E-1
1.341471188E2,1.058700085E1,4.935000420E0,-4.444050312E0
1.341495623E2,5.251950264E0,3.057000160E0,-8.299050331E0
1.341520059E2,4.438050270E0,9.055050850E0,-4.516050339E0
1.341544494E2,7.294950485E0,5.269950390E0,-5.584050179E0
1.341568930E2,3.049950123E0,8.626950264E0,-6.333000183E0
1.341593364E2,7.474050522E0,1.057995033E1,-1.708050132E0
1.341617800E2,1.049595070E1,8.610000610E0,-8.818950653E0
1.341642235E2,9.900000691E-1,8.113950729E0,-1.122495079E1
1.341666671E2,7.579500079E-1,1.061895084E1,-3.103050232E0
1.341691106E2,6.622050285E0,7.342950344E0,-4.981050014E0
1.341715542E2,2.872050047E0,7.044000149E0,-3.858000278E0
1.341739977E2,1.500000119E0,1.107300091E1,4.030950069E0
1.341764413E2,7.678050518E0,1.088700008E1,-3.786000252E0
1.341788847E2,2.772000074E0,9.544050217E0,-7.353000164E0
1.341813284E2,2.910000086E-1,1.073295021E1,-3.442950249E0
1.341837718E2,4.594050407E0,8.904000282E0,-7.240950108E0
1.341862154E2,2.619000196E0,9.472050667E0,-6.666000366E0
1.341886589E2,5.524950027E0,1.246695042E1,-2.245950222E0
1.341911025E2,1.150905037E1,1.019505024E1,-8.383049965E0
1.341935460E2,3.391950130E0,8.227050781E0,-7.642950535E0
1.341959896E2,2.460000068E-1,1.080300045E1,4.219500124E-1
1.341984331E2,6.129000187E0,9.073950768E0,-2.242050171E0
1.342008767E2,3.282000065E0,5.059050083E0,-5.530950069E0
1.342033201E2,1.990950108E0,8.932950020E0,1.624050021E0
1.342057637E2,8.836950302E0,9.181950569E0,-2.935950041E0
1.342082072E2,5.908050060E0,7.827000141E0,-7.011000156E0
1.342106508E2,8.710500598E-1,8.890050888E0,-3.550500274E-1
1.342130942E2,3.217050076E0,8.763000488E0,1.300500035E-1
1.342155377E2,2.737950087E0,8.976000786E0,-2.328000069E0
1.342179813E2,2.298000097E0,1.327395058E1,4.459500313E-1
1.342204248E2,9.471000671E0,1.180905056E1,-4.156949997E0
1.342228684E2,3.078000069E0,8.566950798E0,-6.994050503E0
1.342253118E2,2.805000171E-2,1.084605026E1,-8.460000157E-1
1.342277554E2,1.555050015E0,1.100595093E1,-4.669500291E-1
1.342301989E2,2.008050203E0,8.341950417E0,-1.861050129E0
1.342326425E2,3.540000021E-1,7.276050568E0,7.620000243E-1
1.342350860E2,1.732950091E0,9.787950516E0,2.383050203E0
1.342375296E2,4.876049995E0,9.490950584E0,-3.901050091E0
1.342399731E2,2.323950052E0,6.852000237E0,-1.887000084E0
1.342424167E2,6.892050266E0,7.333950520E0,-3.819000244E0
1.342448602E2,4.756950378E0,7.699950218E0,-5.899950504E0
1.342473038E2,3.399000168E0,9.759000778E0,-8.895000070E-2
1.342497472E2,8.761950493E0,1.231605053E1,-4.003950119E0
1.342521908E2,4.771050453E0,7.125000477E0,-8.589000702E0
1.342546343E2,1.279500127E-1,7.563000202E0,-1.566000104E0
1.342570779E2,2.338050127E0,9.639000893E0,-5.200500488E-1
1.342595214E2,2.152050018E0,6.876000404E0,-3.063000202E0
1.342619650E2,-4.020000100E-1,6.330000401E0,9.439500570E-1
1.342644085E2,4.635000229E0,8.503950119E0,1.741950035E0
1.342668521E2,7.132050514E0,7.639950275E0,-6.100950241E0
1.342692955E2,6.499500275E-1,8.646000862E0,-3.661050081E0
1.342717392E2,2.190000057E0,8.956950188E0,-1.498950124E0
1.342741826E2,4.579050064E0,7.474950314E0,-6.688050270E0
1.342766262E2,2.923050165E0,9.835950851E0,-4.585950375E0
1.342790697E2,1.082400036E1,1.091505051E1,-7.564050198E0
1.342815131E2,8.716950417E0,7.956000328E0,-1.474200058E1
1.342839567E2,-2.659500241E-1,1.051305008E1,-7.327050209E0
1.342864002E2,5.218950272E0,1.002195072E1,-2.677050114E0
1.342888438E2,8.824950218E0,6.615000248E0,-8.332950592E0
1.342912875E2,1.675050020E0,8.171999931E0,-4.495050430E0
1.342937309E2,8.764950752E0,9.402000427E0,-5.779500008E-1
1.342961746E2,1.022295094E1,8.072999954E0,-8.083950043E0
1.342986179E2,1.462050080E0,8.797050476E0,-7.369950294E0
1.343010614E2,4.768950462E0,9.583950043E0,-1.641000032E0
1.343035050E2,7.945950508E0,7.318950176E0,-5.773050308E0
1.343059485E2,2.737950087E0,1.039605045E1,-1.720050097E0
1.343083921E2,1.024695015E1,1.110000038E1,-2.505000114E0
1.343108356E2,8.932050705E0,8.076000214E0,-1.210395050E1
1.343132792E2,-1.429050088E0,1.044405079E1,-5.505000114E0
1.343157226E2,4.780500233E-1,9.153000832E0,2.790000141E-1
1.343181663E2,5.554050446E0,5.787000179E0,-4.878000259E0
1.343206097E2,6.049500108E-1,4.870050430E0,-2.275050163E0
1.343230533E2,1.752000093E0,8.076000214E0,3.850950241E0
1.343254968E2,6.580950260E0,6.538950443E0,-2.184000015E0
1.343279404E2,2.239950180E0,5.473050117E0,-4.819500148E-1
1.343303839E2,1.024049997E0,7.326000214E0,2.509950161E0
1.343328275E2,2.607000113E0,6.022050381E0,1.654950023E0
1.343352710E2,1.723050117E0,6.646050453E0,-2.625000238E0
1.343377146E2,2.437050104E0,1.091505051E1,2.082000017E0
1.343401580E2,5.683050156E0,7.681050301E0,-2.164950132E0
1.343426016E2,1.024049997E0,4.777050018E0,-3.739950180E0
1.343450451E2,1.582050085E0,7.020000458E0,8.505000174E-2
1.343474887E2,4.645950317E0,7.305000305E0,-4.528050423E0
1.343499321E2,1.939050078E0,3.301950216E0,-3.657000065E0
1.343523756E2,3.532950163E0,7.048950195E0,2.083950043E0
1.343548192E2,8.524950027E0,1.003200054E1,-3.586950064E0
1.343572629E2,2.653950214E0,6.625050545E0,-4.312950134E0
1.343597063E2,2.020050049E0,8.500050545E0,-1.798950076E0
1.343621499E2,4.054950237E0,8.631000519E0,-5.605950356E0
1.343645933E2,2.085000038E0,7.726050377E0,-4.674000263E0
1.343670368E2,6.157050133E0,1.195695019E1,-4.597949982E0
1.343694804E2,7.728000164E0,8.064000130E0,-1.147605038E1
1.343719239E2,1.584000111E0,6.697050095E0,-1.067400074E1
1.343743675E2,-2.059050083E0,8.677050591E0,-3.430950165E0
1.343768110E2,2.680950165E0,5.932950497E0,-2.680050135E0
1.343792546E2,2.026950121E0,3.784950256E0,-5.421000481E0
1.343816980E2,1.749000072E0,7.402950287E0,3.889050245E0
1.343841416E2,8.467950821E0,6.237000465E0,1.603050113E0
1.343865851E2,7.735050201E0,5.740950108E0,-5.260950089E0
1.343890287E2,7.060500383E-1,8.950050354E0,-3.973050117E0
1.343914722E2,5.845950127E0,6.675000191E0,-6.028950214E0
1.343939158E2,4.246950150E0,7.446000576E0,-9.016950607E0
1.343963592E2,6.415950298E0,9.826050758E0,-2.827950239E0
1.343988029E2,1.093200016E1,8.820000648E0,-6.040950298E0
1.344012463E2,3.835050106E0,8.476050377E0,-5.566950321E0
1.344036899E2,1.210500076E-1,1.062105083E1,7.995000482E-2
1.344061334E2,4.237050056E0,9.225000381E0,-1.252950072E0
1.344085770E2,4.036050320E0,7.602000237E0,-4.887000084E0
1.344110205E2,2.137050152E0,9.639000893E0,1.833000064E0
1.344134641E2,6.957000256E0,1.212705040E1,-3.766950130E0
1.344159075E2,2.832000017E0,9.606000900E0,-4.722000122E0
1.344183512E2,1.903050065E0,9.726000786E0,2.430000156E-1
1.344207945E2,3.543000221E0,1.115205097E1,-4.248000145E0
1.344232380E2,2.487000227E0,1.022805023E1,-4.602000237E0
1.344256816E2,3.667050123E0,1.376505089E1,-2.400000095E0
1.344281253E2,8.647050858E0,1.254105091E1,-9.736050606E0
1.344305688E2,2.731050014E0,9.508050919E0,-9.265950203E0
1.344330122E2,-1.200000048E-1,8.980950356E0,-2.385000229E0
1.344354558E2,2.596950054E0,9.112950325E0,-2.458950043E0
1.344378992E2,2.134950161E0,6.112950325E0,-5.758950233E0
1.344403428E2,9.430500269E-1,3.132000208E0,-2.122050047E0
1.344427863E2,6.709950447E0,5.497050285E0,-2.416050196E0
1.344452299E2,6.109050274E0,2.380050182E0,-8.986050606E0
1.344476734E2,1.174950004E0,4.372050285E0,-1.236000061E0
1.344501170E2,2.881950140E0,4.104000092E0,3.430050135E0
1.344525605E2,2.848050117E0,2.964000225E0,5.419500470E-1
1.344550041E2,3.913950205E0,8.245950699E0,2.344950199E0
1.344574475E2,7.041000366E0,7.944000244E0,1.906950116E0
1.344598912E2,4.897950172E0,2.497050047E0,-5.650950432E0
1.344623346E2,-1.597050071E0,7.723950386E0,-7.717050552E0
1.344647782E2,2.166000128E0,6.364050388E0,-4.462950230E0
1.344672217E2,6.025950432E0,1.864950061E0,-9.678000450E0
1.344696653E2,-3.010500073E-1,3.619950056E0,-3.736050129E0
1.344721087E2,6.004050255E0,5.773050308E0,3.220950127E0
1.344745524E2,9.849000931E0,4.021950245E0,-4.561950207E0
1.344769958E2,2.389050007E0,6.352050304E0,-2.875950098E0
1.344794394E2,5.892000198E0,6.271050453E0,-4.549500346E-1
1.344818828E2,4.291950226E0,5.715000153E0,-7.308000565E0
1.344843265E2,2.511000156E0,1.074795055E1,-2.026050091E0
1.344867699E2,1.067505074E1,8.690999985E0,-5.361000061E0
1.344892134E2,6.202950478E0,7.282950401E0,-1.097100067E1
1.344916570E2,-4.305000231E-2,1.085595036E1,-5.650950432E0
1.344941004E2,2.070000172E-1,1.032405090E1,6.690000296E-1
1.344965441E2,1.881000042E0,8.690999985E0,2.670000196E-1
1.344989875E2,2.014950037E0,9.601050377E0,7.669500113E-1
1.345014311E2,2.254950047E0,1.270905018E1,1.195950031E0
1.345038746E2,4.335000038E0,1.212705040E1,2.095950127E0
1.345063182E2,1.708950043E0,9.205950737E0,-3.379500210E-1
1.345087617E2,1.030950069E0,9.274950027E0,-2.104950190E0
1.345112053E2,3.925950289E0,1.293105030E1,-3.016950130E0
1.345136487E2,3.610050201E0,1.280205059E1,-5.347050190E0
1.345160924E2,9.042000771E0,1.396800041E1,-8.680050850E0
1.345185358E2,6.217050076E0,1.193505096E1,-1.075305080E1
1.345209794E2,2.670000196E-1,1.198605061E1,-5.890050411E0
1.345234229E2,7.030500174E-1,1.153095055E1,1.702950120E0
1.345258665E2,2.716950178E0,1.250805092E1,-2.067000151E0
1.345283100E2,7.650000453E-1,6.804000378E0,-1.971000075E0
1.345307536E2,2.097000122E0,6.385050297E0,2.553000212E0
1.345331971E2,7.350000381E0,8.908950806E0,-6.798000336E0
1.345356407E2,2.925000191E0,5.559000492E0,-7.389000416E0
1.345380841E2,3.034950256E0,7.360050201E0,-3.148950100E0
1.345405277E2,3.940050125E0,6.547950268E0,-3.810000181E0
1.345429712E2,1.917000055E0,8.204999924E0,-1.080000028E-1
1.345454148E2,4.417050362E0,1.263900089E1,-1.048950076E0
1.345478582E2,7.864050388E0,5.482950211E0,-1.003005028E1
1.345503017E2,2.282999992E0,8.026050568E0,-6.987000465E0
1.345527453E2,2.805000171E-2,7.591950417E0,-1.741050124E0
1.345551890E2,4.261050224E0,5.277000427E0,-2.673000097E0
1.345576324E2,2.578050137E0,3.067050219E0,-3.937050104E0
1.345600758E2,3.421050072E0,5.197950363E0,3.219000101E0
1.345625195E2,9.118950844E0,5.121000290E0,3.619500101E-1
1.345649629E2,5.331000328E0,3.091050148E0,-6.529950142E0
1.345674065E2,5.040000081E-1,5.527950287E0,-5.770950317E0
1.345698500E2,5.266950130E0,4.621050358E0,-6.172950268E0
1.345722936E2,2.278950214E0,4.705049992E0,-7.657050133E0
1.345747370E2,5.326050282E0,7.678050518E0,-4.936950207E0
1.345771807E2,8.965950012E0,4.743000031E0,-3.127050161E0
1.345796241E2,2.391000032E0,3.721050262E0,-4.882050037E0
1.345820677E2,2.580000162E-1,5.320050240E0,-6.778950214E0
1.345845112E2,8.391000748E0,2.052000046E0,-5.248950481E0
1.345869548E2,4.150950432E0,-5.640000105E-1,-5.419050217E0
1.345893983E2,5.329500437E-1,4.671000004E0,7.620000243E-1
1.345918419E2,8.014950752E0,4.264050007E0,2.167950153E0
1.345942854E2,4.180050373E0,4.669050217E0,-3.522000074E0
1.345967290E2,-3.130500019E-1,6.912000179E0,-1.621050119E0
1.345991724E2,4.125000000E0,6.262950420E0,-2.089500129E-1
1.346016161E2,2.880000114E0,6.985950470E0,-3.891000271E0
1.346040595E2,4.480950356E0,1.134405041E1,-8.599500656E-1
1.346065031E2,8.494050026E0,1.070205021E1,-6.297000408E0
1.346089466E2,1.905000091E0,9.250950813E0,-6.304950237E0
1.346113902E2,3.100500107E-1,1.110900021E1,9.900000691E-2
1.346138336E2,2.329050064E0,1.151400089E1,1.060500070E-1
1.346162770E2,2.503950119E0,9.040950775E0,-1.909050107E0
1.346187207E2,9.430500269E-1,9.733050346E0,-1.780500114E-1
1.346211641E2,4.785000324E0,1.288605022E1,6.330000162E-1
1.346236078E2,2.902950048E0,1.088205051E1,-4.902000427E0
1.346260514E2,1.395000100E0,9.406949997E0,-2.227050066E0
1.346284949E2,2.832000017E0,1.169595051E1,-3.702000141E0
1.346309383E2,2.757000208E0,1.263195038E1,-2.296950102E0
1.346333819E2,7.369500399E-1,1.477005100E1,-1.234050035E0
1.346358254E2,5.743050098E0,1.677705002E1,3.150000274E-1
1.346382690E2,3.373050213E0,1.293900108E1,-3.295050144E0
1.346407125E2,8.470500112E-1,1.190205097E1,-1.708050132E0
1.346431561E2,3.157050133E0,1.483695030E1,3.400950193E0
1.346455995E2,2.653950214E0,1.254795074E1,-1.365000010E0
1.346480431E2,-7.489500642E-1,7.606950283E0,-3.196950197E0
1.346504866E2,-5.700000525E-1,1.135395050E1,4.114050388E0
1.346529302E2,2.749950171E0,1.170600033E1,3.097050190E0
1.346553737E2,9.210000634E-1,8.557050705E0,-2.959950209E0
1.346578173E2,6.876000404E0,8.550000191E0,-2.008949995E0
1.346602608E2,3.624000072E0,9.679950714E0,-6.142050266E0
1.346627044E2,3.636000156E0,1.256805038E1,-1.264950037E0
1.346651478E2,6.979050159E0,1.349895096E1,-5.062050343E0
1.346675915E2,4.432950020E0,8.956950188E0,-8.055000305E0
1.346700349E2,1.210950017E0,8.890050888E0,-1.341000080E0
1.346724785E2,2.788950205E0,9.567000389E0,-4.960500300E-1
1.346749220E2,3.214950085E0,6.259050369E0,-6.594000340E0
1.346773654E2,1.548000097E0,4.060950279E0,-5.251050472E0
1.346798091E2,3.492000103E0,7.747950554E0,-4.279050350E0
1.346822525E2,6.994950294E0,4.705049992E0,-1.018305016E1
1.346846962E2,1.443000078E0,6.229950428E0,-5.622000217E0
1.346871395E2,2.733000040E0,7.333950520E0,1.215000033E0
1.346895832E2,4.579050064E0,3.922050238E0,-5.220000148E-1
1.346920266E2,3.639000177E0,7.711950302E0,-1.554000020E0
1.346944702E2,7.929000378E0,7.912950516E0,-2.064000130E0
1.346969137E2,8.602050781E0,2.551950216E0,-4.237950325E0
1.346993573E2,1.761000037E0,4.425000191E0,-6.637050152E0
1.347018008E2,5.881950378E0,2.629050016E0,-1.015695095E1
1.347042444E2,9.049950600E0,-7.369500399E-1,-1.231905079E1
1.347066879E2,3.696000099E0,-1.045050025E0,-1.001295090E1
1.347091315E2,6.409050465E0,1.828950047E0,-2.716050148E0
1.347115749E2,1.064700031E1,1.867050052E0,-2.188950062E0
1.347140186E2,4.438050270E0,9.430500269E-1,-3.430950165E0
1.347164620E2,3.981000185E0,3.028950214E0,-5.541000366E0
1.347189056E2,5.700000286E0,1.924950123E0,-6.144000053E0
1.347213491E2,3.628950119E0,3.747000217E0,-8.409000397E0
1.347237927E2,6.351000309E0,7.233000278E0,-6.268950462E0
1.347262361E2,5.571000099E0,5.184000015E0,-5.304000378E0
1.347286798E2,-2.299500108E-1,5.337000370E0,-6.058050156E0
1.347311232E2,2.307000160E0,6.792000294E0,-1.016700077E1
1.347335669E2,7.369050503E0,4.422000408E0,-8.935950279E0
1.347360103E2,2.869500220E-1,3.394950151E0,-5.859000206E0
1.347384539E2,-1.621050119E0,7.753050327E0,4.246050358E0
1.347408973E2,3.660000086E0,8.370000839E0,6.801000118E0
1.347433408E2,5.638050079E0,8.586000443E0,5.398050308E0
1.347457844E2,5.752950191E0,1.097805023E1,4.819500148E-1
1.347482279E2,5.370000362E0,1.004595089E1,4.432950020E0
1.347506716E2,4.038000107E0,9.663000107E0,1.939950109E0
1.347531150E2,3.576000214E0,1.595295048E1,-2.881050110E0
1.347555586E2,4.375950336E0,1.529700089E1,5.935950279E0
1.347580020E2,2.190000057E0,9.844950676E0,1.231950045E0
1.347604457E2,2.652000189E0,1.054905033E1,-3.123000145E0
1.347628891E2,2.379000187E0,1.249800014E1,-1.044195080E1
1.347653327E2,-1.000500023E-1,8.512050629E0,-6.087000370E0
1.347677762E2,1.605000161E-2,8.968950272E0,-3.949050188E0
1.347702198E2,1.030950069E0,1.516305065E1,-3.886050224E0
1.347726633E2,1.090950012E0,1.203600025E1,-2.529000044E0
1.347751069E2,1.126950026E0,8.911050797E0,-4.290000200E-1
1.347775504E2,2.824050188E0,1.102305031E1,9.390000701E-1
1.347799940E2,1.258950114E0,1.036200047E1,1.600050092E0
1.347824374E2,2.317050219E0,1.501200104E1,2.175000191E0
1.347848810E2,6.969000340E0,1.245705032E1,-9.100500345E-1
1.347873244E2,1.468950033E0,6.879000187E0,-2.730000019E0
1.347897679E2,5.734050274E0,1.109700012E1,-5.050050259E0
1.347922115E2,6.985950470E0,9.553050041E0,-9.333000183E0
1.347946552E2,6.070500016E-1,7.156050205E0,-5.778000355E0
1.347970986E2,2.499000072E0,9.462000847E0,-9.030000567E-1
1.347995423E2,6.789000511E0,1.142505074E1,-3.807000160E0
1.348019856E2,2.166000128E0,8.521050453E0,-4.308000088E0
1.348044291E2,3.615000248E0,9.499950409E0,-1.357950091E0
1.348068727E2,4.735050201E0,8.248050690E0,-4.468050003E0
1.348093162E2,2.029950142E0,4.957950115E0,-8.224950790E0
1.348117598E2,1.978950143E0,1.040295029E1,-1.063800049E1
1.348142033E2,4.263000011E0,4.185000420E0,-1.574295044E1
1.348166469E2,-7.420500517E-1,3.294000149E0,-8.395050049E0
1.348190903E2,-2.368050098E0,2.739000082E0,5.520000458E0
1.348215339E2,6.105000153E-2,4.305000231E-2,8.115000725E0
1.348239774E2,-8.430000544E-1,-5.260500312E-1,1.375050068E0
1.348264210E2,-2.053950071E0,-1.006950021E0,6.444000244E0
1.348288645E2,-2.458950043E0,-8.610000610E-1,8.625000000E0
1.348313081E2,1.069050074E0,-1.387950063E0,7.002000332E0
1.348337516E2,5.161050320E0,-2.865000248E0,-2.929050207E0
1.348361952E2,1.050105095E1,-4.534049988E0,-1.336800098E1
1.348386386E2,1.475805092E1,-6.442050457E0,-2.049600029E1
1.348410823E2,1.589205074E1,-5.302050114E0,-2.211195183E1
1.348435257E2,1.623495102E1,-4.480950356E0,-2.103705025E1
1.348459693E2,1.064205074E1,-3.724950075E0,-1.634100151E1
1.348484128E2,7.705950260E0,-2.587050200E0,-1.392105103E1
1.348508562E2,1.357500076E1,-1.861950040E0,-5.809050083E0
1.348532998E2,1.330200100E1,2.326950073E0,-1.706505013E1
1.348557433E2,1.151295090E1,8.703000069E0,-1.762005043E1
1.348581869E2,4.387950420E0,9.040950775E0,-1.435695076E1
1.348606306E2,-7.609500289E-1,2.209950209E0,-1.392000079E0
1.348630741E2,-2.389500141E-1,-7.095000148E-2,2.520000041E-1
1.348655174E2,-1.650000066E-1,-6.405000389E-2,2.550000250E-1
1.348679611E2,5.415000439E0,2.848500061E1,1.489500105E-1
1.348704045E2,3.622200012E1,7.319595337E1,2.132895088E1
1.348728481E2,4.180050373E0,1.221300030E1,5.010000467E-1
1.348752916E2,-2.460000068E-1,8.595000207E-2,1.489500105E-1
1.348777352E2,-1.720500141E-1,-1.090500057E-1,9.900000691E-2
1.348801787E2,-1.600500047E-1,-4.500000179E-2,2.160000056E-1
1.348826223E2,1.639500111E-1,-2.980500162E-1,2.500500083E-1
1.348850657E2,2.506050110E0,5.863950253E0,-1.537950039E0
1.348875093E2,1.735500145E1,4.962600327E1,-1.986105156E1
1.348899528E2,7.122000217E0,1.710900116E1,2.710500062E-1
1.348923964E2,-6.705000252E-2,1.050000042E-1,-4.800000042E-2
1.348948399E2,-1.269000053E0,3.438000202E0,-7.950000465E-3
1.348972835E2,-1.120995045E1,3.288495255E1,1.966950059E0
1.348997269E2,-2.695950031E0,6.595950127E0,4.290000200E-1
1.349021706E2,-7.663950443E0,1.590300083E1,7.240500450E-1
1.349046140E2,-3.655950069E0,8.554950714E0,1.171950102E0
1.349070576E2,-2.499000072E0,4.828950405E0,7.720500231E-1
1.349095011E2,-7.864950180E0,1.976700020E1,3.406050205E0
1.349119445E2,-3.820950270E0,1.079100037E1,1.060005093E1
1.349143881E2,-3.667950153E0,7.117950439E0,8.809050560E0
1.349168316E2,-6.807000160E0,1.384605026E1,2.970000029E0
1.349192752E2,-8.035050392E0,1.946295166E1,1.306050062E0
1.349217186E2,-6.916950226E0,1.726500130E1,8.290500641E-1
1.349241623E2,-6.469050407E0,1.578300095E1,5.320500135E-1
1.349266057E2,-4.732950211E0,1.449495029E1,1.590000093E-1
1.349290493E2,-5.325000286E0,2.702400208E1,-1.293000102E0
1.349314928E2,2.367000103E0,2.840100098E1,1.263000011E0
1.349339364E2,2.616000175E0,1.434600067E1,3.970950127E0
1.349363799E2,1.234950066E0,6.991050243E0,-7.695000619E-2
1.349388235E2,3.813000202E0,1.227300072E1,1.239000082E0
1.349412670E2,2.494995117E1,7.468050480E0,5.899500251E-1
1.349437106E2,4.783050060E0,1.317000031E0,-2.601000071E0
1.349461540E2,-2.595000155E-2,2.014050007E0,-1.207050085E0
1.349485976E2,2.745000124E0,1.127700043E1,-8.424000740E0
1.349510411E2,3.757950068E0,9.703950882E0,-1.044195080E1
1.349534847E2,6.088050365E0,6.340500116E-1,8.130000234E-1
1.349559282E2,1.384095097E1,3.886050224E0,3.003000259E0
1.349583716E2,3.085200119E1,1.199805069E1,-2.075895119E1
1.349608152E2,3.890205002E1,1.501050115E0,-3.144705200E1
1.349632589E2,7.849950314E0,3.565050125E0,-2.144895172E1
1.349657023E2,1.411950111E0,7.831950188E0,-1.470405102E1
1.349681459E2,5.379000187E0,1.354695034E1,-5.494950294E0
1.349705894E2,2.391000032E0,9.759000778E0,4.279950142E0
1.349730328E2,5.790000558E-1,5.380050182E0,1.246050000E0
1.349754764E2,1.045305061E1,9.922050476E0,7.530000210E-1
1.349779199E2,6.937950134E0,1.039395046E1,-6.637050152E0
1.349803635E2,7.132050514E0,6.816000462E0,-1.311900043E1
1.349828069E2,9.435000420E0,4.261950016E0,-1.965495110E1
1.349852505E2,1.618050098E0,6.145950317E0,-1.130400085E1
1.349876940E2,8.716950417E0,8.416049957E0,-7.866000175E0
1.349901376E2,8.383950233E0,8.233950615E0,-5.473950386E0
1.349925811E2,4.695000127E-2,3.438000202E0,-2.823000193E0
1.349950247E2,1.444950104E0,2.707950115E0,1.507050037E0
1.349974682E2,3.403950214E0,1.256295013E1,4.035000324E0
1.349999118E2,4.417050362E0,1.214895058E1,2.989050150E0
1.350023552E2,6.070500016E-1,5.416050434E0,-1.201950073E0
1.350047989E2,2.050500065E-1,6.366000175E0,4.819500148E-1
1.350072423E2,1.821000099E0,1.046295071E1,2.094000101E0
1.350096859E2,2.282999992E0,1.079595089E1,-1.900500059E-1
1.350121294E2,3.117000103E0,6.940950394E0,-3.000000026E-3
1.350145730E2,3.097050190E0,6.204000473E0,-3.511050224E0
1.350170165E2,3.126000166E0,1.090095043E1,-2.380050182E0
1.350194599E2,3.715050220E0,1.065195084E1,4.702950001E0
1.350219036E2,2.149049997E0,3.984000206E0,-1.417950034E0
1.350243469E2,1.065000057E0,5.758050442E0,-5.139000416E0
1.350267906E2,3.133050203E0,9.057000160E0,-3.349950075E0
1.350292342E2,2.665950060E0,4.651950359E0,-3.436050177E0
1.350316776E2,3.100500107E-1,8.260500431E-1,-8.599500656E-1
1.350341211E2,-1.789500117E-1,-1.759500057E-1,8.719500303E-1
1.350365647E2,-4.710000157E-1,-2.719500065E-1,3.726000071E0
1.350390082E2,-3.570000231E-1,-2.389500141E-1,2.500950098E0
1.350414518E2,-2.899500132E-1,-1.090500057E-1,1.339050055E0
1.350438952E2,-1.200000048E-1,-1.480500102E-1,2.119500041E-1
1.350463389E2,-2.220000178E-1,4.336050034E0,-1.135050058E0
1.350487823E2,-1.021950006E0,1.536405087E1,2.158050060E0
1.350512259E2,-7.399500608E-1,4.683000088E0,4.243950367E0
1.350536694E2,-2.466000080E0,4.245000362E0,3.151950121E0
1.350561130E2,-6.172050476E0,1.387200069E1,6.322050095E0
1.350585564E2,-9.910500646E-1,7.924950600E0,4.866000175E0
1.350610001E2,9.349500537E-1,9.787950516E0,1.357950091E0
1.350634435E2,4.146000385E0,1.419105053E1,1.224495029E1
1.350658871E2,4.843050003E0,1.026900005E1,1.208505058E1
1.350683305E2,4.342050076E0,7.165950298E0,8.115000725E0
1.350707742E2,1.612950087E0,4.494000435E0,1.093995094E1
1.350732177E2,1.220505047E1,1.386000037E0,1.845600128E1
1.350756613E2,3.773805237E1,1.401000023E0,-3.022395134E1
1.350781047E2,5.470395279E1,-6.102000237E0,-7.526505280E1
1.350805481E2,3.792900085E1,-2.776050091E0,-7.818600464E1
1.350829918E2,2.327895164E1,8.400000632E-2,-7.381200409E1
1.350854352E2,9.639000893E0,9.720000625E-1,-5.033595276E1
1.350878789E2,4.849500358E-1,2.029500157E-1,-5.287050247E0
1.350903223E2,-3.090000153E-1,-2.820000052E-1,-1.699500084E-1
1.350927659E2,-1.030500084E-1,-3.940500319E-1,-7.695000619E-2
1.350952094E2,-1.459500045E-1,-3.180000186E-1,6.599999964E-2
1.350976530E2,-2.220000178E-1,-3.529500067E-1,1.110000089E-1
1.351000965E2,1.601700020E1,6.570000172E0,1.552050114E0
1.351025401E2,1.088100052E1,3.352500153E1,1.264305019E1
1.351049836E2,2.247000217E0,1.233300018E1,4.354050159E0
1.351074272E2,-5.190000534E-1,6.270000339E-1,-2.205000073E-2
1.351098706E2,2.929950237E0,9.522000313E0,-6.640500426E-1
1.351123142E2,7.627050400E0,2.632500076E1,3.832050085E0
1.351147577E2,5.527950287E0,1.032900047E1,1.264950037E0
1.351172013E2,2.460000068E-1,2.100000158E-2,-7.980000377E-1
1.351196448E2,-1.510500014E-1,1.180050015E0,-5.490000248E-1
1.351220882E2,1.423950076E0,1.088400078E1,-1.143105030E1
1.351245318E2,4.105050087E0,9.955050468E0,-2.023950100E0
1.351269755E2,-5.220000148E-1,1.310595036E1,-7.339050293E0
1.351294189E2,-6.088050365E0,2.210595131E1,2.974950075E0
1.351318626E2,-1.957950115E0,6.180000305E0,6.693000317E0
1.351343060E2,-7.537050247E0,1.669305038E1,1.768050075E0
1.351367494E2,-4.201950073E0,1.084095097E1,9.109500647E-1
1.351391930E2,-5.526000500E0,1.277295017E1,3.697950125E0
1.351416365E2,-4.939050198E0,9.484050751E0,8.290500641E-1
1.351440801E2,-1.300050020E0,1.764000058E0,1.105050087E0
1.351465236E2,-9.139500260E-1,5.389500260E-1,6.505950451E0
1.351489672E2,-1.486950040E0,1.087050080E0,1.109100056E1
1.351514106E2,-1.069950104E0,1.029000044E0,6.889050484E0
1.351538543E2,-9.529500604E-1,9.769500494E-1,4.585950375E0
1.351562977E2,-4.930500090E-1,7.129500508E-1,3.360000134E0
1.351587413E2,-1.005105019E1,1.695105171E1,4.021049976E0
1.351611848E2,-1.026900005E1,1.828500175E1,2.521950006E0
1.351636284E2,-5.995050430E0,1.674795151E1,1.018050075E0
1.351660719E2,7.905000210E0,1.528305054E1,-4.948950291E0
1.351685155E2,1.413300037E1,1.047495079E1,-7.344000340E0
1.351709590E2,6.484950542E0,1.370700073E1,2.937195206E1
1.351734026E2,3.351000071E0,1.100895023E1,2.916105080E1
1.351758460E2,1.105095005E1,1.286400032E1,7.966950417E0
1.351782897E2,1.063500023E1,1.308495045E1,-1.570950031E0
1.351807330E2,3.172050238E0,6.225000381E0,1.047405052E1
1.351831765E2,2.868000031E0,7.360050201E0,1.942950130E0
1.351856201E2,4.306950092E0,1.194300079E1,-1.803000093E0
1.351880638E2,3.655050278E0,7.330950260E0,3.741000175E0
1.351905072E2,1.462050080E0,3.736950159E0,1.945050120E0
1.351929507E2,1.453050017E0,8.260050774E0,4.270500243E-1
1.351953943E2,1.855050087E0,9.390000343E0,4.129050255E0
1.351978377E2,5.980500579E-1,4.176000118E0,2.647050142E0
1.352002813E2,3.990000188E-1,4.300050259E0,-1.009200001E1
1.352027248E2,4.920000136E-1,4.398000240E0,-5.989050388E0
1.352051684E2,3.850500286E-1,4.611000061E0,-3.070500195E-1
1.352076119E2,1.038000107E0,1.063305092E1,6.520950317E0
1.352100555E2,2.719050169E0,1.450395107E1,7.588050365E0
1.352124989E2,2.767050028E0,7.281000137E0,5.164950371E0
1.352149426E2,3.210705185E1,3.124050140E0,5.710950375E0
1.352173860E2,1.675395012E1,7.611000538E0,-2.151795197E1
1.352198296E2,7.141050339E0,2.179050207E0,-4.653000355E0
1.352222731E2,6.366000175E0,1.029795074E1,-4.317900085E1
1.352247165E2,1.840395164E1,5.281950474E0,-4.526700211E1
1.352271602E2,2.547000170E0,9.742050171E0,-2.256195068E1
1.352296038E2,2.563050032E0,6.840000153E0,-2.376600075E1
1.352320473E2,5.319000244E0,5.464050293E0,-2.630205154E1
1.352344909E2,1.089000106E0,3.502950191E0,-2.938050032E0
1.352369343E2,1.852050066E0,8.530950546E0,3.898950100E0
1.352393779E2,4.656000137E0,1.428705025E1,-1.381950021E0
1.352418213E2,1.338000059E0,7.113000393E0,-2.700000070E-2
1.352442648E2,6.259500384E-1,3.630000114E0,1.531050086E0
1.352467084E2,4.132050037E0,7.582950592E0,-3.397950172E0
1.352491519E2,3.399000168E0,9.466950417E0,3.408000231E0
1.352515955E2,4.669950008E0,1.020405006E1,2.950950146E0
1.352540390E2,2.809950113E0,6.442950249E0,2.103000164E0
1.352564826E2,6.769500375E-1,1.786050081E0,1.288950086E0
1.352589260E2,7.699500322E-1,2.491950035E0,2.503050089E0
1.352613697E2,-7.830000520E-1,6.915000439E0,1.066050053E0
1.352638131E2,2.359500080E-1,2.338950157E0,-1.819500029E-1
1.352662567E2,4.122000217E0,7.366950512E0,-9.748050690E0
1.352687002E2,8.152050018E0,6.354000092E0,-1.518000031E1
1.352711438E2,6.169500351E-1,7.333950520E0,-8.626950264E0
1.352735873E2,6.531000137E0,1.175295067E1,-8.079000473E0
1.352760309E2,2.733000040E0,1.079805088E1,-8.521950722E0
1.352784744E2,3.313050270E0,1.128195095E1,9.280500412E-1
1.352809180E2,6.852000237E0,1.513395119E1,-4.650000095E0
1.352833614E2,2.580000162E0,9.388050079E0,-2.040000200E0
1.352858048E2,1.785000086E0,4.911000252E0,-1.171050072E0
1.352882484E2,4.857000351E0,5.968950272E0,-3.940950155E0
1.352906919E2,2.025000095E0,6.948000431E0,-6.637050152E0
1.352931355E2,1.785000086E0,4.780950069E0,-5.629500151E-1
1.352955792E2,7.443000317E0,9.726000786E0,-2.814000130E0
1.352980226E2,4.776000023E0,7.501050472E0,-4.831950188E0
1.353004660E2,1.156050086E0,6.394950390E0,-1.096950054E0
1.353029096E2,4.132050037E0,1.098300076E1,-2.042999983E0
1.353053531E2,5.440950394E0,1.135395050E1,1.500000060E-2
1.353077967E2,2.926950216E0,8.023050308E0,-1.741050124E0
1.353102402E2,3.205050230E0,1.326195049E1,1.270050049E0
1.353126838E2,3.945000172E0,1.252905083E1,3.832050085E0
1.353151273E2,1.453050017E0,6.946050167E0,-1.381950021E0
1.353175709E2,3.006000042E0,1.071000004E1,9.510000348E-1
1.353200143E2,4.524000168E0,1.246200085E1,3.231000185E0
1.353224579E2,2.805000067E0,7.192050457E0,-1.152000070E0
1.353249014E2,2.580000162E0,1.005600071E1,4.476000309E0
1.353273451E2,3.751050234E0,1.443705082E1,5.410050392E0
1.353297885E2,2.773950100E0,1.130295086E1,5.400000215E-1
1.353322321E2,2.275950193E0,9.967050552E0,2.242050171E0
1.353346755E2,3.291000128E0,9.334950447E0,4.750500321E-1
1.353371192E2,2.158950090E0,1.125795078E1,-9.529500604E-1
1.353395627E2,2.257050037E0,1.390605068E1,4.903950214E0
1.353420061E2,4.657950401E0,7.786050320E0,-1.436400032E1
1.353444497E2,5.640000105E-1,3.634050131E0,-5.068950176E0
1.353468931E2,2.212050200E0,1.003050089E0,-4.699500203E-1
1.353493368E2,1.390050054E0,5.968950272E0,-1.013505077E1
1.353517802E2,-1.783950090E0,4.627950191E0,-1.291800022E1
1.353542238E2,2.760000229E0,5.314950466E0,-8.039999962E0
1.353566673E2,2.472000122E0,4.282950401E0,-9.520050049E0
1.353591109E2,1.699050069E0,3.682050228E0,-5.944950104E0
1.353615544E2,4.495950222E0,4.068000317E0,-3.364050150E0
1.353639980E2,6.832050323E0,1.192050099E0,-4.806000233E0
1.353664415E2,6.907050133E0,4.216050148E0,-7.582950592E0
1.353688851E2,9.861000061E0,6.165000439E0,-4.827000141E0
1.353713286E2,7.086000443E0,2.329950094E0,-4.753050327E0
1.353737722E2,4.230000019E0,5.634000301E0,-1.283595085E1
1.353762156E2,9.559950829E0,4.828950405E0,-1.413195038E1
1.353786592E2,8.652000427E0,2.866050243E0,-1.360500050E1
1.353811027E2,2.950950146E0,3.697050095E0,-9.975000381E0
1.353835463E2,5.713950157E0,6.013950348E0,-4.867950439E0
1.353859897E2,6.150000095E0,6.634050369E0,-1.714950085E0
1.353884334E2,1.548000097E0,7.441050529E0,-2.164950132E0
1.353908768E2,1.110000014E0,7.470000267E0,-7.200000435E-2
1.353933205E2,2.343000174E0,8.791950226E0,4.033050060E0
1.353957639E2,1.788000107E0,9.013950348E0,-1.357950091E0
1.353982075E2,2.701950073E0,1.311105061E1,1.497000098E0
1.354006509E2,4.558050156E0,1.129605007E1,5.230050087E0
1.354030944E2,2.614050150E0,6.394950390E0,-3.907950163E0
1.354055380E2,5.074950218E0,9.808950424E0,-3.072000027E0
1.354079815E2,3.138000250E0,1.002195072E1,-6.685050488E0
1.354104251E2,2.392950058E0,7.345950127E0,-5.542950153E0
1.354128685E2,4.960050106E0,1.059705067E1,-6.910050392E0
1.354153122E2,3.250950098E0,9.295050621E0,-5.586000443E0
1.354177556E2,1.122000098E0,1.009695053E1,-4.630500078E-1
1.354201992E2,4.327950001E0,1.071405029E1,-1.605000019E0
1.354226427E2,2.080049992E0,8.164050102E0,-4.770000279E-1
1.354250863E2,6.469050407E0,1.230195045E1,1.852050066E0
1.354275298E2,7.936050415E0,1.567095089E1,-8.187000275E0
1.354299731E2,2.961000204E0,9.690000534E0,-4.702950001E0
1.354324169E2,2.902950048E0,1.091100025E1,-4.240950108E0
1.354348602E2,6.093000412E0,1.336200047E1,-6.930000305E0
1.354373039E2,2.257050037E0,8.052000046E0,-4.152000427E0
1.354397475E2,2.616000175E0,8.470950127E0,9.750000238E-1
1.354421909E2,5.716950417E0,1.350405025E1,-3.214050055E0
1.354446344E2,2.908050060E0,8.785050392E0,-2.500050068E0
1.354470780E2,3.315000057E0,7.377000332E0,-1.578000069E0
1.354495215E2,5.427000046E0,7.935000420E0,-6.798000336E0
1.354519651E2,2.299950123E0,5.068950176E0,-5.175000191E0
1.354544088E2,4.483950138E0,6.286950111E0,-5.694000244E0
1.354568522E2,5.061000347E0,8.551950455E0,-9.970050812E0
1.354592956E2,7.680000067E-1,2.008949995E0,-4.447050095E0
1.354617392E2,-3.299999982E-2,9.049500227E-1,-1.771950126E0
1.354641827E2,3.421050072E0,1.731000066E0,-3.016950130E0
1.354666263E2,1.204050064E0,8.950500488E-1,-4.192950249E0
1.354690697E2,1.315950036E0,1.960500032E-1,-2.329500169E-1
1.354715134E2,4.690050125E0,1.578000069E0,2.094000101E0
1.354739568E2,2.143949986E0,7.294950485E0,1.203000069E0
1.354764004E2,6.955050468E0,9.156000137E0,-2.490000129E-1
1.354788439E2,8.458050728E0,6.682050228E0,-1.590000093E-1
1.354812875E2,9.190950394E0,4.180050373E0,-3.477000237E0
1.354837309E2,1.292805099E1,1.010895061E1,-1.032705021E1
1.354861744E2,1.213095093E1,8.566950798E0,-9.982050896E0
1.354886180E2,3.564000130E0,7.429050446E0,-1.443795109E1
1.354910615E2,9.589500427E-1,9.634950638E0,-1.109100056E1
1.354935051E2,1.081050038E0,7.084950447E0,-3.561000109E0
1.354959485E2,-3.949500322E-1,5.026050091E0,-2.400000021E-2
1.354983921E2,6.150000095E0,1.108500099E1,3.907950163E0
1.355008356E2,5.161050320E0,1.369305038E1,-7.500000298E-2
1.355032792E2,1.558050036E0,8.233950615E0,-1.449000120E0
1.355057227E2,7.141050339E0,1.050105095E1,-1.815000057E0
1.355081663E2,9.042000771E0,1.371000099E1,-1.468200111E1
1.355106098E2,4.441050053E0,1.240905094E1,-7.690950394E0
1.355130534E2,9.636000633E0,1.628295135E1,-1.214895058E1
1.355154969E2,4.872000217E0,1.354695034E1,-9.265950203E0
1.355179404E2,6.600000262E-1,1.062105083E1,1.639500111E-1
1.355203839E2,2.992050171E0,1.295505047E1,-1.108950019E0
1.355228275E2,4.291950226E0,1.012500095E1,-2.526000023E0
1.355252710E2,2.190000057E0,7.188000202E0,-3.159000158E0
1.355277146E2,7.393050194E0,8.761050224E0,-3.786000252E0
1.355301580E2,5.820000172E0,7.947000504E0,-7.744050503E0
1.355326017E2,1.159950018E0,7.507950306E0,-1.573950052E0
1.355350451E2,3.720000267E0,9.366000175E0,-1.147050023E0
1.355374887E2,3.061050177E0,6.211050510E0,-3.060000181E0
1.355399321E2,2.001000166E0,6.601050377E0,-8.895000070E-2
1.355423756E2,9.289050102E0,1.129605007E1,-4.902000427E0
1.355448192E2,3.310050249E0,7.185000420E0,-2.926050186E0
1.355472626E2,1.215000033E0,5.389050484E0,8.170500398E-1
1.355497062E2,6.211950302E0,1.123605061E1,-2.292000055E0
1.355521497E2,3.463950157E0,7.243050575E0,-1.717050076E0
1.355545933E2,-6.705000252E-2,1.990050077E0,-1.966050148E0
1.355570368E2,2.773950100E0,7.828950405E0,2.584050179E0
1.355594804E2,4.888050079E0,9.939000130E0,-1.687950134E0
1.355619239E2,5.119500160E-1,4.681050301E0,-2.103000164E0
1.355643675E2,4.315950394E0,7.681050301E0,-3.630000114E0
1.355668109E2,1.732950091E0,6.241950512E0,-3.436050177E0
1.355692545E2,3.469050169E0,1.031400013E1,-1.009500027E-1
1.355716980E2,6.523950100E0,1.736805153E1,9.589500427E-1
1.355741416E2,3.214950085E0,1.277100086E1,-3.450000286E-1
1.355765851E2,3.460950136E0,9.964950562E0,-1.123050094E0
1.355790287E2,5.881950378E0,1.528995037E1,-4.765050411E0
1.355814722E2,5.367000103E0,1.270200062E1,-7.758000374E0
1.355839155E2,2.817000151E0,1.004205036E1,-3.316950083E0
1.355863592E2,5.044050217E0,1.341705036E1,-3.634950161E0
1.355888028E2,2.608950138E0,1.002705002E1,-7.554000378E0
1.355912462E2,7.510500550E-1,8.229000092E0,-3.027000189E0
1.355936899E2,3.580950260E0,8.974050522E0,-7.861050606E0
1.355961334E2,2.451000214E0,6.727950096E0,-7.471050262E0
1.355985768E2,2.710050106E0,4.522950172E0,-4.600050449E0
1.356010204E2,4.785000324E0,9.742050171E0,-1.077705097E1
1.356034638E2,1.837950110E0,5.641050339E0,-1.020300007E1
1.356059074E2,4.159500301E-1,2.638050079E0,-5.806950092E0
1.356083509E2,2.809950113E0,5.761050224E0,4.033050060E0
1.356107945E2,1.918950081E0,6.223050117E0,4.504950047E0
1.356132380E2,-5.700000376E-2,2.811000109E0,5.680500269E-1
1.356156816E2,1.876050115E0,1.810050130E0,3.568050146E0
1.356181251E2,8.899050713E0,1.920000076E0,1.497000098E0
1.356205687E2,1.165695095E1,7.900950432E0,-9.570000648E0
1.356230122E2,2.004405022E1,4.125000000E0,-2.525805092E1
1.356254555E2,1.424805069E1,-9.739500284E-1,-2.851605225E1
1.356278992E2,9.697950363E0,8.239050865E0,-2.241105080E1
1.356303426E2,8.530050278E0,1.135395050E1,-1.019295025E1
1.356327863E2,3.793950081E0,8.647950172E0,-6.915000439E0
1.356352297E2,1.004999995E0,9.862050056E0,-5.083950043E0
1.356376734E2,1.800000072E0,1.288800049E1,2.104950190E0
1.356401168E2,4.848000050E0,1.295805073E1,2.854950190E0
1.356425604E2,2.875050068E0,7.834050179E0,-2.293950081E0
1.356450038E2,1.441050053E0,1.105905056E1,-6.540000439E-1
1.356474475E2,3.661950111E0,1.283100033E1,3.883950233E0
1.356498912E2,2.992050171E0,1.170300102E1,-3.546000242E0
1.356523345E2,4.350000381E0,1.194705009E1,-3.405000210E0
1.356547780E2,3.969000101E0,1.168395042E1,-2.614950180E0
1.356572216E2,2.556000233E0,1.430595112E1,-4.513950348E0
1.356596651E2,-6.900000572E-2,2.000205040E1,-2.899500132E-1
1.356621087E2,-3.028950214E0,1.169100094E1,3.100500107E-1
1.356645522E2,-3.715950251E0,9.414000511E0,9.510000348E-1
1.356669958E2,-2.193000078E0,5.743950367E0,4.440000355E-1
1.356694392E2,-1.669500023E-1,7.395000011E-2,7.500000298E-2
1.356718829E2,-1.789500117E-1,-2.430000156E-1,7.304999977E-2
1.356743263E2,-3.810000122E-1,-3.919500113E-1,1.516950130E0
1.356767699E2,-1.720950127E0,1.092000008E0,1.819500160E1
1.356792134E2,-9.379500151E-1,8.100000024E-2,8.374050140E0
1.356816568E2,-1.990500093E-1,-8.100000024E-2,1.759500057E-1
1.356841004E2,-3.105000220E-2,-1.999500096E-1,1.690500081E-1
1.356865439E2,-1.189950109E0,1.942050099E0,7.304999977E-2
1.356889875E2,-1.616595078E1,3.635505295E1,2.122050047E0
1.356914309E2,-2.631000042E0,7.060950279E0,6.570000052E-1
1.356938746E2,-1.200000048E-1,-3.000000119E-2,1.800000109E-2
1.356963180E2,3.299999982E-2,-1.879500151E-1,1.279500127E-1
1.356987616E2,-3.300000131E-1,1.290000081E-1,2.500500083E-1
1.357012051E2,-6.582000256E0,1.087695026E1,1.171950102E0
1.357036487E2,-4.366950035E0,8.980950356E0,-1.947000146E0
1.357060922E2,-2.460000068E-1,5.890500546E-1,-4.650000334E-1
1.357085358E2,-1.518000126E0,2.305395126E1,9.978000641E0
1.357109792E2,6.037950516E0,3.472395325E1,2.233200073E1
1.357134229E2,2.998950243E0,9.982050896E0,-1.971000075E0
1.357158663E2,2.283795166E1,4.077000141E0,4.630500078E-1
1.357183099E2,2.658495140E1,2.904000044E0,-2.620605087E1
1.357207534E2,3.486000061E1,-4.153050423E0,-2.656695175E1
1.357231970E2,3.246105194E1,-3.289050102E0,-5.990595245E1
1.357256405E2,1.786305046E1,4.960500300E-1,-6.077700424E1
1.357280841E2,9.154950142E0,-4.969500303E-1,-2.199000168E1
1.357305276E2,9.829500318E-1,4.500000179E-1,-2.350500077E-1
1.357329712E2,8.299500346E-1,1.429050088E0,6.210000515E-1
1.357354147E2,8.245050430E0,2.357595062E1,1.045200062E1
1.357378581E2,5.544000149E0,1.878300095E1,-2.539499998E-1
1.357403017E2,2.560950041E0,3.867000103E0,4.483050346E0
1.357427451E2,2.464950085E0,5.919000149E0,-9.439500570E-1
1.357451887E2,2.278950214E0,1.657800102E1,-1.351050019E0
1.357476322E2,4.495950222E0,1.395105076E1,7.050000191E0
1.357500758E2,1.189050078E0,7.060950279E0,5.520000458E0
1.357525193E2,1.623000026E0,9.862050056E0,1.039950013E0
1.357549629E2,3.037950039E0,8.559000015E0,4.816050053E0
1.357574064E2,5.860500336E-1,3.847950220E0,-1.230000034E-1
1.357598500E2,1.170000076E0,7.080000401E0,1.045050025E0
1.357622934E2,2.307000160E0,1.232100105E1,4.801050186E0
1.357647370E2,1.479000092E0,9.237000465E0,2.781000137E0
1.357671805E2,8.179500103E-1,6.630000114E0,1.710000038E-1
1.357696241E2,1.555050015E0,7.686000347E0,-2.287050009E0
1.357720676E2,3.400950193E0,7.045950413E0,-6.412050247E0
1.357745112E2,2.913000107E0,7.369950294E0,2.448000193E0
1.357769547E2,5.910000205E-1,1.293105030E1,7.035000324E0
1.357793980E2,-4.260000288E-1,9.369000435E0,3.960000277E-1
1.357818417E2,5.359500051E-1,8.878050804E0,2.805000067E0
1.357842852E2,1.857000113E0,6.337950230E0,3.013050079E0
1.357867288E2,5.020500422E-1,2.583000183E0,7.960500121E-1
1.357891725E2,1.980000138E-1,7.851000309E0,-4.459500313E-1
1.357916159E2,1.546050072E0,1.215600014E1,4.107000351E0
1.357940593E2,1.720950127E0,6.843000412E0,1.630950093E0
1.357965029E2,1.582050085E0,6.589050293E0,-1.755000114E0
1.357989464E2,3.163950205E0,7.675950527E0,-3.259500265E-1
1.358013900E2,2.188050032E0,9.751950264E0,-6.970500350E-1
1.358038335E2,2.724000216E0,1.291695023E1,2.971950054E0
1.358062771E2,1.969950080E0,8.638050079E0,3.415050268E0
1.358087205E2,9.090000391E-1,4.357950211E0,-4.800000042E-2
1.358111641E2,1.225050092E0,8.538000107E0,-5.940000415E-1
1.358136076E2,2.631000042E0,6.976950169E0,8.479500413E-1
1.358160512E2,7.870500088E-1,3.808950186E0,2.440950155E0
1.358184947E2,7.510500550E-1,9.163050652E0,1.453950047E0
1.358209383E2,1.121895027E1,1.077195072E1,8.569950104E0
1.358233817E2,2.484900093E1,2.952000141E0,-1.053795052E1
1.358258251E2,1.517205048E1,1.354950070E0,-4.596105194E1
1.358282688E2,1.213605022E1,9.529500604E-1,-4.576200104E1
1.358307122E2,4.780950069E0,7.156050205E0,-3.040605164E1
1.358331559E2,7.843050480E0,8.239050865E0,-1.660995102E1
1.358355993E2,9.090000391E-1,5.482950211E0,-1.483500099E1
1.358380429E2,2.077050209E0,6.012000084E0,-3.000000026E-3
1.358404864E2,3.943050146E0,1.420500088E1,8.697000504E0
1.358429300E2,2.776950121E0,1.414095020E1,4.938000202E0
1.358453734E2,1.705950022E0,1.024695015E1,1.480950117E0
1.358478171E2,2.323950052E0,1.159800053E1,5.776050091E0
1.358502605E2,2.680950165E0,1.361100101E1,3.937050104E0
1.358527041E2,4.563000202E0,1.478505039E1,2.115000010E0
1.358551476E2,4.407000065E0,9.237000465E0,3.813000202E0
1.358575912E2,2.218950033E0,4.432050228E0,4.249500334E-1
1.358600347E2,2.056050062E0,1.108305073E1,-2.791950226E0
1.358624783E2,4.060050011E0,1.249800014E1,6.409950256E0
1.358649218E2,6.169500351E-1,2.433000088E0,1.698000073E0
1.358673654E2,2.595000155E-2,3.105000220E-2,9.900000691E-2
1.358698088E2,9.450000525E-1,4.189949989E0,-3.577950239E0
1.358722525E2,3.271950245E0,5.908950329E0,-3.910500109E-1
1.358746959E2,5.815050125E0,3.972000122E0,-6.313950062E0
1.358771393E2,2.461050034E0,5.257950306E0,-6.901050091E0
1.358795829E2,-1.345050097E0,4.767000198E0,-4.000950336E0
1.358820264E2,1.752000093E0,6.543000221E0,-2.179050207E0
1.358844700E2,4.824000359E0,9.679950714E0,-5.221950054E0
1.358869135E2,4.408950329E0,4.639950275E0,-4.353000164E0
1.358893571E2,9.339000702E0,7.992000580E0,-7.723950386E0
1.358918005E2,8.596950531E0,5.233950138E0,-8.965050697E0
1.358942442E2,6.700500250E-1,3.346950054E0,-7.534950256E0
1.358966876E2,5.322000027E0,7.258950233E0,-8.500050545E0
1.358991312E2,7.018950462E0,6.900000095E0,-7.083000183E0
1.359015747E2,2.185050011E0,5.394000053E0,-2.922000170E0
1.359040183E2,7.669950485E0,1.067100048E1,-4.605000094E-2
1.359064618E2,6.255000114E0,9.690000534E0,-5.401950359E0
1.359089054E2,3.495000124E0,1.059195042E1,-3.568050146E0
1.359113488E2,7.977000237E0,1.376505089E1,-7.300950527E0
1.359137924E2,4.708950043E0,1.060200024E1,-8.557950020E0
1.359162359E2,6.106950283E0,1.265100098E1,-3.570000172E0
1.359186793E2,9.256050110E0,1.694895172E1,-7.468050480E0
1.359211229E2,4.897950172E0,1.367100048E1,-2.959950209E0
1.359235664E2,3.531000137E0,1.128195095E1,-3.304950237E0
1.359260100E2,5.041950226E0,1.280700016E1,-5.257950306E0
1.359284534E2,2.061000109E0,7.377000332E0,-9.154050827E0
1.359308971E2,2.670000196E-1,4.992000103E0,-3.313950062E0
1.359333405E2,2.781000137E0,8.302950859E0,-5.164950371E0
1.359357841E2,1.453050017E0,5.281950474E0,-4.942050457E0
1.359382276E2,1.500000060E-1,7.639500499E-1,6.280500293E-1
1.359406712E2,4.168050289E0,2.085000038E0,-3.750000238E0
1.359431147E2,5.307000160E0,6.333000183E0,-5.088000298E0
1.359455583E2,5.275950432E0,6.424050331E0,-5.800500512E-1
1.359480018E2,7.362000465E0,9.703950882E0,1.746000051E0
1.359504454E2,3.058950186E0,6.820950508E0,-7.905000448E-2
1.359528888E2,2.425050020E0,5.263050079E0,2.455050230E0
1.359553324E2,2.355000019E0,8.107049942E0,3.954000235E0
1.359577759E2,9.379500151E-1,8.209950447E0,4.138050079E0
1.359602195E2,4.090500176E-1,8.811000824E0,-3.022050142E0
1.359626630E2,1.062000036E0,7.599000454E0,3.520950079E0
1.359651066E2,7.939500213E-1,4.489050388E0,5.434050083E0
1.359675500E2,2.848050117E0,7.093950272E0,6.450000405E-1
1.359699937E2,1.009095001E1,6.904950142E0,-8.447999954E0
1.359724371E2,3.471000195E0,3.028950214E0,-4.308000088E0
1.359748805E2,9.358050346E0,7.615950584E0,-1.066695023E1
1.359773241E2,1.119195080E1,1.126005077E1,-1.244400024E1
1.359797676E2,2.343000174E0,9.426000595E0,-5.103000164E0
1.359822112E2,4.210950375E0,1.318005085E1,-1.650000095E0
1.359846547E2,5.476950169E0,1.518405056E1,1.722000122E0
1.359870983E2,3.267000198E0,9.499950409E0,2.070000172E-1
1.359895417E2,1.965000153E0,1.146900082E1,-1.657050133E0
1.359919853E2,3.615000248E0,1.681995010E1,8.773950577E0
1.359944288E2,1.648950100E0,1.226805019E1,5.760000348E-1
1.359968724E2,7.819500566E-1,1.243800068E1,-1.636050105E0
1.359993159E2,3.796950102E0,1.317105103E1,5.533950329E0
1.360017595E2,5.110950470E0,1.440405083E1,-2.658000231E0
1.360042030E2,4.462050438E0,1.656105042E1,-1.426305103E1
1.360066466E2,2.647050142E0,1.260600090E1,-1.973400116E1
1.360090900E2,1.297050118E0,7.084950447E0,-7.369950294E0
1.360115337E2,1.819050074E0,9.330000877E0,-9.547050476E0
1.360139771E2,3.162000179E0,1.167900085E1,-8.548050880E0
1.360164207E2,8.899500370E-1,3.807000160E0,-3.853050232E0
1.360188641E2,4.150950432E0,3.001950026E0,-6.496050358E0
1.360213078E2,6.945000172E0,5.887050152E0,-8.706000328E0
1.360237512E2,7.579500079E-1,4.156050205E0,-6.172950268E0
1.360261949E2,5.400000215E-1,2.293950081E0,-8.239500523E-1
1.360286383E2,1.845000029E0,1.245000005E0,1.633950114E0
1.360310817E2,2.707050085E0,8.992950439E0,4.774950027E0
1.360335253E2,8.554050446E0,1.200195026E1,7.282050133E0
1.360359688E2,7.053000450E0,1.993950129E0,8.220000267E-1
1.360384124E2,8.832000732E0,-2.167950153E0,-1.026195049E1
1.360408559E2,1.160205078E1,-1.660950065E0,-1.640595055E1
1.360432995E2,9.732000351E0,-2.676000118E0,-1.856295013E1
1.360457430E2,3.403950214E0,6.900000572E-2,-1.514400101E1
1.360481866E2,5.235000134E0,2.634000063E0,-5.977050304E0
1.360506300E2,4.792950153E0,3.796950102E0,2.527050018E0
1.360530736E2,4.084050179E0,8.643000603E0,9.610500336E-1
1.360555170E2,6.267000198E0,1.514400101E1,1.276950002E0
1.360579605E2,5.470050335E0,1.456005096E1,2.833050251E0
1.360604042E2,3.100050211E0,1.156395054E1,-7.590000629E-1
1.360628475E2,4.723050117E0,1.757205009E1,-1.456050038E0
1.360652912E2,5.676000118E0,1.666200066E1,2.365950108E0
1.360677346E2,2.307000160E0,1.472205067E1,3.769500256E-1
1.360701782E2,3.124050140E0,1.525200081E1,-9.750000238E-1
1.360726217E2,3.708000183E0,1.289295101E1,-4.960500300E-1
1.360750653E2,1.507950068E0,1.111905098E1,-5.370000005E-1
1.360775088E2,1.012050033E0,1.438995075E1,-2.004000187E0
1.360799524E2,2.692950010E0,1.124805069E1,2.187000036E0
1.360823958E2,1.243950009E0,8.301000595E0,-1.771950126E0
1.360848394E2,1.927050114E0,1.118100071E1,-1.030050039E0
1.360872829E2,2.803050041E0,1.036995029E1,2.290050030E0
1.360897265E2,8.320500255E-1,1.002495003E1,-6.300000101E-2
1.360921700E2,9.109500647E-1,6.618000507E0,3.790950298E0
1.360946136E2,-2.610000074E-1,5.479500294E-1,1.845000029E0
1.360970571E2,-2.487000227E0,5.547000408E0,1.672050118E0
1.360995007E2,-5.296050072E0,1.257900047E1,3.346050262E0
1.361019441E2,-2.629500031E-1,6.769500375E-1,2.766000032E0
1.361043877E2,1.026300049E1,-2.340000123E-1,6.907950401E0
1.361068312E2,9.646050453E0,1.045950055E0,-1.365495110E1
1.361092748E2,1.592595100E1,-2.748000145E0,-2.548005104E1
1.361117182E2,9.037950516E0,-2.077050209E0,-3.244995117E1
1.361141617E2,7.102950573E0,1.200000048E-1,-3.240195084E1
1.361166053E2,7.588950157E0,4.341000080E0,-2.622000122E1
1.361190487E2,1.152495098E1,6.520050526E0,-1.580805111E1
1.361214923E2,8.944050789E0,4.348050117E0,-6.733050346E0
1.361239358E2,2.812050104E0,3.309000254E0,1.366050124E0
1.361263794E2,1.479000092E0,2.584395218E1,6.090000153E0
1.361288229E2,2.281050205E0,1.443705082E1,2.377950191E0
1.361312665E2,-3.010500073E-1,6.420000196E-1,-1.846050143E0
1.361337100E2,2.644950151E0,3.583950281E0,4.699050426E0
1.361361536E2,7.366050243E0,9.394950867E0,5.580000401E0
1.361385970E2,5.341050148E0,1.058700085E1,4.453950405E0
1.361410407E2,3.627000093E0,1.158105087E1,5.814000130E0
1.361434841E2,4.736999989E0,1.169595051E1,1.303050041E0
1.361459277E2,2.379000187E0,1.404705048E1,-3.217950106E0
1.361483712E2,2.808000088E0,1.787805176E1,1.081050038E0
1.361508148E2,1.090950012E0,1.842405128E1,4.705950260E0
1.361532582E2,-5.227050304E0,1.676205063E1,-1.914000034E0
1.361557017E2,-4.999050140E0,1.225395012E1,-3.822000265E0
1.361581454E2,-4.141950130E0,1.120800018E1,5.640000105E-1
1.361605890E2,-3.486000061E0,6.562950134E0,1.131000042E0
1.361630324E2,-4.161000252E0,7.542000294E0,3.055950165E0
1.361654758E2,-2.317050219E0,8.239050865E0,9.130050659E0
1.361679194E2,1.327950120E0,8.527950287E0,6.496950150E0
1.361703629E2,3.507000208E0,7.470000267E0,7.732050419E0
1.361728065E2,3.307950258E0,2.956950188E0,8.556000710E0
1.361752500E2,2.809950113E0,3.898050070E0,3.501000166E0
1.361776936E2,2.616000175E0,4.840950012E0,3.547050238E0
1.361801371E2,-5.860500336E-1,6.103050232E0,5.974950314E0
1.361825807E2,7.650000453E-1,1.185900021E1,5.512950420E0
1.361850241E2,7.942950249E0,1.630005074E1,1.076595020E1
1.361874677E2,2.168205070E1,4.840500355E-1,-7.303050518E0
1.361899112E2,2.437095070E1,-3.540000200E0,-4.748895264E1
1.361923546E2,3.338805008E1,-3.142950058E0,-5.743695450E1
1.361947982E2,1.468305111E1,5.445000172E0,-5.540205383E1
1.361972419E2,6.054000378E0,6.679950237E0,-4.490805054E1
1.361996854E2,5.142000198E0,6.400050163E0,-2.807100105E1
1.362021290E2,2.439000130E0,2.704950094E0,-6.946050167E0
1.362045724E2,1.789950132E0,4.990050316E0,1.651695061E1
1.362070158E2,3.682050228E0,1.912800026E1,6.171000481E0
1.362094594E2,-9.300000221E-2,4.650000095E0,8.503050804E0
1.362119029E2,-1.020000100E0,1.840500087E-1,2.943000078E0
1.362143465E2,1.062000036E0,1.051050067E0,4.348950386E0
1.362167900E2,1.213050008E0,1.123050094E0,3.136950254E0
1.362192336E2,3.943050146E0,3.012000084E0,-2.170050144E0
1.362216770E2,3.523950100E0,4.477050304E0,-2.761050224E0
1.362241206E2,9.430500269E-1,2.770050049E0,5.914950371E0
1.362265641E2,-1.213950038E0,1.171005058E1,-5.179499984E-1
1.362290077E2,-5.550000072E-1,1.127700043E1,9.420000076E0
1.362314512E2,3.340500295E-1,8.767950058E0,-1.546950102E0
1.362338948E2,2.410050154E0,1.910895157E1,2.592000008E0
1.362363383E2,1.129050016E0,1.288605022E1,8.641950607E0
1.362387819E2,9.880500436E-1,1.818195152E1,6.961050510E0
1.362412254E2,1.867050052E0,1.813905144E1,3.649950266E0
1.362436690E2,1.500000119E0,1.199295044E1,6.066000462E0
1.362461124E2,9.280500412E-1,6.984000206E0,2.686950207E0
1.362485558E2,3.817950249E0,1.303395081E1,4.942950249E0
1.362509994E2,4.867050171E0,8.940000534E0,8.046000481E0
1.362534429E2,4.536000252E0,5.695950508E0,2.398050070E0
1.362558865E2,5.961000443E0,6.843000412E0,4.722000122E0
1.362583300E2,4.687050343E0,5.083050251E0,2.212949991E0
1.362607736E2,5.053950310E0,4.980000019E0,-5.890500546E-1
1.362632171E2,3.970950127E0,6.904950142E0,3.190050125E0
1.362656607E2,2.038950205E0,4.978050232E0,2.730000019E0
1.362681041E2,1.690500081E-1,3.733050108E0,6.640500426E-1
1.362705477E2,-6.900000572E-2,5.430000305E0,8.920500278E-1
1.362729912E2,9.000000544E-3,2.458950043E0,3.714000225E0
1.362754348E2,-2.629500031E-1,7.450500131E-1,6.832050323E0
1.362778783E2,-3.490500152E-1,8.929500580E-1,3.420000076E0
1.362803219E2,1.049805069E1,6.751950264E0,2.805000067E0
1.362827654E2,1.223400021E1,4.480050087E0,-8.373000145E0
1.362852090E2,1.331400108E1,3.145950079E0,-1.953105164E1
1.362876525E2,8.044050217E0,8.473050117E0,-4.283205032E1
1.362900958E2,9.193050385E0,3.939000130E0,-5.148705292E1
1.362925395E2,8.523000717E0,3.958050251E0,-3.445200348E1
1.362949831E2,-9.840000272E-1,3.700950146E0,-7.162050247E0
1.362974266E2,3.370500207E-1,3.105000220E-2,1.713000059E0
1.362998702E2,2.203950167E0,2.298000097E0,4.666950226E0
1.363023136E2,-1.890000105E-1,1.968795013E1,6.499500275E-1
1.363047571E2,1.867050052E0,1.269195080E1,4.429950237E0
1.363072007E2,-4.669500291E-1,1.990050077E0,4.167000294E0
1.363096441E2,-1.650000066E-1,3.139050245E0,2.520000041E-1
1.363120878E2,2.247000217E0,1.214400101E1,2.809500098E-1
1.363145312E2,3.988050222E0,1.351995087E1,4.318050385E0
1.363169748E2,1.350000024E0,4.810050011E0,-2.407050133E0
1.363194183E2,1.615050077E0,6.400050163E0,-3.520500064E-1
1.363218619E2,2.668950081E0,9.579000473E0,7.275000572E0
1.363243054E2,3.787050247E0,6.330000401E0,5.343000412E0
1.363267490E2,7.222950459E0,5.076000214E0,-2.293950081E0
1.363291924E2,6.495000362E0,2.772000074E0,-3.490950108E0
1.363316361E2,1.060050011E0,1.542000055E0,2.445000172E0
1.363340794E2,2.026950121E0,5.820000172E0,5.050050259E0
1.363365231E2,9.708000183E0,1.298895073E1,-4.092000008E0
1.363389666E2,8.038949966E0,4.707000256E0,-1.910700035E1
1.363414100E2,7.563000202E0,5.527950287E0,-2.221695137E1
1.363438536E2,4.548000336E0,7.414950371E0,-1.867094994E1
1.363462971E2,1.447950125E0,8.161950111E0,-5.329950333E0
1.363487407E2,6.415950298E0,1.273500061E1,-4.980000257E-1
1.363511841E2,4.081050396E0,1.269405079E1,1.773000121E0
1.363536277E2,1.347000122E0,9.133950233E0,6.570000052E-1
1.363560712E2,2.452950001E0,1.338405037E1,3.151950121E0
1.363585148E2,6.520950317E0,1.114500046E1,-1.162050009E0
1.363609583E2,2.310000181E0,4.717050076E0,-3.235050201E0
1.363634019E2,9.505050659E0,9.934050560E0,-9.652050018E0
1.363658454E2,3.993000269E0,8.968950272E0,-1.232895088E1
1.363682890E2,2.820000052E-1,7.590000153E0,-4.825050354E0
1.363707324E2,4.836000443E0,9.273000717E0,-4.657050133E0
1.363731760E2,2.631000042E0,6.259050369E0,-1.617000103E0
1.363756195E2,5.731050491E0,1.025700092E1,2.553000212E0
1.363780631E2,9.160050392E0,1.334295082E1,-2.067000151E0
1.363805065E2,2.227950096E0,7.599000454E0,1.296000004E0
1.363829502E2,5.950500369E-1,8.671950340E0,2.989050150E0
1.363853936E2,2.355000019E0,1.182105064E1,5.640000105E-1
1.363878370E2,1.873950124E0,7.555950165E0,3.340500295E-1
1.363902807E2,-2.100000158E-2,3.964950085E0,8.580000401E-1
1.363927244E2,-4.879500270E-1,8.830050468E0,-9.820500612E-1
1.363951677E2,1.371000051E0,1.057305050E1,3.505950212E0
1.363976112E2,7.459500432E-1,7.377000332E0,-3.840000033E-1
1.364000548E2,6.940500140E-1,8.662050247E0,-1.321950078E0
1.364024983E2,1.816050053E0,8.526000023E0,6.000000052E-3
1.364049419E2,2.509500086E-1,9.970050812E0,-1.072950006E0
1.364073854E2,6.399000168E0,1.195695019E1,4.969050407E0
1.364098290E2,5.398050308E0,5.719950199E0,-8.344950676E0
1.364122725E2,3.544950247E0,4.992000103E0,-9.360000610E0
1.364147161E2,8.855999947E0,4.285950184E0,-1.794300079E1
1.364171595E2,3.865950108E0,2.779950142E0,-1.434900093E1
1.364196031E2,3.457050085E0,2.854050159E0,-9.094050407E0
1.364220465E2,4.905000210E0,5.947050095E0,-5.809050083E0
1.364244902E2,2.428950071E0,4.599000454E0,-1.606950045E0
1.364269337E2,2.041949987E0,6.168000221E0,7.323000431E0
1.364293773E2,4.282950401E0,8.521050453E0,4.846950054E0
1.364318208E2,3.265050173E0,5.386950493E0,1.536000013E0
1.364342644E2,6.238950253E0,8.992950439E0,2.886000156E0
1.364367077E2,7.285050392E0,9.141000748E0,1.035000086E0
1.364391512E2,2.518050194E0,5.895000458E0,-5.304000378E0
1.364415948E2,3.643050194E0,8.569050789E0,-1.174905014E1
1.364440383E2,6.612000465E0,6.193950176E0,-1.536495113E1
1.364464819E2,1.417050123E0,3.511950254E0,-1.314300060E1
1.364489254E2,3.106950045E0,6.606000423E0,-2.622000217E0
1.364513690E2,3.696000099E0,8.928000450E0,-6.160500050E-1
1.364538124E2,9.900000691E-1,8.344050407E0,1.126049995E0
1.364562560E2,4.905000329E-2,9.955050468E0,2.119950056E0
1.364586995E2,2.395950079E0,8.751000404E0,4.144950390E0
1.364611429E2,1.986000061E0,6.855000496E0,4.605000094E-2
1.364635866E2,6.576000214E0,1.258200073E1,-1.765050054E0
1.364660302E2,7.207950115E0,9.900000572E0,-7.522950172E0
1.364684737E2,2.233050108E0,7.693050385E0,-2.974050045E0
1.364709173E2,3.198000193E0,1.239495087E1,-3.313950062E0
1.364733607E2,3.684000254E0,9.595950127E0,-1.810950041E0
1.364758041E2,1.273050070E0,8.434950829E0,1.465950012E0
1.364782477E2,1.230000019E0,1.281705093E1,1.519500017E-1
1.364806912E2,2.331000090E0,1.265595055E1,2.275050163E0
1.364831348E2,7.699500322E-1,1.102305031E1,-1.168950081E0
1.364855783E2,1.282950044E0,1.273005104E1,5.805000290E-2
1.364880219E2,1.942950130E0,1.014000034E1,1.849500090E-1
1.364904654E2,8.100000024E-2,1.176495075E1,-1.681050062E0
1.364929090E2,1.747050047E0,1.725795174E1,2.884050131E0
1.364953524E2,3.483000278E0,1.136805058E1,2.464950085E0
1.364977961E2,2.017950058E0,9.493050575E0,-5.626950264E0
1.365002395E2,6.030000210E0,1.057800007E1,-1.128195095E1
1.365026831E2,2.701950073E0,7.891050339E0,-1.140900040E1
1.365051266E2,1.608000040E0,5.373000145E0,-3.618000269E0
1.365075702E2,7.005000114E0,9.012000084E0,-4.116000175E0
1.365100137E2,3.706050158E0,6.972000122E0,-4.188000202E0
1.365124573E2,4.675050259E0,8.690999985E0,-1.249500066E-1
1.365149007E2,5.170950413E0,8.052000046E0,-3.031950235E0
1.365173441E2,2.959050179E0,4.834050179E0,-2.914050102E0
1.365197878E2,7.017000198E0,1.008000088E1,-3.810000181E0
1.365222312E2,6.175950527E0,8.277000427E0,-9.087000847E0
1.365246748E2,8.539500237E-1,6.724950314E0,-8.199000359E0
1.365271183E2,2.049000025E0,6.675000191E0,-2.910000086E0
1.365295619E2,5.791050434E0,4.147050381E0,-4.867950439E0
1.365320054E2,2.815050125E0,1.855050087E0,-6.951000214E0
1.365344490E2,3.745950222E0,4.437000275E0,-2.209500074E-1
1.365368925E2,8.245050430E0,3.763950109E0,4.605000094E-2
1.365393361E2,4.093050003E0,1.879050136E0,-3.010050058E0
1.365417795E2,5.161050320E0,5.533050060E0,-3.388050079E0
1.365442232E2,6.433050156E0,1.324050069E0,-6.421950340E0
1.365466666E2,5.793000221E0,3.217950106E0,-6.027000427E0
1.365491102E2,9.889950752E0,6.268050194E0,-5.227050304E0
1.365515537E2,6.490050316E0,3.369000196E0,-4.530000210E0
1.365539971E2,1.560000062E0,4.486950397E0,-8.638950348E0
1.365564407E2,4.548000336E0,5.727000237E0,-1.068405056E1
1.365588842E2,6.358050346E0,2.061000109E0,-1.083900070E1
1.365613279E2,2.488950014E0,3.603000164E0,-7.191000462E0
1.365637715E2,4.263000011E0,5.947050095E0,-2.016000032E0
1.365662149E2,6.856050491E0,6.484050274E0,-2.935950041E0
1.365686583E2,3.343950272E0,7.840950489E0,-4.435050011E0
1.365711019E2,4.039500058E-1,9.586950302E0,-4.576050282E0
1.365735454E2,1.057050109E0,7.717050552E0,3.559050083E0
1.365759890E2,1.788000107E0,8.971050262E0,1.038000107E0
1.365784325E2,3.660000086E0,1.370700073E1,7.720500231E-1
1.365808761E2,2.475000143E0,1.147305012E1,5.485950470E0
1.365833196E2,1.459950089E0,8.859000206E0,9.370500445E-1
1.365857632E2,3.138000250E0,1.332705021E1,-3.640050173E0
1.365882066E2,4.065000057E0,9.526950836E0,4.342050076E0
1.365906502E2,1.582050085E0,7.393050194E0,-1.416000009E0
1.365930937E2,5.394000053E0,1.189695072E1,-1.270500124E-1
1.365955371E2,8.905950546E0,1.038195038E1,-8.505000114E0
1.365979808E2,2.881950140E0,1.137795067E1,-1.117905045E1
1.366004242E2,1.915050149E0,1.151595020E1,-1.141905022E1
1.366028679E2,1.122000098E0,9.904950142E0,-2.530950069E0
1.366053115E2,6.588000298E0,1.585695076E1,7.260000110E-1
1.366077549E2,6.085050106E0,1.754505157E1,7.429500222E-1
1.366101983E2,2.116050005E0,9.748950005E0,1.963950038E0
1.366126419E2,2.599050045E0,1.274205017E1,5.944050312E0
1.366150854E2,4.254000187E0,1.420995045E1,6.019500494E-1
1.366175290E2,1.147950053E0,8.914050102E0,-3.403050184E0
1.366199725E2,4.692000389E0,9.271050453E0,-2.479050159E0
1.366224161E2,7.588950157E0,9.223050117E0,-1.105005074E1
1.366248596E2,1.333050013E0,9.286950111E0,-7.495050430E0
1.366273032E2,4.201050282E0,1.032900047E1,-2.287050009E0
1.366297466E2,3.928050280E0,4.792950153E0,-4.735949993E0
1.366321902E2,3.078000069E0,5.593050480E0,-2.659500241E-1
1.366346337E2,9.102000237E0,8.116950035E0,-5.212950230E0
1.366370773E2,3.789000273E0,4.516050339E0,-1.037700081E1
1.366395208E2,-2.100000158E-2,2.131050110E0,-2.662950039E0
1.366419644E2,2.932050228E0,4.258950233E0,5.710500479E-1
1.366444079E2,1.954950094E0,3.666000128E0,-2.874000072E0
1.366468515E2,8.899500370E-1,1.546950102E0,1.414050102E0
1.366492949E2,2.985000134E0,6.199050426E0,3.846000195E0
1.366517383E2,2.511000156E0,5.599950314E0,1.216950059E0
1.366541820E2,4.600950241E0,6.414000511E0,1.603050113E0
1.366566254E2,6.865950108E0,9.852000237E0,-4.579500258E-1
1.366590691E2,7.687050343E0,5.217000484E0,-1.098105049E1
1.366615125E2,1.051695061E1,1.014705086E1,-1.387500095E1
1.366639561E2,1.312500095E1,1.144695091E1,-1.259700012E1
1.366663996E2,2.263950109E0,9.595950127E0,-1.163700008E1
1.366688432E2,9.330000281E-1,1.404195023E1,1.429950118E0
1.366712866E2,2.668950081E0,1.747305107E1,2.017050028E0
1.366737302E2,2.401050091E0,7.930050373E0,1.372950077E0
1.366761737E2,3.793950081E0,8.986050606E0,5.590500236E-1
1.366786173E2,1.137405014E1,1.160700035E1,-1.044705009E1
1.366810608E2,6.310950279E0,8.287050247E0,-1.189995098E1
1.366835044E2,4.857000351E0,1.263000107E1,-1.344405079E1
1.366859479E2,3.423000097E0,1.096605015E1,-1.221405029E1
1.366883915E2,4.552950382E0,9.895050049E0,-5.574000359E0
1.366908349E2,8.784000397E0,1.669500160E1,-3.205950260E0
1.366932786E2,5.578050137E0,1.430805111E1,-3.064950228E0
1.366957219E2,1.860000134E0,7.567950249E0,-4.819500148E-1
1.366981656E2,9.090000391E-1,1.401600075E1,2.742000103E0
1.367006090E2,-9.619500637E-1,1.130295086E1,-1.008000016E0
1.367030525E2,-1.518000126E0,4.390950203E0,-6.130500436E-1
1.367054961E2,1.159950018E0,8.539950371E0,2.035950184E0
1.367079396E2,6.576000214E0,1.543950081E0,-6.847950459E0
1.367103832E2,5.164050102E0,5.008950233E0,-4.432050228E0
1.367128267E2,8.154000282E0,5.796000481E0,-3.112950087E0
1.367152703E2,4.157999992E0,3.550950050E0,-4.171050072E0
1.367177137E2,2.949000120E0,1.012305069E1,1.786950111E0
1.367201573E2,7.503000259E0,1.221795082E1,-8.500500321E-1
1.367226008E2,2.824050188E0,5.653050423E0,-2.409000158E0
1.367250444E2,6.000000238E-1,9.670050621E0,-1.429950118E0
1.367274878E2,4.057950020E0,1.143705082E1,1.624050021E0
1.367299315E2,1.699050069E0,5.695950508E0,-1.863000035E0
1.367323749E2,3.270000219E-1,5.892000198E0,-3.823950291E0
1.367348186E2,6.363000393E0,1.009695053E1,7.170000076E-1
1.367372620E2,1.620000124E0,7.990050316E0,-2.110050201E0
1.367397054E2,1.089000106E0,8.221950531E0,-4.750500321E-1
1.367421490E2,2.913000107E0,9.337950706E0,-3.597000122E0
1.367445925E2,1.251000047E0,6.727950096E0,-2.610000134E0
1.367470361E2,4.122000217E0,9.342000008E0,-1.576050043E0
1.367494795E2,6.411000252E0,8.896950722E0,-5.914050102E0
1.367519232E2,8.539500237E-1,5.947050095E0,-3.574950218E0
1.367543666E2,3.129000187E0,7.341000557E0,-1.990500093E-1
1.367568102E2,4.369050026E0,6.583950520E0,-4.642950058E0
1.367592537E2,9.259500504E-1,1.446000099E0,-3.522000074E0
1.367616973E2,5.941950321E0,7.192050457E0,-1.540500075E-1
1.367641408E2,4.873950005E0,5.301000118E0,-4.509000301E0
1.367665842E2,2.437050104E0,5.422950268E0,-7.570500374E-1
1.367690278E2,4.122000217E0,1.062105083E1,4.410000145E-1
1.367714715E2,4.833000183E0,5.203050137E0,-5.512050152E0
1.367739149E2,4.069050312E0,9.273000717E0,-5.317950249E0
1.367763585E2,9.322950363E0,1.066395092E1,-5.857050419E0
1.367788019E2,6.235950470E0,6.792000294E0,-1.182105064E1
1.367812454E2,6.310500503E-1,1.112595081E1,-1.108800030E1
1.367836890E2,6.700950146E0,9.730050087E0,-9.999000549E0
1.367861327E2,6.964050293E0,3.748950243E0,-1.365000057E1
1.367885761E2,2.044049978E0,6.958050251E0,-8.445000648E0
1.367910198E2,9.769950867E0,5.914050102E0,-4.980000257E-1
1.367934632E2,7.054950237E0,5.935050488E0,-4.636050224E0
1.367959066E2,3.981000185E0,8.287050247E0,-1.360050082E0
1.367983502E2,1.110105038E1,5.233950138E0,-3.691950083E0
1.368007937E2,5.118000031E0,6.000000477E0,-7.284000397E0
1.368032373E2,7.198950291E0,1.084605026E1,-1.653000116E0
1.368056808E2,9.325050354E0,9.828000069E0,-5.833050251E0
1.368081244E2,6.550500393E-1,9.912000656E0,-3.357000113E0
1.368105678E2,-1.213950038E0,1.303005028E1,2.971950054E0
1.368130114E2,5.160000324E-1,9.802050591E0,8.890500665E-1
1.368154549E2,1.792950034E0,8.815950394E0,4.489500225E-1
1.368178985E2,7.219500542E-1,1.112595081E1,-2.470500171E-1
1.368203419E2,1.678050041E0,1.079595089E1,2.625000238E0
1.368227854E2,1.729950070E0,1.059195042E1,-5.340000391E-1
1.368252290E2,2.041949987E0,1.286895084E1,-2.110050201E0
1.368276724E2,3.607050180E0,1.204800034E1,1.690500081E-1
1.368301161E2,2.595000029E0,1.006095028E1,-1.899000049E0
1.368325595E2,1.072050095E0,1.362300110E1,-2.589000225E0
1.368350032E2,2.749950171E0,1.373400021E1,2.410050154E0
1.368374466E2,1.234950066E0,9.370950699E0,-3.979500234E-1
1.368398902E2,1.153050065E0,1.086495018E1,-2.601000071E0
1.368423337E2,6.190950394E0,8.329950333E0,1.132950068E0
1.368447773E2,3.018000126E0,5.535000324E0,-7.818000317E0
1.368472208E2,9.346050262E0,4.681050301E0,-7.537950516E0
1.368496644E2,6.937950134E0,6.067050457E0,-1.139205074E1
1.368521079E2,2.583000183E0,7.401000500E0,-5.116950035E0
1.368545515E2,3.708000183E0,8.041950226E0,-1.660500020E-1
1.368569949E2,2.092050076E0,5.179050446E0,3.091950178E0
1.368594386E2,5.379000187E0,7.434000492E0,1.924050093E0
1.368618820E2,7.213050365E0,9.742050171E0,-4.054049969E0
1.368643256E2,3.768000126E0,6.144000053E0,-8.011950493E0
1.368667691E2,1.812000036E0,9.187050819E0,-7.837050438E0
1.368692127E2,5.062950134E0,8.629050255E0,-8.881050110E0
1.368716561E2,3.267000198E0,4.666050434E0,-8.959950447E0
1.368740996E2,1.636950135E0,6.864000320E0,-2.419050217E0
1.368765432E2,8.403000832E0,5.398950100E0,-6.660000086E-1
1.368789867E2,4.900050163E0,4.579950333E0,-6.072000504E0
1.368814302E2,2.203950167E0,8.410950661E0,-1.429950118E0
1.368838737E2,8.542050362E0,2.530950069E0,-3.793050289E0
1.368863173E2,2.604000092E0,3.972000122E0,-6.465000153E0
1.368887608E2,8.556000710E0,8.380050659E0,-3.297000170E0
1.368912044E2,7.515000343E0,5.104950428E0,-5.950050354E0
1.368936479E2,-2.205000162E0,8.659950256E0,-1.957050085E0
1.368960915E2,3.220050097E0,8.085000038E0,1.525950074E0
1.368985349E2,5.262000084E0,4.626000404E0,-3.396000147E0
1.369009783E2,2.190000117E-1,5.172000408E0,-1.059000015E0
1.369034220E2,4.227000237E0,5.691000462E0,2.094000101E0
1.369058656E2,4.849950314E0,4.972950459E0,-2.392050028E0
1.369083091E2,3.220500052E-1,6.712950230E0,-1.636050105E0
1.369107525E2,-3.210000098E-1,7.884000301E0,2.604000092E0
1.369131961E2,1.147950053E0,6.237000465E0,4.200000167E-1
1.369156395E2,2.422049999E0,6.646050453E0,-1.723950028E0
1.369180831E2,8.250000000E0,9.826050758E0,-4.176000118E0
1.369205268E2,3.163950205E0,6.946050167E0,-6.553950310E0
1.369229702E2,5.929500461E-1,8.677050591E0,-8.310000300E-1
1.369254137E2,2.881950140E0,1.161195087E1,-4.710000038E0
1.369278573E2,2.002950191E0,6.061950207E0,-3.706950188E0
1.369303008E2,1.140000075E-1,5.191050053E0,8.029500246E-1
1.369327444E2,5.868000507E0,1.088400078E1,-1.108950019E0
1.369351879E2,1.504950047E0,6.859950542E0,-7.279500365E-1
1.369376315E2,2.908050060E0,8.071050644E0,-2.700000070E-2
1.369400749E2,4.405050278E0,7.939050198E0,-6.451050282E0
1.369425185E2,2.524950027E0,5.806050301E0,-7.248000145E0
1.369449620E2,6.622050285E0,1.071405029E1,-5.665050507E0
1.369474056E2,5.347950459E0,7.567950249E0,-8.505000114E0
1.369498490E2,4.830000103E-1,8.713050842E0,-4.779000282E0
1.369522925E2,5.329500437E-1,9.964950562E0,-5.680500269E-1
1.369547361E2,3.562050104E0,5.119050026E0,-4.152000427E0
1.369571796E2,2.032050133E0,3.960000277E0,-3.907950163E0
1.369596232E2,5.437050343E0,5.623950481E0,7.000500560E-1
1.369620666E2,1.045005035E1,3.579000235E0,-7.168950558E0
1.369645102E2,3.069000244E0,6.711000443E0,-4.186050415E0
1.369669537E2,2.902950048E0,9.285000801E0,1.339050055E0
1.369693973E2,4.797000408E0,4.867050171E0,-5.509950161E0
1.369718408E2,2.458050013E0,9.394950867E0,-1.801050067E0
1.369742844E2,9.979050636E0,1.001505089E1,-3.817050219E0
1.369767279E2,4.138950348E0,7.681050301E0,-8.392050743E0
1.369791715E2,-1.693050027E0,1.091100025E1,-6.660000086E-1
1.369816150E2,4.740000248E0,8.361000061E0,-1.765050054E0
1.369840586E2,3.904050112E0,5.272050381E0,-4.212000370E0
1.369865020E2,2.808000088E0,7.638000488E0,-1.035000086E0
1.369889454E2,6.958950520E0,7.092000484E0,-2.277000189E0
1.369913891E2,5.158950329E0,8.409000397E0,-5.968950272E0
1.369938325E2,9.709500670E-1,9.223050117E0,-2.377950191E0
1.369962762E2,3.552000284E0,8.679000854E0,-2.287050009E0
1.369987196E2,4.785000324E0,6.426000118E0,-5.718000412E0
1.370011632E2,6.864000320E0,1.046295071E1,-3.664050102E0
1.370036066E2,9.793950081E0,9.795000076E0,-8.983950615E0
1.370060503E2,1.615050077E0,8.895000458E0,-6.345000267E0
1.370084937E2,5.205000192E-2,1.033095074E1,6.589500308E-1
1.370109373E2,3.709950209E0,7.053000450E0,-4.104000092E0
1.370133808E2,1.000050068E0,5.092950344E0,-3.466950178E0
1.370158244E2,4.897950172E0,7.147050381E0,2.140500098E-1
1.370182679E2,7.630050182E0,5.514000416E0,-5.110050201E0
1.370207115E2,2.113049984E0,5.800950050E0,-2.526000023E0
1.370231550E2,2.001000166E0,9.193950653E0,-1.369500011E-1
1.370255986E2,4.085999966E0,4.659000397E0,-3.633000135E0
1.370280419E2,4.407000065E0,6.910050392E0,-2.257950068E0
1.370304854E2,9.460950851E0,8.269950867E0,-3.763950109E0
1.370329290E2,7.141050339E0,6.874050140E0,-8.533950806E0
1.370353727E2,-1.138950109E0,9.610950470E0,-3.348000050E0
1.370378161E2,1.978950143E0,9.462000847E0,3.460500240E-1
1.370402595E2,5.734050274E0,4.128000259E0,-5.187000275E0
1.370427032E2,1.623000026E0,6.916950226E0,-3.640500307E-1
1.370451466E2,7.864050388E0,7.884000301E0,1.654950023E0
1.370475902E2,6.138000488E0,6.510000229E0,-4.699950218E0
1.370500337E2,8.869500160E-1,9.960000038E0,8.205000311E-2
1.370524773E2,3.454050064E0,1.122900009E1,-2.127000093E0
1.370549208E2,2.439000130E0,7.305000305E0,-4.321950436E0
1.370573644E2,3.354000092E0,1.290795040E1,-1.281000018E0
1.370598078E2,8.604000092E0,1.191600037E1,-7.456050396E0
1.370622514E2,2.455950022E0,9.562950134E0,-5.910000324E0
1.370646949E2,1.483950019E0,1.296300030E1,-1.084950089E0
1.370671385E2,3.366000175E0,1.072905064E1,-4.213950157E0
1.370695820E2,1.017000079E0,8.619000435E0,-1.429950118E0
1.370720256E2,1.524000049E0,1.026195049E1,1.308000088E0
1.370744691E2,4.375950336E0,1.119105053E1,-2.179500163E-1
1.370769127E2,3.289050102E0,1.008705044E1,-1.243050098E0
1.370793561E2,3.508950233E0,1.127205086E1,-1.192950010E0
1.370817995E2,4.930950165E0,9.784950256E0,-3.951000214E0
1.370842432E2,1.474050045E0,9.985950470E0,-3.537000179E0
1.370866866E2,5.200050354E0,1.391295052E1,-7.905000448E-2
1.370891302E2,6.342000484E0,1.099200058E1,-5.578950405E0
1.370915737E2,4.129500091E-1,9.610950470E0,-1.771950126E0
1.370940173E2,1.984050035E0,1.077405071E1,9.010500312E-1
1.370964608E2,3.259950161E0,7.101000309E0,-4.207050323E0
1.370989044E2,7.890000343E-1,4.827000141E0,-1.417950034E0
1.371013479E2,6.694050312E0,7.525050163E0,-2.160000086E0
1.371037915E2,5.394000053E0,6.117000103E0,-5.794950485E0
1.371062349E2,1.632000089E0,8.725049973E0,-1.474950075E0
1.371086786E2,2.580000162E0,9.265950203E0,-1.717050076E0
1.371111220E2,2.190000057E0,6.460050106E0,-2.773050070E0
1.371135656E2,4.909950256E0,1.019505024E1,-1.240950108E0
1.371160091E2,8.310000420E0,8.727000237E0,-6.565950394E0
1.371184525E2,4.036050320E0,9.498000145E0,-8.199000359E0
1.371208961E2,-7.560000420E-1,1.154805088E1,-2.850000143E0
1.371233396E2,5.128050327E0,8.610000610E0,-2.905050039E0
1.371257833E2,3.952050209E0,5.413050175E0,-5.823000431E0
1.371282266E2,2.190000057E0,9.160050392E0,1.447050095E0
1.371306703E2,1.017705059E1,8.397000313E0,-2.941050053E0
1.371331137E2,3.600000143E0,7.585050583E0,-7.009050369E0
1.371355573E2,9.810000658E-1,1.297905064E1,-3.960000277E-1
1.371380008E2,3.865950108E0,7.944000244E0,-5.043000221E0
1.371404444E2,1.780950069E0,9.144000053E0,-2.835000038E0
1.371428879E2,9.186000824E0,1.242405033E1,-4.461000443E0
1.371453315E2,8.190000534E0,9.697050095E0,-8.566950798E0
1.371477749E2,1.606050134E0,1.234695053E1,-4.204950333E0
1.371502185E2,3.034950256E0,1.245000076E1,-3.352050066E0
1.371526620E2,3.531000137E0,9.370950699E0,-6.094050407E0
1.371551056E2,1.062000036E0,1.027095032E1,-3.883950233E0
1.371575490E2,5.836050510E0,1.048005009E1,-5.749500394E-1
1.371599925E2,7.042950153E0,1.029495049E1,-4.248000145E0
1.371624361E2,1.680000067E0,1.070700073E1,-2.239050150E0
1.371648798E2,5.137050152E0,1.174395084E1,-7.860000134E-1
1.371673232E2,4.813950062E0,8.622000694E0,-6.297000408E0
1.371697666E2,2.890950203E0,1.259895039E1,-2.248950005E0
1.371722102E2,1.020105076E1,1.129095078E1,-7.285950184E0
1.371746537E2,2.689950228E0,9.016950607E0,-8.215050697E0
1.371770973E2,-5.770500302E-1,1.057500076E1,6.259500384E-1
1.371795408E2,4.009950161E0,7.177950382E0,-1.911000133E0
1.371819844E2,1.540950060E0,3.589050055E0,-4.969050407E0
1.371844278E2,3.271950245E0,4.267050266E0,-1.341000080E0
1.371868714E2,7.534050465E0,2.631000042E0,-5.632050037E0
1.371893149E2,3.828000069E0,3.409050226E0,-4.087950230E0
1.371917585E2,1.552950025E0,6.838050365E0,1.399050117E0
1.371942020E2,3.166950226E0,4.851000309E0,1.408950090E0
1.371966456E2,3.556950092E0,5.902050495E0,5.560500026E-1
1.371990890E2,5.188050270E0,9.831000328E0,4.099500179E-1
1.372015327E2,4.675050259E0,6.532050133E0,-2.626950026E0
1.372039761E2,-1.683000088E0,8.164050102E0,-3.633000135E0
1.372064198E2,2.959500253E-1,8.662050247E0,-2.340000153E0
1.372088631E2,4.423950195E0,2.847000122E0,-7.522950172E0
1.372113066E2,8.350500464E-1,3.244050264E0,-2.977050066E0
1.372137502E2,7.692000389E0,4.111050129E0,-2.044950008E0
1.372161937E2,7.345050335E0,1.504050016E0,-4.963950157E0
1.372186373E2,1.359000087E0,6.060000420E0,1.231950045E0
1.372210808E2,3.715050220E0,8.203050613E0,-3.060000181E0
1.372235244E2,2.097000122E0,4.216050148E0,-6.453000069E0
1.372259678E2,5.602050304E0,7.120950222E0,-5.815950394E0
1.372284114E2,8.008049965E0,5.218950272E0,-6.613050461E0
1.372308549E2,1.041000009E0,6.559950352E0,-7.024950504E0
1.372332985E2,-5.430000424E-1,6.919050217E0,-2.446950197E0
1.372357420E2,6.849000454E0,3.763950109E0,-3.628050089E0
1.372381854E2,4.114950180E0,7.279500365E-1,-7.621050358E0
1.372406291E2,1.693950057E0,4.018050194E0,-1.329000115E0
1.372430727E2,8.704950333E0,4.161000252E0,-4.909500182E-1
1.372455161E2,3.574050188E0,4.678050041E0,-5.457000256E0
1.372479595E2,1.081050038E0,9.157950401E0,-2.862000227E0
1.372504031E2,5.491950035E0,4.366950035E0,-6.297000408E0
1.372528466E2,1.768950105E0,7.743000507E0,-8.209950447E0
1.372552902E2,1.047195053E1,7.780950546E0,-5.311050415E0
1.372577337E2,7.390050411E0,6.555000305E0,-7.248000145E0
1.372601773E2,-5.389500260E-1,9.948000908E0,-2.785050154E0
1.372626207E2,6.756000519E0,7.948950291E0,-1.588050127E0
1.372650643E2,5.650050163E0,5.236050129E0,-6.811950207E0
1.372675078E2,1.917000055E0,6.879000187E0,-1.903950095E0
1.372699514E2,5.949000359E0,7.366950512E0,6.210000515E-1
1.372723949E2,5.461050034E0,8.224050522E0,-4.456050396E0
1.372748385E2,3.540000021E-1,1.075500011E1,1.327050090E0
1.372772819E2,2.413050175E0,1.130805016E1,1.825050116E0
1.372797256E2,2.358000040E0,8.690999985E0,-2.956950188E0
1.372821690E2,5.994000435E0,1.206705093E1,-3.544050217E0
1.372846124E2,9.685950279E0,1.354695034E1,-1.173705101E1
1.372870560E2,1.668000102E0,1.054005051E1,-6.630000114E0
1.372894995E2,9.040500522E-1,1.253595066E1,-8.770500422E-1
1.372919432E2,2.614050150E0,1.411395073E1,-2.857050180E0
1.372943866E2,1.503000021E0,8.109000206E0,-1.426950097E0
1.372968302E2,1.432950020E0,1.049205017E1,2.581950188E0
1.372992736E2,5.044050217E0,1.257900047E1,-2.148000002E0
1.373017173E2,2.410050154E0,9.694050789E0,-3.379050255E0
1.373041607E2,4.515000343E0,1.215300083E1,-4.381950378E0
1.373066043E2,5.200050354E0,8.815950394E0,-6.865050316E0
1.373090478E2,2.428950071E0,1.018305016E1,-2.196000099E0
1.373114914E2,8.941950798E0,1.231095028E1,-1.699950099E0
1.373139349E2,6.069000244E0,9.499950409E0,-5.955000401E0
1.373163785E2,1.447950125E0,9.778050423E0,-9.079500437E-1
1.373188220E2,5.350050449E0,1.236195087E1,-1.480050087E0
1.373212653E2,4.186950207E0,6.250950336E0,-6.582000256E0
1.373237090E2,1.872000098E0,5.887050152E0,-2.821050167E0
1.373261524E2,6.748950481E0,7.710000515E0,-5.895000458E0
1.373285960E2,5.905950069E0,5.023050308E0,-9.937050819E0
1.373310397E2,1.450050116E0,9.424050331E0,-3.048000097E0
1.373334832E2,5.226000309E0,7.219050407E0,-3.715950251E0
1.373359266E2,4.078950405E0,6.160050392E0,-5.851950169E0
1.373383702E2,4.788000107E0,1.020900059E1,-1.516050100E0
1.373408137E2,7.572000504E0,6.826050282E0,-3.867000103E0
1.373432573E2,1.438050032E0,8.818050385E0,-5.002050400E0
1.373457007E2,1.981950045E0,8.907000542E0,-5.371050358E0
1.373481444E2,8.013000488E0,5.308050156E0,-6.084000111E0
1.373505878E2,4.206000328E0,2.868000031E0,-7.732050419E0
1.373530314E2,3.435000181E0,5.101950169E0,-1.594950080E0
1.373554749E2,9.378000259E0,5.317950249E0,2.119500041E-1
1.373579185E2,2.638050079E0,7.309950352E0,-4.549500346E-1
1.373603619E2,1.435950041E0,9.883950233E0,4.948050022E0
1.373628056E2,5.323950291E0,6.940950394E0,-2.040000200E0
1.373652490E2,2.677950144E0,8.775000572E0,-7.980000377E-1
1.373676924E2,7.278000355E0,1.359195042E1,-3.562950134E0
1.373701361E2,3.672000170E0,9.292050362E0,-6.975000381E0
1.373725795E2,7.800000310E-1,1.026195049E1,1.038000107E0
1.373750232E2,1.852050066E0,1.405905056E1,-1.108950019E0
1.373774666E2,3.069000244E0,1.046295071E1,-3.289950132E0
1.373799102E2,7.030500174E-1,8.358000755E0,6.450000405E-1
1.373823537E2,3.286950111E0,1.212900066E1,-4.750500321E-1
1.373847973E2,1.507950068E0,1.257195091E1,-3.970050097E0
1.373872408E2,1.656000137E0,1.209795094E1,-2.917050123E0
1.373896844E2,1.231950045E0,1.216800022E1,-5.991000175E0
1.373921278E2,9.310500622E-1,9.666000366E0,-4.432050228E0
1.373945715E2,1.912050128E0,1.212495041E1,-1.903950095E0
1.373970149E2,4.018949986E0,1.359705067E1,-2.898000240E0
1.373994583E2,2.470050097E0,9.715950012E0,-1.459050059E0
1.374019020E2,1.905000091E0,8.361000061E0,1.867950082E0
1.374043456E2,3.603000164E0,9.354000092E0,-6.280500293E-1
1.374067891E2,7.290000319E-1,4.117949963E0,-2.859000206E0
1.374092327E2,3.105000257E0,5.848950386E0,1.585950017E0
1.374116761E2,4.417050362E0,5.152050018E0,-4.509000301E0
1.374141195E2,2.571000099E0,5.254950047E0,-9.820500612E-1
1.374165632E2,3.472950220E0,1.078095055E1,-3.280500174E-1
1.374190066E2,3.030000210E0,5.290950298E0,-4.380000114E0
1.374214502E2,2.101050138E0,7.482000351E0,-1.638000131E0
1.374238937E2,6.895050526E0,9.265950203E0,-5.188950062E0
1.374263373E2,3.627000093E0,7.396050453E0,-8.293950081E0
1.374287808E2,-9.619500637E-1,9.819000244E0,-3.514950275E0
1.374312244E2,3.049950123E0,6.675000191E0,-2.613000154E0
1.374336679E2,4.041000366E0,4.506000042E0,-6.276000500E0
1.374361115E2,1.656000137E0,4.438950062E0,-2.131050110E0
1.374385549E2,6.157050133E0,6.361950397E0,-5.749500394E-1
1.374409985E2,5.578050137E0,4.171050072E0,-6.826950550E0
1.374434420E2,1.240500063E-1,7.800000191E0,-1.477950096E0
1.374458856E2,5.379000187E0,6.637050152E0,-2.553000212E0
1.374483290E2,3.424950123E0,4.140000343E0,-6.718950272E0
1.374507725E2,5.659050465E0,9.591000557E0,-2.883000135E0
1.374532161E2,7.738050461E0,6.205950260E0,-7.048950195E0
1.374556596E2,-1.510950089E0,8.301000595E0,-6.556050301E0
1.374581032E2,1.717950106E0,9.076950073E0,-2.227050066E0
1.374605466E2,6.337050438E0,3.670050144E0,-7.150050163E0
1.374629903E2,2.733000040E0,4.798050404E0,-6.168000221E0
1.374654337E2,6.484950542E0,6.001950264E0,-1.900500059E-1
1.374678773E2,6.415950298E0,6.177000523E0,-3.502950191E0
1.374703208E2,8.560500145E-1,8.338950157E0,-1.830000043E0
1.374727644E2,1.522050023E0,9.414000511E0,2.323050022E0
1.374752079E2,4.624950409E0,6.898050308E0,-4.903950214E0
1.374776515E2,5.734050274E0,7.561050415E0,-6.400050163E0
1.374800950E2,1.030395031E1,1.042005062E1,-8.449950218E0
1.374825386E2,5.038950443E0,7.864950180E0,-1.044705009E1
1.374849820E2,-1.297950029E0,1.180905056E1,1.005000062E-2
1.374874254E2,1.297050118E0,1.171005058E1,1.729500145E-1
1.374898690E2,2.109000206E0,7.462950230E0,-3.442950249E0
1.374923127E2,1.522050023E0,1.055595016E1,7.995000482E-2
1.374947561E2,7.741950512E0,1.093200016E1,-2.526000023E0
1.374971996E2,2.845950127E0,8.703000069E0,-3.361950159E0
1.374996432E2,3.508950233E0,1.339800072E1,-1.468050122E0
1.375020866E2,3.648000240E0,1.131795025E1,-3.139050245E0
1.375045302E2,1.476000071E0,1.085100079E1,-2.470500171E-1
1.375069737E2,2.857950211E0,1.416195107E1,2.209500074E-1
1.375094173E2,5.631000042E0,1.373595047E1,-2.991000175E0
1.375118608E2,2.073000193E0,1.112895012E1,-5.136000156E0
1.375143044E2,1.848000050E0,1.315395069E1,-2.176950216E0
1.375167479E2,3.753000259E0,1.081995010E1,-5.886000156E0
1.375191915E2,1.093050003E0,8.353950500E0,-3.415050268E0
1.375216349E2,4.222949982E0,1.017600060E1,-1.660500020E-1
1.375240783E2,4.906949997E0,9.334950447E0,-3.094050169E0
1.375265219E2,1.897950053E0,8.971050262E0,6.400500536E-1
1.375289654E2,5.781000137E0,1.058505058E1,-9.370500445E-1
1.375314091E2,3.202950239E0,7.540050507E0,-3.312000275E0
1.375338525E2,4.038000107E0,9.192000389E0,-6.970500350E-1
1.375362961E2,7.414050579E0,1.126500034E1,-6.168000221E0
1.375387395E2,3.109050035E0,6.481050491E0,-7.582950592E0
1.375411831E2,6.599999964E-2,8.974050522E0,-3.010050058E0
1.375436266E2,3.427950144E0,6.093000412E0,-5.119050026E0
1.375460702E2,3.907050133E0,2.844000101E0,-8.293950081E0
1.375485137E2,1.528950095E0,4.858050346E0,-2.412000179E0
1.375509573E2,6.969000340E0,4.140000343E0,-1.839000106E0
1.375534008E2,6.732000351E0,2.667000055E0,-4.545000076E0
1.375558444E2,2.046000004E0,7.144050121E0,5.850000381E-1
1.375582878E2,5.179950237E0,4.209000111E0,-3.619500101E-1
1.375607312E2,4.635000229E0,2.566950083E0,-4.873050213E0
1.375631749E2,6.591000080E0,7.566000462E0,-4.911000252E0
1.375656183E2,5.470050335E0,2.836950064E0,-7.168950558E0
1.375680620E2,-4.095000029E-2,5.314950466E0,-6.432000160E0
1.375705056E2,4.809000015E0,3.952950239E0,-5.653050423E0
1.375729490E2,5.839050293E0,-6.480000019E-1,-6.409950256E0
1.375753924E2,2.535000086E0,-1.311000109E0,-6.271050453E0
1.375778360E2,4.582050323E0,-4.230000079E-1,-3.229950190E0
1.375802795E2,4.927050114E0,-2.263950109E0,-1.126049995E0
1.375827231E2,3.412950277E0,-2.905950069E0,-2.464050055E0
1.375851666E2,5.113050461E0,-1.147950053E0,-3.633000135E0
1.375876102E2,5.496000290E0,-2.310000181E0,-5.260950089E0
1.375900537E2,6.523950100E0,-2.053050041E0,-4.504050255E0
1.375924973E2,9.117000580E0,-4.780500233E-1,-4.765050411E0
1.375949408E2,4.419000149E0,-1.246950030E0,-4.624050140E0
1.375973844E2,1.788000107E0,3.739950180E0,-9.895950317E0
1.375998278E2,6.484950542E0,5.623950481E0,-1.211595058E1
1.376022715E2,4.408950329E0,1.903050065E0,-1.221600056E1
1.376047149E2,1.753950119E0,4.342950344E0,-9.939000130E0
1.376071585E2,6.330000401E0,5.583000183E0,-3.739950180E0
1.376096019E2,6.223950386E0,6.879000187E0,-3.616050243E0
1.376120454E2,5.713950157E0,9.481050491E0,-7.861050606E0
1.376144890E2,1.237050056E0,1.381305027E1,-7.561950207E0
1.376169325E2,4.950000346E-1,1.351995087E1,3.151950121E0
1.376193761E2,1.251000047E0,1.604895020E1,4.864050388E0
1.376218195E2,3.562050104E0,1.541400051E1,3.978000164E0
1.376242632E2,2.269050121E0,1.620705032E1,-1.948950052E0
1.376267066E2,2.695050240E0,2.048100090E1,1.606950045E0
1.376291502E2,5.542050362E0,2.122005081E1,3.549000263E0
1.376315937E2,3.804000139E0,1.321200085E1,-5.580000281E-1
1.376340373E2,1.564950109E0,1.944600105E1,-4.654950142E0
1.376364808E2,4.636950016E0,2.098305130E1,3.576000214E0
1.376389244E2,1.894950032E0,1.402095032E1,-2.524050236E0
1.376413678E2,5.119500160E-1,1.434600067E1,-1.279050112E0
1.376438115E2,1.411950111E0,1.095105076E1,2.479050159E0
1.376462548E2,2.281050205E0,9.715950012E0,-5.509500504E-1
1.376486983E2,6.478050232E0,1.332900047E1,-1.430595112E1
1.376511419E2,3.799500167E-1,8.895000458E0,-1.582695103E1
1.376535854E2,-6.679500341E-1,1.948950052E0,-7.822950363E0
1.376560290E2,-1.735950112E0,6.129000187E0,-7.222050190E0
1.376584724E2,-2.143050194E0,5.713050365E0,-3.613050222E0
1.376609161E2,-5.890500546E-1,5.233950138E0,2.908050060E0
1.376633595E2,9.900000691E-1,3.724950075E0,7.746000290E0
1.376658031E2,2.496000051E0,2.583000183E0,6.375000477E0
1.376682466E2,6.361050129E0,1.167000103E1,-1.684050083E0
1.376706900E2,8.295000076E0,1.381305027E1,6.178050518E0
1.376731337E2,6.718050480E0,7.924950600E0,3.039000034E0
1.376755773E2,1.216500092E1,1.150005054E1,-5.773050308E0
1.376780208E2,1.292595100E1,1.143300056E1,-1.366005039E1
1.376804644E2,4.042950153E0,1.518000031E1,-8.566950798E0
1.376829078E2,4.611000061E0,1.663095093E1,-8.470950127E0
1.376853512E2,2.748000145E0,1.151205063E1,-8.158050537E0
1.376877948E2,2.560950041E0,1.098705006E1,-3.015000105E0
1.376902383E2,5.551950455E0,1.328100109E1,-6.328950405E0
1.376926819E2,3.744000196E0,8.880000114E0,-4.114050388E0
1.376951254E2,1.441050053E0,1.194495010E1,-1.249500066E-1
1.376975690E2,5.494050026E0,1.374600029E1,-5.659500360E-1
1.377000125E2,4.230000019E0,1.228695011E1,-2.962050200E0
1.377024561E2,5.559000492E0,1.144500065E1,-2.944950104E0
1.377048995E2,8.266950607E0,1.438005066E1,-7.996950150E0
1.377073431E2,3.138000250E0,1.008495045E1,-9.730950356E0
1.377097866E2,1.860000044E-1,1.025895023E1,-3.055950165E0
1.377122302E2,-2.080500126E-1,1.406595039E1,-5.209950447E0
1.377146737E2,-3.760500252E-1,2.269950151E0,-6.898050308E0
1.377171173E2,1.017000079E0,5.218950272E0,4.477950096E0
1.377195607E2,7.429050446E0,1.876950145E0,-8.190000653E-1
1.377220042E2,8.554050446E0,1.300050020E0,-1.759950042E0
1.377244478E2,1.011495018E1,5.602950096E0,-2.557950020E0
1.377268913E2,7.987050533E0,5.467950344E0,-5.962050438E0
1.377293349E2,4.845000267E0,7.398000240E0,-4.200000286E0
1.377317784E2,5.716950417E0,1.148805046E1,-3.111000061E0
1.377342220E2,1.777950048E0,9.667950630E0,-5.158050060E0
1.377366654E2,-6.990000606E-1,9.201000214E0,2.512950182E0
1.377391091E2,-8.809500337E-1,1.216305065E1,3.717000246E0
1.377415525E2,1.476000071E0,9.782999992E0,6.499500275E-1
1.377439961E2,0.000000000E0,8.361000061E0,-1.983000040E0
1.377464396E2,8.200500607E-1,9.862050056E0,5.680500269E-1
1.377488832E2,1.651050091E0,8.631000519E0,2.632050037E0
1.377513267E2,6.940500140E-1,1.065705013E1,-1.899000049E0
1.377537703E2,2.137050152E0,1.236600018E1,-2.275050163E0
1.377562137E2,1.558050036E0,9.498000145E0,4.080000222E-1
1.377586574E2,-6.000000238E-2,1.120305061E1,-3.409950256E0
1.377611008E2,1.435950041E0,1.324500084E1,1.453950047E0
1.377635445E2,4.900500178E-1,9.153000832E0,8.340000510E-1
1.377659878E2,-2.047049999E0,1.093500042E1,-3.348000050E0
1.377684313E2,-2.482950211E0,1.126500034E1,1.117050052E0
1.377708749E2,-1.951050043E0,6.723000526E0,-3.640500307E-1
1.377733184E2,-3.439950228E0,7.297950268E0,-3.751950264E0
1.377757620E2,-7.729500532E-1,5.191050053E0,-2.929500043E-1
1.377782055E2,2.719500065E-1,6.493050098E0,4.672049999E0
1.377806491E2,1.062000036E0,9.994050026E0,4.909050465E0
1.377830925E2,3.150000095E0,5.947050095E0,3.103950262E0
1.377855361E2,5.254950047E0,6.820950508E0,3.535050154E0
1.377879796E2,5.539950371E0,1.107300091E1,6.127950191E0
1.377904232E2,3.313050270E0,6.522000313E0,7.042950153E0
1.377928666E2,3.004050255E0,4.240050316E0,4.291050434E0
1.377953100E2,1.808100128E1,5.835000515E0,1.866000056E0
1.377977537E2,1.448505116E1,3.775950193E0,-3.312300110E1
1.378001971E2,2.382000208E0,5.272050381E0,-3.841395187E1
1.378026408E2,1.765950084E0,4.489050388E0,-2.561700058E1
1.378050842E2,7.453050137E0,4.630050182E0,-1.558200073E1
1.378075278E2,8.821949959E0,4.963050365E0,-9.805050850E0
1.378099713E2,9.934950829E0,6.180000305E0,-5.329950333E0
1.378124149E2,1.069395065E1,3.919050217E0,-3.253950119E0
1.378148583E2,1.586595058E1,3.253950119E0,-4.368000031E0
1.378173020E2,1.693605042E1,7.395000011E-2,-6.324000359E0
1.378197454E2,1.336200047E1,-2.299950123E0,-1.306800079E1
1.378221890E2,1.697895050E1,1.864950061E0,-2.610300064E1
1.378246325E2,1.376895046E1,7.849500179E-1,-2.834400177E1
1.378270761E2,1.504950047E0,4.923000336E0,-2.109900093E1
1.378295196E2,1.054949999E0,7.614000320E0,-1.012800026E1
1.378319630E2,2.140050173E0,6.124050140E0,-4.290000200E-1
1.378344067E2,2.668950081E0,9.036000252E0,5.398050308E0
1.378368500E2,7.270500064E-1,1.949700165E1,-5.122050285E0
1.378392937E2,6.670500040E-1,6.385050297E0,-3.625050068E0
1.378417371E2,-3.928950071E0,1.188000011E1,-2.481000185E0
1.378441807E2,5.359500051E-1,9.622950554E0,4.990950108E0
1.378466242E2,3.078000069E0,5.410950184E0,4.258049965E0
1.378490678E2,4.306950092E0,1.133700085E1,-3.330000043E-1
1.378515113E2,6.628950119E0,1.301805019E1,5.508000374E0
1.378539549E2,3.532950163E0,5.895000458E0,2.902950048E0
1.378563983E2,5.202000141E0,8.967000008E0,-8.430000544E-1
1.378588419E2,6.724950314E0,1.176300049E1,6.187950134E0
1.378612854E2,4.054950237E0,9.192000389E0,2.935950041E0
1.378637290E2,2.905950069E0,1.528995037E1,3.475050211E0
1.378661724E2,1.018950105E0,1.189005089E1,9.367050171E0
1.378686159E2,-6.630000472E-1,1.182795048E1,1.045050025E0
1.378710595E2,-3.673050165E0,1.582905102E1,7.636050224E0
1.378735032E2,-3.436050177E0,1.163595009E1,9.789000511E0
1.378759466E2,-2.025000095E0,9.502950668E0,6.091950417E0
1.378783901E2,2.119500041E-1,1.054005051E1,7.372950554E0
1.378808337E2,3.325050116E0,5.655000210E0,5.220000267E0
1.378832771E2,3.789000273E0,4.978050232E0,1.596000075E0
1.378857207E2,5.293050289E0,8.880000114E0,2.653950214E0
1.378881642E2,3.685950279E0,7.791000366E0,6.151950359E0
1.378906078E2,1.789950132E0,7.566000462E0,2.592000008E0
1.378930513E2,3.532950163E0,1.282800102E1,2.911950111E0
1.378954949E2,2.109000206E0,9.634950638E0,3.220500052E-1
1.378979384E2,2.008050203E0,8.631000519E0,1.453950047E0
1.379003820E2,2.428695107E1,9.589050293E0,-6.379050255E0
1.379028254E2,1.031400013E1,7.504050255E0,-3.754995346E1
1.379052691E2,7.720950603E0,9.069000244E0,-4.050705338E1
1.379077125E2,2.611050129E0,6.097950459E0,-3.502905273E1
1.379101561E2,1.378050089E0,4.281000137E0,-1.550100040E1
1.379125995E2,3.148050070E0,6.330000401E0,-4.360500276E-1
1.379150430E2,3.061050177E0,1.124100018E1,8.307000160E0
1.379174866E2,1.642050028E0,7.762050152E0,2.481000185E0
1.379199300E2,3.385050058E0,8.689050674E0,6.196950436E0
1.379223736E2,3.598050117E0,7.386000156E0,2.797050238E0
1.379248171E2,3.712950230E0,7.840950489E0,6.349500418E-1
1.379272607E2,6.121050358E0,1.070700073E1,5.266050339E0
1.379297042E2,4.366050243E0,6.613050461E0,-1.096950054E0
1.379321478E2,5.415000439E0,7.681050301E0,1.879500151E-1
1.379345912E2,6.801000118E0,8.373000145E0,1.050000072E0
1.379370346E2,1.608000040E0,3.586950064E0,9.990000725E-1
1.379394782E2,3.475950241E0,7.743000507E0,-7.710000515E0
1.379419217E2,8.559000015E0,2.772000074E0,-1.386105061E1
1.379443653E2,5.263950348E0,3.261000156E0,-1.789095116E1
1.379468090E2,4.927050114E0,7.959000587E0,-1.526595116E1
1.379492524E2,4.036050320E0,5.100000381E0,-8.320950508E0
1.379516958E2,3.004050255E0,5.169000149E0,-2.794950247E0
1.379541395E2,7.462050438E0,7.824000359E0,2.094000101E0
1.379565829E2,7.237050533E0,7.699950218E0,-2.830500007E-1
1.379590265E2,2.281050205E0,7.233000278E0,-4.099500179E-1
1.379614700E2,7.122000217E0,9.298950195E0,1.507050037E0
1.379639136E2,3.406050205E0,4.012950420E0,-5.494950294E0
1.379663571E2,3.832050085E0,5.437050343E0,-1.911000133E0
1.379688007E2,1.085205078E1,7.609050274E0,-7.803000450E0
1.379712442E2,1.951050043E0,6.450000286E0,-6.123000145E0
1.379736878E2,1.867050052E0,1.081995010E1,-6.780000329E-1
1.379761312E2,2.508000135E0,1.065195084E1,-4.212000370E0
1.379785748E2,1.297050118E0,8.590950012E0,-7.620000243E-1
1.379810183E2,5.017950058E0,1.234200096E1,-1.987950087E0
1.379834619E2,5.785950184E0,1.122195053E1,-6.364050388E0
1.379859053E2,1.041000009E0,8.171999931E0,-2.811000109E0
1.379883488E2,1.078950047E0,1.102800083E1,-1.110000089E-1
1.379907924E2,3.520950079E0,1.094895077E1,-3.859950066E0
1.379932359E2,1.218000054E0,6.414000511E0,-1.177950025E0
1.379956795E2,4.447950363E0,9.301950455E0,4.369500279E-1
1.379981229E2,4.915050030E0,9.316050529E0,-4.059000015E0
1.380005665E2,1.297050118E0,8.497050285E0,1.035000086E0
1.380030100E2,5.463000298E0,1.287195015E1,1.126049995E0
1.380054536E2,3.202950239E0,8.896950722E0,-4.878000259E0
1.380078971E2,1.606050134E0,9.607950211E0,-4.390500188E-1
1.380103405E2,7.692000389E0,1.223205090E1,-5.875950336E0
1.380127842E2,2.281050205E0,9.199050903E0,-5.176950455E0
1.380152275E2,1.488000035E0,9.840000153E0,-1.128000021E0
1.380176712E2,3.457050085E0,9.706050873E0,-3.951000214E0
1.380201148E2,1.311000109E0,6.346950531E0,-3.180000067E0
1.380225582E2,3.021000147E0,5.952000141E0,-1.138050079E0
1.380250017E2,6.088050365E0,6.787950516E0,-2.160000086E0
1.380274453E2,2.937000036E0,5.313000202E0,-2.146050215E0
1.380298888E2,3.139950037E0,8.657999992E0,1.485000014E0
1.380323324E2,4.669950008E0,6.712950230E0,-3.040950060E0
1.380347759E2,2.371950150E0,4.906050205E0,-2.289000034E0
1.380372195E2,7.716000557E0,9.931050301E0,-2.373000145E0
1.380396629E2,5.487000465E0,6.663000107E0,-7.375050545E0
1.380421065E2,7.920000553E-1,7.434000492E0,-1.600050092E0
1.380445500E2,3.447000265E0,1.022100067E1,-2.409000158E0
1.380469936E2,2.659050226E0,4.908000469E0,-5.068950176E0
1.380494371E2,2.347950220E0,4.839000225E0,-2.479050159E0
1.380518807E2,7.101000309E0,6.924000263E0,-4.462950230E0
1.380543242E2,3.499950171E0,4.947000027E0,-4.897050381E0
1.380567675E2,1.038000107E0,8.257950783E0,-1.899000049E0
1.380592112E2,3.514050245E0,7.918050289E0,-1.846050143E0
1.380616546E2,4.014000416E0,4.447950363E0,-5.245950222E0
1.380640982E2,7.089000225E0,8.350950241E0,-3.609000206E0
1.380665417E2,9.001950264E0,7.141950130E0,-6.682950497E0
1.380689853E2,6.430500150E-1,7.501050472E0,-7.021050453E0
1.380714288E2,1.539000034E0,1.009395027E1,6.739500165E-1
1.380738724E2,4.963050365E0,7.317000389E0,-5.473950386E0
1.380763158E2,1.213050008E0,3.712950230E0,-2.649000168E0
1.380787594E2,6.153000355E0,8.152050018E0,5.590500236E-1
1.380812028E2,6.166950226E0,7.164000511E0,-5.100000381E0
1.380836465E2,2.197050095E0,8.590950012E0,-1.192950010E0
1.380860900E2,3.379950047E0,1.174905014E1,-2.650950193E0
1.380885336E2,2.487000227E0,7.731000423E0,-3.919950247E0
1.380909771E2,2.664000034E0,1.021605015E1,-1.296000004E0
1.380934204E2,7.491000175E0,1.193805027E1,-6.043950081E0
1.380958640E2,5.038950443E0,9.694050789E0,-5.959950447E0
1.380983075E2,8.400000334E-1,9.654000282E0,-2.287050009E0
1.381007511E2,2.104050159E0,1.188495064E1,-1.468050122E0
1.381031946E2,2.656950235E0,8.136000633E0,-4.462950230E0
1.381056382E2,1.102950096E0,6.895050526E0,8.580000401E-1
1.381080817E2,5.638050079E0,9.493050575E0,-2.325000048E0
1.381105253E2,2.143949986E0,7.309950352E0,-2.242050171E0
1.381129687E2,2.652000189E0,8.775000572E0,1.272000074E0
1.381154123E2,5.149050236E0,9.511950493E0,-5.740050316E0
1.381178558E2,1.522050023E0,6.250950336E0,-2.176950216E0
1.381202994E2,5.365050316E0,1.042500019E1,-2.257950068E0
1.381227429E2,5.026950359E0,9.714000702E0,-5.569950104E0
1.381251865E2,1.066950083E0,7.618950367E0,-1.474950075E0
1.381276299E2,2.056050062E0,8.131050110E0,-1.104000092E0
1.381300733E2,2.530050039E0,6.508050442E0,-3.099000216E0
1.381325170E2,7.939500213E-1,3.855000257E0,-3.712050200E0
1.381349604E2,4.507950306E0,4.510950089E0,-1.837050080E0
1.381374040E2,4.795050144E0,3.694050074E0,-4.935000420E0
1.381398475E2,9.310500622E-1,4.462950230E0,-1.525950074E0
1.381422911E2,5.299950123E0,7.506000519E0,1.800000109E-2
1.381447346E2,3.061050177E0,2.842050076E0,-4.201950073E0
1.381471782E2,4.989000320E0,6.193950176E0,-6.640500426E-1
1.381496217E2,8.286000252E0,7.537050247E0,-5.590950489E0
1.381520653E2,1.783050060E0,5.430000305E0,-6.826950550E0
1.381545087E2,6.720000505E-1,8.440050125E0,-9.679500461E-1
1.381569523E2,3.576000214E0,6.247050285E0,-5.055000305E0
1.381593958E2,1.618050098E0,2.737050056E0,-5.184000015E0
1.381618394E2,4.414050102E0,5.679000378E0,-1.789050102E0
1.381642828E2,8.776950836E0,6.031050205E0,-1.783950090E0
1.381667263E2,3.139950037E0,5.413050175E0,-4.174050331E0
1.381691699E2,1.966950059E0,1.045305061E1,-4.605000094E-2
1.381716134E2,4.512000084E0,7.321950436E0,-6.040950298E0
1.381740570E2,3.373050213E0,7.185000420E0,-5.596050262E0
1.381765004E2,9.210000038E0,1.071195030E1,-5.040000439E0
1.381789440E2,7.158000469E0,8.452050209E0,-9.538950920E0
1.381813875E2,6.105000153E-2,1.009200001E1,-8.170500398E-1
1.381838311E2,2.479950190E0,1.218900013E1,-1.468050122E0
1.381862746E2,2.146950006E0,7.425000191E0,-3.550950050E0
1.381887182E2,2.140050173E0,6.958050251E0,-4.390500188E-1
1.381911617E2,6.279000282E0,1.044600010E1,-4.108950138E0
1.381936053E2,3.817950249E0,8.812950134E0,-2.602950096E0
1.381960487E2,4.030950069E0,1.117605019E1,-3.489000082E0
1.381984921E2,4.608000278E0,1.111395073E1,-5.127000332E0
1.382009357E2,2.425050020E0,1.057305050E1,-3.891000271E0
1.382033792E2,4.126950264E0,1.324500084E1,-6.780000329E-1
1.382058228E2,9.032999992E0,1.363305092E1,-6.301950455E0
1.382082663E2,1.957950115E0,1.110705090E1,-1.923000097E0
1.382107099E2,1.575000048E0,1.326900101E1,6.139500141E-1
1.382131534E2,3.907050133E0,1.259100056E1,-4.983000278E0
1.382155970E2,1.108050108E0,7.297950268E0,-3.123000145E0
1.382180404E2,4.183950424E0,8.968950272E0,-1.839000106E0
1.382204841E2,4.869000435E0,9.939000130E0,-4.023000240E0
1.382229275E2,2.068050146E0,8.370000839E0,-1.186050057E0
1.382253709E2,5.815050125E0,1.104000092E1,-2.256000042E0
1.382278146E2,3.676950216E0,6.994050503E0,-4.427999973E0
1.382302582E2,3.823050261E0,8.662050247E0,-1.717050076E0
1.382327017E2,7.668000221E0,9.108000755E0,-5.626950264E0
1.382351450E2,4.594050407E0,5.896950245E0,-8.886000633E0
1.382375887E2,1.036050081E0,6.457050323E0,-3.877050161E0
1.382400321E2,3.507000208E0,6.321000099E0,-2.598000050E0
1.382424757E2,3.208050251E0,2.602050066E0,-5.626950264E0
1.382449192E2,2.032050133E0,3.654000282E0,-3.979500234E-1
1.382473628E2,7.417050362E0,6.715950489E0,3.516000271E0
1.382498063E2,2.704950094E0,9.120000601E-1,-1.213950038E0
1.382522499E2,1.765950084E0,7.579950333E0,1.018050075E0
1.382546934E2,4.515000343E0,5.449050426E0,-2.416050196E0
1.382571370E2,3.211950064E0,2.884950161E0,-6.838950157E0
1.382595804E2,7.231950283E0,7.603950500E0,-6.307050228E0
1.382620241E2,6.567000389E0,4.048950195E0,-6.381000519E0
1.382644675E2,1.980000138E-1,8.101950645E0,-4.630950451E0
1.382669111E2,2.371950150E0,7.159050465E0,-2.056950092E0
1.382693546E2,6.232050419E0,4.489050388E0,-4.336950302E0
1.382717980E2,2.725950241E0,4.096950054E0,-3.994050264E0
1.382742417E2,6.861000538E0,6.814050198E0,2.505000122E-2
1.382766851E2,7.575000286E0,6.012000084E0,-4.000950336E0
1.382791288E2,1.017000079E0,7.255050182E0,-4.135050297E0
1.382815722E2,3.427950144E0,1.074795055E1,-9.490500689E-1
1.382840158E2,2.695050240E0,5.904000282E0,-5.383050442E0
1.382864592E2,4.060050011E0,9.535950661E0,-1.747950077E0
1.382889028E2,9.375000000E0,1.101600075E1,-9.172950745E0
1.382913463E2,1.311000109E0,7.477050304E0,-4.758000374E0
1.382937899E2,7.339500189E-1,1.031895065E1,5.230500102E-1
1.382962334E2,1.636950135E0,1.187805080E1,-3.151050091E0
1.382986770E2,1.029000044E0,6.301950455E0,-6.900000572E-1
1.383011205E2,2.092050076E0,6.867000103E0,1.038000107E0
1.383035641E2,4.146000385E0,9.366000175E0,-3.400050163E0
1.383060075E2,2.841000080E0,7.555950165E0,-1.699950099E0
1.383084509E2,2.674050093E0,1.068600082E1,-9.990000725E-1
1.383108945E2,3.373050213E0,9.486000061E0,-5.494950294E0
1.383133380E2,1.516950130E0,8.140049934E0,-3.469950199E0
1.383157816E2,5.707050323E0,1.112895012E1,-1.923000097E0
1.383182251E2,4.933950424E0,7.959000587E0,-5.766000271E0
1.383206687E2,6.840000153E-1,8.059050560E0,5.010000467E-1
1.383231122E2,4.394999981E0,9.697050095E0,-1.068000078E0
1.383255558E2,2.470050097E0,4.978050232E0,-4.293000221E0
1.383279992E2,1.588950038E0,5.373000145E0,-5.389500260E-1
1.383304429E2,6.547950268E0,6.922050476E0,-2.854050159E0
1.383328863E2,3.238950253E0,5.695950508E0,-3.072000027E0
1.383353299E2,2.226000071E0,9.235050201E0,-5.100000277E-2
1.383377734E2,2.961000204E0,8.509050369E0,-3.063000202E0
1.383402170E2,2.154000044E0,6.622950077E0,-2.505000114E0
1.383426604E2,5.889000416E0,9.679950714E0,-2.206050158E0
1.383451039E2,7.030950546E0,7.930050373E0,-6.835950375E0
1.383475475E2,1.692000031E0,9.096000671E0,-5.104950428E0
1.383499912E2,1.825950146E0,1.144200039E1,-4.050000310E-1
1.383524345E2,4.960050106E0,7.312050343E0,-5.152950287E0
1.383548780E2,1.587000132E0,6.462000370E0,-3.063000202E0
1.383573216E2,6.952050209E0,9.996000290E0,-1.072950006E0
1.383597651E2,6.112050056E0,6.730050087E0,-7.047000408E0
1.383622087E2,1.189050078E0,1.114995098E1,-2.755950212E0
1.383646522E2,4.225049973E0,1.126500034E1,-2.589000225E0
1.383670958E2,4.462050438E0,7.336050510E0,-6.063000202E0
1.383695392E2,5.355000019E0,1.207905102E1,-4.984950066E0
1.383719829E2,1.147005081E1,1.166205025E1,-8.716050148E0
1.383744263E2,3.040050030E0,1.153800011E1,-7.959000587E0
1.383768697E2,-3.610500097E-1,1.387005043E1,-2.428050041E0
1.383793133E2,5.821950436E0,1.137300014E1,-3.855000257E0
1.383817568E2,3.375000238E0,7.398000240E0,-7.930050373E0
1.383842004E2,6.205050468E0,1.071405029E1,-3.250050068E0
1.383866438E2,1.026300049E1,8.884950638E0,-6.412050247E0
1.383890875E2,2.164050102E0,1.017300034E1,-5.686950207E0
1.383915309E2,3.483000278E0,1.356600094E1,-3.430500031E-1
1.383939746E2,3.745950222E0,7.860000610E0,-3.925050259E0
1.383964180E2,2.716950178E0,1.162905025E1,-4.360500276E-1
1.383988616E2,1.060800076E1,1.189695072E1,-2.662950039E0
1.384013051E2,4.867050171E0,8.203050613E0,-6.982050419E0
1.384037487E2,-6.649500132E-1,1.174095058E1,5.160000324E-1
1.384061922E2,1.669500023E-1,1.092300034E1,2.437950134E0
1.384086358E2,1.624950051E0,7.771950245E0,-4.309500158E-1
1.384110792E2,1.287000060E0,8.326950073E0,-1.015950084E0
1.384135226E2,1.615050077E0,8.017950058E0,1.593000054E0
1.384159662E2,1.789950132E0,7.498950481E0,2.131950140E0
1.384184099E2,1.615050077E0,7.056000233E0,-2.758950233E0
1.384208533E2,4.054950237E0,9.996000290E0,1.174050093E0
1.384232970E2,3.856050253E0,7.449000359E0,-1.899000049E0
1.384257404E2,2.425050020E0,8.752950668E0,-2.196000099E0
1.384281839E2,7.453050137E0,1.045800018E1,-1.687950134E0
1.384306275E2,1.000050068E0,6.796950340E0,-9.220500588E-1
1.384330709E2,2.863050222E0,7.705050468E0,9.280500412E-1
1.384355146E2,3.547950268E0,7.831950188E0,-5.383050442E0
1.384379580E2,5.260500312E-1,3.832950115E0,-5.038050175E0
1.384404016E2,2.484000206E0,3.132000208E0,-3.988950253E0
1.384428451E2,4.162950039E0,3.931050301E0,-3.771000147E0
1.384452887E2,1.869000077E0,4.128000259E0,-2.140950203E0
1.384477321E2,3.856050253E0,6.136050224E0,2.929500043E-1
1.384501755E2,5.002950191E0,4.429050446E0,-3.919950247E0
1.384526191E2,4.812000275E0,4.990050316E0,-3.763950109E0
1.384550626E2,7.615050316E0,7.786050320E0,-4.981050014E0
1.384575062E2,2.491950035E0,5.653050423E0,-6.171000481E0
1.384599497E2,-1.149000049E0,1.025700092E1,3.705000132E-2
1.384623933E2,4.654050350E0,7.189950466E0,-2.160000086E0
1.384648368E2,4.599000454E0,2.782050133E0,-7.759950161E0
1.384672804E2,3.243000269E0,6.121950150E0,-4.699950218E0
1.384697238E2,9.523950577E0,3.225000143E0,-4.035000324E0
1.384721674E2,4.584000111E0,6.132000446E0,-7.609950542E0
1.384746109E2,8.320500255E-1,9.109950066E0,-5.431050301E0
1.384770545E2,5.053950310E0,6.199050426E0,-5.845050335E0
1.384794980E2,4.572000027E0,5.653050423E0,-8.557950020E0
1.384819416E2,8.848050117E0,7.221000195E0,-3.751950264E0
1.384843851E2,5.595000267E0,6.697050095E0,-6.489000320E0
1.384868284E2,-1.092000008E0,8.566950798E0,-3.570000231E-1
1.384892721E2,3.231000185E0,9.274950027E0,2.599500120E-1
1.384917155E2,5.118000031E0,3.903000116E0,-5.791950226E0
1.384941592E2,2.235000134E0,5.452050209E0,-8.550000191E-1
1.384966026E2,7.929000378E0,7.501050472E0,-2.959950209E0
1.384990462E2,5.551950455E0,6.145950317E0,-6.511050224E0
1.385014897E2,8.419500589E-1,1.021395016E1,-1.795950055E0
1.385039333E2,1.420950055E0,1.011105061E1,-3.256950140E0
1.385063768E2,1.309050083E0,7.293000221E0,-1.248000026E0
1.385088204E2,4.644000053E0,9.864000320E0,-2.680050135E0
1.385112638E2,7.266000271E0,1.079295063E1,-5.404050350E0
1.385137074E2,2.950950146E0,7.870050430E0,-3.903000116E0
1.385161509E2,1.431000113E0,1.123200035E1,-1.510500014E-1
1.385185945E2,3.811050177E0,1.062600040E1,-3.702000141E0
1.385210379E2,1.447950125E0,6.996000290E0,-2.281949997E0
1.385234814E2,4.074000359E0,9.805050850E0,8.509500623E-1
1.385259250E2,5.860050201E0,9.570000648E0,-5.512050152E0
1.385283687E2,1.860000134E0,8.554950714E0,-5.250000358E-1
1.385308121E2,5.293050289E0,1.217700100E1,-3.295050144E0
1.385332555E2,3.877950191E0,7.594950199E0,-6.838950157E0
1.385356991E2,3.627000093E0,1.020705032E1,-3.982050180E0
1.385381426E2,8.917950630E0,1.039605045E1,-7.260000229E0
1.385405862E2,4.749000072E0,9.120000839E0,-7.297950268E0
1.385430297E2,1.306050062E0,9.828000069E0,-2.683950186E0
1.385454733E2,6.117000103E0,9.781050682E0,-3.858000278E0
1.385479167E2,3.318000078E0,6.567000389E0,-6.766950130E0
1.385503604E2,3.427950144E0,7.578000546E0,-1.363050103E0
1.385528038E2,8.017950058E0,7.405050278E0,-5.139000416E0
1.385552474E2,2.911050081E0,6.502950191E0,-5.349000454E0
1.385576908E2,3.757950068E0,1.067100048E1,1.726950049E0
1.385601345E2,4.831050396E0,6.553050518E0,-3.360000134E0
1.385625780E2,3.813000202E0,7.470000267E0,-8.500500321E-1
1.385650214E2,8.755050659E0,1.036005020E1,-3.517950058E0
1.385674650E2,4.708950043E0,7.483950138E0,-7.966050148E0
1.385699084E2,-1.600500047E-1,1.040100002E1,-1.930050135E0
1.385723521E2,2.500950098E0,9.157950401E0,-1.381950021E0
1.385747955E2,4.990950108E0,5.965950489E0,-4.195050240E0
1.385772391E2,3.049950123E0,6.807000160E0,-2.299050093E0
1.385796826E2,7.174950123E0,8.677050591E0,-1.273950100E0
1.385821262E2,5.434050083E0,8.097000122E0,-5.862000465E0
1.385845697E2,-1.200000048E-1,9.679950714E0,-1.249500066E-1
1.385870133E2,1.735050082E0,1.093500042E1,-1.369500011E-1
1.385894567E2,2.116050005E0,7.072950363E0,-3.621000290E0
1.385919001E2,4.990950108E0,1.044105053E1,-1.681050062E0
1.385943438E2,8.616000175E0,9.880950928E0,-8.710950851E0
1.385967872E2,1.285050035E0,7.180050373E0,-3.855000257E0
1.385992309E2,6.120000482E-1,1.089900017E1,8.170500398E-1
1.386016743E2,2.680950165E0,9.131999969E0,-1.168950081E0
1.386041179E2,1.302000046E0,6.132000446E0,-1.319999993E-1
1.386065614E2,3.559050083E0,8.028000832E0,4.750500321E-1
1.386090050E2,5.832000256E0,7.839000225E0,-8.239500523E-1
1.386114484E2,2.451000214E0,7.936950207E0,4.339500070E-1
1.386138921E2,3.130950212E0,1.010595036E1,-1.237950087E0
1.386163355E2,2.475000143E0,8.157000542E0,-4.240950108E0
1.386187791E2,1.891050100E0,8.196000099E0,-3.649050236E0
1.386212226E2,7.467000484E0,9.934050560E0,-3.466950178E0
1.386236662E2,3.856050253E0,7.483950138E0,-6.325950146E0
1.386261096E2,1.980000138E-1,9.570000648E0,6.160500050E-1
1.386285533E2,3.574050188E0,1.071900082E1,-2.019000053E0
1.386309968E2,1.876050115E0,5.971050262E0,-5.092950344E0
1.386334404E2,2.769000053E0,6.426000118E0,-2.661000013E0
1.386358838E2,6.991050243E0,6.520050526E0,-6.265950203E0
1.386383272E2,3.724950075E0,6.253950119E0,-5.785050392E0
1.386407708E2,2.451000214E0,1.017300034E1,-2.977050066E0
1.386432143E2,3.361050129E0,8.401050568E0,-4.027950287E0
1.386456579E2,2.544000149E0,6.775950432E0,-4.027950287E0
1.386481014E2,6.526050091E0,8.967000008E0,-4.132950306E0
1.386505450E2,6.519000530E0,6.727950096E0,-8.115000725E0
1.386529884E2,3.199500144E-1,9.105000496E0,-4.768050194E0
1.386554321E2,3.078000069E0,9.639000893E0,-1.000950098E0
1.386578755E2,5.247000217E0,4.140000343E0,-6.160950184E0
1.386603189E2,6.550500393E-1,5.863950253E0,-1.861050129E0
1.386627626E2,7.993950367E0,6.699000359E0,6.550500393E-1
1.386652060E2,6.250950336E0,4.767000198E0,-6.520050526E0
1.386676497E2,2.220000178E-1,9.520050049E0,-9.630000591E-1
1.386700933E2,5.128050327E0,7.234950542E0,-2.878050089E0
1.386725368E2,3.640950203E0,5.310000420E0,-4.570950031E0
1.386749801E2,7.339950562E0,8.855999947E0,-4.411050320E0
1.386774238E2,8.431950569E0,7.936950207E0,-8.251049995E0
1.386798672E2,1.450500041E-1,9.262950897E0,-5.500050068E0
1.386823108E2,-1.197000027E0,1.040805054E1,1.011000037E0
1.386847543E2,3.949950218E0,6.631950378E0,-1.767000079E0
1.386871979E2,2.769000053E0,4.585050106E0,-4.819950104E0
1.386896414E2,5.844000340E0,7.525050163E0,-1.405950069E0
1.386920850E2,7.504950523E0,6.534000397E0,-5.541000366E0
1.386945284E2,5.140500069E-1,6.649050236E0,-1.882050037E0
1.386969718E2,1.045050025E0,1.095600033E1,1.732050061E0
1.386994155E2,3.064050198E0,5.607000351E0,-3.040950060E0
1.387018589E2,3.789000273E0,9.181950569E0,-1.714950085E0
1.387043026E2,9.142950058E0,1.030005074E1,-6.678000450E0
1.387067462E2,2.821950197E0,7.510950565E0,-6.202050209E0
1.387091896E2,-7.590000629E-1,1.087200069E1,4.200000167E-1
1.387116331E2,2.106000185E0,9.670050621E0,-2.299500108E-1
1.387140767E2,2.908050060E0,6.745050430E0,-2.752050161E0
1.387165202E2,2.350050211E0,8.229000092E0,-3.790500164E-1
1.387189638E2,6.730050087E0,9.373950005E0,-1.162050009E0
1.387214072E2,3.472950220E0,8.551950455E0,-3.160950184E0
1.387238509E2,1.066950083E0,1.190700054E1,1.684050083E0
1.387262944E2,2.736000061E0,1.185195065E1,-2.296950102E0
1.387287380E2,1.654050112E0,9.148050308E0,-1.939950109E0
1.387311814E2,4.948050022E0,1.338195038E1,-5.100000501E-1
1.387336250E2,6.049950123E0,1.149000072E1,-7.642950535E0
1.387360684E2,1.765950084E0,1.025505066E1,-3.003000259E0
1.387385121E2,3.399000168E0,1.334295082E1,-2.863950253E0
1.387409556E2,3.531000137E0,9.867000580E0,-4.396049976E0
1.387433990E2,8.610000610E-1,9.627000809E0,-8.269500136E-1
1.387458426E2,5.487000465E0,1.110900021E1,-7.399500608E-1
1.387482860E2,5.058000088E0,1.000605011E1,-2.380050182E0
1.387507296E2,2.736000061E0,1.120005035E1,-1.981050134E0
1.387531731E2,5.070000172E0,1.147800064E1,-2.986050129E0
1.387556167E2,3.198000193E0,8.242950439E0,-5.862000465E0
1.387580602E2,5.712000370E0,1.127205086E1,-1.747950077E0
1.387605038E2,8.986950874E0,1.090305042E1,-8.284950256E0
1.387629473E2,2.476950169E0,8.878050804E0,-7.336950302E0
1.387653909E2,2.793000221E0,1.174905014E1,-9.390000701E-1
1.387678343E2,4.359000206E0,8.626950264E0,-4.072950363E0
1.387702779E2,1.716000080E0,7.104000568E0,-2.572050095E0
1.387727214E2,5.437050343E0,9.414000511E0,-3.379500210E-1
1.387751648E2,5.547000408E0,6.766050339E0,-4.312950134E0
1.387776085E2,1.636950135E0,9.625050545E0,-2.620050192E0
1.387800519E2,4.399950027E0,1.055400085E1,-3.259500265E-1
1.387824955E2,4.788000107E0,6.553050518E0,-4.722000122E0
1.387849390E2,3.849000216E0,1.122405052E1,-2.236950159E0
1.387873826E2,9.636000633E0,1.223505020E1,-5.107050419E0
1.387898260E2,2.719050169E0,9.726000786E0,-8.626950264E0
1.387922696E2,-4.429500103E-1,1.362105083E1,-1.108950019E0
1.387947131E2,4.096050262E0,9.991050720E0,-5.292000294E0
1.387971567E2,2.508000135E0,6.283050060E0,-6.385950089E0
1.387996002E2,5.010000229E0,6.754050255E0,-4.782000065E0
1.388020436E2,8.335950851E0,4.693050385E0,-8.799000740E0
1.388044872E2,3.796950102E0,5.485050201E0,-8.086050034E0
1.388069309E2,1.672950029E0,6.180000305E0,-4.899000168E0
1.388093744E2,3.724950075E0,3.591000080E0,-5.431050301E0
1.388118180E2,4.038000107E0,3.462000132E0,-6.070050240E0
1.388142614E2,6.556950092E0,6.022050381E0,-2.341950178E0
1.388167048E2,6.235950470E0,3.016950130E0,-2.457000017E0
1.388191484E2,-1.774050117E0,6.721050262E0,1.110000089E-1
1.388215919E2,1.405050039E0,6.498000145E0,3.667050123E0
1.388240355E2,6.519000530E0,3.520500064E-1,-3.349950075E0
1.388264790E2,3.985950232E0,6.079500318E-1,-4.417950153E0
1.388289226E2,5.371950150E0,3.214950085E0,-2.524050236E0
1.388313661E2,6.940050125E0,-2.670000196E-1,-3.688050270E0
1.388338097E2,3.703050137E0,5.338950157E0,-5.875950336E0
1.388362531E2,3.607050180E0,5.353950024E0,-7.272000313E0
1.388386968E2,3.427950144E0,4.561050415E0,-7.807950497E0
1.388411402E2,6.544950485E0,6.201000214E0,-5.187000275E0
1.388435838E2,7.644000530E0,5.539950371E0,-1.204950094E0
1.388460273E2,2.009999990E0,7.687950134E0,1.357950091E0
1.388484707E2,8.110500574E-1,1.090800095E1,4.738950253E0
1.388509143E2,4.110000134E0,9.874050140E0,2.280000150E-1
1.388533578E2,2.178000212E0,8.389050484E0,4.129500091E-1
1.388558014E2,4.732950211E0,1.192095089E1,2.950500250E-1
1.388582448E2,6.424950123E0,1.164795017E1,-4.303050041E0
1.388606884E2,1.420950055E0,1.142505074E1,-2.869050026E0
1.388631319E2,4.246950150E0,1.681305122E1,-1.774950027E0
1.388655755E2,2.749950171E0,1.424595070E1,-5.361000061E0
1.388680190E2,2.056050062E0,1.224405098E1,1.380000114E0
1.388704626E2,4.213050365E0,1.657095146E1,-5.557950497E0
1.388729061E2,1.186950088E0,1.408500099E1,-5.728050232E0
1.388753494E2,1.038000107E0,1.354395103E1,-3.300000191E0
1.388777931E2,3.457050085E0,1.561305046E1,-9.736050606E0
1.388802368E2,2.575050116E0,1.122405052E1,-9.625950813E0
1.388826802E2,1.210950017E0,8.908950806E0,-2.422950029E0
1.388851236E2,5.346000195E0,1.251000023E1,-3.582000256E0
1.388875672E2,2.947050095E0,6.826050282E0,-3.642000198E0
1.388900107E2,3.741000175E0,8.920950890E0,7.260000110E-1
1.388924543E2,5.128050327E0,6.292050362E0,-4.159049988E0
1.388948978E2,4.588950157E0,5.646000385E0,-1.995000124E0
1.388973414E2,8.314949989E0,7.213950157E0,-2.365950108E0
1.388997848E2,5.242950439E0,4.756950378E0,-7.393950462E0
1.389022284E2,-1.770000011E-1,7.698000431E0,-1.729050040E0
1.389046719E2,1.849950075E0,7.507950306E0,6.300000101E-2
1.389071155E2,6.004050255E0,2.847000122E0,-4.462950230E0
1.389095590E2,3.436950207E0,4.483950138E0,-3.568050146E0
1.389120026E2,7.849950314E0,5.815950394E0,-1.936950088E0
1.389144460E2,6.730050087E0,2.691000223E0,-5.814000130E0
1.389168896E2,1.275000095E0,8.482950211E0,-6.027000427E0
1.389193330E2,6.379950523E0,4.297950268E0,-4.570950031E0
1.389217765E2,4.807050228E0,3.253950119E0,-6.625050545E0
1.389242201E2,7.335000515E0,6.280050278E0,-5.248950481E0
1.389266636E2,6.403950214E0,2.839950085E0,-4.906050205E0
1.389291072E2,-3.760500252E-1,5.482950211E0,-4.911000252E0
1.389315506E2,1.393050075E0,5.245950222E0,-3.570000172E0
1.389339942E2,5.962950230E0,1.036949992E0,-5.521950245E0
1.389364377E2,3.378000259E0,-2.070000172E-1,-7.066050529E0
1.389388813E2,4.990950108E0,2.859000206E0,-2.140950203E0
1.389413247E2,6.531000137E0,1.932000041E0,-3.790500164E-1
1.389437684E2,2.434050083E0,4.666050434E0,-1.957050085E0
1.389462119E2,2.788950205E0,7.389000416E0,-2.905050039E0
1.389486555E2,6.763050556E0,4.159049988E0,-5.254050255E0
1.389510989E2,8.053950310E0,8.179050446E0,-8.871000290E0
1.389535423E2,1.014600086E1,1.062795067E1,-7.459050179E0
1.389559859E2,6.078000069E0,7.309950352E0,-9.289950371E0
1.389584294E2,3.933000088E0,1.289595032E1,-1.524495029E1
1.389608730E2,3.300000131E-1,1.271400070E1,-1.861050129E0
1.389633165E2,6.900000572E-2,1.007700062E1,9.259950638E0
1.389657601E2,1.414050102E0,1.226295090E1,1.629000068E0
1.389682036E2,3.190950155E0,1.359195042E1,-3.210000098E-1
1.389706472E2,3.640950203E0,9.892950058E0,6.901050091E0
1.389730906E2,2.689950228E0,1.111695099E1,1.195950031E0
1.389755342E2,6.090000153E0,1.159305096E1,3.030000031E-1
1.389779777E2,1.083300018E1,9.666000366E0,-1.025505066E1
1.389804213E2,5.434050083E0,1.071705055E1,-1.838595009E1
1.389828648E2,1.692000031E0,1.187595081E1,-1.713899994E1
1.389853084E2,-7.399500608E-1,6.820950508E0,-2.380050182E0
1.389877519E2,1.444950104E0,1.022805023E1,2.917050123E0
1.389901952E2,3.394050121E0,1.406400108E1,2.019000053E0
1.389926388E2,5.400000140E-2,5.358000278E0,2.047950029E0
1.389950823E2,-2.272050142E0,9.658050537E0,1.147950053E0
1.389975259E2,-3.055050135E0,9.859950066E0,4.459050179E0
1.389999694E2,-3.021000147E0,1.268205070E1,2.896050215E0
1.390024130E2,-5.700000376E-2,1.249605083E1,2.910000086E0
1.390048565E2,2.725950241E0,1.102305031E1,3.327000141E0
1.390073001E2,3.487950087E0,1.609200096E1,2.793000221E0
1.390097435E2,4.543950081E0,1.294605064E1,5.103000164E0
1.390121871E2,3.877950191E0,9.943050385E0,3.403050184E0
1.390146305E2,4.405050278E0,1.183500099E1,2.484000206E0
1.390170742E2,3.973950148E0,1.050600052E1,-1.600050092E0
1.390195177E2,1.773000121E0,6.084000111E0,3.504000187E0
1.390219613E2,1.945950150E0,6.666000366E0,-1.143000007E0
1.390244047E2,5.668950081E0,6.607950211E0,6.469950199E0
1.390268482E2,1.480500031E1,2.784000158E0,-1.004700089E1
1.390292918E2,8.985000610E0,7.240050316E0,-3.088905144E1
1.390317352E2,2.796000242E0,7.378950119E0,-2.956800079E1
1.390341789E2,-2.340000123E-1,5.602950096E0,-1.993305016E1
1.390366223E2,-2.434950113E0,1.344405079E1,-1.003005028E1
1.390390659E2,-2.293950081E0,6.571950436E0,6.031950474E0
1.390415094E2,-2.272050142E0,4.492050171E0,1.065300083E1
1.390439530E2,-4.140000343E-1,2.623950243E0,6.118050098E0
1.390463965E2,3.226950169E0,1.561050057E0,1.741950035E0
1.390488401E2,7.777950287E0,6.319500208E-1,-1.767000079E0
1.390512835E2,1.233195019E1,1.258950114E0,-3.430950165E0
1.390537272E2,1.280400085E1,-3.361050129E0,-7.582950592E0
1.390561706E2,1.265100098E1,1.791000128E0,-1.973895073E1
1.390586140E2,8.422050476E0,3.792000294E0,-2.056500053E1
1.390610576E2,6.741000175E0,2.622000217E0,-1.785000038E1
1.390635011E2,7.000050545E0,5.008950233E0,-1.309995079E1
1.390659447E2,5.941950321E0,3.679950237E0,-5.059500337E-1
1.390683882E2,2.913000107E0,6.199050426E0,2.853000164E0
1.390708318E2,4.929000378E0,6.277950287E0,2.199000120E0
1.390732752E2,5.271000385E0,8.085000038E0,-3.721050262E0
1.390757188E2,2.848050117E0,1.769805145E1,-4.957050323E0
1.390781623E2,2.977950096E0,1.792605019E1,5.959950447E0
1.390806059E2,2.559000015E0,1.365000057E1,5.283000469E0
1.390830494E2,1.210950017E0,1.542195034E1,-2.385000229E0
1.390854928E2,7.320000529E-1,1.845495033E1,-4.461000443E0
1.390879365E2,2.167950153E0,1.751205063E1,3.790950298E0
1.390903801E2,2.980500162E-1,1.639800072E1,1.710000038E-1
1.390928235E2,5.070000291E-1,1.869900131E1,-2.071950197E0
1.390952669E2,3.850500286E-1,1.296495056E1,1.050000079E-3
1.390977105E2,-2.013000011E0,9.864000320E0,-1.447050095E0
1.391001540E2,-3.721050262E0,1.392495060E1,-1.789050102E0
1.391025976E2,-1.495950103E0,6.127050400E0,4.440000355E-1
1.391050411E2,-3.127050161E0,7.165950298E0,-1.626000047E0
1.391074847E2,-2.241000175E0,3.961950302E0,-5.935950279E0
1.391099282E2,-2.509050131E0,2.635950089E0,-2.062050104E0
1.391123718E2,-6.679500341E-1,3.490500152E-1,1.209000015E1
1.391148152E2,-7.639500499E-1,8.590500355E-1,2.517000198E0
1.391172589E2,1.723050117E0,2.674050093E0,-8.340000510E-1
1.391197023E2,2.215950012E0,2.527950048E0,4.810950279E0
1.391221459E2,1.291950107E0,1.246950030E0,6.286050320E0
1.391245894E2,6.744000435E0,2.050905037E1,2.488950014E0
1.391270330E2,6.271950245E0,1.980105019E1,4.641000271E0
1.391294764E2,-2.820000052E-1,1.882050037E0,3.300000191E0
1.391319199E2,1.226805019E1,1.623000026E0,5.800500512E-1
1.391343635E2,1.863899994E1,4.101000309E0,-3.296504974E1
1.391368069E2,1.073805046E1,3.567000151E0,-3.212700272E1
1.391392505E2,3.592950106E0,7.681050301E0,-2.651205063E1
1.391416940E2,5.724000454E0,7.896000385E0,-1.642500114E1
1.391441376E2,3.829950094E0,5.467950344E0,-3.678000212E0
1.391465811E2,7.912050247E0,1.252200031E1,4.537950039E0
1.391490247E2,4.249050140E0,1.055895042E1,4.732050419E0
1.391514681E2,9.280500412E-1,2.812950134E0,2.806950092E0
1.391539118E2,1.800000072E0,5.658000469E0,5.623050213E0
1.391563552E2,3.483000278E0,6.286950111E0,-3.781050205E0
1.391587989E2,5.400000215E-1,3.088950157E0,-2.895000204E-2
1.391612423E2,1.788000107E0,4.441050053E0,2.139000177E0
1.391636857E2,3.531000137E0,8.041950226E0,5.710500479E-1
1.391661293E2,1.906950116E0,9.330000877E0,-1.612050056E0
1.391685728E2,3.559500277E-1,1.167900085E1,-4.822950363E0
1.391710164E2,-3.949500322E-1,6.325950146E0,-1.092600060E1
1.391734599E2,1.474050045E0,5.976000309E0,-1.123395061E1
1.391759035E2,7.479000568E0,2.791950226E0,-1.085100079E1
1.391783469E2,6.073050499E0,-8.509500623E-1,-1.158600044E1
1.391807906E2,6.769950390E0,1.050000042E-1,-6.889050484E0
1.391832340E2,8.185050011E0,7.090500593E-1,-4.305000305E0
1.391856776E2,4.612950325E0,3.379500210E-1,-3.520050049E0
1.391881211E2,7.659000397E0,1.128000021E0,-6.660000086E-1
1.391905647E2,7.429050446E0,7.366950512E0,-5.176950455E0
1.391930082E2,7.366050243E0,1.721505165E1,2.089500129E-1
1.391954518E2,5.238000393E0,1.398300076E1,2.208000183E0
1.391978952E2,3.460950136E0,9.271050453E0,3.849000216E0
1.392003386E2,2.116050005E0,1.361595058E1,-1.978050113E0
1.392027822E2,2.668950081E0,1.525395107E1,-2.078999996E0
1.392052257E2,2.736000061E0,1.124100018E1,5.272950172E0
1.392076693E2,1.954950094E0,1.066395092E1,2.047950029E0
1.392101128E2,2.542050123E0,1.371195030E1,-4.747950077E0
1.392125564E2,6.070500016E-1,9.997950554E0,-8.014050484E0
1.392149999E2,4.800000191E-1,7.200000286E0,-1.698000073E0
1.392174435E2,1.180050015E0,1.310595036E1,-7.449000359E0
1.392198868E2,7.819500566E-1,1.128900051E1,-4.080000222E-1
1.392223305E2,1.605000161E-2,9.366000175E0,-1.930050135E0
1.392247740E2,2.379000187E0,1.156695080E1,1.710000038E0
1.392272176E2,1.129050016E0,9.838050842E0,-1.060500070E-1
1.392296610E2,1.773000121E0,1.319505024E1,2.223000050E0
1.392321044E2,1.974000096E0,1.213395023E1,2.359050035E0
1.392345481E2,1.429500133E-1,5.926050186E0,-1.144950032E0
1.392369915E2,7.414050579E0,8.824950218E0,1.983000040E0
1.392394352E2,9.097050667E0,5.107050419E0,-1.181895065E1
1.392418786E2,7.101000309E0,1.458000064E0,-1.731795120E1
1.392443222E2,8.299950600E0,5.124000072E0,-1.940595055E1
1.392467657E2,5.773950100E0,2.290950060E0,-1.534500027E1
1.392492093E2,4.263000011E0,6.297000408E0,-4.565999985E0
1.392516528E2,4.764000416E0,6.306000233E0,6.400500536E-1
1.392540964E2,2.595000029E0,4.954050064E0,2.700000070E-2
1.392565398E2,4.519500136E-1,8.072999954E0,4.378050327E0
1.392589835E2,2.407950163E0,4.293000221E0,4.876049995E0
1.392614269E2,2.853000164E0,2.428050041E0,3.085050106E0
1.392638705E2,4.441050053E0,4.621050358E0,-3.544050217E0
1.392663139E2,9.748950005E0,1.681050062E0,-8.959950447E0
1.392687574E2,7.249050140E0,-2.089050055E0,-1.164600086E1
1.392712010E2,9.001950264E0,2.647950172E0,-1.164900017E1
1.392736445E2,1.013700008E1,4.840950012E0,-7.329000473E0
1.392760881E2,2.901000023E0,5.875050068E0,-8.164950371E0
1.392785316E2,2.227950096E0,8.515950203E0,-8.554950714E0
1.392809752E2,2.973000050E0,4.348050117E0,-7.435050488E0
1.392834186E2,4.090950012E0,5.683950424E0,-4.638000011E0
1.392858622E2,6.102000237E0,4.420050144E0,-3.658950090E0
1.392883057E2,1.588950038E0,4.089000225E0,2.950950146E0
1.392907491E2,2.050500065E-1,9.048000336E0,3.754950285E0
1.392931928E2,3.373050213E0,9.886050224E0,1.459050059E0
1.392956362E2,3.684000254E0,7.378950119E0,2.817000151E0
1.392980799E2,2.851050138E0,8.287050247E0,-1.887000084E0
1.393005233E2,4.101000309E0,1.026195049E1,1.252950072E0
1.393029669E2,2.731050014E0,9.886050224E0,3.295050144E0
1.393054103E2,1.225050092E0,1.310400105E1,-1.309950113E0
1.393078539E2,2.382000208E0,1.326195049E1,-8.980500698E-1
1.393102974E2,2.239950180E0,9.117000580E0,2.653950214E0
1.393127410E2,1.038000107E0,1.167195034E1,6.090000272E-1
1.393151845E2,6.721950531E0,1.214595032E1,9.195000678E-2
1.393176281E2,4.567049980E0,1.182105064E1,-1.245105076E1
1.393200716E2,3.736950159E0,1.517295074E1,-1.702605057E1
1.393225152E2,1.024049997E0,1.113105011E1,-1.596600056E1
1.393249587E2,-1.147050023E0,5.332050323E0,-2.433000088E0
1.393274023E2,2.149049997E0,9.153000832E0,1.191000104E0
1.393298457E2,2.001000166E0,1.301505089E1,5.776050091E0
1.393322891E2,7.290000319E-1,8.919000626E0,2.746950150E0
1.393347327E2,1.765950084E0,1.178205013E1,2.524050236E0
1.393371762E2,1.801950097E0,9.450000763E0,-1.390500069E-1
1.393396198E2,2.233050108E0,1.261500072E1,2.790000141E-1
1.393420633E2,3.673950195E0,1.575900078E1,2.829000235E0
1.393445069E2,1.732950091E0,1.190700054E1,3.292950153E0
1.393469503E2,1.420950055E0,1.424100113E1,1.323000073E0
1.393493940E2,2.452950001E0,1.423395061E1,7.500000298E-2
1.393518374E2,3.234000206E0,8.581050873E0,1.714950085E0
1.393542810E2,9.985950470E0,9.358950615E0,-4.411050320E0
1.393567244E2,7.704000473E0,1.066200066E1,-1.376505089E1
1.393591681E2,3.471000195E0,1.095405006E1,-1.135905075E1
1.393616116E2,2.446050167E0,1.195905018E1,-6.805050373E0
1.393640552E2,2.880000114E0,8.923050880E0,-3.493950129E0
1.393664986E2,5.233050346E0,9.151050568E0,-6.570000052E-1
1.393689420E2,1.018695068E1,1.240500069E1,-3.115050077E0
1.393713856E2,4.996050358E0,9.091050148E0,-6.151050091E0
1.393738291E2,2.893950224E0,8.682000160E0,-9.390000701E-1
1.393762727E2,3.859050274E0,8.381999969E0,-8.464050293E0
1.393787162E2,1.801950097E0,2.884950161E0,-1.282695103E1
1.393811598E2,-1.578000069E0,5.643000126E0,-3.211050034E0
1.393836033E2,-9.619500637E-1,5.665050507E0,1.318050027E0
1.393860469E2,8.179500103E-1,3.795000076E0,-6.000000238E-2
1.393884903E2,2.676000118E0,6.475950241E0,6.640050411E0
1.393909339E2,7.395000458E0,4.879050255E0,6.561000347E0
1.393933774E2,1.102005005E1,4.695000172E0,-4.606950283E0
1.393958210E2,1.397205067E1,8.071050644E0,-1.179195023E1
1.393982645E2,1.019595051E1,6.472050190E0,-1.347105026E1
1.394007081E2,2.049000025E0,9.558000565E0,-1.707405090E1
1.394031515E2,3.339000225E0,1.132695007E1,-1.880295181E1
1.394055949E2,7.062000275E0,4.414950371E0,-1.425795078E1
1.394080385E2,3.300000131E-1,5.719950199E0,-1.111200047E1
1.394104820E2,1.206000090E0,8.689050674E0,5.425950050E0
1.394129256E2,3.217050076E0,9.958050728E0,1.039500046E1
1.394153691E2,5.152050018E0,9.970050812E0,3.613950253E0
1.394178127E2,7.014000416E0,1.206705093E1,5.115000248E0
1.394202562E2,5.230950356E0,1.033395004E1,1.720050097E0
1.394226998E2,4.705950260E0,1.326705074E1,2.500500083E-1
1.394251432E2,3.808050156E0,1.325505066E1,2.011950016E0
1.394275868E2,9.709500670E-1,1.306095028E1,7.099500299E-1
1.394300302E2,1.395000052E-2,1.059705067E1,-9.289500713E-1
1.394324739E2,2.340000123E-1,1.257705021E1,-1.257000089E0
1.394349174E2,2.290500104E-1,7.984950542E0,1.947000146E0
1.394373608E2,-1.234950066E0,8.671950340E0,-2.146050215E0
1.394398044E2,1.066950083E0,1.294605064E1,1.806000113E0
1.394422479E2,7.095000148E-2,1.006800079E1,1.035000086E0
1.394446915E2,-7.350000143E-1,1.272600079E1,-1.023000002E0
1.394471349E2,5.160000324E-1,7.429050446E0,3.304950237E0
1.394495785E2,-5.119500160E-1,7.618950367E0,2.910000086E-1
1.394520220E2,1.134300041E1,9.639000893E0,1.573950052E0
1.394544656E2,4.825950146E0,4.518000126E0,-1.802895164E1
1.394569090E2,7.210950375E0,2.692950010E0,-1.718400002E1
1.394593527E2,6.508950233E0,5.196000099E0,-1.762005043E1
1.394617961E2,2.029950142E0,1.639950037E0,-1.298205090E1
1.394642398E2,2.089050055E0,3.060000181E0,-3.204000235E0
1.394666832E2,4.041000366E0,6.316050529E0,1.969050050E0
1.394691266E2,9.900000691E-1,3.055050135E0,4.525950432E0
1.394715702E2,-4.159500301E-1,8.076000214E0,2.802000046E0
1.394740137E2,9.810000658E-1,7.413000584E0,4.453950405E0
1.394764573E2,2.631000042E0,5.581050396E0,1.677000046E0
1.394789008E2,3.592950106E0,1.059495068E1,4.190999985E0
1.394813444E2,2.824050188E0,6.405000210E0,5.082000256E0
1.394837878E2,3.291000128E0,6.280050278E0,6.070050240E0
1.394862314E2,7.510050297E0,9.249000549E0,-1.228950024E0
1.394886749E2,4.881000042E0,4.956000328E0,-1.165095043E1
1.394911185E2,3.885000229E0,4.305000305E0,-1.486200047E1
1.394935620E2,9.349050522E0,4.573050022E0,-1.729395103E1
1.394960053E2,2.701950073E0,6.157950401E0,-1.227105045E1
1.394984490E2,4.800000191E-1,7.944000244E0,-1.783950090E0
1.395008926E2,2.431950092E0,6.976950169E0,-3.553950071E0
1.395033360E2,2.700000048E0,4.456050396E0,-4.078050137E0
1.395057795E2,8.200050354E0,6.754050255E0,-5.791950226E0
1.395082231E2,5.416950226E0,3.484050274E0,-8.218050003E0
1.395106666E2,-2.025000095E0,7.875000477E0,-3.649050236E0
1.395131102E2,-4.789500237E-1,8.125950813E0,1.222050071E0
1.395155536E2,4.860000134E0,1.141950011E0,-3.664050102E0
1.395179972E2,4.596000195E0,2.629500031E-1,-2.919000149E0
1.395204407E2,7.309050560E0,3.168000221E0,-3.405000269E-2
1.395228843E2,1.015800095E1,2.835000038E0,-6.300000548E-1
1.395253278E2,1.229595089E1,5.053950310E0,-7.428000450E0
1.395277714E2,1.011705017E1,8.164050102E0,-1.658805084E1
1.395302149E2,6.562050343E0,7.935000420E0,-2.021100044E1
1.395326585E2,8.245050430E0,1.140600014E1,-2.002605057E1
1.395351019E2,9.991050720E0,1.158600044E1,-1.151505089E1
1.395375453E2,1.095000096E-2,1.280895042E1,-9.151050568E0
1.395399889E2,-1.537050128E0,1.390800095E1,5.467050076E0
1.395424324E2,1.728000045E0,1.508400059E1,7.504950523E0
1.395448760E2,4.477050304E0,1.238805103E1,4.054049969E0
1.395473195E2,5.868000507E0,1.273005104E1,-3.795000076E0
1.395497631E2,5.965950489E0,1.157100010E1,7.207950115E0
1.395522066E2,4.096050262E0,1.189005089E1,1.702950120E0
1.395546502E2,4.693950176E0,1.284000015E1,-2.019000053E0
1.395570936E2,3.184050083E0,1.040505028E1,2.143949986E0
1.395595370E2,2.188050032E0,9.759000778E0,-2.533950090E0
1.395619806E2,2.905950069E0,1.340805054E1,-1.132950068E0
1.395644241E2,2.128050089E0,9.337950706E0,2.697000027E0
1.395668678E2,1.596000075E0,5.965950489E0,-2.268000126E0
1.395693114E2,5.422050476E0,1.070205021E1,-1.273995018E1
1.395717548E2,3.076050043E0,5.665050507E0,-1.322400093E1
1.395741983E2,8.520000577E-1,3.274950266E0,-9.013050079E0
1.395766419E2,2.523000002E0,5.350950241E0,-3.787950277E0
1.395790854E2,1.728000045E0,3.594000101E0,2.131950140E0
1.395815290E2,3.196050167E0,1.006305027E1,6.400950432E0
1.395839724E2,4.273050308E0,9.742050171E0,6.849000454E0
1.395864161E2,4.936050415E0,6.117000103E0,3.027000189E0
1.395888595E2,1.413495064E1,1.110705090E1,-1.351050019E0
1.395913031E2,9.519000053E0,1.032195091E1,-9.934050560E0
1.395937466E2,3.430050135E0,1.249995041E1,-8.380050659E0
1.395961902E2,2.293050051E0,1.394895077E1,-7.339050293E0
1.395986337E2,1.843050122E0,1.020405006E1,-5.172000408E0
1.396010773E2,3.835050106E0,9.655950546E0,-3.084000111E0
1.396035207E2,9.175950050E0,1.282605076E1,-4.521000385E0
1.396059642E2,8.026950836E0,1.156200027E1,-6.570000172E0
1.396084078E2,3.520950079E0,1.387695026E1,-3.484050274E0
1.396108512E2,3.552000284E0,1.292205048E1,-5.566950321E0
1.396132949E2,1.539000034E0,9.361950874E0,-4.641000271E0
1.396157383E2,5.416950226E0,9.511950493E0,-4.606950283E0
1.396181820E2,4.797000408E0,9.055050850E0,-9.192000389E0
1.396206254E2,4.590000212E-1,4.762050152E0,-4.609050274E0
1.396230690E2,2.472000122E0,4.678050041E0,-6.780000329E-1
1.396255125E2,3.447000265E0,7.513050556E0,-2.368050098E0
1.396279561E2,6.580500603E-1,3.826050282E0,1.336950064E0
1.396303995E2,1.534050107E0,7.341000557E0,3.087000132E0
1.396328432E2,1.951050043E0,4.815000057E0,-3.000000026E-3
1.396352866E2,1.900050044E0,3.886050224E0,5.548050404E0
1.396377300E2,3.514050245E0,1.252200031E1,6.034950256E0
1.396401736E2,4.990950108E0,7.494000435E0,6.229500175E-1
1.396426171E2,8.650050163E0,7.602000237E0,-5.373000145E0
1.396450607E2,1.095105076E1,9.457050323E0,-1.175895023E1
1.396475042E2,4.204050064E0,8.149950027E0,-8.602950096E0
1.396499478E2,3.081000090E0,1.052505016E1,-3.175050259E0
1.396523913E2,4.275000095E0,1.187595081E1,-7.285950184E0
1.396548349E2,2.496000051E0,8.313000679E0,-3.561000109E0
1.396572783E2,5.980050087E0,8.413050652E0,-3.043950081E0
1.396597219E2,7.234950542E0,8.518950462E0,-7.507050514E0
1.396621653E2,1.945950150E0,9.295050621E0,-1.690950036E0
1.396646090E2,2.808000088E0,9.369000435E0,-3.783000231E0
1.396670524E2,1.954950094E0,9.598950386E0,-3.084000111E0
1.396694961E2,1.765950084E0,9.072000504E0,-1.923000097E0
1.396719395E2,3.904050112E0,1.100595093E1,-1.080000043E0
1.396743830E2,1.777950048E0,8.253000259E0,-1.420050025E0
1.396768266E2,1.021950006E0,6.778050423E0,2.227950096E0
1.396792700E2,1.456950068E0,1.186095047E1,-9.970500469E-1
1.396817137E2,-9.430500269E-1,7.036950111E0,-2.233950138E0
1.396841571E2,-2.265000105E0,4.810050011E0,2.209500074E-1
1.396866007E2,9.589500427E-1,1.714050055E0,-2.088000059E0
1.396890442E2,1.060050011E0,1.815000057E0,-6.106050491E0
1.396914878E2,2.712000132E0,7.705050468E0,-2.596050024E0
1.396939312E2,8.188050270E0,2.107050180E0,-5.263050079E0
1.396963747E2,8.134950638E0,3.298950195E0,-6.606000423E0
1.396988184E2,7.558050156E0,9.733050346E0,-5.458950043E0
1.397012617E2,6.526050091E0,1.022805023E1,-5.569950104E0
1.397037054E2,1.969950080E0,1.242105103E1,-1.288950086E0
1.397061488E2,5.350050449E0,1.213200092E1,-8.839500546E-1
1.397085924E2,4.090950012E0,1.008900070E1,-4.540050030E0
1.397110359E2,4.237050056E0,1.050105095E1,-2.239050150E0
1.397134795E2,9.306000710E0,1.172700024E1,-6.589950085E0
1.397159230E2,4.951050282E0,7.755000591E0,-9.034049988E0
1.397183666E2,2.515950203E0,1.121205044E1,-4.839000225E0
1.397208100E2,3.325050116E0,1.120005035E1,-6.262050152E0
1.397232537E2,1.800000072E0,1.016400051E1,-3.172950268E0
1.397256970E2,5.323950291E0,1.416495037E1,-2.899950027E0
1.397281405E2,5.317050457E0,1.227105045E1,-4.867950439E0
1.397305842E2,4.129500091E-1,1.160700035E1,-9.750000238E-1
1.397330278E2,1.060050011E0,1.208595085E1,1.507050037E0
1.397354713E2,7.320000529E-1,1.042005062E1,-8.190000653E-1
1.397379147E2,-1.116000056E0,5.184000015E0,-1.224000096E0
1.397403583E2,1.584000111E0,4.863000393E0,-2.179050207E0
1.397428017E2,4.477050304E0,3.589050055E0,-9.259050369E0
1.397452454E2,3.121050119E0,6.510000229E0,-4.897050381E0
1.397476888E2,6.540000439E0,5.701050282E0,-2.917050123E0
1.397501324E2,5.491950035E0,3.235050201E0,-3.718950272E0
1.397525759E2,7.338000298E0,7.093950272E0,-2.620050192E0
1.397550195E2,7.813950539E0,5.083050251E0,-5.452050209E0
1.397574630E2,-6.559500098E-1,4.980000019E0,-6.805050373E0
1.397599063E2,-2.095050097E0,5.224050045E0,-9.919500351E-1
1.397623500E2,3.691050291E0,7.849500179E-1,-2.215050220E0
1.397647934E2,3.640950203E0,-1.087950110E0,-5.572050095E0
1.397672370E2,4.816050053E0,2.310000181E0,-5.320500135E-1
1.397696805E2,7.204050541E0,2.089950085E0,-1.807950139E0
1.397721241E2,4.789950371E0,2.416050196E0,1.110000089E-1
1.397745676E2,6.118950367E0,1.535400105E1,2.205000073E-2
1.397770112E2,6.943050385E0,1.052295017E1,-5.020950317E0
1.397794546E2,2.536950111E0,1.087005043E1,-4.132950306E0
1.397818982E2,4.975050449E0,1.377405071E1,-2.766000032E0
1.397843417E2,2.596950054E0,7.828950405E0,-4.293000221E0
1.397867853E2,-2.680500150E-1,8.895000458E0,9.199500680E-1
1.397892288E2,3.306000233E0,9.984000206E0,2.500500083E-1
1.397916724E2,2.374050140E0,6.618000507E0,-2.413950205E0
1.397941158E2,8.680950165E0,6.691950321E0,-3.739950180E0
1.397965592E2,8.335950851E0,6.852000237E0,-8.104949951E0
1.397990029E2,1.675050020E0,8.386950493E0,-6.889050484E0
1.398014463E2,3.460500240E-1,7.992000580E0,-2.517000198E0
1.398038899E2,1.747050047E0,1.079595089E1,-5.775000095E0
1.398063334E2,7.750500441E-1,8.404050827E0,-2.488050222E0
1.398087770E2,1.567050099E0,8.634000778E0,-1.075950027E0
1.398112205E2,3.660000265E-1,8.227050781E0,-6.072000504E0
1.398136641E2,-3.690000176E-1,3.997950077E0,-2.887950182E0
1.398161075E2,2.238000154E0,7.413000584E0,-2.938050032E0
1.398185511E2,4.560000420E0,1.386000037E0,-4.381950378E0
1.398209946E2,3.021000147E0,6.364050388E0,-4.170000255E-1
1.398234382E2,6.538050175E0,5.557050228E0,2.386050224E0
1.398258816E2,6.142950058E0,1.602000117E0,-4.890000224E-1
1.398283251E2,1.081050038E0,6.376050472E0,1.324950099E0
1.398307687E2,3.196050167E0,8.530950546E0,2.095950127E0
1.398332124E2,2.893950224E0,7.354950428E0,-1.380000114E0
1.398356558E2,7.741950512E0,1.052805042E1,-2.899500132E-1
1.398380992E2,8.142000198E0,1.065195084E1,-7.191000462E0
1.398405429E2,2.370000124E0,1.006800079E1,-3.918000221E0
1.398429863E2,2.701950073E0,1.424595070E1,-2.521950006E0
1.398454299E2,3.205050230E0,1.549095058E1,-4.416000366E0
1.398478734E2,1.974000096E0,1.158300018E1,1.507050037E0
1.398503170E2,3.076050043E0,1.085295010E1,1.306050062E0
1.398527605E2,2.419950008E0,1.476795101E1,-5.698950291E0
1.398552041E2,1.608000040E0,1.213695049E1,-2.461950064E0
1.398576476E2,2.688000202E0,9.522000313E0,-8.710950851E0
1.398600909E2,2.275950193E0,8.097000122E0,-9.640050888E0
1.398625346E2,4.729950428E0,5.940000057E0,-1.311600018E1
1.398649782E2,7.065000534E0,6.997950554E0,-1.831395149E1
1.398674216E2,7.249500155E-1,5.677050114E0,-1.684395027E1
1.398698651E2,-4.242000103E0,1.329300022E1,-1.822950125E0
1.398723087E2,-2.455950022E0,8.314949989E0,7.483050346E0
1.398747522E2,7.750500441E-1,1.168050051E0,7.201050282E0
1.398771958E2,3.282000065E0,3.322950125E0,2.224950075E0
1.398796393E2,4.660950184E0,6.117000103E0,7.746000290E0
1.398820829E2,7.060050488E0,7.032000542E0,1.114395046E1
1.398845263E2,1.394595051E1,7.551000595E0,-2.296950102E0
1.398869700E2,1.835595131E1,5.188050270E0,-1.452705097E1
1.398894134E2,1.515000057E1,7.237950325E0,-1.822605133E1
1.398918568E2,1.253595066E1,1.397100067E1,-1.432095051E1
1.398943005E2,4.399950027E0,1.498605061E1,-5.991000175E0
1.398967439E2,7.440000176E-1,1.531395054E1,4.276950359E0
1.398991875E2,2.652000189E0,1.752600098E1,-9.370500445E-1
1.399016310E2,1.725000024E0,1.063800049E1,-1.900500059E-1
1.399040746E2,9.550500512E-1,4.882050037E0,-4.339050293E0
1.399065181E2,7.351950169E0,1.915050149E0,-1.632705116E1
1.399089617E2,2.520000219E0,2.194950104E0,-1.394700050E1
1.399114051E2,1.026000023E0,2.194950104E0,-5.875950336E0
1.399138487E2,3.342000246E0,2.920950174E0,-4.456050396E0
1.399162922E2,3.016050100E0,4.747950077E0,-5.730000138E-1
1.399187358E2,4.371000290E0,9.429000854E0,6.795000285E-2
1.399211793E2,3.315000057E0,1.035000038E1,-2.605050087E0
1.399236227E2,-1.230000019E0,1.238100052E1,6.489000320E0
1.399260663E2,-5.221950054E0,1.364505100E1,4.035000324E0
1.399285098E2,-2.227050066E0,3.012000084E0,2.302050114E0
1.399309534E2,-7.489500642E-1,3.370950222E0,9.420000315E-1
1.399333968E2,-1.342950106E0,7.080000401E0,-2.809500098E-1
1.399358404E2,1.018950105E0,2.904000044E0,5.845050335E0
1.399382839E2,1.255950093E0,8.406000137E0,3.106050253E0
1.399407275E2,3.460950136E0,1.308705044E1,5.247000217E0
1.399431710E2,4.066950321E0,7.129950523E0,2.923950195E0
1.399456146E2,4.354050159E0,8.563950539E0,8.460000157E-1
1.399480580E2,5.665950298E0,1.453305054E1,7.057050228E0
1.399505017E2,4.066950321E0,1.154505062E1,4.521000385E0
1.399529451E2,3.271950245E0,7.681050301E0,-4.030500054E-1
1.399553887E2,4.017000198E0,7.729050159E0,4.852050304E0
1.399578321E2,2.088495064E1,1.621050119E0,-4.096950054E0
1.399602756E2,1.569600105E1,-1.690500081E-1,-3.852000046E1
1.399627192E2,4.872000217E0,4.843950272E0,-4.157205200E1
1.399651627E2,8.950500488E-1,1.750050068E0,-2.576805115E1
1.399676063E2,9.739500284E-1,3.273000240E0,-8.613000870E0
1.399700497E2,3.630000055E-1,2.274000168E0,7.179000378E0
1.399724934E2,2.725950241E0,1.069005013E1,2.131950140E0
1.399749368E2,1.414050102E0,1.171995068E1,6.946950436E0
1.399773805E2,-6.820500493E-1,2.968950033E0,8.125050545E0
1.399798238E2,-1.120500043E-1,3.840000153E0,3.942000151E0
1.399822675E2,2.070000172E0,1.163895035E1,4.179000378E0
1.399847110E2,1.666050076E0,7.671000481E0,3.243000269E0
1.399871546E2,1.195950031E0,6.325950146E0,-4.801050186E0
1.399895981E2,1.596000075E0,1.013505077E1,2.950950146E0
1.399920415E2,5.580000401E0,1.015905094E1,1.588050127E0
1.399944851E2,5.809950352E0,1.251705074E1,-3.534000158E0
1.399969285E2,1.435800076E1,1.343895054E1,-1.502505112E1
1.399993721E2,1.093200016E1,1.001805019E1,-1.156995010E1
1.400018156E2,1.308600044E1,1.334100056E1,-1.493400097E1
1.400042592E2,6.436950207E0,1.504095078E1,-1.090395069E1
1.400067027E2,3.850500286E-1,1.548900032E1,-2.221950054E0
1.400091463E2,1.891050100E0,1.553595066E1,-7.309500575E-1
1.400115897E2,3.138000250E0,1.212000084E1,-4.690950394E0
1.400140334E2,1.405050039E0,8.124000549E0,-3.532050133E0
1.400164768E2,4.096050262E0,1.218000031E1,-5.407050133E0
1.400189204E2,2.188050032E0,8.325000763E0,-5.184000015E0
1.400213639E2,1.737000108E0,5.830050468E0,-1.317000031E0
1.400238073E2,4.813950062E0,1.228305054E1,5.560500026E-1
1.400262509E2,2.905950069E0,8.229000092E0,1.162050009E0
1.400286944E2,4.744950294E0,1.119795036E1,3.577950239E0
1.400311380E2,3.808050156E0,1.172205067E1,-2.031000137E0
1.400335814E2,9.589500427E-1,8.121000290E0,3.898950100E0
1.400360250E2,1.611000061E0,1.202595043E1,3.928050280E0
1.400384685E2,3.277050257E0,9.400050163E0,2.497950077E0
1.400409121E2,1.804050088E0,3.121950150E0,-6.850950241E0
1.400433556E2,8.536950111E0,2.743950129E0,-1.335795021E1
1.400457990E2,7.186950207E0,1.915050149E0,-1.628400040E1
1.400482427E2,2.034000158E0,4.125000000E0,-1.070505047E1
1.400506860E2,5.752950191E0,6.517050266E0,-6.211050510E0
1.400531297E2,4.656000137E0,3.280050039E0,-6.316950321E0
1.400555733E2,6.970950127E0,6.213000298E0,-1.633050084E0
1.400580167E2,8.428950310E0,7.486950397E0,-2.649000168E0
1.400604602E2,1.893000126E0,6.345000267E0,-9.289500713E-1
1.400629038E2,1.351950049E0,7.894050598E0,2.227950096E0
1.400653473E2,4.201050282E0,6.934050560E0,2.047950029E0
1.400677909E2,1.467000127E0,2.692950010E0,-3.600000143E-1
1.400702343E2,5.152050018E0,2.866050243E0,-4.240500331E-1
1.400726779E2,9.070950508E0,5.674050331E0,-1.420050025E0
1.400751214E2,7.342050552E0,5.871000290E0,-3.589950085E0
1.400775648E2,3.142950058E0,1.195200062E1,-9.184950829E0
1.400800085E2,6.120000482E-1,1.284300041E1,-2.995950222E0
1.400824521E2,1.455000043E0,1.363305092E1,4.144950390E0
1.400848955E2,2.701950073E0,1.782105064E1,1.963950038E0
1.400873391E2,4.432950020E0,1.535400105E1,1.144950032E0
1.400897826E2,1.330050111E0,1.442805099E1,5.040000081E-1
1.400922260E2,2.118000031E0,1.906305122E1,2.569500208E-1
1.400946696E2,4.444950104E0,1.669500160E1,3.649500310E-1
1.400971131E2,1.399950027E0,1.021605015E1,-1.933050036E0
1.400995567E2,2.449050188E0,7.803000450E0,2.002950191E0
1.401020001E2,8.145000458E0,1.153995037E1,-1.117905045E1
1.401044438E2,3.030000210E0,1.205505085E1,-1.474005032E1
1.401068872E2,1.387950063E0,6.204000473E0,-1.759095001E1
1.401093308E2,3.298950195E0,-6.790500283E-1,-2.044995117E1
1.401117742E2,7.548000336E0,-8.989500403E-1,-1.737104988E1
1.401142179E2,5.590500236E-1,2.623950243E0,-1.038705063E1
1.401166613E2,-2.389050007E0,1.666050076E0,4.876049995E0
1.401191050E2,-1.816950083E0,3.910050154E0,5.512950420E0
1.401215485E2,-3.606000185E0,6.867000103E0,9.619050026E0
1.401239918E2,-1.909950137E0,4.069500268E-1,2.953050137E0
1.401264355E2,2.310000181E0,1.786050081E0,3.942000151E0
1.401288789E2,3.097050190E0,2.466000080E0,7.930950165E0
1.401313225E2,3.178950071E0,3.048000097E0,4.975950241E0
1.401337660E2,2.950950146E0,3.615000248E0,5.503050327E0
1.401362096E2,3.313050270E0,4.231050014E0,3.288000107E0
1.401386531E2,6.823050499E0,1.955400085E1,3.190500140E-1
1.401410967E2,4.752000332E0,1.538805103E1,8.956050873E0
1.401435401E2,3.271950245E0,2.569050074E0,5.908050060E0
1.401459838E2,1.780800056E1,5.028000355E0,-1.501500034E1
1.401484272E2,1.631400108E1,2.895000219E0,-3.481095123E1
1.401508708E2,7.266000271E0,2.430000067E0,-3.067800140E1
1.401533143E2,4.030950069E0,4.306950092E0,-2.362305069E1
1.401557579E2,4.042950153E0,3.325950146E0,-1.456695080E1
1.401582013E2,1.848000050E0,2.326950073E0,1.452000022E0
1.401606448E2,3.202950239E0,6.247050285E0,7.306050301E0
1.401630884E2,5.382000446E0,1.290300083E1,6.670500040E-1
1.401655318E2,2.311950207E0,7.731000423E0,-4.270500243E-1
1.401679754E2,2.889000177E0,7.816950321E0,3.412950277E0
1.401704189E2,1.162950039E0,8.068950653E0,4.210050106E0
1.401728625E2,6.910500526E-1,8.124000549E0,2.436000109E0
1.401753060E2,1.500000060E-1,8.169000626E0,8.199000359E0
1.401777496E2,8.160000443E-1,1.213950038E0,3.673950195E0
1.401801930E2,2.889000177E0,-8.805000782E-2,-2.626950026E0
1.401826367E2,6.817950249E0,9.120000601E-1,-1.533000112E0
1.401850800E2,7.816950321E0,2.137950182E0,-8.926050186E0
1.401875237E2,9.424950600E0,3.808950186E0,-1.899705124E1
1.401899672E2,9.160050392E0,4.302000046E0,-2.212095070E1
1.401924106E2,4.113000393E0,6.852000237E0,-1.361895084E1
1.401948542E2,4.957950115E0,6.912000179E0,-4.657050133E0
1.401972977E2,3.042000055E0,7.468050480E0,-2.680050135E0
1.401997413E2,2.230950117E0,1.222800064E1,4.951950073E0
1.402021848E2,3.772950172E0,1.393500042E1,4.804050446E0
1.402046284E2,2.523000002E0,8.251049995E0,1.806000113E0
1.402070718E2,2.311950207E0,7.120950222E0,-3.360000134E0
1.402095154E2,4.879050255E0,1.150905037E1,3.511050224E0
1.402119589E2,3.990000248E0,1.237800026E1,4.384950161E0
1.402144023E2,2.073000193E0,1.311600018E1,-2.935950041E0
1.402168459E2,2.239950180E0,1.526595116E1,-2.232000113E0
1.402192896E2,3.330000162E0,1.413300037E1,-3.790500164E-1
1.402217331E2,2.524950027E0,2.103900146E1,-1.990050077E0
1.402241765E2,4.090950012E0,2.264295197E1,6.103950500E0
1.402266201E2,8.400000334E-1,1.678095055E1,-2.809050083E0
1.402290635E2,5.329500437E-1,2.293995094E1,-2.944950104E0
1.402315071E2,2.980050087E0,2.211405182E1,1.524000049E0
1.402339506E2,1.102950096E0,1.201005077E1,-4.800000042E-2
1.402363942E2,-8.740500212E-1,1.194000053E1,-1.319999993E-1
1.402388377E2,4.489500225E-1,1.275900078E1,2.782950163E0
1.402412813E2,1.570500135E-1,3.859050274E0,3.484950066E0
1.402437248E2,-1.048950076E0,3.780000210E0,1.177050114E0
1.402461681E2,-1.648950100E0,1.551000118E0,-2.995950222E0
1.402486118E2,-6.000000238E-2,5.170500278E-1,1.749000072E0
1.402510552E2,0.000000000E0,-3.100500107E-1,2.078999996E0
1.402534989E2,-4.930500090E-1,1.153950095E0,3.136950254E0
1.402559423E2,-7.900500298E-1,2.203050137E0,1.702950120E0
1.402583859E2,1.042200089E1,8.329500556E-1,1.127595043E1
1.402608294E2,1.627799988E1,-3.130500019E-1,-1.751700020E1
1.402632730E2,2.136300087E1,-1.242000103E0,-3.036495209E1
1.402657165E2,1.288995075E1,-4.522050381E0,-2.909595108E1
1.402681601E2,3.828000069E0,1.165950060E0,-2.547300148E1
1.402706035E2,6.187950134E0,4.717050076E0,-2.063895035E1
1.402730472E2,6.175950527E0,4.261950016E0,-5.823000431E0
1.402754906E2,5.443950176E0,7.362000465E0,6.754950523E0
1.402779342E2,8.125050545E0,8.670000076E0,-1.317000031E0
1.402803776E2,1.173600101E1,2.326995087E1,-6.745050430E0
1.402828213E2,4.524000168E0,1.688895035E1,-1.051095009E1
1.402852648E2,-7.519500256E-1,6.772950172E0,6.090000153E0
1.402877084E2,3.508950233E0,8.706000328E0,7.657950401E0
1.402901518E2,2.997000217E0,1.183500099E1,-1.617000103E0
1.402925952E2,1.327950120E0,9.976950645E0,3.528000116E0
1.402950389E2,1.303950071E0,7.828950405E0,4.057050228E0
1.402974823E2,1.624950051E0,9.199050903E0,7.669500113E-1
1.402999259E2,3.958950281E0,1.259100056E1,-2.299050093E0
1.403023694E2,3.523950100E0,1.476795101E1,1.062000036E0
1.403048130E2,2.535000086E0,1.797105026E1,4.789050102E0
1.403072565E2,5.449500084E-1,1.570200062E1,2.185050011E0
1.403097001E2,-3.751950264E0,1.254405022E1,8.650500178E-1
1.403121435E2,-6.253950119E0,1.632195091E1,-8.029500246E-1
1.403145871E2,-3.565050125E0,8.629050255E0,4.249500334E-1
1.403170305E2,-3.079050064E0,6.057000160E0,3.750000238E0
1.403194742E2,-4.816950321E0,1.167195034E1,5.656050205E0
1.403219176E2,-2.104050159E0,1.108095074E1,3.730950117E0
1.403243611E2,6.049500108E-1,1.753095055E1,3.207000256E0
1.403268047E2,3.366000175E0,1.675995064E1,4.057050228E0
1.403292481E2,2.118000031E0,1.013700008E1,3.601950169E0
1.403316918E2,3.564000130E0,1.441095066E1,1.560000062E0
1.403341352E2,2.420505142E1,1.285005093E1,8.440500498E-1
1.403365789E2,1.285200024E1,3.534000158E0,-2.724000168E1
1.403390223E2,1.164705086E1,9.226950645E0,-3.554400253E1
1.403414659E2,3.949950218E0,6.723000526E0,-3.311295319E1
1.403439094E2,2.446050167E0,2.914050102E0,-1.701195145E1
1.403463528E2,5.215950012E0,5.209950447E0,-4.345950127E0
1.403487964E2,2.724000216E0,4.774050236E0,7.918950558E0
1.403512398E2,1.180050015E0,2.425050020E0,4.480950356E0
1.403536835E2,1.350000024E0,4.153950214E0,2.716050148E0
1.403561272E2,7.510500550E-1,2.293950081E0,3.754950285E0
1.403585705E2,1.759050131E0,2.872950077E0,1.465950012E0
1.403610140E2,1.879500151E-1,5.404050350E0,3.133050203E0
1.403634576E2,-8.620500565E-1,2.409000158E0,7.699050426E0
1.403659011E2,-2.133000135E0,6.867000103E0,1.785000086E0
1.403683447E2,-3.105000220E-2,8.928000450E0,2.196000099E0
1.403707882E2,2.425050020E0,7.471950531E0,3.181050062E0
1.403732318E2,3.319950104E0,1.487100029E1,3.187950134E0
1.403756752E2,3.361050129E0,1.299795055E1,5.529000282E0
1.403781186E2,1.816050053E0,1.156395054E1,7.204950333E0
1.403805622E2,3.114000082E0,1.640100098E1,5.926950455E0
1.403830057E2,1.145295048E1,1.606800079E1,1.189305019E1
1.403854494E2,2.693700218E1,5.976000309E0,-1.811295128E1
1.403878930E2,2.431800079E1,4.915050030E0,-4.844205093E1
1.403903364E2,1.340700054E1,5.124000072E0,-5.584995270E1
1.403927798E2,7.410000324E0,5.698050499E0,-4.490805054E1
1.403952235E2,6.052050114E0,6.460050106E0,-2.698395157E1
1.403976669E2,1.821000099E0,3.703950167E0,-9.751950264E0
1.404001105E2,3.078000069E0,3.277950048E0,8.497950554E0
1.404025540E2,4.876049995E0,8.854050636E0,7.963950157E0
1.404049976E2,2.271000147E0,6.460050106E0,5.496000290E0
1.404074411E2,1.548000097E0,3.316050053E0,2.674950123E0
1.404098847E2,7.030500174E-1,5.844000340E0,7.714950562E0
1.404123281E2,-6.580500603E-1,5.157000065E0,9.862950325E0
1.404147715E2,3.607050180E0,6.109950066E0,4.849050045E0
1.404172152E2,3.265050173E0,5.626050472E0,5.647050381E0
1.404196586E2,1.918950081E0,5.434950352E0,2.407050133E0
1.404221022E2,3.454050064E0,9.163050652E0,4.165050030E0
1.404245457E2,3.643050194E0,7.903050423E0,4.171950340E0
1.404269893E2,1.354050040E0,4.405050278E0,1.900500059E-1
1.404294328E2,1.261050105E0,4.968000412E0,-7.905000448E-2
1.404318764E2,1.282950044E0,6.819000244E0,-1.008000016E0
1.404343199E2,-4.740000367E-1,9.342000008E0,-4.686000347E0
1.404367635E2,1.464000106E0,1.055205059E1,2.335050106E0
1.404392070E2,2.206950188E0,1.231095028E1,-4.429500103E-1
1.404416506E2,2.914950132E0,1.471005058E1,4.339500070E-1
1.404440940E2,3.567000151E0,1.201395035E1,2.917050123E0
1.404465377E2,1.503000021E0,8.914050102E0,-2.050050020E0
1.404489811E2,3.208050251E0,1.591200066E1,3.031950235E0
1.404514245E2,3.342000246E0,1.276395035E1,-4.630500078E-1
1.404538682E2,3.850500286E-1,5.512050152E0,-2.971950054E0
1.404563116E2,1.045050025E0,1.024305058E1,1.576050043E0
1.404587552E2,2.097000122E0,1.150005054E1,4.891950130E0
1.404611986E2,1.347000122E0,4.615950108E0,2.452950001E0
1.404636423E2,9.516000748E0,5.037000179E0,-2.520000041E-1
1.404660857E2,3.622050285E0,1.099905014E1,-2.368200111E1
1.404685293E2,6.394050121E0,4.330950260E0,-2.672595215E1
1.404709728E2,5.347950459E0,5.236050129E0,-2.373000145E1
1.404734164E2,3.172050238E0,4.887000084E0,-1.624095154E1
1.404758599E2,6.603000164E0,9.025950432E0,-9.598950386E0
1.404783035E2,6.562050343E0,8.263050079E0,-6.412050247E0
1.404807469E2,2.626050234E0,4.216050148E0,-3.216000080E0
1.404831903E2,6.037950516E0,6.627000332E0,6.450000405E-1
1.404856339E2,7.120050430E0,7.822050571E0,2.302050114E0
1.404880776E2,8.494050026E0,7.827000141E0,-1.423050046E0
1.404905210E2,1.235595036E1,9.316050529E0,-2.305950165E0
1.404929645E2,1.252605057E1,6.958050251E0,-6.192000389E0
1.404954081E2,1.328700066E1,8.112000465E0,-1.125405025E1
1.404978516E2,1.007400036E1,1.032900047E1,-1.112400055E1
1.405002952E2,1.861950040E0,8.575950623E0,-1.017105007E1
1.405027386E2,7.699500322E-1,8.425050735E0,-1.021005058E1
1.405051822E2,3.664950132E0,7.899000168E0,-1.194600010E1
1.405076257E2,1.483950019E0,3.666000128E0,-8.965050697E0
1.405100693E2,1.354050040E0,4.249950409E0,-4.530000091E-1
1.405125128E2,4.651050091E0,5.503950119E0,4.411050320E0
1.405149562E2,2.416950226E0,4.836000443E0,3.748050213E0
1.405173998E2,1.972050071E0,6.970050335E0,1.591050029E0
1.405198435E2,2.269050121E0,6.667950153E0,2.128950119E0
1.405222869E2,2.013000011E0,6.418950081E0,-3.480000198E-1
1.405247303E2,3.136050224E0,9.598950386E0,-2.089500129E-1
1.405271739E2,1.777950048E0,7.372050285E0,1.368000031E0
1.405296174E2,-7.605000585E-2,8.545050621E0,-5.179499984E-1
1.405320610E2,2.736000061E0,1.351605034E1,3.460500240E-1
1.405345045E2,2.949000120E0,1.139205074E1,5.710500479E-1
1.405369481E2,1.443000078E0,9.867000580E0,-8.410500288E-1
1.405393916E2,2.013000011E0,1.348005104E1,1.986000061E0
1.405418352E2,2.370000124E0,1.131795025E1,2.436000109E0
1.405442786E2,1.479000092E0,1.042695045E1,-1.387050033E0
1.405467222E2,2.508000135E0,1.421505070E1,2.880000174E-1
1.405491656E2,2.496000051E0,1.053705025E1,2.239950180E0
1.405516091E2,1.072050095E0,8.964000702E0,3.310050249E0
1.405540527E2,1.789950132E0,8.125950813E0,1.738950133E0
1.405564962E2,5.554050446E0,7.558950424E0,8.599500656E-1
1.405589398E2,2.205300140E1,1.684950113E0,-1.323600101E1
1.405613832E2,1.014900017E1,4.810500145E-1,-3.662594986E1
1.405638269E2,2.431950092E0,1.626000047E0,-2.482695198E1
1.405662703E2,3.006000042E0,2.904000044E0,-9.405000687E0
1.405687139E2,1.840500087E-1,2.871000051E0,2.205000073E-2
1.405711574E2,2.080049992E0,4.554000378E0,6.619050503E0
1.405736010E2,2.190000057E0,8.992950439E0,3.802950144E0
1.405760445E2,9.859500527E-1,5.952000141E0,4.195950031E0
1.405784881E2,9.810000658E-1,7.650000572E0,1.240950108E0
1.405809315E2,1.177050114E0,9.129000664E0,7.690950394E0
1.405833749E2,2.050500065E-1,7.611000538E0,3.147000074E0
1.405858186E2,1.326000094E0,1.022400093E1,4.890000343E0
1.405882620E2,1.792950034E0,1.055205059E1,2.653950214E0
1.405907057E2,9.469500184E-1,6.771000385E0,-1.498950124E0
1.405931491E2,5.860500336E-1,9.807000160E0,8.250000477E-1
1.405955927E2,1.275000095E0,1.093905067E1,7.552050591E0
1.405980362E2,1.486050129E0,9.606000900E0,2.713950157E0
1.406004798E2,8.841000557E0,1.644900131E1,-1.408050060E0
1.406029232E2,1.594500065E1,1.310100079E1,-1.739295006E1
1.406053668E2,1.445295048E1,1.179705048E1,-2.105805016E1
1.406078103E2,7.732950211E0,1.579695034E1,-2.083800125E1
1.406102539E2,1.879500151E-1,1.629300117E1,-5.364000320E0
1.406126974E2,1.321050048E0,1.633395004E1,7.909500599E-1
1.406151408E2,3.940050125E0,1.532805061E1,1.618950129E0
1.406175844E2,3.340500295E-1,5.416050434E0,-7.450500131E-1
1.406200279E2,8.800500631E-1,1.906050086E0,1.483050108E0
1.406224715E2,1.807050109E0,7.494000435E0,-1.176600075E1
1.406249149E2,-5.980500579E-1,2.983050108E0,-1.100700092E1
1.406273586E2,-9.409500360E-1,8.670000434E-1,-3.562950134E0
1.406298020E2,-2.779500186E-1,-2.959500253E-1,1.033050060E0
1.406322456E2,1.620000005E-1,-9.495000541E-2,2.101050138E0
1.406346891E2,-4.120500088E-1,3.759000063E0,-8.460000157E-1
1.406371327E2,-1.278000116E0,5.401050091E0,4.516950130E0
1.406395762E2,6.529500484E-1,6.238950253E0,8.878950119E0
1.406420198E2,8.116050720E0,1.582905102E1,8.235000610E0
1.406444633E2,1.440300083E1,9.322950363E0,-5.662950039E0
1.406469069E2,1.696305084E1,4.384050369E0,-1.369095039E1
1.406493503E2,1.727595139E1,8.035050392E0,-2.209305191E1
1.406517937E2,3.318000078E0,1.165095043E1,-1.128495026E1
1.406542373E2,-9.289500713E-1,1.210305023E1,5.446050167E0
1.406566808E2,1.684950113E0,1.554405117E1,9.334050179E0
1.406591244E2,2.128050089E0,1.089900017E1,4.672049999E0
1.406615679E2,3.588000059E0,1.381305027E1,-4.080000401E0
1.406640115E2,9.897000313E0,7.777050495E0,-4.228950024E0
1.406664550E2,3.187950134E0,4.369050026E0,-1.482405090E1
1.406688986E2,6.586050510E0,8.397000313E0,-1.785494995E1
1.406713420E2,3.667050123E0,8.571000099E0,-1.233795071E1
1.406737856E2,1.984050035E0,3.223050117E0,-4.861050129E0
1.406762291E2,2.671050072E0,6.486000538E0,-5.200500488E-1
1.406786727E2,2.176050186E0,8.904000282E0,5.179499984E-1
1.406811161E2,-1.506000042E0,1.069995022E1,-9.700500369E-1
1.406835596E2,-3.397050142E0,1.023495007E1,4.248000145E0
1.406860032E2,-3.795000076E0,8.695950508E0,2.203950167E0
1.406884466E2,-4.204050064E0,6.358950138E0,2.440950155E0
1.406908902E2,-1.752000093E0,2.482950211E0,5.971950054E0
1.406933337E2,-1.353000045E0,6.960000515E0,6.160950184E0
1.406957773E2,-3.010500073E-1,8.434950829E0,4.354050159E0
1.406982208E2,1.606050134E0,7.582950592E0,6.919950485E0
1.407006644E2,4.771050453E0,1.424595070E1,3.112950087E0
1.407031079E2,5.221050262E0,1.216500092E1,5.191950321E0
1.407055513E2,4.966950417E0,8.536050797E0,4.813050270E0
1.407079949E2,8.082000732E0,9.757050514E0,1.183950067E0
1.407104386E2,2.647005081E1,1.058295059E1,-1.679400063E1
1.407128820E2,1.301700020E1,8.296050072E0,-3.431505203E1
1.407153254E2,6.703050137E0,1.128195095E1,-2.908395195E1
1.407177690E2,2.923050165E0,9.385950089E0,-2.239695168E1
1.407202125E2,2.452950001E0,7.117950439E0,-9.381000519E0
1.407226561E2,4.018949986E0,9.661050797E0,3.396000147E0
1.407250998E2,2.844000101E0,9.996000290E0,2.460000038E0
1.407275432E2,-3.299999982E-2,2.956950188E0,3.657000065E0
1.407299866E2,1.380000114E-1,5.509500504E-1,5.040000081E-1
1.407324302E2,-1.319999993E-1,8.461050034E0,-3.450000286E-1
1.407348737E2,-2.944950104E0,9.465000153E0,5.113050461E0
1.407373173E2,-3.244050264E0,4.221000195E0,6.670500040E-1
1.407397608E2,-2.061000109E0,2.284050226E0,2.911950111E0
1.407422044E2,-5.650500059E-1,2.488050222E0,2.947950125E0
1.407446479E2,-1.918050051E0,8.322000504E0,3.963000298E0
1.407470915E2,-6.510000229E-1,5.172000408E0,5.320950031E0
1.407495349E2,7.609500289E-1,1.117200089E1,4.765950203E0
1.407519783E2,5.652000427E0,1.944195175E1,3.718950272E0
1.407544219E2,4.776000023E0,1.119795036E1,6.379050255E0
1.407568654E2,7.405050278E0,8.947050095E0,5.833050251E0
1.407593090E2,2.511300087E1,8.476050377E0,-8.332950592E0
1.407617525E2,2.194305038E1,3.145950079E0,-2.605005074E1
1.407641961E2,2.158395195E1,5.761050224E0,-4.252995300E1
1.407666395E2,7.182000160E0,6.735000134E0,-3.839805222E1
1.407690832E2,5.001000404E0,5.349000454E0,-1.921500015E1
1.407715265E2,7.603050232E0,9.153000832E0,-1.067205048E1
1.407739702E2,3.579000235E0,8.751000404E0,2.376000166E0
1.407764137E2,3.990000188E-1,5.932950497E0,9.003000259E0
1.407788573E2,1.084050059E0,5.590950489E0,2.769000053E0
1.407813007E2,1.327950120E0,4.180050373E0,1.653000116E0
1.407837441E2,1.651050091E0,3.891000271E0,-8.580000401E-1
1.407861877E2,-4.519500136E-1,9.816000938E0,5.119950294E0
1.407886312E2,-3.085950136E0,8.683950424E0,5.716050148E0
1.407910748E2,-2.635950089E0,1.183050036E0,-4.789500237E-1
1.407935183E2,-1.041000009E0,3.949500322E-1,7.135950565E0
1.407959619E2,-1.468050122E0,4.549050331E0,1.855950117E0
1.407984054E2,-9.670500755E-1,6.577050209E0,2.023950100E0
1.408008490E2,2.939999998E-1,5.113950253E0,5.448000431E0
1.408032924E2,1.636950135E0,9.067049980E0,4.627050400E0
1.408057361E2,2.089050055E0,8.746050835E0,3.559050083E0
1.408081795E2,1.591050029E0,5.473050117E0,2.059950113E0
1.408106231E2,1.044300079E1,4.153950214E0,3.274050236E0
1.408130666E2,2.166300011E1,8.140049934E0,-2.177895164E1
1.408155100E2,1.733400154E1,2.827950239E0,-2.702700043E1
1.408179536E2,1.133595085E1,8.500050545E0,-1.829295158E1
1.408203970E2,4.608000278E0,1.320405102E1,-8.716050148E0
1.408228407E2,4.255949974E0,1.584105110E1,2.722950220E0
1.408252841E2,5.164050102E0,1.677900124E1,3.597000122E0
1.408277277E2,3.307950258E0,1.226295090E1,4.440000355E-1
1.408301712E2,1.618050098E0,8.204999924E0,3.001050234E0
1.408326148E2,2.101050138E0,1.361595058E1,2.223000050E0
1.408350583E2,2.286000013E0,1.345095062E1,-1.012950063E0
1.408375019E2,1.110000014E0,3.976950169E0,-1.981050134E0
1.408399453E2,6.580500603E-1,5.875050068E0,-5.227050304E0
1.408423890E2,-9.670500755E-1,9.924000740E0,-7.345950127E0
1.408448324E2,-9.930000305E-1,6.936000347E0,-2.110050201E0
1.408472760E2,-4.759500325E-1,6.787950516E0,-2.917050123E0
1.408497194E2,-4.999500215E-1,3.406950235E0,-2.775000095E0
1.408521629E2,1.630050063E0,5.998050213E0,-1.128000021E0
1.408546065E2,3.823050261E0,6.718050480E0,-1.636050105E0
1.408570500E2,3.777000189E0,1.887000084E0,-6.172950268E0
1.408594936E2,9.270000458E0,5.101950169E0,-5.467050076E0
1.408619370E2,1.105800056E1,3.103050232E0,-1.059000015E1
1.408643807E2,7.426050186E0,2.659950018E0,-1.320705032E1
1.408668241E2,1.050795078E1,7.695000172E0,-7.950000286E0
1.408692677E2,8.995050430E0,5.073000431E0,-3.943950176E0
1.408717111E2,6.148050308E0,7.743000507E0,-2.380050182E0
1.408741548E2,5.488950253E0,1.204800034E1,-2.755950212E0
1.408765983E2,2.322000027E0,1.052295017E1,-3.940950155E0
1.408790419E2,4.126950264E0,1.341000080E1,8.410500288E-1
1.408814853E2,4.917000294E0,1.633095169E1,-1.200000048E-1
1.408839288E2,2.566050053E0,1.321905041E1,-3.168000221E0
1.408863724E2,7.807050228E0,1.618095016E1,-1.219050050E0
1.408888158E2,4.969950199E0,1.879005051E1,-1.066200066E1
1.408912594E2,4.459950447E0,1.439205074E1,-3.798000097E0
1.408937029E2,2.311950207E0,1.472700024E1,-6.228000164E0
1.408961465E2,1.290000081E0,1.343400097E1,-4.794000149E0
1.408985900E2,5.700000376E-2,8.665050507E0,-4.171050072E0
1.409010336E2,-1.695000008E-2,9.328050613E0,-5.164950371E0
1.409034771E2,5.860500336E-1,7.345950127E0,-6.376050472E0
1.409059205E2,2.580000162E-1,1.281000018E0,7.800000161E-2
1.409083642E2,6.889500618E-1,3.133950233E0,-1.546950102E0
1.409108075E2,-1.012950063E0,7.101000309E0,-7.260000229E0
1.409132512E2,-1.551000118E0,4.792950153E0,-6.786000252E0
1.409156946E2,-8.550000191E-1,2.622000217E0,-6.330000162E-1
1.409181382E2,-2.509500086E-1,7.399500608E-1,7.495050430E0
1.409205817E2,-1.798050046E0,7.060950279E0,1.176900101E1
1.409230253E2,-3.520500064E-1,1.020000076E1,9.060000181E-1
1.409254688E2,2.149049997E0,7.258950233E0,6.235950470E0
1.409279124E2,1.361805058E1,2.380050182E0,2.200950146E0
1.409303559E2,1.829594994E1,2.635950089E0,-1.762500000E1
1.409327995E2,2.245995140E1,2.458950043E0,-2.123805046E1
1.409352430E2,1.767900085E1,6.115050316E0,-2.075895119E1
1.409376863E2,3.406050205E0,1.008495045E1,-1.145505047E1
1.409401300E2,-3.760500252E-1,1.023495007E1,5.398050308E0
1.409425737E2,4.033950329E0,2.279400063E1,1.003500080E1
1.409450171E2,5.299950123E0,1.538805103E1,7.009050369E0
1.409474605E2,5.040000081E-1,8.464050293E0,-5.010000467E-1
1.409499041E2,-1.240500063E-1,1.214895058E1,-1.005900002E1
1.409523476E2,1.608000040E0,1.534995079E1,-5.419500470E-1
1.409547912E2,2.584950209E0,1.685595131E1,2.677950144E0
1.409572347E2,2.772000074E0,1.567995071E1,2.665950060E0
1.409596783E2,6.379500031E-1,1.359000111E1,-4.308000088E0
1.409621217E2,-1.324050069E0,2.060295105E1,-4.528050423E0
1.409645654E2,-2.266950130E0,2.041395187E1,6.825000286E0
1.409670088E2,-4.474950314E0,1.538805103E1,6.019500494E-1
1.409694522E2,-5.782050133E0,1.577805042E1,2.020500153E-1
1.409718958E2,-3.241950035E0,8.112000465E0,1.300500035E-1
1.409743393E2,-2.895000219E0,7.342950344E0,-8.700000495E-2
1.409767829E2,-2.180999994E0,3.721050262E0,-1.009500027E-1
1.409792266E2,-3.450000286E-1,1.440000087E-1,2.271000147E0
1.409816700E2,-1.149000049E0,1.981950045E0,5.128950119E0
1.409841134E2,5.279999971E-1,4.255050182E0,4.212000370E0
1.409865571E2,2.710050106E0,3.259050131E0,4.666950226E0
1.409890005E2,2.560950041E0,3.856950283E0,2.830950022E0
1.409914441E2,1.841805077E1,4.246950150E0,9.349500537E-1
1.409938876E2,2.320500183E1,1.481805038E1,-2.775300217E1
1.409963312E2,1.472400093E1,5.269950390E0,-2.882100105E1
1.409987747E2,6.090000153E0,4.480050087E0,-2.641695213E1
1.410012183E2,2.776950121E0,4.123050213E0,-2.176005173E1
1.410036617E2,3.937950134E0,6.277950287E0,-1.370805073E1
1.410061051E2,3.090000153E0,4.707000256E0,6.370050430E0
1.410085488E2,2.820000172E0,4.437000275E0,1.054305077E1
1.410109924E2,4.038000107E0,5.743950367E0,4.995000362E0
1.410134358E2,2.994000196E0,3.718050241E0,7.026000500E0
1.410158793E2,3.388950109E0,4.135050297E0,2.898000240E0
1.410183229E2,4.263000011E0,4.615950108E0,4.605000019E0
1.410207663E2,1.072050095E0,5.340000391E-1,2.818950176E0
1.410232100E2,1.486050129E0,2.281949997E0,-7.200000435E-2
1.410256534E2,5.362050056E0,6.400050163E0,-4.789500237E-1
1.410280970E2,3.909000158E0,3.052950144E0,-1.173495102E1
1.410305405E2,2.314050198E0,3.225000143E0,-6.780000329E-1
1.410329841E2,2.700000048E0,8.638050079E0,-3.690000057E0
1.410354275E2,9.469500184E-1,7.767000198E0,-1.018800068E1
1.410378710E2,1.615050077E0,9.069000244E0,-9.175050735E0
1.410403146E2,8.164050102E0,9.249000549E0,-4.798950195E0
1.410427583E2,1.055100060E1,8.124000549E0,-8.164950371E0
1.410452016E2,1.108200073E1,1.057995033E1,-1.238400078E1
1.410476451E2,7.977000237E0,9.100950241E0,-1.438095093E1
1.410500887E2,7.543950558E0,9.117000580E0,-1.700699997E1
1.410525322E2,7.990950584E0,7.486950397E0,-1.795995140E1
1.410549758E2,1.207950115E0,6.177000523E0,-1.028205013E1
1.410574193E2,1.599000096E0,3.939000130E0,2.698950052E0
1.410598629E2,3.076050043E0,1.271400070E1,1.060800076E1
1.410623063E2,5.626050472E0,1.475805092E1,4.312950134E0
1.410647499E2,5.844000340E0,8.938050270E0,-1.066050053E0
1.410671934E2,5.614050388E0,1.070205021E1,4.093050003E0
1.410696370E2,4.048050404E0,1.327605057E1,6.379500031E-1
1.410720804E2,3.411000252E0,1.514400101E1,-2.428050041E0
1.410745241E2,2.917950153E0,1.440405083E1,6.760500073E-1
1.410769675E2,7.920000553E-1,1.087200069E1,-7.120500207E-1
1.410794109E2,1.171950102E0,1.315905094E1,-4.104000092E0
1.410818546E2,2.089050055E0,1.220805073E1,1.050000079E-3
1.410842980E2,1.450500041E-1,9.040950775E0,-6.780000329E-1
1.410867416E2,-2.647950172E0,1.200705051E1,-1.758000135E0
1.410891851E2,-3.859050274E0,1.227300072E1,4.252950191E0
1.410916287E2,-4.848000050E0,1.055205059E1,2.710500062E-1
1.410940722E2,-4.491000175E0,1.067100048E1,-1.510950089E0
1.410965158E2,-3.940950155E0,9.675000191E0,-1.228950024E0
1.410989592E2,-4.804950237E0,1.031895065E1,-6.540000439E-1
1.411014026E2,-3.675000191E0,8.935050011E0,7.189500332E-1
1.411038462E2,-1.204050064E0,8.875950813E0,3.649950266E0
1.411062897E2,3.630000055E-1,1.393905067E1,3.801000118E0
1.411087333E2,2.827050209E0,1.003695011E1,2.122050047E0
1.411111768E2,4.359000206E0,3.880950212E0,3.283050060E0
1.411136204E2,2.628600121E1,9.259500504E-1,-8.533950806E0
1.411160638E2,1.755405045E1,-1.360950112E0,-2.808795166E1
1.411185074E2,1.291395092E1,2.053950071E0,-2.510895157E1
1.411209509E2,4.942950249E0,3.651000261E0,-1.785704994E1
1.411233945E2,3.928050280E0,3.187050104E0,-6.988950253E0
1.411258380E2,4.311000347E0,6.321000099E0,2.194050074E0
1.411282816E2,2.382000208E0,4.474950314E0,7.734000206E0
1.411307251E2,6.120000482E-1,3.156000137E0,6.027000427E0
1.411331687E2,2.350050211E0,4.957950115E0,7.528950214E0
1.411356121E2,5.050950050E0,4.389000416E0,7.480950356E0
1.411380555E2,6.451950073E0,-4.590000212E-1,-4.236000061E0
1.411404992E2,1.180800056E1,1.245000005E0,-1.801050067E0
1.411429426E2,1.454895115E1,1.137000084E0,-1.254405022E1
1.411453862E2,1.737495041E1,1.626000047E0,-2.102205086E1
1.411478297E2,1.697205162E1,6.682050228E0,-2.385000038E1
1.411502733E2,8.725950241E0,1.004205036E1,-1.903305054E1
1.411527168E2,6.487950325E0,1.444500065E1,-1.627905083E1
1.411551604E2,8.128050804E0,1.413300037E1,-1.523100090E1
1.411576038E2,6.600000262E-1,1.394895077E1,-5.416050434E0
1.411600474E2,2.506050110E0,1.536900043E1,4.584000111E0
1.411624909E2,5.034000397E0,1.857495117E1,9.364950180E0
1.411649345E2,3.412950277E0,1.067595005E1,1.488000035E0
1.411673779E2,-1.228050113E0,6.370950222E0,-2.550000191E0
1.411698214E2,2.008050203E0,8.302950859E0,5.761950493E0
1.411722650E2,1.450050116E0,7.738050461E0,2.802000046E0
1.411747085E2,2.554050207E0,9.164999962E0,-8.029500246E-1
1.411771521E2,3.291000128E0,1.042500019E1,1.603050113E0
1.411795955E2,2.829000235E0,9.745050430E0,-1.272000074E0
1.411820392E2,3.231000185E0,1.335495090E1,8.839500546E-1
1.411844826E2,2.310000181E0,8.968950272E0,-1.495050073E0
1.411869262E2,4.560000300E-1,1.246005058E1,-7.120500207E-1
1.411893697E2,-4.675950050E0,2.082795143E1,2.104950190E0
1.411918133E2,-1.117950082E0,5.284050465E0,-9.600000083E-2
1.411942568E2,-3.373050213E0,8.028000832E0,-1.695000008E-2
1.411967004E2,-1.908000112E0,3.867000103E0,6.880500317E-1
1.411991438E2,-3.108000040E0,4.654050350E0,3.571050167E0
1.412015872E2,-4.879050255E0,9.808950424E0,5.077050209E0
1.412040309E2,-1.402950048E0,2.617050171E0,3.007950068E0
1.412064743E2,-2.143050194E0,3.394950151E0,1.219950080E0
1.412089179E2,-3.394950151E0,7.567950249E0,2.155950069E0
1.412113614E2,1.140000075E-1,4.494000435E0,3.358050108E0
1.412138050E2,2.293050051E0,1.621199989E1,2.119950056E0
1.412162485E2,4.857000351E0,1.526295090E1,4.252950191E0
1.412186921E2,1.857000113E0,5.241000175E0,4.027950287E0
1.412211356E2,5.616000175E0,3.570000172E0,1.111950040E0
1.412235792E2,3.243704987E1,5.224050045E0,-1.856295013E1
1.412260226E2,1.832505035E1,1.000500023E-1,-4.351695251E1
1.412284662E2,1.144605064E1,6.769050121E0,-3.585300064E1
1.412309097E2,4.177050114E0,6.586950302E0,-2.536995125E1
1.412333531E2,4.837950230E0,6.655950546E0,-7.789050579E0
1.412357967E2,7.122000217E0,1.064700031E1,2.926950216E0
1.412382402E2,3.282000065E0,8.356050491E0,5.608050346E0
1.412406838E2,2.887050152E0,8.348999977E0,8.194050789E0
1.412431273E2,3.849000216E0,1.068300056E1,8.959950447E0
1.412455709E2,3.973950148E0,6.313950062E0,2.778000116E0
1.412480143E2,2.221050024E0,3.606000185E0,-3.364050150E0
1.412504580E2,4.576950073E0,6.888000488E0,-6.738000393E0
1.412529014E2,4.105050087E0,1.726050138E0,-1.261800098E1
1.412553448E2,3.745950222E0,6.922050476E0,-1.250805092E1
1.412577885E2,7.945950508E0,4.788000107E0,-1.166100025E1
1.412602321E2,5.698050499E0,5.920950413E0,-6.562950134E0
1.412626756E2,7.455000401E0,1.016595078E1,-3.664050102E0
1.412651190E2,6.343950272E0,7.446000576E0,-2.569500208E-1
1.412675626E2,2.487000227E0,8.140049934E0,-3.090000153E-1
1.412700061E2,2.311950207E0,1.186605072E1,1.323000073E0
1.412724497E2,1.335000038E0,7.077000141E0,6.499500275E-1
1.412748932E2,3.850500286E-1,5.044950008E0,2.251950026E0
1.412773368E2,6.940500140E-1,6.891000271E0,1.090050101E0
1.412797802E2,1.180050015E0,5.269950390E0,3.492000103E0
1.412822238E2,8.779500127E-1,4.831950188E0,4.249500334E-1
1.412846673E2,2.334000111E0,7.506000519E0,5.100000277E-2
1.412871107E2,5.602050304E0,7.863000393E0,-1.582950115E0
1.412895544E2,6.283950329E0,8.215050697E0,-6.355050087E0
1.412919980E2,4.696950436E0,6.421050072E0,-8.806950569E0
1.412944415E2,6.480000019E-1,6.061950207E0,-1.779000044E0
1.412968849E2,2.496000051E0,9.687000275E0,7.020000219E-1
1.412993285E2,3.784950256E0,1.201905060E1,-1.063950062E0
1.413017720E2,8.350500464E-1,4.033950329E0,-2.040000200E0
1.413042156E2,5.449500084E-1,2.523000002E0,9.750000238E-1
1.413066590E2,2.170950174E0,7.369950294E0,-5.638950348E0
1.413091027E2,4.330500066E-1,4.554000378E0,-5.941050053E0
1.413115461E2,3.196050167E0,5.277000427E0,-5.517000198E0
1.413139897E2,4.387950420E0,6.225000381E0,-5.605950356E0
1.413164332E2,8.307000160E0,7.912950516E0,-6.829500198E-1
1.413188768E2,9.685950279E0,1.001295090E1,-4.669500291E-1
1.413213202E2,5.805000305E0,9.430950165E0,-1.945050120E0
1.413237639E2,3.471000195E0,1.063995075E1,-1.279050112E0
1.413262073E2,3.001950026E0,1.075305080E1,-3.367050171E0
1.413286510E2,4.327950001E0,9.975000381E0,-3.124950171E0
1.413310944E2,7.009950161E0,9.721050262E0,-4.048950195E0
1.413335378E2,5.832000256E0,7.930050373E0,-5.722950459E0
1.413359814E2,3.124050140E0,8.089950562E0,-5.644050121E0
1.413384249E2,5.761950493E0,9.964950562E0,-8.941050529E0
1.413408685E2,2.463000059E0,8.454000473E0,-9.469950676E0
1.413433120E2,4.052999973E0,8.397000313E0,-5.493000031E0
1.413457556E2,5.815050125E0,9.292050362E0,-7.462950230E0
1.413481990E2,6.769500375E-1,6.229950428E0,-4.381950378E0
1.413506427E2,1.761000037E0,7.365000248E0,8.370000124E-1
1.413530861E2,3.351000071E0,9.445050240E0,3.499500155E-1
1.413555297E2,1.732950091E0,4.834050179E0,-7.500000596E-1
1.413579732E2,3.010500073E-1,2.119050026E0,1.749000072E0
1.413604168E2,-3.795000166E-2,5.149950027E0,4.549950123E0
1.413628602E2,-2.100000158E-2,4.969950199E0,2.332950115E0
1.413653036E2,8.710500598E-1,6.453000069E0,4.573950291E0
1.413677473E2,1.441050053E0,8.497050285E0,2.812050104E0
1.413701907E2,1.596000075E0,6.826050282E0,-3.417000055E0
1.413726343E2,5.116050243E0,1.397505093E1,2.730000019E0
1.413750778E2,9.117000580E0,1.260300064E1,-3.534000158E0
1.413775214E2,5.235000134E0,7.768950462E0,-4.546950340E0
1.413799649E2,9.210000038E0,1.210800076E1,-1.117695045E1
1.413824085E2,5.299950123E0,1.120500088E1,-7.348950386E0
1.413848519E2,4.144050121E0,9.156000137E0,-4.911000252E0
1.413872953E2,5.293050289E0,1.100895023E1,-4.377000332E0
1.413897390E2,4.282950401E0,1.158795071E1,-4.381950378E0
1.413921826E2,2.908050060E0,1.280700016E1,-1.204950094E0
1.413946260E2,3.495000124E0,1.333395100E1,-3.613050222E0
1.413970695E2,3.334050179E0,1.194495010E1,-2.806950092E0
1.413995131E2,7.608000278E0,1.597005081E1,-5.392050266E0
1.414019566E2,4.726050377E0,1.374105072E1,-6.850950241E0
1.414044002E2,1.234950066E0,7.750050545E0,-3.300000191E0
1.414068436E2,2.137050152E0,1.338195038E1,-1.818000078E0
1.414092872E2,1.711050034E0,1.127205086E1,-1.207050085E0
1.414117307E2,1.642050028E0,7.204050541E0,3.195000067E-2
1.414141743E2,3.106950045E0,1.050795078E1,9.750000238E-1
1.414166177E2,1.681950092E0,7.495950222E0,-2.115000010E0
1.414190614E2,2.602050066E0,9.867000580E0,-4.480500221E-1
1.414215048E2,3.646050215E0,1.100895023E1,-3.475050211E0
1.414239485E2,2.179949999E0,6.814050198E0,-3.961050272E0
1.414263919E2,6.777000427E0,1.131795025E1,-3.517950058E0
1.414288353E2,5.287950039E0,7.659000397E0,-8.080950737E0
1.414312789E2,4.489500225E-1,6.250950336E0,-3.319050074E0
1.414337224E2,5.359950066E0,8.812950134E0,-3.927000284E0
1.414361660E2,5.041950226E0,4.173000336E0,-7.830000401E0
1.414386095E2,3.459000111E0,4.695000172E0,-4.561950207E0
1.414410531E2,7.693950176E0,6.715950489E0,-5.026050091E0
1.414434965E2,4.812000275E0,3.994050264E0,-3.958050251E0
1.414459401E2,1.275000095E0,7.450950146E0,2.194050074E0
1.414483835E2,1.891050100E0,8.377950668E0,2.782950163E0
1.414508270E2,7.630500197E-1,4.870050430E0,-6.010500193E-1
1.414532707E2,3.081000090E0,7.291050434E0,4.060500264E-1
1.414557141E2,3.331950188E0,5.734050274E0,-2.980950117E0
1.414581577E2,-7.200000286E-1,4.240050316E0,-1.806000113E0
1.414606011E2,7.489500642E-1,7.599000454E0,7.380000353E-1
1.414630447E2,1.732950091E0,7.396050453E0,-1.609050035E0
1.414654882E2,1.479000092E0,6.991050243E0,-1.606950045E0
1.414679318E2,1.977000117E0,9.366000175E0,3.238050222E0
1.414703753E2,4.528950214E0,9.943050385E0,-1.339050055E0
1.414728189E2,3.184050083E0,7.414950371E0,-2.943000078E0
1.414752623E2,8.455950737E0,8.583000183E0,-8.566950798E0
1.414777059E2,7.213050365E0,5.365950108E0,-1.217805099E1
1.414801493E2,9.658050537E0,5.767950058E0,-1.220895100E1
1.414825928E2,8.983050346E0,6.093000412E0,-1.414095020E1
1.414850365E2,2.094000101E0,3.406950235E0,-9.867000580E0
1.414874799E2,2.748000145E0,6.673050404E0,-1.417950034E0
1.414899235E2,3.676950216E0,4.626000404E0,-3.601050138E0
1.414923669E2,1.210500076E-1,2.239050150E0,-2.388000011E0
1.414948105E2,3.516000271E0,4.197000027E0,2.749950171E0
1.414972540E2,3.627000093E0,1.767000079E0,1.690950036E0
1.414996976E2,3.511950254E0,2.698050022E0,4.279950142E0
1.415021411E2,6.130950451E0,6.733050346E0,3.784050226E0
1.415045847E2,7.491000175E0,6.220050335E0,-4.605000094E-2
1.415070281E2,9.307950020E0,6.847950459E0,-3.943950176E0
1.415094717E2,7.849950314E0,1.018995094E1,-1.138995075E1
1.415119151E2,3.520950079E0,9.256050110E0,-1.336995029E1
1.415143586E2,4.609500170E-1,9.772950172E0,-1.426095104E1
1.415168022E2,-1.330950022E0,7.573050499E0,-5.127000332E0
1.415192457E2,7.459500432E-1,6.184050083E0,7.332000256E0
1.415216893E2,1.548000097E0,9.100950241E0,6.409950256E0
1.415241328E2,3.339000225E0,9.886050224E0,-1.566000104E0
1.415265764E2,2.511000156E0,5.977950096E0,3.529950142E0
1.415290198E2,3.255000114E0,9.208050728E0,4.849500358E-1
1.415314634E2,5.032050133E0,1.258905029E1,-1.729500145E-1
1.415339069E2,4.102950096E0,1.194300079E1,-7.549500465E-1
1.415363505E2,4.024050236E0,1.157595062E1,3.430500031E-1
1.415387940E2,7.089000225E0,8.992950439E0,-3.633000135E0
1.415412376E2,5.731050491E0,1.064505005E1,-1.111695099E1
1.415436810E2,6.090000153E0,9.819000244E0,-1.704795074E1
1.415461245E2,1.182000041E0,7.209000111E0,-9.525000572E0
1.415485681E2,3.472950220E0,6.642000198E0,-2.446950197E0
1.415510115E2,5.041950226E0,8.430000305E0,1.969500035E-1
1.415534551E2,2.524950027E0,7.353000164E0,2.290050030E0
1.415558986E2,3.382050276E0,7.492050171E0,3.328950167E0
1.415583422E2,5.659050465E0,5.883000374E0,-4.075950146E0
1.415607857E2,6.205050468E0,5.980950356E0,-1.011600018E1
1.415632293E2,8.391000748E0,7.374000549E0,-9.361950874E0
1.415656728E2,3.495000124E0,2.787000179E0,-7.842000484E0
1.415681164E2,2.326050043E0,5.799000263E0,-7.186050415E0
1.415705598E2,7.180050373E0,5.112000465E0,-5.380050182E0
1.415730034E2,5.518050194E0,1.041000009E0,-3.973050117E0
1.415754468E2,6.805950165E0,3.654000282E0,-1.984950066E0
1.415778903E2,6.904050350E0,3.690000057E0,2.119500041E-1
1.415803339E2,6.504000187E0,3.400050163E0,2.449500114E-1
1.415827774E2,7.174950123E0,6.844950199E0,-1.095000029E0
1.415852210E2,5.961000443E0,6.184050083E0,-5.272950172E0
1.415876644E2,7.647000313E0,6.862050533E0,-1.003305054E1
1.415901081E2,1.052700043E1,9.417000771E0,-1.064505005E1
1.415925515E2,6.073050499E0,7.633050442E0,-8.955000877E0
1.415949951E2,2.029500157E-1,9.996000290E0,-8.425950050E0
1.415974386E2,4.519500136E-1,1.193805027E1,3.765000105E0
1.415998820E2,3.243000269E0,1.124595070E1,5.443050385E0
1.416023257E2,3.130950212E0,1.205295086E1,1.762950063E0
1.416047693E2,4.417050362E0,1.182795048E1,-1.435050011E0
1.416072128E2,3.604950190E0,1.328295040E1,2.613000154E0
1.416096561E2,2.698050022E0,1.705695152E1,-9.220500588E-1
1.416120998E2,3.435000181E0,1.732995033E1,2.205000073E-2
1.416145432E2,2.116050005E0,1.348905087E1,-2.176950216E0
1.416169868E2,2.032050133E0,1.763100052E1,-2.200950146E0
1.416194303E2,3.447000265E0,1.827795029E1,3.145050049E0
1.416218739E2,3.705000132E-2,1.064295006E1,-9.559500217E-1
1.416243174E2,-6.610500216E-1,1.130805016E1,-1.469999999E-1
1.416267610E2,1.756950140E0,1.130805016E1,1.717950106E0
1.416292045E2,2.959500253E-1,7.693050385E0,1.800000109E-2
1.416316481E2,2.925000191E0,7.566000462E0,4.200000286E0
1.416340915E2,6.102000237E0,6.139050484E0,-8.929050446E0
1.416365352E2,-9.300000221E-2,5.739000320E0,-1.273095036E1
1.416389786E2,6.046950340E0,7.006050110E0,-1.353105068E1
1.416414220E2,4.524000168E0,8.822999954E0,-7.723950386E0
1.416438656E2,6.448950291E0,7.948950291E0,-2.662950039E0
1.416463091E2,1.420950055E0,8.822999954E0,5.419500470E-1
1.416487527E2,-3.949500322E-1,7.795950413E0,3.673950195E0
1.416511961E2,1.182000041E0,1.247205067E1,2.718000174E0
1.416536398E2,2.458050013E0,8.385000229E0,1.834950089E0
1.416560832E2,3.463950157E0,3.318000078E0,2.929500043E-1
1.416585268E2,1.008600044E1,4.827000141E0,-8.731950760E0
1.416609703E2,6.562050343E0,4.492050171E0,-1.050195026E1
1.416634139E2,1.960050106E0,6.814050198E0,-1.058100033E1
1.416658573E2,2.524950027E0,6.979050159E0,-9.886050224E0
1.416683010E2,2.109000206E0,3.840000153E0,-7.236000538E0
1.416707444E2,6.679050446E0,6.007050514E0,-3.810000181E0
1.416731879E2,4.642050266E0,2.530950069E0,-4.207050323E0
1.416756315E2,-3.130500019E-1,2.617050171E0,-6.160500050E-1
1.416780749E2,1.251000047E0,7.827000141E0,6.397950172E0
1.416805186E2,1.699050069E0,3.450000048E0,5.850000381E-1
1.416829620E2,2.029950142E0,3.949500322E-1,1.549950123E0
1.416854056E2,5.572950363E0,2.169000149E0,1.818000078E0
1.416878491E2,7.891050339E0,2.538000107E0,-9.529500604E-1
1.416902927E2,9.612000465E0,5.217000484E0,-5.292000294E0
1.416927362E2,8.401050568E0,6.637050152E0,-9.312000275E0
1.416951798E2,7.162950516E0,8.278950691E0,-1.237905025E1
1.416976232E2,9.205050468E0,9.951000214E0,-1.567095089E1
1.417000669E2,5.901000500E0,1.118100071E1,-1.094205093E1
1.417025103E2,-4.120500088E-1,1.005795002E1,3.109050035E0
1.417049537E2,-4.690500200E-1,1.119300079E1,7.095000267E0
1.417073973E2,1.948050141E0,1.244505024E1,1.909050107E0
1.417098408E2,1.570050120E0,7.402950287E0,1.320000052E0
1.417122844E2,7.219500542E-1,6.619950294E0,8.560500145E-1
1.417147279E2,2.034000158E0,7.101000309E0,2.569500208E-1
1.417171715E2,7.672950268E0,5.305950165E0,-7.930500507E-1
1.417196149E2,7.852050304E0,7.065000534E0,-1.386795044E1
1.417220586E2,3.624000072E0,8.203050613E0,-1.690200043E1
1.417245020E2,4.237050056E0,9.376049995E0,-1.346400070E1
1.417269454E2,4.009950161E0,1.122705078E1,-7.048950195E0
1.417293890E2,1.330050111E0,1.012995052E1,4.837050438E0
1.417318325E2,-4.095000029E-2,1.565100098E1,4.837050438E0
1.417342762E2,-5.389500260E-1,9.805050850E0,5.593950272E0
1.417367196E2,-2.698050022E0,9.948000908E0,-9.529500604E-1
1.417391632E2,-3.790050268E0,1.262295055E1,-2.803950071E0
1.417416066E2,-1.321050048E0,9.378000259E0,5.862000465E0
1.417440502E2,4.695000127E-2,1.383405113E1,2.351999998E0
1.417464937E2,3.117000103E0,1.647705078E1,2.935950041E0
1.417489373E2,4.165050030E0,1.375305080E1,2.899950027E0
1.417513808E2,5.500950336E0,1.688895035E1,-7.930500507E-1
1.417538244E2,7.122000217E0,1.985295105E1,5.890950203E0
1.417562679E2,3.258000135E0,1.114500046E1,2.469000101E0
1.417587115E2,3.471000195E0,9.241950035E0,5.299500227E-1
1.417611549E2,5.391000271E0,1.093200016E1,6.432000160E0
1.417635984E2,1.783050060E0,5.428050041E0,2.047950029E0
1.417660421E2,9.339000702E0,1.693050027E0,5.065050125E0
1.417684857E2,1.875405121E1,-2.221050024E0,-2.390295029E1
1.417709291E2,3.691050291E0,1.269000053E0,-3.841905212E1
1.417733725E2,1.078950047E0,4.744950294E0,-2.372505188E1
1.417758161E2,1.681950092E0,3.697050095E0,-3.834000111E0
1.417782596E2,2.710050106E0,4.048950195E0,1.260000110E0
1.417807032E2,7.714050293E0,1.262700081E1,2.175000191E0
1.417831467E2,3.856050253E0,1.135395050E1,6.646950245E0
1.417855903E2,2.662050009E0,3.964950085E0,2.380950212E0
1.417880337E2,6.928050518E0,6.595950127E0,1.144950032E0
1.417904774E2,9.235950470E0,5.646000385E0,-7.777050495E0
1.417929207E2,1.045995045E1,6.322950363E0,-1.664595032E1
1.417953644E2,1.095300007E1,5.277000427E0,-1.610895157E1
1.417978078E2,7.099500299E-1,6.747000217E0,-9.769050598E0
1.418002513E2,-1.819500029E-1,1.194495010E1,7.774950504E0
1.418026949E2,3.811050177E0,1.830900002E1,8.467050552E0
1.418051384E2,4.290000439E0,1.391295052E1,2.469000101E0
1.418075820E2,4.930950165E0,1.240695095E1,-4.843950272E0
1.418100254E2,5.310000420E0,1.226295090E1,4.572000027E0
1.418124690E2,5.074950218E0,1.289100075E1,3.520950079E0
1.418149125E2,1.014405060E1,1.195005035E1,-9.709050179E0
1.418173561E2,2.626050234E0,9.951000214E0,-1.315905094E1
1.418197996E2,3.460950136E0,8.800950050E0,-1.215105057E1
1.418222432E2,2.728950024E0,1.114995098E1,-9.235050201E0
1.418246866E2,9.979500771E-1,8.907000542E0,-4.290000200E-1
1.418271300E2,2.841000080E0,1.241895103E1,3.175950050E0
1.418295736E2,3.049950123E0,1.263495064E1,4.129500091E-1
1.418320171E2,1.836000085E0,8.818050385E0,2.974950075E0
1.418344608E2,8.800500631E-1,8.089950562E0,5.299500227E-1
1.418369042E2,-9.000000544E-3,6.405000210E0,3.774000168E0
1.418393478E2,-1.266000032E0,5.698050499E0,1.071000099E0
1.418417913E2,-1.273950100E0,8.128950119E0,4.162050247E0
1.418442349E2,-4.879500270E-1,2.185950041E0,2.668050051E0
1.418466783E2,1.330050111E0,4.768950462E0,-8.205000311E-2
1.418491219E2,7.623000145E0,7.980000496E0,5.362050056E0
1.418515654E2,8.779050827E0,1.360050082E0,-9.633000374E0
1.418540090E2,8.797950745E0,4.990050316E0,-1.513995075E1
1.418564525E2,4.120050430E0,4.104000092E0,-1.740495110E1
1.418588959E2,4.657950401E0,7.830000520E-1,-1.485495090E1
1.418613395E2,7.462050438E0,2.373000145E0,-8.947950363E0
1.418637830E2,1.651050091E0,2.557050228E0,-3.549000263E0
1.418662266E2,6.859500408E-1,2.692950010E0,2.568000078E0
1.418686703E2,4.338000298E0,3.412050247E0,3.861000299E0
1.418711137E2,3.198000193E0,3.631950140E0,2.425950050E0
1.418735571E2,2.575050116E0,2.883000135E0,3.762000084E0
1.418760007E2,6.070950508E0,2.602050066E0,1.918950081E0
1.418784442E2,4.477050304E0,1.065000057E0,-1.444050074E0
1.418808876E2,6.943050385E0,7.531950474E0,-8.359500170E-1
1.418833313E2,7.402050495E0,7.015050411E0,-1.026000023E1
1.418857749E2,4.383000374E0,6.973950386E0,-1.417695045E1
1.418882184E2,7.588950157E0,7.759950161E0,-1.146900082E1
1.418906620E2,2.110949993E0,6.694050312E0,-1.003995037E1
1.418931053E2,-1.477050066E0,6.673050404E0,-3.637050152E0
1.418955488E2,2.282999992E0,6.136050224E0,3.480000198E-1
1.418979924E2,2.908050060E0,2.322000027E0,-4.179000378E0
1.419004359E2,5.218950272E0,5.670000315E-1,-6.025050163E0
1.419028795E2,9.160050392E0,1.905000024E-2,-8.385000229E0
1.419053229E2,5.190000057E0,1.314000010E0,-7.963950157E0
1.419077666E2,3.354000092E0,6.208050251E0,-3.961050272E0
1.419102100E2,5.704950333E0,7.189950466E0,-1.963950038E0
1.419126536E2,7.539000511E0,7.207050323E0,2.760000229E-1
1.419150971E2,1.006995010E1,1.025205040E1,-1.782000065E0
1.419175407E2,6.526050091E0,9.037950516E0,-2.749050140E0
1.419199842E2,6.472950459E0,9.487950325E0,-7.641000271E0
1.419224278E2,4.681950092E0,9.121950150E0,-1.546995068E1
1.419248712E2,-9.790500402E-1,6.529050350E0,-6.211050510E0
1.419273146E2,4.110000134E-1,6.733050346E0,7.054050446E0
1.419297583E2,1.215000033E0,1.240905094E1,4.263000011E0
1.419322017E2,2.302050114E0,1.234200096E1,3.646950245E0
1.419346453E2,1.194000006E0,1.303695107E1,-2.910000086E0
1.419370888E2,3.961950302E0,1.497105026E1,-2.689500153E-1
1.419395324E2,3.102000237E0,1.360200024E1,-8.400000632E-2
1.419419759E2,2.494050026E0,1.533300114E1,-5.140950203E0
1.419444195E2,3.394050121E0,1.560300064E1,1.897050142E0
1.419468629E2,1.371000051E0,1.173000050E1,-1.518000126E0
1.419493065E2,7.440000176E-1,1.354395103E1,-1.369500011E-1
1.419517500E2,2.676000118E0,9.529050827E0,1.894950032E0
1.419541936E2,3.459000111E0,8.542950630E0,1.603050113E0
1.419566370E2,1.368000031E1,9.723000526E0,-1.205805016E1
1.419590804E2,6.768000126E0,7.291050434E0,-1.921200180E1
1.419615241E2,2.812050104E0,5.101950169E0,-1.400205040E1
1.419639675E2,1.690500081E-1,6.031050205E0,-6.264000416E0
1.419664111E2,6.460500360E-1,5.029950142E0,8.170500398E-1
1.419688546E2,7.651050568E0,7.762050152E0,3.391050100E0
1.419712982E2,5.808000088E0,8.706000328E0,2.875950098E0
1.419737417E2,3.235950232E0,6.618000507E0,6.697950363E0
1.419761853E2,5.185050011E0,1.240695095E1,4.660050392E0
1.419786287E2,4.531949997E0,1.233000088E1,1.560000062E0
1.419810724E2,3.877950191E0,1.090800095E1,2.760000229E-1
1.419835158E2,8.002950668E0,1.080795097E1,-1.091400051E1
1.419859594E2,2.620950222E0,7.072950363E0,-1.565700054E1
1.419884029E2,3.184050083E0,6.715950489E0,-1.569705105E1
1.419908463E2,5.262000084E0,6.184050083E0,-1.346595097E1
1.419932899E2,4.242000103E0,4.518000126E0,-9.421950340E0
1.419957334E2,8.689949989E0,5.152050018E0,-6.894000530E0
1.419981770E2,6.856050491E0,4.767000198E0,-4.963950157E0
1.420006204E2,-1.990500093E-1,4.587000370E0,-3.450000286E-1
1.420030641E2,3.411000252E0,6.052950382E0,4.890000343E0
1.420055075E2,2.596950054E0,5.455950260E0,6.739500165E-1
1.420079511E2,3.630000055E-1,3.582000256E0,2.139000177E0
1.420103946E2,-6.700500250E-1,2.962050200E0,4.500000000E0
1.420128382E2,1.024049997E0,1.804950118E0,3.472950220E0
1.420152816E2,2.104050159E0,5.715000153E0,3.255000114E0
1.420177253E2,3.064050198E0,8.779950142E0,3.766950130E0
1.420201687E2,2.881950140E0,7.912950516E0,1.549950123E0
1.420226121E2,3.133050203E0,1.173705101E1,2.103000164E0
1.420250557E2,3.154950142E0,1.383600044E1,2.644050121E0
1.420274992E2,2.539950132E0,9.742050171E0,-2.040000200E0
1.420299428E2,5.752950191E0,1.172700024E1,2.287050009E0
1.420323863E2,4.632000446E0,1.242405033E1,-6.517950535E0
1.420348299E2,3.981000185E0,7.365000248E0,-5.236950397E0
1.420372733E2,8.911050797E0,7.044000149E0,-1.487595081E1
1.420397170E2,4.267950058E0,6.964950562E0,-1.543395042E1
1.420421604E2,2.340000123E-1,7.771950245E0,-9.769050598E0
1.420446040E2,3.729000092E0,9.697050095E0,-7.633050442E0
1.420470475E2,3.459000111E0,8.880000114E0,-2.212949991E0
1.420494911E2,4.321050167E0,1.066905022E1,-1.993050098E0
1.420519346E2,3.612000227E0,1.353195095E1,-1.231050014E0
1.420543782E2,1.354050040E0,8.938050270E0,2.473950148E0
1.420568216E2,-2.340000123E-1,1.202205086E1,2.308950186E0
1.420592650E2,-2.547000170E0,1.568205070E1,2.833050251E0
1.420617087E2,-2.607000113E0,8.089950562E0,-6.949500442E-1
1.420641521E2,-5.499000072E0,1.406205082E1,-1.399050117E0
1.420665957E2,-4.328999996E0,1.110195065E1,3.364950180E0
1.420690392E2,-3.697050095E0,1.320195103E1,4.141050339E0
1.420714828E2,-1.551000118E0,1.728195000E1,7.890000343E-1
1.420739263E2,3.208050251E0,1.411200047E1,3.169050217E0
1.420763697E2,5.152050018E0,1.582605076E1,1.449000120E0
1.420788134E2,6.006000519E0,1.773705101E1,5.278050423E0
1.420812568E2,5.170950413E0,9.946050644E0,4.402050018E0
1.420837004E2,6.246000290E0,1.007295036E1,3.717000246E0
1.420861438E2,7.429050446E0,1.113795090E1,5.485950470E0
1.420885874E2,4.860000134E0,7.008000374E0,1.584000111E0
1.420910309E2,5.367000103E0,8.718000412E0,3.310050249E0
1.420934745E2,1.552605057E1,5.908950329E0,-1.822950125E0
1.420959180E2,7.981950283E0,4.201950073E0,-2.558805084E1
1.420983616E2,-1.578000069E0,1.093695068E1,-2.730300140E1
1.421008051E2,-2.559000015E0,3.187050104E0,-2.110095024E1
1.421032487E2,1.086000085E0,1.398000121E0,-8.950050354E0
1.421056921E2,1.170000076E0,2.650050163E0,-4.770000279E-1
1.421081358E2,1.060050011E0,1.357050061E0,6.058050156E0
1.421105791E2,3.262950182E0,2.257950068E0,5.355000019E0
1.421130228E2,8.671050072E0,1.798050046E0,-2.380500138E-1
1.421154663E2,1.341000080E1,-2.566050053E0,-1.030800056E1
1.421179099E2,1.763805008E1,-4.120050430E0,-1.894395065E1
1.421203534E2,1.889505005E1,-3.367950201E0,-2.404200172E1
1.421227967E2,9.571950912E0,1.702050090E0,-2.185995102E1
1.421252404E2,4.041000366E0,7.080000401E0,-1.533300114E1
1.421276838E2,5.560950279E0,6.309000492E0,-1.090395069E1
1.421301274E2,8.719050407E0,7.144050121E0,-1.118205070E1
1.421325709E2,8.072999954E0,1.110705090E1,-7.108950138E0
1.421350145E2,3.579000235E0,1.762695122E1,4.480950356E0
1.421374580E2,2.140050173E0,1.458795071E1,5.604000092E0
1.421399016E2,1.804050088E0,1.391595078E1,2.989050150E0
1.421423451E2,2.001000166E0,1.234995079E1,-3.019500077E-1
1.421447887E2,1.129050016E0,1.274505043E1,-1.807950139E0
1.421472321E2,3.064050198E0,1.426695061E1,6.396000385E0
1.421496755E2,1.570050120E0,1.213905048E1,2.314050198E0
1.421521192E2,2.851050138E0,1.684605026E1,1.669950128E0
1.421545626E2,3.661950111E0,1.795695114E1,8.719500303E-1
1.421570062E2,2.032050133E0,1.562505054E1,-1.123050094E0
1.421594497E2,1.735050082E0,1.650405121E1,1.318050027E0
1.421618933E2,2.085000038E0,1.401105022E1,1.849050045E0
1.421643368E2,-8.569500446E-1,1.211295033E1,-2.649000168E0
1.421667804E2,-4.233000278E0,1.330305099E1,4.339500070E-1
1.421692238E2,-2.911050081E0,6.763950348E0,1.690950036E0
1.421716675E2,-3.381000042E0,4.674000263E0,-4.189500213E-1
1.421741109E2,-3.144000053E0,1.930050135E0,7.464000225E0
1.421765543E2,1.690500081E-1,1.630500108E-1,6.276000500E0
1.421789979E2,2.547000170E0,2.784000158E0,1.263000011E0
1.421814414E2,3.591000080E0,3.828000069E0,3.612000227E0
1.421838851E2,2.680950165E0,3.553050280E0,3.978000164E0
1.421863287E2,5.311950207E0,7.996950150E0,1.162050009E0
1.421887721E2,3.427950144E0,1.460505104E1,6.726000309E0
1.421912156E2,6.430500150E-1,4.204050064E0,1.938000083E0
1.421936592E2,-3.130500019E-1,3.883050203E0,5.299500227E-1
1.421961026E2,6.580500603E-1,8.023050308E0,-3.052950144E0
1.421985462E2,3.459000111E0,7.992000580E0,2.776050091E0
1.422009897E2,2.104305077E1,2.337000132E0,-2.299500108E-1
1.422034333E2,8.070000648E0,-6.430500150E-1,-3.071700096E1
1.422058768E2,1.059195042E1,3.601050138E0,-3.469800186E1
1.422083204E2,2.913000107E0,4.696950436E0,-2.866500092E1
1.422107639E2,2.362050056E0,4.768950462E0,-1.738500023E1
1.422132075E2,6.250950336E0,8.233950615E0,-7.996950150E0
1.422156509E2,4.062000275E0,1.021200085E1,3.822000265E0
1.422180946E2,7.630500197E-1,1.161195087E1,7.081050396E0
1.422205379E2,2.382000208E0,1.366605091E1,5.254050255E0
1.422229814E2,2.395950079E0,9.168000221E0,4.006950378E0
1.422254250E2,1.033950090E0,5.409000397E0,2.505000114E0
1.422278685E2,2.896050215E0,1.110900021E1,6.070050240E0
1.422303121E2,9.154950142E0,7.875000477E0,3.316950083E0
1.422327556E2,1.135305023E1,6.201000214E0,-6.633000374E0
1.422351992E2,1.452795029E1,9.742050171E0,-1.507305050E1
1.422376426E2,7.575000286E0,9.115050316E0,-2.524095154E1
1.422400862E2,8.128050804E0,1.014495087E1,-2.352705193E1
1.422425296E2,3.817950249E0,8.503950119E0,-1.751895142E1
1.422449731E2,1.249050021E0,8.464050293E0,-5.941050053E0
1.422474167E2,6.628950119E0,1.261995029E1,1.428000093E0
1.422498602E2,4.599000454E0,1.008495045E1,5.070000172E0
1.422523038E2,1.894950032E0,7.855950356E0,2.395050049E0
1.422547473E2,4.219950199E0,1.139205074E1,4.051949978E0
1.422571909E2,4.182000160E0,1.153605080E1,3.288000107E0
1.422596343E2,3.078000069E0,1.260105038E1,1.432950020E0
1.422620780E2,6.568950176E0,1.349700069E1,-2.566950083E0
1.422645214E2,2.896050215E0,9.763950348E0,-6.769050121E0
1.422669650E2,3.327000141E0,9.292050362E0,-3.774000168E0
1.422694085E2,1.891050100E0,9.486000061E0,-7.873050213E0
1.422718521E2,-6.150000095E-1,4.141950130E0,-1.612050056E0
1.422742956E2,1.498050094E0,3.949950218E0,9.900000691E-2
1.422767390E2,1.672950029E0,7.579950333E0,-3.295050144E0
1.422791827E2,8.440500498E-1,2.998050213E0,-1.641000032E0
1.422816261E2,2.698050022E0,4.903050423E0,3.070500195E-1
1.422840697E2,4.777950287E0,7.069950104E0,-2.215050220E0
1.422865131E2,2.716950178E0,6.928950310E0,-8.599500656E-1
1.422889567E2,6.709950447E0,1.225905037E1,1.369950056E0
1.422914002E2,3.940050125E0,1.088205051E1,-1.363050103E0
1.422938438E2,6.448950291E0,1.153095055E1,3.070500195E-1
1.422962872E2,6.411000252E0,1.198305035E1,-7.069500089E-1
1.422987309E2,1.804050088E0,8.320050240E0,2.319000006E0
1.423011743E2,4.764000416E0,1.327095032E1,1.461000085E0
1.423036180E2,1.224795055E1,8.836950302E0,-1.673204994E1
1.423060613E2,7.060050488E0,5.266950130E0,-2.093895149E1
1.423085048E2,6.700950146E0,9.016950607E0,-1.661700058E1
1.423109484E2,4.860000134E0,7.651950359E0,-1.328400040E1
1.423133919E2,1.912050128E0,6.594000340E0,-8.835000038E0
1.423158355E2,5.295000076E0,7.021950245E0,-5.505000114E0
1.423182790E2,4.177050114E0,6.364050388E0,-5.416050434E0
1.423207226E2,2.986950159E0,4.867050171E0,-7.909500599E-1
1.423231660E2,6.454050541E0,6.144000053E0,3.460950136E0
1.423256096E2,3.234000206E0,3.223050117E0,-1.468050122E0
1.423280531E2,2.683050156E0,5.109000206E0,5.398050308E0
1.423304967E2,4.351950169E0,8.860950470E0,5.773950100E0
1.423329402E2,2.668950081E0,4.546950340E0,-6.040500402E-1
1.423353838E2,1.618050098E0,5.131050110E0,1.665000081E0
1.423378272E2,3.673950195E0,8.976000786E0,4.744050026E0
1.423402706E2,3.013950109E0,7.642050266E0,-4.878000259E0
1.423427142E2,3.100500107E-1,7.309950352E0,-6.903000355E0
1.423451579E2,-1.669500023E-1,8.491950035E0,-5.659500360E-1
1.423476013E2,1.725000024E0,9.283050537E0,2.986950159E0
1.423500448E2,2.282999992E0,1.137000084E1,3.406050205E0
1.423524884E2,2.542050123E0,1.110195065E1,1.330050111E0
1.423549319E2,1.362000108E0,9.115050316E0,-1.123050094E0
1.423573755E2,8.749500513E-1,1.264905071E1,-2.851950169E0
1.423598190E2,4.888050079E0,1.300305080E1,-4.099500179E-1
1.423622626E2,8.532000542E0,7.240050316E0,-4.573950291E0
1.423647061E2,9.118950844E0,5.085000038E0,-1.546995068E1
1.423671497E2,8.005949974E0,8.204999924E0,-1.546500111E1
1.423695931E2,3.697950125E0,9.499950409E0,-1.042500019E1
1.423720368E2,3.943050146E0,7.422000408E0,-6.742950439E0
1.423744801E2,2.518050194E0,5.947050095E0,-1.068000078E0
1.423769236E2,2.259000063E0,6.781050205E0,3.216000080E0
1.423793672E2,2.295000106E-2,8.410950661E0,1.516950130E0
1.423818107E2,-2.341050148E0,5.119050026E0,2.853000164E0
1.423842543E2,-4.675950050E0,1.076505089E1,4.085999966E0
1.423866978E2,-2.158950090E0,7.261950493E0,5.662950039E0
1.423891414E2,6.379500031E-1,5.550000191E0,2.710950136E0
1.423915848E2,9.900000691E-1,1.215300083E1,-7.519500256E-1
1.423940285E2,1.249050021E0,8.992950439E0,3.645000219E0
1.423964719E2,8.850000501E-1,6.844950199E0,1.552050114E0
1.423989155E2,1.570050120E0,1.088700008E1,5.407050133E0
1.424013590E2,1.432200050E1,6.661050320E0,-2.854050159E0
1.424038026E2,1.870095062E1,2.272050142E0,-2.353905106E1
1.424062460E2,1.482000065E1,6.010050297E0,-3.357600021E1
1.424086895E2,3.174000263E0,5.614950180E0,-2.725200081E1
1.424111331E2,1.395000100E0,4.726050377E0,-1.617600060E1
1.424135765E2,3.235950232E0,8.892000198E0,-6.043950081E0
1.424160202E2,-4.330500066E-1,6.091050148E0,4.159950256E0
1.424184636E2,-2.146950006E0,7.518000126E0,8.263950348E0
1.424209072E2,-1.396050096E0,4.968000412E0,3.973050117E0
1.424233507E2,2.194950104E0,6.286950111E0,5.826000214E0
1.424257943E2,4.627050400E0,1.050600052E1,7.387050152E0
1.424282378E2,4.801950455E0,7.573050499E0,5.683050156E0
1.424306812E2,4.171950340E0,5.964000225E0,3.190050125E0
1.424331248E2,3.544950247E0,1.089900017E1,3.673950195E0
1.424355684E2,2.583000183E0,9.654000282E0,5.161050320E0
1.424380118E2,9.499500394E-1,5.575950146E0,-2.239050150E0
1.424404553E2,5.097000122E0,8.548050880E0,2.887950182E0
1.424428989E2,7.575000286E0,7.477050304E0,-1.118895054E1
1.424453423E2,8.379000664E0,4.201950073E0,-1.004505062E1
1.424477860E2,1.003800011E1,6.915000439E0,-1.897005081E1
1.424502294E2,1.756950140E0,7.365000248E0,-1.519695091E1
1.424526730E2,6.259500384E-1,1.054695034E1,-5.629050255E0
1.424551165E2,3.934950113E0,1.251000023E1,-1.969050050E0
1.424575601E2,2.359950066E0,9.262950897E0,3.409500122E-1
1.424600035E2,3.496950150E0,1.071195030E1,5.710500479E-1
1.424624472E2,5.665950298E0,1.232295036E1,-3.123000145E0
1.424648906E2,1.705950022E0,8.203050613E0,7.810500264E-1
1.424673343E2,1.036050081E0,7.207050323E0,3.316950083E0
1.424697777E2,1.206000090E0,7.816950321E0,6.376950264E0
1.424722211E2,-9.105000645E-2,2.515950203E0,-3.139500022E-1
1.424746647E2,2.428950071E0,4.276050091E0,2.866950035E0
1.424771082E2,3.391950130E0,6.232050419E0,1.914000034E0
1.424795518E2,1.020000055E-1,5.764950275E0,7.020000219E-1
1.424819953E2,1.792950034E0,9.979050636E0,7.005000114E-2
1.424844389E2,1.407000065E0,7.233000278E0,-8.989050865E0
1.424868824E2,1.255950093E0,5.338950157E0,-5.470950127E0
1.424893260E2,4.275000095E0,8.940000534E0,-7.449000359E0
1.424917694E2,4.560000300E-1,6.462000370E0,-3.034050226E0
1.424942130E2,-1.939500123E-1,5.173950195E0,1.408950090E0
1.424966565E2,2.773950100E0,9.715950012E0,-5.149500370E-1
1.424991001E2,1.981950045E0,4.504050255E0,-3.598950148E0
1.425015436E2,5.865000248E0,3.601050138E0,-2.413950205E0
1.425039870E2,8.713950157E0,6.064950466E0,-8.280000687E0
1.425064306E2,3.337050200E0,3.526950121E0,-8.550000191E0
1.425088740E2,7.750500441E-1,7.942050457E0,-2.304000139E0
1.425113177E2,2.590050220E0,7.357950211E0,-1.558950067E0
1.425137611E2,2.416950226E0,4.293000221E0,5.089499950E-1
1.425162047E2,5.832000256E0,8.377950668E0,2.902950048E0
1.425186482E2,5.511000156E0,7.543950558E0,-4.950000439E-3
1.425210918E2,1.507950068E0,7.422000408E0,1.348950028E0
1.425235353E2,1.345050097E0,1.308900070E1,2.841000080E0
1.425259787E2,4.243950367E0,9.742050171E0,-2.514000177E0
1.425284223E2,1.342050076E0,8.236050606E0,-2.353950024E0
1.425308657E2,6.775050163E0,1.226805019E1,-2.028000116E0
1.425333094E2,4.696950436E0,1.408800030E1,-8.221950531E0
1.425357530E2,6.274950504E0,1.469100094E1,-5.980950356E0
1.425381964E2,7.192050457E0,1.575900078E1,-1.515405083E1
1.425406399E2,1.972050071E0,1.096800041E1,-9.882000923E0
1.425430835E2,8.320500255E-1,9.072000504E0,-3.292950153E0
1.425455270E2,3.447000265E0,8.526000023E0,-8.979000092E0
1.425479706E2,1.620000124E0,5.245950222E0,-9.136950493E0
1.425504140E2,1.575000048E0,2.358000040E0,-9.256950378E0
1.425528576E2,3.781950235E0,2.100000143E0,-1.315695095E1
1.425553011E2,3.580500185E-1,-4.159500301E-1,-6.934050560E0
1.425577445E2,1.690500081E-1,4.309500158E-1,5.620050430E0
1.425601882E2,1.657950044E0,9.910500646E-1,3.315000057E0
1.425626318E2,3.315000057E0,3.045000076E0,5.866950512E0
1.425650752E2,4.965000153E0,1.336995029E1,1.677000046E0
1.425675188E2,5.458050251E0,9.337950706E0,1.249005032E1
1.425699622E2,3.504000187E0,4.840950012E0,3.750000238E0
1.425724057E2,5.769000053E0,1.038600063E1,-3.240000010E-1
1.425748493E2,6.022950172E0,1.486095047E1,6.420000076E0
1.425772927E2,4.600950241E0,1.152105045E1,5.962950230E0
1.425797364E2,4.371000290E0,1.665195084E1,-1.839000106E0
1.425821798E2,6.624000549E0,1.984095001E1,-6.690000534E0
1.425846234E2,5.145000458E0,1.617600060E1,9.805950165E0
1.425870669E2,4.315950394E0,1.754804993E1,-1.080000043E0
1.425895105E2,7.552950382E0,2.248500061E1,-1.903950095E0
1.425919539E2,5.616000175E0,9.934050560E0,-1.100205040E1
1.425943973E2,6.330000401E0,6.760950089E0,-2.569395065E1
1.425968410E2,8.440950394E0,7.981950283E0,-2.941005135E1
1.425992847E2,4.048050404E0,6.076950073E0,-1.703295135E1
1.426017280E2,6.564000130E0,7.405050278E0,-1.239600086E1
1.426041715E2,3.160050154E0,6.690000534E0,-9.727950096E0
1.426066151E2,2.247000217E0,6.546000481E0,4.705950260E0
1.426090586E2,-2.149950027E0,2.062695122E1,6.240000248E0
1.426115022E2,-1.197000027E0,3.946050167E0,3.364950180E0
1.426139457E2,-4.279500246E-1,-2.149500102E-1,2.757000208E0
1.426163893E2,-1.735950112E0,3.484050274E0,1.216950059E0
1.426188327E2,-5.052000046E0,1.042905045E1,6.262050152E0
1.426212764E2,-1.740000129E0,3.304050207E0,4.429950237E0
1.426237197E2,-1.300050020E0,1.004400063E1,4.258049965E0
1.426261632E2,1.716000080E0,5.095050335E0,5.355000019E0
1.426286069E2,2.274000168E0,6.687000275E0,2.962950230E0
1.426310505E2,3.082950115E0,2.036100006E1,1.275000095E0
1.426334939E2,4.717950344E0,1.224705029E1,5.797050476E0
1.426359374E2,3.315000057E0,8.707950592E0,-3.670500219E-1
1.426383810E2,4.813950062E0,1.366905022E1,2.544000149E0
1.426408244E2,5.821950436E0,1.406205082E1,8.392950058E0
1.426432681E2,4.033950329E0,9.211050034E0,2.485950232E0
1.426457115E2,7.852050304E0,6.706050396E0,-1.606950045E0
1.426481551E2,2.465100098E1,1.233000040E0,-1.192395020E1
1.426505986E2,7.383000374E0,7.333950520E0,-3.440595245E1
1.426530422E2,5.508000374E0,9.235050201E0,-3.153300095E1
1.426554856E2,2.110949993E0,7.747950554E0,-1.532595062E1
1.426579290E2,3.190950155E0,9.010050774E0,2.587050200E0
1.426603727E2,4.729950428E0,1.914900017E1,8.221050262E0
1.426628161E2,4.096050262E0,1.381995106E1,1.750950098E0
1.426652597E2,1.290000081E0,7.453050137E0,6.070500016E-1
1.426677032E2,1.747050047E0,1.223205090E1,5.869050503E0
1.426701468E2,1.402050018E0,8.421000481E0,3.000000119E-1
1.426725903E2,-2.110500038E-1,9.739500284E-1,7.800000161E-2
1.426750339E2,-1.209000111E0,3.888000250E0,2.050050020E0
1.426774774E2,-1.951050043E0,6.259050369E0,5.386050224E0
1.426799210E2,-5.650500059E-1,4.111050129E0,-1.641000032E0
1.426823644E2,2.146950006E0,5.725050449E0,4.402050018E0
1.426848081E2,1.419000030E0,3.780000210E0,4.513950348E0
1.426872514E2,2.134950161E0,2.679000139E0,-9.900000691E-2
1.426896951E2,3.768000126E0,6.595950127E0,2.364000082E0
1.426921385E2,9.724950790E0,6.823950291E0,3.601950169E0
1.426945822E2,7.084050179E0,2.634000063E0,-1.030800056E1
1.426970256E2,9.136050224E0,5.727000237E0,-1.714395142E1
1.426994691E2,7.201050282E0,8.500500321E-1,-2.159505081E1
1.427019127E2,5.346000195E0,2.394000053E0,-2.301000023E1
1.427043561E2,8.164050102E0,6.049950123E0,-1.794105148E1
1.427067997E2,7.576950550E0,7.141950130E0,-1.355505085E1
1.427092432E2,3.394050121E0,1.006095028E1,-9.148950577E0
1.427116868E2,2.464950085E0,1.165995026E1,-5.685000420E0
1.427141303E2,5.569500327E-1,1.168605042E1,3.511050224E0
1.427165739E2,2.278950214E0,1.332900047E1,3.967950106E0
1.427190173E2,2.911050081E0,1.374795055E1,3.508950233E0
1.427214607E2,3.220050097E0,1.216500092E1,6.739500165E-1
1.427239044E2,1.165050030E0,1.240905094E1,-3.420000076E0
1.427263478E2,2.686050177E0,1.661400032E1,1.132950068E0
1.427287914E2,3.787050247E0,1.416495037E1,3.049050093E0
1.427312349E2,1.600950122E0,9.024000168E0,-1.936950088E0
1.427336785E2,2.923050165E0,1.464795113E1,-9.730500579E-1
1.427361220E2,4.263000011E0,1.758795166E1,3.370050192E0
1.427385656E2,2.143949986E0,1.106895065E1,1.761000037E0
1.427410091E2,-9.859500527E-1,1.032900047E1,5.419500470E-1
1.427434527E2,-3.292050123E0,1.021200085E1,9.523050308E0
1.427458961E2,-2.679000139E0,5.061000347E0,2.625000238E0
1.427483397E2,-3.730500042E-1,5.083050251E0,5.359050274E0
1.427507832E2,1.627050042E0,1.875000119E0,7.107000351E0
1.427532266E2,1.860000134E0,1.912950039E0,8.662950516E0
1.427556702E2,2.868000031E0,4.128000259E0,-6.229500175E-1
1.427581137E2,2.323950052E0,2.710050106E0,1.549950123E0
1.427605574E2,1.643400002E1,2.401050091E0,4.057050228E0
1.427630007E2,1.880895042E1,2.605050087E0,-2.189595032E1
1.427654444E2,2.240505028E1,2.325000048E0,-3.152805138E1
1.427678878E2,9.270000458E0,4.927050114E0,-3.911805344E1
1.427703314E2,3.231000185E0,8.662050247E0,-3.286905289E1
1.427727749E2,2.674050093E0,9.180000305E0,-2.005305099E1
1.427752185E2,1.447950125E0,8.466000557E0,-1.078395081E1
1.427776620E2,1.752000093E0,9.440999985E0,5.793000221E0
1.427801056E2,2.785950184E0,1.816800117E1,1.072995090E1
1.427825491E2,4.006950378E0,1.009905052E1,7.885050297E0
1.427849924E2,7.609500289E-1,5.191050053E0,-2.401950121E0
1.427874361E2,4.408950329E0,1.423905087E1,2.473950148E0
1.427898795E2,4.405050278E0,1.412895107E1,4.722000122E0
1.427923231E2,2.632950068E0,1.140405083E1,-6.570000052E-1
1.427947666E2,4.453050137E0,1.740600014E1,4.993050098E0
1.427972102E2,4.788000107E0,1.464795113E1,5.319000244E0
1.427996537E2,3.511950254E0,1.385805035E1,-1.969500035E-1
1.428020973E2,2.935050249E0,1.696095085E1,1.444950104E0
1.428045407E2,1.816050053E0,1.810800171E1,4.495050430E0
1.428069844E2,-2.832000017E0,1.122000027E1,-1.180950046E0
1.428094278E2,-6.510000229E0,1.224195099E1,1.057050109E0
1.428118714E2,-4.969950199E0,8.109000206E0,9.918000221E0
1.428143149E2,-2.370000124E0,4.791000366E0,6.160950184E0
1.428167583E2,-9.105000645E-2,1.498950124E0,2.047950029E0
1.428192019E2,1.998000145E0,2.002050161E0,3.889050245E0
1.428216454E2,1.893000126E0,2.194950104E0,2.593950033E0
1.428240890E2,2.274000168E0,2.514000177E0,1.749000072E0
1.428265324E2,1.290000081E0,6.144000053E0,2.220000029E0
1.428289761E2,3.327000141E0,1.310595036E1,5.284950256E0
1.428314195E2,2.982000113E0,1.051095009E1,1.360950112E0
1.428338631E2,1.306050062E0,6.487950325E0,7.810500264E-1
1.428363066E2,1.327950120E0,6.802050114E0,3.030000031E-1
1.428387502E2,1.696950078E0,8.089950562E0,1.809000134E0
1.428411937E2,1.676595116E1,1.448505116E1,8.700000644E-1
1.428436373E2,1.282500076E1,1.055205059E1,-2.301405144E1
1.428460808E2,8.434050560E0,8.950050354E0,-2.137395096E1
1.428485241E2,9.028050423E0,1.396095085E1,-2.255700111E1
1.428509677E2,2.269050121E0,1.341300106E1,-1.259895039E1
1.428534112E2,1.467000127E0,1.217700100E1,-5.929050446E0
1.428558548E2,3.793950081E0,1.482495117E1,3.481950283E0
1.428582983E2,3.001950026E0,1.279995060E1,3.343050241E0
1.428607419E2,2.213999987E0,6.658050537E0,2.449500114E-1
1.428631854E2,1.014000058E0,5.382000446E0,-6.829500198E-1
1.428656290E2,2.094000101E0,9.321000099E0,1.821000099E0
1.428680724E2,2.632950068E0,8.353950500E0,-2.409000158E0
1.428705158E2,6.259500384E-1,1.570950031E0,-1.594950080E0
1.428729595E2,-4.515000343E0,1.384395027E1,5.179499984E-1
1.428754029E2,-2.917950153E0,8.488050461E0,4.678950310E0
1.428778466E2,-1.219500080E-1,-2.505000122E-2,1.399500072E-1
1.428802900E2,-8.100000024E-2,-2.340000123E-1,1.099950075E0
1.428827336E2,-4.429500103E-1,2.869500220E-1,3.115950108E0
1.428851771E2,-1.441050053E0,1.930050135E0,4.978950024E0
1.428876207E2,2.973000050E0,2.751000166E0,4.705950260E0
1.428900641E2,8.643000603E0,4.731000423E0,-5.370000005E-1
1.428925077E2,1.301205063E1,1.582905102E1,-2.193495178E1
1.428949512E2,1.667295074E1,9.832950592E0,-2.594505119E1
1.428973948E2,9.016050339E0,1.219200039E1,-1.939695168E1
1.428998383E2,7.630500197E-1,9.919050217E0,-1.441605091E1
1.429022817E2,-2.124000072E0,1.121505070E1,-2.080950022E0
1.429047254E2,-3.565050125E0,1.315695095E1,-6.210000515E-1
1.429071688E2,-6.750000119E-1,6.499950409E0,-7.810500264E-1
1.429096124E2,3.100500107E-1,7.687950134E0,2.107950211E0
1.429120561E2,5.548950195E0,8.727000237E0,-2.917050123E0
1.429144994E2,8.371950150E0,6.924000263E0,-6.205950260E0
1.429169429E2,2.266950130E0,2.284050226E0,-4.894050121E0
1.429193865E2,3.142950058E0,7.561050415E0,2.164950132E0
1.429218300E2,4.639050007E0,1.153800011E1,-1.873050094E0
1.429242736E2,2.407950163E0,6.886050224E0,3.859500289E-1
1.429267171E2,-2.695950031E0,1.058295059E1,5.710500479E-1
1.429291607E2,-3.949950218E0,9.567000389E0,1.500000119E0
1.429316041E2,-1.795950055E0,2.835000038E0,2.400000095E-1
1.429340475E2,-2.728950024E0,8.883000374E0,2.472000122E0
1.429364911E2,-1.341000080E0,8.932950020E0,4.107000351E0
1.429389348E2,1.054949999E0,1.023300076E1,5.335050106E0
1.429413782E2,2.901000023E0,1.473405075E1,1.732050061E0
1.429438217E2,3.303000212E0,1.252395058E1,3.211950064E0
1.429462653E2,4.917000294E0,1.159095097E1,6.556050301E0
1.429487088E2,3.793950081E0,8.575950623E0,3.643050194E0
1.429511524E2,3.973950148E0,1.065195084E1,-3.499500155E-1
1.429535958E2,2.367900085E1,1.066200066E1,1.987950087E0
1.429560395E2,1.426005077E1,5.293950081E0,-3.520395279E1
1.429584829E2,8.026950836E0,7.273950577E0,-3.280695343E1
1.429609265E2,7.036050320E0,9.958050728E0,-2.924700165E1
1.429633700E2,4.630050182E0,6.043050289E0,-2.214495087E1
1.429658134E2,2.085000038E0,5.242950439E0,-1.420500129E-1
1.429682570E2,2.338050127E0,9.634950638E0,9.544950485E0
1.429707007E2,2.707050085E0,7.915050507E0,3.793050289E0
1.429731441E2,-9.105000645E-2,4.729050159E0,3.940050125E0
1.429755875E2,-3.843000174E0,7.819950581E0,4.750950336E0
1.429780311E2,-1.993950129E0,4.402950287E0,4.071000099E0
1.429804746E2,5.620500445E-1,3.531000137E0,5.392950058E0
1.429829182E2,-4.500000179E-2,6.534000397E0,3.351000071E0
1.429853617E2,1.900050044E0,5.467950344E0,4.701000214E0
1.429878053E2,3.451950073E0,4.396049976E0,4.180950165E0
1.429902488E2,2.896050215E0,7.888950348E0,3.328950167E0
1.429926924E2,2.899050236E0,8.743950844E0,3.750000238E0
1.429951358E2,2.116050005E0,5.976000309E0,3.312000275E0
1.429975792E2,2.166000128E0,6.532050133E0,8.029500246E-1
1.430000228E2,2.839050055E0,1.103805065E1,-4.609050274E0
1.430024663E2,3.811050177E0,1.391100025E1,4.203000069E0
1.430049099E2,3.574050188E0,8.353950500E0,6.496950150E0
1.430073534E2,3.001950026E0,6.594000340E0,-2.188950062E0
1.430097970E2,1.570995045E1,9.354000092E0,-1.520895100E1
1.430122405E2,6.490050316E0,7.812000275E0,-2.642400169E1
1.430146841E2,2.575050116E0,1.042005062E1,-1.714095116E1
1.430171275E2,6.490050316E0,1.291005039E1,-1.215405083E1
1.430195711E2,3.531000137E0,1.047300053E1,-3.633000135E0
1.430220146E2,2.532000065E0,1.178895092E1,3.262050152E0
1.430244582E2,3.394050121E0,1.704495049E1,3.063000202E0
1.430269017E2,2.551050186E0,1.146405029E1,9.199500680E-1
1.430293451E2,3.750000298E-1,5.763000488E0,2.718000174E0
1.430317887E2,3.970500231E-1,1.333800030E1,4.432950020E0
1.430342322E2,2.182950020E0,1.527300072E1,3.742950201E0
1.430366758E2,3.730500042E-1,8.370000839E0,-5.200500488E-1
1.430391192E2,-1.690050125E0,1.149195099E1,-3.589950085E0
1.430415629E2,-2.179500163E-1,1.410495090E1,2.351999998E0
1.430440063E2,4.375950336E0,1.162905025E1,5.152950287E0
1.430464499E2,3.895050287E0,9.223050117E0,-6.654000282E0
1.430488934E2,5.494050026E0,1.093200016E1,-1.022895050E1
1.430513370E2,1.582050085E0,8.731950760E0,-9.757050514E0
1.430537805E2,-1.750500053E-1,7.492050171E0,-4.653000355E0
1.430562241E2,3.118950129E0,1.052505016E1,-2.349000216E0
1.430586675E2,3.957000256E0,1.010595036E1,-3.706950188E0
1.430611109E2,1.512000084E0,8.398950577E0,-1.269000053E0
1.430635546E2,6.459000111E0,1.307295036E1,1.603050113E0
1.430659980E2,8.062950134E0,1.429905033E1,-1.858050108E0
1.430684416E2,2.395950079E0,1.053000069E1,-1.108950019E0
1.430708851E2,4.074000359E0,1.393905067E1,3.504000187E0
1.430733287E2,6.166950226E0,1.298700047E1,-4.710000038E0
1.430757722E2,3.697950125E0,7.051050186E0,-9.015000343E0
1.430782158E2,5.590500236E-1,5.902050495E0,-9.094050407E0
1.430806591E2,4.378050327E0,6.342000484E0,-7.546950340E0
1.430831028E2,3.718050241E0,6.559950352E0,-8.461950302E0
1.430855462E2,2.389500141E-1,2.152050018E0,-5.827950478E0
1.430879899E2,2.353049994E0,2.751000166E0,-6.900000572E-1
1.430904333E2,5.389050484E0,8.605050087E0,-4.945050240E0
1.430928768E2,1.147950053E0,3.294000149E0,-5.634000301E0
1.430953204E2,4.710000157E-1,6.769050121E0,4.174050331E0
1.430977638E2,-6.100500226E-1,1.091100025E1,4.120950222E0
1.431002075E2,8.805000782E-2,3.259050131E0,1.315050006E0
1.431026509E2,2.029500157E-1,1.083600044E1,2.050050020E0
1.431050945E2,8.446050644E0,9.985950470E0,3.360000134E0
1.431075380E2,1.147695065E1,3.496050119E0,-6.094050407E0
1.431099816E2,1.021305084E1,3.093000174E0,-1.408605099E1
1.431124250E2,8.869950294E0,6.091050148E0,-1.503900051E1
1.431148687E2,9.516000748E0,5.334000111E0,-1.494300079E1
1.431173121E2,5.239500403E-1,5.811000347E0,-5.578950405E0
1.431197558E2,3.394050121E0,6.292050362E0,4.476000309E0
1.431221991E2,7.957950592E0,9.630000114E0,-1.111050010E0
1.431246426E2,2.901000023E0,2.968950033E0,-1.939950109E0
1.431270862E2,6.202950478E0,6.213000298E0,-1.981050134E0
1.431295297E2,9.901950836E0,4.852950096E0,-9.594000816E0
1.431319733E2,4.057950020E0,6.687000275E0,-5.710950375E0
1.431344168E2,2.616000175E0,8.365950584E0,1.555050015E0
1.431368604E2,1.536000013E0,1.166205025E1,2.689950228E0
1.431393039E2,1.723050117E0,1.190895081E1,2.742000103E0
1.431417473E2,1.612950087E0,7.365000248E0,1.524000049E0
1.431441909E2,-9.190500379E-1,1.229505062E1,-3.787950277E0
1.431466343E2,-6.799500585E-1,1.373400021E1,-4.600500166E-1
1.431490780E2,-7.830000520E-1,9.430950165E0,2.251950026E0
1.431515214E2,-3.976950169E0,1.219395065E1,1.002000093E0
1.431539650E2,-3.976950169E0,1.092000008E1,5.800500512E-1
1.431564085E2,-7.639500499E-1,1.099005032E1,2.766000032E0
1.431588521E2,3.969000101E0,1.212900066E1,1.591050029E0
1.431612956E2,6.514050484E0,1.028100014E1,-5.017050266E0
1.431637392E2,3.052050114E0,1.072605038E1,-9.865050316E0
1.431661827E2,1.383000016E0,9.646050453E0,-7.698000431E0
1.431686263E2,2.544000149E0,1.102305031E1,-2.520000041E-1
1.431710697E2,3.205050230E0,1.174095058E1,-2.509950161E0
1.431735131E2,2.692950010E0,1.150395012E1,-8.599500656E-1
1.431759568E2,1.906950116E0,1.082700062E1,-2.260500044E-1
1.431784002E2,6.220050335E0,1.395600033E1,6.670500040E-1
1.431808439E2,5.194950104E0,1.641495132E1,-3.091950178E0
1.431832873E2,2.494050026E0,1.308900070E1,-5.068950176E0
1.431857309E2,7.528950214E0,1.256295013E1,3.709950209E0
1.431881743E2,7.860000610E0,1.219905090E1,-6.220950127E0
1.431906180E2,2.755050182E0,7.563000202E0,-8.638950348E0
1.431930614E2,1.680000067E0,4.558950424E0,-1.072200012E1
1.431955050E2,5.572950363E0,5.707950115E0,-1.535700035E1
1.431979485E2,1.747050047E0,3.028950214E0,-1.488795090E1
1.432003921E2,-7.420500517E-1,2.097000122E0,3.120000064E-1
1.432028356E2,4.603050232E0,3.292050123E0,5.251950264E0
1.432052790E2,6.214950085E0,4.450950146E0,-2.086050034E0
1.432077226E2,2.532000065E0,2.763000250E0,2.440950155E0
1.432101660E2,1.042950034E0,5.482950211E0,4.584000111E0
1.432126096E2,1.122000098E0,5.701050282E0,5.404950142E0
1.432150531E2,1.720950127E0,2.023050070E0,3.477000237E0
1.432174967E2,5.473050117E0,3.733050108E0,2.107950211E0
1.432199402E2,8.723999977E0,5.701050282E0,-2.400000095E-1
1.432223838E2,8.278950691E0,6.319500208E-1,-3.124950171E0
1.432248273E2,8.827050209E0,6.495000422E-2,-1.123005009E1
1.432272709E2,1.225095081E1,1.684950113E0,-1.942800140E1
1.432297144E2,1.354605103E1,9.480000734E-1,-2.139600182E1
1.432321580E2,3.400950193E0,4.338000298E0,-1.900395012E1
1.432346014E2,3.385050058E0,6.904950142E0,-1.525395107E1
1.432370448E2,8.788949966E0,7.867950439E0,-1.053795052E1
1.432394884E2,4.623000145E0,5.023050308E0,-9.889500737E-1
1.432419319E2,3.559500277E-1,8.326950073E0,2.548050165E0
1.432443756E2,3.547950268E0,1.371000099E1,3.147000074E0
1.432468190E2,5.326050282E0,1.442505074E1,6.958950520E0
1.432492626E2,3.756000280E0,1.083405018E1,-1.083000064E0
1.432517060E2,2.464950085E0,1.329795074E1,2.449950218E0
1.432541497E2,2.413050175E0,1.381695080E1,2.662950039E0
1.432565931E2,1.687050104E0,1.314705086E1,-1.131000042E0
1.432590367E2,7.770000100E-1,1.405905056E1,-3.031950235E0
1.432614802E2,8.899500370E-1,1.510305119E1,-1.420050025E0
1.432639238E2,1.563000083E0,1.209795094E1,2.365950108E0
1.432663672E2,-2.056950092E0,1.414995098E1,-1.960950136E0
1.432688107E2,-5.980950356E0,1.369800091E1,9.349500537E-1
1.432712543E2,-3.663000107E0,8.506950378E0,1.174050093E0
1.432736977E2,-3.619950056E0,8.706000328E0,-2.586000204E0
1.432761414E2,-3.427950144E0,7.908000469E0,-2.419500053E-1
1.432785848E2,-2.017950058E0,5.908950329E0,4.857000351E0
1.432810284E2,1.314000010E0,8.689500690E-1,8.560050011E0
1.432834719E2,2.638050079E0,2.931000233E0,1.428000093E0
1.432859155E2,3.969000101E0,5.137950420E0,2.674950123E0
1.432883590E2,3.615000248E0,3.322950125E0,8.503050804E0
1.432908024E2,1.633950114E0,1.027050018E0,1.468950033E0
1.432932461E2,2.536950111E0,2.016000032E0,-3.112950087E0
1.432956897E2,4.989000320E0,1.810095024E1,-1.915950060E0
1.432981331E2,2.131950140E0,6.394950390E0,6.067950249E0
1.433005765E2,-1.819500029E-1,4.095000029E-2,9.990000725E-1
1.433030201E2,-1.065000057E0,9.778050423E0,-1.729050040E0
1.433054636E2,1.792950034E0,1.515600109E1,5.191950321E0
1.433079072E2,1.206000090E0,7.261950493E0,-1.003950000E0
1.433103507E2,5.310000181E-1,8.911050797E0,1.119000077E0
1.433127943E2,2.044049978E0,1.226295090E1,4.792050362E0
1.433152378E2,1.330050111E0,8.173950195E0,2.520000219E0
1.433176814E2,3.679500222E-1,7.221000195E0,1.444950104E0
1.433201248E2,8.110500574E-1,1.074795055E1,5.266050339E0
1.433225684E2,1.931205177E1,8.350950241E0,4.687050343E0
1.433250119E2,1.884495163E1,3.826050282E0,-3.908205032E1
1.433274555E2,1.771199989E1,3.151050091E0,-4.921500397E1
1.433298989E2,4.251000404E0,7.173000336E0,-3.733905029E1
1.433323423E2,6.960000396E-1,4.990050316E0,-1.477095032E1
1.433347859E2,3.129000187E0,1.201905060E1,3.802950144E0
1.433372294E2,3.466050148E0,1.817295074E1,6.255000114E0
1.433396730E2,1.747050047E0,7.969950199E0,1.924050093E0
1.433421165E2,-1.200000010E-2,6.709050179E0,3.730950117E0
1.433445601E2,1.507950068E0,1.563705063E1,4.939950466E0
1.433470036E2,2.358000040E0,1.303695107E1,3.837000132E0
1.433494469E2,7.410000563E-1,9.702000618E0,2.608050108E0
1.433518906E2,1.966950059E0,1.215105057E1,6.066000462E0
1.433543343E2,2.821950197E0,1.272105026E1,5.344950199E0
1.433567776E2,2.029950142E0,9.963000298E0,3.169050217E0
1.433592213E2,1.836000085E0,1.344105053E1,-2.131050110E0
1.433616647E2,7.692000389E0,1.604594994E1,4.950000286E0
1.433641082E2,1.277505016E1,9.073950768E0,-1.065300083E1
1.433665518E2,2.899050236E0,1.081005096E1,-1.325295067E1
1.433689953E2,7.792950153E0,1.244505024E1,-1.784295082E1
1.433714389E2,2.889000177E0,1.252395058E1,-1.567800045E1
1.433738823E2,6.900000572E-2,8.059050560E0,-2.179050207E0
1.433763260E2,3.567000151E0,1.207695103E1,8.629500270E-1
1.433787694E2,4.879050255E0,1.401405048E1,-4.219500124E-1
1.433812128E2,2.251950026E0,5.047050476E0,-4.650000334E-1
1.433836565E2,1.156050086E0,3.804000139E0,-2.281949997E0
1.433861001E2,1.966950059E0,9.748950005E0,-8.700000495E-2
1.433885436E2,7.609500289E-1,6.325950146E0,3.973050117E0
1.433909870E2,-1.960500032E-1,1.699500084E-1,6.499500275E-1
1.433934306E2,-6.990000606E-1,8.239500523E-1,2.205000073E-2
1.433958740E2,-3.373050213E0,5.551950455E0,1.570500135E-1
1.433983176E2,-9.460500479E-1,3.457050085E0,3.390000165E-1
1.434007611E2,-2.499000072E0,6.880950451E0,-2.779950142E0
1.434032047E2,-4.056000233E0,9.733050346E0,-2.932950258E0
1.434056482E2,-2.653050184E0,6.972000122E0,9.630000591E-1
1.434080918E2,-3.775950193E0,9.124950409E0,6.286050320E0
1.434105352E2,-2.746050119E0,1.099695015E1,1.894950032E0
1.434129786E2,8.520000577E-1,8.791950226E0,2.050050020E0
1.434154222E2,2.439000130E0,1.098300076E1,7.105050564E0
1.434178657E2,2.893950224E0,1.348500061E1,4.576050282E0
1.434203093E2,5.530050278E0,1.006305027E1,8.977050781E0
1.434227528E2,8.986950874E0,1.232595062E1,7.081050396E0
1.434251964E2,3.897000074E0,8.706000328E0,3.552000284E0
1.434276398E2,3.090000153E0,4.551000118E0,6.762000084E0
1.434300834E2,2.796000242E0,2.611950159E0,4.203000069E0
1.434325269E2,2.923050165E0,2.701050043E0,-7.140000463E-1
1.434349705E2,9.397050858E0,4.152000427E0,5.587050438E0
1.434374140E2,2.367195129E1,2.028000116E0,-2.456100082E1
1.434398576E2,1.313700104E1,-1.969950080E0,-3.829005051E1
1.434423010E2,3.100050211E0,3.802050114E0,-3.156705093E1
1.434447444E2,3.780000210E0,4.896000385E0,-2.224305153E1
1.434471881E2,1.857000113E0,4.900950432E0,-1.330095100E1
1.434496315E2,1.930500120E-1,3.828000069E0,-4.966050148E0
1.434520751E2,1.708950043E0,8.581050873E0,3.430050135E0
1.434545186E2,1.198950052E0,1.153605080E1,6.315000534E0
1.434569622E2,7.170000076E-1,7.183050156E0,4.845000267E0
1.434594057E2,1.546050072E0,9.349950790E0,2.167950153E0
1.434618493E2,3.649950266E0,1.713600159E1,5.509950161E0
1.434642928E2,3.397050142E0,1.310895061E1,1.849050045E0
1.434667364E2,1.036050081E0,1.215300083E1,-7.056000233E0
1.434691798E2,2.044049978E0,1.605405045E1,1.938000083E0
1.434716235E2,4.711050034E0,1.752405167E1,5.848050117E0
1.434740668E2,3.957000256E0,1.343400097E1,2.190000117E-1
1.434765103E2,1.267950058E0,1.447605038E1,-4.516050339E0
1.434789539E2,2.499000072E0,1.725300026E1,2.380950212E0
1.434813974E2,4.669950008E0,1.432500076E1,1.770000100E0
1.434838410E2,1.809000134E0,1.137300014E1,-2.565000057E0
1.434862845E2,3.018000126E0,1.554405117E1,1.990950108E0
1.434887281E2,4.182000160E0,1.273500061E1,2.119950056E0
1.434911715E2,1.531950116E0,6.823950291E0,-1.741050124E0
1.434936151E2,-2.220000178E-1,7.855950356E0,-9.490500689E-1
1.434960585E2,1.810500026E-1,6.574950218E0,3.729000092E0
1.434985022E2,2.215950012E0,2.266950130E0,5.493000031E0
1.435009456E2,5.238000393E0,2.241000175E0,-9.586950302E0
1.435033891E2,1.059600067E1,4.840500355E-1,-1.853205109E1
1.435058327E2,6.945000172E0,8.100000024E-2,-1.921905136E1
1.435082761E2,-2.130000144E-1,3.148050070E0,-1.083705044E1
1.435107198E2,3.540000200E0,7.276050568E0,-5.740050316E0
1.435131632E2,3.298950195E0,7.366950512E0,-5.419500470E-1
1.435156068E2,1.897950053E0,5.767950058E0,2.812050104E0
1.435180503E2,1.242000103E0,9.976950645E0,2.914950132E0
1.435204939E2,3.349050045E0,1.112895012E1,4.846950054E0
1.435229374E2,4.069050312E0,4.762050152E0,-2.680050135E0
1.435253810E2,6.330000401E0,7.089000225E0,-1.911000133E0
1.435278244E2,1.319595051E1,1.075305080E1,-7.150050163E0
1.435302681E2,9.141000748E0,7.057950497E0,-8.503050804E0
1.435327115E2,4.210950375E0,8.715000153E0,-5.506950378E0
1.435351549E2,6.961950302E0,1.317105103E1,-5.787000179E0
1.435375985E2,8.259000778E0,1.276395035E1,-9.252000809E0
1.435400420E2,3.133050203E0,1.127895069E1,-5.268000126E0
1.435424856E2,8.970000148E-1,1.371900082E1,2.967000246E0
1.435449291E2,4.905000210E0,1.813695145E1,4.360949993E0
1.435473727E2,4.833000183E0,1.602495003E1,1.131000042E0
1.435498162E2,2.602050066E0,1.467705059E1,-3.522000074E0
1.435522598E2,6.508950233E0,1.606800079E1,2.814000130E0
1.435547032E2,6.220050335E0,1.360695076E1,-1.428705025E1
1.435571466E2,6.240000129E-1,1.193100071E1,-1.046805096E1
1.435595902E2,-3.420000076E-1,7.698000431E0,-2.407050133E0
1.435620337E2,2.109000206E0,9.060000420E0,-3.594000101E0
1.435644773E2,1.335000038E0,7.177950382E0,2.190000117E-1
1.435669208E2,-4.330500066E-1,9.739500284E-1,1.867950082E0
1.435693644E2,-2.779500186E-1,1.290000081E-1,1.210500076E-1
1.435718079E2,-4.399500191E-1,-3.990000188E-1,-1.549950123E0
1.435742515E2,-1.558050036E0,-5.040000081E-1,-5.481000423E0
1.435766949E2,-9.580500722E-1,-3.490500152E-1,7.650000453E-1
1.435791386E2,-1.080000028E-1,-4.660500288E-1,7.219500542E-1
1.435815820E2,2.530499995E-1,-6.340500116E-1,2.733000040E0
1.435840254E2,-1.000500023E-1,-2.149500102E-1,4.609500170E-1
1.435864690E2,-1.720500141E-1,-1.380000114E-1,2.190000117E-1
1.435889125E2,2.461050034E0,4.279500246E-1,-2.809500098E-1
1.435913561E2,7.857000351E0,6.510000229E-1,5.899500251E-1
1.435937998E2,5.389050484E0,1.767000079E0,-2.617050171E0
1.435962432E2,-2.241000175E0,9.426000595E0,-6.762000084E0
1.435986867E2,1.044105053E1,1.230195045E1,-7.084950447E0
1.436011303E2,1.203795052E1,1.336200047E1,-1.415100098E1
1.436035737E2,3.143895149E1,5.767605209E1,-5.541000366E0
1.436060173E2,5.683050156E0,1.615904999E1,2.476950169E0
1.436084608E2,-9.409500360E-1,4.930500090E-1,2.625000238E0
1.436109044E2,2.295000106E-2,3.100950241E0,-3.304950237E0
1.436133479E2,6.174000263E0,1.646100044E1,-5.779500008E-1
1.436157913E2,1.078800011E1,2.530305099E1,5.521950245E0
1.436182349E2,3.283950090E0,6.891000271E0,-5.458950043E0
1.436206784E2,1.978950143E0,5.575950146E0,-3.115050077E0
1.436231220E2,6.042000294E0,1.869900131E1,-5.467050076E0
1.436255655E2,3.258000135E0,1.459095097E1,-4.315050125E0
1.436280091E2,1.206000090E0,5.344050407E0,-2.056950092E0
1.436304525E2,5.604000092E0,1.563495064E1,-3.139500022E-1
1.436328961E2,5.710050106E0,1.561995029E1,1.855950117E0
1.436353395E2,1.030950069E0,6.225000381E0,-1.471050024E0
1.436377832E2,-1.108050108E0,4.147050381E0,-3.859500289E-1
1.436402267E2,-1.305000067E0,2.491950035E0,2.340000153E0
1.436426703E2,-1.012800026E1,2.020500183E1,1.474995041E1
1.436451137E2,1.584000111E0,5.574000359E0,6.457950115E0
1.436475571E2,4.608000278E0,5.638050079E0,-2.881050110E0
1.436500008E2,6.712950230E0,1.030695057E1,-1.105005074E1
1.436524442E2,7.029000282E0,8.653050423E0,-2.072100067E1
1.436548878E2,1.346895027E1,6.096000195E0,-2.738595200E1
1.436573313E2,5.841000080E0,3.972000122E0,-2.655105209E1
1.436597749E2,1.237050056E0,4.896000385E0,-1.490700054E1
1.436622184E2,5.065050125E0,6.685050488E0,-3.534000158E0
1.436646620E2,5.803050041E0,9.679950714E0,-1.276950002E0
1.436671054E2,2.698050022E0,8.406000137E0,1.921050072E0
1.436695490E2,-3.469500244E-1,6.876000404E0,5.520000458E-1
1.436719925E2,-1.069950104E0,9.192000389E0,2.232000113E0
1.436744361E2,-4.279500246E-1,8.923050880E0,3.738000154E0
1.436768795E2,1.066950083E0,8.887950897E0,2.377950191E0
1.436793230E2,1.953000069E0,9.702000618E0,1.540050030E0
1.436817666E2,4.267950058E0,1.279695034E1,5.730000138E-1
1.436842100E2,3.910950184E0,9.481050491E0,1.999950051E0
1.436866537E2,2.152050018E0,1.114995098E1,2.860500216E-1
1.436890971E2,2.755050182E0,1.589595032E1,1.513950109E0
1.436915407E2,2.566050053E0,1.263195038E1,1.633950114E0
1.436939842E2,2.041949987E0,8.835000038E0,-7.810500264E-1
1.436964276E2,1.744950056E0,1.148100090E1,-7.450500131E-1
1.436988713E2,3.334050179E0,1.272300053E1,7.000500560E-1
1.437013147E2,1.864050031E0,8.377950668E0,-7.399500608E-1
1.437037583E2,-3.160500228E-1,5.739000320E0,3.150000274E-1
1.437062017E2,-2.253000021E0,8.815950394E0,6.327000141E0
1.437086453E2,-1.254000068E0,4.282950401E0,6.163950443E0
1.437110888E2,7.960500121E-1,1.149000049E0,5.725950241E0
1.437135324E2,2.295000076E0,4.386000156E0,5.553000450E0
1.437159759E2,3.439950228E0,4.434000015E0,3.793050289E0
1.437184195E2,4.656000137E0,3.601050138E0,5.275950432E0
1.437208630E2,9.382050514E0,8.353950500E0,6.822000504E0
1.437233066E2,1.556400108E1,6.105000496E0,-1.099005032E1
1.437257500E2,1.446795082E1,3.253950119E0,-2.413200188E1
1.437281934E2,7.081050396E0,3.108000040E0,-2.984295082E1
1.437306370E2,2.982000113E0,1.555950046E0,-3.107100105E1
1.437330805E2,3.331950188E0,2.722050190E0,-3.198600197E1
1.437355241E2,2.611050129E0,2.116050005E0,-1.854195023E1
1.437379676E2,6.820500493E-1,1.789500117E-1,-9.622950554E0
1.437404112E2,1.134000063E0,8.470500112E-1,7.438050270E0
1.437428546E2,2.026950121E0,2.526000023E0,2.800050020E0
1.437452982E2,2.821950197E0,2.059050083E0,4.144950390E0
1.437477417E2,2.676000118E0,1.860000134E0,4.473000050E0
1.437501853E2,3.511950254E0,2.827950239E0,2.355000019E0
1.437526288E2,4.864050388E0,5.203050137E0,8.410500288E-1
1.437550724E2,6.567000389E0,1.642500114E1,-1.273950100E0
1.437575158E2,4.036050320E0,1.665705109E1,8.146050453E0
1.437599595E2,3.499950171E0,1.055205059E1,4.260000229E0
1.437624029E2,4.584000111E0,1.571595097E1,-3.148950100E0
1.437648465E2,5.167950153E0,2.340600204E1,3.364950180E0
1.437672899E2,3.382050276E0,1.880700111E1,2.115000010E0
1.437697334E2,-4.759500325E-1,1.745400047E1,-4.344000340E0
1.437721770E2,-6.481050491E0,2.030295181E1,1.050000072E0
1.437746205E2,-4.810050011E0,9.232050896E0,6.000000052E-3
1.437770641E2,-3.771000147E0,6.541050434E0,-4.870050430E0
1.437795075E2,-5.013000011E0,1.311105061E1,1.702950120E0
1.437819511E2,-2.799000025E0,6.697050095E0,1.414050102E0
1.437843946E2,-1.089000106E0,7.996950150E0,6.706950188E0
1.437868380E2,-3.744000196E0,6.634050369E0,1.006695080E1
1.437892816E2,-8.880000710E-1,1.036949992E0,9.976050377E0
1.437917251E2,1.026000023E0,1.551000118E0,1.995000124E0
1.437941687E2,2.329050064E0,2.976000071E0,5.953050137E0
1.437966121E2,8.440500498E-1,7.159500122E-1,6.697950363E0
1.437990557E2,-1.410000026E-1,3.760500252E-1,8.695050240E0
1.438014992E2,1.186950088E0,1.410000086E0,2.710950136E0
1.438039428E2,-7.200000435E-2,-5.400000140E-2,3.670500219E-1
1.438063863E2,-1.395000052E-2,-3.150000274E-1,1.350000054E-1
1.438088299E2,7.304999977E-2,1.905000024E-2,2.544000149E0
1.438112734E2,8.001000404E0,1.973805046E1,1.348950028E0
1.438137170E2,1.298805046E1,4.606605148E1,1.411800098E1
1.438161604E2,9.090000391E-1,4.695000172E0,1.248000026E0
1.438186038E2,1.185600090E1,-3.079500198E-1,7.726950169E0
1.438210474E2,2.828805161E1,-3.769500256E-1,-1.515600109E1
1.438234909E2,2.195205116E1,1.471950054E0,-6.210600281E1
1.438259345E2,2.686500168E1,1.810050130E0,-5.800905228E1
1.438283780E2,1.045005035E1,8.935050011E0,-4.579395294E1
1.438308216E2,1.921950102E0,5.835000515E0,-9.961050034E0
1.438332650E2,-1.429500133E-1,3.019500077E-1,8.320500255E-1
1.438357087E2,7.177050114E0,2.190000153E1,4.890000343E0
1.438381521E2,1.382100105E1,3.428100204E1,2.721000195E0
1.438405955E2,3.178950071E0,4.602000237E0,-3.721050262E0
1.438430392E2,-1.080000028E-1,6.270000339E-1,-1.695000008E-2
1.438454828E2,3.970950127E0,1.331205082E1,-4.677000046E0
1.438479262E2,7.642050266E0,2.072700119E1,4.509000301E0
1.438503697E2,2.740950108E0,9.678000450E0,6.718950272E0
1.438528133E2,-3.808950186E0,1.797405052E1,2.716050148E0
1.438552568E2,-6.970050335E0,2.145795059E1,1.183800030E1
1.438577004E2,-1.563000083E0,3.529050112E0,1.062000036E0
1.438601438E2,-4.606050014E0,7.912950516E0,8.920500278E-1
1.438625874E2,-4.630050182E0,9.055050850E0,1.050000072E0
1.438650309E2,-2.715000153E0,5.770050049E0,5.350500345E-1
1.438674743E2,-2.487000227E0,4.306950092E0,5.230500102E-1
1.438699179E2,-5.940000415E-1,5.790000558E-1,1.330500096E-1
1.438723614E2,-1.890000105E-1,-6.599999964E-2,7.304999977E-2
1.438748051E2,-6.000000238E-2,-1.399500072E-1,7.005000114E-2
1.438772485E2,-1.057950020E0,1.408050060E0,1.129500046E-1
1.438796921E2,-9.517050743E0,1.499100113E1,1.617000103E0
1.438821355E2,-5.710050106E0,1.289295101E1,1.537950039E0
1.438845792E2,-2.856000185E0,9.778050423E0,1.060500070E-1
1.438870226E2,-4.489050388E0,1.283595085E1,2.200950146E0
1.438894662E2,-1.615950108E0,1.683900070E1,8.890500665E-1
1.438919097E2,3.238950253E0,2.189595032E1,3.670950174E0
1.438943533E2,1.795050144E0,1.196205044E1,2.641950130E0
1.438967968E2,3.502050161E0,9.570000648E0,1.653000116E0
1.438992404E2,8.140049934E0,1.074495029E1,5.331000328E0
1.439016838E2,9.379950523E0,9.172050476E0,6.310050488E0
1.439041275E2,8.535000801E0,8.887950897E0,1.300950050E0
1.439065709E2,9.955050468E0,1.122705078E1,4.990950108E0
1.439090143E2,9.825000763E0,1.231605053E1,2.472000122E0
1.439114579E2,7.801950455E0,1.093005085E1,6.790500283E-1
1.439139014E2,6.112050056E0,1.225905037E1,2.227950096E0
1.439163450E2,7.411950588E0,1.508400059E1,-4.270500243E-1
1.439187885E2,6.187950134E0,1.312800026E1,-4.246050358E0
1.439212321E2,4.159950256E0,1.089600086E1,-4.630500078E-1
1.439236756E2,4.807050228E0,1.099695015E1,-6.589500308E-1
1.439261192E2,3.622050285E0,8.914050102E0,-1.339050055E0
1.439285626E2,1.546050072E0,6.013950348E0,1.203000069E0
1.439310060E2,2.923050165E0,3.232050180E0,5.212950230E0
1.439334496E2,5.488950253E0,6.127050400E0,-1.474200058E1
1.439358931E2,8.505000174E-2,3.199050188E0,-3.657000065E0
1.439383367E2,-2.479950190E0,4.683000088E0,-5.941050053E0
1.439407802E2,1.309050083E0,4.057950020E0,-2.842050076E0
1.439432238E2,2.259000063E0,2.995050192E0,-1.877595139E1
1.439456672E2,3.600000143E0,6.388050079E0,-1.910700035E1
1.439481109E2,5.851050377E0,4.543950081E0,-1.942800140E1
1.439505543E2,1.451100063E1,3.445050240E0,-1.574805069E1
1.439529979E2,8.821949959E0,2.095050097E0,-1.394700050E1
1.439554414E2,2.197050095E0,4.165950298E0,-9.180000305E0
1.439578848E2,6.016050339E0,5.971050262E0,-5.740050316E0
1.439603284E2,4.287000179E0,6.192000389E0,-4.449000359E0
1.439627719E2,4.419000149E0,4.848000050E0,-3.514950275E0
1.439652156E2,3.030000210E0,7.654050350E0,-2.505000114E0
1.439676590E2,4.282950401E0,1.678605080E1,6.067950249E0
1.439701026E2,3.198000193E0,8.892000198E0,3.673950195E0
1.439725460E2,1.335000038E0,2.659950018E0,1.210050106E0
1.439749896E2,1.084050059E0,9.241950035E0,-4.923000336E0
1.439774331E2,4.210950375E0,1.499100113E1,1.035000086E0
1.439798767E2,4.582050323E0,1.271100044E1,1.159950018E0
1.439823202E2,2.022000074E0,1.084395027E1,-2.639999986E-1
1.439847638E2,2.523000002E0,1.489500046E1,-1.969500035E-1
1.439872072E2,4.066950321E0,1.512495041E1,1.504950047E0
1.439896506E2,1.753950119E0,9.826050758E0,-1.020000100E0
1.439920942E2,7.630500197E-1,8.659950256E0,-7.189500332E-1
1.439945377E2,3.433050156E0,1.397505093E1,-9.220500588E-1
1.439969813E2,3.061050177E0,1.376895046E1,2.692050219E0
1.439994248E2,-2.100000158E-2,8.892000198E0,1.236000061E0
1.440018684E2,1.860000044E-1,1.125300026E1,-1.800000072E-1
1.440043119E2,4.678050041E0,1.635795021E1,4.497000217E0
1.440067552E2,3.241050243E0,1.175595093E1,-1.641000032E0
1.440091989E2,1.843050122E0,9.450000763E0,-5.149500370E-1
1.440116423E2,7.684950352E0,9.295050621E0,4.933050156E0
1.440140860E2,7.768950462E0,7.923000336E0,-1.718400002E1
1.440165294E2,1.417050123E0,3.213000059E0,-9.268950462E0
1.440189730E2,6.466050148E0,-3.580500185E-1,-2.183400154E1
1.440214165E2,1.165005016E1,1.515000105E0,-1.997595024E1
1.440238601E2,2.317050219E0,3.808950186E0,-1.141395092E1
1.440263036E2,1.033950090E0,3.091050148E0,-4.068000317E0
1.440287472E2,3.990000248E0,2.940000057E0,-4.657050133E0
1.440311906E2,1.912050128E0,5.302950382E0,-2.749050140E0
1.440336342E2,1.840050101E0,7.683000565E0,1.596000075E0
1.440360777E2,2.880000114E0,7.105950356E0,3.046050072E0
1.440385211E2,2.523000002E0,3.610050201E0,-3.859500289E-1
1.440409648E2,4.159500301E-1,1.360050082E0,3.430500031E-1
1.440434084E2,1.390050054E0,2.983050108E0,3.327000141E0
1.440458519E2,4.531949997E0,9.589050293E0,1.572000027E0
1.440482953E2,5.437050343E0,7.639950275E0,5.251950264E0
1.440507389E2,1.960050106E0,3.943050146E0,9.970500469E-1
1.440531823E2,2.941950083E0,5.313000202E0,2.910000086E-1
1.440556260E2,1.099095058E1,9.163050652E0,-3.000000026E-3
1.440580694E2,6.411000252E0,8.698050499E0,-3.879000187E0
1.440605130E2,2.728950024E0,8.932950020E0,-3.321000099E0
1.440629565E2,4.699050426E0,1.282395077E1,1.618950129E0
1.440654001E2,6.828000546E0,1.572600079E1,6.300000101E-2
1.440678435E2,2.755050182E0,1.346805096E1,-2.128950119E0
1.440702869E2,7.290000319E-1,1.011795044E1,-3.810000122E-1
1.440727306E2,4.090950012E0,1.433505058E1,3.360000253E-1
1.440751740E2,3.334050179E0,1.649700165E1,-5.578950405E0
1.440776176E2,-9.795000404E-2,9.079050064E0,1.063950062E0
1.440800611E2,2.008050203E0,9.349950790E0,-6.168000221E0
1.440825047E2,2.998950243E0,1.761495018E1,-1.109595013E1
1.440849482E2,1.917000055E0,1.078905010E1,-7.261950493E0
1.440873918E2,3.460950136E0,6.274950504E0,-5.400000095E0
1.440898353E2,6.603000164E0,1.382895088E1,-1.247205067E1
1.440922789E2,7.821000576E0,1.065000057E1,-1.105695057E1
1.440947223E2,4.608000278E0,5.374950409E0,-7.408050537E0
1.440971660E2,6.234000206E0,8.049000740E0,-4.048950195E0
1.440996093E2,5.820000172E0,7.353000164E0,-2.863950253E0
1.441020528E2,2.791050196E0,8.494950294E0,1.588050127E0
1.441044965E2,3.567000151E0,1.028595066E1,4.126049995E0
1.441069399E2,6.604950428E0,1.116705036E1,1.384950042E0
1.441093835E2,5.884050369E0,1.066605091E1,-1.687950134E0
1.441118269E2,1.909950137E0,8.052000046E0,-9.010500312E-1
1.441142706E2,1.723050117E0,7.264050484E0,1.039950013E0
1.441167140E2,3.129000187E0,1.044900036E1,-5.437950134E0
1.441191576E2,9.690000415E-1,6.453000069E0,-1.914000034E0
1.441216010E2,4.249500334E-1,1.750050068E0,1.002000093E0
1.441240447E2,2.215950012E0,2.404050112E0,-4.147050381E0
1.441264882E2,7.078950405E0,3.697050095E0,-9.016950607E0
1.441289316E2,2.266950130E0,1.444050074E0,-5.083950043E0
1.441313752E2,-3.420000076E-1,7.950000167E-1,-1.035000086E0
1.441338186E2,5.380499959E-1,3.214950085E0,-1.590000093E-1
1.441362623E2,4.126950264E0,1.126500034E1,1.450500041E-1
1.441387057E2,2.580000162E0,8.895000458E0,-6.589500308E-1
1.441411493E2,1.054949999E0,7.834050179E0,1.962000132E0
1.441435928E2,3.222000122E0,1.425795078E1,1.801050067E0
1.441460364E2,3.763050079E0,1.447095108E1,2.278050184E0
1.441484799E2,2.374050140E0,1.125300026E1,3.175950050E0
1.441509232E2,1.941000104E0,1.123605061E1,1.978950143E0
1.441533669E2,2.760000229E0,1.405395031E1,3.097050190E0
1.441558106E2,8.749500513E-1,9.678000450E0,2.517000198E0
1.441582539E2,-1.353000045E0,4.846050262E0,-3.228000164E0
1.441606974E2,-3.900000155E-1,9.370950699E0,2.875950098E0
1.441631410E2,6.193050385E0,1.382700062E1,1.056705093E1
1.441655845E2,1.036200047E1,2.899050236E0,-8.397000313E0
1.441680281E2,9.780000448E-1,4.528050423E0,-1.720305061E1
1.441704716E2,1.056000042E1,3.424050093E0,-3.014700127E1
1.441729152E2,5.731050491E0,6.634050369E0,-2.689305115E1
1.441753587E2,9.520500302E-1,2.346000195E0,-1.520895100E1
1.441778020E2,2.890950203E0,5.823000431E0,-3.277950048E0
1.441802457E2,5.068050385E0,1.607505035E1,5.452950478E0
1.441826891E2,2.218950033E0,1.209105015E1,2.668050051E0
1.441851328E2,3.250500262E-1,6.559950352E0,1.441950083E0
1.441875762E2,3.010500073E-1,1.103805065E1,4.027950287E0
1.441900198E2,1.290000081E0,1.510095024E1,6.717000484E0
1.441924633E2,1.029000044E0,1.172700024E1,4.363049984E0
1.441949069E2,2.670000196E-1,9.412050247E0,4.858950138E0
1.441973503E2,9.570000172E-1,1.299105072E1,3.955950260E0
1.441997940E2,1.831050038E0,1.355895042E1,3.946950197E0
1.442022374E2,1.249050021E0,8.785050392E0,-7.690500617E-1
1.442046810E2,8.749500513E-1,1.075305080E1,-7.344000340E0
1.442071244E2,3.946950197E0,1.386795044E1,4.120950222E0
1.442095679E2,7.764000416E0,1.231605053E1,5.278050423E0
1.442120115E2,1.030905056E1,5.368050098E0,-8.209950447E0
1.442144550E2,5.065050125E0,8.623950005E0,-1.421505070E1
1.442168986E2,4.594050407E0,1.234005070E1,-2.265000153E1
1.442193420E2,1.524000049E0,1.115205097E1,-7.696050167E0
1.442217856E2,2.209050179E0,9.594000816E0,6.450000405E-1
1.442242291E2,5.058000088E0,1.628100014E1,2.449500114E-1
1.442266727E2,3.852000237E0,1.329795074E1,2.254050016E0
1.442291162E2,1.060050011E0,7.072950363E0,3.460500240E-1
1.442315598E2,1.455000043E0,1.097295094E1,2.062050104E0
1.442340032E2,1.723050117E0,1.471500111E1,3.669000149E0
1.442364469E2,4.759500325E-1,1.014000034E1,2.365950108E0
1.442388902E2,-6.799500585E-1,8.461050034E0,2.752050161E0
1.442413337E2,-1.900950074E0,9.763950348E0,1.344000101E0
1.442437773E2,-1.609050035E0,8.947050095E0,1.738950133E0
1.442462208E2,-7.849500179E-1,6.352050304E0,2.185050011E0
1.442486644E2,-3.400500119E-1,3.570000172E0,1.177050114E0
1.442511078E2,1.506195068E1,1.924950123E0,2.967000246E0
1.442535515E2,4.960050106E0,6.150000095E-1,-2.138595009E1
1.442559949E2,5.865000248E0,-3.267000198E0,-1.916205025E1
1.442584386E2,2.458050013E0,-2.479500175E-1,-1.423695087E1
1.442608820E2,3.448950052E0,-1.710000038E-1,-8.857050896E0
1.442633256E2,1.282950044E0,-9.499500394E-1,-9.919500351E-1
1.442657691E2,1.720500141E-1,1.186950088E0,3.085050106E0
1.442682125E2,5.160000324E-1,3.121950150E0,4.531050205E0
1.442706561E2,9.603000641E0,2.250900078E1,6.930000305E0
1.442730995E2,1.073505020E1,1.343400097E1,-1.978050113E0
1.442755432E2,1.085700035E1,8.389050484E0,-5.874000072E0
1.442779866E2,1.210005093E1,1.683405113E1,-1.624305153E1
1.442804303E2,1.094805050E1,1.283100033E1,-2.367495155E1
1.442828737E2,9.330000281E-1,1.107300091E1,-2.803800201E1
1.442853173E2,-6.195000187E-2,8.392050743E0,1.924050093E0
1.442877608E2,3.877950191E0,8.755949974E0,1.547295094E1
1.442902042E2,-8.089500666E-1,7.702050209E0,2.476950169E0
1.442926479E2,3.756000280E0,8.446949959E0,-3.361950159E0
1.442950915E2,4.648950100E0,4.840950012E0,1.145805073E1
1.442975349E2,2.607000113E0,3.508050203E0,-5.029500127E-1
1.442999783E2,5.355000019E0,5.421000481E0,-4.284000397E0
1.443024220E2,5.275950432E0,8.550000191E0,-9.604050636E0
1.443048654E2,4.330049992E0,1.068300056E1,-3.070050240E0
1.443073090E2,4.042950153E0,1.064505005E1,-1.999950051E0
1.443097525E2,2.403000116E0,7.674000263E0,-4.171050072E0
1.443121961E2,-5.679000378E0,2.021205139E1,2.152950048E0
1.443146396E2,-3.213000059E0,9.634950638E0,3.871950150E0
1.443170832E2,-2.326950073E0,6.847950459E0,1.570500135E-1
1.443195267E2,-3.136050224E0,7.147050381E0,6.810000539E-1
1.443219703E2,-1.750050068E0,2.907000065E0,4.579500258E-1
1.443244137E2,-4.495950222E0,7.729050159E0,9.420000315E-1
1.443268574E2,-4.174950123E0,8.822999954E0,9.469500184E-1
1.443293007E2,-1.657050133E0,2.253000021E0,4.150500298E-1
1.443317442E2,-4.149000168E0,7.750050545E0,5.125050068E0
1.443341878E2,-2.902050257E0,9.297000885E0,6.822000504E0
1.443366313E2,-1.261950016E0,4.398000240E0,2.661000013E0
1.443390749E2,-8.520000577E-1,8.346000671E0,-5.281950474E0
1.443415184E2,2.584950209E0,6.060000420E0,2.773950100E0
1.443439620E2,7.861950397E0,1.606995010E1,5.521950245E0
1.443464054E2,3.423000097E0,8.278950691E0,2.400000095E-1
1.443488488E2,1.816050053E0,3.457050085E0,1.524000049E0
1.443512924E2,1.628505135E1,2.293950081E0,6.312000275E0
1.443537361E2,2.075805092E1,6.679500341E-1,-2.598600197E1
1.443561795E2,9.973950386E0,1.324050069E0,-1.853505135E1
1.443586230E2,6.883050442E0,1.015605068E1,-1.587000084E1
1.443610666E2,3.061050177E0,4.039050102E0,-1.508700085E1
1.443635100E2,8.640000224E-1,4.900950432E0,-9.927000046E0
1.443659536E2,1.135950089E0,6.157950401E0,-7.090500593E-1
1.443683971E2,4.195950031E0,5.959050179E0,4.393949986E0
1.443708407E2,1.918950081E0,3.213000059E0,4.864050388E0
1.443732842E2,2.793000221E0,3.763950109E0,5.629950047E0
1.443757278E2,6.756000519E0,4.437000275E0,-1.420500129E-1
1.443781712E2,1.089300060E1,2.764950037E0,-8.353950500E0
1.443806149E2,4.819050312E0,2.539499998E-1,-1.250100040E1
1.443830582E2,6.190500259E-1,2.503950119E0,-6.199050426E0
1.443855019E2,6.016050339E0,4.413000107E0,-2.136000156E0
1.443879453E2,6.322050095E0,5.698050499E0,-2.140950203E0
1.443903888E2,3.223950148E0,7.159050465E0,2.140500098E-1
1.443928324E2,2.049000025E0,1.009200001E1,4.605000019E0
1.443952759E2,2.556000233E0,1.525905037E1,1.951950073E0
1.443977195E2,4.855050087E0,1.499100113E1,-1.510950089E0
1.444001629E2,4.477050304E0,1.310400105E1,-3.178050041E0
1.444026066E2,4.857000351E0,1.730595016E1,-5.170050144E0
1.444050500E2,3.646050215E0,1.713795090E1,-8.416049957E0
1.444074934E2,1.536000013E0,1.400595093E1,-2.506950140E0
1.444099370E2,3.150000095E0,1.079595089E1,-7.950000167E-1
1.444123805E2,6.784950256E0,1.441095066E1,-8.232000351E0
1.444148241E2,6.691050529E0,1.562505054E1,-1.378005028E1
1.444172676E2,2.307000160E0,8.497050285E0,-1.159095097E1
1.444197112E2,1.675050020E0,6.739950180E0,-6.546000481E0
1.444221547E2,6.265050411E0,1.310895061E1,-3.771000147E0
1.444245983E2,5.535000324E0,1.456200027E1,-6.040500402E-1
1.444270417E2,2.508000135E0,7.980000496E0,9.160500169E-1
1.444294853E2,1.384950042E0,9.145950317E0,-6.970500350E-1
1.444319288E2,4.120050430E0,1.553205109E1,5.595000088E-2
1.444343724E2,3.106950045E0,1.265595055E1,7.500000298E-2
1.444368158E2,1.165050030E0,5.923050404E0,-5.890500546E-1
1.444392593E2,1.825950146E0,1.249995041E1,7.690500617E-1
1.444417029E2,1.633950114E0,1.641300011E1,4.609950066E0
1.444441463E2,-1.539000034E0,1.026405048E1,6.109500527E-1
1.444465900E2,-4.019999981E0,1.345305061E1,-1.469999999E-1
1.444490334E2,-4.863000393E0,1.265595055E1,1.074000001E0
1.444514770E2,-4.269000053E0,1.287405014E1,2.473950148E0
1.444539205E2,-3.061950207E0,1.154805088E1,2.113049984E0
1.444563641E2,-1.549050093E0,1.000995064E1,-2.400000021E-2
1.444588076E2,2.910000086E-1,1.610895157E1,2.398050070E0
1.444612512E2,1.981950045E0,1.323600101E1,3.427050114E0
1.444636946E2,3.253050089E0,9.955050468E0,-5.595000088E-2
1.444661382E2,4.503000259E0,8.088000298E0,3.163950205E0
1.444685816E2,9.496950150E0,1.291905022E1,8.140950203E0
1.444710251E2,9.781949997E0,1.113600063E1,6.063000202E0
1.444734687E2,1.863899994E1,9.769500494E-1,-1.024305058E1
1.444759122E2,1.227495098E1,2.065950155E0,-1.631505013E1
1.444783558E2,7.065000534E0,1.138005066E1,-1.525905037E1
1.444807992E2,1.020000055E-1,5.647950172E0,-1.981305122E1
1.444832428E2,2.191950083E0,3.397050142E0,-1.519905090E1
1.444856863E2,4.512000084E0,7.875000477E0,-5.182050228E0
1.444881297E2,3.475950241E0,8.310000420E0,-6.709500551E-1
1.444905733E2,2.014950037E0,6.199050426E0,4.360949993E0
1.444930170E2,8.920500278E-1,5.944950104E0,4.228950024E0
1.444954604E2,2.197050095E0,8.275050163E0,3.208950043E0
1.444979039E2,2.286000013E0,1.129605007E1,5.283000469E0
1.445003475E2,1.861950040E0,9.852000237E0,1.726950049E0
1.445027909E2,9.640500546E-1,1.005105019E1,-5.802000046E0
1.445052346E2,1.963050127E0,1.387005043E1,4.042050362E0
1.445076780E2,4.000050068E0,1.434405041E1,4.461000443E0
1.445101216E2,3.214950085E0,1.002000046E1,3.190500140E-1
1.445125651E2,2.820000172E0,1.242405033E1,-3.745050192E0
1.445150087E2,5.038950443E0,1.379295063E1,-5.560500026E-1
1.445174521E2,6.547950268E0,1.018995094E1,2.649000168E0
1.445198958E2,3.375000238E0,6.127050400E0,-8.935950279E0
1.445223392E2,7.984050274E0,8.938050270E0,-1.779495049E1
1.445247829E2,9.382050514E0,1.014705086E1,-2.358705139E1
1.445272262E2,1.381050110E0,5.926050186E0,-1.457505035E1
1.445296697E2,2.997000217E0,3.700950146E0,-7.210050106E0
1.445321133E2,6.334050179E0,1.370700073E1,-8.890500665E-1
1.445345568E2,2.827050209E0,1.014705086E1,2.829000235E0
1.445370004E2,-1.579500139E-1,3.214950085E0,5.188950062E0
1.445394439E2,-6.970500350E-1,4.129950047E0,5.770950317E0
1.445418875E2,1.690500081E-1,7.779000282E0,1.275000095E0
1.445443309E2,9.469500184E-1,6.772950172E0,5.587050438E0
1.445467743E2,-2.580000162E-1,3.196050167E0,3.331050158E0
1.445492179E2,2.805000171E-2,6.244050503E0,-1.849050045E0
1.445516614E2,4.516950130E0,9.412050247E0,-1.590000093E-1
1.445541050E2,3.454050064E0,5.124000072E0,-4.894050121E0
1.445565485E2,1.134000063E0,2.899050236E0,-3.273000240E0
1.445589921E2,5.185050011E0,6.045000076E0,-6.393000126E0
1.445614355E2,3.382050276E0,7.032000542E0,-8.578950882E0
1.445638792E2,-3.349500299E-1,4.342950344E0,-3.393000126E0
1.445663225E2,7.410000563E-1,3.414000273E0,6.900000572E-1
1.445687662E2,2.757000208E0,1.045305061E1,-2.883000135E0
1.445712097E2,2.929950237E0,1.241205025E1,1.903950095E0
1.445736533E2,2.223000050E0,1.158600044E1,1.756050110E0
1.445760967E2,1.675050020E0,1.283805084E1,1.368000031E0
1.445785402E2,3.247950077E0,1.674300003E1,1.849500090E-1
1.445809838E2,3.363000154E0,1.497105026E1,2.461950064E0
1.445834272E2,1.546050072E0,1.304595089E1,-2.353950024E0
1.445858709E2,1.552950025E0,1.440195084E1,5.299500227E-1
1.445883143E2,2.416950226E0,1.450905037E1,4.608000278E0
1.445907579E2,2.893950224E0,1.291005039E1,5.860050201E0
1.445932014E2,8.149050713E0,8.215050697E0,-6.907950401E0
1.445956450E2,9.327000618E0,1.179195023E1,-1.727505112E1
1.445980885E2,7.002000332E0,1.105905056E1,-2.824800110E1
1.446005321E2,2.034000158E0,8.143050194E0,-1.882905006E1
1.446029755E2,3.172050238E0,5.512050152E0,-1.184700012E1
1.446054189E2,5.437050343E0,9.426000595E0,-7.176000118E0
1.446078625E2,1.330050111E0,6.024000168E0,-1.803000093E0
1.446103060E2,-3.469500244E-1,3.697050095E0,7.351050377E0
1.446127496E2,-7.440000176E-1,1.102095032E1,4.773000240E0
1.446151931E2,3.129000187E0,6.031050205E0,2.869050026E0
1.446176367E2,4.183950424E0,2.193000078E0,1.921050072E0
1.446200802E2,5.326050282E0,4.192049980E0,3.214050055E0
1.446225238E2,9.696000099E0,9.661050797E0,-1.609500051E-1
1.446249672E2,9.985950470E0,6.141000271E0,-4.542000294E0
1.446274106E2,4.703999996E0,5.545050144E0,-9.637050629E0
1.446298542E2,6.193050385E0,6.361950397E0,-1.403295040E1
1.446322977E2,9.841950417E0,5.409000397E0,-1.785900116E1
1.446347414E2,6.531000137E0,4.390950203E0,-1.645395088E1
1.446371848E2,-1.273950100E0,3.531000137E0,-9.649050713E0
1.446396284E2,-2.130000144E-1,2.755950212E0,5.944050312E0
1.446420718E2,2.377050161E0,4.815000057E0,6.862950325E0
1.446445155E2,5.628000259E0,7.681050301E0,2.143949986E0
1.446469589E2,5.086950302E0,7.678050518E0,3.541950226E0
1.446494025E2,5.848050117E0,8.218950272E0,4.713000298E0
1.446518460E2,1.045500088E1,9.139050484E0,1.369950056E0
1.446542896E2,6.640950203E0,7.827000141E0,-2.383050203E0
1.446567330E2,4.455000401E0,1.079805088E1,2.074050188E0
1.446591767E2,2.868000031E0,1.782299995E1,-3.271050215E0
1.446616201E2,1.687050104E0,1.312095070E1,-5.560500026E-1
1.446640635E2,-9.600000083E-2,8.551950455E0,3.262050152E0
1.446665072E2,3.580500185E-1,1.323300076E1,-1.252950072E0
1.446689506E2,3.040050030E0,1.773705101E1,7.840500474E-1
1.446713942E2,1.687050104E0,1.250805092E1,-6.036000252E0
1.446738377E2,-1.000500023E-1,8.682000160E0,-1.420050025E0
1.446762813E2,7.510500550E-1,1.094205093E1,-9.649500251E-1
1.446787248E2,2.403000116E0,1.826595116E1,-2.224950075E0
1.446811684E2,-3.690000176E-1,1.073595047E1,-2.670000076E0
1.446836118E2,9.000000358E-2,4.450950146E0,-1.518000126E0
1.446860552E2,1.977000117E0,1.152600098E1,-6.874050140E0
1.446884988E2,4.672950268E0,1.257705021E1,-8.986050606E0
1.446909423E2,1.761000037E0,2.530950069E0,-5.254050255E0
1.446933859E2,3.934950113E0,2.559000015E0,-5.356050491E0
1.446958294E2,1.070205021E1,9.964950562E0,-5.388000488E0
1.446982730E2,5.476950169E0,7.948950291E0,-3.397950172E0
1.447007164E2,2.629500031E-1,5.191050053E0,4.320000112E-1
1.447031601E2,4.210500121E-1,8.506950378E0,3.559050083E0
1.447056034E2,2.188050032E0,1.300995064E1,2.239950180E0
1.447080471E2,1.004999995E0,7.567950249E0,-9.169500470E-1
1.447104906E2,7.129500508E-1,4.386000156E0,-1.540500075E-1
1.447129342E2,9.160500169E-1,7.615950584E0,7.360500097E-1
1.447153776E2,7.528950214E0,8.593050003E0,-5.194050312E0
1.447178210E2,5.413050175E0,6.306000233E0,-6.108000278E0
1.447202647E2,5.155950069E0,4.827000141E0,-1.051605034E1
1.447227081E2,9.849000931E0,5.890050411E0,-1.015695095E1
1.447251517E2,8.872050285E0,5.571000099E0,-1.382295036E1
1.447275952E2,1.636950135E0,6.057000160E0,-8.175000191E0
1.447300388E2,-7.920000553E-1,5.779950142E0,2.170050144E0
1.447324822E2,2.239950180E0,6.280050278E0,4.110000134E0
1.447349259E2,3.046950102E0,5.404050350E0,1.066050053E0
1.447373694E2,-4.305000231E-2,3.136050224E0,4.324950218E0
1.447398130E2,-7.905000448E-2,2.667000055E0,2.785050154E0
1.447422565E2,5.056050301E0,4.635000229E0,-6.250500083E-1
1.447446998E2,3.174000263E0,3.994050264E0,-5.682000160E0
1.447471434E2,-5.269500017E-1,4.741050243E0,2.259000063E0
1.447495869E2,-1.104000092E0,6.105000496E0,2.457000017E0
1.447520305E2,7.489500642E-1,9.217950821E0,-2.179500163E-1
1.447544740E2,1.624950051E0,1.240695095E1,-1.722000122E0
1.447569176E2,4.126950264E0,7.956000328E0,1.536000013E0
1.447593611E2,5.829000473E0,7.492050171E0,-3.987000227E0
1.447618045E2,6.004050255E0,1.055895042E1,-1.158195019E1
1.447642481E2,4.753950119E0,6.595950127E0,-1.130400085E1
1.447666915E2,1.848000050E0,4.966050148E0,-7.570950508E0
1.447691352E2,7.740000248E0,5.859000206E0,-6.604050159E0
1.447715786E2,7.684950352E0,7.543950558E0,-5.811000347E0
1.447740222E2,2.808000088E0,8.830050468E0,-4.390500188E-1
1.447764657E2,6.154950142E0,1.063800049E1,-3.910500109E-1
1.447789093E2,1.248105049E1,1.102305031E1,-8.320950508E0
1.447813528E2,5.700000286E0,1.294305038E1,-1.371000099E1
1.447837964E2,1.369050026E0,1.091505051E1,-6.441000462E0
1.447862398E2,1.515000105E0,1.124100018E1,-8.895000070E-2
1.447886834E2,3.504000187E0,1.379295063E1,6.670500040E-1
1.447911269E2,1.917000055E0,1.220100021E1,4.060500264E-1
1.447935703E2,4.527000427E0,9.333000183E0,-1.545000076E0
1.447960140E2,9.442049980E0,1.004595089E1,-6.834000111E0
1.447984574E2,7.732950211E0,1.057500076E1,-1.124205017E1
1.448009011E2,3.940500319E-1,1.065405083E1,-8.527050018E0
1.448033444E2,-5.839500427E-1,9.105000496E0,-5.080500245E-1
1.448057881E2,-4.360500276E-1,1.204605103E1,3.463050127E0
1.448082315E2,5.190000534E-1,1.086300087E1,1.501950026E0
1.448106751E2,1.110000014E0,9.373950005E0,1.351050019E0
1.448131186E2,1.219950080E0,9.013950348E0,7.620000243E-1
1.448155622E2,2.580000162E0,1.256295013E1,3.195000067E-2
1.448180057E2,3.981000185E0,1.418595028E1,-1.309950113E0
1.448204493E2,3.397050142E0,8.878050804E0,-6.520500183E-1
1.448228927E2,1.318050027E0,7.282950401E0,-1.921050072E0
1.448253361E2,1.891050100E0,1.353705025E1,-2.692050219E0
1.448277798E2,2.455950022E0,1.400400066E1,2.794950247E0
1.448302232E2,1.431000113E0,9.864000320E0,-1.222050071E0
1.448326668E2,-8.400000632E-2,1.023795033E1,-9.270000458E-1
1.448351103E2,1.551000118E0,1.259100056E1,2.673000097E0
1.448375539E2,3.226950169E0,1.426500034E1,1.167000055E0
1.448399974E2,2.370000124E0,9.124950409E0,-1.023000002E0
1.448424410E2,1.158000112E0,6.283050060E0,-1.777050138E0
1.448448845E2,-1.630500108E-1,1.403805065E1,3.958950281E0
1.448473281E2,-1.851000071E0,5.265000343E0,6.982950211E0
1.448497715E2,-1.474950075E0,-2.460000068E-1,6.070500016E-1
1.448522149E2,7.200000286E-1,1.498950124E0,2.302050114E0
1.448546585E2,2.542050123E0,4.333950043E0,3.316950083E0
1.448571020E2,5.584950447E0,8.002050400E0,4.749000072E0
1.448595456E2,4.693950176E0,4.936950207E0,4.945050240E0
1.448619891E2,1.395795059E1,1.470000029E0,-8.017050743E0
1.448644327E2,9.576000214E0,5.641050339E0,-2.123100090E1
1.448668762E2,-7.609500289E-1,6.028950214E0,-1.887000084E1
1.448693198E2,-1.113000035E0,1.908000112E0,-1.497000027E1
1.448717632E2,2.488950014E0,2.479950190E0,-9.340950012E0
1.448742068E2,2.949000120E0,4.774050236E0,-3.513000250E0
1.448766503E2,4.821000099E0,3.169950247E0,2.700000070E-2
1.448790939E2,6.579000473E0,2.911050081E0,1.798950076E0
1.448815373E2,9.076050758E0,3.904950142E0,-1.573950052E0
1.448839808E2,9.402000427E0,6.766050339E0,-3.883950233E0
1.448864244E2,5.824050426E0,1.030305004E1,-5.289000034E0
1.448888679E2,4.872000217E0,9.238950729E0,-4.159049988E0
1.448913115E2,6.781950474E0,1.046805096E1,-3.487050056E0
1.448937549E2,3.616950274E0,9.832950592E0,-2.641050100E0
1.448961986E2,1.570050120E0,7.549050331E0,3.292950153E0
1.448986420E2,1.315950036E0,7.008000374E0,3.907950163E0
1.449010854E2,1.558050036E0,1.247700024E1,-4.147050381E0
1.449035291E2,2.785950184E0,1.277805042E1,1.090500057E-1
1.449059725E2,2.488950014E0,9.967050552E0,3.931950092E0
1.449084162E2,6.210000515E0,1.058505058E1,-1.168950081E0
1.449108596E2,4.311000347E0,1.444905090E1,-1.441605091E1
1.449133032E2,4.710000157E-1,1.514595032E1,-1.104795074E1
1.449157467E2,-2.899500132E-1,7.621050358E0,-3.385950089E0
1.449181903E2,3.030000031E-1,8.959050179E0,-1.660050035E0
1.449206337E2,5.310000181E-1,1.394895077E1,4.249500334E-1
1.449230773E2,-6.705000252E-2,5.647950172E0,2.230050087E0
1.449255208E2,-8.500500321E-1,1.408050060E0,8.530500531E-1
1.449279644E2,-1.329000115E0,9.697050095E0,2.290050030E0
1.449304079E2,3.696000099E0,1.042905045E1,-1.765050054E0
1.449328513E2,2.500950098E0,6.891000271E0,-5.284950256E0
1.449352949E2,1.654050112E0,8.595000267E0,1.567050099E0
1.449377383E2,3.955050230E0,1.336500072E1,4.798950195E0
1.449401819E2,1.876050115E0,1.131795025E1,-9.289500713E-1
1.449426254E2,8.869500160E-1,7.330950260E0,3.390000165E-1
1.449450690E2,9.900000691E-1,7.300050259E0,5.470499992E-1
1.449475125E2,1.222950101E0,8.457000732E0,1.387050033E0
1.449499561E2,1.969950080E0,6.771000385E0,5.419500470E-1
1.449523996E2,1.132050037E0,4.128000259E0,-1.143000007E0
1.449548432E2,8.224050522E0,6.370950222E0,-4.528050423E0
1.449572866E2,1.101105022E1,7.324050426E0,-1.010400009E1
1.449597300E2,4.429050446E0,4.219050407E0,-1.012605095E1
1.449621736E2,2.463000059E0,5.995050430E0,-7.381950378E0
1.449646171E2,4.945950031E0,7.027050495E0,-8.437950134E0
1.449670607E2,5.443950176E0,6.357000351E0,-1.020000076E1
1.449695042E2,8.470500112E-1,2.868000031E0,-5.967000484E0
1.449719478E2,-1.393050075E0,2.727000237E0,5.419050217E0
1.449743913E2,-4.020000100E-1,6.898050308E0,8.059950829E0
1.449768346E2,1.903050065E0,5.053950310E0,3.484950066E0
1.449792783E2,4.512000084E0,6.357000351E0,4.677000046E0
1.449817217E2,7.114950180E0,9.010050774E0,3.403050184E0
1.449841654E2,1.025895023E1,9.565050125E0,-1.106999993E0
1.449866088E2,5.358000278E0,1.046100044E1,-1.095900059E1
1.449890524E2,4.519500136E-1,1.126305008E1,-1.156500053E1
1.449914959E2,2.749500275E-1,1.041495037E1,-5.365950108E0
1.449939395E2,2.998950243E0,1.151595020E1,-3.553950071E0
1.449963829E2,3.631050110E0,1.037205029E1,-4.594950199E0
1.449988266E2,3.615000248E0,9.235050201E0,-1.747950077E0
1.450012700E2,5.680950165E0,9.309000015E0,-2.389950037E0
1.450037136E2,9.559950829E0,1.138500023E1,-8.074049950E0
1.450061571E2,4.687050343E0,1.146900082E1,-9.427050591E0
1.450086007E2,1.380000114E-1,1.031205082E1,-1.911000133E0
1.450110442E2,1.249050021E0,1.114500046E1,3.480000198E-1
1.450134878E2,3.174000263E0,1.845000076E1,2.757000208E0
1.450159312E2,1.318050027E0,1.281705093E1,-1.581000090E0
1.450183746E2,-6.580500603E-1,8.788949966E0,8.680500388E-1
1.450208182E2,7.369500399E-1,1.363995075E1,9.990000725E-1
1.450232617E2,5.106000423E0,1.427205086E1,-2.203050137E0
1.450257053E2,2.902950048E0,1.146105099E1,-6.496050358E0
1.450281488E2,4.081050396E0,1.037400055E1,-5.797050476E0
1.450305924E2,4.807050228E0,1.283100033E1,-4.590000153E0
1.450330359E2,5.014950275E0,1.033095074E1,-6.460050106E0
1.450354795E2,2.106000185E0,6.097950459E0,-3.472050190E0
1.450379229E2,2.365050077E0,5.113950253E0,-7.639500499E-1
1.450403663E2,6.576000214E0,6.627000332E0,-2.110050201E0
1.450428099E2,5.491950035E0,3.838050127E0,-4.747950077E0
1.450452534E2,2.578050137E0,1.795950055E0,-3.697050095E0
1.450476970E2,3.436950207E0,4.755000114E0,5.590500236E-1
1.450501405E2,4.632000446E0,8.526000023E0,7.260000110E-1
1.450525841E2,2.719050169E0,7.369950294E0,-5.220000148E-1
1.450550276E2,1.423950076E0,4.630050182E0,8.205000311E-2
1.450574712E2,9.000000544E-3,1.171305084E1,3.384000063E0
1.450599146E2,9.495000541E-2,1.058700085E1,2.125050068E0
1.450623583E2,-7.395000011E-2,6.522000313E0,4.060500264E-1
1.450648017E2,-4.140000343E-1,8.989950180E0,1.782000065E0
1.450672451E2,1.215000033E0,9.286950111E0,2.917050123E0
1.450696887E2,4.849950314E0,7.561050415E0,3.100500107E-1
1.450721322E2,2.764950037E0,7.338000298E0,-2.148000002E0
1.450745759E2,4.584000111E0,7.104000568E0,-5.967000484E0
1.450770192E2,6.243000507E0,8.775000572E0,-8.509950638E0
1.450794629E2,7.900050163E0,9.450000763E0,-1.157895088E1
1.450819063E2,2.250000000E0,9.511950493E0,-5.815950394E0
1.450843499E2,-1.030500084E-1,8.422950745E0,2.416950226E0
1.450867934E2,1.792950034E0,1.204800034E1,3.372000217E0
1.450892370E2,3.214950085E0,1.408500099E1,4.080000222E-1
1.450916805E2,2.379000187E0,6.982050419E0,-2.971950054E0
1.450941239E2,4.828050137E0,6.642000198E0,-4.284000397E0
1.450965675E2,9.490050316E0,9.486000061E0,-1.030500031E1
1.450990109E2,7.333050251E0,8.947050095E0,-1.457700062E1
1.451014546E2,3.349050045E0,6.723000526E0,-1.304205036E1
1.451038980E2,2.463000059E0,8.641050339E0,-6.838950157E0
1.451063416E2,1.869000077E0,1.047705078E1,-4.936950207E0
1.451087851E2,-5.239500403E-1,6.778050423E0,-3.493950129E0
1.451112287E2,-2.116050005E0,4.630050182E0,3.075000048E0
1.451136722E2,1.741950035E0,4.824000359E0,7.453950405E0
1.451161155E2,9.244050026E0,4.201950073E0,7.549500465E-1
1.451185592E2,9.069000244E0,4.504050255E0,-5.979000092E0
1.451210026E2,4.309050083E0,6.301950455E0,7.530000210E-1
1.451234463E2,3.198000193E0,8.530950546E0,2.505000114E0
1.451258897E2,3.343950272E0,1.287900066E1,1.828050137E0
1.451283333E2,3.424950123E0,1.467705059E1,-3.090000153E-1
1.451307768E2,3.514050245E0,1.263195038E1,-7.240500450E-1
1.451332204E2,3.301050186E0,1.122405052E1,-1.012950063E0
1.451356639E2,2.269050121E0,1.288605022E1,-3.819000244E0
1.451381075E2,3.210000038E0,1.381500053E1,-5.725050449E0
1.451405510E2,3.820050240E0,1.107795048E1,-3.297000170E0
1.451429943E2,4.657950401E0,1.256805038E1,-3.973050117E0
1.451454380E2,6.343950272E0,1.432005024E1,-7.554000378E0
1.451478814E2,2.202000141E0,1.178700066E1,-5.203050137E0
1.451503251E2,5.209500194E-1,1.000605011E1,-4.387050152E0
1.451527685E2,4.528950214E0,1.160700035E1,-4.699950218E0
1.451552121E2,3.993000269E0,1.323795033E1,-7.200000286E0
1.451576556E2,2.161050081E0,6.484050274E0,-4.665000439E0
1.451600992E2,2.371950150E0,5.811000347E0,8.220000267E-1
1.451625426E2,2.391000032E0,1.348005104E1,6.499500275E-1
1.451649862E2,-4.639500082E-1,6.277950287E0,3.960000277E-1
1.451674297E2,4.039500058E-1,1.669050097E0,4.399050236E0
1.451698733E2,1.110000014E0,1.107300091E1,3.055950165E0
1.451723167E2,6.150000095E0,9.859950066E0,2.662950039E0
1.451747604E2,5.149050236E0,6.088950157E0,-2.170050144E0
1.451772038E2,9.690000415E-1,1.021200085E1,-1.255050063E0
1.451796473E2,2.463000059E0,1.180605030E1,8.920500278E-1
1.451820909E2,3.934950113E0,1.191105080E1,-6.301950455E0
1.451845344E2,3.109050035E0,1.007505035E1,-4.732050419E0
1.451869780E2,1.255950093E0,6.651000500E0,-9.409500360E-1
1.451894214E2,4.237050056E0,5.716950417E0,-1.260000110E0
1.451918651E2,1.107000065E1,8.296050072E0,-9.015000343E0
1.451943085E2,6.481050491E0,4.920000076E0,-1.091805077E1
1.451967521E2,1.174950004E0,4.089000225E0,-7.138050556E0
1.451991956E2,6.355950356E0,6.964950562E0,-4.495050430E0
1.452016390E2,7.833000183E0,1.000605011E1,-6.762000084E0
1.452040826E2,3.298950195E0,7.099050522E0,-6.811950207E0
1.452065261E2,6.310500503E-1,4.554000378E0,-1.807950139E0
1.452089697E2,-1.137000084E0,1.042695045E1,3.910500109E-1
1.452114131E2,-2.989500165E-1,6.184050083E0,-2.257950068E0
1.452138567E2,9.000000544E-3,2.868000031E0,1.725000024E0
1.452163002E2,-1.144050002E0,2.803950071E0,4.018949986E0
1.452187438E2,5.788950443E0,3.001950026E0,4.002000332E0
1.452211873E2,9.592950821E0,2.779950142E0,-2.038050175E0
1.452236309E2,7.528950214E0,2.824950218E0,-5.968950272E0
1.452260744E2,6.141000271E0,4.603950024E0,-1.185495090E1
1.452285180E2,1.182000065E1,6.691950321E0,-1.569705105E1
1.452309613E2,9.576000214E0,6.469050407E0,-1.707195091E1
1.452334048E2,-9.529500604E-1,5.818050385E0,-9.784050941E0
1.452358484E2,-1.338000059E0,7.354950428E0,6.975000381E0
1.452382919E2,1.204050064E0,9.076950073E0,9.181050301E0
1.452407355E2,4.981950283E0,1.149495029E1,1.188000083E0
1.452431790E2,4.893000126E0,9.013950348E0,2.206050158E0
1.452456226E2,4.656000137E0,8.113950729E0,3.633000135E0
1.452480660E2,5.929950237E0,1.141095066E1,8.205000311E-2
1.452505094E2,6.046950340E0,1.525200081E1,-7.005000114E-2
1.452529531E2,3.579000235E0,1.206495094E1,-4.080000222E-1
1.452553965E2,1.582050085E0,1.125105095E1,-3.499050140E0
1.452578402E2,2.728950024E0,1.728195000E1,-1.444050074E0
1.452602836E2,1.771050096E0,1.577805042E1,1.381950021E0
1.452627272E2,-2.820000052E-1,8.884950638E0,-1.360050082E0
1.452651707E2,-4.159500301E-1,1.145400047E1,-3.111000061E0
1.452676143E2,-1.699500084E-1,1.846905136E1,1.761000037E0
1.452700577E2,-1.474950075E0,1.042005062E1,2.026050091E0
1.452725013E2,-2.772000074E0,6.268050194E0,-1.030500084E-1
1.452749448E2,-2.868000031E0,6.273000240E0,-2.350500077E-1
1.452773884E2,1.323000073E0,6.268050194E0,3.901050091E0
1.452798318E2,6.208050251E0,7.449000359E0,-3.616050243E0
1.452822753E2,5.152050018E0,5.377050400E0,-1.743600082E1
1.452847190E2,1.739595032E1,4.620000124E-1,-1.754295158E1
1.452871626E2,1.044105053E1,3.691950083E0,-2.134605026E1
1.452896060E2,1.488000035E0,3.004950047E0,-1.576695061E1
1.452920494E2,-2.623950243E0,6.724950314E0,-1.320000052E0
1.452944930E2,-2.526000023E0,7.039050102E0,1.475505066E1
1.452969365E2,-6.870000362E-1,5.260050297E0,1.750950098E0
1.452993801E2,1.278000116E0,7.530000210E0,1.849500090E-1
1.453018236E2,2.499000072E0,1.079100037E1,4.102050304E0
1.453042672E2,4.905000210E0,9.864000320E0,5.161050320E0
1.453067106E2,5.496000290E0,1.255305099E1,3.997050285E0
1.453091540E2,4.764000416E0,1.109505081E1,4.774950027E0
1.453115976E2,1.603050113E0,9.799950600E0,-5.610000491E-1
1.453140413E2,1.345050097E0,1.200705051E1,-1.755000114E0
1.453164847E2,1.432950020E0,1.273005104E1,4.435050011E0
1.453189282E2,2.098950148E0,1.362795067E1,2.347050190E0
1.453213718E2,2.245050192E0,1.324005032E1,7.099500299E-1
1.453238153E2,2.403000116E0,1.442100048E1,9.180000424E-1
1.453262589E2,5.676000118E0,1.448505116E1,1.780500114E-1
1.453287023E2,1.494705105E1,8.641050339E0,-4.915950298E0
1.453311460E2,7.141050339E0,8.737050056E0,-2.350995064E1
1.453335894E2,5.841000080E0,1.129395008E1,-2.512905121E1
1.453360330E2,2.781000137E0,1.050795078E1,-1.728495026E1
1.453384764E2,5.860500336E-1,5.289000034E0,-8.926050186E0
1.453409199E2,1.998000145E0,5.880000114E0,2.580000162E0
1.453433635E2,1.840050101E0,1.334595108E1,1.726950049E0
1.453458070E2,-1.770000011E-1,8.326950073E0,-1.357950091E0
1.453482506E2,-1.353000045E0,5.580000281E-1,3.676050186E0
1.453506940E2,1.299000025E0,8.470500112E-1,5.697000504E0
1.453531377E2,3.567000151E0,7.674000263E0,4.837050438E0
1.453555811E2,6.033000469E0,8.509050369E0,6.652050495E0
1.453580247E2,7.294950485E0,1.684950113E0,4.750500321E-1
1.453604682E2,8.635050774E0,1.147050023E0,-8.710950851E0
1.453629118E2,1.056300068E1,3.526950121E0,-1.924305153E1
1.453653553E2,4.125000000E0,3.867000103E0,-1.969305038E1
1.453677986E2,-8.329500556E-1,3.322950125E0,-8.436000824E0
1.453702423E2,1.980000138E-1,2.085000038E0,6.066000462E0
1.453726857E2,1.675050020E0,8.008950233E0,2.422049999E0
1.453751293E2,3.523950100E0,1.069995022E1,2.320950031E0
1.453775728E2,2.311950207E0,7.147050381E0,6.169050217E0
1.453800164E2,3.018000126E0,9.421050072E0,4.249500334E-1
1.453824599E2,6.114000320E0,1.415295029E1,2.254050016E0
1.453849035E2,5.700000286E0,1.298205090E1,1.627050042E0
1.453873469E2,3.772950172E0,1.078095055E1,-9.390000701E-1
1.453897903E2,1.420950055E0,1.282800102E1,-3.070050240E0
1.453922339E2,2.056050062E0,1.465095043E1,9.610500336E-1
1.453946776E2,2.965950251E0,1.587195110E1,2.199000120E0
1.453971210E2,2.050950050E0,1.170300102E1,-2.365950108E0
1.453995645E2,3.466050148E0,1.349400043E1,-5.833050251E0
1.454020081E2,5.796000481E0,1.761194992E1,-8.761050224E0
1.454044516E2,2.824050188E0,1.574505043E1,-1.045200062E1
1.454068952E2,-2.895000204E-2,1.290300083E1,-2.625000238E0
1.454093387E2,2.310000181E0,1.476300049E1,1.251000047E0
1.454117823E2,3.603000164E0,1.685295105E1,1.714950085E0
1.454142257E2,1.393050075E0,1.040505028E1,-1.392000079E0
1.454166691E2,1.189500093E-1,3.517050266E0,-9.700500369E-1
1.454191127E2,8.440500498E-1,2.818050146E0,3.700500131E-1
1.454215564E2,1.840050101E0,8.686050415E0,-4.210050106E0
1.454239999E2,7.080000043E-1,3.313950062E0,-3.831000090E0
1.454264433E2,-6.990000606E-1,-2.890500128E-1,-3.645000219E0
1.454288869E2,1.222950101E0,-8.295000345E-2,6.105000153E-2
1.454313304E2,4.407000065E0,4.045950413E0,-1.786950111E0
1.454337740E2,4.582050323E0,1.217205048E1,1.654950023E0
1.454362175E2,1.144050002E0,3.261000156E0,1.369500011E-1
1.454386611E2,-5.860500336E-1,2.301000118E0,1.384950042E0
1.454411045E2,-2.641050100E0,9.988950729E0,2.668050051E0
1.454435481E2,-1.144050002E0,2.719950199E0,5.098050117E0
1.454459915E2,8.869500160E-1,2.370000124E0,1.132950068E0
1.454484350E2,5.599050045E0,7.765050411E0,1.276950002E0
1.454508787E2,1.224405098E1,5.179050446E0,-4.176000118E0
1.454533221E2,8.796000481E0,2.145000219E0,-1.211100101E1
1.454557657E2,4.510050297E0,6.151050091E0,-1.287195015E1
1.454582092E2,9.210000038E0,7.791000366E0,-1.275705051E1
1.454606528E2,1.148205090E1,7.534950256E0,-1.372200108E1
1.454630962E2,2.274000168E0,6.784950256E0,-8.608050346E0
1.454655398E2,4.279500246E-1,6.448050499E0,2.374050140E0
1.454679833E2,6.933000565E0,8.578950882E0,1.630950093E0
1.454704269E2,7.198950291E0,9.514950752E0,-3.022050142E0
1.454728703E2,1.864050031E0,6.844950199E0,-4.000950336E0
1.454753138E2,9.930000305E-1,5.953950405E0,-5.869050503E0
1.454777574E2,7.681950569E0,6.589050293E0,-8.791950226E0
1.454802009E2,5.347950459E0,8.047050476E0,-9.166050911E0
1.454826445E2,9.070500135E-1,7.092000484E0,-1.951950073E0
1.454850880E2,5.520000458E-1,6.724950314E0,5.647050381E0
1.454875316E2,-8.805000782E-2,1.143705082E1,1.441950083E0
1.454899750E2,6.790500283E-1,1.244505024E1,-1.680000126E-1
1.454924184E2,7.630500197E-1,7.695000172E0,9.750000238E-1
1.454948621E2,-1.960500032E-1,1.006305027E1,-1.660500020E-1
1.454973057E2,3.870000243E-1,1.452405071E1,1.630950093E0
1.454997492E2,2.829000235E0,1.597200108E1,1.849050045E0
1.455021926E2,3.303000212E0,1.129605007E1,-1.350000054E-1
1.455046362E2,1.821000099E0,9.772950172E0,-1.104000092E0
1.455070797E2,2.547000170E0,1.560600090E1,-8.500500321E-1
1.455095233E2,4.657950401E0,1.929795074E1,2.404950142E0
1.455119667E2,3.342000246E0,1.134195042E1,-3.930000067E-1
1.455144104E2,2.227950096E0,1.047705078E1,1.681950092E0
1.455168538E2,1.124505043E1,1.356795025E1,-8.467050552E0
1.455192974E2,7.816950321E0,1.349700069E1,-1.965000153E1
1.455217408E2,3.660000086E0,8.245950699E0,-1.530000114E1
1.455241845E2,1.588950038E0,5.143050194E0,-7.162050247E0
1.455266280E2,7.314000130E0,9.721050262E0,-2.871000051E0
1.455290716E2,4.941000462E0,8.313000679E0,-5.581950188E0
1.455315149E2,1.867050052E0,1.285950065E0,-3.700050116E0
1.455339584E2,1.744950056E0,2.167050123E0,-1.177950025E0
1.455364020E2,8.282999992E0,5.374950409E0,-3.943950176E0
1.455388455E2,5.197050095E0,5.617050171E0,-7.216950417E0
1.455412891E2,6.220500469E-1,1.453050017E0,2.220000029E0
1.455437326E2,1.912050128E0,1.450950027E0,6.814950466E0
1.455461762E2,2.223000050E0,1.002000046E1,1.408950090E0
1.455486196E2,1.555050015E0,7.354950428E0,6.247950077E0
1.455510630E2,2.200050116E0,6.004950523E0,5.059950352E0
1.455535066E2,2.563050032E0,7.815000534E0,4.311000347E0
1.455559501E2,5.536950111E0,1.048200035E1,5.371050358E0
1.455583938E2,7.747050285E0,1.135800076E1,-3.280950069E0
1.455608372E2,4.290000439E0,8.578950882E0,-3.558000088E0
1.455632808E2,3.586050272E0,1.132695007E1,-3.436050177E0
1.455657242E2,2.287950039E0,1.499295044E1,-5.230050087E0
1.455681678E2,3.720000267E0,1.563705063E1,-1.807950139E0
1.455706113E2,2.857950211E0,1.284300041E1,2.077050209E0
1.455730549E2,2.058000088E0,1.170600033E1,-9.199500680E-1
1.455754984E2,1.965000153E0,1.721505165E1,-5.055000305E0
1.455779420E2,3.792000294E0,1.722900009E1,-7.590000629E-1
1.455803854E2,1.543950081E0,1.002705002E1,-2.089500129E-1
1.455828288E2,1.090950012E0,1.197600079E1,-7.447050571E0
1.455852725E2,3.061050177E0,2.034195137E1,-7.710000277E-1
1.455877159E2,2.392950058E0,1.634805107E1,1.276950002E0
1.455901595E2,-9.580500722E-1,1.002000046E1,1.432950020E0
1.455926030E2,-3.357000113E0,1.064505005E1,2.941050053E0
1.455950466E2,-6.300000548E-1,4.372050285E0,2.218050003E0
1.455974901E2,-9.120000601E-1,7.395000011E-2,-1.005600071E1
1.455999337E2,6.816000462E0,-3.520950079E0,-1.630605125E1
1.456023771E2,1.227195072E1,1.542000055E0,-1.778505135E1
1.456048207E2,1.456800079E1,3.760500252E-1,-1.441605091E1
1.456072642E2,6.856050491E0,3.910050154E0,-1.146900082E1
1.456097076E2,-4.120500088E-1,3.622050285E0,-1.014300060E1
1.456121512E2,-6.649500132E-1,5.878050327E0,-5.368050098E0
1.456145947E2,8.160000443E-1,6.429000378E0,-1.641000032E0
1.456170383E2,2.331000090E0,3.172050238E0,2.686950207E0
1.456194817E2,2.596950054E0,3.012000084E0,2.701950073E0
1.456219253E2,5.880000114E0,3.148050070E0,3.889500201E-1
1.456243688E2,1.069905090E1,5.844000340E0,-2.646000147E0
1.456268124E2,1.306500053E1,7.978050232E0,-6.661050320E0
1.456292559E2,7.635000229E0,3.868950129E0,-1.243905067E1
1.456316993E2,3.801000118E0,2.977950096E0,-1.152195072E1
1.456341430E2,3.760950089E0,6.013950348E0,-1.022595024E1
1.456365866E2,7.080000043E-1,4.542000294E0,4.248000145E0
1.456390300E2,-4.669500291E-1,3.105000257E0,5.311050415E0
1.456414734E2,2.100000158E-2,5.037000179E0,1.986000061E0
1.456439170E2,1.134000063E0,1.031205082E1,2.464950085E0
1.456463605E2,3.787050247E0,1.358295059E1,3.037050247E0
1.456488041E2,2.989950180E0,1.229895020E1,2.665950060E0
1.456512476E2,-5.770500302E-1,1.783005142E1,-1.114050031E0
1.456536912E2,0.000000000E0,1.914000130E1,-1.285950065E0
1.456561346E2,2.749500275E-1,1.951305008E1,-2.779500186E-1
1.456585780E2,-1.435950041E0,1.422705078E1,3.000000026E-3
1.456610217E2,-4.328999996E0,1.266600037E1,-2.104950190E0
1.456634651E2,-3.940950155E0,1.450200081E1,1.351050019E0
1.456659088E2,-6.850500107E-1,1.206195068E1,3.169050217E0
1.456683522E2,1.129050016E0,9.475950241E0,-2.170050144E0
1.456707958E2,3.052050114E0,7.609050274E0,1.284000039E0
1.456732392E2,6.105000496E0,9.994050026E0,4.689000130E0
1.456756829E2,4.375950336E0,8.313000679E0,5.710950375E0
1.456781263E2,5.430000424E-1,7.710000277E-1,6.139950275E0
1.456805699E2,1.108050108E0,-3.000000119E-2,7.699050426E0
1.456830134E2,1.717950106E0,3.417000055E0,9.060000181E-1
1.456854570E2,8.416950226E0,3.115050077E0,3.061050177E0
1.456879004E2,1.275795078E1,1.816950083E0,-7.063950539E0
1.456903438E2,1.143195057E1,3.352050066E0,-1.516305065E1
1.456927875E2,7.531950474E0,1.091100025E1,-2.838195229E1
1.456952309E2,2.968050241E0,7.543950558E0,-2.499000168E1
1.456976745E2,-1.563000083E0,6.241950512E0,-9.963000298E0
1.457001180E2,1.605000161E-2,5.971050262E0,-2.400000021E-2
1.457025616E2,1.978950143E0,1.702995110E1,8.761950493E0
1.457050051E2,2.290950060E0,1.358295059E1,7.702950478E0
1.457074487E2,1.810500026E-1,4.669050217E0,5.299050331E0
1.457098921E2,-6.100500226E-1,1.093695068E1,-7.669500113E-1
1.457123358E2,5.779050350E0,2.032500076E1,2.848050117E0
1.457147792E2,1.850699997E1,9.414000511E0,-1.292205048E1
1.457172226E2,1.016805077E1,2.868000031E0,-1.851495171E1
1.457196662E2,7.326000214E0,1.095105076E1,-1.913595009E1
1.457221097E2,7.030950546E0,1.386795044E1,-1.145205021E1
1.457245533E2,1.335000038E0,8.719950676E0,-3.072000027E0
1.457269968E2,1.000050068E0,6.907050133E0,4.608000278E0
1.457294404E2,4.291950226E0,1.268505096E1,1.885050058E0
1.457318838E2,6.463950157E0,1.711695099E1,2.205000073E-2
1.457343274E2,3.876000166E0,1.348005104E1,3.834000111E0
1.457367709E2,2.213999987E0,9.496050835E0,2.067000151E0
1.457392145E2,2.953950167E0,1.351305103E1,1.785000086E0
1.457416579E2,3.415950060E0,1.936500168E1,5.146050453E0
1.457441016E2,1.503000021E0,1.144200039E1,2.692050219E0
1.457465450E2,-1.246950030E0,3.385050058E0,-2.185950041E0
1.457489885E2,1.122000098E0,1.366950035E0,2.347050190E0
1.457514321E2,-1.021950006E0,5.452050209E0,-9.144000053E0
1.457538755E2,2.251950026E0,3.678000212E0,-1.269300079E1
1.457563192E2,8.200500607E-1,1.530000120E-1,-1.013805008E1
1.457587626E2,1.860000134E0,1.771950126E0,-3.949050188E0
1.457612062E2,4.018949986E0,6.532050133E0,-3.379050255E0
1.457636497E2,2.416950226E0,4.743000031E0,-1.044000030E0
1.457660931E2,7.800000310E-1,3.025950193E0,-1.300500035E-1
1.457685368E2,-7.729500532E-1,1.069995022E1,-1.560000032E-1
1.457709802E2,-1.137000084E0,1.240005016E1,3.148950100E0
1.457734238E2,-1.549500078E-1,6.690000534E0,1.951950073E0
1.457758672E2,1.360500008E-1,7.690050602E0,-2.179500163E-1
1.457783108E2,2.749500275E-1,1.040805054E1,5.805000290E-2
1.457807543E2,8.920500278E-1,1.176300049E1,2.653950214E0
1.457831979E2,1.023000050E1,1.102605057E1,5.043000221E0
1.457856414E2,6.864000320E0,7.342950344E0,-8.191050529E0
1.457880850E2,1.279395103E1,7.234950542E0,-5.424000263E0
1.457905285E2,1.454400063E1,9.900000572E0,-2.185800171E1
1.457929721E2,3.600000143E0,6.093000412E0,-2.309295082E1
1.457954156E2,-9.340500236E-1,3.048000097E0,-9.606000900E0
1.457978590E2,1.419000030E0,2.788950205E0,1.780500114E-1
1.458003026E2,7.489050388E0,7.177950382E0,9.349500537E-1
1.458027460E2,5.734050274E0,8.545050621E0,-6.040500402E-1
1.458051897E2,1.630050063E0,2.689050198E0,9.850500226E-1
1.458076331E2,4.159950256E0,5.374950409E0,2.343000174E0
1.458100767E2,9.105000496E0,1.598400116E1,-1.345950007E0
1.458125202E2,5.056050301E0,1.470300102E1,7.000500560E-1
1.458149638E2,1.711050034E0,1.032600021E1,3.870000124E0
1.458174073E2,6.820500493E-1,1.290495014E1,3.372000217E0
1.458198509E2,-3.780000210E-1,1.646505165E1,4.118999958E0
1.458222943E2,-2.490000010E0,1.297200108E1,1.074000001E0
1.458247380E2,-3.787950277E0,1.021605015E1,-3.036000252E0
1.458271813E2,-3.007050037E0,8.204999924E0,2.994000196E0
1.458296248E2,-2.905950069E0,1.526595116E1,1.447050095E0
1.458320684E2,2.583000183E0,1.771995163E1,1.986000061E0
1.458345119E2,4.465050220E0,1.526295090E1,-2.110050201E0
1.458369555E2,2.641950130E0,8.919000626E0,-1.995000057E-2
1.458393989E2,1.204050064E0,1.163595009E1,-6.036000252E0
1.458418426E2,4.584000111E0,1.442295074E1,2.239950180E0
1.458442860E2,4.504950047E0,6.370950222E0,-1.058295059E1
1.458467296E2,-7.605000585E-2,2.100000143E0,-3.039000034E0
1.458491731E2,8.970000148E-1,3.184050083E0,-1.380000114E0
1.458516167E2,1.813950062E0,4.831950188E0,-1.127295017E1
1.458540602E2,2.149049997E0,-2.620950222E0,-8.503050804E0
1.458565036E2,9.589500427E-1,-1.504950047E0,-4.690950394E0
1.458589472E2,1.273050070E0,1.447950125E0,-5.677050114E0
1.458613906E2,5.310000181E-1,1.956000090E0,4.215000153E0
1.458638343E2,-2.554950237E0,1.335795021E1,3.886950254E0
1.458662777E2,-2.013000011E0,5.350950241E0,1.303050041E0
1.458687213E2,4.897950172E0,4.288050175E0,3.034050226E0
1.458711648E2,1.112100029E1,8.763000488E0,-4.332000256E0
1.458736084E2,1.273005104E1,8.239500523E-1,-1.088700008E1
1.458760519E2,9.688950539E0,8.620500565E-1,-1.545105076E1
1.458784955E2,1.045005035E1,4.482000351E0,-1.095900059E1
1.458809390E2,1.119195080E1,4.033950329E0,-7.246050358E0
1.458833826E2,4.800000191E0,4.285950184E0,-8.673000336E0
1.458858260E2,5.400000215E-1,3.520050049E0,-5.376000404E0
1.458882694E2,6.390000343E0,7.159050465E0,-5.136000156E0
1.458907131E2,1.081395054E1,4.029000282E0,-2.661000013E0
1.458931565E2,5.410050392E0,2.655000210E0,-6.949500442E-1
1.458956001E2,2.142000198E0,2.779950142E0,3.066000223E0
1.458980436E2,2.166000128E0,1.154805088E1,2.059950113E0
1.459004872E2,1.761000037E0,1.293105030E1,2.392950058E0
1.459029307E2,1.362000108E0,8.527950287E0,1.291050076E0
1.459053743E2,6.105000153E-2,1.121700096E1,-5.770950317E0
1.459078178E2,-1.633050084E0,1.167195034E1,-7.740000486E-1
1.459102612E2,-3.322950125E0,1.562505054E1,2.641950130E0
1.459127049E2,-1.329000115E0,8.490000725E0,3.264000177E0
1.459151485E2,-1.756950140E0,6.357000351E0,-1.686000109E0
1.459175919E2,-2.734050035E0,9.697050095E0,-2.038050175E0
1.459200353E2,1.450050116E0,1.178205013E1,3.600000143E0
1.459224789E2,5.575050354E0,1.151595020E1,-3.574950218E0
1.459249224E2,3.502050161E0,7.924950600E0,-5.923950195E0
1.459273660E2,6.849000454E0,1.013700008E1,-7.320000172E0
1.459298095E2,5.938950062E0,1.495695114E1,-1.037700081E1
1.459322531E2,5.106000423E0,1.070700073E1,-1.073205090E1
1.459346966E2,1.426050067E0,8.299050331E0,-4.351050377E0
1.459371399E2,2.089050055E0,9.417000771E0,-9.105000645E-2
1.459395836E2,4.273050308E0,1.371900082E1,-3.433950186E0
1.459420273E2,6.756000519E0,9.883950233E0,-5.557950497E0
1.459444707E2,4.909950256E0,5.184000015E0,-8.359050751E0
1.459469141E2,6.451950073E0,7.894050598E0,-6.783000469E0
1.459493577E2,7.201050282E0,7.879950523E0,-9.372000694E0
1.459518012E2,5.439000130E0,6.814050198E0,-9.961050034E0
1.459542448E2,1.210500076E-1,4.551000118E0,-4.429500103E-1
1.459566883E2,3.970500231E-1,7.405050278E0,8.119950294E0
1.459591319E2,2.628000021E0,1.089900017E1,5.067000389E0
1.459615753E2,4.479000092E0,8.992950439E0,2.947950125E0
1.459640189E2,4.156050205E0,6.460050106E0,1.642950058E0
1.459664624E2,3.660000086E0,8.442000389E0,1.299000025E0
1.459689058E2,2.628000021E0,1.285695076E1,-1.300500035E-1
1.459713494E2,3.172050238E0,1.359495068E1,7.930500507E-1
1.459737931E2,3.610050201E0,1.134195042E1,1.299000025E0
1.459762365E2,2.611050129E0,1.030995083E1,-2.040000200E0
1.459786800E2,1.704000115E0,1.520805073E1,-3.168000221E0
1.459811236E2,3.342000246E0,1.621395111E1,2.790000200E0
1.459835670E2,2.614050150E0,9.535950661E0,-3.310500085E-1
1.459860106E2,-3.299999982E-2,5.353950024E0,-1.000950098E0
1.459884541E2,-3.490500152E-1,8.029950142E0,-3.826950073E0
1.459908977E2,1.255950093E0,1.202895069E1,1.485000014E0
1.459933412E2,1.170000076E0,4.768950462E0,1.369950056E0
1.459957848E2,-2.920500040E-1,1.789500117E-1,-1.030050039E0
1.459982282E2,4.680000246E-1,3.711000204E0,-5.446950436E0
1.460006718E2,1.384950042E0,1.327095032E1,9.235950470E0
1.460031152E2,2.173050165E0,2.236050129E0,-8.155050278E0
1.460055589E2,8.200500607E-1,-7.630500197E-1,-2.400000021E-2
1.460080023E2,2.220000178E-1,9.379500151E-1,1.780500114E-1
1.460104458E2,2.287950039E0,3.697050095E0,2.520000041E-1
1.460128894E2,5.182950020E0,1.927050114E0,2.152950048E0
1.460153329E2,6.622050285E0,-8.560500145E-1,-3.193950176E0
1.460177765E2,8.319000244E0,-4.005000368E-2,-1.032705021E1
1.460202199E2,1.162305069E1,2.926050186E0,-1.274295044E1
1.460226635E2,6.126000404E0,5.212050438E0,-1.268100071E1
1.460251070E2,2.355000019E0,8.959050179E0,-1.095405006E1
1.460275506E2,8.200500607E-1,1.264395046E1,-7.990050316E0
1.460299940E2,-3.570000231E-1,1.748805046E1,4.516950130E0
1.460324375E2,3.592950106E0,1.826805115E1,1.076295090E1
1.460348811E2,3.088050127E0,8.710050583E0,2.292000055E0
1.460373245E2,9.259500504E-1,8.583000183E0,-3.730950117E0
1.460397682E2,9.130949974E0,1.820595169E1,3.085050106E0
1.460422116E2,1.247100067E1,1.214595032E1,-1.452405071E1
1.460446552E2,6.775050163E0,6.886050224E0,-1.032705021E1
1.460470987E2,5.106000423E0,1.341495037E1,-1.333695030E1
1.460495423E2,6.856050491E0,1.442505074E1,-9.277950287E0
1.460519858E2,5.310000420E0,1.127505016E1,-9.159000397E0
1.460544294E2,3.262950182E0,8.380050659E0,-7.650000572E0
1.460568728E2,3.457050085E0,8.749050140E0,2.686950207E0
1.460593164E2,3.435000181E0,1.163595009E1,2.449950218E0
1.460617598E2,1.984050035E0,8.538000107E0,-2.301000118E0
1.460642033E2,-4.309500158E-1,4.606950283E0,2.826000214E0
1.460666469E2,-3.370950222E0,9.187050819E0,2.632050037E0
1.460690904E2,-3.306000233E0,5.952000141E0,-1.261950016E0
1.460715340E2,-1.623000026E0,1.671000123E0,5.970000029E-1
1.460739774E2,-6.850500107E-1,1.087050080E0,3.985050201E0
1.460764211E2,-2.434950113E0,5.641050339E0,5.290050030E0
1.460788645E2,-2.229000092E0,7.669050217E0,2.260500044E-1
1.460813081E2,1.417050123E0,5.467950344E0,3.661950111E0
1.460837516E2,4.849950314E0,7.116000175E0,-3.862050295E0
1.460861952E2,5.724000454E0,6.583950520E0,-8.649000168E0
1.460886387E2,7.240050316E0,7.116000175E0,-7.380000114E0
1.460910823E2,4.230000019E0,8.011050224E0,-7.140000343E0
1.460935256E2,4.953000069E0,1.021905041E1,-5.139000416E0
1.460959691E2,2.335950136E0,8.794050217E0,3.382050276E0
1.460984127E2,2.788950205E0,1.087995052E1,9.130500555E-1
1.461008562E2,4.893000126E0,1.587405109E1,2.074050188E0
1.461032998E2,5.619000435E0,1.457595062E1,-3.211050034E0
1.461057432E2,3.877950191E0,1.138995075E1,-1.897050142E0
1.461081869E2,1.480950117E0,1.417395115E1,-2.026050091E0
1.461106303E2,2.167950153E0,1.678905106E1,9.610500336E-1
1.461130739E2,2.403000116E0,1.510095024E1,1.782000065E0
1.461155173E2,2.475000143E0,1.238295078E1,6.690000296E-1
1.461179610E2,1.342050076E0,1.197105026E1,-2.929500043E-1
1.461204045E2,1.773000121E0,1.464795113E1,1.713000059E0
1.461228479E2,2.620950222E0,1.525605106E1,3.877050161E0
1.461252915E2,1.837950110E0,9.748950005E0,1.845000029E0
1.461277349E2,6.960000396E-1,7.161000252E0,1.294050097E0
1.461301785E2,5.947050095E0,1.165500069E1,-2.220000029E0
1.461326220E2,8.845950127E0,9.238950729E0,-1.888695145E1
1.461350656E2,5.560950279E0,6.060000420E0,-1.911600113E1
1.461375091E2,2.755050182E0,7.461000443E0,-1.106205082E1
1.461399527E2,4.417050362E0,1.145205021E1,-2.971950054E0
1.461423962E2,4.072050095E0,1.133700085E1,4.410000145E-1
1.461448398E2,6.150000095E-1,7.270950317E0,2.127000093E0
1.461472832E2,-1.966050148E0,6.133950233E0,4.612050056E0
1.461497268E2,1.515000105E0,6.405000210E0,3.529950142E0
1.461521703E2,9.849000931E0,4.165950298E0,-4.327050209E0
1.461546139E2,8.784000397E0,-1.086000085E0,-1.158405018E1
1.461570573E2,2.953950167E0,5.410500169E-1,-8.116950035E0
1.461595008E2,3.679050207E0,5.149950027E0,-4.035000324E0
1.461619444E2,7.491000175E0,6.148050308E0,-3.934050083E0
1.461643878E2,2.050950050E0,5.215050220E0,-2.443050146E0
1.461668315E2,-1.573050022E0,5.350950241E0,4.402050018E0
1.461692749E2,-4.830000103E-1,6.463950157E0,5.055000305E0
1.461717185E2,4.072050095E0,8.452050209E0,1.038000107E0
1.461741620E2,6.496950150E0,7.036950111E0,-2.871000051E0
1.461766056E2,3.708000183E0,3.208050251E0,-1.180500090E-1
1.461790491E2,5.845950127E0,5.542950153E0,-1.471050024E0
1.461814925E2,7.879050255E0,8.634000778E0,-9.535050392E0
1.461839361E2,4.254000187E0,9.180000305E0,-7.138050556E0
1.461863795E2,7.030500174E-1,9.529050827E0,-5.887950420E0
1.461888231E2,9.550500512E-1,7.663950443E0,-2.689050198E0
1.461912666E2,5.335950375E0,1.049400043E1,-5.505000114E0
1.461937102E2,5.851050377E0,6.328050137E0,-8.536050797E0
1.461961537E2,7.270500064E-1,4.923000336E0,-5.160000324E0
1.461985973E2,2.365050077E0,7.657050133E0,-5.100000501E-1
1.462010408E2,6.775050163E0,1.377705097E1,1.729500145E-1
1.462034844E2,3.676950216E0,1.014000034E1,-1.593000054E0
1.462059278E2,1.516950130E0,8.715000153E0,1.753950119E0
1.462083714E2,1.705950022E0,1.224900055E1,1.416000009E0
1.462108149E2,3.627000093E0,1.321905041E1,-2.040000200E0
1.462132583E2,5.082000256E0,1.098300076E1,-3.633000135E0
1.462157020E2,3.052050114E0,8.373000145E0,-1.878000140E0
1.462181454E2,1.144050002E0,1.020195007E1,2.886000156E0
1.462205891E2,6.550500393E-1,1.305795097E1,1.864050031E0
1.462230324E2,4.374000072E0,1.404495049E1,7.840500474E-1
1.462254761E2,3.781950235E0,1.320195103E1,-5.818950176E0
1.462279195E2,1.407000065E0,1.112400055E1,-2.850000143E0
1.462303631E2,1.251000047E0,1.228500080E1,2.205000073E-2
1.462328066E2,1.666050076E0,1.521105099E1,-2.080950022E0
1.462352502E2,1.582050085E0,1.273305035E1,-1.887000084E0
1.462376937E2,6.619500518E-1,9.619950294E0,-1.462950110E0
1.462401373E2,1.180050015E0,1.458600044E1,-1.237950087E0
1.462425808E2,2.109000206E0,1.705905151E1,2.706000090E0
1.462450242E2,3.030000210E0,1.036995029E1,-1.486950040E0
1.462474678E2,4.560000300E-1,9.900000572E0,-6.850950241E0
1.462499112E2,2.009999990E0,1.014495087E1,5.760000348E-1
1.462523549E2,3.904050112E0,1.234200096E1,-4.345950127E0
1.462547985E2,3.247950077E0,7.273950577E0,-7.819950581E0
1.462572419E2,3.832050085E0,3.024000168E0,-4.756050110E0
1.462596854E2,6.106950283E0,7.978050232E0,-2.160000086E0
1.462621290E2,8.659049988E0,1.178205013E1,-3.594000101E0
1.462645725E2,6.538050175E0,6.378000259E0,-6.063000202E0
1.462670161E2,2.985000134E0,7.021950245E0,-5.151000023E0
1.462694595E2,1.795050144E0,8.502000809E0,-2.722950220E0
1.462719032E2,6.829950333E0,7.767000198E0,-5.194050312E0
1.462743466E2,7.708950520E0,3.064950228E0,-6.982050419E0
1.462767902E2,2.176050186E0,3.546000242E0,-2.859000206E0
1.462792336E2,1.345050097E0,4.396049976E0,8.100000620E-1
1.462816771E2,6.847050190E0,5.773050308E0,-1.923000097E0
1.462841208E2,6.985950470E0,3.024000168E0,-4.219050407E0
1.462865644E2,5.380499959E-1,2.743950129E0,-3.300000191E0
1.462890079E2,1.435950041E0,3.511950254E0,-2.838000059E0
1.462914513E2,8.781000137E0,4.705049992E0,-6.862950325E0
1.462938949E2,1.026105022E1,2.631000042E0,-1.014300060E1
1.462963383E2,9.400500655E-1,4.417050362E0,-6.736050129E0
1.462987820E2,-6.319500208E-1,7.219050407E0,3.633000135E0
1.463012254E2,2.009999990E0,1.030305004E1,5.529000282E0
1.463036690E2,5.058000088E0,1.197105026E1,3.786000252E0
1.463061125E2,5.130000114E0,1.156005096E1,3.433950186E0
1.463085561E2,2.773950100E0,1.298205090E1,-1.204950094E0
1.463109996E2,1.611000061E0,1.585200119E1,-1.240950108E0
1.463134432E2,1.872000098E0,1.643400002E1,7.170000076E-1
1.463158866E2,2.290950060E0,1.228005028E1,1.195950031E0
1.463183300E2,1.183950067E0,1.010100079E1,-1.687950134E0
1.463207737E2,-1.960500032E-1,1.368600082E1,-3.028950214E0
1.463232173E2,1.242000103E0,1.736805153E1,4.066050053E0
1.463256607E2,1.218000054E0,1.132005024E1,-4.770000279E-1
1.463281042E2,1.605000161E-2,8.035050392E0,1.203000069E0
1.463305478E2,4.183950424E0,1.121505070E1,-9.131999969E0
1.463329913E2,5.671050072E0,1.579005051E1,-2.025105095E1
1.463354349E2,6.844050407E0,7.137000561E0,-2.433105087E1
1.463378783E2,2.085000038E0,6.474000454E0,-1.647599983E1
1.463403219E2,1.081050038E0,5.796000481E0,-8.419050217E0
1.463427654E2,2.839050055E0,1.035795021E1,-3.373950243E0
1.463452090E2,3.591000080E0,5.500050068E0,-1.614000082E0
1.463476525E2,2.254950047E0,3.190950155E0,7.429950237E0
1.463500961E2,3.097050190E0,4.027050018E0,9.463050842E0
1.463525395E2,9.634050369E0,5.301000118E0,2.778000116E0
1.463549832E2,1.436700058E1,3.057000160E0,-7.528050423E0
1.463574266E2,8.056050301E0,-9.190500379E-1,-8.220000267E0
1.463598703E2,2.226000071E0,3.271050215E0,-5.782950401E0
1.463623137E2,4.618050098E0,7.534950256E0,-6.621000290E0
1.463647571E2,7.948050499E0,4.723950386E0,-7.018050194E0
1.463672007E2,3.379950047E0,4.486950397E0,-3.907950163E0
1.463696442E2,3.523950100E0,5.482950211E0,4.678950310E0
1.463720878E2,5.644950390E0,8.290950775E0,3.958950281E0
1.463745313E2,5.221050262E0,8.803950310E0,1.437000036E0
1.463769749E2,3.406050205E0,6.466950417E0,7.189500332E-1
1.463794183E2,3.129000187E0,5.824950218E0,1.150050044E0
1.463818620E2,2.278950214E0,1.036695004E1,-1.131000042E0
1.463843054E2,2.025000095E0,1.357605076E1,5.779500008E-1
1.463867490E2,1.366050124E0,1.240905094E1,9.390000701E-1
1.463891925E2,-2.820000052E-1,9.145950317E0,-1.071000099E0
1.463916359E2,-4.930500090E-1,1.192305088E1,-1.735950112E0
1.463940796E2,9.430500269E-1,1.645305061E1,1.890000105E0
1.463965230E2,6.550500393E-1,8.749050140E0,9.559500217E-1
1.463989667E2,-4.690500200E-1,6.073950291E0,4.129500091E-1
1.464014100E2,-4.909500182E-1,1.108800030E1,-6.760050297E0
1.464038537E2,1.429050088E0,1.022805023E1,-8.023950577E0
1.464062971E2,5.329500437E-1,5.659950256E0,-1.157400036E1
1.464087407E2,5.470499992E-1,1.771950126E0,-9.508050919E0
1.464111842E2,-4.279500246E-1,5.799000263E0,-5.287050247E0
1.464136278E2,4.474050045E0,3.346950054E0,-4.437000275E0
1.464160713E2,4.369050026E0,3.280050039E0,-5.092950344E0
1.464185149E2,1.291950107E0,1.852950096E0,1.429950118E0
1.464209583E2,1.663050056E0,5.890050411E0,6.592050076E0
1.464234020E2,3.829950094E0,9.927000046E0,3.421950102E0
1.464258454E2,5.779050350E0,1.036200047E1,3.324000120E0
1.464282890E2,5.439000130E0,6.952950478E0,6.339000225E0
1.464307325E2,3.466050148E0,5.977950096E0,3.015000105E0
1.464331761E2,2.221050024E0,1.042500019E1,2.830950022E0
1.464356196E2,2.779050112E0,1.248405075E1,-5.680500269E-1
1.464380629E2,7.297050476E0,7.405050278E0,3.846000195E0
1.464405065E2,5.560950279E0,4.084949970E0,-1.003695011E1
1.464429500E2,1.019400024E1,9.951000214E0,-1.301100063E1
1.464453936E2,1.033800030E1,1.062600040E1,-1.896795082E1
1.464478371E2,2.704950094E0,1.076505089E1,-1.172100067E1
1.464502807E2,-3.600000218E-2,1.008195019E1,-2.905050039E0
1.464527242E2,1.399950027E0,1.210500050E1,3.951000214E0
1.464551678E2,5.082000256E0,1.626705170E1,8.770500422E-1
1.464576112E2,3.243000269E0,1.055205059E1,7.930500507E-1
1.464600549E2,3.648000240E0,8.466000557E0,1.306050062E0
1.464624983E2,5.350050449E0,1.292700100E1,-1.609050035E0
1.464649419E2,5.893950462E0,1.538100052E1,-3.532050133E0
1.464673854E2,4.989000320E0,1.458600044E1,-8.979000092E0
1.464698290E2,2.719050169E0,1.381500053E1,-9.841050148E0
1.464722725E2,6.550500393E-1,1.240905094E1,-6.760050297E0
1.464747161E2,5.209050179E0,1.279695034E1,-5.301000118E0
1.464771595E2,6.097050190E0,9.675000191E0,-8.400000572E0
1.464796029E2,2.520000219E0,6.595950127E0,-8.590950012E0
1.464820465E2,1.663050056E0,5.611950397E0,-2.152950048E0
1.464844902E2,4.378050327E0,8.866050720E0,2.014950037E0
1.464869336E2,6.697950363E0,7.767000198E0,-2.974050045E0
1.464893773E2,5.800950050E0,4.912950039E0,-4.174050331E0
1.464918207E2,2.427000046E0,5.578950405E0,4.729500115E-1
1.464942641E2,2.547000170E0,7.360050201E0,2.047950029E0
1.464967077E2,4.656000137E0,7.305000305E0,-1.276950002E0
1.464991512E2,2.926950216E0,4.699950218E0,7.429500222E-1
1.465015948E2,2.796000242E0,4.374000072E0,2.806950092E0
1.465040383E2,1.789950132E0,1.004400063E1,2.139000177E0
1.465064819E2,1.411950111E0,1.350405025E1,3.523050070E0
1.465089254E2,8.130000234E-1,8.943000793E0,-8.239500523E-1
1.465113690E2,-3.040500283E-1,1.018005085E1,-1.545000076E0
1.465138124E2,-6.610500216E-1,9.687000275E0,1.761000037E0
1.465162560E2,-3.970500231E-1,1.115505028E1,2.880000174E-1
1.465186994E2,1.998000145E0,1.238595104E1,2.639999986E-1
1.465211429E2,2.851050138E0,7.987050533E0,2.922000170E0
1.465235866E2,9.979500771E-1,7.450950146E0,-1.690950036E0
1.465260300E2,1.260000020E-1,1.249995041E1,-1.078050017E0
1.465284737E2,2.848050117E0,1.449300098E1,5.488950253E0
1.465309170E2,8.686050415E0,6.996000290E0,-3.340950251E0
1.465333607E2,2.796000242E0,6.199050426E0,-1.038705063E1
1.465358041E2,1.029705048E1,6.441000462E0,-1.720800018E1
1.465382477E2,1.050300026E1,8.277000427E0,-2.070600128E1
1.465406912E2,5.956050396E0,3.949950218E0,-1.950000000E1
1.465431348E2,6.529500484E-1,5.167050362E0,-7.552050591E0
1.465455783E2,1.852050066E0,1.169400024E1,4.630950451E0
1.465480219E2,-2.800500095E-1,1.386495113E1,5.260950089E0
1.465504654E2,5.640000105E-1,8.196000099E0,5.316000462E0
1.465529090E2,1.560000062E0,1.064700031E1,8.833050728E0
1.465553524E2,1.218000054E0,8.479949951E0,3.706950188E0
1.465577961E2,3.495000124E0,9.601050377E0,4.513950348E0
1.465602395E2,8.072999954E0,8.157000542E0,3.388950109E0
1.465626829E2,5.068050385E0,5.374950409E0,-4.641000271E0
1.465651266E2,2.797950029E0,8.855999947E0,-5.839950085E0
1.465675702E2,4.192049980E0,1.164600086E1,-6.187050343E0
1.465700137E2,7.462050438E0,1.225905037E1,-7.662000179E0
1.465724571E2,4.374000072E0,1.341495037E1,-7.870050430E0
1.465749007E2,3.508950233E0,1.180095100E1,-2.977050066E0
1.465773441E2,3.100050211E0,1.207905102E1,-3.570000231E-1
1.465797878E2,4.891050339E0,1.311300087E1,-3.100950241E0
1.465822312E2,3.624000072E0,1.026705074E1,-6.949050426E0
1.465846748E2,1.450050116E0,7.317000389E0,-2.446950197E0
1.465871183E2,1.278000116E0,8.710050583E0,-3.900000080E-2
1.465895619E2,1.969950080E0,1.369995022E1,9.630000591E-1
1.465920054E2,2.614050150E0,1.237095070E1,-1.489950061E0
1.465944490E2,6.670500040E-1,6.462000370E0,-3.430500031E-1
1.465968924E2,9.000000358E-2,4.237950325E0,-2.881050110E0
1.465993360E2,7.630500197E-1,1.271805096E1,-1.469999999E-1
1.466017794E2,4.279500246E-1,1.096605015E1,-7.167000294E0
1.466042231E2,8.350500464E-1,1.219050050E0,-7.497000217E0
1.466066666E2,-1.057950020E0,6.850050449E0,-1.303050041E0
1.466091102E2,2.992050171E0,3.520050049E0,-3.618000269E0
1.466115537E2,7.728000164E0,3.976950169E0,-2.572050095E0
1.466139973E2,6.487950325E0,4.483950138E0,-2.151000023E0
1.466164407E2,3.945000172E0,1.659000039E0,2.754000187E0
1.466188841E2,3.745950222E0,4.171050072E0,2.116950035E0
1.466213277E2,8.058000565E0,3.321000099E0,-2.364000082E0
1.466237712E2,7.050000191E0,3.340050220E0,-4.897050381E0
1.466262149E2,3.253050089E0,6.475950241E0,1.381950021E0
1.466286585E2,3.300000131E-1,9.808950424E0,3.355050087E0
1.466311019E2,-4.399500191E-1,1.224900055E1,1.108950019E0
1.466335454E2,3.502050161E0,9.526950836E0,-1.425000072E0
1.466359890E2,1.642050028E0,9.262950897E0,-5.641050339E0
1.466384324E2,3.118950129E0,8.530950546E0,-5.127000332E0
1.466408760E2,3.346050262E0,8.703000069E0,-6.712050438E0
1.466433195E2,5.109000206E0,7.096950531E0,-9.064949989E0
1.466457631E2,2.875050068E0,6.883050442E0,-5.919000149E0
1.466482066E2,1.261050105E0,1.015605068E1,7.530000210E-1
1.466506502E2,3.661950111E0,1.441800022E1,6.300000101E-2
1.466530937E2,3.828000069E0,1.315395069E1,2.205000073E-2
1.466555373E2,1.089000106E0,1.037205029E1,-7.620000243E-1
1.466579807E2,9.109500647E-1,1.085595036E1,9.280500412E-1
1.466604241E2,7.939500213E-1,1.155195045E1,5.419500470E-1
1.466628677E2,2.992050171E0,1.167000103E1,-1.200000048E-1
1.466653112E2,2.599050045E0,7.899000168E0,-5.980950356E0
1.466677549E2,1.816050053E0,7.804950237E0,-2.926050186E0
1.466701985E2,2.487000227E0,1.160505009E1,-1.131000042E0
1.466726419E2,6.907050133E0,1.205295086E1,-4.483050346E0
1.466750854E2,7.201050282E0,8.703000069E0,-8.589000702E0
1.466775290E2,4.777950287E0,7.923000336E0,-9.025050163E0
1.466799724E2,3.283950090E0,7.780950546E0,-6.466950417E0
1.466824160E2,5.263950348E0,6.532050133E0,-7.059000492E0
1.466848595E2,6.970950127E0,3.091050148E0,-1.108395100E1
1.466873031E2,2.860050201E0,2.784000158E0,-6.910050392E0
1.466897466E2,-4.999500215E-1,4.099050045E0,3.726000071E0
1.466921902E2,1.596000075E0,5.188050270E0,7.687050343E0
1.466946337E2,6.094950199E0,5.410950184E0,3.124950171E0
1.466970773E2,5.710050106E0,3.129000187E0,1.849500090E-1
1.466995207E2,2.767050028E0,3.148050070E0,1.363050103E0
1.467019644E2,5.401050091E0,6.799950123E0,-1.945050120E0
1.467044078E2,1.049595070E1,6.268050194E0,-5.313000202E0
1.467068514E2,5.944050312E0,6.048000336E0,-6.742950439E0
1.467092949E2,5.950500369E-1,8.683950424E0,1.179000020E0
1.467117385E2,-6.700500250E-1,1.075500011E1,4.378050327E0
1.467141820E2,6.619500518E-1,1.201395035E1,-5.010000467E-1
1.467166256E2,2.262000084E0,9.649050713E0,1.879950047E0
1.467190690E2,1.183950067E0,7.987050533E0,2.002950191E0
1.467215124E2,3.418050051E0,7.216050148E0,2.307000160E0
1.467239561E2,5.950950146E0,1.053000069E1,-7.176000118E0
1.467263995E2,1.018905067E1,9.175050735E0,-1.535700035E1
1.467288432E2,4.978950024E0,6.535950184E0,-1.659000015E1
1.467312866E2,8.850000501E-1,9.697050095E0,-4.984950066E0
1.467337302E2,2.599050045E0,1.277100086E1,2.040000111E-1
1.467361737E2,2.295000076E0,1.417395115E1,1.311000109E0
1.467386173E2,1.146000028E0,7.659000397E0,2.670000196E-1
1.467410608E2,5.329500437E-1,4.981950283E0,2.700000070E-2
1.467435044E2,-2.490000129E-1,9.898050308E0,-1.621050119E0
1.467459478E2,-4.810500145E-1,8.967000008E0,2.674950123E0
1.467483915E2,3.724950075E0,3.910050154E0,-5.509500504E-1
1.467508349E2,2.817000151E0,4.177950382E0,-7.578000546E0
1.467532785E2,2.863050222E0,5.635950089E0,-2.311050177E0
1.467557220E2,3.967050076E0,7.501050472E0,-4.705049992E0
1.467581656E2,6.148050308E0,4.707000256E0,-1.003500080E1
1.467606091E2,2.559000015E0,3.895050287E0,-6.882000446E0
1.467630525E2,1.302000046E0,2.145000219E0,3.790500164E-1
1.467654962E2,4.273050308E0,2.111999989E0,-3.520500064E-1
1.467679395E2,9.238950729E0,1.426950097E0,-4.573950291E0
1.467703832E2,5.856000423E0,-2.290500104E-1,-4.851000309E0
1.467728268E2,2.017950058E0,2.734050035E0,9.970500469E-1
1.467752703E2,2.550000250E-1,1.136295033E1,6.379050255E0
1.467777139E2,4.267950058E0,1.231605053E1,3.547050238E0
1.467801573E2,4.693950176E0,1.230405045E1,-2.970000207E-1
1.467826008E2,3.586050272E0,1.374600029E1,-1.279050112E0
1.467850444E2,5.281050205E0,1.555800056E1,-1.356000066E0
1.467874879E2,5.166000366E0,1.712100029E1,-2.779950142E0
1.467899316E2,7.867050171E0,1.809105110E1,-6.060000420E0
1.467923749E2,6.439950466E0,1.810305023E1,-8.833050728E0
1.467948186E2,4.563000202E0,1.723904991E1,-2.148000002E0
1.467972620E2,3.934950113E0,1.773900032E1,-4.834950447E0
1.467997056E2,4.326000214E0,2.141400146E1,-6.858000278E0
1.468021491E2,3.931050301E0,1.288605022E1,-1.071495056E1
1.468045927E2,1.014000058E0,8.626950264E0,-9.781050682E0
1.468070362E2,3.022950172E0,9.699000359E0,-3.039000034E0
1.468094798E2,6.526050091E0,1.232805061E1,-6.814950466E0
1.468119232E2,4.624950409E0,7.549050331E0,-9.265950203E0
1.468143669E2,3.652950287E0,5.301000118E0,-7.620000243E-1
1.468168103E2,2.491950035E0,1.227300072E1,3.613950253E0
1.468192540E2,-2.884950161E0,1.425795078E1,4.390050411E0
1.468216974E2,-3.646050215E0,6.306000233E0,1.561950088E0
1.468241410E2,-2.209950209E0,4.960950375E0,4.003950119E0
1.468265844E2,-1.128000021E0,3.406950235E0,3.846000195E0
1.468290279E2,8.230500221E-1,6.220050335E0,3.822000265E0
1.468314715E2,2.410050154E0,5.728950500E0,3.211950064E0
1.468339150E2,5.623050213E0,7.864950180E0,3.355050087E0
1.468363586E2,4.903050423E0,1.055895042E1,3.327000141E0
1.468388023E2,2.104050159E0,8.959050179E0,1.059000015E0
1.468412456E2,1.098000050E0,1.056405067E1,-9.319500327E-1
1.468436891E2,2.206950188E0,1.140600014E1,3.051000118E0
1.468461327E2,7.314000130E0,6.304050446E0,-2.311050177E0
1.468485762E2,7.516950130E0,4.051050186E0,-1.057095051E1
1.468510198E2,1.659600067E1,4.314000130E0,-1.928894997E1
1.468534633E2,9.306000710E0,3.256050110E0,-2.161095047E1
1.468559069E2,2.374050140E0,4.650000095E0,-8.950050354E0
1.468583503E2,3.151950121E0,6.690000534E0,2.886000156E0
1.468607939E2,3.094950199E0,1.466505051E1,1.525950074E0
1.468632374E2,2.370000124E0,1.225395012E1,1.573950052E0
1.468656810E2,1.234950066E0,7.470000267E0,2.826000214E0
1.468681245E2,2.580000162E-1,6.285000324E0,1.561950088E0
1.468705681E2,-1.812000036E0,9.963000298E0,2.161050081E0
1.468730115E2,-2.562000036E0,1.017600060E1,4.132950306E0
1.468754549E2,4.090950012E0,4.855950356E0,3.877050161E0
1.468778986E2,5.167950153E0,3.253950119E0,-4.417950153E0
1.468803422E2,5.902950287E0,5.622000217E0,1.270050049E0
1.468827857E2,7.138950348E0,9.414000511E0,3.493950129E0
1.468852293E2,6.319950104E0,9.663000107E0,-1.211595058E1
1.468876727E2,4.552950382E0,9.429000854E0,-2.082600021E1
1.468901162E2,8.160000443E-1,8.041950226E0,-1.307100105E1
1.468925598E2,1.563000083E0,7.956000328E0,-3.099000216E0
1.468950032E2,3.270000219E0,8.770050049E0,-3.345000267E0
1.468974469E2,4.383000374E0,8.952000618E0,-2.383050203E0
1.468998906E2,2.812050104E0,1.123905087E1,-2.400000095E-1
1.469023340E2,3.607050180E0,1.183500099E1,2.070000172E0
1.469047774E2,5.487000465E0,1.150695038E1,-3.072000027E0
1.469072210E2,4.761000156E0,1.103805065E1,-7.104000568E0
1.469096645E2,2.041949987E0,1.112100029E1,-6.822000504E0
1.469121081E2,1.266000032E0,1.184700012E1,-3.178050041E0
1.469145516E2,2.890950203E0,1.269900036E1,-8.860500455E-1
1.469169952E2,4.189050198E0,1.189200020E1,-2.971950054E0
1.469194386E2,2.932050228E0,1.188795090E1,-2.883000135E0
1.469218822E2,1.378050089E0,1.102095032E1,1.942950130E0
1.469243257E2,1.800000109E-2,1.072605038E1,-7.360500097E-1
1.469267693E2,3.390000165E-1,1.377705097E1,-3.670500219E-1
1.469292128E2,2.311950207E0,1.340100098E1,1.758000135E0
1.469316564E2,1.927050114E0,1.090800095E1,-8.980500698E-1
1.469340998E2,2.190000117E-1,1.109700012E1,-1.171050072E0
1.469365432E2,9.400500655E-1,1.398000050E1,4.530000091E-1
1.469389869E2,2.701950073E0,1.622400093E1,7.050000429E-1
1.469414303E2,3.234000206E0,1.341495037E1,1.912050128E0
1.469438740E2,1.909950137E0,1.059705067E1,2.190000117E-1
1.469463174E2,-2.595000155E-2,9.852000237E0,-1.873050094E0
1.469487611E2,5.425050259E0,9.544050217E0,7.270050526E0
1.469512045E2,1.062300014E1,2.655000210E0,-1.106400013E1
1.469536481E2,5.932050228E0,-1.684950113E0,-1.805294991E1
1.469560915E2,5.647050381E0,1.750050068E0,-1.851105118E1
1.469585351E2,6.157050133E0,1.863000035E0,-1.640100098E1
1.469609786E2,3.928050280E0,9.769500494E-1,-8.737050056E0
1.469634222E2,1.455000043E0,3.210000098E-1,6.829050541E0
1.469658657E2,1.675050020E0,4.519500136E-1,6.808050156E0
1.469683093E2,4.050000105E-3,7.915050507E0,1.165050030E0
1.469707527E2,-2.085000038E0,4.477050304E0,4.654950142E0
1.469731964E2,1.282950044E0,1.708950043E0,6.271950245E0
1.469756398E2,3.112050056E0,3.433050156E0,2.970000029E0
1.469780834E2,2.911050081E0,6.244050503E0,3.087000132E0
1.469805269E2,5.022000313E0,7.231050491E0,8.010000229E0
1.469829705E2,9.628950119E0,4.555950165E0,-8.340000510E-1
1.469854140E2,8.194950104E0,2.365050077E0,-7.006050110E0
1.469878576E2,2.508000135E0,6.565050125E0,-1.576395035E1
1.469903010E2,-6.700500250E-1,4.125000000E0,-1.249905014E1
1.469927447E2,9.070500135E-1,2.088000059E0,-1.243050098E0
1.469951881E2,-1.890000105E-1,1.285950065E0,3.451050282E0
1.469976318E2,2.869500220E-1,1.923000097E0,-7.950000465E-3
1.470000752E2,2.097000122E0,4.422000408E0,-3.922050238E0
1.470025186E2,3.519000053E0,1.171305084E1,6.090000272E-1
1.470049622E2,4.519950390E0,9.898050308E0,2.764050245E0
1.470074057E2,2.767050028E0,5.800950050E0,-4.087950230E0
1.470098493E2,3.733950138E0,1.546200085E1,1.335000038E0
1.470122927E2,5.379000187E0,2.000895119E1,1.440000057E0
1.470147364E2,3.186000109E0,1.219905090E1,-5.890500546E-1
1.470171798E2,9.829500318E-1,8.839950562E0,2.941050053E0
1.470196235E2,-7.590000629E-1,1.227495098E1,1.951950073E0
1.470220669E2,-3.715950251E0,1.406400108E1,2.260500044E-1
1.470245105E2,-3.703950167E0,8.265000343E0,1.557000041E0
1.470269540E2,-3.333000183E0,5.971050262E0,1.132950068E0
1.470293976E2,-3.009000063E0,8.883000374E0,6.496950150E0
1.470318411E2,1.178400040E1,6.438000202E0,9.118050575E0
1.470342847E2,7.363950253E0,1.139400101E1,-1.011195087E1
1.470367282E2,1.210905075E1,7.180050373E0,-2.046000099E1
1.470391718E2,1.539900112E1,3.067050219E0,-3.391995239E1
1.470416152E2,6.433050156E0,5.278950214E0,-3.392805099E1
1.470440588E2,8.655000687E0,6.748950481E0,-2.280795097E1
1.470465023E2,6.100050449E0,7.768950462E0,-1.080405045E1
1.470489459E2,3.499950171E0,1.078395081E1,-4.042050362E0
1.470513894E2,9.499500394E-1,1.464600086E1,5.377950191E0
1.470538330E2,-5.959500074E-1,1.161000061E1,9.355050087E0
1.470562765E2,-2.149500102E-1,1.158300018E1,6.400950432E0
1.470587201E2,1.467000127E0,1.221105099E1,4.311000347E0
1.470611635E2,2.472000122E0,9.108000755E0,2.532000065E0
1.470636072E2,2.131950140E0,5.755950451E0,1.519500017E-1
1.470660506E2,2.941950083E0,4.396049976E0,2.380500138E-1
1.470684940E2,4.069050312E0,5.914050102E0,3.391050100E0
1.470709377E2,3.487950087E0,4.647000313E0,1.579050064E0
1.470733811E2,1.519950032E0,3.499950171E0,-1.849500090E-1
1.470758247E2,7.290000319E-1,6.886050224E0,-2.313000202E0
1.470782684E2,2.037000179E0,1.031895065E1,-7.810500264E-1
1.470807118E2,3.138000250E0,9.739950180E0,5.659500360E-1
1.470831552E2,1.471950054E0,6.366000175E0,-1.960950136E0
1.470855989E2,1.666050076E0,8.229000092E0,-1.540500075E-1
1.470880423E2,3.399000168E0,1.287900066E1,8.290500641E-1
1.470904859E2,3.217050076E0,1.173705101E1,2.083950043E0
1.470929294E2,1.630050063E0,8.899050713E0,3.319050074E0
1.470953730E2,9.619500637E-1,7.920000553E0,1.765950084E0
1.470978165E2,6.120000482E-1,8.983050346E0,2.078999996E0
1.471002601E2,1.350000024E0,1.103805065E1,4.026000023E0
1.471027035E2,9.000000544E-3,9.816000938E0,-1.891950130E0
1.471051471E2,8.295000345E-2,9.972000122E0,-1.408050060E0
1.471075906E2,6.910500526E-1,9.213000298E0,3.073050261E0
1.471100342E2,1.168050051E0,1.155495071E1,1.174050093E0
1.471124777E2,2.371950150E0,1.223700047E1,2.520000041E-1
1.471149213E2,1.387950063E0,1.021905041E1,-4.000500143E-1
1.471173648E2,5.310000181E-1,8.619000435E0,-1.012950063E0
1.471198084E2,2.700000107E-1,1.044900036E1,-7.909500599E-1
1.471222518E2,4.819050312E0,1.344105053E1,4.014000416E0
1.471246954E2,8.851050377E0,8.808000565E0,-9.421950340E0
1.471271389E2,9.979500771E-1,1.024500084E1,-1.114800072E1
1.471295825E2,2.496000051E0,8.326950073E0,-8.764050484E0
1.471320259E2,3.627000093E0,1.130805016E1,-9.915000916E0
1.471344694E2,4.714050293E0,1.011105061E1,-1.096395016E1
1.471369130E2,1.455000043E0,7.000950336E0,-7.780050278E0
1.471393564E2,-2.110500038E-1,4.663950443E0,-5.746950150E0
1.471418001E2,1.855050087E0,5.763000488E0,-3.973050117E0
1.471442438E2,4.120050430E0,4.774050236E0,-5.911950111E0
1.471466871E2,3.169050217E0,2.227050066E0,-5.802000046E0
1.471491306E2,-1.390500069E-1,5.329950333E0,1.083000064E0
1.471515742E2,1.390050054E0,7.152000427E0,3.030000210E0
1.471540177E2,4.555950165E0,5.959050179E0,-1.159050107E0
1.471564613E2,7.347000122E0,5.088000298E0,-5.869500041E-1
1.471589048E2,5.251950264E0,5.551950455E0,-1.798950076E0
1.471613484E2,2.824050188E0,3.994050264E0,-3.321000099E0
1.471637919E2,6.463950157E0,3.177000046E0,-4.590000153E0
1.471662355E2,8.145000458E0,2.500050068E0,-7.140000343E0
1.471686789E2,7.456950188E0,2.871000051E0,-9.799950600E0
1.471711226E2,5.725950241E0,3.048000097E0,-1.023600006E1
1.471735660E2,9.130949974E0,4.537050247E0,-1.076295090E1
1.471760096E2,1.168800068E1,7.159050465E0,-1.058595085E1
1.471784531E2,7.765950203E0,9.310950279E0,-9.843000412E0
1.471808967E2,2.550000250E-1,1.119600010E1,-2.364000082E0
1.471833402E2,-7.470000386E-1,1.086000061E1,6.954000473E0
1.471857838E2,1.323000073E0,1.127700043E1,3.781050205E0
1.471882272E2,2.062950134E0,1.136100101E1,-1.368000031E0
1.471906708E2,1.752000093E0,1.114995098E1,-1.473000050E0
1.471931143E2,1.438050032E0,1.145400047E1,3.324000120E0
1.471955579E2,1.471950054E0,1.296000099E1,-1.200000010E-2
1.471980014E2,2.896050215E0,1.603695107E1,-1.518000126E0
1.472004448E2,4.885950089E0,1.748295021E1,6.949500442E-1
1.472028884E2,5.008050442E0,1.537800026E1,-1.696050048E0
1.472053321E2,3.097050190E0,1.537605095E1,-1.032000065E0
1.472077755E2,8.110500574E-1,1.525395107E1,-2.773050070E0
1.472102192E2,1.639500111E-1,1.474605083E1,-2.785050154E0
1.472126625E2,-4.980000257E-1,1.201905060E1,3.130050182E0
1.472151060E2,-6.559500098E-1,6.594000340E0,1.854000092E0
1.472175496E2,-2.104050159E0,8.047050476E0,-2.107050180E0
1.472199931E2,-3.141000032E0,9.832950592E0,6.450000405E-1
1.472224367E2,-1.444050074E0,6.309000492E0,1.416000009E0
1.472248802E2,-4.240500331E-1,6.820950508E0,1.174050093E0
1.472273238E2,8.250000477E-1,1.150005054E1,-5.179499984E-1
1.472297672E2,1.243950009E0,1.350600052E1,-7.740000486E-1
1.472322108E2,2.130000114E0,1.342005062E1,1.260000110E0
1.472346543E2,2.431950092E0,1.282395077E1,-6.660000086E-1
1.472370979E2,1.807050109E0,1.174605083E1,3.670500219E-1
1.472395414E2,1.315950036E0,1.075500011E1,1.252950072E0
1.472419850E2,6.190500259E-1,1.142805099E1,-2.929500043E-1
1.472444285E2,1.050000072E0,1.099200058E1,1.549950123E0
1.472468721E2,2.698050022E0,1.075695038E1,1.645950079E0
1.472493155E2,5.022000313E0,1.226805019E1,2.673000097E0
1.472517591E2,5.451000214E0,1.046100044E1,1.147950053E0
1.472542026E2,5.884050369E0,9.666000366E0,6.979500055E-1
1.472566462E2,5.271000385E0,8.662050247E0,4.480950356E0
1.472590897E2,2.314050198E0,6.816000462E0,3.516000271E0
1.472615333E2,1.857000113E0,3.888000250E0,4.927950382E0
1.472639768E2,7.905000210E0,4.264050007E0,-9.727950096E0
1.472664204E2,8.307000160E0,6.076950073E0,-1.790295029E1
1.472688638E2,4.347000122E0,7.302000523E0,-1.924095154E1
1.472713072E2,5.895000324E-2,4.222949982E0,-1.610700035E1
1.472737509E2,-2.338950157E0,9.751950264E0,-8.424000740E0
1.472761943E2,-2.374950171E0,9.235050201E0,6.550500393E-1
1.472786379E2,1.642050028E0,8.196000099E0,4.414050102E0
1.472810816E2,5.080050468E0,4.999050140E0,4.030950069E0
1.472835251E2,8.335950851E0,3.891000271E0,-1.095000029E0
1.472859685E2,1.294005108E1,2.467950106E0,-9.970050812E0
1.472884121E2,1.547805119E1,9.169500470E-1,-1.639200020E1
1.472908555E2,1.296705055E1,2.389050007E0,-1.941600037E1
1.472932992E2,4.270950317E0,4.662000179E0,-1.527795029E1
1.472957426E2,3.622050285E0,7.555950165E0,-1.047300053E1
1.472981862E2,3.262950182E0,8.278950691E0,-1.471050024E0
1.473006297E2,3.739050150E0,1.168905067E1,6.295050144E0
1.473030733E2,3.853950262E0,1.252200031E1,7.597950459E0
1.473055168E2,3.375000238E0,1.080795097E1,8.530500531E-1
1.473079604E2,4.306950092E0,1.489005089E1,-2.581950188E0
1.473104039E2,4.623000145E0,1.588095093E1,5.248950481E0
1.473128475E2,3.993000269E0,1.522500038E1,8.269500136E-1
1.473152909E2,1.411950111E0,1.239795017E1,-4.189500213E-1
1.473177345E2,1.500000060E-1,1.083405018E1,-1.750950098E0
1.473201780E2,-8.100000024E-2,1.144905090E1,4.890000224E-1
1.473226216E2,-1.399950027E0,1.248405075E1,-3.259500265E-1
1.473250651E2,-2.545050144E0,6.934050560E0,2.340000153E0
1.473275087E2,-2.374950171E0,5.290950298E0,-1.099050045E0
1.473299522E2,-1.558050036E0,3.163050175E0,-5.779500008E-1
1.473323958E2,-2.394000053E0,5.787000179E0,-3.505950212E0
1.473348392E2,-6.100500226E-1,4.195050240E0,-1.008000016E0
1.473372826E2,-1.200000010E-2,1.401000023E0,3.880050182E0
1.473397262E2,-4.830000103E-1,5.016000271E0,2.650950193E0
1.473421697E2,1.495950103E0,1.229700089E1,-1.765050054E0
1.473446134E2,3.720000267E0,1.147305012E1,3.073050261E0
1.473470568E2,3.697950125E0,8.904000282E0,4.618950367E0
1.473495005E2,2.982000113E0,8.638050079E0,6.589500308E-1
1.473519439E2,6.796950340E0,9.409049988E0,1.227000117E0
1.473543875E2,9.018000603E0,1.028295040E1,-3.985050201E0
1.473568309E2,1.085205078E1,6.903000355E0,-1.442595100E1
1.473592745E2,1.588950038E0,6.778050423E0,-1.399005032E1
1.473617180E2,-1.000950098E0,4.390950203E0,-3.633000135E0
1.473641616E2,4.678050041E0,9.453000069E0,-2.970000207E-1
1.473666051E2,6.199950218E0,1.113795090E1,-3.427050114E0
1.473690487E2,3.864000082E0,6.436050415E0,-1.084950089E0
1.473714922E2,2.899050236E0,7.468050480E0,3.499500155E-1
1.473739358E2,3.306000233E0,9.473999977E0,4.729500115E-1
1.473763792E2,5.458050251E0,8.715000153E0,-3.775950193E0
1.473788229E2,5.212050438E0,7.789050579E0,-5.421000481E0
1.473812663E2,4.287000179E0,7.603950500E0,-1.159050107E0
1.473837099E2,1.906950116E0,8.538000107E0,2.817000151E0
1.473861534E2,3.354000092E0,8.373000145E0,-6.210000515E-1
1.473885970E2,3.667050123E0,1.028805065E1,-7.044000149E0
1.473910405E2,1.732950091E0,9.067049980E0,-8.194050789E0
1.473934841E2,-9.720000625E-1,6.475950241E0,-4.645050049E0
1.473959275E2,-5.239500403E-1,7.336050510E0,-1.261950016E0
1.473983711E2,1.885950089E0,8.595000267E0,6.670500040E-1
1.474008146E2,3.267000198E0,8.229000092E0,-1.032000065E0
1.474032582E2,1.972050071E0,9.055050850E0,1.030050039E0
1.474057017E2,5.620500445E-1,9.007050514E0,2.563050032E0
1.474081453E2,7.630500197E-1,7.006050110E0,-4.050000310E-1
1.474105887E2,1.144050002E0,9.448050499E0,-3.088950157E0
1.474130321E2,2.146950006E0,1.111395073E1,-1.420500129E-1
1.474154758E2,2.856000185E0,1.116000080E1,5.200500488E-1
1.474179192E2,2.664000034E0,8.346000671E0,1.900500059E-1
1.474203629E2,1.560000062E0,1.092000008E1,-2.610000134E0
1.474228063E2,4.030950069E0,1.556805038E1,-3.070500195E-1
1.474252499E2,4.381050110E0,1.409295082E1,2.125050068E0
1.474276934E2,2.287950039E0,1.057800007E1,-5.179499984E-1
1.474301370E2,6.960000396E-1,1.241400051E1,-3.277950048E0
1.474325805E2,1.009950042E0,1.360200024E1,1.066050053E0
1.474350241E2,1.804050088E0,1.291200066E1,2.910000086E0
1.474374675E2,1.180050015E0,8.938050270E0,1.296000004E0
1.474399112E2,1.897950053E0,5.811000347E0,-4.240500331E-1
1.474423546E2,5.046000004E0,8.713050842E0,-1.020300007E1
1.474447982E2,9.210000038E0,7.575000286E0,-1.476600075E1
1.474472417E2,6.205050468E0,7.171050549E0,-1.464900112E1
1.474496853E2,2.425050020E0,6.919050217E0,-8.809050560E0
1.474521288E2,2.980050087E0,1.001805019E1,1.300950050E0
1.474545724E2,5.082000256E0,1.032195091E1,2.716050148E0
1.474570158E2,5.182950020E0,1.036200047E1,-1.381950021E0
1.474594595E2,3.828000069E0,8.797050476E0,-1.023000002E0
1.474619029E2,1.819050074E0,8.325000763E0,-3.175050259E0
1.474643465E2,1.645950079E0,7.132050514E0,-5.538000107E0
1.474667900E2,5.631000042E0,6.988950253E0,-6.726000309E0
1.474692336E2,5.422050476E0,6.478950500E0,-7.831950188E0
1.474716771E2,6.769500375E-1,6.795000553E0,-4.156949997E0
1.474741207E2,4.350000322E-1,6.964950562E0,2.902950048E0
1.474765641E2,3.676950216E0,8.038050652E0,3.904050112E0
1.474790075E2,7.809000492E0,7.318950176E0,2.235000134E0
1.474814511E2,6.624000549E0,5.887050152E0,-8.790000677E-1
1.474838946E2,2.619000196E0,6.139050484E0,-1.260000110E0
1.474863383E2,1.419000030E0,7.197000504E0,8.370000124E-1
1.474887817E2,3.373050213E0,9.201000214E0,-3.745050192E0
1.474912254E2,3.181050062E0,7.698000431E0,-5.779950142E0
1.474936690E2,9.070500135E-1,9.097949982E0,-4.885050297E0
1.474961124E2,-7.710000277E-1,7.822050571E0,-2.292000055E0
1.474985559E2,-4.740000367E-1,7.390950203E0,-1.570950031E0
1.475009995E2,3.631050110E0,9.295050621E0,-4.357950211E0
1.475034429E2,5.053950310E0,6.838050365E0,-5.743950367E0
1.475058865E2,2.391000032E0,6.193950176E0,-6.577950478E0
1.475083300E2,2.437050104E0,3.306000233E0,-4.786950111E0
1.475107736E2,7.624950409E0,4.018050194E0,-4.324950218E0
1.475132171E2,9.871050835E0,4.609050274E0,-6.106050491E0
1.475156607E2,4.371000290E0,7.225950241E0,-3.496050119E0
1.475181042E2,1.500000119E0,7.069950104E0,4.186050415E0
1.475205478E2,1.050000072E0,9.583950043E0,2.521950006E0
1.475229912E2,2.092050076E0,1.272600079E1,3.649500310E-1
1.475254349E2,2.259000063E0,1.179405022E1,-3.600000143E-1
1.475278783E2,7.819500566E-1,1.198095036E1,4.200000167E-1
1.475303219E2,-2.440500110E-1,1.020195007E1,-2.809500098E-1
1.475327654E2,-6.340500116E-1,1.280205059E1,-1.123050094E0
1.475352090E2,1.407000065E0,1.654395103E1,4.770000279E-1
1.475376525E2,2.616000175E0,1.653705025E1,5.490000248E-1
1.475400961E2,2.791050196E0,1.507905102E1,2.400000095E-1
1.475425396E2,9.379500151E-1,1.547700119E1,-8.839500546E-1
1.475449832E2,-3.600000218E-2,1.587195110E1,-1.438950062E0
1.475474266E2,8.899500370E-1,1.721205139E1,-5.820000172E-1
1.475498700E2,2.025000095E0,1.278495026E1,2.742000103E0
1.475523136E2,1.524000049E0,1.034595013E1,1.830000043E0
1.475547573E2,2.599500120E-1,9.295050621E0,-1.471050024E0
1.475572007E2,1.374000072E0,1.274505043E1,6.640500426E-1
1.475596444E2,3.504000187E0,1.319505024E1,3.916050196E0
1.475620879E2,9.559950829E0,9.856950760E0,-3.289950132E0
1.475645315E2,5.278950214E0,1.119105053E1,-1.617900085E1
1.475669749E2,6.789000511E0,1.219395065E1,-1.477800083E1
1.475694183E2,6.088050365E0,1.388700104E1,-1.033695030E1
1.475718619E2,3.964050293E0,1.324995041E1,-4.744050026E0
1.475743054E2,8.250000477E-1,1.272105026E1,2.292000055E0
1.475767490E2,5.860500336E-1,1.167705059E1,4.180950165E0
1.475791925E2,2.475000143E0,1.121700096E1,3.616050243E0
1.475816361E2,6.840000153E0,9.060000420E0,-2.910000086E0
1.475840796E2,7.977000237E0,5.029950142E0,-8.348999977E0
1.475865232E2,4.837950230E0,5.743950367E0,-6.898050308E0
1.475889666E2,7.650000453E-1,7.294950485E0,-1.252950072E0
1.475914102E2,1.725000024E0,7.495950222E0,-5.805000290E-2
1.475938537E2,3.507000208E0,7.516050339E0,-1.723950028E0
1.475962973E2,2.701950073E0,7.147050381E0,-3.259500265E-1
1.475987408E2,1.725000024E0,6.751950264E0,4.339500070E-1
1.476011844E2,1.096050024E0,8.020950317E0,-8.895000070E-2
1.476036279E2,2.970000029E0,9.139050484E0,1.521000028E0
1.476060715E2,2.857950211E0,9.007050514E0,-1.143000007E0
1.476085149E2,2.020050049E0,8.671950340E0,1.258050084E0
1.476109586E2,1.483950019E0,9.036000252E0,2.710950136E0
1.476134020E2,3.037950039E0,7.633050442E0,7.380000353E-1
1.476158457E2,5.322000027E0,7.494000435E0,-2.299050093E0
1.476182891E2,5.415000439E0,7.432050228E0,-7.188000202E0
1.476207327E2,1.749000072E0,5.002050400E0,-1.011405087E1
1.476231761E2,-1.789500117E-1,5.197950363E0,-4.269000053E0
1.476256198E2,3.148050070E0,6.510000229E0,-2.140950203E0
1.476280632E2,6.888000488E0,7.111050129E0,-2.899950027E0
1.476305069E2,6.922950268E0,7.222950459E0,-3.190050125E0
1.476329503E2,2.947050095E0,6.915000439E0,-1.995000124E0
1.476353940E2,1.813950062E0,7.108950138E0,-7.810500264E-1
1.476378373E2,4.347000122E0,8.136000633E0,-1.279050112E0
1.476402808E2,4.021950245E0,8.227050781E0,-3.417000055E0
1.476427244E2,1.591050029E0,7.659000397E0,-3.573000193E0
1.476451679E2,5.209500194E-1,5.811000347E0,-1.399050117E0
1.476476115E2,2.293050051E0,5.812950134E0,-1.198050022E0
1.476500550E2,7.084050179E0,7.077000141E0,-6.202050209E0
1.476524986E2,5.281050205E0,7.591950417E0,-8.179050446E0
1.476549420E2,1.060050011E0,9.574950218E0,-5.224950314E0
1.476573857E2,-1.048950076E0,8.976000786E0,-3.400500119E-1
1.476598291E2,4.680000246E-1,8.269950867E0,1.195950031E0
1.476622727E2,4.201050282E0,7.255050182E0,-1.060950041E0
1.476647162E2,5.161050320E0,6.751950264E0,-4.044000149E0
1.476671598E2,1.374000072E0,4.225950241E0,-4.135050297E0
1.476696033E2,4.920000136E-1,4.198950291E0,-3.810000122E-1
1.476720469E2,4.267950058E0,5.044950008E0,-4.309500158E-1
1.476744904E2,7.101000309E0,6.433050156E0,-3.220950127E0
1.476769340E2,3.672000170E0,6.349950314E0,-2.026050091E0
1.476793774E2,1.732950091E0,7.518000126E0,5.350500345E-1
1.476818210E2,1.084050059E0,8.513999939E0,8.220000267E-1
1.476842645E2,1.029000044E0,9.802050591E0,-3.019500077E-1
1.476867081E2,1.936050057E0,9.189000130E0,-2.614950180E0
1.476891516E2,1.675050020E0,7.609050274E0,-2.095050097E0
1.476915950E2,1.479000092E0,8.695950508E0,-8.599500656E-1
1.476940386E2,3.298950195E0,1.008705044E1,3.840000033E-1
1.476964823E2,5.383950233E0,1.197600079E1,-2.811000109E0
1.476989257E2,7.174950123E0,1.204995060E1,-5.047950268E0
1.477013694E2,3.922950268E0,1.216800022E1,-4.794000149E0
1.477038128E2,9.880500436E-1,1.277295017E1,-5.595000088E-2
1.477062562E2,8.040000200E-1,1.236405087E1,1.354050040E0
1.477086998E2,2.880000114E0,1.224405098E1,-1.225950003E0
1.477111433E2,3.744000196E0,1.083195019E1,-4.336950302E0
1.477135869E2,2.619000196E0,9.816000938E0,-2.743950129E0
1.477160304E2,2.131950140E0,1.018305016E1,-1.800000072E-1
1.477184740E2,6.306000233E0,1.338900089E1,-1.200000010E-2
1.477209174E2,9.763050079E0,1.501200104E1,-3.810000181E0
1.477233610E2,5.704950333E0,1.338405037E1,-5.139000416E0
1.477258045E2,2.716950178E0,1.340100098E1,-2.400000095E0
1.477282481E2,1.479000092E0,1.002195072E1,-7.930500507E-1
1.477306916E2,1.491000056E0,8.643000603E0,-2.859000206E0
1.477331352E2,2.626050234E0,9.378000259E0,-4.899000168E0
1.477355786E2,1.507950068E0,4.285950184E0,-5.313000202E0
1.477380223E2,4.039500058E-1,1.537050128E0,-3.649050236E0
1.477404657E2,1.536000013E0,3.144000053E0,7.995000482E-2
1.477429093E2,3.508950233E0,5.133000374E0,9.349500537E-1
1.477453528E2,3.337050200E0,3.988950253E0,5.950500369E-1
1.477477964E2,2.997000217E0,3.088950157E0,9.040500522E-1
1.477502399E2,2.287950039E0,4.507950306E0,1.834950089E0
1.477526835E2,2.085000038E0,6.334950447E0,3.753000259E0
1.477551269E2,2.350050211E0,6.852000237E0,3.448950052E0
1.477575706E2,2.902950048E0,7.437000275E0,2.673000097E0
1.477600140E2,2.314050198E0,6.571950436E0,2.854950190E0
1.477624574E2,1.737000108E0,6.049950123E0,2.620050192E0
1.477649011E2,1.315950036E0,6.081000328E0,2.947950125E0
1.477673445E2,7.231950283E0,9.216000557E0,-1.830000043E0
1.477697882E2,1.074195004E1,1.036200047E1,-1.233300018E1
1.477722318E2,5.508000374E0,1.059000015E1,-1.207500076E1
1.477746752E2,2.805000171E-2,1.080795097E1,-5.248950481E0
1.477771189E2,2.890500128E-1,1.054905033E1,8.869500160E-1
1.477795622E2,2.143949986E0,1.465095043E1,2.299050093E0
1.477820057E2,2.698050022E0,1.156905079E1,-1.560000032E-1
1.477844493E2,1.468950033E0,9.649050713E0,-4.939500093E-1
1.477868928E2,1.086000085E0,8.962050438E0,-2.265000105E0
1.477893364E2,2.311950207E0,1.030995083E1,-1.558950067E0
1.477917799E2,3.780000210E0,1.177005100E1,-4.653000355E0
1.477942235E2,3.544950247E0,1.268205070E1,-5.740050316E0
1.477966669E2,1.159950018E0,1.088400078E1,-4.453950405E0
1.477991105E2,1.038000107E0,8.513999939E0,-1.995000057E-2
1.478015540E2,2.731050014E0,1.132005024E1,-5.800500512E-1
1.478039976E2,2.452950001E0,1.125795078E1,-1.911000133E0
1.478064411E2,1.575000048E0,6.511950493E0,-2.032950163E0
1.478088847E2,3.940500319E-1,5.928000450E0,-5.580000281E-1
1.478113281E2,2.781000137E0,6.675000191E0,-1.273950100E0
1.478137718E2,7.462050438E0,8.488050461E0,-4.653000355E0
1.478162152E2,8.602050781E0,8.611950874E0,-7.885050297E0
1.478186588E2,4.371000290E0,8.844000816E0,-7.408050537E0
1.478211023E2,2.346000195E0,1.090305042E1,-3.793050289E0
1.478235459E2,2.089050055E0,1.042905045E1,-1.291050076E0
1.478259894E2,3.367950201E0,1.043400097E1,4.530000091E-1
1.478284330E2,6.730050087E0,9.454950333E0,-2.965050220E0
1.478308765E2,6.925950527E0,7.710000515E0,-6.421950340E0
1.478333198E2,6.306000233E0,7.060950279E0,-7.660050392E0
1.478357635E2,5.329050064E0,7.531950474E0,-5.227050304E0
1.478382071E2,7.777950287E0,1.009905052E1,-4.803000450E0
1.478406506E2,6.751050472E0,1.179900074E1,-4.927950382E0
1.478430942E2,4.157999992E0,1.289100075E1,-2.902050257E0
1.478455377E2,3.480000257E0,1.198305035E1,-2.422950029E0
1.478479813E2,3.853950262E0,1.265895081E1,-1.429950118E0
1.478504247E2,7.738050461E0,1.171800041E1,-4.288949966E0
1.478528681E2,8.110950470E0,1.174905014E1,-6.393000126E0
1.478553118E2,3.286950111E0,1.024695015E1,-7.987950325E0
1.478577552E2,1.159950018E0,8.815950394E0,-3.843000174E0
1.478601988E2,2.202000141E0,8.899050713E0,8.650500178E-1
1.478626423E2,5.404950142E0,9.417000771E0,-9.409500360E-1
1.478650859E2,5.154000282E0,8.215050697E0,-3.973050117E0
1.478675294E2,2.109000206E0,7.281000137E0,-4.734000206E0
1.478699730E2,3.540000021E-1,5.883000374E0,-2.773050070E0
1.478724165E2,3.000000119E-2,5.466000080E0,-1.420500129E-1
1.478748601E2,9.190500379E-1,7.171050549E0,1.258050084E0
1.478773035E2,9.210000634E-1,6.739950180E0,1.792050123E0
1.478797471E2,5.740500093E-1,4.137000084E0,8.770500422E-1
1.478821906E2,8.749500513E-1,2.875050068E0,2.323050022E0
1.478846342E2,1.045050025E0,4.354950428E0,2.517000198E0
1.478870777E2,2.307000160E0,7.855950356E0,-1.030500084E-1
1.478895213E2,2.980050087E0,9.508050919E0,2.371050119E0
1.478919647E2,1.869000077E0,8.671950340E0,1.900050044E0
1.478944084E2,3.250500262E-1,1.047000027E1,-2.953050137E0
1.478968518E2,-5.290500522E-1,1.009395027E1,3.580500185E-1
1.478992954E2,-6.000000238E-2,1.207200050E1,8.580000401E-1
1.479017388E2,9.859500527E-1,1.257195091E1,5.059500337E-1
1.479041825E2,8.230500221E-1,8.989950180E0,1.570500135E-1
1.479066260E2,2.599500120E-1,7.369950294E0,-3.405000269E-2
1.479090696E2,5.430000424E-1,1.092705059E1,-4.339500070E-1
1.479115130E2,1.627050042E0,1.242405033E1,1.018050075E0
1.479139567E2,1.693950057E0,1.010400009E1,1.203000069E0
1.479164001E2,1.255950093E0,9.037950516E0,-5.010000467E-1
1.479188435E2,4.414050102E0,8.822999954E0,2.146050215E0
1.479212871E2,1.154700089E1,6.112950325E0,-1.124595070E1
1.479237306E2,7.990950584E0,7.981950283E0,-1.876200104E1
1.479261742E2,6.166950226E0,7.144050121E0,-1.732305145E1
1.479286177E2,1.041000009E0,4.792950153E0,-1.110000038E1
1.479310613E2,-4.140000343E-1,4.204050064E0,-3.120000124E0
1.479335048E2,1.672950029E0,7.750050545E0,3.871950150E0
1.479359484E2,1.852050066E0,6.346950531E0,4.624050140E0
1.479383918E2,6.025950432E0,6.268050194E0,4.420950413E0
1.479408355E2,7.054950237E0,8.176050186E0,3.154050112E0
1.479432789E2,5.334000111E0,6.958050251E0,-2.971950054E0
1.479457226E2,4.684950352E0,8.776950836E0,-7.363050461E0
1.479481660E2,4.891050339E0,9.208050728E0,-9.336000443E0
1.479506096E2,3.058950186E0,7.822050571E0,-8.755949974E0
1.479530531E2,1.405050039E0,6.862050533E0,-2.449950218E0
1.479554967E2,1.654050112E0,6.601050377E0,1.564050078E0
1.479579402E2,3.346050262E0,7.657050133E0,1.690950036E0
1.479603838E2,6.789000511E0,1.126500034E1,-1.954050064E0
1.479628272E2,5.923050404E0,1.054200077E1,-3.175050259E0
1.479652708E2,4.394999981E0,9.721050262E0,-3.136950254E0
1.479677143E2,3.151950121E0,1.144005013E1,-3.858000278E0
1.479701579E2,1.837950110E0,1.309200096E1,-1.612050056E0
1.479726014E2,1.753950119E0,1.375005054E1,-2.042999983E0
1.479750450E2,1.089000106E0,1.219605064E1,-1.906050086E0
1.479774885E2,2.790000141E-1,9.547950745E0,-1.462950110E0
1.479799321E2,9.810000658E-1,8.017950058E0,-3.340950251E0
1.479823755E2,3.178950071E0,9.265950203E0,-3.709050179E0
1.479848192E2,4.861950397E0,1.019205093E1,-6.028950214E0
1.479872626E2,5.167950153E0,8.160000801E0,-6.307050228E0
1.479897062E2,3.379950047E0,6.843000412E0,-3.022050142E0
1.479921496E2,2.817000151E0,4.935000420E0,-4.360500276E-1
1.479945931E2,5.247000217E0,6.349950314E0,-1.123050094E0
1.479970367E2,9.082950592E0,6.285000324E0,-5.823000431E0
1.479994802E2,7.081050396E0,5.527950287E0,-5.833050251E0
1.480019238E2,2.362050056E0,6.475950241E0,-1.963950038E0
1.480043672E2,1.066950083E0,5.655000210E0,1.492950082E0
1.480068109E2,4.138950348E0,8.161950111E0,8.220000267E-1
1.480092543E2,4.927050114E0,8.800950050E0,-2.827950239E0
1.480116979E2,2.740950108E0,7.330950260E0,-3.882000208E0
1.480141414E2,3.750000298E-1,6.916950226E0,-3.118050098E0
1.480165850E2,7.819500566E-1,5.380050182E0,-2.625000238E0
1.480190285E2,2.650050163E0,7.707000256E0,1.249500066E-1
1.480214721E2,4.290000439E0,6.795000553E0,-3.120000064E-1
1.480239155E2,3.349050045E0,6.376050472E0,1.633950114E0
1.480263592E2,1.717950106E0,7.705050468E0,2.488950014E0
1.480288026E2,2.233050108E0,8.358000755E0,2.115000010E0
1.480312462E2,2.161050081E0,1.073595047E1,1.215000033E0
1.480336897E2,3.187950134E0,1.443300056E1,-1.755000114E0
1.480361333E2,3.849000216E0,1.449495029E1,1.144950032E0
1.480385768E2,3.070950031E0,1.237395096E1,1.282050014E0
1.480410204E2,1.407000065E0,1.294095039E1,-2.173950195E0
1.480434638E2,5.929500461E-1,1.392495060E1,-1.372050047E0
1.480459075E2,1.186950088E0,1.650105095E1,-3.070500195E-1
1.480483509E2,1.189050078E0,1.494705105E1,1.519500017E-1
1.480507945E2,-8.805000782E-2,1.002705002E1,2.670000196E-1
1.480532380E2,-2.939999998E-1,1.142100048E1,-3.826950073E0
1.480556816E2,1.125000000E0,1.585995102E1,3.240000010E-1
1.480581251E2,9.550500512E-1,1.359000111E1,1.123950005E0
1.480605685E2,1.234950066E0,1.049205017E1,2.860050201E0
1.480630121E2,3.724950075E0,9.394950867E0,-6.369000435E0
1.480654555E2,1.491000056E0,7.390950203E0,-9.124950409E0
1.480678992E2,2.821950197E0,5.136000156E0,-1.240005016E1
1.480703426E2,5.287950039E0,5.362950325E0,-1.570905113E1
1.480727862E2,3.627000093E0,4.840950012E0,-1.638899994E1
1.480752297E2,1.399950027E0,5.284050465E0,-9.067950249E0
1.480776733E2,1.219950080E0,3.595950127E0,-2.230500132E-1
1.480801168E2,7.095000148E-2,3.888000250E0,6.228000164E0
1.480825604E2,2.367000103E0,4.807950020E0,4.342050076E0
1.480850039E2,3.448950052E0,4.192049980E0,3.999000072E0
1.480874475E2,5.752950191E0,3.081000090E0,3.172950268E0
1.480898909E2,6.979050159E0,2.962050200E0,1.945050120E0
1.480923346E2,7.419000149E0,6.115050316E0,-2.244000196E0
1.480947780E2,1.132695007E1,7.720950603E0,-8.673000336E0
1.480972216E2,7.891050339E0,5.317950249E0,-1.251105022E1
1.480996651E2,1.945950150E0,5.380050182E0,-9.690000534E0
1.481021087E2,-5.770500302E-1,4.444050312E0,-3.600000143E-1
1.481045522E2,2.430000156E-1,7.177950382E0,5.002950191E0
1.481069958E2,2.422049999E0,9.466950417E0,2.853000164E0
1.481094393E2,5.725950241E0,8.242950439E0,9.559500217E-1
1.481118829E2,6.967050552E0,6.711000443E0,-4.032000065E0
1.481143263E2,5.506050110E0,8.188050270E0,-8.100000381E0
1.481167699E2,2.914950132E0,1.214400101E1,-9.618000031E0
1.481192134E2,8.830500245E-1,1.405200100E1,-8.242050171E0
1.481216570E2,-1.170000061E-1,1.249995041E1,-4.565999985E0
1.481241005E2,-3.900000155E-1,1.047705078E1,-1.897050142E0
1.481265441E2,8.899500370E-1,8.706000328E0,7.304999977E-2
1.481289875E2,4.330049992E0,8.595000267E0,-3.642000198E0
1.481314309E2,7.627050400E0,1.010100079E1,-7.087950230E0
1.481338745E2,8.440950394E0,8.671950340E0,-6.757050514E0
1.481363180E2,5.271000385E0,9.532050133E0,-6.441000462E0
1.481387616E2,2.326050043E0,1.020705032E1,-2.245950222E0
1.481412051E2,3.358050108E0,1.087005043E1,1.216950059E0
1.481436487E2,6.588000298E0,1.041495037E1,-2.160000056E-1
1.481460922E2,8.209050179E0,9.556050301E0,-1.887000084E0
1.481485358E2,5.724000454E0,8.494950294E0,-4.404000282E0
1.481509792E2,4.347000122E0,9.534000397E0,-5.412000179E0
1.481534228E2,5.224050045E0,1.122000027E1,-5.452050209E0
1.481558663E2,6.679050446E0,1.246500015E1,-5.328000069E0
1.481583099E2,5.020050049E0,1.212900066E1,-3.633000135E0
1.481607534E2,2.683050156E0,1.168905067E1,-1.144950032E0
1.481631970E2,8.749500513E-1,1.054905033E1,1.624050021E0
1.481656405E2,6.379500031E-1,9.022050858E0,1.545000076E0
1.481680841E2,2.317050219E0,8.088000298E0,-1.855950117E0
1.481705276E2,2.836050034E0,6.189000130E0,-7.222050190E0
1.481729712E2,1.251000047E0,5.557050228E0,-7.039950371E0
1.481754146E2,1.330500096E-1,4.975050449E0,-1.285950065E0
1.481778582E2,1.623000026E0,6.667950153E0,1.392000079E0
1.481803017E2,3.112050056E0,1.051305008E1,-2.059500068E-1
1.481827451E2,2.166000128E0,9.292050362E0,-1.800000072E-1
1.481851888E2,1.552950025E0,7.777050495E0,2.923950195E0
1.481876324E2,1.243950009E0,8.653050423E0,1.939950109E0
1.481900759E2,6.700500250E-1,9.615000725E0,2.632050037E0
1.481925194E2,4.830000103E-1,9.373950005E0,1.737000108E0
1.481949629E2,6.379500031E-1,9.795000076E0,1.909050107E0
1.481974063E2,2.290500104E-1,8.454000473E0,1.786950111E0
1.481998499E2,7.304999977E-2,6.783000469E0,1.351050019E0
1.482022934E2,1.399500072E-1,9.000000000E0,1.806000113E0
1.482047370E2,9.160500169E-1,1.114500046E1,-4.770000279E-1
1.482071804E2,1.371000051E0,9.189000130E0,2.137050152E0
1.482096241E2,6.844050407E0,7.018050194E0,3.537000179E0
1.482120675E2,8.712000847E0,6.867000103E0,-1.462500095E1
1.482145111E2,7.273050308E0,7.200000286E0,-1.823295021E1
1.482169546E2,3.949950218E0,9.249000549E0,-1.788600159E1
1.482193982E2,2.713950157E0,7.695000172E0,-1.108395100E1
1.482218417E2,3.175950050E0,7.348050117E0,-4.585950375E0
1.482242853E2,2.179949999E0,6.828000546E0,1.203000069E0
1.482267288E2,2.317050219E0,5.928000450E0,3.532050133E0
1.482291724E2,3.193050146E0,6.702000141E0,1.162050009E0
1.482316158E2,3.769950151E0,5.878050327E0,-2.950500250E-1
1.482340594E2,3.603000164E0,4.966050148E0,-1.726950049E0
1.482365029E2,3.475950241E0,7.840950489E0,-1.650000095E0
1.482389465E2,3.054000139E0,7.923000336E0,-4.858050346E0
1.482413900E2,4.744950294E0,9.916950226E0,-5.293950081E0
1.482438336E2,5.437050343E0,9.469050407E0,-3.730950117E0
1.482462771E2,2.982000113E0,9.795000076E0,-2.629050016E0
1.482487204E2,8.400000334E-1,1.005795002E1,5.230500102E-1
1.482511641E2,1.819050074E0,9.739950180E0,1.411050081E0
1.482536078E2,3.507000208E0,1.211505032E1,-3.670500219E-1
1.482560512E2,6.133050442E0,1.263900089E1,-3.250050068E0
1.482584948E2,8.322000504E0,1.105905056E1,-7.009050369E0
1.482609383E2,8.218950272E0,9.631950378E0,-8.112000465E0
1.482633819E2,5.242950439E0,1.144500065E1,-5.476050377E0
1.482658253E2,4.189050198E0,1.512195110E1,-3.886050224E0
1.482682688E2,2.998950243E0,1.453305054E1,-3.160950184E0
1.482707124E2,9.760500193E-1,1.330695057E1,-3.433950186E0
1.482731558E2,4.729500115E-1,1.076895046E1,-2.953050137E0
1.482755995E2,9.640500546E-1,9.139050484E0,-3.019950151E0
1.482780429E2,2.839050055E0,8.694000244E0,-4.336950302E0
1.482804865E2,5.427000046E0,8.092950821E0,-6.879000187E0
1.482829300E2,4.504950047E0,6.517050266E0,-6.553950310E0
1.482853736E2,3.351000071E0,5.490000248E0,-2.383050203E0
1.482878171E2,2.500950098E0,4.681050301E0,1.521000028E0
1.482902607E2,2.242950201E0,4.441050053E0,2.721000195E0
1.482927042E2,1.567050099E0,5.397000313E0,4.162050247E0
1.482951478E2,7.249500155E-1,4.539000034E0,3.082050085E0
1.482975912E2,-2.920500040E-1,1.960950136E0,3.370050192E0
1.483000348E2,2.410500050E-1,1.594950080E0,3.742950201E0
1.483024783E2,1.129050016E0,4.554000378E0,1.461000085E0
1.483049219E2,3.319950104E0,5.398950100E0,2.351999998E0
1.483073654E2,5.173050404E0,5.049000263E0,4.920000136E-1
1.483098090E2,4.219950199E0,4.777050018E0,-3.858000278E0
1.483122525E2,2.827050209E0,6.085950375E0,-4.429950237E0
1.483146961E2,1.837950110E0,7.362000465E0,-3.465000153E0
1.483171395E2,1.587000132E0,9.442950249E0,-2.898000240E0
1.483195832E2,2.523000002E0,9.651000023E0,-2.665050030E0
1.483220266E2,2.676000118E0,7.864950180E0,-3.846000195E0
1.483244702E2,1.876050115E0,5.818050385E0,-3.108000040E0
1.483269137E2,2.584950209E0,6.409050465E0,-2.902050257E0
1.483293573E2,6.190950394E0,8.968950272E0,-4.674000263E0
1.483318008E2,5.440950394E0,7.534950256E0,-6.754950523E0
1.483342442E2,2.923050165E0,6.457050323E0,-7.258050442E0
1.483366878E2,2.500950098E0,6.607950211E0,-4.605000019E0
1.483391312E2,4.157999992E0,9.490950584E0,-2.296950102E0
1.483415748E2,3.871050119E0,9.766050339E0,-2.197950125E0
1.483440183E2,4.144050121E0,1.052505016E1,-2.437950134E0
1.483464619E2,1.912050128E0,9.364050865E0,-1.369950056E0
1.483489054E2,1.669500023E-1,7.686000347E0,5.989500284E-1
1.483513490E2,5.260500312E-1,8.277000427E0,7.500000596E-1
1.483537925E2,5.266950130E0,9.213000298E0,-2.328000069E0
1.483562361E2,7.644000530E0,8.038050652E0,-6.328950405E0
1.483586795E2,5.892000198E0,8.449049950E0,-4.794000149E0
1.483611231E2,3.801000118E0,9.478950500E0,-3.697050095E0
1.483635666E2,1.669950128E0,1.113600063E1,-3.574950218E0
1.483660102E2,2.245050192E0,1.251000023E1,-3.436050177E0
1.483684537E2,2.599050045E0,1.201695061E1,-3.372000217E0
1.483708973E2,3.439950228E0,1.164795017E1,-1.420050025E0
1.483733407E2,3.406050205E0,1.188300037E1,-1.051950097E0
1.483757844E2,2.737950087E0,1.101405048E1,-7.240500450E-1
1.483782278E2,1.897950053E0,1.146105099E1,-1.401000023E0
1.483806714E2,3.919050217E0,1.365705109E1,-4.309500158E-1
1.483831148E2,4.453050137E0,1.368300056E1,-2.758950233E0
1.483855585E2,3.117000103E0,1.296000099E1,-1.495050073E0
1.483880019E2,1.732950091E0,1.351305103E1,-6.000000238E-2
1.483904456E2,9.589500427E-1,1.243095016E1,-7.470000386E-1
1.483928891E2,4.129500091E-1,1.292205048E1,-1.747950077E0
1.483953327E2,9.949500561E-1,1.366905022E1,-6.000000238E-2
1.483977761E2,1.183950067E0,1.117200089E1,1.155000091E0
1.484002195E2,3.750000298E-1,9.772950172E0,-1.333950043E0
1.484026631E2,-1.950000064E-3,1.000605011E1,-5.610000491E-1
1.484051066E2,1.237050056E0,9.121950150E0,1.378050089E0
1.484075502E2,3.852000237E0,6.838050365E0,-4.561950207E0
1.484099937E2,3.660000086E0,5.547000408E0,-6.300000191E0
1.484124373E2,1.912050128E0,3.811950207E0,-6.640050411E0
1.484148808E2,1.384950042E0,2.217000008E0,-4.381950378E0
1.484173244E2,4.657950401E0,2.799000025E0,-2.446950197E0
1.484197678E2,6.415950298E0,4.081950188E0,-2.433000088E0
1.484222115E2,5.094000340E0,3.988950253E0,-1.071000099E0
1.484246549E2,2.235000134E0,3.988950253E0,1.027950048E0
1.484270985E2,1.471950054E0,4.894050121E0,1.078050017E0
1.484295420E2,2.346000195E0,6.430950165E0,-9.340500236E-1
1.484319856E2,3.703050137E0,5.866050243E0,-5.389950275E0
1.484344291E2,2.125050068E0,4.735949993E0,-6.898050308E0
1.484368727E2,3.688950062E0,4.210950375E0,-7.654950142E0
1.484393162E2,6.250950336E0,4.012950420E0,-9.514950752E0
1.484417598E2,5.689950466E0,6.835950375E0,-8.886000633E0
1.484442032E2,6.313050270E0,8.251049995E0,-3.265950203E0
1.484466468E2,3.997950077E0,8.028000832E0,1.417950034E0
1.484490902E2,1.633950114E0,9.394950867E0,4.039950371E0
1.484515339E2,1.972050071E0,1.008195019E1,2.587050200E0
1.484539774E2,2.535000086E0,1.072905064E1,2.268000126E0
1.484564210E2,4.881000042E0,1.188795090E1,1.260000110E0
1.484588644E2,8.607000351E0,1.140600014E1,-4.674000263E0
1.484613081E2,6.852000237E0,9.754050255E0,-7.629000187E0
1.484637515E2,2.472000122E0,1.211505032E1,-7.276950359E0
1.484661949E2,6.430500150E-1,1.428705025E1,-4.036950111E0
1.484686385E2,1.942950130E0,1.696800041E1,-5.059500337E-1
1.484710820E2,1.747050047E0,1.662795067E1,3.120000064E-1
1.484735256E2,-1.390500069E-1,1.349400043E1,-7.999500632E-1
1.484759691E2,-4.930500090E-1,1.311795044E1,2.550000250E-1
1.484784127E2,-6.900000572E-2,1.479900074E1,4.800000191E-1
1.484808561E2,7.729500532E-1,1.266300106E1,-1.336050034E0
1.484832997E2,2.592000008E0,1.128195095E1,-5.086050034E0
1.484857432E2,3.397050142E0,9.843000412E0,-7.356000423E0
1.484881868E2,1.705950022E0,9.253950119E0,-4.783950329E0
1.484906303E2,1.048050046E0,8.571000099E0,2.310000062E-1
1.484930739E2,9.379500151E-1,7.216050148E0,1.663050056E0
1.484955174E2,2.319000006E0,9.735000610E0,1.344000101E0
1.484979610E2,2.695050240E0,7.432050228E0,-8.790000677E-1
1.485004044E2,2.713950157E0,3.313950062E0,-3.520500064E-1
1.485028480E2,5.200050354E0,4.558950424E0,-8.890500665E-1
1.485052915E2,8.520000458E0,9.148050308E0,-1.462950110E0
1.485077351E2,7.159950256E0,9.309000015E0,-1.018050075E0
1.485101786E2,3.562050104E0,7.888950348E0,-1.779000044E0
1.485126222E2,2.058000088E0,8.373000145E0,-2.047950029E0
1.485150656E2,3.057000160E0,7.434000492E0,-2.767950058E0
1.485175091E2,4.668000221E0,8.072999954E0,-3.913050175E0
1.485199528E2,3.721950293E0,8.281949997E0,-3.883950233E0
1.485223961E2,3.150000095E0,6.168000221E0,-3.396000147E0
1.485248398E2,3.661950111E0,5.574000359E0,-1.578000069E0
1.485272834E2,5.140050411E0,5.155050278E0,-2.566950083E0
1.485297269E2,4.951050282E0,4.992000103E0,-3.361950159E0
1.485321703E2,4.218000412E0,6.199050426E0,-2.296950102E0
1.485346139E2,4.483950138E0,8.221950531E0,-2.115000010E0
1.485370574E2,2.880000114E0,7.465050220E0,-1.618950129E0
1.485395010E2,2.458050013E0,8.832000732E0,4.395000264E-2
1.485419444E2,2.061000109E0,9.354000092E0,8.680500388E-1
1.485443881E2,1.354050040E0,9.943050385E0,1.543050051E0
1.485468315E2,2.235000134E0,1.069305038E1,-9.820500612E-1
1.485492751E2,3.307950258E0,9.160050392E0,-5.356050491E0
1.485517186E2,1.797000051E0,9.487950325E0,-5.977050304E0
1.485541622E2,4.420500100E-1,1.032600021E1,-2.932950258E0
1.485566057E2,1.278000116E0,1.053705025E1,1.849500090E-1
1.485590493E2,2.932050228E0,1.054395008E1,-1.648050070E0
1.485614928E2,3.949950218E0,1.195005035E1,-1.996950150E0
1.485639364E2,4.567049980E0,1.132005024E1,-2.785050154E0
1.485663798E2,3.648000240E0,1.016400051E1,-4.249950409E0
1.485688235E2,3.021000147E0,1.059705067E1,-4.513950348E0
1.485712669E2,3.763050079E0,1.122000027E1,-2.887950182E0
1.485737105E2,3.550050259E0,1.113600063E1,-2.103000164E0
1.485761540E2,3.507000208E0,1.127505016E1,-4.699500203E-1
1.485785976E2,2.880000114E0,9.775950432E0,-8.239500523E-1
1.485810411E2,3.619050264E0,9.046050072E0,-4.840500355E-1
1.485834845E2,5.719050407E0,1.048200035E1,-4.480500221E-1
1.485859281E2,5.080050468E0,1.109295082E1,-2.212949991E0
1.485883715E2,3.895050287E0,1.200195026E1,-3.537000179E0
1.485908152E2,2.032050133E0,1.134600067E1,-1.861050129E0
1.485932586E2,1.359000087E0,1.022595024E1,2.019000053E0
1.485957023E2,9.690000415E-1,1.169100094E1,1.900050044E0
1.485981457E2,5.620500445E-1,1.281405067E1,1.867950082E0
1.486005893E2,-1.630500108E-1,1.201695061E1,8.205000311E-2
1.486030328E2,7.650000453E-1,1.091100025E1,2.020500153E-1
1.486054764E2,1.492950082E0,9.532050133E0,9.870000482E-1
1.486079198E2,3.378000259E0,9.697050095E0,-5.850000381E-1
1.486103635E2,3.969000101E0,9.988950729E0,-4.246050358E0
1.486128069E2,5.383950233E0,1.004595089E1,-7.420050144E0
1.486152505E2,3.492000103E0,9.274950027E0,-7.305000305E0
1.486176940E2,2.044049978E0,8.545050621E0,-3.739950180E0
1.486201376E2,9.550500512E-1,6.807000160E0,-1.486950040E0
1.486225811E2,1.045050025E0,5.659950256E0,-6.919500232E-1
1.486250247E2,2.937000036E0,6.961950302E0,-1.204950094E0
1.486274681E2,2.604000092E0,6.928950310E0,-1.641000032E0
1.486299115E2,1.266000032E0,3.709050179E0,-9.409500360E-1
1.486323551E2,1.383000016E0,2.974050045E0,1.437000036E0
1.486347988E2,1.263000011E0,3.069000244E0,1.432950020E0
1.486372422E2,3.306000233E0,3.832950115E0,1.296000004E0
1.486396859E2,5.142000198E0,3.361050129E0,-2.185950041E0
1.486421294E2,5.106000423E0,1.558950067E0,-4.176000118E0
1.486445730E2,2.155950069E0,2.506950140E0,-3.096000195E0
1.486470164E2,7.890000343E-1,3.675000191E0,-3.106050253E0
1.486494598E2,2.728950024E0,4.884000301E0,-1.660500020E-1
1.486519035E2,4.085999966E0,5.440050125E0,1.417950034E0
1.486543469E2,3.337050200E0,5.521050453E0,8.149500489E-1
1.486567905E2,1.186950088E0,5.773050308E0,1.180950046E0
1.486592340E2,9.000000358E-2,7.555950165E0,3.169500232E-1
1.486616777E2,1.942950130E0,8.089950562E0,-8.895000070E-2
1.486641211E2,4.357050419E0,8.902050018E0,-4.672049999E0
1.486665647E2,5.772000313E0,8.571000099E0,-6.793050289E0
1.486690082E2,6.519000530E0,9.354000092E0,-6.163050175E0
1.486714518E2,3.205050230E0,1.020195007E1,-2.857050180E0
1.486738952E2,1.299000025E0,1.244505024E1,2.740500271E-1
1.486763388E2,1.315950036E0,1.225095081E1,5.779500008E-1
1.486787823E2,8.710500598E-1,1.297905064E1,-1.624050021E0
1.486812259E2,5.239500403E-1,1.173900032E1,-8.340000510E-1
1.486836694E2,8.920500278E-1,9.991050720E0,1.167000055E0
1.486861130E2,1.872000098E0,8.437050819E0,-2.634000063E0
1.486885565E2,1.897950053E0,1.002000046E1,-3.084000111E0
1.486910001E2,3.763050079E0,1.065405083E1,-3.388050079E0
1.486934435E2,5.677950382E0,1.084800053E1,-5.031000137E0
1.486958869E2,5.947050095E0,1.107300091E1,-6.865050316E0
1.486983305E2,5.191950321E0,9.840000153E0,-5.929050446E0
1.487007740E2,3.238950253E0,9.979050636E0,-3.348000050E0
1.487032177E2,3.313050270E0,1.139400101E1,-4.770000279E-1
1.487056613E2,3.994950294E0,9.940950394E0,-1.276950002E0
1.487081048E2,3.904050112E0,7.546950340E0,-1.447050095E0
1.487105481E2,3.078000069E0,6.775950432E0,-1.633050084E0
1.487129918E2,3.133050203E0,5.574000359E0,-1.699950099E0
1.487154352E2,5.626050472E0,6.084000111E0,-1.281000018E0
1.487178788E2,7.681950569E0,6.127050400E0,-2.641050100E0
1.487203223E2,6.220050335E0,6.751950264E0,-3.798000097E0
1.487227659E2,3.337050200E0,8.004000664E0,-3.316950083E0
1.487252096E2,1.813950062E0,8.457000732E0,-1.758000135E0
1.487276530E2,1.785000086E0,7.932000160E0,-6.679500341E-1
1.487300965E2,2.596950054E0,9.453000069E0,2.160000056E-1
1.487325401E2,2.475000143E0,8.152050018E0,-5.749500394E-1
1.487349835E2,3.370050192E0,8.217000008E0,-1.626000047E0
1.487374272E2,2.821950197E0,8.341950417E0,-1.855950117E0
1.487398706E2,2.041949987E0,8.842050552E0,-4.270500243E-1
1.487423142E2,1.120050073E0,1.013295078E1,7.020000219E-1
1.487447577E2,1.399950027E0,1.053495026E1,2.860500216E-1
1.487472013E2,2.841000080E0,1.013295078E1,-3.019500077E-1
1.487496447E2,2.508000135E0,9.997950554E0,-1.641000032E0
1.487520884E2,1.753950119E0,8.410950661E0,-5.560500026E-1
1.487545318E2,1.186950088E0,8.569050789E0,-3.619500101E-1
1.487569754E2,1.594050050E0,1.032405090E1,-1.183050036E0
1.487594188E2,2.911050081E0,1.079805088E1,-2.809500098E-1
1.487618623E2,3.061050177E0,1.101105022E1,-3.430500031E-1
1.487643060E2,2.628000021E0,1.102605057E1,-1.312950015E0
1.487667494E2,2.154000044E0,1.225395012E1,-6.040500402E-1
1.487691931E2,1.258950114E0,1.311300087E1,-1.684050083E0
1.487716365E2,7.150500417E-1,1.261305046E1,-9.010500312E-1
1.487740801E2,1.500000060E-1,1.250295067E1,-3.739500046E-1
1.487765235E2,5.670000315E-1,1.254105091E1,1.191000104E0
1.487789671E2,4.900500178E-1,1.112400055E1,1.983000040E0
1.487814106E2,6.670500040E-1,9.121950150E0,1.441950083E0
1.487838542E2,6.259500384E-1,9.064949989E0,3.700500131E-1
1.487862977E2,1.315950036E0,1.053195095E1,1.222050071E0
1.487887413E2,3.634050131E0,1.013295078E1,3.553950071E0
1.487911848E2,6.816000462E0,7.081950188E0,-8.388000488E0
1.487936284E2,6.370050430E0,6.723000526E0,-1.277595043E1
1.487960718E2,5.452950478E0,8.855999947E0,-1.055895042E1
1.487985155E2,5.133000374E0,9.238950729E0,-7.581000328E0
1.488009589E2,5.722050190E0,1.012995052E1,-5.695950508E0
1.488034025E2,4.924050331E0,1.097505093E1,-2.248950005E0
1.488058460E2,4.374000072E0,1.157400036E1,-1.641000032E0
1.488082896E2,3.667050123E0,1.180095100E1,-2.188950062E0
1.488107331E2,3.604950190E0,1.092300034E1,-2.233950138E0
1.488131767E2,4.237050056E0,9.144000053E0,-2.902050257E0
1.488156202E2,2.800950050E0,5.860950470E0,-6.027000427E0
1.488180638E2,1.004999995E0,4.803000450E0,-6.939000130E0
1.488205072E2,2.803050041E0,2.490000010E0,-3.901050091E0
1.488229506E2,4.522050381E0,3.498000145E0,-1.954050064E0
1.488253943E2,7.567950249E0,3.763950109E0,-8.479500413E-1
1.488278377E2,7.435950279E0,4.389000416E0,-1.018050075E0
1.488302813E2,6.448950291E0,6.670050144E0,7.069500089E-1
1.488327248E2,4.273050308E0,9.711000443E0,3.150000274E-1
1.488351684E2,1.891050100E0,9.487950325E0,-1.666950107E0
1.488376118E2,3.799500167E-1,9.852000237E0,-5.890500546E-1
1.488400554E2,-6.529500484E-1,8.392050743E0,-6.000000238E-2
1.488424989E2,-7.540500164E-1,5.938050270E0,-9.490500689E-1
1.488449425E2,7.200000286E-1,6.148050308E0,-3.502950191E0
1.488473860E2,1.480950117E0,6.603000164E0,-3.838950157E0
1.488498296E2,1.414050102E0,7.551000595E0,-2.730000019E0
1.488522731E2,2.965950251E0,1.002705002E1,-1.617000103E0
1.488547167E2,3.502050161E0,1.091100025E1,-1.762950063E0
1.488571601E2,2.776950121E0,9.505050659E0,-2.686950207E0
1.488596038E2,8.710500598E-1,8.647950172E0,-2.239050150E0
1.488620472E2,-3.349500299E-1,6.469050407E0,-2.230500132E-1
1.488644908E2,2.050500065E-1,5.794050217E0,-9.600000083E-2
1.488669343E2,1.852050066E0,7.690050602E0,-1.485000014E0
1.488693779E2,2.494050026E0,7.362000465E0,-1.782000065E0
1.488718214E2,2.970000029E0,7.362000465E0,1.129500046E-1
1.488742650E2,5.176050186E0,7.348050117E0,-6.570000052E-1
1.488767085E2,4.872000217E0,7.393050194E0,-1.168950081E0
1.488791521E2,3.841950178E0,9.313950539E0,-1.939500123E-1
1.488815955E2,3.499950171E0,1.101795006E1,-1.750500053E-1
1.488840391E2,2.338050127E0,9.547950745E0,-1.825050116E0
1.488864825E2,2.250000000E0,7.390950203E0,-5.622000217E0
1.488889260E2,2.203950167E0,6.472050190E0,-8.329950333E0
1.488913696E2,3.495000124E0,7.036950111E0,-6.154050350E0
1.488938131E2,4.624950409E0,7.650000572E0,-1.341000080E0
1.488962567E2,5.022000313E0,9.699000359E0,5.920500159E-1
1.488987001E2,4.651050091E0,1.029105091E1,2.053050041E0
1.489011438E2,3.604950190E0,1.129605007E1,2.089050055E0
1.489035872E2,3.267000198E0,1.302495098E1,2.626950026E0
1.489060308E2,2.896050215E0,1.300095081E1,1.312950015E0
1.489084743E2,3.217050076E0,1.318500042E1,-2.476050138E0
1.489109179E2,3.664950132E0,1.330695057E1,-5.332950115E0
1.489133614E2,3.451950073E0,1.325700092E1,-5.944950104E0
1.489158050E2,3.058950186E0,1.312800026E1,-5.632050037E0
1.489182484E2,2.164050102E0,1.367595100E1,-3.838950157E0
1.489206921E2,1.374000072E0,1.453305054E1,-1.609500051E-1
1.489231355E2,1.243950009E0,1.432500076E1,-1.920000017E-1
1.489255791E2,1.752000093E0,1.450395107E1,-6.640500426E-1
1.489280226E2,2.377050161E0,1.317600060E1,-1.435050011E0
1.489304662E2,2.073000193E0,1.166700077E1,-1.923000097E0
1.489329096E2,1.575000048E0,1.050105095E1,-4.840500355E-1
1.489353533E2,3.205050230E0,1.126005077E1,9.319500327E-1
1.489377967E2,4.255949974E0,1.261305046E1,-1.729500145E-1
1.489402404E2,4.876049995E0,1.063995075E1,-1.120950103E0
1.489426838E2,6.543000221E0,9.793050766E0,-3.052950144E0
1.489451275E2,5.065050125E0,1.042905045E1,-5.052000046E0
1.489475708E2,3.406050205E0,9.840000153E0,-2.956950188E0
1.489500143E2,2.008050203E0,9.244050026E0,-1.200000048E-1
1.489524579E2,2.037000179E0,9.567000389E0,2.140500098E-1
1.489549014E2,2.242950201E0,9.781050682E0,-3.640500307E-1
1.489573450E2,2.431950092E0,7.519950390E0,-1.528050065E0
1.489597884E2,2.662050009E0,6.235050201E0,-2.694000244E0
1.489622321E2,2.868000031E0,6.213000298E0,-3.240000248E0
1.489646755E2,3.291000128E0,6.883050442E0,-3.072000027E0
1.489671191E2,4.081050396E0,7.366950512E0,-3.726000071E0
1.489695626E2,5.439000130E0,6.105000496E0,-4.578000069E0
1.489720062E2,6.301050186E0,5.859000206E0,-4.525950432E0
1.489744497E2,4.351950169E0,6.181950092E0,-4.011000156E0
1.489768933E2,2.323950052E0,7.312050343E0,-1.525950074E0
1.489793367E2,1.828050137E0,7.699950218E0,-2.160000056E-1
1.489817801E2,1.807050109E0,7.314000130E0,-1.200000010E-2
1.489842238E2,2.487000227E0,6.555000305E0,-1.009500027E-1
1.489866674E2,1.882950068E0,5.875050068E0,-2.007000208E0
1.489891109E2,9.160500169E-1,5.076000214E0,-8.430000544E-1
1.489915543E2,1.330050111E0,5.880000114E0,1.548000097E0
1.489939979E2,2.218950033E0,5.646000385E0,5.400000215E-1
1.489964414E2,2.491950035E0,5.179050446E0,-1.336050034E0
1.489988850E2,2.335950136E0,5.461050034E0,-1.108950019E0
1.490013285E2,2.439000130E0,5.559000492E0,-9.820500612E-1
1.490037721E2,2.209050179E0,5.722050190E0,-1.380000114E0
1.490062158E2,1.141050100E0,6.589050293E0,1.230000034E-1
1.490086592E2,1.357050061E0,7.329000473E0,2.400000095E-1
1.490111026E2,2.061000109E0,8.728950500E0,8.580000401E-1
1.490135462E2,1.954950094E0,8.797050476E0,-7.950000167E-1
1.490159897E2,1.420950055E0,7.659000397E0,-1.878000140E0
1.490184333E2,1.354050040E0,8.803950310E0,-1.593000054E0
1.490208768E2,7.510500550E-1,9.417000771E0,-2.002050161E0
1.490233204E2,2.599500120E-1,9.208050728E0,-1.284000039E0
1.490257638E2,2.389050007E0,8.607000351E0,-1.542000055E0
1.490282075E2,3.447000265E0,7.956000328E0,-3.373950243E0
1.490306509E2,2.820000172E0,7.848000526E0,-3.790950298E0
1.490330945E2,2.089050055E0,7.408050537E0,-1.624050021E0
1.490355380E2,1.749000072E0,7.743000507E0,-1.485000014E0
1.490379816E2,2.781000137E0,8.020950317E0,-2.524050236E0
1.490404250E2,5.122950077E0,1.017600060E1,-2.622000217E0
1.490428685E2,5.391000271E0,1.220595074E1,-3.360000253E-1
1.490453121E2,3.627000093E0,1.177995014E1,2.920050144E0
1.490477558E2,3.799050093E0,1.290495014E1,2.544000149E0
1.490501992E2,4.036050320E0,1.442805099E1,1.441950083E0
1.490526428E2,4.450050354E0,1.514400101E1,-2.445000172E0
1.490550863E2,4.669950008E0,1.353195095E1,-9.307050705E0
1.490575297E2,3.745950222E0,1.206000042E1,-8.752050400E0
1.490599733E2,2.796000242E0,1.168395042E1,-4.899000168E0
1.490624168E2,1.480950117E0,1.335795021E1,-4.095000029E-2
1.490648604E2,2.752950191E0,1.462695026E1,1.342050076E0
1.490673039E2,4.567049980E0,1.629104996E1,5.879999995E-1
1.490697475E2,4.723050117E0,1.779900169E1,-1.510500014E-1
1.490721909E2,4.369050026E0,1.772205162E1,-2.350500077E-1
1.490746345E2,3.208050251E0,1.758600044E1,-1.138050079E0
1.490770780E2,2.305050135E0,1.884300041E1,-1.018050075E0
1.490795216E2,2.212050200E0,1.883805084E1,2.140500098E-1
1.490819651E2,1.972050071E0,1.895505142E1,-5.340000391E-1
1.490844087E2,2.470050097E0,1.761705017E1,-7.695000619E-2
1.490868522E2,3.721950293E0,1.495905113E1,-1.975950122E0
1.490892958E2,1.840050101E0,1.411905098E1,-6.625050545E0
1.490917393E2,1.380000114E-1,1.338195038E1,-2.265000105E0
1.490941829E2,3.439500034E-1,1.294800091E1,3.900000080E-2
1.490966263E2,1.000050068E0,1.401405048E1,2.929500043E-1
1.490990699E2,1.198950052E0,1.148805046E1,3.150000274E-1
1.491015133E2,1.575000048E0,1.104495049E1,-1.030500084E-1
1.491039568E2,1.906950116E0,1.210995102E1,9.780000448E-1
1.491064005E2,3.057000160E0,1.382700062E1,1.023000002E0
1.491088439E2,2.985000134E0,1.479195023E1,-4.890000224E-1
1.491112875E2,3.418050051E0,1.402605057E1,2.841000080E0
1.491137312E2,3.567000151E0,1.396305084E1,3.705000162E0
1.491161746E2,3.619050264E0,1.421205044E1,4.954950333E0
1.491186180E2,8.932050705E0,1.131795025E1,-1.011000037E0
1.491210616E2,3.964050293E0,1.181805038E1,-9.658950806E0
1.491235051E2,2.902950048E0,1.122195053E1,-1.588395119E1
1.491259487E2,2.213999987E0,8.679000854E0,-1.594395065E1
1.491283922E2,2.065050125E0,7.237950325E0,-9.826950073E0
1.491308358E2,3.619050264E0,7.384050369E0,-3.561000109E0
1.491332792E2,3.306000233E0,5.956950188E0,3.195000067E-2
1.491357228E2,1.924050093E0,5.904000282E0,2.434050083E0
1.491381663E2,2.266950130E0,6.900000095E0,2.371050119E0
1.491406099E2,1.507950068E0,6.886050224E0,1.969050050E0
1.491430534E2,2.062950134E0,6.558000088E0,-1.440000087E-1
1.491454970E2,4.266000271E0,6.904950142E0,-7.950000465E-3
1.491479404E2,4.654050350E0,5.844000340E0,-8.400000632E-2
1.491503841E2,5.542050362E0,5.598000050E0,8.220000267E-1
1.491528275E2,5.551950455E0,7.462950230E0,-3.139500022E-1
1.491552712E2,5.188050270E0,7.456050396E0,-8.593950272E0
1.491577146E2,6.199950218E0,5.916000366E0,-1.297005081E1
1.491601582E2,4.192049980E0,5.278950214E0,-1.273995018E1
1.491626016E2,3.385050058E0,5.389050484E0,-8.110050201E0
1.491650451E2,4.041000366E0,6.313950062E0,-1.710000038E0
1.491674887E2,5.010000229E0,7.189950466E0,1.966950059E0
1.491699322E2,6.045000076E0,8.313000679E0,1.758000135E0
1.491723758E2,5.446050167E0,8.581050873E0,7.140000463E-1
1.491748195E2,4.773000240E0,9.745050430E0,-1.789050102E0
1.491772628E2,4.654050350E0,9.256050110E0,-4.504050255E0
1.491797063E2,2.158950090E0,9.546000481E0,-2.758950233E0
1.491821499E2,7.080000043E-1,1.036500072E1,-1.368000031E0
1.491845934E2,1.060050011E0,1.132200050E1,-1.996950150E0
1.491870370E2,1.675050020E0,1.184205055E1,-1.800000072E-1
1.491894804E2,1.606050134E0,1.138500023E1,-1.870500147E-1
1.491919238E2,2.206950188E0,1.144905090E1,-3.880500197E-1
1.491943675E2,4.218000412E0,1.237605095E1,-1.260000110E0
1.491968111E2,5.688000202E0,1.248405075E1,-4.078050137E0
1.491992546E2,5.734050274E0,1.096305084E1,-7.167000294E0
1.492016982E2,3.337050200E0,9.280050278E0,-7.522950172E0
1.492041417E2,2.440950155E0,8.667000771E0,-4.909050465E0
1.492065851E2,2.761950016E0,9.013950348E0,-3.027000189E0
1.492090287E2,2.832000017E0,8.386950493E0,-1.234050035E0
1.492114721E2,2.209050179E0,9.004950523E0,1.255950093E0
1.492139158E2,2.263950109E0,1.022100067E1,1.047000051E0
1.492163595E2,3.001950026E0,1.031895065E1,-3.739500046E-1
1.492188029E2,2.949000120E0,8.518950462E0,-1.129500046E-1
1.492212463E2,2.560950041E0,7.947000504E0,-1.387050033E0
1.492236899E2,2.403000116E0,9.637050629E0,7.380000353E-1
1.492261334E2,1.891050100E0,1.011105061E1,2.113049984E0
1.492285770E2,1.371000051E0,9.048000336E0,2.626950026E0
1.492310205E2,2.659050226E0,8.434950829E0,3.769950151E0
1.492334641E2,5.796000481E0,7.507950306E0,-6.250500083E-1
1.492359075E2,5.161050320E0,8.518950462E0,-8.770500422E-1
1.492383512E2,3.004050255E0,1.047495079E1,-1.995000057E-2
1.492407946E2,2.812050104E0,9.819000244E0,-4.801050186E0
1.492432382E2,2.721000195E0,1.038405037E1,-6.211050510E0
1.492456817E2,2.808000088E0,1.050600052E1,-4.432050228E0
1.492481253E2,2.773950100E0,9.259050369E0,-3.858000278E0
1.492505688E2,2.773950100E0,9.208050728E0,-1.456050038E0
1.492530122E2,3.448950052E0,1.081995010E1,3.900000080E-2
1.492554559E2,4.657950401E0,1.065405083E1,-5.629500151E-1
1.492578995E2,3.519000053E0,1.081500053E1,-2.083950043E0
1.492603430E2,2.695050240E0,1.070205021E1,-3.118050098E0
1.492627866E2,2.422049999E0,1.006995010E1,-3.973050117E0
1.492652300E2,1.797000051E0,9.478950500E0,-3.442950249E0
1.492676734E2,1.504950047E0,8.650050163E0,-2.797050238E0
1.492701170E2,2.604000092E0,8.434950829E0,-1.708050132E0
1.492725605E2,4.462050438E0,8.164050102E0,-1.420050025E0
1.492750041E2,3.700950146E0,7.051050186E0,-9.270000458E-1
1.492774476E2,2.712000132E0,6.486000538E0,-7.810500264E-1
1.492798912E2,1.540950060E0,5.776950359E0,-1.015950084E0
1.492823346E2,1.570050120E0,5.083050251E0,-1.174050093E0
1.492847782E2,3.040050030E0,5.290950298E0,-3.154050112E0
1.492872217E2,4.060050011E0,4.465050220E0,-5.175000191E0
1.492896653E2,4.824000359E0,3.682050228E0,-6.268950462E0
1.492921088E2,4.089000225E0,4.707000256E0,-5.509950161E0
1.492945524E2,3.094950199E0,4.681050301E0,-3.807000160E0
1.492969959E2,2.647050142E0,4.450950146E0,-1.324950099E0
1.492994395E2,2.419950008E0,4.132050037E0,-2.970000207E-1
1.493018830E2,1.696950078E0,5.047050476E0,2.067000151E0
1.493043266E2,8.659500480E-1,4.458000183E0,1.774950027E0
1.493067700E2,2.116050005E0,2.692950010E0,5.089499950E-1
1.493092137E2,3.118950129E0,1.434000015E0,-1.747950077E0
1.493116570E2,3.142950058E0,2.662050009E0,-2.704050064E0
1.493141005E2,4.431000233E0,3.354000092E0,-3.240000248E0
1.493165442E2,6.118950367E0,4.369050026E0,-4.116000175E0
1.493189878E2,4.848000050E0,5.473050117E0,-3.721050262E0
1.493214312E2,3.913950205E0,6.277950287E0,-4.582950115E0
1.493238749E2,3.805950165E0,6.076950073E0,-5.878050327E0
1.493263183E2,3.399000168E0,6.445050240E0,-4.677000046E0
1.493287617E2,2.848050117E0,5.956950188E0,-3.879000187E0
1.493312053E2,3.460950136E0,5.947050095E0,-2.569950104E0
1.493336488E2,4.093050003E0,5.298000336E0,-1.750950098E0
1.493360924E2,4.093050003E0,4.051050186E0,-2.002050161E0
1.493385359E2,3.070950031E0,3.915000200E0,-8.479500413E-1
1.493409795E2,2.230950117E0,4.402950287E0,-2.280000150E-1
1.493434229E2,2.370000124E0,4.662000179E0,-1.486950040E0
1.493458666E2,2.518050194E0,4.671000004E0,-2.638950109E0
1.493483100E2,3.129000187E0,3.666000128E0,-4.660050392E0
1.493507536E2,3.436950207E0,3.820950270E0,-4.696050167E0
1.493531971E2,4.081050396E0,3.724950075E0,-3.955950260E0
1.493556407E2,3.283950090E0,4.039050102E0,-2.353950024E0
1.493580842E2,1.717950106E0,4.626000404E0,2.860500216E-1
1.493605278E2,1.807050109E0,4.554000378E0,1.609950066E0
1.493629713E2,2.009999990E0,5.248050213E0,9.709500670E-1
1.493654149E2,3.117000103E0,4.483950138E0,-1.204950094E0
1.493678583E2,3.709950209E0,4.372050285E0,-4.138050079E0
1.493703017E2,2.815050125E0,4.599000454E0,-5.221950054E0
1.493727453E2,1.033950090E0,5.088000298E0,-3.616050243E0
1.493751888E2,1.114950061E0,4.731000423E0,-5.800500512E-1
1.493776324E2,3.519000053E0,4.372050285E0,-4.630500078E-1
1.493800761E2,5.077050209E0,4.507950306E0,-1.672050118E0
1.493825195E2,4.339950085E0,4.750050068E0,-2.869050026E0
1.493849630E2,4.122000217E0,5.229000092E0,-3.316950083E0
1.493874066E2,4.183950424E0,5.995050430E0,-2.665050030E0
1.493898500E2,3.643050194E0,6.361950397E0,-3.633000135E0
1.493922936E2,2.743050098E0,6.874050140E0,-2.974050045E0
1.493947371E2,2.781000137E0,6.342000484E0,-2.914050102E0
1.493971807E2,3.034950256E0,5.839950085E0,-2.893050194E0
1.493996242E2,1.788000107E0,4.597050190E0,-3.457950115E0
1.494020678E2,1.086000085E0,3.247050047E0,-3.858000278E0
1.494045113E2,1.182000041E0,1.816950083E0,-2.956950188E0
1.494069549E2,2.089050055E0,1.560000032E-1,-3.673050165E0
1.494093983E2,2.941950083E0,-4.900500178E-1,-4.147050381E0
1.494118419E2,3.793950081E0,4.170000255E-1,-2.593050241E0
1.494142853E2,3.535950184E0,5.839500427E-1,-1.474950075E0
1.494167288E2,3.066000223E0,9.820500612E-1,-5.010000467E-1
1.494191725E2,1.969950080E0,1.477050066E0,3.600000143E-1
1.494216159E2,-4.500000179E-2,4.654050350E0,7.669500113E-1
1.494240595E2,-9.169500470E-1,3.097950220E0,1.897050142E0
1.494265032E2,8.040000200E-1,2.629050016E0,1.369500011E-1
1.494289465E2,2.911050081E0,2.410950184E0,-3.397950172E0
1.494313900E2,3.828000069E0,2.404050112E0,-4.825050354E0
1.494338336E2,3.118950129E0,2.800950050E0,-6.022050381E0
1.494362771E2,1.417050123E0,2.944950104E0,-5.206050396E0
1.494387207E2,9.019500613E-1,3.715950251E0,-3.094050169E0
1.494411642E2,2.728950024E0,3.754050255E0,-1.375050068E0
1.494436078E2,4.645950317E0,4.080000401E0,-2.755950212E0
1.494460512E2,4.801950455E0,3.804000139E0,-5.188950062E0
1.494484949E2,4.210950375E0,4.188000202E0,-6.742950439E0
1.494509383E2,2.512950182E0,4.018050194E0,-7.270050526E0
1.494533819E2,2.998950243E0,4.024950027E0,-5.767950058E0
1.494558254E2,3.655050278E0,3.442950249E0,-2.794950247E0
1.494582690E2,2.383949995E0,4.276050091E0,6.599999964E-2
1.494607124E2,3.472950220E0,5.016000271E0,-5.779500008E-1
1.494631561E2,2.839050055E0,4.791000366E0,-1.777050138E0
1.494655995E2,1.486050129E0,5.080950260E0,-1.924950123E0
1.494680431E2,7.099500299E-1,5.895000458E0,-8.410500288E-1
1.494704866E2,-4.095000029E-2,6.874050140E0,8.130000234E-1
1.494729300E2,1.483950019E0,7.471950531E0,2.239500135E-1
1.494753736E2,3.559050083E0,7.864950180E0,-1.582950115E0
1.494778171E2,4.180050373E0,7.008000374E0,-4.078050137E0
1.494802607E2,5.110950470E0,6.310950279E0,-6.628050327E0
1.494827042E2,5.713950157E0,6.073950291E0,-8.698950768E0
1.494851478E2,4.536000252E0,5.746050358E0,-7.240950108E0
1.494875912E2,3.571050167E0,6.177000523E0,-4.438950062E0
1.494900349E2,5.482050419E0,6.036000252E0,-2.550000191E0
1.494924783E2,8.020050049E0,5.926050186E0,-3.187050104E0
1.494949219E2,8.476950645E0,6.091050148E0,-5.032950401E0
1.494973654E2,8.248050690E0,6.832950115E0,-6.678000450E0
1.494998090E2,5.781000137E0,7.843950272E0,-6.898050308E0
1.495022525E2,3.439950228E0,8.665050507E0,-5.665050507E0
1.495046961E2,3.436950207E0,8.370000839E0,-4.672049999E0
1.495071395E2,4.939050198E0,7.326000214E0,-5.574000359E0
1.495095832E2,6.673950195E0,6.358950138E0,-7.597950459E0
1.495120266E2,7.246950150E0,5.406000137E0,-7.509000301E0
1.495144702E2,7.278000355E0,6.214950085E0,-5.329950333E0
1.495169136E2,6.442050457E0,7.195050240E0,-2.932950258E0
1.495193571E2,5.695050240E0,8.107049942E0,-2.194050074E0
1.495218007E2,5.152050018E0,8.559000015E0,-2.208000183E0
1.495242444E2,5.772000313E0,8.512050629E0,-2.351999998E0
1.495266879E2,5.329050064E0,8.185950279E0,-2.425950050E0
1.495291315E2,3.423000097E0,8.662050247E0,-9.730500579E-1
1.495315749E2,3.058950186E0,8.002050400E0,1.420500129E-1
1.495340183E2,3.502050161E0,7.590000153E0,7.500000596E-1
1.495364619E2,3.184050083E0,9.160050392E0,1.459050059E0
1.495389054E2,3.021000147E0,9.292050362E0,1.429950118E0
1.495413490E2,4.507950306E0,9.579000473E0,-6.760500073E-1
1.495437925E2,5.911050320E0,1.072395039E1,-3.529950142E0
1.495462361E2,5.716950417E0,1.123905087E1,-5.052000046E0
1.495486795E2,3.967050076E0,1.290000057E1,-4.653000355E0
1.495511232E2,2.757000208E0,1.461705112E1,-3.450000286E-1
1.495535666E2,1.741950035E0,1.386300087E1,-3.000000119E-1
1.495560102E2,7.680000067E-1,1.359000111E1,-1.806000113E0
1.495584537E2,4.279500246E-1,1.339605045E1,-1.095000029E0
1.495608971E2,5.040000081E-1,1.346805096E1,-4.290000200E-1
1.495633408E2,4.590000212E-1,1.345305061E1,1.030050039E0
1.495657844E2,7.579500079E-1,1.210500050E1,5.950500369E-1
1.495682279E2,1.311000109E0,1.303905106E1,3.769500256E-1
1.495706715E2,2.580000162E0,1.485195065E1,7.240500450E-1
1.495731149E2,3.042000055E0,1.270605087E1,3.529500067E-1
1.495755583E2,1.500000119E0,1.300995064E1,3.550500274E-1
1.495780019E2,1.251000047E0,1.402800083E1,8.820000291E-1
1.495804454E2,1.285050035E0,1.498095036E1,5.950500369E-1
1.495828890E2,1.567050099E0,1.325505066E1,2.160000056E-1
1.495853325E2,1.600950122E0,1.393200111E1,2.639999986E-1
1.495877761E2,4.318050385E0,1.487595081E1,2.982000113E0
1.495902195E2,9.655050278E0,1.344900036E1,-1.050705051E1
1.495926632E2,4.455000401E0,1.515600109E1,-1.605405045E1
1.495951066E2,2.443950176E0,1.246500015E1,-1.263300037E1
1.495975502E2,-1.750500053E-1,9.547950745E0,-9.159000397E0
1.495999937E2,9.640500546E-1,8.272050858E0,-3.408000231E0
1.496024373E2,2.077050209E0,9.121950150E0,1.564050078E0
1.496048808E2,1.375950098E0,7.887000561E0,2.230050087E0
1.496073244E2,3.274950266E0,7.590000153E0,2.173050165E0
1.496097678E2,6.169050217E0,7.381050587E0,6.949500442E-1
1.496122115E2,6.492000103E0,7.546950340E0,-1.060500070E-1
1.496146549E2,7.809000492E0,9.907050133E0,-2.539499998E-1
1.496170983E2,4.744950294E0,1.157595062E1,-5.083950043E0
1.496195419E2,2.403000116E0,1.198995018E1,-8.233950615E0
1.496219854E2,2.650050163E0,1.111200047E1,-8.208000183E0
1.496244290E2,4.703999996E0,8.064000130E0,-9.309000015E0
1.496268725E2,6.619050503E0,7.414950371E0,-6.919950485E0
1.496293162E2,7.306950569E0,6.697050095E0,-4.425000191E0
1.496317595E2,7.105050564E0,6.250950336E0,-3.151050091E0
1.496342031E2,4.536000252E0,6.867000103E0,-1.123050094E0
1.496366466E2,2.947050095E0,8.433000565E0,1.227000117E0
1.496390902E2,5.965950489E0,8.512050629E0,-2.518950224E0
1.496415337E2,8.371950150E0,9.031050682E0,-6.670950413E0
1.496439773E2,6.574050426E0,1.059000015E1,-7.222050190E0
1.496464208E2,5.884050369E0,1.226805019E1,-5.874000072E0
1.496488644E2,5.628000259E0,1.298205090E1,-4.654950142E0
1.496513078E2,4.860000134E0,1.354200077E1,-3.574950218E0
1.496537515E2,4.852050304E0,1.404000092E1,-2.569950104E0
1.496561949E2,3.472950220E0,1.273995018E1,-3.190050125E0
1.496586385E2,8.830500245E-1,1.163895035E1,-9.889500737E-1
1.496610820E2,-1.789500117E-1,9.651000023E0,1.879950047E0
1.496635254E2,6.289500594E-1,9.208050728E0,1.006950021E0
1.496659691E2,3.045000076E0,9.862050056E0,-6.919500232E-1
1.496684127E2,4.551000118E0,1.049400043E1,-3.147000074E0
1.496708561E2,3.757950068E0,1.128705025E1,-2.368050098E0
1.496732997E2,2.989950180E0,1.267500019E1,-7.330500484E-1
1.496757431E2,3.265050173E0,1.361400032E1,-9.405000508E-2
1.496781866E2,3.049950123E0,1.364700031E1,-1.800000072E-1
1.496806302E2,3.148050070E0,1.290795040E1,4.459500313E-1
1.496830736E2,4.249050140E0,1.190205097E1,-1.573950052E0
1.496855173E2,5.484000206E0,1.140405083E1,-3.847950220E0
1.496879607E2,5.473050117E0,9.790050507E0,-6.727950096E0
1.496904043E2,2.896050215E0,8.409000397E0,-5.922000408E0
1.496928478E2,6.529500484E-1,8.104949951E0,-1.839000106E0
1.496952914E2,8.539500237E-1,7.465050220E0,1.168950081E0
1.496977349E2,2.487000227E0,8.701050758E0,8.440500498E-1
1.497001785E2,3.583050251E0,8.890050888E0,8.370000124E-1
1.497026219E2,4.361999989E0,9.517050743E0,-4.950000439E-3
1.497050656E2,4.527000427E0,1.141800022E1,-1.429950118E0
1.497075090E2,4.635000229E0,1.268505096E1,-2.203050137E0
1.497099526E2,3.777000189E0,1.300095081E1,-3.961050272E0
1.497123961E2,1.930950046E0,1.161000061E1,-3.244950056E0
1.497148397E2,1.930500120E-1,8.521050453E0,-4.410000145E-1
1.497172832E2,-8.899500370E-1,7.903050423E0,2.980500162E-1
1.497197265E2,-8.689500690E-1,7.482000351E0,-1.174050093E0
1.497221702E2,1.366050124E0,4.963050365E0,-2.929050207E0
1.497246136E2,3.094950199E0,5.527950287E0,-4.486950397E0
1.497270572E2,5.209050179E0,6.754050255E0,-2.980950117E0
1.497295009E2,5.245050430E0,7.755000591E0,-2.446950197E0
1.497319444E2,3.367950201E0,9.912000656E0,-1.305000067E0
1.497343878E2,2.604000092E0,1.111395073E1,-1.269000053E0
1.497368314E2,2.275950193E0,1.036005020E1,-3.108000040E0
1.497392749E2,3.274950266E0,9.558000565E0,-5.802000046E0
1.497417185E2,5.692950249E0,8.242950439E0,-7.930050373E0
1.497441619E2,4.381050110E0,7.045950413E0,-6.865050316E0
1.497466056E2,1.156050086E0,6.916950226E0,-1.789050102E0
1.497490490E2,2.130000114E0,8.229000092E0,4.105050087E0
1.497514926E2,3.150000095E0,9.772950172E0,4.252950191E0
1.497539361E2,3.358050108E0,1.164600086E1,9.679500461E-1
1.497563797E2,4.824000359E0,1.312095070E1,4.290000200E-1
1.497588232E2,4.144050121E0,1.358700085E1,-1.762950063E0
1.497612668E2,4.273050308E0,1.573995113E1,-4.933050156E0
1.497637102E2,4.972050190E0,1.671195030E1,-5.436000347E0
1.497661536E2,3.655050278E0,1.598205090E1,-4.189949989E0
1.497685973E2,1.407000065E0,1.543605042E1,7.240500450E-1
1.497710407E2,1.600500047E-1,1.356405067E1,1.684050083E0
1.497734844E2,4.905000329E-2,1.458600044E1,-2.731950045E0
1.497759278E2,1.069500074E-1,1.539495087E1,-1.617000103E0
1.497783714E2,-4.860000312E-1,1.212705040E1,6.379500031E-1
1.497808149E2,-8.449500203E-1,1.165305042E1,-1.854000092E0
1.497832585E2,-4.995000362E-2,1.246905041E1,-6.520500183E-1
1.497857020E2,4.900500178E-1,1.175595093E1,1.570500135E-1
1.497881456E2,1.330050111E0,1.289100075E1,-1.111050010E0
1.497905890E2,2.053050041E0,1.385595036E1,1.144950032E0
1.497930326E2,1.117050052E0,1.281405067E1,9.730500579E-1
1.497954761E2,1.234950066E0,9.723000526E0,3.150000274E-1
1.497979197E2,2.128050089E0,6.988950253E0,0.000000000E0
1.498003632E2,3.502050161E0,9.022050858E0,4.749000072E0
1.498028068E2,7.363950253E0,1.124100018E1,6.564000130E0
1.498052503E2,1.018200016E1,6.442950249E0,-5.593950272E0
1.498076939E2,6.612000465E0,8.587950706E0,-8.182050705E0
1.498101373E2,3.895050287E0,1.150005054E1,-1.356705093E1
1.498125810E2,4.690050125E0,1.374300098E1,-1.109805012E1
1.498150244E2,5.194950104E0,1.418100071E1,-4.138050079E0
1.498174680E2,2.626050234E0,1.101405048E1,-1.011000037E0
1.498199114E2,1.366050124E0,9.850050926E0,4.299000263E0
1.498223549E2,-1.240500063E-1,9.484050751E0,2.806950092E0
1.498247985E2,4.450500309E-1,8.004000664E0,1.897050142E0
1.498272419E2,5.329050064E0,5.338950157E0,-4.891950130E0
1.498296856E2,4.797000408E0,5.193000317E0,-8.176950455E0
1.498321290E2,3.696000099E0,7.522950172E0,-6.309000492E0
1.498345726E2,2.704950094E0,7.863000393E0,-3.714000225E0
1.498370161E2,3.076050043E0,9.133950233E0,-1.710000038E0
1.498394597E2,1.354050040E0,9.440999985E0,-1.246050000E0
1.498419032E2,6.169500351E-1,8.764950752E0,8.149500489E-1
1.498443468E2,2.251950026E0,8.550000191E0,1.849500090E-1
1.498467903E2,4.522050381E0,2.764950037E0,-2.395050049E0
1.498492339E2,4.855050087E0,3.109950066E0,-4.528050423E0
1.498516773E2,7.411950588E0,2.755950212E0,-6.811950207E0
1.498541210E2,8.094000816E0,4.052999973E0,-6.736050129E0
1.498565644E2,4.872000217E0,6.493050098E0,-2.364000082E0
1.498590080E2,2.772000074E0,8.739000320E0,1.770000100E0
1.498614515E2,2.950950146E0,1.047000027E1,9.705000371E-2
1.498638949E2,4.038000107E0,1.227495098E1,-4.198050022E0
1.498663386E2,3.871050119E0,1.158105087E1,-7.774950504E0
1.498687820E2,2.580000162E-1,9.148050308E0,-5.866050243E0
1.498712257E2,-8.830500245E-1,6.826050282E0,5.110500455E-1
1.498736693E2,-7.470000386E-1,1.038195038E1,1.675050020E0
1.498761127E2,1.680000067E0,7.699950218E0,-1.303050041E0
1.498785561E2,2.254950047E0,6.261000156E0,-3.850050211E0
1.498809997E2,1.777950048E0,8.502000809E0,-4.223999977E0
1.498834432E2,1.888050079E0,1.055595016E1,-1.588050127E0
1.498858868E2,2.518050194E0,1.169805050E1,-1.174050093E0
1.498883303E2,2.152050018E0,1.070700073E1,-3.709050179E0
1.498907739E2,1.263000011E0,8.773050308E0,-4.327050209E0
1.498932173E2,1.287000060E0,6.984000206E0,-3.994050264E0
1.498956610E2,1.479000092E0,2.044950008E0,-5.095950127E0
1.498981044E2,1.524000049E0,8.790000677E-1,-2.947950125E0
1.499005481E2,4.017000198E0,5.029500127E-1,-3.285000086E0
1.499029915E2,7.134000301E0,6.390000582E-1,-4.213950157E0
1.499054351E2,6.733950138E0,1.597050071E0,-2.230050087E0
1.499078785E2,3.913950205E0,5.863950253E0,5.659500360E-1
1.499103222E2,2.769000053E0,6.892950535E0,-2.569500208E-1
1.499127657E2,5.140500069E-1,8.337000847E0,-9.169500470E-1
1.499152093E2,-2.602050066E0,8.464050293E0,-2.160000056E-1
1.499176527E2,-2.707950115E0,5.229000092E0,1.858950138E0
1.499200961E2,-2.581050158E0,3.949950218E0,4.642950058E0
1.499225398E2,-1.312050104E0,4.432050228E0,2.965050220E0
1.499249832E2,3.769950151E0,3.172050238E0,-1.641000032E0
1.499274268E2,3.499950171E0,3.598950148E0,-2.164950132E0
1.499298703E2,7.304999977E-2,7.839000225E0,1.756050110E0
1.499323139E2,-1.890000105E-1,1.136805058E1,1.381950021E0
1.499347574E2,1.198950052E0,1.169805050E1,-2.911950111E0
1.499372010E2,2.523000002E0,1.179900074E1,1.246050000E0
1.499396445E2,4.195950031E0,1.042500019E1,-2.488050222E0
1.499420881E2,1.812000036E0,7.816950321E0,-5.685000420E0
1.499445315E2,6.649500132E-1,5.065950394E0,-3.403050184E0
1.499469751E2,3.937950134E0,5.370000362E0,-8.677050591E0
1.499494186E2,9.564000130E0,4.626000404E0,-1.197900105E1
1.499518620E2,9.247950554E0,3.297000170E0,-1.645395088E1
1.499543057E2,7.125000477E0,4.822050095E0,-1.768905067E1
1.499567493E2,5.566050053E0,7.366950512E0,-1.638000107E1
1.499591928E2,2.890950203E0,9.316050529E0,-1.064100075E1
1.499616361E2,2.274000168E0,7.498950481E0,1.057050109E0
1.499640798E2,-8.209500313E-1,5.646000385E0,8.374050140E0
1.499665232E2,-1.219050050E0,4.875000000E0,6.966000557E0
1.499689668E2,9.589500427E-1,4.437000275E0,4.002000332E0
1.499714103E2,3.897000074E0,3.979050159E0,5.893050194E0
1.499738540E2,6.234000206E0,1.924950123E0,2.848050117E0
1.499762974E2,8.437050819E0,8.190000653E-1,-3.280950069E0
1.499787410E2,1.123605061E1,2.737050056E0,-8.749050140E0
1.499811844E2,7.171950340E0,7.065000534E0,-1.573800087E1
1.499836281E2,4.623000145E0,9.651000023E0,-1.710494995E1
1.499860715E2,3.823050261E0,9.850050926E0,-1.609995079E1
1.499885151E2,3.267000198E0,7.908000469E0,-1.298700047E1
1.499909586E2,3.532950163E0,4.420050144E0,-1.003995037E1
1.499934022E2,6.141000271E0,3.250950098E0,-5.482950211E0
1.499958457E2,8.973000526E0,3.511950254E0,-2.593050241E0
1.499982893E2,9.937950134E0,5.053950310E0,5.640000105E-1
1.500007328E2,9.721950531E0,5.952000141E0,2.026050091E0
1.500031764E2,1.038300037E1,7.864950180E0,-2.562000036E0
1.500056198E2,1.061505032E1,9.931050301E0,-8.814000130E0
1.500080632E2,5.203950405E0,9.546000481E0,-1.346595097E1
1.500105069E2,7.729500532E-1,7.483950138E0,-1.505595112E1
1.500129505E2,3.889500201E-1,4.080000401E0,-1.605705070E1
1.500153940E2,2.422049999E0,1.468050122E0,-1.203705025E1
1.500178376E2,5.869950294E0,1.125000000E0,-4.660050392E0
1.500202810E2,4.495950222E0,2.136000156E0,4.861050129E0
1.500227244E2,4.239000320E0,2.353049994E0,5.319000244E0
1.500251681E2,3.748950243E0,3.811950207E0,1.584000111E0
1.500276115E2,6.532950401E0,1.482300091E1,1.405950069E0
1.500300551E2,5.623050213E0,1.426005077E1,3.082050085E0
1.500324986E2,2.572950125E0,9.988950729E0,2.185050011E0
1.500349422E2,1.077000022E0,1.112595081E1,-5.749500394E-1
1.500373857E2,5.700000376E-2,8.770050049E0,-1.669050097E0
1.500398293E2,2.383949995E0,5.671950340E0,8.386050224E0
1.500422728E2,6.913950443E0,5.272050381E0,-2.818950176E0
1.500447164E2,7.555950165E0,6.835950375E0,-1.190505028E1
1.500471599E2,1.131495094E1,6.583950520E0,-1.666500092E1
1.500496035E2,5.887050152E0,1.109295082E1,-2.160195160E1
1.500520469E2,4.500000000E0,1.192305088E1,-1.589400101E1
1.500544906E2,1.587000132E0,9.625050545E0,-5.332950115E0
1.500569340E2,1.989000082E0,7.996950150E0,2.320950031E0
1.500593776E2,1.906950116E0,1.042200089E1,5.283000469E0
1.500618210E2,6.070500016E-1,8.995050430E0,3.250050068E0
1.500642645E2,-5.620500445E-1,5.575950146E0,4.200000286E0
1.500667081E2,-9.795000404E-2,6.297000408E0,-3.910500109E-1
1.500691516E2,2.749500275E-1,9.286950111E0,-4.630500078E-1
1.500715952E2,9.570000172E-1,1.097295094E1,7.960500121E-1
1.500740386E2,1.849950075E0,1.360905075E1,2.304000139E0
1.500764823E2,1.504950047E0,1.386000061E1,1.830000043E0
1.500789257E2,6.360000372E-1,1.133400059E1,2.251950026E0
1.500813693E2,-1.068000078E0,8.944950104E0,1.876050115E0
1.500838128E2,-2.479950190E0,8.171999931E0,-2.205000073E-2
1.500862564E2,-1.527000070E0,7.585050583E0,1.663050056E0
1.500886999E2,1.380495071E1,5.662050247E0,5.647050381E0
1.500911435E2,1.777695084E1,4.828950405E0,-2.723100090E1
1.500935869E2,1.932300186E1,5.971050262E0,-3.301800156E1
1.500960305E2,9.792000771E0,9.310950279E0,-3.016800117E1
1.500984740E2,2.788950205E0,7.362000465E0,-2.204700089E1
1.501009176E2,-1.462950110E0,7.518000126E0,-1.032900047E1
1.501033611E2,-2.215050220E0,6.867000103E0,2.026050091E0
1.501058045E2,1.479000092E0,4.021950245E0,1.130205059E1
1.501082481E2,3.568950176E0,3.939000130E0,9.231000900E0
1.501106916E2,2.554050207E0,3.202950239E0,5.910000324E0
1.501131352E2,4.524000168E0,3.547950268E0,8.152950287E0
1.501155786E2,9.322950363E0,2.251049995E0,7.960500121E-1
1.501180223E2,1.343595028E1,2.791950226E0,-5.907000065E0
1.501204657E2,1.512600040E1,7.096950531E0,-1.263495064E1
1.501229093E2,1.392195034E1,1.467900085E1,-2.663700104E1
1.501253528E2,6.765000343E0,8.394000053E0,-2.775705147E1
1.501277964E2,6.238950253E0,4.863000393E0,-2.482695198E1
1.501302399E2,8.583000183E0,3.505050182E0,-2.003295135E1
1.501326835E2,6.756000519E0,4.006050110E0,-1.042500019E1
1.501351269E2,3.136050224E0,7.425000191E0,2.587050200E0
1.501375706E2,8.743050575E0,9.613050461E0,1.003950000E0
1.501400140E2,1.484895039E1,1.201695061E1,1.222050071E0
1.501424576E2,8.568000793E0,7.501050472E0,-1.501950026E0
1.501449011E2,1.045050025E0,8.113950729E0,-6.288000107E0
1.501473447E2,8.130000234E-1,6.699000359E0,2.670000196E-1
1.501497882E2,5.326050282E0,8.224050522E0,2.395050049E0
1.501522318E2,4.021950245E0,4.987050056E0,2.946000099E0
1.501546753E2,2.827050209E0,3.775950193E0,2.686950207E0
1.501571189E2,4.282950401E0,8.269950867E0,1.653000116E0
1.501595623E2,1.007205009E1,1.183695030E1,-2.632050037E0
1.501620057E2,8.274000168E0,1.170600033E1,-1.194300079E1
1.501644493E2,3.861000299E0,1.495200062E1,-1.568805027E1
1.501668928E2,1.153050065E0,1.303905106E1,-1.226205063E1
1.501693364E2,1.420950055E0,1.004205036E1,-8.480999947E0
1.501717799E2,4.740000248E0,1.170600033E1,-1.047105026E1
1.501742235E2,6.117000103E0,9.226950645E0,-1.146900082E1
1.501766670E2,4.242000103E0,5.109000206E0,-1.317900085E1
1.501791106E2,6.448950291E0,7.341000557E0,-8.263050079E0
1.501815540E2,1.171395016E1,7.518000126E0,-4.240950108E0
1.501839976E2,9.946950912E0,5.089950085E0,-6.697050095E0
1.501864411E2,7.177050114E0,2.931000233E0,-4.200000286E0
1.501888847E2,8.346000671E0,2.899050236E0,-2.284950018E0
1.501913282E2,1.441800022E1,2.293950081E0,-5.017050266E0
1.501937718E2,1.424805069E1,6.799500585E-1,-1.040805054E1
1.501962153E2,9.970950127E0,5.550000072E-1,-5.224950314E0
1.501986589E2,8.389050484E0,4.707000256E0,-4.521000385E0
1.502011023E2,1.022505093E1,1.264905071E1,-7.629000187E0
1.502035457E2,8.781000137E0,1.415700054E1,-5.044950008E0
1.502059894E2,3.829950094E0,1.324005032E1,-2.068950176E0
1.502084328E2,-1.270500124E-1,1.186605072E1,-1.729050040E0
1.502108765E2,-8.520000577E-1,8.072999954E0,1.246050000E0
1.502133199E2,1.408950090E0,9.735000610E0,2.347050190E0
1.502157636E2,5.877000332E0,1.129605007E1,-1.717050076E0
1.502182070E2,5.263950348E0,6.096000195E0,-3.546000242E0
1.502206505E2,7.915050507E0,7.915050507E0,-8.039999962E0
1.502230940E2,1.103700066E1,1.136295033E1,-1.470900059E1
1.502255376E2,5.938950062E0,1.213905048E1,-1.389495087E1
1.502279811E2,1.740000099E-1,1.207695103E1,-4.849050045E0
1.502304247E2,2.662050009E0,1.011105061E1,1.135950089E0
1.502328681E2,3.379950047E0,1.198995018E1,3.871950150E0
1.502353118E2,1.126950026E0,1.016400051E1,1.171950102E0
1.502377552E2,-2.580000162E-1,6.325950146E0,-8.050500154E-1
1.502401988E2,3.000000119E-2,6.526950359E0,-1.867950082E0
1.502426423E2,1.836000085E0,1.288605022E1,7.530000210E-1
1.502450859E2,2.707050085E0,1.522005081E1,1.564050078E0
1.502475293E2,2.310000181E0,1.278795052E1,1.087950110E0
1.502499730E2,2.082000017E0,1.085805035E1,8.440500498E-1
1.502524164E2,8.470500112E-1,1.012095070E1,-8.149500489E-1
1.502548601E2,-6.460500360E-1,1.020195007E1,-1.246050000E0
1.502573034E2,-6.079500318E-1,8.272050858E0,3.315000057E0
1.502597469E2,-3.880500197E-1,3.499950171E0,6.525000095E0
1.502621905E2,9.970950127E0,2.512050152E0,6.279000282E0
1.502646340E2,2.292195129E1,5.559000492E0,-2.041905022E1
1.502670776E2,2.338695145E1,2.610000134E0,-3.514395142E1
1.502695211E2,6.013950348E0,4.911000252E0,-3.030705070E1
1.502719647E2,3.180000186E-1,5.197950363E0,-1.734000015E1
1.502744081E2,4.129050255E0,7.975050449E0,-1.091805077E1
1.502768518E2,5.925000191E0,7.894050598E0,-5.614950180E0
1.502792952E2,3.327000141E0,6.613050461E0,5.496000290E0
1.502817388E2,3.102000237E0,5.515950203E0,9.208950043E0
1.502841823E2,1.678050041E0,9.903000832E0,4.306050301E0
1.502866259E2,2.784000158E0,1.223700047E1,4.123950005E0
1.502890694E2,3.400950193E0,1.302195072E1,4.222050190E0
1.502915130E2,3.196050167E0,1.089195061E1,1.393950105E0
1.502939565E2,1.180050015E0,7.663950443E0,5.130000114E-1
1.502964001E2,1.009950042E0,9.019050598E0,2.350050211E0
1.502988435E2,2.298000097E0,1.322100067E1,-4.909500182E-1
1.503012872E2,2.868000031E0,1.126005077E1,1.282050014E0
1.503037305E2,5.020050049E0,9.927000046E0,5.625000477E0
1.503061740E2,1.418100071E1,8.956950188E0,-1.422705078E1
1.503086176E2,1.056495094E1,9.690000534E0,-2.823195076E1
1.503110611E2,2.203950167E0,1.204800034E1,-2.670900154E1
1.503135047E2,-1.264050007E0,6.643950462E0,-1.428000069E1
1.503159482E2,1.077000022E0,5.305950165E0,-3.340950251E0
1.503183918E2,3.258000135E0,8.763000488E0,2.443050146E0
1.503208352E2,1.611000061E0,6.004950523E0,3.148950100E0
1.503232788E2,1.512000084E0,3.996000290E0,5.335050106E0
1.503257223E2,3.346050262E0,7.173000336E0,1.435050011E0
1.503281659E2,4.098000050E0,1.113600063E1,5.908050060E0
1.503306094E2,4.117050171E0,1.131495094E1,2.424000025E0
1.503330530E2,3.193050146E0,7.720950603E0,3.523050070E0
1.503354964E2,9.280500412E-1,5.506950378E0,3.316950083E0
1.503379401E2,3.888000250E0,7.920000553E0,1.591050029E0
1.503403835E2,8.347949982E0,7.246950150E0,-3.420000076E0
1.503428271E2,7.126950264E0,3.511950254E0,-6.015000343E0
1.503452706E2,6.504000187E0,7.633050442E0,-1.369305038E1
1.503477140E2,9.186000824E0,8.983050346E0,-2.242095184E1
1.503501577E2,7.165050507E0,1.010595036E1,-2.105595016E1
1.503526011E2,1.549500078E-1,8.800950050E0,-1.740495110E1
1.503550447E2,-9.619500637E-1,6.792000294E0,-6.247050285E0
1.503574884E2,3.295950174E0,5.904000282E0,-5.460000038E-1
1.503599318E2,5.628000259E0,4.516050339E0,2.290050030E0
1.503623752E2,3.586050272E0,2.935050249E0,4.473000050E0
1.503648188E2,2.583000183E0,1.554000020E0,5.002950191E0
1.503672623E2,5.044050217E0,3.084000111E0,3.541950226E0
1.503697059E2,9.021000862E0,5.803950310E0,-7.860000134E-1
1.503721494E2,9.114000320E0,1.231395054E1,4.579500258E-1
1.503745930E2,2.970000029E0,7.542000294E0,-3.814950228E0
1.503770365E2,-1.200000010E-2,8.490000725E0,-4.212000370E0
1.503794801E2,1.656000137E0,9.148050308E0,-1.164000034E0
1.503819235E2,3.028050184E0,7.699950218E0,-5.167050362E0
1.503843671E2,3.483000278E0,4.783950329E0,-5.461950302E0
1.503868105E2,6.624000549E0,7.531950474E0,-6.633000374E0
1.503892542E2,8.167950630E0,8.749050140E0,-1.023105049E1
1.503916976E2,1.696950078E0,7.297950268E0,-9.505950928E0
1.503941413E2,-1.228050113E0,7.291050434E0,-2.983950138E0
1.503965847E2,3.495000303E-2,5.896950245E0,-1.440000087E-1
1.503990284E2,5.295000076E0,5.392050266E0,-4.939950466E0
1.504014718E2,7.101000309E0,2.164050102E0,-7.176000118E0
1.504039152E2,2.173050165E0,3.880500197E-1,-2.662950039E0
1.504063588E2,2.343000174E0,3.543000221E0,3.003000259E0
1.504088023E2,5.913000107E0,9.678000450E0,9.970500469E-1
1.504112459E2,5.367000103E0,1.106400013E1,9.420000315E-1
1.504136894E2,2.131950140E0,6.709050179E0,2.830500007E-1
1.504161330E2,7.990500331E-1,5.586000443E0,1.615050077E0
1.504185765E2,3.180000186E-1,1.026900005E1,1.387050033E0
1.504210201E2,6.088050365E0,1.026405048E1,-1.729050040E0
1.504234636E2,5.295000076E0,3.325950146E0,-1.336800098E1
1.504259072E2,3.804000139E0,4.297950268E0,-1.485705090E1
1.504283506E2,7.359000206E0,7.012950420E0,-1.404300022E1
1.504307943E2,4.129050255E0,5.866050243E0,-1.321200085E1
1.504332377E2,-5.310000181E-1,5.667000294E0,-1.128000069E1
1.504356813E2,1.402050018E0,5.406000137E0,-4.565999985E0
1.504381248E2,7.833000183E0,4.711950302E0,-3.124950171E0
1.504405684E2,1.000995064E1,2.571000099E0,-4.150050163E0
1.504430118E2,7.941000462E0,9.169500470E-1,-2.722950220E0
1.504454553E2,6.868050098E0,2.010000050E-1,-6.829500198E-1
1.504478989E2,8.865000725E0,2.397000074E0,-9.610500336E-1
1.504503423E2,8.203949928E0,5.349000454E0,-2.179050207E0
1.504527860E2,4.318050385E0,9.879000664E0,-4.315050125E0
1.504552294E2,4.969500303E-1,7.899000168E0,-5.857050419E0
1.504576730E2,4.528950214E0,1.002495003E1,-6.019950390E0
1.504601165E2,1.097700024E1,6.951000214E0,-8.830950737E0
1.504625601E2,9.526050568E0,3.048000097E0,-9.325950623E0
1.504650036E2,6.004050255E0,6.550950527E0,-8.272950172E0
1.504674472E2,6.166950226E0,1.011600018E1,-5.074050426E0
1.504698906E2,4.431000233E0,8.728950500E0,-6.451050282E0
1.504723343E2,-9.859500527E-1,8.647950172E0,-5.425950050E0
1.504747777E2,-1.786050081E0,6.919050217E0,5.460000038E0
1.504772213E2,-4.860000312E-1,7.687950134E0,2.884050131E0
1.504796648E2,1.411950111E0,9.631950378E0,4.060500264E-1
1.504821084E2,1.330050111E0,3.217950106E0,9.060000181E-1
1.504845518E2,3.751050234E0,3.642000198E0,7.840500474E-1
1.504869953E2,9.217050552E0,5.404050350E0,-3.271050215E0
1.504894390E2,9.931050301E0,8.145000458E0,-7.195050240E0
1.504918826E2,3.784950256E0,7.623000145E0,1.888050079E0
1.504943260E2,1.012050033E0,1.000800037E1,9.000000358E-2
1.504967696E2,1.728000045E0,1.481295109E1,-3.046050072E0
1.504992130E2,3.033000231E0,1.618305016E1,3.067950249E0
1.505016565E2,3.511950254E0,9.594000816E0,-5.962050438E0
1.505041001E2,5.226000309E0,6.559950352E0,-5.586000443E0
1.505065436E2,7.297050476E0,9.361950874E0,-1.440195084E1
1.505089872E2,5.065050125E0,6.850050449E0,-1.637505150E1
1.505114307E2,4.590000212E-1,4.513050079E0,-1.305405045E1
1.505138743E2,6.739500165E-1,4.947000027E0,-8.256000519E0
1.505163177E2,4.261050224E0,8.119050026E0,-8.797050476E0
1.505187613E2,2.890950203E0,2.593050241E0,-7.959000587E0
1.505212048E2,9.450000525E-1,1.213950038E0,2.794950247E0
1.505236484E2,1.531950116E0,3.289950132E0,6.061050415E0
1.505260918E2,6.535950184E0,4.947000027E0,5.730000138E-1
1.505285355E2,1.254300022E1,9.673050880E0,-1.135050058E0
1.505309789E2,4.021950245E0,5.655000210E0,3.480000257E0
1.505334226E2,3.178950071E0,7.924950600E0,4.069050312E0
1.505358660E2,8.748000145E0,1.417905045E1,2.070000172E0
1.505383096E2,8.097000122E0,1.056405067E1,-4.413000107E0
1.505407530E2,6.576000214E0,8.502000809E0,-4.980000257E-1
1.505431965E2,1.229895020E1,1.082895088E1,-8.907000542E0
1.505456401E2,1.346205044E1,8.590950012E0,-2.332305145E1
1.505480836E2,2.014950037E0,8.515950203E0,-2.368995094E1
1.505505273E2,-1.735950112E0,6.807000160E0,-9.214050293E0
1.505529707E2,2.728950024E0,7.081950188E0,-3.985050201E0
1.505554143E2,5.515950203E0,7.113000393E0,-4.509000301E0
1.505578577E2,4.825950146E0,1.237950087E0,-7.309500575E-1
1.505603013E2,3.825000286E0,2.338950157E0,2.457000017E0
1.505627448E2,5.752950191E0,5.028000355E0,1.027950048E0
1.505651884E2,1.259100056E1,7.645050526E0,-3.376050234E0
1.505676319E2,6.106950283E0,8.490000725E0,1.444950104E0
1.505700755E2,1.555050015E0,7.992000580E0,1.186050057E0
1.505725189E2,2.305050135E0,1.587600040E1,1.203000069E0
1.505749626E2,3.085050106E0,1.817505074E1,3.291000128E0
1.505774060E2,6.940500140E-1,9.690000534E0,2.232000113E0
1.505798496E2,2.238000154E0,1.022100067E1,1.570500135E-1
1.505822930E2,1.253595066E1,8.866050720E0,-7.807950497E0
1.505847365E2,1.819050074E0,7.744950294E0,-1.584105110E1
1.505871801E2,1.405050039E0,5.740950108E0,-1.172295094E1
1.505896236E2,3.375000238E0,5.197950363E0,-8.947950363E0
1.505920672E2,5.317050457E0,7.606950283E0,-6.870000362E0
1.505945109E2,3.255000114E0,6.048000336E0,-5.388000488E0
1.505969543E2,3.460500240E-1,1.887000084E0,-2.184000015E0
1.505993977E2,2.065050125E0,2.848950148E0,2.770950079E0
1.506018413E2,8.688000679E0,9.793050766E0,-2.731950045E0
1.506042848E2,7.456950188E0,9.096000671E0,-4.579500258E-1
1.506067284E2,2.262000084E0,2.976000071E0,1.998000145E0
1.506091719E2,2.125050068E0,7.506000519E0,1.098000050E0
1.506116155E2,4.539000034E0,1.541400051E1,1.303050041E0
1.506140589E2,3.837000132E0,1.452600098E1,5.100000277E-2
1.506165026E2,6.033000469E0,1.048200035E1,-6.130500436E-1
1.506189460E2,1.150905037E1,8.602950096E0,-6.715950489E0
1.506213896E2,5.638050079E0,1.167000103E1,-7.758000374E0
1.506238330E2,-1.138950109E0,9.232050896E0,-1.626705170E1
1.506262767E2,3.390000165E-1,5.977950096E0,-1.571700096E1
1.506287201E2,6.555000305E0,5.044950008E0,-1.365495110E1
1.506311638E2,3.097050190E0,2.719950199E0,-1.183800030E1
1.506336073E2,3.082950115E0,2.011049986E0,-4.843950272E0
1.506360509E2,5.821950436E0,1.542000055E0,2.910000086E0
1.506384943E2,8.371950150E0,3.955050230E0,5.539500117E-1
1.506409377E2,8.383950233E0,3.241950035E0,-1.126049995E0
1.506433814E2,5.286000252E0,4.537050247E0,5.077050209E0
1.506458248E2,7.596000195E0,1.136100101E1,1.873050094E0
1.506482684E2,1.140600014E1,1.274205017E1,2.119500041E-1
1.506507119E2,8.419950485E0,1.011105061E1,-6.748050213E0
1.506531555E2,7.603050232E0,1.240500069E1,-1.555905056E1
1.506555990E2,9.837000847E0,1.126005077E1,-1.595805073E1
1.506580426E2,5.800950050E0,9.763950348E0,-1.529295063E1
1.506604860E2,-2.037000179E0,8.650050163E0,-5.481000423E0
1.506629296E2,-1.579500139E-1,6.381000519E0,8.161050797E0
1.506653730E2,2.848050117E0,1.149195099E1,3.508950233E0
1.506678165E2,2.242950201E0,4.450950146E0,-1.200000048E-1
1.506702602E2,1.809000134E0,8.910000324E-1,-4.746000290E0
1.506727038E2,9.153000832E0,7.470000386E-1,-8.782950401E0
1.506751472E2,1.223595047E1,2.574000120E0,-1.156200027E1
1.506775909E2,5.302950382E0,3.723000288E0,-7.300950527E0
1.506800342E2,2.110949993E0,4.357950211E0,1.794000030E0
1.506824777E2,2.628000021E0,1.003005028E1,-1.319999993E-1
1.506849213E2,4.809000015E0,1.369500065E1,-7.020000219E-1
1.506873648E2,2.073000193E0,1.125795078E1,-2.590500116E-1
1.506898084E2,4.516950130E0,1.180395031E1,1.959000111E0
1.506922519E2,1.234905052E1,9.204000473E0,-4.195050240E0
1.506946955E2,5.188050270E0,4.978050232E0,-6.709050179E0
1.506971390E2,-4.879500270E-1,9.397050858E0,-6.678000450E0
1.506995826E2,8.419500589E-1,5.767950058E0,-1.038900089E1
1.507020260E2,6.825000286E0,3.795000076E0,-1.221405029E1
1.507044696E2,4.077000141E0,1.129950047E0,-1.090605068E1
1.507069131E2,7.800000310E-1,3.088950157E0,-2.971950054E0
1.507093567E2,5.908050060E0,2.884950161E0,2.083950043E0
1.507118002E2,8.218950272E0,4.539000034E0,7.500000298E-2
1.507142438E2,6.768000126E0,6.985950470E0,1.603050113E0
1.507166873E2,5.467950344E0,8.791950226E0,2.577000141E0
1.507191306E2,4.852050304E0,1.204995060E1,3.175950050E0
1.507215743E2,7.951050282E0,1.252395058E1,2.448000193E0
1.507240177E2,6.378000259E0,1.170105076E1,-3.144000053E0
1.507264613E2,1.481700039E1,1.317600060E1,-1.227600098E1
1.507289048E2,1.030395031E1,1.162695026E1,-1.903005028E1
1.507313484E2,1.909500062E-1,1.106895065E1,-9.999000549E0
1.507337919E2,-1.669500023E-1,1.006095028E1,-8.029500246E-1
1.507362355E2,1.773000121E0,1.385295105E1,-1.489950061E0
1.507386789E2,1.333050013E0,8.617050171E0,-2.869050026E0
1.507411226E2,-9.100500345E-1,5.104950428E0,-1.035000086E0
1.507435660E2,2.611050129E0,3.961950302E0,-3.637050152E0
1.507460096E2,9.090000153E0,4.696950436E0,-8.902050018E0
1.507484531E2,6.106950283E0,6.466950417E0,-7.485000134E0
1.507508967E2,2.494050026E0,6.742050171E0,4.339500070E-1
1.507533402E2,3.270000219E0,1.134900093E1,2.425950050E0
1.507557838E2,3.685950279E0,1.471305084E1,-8.740500212E-1
1.507582273E2,1.488000035E0,1.088205051E1,9.709500670E-1
1.507606709E2,7.407000542E0,1.116705036E1,-2.950500250E-1
1.507631143E2,1.072095013E1,1.046295071E1,-8.035950661E0
1.507655579E2,4.237050056E0,6.076950073E0,-1.196505070E1
1.507680013E2,1.170000076E0,7.306950569E0,-9.937050819E0
1.507704450E2,4.134000301E0,6.214950085E0,-8.548050880E0
1.507728885E2,5.611050129E0,3.712950230E0,-7.722000599E0
1.507753319E2,9.400500655E-1,3.663000107E0,-3.003000259E0
1.507777755E2,1.114950061E0,3.558000088E0,2.098050117E0
1.507802189E2,7.708950520E0,5.053950310E0,6.450000405E-1
1.507826626E2,6.921000481E0,4.233000278E0,-3.606000185E0
1.507851060E2,5.929500461E-1,3.663000107E0,-8.359500170E-1
1.507875496E2,4.050000191E0,6.226950169E0,2.455050230E0
1.507899931E2,7.524000168E0,1.025895023E1,-2.111999989E0
1.507924367E2,5.817000389E0,7.362000465E0,-2.428050041E0
1.507948802E2,1.010505009E1,8.737050056E0,-6.193950176E0
1.507973238E2,1.378800106E1,1.011600018E1,-1.172100067E1
1.507997672E2,5.785950184E0,7.816950321E0,-1.300905037E1
1.508022106E2,6.700500250E-1,8.844000816E0,-9.508050919E0
1.508046543E2,1.570050120E0,8.575950623E0,-4.783950329E0
1.508070977E2,4.639050007E0,5.758050442E0,-7.480050564E0
1.508095414E2,1.030950069E0,2.944950104E0,-7.303050518E0
1.508119848E2,6.960000396E-1,2.265000105E0,1.999500096E-1
1.508144285E2,6.895050526E0,3.214950085E0,9.469500184E-1
1.508168718E2,9.604950905E0,4.393050194E0,-3.277950048E0
1.508193155E2,2.547000170E0,4.195050240E0,-5.440500379E-1
1.508217589E2,3.552000284E0,5.842050076E0,3.058050156E0
1.508242025E2,6.349050522E0,1.064700031E1,-3.348000050E0
1.508266460E2,3.825000286E0,9.864000320E0,-2.220000029E0
1.508290896E2,5.722050190E0,1.126305008E1,-4.011000156E0
1.508315330E2,1.080900097E1,1.140600014E1,-1.057800007E1
1.508339767E2,5.728950500E0,6.406950474E0,-1.301100063E1
1.508364201E2,5.550000072E-1,8.350950241E0,-1.011195087E1
1.508388637E2,3.945000172E0,8.478000641E0,-5.620050430E0
1.508413072E2,5.347950459E0,6.607950211E0,-7.717050552E0
1.508437508E2,7.650000453E-1,4.948950291E0,-3.379050255E0
1.508461943E2,-6.409500241E-1,3.832950115E0,5.236950397E0
1.508486379E2,2.584950209E0,6.273000240E0,2.955000162E0
1.508510814E2,6.066000462E0,8.289000511E0,-8.890500665E-1
1.508535250E2,1.869000077E0,4.470000267E0,3.270000219E-1
1.508559684E2,3.559050083E0,7.072950363E0,7.000500560E-1
1.508584118E2,6.540000439E0,1.070205021E1,-6.814950466E0
1.508608555E2,4.888050079E0,9.412050247E0,-6.714000225E0
1.508632989E2,8.508000374E0,1.109295082E1,-9.015000343E0
1.508657425E2,9.631050110E0,9.687000275E0,-1.142100048E1
1.508681860E2,3.331950188E0,8.689050674E0,-1.014705086E1
1.508706296E2,8.899500370E-1,9.208050728E0,-2.242050171E0
1.508730731E2,5.202000141E0,9.322950363E0,-2.574000120E0
1.508755167E2,5.013000011E0,5.896950245E0,-8.245950699E0
1.508779601E2,7.510500550E-1,3.342000246E0,-6.132000446E0
1.508804037E2,-6.769500375E-1,2.104050159E0,-1.990500093E-1
1.508828472E2,6.229050159E0,2.326950073E0,-2.620050192E0
1.508852908E2,4.915050030E0,1.603950024E0,-4.255050182E0
1.508877343E2,-6.390000582E-1,2.107050180E0,2.830500007E-1
1.508901779E2,3.805950165E0,4.357950211E0,-5.419500470E-1
1.508926214E2,6.394050121E0,9.948000908E0,-2.080950022E0
1.508950650E2,6.172050476E0,4.417050362E0,-1.003950000E0
1.508975084E2,8.595000267E0,9.295050621E0,-3.657000065E0
1.508999520E2,1.016100025E1,7.906050205E0,-9.369000435E0
1.509023954E2,4.129050255E0,4.261950016E0,-1.009995079E1
1.509048391E2,3.250950098E0,6.510000229E0,-1.164600086E1
1.509072826E2,7.171950340E0,5.278950214E0,-1.251795101E1
1.509097262E2,4.873950005E0,1.257000089E0,-8.878050804E0
1.509121696E2,3.250950098E0,2.325000048E0,-2.031000137E0
1.509146130E2,7.582050323E0,5.428050041E0,-4.909500182E-1
1.509170567E2,5.329050064E0,6.991050243E0,-5.419500470E-1
1.509195001E2,1.972050071E0,5.965950489E0,3.982950211E0
1.509219437E2,5.260500312E-1,1.022805023E1,2.127000093E0
1.509243872E2,1.017000079E0,1.451595116E1,-2.173950195E0
1.509268308E2,2.506050110E0,1.188495064E1,3.670500219E-1
1.509292743E2,1.074000001E0,1.501695061E1,1.537950039E0
1.509317179E2,9.808950424E0,1.723200035E1,5.089050293E0
1.509341614E2,8.664000511E0,8.410950661E0,-1.223295021E1
1.509366050E2,7.579050541E0,9.790050507E0,-1.536000061E1
1.509390484E2,1.031895065E1,1.201695061E1,-2.247105026E1
1.509414918E2,4.159950256E0,1.114500046E1,-1.836495018E1
1.509439355E2,-8.160000443E-1,6.546000481E0,-5.541000366E0
1.509463789E2,2.041949987E0,6.550950527E0,1.288950086E0
1.509488226E2,6.046950340E0,1.003395081E1,1.729950070E0
1.509512662E2,1.735050082E0,5.919000149E0,1.150050044E0
1.509537096E2,2.269050121E0,4.384050369E0,4.267950058E0
1.509561531E2,5.923050404E0,1.068600082E1,1.585950017E0
1.509585967E2,5.121000290E0,1.186395073E1,-4.942050457E0
1.509610401E2,4.351950169E0,1.008195019E1,-3.618000269E0
1.509634838E2,9.598050117E0,1.260300064E1,-6.300000191E0
1.509659272E2,7.144050121E0,7.306950569E0,-1.228995037E1
1.509683708E2,4.050000105E-3,8.164050102E0,-8.890050888E0
1.509708143E2,8.100000024E-2,6.742050171E0,-4.234050274E0
1.509732579E2,4.576950073E0,5.089950085E0,-6.967950344E0
1.509757014E2,1.198950052E0,1.560000032E-1,-4.771950245E0
1.509781450E2,1.804050088E0,2.682000160E0,4.713000298E0
1.509805885E2,7.423950195E0,5.020950317E0,7.810500264E-1
1.509830321E2,6.253050327E0,3.031050205E0,-2.301000118E0
1.509854756E2,1.623000026E0,3.442950249E0,2.412000179E0
1.509879192E2,3.676950216E0,7.366950512E0,5.970000029E-1
1.509903626E2,5.628000259E0,1.225605011E1,-4.690950394E0
1.509928062E2,4.101000309E0,9.019050598E0,-5.011950016E0
1.509952496E2,8.377050400E0,1.091505051E1,-7.521000385E0
1.509976931E2,8.491950035E0,7.815000534E0,-1.030995083E1
1.510001368E2,1.303950071E0,6.192000389E0,-7.087950230E0
1.510025802E2,2.118000031E0,8.521050453E0,-3.277950048E0
1.510050238E2,6.940050125E0,7.471950531E0,-7.092000484E0
1.510074672E2,2.875050068E0,2.764950037E0,-9.183000565E0
1.510099109E2,6.820500493E-1,3.310950041E0,-3.970050097E0
1.510123543E2,7.930950165E0,4.087049961E0,-4.995000362E0
1.510147979E2,7.302000523E0,8.550000191E-1,-9.154050827E0
1.510172414E2,-3.520500064E-1,1.906050086E0,-4.015950203E0
1.510196850E2,3.409050226E0,5.206950188E0,2.077050209E0
1.510221285E2,7.081050396E0,6.655950546E0,-2.377950191E0
1.510245721E2,7.101000309E0,8.275050163E0,-1.273950100E0
1.510270155E2,9.394050598E0,1.000605011E1,-2.089500129E-1
1.510294592E2,1.056495094E1,9.141000748E0,-4.561950207E0
1.510319026E2,4.881000042E0,6.357000351E0,-1.110795021E1
1.510343460E2,2.142000198E0,8.325000763E0,-1.548705101E1
1.510367896E2,6.046950340E0,6.892950535E0,-1.606605148E1
1.510392331E2,3.385050058E0,1.093950033E0,-1.364805031E1
1.510416768E2,6.405000389E-2,1.864950061E0,-5.971950054E0
1.510441204E2,6.382050514E0,3.349950075E0,2.860500216E-1
1.510465638E2,1.018200016E1,4.152000427E0,-4.530000091E-1
1.510490072E2,4.012050152E0,5.263050079E0,-2.110500038E-1
1.510514508E2,2.125050068E0,8.293950081E0,2.094000101E0
1.510538943E2,3.567000151E0,1.065000057E1,2.508000135E0
1.510563379E2,5.188050270E0,1.270905018E1,-8.670000434E-1
1.510587814E2,9.516000748E0,1.449495029E1,-2.251049995E0
1.510612250E2,7.972050190E0,1.137495041E1,-1.031505013E1
1.510636684E2,8.490000367E-1,8.437050819E0,-2.661000013E0
1.510661121E2,3.105000257E0,1.166505051E1,4.701000214E0
1.510685555E2,5.037000179E0,1.578795052E1,-2.950050116E0
1.510709991E2,4.840050220E0,9.096000671E0,-2.911950111E0
1.510734426E2,4.024050236E0,8.536050797E0,-5.361000061E0
1.510758860E2,8.836950302E0,1.090305042E1,-9.163050652E0
1.510783296E2,4.006950378E0,1.087695026E1,-1.045905018E1
1.510807731E2,-7.605000585E-2,9.048000336E0,-1.726950049E0
1.510832168E2,2.238000154E0,1.207695103E1,8.205000311E-2
1.510856603E2,3.112050056E0,1.576605034E1,5.089499950E-1
1.510881038E2,2.020050049E0,1.461000061E1,-1.332000017E0
1.510905472E2,7.978950500E0,1.272600079E1,-7.803000450E0
1.510929908E2,7.606050491E0,1.087995052E1,-1.485705090E1
1.510954343E2,2.346000195E0,8.785050392E0,-9.532050133E0
1.510978779E2,3.009000063E0,9.915000916E0,-2.167050123E0
1.511003214E2,2.146950006E0,1.028295040E1,-3.538950205E0
1.511027650E2,-2.970000207E-1,2.377050161E0,-1.297950029E0
1.511052084E2,1.789500117E-1,4.089000225E0,5.713950157E0
1.511076521E2,6.595050335E0,3.733050108E0,-1.035000086E0
1.511100955E2,7.060050488E0,1.111050010E0,-6.877050400E0
1.511125391E2,3.480000257E0,2.952000141E0,9.589500427E-1
1.511149826E2,6.106950283E0,5.049000263E0,-1.920000017E-1
1.511174262E2,6.034950256E0,8.731950760E0,-4.933050156E0
1.511198697E2,8.202000618E0,9.699000359E0,-4.128000259E0
1.511223133E2,1.123305035E1,9.502950668E0,-7.179000378E0
1.511247567E2,4.957950115E0,6.129000187E0,-1.442100048E1
1.511272004E2,-9.840000272E-1,1.023300076E1,-1.176405048E1
1.511296437E2,3.772950172E0,7.851000309E0,-8.348999977E0
1.511320872E2,6.712950230E0,2.421000004E0,-9.256950378E0
1.511345308E2,2.029500157E-1,2.209950209E0,-3.633000135E0
1.511369743E2,2.650050163E0,4.328999996E0,5.089050293E0
1.511394179E2,9.763050079E0,3.577050209E0,8.250000477E-1
1.511418614E2,4.639050007E0,4.116000175E0,-3.454950094E0
1.511443050E2,3.363000154E0,6.508050442E0,-3.810000122E-1
1.511467484E2,6.435000420E0,7.942050457E0,-2.554950237E0
1.511491921E2,4.394999981E0,1.074795055E1,-8.685000420E0
1.511516355E2,5.803050041E0,1.299600029E1,-6.961050510E0
1.511540791E2,8.701950073E0,9.486000061E0,-1.079895020E1
1.511565226E2,1.426050067E0,8.434950829E0,-1.237200069E1
1.511589662E2,-2.356050014E0,8.836950302E0,8.205000311E-2
1.511614097E2,6.240000129E-1,7.125000477E0,2.910000086E0
1.511638533E2,1.594050050E0,3.328050137E0,-6.469500065E-1
1.511662968E2,4.467000008E0,3.928950071E0,1.945050120E0
1.511687401E2,1.003395081E1,4.123050213E0,-4.863000393E0
1.511711837E2,5.188050270E0,-6.900000572E-2,-9.702000618E0
1.511736272E2,9.829500318E-1,2.704950094E0,-4.516050339E0
1.511760708E2,3.412950277E0,6.285000324E0,-5.304000378E0
1.511785143E2,3.732000113E0,7.819950581E0,-1.902000070E0
1.511809580E2,6.154950142E0,9.931050301E0,6.640500426E-1
1.511834014E2,8.805000305E0,9.637050629E0,-2.947950125E0
1.511858450E2,4.137000084E0,5.974050522E0,-4.891950130E0
1.511882884E2,6.460500360E-1,8.764950752E0,-4.750950336E0
1.511907321E2,4.800000191E0,8.667000771E0,-4.753050327E0
1.511931755E2,6.175950527E0,4.708950043E0,-9.574950218E0
1.511956192E2,5.209500194E-1,4.305000305E0,-5.989050388E0
1.511980626E2,6.153000355E0,7.402950287E0,-6.760500073E-1
1.512005062E2,8.848050117E0,5.977950096E0,-3.384000063E0
1.512029497E2,2.668950081E0,4.882050037E0,-1.132950068E0
1.512053933E2,3.274950266E0,9.306000710E0,3.013050079E0
1.512078368E2,4.783050060E0,1.020405006E1,-2.754000187E0
1.512102804E2,4.174950123E0,1.230405045E1,-2.851950169E0
1.512127238E2,1.277505016E1,1.375500107E1,-8.440050125E0
1.512151672E2,1.006200027E1,9.675000191E0,-1.684905052E1
1.512176108E2,9.040500522E-1,1.030995083E1,-8.542950630E0
1.512200545E2,2.683050156E0,1.209795094E1,-1.066050053E0
1.512224979E2,7.005000114E0,9.985950470E0,-3.879000187E0
1.512249414E2,3.622050285E0,7.453050137E0,-4.138050079E0
1.512273850E2,5.239950180E0,1.000305080E1,-7.279500365E-1
1.512298285E2,1.053900051E1,7.693050385E0,-8.107950211E0
1.512322721E2,3.763050079E0,5.820000172E0,-9.369000435E0
1.512347155E2,3.100500107E-1,6.508050442E0,-1.624050021E0
1.512371592E2,4.764000416E0,8.254950523E0,-3.190500140E-1
1.512396026E2,3.679050207E0,8.401050568E0,-1.969500035E-1
1.512420462E2,6.801000118E0,8.928000450E0,-2.320950031E0
1.512444897E2,1.051995087E1,7.353000164E0,-1.034895039E1
1.512469333E2,5.275950432E0,5.080950260E0,-1.267800045E1
1.512493767E2,1.314000010E0,7.987050533E0,-3.427050114E0
1.512518204E2,4.636950016E0,6.844950199E0,-9.600000083E-2
1.512542639E2,3.720000267E0,2.610000134E0,-2.806950092E0
1.512567075E2,2.619000196E0,3.840000153E0,3.094050169E0
1.512591509E2,7.891050339E0,6.514950275E0,3.889050245E0
1.512615943E2,6.385050297E0,3.499950171E0,-3.688050270E0
1.512640379E2,6.529500484E-1,5.023050308E0,-2.428050041E0
1.512664814E2,3.082950115E0,8.116950035E0,2.209500074E-1
1.512689250E2,2.515950203E0,6.613050461E0,-2.653050184E0
1.512713685E2,3.499950171E0,1.016400051E1,-1.156949997E0
1.512738121E2,1.002600002E1,1.165995026E1,-9.064949989E0
1.512762556E2,4.747050285E0,7.863000393E0,-1.178505039E1
1.512786992E2,-8.350500464E-1,7.168050289E0,-5.392050266E0
1.512811427E2,1.882950068E0,9.036000252E0,-2.116950035E0
1.512835863E2,2.872050047E0,6.376050472E0,-5.445000172E0
1.512860297E2,3.420000076E-1,3.345000267E0,-7.620000243E-1
1.512884731E2,4.255949974E0,5.847000122E0,-8.460000157E-1
1.512909168E2,5.781000137E0,3.007050037E0,-7.332000256E0
1.512933604E2,1.159950018E0,3.354000092E0,-5.586000443E0
1.512958039E2,2.844000101E0,5.370000362E0,-1.882050037E0
1.512982475E2,3.685950279E0,6.294000149E0,-2.986050129E0
1.513006909E2,1.894950032E0,8.539950371E0,-6.880500317E-1
1.513031343E2,5.544000149E0,1.184400082E1,1.729500145E-1
1.513055779E2,6.646050453E0,4.714050293E0,-3.316950083E0
1.513080214E2,8.779500127E-1,7.927050591E0,-6.478950500E0
1.513104650E2,1.690050125E0,6.514950275E0,-6.465000153E0
1.513129085E2,7.563000202E0,3.037950039E0,-9.750000000E0
1.513153521E2,4.555950165E0,-5.350500345E-1,-1.114800072E1
1.513177956E2,3.475950241E0,3.804000139E0,-2.373000145E0
1.513202392E2,9.418050766E0,2.770050049E0,-2.254050016E0
1.513226826E2,5.307000160E0,4.954050064E0,-5.698950291E0
1.513251263E2,4.861950397E0,6.400050163E0,-1.966050148E0
1.513275697E2,5.461050034E0,6.165000439E0,-3.312000275E0
1.513300133E2,7.450050354E0,9.036000252E0,-6.582000256E0
1.513324568E2,1.196805096E1,1.114500046E1,-9.286050797E0
1.513349004E2,1.008195019E1,8.002050400E0,-1.065000057E1
1.513373439E2,3.547950268E0,8.119050026E0,-1.292700100E1
1.513397875E2,5.604000092E0,7.579950333E0,-1.157700062E1
1.513422309E2,1.107000065E1,5.272050381E0,-9.082050323E0
1.513446743E2,2.568000078E0,4.117949963E0,-5.308950424E0
1.513471179E2,4.570050240E0,6.769050121E0,2.914950132E0
1.513495614E2,1.194405079E1,5.992950439E0,-5.539500117E-1
1.513520051E2,5.889000416E0,4.417050362E0,-5.971950054E0
1.513544487E2,2.908050060E0,6.820950508E0,-3.549000263E0
1.513568921E2,6.153000355E0,5.836950302E0,-4.471050262E0
1.513593355E2,5.611050129E0,7.477050304E0,-2.323050022E0
1.513617792E2,1.188195038E1,1.078395081E1,-2.979000092E0
1.513642226E2,1.164495087E1,9.148050308E0,-8.754000664E0
1.513666662E2,2.487000227E0,8.590950012E0,-1.076505089E1
1.513691097E2,1.417050123E0,1.162395096E1,-1.815000057E0
1.513715533E2,3.331950188E0,9.850050926E0,-5.509500504E-1
1.513739968E2,2.824050188E0,7.149000168E0,1.074000001E0
1.513764404E2,1.038000107E0,8.458950043E0,2.793000221E0
1.513788839E2,1.912050128E0,1.042005062E1,3.472950220E0
1.513813275E2,2.097000122E0,7.891050339E0,2.104950190E0
1.513837708E2,1.375950098E0,8.208000183E0,-6.420000196E-1
1.513862143E2,3.351000071E0,1.031205082E1,-1.344000101E0
1.513886579E2,3.499950171E0,1.143705082E1,-2.002050161E0
1.513911016E2,3.198000193E0,1.601805115E1,1.999500096E-1
1.513935451E2,3.507000208E0,1.562700081E1,2.328000069E0
1.513959884E2,1.986000061E0,9.022050858E0,3.859500289E-1
1.513984321E2,2.185050011E0,1.169805050E1,-6.060000420E0
1.514008755E2,4.102950096E0,1.169100094E1,-1.289595032E1
1.514033191E2,1.182000041E0,7.240050316E0,-9.766950607E0
1.514057626E2,1.429050088E0,2.928000212E0,-3.805050135E0
1.514082062E2,6.475950241E0,7.495950222E0,-6.546000481E0
1.514106497E2,2.386050224E0,4.681050301E0,-3.592050076E0
1.514130933E2,9.900000691E-1,4.573050022E0,9.660000205E-1
1.514155368E2,4.984050274E0,5.368050098E0,-1.855950117E0
1.514179804E2,5.437050343E0,5.026050091E0,-1.444050074E0
1.514204238E2,8.214000702E0,9.321000099E0,-2.902050257E0
1.514228672E2,3.925950289E0,9.322950363E0,-5.233950138E0
1.514253109E2,-4.210500121E-1,7.093950272E0,-4.734000206E0
1.514277543E2,1.663050056E0,7.686000347E0,-5.385000229E0
1.514301980E2,5.413050175E0,5.377050400E0,-5.866050243E0
1.514326416E2,2.653950214E0,2.515950203E0,-5.887950420E0
1.514350850E2,2.632950068E0,4.041000366E0,9.319500327E-1
1.514375284E2,9.303000450E0,2.731950045E0,-1.129500046E-1
1.514399721E2,4.005000114E0,3.855000257E0,-6.654000282E0
1.514424155E2,3.495000303E-2,6.678000450E0,-5.119050026E0
1.514448591E2,4.594050407E0,3.268050194E0,-5.653050423E0
1.514473026E2,6.694050312E0,6.235050201E0,-7.720050335E0
1.514497462E2,1.015095043E1,8.152050018E0,-5.515050411E0
1.514521897E2,6.631050110E0,6.879000187E0,-5.020950317E0
1.514546333E2,3.181050062E0,7.180050373E0,-8.356950760E0
1.514570768E2,9.046950340E0,7.458000183E0,-1.089900017E1
1.514595204E2,9.664950371E0,6.069000244E0,-1.236495018E1
1.514619638E2,2.736000061E0,5.251050472E0,-1.062405014E1
1.514644075E2,7.459950447E0,8.550000191E0,-4.702950001E0
1.514668509E2,1.054395008E1,6.265950203E0,-4.332000256E0
1.514692945E2,1.905000091E0,6.864000320E0,-5.005050182E0
1.514717380E2,3.181050062E0,7.657050133E0,-6.055950165E0
1.514741816E2,6.531000137E0,6.262950420E0,-2.520000041E-1
1.514766250E2,8.403000832E0,1.014705086E1,-8.980500698E-1
1.514790684E2,1.489200115E1,1.358505058E1,-5.565000057E0
1.514815121E2,8.329050064E0,9.703950882E0,-1.081800079E1
1.514839555E2,2.863050222E0,1.348200035E1,-8.902050018E0
1.514863991E2,4.642050266E0,1.273800087E1,-7.902000427E0
1.514888426E2,2.508000135E0,1.064700031E1,-5.412000179E0
1.514912862E2,1.072050095E0,9.832950592E0,1.038000107E0
1.514937297E2,5.935050488E0,9.876000404E0,-1.990050077E0
1.514961733E2,3.877950191E0,7.695000172E0,-3.412050247E0
1.514986168E2,9.379500151E-1,7.353000164E0,1.129050016E0
1.515010604E2,4.855050087E0,8.457000732E0,-2.742000103E0
1.515035038E2,4.012050152E0,8.083050728E0,-2.755950212E0
1.515059475E2,6.721950531E0,1.252395058E1,-1.894050121E0
1.515083909E2,6.864000320E0,1.148505020E1,-7.003950119E0
1.515108345E2,1.018950105E0,8.200050354E0,-2.481000185E0
1.515132779E2,-1.170000061E-1,8.485050201E0,2.520000041E-1
1.515157214E2,3.751050234E0,9.440999985E0,-4.240950108E0
1.515181650E2,1.747050047E0,3.949950218E0,-4.096950054E0
1.515206085E2,3.223950148E0,2.692950010E0,-4.720500112E-1
1.515230521E2,8.956050873E0,4.168050289E0,-4.525950432E0
1.515254955E2,3.532950163E0,2.788950205E0,-2.686950207E0
1.515279391E2,3.018000126E0,6.109950066E0,4.279950142E0
1.515303826E2,4.189050198E0,6.912000179E0,-2.209500074E-1
1.515328262E2,4.933950424E0,6.040950298E0,-3.360000253E-1
1.515352697E2,9.957000732E0,1.044105053E1,-4.726950169E0
1.515377133E2,4.492950439E0,8.056950569E0,-8.838000298E0
1.515401568E2,-1.171050072E0,8.830050468E0,-3.774000168E0
1.515426004E2,1.383000016E0,9.699000359E0,-4.285950184E0
1.515450439E2,2.407950163E0,6.019050121E0,-5.919000149E0
1.515474875E2,4.729500115E-1,3.759000063E0,-2.553000212E0
1.515499309E2,6.730050087E0,5.445000172E0,-1.914000034E0
1.515523743E2,6.861000538E0,3.531000137E0,-5.617050171E0
1.515548180E2,5.700000376E-2,5.368050098E0,-9.730500579E-1
1.515572616E2,3.279000044E0,8.943000793E0,5.850000381E-1
1.515597051E2,3.880050182E0,5.281950474E0,-3.838950157E0
1.515621487E2,5.266950130E0,9.091050148E0,-4.090050220E0
1.515645922E2,8.659049988E0,9.553050041E0,-5.605950356E0
1.515670356E2,3.088050127E0,7.759950161E0,-1.031505013E1
1.515694792E2,-1.105949998E0,1.074105072E1,-6.721050262E0
1.515719226E2,2.881950140E0,6.862050533E0,-6.300000191E0
1.515743663E2,4.684950352E0,2.605050087E0,-8.710950851E0
1.515768097E2,2.779050112E0,1.927050114E0,-3.015000105E0
1.515792533E2,8.218950272E0,4.741050243E0,1.882950068E0
1.515816968E2,7.443000317E0,3.591000080E0,-3.786000252E0
1.515841404E2,2.239950180E0,7.377000332E0,2.962950230E0
1.515865839E2,5.034000397E0,7.681050301E0,-1.126049995E0
1.515890275E2,5.014950275E0,7.425000191E0,-6.907950401E0
1.515914709E2,9.030000687E0,1.025700092E1,-8.788050652E0
1.515939146E2,7.539000511E0,8.464050293E0,-1.396200085E1
1.515963580E2,-8.100000024E-2,9.394950867E0,-1.074600029E1
1.515988017E2,2.548950195E0,9.727950096E0,-3.466950178E0
1.516012451E2,7.120050430E0,5.904000282E0,-5.815950394E0
1.516036885E2,3.379950047E0,5.089950085E0,-5.023950100E0
1.516061321E2,7.483950138E0,7.105950356E0,6.229500175E-1
1.516085756E2,8.476950645E0,7.108950138E0,-4.699950218E0
1.516110192E2,8.920500278E-1,7.099050522E0,-2.992950201E0
1.516134627E2,2.116050005E0,1.013295078E1,-5.320500135E-1
1.516159063E2,3.921000242E0,6.175050259E0,-3.721050262E0
1.516183498E2,6.076050282E0,9.157950401E0,-4.756050110E0
1.516207934E2,1.324905109E1,9.318000793E0,-9.628050804E0
1.516232369E2,4.642050266E0,8.566950798E0,-9.855000496E0
1.516256805E2,3.100500107E-1,1.171305084E1,-2.340000153E0
1.516281239E2,5.584950447E0,1.022100067E1,-1.144950032E0
1.516305676E2,4.692000389E0,6.208050251E0,-3.925050259E0
1.516330110E2,4.747050285E0,7.705050468E0,-2.847000122E0
1.516354546E2,9.436950684E0,7.707000256E0,-5.353950024E0
1.516378981E2,2.371950150E0,5.800950050E0,-6.136950493E0
1.516403417E2,5.929500461E-1,9.229950905E0,8.050500154E-1
1.516427851E2,4.251000404E0,6.946050167E0,-2.203050137E0
1.516452286E2,6.234000206E0,7.092000484E0,-3.910050154E0
1.516476722E2,1.061805058E1,9.613050461E0,-7.114050388E0
1.516501156E2,6.873000145E0,7.378950119E0,-1.149495029E1
1.516525593E2,-1.459500045E-1,8.977950096E0,-6.403050423E0
1.516550027E2,2.355000019E0,9.330000877E0,-1.363050103E0
1.516574463E2,5.056050301E0,5.488050461E0,-3.634950161E0
1.516598898E2,2.664000034E0,3.654000282E0,-2.838000059E0
1.516623334E2,6.640950203E0,5.643000126E0,2.034000158E0
1.516647769E2,8.145000458E0,4.261950016E0,-3.208950043E0
1.516672205E2,1.054949999E0,3.622050285E0,-1.312950015E0
1.516696639E2,3.286950111E0,8.332050323E0,5.130000114E-1
1.516721076E2,4.227000237E0,5.014050007E0,-4.614000320E0
1.516745510E2,6.673950195E0,8.038050652E0,-4.983000278E0
1.516769946E2,1.087200069E1,6.831000328E0,-7.942050457E0
1.516794381E2,2.038950205E0,7.993950367E0,-8.821050644E0
1.516818815E2,-3.250500262E-1,1.122405052E1,-2.131050110E0
1.516843251E2,5.832000256E0,7.954050541E0,-2.577000141E0
1.516867686E2,2.985000134E0,5.017950058E0,-6.132000446E0
1.516892122E2,4.885950089E0,6.273000240E0,-2.425950050E0
1.516916559E2,1.039305019E1,4.911000252E0,-5.079000473E0
1.516940992E2,1.978950143E0,4.525050163E0,-4.650000095E0
1.516965427E2,2.530499995E-1,8.872950554E0,3.448950052E0
1.516989863E2,4.096050262E0,6.879000187E0,-1.375050068E0
1.517014298E2,6.528000355E0,7.762050152E0,-5.107050419E0
1.517038734E2,1.195905018E1,9.256050110E0,-1.086600018E1
1.517063169E2,4.776000023E0,8.545050621E0,-1.117695045E1
1.517087605E2,-8.310000300E-1,1.101795006E1,-5.325000286E0
1.517112039E2,3.793950081E0,1.189995098E1,-4.027950287E0
1.517136475E2,5.680950165E0,6.133950233E0,-6.963000298E0
1.517160910E2,2.680950165E0,6.534000397E0,-4.918050289E0
1.517185346E2,9.217050552E0,5.683950424E0,-3.340950251E0
1.517209780E2,7.801950455E0,4.384050369E0,-7.783950329E0
1.517234215E2,7.320000529E-1,7.834050179E0,-1.234050035E0
1.517258651E2,5.773950100E0,8.454000473E0,-5.100000277E-2
1.517283085E2,5.944050312E0,4.618050098E0,-4.144950390E0
1.517307522E2,1.020795059E1,9.690000534E0,-5.581950188E0
1.517331956E2,1.083300018E1,7.152000427E0,-9.766950607E0
1.517356392E2,6.460500360E-1,9.831000328E0,-9.754950523E0
1.517380827E2,1.411950111E0,1.133895016E1,-2.236950159E0
1.517405263E2,6.612000465E0,6.426000118E0,-4.887000084E0
1.517429698E2,2.475000143E0,6.157950401E0,-5.871000290E0
1.517454134E2,6.598050117E0,6.076950073E0,-3.049500287E-1
1.517478568E2,8.638050079E0,6.330000401E0,-3.775950193E0
1.517503005E2,1.642050028E0,6.985950470E0,-8.719500303E-1
1.517527439E2,-1.870500147E-1,1.011795044E1,4.465950012E0
1.517551875E2,2.041949987E0,7.815000534E0,-5.389500260E-1
1.517576310E2,6.421050072E0,1.005405045E1,-4.879950047E0
1.517600746E2,1.028295040E1,1.079595089E1,-1.183995056E1
1.517625180E2,2.002950191E0,7.888950348E0,-9.715950012E0
1.517649617E2,-4.305000231E-2,9.417000771E0,-2.514000177E0
1.517674051E2,3.985950232E0,1.123395061E1,-3.943950176E0
1.517698487E2,2.755050182E0,5.581050396E0,-4.614000320E0
1.517722921E2,3.415950060E0,5.598000050E0,-3.034050226E0
1.517747356E2,8.712000847E0,4.753050327E0,-7.705050468E0
1.517771792E2,2.986950159E0,3.862050295E0,-5.787000179E0
1.517796227E2,1.402050018E0,7.099050522E0,9.919500351E-1
1.517820663E2,3.964050293E0,6.787950516E0,-7.470000386E-1
1.517845097E2,4.906949997E0,4.258950233E0,-2.115000010E0
1.517869533E2,9.054000854E0,8.506950378E0,-4.923000336E0
1.517893968E2,6.531000137E0,5.506950378E0,-8.593950272E0
1.517918404E2,-7.560000420E-1,8.955000877E0,-5.242050171E0
1.517942839E2,2.286000013E0,9.349950790E0,-5.779500008E-1
1.517967275E2,5.571000099E0,4.590000153E0,-6.166050434E0
1.517991709E2,2.282999992E0,5.008950233E0,-5.799000263E0
1.518016143E2,6.765000343E0,3.816000223E0,1.759500057E-1
1.518040580E2,8.113050461E0,3.120000124E0,-3.466950178E0
1.518065014E2,1.282950044E0,7.209000111E0,-1.696050048E0
1.518089451E2,4.162950039E0,7.012950420E0,7.860000134E-1
1.518113885E2,5.812950134E0,5.566950321E0,-4.638000011E0
1.518138321E2,9.901950836E0,8.995050430E0,-7.167000294E0
1.518162755E2,8.913000107E0,7.216050148E0,-1.113600063E1
1.518187192E2,8.640000224E-1,1.081305027E1,-5.967000484E0
1.518211626E2,3.973950148E0,1.116705036E1,-3.211050034E0
1.518236062E2,5.461050034E0,8.782050133E0,-5.127000332E0
1.518260497E2,1.519950032E0,8.803950310E0,-4.030500054E-1
1.518284933E2,5.856000423E0,7.767000198E0,-7.309500575E-1
1.518309367E2,6.241050243E0,7.675950527E0,-5.203050137E0
1.518333804E2,1.096050024E0,8.356050491E0,-1.909050107E0
1.518358238E2,2.467950106E0,1.157100010E1,2.569500208E-1
1.518382672E2,3.508950233E0,9.418950081E0,-2.482950211E0
1.518407109E2,8.295000076E0,1.138005066E1,-6.148950100E0
1.518431545E2,9.909000397E0,1.188495064E1,-1.269495106E1
1.518455980E2,1.168050051E0,1.073295021E1,-8.850000381E0
1.518480416E2,0.000000000E0,1.276905060E1,-3.048000097E0
1.518504850E2,3.331950188E0,1.307505035E1,-2.809050083E0
1.518529284E2,1.831050038E0,7.618950367E0,-3.003000259E0
1.518553721E2,6.028050423E0,7.846050262E0,-1.834950089E0
1.518578155E2,9.016050339E0,6.487950325E0,-5.983950138E0
1.518602591E2,2.077050209E0,6.136050224E0,-2.956950188E0
1.518627026E2,3.696000099E0,9.522000313E0,1.639050126E0
1.518651462E2,3.847050190E0,7.075050354E0,-3.019500077E-1
1.518675897E2,7.266000271E0,9.001950264E0,-2.610000134E0
1.518700333E2,9.751049995E0,9.196050644E0,-8.224950790E0
1.518724768E2,3.837000132E0,7.729050159E0,-9.646950722E0
1.518749204E2,8.200500607E-1,9.997950554E0,-4.642950058E0
1.518773638E2,3.958950281E0,9.354000092E0,-5.062050343E0
1.518798074E2,3.028050184E0,5.284050465E0,-6.544050217E0
1.518822509E2,3.121050119E0,6.832950115E0,-3.580050230E0
1.518846945E2,7.479000568E0,3.783000231E0,-4.648050308E0
1.518871380E2,2.239950180E0,3.654000282E0,-5.281950474E0
1.518895814E2,4.159500301E-1,6.204000473E0,-1.590000093E-1
1.518920250E2,5.602050304E0,3.214950085E0,-3.760500252E-1
1.518944685E2,7.917000294E0,5.485050201E0,-3.826950073E0
1.518969121E2,9.021000862E0,5.818050385E0,-4.260000229E0
1.518993555E2,2.808000088E0,4.551000118E0,-6.754950523E0
1.519017992E2,-1.264050007E0,7.669050217E0,-5.131050110E0
1.519042426E2,5.665950298E0,5.866050243E0,-5.968950272E0
1.519066863E2,6.496950150E0,2.277000189E0,-8.752050400E0
1.519091297E2,3.961950302E0,2.547000170E0,-5.917050362E0
1.519115733E2,7.177050114E0,1.705050111E0,-1.837050080E0
1.519140168E2,3.804000139E0,2.530950069E0,-1.509000063E0
1.519164604E2,1.657950044E0,5.740950108E0,5.110500455E-1
1.519189039E2,5.140050411E0,4.549050331E0,-1.504050016E0
1.519213475E2,7.090950489E0,6.274950504E0,-4.513950348E0
1.519237909E2,9.648000717E0,7.975050449E0,-7.075950146E0
1.519262345E2,2.805000067E0,5.974050522E0,-1.140000057E1
1.519286779E2,-1.824000120E0,9.469050407E0,-8.182050705E0
1.519311214E2,4.399950027E0,8.059050560E0,-3.799950123E0
1.519335650E2,4.477050304E0,4.705049992E0,-5.922000408E0
1.519360085E2,1.158000112E0,4.792950153E0,-1.159050107E0
1.519384521E2,7.285050392E0,3.013950109E0,8.440500498E-1
1.519408955E2,6.150000095E0,3.016950130E0,-3.934050083E0
1.519433392E2,3.480000257E0,8.641050339E0,3.790500164E-1
1.519457826E2,5.674050331E0,7.413000584E0,-1.003950000E0
1.519482262E2,4.977000237E0,8.397000313E0,-5.881050110E0
1.519506697E2,9.390000343E0,1.168395042E1,-7.270050526E0
1.519531133E2,5.530050278E0,1.012095070E1,-1.213695049E1
1.519555568E2,-8.449500203E-1,1.159095097E1,-2.965050220E0
1.519580004E2,-8.400000334E-1,1.252395058E1,3.846000195E0
1.519604439E2,1.948050141E0,9.736950874E0,-2.020500153E-1
1.519628875E2,2.452950001E0,9.898050308E0,1.519050121E0
1.519653309E2,6.751050472E0,9.085950851E0,-8.119500279E-1
1.519677743E2,2.452950001E0,7.222950459E0,-6.751950264E0
1.519702180E2,5.626050472E0,1.024305058E1,-3.190050125E0
1.519726614E2,6.628950119E0,1.025505066E1,-7.612050533E0
1.519751051E2,4.648950100E0,1.102605057E1,-4.779000282E0
1.519775487E2,9.184050560E0,1.385805035E1,-7.171050549E0
1.519799921E2,5.899050236E0,1.120305061E1,-8.005050659E0
1.519824355E2,1.231950045E0,1.216800022E1,-3.814950228E0
1.519848792E2,4.125000000E0,1.266300106E1,-2.485950232E0
1.519873226E2,3.897000074E0,1.035795021E1,-4.399050236E0
1.519897663E2,3.220050097E0,6.639000416E0,-3.946050167E0
1.519922097E2,7.141050339E0,6.799950123E0,-5.758950233E0
1.519946533E2,4.417050362E0,4.705049992E0,-7.722000599E0
1.519970968E2,2.959500253E-1,5.811000347E0,4.200000167E-1
1.519995404E2,3.327000141E0,6.436050415E0,1.456950068E0
1.520019839E2,4.527000427E0,5.662050247E0,2.160000056E-1
1.520044275E2,9.016050339E0,9.838050842E0,-2.074050188E0
1.520068709E2,6.363000393E0,6.381000519E0,-7.741050243E0
1.520093146E2,3.610500097E-1,8.536050797E0,-6.562950134E0
1.520117580E2,1.624950051E0,9.151050568E0,-3.967950106E0
1.520142016E2,5.407950401E0,6.145950317E0,-6.930000305E0
1.520166450E2,3.603000164E0,4.137000084E0,-7.570950508E0
1.520190885E2,5.692950249E0,3.979050159E0,-1.819950104E0
1.520215321E2,7.050000191E0,6.630000472E-1,-3.160950184E0
1.520239756E2,3.081000090E0,4.912950039E0,-2.434950113E0
1.520264192E2,5.283000469E0,3.856950283E0,-6.210000515E-1
1.520288626E2,6.253050327E0,4.590000153E0,-4.284000397E0
1.520313063E2,1.020600033E1,6.382950306E0,-6.172950268E0
1.520337497E2,5.961000443E0,3.985950232E0,-7.654950142E0
1.520361933E2,-1.506000042E0,8.112000465E0,-8.184000015E0
1.520386368E2,5.155950069E0,6.658050537E0,-5.221950054E0
1.520410804E2,7.327950478E0,4.477050304E0,-6.013050079E0
1.520435238E2,2.568000078E0,4.065000057E0,-6.970050335E0
1.520459675E2,6.997950554E0,3.436050177E0,-2.550000191E0
1.520484110E2,5.926950455E0,2.305950165E0,-3.835950136E0
1.520508546E2,2.326050043E0,4.518000126E0,-1.993050098E0
1.520532980E2,5.880000114E0,3.979050159E0,-4.219050407E0
1.520557416E2,6.684000492E0,4.899000168E0,-8.055000305E0
1.520581850E2,9.414000511E0,6.792000294E0,-6.673050404E0
1.520606285E2,5.140050411E0,6.048000336E0,-6.616050243E0
1.520630721E2,2.295000106E-2,7.372050285E0,-5.634000301E0
1.520655156E2,4.515000343E0,8.731950760E0,-7.774950504E0
1.520679592E2,6.574050426E0,5.470950127E0,-9.123000145E0
1.520704026E2,3.184050083E0,4.528050423E0,-7.212000370E0
1.520728463E2,5.530050278E0,3.630000114E0,9.630000591E-1
1.520752897E2,6.598050117E0,3.292050123E0,-9.370500445E-1
1.520777333E2,2.941950083E0,5.539950371E0,1.174050093E0
1.520801768E2,5.140050411E0,6.366000175E0,-3.499500155E-1
1.520826202E2,5.520000458E0,6.760950089E0,-5.815950394E0
1.520850638E2,9.052050591E0,8.623950005E0,-7.351050377E0
1.520875075E2,5.695050240E0,7.554000378E0,-1.125600052E1
1.520899509E2,-1.402950048E0,9.643950462E0,-7.060950279E0
1.520923945E2,6.529500484E-1,1.047705078E1,1.009050012E0
1.520948379E2,2.796000242E0,7.402950287E0,2.700000070E-2
1.520972814E2,2.554050207E0,7.477050304E0,1.569000125E0
1.520997250E2,4.816050053E0,1.044900036E1,3.505950212E0
1.521021685E2,5.038950443E0,6.394950390E0,-8.959500194E-1
1.521046121E2,1.546050072E0,7.918050289E0,-2.292000055E0
1.521070558E2,6.507000446E0,1.299105072E1,-4.669500291E-1
1.521094991E2,4.488000393E0,1.225905037E1,-2.437950134E0
1.521119426E2,1.049295044E1,1.408995056E1,-6.894000530E0
1.521143862E2,5.074950218E0,1.320405102E1,-1.062900066E1
1.521168297E2,4.905000329E-2,1.159095097E1,-8.290500641E-1
1.521192733E2,2.209050179E0,1.503105068E1,-2.044950008E0
1.521217168E2,3.483000278E0,1.470105076E1,-3.859950066E0
1.521241604E2,1.764000058E0,9.546000481E0,-2.224950075E0
1.521266038E2,5.451000214E0,1.083405018E1,-7.297950268E0
1.521290475E2,3.840000153E0,9.619950294E0,-8.364000320E0
1.521314909E2,2.152050018E0,1.046100044E1,-3.205950260E0
1.521339345E2,4.171950340E0,1.046805096E1,-2.119050026E0
1.521363779E2,5.206950188E0,9.429000854E0,-2.376000166E0
1.521388214E2,1.041195011E1,1.280205059E1,-5.707950115E0
1.521412650E2,6.093000412E0,9.655950546E0,-9.321000099E0
1.521437085E2,3.970500231E-1,8.962050438E0,-2.763000250E0
1.521461521E2,1.515000105E0,9.823950768E0,-1.645050049E0
1.521485956E2,1.966950059E0,7.647000313E0,-2.388000011E0
1.521510392E2,1.780950069E0,4.357950211E0,-1.612050056E0
1.521534827E2,6.804000378E0,3.852000237E0,-1.951950073E0
1.521559263E2,5.980050087E0,1.600500047E-1,-6.343050480E0
1.521583697E2,2.578050137E0,5.895000458E0,-1.942050099E0
1.521608134E2,4.804950237E0,4.003050327E0,-7.690500617E-1
1.521632568E2,6.706050396E0,6.570000172E0,-2.683950186E0
1.521657004E2,9.916050911E0,8.263050079E0,-5.383050442E0
1.521681439E2,4.644000053E0,7.201950550E0,-8.068950653E0
1.521705875E2,4.210500121E-1,9.670050621E0,-7.693050385E0
1.521730310E2,4.237050056E0,7.495950222E0,-7.471050262E0
1.521754746E2,5.932050228E0,5.212050438E0,-8.811000824E0
1.521779180E2,4.618050098E0,4.101000309E0,-6.550950527E0
1.521803616E2,7.483950138E0,3.655950069E0,-1.590000033E0
1.521828051E2,5.125050068E0,1.662000060E0,-4.168950081E0
1.521852487E2,2.056050062E0,5.887050152E0,-1.224000096E0
1.521876921E2,5.824050426E0,4.642050266E0,-2.376000166E0
1.521901356E2,6.685950279E0,6.441000462E0,-5.731950283E0
1.521925792E2,9.808950424E0,7.923000336E0,-8.083950043E0
1.521950226E2,3.604950190E0,7.264050484E0,-9.901050568E0
1.521974663E2,-4.090500176E-1,8.377950668E0,-7.926000595E0
1.521999097E2,6.829950333E0,8.173950195E0,-5.694000244E0
1.522023533E2,5.821950436E0,4.080000401E0,-7.272000313E0
1.522047968E2,4.204050064E0,5.767950058E0,-2.227050066E0
1.522072404E2,9.210000038E0,4.069950104E0,-1.669050097E0
1.522096839E2,4.239000320E0,3.795000076E0,-3.745050192E0
1.522121275E2,2.173050165E0,7.621050358E0,1.402050018E0
1.522145709E2,4.512000084E0,5.500050068E0,-8.380500674E-1
1.522170143E2,5.899050236E0,8.049000740E0,-1.569000125E0
1.522194580E2,1.092405033E1,9.061950684E0,-5.887950420E0
1.522219014E2,3.277050257E0,6.771000385E0,-1.042800045E1
1.522243451E2,-7.560000420E-1,1.012995052E1,-1.540500075E-1
1.522267885E2,8.010000587E-1,1.049205017E1,-6.010500193E-1
1.522292321E2,2.125050068E0,8.956950188E0,8.749500513E-1
1.522316755E2,2.274000168E0,1.005405045E1,1.384950042E0
1.522341192E2,6.373050213E0,8.727000237E0,-1.272000074E0
1.522365626E2,2.773950100E0,5.406000137E0,-3.364050150E0
1.522390062E2,6.708000183E0,1.015605068E1,-4.023000240E0
1.522414497E2,4.869000435E0,1.028595066E1,-4.059000015E0
1.522438933E2,6.757950306E0,1.205805016E1,-3.862050295E0
1.522463368E2,7.873950481E0,1.207395077E1,-1.008495045E1
1.522487804E2,6.550500393E-1,1.125495052E1,-5.934000492E0
1.522512239E2,1.669500023E-1,1.086795044E1,-1.350000054E-1
1.522536675E2,3.174000263E0,1.102095032E1,-1.164000034E0
1.522561109E2,2.683050156E0,8.896950722E0,-2.956950188E0
1.522585546E2,6.624000549E0,7.786050320E0,-4.522950172E0
1.522609980E2,7.357050419E0,5.239050388E0,-7.996950150E0
1.522634416E2,2.173050165E0,6.238950253E0,-4.558950424E0
1.522658850E2,3.313050270E0,8.188050270E0,-1.350000054E-1
1.522683285E2,3.670050144E0,7.603950500E0,8.479500413E-1
1.522707721E2,9.490050316E0,1.006095028E1,-1.008000016E0
1.522732156E2,7.086000443E0,8.571000099E0,-6.100950241E0
1.522756592E2,1.648950100E0,8.574000359E0,-4.710000038E0
1.522781027E2,2.440950155E0,1.063500023E1,-2.706000090E0
1.522805463E2,3.472950220E0,8.470950127E0,-4.360050201E0
1.522829897E2,2.227950096E0,8.167050362E0,-3.979500234E-1
1.522854333E2,7.089000225E0,7.750050545E0,-2.023950100E0
1.522878768E2,4.711050034E0,4.258950233E0,-7.051950455E0
1.522903204E2,5.209500194E-1,7.618950367E0,-1.687950134E0
1.522927639E2,2.437050104E0,8.482950211E0,-1.095000029E0
1.522952075E2,5.500950336E0,6.247050285E0,-1.114050031E0
1.522976510E2,1.203495026E1,8.452050209E0,-8.791950226E0
1.523000946E2,6.223950386E0,7.048950195E0,-1.285995102E1
1.523025381E2,-4.759500325E-1,9.217950821E0,-6.546000481E0
1.523049814E2,2.628000021E0,1.033395004E1,-3.466950178E0
1.523074251E2,2.499000072E0,7.147050381E0,-2.634000063E0
1.523098685E2,4.000050068E0,7.438950539E0,-1.839000106E0
1.523123121E2,8.322000504E0,5.152050018E0,-6.220950127E0
1.523147558E2,4.254000187E0,3.618000269E0,-6.790950298E0
1.523171993E2,1.108050108E0,6.831000328E0,-2.023950100E0
1.523196427E2,3.736950159E0,4.696950436E0,-3.280500174E-1
1.523220863E2,9.058950424E0,7.087050438E0,-2.407050133E0
1.523245298E2,1.138395023E1,9.301950455E0,-6.939000130E0
1.523269734E2,3.289050102E0,8.401050568E0,-9.745050430E0
1.523294168E2,6.105000153E-2,1.119105053E1,-7.369950294E0
1.523318605E2,4.447950363E0,9.022050858E0,-8.163000107E0
1.523343039E2,3.595050097E0,7.755000591E0,-7.746000290E0
1.523367475E2,5.049000263E0,7.207050323E0,-2.886000156E0
1.523391910E2,9.471000671E0,3.610050201E0,-2.898000240E0
1.523416346E2,4.828050137E0,4.543950081E0,-5.505000114E0
1.523440780E2,4.879050255E0,7.252050400E0,-2.280000150E-1
1.523465214E2,6.160050392E0,5.236050129E0,-2.953050137E0
1.523489650E2,1.006500053E1,8.109000206E0,-4.665000439E0
1.523514085E2,1.043595028E1,7.846050262E0,-9.787950516E0
1.523538522E2,1.240500063E-1,9.079050064E0,-1.103805065E1
1.523562956E2,-1.875000119E0,1.063500023E1,-3.487050056E0
1.523587392E2,2.769000053E0,7.333950520E0,-3.124950171E0
1.523611827E2,2.707050085E0,5.595000267E0,-2.895000219E0
1.523636263E2,7.321050167E0,5.337000370E0,-6.730500460E-1
1.523660697E2,7.588950157E0,2.373000145E0,-4.336950302E0
1.523685133E2,1.441050053E0,5.547000408E0,-1.678950071E0
1.523709568E2,2.644950151E0,6.582000256E0,2.103000164E0
1.523734004E2,3.946950197E0,6.247050285E0,-1.369500011E-1
1.523758439E2,8.575950623E0,9.259050369E0,-3.391050100E0
1.523782875E2,6.319950104E0,6.448050499E0,-9.898050308E0
1.523807310E2,-4.210500121E-1,6.835950375E0,-6.088950157E0
1.523831746E2,1.873950124E0,8.586000443E0,-1.449000120E0
1.523856180E2,2.925000191E0,5.703000069E0,-5.730000138E-1
1.523880614E2,2.482050180E0,7.087050438E0,2.187000036E0
1.523905051E2,8.974950790E0,6.232050419E0,-5.100000501E-1
1.523929487E2,4.500000000E0,2.782050133E0,-4.344000340E0
1.523953922E2,3.876000166E0,6.405000210E0,-1.236000061E0
1.523978358E2,3.535950184E0,8.097000122E0,-2.698950052E0
1.524002792E2,4.615050316E0,8.476050377E0,-2.056950092E0
1.524027226E2,1.027095032E1,1.000800037E1,-8.953050613E0
1.524051663E2,3.661950111E0,8.341950417E0,-1.107900047E1
1.524076097E2,-1.240500063E-1,9.237000465E0,-3.421950102E0
1.524100533E2,2.530050039E0,1.195905018E1,-2.725050211E0
1.524124968E2,1.009950042E0,8.208000183E0,-8.530500531E-1
1.524149404E2,4.182000160E0,8.173950195E0,4.030500054E-1
1.524173839E2,7.618050575E0,5.109000206E0,-5.112000465E0
1.524198275E2,3.451950073E0,4.396049976E0,-5.598000050E0
1.524222710E2,2.499000072E0,8.794050217E0,-1.486950040E0
1.524247146E2,4.630050182E0,6.787950516E0,-1.365000010E0
1.524271580E2,9.958950043E0,8.059050560E0,-3.505950212E0
1.524296017E2,1.025595093E1,9.904950142E0,-1.074600029E1
1.524320451E2,2.074949980E0,9.037950516E0,-1.044900036E1
1.524344887E2,2.749500275E-1,1.092300034E1,-4.714950085E0
1.524369322E2,3.780000210E0,8.880000114E0,-4.839000225E0
1.524393756E2,3.580950260E0,7.147050381E0,-2.787000179E0
1.524418192E2,7.156050205E0,6.996000290E0,-3.172950268E0
1.524442627E2,7.819050312E0,2.617050171E0,-8.230050087E0
1.524467063E2,2.389050007E0,5.698050499E0,-6.477000237E0
1.524491497E2,3.543000221E0,7.077000141E0,-7.669500113E-1
1.524515934E2,4.450050354E0,6.618000507E0,4.489500225E-1
1.524540368E2,1.032600021E1,9.097949982E0,-2.139000177E0
1.524564804E2,8.896050453E0,8.059050560E0,-7.798950195E0
1.524589239E2,1.500000060E-1,9.369000435E0,-8.562000275E0
1.524613675E2,1.984050035E0,1.062300014E1,-5.266050339E0
1.524638110E2,4.407000065E0,6.984000206E0,-6.478950500E0
1.524662546E2,2.491950035E0,8.196000099E0,-3.616050243E0
1.524686980E2,7.599000454E0,7.567950249E0,-1.180950046E0
1.524711416E2,5.578050137E0,4.966050148E0,-3.807000160E0
1.524735851E2,8.320500255E-1,8.722050667E0,4.510500133E-1
1.524760287E2,2.809950113E0,9.559950829E0,1.681950092E0
1.524784721E2,4.843050003E0,9.582000732E0,-1.345950007E0
1.524809156E2,1.253805065E1,1.223205090E1,-9.297000885E0
1.524833592E2,5.632950306E0,9.244050026E0,-1.147200012E1
1.524858026E2,-2.595000155E-2,1.077900028E1,-4.036950111E0
1.524882462E2,2.166000128E0,1.277100086E1,-4.042050362E0
1.524906897E2,2.061000109E0,1.055400085E1,-1.969050050E0
1.524931333E2,4.042950153E0,9.019050598E0,-1.027950048E0
1.524955768E2,8.212050438E0,7.291050434E0,-7.150050163E0
1.524980204E2,4.239000320E0,6.340050220E0,-7.162050247E0
1.525004639E2,2.536950111E0,1.032195091E1,-3.316950083E0
1.525029075E2,2.962950230E0,9.244050026E0,-1.798950076E0
1.525053509E2,6.363000393E0,9.654000282E0,-1.621050119E0
1.525077945E2,8.647050858E0,1.101405048E1,-7.183050156E0
1.525102380E2,2.503950119E0,9.370950699E0,-6.999000549E0
1.525126816E2,7.320000529E-1,9.819000244E0,-1.878000140E0
1.525151251E2,3.013950109E0,9.376049995E0,-2.905050039E0
1.525175687E2,2.767050028E0,7.903050423E0,-2.209500074E-1
1.525200121E2,7.122000217E0,8.404050827E0,2.260500044E-1
1.525224555E2,7.477050304E0,5.497050285E0,-4.747950077E0
1.525248992E2,1.933950067E0,7.669050217E0,-3.166050196E0
1.525273428E2,2.346000195E0,9.639000893E0,-3.880500197E-1
1.525297863E2,3.504000187E0,8.230950356E0,-7.639500499E-1
1.525322297E2,9.979050636E0,1.085595036E1,-4.972950459E0
1.525346733E2,9.430050850E0,9.915000916E0,-1.160805035E1
1.525371168E2,5.070000291E-1,9.541050911E0,-7.333950520E0
1.525395604E2,1.429500133E-1,1.175295067E1,-3.417000055E0
1.525420039E2,2.391000032E0,8.133000374E0,-3.412050247E0
1.525444475E2,3.624000072E0,7.285950184E0,-1.693050027E0
1.525468909E2,8.554050446E0,6.034050465E0,-5.617050171E0
1.525493346E2,5.973000050E0,3.712950230E0,-8.188950539E0
1.525517780E2,1.831050038E0,6.751950264E0,-3.372000217E0
1.525542216E2,2.515950203E0,6.690000534E0,-1.399050117E0
1.525566651E2,4.407000065E0,6.237000465E0,-3.880500197E-1
1.525591085E2,7.768950462E0,8.562000275E0,-4.288949966E0
1.525615521E2,4.120050430E0,5.416050434E0,-6.103950500E0
1.525639958E2,-9.859500527E-1,6.469050407E0,-2.656050205E0
1.525664392E2,2.068050146E0,5.512050152E0,-1.920000017E-1
1.525688829E2,6.235950470E0,3.226950169E0,-4.819950104E0
1.525713263E2,5.973000050E0,4.052999973E0,-4.156949997E0
1.525737697E2,8.050950050E0,3.634050131E0,-2.164950132E0
1.525762133E2,2.832000017E0,2.940000057E0,-4.882050037E0
1.525786568E2,2.100000158E-2,7.030050278E0,5.730000138E-1
1.525811004E2,2.949000120E0,5.824950218E0,-1.630500108E-1
1.525835439E2,6.021000385E0,7.422000408E0,-1.525950074E0
1.525859875E2,1.152495098E1,6.535950184E0,-7.225950241E0
1.525884310E2,3.859050274E0,5.373000145E0,-1.146705055E1
1.525908746E2,1.147950053E0,9.465000153E0,-4.609050274E0
1.525933180E2,4.627050400E0,7.984950542E0,-6.429000378E0
1.525957616E2,1.737000108E0,7.225950241E0,-4.609050274E0
1.525982051E2,5.041950226E0,7.711950302E0,4.770000279E-1
1.526006487E2,7.576950550E0,4.543950081E0,-6.388050079E0
1.526030922E2,1.678050041E0,6.309000492E0,-5.019000053E0
1.526055358E2,2.266950130E0,8.467950821E0,-1.690950036E0
1.526079793E2,4.014000416E0,6.345000267E0,-3.280950069E0
1.526104229E2,9.460950851E0,8.767950058E0,-4.360050201E0
1.526128663E2,8.338050842E0,7.851000309E0,-1.053795052E1
1.526153097E2,-1.870500147E-1,9.036000252E0,-8.506950378E0
1.526177534E2,1.330500096E-1,9.370950699E0,-2.482950211E0
1.526201968E2,3.552000284E0,6.643950462E0,-2.191050053E0
1.526226404E2,3.409050226E0,6.409050465E0,-9.610500336E-1
1.526250839E2,8.259000778E0,6.697050095E0,-8.310000300E-1
1.526275275E2,7.309050560E0,4.528050423E0,-5.164950371E0
1.526299710E2,1.507950068E0,8.064000130E0,-1.518000126E0
1.526324146E2,2.032050133E0,8.605050087E0,2.098050117E0
1.526348581E2,3.576000214E0,8.566950798E0,-6.420000196E-1
1.526373017E2,1.066095066E1,1.154505062E1,-5.565000057E0
1.526397451E2,6.646050453E0,9.852000237E0,-9.393000603E0
1.526421887E2,6.480000019E-1,9.763950348E0,-3.087000132E0
1.526446322E2,2.155950069E0,1.148505020E1,-3.604050159E0
1.526470758E2,2.085000038E0,1.063995075E1,-2.425950050E0
1.526495193E2,2.311950207E0,1.081500053E1,6.090000272E-1
1.526519629E2,5.974950314E0,9.217950821E0,-3.475050211E0
1.526544063E2,3.583050251E0,7.302000523E0,-3.994050264E0
1.526568500E2,2.101050138E0,9.370950699E0,-2.131050110E0
1.526592934E2,3.808050156E0,9.517050743E0,-3.606000185E0
1.526617371E2,6.265050411E0,9.238950729E0,-4.473000050E0
1.526641805E2,9.349050522E0,1.102605057E1,-9.742950439E0
1.526666239E2,3.672000170E0,9.004950523E0,-9.436050415E0
1.526690675E2,1.004999995E0,8.241000175E0,-3.853050232E0
1.526715110E2,3.247950077E0,9.972000122E0,-2.847000122E0
1.526739546E2,2.058000088E0,6.280050278E0,-1.803000093E0
1.526763981E2,3.853950262E0,6.145950317E0,-8.530500531E-1
1.526788417E2,7.977000237E0,3.418950081E0,-5.785050392E0
1.526812852E2,4.090950012E0,3.619950056E0,-5.449950218E0
1.526837288E2,2.257050037E0,6.127050400E0,4.440000355E-1
1.526861722E2,4.909950256E0,4.171050072E0,-3.900000080E-2
1.526886158E2,8.889000893E0,7.798050404E0,-2.898000240E0
1.526910593E2,8.779050827E0,7.669050217E0,-4.954050064E0
1.526935027E2,1.033950090E0,7.551000595E0,-7.357950211E0
1.526959463E2,-4.950000439E-3,1.006095028E1,-4.858050346E0
1.526983898E2,4.848000050E0,7.483950138E0,-5.533950329E0
1.527008334E2,1.690050125E0,7.747950554E0,-5.512050152E0
1.527032771E2,5.626050472E0,6.349950314E0,-1.552050114E0
1.527057205E2,7.050000191E0,4.048950195E0,-4.312950134E0
1.527081639E2,2.073000193E0,7.012950420E0,-1.711950064E0
1.527106075E2,1.869000077E0,7.816950321E0,2.680050135E0
1.527130510E2,5.343000412E0,7.590000153E0,-5.299500227E-1
1.527154946E2,1.295505047E1,1.000800037E1,-7.698000431E0
1.527179381E2,9.070950508E0,7.738050461E0,-1.314795017E1
1.527203817E2,-1.990500093E-1,9.910050392E0,-8.401950836E0
1.527228251E2,1.936050057E0,1.162395096E1,-4.747950077E0
1.527252688E2,2.367000103E0,8.301000595E0,-4.404000282E0
1.527277122E2,3.459000111E0,7.771950245E0,-7.980000377E-1
1.527301558E2,9.303000450E0,5.257950306E0,-4.810950279E0
1.527325993E2,5.653950214E0,4.447950363E0,-5.706000328E0
1.527350429E2,2.548950195E0,7.843950272E0,-2.172000170E0
1.527374864E2,2.382000208E0,7.663950443E0,6.300000101E-2
1.527399300E2,4.843050003E0,7.935000420E0,-7.590000629E-1
1.527423735E2,9.853950500E0,8.871000290E0,-5.919000149E0
1.527448171E2,4.078950405E0,7.441050529E0,-8.409000397E0
1.527472605E2,-6.130500436E-1,9.103050232E0,-4.416000366E0
1.527497039E2,3.499950171E0,8.370000839E0,-3.132000208E0
1.527521475E2,3.217050076E0,6.613050461E0,-1.843950033E0
1.527545910E2,5.311950207E0,8.365950584E0,2.104950190E0
1.527570346E2,7.909950256E0,7.033950329E0,-2.646000147E0
1.527594780E2,3.222000122E0,6.163050175E0,-3.016950130E0
1.527619216E2,2.233050108E0,1.010595036E1,6.019500494E-1
1.527643651E2,2.415000200E0,8.746050835E0,-1.921050072E0
1.527668087E2,6.817950249E0,1.127205086E1,-3.276000261E0
1.527692522E2,1.006005001E1,1.120005035E1,-1.161795044E1
1.527716958E2,1.702050090E0,9.469050407E0,-9.372000694E0
1.527741393E2,4.780500233E-1,1.100895023E1,-3.094050169E0
1.527765829E2,3.696000099E0,1.182105064E1,-4.645050049E0
1.527790263E2,1.539000034E0,8.737050056E0,-1.554000020E0
1.527814700E2,5.841000080E0,8.605050087E0,-3.489000082E0
1.527839134E2,7.038000107E0,5.550000191E0,-8.799000740E0
1.527863570E2,2.202000141E0,6.997950554E0,-5.586000443E0
1.527888004E2,3.046950102E0,9.016950607E0,-2.979000092E0
1.527912439E2,3.646050215E0,6.982050419E0,-1.600050092E0
1.527936875E2,8.728950500E0,9.975000381E0,-3.843000174E0
1.527961312E2,6.988050461E0,8.104949951E0,-8.922000885E0
1.527985746E2,5.160000324E-1,9.036000252E0,-4.903950214E0
1.528010180E2,8.680500388E-1,9.996000290E0,-1.831950068E0
1.528034616E2,4.012050152E0,6.283050060E0,-3.505950212E0
1.528059051E2,2.896050215E0,7.003050327E0,-7.860000134E-1
1.528083487E2,8.214000702E0,6.601050377E0,-1.570950031E0
1.528107922E2,6.499950409E0,2.169000149E0,-7.471050262E0
1.528132358E2,1.447950125E0,7.243050575E0,-3.778950214E0
1.528156793E2,5.221050262E0,5.302950382E0,-2.494950056E0
1.528181229E2,6.856050491E0,6.546000481E0,-3.301950216E0
1.528205663E2,1.225305080E1,7.551000595E0,-6.415050507E0
1.528230099E2,4.101000309E0,6.559950352E0,-1.163205051E1
1.528254534E2,-2.491950035E0,9.613050461E0,-5.220000267E0
1.528278970E2,2.068050146E0,7.663950443E0,-3.553950071E0
1.528303404E2,3.040050030E0,4.690050125E0,-5.044950008E0
1.528327838E2,5.005950451E0,5.430000305E0,-1.324950099E0
1.528352275E2,8.464950562E0,3.120000124E0,-2.815950155E0
1.528376709E2,2.692950010E0,3.462000132E0,-4.576050282E0
1.528401146E2,2.404950142E0,6.694050312E0,-1.300500035E-1
1.528425580E2,3.844050169E0,5.124000072E0,-1.315050006E0
1.528450016E2,6.223950386E0,9.268050194E0,-1.522950053E0
1.528474451E2,8.001000404E0,8.619000435E0,-4.927950382E0
1.528498887E2,3.319500089E-1,8.818050385E0,-7.114050388E0
1.528523321E2,-1.399950027E0,1.081995010E1,-1.237950087E0
1.528547758E2,1.789950132E0,8.563950539E0,-3.430950165E0
1.528572192E2,1.038000107E0,8.277000427E0,-3.210000098E-1
1.528596628E2,5.872050285E0,8.967000008E0,-1.420500129E-1
1.528621063E2,5.523000240E0,5.923050404E0,-3.606000185E0
1.528645499E2,4.552950382E0,6.213000298E0,-2.172000170E0
1.528669934E2,5.506050110E0,8.536050797E0,-4.581000328E0
1.528694370E2,5.250000477E0,8.593050003E0,-3.859950066E0
1.528718805E2,8.901000023E0,1.118805027E1,-7.204950333E0
1.528743241E2,5.484000206E0,9.883950233E0,-1.126305008E1
1.528767675E2,-2.080500126E-1,8.904000282E0,-4.492050171E0
1.528792112E2,1.633950114E0,9.916950226E0,-2.461950064E0
1.528816545E2,2.194950104E0,9.943050385E0,-2.031000137E0
1.528840980E2,1.917000055E0,6.265950203E0,-1.641000032E0
1.528865416E2,6.652950287E0,5.502000332E0,-5.352000237E0
1.528889851E2,5.484000206E0,2.820000172E0,-8.353950500E0
1.528914287E2,1.299000025E0,6.334950447E0,-3.573000193E0
1.528938722E2,2.002950191E0,6.856950283E0,6.349500418E-1
1.528963158E2,4.816050053E0,6.127050400E0,1.540050030E0
1.528987592E2,9.478050232E0,8.224050522E0,-6.730500460E-1
1.529012028E2,5.542050362E0,4.662000179E0,-5.275050163E0
1.529036463E2,7.369500399E-1,7.671000481E0,-5.457000256E0
1.529060899E2,5.680950165E0,6.559950352E0,-6.022050381E0
1.529085334E2,4.648950100E0,5.113950253E0,-7.927950382E0
1.529109770E2,4.026000023E0,5.989950180E0,-1.530000091E0
1.529134205E2,8.655000687E0,2.703000069E0,-1.705050111E0
1.529158641E2,3.433050156E0,3.678000212E0,-3.736050129E0
1.529183075E2,1.783050060E0,7.116000175E0,1.477950096E0
1.529207511E2,4.030950069E0,5.983050346E0,-9.630000591E-1
1.529231946E2,7.294950485E0,7.173000336E0,-4.839000225E0
1.529256380E2,9.550050735E0,7.413000584E0,-1.020300007E1
1.529280816E2,1.108050108E0,7.153950214E0,-1.187400055E1
1.529305251E2,-1.174950004E0,1.037895012E1,-2.071950197E0
1.529329687E2,3.538050175E0,8.842050552E0,-1.234050035E0
1.529354124E2,1.230000019E0,7.602000237E0,-1.609500051E-1
1.529378558E2,4.338000298E0,8.962050438E0,3.300000191E0
1.529402992E2,6.928050518E0,6.133950233E0,-4.774950027E0
1.529427428E2,2.014950037E0,6.771000385E0,-2.956950188E0
1.529451863E2,3.490050077E0,9.526950836E0,-1.642950058E0
1.529476299E2,2.680950165E0,9.100950241E0,-5.200500488E-1
1.529500734E2,9.256050110E0,1.240695095E1,-2.830950022E0
1.529525170E2,9.069000244E0,1.097505093E1,-9.609000206E0
1.529549605E2,2.848050117E0,9.064949989E0,-5.416050434E0
1.529574041E2,4.543950081E0,1.218900013E1,-6.172950268E0
1.529598475E2,3.990000248E0,1.165500069E1,-5.713050365E0
1.529622912E2,1.351950049E0,1.035795021E1,-1.039950013E0
1.529647345E2,6.873000145E0,8.818050385E0,-4.636050224E0
1.529671780E2,5.359950066E0,5.707950115E0,-7.984950542E0
1.529696217E2,2.638050079E0,8.209950447E0,-4.822950363E0
1.529720651E2,3.568950176E0,7.702050209E0,-4.923000336E0
1.529745088E2,4.546050072E0,6.213000298E0,-4.978050232E0
1.529769522E2,9.672000885E0,9.156000137E0,-9.088950157E0
1.529793958E2,4.456950188E0,7.417050362E0,-1.027695084E1
1.529818392E2,-1.441050053E0,7.647000313E0,-1.545000076E0
1.529842829E2,-6.730500460E-1,1.041300011E1,5.290050030E0
1.529867263E2,2.434050083E0,4.183050156E0,9.850500226E-1
1.529891699E2,4.488000393E0,6.961950302E0,-1.660500020E-1
1.529916134E2,9.496950150E0,5.353950024E0,-8.530500531E-1
1.529940570E2,5.908050060E0,2.683950186E0,-4.285950184E0
1.529965005E2,3.514050245E0,8.368050575E0,8.130000234E-1
1.529989441E2,2.544000149E0,8.287050247E0,2.857050180E0
1.530013876E2,2.476950169E0,1.094895077E1,-7.005000114E-2
1.530038312E2,8.110950470E0,1.391100025E1,2.160000056E-1
1.530062746E2,4.227000237E0,9.793050766E0,-4.789050102E0
1.530087180E2,4.333050251E0,1.052505016E1,-3.337950230E0
1.530111617E2,4.912050247E0,1.448805046E1,-8.821050644E0
1.530136053E2,3.655050278E0,1.304400063E1,-4.779000282E0
1.530160488E2,2.614050150E0,1.249800014E1,-3.024000168E0
1.530184922E2,2.422049999E0,1.013505077E1,-7.576050282E0
1.530209358E2,1.021950006E0,9.426000595E0,-4.638000011E0
1.530233792E2,2.785950184E0,1.139895058E1,-6.007950306E0
1.530258229E2,3.643050194E0,1.014900017E1,-6.376050472E0
1.530282663E2,6.363000393E0,8.410950661E0,-8.610000610E0
1.530307099E2,7.014000416E0,9.286950111E0,-1.269705105E1
1.530331534E2,1.527000070E0,7.384050369E0,-8.950050354E0
1.530355970E2,-1.900950074E0,9.124950409E0,-1.540050030E0
1.530380405E2,-3.225000143E0,6.766050339E0,4.521000385E0
1.530404841E2,-4.330500066E-1,1.915050149E0,5.151000023E0
1.530429276E2,3.184050083E0,3.340050220E0,4.710000038E0
1.530453712E2,8.707050323E0,3.201000214E0,3.433950186E0
1.530478145E2,7.857000351E0,-1.206000090E0,-2.890050173E0
1.530502582E2,1.016295052E1,-1.600500047E-1,-5.905050278E0
1.530527016E2,1.014600086E1,8.880000710E-1,-9.870000839E0
1.530551453E2,7.765950203E0,4.413000107E0,-9.754950523E0
1.530575888E2,6.004050255E0,6.448050499E0,-9.199050903E0
1.530600321E2,1.432950020E0,5.514000416E0,-8.461950302E0
1.530624758E2,4.156050205E0,7.483950138E0,-5.638950348E0
1.530649192E2,5.188050270E0,5.722050190E0,-6.205950260E0
1.530673628E2,3.319950104E0,3.301950216E0,-6.817050457E0
1.530698063E2,5.470050335E0,2.442000151E0,-3.577950239E0
1.530722499E2,3.792000294E0,4.740000367E-1,-1.284000039E0
1.530746934E2,3.729000092E0,3.133950233E0,1.047000051E0
1.530771370E2,4.419000149E0,4.642050266E0,9.199500680E-1
1.530795805E2,3.676950216E0,6.204000473E0,-7.500000298E-2
1.530820241E2,7.720950603E0,8.338950157E0,-4.384050369E0
1.530844675E2,3.765000105E0,6.466950417E0,-7.747950554E0
1.530869111E2,-1.294950008E0,7.390950203E0,-6.316950321E0
1.530893546E2,8.110500574E-1,8.100000381E0,-4.260000229E0
1.530917982E2,4.129500091E-1,6.523950100E0,-1.501950026E0
1.530942417E2,1.278000116E0,6.141000271E0,1.738950133E0
1.530966853E2,5.275950432E0,5.854050159E0,5.299500227E-1
1.530991288E2,3.178950071E0,3.589050055E0,-2.038050175E0
1.531015722E2,6.028050423E0,6.057000160E0,-2.059950113E0
1.531040158E2,4.612950325E0,8.191050529E0,-4.023000240E0
1.531064595E2,6.415950298E0,9.304050446E0,-2.980950117E0
1.531089028E2,8.464950562E0,1.024500084E1,-8.313000679E0
1.531113463E2,1.998000145E0,8.401050568E0,-6.858000278E0
1.531137899E2,-1.219500080E-1,8.230950356E0,2.689500153E-1
1.531162334E2,2.532000065E0,1.116195011E1,-2.337000132E0
1.531186770E2,2.844000101E0,8.005949974E0,-2.790000200E0
1.531211204E2,4.620000362E0,6.040950298E0,-5.446950436E0
1.531235641E2,6.301050186E0,5.242950439E0,-9.472050667E0
1.531260075E2,3.876000166E0,4.530000210E0,-8.196000099E0
1.531284511E2,3.897000074E0,7.141950130E0,-4.425000191E0
1.531308946E2,3.990000248E0,5.776950359E0,-3.633000135E0
1.531333382E2,5.133000374E0,7.255050182E0,-4.071000099E0
1.531357817E2,6.562050343E0,8.524050713E0,-4.427999973E0
1.531382253E2,2.146950006E0,5.209950447E0,-3.745050192E0
1.531406688E2,9.139500260E-1,6.586950302E0,3.000000119E-1
1.531431121E2,6.418050289E0,5.209950447E0,-2.019000053E0
1.531455558E2,5.793000221E0,1.638000131E0,-5.275050163E0
1.531479994E2,6.544950485E0,4.735949993E0,-1.674000025E0
1.531504429E2,7.144050121E0,2.634000063E0,-2.650950193E0
1.531528865E2,2.058000088E0,5.374950409E0,-6.000000238E-2
1.531553299E2,3.013950109E0,8.641050339E0,1.366050124E0
1.531577734E2,2.616000175E0,6.982050419E0,1.800000072E-1
1.531602170E2,2.974950075E0,1.039800072E1,9.990000725E-1
1.531626605E2,4.888050079E0,9.280050278E0,-5.007000446E0
1.531651041E2,7.009500265E-1,6.678000450E0,-2.316000223E0
1.531675475E2,1.747050047E0,8.533050537E0,2.641950130E0
1.531699912E2,1.894950032E0,1.222500038E1,-3.036000252E0
1.531724346E2,2.161050081E0,8.919000626E0,-1.765050054E0
1.531748782E2,5.152050018E0,7.714050293E0,-2.995950222E0
1.531773217E2,2.563050032E0,7.482000351E0,-9.561000824E0
1.531797653E2,2.733000040E0,8.583000183E0,-7.417950153E0
1.531822088E2,4.198950291E0,1.015605068E1,-1.003500080E1
1.531846524E2,2.494050026E0,7.812000275E0,-6.882000446E0
1.531870958E2,8.157000542E0,8.800950050E0,-7.285950184E0
1.531895395E2,6.106950283E0,7.113000393E0,-1.014000034E1
1.531919829E2,1.021950006E0,6.385050297E0,-2.373000145E0
1.531944265E2,2.994000196E0,9.127050400E0,3.120000064E-1
1.531968700E2,2.620950222E0,5.014050007E0,-8.205000311E-2
1.531993134E2,3.864000082E0,5.860950470E0,2.326050043E0
1.532017570E2,6.640950203E0,6.453000069E0,1.629000068E0
1.532042005E2,6.487950325E0,3.682050228E0,-1.705050111E0
1.532066441E2,3.628950119E0,8.293950081E0,2.505000122E-2
1.532090875E2,3.255000114E0,9.342000008E0,-2.569500208E-1
1.532115311E2,3.658050060E0,9.160050392E0,-2.433000088E0
1.532139746E2,7.672950268E0,1.165305042E1,-3.955950260E0
1.532164182E2,6.037950516E0,1.022595024E1,-1.000095081E1
1.532188617E2,4.519500136E-1,1.037700081E1,-2.754000187E0
1.532213053E2,1.773000121E0,1.244100094E1,-8.599500656E-1
1.532237488E2,1.906950116E0,1.122705078E1,-1.686000109E0
1.532261924E2,1.882950068E0,1.087005043E1,9.829500318E-1
1.532286358E2,6.390000343E0,1.105200100E1,-5.560500026E-1
1.532310795E2,3.958950281E0,8.029950142E0,-5.014050007E0
1.532335229E2,6.607050419E0,1.010595036E1,-5.263050079E0
1.532359665E2,4.624950409E0,1.158795071E1,-8.854949951E0
1.532384100E2,2.323950052E0,1.145205021E1,-3.814950228E0
1.532408536E2,5.722050190E0,1.312500095E1,-3.439050198E0
1.532432970E2,3.388950109E0,1.003905010E1,-5.809050083E0
1.532457407E2,1.675050020E0,8.017950058E0,-3.450000286E-1
1.532481841E2,4.540950298E0,1.034805012E1,-2.830950022E0
1.532506278E2,1.807050109E0,8.385000229E0,-3.478950262E0
1.532530712E2,2.620950222E0,5.752950191E0,-8.599500656E-1
1.532555146E2,4.696950436E0,5.872950077E0,-4.756050110E0
1.532579582E2,1.680000067E0,3.543000221E0,-4.132950306E0
1.532604017E2,2.647050142E0,9.352050781E0,1.878000140E0
1.532628453E2,4.062000275E0,6.418950081E0,9.390000701E-1
1.532652888E2,7.263000488E0,9.304050446E0,1.447050095E0
1.532677324E2,9.010950089E0,1.012305069E1,-5.589000225E0
1.532701759E2,5.430000424E-1,8.095050812E0,-5.014050007E0
1.532726195E2,1.210500076E-1,1.039395046E1,-9.100500345E-1
1.532750629E2,2.937000036E0,8.695950508E0,-4.036950111E0
1.532775065E2,2.929950237E0,6.807000160E0,-2.778000116E0
1.532799500E2,8.626049995E0,7.551000595E0,-6.805050373E0
1.532823934E2,8.848050117E0,5.020950317E0,-9.463050842E0
1.532848371E2,3.100050211E0,7.980000496E0,-6.963000298E0
1.532872807E2,2.365050077E0,1.114995098E1,-3.606000185E0
1.532897242E2,2.641950130E0,8.707950592E0,-3.079950094E0
1.532921678E2,7.251000404E0,1.063800049E1,-4.432050228E0
1.532946112E2,7.230000496E0,7.872000217E0,-9.324000359E0
1.532970546E2,8.160000443E-1,7.804950237E0,-7.927950382E0
1.532994983E2,1.717950106E0,8.689050674E0,-3.285000086E0
1.533019417E2,3.054000139E0,6.517050266E0,-3.469950199E0
1.533043853E2,1.017000079E0,6.057000160E0,-5.800500512E-1
1.533068288E2,5.113050461E0,7.120950222E0,2.476950169E0
1.533092724E2,4.126950264E0,4.108950138E0,-2.509950161E0
1.533117159E2,9.190500379E-1,6.735000134E0,1.833000064E0
1.533141595E2,2.194950104E0,8.503950119E0,6.550500393E-1
1.533166030E2,3.543000221E0,5.662050247E0,-6.090000272E-1
1.533190466E2,7.381050587E0,1.020000076E1,-5.194050312E0
1.533214900E2,4.018949986E0,7.449000359E0,-1.030800056E1
1.533239337E2,-1.008000016E0,7.417050362E0,-1.564050078E0
1.533263771E2,-6.439500451E-1,8.682000160E0,1.759500057E-1
1.533288207E2,1.234950066E0,7.237950325E0,-9.409500360E-1
1.533312642E2,4.033950329E0,6.970050335E0,-4.480500221E-1
1.533337078E2,7.692000389E0,6.814050198E0,-5.569950104E0
1.533361512E2,4.194000244E0,4.009950161E0,-6.360000134E0
1.533385946E2,2.547000170E0,9.565050125E0,-3.172950268E0
1.533410383E2,1.882950068E0,8.563950539E0,-2.155050039E0
1.533434817E2,2.278950214E0,8.227050781E0,6.070500016E-1
1.533459253E2,9.058950424E0,1.035795021E1,-5.323050022E0
1.533483688E2,3.718050241E0,7.258950233E0,-6.454950333E0
1.533508124E2,7.410000563E-1,9.241950035E0,-2.526000023E0
1.533532559E2,2.568000078E0,8.509050369E0,-3.409950256E0
1.533556995E2,2.155950069E0,5.518950462E0,-2.359050035E0
1.533581430E2,4.057950020E0,7.429050446E0,-2.742000103E0
1.533605866E2,7.165050507E0,3.699000120E0,-7.092000484E0
1.533630300E2,2.463000059E0,5.005950451E0,-7.260000229E0
1.533654736E2,9.589500427E-1,7.638000488E0,-6.850500107E-1
1.533679171E2,3.634050131E0,5.583000183E0,4.339500070E-1
1.533703607E2,6.639000416E0,7.401000500E0,-8.119500279E-1
1.533728042E2,8.227950096E0,7.663950443E0,-2.806950092E0
1.533752478E2,1.314000010E0,5.860950470E0,-6.271050453E0
1.533776912E2,1.074000001E0,7.822050571E0,-2.433000088E0
1.533801346E2,7.474050522E0,6.478950500E0,-5.317950249E0
1.533825783E2,2.974950075E0,5.440050125E0,-5.317950249E0
1.533850220E2,4.122000217E0,6.871950150E0,1.957050085E0
1.533874654E2,7.120050430E0,4.554000378E0,-4.159049988E0
1.533899090E2,2.695050240E0,6.426000118E0,-2.136000156E0
1.533923524E2,2.425050020E0,9.067049980E0,4.609500170E-1
1.533947959E2,3.052050114E0,7.173000336E0,-1.099050045E0
1.533972395E2,1.039005089E1,1.025205040E1,-4.758000374E0
1.533996829E2,9.636000633E0,7.923000336E0,-1.303500080E1
1.534021266E2,4.590000212E-1,8.416049957E0,-7.066050529E0
1.534045700E2,2.868000031E0,1.090095043E1,-5.782950401E0
1.534070136E2,2.965950251E0,7.968000412E0,-4.786950111E0
1.534094571E2,2.259000063E0,9.034049988E0,-6.850500107E-1
1.534119007E2,8.401050568E0,7.396050453E0,-3.901050091E0
1.534143442E2,6.162000179E0,6.402000427E0,-4.657050133E0
1.534167878E2,1.740000129E0,9.217950821E0,-2.242050171E0
1.534192312E2,1.417050123E0,9.952950478E0,3.910500109E-1
1.534216746E2,3.978000164E0,8.776950836E0,-1.104000092E0
1.534241183E2,9.708000183E0,1.079595089E1,-5.305950165E0
1.534265620E2,5.461050034E0,9.012000084E0,-8.023950577E0
1.534290054E2,-8.160000443E-1,1.056600094E1,-4.083000183E0
1.534314490E2,2.319000006E0,1.006800079E1,-2.458950043E0
1.534338924E2,3.208050251E0,6.799950123E0,-5.482950211E0
1.534363359E2,5.596950054E0,7.609050274E0,-3.694950104E0
1.534387795E2,9.976050377E0,5.739000320E0,-6.690000534E0
1.534412230E2,3.262950182E0,4.920000076E0,-6.730950356E0
1.534436666E2,2.322000027E0,8.005949974E0,-4.770000279E-1
1.534461103E2,5.737950325E0,5.374950409E0,-1.224000096E0
1.534485537E2,7.596000195E0,7.470000267E0,-1.650000095E0
1.534509971E2,1.112295055E1,9.465000153E0,-7.351050377E0
1.534534407E2,2.520000219E0,7.228050232E0,-9.466950417E0
1.534558842E2,1.189500093E-1,1.031700039E1,-4.189500213E-1
1.534583278E2,2.908050060E0,7.827000141E0,-1.873050094E0
1.534607713E2,2.269050121E0,6.382950306E0,3.820500076E-1
1.534632149E2,6.709950447E0,7.246950150E0,-2.293950081E0
1.534656583E2,6.514050484E0,4.659000397E0,-6.148950100E0
1.534681020E2,2.527950048E0,6.826050282E0,-5.244000435E0
1.534705454E2,2.845950127E0,7.137000561E0,-1.510950089E0
1.534729890E2,3.490050077E0,7.461000443E0,7.069500089E-1
1.534754324E2,9.394050598E0,9.388050079E0,-3.277950048E0
1.534778759E2,9.828000069E0,9.172050476E0,-9.714000702E0
1.534803195E2,1.611000061E0,9.603000641E0,-9.349950790E0
1.534827629E2,9.000000358E-2,1.083900070E1,-1.801050067E0
1.534852066E2,1.498050094E0,9.124950409E0,-1.297950029E0
1.534876500E2,1.552950025E0,7.887000561E0,6.280500293E-1
1.534900936E2,6.567000389E0,8.386950493E0,-3.090000153E-1
1.534925371E2,5.616000175E0,6.694050312E0,-3.987000227E0
1.534949807E2,2.386050224E0,6.127050400E0,1.469999999E-1
1.534974242E2,4.323000431E0,9.666000366E0,-5.460000038E-1
1.534998678E2,4.237050056E0,9.052950859E0,-2.995950222E0
1.535023112E2,7.987050533E0,1.260600090E1,-3.739950180E0
1.535047548E2,6.636000156E0,9.985950470E0,-9.646950722E0
1.535071983E2,4.050000105E-3,9.400050163E0,-2.206050158E0
1.535096419E2,2.772000074E0,9.022050858E0,-3.805050135E0
1.535120854E2,3.198000193E0,7.563000202E0,-8.353950500E0
1.535145290E2,3.291000128E0,5.272050381E0,-7.444050312E0
1.535169724E2,7.450050354E0,2.928000212E0,-1.079205036E1
1.535194158E2,4.488000393E0,9.409500360E-1,-1.087095070E1
1.535218595E2,1.266000032E0,3.760950089E0,-2.248950005E0
1.535243031E2,2.413050175E0,4.384050369E0,2.115000010E0
1.535267466E2,3.804000139E0,4.261950016E0,4.758000374E0
1.535291902E2,7.254000187E0,6.088950157E0,2.841000080E0
1.535316336E2,4.174950123E0,2.683950186E0,2.742000103E0
1.535340771E2,1.941000104E0,3.333000183E0,1.605000019E0
1.535365207E2,4.125000000E0,6.040950298E0,-4.897050381E0
1.535389641E2,6.720000267E0,3.220050097E0,-1.168695068E1
1.535414077E2,4.789950371E0,2.236050129E0,-1.122000027E1
1.535438512E2,5.962950230E0,2.467950106E0,-8.079000473E0
1.535462948E2,6.255000114E0,3.271050215E0,-7.425000191E0
1.535487383E2,2.656950235E0,8.245950699E0,-3.970050097E0
1.535511819E2,2.116050005E0,8.056950569E0,1.981050134E0
1.535536254E2,1.486050129E0,8.629050255E0,4.174050331E0
1.535560690E2,4.909950256E0,1.067100048E1,2.208000183E0
1.535585124E2,4.225049973E0,7.129950523E0,-3.196950197E0
1.535609558E2,3.888000250E0,6.141000271E0,-2.689050198E0
1.535633995E2,7.510050297E0,7.300050259E0,-1.298895073E1
1.535658431E2,2.416950226E0,6.397050381E0,-1.003500080E1
1.535682866E2,5.941950321E0,6.973950386E0,-9.367050171E0
1.535707302E2,6.166950226E0,4.342950344E0,-9.958050728E0
1.535731736E2,2.641950130E0,6.117000103E0,-3.252000093E0
1.535756171E2,4.153050423E0,8.694000244E0,-1.401000023E0
1.535780607E2,2.827050209E0,9.397050858E0,1.440000057E0
1.535805041E2,3.895050287E0,1.029105091E1,-7.500000298E-2
1.535829477E2,4.350000381E0,1.001805019E1,-3.046050072E0
1.535853912E2,7.270500064E-1,9.069000244E0,-8.820000291E-1
1.535878348E2,5.640000105E-1,1.071195030E1,2.467050076E0
1.535902783E2,2.293050051E0,9.535950661E0,1.879500151E-1
1.535927219E2,1.752000093E0,7.798050404E0,-1.590000033E0
1.535951654E2,6.895050526E0,1.116000080E1,-3.099000216E0
1.535976090E2,5.254950047E0,8.365950584E0,-5.577000141E0
1.536000524E2,1.510050058E0,8.337000847E0,-3.220950127E0
1.536024958E2,2.803050041E0,1.193505096E1,-2.272950172E0
1.536049395E2,4.318050385E0,1.216005039E1,-1.485000014E0
1.536073831E2,8.130000114E0,1.313505077E1,-3.745050192E0
1.536098266E2,7.362000465E0,1.240200043E1,-9.859950066E0
1.536122702E2,4.489500225E-1,1.042905045E1,-4.228950024E0
1.536147136E2,1.918950081E0,1.312305069E1,-2.719950199E0
1.536171570E2,3.150000095E0,1.358505058E1,-1.264950037E0
1.536196007E2,9.190500379E-1,8.899050713E0,-2.329500169E-1
1.536220441E2,5.518050194E0,1.005405045E1,3.670500219E-1
1.536244877E2,4.114950180E0,8.896950722E0,-3.976950169E0
1.536269312E2,3.358050108E0,9.469050407E0,-2.328000069E0
1.536293748E2,5.235000134E0,1.057095051E1,-3.106050253E0
1.536318183E2,3.543000221E0,8.548050880E0,-1.339050055E0
1.536342619E2,7.993950367E0,1.213905048E1,-2.758950233E0
1.536367053E2,4.065000057E0,1.035300064E1,-4.060950279E0
1.536391490E2,7.530000210E-1,8.731950760E0,1.390050054E0
1.536415924E2,2.503950119E0,1.076505089E1,2.292000055E0
1.536440360E2,1.893000126E0,8.061000824E0,-1.469999999E-1
1.536464795E2,3.253050089E0,8.818050385E0,-8.070000410E-1
1.536489231E2,6.816000462E0,9.414000511E0,-5.196000099E0
1.536513666E2,2.271000147E0,7.555950165E0,-5.365950108E0
1.536538102E2,6.910500526E-1,1.183695030E1,-6.760500073E-1
1.536562536E2,4.417050362E0,1.006095028E1,-1.923000097E0
1.536586970E2,5.142000198E0,1.013505077E1,-3.016950130E0
1.536611407E2,9.706050873E0,1.281705093E1,-6.345000267E0
1.536635841E2,5.467950344E0,9.225000381E0,-9.292950630E0
1.536660278E2,1.549500078E-1,1.068600082E1,-3.223050117E0
1.536684714E2,2.692950010E0,9.526950836E0,-3.766950130E0
1.536709148E2,3.427950144E0,6.199050426E0,-4.222050190E0
1.536733583E2,4.804950237E0,6.526950359E0,-3.889050245E0
1.536758019E2,7.929000378E0,4.867050171E0,-8.617950439E0
1.536782454E2,3.837000132E0,4.389000416E0,-7.830000401E0
1.536806890E2,2.121000051E0,7.567950249E0,-1.411050081E0
1.536831324E2,2.143949986E0,5.883000374E0,1.156949997E0
1.536855761E2,3.463950157E0,6.723000526E0,2.115000010E0
1.536880195E2,7.330050468E0,8.878050804E0,7.240500450E-1
1.536904631E2,3.097050190E0,7.434000492E0,-1.624050021E0
1.536929066E2,-4.570500255E-1,1.089405060E1,3.750000238E0
1.536953502E2,7.080000043E-1,8.947050095E0,1.342050076E0
1.536977936E2,5.380499959E-1,8.622000694E0,-8.860500455E-1
1.537002373E2,8.749500513E-1,9.012000084E0,9.949500561E-1
1.537026807E2,3.318000078E0,7.120950222E0,7.099500299E-1
1.537051244E2,2.890500128E-1,6.555000305E0,-3.870000124E0
1.537075678E2,4.587000370E0,1.065000057E1,-1.087050080E0
1.537100114E2,5.580000401E0,1.044600010E1,-7.600050449E0
1.537124548E2,6.784950256E0,1.027395058E1,-7.291050434E0
1.537148983E2,8.865000725E0,1.038195038E1,-1.246305084E1
1.537173419E2,1.756950140E0,1.031400013E1,-7.444050312E0
1.537197854E2,1.362000108E0,1.037400055E1,-9.630000591E-1
1.537222290E2,5.665950298E0,1.072605038E1,-3.859950066E0
1.537246724E2,2.824050188E0,6.022050381E0,-5.397000313E0
1.537271161E2,5.058000088E0,6.448050499E0,-5.847000122E0
1.537295595E2,5.221050262E0,6.627000332E0,-8.170050621E0
1.537320031E2,1.201050043E0,5.989950180E0,-4.107000351E0
1.537344466E2,1.608000040E0,9.091050148E0,1.074000001E0
1.537368902E2,1.654050112E0,6.034050465E0,3.645000219E0
1.537393337E2,5.817000389E0,8.502000809E0,4.291050434E0
1.537417773E2,8.322000504E0,9.582000732E0,-5.100000501E-1
1.537442207E2,2.022000074E0,6.582000256E0,-1.791000128E0
1.537466643E2,3.282000065E0,1.058700085E1,6.640500426E-1
1.537491078E2,4.783050060E0,8.655000687E0,-3.622950077E0
1.537515514E2,3.811050177E0,7.803000450E0,-3.292950153E0
1.537539949E2,9.160050392E0,9.931050301E0,-4.798950195E0
1.537564383E2,8.254950523E0,7.741050243E0,-7.996950150E0
1.537588819E2,4.921950340E0,1.004400063E1,-6.292950153E0
1.537613254E2,5.464950085E0,1.286895084E1,-8.110050201E0
1.537637690E2,2.745000124E0,9.440999985E0,-6.988950253E0
1.537662124E2,6.178950310E0,1.088700008E1,-5.962050438E0
1.537686561E2,6.933000565E0,7.987050533E0,-1.078695011E1
1.537710995E2,7.510500550E-1,7.606950283E0,-4.837050438E0
1.537735431E2,4.138950348E0,7.494000435E0,-2.625000238E0
1.537759866E2,3.658050060E0,6.385050297E0,-3.637050152E0
1.537784302E2,2.250000000E0,3.369000196E0,-2.194050074E0
1.537808737E2,3.526050091E0,4.048950195E0,-5.230050087E0
1.537833173E2,1.951050043E0,4.887000084E0,-2.560050011E0
1.537857607E2,-1.080000043E0,3.895050287E0,2.062050104E0
1.537882044E2,7.939500213E-1,6.922050476E0,7.798950195E0
1.537906478E2,3.133050203E0,2.863050222E0,2.746950150E0
1.537930914E2,9.868050575E0,4.855950356E0,-1.602000117E0
1.537955349E2,1.211895084E1,6.139050484E0,-6.300000191E0
1.537979783E2,5.473050117E0,4.222949982E0,-1.227795029E1
1.538004220E2,3.102000237E0,7.657050133E0,-1.212495041E1
1.538028656E2,2.020050049E0,5.490000248E0,-8.661000252E0
1.538053090E2,-6.559500098E-1,7.192050457E0,1.555050015E0
1.538077527E2,2.451000214E0,8.557050705E0,5.011950016E0
1.538101961E2,1.848000050E0,6.775950432E0,4.002000332E0
1.538126395E2,3.253050089E0,7.522950172E0,-2.028000116E0
1.538150831E2,1.081695080E1,9.532050133E0,-3.823950291E0
1.538175266E2,8.556000710E0,7.852950573E0,-9.573000908E0
1.538199702E2,1.183200073E1,8.647950172E0,-1.446900082E1
1.538224137E2,3.504000187E0,1.053705025E1,-1.075800037E1
1.538248573E2,1.227000117E0,1.059900093E1,-2.695950031E0
1.538273008E2,3.006000042E0,1.173900032E1,-1.645050049E0
1.538297444E2,2.817000151E0,1.006500053E1,-1.116000056E0
1.538321878E2,3.133050203E0,7.662000179E0,9.970500469E-1
1.538346314E2,9.435000420E0,9.016950607E0,-4.236000061E0
1.538370749E2,4.323000431E0,7.599000454E0,-7.039950371E0
1.538395185E2,1.423950076E0,1.093905067E1,-2.230050087E0
1.538419619E2,1.756950140E0,1.083900070E1,-2.188950062E0
1.538444056E2,2.008050203E0,8.266950607E0,8.700000495E-2
1.538468491E2,9.391950607E0,1.138200092E1,-2.526000023E0
1.538492927E2,6.066000462E0,8.208000183E0,-6.907950401E0
1.538517361E2,2.142000198E0,1.050105095E1,-2.533950090E0
1.538541797E2,4.159950256E0,1.173705101E1,-3.549000263E0
1.538566231E2,2.712000132E0,9.139050484E0,-3.657000065E0
1.538590666E2,2.808000088E0,9.418950081E0,-2.662950039E0
1.538615103E2,7.915050507E0,8.310000420E0,-5.424000263E0
1.538639537E2,4.263000011E0,7.291050434E0,-5.593950272E0
1.538663974E2,3.898950100E0,9.465000153E0,-1.984950066E0
1.538688407E2,5.640000343E0,6.961950302E0,-3.261000156E0
1.538712844E2,4.620000362E0,6.816000462E0,-4.435050011E0
1.538737278E2,9.789000511E0,7.951050282E0,-6.841050148E0
1.538761714E2,6.325050354E0,5.133000374E0,-1.245795059E1
1.538786149E2,9.780000448E-1,6.034050465E0,-5.172000408E0
1.538810585E2,4.608000278E0,7.807950497E0,-2.395050049E0
1.538835020E2,2.947050095E0,3.745050192E0,-2.728050232E0
1.538859456E2,3.910950184E0,4.935000420E0,1.605000019E0
1.538883890E2,6.910950184E0,5.863950253E0,2.436000109E0
1.538908327E2,3.945000172E0,1.635000110E0,3.340500295E-1
1.538932761E2,3.969000101E0,7.075050354E0,-4.395000264E-2
1.538957197E2,5.527950287E0,4.495950222E0,-2.866050243E0
1.538981632E2,5.251950264E0,5.410950184E0,-8.515049934E0
1.539006066E2,7.857000351E0,7.792950153E0,-7.732050419E0
1.539030502E2,3.496950150E0,5.185950279E0,-8.989050865E0
1.539054939E2,-6.970500350E-1,7.434000492E0,-5.340000153E0
1.539079373E2,3.744000196E0,8.200050354E0,8.370000124E-1
1.539103810E2,5.341050148E0,4.438950062E0,-3.628050089E0
1.539128244E2,4.924050331E0,6.711000443E0,-2.136000156E0
1.539152678E2,1.052700043E1,6.855000496E0,-4.618950367E0
1.539177114E2,6.516000271E0,5.812950134E0,-8.670000076E0
1.539201549E2,2.671050072E0,1.043895054E1,-4.223999977E0
1.539225985E2,2.791050196E0,9.382950783E0,-3.999000072E0
1.539250420E2,3.982950211E0,9.394950867E0,-8.269500136E-1
1.539274856E2,1.165200043E1,9.754050255E0,-7.152000427E0
1.539299291E2,6.016050339E0,6.864000320E0,-9.841050148E0
1.539323727E2,2.164050102E0,9.538950920E0,-4.114050388E0
1.539348162E2,4.663050175E0,9.261000633E0,-4.959000111E0
1.539372598E2,3.034950256E0,9.144000053E0,-2.203050137E0
1.539397032E2,1.776000142E0,9.940950394E0,1.681950092E0
1.539421468E2,5.950950146E0,9.369000435E0,-1.449000120E0
1.539445903E2,3.049950123E0,1.003695011E1,-1.537950039E0
1.539470339E2,5.119500160E-1,1.223205090E1,1.924050093E0
1.539494774E2,1.522050023E0,1.274505043E1,2.730000019E0
1.539519210E2,1.891050100E0,1.100895023E1,-1.581000090E0
1.539543644E2,1.108050108E0,1.374795055E1,-1.777050138E0
1.539568078E2,3.607050180E0,1.312305069E1,2.151000023E0
1.539592514E2,9.589500427E-1,1.171995068E1,-1.887000084E0
1.539616949E2,2.677950144E0,1.471305084E1,-1.699500084E-1
1.539641385E2,3.016050100E0,1.305105019E1,-4.810950279E0
1.539665820E2,1.453050017E0,1.194300079E1,-8.719500303E-1
1.539690256E2,2.949000120E0,1.324995041E1,-1.339050055E0
1.539714691E2,1.447950125E0,1.175595093E1,-3.028950214E0
1.539739127E2,1.399500072E-1,1.275705051E1,5.250000358E-1
1.539763562E2,4.002000332E0,1.336995029E1,-1.375050068E0
1.539787998E2,3.018000126E0,1.095600033E1,-3.690000057E0
1.539812432E2,6.265050411E0,1.278495026E1,-5.530950069E0
1.539836868E2,4.747050285E0,1.362795067E1,-8.713050842E0
1.539861303E2,1.881000042E0,8.892000198E0,-2.419050217E0
1.539885739E2,2.005950212E0,8.380050659E0,-6.949500442E-1
1.539910174E2,3.021000147E0,8.353950500E0,-4.546950340E0
1.539934610E2,3.157050133E0,4.759950161E0,-4.324950218E0
1.539959045E2,6.763050556E0,5.100000381E0,-4.612050056E0
1.539983481E2,4.519950390E0,3.946050167E0,-5.134050369E0
1.540007915E2,4.165050030E0,7.233000278E0,7.140000463E-1
1.540032349E2,4.423950195E0,7.827000141E0,1.090500057E-1
1.540056786E2,3.139950037E0,5.820000172E0,-2.639999986E-1
1.540081220E2,7.267950535E0,1.012995052E1,-2.002050161E0
1.540105657E2,4.354050159E0,6.543000221E0,-6.724050522E0
1.540130093E2,-1.381050110E0,1.045095062E1,-5.944950104E0
1.540154528E2,1.528950095E0,6.606000423E0,-7.339050293E0
1.540178961E2,5.494050026E0,3.958050251E0,-8.293950081E0
1.540203398E2,3.988050222E0,2.365050077E0,-9.172950745E0
1.540227832E2,6.049950123E0,2.308050156E0,-2.919000149E0
1.540252268E2,3.768000126E0,1.486950040E0,-2.790000200E0
1.540276703E2,3.109050035E0,3.486000061E0,2.620500028E-1
1.540301139E2,7.383000374E0,3.346950054E0,9.709500670E-1
1.540325574E2,7.764000416E0,2.111999989E0,-3.934050083E0
1.540350010E2,8.748000145E0,4.674000263E0,-6.132000446E0
1.540374445E2,6.741000175E0,5.392050266E0,-6.798000336E0
1.540398881E2,1.207950115E0,7.276050568E0,-8.341950417E0
1.540423315E2,4.860000134E0,8.020950317E0,-9.633000374E0
1.540447752E2,5.014950275E0,5.301000118E0,-1.043205070E1
1.540472185E2,1.872000098E0,5.839950085E0,-8.574000359E0
1.540496622E2,3.355950117E0,6.013950348E0,-3.055950165E0
1.540521056E2,8.869500160E-1,6.175050259E0,5.686950207E0
1.540545493E2,1.495950103E0,8.200050354E0,2.938950062E0
1.540569928E2,3.406050205E0,9.382950783E0,2.614950180E0
1.540594364E2,3.568950176E0,9.666000366E0,1.240950108E0
1.540618798E2,3.804000139E0,1.159500027E1,1.818000078E0
1.540643232E2,3.945000172E0,1.128405094E1,2.377950191E0
1.540667668E2,1.234950066E0,1.017600060E1,-8.070000410E-1
1.540692103E2,1.030950069E0,1.494705105E1,-2.287050009E0
1.540716540E2,3.277050257E0,1.473705101E1,1.725000024E0
1.540740974E2,1.018950105E0,1.076895046E1,-1.702950120E0
1.540765410E2,1.450500041E-1,1.029795074E1,-4.770000279E-1
1.540789844E2,9.640500546E-1,1.214895058E1,8.959500194E-1
1.540814281E2,4.159500301E-1,1.226295090E1,-1.393950105E0
1.540838715E2,9.280500412E-1,1.359000111E1,2.670000196E-1
1.540863151E2,6.070500016E-1,1.188795090E1,-3.880500197E-1
1.540887586E2,2.719500065E-1,1.414500046E1,-2.299500108E-1
1.540912022E2,1.744950056E0,1.242900085E1,4.572000027E0
1.540936457E2,6.499500275E-1,8.085000038E0,8.370000124E-1
1.540960893E2,1.251000047E0,8.595000267E0,-1.213950038E0
1.540985328E2,1.143705082E1,5.566950321E0,-1.537950039E0
1.541009764E2,4.375950336E0,1.539000034E0,-1.502895069E1
1.541034198E2,1.301895046E1,-5.260500312E-1,-1.983705139E1
1.541058632E2,8.173049927E0,2.071050167E0,-2.170500183E1
1.541083068E2,1.783050060E0,2.976000071E0,-8.494950294E0
1.541107503E2,1.065000057E0,6.049950123E0,7.459500432E-1
1.541131939E2,1.476000071E0,7.312050343E0,5.668050289E0
1.541156376E2,-2.161950111E0,8.548050880E0,2.551050186E0
1.541180810E2,-1.726050138E0,3.982050180E0,3.765000105E0
1.541205244E2,1.720500141E-1,1.891050100E0,6.352950096E0
1.541229680E2,-1.000950098E0,6.306000233E0,3.160950184E0
1.541254115E2,1.891050100E0,3.796950102E0,4.789050102E0
1.541278551E2,4.948050022E0,1.153950095E0,4.132950306E0
1.541302986E2,7.833000183E0,9.600000381E-1,-2.716050148E0
1.541327422E2,1.061805058E1,2.350500077E-1,-7.071000099E0
1.541351857E2,1.200405025E1,5.530500412E-1,-1.098495007E1
1.541376293E2,1.199895096E1,5.670000076E0,-1.413405037E1
1.541400727E2,7.285050392E0,5.956950188E0,-1.762500000E1
1.541425164E2,8.602050781E0,9.328050613E0,-1.848195076E1
1.541449598E2,9.787050247E0,8.559000015E0,-1.249905014E1
1.541474034E2,1.369050026E0,7.575000286E0,-6.525000095E0
1.541498469E2,-1.909500062E-1,8.812950134E0,1.983000040E0
1.541522905E2,2.386050224E0,1.610595131E1,8.608050346E0
1.541547340E2,3.255000114E0,1.195905018E1,5.107950211E0
1.541571776E2,3.078000069E0,9.421050072E0,-2.221950054E0
1.541596210E2,3.994950294E0,1.122195053E1,3.762000084E0
1.541620646E2,4.405050278E0,1.395900059E1,3.427050114E0
1.541645080E2,1.093395042E1,1.348200035E1,-8.685000420E0
1.541669515E2,5.494050026E0,1.171005058E1,-1.863300133E1
1.541693951E2,4.306950092E0,1.055400085E1,-2.030895042E1
1.541718386E2,5.347950459E0,1.171800041E1,-1.839600182E1
1.541742822E2,1.230000019E0,7.519950390E0,-1.197900105E1
1.541767257E2,1.816050053E0,7.039050102E0,1.593000054E0
1.541791693E2,3.673950195E0,1.075305080E1,3.880050182E0
1.541816127E2,1.333050013E0,5.545050144E0,2.071950197E0
1.541840563E2,1.543950081E0,5.337000370E0,3.532050133E0
1.541864998E2,3.093000174E0,6.919050217E0,5.386050224E0
1.541889434E2,1.174950004E0,5.353950024E0,3.765000105E0
1.541913869E2,2.686050177E0,9.012000084E0,5.151000023E0
1.541938305E2,2.101050138E0,6.394950390E0,3.145050049E0
1.541962740E2,2.038950205E0,5.800950050E0,-2.809500098E-1
1.541987176E2,3.351000071E0,9.192000389E0,3.607050180E0
1.542011610E2,2.350050211E0,7.365000248E0,3.919950247E0
1.542036046E2,7.249500155E-1,8.583000183E0,-4.552050114E0
1.542060481E2,3.106950045E0,1.258395100E1,1.564050078E0
1.542084917E2,7.744950294E0,6.247050285E0,-5.020950317E0
1.542109352E2,4.134000301E0,6.301950455E0,-1.021005058E1
1.542133786E2,9.009000778E0,6.048000336E0,-1.674900055E1
1.542158223E2,2.700000107E-1,7.578000546E0,-9.951000214E0
1.542182659E2,1.879050136E0,1.087200069E1,-3.697050095E0
1.542207094E2,2.415000200E0,9.619950294E0,-1.219050050E0
1.542231530E2,2.410050154E0,6.397050381E0,7.260000110E-1
1.542255964E2,7.105050564E0,1.115505028E1,-1.923000097E0
1.542280398E2,3.088050127E0,9.475950241E0,-1.650000095E0
1.542304834E2,1.384950042E0,7.951050282E0,1.714950085E0
1.542329269E2,5.025000095E0,1.195500088E1,-2.136000156E0
1.542353705E2,3.904050112E0,7.609050274E0,-6.075000286E0
1.542378140E2,3.136050224E0,6.946050167E0,-4.674000263E0
1.542402576E2,7.615050316E0,9.888000488E0,-7.846950531E0
1.542427011E2,4.423950195E0,7.803000450E0,-1.010700035E1
1.542451447E2,3.868050098E0,1.115205097E1,-5.059950352E0
1.542475881E2,5.274000168E0,9.880950928E0,-7.009050369E0
1.542500317E2,4.101000309E0,8.437050819E0,-5.677050114E0
1.542524752E2,1.074495029E1,1.132500076E1,-5.266050339E0
1.542549188E2,5.707050323E0,6.484050274E0,-8.919000626E0
1.542573622E2,9.349500537E-1,9.975000381E0,-4.039950371E0
1.542598059E2,6.883050442E0,8.919000626E0,-3.180000067E0
1.542622494E2,5.680950165E0,3.168000221E0,-5.424000263E0
1.542646930E2,5.077050209E0,5.887050152E0,-5.269500017E-1
1.542671364E2,9.160050392E0,7.176000118E0,-9.370500445E-1
1.542695798E2,4.218000412E0,7.659000397E0,-2.614950180E0
1.542720234E2,1.126950026E0,9.163050652E0,3.540000200E0
1.542744669E2,1.879050136E0,1.120500088E1,2.644050121E0
1.542769106E2,2.668950081E0,9.931050301E0,2.809500098E-1
1.542793540E2,1.567050099E0,1.265400028E1,-2.787000179E0
1.542817977E2,3.478050232E0,1.275195026E1,1.339050055E0
1.542842411E2,1.384950042E0,9.136950493E0,2.599500120E-1
1.542866847E2,6.360000372E-1,1.179405022E1,-2.275050163E0
1.542891281E2,2.299950123E0,1.344600105E1,-6.010500193E-1
1.542915717E2,1.417050123E0,9.784950256E0,8.599500656E-1
1.542940152E2,7.650000453E-1,9.034049988E0,-1.633050084E0
1.542964588E2,1.594050050E0,1.354905033E1,8.839500546E-1
1.542989023E2,2.089050055E0,1.332900047E1,-1.315050006E0
1.543013459E2,2.596950054E0,1.319505024E1,-9.850500226E-1
1.543037894E2,2.980050087E0,1.126500034E1,2.910000086E-1
1.543062330E2,4.747050285E0,1.160295010E1,-7.774950504E0
1.543086764E2,6.475950241E0,1.315695095E1,-1.302300072E1
1.543111200E2,3.046950102E0,9.658050537E0,-1.109295082E1
1.543135634E2,2.817000151E0,5.880000114E0,-4.963950157E0
1.543160069E2,6.211950302E0,6.177000523E0,-9.283050537E0
1.543184505E2,4.765950203E0,5.683950424E0,-9.867000580E0
1.543208942E2,6.588000298E0,6.715950489E0,-6.550950527E0
1.543233376E2,5.041950226E0,5.116050243E0,-6.703950405E0
1.543257813E2,1.299000025E0,6.478950500E0,-4.429500103E-1
1.543282247E2,3.379950047E0,1.123605061E1,3.802950144E0
1.543306681E2,3.255000114E0,4.630050182E0,3.550500274E-1
1.543331118E2,5.209050179E0,8.989950180E0,-2.719950199E0
1.543355552E2,8.322000504E0,6.244050503E0,-4.954050064E0
1.543379988E2,5.511000156E0,3.337950230E0,-3.855000257E0
1.543404423E2,3.433050156E0,6.781050205E0,-6.798000336E0
1.543428859E2,9.712950706E0,3.915000200E0,-9.397950172E0
1.543453294E2,7.426050186E0,7.570500374E-1,-1.152405071E1
1.543477730E2,5.014950275E0,2.868000031E0,-8.794950485E0
1.543502165E2,8.013000488E0,1.539000034E0,-4.317000389E0
1.543526601E2,4.930950165E0,2.478000164E0,-2.826000214E0
1.543551035E2,3.538050175E0,5.518950462E0,-6.570000052E-1
1.543575471E2,5.404950142E0,3.618000269E0,-1.569000125E0
1.543599906E2,5.461050034E0,5.203050137E0,-7.162050247E0
1.543624342E2,7.036050320E0,7.027050495E0,-4.273950100E0
1.543648777E2,1.675050020E0,5.971050262E0,-5.059500337E-1
1.543673213E2,-2.322000027E0,8.421000481E0,5.070000172E0
1.543697648E2,-5.205000192E-2,1.023105049E1,-8.460000157E-1
1.543722084E2,2.583000183E0,8.590950012E0,8.530500531E-1
1.543746518E2,1.690050125E0,9.487950325E0,5.610000491E-1
1.543770952E2,1.972050071E0,1.126005077E1,-6.829500198E-1
1.543795388E2,2.439000130E0,1.176300049E1,2.113049984E0
1.543819823E2,1.624950051E0,1.336995029E1,-2.716050148E0
1.543844259E2,3.708000183E0,1.373805046E1,5.200500488E-1
1.543868694E2,2.034000158E0,1.102305031E1,-7.860000134E-1
1.543893130E2,4.450500309E-1,1.259595013E1,-1.035000086E0
1.543917565E2,1.600950122E0,1.146900082E1,1.399050117E0
1.543942001E2,-6.705000252E-2,8.121000290E0,-7.090500593E-1
1.543966435E2,1.140000075E-1,1.024695015E1,-1.327050090E0
1.543990872E2,1.371000051E0,1.028295040E1,2.524050236E0
1.544015306E2,2.140050173E0,4.288050175E0,1.369950056E0
1.544039742E2,1.103895092E1,2.349000216E0,-9.939000130E0
1.544064177E2,7.723050594E0,2.788950205E0,-2.325105095E1
1.544088613E2,3.046950102E0,6.064950466E0,-1.905705070E1
1.544113048E2,3.082950115E0,6.784950256E0,-5.625000477E0
1.544137484E2,4.200000316E-2,2.776950121E0,-6.799500585E-1
1.544161918E2,1.407000065E0,7.357950211E0,6.742950439E0
1.544186352E2,5.185050011E0,8.452050209E0,6.106050491E0
1.544210789E2,3.784950256E0,5.488050461E0,5.260950089E0
1.544235223E2,4.522050381E0,8.674050331E0,4.027950287E0
1.544259660E2,5.467950344E0,1.061595058E1,4.275000095E0
1.544284096E2,2.455950022E0,9.157950401E0,-6.540000439E-1
1.544308531E2,5.283000469E0,8.725049973E0,6.589500308E-1
1.544332967E2,5.899050236E0,8.623950005E0,-9.682950020E0
1.544357401E2,3.447000265E0,1.028295040E1,-7.669050217E0
1.544381835E2,4.833000183E0,1.090605068E1,-1.069095039E1
1.544406272E2,4.078950405E0,8.356050491E0,-1.071300030E1
1.544430706E2,3.598050117E0,1.055895042E1,-6.439050198E0
1.544455142E2,8.008049965E0,1.217505074E1,-8.284950256E0
1.544479577E2,3.021000147E0,1.093005085E1,-4.297950268E0
1.544504013E2,2.475000143E0,1.153095055E1,3.532050133E0
1.544528448E2,4.407000065E0,1.276605034E1,-1.300950050E0
1.544552884E2,1.801950097E0,7.738050461E0,-2.376000166E0
1.544577319E2,3.199950218E0,6.697050095E0,-4.150050163E0
1.544601755E2,4.555950165E0,7.450950146E0,-9.259050369E0
1.544626189E2,1.756950140E0,6.936000347E0,-9.673050880E0
1.544650626E2,1.825950146E0,9.472050667E0,-4.462950230E0
1.544675059E2,4.192049980E0,5.289000034E0,-1.012950063E0
1.544699496E2,4.636950016E0,6.807000160E0,1.912050128E0
1.544723931E2,9.378000259E0,1.201005077E1,2.505000114E0
1.544748367E2,4.978950024E0,7.824000359E0,5.920500159E-1
1.544772802E2,1.668000102E0,1.042905045E1,1.866000056E0
1.544797236E2,5.295000076E0,1.276605034E1,-3.070050240E0
1.544821672E2,2.905950069E0,8.506950378E0,-4.959000111E0
1.544846107E2,4.720950127E0,9.382950783E0,-4.140000343E0
1.544870543E2,8.202000618E0,1.005105019E1,-8.328000069E0
1.544894978E2,3.708000183E0,9.886050224E0,-5.304000378E0
1.544919414E2,3.733950138E0,1.310100079E1,-4.866000175E0
1.544943848E2,4.198950291E0,8.341950417E0,-8.419050217E0
1.544968284E2,3.696000099E0,7.264050484E0,-8.722949982E0
1.544992719E2,7.584000587E0,9.139050484E0,-1.028895092E1
1.545017155E2,5.323950291E0,6.598950386E0,-1.159800053E1
1.545041590E2,1.330500096E-1,4.032000065E0,-5.701050282E0
1.545066026E2,2.596950054E0,5.866050243E0,-7.950000465E-3
1.545090461E2,1.251000047E0,7.243050575E0,1.287000060E0
1.545114897E2,-4.980000257E-1,1.918050051E0,2.677950144E0
1.545139331E2,6.910500526E-1,1.911000133E0,2.905050039E0
1.545163767E2,7.290000319E-1,1.591950059E0,5.556000233E0
1.545188202E2,7.605000585E-2,4.714050293E0,4.180950165E0
1.545212638E2,1.432950020E0,5.152050018E0,4.411050320E0
1.545237073E2,2.608950138E0,4.237950325E0,3.259950161E0
1.545261507E2,3.624000072E0,9.631950378E0,8.050500154E-1
1.545285943E2,3.418050051E0,1.125495052E1,1.294050097E0
1.545310380E2,1.564950109E0,7.080000401E0,6.000000052E-3
1.545334814E2,1.330500096E-1,1.024995041E1,1.210500076E-1
1.545359250E2,2.707050085E0,1.647495079E1,3.091950178E0
1.545383685E2,6.448950291E0,1.145400047E1,3.099000216E0
1.545408119E2,8.094000816E0,7.477050304E0,-4.969050407E0
1.545432555E2,6.957000256E0,9.994050026E0,-1.675304985E1
1.545456990E2,5.073000431E0,1.119105053E1,-1.672200012E1
1.545481426E2,2.547000170E0,1.272795105E1,-1.503405094E1
1.545505860E2,1.479000092E0,9.924000740E0,-1.045605087E1
1.545530297E2,4.041000366E0,1.044900036E1,-3.079950094E0
1.545554731E2,7.732950211E0,1.303395081E1,-4.090050220E0
1.545579167E2,3.262950182E0,9.430950165E0,-3.496050119E0
1.545603602E2,3.181050062E0,8.281949997E0,2.086050034E0
1.545628038E2,3.469050169E0,1.242900085E1,4.579500258E-1
1.545652473E2,1.690050125E0,8.365950584E0,-2.566950083E0
1.545676909E2,-9.409500360E-1,7.267050266E0,1.198050022E0
1.545701344E2,-8.380500674E-1,6.982050419E0,-5.890500546E-1
1.545725780E2,1.891050100E0,4.065000057E0,-6.166050434E0
1.545750214E2,3.298950195E0,9.748950005E0,-4.240500331E-1
1.545774650E2,6.354000092E0,4.486950397E0,-3.562950134E0
1.545799085E2,3.849000216E0,5.727000237E0,-4.890000343E0
1.545823521E2,7.572000504E0,8.983050346E0,-3.226050138E0
1.545847956E2,5.772000313E0,7.506000519E0,-6.187050343E0
1.545872390E2,4.279500246E-1,9.760950089E0,6.520500183E-1
1.545896826E2,3.040050030E0,9.496050835E0,2.412000179E0
1.545921261E2,3.861000299E0,7.113000393E0,-2.500050068E0
1.545945697E2,6.105000496E0,7.329000473E0,-3.556050062E0
1.545970131E2,1.132395077E1,7.534950256E0,-8.215050697E0
1.545994567E2,7.102950573E0,6.429000378E0,-9.367050171E0
1.546019002E2,3.696000099E0,1.096095085E1,-5.068950176E0
1.546043438E2,4.351950169E0,1.031895065E1,-4.375050068E0
1.546067873E2,3.166950226E0,8.482950211E0,-3.715950251E0
1.546092309E2,7.539000511E0,1.204800034E1,-1.363050103E0
1.546116744E2,6.363000393E0,1.017600060E1,-8.244000435E0
1.546141180E2,7.939500213E-1,1.032900047E1,-4.000950336E0
1.546165614E2,1.785000086E0,9.129000664E0,-1.138050079E0
1.546190050E2,2.640000105E0,7.642050266E0,-4.794000149E0
1.546214485E2,7.680000067E-1,4.516050339E0,-3.925050259E0
1.546238921E2,4.642050266E0,5.305950165E0,-3.453000069E0
1.546263356E2,4.540950298E0,4.477050304E0,-6.063000202E0
1.546287792E2,8.710500598E-1,5.524050236E0,-3.790500164E-1
1.546312226E2,3.676950216E0,8.185950279E0,3.183000088E0
1.546336662E2,3.045000076E0,4.338000298E0,-1.212000012E0
1.546361097E2,7.807050228E0,7.267050266E0,-4.669500291E-1
1.546385533E2,1.026105022E1,9.991050720E0,-5.500050068E0
1.546409968E2,1.591050029E0,7.798050404E0,-6.702000141E0
1.546434404E2,8.749500513E-1,1.110705090E1,-1.609050035E0
1.546458838E2,3.688950062E0,8.416049957E0,-5.232000351E0
1.546483272E2,2.461050034E0,6.733050346E0,-4.594950199E0
1.546507709E2,6.780000210E0,6.273000240E0,-3.372000217E0
1.546532143E2,7.903050423E0,5.740950108E0,-5.956950188E0
1.546556579E2,3.904050112E0,6.618000507E0,-3.616050243E0
1.546581014E2,4.231950283E0,1.091295052E1,-4.030500054E-1
1.546605450E2,4.771050453E0,8.056950569E0,-4.477950096E0
1.546629885E2,2.686050177E0,9.361950874E0,-1.963950038E0
1.546654321E2,7.297050476E0,1.111395073E1,-4.167000294E0
1.546678755E2,2.419950008E0,8.938050270E0,-4.858050346E0
1.546703191E2,-3.589500189E-1,1.024695015E1,1.927950144E0
1.546727626E2,2.575050116E0,1.140900040E1,-2.004000187E0
1.546752062E2,1.495950103E0,6.972000122E0,-2.869050026E0
1.546776497E2,9.090000391E-1,6.313950062E0,1.060500070E-1
1.546800933E2,3.267000198E0,8.278950691E0,-3.276000261E0
1.546825367E2,1.135950089E0,8.410950661E0,-1.782000065E0
1.546849804E2,7.339500189E-1,9.603000641E0,-4.939500093E-1
1.546874238E2,2.724000216E0,6.610950470E0,-2.560050011E0
1.546898674E2,2.097000122E0,4.410000324E0,-2.689050198E0
1.546923109E2,6.849000454E0,8.124000549E0,-2.785050154E0
1.546947543E2,5.422050476E0,6.390000343E0,-6.577950478E0
1.546971980E2,1.036050081E0,7.756950378E0,-1.405950069E0
1.546996416E2,4.177050114E0,9.787950516E0,9.630000591E-1
1.547020850E2,5.050950050E0,5.421000481E0,-5.146050453E0
1.547045287E2,3.837000132E0,7.281000137E0,-3.058050156E0
1.547069720E2,8.809950829E0,9.061950684E0,-4.135050297E0
1.547094155E2,5.185050011E0,7.434000492E0,-5.847000122E0
1.547118591E2,1.423950076E0,1.195695019E1,-1.175999999E0
1.547143026E2,4.857000351E0,1.031895065E1,-2.698950052E0
1.547167462E2,3.741000175E0,8.476050377E0,-4.686000347E0
1.547191897E2,8.773950577E0,1.228695011E1,-5.565000057E0
1.547216333E2,8.293050766E0,1.039800072E1,-9.702000618E0
1.547240767E2,-2.389500141E-1,1.208400059E1,-5.722950459E0
1.547265204E2,7.920000553E-1,1.344900036E1,-1.801050067E0
1.547289638E2,3.355950117E0,1.022100067E1,-4.887000084E0
1.547314074E2,1.456950068E0,9.547950745E0,-4.150050163E0
1.547338509E2,6.943050385E0,1.038405037E1,-2.385000229E0
1.547362943E2,6.516000271E0,8.503950119E0,-6.561000347E0
1.547387380E2,1.603050113E0,1.179705048E1,-2.725050211E0
1.547411816E2,2.607000113E0,1.159500027E1,-1.774950027E0
1.547436250E2,2.530050039E0,7.575000286E0,-4.746000290E0
1.547460687E2,4.194000244E0,1.062105083E1,-2.143050194E0
1.547485121E2,9.880050659E0,9.546000481E0,-7.066050529E0
1.547509557E2,2.599050045E0,8.698050499E0,-4.969050407E0
1.547533991E2,5.950500369E-1,1.141605091E1,2.187000036E0
1.547558426E2,3.370050192E0,1.029795074E1,1.951950073E0
1.547582862E2,2.097000122E0,6.397050381E0,-1.914000034E0
1.547607299E2,1.201050043E0,9.333000183E0,1.264950037E0
1.547631733E2,6.184050083E0,9.237000465E0,-1.140000105E0
1.547656170E2,2.362050056E0,7.279050350E0,-3.534000158E0
1.547680603E2,5.082000256E0,1.030305004E1,-1.111050010E0
1.547705038E2,4.909950256E0,7.638000488E0,-6.016950130E0
1.547729474E2,3.586050272E0,7.326000214E0,-4.791000366E0
1.547753909E2,9.694050789E0,9.031050682E0,-7.878000259E0
1.547778345E2,6.688950539E0,7.189950466E0,-1.091400051E1
1.547802779E2,1.462050080E0,8.071050644E0,-6.550950527E0
1.547827216E2,3.226950169E0,7.920000553E0,-3.712050200E0
1.547851650E2,2.665950060E0,5.167050362E0,-5.292000294E0
1.547876086E2,6.169500351E-1,3.529050112E0,-3.640050173E0
1.547900521E2,4.849950314E0,5.965950489E0,-2.760000229E-1
1.547924957E2,1.941000104E0,2.206950188E0,-1.087050080E0
1.547949392E2,-1.116000056E0,6.769050121E0,1.141050100E0
1.547973826E2,1.788000107E0,4.804950237E0,1.591050029E0
1.547998262E2,3.964050293E0,1.992000103E0,-2.467050076E0
1.548022696E2,4.831050396E0,7.936950207E0,-3.598950148E0
1.548047133E2,6.628950119E0,4.012950420E0,-3.010050058E0
1.548071567E2,4.872000217E0,6.127050400E0,-4.588050365E0
1.548096004E2,5.335950375E0,7.942050457E0,-9.786000252E0
1.548120440E2,8.535000801E0,6.589050293E0,-1.175400066E1
1.548144874E2,4.251000404E0,6.723000526E0,-1.382505035E1
1.548169309E2,8.080500364E-1,8.404050827E0,-1.119000077E0
1.548193745E2,6.430500150E-1,1.002705002E1,9.805950165E0
1.548218179E2,1.989000082E0,1.103505039E1,3.085050106E0
1.548242616E2,4.144050121E0,1.378395081E1,-1.813050032E0
1.548267050E2,4.270950317E0,1.238805103E1,4.231950283E0
1.548291487E2,3.768000126E0,1.299600029E1,3.769500256E-1
1.548315921E2,4.824000359E0,1.557495117E1,5.440500379E-1
1.548340357E2,5.973000050E0,1.398705101E1,2.042999983E0
1.548364792E2,6.190950394E0,1.318800068E1,-8.685000420E0
1.548389228E2,3.871050119E0,1.245705032E1,-1.622205162E1
1.548413663E2,1.450050116E0,9.582000732E0,-1.479705048E1
1.548438099E2,1.660950065E0,7.297950268E0,-8.670000076E0
1.548462533E2,5.145000458E0,9.634950638E0,-8.698950768E0
1.548486969E2,2.743050098E0,7.627950191E0,-3.817050219E0
1.548511404E2,2.712000132E0,7.453050137E0,3.463050127E0
1.548535840E2,2.710050106E0,8.892000198E0,1.440000057E0
1.548560275E2,6.649500132E-1,3.475950241E0,1.500000119E0
1.548584709E2,1.903050065E0,5.413050175E0,2.488950014E0
1.548609146E2,2.029500157E-1,4.948950291E0,6.300000101E-2
1.548633580E2,2.410500050E-1,3.661050081E0,4.918950081E0
1.548658016E2,1.129050016E0,7.519950390E0,6.456000328E0
1.548682450E2,3.211950064E0,3.085950136E0,2.733000040E0
1.548706886E2,4.690050125E0,2.272050142E0,5.130000114E-1
1.548731321E2,1.115400028E1,5.455950260E0,-8.433000565E0
1.548755757E2,5.250000477E0,4.213950157E0,-1.146195030E1
1.548780192E2,1.275000095E0,9.654000282E0,-4.071000099E0
1.548804628E2,2.338050127E0,9.706050873E0,-4.284000397E0
1.548829063E2,1.740000129E0,6.631950378E0,-2.785050154E0
1.548853499E2,8.548950195E0,8.445000648E0,-5.083950043E0
1.548877934E2,9.532950401E0,6.715950489E0,-9.975000381E0
1.548902370E2,2.479950190E0,7.642050266E0,-6.835950375E0
1.548926804E2,4.812000275E0,9.960000038E0,-5.031000137E0
1.548951240E2,6.126000404E0,6.711000443E0,-8.196000099E0
1.548975675E2,1.338000059E0,6.510000229E0,-5.436000347E0
1.549000111E2,5.985000134E0,7.755000591E0,-2.971950054E0
1.549024546E2,5.029950142E0,6.871950150E0,-5.244000435E0
1.549048982E2,8.110500574E-1,8.362950325E0,-1.042050004E0
1.549073417E2,3.528000116E0,1.064700031E1,-1.356000066E0
1.549097853E2,1.713000059E0,6.922050476E0,-4.231050014E0
1.549122288E2,3.865950108E0,8.875950813E0,-4.360500276E-1
1.549146724E2,7.551000595E0,9.522000313E0,-6.196950436E0
1.549171158E2,8.350500464E-1,7.654050350E0,-6.337950230E0
1.549195592E2,9.210000634E-1,1.095600033E1,2.338050127E0
1.549220028E2,3.037950039E0,8.047050476E0,-2.428050041E0
1.549244463E2,1.009950042E0,7.000950336E0,-1.923000097E0
1.549268899E2,4.423950195E0,9.057000160E0,1.279500127E-1
1.549293334E2,4.941000462E0,8.670000076E0,-3.160950184E0
1.549317770E2,4.266000271E0,7.944000244E0,-3.051000118E0
1.549342205E2,6.828000546E0,1.115700054E1,-2.923950195E0
1.549366641E2,5.989950180E0,9.844950676E0,-5.242050171E0
1.549391075E2,4.500000000E0,8.574000359E0,-2.911950111E0
1.549415512E2,9.952050209E0,1.221105099E1,-6.637050152E0
1.549439946E2,4.275000095E0,1.088205051E1,-7.288950443E0
1.549464382E2,-7.605000585E-2,1.153605080E1,1.780500114E-1
1.549488817E2,1.879050136E0,1.243800068E1,6.790500283E-1
1.549513253E2,1.972050071E0,8.871000290E0,-2.482950211E0
1.549537688E2,1.690500081E-1,7.876950264E0,1.105050087E0
1.549562124E2,3.162000179E0,1.017600060E1,-1.566000104E0
1.549586559E2,1.836000085E0,1.010595036E1,-3.012000084E0
1.549610993E2,6.499500275E-1,8.605050087E0,-1.449000120E0
1.549635429E2,2.905950069E0,6.939000130E0,-3.429000139E0
1.549659863E2,1.927050114E0,5.349000454E0,-5.554950237E0
1.549684299E2,7.261050224E0,7.128000259E0,-4.626000404E0
1.549708736E2,6.622050285E0,7.482000351E0,-8.701050758E0
1.549733170E2,1.729950070E0,5.346000195E0,-4.545000076E0
1.549757605E2,2.857950211E0,8.467950821E0,7.050000429E-1
1.549782041E2,3.978000164E0,4.951050282E0,-2.737050056E0
1.549806476E2,2.422049999E0,3.565050125E0,-2.433000088E0
1.549830912E2,6.555000305E0,7.528050423E0,6.469500065E-1
1.549855347E2,6.955050468E0,3.241950035E0,-2.626950026E0
1.549879783E2,2.761950016E0,7.719000340E0,-3.232950211E0
1.549904217E2,4.879050255E0,8.119050026E0,-2.871000051E0
1.549928654E2,4.085999966E0,5.445000172E0,-5.773050308E0
1.549953088E2,5.145000458E0,8.275050163E0,-3.063000202E0
1.549977524E2,1.020795059E1,8.914050102E0,-5.910000324E0
1.550001959E2,3.801000118E0,8.695950508E0,-5.881050110E0
1.550026395E2,9.859500527E-1,1.226295090E1,-8.940000534E-1
1.550050830E2,4.052999973E0,9.440999985E0,-5.383050442E0
1.550075263E2,2.044049978E0,7.135050297E0,-3.490950108E0
1.550099700E2,5.371950150E0,7.944000244E0,-2.359050035E0
1.550124134E2,7.663050175E0,7.434000492E0,-7.528050423E0
1.550148571E2,2.743050098E0,8.715000153E0,-3.712050200E0
1.550173005E2,2.307000160E0,1.115205097E1,-4.048950195E0
1.550197441E2,1.642050028E0,8.943000793E0,-4.389000416E0
1.550221876E2,5.449500084E-1,9.721050262E0,-1.159050107E0
1.550246312E2,5.133000374E0,1.142805099E1,-1.504050016E0
1.550270746E2,2.848050117E0,1.016100025E1,-3.894000292E0
1.550295183E2,-1.669500023E-1,1.061595058E1,1.564050078E0
1.550319617E2,6.409500241E-1,1.133895016E1,3.532050133E0
1.550344053E2,1.954950094E0,7.530000210E0,-1.669050097E0
1.550368488E2,2.290500104E-1,7.125000477E0,-2.163000107E0
1.550392924E2,9.310500622E-1,1.110705090E1,2.284950018E0
1.550417359E2,1.725000024E0,1.144005013E1,2.629950047E0
1.550441795E2,1.828050137E0,1.093500042E1,3.619500101E-1
1.550466230E2,7.987050533E0,1.267500019E1,-2.863950253E0
1.550490666E2,6.694050312E0,9.715950012E0,-7.570950508E0
1.550515101E2,1.256400013E1,1.214400101E1,-9.847950935E0
1.550539537E2,7.732950211E0,1.377900028E1,-9.745050430E0
1.550563971E2,2.980500162E-1,1.281705093E1,-2.443050146E0
1.550588407E2,1.669950128E0,1.339800072E1,1.363050103E0
1.550612842E2,4.531949997E0,1.128705025E1,-4.444050312E0
1.550637278E2,3.483000278E0,8.197950363E0,-6.730950356E0
1.550661713E2,6.841950417E0,9.088950157E0,-6.525000095E0
1.550686147E2,5.781000137E0,7.348050117E0,-1.288905048E1
1.550710584E2,2.298000097E0,5.662050247E0,-9.988950729E0
1.550735018E2,2.662050009E0,5.847000122E0,-8.833050728E0
1.550759454E2,1.330050111E0,4.798050404E0,-6.973050117E0
1.550783888E2,3.990000188E-1,7.189950466E0,2.208000183E0
1.550808324E2,-1.354950070E0,6.261000156E0,4.785000324E0
1.550832759E2,8.869500160E-1,1.120050073E0,6.709950447E0
1.550857195E2,2.130000114E0,3.487950087E0,5.452950478E0
1.550881630E2,3.964050293E0,4.942050457E0,7.756050587E0
1.550906066E2,8.242950439E0,2.470500171E-1,4.009500146E-1
1.550930501E2,8.953950882E0,-2.788050175E0,-1.135200024E1
1.550954937E2,1.221495056E1,-2.893950224E0,-1.403805065E1
1.550979371E2,9.484950066E0,-2.334000111E0,-1.594395065E1
1.551003807E2,4.122000217E0,3.381000042E0,-1.665495110E1
1.551028242E2,5.719050407E0,3.033000231E0,-1.457205105E1
1.551052678E2,5.632950306E0,4.365000248E0,-7.027950287E0
1.551077112E2,5.713950157E0,6.189000130E0,-2.485950232E0
1.551101549E2,5.118000031E0,8.076000214E0,2.728050232E0
1.551125983E2,1.939050078E0,1.294095039E1,3.694950104E0
1.551150420E2,2.800950050E0,1.209105015E1,1.471050024E0
1.551174854E2,3.627000093E0,1.018305016E1,4.171950340E0
1.551199290E2,1.929000139E0,8.626950264E0,5.010000467E-1
1.551223725E2,1.648950100E0,9.440999985E0,-1.581000090E0
1.551248159E2,1.855050087E0,9.823950768E0,4.465950012E0
1.551272595E2,7.849500179E-1,1.067400074E1,6.400500536E-1
1.551297029E2,1.657950044E0,1.111905098E1,-1.486950040E0
1.551321466E2,1.681950092E0,8.401050568E0,-2.089500129E-1
1.551345900E2,1.426050067E0,8.563950539E0,-1.645050049E0
1.551370336E2,5.608950138E0,9.936000824E0,-6.586950302E0
1.551394771E2,6.000000238E-1,1.011795044E1,-1.008495045E1
1.551419207E2,9.070500135E-1,7.518000126E0,-7.756050587E0
1.551443642E2,2.251950026E0,1.107795048E1,-1.138800049E1
1.551468078E2,6.049500108E-1,3.952950239E0,-5.131050110E0
1.551492513E2,1.717950106E0,3.484050274E0,-2.179500163E-1
1.551516949E2,2.008050203E0,1.092000008E1,1.300950050E0
1.551541383E2,9.810000658E-1,6.886050224E0,1.909050107E0
1.551565819E2,1.575000048E0,9.691950798E0,5.842950344E0
1.551590254E2,2.674050093E0,9.462000847E0,4.324950218E0
1.551614690E2,2.896050215E0,8.284049988E0,7.304999977E-2
1.551639125E2,1.314105034E1,1.355400085E1,-1.350000054E-1
1.551663561E2,7.183950424E0,9.250950813E0,-8.709000587E0
1.551687995E2,5.061000347E0,1.185195065E1,-5.871000290E0
1.551712429E2,5.428950310E0,1.263000107E1,-9.513000488E0
1.551736865E2,1.387950063E0,9.192000389E0,-6.280950069E0
1.551761300E2,3.339000225E0,9.313950539E0,-3.250050068E0
1.551785736E2,7.141050339E0,1.282095051E1,-2.725050211E0
1.551810171E2,3.016050100E0,1.116000080E1,-2.553000212E0
1.551834607E2,3.516000271E0,1.402995110E1,-3.259500265E-1
1.551859042E2,4.663050175E0,1.095105076E1,-5.277000427E0
1.551883478E2,2.899050236E0,8.494950294E0,-5.397000313E0
1.551907912E2,6.274950504E0,1.041705036E1,-7.156950474E0
1.551932348E2,4.314000130E0,8.751000404E0,-1.326705074E1
1.551956783E2,-1.909500062E-1,4.245000362E0,-7.048950195E0
1.551981219E2,7.099500299E-1,4.779000282E0,-4.293000221E0
1.552005654E2,1.183950067E0,6.139050484E0,-3.604050159E0
1.552030090E2,-1.027050018E0,3.076950073E0,5.370000005E-1
1.552054525E2,9.829500318E-1,3.727950096E0,5.662950039E0
1.552078961E2,3.094950199E0,1.767000079E0,4.629000187E0
1.552103395E2,3.298950195E0,4.210950375E0,4.110000134E0
1.552127832E2,7.018950462E0,7.312050343E0,4.180950165E0
1.552152267E2,9.375000000E0,2.023050070E0,-2.743950129E0
1.552176700E2,1.321605110E1,2.317950010E0,-1.379595089E1
1.552201137E2,1.216905022E1,4.930050373E0,-1.714395142E1
1.552225573E2,4.558050156E0,5.313000202E0,-1.545600033E1
1.552250008E2,2.604000092E0,8.254950523E0,-1.454295063E1
1.552274442E2,5.962950230E0,5.883000374E0,-1.128495026E1
1.552298878E2,1.672950029E0,4.635000229E0,-6.724050522E0
1.552323313E2,1.696950078E0,5.598000050E0,5.814000130E0
1.552347749E2,4.696950436E0,7.645050526E0,9.826950073E0
1.552372183E2,3.205050230E0,5.313000202E0,3.633000135E0
1.552396620E2,3.198000193E0,7.267050266E0,7.789500356E-1
1.552421054E2,4.174950123E0,6.229950428E0,3.882000208E0
1.552445490E2,5.074950218E0,6.694050312E0,-3.594000101E0
1.552469925E2,7.833000183E0,8.299050331E0,-1.253700066E1
1.552494361E2,1.168050051E0,8.121000290E0,-1.013100052E1
1.552518796E2,-5.070000291E-1,7.474950314E0,-1.319999993E-1
1.552543232E2,9.379500151E-1,9.460050583E0,9.319500327E-1
1.552567666E2,2.323950052E0,9.562950134E0,1.417950034E0
1.552592102E2,-1.395000052E-2,4.888950348E0,-6.300000101E-2
1.552616537E2,-1.204050064E0,6.760950089E0,-2.236950159E0
1.552640973E2,-9.120000601E-1,1.031895065E1,2.524050236E0
1.552665408E2,-1.021950006E0,8.125950813E0,2.601000071E0
1.552689842E2,-3.450000286E-1,9.133950233E0,6.949500442E-1
1.552714278E2,1.066950083E0,7.932000160E0,-4.800000042E-2
1.552738713E2,5.910000205E-1,1.142505074E1,4.969500303E-1
1.552763150E2,1.996050119E0,1.324005032E1,4.531050205E0
1.552787583E2,1.615050077E0,8.967000008E0,9.199500680E-1
1.552812020E2,1.009605026E1,9.948000908E0,-3.720000088E-1
1.552836454E2,8.580000877E0,1.158795071E1,-1.561605072E1
1.552860890E2,6.580950260E0,7.537050247E0,-1.353105068E1
1.552885325E2,7.575000286E0,9.675000191E0,-1.029600048E1
1.552909761E2,4.294950008E0,9.565050125E0,-4.927950382E0
1.552934196E2,2.371950150E0,1.021905041E1,-2.989050150E0
1.552958632E2,4.843050003E0,1.222995090E1,5.850000381E-1
1.552983066E2,3.514050245E0,8.647950172E0,-1.762950063E0
1.553007502E2,3.841950178E0,7.650000572E0,-3.120000064E-1
1.553031937E2,6.409050465E0,1.285500050E1,-3.906000137E0
1.553056373E2,2.202000141E0,8.356050491E0,-6.415050507E0
1.553080808E2,-3.570000231E-1,7.492050171E0,-1.665000081E0
1.553105244E2,1.299000025E0,1.024500084E1,-4.120950222E0
1.553129679E2,6.120000482E-1,4.159049988E0,-5.148000240E0
1.553154115E2,1.732950091E0,6.856950283E0,8.530500531E-1
1.553178549E2,6.576000214E0,5.416050434E0,-1.059000015E0
1.553202986E2,4.326000214E0,5.710050106E0,-1.449000120E0
1.553227420E2,5.128050327E0,9.559950829E0,2.179949999E0
1.553251856E2,5.173050404E0,6.703950405E0,-2.078999996E0
1.553276291E2,2.599050045E0,6.538950443E0,-1.252950072E0
1.553300725E2,7.729950428E0,1.136805058E1,-1.899000049E0
1.553325161E2,6.496950150E0,9.844950676E0,-8.242050171E0
1.553349596E2,1.768950105E0,1.004595089E1,-3.328950167E0
1.553374033E2,5.050950050E0,1.108095074E1,-4.582950115E0
1.553398467E2,4.618050098E0,7.627950191E0,-7.150050163E0
1.553422903E2,4.575000286E0,7.906050205E0,-5.887950420E0
1.553447337E2,9.721950531E0,8.635950089E0,-7.951950550E0
1.553471773E2,5.542050362E0,9.283050537E0,-7.228950500E0
1.553496208E2,8.730000257E-1,1.111905098E1,-3.534000158E0
1.553520644E2,3.538050175E0,1.069005013E1,-2.613000154E0
1.553545079E2,3.133050203E0,7.189950466E0,-6.553950310E0
1.553569515E2,4.156050205E0,8.701050758E0,-2.799000025E0
1.553593949E2,8.358000755E0,8.932950020E0,-6.961050510E0
1.553618386E2,1.588950038E0,7.738050461E0,-6.036000252E0
1.553642820E2,6.529500484E-1,8.169000626E0,2.505000114E0
1.553667256E2,1.699050069E0,9.453000069E0,2.757000208E0
1.553691691E2,1.033950090E0,5.322000027E0,1.272000074E0
1.553716125E2,-4.279500246E-1,6.237000465E0,-5.269500017E-1
1.553740561E2,1.338000059E0,8.185950279E0,4.621950150E0
1.553764996E2,8.400000334E-1,7.021950245E0,3.058050156E0
1.553789432E2,1.251000047E0,8.998050690E0,-1.350000054E-1
1.553813869E2,5.473050117E0,9.097949982E0,-3.445950270E0
1.553838303E2,1.222950101E0,5.788950443E0,-4.839000225E0
1.553862737E2,4.114950180E0,8.059050560E0,-1.786950111E0
1.553887173E2,5.089050293E0,8.674050331E0,-8.092950821E0
1.553911608E2,1.315950036E0,6.678000450E0,-3.289950132E0
1.553936044E2,4.117050171E0,8.938050270E0,-2.526000023E0
1.553960479E2,5.226000309E0,6.148050308E0,-5.710950375E0
1.553984915E2,1.036050081E0,4.848000050E0,-2.746950150E0
1.554009349E2,5.463000298E0,8.253000259E0,-2.419500053E-1
1.554033785E2,5.419950485E0,8.065950394E0,-2.248950005E0
1.554058220E2,2.286000013E0,8.005949974E0,-9.199500680E-1
1.554082656E2,3.967050076E0,1.155495071E1,1.399500072E-1
1.554107091E2,2.865000248E0,7.405050278E0,-4.225950241E0
1.554131527E2,1.576950073E0,6.961950302E0,-2.209500074E-1
1.554155962E2,4.942950249E0,1.216500092E1,-1.072950006E0
1.554180398E2,2.131950140E0,8.410950661E0,-3.843000174E0
1.554204832E2,-2.320500165E-1,9.754050255E0,-1.369500011E-1
1.554229268E2,2.170950174E0,1.099905014E1,-1.795950055E0
1.554253703E2,2.161050081E0,6.141000271E0,-5.446950436E0
1.554278139E2,1.000050068E0,7.177950382E0,-2.011950016E0
1.554302574E2,6.241050243E0,8.185950279E0,-4.000950336E0
1.554327008E2,5.484000206E0,7.417050362E0,-6.001050472E0
1.554351444E2,3.981000185E0,9.466950417E0,-2.746950150E0
1.554375878E2,7.387950420E0,8.169000626E0,-3.709050179E0
1.554400315E2,3.121050119E0,5.254950047E0,-6.751950264E0
1.554424749E2,3.094950199E0,9.061950684E0,3.049500287E-1
1.554449185E2,7.738050461E0,9.376049995E0,-2.767950058E0
1.554473620E2,2.769000053E0,6.847950459E0,-4.791000366E0
1.554498056E2,2.386050224E0,1.064505005E1,9.420000315E-1
1.554522491E2,5.748000145E0,7.827000141E0,-2.878050089E0
1.554546927E2,1.831050038E0,6.634050369E0,-4.437000275E0
1.554571361E2,2.116050005E0,9.481050491E0,6.880500317E-1
1.554595798E2,4.879050255E0,9.460050583E0,-1.281000018E0
1.554620232E2,1.170000076E0,9.103050232E0,-2.557950020E0
1.554644668E2,1.540950060E0,1.118595028E1,3.670500219E-1
1.554669103E2,5.479950428E0,7.678050518E0,-5.517000198E0
1.554693539E2,1.459950089E0,7.201950550E0,-7.116000175E0
1.554717974E2,3.624000072E0,9.498000145E0,-2.293950081E0
1.554742407E2,7.450050354E0,7.831950188E0,-6.630000114E0
1.554766844E2,1.186950088E0,7.920000553E0,-5.506950378E0
1.554791281E2,1.219950080E0,8.839950562E0,4.219500124E-1
1.554815715E2,6.436950207E0,6.313950062E0,-4.425000191E0
1.554840151E2,2.623050213E0,4.528050423E0,-8.305950165E0
1.554864586E2,1.576950073E0,6.097950459E0,-2.863950253E0
1.554889020E2,4.492950439E0,5.097000122E0,-3.012000084E0
1.554913456E2,1.384950042E0,4.444050312E0,-4.168950081E0
1.554937890E2,8.610000610E-1,5.896950245E0,9.870000482E-1
1.554962327E2,5.971050262E0,4.189949989E0,-1.390500069E-1
1.554986762E2,2.757000208E0,1.942050099E0,-3.031950235E0
1.555011198E2,4.492950439E0,7.771950245E0,1.878000140E0
1.555035632E2,6.547950268E0,5.932950497E0,-2.140950203E0
1.555060068E2,8.749500513E-1,5.137950420E0,-3.529950142E0
1.555084503E2,1.950000064E-3,9.333000183E0,1.798950076E0
1.555108939E2,5.640000343E0,5.895000458E0,-3.775950193E0
1.555133374E2,3.114000082E0,4.072950363E0,-5.649000168E0
1.555157810E2,4.330049992E0,7.671000481E0,-7.740000486E-1
1.555182244E2,7.273050308E0,8.131050110E0,-4.990050316E0
1.555206680E2,2.614050150E0,8.353950500E0,-4.393949986E0
1.555231115E2,2.257050037E0,1.173705101E1,4.339500070E-1
1.555255551E2,4.078950405E0,9.261000633E0,-4.818000317E0
1.555279986E2,1.273050070E0,7.567950249E0,-2.680050135E0
1.555304422E2,4.042950153E0,1.177005100E1,-1.332000017E0
1.555328856E2,7.627050400E0,1.176300049E1,-5.673000336E0
1.555353290E2,1.753950119E0,9.163050652E0,-4.594950199E0
1.555377727E2,1.548000097E0,1.106205082E1,1.759500057E-1
1.555402161E2,3.543000221E0,1.240500069E1,-1.897050142E0
1.555426598E2,2.370000124E0,9.843000412E0,-3.123000145E0
1.555451032E2,9.495000541E-2,1.180095100E1,3.430500031E-1
1.555475468E2,3.801000118E0,1.336995029E1,2.722950220E0
1.555499903E2,1.761000037E0,1.152405071E1,-4.210050106E0
1.555524339E2,2.382000208E0,1.235205078E1,6.109500527E-1
1.555548773E2,4.483950138E0,1.033395004E1,-5.040000439E0
1.555573210E2,1.318050027E0,8.614950180E0,-3.805050135E0
1.555597644E2,2.926950216E0,1.093005085E1,8.839500546E-1
1.555622080E2,6.895050526E0,1.172505093E1,-4.293000221E0
1.555646515E2,2.239950180E0,9.699000359E0,-4.897050381E0
1.555670951E2,2.986950159E0,9.924000740E0,6.310500503E-1
1.555695386E2,6.981000423E0,1.076505089E1,-2.289000034E0
1.555719822E2,3.781950235E0,7.417050362E0,-6.745050430E0
1.555744256E2,3.199950218E0,8.116950035E0,-5.460000038E-1
1.555768690E2,6.756000519E0,1.001295090E1,-4.212000370E0
1.555793126E2,2.671050072E0,9.438000679E0,-5.191050053E0
1.555817563E2,2.251950026E0,1.012995052E1,-7.830000520E-1
1.555841997E2,5.005950451E0,9.265950203E0,-2.878050089E0
1.555866434E2,2.359950066E0,5.875050068E0,-4.188000202E0
1.555890868E2,2.961000204E0,7.333950520E0,-1.257000089E0
1.555915303E2,8.010000229E0,7.279050350E0,-6.967950344E0
1.555939739E2,3.052050114E0,5.892000198E0,-9.570000648E0
1.555964173E2,-3.060000241E-1,7.470000267E0,9.705000371E-2
1.555988610E2,5.017950058E0,6.426000118E0,-1.714950085E0
1.556013044E2,3.457050085E0,3.703950167E0,-5.536050320E0
1.556037480E2,2.314050198E0,7.207050323E0,9.949500561E-1
1.556061915E2,6.804000378E0,6.168000221E0,-5.989500284E-1
1.556086351E2,3.454050064E0,5.385000229E0,-5.086050034E0
1.556110786E2,-2.869500220E-1,7.294950485E0,-3.159000158E0
1.556135222E2,5.575050354E0,4.621050358E0,-2.356050014E0
1.556159657E2,4.345050335E0,2.266950130E0,-8.014050484E0
1.556184093E2,1.840050101E0,6.591000080E0,-1.269000053E0
1.556208527E2,9.733950615E0,7.422000408E0,-1.759950042E0
1.556232963E2,4.036050320E0,5.751000404E0,-5.956950188E0
1.556257398E2,5.260500312E-1,9.567000389E0,2.569950104E0
1.556281834E2,1.558050036E0,9.631950378E0,1.921050072E0
1.556306269E2,1.290000081E0,7.822050571E0,-2.650950193E0
1.556330703E2,-3.600000218E-2,8.878050804E0,-7.470000386E-1
1.556355139E2,3.318000078E0,9.711000443E0,2.203950167E0
1.556379574E2,2.764950037E0,9.448050499E0,-2.791950226E0
1.556404010E2,2.491950035E0,1.021905041E1,-1.935000062E0
1.556428444E2,7.507950306E0,1.172700024E1,-4.770000458E0
1.556452880E2,5.110950470E0,9.939000130E0,-8.685000420E0
1.556477315E2,3.100050211E0,1.271595097E1,-3.087000132E0
1.556501751E2,6.928050518E0,1.599600029E1,-4.384050369E0
1.556526186E2,3.496950150E0,1.308000088E1,-4.837050438E0
1.556550622E2,2.770500183E-1,1.205805016E1,8.770500422E-1
1.556575057E2,2.077050209E0,1.428405094E1,3.240000010E-1
1.556599493E2,2.215950012E0,1.139895058E1,-3.727950096E0
1.556623927E2,2.100000083E-1,9.019050598E0,-1.585050106E0
1.556648364E2,2.037000179E0,1.102605057E1,-7.470000386E-1
1.556672798E2,3.172050238E0,1.278300095E1,-3.202050209E0
1.556697234E2,2.716950178E0,1.028805065E1,-1.837050080E0
1.556721669E2,5.977950096E0,1.087695026E1,-2.104950190E0
1.556746105E2,5.068050385E0,9.292050362E0,-5.869050503E0
1.556770539E2,2.026950121E0,8.302950859E0,-1.807950139E0
1.556794976E2,4.357050419E0,1.078605080E1,7.530000210E-1
1.556819411E2,2.721000195E0,7.273950577E0,-3.385950089E0
1.556843847E2,4.830000103E-1,3.562950134E0,-1.680000126E-1
1.556868281E2,4.036050320E0,5.574000359E0,-6.229500175E-1
1.556892715E2,8.116050720E0,4.288050175E0,-8.740050316E0
1.556917151E2,5.155950069E0,2.179050207E0,-9.949050903E0
1.556941586E2,2.484000206E0,6.694050312E0,-1.645050049E0
1.556966022E2,3.909000158E0,7.690050602E0,-2.364000082E0
1.556990457E2,-4.159500301E-1,7.081950188E0,-3.285000086E0
1.557014893E2,-1.555950046E0,6.970050335E0,3.621000290E0
1.557039328E2,3.721950293E0,3.108000040E0,-3.450000286E-1
1.557063764E2,4.438050270E0,1.551000118E0,-6.319050312E0
1.557088199E2,3.921000242E0,5.112000465E0,-2.400000095E0
1.557112635E2,9.435000420E0,2.028000116E0,-3.570000172E0
1.557137069E2,1.504950047E0,2.941950083E0,-7.617000580E0
1.557161506E2,-7.519500256E-1,5.014050007E0,-1.128000021E0
1.557185940E2,7.479000568E0,4.695000172E0,-9.079500437E-1
1.557210376E2,5.755050182E0,2.959050179E0,-7.672050476E0
1.557234811E2,6.670500040E-1,7.659000397E0,-3.280500174E-1
1.557259247E2,7.077000141E0,6.013950348E0,2.569500208E-1
1.557283682E2,3.820050240E0,6.739950180E0,-7.072950363E0
1.557308116E2,-3.210000098E-1,8.325000763E0,9.850500226E-1
1.557332552E2,3.672000170E0,7.354950428E0,1.459050059E0
1.557356987E2,3.469050169E0,7.057950497E0,-3.867000103E0
1.557381423E2,6.531000137E0,9.988950729E0,-1.444050074E0
1.557405857E2,1.128105068E1,1.199805069E1,-8.098050117E0
1.557430294E2,4.141050339E0,8.727000237E0,-7.473000526E0
1.557454731E2,1.018950105E0,1.135800076E1,-4.950000439E-3
1.557479164E2,3.058950186E0,1.569900036E1,6.090000272E-1
1.557503599E2,3.412950277E0,1.114500046E1,-1.492050052E0
1.557528035E2,9.109500647E-1,9.625050545E0,6.790500283E-1
1.557552470E2,4.714050293E0,1.430295086E1,-1.849050045E0
1.557576906E2,3.150000095E0,1.396095085E1,-6.835950375E0
1.557601341E2,1.435950041E0,1.356105042E1,-4.791000366E0
1.557625777E2,2.829000235E0,1.489695072E1,-2.656050205E0
1.557650211E2,3.069000244E0,1.416495037E1,-1.819950104E0
1.557674648E2,8.590500355E-1,1.551000118E1,4.459500313E-1
1.557699082E2,1.819050074E0,1.792605019E1,2.544000149E0
1.557723519E2,3.864000082E0,1.423200035E1,2.290050030E0
1.557747953E2,1.375950098E0,1.076700020E1,-2.665050030E0
1.557772387E2,5.200050354E0,9.475950241E0,-4.942050457E0
1.557796823E2,5.560950279E0,7.626000404E0,-1.492605114E1
1.557821260E2,2.410050154E0,2.566950083E0,-1.269000053E1
1.557845694E2,1.837950110E0,-6.019500494E-1,-8.208000183E0
1.557870131E2,7.249500155E-1,3.660000265E-1,-6.622950077E0
1.557894565E2,-1.659000039E0,1.530000120E-1,-6.880500317E-1
1.557918999E2,-1.219500080E-1,-5.279999971E-1,4.504950047E0
1.557943435E2,-7.759500146E-1,-6.550500393E-1,3.900000080E-2
1.557967870E2,-8.500500321E-1,-5.740500093E-1,1.555050015E0
1.557992306E2,-3.160500228E-1,-2.550000250E-1,-5.200500488E-1
1.558016741E2,-1.200000048E-1,-2.839500010E-1,1.179000020E0
1.558041177E2,9.000000358E-2,-4.159500301E-1,3.268950224E0
1.558065612E2,4.780500233E-1,-2.410500050E-1,4.204950333E0
1.558090048E2,3.094950199E0,1.510500014E-1,4.011000156E0
1.558114483E2,1.206405067E1,9.421050072E0,-3.822000265E0
1.558138919E2,2.608500099E1,3.643605042E1,-3.558000088E0
1.558163353E2,1.182000065E1,1.235400105E1,-1.015200043E1
1.558187789E2,3.724950075E0,3.685050249E0,8.149050713E0
1.558212224E2,2.733000040E0,2.170905113E1,1.351905060E1
1.558236660E2,3.267000198E0,1.882095146E1,-2.521200180E1
1.558261095E2,1.375005054E1,6.733050346E0,1.151700020E1
1.558285531E2,2.668950081E0,1.080495071E1,-1.986105156E1
1.558309965E2,1.629495049E1,1.081305027E1,-1.459395027E1
1.558334400E2,4.138950348E0,8.002050400E0,-2.950800133E1
1.558358836E2,2.494050026E0,5.428050041E0,-1.635300064E1
1.558383270E2,8.583000183E0,1.260600090E1,-7.138050556E0
1.558407706E2,8.118000031E0,1.728195000E1,1.785000086E0
1.558432141E2,2.764950037E0,5.617050171E0,-4.545000076E0
1.558456577E2,9.900000691E-1,6.481050491E0,-2.122050047E0
1.558481012E2,4.183950424E0,1.438695049E1,2.110050201E0
1.558505448E2,3.130950212E0,9.796950340E0,2.326050043E0
1.558529883E2,-3.153000116E0,1.473195076E1,4.312950134E0
1.558554319E2,-3.676950216E0,1.155705070E1,6.805050373E0
1.558578753E2,-8.805000782E-2,4.500000179E-2,3.910500109E-1
1.558603190E2,-1.390500069E-1,-1.980000138E-1,4.870500267E-1
1.558627624E2,-3.919500113E-1,-1.090500057E-1,3.124950171E0
1.558652060E2,-8.760000467E-1,2.820000052E-1,6.151950359E0
1.558676495E2,-2.526000023E0,1.695000052E0,2.899950027E0
1.558700931E2,-2.092050076E0,8.430000305E0,-1.798950076E0
1.558725366E2,-9.600000083E-2,5.992950439E0,-1.000950098E0
1.558749800E2,8.590500355E-1,2.014050007E0,1.435050011E0
1.558774236E2,-1.269000053E0,5.293950081E0,-2.779500186E-1
1.558798670E2,-1.136505032E1,3.095295143E1,6.870000362E0
1.558823106E2,-9.859500527E-1,4.864950180E0,3.907950163E0
1.558847543E2,7.060500383E-1,3.559950113E0,-2.067000151E0
1.558871977E2,2.982000113E0,2.419200134E1,4.891950130E0
1.558896412E2,7.146000385E0,1.825905037E1,6.499500275E-1
1.558920848E2,6.054000378E0,9.711000443E0,3.181050062E0
1.558945282E2,6.543000221E0,8.245950699E0,6.942000389E0
1.558969719E2,1.963200188E1,4.401000023E0,-8.682000160E0
1.558994153E2,1.429500103E1,7.261950493E0,-2.771205139E1
1.559018589E2,7.455000401E0,7.282950401E0,-3.281700134E1
1.559043024E2,-7.060500383E-1,3.309000254E0,-2.013600159E1
1.559067460E2,3.801000118E0,3.823950291E0,-2.068950176E0
1.559091895E2,4.393050194E0,1.511700058E1,6.259950161E0
1.559116331E2,2.719050169E0,1.070505047E1,-1.969500035E-1
1.559140765E2,5.160000324E-1,7.276050568E0,3.963000298E0
1.559165201E2,1.335000038E0,1.320195103E1,4.864050388E0
1.559189636E2,1.339950085E0,1.144200039E1,2.974950075E0
1.559214070E2,2.805000067E0,1.507695103E1,5.683050156E0
1.559238507E2,1.120395088E1,1.107300091E1,7.383000374E0
1.559262943E2,7.108050346E0,3.970050097E0,-1.132500076E1
1.559287377E2,6.313050270E0,8.500050545E0,1.830000132E-1
1.559311812E2,9.220050812E0,1.408995056E1,-1.402905083E1
1.559336248E2,6.117000103E0,4.183050156E0,-2.713005066E1
1.559360682E2,3.088050127E0,4.281000137E0,-2.169795036E1
1.559385118E2,7.219950199E0,7.959000587E0,-1.101405048E1
1.559409553E2,2.596950054E0,7.635000229E0,-8.409000397E0
1.559433989E2,2.392950058E0,8.370000839E0,2.151000023E0
1.559458424E2,4.326000214E0,1.395405102E1,6.762000084E0
1.559482860E2,3.466050148E0,1.025205040E1,5.158050060E0
1.559507295E2,1.029000044E0,6.570000172E0,4.530000091E-1
1.559531731E2,1.675050020E0,1.009395027E1,-2.569500208E-1
1.559556166E2,3.424950123E0,7.717050552E0,1.792050123E0
1.559580602E2,1.411950111E0,6.594000340E0,1.962000132E0
1.559605036E2,9.780000448E-1,9.369000435E0,-3.048000097E0
1.559629472E2,1.387950063E0,1.109505081E1,6.599999964E-2
1.559653907E2,7.510500550E-1,8.515950203E0,4.870500267E-1
1.559678343E2,-1.138950109E0,9.505050659E0,-3.565950155E0
1.559702778E2,1.090500057E-1,1.449495029E1,9.060000181E-1
1.559727212E2,4.560000300E-1,1.059195042E1,2.769000053E0
1.559751648E2,-1.558050036E0,7.710000515E0,-2.151000023E0
1.559776082E2,-2.032950163E0,1.007505035E1,-1.995000057E-2
1.559800519E2,-6.679500341E-1,5.646000385E0,3.220500052E-1
1.559824955E2,-1.506000042E0,5.677050114E0,-1.240950108E0
1.559849390E2,1.254000068E0,5.229000092E0,5.635050297E0
1.559873824E2,3.100050211E0,3.531000137E0,6.991950512E0
1.559898260E2,3.480000257E0,4.432050228E0,1.921050072E0
1.559922694E2,4.579050064E0,6.060000420E0,4.296000004E0
1.559947131E2,5.488950253E0,5.899050236E0,5.532000065E0
1.559971565E2,3.928050280E0,4.256999969E0,3.247950077E0
1.559996001E2,1.029495049E1,5.631000042E0,5.589000225E0
1.560020436E2,1.412505054E1,4.570950031E0,-1.071495056E1
1.560044872E2,4.693950176E0,6.892950535E0,-2.108505058E1
1.560069307E2,2.062950134E0,9.472050667E0,-2.431695175E1
1.560093743E2,1.064400005E1,4.836000443E0,-2.171400070E1
1.560118177E2,7.138950348E0,7.305000305E0,-2.177700043E1
1.560142613E2,5.403000355E0,8.974050522E0,-1.843395042E1
1.560167047E2,6.873000145E0,8.124000549E0,-1.187895012E1
1.560191484E2,1.464000106E0,6.766050339E0,-6.127050400E0
1.560215918E2,2.491950035E0,8.715000153E0,5.649000168E0
1.560240355E2,3.178950071E0,1.424400043E1,6.810000420E0
1.560264790E2,2.104050159E0,6.831000328E0,6.513000488E0
1.560289226E2,2.155950069E0,7.365000248E0,4.410000145E-1
1.560313660E2,6.997950554E0,1.306995106E1,4.567049980E0
1.560338094E2,6.567000389E0,1.096095085E1,4.636050224E0
1.560362530E2,4.399950027E0,1.162395096E1,6.259500384E-1
1.560386965E2,3.532950163E0,1.655400085E1,2.296950102E0
1.560411402E2,2.137050152E0,1.182495022E1,1.579050064E0
1.560435836E2,-4.450500309E-1,1.117605019E1,-3.534000158E0
1.560460272E2,-1.000500023E-1,1.589100075E1,-9.970500469E-1
1.560484707E2,1.699050069E0,1.338600063E1,4.830000401E0
1.560509143E2,-2.595000155E-2,8.977950096E0,-1.975950122E0
1.560533577E2,-1.434000015E0,9.754050255E0,-3.931950092E0
1.560558014E2,6.769500375E-1,1.422195053E1,3.609000206E0
1.560582448E2,7.870500088E-1,1.053705025E1,2.242050171E0
1.560606884E2,-5.580000281E-1,1.121205044E1,-6.229500175E-1
1.560631319E2,1.894950032E0,1.402095032E1,3.571050167E0
1.560655755E2,2.050950050E0,9.168000221E0,2.170050144E0
1.560680190E2,5.790000558E-1,9.022050858E0,-1.957050085E0
1.560704626E2,1.560000062E0,1.138500023E1,4.212000370E0
1.560729060E2,1.159950018E0,9.426000595E0,3.231000185E0
1.560753494E2,3.610500097E-1,8.266950607E0,2.400000095E0
1.560777930E2,6.496950150E0,1.240005016E1,6.003000259E0
1.560802367E2,1.827705002E1,5.799000263E0,-1.480395031E1
1.560826801E2,8.439000130E0,3.927000284E0,-2.576295090E1
1.560851238E2,1.063005066E1,8.173950195E0,-3.278295135E1
1.560875672E2,2.580000162E0,6.795000553E0,-2.071305084E1
1.560900107E2,3.409050226E0,7.261950493E0,-7.360950470E0
1.560924543E2,5.659050465E0,1.292700100E1,3.940050125E0
1.560948978E2,3.274950266E0,1.122705078E1,6.394050121E0
1.560973414E2,6.600000262E-1,4.282950401E0,-1.380000114E0
1.560997848E2,2.863050222E0,7.410000324E0,7.177050114E0
1.561022284E2,5.133000374E0,5.452050209E0,-1.675950050E0
1.561046719E2,9.040500522E-1,2.631000042E0,-9.820500612E-1
1.561071155E2,8.074950218E0,6.105000496E0,3.802950144E0
1.561095590E2,7.912050247E0,5.547000408E0,-2.955000162E0
1.561120026E2,7.990500331E-1,6.136050224E0,-8.614950180E0
1.561144461E2,2.086950064E0,7.884000301E0,-6.906000137E0
1.561168897E2,6.363000393E0,7.635000229E0,-8.389950752E0
1.561193331E2,1.182000041E0,6.357000351E0,-8.830950737E0
1.561217767E2,8.539500237E-1,9.952950478E0,7.120500207E-1
1.561242202E2,4.927050114E0,9.325950623E0,1.332000017E0
1.561266638E2,3.094950199E0,7.314000130E0,-2.689500153E-1
1.561291073E2,1.066950083E0,9.714000702E0,1.920000017E-1
1.561315509E2,1.845000029E0,1.110000038E1,2.946000099E0
1.561339943E2,2.322000027E0,9.280050278E0,3.208950043E0
1.561364377E2,2.559000015E0,1.069305038E1,-2.440050125E0
1.561388813E2,1.470300102E1,1.327905083E1,-1.150050044E0
1.561413248E2,6.520950317E0,9.022050858E0,-1.279605103E1
1.561437684E2,2.401050091E0,1.004205036E1,-5.557950497E0
1.561462119E2,3.009000063E0,1.282800102E1,-7.200000286E0
1.561486555E2,2.118000031E0,1.093200016E1,-5.560050488E0
1.561510992E2,-4.930500090E-1,7.159050465E0,6.349500418E-1
1.561535426E2,2.970000029E0,9.997950554E0,5.520000458E-1
1.561559860E2,3.550050259E0,1.217505074E1,-3.763950109E0
1.561584296E2,1.129050016E0,6.577050209E0,-1.027950048E0
1.561608731E2,2.829000235E0,4.563000202E0,4.489500225E-1
1.561633167E2,4.504950047E0,7.033950329E0,-4.296000004E0
1.561657602E2,1.680000067E0,5.113950253E0,-2.529000044E0
1.561682038E2,2.788950205E0,6.475950241E0,-9.010500312E-1
1.561706473E2,4.692000389E0,6.474000454E0,-4.492050171E0
1.561730909E2,1.768950105E0,2.749050140E0,-2.953050137E0
1.561755343E2,3.142950058E0,6.031050205E0,3.553950071E0
1.561779780E2,6.865950108E0,6.192000389E0,-3.846000195E0
1.561804215E2,3.817950249E0,2.020950079E0,-4.846950054E0
1.561828651E2,3.559050083E0,7.213950157E0,-1.155000091E0
1.561853085E2,7.704000473E0,8.325000763E0,-3.826950073E0
1.561877521E2,2.619000196E0,6.366000175E0,-4.222050190E0
1.561901956E2,6.220500469E-1,7.282950401E0,-1.489500105E-1
1.561926392E2,4.849950314E0,7.855950356E0,-1.902000070E0
1.561950827E2,3.454050064E0,4.978050232E0,-6.373950481E0
1.561975263E2,2.440950155E0,7.221000195E0,-2.265000105E0
1.561999698E2,1.075395012E1,8.557050705E0,-6.217950344E0
1.562024132E2,5.863050461E0,6.454950333E0,-9.745050430E0
1.562048568E2,-9.105000645E-2,9.606000900E0,-1.204950094E0
1.562073003E2,2.869950056E0,1.174905014E1,-3.550500274E-1
1.562097439E2,2.980050087E0,9.706050873E0,-3.016950130E0
1.562121873E2,2.550000250E-1,8.179050446E0,-1.396050096E0
1.562146310E2,2.596950054E0,1.042200089E1,1.677000046E0
1.562170744E2,5.626050472E0,1.038900089E1,-7.375050545E0
1.562195180E2,1.681950092E0,8.176050186E0,-5.230050087E0
1.562219615E2,1.972050071E0,9.235050201E0,-1.426950097E0
1.562244051E2,3.472950220E0,9.076950073E0,-5.572050095E0
1.562268486E2,2.013000011E0,8.662050247E0,-1.638000131E0
1.562292922E2,3.871050119E0,1.073805046E1,8.509500623E-1
1.562317356E2,8.938950539E0,1.072905064E1,-4.795950413E0
1.562341792E2,4.314000130E0,7.348050117E0,-6.862950325E0
1.562366227E2,2.539950132E0,8.776950836E0,-1.084950089E0
1.562390663E2,8.145000458E0,1.057995033E1,-5.134050369E0
1.562415098E2,4.789950371E0,6.523950100E0,-8.991000175E0
1.562439534E2,1.507950068E0,7.963050365E0,-1.638000131E0
1.562463969E2,6.828000546E0,1.047300053E1,-2.052000046E0
1.562488405E2,5.535000324E0,8.653050423E0,-5.887950420E0
1.562512839E2,1.752000093E0,8.806050301E0,-2.325000048E0
1.562537276E2,3.679050207E0,9.667950630E0,-4.099500179E-1
1.562561710E2,3.535950184E0,8.176050186E0,-3.795000076E0
1.562586146E2,1.536000013E0,7.480050564E0,-1.099050045E0
1.562610581E2,8.307000160E0,9.891000748E0,-9.990000725E-1
1.562635017E2,7.903050423E0,7.333950520E0,-9.160950661E0
1.562659452E2,2.869500220E-1,6.900000095E0,-2.608050108E0
1.562683888E2,2.116050005E0,9.562950134E0,2.662950039E0
1.562708322E2,3.258000135E0,9.625050545E0,-2.052000046E0
1.562732756E2,1.251000047E0,6.442950249E0,-1.392000079E0
1.562757193E2,2.100000158E-2,9.096000671E0,1.801050067E0
1.562781627E2,4.728000164E0,1.251195049E1,-2.809500098E-1
1.562806064E2,3.114000082E0,9.979050636E0,-4.899000168E0
1.562830498E2,2.233050108E0,8.968950272E0,-6.060000062E-1
1.562854935E2,4.492950439E0,1.046805096E1,-4.813050270E0
1.562879368E2,2.371950150E0,9.084000587E0,-5.275050163E0
1.562903805E2,7.270500064E-1,8.647950172E0,2.419050217E0
1.562928239E2,4.194000244E0,1.093200016E1,-1.399050117E0
1.562952675E2,2.851050138E0,9.001950264E0,-4.971000195E0
1.562977110E2,1.777950048E0,6.862050533E0,-1.744050026E0
1.563001546E2,5.935050488E0,7.888950348E0,-3.055950165E0
1.563025981E2,7.720950603E0,7.149000168E0,-8.284950256E0
1.563050417E2,2.572950125E0,6.084000111E0,-4.803000450E0
1.563074852E2,4.644000053E0,8.253000259E0,1.366050124E0
1.563099288E2,6.315000534E0,1.074795055E1,-3.181950092E0
1.563123722E2,1.929000139E0,5.976000309E0,-2.407050133E0
1.563148158E2,2.812050104E0,6.559950352E0,2.310000062E-1
1.563172593E2,4.819050312E0,8.188050270E0,-5.731950283E0
1.563197029E2,1.294050097E0,6.120000362E0,-5.119050026E0
1.563221464E2,2.226000071E0,7.365000248E0,-1.626000047E0
1.563245900E2,6.765000343E0,8.230950356E0,-4.702950001E0
1.563270335E2,1.555050015E0,6.414000511E0,-5.923950195E0
1.563294771E2,2.460000068E-1,6.583950520E0,2.461950064E0
1.563319205E2,4.933950424E0,8.458950043E0,-3.520500064E-1
1.563343642E2,2.791050196E0,4.860000134E0,-5.730000496E0
1.563368076E2,1.000500023E-1,6.421050072E0,9.559500217E-1
1.563392512E2,4.239000320E0,9.313950539E0,-1.648050070E0
1.563416947E2,3.550050259E0,7.294950485E0,-4.044000149E0
1.563441381E2,2.065050125E0,7.461000443E0,-1.188000083E0
1.563465818E2,2.992050171E0,7.975050449E0,-1.111050010E0
1.563490252E2,3.820050240E0,9.084000587E0,-3.526950121E0
1.563514688E2,2.050950050E0,7.891050339E0,-2.019000053E0
1.563539122E2,3.760950089E0,9.049950600E0,4.459500313E-1
1.563563559E2,5.917950153E0,9.256050110E0,-6.927000523E0
1.563587993E2,1.150950074E0,6.067050457E0,-3.241950035E0
1.563612430E2,1.558050036E0,6.457050323E0,1.999500096E-1
1.563636866E2,5.713950157E0,7.732950211E0,-5.263050079E0
1.563661301E2,2.580000162E0,5.083050251E0,-5.325000286E0
1.563685735E2,1.941000104E0,6.370950222E0,-1.486950040E0
1.563710171E2,5.508000374E0,8.638050079E0,-2.182049990E0
1.563734608E2,3.981000185E0,6.151050091E0,-5.128950119E0
1.563759041E2,1.507950068E0,6.043050289E0,-1.564050078E0
1.563783478E2,4.963050365E0,7.956000328E0,-1.096950054E0
1.563807912E2,3.054000139E0,6.214950085E0,-6.625050545E0
1.563832349E2,1.500000060E-1,5.320050240E0,6.670500040E-1
1.563856784E2,6.042000294E0,1.124100018E1,1.428000093E0
1.563881220E2,3.720000267E0,7.827000141E0,-3.039000034E0
1.563905654E2,2.050500065E-1,9.675000191E0,1.705950022E0
1.563930088E2,2.563050032E0,1.171500015E1,1.174050093E0
1.563954524E2,4.132050037E0,1.014900017E1,-4.477950096E0
1.563978959E2,2.271000147E0,1.099905014E1,-6.103950500E0
1.564003395E2,2.965950251E0,1.217205048E1,-1.791000128E0
1.564027832E2,4.251000404E0,1.312500095E1,-4.437000275E0
1.564052266E2,3.157050133E0,1.181295013E1,-4.138050079E0
1.564076700E2,2.716950178E0,1.123395061E1,1.483050108E0
1.564101137E2,4.138950348E0,1.134195042E1,-3.132000208E0
1.564125571E2,2.209050179E0,1.079805088E1,-4.387050152E0
1.564150007E2,5.590050220E0,1.351800060E1,-2.941050053E0
1.564174442E2,8.371950150E0,1.332705021E1,-8.785050392E0
1.564198878E2,4.459950447E0,1.143300056E1,-6.139050484E0
1.564223313E2,1.144050002E0,1.057500076E1,-4.789500237E-1
1.564247749E2,2.491950035E0,1.070205021E1,2.368950129E0
1.564272184E2,3.327000141E0,1.256295013E1,-1.489950061E0
1.564296620E2,1.426050067E0,7.743000507E0,-3.019500077E-1
1.564321054E2,2.118000031E0,7.506000519E0,3.484950066E0
1.564345491E2,5.298000336E0,1.111395073E1,-3.024000168E0
1.564369925E2,1.498050094E0,7.495950222E0,-1.830000043E0
1.564394361E2,3.070950031E0,7.822050571E0,2.449500114E-1
1.564418796E2,4.318050385E0,8.185950279E0,-4.609050274E0
1.564443232E2,2.644950151E0,4.729050159E0,-5.368050098E0
1.564467667E2,5.167950153E0,9.473999977E0,-2.971950054E0
1.564492103E2,8.863050461E0,6.109950066E0,-8.373000145E0
1.564516538E2,2.520000219E0,5.394000053E0,-7.507050514E0
1.564540974E2,-1.125000000E0,7.012950420E0,2.307000160E0
1.564565409E2,3.274950266E0,6.064950466E0,1.677000046E0
1.564589845E2,4.741950035E0,3.057000160E0,-5.151000023E0
1.564614279E2,2.482050180E0,4.350000381E0,-1.368000031E0
1.564638715E2,6.904050350E0,8.193000793E0,-3.600000143E-1
1.564663150E2,5.695050240E0,4.354950428E0,-6.328950405E0
1.564687586E2,-5.269500017E-1,6.213000298E0,-3.666000128E0
1.564712021E2,-7.050000131E-3,7.063050270E0,4.129500091E-1
1.564736457E2,4.438050270E0,4.309950352E0,-3.670950174E0
1.564760892E2,1.663050056E0,5.032950401E0,-4.072950363E0
1.564785328E2,5.986950397E0,7.492050171E0,4.129500091E-1
1.564809762E2,9.792000771E0,5.314950466E0,-6.979950428E0
1.564834196E2,-9.000000544E-3,6.571950436E0,-4.389000416E0
1.564858633E2,-1.812000036E0,9.586950302E0,5.469000340E0
1.564883069E2,3.265050173E0,6.388050079E0,-1.825050116E0
1.564907504E2,2.619000196E0,6.037950516E0,-3.847950220E0
1.564931940E2,2.479950190E0,7.956000328E0,-7.759500146E-1
1.564956375E2,6.471000195E0,8.179050446E0,-5.007000446E0
1.564980811E2,4.692000389E0,7.065000534E0,-6.903000355E0
1.565005246E2,6.529500484E-1,7.828950405E0,-1.588050127E0
1.565029679E2,3.849000216E0,8.473050117E0,-1.510950089E0
1.565054116E2,3.142950058E0,7.786050320E0,-5.124000072E0
1.565078550E2,2.410050154E0,8.839950562E0,-2.140500098E-1
1.565102987E2,9.493050575E0,9.601050377E0,-4.530000210E0
1.565127421E2,6.082950115E0,7.815000534E0,-9.142050743E0
1.565151858E2,7.510500550E-1,8.955000877E0,-3.084000111E0
1.565176294E2,2.014950037E0,9.766050339E0,7.950000465E-3
1.565200729E2,3.351000071E0,7.972950459E0,-2.296950102E0
1.565225165E2,1.042950034E0,7.117950439E0,-8.580000401E-1
1.565249600E2,2.908050060E0,9.745050430E0,4.267950058E0
1.565274036E2,5.635050297E0,1.037895012E1,-8.070000410E-1
1.565298470E2,2.868000031E0,8.097000122E0,-3.357000113E0
1.565322905E2,1.824000120E0,1.092000008E1,1.428000093E0
1.565347341E2,2.959050179E0,1.061895084E1,-3.688050270E0
1.565371775E2,1.708950043E0,9.570000648E0,-2.605050087E0
1.565396211E2,3.030000031E-1,1.173705101E1,1.627050042E0
1.565420646E2,5.772000313E0,1.218000031E1,1.690500081E-1
1.565445083E2,2.554050207E0,1.153995037E1,-5.737050056E0
1.565469519E2,2.688000202E0,1.020705032E1,-1.552050114E0
1.565493953E2,5.145000458E0,1.090800095E1,-3.544050217E0
1.565518390E2,5.014950275E0,1.025505066E1,-8.602950096E0
1.565542824E2,6.739500165E-1,1.086300087E1,-3.814950228E0
1.565567261E2,3.151950121E0,1.233000088E1,1.195950031E0
1.565591695E2,5.323950291E0,1.148505020E1,-5.257950306E0
1.565616129E2,2.614050150E0,1.014195061E1,-3.295050144E0
1.565640565E2,3.516000271E0,1.022595024E1,-1.072950006E0
1.565665000E2,5.089050293E0,8.361000061E0,-5.431050301E0
1.565689436E2,2.508000135E0,7.480050564E0,-4.565999985E0
1.565713871E2,3.703050137E0,8.725049973E0,-1.983000040E0
1.565738307E2,7.918950558E0,9.412050247E0,-6.340950489E0
1.565762742E2,3.526050091E0,7.077000141E0,-6.778950214E0
1.565787178E2,2.143949986E0,8.272050858E0,1.215000033E0
1.565811613E2,6.813000202E0,9.979050636E0,-1.978050113E0
1.565836050E2,4.552950382E0,5.764950275E0,-6.415050507E0
1.565860486E2,1.716000080E0,9.352050781E0,7.069500089E-1
1.565884920E2,8.194950104E0,8.959050179E0,-2.365950108E0
1.565909357E2,5.712000370E0,7.080000401E0,-7.522950172E0
1.565933790E2,5.260500312E-1,8.785050392E0,-4.483050346E0
1.565958225E2,4.294950008E0,7.264050484E0,-2.272950172E0
1.565982661E2,5.788950443E0,6.007050514E0,-7.810950279E0
1.566007096E2,6.049500108E-1,6.670050144E0,-4.384050369E0
1.566031532E2,5.203950405E0,8.083050728E0,6.330000162E-1
1.566055967E2,9.153000832E0,5.683950424E0,-8.421000481E0
1.566080403E2,1.210500076E-1,5.587950230E0,-6.015000343E0
1.566104837E2,5.400000140E-2,7.699950218E0,1.011000037E0
1.566129274E2,5.583000183E0,5.382000446E0,-3.103050232E0
1.566153710E2,2.851050138E0,3.280050039E0,-4.641000271E0
1.566178145E2,6.409500241E-1,6.232050419E0,1.188000083E0
1.566202579E2,6.727050304E0,5.928000450E0,1.581000090E0
1.566227016E2,4.788000107E0,2.983050108E0,-3.979950190E0
1.566251450E2,2.359500080E-1,4.750050068E0,3.580500185E-1
1.566275886E2,3.223950148E0,7.189950466E0,1.428000093E0
1.566300320E2,1.836000085E0,4.256999969E0,-2.128950119E0
1.566324757E2,-7.230000496E-1,5.887050152E0,2.020500153E-1
1.566349191E2,-8.980500698E-1,9.658050537E0,1.666950107E0
1.566373627E2,3.157050133E0,6.868950367E0,-1.104000092E0
1.566398062E2,-3.760500252E-1,6.891000271E0,-4.167000294E0
1.566422498E2,3.721950293E0,9.903000832E0,1.914000034E0
1.566446933E2,5.118000031E0,9.064949989E0,-5.503050327E0
1.566471370E2,3.610050201E0,7.626000404E0,-6.016950130E0
1.566495804E2,4.941000462E0,1.024695015E1,-2.353950024E0
1.566520240E2,8.704950333E0,1.002195072E1,-6.280950069E0
1.566544677E2,3.981000185E0,9.025950432E0,-6.886050224E0
1.566569111E2,2.202000141E0,1.027605057E1,-5.610000491E-1
1.566593547E2,7.270950317E0,9.570000648E0,-2.910000086E0
1.566617982E2,4.078950405E0,7.846050262E0,-4.507050037E0
1.566642416E2,3.247950077E0,1.108305073E1,-9.370500445E-1
1.566666852E2,8.668950081E0,1.063995075E1,-5.032950401E0
1.566691289E2,3.769950151E0,9.117000580E0,-7.849050522E0
1.566715723E2,6.739500165E-1,8.758049965E0,-9.079500437E-1
1.566740160E2,2.824050188E0,1.057800007E1,1.821000099E0
1.566764594E2,3.277050257E0,1.017795086E1,-3.130050182E0
1.566789030E2,7.609500289E-1,8.767950058E0,-1.440000087E-1
1.566813464E2,2.923050165E0,1.214400101E1,3.733950138E0
1.566837901E2,4.503000259E0,1.170300102E1,-2.706000090E0
1.566862336E2,1.531950116E0,1.033395004E1,-1.843950033E0
1.566886772E2,2.805000067E0,1.277100086E1,-4.980000257E-1
1.566911207E2,4.294950008E0,1.187595081E1,-4.305000305E0
1.566935643E2,2.170950174E0,1.085805035E1,-3.001050234E0
1.566960077E2,2.322000027E0,1.210500050E1,2.639999986E-1
1.566984513E2,5.785950184E0,1.223205090E1,-3.646950245E0
1.567008948E2,2.689950228E0,1.053000069E1,-4.969050407E0
1.567033384E2,2.070000172E0,9.943050385E0,1.330500096E-1
1.567057819E2,6.337050438E0,1.122405052E1,-2.560050011E0
1.567082252E2,6.684000492E0,9.655950546E0,-7.999950409E0
1.567106688E2,2.259000063E0,8.835000038E0,-4.605000019E0
1.567131125E2,5.367000103E0,1.097805023E1,-3.802950144E0
1.567155559E2,5.797950268E0,9.874050140E0,-6.634950161E0
1.567179996E2,2.868000031E0,8.739000320E0,-4.789050102E0
1.567204430E2,3.622050285E0,7.717050552E0,-1.582950115E0
1.567228867E2,5.820000172E0,9.000000000E0,-5.316000462E0
1.567253301E2,2.992050171E0,5.478000164E0,-4.111050129E0
1.567277737E2,1.939050078E0,6.996000290E0,1.396950126E0
1.567302172E2,6.172050476E0,8.215050697E0,-5.440050125E0
1.567326608E2,1.611000061E0,5.289000034E0,-5.898000240E0
1.567351043E2,-2.856000185E0,7.173000336E0,2.841000080E0
1.567375479E2,3.343950272E0,5.089950085E0,1.516950130E0
1.567399914E2,6.574050426E0,2.683950186E0,-6.673050404E0
1.567424350E2,1.516950130E0,6.715950489E0,-4.308000088E0
1.567448785E2,7.201050282E0,6.498000145E0,-1.224000096E0
1.567473221E2,6.739050388E0,4.858050346E0,-9.046050072E0
1.567497655E2,-1.245000005E0,6.535950184E0,-4.264950275E0
1.567522091E2,2.262000084E0,7.309950352E0,2.629950047E0
1.567546526E2,7.564950466E0,5.634000301E0,-4.578000069E0
1.567570962E2,3.673950195E0,6.229950428E0,-1.131000042E0
1.567595397E2,6.682050228E0,8.677050591E0,-2.470500171E-1
1.567619833E2,7.171950340E0,6.694050312E0,-7.003950119E0
1.567644267E2,8.869500160E-1,6.871950150E0,-2.479050159E0
1.567668704E2,-5.700000525E-1,7.882050514E0,3.070050240E0
1.567693138E2,2.475000143E0,8.236050606E0,-6.090000272E-1
1.567717574E2,2.662050009E0,6.622950077E0,-4.726950169E0
1.567742009E2,2.664000034E0,7.470000267E0,-2.184000015E0
1.567766445E2,6.973950386E0,8.322000504E0,-6.244950294E0
1.567790880E2,4.048050404E0,8.683950424E0,-7.684050560E0
1.567815316E2,-3.795000166E-2,9.057000160E0,-1.150500029E-1
1.567839751E2,1.540950060E0,1.057995033E1,1.750950098E0
1.567864187E2,1.321050048E0,8.715000153E0,-1.119000077E0
1.567888621E2,-7.540500164E-1,7.384050369E0,-1.447050095E0
1.567913057E2,1.122000098E0,9.046050072E0,4.085999966E0
1.567937492E2,4.872000217E0,7.963050365E0,-4.272000313E0
1.567961928E2,1.888050079E0,4.288050175E0,-3.835950136E0
1.567986363E2,3.475950241E0,6.811950207E0,-6.060000062E-1
1.568010799E2,6.475950241E0,7.710000515E0,-5.935950279E0
1.568035234E2,2.295000076E0,6.211050510E0,-2.328000069E0
1.568059670E2,3.010500073E-1,9.618000031E0,3.043950081E0
1.568084104E2,4.873950005E0,1.274505043E1,2.848050117E0
1.568108541E2,2.764950037E0,1.011795044E1,-1.522950053E0
1.568132977E2,2.073000193E0,1.075305080E1,-1.281000018E0
1.568157412E2,5.362050056E0,1.187595081E1,-4.579500258E-1
1.568181848E2,2.860050201E0,1.068300056E1,-4.269000053E0
1.568206283E2,2.559000015E0,1.122405052E1,1.132950068E0
1.568230719E2,8.974950790E0,1.294305038E1,-5.944950104E0
1.568255154E2,6.559950352E0,1.118400097E1,-8.233950615E0
1.568279590E2,1.333050013E0,1.195005035E1,-2.886000156E0
1.568304024E2,3.564000130E0,1.405905056E1,-3.676050186E0
1.568328460E2,5.856000423E0,1.065705013E1,-7.131000519E0
1.568352895E2,8.320500255E-1,1.098300076E1,-4.123050213E0
1.568377331E2,3.178950071E0,1.148805046E1,5.710500479E-1
1.568401765E2,6.507000446E0,1.088700008E1,-5.704050064E0
1.568426202E2,2.949000120E0,9.523950577E0,-5.005050182E0
1.568450637E2,3.100050211E0,9.129000664E0,-2.280000210E0
1.568475073E2,5.986950397E0,1.025700092E1,-4.645050049E0
1.568499507E2,2.848050117E0,8.725049973E0,-4.779000282E0
1.568523944E2,1.984050035E0,8.674050331E0,2.413950205E0
1.568548378E2,5.740950108E0,1.196700096E1,-1.080000043E0
1.568572814E2,2.745000124E0,7.810050488E0,-4.762950420E0
1.568597249E2,5.119500160E-1,9.466950417E0,2.926950216E0
1.568621685E2,4.342050076E0,1.018500042E1,-9.600000083E-2
1.568646120E2,5.404950142E0,5.653050423E0,-6.915000439E0
1.568670556E2,1.678050041E0,8.476050377E0,-3.448050261E0
1.568694990E2,5.722050190E0,9.915000916E0,-1.344000101E0
1.568719426E2,7.407000542E0,7.915050507E0,-7.107000351E0
1.568743861E2,2.560950041E0,7.968000412E0,-4.513950348E0
1.568768297E2,4.455000401E0,9.151050568E0,-7.740000486E-1
1.568792732E2,8.410050392E0,7.590000153E0,-6.508050442E0
1.568817168E2,3.138000250E0,6.463950157E0,-7.381950378E0
1.568841603E2,4.998000145E0,8.731950760E0,-1.879950047E0
1.568866039E2,1.090005016E1,6.880950451E0,-8.689050674E0
1.568890474E2,3.211950064E0,6.559950352E0,-9.846000671E0
1.568914910E2,2.410500050E-1,6.381000519E0,-2.899500132E-1
1.568939344E2,2.014950037E0,7.915050507E0,-6.709500551E-1
1.568963780E2,2.242950201E0,4.494000435E0,-3.787950277E0
1.568988215E2,-8.500500321E-1,5.032950401E0,1.227000117E0
1.569012651E2,2.122950077E0,7.365000248E0,5.565000057E0
1.569037086E2,6.568950176E0,3.286950111E0,-2.698950052E0
1.569061522E2,5.740500093E-1,4.353000164E0,-4.018050194E0
1.569085957E2,6.960000396E-1,6.523950100E0,4.770000279E-1
1.569110393E2,6.286950111E0,3.567000151E0,-3.478950262E0
1.569134828E2,1.563000083E0,4.333950043E0,-2.368050098E0
1.569159264E2,4.708950043E0,7.969950199E0,1.717950106E0
1.569183701E2,8.094000816E0,5.935050488E0,-5.553000450E0
1.569208135E2,1.687050104E0,4.369050026E0,-3.439050198E0
1.569232571E2,5.020500422E-1,7.225950241E0,1.902000070E0
1.569257006E2,5.005950451E0,6.394950390E0,-2.173950195E0
1.569281442E2,4.101000309E0,3.904950142E0,-5.368050098E0
1.569305877E2,2.626050234E0,5.269950390E0,-1.963950038E0
1.569330313E2,7.443000317E0,6.244050503E0,-4.552050114E0
1.569354748E2,6.154950142E0,6.538950443E0,-7.413000584E0
1.569379184E2,9.780000448E-1,7.108950138E0,-1.332000017E0
1.569403618E2,2.812050104E0,8.779950142E0,5.659500360E-1
1.569428054E2,2.716950178E0,8.583000183E0,-3.537000179E0
1.569452489E2,7.129500508E-1,9.603000641E0,-2.020500153E-1
1.569476925E2,4.825950146E0,1.147605038E1,-2.899500132E-1
1.569501360E2,5.463000298E0,8.581050873E0,-7.207050323E0
1.569525796E2,-2.895000204E-2,8.890050888E0,-4.303050041E0
1.569550231E2,-4.500000179E-2,9.735000610E0,1.629000068E0
1.569574667E2,3.469050169E0,9.735000610E0,-1.699950099E0
1.569599101E2,2.233050108E0,8.353950500E0,-3.601050138E0
1.569623537E2,1.279950023E0,1.112595081E1,2.497950077E0
1.569647972E2,5.536950111E0,1.187595081E1,-1.987950087E0
1.569672408E2,3.270000219E0,1.024995041E1,-2.950050116E0
1.569696843E2,3.391950130E0,1.161495018E1,-2.689500153E-1
1.569721279E2,4.588950157E0,1.179900074E1,-3.336000204E0
1.569745713E2,4.906949997E0,1.115700054E1,-3.870000124E0
1.569770150E2,3.531000137E0,1.219905090E1,-2.557950020E0
1.569794586E2,9.247950554E0,1.291695023E1,-5.649000168E0
1.569819020E2,5.757000446E0,1.117395020E1,-8.905050278E0
1.569843457E2,5.239500403E-1,1.035000038E1,-1.930050135E0
1.569867891E2,1.972050071E0,1.101405048E1,8.770500422E-1
1.569892328E2,5.560950279E0,1.044405079E1,-5.055000305E0
1.569916763E2,2.515950203E0,8.193000793E0,-5.881050110E0
1.569941199E2,2.698050022E0,8.215050697E0,-2.548050165E0
1.569965633E2,6.576000214E0,9.000000000E0,-6.340950489E0
1.569990070E2,3.676950216E0,7.027050495E0,-7.717050552E0
1.570014504E2,1.666050076E0,6.055050373E0,-1.249950051E0
1.570038940E2,4.627050400E0,8.377950668E0,-2.397000074E0
1.570063375E2,3.052050114E0,6.181950092E0,-4.698000431E0
1.570087811E2,4.560000300E-1,6.903000355E0,2.776050091E0
1.570112246E2,6.481050491E0,7.063050270E0,2.163000107E0
1.570136682E2,7.321050167E0,1.803000093E0,-6.502950191E0
1.570161117E2,7.095000148E-2,6.333000183E0,-5.056950092E0
1.570185553E2,3.496950150E0,4.273950100E0,-9.870000482E-1
1.570209990E2,9.913950920E0,1.603950024E0,-8.035950661E0
1.570234424E2,2.050950050E0,2.920950174E0,-8.778000832E0
1.570258861E2,9.949500561E-1,7.480050564E0,-1.270500124E-1
1.570283295E2,8.992050171E0,5.755950451E0,-2.758950233E0
1.570307731E2,1.785000086E0,3.912000179E0,-6.070050240E0
1.570332166E2,-4.429500103E-1,7.008000374E0,1.809000134E0
1.570356602E2,6.018000126E0,5.581050396E0,-1.485000014E0
1.570381037E2,3.487950087E0,3.766050100E0,-5.983950138E0
1.570405473E2,3.634050131E0,6.856950283E0,-2.115000010E0
1.570429907E2,1.000305080E1,5.653050423E0,-4.320000172E0
1.570454343E2,3.898950100E0,4.630050182E0,-8.416049957E0
1.570478778E2,-1.044000030E0,6.550950527E0,1.572000027E0
1.570503214E2,1.077000022E0,7.518000126E0,3.777000189E0
1.570527649E2,5.590050220E0,7.705050468E0,-4.297950268E0
1.570552085E2,2.458050013E0,6.958050251E0,-3.051000118E0
1.570576520E2,4.759050369E0,1.011300087E1,7.600500584E-1
1.570600956E2,6.205050468E0,1.068300056E1,-6.139050484E0
1.570625391E2,1.843050122E0,9.748950005E0,-2.127000093E0
1.570649827E2,7.560000420E-1,1.309200096E1,2.869050026E0
1.570674261E2,3.133050203E0,1.376505089E1,2.923950195E0
1.570698698E2,2.518050194E0,1.202895069E1,-1.389000058E0
1.570723132E2,7.939500213E-1,1.508595085E1,-1.506000042E0
1.570747568E2,2.362050056E0,1.552005100E1,2.829000235E0
1.570772005E2,3.679050207E0,1.351305103E1,7.480500340E-1
1.570796440E2,2.154000044E0,1.287900066E1,-4.171050072E0
1.570820876E2,1.548000097E0,1.424400043E1,-1.777050138E0
1.570845310E2,3.208050251E0,1.372905064E1,1.849500090E-1
1.570869747E2,1.534050107E0,1.281195068E1,-1.257000089E0
1.570894181E2,2.583000183E0,1.512705040E1,-1.521000028E0
1.570918617E2,5.335950375E0,1.363305092E1,-8.128950119E0
1.570943052E2,2.257050037E0,1.261995029E1,-7.686000347E0
1.570967488E2,1.402050018E0,1.248405075E1,-3.525000095E0
1.570991923E2,1.764000058E0,1.251495075E1,-1.219050050E0
1.571016359E2,4.950000346E-1,9.193950653E0,-7.200000435E-2
1.571040794E2,-8.400000632E-2,7.369950294E0,1.051950097E0
1.571065230E2,4.771050453E0,1.001295090E1,3.549000263E0
1.571089664E2,3.370050192E0,8.017950058E0,-2.506950140E0
1.571114100E2,2.263950109E0,5.731950283E0,1.630950093E0
1.571138535E2,9.196050644E0,8.827950478E0,-7.759500146E-1
1.571162971E2,5.772000313E0,7.039050102E0,-6.156000137E0
1.571187408E2,2.295000076E0,6.916950226E0,-1.600050092E0
1.571211843E2,4.263000011E0,1.010400009E1,-2.251049995E0
1.571236279E2,5.346000195E0,7.053000450E0,-7.722000599E0
1.571260714E2,1.939050078E0,6.117000103E0,-8.692049980E0
1.571285150E2,9.880500436E-1,6.928950310E0,-4.441950321E0
1.571309584E2,4.714050293E0,4.587000370E0,-5.536050320E0
1.571334021E2,3.076050043E0,4.510950089E0,-6.454950333E0
1.571358455E2,2.812050104E0,6.816000462E0,-1.119000077E0
1.571382891E2,8.347949982E0,3.961950302E0,-3.469950199E0
1.571407326E2,2.511000156E0,2.704950094E0,-5.809050083E0
1.571431762E2,-2.683950186E0,5.710050106E0,-1.384050012E0
1.571456197E2,5.911050320E0,4.176000118E0,-1.300500035E-1
1.571480633E2,7.563000202E0,-1.090500057E-1,-5.007000446E0
1.571505068E2,-3.349500299E-1,2.971050024E0,-3.132000208E0
1.571529504E2,4.507950306E0,4.077000141E0,-4.800000042E-2
1.571553938E2,1.082895088E1,1.345050097E0,-5.371050358E0
1.571578375E2,4.708950043E0,5.220000148E-1,-7.240950108E0
1.571602811E2,3.271950245E0,6.328050137E0,-4.609050274E0
1.571627246E2,8.620950699E0,3.690000057E0,-6.739950180E0
1.571651682E2,3.969000101E0,4.954050064E0,-6.487050533E0
1.571676117E2,3.483000278E0,8.272050858E0,-6.706950188E0
1.571700553E2,8.251950264E0,7.795950413E0,-3.022050142E0
1.571724988E2,2.848050117E0,5.598000050E0,-2.042999983E0
1.571749424E2,-1.075049996E0,9.249000549E0,3.961050272E0
1.571773858E2,-3.349500299E-1,8.325000763E0,2.673000097E0
1.571798295E2,2.125050068E0,8.401050568E0,1.702950120E0
1.571822729E2,2.061000109E0,9.988950729E0,5.100000277E-2
1.571847165E2,7.249050140E0,1.048005009E1,-4.320000172E0
1.571871600E2,4.503000259E0,1.056795025E1,-6.913050175E0
1.571896036E2,1.282950044E0,1.211505032E1,-1.020000100E0
1.571920471E2,1.864050031E0,1.410000038E1,3.859500289E-1
1.571944907E2,3.849000216E0,1.606305122E1,-1.660500020E-1
1.571969342E2,1.468950033E0,1.408800030E1,-2.977050066E0
1.571993778E2,-3.540000021E-1,1.510800076E1,-6.420000196E-1
1.572018212E2,1.357050061E0,1.537395096E1,2.946000099E0
1.572042649E2,7.579500079E-1,1.333605099E1,-1.795950055E0
1.572067085E2,-7.950000167E-1,1.223700047E1,-1.750950098E0
1.572091520E2,-1.270500124E-1,1.279995060E1,2.626950026E0
1.572115956E2,1.486050129E0,1.045095062E1,-4.050000310E-1
1.572140391E2,5.670000315E-1,7.872000217E0,-1.018050075E0
1.572164827E2,3.448950052E0,9.583950043E0,4.909050465E0
1.572189262E2,5.941950321E0,8.470950127E0,-6.652050495E0
1.572213698E2,3.330000162E0,6.328050137E0,-5.818950176E0
1.572238132E2,7.741950512E0,7.264050484E0,-9.678000450E0
1.572262568E2,6.667050362E0,8.011050224E0,-9.477000237E0
1.572287003E2,2.128050089E0,5.908950329E0,-2.752050161E0
1.572311439E2,4.125000000E0,6.927000523E0,-1.642950058E0
1.572335874E2,4.867050171E0,8.035050392E0,-5.337000370E0
1.572360310E2,9.139500260E-1,3.294000149E0,-7.330500484E-1
1.572384745E2,9.430500269E-1,5.167050362E0,4.710000038E0
1.572409181E2,2.338050127E0,8.787000656E0,-1.095000029E0
1.572433618E2,4.078950405E0,2.317950010E0,-6.348000526E0
1.572458052E2,5.209500194E-1,8.962050438E0,1.914000034E0
1.572482488E2,3.697950125E0,5.878050327E0,-1.123050094E0
1.572506923E2,4.833000183E0,3.567000151E0,-7.092000484E0
1.572531359E2,-2.700000107E-1,4.693050385E0,-5.115000248E0
1.572555794E2,6.178950310E0,4.171050072E0,-1.060950041E0
1.572580230E2,1.014105034E1,1.329000115E0,-5.632050037E0
1.572604665E2,6.730050087E0,3.871050119E0,-4.332000256E0
1.572629101E2,8.455950737E0,5.535000324E0,-4.425000191E0
1.572653535E2,9.057000160E0,7.015050411E0,-7.557000160E0
1.572677971E2,4.420500100E-1,7.956000328E0,-3.762000084E0
1.572702406E2,-1.116000056E0,1.166700077E1,4.117050171E0
1.572726842E2,4.006950378E0,1.116900063E1,4.525950432E0
1.572751279E2,5.956050396E0,1.001805019E1,-1.453950047E0
1.572775714E2,1.023705006E1,1.190400028E1,-4.612050056E0
1.572800150E2,1.130505085E1,1.215300083E1,-1.260405064E1
1.572824585E2,4.290000439E0,1.142100048E1,-1.050405025E1
1.572849021E2,8.419500589E-1,1.221600056E1,-4.771950245E0
1.572873455E2,2.178000212E0,1.203600025E1,-5.458950043E0
1.572897892E2,2.944050074E0,1.039605045E1,-7.993050575E0
1.572922326E2,1.606050134E0,1.002495003E1,-5.955000401E0
1.572946762E2,7.560000420E0,9.850050926E0,-7.303050518E0
1.572971197E2,5.370000362E0,7.221000195E0,-1.110495090E1
1.572995633E2,4.330500066E-1,6.157950401E0,-9.730500579E-1
1.573020068E2,3.355950117E0,9.976950645E0,3.910950184E0
1.573044504E2,2.532000065E0,9.607950211E0,6.310500503E-1
1.573068941E2,6.499500275E-1,4.717050076E0,1.987950087E0
1.573093375E2,5.070000291E-1,9.201000214E0,4.585950375E0
1.573117811E2,2.365050077E0,6.943050385E0,4.924050331E0
1.573142246E2,3.684000254E0,5.884950161E0,3.316950083E0
1.573166682E2,2.805000067E0,9.316050529E0,1.489950061E0
1.573191117E2,2.748000145E0,1.076205063E1,3.679050207E0
1.573215553E2,2.599050045E0,9.811950684E0,1.021050096E0
1.573239988E2,2.629500031E-1,1.241205025E1,-5.541000366E0
1.573264424E2,1.150950074E0,1.444500065E1,2.829000235E0
1.573288858E2,2.977950096E0,1.286700058E1,6.102000237E0
1.573313295E2,2.044049978E0,8.974050522E0,-8.700000495E-2
1.573337731E2,5.550000072E-1,1.067400074E1,-3.541950226E0
1.573362166E2,3.130950212E0,1.279500103E1,5.279999971E-1
1.573386602E2,6.700950146E0,8.011050224E0,-2.700000070E-2
1.573411037E2,5.719050407E0,9.442950249E0,-1.225395012E1
1.573435473E2,9.658050537E0,1.136295033E1,-1.775895119E1
1.573459907E2,3.483000278E0,1.069500065E1,-1.231200027E1
1.573484344E2,3.535950184E0,8.310000420E0,-3.925050259E0
1.573508778E2,5.403000355E0,1.418400097E1,-6.160500050E-1
1.573533214E2,3.186000109E0,1.142505074E1,1.003950000E0
1.573557649E2,-5.190000534E-1,9.342000008E0,3.901050091E0
1.573582086E2,-4.810500145E-1,1.553205109E1,6.003000259E0
1.573606522E2,-1.240500063E-1,5.928000450E0,-3.216000080E0
1.573630957E2,4.129500091E-1,1.314900017E1,4.708050251E0
1.573655393E2,9.531000137E0,8.590950012E0,-7.348950386E0
1.573679827E2,7.984050274E0,6.550950527E0,-1.986300087E1
1.573704264E2,1.570500135E-1,7.582950592E0,-1.296795082E1
1.573728698E2,3.045000076E0,8.803950310E0,-4.377000332E0
1.573753134E2,8.037000656E0,5.871000290E0,-6.877050400E0
1.573777569E2,9.469500184E-1,4.957950115E0,-3.870000124E0
1.573802005E2,2.461050034E0,5.992950439E0,1.876050115E0
1.573826442E2,7.825950146E0,3.591000080E0,-6.216000080E0
1.573850876E2,5.133000374E0,2.044950008E0,-6.661050320E0
1.573875313E2,2.659050226E0,6.460050106E0,9.919500351E-1
1.573899747E2,7.644000530E0,4.537050247E0,-1.099050045E0
1.573924183E2,5.449050426E0,3.745050192E0,-4.674000263E0
1.573948618E2,-8.230500221E-1,6.546000481E0,-2.539499998E-1
1.573973054E2,3.837000132E0,5.586000443E0,1.428000093E0
1.573997489E2,8.881950378E0,1.858050108E0,-4.156949997E0
1.574021925E2,1.399950027E0,1.795950055E0,-4.722000122E0
1.574046360E2,2.070000172E0,5.856000423E0,-4.167000294E0
1.574070796E2,9.847050667E0,2.217000008E0,-9.606000900E0
1.574095230E2,3.030000210E0,2.221950054E0,-9.412050247E0
1.574119667E2,-1.819050074E0,5.758050442E0,-2.818950176E0
1.574144101E2,1.004999995E0,5.479950428E0,5.730000496E0
1.574168538E2,2.997000217E0,5.953950405E0,3.619050264E0
1.574192972E2,3.514050245E0,8.794050217E0,-1.438950062E0
1.574217409E2,3.298950195E0,9.807000160E0,3.736050129E0
1.574241845E2,2.860050201E0,8.155050278E0,3.094050169E0
1.574266280E2,9.780000448E-1,7.204050541E0,-3.256950140E0
1.574290716E2,1.125000000E0,1.185900021E1,-2.256000042E0
1.574315151E2,3.619050264E0,1.410495090E1,4.402050018E0
1.574339587E2,2.310000181E0,9.430950165E0,-6.780000329E-1
1.574364021E2,4.999500215E-1,1.100595093E1,-1.243050098E0
1.574388458E2,7.101000309E0,1.331205082E1,4.030500054E-1
1.574412892E2,3.078000069E0,1.191405010E1,-8.649000168E0
1.574437329E2,3.763050079E0,1.131105042E1,-6.937050343E0
1.574461765E2,5.182950020E0,1.172505093E1,-1.155105019E1
1.574486200E2,1.918950081E0,1.089600086E1,-7.582950592E0
1.574510636E2,3.639000177E0,1.025205040E1,-2.265000105E0
1.574535071E2,7.933950424E0,1.035300064E1,-5.184000015E0
1.574559507E2,4.357050419E0,8.085000038E0,-6.060000420E0
1.574583941E2,2.829000235E0,8.185950279E0,9.610500336E-1
1.574608377E2,7.450050354E0,1.012095070E1,7.720500231E-1
1.574632812E2,4.510050297E0,7.780950546E0,-4.882050037E0
1.574657249E2,1.849950075E0,7.686000347E0,9.079500437E-1
1.574681685E2,3.634050131E0,9.916950226E0,-1.224000096E0
1.574706120E2,3.114000082E0,7.824000359E0,-6.348000526E0
1.574730556E2,8.830500245E-1,7.068000317E0,-7.210500240E-1
1.574754991E2,2.002950191E0,7.153950214E0,-2.610000074E-1
1.574779427E2,5.134950161E0,5.940000057E0,-4.437000275E0
1.574803861E2,1.666050076E0,4.900950432E0,-2.905050039E0
1.574828297E2,1.929000139E0,7.468050480E0,1.132950068E0
1.574852734E2,6.235950470E0,7.024950504E0,-2.533950090E0
1.574877169E2,1.062000036E0,2.859000206E0,-3.817050219E0
1.574901605E2,-1.081950068E0,5.875050068E0,2.862000227E0
1.574926040E2,4.006950378E0,5.827950478E0,6.550500393E-1
1.574950476E2,4.599000454E0,1.831950068E0,-6.633000374E0
1.574974910E2,8.320500255E-1,3.036000252E0,-2.847000122E0
1.574999347E2,3.945000172E0,6.316050529E0,4.680000246E-1
1.575023781E2,6.378000259E0,4.065000057E0,-3.292950153E0
1.575048217E2,1.090950012E0,2.980950117E0,-1.486950040E0
1.575072652E2,2.671050072E0,6.916950226E0,2.958000183E0
1.575097088E2,7.299000263E0,6.001950264E0,-4.741050243E0
1.575121525E2,5.206950188E0,5.755950451E0,-4.344000340E0
1.575145959E2,6.499950409E0,1.206705093E1,-1.461000085E0
1.575170396E2,9.313050270E0,1.060905075E1,-6.727950096E0
1.575194830E2,2.044049978E0,9.799950600E0,-6.466950417E0
1.575219266E2,-9.100500345E-1,1.386795044E1,-1.095000029E0
1.575243701E2,5.038950443E0,1.169805050E1,-3.865050077E0
1.575268137E2,5.386050224E0,8.593050003E0,-1.060500050E1
1.575292572E2,2.595000029E0,9.904950142E0,-8.272950172E0
1.575317008E2,8.200050354E0,1.050795078E1,-6.214050293E0
1.575341442E2,8.002950668E0,1.007295036E1,-9.313950539E0
1.575365879E2,1.648950100E0,1.202205086E1,-5.593950272E0
1.575390316E2,4.651050091E0,1.296000099E1,-4.720500112E-1
1.575414750E2,6.969000340E0,1.014000034E1,-7.449000359E0
1.575439186E2,2.104050159E0,1.076700020E1,-5.959950447E0
1.575463621E2,7.302000523E0,1.257000065E1,-4.783950329E0
1.575488057E2,7.900050163E0,9.697050095E0,-9.577950478E0
1.575512492E2,1.101000071E0,9.582000732E0,-3.657000065E0
1.575536929E2,-8.790000677E-1,9.691950798E0,5.899950504E0
1.575561365E2,7.605000585E-2,8.622000694E0,5.697000504E0
1.575585799E2,2.001000166E0,6.385050297E0,7.930500507E-1
1.575610236E2,1.306050062E0,4.525050163E0,1.195950031E0
1.575634670E2,2.379000187E0,7.089000225E0,2.304000139E0
1.575659106E2,4.759050369E0,6.184050083E0,1.746000051E0
1.575683541E2,2.097000122E0,4.032000065E0,-5.940000415E-1
1.575707977E2,1.333050013E0,6.886050224E0,-9.130500555E-1
1.575732414E2,2.161050081E0,8.281949997E0,1.531050086E0
1.575756848E2,1.953000069E0,6.997950554E0,1.249500066E-1
1.575781285E2,-1.030500084E-1,9.583950043E0,-3.324000120E0
1.575805720E2,8.470500112E-1,1.189200020E1,2.362050056E0
1.575830156E2,2.455950022E0,8.329950333E0,2.794950247E0
1.575854590E2,4.920000136E-1,8.136000633E0,-4.210050106E0
1.575879027E2,9.705000371E-2,9.924000740E0,8.820000291E-1
1.575903461E2,1.599000096E0,7.009950161E0,2.244000196E0
1.575927897E2,1.789500117E-1,6.769050121E0,-1.308000088E0
1.575952332E2,-1.080000043E0,9.109950066E0,-4.150500298E-1
1.575976768E2,1.500000119E0,1.071000004E1,4.272000313E0
1.576001203E2,1.777950048E0,8.020950317E0,2.479500175E-1
1.576025639E2,2.656950235E0,8.326950073E0,-1.723950028E0
1.576050076E2,4.600950241E0,1.066905022E1,2.802000046E0
1.576074510E2,3.955050230E0,8.373000145E0,3.448950052E0
1.576098946E2,3.109050035E0,1.001505089E1,1.897050142E0
1.576123381E2,1.321800041E1,1.069995022E1,1.846950054E0
1.576147817E2,6.691050529E0,7.045950413E0,-1.432095051E1
1.576172252E2,1.579050064E0,7.243050575E0,-1.683900070E1
1.576196688E2,5.887050152E0,9.436050415E0,-1.908300018E1
1.576221125E2,6.603000164E0,7.069950104E0,-1.831395149E1
1.576245559E2,1.018950105E0,7.798050404E0,-6.043950081E0
1.576269996E2,5.082000256E0,1.318500042E1,2.440950155E0
1.576294430E2,4.954950333E0,7.719000340E0,-9.199500680E-1
1.576318867E2,3.286950111E0,9.558000565E0,1.902000070E0
1.576343301E2,3.916050196E0,1.152600098E1,5.970000029E-1
1.576367737E2,8.029950142E0,8.011050224E0,-8.898000717E0
1.576392174E2,1.972050071E0,8.767950058E0,-1.067895031E1
1.576416608E2,2.032050133E0,8.755949974E0,-5.140950203E0
1.576441045E2,1.152495098E1,6.874050140E0,-8.377950668E0
1.576465480E2,2.989950180E0,7.051050186E0,-1.000905037E1
1.576489916E2,-1.495950103E0,8.377950668E0,7.600500584E-1
1.576514351E2,7.515000343E0,7.843950272E0,-2.850000262E-1
1.576538787E2,7.632000446E0,5.820000172E0,-6.994050503E0
1.576563221E2,-4.069500268E-1,8.071050644E0,2.491050005E0
1.576587657E2,7.939500213E-1,9.736950874E0,5.745000362E0
1.576612092E2,3.889950275E0,7.144050121E0,-1.819950104E0
1.576636529E2,2.242950201E0,7.750050545E0,-6.229500175E-1
1.576660965E2,6.720000505E-1,7.432050228E0,2.296950102E0
1.576685400E2,1.261050105E0,8.251049995E0,5.970000029E-1
1.576709836E2,2.218950033E0,7.471950531E0,-1.624050021E0
1.576734271E2,1.078950047E0,8.500050545E0,-1.708050132E0
1.576758707E2,1.872000098E0,1.202595043E1,1.027950048E0
1.576783144E2,3.571050167E0,1.002000046E1,-1.489500105E-1
1.576807578E2,1.654050112E0,8.193000793E0,-2.941050053E0
1.576832015E2,1.761000037E0,1.282095051E1,-6.250500083E-1
1.576856449E2,5.959050179E0,1.192605019E1,-2.299050093E0
1.576880886E2,1.141050100E0,9.349950790E0,-5.284950256E0
1.576905320E2,2.068050146E0,1.144005013E1,2.428950071E0
1.576929756E2,5.752950191E0,1.132695007E1,-4.600050449E0
1.576954191E2,2.173050165E0,8.245950699E0,-5.112000465E0
1.576978627E2,1.804050088E0,8.136000633E0,-2.641050100E0
1.577003062E2,8.491950035E0,7.966050148E0,-5.767950058E0
1.577027498E2,5.133000374E0,6.546000481E0,-8.112000465E0
1.577051935E2,4.642050266E0,9.007050514E0,-4.594950199E0
1.577076370E2,8.848050117E0,1.029795074E1,-8.946000099E0
1.577100806E2,3.214950085E0,7.446000576E0,-7.003950119E0
1.577125240E2,7.440000176E-1,6.661050320E0,8.580000401E-1
1.577149677E2,3.865950108E0,1.071900082E1,4.800000191E-1
1.577174114E2,2.908050060E0,7.675950527E0,-3.721050262E0
1.577198548E2,1.642050028E0,7.219050407E0,-6.010500193E-1
1.577222984E2,2.968050241E0,9.529050827E0,-1.680000126E-1
1.577247419E2,8.311950684E0,5.965950489E0,-6.220950127E0
1.577271855E2,1.797000051E0,8.208000183E0,-2.983950138E0
1.577296290E2,8.505000174E-2,9.318000793E0,4.615050316E0
1.577320726E2,6.001950264E0,7.309950352E0,-8.790000677E-1
1.577345160E2,4.171950340E0,6.156000137E0,-1.705050111E0
1.577369597E2,4.153050423E0,9.939000130E0,1.690500081E-1
1.577394031E2,7.399950504E0,8.787000656E0,-5.641050339E0
1.577418467E2,2.341050148E0,7.458000183E0,-4.228950024E0
1.577442904E2,-2.440500110E-1,8.619000435E0,3.430050135E0
1.577467339E2,4.450500309E-1,1.030695057E1,1.030050039E0
1.577491775E2,1.873950124E0,9.850050926E0,-5.029500127E-1
1.577516210E2,1.426050067E0,8.072999954E0,-3.240000010E-1
1.577540646E2,3.210000038E0,9.772950172E0,2.599500120E-1
1.577565083E2,5.452950478E0,1.069500065E1,-6.906000137E0
1.577589518E2,1.777950048E0,8.014050484E0,-6.409950256E0
1.577613954E2,5.929500461E-1,8.017950058E0,-1.291050076E0
1.577638388E2,2.767050028E0,9.151050568E0,-4.594950199E0
1.577662824E2,1.476000071E0,7.279050350E0,-1.975950122E0
1.577687259E2,2.467950106E0,7.528050423E0,1.192950010E0
1.577711695E2,8.773950577E0,8.251049995E0,-3.094050169E0
1.577736130E2,4.741950035E0,4.018050194E0,-6.343050480E0
1.577760566E2,2.395950079E0,8.224050522E0,-6.130500436E-1
1.577785003E2,6.129000187E0,9.840000153E0,-1.261950016E0
1.577809438E2,5.920050144E0,7.726050377E0,-5.922000408E0
1.577833874E2,5.329500437E-1,8.977950096E0,-3.079950094E0
1.577858308E2,3.046950102E0,1.157595062E1,-1.312950015E0
1.577882744E2,5.959050179E0,9.558000565E0,-7.621050358E0
1.577907179E2,1.174950004E0,8.629050255E0,-6.997050285E0
1.577931616E2,4.852050304E0,1.024005032E1,-3.814950228E0
1.577956052E2,8.644950867E0,7.848000526E0,-8.353950500E0
1.577980487E2,5.781000137E0,8.278950691E0,-8.596050262E0
1.578004923E2,6.897000313E0,1.068105030E1,-6.360000134E0
1.578029357E2,1.057995033E1,9.522000313E0,-1.022205067E1
1.578053793E2,2.322000027E0,8.866050720E0,-1.189305019E1
1.578078228E2,-2.101950169E0,8.266950607E0,-2.164950132E0
1.578102664E2,3.496950150E0,6.481050491E0,9.829500318E-1
1.578127098E2,7.189050198E0,3.520050049E0,-7.224000454E0
1.578151535E2,1.393050075E0,4.759950161E0,-5.340000391E-1
1.578175971E2,4.201050282E0,7.123050213E0,6.832050323E0
1.578200406E2,8.215950012E0,2.092950106E0,-1.854000092E0
1.578224842E2,2.005950212E0,4.675950050E0,-2.893050194E0
1.578249277E2,1.309500039E-1,7.506000519E0,2.158050060E0
1.578273713E2,4.672950268E0,4.221000195E0,-3.706950188E0
1.578298150E2,8.640000224E-1,4.165950298E0,-4.345950127E0
1.578322584E2,-2.989500165E-1,5.878050327E0,2.500950098E0
1.578347020E2,6.658050537E0,5.502000332E0,-1.686000109E0
1.578371455E2,4.374000072E0,3.061950207E0,-4.777050018E0
1.578395892E2,1.519500017E-1,5.193000317E0,2.182049990E0
1.578420326E2,1.045050025E0,7.482000351E0,2.946000099E0
1.578444763E2,2.563050032E0,4.935000420E0,1.830000043E0
1.578469199E2,1.467000127E0,3.775950193E0,-2.677050114E0
1.578493634E2,5.961000443E0,9.121950150E0,-4.530000091E-1
1.578518070E2,7.960050583E0,9.438000679E0,-9.594000816E0
1.578542505E2,2.875050068E0,6.390000343E0,-6.072000504E0
1.578566941E2,8.989500403E-1,9.493050575E0,-2.349000216E0
1.578591375E2,4.375950336E0,1.036995029E1,-2.875950098E0
1.578615812E2,2.836050034E0,8.983050346E0,-3.208950043E0
1.578640248E2,2.041949987E0,1.130100060E1,6.520500183E-1
1.578664683E2,9.082950592E0,1.061400032E1,-3.903000116E0
1.578689119E2,3.720000267E0,8.820000648E0,-7.780050278E0
1.578713554E2,7.870500088E-1,1.049400043E1,4.219500124E-1
1.578737990E2,4.005000114E0,1.233300018E1,-1.177950025E0
1.578762424E2,4.594050407E0,1.054200077E1,-5.257950306E0
1.578786861E2,8.179500103E-1,1.097100067E1,4.099500179E-1
1.578811295E2,2.458050013E0,1.293900108E1,7.690500617E-1
1.578835732E2,4.359000206E0,1.095600033E1,-4.690950394E0
1.578860168E2,2.386050224E0,1.161195087E1,-3.652050257E0
1.578884603E2,2.142000198E0,1.162695026E1,-8.400000632E-2
1.578909039E2,5.407950401E0,1.173405075E1,-4.465950012E0
1.578933474E2,3.289050102E0,1.195695019E1,-5.392050266E0
1.578957910E2,2.149049997E0,1.292700100E1,1.030050039E0
1.578982347E2,7.491000175E0,1.202400017E1,-5.236950397E0
1.579006781E2,3.478050232E0,1.084395027E1,-5.266050339E0
1.579031217E2,4.450500309E-1,1.113795090E1,1.366050124E0
1.579055654E2,3.919050217E0,1.121700096E1,3.405000269E-2
1.579080088E2,5.680950165E0,8.950050354E0,-6.742950439E0
1.579104525E2,2.014950037E0,8.394000053E0,-3.817050219E0
1.579128959E2,3.409050226E0,9.019050598E0,-3.480000198E-1
1.579153396E2,7.240050316E0,7.822050571E0,-5.095950127E0
1.579177830E2,3.346050262E0,7.876950264E0,-4.333950043E0
1.579202267E2,1.860000134E0,6.514950275E0,5.590500236E-1
1.579226701E2,7.206000328E0,8.581050873E0,-3.319050074E0
1.579251137E2,3.832050085E0,5.629050255E0,-5.440050125E0
1.579275574E2,8.800500631E-1,5.542950153E0,6.430500150E-1
1.579300009E2,6.109050274E0,7.804950237E0,-1.303050041E0
1.579324445E2,4.539000034E0,4.542000294E0,-5.224950314E0
1.579348880E2,1.620000005E-1,5.476050377E0,1.236000061E0
1.579373316E2,3.186000109E0,7.506000519E0,2.629950047E0
1.579397750E2,5.707050323E0,4.555950165E0,-5.220000267E0
1.579422186E2,1.558050036E0,6.097950459E0,-3.568050146E0
1.579446623E2,1.725000024E0,9.181950569E0,-5.970000029E-1
1.579471058E2,6.526050091E0,6.988950253E0,-5.313000202E0
1.579495494E2,1.309050083E0,6.124050140E0,-5.578950405E0
1.579519929E2,4.590000212E-1,8.458950043E0,1.500000060E-2
1.579544365E2,6.817950249E0,7.068000317E0,-4.942050457E0
1.579568800E2,4.957950115E0,4.903050423E0,-8.734950066E0
1.579593236E2,3.472950220E0,7.626000404E0,-5.473950386E0
1.579617673E2,8.394000053E0,7.432050228E0,-7.815000534E0
1.579642107E2,4.443000317E0,4.381050110E0,-1.080405045E1
1.579666543E2,-1.258950114E0,5.583000183E0,-3.016950130E0
1.579690978E2,2.223000050E0,6.256050110E0,2.869050026E0
1.579715414E2,9.247950554E0,4.695000172E0,-5.455050468E0
1.579739849E2,4.026000023E0,4.486950397E0,-6.240000248E0
1.579764286E2,1.144050002E0,8.203050613E0,1.615050077E0
1.579788722E2,7.777950287E0,6.292050362E0,-3.718950272E0
1.579813156E2,9.739500284E-1,7.675950527E0,-4.281000137E0
1.579837593E2,-3.028950214E0,9.478950500E0,4.579050064E0
1.579862030E2,-5.770500302E-1,9.091050148E0,3.322050095E0
1.579886464E2,1.692000031E0,8.490000725E0,-2.700000070E-2
1.579910901E2,1.090950012E0,1.098705006E1,6.400500536E-1
1.579935335E2,5.094000340E0,1.269405079E1,2.374050140E0
1.579959772E2,4.183950424E0,9.775950432E0,-5.446950436E0
1.579984206E2,2.626050234E0,1.097505093E1,-2.770950079E0
1.580008642E2,4.648950100E0,1.305795097E1,-3.280500174E-1
1.580033077E2,4.500000000E0,1.383405113E1,-2.554950237E0
1.580057514E2,3.499950171E0,1.161495018E1,-2.649000168E0
1.580081950E2,2.278950214E0,1.301805019E1,7.459500432E-1
1.580106385E2,6.109050274E0,1.552395058E1,-3.184950113E0
1.580130821E2,3.556950092E0,1.268505096E1,-6.250050068E0
1.580155258E2,1.396950126E0,1.318500042E1,-2.710950136E0
1.580179692E2,2.458050013E0,1.479195023E1,-2.361000061E0
1.580204129E2,1.735050082E0,1.436595058E1,-1.594950080E0
1.580228563E2,3.769500256E-1,1.117905045E1,-4.980000257E-1
1.580252999E2,1.575000048E0,1.330500031E1,3.042000055E0
1.580277434E2,2.857950211E0,1.276095104E1,2.103000164E0
1.580301870E2,6.049500108E-1,6.615000248E0,-2.593050241E0
1.580326305E2,1.881000042E0,6.463950157E0,-1.005000062E-2
1.580350742E2,7.716000557E0,1.063500023E1,-7.099950314E0
1.580375178E2,4.548000336E0,5.452050209E0,-8.239050865E0
1.580399612E2,2.178000212E0,6.472050190E0,-2.584050179E0
1.580424048E2,6.837000370E0,1.113300037E1,-2.754000187E0
1.580448483E2,4.052999973E0,7.093950272E0,-4.281000137E0
1.580472920E2,1.660950065E0,8.026050568E0,1.591050029E0
1.580497356E2,3.291000128E0,1.006800079E1,9.559500217E-1
1.580521791E2,4.114950180E0,6.148050308E0,-6.142050266E0
1.580546227E2,2.013000011E0,6.538950443E0,-5.898000240E0
1.580570661E2,2.700000048E0,6.400050163E0,-3.781050205E0
1.580595098E2,7.836000443E0,4.561050415E0,-6.949050426E0
1.580619534E2,1.125000000E0,4.386000156E0,-5.329950333E0
1.580643969E2,-3.730500042E-1,7.056000233E0,3.391050100E0
1.580668405E2,8.572950363E0,4.798050404E0,-1.882050037E0
1.580692840E2,7.014000416E0,1.684950113E0,-7.504050255E0
1.580717277E2,-8.470500112E-1,7.846050262E0,-2.863950253E0
1.580741711E2,7.453050137E0,5.209950447E0,-9.820500612E-1
1.580766148E2,7.821000576E0,2.488050222E0,-7.399050236E0
1.580790582E2,-6.270000339E-1,6.024000168E0,-4.339050293E0
1.580815018E2,5.080050468E0,4.378950119E0,-1.506000042E0
1.580839455E2,1.031100082E1,2.689050198E0,-6.544050217E0
1.580863889E2,3.864000082E0,4.780950069E0,-5.941050053E0
1.580888326E2,5.382000446E0,6.711000443E0,-9.970500469E-1
1.580912762E2,9.270000458E0,5.932950497E0,-6.529950142E0
1.580937197E2,-5.460000038E-1,6.349950314E0,-6.757050514E0
1.580961633E2,-3.712950230E0,8.524050713E0,3.829050064E0
1.580986068E2,1.443000078E0,7.750050545E0,3.493950129E0
1.581010504E2,3.706050158E0,6.277950287E0,-3.256950140E0
1.581034939E2,8.539500237E-1,8.266950607E0,1.143000007E0
1.581059375E2,3.856050253E0,9.337950706E0,2.212949991E0
1.581083812E2,2.713950157E0,9.310950279E0,-4.051949978E0
1.581108246E2,1.795050144E0,1.105695057E1,-3.051000118E0
1.581132682E2,3.454050064E0,1.129605007E1,1.504950047E0
1.581157117E2,3.301050186E0,1.257900047E1,-4.054049969E0
1.581181554E2,3.757950068E0,1.393905067E1,-2.815950155E0
1.581205990E2,6.061950207E0,1.329495049E1,-3.289950132E0
1.581230425E2,5.101050377E0,1.268205070E1,-8.199000359E0
1.581254861E2,1.419000030E0,1.062795067E1,-5.056950092E0
1.581279295E2,1.456950068E0,1.255305099E1,1.959000111E0
1.581303732E2,4.522050381E0,1.343700027E1,-1.588050127E0
1.581328166E2,1.788000107E0,1.008495045E1,-5.476050377E0
1.581352603E2,4.129500091E-1,1.092495060E1,-1.060500070E-1
1.581377039E2,3.946950197E0,1.073295021E1,-1.392000079E0
1.581401474E2,5.808000088E0,8.950050354E0,-5.196000099E0
1.581425911E2,2.592000008E0,1.083900070E1,-4.264950275E0
1.581450344E2,4.893000126E0,1.042500019E1,-1.495050073E0
1.581474781E2,6.361050129E0,1.035000038E1,-4.420050144E0
1.581499218E2,1.989000082E0,8.350950241E0,-3.159000158E0
1.581523652E2,3.151950121E0,8.947050095E0,-9.490500689E-1
1.581548088E2,6.496950150E0,9.595950127E0,-7.102050304E0
1.581572523E2,1.704000115E0,5.500050068E0,-4.677000046E0
1.581596959E2,6.190500259E-1,5.281950474E0,1.933050036E0
1.581621396E2,4.249050140E0,7.683000565E0,-1.068000078E0
1.581645830E2,6.346050262E0,4.599000454E0,-7.629000187E0
1.581670267E2,2.341050148E0,6.091050148E0,-3.442950249E0
1.581694701E2,3.184050083E0,8.332050323E0,7.930500507E-1
1.581719137E2,5.394000053E0,4.650000095E0,-4.425000191E0
1.581743572E2,9.300000221E-2,6.012000084E0,-1.165950060E0
1.581768009E2,6.100500226E-1,6.970050335E0,3.793050289E0
1.581792445E2,8.446050644E0,3.916950226E0,-4.293000221E0
1.581816880E2,4.735050201E0,3.514950275E0,-7.131000519E0
1.581841316E2,3.540000200E0,7.161000252E0,-2.443050146E0
1.581865752E2,9.495000839E0,5.587950230E0,-6.196950436E0
1.581890187E2,5.500500202E-1,7.255050182E0,-4.565999985E0
1.581914623E2,-3.454950094E0,9.766050339E0,6.070050240E0
1.581939058E2,4.066950321E0,8.785050392E0,2.778000116E0
1.581963494E2,9.466050148E0,7.992000580E0,-9.361950874E0
1.581987928E2,3.825000286E0,8.818050385E0,-7.132950306E0
1.582012365E2,4.567049980E0,1.117905045E1,-3.715950251E0
1.582036802E2,5.089050293E0,9.397050858E0,-8.281949997E0
1.582061236E2,7.339500189E-1,1.108095074E1,-2.503050089E0
1.582085673E2,1.002000093E0,1.169400024E1,5.674950123E0
1.582110109E2,4.114950180E0,1.084605026E1,-3.499050140E0
1.582134544E2,2.851050138E0,1.117200089E1,-5.385000229E0
1.582158980E2,7.915050507E0,1.272300053E1,-4.870050430E0
1.582183415E2,9.993000031E0,1.265400028E1,-1.145505047E1
1.582207851E2,2.404950142E0,1.183200073E1,-7.897050381E0
1.582232286E2,4.330500066E-1,1.289100075E1,1.083000064E0
1.582256722E2,1.681950092E0,1.419105053E1,4.165050030E0
1.582281159E2,1.338000059E0,1.324995041E1,1.066050053E0
1.582305593E2,-1.459500045E-1,1.016400051E1,-1.384050012E0
1.582330029E2,1.563000083E0,1.163100052E1,2.455050230E0
1.582354464E2,5.221050262E0,1.237605095E1,-7.048950195E0
1.582378900E2,2.046000004E0,1.115700054E1,-7.650000572E0
1.582403335E2,2.317050219E0,9.766050339E0,-1.686000109E0
1.582427772E2,4.455000401E0,8.020950317E0,-4.471050262E0
1.582452208E2,3.427950144E0,6.594000340E0,-5.713050365E0
1.582476643E2,2.571000099E0,5.289000034E0,-1.801050067E0
1.582501080E2,8.242950439E0,5.485050201E0,-3.499050140E0
1.582525516E2,5.805000305E0,3.694050074E0,-5.754000187E0
1.582549950E2,1.657950044E0,4.981950283E0,2.242050171E0
1.582574386E2,3.576000214E0,7.267050266E0,2.413950205E0
1.582598821E2,6.175950527E0,6.718050480E0,-6.100950241E0
1.582623257E2,2.077050209E0,3.475950241E0,-4.188000202E0
1.582647694E2,-1.531950116E0,8.533050537E0,2.584050179E0
1.582672129E2,2.446050167E0,5.998050213E0,-1.791000128E0
1.582696565E2,2.142000198E0,5.014050007E0,-4.035000324E0
1.582721002E2,-7.660500407E-1,6.727950096E0,1.938000083E0
1.582745435E2,6.552000523E0,4.800000191E0,-1.630500108E-1
1.582769872E2,6.684000492E0,1.185000062E0,-7.588050365E0
1.582794307E2,1.126950026E0,7.563000202E0,-4.614000320E0
1.582818743E2,9.121050835E0,5.641050339E0,-3.829050064E0
1.582843178E2,6.006000519E0,4.642050266E0,-1.050900078E1
1.582867615E2,-3.025950193E0,7.063050270E0,-5.184000015E0
1.582892051E2,2.058000088E0,5.883000374E0,1.485000014E0
1.582916486E2,1.101795006E1,2.799000025E0,-6.238050461E0
1.582940922E2,2.926950216E0,3.298950195E0,-7.461000443E0
1.582965357E2,3.624000072E0,5.722050190E0,2.041050196E0
1.582989793E2,1.002900028E1,4.128000259E0,-2.974050045E0
1.583014230E2,3.627000093E0,6.115050316E0,-5.740050316E0
1.583038664E2,-1.530000120E-1,7.666050434E0,2.059950113E0
1.583063100E2,4.306950092E0,8.137949944E0,-2.548050165E0
1.583087535E2,4.394999981E0,7.606950283E0,-8.323050499E0
1.583111972E2,8.779500127E-1,9.369000435E0,-2.859000206E0
1.583136406E2,5.058000088E0,8.518950462E0,-3.496050119E0
1.583160843E2,5.362050056E0,8.026050568E0,-7.195050240E0
1.583185279E2,-2.220000178E-1,8.626950264E0,-2.140500098E-1
1.583209714E2,4.500000179E-2,8.689050674E0,5.266050339E0
1.583234151E2,5.374050140E0,9.630000114E0,-3.669000149E0
1.583258587E2,3.781950235E0,7.695000172E0,-5.179050446E0
1.583283022E2,3.343950272E0,1.012800026E1,-3.169500232E-1
1.583307458E2,5.671050072E0,9.912000656E0,-6.039000511E0
1.583331892E2,2.475000143E0,1.000995064E1,-3.754950285E0
1.583356328E2,9.109500647E-1,1.209300041E1,1.492950082E0
1.583380765E2,2.749950171E0,1.123395061E1,2.296950102E0
1.583405200E2,3.454050064E0,1.108800030E1,-2.529000044E0
1.583429636E2,2.539950132E0,1.247895050E1,-3.228000164E0
1.583454071E2,5.965950489E0,1.328295040E1,-3.022050142E0
1.583478508E2,5.005950451E0,1.278795052E1,-6.328950405E0
1.583502942E2,1.108050108E0,1.163895035E1,-1.348050117E0
1.583527379E2,1.789500117E-1,1.162200069E1,2.199000120E0
1.583551815E2,1.275000095E0,1.440195084E1,1.864050031E0
1.583576250E2,1.417050123E0,1.056795025E1,1.279500127E-1
1.583600686E2,-5.599500537E-1,9.984000206E0,-9.169500470E-1
1.583625123E2,-1.429500133E-1,1.139205074E1,1.569000125E0
1.583649557E2,2.745000124E0,1.112400055E1,1.636050105E0
1.583673994E2,3.184050083E0,8.758049965E0,-2.979000092E0
1.583698428E2,5.518050194E0,8.703000069E0,-5.646000385E0
1.583722865E2,6.684000492E0,9.805050850E0,-1.147905064E1
1.583747301E2,3.229050159E0,7.863000393E0,-6.099000454E0
1.583771736E2,2.479950190E0,8.622000694E0,-8.580000401E-1
1.583796172E2,5.146950245E0,8.703000069E0,-3.319050074E0
1.583820609E2,1.941000104E0,7.204050541E0,-1.174050093E0
1.583845043E2,1.129050016E0,6.931050301E0,4.423050404E0
1.583869480E2,5.776950359E0,9.405000687E0,-2.140500098E-1
1.583893914E2,4.824000359E0,4.750050068E0,-8.095950127E0
1.583918351E2,2.407950163E0,7.639950275E0,-4.024950027E0
1.583942788E2,5.590050220E0,1.026195049E1,-4.249950409E0
1.583967222E2,5.431950092E0,6.796950340E0,-8.086050034E0
1.583991658E2,1.120500043E-1,8.488050461E0,-1.914000034E0
1.584016093E2,2.785950184E0,8.217000008E0,1.770000100E0
1.584040529E2,9.130949974E0,5.878050327E0,-6.079950333E0
1.584064966E2,6.567000389E0,5.341950417E0,-8.304000854E0
1.584089400E2,6.555000305E0,8.473050117E0,-4.059000015E0
1.584113837E2,9.993000031E0,5.787000179E0,-8.737050056E0
1.584138274E2,-2.400000021E-2,7.408050537E0,-5.533950329E0
1.584162708E2,-2.191050053E0,8.830050468E0,4.858950138E0
1.584187144E2,5.464950085E0,7.261950493E0,1.228950024E0
1.584211579E2,7.429050446E0,5.605050087E0,-6.301950455E0
1.584236015E2,2.568000078E0,6.991050243E0,-6.300000548E-1
1.584260452E2,3.993000269E0,8.659950256E0,-1.695000008E-2
1.584284886E2,4.969950199E0,7.936950207E0,-4.507050037E0
1.584309323E2,6.619500518E-1,8.938050270E0,9.000000358E-2
1.584333757E2,-9.619500637E-1,9.340050697E0,8.989500403E-1
1.584358193E2,6.960000396E-1,1.044105053E1,-7.950000465E-3
1.584382630E2,1.792950034E0,8.650050163E0,-1.653000116E0
1.584407065E2,3.892050266E0,8.959050179E0,-8.959500194E-1
1.584431501E2,7.857000351E0,1.036995029E1,-7.942050457E0
1.584455935E2,3.301050186E0,7.257000446E0,-8.080950737E0
1.584480371E2,1.140000075E-1,8.892000198E0,-9.030000567E-1
1.584504808E2,3.382050276E0,9.517050743E0,-1.755000114E0
1.584529243E2,3.981000185E0,7.438950539E0,-4.534950256E0
1.584553679E2,8.320500255E-1,6.567000389E0,-2.760000229E-1
1.584578116E2,4.756950378E0,6.991050243E0,2.251950026E0
1.584602551E2,7.522050381E0,6.337950230E0,-5.311050415E0
1.584626987E2,2.920050144E0,6.294000149E0,-4.051949978E0
1.584651421E2,2.026950121E0,8.014050484E0,2.929500043E-1
1.584675858E2,4.318050385E0,8.719950676E0,-2.730000019E0
1.584700295E2,2.262000084E0,6.898050308E0,-2.092950106E0
1.584724729E2,2.482050180E0,8.337000847E0,1.339050055E0
1.584749165E2,9.277050018E0,9.010050774E0,-5.773050308E0
1.584773602E2,3.763050079E0,6.892950535E0,-9.217950821E0
1.584798037E2,-4.549500346E-1,8.293950081E0,-7.020000219E-1
1.584822473E2,2.839050055E0,8.643000603E0,-4.770000279E-1
1.584846907E2,4.819050312E0,6.754050255E0,-4.461000443E0
1.584871343E2,5.670000315E-1,7.671000481E0,-1.542000055E0
1.584895780E2,3.397050142E0,8.421000481E0,3.135000229E0
1.584920215E2,8.286000252E0,7.591950417E0,-3.385950089E0
1.584944651E2,2.853000164E0,7.068000317E0,-6.300000191E0
1.584969086E2,3.199500144E-1,9.465000153E0,1.950000077E-1
1.584993522E2,4.548000336E0,9.757050514E0,-3.798000097E0
1.585017959E2,2.913000107E0,7.792950153E0,-4.435050011E0
1.585042393E2,1.704000115E0,1.070505047E1,1.105050087E0
1.585066829E2,8.038949966E0,9.900000572E0,-3.223050117E0
1.585091264E2,4.905000210E0,7.803000450E0,-7.144950390E0
1.585115701E2,-6.405000389E-2,9.816000938E0,-8.550000191E-1
1.585140137E2,2.415000200E0,9.730050087E0,6.259500384E-1
1.585164572E2,5.968050480E0,8.184000015E0,-7.036950111E0
1.585189008E2,1.180050015E0,8.368050575E0,-5.163000107E0
1.585213445E2,9.760500193E-1,1.024305058E1,1.387050033E0
1.585237879E2,5.748000145E0,9.211050034E0,-2.524050236E0
1.585262315E2,3.580950260E0,8.602950096E0,-4.140000343E0
1.585286750E2,7.030500174E-1,9.390000343E0,1.777050138E0
1.585311187E2,5.716950417E0,9.603000641E0,-1.377000093E0
1.585335623E2,5.362050056E0,7.396050453E0,-7.495050430E0
1.585360057E2,2.238000154E0,9.388050079E0,-3.526950121E0
1.585384494E2,8.791049957E0,9.615000725E0,-4.207050323E0
1.585408928E2,5.145000458E0,7.927050591E0,-7.851000309E0
1.585433365E2,-3.520500064E-1,8.467950821E0,6.259500384E-1
1.585457801E2,9.000000544E-3,9.037950516E0,4.726950169E0
1.585482238E2,4.125000000E0,8.014050484E0,-3.058050156E0
1.585506673E2,2.527950048E0,6.346950531E0,-6.324000359E0
1.585531109E2,1.705950022E0,8.631000519E0,-1.000950098E0
1.585555544E2,8.154000282E0,8.161950111E0,-3.748050213E0
1.585579980E2,3.973950148E0,7.657050133E0,-6.154050350E0
1.585604417E2,5.205000192E-2,9.816000938E0,1.543050051E0
1.585628851E2,4.333050251E0,1.111695099E1,1.306050062E0
1.585653287E2,4.930950165E0,7.314000130E0,-5.248950481E0
1.585677722E2,2.665950060E0,9.951000214E0,-3.004950047E0
1.585702158E2,8.827050209E0,9.742050171E0,-4.629000187E0
1.585726595E2,5.959050179E0,7.519950390E0,-8.533950806E0
1.585751030E2,-4.980000257E-1,8.947050095E0,-2.572050095E0
1.585775466E2,6.670500040E-1,9.100950241E0,4.531050205E0
1.585799900E2,6.217050076E0,9.081000328E0,-2.766000032E0
1.585824337E2,4.510050297E0,7.690050602E0,-5.895000458E0
1.585848773E2,1.654050112E0,1.025205040E1,-6.370500326E-1
1.585873208E2,6.598050117E0,1.009200001E1,-3.573000193E0
1.585897644E2,3.652950287E0,9.177000046E0,-6.028950214E0
1.585922081E2,-4.429500103E-1,9.292050362E0,-3.840000033E-1
1.585946516E2,2.833950043E0,9.292050362E0,3.889500201E-1
1.585970952E2,5.530050278E0,7.168050289E0,-6.508050442E0
1.585995389E2,3.016050100E0,7.231050491E0,-4.650000095E0
1.586019824E2,9.424950600E0,8.140049934E0,-3.771000147E0
1.586044261E2,8.098950386E0,6.277950287E0,-9.694950104E0
1.586068694E2,7.729500532E-1,7.750050545E0,-3.496050119E0
1.586093131E2,-1.306950092E0,7.051050186E0,4.653000355E0
1.586117567E2,4.821000099E0,5.848950386E0,7.304999977E-2
1.586142002E2,5.926950455E0,3.880950212E0,-7.425000191E0
1.586166438E2,1.776000142E0,5.914050102E0,-2.518950224E0
1.586190875E2,8.500950813E0,6.553050518E0,-3.240000248E0
1.586215310E2,5.781000137E0,5.275050163E0,-8.412000656E0
1.586239746E2,-1.489050031E0,8.008950233E0,1.654950023E0
1.586264181E2,4.759500325E-1,8.847000122E0,5.697000504E0
1.586288618E2,6.124050140E0,6.283050060E0,-2.553000212E0
1.586313054E2,3.562050104E0,7.116000175E0,-3.526950121E0
1.586337488E2,7.459950447E0,8.368050575E0,-3.682950258E0
1.586361925E2,7.936050415E0,6.394950390E0,-9.103950500E0
1.586386362E2,-4.090500176E-1,7.309950352E0,-5.164950371E0
1.586410796E2,-2.116050005E0,8.610000610E0,5.022000313E0
1.586435232E2,4.134000301E0,8.599950790E0,7.770000100E-1
1.586459667E2,5.245050430E0,6.997950554E0,-6.537000179E0
1.586484104E2,2.086950064E0,7.710000515E0,-1.581000090E0
1.586508540E2,6.568950176E0,9.570000648E0,-2.956950188E0
1.586532975E2,5.734050274E0,8.647950172E0,-8.301000595E0
1.586557411E2,4.900500178E-1,1.002705002E1,-2.016000032E0
1.586581848E2,7.849500179E-1,1.100400066E1,1.693950057E0
1.586606283E2,3.088050127E0,1.047000027E1,-2.944950104E0
1.586630719E2,2.644950151E0,9.571950912E0,-1.222050071E0
1.586655156E2,5.518050194E0,1.114095020E1,-1.509000063E0
1.586679590E2,8.793000221E0,1.130805016E1,-6.388050079E0
1.586704026E2,2.863050222E0,9.283050537E0,-5.400000095E0
1.586728461E2,3.199500144E-1,1.071405029E1,1.516950130E0
1.586752898E2,4.090950012E0,1.110900021E1,2.205000073E-2
1.586777334E2,4.552950382E0,9.579000473E0,-5.047950268E0
1.586801769E2,6.220500469E-1,9.904950142E0,-7.620000243E-1
1.586826206E2,3.844050169E0,1.104195023E1,-2.329500169E-1
1.586850642E2,6.805950165E0,1.014705086E1,-6.580050468E0
1.586875077E2,1.575000048E0,1.110495090E1,-4.162050247E0
1.586899513E2,2.973000050E0,1.181295013E1,-7.500000298E-2
1.586923949E2,4.632000446E0,9.888000488E0,-4.705049992E0
1.586948384E2,1.230000019E0,1.093200016E1,-2.464050055E0
1.586972820E2,2.595000029E0,9.369000435E0,-4.080000222E-1
1.586997255E2,7.723050594E0,9.088950157E0,-4.981050014E0
1.587021692E2,3.679050207E0,8.334000587E0,-7.210050106E0
1.587046128E2,2.530499995E-1,7.113000393E0,-3.550500274E-1
1.587070563E2,5.745000362E0,8.023050308E0,-1.252950072E0
1.587094999E2,6.126000404E0,6.259050369E0,-7.777050495E0
1.587119434E2,7.099500299E-1,6.211050510E0,-1.216950059E0
1.587143870E2,1.657950044E0,9.085950851E0,3.432000160E0
1.587168307E2,4.747050285E0,6.253950119E0,-1.356000066E0
1.587192744E2,2.109000206E0,5.944950104E0,-1.708050132E0
1.587217178E2,2.623050213E0,7.528050423E0,7.530000210E-1
1.587241614E2,8.227950096E0,5.896950245E0,-6.226050377E0
1.587266049E2,3.784950256E0,5.233950138E0,-7.317000389E0
1.587290486E2,1.624950051E0,8.811000824E0,-8.620500565E-1
1.587314922E2,8.128050804E0,8.290950775E0,-2.749050140E0
1.587339356E2,3.793950081E0,7.330950260E0,-4.947000027E0
1.587363793E2,-1.774050117E0,8.950050354E0,2.685000181E0
1.587388227E2,1.002000093E0,9.072000504E0,3.195000172E0
1.587412664E2,6.661950111E0,7.566000462E0,-7.593000412E0
1.587437100E2,1.620000124E0,7.159050465E0,-6.541950226E0
1.587461537E2,1.881000042E0,1.008495045E1,-3.600000143E-1
1.587485972E2,5.326050282E0,9.754050255E0,-3.949050188E0
1.587510408E2,2.688000202E0,1.067595005E1,-2.524050236E0
1.587534842E2,5.809500217E-1,1.217505074E1,3.133050203E0
1.587559279E2,4.335000038E0,1.171800041E1,8.010000587E-1
1.587583716E2,5.101050377E0,1.258695030E1,-5.340000153E0
1.587608150E2,4.347000122E0,1.149705029E1,-3.810000181E0
1.587632586E2,8.631000519E0,1.214595032E1,-7.056000233E0
1.587657023E2,5.527950287E0,1.054695034E1,-9.915000916E0
1.587681458E2,-2.029500157E-1,1.110000038E1,-2.268000126E0
1.587705894E2,1.141050100E0,1.049595070E1,1.891950130E0
1.587730328E2,6.412950516E0,1.002000046E1,-4.432050228E0
1.587754765E2,3.840000153E0,8.068950653E0,-7.686000347E0
1.587779202E2,3.187950134E0,9.196050644E0,-2.299050093E0
1.587803636E2,8.044050217E0,8.290950775E0,-6.142050266E0
1.587828073E2,4.455000401E0,7.513050556E0,-7.669050217E0
1.587852507E2,1.678050041E0,6.687000275E0,-1.605000019E0
1.587876944E2,3.346050262E0,7.219050407E0,-1.336050034E0
1.587901380E2,4.479000092E0,4.378950119E0,-6.271050453E0
1.587925817E2,5.329500437E-1,4.256999969E0,-1.000950098E0
1.587950251E2,3.576000214E0,6.184050083E0,2.902950048E0
1.587974687E2,8.695050240E0,2.011049986E0,-3.252000093E0
1.587999122E2,1.186950088E0,3.960000277E0,-2.446950197E0
1.588023559E2,-9.910500646E-1,4.492050171E0,2.814000130E0
1.588047995E2,7.896000385E0,2.883000135E0,-1.798950076E0
1.588072430E2,6.081000328E0,3.949500322E-1,-7.597950459E0
1.588096866E2,-3.970500231E-1,6.330000401E0,-8.580000401E-1
1.588121303E2,6.871050358E0,5.326950073E0,-2.689500153E-1
1.588145737E2,5.061000347E0,3.238950253E0,-4.573950291E0
1.588170174E2,-1.105949998E0,5.491950035E0,8.530500531E-1
1.588194610E2,1.065000057E0,5.974050522E0,4.315050125E0
1.588219045E2,5.596950054E0,4.579950333E0,-4.066050053E0
1.588243481E2,3.073050261E0,3.208050251E0,-5.187000275E0
1.588267918E2,5.551950455E0,6.979050159E0,-2.914050102E0
1.588292353E2,9.186000824E0,4.896000385E0,-1.003305054E1
1.588316789E2,4.279500246E-1,4.318950176E0,-6.087000370E0
1.588341223E2,-7.639500499E-1,7.822050571E0,1.818000078E0
1.588365660E2,2.523000002E0,8.751000404E0,-4.530000091E-1
1.588390096E2,2.353049994E0,5.401050091E0,-4.957050323E0
1.588414531E2,1.600500047E-1,7.783950329E0,-1.438950062E0
1.588438968E2,6.069000244E0,8.569050789E0,-2.641050100E0
1.588463404E2,7.840050220E0,7.546950340E0,-5.782950401E0
1.588487839E2,2.383949995E0,1.048695087E1,-1.854000092E0
1.588512275E2,2.310000181E0,1.196700096E1,2.920050144E0
1.588536712E2,4.159950256E0,1.159095097E1,-3.478950262E0
1.588561146E2,2.487000227E0,1.229700089E1,-4.223999977E0
1.588585582E2,3.718050241E0,1.292400074E1,-1.602000117E0
1.588610017E2,4.563000202E0,1.315395069E1,-6.733050346E0
1.588634454E2,1.873950124E0,1.087695026E1,-5.316000462E0
1.588658890E2,1.915050149E0,1.211700058E1,1.672050118E0
1.588683325E2,5.017950058E0,1.195200062E1,-2.742000103E0
1.588707762E2,4.492950439E0,1.158795071E1,-5.886000156E0
1.588732198E2,2.731050014E0,1.279500103E1,-4.272000313E0
1.588756632E2,3.490050077E0,1.252695084E1,-1.558950067E0
1.588781069E2,5.953950405E0,1.239300060E1,-4.144950390E0
1.588805505E2,2.560950041E0,1.376895046E1,-2.823000193E0
1.588829940E2,1.857000113E0,1.179405022E1,1.789050102E0
1.588854376E2,3.732000113E0,1.241205025E1,-9.340500236E-1
1.588878813E2,2.518050194E0,1.048200035E1,-2.584050179E0
1.588903248E2,1.102950096E0,8.452050209E0,1.009050012E0
1.588927684E2,6.172050476E0,1.040805054E1,-1.225950003E0
1.588952118E2,3.658050060E0,8.239050865E0,-2.809050083E0
1.588976555E2,1.026000023E0,6.394950390E0,1.477950096E0
1.589000992E2,4.207950115E0,8.908950806E0,1.540050030E0
1.589025426E2,5.994000435E0,8.605050087E0,-4.401000023E0
1.589049862E2,1.894950032E0,5.859000206E0,-4.363049984E0
1.589074299E2,2.403000116E0,7.860000610E0,-6.300000548E-1
1.589098734E2,5.665950298E0,7.504050255E0,-3.712050200E0
1.589123170E2,3.823050261E0,6.163050175E0,-5.610000134E0
1.589147607E2,8.730000257E-1,6.031050205E0,-6.610500216E-1
1.589172041E2,5.523000240E0,7.513050556E0,-2.007000208E0
1.589196478E2,6.415950298E0,4.089000225E0,-7.969050407E0
1.589220912E2,8.179500103E-1,5.953950405E0,-3.910050154E0
1.589245349E2,2.929950237E0,7.075050354E0,-1.914000034E0
1.589269785E2,5.797950268E0,4.233000278E0,-7.528050423E0
1.589294220E2,-7.060500383E-1,5.430000305E0,-3.550950050E0
1.589318657E2,-1.009950042E0,6.397050381E0,4.212000370E0
1.589343093E2,7.749000549E0,4.116000175E0,-2.485950232E0
1.589367528E2,6.921000481E0,3.190950155E0,-8.605950356E0
1.589391964E2,-1.342950106E0,5.128050327E0,-4.084949970E0
1.589416401E2,5.913000107E0,5.539950371E0,-2.131050110E0
1.589440835E2,9.267000198E0,3.345000267E0,-7.629000187E0
1.589465272E2,3.420000076E-1,5.595000267E0,-4.468050003E0
1.589489708E2,4.237050056E0,7.258950233E0,-1.557000041E0
1.589514143E2,1.235595036E1,3.606000185E0,-6.958050251E0
1.589538579E2,6.121050358E0,5.044950008E0,-7.939950466E0
1.589563016E2,5.305050373E0,7.987050533E0,-2.292000055E0
1.589587451E2,1.105395031E1,6.759000301E0,-6.135000229E0
1.589611887E2,2.518050194E0,7.675950527E0,-8.608050346E0
1.589636322E2,-2.356050014E0,8.797050476E0,4.438050270E0
1.589660758E2,2.190000117E-1,8.506950378E0,4.555050373E0
1.589685195E2,5.322000027E0,9.385950089E0,-3.520050049E0
1.589709631E2,3.069000244E0,9.421050072E0,2.020500153E-1
1.589734065E2,1.894950032E0,1.171500015E1,2.368950129E0
1.589758502E2,3.025950193E0,1.357605076E1,9.199500680E-1
1.589782937E2,3.685950279E0,1.276095104E1,-2.629050016E0
1.589807373E2,2.032050133E0,1.398495102E1,-2.320950031E0
1.589831808E2,2.053050041E0,1.535205078E1,-5.419500470E-1
1.589856245E2,3.187950134E0,1.470300102E1,-4.360500276E-1
1.589880681E2,8.470500112E-1,1.483305073E1,-2.641050100E0
1.589905118E2,1.306050062E0,1.575405121E1,-7.309500575E-1
1.589929552E2,3.670050144E0,1.447305107E1,1.239000082E0
1.589953989E2,1.231950045E0,1.290000057E1,-4.786950111E0
1.589978423E2,-5.100000501E-1,1.316400051E1,-5.320500135E-1
1.590002860E2,7.249500155E-1,1.403295040E1,2.019000053E0
1.590027296E2,1.170000076E0,1.169400024E1,3.390000165E-1
1.590051731E2,-5.070000291E-1,9.667950630E0,-2.205000073E-2
1.590076167E2,8.779500127E-1,9.582000732E0,3.667050123E0
1.590100604E2,3.993000269E0,1.037205029E1,-1.483050108E0
1.590125038E2,2.046000004E0,7.843950272E0,-5.661000252E0
1.590149475E2,6.780000210E0,8.076000214E0,-5.292000294E0
1.590173911E2,5.725950241E0,9.808950424E0,-9.688050270E0
1.590198346E2,2.355000019E0,6.922050476E0,-2.869050026E0
1.590222782E2,4.563000202E0,9.919050217E0,9.900000691E-2
1.590247219E2,5.446050167E0,9.577050209E0,-4.554000378E0
1.590271654E2,2.085000038E0,7.269000530E0,-9.439500570E-1
1.590296090E2,1.809000134E0,8.855999947E0,3.646950245E0
1.590320524E2,6.567000389E0,9.333000183E0,-2.923950195E0
1.590344961E2,6.481050491E0,5.976000309E0,-1.002300072E1
1.590369397E2,8.419500589E-1,7.992000580E0,-6.307050228E0
1.590393832E2,1.603050113E0,9.064949989E0,-4.155000210E0
1.590418269E2,5.130000114E0,5.349000454E0,-8.842950821E0
1.590442705E2,-6.580500603E-1,6.285000324E0,-4.411050320E0
1.590467140E2,3.301050186E0,6.607950211E0,1.095000029E0
1.590491577E2,9.378000259E0,2.433000088E0,-6.019950390E0
1.590516013E2,2.956050158E0,3.718050241E0,-6.156000137E0
1.590540447E2,2.407950163E0,5.037000179E0,-1.501950026E0
1.590564884E2,9.676950455E0,4.156050205E0,-4.188000202E0
1.590589320E2,4.668000221E0,2.494950056E0,-4.990050316E0
1.590613755E2,-1.527000070E0,5.763000488E0,-1.791000128E0
1.590638191E2,5.911050320E0,4.954050064E0,6.000000052E-3
1.590662628E2,1.103205013E1,1.558950067E0,-4.054049969E0
1.590687063E2,5.347950459E0,5.359500051E-1,-4.459050179E0
1.590711499E2,4.833000183E0,6.505050182E0,-6.216000080E0
1.590735934E2,1.132200050E1,5.310000420E0,-9.577950478E0
1.590760370E2,5.305050373E0,6.226950169E0,-1.107195091E1
1.590784807E2,-2.203050137E0,8.728950500E0,-4.597949982E0
1.590809244E2,-5.190000534E-1,1.089405060E1,6.765000343E0
1.590833678E2,3.303000212E0,1.041495037E1,4.078050137E0
1.590858114E2,4.114950180E0,1.101105022E1,4.270500243E-1
1.590882549E2,4.465050220E0,1.372395039E1,3.340500295E-1
1.590906986E2,4.864050388E0,1.359495068E1,5.829000473E0
1.590931422E2,3.021000147E0,1.214595032E1,-1.837050080E0
1.590955857E2,2.287950039E0,1.406205082E1,-4.018050194E0
1.590980293E2,4.090950012E0,1.608195114E1,2.389950037E0
1.591004730E2,4.204050064E0,1.222305012E1,1.126049995E0
1.591029164E2,1.096050024E0,1.118400097E1,-3.940950155E0
1.591053600E2,2.788950205E0,1.476300049E1,-7.474950314E0
1.591078035E2,1.600950122E0,1.335000038E1,-9.100950241E0
1.591102472E2,2.670000196E-1,9.172050476E0,-3.421950102E0
1.591126908E2,1.957950115E0,1.148100090E1,-1.375050068E0
1.591151345E2,3.181050062E0,1.553400040E1,-1.813050032E0
1.591175779E2,1.531950116E0,6.972000122E0,-6.760500073E-1
1.591200216E2,1.002000093E0,3.840000153E0,4.579500258E-1
1.591224650E2,6.289050102E0,9.880950928E0,-8.050500154E-1
1.591249087E2,2.745000124E0,7.429050446E0,-3.148950100E0
1.591273524E2,3.322050095E0,2.971050024E0,2.416950226E0
1.591297958E2,8.820000648E0,7.003050327E0,-4.959000111E0
1.591322394E2,7.243950367E0,4.413000107E0,-7.996950150E0
1.591346831E2,1.456950068E0,5.713050365E0,-1.855950117E0
1.591371266E2,4.263000011E0,8.920950890E0,-1.947000146E0
1.591395702E2,3.586050272E0,8.890050888E0,-2.341950178E0
1.591420139E2,1.213050008E0,5.437050343E0,1.177050114E0
1.591444574E2,4.695000127E-2,8.932950020E0,5.155950069E0
1.591469011E2,3.342000246E0,7.348050117E0,-4.617000103E0
1.591493444E2,3.274950266E0,4.633050442E0,-9.487050056E0
1.591517881E2,8.920500278E-1,7.602000237E0,-4.951950073E0
1.591542318E2,7.387950420E0,4.687950134E0,-6.757050514E0
1.591566754E2,3.472950220E0,5.286000252E0,-7.534950256E0
1.591591189E2,-1.489050031E0,6.529050350E0,-1.177950025E0
1.591615625E2,5.353050232E0,7.570950508E0,2.821050167E0
1.591640060E2,1.142700100E1,3.543000221E0,-6.232950211E0
1.591664497E2,2.949000120E0,6.328050137E0,-6.070050240E0
1.591688933E2,2.728950024E0,8.974050522E0,-1.474950075E0
1.591713367E2,8.595000267E0,6.121950150E0,-6.534000397E0
1.591737804E2,6.310500503E-1,6.022050381E0,-7.156950474E0
1.591762241E2,-2.730000019E-1,8.017950058E0,3.396000147E0
1.591786675E2,8.664000511E0,5.977950096E0,-2.674950123E0
1.591811112E2,8.784000397E0,6.361950397E0,-7.705050468E0
1.591835546E2,3.931050301E0,8.890050888E0,-2.127000093E0
1.591859983E2,5.712000370E0,1.144905090E1,-2.986050129E0
1.591884419E2,4.756950378E0,1.025505066E1,-5.269950390E0
1.591908856E2,4.900500178E-1,1.172505093E1,8.370000124E-1
1.591933290E2,-6.060000062E-1,1.087995052E1,2.950950146E0
1.591957727E2,2.500950098E0,1.257195091E1,6.000000052E-3
1.591982161E2,3.307950258E0,1.095405006E1,-4.321950436E0
1.592006598E2,2.796000242E0,9.508050919E0,-1.624050021E0
1.592031034E2,5.863050461E0,1.215105057E1,-6.640050411E0
1.592055469E2,5.049000263E0,1.257900047E1,-8.074049950E0
1.592079906E2,2.202000141E0,1.372905064E1,-5.059950352E0
1.592104342E2,3.217050076E0,1.303905106E1,-2.947950125E0
1.592128779E2,4.383000374E0,1.121505070E1,-5.661000252E0
1.592153213E2,1.072050095E0,1.133400059E1,-2.554950237E0
1.592177650E2,3.928050280E0,9.643950462E0,-8.310000300E-1
1.592202084E2,7.567950249E0,9.333000183E0,-6.838950157E0
1.592226521E2,3.598050117E0,6.972000122E0,-5.673000336E0
1.592250957E2,1.717950106E0,6.759000301E0,1.051950097E0
1.592275392E2,6.153000355E0,7.530000210E0,-1.177950025E0
1.592299828E2,4.771050453E0,6.072000504E0,-4.066050053E0
1.592324265E2,1.222950101E0,5.500050068E0,3.022950172E0
1.592348700E2,3.445050240E0,9.784950256E0,4.840050220E0
1.592373137E2,4.210950375E0,8.230950356E0,7.170000076E-1
1.592397570E2,1.374000072E0,6.306000233E0,9.970500469E-1
1.592422007E2,2.656950235E0,8.500050545E0,3.430500031E-1
1.592446443E2,6.427950382E0,7.906050205E0,-6.208950520E0
1.592470878E2,1.867050052E0,6.823950291E0,-5.457000256E0
1.592495314E2,1.036050081E0,9.024000168E0,1.710000038E-1
1.592519751E2,6.864000320E0,8.899050713E0,-2.392050028E0
1.592544186E2,3.411000252E0,7.081950188E0,-5.713050365E0
1.592568623E2,-9.580500722E-1,8.830050468E0,1.030050039E0
1.592593059E2,2.446050167E0,8.485050201E0,5.989500284E-1
1.592617493E2,5.809950352E0,5.928000450E0,-7.878000259E0
1.592641930E2,1.030950069E0,5.454000473E0,-6.277950287E0
1.592666367E2,2.080049992E0,7.990050316E0,-5.080500245E-1
1.592690801E2,8.257050514E0,6.690000534E0,-6.094050407E0
1.592715237E2,3.919050217E0,5.689050198E0,-6.238050461E0
1.592739674E2,1.309050083E0,9.325950623E0,2.119500041E-1
1.592764109E2,5.086950302E0,7.911000252E0,-2.494950056E0
1.592788545E2,7.081050396E0,5.386950493E0,-8.743950844E0
1.592812982E2,2.382000208E0,7.554000378E0,-5.080950260E0
1.592837417E2,7.848000526E0,8.026050568E0,-5.437950134E0
1.592861853E2,7.869000435E0,5.191050053E0,-1.095900059E1
1.592886290E2,-1.657050133E0,7.341000557E0,-2.578950167E0
1.592910724E2,1.516950130E0,7.020000458E0,4.143000126E0
1.592935161E2,1.081395054E1,6.232050419E0,-4.999950409E0
1.592959595E2,3.943050146E0,4.447950363E0,-7.885050297E0
1.592984032E2,-7.180500627E-1,8.731950760E0,1.732050061E0
1.593008468E2,6.547950268E0,7.183050156E0,-4.579500258E-1
1.593032903E2,5.815050125E0,7.306950569E0,-5.371050358E0
1.593057339E2,5.620500445E-1,8.245950699E0,2.550000250E-1
1.593081776E2,3.106950045E0,1.009200001E1,3.190500140E-1
1.593106211E2,6.124050140E0,8.670000076E0,-7.258050442E0
1.593130647E2,2.118000031E0,8.590950012E0,-4.413000107E0
1.593155081E2,2.506050110E0,1.098300076E1,-2.400000021E-2
1.593179518E2,5.305050373E0,1.045095062E1,-5.719950199E0
1.593203954E2,1.833000064E0,9.613050461E0,-2.512050152E0
1.593228391E2,-2.749500275E-1,9.454950333E0,3.127950191E0
1.593252826E2,2.242950201E0,9.627000809E0,1.299000025E0
1.593277262E2,3.696000099E0,9.433050156E0,-5.601000309E0
1.593301699E2,1.989000082E0,9.223050117E0,-3.574950218E0
1.593326134E2,4.456950188E0,1.000995064E1,-2.281949997E0
1.593350570E2,6.102000237E0,1.010595036E1,-5.521950245E0
1.593375004E2,1.776000142E0,1.048005009E1,-2.230050087E0
1.593399441E2,6.820500493E-1,9.831000328E0,2.848050117E0
1.593423877E2,3.612000227E0,1.073295021E1,-7.549500465E-1
1.593448312E2,3.496950150E0,9.718050003E0,-3.265950203E0
1.593472749E2,4.147950172E0,9.733050346E0,-2.617050171E0
1.593497185E2,8.122950554E0,9.613050461E0,-6.508050442E0
1.593521620E2,4.186950207E0,8.208000183E0,-6.775950432E0
1.593546057E2,-4.305000231E-2,7.768950462E0,8.340000510E-1
1.593570493E2,7.270500064E-1,8.787000656E0,3.063000202E0
1.593594928E2,3.421050072E0,8.124000549E0,-2.646000147E0
1.593619364E2,1.375950098E0,6.250950336E0,-4.887000084E0
1.593643801E2,2.773950100E0,8.752950668E0,-1.213950038E0
1.593668235E2,8.002950668E0,7.915050507E0,-5.092950344E0
1.593692671E2,3.166950226E0,8.212050438E0,-5.758950233E0
1.593717106E2,-3.450000286E-1,9.763950348E0,3.840000033E-1
1.593741543E2,2.638050079E0,9.352050781E0,-1.110000089E-1
1.593765979E2,6.270000458E0,7.123050213E0,-7.021050453E0
1.593790416E2,2.110949993E0,8.562000275E0,-5.260950089E0
1.593814851E2,8.154000282E0,8.197950363E0,-5.062050343E0
1.593839287E2,7.768950462E0,7.246950150E0,-1.002795029E1
1.593863721E2,-7.129500508E-1,8.527950287E0,-3.690000057E0
1.593888158E2,-8.809500337E-1,7.695000172E0,4.852050304E0
1.593912594E2,6.808950424E0,6.238950253E0,-9.679500461E-1
1.593937029E2,6.720000267E0,5.248050213E0,-6.432000160E0
1.593961465E2,9.690000415E-1,7.365000248E0,7.020000219E-1
1.593985902E2,5.740950108E0,7.438950539E0,-2.520000041E-1
1.594010337E2,5.968050480E0,6.004950523E0,-5.991000175E0
1.594034773E2,-1.819500029E-1,7.362000465E0,-1.897050142E0
1.594059210E2,1.230000019E0,9.301950455E0,7.020000219E-1
1.594083645E2,5.755050182E0,6.457050323E0,-6.178050518E0
1.594108081E2,2.050950050E0,6.097950459E0,-6.700050354E0
1.594132515E2,2.628000021E0,8.513999939E0,-1.180500090E-1
1.594156952E2,8.631000519E0,7.051050186E0,-5.428050041E0
1.594181388E2,2.086950064E0,6.342000484E0,-5.728050232E0
1.594205825E2,-1.863000035E0,7.513050556E0,2.943000078E0
1.594230260E2,2.371950150E0,6.661050320E0,2.143949986E0
1.594254696E2,5.962950230E0,5.212050438E0,-5.469000340E0
1.594279131E2,5.380499959E-1,5.701050282E0,-3.309000254E0
1.594303568E2,1.050000072E0,8.539950371E0,3.123000145E0
1.594328004E2,4.438050270E0,7.318950176E0,-2.574000120E0
1.594352438E2,2.721000195E0,6.859950542E0,-2.263050079E0
1.594376875E2,1.195950031E0,9.517050743E0,2.347050190E0
1.594401311E2,5.322000027E0,8.916000366E0,-2.446950197E0
1.594425746E2,4.563000202E0,7.623000145E0,-6.733050346E0
1.594450183E2,2.190000057E0,9.295050621E0,-4.066050053E0
1.594474619E2,8.370000839E0,9.156000137E0,-6.250050068E0
1.594499054E2,5.889000416E0,7.390950203E0,-9.678000450E0
1.594523490E2,-3.229500055E-1,8.916000366E0,-1.945050120E0
1.594547925E2,1.969950080E0,9.607950211E0,2.200950146E0
1.594572361E2,5.968050480E0,8.107049942E0,-3.781050205E0
1.594596797E2,1.996050119E0,7.302000523E0,-5.923950195E0
1.594621234E2,1.302000046E0,8.473050117E0,4.630500078E-1
1.594645669E2,7.735050201E0,7.771950245E0,-2.775000095E0
1.594670105E2,3.655050278E0,8.149950027E0,-5.044950008E0
1.594694540E2,-2.899500132E-1,1.030305004E1,2.128950119E0
1.594718976E2,3.904050112E0,9.799950600E0,1.846950054E0
1.594743413E2,6.703050137E0,8.919000626E0,-5.412000179E0
1.594767847E2,3.343950272E0,9.963000298E0,-4.681050301E0
1.594792283E2,6.153000355E0,1.107795048E1,-2.955000162E0
1.594816721E2,7.057950497E0,1.022595024E1,-7.300950527E0
1.594841155E2,1.195950031E0,9.892950058E0,-3.678000212E0
1.594865592E2,-5.029500127E-1,1.038405037E1,3.774000168E0
1.594890028E2,3.484950066E0,9.289950371E0,-1.224000096E0
1.594914463E2,4.906949997E0,9.157950401E0,-6.870000362E0
1.594938899E2,2.386050224E0,8.866050720E0,-4.269000053E0
1.594963336E2,4.825950146E0,8.872950554E0,-3.385950089E0
1.594987771E2,6.064050198E0,8.413050652E0,-5.632050037E0
1.595012207E2,9.070500135E-1,9.247050285E0,-1.915950060E0
1.595036644E2,1.225050092E0,8.662050247E0,1.842000127E0
1.595061078E2,5.239950180E0,1.006500053E1,-3.706950188E0
1.595085515E2,3.339000225E0,7.432050228E0,-5.425950050E0
1.595109949E2,1.408950090E0,7.582950592E0,-1.363050103E0
1.595134386E2,5.689950466E0,8.932950020E0,-3.463050127E0
1.595158822E2,3.931050301E0,5.956950188E0,-5.104950428E0
1.595183259E2,-1.186950088E0,7.558950424E0,2.926950216E0
1.595207693E2,2.568000078E0,6.274950504E0,3.942000151E0
1.595232130E2,8.848050117E0,6.055050373E0,-5.196000099E0
1.595256564E2,2.752950191E0,6.429000378E0,-5.244000435E0
1.595281001E2,1.407000065E0,1.004205036E1,2.053050041E0
1.595305438E2,4.467000008E0,8.734050751E0,-1.758000135E0
1.595329872E2,2.664000034E0,8.928000450E0,-2.955000162E0
1.595354308E2,-2.680500150E-1,1.017795086E1,2.078999996E0
1.595378745E2,4.357050419E0,9.247050285E0,-2.151000023E0
1.595403180E2,7.150950432E0,8.571000099E0,-8.791950226E0
1.595427617E2,4.500000000E0,9.481050491E0,-6.589950085E0
1.595452050E2,7.108050346E0,1.066605091E1,-6.163050175E0
1.595476487E2,6.756000519E0,9.876000404E0,-8.263050079E0
1.595500924E2,2.070000172E-1,1.112100029E1,-2.610000074E-1
1.595525360E2,-6.970500350E-1,1.061595058E1,3.658950090E0
1.595549795E2,3.837000132E0,9.924000740E0,-6.610500216E-1
1.595574231E2,3.697950125E0,7.954050541E0,-7.128000259E0
1.595598666E2,1.453050017E0,7.912950516E0,-3.604050159E0
1.595623103E2,6.640950203E0,7.834050179E0,-3.988950253E0
1.595647539E2,6.571950436E0,7.755000591E0,-7.492050171E0
1.595671974E2,8.899500370E-1,8.053950310E0,-1.055999994E0
1.595696410E2,2.146950006E0,8.380050659E0,2.331000090E0
1.595720847E2,4.885950089E0,8.076000214E0,-3.127050161E0
1.595745281E2,4.431000233E0,5.683950424E0,-4.594950199E0
1.595769718E2,6.046950340E0,7.852950573E0,-2.359050035E0
1.595794155E2,1.009395027E1,5.509050369E0,-8.941050529E0
1.595818589E2,3.274950266E0,5.626050472E0,-7.176000118E0
1.595843025E2,-2.587950230E0,6.939000130E0,4.528950214E0
1.595867462E2,1.741950035E0,5.026050091E0,5.395050049E0
1.595891897E2,7.623000145E0,4.513050079E0,-4.135050297E0
1.595916333E2,2.213999987E0,3.417000055E0,-2.785050154E0
1.595940768E2,2.616000175E0,7.729050159E0,1.939950109E0
1.595965205E2,6.106950283E0,5.401050091E0,-4.885050297E0
1.595989641E2,1.218000054E0,5.344050407E0,-3.970050097E0
1.596014075E2,-4.429500103E-1,8.890050888E0,2.058000088E0
1.596038511E2,2.213999987E0,8.016000748E0,-9.970500469E-1
1.596062948E2,3.154950142E0,5.430000305E0,-6.661050320E0
1.596087383E2,2.182950020E0,7.587000370E0,-4.581000328E0
1.596111819E2,8.381999969E0,7.774050236E0,-4.372050285E0
1.596136256E2,5.266950130E0,6.084000111E0,-8.059950829E0
1.596160691E2,-1.092000008E0,7.611000538E0,-7.930500507E-1
1.596185128E2,1.246950030E0,7.872000217E0,3.889050245E0
1.596209561E2,6.945000172E0,6.651000500E0,-3.640050173E0
1.596233998E2,2.568000078E0,5.713050365E0,-6.040950298E0
1.596258435E2,1.258950114E0,8.011050224E0,9.709500670E-1
1.596282871E2,5.817000389E0,7.912950516E0,-2.608050108E0
1.596307306E2,4.867050171E0,8.140049934E0,-5.811000347E0
1.596331742E2,1.840500087E-1,1.028295040E1,1.414050102E0
1.596356177E2,1.261050105E0,1.174905014E1,2.508000135E0
1.596380614E2,5.992050171E0,1.129905033E1,-2.080950022E0
1.596405050E2,5.152050018E0,1.151205063E1,-4.509000301E0
1.596429485E2,8.595000267E0,1.348905087E1,-7.195050240E0
1.596453921E2,7.321050167E0,1.152105045E1,-1.042305088E1
1.596478358E2,4.369500279E-1,1.165305042E1,-5.377950191E0
1.596502793E2,5.190000534E-1,1.280700016E1,2.055000067E0
1.596527229E2,4.852050304E0,1.263195038E1,-2.521950006E0
1.596551666E2,4.534049988E0,1.161705017E1,-6.942000389E0
1.596576100E2,1.120050073E0,1.146405029E1,-1.861050129E0
1.596600536E2,4.582050323E0,1.062600040E1,-1.774950027E0
1.596624973E2,6.057000160E0,1.108305073E1,-5.944950104E0
1.596649408E2,1.864050031E0,1.191105080E1,-2.016000032E0
1.596673844E2,1.231950045E0,1.182795048E1,2.745000124E0
1.596698279E2,5.362050056E0,1.063995075E1,-3.712050200E0
1.596722716E2,5.788950443E0,1.053495026E1,-6.252000332E0
1.596747152E2,8.449049950E0,1.122000027E1,-6.724050522E0
1.596771586E2,9.057000160E0,9.306000710E0,-1.083495045E1
1.596796022E2,2.853000164E0,8.932950020E0,-6.376050472E0
1.596820459E2,-6.529500484E-1,7.056000233E0,2.584050179E0
1.596844894E2,4.695000127E-2,8.121000290E0,3.388950109E0
1.596869330E2,3.660000086E0,3.493050098E0,-4.540050030E0
1.596893767E2,1.684950113E0,3.031050205E0,-1.087050080E0
1.596918202E2,7.230000496E0,5.334000111E0,3.190500140E-1
1.596942638E2,8.841000557E0,2.646000147E0,-6.361950397E0
1.596967075E2,1.096050024E0,3.393000126E0,-1.260000110E0
1.596991509E2,-1.894050121E0,7.551000595E0,4.300950050E0
1.597015946E2,7.339500189E-1,7.504050255E0,1.729950070E0
1.597040380E2,4.879050255E0,5.064000130E0,-3.874050140E0
1.597064817E2,6.184050083E0,7.471950531E0,-7.246050358E0
1.597089253E2,9.354000092E0,7.294950485E0,-7.440000534E0
1.597113690E2,2.049000025E0,5.479950428E0,-9.499050140E0
1.597138125E2,-2.803950071E0,6.912000179E0,-9.559500217E-1
1.597162561E2,2.736000061E0,5.169000149E0,2.128950119E0
1.597186998E2,6.832050323E0,1.732950091E0,-7.588050365E0
1.597211433E2,2.939999998E-1,2.983050108E0,-4.735949993E0
1.597235869E2,3.519000053E0,5.671950340E0,5.160000324E-1
1.597260303E2,1.023705006E1,3.112050056E0,-5.815950394E0
1.597284740E2,2.377050161E0,4.176000118E0,-5.323050022E0
1.597309176E2,-2.595000155E-2,9.579000473E0,3.312000275E0
1.597333611E2,3.595050097E0,8.557050705E0,9.010500312E-1
1.597358047E2,5.140050411E0,9.859950066E0,-3.228000164E0
1.597382482E2,6.627000332E0,1.236195087E1,-4.108950138E0
1.597406919E2,9.445050240E0,1.114800072E1,-9.751950264E0
1.597431355E2,2.314050198E0,8.689050674E0,-9.558000565E0
1.597455790E2,-1.225950003E0,1.096605015E1,-1.123050094E0
1.597480226E2,1.387950063E0,1.020405006E1,7.810500264E-1
1.597504663E2,3.282000065E0,9.429000854E0,-5.323050022E0
1.597529100E2,1.555050015E0,7.710000515E0,-8.359500170E-1
1.597553534E2,3.964050293E0,9.250950813E0,6.760500073E-1
1.597577970E2,5.109000206E0,1.117395020E1,-5.614950180E0
1.597602405E2,5.226000309E0,8.791950226E0,-6.235050201E0
1.597626842E2,2.704950094E0,1.138200092E1,-2.176950216E0
1.597651278E2,4.081050396E0,1.246200085E1,-3.654000282E0
1.597675712E2,1.756950140E0,1.139205074E1,-2.218050003E0
1.597700148E2,3.925950289E0,1.274700069E1,-2.809500098E-1
1.597724585E2,8.736000061E0,1.075005054E1,-5.163000107E0
1.597749020E2,4.029000282E0,7.657050133E0,-4.918050289E0
1.597773456E2,1.042950034E0,8.428050041E0,1.600050092E0
1.597797893E2,4.287000179E0,9.781050682E0,1.074000001E0
1.597822328E2,3.496950150E0,7.836000443E0,-2.554950237E0
1.597846764E2,3.250500262E-1,5.839950085E0,8.479500413E-1
1.597871201E2,2.752950191E0,9.535950661E0,2.434050083E0
1.597895635E2,4.045950413E0,8.193000793E0,-3.321000099E0
1.597920071E2,8.200500607E-1,7.042050362E0,-2.505000114E0
1.597944506E2,1.222950101E0,9.691950798E0,1.585950017E0
1.597968943E2,4.105050087E0,9.615000725E0,-2.617050171E0
1.597993379E2,3.447000265E0,8.344050407E0,-5.266050339E0
1.598017814E2,7.243950367E0,1.074795055E1,-5.526000500E0
1.598042250E2,1.029000092E1,7.693050385E0,-1.235700035E1
1.598066687E2,2.832000017E0,7.093950272E0,-9.067950249E0
1.598091122E2,-1.185000062E0,8.350950241E0,1.780500114E-1
1.598115558E2,2.860050201E0,5.811000347E0,1.800000109E-2
1.598139995E2,6.124050140E0,4.195050240E0,-7.630950451E0
1.598164429E2,9.139500260E-1,5.197950363E0,-5.167050362E0
1.598188866E2,6.016050339E0,5.938050270E0,-1.774950027E0
1.598213300E2,8.932050705E0,2.739000082E0,-8.646000862E0
1.598237737E2,2.050500065E-1,4.669050217E0,-5.245950222E0
1.598262173E2,-1.360500008E-1,7.831950188E0,2.886000156E0
1.598286608E2,5.974950314E0,6.217950344E0,-1.171050072E0
1.598311045E2,5.491950035E0,5.605050087E0,-3.630000114E0
1.598335481E2,7.663050175E0,9.520050049E0,-3.244950056E0
1.598359916E2,1.114905071E1,5.289000034E0,-9.871950150E0
1.598384352E2,1.612950087E0,6.577050209E0,-1.263300037E1
1.598408788E2,-8.805000782E-2,6.775950432E0,-7.156950474E0
1.598433223E2,8.094000816E0,4.614000320E0,-3.337950230E0
1.598457660E2,6.193050385E0,2.254950047E0,-4.099050045E0
1.598482094E2,1.302000046E0,5.373000145E0,3.409950256E0
1.598506531E2,7.558050156E0,5.995050430E0,2.874000072E0
1.598530967E2,1.008405018E1,6.520050526E0,-6.502950191E0
1.598555404E2,2.017950058E0,6.670050144E0,-2.464050055E0
1.598579838E2,1.515000105E0,1.076205063E1,2.488950014E0
1.598604275E2,2.422049999E0,1.130805016E1,-8.479500413E-1
1.598628709E2,1.809000134E0,1.218705082E1,-2.172000170E0
1.598653146E2,5.176050186E0,1.498800087E1,-7.500000298E-2
1.598677582E2,3.592950106E0,1.199805069E1,-7.732050419E0
1.598702017E2,4.800000191E-1,1.076205063E1,-2.986050129E0
1.598726453E2,2.061000109E0,1.259400082E1,7.099500299E-1
1.598750890E2,3.034950256E0,1.296000099E1,-2.710950136E0
1.598775324E2,1.969950080E0,9.706050873E0,-1.192950010E0
1.598799761E2,-1.390500069E-1,1.002705002E1,-5.820000172E-1
1.598824195E2,3.334050179E0,1.229895020E1,9.900000691E-1
1.598848632E2,3.016050100E0,9.838050842E0,-6.226050377E0
1.598873068E2,1.411950111E0,9.874050140E0,-3.976950169E0
1.598897505E2,3.423000097E0,1.115505028E1,-4.417950153E0
1.598921940E2,2.604000092E0,1.138500023E1,-4.681050301E0
1.598946376E2,3.186000109E0,8.610000610E0,-9.679500461E-1
1.598970811E2,8.824950218E0,9.595950127E0,-4.420050144E0
1.598995247E2,6.744000435E0,5.824950218E0,-1.015905094E1
1.599019684E2,1.054949999E0,5.860950470E0,-2.818950176E0
1.599044118E2,2.476950169E0,6.619950294E0,2.601000071E0
1.599068555E2,3.499950171E0,5.823000431E0,-2.572050095E0
1.599092991E2,1.213050008E0,3.490950108E0,9.040500522E-1
1.599117426E2,2.863050222E0,6.204000473E0,2.934000254E0
1.599141863E2,7.441050529E0,4.594950199E0,-7.044000149E0
1.599166299E2,2.716950178E0,4.209000111E0,-7.576050282E0
1.599190734E2,-3.370500207E-1,8.005949974E0,2.140500098E-1
1.599215170E2,4.933950424E0,6.972000122E0,-1.936950088E0
1.599239607E2,4.857000351E0,6.820950508E0,-4.179000378E0
1.599264042E2,3.825000286E0,1.158300018E1,-5.419500470E-1
1.599288478E2,1.023495007E1,7.750050545E0,-5.517000198E0
1.599312912E2,4.741950035E0,5.995050430E0,-9.343050003E0
1.599337349E2,-2.212050200E0,8.643000603E0,-1.936950088E0
1.599361785E2,3.403950214E0,7.744950294E0,1.002000093E0
1.599386220E2,6.411000252E0,5.503950119E0,-5.019000053E0
1.599410656E2,2.974950075E0,6.946050167E0,1.320000052E0
1.599435093E2,7.249050140E0,1.049205017E1,2.040000111E-1
1.599459528E2,8.029950142E0,9.117000580E0,-7.483050346E0
1.599483964E2,2.515950203E0,8.490000725E0,-3.240000248E0
1.599508401E2,4.138950348E0,1.079100037E1,-4.665000439E0
1.599532836E2,5.259000301E0,1.073805046E1,-7.566000462E0
1.599557272E2,2.544000149E0,1.284000015E1,-6.187050343E0
1.599581707E2,7.876050472E0,1.246695042E1,-8.409000397E0
1.599606143E2,8.329050064E0,9.739950180E0,-1.181100082E1
1.599630580E2,1.074000001E0,9.886050224E0,-6.889050484E0
1.599655014E2,1.600500047E-1,7.317000389E0,2.247000217E0
1.599679450E2,3.555000067E0,8.943000793E0,-9.490500689E-1
1.599703887E2,9.660000205E-1,5.658000469E0,-2.275050163E0
1.599728322E2,7.320000529E-1,6.175050259E0,3.849000216E0
1.599752758E2,5.740950108E0,7.702050209E0,-2.629050016E0
1.599777195E2,4.635000229E0,2.073000193E0,-7.786950588E0
1.599801630E2,1.623000026E0,6.610950470E0,-6.760500073E-1
1.599826066E2,5.020050049E0,6.792000294E0,-9.100500345E-1
1.599850503E2,3.715050220E0,5.509050369E0,-6.760500073E-1
1.599874937E2,3.976050138E0,9.979050636E0,1.627050042E0
1.599899374E2,9.907050133E0,1.001505089E1,-3.817050219E0
1.599923808E2,5.041950226E0,5.269950390E0,-9.333000183E0
1.599948245E2,-6.460500360E-1,9.007050514E0,-3.700050116E0
1.599972681E2,2.920050144E0,8.587950706E0,-1.803000093E0
1.599997116E2,5.386050224E0,5.863950253E0,-6.739950180E0
1.600021552E2,2.770500183E-1,5.848950386E0,-1.882050037E0
1.600045989E2,3.907050133E0,7.420050144E0,9.229500294E-1
1.600070424E2,9.186000824E0,7.105950356E0,-5.565000057E0
1.600094860E2,2.902950048E0,5.509050369E0,-4.099050045E0
1.600119294E2,2.049000025E0,8.782050133E0,5.400000215E-1
1.600143731E2,3.946950197E0,8.734050751E0,-2.224950075E0
1.600168167E2,1.306050062E0,9.097949982E0,-3.927000284E0
1.600192604E2,5.511000156E0,1.086000061E1,-4.087950230E0
1.600217039E2,9.088050842E0,7.374000549E0,-1.108800030E1
1.600241475E2,1.567050099E0,7.803000450E0,-9.466950417E0
1.600265910E2,-1.293000102E0,8.053950310E0,8.650500178E-1
1.600290346E2,2.446050167E0,5.791950226E0,-2.110500038E-1
1.600314783E2,2.464950085E0,4.537050247E0,-3.421950102E0
1.600339217E2,7.890000343E-1,5.128050327E0,2.557950020E0
1.600363653E2,8.917950630E0,5.005950451E0,-1.578000069E0
1.600388090E2,7.261050224E0,2.554950237E0,-7.590000153E0
1.600412525E2,1.810500026E-1,4.060950279E0,5.230500102E-1
1.600436961E2,2.865000248E0,8.718000412E0,2.095950127E0
1.600461398E2,4.096050262E0,6.298950195E0,-1.645050049E0
1.600485833E2,3.655050278E0,8.703000069E0,-1.030050039E0
1.600510269E2,8.997000694E0,1.095105076E1,-6.228000164E0
1.600534703E2,6.259950161E0,8.109000206E0,-1.087500095E1
1.600559140E2,-6.769500375E-1,8.671950340E0,-2.373000145E0
1.600583576E2,-1.015050054E0,1.129605007E1,4.756050110E0
1.600608011E2,2.329050064E0,8.392050743E0,-1.702950120E0
1.600632447E2,9.310500622E-1,6.955050468E0,-1.609050035E0
1.600656884E2,3.849000216E0,9.832950592E0,-3.930000067E-1
1.600681319E2,7.195950508E0,1.108995056E1,-5.874000072E0
1.600705755E2,3.945000172E0,8.056950569E0,-6.123000145E0
1.600730190E2,2.736000061E0,1.202895069E1,-2.076000214E0
1.600754626E2,5.182950020E0,1.218900013E1,-2.292000055E0
1.600779063E2,3.109050035E0,1.377195072E1,-2.076000214E0
1.600803500E2,4.764000416E0,1.546695042E1,-1.617000103E0
1.600827934E2,1.102695084E1,1.290495014E1,-8.344950676E0
1.600852370E2,3.544950247E0,1.051995087E1,-1.028205013E1
1.600876805E2,-5.410500169E-1,1.098300076E1,-7.330500484E-1
1.600901242E2,1.951050043E0,1.058295059E1,6.040500402E-1
1.600925678E2,2.263950109E0,7.234950542E0,-3.247050047E0
1.600950113E2,4.129500091E-1,5.775000095E0,1.083000064E0
1.600974549E2,6.030000210E0,7.789050579E0,-1.368000031E0
1.600998986E2,7.216050148E0,4.768950462E0,-9.870000839E0
1.601023421E2,2.724000216E0,3.627000093E0,-8.767950058E0
1.601047857E2,3.199950218E0,6.538950443E0,-3.147000074E0
1.601072294E2,1.612950087E0,8.422950745E0,-4.095000267E0
1.601096728E2,-2.629500031E-1,4.087049961E0,1.509000063E0
1.601121164E2,2.737950087E0,8.916000366E0,3.547050238E0
1.601145599E2,5.937000275E0,1.681050062E0,-2.536050081E0
1.601170036E2,2.571000099E0,7.759500146E-1,-3.481950283E0
1.601194472E2,1.549500078E-1,2.253000021E0,-2.458950043E0
1.601218907E2,5.215950012E0,-8.100000024E-2,-4.557000160E0
1.601243343E2,4.821000099E0,-3.547050238E0,-5.206050396E0
1.601267780E2,2.250000000E0,-2.695050240E0,-1.095000029E0
1.601292214E2,6.658050537E0,1.258950114E0,-3.190500140E-1
1.601316650E2,8.239950180E0,1.177950025E0,-3.015000105E0
1.601341087E2,7.045950413E0,5.908950329E0,-3.103050232E0
1.601365522E2,1.066605091E1,1.477995110E1,-9.015000343E0
1.601389958E2,9.732000351E0,1.223700047E1,-1.336305046E1
1.601414393E2,5.628000259E0,1.557195091E1,-1.409595108E1
1.601438829E2,2.460000068E-1,1.664505005E1,-3.265950203E0
1.601463266E2,1.219950080E0,1.242900085E1,1.093095016E1
1.601487700E2,1.395000100E0,1.149000072E1,5.125050068E0
1.601512137E2,1.113000035E0,1.587600040E1,-3.297000170E0
1.601536571E2,3.061050177E0,1.386795044E1,1.789050102E0
1.601561008E2,3.045000076E0,1.105395031E1,2.413950205E0
1.601585444E2,4.570050240E0,1.402800083E1,6.105000153E-2
1.601609881E2,1.030905056E1,1.251495075E1,-1.332000065E1
1.601634316E2,2.353049994E0,1.015605068E1,-1.614495087E1
1.601658752E2,2.362050056E0,1.209795094E1,-1.269495106E1
1.601683187E2,3.756000280E0,1.526805115E1,-8.088000298E0
1.601707624E2,2.077050209E0,1.166205025E1,-2.368050098E0
1.601732060E2,2.929950237E0,1.465995026E1,4.609500170E-1
1.601756494E2,3.495000124E0,1.699200058E1,-2.401950121E0
1.601780931E2,-4.000500143E-1,5.446950436E0,-2.419500053E-1
1.601805367E2,-7.350000143E-1,1.254105091E1,5.950950146E0
1.601829802E2,-1.186950088E0,9.972000122E0,6.477000237E0
1.601854239E2,1.615050077E0,4.120050430E0,4.192950249E0
1.601878675E2,3.124050140E0,8.767950058E0,2.401950121E0
1.601903110E2,4.066950321E0,1.022100067E1,5.860050201E0
1.601927546E2,3.403950214E0,8.065950394E0,4.627050400E0
1.601951980E2,9.301050186E0,6.742050171E0,-3.063000202E0
1.601976417E2,9.210000038E0,5.713050365E0,-1.463205051E1
1.602000854E2,6.105000496E0,5.883000374E0,-1.885995102E1
1.602025288E2,3.199950218E0,7.336050510E0,-1.279605103E1
1.602049724E2,7.660950184E0,7.669050217E0,-9.726000786E0
1.602074161E2,5.734050274E0,4.123050213E0,-9.730950356E0
1.602098596E2,1.492950082E0,5.326950073E0,-1.329000115E0
1.602123032E2,3.928050280E0,7.104000568E0,4.569000244E0
1.602147467E2,3.052050114E0,8.181000710E0,1.639500111E-1
1.602171903E2,-6.679500341E-1,2.940000057E0,4.990950108E0
1.602196340E2,-4.810500145E-1,5.547000408E0,4.216950417E0
1.602220777E2,-2.823000193E0,4.887000084E0,5.910000324E0
1.602245211E2,9.930000305E-1,1.750050068E0,4.702950001E0
1.602269647E2,5.961000443E0,4.195050240E0,3.504000187E0
1.602294082E2,1.021095085E1,5.892000198E0,-3.894000292E0
1.602318518E2,8.683050156E0,5.325000286E0,-1.456995106E1
1.602342955E2,6.832050323E0,1.082895088E1,-1.365300083E1
1.602367390E2,7.990950584E0,9.613050461E0,-1.173195076E1
1.602391826E2,3.300000131E-1,1.003905010E1,-5.437950134E0
1.602416261E2,1.690500081E-1,1.144695091E1,5.509950161E0
1.602440698E2,1.575000048E0,1.626405144E1,6.304950237E0
1.602465134E2,3.379950047E0,9.469050407E0,3.019950151E0
1.602489571E2,8.059500456E-1,7.398000240E0,-2.470950127E0
1.602514005E2,9.238950729E0,1.419105053E1,3.900000080E-2
1.602538442E2,9.709950447E0,9.771000862E0,-1.544100094E1
1.602562876E2,4.656000137E0,8.590950012E0,-1.262595081E1
1.602587313E2,4.612950325E0,1.238595104E1,-1.466805077E1
1.602611749E2,2.868000031E0,1.135095024E1,-8.380050659E0
1.602636184E2,6.588000298E0,1.365900040E1,-3.762000084E0
1.602660620E2,9.516000748E0,1.583295059E1,-6.589950085E0
1.602685057E2,4.294950008E0,1.015905094E1,-8.348999977E0
1.602709492E2,1.930500120E-1,7.638000488E0,-5.779500008E-1
1.602733928E2,2.571000099E0,1.007295036E1,1.441950083E0
1.602758362E2,1.764000058E0,8.338950157E0,-3.007950068E0
1.602782799E2,1.999500096E-1,2.233950138E0,1.324950099E0
1.602807235E2,4.447950363E0,7.894050598E0,4.432950020E0
1.602831670E2,7.740000248E0,4.939050198E0,-5.067000389E0
1.602856107E2,3.160050154E0,5.167050362E0,1.153050065E0
1.602880543E2,1.929000139E0,7.615950584E0,5.503050327E0
1.602904977E2,2.623050213E0,8.281949997E0,1.324950099E0
1.602929414E2,1.588950038E0,8.916000366E0,-2.445000172E0
1.602953850E2,7.170000076E-1,1.193505096E1,-5.869500041E-1
1.602978285E2,2.212050200E0,1.131495094E1,3.601950169E0
1.603002721E2,1.759050131E0,7.032000542E0,-6.300000101E-2
1.603027156E2,4.849500358E-1,7.702050209E0,-2.833050251E0
1.603051593E2,2.935050249E0,1.053195095E1,-1.585050106E0
1.603076029E2,2.097000122E0,5.140050411E0,-3.918000221E0
1.603100463E2,-1.510500014E-1,3.100950241E0,-2.170050144E0
1.603124900E2,1.699050069E0,7.729050159E0,-2.929500043E-1
1.603149337E2,2.242950201E0,7.683000565E0,-2.470950127E0
1.603173771E2,-3.060000241E-1,3.202950239E0,-2.371050119E0
1.603198207E2,3.267000198E0,4.954050064E0,-1.602000117E0
1.603222644E2,5.832000256E0,5.389050484E0,-7.947000504E0
1.603247079E2,7.576950550E0,5.131050110E0,-8.692049980E0
1.603271515E2,9.720000267E0,7.780950546E0,-1.231200027E1
1.603295950E2,3.808050156E0,5.097000122E0,-1.576200104E1
1.603320387E2,-1.944000125E0,6.603000164E0,-2.596050024E0
1.603344823E2,2.488950014E0,6.045000076E0,4.195950031E0
1.603369257E2,5.347950459E0,2.803950071E0,-9.679500461E-1
1.603393694E2,2.158950090E0,5.361000061E0,-7.260000110E-1
1.603418130E2,5.463000298E0,7.000950336E0,3.316950083E0
1.603442565E2,1.040505028E1,5.064000130E0,5.179499984E-1
1.603467002E2,8.668950081E0,6.594000340E0,-7.039950371E0
1.603491436E2,8.677950859E0,8.718000412E0,-1.552500057E1
1.603515873E2,8.467950821E0,6.487950325E0,-1.835700035E1
1.603540309E2,5.880000114E0,1.014495087E1,-2.047905159E1
1.603564743E2,1.041195011E1,1.118400097E1,-1.650900078E1
1.603589180E2,1.041195011E1,5.254950047E0,-1.287195015E1
1.603613616E2,2.716950178E0,6.394950390E0,-1.068105030E1
1.603638051E2,7.867050171E0,6.433050156E0,-4.441950321E0
1.603662487E2,1.354605103E1,3.856950283E0,-2.706000090E0
1.603686924E2,7.600950241E0,3.274950266E0,-4.789050102E0
1.603711358E2,4.831050396E0,9.273000717E0,3.430500031E-1
1.603735795E2,8.242950439E0,1.011795044E1,-6.469500065E-1
1.603760229E2,2.431950092E0,7.855950356E0,-1.750950098E0
1.603784666E2,-4.519500136E-1,1.170795059E1,3.157050133E0
1.603809102E2,1.792950034E0,1.086495018E1,4.057050228E0
1.603833539E2,3.217050076E0,1.103295040E1,-9.580500722E-1
1.603857974E2,3.042000055E0,1.442805099E1,-1.308000088E0
1.603882410E2,3.544950247E0,1.472505093E1,3.865050077E0
1.603906844E2,2.410050154E0,1.093200016E1,1.612050056E0
1.603931281E2,1.014000058E0,1.038900089E1,-5.242050171E0
1.603955718E2,1.339950085E0,1.425795078E1,-3.865050077E0
1.603980152E2,1.584000111E0,1.006095028E1,2.335050106E0
1.604004588E2,-5.550000072E-1,8.458950043E0,-2.598000050E0
1.604029023E2,-4.032000065E0,1.754505157E1,-3.229950190E0
1.604053460E2,-2.521050215E0,8.674050331E0,4.426050186E0
1.604077896E2,-4.209000111E0,1.144695091E1,-1.729500145E-1
1.604102331E2,-3.211050034E0,1.030695057E1,-5.674950123E0
1.604126768E2,-1.345050097E0,1.110900021E1,-3.381000042E0
1.604151204E2,3.180000186E-1,6.493050098E0,6.583050251E0
1.604175638E2,2.817000151E0,4.767000198E0,5.911950111E0
1.604200075E2,5.046000004E0,6.655950546E0,9.276000023E0
1.604224511E2,6.021000385E0,7.036950111E0,6.448950291E0
1.604248945E2,5.178000450E0,6.591000080E0,7.071000099E0
1.604273382E2,4.350000381E0,3.735000134E0,5.826000214E0
1.604297817E2,2.293050051E0,1.270950079E0,3.283050060E0
1.604322254E2,3.760950089E0,3.723000288E0,1.027950048E0
1.604346690E2,2.571000099E0,1.012305069E1,4.441950321E0
1.604371124E2,1.523595047E1,2.386950016E0,-1.830000043E0
1.604395561E2,1.145805073E1,1.281000018E0,-2.134605026E1
1.604419997E2,8.772000313E0,9.874050140E0,-2.760405159E1
1.604444432E2,1.764000058E0,6.436050415E0,-2.907900047E1
1.604468868E2,6.361050129E0,9.670050621E0,-1.915695000E1
1.604493305E2,5.877000332E0,1.030995083E1,-1.070505047E1
1.604517740E2,5.077050209E0,5.095050335E0,-3.028950214E0
1.604542176E2,3.607050180E0,7.975050449E0,-1.975950122E0
1.604566610E2,7.647000313E0,9.019050598E0,-1.540500075E-1
1.604591047E2,7.639050484E0,4.699950218E0,-1.257000089E0
1.604615484E2,5.037000179E0,7.405050278E0,-2.134050131E0
1.604639918E2,8.191950798E0,9.478950500E0,-1.303050041E0
1.604664354E2,4.696950436E0,8.212050438E0,-6.372000217E0
1.604688791E2,3.730500042E-1,8.988000870E0,1.800000109E-2
1.604713226E2,2.932050228E0,1.162395096E1,-1.243050098E0
1.604737663E2,3.234000206E0,1.169100094E1,-2.661000013E0
1.604762097E2,5.377050400E0,1.278795052E1,-1.975950122E0
1.604786533E2,7.126950264E0,1.351305103E1,-1.132095051E1
1.604810970E2,1.948050141E0,9.697050095E0,-8.677050591E0
1.604835404E2,1.810500026E-1,7.036950111E0,-1.777050138E0
1.604859840E2,3.603000164E0,1.240200043E1,-3.166050196E0
1.604884277E2,3.235950232E0,9.060000420E0,-3.616050243E0
1.604908712E2,3.750000298E-1,4.519950390E0,1.483050108E0
1.604933148E2,2.298000097E0,8.974050522E0,1.765950084E0
1.604957585E2,4.720950127E0,9.667950630E0,-3.283050060E0
1.604982020E2,1.384950042E0,5.623950481E0,-2.038050175E0
1.605006456E2,3.994950294E0,7.060950279E0,-5.440500379E-1
1.605030890E2,4.491000175E0,7.342950344E0,-3.171000242E0
1.605055327E2,4.299000263E0,9.046050072E0,-1.609500051E-1
1.605079764E2,7.438050270E0,1.114500046E1,-2.584050179E0
1.605104198E2,4.354050159E0,7.057950497E0,-5.446950436E0
1.605128635E2,8.950500488E-1,6.642000198E0,-1.795950055E0
1.605153071E2,2.796000242E0,9.273000717E0,5.419500470E-1
1.605177506E2,3.739050150E0,7.309950352E0,-3.228000164E0
1.605201942E2,3.889500201E-1,3.948000193E0,-1.200000048E0
1.605226379E2,3.745950222E0,6.541050434E0,2.179949999E0
1.605250814E2,7.678050518E0,9.213000298E0,-5.268000126E0
1.605275250E2,1.840050101E0,5.172000408E0,-5.421000481E0
1.605299684E2,1.705950022E0,7.789050579E0,-2.364000082E0
1.605324121E2,3.298950195E0,7.899000168E0,-5.482950211E0
1.605348557E2,1.114950061E0,8.209950447E0,-2.620050192E0
1.605372992E2,7.168050289E0,1.105905056E1,-3.736050129E0
1.605397429E2,7.672950268E0,7.069950104E0,-9.739950180E0
1.605421863E2,1.681950092E0,5.662050247E0,-8.263050079E0
1.605446300E2,1.456950068E0,6.237000465E0,-1.746000051E0
1.605470736E2,4.729950428E0,5.317950249E0,-3.937050104E0
1.605495171E2,1.965000153E0,2.715000153E0,-3.963000298E0
1.605519608E2,2.455950022E0,4.633050442E0,2.686950207E0
1.605544044E2,6.021000385E0,7.828950405E0,5.400000140E-2
1.605568478E2,3.186000109E0,4.149000168E0,-4.777050018E0
1.605592915E2,9.210000634E-1,5.581050396E0,1.792050123E0
1.605617351E2,4.258950233E0,7.372050285E0,-1.971000075E0
1.605641786E2,2.121000051E0,6.643950462E0,-3.640050173E0
1.605666222E2,3.433050156E0,9.607950211E0,1.354050040E0
1.605690657E2,8.374050140E0,9.879000664E0,-5.079000473E0
1.605715094E2,4.162950039E0,6.342000484E0,-7.144950390E0
1.605739530E2,5.670000315E-1,8.392050743E0,-1.561950088E0
1.605763965E2,4.052999973E0,1.049595070E1,-1.665000081E0
1.605788401E2,2.686050177E0,7.027050495E0,-3.241950035E0
1.605812835E2,1.708950043E0,7.396050453E0,3.240000010E-1
1.605837272E2,7.033950329E0,1.179705048E1,-3.276000261E0
1.605861708E2,5.772000313E0,1.018995094E1,-6.766950130E0
1.605886145E2,2.542050123E0,8.229000092E0,-3.180000067E0
1.605910580E2,4.690050125E0,1.044600010E1,-3.843000174E0
1.605935016E2,4.789950371E0,1.106895065E1,-4.593000412E0
1.605959451E2,2.947050095E0,1.360905075E1,-1.147050023E0
1.605983887E2,7.366050243E0,1.536405087E1,-5.524050236E0
1.606008324E2,4.522050381E0,1.165800095E1,-6.703950405E0
1.606032758E2,1.605000161E-2,9.487950325E0,-1.846050143E0
1.606057194E2,1.927050114E0,1.010595036E1,1.411050081E0
1.606081629E2,3.117000103E0,1.136805058E1,-3.930000305E0
1.606106066E2,4.729500115E-1,6.577050209E0,-1.344000101E0
1.606130502E2,2.950950146E0,8.506950378E0,1.296000004E0
1.606154939E2,6.532950401E0,1.185195065E1,-4.328999996E0
1.606179374E2,2.719050169E0,7.044000149E0,-4.162050247E0
1.606203810E2,3.009000063E0,8.404050827E0,-4.459500313E-1
1.606228245E2,3.922950268E0,9.618000031E0,-2.674950123E0
1.606252681E2,2.889000177E0,8.670000076E0,-1.012950063E0
1.606277118E2,8.347949982E0,1.155705070E1,-2.874000072E0
1.606301552E2,8.911050797E0,7.908000469E0,-1.092105007E1
1.606325989E2,2.925000191E0,6.844950199E0,-9.606000900E0
1.606350423E2,1.915050149E0,7.798050404E0,-2.578950167E0
1.606374860E2,5.962950230E0,7.365000248E0,-4.234050274E0
1.606399296E2,2.398050070E0,3.852000237E0,-5.095950127E0
1.606423731E2,2.650050163E0,5.932950497E0,1.938000083E0
1.606448167E2,8.358000755E0,8.113950729E0,-3.361950159E0
1.606472602E2,4.036050320E0,4.537050247E0,-8.539050102E0
1.606497039E2,1.198950052E0,5.590950489E0,-1.237950087E0
1.606521475E2,5.209050179E0,6.618000507E0,-2.673000097E0
1.606545912E2,2.737950087E0,5.002050400E0,-4.339050293E0
1.606570346E2,4.603050232E0,9.022050858E0,-7.695000619E-2
1.606594782E2,8.556000710E0,7.117950439E0,-4.195050240E0
1.606619217E2,3.588000059E0,5.029950142E0,-8.893050194E0
1.606643654E2,2.509500086E-1,7.249950409E0,-4.416000366E0
1.606668090E2,5.050950050E0,6.682050228E0,-3.367050171E0
1.606692525E2,3.840000153E0,2.844000101E0,-4.975950241E0
1.606716961E2,-6.405000389E-2,5.029950142E0,2.929050207E0
1.606741398E2,3.366000175E0,8.348999977E0,4.555050373E0
1.606765833E2,4.776000023E0,7.870050430E0,-2.701050043E0
1.606790269E2,1.936050057E0,5.638050079E0,4.579500258E-1
1.606814706E2,5.214000225E0,8.188050270E0,-1.717050076E0
1.606839140E2,3.475950241E0,7.987050533E0,-5.409000397E0
1.606863576E2,3.400950193E0,1.080300045E1,-1.420050025E0
1.606888011E2,8.860050201E0,1.333800030E1,-6.979950428E0
1.606912447E2,4.897950172E0,9.055050850E0,-7.570950508E0
1.606936884E2,4.279500246E-1,8.835000038E0,-1.638000131E0
1.606961319E2,3.670050144E0,1.291500092E1,-6.400500536E-1
1.606985755E2,3.901950121E0,1.105395031E1,-4.507050037E0
1.607010190E2,1.009950042E0,7.579950333E0,-6.060000062E-1
1.607034626E2,3.849000216E0,1.322805023E1,1.995000057E-2
1.607059063E2,6.624000549E0,1.229700089E1,-6.871950150E0
1.607083497E2,1.306050062E0,9.670050621E0,-5.718000412E0
1.607107933E2,2.452950001E0,1.085595036E1,-2.404050112E0
1.607132370E2,3.708000183E0,1.075305080E1,-4.642950058E0
1.607156805E2,2.938950062E0,1.083900070E1,-2.251049995E0
1.607181241E2,9.694050789E0,1.311600018E1,-3.862050295E0
1.607205678E2,8.322000504E0,9.349950790E0,-1.034595013E1
1.607230112E2,2.086950064E0,8.145000458E0,-6.927000523E0
1.607254549E2,2.152050018E0,7.963050365E0,1.665000081E0
1.607278983E2,4.311000347E0,8.822999954E0,-2.139000177E0
1.607303419E2,1.270950079E0,5.071050167E0,-2.074050188E0
1.607327856E2,4.137000084E0,5.995050430E0,3.327000141E0
1.607352291E2,7.797000408E0,7.618950367E0,-3.778950214E0
1.607376727E2,3.478050232E0,5.566950321E0,-4.405950069E0
1.607401164E2,2.046000004E0,7.602000237E0,4.819500148E-1
1.607425598E2,3.421050072E0,7.365000248E0,-2.634000063E0
1.607450035E2,1.792950034E0,6.763950348E0,-2.305950165E0
1.607474469E2,5.407950401E0,9.690000534E0,-1.669050097E0
1.607498906E2,9.961950302E0,7.810050488E0,-8.179050446E0
1.607523342E2,2.844000101E0,6.361950397E0,-8.881050110E0
1.607547777E2,1.090500057E-1,8.526000023E0,-1.236000061E0
1.607572213E2,4.644000053E0,7.068000317E0,-2.080950022E0
1.607596650E2,2.725950241E0,3.912000179E0,-4.801050186E0
1.607621085E2,1.314000010E0,6.450000286E0,1.809000134E0
1.607645521E2,8.113050461E0,8.077950478E0,-3.894000292E0
1.607669955E2,4.216050148E0,5.143050194E0,-8.598000526E0
1.607694392E2,4.609500170E-1,6.679950237E0,-2.301000118E0
1.607718828E2,5.215950012E0,7.185000420E0,-3.517950058E0
1.607743263E2,3.765000105E0,6.543000221E0,-4.102050304E0
1.607767699E2,4.929000378E0,1.054695034E1,-3.619500101E-1
1.607792136E2,9.481050491E0,9.514950752E0,-6.148950100E0
1.607816571E2,3.061050177E0,8.016000748E0,-8.313000679E0
1.607841007E2,-5.550000072E-1,9.613050461E0,-2.911950111E0
1.607865442E2,3.811050177E0,8.332050323E0,-1.629000068E0
1.607889878E2,4.414050102E0,6.187050343E0,-5.874000072E0
1.607914315E2,5.809500217E-1,7.824000359E0,1.002000093E0
1.607938749E2,4.267950058E0,1.018305016E1,1.591050029E0
1.607963185E2,5.122950077E0,8.515950203E0,-5.902050495E0
1.607987622E2,1.564950109E0,8.587950706E0,-1.570950031E0
1.608012057E2,4.608000278E0,9.268050194E0,-2.742000103E0
1.608036493E2,4.216050148E0,9.340050697E0,-6.757050514E0
1.608060930E2,3.789000273E0,1.198605061E1,-2.172000170E0
1.608085364E2,1.008195019E1,1.227300072E1,-6.907950401E0
1.608109801E2,5.221050262E0,8.722050667E0,-7.813050270E0
1.608134235E2,4.879500270E-1,9.108000755E0,-2.775000095E0
1.608158672E2,4.309050083E0,9.904950142E0,-1.650000095E0
1.608183108E2,5.829000473E0,7.135050297E0,-5.371050358E0
1.608207543E2,1.335000038E0,6.796950340E0,-2.031000137E0
1.608231979E2,4.371000290E0,9.499950409E0,1.621950030E0
1.608256413E2,6.136050224E0,8.253000259E0,-4.510950089E0
1.608280850E2,9.859500527E-1,7.219050407E0,-2.272950172E0
1.608305287E2,2.512950182E0,7.249950409E0,2.689500153E-1
1.608329721E2,3.897000074E0,8.107049942E0,-3.907950163E0
1.608354157E2,2.038950205E0,8.751000404E0,-1.023000002E0
1.608378594E2,8.428950310E0,1.127895069E1,-2.953050137E0
1.608403029E2,6.703050137E0,7.321950436E0,-8.509950638E0
1.608427465E2,4.249500334E-1,8.032950401E0,-3.096000195E0
1.608451900E2,1.918950081E0,9.850050926E0,2.520000219E0
1.608476336E2,3.169050217E0,7.582950592E0,-1.963950038E0
1.608500773E2,6.259500384E-1,4.639950275E0,-1.393950105E0
1.608525207E2,3.784950256E0,8.904000282E0,1.144950032E0
1.608549644E2,7.477050304E0,9.421050072E0,-5.526000500E0
1.608574078E2,2.950950146E0,7.618950367E0,-4.774950027E0
1.608598515E2,1.431000113E0,1.020900059E1,-6.795000285E-2
1.608622951E2,3.175950050E0,9.855000496E0,-2.172000170E0
1.608647386E2,2.563050032E0,1.102605057E1,-1.909050107E0
1.608671823E2,6.262950420E0,1.301505089E1,-1.698000073E0
1.608696259E2,9.592950821E0,1.155705070E1,-8.746950150E0
1.608720694E2,2.877000093E0,9.457050323E0,-8.821050644E0
1.608745130E2,1.419000030E0,1.206705093E1,-3.051000118E0
1.608769567E2,5.170950413E0,1.033395004E1,-5.620050430E0
1.608794002E2,1.668000102E0,7.156050205E0,-4.669050217E0
1.608818438E2,2.247000217E0,8.665050507E0,4.630500078E-1
1.608842874E2,7.644000530E0,9.883950233E0,-4.497000217E0
1.608867309E2,4.150950432E0,7.408050537E0,-7.993050575E0
1.608891745E2,3.694050074E0,6.735000134E0,-4.818000317E0
1.608916180E2,6.193050385E0,6.498000145E0,-5.863950253E0
1.608940616E2,3.622050285E0,6.766050339E0,-6.289950371E0
1.608965053E2,5.824050426E0,1.035300064E1,-3.532050133E0
1.608989488E2,7.275000572E0,8.287050247E0,-6.942000389E0
1.609013924E2,2.274000168E0,5.659950256E0,-5.905050278E0
1.609038358E2,1.570500135E-1,6.145950317E0,2.167950153E0
1.609062795E2,4.945950031E0,5.464050293E0,1.708050132E0
1.609087232E2,4.857000351E0,5.070000291E-1,-3.855000257E0
1.609111666E2,1.780950069E0,3.358950138E0,4.920000136E-1
1.609136102E2,8.619000435E0,5.586000443E0,-3.019500077E-1
1.609160537E2,5.398050308E0,3.618000269E0,-6.553950310E0
1.609184974E2,3.580500185E-1,5.953950405E0,-9.600000083E-2
1.609209410E2,3.238950253E0,8.289000511E0,-1.300500035E-1
1.609233845E2,1.893000126E0,6.196050167E0,-1.506000042E0
1.609258282E2,1.303950071E0,1.063500023E1,-1.060500070E-1
1.609282718E2,7.345050335E0,1.141605091E1,-4.449000359E0
1.609307153E2,2.884050131E0,6.562950134E0,-6.154050350E0
1.609331589E2,1.279950023E0,7.365000248E0,-3.867000103E0
1.609356026E2,4.213050365E0,9.883950233E0,-4.213950157E0
1.609380460E2,3.883050203E0,6.523950100E0,-5.791950226E0
1.609404896E2,6.430500150E-1,5.671950340E0,-1.500000060E-2
1.609429331E2,5.626050472E0,1.028100014E1,-1.461000085E0
1.609453768E2,5.374050140E0,9.405000687E0,-5.935950279E0
1.609478204E2,1.338000059E0,8.361000061E0,-3.417000055E0
1.609502639E2,3.397050142E0,9.723000526E0,-3.217950106E0
1.609527076E2,2.817000151E0,7.906050205E0,-5.542950153E0
1.609551512E2,3.919050217E0,1.023795033E1,-1.437000036E0
1.609575946E2,9.267000198E0,1.226805019E1,-5.308950424E0
1.609600382E2,4.543950081E0,7.816950321E0,-8.839950562E0
1.609624817E2,2.410500050E-1,8.569050789E0,-7.159500122E-1
1.609649254E2,2.880000114E0,9.129000664E0,1.251000047E0
1.609673690E2,3.286950111E0,6.690000534E0,-2.650950193E0
1.609698125E2,1.912050128E0,5.875050068E0,-9.559500217E-1
1.609722561E2,8.025000572E0,8.041950226E0,-1.210050106E0
1.609746996E2,7.852050304E0,6.685050488E0,-8.091000557E0
1.609771432E2,1.273050070E0,8.569050789E0,-5.208000183E0
1.609795869E2,4.299000263E0,9.735000610E0,-2.605050087E0
1.609820303E2,4.423950195E0,7.659000397E0,-5.320950031E0
1.609844740E2,2.760000229E0,1.042500019E1,-1.003950000E0
1.609869176E2,1.059600067E1,1.077405071E1,-3.601050138E0
1.609893611E2,7.345050335E0,7.570950508E0,-1.122495079E1
1.609918047E2,-6.000000238E-2,9.577050209E0,-5.649000168E0
1.609942484E2,2.331000090E0,9.649050713E0,-1.300950050E0
1.609966919E2,4.591050148E0,5.682000160E0,-5.158050060E0
1.609991355E2,5.209500194E-1,5.671950340E0,-1.303050041E0
1.610015789E2,3.267000198E0,8.011050224E0,3.124950171E0
1.610040226E2,7.174950123E0,7.615950584E0,-3.586950064E0
1.610064663E2,2.365050077E0,6.445050240E0,-2.194050074E0
1.610089097E2,2.583000183E0,8.536050797E0,-1.270500124E-1
1.610113534E2,4.432950020E0,7.249950409E0,-4.293000221E0
1.610137968E2,1.243950009E0,9.192000389E0,-2.361000061E0
1.610162405E2,5.001000404E0,1.146600056E1,-2.482950211E0
1.610186841E2,6.568950176E0,7.039050102E0,-8.160000801E0
1.610211276E2,1.690500081E-1,7.389000416E0,-5.281950474E0
1.610235713E2,5.430000424E-1,7.177950382E0,1.959000111E0
1.610260149E2,5.710050106E0,4.791000366E0,-3.781050205E0
1.610284583E2,2.580000162E0,2.260050058E0,-4.693050385E0
1.610309020E2,4.693950176E0,6.508050442E0,1.035000086E0
1.610333454E2,8.026950836E0,5.326950073E0,-5.392050266E0
1.610357891E2,1.728000045E0,5.734050274E0,-6.694950104E0
1.610382327E2,7.489500642E-1,5.959050179E0,-1.839000106E0
1.610406762E2,3.907050133E0,6.304050446E0,-3.790950298E0
1.610431198E2,2.755050182E0,5.836950302E0,-4.705049992E0
1.610455635E2,6.732000351E0,8.512050629E0,-4.023000240E0
1.610480070E2,8.829000473E0,7.060950279E0,-8.376000404E0
1.610504506E2,1.347000122E0,7.603950500E0,-7.858950138E0
1.610528940E2,-1.177950025E0,8.365950584E0,-1.048950076E0
1.610553377E2,5.323950291E0,6.505050182E0,-1.171050072E0
1.610577813E2,4.375950336E0,2.430000067E0,-3.970050097E0
1.610602248E2,2.712000132E0,6.475950241E0,3.669000149E0
1.610626684E2,9.718050003E0,6.690000534E0,-1.699950099E0
1.610651121E2,5.722050190E0,6.256050110E0,-5.325000286E0
1.610675556E2,1.279950023E0,8.442000389E0,2.710950136E0
1.610699992E2,4.168050289E0,8.932950020E0,-1.605000019E0
1.610724429E2,3.117000103E0,9.057000160E0,-3.205950260E0
1.610748863E2,5.464950085E0,1.400205040E1,-2.320950031E0
1.610773300E2,9.861000061E0,1.365705109E1,-1.024095058E1
1.610797734E2,2.832000017E0,9.706050873E0,-7.147050381E0
1.610822171E2,3.300000131E-1,1.175100040E1,-1.104000092E0
1.610846607E2,2.355000019E0,1.434405041E1,4.530000091E-1
1.610871042E2,3.600000143E0,1.055595016E1,-5.779500008E-1
1.610895478E2,7.849500179E-1,1.071195030E1,-5.940000415E-1
1.610919913E2,6.790500283E-1,1.399905109E1,5.110500455E-1
1.610944350E2,3.150000095E0,1.309200096E1,2.116950035E0
1.610968786E2,2.431950092E0,1.255800056E1,-2.272950172E0
1.610993220E2,2.908050060E0,1.359000111E1,-2.140500098E-1
1.611017656E2,2.856000185E0,1.203405094E1,-3.630000114E0
1.611042091E2,1.888050079E0,1.496700096E1,-2.194050074E0
1.611066528E2,7.560000420E0,1.650600052E1,-6.505950451E0
1.611090964E2,4.596000195E0,1.204605103E1,-1.064805031E1
1.611115399E2,1.831050038E0,1.055400085E1,-5.353950024E0
1.611139835E2,4.387950420E0,1.150200081E1,-3.240000248E0
1.611164272E2,5.077050209E0,8.682000160E0,-6.040950298E0
1.611188706E2,2.386050224E0,4.980000019E0,-2.020950079E0
1.611213142E2,5.892000198E0,8.491950035E0,1.132950068E0
1.611237577E2,6.363000393E0,6.402000427E0,-4.449000359E0
1.611262014E2,2.977950096E0,6.438000202E0,-1.674000025E0
1.611286450E2,5.070000172E0,6.868950367E0,-2.280000150E-1
1.611310885E2,5.257050037E0,6.589050293E0,-5.476050377E0
1.611335321E2,3.255000114E0,8.950050354E0,-4.219050407E0
1.611359758E2,6.093000412E0,1.235700035E1,-3.955950260E0
1.611384193E2,5.473050117E0,6.778050423E0,-8.650950432E0
1.611408629E2,-9.409500360E-1,8.631000519E0,-4.204950333E0
1.611433066E2,2.212050200E0,8.004000664E0,-4.095000029E-2
1.611457499E2,7.825950146E0,3.462000132E0,-6.043950081E0
1.611481936E2,2.772000074E0,4.321950436E0,-5.163000107E0
1.611506371E2,6.624000549E0,7.087050438E0,1.087950110E0
1.611530807E2,8.326950073E0,5.370000362E0,-6.229950428E0
1.611555244E2,-6.900000572E-2,6.571950436E0,-5.352000237E0
1.611579679E2,2.389050007E0,6.619950294E0,1.110000089E-1
1.611604115E2,5.875050068E0,4.389000416E0,-3.415050268E0
1.611628550E2,4.444950104E0,7.141950130E0,-1.578000069E0
1.611652987E2,1.043295002E1,7.501050472E0,-4.459050179E0
1.611677423E2,6.661950111E0,6.313950062E0,-1.184295082E1
1.611701857E2,-1.077000022E0,7.369950294E0,-7.140000343E0
1.611726294E2,9.000000544E-3,7.681050301E0,2.500500083E-1
1.611750728E2,5.274000168E0,5.092950344E0,-4.995000362E0
1.611775165E2,8.830500245E-1,4.195050240E0,-2.185950041E0
1.611799601E2,2.392950058E0,8.227050781E0,3.975000143E0
1.611824036E2,7.570050240E0,6.630000114E0,-4.150050163E0
1.611848472E2,1.879050136E0,6.702000141E0,-1.999950051E0
1.611872909E2,4.519500136E-1,8.899050713E0,2.920050144E0
1.611897344E2,2.149049997E0,6.994050503E0,-7.810500264E-1
1.611921780E2,1.251000047E0,8.920950890E0,-1.693050027E0
1.611946215E2,6.295950413E0,1.182495022E1,-3.553950071E0
1.611970651E2,6.688950539E0,8.136000633E0,-9.195000648E0
1.611995088E2,8.440500498E-1,7.966050148E0,-5.637000084E0
1.612019522E2,9.450000525E-1,8.557050705E0,-8.239500523E-1
1.612043958E2,4.510050297E0,7.492050171E0,-4.027950287E0
1.612068393E2,2.262000084E0,5.791950226E0,-2.854050159E0
1.612092830E2,3.385050058E0,7.990050316E0,1.449000120E0
1.612117266E2,7.780950546E0,8.433000565E0,-4.336950302E0
1.612141703E2,2.914950132E0,6.388050079E0,-5.325000286E0
1.612166138E2,1.957950115E0,7.389000416E0,-2.365950108E0
1.612190574E2,3.765000105E0,6.571950436E0,-3.982050180E0
1.612215008E2,2.425050020E0,6.330000401E0,-2.842050076E0
1.612239444E2,7.033950329E0,9.541050911E0,-9.529500604E-1
1.612263881E2,7.228050232E0,7.065000534E0,-7.483050346E0
1.612288316E2,1.474050045E0,6.484050274E0,-4.903950214E0
1.612312752E2,5.239500403E-1,8.476050377E0,1.417950034E0
1.612337187E2,4.012050152E0,6.330000401E0,-1.083000064E0
1.612361623E2,1.953000069E0,4.326000214E0,-1.501950026E0
1.612386060E2,2.299950123E0,6.928950310E0,4.195950031E0
1.612410494E2,7.966950417E0,7.219050407E0,-1.164000034E0
1.612434930E2,2.662050009E0,5.731950283E0,-4.891950130E0
1.612459365E2,1.254000068E0,8.002050400E0,2.569500208E-1
1.612483801E2,5.662050247E0,7.144050121E0,-4.336950302E0
1.612508238E2,3.349050045E0,8.176050186E0,-6.360000134E0
1.612532673E2,5.659050465E0,1.316400051E1,-4.131000042E0
1.612557109E2,9.508950233E0,1.001295090E1,-1.156500053E1
1.612581546E2,9.070500135E-1,9.646050453E0,-8.167050362E0
1.612605980E2,-1.233000040E0,1.074495029E1,-5.610000491E-1
1.612630416E2,3.021000147E0,7.810050488E0,-2.589000225E0
1.612654851E2,3.520950079E0,5.775000095E0,-5.067000389E0
1.612679287E2,5.092050076E0,7.501050472E0,-1.605000019E0
1.612703724E2,9.435000420E0,8.574000359E0,-5.407050133E0
1.612728159E2,3.828000069E0,7.161000252E0,-7.566000462E0
1.612752595E2,6.580500603E-1,8.956950188E0,-2.809500098E-1
1.612777032E2,5.101050377E0,8.776950836E0,-1.120950103E0
1.612801466E2,3.073050261E0,8.140049934E0,-3.424050093E0
1.612825903E2,6.358050346E0,1.256805038E1,-1.055999994E0
1.612850337E2,1.036395073E1,9.976950645E0,-8.974050522E0
1.612874774E2,1.918950081E0,8.776950836E0,-8.677050591E0
1.612899210E2,-2.419500053E-1,1.049400043E1,-1.629000068E0
1.612923645E2,4.864050388E0,8.512050629E0,-2.224950075E0
1.612948081E2,3.997950077E0,5.794050217E0,-4.090050220E0
1.612972516E2,2.641950130E0,8.559000015E0,1.597950101E0
1.612996953E2,8.322000504E0,8.440050125E0,-3.906000137E0
1.613021389E2,4.933950424E0,7.525050163E0,-8.035950661E0
1.613045824E2,9.070500135E-1,8.785050392E0,-3.373950243E0
1.613070260E2,5.590050220E0,7.450950146E0,-4.234050274E0
1.613094694E2,3.745950222E0,7.774050236E0,-5.317950249E0
1.613119131E2,4.263000011E0,1.110705090E1,-6.829500198E-1
1.613143567E2,1.016805077E1,9.328050613E0,-6.232950211E0
1.613168002E2,3.220050097E0,8.044950485E0,-8.380050659E0
1.613192438E2,-8.350500464E-1,9.196050644E0,-1.675950050E0
1.613216875E2,2.776950121E0,7.867950439E0,-4.960500300E-1
1.613241310E2,2.295000076E0,4.447950363E0,-4.765050411E0
1.613265746E2,2.700000107E-1,5.542950153E0,1.876050115E0
1.613290181E2,6.193050385E0,7.264050484E0,7.930500507E-1
1.613314617E2,5.575050354E0,4.180050373E0,-5.175000191E0
1.613339054E2,1.147950053E0,5.953950405E0,-1.180500090E-1
1.613363488E2,5.431950092E0,6.180000305E0,-1.935000062E0
1.613387925E2,4.282950401E0,4.678050041E0,-5.316000462E0
1.613412359E2,3.574050188E0,9.169950485E0,-1.770000100E0
1.613436796E2,8.314949989E0,7.990050316E0,-5.260950089E0
1.613461232E2,2.346000195E0,6.204000473E0,-8.176950455E0
1.613485667E2,-1.197000027E0,8.325000763E0,-8.050500154E-1
1.613510104E2,3.804000139E0,7.200000286E0,-6.679500341E-1
1.613534540E2,5.044050217E0,3.511950254E0,-6.609000206E0
1.613558974E2,1.147950053E0,6.129000187E0,5.950500369E-1
1.613583410E2,5.668950081E0,8.800950050E0,2.685000181E0
1.613607845E2,5.527950287E0,8.080950737E0,-4.425000191E0
1.613632282E2,1.740000099E-1,9.412050247E0,8.479500413E-1
1.613656718E2,9.229500294E-1,1.120500088E1,1.525950074E0
1.613681152E2,2.218950033E0,8.904000282E0,-4.405950069E0
1.613705589E2,3.325050116E0,1.185600090E1,-1.699950099E0
1.613730023E2,9.106950760E0,1.334100056E1,-7.653000355E0
1.613754460E2,6.028050423E0,8.569050789E0,-9.360000610E0
1.613778896E2,1.213050008E0,9.991050720E0,-4.822950363E0
1.613803331E2,4.455000401E0,1.036005020E1,-2.737050056E0
1.613827768E2,6.081000328E0,6.915000439E0,-6.532050133E0
1.613852202E2,2.674050093E0,6.820950508E0,-2.443050146E0
1.613876639E2,7.378050327E0,1.006800079E1,-1.803000093E0
1.613901075E2,6.274950504E0,8.121000290E0,-8.055000305E0
1.613925512E2,9.520500302E-1,6.799950123E0,-4.341000080E0
1.613949946E2,2.992050171E0,6.571950436E0,-2.289000034E0
1.613974382E2,3.136050224E0,6.262950420E0,-5.232000351E0
1.613998817E2,2.542050123E0,6.304050446E0,-9.649500251E-1
1.614023253E2,6.229050159E0,9.844950676E0,-3.091950178E0
1.614047688E2,5.101050377E0,5.143050194E0,-6.262050152E0
1.614072125E2,-1.441050053E0,7.864950180E0,1.135950089E0
1.614096561E2,6.979500055E-1,7.221000195E0,3.682950258E0
1.614120995E2,5.226000309E0,3.670050144E0,-1.486950040E0
1.614145432E2,1.821000099E0,4.231050014E0,2.430000156E-1
1.614169868E2,4.785000324E0,7.936950207E0,2.515050173E0
1.614194303E2,6.126000404E0,6.808950424E0,-3.148950100E0
1.614218739E2,2.109000206E0,7.257000446E0,-1.558950067E0
1.614243176E2,3.385050058E0,9.534000397E0,-1.818000078E0
1.614267611E2,3.412950277E0,7.810050488E0,-5.728050232E0
1.614292047E2,2.251950026E0,1.014900017E1,-3.858000278E0
1.614316482E2,8.133000374E0,1.371405029E1,-5.476050377E0
1.614340918E2,8.233050346E0,1.146900082E1,-1.159095097E1
1.614365352E2,1.539000034E0,9.361950874E0,-6.393000126E0
1.614389789E2,2.109000206E0,1.186395073E1,-2.476050138E0
1.614414225E2,3.967050076E0,1.066395092E1,-3.657000065E0
1.614438660E2,1.342050076E0,7.741050243E0,-1.257000089E0
1.614463096E2,2.707050085E0,1.090800095E1,1.717950106E0
1.614487533E2,5.614050388E0,1.006305027E1,-5.521950245E0
1.614511968E2,2.299950123E0,9.172050476E0,-5.316000462E0
1.614536404E2,3.519000053E0,8.690999985E0,-2.656050205E0
1.614560841E2,5.070000172E0,8.437050819E0,-6.420000076E0
1.614585275E2,2.974950075E0,9.216000557E0,-4.903950214E0
1.614609712E2,6.919050217E0,1.259595013E1,-4.863000393E0
1.614634146E2,6.181050301E0,7.350000381E0,-1.114800072E1
1.614658582E2,3.540000021E-1,6.733050346E0,-4.618950367E0
1.614683019E2,2.749500275E-1,7.338000298E0,3.003000259E0
1.614707454E2,6.775050163E0,3.145950079E0,-1.981050134E0
1.614731890E2,4.369050026E0,2.059050083E0,-2.317950010E0
1.614756325E2,6.639000416E0,5.920950413E0,4.489950180E0
1.614780762E2,8.544000626E0,5.289000034E0,-3.238050222E0
1.614805198E2,1.831050038E0,5.980950356E0,-3.570000231E-1
1.614829632E2,1.792950034E0,8.851950645E0,3.324000120E0
1.614854068E2,2.470050097E0,7.755000591E0,-8.670000434E-1
1.614878505E2,1.375950098E0,9.103050232E0,-1.779000044E0
1.614902940E2,5.580000401E0,1.146900082E1,-4.897050381E0
1.614927376E2,5.434050083E0,8.844000816E0,-1.108395100E1
1.614951811E2,1.090500057E-1,8.674050331E0,-6.982050419E0
1.614976247E2,-2.659500241E-1,8.277000427E0,-4.909500182E-1
1.615000681E2,2.206950188E0,7.623000145E0,-2.056950092E0
1.615025118E2,8.869500160E-1,4.153950214E0,-2.209950209E0
1.615049555E2,2.350050211E0,6.558000088E0,1.732050061E0
1.615073989E2,8.784000397E0,8.690999985E0,-4.276950359E0
1.615098426E2,3.492000103E0,4.459950447E0,-6.465000153E0
1.615122860E2,3.082950115E0,7.329000473E0,-4.179000378E0
1.615147297E2,3.361050129E0,6.402000427E0,-5.368050098E0
1.615171733E2,1.222950101E0,3.759000063E0,-2.242050171E0
1.615196167E2,4.330049992E0,8.976000786E0,1.924050093E0
1.615220604E2,4.732950211E0,5.068950176E0,-5.446950436E0
1.615245041E2,8.520000577E-1,4.297950268E0,-2.170050144E0
1.615269475E2,1.464000106E0,7.470000267E0,3.274050236E0
1.615293911E2,5.221050262E0,3.637050152E0,-1.480050087E0
1.615318346E2,2.358000040E0,3.879000187E0,-1.696050048E0
1.615342783E2,2.560950041E0,7.852950573E0,3.421950102E0
1.615367219E2,7.297050476E0,6.960000515E0,-3.108000040E0
1.615391654E2,2.416950226E0,6.429000378E0,-7.213950157E0
1.615416090E2,1.204050064E0,8.533050537E0,-3.810000181E0
1.615440525E2,6.226950169E0,4.951050282E0,-7.951950550E0
1.615464961E2,2.923050165E0,6.277950287E0,-7.827000141E0
1.615489398E2,7.491000175E0,9.574950218E0,-3.229950190E0
1.615513832E2,1.104195023E1,7.518000126E0,-9.220950127E0
1.615538269E2,1.708950043E0,6.916950226E0,-5.742000103E0
1.615562705E2,1.759050131E0,1.079295063E1,2.019000053E0
1.615587140E2,5.880000114E0,7.884000301E0,-1.030500084E-1
1.615611576E2,2.880000114E0,7.504050255E0,-1.774950027E0
1.615636011E2,7.530000210E-1,1.168905067E1,3.760050297E0
1.615660448E2,3.777000189E0,1.160700035E1,-5.989500284E-1
1.615684884E2,2.619000196E0,1.107795048E1,-4.686000347E0
1.615709318E2,1.672950029E0,1.255605030E1,1.954950094E0
1.615733755E2,3.081000090E0,1.205805016E1,-1.882050037E0
1.615758191E2,3.061050177E0,1.265895081E1,-2.100000143E0
1.615782626E2,2.880000114E0,1.747800064E1,1.339050055E0
1.615807062E2,7.237050533E0,1.774200058E1,-5.493000031E0
1.615831497E2,2.494050026E0,1.329795074E1,-5.593950272E0
1.615855933E2,1.383000016E0,1.386495113E1,-9.340500236E-1
1.615880370E2,3.406050205E0,1.547400093E1,-4.123050213E0
1.615904805E2,1.930950046E0,1.071195030E1,-7.236000538E0
1.615929241E2,3.799500167E-1,8.503950119E0,-2.574000120E0
1.615953675E2,2.889000177E0,1.179705048E1,-6.396000385E0
1.615978112E2,3.088050127E0,1.014000034E1,-7.633050442E0
1.616002548E2,1.891050100E0,6.703950405E0,-4.333950043E0
1.616026983E2,4.540950298E0,4.579950333E0,-6.223050117E0
1.616051419E2,4.761000156E0,2.361000061E0,-5.935950279E0
1.616075854E2,3.187950134E0,7.807950497E0,-2.167050123E0
1.616100290E2,5.857950211E0,8.822999954E0,-2.368050098E0
1.616124727E2,4.014000416E0,2.413050175E0,-1.648050070E0
1.616149162E2,-3.130500019E-1,7.009950161E0,4.405950069E0
1.616173598E2,4.736999989E0,5.851950169E0,3.643050194E0
1.616198035E2,6.901950359E0,1.312050104E0,-3.364050150E0
1.616222469E2,2.499000072E0,2.787000179E0,-3.979950190E0
1.616246905E2,6.394050121E0,4.954050064E0,6.829500198E-1
1.616271340E2,9.061950684E0,2.257950068E0,-3.907950163E0
1.616295776E2,3.423000097E0,6.057000160E0,-9.472050667E0
1.616320213E2,4.455000401E0,4.546950340E0,-1.006800079E1
1.616344648E2,6.138000488E0,2.017950058E0,-1.134705067E1
1.616369084E2,3.928050280E0,5.026050091E0,-9.778950691E0
1.616393518E2,8.407950401E0,6.651000500E0,-1.024950027E0
1.616417955E2,6.880050182E0,5.476050377E0,3.070500195E-1
1.616442392E2,1.824000120E0,6.475950241E0,1.821000099E0
1.616466826E2,3.205050230E0,9.004950523E0,4.687050343E0
1.616491262E2,5.482050419E0,8.169000626E0,1.009500027E-1
1.616515697E2,2.422049999E0,6.820950508E0,-1.810950041E0
1.616540134E2,2.440950155E0,1.323300076E1,1.749000072E0
1.616564570E2,4.326000214E0,1.246905041E1,-3.913050175E0
1.616589005E2,6.700500250E-1,1.197900105E1,-4.677000046E0
1.616613441E2,2.650050163E0,1.221795082E1,-2.292000055E0
1.616637878E2,6.820500493E-1,1.167900085E1,-7.150050163E0
1.616662313E2,2.460000068E-1,1.076505089E1,-2.536050081E0
1.616686749E2,8.520000577E-1,1.373805046E1,1.780500114E-1
1.616711183E2,2.994000196E0,1.205295086E1,-4.317000389E0
1.616735619E2,1.170000061E-1,1.004595089E1,-4.435050011E0
1.616760056E2,1.335000038E0,1.030500031E1,-1.710000038E0
1.616784491E2,6.045000076E0,1.018995094E1,-6.235050201E0
1.616808927E2,3.355950117E0,9.292050362E0,-9.838950157E0
1.616833364E2,1.756950140E0,9.598950386E0,-1.590000033E0
1.616857799E2,4.957950115E0,1.127700043E1,-1.071000099E0
1.616882235E2,3.739050150E0,9.508050919E0,-2.536050081E0
1.616906669E2,3.150000095E0,6.864000320E0,9.040500522E-1
1.616931106E2,5.743050098E0,9.205950737E0,2.670000196E-1
1.616955540E2,3.892050266E0,5.566950321E0,-4.930050373E0
1.616979977E2,9.210000634E-1,7.312050343E0,1.312950015E0
1.617004413E2,5.166000366E0,9.204000473E0,8.890500665E-1
1.617028848E2,4.536000252E0,7.093950272E0,-2.674950123E0
1.617053285E2,7.440000176E-1,7.999050617E0,8.410500288E-1
1.617077719E2,1.405050039E0,8.635950089E0,2.625000238E0
1.617102156E2,4.915050030E0,7.420050144E0,-6.867000103E0
1.617126592E2,1.807050109E0,5.373000145E0,-7.533000469E0
1.617151026E2,2.680950165E0,7.972950459E0,-1.681050062E0
1.617175462E2,6.760950089E0,8.116950035E0,-4.746000290E0
1.617199899E2,2.463000059E0,6.747000217E0,-3.829050064E0
1.617224334E2,3.889500201E-1,6.241950512E0,2.146050215E0
1.617248770E2,5.250000477E0,7.081950188E0,-2.032950163E0
1.617273205E2,3.655050278E0,3.484050274E0,-6.546000481E0
1.617297642E2,1.419000030E0,5.860950470E0,-2.215050220E0
1.617322078E2,5.395950317E0,7.594950199E0,-3.988950253E0
1.617346512E2,3.978000164E0,4.389000416E0,-8.670000076E0
1.617370949E2,-1.678050041E0,5.952000141E0,-1.144950032E0
1.617395383E2,1.218000054E0,6.250950336E0,3.223950148E0
1.617419819E2,8.688000679E0,3.589050055E0,-4.801050186E0
1.617444256E2,3.622050285E0,5.878050327E0,-4.393949986E0
1.617468691E2,3.406050205E0,9.855000496E0,1.512000084E0
1.617493127E2,8.428950310E0,7.032000542E0,-5.340000153E0
1.617517564E2,1.503000021E0,8.964000702E0,-3.525000095E0
1.617541998E2,7.459500432E-1,1.146900082E1,4.489950180E0
1.617566435E2,6.460950375E0,8.866050720E0,-4.216950417E0
1.617590869E2,4.117050171E0,8.478000641E0,-6.822000504E0
1.617615305E2,3.519000053E0,9.541050911E0,-2.377950191E0
1.617639742E2,6.090000153E0,1.031400013E1,-5.536050320E0
1.617664177E2,4.474050045E0,1.014705086E1,-6.444000244E0
1.617688613E2,2.275950193E0,1.093200016E1,-1.498950124E0
1.617713050E2,5.650050163E0,1.203795052E1,-1.918050051E0
1.617737484E2,7.072050571E0,1.127505016E1,-9.111000061E0
1.617761921E2,3.319950104E0,1.136805058E1,-5.971950054E0
1.617786355E2,2.860050201E0,1.329495049E1,-2.392050028E0
1.617810792E2,4.189050198E0,1.282095051E1,-1.732050061E0
1.617835229E2,1.450050116E0,1.260600090E1,3.460500240E-1
1.617859663E2,1.090500057E-1,1.176105022E1,-5.560500026E-1
1.617884099E2,8.059500456E-1,1.171500015E1,2.721000195E0
1.617908534E2,1.294050097E0,9.946050644E0,8.820000291E-1
1.617932970E2,7.129500508E-1,1.021200085E1,-1.483050108E0
1.617957405E2,2.740950108E0,1.237395096E1,3.442050219E0
1.617981842E2,4.057950020E0,1.117200089E1,1.606950045E0
1.618006278E2,1.512000084E0,1.035300064E1,-2.562000036E0
1.618030713E2,6.840000153E-1,1.257000065E1,1.141050100E0
1.618055149E2,2.889000177E0,1.198095036E1,3.655050278E0
1.618079583E2,4.408950329E0,1.031700039E1,-3.795000076E0
1.618104020E2,5.701950073E0,9.418950081E0,-5.023950100E0
1.618128456E2,7.402050495E0,9.615000725E0,-9.465000153E0
1.618152891E2,1.420950055E0,9.694050789E0,-7.305000305E0
1.618177327E2,-5.269500017E-1,5.779950142E0,9.370500445E-1
1.618201764E2,2.587050200E0,5.550000191E0,-2.059500068E-1
1.618226199E2,3.627000093E0,7.147050381E0,-3.400050163E0
1.618250635E2,1.894950032E0,2.823000193E0,-1.714950085E0
1.618275069E2,6.492000103E0,4.039050102E0,-2.862000227E0
1.618299506E2,8.986950874E0,5.755950451E0,-8.991000175E0
1.618323942E2,2.671050072E0,6.976950169E0,-3.454950094E0
1.618348377E2,8.179500103E-1,8.421000481E0,2.503050089E0
1.618372813E2,4.840050220E0,8.988000870E0,-3.094050169E0
1.618397248E2,4.045950413E0,6.370950222E0,-6.453000069E0
1.618421684E2,-7.159500122E-1,9.370950699E0,-1.324950099E0
1.618446121E2,7.362000465E0,5.727000237E0,-2.388000011E0
1.618470555E2,7.275000572E0,4.954050064E0,-7.698000431E0
1.618494991E2,2.247000217E0,7.927050591E0,-2.416050196E0
1.618519428E2,7.165050507E0,7.858050346E0,-3.360000253E-1
1.618543863E2,7.551000595E0,7.168050289E0,-6.706950188E0
1.618568299E2,2.017950058E0,8.224050522E0,-2.598000050E0
1.618592734E2,5.710500479E-1,1.031700039E1,2.725950241E0
1.618617170E2,3.985950232E0,9.828000069E0,-2.763000250E0
1.618641604E2,2.785950184E0,9.610950470E0,-3.424050093E0
1.618666041E2,1.144050002E0,9.615000725E0,2.151000023E0
1.618690477E2,4.929000378E0,1.035300064E1,-2.131050110E0
1.618714912E2,5.809950352E0,9.946050644E0,-7.411050320E0
1.618739348E2,2.230950117E0,9.979050636E0,-4.759950161E0
1.618763783E2,1.522050023E0,1.173705101E1,-1.945050120E0
1.618788220E2,2.748000145E0,1.201005077E1,-2.979000092E0
1.618812656E2,6.600000262E-1,1.123905087E1,-9.990000725E-1
1.618837091E2,-1.819500029E-1,8.665050507E0,1.876050115E0
1.618861528E2,3.571050167E0,9.381000519E0,-1.696050048E0
1.618885964E2,2.832000017E0,8.350950241E0,-7.120950222E0
1.618910398E2,1.450050116E0,6.723000526E0,-2.413950205E0
1.618934835E2,6.193050385E0,7.140000343E0,-2.209950209E0
1.618959269E2,5.812950134E0,4.639950275E0,-5.079000473E0
1.618983706E2,1.291950107E0,6.081000328E0,1.828050137E0
1.619008142E2,3.849000216E0,7.827000141E0,3.553950071E0
1.619032577E2,6.634050369E0,7.084950447E0,-1.660050035E0
1.619057013E2,2.656950235E0,4.978050232E0,-2.419050217E0
1.619081448E2,5.089499950E-1,6.948000431E0,1.354050040E0
1.619105885E2,2.379000187E0,9.562950134E0,-2.284950018E0
1.619130321E2,1.198950052E0,7.695000172E0,-3.727950096E0
1.619154755E2,-7.440000176E-1,7.300050259E0,8.200500607E-1
1.619179191E2,3.069000244E0,8.518950462E0,-2.350500077E-1
1.619203628E2,7.339950562E0,8.038050652E0,-7.858950138E0
1.619228063E2,1.270950079E0,6.790050507E0,-6.385950089E0
1.619252499E2,2.616000175E0,9.484050751E0,-1.624050021E0
1.619276934E2,6.064050198E0,7.875000477E0,-4.672049999E0
1.619301370E2,7.219500542E-1,7.831950188E0,-4.698000431E0
1.619325807E2,3.060000241E-1,6.541050434E0,1.488000035E0
1.619350241E2,8.494050026E0,5.337000370E0,-2.752050161E0
1.619374677E2,9.853950500E0,4.243050098E0,-1.089705086E1
1.619399112E2,2.367000103E0,5.296050072E0,-4.420050144E0
1.619423548E2,3.430050135E0,8.695950508E0,2.436000109E0
1.619447983E2,5.595000267E0,7.720950603E0,-6.130500436E-1
1.619472420E2,9.660000205E-1,8.880000114E0,9.919500351E-1
1.619496856E2,8.130000234E-1,9.912000656E0,2.923950195E0
1.619521291E2,7.443000317E0,8.176050186E0,-4.993050098E0
1.619545728E2,4.474050045E0,6.876000404E0,-1.026705074E1
1.619570164E2,6.259500384E-1,1.000095081E1,-4.192950249E0
1.619594598E2,4.198950291E0,1.022100067E1,-2.689050198E0
1.619619035E2,3.282000065E0,9.249000549E0,-3.556050062E0
1.619643469E2,-1.480500102E-1,1.052805042E1,1.885050058E0
1.619667906E2,-6.649500132E-1,9.828000069E0,2.653950214E0
1.619692342E2,7.864050388E0,1.035300064E1,-2.208000183E0
1.619716777E2,5.491950035E0,9.598950386E0,-8.464050293E0
1.619741213E2,4.165050030E0,8.988000870E0,-4.341000080E0
1.619765650E2,6.034950256E0,1.016400051E1,-5.785050392E0
1.619790084E2,2.844000101E0,9.685050011E0,-4.483050346E0
1.619814521E2,2.670000196E-1,9.330000877E0,1.186050057E0
1.619838955E2,5.182950020E0,9.313950539E0,-9.900000691E-2
1.619863391E2,8.650050163E0,7.711950302E0,-6.772050381E0
1.619887828E2,5.005950451E0,8.299050331E0,-6.625050545E0
1.619912263E2,6.730050087E0,1.044900036E1,-4.690950394E0
1.619936699E2,6.423000336E0,9.871950150E0,-7.377000332E0
1.619961134E2,9.190500379E-1,8.964000702E0,-1.963950038E0
1.619985570E2,-1.290000081E0,8.944950104E0,6.391050339E0
1.620010005E2,3.700500131E-1,7.525050163E0,2.850000143E0
1.620034442E2,4.941000462E0,4.494000435E0,-5.536050320E0
1.620058878E2,1.924050093E0,6.055050373E0,-4.195050240E0
1.620083312E2,7.824000359E0,6.639000416E0,-3.196950197E0
1.620107749E2,6.361050129E0,6.534000397E0,-5.983950138E0
1.620132183E2,-6.970500350E-1,8.643000603E0,8.389500380E-1
1.620156620E2,-7.800000310E-1,1.012305069E1,5.055000305E0
1.620181056E2,5.130000114E0,8.184000015E0,-2.881050110E0
1.620205491E2,3.163950205E0,6.928950310E0,-6.379050255E0
1.620229927E2,3.499950171E0,8.908950806E0,-3.460050106E0
1.620254364E2,8.793000221E0,7.288050175E0,-8.709000587E0
1.620278799E2,2.865000248E0,6.922050476E0,-7.473000526E0
1.620303235E2,-1.032000065E0,7.783950329E0,2.932050228E0
1.620327669E2,1.924050093E0,7.851000309E0,2.836050034E0
1.620352106E2,6.025950432E0,6.637050152E0,-5.694000244E0
1.620376542E2,2.821950197E0,5.277000427E0,-4.186050415E0
1.620400977E2,5.239950180E0,7.779000282E0,-2.182049990E0
1.620425413E2,8.527950287E0,6.301950455E0,-7.642950535E0
1.620449848E2,1.993950129E0,7.243050575E0,-6.160950184E0
1.620474285E2,7.390500307E-1,7.525050163E0,7.980000377E-1
1.620498719E2,4.678050041E0,8.320050240E0,-1.237950087E0
1.620523156E2,3.712950230E0,6.486000538E0,-5.248950481E0
1.620547592E2,1.960050106E0,7.863000393E0,-3.550500274E-1
1.620572029E2,8.365050316E0,8.389050484E0,-3.493950129E0
1.620596464E2,4.717950344E0,5.971050262E0,-7.945050240E0
1.620620900E2,-2.638050079E0,8.779950142E0,1.593000054E0
1.620645334E2,-1.099500060E-1,6.976950169E0,5.035950184E0
1.620669770E2,5.203950405E0,6.072000504E0,-4.303050041E0
1.620694205E2,3.117000103E0,5.382000446E0,-4.305000305E0
1.620718642E2,2.532000065E0,7.563000202E0,1.717950106E0
1.620743078E2,6.697950363E0,7.549050331E0,-3.144000053E0
1.620767513E2,4.764000416E0,7.282950401E0,-5.521950245E0
1.620791949E2,4.420500100E-1,9.400050163E0,9.199500680E-1
1.620816386E2,2.959050179E0,1.042695045E1,1.519500017E-1
1.620840819E2,4.267950058E0,9.532050133E0,-5.098050117E0
1.620865256E2,2.247000217E0,1.038900089E1,-2.797050238E0
1.620889691E2,7.213050365E0,1.136805058E1,-4.959000111E0
1.620914127E2,5.097000122E0,1.046295071E1,-6.882000446E0
1.620938564E2,-1.905000024E-2,9.819000244E0,-7.090500593E-1
1.620962999E2,1.089000106E0,1.200705051E1,4.464000225E0
1.620987435E2,3.502050161E0,1.171995068E1,-1.909050107E0
1.621011869E2,1.266000032E0,1.009200001E1,-4.279050350E0
1.621036306E2,1.120050073E0,1.101405048E1,7.189500332E-1
1.621060740E2,4.165050030E0,1.020195007E1,-3.063000202E0
1.621085177E2,4.453050137E0,1.063095093E1,-6.625050545E0
1.621109613E2,2.890950203E0,1.025505066E1,-2.838000059E0
1.621134048E2,5.572950363E0,1.042005062E1,-2.622000217E0
1.621158485E2,6.460950375E0,9.663000107E0,-7.171050549E0
1.621182921E2,3.931050301E0,1.020705032E1,-5.206050396E0
1.621207356E2,7.776000500E0,1.011795044E1,-5.989050388E0
1.621231792E2,6.970950127E0,8.044950485E0,-1.006605053E1
1.621256226E2,4.009500146E-1,7.638000488E0,-3.469950199E0
1.621280663E2,-3.160500228E-1,7.975050449E0,3.268950224E0
1.621305099E2,3.004050255E0,5.634000301E0,-2.371050119E0
1.621329534E2,3.387000084E0,4.128000259E0,-4.894050121E0
1.621353970E2,1.510050058E0,6.120000362E0,1.492950082E0
1.621378405E2,7.993950367E0,4.993950367E0,-8.359500170E-1
1.621402841E2,4.351950169E0,5.385000229E0,-5.305950165E0
1.621427278E2,-1.728000045E0,6.751950264E0,2.022000074E0
1.621451712E2,2.009999990E0,8.029950142E0,2.946000099E0
1.621476149E2,6.210000515E0,5.566950321E0,-4.630950451E0
1.621500583E2,2.737950087E0,7.252050400E0,-2.173950195E0
1.621525020E2,8.154000282E0,8.863950729E0,-2.907000065E0
1.621549456E2,6.849000454E0,6.679950237E0,-9.262050629E0
1.621573891E2,-5.530500412E-1,8.023050308E0,-1.783950090E0
1.621598327E2,-1.693050027E0,9.412050247E0,5.398050308E0
1.621622762E2,3.412950277E0,7.285950184E0,-2.277000189E0
1.621647199E2,3.282000065E0,6.649050236E0,-5.962050438E0
1.621671635E2,4.492950439E0,7.567950249E0,-3.682950258E0
1.621696069E2,6.864000320E0,8.299050331E0,-6.664050102E0
1.621720505E2,3.424950123E0,7.666050434E0,-7.186050415E0
1.621744940E2,-1.669500023E-1,8.365950584E0,5.850000381E-1
1.621769377E2,6.150000095E-1,9.844950676E0,2.577000141E0
1.621793813E2,1.620000124E0,1.135605049E1,5.850000381E-1
1.621818248E2,9.190500379E-1,9.511950493E0,-1.236000061E0
1.621842684E2,7.869000435E0,1.173705101E1,-3.573000193E0
1.621867121E2,6.805950165E0,9.424050331E0,-9.999000549E0
1.621891555E2,1.240500063E-1,9.172050476E0,-3.834000111E0
1.621915992E2,3.150000274E-1,1.113105011E1,3.576000214E0
1.621940426E2,1.699050069E0,1.091505051E1,1.485000014E0
1.621964862E2,1.516950130E0,8.039999962E0,-1.911000133E0
1.621989297E2,3.520950079E0,9.891000748E0,7.120500207E-1
1.622013734E2,7.363950253E0,1.008000088E1,-5.095950127E0
1.622038170E2,5.266950130E0,8.811000824E0,-7.657050133E0
1.622062605E2,1.524000049E0,1.124100018E1,-1.897050142E0
1.622087041E2,4.159950256E0,1.086300087E1,-7.470000386E-1
1.622111475E2,5.161050320E0,1.021605015E1,-4.624050140E0
1.622135911E2,4.105050087E0,1.178700066E1,-2.062050104E0
1.622160348E2,1.095300007E1,1.087995052E1,-6.285000324E0
1.622184783E2,6.583050251E0,1.002000046E1,-1.032900047E1
1.622209219E2,2.119500041E-1,9.691950798E0,-3.199050188E0
1.622233656E2,1.084050059E0,8.629050255E0,1.689000130E0
1.622258091E2,3.367950201E0,9.000000000E0,-1.911000133E0
1.622282527E2,1.004999995E0,6.328050137E0,-3.268950224E0
1.622306961E2,1.618050098E0,7.591950417E0,1.339050055E0
1.622331398E2,7.522050381E0,5.935050488E0,-5.791950226E0
1.622355835E2,4.030950069E0,5.770050049E0,-8.521950722E0
1.622380269E2,-5.599500537E-1,7.753050327E0,-1.849500090E-1
1.622404705E2,1.744950056E0,7.765050411E0,1.050000072E0
1.622429142E2,2.856000185E0,6.436050415E0,-2.422950029E0
1.622453576E2,2.173050165E0,6.631950378E0,-1.695000008E-2
1.622478013E2,9.556950569E0,5.836950302E0,-2.140950203E0
1.622502447E2,8.655000687E0,2.068950176E0,-1.084695053E1
1.622526884E2,-4.950000346E-1,5.314950466E0,-4.035000324E0
1.622551318E2,2.331000090E0,5.919000149E0,2.503050089E0
1.622575755E2,7.066950321E0,4.087049961E0,-4.798950195E0
1.622600191E2,1.563000083E0,5.296050072E0,-7.189500332E-1
1.622624626E2,6.700500250E-1,8.940000534E0,5.251950264E0
1.622649062E2,5.527950287E0,7.108950138E0,-3.148950100E0
1.622673497E2,3.030000210E0,7.285950184E0,-6.706950188E0
1.622697933E2,2.389500141E-1,8.005949974E0,-1.801050067E0
1.622722370E2,3.801000118E0,8.977950096E0,-3.702000141E0
1.622746804E2,4.528950214E0,8.218950272E0,-7.701000214E0
1.622771241E2,3.142950058E0,1.030305004E1,-3.178050041E0
1.622795675E2,1.018005085E1,1.009200001E1,-5.943000317E0
1.622820112E2,5.053950310E0,7.843950272E0,-8.670000076E0
1.622844546E2,-7.369500399E-1,9.639000893E0,-4.909500182E-1
1.622868983E2,3.009000063E0,9.613050461E0,8.080500364E-1
1.622893419E2,6.696000099E0,6.661050320E0,-6.997050285E0
1.622917854E2,2.020050049E0,7.333950520E0,-5.143050194E0
1.622942291E2,5.950950146E0,9.100950241E0,-2.658000231E0
1.622966727E2,7.867050171E0,6.904950142E0,-7.612050533E0
1.622991162E2,1.225050092E0,8.124000549E0,-3.838950157E0
1.623015598E2,1.309050083E0,9.775950432E0,2.863950253E0
1.623040035E2,4.045950413E0,8.706000328E0,5.320500135E-1
1.623064469E2,2.568000078E0,8.119050026E0,-1.188000083E0
1.623088906E2,3.888000250E0,9.960000038E0,-1.420500129E-1
1.623113340E2,9.616950035E0,8.962050438E0,-7.450950146E0
1.623137776E2,2.712000132E0,7.201950550E0,-8.050050735E0
1.623162211E2,-1.008000016E0,8.872950554E0,1.858950138E0
1.623186648E2,3.799500167E-1,9.697050095E0,3.978000164E0
1.623211084E2,2.353049994E0,8.428050041E0,-1.744050026E0
1.623235519E2,1.285050035E0,8.797050476E0,-1.207050085E0
1.623259955E2,4.740000248E0,1.092300034E1,1.501950026E0
1.623284390E2,5.812950134E0,1.015200043E1,-4.887000084E0
1.623308826E2,2.167950153E0,8.434950829E0,-3.525000095E0
1.623333263E2,2.772000074E0,1.011300087E1,-2.110050201E0
1.623357697E2,3.382050276E0,9.678000450E0,-2.944950104E0
1.623382133E2,1.705950022E0,9.417000771E0,-3.550950050E0
1.623406568E2,2.527950048E0,1.026195049E1,-4.240500331E-1
1.623431004E2,9.670050621E0,9.784950256E0,-6.685050488E0
1.623455441E2,5.365050316E0,8.260050774E0,-9.412050247E0
1.623479876E2,1.486050129E0,7.906050205E0,-1.126049995E0
1.623504312E2,4.680000305E0,9.141000748E0,-9.510000348E-1
1.623528749E2,4.038000107E0,8.095050812E0,-5.710950375E0
1.623553183E2,6.460500360E-1,6.571950436E0,-1.296000004E0
1.623577620E2,2.733000040E0,9.211050034E0,6.300000101E-2
1.623602054E2,7.531950474E0,5.185950279E0,-9.331050873E0
1.623626490E2,1.681950092E0,7.243050575E0,-5.680050373E0
1.623650925E2,1.797000051E0,8.095050812E0,6.190500259E-1
1.623675361E2,6.994950294E0,6.421050072E0,-2.517000198E0
1.623699798E2,2.905950069E0,7.281000137E0,-2.560050011E0
1.623724233E2,4.819050312E0,9.546000481E0,7.099500299E-1
1.623748669E2,1.233495045E1,7.101000309E0,-8.368950844E0
1.623773104E2,2.563050032E0,7.128000259E0,-1.123395061E1
1.623797540E2,-1.366950035E0,9.247050285E0,1.609500051E-1
1.623821977E2,6.472950459E0,7.414950371E0,-2.356050014E0
1.623846411E2,6.885000229E0,5.559000492E0,-8.233950615E0
1.623870847E2,3.940500319E-1,7.918050289E0,-2.067000151E0
1.623895282E2,5.212050438E0,7.858050346E0,-3.840000033E-1
1.623919719E2,7.489050388E0,6.843000412E0,-7.617000580E0
1.623944155E2,1.450050116E0,7.434000492E0,-2.530950069E0
1.623968590E2,9.430500269E-1,8.695950508E0,4.098000050E0
1.623993026E2,4.714050293E0,8.959050179E0,-2.728050232E0
1.624017460E2,2.973000050E0,8.884950638E0,-3.874050140E0
1.624041897E2,3.331950188E0,1.095900059E1,-1.212000012E0
1.624066334E2,8.001000404E0,1.008705044E1,-7.420050144E0
1.624090768E2,2.251950026E0,9.157950401E0,-6.007950306E0
1.624115204E2,-8.209500313E-1,9.579000473E0,2.770950079E0
1.624139639E2,1.702050090E0,1.109505081E1,3.018000126E0
1.624164075E2,2.865000248E0,9.342000008E0,-3.910050154E0
1.624188512E2,8.470500112E-1,9.019050598E0,-7.759500146E-1
1.624212947E2,4.311000347E0,1.128195095E1,1.399050117E0
1.624237383E2,4.804950237E0,1.013700008E1,-5.272950172E0
1.624261817E2,1.800000072E0,9.799950600E0,-2.806950092E0
1.624286254E2,3.319950104E0,1.142505074E1,3.979500234E-1
1.624310691E2,4.147950172E0,1.122900009E1,-2.968950033E0
1.624335125E2,2.496000051E0,1.165095043E1,-2.649000168E0
1.624359561E2,2.374050140E0,1.168905067E1,-6.469500065E-1
1.624383996E2,6.925950527E0,1.055595016E1,-4.993050098E0
1.624408432E2,3.430050135E0,1.035300064E1,-7.726950169E0
1.624432869E2,4.999500215E-1,9.538950920E0,4.030500054E-1
1.624457304E2,4.672950268E0,9.948000908E0,-1.111050010E0
1.624481740E2,6.538050175E0,9.550950050E0,-7.717050552E0
1.624506177E2,2.307000160E0,8.313000679E0,-3.951000214E0
1.624530611E2,4.599000454E0,9.249000549E0,-2.316000223E0
1.624555047E2,5.367000103E0,8.157000542E0,-6.610950470E0
1.624579482E2,6.840000153E-1,6.523950100E0,-3.337950230E0
1.624603918E2,2.965950251E0,6.586950302E0,1.405950069E0
1.624628353E2,6.591000080E0,6.874050140E0,-5.541000366E0
1.624652790E2,5.206950188E0,4.767000198E0,-7.068000317E0
1.624677226E2,1.885950089E0,6.792000294E0,-1.441950083E0
1.624701660E2,6.921000481E0,6.310950279E0,-2.304000139E0
1.624726096E2,4.426050186E0,5.184000015E0,-5.139000416E0
1.624750533E2,-2.269950151E0,6.370950222E0,8.599500656E-1
1.624774967E2,2.287950039E0,6.172050476E0,4.849050045E0
1.624799404E2,1.051695061E1,2.461050034E0,-6.396000385E0
1.624823839E2,3.295950174E0,3.292050123E0,-9.489000320E0
1.624848275E2,1.105050087E0,6.526950359E0,-3.108000040E0
1.624872709E2,8.077950478E0,3.687000275E0,-5.433000088E0
1.624897146E2,-8.805000782E-2,4.947000027E0,-4.495050430E0
1.624921582E2,-2.823000193E0,6.919050217E0,5.497950077E0
1.624946017E2,2.152050018E0,6.093000412E0,4.597949982E0
1.624970453E2,6.475950241E0,5.533050060E0,-3.400050163E0
1.624994888E2,3.849000216E0,5.071050167E0,-1.755000114E0
1.625019324E2,4.231950283E0,7.944000244E0,-5.749500394E-1
1.625043761E2,4.366050243E0,7.128000259E0,-6.144000053E0
1.625068196E2,1.018950105E0,7.117950439E0,-4.819500148E-1
1.625092632E2,-5.205000192E-2,9.472050667E0,5.539500117E-1
1.625117066E2,1.230000019E0,1.119795036E1,2.103000164E0
1.625141503E2,2.677950144E0,8.348999977E0,-2.683950186E0
1.625165939E2,1.315950036E0,9.318000793E0,-1.600050092E0
1.625190374E2,4.732950211E0,9.440999985E0,-5.356050491E0
1.625214810E2,2.118000031E0,1.060905075E1,-8.662950516E0
1.625239245E2,4.470000267E-1,1.131495094E1,-2.965050220E0
1.625263682E2,2.194950104E0,1.016100025E1,-5.269500017E-1
1.625288118E2,5.176050186E0,9.946050644E0,-7.198050499E0
1.625312553E2,2.479950190E0,1.014195061E1,-8.032950401E0
1.625336989E2,2.467950106E0,9.565050125E0,-1.420500129E-1
1.625361423E2,6.937950134E0,9.826050758E0,-4.140000343E0
1.625385860E2,3.385050058E0,8.265000343E0,-5.074050426E0
1.625410294E2,8.370000124E-1,9.726000786E0,3.492000103E0
1.625434731E2,4.468950272E0,1.072605038E1,1.489950061E0
1.625459167E2,4.966950417E0,8.160000801E0,-6.247050285E0
1.625483604E2,1.749000072E0,8.233950615E0,-2.529000044E0
1.625508038E2,3.306000233E0,1.018005085E1,-1.695000008E-2
1.625532475E2,6.049950123E0,8.368050575E0,-2.863950253E0
1.625556909E2,1.177050114E0,9.072000504E0,-8.100000620E-1
1.625581346E2,1.813950062E0,9.337950706E0,1.653000116E0
1.625605780E2,6.955050468E0,9.370950699E0,-4.006050110E0
1.625630217E2,4.492950439E0,8.155050278E0,-8.548050880E0
1.625654653E2,-6.405000389E-2,9.321000099E0,-2.268000126E0
1.625679088E2,1.989000082E0,1.078095055E1,6.000000052E-3
1.625703524E2,3.852000237E0,1.064505005E1,-2.704050064E0
1.625727959E2,1.125000000E0,1.018995094E1,-1.995000057E-2
1.625752395E2,-2.899500132E-1,9.814050674E0,2.077050209E0
1.625776829E2,5.614050388E0,9.924000740E0,6.070500016E-1
1.625801266E2,3.952050209E0,9.025950432E0,-6.513000488E0
1.625825702E2,2.323950052E0,8.806050301E0,-6.970500350E-1
1.625850137E2,4.825950146E0,1.018005085E1,-2.601000071E0
1.625874574E2,3.844050169E0,1.090095043E1,-3.754950285E0
1.625899010E2,5.260500312E-1,1.037205029E1,5.520000458E-1
1.625923445E2,3.066000223E0,9.782999992E0,1.459050059E0
1.625947881E2,7.630050182E0,9.928950310E0,-6.790950298E0
1.625972315E2,2.985000134E0,8.551950455E0,-8.455050468E0
1.625996752E2,1.342050076E0,7.924950600E0,-2.067000151E0
1.626021186E2,5.701950073E0,1.016805077E1,-3.277950048E0
1.626045623E2,2.937000036E0,8.916000366E0,-4.866000175E0
1.626070059E2,4.639500082E-1,7.774050236E0,1.162050009E0
1.626094494E2,6.205050468E0,9.136950493E0,-5.130000114E-1
1.626118930E2,7.393050194E0,7.441050529E0,-7.969050407E0
1.626143367E2,1.773000121E0,8.341950417E0,-6.714000225E0
1.626167801E2,9.310500622E-1,8.713050842E0,-4.120500088E-1
1.626192238E2,4.414050102E0,8.559000015E0,-1.642950058E0
1.626216672E2,2.347950220E0,8.398950577E0,-2.950050116E0
1.626241109E2,7.290000319E-1,7.791000366E0,1.258050084E0
1.626265545E2,9.078000069E0,7.951050282E0,-2.838000059E0
1.626289980E2,9.772950172E0,6.607950211E0,-1.061700058E1
1.626314416E2,6.840000153E-1,8.686050415E0,-5.890050411E0
1.626338851E2,2.203950167E0,1.147605038E1,9.850500226E-1
1.626363287E2,4.797000408E0,9.129000664E0,-8.740500212E-1
1.626387722E2,1.026000023E0,9.496050835E0,9.405000508E-2
1.626412158E2,-2.920500040E-1,9.784950256E0,3.709950209E0
1.626436595E2,6.864000320E0,8.145000458E0,-3.357000113E0
1.626461029E2,7.809000492E0,8.569050789E0,-1.051905060E1
1.626485465E2,2.926950216E0,8.755949974E0,-6.103950500E0
1.626509902E2,1.050000072E0,9.697050095E0,-1.120950103E0
1.626534337E2,1.963050127E0,1.093905067E1,4.390500188E-1
1.626558773E2,1.381050110E0,1.011795044E1,-1.200000010E-2
1.626583208E2,-8.449500203E-1,8.785050392E0,-8.340000510E-1
1.626607644E2,3.604950190E0,8.599950790E0,3.432000160E0
1.626632078E2,6.076050282E0,7.753050327E0,-5.674950123E0
1.626656515E2,1.681950092E0,6.217950344E0,-3.283050060E0
1.626680952E2,2.662050009E0,8.251049995E0,-1.162050009E0
1.626705386E2,3.457050085E0,8.128950119E0,-3.441000223E0
1.626729822E2,5.640000105E-1,5.464050293E0,2.119500041E-1
1.626754259E2,-7.110000253E-1,3.691950083E0,3.300000191E0
1.626778693E2,2.982000113E0,6.505050182E0,2.955000162E0
1.626803130E2,4.137000084E0,4.072950363E0,-6.067950249E0
1.626827565E2,1.500000119E0,4.414950371E0,-2.632050037E0
1.626852001E2,4.060050011E0,6.960000515E0,-3.343050241E0
1.626876435E2,5.653950214E0,7.336050510E0,-5.433000088E0
1.626900872E2,5.980500579E-1,8.136000633E0,-2.839950085E0
1.626925308E2,-3.919500113E-1,7.245000362E0,9.780000448E-1
1.626949743E2,7.266000271E0,6.214950085E0,-4.296000004E0
1.626974179E2,7.077000141E0,3.763950109E0,-1.138095093E1
1.626998614E2,1.323000073E0,7.072950363E0,-4.746000290E0
1.627023050E2,6.421050072E0,6.438000202E0,-1.924950123E0
1.627047487E2,7.825950146E0,6.249000072E0,-5.746950150E0
1.627071922E2,-5.220000148E-1,8.464050293E0,-9.559500217E-1
1.627096358E2,2.239950180E0,8.554950714E0,3.796050072E0
1.627120792E2,1.134300041E1,6.007050514E0,-6.514950275E0
1.627145229E2,5.203950405E0,6.550950527E0,-1.004205036E1
1.627169665E2,-1.561050057E0,9.715950012E0,-1.573950052E0
1.627194100E2,1.872000098E0,8.803950310E0,1.912050128E0
1.627218536E2,5.020050049E0,8.278950691E0,-1.585050106E0
1.627242971E2,2.056050062E0,9.487950325E0,-6.010500193E-1
1.627267407E2,2.880000114E0,9.835950851E0,1.263000011E0
1.627291844E2,8.020050049E0,8.899050713E0,-7.510950565E0
1.627316278E2,3.022950172E0,8.751000404E0,-7.738950253E0
1.627340714E2,-4.039500058E-1,9.709050179E0,1.210500076E-1
1.627365149E2,3.199500144E-1,1.100205040E1,2.359500080E-1
1.627389585E2,2.282999992E0,1.094400024E1,-3.379500210E-1
1.627414022E2,2.143949986E0,8.743950844E0,3.550500274E-1
1.627438457E2,2.770500183E-1,8.617050171E0,8.700000495E-2
1.627462893E2,2.602050066E0,1.020705032E1,1.969050050E0
1.627487327E2,4.054950237E0,1.109700012E1,-2.220000029E0
1.627511763E2,2.134950161E0,8.919000626E0,-4.614000320E0
1.627536200E2,3.001950026E0,1.176795101E1,1.666950107E0
1.627560635E2,4.323000431E0,1.251195049E1,-2.986050129E0
1.627585071E2,1.362000108E0,1.216305065E1,-1.759950042E0
1.627609506E2,1.869000077E0,1.075995064E1,2.611050129E0
1.627633942E2,6.100050449E0,1.009395027E1,-4.087950230E0
1.627658376E2,4.522050381E0,1.005795002E1,-7.582950592E0
1.627682813E2,1.396950126E0,1.048905087E1,-4.963950157E0
1.627707250E2,5.559000492E0,1.020000076E1,-2.428050041E0
1.627731684E2,5.974950314E0,1.149705029E1,-4.843950272E0
1.627756120E2,8.010000587E-1,1.099005032E1,-1.758000135E0
1.627780555E2,3.307950258E0,9.782999992E0,1.087950110E0
1.627804991E2,8.800950050E0,1.008900070E1,-3.958050251E0
1.627829428E2,5.464950085E0,9.117000580E0,-9.072000504E0
1.627853863E2,1.618050098E0,7.980000496E0,-3.661050081E0
1.627878299E2,4.381050110E0,9.436050415E0,-1.498950124E0
1.627902733E2,5.844000340E0,9.085950851E0,-5.191050053E0
1.627927171E2,2.427000046E0,8.204999924E0,-2.533950090E0
1.627951607E2,3.175950050E0,8.197950363E0,-1.078050017E0
1.627976041E2,7.369050503E0,7.510950565E0,-6.046050072E0
1.628000477E2,4.363950253E0,6.679950237E0,-8.995950699E0
1.628024912E2,-9.379500151E-1,6.526950359E0,-1.189950109E0
1.628049348E2,1.855050087E0,6.928950310E0,3.214050055E0
1.628073785E2,6.502050400E0,5.149950027E0,-2.716050148E0
1.628098220E2,6.259500384E-1,4.800000191E0,-1.401000023E0
1.628122656E2,1.144050002E0,5.334000111E0,3.351000071E0
1.628147090E2,9.955050468E0,4.879050255E0,-2.208000183E0
1.628171527E2,5.992050171E0,3.678000212E0,-8.839950562E0
1.628195963E2,-1.477050066E0,5.658000469E0,-7.090500593E-1
1.628220398E2,-1.570050120E0,6.084000111E0,4.420950413E0
1.628244834E2,4.014000416E0,5.241000175E0,6.859500408E-1
1.628269269E2,2.985000134E0,5.563950062E0,-1.516050100E0
1.628293705E2,1.596000075E0,6.297000408E0,8.719500303E-1
1.628318142E2,7.279950142E0,6.141000271E0,-5.458950043E0
1.628342577E2,5.475000381E0,5.350950241E0,-1.090395069E1
1.628367013E2,-7.230000496E-1,6.936000347E0,-4.873050213E0
1.628391447E2,1.395000052E-2,7.621050358E0,3.619500101E-1
1.628415883E2,3.253050089E0,7.630050182E0,-2.388000011E0
1.628440318E2,3.679500222E-1,7.104000568E0,-6.730500460E-1
1.628464754E2,-3.810000122E-1,6.402000427E0,3.420000076E0
1.628489191E2,6.880050182E0,6.754050255E0,-3.502950191E0
1.628513626E2,8.056050301E0,7.165950298E0,-1.222095013E1
1.628538062E2,2.269500047E-1,7.113000393E0,-6.445950508E0
1.628562499E2,-3.850500286E-1,7.417050362E0,1.276950002E0
1.628586933E2,1.873950124E0,9.309000015E0,1.720050097E0
1.628611369E2,1.222950101E0,7.575000286E0,3.600000143E-1
1.628635804E2,-2.659500241E-1,7.257000446E0,1.380000114E0
1.628660240E2,5.716950417E0,7.717050552E0,1.099950075E0
1.628684675E2,8.656949997E0,6.594000340E0,-9.367050171E0
1.628709111E2,2.689950228E0,6.466950417E0,-6.700050354E0
1.628733548E2,1.897950053E0,1.024500084E1,-8.959500194E-1
1.628757983E2,4.014000416E0,1.059705067E1,-7.930500507E-1
1.628782419E2,1.816050053E0,1.132005024E1,3.030000031E-1
1.628806856E2,-3.690000176E-1,1.178895092E1,1.845000029E0
1.628831290E2,7.170000076E-1,1.066395092E1,1.461000085E0
1.628855726E2,7.024050236E0,1.261995029E1,-2.590950012E0
1.628880161E2,3.354000092E0,1.130805016E1,-6.211050510E0
1.628904597E2,1.732950091E0,1.047300053E1,3.000000026E-3
1.628929032E2,2.212050200E0,1.215105057E1,-8.170500398E-1
1.628953469E2,3.009000063E0,1.270605087E1,-2.148000002E0
1.628977905E2,2.109000206E0,1.258695030E1,-3.240000010E-1
1.629002340E2,4.150950432E0,1.130595016E1,-4.510500133E-1
1.629026776E2,5.937000275E0,1.216500092E1,-6.070050240E0
1.629051211E2,3.639000177E0,1.275195026E1,-7.818000317E0
1.629075647E2,1.941000104E0,1.273995018E1,-2.875950098E0
1.629100081E2,3.343950272E0,1.326705074E1,-1.462950110E0
1.629124518E2,2.461050034E0,1.283100033E1,-1.380000114E0
1.629148954E2,1.038000107E0,9.429000854E0,-3.570000231E-1
1.629173389E2,2.449050188E0,6.951000214E0,2.620500028E-1
1.629197825E2,6.399000168E0,9.295050621E0,-3.586950064E0
1.629222262E2,4.038000107E0,7.255050182E0,-7.416000366E0
1.629246697E2,1.239000082E0,5.980950356E0,-1.501950026E0
1.629271133E2,3.265050173E0,8.728950500E0,1.360950112E0
1.629295567E2,2.479950190E0,1.000305080E1,1.405950069E0
1.629320004E2,7.459500432E-1,6.595950127E0,7.050000429E-1
1.629344438E2,1.999500096E-1,8.521050453E0,4.330049992E0
1.629368875E2,5.353050232E0,6.868950367E0,-1.120950103E0
1.629393311E2,6.181050301E0,6.328050137E0,-7.039950371E0
1.629417746E2,1.690050125E0,7.200000286E0,-5.461950302E0
1.629442182E2,3.109050035E0,8.281949997E0,-3.348000050E0
1.629466619E2,6.355950356E0,9.487950325E0,-2.488050222E0
1.629491054E2,1.596000075E0,9.883950233E0,-1.054050088E0
1.629515490E2,4.729500115E-1,1.053000069E1,2.626950026E0
1.629539924E2,5.379000187E0,1.022400093E1,-2.833050251E0
1.629564361E2,7.821000576E0,1.077195072E1,-1.134705067E1
1.629588795E2,1.636950135E0,1.043700027E1,-7.605000496E0
1.629613232E2,1.360500008E-1,1.022595024E1,-6.520500183E-1
1.629637668E2,2.379000187E0,1.098300076E1,-1.576050043E0
1.629662103E2,2.815050125E0,1.114305019E1,-1.771950126E0
1.629686539E2,2.914950132E0,8.860950470E0,-9.600000083E-2
1.629710974E2,6.387000084E0,8.434950829E0,-2.962050200E0
1.629735410E2,6.937950134E0,9.679950714E0,-6.985050201E0
1.629759844E2,1.567050099E0,1.015395069E1,-4.602000237E0
1.629784281E2,1.318050027E0,9.610950470E0,1.318050027E0
1.629808718E2,4.780950069E0,1.315905094E1,2.316000223E0
1.629833152E2,2.587050200E0,1.261095047E1,4.489500225E-1
1.629857589E2,5.520000458E-1,1.081695080E1,1.396950126E0
1.629882023E2,3.424950123E0,1.108305073E1,-6.850500107E-1
1.629906460E2,7.098000526E0,1.032405090E1,-8.029050827E0
1.629930896E2,2.544000149E0,9.895050049E0,-1.061400032E1
1.629955330E2,-6.340500116E-1,8.587950706E0,-2.388000011E0
1.629979767E2,1.519500017E-1,9.022050858E0,2.953050137E0
1.630004201E2,2.020050049E0,1.182795048E1,2.383050203E0
1.630028638E2,1.800000072E0,8.397000313E0,-1.344000101E0
1.630053074E2,1.192050099E0,7.513050556E0,-2.400000095E-1
1.630077509E2,3.255000114E0,1.012800026E1,1.867950082E0
1.630101945E2,4.060050011E0,1.010100079E1,-2.325000048E0
1.630126382E2,1.857000113E0,6.475950241E0,-2.871000051E0
1.630150816E2,2.130000114E0,9.802050591E0,7.720500231E-1
1.630175253E2,3.808050156E0,1.353195095E1,2.653950214E0
1.630199687E2,2.482050180E0,1.103505039E1,8.290500641E-1
1.630224124E2,3.510000110E-1,1.001295090E1,-1.027950048E0
1.630248558E2,3.540000021E-1,1.190205097E1,1.560000062E0
1.630272995E2,2.901000023E0,1.238805103E1,3.046050072E0
1.630297431E2,3.733950138E0,9.819000244E0,-4.210050106E0
1.630321866E2,2.869950056E0,8.515950203E0,-3.642000198E0
1.630346302E2,6.331950188E0,9.666000366E0,-7.351050377E0
1.630370737E2,3.433050156E0,1.092300034E1,-7.879950523E0
1.630395173E2,7.699500322E-1,8.638050079E0,-3.574950218E0
1.630419608E2,4.213050365E0,8.491950035E0,-2.308950186E0
1.630444045E2,7.741950512E0,8.947050095E0,-5.974050522E0
1.630468481E2,3.361050129E0,7.188000202E0,-6.487050533E0
1.630492915E2,2.110949993E0,6.120000362E0,-9.250500202E-1
1.630517352E2,5.283000469E0,8.398950577E0,-2.230500132E-1
1.630541786E2,3.186000109E0,8.334000587E0,-2.883000135E0
1.630566223E2,5.879999995E-1,4.210950375E0,5.830500126E-1
1.630590659E2,5.380499959E-1,6.286950111E0,2.335050106E0
1.630615094E2,6.568950176E0,6.294000149E0,-4.903950214E0
1.630639530E2,4.831050396E0,5.397000313E0,-7.951950550E0
1.630663965E2,-1.744950056E0,6.184050083E0,-6.640500426E-1
1.630688402E2,3.180000186E-1,5.578950405E0,2.524050236E0
1.630712838E2,5.190000057E0,5.703000069E0,-8.839500546E-1
1.630737272E2,1.776000142E0,5.635950089E0,-1.285950065E0
1.630761709E2,5.070000291E-1,4.741050243E0,1.363050103E0
1.630786145E2,8.001000404E0,4.522950172E0,-4.518000126E0
1.630810580E2,7.644000530E0,3.583950281E0,-1.122000027E1
1.630835016E2,-1.395000052E-2,4.705049992E0,-5.907000065E0
1.630859451E2,1.026000023E0,6.064950466E0,5.230500102E-1
1.630883887E2,4.702050209E0,6.244050503E0,-7.330500484E-1
1.630908322E2,3.136050224E0,6.417000294E0,-2.566950083E0
1.630932759E2,1.600500047E-1,5.452050209E0,-1.180500090E-1
1.630957195E2,5.547000408E0,5.686050415E0,-3.877050161E0
1.630981629E2,1.096500015E1,6.199050426E0,-1.226205063E1
1.631006065E2,2.752950191E0,5.332050323E0,-1.152900028E1
1.631030500E2,-1.771950126E0,5.562000275E0,-2.400000095E-1
1.631054936E2,7.729500532E-1,7.438950539E0,4.018949986E0
1.631079371E2,4.170000076E0,6.799950123E0,-2.470500171E-1
1.631103808E2,2.215950012E0,6.961950302E0,-6.880500317E-1
1.631128244E2,5.701950073E0,8.623950005E0,-4.120500088E-1
1.631152679E2,9.652950287E0,8.076000214E0,-7.023000240E0
1.631177115E2,3.729000092E0,9.325950623E0,-5.620050430E0
1.631201552E2,-1.030500084E-1,1.164300060E1,2.316000223E0
1.631225986E2,7.870500088E-1,1.230405045E1,2.689950228E0
1.631250422E2,2.185050011E0,1.258905029E1,-5.200500488E-1
1.631274857E2,2.860050201E0,1.176795101E1,9.180000424E-1
1.631299293E2,2.206950188E0,9.019050598E0,1.473000050E0
1.631323728E2,3.172050238E0,1.042695045E1,-1.059000015E0
1.631348165E2,5.856000423E0,1.447800064E1,-9.319050789E0
1.631372601E2,4.291950226E0,1.202595043E1,-8.203050613E0
1.631397036E2,1.102950096E0,1.142805099E1,-3.823950291E0
1.631421472E2,3.021000147E0,1.448295116E1,9.970500469E-1
1.631445909E2,2.908050060E0,1.643895149E1,-2.689500153E-1
1.631470343E2,9.070500135E-1,1.381005096E1,-1.657050133E0
1.631494779E2,1.291950107E0,1.079100037E1,2.629950047E0
1.631519214E2,3.964050293E0,1.224000072E1,-2.416050196E0
1.631543650E2,3.981000185E0,1.133700085E1,-7.396050453E0
1.631568085E2,2.353049994E0,7.420050144E0,-2.818950176E0
1.631592521E2,1.924050093E0,7.183050156E0,2.639999986E-1
1.631616958E2,2.937000036E0,1.117395020E1,1.203000069E0
1.631641393E2,9.709500670E-1,6.666000366E0,1.900050044E0
1.631665829E2,-2.059500068E-1,3.667950153E0,-5.295000225E-2
1.631690263E2,-1.410000026E-1,1.003005028E1,2.833050251E0
1.631714700E2,2.188050032E0,8.851950645E0,2.548050165E0
1.631739134E2,3.424950123E0,5.830050468E0,1.429950118E0
1.631763570E2,4.903050423E0,6.934050560E0,8.440500498E-1
1.631788007E2,8.101050377E0,1.041495037E1,-1.879950047E0
1.631812442E2,5.014950275E0,9.205950737E0,-2.356050014E0
1.631836878E2,2.152050018E0,9.895050049E0,-5.779500008E-1
1.631861315E2,4.612950325E0,8.775000572E0,-7.327050209E0
1.631885750E2,8.836950302E0,8.461050034E0,-1.217295074E1
1.631910186E2,3.052050114E0,8.296050072E0,-1.192605019E1
1.631934620E2,-5.770500302E-1,7.690050602E0,-2.076000214E0
1.631959057E2,1.567050099E0,8.776950836E0,3.079950094E0
1.631983491E2,3.832050085E0,1.154295063E1,2.149049997E0
1.632007927E2,2.470050097E0,7.807950497E0,1.195950031E0
1.632032364E2,1.357050061E0,7.959000587E0,8.440500498E-1
1.632056799E2,6.307950497E0,8.631000519E0,-2.710950136E0
1.632081235E2,7.773000240E0,9.450000763E0,-9.805050850E0
1.632105670E2,1.668000102E0,8.848950386E0,-7.138050556E0
1.632130106E2,-4.860000312E-1,7.389000416E0,3.619500101E-1
1.632154543E2,2.070000172E0,1.089600086E1,1.215000033E0
1.632178977E2,2.547000170E0,1.037205029E1,-1.461000085E0
1.632203413E2,1.761000037E0,7.366950512E0,-2.284950018E0
1.632227848E2,3.496950150E0,7.506000519E0,-3.355050087E0
1.632252284E2,8.128050804E0,8.313000679E0,-7.837050438E0
1.632276721E2,3.997950077E0,8.171999931E0,-9.834000587E0
1.632301156E2,-3.349500299E-1,7.252050400E0,-2.308950186E0
1.632325592E2,3.390000165E-1,8.619000435E0,3.430050135E0
1.632350026E2,5.017950058E0,8.892000198E0,1.710000038E0
1.632374463E2,4.807050228E0,7.401000500E0,-1.152000070E0
1.632398897E2,3.397050142E0,7.714050293E0,-1.429950118E0
1.632423333E2,5.880000114E0,9.079050064E0,-3.253950119E0
1.632447770E2,6.751050472E0,1.007700062E1,-7.212000370E0
1.632472205E2,1.764000058E0,9.133950233E0,-4.777050018E0
1.632496641E2,-4.210500121E-1,8.956950188E0,2.484000206E0
1.632521078E2,-7.905000448E-2,1.083195019E1,1.051950097E0
1.632545512E2,8.869500160E-1,1.208400059E1,-4.950000439E-3
1.632569949E2,1.951050043E0,9.670050621E0,1.363050103E0
1.632594383E2,2.282999992E0,8.317950249E0,6.040500402E-1
1.632618820E2,4.201050282E0,9.535950661E0,-3.754950285E0
1.632643254E2,4.471950054E0,1.052805042E1,-7.750950336E0
1.632667690E2,1.390050054E0,8.752950668E0,-4.636050224E0
1.632692125E2,2.980500162E-1,7.846050262E0,1.207950115E0
1.632716562E2,1.881000042E0,1.223505020E1,1.993050098E0
1.632740998E2,2.520000219E0,1.148295021E1,1.581000090E0
1.632765433E2,1.438050032E0,6.811950207E0,-3.240000010E-1
1.632789869E2,1.942950130E0,8.854050636E0,1.087950110E0
1.632814303E2,5.137050152E0,1.099905014E1,1.618950129E0
1.632838740E2,2.686050177E0,8.538000107E0,-3.087000132E0
1.632863176E2,9.979500771E-1,5.689050198E0,4.440000355E-1
1.632887611E2,8.400000334E-1,8.052000046E0,1.890000105E0
1.632912047E2,6.360000372E-1,1.201695061E1,5.010000467E-1
1.632936482E2,1.120500043E-1,7.420050144E0,-1.267050028E0
1.632960919E2,1.950000064E-3,6.961950302E0,-1.780500114E-1
1.632985355E2,3.259950161E0,8.334000587E0,-2.992950201E0
1.633009789E2,3.531000137E0,7.942050457E0,-7.018050194E0
1.633034225E2,4.200000316E-2,7.554000378E0,-4.032000065E0
1.633058660E2,-1.105949998E0,7.437000275E0,1.942950130E0
1.633083096E2,-2.059500068E-1,8.595000267E0,2.802000046E0
1.633107531E2,2.986950159E0,7.968000412E0,-5.130000114E-1
1.633131968E2,1.921950102E0,5.221950054E0,-1.284000039E0
1.633156404E2,3.784950256E0,6.808950424E0,-1.005000062E-2
1.633180839E2,8.464950562E0,8.173950195E0,-4.444050312E0
1.633205275E2,5.065050125E0,7.201950550E0,-8.641050339E0
1.633229711E2,-3.780000210E-1,7.309950352E0,-1.927950144E0
1.633254146E2,-3.570000231E-1,9.223050117E0,2.527050018E0
1.633278582E2,3.724950075E0,9.625050545E0,-8.410500288E-1
1.633303017E2,4.251000404E0,8.698050499E0,-5.682000160E0
1.633327453E2,2.331000090E0,8.277000427E0,-3.724050283E0
1.633351888E2,8.911050797E0,8.119050026E0,-6.553950310E0
1.633376325E2,1.059600067E1,8.023050308E0,-1.248000050E1
1.633400761E2,2.820000172E0,7.960950375E0,-9.958050728E0
1.633425195E2,-4.909500182E-1,9.180000305E0,-6.490500569E-1
1.633449632E2,5.133000374E0,9.583950043E0,2.694000244E0
1.633474069E2,8.154000282E0,9.274950027E0,-2.239050150E0
1.633498503E2,2.221050024E0,9.028950691E0,-2.617050171E0
1.633522939E2,1.816050053E0,8.179050446E0,-6.130500436E-1
1.633547374E2,9.241050720E0,8.698050499E0,-4.231050014E0
1.633571810E2,6.789000511E0,8.458950043E0,-9.645000458E0
1.633596245E2,-3.469500244E-1,8.920950890E0,-2.188950062E0
1.633620681E2,-1.645050049E0,8.854050636E0,4.276950359E0
1.633645118E2,4.969500303E-1,1.010100079E1,-1.300500035E-1
1.633669552E2,2.227950096E0,1.168395042E1,7.530000210E-1
1.633693988E2,2.182950020E0,1.017795086E1,1.114050031E0
1.633718423E2,1.516950130E0,1.021605015E1,-2.730000019E-1
1.633742859E2,7.165050507E0,1.189500046E1,-1.345950007E0
1.633767294E2,5.113050461E0,9.634950638E0,-7.746000290E0
1.633791730E2,1.500000119E0,7.342950344E0,-3.975000143E0
1.633816167E2,7.080000043E-1,7.602000237E0,-1.150050044E0
1.633840602E2,3.801000118E0,1.222995090E1,6.450000405E-1
1.633865038E2,2.121000051E0,8.866050720E0,-2.539499998E-1
1.633889472E2,1.030950069E0,6.322950363E0,5.595000088E-2
1.633913909E2,3.283950090E0,9.189000130E0,2.934000254E0
1.633938345E2,8.122950554E0,1.100205040E1,-3.628050089E0
1.633962780E2,4.639050007E0,7.237950325E0,-6.163050175E0
1.633987216E2,9.900000691E-1,5.539950371E0,-7.260000110E-1
1.634011651E2,1.836000085E0,7.537050247E0,1.453950047E0
1.634036087E2,9.229500294E-1,1.049400043E1,1.708050132E0
1.634060524E2,3.889500201E-1,5.458950043E0,9.780000448E-1
1.634084958E2,2.790000141E-1,4.798050404E0,-4.170000255E-1
1.634109395E2,4.477050304E0,8.260050774E0,-3.139050245E0
1.634133829E2,6.286950111E0,6.370950222E0,-8.191050529E0
1.634158266E2,2.362050056E0,5.983050346E0,-7.225950241E0
1.634182702E2,-8.070000410E-1,7.216050148E0,3.270000219E-1
1.634207137E2,6.979500055E-1,8.835000038E0,4.926000118E0
1.634231573E2,3.768000126E0,7.575000286E0,-5.850000381E-1
1.634256008E2,2.520000219E0,5.530950069E0,-1.969500035E-1
1.634280444E2,1.570050120E0,6.165000439E0,1.978950143E0
1.634304878E2,6.580950260E0,7.309950352E0,-2.605050087E0
1.634329315E2,6.078000069E0,8.167050362E0,-7.995000362E0
1.634353751E2,4.420500100E-1,7.305000305E0,-1.360050082E0
1.634378186E2,-6.300000548E-1,9.184050560E0,2.955000162E0
1.634402622E2,3.390000165E-1,1.201005077E1,1.069050074E0
1.634427057E2,1.764000058E0,1.327395058E1,-2.205000073E-2
1.634451493E2,3.313050270E0,1.120800018E1,-6.040500402E-1
1.634475930E2,2.845950127E0,1.026900005E1,-2.944950104E0
1.634500364E2,4.572000027E0,1.155195045E1,-5.695950508E0
1.634524800E2,3.631050110E0,1.278795052E1,-9.337950706E0
1.634549235E2,1.948050141E0,1.007700062E1,-4.380000114E0
1.634573671E2,1.084050059E0,1.097505093E1,4.290000200E-1
1.634598108E2,3.382050276E0,1.387200069E1,6.859500408E-1
1.634622543E2,4.242000103E0,1.311105061E1,-4.480050087E0
1.634646979E2,2.925000191E0,1.019700050E1,-3.853050232E0
1.634671414E2,3.045000076E0,1.124595070E1,-1.630950093E0
1.634695850E2,6.610050201E0,1.342500019E1,-5.668050289E0
1.634720284E2,5.544000149E0,1.126995087E1,-8.550000191E0
1.634744721E2,1.903050065E0,9.223050117E0,-1.617000103E0
1.634769157E2,1.966950059E0,9.460050583E0,2.914950132E0
1.634793592E2,2.863050222E0,1.418400097E1,1.710000038E0
1.634818028E2,2.038950205E0,1.061100006E1,-6.730500460E-1
1.634842463E2,2.202000141E0,7.554000378E0,-1.339050055E0
1.634866900E2,4.749000072E0,9.199050903E0,-4.075950146E0
1.634891336E2,7.006950378E0,9.259050369E0,-9.043950081E0
1.634915771E2,2.764950037E0,8.385000229E0,-8.196000099E0
1.634940207E2,-7.905000448E-2,8.440050125E0,1.500000060E-2
1.634964641E2,6.960000396E-1,1.060200024E1,4.869000435E0
1.634989077E2,3.873000145E0,1.078395081E1,1.363050103E0
1.635013512E2,3.988050222E0,7.779000282E0,-1.911000133E0
1.635037949E2,3.366000175E0,6.778050423E0,-2.040000200E0
1.635062385E2,7.945950508E0,8.647950172E0,-5.002050400E0
1.635086820E2,7.560000420E0,8.622000694E0,-1.071495056E1
1.635111256E2,9.469500184E-1,8.527950287E0,-5.365950108E0
1.635135693E2,7.605000585E-2,8.631000519E0,2.782950163E0
1.635160127E2,1.134000063E0,1.284300041E1,3.975000143E0
1.635184564E2,2.536950111E0,1.303905106E1,1.381950021E0
1.635208998E2,2.437050104E0,1.122195053E1,5.730000138E-1
1.635233435E2,3.910950184E0,1.006800079E1,-4.120500088E-1
1.635257869E2,5.086950302E0,1.111905098E1,-6.664050102E0
1.635282305E2,6.423000336E0,1.130100060E1,-9.496050835E0
1.635306742E2,2.578050137E0,9.469050407E0,-5.464050293E0
1.635331177E2,5.590500236E-1,9.805050850E0,1.741950035E0
1.635355613E2,1.024049997E0,1.394895077E1,1.636050105E0
1.635380048E2,3.150000095E0,1.510305119E1,1.738950133E0
1.635404484E2,3.712950230E0,9.922050476E0,-6.250500083E-1
1.635428918E2,2.572950125E0,7.342950344E0,-1.795950055E0
1.635453355E2,6.907050133E0,1.009395027E1,-7.308000565E0
1.635477791E2,5.362050056E0,8.703000069E0,-1.084695053E1
1.635502226E2,1.522050023E0,4.290000439E0,-6.076950073E0
1.635526662E2,7.369500399E-1,2.988000154E0,1.681950092E0
1.635551099E2,3.208050251E0,1.021200085E1,1.963950038E0
1.635575534E2,1.426050067E0,7.912950516E0,-1.590000093E-1
1.635599970E2,1.432950020E0,2.449050188E0,2.263950109E0
1.635624405E2,2.704950094E0,3.715950251E0,3.882000208E0
1.635648841E2,6.136050224E0,6.157950401E0,-2.821050167E0
1.635673275E2,4.654050350E0,4.786050320E0,-5.503050327E0
1.635697711E2,4.905000329E-2,1.884000063E0,-2.212949991E0
1.635722148E2,-8.310000300E-1,2.908950090E0,3.051000118E0
1.635746583E2,3.648000240E0,4.822050095E0,1.021050096E0
1.635771019E2,3.729000092E0,3.979050159E0,-1.447050095E0
1.635795454E2,1.081050038E0,3.955050230E0,1.350000054E-1
1.635819890E2,2.724000216E0,5.788950443E0,-7.639500499E-1
1.635844327E2,7.113000393E0,7.615950584E0,-4.866000175E0
1.635868761E2,4.960050106E0,9.097949982E0,-6.931950092E0
1.635893198E2,2.820000052E-1,7.449000359E0,-9.030000567E-1
1.635917632E2,-1.219500080E-1,6.247050285E0,3.385950089E0
1.635942068E2,2.770500183E-1,1.175295067E1,3.960000277E-1
1.635966503E2,3.064050198E0,1.127700043E1,8.890500665E-1
1.635990939E2,3.265050173E0,6.843000412E0,-2.421000004E0
1.636015376E2,2.974950075E0,8.928000450E0,-2.740050077E0
1.636039811E2,7.864050388E0,1.347705078E1,-8.400000572E0
1.636064247E2,6.337050438E0,1.044600010E1,-1.007295036E1
1.636088682E2,9.070500135E-1,8.743950844E0,-3.396000147E0
1.636113118E2,1.435950041E0,9.637050629E0,1.741950035E0
1.636137555E2,2.009999990E0,1.489995098E1,2.971950054E0
1.636161989E2,1.522050023E0,1.062105083E1,9.109500647E-1
1.636186425E2,-1.410000026E-1,6.852000237E0,-1.518000126E0
1.636210860E2,1.789950132E0,9.478950500E0,1.387050033E0
1.636235296E2,4.812000275E0,1.384605026E1,-6.538950443E0
1.636259731E2,5.302950382E0,1.255605030E1,-7.843950272E0
1.636284168E2,2.221050024E0,9.316050529E0,-2.526000023E0
1.636308604E2,1.125000000E0,9.994050026E0,1.804050088E0
1.636333038E2,8.200500607E-1,1.557495117E1,3.124950171E0
1.636357475E2,7.800000310E-1,1.315905094E1,2.029050112E0
1.636381909E2,6.120000482E-1,8.077950478E0,8.940000534E-1
1.636406346E2,2.499000072E0,9.397050858E0,1.284000039E0
1.636430780E2,7.072050571E0,1.171005058E1,-6.325950146E0
1.636455217E2,6.928050518E0,1.028295040E1,-1.180905056E1
1.636479653E2,2.386050224E0,9.639000893E0,-6.301950455E0
1.636504088E2,4.279500246E-1,1.131495094E1,1.284000039E0
1.636528524E2,2.997000217E0,1.466505051E1,1.758000135E0
1.636552961E2,3.190950155E0,1.135605049E1,-1.771950126E0
1.636577395E2,1.824000120E0,4.762050152E0,-1.842000127E0
1.636601832E2,2.125050068E0,4.365000248E0,-2.866050243E0
1.636626266E2,7.455000401E0,7.471950531E0,-8.767950058E0
1.636650702E2,7.591050148E0,3.175050259E0,-1.380405045E1
1.636675137E2,1.972050071E0,4.189500213E-1,-7.846950531E0
1.636699573E2,6.619500518E-1,4.444050312E0,3.151950121E0
1.636724010E2,-4.380000234E-1,8.014050484E0,3.279000044E0
1.636748445E2,1.570050120E0,2.452050209E0,7.069500089E-1
1.636772881E2,2.206950188E0,1.189950109E0,5.292000294E0
1.636797318E2,-2.220000178E-1,2.397000074E0,1.963950038E0
1.636821752E2,6.303000450E0,3.436050177E0,-5.460000038E-1
1.636846189E2,5.848050117E0,-2.719500065E-1,-4.534950256E0
1.636870623E2,2.472000122E0,-2.475000143E0,-2.107050180E0
1.636895059E2,6.960000396E-1,-1.146000028E0,-3.478950262E0
1.636919494E2,6.528000355E0,1.441050053E0,-6.132000446E0
1.636943930E2,8.446050644E0,1.843950033E0,-5.224950314E0
1.636968365E2,1.608000040E0,6.691950321E0,-4.425000191E0
1.636992801E2,2.032050133E0,8.136000633E0,-7.224000454E0
1.637017238E2,6.232050419E0,1.019700050E1,-5.337000370E0
1.637041672E2,4.219950199E0,1.275405025E1,2.208000183E0
1.637066109E2,3.061050177E0,1.045305061E1,3.685950279E0
1.637090543E2,1.891050100E0,9.745050430E0,3.196950197E0
1.637114980E2,2.556000233E0,1.550100040E1,-1.447050095E0
1.637139414E2,4.720950127E0,1.957995033E1,7.720500231E-1
1.637163851E2,3.576000214E0,1.255605030E1,5.038050175E0
1.637188287E2,1.657950044E0,9.646050453E0,4.320000112E-1
1.637212722E2,4.065000057E0,1.776795006E1,-4.507050037E0
1.637237158E2,7.669950485E0,1.648200035E1,-1.275000095E1
1.637261595E2,7.530000210E-1,1.193505096E1,-9.309000015E0
1.637286030E2,7.489500642E-1,1.007295036E1,-6.738000393E0
1.637310466E2,3.463950157E0,1.772700119E1,-1.564050078E0
1.637334900E2,3.151950121E0,1.654395103E1,-2.059500068E-1
1.637359337E2,1.254000068E0,7.534950256E0,-8.380500674E-1
1.637383771E2,1.380000114E-1,9.852000237E0,-2.020500153E-1
1.637408207E2,-2.413050175E0,1.567500114E1,1.959000111E0
1.637432644E2,-7.969500422E-1,4.338000298E0,1.833000064E0
1.637457079E2,-1.027050018E0,3.493050098E0,-4.890000224E-1
1.637481515E2,-6.130500436E-1,5.185950279E0,-2.683950186E0
1.637505950E2,6.094950199E0,5.839950085E0,-3.108000040E0
1.637530387E2,7.687050343E0,7.768950462E0,-2.818950176E0
1.637554823E2,6.214950085E0,3.816000223E0,-3.501000166E0
1.637579257E2,1.623000026E0,7.065000534E0,-1.920000017E-1
1.637603693E2,2.343000174E0,1.204800034E1,-2.809500098E-1
1.637628128E2,4.198950291E0,1.243305016E1,-1.429950118E0
1.637652564E2,2.911050081E0,8.779950142E0,-1.581000090E0
1.637676999E2,1.206000090E0,7.579950333E0,1.162050009E0
1.637701436E2,3.540000200E0,1.403295040E1,2.866950035E0
1.637725872E2,5.887050152E0,1.510500050E1,-2.446950197E0
1.637750307E2,4.596000195E0,1.037895012E1,-4.128000259E0
1.637774743E2,1.990950108E0,8.277000427E0,-3.448050261E0
1.637799180E2,1.696950078E0,1.283805084E1,4.129500091E-1
1.637823614E2,3.114000082E0,1.446900082E1,1.251000047E0
1.637848051E2,3.507000208E0,1.182795048E1,-1.786950111E0
1.637872484E2,2.596950054E0,1.003005028E1,-4.530000091E-1
1.637896921E2,4.005000368E-2,1.107105064E1,-2.518950224E0
1.637921356E2,6.340500116E-1,1.527300072E1,-5.940000415E-1
1.637945792E2,2.298000097E0,1.444695091E1,2.206050158E0
1.637970229E2,1.579050064E0,9.511950493E0,-6.090000272E-1
1.637994664E2,-3.105000220E-2,8.076000214E0,-1.018050075E0
1.638019100E2,6.619500518E-1,1.363800049E1,1.023000002E0
1.638043534E2,1.761000037E0,1.340595055E1,3.075000048E0
1.638067970E2,1.090950012E0,5.346000195E0,1.071000099E0
1.638092405E2,3.510000110E-1,4.006050110E0,1.420950055E0
1.638116841E2,1.800000072E0,1.159995079E1,3.762000084E0
1.638141276E2,1.227000046E1,7.599000454E0,-5.164950371E0
1.638165713E2,4.483950138E0,2.719950199E0,-1.846005058E1
1.638190149E2,1.936050057E0,5.346000195E0,-1.478505039E1
1.638214584E2,3.684000254E0,8.171999931E0,-1.032000065E1
1.638239020E2,4.599000454E0,7.161000252E0,-8.482950211E0
1.638263457E2,1.849950075E0,3.697050095E0,-2.191050053E0
1.638287891E2,-2.869500220E-1,6.997950554E0,8.103000641E0
1.638312327E2,-1.192050099E0,9.862050056E0,2.653950214E0
1.638336762E2,2.118000031E0,8.406000137E0,1.978950143E0
1.638361198E2,3.670050144E0,6.013950348E0,3.714000225E0
1.638385633E2,2.944050074E0,5.964000225E0,2.299050093E0
1.638410070E2,4.567049980E0,8.397000313E0,3.849000216E0
1.638434506E2,1.210005093E1,7.756950378E0,-9.706950188E0
1.638458940E2,6.306000233E0,4.798050404E0,-1.495500088E1
1.638483376E2,2.073000193E0,8.125950813E0,-1.146705055E1
1.638507813E2,3.181050062E0,1.228005028E1,-2.292000055E0
1.638532248E2,4.941000462E0,1.328295040E1,-5.970000029E-1
1.638556684E2,2.881950140E0,1.006500053E1,4.650000334E-1
1.638581118E2,1.204050064E0,1.014900017E1,2.896050215E0
1.638605555E2,3.997950077E0,1.107795048E1,-1.518000126E0
1.638629989E2,8.118000031E0,1.187805080E1,-7.120950222E0
1.638654426E2,6.283950329E0,7.951050282E0,-1.009500027E1
1.638678860E2,1.198950052E0,8.770050049E0,-4.666950226E0
1.638703297E2,8.280000687E-1,1.217700100E1,8.269500136E-1
1.638727733E2,4.929000378E0,1.479900074E1,1.177050114E0
1.638752168E2,5.094000340E0,1.096605015E1,-2.785050154E0
1.638776604E2,3.688950062E0,9.523950577E0,-5.950050354E0
1.638801041E2,2.539950132E0,1.101600075E1,-4.348950386E0
1.638825475E2,4.891050339E0,9.910050392E0,-4.267050266E0
1.638849912E2,5.212050438E0,7.117950439E0,-5.055000305E0
1.638874346E2,1.684950113E0,7.105950356E0,4.440000355E-1
1.638898783E2,1.740000129E0,7.951050282E0,3.769950151E0
1.638923217E2,1.399950027E0,1.102305031E1,4.078050137E0
1.638947653E2,9.880500436E-1,8.703000069E0,2.104950190E0
1.638972090E2,6.430500150E-1,6.835950375E0,-1.480050087E0
1.638996525E2,2.340000123E-1,8.302950859E0,-1.578000069E0
1.639020961E2,2.670000196E-1,9.364050865E0,-3.240000010E-1
1.639045395E2,7.339500189E-1,1.113105011E1,-8.580000401E-1
1.639069832E2,9.349500537E-1,6.736950397E0,-2.779500186E-1
1.639094266E2,-8.620500565E-1,6.591000080E0,-2.188950062E0
1.639118703E2,-3.864000082E0,1.209600067E1,-9.970500469E-1
1.639143137E2,-3.357000113E0,8.943000793E0,7.690500617E-1
1.639167574E2,-2.566050053E0,9.112950325E0,-2.490000129E-1
1.639192010E2,-1.696950078E0,6.892950535E0,-2.395050049E0
1.639216444E2,-6.270000339E-1,8.634000778E0,2.098050117E0
1.639240881E2,1.402050018E0,7.188000202E0,3.339000225E0
1.639265318E2,3.258000135E0,3.342000246E0,4.657950401E0
1.639289752E2,3.592950106E0,2.739000082E0,3.472950220E0
1.639314188E2,4.867050171E0,5.662050247E0,3.147000074E0
1.639338623E2,5.488950253E0,9.382950783E0,6.609000206E0
1.639363059E2,4.000050068E0,6.583950520E0,8.023950577E0
1.639387494E2,4.227000237E0,4.506000042E0,3.154050112E0
1.639411930E2,4.318050385E0,8.844000816E0,2.982000113E0
1.639436367E2,4.519950390E0,1.286400032E1,6.427050114E0
1.639460801E2,1.752795029E1,8.755949974E0,6.979500055E-1
1.639485237E2,1.203495026E1,4.762050152E0,-1.862595177E1
1.639509674E2,4.125000000E0,1.284000015E1,-2.951700211E1
1.639534108E2,4.287000179E0,8.962050438E0,-3.519900131E1
1.639558545E2,7.213050365E0,7.389000416E0,-3.297900009E1
1.639582979E2,3.409050226E0,7.273950577E0,-2.101995087E1
1.639607416E2,8.010000587E-1,5.458950043E0,-8.284950256E0
1.639631850E2,2.014950037E0,9.163050652E0,1.236495018E1
1.639656287E2,5.956050396E0,1.922805023E1,8.728050232E0
1.639680721E2,4.821000099E0,9.036000252E0,6.010950089E0
1.639705158E2,5.791050434E0,6.976950169E0,3.781050205E0
1.639729594E2,8.455950737E0,1.342500019E1,2.698950052E0
1.639754029E2,9.439949989E0,1.493295097E1,6.679050446E0
1.639778465E2,4.684950352E0,1.167000103E1,5.149050236E0
1.639802900E2,1.927050114E0,1.300095081E1,1.690950036E0
1.639827337E2,-9.795000404E-2,1.381005096E1,-6.412050247E0
1.639851773E2,1.048050046E0,1.399500084E1,-5.989500284E-1
1.639876207E2,2.275950193E0,1.346100044E1,2.875950098E0
1.639900644E2,9.430500269E-1,9.309000015E0,1.356000066E0
1.639925078E2,-1.909500062E-1,9.484050751E0,-4.532999992E0
1.639949514E2,6.599999964E-2,1.599900055E1,-1.252950072E0
1.639973951E2,7.390500307E-1,1.415700054E1,3.348000050E0
1.639998386E2,-5.910000205E-1,6.904950142E0,1.528050065E0
1.640022822E2,-2.443950176E0,7.551000595E0,-3.688050270E0
1.640047257E2,-2.971050024E0,7.273950577E0,2.190000117E-1
1.640071693E2,-9.289500713E-1,3.127050161E0,1.543050051E0
1.640096127E2,3.750000298E-1,7.863000393E0,1.591050029E0
1.640120563E2,1.855050087E0,8.638050079E0,1.011000037E0
1.640144998E2,1.129050016E0,1.011300087E1,2.632050037E0
1.640169435E2,1.155900097E1,1.225395012E1,1.975950122E0
1.640193871E2,6.853950500E0,9.139050484E0,-1.568505096E1
1.640218306E2,4.690050125E0,5.301000118E0,-1.311900043E1
1.640242742E2,7.255950451E0,7.800000191E0,-1.375995064E1
1.640267179E2,6.126000404E0,8.204999924E0,-7.614000320E0
1.640291614E2,3.469050169E0,5.109000206E0,-5.436000347E0
1.640316050E2,1.636950135E0,4.705049992E0,3.846000195E0
1.640340484E2,1.702050090E0,8.296050072E0,4.792050362E0
1.640364921E2,4.279950142E0,1.076700020E1,9.510000348E-1
1.640389355E2,5.937000275E0,5.641050339E0,-2.191050053E0
1.640413792E2,2.109000206E0,5.080950260E0,-8.460000157E-1
1.640438228E2,2.833950043E0,5.430000305E0,4.621950150E0
1.640462663E2,5.968050480E0,7.900950432E0,1.179000020E0
1.640487099E2,7.132050514E0,5.740950108E0,-6.979950428E0
1.640511534E2,3.247950077E0,3.484050274E0,-4.621050358E0
1.640535971E2,5.790000558E-1,5.446950436E0,-6.040500402E-1
1.640560407E2,3.849000216E0,1.062600040E1,-3.760500252E-1
1.640584841E2,3.081000090E0,9.982050896E0,-2.476050138E0
1.640609278E2,6.070500016E-1,6.862050533E0,-2.536050081E0
1.640633712E2,-6.559500098E-1,6.991050243E0,-6.495000422E-2
1.640658148E2,1.713000059E0,9.634950638E0,-1.678950071E0
1.640682583E2,4.777950287E0,9.414000511E0,-6.697050095E0
1.640707019E2,3.109050035E0,5.227050304E0,-6.087000370E0
1.640731456E2,-1.030500084E-1,5.727000237E0,-1.729500145E-1
1.640755891E2,9.139500260E-1,9.478950500E0,1.951950073E0
1.640780327E2,4.110000134E0,1.279995060E1,-1.990500093E-1
1.640804761E2,3.961950302E0,9.606000900E0,-3.264000177E0
1.640829197E2,3.013950109E0,7.249950409E0,-3.582000256E0
1.640853632E2,2.470050097E0,8.581050873E0,-3.613050222E0
1.640878069E2,4.456950188E0,9.715950012E0,-3.831000090E0
1.640902505E2,5.142000198E0,8.011050224E0,-6.931950092E0
1.640926940E2,2.263950109E0,6.838050365E0,-4.228950024E0
1.640951376E2,2.509500086E-1,6.060000420E0,1.368000031E0
1.640975810E2,3.571050167E0,7.876950264E0,1.296000004E0
1.641000247E2,7.732950211E0,7.602000237E0,-2.572050095E0
1.641024684E2,4.563000202E0,4.044000149E0,-5.686950207E0
1.641049118E2,1.657950044E0,5.832000256E0,-4.116000175E0
1.641073554E2,4.960050106E0,8.434950829E0,-2.236950159E0
1.641097989E2,7.206000328E0,6.238950253E0,-4.356000423E0
1.641122426E2,3.445050240E0,4.846050262E0,-3.064950228E0
1.641146862E2,1.905000091E0,7.249950409E0,2.101050138E0
1.641171297E2,2.125050068E0,1.096605015E1,2.500950098E0
1.641195733E2,1.606050134E0,1.167705059E1,3.706950188E0
1.641220167E2,1.821000099E0,1.098705006E1,3.645000219E0
1.641244604E2,1.455000043E0,1.242900085E1,-2.088000059E0
1.641269038E2,1.708950043E0,1.279305077E1,-2.505000114E0
1.641293475E2,2.961000204E0,1.318500042E1,3.628050089E0
1.641317911E2,4.756950378E0,1.363500023E1,1.921050072E0
1.641342346E2,4.752000332E0,1.160505009E1,-4.075950146E0
1.641366782E2,1.900050044E0,1.323600101E1,-3.973050117E0
1.641391217E2,3.672000170E0,1.533105087E1,-2.740050077E0
1.641415653E2,5.980050087E0,1.434405041E1,-6.280950069E0
1.641440087E2,4.630050182E0,1.342905045E1,-8.208000183E0
1.641464524E2,1.086000085E0,1.254795074E1,-3.226050138E0
1.641488960E2,1.408950090E0,1.322805023E1,7.650000453E-1
1.641513395E2,4.294950008E0,1.476105022E1,-1.602000117E0
1.641537831E2,4.327950001E0,1.498305035E1,-3.469950199E0
1.641562268E2,2.875050068E0,1.366200066E1,7.290000319E-1
1.641586703E2,1.231950045E0,1.302705097E1,1.734000087E0
1.641611139E2,1.527000070E0,1.341300106E1,1.651050091E0
1.641635573E2,3.495000124E0,1.063995075E1,-3.628050089E0
1.641660010E2,2.014950037E0,5.895000458E0,-7.276950359E0
1.641684444E2,-2.989500165E-1,2.911050081E0,-5.032950401E0
1.641708880E2,1.261050105E0,1.549050093E0,-4.204950333E0
1.641733317E2,5.326050282E0,1.573050022E0,-5.347050190E0
1.641757752E2,3.507000208E0,2.358000040E0,-3.079950094E0
1.641782188E2,3.916050196E0,3.481050253E0,5.227950096E0
1.641806623E2,2.389050007E0,7.590000153E0,2.797050238E0
1.641831059E2,2.950950146E0,6.943050385E0,2.170050144E0
1.641855496E2,3.001950026E0,4.891050339E0,-3.900000080E-2
1.641879931E2,1.078950047E0,3.250950098E0,2.203950167E0
1.641904367E2,-7.300500274E-1,3.856950283E0,4.290000200E-1
1.641928801E2,3.684000254E0,3.903000116E0,9.040500522E-1
1.641953237E2,7.714050293E0,4.879500270E-1,-7.701000214E0
1.641977672E2,4.927050114E0,1.720500141E-1,-9.994050026E0
1.642002108E2,2.074949980E0,5.947050095E0,-8.187000275E0
1.642026545E2,6.994950294E0,5.677050114E0,-7.228950500E0
1.642050980E2,9.604950905E0,7.321950436E0,-4.947000027E0
1.642075416E2,4.378050327E0,8.803950310E0,-2.163000107E0
1.642099851E2,2.508000135E0,9.751950264E0,-2.329500169E-1
1.642124287E2,3.535950184E0,1.004205036E1,5.879999995E-1
1.642148721E2,6.010950089E0,1.061100006E1,-2.518950224E0
1.642173158E2,5.353050232E0,8.368050575E0,-1.590000033E0
1.642197592E2,4.144050121E0,9.247050285E0,-2.227050066E0
1.642222029E2,3.703050137E0,1.381305027E1,-9.439500570E-1
1.642246465E2,5.923050404E0,1.585005093E1,-3.076950073E0
1.642270900E2,3.940050125E0,1.306995106E1,-6.645000458E0
1.642295336E2,5.329500437E-1,1.190895081E1,-5.127000332E0
1.642319773E2,4.920000136E-1,1.061895084E1,-2.494950056E0
1.642344208E2,2.382000208E0,1.317600060E1,-4.854000092E0
1.642368644E2,3.150000095E0,1.377900028E1,-7.641000271E0
1.642393081E2,1.219950080E0,9.714000702E0,-5.649000168E0
1.642417515E2,9.300000221E-2,7.642050266E0,3.169500232E-1
1.642441952E2,1.309050083E0,1.046295071E1,6.070500016E-1
1.642466386E2,1.939050078E0,1.394400024E1,-1.168950081E0
1.642490823E2,1.960050106E0,2.856000185E0,-3.952950239E0
1.642515257E2,2.407950163E0,1.429050088E0,-4.573950291E0
1.642539693E2,5.611050129E0,5.368050098E0,-3.556050062E0
1.642564128E2,8.937000275E0,5.514000416E0,-3.601050138E0
1.642588565E2,6.325050354E0,4.860000134E0,-6.330000162E-1
1.642613001E2,2.580000162E0,6.184050083E0,4.318050385E0
1.642637436E2,1.633950114E0,1.000605011E1,2.295000076E0
1.642661872E2,1.522050023E0,1.333605099E1,4.890000224E-1
1.642686306E2,1.702050090E0,1.078605080E1,6.790500283E-1
1.642710743E2,1.843050122E0,1.070505047E1,1.110000089E-1
1.642735177E2,1.464000106E0,8.887950897E0,2.167950153E0
1.642759613E2,1.048050046E0,9.678000450E0,4.369500279E-1
1.642784050E2,5.358000278E0,1.086000061E1,-1.783950090E0
1.642808485E2,4.729950428E0,9.115050316E0,-7.303050518E0
1.642832921E2,1.270950079E0,9.922050476E0,-6.022050381E0
1.642857356E2,8.520000577E-1,1.232595062E1,-6.010500193E-1
1.642881793E2,1.546050072E0,1.271595097E1,-2.400000095E-1
1.642906229E2,2.275950193E0,1.176105022E1,-1.303050041E0
1.642930663E2,2.034000158E0,1.058505058E1,-1.072950006E0
1.642955100E2,1.309050083E0,9.556050301E0,7.690500617E-1
1.642979534E2,7.440000176E-1,9.808950424E0,2.569500208E-1
1.643003970E2,4.206000328E0,1.112595081E1,-1.738950133E0
1.643028405E2,3.600000143E0,1.170795059E1,-4.293000221E0
1.643052842E2,2.392950058E0,1.071000004E1,-2.728050232E0
1.643077278E2,1.663050056E0,1.160700035E1,3.000000119E-2
1.643101713E2,5.254950047E0,1.294605064E1,-2.893050194E0
1.643126149E2,4.915050030E0,1.028595066E1,-6.891000271E0
1.643150586E2,2.098950148E0,8.641050339E0,-6.168000221E0
1.643175020E2,2.053050041E0,8.239050865E0,-4.023000240E0
1.643199457E2,6.696000099E0,9.235050201E0,-5.080950260E0
1.643223891E2,6.913950443E0,8.044950485E0,-9.184950829E0
1.643248327E2,2.712000132E0,8.518950462E0,-5.461950302E0
1.643272762E2,-4.860000312E-1,9.253950119E0,1.903950095E0
1.643297198E2,1.366050124E0,1.061595058E1,3.955950260E0
1.643321633E2,5.152050018E0,9.442950249E0,7.600500584E-1
1.643346070E2,5.994000435E0,6.979050159E0,-3.915000200E0
1.643370506E2,2.500950098E0,7.237950325E0,-5.313000202E0
1.643394940E2,2.584950209E0,8.277000427E0,-4.489950180E0
1.643419377E2,6.378000259E0,7.257000446E0,-6.015000343E0
1.643443811E2,2.926950216E0,7.042050362E0,-5.725050449E0
1.643468247E2,-2.595000155E-2,7.492050171E0,-1.102050066E0
1.643492682E2,-9.220500588E-1,7.437000275E0,3.750000238E0
1.643517119E2,2.583000183E0,7.438950539E0,2.686950207E0
1.643541555E2,5.853000164E0,5.233950138E0,-4.039950371E0
1.643565990E2,4.297049999E0,3.538950205E0,-5.433000088E0
1.643590426E2,1.390050054E0,4.470000267E0,-3.793050289E0
1.643614861E2,4.026000023E0,5.641050339E0,-1.782000065E0
1.643639297E2,6.631050110E0,4.282950401E0,-3.858000278E0
1.643663733E2,4.014000416E0,2.880000114E0,-4.803000450E0
1.643688168E2,-1.240500063E-1,5.622000217E0,-7.500000298E-2
1.643712604E2,-1.030500084E-1,6.072000504E0,2.074050188E0
1.643737039E2,5.476950169E0,5.895000458E0,3.840000033E-1
1.643761475E2,7.273050308E0,3.915000200E0,-4.771950245E0
1.643785912E2,3.196050167E0,5.037000179E0,-5.830950260E0
1.643810347E2,2.635050058E0,6.508050442E0,-5.494950294E0
1.643834783E2,7.174950123E0,6.349950314E0,-5.485950470E0
1.643859217E2,7.471950531E0,5.386950493E0,-9.316950798E0
1.643883653E2,1.632000089E0,6.127050400E0,-7.807950497E0
1.643908088E2,-1.459500045E-1,7.699950218E0,-3.847950220E0
1.643932525E2,3.841950178E0,7.390950203E0,-2.830950022E0
1.643956961E2,9.342000008E0,6.144000053E0,-4.147050381E0
1.643981396E2,7.563000202E0,4.651950359E0,-6.409950256E0
1.644005832E2,1.534050107E0,5.658000469E0,-3.022050142E0
1.644030267E2,2.791050196E0,4.840950012E0,9.000000358E-2
1.644054703E2,7.057950497E0,5.314950466E0,4.905000329E-2
1.644079137E2,6.993000507E0,6.081000328E0,-1.360050082E0
1.644103573E2,3.363000154E0,7.899000168E0,4.111950397E0
1.644128010E2,6.739500165E-1,1.118805027E1,2.282999992E0
1.644152445E2,-3.760500252E-1,1.210500050E1,-1.035000086E0
1.644176881E2,4.780500233E-1,1.213905048E1,1.180500090E-1
1.644201315E2,1.441050053E0,1.161705017E1,2.910000086E-1
1.644225752E2,1.657950044E0,1.061100006E1,1.519500017E-1
1.644250188E2,1.054949999E0,1.077900028E1,-1.317000031E0
1.644274623E2,4.350000322E-1,1.231605053E1,-1.887000084E0
1.644299059E2,1.227000117E0,1.239795017E1,5.610000491E-1
1.644323494E2,1.141050100E0,1.240695095E1,0.000000000E0
1.644347930E2,4.159500301E-1,1.381995106E1,-2.613000154E0
1.644372364E2,-5.719500184E-1,1.418595028E1,-2.055000067E0
1.644396801E2,8.280000687E-1,1.589295101E1,4.939500093E-1
1.644421238E2,9.040500522E-1,1.377900028E1,-1.669050097E0
1.644445672E2,-5.620500445E-1,9.687000275E0,-2.397000074E0
1.644470108E2,-3.148050070E0,1.170600033E1,1.995000057E-2
1.644494545E2,-2.679000139E0,8.907000542E0,2.977050066E0
1.644518980E2,-1.365000010E0,5.823000431E0,1.354050040E0
1.644543416E2,-2.149500102E-1,6.567000389E0,2.376000166E0
1.644567850E2,1.369050026E0,8.269950867E0,6.430500150E-1
1.644592287E2,3.538050175E0,8.562000275E0,2.746950150E0
1.644616721E2,9.138000488E0,6.939000130E0,8.089050293E0
1.644641158E2,1.582995033E1,2.730000019E-1,-1.211595058E1
1.644665592E2,6.901950359E0,4.153950214E0,-2.368695068E1
1.644690029E2,5.122950077E0,5.104950428E0,-2.043795013E1
1.644714465E2,7.941000462E0,3.361050129E0,-1.565205097E1
1.644738900E2,4.711050034E0,4.341000080E0,-7.404000282E0
1.644763336E2,2.677950144E0,4.831950188E0,2.368950129E0
1.644787773E2,5.508000374E0,7.408050537E0,8.497950554E0
1.644812207E2,6.390000343E0,9.607950211E0,7.330050468E0
1.644836644E2,7.207950115E0,6.522000313E0,3.817050219E0
1.644861078E2,6.595050335E0,4.189949989E0,2.308950186E0
1.644885515E2,4.584000111E0,7.252050400E0,-8.080950737E0
1.644909949E2,6.636000156E0,8.072999954E0,-1.125600052E1
1.644934385E2,7.684950352E0,6.675000191E0,-9.715950012E0
1.644958820E2,4.102950096E0,8.140049934E0,-1.248000026E0
1.644983257E2,1.102950096E0,1.075995064E1,5.266050339E0
1.645007693E2,1.828050137E0,1.359195042E1,9.109500647E-1
1.645032128E2,2.800950050E0,1.599900055E1,-1.210050106E0
1.645056564E2,3.496950150E0,1.457595062E1,7.909500599E-1
1.645080998E2,2.452950001E0,1.125795078E1,7.309500575E-1
1.645105434E2,1.735050082E0,9.883950233E0,-4.128000259E0
1.645129869E2,2.844000101E0,1.201005077E1,-9.739950180E0
1.645154306E2,2.143949986E0,1.073295021E1,-1.222800064E1
1.645178742E2,1.443000078E0,6.049950123E0,-1.022205067E1
1.645203177E2,-4.120500088E-1,4.056000233E0,-5.268000126E0
1.645227613E2,3.787050247E0,7.627950191E0,-2.215050220E0
1.645252048E2,5.539950371E0,1.029300022E1,-5.746950150E0
1.645276485E2,2.737950087E0,3.760950089E0,-6.979950428E0
1.645300921E2,-3.570000231E-1,3.960000277E0,2.887950182E0
1.645325356E2,-7.129500508E-1,4.654050350E0,4.942950249E0
1.645349792E2,2.472000122E0,7.249950409E0,3.043950081E0
1.645374226E2,5.482050419E0,5.607000351E0,1.801050067E0
1.645398663E2,2.431950092E0,1.822050095E0,4.758000374E0
1.645423097E2,2.092050076E0,2.914050102E0,2.351999998E0
1.645447534E2,6.720000267E0,7.164000511E0,-2.659500241E-1
1.645471970E2,9.397050858E0,7.753050327E0,-6.823950291E0
1.645496405E2,6.078000069E0,5.313000202E0,-7.084950447E0
1.645520841E2,2.587050200E0,8.338950157E0,-5.778000355E0
1.645545275E2,2.737950087E0,8.779950142E0,-3.718950272E0
1.645569712E2,7.101000309E0,7.804950237E0,-6.220950127E0
1.645594149E2,7.659000397E0,7.246950150E0,-1.012095070E1
1.645618583E2,3.106950045E0,8.844000816E0,-6.139050484E0
1.645643019E2,1.273050070E0,9.438000679E0,7.579500079E-1
1.645667454E2,4.749000072E0,8.959050179E0,1.536000013E0
1.645691890E2,8.548950195E0,8.919000626E0,-3.702000141E0
1.645716325E2,6.045000076E0,7.707000256E0,-4.269000053E0
1.645740761E2,2.793000221E0,9.745050430E0,-2.608050108E0
1.645765198E2,1.783050060E0,1.005105019E1,1.759500057E-1
1.645789633E2,3.772950172E0,1.153995037E1,-2.452050209E0
1.645814069E2,2.926950216E0,1.266600037E1,-4.698000431E0
1.645838503E2,3.850500286E-1,1.320405102E1,-1.114050031E0
1.645862940E2,-1.150500029E-1,1.198800087E1,7.530000210E-1
1.645887376E2,1.954950094E0,1.304205036E1,1.590000093E-1
1.645911811E2,5.305050373E0,1.264695072E1,-4.018050194E0
1.645936247E2,4.825950146E0,1.145205021E1,-6.034050465E0
1.645960682E2,1.737000108E0,9.522000313E0,-3.280950069E0
1.645985118E2,2.476950169E0,9.706050873E0,-1.162050009E0
1.646009552E2,5.554050446E0,1.051995087E1,-3.127050161E0
1.646033988E2,4.951050282E0,1.023795033E1,-4.341000080E0
1.646058425E2,1.893000126E0,1.006305027E1,-7.240500450E-1
1.646082860E2,5.329500437E-1,1.032900047E1,1.845000029E0
1.646107296E2,2.049000025E0,1.247700024E1,4.699500203E-1
1.646131731E2,6.679050446E0,1.140900040E1,-4.909500182E-1
1.646156168E2,3.378000259E0,9.714000702E0,-3.301950216E0
1.646180604E2,9.589500427E-1,9.625050545E0,-4.095000029E-2
1.646205039E2,1.548000097E0,9.795000076E0,-1.920000017E-1
1.646229475E2,3.970950127E0,9.900000572E0,-4.963950157E0
1.646253910E2,2.353049994E0,8.923050880E0,-6.192000389E0
1.646278346E2,2.239500135E-1,7.840950489E0,-1.975950122E0
1.646302780E2,8.710500598E-1,7.362000465E0,2.107950211E0
1.646327216E2,4.162950039E0,8.779950142E0,4.459500313E-1
1.646351651E2,4.978950024E0,7.153950214E0,-2.767950058E0
1.646376088E2,2.343000174E0,7.267050266E0,-2.335050106E0
1.646400524E2,8.830500245E-1,6.306000233E0,-6.250500083E-1
1.646424959E2,2.511000156E0,7.312050343E0,-1.959000111E0
1.646449395E2,4.249050140E0,6.784950256E0,-4.365000248E0
1.646473830E2,2.671050072E0,5.962050438E0,-4.899000168E0
1.646498266E2,1.438050032E0,6.508050442E0,-1.960950136E0
1.646522702E2,2.245050192E0,8.260050774E0,6.109500527E-1
1.646547137E2,4.273050308E0,7.534950256E0,-1.375050068E0
1.646571573E2,4.267950058E0,5.947050095E0,-4.213950157E0
1.646596008E2,1.900050044E0,6.508050442E0,-4.509000301E0
1.646620444E2,3.340500295E-1,5.350950241E0,-2.542950153E0
1.646644879E2,3.640950203E0,5.626050472E0,-2.589000225E0
1.646669316E2,7.048050404E0,5.203050137E0,-6.187050343E0
1.646693752E2,3.306000233E0,5.346000195E0,-6.352950096E0
1.646718186E2,5.239500403E-1,8.004000664E0,-4.650000334E-1
1.646742623E2,2.824050188E0,7.968000412E0,3.184950113E0
1.646767059E2,5.389050484E0,8.482950211E0,4.390500188E-1
1.646791493E2,6.627000332E0,8.674050331E0,-4.066050053E0
1.646815930E2,3.708000183E0,8.563950539E0,-4.621050358E0
1.646840365E2,1.795050144E0,9.583950043E0,-2.809050083E0
1.646864801E2,3.961950302E0,9.229950905E0,-4.837050438E0
1.646889235E2,4.732950211E0,9.736950874E0,-7.021050453E0
1.646913671E2,2.889000177E0,1.100400066E1,-4.558950424E0
1.646938106E2,1.182000041E0,1.130805016E1,3.600000143E-1
1.646962543E2,1.014000058E0,1.202205086E1,1.408950090E0
1.646986979E2,4.234950066E0,1.217205048E1,-2.421000004E0
1.647011414E2,4.788000107E0,1.170105076E1,-5.775000095E0
1.647035850E2,2.146950006E0,9.706050873E0,-3.999000072E0
1.647060285E2,8.710500598E-1,9.891000748E0,-5.920500159E-1
1.647084721E2,2.104050159E0,1.122000027E1,9.405000508E-2
1.647109155E2,4.005000114E0,1.176105022E1,-2.956950188E0
1.647133591E2,2.518050194E0,1.101795006E1,-2.620050192E0
1.647158028E2,9.859500527E-1,9.831000328E0,1.528050065E0
1.647182463E2,3.000000119E-2,1.021905041E1,4.339500070E-1
1.647206899E2,1.564950109E0,1.148805046E1,-5.220000148E-1
1.647231334E2,3.184050083E0,1.072905064E1,1.380000114E0
1.647255770E2,2.500950098E0,8.574000359E0,-7.429500222E-1
1.647280207E2,2.319000006E0,7.318950176E0,-1.293000102E0
1.647304641E2,6.198000431E0,9.261000633E0,-5.626950264E0
1.647329077E2,6.559950352E0,9.093000412E0,-9.139050484E0
1.647353512E2,3.073050261E0,7.779000282E0,-6.340950489E0
1.647377948E2,1.078950047E0,6.349950314E0,-1.308000088E0
1.647402383E2,4.129050255E0,7.741050243E0,6.739500165E-1
1.647426819E2,7.939050198E0,7.264050484E0,-4.708050251E0
1.647451256E2,5.434050083E0,5.725050449E0,-6.163050175E0
1.647475691E2,1.431000113E0,5.800950050E0,-1.933050036E0
1.647500127E2,3.009000063E0,5.227050304E0,-4.120500088E-1
1.647524561E2,7.632000446E0,6.879000187E0,-3.879000187E0
1.647548998E2,6.853950500E0,4.996950150E0,-6.421950340E0
1.647573435E2,2.427000046E0,7.141950130E0,-2.608050108E0
1.647597869E2,1.086000085E0,7.111050129E0,2.089500129E-1
1.647622305E2,4.062000275E0,7.996950150E0,1.903950095E0
1.647646740E2,5.832000256E0,6.991050243E0,-3.405000269E-2
1.647671176E2,4.275000095E0,8.148000717E0,-2.284950018E0
1.647695611E2,1.249050021E0,8.770050049E0,-2.617050171E0
1.647720047E2,2.670000196E-1,8.955000877E0,2.119500041E-1
1.647744482E2,2.772000074E0,7.606950283E0,-2.983950138E0
1.647768918E2,3.310050249E0,8.634000778E0,-5.266050339E0
1.647793355E2,1.861950040E0,1.033395004E1,-2.317950010E0
1.647817789E2,1.500000119E0,1.072905064E1,2.886000156E0
1.647842225E2,6.409500241E-1,1.082700062E1,-4.290000200E-1
1.647866662E2,1.942950130E0,1.188000011E1,-7.210500240E-1
1.647891097E2,3.306000233E0,1.227300072E1,1.350000054E-1
1.647915533E2,2.476950169E0,9.760950089E0,3.619500101E-1
1.647939968E2,1.366050124E0,1.024005032E1,-1.393950105E0
1.647964404E2,3.220050097E0,1.239000034E1,-9.529500604E-1
1.647988839E2,5.647050381E0,1.173405075E1,-5.814000130E0
1.648013275E2,1.678050041E0,1.106205082E1,-4.753050327E0
1.648037709E2,2.839500010E-1,1.134900093E1,-1.813050032E0
1.648062146E2,2.101050138E0,1.256805038E1,-1.392000079E0
1.648086582E2,4.684950352E0,1.200705051E1,-5.677050114E0
1.648111017E2,3.042000055E0,1.088895035E1,-7.537950516E0
1.648135453E2,1.195950031E0,9.397050858E0,-1.729500145E-1
1.648159887E2,1.989000082E0,8.617050171E0,-3.739500046E-1
1.648184324E2,7.927050591E0,9.390000343E0,-2.806950092E0
1.648208761E2,7.194000244E0,9.192000389E0,-7.114050388E0
1.648233195E2,3.130950212E0,8.425050735E0,-5.413950443E0
1.648257631E2,2.251950026E0,9.181950569E0,-1.995000057E-2
1.648282066E2,6.295950413E0,1.017105007E1,-2.539499998E-1
1.648306502E2,7.491000175E0,8.935050011E0,-5.467050076E0
1.648330937E2,4.108050346E0,8.842050552E0,-4.605000019E0
1.648355374E2,1.033950090E0,8.638050079E0,-8.430000544E-1
1.648379810E2,4.287000179E0,8.204999924E0,-6.300000548E-1
1.648404245E2,8.263950348E0,7.864950180E0,-5.055000305E0
1.648428681E2,5.118000031E0,7.932000160E0,-7.969050407E0
1.648453116E2,1.456950068E0,9.057000160E0,-5.170050144E0
1.648477552E2,1.041000009E0,7.461000443E0,-2.329500169E-1
1.648501989E2,5.604000092E0,7.717050552E0,-5.680500269E-1
1.648526422E2,7.162950516E0,6.615000248E0,-4.404000282E0
1.648550859E2,3.712950230E0,9.105000496E0,-4.942050457E0
1.648575294E2,1.681950092E0,8.614950180E0,-3.786000252E0
1.648599730E2,4.429050446E0,7.293000221E0,-2.874000072E0
1.648624165E2,7.162950516E0,6.718050480E0,-6.781050205E0
1.648648601E2,3.568950176E0,8.418000221E0,-6.975000381E0
1.648673035E2,8.850000501E-1,9.043050766E0,-1.732050061E0
1.648697472E2,1.503000021E0,7.792950153E0,2.128950119E0
1.648721909E2,6.085050106E0,8.113950729E0,4.080000222E-1
1.648746343E2,7.234950542E0,7.021950245E0,-4.834950447E0
1.648770779E2,2.961000204E0,7.450950146E0,-7.648050308E0
1.648795214E2,4.350000322E-1,5.895000458E0,-4.878000259E0
1.648819651E2,2.571000099E0,5.479950428E0,-3.063000202E0
1.648844087E2,7.053000450E0,5.643000126E0,-6.499050140E0
1.648868522E2,5.563950062E0,5.005950451E0,-7.453950405E0
1.648892958E2,1.974000096E0,6.076950073E0,-2.541000128E0
1.648917393E2,1.759050131E0,5.587950230E0,1.363050103E0
1.648941829E2,5.118000031E0,5.173950195E0,1.062000036E0
1.648966263E2,6.174000263E0,4.089000225E0,-1.183050036E0
1.648990700E2,1.704000115E0,4.077000141E0,-1.947000146E0
1.649015136E2,-8.449500203E-1,3.120000124E0,-5.490000248E-1
1.649039571E2,8.080500364E-1,2.836950064E0,-8.790000677E-1
1.649064007E2,5.224050045E0,2.065950155E0,-3.666000128E0
1.649088442E2,3.366000175E0,2.370000124E0,-3.618000269E0
1.649112879E2,8.920500278E-1,4.908000469E0,2.407050133E0
1.649137313E2,3.100500107E-1,8.406000137E0,4.417950153E0
1.649161750E2,9.589500427E-1,1.023300076E1,6.709500551E-1
1.649186186E2,2.295000076E0,1.395405102E1,9.469500184E-1
1.649210620E2,2.092050076E0,1.324305058E1,4.680000246E-1
1.649235056E2,2.796000242E0,1.276605034E1,1.483050108E0
1.649259491E2,2.653950214E0,1.368105030E1,1.797000051E0
1.649283928E2,3.190950155E0,1.455705070E1,2.809500098E-1
1.649308364E2,7.426050186E0,1.368300056E1,-2.830500007E-1
1.649332799E2,2.947050095E0,1.049400043E1,-7.582950592E0
1.649357235E2,4.225049973E0,1.074495029E1,-6.963000298E0
1.649381670E2,5.233050346E0,1.555095100E1,-1.214400101E1
1.649406106E2,6.118950367E0,1.207695103E1,-1.245105076E1
1.649430543E2,1.657950044E0,1.294305038E1,-1.074105072E1
1.649454976E2,8.370000124E-1,1.045305061E1,-3.424050093E0
1.649479413E2,3.253050089E0,8.329950333E0,-2.437950134E0
1.649503848E2,5.188050270E0,1.037700081E1,-4.714950085E0
1.649528284E2,4.137000084E0,8.322000504E0,-7.630950451E0
1.649552719E2,-6.010500193E-1,7.777050495E0,-2.131050110E0
1.649577155E2,-2.095050097E0,3.709050179E0,3.975000143E0
1.649601592E2,7.150500417E-1,4.662000179E0,4.246050358E0
1.649626026E2,4.093050003E0,6.493050098E0,-9.150000215E-1
1.649650462E2,6.873000145E0,4.465050220E0,2.248950005E0
1.649674897E2,4.981950283E0,4.504050255E0,1.609500051E-1
1.649699333E2,5.713950157E0,5.041950226E0,-3.148950100E0
1.649723768E2,9.511950493E0,3.282000065E0,-5.505000114E0
1.649748204E2,5.128050327E0,3.814050198E0,-5.067000389E0
1.649772639E2,1.524000049E0,6.294000149E0,1.983000040E0
1.649797075E2,-1.579500139E-1,6.928950310E0,3.238050222E0
1.649821512E2,1.642050028E0,7.353000164E0,2.359500080E-1
1.649845946E2,5.413050175E0,8.932950020E0,1.891950130E0
1.649870383E2,5.182950020E0,9.225000381E0,-4.116000175E0
1.649894817E2,4.989000320E0,7.204050541E0,-4.999950409E0
1.649919254E2,4.246950150E0,8.092950821E0,-4.710000038E0
1.649943690E2,5.953950405E0,9.076950073E0,-8.155050278E0
1.649968125E2,3.967050076E0,9.706050873E0,-6.658950329E0
1.649992561E2,6.580500603E-1,1.056795025E1,-1.353000045E0
1.650016996E2,3.130500019E-1,9.610950470E0,1.495050073E0
1.650041432E2,2.170950174E0,9.784950256E0,1.027950048E0
1.650065866E2,4.363950253E0,9.181950569E0,-6.738000393E0
1.650090303E2,3.435000181E0,7.093950272E0,-9.217950821E0
1.650114739E2,1.486050129E0,5.622000217E0,-5.898000240E0
1.650139174E2,2.592000008E0,5.032950401E0,-4.540050030E0
1.650163610E2,4.764000416E0,6.061950207E0,-4.722000122E0
1.650188045E2,2.587050200E0,4.312050343E0,-4.317000389E0
1.650212481E2,-3.180000186E-1,3.670050144E0,1.786950111E0
1.650236918E2,2.119500041E-1,3.526950121E0,4.071000099E0
1.650261352E2,3.034950256E0,3.199050188E0,3.400950193E0
1.650285789E2,5.611050129E0,4.647000313E0,1.423050046E0
1.650310223E2,4.267950058E0,5.218950272E0,2.046000004E0
1.650334659E2,3.013950109E0,8.392050743E0,1.591050029E0
1.650359094E2,1.804050088E0,1.112895012E1,1.204950094E0
1.650383530E2,2.499000072E0,1.220805073E1,9.970500469E-1
1.650407965E2,5.283000469E0,1.240500069E1,-3.003000259E0
1.650432401E2,3.136050224E0,1.358295059E1,-6.658950329E0
1.650456838E2,1.849950075E0,1.322805023E1,-4.588050365E0
1.650481272E2,2.890950203E0,1.274205017E1,-2.163000107E0
1.650505709E2,4.225049973E0,1.475805092E1,-5.974050522E0
1.650530143E2,5.097000122E0,1.309695053E1,-7.648050308E0
1.650554580E2,3.025950193E0,9.457050323E0,-6.031950474E0
1.650579016E2,3.967050076E0,1.001295090E1,-5.340000153E0
1.650603451E2,7.788000584E0,1.291695023E1,-6.997050285E0
1.650627887E2,7.584000587E0,1.357995033E1,-1.004505062E1
1.650652322E2,4.315950394E0,1.118805027E1,-6.193950176E0
1.650676758E2,2.437050104E0,8.215050697E0,-3.670950174E0
1.650701192E2,3.631050110E0,1.135605049E1,2.809500098E-1
1.650725629E2,3.732000113E0,1.387995052E1,-1.008000016E0
1.650750063E2,1.369050026E0,8.884950638E0,-2.197950125E0
1.650774500E2,-2.595000155E-2,6.165000439E0,1.722000122E0
1.650798936E2,-1.615950108E0,8.196000099E0,4.581000328E0
1.650823371E2,3.129000187E0,7.779000282E0,1.722000122E0
1.650847807E2,7.905000210E0,5.160000324E0,-3.558000088E0
1.650872244E2,4.984050274E0,2.362950087E0,-3.538950205E0
1.650896679E2,2.404950142E0,4.777050018E0,-1.984950066E0
1.650921115E2,5.944050312E0,3.970050097E0,-1.150050044E0
1.650945549E2,9.013950348E0,3.742050171E0,-5.163000107E0
1.650969985E2,5.524950027E0,3.991050243E0,-6.147000313E0
1.650994420E2,1.579050064E0,5.571000099E0,-7.879500389E-1
1.651018856E2,1.576950073E0,6.349950314E0,1.258050084E0
1.651043291E2,6.399000168E0,6.469050407E0,-3.036000252E0
1.651067728E2,7.345050335E0,6.958050251E0,-8.029050827E0
1.651092164E2,1.660950065E0,7.743000507E0,-7.104000568E0
1.651116599E2,-5.580000281E-1,7.093950272E0,-1.827000141E0
1.651141035E2,-1.200000010E-2,7.425000191E0,2.017050028E0
1.651165472E2,3.994950294E0,8.872950554E0,-6.060000062E-1
1.651189906E2,5.595000267E0,9.060000420E0,-1.999950051E0
1.651214343E2,3.100050211E0,8.442000389E0,-1.561950088E0
1.651238777E2,8.520000577E-1,8.538000107E0,-6.919500232E-1
1.651263213E2,2.346000195E0,8.995050430E0,-4.530000091E-1
1.651287648E2,4.500000000E0,1.013700008E1,-5.007000446E0
1.651312084E2,2.932050228E0,1.043205070E1,-6.252000332E0
1.651336519E2,1.789500117E-1,9.760950089E0,-1.333950043E0
1.651360955E2,-1.819500029E-1,9.366000175E0,2.292000055E0
1.651385392E2,2.805000067E0,1.029300022E1,6.570000052E-1
1.651409827E2,5.215950012E0,1.176795101E1,-4.284000397E0
1.651434263E2,4.026000023E0,9.160050392E0,-3.517950058E0
1.651458697E2,1.882950068E0,8.967000008E0,1.469999999E-1
1.651483134E2,2.226000071E0,9.742050171E0,-5.890500546E-1
1.651507570E2,3.796950102E0,1.149495029E1,-3.568050146E0
1.651532005E2,1.840050101E0,1.136295033E1,-4.582950115E0
1.651556441E2,4.009500146E-1,9.936000824E0,6.499500275E-1
1.651580876E2,1.140000075E-1,1.018005085E1,9.559500217E-1
1.651605312E2,1.194000006E0,1.349700069E1,1.399500072E-1
1.651629747E2,2.635050058E0,1.365495110E1,0.000000000E0
1.651654183E2,2.731050014E0,1.234995079E1,1.500000060E-2
1.651678617E2,8.730000257E-1,1.173000050E1,-3.930000067E-1
1.651703053E2,7.095000148E-2,1.274895096E1,-3.690000176E-1
1.651727490E2,1.126950026E0,1.354905033E1,8.320500255E-1
1.651751925E2,2.749950171E0,1.296705055E1,-1.200000048E-1
1.651776361E2,3.229050159E0,1.162395096E1,7.339500189E-1
1.651800796E2,2.061000109E0,1.109505081E1,-5.730000138E-1
1.651825233E2,4.498050213E0,1.212705040E1,2.188950062E0
1.651849667E2,8.347949982E0,1.154295063E1,-9.118050575E0
1.651874103E2,5.170950413E0,9.915000916E0,-1.246995068E1
1.651898537E2,3.139950037E0,9.241950035E0,-9.316950798E0
1.651922974E2,4.177050114E0,9.013950348E0,-4.315050125E0
1.651947410E2,7.873950481E0,9.595950127E0,-6.180000305E0
1.651971845E2,7.558050156E0,8.473050117E0,-8.919000626E0
1.651996281E2,4.290000439E0,7.498950481E0,-7.174050331E0
1.652020716E2,2.704950094E0,5.677050114E0,-4.336950302E0
1.652045153E2,5.065050125E0,6.184050083E0,-2.503050089E0
1.652069589E2,5.113050461E0,7.575000286E0,-1.690950036E0
1.652094023E2,2.607000113E0,6.952950478E0,1.351050019E0
1.652118460E2,9.880500436E-1,6.249000072E0,3.421950102E0
1.652142896E2,2.731050014E0,3.939000130E0,8.680500388E-1
1.652167330E2,7.146000385E0,3.282000065E0,-4.261950016E0
1.652191767E2,7.438050270E0,2.796000242E0,-5.515050411E0
1.652216202E2,4.251000404E0,3.409050226E0,-7.234050274E0
1.652240638E2,3.162000179E0,3.349950075E0,-8.388000488E0
1.652265073E2,6.129000187E0,3.843000174E0,-3.913050175E0
1.652289509E2,7.297050476E0,5.026050091E0,-1.542000055E0
1.652313944E2,4.000050068E0,5.421000481E0,1.267050028E0
1.652338380E2,1.077000022E0,6.049950123E0,4.324950218E0
1.652362817E2,-7.605000585E-2,6.862050533E0,2.209500074E-1
1.652387251E2,1.831050038E0,8.569050789E0,-6.040500402E-1
1.652411688E2,2.592000008E0,8.253000259E0,1.603050113E0
1.652436122E2,1.845000029E0,8.059050560E0,9.919500351E-1
1.652460558E2,1.414050102E0,9.184050560E0,-1.204950094E0
1.652484995E2,1.309050083E0,1.146405029E1,-1.321950078E0
1.652509429E2,2.034000158E0,1.132500076E1,4.819500148E-1
1.652533866E2,1.606050134E0,1.037700081E1,-6.450000405E-1
1.652558300E2,6.310500503E-1,8.035050392E0,-1.510500014E-1
1.652582737E2,2.068050146E0,6.883050442E0,-3.424050093E0
1.652607171E2,3.109050035E0,1.015905094E1,-1.028895092E1
1.652631607E2,4.801950455E0,5.530950069E0,-1.376505089E1
1.652656042E2,1.986000061E0,4.662000179E0,-1.040400028E1
1.652680479E2,1.980000138E-1,2.104050159E0,-6.265950203E0
1.652704915E2,-1.360500008E-1,5.977950096E0,-6.109500527E-1
1.652729350E2,2.194950104E0,6.871950150E0,1.348950028E0
1.652753786E2,2.737950087E0,4.891050339E0,3.448950052E0
1.652778221E2,3.175950050E0,3.667950153E0,5.761950493E0
1.652802658E2,2.856000185E0,6.651000500E0,1.186050057E0
1.652827094E2,4.504950047E0,9.169950485E0,2.529000044E0
1.652851529E2,4.993950367E0,8.236050606E0,2.641950130E0
1.652875965E2,2.652000189E0,9.583950043E0,5.879999995E-1
1.652900399E2,2.629500031E-1,1.047000027E1,9.405000508E-2
1.652924836E2,1.170000061E-1,9.064949989E0,1.240950108E0
1.652949270E2,6.960000396E-1,9.715950012E0,3.270000219E-1
1.652973706E2,6.591000080E0,1.071195030E1,-3.094050169E0
1.652998141E2,3.378000259E0,8.583000183E0,-8.656050682E0
1.653022578E2,2.125050068E0,6.952950478E0,-9.724050522E0
1.653047014E2,5.065050125E0,7.357950211E0,-9.760050774E0
1.653071449E2,6.841950417E0,7.872000217E0,-8.983950615E0
1.653095885E2,4.237050056E0,9.478950500E0,-7.377000332E0
1.653120319E2,3.580950260E0,9.466950417E0,-3.697050095E0
1.653144755E2,2.913000107E0,9.847950935E0,2.880000174E-1
1.653169190E2,4.777950287E0,1.063500023E1,4.650000334E-1
1.653193627E2,6.022950172E0,1.044600010E1,-3.160950184E0
1.653218063E2,3.877950191E0,9.478950500E0,-3.367050171E0
1.653242498E2,1.584000111E0,8.197950363E0,-1.837050080E0
1.653266934E2,4.141050339E0,8.449049950E0,-1.171050072E0
1.653291369E2,9.114000320E0,9.462000847E0,-5.632050037E0
1.653315805E2,7.326000214E0,9.393000603E0,-9.131999969E0
1.653340242E2,1.924050093E0,9.876000404E0,-4.485000134E0
1.653364676E2,1.374000072E0,1.051995087E1,1.684050083E0
1.653389112E2,4.183950424E0,1.079100037E1,1.701000094E0
1.653413547E2,7.426050186E0,1.061895084E1,-3.795000076E0
1.653437984E2,5.512950420E0,1.008705044E1,-5.641050339E0
1.653462420E2,2.058000088E0,1.004895020E1,-3.301950216E0
1.653486855E2,1.725000024E0,8.599950790E0,-1.729050040E0
1.653511291E2,5.034000397E0,8.548050880E0,-4.012950420E0
1.653535726E2,5.619000435E0,9.835950851E0,-5.032950401E0
1.653560162E2,2.793000221E0,9.772950172E0,-2.080950022E0
1.653584596E2,9.859500527E-1,1.034595013E1,1.849050045E0
1.653609033E2,6.379500031E-1,1.147800064E1,1.660500020E-1
1.653633467E2,1.699050069E0,1.243605042E1,-9.919500351E-1
1.653657903E2,2.377050161E0,1.141305065E1,3.529500067E-1
1.653682340E2,1.323000073E0,9.120000839E0,-7.240500450E-1
1.653706775E2,6.900000572E-2,9.148050308E0,-3.600000218E-2
1.653731211E2,-2.920500040E-1,1.032600021E1,-4.339500070E-1
1.653755646E2,6.910500526E-1,1.062600040E1,5.490000248E-1
1.653780082E2,1.375950098E0,9.061950684E0,2.710500062E-1
1.653804516E2,1.254000068E0,8.026050568E0,1.279500127E-1
1.653828953E2,1.153050065E0,7.956000328E0,3.580500185E-1
1.653853387E2,5.118000031E0,9.831000328E0,-3.195000067E-2
1.653877824E2,5.500950336E0,8.725049973E0,-6.582000256E0
1.653902260E2,3.406050205E0,7.693050385E0,-6.180000305E0
1.653926695E2,1.435950041E0,6.493050098E0,-3.466950178E0
1.653951131E2,3.291000128E0,6.586950302E0,-1.554000020E0
1.653975566E2,5.437050343E0,7.924950600E0,-4.044000149E0
1.654000003E2,4.096050262E0,7.936950207E0,-3.400050163E0
1.654024439E2,1.624950051E0,7.674000263E0,-8.269500136E-1
1.654048873E2,1.933950067E0,7.453050137E0,2.208000183E0
1.654073310E2,5.427000046E0,8.860950470E0,5.730000138E-1
1.654097744E2,6.025950432E0,8.269950867E0,-3.955950260E0
1.654122180E2,1.752000093E0,7.623000145E0,-5.245950222E0
1.654146617E2,-1.770000011E-1,6.436050415E0,-2.026050091E0
1.654171052E2,3.294000149E0,5.902050495E0,-1.923000097E0
1.654195488E2,8.962950706E0,7.104000568E0,-7.522950172E0
1.654219923E2,4.906949997E0,8.562000275E0,-8.337000847E0
1.654244359E2,7.060500383E-1,9.112950325E0,-2.898000240E0
1.654268794E2,4.729500115E-1,8.928000450E0,1.636050105E0
1.654293230E2,3.211950064E0,9.625050545E0,1.471050024E0
1.654317664E2,5.986950397E0,1.022400093E1,-2.565000057E0
1.654342101E2,3.463950157E0,9.265950203E0,-4.588050365E0
1.654366537E2,1.417050123E0,8.872950554E0,-2.677050114E0
1.654390972E2,2.235000134E0,7.879950523E0,-1.971000075E0
1.654415408E2,6.684000492E0,8.868000031E0,-4.264950275E0
1.654439843E2,7.441050529E0,9.888000488E0,-6.076950073E0
1.654464279E2,4.042950153E0,1.066395092E1,-4.827000141E0
1.654488716E2,8.590500355E-1,1.162905025E1,-6.300000548E-1
1.654513150E2,2.953950167E0,1.125795078E1,4.339500070E-1
1.654537586E2,7.275000572E0,1.056600094E1,-3.829050064E0
1.654562021E2,6.562050343E0,1.053195095E1,-7.293000221E0
1.654586457E2,1.929000139E0,9.627000809E0,-4.459050179E0
1.654610892E2,2.176050186E0,8.988000870E0,-6.130500436E-1
1.654635328E2,7.608000278E0,9.852000237E0,-2.658000231E0
1.654659763E2,8.650050163E0,1.114995098E1,-6.652050495E0
1.654684199E2,3.943050146E0,1.099005032E1,-4.645050049E0
1.654708635E2,6.310500503E-1,1.015605068E1,1.026000023E0
1.654733070E2,1.105050087E0,1.011300087E1,2.809050083E0
1.654757506E2,4.195950031E0,1.141605091E1,7.069500089E-1
1.654781941E2,5.005950451E0,9.610950470E0,-2.887950182E0
1.654806377E2,2.986950159E0,8.667000771E0,-3.556050062E0
1.654830812E2,1.182000041E0,8.026050568E0,-1.626000047E0
1.654855248E2,3.504000187E0,8.254950523E0,-2.173950195E0
1.654879685E2,5.761950493E0,9.778050423E0,-4.399050236E0
1.654904119E2,3.097050190E0,9.874050140E0,-2.815950155E0
1.654928555E2,6.840000153E-1,8.428050041E0,1.713000059E0
1.654952990E2,-1.360500008E-1,7.609050274E0,1.375050068E0
1.654977426E2,3.000000119E-2,9.013950348E0,-4.240500331E-1
1.655001861E2,3.034950256E0,8.707950592E0,2.115000010E0
1.655026298E2,3.231000185E0,5.827950478E0,-3.646950245E0
1.655050734E2,1.819050074E0,4.306950092E0,-2.163000107E0
1.655075168E2,3.451950073E0,6.160050392E0,-1.180950046E0
1.655099605E2,7.077000141E0,6.084000111E0,-4.309950352E0
1.655124039E2,5.068050385E0,6.085950375E0,-5.209950447E0
1.655148476E2,2.496000051E0,6.622950077E0,-1.993050098E0
1.655172910E2,1.036050081E0,5.418000221E0,1.393950105E0
1.655197347E2,2.733000040E0,5.727000237E0,2.059950113E0
1.655221781E2,5.242950439E0,7.396050453E0,-5.989500284E-1
1.655246217E2,3.883050203E0,6.715950489E0,-2.019000053E0
1.655270654E2,8.659500480E-1,7.171050549E0,-1.210050106E0
1.655295088E2,6.340500116E-1,6.205950260E0,-9.130500555E-1
1.655319524E2,4.703999996E0,8.088000298E0,-3.646950245E0
1.655343959E2,5.793000221E0,9.639000893E0,-6.229950428E0
1.655368396E2,2.422049999E0,9.733050346E0,-3.654000282E0
1.655392832E2,-8.400000334E-1,1.010100079E1,1.737000108E0
1.655417267E2,-4.810500145E-1,1.029795074E1,1.665000081E0
1.655441703E2,1.444950104E0,1.214895058E1,1.399500072E-1
1.655466137E2,5.194950104E0,1.114305019E1,-3.415050268E0
1.655490574E2,2.674050093E0,8.416049957E0,-4.546950340E0
1.655515010E2,1.552950025E0,7.956000328E0,-1.708050132E0
1.655539445E2,3.229050159E0,1.038405037E1,-1.449000120E0
1.655563881E2,5.827050209E0,1.202205086E1,-4.990050316E0
1.655588316E2,4.194000244E0,1.148100090E1,-5.203050137E0
1.655612752E2,1.004999995E0,1.053195095E1,-2.601000071E0
1.655637186E2,2.050500065E-1,9.205950737E0,1.216950059E0
1.655661623E2,1.797000051E0,1.012500095E1,8.205000311E-2
1.655686059E2,4.321050167E0,1.037895012E1,-3.522000074E0
1.655710494E2,3.124050140E0,9.256050110E0,-3.918000221E0
1.655734930E2,1.599000096E0,7.516050339E0,-2.055000067E0
1.655759365E2,1.540950060E0,6.718050480E0,-1.090050101E0
1.655783801E2,4.186950207E0,8.646000862E0,-1.930050135E0
1.655808238E2,5.166000366E0,8.722050667E0,-3.778950214E0
1.655832672E2,2.809950113E0,8.551950455E0,-1.732050061E0
1.655857109E2,5.520000458E-1,8.467950821E0,2.125050068E0
1.655881543E2,1.800000072E0,9.522000313E0,3.517950058E0
1.655905979E2,4.515000343E0,1.021605015E1,1.437000036E0
1.655930414E2,5.688000202E0,9.046050072E0,-4.650000095E0
1.655954850E2,2.506050110E0,8.868000031E0,-7.248000145E0
1.655979285E2,4.519500136E-1,8.017950058E0,-3.064950228E0
1.656003721E2,3.033000231E0,8.776950836E0,-2.680050135E0
1.656028158E2,6.789000511E0,1.054695034E1,-5.260950089E0
1.656052592E2,5.452950478E0,1.002195072E1,-4.723950386E0
1.656077028E2,8.400000334E-1,9.414000511E0,-9.889500737E-1
1.656101463E2,1.189500093E-1,8.581050873E0,1.912050128E0
1.656125899E2,2.548950195E0,9.924000740E0,2.790000141E-1
1.656150336E2,6.001950264E0,9.900000572E0,-4.588050365E0
1.656174770E2,3.133050203E0,8.844000816E0,-4.866000175E0
1.656199207E2,8.110500574E-1,8.848950386E0,-9.850500226E-1
1.656223641E2,9.570000172E-1,8.674050331E0,1.726950049E0
1.656248077E2,4.330049992E0,9.523950577E0,2.710500062E-1
1.656272512E2,5.259000301E0,9.577050209E0,-3.135000229E0
1.656296948E2,2.109000206E0,9.694050789E0,-2.911950111E0
1.656321383E2,1.020000055E-1,9.081000328E0,4.219500124E-1
1.656345819E2,1.450500041E-1,8.422950745E0,1.581000090E0
1.656370254E2,3.504000187E0,9.334950447E0,-1.755000114E0
1.656394690E2,4.423950195E0,8.397000313E0,-4.969050407E0
1.656419127E2,1.375950098E0,8.029950142E0,-3.793050289E0
1.656443561E2,-3.060000241E-1,6.424050331E0,3.150000274E-1
1.656467997E2,1.945950150E0,7.348050117E0,9.630000591E-1
1.656492434E2,6.799050331E0,8.290950775E0,-2.875950098E0
1.656516869E2,5.929950237E0,7.006050110E0,-4.966050148E0
1.656541305E2,2.544000149E0,6.679950237E0,-3.112950087E0
1.656565740E2,1.090950012E0,6.192000389E0,4.510500133E-1
1.656590176E2,2.191950083E0,7.281000137E0,1.228950024E0
1.656614610E2,3.801000118E0,8.409000397E0,-2.470500171E-1
1.656639047E2,3.034950256E0,7.312050343E0,-1.039950013E0
1.656663481E2,1.906950116E0,6.529050350E0,-1.654950023E0
1.656687917E2,1.821000099E0,5.671950340E0,-1.933050036E0
1.656712352E2,4.477050304E0,7.048950195E0,-2.347050190E0
1.656736789E2,4.693950176E0,7.348050117E0,-3.778950214E0
1.656761225E2,1.624950051E0,7.759950161E0,-3.039000034E0
1.656785660E2,9.705000371E-2,7.405050278E0,1.255950093E0
1.656810096E2,4.660500288E-1,7.396050453E0,2.332950115E0
1.656834530E2,1.725000024E0,9.460050583E0,1.141050100E0
1.656858967E2,4.644000053E0,1.034100056E1,-1.273950100E0
1.656883403E2,3.253050089E0,8.629050255E0,-3.151050091E0
1.656907838E2,1.342050076E0,8.527950287E0,-1.075950027E0
1.656932274E2,1.488000035E0,1.022400093E1,3.460500240E-1
1.656956709E2,3.888000250E0,1.167195034E1,-2.979000092E0
1.656981145E2,4.335000038E0,1.195200062E1,-5.859000206E0
1.657005580E2,3.235950232E0,1.041000080E1,-4.558950424E0
1.657030016E2,1.546050072E0,9.151050568E0,-1.638000131E0
1.657054450E2,1.258950114E0,1.019505024E1,-4.150500298E-1
1.657078887E2,2.191950083E0,1.189995098E1,-9.870000482E-1
1.657103323E2,3.603000164E0,1.135605049E1,-3.051000118E0
1.657127758E2,2.602050066E0,9.880950928E0,-3.333000183E0
1.657152194E2,2.680950165E0,9.337950706E0,-1.008000016E0
1.657176629E2,4.021950245E0,9.831000328E0,-1.783950090E0
1.657201066E2,6.543000221E0,1.078905010E1,-3.940950155E0
1.657225502E2,4.849950314E0,1.108995056E1,-4.605000019E0
1.657249936E2,2.128050089E0,9.867000580E0,-2.467050076E0
1.657274373E2,1.302000046E0,8.191050529E0,1.702950120E0
1.657298807E2,1.471950054E0,8.350950241E0,2.128950119E0
1.657323243E2,2.343000174E0,9.997950554E0,1.690500081E-1
1.657347678E2,2.809950113E0,7.780950546E0,-1.924950123E0
1.657372114E2,1.860000134E0,6.433050156E0,-2.470950127E0
1.657396549E2,7.530000210E-1,6.939000130E0,-1.200000048E-1
1.657420986E2,1.432950020E0,8.509050369E0,5.850000381E-1
1.657445422E2,4.309050083E0,9.304050446E0,-2.056950092E0
1.657469857E2,5.482050419E0,9.591000557E0,-3.466950178E0
1.657494293E2,3.142950058E0,9.177000046E0,-3.205950260E0
1.657518727E2,1.744950056E0,1.007295036E1,-8.910000324E-1
1.657543164E2,1.029000044E0,1.035795021E1,5.760000348E-1
1.657567601E2,1.237050056E0,1.114500046E1,-1.729500145E-1
1.657592035E2,2.668950081E0,1.041000080E1,-1.686000109E0
1.657616471E2,2.815050125E0,9.702000618E0,-3.190050125E0
1.657640906E2,3.231000185E0,8.868000031E0,-3.501000166E0
1.657665342E2,3.820050240E0,9.613050461E0,-3.697050095E0
1.657689777E2,6.343950272E0,1.171500015E1,-4.969050407E0
1.657714213E2,4.873950005E0,1.188795090E1,-4.047000408E0
1.657738648E2,1.371000051E0,1.167195034E1,-6.450000405E-1
1.657763085E2,5.710500479E-1,1.030995083E1,1.426050067E0
1.657787521E2,4.519500136E-1,1.090800095E1,4.219500124E-1
1.657811955E2,1.432950020E0,1.145205021E1,7.789500356E-1
1.657836392E2,4.522050381E0,1.001505089E1,3.889500201E-1
1.657860826E2,3.430050135E0,8.430000305E0,-4.252950191E0
1.657885263E2,1.263000011E0,9.196050644E0,-2.185950041E0
1.657909699E2,9.589500427E-1,1.085595036E1,-8.700000495E-2
1.657934134E2,2.793000221E0,9.888000488E0,-1.435050011E0
1.657958570E2,3.820050240E0,9.109950066E0,-2.746950150E0
1.657983005E2,3.205050230E0,8.398950577E0,-2.359050035E0
1.658007441E2,1.777950048E0,7.783950329E0,-1.680000126E-1
1.658031875E2,2.037000179E0,8.221950531E0,1.420950055E0
1.658056312E2,2.592000008E0,8.284049988E0,3.120000064E-1
1.658080746E2,3.054000139E0,8.533050537E0,-5.869500041E-1
1.658105183E2,2.341050148E0,8.161950111E0,-1.011000037E0
1.658129619E2,3.112050056E0,8.358000755E0,-1.971000075E0
1.658154054E2,3.777000189E0,8.332050323E0,-2.914050102E0
1.658178490E2,4.450050354E0,1.017795086E1,-3.718950272E0
1.658202925E2,4.243950367E0,1.123605061E1,-3.144000053E0
1.658227361E2,2.482050180E0,1.074495029E1,-1.291050076E0
1.658251798E2,1.210950017E0,1.057095051E1,-1.009500027E-1
1.658276232E2,7.099500299E-1,1.014000034E1,2.119500041E-1
1.658300669E2,2.013000011E0,1.083600044E1,-5.730000138E-1
1.658325103E2,4.471950054E0,1.009200001E1,-3.646950245E0
1.658349539E2,3.612000227E0,8.791950226E0,-3.505950212E0
1.658373976E2,1.171950102E0,8.803950310E0,-5.059500337E-1
1.658398410E2,4.729500115E-1,9.499950409E0,5.710500479E-1
1.658422847E2,1.645950079E0,1.119300079E1,-8.620500565E-1
1.658447282E2,5.547000408E0,1.070505047E1,4.459500313E-1
1.658471718E2,4.809000015E0,8.952000618E0,-2.809050083E0
1.658496153E2,3.009000063E0,9.081000328E0,-2.782950163E0
1.658520589E2,1.906950116E0,8.988000870E0,-2.503050089E0
1.658545023E2,2.310000181E0,8.839950562E0,-2.119050026E0
1.658569460E2,2.662050009E0,8.836950302E0,-2.340000153E0
1.658593896E2,2.520000219E0,6.601050377E0,-2.464050055E0
1.658618331E2,2.041949987E0,5.746050358E0,-8.380500674E-1
1.658642767E2,2.653950214E0,6.346950531E0,9.405000508E-2
1.658667202E2,4.672950268E0,6.618000507E0,-9.820500612E-1
1.658691638E2,5.110950470E0,6.736950397E0,-1.518000126E0
1.658716072E2,3.741000175E0,7.432050228E0,-1.654950023E0
1.658740509E2,1.918950081E0,7.362000465E0,-2.008949995E0
1.658764943E2,9.259500504E-1,7.719000340E0,-1.009500027E-1
1.658789379E2,1.510050058E0,9.475950241E0,9.750000238E-1
1.658813816E2,2.319000006E0,9.499950409E0,-6.130500436E-1
1.658838251E2,1.825950146E0,9.007050514E0,-1.462950110E0
1.658862687E2,1.141050100E0,8.406000137E0,-4.095000029E-2
1.658887122E2,4.590000212E-1,8.380050659E0,3.000000119E-1
1.658911558E2,1.251000047E0,9.781050682E0,-3.240000010E-1
1.658935995E2,4.524000168E0,1.052505016E1,-3.166050196E0
1.658960429E2,4.611000061E0,1.033095074E1,-5.079000473E0
1.658984866E2,4.192049980E0,1.014705086E1,-3.388050079E0
1.659009300E2,2.046000004E0,1.154505062E1,-1.344000101E0
1.659033736E2,1.408950090E0,1.232295036E1,5.539500117E-1
1.659058171E2,1.450050116E0,1.195500088E1,-1.255050063E0
1.659082608E2,1.821000099E0,1.165305042E1,3.670500219E-1
1.659107042E2,2.860050201E0,1.181595039E1,1.021050096E0
1.659131479E2,3.472950220E0,1.055400085E1,-2.512050152E0
1.659155915E2,3.877950191E0,1.013700008E1,-3.502950191E0
1.659180349E2,5.434050083E0,1.225605011E1,-5.593950272E0
1.659204786E2,4.338000298E0,1.251195049E1,-5.287050247E0
1.659229220E2,2.212050200E0,1.218900013E1,-2.281949997E0
1.659253657E2,1.327950120E0,1.098495007E1,8.410500288E-1
1.659278093E2,1.551000118E0,1.048695087E1,2.146050215E0
1.659302528E2,2.698050022E0,1.213905048E1,2.065050125E0
1.659326964E2,4.045950413E0,1.131105042E1,-1.570950031E0
1.659351399E2,3.262950182E0,1.042200089E1,-4.180950165E0
1.659375835E2,1.299000025E0,1.034805012E1,-2.377950191E0
1.659400270E2,6.169500351E-1,1.041495037E1,1.143000007E0
1.659424706E2,8.280000687E-1,1.042695045E1,-5.509500504E-1
1.659449140E2,1.464000106E0,1.036995029E1,-1.159050107E0
1.659473576E2,2.130000114E0,1.114305019E1,1.734000087E0
1.659498013E2,2.479950190E0,1.014195061E1,6.040500402E-1
1.659522448E2,2.085000038E0,8.638050079E0,-5.779500008E-1
1.659546884E2,2.323950052E0,9.649050713E0,-1.198050022E0
1.659571319E2,2.422049999E0,1.143000031E1,-2.610000074E-1
1.659595755E2,2.190000057E0,1.163100052E1,1.900500059E-1
1.659620192E2,1.480950117E0,1.098300076E1,-4.150500298E-1
1.659644626E2,1.488000035E0,9.265950203E0,4.920000136E-1
1.659669062E2,1.539000034E0,9.867000580E0,-3.000000026E-3
1.659693497E2,3.175950050E0,1.108800030E1,5.100000277E-2
1.659717933E2,4.363950253E0,1.189005089E1,-3.147000074E0
1.659742368E2,2.856000185E0,1.189005089E1,-3.265950203E0
1.659766805E2,1.134000063E0,1.133400059E1,-1.228950024E0
1.659791241E2,5.140500069E-1,1.086495018E1,5.100000277E-2
1.659815675E2,5.929500461E-1,1.162200069E1,4.905000329E-2
1.659840112E2,2.461050034E0,1.113105011E1,-9.169500470E-1
1.659864546E2,2.757000208E0,9.156000137E0,-3.481950283E0
1.659888983E2,1.198950052E0,7.824000359E0,-1.581000090E0
1.659913417E2,5.359500051E-1,8.124000549E0,9.405000508E-2
1.659937853E2,3.223950148E0,9.073950768E0,-1.084950089E0
1.659962288E2,6.093000412E0,8.806050301E0,-4.353000164E0
1.659986725E2,5.488950253E0,7.693050385E0,-6.496050358E0
1.660011161E2,3.732000113E0,6.346950531E0,-6.601950169E0
1.660035596E2,1.690050125E0,5.734050274E0,-3.949050188E0
1.660060032E2,1.387950063E0,6.273000240E0,-1.255050063E0
1.660084466E2,1.965000153E0,7.915050507E0,-1.059000015E0
1.660108902E2,1.797000051E0,5.404050350E0,-9.580500722E-1
1.660133337E2,3.490050077E0,3.189000130E0,-1.288950086E0
1.660157774E2,3.733950138E0,3.678000212E0,-2.835000038E0
1.660182208E2,3.093000174E0,4.585050106E0,-2.503050089E0
1.660206645E2,3.214950085E0,5.061000347E0,-2.245950222E0
1.660231081E2,3.081000090E0,4.015050411E0,-2.787000179E0
1.660255516E2,2.518050194E0,3.213000059E0,-2.368050098E0
1.660279952E2,3.763050079E0,3.541050196E0,-8.940000534E-1
1.660304386E2,3.282000065E0,4.786050320E0,1.540500075E-1
1.660328822E2,2.200050116E0,6.357000351E0,2.539050102E0
1.660353259E2,1.761000037E0,6.819000244E0,2.026050091E0
1.660377694E2,2.403000116E0,6.760950089E0,3.889500201E-1
1.660402130E2,2.451000214E0,8.563950539E0,-2.239050150E0
1.660426565E2,2.820000172E0,1.042500019E1,-2.068950176E0
1.660451001E2,3.943050146E0,1.197105026E1,-2.526000023E0
1.660475438E2,4.327950001E0,1.258905029E1,-4.416000366E0
1.660499872E2,4.318050385E0,1.185600090E1,-3.850050211E0
1.660524308E2,3.373050213E0,1.146405029E1,-4.118999958E0
1.660548743E2,1.897950053E0,1.196400070E1,-2.794950247E0
1.660573179E2,2.142000198E0,1.339605045E1,-5.595000088E-2
1.660597614E2,1.696950078E0,1.244295025E1,-1.560000032E-1
1.660622050E2,4.450500309E-1,1.029795074E1,-7.930500507E-1
1.660646485E2,1.879500151E-1,1.110705090E1,-2.019000053E0
1.660670921E2,1.588950038E0,1.335795021E1,1.690500081E-1
1.660695358E2,1.732950091E0,1.244505024E1,-4.960500300E-1
1.660719792E2,9.280500412E-1,1.149195099E1,-1.486950040E0
1.660744228E2,9.880500436E-1,1.219395065E1,3.889500201E-1
1.660768663E2,2.061000109E0,1.381305027E1,4.030500054E-1
1.660793099E2,9.160500169E-1,1.075995064E1,-3.204000235E0
1.660817536E2,2.893950224E0,6.958050251E0,-2.874000072E0
1.660841970E2,4.888050079E0,8.943000793E0,-6.007950306E0
1.660866407E2,4.681950092E0,8.421000481E0,-6.048000336E0
1.660890841E2,4.498050213E0,7.639950275E0,-1.879950047E0
1.660915278E2,1.696950078E0,8.088000298E0,6.259500384E-1
1.660939712E2,1.189500093E-1,8.683950424E0,3.298050165E0
1.660964148E2,1.147950053E0,9.670050621E0,1.512000084E0
1.660988583E2,1.998000145E0,9.618000031E0,-1.068000078E0
1.661013019E2,2.604000092E0,1.010400009E1,7.120500207E-1
1.661037454E2,3.294000149E0,1.110000038E1,1.552050114E0
1.661061891E2,5.698050499E0,1.055400085E1,7.690500617E-1
1.661086327E2,3.990000248E0,9.424050331E0,-1.248000026E0
1.661110762E2,2.604000092E0,9.013950348E0,-2.955000162E0
1.661135198E2,2.098950148E0,9.079050064E0,-5.572050095E0
1.661159632E2,1.903050065E0,9.019050598E0,-3.417000055E0
1.661184069E2,1.611000061E0,8.167050362E0,-2.131050110E0
1.661208506E2,2.341050148E0,7.923000336E0,-1.969500035E-1
1.661232940E2,3.186000109E0,8.044950485E0,7.690500617E-1
1.661257376E2,4.450050354E0,8.314949989E0,-2.950500250E-1
1.661281811E2,4.429050446E0,9.136950493E0,-1.300950050E0
1.661306247E2,2.688000202E0,1.051800060E1,-1.288950086E0
1.661330682E2,1.345050097E0,9.766050339E0,-9.730500579E-1
1.661355118E2,5.380499959E-1,8.275050163E0,-1.175999999E0
1.661379553E2,6.940500140E-1,8.305950165E0,-2.830500007E-1
1.661403989E2,1.906950116E0,9.517050743E0,-1.039950013E0
1.661428426E2,3.366000175E0,9.859950066E0,-2.574000120E0
1.661452860E2,1.921950102E0,8.935050011E0,-3.124950171E0
1.661477296E2,6.720000505E-1,8.344050407E0,-2.179500163E-1
1.661501731E2,6.859500408E-1,9.019050598E0,1.117050052E0
1.661526168E2,3.636000156E0,9.184050560E0,-1.104000092E0
1.661550602E2,6.142950058E0,9.666000366E0,-6.079950333E0
1.661575039E2,6.399000168E0,8.670000076E0,-7.887000561E0
1.661599475E2,3.205050230E0,8.860950470E0,-7.240950108E0
1.661623910E2,1.144050002E0,7.887000561E0,-3.070050240E0
1.661648346E2,1.243950009E0,7.207050323E0,5.800500512E-1
1.661672780E2,2.317050219E0,8.689050674E0,1.906950116E0
1.661697217E2,2.130000114E0,8.365950584E0,2.268000126E0
1.661721651E2,1.861950040E0,7.003050327E0,1.179000020E0
1.661746088E2,2.383949995E0,6.373050213E0,-2.470500171E-1
1.661770524E2,2.425050020E0,6.217950344E0,-1.186050057E0
1.661794959E2,3.751050234E0,8.029950142E0,-7.500000596E-1
1.661819395E2,4.090950012E0,8.931000710E0,-2.052000046E0
1.661843830E2,2.868000031E0,8.950050354E0,-3.027000189E0
1.661868266E2,1.420950055E0,8.038050652E0,-2.529000044E0
1.661892703E2,8.989500403E-1,6.760950089E0,-1.213950038E0
1.661917137E2,1.507950068E0,7.381050587E0,-5.100000277E-2
1.661941573E2,1.977000117E0,8.275050163E0,2.520000041E-1
1.661966008E2,2.580000162E0,8.682000160E0,-8.620500565E-1
1.661990444E2,2.020050049E0,8.413050652E0,-1.783950090E0
1.662014879E2,1.098000050E0,8.421000481E0,-1.390500069E-1
1.662039316E2,6.550500393E-1,8.614950180E0,2.620500028E-1
1.662063750E2,1.347000122E0,9.714000702E0,-9.010500312E-1
1.662088186E2,2.086950064E0,1.150395012E1,-1.540500075E-1
1.662112623E2,2.082000017E0,1.138695049E1,4.579500258E-1
1.662137057E2,1.740000129E0,9.201000214E0,7.050000429E-1
1.662161494E2,2.827050209E0,8.530950546E0,8.505000174E-2
1.662185928E2,3.310050249E0,9.610950470E0,-3.787950277E0
1.662210364E2,2.848050117E0,1.034295082E1,-3.895950079E0
1.662234799E2,2.341050148E0,1.063095093E1,-3.517950058E0
1.662259236E2,1.555050015E0,1.071900082E1,-2.040000200E0
1.662283672E2,1.407000065E0,9.988950729E0,-5.659500360E-1
1.662308107E2,2.652000189E0,9.577050209E0,-4.600500166E-1
1.662332543E2,3.958950281E0,1.024695015E1,-9.730500579E-1
1.662356978E2,5.547000408E0,1.079595089E1,-2.613000154E0
1.662381414E2,6.358050346E0,1.066605091E1,-5.862000465E0
1.662405848E2,4.462050438E0,1.055595016E1,-6.805050373E0
1.662430285E2,2.118000031E0,9.754050255E0,-3.762000084E0
1.662454721E2,1.797000051E0,9.357000351E0,-1.990500093E-1
1.662479156E2,2.061000109E0,9.955050468E0,1.143000007E0
1.662503592E2,2.326050043E0,1.055895042E1,1.677000046E0
1.662528027E2,3.394050121E0,9.919050217E0,-4.579500258E-1
1.662552463E2,2.680950165E0,8.989950180E0,-3.012000084E0
1.662576898E2,1.486050129E0,9.093000412E0,-2.476050138E0
1.662601335E2,9.019500613E-1,9.976950645E0,-5.149500370E-1
1.662625771E2,1.180050015E0,1.057800007E1,-3.405000269E-2
1.662650206E2,3.130950212E0,1.112595081E1,-1.681050062E0
1.662674642E2,5.403000355E0,9.490950584E0,-6.328950405E0
1.662699076E2,4.885950089E0,7.855950356E0,-7.401000500E0
1.662723513E2,3.346050262E0,7.462950230E0,-4.815000057E0
1.662747950E2,2.092050076E0,7.791000366E0,-1.783950090E0
1.662772383E2,1.776000142E0,8.464050293E0,1.015950084E0
1.662796818E2,2.305050135E0,8.773050308E0,1.543050051E0
1.662821255E2,2.251950026E0,7.855950356E0,1.737000108E0
1.662845691E2,2.880000114E0,8.020950317E0,1.311000109E0
1.662870126E2,4.267950058E0,8.457000732E0,2.569500208E-1
1.662894562E2,4.225049973E0,1.005405045E1,-6.540000439E-1
1.662918997E2,3.676950216E0,1.247700024E1,-2.311050177E0
1.662943433E2,2.760000229E0,1.247895050E1,-4.948950291E0
1.662967870E2,1.174950004E0,1.182105064E1,-5.608050346E0
1.662992304E2,1.960500032E-1,1.048200035E1,-4.212000370E0
1.663016740E2,4.399500191E-1,1.030995083E1,-1.933050036E0
1.663041175E2,9.739500284E-1,1.063800049E1,-3.330000043E-1
1.663065611E2,2.815050125E0,1.059900093E1,3.310500085E-1
1.663090046E2,3.564000130E0,1.135095024E1,-1.405950069E0
1.663114482E2,3.499950171E0,1.104195023E1,-1.665000081E0
1.663138919E2,4.702050209E0,1.100595093E1,-2.419050217E0
1.663163354E2,5.251950264E0,1.162905025E1,-2.376000166E0
1.663187790E2,4.157999992E0,1.193805027E1,-1.687950134E0
1.663212224E2,3.964050293E0,1.233000088E1,-2.725050211E0
1.663236661E2,4.251000404E0,1.056105042E1,-4.532999992E0
1.663261095E2,3.721950293E0,8.986050606E0,-5.289000034E0
1.663285531E2,2.932050228E0,8.362950325E0,-4.011000156E0
1.663309966E2,2.760000229E0,8.245950699E0,-2.179050207E0
1.663334403E2,1.963050127E0,7.188000202E0,-5.440500379E-1
1.663358839E2,2.086950064E0,7.312050343E0,-7.200000435E-2
1.663383274E2,1.354050040E0,7.410000324E0,3.820500076E-1
1.663407710E2,3.030000031E-1,4.912950039E0,-3.000000026E-3
1.663432145E2,1.836000085E0,6.330000401E0,-1.699500084E-1
1.663456581E2,3.439950228E0,5.401050091E0,-1.504050016E0
1.663481018E2,5.250000477E0,5.176050186E0,-9.649500251E-1
1.663505451E2,5.575050354E0,7.104000568E0,-2.634000063E0
1.663529888E2,4.953000069E0,7.666050434E0,-3.775950193E0
1.663554323E2,3.483000278E0,8.242950439E0,-1.923000097E0
1.663578759E2,8.989500403E-1,8.289000511E0,6.599999964E-2
1.663603194E2,-5.430000424E-1,8.776950836E0,1.990950108E0
1.663627630E2,-2.460000068E-1,8.974050522E0,-2.880000174E-1
1.663652065E2,1.095000096E-2,8.171999931E0,-5.490000248E-1
1.663676501E2,5.700000376E-2,8.080950737E0,-2.160000056E-1
1.663700938E2,1.879500151E-1,8.491950035E0,-1.246050000E0
1.663725372E2,7.870500088E-1,8.715000153E0,-2.710500062E-1
1.663749808E2,1.183950067E0,8.574000359E0,-1.377000093E0
1.663774243E2,1.006950021E0,9.205950737E0,-2.086050034E0
1.663798679E2,1.539000034E0,1.131105042E1,7.360500097E-1
1.663823114E2,1.660950065E0,1.196400070E1,-9.105000645E-2
1.663847551E2,1.552950025E0,1.184700012E1,1.800000072E-1
1.663871987E2,1.402050018E0,1.131300068E1,6.330000162E-1
1.663896422E2,1.447950125E0,1.114095020E1,1.483050108E0
1.663920858E2,6.600000262E-1,1.219395065E1,2.203950167E0
1.663945292E2,-5.530500412E-1,1.173405075E1,1.603050113E0
1.663969729E2,-1.558050036E0,1.179705048E1,1.441950083E0
1.663994163E2,-4.879500270E-1,1.066395092E1,3.247950077E0
1.664018599E2,1.579050064E0,9.748950005E0,2.857050180E0
1.664043034E2,3.562050104E0,1.002195072E1,2.686950207E0
1.664067471E2,4.386000156E0,9.793050766E0,3.633000135E0
1.664091907E2,4.239000320E0,9.253950119E0,2.481000185E0
1.664116342E2,4.797000408E0,9.591000557E0,4.296000004E0
1.664140778E2,1.259100056E1,6.936000347E0,-7.258050442E0
1.664165212E2,5.779050350E0,7.465050220E0,-2.475495148E1
1.664189649E2,3.519000053E0,7.959000587E0,-2.637600136E1
1.664214083E2,1.720950127E0,7.461000443E0,-1.800795174E1
1.664238520E2,1.210950017E0,8.755949974E0,-6.106050491E0
1.664262956E2,-8.430000544E-1,9.208050728E0,4.998000145E0
1.664287391E2,-5.890500546E-1,6.532050133E0,6.097050190E0
1.664311827E2,1.144050002E0,6.306000233E0,2.979000092E0
1.664336261E2,3.222000122E0,5.818050385E0,3.817050219E0
1.664360698E2,4.089000225E0,5.356050491E0,5.319000244E0
1.664385132E2,4.231950283E0,5.200050354E0,3.894000292E0
1.664409568E2,4.387950420E0,6.084000111E0,3.199950218E0
1.664434005E2,7.062000275E0,5.698050499E0,4.870500267E-1
1.664458440E2,4.350000381E0,4.954050064E0,-1.034400082E1
1.664482876E2,1.809000134E0,6.381000519E0,-1.167000103E1
1.664507310E2,2.770500183E-1,5.868000507E0,-6.843000412E0
1.664531747E2,7.800000310E-1,6.175050259E0,-1.009500027E-1
1.664556184E2,1.204050064E0,7.654050350E0,2.613000154E0
1.664580618E2,1.278000116E0,7.149000168E0,5.970000029E-1
1.664605054E2,9.210000634E-1,6.208050251E0,-4.750500321E-1
1.664629489E2,1.144050002E0,7.422000408E0,4.605000094E-2
1.664653925E2,1.551000118E0,8.952000618E0,5.899500251E-1
1.664678359E2,1.888050079E0,9.342000008E0,4.489500225E-1
1.664702796E2,1.795050144E0,9.603000641E0,1.251000047E0
1.664727230E2,1.795050144E0,9.784950256E0,1.330050111E0
1.664751667E2,1.395000100E0,9.615000725E0,8.170500398E-1
1.664776101E2,4.813950062E0,8.503950119E0,1.624050021E0
1.664800538E2,4.420950413E0,7.342950344E0,-7.966050148E0
1.664824974E2,2.578050137E0,8.089950562E0,-8.200950623E0
1.664849408E2,2.362050056E0,8.011050224E0,-7.906050205E0
1.664873845E2,1.654050112E0,8.848950386E0,-2.287050009E0
1.664898279E2,8.400000334E-1,8.791950226E0,9.705000371E-2
1.664922716E2,1.254000068E0,8.554950714E0,4.770000279E-1
1.664947152E2,2.121000051E0,8.080950737E0,7.500000596E-1
1.664971587E2,2.259000063E0,8.755949974E0,-2.929500043E-1
1.664996023E2,1.927050114E0,9.424050331E0,1.207950115E0
1.665020458E2,2.226000071E0,9.898050308E0,1.900050044E0
1.665044894E2,2.233050108E0,9.919050217E0,2.206050158E0
1.665069328E2,2.674050093E0,8.799000740E0,3.424950123E0
1.665093764E2,5.005950451E0,7.060950279E0,-2.526000023E0
1.665118199E2,2.566050053E0,9.562950134E0,-3.442950249E0
1.665142636E2,2.098950148E0,9.426000595E0,-6.678000450E0
1.665167072E2,7.939500213E-1,9.073950768E0,-6.585000515E0
1.665191507E2,2.013000011E0,8.526000023E0,-1.501950026E0
1.665215943E2,2.833950043E0,9.151050568E0,8.959500194E-1
1.665240377E2,3.720000267E0,9.469050407E0,1.078050017E0
1.665264814E2,2.743050098E0,9.364050865E0,1.006950021E0
1.665289250E2,2.202000141E0,1.034805012E1,1.369500011E-1
1.665313685E2,3.301050186E0,1.020195007E1,-8.050500154E-1
1.665338121E2,3.543000221E0,1.018305016E1,-4.248000145E0
1.665362556E2,4.171950340E0,1.041495037E1,-5.632050037E0
1.665386992E2,4.048050404E0,1.043205070E1,-4.936950207E0
1.665411429E2,2.868000031E0,1.069995022E1,-3.313950062E0
1.665435863E2,1.476000071E0,1.106895065E1,-1.102050066E0
1.665460300E2,1.066950083E0,1.131795025E1,9.919500351E-1
1.665484733E2,6.820500493E-1,1.137300014E1,1.849500090E-1
1.665509170E2,1.195950031E0,1.092300034E1,1.995000057E-2
1.665533605E2,2.056050062E0,1.017300034E1,1.357950091E0
1.665558041E2,2.398050070E0,1.008195019E1,3.550500274E-1
1.665582476E2,2.461050034E0,9.706050873E0,2.160000056E-1
1.665606912E2,2.671050072E0,1.013700008E1,-9.580500722E-1
1.665631346E2,2.860050201E0,1.101600075E1,-1.990500093E-1
1.665655783E2,2.752950191E0,1.092000008E1,1.009050012E0
1.665680219E2,2.520000219E0,1.100895023E1,4.579500258E-1
1.665704654E2,2.506050110E0,1.172505093E1,-3.450000286E-1
1.665729090E2,2.439000130E0,1.223700047E1,-1.680000126E-1
1.665753525E2,1.816050053E0,1.189995098E1,-3.000000119E-1
1.665777961E2,7.219500542E-1,1.190205097E1,-8.119500279E-1
1.665802398E2,1.708950043E0,1.216800022E1,1.305000018E-2
1.665826832E2,3.696000099E0,1.155195045E1,-5.365950108E0
1.665851268E2,4.243950367E0,1.168905067E1,-7.369950294E0
1.665875703E2,2.391000032E0,1.090605068E1,-6.139050484E0
1.665900139E2,1.765950084E0,1.013700008E1,-3.028950214E0
1.665924574E2,1.584000111E0,9.486000061E0,-8.430000544E-1
1.665949010E2,2.803050041E0,9.093000412E0,-3.910500109E-1
1.665973445E2,5.326050282E0,8.482950211E0,-5.460000038E-1
1.665997882E2,5.008050442E0,6.912000179E0,-1.363050103E0
1.666022318E2,3.981000185E0,6.589050293E0,-2.838000059E0
1.666046752E2,3.070950031E0,6.772950172E0,-2.425950050E0
1.666071189E2,2.614050150E0,6.369000435E0,-1.174050093E0
1.666095623E2,2.590050220E0,6.904950142E0,-4.819500148E-1
1.666120060E2,1.966950059E0,7.104000568E0,-1.680000126E-1
1.666144496E2,1.366050124E0,7.027050495E0,5.400000215E-1
1.666168931E2,1.135950089E0,6.924000263E0,6.739500165E-1
1.666193367E2,1.488000035E0,6.370950222E0,-5.700000525E-1
1.666217802E2,2.230950117E0,5.509050369E0,-1.459050059E0
1.666242238E2,4.227000237E0,4.183050156E0,-4.672049999E0
1.666266672E2,4.645950317E0,2.914050102E0,-9.087000847E0
1.666291109E2,3.508950233E0,3.091050148E0,-7.573950291E0
1.666315543E2,2.713950157E0,3.430950165E0,-3.985050201E0
1.666339979E2,3.114000082E0,3.916950226E0,-9.799500704E-1
1.666364416E2,2.578050137E0,3.589050055E0,7.620000243E-1
1.666388851E2,1.156050086E0,3.208050251E0,1.191000104E0
1.666413287E2,4.879500270E-1,3.832950115E0,1.014000058E0
1.666437722E2,2.359500080E-1,3.733050108E0,2.091000080E0
1.666462158E2,1.072050095E0,1.245000005E0,7.429500222E-1
1.666486592E2,2.668950081E0,8.980500698E-1,-1.581000090E0
1.666511029E2,3.840000153E0,1.438950062E0,-4.339050293E0
1.666535465E2,3.672000170E0,1.927050114E0,-6.769050121E0
1.666559900E2,2.640000105E0,3.250950098E0,-4.867950439E0
1.666584336E2,3.898950100E0,4.683000088E0,-1.636050105E0
1.666608771E2,3.540000200E0,7.471950531E0,1.564050078E0
1.666633207E2,2.085000038E0,1.069500065E1,3.124950171E0
1.666657642E2,2.188050032E0,1.278105068E1,2.404950142E0
1.666682078E2,2.058000088E0,1.343895054E1,7.099500299E-1
1.666706515E2,3.186000109E0,1.408995056E1,1.564050078E0
1.666730949E2,2.416950226E0,1.446600056E1,1.224000096E0
1.666755386E2,1.804050088E0,1.498095036E1,-3.640500307E-1
1.666779820E2,3.397050142E0,1.718400002E1,6.599999964E-2
1.666804256E2,4.869000435E0,1.822994995E1,2.929500043E-1
1.666828693E2,5.848050117E0,1.754505157E1,-1.693050027E0
1.666853128E2,2.359950066E0,1.751700020E1,-9.477000237E0
1.666877564E2,6.580500603E-1,1.798605156E1,-1.012605095E1
1.666901999E2,-2.539499998E-1,1.897905159E1,-8.164950371E0
1.666926435E2,-1.840500087E-1,1.444695091E1,-6.214050293E0
1.666950869E2,-1.360500008E-1,1.161705017E1,-3.277950048E0
1.666975305E2,1.435950041E0,1.251195049E1,5.989500284E-1
1.666999740E2,1.965000153E0,1.399695110E1,1.009050012E0
1.667024176E2,1.414050102E0,1.135395050E1,9.079500437E-1
1.667048611E2,-3.810000122E-1,1.175805092E1,1.828050137E0
1.667073048E2,-1.210950017E0,6.795000553E0,-9.460500479E-1
1.667097484E2,-1.365000010E0,7.354950428E0,-4.240500331E-1
1.667121919E2,-1.609050035E0,9.888000488E0,4.144950390E0
1.667146355E2,5.959050179E0,7.602000237E0,3.250050068E0
1.667170789E2,6.640950203E0,6.144000053E0,-2.740050077E0
1.667195226E2,7.639050484E0,5.842050076E0,3.000000119E-2
1.667219662E2,1.312695026E1,9.595950127E0,-5.710950375E0
1.667244097E2,9.258000374E0,8.039999962E0,-8.716050148E0
1.667268533E2,5.656950474E0,9.919050217E0,-3.882000208E0
1.667292968E2,4.860000134E0,1.075305080E1,-3.301950216E0
1.667317404E2,5.583000183E0,1.090800095E1,-4.255050182E0
1.667341839E2,5.287950039E0,1.200000095E1,-4.966050148E0
1.667366275E2,2.689950228E0,1.365705109E1,-2.922000170E0
1.667390709E2,2.899050236E0,1.273800087E1,-9.820500612E-1
1.667415146E2,3.856050253E0,1.341705036E1,-8.650500178E-1
1.667439582E2,5.062950134E0,1.480605030E1,-5.970000029E-1
1.667464017E2,4.159950256E0,1.223700047E1,-2.542950153E0
1.667488453E2,2.974950075E0,1.052295017E1,-2.233950138E0
1.667512888E2,2.614050150E0,1.144695091E1,-1.638000131E0
1.667537325E2,2.176050186E0,1.088700008E1,-7.789500356E-1
1.667561761E2,2.154000044E0,9.297000885E0,-2.419050217E0
1.667586195E2,3.363000154E0,8.779950142E0,-5.134050369E0
1.667610632E2,5.133000374E0,8.494950294E0,-6.927000523E0
1.667635066E2,6.478050232E0,7.519950390E0,-8.799000740E0
1.667659503E2,4.933950424E0,7.791000366E0,-7.300950527E0
1.667683937E2,2.182950020E0,6.748950481E0,-2.275050163E0
1.667708373E2,1.339950085E0,5.899050236E0,6.336000443E0
1.667732808E2,2.925000191E0,6.139050484E0,4.681950092E0
1.667757245E2,3.907050133E0,6.139050484E0,2.302050114E0
1.667781681E2,4.345050335E0,4.815000057E0,2.320950031E0
1.667806116E2,3.897000074E0,6.325950146E0,-1.351050019E0
1.667830552E2,2.382000208E0,8.167050362E0,-3.364050150E0
1.667854986E2,1.050000072E0,8.931000710E0,-4.000950336E0
1.667879422E2,5.950500369E-1,8.052000046E0,-2.124000072E0
1.667903859E2,5.740500093E-1,9.510000229E0,-1.509000063E0
1.667928294E2,2.161050081E0,1.064700031E1,-9.799500704E-1
1.667952730E2,2.985000134E0,8.875950813E0,-2.152950048E0
1.667977165E2,2.805000067E0,9.247050285E0,-3.289950132E0
1.668001601E2,3.736950159E0,9.820950508E0,-4.030050278E0
1.668026035E2,3.472950220E0,8.890050888E0,-3.999000072E0
1.668050472E2,2.374050140E0,9.414000511E0,-2.778000116E0
1.668074908E2,3.028050184E0,9.354000092E0,-1.339050055E0
1.668099343E2,3.265050173E0,9.237000465E0,7.500000298E-2
1.668123779E2,3.973950148E0,9.060000420E0,-3.360000253E-1
1.668148214E2,4.189050198E0,7.681050301E0,-1.459050059E0
1.668172650E2,3.964050293E0,7.306950569E0,-2.136000156E0
1.668197085E2,3.466050148E0,7.374000549E0,-3.070050240E0
1.668221522E2,3.769950151E0,6.843000412E0,-3.870000124E0
1.668245958E2,4.066950321E0,5.607000351E0,-6.412050247E0
1.668270392E2,4.705950260E0,4.918050289E0,-6.463050365E0
1.668294829E2,4.773000240E0,6.115050316E0,-4.518000126E0
1.668319263E2,4.183950424E0,6.450000286E0,-1.945050120E0
1.668343699E2,3.844050169E0,6.637050152E0,8.290500641E-1
1.668368134E2,3.718050241E0,7.513050556E0,2.941050053E0
1.668392570E2,4.684950352E0,8.317950249E0,2.704050064E0
1.668417005E2,5.556000233E0,8.710050583E0,-7.020000219E-1
1.668441441E2,4.504950047E0,8.611950874E0,-4.186050415E0
1.668465878E2,3.970950127E0,9.727950096E0,-5.797050476E0
1.668490312E2,2.626050234E0,1.057800007E1,-5.617050171E0
1.668514749E2,1.824000120E0,1.093905067E1,-4.633050442E0
1.668539183E2,2.179949999E0,1.118805027E1,-3.819000244E0
1.668563620E2,3.598050117E0,1.129095078E1,-3.666000128E0
1.668588054E2,4.528950214E0,1.172700024E1,-4.104000092E0
1.668612491E2,4.408950329E0,1.134195042E1,-3.256950140E0
1.668636927E2,3.649950266E0,1.103505039E1,-2.869050026E0
1.668661362E2,3.639000177E0,1.184205055E1,-1.786950111E0
1.668685798E2,3.430050135E0,1.257705021E1,-7.909500599E-1
1.668710232E2,3.069000244E0,1.229205036E1,-2.110500038E-1
1.668734669E2,2.275950193E0,1.181595039E1,-7.005000114E-2
1.668759103E2,1.495950103E0,1.192095089E1,-1.249500066E-1
1.668783540E2,2.104050159E0,1.152405071E1,8.205000311E-2
1.668807976E2,2.520000219E0,1.039095020E1,-1.650000095E0
1.668832411E2,2.056050062E0,9.244050026E0,-1.600050092E0
1.668856847E2,1.576950073E0,9.117000580E0,-8.860500455E-1
1.668881282E2,2.271000147E0,8.797050476E0,-1.426950097E0
1.668905718E2,4.012050152E0,7.282950401E0,-2.512050152E0
1.668930155E2,5.611050129E0,6.079050064E0,-3.568050146E0
1.668954589E2,5.037000179E0,6.982050419E0,-3.589950085E0
1.668979025E2,2.961000204E0,7.585050583E0,-2.971950054E0
1.669003460E2,1.725000024E0,6.690000534E0,-4.080000222E-1
1.669027896E2,1.788000107E0,7.183050156E0,1.123950005E0
1.669052331E2,1.660950065E0,9.301950455E0,2.662950039E0
1.669076767E2,4.660500288E-1,8.690999985E0,2.496000051E0
1.669101202E2,-1.890000105E-1,7.293000221E0,-5.179499984E-1
1.669125638E2,1.819050074E0,7.863000393E0,-1.870050073E0
1.669150075E2,3.523950100E0,7.465050220E0,-3.454950094E0
1.669174509E2,2.937000036E0,7.626000404E0,-3.361950159E0
1.669198946E2,2.194950104E0,7.774050236E0,-2.416050196E0
1.669223380E2,3.567000151E0,8.133000374E0,-3.123000145E0
1.669247817E2,5.262000084E0,8.305950165E0,-4.030050278E0
1.669272253E2,4.945950031E0,8.653050423E0,-4.054049969E0
1.669296688E2,3.652950287E0,8.751000404E0,-3.448050261E0
1.669321124E2,2.994000196E0,9.084000587E0,-1.273950100E0
1.669345559E2,3.010950089E0,9.796950340E0,6.000000052E-3
1.669369995E2,2.817000151E0,9.855000496E0,-3.190500140E-1
1.669394429E2,2.929950237E0,9.727950096E0,-2.092950106E0
1.669418865E2,3.046950102E0,9.511950493E0,-4.413000107E0
1.669443302E2,1.704000115E0,9.229950905E0,-4.404000282E0
1.669467737E2,1.030950069E0,9.001950264E0,-2.566950083E0
1.669492173E2,2.013000011E0,7.702050209E0,-7.360500097E-1
1.669516608E2,3.967050076E0,7.495950222E0,-8.839500546E-1
1.669541044E2,5.832000256E0,7.261950493E0,-2.446950197E0
1.669565478E2,5.757000446E0,6.436050415E0,-3.582000256E0
1.669589915E2,5.266950130E0,6.724950314E0,-3.541950226E0
1.669614352E2,4.021950245E0,7.732950211E0,-1.762950063E0
1.669638786E2,2.282999992E0,8.320050240E0,-2.899500132E-1
1.669663222E2,1.630050063E0,8.719950676E0,1.129050016E0
1.669687657E2,1.675050020E0,8.524050713E0,1.179000020E0
1.669712093E2,2.962950230E0,8.041950226E0,-1.594950080E0
1.669736528E2,3.466050148E0,7.654050350E0,-4.155000210E0
1.669760964E2,3.649950266E0,7.951050282E0,-5.281950474E0
1.669785398E2,1.444950104E0,8.515950203E0,-3.178050041E0
1.669809835E2,-1.695000008E-2,8.818050385E0,2.710500062E-1
1.669834272E2,1.237050056E0,8.526000023E0,1.150050044E0
1.669858706E2,4.584000111E0,8.059050560E0,-1.416000009E0
1.669883142E2,6.736950397E0,7.651950359E0,-5.433000088E0
1.669907579E2,5.680950165E0,6.876000404E0,-6.730950356E0
1.669932014E2,2.881950140E0,7.674000263E0,-4.483050346E0
1.669956450E2,1.383000016E0,8.385000229E0,-3.090000153E-1
1.669980885E2,1.309050083E0,8.808000565E0,2.512950182E0
1.670005321E2,1.921950102E0,8.545050621E0,1.734000087E0
1.670029755E2,3.460950136E0,8.290950775E0,5.320500135E-1
1.670054191E2,4.195950031E0,7.882050514E0,-2.815950155E0
1.670078628E2,3.496950150E0,7.711950302E0,-4.666950226E0
1.670103062E2,1.989000082E0,8.148000717E0,-4.348950386E0
1.670127499E2,1.072050095E0,8.128950119E0,-2.184000015E0
1.670151934E2,3.016050100E0,8.281949997E0,-2.052000046E0
1.670176370E2,5.848050117E0,7.804950237E0,-4.228950024E0
1.670200804E2,6.361050129E0,7.720950603E0,-5.701050282E0
1.670225241E2,5.097000122E0,8.065950394E0,-5.365950108E0
1.670249678E2,3.234000206E0,8.623950005E0,-3.580050230E0
1.670274112E2,2.073000193E0,9.405000687E0,-5.989500284E-1
1.670298548E2,1.732950091E0,9.306000710E0,2.053050041E0
1.670322983E2,1.405050039E0,9.739950180E0,1.387050033E0
1.670347419E2,1.551000118E0,9.402000427E0,8.700000495E-2
1.670371854E2,3.151950121E0,9.826050758E0,1.441950083E0
1.670396290E2,3.760950089E0,9.951000214E0,-3.072000027E0
1.670420724E2,4.171950340E0,9.663000107E0,-4.328999996E0
1.670445161E2,4.195950031E0,1.129905033E1,-5.092950344E0
1.670469598E2,3.379950047E0,1.117905045E1,-3.568050146E0
1.670494032E2,4.085999966E0,1.051305008E1,-3.534000158E0
1.670518468E2,5.793000221E0,1.073805046E1,-5.062050343E0
1.670542903E2,6.109050274E0,1.068300056E1,-6.586950302E0
1.670567339E2,4.969950199E0,1.120995045E1,-6.031950474E0
1.670591776E2,3.351000071E0,1.187295055E1,-3.573000193E0
1.670616211E2,2.476950169E0,1.181805038E1,-6.829500198E-1
1.670640647E2,3.619050264E0,1.194495010E1,-7.500000298E-2
1.670665081E2,4.993950367E0,1.150695038E1,-1.732050061E0
1.670689517E2,5.664000034E0,1.110900021E1,-4.111050129E0
1.670713952E2,3.751050234E0,1.028805065E1,-4.750950336E0
1.670738389E2,2.166000128E0,9.711000443E0,-2.929050207E0
1.670762823E2,1.479000092E0,8.559000015E0,-1.036949992E0
1.670787260E2,1.966950059E0,7.513050556E0,-9.370500445E-1
1.670811696E2,3.784950256E0,7.015050411E0,-1.995000124E0
1.670836131E2,4.824000359E0,5.944950104E0,-3.819000244E0
1.670860567E2,5.530050278E0,6.663000107E0,-4.288949966E0
1.670885001E2,4.338000298E0,7.765050411E0,-3.316950083E0
1.670909438E2,2.803050041E0,8.494950294E0,-8.460000157E-1
1.670933875E2,2.203950167E0,8.785050392E0,1.927950144E0
1.670958309E2,6.859500408E-1,1.054005051E1,3.115950108E0
1.670982745E2,-6.700500250E-1,7.707000256E0,2.188950062E0
1.671007180E2,-1.651950121E0,8.847000122E0,-6.900000572E-1
1.671031616E2,1.483950019E0,9.646050453E0,2.158050060E0
1.671056051E2,3.157050133E0,8.820000648E0,-3.853050232E0
1.671080488E2,2.524950027E0,8.562000275E0,-5.116950035E0
1.671104922E2,1.498050094E0,8.964000702E0,-4.624050140E0
1.671129358E2,4.005000368E-2,7.767000198E0,-9.610500336E-1
1.671153795E2,-4.950000346E-1,7.165950298E0,1.363050103E0
1.671178229E2,-2.080500126E-1,7.072950363E0,1.230000034E-1
1.671202665E2,1.020000055E-1,5.794050217E0,-1.729500145E-1
1.671227100E2,1.620000005E-1,5.466000080E0,-7.570500374E-1
1.671251537E2,6.430500150E-1,6.280050278E0,-2.299050093E0
1.671275973E2,1.600950122E0,7.978050232E0,-1.116000056E0
1.671300408E2,1.672950029E0,8.254950523E0,-4.600500166E-1
1.671324844E2,9.259500504E-1,1.065195084E1,1.900500059E-1
1.671349278E2,-3.880500197E-1,1.209600067E1,1.627050042E0
1.671373714E2,-1.435950041E0,9.784950256E0,1.618950129E0
1.671398149E2,-2.248050213E0,9.048000336E0,2.119950056E0
1.671422585E2,-2.013000011E0,7.372050285E0,3.006000042E0
1.671447022E2,4.710000157E-1,7.156050205E0,3.409950256E0
1.671471457E2,2.905950069E0,6.298950195E0,4.117050171E0
1.671495893E2,3.844050169E0,5.883000374E0,4.909050465E0
1.671520328E2,4.084050179E0,5.413050175E0,4.501950264E0
1.671544764E2,4.270950317E0,5.265000343E0,4.593000412E0
1.671569201E2,1.410900021E1,5.389050484E0,3.453000069E0
1.671593635E2,1.442700100E1,4.755000114E0,-2.144400024E1
1.671618071E2,6.318000317E0,9.702000618E0,-2.928000069E1
1.671642506E2,3.246000051E0,9.241950035E0,-2.752995110E1
1.671666942E2,5.250000477E0,8.203050613E0,-1.642800140E1
1.671691379E2,5.664000034E0,8.713050842E0,-5.845050335E0
1.671715813E2,5.431950092E0,8.650050163E0,1.441950083E0
1.671740250E2,4.383000374E0,8.776950836E0,7.198050499E0
1.671764684E2,4.651050091E0,9.192000389E0,6.279000282E0
1.671789121E2,5.860050201E0,8.374950409E0,3.151950121E0
1.671813555E2,7.474050522E0,8.085000038E0,-4.654950142E0
1.671837991E2,8.343000412E0,8.878050804E0,-1.326195049E1
1.671862426E2,5.542050362E0,1.025205040E1,-1.500795078E1
1.671886862E2,2.929950237E0,1.084605026E1,-9.556050301E0
1.671911299E2,1.483950019E0,1.012500095E1,-2.163000107E0
1.671935734E2,1.347000122E0,1.107105064E1,1.756050110E0
1.671960170E2,2.259000063E0,1.451895046E1,1.942950130E0
1.671984604E2,3.078000069E0,1.322100067E1,3.790500164E-1
1.672009041E2,1.941000104E0,1.047705078E1,1.288950086E0
1.672033475E2,1.780950069E0,9.583950043E0,4.060500264E-1
1.672057911E2,1.645950079E0,9.385950089E0,-1.566000104E0
1.672082346E2,3.052050114E0,1.094400024E1,-6.949500442E-1
1.672106782E2,6.421050072E0,1.087500095E1,-5.335050106E0
1.672131219E2,2.929950237E0,9.880950928E0,-7.486950397E0
1.672155654E2,1.990950108E0,1.079295063E1,-6.822000504E0
1.672180090E2,1.837950110E0,1.129395008E1,-5.080950260E0
1.672204524E2,1.788000107E0,1.067595005E1,-1.243050098E0
1.672228961E2,2.631000042E0,1.032195091E1,2.400000095E-1
1.672253397E2,2.913000107E0,9.000000000E0,9.610500336E-1
1.672277832E2,2.443950176E0,5.478000164E0,1.315050006E0
1.672302268E2,3.622050285E0,6.259050369E0,-1.576050043E0
1.672326703E2,4.599000454E0,5.773050308E0,-3.712050200E0
1.672351139E2,3.487950087E0,5.943000317E0,-1.240950108E0
1.672375574E2,2.310000181E0,9.022050858E0,-6.280500293E-1
1.672400011E2,1.423950076E0,1.015905094E1,-3.049500287E-1
1.672424444E2,8.179500103E-1,9.663000107E0,-1.200000048E-1
1.672448881E2,4.129500091E-1,8.812950134E0,-1.252950072E0
1.672473317E2,9.190500379E-1,7.650000572E0,-3.171000242E0
1.672497752E2,1.582050085E0,6.802050114E0,-4.420050144E0
1.672522188E2,1.990950108E0,6.970050335E0,-3.661050081E0
1.672546625E2,3.322050095E0,7.669050217E0,-1.890000105E0
1.672571060E2,4.462050438E0,6.610950470E0,-4.579500258E-1
1.672595496E2,5.041950226E0,7.173000336E0,-8.430000544E-1
1.672619931E2,5.371950150E0,7.570950508E0,-8.190000653E-1
1.672644367E2,4.692000389E0,7.297950268E0,-6.300000548E-1
1.672668801E2,4.157999992E0,7.650000572E0,-3.090000153E-1
1.672693238E2,2.956050158E0,7.386000156E0,-5.749500394E-1
1.672717672E2,2.143949986E0,7.137000561E0,2.160000056E-1
1.672742108E2,1.789950132E0,6.847950459E0,7.304999977E-2
1.672766545E2,2.743050098E0,7.444050312E0,-1.948950052E0
1.672790980E2,3.969000101E0,6.579000473E0,-4.882050037E0
1.672815416E2,3.817950249E0,6.498000145E0,-6.646950245E0
1.672839851E2,3.351000071E0,7.305000305E0,-6.025050163E0
1.672864288E2,2.298000097E0,7.731000423E0,-4.063950062E0
1.672888724E2,1.869000077E0,7.903050423E0,-2.115000010E0
1.672913158E2,1.570050120E0,7.915050507E0,-2.760000229E-1
1.672937594E2,2.068050146E0,8.203050613E0,6.499500275E-1
1.672962029E2,3.957000256E0,8.380050659E0,6.105000153E-2
1.672986465E2,5.161050320E0,8.718000412E0,-2.493000031E0
1.673010900E2,4.736999989E0,8.482950211E0,-3.010050058E0
1.673035336E2,3.933000088E0,9.499950409E0,-2.680050135E0
1.673059771E2,3.552000284E0,1.025205040E1,-2.566950083E0
1.673084208E2,3.222000122E0,1.026705074E1,-1.831950068E0
1.673108644E2,3.375000238E0,9.856950760E0,-1.827000141E0
1.673133079E2,4.678050041E0,9.153000832E0,-3.115050077E0
1.673157515E2,7.093050480E0,9.619950294E0,-5.752050400E0
1.673181949E2,7.998000145E0,9.916950226E0,-8.515049934E0
1.673206385E2,4.255949974E0,1.035495090E1,-8.337000847E0
1.673230822E2,1.732950091E0,1.146600056E1,-4.564050198E0
1.673255257E2,1.812000036E0,1.251000023E1,-3.670500219E-1
1.673279693E2,2.410050154E0,1.267800045E1,1.770000100E0
1.673304128E2,2.508000135E0,1.273995018E1,2.527050018E0
1.673328564E2,2.275950193E0,1.269195080E1,6.930000186E-1
1.673352999E2,4.369050026E0,1.362300110E1,9.900000691E-1
1.673377435E2,5.848050117E0,1.309905052E1,-4.849050045E0
1.673401870E2,4.860000134E0,1.228305054E1,-6.831000328E0
1.673426306E2,2.938950062E0,1.306095028E1,-6.087000370E0
1.673450743E2,2.647050142E0,1.285995102E1,-3.678000212E0
1.673475177E2,3.586050272E0,1.204095078E1,-2.763000250E0
1.673499613E2,5.140050411E0,1.057500076E1,-2.272950172E0
1.673524050E2,6.463950157E0,9.598950386E0,-4.032000065E0
1.673548485E2,6.153000355E0,1.013295078E1,-4.933050156E0
1.673572921E2,4.644000053E0,1.071900082E1,-4.774950027E0
1.673597356E2,3.291000128E0,1.118595028E1,-2.248950005E0
1.673621792E2,3.021000147E0,1.125105095E1,1.900500059E-1
1.673646226E2,3.700950146E0,1.183695030E1,8.989500403E-1
1.673670663E2,3.162000179E0,1.067595005E1,3.700500131E-1
1.673695097E2,2.242950201E0,8.797050476E0,-1.465950012E0
1.673719533E2,3.375000238E0,8.392050743E0,-5.139000416E0
1.673743970E2,3.030000210E0,7.630050182E0,-8.047950745E0
1.673768405E2,2.832000017E0,6.208050251E0,-7.654950142E0
1.673792841E2,4.309050083E0,4.567950249E0,-5.851950169E0
1.673817276E2,4.645950317E0,5.020950317E0,-3.079950094E0
1.673841713E2,5.572950363E0,4.936950207E0,-2.680050135E0
1.673866146E2,4.824000359E0,4.686000347E0,-2.728050232E0
1.673890583E2,2.740950108E0,4.183050156E0,-2.530950069E0
1.673915020E2,1.672950029E0,3.373050213E0,-1.866000056E0
1.673939454E2,1.275000095E0,2.716950178E0,-8.119500279E-1
1.673963890E2,1.213050008E0,2.349000216E0,-4.459500313E-1
1.673988325E2,2.044049978E0,2.233950138E0,1.500000060E-2
1.674012761E2,3.523950100E0,2.767950058E0,-5.220000148E-1
1.674037196E2,4.192049980E0,3.081000090E0,-1.212000012E0
1.674061633E2,3.897000074E0,4.578000069E0,-2.431050062E0
1.674086069E2,2.571000099E0,6.421050072E0,-3.811950207E0
1.674110504E2,1.084050059E0,6.165000439E0,-3.963000298E0
1.674134940E2,1.125000000E0,6.417000294E0,-2.332950115E0
1.674159374E2,2.518050194E0,4.855950356E0,-2.526000023E0
1.674183811E2,4.315950394E0,4.147050381E0,-2.944950104E0
1.674208248E2,6.061950207E0,3.745050192E0,-3.850050211E0
1.674232682E2,6.238950253E0,3.985950232E0,-4.590000153E0
1.674257118E2,4.146000385E0,5.218950272E0,-3.546000242E0
1.674281553E2,2.680950165E0,7.080000401E0,-1.236000061E0
1.674305989E2,1.467000127E0,8.088000298E0,-6.880500317E-1
1.674330424E2,1.453050017E0,9.928950310E0,-7.909500599E-1
1.674354860E2,2.845950127E0,9.723000526E0,-2.674950123E0
1.674379294E2,3.796950102E0,1.126305008E1,-3.060000181E0
1.674403731E2,4.090950012E0,1.160505009E1,-3.787950277E0
1.674428167E2,3.799050093E0,1.061100006E1,-4.341000080E0
1.674452602E2,4.050000191E0,1.105005074E1,-4.267050266E0
1.674477038E2,3.648000240E0,1.098000050E1,-4.813050270E0
1.674501475E2,2.602050066E0,1.051095009E1,-3.757050276E0
1.674525910E2,2.674050093E0,1.023300076E1,-3.043950081E0
1.674550346E2,3.619050264E0,9.658050537E0,-3.618000269E0
1.674574780E2,3.552000284E0,9.757050514E0,-4.264950275E0
1.674599216E2,3.178950071E0,1.047705078E1,-3.826950073E0
1.674623651E2,4.266000271E0,1.012305069E1,-4.735949993E0
1.674648087E2,4.098000050E0,1.072905064E1,-4.480050087E0
1.674672522E2,3.988050222E0,1.068300056E1,-2.203050137E0
1.674696958E2,3.933000088E0,1.023105049E1,-1.080000043E0
1.674721395E2,3.199950218E0,1.044105053E1,-1.590000093E-1
1.674745830E2,2.479950190E0,9.670050621E0,1.015950084E0
1.674770266E2,1.989000082E0,8.325000763E0,1.171950102E0
1.674794700E2,1.735050082E0,6.144000053E0,1.645950079E0
1.674819136E2,3.211950064E0,5.883000374E0,2.500500083E-1
1.674843573E2,5.259000301E0,6.523950100E0,-2.365950108E0
1.674868007E2,6.358050346E0,6.574950218E0,-4.345950127E0
1.674892444E2,5.944050312E0,7.843950272E0,-5.055000305E0
1.674916879E2,4.186950207E0,9.055050850E0,-4.348950386E0
1.674941315E2,3.082950115E0,9.510000229E0,-3.400050163E0
1.674965749E2,2.446050167E0,9.108000755E0,-2.725050211E0
1.674990185E2,3.349050045E0,8.107049942E0,-2.653050184E0
1.675014620E2,4.635000229E0,6.694050312E0,-4.305000305E0
1.675039057E2,5.358000278E0,5.305950165E0,-5.944950104E0
1.675063493E2,5.872050285E0,4.489050388E0,-5.674950123E0
1.675087928E2,5.659050465E0,4.627950191E0,-4.267050266E0
1.675112364E2,4.359000206E0,5.479950428E0,-2.064000130E0
1.675136799E2,2.803050041E0,5.458950043E0,3.840000033E-1
1.675161235E2,3.435000181E0,5.842050076E0,6.619500518E-1
1.675185672E2,4.327950001E0,5.974050522E0,-1.450950027E0
1.675210106E2,5.106000423E0,6.181950092E0,-4.051949978E0
1.675234542E2,5.355000019E0,7.080000401E0,-6.276000500E0
1.675258977E2,4.488000393E0,7.474950314E0,-6.823950291E0
1.675283413E2,3.028050184E0,7.858050346E0,-4.942050457E0
1.675307848E2,2.728950024E0,8.410950661E0,-2.170050144E0
1.675332284E2,3.066000223E0,8.160000801E0,-4.099500179E-1
1.675356721E2,2.331000090E0,8.038050652E0,6.300000101E-2
1.675381155E2,1.936050057E0,7.018050194E0,-3.070500195E-1
1.675405592E2,1.302000046E0,6.165000439E0,2.740500271E-1
1.675430026E2,1.717950106E0,5.559000492E0,4.249500334E-1
1.675454462E2,2.496000051E0,5.950050354E0,-3.739500046E-1
1.675478897E2,3.394050121E0,7.222950459E0,-1.465950012E0
1.675503334E2,4.728000164E0,8.136000633E0,-3.229950190E0
1.675527768E2,5.464950085E0,9.081000328E0,-4.686000347E0
1.675552205E2,5.167950153E0,9.610950470E0,-5.995950222E0
1.675576641E2,3.318000078E0,1.069500065E1,-5.803950310E0
1.675601076E2,1.564950109E0,1.088400078E1,-3.901050091E0
1.675625512E2,1.002000093E0,1.018305016E1,-1.510950089E0
1.675649946E2,1.852050066E0,8.587950706E0,-1.843950033E0
1.675674383E2,3.250950098E0,7.318950176E0,-2.919000149E0
1.675698820E2,4.921950340E0,6.787950516E0,-3.940950155E0
1.675723254E2,5.439000130E0,6.907050133E0,-3.979950190E0
1.675747690E2,3.909000158E0,7.590000153E0,-3.532050133E0
1.675772125E2,1.764000058E0,7.401000500E0,-1.177950025E0
1.675796562E2,2.086950064E0,8.176050186E0,6.640500426E-1
1.675820998E2,4.591050148E0,9.481050491E0,-4.189500213E-1
1.675845433E2,6.129000187E0,9.370950699E0,-1.477950096E0
1.675869869E2,6.346050262E0,9.148050308E0,-4.293000221E0
1.675894304E2,4.612950325E0,9.709050179E0,-5.746950150E0
1.675918740E2,3.667050123E0,9.915000916E0,-5.110050201E0
1.675943174E2,3.634050131E0,1.069800091E1,-4.162050247E0
1.675967611E2,4.171950340E0,1.069305038E1,-3.027000189E0
1.675992045E2,2.863050222E0,1.081500053E1,-1.744050026E0
1.676016482E2,1.648950100E0,1.022595024E1,-3.600000218E-2
1.676040918E2,1.426050067E0,8.899050713E0,5.470499992E-1
1.676065353E2,1.845000029E0,8.461050034E0,-8.895000070E-2
1.676089789E2,3.178950071E0,9.334950447E0,-8.460000157E-1
1.676114224E2,4.714050293E0,9.715950012E0,-2.902050257E0
1.676138660E2,5.905950069E0,9.979050636E0,-4.866000175E0
1.676163094E2,6.330000401E0,1.022100067E1,-5.437950134E0
1.676187531E2,4.680000305E0,1.089900017E1,-4.734000206E0
1.676211967E2,3.576000214E0,1.181595039E1,-3.787950277E0
1.676236402E2,2.956050158E0,1.161900043E1,-2.095050097E0
1.676260838E2,4.012050152E0,1.072200012E1,-2.103000164E0
1.676285273E2,4.951050282E0,9.523950577E0,-3.751950264E0
1.676309709E2,4.741950035E0,9.069000244E0,-4.600050449E0
1.676334146E2,4.357050419E0,8.457000732E0,-5.146050453E0
1.676358581E2,3.399000168E0,8.341950417E0,-4.831950188E0
1.676383017E2,2.073000193E0,7.710000515E0,-3.172950268E0
1.676407452E2,1.623000026E0,7.398000240E0,-1.024950027E0
1.676431888E2,3.676950216E0,7.896000385E0,-1.195050001E0
1.676456325E2,5.227950096E0,8.299050331E0,-2.899950027E0
1.676480759E2,6.222000122E0,8.145000458E0,-5.176950455E0
1.676505195E2,5.809950352E0,8.410950661E0,-6.859950542E0
1.676529630E2,4.081050396E0,8.241000175E0,-6.232950211E0
1.676554066E2,3.472950220E0,8.623950005E0,-3.955950260E0
1.676578501E2,3.186000109E0,8.406000137E0,-2.629050016E0
1.676602937E2,1.998000145E0,7.540050507E0,-1.380000114E0
1.676627372E2,1.089000106E0,5.752950191E0,3.550500274E-1
1.676651808E2,1.278000116E0,3.712950230E0,1.168950081E0
1.676676245E2,2.832000017E0,4.113000393E0,9.439500570E-1
1.676700679E2,4.198950291E0,4.459950447E0,6.520500183E-1
1.676725115E2,5.407950401E0,5.974050522E0,-1.408050060E0
1.676749550E2,5.311950207E0,7.081950188E0,-3.766950130E0
1.676773986E2,4.303950310E0,8.500050545E0,-5.122050285E0
1.676798423E2,2.496000051E0,9.237000465E0,-5.910000324E0
1.676822857E2,2.017950058E0,9.109950066E0,-5.112000465E0
1.676847294E2,2.413050175E0,7.836000443E0,-3.652050257E0
1.676871728E2,3.724950075E0,6.364050388E0,-2.730000019E0
1.676896165E2,5.116050243E0,5.569050312E0,-2.479050159E0
1.676920599E2,6.271950245E0,5.329950333E0,-3.199050188E0
1.676945035E2,5.452950478E0,6.073950291E0,-3.586950064E0
1.676969472E2,2.559000015E0,7.195050240E0,-3.154050112E0
1.676993907E2,6.670500040E-1,7.990050316E0,-6.900000572E-1
1.677018343E2,1.078950047E0,8.725049973E0,5.970000029E-1
1.677042778E2,3.102000237E0,1.020000076E1,-1.474950075E0
1.677067214E2,4.648950100E0,9.637050629E0,-4.813050270E0
1.677091649E2,5.233050346E0,9.826050758E0,-7.039950371E0
1.677116086E2,4.186950207E0,9.502950668E0,-7.224000454E0
1.677140519E2,3.876000166E0,9.997950554E0,-3.859950066E0
1.677164956E2,4.857000351E0,9.714000702E0,-1.863000035E0
1.677189392E2,4.572000027E0,9.928950310E0,-1.456050038E0
1.677213827E2,3.238950253E0,9.661050797E0,-2.280000150E-1
1.677238263E2,2.125050068E0,8.686050415E0,5.920500159E-1
1.677262698E2,2.178000212E0,7.642050266E0,9.705000371E-2
1.677287135E2,3.073050261E0,7.932000160E0,-1.413000107E0
1.677311571E2,5.014950275E0,8.848950386E0,-3.807000160E0
1.677336006E2,5.865000248E0,1.001805019E1,-5.457000256E0
1.677360442E2,5.089050293E0,1.099905014E1,-4.549950123E0
1.677384877E2,3.841950178E0,1.223700047E1,-2.730000019E0
1.677409313E2,3.106950045E0,1.291200066E1,-1.855950117E0
1.677433747E2,3.439950228E0,1.273800087E1,-2.203050137E0
1.677458184E2,4.474050045E0,1.144200039E1,-4.035000324E0
1.677482618E2,4.516950130E0,9.771000862E0,-4.765050411E0
1.677507055E2,5.173050404E0,9.204000473E0,-5.179050446E0
1.677531491E2,5.653950214E0,9.235050201E0,-5.632050037E0
1.677555926E2,3.580950260E0,9.490950584E0,-3.763950109E0
1.677580362E2,1.639050126E0,9.273000717E0,-1.900500059E-1
1.677604799E2,2.073000193E0,9.510000229E0,1.162050009E0
1.677629233E2,4.396950245E0,1.075005054E1,-1.437000036E0
1.677653669E2,5.455950260E0,1.090605068E1,-5.455050468E0
1.677678104E2,5.044050217E0,1.138500023E1,-7.380000114E0
1.677702540E2,4.309050083E0,1.126695061E1,-7.428000450E0
1.677726977E2,4.510050297E0,1.135605049E1,-6.285000324E0
1.677751411E2,4.201050282E0,1.082895088E1,-5.646000385E0
1.677775848E2,2.049000025E0,9.847950935E0,-3.328950167E0
1.677800282E2,4.680000246E-1,8.521050453E0,6.930000186E-1
1.677824719E2,3.750000298E-1,6.523950100E0,2.701950073E0
1.677849153E2,1.528950095E0,5.334000111E0,1.600050092E0
1.677873589E2,4.405050278E0,4.153950214E0,-6.420000196E-1
1.677898024E2,6.684000492E0,4.803000450E0,-3.472050190E0
1.677922461E2,5.362050056E0,5.775000095E0,-4.858050346E0
1.677946897E2,3.124050140E0,6.534000397E0,-4.126049995E0
1.677971332E2,3.427950144E0,7.777050495E0,-3.451050282E0
1.677995768E2,3.976050138E0,8.148000717E0,-4.459050179E0
1.678020202E2,3.789000273E0,8.184000015E0,-4.995000362E0
1.678044639E2,3.769950151E0,7.255050182E0,-5.950050354E0
1.678069073E2,5.434050083E0,6.175050259E0,-6.718950272E0
1.678093509E2,6.460950375E0,5.539950371E0,-8.704050064E0
1.678117944E2,2.719050169E0,4.312050343E0,-6.913050175E0
1.678142381E2,-2.659500241E-1,4.221000195E0,-6.160500050E-1
1.678166817E2,1.711050034E0,5.119050026E0,1.300950050E0
1.678191252E2,5.755050182E0,6.226950169E0,9.610500336E-1
1.678215688E2,5.616000175E0,6.463950157E0,-3.760050297E0
1.678240122E2,4.218000412E0,7.984950542E0,-5.208000183E0
1.678264559E2,6.129000187E0,7.956000328E0,-8.851950645E0
1.678288995E2,5.857950211E0,8.631000519E0,-1.151205063E1
1.678313430E2,2.452950001E0,7.753050327E0,-9.538950920E0
1.678337866E2,1.330500096E-1,7.563000202E0,-3.793050289E0
1.678362301E2,-5.700000376E-2,5.599950314E0,3.358050108E0
1.678386737E2,2.221050024E0,4.702050209E0,5.352000237E0
1.678411171E2,3.358050108E0,4.278000355E0,2.899950027E0
1.678435608E2,5.419950485E0,4.144050121E0,2.917050123E0
1.678460044E2,5.371950150E0,4.780950069E0,-1.624050021E0
1.678484479E2,4.693950176E0,7.108950138E0,-3.460050106E0
1.678508915E2,3.415950060E0,8.322000504E0,-4.471050262E0
1.678533350E2,2.194950104E0,9.996000290E0,-4.540050030E0
1.678557786E2,1.912050128E0,1.088895035E1,-4.039950371E0
1.678582223E2,3.279000044E0,1.001805019E1,-4.798950195E0
1.678606657E2,5.122950077E0,8.275050163E0,-7.018050194E0
1.678631094E2,4.180050373E0,5.779950142E0,-7.039950371E0
1.678655528E2,2.877000093E0,5.346000195E0,-3.118050098E0
1.678679964E2,5.391000271E0,5.818050385E0,-9.405000508E-2
1.678704399E2,8.607000351E0,7.654050350E0,-2.859000206E0
1.678728835E2,7.234950542E0,8.815950394E0,-5.425950050E0
1.678753270E2,6.661950111E0,9.481050491E0,-6.726000309E0
1.678777706E2,7.867050171E0,1.016805077E1,-1.085595036E1
1.678802143E2,5.592000484E0,1.253400040E1,-1.027695084E1
1.678826577E2,2.692950010E0,1.234995079E1,-8.257950783E0
1.678851014E2,4.009500146E-1,9.421050072E0,-1.132950068E0
1.678875448E2,3.460500240E-1,7.465050220E0,4.750950336E0
1.678899885E2,1.050000042E-1,8.746050835E0,4.609950066E0
1.678924321E2,5.317050457E0,6.702000141E0,1.678950071E0
1.678948756E2,8.803050041E0,6.052950382E0,-6.513000488E0
1.678973192E2,6.885000229E0,8.974050522E0,-8.821050644E0
1.678997627E2,3.883050203E0,1.165800095E1,-6.853050232E0
1.679022063E2,3.205050230E0,1.286700058E1,-6.106050491E0
1.679046497E2,3.639000177E0,1.277100086E1,-5.395050049E0
1.679070934E2,5.329050064E0,1.237605095E1,-5.716050148E0
1.679095368E2,7.642050266E0,1.090305042E1,-6.942000389E0
1.679119805E2,5.359950066E0,8.509050369E0,-7.522950172E0
1.679144241E2,2.962950230E0,6.888000488E0,-3.739950180E0
1.679168676E2,5.290950298E0,6.888000488E0,-6.640500426E-1
1.679193112E2,5.760000229E0,8.643000603E0,-5.869500041E-1
1.679217549E2,5.167950153E0,1.032195091E1,-9.750000238E-1
1.679241983E2,5.662050247E0,9.682050705E0,-2.682000160E0
1.679266420E2,6.367950439E0,1.071000004E1,-4.485000134E0
1.679290854E2,4.945950031E0,1.320900059E1,-6.973050117E0
1.679315290E2,1.527000070E0,1.314000034E1,-5.758950233E0
1.679339725E2,-3.900000155E-1,1.093905067E1,8.560500145E-1
1.679364161E2,2.295000106E-2,8.305950165E0,1.195950031E0
1.679388596E2,-4.480500221E-1,1.162200069E1,-9.030000567E-1
1.679413032E2,-7.249500155E-1,8.959050179E0,1.963950038E0
1.679437469E2,-1.257000089E0,6.850050449E0,1.698000073E0
1.679461903E2,-7.780500650E-1,8.797050476E0,-8.770500422E-1
1.679486339E2,5.239500403E-1,9.193950653E0,4.630500078E-1
1.679510774E2,1.789950132E0,9.655950546E0,2.910000086E-1
1.679535210E2,1.905000091E0,1.084095097E1,-1.066050053E0
1.679559647E2,1.741950035E0,1.054395008E1,1.305000018E-2
1.679584082E2,1.225050092E0,8.629050255E0,1.543050051E0
1.679608518E2,2.479500175E-1,5.488050461E0,6.599999964E-2
1.679632953E2,5.680950165E0,4.129950047E0,2.218050003E0
1.679657389E2,9.912000656E0,2.848950148E0,-1.533795071E1
1.679681823E2,9.856050491E0,1.210950017E0,-1.847504997E1
1.679706259E2,7.539000511E0,5.296050072E0,-1.830705070E1
1.679730694E2,8.191950798E0,6.928950310E0,-1.399005032E1
1.679755131E2,5.626050472E0,7.300050259E0,-7.723950386E0
1.679779567E2,-9.600000083E-2,9.277950287E0,1.284000039E0
1.679804002E2,-3.685050249E0,9.678000450E0,1.030395031E1
1.679828438E2,-2.538000107E0,6.721050262E0,6.532950401E0
1.679852873E2,1.486050129E0,6.445050240E0,4.144950390E0
1.679877309E2,8.314949989E0,3.487950087E0,4.085999966E0
1.679901746E2,8.808000565E0,2.215050220E0,-4.497000217E0
1.679926180E2,9.220050812E0,2.113950014E0,-1.036500072E1
1.679950616E2,8.998950005E0,5.092950344E0,-1.574295044E1
1.679975051E2,7.285050392E0,8.148000717E0,-1.835505104E1
1.679999487E2,5.415000439E0,1.019700050E1,-1.458405113E1
1.680023922E2,5.475000381E0,8.842050552E0,-9.481950760E0
1.680048358E2,3.495000124E0,6.835950375E0,-7.305000305E0
1.680072795E2,5.554050446E0,4.791000366E0,-7.717050552E0
1.680097230E2,8.728950500E0,3.751950264E0,-3.465000153E0
1.680121666E2,8.905950546E0,3.304050207E0,-3.619500101E-1
1.680146100E2,7.831050396E0,4.019999981E0,-1.680000126E-1
1.680170536E2,9.454050064E0,5.986050129E0,-1.449000120E0
1.680194971E2,1.085505009E1,8.524050713E0,-8.158050537E0
1.680219408E2,4.024050236E0,8.931000710E0,-1.089000034E1
1.680243844E2,-2.265000105E0,8.722050667E0,-7.641000271E0
1.680268279E2,-3.246000051E0,7.441050529E0,-2.260500044E-1
1.680292715E2,-1.510950089E0,8.812950134E0,4.777950287E0
1.680317150E2,2.434050083E0,5.691000462E0,1.360950112E0
1.680341586E2,3.139950037E0,4.957950115E0,2.407050133E0
1.680366020E2,2.425050020E0,6.180000305E0,2.958000183E0
1.680390457E2,2.392950058E0,8.550000191E0,-2.419500053E-1
1.680414893E2,2.959050179E0,1.154505062E1,-5.970000029E-1
1.680439328E2,4.857000351E0,1.372605038E1,1.879950047E0
1.680463764E2,7.740000248E0,1.069005013E1,-7.768050194E0
1.680488199E2,1.867050052E0,8.389050484E0,-8.752050400E0
1.680512636E2,3.133050203E0,8.053950310E0,-1.139505100E1
1.680537072E2,7.183950424E0,5.701050282E0,-1.260195065E1
1.680561507E2,6.741000175E0,3.742050171E0,-1.316400051E1
1.680585943E2,4.819050312E0,3.639000177E0,-1.178805065E1
1.680610377E2,7.420950413E0,5.413050175E0,-6.610950470E0
1.680634813E2,9.712950706E0,6.034050465E0,-5.340000153E0
1.680659248E2,6.004050255E0,6.172050476E0,-3.598950148E0
1.680683684E2,2.226000071E0,4.678050041E0,4.323000431E0
1.680708121E2,1.837950110E0,7.228050232E0,6.691050529E0
1.680732556E2,-1.815000057E0,1.240695095E1,6.576000214E0
1.680756992E2,-1.851000071E0,5.104950428E0,7.669500113E-1
1.680781427E2,-1.084050059E0,5.703000069E0,3.013050079E0
1.680805863E2,5.830500126E-1,5.088000298E0,3.481950283E0
1.680830300E2,4.600950241E0,7.597050190E0,1.500000060E-2
1.680854734E2,9.433050156E0,9.799950600E0,-9.661050797E0
1.680879170E2,8.398050308E0,8.641050339E0,-1.390605068E1
1.680903604E2,2.628000021E0,9.610950470E0,-1.362900066E1
1.680928041E2,-6.300000548E-1,7.518000126E0,-6.766950130E0
1.680952476E2,2.323950052E0,6.265950203E0,-4.948950291E0
1.680976912E2,8.202000618E0,4.444050312E0,-8.527050018E0
1.681001347E2,7.783050537E0,2.148000002E0,-1.078395081E1
1.681025783E2,7.206000328E0,5.980950356E0,-7.018050194E0
1.681050220E2,9.768000603E0,7.080000401E0,-3.613050222E0
1.681074654E2,1.012905025E1,7.483950138E0,-4.324950218E0
1.681099090E2,5.518050194E0,7.243050575E0,-4.035000324E0
1.681123525E2,-7.590000629E-1,7.374000549E0,-2.590500116E-1
1.681147962E2,-1.306950092E0,7.839000225E0,2.268000126E0
1.681172398E2,3.985950232E0,6.852000237E0,6.739500165E-1
1.681196833E2,6.981000423E0,3.868950129E0,-3.349950075E0
1.681221269E2,2.973000050E0,4.911000252E0,-4.261950016E0
1.681245703E2,2.422049999E0,6.919050217E0,-2.649000168E0
1.681270140E2,6.247950077E0,8.842050552E0,-3.574950218E0
1.681294574E2,7.144050121E0,1.142295074E1,-7.210050106E0
1.681319010E2,4.249050140E0,1.111395073E1,-8.974050522E0
1.681343445E2,4.129500091E-1,1.021200085E1,-6.493950367E0
1.681367882E2,-4.950000346E-1,7.144050121E0,-1.815000057E0
1.681392318E2,4.681950092E0,6.430950165E0,-6.022050381E0
1.681416753E2,1.069395065E1,4.333950043E0,-1.326705074E1
1.681441189E2,8.559000015E0,3.778050184E0,-1.128495026E1
1.681465623E2,7.761000156E0,7.822050571E0,-6.108000278E0
1.681490059E2,1.107000065E1,8.171999931E0,-5.503050327E0
1.681514494E2,9.363000870E0,8.634000778E0,-6.810000420E0
1.681538931E2,7.369500399E-1,9.714000702E0,-2.923950195E0
1.681563367E2,-3.163050175E0,9.120000839E0,3.268950224E0
1.681587802E2,-1.726050138E0,7.231050491E0,3.919950247E0
1.681612238E2,5.104050159E0,4.981950283E0,-5.149500370E-1
1.681636672E2,6.124050140E0,4.390950203E0,-3.843000174E0
1.681661109E2,3.832050085E0,5.047050476E0,-1.327050090E0
1.681685546E2,3.508950233E0,7.659000397E0,6.105000153E-2
1.681709980E2,5.290950298E0,1.091505051E1,-1.720050097E0
1.681734416E2,8.074950218E0,1.316400051E1,-6.597000122E0
1.681758851E2,5.146950245E0,1.147095013E1,-1.106205082E1
1.681783288E2,5.279999971E-1,1.088895035E1,-8.443050385E0
1.681807724E2,1.680000067E0,9.433050156E0,-5.368050098E0
1.681832159E2,7.579050541E0,6.699000359E0,-9.192000389E0
1.681856595E2,8.913000107E0,5.160000324E0,-1.271700096E1
1.681881030E2,6.934950352E0,4.834050179E0,-1.054305077E1
1.681905466E2,9.354000092E0,6.784950256E0,-7.090050220E0
1.681929900E2,1.062495041E1,6.259050369E0,-8.569950104E0
1.681954337E2,5.467950344E0,5.515950203E0,-6.309000492E0
1.681978771E2,-5.790000558E-1,5.524050236E0,1.939950109E0
1.682003208E2,-1.195050001E0,5.971050262E0,6.445950508E0
1.682027644E2,2.608950138E0,6.004950523E0,4.834950447E0
1.682052079E2,6.052050114E0,3.393000126E0,3.544050217E0
1.682076515E2,4.249050140E0,3.474000216E0,-1.693050027E0
1.682100952E2,4.021950245E0,6.615000248E0,-2.074050188E0
1.682125386E2,7.486050129E0,8.083050728E0,-4.789050102E0
1.682149823E2,6.837000370E0,1.043700027E1,-9.124950409E0
1.682174258E2,4.996050358E0,1.145400047E1,-9.388050079E0
1.682198694E2,1.222950101E0,1.002000046E1,-7.711950302E0
1.682223128E2,-1.597050071E0,8.776950836E0,-4.909500182E-1
1.682247564E2,2.479950190E0,7.626000404E0,1.387050033E0
1.682271999E2,7.833000183E0,3.177000046E0,-8.578950882E0
1.682296435E2,1.065600014E1,3.712950230E0,-1.424595070E1
1.682320872E2,1.121895027E1,4.828950405E0,-1.347300053E1
1.682345307E2,1.155405045E1,8.032950401E0,-1.356195068E1
1.682369743E2,7.398000240E0,6.735000134E0,-1.319295025E1
1.682394178E2,1.587000132E0,7.518000126E0,-5.397000313E0
1.682418614E2,-1.174950004E0,7.183050156E0,1.567050099E0
1.682443048E2,1.800000109E-2,7.768950462E0,5.263950348E0
1.682467484E2,3.049950123E0,4.209000111E0,3.351000071E0
1.682491921E2,4.062000275E0,3.069000244E0,3.588000059E0
1.682516356E2,3.994950294E0,4.153950214E0,5.350500345E-1
1.682540792E2,5.145000458E0,8.445000648E0,2.638950109E0
1.682565227E2,8.800950050E0,9.436050415E0,-3.958050251E0
1.682589663E2,9.337050438E0,1.057095051E1,-1.016700077E1
1.682614098E2,4.189050198E0,1.248405075E1,-1.437795067E1
1.682638534E2,3.660000265E-1,1.252005100E1,-1.125105095E1
1.682662971E2,1.455000043E0,1.078095055E1,-4.999950409E0
1.682687405E2,5.235000134E0,9.484050751E0,-5.197950363E0
1.682711841E2,7.768950462E0,7.336050510E0,-8.778000832E0
1.682736276E2,6.598050117E0,4.611000061E0,-8.620050430E0
1.682760712E2,1.036605072E1,7.210950375E0,-1.006605053E1
1.682785149E2,1.066095066E1,6.574950218E0,-9.870000839E0
1.682809584E2,3.538050175E0,5.206950188E0,-7.444050312E0
1.682834020E2,1.375950098E0,5.478000164E0,1.335000038E0
1.682858455E2,3.811050177E0,6.145950317E0,3.724050283E0
1.682882891E2,6.994950294E0,8.133000374E0,-1.200000048E-1
1.682907326E2,4.137000084E0,7.474950314E0,1.864050031E0
1.682931762E2,2.532000065E0,6.481050491E0,3.841050148E0
1.682956199E2,1.302000046E0,1.024695015E1,2.728050232E0
1.682980633E2,1.291950107E0,1.325505066E1,7.600500584E-1
1.683005069E2,4.669950008E0,1.275405025E1,-4.564050198E0
1.683029504E2,5.116050243E0,1.089900017E1,-9.727950096E0
1.683053940E2,7.219500542E-1,8.631000519E0,-7.698000431E0
1.683078375E2,1.279950023E0,8.761050224E0,-6.460050106E0
1.683102811E2,5.607000351E0,8.221950531E0,-9.407999992E0
1.683127245E2,6.760950089E0,5.641050339E0,-1.251795101E1
1.683151682E2,3.667050123E0,4.006050110E0,-1.218495083E1
1.683176119E2,6.490050316E0,5.433000088E0,-1.087305069E1
1.683200553E2,1.134795094E1,3.976950169E0,-1.038705063E1
1.683224989E2,6.040050507E0,4.753050327E0,-6.658950329E0
1.683249424E2,1.704000115E0,3.274950266E0,1.758000135E0
1.683273861E2,1.110000014E0,4.243050098E0,5.488950253E0
1.683298297E2,1.867050052E0,5.404050350E0,4.821000099E0
1.683322732E2,3.021000147E0,2.755950212E0,2.914950132E0
1.683347168E2,3.303000212E0,2.052000046E0,2.122050047E0
1.683371602E2,3.387000084E0,7.939050198E0,1.765950084E0
1.683396039E2,3.757950068E0,9.828000069E0,2.260500044E-1
1.683420473E2,3.709950209E0,1.000800037E1,1.663050056E0
1.683444910E2,4.242000103E0,1.012500095E1,6.109500527E-1
1.683469346E2,3.706050158E0,8.690999985E0,-6.529950142E0
1.683493781E2,2.226000071E0,7.233000278E0,-6.997050285E0
1.683518217E2,5.334000111E0,7.807950497E0,-1.299195099E1
1.683542652E2,8.257050514E0,5.104950428E0,-1.608105087E1
1.683567088E2,5.935050488E0,4.810050011E0,-1.646805000E1
1.683591525E2,8.145000458E0,7.069950104E0,-1.330305099E1
1.683615959E2,1.325400066E1,8.305950165E0,-1.264200020E1
1.683640395E2,8.746050835E0,7.956000328E0,-1.178805065E1
1.683664830E2,2.116050005E0,7.390950203E0,-6.039000511E0
1.683689266E2,6.900000572E-2,5.835000515E0,9.709500670E-1
1.683713701E2,7.410000563E-1,8.266950607E0,4.528950214E0
1.683738137E2,2.404950142E0,4.252050400E0,4.168950081E0
1.683762572E2,2.389050007E0,2.032950163E0,3.409950256E0
1.683787008E2,2.848050117E0,1.792950034E0,3.789000273E0
1.683811445E2,5.772000313E0,6.103050232E0,3.720000088E-1
1.683835879E2,8.748000145E0,1.191900063E1,-6.780000329E-1
1.683860315E2,7.735050201E0,1.070505047E1,-3.147000074E0
1.683884750E2,4.279950142E0,1.165095043E1,-8.737050056E0
1.683909186E2,8.059500456E-1,9.216000557E0,-8.497950554E0
1.683933623E2,1.255950093E0,7.204050541E0,-3.742950201E0
1.683958057E2,5.137050152E0,1.014000034E1,-7.638000488E0
1.683982494E2,7.432950497E0,6.055050373E0,-9.628050804E0
1.684006928E2,8.101050377E0,4.777050018E0,-8.356950760E0
1.684031364E2,1.131495094E1,6.747000217E0,-8.431050301E0
1.684055801E2,1.196295071E1,7.695000172E0,-1.048500061E1
1.684080235E2,3.487950087E0,8.065950394E0,-8.770950317E0
1.684104672E2,-4.740000367E-1,6.790050507E0,-2.328000069E0
1.684129107E2,1.408950090E0,6.208050251E0,1.855950117E0
1.684153543E2,4.222949982E0,6.160050392E0,-2.730000019E-1
1.684177977E2,3.064050198E0,3.205950260E0,-2.850000262E-1
1.684202414E2,2.310000181E0,3.766050100E0,3.135000229E0
1.684226848E2,2.029950142E0,7.305000305E0,1.456950068E0
1.684251285E2,2.257050037E0,1.287405014E1,2.034000158E0
1.684275721E2,2.109000206E0,1.331505108E1,9.060000181E-1
1.684300156E2,4.198950291E0,1.165305042E1,1.641000032E0
1.684324592E2,1.242000103E0,1.150395012E1,-1.629000068E0
1.684349027E2,3.270000219E0,1.157595062E1,-4.320000172E0
1.684373463E2,7.171950340E0,8.866050720E0,-1.138095093E1
1.684397897E2,5.463000298E0,5.430000305E0,-1.634595108E1
1.684422334E2,5.508000374E0,4.657050133E0,-1.596300030E1
1.684446771E2,8.365050316E0,5.788950443E0,-1.153395081E1
1.684471205E2,1.166205025E1,7.156050205E0,-1.190205097E1
1.684495641E2,6.507000446E0,5.890050411E0,-8.557950020E0
1.684520076E2,-7.605000585E-2,4.768950462E0,1.437000036E0
1.684544512E2,1.201050043E0,3.997950077E0,5.758950233E0
1.684568947E2,4.510050297E0,7.326000214E0,2.529000044E0
1.684593383E2,2.901000023E0,3.900000095E0,7.500000596E-1
1.684617820E2,1.507950068E0,8.239500523E-1,1.773000121E0
1.684642254E2,2.527950048E0,4.135050297E0,2.635050058E0
1.684666690E2,4.978950024E0,1.270605087E1,2.550000250E-1
1.684691125E2,5.401050091E0,1.177695084E1,1.258050084E0
1.684715561E2,5.013000011E0,8.935050011E0,-1.530000091E0
1.684739996E2,1.362000108E0,1.079595089E1,-1.111050010E0
1.684764433E2,1.837950110E0,1.140195084E1,-3.424050093E0
1.684788868E2,4.717950344E0,8.341950417E0,-9.130050659E0
1.684813303E2,5.713950157E0,4.330950260E0,-1.527600098E1
1.684837739E2,5.161050320E0,2.053950071E0,-1.653300095E1
1.684862174E2,1.012200069E1,6.261000156E0,-1.340805054E1
1.684886611E2,1.168305016E1,5.136000156E0,-1.226595020E1
1.684911047E2,4.885950089E0,7.366950512E0,-8.923950195E0
1.684935481E2,2.100000158E-2,5.485050201E0,-6.880500317E-1
1.684959918E2,1.045050025E0,5.818050385E0,3.351000071E0
1.684984352E2,4.654050350E0,8.356050491E0,1.191000104E0
1.685008788E2,5.130000114E0,5.049000263E0,1.294050097E0
1.685033223E2,2.425050020E0,1.831950068E0,3.525000095E0
1.685057659E2,2.571000099E0,4.305000305E0,1.375050068E0
1.685082094E2,4.536000252E0,1.228995037E1,2.355000019E0
1.685106531E2,4.572000027E0,1.299405098E1,8.340000510E-1
1.685130967E2,1.524000049E0,9.249000549E0,1.083000064E0
1.685155402E2,1.095000096E-2,1.098705006E1,-7.980000377E-1
1.685179838E2,5.512950420E0,1.240200043E1,-3.550950050E0
1.685204272E2,6.457050323E0,9.473999977E0,-9.907950401E0
1.685228709E2,4.089000225E0,6.214950085E0,-1.366500092E1
1.685253145E2,7.908000469E0,6.754050255E0,-1.489800072E1
1.685277580E2,1.077105045E1,8.100000381E0,-1.457895088E1
1.685302016E2,7.054950237E0,8.550000191E0,-1.471305084E1
1.685326451E2,1.287000060E0,7.768950462E0,-8.550000191E0
1.685350887E2,3.799500167E-1,5.785050392E0,5.595000088E-2
1.685375322E2,4.030950069E0,5.650050163E0,1.027950048E0
1.685399758E2,8.307000160E0,5.739000320E0,-2.335050106E0
1.685424195E2,4.354050159E0,2.682000160E0,-1.489500105E-1
1.685448629E2,2.271000147E0,2.037000179E0,3.481950283E0
1.685473066E2,4.726050377E0,6.201000214E0,2.227950096E0
1.685497500E2,6.325050354E0,1.296705055E1,1.729500145E-1
1.685521936E2,4.327950001E0,1.254600048E1,1.861050129E0
1.685546373E2,1.900050044E0,9.192000389E0,1.569000125E0
1.685570808E2,1.492950082E0,1.098300076E1,2.469000101E0
1.685595244E2,3.528000116E0,1.233795071E1,-6.679500341E-1
1.685619679E2,7.017000198E0,7.936950207E0,-1.087995052E1
1.685644115E2,6.636000156E0,3.811950207E0,-1.645200157E1
1.685668549E2,7.848000526E0,6.151050091E0,-1.733295059E1
1.685692985E2,1.048095036E1,8.998050690E0,-1.607805061E1
1.685717420E2,2.686050177E0,6.871950150E0,-1.446405029E1
1.685741857E2,-9.019500613E-1,6.342000484E0,-5.704050064E0
1.685766293E2,8.400000334E-1,5.445000172E0,2.368950129E0
1.685790728E2,5.218950272E0,6.663000107E0,1.689000130E0
1.685815164E2,7.563000202E0,6.591000080E0,-1.375050068E0
1.685839599E2,3.447000265E0,2.500050068E0,9.919500351E-1
1.685864036E2,2.338050127E0,1.255050063E0,3.757950068E0
1.685888471E2,7.218000412E0,4.483950138E0,-1.738950133E0
1.685912906E2,9.588000298E0,1.367595100E1,-2.947950125E0
1.685937342E2,3.412950277E0,1.085295010E1,3.319050074E0
1.685961777E2,1.426050067E0,7.789050579E0,1.713000059E0
1.685986213E2,5.929500461E-1,1.006800079E1,2.689950228E0
1.686010648E2,3.130500019E-1,1.175595093E1,-1.230000034E-1
1.686035084E2,7.219500542E-1,7.537050247E0,-1.750500053E-1
1.686059518E2,8.416950226E0,4.510950089E0,2.929500043E-1
1.686083955E2,6.897000313E0,8.557050705E0,-1.163205051E1
1.686108391E2,1.197300053E1,8.100000381E0,-2.119500160E1
1.686132826E2,1.483950019E0,8.248050690E0,-2.148195076E1
1.686157262E2,-1.864950061E0,7.333950520E0,-9.088950157E0
1.686181699E2,1.338000059E0,6.073950291E0,-2.941050053E0
1.686206134E2,6.648000240E0,7.501050472E0,-2.104950190E0
1.686230570E2,4.753950119E0,4.285950184E0,-3.088950157E0
1.686255004E2,1.744950056E0,1.372050047E0,1.657950044E0
1.686279441E2,4.335000038E0,2.088000059E0,2.230050087E0
1.686303875E2,9.301050186E0,7.159050465E0,-4.090050220E0
1.686328311E2,6.571950436E0,1.072905064E1,-1.177950025E0
1.686352746E2,2.122950077E0,7.731000423E0,3.073050261E0
1.686377182E2,3.300000131E-1,8.124000549E0,3.382050276E0
1.686401619E2,1.371000051E0,1.026705074E1,3.427050114E0
1.686426054E2,7.153050423E0,8.494950294E0,-2.031000137E0
1.686450490E2,4.696950436E0,4.324050426E0,-2.476050138E0
1.686474925E2,5.125050068E0,6.165000439E0,-7.336950302E0
1.686499361E2,1.032600021E1,6.172050476E0,-1.633395004E1
1.686523795E2,8.595000267E0,6.475950241E0,-2.213805199E1
1.686548232E2,-8.400000334E-1,6.045000076E0,-1.584300041E1
1.686572669E2,-1.789500117E-1,6.595950127E0,-5.218050480E0
1.686597103E2,5.440950394E0,6.792000294E0,9.900000691E-2
1.686621539E2,6.442050457E0,4.374000072E0,-7.500000596E-1
1.686645974E2,3.751050234E0,3.679950237E0,2.089050055E0
1.686670410E2,2.865000248E0,2.425050020E0,4.240950108E0
1.686694845E2,4.261050224E0,7.707000256E0,-3.450000286E-1
1.686719282E2,7.144050121E0,1.357605076E1,2.476950169E0
1.686743718E2,3.526050091E0,1.006800079E1,2.452950001E0
1.686768152E2,1.491000056E0,8.641050339E0,1.849050045E0
1.686792588E2,5.620500445E-1,1.208595085E1,-1.429950118E0
1.686817025E2,7.219500542E-1,1.539000034E1,-4.624050140E0
1.686841460E2,1.072800064E1,1.100400066E1,2.380950212E0
1.686865896E2,3.457050085E0,6.532050133E0,-7.399050236E0
1.686890331E2,9.463950157E0,9.574950218E0,-9.502950668E0
1.686914767E2,1.057500076E1,1.113300037E1,-1.893900108E1
1.686939202E2,5.760000348E-1,1.106400013E1,-1.600905037E1
1.686963638E2,-1.230000019E0,7.669050217E0,-4.963950157E0
1.686988072E2,1.456950068E0,8.320050240E0,-2.244000196E0
1.687012508E2,5.391000271E0,9.388050079E0,-1.522950053E0
1.687036943E2,3.504000187E0,3.934050083E0,-3.706950188E0
1.687061380E2,2.389050007E0,1.776000142E0,1.971000075E0
1.687085816E2,6.199950218E0,5.394000053E0,1.042050004E0
1.687110251E2,8.479949951E0,9.958050728E0,-1.324950099E0
1.687134687E2,5.353050232E0,1.015605068E1,1.762950063E0
1.687159124E2,2.097000122E0,6.984000206E0,4.408950329E0
1.687183557E2,1.254000068E0,1.014900017E1,-9.919500351E-1
1.687207994E2,9.229500294E-1,1.390605068E1,4.453950405E0
1.687232428E2,1.570500135E-1,9.591000557E0,2.200950146E0
1.687256865E2,1.180050015E0,4.756950378E0,8.890500665E-1
1.687281300E2,1.443000031E1,5.607000351E0,-5.401950359E0
1.687305736E2,1.518600082E1,6.823950291E0,-2.293500137E1
1.687330170E2,4.825950146E0,8.095050812E0,-2.298105049E1
1.687354607E2,-1.570050120E0,7.128000259E0,-1.286700058E1
1.687379044E2,2.535000086E0,8.176050186E0,-6.127050400E0
1.687403478E2,5.893950462E0,7.723950386E0,-4.522950172E0
1.687427914E2,3.375000238E0,2.844000101E0,-2.050050020E0
1.687452349E2,1.630050063E0,2.514000177E0,3.657000065E0
1.687476786E2,3.913950205E0,2.743950129E0,4.054049969E0
1.687501222E2,1.018005085E1,5.698050499E0,-5.020950317E0
1.687525657E2,7.492950439E0,8.442000389E0,-2.775000095E0
1.687550093E2,2.257050037E0,7.567950249E0,4.936050415E0
1.687574528E2,1.405050039E0,1.264200020E1,1.131000042E0
1.687598964E2,1.126950026E0,1.475595093E1,2.173050165E0
1.687623398E2,6.700500250E-1,1.099395084E1,3.078000069E0
1.687647834E2,4.869000435E0,7.401000500E0,1.596000075E0
1.687672269E2,8.092050552E0,9.013950348E0,-3.199050188E0
1.687696706E2,1.392405033E1,7.567950249E0,-1.883205032E1
1.687721142E2,3.591000080E0,7.237950325E0,-2.132595062E1
1.687745577E2,-6.319500208E-1,6.702000141E0,-1.021200085E1
1.687770013E2,2.290950060E0,8.080950737E0,-5.682000160E0
1.687794448E2,6.988050461E0,9.180000305E0,-4.795950413E0
1.687818885E2,3.978000164E0,3.328050137E0,-3.949050188E0
1.687843318E2,2.029500157E-1,2.883000135E0,7.500000596E-1
1.687867755E2,3.892050266E0,4.920000076E0,2.187000036E0
1.687892191E2,1.165200043E1,1.125495052E1,-4.899000168E0
1.687916626E2,6.022950172E0,1.055205059E1,-5.490000248E-1
1.687941062E2,1.444950104E0,5.815950394E0,4.561950207E0
1.687965497E2,8.110500574E-1,1.033605003E1,-1.132950068E0
1.687989933E2,3.907050133E0,1.652505112E1,8.800500631E-1
1.688014368E2,1.615050077E0,9.967050552E0,-8.550000191E-1
1.688038805E2,3.142950058E0,4.522950172E0,9.349500537E-1
1.688063241E2,1.059600067E1,7.824000359E0,-5.151000023E0
1.688087675E2,7.327950478E0,4.441050053E0,-1.804605103E1
1.688112112E2,1.789500117E-1,3.184050083E0,-1.637295151E1
1.688136549E2,9.690000415E-1,4.477050304E0,-9.549000740E0
1.688160983E2,5.092050076E0,5.773050308E0,-6.577950478E0
1.688185419E2,6.208050251E0,4.513050079E0,-5.524050236E0
1.688209854E2,2.752950191E0,2.965950251E0,2.697000027E0
1.688234290E2,2.563050032E0,3.175050259E0,6.091950417E0
1.688258725E2,5.665950298E0,8.287050247E0,4.099500179E-1
1.688283161E2,5.905950069E0,1.291200066E1,2.809050083E0
1.688307595E2,3.139950037E0,7.935000420E0,3.148950100E0
1.688332032E2,1.441050053E0,7.981950283E0,2.697000027E0
1.688356469E2,3.270000219E0,1.552200031E1,1.641000032E0
1.688380903E2,3.223950148E0,1.530195045E1,-1.249950051E0
1.688405339E2,7.773000240E0,1.241400051E1,9.730500579E-1
1.688429774E2,1.200195026E1,9.996000290E0,-1.272600079E1
1.688454210E2,1.021095085E1,1.078095055E1,-1.970505142E1
1.688478645E2,2.929950237E0,1.014495087E1,-1.684905052E1
1.688503081E2,-6.529500484E-1,7.732950211E0,-7.717050552E0
1.688527518E2,1.432950020E0,1.075995064E1,-5.251050472E0
1.688551952E2,5.566050053E0,9.333000183E0,-6.108000278E0
1.688576388E2,4.708950043E0,1.800000072E0,-7.303050518E0
1.688600823E2,2.935050249E0,3.201000214E0,-2.224950075E0
1.688625259E2,7.153050423E0,5.278950214E0,1.350000054E-1
1.688649694E2,9.586050034E0,9.915000916E0,-1.255050063E0
1.688674131E2,5.247000217E0,6.816000462E0,-1.441950083E0
1.688698567E2,2.676000118E0,5.932950497E0,3.219000101E0
1.688723002E2,2.929950237E0,1.240200043E1,3.889050245E0
1.688747438E2,2.271000147E0,1.447305107E1,1.047000051E0
1.688771872E2,1.069500074E-1,8.923050880E0,3.099000216E0
1.688796309E2,1.675050020E0,6.546000481E0,4.983000278E0
1.688820745E2,7.086000443E0,8.433000565E0,2.500500083E-1
1.688845180E2,8.013000488E0,7.024950504E0,-1.298505020E1
1.688869616E2,4.411950111E0,4.816950321E0,-1.541505051E1
1.688894051E2,2.620950222E0,4.993950367E0,-1.126995087E1
1.688918487E2,6.615000248E0,6.079050064E0,-9.499050140E0
1.688942922E2,6.211950302E0,6.936000347E0,-8.589000702E0
1.688967358E2,5.359500051E-1,4.318950176E0,-2.014050007E0
1.688991793E2,9.810000658E-1,4.270950317E0,3.178050041E0
1.689016230E2,8.419950485E0,8.433000565E0,-4.339500070E-1
1.689040666E2,8.105999947E0,1.324005032E1,-1.143000007E0
1.689065100E2,2.905950069E0,8.184000015E0,2.677950144E0
1.689089536E2,1.582050085E0,9.651000023E0,1.483050108E0
1.689113971E2,5.347950459E0,1.495200062E1,-7.879500389E-1
1.689138407E2,3.193050146E0,1.431105042E1,-1.528050065E0
1.689162844E2,4.516950130E0,1.327395058E1,-3.313950062E0
1.689187278E2,7.990950584E0,1.186095047E1,-1.340805054E1
1.689211715E2,2.632950068E0,1.123605061E1,-1.381800079E1
1.689236149E2,-1.752000093E0,8.763000488E0,-6.265950203E0
1.689260585E2,-1.630500108E-1,5.257950306E0,-2.317950010E0
1.689285020E2,4.861950397E0,9.730050087E0,-4.636050224E0
1.689309456E2,6.126000404E0,7.003050327E0,-5.641050339E0
1.689333893E2,3.448950052E0,8.430000544E-1,-3.999000072E0
1.689358328E2,4.378050327E0,3.955050230E0,4.990500212E-1
1.689382764E2,9.811050415E0,7.759950161E0,-8.860500455E-1
1.689407198E2,8.518050194E0,1.052805042E1,-3.252000093E0
1.689431634E2,3.054000139E0,7.245000362E0,2.134050131E0
1.689456069E2,1.723050117E0,6.334950447E0,3.577950239E0
1.689480506E2,3.378000259E0,9.985950470E0,-1.441950083E0
1.689504942E2,3.943050146E0,1.176300049E1,-4.019999981E0
1.689529377E2,4.231950283E0,6.958050251E0,-6.823950291E0
1.689553813E2,8.166000366E0,6.790050507E0,-7.576050282E0
1.689578248E2,6.463950157E0,6.582000256E0,-9.532050133E0
1.689602684E2,-5.770500302E-1,7.951050282E0,-7.195050240E0
1.689627118E2,-6.439500451E-1,7.068000317E0,1.090050101E0
1.689651554E2,3.100050211E0,9.124950409E0,-8.400000632E-2
1.689675991E2,4.741950035E0,6.555000305E0,-6.142050266E0
1.689700426E2,1.668000102E0,4.872000217E0,-2.743950129E0
1.689724862E2,8.400000334E-1,4.228050232E0,2.629950047E0
1.689749297E2,4.788000107E0,6.334950447E0,-2.179500163E-1
1.689773734E2,7.254000187E0,1.079805088E1,-2.574000120E0
1.689798168E2,3.925950289E0,1.093005085E1,1.833000064E0
1.689822604E2,1.813950062E0,9.499950409E0,2.140500098E-1
1.689847038E2,4.297049999E0,1.375305080E1,9.949500561E-1
1.689871475E2,6.094950199E0,1.464795113E1,-6.118050098E0
1.689895911E2,5.331000328E0,1.284795094E1,-7.774950504E0
1.689920346E2,8.520000458E0,1.228995037E1,-1.103805065E1
1.689944782E2,4.888050079E0,1.143300056E1,-1.185900021E1
1.689969217E2,-7.470000386E-1,1.012095070E1,-6.843000412E0
1.689993653E2,-8.740500212E-1,6.673050404E0,3.070500195E-1
1.690018090E2,5.479950428E0,1.037700081E1,-2.814000130E0
1.690042524E2,6.793950558E0,7.573050499E0,-8.809050560E0
1.690066960E2,2.676000118E0,1.911000133E0,-6.196950436E0
1.690091395E2,2.359950066E0,3.292050123E0,-1.975950122E0
1.690115831E2,9.105000496E0,6.972000122E0,-3.259050131E0
1.690140268E2,8.949000359E0,9.124950409E0,-4.396049976E0
1.690164703E2,1.620000124E0,6.189000130E0,1.483050108E0
1.690189139E2,2.640000105E0,8.253000259E0,3.907950163E0
1.690213574E2,4.660950184E0,1.099200058E1,-1.765050054E0
1.690238010E2,3.366000175E0,1.034100056E1,-3.259050131E0
1.690262444E2,4.282950401E0,8.389050484E0,-4.918050289E0
1.690286881E2,8.845950127E0,6.886050224E0,-7.843950272E0
1.690311315E2,7.912050247E0,6.541050434E0,-1.120305061E1
1.690335752E2,-4.690500200E-1,6.474000454E0,-1.189800072E1
1.690360188E2,-1.549500078E-1,6.034050465E0,-2.689050198E0
1.690384623E2,7.366050243E0,6.490950108E0,-3.034050226E0
1.690409059E2,6.744000435E0,5.197950363E0,-8.311050415E0
1.690433496E2,3.319500089E-1,4.542000294E0,-5.730000138E-1
1.690457930E2,2.437050104E0,4.345950127E0,4.267950058E0
1.690482367E2,8.105999947E0,5.655000210E0,-1.885050058E0
1.690506801E2,7.216050148E0,8.575950623E0,-6.316950321E0
1.690531238E2,1.998000145E0,7.614000320E0,1.741950035E0
1.690555672E2,2.449050188E0,8.503950119E0,2.485950232E0
1.690580108E2,7.771050453E0,1.041705036E1,-6.241950512E0
1.690604543E2,4.065000057E0,1.073805046E1,-8.833050728E0
1.690628979E2,4.540950298E0,1.144200039E1,-8.943000793E0
1.690653416E2,7.963050365E0,9.417000771E0,-1.138305092E1
1.690677851E2,1.711050034E0,9.709050179E0,-7.132950306E0
1.690702287E2,-1.672950029E0,8.578950882E0,1.378050089E0
1.690726722E2,1.074000001E0,7.087050438E0,4.833000183E0
1.690751158E2,4.942950249E0,9.630000114E0,-4.565999985E0
1.690775592E2,3.937950134E0,5.073000431E0,-6.123000145E0
1.690800028E2,2.089050055E0,4.093950272E0,-1.260000110E0
1.690824465E2,5.331000328E0,5.595000267E0,-2.078999996E0
1.690848900E2,7.315950394E0,1.001505089E1,-4.269000053E0
1.690873336E2,3.196050167E0,1.006995010E1,-1.341000080E0
1.690897771E2,1.546050072E0,9.247050285E0,2.125050068E0
1.690922207E2,4.777950287E0,1.284495068E1,4.969500303E-1
1.690946641E2,5.704950333E0,1.289100075E1,-4.798950195E0
1.690971078E2,7.278000355E0,1.186395073E1,-9.286050797E0
1.690995515E2,1.048395061E1,1.156905079E1,-1.168695068E1
1.691019949E2,5.500950336E0,1.100595093E1,-1.105305099E1
1.691044385E2,-3.210000098E-1,1.158795071E1,-4.650000095E0
1.691068820E2,-7.759500146E-1,7.591950417E0,2.208000183E0
1.691093257E2,3.151950121E0,8.788949966E0,-8.670000434E-1
1.691117691E2,5.098950386E0,7.852950573E0,-6.666000366E0
1.691142128E2,1.369050026E0,2.980950117E0,-4.534950256E0
1.691166561E2,2.752950191E0,4.437000275E0,-1.156949997E0
1.691190998E2,7.966950417E0,5.538000107E0,-3.199050188E0
1.691215435E2,5.512950420E0,9.217950821E0,-2.899950027E0
1.691239869E2,2.080049992E0,5.875050068E0,1.354050040E0
1.691264305E2,1.849950075E0,8.482950211E0,1.476000071E0
1.691288740E2,4.543950081E0,1.058295059E1,-2.983950138E0
1.691313177E2,2.701950073E0,7.992000580E0,-3.850050211E0
1.691337613E2,6.342000484E0,9.523950577E0,-5.644050121E0
1.691362048E2,1.044105053E1,7.246950150E0,-9.891000748E0
1.691386484E2,4.714050293E0,5.667000294E0,-1.071705055E1
1.691410919E2,-2.064000130E0,6.073950291E0,-6.319050312E0
1.691435355E2,9.660000205E-1,4.573050022E0,-1.696050048E0
1.691459790E2,9.046950340E0,1.774050117E0,-6.364050388E0
1.691484226E2,5.379000187E0,1.930050135E0,-9.942000389E0
1.691508663E2,4.560000300E-1,2.028000116E0,-2.589000225E0
1.691533097E2,5.947050095E0,3.000000238E0,2.550000250E-1
1.691557533E2,9.295950890E0,2.155050039E0,-3.715950251E0
1.691581968E2,3.799050093E0,3.694050074E0,-3.831000090E0
1.691606404E2,1.194000006E0,7.192050457E0,2.009999990E0
1.691630839E2,5.536950111E0,8.305950165E0,-9.889500737E-1
1.691655276E2,8.647050858E0,6.342000484E0,-5.980950356E0
1.691679712E2,4.498050213E0,9.373950005E0,-7.966050148E0
1.691704146E2,9.181050301E0,8.938050270E0,-8.617950439E0
1.691728583E2,6.945000172E0,6.261000156E0,-9.196950912E0
1.691753017E2,-1.036949992E0,8.140049934E0,-8.170050621E0
1.691777453E2,-2.407950163E0,6.511950493E0,-1.399050117E0
1.691801890E2,3.772950172E0,4.750050068E0,-1.066050053E0
1.691826325E2,5.215950012E0,5.332050323E0,-7.387050152E0
1.691850759E2,7.870500088E-1,4.563000202E0,-1.678950071E0
1.691875196E2,8.200500607E-1,4.270950317E0,2.042999983E0
1.691899632E2,3.904050112E0,5.392050266E0,-1.755000114E0
1.691924066E2,4.000050068E0,7.021950245E0,-4.107000351E0
1.691948503E2,1.093050003E0,6.156000137E0,1.312950015E0
1.691972937E2,4.407000065E0,6.973950386E0,8.505000174E-2
1.691997374E2,6.739050388E0,8.695950508E0,-6.144000053E0
1.692021810E2,4.134000301E0,8.008950233E0,-5.280000210E0
1.692046245E2,8.355000496E0,8.880000114E0,-4.684050083E0
1.692070681E2,8.422050476E0,6.663000107E0,-9.361950874E0
1.692095116E2,1.206000090E0,6.919050217E0,-6.183000088E0
1.692119552E2,-6.820500493E-1,6.619950294E0,1.390050054E0
1.692143986E2,2.475000143E0,6.325950146E0,1.005000062E-2
1.692168422E2,4.941000462E0,6.012000084E0,-6.313950062E0
1.692192859E2,1.182000041E0,2.827950239E0,-4.756050110E0
1.692217294E2,1.459950089E0,5.539950371E0,9.390000701E-1
1.692241730E2,7.261050224E0,6.013950348E0,-1.734000087E0
1.692266165E2,5.530050278E0,8.670000076E0,-2.692050219E0
1.692290601E2,1.134000063E0,7.795950413E0,-9.580500722E-1
1.692315038E2,2.428950071E0,1.011795044E1,-4.170000255E-1
1.692339473E2,6.361050129E0,9.295050621E0,-6.328950405E0
1.692363909E2,3.303000212E0,7.870050430E0,-7.866000175E0
1.692388343E2,3.706050158E0,9.025950432E0,-6.196950436E0
1.692412780E2,8.875050545E0,7.803000450E0,-7.477950573E0
1.692437217E2,5.422050476E0,6.601050377E0,-7.051950455E0
1.692461651E2,1.309500039E-1,7.522950172E0,-1.392000079E0
1.692486087E2,1.006950021E0,5.974050522E0,1.696050048E0
1.692510522E2,6.667050362E0,6.484050274E0,-3.642000198E0
1.692534958E2,4.261050224E0,4.642050266E0,-8.413949966E0
1.692559393E2,-6.100500226E-1,3.682050228E0,-2.634000063E0
1.692583829E2,1.974000096E0,4.048950195E0,-2.350500077E-1
1.692608263E2,5.941950321E0,4.918050289E0,-2.763000250E0
1.692632700E2,2.049000025E0,5.052000046E0,-8.479500413E-1
1.692657136E2,4.350000322E-1,4.561050415E0,2.212949991E0
1.692681571E2,2.844000101E0,5.787000179E0,1.891950130E0
1.692706007E2,5.200050354E0,5.005950451E0,-4.011000156E0
1.692730442E2,2.221050024E0,4.111050129E0,-5.050050259E0
1.692754878E2,1.894950032E0,5.839950085E0,-8.380500674E-1
1.692779313E2,5.920050144E0,5.514000416E0,-3.204000235E0
1.692803749E2,3.727050066E0,5.179050446E0,-4.614000320E0
1.692828186E2,-3.949500322E-1,6.193950176E0,-9.409500360E-1
1.692852620E2,6.670500040E-1,5.065950394E0,2.020500153E-1
1.692877057E2,6.423000336E0,5.535000324E0,-6.783000469E0
1.692901491E2,5.755050182E0,5.968950272E0,-8.955000877E0
1.692925927E2,7.095000148E-2,6.022050381E0,-2.766000032E0
1.692950362E2,8.680500388E-1,6.618000507E0,1.105050087E0
1.692974798E2,5.224050045E0,8.872950554E0,-3.028950214E0
1.692999235E2,3.514050245E0,8.959050179E0,-4.890000343E0
1.693023670E2,1.776000142E0,8.944950104E0,-1.501950026E0
1.693048106E2,5.355000019E0,7.450950146E0,-3.388050079E0
1.693072541E2,7.390050411E0,8.928000450E0,-9.784050941E0
1.693096977E2,2.901000023E0,9.081000328E0,-5.284950256E0
1.693121411E2,3.610500097E-1,9.649050713E0,7.189500332E-1
1.693145848E2,3.354000092E0,9.927000046E0,-3.019500077E-1
1.693170284E2,5.499000072E0,1.126695061E1,-5.581950188E0
1.693194719E2,1.747050047E0,1.014705086E1,-3.819000244E0
1.693219155E2,6.840000153E-1,9.426000595E0,-8.940000534E-1
1.693243590E2,3.255000114E0,9.376049995E0,-3.850050211E0
1.693268026E2,3.949950218E0,1.114995098E1,-7.818000317E0
1.693292461E2,7.630500197E-1,9.601050377E0,-2.608050108E0
1.693316897E2,1.450500041E-1,7.899000168E0,1.798950076E0
1.693341334E2,1.894950032E0,1.021905041E1,6.829500198E-1
1.693365768E2,4.263000011E0,1.128405094E1,-1.605000019E0
1.693390204E2,2.986950159E0,8.107049942E0,-1.273950100E0
1.693414639E2,3.636000156E0,7.276050568E0,-1.849500090E-1
1.693439076E2,6.756000519E0,1.020000076E1,-2.692050219E0
1.693463510E2,4.833000183E0,8.855999947E0,-5.134050369E0
1.693487947E2,1.141050100E0,7.518000126E0,-8.340000510E-1
1.693512380E2,1.488000035E0,8.140049934E0,1.969050050E0
1.693536817E2,4.408950329E0,1.239300060E1,5.490000248E-1
1.693561253E2,3.307950258E0,1.006800079E1,-3.312000275E0
1.693585688E2,1.371000051E0,7.843950272E0,-3.739950180E0
1.693610124E2,2.212050200E0,8.659950256E0,-2.974050045E0
1.693634559E2,6.837000370E0,1.036995029E1,-7.147050381E0
1.693658996E2,4.741950035E0,8.782050133E0,-8.941050529E0
1.693683432E2,3.130500019E-1,6.943050385E0,-2.347050190E0
1.693707866E2,1.948050141E0,6.991050243E0,2.139000177E0
1.693732303E2,5.781000137E0,1.037400055E1,-5.779500008E-1
1.693756737E2,4.314000130E0,6.859950542E0,-3.525000095E0
1.693781173E2,2.956050158E0,5.658000469E0,-3.046050072E0
1.693805610E2,3.873000145E0,7.506000519E0,-3.460050106E0
1.693830044E2,7.089000225E0,8.032950401E0,-7.252950191E0
1.693854481E2,3.919050217E0,6.136050224E0,-8.080950737E0
1.693878916E2,8.970000148E-1,5.950050354E0,-7.039500475E-1
1.693903352E2,2.733000040E0,8.727000237E0,2.793000221E0
1.693927786E2,4.672950268E0,1.000800037E1,-3.979500234E-1
1.693952223E2,2.737950087E0,6.369000435E0,-2.914050102E0
1.693976657E2,7.489500642E-1,5.638050079E0,-2.746950150E0
1.694001094E2,2.851050138E0,5.610000134E0,-4.023000240E0
1.694025530E2,7.393050194E0,7.209000111E0,-7.540050507E0
1.694049965E2,4.102950096E0,5.224050045E0,-8.347050667E0
1.694074401E2,-4.879500270E-1,4.771950245E0,-5.179499984E-1
1.694098836E2,1.084050059E0,6.214950085E0,3.298050165E0
1.694123272E2,4.108050346E0,9.927000046E0,1.342050076E0
1.694147709E2,4.812000275E0,8.326950073E0,-1.897050142E0
1.694172143E2,2.662050009E0,6.595950127E0,-1.791000128E0
1.694196579E2,3.504000187E0,9.235050201E0,-2.755950212E0
1.694221014E2,5.317050457E0,1.073295021E1,-5.530950069E0
1.694245450E2,2.925000191E0,8.381999969E0,-4.878000259E0
1.694269885E2,5.329500437E-1,7.135050297E0,-4.120500088E-1
1.694294321E2,5.160000324E-1,8.454000473E0,2.617950201E0
1.694318755E2,2.844000101E0,1.332195091E1,1.789050102E0
1.694343192E2,5.113050461E0,1.034100056E1,-4.681050301E0
1.694367628E2,1.002000093E0,7.597050190E0,-3.760050297E0
1.694392063E2,1.539000034E0,8.571000099E0,-2.791950226E0
1.694416499E2,3.721950293E0,1.335495090E1,-4.072950363E0
1.694440934E2,4.504950047E0,1.093695068E1,-6.822000504E0
1.694465371E2,1.258950114E0,7.087050438E0,-3.994050264E0
1.694489807E2,5.205000192E-2,7.366950512E0,1.918950081E0
1.694514241E2,3.262950182E0,1.276395035E1,2.452950001E0
1.694538678E2,4.096050262E0,1.100400066E1,-1.066050053E0
1.694563112E2,2.929950237E0,5.239050388E0,-2.886000156E0
1.694587548E2,2.893950224E0,7.852950573E0,-3.204000235E0
1.694611983E2,5.377050400E0,9.982050896E0,-3.465000153E0
1.694636419E2,5.401050091E0,7.152000427E0,-7.164000511E0
1.694660854E2,2.209050179E0,5.848950386E0,-4.861050129E0
1.694685291E2,1.146000028E0,6.802050114E0,1.516950130E0
1.694709727E2,3.174000263E0,1.094895077E1,2.896050215E0
1.694734161E2,3.139950037E0,9.699000359E0,-3.330000043E-1
1.694758597E2,1.102950096E0,5.646000385E0,-7.950000167E-1
1.694783032E2,8.730000257E-1,7.711950302E0,6.709500551E-1
1.694807468E2,2.875050068E0,1.032600021E1,-1.264950037E0
1.694831903E2,5.383950233E0,8.550000191E0,-6.022050381E0
1.694856340E2,2.965950251E0,6.565050125E0,-7.329000473E0
1.694880776E2,-1.150500029E-1,7.333950520E0,-8.430000544E-1
1.694905210E2,2.100000158E-2,1.001805019E1,2.295000076E0
1.694929647E2,2.512950182E0,1.248900032E1,1.083000064E0
1.694954081E2,2.092050076E0,7.777050495E0,-1.449000120E0
1.694978517E2,1.789950132E0,7.981950283E0,-9.730500579E-1
1.695002952E2,3.519000053E0,1.091295052E1,-2.251049995E0
1.695027389E2,5.724000454E0,9.895050049E0,-6.115050316E0
1.695051825E2,3.943050146E0,6.543000221E0,-6.822000504E0
1.695076260E2,4.660500288E-1,7.069950104E0,-1.150050044E0
1.695100696E2,3.610500097E-1,9.052950859E0,2.083950043E0
1.695125130E2,2.194950104E0,1.286205101E1,3.376950264E0
1.695149567E2,2.215950012E0,7.714050293E0,-7.879500389E-1
1.695174003E2,1.201050043E0,5.349000454E0,-1.392000079E0
1.695198438E2,2.170950174E0,8.950050354E0,-1.152000070E0
1.695222874E2,5.914950371E0,9.073950768E0,-3.946050167E0
1.695247309E2,4.984050274E0,6.951000214E0,-6.349950314E0
1.695271745E2,1.399950027E0,7.057950497E0,-2.658000231E0
1.695296180E2,7.320000529E-1,8.101950645E0,2.239950180E0
1.695320616E2,2.110949993E0,1.128900051E1,3.475050211E0
1.695345050E2,3.888000250E0,8.686050415E0,-1.485000014E0
1.695369487E2,3.040050030E0,6.232050419E0,-5.032950401E0
1.695393924E2,2.125050068E0,8.562000275E0,-5.979000092E0
1.695418358E2,4.357050419E0,8.513999939E0,-5.821050167E0
1.695442794E2,5.053950310E0,6.820950508E0,-6.799950123E0
1.695467229E2,1.812000036E0,5.836950302E0,-3.814950228E0
1.695491666E2,1.213050008E0,7.032000542E0,2.893050194E0
1.695516100E2,1.632000089E0,1.081995010E1,4.573950291E0
1.695540537E2,2.331000090E0,9.782999992E0,2.829000235E0
1.695564973E2,1.405050039E0,6.534000397E0,-1.699500084E-1
1.695589407E2,8.899500370E-1,8.533050537E0,-7.360500097E-1
1.695613844E2,1.357050061E0,9.678000450E0,-1.678950071E0
1.695638278E2,3.502050161E0,9.124950409E0,-3.835950136E0
1.695662714E2,3.102000237E0,7.786050320E0,-5.341950417E0
1.695687149E2,8.970000148E-1,7.249950409E0,-3.139500022E-1
1.695711586E2,5.929500461E-1,9.475950241E0,2.149049997E0
1.695736022E2,1.536000013E0,1.149000072E1,1.567050099E0
1.695760457E2,4.042950153E0,9.511950493E0,-1.198050022E0
1.695784893E2,1.921950102E0,7.783950329E0,-4.147050381E0
1.695809327E2,2.290950060E0,8.657999992E0,-3.448050261E0
1.695833764E2,4.612950325E0,8.836950302E0,-5.401950359E0
1.695858200E2,5.419950485E0,5.856000423E0,-7.839000225E0
1.695882635E2,1.615050077E0,5.526000500E0,-3.943950176E0
1.695907071E2,1.453050017E0,7.321950436E0,2.416950226E0
1.695931506E2,3.435000181E0,1.061895084E1,2.836050034E0
1.695955942E2,3.129000187E0,6.991050243E0,-1.450950027E0
1.695980377E2,2.239950180E0,5.497050285E0,-2.392050028E0
1.696004813E2,9.810000658E-1,8.466000557E0,-2.104950190E0
1.696029247E2,3.117000103E0,8.133000374E0,-3.453000069E0
1.696053684E2,6.061950207E0,6.438000202E0,-7.624050140E0
1.696078120E2,3.508950233E0,5.689050198E0,-7.167000294E0
1.696102555E2,-1.890000105E-1,6.931050301E0,-3.840000033E-1
1.696126991E2,1.527000070E0,8.863950729E0,3.640050173E0
1.696151426E2,6.616950512E0,7.798050404E0,-2.389950037E0
1.696175862E2,5.068050385E0,6.424050331E0,-5.742000103E0
1.696200299E2,1.030950069E0,7.719000340E0,-4.368000031E0
1.696224734E2,2.640000105E0,8.437050819E0,-3.430950165E0
1.696249170E2,8.166000366E0,7.269000530E0,-5.577000141E0
1.696273604E2,4.921950340E0,5.449050426E0,-7.030050278E0
1.696298041E2,4.369500279E-1,6.655950546E0,-1.090050101E0
1.696322475E2,6.100500226E-1,8.980950356E0,3.204000235E0
1.696346911E2,5.401050091E0,1.001505089E1,-7.360500097E-1
1.696371348E2,5.062950134E0,7.297950268E0,-5.710950375E0
1.696395782E2,1.512000084E0,8.263050079E0,-4.315050125E0
1.696420219E2,5.260500312E-1,8.964000702E0,-1.401000023E0
1.696444654E2,3.466050148E0,1.017105007E1,-3.067950249E0
1.696469090E2,5.191950321E0,8.500050545E0,-5.529000282E0
1.696493524E2,2.422049999E0,7.140000343E0,-2.305950165E0
1.696517961E2,6.670500040E-1,8.466000557E0,2.053050041E0
1.696542397E2,1.837950110E0,1.137300014E1,1.837050080E0
1.696566832E2,6.411000252E0,9.748950005E0,-2.763000250E0
1.696591268E2,4.330049992E0,7.638000488E0,-6.348000526E0
1.696615703E2,3.085050106E0,8.698050499E0,-7.068000317E0
1.696640139E2,4.381050110E0,9.366000175E0,-5.335050106E0
1.696664574E2,6.523950100E0,7.528050423E0,-6.408000469E0
1.696689010E2,3.837000132E0,5.892000198E0,-3.906000137E0
1.696713444E2,1.963050127E0,6.939000130E0,1.653000116E0
1.696737881E2,4.375950336E0,9.354000092E0,2.503050089E0
1.696762318E2,5.616000175E0,7.944000244E0,-1.186050057E0
1.696786752E2,4.318050385E0,5.254950047E0,-6.123000145E0
1.696811188E2,1.378050089E0,7.072950363E0,-5.055000305E0
1.696835623E2,9.660000205E-1,7.318950176E0,-2.421000004E0
1.696860059E2,4.975050449E0,6.453000069E0,-3.205950260E0
1.696884494E2,5.161050320E0,5.125950336E0,-3.499050140E0
1.696908931E2,1.314000010E0,5.260050297E0,5.989500284E-1
1.696933367E2,1.704000115E0,7.528050423E0,4.324950218E0
1.696957802E2,3.895050287E0,8.931000710E0,2.412000179E0
1.696982238E2,4.309050083E0,7.051050186E0,-2.902050257E0
1.697006672E2,2.626050234E0,7.432050228E0,-5.593950272E0
1.697031109E2,1.338000059E0,8.928000450E0,-3.750000238E0
1.697055543E2,3.439950228E0,9.189000130E0,-3.031950235E0
1.697079980E2,4.600950241E0,7.993950367E0,-4.339050293E0
1.697104416E2,3.267000198E0,7.317000389E0,-2.380050182E0
1.697128851E2,1.270950079E0,9.579000473E0,1.473000050E0
1.697153287E2,2.902950048E0,1.107600021E1,1.435050011E0
1.697177722E2,6.412950516E0,1.108095074E1,-3.628050089E0
1.697202158E2,3.615000248E0,9.670050621E0,-6.550950527E0
1.697226595E2,1.105050087E0,9.661050797E0,-6.052950382E0
1.697251029E2,1.362000108E0,1.036695004E1,-2.859000206E0
1.697275465E2,5.401050091E0,1.069800091E1,-3.264000177E0
1.697299900E2,4.234950066E0,8.218950272E0,-3.877050161E0
1.697324336E2,1.789950132E0,8.671950340E0,7.620000243E-1
1.697348771E2,2.623050213E0,1.079595089E1,2.989050150E0
1.697373208E2,4.342050076E0,1.165995026E1,9.630000591E-1
1.697397642E2,4.338000298E0,9.295050621E0,-4.036950111E0
1.697422078E2,2.632950068E0,9.081000328E0,-6.793050289E0
1.697446515E2,1.419000030E0,9.052950859E0,-5.194050312E0
1.697470949E2,4.450050354E0,8.619000435E0,-3.637050152E0
1.697495385E2,6.595050335E0,6.574950218E0,-5.626950264E0
1.697519820E2,3.187950134E0,7.087050438E0,-3.193950176E0
1.697544256E2,2.167950153E0,8.619000435E0,2.119950056E0
1.697568693E2,4.483950138E0,1.025505066E1,2.986950159E0
1.697593128E2,5.803050041E0,8.938050270E0,-1.678950071E0
1.697617564E2,3.130950212E0,8.348999977E0,-4.657050133E0
1.697641999E2,1.038000107E0,9.619950294E0,-4.243050098E0
1.697666435E2,1.996050119E0,9.714000702E0,-2.734950066E0
1.697690870E2,6.370050430E0,9.049950600E0,-3.871950150E0
1.697715306E2,4.552950382E0,7.623000145E0,-3.927000284E0
1.697739740E2,1.249050021E0,9.622950554E0,1.336950064E0
1.697764177E2,1.077000022E0,1.219200039E1,2.328000069E0
1.697788614E2,2.745000124E0,1.296300030E1,1.531050086E0
1.697813048E2,5.209050179E0,1.083600044E1,-3.652050257E0
1.697837484E2,2.245050192E0,1.062300014E1,-5.673000336E0
1.697861919E2,2.014950037E0,1.062105083E1,-3.466950178E0
1.697886355E2,3.921000242E0,1.120800018E1,-3.534000158E0
1.697910790E2,5.266950130E0,9.782999992E0,-4.530000210E0
1.697935227E2,2.917950153E0,9.586950302E0,-2.068950176E0
1.697959663E2,2.302050114E0,1.116195011E1,2.031000137E0
1.697984098E2,4.237050056E0,1.293405056E1,3.334050179E0
1.698008534E2,6.267000198E0,1.161705017E1,-3.814950228E0
1.698032968E2,2.953950167E0,1.026705074E1,-7.180950165E0
1.698057404E2,7.870500088E-1,1.062600040E1,-2.866050243E0
1.698081839E2,1.819050074E0,1.095600033E1,-1.204950094E0
1.698106275E2,5.413050175E0,1.033800030E1,-3.361950159E0
1.698130710E2,3.937950134E0,8.095050812E0,-3.712050200E0
1.698155147E2,2.134950161E0,9.831000328E0,1.177050114E0
1.698179583E2,2.596950054E0,1.181805038E1,3.705000162E0
1.698204018E2,3.648000240E0,1.248900032E1,7.170000076E-1
1.698228454E2,4.054950237E0,1.034100056E1,-3.084000111E0
1.698252888E2,2.833950043E0,1.102800083E1,-6.007950306E0
1.698277325E2,1.125000000E0,1.065900040E1,-4.404000282E0
1.698301761E2,4.555950165E0,1.050405025E1,-3.991950274E0
1.698326196E2,6.478050232E0,8.892000198E0,-6.235050201E0
1.698350632E2,2.641950130E0,8.575950623E0,-2.931000233E0
1.698375067E2,6.340500116E-1,1.023105049E1,1.732050061E0
1.698399503E2,3.789000273E0,1.173900032E1,1.950000077E-1
1.698423940E2,5.911050320E0,9.475950241E0,-6.180000305E0
1.698448374E2,3.520950079E0,8.904000282E0,-7.315050125E0
1.698472811E2,7.729500532E-1,8.461050034E0,-2.320950031E0
1.698497245E2,1.716000080E0,8.494950294E0,-2.520000041E-1
1.698521681E2,4.960050106E0,8.665050507E0,-3.985050201E0
1.698546116E2,2.863050222E0,5.695950508E0,-3.906000137E0
1.698570552E2,8.520000577E-1,7.398000240E0,1.215000033E0
1.698594987E2,8.440500498E-1,9.364050865E0,4.356000423E0
1.698619423E2,4.630050182E0,8.155050278E0,-3.000000026E-3
1.698643860E2,5.161050320E0,5.617050171E0,-4.831950188E0
1.698668294E2,2.118000031E0,7.414950371E0,-5.122050285E0
1.698692731E2,2.511000156E0,8.047050476E0,-3.745050192E0
1.698717165E2,8.245050430E0,6.964950562E0,-4.143000126E0
1.698741601E2,6.118950367E0,4.735949993E0,-6.001050472E0
1.698766036E2,8.710500598E-1,6.769050121E0,-1.831950068E0
1.698790472E2,7.530000210E-1,1.027395058E1,3.304950237E0
1.698814909E2,4.524000168E0,9.867000580E0,1.710000038E-1
1.698839343E2,5.551950455E0,7.762050152E0,-7.249950409E0
1.698863780E2,9.019500613E-1,8.533050537E0,-8.883000374E0
1.698888214E2,-4.260000288E-1,8.875950813E0,-4.288949966E0
1.698912650E2,2.950950146E0,9.133950233E0,-2.200950146E0
1.698937085E2,7.489050388E0,7.803000450E0,-5.170050144E0
1.698961521E2,4.567049980E0,6.871950150E0,-2.608050108E0
1.698985958E2,1.135950089E0,8.346000671E0,2.592000008E0
1.699010393E2,1.515000105E0,1.095900059E1,3.516000271E0
1.699034829E2,5.233050346E0,1.007700062E1,-2.215050220E0
1.699059263E2,3.427950144E0,7.969950199E0,-7.819950581E0
1.699083699E2,1.500000119E0,1.008195019E1,-6.445950508E0
1.699108134E2,1.351950049E0,9.727950096E0,-2.212949991E0
1.699132571E2,4.824000359E0,9.847950935E0,-1.159050107E0
1.699157007E2,5.185050011E0,9.781050682E0,-9.169500470E-1
1.699181442E2,2.949000120E0,9.709050179E0,2.760000229E-1
1.699205878E2,1.881000042E0,1.252695084E1,2.473950148E0
1.699230313E2,4.528950214E0,1.253895092E1,7.304999977E-2
1.699254749E2,5.520000458E0,1.168395042E1,-6.429000378E0
1.699279183E2,2.982000113E0,1.124595070E1,-6.874050140E0
1.699303619E2,1.612950087E0,1.143495083E1,-2.773050070E0
1.699328054E2,2.797950029E0,1.190895081E1,-2.209500074E-1
1.699352491E2,5.614050388E0,1.254795074E1,-3.457950115E0
1.699376927E2,4.432950020E0,1.216500092E1,-3.301950216E0
1.699401362E2,3.117000103E0,1.289805031E1,2.191950083E0
1.699425798E2,2.487000227E0,1.483695030E1,-1.200000048E-1
1.699450232E2,4.048050404E0,1.586700058E1,-1.230000034E-1
1.699474669E2,4.339950085E0,1.478205109E1,-4.243050098E0
1.699499103E2,1.764000058E0,1.430100060E1,-1.789050102E0
1.699523540E2,6.550500393E-1,1.298205090E1,1.417950034E0
1.699547974E2,3.588000059E0,1.331505108E1,-1.048950076E0
1.699572411E2,4.657950401E0,1.247400093E1,-6.613050461E0
1.699596847E2,1.824000120E0,1.272105026E1,-3.952950239E0
1.699621281E2,6.379500031E-1,1.234500027E1,1.533000112E0
1.699645718E2,2.560950041E0,1.274505043E1,9.060000181E-1
1.699670152E2,4.524000168E0,1.108800030E1,-6.613050461E0
1.699694588E2,2.568000078E0,7.803000450E0,-6.223050117E0
1.699719025E2,4.330500066E-1,6.274950504E0,-1.291050076E0
1.699743460E2,2.998950243E0,7.975050449E0,-1.593000054E0
1.699767896E2,5.796000481E0,7.377000332E0,-3.891000271E0
1.699792331E2,2.641950130E0,4.006050110E0,-1.909050107E0
1.699816767E2,3.955050230E0,5.394000053E0,4.882950306E0
1.699841204E2,4.394999981E0,1.045800018E1,4.171950340E0
1.699865638E2,5.644950390E0,8.313000679E0,-1.708050132E0
1.699890075E2,3.379950047E0,7.848000526E0,-2.767950058E0
1.699914509E2,1.675050020E0,9.649050713E0,-3.232950211E0
1.699938945E2,4.026000023E0,9.567000389E0,-5.746950150E0
1.699963380E2,6.732000351E0,9.859950066E0,-6.537000179E0
1.699987816E2,3.579000235E0,7.714050293E0,-6.124950409E0
1.700012251E2,-2.400000021E-2,8.863950729E0,4.920000136E-1
1.700036687E2,4.849500358E-1,1.117200089E1,3.360000134E0
1.700061124E2,6.805950165E0,1.263495064E1,-1.966050148E0
1.700085558E2,5.499000072E0,8.725049973E0,-6.439050198E0
1.700109994E2,2.926950216E0,8.044950485E0,-5.397000313E0
1.700134429E2,3.484950066E0,9.754050255E0,-3.658950090E0
1.700158865E2,6.282000065E0,1.112895012E1,-3.405000210E0
1.700183302E2,5.865000248E0,8.322000504E0,-3.915000200E0
1.700207736E2,2.089050055E0,7.891050339E0,-8.149500489E-1
1.700232173E2,2.118000031E0,1.032900047E1,2.683050156E0
1.700256607E2,3.817950249E0,1.422405052E1,1.777050138E0
1.700281044E2,4.077000141E0,1.090095043E1,-2.718000174E0
1.700305478E2,1.678050041E0,8.500050545E0,-4.669050217E0
1.700329914E2,8.749500513E-1,9.891000748E0,-4.839000225E0
1.700354349E2,3.990000248E0,1.028100014E1,-4.687950134E0
1.700378785E2,6.010950089E0,7.245000362E0,-7.839000225E0
1.700403220E2,3.318000078E0,5.518950462E0,-5.737050056E0
1.700427657E2,2.218950033E0,8.204999924E0,1.144950032E0
1.700452093E2,4.507950306E0,9.438000679E0,2.596050024E0
1.700476527E2,6.919050217E0,8.337000847E0,-1.272000074E0
1.700500964E2,3.472950220E0,7.032000542E0,-4.686000347E0
1.700525398E2,2.158950090E0,9.514950752E0,-3.094050169E0
1.700549835E2,4.443000317E0,9.478950500E0,-2.019000053E0
1.700574271E2,8.167950630E0,8.065950394E0,-4.984950066E0
1.700598706E2,4.788000107E0,6.232050419E0,-4.234050274E0
1.700623142E2,1.723050117E0,8.128950119E0,1.287000060E0
1.700647577E2,1.860000134E0,1.130100060E1,2.922000170E0
1.700672013E2,4.386000156E0,1.230705070E1,1.774950027E0
1.700696448E2,4.809000015E0,8.072999954E0,-5.428050041E0
1.700720884E2,2.994000196E0,8.184000015E0,-6.144000053E0
1.700745321E2,3.909000158E0,9.334950447E0,-6.100950241E0
1.700769755E2,7.635000229E0,8.595000267E0,-5.967000484E0
1.700794192E2,6.241050243E0,6.748950481E0,-5.935950279E0
1.700818626E2,2.893950224E0,7.036950111E0,-1.662000060E0
1.700843062E2,3.913950205E0,8.839950562E0,2.794950247E0
1.700867497E2,6.106950283E0,1.028805065E1,1.030050039E0
1.700891933E2,6.739050388E0,8.277000427E0,-4.128000259E0
1.700916370E2,3.298950195E0,7.602000237E0,-7.044000149E0
1.700940805E2,1.825950146E0,7.972950459E0,-5.818950176E0
1.700965241E2,4.519950390E0,7.195050240E0,-3.943950176E0
1.700989676E2,8.152050018E0,4.969950199E0,-6.112950325E0
1.701014112E2,3.946950197E0,4.755000114E0,-4.369950294E0
1.701038546E2,1.072050095E0,6.034050465E0,2.947950125E0
1.701062983E2,2.341050148E0,9.192000389E0,5.824050426E0
1.701087417E2,3.016050100E0,8.977950096E0,1.770000100E0
1.701111853E2,3.636000156E0,6.867000103E0,-3.039000034E0
1.701136290E2,2.544000149E0,7.867950439E0,-6.228000164E0
1.701160725E2,3.045000076E0,8.737050056E0,-4.930050373E0
1.701185161E2,6.045000076E0,8.506950378E0,-4.891950130E0
1.701209596E2,4.588950157E0,7.101000309E0,-4.155000210E0
1.701234032E2,1.869000077E0,8.320050240E0,3.430500031E-1
1.701258467E2,1.014000058E0,1.076205063E1,2.718000174E0
1.701282903E2,3.169050217E0,1.261995029E1,1.753950119E0
1.701307340E2,6.354000092E0,1.154505062E1,-3.889050245E0
1.701331774E2,2.745000124E0,9.370950699E0,-6.168000221E0
1.701356210E2,1.632000089E0,9.922050476E0,-4.573950291E0
1.701380645E2,2.359950066E0,1.051800060E1,-1.413000107E0
1.701405081E2,4.717950344E0,9.760950089E0,-3.156000137E0
1.701429516E2,3.139950037E0,8.344050407E0,-3.019950151E0
1.701453953E2,1.321050048E0,9.381000519E0,1.284000039E0
1.701478386E2,1.285050035E0,1.134195042E1,1.330050111E0
1.701502823E2,3.652950287E0,1.097805023E1,6.979500055E-1
1.701527259E2,3.604950190E0,8.586000443E0,-6.283050060E0
1.701551694E2,1.725000024E0,9.529050827E0,-5.458950043E0
1.701576130E2,1.327950120E0,8.812950134E0,-2.917050123E0
1.701600565E2,5.053950310E0,8.071050644E0,-3.745050192E0
1.701625001E2,6.073050499E0,4.956000328E0,-5.221950054E0
1.701649438E2,3.054000139E0,7.314000130E0,-1.972950101E0
1.701673873E2,3.016050100E0,9.238950729E0,2.401950121E0
1.701698309E2,4.279950142E0,9.819000244E0,1.597950101E0
1.701722743E2,5.178000450E0,7.374000549E0,-3.192000151E0
1.701747179E2,2.532000065E0,7.858050346E0,-4.839000225E0
1.701771614E2,7.510500550E-1,7.939050198E0,-3.463050127E0
1.701796050E2,4.018949986E0,7.855950356E0,-3.007950068E0
1.701820485E2,7.687050343E0,6.249000072E0,-5.644050121E0
1.701844922E2,3.154950142E0,5.140050411E0,-3.508050203E0
1.701869356E2,1.125000000E0,7.872000217E0,2.355000019E0
1.701893792E2,2.769000053E0,1.082205009E1,3.075000048E0
1.701918229E2,4.431000233E0,1.043700027E1,-1.758000135E0
1.701942663E2,3.210000038E0,8.348999977E0,-6.235050201E0
1.701967099E2,1.132050037E0,1.005795002E1,-5.467050076E0
1.701991534E2,1.299000025E0,9.691950798E0,-2.182049990E0
1.702015971E2,5.179950237E0,9.742050171E0,-3.991950274E0
1.702040407E2,6.172050476E0,8.842050552E0,-4.092000008E0
1.702064842E2,3.157050133E0,8.847000122E0,-1.131000042E0
1.702089278E2,1.642050028E0,1.126695061E1,2.287050009E0
1.702113712E2,4.792950153E0,1.136805058E1,-1.380000114E0
1.702138149E2,6.196050167E0,1.032600021E1,-7.282050133E0
1.702162586E2,2.845950127E0,1.017300034E1,-8.052000046E0
1.702187020E2,2.740950108E0,9.148050308E0,-5.095950127E0
1.702211456E2,6.715050220E0,9.916950226E0,-3.913050175E0
1.702235891E2,9.808950424E0,9.430950165E0,-7.702950478E0
1.702260327E2,5.422050476E0,8.476050377E0,-6.112950325E0
1.702284762E2,3.163950205E0,1.033395004E1,-1.273950100E0
1.702309198E2,3.945000172E0,1.174395084E1,8.340000510E-1
1.702333632E2,6.310950279E0,1.020195007E1,-3.235050201E0
1.702358069E2,6.342000484E0,8.614950180E0,-8.431050301E0
1.702382505E2,4.876049995E0,8.160000801E0,-9.393000603E0
1.702406940E2,5.427000046E0,7.140000343E0,-7.381950378E0
1.702431376E2,8.977950096E0,7.101000309E0,-7.042050362E0
1.702455811E2,7.395000458E0,5.686050415E0,-7.423050404E0
1.702480247E2,2.803050041E0,6.625050545E0,-2.301000118E0
1.702504682E2,1.713000059E0,7.147050381E0,3.432000160E0
1.702529118E2,4.663050175E0,7.441050529E0,3.796050072E0
1.702553555E2,8.667000771E0,5.398950100E0,-2.323050022E0
1.702577989E2,5.773950100E0,3.723000288E0,-6.295050144E0
1.702602425E2,1.927050114E0,5.707950115E0,-5.934000492E0
1.702626860E2,3.085050106E0,5.394000053E0,-3.501000166E0
1.702651296E2,6.600000381E0,4.669050217E0,-1.771950126E0
1.702675731E2,4.306950092E0,3.946050167E0,9.010500312E-1
1.702700167E2,1.816050053E0,4.911000252E0,3.432000160E0
1.702724602E2,3.390000165E-1,8.859000206E0,2.224950075E0
1.702749038E2,1.450500041E-1,8.638050079E0,1.066050053E0
1.702773475E2,8.710500598E-1,7.494000435E0,3.390000165E-1
1.702797909E2,6.979500055E-1,6.796950340E0,-6.495000422E-2
1.702822345E2,2.959500253E-1,6.000000477E0,-1.044000030E0
1.702846780E2,2.430000156E-1,8.478000641E0,-1.332000017E0
1.702871216E2,1.432950020E0,9.661050797E0,4.180500209E-1
1.702895653E2,2.056050062E0,7.117950439E0,5.950500369E-1
1.702920088E2,9.900000691E-1,7.021950245E0,-1.296000004E0
1.702944524E2,9.210000634E-1,1.037700081E1,-3.430500031E-1
1.702968958E2,7.681950569E0,1.093500042E1,-2.590950012E0
1.702993395E2,3.157050133E0,1.026705074E1,-1.079400063E1
1.703017829E2,1.492950082E0,6.634050369E0,-7.642950535E0
1.703042265E2,1.560000062E0,5.455950260E0,-6.355050087E0
1.703066700E2,6.070950508E0,7.723950386E0,-5.802000046E0
1.703091136E2,7.102950573E0,6.334950447E0,-8.480999947E0
1.703115571E2,3.885000229E0,4.803000450E0,-6.546000481E0
1.703140008E2,5.449500084E-1,8.097000122E0,1.300500035E-1
1.703164444E2,1.941000104E0,1.107600021E1,3.360000134E0
1.703188878E2,4.417050362E0,9.043050766E0,-8.340000510E-1
1.703213315E2,5.698050499E0,8.209950447E0,-3.802950144E0
1.703237749E2,3.042000055E0,8.740950584E0,-3.508050203E0
1.703262186E2,3.556950092E0,7.683000565E0,-3.642000198E0
1.703286622E2,7.110000134E0,7.948950291E0,-4.549950123E0
1.703311057E2,6.247950077E0,7.519950390E0,-6.051000118E0
1.703335493E2,1.882950068E0,9.292050362E0,-3.532050133E0
1.703359928E2,8.299500346E-1,9.975000381E0,3.000000119E-2
1.703384364E2,5.274000168E0,1.011600018E1,-9.940500259E-1
1.703408801E2,7.860000610E0,1.002705002E1,-5.646000385E0
1.703433235E2,4.833000183E0,1.037400055E1,-7.329000473E0
1.703457672E2,1.029000044E0,1.037205029E1,-3.834000111E0
1.703482106E2,1.132050037E0,9.883950233E0,-1.072950006E0
1.703506542E2,5.548950195E0,1.011795044E1,-4.047000408E0
1.703530977E2,7.351950169E0,1.086000061E1,-6.823950291E0
1.703555413E2,3.126000166E0,1.056600094E1,-3.570000172E0
1.703579848E2,3.100500107E-1,1.106895065E1,2.263950109E0
1.703604284E2,1.633950114E0,1.129095078E1,1.665000081E0
1.703628721E2,6.970950127E0,1.170105076E1,-3.739950180E0
1.703653156E2,5.614050388E0,9.715950012E0,-5.524050236E0
1.703677592E2,2.607000113E0,9.081000328E0,-3.682950258E0
1.703702026E2,2.733000040E0,9.997950554E0,-1.305000067E0
1.703726462E2,5.872050285E0,8.931000710E0,-2.754000187E0
1.703750897E2,4.006950378E0,8.904000282E0,-2.850000143E0
1.703775333E2,1.546050072E0,9.216000557E0,9.679500461E-1
1.703799770E2,1.074000001E0,9.004950523E0,4.143000126E0
1.703824204E2,9.070500135E-1,8.866050720E0,2.401950121E0
1.703848641E2,5.089050293E0,8.176050186E0,-3.619500101E-1
1.703873075E2,2.986950159E0,5.880000114E0,-4.417950153E0
1.703897512E2,1.017000079E0,6.418950081E0,-4.630500078E-1
1.703921946E2,1.503000021E0,8.655000687E0,-8.380500674E-1
1.703946382E2,3.387000084E0,9.220050812E0,-1.990050077E0
1.703970817E2,1.720950127E0,7.836000443E0,-9.940500259E-1
1.703995253E2,5.400000215E-1,7.810050488E0,-1.200000010E-2
1.704019688E2,-3.105000220E-2,8.698050499E0,1.569000125E0
1.704044125E2,6.580500603E-1,8.586000443E0,1.447050095E0
1.704068561E2,3.708000183E0,7.513050556E0,-2.791950226E0
1.704092996E2,3.418050051E0,6.345000267E0,-4.981050014E0
1.704117432E2,2.575050116E0,5.859000206E0,-3.951000214E0
1.704141869E2,4.132050037E0,6.723000526E0,-4.150050163E0
1.704166304E2,5.781000137E0,5.503950119E0,-6.664050102E0
1.704190740E2,3.640950203E0,5.731950283E0,-5.557950497E0
1.704215174E2,5.520000458E-1,7.246950150E0,-1.509000063E0
1.704239610E2,1.504950047E0,7.468050480E0,1.842000127E0
1.704264045E2,5.631000042E0,6.807000160E0,-9.990000725E-1
1.704288481E2,5.559000492E0,5.160000324E0,-3.843000174E0
1.704312916E2,1.704000115E0,7.165950298E0,-5.490000248E-1
1.704337352E2,1.168050051E0,7.720950603E0,2.440950155E0
1.704361787E2,3.571050167E0,7.864950180E0,7.789500356E-1
1.704386223E2,5.836050510E0,8.718000412E0,-3.565950155E0
1.704410660E2,3.639000177E0,9.570000648E0,-4.987950325E0
1.704435094E2,5.190000534E-1,1.098705006E1,-3.100950241E0
1.704459530E2,1.084050059E0,1.026405048E1,-2.158050060E0
1.704483965E2,3.658050060E0,9.486000061E0,-5.320950031E0
1.704508401E2,5.050950050E0,9.472050667E0,-6.193950176E0
1.704532836E2,4.174950123E0,8.068950653E0,-4.459050179E0
1.704557273E2,2.833950043E0,8.545050621E0,-2.256000042E0
1.704581709E2,5.571000099E0,7.936950207E0,-3.496050119E0
1.704606143E2,5.644950390E0,8.143050194E0,-4.822950363E0
1.704630580E2,2.213999987E0,8.895000458E0,-3.193950176E0
1.704655014E2,8.059500456E-1,9.390000343E0,1.485000014E0
1.704679450E2,1.618050098E0,9.799950600E0,2.781000137E0
1.704703885E2,3.985950232E0,9.883950233E0,-6.130500436E-1
1.704728321E2,3.403950214E0,8.085000038E0,-2.329950094E0
1.704752756E2,1.258950114E0,8.061000824E0,-1.365000010E0
1.704777193E2,7.939500213E-1,8.659950256E0,8.479500413E-1
1.704801629E2,3.820050240E0,9.346950531E0,-2.158050060E0
1.704826063E2,4.945950031E0,1.010400009E1,-5.874000072E0
1.704850499E2,1.699050069E0,1.015605068E1,-4.009050369E0
1.704874934E2,-3.160500228E-1,9.001950264E0,1.639500111E-1
1.704899370E2,8.110500574E-1,9.168000221E0,1.117050052E0
1.704923807E2,5.452950478E0,9.733050346E0,-2.956950188E0
1.704948242E2,6.118950367E0,8.562000275E0,-5.761050224E0
1.704972678E2,3.804000139E0,7.069950104E0,-3.466950178E0
1.704997112E2,4.006950378E0,8.515950203E0,-2.074050188E0
1.705021548E2,7.219950199E0,8.254950523E0,-4.513950348E0
1.705045983E2,5.820000172E0,9.004950523E0,-6.184950352E0
1.705070419E2,1.993950129E0,9.498000145E0,-3.142050266E0
1.705094854E2,9.430500269E-1,9.093000412E0,1.912050128E0
1.705119290E2,1.785000086E0,9.586950302E0,2.836050034E0
1.705143725E2,4.909950256E0,9.859950066E0,-4.219500124E-1
1.705168161E2,5.520000458E0,8.722050667E0,-3.958050251E0
1.705192598E2,2.188050032E0,8.779950142E0,-4.291050434E0
1.705217032E2,1.153050065E0,9.016950607E0,-2.493000031E0
1.705241468E2,5.092050076E0,9.759000778E0,-2.926050186E0
1.705265903E2,4.642050266E0,9.826050758E0,-5.842950344E0
1.705290339E2,8.560500145E-1,1.011300087E1,-3.063000202E0
1.705314774E2,2.599500120E-1,7.860000610E0,1.468950033E0
1.705339211E2,1.237050056E0,7.057950497E0,2.749950171E0
1.705363647E2,5.449050426E0,8.301000595E0,-5.149500370E-1
1.705388081E2,5.748000145E0,7.360050201E0,-3.385950089E0
1.705412518E2,3.349050045E0,7.096950531E0,-2.347050190E0
1.705436952E2,8.659500480E-1,7.810050488E0,-1.560000032E-1
1.705461389E2,3.150000095E0,8.739000320E0,-8.940000534E-1
1.705485825E2,4.864050388E0,9.784950256E0,-3.847950220E0
1.705510260E2,1.747050047E0,1.072605038E1,-2.110050201E0
1.705534696E2,5.070000291E-1,9.714000702E0,1.344000101E0
1.705559131E2,-3.105000220E-2,9.241950035E0,9.970500469E-1
1.705583567E2,6.910500526E-1,1.014495087E1,1.129500046E-1
1.705608001E2,2.944050074E0,1.145895100E1,1.489950061E0
1.705632437E2,2.611050129E0,9.709050179E0,-1.162050009E0
1.705656872E2,1.627050042E0,8.284049988E0,-9.105000645E-2
1.705681308E2,1.074000001E0,9.643950462E0,2.880000174E-1
1.705705745E2,3.126000166E0,1.204095078E1,-6.469500065E-1
1.705730180E2,3.069000244E0,1.144005013E1,-3.961050272E0
1.705754616E2,1.570050120E0,9.769050598E0,6.000000052E-3
1.705779051E2,2.430000156E-1,8.706000328E0,4.890000224E-1
1.705803487E2,3.370500207E-1,1.019505024E1,-1.815000057E0
1.705827921E2,2.503950119E0,1.220400047E1,5.419500470E-1
1.705852358E2,2.896050215E0,1.197405052E1,1.279500127E-1
1.705876792E2,1.491000056E0,8.938050270E0,-3.910500109E-1
1.705901229E2,1.213050008E0,9.984000206E0,3.529500067E-1
1.705925665E2,7.033950329E0,1.037400055E1,-6.469500065E-1
1.705950100E2,5.365050316E0,1.040295029E1,-7.375050545E0
1.705974536E2,2.346000195E0,9.085950851E0,-5.905050278E0
1.705998971E2,5.239500403E-1,7.960950375E0,-1.353000045E0
1.706023407E2,2.334000111E0,9.522000313E0,2.980500162E-1
1.706047841E2,3.660000086E0,9.769050598E0,-7.140000463E-1
1.706072278E2,2.884050131E0,8.866050720E0,-1.674000025E0
1.706096712E2,1.158000112E0,8.854050636E0,-6.000000238E-2
1.706121149E2,1.974000096E0,9.289950371E0,5.920500159E-1
1.706145585E2,5.098950386E0,9.711000443E0,-4.237950325E0
1.706170020E2,4.096050262E0,1.007700062E1,-6.277950287E0
1.706194456E2,1.090950012E0,1.063095093E1,-3.949050188E0
1.706218890E2,-9.000000544E-3,8.325000763E0,4.510500133E-1
1.706243327E2,6.049500108E-1,8.974050522E0,3.181050062E0
1.706267763E2,3.780000210E0,1.004205036E1,2.569500208E-1
1.706292198E2,5.343000412E0,9.313950539E0,-2.713050127E0
1.706316634E2,3.355950117E0,8.418000221E0,-4.540050030E0
1.706341069E2,1.552950025E0,8.314949989E0,-3.130050182E0
1.706365505E2,4.885950089E0,8.571000099E0,-3.930000305E0
1.706389940E2,5.524950027E0,9.136950493E0,-6.313950062E0
1.706414376E2,2.343000174E0,9.163050652E0,-3.894000292E0
1.706438810E2,8.160000443E-1,7.305000305E0,1.279500127E-1
1.706463247E2,1.017000079E0,7.626000404E0,2.725950241E0
1.706487681E2,3.532950163E0,8.482950211E0,8.170500398E-1
1.706512118E2,4.450050354E0,7.192050457E0,-1.684050083E0
1.706536554E2,3.478050232E0,7.045950413E0,-2.494950056E0
1.706560989E2,1.303950071E0,6.826050282E0,-2.320950031E0
1.706585425E2,3.780000210E0,7.350000381E0,-1.528050065E0
1.706609860E2,6.454050541E0,8.381999969E0,-4.894050121E0
1.706634297E2,2.371950150E0,9.556050301E0,-5.047950268E0
1.706658733E2,1.620000005E-1,8.406000137E0,-7.930500507E-1
1.706683168E2,-3.060000241E-1,7.032000542E0,3.199950218E0
1.706707604E2,3.769500256E-1,8.866050720E0,1.011000037E0
1.706732038E2,4.105050087E0,9.811950684E0,5.200500488E-1
1.706756475E2,4.323000431E0,8.191050529E0,-3.115050077E0
1.706780911E2,3.387000084E0,8.032950401E0,-2.944950104E0
1.706805346E2,3.129000187E0,8.416049957E0,-3.139050245E0
1.706829782E2,5.680950165E0,8.731950760E0,-4.843950272E0
1.706854217E2,4.657950401E0,1.006095028E1,-5.412000179E0
1.706878653E2,1.125000000E0,9.532050133E0,-2.042999983E0
1.706903088E2,3.220500052E-1,8.241000175E0,2.709000111E0
1.706927524E2,4.999500215E-1,9.177000046E0,1.392000079E0
1.706951958E2,2.053050041E0,1.009695053E1,1.177050114E0
1.706976395E2,5.158950329E0,8.863950729E0,1.005000062E-2
1.707000829E2,1.981950045E0,8.017950058E0,-3.697050095E0
1.707025265E2,1.132050037E0,8.457000732E0,-1.648050070E0
1.707049702E2,3.337050200E0,8.875950813E0,-2.083950043E0
1.707074137E2,5.665950298E0,9.577050209E0,-5.550000191E0
1.707098573E2,2.476950169E0,9.666000366E0,-4.513950348E0
1.707123008E2,-4.095000029E-2,8.524050713E0,1.260000110E0
1.707147444E2,2.479500175E-1,8.622000694E0,2.203950167E0
1.707171881E2,2.425050020E0,1.068300056E1,-5.970000029E-1
1.707196315E2,5.869950294E0,1.034595013E1,4.750500321E-1
1.707220751E2,2.986950159E0,8.028000832E0,-1.921050072E0
1.707245186E2,1.716000080E0,9.213000298E0,-5.149500370E-1
1.707269622E2,2.865000248E0,9.943050385E0,-1.554000020E0
1.707294057E2,5.449050426E0,9.996000290E0,-5.349000454E0
1.707318493E2,3.667050123E0,1.081005096E1,-6.283050060E0
1.707342928E2,8.950500488E-1,1.031205082E1,-2.351999998E0
1.707367364E2,2.359500080E-1,9.421050072E0,1.440000057E0
1.707391799E2,1.479000092E0,1.051800060E1,1.344000101E0
1.707416235E2,3.246000051E0,1.128405094E1,1.584000111E0
1.707440672E2,4.669950008E0,9.844950676E0,-1.638000131E0
1.707465106E2,1.855050087E0,8.131050110E0,-3.694950104E0
1.707489542E2,8.869500160E-1,7.774050236E0,-2.361000061E0
1.707513977E2,2.410050154E0,9.226950645E0,-2.470950127E0
1.707538413E2,5.137050152E0,9.511950493E0,-4.474950314E0
1.707562850E2,4.266000271E0,8.059050560E0,-4.911000252E0
1.707587285E2,2.458050013E0,7.534950256E0,-7.879500389E-1
1.707611721E2,1.800000072E0,7.446000576E0,2.026050091E0
1.707636156E2,2.902950048E0,8.751000404E0,1.854000092E0
1.707660592E2,3.241050243E0,8.880000114E0,-4.530000091E-1
1.707685026E2,2.472000122E0,7.839000225E0,-1.102050066E0
1.707709463E2,2.322000027E0,7.378950119E0,-2.409000158E0
1.707733899E2,3.025950193E0,7.930050373E0,-2.917050123E0
1.707758333E2,5.568000317E0,9.364050865E0,-3.487050056E0
1.707782768E2,5.914950371E0,1.006800079E1,-5.167050362E0
1.707807204E2,2.647050142E0,1.031205082E1,-3.778950214E0
1.707831641E2,6.100500226E-1,1.019205093E1,-3.570000231E-1
1.707856076E2,2.910000086E-1,1.002195072E1,2.589000225E0
1.707880512E2,6.769500375E-1,1.139700031E1,1.330500096E-1
1.707904947E2,3.861000299E0,1.133205032E1,-1.489500105E-1
1.707929383E2,4.098000050E0,9.342000008E0,-3.979950190E0
1.707953817E2,2.046000004E0,7.816950321E0,-2.938050032E0
1.707978254E2,1.162950039E0,9.199050903E0,-1.477950096E0
1.708002690E2,3.052050114E0,1.226595020E1,-1.168950081E0
1.708027125E2,5.068050385E0,1.188300037E1,-3.774000168E0
1.708051561E2,3.283950090E0,9.466950417E0,-3.961050272E0
1.708075996E2,1.560000062E0,8.791950226E0,-3.450000286E-1
1.708100432E2,1.534050107E0,9.259050369E0,1.537950039E0
1.708124869E2,3.270000219E0,1.123395061E1,6.499500275E-1
1.708149303E2,3.298950195E0,1.074795055E1,-1.678950071E0
1.708173740E2,2.733000040E0,9.426000595E0,-1.549950123E0
1.708198174E2,2.914950132E0,8.326950073E0,-2.455050230E0
1.708222610E2,4.318050385E0,9.778050423E0,-3.367050171E0
1.708247045E2,6.282000065E0,1.075695038E1,-4.914000034E0
1.708271481E2,4.744950294E0,1.121700096E1,-5.200950146E0
1.708295916E2,1.966950059E0,1.034295082E1,-3.199050188E0
1.708320352E2,5.910000205E-1,8.136000633E0,2.710500062E-1
1.708344786E2,1.282950044E0,8.418000221E0,3.039000034E0
1.708369223E2,2.155950069E0,1.038600063E1,2.326050043E0
1.708393659E2,2.899050236E0,8.536050797E0,-8.029500246E-1
1.708418094E2,2.997000217E0,6.595950127E0,-3.718950272E0
1.708442530E2,1.479000092E0,6.085950375E0,-3.463050127E0
1.708466965E2,1.651050091E0,8.782050133E0,-1.084950089E0
1.708491401E2,4.000050068E0,1.085805035E1,-1.008000016E0
1.708515838E2,4.394999981E0,1.018995094E1,-2.111999989E0
1.708540272E2,2.875050068E0,9.115050316E0,-2.103000164E0
1.708564709E2,1.984050035E0,7.729050159E0,-1.495050073E0
1.708589143E2,2.113049984E0,8.028000832E0,-6.160500050E-1
1.708613579E2,3.391950130E0,8.466000557E0,-1.492050052E0
1.708638014E2,2.839050055E0,8.434950829E0,-2.127000093E0
1.708662450E2,2.209050179E0,8.257950783E0,-1.018050075E0
1.708686885E2,3.210000038E0,7.420050144E0,-9.769500494E-1
1.708711321E2,3.480000257E0,8.112000465E0,-1.344000101E0
1.708735755E2,4.122000217E0,1.060395050E1,-2.260950089E0
1.708760191E2,2.572950125E0,1.116900063E1,-2.956950188E0
1.708784628E2,8.130000234E-1,1.040100002E1,-1.933050036E0
1.708809063E2,2.340000123E-1,8.650050163E0,-2.700000070E-2
1.708833499E2,-1.050000042E-1,7.948950291E0,6.760500073E-1
1.708857934E2,9.589500427E-1,1.005795002E1,5.830500126E-1
1.708882370E2,3.813000202E0,1.055205059E1,-1.738950133E0
1.708906805E2,3.471000195E0,9.168000221E0,-2.998050213E0
1.708931241E2,1.773000121E0,8.590950012E0,-1.372050047E0
1.708955678E2,1.429050088E0,1.056105042E1,-1.005000062E-2
1.708980112E2,3.247950077E0,1.161495018E1,-1.216950059E0
1.709004548E2,5.109000206E0,1.150905037E1,-4.726950169E0
1.709028983E2,3.703050137E0,9.802050591E0,-4.657050133E0
1.709053419E2,2.073000193E0,8.800950050E0,-3.166050196E0
1.709077856E2,1.623000026E0,8.587950706E0,-1.150050044E0
1.709102290E2,2.362050056E0,8.859000206E0,2.790000141E-1
1.709126727E2,3.913950205E0,9.043050766E0,-6.040500402E-1
1.709151161E2,3.708000183E0,8.895000458E0,-1.063950062E0
1.709175598E2,2.250000000E0,8.931000710E0,-9.130500555E-1
1.709200032E2,2.389050007E0,8.727000237E0,-1.375050068E0
1.709224468E2,4.402050018E0,9.589050293E0,-2.950050116E0
1.709248903E2,4.924050331E0,1.091805077E1,-4.405950069E0
1.709273339E2,3.126000166E0,1.065195084E1,-4.107000351E0
1.709297774E2,1.171950102E0,9.462000847E0,-1.903950095E0
1.709322210E2,1.081050038E0,8.416049957E0,1.248000026E0
1.709346647E2,2.527950048E0,9.823950768E0,9.970500469E-1
1.709371081E2,4.333050251E0,1.002705002E1,-1.461000085E0
1.709395517E2,4.147950172E0,9.763950348E0,-3.783000231E0
1.709419952E2,1.651050091E0,9.553050041E0,-3.277950048E0
1.709444388E2,3.030000031E-1,9.782999992E0,9.000000358E-2
1.709468825E2,1.656000137E0,1.004895020E1,2.620500028E-1
1.709493259E2,4.218000412E0,1.057995033E1,-3.265950203E0
1.709517696E2,5.499000072E0,1.037895012E1,-4.759950161E0
1.709542130E2,2.989950180E0,9.556050301E0,-3.304950237E0
1.709566567E2,1.062000036E0,1.002195072E1,-3.379500210E-1
1.709591001E2,1.333050013E0,9.766050339E0,1.026000023E0
1.709615437E2,2.197050095E0,1.006995010E1,1.660500020E-1
1.709639872E2,2.764950037E0,1.031700039E1,1.405950069E0
1.709664308E2,3.387000084E0,9.843000412E0,-5.749500394E-1
1.709688745E2,2.602050066E0,8.626950264E0,-2.337000132E0
1.709713179E2,2.896050215E0,9.031050682E0,-3.010050058E0
1.709737616E2,5.022000313E0,9.529050827E0,-4.156949997E0
1.709762050E2,4.447950363E0,1.052505016E1,-4.223999977E0
1.709786487E2,2.443950176E0,1.054695034E1,-2.098050117E0
1.709810921E2,9.520500302E-1,9.352050781E0,5.800500512E-1
1.709835357E2,1.066950083E0,8.670000076E0,2.014950037E0
1.709859792E2,1.393050075E0,9.958050728E0,1.488000035E0
1.709884229E2,2.977950096E0,9.405000687E0,-1.794000030E0
1.709908665E2,3.394050121E0,8.743950844E0,-4.609050274E0
1.709933100E2,1.606050134E0,8.875950813E0,-3.901050091E0
1.709957536E2,2.599500120E-1,9.144000053E0,2.380500138E-1
1.709981970E2,8.470500112E-1,9.487950325E0,8.959500194E-1
1.710006407E2,2.575050116E0,1.007505035E1,-7.005000114E-2
1.710030841E2,5.097000122E0,8.526000023E0,-2.004000187E0
1.710055277E2,3.852000237E0,7.449000359E0,-4.461000443E0
1.710079712E2,2.845950127E0,7.695000172E0,-3.757050276E0
1.710104148E2,2.050950050E0,7.798050404E0,-2.140950203E0
1.710128585E2,2.736000061E0,8.029950142E0,-5.100000501E-1
1.710153020E2,2.994000196E0,8.014050484E0,-4.605000094E-2
1.710177456E2,2.844000101E0,7.302000523E0,-6.760500073E-1
1.710201890E2,3.157050133E0,6.895050526E0,-1.732050061E0
1.710226327E2,3.907050133E0,7.177950382E0,-2.665050030E0
1.710250761E2,4.936050415E0,7.827000141E0,-3.538950205E0
1.710275198E2,4.393050194E0,8.257950783E0,-4.975950241E0
1.710299634E2,2.547000170E0,8.171999931E0,-3.994050264E0
1.710324069E2,7.099500299E-1,7.695000172E0,-8.820000291E-1
1.710348505E2,1.057050109E0,8.653050423E0,1.186050057E0
1.710372940E2,1.729950070E0,9.046050072E0,1.054050088E0
1.710397376E2,3.181050062E0,8.251049995E0,-8.119500279E-1
1.710421811E2,3.445050240E0,7.651950359E0,-2.979000092E0
1.710446248E2,1.864050031E0,7.305000305E0,-3.012000084E0
1.710470681E2,3.730500042E-1,8.272050858E0,3.600000143E-1
1.710495118E2,7.870500088E-1,9.049950600E0,4.320000112E-1
1.710519554E2,3.646050215E0,9.091050148E0,-1.497000098E0
1.710543989E2,4.512000084E0,8.193000793E0,-3.511050224E0
1.710568425E2,3.775050163E0,7.108950138E0,-3.594000101E0
1.710592860E2,2.074949980E0,7.486950397E0,-2.713050127E0
1.710617296E2,1.270950079E0,8.835000038E0,-2.850000262E-1
1.710641731E2,1.963050127E0,9.274950027E0,9.870000482E-1
1.710666167E2,2.641950130E0,8.590950012E0,-2.689500153E-1
1.710690604E2,2.821950197E0,8.131050110E0,-1.168950081E0
1.710715038E2,4.174950123E0,7.444050312E0,-3.118050098E0
1.710739475E2,4.171950340E0,7.987050533E0,-4.144950390E0
1.710763909E2,3.361050129E0,9.262950897E0,-3.553950071E0
1.710788345E2,4.078950405E0,8.848950386E0,-2.883000135E0
1.710812780E2,3.652950287E0,8.634000778E0,-2.364000082E0
1.710837217E2,3.346050262E0,9.345000267E0,-9.610500336E-1
1.710861651E2,3.994950294E0,9.582000732E0,-2.590500116E-1
1.710886088E2,3.982950211E0,1.065900040E1,-3.120000064E-1
1.710910524E2,3.909000158E0,1.095405006E1,-1.492050052E0
1.710934958E2,3.379950047E0,1.125495052E1,-3.730950117E0
1.710959395E2,1.378050089E0,1.100400066E1,-3.831000090E0
1.710983829E2,2.239500135E-1,1.055895042E1,1.500000060E-2
1.711008266E2,3.820500076E-1,1.054005051E1,1.038000107E0
1.711032700E2,1.321050048E0,1.139895058E1,-9.390000701E-1
1.711057136E2,4.101000309E0,1.153995037E1,-3.910500109E-1
1.711081571E2,3.342000246E0,1.094895077E1,-2.545950174E0
1.711106008E2,2.947050095E0,9.970050812E0,-1.537950039E0
1.711130444E2,2.085000038E0,1.109505081E1,-1.530000091E0
1.711154879E2,1.507950068E0,1.092000008E1,-4.080000222E-1
1.711179315E2,1.588950038E0,1.101105022E1,-1.080000028E-1
1.711203749E2,2.331000090E0,1.029495049E1,-1.489950061E0
1.711228186E2,2.959050179E0,9.010050774E0,-2.353950024E0
1.711252623E2,2.947050095E0,8.049000740E0,-2.401950121E0
1.711277057E2,3.151950121E0,8.254950523E0,-7.450500131E-1
1.711301493E2,5.275950432E0,7.528050423E0,-1.231050014E0
1.711325928E2,6.199950218E0,8.230950356E0,-3.889050245E0
1.711350364E2,4.201050282E0,8.491950035E0,-5.257950306E0
1.711374799E2,1.594050050E0,7.720950603E0,-2.052000046E0
1.711399235E2,1.014000058E0,7.099050522E0,1.047000051E0
1.711423669E2,1.138950109E0,8.800950050E0,1.332000017E0
1.711448106E2,6.120000482E-1,8.955000877E0,1.252950072E0
1.711472540E2,1.359000087E0,7.659000397E0,1.050000072E0
1.711496976E2,2.329050064E0,7.573050499E0,-2.100000143E0
1.711521413E2,1.984050035E0,6.570000172E0,-2.019000053E0
1.711545848E2,1.864050031E0,7.966050148E0,-1.357950091E0
1.711570284E2,3.592950106E0,9.469050407E0,-1.210050106E0
1.711594719E2,5.130000114E0,8.855999947E0,-3.297000170E0
1.711619155E2,4.314000130E0,8.842050552E0,-4.657050133E0
1.711643589E2,2.793000221E0,9.180000305E0,-4.396049976E0
1.711668026E2,1.314000010E0,8.380050659E0,-2.683950186E0
1.711692462E2,9.400500655E-1,8.275050163E0,4.849500358E-1
1.711716897E2,1.420950055E0,9.199050903E0,2.091000080E0
1.711741333E2,1.948050141E0,8.956950188E0,1.615050077E0
1.711765768E2,3.640950203E0,8.053950310E0,-7.260000110E-1
1.711790204E2,4.108050346E0,8.464050293E0,-3.439050198E0
1.711814641E2,3.298950195E0,8.971050262E0,-4.201950073E0
1.711839076E2,2.152050018E0,1.060395050E1,-1.767000079E0
1.711863512E2,2.965950251E0,1.168605042E1,-7.999500632E-1
1.711887946E2,4.989000320E0,1.096095085E1,-3.051000118E0
1.711912382E2,3.793950081E0,1.093005085E1,-4.273950100E0
1.711936817E2,2.472000122E0,1.052805042E1,-3.622950077E0
1.711961253E2,2.122950077E0,1.059195042E1,-2.110050201E0
1.711985688E2,1.426050067E0,1.079100037E1,-7.695000619E-2
1.712010124E2,1.678050041E0,1.109505081E1,3.190500140E-1
1.712034559E2,3.169050217E0,1.169400024E1,-1.440000087E-1
1.712058995E2,2.848050117E0,1.172700024E1,-1.405950069E0
1.712083429E2,2.053050041E0,1.042500019E1,-3.000000026E-3
1.712107866E2,2.173050165E0,1.097805023E1,-3.930000067E-1
1.712132302E2,3.958950281E0,1.204800034E1,-6.640500426E-1
1.712156737E2,4.635000229E0,1.081695080E1,-3.676050186E0
1.712181173E2,4.570050240E0,1.022100067E1,-4.687950134E0
1.712205608E2,3.682050228E0,1.037700081E1,-5.376000404E0
1.712230045E2,2.439000130E0,9.964950562E0,-3.343050241E0
1.712254481E2,2.085000038E0,9.081000328E0,-3.790500164E-1
1.712278915E2,2.665950060E0,9.249000549E0,3.240000010E-1
1.712303352E2,2.155950069E0,8.722050667E0,3.070500195E-1
1.712327786E2,2.190000057E0,7.951050282E0,3.195000067E-2
1.712352222E2,3.436950207E0,7.522950172E0,-1.921050072E0
1.712376657E2,4.026000023E0,7.834050179E0,-3.642000198E0
1.712401094E2,3.970950127E0,8.185950279E0,-4.210050106E0
1.712425528E2,4.294950008E0,7.357950211E0,-4.485000134E0
1.712449965E2,3.931050301E0,6.985950470E0,-4.051949978E0
1.712474398E2,3.198000193E0,7.053000450E0,-3.217950106E0
1.712498835E2,2.959050179E0,7.063050270E0,-1.614000082E0
1.712523272E2,2.812050104E0,7.585050583E0,2.700000070E-2
1.712547706E2,3.330000162E0,7.504050255E0,-4.909500182E-1
1.712572142E2,3.265050173E0,7.875000477E0,-1.509000063E0
1.712596577E2,1.761000037E0,7.507950306E0,-3.142050266E0
1.712621013E2,3.390000165E-1,7.756950378E0,-1.540050030E0
1.712645450E2,7.290000319E-1,7.542000294E0,-3.000000026E-3
1.712669885E2,2.604000092E0,7.113000393E0,-1.123050094E0
1.712694321E2,3.046950102E0,6.903000355E0,-3.028950214E0
1.712718756E2,2.293050051E0,6.603000164E0,-4.171050072E0
1.712743192E2,3.102000237E0,6.223050117E0,-4.048950195E0
1.712767626E2,2.887050152E0,5.763000488E0,-2.790000200E0
1.712792063E2,2.173050165E0,6.382950306E0,1.420500129E-1
1.712816497E2,2.865000248E0,7.072950363E0,1.243950009E0
1.712840934E2,3.105000257E0,7.647000313E0,6.520500183E-1
1.712865368E2,2.166000128E0,7.470000267E0,-9.010500312E-1
1.712889805E2,1.800000072E0,8.203050613E0,-2.148000002E0
1.712914241E2,1.792950034E0,8.072999954E0,-3.007950068E0
1.712938676E2,1.242000103E0,8.998050690E0,-2.620050192E0
1.712963112E2,2.764950037E0,9.100950241E0,-2.692050219E0
1.712987546E2,3.964050293E0,9.346950531E0,-3.312000275E0
1.713011983E2,3.598050117E0,9.490950584E0,-3.039000034E0
1.713036417E2,2.077050209E0,9.960000038E0,-1.698000073E0
1.713060854E2,1.516950130E0,1.113105011E1,-4.120500088E-1
1.713085290E2,1.813950062E0,1.116900063E1,1.129500046E-1
1.713109725E2,2.098950148E0,1.120305061E1,-3.195000067E-2
1.713134161E2,3.397050142E0,1.128405094E1,-6.420000196E-1
1.713158596E2,2.757000208E0,1.196400070E1,-2.044950008E0
1.713183032E2,2.230950117E0,1.094700050E1,-8.940000534E-1
1.713207469E2,2.464950085E0,1.065000057E1,-2.569500208E-1
1.713231903E2,2.407950163E0,1.126305008E1,-1.485000014E0
1.713256339E2,1.852050066E0,1.208400059E1,-1.006049991E0
1.713280774E2,3.010950089E0,1.140900040E1,5.320500135E-1
1.713305210E2,3.460950136E0,1.170300102E1,-3.843000174E0
1.713329645E2,3.162000179E0,1.186800098E1,-3.874050140E0
1.713354081E2,1.903050065E0,1.193100071E1,-2.458950043E0
1.713378516E2,1.254000068E0,1.151205063E1,4.180500209E-1
1.713402952E2,8.080500364E-1,1.120005035E1,4.060500264E-1
1.713427386E2,1.125000000E0,1.141095066E1,7.260000110E-1
1.713451823E2,3.763050079E0,1.015200043E1,2.254050016E0
1.713476257E2,5.911050320E0,9.541050911E0,-2.967000246E0
1.713500694E2,5.443950176E0,8.808000565E0,-4.870050430E0
1.713525130E2,3.588000059E0,1.000605011E1,-4.216950417E0
1.713549565E2,2.800950050E0,1.019700050E1,-2.206050158E0
1.713574001E2,2.131950140E0,9.016950607E0,-1.183050036E0
1.713598436E2,2.347950220E0,8.557050705E0,-9.769500494E-1
1.713622872E2,2.749950171E0,8.919000626E0,-1.741050124E0
1.713647306E2,2.631000042E0,8.626950264E0,-2.503050089E0
1.713671743E2,1.845000029E0,8.971050262E0,-9.370500445E-1
1.713696179E2,1.990950108E0,9.280050278E0,9.589500427E-1
1.713720614E2,1.771050096E0,1.050105095E1,7.290000319E-1
1.713745050E2,1.029000044E0,9.637050629E0,3.240000010E-1
1.713769485E2,1.350000024E0,9.211050034E0,1.800000072E-1
1.713793921E2,2.737950087E0,8.931000710E0,-1.969050050E0
1.713818358E2,3.804000139E0,8.287050247E0,-3.690000057E0
1.713842793E2,4.339950085E0,9.001950264E0,-5.242050171E0
1.713867229E2,3.852000237E0,9.156000137E0,-5.482950211E0
1.713891663E2,2.865000248E0,9.177000046E0,-3.952950239E0
1.713916099E2,2.206950188E0,8.605050087E0,-1.996950150E0
1.713940534E2,2.307000160E0,8.338950157E0,-1.246050000E0
1.713964970E2,2.245050192E0,7.911000252E0,-9.730500579E-1
1.713989405E2,2.176050186E0,7.369950294E0,-6.780000329E-1
1.714013841E2,2.772000074E0,7.747950554E0,-3.570000231E-1
1.714038276E2,3.403950214E0,7.204050541E0,-8.479500413E-1
1.714062712E2,3.523950100E0,6.997950554E0,-1.927950144E0
1.714087149E2,2.773950100E0,8.191050529E0,-2.907000065E0
1.714111583E2,1.773000121E0,9.337950706E0,-1.492050052E0
1.714136019E2,2.046000004E0,9.393000603E0,-6.300000548E-1
1.714160454E2,2.824050188E0,9.105000496E0,-1.626000047E0
1.714184890E2,4.231950283E0,9.177000046E0,-2.893050194E0
1.714209325E2,4.275000095E0,8.844000816E0,-4.152000427E0
1.714233761E2,4.009950161E0,8.263050079E0,-4.461000443E0
1.714258198E2,3.223950148E0,8.920950890E0,-3.393000126E0
1.714282633E2,1.978950143E0,9.253950119E0,-1.396050096E0
1.714307069E2,1.860000134E0,8.895000458E0,-7.830000520E-1
1.714331503E2,2.451000214E0,8.476050377E0,-4.549500346E-1
1.714355940E2,2.572950125E0,8.855999947E0,-2.610000074E-1
1.714380374E2,2.188050032E0,8.440050125E0,-3.690000176E-1
1.714404810E2,1.849950075E0,8.152050018E0,8.205000311E-2
1.714429245E2,1.510050058E0,8.931000710E0,-1.350000054E-1
1.714453682E2,2.365050077E0,9.601050377E0,-3.600000143E-1
1.714478118E2,3.973950148E0,9.550950050E0,-3.589950085E0
1.714502552E2,3.697950125E0,9.277950287E0,-5.067000389E0
1.714526989E2,2.140050173E0,9.072000504E0,-4.189949989E0
1.714551423E2,1.327950120E0,8.518950462E0,-1.849050045E0
1.714575859E2,1.146000028E0,8.557050705E0,-1.849500090E-1
1.714600294E2,1.540950060E0,8.512050629E0,1.306050062E0
1.714624730E2,2.571000099E0,7.855950356E0,1.192950010E0
1.714649165E2,4.558050156E0,8.272050858E0,-1.039950013E0
1.714673602E2,4.930950165E0,8.701050758E0,-3.709050179E0
1.714698038E2,3.229050159E0,9.105000496E0,-3.811950207E0
1.714722472E2,1.354050040E0,9.874050140E0,-2.173950195E0
1.714746908E2,1.444950104E0,9.874050140E0,-4.219500124E-1
1.714771343E2,2.887050152E0,9.382950783E0,-7.639500499E-1
1.714795779E2,4.345050335E0,9.517050743E0,-2.482950211E0
1.714820214E2,3.921000242E0,1.000605011E1,-3.349950075E0
1.714844651E2,2.887050152E0,1.136805058E1,-2.899950027E0
1.714869087E2,1.879050136E0,1.194000053E1,-1.818000078E0
1.714893521E2,1.186950088E0,1.226100063E1,-1.990500093E-1
1.714917957E2,1.150950074E0,1.261800098E1,8.839500546E-1
1.714942392E2,1.432950020E0,1.266105080E1,1.050000079E-3
1.714966828E2,2.065050125E0,1.209600067E1,5.250000358E-1
1.714991263E2,2.929950237E0,1.045800018E1,1.549950123E0
1.715015699E2,2.275950193E0,9.440999985E0,-9.100500345E-1
1.715040134E2,2.170950174E0,9.405000687E0,-2.074050188E0
1.715064571E2,3.531000137E0,1.014705086E1,-4.698000431E0
1.715089004E2,4.113000393E0,1.108500099E1,-5.428050041E0
1.715113441E2,3.741000175E0,1.188495064E1,-3.481950283E0
1.715137878E2,3.175950050E0,1.318500042E1,4.129500091E-1
1.715162312E2,3.175950050E0,1.387695026E1,1.722000122E0
1.715186748E2,3.033000231E0,1.441605091E1,1.392000079E0
1.715211183E2,2.398050070E0,1.418100071E1,1.693950057E0
1.715235619E2,1.699050069E0,1.341000080E1,6.859500408E-1
1.715260054E2,1.567050099E0,1.299795055E1,-2.895000204E-2
1.715284491E2,2.122950077E0,1.235700035E1,-2.205000073E-2
1.715308927E2,2.857950211E0,1.330500031E1,1.969500035E-1
1.715333362E2,2.925000191E0,1.425300026E1,-8.269500136E-1
1.715357798E2,2.130000114E0,1.529505062E1,-7.879500389E-1
1.715382232E2,1.993950129E0,1.589100075E1,-3.570000231E-1
1.715406668E2,3.033000231E0,1.789005089E1,-1.540500075E-1
1.715431103E2,3.816000223E0,1.872300148E1,-1.564050078E0
1.715455540E2,3.436950207E0,1.860600090E1,-1.858050108E0
1.715479974E2,2.110949993E0,1.775100136E1,-1.183050036E0
1.715504411E2,9.619500637E-1,1.776795006E1,-1.851000071E0
1.715528845E2,5.879999995E-1,1.830705070E1,-1.735950112E0
1.715553282E2,7.060500383E-1,1.677705002E1,7.800000161E-2
1.715577718E2,1.006950021E0,1.649895096E1,1.305000018E-2
1.715602152E2,1.917000055E0,1.718595123E1,3.739500046E-1
1.715626588E2,2.665950060E0,1.692000008E1,8.200500607E-1
1.715651023E2,2.515950203E0,1.663095093E1,7.140000463E-1
1.715675459E2,2.331000090E0,1.721700096E1,1.921050072E0
1.715699894E2,2.560950041E0,1.729095078E1,5.059500337E-1
1.715724331E2,2.935050249E0,1.699500084E1,2.592000008E0
1.715748767E2,3.448950052E0,1.559895039E1,3.204000235E0
1.715773202E2,3.154950142E0,1.439700031E1,3.228000164E0
1.715797638E2,2.511000156E0,1.365495110E1,2.941050053E0
1.715822072E2,2.461050034E0,1.371195030E1,1.629000068E0
1.715846508E2,2.721000195E0,1.319700050E1,1.846950054E0
1.715870945E2,1.981950045E0,1.137495041E1,1.390050054E0
1.715895380E2,1.594050050E0,1.087500095E1,4.630500078E-1
1.715919816E2,1.339950085E0,1.112595081E1,6.599999964E-2
1.715944251E2,1.587000132E0,1.087695026E1,9.370500445E-1
1.715968687E2,1.432950020E0,9.970050812E0,1.291050076E0
1.715993122E2,6.835050106E0,7.261950493E0,1.525950074E0
1.716017558E2,7.387950420E0,7.261950493E0,-1.843905067E1
1.716041992E2,5.740950108E0,6.340050220E0,-2.151795197E1
1.716066429E2,3.330000162E0,6.036000252E0,-1.909305000E1
1.716090863E2,3.624000072E0,6.081000328E0,-9.883950233E0
1.716115299E2,2.166000128E0,8.308050156E0,1.252950072E0
1.716139734E2,8.040000200E-1,7.633050442E0,7.129050255E0
1.716164171E2,7.170000076E-1,7.012950420E0,4.174050331E0
1.716188607E2,2.134950161E0,6.148050308E0,2.581950188E0
1.716213042E2,3.034950256E0,5.799000263E0,3.778950214E0
1.716237478E2,2.820000172E0,4.723950386E0,3.682950258E0
1.716261912E2,1.969950080E0,4.192049980E0,2.545950174E0
1.716286348E2,2.949000120E0,4.317000389E0,1.876050115E0
1.716310785E2,4.282950401E0,4.147050381E0,-7.542000294E0
1.716335220E2,4.912050247E0,5.361000061E0,-9.439050674E0
1.716359656E2,2.989950180E0,5.092950344E0,-1.155300045E1
1.716384091E2,1.672950029E0,4.992000103E0,-9.618000031E0
1.716408527E2,2.089050055E0,6.097950459E0,-3.831000090E0
1.716432961E2,2.508000135E0,5.761050224E0,-6.900000572E-1
1.716457398E2,2.644950151E0,5.695950508E0,3.078000069E0
1.716481834E2,2.949000120E0,5.767950058E0,3.973050117E0
1.716506269E2,4.017000198E0,5.887050152E0,1.675050020E0
1.716530705E2,5.676000118E0,5.683950424E0,-3.040950060E0
1.716555140E2,4.150950432E0,5.737050056E0,-7.285950184E0
1.716579576E2,1.857000113E0,6.526950359E0,-8.095950127E0
1.716604011E2,7.939500213E-1,6.622950077E0,-6.264000416E0
1.716628447E2,5.470499992E-1,5.356050491E0,-3.522000074E0
1.716652881E2,1.105050087E0,4.045950413E0,-1.806000113E0
1.716677318E2,2.671050072E0,3.226950169E0,-1.469999999E-1
1.716701752E2,4.429050446E0,3.769050121E0,1.797000051E0
1.716726189E2,6.006000519E0,3.721050262E0,-2.970000207E-1
1.716750623E2,3.847050190E0,5.470950127E0,-1.690950036E0
1.716775060E2,2.599050045E0,7.690050602E0,-1.186050057E0
1.716799496E2,1.921950102E0,8.014050484E0,-1.746000051E0
1.716823931E2,1.030950069E0,7.792950153E0,-2.134050131E0
1.716848367E2,4.009500146E-1,7.495950222E0,-1.629000068E0
1.716872802E2,5.809500217E-1,6.823950291E0,-1.030050039E0
1.716897238E2,1.756950140E0,5.526000500E0,-9.630000591E-1
1.716921675E2,1.954950094E0,5.245950222E0,-1.095000029E0
1.716946109E2,1.323000073E0,5.101950169E0,1.540500075E-1
1.716970545E2,7.699500322E-1,4.957950115E0,9.559500217E-1
1.716994980E2,6.030000448E-1,5.739000320E0,-1.300500035E-1
1.717019416E2,1.888050079E0,6.369000435E0,3.100500107E-1
1.717043851E2,3.706050158E0,4.956000328E0,-2.488050222E0
1.717068287E2,3.442050219E0,5.875050068E0,-3.148950100E0
1.717092721E2,3.234000206E0,6.454950333E0,-2.289000034E0
1.717117158E2,2.875050068E0,6.196050167E0,-1.803000093E0
1.717141594E2,1.972050071E0,6.466950417E0,-1.164000034E0
1.717166029E2,1.483950019E0,6.448050499E0,-1.590000093E-1
1.717190465E2,1.078950047E0,6.426000118E0,1.081050038E0
1.717214900E2,1.159950018E0,6.088950157E0,9.195000678E-2
1.717239336E2,1.120050073E0,5.622000217E0,-2.639999986E-1
1.717263771E2,1.042950034E0,4.906050205E0,-9.700500369E-1
1.717288207E2,5.209500194E-1,5.089950085E0,-4.170000255E-1
1.717312641E2,2.599500120E-1,4.803000450E0,1.759500057E-1
1.717337078E2,7.579500079E-1,4.539000034E0,-7.950000465E-3
1.717361512E2,2.287950039E0,4.927050114E0,-1.417950034E0
1.717385949E2,3.148050070E0,5.583000183E0,-2.911950111E0
1.717410385E2,3.283950090E0,5.157000065E0,-3.484050274E0
1.717434820E2,3.205050230E0,5.005950451E0,-2.803950071E0
1.717459256E2,2.295000076E0,6.052950382E0,-1.593000054E0
1.717483691E2,1.519950032E0,6.642000198E0,-2.020500153E-1
1.717508127E2,8.560500145E-1,6.523950100E0,7.740000486E-1
1.717532564E2,8.560500145E-1,6.153000355E0,5.089499950E-1
1.717556998E2,1.824000120E0,5.671950340E0,-1.024950027E0
1.717581435E2,2.251950026E0,5.083050251E0,-3.120000124E0
1.717605869E2,1.503000021E0,4.939050198E0,-3.408000231E0
1.717630305E2,2.599500120E-1,4.614000320E0,-1.140000105E0
1.717654740E2,1.260000020E-1,4.522950172E0,4.800000191E-1
1.717679176E2,1.500000119E0,4.450950146E0,4.339500070E-1
1.717703611E2,3.925950289E0,4.012950420E0,-1.806000113E0
1.717728047E2,4.896000385E0,3.670050144E0,-4.003950119E0
1.717752481E2,4.575000286E0,4.657050133E0,-4.861050129E0
1.717776917E2,3.864000082E0,6.424050331E0,-4.650000095E0
1.717801352E2,2.464950085E0,7.615950584E0,-3.268950224E0
1.717825789E2,1.050000072E0,7.651950359E0,-1.324950099E0
1.717850225E2,4.210500121E-1,7.678050518E0,-4.605000094E-2
1.717874660E2,6.820500493E-1,7.222950459E0,4.080000222E-1
1.717899096E2,2.089050055E0,5.974050522E0,-1.702950120E0
1.717923531E2,2.626050234E0,5.562000275E0,-3.229950190E0
1.717947967E2,1.929000139E0,5.535000324E0,-3.112950087E0
1.717972402E2,1.560000062E0,5.947050095E0,-2.351999998E0
1.717996838E2,2.689950228E0,5.404050350E0,-1.461000085E0
1.718021275E2,4.210950375E0,4.831950188E0,-2.746950150E0
1.718045709E2,4.723050117E0,5.191050053E0,-4.200000286E0
1.718070145E2,4.564949989E0,5.578950405E0,-4.738950253E0
1.718094580E2,4.447950363E0,5.341950417E0,-4.654950142E0
1.718119016E2,3.865950108E0,5.641050339E0,-3.829050064E0
1.718143451E2,2.607000113E0,6.727950096E0,-2.613000154E0
1.718167888E2,2.970000029E0,7.209000111E0,-1.741050124E0
1.718192322E2,4.471950054E0,6.904950142E0,-3.087000132E0
1.718216759E2,4.243950367E0,6.811950207E0,-4.441950321E0
1.718241195E2,2.707050085E0,7.884000301E0,-3.862050295E0
1.718265629E2,1.632000089E0,7.927050591E0,-3.156000137E0
1.718290066E2,9.229500294E-1,7.417050362E0,-1.870050073E0
1.718314500E2,1.519950032E0,5.986050129E0,-1.222050071E0
1.718338936E2,1.780950069E0,4.446000099E0,-1.357950091E0
1.718363371E2,1.552950025E0,4.015050411E0,-1.341000080E0
1.718387807E2,4.234950066E0,3.490950108E0,-1.995000057E-2
1.718412242E2,6.508950233E0,2.491950035E0,-3.766950130E0
1.718436678E2,6.636000156E0,3.583950281E0,-5.280000210E0
1.718461113E2,5.104050159E0,4.765050411E0,-5.488050461E0
1.718485549E2,4.275000095E0,5.931000233E0,-5.626950264E0
1.718509986E2,3.682050228E0,6.586950302E0,-4.006050110E0
1.718534420E2,1.825950146E0,6.903000355E0,-3.039000034E0
1.718558856E2,1.540950060E0,6.558000088E0,-1.648050070E0
1.718583291E2,3.162000179E0,5.416050434E0,-2.710950136E0
1.718607727E2,4.085999966E0,4.768950462E0,-4.510950089E0
1.718632164E2,3.801000118E0,3.748950243E0,-4.210050106E0
1.718656599E2,4.266000271E0,4.293000221E0,-3.976950169E0
1.718681035E2,4.891050339E0,4.908000469E0,-3.895950079E0
1.718705470E2,2.650050163E0,4.810050011E0,-3.345000267E0
1.718729906E2,6.100500226E-1,5.124000072E0,-2.185950041E0
1.718754340E2,3.484950066E0,5.317950249E0,-1.594950080E0
1.718778776E2,5.539950371E0,5.253000259E0,-3.436050177E0
1.718803213E2,4.942950249E0,5.719950199E0,-5.008950233E0
1.718827648E2,5.614050388E0,6.376050472E0,-5.400000095E0
1.718852084E2,7.258950233E0,6.586950302E0,-6.349950314E0
1.718876519E2,5.470050335E0,7.534950256E0,-6.228000164E0
1.718900952E2,3.796950102E0,7.113000393E0,-5.602950096E0
1.718925389E2,3.289050102E0,7.300050259E0,-4.159049988E0
1.718949825E2,1.675050020E0,6.855000496E0,-1.063950062E0
1.718974260E2,-2.595000155E-2,6.175050259E0,2.529000044E0
1.718998696E2,-1.395000052E-2,4.627950191E0,3.271950245E0
1.719023131E2,2.508000135E0,3.838050127E0,1.252950072E0
1.719047567E2,4.462050438E0,3.637050152E0,-1.990050077E0
1.719072002E2,6.211950302E0,5.205000401E0,-3.685050249E0
1.719096438E2,6.081000328E0,6.735000134E0,-5.260950089E0
1.719120875E2,5.403000355E0,9.100950241E0,-4.513950348E0
1.719145309E2,4.776000023E0,1.083405018E1,-3.184950113E0
1.719169746E2,3.897000074E0,1.176300049E1,-3.040950060E0
1.719194180E2,3.861000299E0,1.227300072E1,-4.770000458E0
1.719218616E2,4.498050213E0,1.149705029E1,-5.505000114E0
1.719243051E2,4.315950394E0,1.058700085E1,-5.818950176E0
1.719267488E2,5.077050209E0,9.784950256E0,-5.665050507E0
1.719291924E2,5.865000248E0,9.390000343E0,-4.819950104E0
1.719316359E2,7.089000225E0,9.685050011E0,-6.877050400E0
1.719340795E2,3.231000185E0,1.078395081E1,-3.783000231E0
1.719365229E2,1.675050020E0,1.111200047E1,-1.240950108E0
1.719389666E2,4.153050423E0,1.137000084E1,-2.596050024E0
1.719414100E2,7.318950176E0,1.144500065E1,-6.055950165E0
1.719438537E2,8.386050224E0,1.235895061E1,-9.003000259E0
1.719462971E2,6.837000370E0,1.301295090E1,-7.312950134E0
1.719487408E2,6.052050114E0,1.375500107E1,-5.863950253E0
1.719511844E2,6.121050358E0,1.326195049E1,-4.210050106E0
1.719536279E2,3.532950163E0,1.217505074E1,-2.577000141E0
1.719560715E2,1.618050098E0,1.157100010E1,8.460000157E-1
1.719585150E2,7.699500322E-1,9.226950645E0,3.250050068E0
1.719609586E2,5.879999995E-1,7.267050266E0,2.164950132E0
1.719634020E2,1.287000060E0,7.582950592E0,6.810000539E-1
1.719658457E2,2.254950047E0,8.386950493E0,3.270000219E-1
1.719682891E2,2.710050106E0,1.231095028E1,1.399050117E0
1.719707327E2,3.310050249E0,1.438500023E1,9.250500202E-1
1.719731762E2,4.147950172E0,1.487100029E1,9.705000371E-2
1.719756199E2,9.198000908E0,1.583295059E1,-4.174050331E0
1.719780635E2,6.598050117E0,1.640805054E1,-9.577950478E0
1.719805070E2,5.511000156E0,1.673805046E1,-9.465000153E0
1.719829506E2,3.247950077E0,1.483995056E1,-7.405950546E0
1.719853940E2,4.303950310E0,1.297200108E1,-4.636050224E0
1.719878377E2,6.109050274E0,1.255305099E1,-4.071000099E0
1.719902811E2,5.608950138E0,1.254405022E1,-2.890050173E0
1.719927248E2,4.510050297E0,1.390095043E1,-8.050500154E-1
1.719951684E2,6.160050392E0,1.444905090E1,-1.750500053E-1
1.719976119E2,7.030950546E0,1.603395081E1,-2.613000154E0
1.720000555E2,6.454050541E0,1.707105064E1,-5.187000275E0
1.720024990E2,7.860000610E0,1.727895164E1,-6.241950512E0
1.720049426E2,7.896000385E0,1.791900063E1,-1.268295097E1
1.720073861E2,7.486050129E0,1.796205139E1,-8.895000458E0
1.720098297E2,4.984050274E0,1.614195061E1,-6.886050224E0
1.720122731E2,2.901000023E0,1.326195049E1,-1.954050064E0
1.720147168E2,2.425050020E0,1.190895081E1,3.789000273E0
1.720171604E2,1.752000093E0,1.144695091E1,3.571050167E0
1.720196039E2,1.467000127E0,9.450000763E0,3.481950283E0
1.720220475E2,4.234950066E0,8.878050804E0,-1.319999993E-1
1.720244910E2,6.009000301E0,9.663000107E0,-4.120950222E0
1.720269346E2,5.440950394E0,1.163100052E1,-6.357000351E0
1.720293780E2,3.130950212E0,1.356795025E1,-4.192950249E0
1.720318217E2,3.199950218E0,1.540200043E1,-2.200950146E0
1.720342651E2,3.610050201E0,1.501005077E1,-2.347050190E0
1.720367087E2,4.783050060E0,1.266300106E1,-4.654950142E0
1.720391524E2,7.144050121E0,1.121205044E1,-6.859950542E0
1.720415959E2,6.736950397E0,8.740950584E0,-9.130050659E0
1.720440395E2,4.120050430E0,7.981950283E0,-8.536050797E0
1.720464830E2,2.680950165E0,7.072950363E0,-5.542950153E0
1.720489266E2,3.046950102E0,7.117950439E0,-2.163000107E0
1.720513701E2,5.362050056E0,7.225950241E0,-1.249950051E0
1.720538137E2,5.233050346E0,8.530950546E0,-1.312950015E0
1.720562574E2,5.250000477E0,9.241950035E0,-8.359500170E-1
1.720587008E2,5.616000175E0,1.034805012E1,-3.094050169E0
1.720611444E2,6.387000084E0,1.151205063E1,-6.882000446E0
1.720635879E2,3.706050158E0,1.097295094E1,-8.646000862E0
1.720660315E2,1.017000079E0,9.465000153E0,-5.086050034E0
1.720684750E2,4.399500191E-1,8.446949959E0,-5.010000467E-1
1.720709186E2,1.065000057E0,7.882050514E0,1.009050012E0
1.720733620E2,3.358050108E0,6.019050121E0,-1.055999994E0
1.720758057E2,5.275950432E0,4.525050163E0,-3.814950228E0
1.720782494E2,6.037950516E0,4.326000214E0,-4.666950226E0
1.720806928E2,5.317050457E0,5.674050331E0,-5.008950233E0
1.720831364E2,4.394999981E0,6.880950451E0,-4.223999977E0
1.720855799E2,4.033950329E0,7.975050449E0,-3.748050213E0
1.720880235E2,4.423950195E0,8.148000717E0,-4.762950420E0
1.720904670E2,7.234950542E0,7.999050617E0,-5.677050114E0
1.720929106E2,8.913000107E0,6.156000137E0,-9.537000656E0
1.720953541E2,5.607000351E0,6.484050274E0,-1.008000088E1
1.720977977E2,5.314950466E0,6.057000160E0,-7.906050205E0
1.721002411E2,8.860050201E0,6.436050415E0,-6.205950260E0
1.721026848E2,9.817950249E0,6.651000500E0,-6.613050461E0
1.721051282E2,7.398000240E0,7.492050171E0,-5.224950314E0
1.721075719E2,7.030950546E0,7.756950378E0,-3.373950243E0
1.721100155E2,7.776000500E0,9.595950127E0,-5.353950024E0
1.721124590E2,7.930950165E0,1.022805023E1,-8.164950371E0
1.721149026E2,3.804000139E0,9.013950348E0,-8.299050331E0
1.721173460E2,1.789500117E-1,7.030050278E0,-7.032000542E0
1.721197897E2,1.036050081E0,6.496050358E0,2.176950216E0
1.721222331E2,3.463950157E0,7.111050129E0,5.307000160E0
1.721246768E2,4.462050438E0,6.721050262E0,3.781050205E0
1.721271204E2,4.426050186E0,6.235050201E0,2.734950066E0
1.721295639E2,4.572000027E0,7.173000336E0,2.668050051E0
1.721320075E2,4.828050137E0,1.073100090E1,-6.900000572E-1
1.721344510E2,6.166950226E0,1.253400040E1,-2.859000206E0
1.721368946E2,4.824000359E0,1.311105061E1,-5.158050060E0
1.721393380E2,2.377050161E0,1.270200062E1,-2.284950018E0
1.721417816E2,1.576950073E0,1.170600033E1,-2.419500053E-1
1.721442253E2,1.575000048E0,1.023495007E1,2.479500175E-1
1.721466688E2,1.417050123E0,8.980950356E0,-3.670500219E-1
1.721491124E2,1.077000022E0,9.951000214E0,-1.175999999E0
1.721515559E2,1.696950078E0,1.130805016E1,4.920000136E-1
1.721539995E2,2.370000124E0,1.227495098E1,5.400000215E-1
1.721564430E2,2.346000195E0,1.286400032E1,7.950000465E-3
1.721588866E2,4.906949997E0,1.198800087E1,-1.012950063E0
1.721613300E2,5.824050426E0,1.327905083E1,-3.907950163E0
1.721637736E2,4.507950306E0,1.235400105E1,-8.409000397E0
1.721662171E2,1.150950074E0,1.040100002E1,-5.260950089E0
1.721686607E2,-8.100000024E-2,8.251049995E0,-2.209500074E-1
1.721711044E2,4.399500191E-1,8.557050705E0,3.196950197E0
1.721735479E2,1.359000087E0,1.033800030E1,1.135950089E0
1.721759915E2,1.516950130E0,9.133950233E0,7.309500575E-1
1.721784349E2,1.086000085E0,9.931050301E0,7.530000210E-1
1.721808786E2,1.339950085E0,1.051800060E1,3.310500085E-1
1.721833220E2,3.085050106E0,1.179705048E1,-2.196000099E0
1.721857656E2,3.612000227E0,1.212900066E1,-7.368000507E0
1.721882093E2,3.121050119E0,1.145400047E1,-5.673000336E0
1.721906528E2,4.345050335E0,1.051995087E1,-6.604050159E0
1.721930964E2,3.238950253E0,8.533050537E0,-8.926050186E0
1.721955398E2,2.257050037E0,5.986050129E0,-5.167050362E0
1.721979835E2,3.433050156E0,5.667000294E0,-2.821050167E0
1.722004269E2,5.616000175E0,5.974050522E0,-2.203050137E0
1.722028705E2,5.512950420E0,6.025950432E0,-1.075950027E0
1.722053140E2,4.527000427E0,7.245000362E0,1.593000054E0
1.722077576E2,5.077050209E0,7.729050159E0,1.828050137E0
1.722102013E2,4.579050064E0,9.739950180E0,-3.400500119E-1
1.722126447E2,2.508000135E0,1.031400013E1,-2.893050194E0
1.722150884E2,3.460500240E-1,9.304050446E0,-3.715950251E0
1.722175319E2,-8.380500674E-1,8.052000046E0,6.259500384E-1
1.722199755E2,-1.185000062E0,8.536050797E0,1.132950068E0
1.722224189E2,1.500000060E-1,8.065950394E0,-1.416000009E0
1.722248625E2,1.141050100E0,6.310950279E0,-3.514950275E0
1.722273060E2,1.060050011E0,6.478950500E0,-3.679950237E0
1.722297496E2,7.410000563E-1,7.747950554E0,-2.042999983E0
1.722321931E2,1.512000084E0,9.445050240E0,1.920000017E-1
1.722346367E2,3.100050211E0,9.145950317E0,-1.732050061E0
1.722370804E2,3.442050219E0,8.155050278E0,-2.614950180E0
1.722395238E2,2.947050095E0,7.153950214E0,-4.204950333E0
1.722419675E2,1.299000025E0,5.518950462E0,-3.562950134E0
1.722444109E2,1.764000058E0,4.009950161E0,-2.505000114E0
1.722468545E2,5.037000179E0,4.183050156E0,-2.170050144E0
1.722492980E2,7.026000500E0,5.290950298E0,-3.871950150E0
1.722517416E2,6.306000233E0,6.735000134E0,-3.556050062E0
1.722541851E2,4.052999973E0,8.101950645E0,9.300000668E-1
1.722566287E2,3.652950287E0,8.607000351E0,1.360950112E0
1.722590724E2,3.294000149E0,1.003005028E1,-2.254050016E0
1.722615159E2,1.182000041E0,1.035495090E1,-3.778950214E0
1.722639595E2,-5.100000501E-1,7.561050415E0,-2.641050100E0
1.722664029E2,-1.855050087E0,6.370950222E0,2.220000029E0
1.722688466E2,-6.199500561E-1,6.172050476E0,5.560500026E-1
1.722712900E2,3.847050190E0,3.844950199E0,-5.680050373E0
1.722737337E2,4.186950207E0,3.784950256E0,-5.698950291E0
1.722761774E2,2.683050156E0,4.297950268E0,-1.914000034E0
1.722786207E2,3.018000126E0,5.518950462E0,8.989500403E-1
1.722810644E2,4.275000095E0,5.614950180E0,-2.419500053E-1
1.722835079E2,4.663050175E0,5.035050392E0,-1.372050047E0
1.722859515E2,4.033950329E0,6.972000122E0,-3.385950089E0
1.722883949E2,1.936050057E0,5.551950455E0,-4.176000118E0
1.722908386E2,7.390500307E-1,4.683000088E0,-2.758950233E0
1.722932820E2,4.222949982E0,5.101950169E0,-2.277000189E0
1.722957257E2,7.192050457E0,4.072950363E0,-4.317000389E0
1.722981691E2,4.065000057E0,6.180000305E0,-5.136000156E0
1.723006127E2,2.254950047E0,6.067050457E0,-4.594950199E0
1.723030562E2,5.865000248E0,6.546000481E0,-4.686000347E0
1.723054998E2,5.767050266E0,5.935050488E0,-6.385950089E0
1.723079435E2,2.719500065E-1,6.064950466E0,-4.891950130E0
1.723103870E2,-1.515000105E0,4.290000439E0,-2.104950190E0
1.723128306E2,7.249500155E-1,2.998050213E0,3.580050230E0
1.723152740E2,5.743050098E0,3.201000214E0,1.291050076E0
1.723177177E2,6.163950443E0,2.263050079E0,-1.377000093E0
1.723201611E2,2.491950035E0,4.021950245E0,1.654950023E0
1.723226048E2,1.596000075E0,5.824950218E0,2.290050030E0
1.723250484E2,1.350000024E0,8.454000473E0,5.920500159E-1
1.723274919E2,3.151950121E0,1.018995094E1,-7.360500097E-1
1.723299355E2,3.744000196E0,9.421050072E0,-6.115050316E0
1.723323790E2,3.907050133E0,8.188050270E0,-8.767950058E0
1.723348226E2,1.270950079E0,6.127050400E0,-8.373000145E0
1.723372660E2,2.143949986E0,5.041950226E0,-7.780050278E0
1.723397097E2,6.847050190E0,3.514950275E0,-9.490950584E0
1.723421534E2,6.516000271E0,3.091050148E0,-1.089405060E1
1.723445968E2,5.118000031E0,4.041000366E0,-1.060200024E1
1.723470404E2,6.721950531E0,6.132000446E0,-5.277000427E0
1.723494839E2,7.656000137E0,5.944950104E0,-3.610950232E0
1.723519275E2,5.892000198E0,6.133950233E0,-3.172950268E0
1.723543710E2,2.362050056E0,6.430950165E0,-5.659500360E-1
1.723568146E2,-2.164050102E0,6.532050133E0,2.841000080E0
1.723592581E2,-2.617050171E0,5.028000355E0,3.877050161E0
1.723617017E2,2.053050041E0,3.814050198E0,2.802000046E0
1.723641451E2,5.647050381E0,2.590950012E0,-1.653000116E0
1.723665888E2,3.628950119E0,3.928950071E0,-2.076000214E0
1.723690322E2,2.082000017E0,5.643000126E0,-1.987950087E0
1.723714759E2,2.566050053E0,8.878050804E0,-6.610500216E-1
1.723739195E2,4.411950111E0,1.065000057E1,-4.597949982E0
1.723763630E2,4.078950405E0,1.100205040E1,-6.805050373E0
1.723788066E2,4.183950424E0,9.843000412E0,-8.740050316E0
1.723812501E2,1.314000010E0,7.129950523E0,-6.538950443E0
1.723836937E2,3.483000278E0,5.326950073E0,-5.728050232E0
1.723861372E2,7.528950214E0,4.900950432E0,-8.215050697E0
1.723885808E2,8.233050346E0,3.579000235E0,-9.547050476E0
1.723910242E2,7.414050579E0,4.570950031E0,-7.636050224E0
1.723934679E2,6.849000454E0,4.683000088E0,-5.637000084E0
1.723959115E2,7.800000191E0,6.538950443E0,-5.521950245E0
1.723983550E2,5.737950325E0,7.426950455E0,-5.658000469E0
1.724007986E2,1.764000058E0,8.389050484E0,-1.971000075E0
1.724032421E2,-1.507950068E0,8.464050293E0,3.850950241E0
1.724056857E2,-2.719950199E0,7.686000347E0,3.895950079E0
1.724081292E2,2.100000158E-2,6.919050217E0,1.135950089E0
1.724105728E2,1.599000096E0,7.966050148E0,2.638950109E0
1.724130165E2,2.029950142E0,8.559000015E0,2.460000038E0
1.724154599E2,1.906950116E0,8.071050644E0,1.477950096E0
1.724179035E2,3.274950266E0,9.934050560E0,7.840500474E-1
1.724203470E2,7.006950378E0,1.104000092E1,-4.849050045E0
1.724227906E2,7.326000214E0,9.883950233E0,-8.518950462E0
1.724252341E2,5.425050259E0,8.230950356E0,-1.100700092E1
1.724276777E2,1.969950080E0,5.977950096E0,-7.674000263E0
1.724301212E2,3.946950197E0,4.429050446E0,-5.239050388E0
1.724325648E2,9.172050476E0,3.486000061E0,-6.937050343E0
1.724350082E2,9.162000656E0,5.386950493E0,-7.636050224E0
1.724374518E2,6.318000317E0,5.932950497E0,-5.376000404E0
1.724398953E2,6.876000404E0,6.286950111E0,-3.132000208E0
1.724423389E2,7.596000195E0,7.018050194E0,-4.794000149E0
1.724447826E2,3.640950203E0,7.987050533E0,-3.819000244E0
1.724472261E2,1.429050088E0,7.386000156E0,1.311000109E0
1.724496697E2,1.038000107E0,8.272050858E0,5.356950283E0
1.724521131E2,-1.555950046E0,9.196050644E0,5.149050236E0
1.724545567E2,-1.860000134E0,4.606950283E0,2.880000174E-1
1.724570002E2,2.595000155E-2,4.954050064E0,2.778000116E0
1.724594438E2,3.955050230E0,6.772950172E0,2.725950241E0
1.724618875E2,6.363000393E0,8.005949974E0,-5.275050163E0
1.724643309E2,7.053000450E0,8.358000755E0,-8.670000076E0
1.724667746E2,5.563950062E0,9.069000244E0,-1.043505096E1
1.724692180E2,4.498050213E0,8.968950272E0,-9.301950455E0
1.724716616E2,2.877000093E0,6.397050381E0,-7.387050152E0
1.724741051E2,1.237050056E0,4.633050442E0,-2.467050076E0
1.724765488E2,5.568000317E0,3.606000185E0,-1.023000002E0
1.724789922E2,1.011495018E1,2.916000128E0,-6.154050350E0
1.724814359E2,8.869950294E0,2.713050127E0,-7.138050556E0
1.724838795E2,7.219950199E0,4.920000076E0,-6.727950096E0
1.724863229E2,6.330000401E0,7.312050343E0,-7.473000526E0
1.724887665E2,5.097000122E0,7.767000198E0,-8.179050446E0
1.724912100E2,1.383000016E0,6.778050423E0,-6.324000359E0
1.724936536E2,-6.889500618E-1,6.084000111E0,-1.947000146E0
1.724960971E2,-1.515000105E0,6.139050484E0,2.524050236E0
1.724985407E2,2.665950060E0,3.418950081E0,2.781000137E0
1.725009842E2,9.528000832E0,2.962050200E0,-2.560050011E0
1.725034278E2,1.078305054E1,8.239500523E-1,-7.734000206E0
1.725058712E2,8.254950523E0,3.274950266E0,-1.108605099E1
1.725083149E2,7.564950466E0,6.153000355E0,-1.272900105E1
1.725107585E2,7.692000389E0,8.847000122E0,-1.101900005E1
1.725132020E2,7.450050354E0,6.916950226E0,-9.585000038E0
1.725156456E2,1.165500069E1,5.236050129E0,-1.041300011E1
1.725180891E2,1.144605064E1,2.380050182E0,-1.176600075E1
1.725205327E2,1.333500099E1,-4.489500225E-1,-1.154805088E1
1.725229762E2,1.713300133E1,-7.939500213E-1,-1.389000034E1
1.725254198E2,1.879395103E1,-1.528950095E0,-1.448400116E1
1.725278632E2,1.524105072E1,-2.551050186E0,-1.212000084E1
1.725303069E2,1.567005062E1,1.789500117E-1,-1.315500069E1
1.725327505E2,1.951995087E1,3.292050123E0,-1.828605080E1
1.725351940E2,1.275405025E1,5.779950142E0,-1.981995010E1
1.725376376E2,5.037000179E0,4.483950138E0,-2.149605179E1
1.725400811E2,4.498050213E0,2.301000118E0,-1.924305153E1
1.725425247E2,6.820950508E0,2.878050089E0,-1.305195045E1
1.725449682E2,5.532000065E0,4.144050121E0,-5.349000454E0
1.725474119E2,4.030950069E0,3.382950068E0,5.886000156E0
1.725498552E2,3.343950272E0,6.754050255E0,3.540000200E0
1.725522989E2,6.259500384E-1,1.073295021E1,5.398050308E0
1.725547425E2,-2.610000074E-1,9.007050514E0,1.873050094E0
1.725571860E2,2.434050083E0,1.096605015E1,2.836050034E0
1.725596296E2,2.215950012E0,1.221105099E1,5.850000381E-1
1.725620730E2,2.128050089E0,1.066200066E1,3.391050100E0
1.725645167E2,1.828050137E0,9.963000298E0,3.351000071E0
1.725669601E2,2.254950047E0,1.164795017E1,3.886950254E0
1.725694037E2,5.037000179E0,1.288095093E1,4.129050255E0
1.725718474E2,5.869950294E0,1.300800037E1,6.238050461E0
1.725742908E2,3.691050291E0,1.250505066E1,2.923950195E0
1.725767345E2,1.642050028E0,1.458105087E1,-8.359500170E-1
1.725791779E2,2.311950207E0,1.602000046E1,1.002000093E0
1.725816216E2,3.100050211E0,1.741394997E1,2.677950144E0
1.725840651E2,2.179949999E0,1.268205070E1,1.288950086E0
1.725865087E2,3.540000021E-1,8.887950897E0,5.059500337E-1
1.725889521E2,1.002000093E0,1.121205044E1,1.300500035E-1
1.725913958E2,4.030950069E0,1.569195080E1,2.979000092E0
1.725938392E2,1.347405052E1,9.781050682E0,-7.732050419E0
1.725962828E2,1.882950068E0,1.198605061E1,-1.742400169E1
1.725987263E2,6.117000103E0,1.017795086E1,-2.356005096E1
1.726011700E2,1.094805050E1,1.405395031E1,-1.902105141E1
1.726036136E2,7.599000454E0,1.439205074E1,-1.513005066E1
1.726060571E2,5.200050354E0,1.506495094E1,-8.239050865E0
1.726085007E2,2.416950226E0,1.182495022E1,-1.048950076E0
1.726109441E2,2.652000189E0,9.727950096E0,1.531050086E0
1.726133878E2,9.046950340E0,1.003905010E1,-1.465950012E0
1.726158312E2,1.121205044E1,1.041300011E1,-5.233950138E0
1.726182748E2,9.813000679E0,9.982050896E0,-6.975000381E0
1.726207185E2,5.662050247E0,1.418100071E1,-6.108000278E0
1.726231620E2,6.118950367E0,1.580895042E1,-5.043000221E0
1.726256056E2,5.182950020E0,1.748295021E1,-8.098050117E0
1.726280491E2,8.370000124E-1,1.626195145E1,-7.657050133E0
1.726304927E2,-8.805000782E-2,1.363500023E1,-3.835950136E0
1.726329361E2,-4.240500331E-1,1.352805042E1,-4.099500179E-1
1.726353797E2,4.950000346E-1,1.273500061E1,1.950000077E-1
1.726378234E2,2.425050020E0,9.763950348E0,-2.779950142E0
1.726402668E2,2.914950132E0,1.110705090E1,-2.521950006E0
1.726427105E2,2.962950230E0,1.269000053E1,-2.970000207E-1
1.726451539E2,4.669950008E0,1.514100075E1,7.005000114E-2
1.726475976E2,6.679050446E0,1.552005100E1,-4.357950211E0
1.726500410E2,7.275000572E0,1.559895039E1,-8.488050461E0
1.726524847E2,4.242000103E0,1.416900063E1,-1.177095032E1
1.726549281E2,1.141050100E0,1.002195072E1,-7.047000408E0
1.726573717E2,3.057000160E0,7.822050571E0,-5.007000446E0
1.726598152E2,6.772950172E0,8.638050079E0,-5.337000370E0
1.726622588E2,9.552000046E0,9.081000328E0,-4.576050282E0
1.726647023E2,9.112050056E0,7.195050240E0,-5.481000423E0
1.726671459E2,1.019595051E1,8.017950058E0,-3.973050117E0
1.726695894E2,9.993000031E0,1.061595058E1,-6.841050148E0
1.726720331E2,5.257050037E0,1.089900017E1,-7.746000290E0
1.726744767E2,1.669950128E0,9.394950867E0,-1.771950126E0
1.726769202E2,4.300500154E-1,7.195050240E0,4.519050121E0
1.726793638E2,-5.940000415E-1,9.526950836E0,5.164950371E0
1.726818072E2,3.370500207E-1,7.732950211E0,3.736050129E0
1.726842508E2,4.977000237E0,6.037950516E0,9.799500704E-1
1.726866943E2,4.225049973E0,6.364050388E0,-5.469000340E0
1.726891379E2,4.263000011E0,9.010050774E0,-6.238050461E0
1.726915816E2,4.855050087E0,1.067805004E1,-9.319050789E0
1.726940251E2,3.217050076E0,1.182495022E1,-9.736050606E0
1.726964687E2,1.821000099E0,9.328050613E0,-7.843950272E0
1.726989121E2,-1.695000008E-2,6.972000122E0,-3.822000265E0
1.727013558E2,1.273050070E0,5.737050056E0,-8.410500288E-1
1.727037992E2,7.546050549E0,4.128000259E0,-2.707950115E0
1.727062428E2,1.009800053E1,2.527950048E0,-7.660050392E0
1.727086865E2,6.214950085E0,4.104000092E0,-6.733050346E0
1.727111299E2,5.676000118E0,5.313000202E0,-3.159000158E0
1.727135736E2,8.281050682E0,5.470950127E0,-4.222050190E0
1.727160171E2,5.659050465E0,6.040950298E0,-4.549950123E0
1.727184607E2,7.960500121E-1,6.112950325E0,-2.341950178E0
1.727209041E2,-1.648950100E0,6.055050373E0,1.200000048E0
1.727233478E2,9.040500522E-1,5.320050240E0,3.118050098E0
1.727257912E2,5.470050335E0,4.687950134E0,1.471050024E0
1.727282348E2,5.484000206E0,2.619000196E0,-9.730500579E-1
1.727306783E2,1.812000036E0,3.127050161E0,-1.159050107E0
1.727331219E2,1.828050137E0,6.000000477E0,4.849500358E-1
1.727355654E2,3.898950100E0,7.125000477E0,-2.875950098E0
1.727380090E2,4.714050293E0,8.204999924E0,-5.806950092E0
1.727404525E2,4.620000362E0,7.876950264E0,-8.625000000E0
1.727428961E2,3.679500222E-1,6.589050293E0,-7.485000134E0
1.727453398E2,-5.100000501E-1,5.368050098E0,-3.532050133E0
1.727477832E2,5.712000370E0,2.824950218E0,-6.072000504E0
1.727502268E2,9.676950455E0,1.906050086E0,-1.042800045E1
1.727526703E2,5.046000004E0,3.852000237E0,-9.388050079E0
1.727551139E2,3.816000223E0,4.353000164E0,-4.000950336E0
1.727575574E2,7.903050423E0,4.137000084E0,-2.590950012E0
1.727600010E2,7.261050224E0,4.647000313E0,-2.850000143E0
1.727624444E2,1.606050134E0,4.422000408E0,-6.469500065E-1
1.727648881E2,-2.242950201E0,4.807950020E0,2.869050026E0
1.727673317E2,-1.491000056E0,5.131050110E0,3.919950247E0
1.727697752E2,4.126950264E0,4.300050259E0,1.357950091E0
1.727722188E2,4.918950081E0,4.032000065E0,-3.649050236E0
1.727746623E2,8.850000501E-1,4.884000301E0,-3.646950245E0
1.727771059E2,-4.240500331E-1,6.417000294E0,3.169500232E-1
1.727795496E2,2.725950241E0,7.662000179E0,-2.617050171E0
1.727819930E2,5.736000061E0,9.570000648E0,-5.076000214E0
1.727844367E2,6.246000290E0,8.377950668E0,-8.098050117E0
1.727868801E2,1.054949999E0,6.079050064E0,-8.044950485E0
1.727893235E2,8.805000782E-2,5.527950287E0,-3.742950201E0
1.727917672E2,7.162950516E0,3.313950062E0,-7.405950546E0
1.727942108E2,1.040700054E1,2.337000132E0,-1.289595032E1
1.727966543E2,4.780950069E0,4.386000156E0,-1.172295094E1
1.727990979E2,4.524000168E0,6.472050190E0,-5.530950069E0
1.728015414E2,8.937000275E0,5.100000381E0,-3.819000244E0
1.728039850E2,7.498050213E0,5.653050423E0,-4.618950367E0
1.728064284E2,1.732950091E0,5.626050472E0,-1.111050010E0
1.728088720E2,-1.353000045E0,5.254950047E0,1.372950077E0
1.728113155E2,1.615050077E0,4.468050003E0,6.790500283E-1
1.728137591E2,7.228050232E0,3.847950220E0,-8.410500288E-1
1.728162028E2,6.211950302E0,3.109950066E0,-3.652050257E0
1.728186463E2,8.040000200E-1,4.783950329E0,-2.797050238E0
1.728210899E2,1.156050086E0,5.575950146E0,-2.617050171E0
1.728235334E2,4.570050240E0,8.008950233E0,-4.118999958E0
1.728259770E2,4.060050011E0,9.304050446E0,-5.578950405E0
1.728284204E2,3.708000183E0,8.179050446E0,-3.958050251E0
1.728308640E2,1.720950127E0,5.547000408E0,-3.598950148E0
1.728333075E2,7.750500441E-1,4.957950115E0,-2.308950186E0
1.728357512E2,7.599000454E0,4.116000175E0,-4.947000027E0
1.728381948E2,1.215705013E1,2.746050119E0,-9.715950012E0
1.728406383E2,8.122950554E0,3.160050154E0,-1.063605022E1
1.728430819E2,6.481050491E0,7.918050289E0,-7.054050446E0
1.728455254E2,9.981000900E0,7.702050209E0,-5.479050159E0
1.728479690E2,7.321050167E0,7.659000397E0,-8.388000488E0
1.728504124E2,9.349500537E-1,6.598950386E0,-5.962050438E0
1.728528560E2,-1.812000036E0,5.818050385E0,1.962000132E0
1.728552997E2,-8.950500488E-1,6.601050377E0,4.147950172E0
1.728577432E2,3.463950157E0,5.157000065E0,3.075000048E0
1.728601868E2,6.190950394E0,4.474950314E0,3.900000080E-2
1.728626303E2,3.169050217E0,3.871050119E0,-4.360500276E-1
1.728650739E2,2.599050045E0,7.579950333E0,1.108950019E0
1.728675173E2,4.572000027E0,1.088400078E1,-2.088000059E0
1.728699610E2,6.507000446E0,1.200495052E1,-5.359050274E0
1.728724044E2,5.676000118E0,1.100895023E1,-8.878050804E0
1.728748480E2,1.069050074E0,9.175050735E0,-5.064000130E0
1.728772917E2,1.713000059E0,7.390950203E0,-2.470500171E-1
1.728797351E2,5.554050446E0,8.770050049E0,-4.387050152E0
1.728821788E2,1.022295094E1,4.900950432E0,-1.103100014E1
1.728846222E2,8.475000381E0,3.457050085E0,-1.227795029E1
1.728870659E2,8.587050438E0,7.437000275E0,-9.466950417E0
1.728895094E2,1.153200054E1,7.156050205E0,-9.337950706E0
1.728919530E2,8.347949982E0,6.895050526E0,-9.700050354E0
1.728943965E2,1.335000038E0,6.388050079E0,-4.123050213E0
1.728968401E2,1.800000109E-2,6.232050419E0,2.979000092E0
1.728992835E2,-1.254000068E0,8.539950371E0,7.677000523E0
1.729017272E2,1.524000049E0,5.353950024E0,3.292950153E0
1.729041709E2,4.761000156E0,4.501049995E0,2.923950195E0
1.729066142E2,3.543000221E0,5.059050083E0,1.660050035E0
1.729090579E2,4.048050404E0,7.159050465E0,1.195950031E0
1.729115014E2,5.020050049E0,1.020900059E1,-1.851000071E0
1.729139450E2,6.768000126E0,1.163895035E1,-6.946050167E0
1.729163885E2,3.763050079E0,1.041300011E1,-8.293950081E0
1.729188321E2,-3.540000021E-1,8.241000175E0,-3.409950256E0
1.729212756E2,1.210950017E0,6.223050117E0,1.722000122E0
1.729237192E2,4.918950081E0,8.428050041E0,-6.027000427E0
1.729261627E2,9.636000633E0,3.487950087E0,-1.293405056E1
1.729286063E2,7.632000446E0,3.814050198E0,-1.414800072E1
1.729310500E2,9.232050896E0,7.291050434E0,-1.384395027E1
1.729334934E2,1.282800102E1,7.378950119E0,-1.288395023E1
1.729359370E2,5.857950211E0,7.504050255E0,-1.087500095E1
1.729383805E2,-7.780500650E-1,8.171999931E0,-1.966050148E0
1.729408241E2,-2.583000183E0,7.540050507E0,6.295050144E0
1.729432676E2,-3.420000076E-1,7.044000149E0,5.350050449E0
1.729457112E2,6.102000237E0,6.301950455E0,3.352950096E0
1.729481549E2,7.077000141E0,5.080950260E0,-7.140000463E-1
1.729505983E2,4.162950039E0,6.358950138E0,1.469999999E-1
1.729530419E2,4.443000317E0,9.493050575E0,2.569500208E-1
1.729554853E2,5.314950466E0,1.157895088E1,-3.726000071E0
1.729579290E2,6.282000065E0,1.312500095E1,-7.606950283E0
1.729603725E2,2.520000219E0,1.166205025E1,-9.415050507E0
1.729628161E2,-7.129500508E-1,9.040950775E0,-2.412000179E0
1.729652596E2,1.455000043E0,9.204000473E0,-1.392000079E0
1.729677032E2,6.586050510E0,7.687950134E0,-8.397000313E0
1.729701467E2,9.703050613E0,3.378000259E0,-1.574100113E1
1.729725903E2,9.531000137E0,5.518950462E0,-1.526595116E1
1.729750340E2,1.136505032E1,8.049000740E0,-1.085400009E1
1.729774773E2,1.090305042E1,7.899000168E0,-1.138800049E1
1.729799210E2,3.799050093E0,8.657999992E0,-7.369950294E0
1.729823644E2,-2.077950001E0,8.659950256E0,7.890000343E-1
1.729848081E2,-1.863000035E0,7.654050350E0,6.928050518E0
1.729872516E2,2.745000124E0,7.602000237E0,4.890000343E0
1.729896952E2,8.379000664E0,6.121950150E0,-7.200000435E-2
1.729921387E2,5.458050251E0,6.201000214E0,4.939500093E-1
1.729945823E2,4.195950031E0,7.602000237E0,3.136950254E0
1.729970257E2,3.828000069E0,1.051605034E1,1.207950115E0
1.729994694E2,6.130950451E0,1.340295029E1,-3.703950167E0
1.730019128E2,5.146950245E0,1.255800056E1,-9.289950371E0
1.730043564E2,2.100000083E-1,1.051800060E1,-7.032000542E0
1.730068001E2,3.199500144E-1,7.531950474E0,-8.310000300E-1
1.730092436E2,3.142950058E0,1.173405075E1,-4.530000210E0
1.730116872E2,7.884000301E0,7.458000183E0,-1.122495079E1
1.730141307E2,1.066095066E1,6.262950420E0,-1.380105019E1
1.730165743E2,1.089105034E1,9.565050125E0,-1.234095097E1
1.730190178E2,1.131900024E1,1.098495007E1,-1.143600082E1
1.730214614E2,7.966950417E0,1.041300011E1,-1.146900082E1
1.730239051E2,5.209500194E-1,1.018500042E1,-5.184000015E0
1.730263485E2,-2.847000122E0,8.695950508E0,4.369950294E0
1.730287921E2,-7.180500627E-1,7.389000416E0,6.207000256E0
1.730312356E2,6.544950485E0,6.994050503E0,1.390050054E0
1.730336792E2,7.848000526E0,5.491950035E0,-1.699950099E0
1.730361227E2,4.945950031E0,6.169950485E0,8.340000510E-1
1.730385663E2,4.435950279E0,8.599950790E0,2.292000055E0
1.730410098E2,5.461050034E0,1.310895061E1,-8.205000311E-2
1.730434534E2,4.536000252E0,1.282605076E1,-3.907950163E0
1.730458971E2,9.139500260E-1,1.134900093E1,-6.877050400E0
1.730483405E2,-9.930000305E-1,8.538000107E0,-1.767000079E0
1.730507841E2,1.122000098E0,9.876000404E0,-4.066050053E0
1.730532276E2,7.042950153E0,5.368050098E0,-1.087995052E1
1.730556712E2,1.131900024E1,5.823000431E0,-1.451895046E1
1.730581147E2,1.017300034E1,8.023050308E0,-1.315695095E1
1.730605583E2,9.319950104E0,1.027605057E1,-9.568050385E0
1.730630018E2,6.445050240E0,9.298950195E0,-6.811950207E0
1.730654454E2,1.060050011E0,8.835000038E0,-2.485950232E0
1.730678888E2,-1.281000018E0,7.257000446E0,4.369950294E0
1.730703324E2,2.200050116E0,6.133950233E0,4.810950279E0
1.730727759E2,8.737950325E0,3.919050217E0,-2.042999983E0
1.730752195E2,7.744950294E0,2.998050213E0,-5.491050243E0
1.730776630E2,3.736950159E0,4.570950031E0,-1.257000089E0
1.730801066E2,3.054000139E0,8.171999931E0,2.638950109E0
1.730825503E2,3.697950125E0,1.321605110E1,2.332950115E0
1.730849937E2,4.361999989E0,1.525605106E1,1.105050087E0
1.730874374E2,1.989000082E0,1.239495087E1,-5.293950081E0
1.730898808E2,-4.995000362E-2,1.069005013E1,-4.030050278E0
1.730923244E2,-1.410000026E-1,1.148805046E1,-4.669050217E0
1.730947679E2,2.737950087E0,8.491950035E0,-6.634950161E0
1.730972115E2,7.741950512E0,4.633050442E0,-1.437105083E1
1.730996552E2,6.418050289E0,6.955050468E0,-1.296105099E1
1.731020986E2,8.041950226E0,7.015050411E0,-1.255395031E1
1.731045422E2,8.908050537E0,7.306950569E0,-1.429695034E1
1.731069857E2,4.069050312E0,6.349950314E0,-9.763950348E0
1.731094293E2,-2.560500205E-1,6.844950199E0,4.290000200E-1
1.731118728E2,9.229500294E-1,5.787000179E0,6.882000446E0
1.731143164E2,2.551050186E0,6.073950291E0,4.489950180E0
1.731167598E2,6.100050449E0,4.161000252E0,2.125050068E0
1.731192034E2,5.962950230E0,3.613050222E0,1.521000028E0
1.731216471E2,5.913000107E0,6.724950314E0,2.107950211E0
1.731240906E2,6.172050476E0,1.038600063E1,1.026000023E0
1.731265342E2,6.616950512E0,1.188795090E1,-1.758000135E0
1.731289777E2,3.724950075E0,9.946050644E0,-6.193950176E0
1.731314213E2,-3.109500110E-1,8.416049957E0,-1.285950065E0
1.731338648E2,1.335000038E0,8.251049995E0,3.600000143E-1
1.731363084E2,2.793000221E0,1.129605007E1,-5.941050053E0
1.731387518E2,5.130000114E0,4.816950321E0,-1.048500061E1
1.731411954E2,5.560950279E0,5.931000233E0,-1.250100040E1
1.731436389E2,8.968050003E0,7.377000332E0,-1.383195019E1
1.731460825E2,8.944050789E0,7.195050240E0,-1.489500046E1
1.731485262E2,3.061050177E0,7.645050526E0,-1.185495090E1
1.731509696E2,1.234950066E0,7.084950447E0,-1.096950054E0
1.731534133E2,3.054000139E0,6.223050117E0,2.853000164E0
1.731558568E2,6.535950184E0,6.345000267E0,-1.005000062E-2
1.731583004E2,6.504000187E0,3.357000113E0,-2.244000196E0
1.731607438E2,3.214950085E0,3.364050150E0,1.926000118E0
1.731631874E2,2.616000175E0,8.755949974E0,5.725950241E0
1.731656309E2,2.986950159E0,9.658050537E0,4.368000031E0
1.731680745E2,3.973950148E0,1.059900093E1,1.777050138E0
1.731705180E2,1.885950089E0,8.995050430E0,-3.244950056E0
1.731729616E2,2.650500238E-1,7.642050266E0,-8.359500170E-1
1.731754053E2,2.146950006E0,8.976000786E0,-4.108950138E0
1.731778487E2,5.254950047E0,8.743950844E0,-9.930000305E0
1.731802924E2,6.861000538E0,5.599950314E0,-1.287495041E1
1.731827358E2,5.179950237E0,6.337950230E0,-1.143105030E1
1.731851794E2,8.311950684E0,8.171999931E0,-9.688050270E0
1.731876229E2,5.796000481E0,5.629050255E0,-1.175595093E1
1.731900665E2,1.594050050E0,6.274950504E0,-6.934050560E0
1.731925100E2,2.413050175E0,3.349950075E0,-1.972950101E0
1.731949536E2,7.315950394E0,4.089000225E0,-1.327050090E0
1.731973970E2,8.643000603E0,3.493050098E0,-3.529950142E0
1.731998407E2,5.202000141E0,1.585050106E0,1.759500057E-1
1.732022843E2,2.925000191E0,2.049000025E0,4.147950172E0
1.732047278E2,4.522050381E0,8.251049995E0,5.103000164E0
1.732071714E2,5.281050205E0,1.461900043E1,3.250050068E0
1.732096149E2,2.992050171E0,7.609050274E0,-1.249950051E0
1.732120585E2,5.895000324E-2,8.209950447E0,-4.284000397E0
1.732145020E2,1.549500078E-1,7.317000389E0,-1.971000075E0
1.732169456E2,2.209050179E0,8.907000542E0,-2.407050133E0
1.732193893E2,5.359950066E0,6.976950169E0,-6.010050297E0
1.732218327E2,6.415950298E0,4.213950157E0,-6.532050133E0
1.732242763E2,7.833000183E0,7.506000519E0,-7.774950504E0
1.732267198E2,7.678050518E0,9.274950027E0,-1.213005066E1
1.732291634E2,1.600950122E0,8.265000343E0,-1.117200089E1
1.732316069E2,-3.450000286E-1,8.871000290E0,-5.995950222E0
1.732340505E2,2.688000202E0,7.249950409E0,-1.537950039E0
1.732364940E2,8.149050713E0,5.650050163E0,-4.240950108E0
1.732389376E2,9.090000153E0,2.727000237E0,-7.270050526E0
1.732413813E2,3.840000153E0,2.346000195E0,-1.899000049E0
1.732438246E2,2.676000118E0,4.755000114E0,5.388000488E0
1.732462683E2,3.550050259E0,1.008000088E1,3.087000132E0
1.732487117E2,2.671050072E0,8.832000732E0,2.493000031E0
1.732511554E2,1.311000109E0,7.579950333E0,8.269500136E-1
1.732535989E2,-1.905000024E-2,9.177000046E0,-6.400500536E-1
1.732560425E2,3.568950176E0,9.508050919E0,-2.067000151E0
1.732584860E2,6.190950394E0,8.083050728E0,-8.922000885E0
1.732609296E2,9.070950508E0,6.397050381E0,-1.131795025E1
1.732633730E2,5.880000114E0,7.360050201E0,-1.028205013E1
1.732658167E2,6.808950424E0,1.114800072E1,-7.549950123E0
1.732682601E2,4.326000214E0,1.021905041E1,-8.674950600E0
1.732707038E2,-1.840500087E-1,8.763000488E0,-5.175000191E0
1.732731472E2,8.200500607E-1,7.192050457E0,7.120500207E-1
1.732755908E2,6.162000179E0,6.057000160E0,-3.814950228E0
1.732780345E2,1.033800030E1,3.778050184E0,-8.822999954E0
1.732804780E2,6.856050491E0,9.619500637E-1,-7.416000366E0
1.732829216E2,3.042000055E0,2.715000153E0,8.530500531E-1
1.732853651E2,4.768950462E0,6.385050297E0,3.882000208E0
1.732878087E2,4.905000210E0,1.260795021E1,6.109500527E-1
1.732902521E2,2.494050026E0,9.535950661E0,-9.600000083E-2
1.732926958E2,8.560500145E-1,8.109000206E0,1.785000086E0
1.732951392E2,-5.149500370E-1,9.844950676E0,2.670000196E-1
1.732975829E2,5.815050125E0,8.710050583E0,-8.545949936E0
1.733000265E2,9.105000496E0,4.708950043E0,-1.417200089E1
1.733024700E2,7.773000240E0,6.895050526E0,-1.279605103E1
1.733049136E2,7.989000320E0,8.348999977E0,-8.397000313E0
1.733073571E2,5.749950409E0,1.036200047E1,-7.396050453E0
1.733098007E2,-5.389500260E-1,8.677050591E0,-6.798000336E0
1.733122442E2,-1.810050130E0,7.125000477E0,-6.400500536E-1
1.733146878E2,2.905950069E0,7.003050327E0,-4.480500221E-1
1.733171315E2,1.056000042E1,5.085000038E0,-7.923000336E0
1.733195749E2,8.128050804E0,1.165950060E0,-7.329000473E0
1.733220185E2,3.298950195E0,1.309950113E0,-1.083000064E0
1.733244620E2,4.488000393E0,2.971050024E0,1.950000048E0
1.733269056E2,8.608950615E0,1.078605080E1,-2.337000132E0
1.733293491E2,5.841000080E0,1.429905033E1,1.449000120E0
1.733317927E2,1.725000024E0,7.402950287E0,2.802000046E0
1.733342362E2,2.479500175E-1,9.582000732E0,-5.179499984E-1
1.733366798E2,3.042000055E0,1.498305035E1,3.063000202E0
1.733391232E2,6.187950134E0,9.000000000E0,-6.285000324E0
1.733415669E2,7.000050545E0,5.071050167E0,-1.117500019E1
1.733440103E2,1.021095085E1,6.697050095E0,-1.511595058E1
1.733464539E2,7.522050381E0,9.520050049E0,-1.754100037E1
1.733488974E2,4.500000179E-2,9.400050163E0,-1.131105042E1
1.733513411E2,-1.219050050E0,7.954050541E0,-2.706000090E0
1.733537847E2,1.789950132E0,9.613050461E0,2.809500098E-1
1.733562282E2,5.154000282E0,6.763950348E0,-2.284950018E0
1.733586718E2,5.389050484E0,1.036949992E0,-5.092950344E0
1.733611153E2,2.427000046E0,1.882050037E0,4.920000136E-1
1.733635589E2,5.884050369E0,3.792000294E0,1.741950035E0
1.733660023E2,1.053900051E1,8.562000275E0,-4.590000153E0
1.733684460E2,5.343000412E0,1.039605045E1,4.609500170E-1
1.733708894E2,1.669950128E0,6.748950481E0,4.435050011E0
1.733733330E2,8.280000687E-1,1.106895065E1,-1.800000072E-1
1.733757765E2,1.024049997E0,1.586205101E1,1.852050066E0
1.733782202E2,3.876000166E0,1.033605003E1,2.532000065E0
1.733806638E2,4.540950298E0,5.377050400E0,-2.280000210E0
1.733831073E2,1.348605061E1,6.934050560E0,-1.265400028E1
1.733855509E2,1.073805046E1,7.084950447E0,-2.240895081E1
1.733879943E2,4.680000246E-1,9.946050644E0,-1.777605057E1
1.733904380E2,-1.690050125E0,7.599000454E0,-6.010050297E0
1.733928814E2,2.269050121E0,9.139050484E0,-2.898000240E0
1.733953250E2,5.941950321E0,6.964950562E0,-4.504050255E0
1.733977687E2,4.417050362E0,2.302950144E0,-2.380050182E0
1.734002122E2,2.805000067E0,3.325950146E0,1.251000047E0
1.734026558E2,7.441050529E0,5.061000347E0,1.090050101E0
1.734050993E2,1.118505096E1,9.340050697E0,-3.630000114E0
1.734075429E2,4.783050060E0,8.971050262E0,-7.740000486E-1
1.734099863E2,1.432950020E0,7.759950161E0,4.701000214E0
1.734124300E2,1.941000104E0,1.458795071E1,1.690950036E0
1.734148734E2,4.183950424E0,1.447800064E1,-4.909500182E-1
1.734173170E2,3.559050083E0,1.063305092E1,-4.396049976E0
1.734197607E2,9.508950233E0,5.859000206E0,-1.235505104E1
1.734222042E2,9.367950439E0,7.666050434E0,-1.792395020E1
1.734246478E2,2.179949999E0,7.912950516E0,-1.520700073E1
1.734270913E2,-1.525050044E0,8.622000694E0,-5.188950062E0
1.734295349E2,7.099500299E-1,7.747950554E0,-8.050500154E-1
1.734319784E2,4.302000046E0,8.899050713E0,-1.096950054E0
1.734344220E2,6.804000378E0,5.485050201E0,-3.391050100E0
1.734368654E2,3.792000294E0,2.040000200E0,-1.164000034E0
1.734393090E2,3.295950174E0,4.516050339E0,2.491050005E0
1.734417525E2,8.242950439E0,6.979050159E0,-1.078050017E0
1.734441961E2,7.855050564E0,9.667950630E0,-1.960950136E0
1.734466396E2,3.211950064E0,7.365000248E0,2.728050232E0
1.734490832E2,1.491000056E0,8.992950439E0,3.739500046E-1
1.734515269E2,4.563000202E0,1.453305054E1,3.705000132E-2
1.734539703E2,4.195950031E0,1.273305035E1,-5.923950195E0
1.734564139E2,7.905000210E0,9.772950172E0,-1.170900059E1
1.734588574E2,8.647050858E0,7.855950356E0,-1.434900093E1
1.734613010E2,3.397050142E0,8.385000229E0,-1.313295078E1
1.734637445E2,-8.110500574E-1,7.618950367E0,-9.067950249E0
1.734661881E2,3.270000219E-1,7.144050121E0,-2.059950113E0
1.734686316E2,5.014950275E0,7.417050362E0,-1.240950108E0
1.734710752E2,5.872050285E0,5.422950268E0,-5.208000183E0
1.734735186E2,3.514050245E0,1.435950041E0,-2.395050049E0
1.734759623E2,1.948050141E0,2.986050129E0,1.891950130E0
1.734784059E2,6.748950481E0,4.099050045E0,-1.260000110E0
1.734808494E2,1.045695019E1,6.607950211E0,-4.108950138E0
1.734832930E2,3.117000103E0,4.879050255E0,-1.432050109E0
1.734857365E2,9.040500522E-1,6.292050362E0,2.938950062E0
1.734881801E2,3.883050203E0,1.268205070E1,1.405950069E0
1.734906236E2,3.970950127E0,1.195005035E1,-9.289500713E-1
1.734930672E2,5.793000221E0,1.032900047E1,-3.333000183E0
1.734955106E2,9.940050125E0,9.735000610E0,-9.475050926E0
1.734979543E2,9.037950516E0,8.064000130E0,-1.345905018E1
1.735003979E2,-3.690000176E-1,7.336050510E0,-1.422000027E1
1.735028414E2,-2.013000011E0,5.308050156E0,-4.392000198E0
1.735052850E2,2.640000105E0,6.538950443E0,-1.020000100E0
1.735077285E2,2.824050188E0,7.402950287E0,-1.758000135E0
1.735101721E2,3.703050137E0,5.629050255E0,-1.497000098E0
1.735126156E2,2.037000179E0,3.036000252E0,3.825000286E0
1.735150592E2,2.632950068E0,4.630050182E0,-3.019500077E-1
1.735175026E2,1.052895069E1,1.035000038E1,-2.791950226E0
1.735199463E2,5.053950310E0,8.659950256E0,-2.917050123E0
1.735223900E2,1.627050042E0,6.772950172E0,5.520000458E-1
1.735248334E2,1.954950094E0,1.117200089E1,5.920500159E-1
1.735272770E2,5.110950470E0,1.383405113E1,-2.281949997E0
1.735297205E2,5.065050125E0,1.101405048E1,-4.624050140E0
1.735321641E2,1.093395042E1,1.096605015E1,-1.020000076E1
1.735346076E2,8.077950478E0,9.823950768E0,-1.287000084E1
1.735370512E2,1.873950124E0,1.097805023E1,-1.070295048E1
1.735394946E2,-4.159500301E-1,8.682000160E0,-3.139050245E0
1.735419383E2,2.670000196E-1,7.932000160E0,-9.900000691E-2
1.735443817E2,2.725950241E0,8.278950691E0,-2.943000078E0
1.735468254E2,1.693950057E0,3.093000174E0,-5.517000198E0
1.735492690E2,2.086950064E0,1.213950038E0,-5.220000148E-1
1.735517125E2,4.480950356E0,3.517050266E0,3.859500289E-1
1.735541559E2,9.466050148E0,6.448050499E0,-3.793050289E0
1.735565996E2,4.747050285E0,6.948000431E0,-1.183050036E0
1.735590432E2,1.396950126E0,5.707950115E0,3.163950205E0
1.735614866E2,4.306950092E0,1.107600021E1,-1.281000018E0
1.735639302E2,4.564949989E0,1.156395054E1,-4.159049988E0
1.735663737E2,4.323000431E0,1.076700020E1,-2.863950253E0
1.735688173E2,1.069905090E1,1.165800095E1,-9.312000275E0
1.735712608E2,8.989950180E0,7.609050274E0,-1.214700031E1
1.735737044E2,1.632000089E0,9.330000877E0,-1.220205021E1
1.735761479E2,-2.028000116E0,8.191050529E0,-6.369000435E0
1.735785915E2,2.937000036E0,5.344050407E0,-2.538000107E0
1.735810352E2,6.471000195E0,4.812000275E0,-6.520050526E0
1.735834786E2,2.992050171E0,2.440050125E0,-4.162050247E0
1.735859223E2,2.106000185E0,3.555000067E0,2.991000175E0
1.735883657E2,5.322000027E0,2.758050203E0,3.568050146E0
1.735908093E2,9.018000603E0,6.607950211E0,-4.114050388E0
1.735932528E2,4.363950253E0,6.871950150E0,-1.533000112E0
1.735956964E2,2.740950108E0,6.775950432E0,2.685000181E0
1.735981399E2,6.475950241E0,1.140405083E1,-4.540050030E0
1.736005836E2,5.038950443E0,1.020900059E1,-7.650000572E0
1.736030272E2,7.009950161E0,1.190895081E1,-8.383049965E0
1.736054706E2,1.162800026E1,1.123905087E1,-1.175205040E1
1.736079142E2,5.676000118E0,8.442000389E0,-1.086795044E1
1.736103577E2,3.495000303E-2,1.075305080E1,-4.222050190E0
1.736128013E2,-4.999500215E-1,9.538950920E0,2.190000117E-1
1.736152448E2,4.085999966E0,7.786050320E0,-3.891000271E0
1.736176884E2,3.652950287E0,5.332050323E0,-8.239050865E0
1.736201321E2,-4.669500291E-1,3.874050140E0,-3.144000053E0
1.736225756E2,2.202000141E0,3.474000216E0,-3.280500174E-1
1.736250192E2,6.427950382E0,3.325950146E0,-6.970500350E-1
1.736274626E2,5.596950054E0,6.816000462E0,-1.738950133E0
1.736299062E2,3.106950045E0,5.775000095E0,1.378050089E0
1.736323497E2,2.053050041E0,9.156000137E0,7.770000100E-1
1.736347933E2,5.539950371E0,1.215600014E1,2.620500028E-1
1.736372368E2,4.000050068E0,1.050600052E1,-1.875000119E0
1.736396804E2,9.925950050E0,1.244100094E1,-3.870000124E0
1.736421239E2,1.128795052E1,8.962050438E0,-1.244805050E1
1.736445675E2,2.757000208E0,9.292050362E0,-1.153605080E1
1.736470112E2,-2.970000207E-1,9.678000450E0,-3.541950226E0
1.736494546E2,3.342000246E0,9.364050865E0,-2.203050137E0
1.736518982E2,4.929000378E0,6.630000114E0,-8.035950661E0
1.736543416E2,6.190500259E-1,3.718050241E0,-5.550000191E0
1.736567853E2,4.969500303E-1,3.655950069E0,-3.570000231E-1
1.736592288E2,6.226950169E0,4.738050461E0,-1.114050031E0
1.736616724E2,7.519950390E0,6.000000477E0,-3.838950157E0
1.736641158E2,2.487000227E0,4.984950066E0,-1.272000074E0
1.736665595E2,3.291000128E0,6.796950340E0,2.722950220E0
1.736690029E2,6.736950397E0,1.033800030E1,-2.979000092E0
1.736714465E2,4.495950222E0,7.731000423E0,-5.329950333E0
1.736738902E2,7.180050373E0,1.060395050E1,-7.162050247E0
1.736763336E2,1.102695084E1,1.031205082E1,-1.262100029E1
1.736787773E2,5.820000172E0,8.140049934E0,-1.234305096E1
1.736812208E2,-3.109500110E-1,1.114305019E1,-3.889050245E0
1.736836644E2,-1.506000042E0,9.771000862E0,2.101050138E0
1.736861079E2,4.801950455E0,6.238950253E0,-3.103050232E0
1.736885515E2,3.921000242E0,4.896000385E0,-7.429950237E0
1.736909949E2,1.402050018E0,3.736950159E0,-1.542000055E0
1.736934385E2,5.022000313E0,3.318000078E0,-6.570000052E-1
1.736958820E2,8.185050011E0,5.362950325E0,-4.789050102E0
1.736983256E2,2.982000113E0,5.598000050E0,-5.680500269E-1
1.737007691E2,1.611000061E0,6.724950314E0,2.067000151E0
1.737032127E2,4.885950089E0,1.095405006E1,1.207950115E0
1.737056564E2,6.471000195E0,9.253950119E0,-5.148000240E0
1.737080999E2,7.804950237E0,8.803950310E0,-7.815000534E0
1.737105435E2,1.314600086E1,1.138995075E1,-1.492395115E1
1.737129869E2,6.154950142E0,8.952000618E0,-1.404795074E1
1.737154305E2,-2.419500053E-1,1.012095070E1,-5.098050117E0
1.737178740E2,4.350000322E-1,8.847000122E0,2.151000023E0
1.737203176E2,4.314000130E0,1.008000088E1,-8.895000070E-2
1.737227611E2,3.670050144E0,6.180000305E0,-6.091950417E0
1.737252048E2,9.040500522E-1,3.997950077E0,-3.285000086E0
1.737276484E2,4.450050354E0,5.358000278E0,-2.019000053E0
1.737300919E2,7.290000439E0,5.464050293E0,-4.210050106E0
1.737325355E2,1.527000070E0,6.541050434E0,-2.200950146E0
1.737349789E2,1.162950039E0,7.329000473E0,1.734000087E0
1.737374226E2,1.789950132E0,1.167000103E1,3.063000202E0
1.737398660E2,4.977000237E0,1.008000088E1,-2.584050179E0
1.737423096E2,8.365050316E0,8.794050217E0,-6.166050434E0
1.737447531E2,1.385700035E1,1.115700054E1,-1.373400021E1
1.737471968E2,7.419000149E0,9.405000687E0,-1.374795055E1
1.737496404E2,-5.205000192E-2,1.111395073E1,-6.067950249E0
1.737520839E2,1.096050024E0,9.694050789E0,5.680500269E-1
1.737545275E2,5.595000267E0,9.670050621E0,-2.320950031E0
1.737569709E2,3.480000257E0,6.354000092E0,-6.412050247E0
1.737594146E2,7.579500079E-1,3.807000160E0,-3.289950132E0
1.737618580E2,4.833000183E0,5.818050385E0,-2.272950172E0
1.737643016E2,7.210950375E0,4.573050022E0,-4.972950459E0
1.737667451E2,1.242000103E0,4.314000130E0,-2.716050148E0
1.737691887E2,4.159500301E-1,8.004000664E0,2.592000008E0
1.737716322E2,2.536950111E0,9.310950279E0,1.596000075E0
1.737740758E2,6.318000317E0,7.458000183E0,-2.910000086E0
1.737765192E2,7.261050224E0,7.846050262E0,-5.749050140E0
1.737789629E2,1.266300106E1,9.795000076E0,-1.050705051E1
1.737814066E2,5.595000267E0,8.422950745E0,-1.311405087E1
1.737838500E2,-1.173000097E0,1.016100025E1,-3.606000185E0
1.737862937E2,6.100500226E-1,7.408050537E0,3.163950205E0
1.737887371E2,6.580950260E0,7.630050182E0,-1.851000071E0
1.737911807E2,4.105050087E0,3.808950186E0,-6.115050316E0
1.737936242E2,2.251950026E0,4.626000404E0,-1.966050148E0
1.737960678E2,6.078000069E0,3.843000174E0,-1.849050045E0
1.737985113E2,8.161050797E0,5.305950165E0,-5.983950138E0
1.738009549E2,9.090000391E-1,5.349000454E0,-4.459500313E-1
1.738033983E2,4.050000105E-3,8.308050156E0,2.077050209E0
1.738058419E2,2.572950125E0,1.085595036E1,2.239950180E0
1.738082856E2,6.579000473E0,8.449049950E0,-6.360000134E0
1.738107291E2,9.169050217E0,8.962050438E0,-8.995950699E0
1.738131727E2,1.245405102E1,9.694050789E0,-1.607100105E1
1.738156162E2,4.210950375E0,9.634950638E0,-1.243200016E1
1.738180598E2,-1.647000074E0,1.110495090E1,-2.296950102E0
1.738205033E2,4.759500325E-1,9.177000046E0,3.376950264E0
1.738229469E2,5.839050293E0,7.678050518E0,-3.187050104E0
1.738253904E2,3.081000090E0,6.274950504E0,-4.915950298E0
1.738278340E2,3.694050074E0,4.482000351E0,-6.250500083E-1
1.738302774E2,8.086950302E0,5.421000481E0,-3.429000139E0
1.738327211E2,4.939050198E0,6.361950397E0,-5.277000427E0
1.738351647E2,8.160000443E-1,7.270950317E0,3.103950262E0
1.738376082E2,-5.070000291E-1,1.144500065E1,1.351050019E0
1.738400518E2,1.420950055E0,1.016595078E1,6.829500198E-1
1.738424953E2,6.472950459E0,1.082895088E1,-3.048000097E0
1.738449389E2,1.114200020E1,1.097805023E1,-9.784050941E0
1.738473824E2,1.107795048E1,9.475950241E0,-1.532895088E1
1.738498260E2,1.263000011E0,1.020195007E1,-1.055700016E1
1.738522694E2,-7.350000143E-1,1.088700008E1,-2.779500186E-1
1.738547131E2,4.869000435E0,9.204000473E0,-7.069500089E-1
1.738571568E2,6.301050186E0,8.004000664E0,-4.578000069E0
1.738596002E2,2.631000042E0,5.854050159E0,-3.147000074E0
1.738620438E2,5.548950195E0,6.028950214E0,-1.723950028E0
1.738644873E2,8.427000046E0,5.617050171E0,-5.560050488E0
1.738669309E2,2.029950142E0,5.806050301E0,-5.605950356E0
1.738693744E2,3.180000186E-1,7.542000294E0,7.480500340E-1
1.738718180E2,3.121050119E0,1.063095093E1,-2.040000111E-1
1.738742614E2,5.374050140E0,7.165950298E0,-5.242050171E0
1.738767051E2,6.102000237E0,8.581050873E0,-6.372000217E0
1.738791488E2,1.168095016E1,8.686050415E0,-1.185705090E1
1.738815921E2,7.753950596E0,7.570950508E0,-1.335600090E1
1.738840358E2,-1.699950099E0,9.579000473E0,-5.388000488E0
1.738864793E2,-1.225950003E0,7.164000511E0,1.870950103E0
1.738889229E2,6.258000374E0,5.320050240E0,-4.080000222E-1
1.738913664E2,5.781000137E0,2.382000208E0,-5.091000080E0
1.738938100E2,2.556000233E0,2.707950115E0,-1.083000064E0
1.738962534E2,8.149050713E0,2.563950062E0,-1.831950068E0
1.738986971E2,8.607000351E0,8.980500698E-1,-8.245950699E0
1.739011405E2,-8.160000443E-1,3.562950134E0,-5.052000046E0
1.739035841E2,-8.640000224E-1,7.573050499E0,1.512000084E0
1.739060276E2,5.869950294E0,5.578950405E0,-1.320000052E0
1.739084712E2,7.492950439E0,4.972950459E0,-5.215050220E0
1.739109147E2,6.550050259E0,8.944950104E0,-4.831950188E0
1.739133584E2,1.104195023E1,7.717050552E0,-9.256950378E0
1.739158017E2,2.382000208E0,6.591000080E0,-1.161000061E1
1.739182454E2,-2.557050228E0,6.675000191E0,-5.799000263E0
1.739206890E2,4.026000023E0,5.647950172E0,-2.140500098E-1
1.739231325E2,6.949950218E0,3.735000134E0,-4.237950325E0
1.739255761E2,2.781000137E0,2.373000145E0,-1.501950026E0
1.739280196E2,4.279950142E0,5.191050053E0,3.501000166E0
1.739304632E2,8.836950302E0,5.527950287E0,-2.476050138E0
1.739329067E2,2.923050165E0,4.810050011E0,-7.042050362E0
1.739353503E2,5.950500369E-1,6.843000412E0,2.632050037E0
1.739377937E2,1.536000013E0,1.155000019E1,2.119500041E-1
1.739402374E2,3.400950193E0,8.457000732E0,-5.400000095E0
1.739426811E2,6.162000179E0,1.017300034E1,-7.570950508E0
1.739451245E2,1.108995056E1,8.871000290E0,-1.155300045E1
1.739475681E2,6.172050476E0,6.951000214E0,-1.193100071E1
1.739500116E2,-6.529500484E-1,9.694050789E0,-5.103000164E0
1.739524552E2,9.900000691E-1,7.927050591E0,5.800500512E-1
1.739548987E2,6.997950554E0,6.517050266E0,-3.937050104E0
1.739573423E2,2.844000101E0,5.206950188E0,-6.171000481E0
1.739597857E2,1.408950090E0,4.518000126E0,1.050000079E-3
1.739622294E2,7.693950176E0,3.876000166E0,-3.132000208E0
1.739646730E2,6.211950302E0,3.301950216E0,-6.445950508E0
1.739671165E2,-6.990000606E-1,4.864950180E0,2.007000208E0
1.739695601E2,-5.820000172E-1,9.177000046E0,4.924050331E0
1.739720036E2,5.535000324E0,6.627000332E0,-1.746000051E0
1.739744472E2,6.727050304E0,7.528050423E0,-5.392050266E0
1.739768907E2,7.924050331E0,9.571950912E0,-7.152000427E0
1.739793343E2,9.639000893E0,7.891050339E0,-1.059495068E1
1.739817777E2,1.789500117E-1,9.871950150E0,-8.524050713E0
1.739842213E2,-2.064000130E0,8.839950562E0,1.483050108E0
1.739866650E2,4.788000107E0,7.872000217E0,2.236950159E0
1.739891085E2,6.253050327E0,5.065950394E0,-5.158050060E0
1.739915521E2,3.531000137E0,5.773050308E0,-2.026050091E0
1.739939956E2,6.013950348E0,6.187050343E0,-9.630000591E-1
1.739964392E2,7.297050476E0,6.208050251E0,-5.293950081E0
1.739988827E2,2.358000040E0,6.559950352E0,-1.755000114E0
1.740013263E2,2.022000074E0,9.397050858E0,2.788050175E0
1.740037697E2,4.912050247E0,1.248405075E1,-1.933050036E0
1.740062133E2,4.809000015E0,1.124595070E1,-6.357000351E0
1.740086568E2,7.704000473E0,1.315905094E1,-9.195000648E0
1.740111005E2,9.411000252E0,1.200495052E1,-1.391400051E1
1.740135441E2,2.233050108E0,1.112100029E1,-8.191050529E0
1.740159876E2,-9.289500713E-1,1.040805054E1,8.820000291E-1
1.740184312E2,1.414050102E0,1.102605057E1,2.812050104E0
1.740208746E2,3.258000135E0,1.086495018E1,-3.745050192E0
1.740233183E2,1.845000029E0,5.494950294E0,-3.511050224E0
1.740257617E2,3.885000229E0,6.763950348E0,-3.649050236E0
1.740282053E2,8.784000397E0,5.787000179E0,-8.443050385E0
1.740306488E2,2.050950050E0,5.899050236E0,-6.745050430E0
1.740330924E2,1.690500081E-1,7.141950130E0,2.484000206E0
1.740355359E2,1.126950026E0,1.003005028E1,3.691050291E0
1.740379795E2,5.013000011E0,6.574950218E0,-2.743950129E0
1.740404229E2,7.821000576E0,7.216050148E0,-5.455050468E0
1.740428666E2,1.270800018E1,8.413050652E0,-9.889050484E0
1.740453100E2,7.596000195E0,6.093000412E0,-1.311195087E1
1.740477537E2,-1.699950099E0,9.766050339E0,-3.979950190E0
1.740501971E2,-3.160500228E-1,7.710000515E0,3.943950176E0
1.740526408E2,7.648950577E0,6.342000484E0,-2.184000015E0
1.740550844E2,5.263950348E0,3.141000032E0,-4.966050148E0
1.740575279E2,3.550050259E0,5.646000385E0,-1.750500053E-1
1.740599715E2,9.286950111E0,5.221950054E0,-3.934050083E0
1.740624150E2,4.957950115E0,4.872000217E0,-5.419050217E0
1.740648586E2,3.420000076E-1,7.240050316E0,3.850950241E0
1.740673020E2,-5.959500074E-1,1.204605103E1,2.770950079E0
1.740697457E2,1.387950063E0,1.041495037E1,-6.160500050E-1
1.740721891E2,6.148050308E0,1.223205090E1,-2.200950146E0
1.740746328E2,1.102005005E1,1.242600060E1,-1.016895008E1
1.740770764E2,9.289050102E0,9.844950676E0,-1.422495079E1
1.740795199E2,1.126950026E0,1.089900017E1,-8.509950638E0
1.740819635E2,6.940500140E-1,1.174095058E1,7.189500332E-1
1.740844069E2,3.921000242E0,1.211700058E1,-1.435050011E0
1.740868505E2,2.532000065E0,8.041950226E0,-3.513000250E0
1.740892940E2,2.377050161E0,7.542000294E0,-7.999500632E-1
1.740917376E2,8.049000740E0,8.401050568E0,-5.641050339E0
1.740941811E2,5.781000137E0,6.835950375E0,-8.230050087E0
1.740966247E2,9.160500169E-1,7.858050346E0,-3.558000088E0
1.740990684E2,3.114000082E0,1.024995041E1,-8.820000291E-1
1.741015119E2,3.502050161E0,1.214100075E1,-1.645050049E0
1.741039555E2,3.379950047E0,1.028295040E1,-1.416000009E0
1.741063989E2,1.086195087E1,1.116405010E1,-5.740050316E0
1.741088425E2,9.523950577E0,8.445000648E0,-1.329795074E1
1.741112860E2,1.864050031E0,9.256050110E0,-8.493000031E0
1.741137296E2,-9.310500622E-1,9.900000572E0,-7.200000435E-2
1.741161731E2,4.507950306E0,6.603000164E0,-2.797050238E0
1.741186167E2,3.511950254E0,3.799950123E0,-5.662950039E0
1.741210602E2,4.098000050E0,3.417000055E0,4.369500279E-1
1.741235039E2,1.123095036E1,4.456050396E0,-2.914050102E0
1.741259475E2,8.032050133E0,2.799000025E0,-8.476050377E0
1.741283909E2,4.759500325E-1,6.237000465E0,1.729950070E0
1.741308346E2,1.515000105E0,8.308050156E0,4.495050430E0
1.741332780E2,7.033950329E0,7.903050423E0,-3.193950176E0
1.741357216E2,6.958950520E0,9.256050110E0,-7.411050320E0
1.741381651E2,8.592000008E0,1.025505066E1,-1.109805012E1
1.741406087E2,9.114000320E0,7.543950558E0,-1.446900082E1
1.741430522E2,-7.300500274E-1,8.855999947E0,-9.742950439E0
1.741454959E2,-1.338000059E0,8.952000618E0,2.733000040E0
1.741479393E2,6.955050468E0,6.697050095E0,8.029500246E-1
1.741503830E2,5.346000195E0,3.442950249E0,-4.011000156E0
1.741528266E2,3.226950169E0,5.904000282E0,8.599500656E-1
1.741552700E2,1.042395020E1,5.607000351E0,-3.442950249E0
1.741577136E2,4.812000275E0,4.258950233E0,-9.871950150E0
1.741601571E2,-1.108050108E0,4.860000134E0,-7.669500113E-1
1.741626007E2,-1.270500124E-1,1.010400009E1,3.232950211E0
1.741650442E2,3.154950142E0,7.396050453E0,-4.960500300E-1
1.741674878E2,6.223950386E0,8.263050079E0,-3.834000111E0
1.741699312E2,1.108005047E1,9.271050453E0,-7.039950371E0
1.741723748E2,8.086950302E0,7.321950436E0,-1.205805016E1
1.741748185E2,-2.179500163E-1,9.277950287E0,-5.764050484E0
1.741772619E2,-9.259500504E-1,1.051095009E1,3.300000191E0
1.741797056E2,5.046000004E0,8.308050156E0,-1.198050022E0
1.741821490E2,3.114000082E0,6.649050236E0,-4.461000443E0
1.741845927E2,2.484000206E0,8.035050392E0,1.800000109E-2
1.741870361E2,6.757950306E0,6.586950302E0,-3.034050226E0
1.741894798E2,5.062950134E0,6.019050121E0,-7.960950375E0
1.741919232E2,6.049500108E-1,7.513050556E0,-5.100000501E-1
1.741943669E2,1.869000077E0,9.472050667E0,2.581950188E0
1.741968103E2,3.787050247E0,1.004595089E1,-3.027000189E0
1.741992539E2,5.259000301E0,1.105695057E1,-4.423050404E0
1.742016974E2,1.156800079E1,1.076700020E1,-1.009005070E1
1.742041410E2,6.484950542E0,9.532050133E0,-1.285095024E1
1.742065845E2,1.950000064E-3,9.709050179E0,-4.456050396E0
1.742090281E2,1.020000055E-1,1.087995052E1,1.336950064E0
1.742114715E2,3.901950121E0,8.257950783E0,-2.869050026E0
1.742139152E2,2.563050032E0,6.346950531E0,-4.107000351E0
1.742163588E2,3.157050133E0,6.370950222E0,1.263000011E0
1.742188023E2,1.023495007E1,6.450000286E0,-3.160950184E0
1.742212459E2,4.783050060E0,4.468050003E0,-7.234050274E0
1.742236894E2,-3.660000265E-1,8.365950584E0,2.782950163E0
1.742261330E2,1.090950012E0,8.811000824E0,3.762000084E0
1.742285765E2,3.106950045E0,8.386950493E0,-3.019500077E-1
1.742310201E2,6.787050247E0,1.026900005E1,-3.360000134E0
1.742334635E2,1.226295090E1,9.268050194E0,-1.193805027E1
1.742359072E2,3.964050293E0,7.626000404E0,-1.406505108E1
1.742383508E2,-1.840950131E0,9.997950554E0,-3.930000305E0
1.742407943E2,-5.670000315E-1,8.602950096E0,2.686950207E0
1.742432379E2,5.863050461E0,5.574000359E0,-4.180950165E0
1.742456814E2,3.504000187E0,5.611950397E0,-3.412050247E0
1.742481250E2,4.290000439E0,6.148050308E0,7.240500450E-1
1.742505685E2,8.781000137E0,4.123050213E0,-6.427050114E0
1.742530121E2,9.229500294E-1,3.256050110E0,-6.220950127E0
1.742554555E2,-1.177950025E0,7.555950165E0,2.188950062E0
1.742578991E2,2.908050060E0,6.955050468E0,7.980000377E-1
1.742603428E2,4.399950027E0,7.164000511E0,-2.275050163E0
1.742627863E2,7.723050594E0,9.136950493E0,-4.249950409E0
1.742652299E2,1.057005024E1,8.092950821E0,-1.052805042E1
1.742676734E2,1.729950070E0,7.707000256E0,-1.206105042E1
1.742701170E2,-3.036000252E0,8.418000221E0,-2.042999983E0
1.742725605E2,3.229050159E0,6.510000229E0,3.270000219E-1
1.742750041E2,5.914950371E0,3.261000156E0,-7.087950230E0
1.742774476E2,9.469500184E-1,5.149950027E0,-1.669050097E0
1.742798912E2,7.897950172E0,4.353000164E0,1.555050015E0
1.742823346E2,1.016100025E1,2.965950251E0,-7.827000141E0
1.742847783E2,-9.300000221E-2,4.282950401E0,-7.353000164E0
1.742872219E2,8.295000345E-2,6.649050236E0,-7.950000465E-3
1.742896654E2,6.025950432E0,5.008950233E0,-2.886000156E0
1.742921090E2,5.479950428E0,7.542000294E0,-4.593000412E0
1.742945525E2,7.756950378E0,8.629050255E0,-2.710950136E0
1.742969961E2,8.932050705E0,5.989950180E0,-9.027000427E0
1.742994396E2,-7.489500642E-1,7.068000317E0,-9.867000580E0
1.743018832E2,-1.876950145E0,6.505050182E0,-1.645050049E0
1.743043266E2,5.583000183E0,4.590000153E0,-7.399500608E-1
1.743067703E2,4.201050282E0,2.020950079E0,-3.072000027E0
1.743092137E2,2.365050077E0,5.773050308E0,4.828050137E0
1.743116574E2,7.516950130E0,5.952000141E0,8.290500641E-1
1.743141008E2,6.427950382E0,5.005950451E0,-5.388000488E0
1.743165445E2,1.576950073E0,5.749050140E0,2.670000196E-1
1.743189881E2,2.470050097E0,1.129905033E1,1.501950026E0
1.743214315E2,3.040050030E0,1.063995075E1,-2.680050135E0
1.743238751E2,3.988050222E0,1.078095055E1,-3.181950092E0
1.743263186E2,1.062000084E1,1.228500080E1,-1.045200062E1
1.743287622E2,6.154950142E0,7.566000462E0,-1.260195065E1
1.743312057E2,6.769500375E-1,8.590950012E0,-5.139000416E0
1.743336493E2,4.006950378E0,1.090605068E1,-1.602000117E0
1.743360928E2,6.073050499E0,9.177000046E0,-3.391050100E0
1.743385364E2,2.002950191E0,7.309950352E0,-3.297000170E0
1.743409798E2,5.122950077E0,9.831000328E0,-3.910500109E-1
1.743434235E2,9.985950470E0,6.988950253E0,-8.887950897E0
1.743458669E2,2.451000214E0,7.027050495E0,-8.389950752E0
1.743483105E2,3.184050083E0,9.298950195E0,-1.444050074E0
1.743507542E2,4.570050240E0,1.112400055E1,-1.506000042E0
1.743531977E2,3.361050129E0,1.031400013E1,-1.240950108E0
1.743556413E2,9.829950333E0,1.487595081E1,-2.493000031E0
1.743580848E2,1.233495045E1,9.448050499E0,-1.322205067E1
1.743605284E2,2.848050117E0,1.030005074E1,-1.245600033E1
1.743629719E2,-1.459950089E0,1.176795101E1,-1.975950122E0
1.743654155E2,3.616950274E0,8.008950233E0,-6.610500216E-1
1.743678589E2,4.845000267E0,5.052000046E0,-5.979000092E0
1.743703025E2,2.437050104E0,5.269950390E0,2.310000062E-1
1.743727460E2,9.742050171E0,6.405000210E0,-1.830000043E0
1.743751896E2,8.788949966E0,3.903000116E0,-8.608050346E0
1.743776333E2,9.495000541E-2,5.004000187E0,-1.501950026E0
1.743800768E2,3.220050097E0,9.201000214E0,1.794000030E0
1.743825204E2,4.447950363E0,9.144000053E0,-3.810000122E-1
1.743849639E2,4.771050453E0,8.815950394E0,-1.674000025E0
1.743874075E2,9.166950226E0,9.811950684E0,-8.191050529E0
1.743898509E2,7.989000320E0,6.586950302E0,-1.599405098E1
1.743922945E2,-3.570000231E-1,7.446000576E0,-1.052805042E1
1.743947380E2,6.105000153E-2,6.955050468E0,-7.789500356E-1
1.743971816E2,7.192050457E0,4.060950279E0,-2.743950129E0
1.743996251E2,3.175950050E0,2.332050085E0,-3.348000050E0
1.744020687E2,2.890950203E0,5.119050026E0,3.670950174E0
1.744045124E2,1.089795017E1,4.657050133E0,-1.648050070E0
1.744069559E2,4.347000122E0,1.264050007E0,-8.854949951E0
1.744093995E2,-1.515000105E0,5.832000256E0,-1.549950123E0
1.744118429E2,1.488000035E0,6.226950169E0,-1.882050037E0
1.744142866E2,3.909000158E0,4.800000191E0,-4.096950054E0
1.744167300E2,6.337050438E0,8.950050354E0,-1.578000069E0
1.744191736E2,1.051500034E1,8.434950829E0,-4.722000122E0
1.744216171E2,3.016050100E0,6.880950451E0,-1.053795052E1
1.744240608E2,-3.108000040E0,9.963000298E0,-4.156949997E0
1.744265044E2,2.494050026E0,7.738050461E0,-2.122050047E0
1.744289479E2,7.350000381E0,4.723950386E0,-8.218050003E0
1.744313915E2,1.204050064E0,6.345000267E0,-2.719950199E0
1.744338349E2,5.416950226E0,7.426950455E0,3.778950214E0
1.744362785E2,9.001950264E0,6.784950256E0,-4.803000450E0
1.744387220E2,3.430050135E0,5.647950172E0,-2.541000128E0
1.744411656E2,3.640950203E0,1.014705086E1,1.288950086E0
1.744436091E2,5.259000301E0,1.045800018E1,-3.750000238E0
1.744460527E2,4.582050323E0,1.151595020E1,-4.396049976E0
1.744484964E2,9.909000397E0,1.342200089E1,-6.783000469E0
1.744509399E2,9.010950089E0,1.068600082E1,-1.346400070E1
1.744533835E2,1.249050021E0,9.601050377E0,-7.927950382E0
1.744558269E2,1.752000093E0,1.146105099E1,-9.850500226E-1
1.744582703E2,6.985950470E0,1.128405094E1,-4.417950153E0
1.744607140E2,2.863050222E0,8.008950233E0,-4.843950272E0
1.744631576E2,2.665950060E0,1.039095020E1,9.405000508E-2
1.744656011E2,8.403000832E0,1.061100006E1,-3.877050161E0
1.744680447E2,3.624000072E0,8.667000771E0,-6.870000362E0
1.744704881E2,8.680500388E-1,1.039395046E1,-1.291050076E0
1.744729317E2,3.406050205E0,1.084605026E1,-3.930000067E-1
1.744753752E2,2.106000185E0,9.196050644E0,-2.979000092E0
1.744778188E2,5.785950184E0,1.037700081E1,-3.594000101E0
1.744802625E2,1.239705086E1,7.494000435E0,-1.149300098E1
1.744827059E2,5.902950287E0,5.542950153E0,-1.544100094E1
1.744851496E2,2.340000123E-1,5.653050423E0,-5.059950352E0
1.744875931E2,1.953000069E0,6.177000523E0,6.259500384E-1
1.744900367E2,5.008050442E0,2.791950226E0,-4.411050320E0
1.744924802E2,1.065000057E0,3.145950079E0,-6.760500073E-1
1.744949238E2,4.273050308E0,5.598000050E0,7.749000549E0
1.744973672E2,9.697950363E0,2.599950075E0,-1.030050039E0
1.744998109E2,3.274950266E0,-3.220500052E-1,-4.996950150E0
1.745022545E2,2.431950092E0,3.060000181E0,-1.750950098E0
1.745046979E2,5.365050316E0,5.470950127E0,-4.557000160E0
1.745071416E2,3.835050106E0,5.703000069E0,-4.369950294E0
1.745095850E2,6.412950516E0,9.325950623E0,-8.700000495E-2
1.745120287E2,8.038949966E0,7.039050102E0,-5.260950089E0
1.745144721E2,1.303950071E0,6.520050526E0,-8.907000542E0
1.745169158E2,-8.929500580E-1,1.014195061E1,-1.800000072E-1
1.745193592E2,2.844000101E0,8.512050629E0,4.339500070E-1
1.745218028E2,1.468950033E0,4.567950249E0,-5.250000358E-1
1.745242463E2,1.479000092E0,7.326000214E0,1.524000049E0
1.745266899E2,8.578050613E0,8.500050545E0,-9.270000458E-1
1.745291334E2,5.535000324E0,4.141950130E0,-7.960950375E0
1.745315770E2,3.418050051E0,6.724950314E0,-4.384050369E0
1.745340205E2,4.666050434E0,9.442950249E0,-6.331050396E0
1.745364641E2,2.202000141E0,1.062600040E1,-4.303050041E0
1.745389075E2,2.932050228E0,1.305105019E1,-3.046050072E0
1.745413512E2,6.889950275E0,1.271100044E1,-6.130050182E0
1.745437946E2,3.073050261E0,8.299050331E0,-7.456050396E0
1.745462383E2,-3.109500110E-1,8.164050102E0,-1.528050065E0
1.745486819E2,1.963050127E0,7.401000500E0,4.770000279E-1
1.745511254E2,3.562050104E0,6.168000221E0,-5.464050293E0
1.745535690E2,1.603050113E0,4.602000237E0,-1.753050089E0
1.745560125E2,3.808050156E0,8.404050827E0,2.319000006E0
1.745584561E2,5.856000423E0,7.360050201E0,-2.440050125E0
1.745608995E2,5.910000205E-1,6.211050510E0,-8.670000434E-1
1.745633432E2,1.275000095E0,1.070205021E1,2.853000164E0
1.745657866E2,2.005950212E0,1.038600063E1,4.560000300E-1
1.745682302E2,1.504950047E0,1.128405094E1,-1.935000062E0
1.745706739E2,9.363000870E0,1.438695049E1,-2.857050180E0
1.745731174E2,8.515950203E0,1.065705013E1,-1.250805092E1
1.745755610E2,2.950950146E0,9.553050041E0,-9.307050705E0
1.745780045E2,1.270950079E0,1.207005024E1,-2.910000086E0
1.745804481E2,5.338050365E0,1.139400101E1,-2.947950125E0
1.745828915E2,3.151950121E0,8.902050018E0,-4.459050179E0
1.745853352E2,2.812050104E0,9.844950676E0,9.130500555E-1
1.745877786E2,8.773950577E0,1.014705086E1,-5.280000210E0
1.745902222E2,4.438050270E0,7.599000454E0,-8.899950027E0
1.745926657E2,1.692000031E0,8.152050018E0,-3.532050133E0
1.745951094E2,5.812950134E0,9.457050323E0,-3.376050234E0
1.745975530E2,4.531949997E0,9.610950470E0,-4.437000275E0
1.745999965E2,8.142000198E0,1.214595032E1,-4.696050167E0
1.746024401E2,1.166205025E1,1.056105042E1,-1.242195034E1
1.746048836E2,4.728000164E0,7.759950161E0,-1.480395031E1
1.746073272E2,6.405000389E-2,9.438000679E0,-3.807000160E0
1.746097706E2,6.360000372E-1,9.037950516E0,1.495050073E0
1.746122142E2,3.078000069E0,3.955050230E0,-3.301950216E0
1.746146577E2,2.226000071E0,3.844950199E0,2.248950005E0
1.746171013E2,8.674050331E0,4.876950264E0,4.915950298E0
1.746195448E2,1.323495102E1,2.308050156E0,-6.376050472E0
1.746219885E2,4.543950081E0,1.482000113E0,-7.629000187E0
1.746244319E2,4.381050110E0,6.012000084E0,-6.760050297E0
1.746268755E2,5.662050247E0,6.766050339E0,-7.339050293E0
1.746293192E2,4.066950321E0,7.942050457E0,-3.766950130E0
1.746317626E2,8.845950127E0,9.727950096E0,-1.540050030E0
1.746342062E2,6.615000248E0,7.294950485E0,-7.192950249E0
1.746366497E2,-5.670000315E-1,7.980000496E0,-5.400000095E0
1.746390933E2,1.950000064E-3,8.454000473E0,3.837000132E0
1.746415368E2,2.470050097E0,6.631950378E0,6.259500384E-1
1.746439805E2,2.137050152E0,4.393050194E0,9.900000691E-2
1.746464239E2,2.319000006E0,7.774050236E0,1.452000022E0
1.746488675E2,5.410050392E0,9.782999992E0,-1.939500123E-1
1.746513112E2,1.375950098E0,5.856000423E0,-3.337950230E0
1.746537546E2,1.000050068E0,7.293000221E0,-6.370500326E-1
1.746561982E2,2.640000105E0,1.111905098E1,-2.629050016E0
1.746586417E2,2.282999992E0,1.195695019E1,-3.340950251E0
1.746610853E2,2.689950228E0,1.410195065E1,1.390050054E0
1.746635288E2,4.660950184E0,1.263195038E1,-6.967950344E0
1.746659724E2,1.053000093E0,9.067049980E0,-6.070050240E0
1.746684159E2,1.093050003E0,9.508050919E0,-2.139000177E0
1.746708595E2,4.690050125E0,1.128195095E1,-4.099050045E0
1.746733029E2,2.664000034E0,7.915050507E0,-5.187000275E0
1.746757465E2,1.050000072E0,7.245000362E0,-5.295000225E-2
1.746781900E2,6.861000538E0,9.237000465E0,-3.511050224E0
1.746806336E2,5.191950321E0,6.400050163E0,-8.158050537E0
1.746830771E2,2.383949995E0,6.157950401E0,-3.679950237E0
1.746855207E2,5.017950058E0,7.321950436E0,-3.384000063E0
1.746879644E2,3.985950232E0,7.915050507E0,-4.231050014E0
1.746904078E2,6.427950382E0,1.133400059E1,-2.716050148E0
1.746928515E2,1.000305080E1,9.517050743E0,-9.718950272E0
1.746952949E2,6.064050198E0,6.520050526E0,-1.476795101E1
1.746977385E2,3.010500073E-1,9.388050079E0,-5.437950134E0
1.747001820E2,2.413050175E0,8.679000854E0,-1.501950026E0
1.747026256E2,4.896000385E0,4.510950089E0,-5.799000263E0
1.747050691E2,3.472950220E0,5.485050201E0,-1.288950086E0
1.747075127E2,8.785950661E0,5.341950417E0,3.208950043E0
1.747099562E2,1.016100025E1,3.304050207E0,-4.669050217E0
1.747123999E2,2.631000042E0,4.750050068E0,-5.680050373E0
1.747148435E2,3.121050119E0,5.731950283E0,-4.417950153E0
1.747172869E2,6.820950508E0,4.384050369E0,-7.708050251E0
1.747197305E2,5.781000137E0,7.042050362E0,-5.866050243E0
1.747221740E2,1.081395054E1,8.301000595E0,-4.225950241E0
1.747246176E2,7.692000389E0,6.984000206E0,-6.040950298E0
1.747270611E2,5.140500069E-1,7.984950542E0,-7.186050415E0
1.747295047E2,6.100500226E-1,8.806050301E0,-1.008000016E0
1.747319481E2,3.516000271E0,6.642000198E0,2.199000120E0
1.747343917E2,3.412950277E0,5.884950161E0,2.164950132E0
1.747368352E2,2.772000074E0,9.073950768E0,1.098000050E0
1.747392788E2,2.608950138E0,9.285000801E0,4.519050121E0
1.747417223E2,1.383000016E0,6.880950451E0,2.314050198E0
1.747441660E2,8.850000501E-1,8.574000359E0,-4.441950321E0
1.747466096E2,2.317050219E0,1.254405022E1,-7.570500374E-1
1.747490531E2,4.816050053E0,1.092705059E1,4.440000355E-1
1.747514967E2,5.973000050E0,1.358700085E1,-8.184000015E0
1.747539401E2,5.935050488E0,1.240905094E1,-1.459800053E1
1.747563837E2,8.110500574E-1,9.226950645E0,-1.138800049E1
1.747588272E2,1.599000096E0,7.836000443E0,-5.245950222E0
1.747612708E2,5.346000195E0,8.109000206E0,-6.229950428E0
1.747637143E2,3.250950098E0,3.594000101E0,-6.693000317E0
1.747661579E2,3.061050177E0,5.373000145E0,-2.011950016E0
1.747686014E2,7.060050488E0,7.237950325E0,-3.919950247E0
1.747710451E2,3.997950077E0,3.289950132E0,-4.975950241E0
1.747734887E2,1.713000059E0,5.449050426E0,3.601950169E0
1.747759321E2,3.676950216E0,6.751950264E0,2.665950060E0
1.747783757E2,3.121050119E0,6.193950176E0,1.969500035E-1
1.747808192E2,6.126000404E0,1.239495087E1,-5.295000225E-2
1.747832628E2,9.574050903E0,8.133000374E0,-8.026050568E0
1.747857063E2,2.391000032E0,7.836000443E0,-1.292505074E1
1.747881499E2,-8.809500337E-1,9.706050873E0,-7.638000488E0
1.747905934E2,3.463950157E0,8.752950668E0,-5.983950138E0
1.747930370E2,4.744950294E0,4.390950203E0,-8.505000114E0
1.747954807E2,3.255000114E0,5.476050377E0,-3.019500077E-1
1.747979241E2,9.322950363E0,5.835000515E0,2.220000029E0
1.748003677E2,9.378000259E0,4.686000347E0,-7.660050392E0
1.748028112E2,2.662050009E0,6.997950554E0,-7.570500374E-1
1.748052548E2,5.511000156E0,6.958050251E0,-1.036949992E0
1.748076983E2,5.611050129E0,6.615000248E0,-4.954050064E0
1.748101419E2,7.375950336E0,1.081005096E1,-3.915000200E0
1.748125854E2,1.243305016E1,1.023795033E1,-9.621000290E0
1.748150290E2,3.732000113E0,9.473999977E0,-1.365300083E1
1.748174724E2,-1.672950029E0,1.101405048E1,-3.277950048E0
1.748199160E2,2.329050064E0,1.017600060E1,6.070500016E-1
1.748223597E2,5.599050045E0,7.297950268E0,-4.708050251E0
1.748248032E2,3.403950214E0,8.287050247E0,-1.164000034E0
1.748272468E2,7.789950371E0,9.655950546E0,-1.175999999E0
1.748296903E2,5.724000454E0,7.827000141E0,-6.337950230E0
1.748321339E2,9.570000172E-1,8.677050591E0,-1.767000079E0
1.748345774E2,3.649950266E0,9.259050369E0,-1.897050142E0
1.748370210E2,4.350000381E0,9.105000496E0,-3.730950117E0
1.748394644E2,4.720950127E0,1.184400082E1,-2.395050049E0
1.748419080E2,1.213800049E1,1.142295074E1,-8.293950081E0
1.748443517E2,5.800950050E0,8.799000740E0,-1.119105053E1
1.748467951E2,-1.770000011E-1,1.063995075E1,-2.806950092E0
1.748492388E2,1.407000065E0,1.063995075E1,6.109500527E-1
1.748516823E2,4.009950161E0,6.855000496E0,-3.028950214E0
1.748541259E2,1.299000025E0,6.120000362E0,-1.365000010E0
1.748565694E2,5.353050232E0,7.531950474E0,2.203950167E0
1.748590130E2,8.010000229E0,7.875000477E0,-5.613000393E0
1.748614564E2,1.780950069E0,7.149000168E0,-4.272000313E0
1.748639001E2,1.138950109E0,7.864950180E0,8.460000157E-1
1.748663436E2,2.266950130E0,7.542000294E0,-3.549000263E0
1.748687872E2,2.455950022E0,9.661050797E0,-2.766000032E0
1.748712306E2,9.343950272E0,1.097505093E1,-4.879950047E0
1.748736742E2,9.102000237E0,6.757050514E0,-1.207995033E1
1.748761177E2,1.467000127E0,7.626000404E0,-7.626000404E0
1.748785613E2,2.233050108E0,8.818050385E0,-1.399050117E0
1.748810048E2,6.511950493E0,5.257950306E0,-4.819950104E0
1.748834485E2,3.709950209E0,3.808950186E0,-5.598000050E0
1.748858918E2,4.285050392E0,5.820000172E0,5.059500337E-1
1.748883355E2,9.840000153E0,5.305950165E0,-5.017050266E0
1.748907791E2,3.691050291E0,3.952950239E0,-7.545000553E0
1.748932226E2,3.559500277E-1,7.258950233E0,-8.599500656E-1
1.748956662E2,5.302950382E0,4.780950069E0,-1.758000135E0
1.748981097E2,4.050000191E0,6.745050430E0,-4.525950432E0
1.749005533E2,6.643050194E0,1.015605068E1,-2.491050005E0
1.749029968E2,8.832000732E0,6.558000088E0,-6.706950188E0
1.749054404E2,1.407000065E0,8.080950737E0,-1.023105049E1
1.749078838E2,7.489500642E-1,7.156050205E0,-8.869050026E0
1.749103275E2,7.740000248E0,5.344050407E0,-8.368950844E0
1.749127709E2,6.066000462E0,2.056950092E0,-9.700050354E0
1.749152146E2,1.939050078E0,4.957950115E0,-2.506950140E0
1.749176582E2,9.214950562E0,5.533050060E0,1.303050041E0
1.749201017E2,7.690050602E0,3.630000114E0,-3.522000074E0
1.749225453E2,1.239000082E0,6.406950474E0,-6.970500350E-1
1.749249887E2,4.338000298E0,6.400050163E0,8.580000401E-1
1.749274324E2,3.550050259E0,6.673050404E0,-2.100000143E0
1.749298758E2,5.530050278E0,9.778050423E0,-9.319500327E-1
1.749323194E2,1.121205044E1,9.745050430E0,-8.749050140E0
1.749347629E2,3.006000042E0,7.633050442E0,-1.024305058E1
1.749372065E2,9.000000544E-3,9.646050453E0,7.380000353E-1
1.749396502E2,1.789950132E0,1.153305054E1,4.060500264E-1
1.749420936E2,2.620950222E0,8.719950676E0,-1.401000023E0
1.749445371E2,7.800000310E-1,8.916000366E0,-6.210000515E-1
1.749469807E2,4.612950325E0,1.198095036E1,-6.660000086E-1
1.749494244E2,2.464950085E0,9.759000778E0,-5.482950211E0
1.749518678E2,6.960000396E-1,8.689050674E0,-2.320950031E0
1.749543114E2,2.548950195E0,9.646050453E0,-3.076950073E0
1.749567549E2,2.110949993E0,9.976950645E0,-4.036950111E0
1.749591985E2,3.555000067E0,1.194495010E1,-2.323050022E0
1.749616420E2,9.556950569E0,1.251195049E1,-8.730000496E0
1.749640856E2,5.616000175E0,8.587950706E0,-1.082700062E1
1.749665291E2,1.675050020E0,8.653050423E0,-4.288949966E0
1.749689727E2,4.714050293E0,8.653050423E0,-3.106050253E0
1.749714161E2,4.270950317E0,5.008950233E0,-8.529000282E0
1.749738598E2,1.207950115E0,5.095050335E0,-3.088950157E0
1.749763034E2,5.458050251E0,5.880000114E0,1.350000054E-1
1.749787469E2,7.837950230E0,2.725050211E0,-6.369000435E0
1.749811905E2,1.053000093E0,5.872950077E0,6.450000405E-1
1.749836340E2,3.406050205E0,5.575950146E0,3.886950254E0
1.749860776E2,6.061950207E0,4.498950005E0,-1.525950074E0
1.749885211E2,4.432950020E0,9.373950005E0,-2.479050159E0
1.749909647E2,8.638050079E0,1.048005009E1,-3.558000088E0
1.749934081E2,5.068050385E0,6.486000538E0,-1.071000004E1
1.749958517E2,-1.591950059E0,9.793050766E0,-9.328950882E0
1.749982952E2,1.720950127E0,8.176050186E0,-4.377000332E0
1.750007388E2,5.926950455E0,4.152000427E0,-6.585000515E0
1.750031825E2,1.912050128E0,4.768950462E0,-2.020950079E0
1.750056260E2,4.522050381E0,5.931000233E0,4.879950047E0
1.750080696E2,8.616000175E0,6.655950546E0,-1.071000099E0
1.750105131E2,2.833950043E0,6.211050510E0,-1.561950088E0
1.750129567E2,3.322050095E0,7.956000328E0,1.726950049E0
1.750154001E2,4.159950256E0,6.235050201E0,-4.791000366E0
1.750178437E2,4.249050140E0,9.622950554E0,-4.532999992E0
1.750202872E2,9.859050751E0,1.111395073E1,-1.043205070E1
1.750227308E2,5.104050159E0,8.254950523E0,-1.368900108E1
1.750251743E2,-8.830500245E-1,9.579000473E0,-7.083000183E0
1.750276180E2,3.889500201E-1,9.627000809E0,1.027950048E0
1.750300616E2,3.916050196E0,7.180050373E0,-1.375050068E0
1.750325051E2,3.808050156E0,6.181950092E0,-1.375050068E0
1.750349487E2,6.781950474E0,8.473050117E0,1.174050093E0
1.750373921E2,6.616950512E0,6.915000439E0,-5.566950321E0
1.750398358E2,6.499500275E-1,7.372050285E0,-3.522000074E0
1.750422792E2,2.125050068E0,8.314949989E0,-1.372050047E0
1.750447228E2,2.737950087E0,6.538950443E0,-3.381000042E0
1.750471663E2,3.615000248E0,9.697050095E0,-1.030050039E0
1.750496099E2,1.000695038E1,1.069005013E1,-5.248950481E0
1.750520534E2,7.120050430E0,7.735950470E0,-9.178050041E0
1.750544970E2,-5.149500370E-1,8.322000504E0,-4.588050365E0
1.750569406E2,2.005950212E0,9.510000229E0,7.690500617E-1
1.750593841E2,5.640000343E0,6.220050335E0,-3.757050276E0
1.750618277E2,2.937000036E0,6.238950253E0,-3.312000275E0
1.750642712E2,5.329050064E0,7.899000168E0,1.555050015E0
1.750667148E2,8.425050735E0,7.141950130E0,-5.698950291E0
1.750691583E2,1.275000095E0,6.784950256E0,-4.473000050E0
1.750716019E2,1.704000115E0,9.850050926E0,6.900000572E-1
1.750740453E2,3.952050209E0,7.153950214E0,-3.598950148E0
1.750764890E2,2.997000217E0,9.544050217E0,-1.933050036E0
1.750789324E2,8.889000893E0,1.218195057E1,-4.564050198E0
1.750813760E2,8.230950356E0,8.931000710E0,-1.095195007E1
1.750838197E2,3.495000303E-2,8.848950386E0,-6.058050156E0
1.750862631E2,4.159500301E-1,1.054005051E1,1.186050057E0
1.750887068E2,5.245050430E0,6.936000347E0,-3.549000263E0
1.750911503E2,2.455950022E0,5.088000298E0,-3.621000290E0
1.750935939E2,5.518050194E0,7.840950489E0,1.144950032E0
1.750960373E2,8.937000275E0,7.069950104E0,-5.503050327E0
1.750984810E2,1.843050122E0,6.237000465E0,-5.644050121E0
1.751009244E2,6.820500493E-1,8.334000587E0,8.410500288E-1
1.751033681E2,4.366050243E0,6.769050121E0,-2.131050110E0
1.751058115E2,3.271950245E0,8.059050560E0,-2.545950174E0
1.751082551E2,7.807050228E0,1.175595093E1,-3.289950132E0
1.751106986E2,9.457050323E0,7.831950188E0,-1.055895042E1
1.751131422E2,1.078950047E0,7.864950180E0,-9.226050377E0
1.751155857E2,-1.459500045E-1,9.390000343E0,-6.919500232E-1
1.751180294E2,4.833000183E0,5.452050209E0,-3.573000193E0
1.751204730E2,3.222000122E0,4.032000065E0,-5.344950199E0
1.751229165E2,3.454050064E0,5.674050331E0,1.756050110E0
1.751253601E2,9.895050049E0,5.623950481E0,-2.761050224E0
1.751278035E2,3.117000103E0,4.075050354E0,-5.593950272E0
1.751302471E2,7.030500174E-1,7.927050591E0,2.260950089E0
1.751326906E2,4.180050373E0,6.378000259E0,-1.803000093E0
1.751351342E2,3.496950150E0,6.706050396E0,-3.376050234E0
1.751375777E2,7.251000404E0,1.139700031E1,-3.754950285E0
1.751400213E2,8.950950623E0,8.799000740E0,-1.068105030E1
1.751424648E2,-1.240500063E-1,8.767950058E0,-9.417000771E0
1.751449084E2,-1.846050143E0,8.818050385E0,-5.059500337E-1
1.751473521E2,4.396950245E0,6.151050091E0,-2.080950022E0
1.751497955E2,5.467950344E0,2.679000139E0,-5.743950367E0
1.751522389E2,5.110950470E0,5.605050087E0,-4.939500093E-1
1.751546826E2,9.351000786E0,5.473050117E0,-3.232950211E0
1.751571262E2,3.214950085E0,5.329950333E0,-6.489000320E0
1.751595697E2,-3.420000076E-1,7.992000580E0,8.290500641E-1
1.751620133E2,4.327950001E0,6.256050110E0,-9.610500336E-1
1.751644568E2,3.732000113E0,6.832950115E0,-3.562950134E0
1.751669004E2,7.756950378E0,1.130805016E1,-2.947950125E0
1.751693438E2,9.751049995E0,9.184050560E0,-9.043950081E0
1.751717875E2,4.999500215E-1,9.247050285E0,-8.770950317E0
1.751742309E2,-1.377000093E0,1.004895020E1,-9.490500689E-1
1.751766745E2,4.157999992E0,7.852950573E0,-1.078050017E0
1.751791180E2,4.198950291E0,6.145950317E0,-3.505950212E0
1.751815616E2,4.189050198E0,8.806050301E0,4.369500279E-1
1.751840053E2,7.122000217E0,9.004950523E0,-2.809050083E0
1.751864488E2,2.707050085E0,7.741050243E0,-4.660050392E0
1.751888924E2,2.130000114E0,9.409049988E0,-3.979500234E-1
1.751913359E2,4.420950413E0,8.381999969E0,-3.355050087E0
1.751937795E2,3.603000164E0,9.382950783E0,-4.078050137E0
1.751962229E2,8.110950470E0,1.279695034E1,-4.444050312E0
1.751986665E2,9.820950508E0,1.043700027E1,-1.231395054E1
1.752011100E2,1.450050116E0,1.015605068E1,-7.738950253E0
1.752035536E2,1.069500074E-1,1.039395046E1,-7.909500599E-1
1.752059973E2,3.045000076E0,9.093000412E0,-2.158050060E0
1.752084407E2,2.245050192E0,5.791950226E0,-4.216950417E0
1.752108844E2,3.673950195E0,7.087050438E0,1.660500020E-1
1.752133278E2,8.002950668E0,6.982050419E0,-3.985050201E0
1.752157715E2,3.478050232E0,5.554950237E0,-5.598000050E0
1.752182149E2,8.539500237E-1,7.693050385E0,1.500000119E0
1.752206586E2,4.054950237E0,5.887050152E0,1.995000057E-2
1.752231020E2,3.777000189E0,6.247050285E0,-1.297950029E0
1.752255456E2,8.855999947E0,1.063305092E1,-2.176950216E0
1.752279891E2,1.040505028E1,7.237950325E0,-1.134495068E1
1.752304327E2,3.990000188E-1,9.144000053E0,-8.881050110E0
1.752328762E2,-3.250500262E-1,9.120000839E0,-1.396050096E0
1.752353198E2,6.354000092E0,6.453000069E0,-3.151050091E0
1.752377632E2,4.183950424E0,4.245000362E0,-4.954050064E0
1.752402068E2,4.393050194E0,6.072000504E0,8.890500665E-1
1.752426503E2,9.679050446E0,5.224050045E0,-3.522000074E0
1.752450940E2,2.929950237E0,6.441000462E0,-6.657000542E0
1.752475376E2,2.239500135E-1,8.052000046E0,-1.381950021E0
1.752499811E2,5.293050289E0,5.112000465E0,-3.751950264E0
1.752524247E2,3.540000200E0,6.045000076E0,-4.873050213E0
1.752548682E2,8.769000053E0,1.028100014E1,-3.592050076E0
1.752573118E2,8.226000786E0,7.851000309E0,-1.020000076E1
1.752597552E2,-7.800000310E-1,9.217950821E0,-8.677050591E0
1.752621988E2,-4.690500200E-1,8.176050186E0,-8.620500565E-1
1.752646423E2,6.210000515E0,5.308050156E0,-2.791950226E0
1.752670859E2,3.502050161E0,4.282950401E0,-4.381950378E0
1.752695294E2,3.861000299E0,6.442950249E0,1.861050129E0
1.752719730E2,8.539950371E0,6.043050289E0,-2.373000145E0
1.752744167E2,1.711050034E0,5.931000233E0,-3.775950193E0
1.752768602E2,-7.605000585E-2,9.024000168E0,3.658950090E0
1.752793038E2,4.342050076E0,6.031050205E0,-3.640500307E-1
1.752817472E2,4.294950008E0,7.063050270E0,-3.817050219E0
1.752841909E2,9.186000824E0,1.178700066E1,-5.503050327E0
1.752866343E2,7.884000301E0,9.412050247E0,-1.183095074E1
1.752890779E2,-4.690500200E-1,1.015905094E1,-6.060000420E0
1.752915214E2,-1.021950006E0,1.152405071E1,1.696050048E0
1.752939650E2,2.383949995E0,9.975000381E0,-1.609050035E0
1.752964085E2,1.879050136E0,7.077000141E0,-1.614000082E0
1.752988521E2,4.201050282E0,8.919000626E0,8.050500154E-1
1.753012955E2,7.558050156E0,1.023495007E1,-4.987950325E0
1.753037392E2,2.781000137E0,7.662000179E0,-5.313000202E0
1.753061828E2,3.133050203E0,1.022805023E1,-1.981050134E0
1.753086263E2,5.274000168E0,7.543950558E0,-5.629050255E0
1.753110699E2,3.069000244E0,9.907050133E0,-3.927000284E0
1.753135134E2,9.588000298E0,1.340595055E1,-4.167000294E0
1.753159570E2,8.295000076E0,9.960000038E0,-1.012605095E1
1.753184004E2,1.192050099E0,9.108000755E0,-6.205950260E0
1.753208441E2,2.170950174E0,9.453000069E0,-1.588050127E0
1.753232875E2,4.089000225E0,7.638000488E0,-4.867950439E0
1.753257311E2,1.702050090E0,5.035050392E0,-3.871950150E0
1.753281746E2,4.906949997E0,6.856950283E0,1.641000032E0
1.753306183E2,8.916000366E0,4.879050255E0,-5.919000149E0
1.753330619E2,2.188050032E0,6.115050316E0,-2.662950039E0
1.753355054E2,2.282999992E0,8.718000412E0,3.103950262E0
1.753379490E2,5.415000439E0,5.248050213E0,-1.636050105E0
1.753403924E2,3.475950241E0,7.822050571E0,-2.221950054E0
1.753428361E2,9.900000572E0,1.032405090E1,-4.732050419E0
1.753452795E2,7.477050304E0,7.413000584E0,-1.113900089E1
1.753477231E2,-1.561050057E0,9.579000473E0,-6.100950241E0
1.753501666E2,1.531950116E0,8.467950821E0,4.290000200E-1
1.753526102E2,6.346050262E0,5.653050423E0,-4.000950336E0
1.753550537E2,2.785950184E0,5.325000286E0,-2.395050049E0
1.753574973E2,6.208050251E0,6.736950397E0,8.580000401E-1
1.753599410E2,7.398000240E0,6.838050365E0,-5.292000294E0
1.753623844E2,7.150500417E-1,7.353000164E0,-1.594950080E0
1.753648281E2,1.560000062E0,9.553050041E0,7.410000563E-1
1.753672715E2,3.796950102E0,6.808950424E0,-3.550950050E0
1.753697151E2,3.688950062E0,9.397050858E0,-3.250050068E0
1.753721586E2,1.017300034E1,1.273995018E1,-7.339050293E0
1.753746022E2,5.164050102E0,9.286950111E0,-1.008795071E1
1.753770457E2,-1.230000019E0,1.070505047E1,-4.116000175E0
1.753794893E2,1.225050092E0,1.011795044E1,-8.460000157E-1
1.753819328E2,3.619050264E0,5.956950188E0,-5.389950275E0
1.753843764E2,3.502050161E0,6.577050209E0,-3.187050104E0
1.753868198E2,7.728000164E0,8.119050026E0,-2.434950113E0
1.753892635E2,6.769950390E0,6.292050362E0,-6.369000435E0
1.753917072E2,-4.800000042E-2,8.559000015E0,-1.681050062E0
1.753941506E2,3.919050217E0,7.542000294E0,1.011000037E0
1.753965942E2,4.623000145E0,5.695950508E0,-3.727950096E0
1.753990377E2,6.169050217E0,9.754050255E0,-1.363050103E0
1.754014813E2,1.084095097E1,9.205950737E0,-7.641000271E0
1.754039248E2,3.898950100E0,8.434950829E0,-1.202205086E1
1.754063684E2,-1.515000105E0,9.241950035E0,-4.963950157E0
1.754088118E2,3.178950071E0,7.879950523E0,-1.834950089E0
1.754112555E2,5.643000126E0,4.669050217E0,-6.031950474E0
1.754136989E2,2.607000113E0,6.402000427E0,-7.590000629E-1
1.754161426E2,8.844000816E0,6.286950111E0,3.900000080E-2
1.754185862E2,7.302000523E0,4.483950138E0,-6.666000366E0
1.754210297E2,-4.980000257E-1,7.537050247E0,-1.606950045E0
1.754234733E2,4.669950008E0,7.069950104E0,-1.819500029E-1
1.754259168E2,5.893950462E0,4.611000061E0,-4.875000000E0
1.754283604E2,6.412950516E0,8.785050392E0,-3.987000227E0
1.754308038E2,1.007400036E1,8.437050819E0,-7.746000290E0
1.754332475E2,6.430500150E-1,8.513999939E0,-9.772050858E0
1.754356909E2,-2.374950171E0,9.687000275E0,1.249500066E-1
1.754381345E2,3.823050261E0,6.832950115E0,1.129050016E0
1.754405780E2,4.795050144E0,4.446000099E0,-3.397950172E0
1.754430216E2,3.978000164E0,5.310000420E0,1.710000038E-1
1.754454653E2,8.482049942E0,6.775950432E0,-1.614000082E0
1.754479087E2,4.147950172E0,5.602950096E0,-4.987950325E0
1.754503524E2,-4.800000042E-2,9.426000595E0,1.678950071E0
1.754527958E2,2.131950140E0,9.747000694E0,-1.911000133E0
1.754552395E2,2.266950130E0,7.864950180E0,-4.084949970E0
1.754576829E2,6.528000355E0,1.156905079E1,-4.396049976E0
1.754601265E2,8.692950249E0,1.075995064E1,-1.000905037E1
1.754625700E2,1.110000014E0,1.001505089E1,-6.939000130E0
1.754650136E2,-7.560000420E-1,1.159305096E1,-8.599500656E-1
1.754674571E2,3.282000065E0,9.376049995E0,-2.596050024E0
1.754699007E2,2.781000137E0,6.204000473E0,-4.336950302E0
1.754723444E2,3.901950121E0,8.209950447E0,3.000000119E-1
1.754747878E2,8.092050552E0,9.265950203E0,-2.548050165E0
1.754772315E2,3.496950150E0,7.008000374E0,-3.525000095E0
1.754796749E2,3.349050045E0,1.008495045E1,1.021050096E0
1.754821185E2,6.202950478E0,7.209000111E0,-3.289950132E0
1.754845620E2,3.700950146E0,7.981950283E0,-4.565999985E0
1.754870056E2,8.676000595E0,1.288605022E1,-5.239050388E0
1.754894491E2,7.024050236E0,1.039605045E1,-9.544050217E0
1.754918927E2,-2.440500110E-1,1.061895084E1,-4.150050163E0
1.754943362E2,-2.200500071E-1,1.075995064E1,1.690950036E0
1.754967798E2,2.350050211E0,8.071050644E0,-1.104000092E0
1.754992232E2,1.828050137E0,5.338950157E0,-2.725050211E0
1.755016669E2,7.144050121E0,7.792950153E0,-1.413000107E0
1.755041103E2,8.961000443E0,6.393000126E0,-7.315050125E0
1.755065539E2,1.249050021E0,6.606000423E0,-5.886000156E0
1.755089974E2,2.370000124E0,9.268050194E0,-1.993050098E0
1.755114411E2,4.504950047E0,4.623000145E0,-4.118999958E0
1.755138845E2,3.877950191E0,7.032000542E0,-3.939000130E0
1.755163282E2,1.098195076E1,8.806050301E0,-6.645000458E0
1.755187716E2,8.583000183E0,5.704950333E0,-1.391595078E1
1.755212152E2,-3.400500119E-1,8.044950485E0,-6.781050205E0
1.755236586E2,1.371000051E0,6.862050533E0,1.090500057E-1
1.755261023E2,5.887050152E0,3.073950052E0,-1.690950036E0
1.755285459E2,2.322000027E0,3.534000158E0,-9.030000567E-1
1.755309894E2,4.975050449E0,6.462000370E0,6.039000511E0
1.755334330E2,8.152050018E0,2.641050100E0,-2.517000198E0
1.755358765E2,5.500500202E-1,5.442000389E0,-5.449950218E0
1.755383202E2,2.484000206E0,5.392050266E0,-3.781050205E0
1.755407636E2,5.389050484E0,3.631950140E0,-6.798000336E0
1.755432072E2,5.125050068E0,6.165000439E0,-4.786950111E0
1.755456506E2,1.003605080E1,8.281949997E0,-3.409950256E0
1.755480943E2,3.148050070E0,6.939000130E0,-6.577950478E0
1.755505379E2,-3.001950026E0,9.811950684E0,3.120000064E-1
1.755529814E2,3.469050169E0,7.717050552E0,8.250000477E-1
1.755554250E2,4.861950397E0,5.002050400E0,-5.863950253E0
1.755578685E2,2.772000074E0,5.574000359E0,-1.552050114E0
1.755603121E2,6.835050106E0,7.042050362E0,-1.348050117E0
1.755627555E2,4.021950245E0,4.591950417E0,-3.091950178E0
1.755651991E2,1.006950021E0,7.651950359E0,1.441950083E0
1.755676426E2,4.534049988E0,1.017300034E1,-2.639999986E-1
1.755700862E2,3.406050205E0,7.396050453E0,-2.931000233E0
1.755725297E2,7.773000240E0,9.730050087E0,-5.455050468E0
1.755749733E2,1.061505032E1,1.127205086E1,-1.224495029E1
1.755774167E2,1.783050060E0,1.035795021E1,-9.217950821E0
1.755798604E2,-5.959500074E-1,1.053495026E1,-3.879000187E0
1.755823041E2,4.048050404E0,9.685050011E0,-3.694950104E0
1.755847474E2,2.997000217E0,3.967050076E0,-6.532050133E0
1.755871911E2,4.753950119E0,6.394950390E0,-1.066050053E0
1.755896346E2,8.965950012E0,6.517050266E0,-4.324950218E0
1.755920782E2,3.550050259E0,4.963050365E0,-6.942000389E0
1.755945217E2,9.619500637E-1,7.312050343E0,9.589500427E-1
1.755969653E2,4.630050182E0,5.892000198E0,-1.510950089E0
1.755994087E2,3.358050108E0,4.936950207E0,-4.068000317E0
1.756018524E2,7.387950420E0,9.682050705E0,2.205000073E-2
1.756042958E2,9.940050125E0,6.601050377E0,-4.554000378E0
1.756067394E2,6.169500351E-1,8.026050568E0,-6.685050488E0
1.756091831E2,-9.105000645E-2,8.875950813E0,-1.333950043E0
1.756116266E2,8.062950134E0,5.728950500E0,-5.730000496E0
1.756140702E2,2.761950016E0,4.015050411E0,-6.939000130E0
1.756165137E2,3.118950129E0,6.730050087E0,2.002950191E0
1.756189573E2,8.829000473E0,5.398950100E0,-1.987950087E0
1.756214007E2,2.620950222E0,5.329950333E0,-2.196000099E0
1.756238444E2,2.419950008E0,8.317950249E0,2.862000227E0
1.756262878E2,4.516950130E0,6.453000069E0,-1.630950093E0
1.756287314E2,4.845000267E0,6.346950531E0,-3.859950066E0
1.756311749E2,9.418050766E0,9.562950134E0,-8.335050583E0
1.756336185E2,5.547000408E0,8.233950615E0,-1.254900074E1
1.756360620E2,-1.032000065E0,9.112950325E0,-5.931000233E0
1.756385056E2,-3.970500231E-1,9.466950417E0,3.169500232E-1
1.756409491E2,2.149049997E0,7.621050358E0,-1.096950054E0
1.756433927E2,9.450000525E-1,4.495950222E0,-7.429500222E-1
1.756458364E2,5.592000484E0,7.458000183E0,2.101050138E0
1.756482798E2,6.283950329E0,6.727950096E0,-2.995950222E0
1.756507234E2,1.333050013E0,7.495950222E0,-9.105000645E-2
1.756531669E2,2.913000107E0,1.141305065E1,-2.119050026E0
1.756556105E2,3.205050230E0,7.719000340E0,-3.501000166E0
1.756580540E2,2.467950106E0,1.117905045E1,-2.268000126E0
1.756604976E2,7.357050419E0,1.294305038E1,-6.922050476E0
1.756629410E2,4.045950413E0,9.855000496E0,-7.429950237E0
1.756653846E2,-6.490500569E-1,9.754050255E0,-2.763000250E0
1.756678281E2,3.136050224E0,1.003905010E1,-1.243050098E0
1.756702717E2,4.654050350E0,5.112000465E0,-5.349000454E0
1.756727152E2,5.338050365E0,6.193950176E0,-2.665050030E0
1.756751589E2,1.100295067E1,9.661050797E0,-4.368000031E0
1.756776025E2,6.741000175E0,8.217000008E0,-9.156000137E0
1.756800460E2,1.273050070E0,9.148050308E0,-3.223050117E0
1.756824896E2,2.997000217E0,9.405000687E0,-1.483050108E0
1.756849330E2,1.852050066E0,6.013950348E0,-3.709050179E0
1.756873767E2,3.952050209E0,9.409049988E0,-2.545950174E0
1.756898201E2,7.783050537E0,8.325000763E0,-8.958000183E0
1.756922637E2,2.992050171E0,7.393050194E0,-9.027000427E0
1.756947072E2,6.900000572E-2,7.755000591E0,4.579500258E-1
1.756971508E2,5.319000244E0,6.775950432E0,2.131950140E0
1.756995943E2,5.596950054E0,3.333000183E0,-2.674950123E0
1.757020379E2,3.388950109E0,7.269000530E0,1.054050088E0
1.757044816E2,8.736000061E0,6.345000267E0,-1.068000078E0
1.757069250E2,4.101000309E0,4.159049988E0,-9.136950493E0
1.757093686E2,2.149500102E-1,7.642050266E0,-1.782000065E0
1.757118121E2,4.761000156E0,4.666050434E0,-3.361950159E0
1.757142557E2,4.005000114E0,4.935000420E0,-3.472050190E0
1.757166992E2,8.214000702E0,7.627950191E0,-6.799500585E-1
1.757191428E2,1.069395065E1,8.128950119E0,-7.176000118E0
1.757215863E2,1.306050062E0,7.450950146E0,-5.092950344E0
1.757240299E2,1.429500133E-1,1.033395004E1,1.347000122E0
1.757264734E2,2.512950182E0,8.088000298E0,-9.529500604E-1
1.757289170E2,1.642050028E0,5.452050209E0,-2.452050209E0
1.757313604E2,3.411000252E0,8.236050606E0,-1.018050075E0
1.757338041E2,5.422050476E0,7.255050182E0,-4.854000092E0
1.757362477E2,7.129500508E-1,7.053000450E0,-3.276000261E0
1.757386912E2,4.759500325E-1,9.412050247E0,1.288950086E0
1.757411348E2,2.590050220E0,8.338950157E0,-9.060000181E-1
1.757435783E2,2.086950064E0,8.217000008E0,-2.371050119E0
1.757460219E2,8.105999947E0,1.241895103E1,-1.248000026E0
1.757484654E2,7.860000610E0,1.033605003E1,-8.835000038E0
1.757509090E2,2.790000141E-1,9.550950050E0,-5.110050201E0
1.757533525E2,1.168050051E0,1.106895065E1,-2.340000153E0
1.757557961E2,4.157999992E0,7.930050373E0,-5.839950085E0
1.757582395E2,2.322000027E0,5.634000301E0,-4.468050003E0
1.757606831E2,6.576000214E0,8.017950058E0,2.479500175E-1
1.757631268E2,7.327950478E0,6.799950123E0,-3.622950077E0
1.757655702E2,2.370000124E0,7.924950600E0,-1.204950094E0
1.757680139E2,4.696950436E0,1.047495079E1,-7.005000114E-2
1.757704574E2,4.560000420E0,6.562950134E0,-5.656050205E0
1.757729010E2,4.038000107E0,9.714000702E0,-3.289950132E0
1.757753445E2,9.708000183E0,1.138200092E1,-6.625050545E0
1.757777881E2,4.639050007E0,8.995050430E0,-1.046595097E1
1.757802315E2,-2.440500110E-1,1.041000080E1,-2.979000092E0
1.757826751E2,3.282000065E0,9.730050087E0,1.420500129E-1
1.757851186E2,3.961950302E0,5.470950127E0,-3.846000195E0
1.757875622E2,1.957950115E0,7.116000175E0,-8.620500565E-1
1.757900057E2,7.548000336E0,7.563000202E0,-9.820500612E-1
1.757924493E2,5.065050125E0,5.992950439E0,-6.546000481E0
1.757948930E2,-1.870500147E-1,8.800950050E0,-1.099050045E0
1.757973365E2,3.667050123E0,8.322000504E0,4.410000145E-1
1.757997801E2,4.227000237E0,6.103050232E0,-2.409000158E0
1.758022235E2,5.500950336E0,9.273000717E0,-1.425000072E0
1.758046672E2,1.010295010E1,9.226950645E0,-7.605000496E0
1.758071106E2,2.049000025E0,8.221950531E0,-7.216950417E0
1.758095542E2,-1.149000049E0,1.069305038E1,1.090500057E-1
1.758119977E2,2.580000162E0,8.473050117E0,1.950000077E-1
1.758144413E2,2.233050108E0,5.329950333E0,-2.773050070E0
1.758168848E2,2.259000063E0,7.542000294E0,5.299500227E-1
1.758193284E2,6.841950417E0,7.948950291E0,-1.669050097E0
1.758217719E2,4.165050030E0,6.298950195E0,-3.451050282E0
1.758242155E2,1.785000086E0,9.211050034E0,1.639500111E-1
1.758266592E2,4.447950363E0,9.715950012E0,-2.574000120E0
1.758291026E2,2.677950144E0,7.663950443E0,-4.963950157E0
1.758315462E2,5.298000336E0,1.259595013E1,-2.227050066E0
1.758339897E2,6.976050377E0,1.011105061E1,-7.381950378E0
1.758364333E2,6.859500408E-1,9.589050293E0,-5.356050491E0
1.758388768E2,-6.195000187E-2,9.831000328E0,-7.639500499E-1
1.758413204E2,3.868050098E0,7.549050331E0,-3.582000256E0
1.758437639E2,2.259000063E0,5.200050354E0,-5.871000290E0
1.758462075E2,4.339950085E0,7.585050583E0,-2.148000002E0
1.758486509E2,7.273050308E0,6.771000385E0,-5.224950314E0
1.758510945E2,1.989000082E0,7.015050411E0,-5.494950294E0
1.758535382E2,1.339950085E0,9.153000832E0,-1.200000048E-1
1.758559816E2,3.552000284E0,5.452050209E0,-2.385000229E0
1.758584253E2,2.731050014E0,6.607950211E0,-2.373000145E0
1.758608688E2,8.815050125E0,8.428050041E0,-3.337950230E0
1.758633124E2,9.519000053E0,4.582950115E0,-9.811950684E0
1.758657559E2,-3.060000241E-1,8.020950317E0,-5.767950058E0
1.758681995E2,2.736000061E0,7.132050514E0,2.020500153E-1
1.758706429E2,7.345050335E0,3.579000235E0,-4.201950073E0
1.758730866E2,2.233050108E0,4.377000332E0,-1.224000096E0
1.758755300E2,7.174950123E0,5.827950478E0,2.908050060E0
1.758779736E2,8.512949944E0,5.160000324E0,-4.911000252E0
1.758804171E2,1.615050077E0,7.069950104E0,-1.483050108E0
1.758828607E2,2.698050022E0,9.250950813E0,1.399500072E-1
1.758853044E2,2.932050228E0,6.466950417E0,-2.683950186E0
1.758877479E2,2.760000229E0,8.964000702E0,-2.518950224E0
1.758901915E2,8.319000244E0,1.085100079E1,-7.396050453E0
1.758926349E2,4.302000046E0,9.037950516E0,-1.095405006E1
1.758950786E2,-1.288050056E0,1.070205021E1,-2.584050179E0
1.758975220E2,-2.680500150E-1,1.065900040E1,1.722000122E0
1.758999656E2,2.061000109E0,7.234950542E0,-2.047950029E0
1.759024091E2,1.134000063E0,6.958050251E0,-5.059500337E-1
1.759048527E2,7.362000465E0,8.706000328E0,-1.927950144E0
1.759072962E2,4.623000145E0,7.750050545E0,-5.349000454E0
1.759097398E2,1.282950044E0,7.839000225E0,-1.486950040E0
1.759121832E2,3.661950111E0,9.034049988E0,-3.051000118E0
1.759146269E2,3.327000141E0,5.671950340E0,-3.934050083E0
1.759170703E2,5.335950375E0,9.598950386E0,-1.375050068E0
1.759195140E2,9.391950607E0,9.505050659E0,-5.212950230E0
1.759219576E2,3.066000223E0,7.963050365E0,-5.847000122E0
1.759244011E2,4.129500091E-1,9.787950516E0,-8.479500413E-1
1.759268447E2,3.745950222E0,8.251049995E0,-1.702950120E0
1.759292882E2,2.872050047E0,4.800000191E0,-5.167050362E0
1.759317318E2,3.298950195E0,7.084950447E0,-5.269500017E-1
1.759341752E2,8.212050438E0,7.152000427E0,-2.076000214E0
1.759366188E2,3.880050182E0,5.298000336E0,-3.967950106E0
1.759390623E2,2.656950235E0,1.048905087E1,1.075950027E0
1.759415059E2,5.892000198E0,7.963050365E0,-4.333950043E0
1.759439494E2,2.530050039E0,7.894050598E0,-5.790000439E0
1.759463930E2,8.074950218E0,1.166700077E1,-3.321000099E0
1.759488367E2,9.315000534E0,8.989950180E0,-9.409950256E0
1.759512802E2,4.660500288E-1,1.020900059E1,-5.917050362E0
1.759537238E2,1.132050037E0,1.157595062E1,1.005000062E-2
1.759561672E2,6.100050449E0,6.754050255E0,-3.273000240E0
1.759586109E2,3.399000168E0,5.623950481E0,-4.006050110E0
1.759610543E2,7.062000275E0,8.617050171E0,-2.639999986E-1
1.759634979E2,8.855999947E0,7.597050190E0,-6.724050522E0
1.759659414E2,8.059500456E-1,9.916950226E0,-3.988950253E0
1.759683850E2,1.171950102E0,1.201200104E1,5.400000140E-2
1.759708285E2,2.760000229E0,8.101950645E0,-3.072000027E0
1.759732721E2,1.951050043E0,9.895050049E0,-1.393950105E0
1.759757156E2,9.787050247E0,1.105905056E1,-4.107000351E0
1.759781592E2,7.668000221E0,8.039999962E0,-1.017405033E1
1.759806029E2,5.470499992E-1,1.016400051E1,-5.164950371E0
1.759830463E2,3.157050133E0,9.856950760E0,-1.360050082E0
1.759854899E2,5.085000038E0,6.205950260E0,-4.474950314E0
1.759879334E2,2.029950142E0,7.246950150E0,-1.492050052E0
1.759903770E2,7.390050411E0,8.236050606E0,7.740000486E-1
1.759928205E2,6.922950268E0,6.406950474E0,-6.253950119E0
1.759952641E2,1.042950034E0,8.313000679E0,-2.680050135E0
1.759977075E2,4.417050362E0,8.526000023E0,-1.827000141E0
1.760001511E2,3.825000286E0,5.863950253E0,-6.226050377E0
1.760025946E2,4.017000198E0,9.678000450E0,-2.341950178E0
1.760050382E2,9.175950050E0,9.856950760E0,-5.893050194E0
1.760074817E2,2.932050228E0,8.227050781E0,-7.516050339E0
1.760099253E2,-5.509500504E-1,1.008495045E1,-1.032000065E0
1.760123688E2,3.591000080E0,8.404050827E0,-8.149500489E-1
1.760148124E2,3.016050100E0,4.590000153E0,-4.429950237E0
1.760172558E2,3.199950218E0,7.543950558E0,-7.020000219E-1
1.760196995E2,8.956050873E0,6.517050266E0,-3.513000250E0
1.760221432E2,3.849000216E0,6.426000118E0,-6.361950397E0
1.760245866E2,-2.440500110E-1,1.016100025E1,5.059500337E-1
1.760270302E2,3.768000126E0,7.549050331E0,-8.290500641E-1
1.760294737E2,3.538050175E0,5.787000179E0,-4.126049995E0
1.760319173E2,8.226000786E0,9.211050034E0,-3.766950130E0
1.760343608E2,1.074705029E1,6.742050171E0,-9.184950829E0
1.760368044E2,1.359000087E0,8.353950500E0,-8.116950035E0
1.760392478E2,8.370000124E-1,1.000305080E1,-1.999950051E0
1.760416915E2,7.009950161E0,6.586950302E0,-4.018050194E0
1.760441351E2,2.362050056E0,4.848000050E0,-5.533950329E0
1.760465786E2,4.821000099E0,8.574000359E0,9.610500336E-1
1.760490222E2,8.584950447E0,5.956950188E0,-3.891000271E0
1.760514657E2,2.238000154E0,7.057950497E0,-3.220950127E0
1.760539093E2,2.170950174E0,9.670050621E0,1.002000093E0
1.760563527E2,4.512000084E0,6.727950096E0,-3.453000069E0
1.760587964E2,2.470050097E0,8.818050385E0,-2.974050045E0
1.760612398E2,6.816000462E0,1.095900059E1,-2.665050030E0
1.760636834E2,5.631000042E0,9.096000671E0,-8.622000694E0
1.760661269E2,-9.840000272E-1,1.018995094E1,-2.028000116E0
1.760685705E2,-3.760500252E-1,1.100400066E1,2.323050022E0
1.760710140E2,3.040050030E0,7.243050575E0,-2.919000149E0
1.760734576E2,2.776950121E0,5.872950077E0,-3.196950197E0
1.760759011E2,8.857950211E0,7.318950176E0,-4.504050255E0
1.760783447E2,6.724950314E0,7.771950245E0,-7.188000202E0
1.760807881E2,5.980500579E-1,9.034049988E0,-3.762000084E0
1.760832318E2,2.101050138E0,1.091100025E1,-1.582950115E0
1.760856752E2,3.508950233E0,6.318000317E0,-3.439050198E0
1.760881189E2,4.005000114E0,8.904000282E0,-1.819950104E0
1.760905625E2,1.002405071E1,8.962050438E0,-5.104950428E0
1.760930060E2,5.439000130E0,6.189000130E0,-9.810000420E0
1.760954496E2,-1.960500032E-1,8.911050797E0,-4.308000088E0
1.760978931E2,2.965950251E0,7.783950329E0,-7.069500089E-1
1.761003367E2,3.751050234E0,3.658050060E0,-4.534950256E0
1.761027801E2,2.266950130E0,6.985950470E0,1.083000064E0
1.761052238E2,7.927050591E0,6.627000332E0,5.610000491E-1
1.761076672E2,5.202000141E0,6.466950417E0,-4.104000092E0
1.761101109E2,-4.120500088E-1,9.397050858E0,6.450000405E-1
1.761125543E2,4.195950031E0,8.197950363E0,-1.336050034E0
1.761149980E2,3.069000244E0,6.381000519E0,-5.337000370E0
1.761174416E2,6.172050476E0,1.042005062E1,-3.883950233E0
1.761198851E2,9.342000008E0,1.007700062E1,-8.055000305E0
1.761223287E2,1.648950100E0,9.069000244E0,-6.139050484E0
1.761247722E2,-1.219050050E0,1.165305042E1,2.187000036E0
1.761272158E2,2.841000080E0,8.269950867E0,-8.890500665E-1
1.761296592E2,2.980050087E0,6.297000408E0,-4.653000355E0
1.761321028E2,6.889950275E0,8.008950233E0,-3.786000252E0
1.761345463E2,8.781000137E0,8.161950111E0,-7.297950268E0
1.761369899E2,2.118000031E0,8.392050743E0,-4.693050385E0
1.761394334E2,8.560500145E-1,1.163100052E1,1.759500057E-1
1.761418770E2,3.832050085E0,9.007050514E0,-2.395050049E0
1.761443207E2,3.049950123E0,9.141000748E0,-3.297000170E0
1.761467641E2,7.177050114E0,1.176495075E1,-2.299050093E0
1.761492078E2,8.104050636E0,8.926050186E0,-8.785050392E0
1.761516511E2,7.440000176E-1,1.035300064E1,-4.861050129E0
1.761540948E2,1.408950090E0,1.145400047E1,-2.329500169E-1
1.761565383E2,3.712950230E0,8.002050400E0,-1.984950066E0
1.761589819E2,1.807050109E0,7.645050526E0,-1.090050101E0
1.761614254E2,6.016050339E0,8.722050667E0,1.296000004E0
1.761638690E2,6.646050453E0,7.903050423E0,-5.236950397E0
1.761663125E2,1.074000001E0,8.854050636E0,-4.530000210E0
1.761687561E2,3.978000164E0,1.012095070E1,-2.731950045E0
1.761711998E2,3.817950249E0,6.121950150E0,-7.582950592E0
1.761736432E2,3.397050142E0,9.559950829E0,-4.741050243E0
1.761760868E2,1.106595039E1,9.924000740E0,-6.562950134E0
1.761785302E2,5.583000183E0,7.009950161E0,-1.110000038E1
1.761809740E2,-1.270500124E-1,9.835950851E0,-3.739950180E0
1.761834173E2,3.697950125E0,7.051050186E0,-8.400000632E-2
1.761858610E2,5.212050438E0,4.228050232E0,-4.092000008E0
1.761883045E2,2.496000051E0,5.832000256E0,4.609500170E-1
1.761907481E2,7.809000492E0,6.250950336E0,1.159500033E-1
1.761931916E2,5.269050121E0,3.952950239E0,-6.276000500E0
1.761956352E2,-1.696950078E0,8.014050484E0,1.126049995E0
1.761980787E2,2.223000050E0,6.426000118E0,-6.300000101E-2
1.762005223E2,3.981000185E0,6.076950073E0,-3.252000093E0
1.762029657E2,4.285050392E0,8.643000603E0,2.569500208E-1
1.762054093E2,8.353050232E0,8.728950500E0,-4.006050110E0
1.762078528E2,2.176050186E0,6.799950123E0,-6.783000469E0
1.762102964E2,-8.500500321E-1,1.017300034E1,-8.700000495E-2
1.762127399E2,4.488000393E0,7.027050495E0,-3.264000177E0
1.762151836E2,2.845950127E0,3.828000069E0,-6.582000256E0
1.762176270E2,4.030950069E0,6.486000538E0,-3.190050125E0
1.762200707E2,8.046000481E0,4.314000130E0,-5.734950066E0
1.762225140E2,3.682050228E0,3.814050198E0,-5.209950447E0
1.762249577E2,2.704950094E0,6.759000301E0,-1.384050012E0
1.762274014E2,5.403000355E0,4.645050049E0,-4.284000397E0
1.762298448E2,3.957000256E0,4.189949989E0,-5.014050007E0
1.762322884E2,7.735050201E0,8.164050102E0,-4.071000099E0
1.762347319E2,5.851050377E0,6.816000462E0,-8.449950218E0
1.762371755E2,-2.262000084E0,8.811000824E0,-3.247050047E0
1.762396190E2,-1.723950028E0,7.342950344E0,3.007950068E0
1.762420627E2,4.002000332E0,5.205000401E0,-1.332000017E0
1.762445061E2,2.439000130E0,4.195050240E0,-7.399500608E-1
1.762469498E2,5.322000027E0,6.547950268E0,2.998950243E0
1.762493931E2,7.285050392E0,5.776950359E0,-3.220950127E0
1.762518368E2,9.310500622E-1,7.731000423E0,-9.850500226E-1
1.762542805E2,4.180500209E-1,1.090800095E1,2.359050035E0
1.762567239E2,2.536950111E0,7.944000244E0,-2.545950174E0
1.762591675E2,4.146000385E0,8.827950478E0,-3.388050079E0
1.762616110E2,9.667050362E0,1.148295021E1,-8.776050568E0
1.762640546E2,7.030950546E0,8.179050446E0,-1.150305080E1
1.762664981E2,1.012050033E0,1.043400097E1,-4.878000259E0
1.762689417E2,4.495950222E0,1.167705059E1,-3.232950211E0
1.762713852E2,4.591050148E0,7.674000263E0,-5.325000286E0
1.762738288E2,1.426050067E0,8.160000801E0,-1.042050004E0
1.762762722E2,6.672000408E0,1.022100067E1,-2.260500044E-1
1.762787158E2,5.647050381E0,9.385950089E0,-5.718000412E0
1.762811593E2,1.558050036E0,1.101105022E1,-1.882050037E0
1.762836029E2,3.564000130E0,1.091295052E1,-1.618950129E0
1.762860466E2,1.972050071E0,8.277000427E0,-3.139050245E0
1.762884900E2,4.575000286E0,1.325505066E1,-1.030500084E-1
1.762909337E2,8.796000481E0,1.144200039E1,-7.006050110E0
1.762933772E2,2.173050165E0,1.071195030E1,-5.998050213E0
1.762958208E2,-2.730000019E-1,1.097100067E1,-1.066050053E0
1.762982642E2,3.555000067E0,8.785050392E0,-2.209950209E0
1.763007078E2,3.267000198E0,6.061950207E0,-5.794950485E0
1.763031513E2,5.386050224E0,9.196050644E0,-2.078999996E0
1.763055949E2,8.683050156E0,7.365000248E0,-4.272000313E0
1.763080384E2,3.142950058E0,7.525050163E0,-4.116000175E0
1.763104820E2,1.345050097E0,1.018005085E1,1.171950102E0
1.763129257E2,5.437050343E0,7.221000195E0,-2.545950174E0
1.763153692E2,3.496950150E0,7.663950443E0,-3.859950066E0
1.763178128E2,8.314949989E0,1.064505005E1,-3.123000145E0
1.763202562E2,8.503950119E0,6.888000488E0,-1.032900047E1
1.763226998E2,4.009500146E-1,9.199050903E0,-5.704050064E0
1.763251433E2,1.596000075E0,1.024695015E1,4.080000222E-1
1.763275869E2,4.582050323E0,6.076950073E0,-2.766000032E0
1.763300304E2,1.797000051E0,5.646000385E0,-2.086050034E0
1.763324740E2,6.121050358E0,8.302950859E0,1.429950118E0
1.763349175E2,7.474050522E0,5.665050507E0,-4.537950039E0
1.763373611E2,2.271000147E0,8.479949951E0,-3.229950190E0
1.763398045E2,3.793950081E0,1.047495079E1,-1.260000110E0
1.763422481E2,3.865950108E0,6.262950420E0,-5.184000015E0
1.763446916E2,3.709950209E0,9.703950882E0,-4.321950436E0
1.763471352E2,1.073295021E1,8.690999985E0,-8.332950592E0
1.763495787E2,4.386000156E0,6.874050140E0,-1.114095020E1
1.763520224E2,-3.570000231E-1,8.184000015E0,-5.863950253E0
1.763544660E2,4.849950314E0,6.175050259E0,-3.790950298E0
1.763569094E2,5.764950275E0,2.386950016E0,-7.629000187E0
1.763593531E2,2.602050066E0,5.479950428E0,-2.421000004E0
1.763617965E2,8.010000229E0,6.145950317E0,9.870000482E-1
1.763642401E2,5.944050312E0,4.459950447E0,-4.237950325E0
1.763666836E2,-9.529500604E-1,8.445000648E0,6.619500518E-1
1.763691272E2,4.872000217E0,6.514950275E0,-5.295000225E-2
1.763715706E2,2.743050098E0,6.034050465E0,-4.834950447E0
1.763740143E2,3.471000195E0,1.000305080E1,2.980500162E-1
1.763764579E2,6.909000397E0,8.101950645E0,-3.625050068E0
1.763789013E2,6.529500484E-1,8.011050224E0,-2.545950174E0
1.763813450E2,-1.197000027E0,1.029300022E1,4.156949997E0
1.763837885E2,1.905000091E0,9.342000008E0,1.264950037E0
1.763862321E2,2.086950064E0,7.486950397E0,-1.906050086E0
1.763886756E2,4.239000320E0,8.578950882E0,-1.513950109E0
1.763911192E2,7.714050293E0,9.052950859E0,-7.195050240E0
1.763935626E2,3.913950205E0,8.502000809E0,-7.213950157E0
1.763960063E2,4.141050339E0,1.209105015E1,-6.369000435E0
1.763984497E2,5.146950245E0,1.019505024E1,-7.393950462E0
1.764008933E2,1.407000065E0,1.097100067E1,-2.136000156E0
1.764033368E2,6.787050247E0,1.409700108E1,-9.319500327E-1
1.764057804E2,6.229050159E0,1.201200104E1,-5.380050182E0
1.764082239E2,1.620000124E0,1.024305058E1,-2.871000051E0
1.764106675E2,2.748000145E0,1.072200012E1,-4.339500070E-1
1.764131109E2,2.925000191E0,8.622000694E0,-3.586950064E0
1.764155546E2,7.200000286E-1,4.828950405E0,-2.127000093E0
1.764179980E2,5.041950226E0,9.967050552E0,-6.520500183E-1
1.764204417E2,3.760950089E0,7.270950317E0,-4.681050301E0
1.764228853E2,1.780950069E0,9.175050735E0,-1.729500145E-1
1.764253288E2,5.245050430E0,1.100595093E1,1.159950018E0
1.764277724E2,2.959050179E0,7.300050259E0,-2.565000057E0
1.764302159E2,4.752000332E0,1.248405075E1,-2.779500186E-1
1.764326595E2,8.386050224E0,9.538950920E0,-6.681000233E0
1.764351029E2,2.158950090E0,8.526000023E0,-1.061205006E1
1.764375466E2,-8.710500598E-1,9.121950150E0,-5.461950302E0
1.764399900E2,3.694050074E0,5.112000465E0,-3.178050041E0
1.764424337E2,3.958950281E0,3.936000109E0,-7.111950397E0
1.764448771E2,3.658050060E0,4.803000450E0,-7.860000134E-1
1.764473208E2,8.719050407E0,5.727000237E0,-2.074050188E0
1.764497642E2,5.434050083E0,5.629050255E0,-5.140950203E0
1.764522079E2,1.879500151E-1,9.910050392E0,6.949500442E-1
1.764546515E2,2.677950144E0,7.020000458E0,-2.163000107E0
1.764570949E2,2.698050022E0,5.694000244E0,-4.192950249E0
1.764595385E2,6.172050476E0,9.796950340E0,-8.700000644E-1
1.764619820E2,9.399000168E0,5.394000053E0,-7.072950363E0
1.764644256E2,1.162950039E0,7.690050602E0,-7.191000462E0
1.764668691E2,2.382000208E0,7.302000523E0,-2.482950211E0
1.764693127E2,8.080050468E0,5.806050301E0,-4.509000301E0
1.764717562E2,1.788000107E0,5.928000450E0,-4.851000309E0
1.764741998E2,3.387000084E0,8.430000305E0,3.183000088E0
1.764766432E2,6.262950420E0,7.410000324E0,-5.341950417E0
1.764790868E2,7.680000067E-1,9.473999977E0,-4.128000259E0
1.764815305E2,1.330050111E0,9.988950729E0,-1.207050085E0
1.764839739E2,3.916050196E0,6.618000507E0,-6.688050270E0
1.764864176E2,2.953950167E0,8.464050293E0,-4.207050323E0
1.764888610E2,9.331950188E0,9.781050682E0,-6.757050514E0
1.764913047E2,5.500950336E0,8.155050278E0,-1.002300072E1
1.764937482E2,-9.600000381E-1,1.021200085E1,-3.232950211E0
1.764961918E2,2.458050013E0,9.529050827E0,5.850000381E-1
1.764986352E2,4.491000175E0,5.535000324E0,-4.060950279E0
1.765010788E2,3.258000135E0,6.721050262E0,-1.231050014E0
1.765035223E2,7.699050426E0,7.867950439E0,-1.533000112E0
1.765059659E2,4.477050304E0,7.165950298E0,-5.869050503E0
1.765084094E2,-2.939999998E-1,8.871000290E0,-1.369500011E-1
1.765108530E2,3.492000103E0,8.727000237E0,-1.420500129E-1
1.765132967E2,2.923050165E0,5.527950287E0,-3.802950144E0
1.765157402E2,2.542050123E0,9.811950684E0,1.993050098E0
1.765181838E2,7.752000332E0,9.979050636E0,-3.795000076E0
1.765206272E2,3.421050072E0,8.049000740E0,-5.854950428E0
1.765230709E2,6.769500375E-1,1.095600033E1,-1.111050010E0
1.765255143E2,4.608000278E0,8.515950203E0,-2.550000191E0
1.765279579E2,3.148050070E0,6.871950150E0,-5.044950008E0
1.765304014E2,3.358050108E0,8.530950546E0,3.550500274E-1
1.765328450E2,7.090950489E0,9.369000435E0,-1.356000066E0
1.765352885E2,3.535950184E0,8.171999931E0,-3.799950123E0
1.765377321E2,3.298950195E0,1.100205040E1,2.190000117E-1
1.765401756E2,6.154950142E0,8.458950043E0,-5.236950397E0
1.765426192E2,1.357050061E0,7.309950352E0,-4.288949966E0
1.765450626E2,2.508000135E0,1.101600075E1,2.503050089E0
1.765475062E2,6.547950268E0,1.133895016E1,-3.477000237E0
1.765499497E2,1.374000072E0,9.462000847E0,-4.015950203E0
1.765523934E2,1.125000000E0,1.132995033E1,1.890000105E0
1.765548370E2,5.206950188E0,9.639000893E0,-3.064950228E0
1.765572805E2,1.729950070E0,7.783950329E0,-5.280000210E0
1.765597241E2,2.461050034E0,1.022595024E1,-7.360500097E-1
1.765621676E2,6.022950172E0,1.003005028E1,-4.648050308E0
1.765646112E2,1.692000031E0,1.043205070E1,-4.201950073E0
1.765670546E2,1.503000021E0,1.073805046E1,-1.123050094E0
1.765694983E2,5.815050125E0,7.699950218E0,-4.915950298E0
1.765719417E2,2.152050018E0,6.460050106E0,-6.241950512E0
1.765743853E2,2.440950155E0,8.502000809E0,5.680500269E-1
1.765768288E2,7.237050533E0,8.550000191E0,-3.051000118E0
1.765792724E2,1.984050035E0,7.075050354E0,-3.397950172E0
1.765817161E2,1.090950012E0,7.810050488E0,2.725950241E0
1.765841596E2,5.656950474E0,6.702000141E0,-1.789050102E0
1.765866032E2,3.904050112E0,4.128000259E0,-8.922000885E0
1.765890466E2,2.635050058E0,5.758050442E0,-4.429950237E0
1.765914903E2,6.757950306E0,6.673050404E0,-5.127000332E0
1.765939337E2,4.218000412E0,7.149000168E0,-5.622000217E0
1.765963773E2,-5.550000072E-1,9.007050514E0,2.577000141E0
1.765988208E2,2.583000183E0,7.720950603E0,2.280000210E0
1.766012644E2,4.504950047E0,4.597050190E0,-4.948950291E0
1.766037079E2,1.584000111E0,8.044950485E0,-1.753050089E0
1.766061515E2,7.740000248E0,7.579950333E0,-3.264000177E0
1.766085949E2,5.290950298E0,5.217000484E0,-7.561950207E0
1.766110386E2,-6.679500341E-1,7.693050385E0,-1.564050078E0
1.766134820E2,3.258000135E0,8.217000008E0,9.420000315E-1
1.766159256E2,7.006950378E0,6.189000130E0,-7.594950199E0
1.766183691E2,2.401050091E0,6.763950348E0,-5.047950268E0
1.766208128E2,5.449050426E0,8.866050720E0,5.899500251E-1
1.766232564E2,7.615050316E0,8.416049957E0,-6.216000080E0
1.766256999E2,1.536000013E0,8.631000519E0,-4.650000095E0
1.766281435E2,1.302000046E0,9.723000526E0,8.149500489E-1
1.766305869E2,5.197050095E0,7.414950371E0,-6.712050438E0
1.766330306E2,1.692000031E0,6.766050339E0,-6.592050076E0
1.766354740E2,1.125000000E0,8.926050186E0,5.230500102E-1
1.766379176E2,6.387000084E0,8.047050476E0,-3.514950275E0
1.766403611E2,1.933950067E0,8.160000801E0,-2.956950188E0
1.766428047E2,-4.039500058E-1,9.469050407E0,3.565950155E0
1.766452482E2,4.186950207E0,8.722050667E0,1.654950023E0
1.766476918E2,4.318050385E0,8.137949944E0,-6.262050152E0
1.766501352E2,1.077000022E0,9.793050766E0,-2.023950100E0
1.766525789E2,4.527000427E0,1.054200077E1,-1.341000080E0
1.766550226E2,3.877950191E0,9.352050781E0,-4.981050014E0
1.766574660E2,9.705000371E-2,9.832950592E0,4.270500243E-1
1.766599096E2,2.440950155E0,8.911050797E0,2.689950228E0
1.766623531E2,4.465050220E0,9.085950851E0,-5.503050327E0
1.766647967E2,3.094950199E0,7.836000443E0,-4.389000416E0
1.766672402E2,7.666050434E0,9.172050476E0,-3.847950220E0
1.766696838E2,8.772000313E0,1.001805019E1,-9.865050316E0
1.766721273E2,1.429050088E0,1.030695057E1,-3.822000265E0
1.766745709E2,1.527000070E0,1.110900021E1,2.275050163E0
1.766770143E2,4.297049999E0,1.135605049E1,-1.059000015E0
1.766794579E2,2.728950024E0,8.595000267E0,-5.692050457E0
1.766819014E2,1.998000145E0,8.595000267E0,-2.397000074E0
1.766843450E2,7.306950569E0,9.225000381E0,-4.276950359E0
1.766867885E2,3.813000202E0,7.354950428E0,-7.039950371E0
1.766892322E2,5.740500093E-1,8.452050209E0,1.999500096E-1
1.766916758E2,4.703999996E0,9.163050652E0,6.810000539E-1
1.766941192E2,4.321050167E0,7.381050587E0,-4.317000389E0
1.766965629E2,7.605000585E-2,6.843000412E0,-1.633050084E0
1.766990063E2,2.415000200E0,8.800950050E0,1.596000075E0
1.767014499E2,6.556950092E0,6.939000130E0,-4.009050369E0
1.767038934E2,4.060500264E-1,6.739950180E0,-3.931950092E0
1.767063370E2,-1.477050066E0,8.107049942E0,2.173050165E0
1.767087805E2,4.222949982E0,6.382950306E0,-2.254050016E0
1.767112241E2,4.642050266E0,5.350950241E0,-8.353950500E0
1.767136675E2,-1.789500117E-1,6.438000202E0,-2.397000074E0
1.767161111E2,4.180050373E0,7.449000359E0,3.670500219E-1
1.767185546E2,5.812950134E0,5.370000362E0,-2.586000204E0
1.767209982E2,1.804050088E0,6.852000237E0,1.026000023E0
1.767234417E2,5.559000492E0,7.816950321E0,4.890000224E-1
1.767258854E2,7.366050243E0,7.089000225E0,-7.099950314E0
1.767283290E2,1.041000009E0,8.610000610E0,-7.168950558E0
1.767307725E2,1.972050071E0,1.090800095E1,-4.395000264E-2
1.767332161E2,4.645950317E0,9.787950516E0,-1.578000069E0
1.767356595E2,1.182000041E0,1.000605011E1,-1.261950016E0
1.767381031E2,-1.242000103E0,1.063995075E1,2.164950132E0
1.767405466E2,2.920050144E0,1.015395069E1,2.941050053E0
1.767429902E2,7.009950161E0,1.088205051E1,-8.657999992E0
1.767454337E2,4.303950310E0,9.567000389E0,-7.729050159E0
1.767478773E2,5.173050404E0,1.091100025E1,-5.529000282E0
1.767503207E2,4.623000145E0,1.140405083E1,-4.405950069E0
1.767527644E2,5.209500194E-1,1.179195023E1,8.505000174E-2
1.767552078E2,1.024049997E0,1.115700054E1,2.971950054E0
1.767576514E2,6.804000378E0,1.037895012E1,-2.497950077E0
1.767600949E2,5.041950226E0,8.125950813E0,-8.377950668E0
1.767625386E2,3.130950212E0,9.730050087E0,-5.577000141E0
1.767649822E2,6.751050472E0,9.916950226E0,-4.532999992E0
1.767674257E2,3.220050097E0,1.027905083E1,-3.361950159E0
1.767698693E2,9.349500537E-1,8.566950798E0,1.686000109E0
1.767723127E2,-1.170000061E-1,9.304050446E0,4.323000431E0
1.767747564E2,1.287000060E0,8.310000420E0,2.623050213E0
1.767771998E2,1.285050035E0,6.543000221E0,-2.035950184E0
1.767796434E2,4.660950184E0,7.710000515E0,-2.557950020E0
1.767820869E2,7.809000492E0,8.842050552E0,-5.650950432E0
1.767845305E2,2.616000175E0,9.040950775E0,-3.657000065E0
1.767869740E2,1.600500047E-1,1.048695087E1,1.555050015E0
1.767894176E2,2.620950222E0,1.087200069E1,2.022000074E0
1.767918610E2,4.275000095E0,8.830050468E0,-4.686000347E0
1.767943046E2,1.776000142E0,7.432050228E0,-5.775000095E0
1.767967481E2,3.990000248E0,7.231050491E0,-3.610950232E0
1.767991918E2,7.738050461E0,7.855950356E0,-6.235050201E0
1.768016354E2,1.797000051E0,7.603950500E0,-4.210050106E0
1.768040789E2,1.429500133E-1,7.551000595E0,1.200000048E0
1.768065225E2,4.933950424E0,8.433000565E0,-3.979500234E-1
1.768089660E2,4.998000145E0,6.783000469E0,-6.601950169E0
1.768114096E2,3.870000243E-1,5.727000237E0,-3.985050201E0
1.768138531E2,1.740000099E-1,8.513999939E0,4.180500209E-1
1.768162967E2,1.974000096E0,7.057950497E0,-8.149500489E-1
1.768187401E2,7.609500289E-1,6.381000519E0,8.509500623E-1
1.768211837E2,1.579050064E0,7.125000477E0,3.975000143E0
1.768236272E2,8.440950394E0,7.281000137E0,-8.070000410E-1
1.768260708E2,6.250950336E0,6.855000496E0,-6.295050144E0
1.768285143E2,1.000050068E0,9.577050209E0,-1.729500145E-1
1.768309579E2,2.587050200E0,1.129905033E1,6.930000186E-1
1.768334016E2,2.740950108E0,9.904950142E0,-3.324000120E0
1.768358450E2,1.069500074E-1,1.178895092E1,-7.789500356E-1
1.768382887E2,1.194000006E0,9.025950432E0,8.130000234E-1
1.768407321E2,4.690050125E0,9.445050240E0,-5.244000435E0
1.768431757E2,6.130950451E0,8.467950821E0,-1.003995037E1
1.768456192E2,1.753950119E0,8.332050323E0,-5.196000099E0
1.768480628E2,3.840000153E0,9.793050766E0,-3.096000195E0
1.768505063E2,5.167950153E0,1.044405079E1,-4.296000004E0
1.768529499E2,1.290000081E0,9.180000305E0,-1.408050060E0
1.768553934E2,4.456950188E0,9.438000679E0,6.690000296E-1
1.768578370E2,7.930950165E0,1.003905010E1,-6.040950298E0
1.768602804E2,4.528950214E0,8.539950371E0,-9.369000435E0
1.768627241E2,2.005950212E0,9.226950645E0,-4.534950256E0
1.768651675E2,4.029000282E0,1.096605015E1,-3.159000158E0
1.768676111E2,1.998000145E0,9.072000504E0,-3.445950270E0
1.768700546E2,-9.529500604E-1,7.711950302E0,1.323000073E0
1.768724983E2,3.337050200E0,6.187050343E0,1.761000037E0
1.768749419E2,1.149705029E1,6.429000378E0,-8.419050217E0
1.768773854E2,6.093000412E0,5.430000305E0,-1.273800087E1
1.768798290E2,-6.490500569E-1,6.907050133E0,-2.320950031E0
1.768822725E2,3.982950211E0,7.197000504E0,1.762950063E0
1.768847161E2,5.566050053E0,6.931050301E0,4.150500298E-1
1.768871595E2,1.618050098E0,8.875950813E0,3.303000212E0
1.768896032E2,4.447950363E0,8.880000114E0,3.688050270E0
1.768920466E2,9.073950768E0,8.385000229E0,-7.095000267E0
1.768944902E2,2.773950100E0,7.824000359E0,-7.753050327E0
1.768969337E2,-2.400000021E-2,9.771000862E0,1.540500075E-1
1.768993773E2,5.689499974E-1,1.196895027E1,1.947000146E0
1.769018208E2,2.653950214E0,9.939000130E0,2.040000111E-1
1.769042644E2,1.021950006E0,9.782999992E0,-5.320500135E-1
1.769067078E2,1.260000020E-1,1.008000088E1,2.710500062E-1
1.769091515E2,3.088050127E0,1.257000065E1,3.087000132E0
1.769115951E2,4.942950249E0,1.148805046E1,-4.839000225E0
1.769140386E2,1.921950102E0,1.125795078E1,-5.281950474E0
1.769164822E2,3.837000132E0,1.252395058E1,-3.451050282E0
1.769189257E2,2.317050219E0,1.209795094E1,-4.726950169E0
1.769213693E2,5.700000376E-2,9.816000938E0,5.830500126E-1
1.769238128E2,-1.770000011E-1,9.220050812E0,7.549500465E-1
1.769262564E2,3.150000095E0,1.213395023E1,3.679050207E0
1.769286998E2,2.704950094E0,9.651000023E0,-4.405950069E0
1.769311435E2,2.559000015E0,6.936000347E0,-1.099050045E0
1.769335869E2,6.670050144E0,8.665050507E0,-2.859000206E0
1.769360305E2,3.516000271E0,9.799950600E0,-3.355050087E0
1.769384740E2,8.710500598E-1,8.284049988E0,1.227000117E0
1.769409177E2,2.179949999E0,6.796950340E0,1.270050049E0
1.769433611E2,6.442050457E0,7.165950298E0,-3.465000153E0
1.769458048E2,5.038950443E0,6.436050415E0,-8.557950020E0
1.769482484E2,1.765950084E0,5.704950333E0,-3.874050140E0
1.769506919E2,4.117050171E0,7.432050228E0,-5.100000501E-1
1.769531355E2,3.148050070E0,8.935050011E0,-1.540500075E-1
1.769555789E2,9.259500504E-1,7.738050461E0,2.050050020E0
1.769580225E2,2.653950214E0,8.763000488E0,1.102050066E0
1.769604660E2,7.089000225E0,7.153950214E0,-5.464050293E0
1.769629096E2,3.973950148E0,6.631950378E0,-1.058100033E1
1.769653531E2,8.800500631E-1,7.077000141E0,-4.483050346E0
1.769677967E2,5.458050251E0,8.701050758E0,-2.016000032E0
1.769702402E2,6.198000431E0,7.465050220E0,-3.289950132E0
1.769726838E2,-3.105000220E-2,8.559000015E0,1.399500072E-1
1.769751272E2,3.319950104E0,8.145000458E0,2.055000067E0
1.769775709E2,1.045500088E1,7.615950584E0,-6.666000366E0
1.769800143E2,5.242950439E0,7.285950184E0,-1.095900059E1
1.769824579E2,-5.220000148E-1,8.518950462E0,-1.636050105E0
1.769849016E2,1.050000042E-1,9.726000786E0,4.179000378E0
1.769873451E2,1.996050119E0,9.163050652E0,1.993050098E0
1.769897887E2,1.480950117E0,1.060200024E1,-7.710000277E-1
1.769922322E2,1.069050074E0,1.023495007E1,4.249500334E-1
1.769946758E2,1.939050078E0,1.106205082E1,1.852050066E0
1.769971193E2,3.436950207E0,1.139205074E1,-9.409500360E-1
1.769995629E2,2.065050125E0,1.018800068E1,-2.682000160E0
1.770020063E2,1.450050116E0,1.094205093E1,-7.620000243E-1
1.770044499E2,3.231000185E0,1.255800056E1,-7.330500484E-1
1.770068934E2,1.705950022E0,1.095405006E1,-2.593050241E0
1.770093371E2,-1.905000024E-2,9.160050392E0,8.479500413E-1
1.770117807E2,3.121050119E0,1.095900059E1,9.109500647E-1
1.770142242E2,5.154000282E0,1.315695095E1,-7.012950420E0
1.770166678E2,1.741950035E0,1.089900017E1,-8.857050896E0
1.770191113E2,1.549500078E-1,8.161950111E0,-4.219500124E-1
1.770215549E2,1.254000068E0,9.181950569E0,6.790500283E-1
1.770239984E2,7.080000043E-1,9.057000160E0,-8.530500531E-1
1.770264420E2,1.215000033E0,4.987050056E0,-2.419500053E-1
1.770288854E2,7.018950462E0,5.500050068E0,-2.446950197E0
1.770313291E2,9.888000488E0,6.784950256E0,-8.986050606E0
1.770337725E2,5.881950378E0,3.871050119E0,-9.802950859E0
1.770362161E2,2.764950037E0,7.246950150E0,-3.285000086E0
1.770386596E2,4.375950336E0,9.603000641E0,-1.618950129E0
1.770411032E2,1.611000061E0,9.334950447E0,-2.205000073E-2
1.770435467E2,-2.659500241E-1,7.378950119E0,4.768050194E0
1.770459903E2,2.377050161E0,7.408050537E0,4.903950214E0
1.770484340E2,9.864000320E0,7.104000568E0,-7.087950230E0
1.770508774E2,5.473050117E0,6.430950165E0,-1.205295086E1
1.770533210E2,-4.669500291E-1,8.109000206E0,-5.023950100E0
1.770557645E2,1.351950049E0,7.282950401E0,2.505000122E-2
1.770582081E2,4.333050251E0,8.161950111E0,8.220000267E-1
1.770606516E2,1.563000083E0,8.860950470E0,1.852050066E0
1.770630952E2,1.764000058E0,7.900950432E0,2.910000086E0
1.770655387E2,7.351950169E0,6.757050514E0,-3.879000187E0
1.770679823E2,5.295000076E0,6.847950459E0,-7.711950302E0
1.770704260E2,8.539500237E-1,7.687950134E0,-2.449950218E0
1.770728694E2,7.390500307E-1,9.172050476E0,3.460500240E-1
1.770753131E2,2.635050058E0,1.052805042E1,-1.501950026E0
1.770777564E2,1.338000059E0,8.911050797E0,-1.120950103E0
1.770802002E2,1.309500039E-1,7.650000572E0,1.143000007E0
1.770826436E2,4.227000237E0,8.136000633E0,-8.050500154E-1
1.770850872E2,5.137050152E0,9.084000587E0,-7.450950146E0
1.770875307E2,1.053000093E0,7.255050182E0,-4.593000412E0
1.770899743E2,3.510000110E-1,6.595950127E0,6.550500393E-1
1.770924178E2,1.912050128E0,8.787000656E0,1.914000034E0
1.770948614E2,9.930000305E-1,7.942050457E0,2.760000229E-1
1.770973049E2,3.870000243E-1,5.428050041E0,2.167950153E0
1.770997485E2,4.888050079E0,6.550950527E0,7.810500264E-1
1.771021919E2,7.407000542E0,7.815000534E0,-5.200950146E0
1.771046356E2,3.849000216E0,6.763950348E0,-4.416000366E0
1.771070790E2,9.139500260E-1,8.145000458E0,1.350000054E-1
1.771095227E2,1.905000091E0,1.326900101E1,2.304000139E0
1.771119661E2,2.319000006E0,1.155000019E1,1.042050004E0
1.771144098E2,8.560500145E-1,9.675000191E0,-1.641000032E0
1.771168532E2,1.611000061E0,1.084095097E1,1.830000043E0
1.771192969E2,6.538050175E0,1.051305008E1,-4.261950016E0
1.771217403E2,4.736999989E0,1.189005089E1,-1.030095005E1
1.771241839E2,3.226950169E0,1.047705078E1,-6.178050518E0
1.771266276E2,2.425050020E0,1.141095066E1,-2.221950054E0
1.771290710E2,2.985000134E0,1.321395016E1,-1.116000056E0
1.771315146E2,2.218950033E0,1.274700069E1,-6.970500350E-1
1.771339581E2,3.255000114E0,9.013950348E0,-1.678950071E0
1.771364017E2,7.150950432E0,9.016950607E0,-4.320000172E0
1.771388452E2,6.403950214E0,1.057500076E1,-7.621050358E0
1.771412888E2,2.403000116E0,9.229950905E0,-3.963000298E0
1.771437322E2,2.869950056E0,8.039999962E0,7.429500222E-1
1.771461759E2,3.949950218E0,1.235400105E1,1.500000119E0
1.771486193E2,1.756950140E0,1.076505089E1,1.978950143E0
1.771510630E2,5.670000315E-1,7.834050179E0,2.065050125E0
1.771535066E2,1.407000065E0,9.618000031E0,2.677950144E0
1.771559501E2,4.098000050E0,9.402000427E0,-4.240950108E0
1.771583937E2,1.960050106E0,7.264050484E0,-7.429950237E0
1.771608372E2,1.069500074E-1,7.281000137E0,-2.067000151E0
1.771632808E2,1.279950023E0,8.820000648E0,1.572000027E0
1.771657242E2,2.623050213E0,1.098300076E1,5.640000105E-1
1.771681679E2,1.680000067E0,8.952000618E0,-1.129500046E-1
1.771706113E2,2.334000111E0,8.521050453E0,1.011000037E0
1.771730549E2,6.528000355E0,1.035795021E1,-2.680050135E0
1.771754984E2,5.599050045E0,1.009695053E1,-7.063950539E0
1.771779420E2,1.563000083E0,9.189000130E0,-2.779950142E0
1.771803855E2,1.483950019E0,9.364050865E0,1.071000099E0
1.771828291E2,3.042000055E0,1.073805046E1,1.369500011E-1
1.771852725E2,1.843050122E0,8.928000450E0,-2.433000088E0
1.771877161E2,7.339500189E-1,7.543950558E0,6.760500073E-1
1.771901596E2,4.383000374E0,9.229950905E0,-1.831950068E0
1.771926033E2,7.101000309E0,9.723000526E0,-8.719950676E0
1.771950469E2,2.496000051E0,7.876950264E0,-7.702950478E0
1.771974904E2,1.009950042E0,5.409000397E0,-2.380500138E-1
1.771999340E2,3.175950050E0,9.862050056E0,1.500000119E0
1.772023774E2,1.536000013E0,7.930050373E0,-4.980000257E-1
1.772048211E2,1.918950081E0,4.954050064E0,-1.110000089E-1
1.772072645E2,5.599050045E0,7.132050514E0,-3.463050127E0
1.772097081E2,9.397050858E0,6.081000328E0,-1.071300030E1
1.772121516E2,4.843050003E0,6.225000381E0,-1.097805023E1
1.772145952E2,-8.140500188E-1,6.735000134E0,-2.670000076E0
1.772170386E2,8.680500388E-1,7.960950375E0,3.726000071E0
1.772194823E2,3.399000168E0,7.342950344E0,2.778000116E0
1.772219257E2,2.664000034E0,6.855000496E0,2.794950247E0
1.772243693E2,3.640950203E0,6.061950207E0,3.216000080E0
1.772268128E2,8.546999931E0,7.597050190E0,-4.150050163E0
1.772292564E2,6.744000435E0,8.854050636E0,-1.153605080E1
1.772317001E2,4.420500100E-1,9.217950821E0,-5.479050159E0
1.772341436E2,-5.530500412E-1,8.812950134E0,1.057050109E0
1.772365872E2,6.769500375E-1,1.252200031E1,3.240000248E0
1.772390307E2,1.486050129E0,1.100895023E1,-5.269500017E-1
1.772414743E2,7.579500079E-1,9.960000038E0,-1.222050071E0
1.772439177E2,2.551050186E0,1.005795002E1,2.938950062E0
1.772463613E2,5.319000244E0,1.144695091E1,-4.641000271E0
1.772488048E2,3.310050249E0,1.215600014E1,-6.937050343E0
1.772512484E2,3.391950130E0,1.071000004E1,-4.333950043E0
1.772536919E2,2.305050135E0,1.203105068E1,-5.890500546E-1
1.772561355E2,1.990950108E0,1.335795021E1,7.000500560E-1
1.772585790E2,1.311000109E0,9.982050896E0,9.195000678E-2
1.772610226E2,1.480950117E0,8.028000832E0,8.479500413E-1
1.772634660E2,7.045950413E0,9.453000069E0,-4.189949989E0
1.772659097E2,6.946950436E0,1.080105019E1,-1.016895008E1
1.772683531E2,2.398050070E0,8.266950607E0,-4.786950111E0
1.772707967E2,2.422049999E0,6.364050388E0,1.324950099E0
1.772732404E2,3.148050070E0,1.031205082E1,2.316000223E0
1.772756839E2,1.716000080E0,9.364050865E0,9.589500427E-1
1.772781275E2,1.096050024E0,5.575950146E0,2.500950098E0
1.772805710E2,3.871050119E0,6.520050526E0,7.930500507E-1
1.772830146E2,5.824050426E0,6.361950397E0,-5.674950123E0
1.772854581E2,1.524000049E0,6.397050381E0,-6.952950478E0
1.772879017E2,9.000000358E-2,6.843000412E0,-2.639999986E-1
1.772903451E2,1.395000100E0,9.718050003E0,3.159000158E0
1.772927887E2,1.357050061E0,8.116950035E0,1.234050035E0
1.772952322E2,1.090500057E-1,7.389000416E0,4.750500321E-1
1.772976758E2,9.310500622E-1,7.911000252E0,1.672050118E0
1.773001193E2,5.757000446E0,8.287050247E0,-3.955950260E0
1.773025629E2,4.510050297E0,6.852000237E0,-9.538950920E0
1.773050064E2,-1.170000061E-1,5.977950096E0,-4.321950436E0
1.773074501E2,2.100000083E-1,7.180050373E0,1.258050084E0
1.773098934E2,3.679050207E0,8.761050224E0,3.769500256E-1
1.773123371E2,3.166950226E0,7.065000534E0,-1.317000031E0
1.773147808E2,2.536950111E0,6.532050133E0,-3.330000043E-1
1.773172242E2,6.823050499E0,6.775950432E0,-3.633000135E0
1.773196678E2,7.204050541E0,6.541050434E0,-1.030305004E1
1.773221113E2,1.960050106E0,6.316050529E0,-8.416049957E0
1.773245549E2,3.510000110E-1,7.306950569E0,-1.438950062E0
1.773269984E2,4.198950291E0,8.398950577E0,5.279999971E-1
1.773294420E2,5.152050018E0,7.987050533E0,-2.064000130E0
1.773318854E2,1.081050038E0,7.675950527E0,-4.240500331E-1
1.773343291E2,3.226950169E0,8.029950142E0,1.171950102E0
1.773367725E2,8.904000282E0,9.043050766E0,-4.188000202E0
1.773392161E2,4.347000122E0,8.617050171E0,-8.431050301E0
1.773416596E2,-9.120000601E-1,8.926050186E0,-2.646000147E0
1.773441032E2,-1.036949992E0,9.643950462E0,2.955000162E0
1.773465469E2,1.924050093E0,1.065705013E1,1.272000074E0
1.773489904E2,3.373050213E0,1.134405041E1,-2.608050108E0
1.773514340E2,3.279000044E0,9.472050667E0,-9.799500704E-1
1.773538774E2,4.345050335E0,1.009695053E1,-2.277000189E0
1.773563211E2,5.817000389E0,1.151595020E1,-6.265950203E0
1.773587645E2,2.281050205E0,9.963000298E0,-5.038050175E0
1.773612081E2,5.710500479E-1,8.791950226E0,-6.250500083E-1
1.773636516E2,2.731050014E0,1.191900063E1,6.930000186E-1
1.773660952E2,4.146000385E0,1.286205101E1,-1.012950063E0
1.773685387E2,1.783050060E0,9.001950264E0,-1.315050006E0
1.773709823E2,1.495950103E0,9.084000587E0,-6.709500551E-1
1.773734258E2,4.648950100E0,1.124295044E1,-3.783000231E0
1.773758694E2,4.021950245E0,1.047300053E1,-8.131050110E0
1.773783128E2,1.053000093E0,7.543950558E0,-2.277000189E0
1.773807565E2,1.702050090E0,7.018050194E0,2.332950115E0
1.773831999E2,4.213050365E0,1.089600086E1,1.423050046E0
1.773856436E2,2.542050123E0,7.513050556E0,-1.483050108E0
1.773880870E2,3.250950098E0,6.505050182E0,-1.240950108E0
1.773905307E2,7.603050232E0,7.990050316E0,-4.669050217E0
1.773929743E2,8.571000099E0,7.378950119E0,-1.029405022E1
1.773954177E2,2.494050026E0,7.558950424E0,-8.376000404E0
1.773978614E2,3.495000303E-2,8.313000679E0,-6.970500350E-1
1.774003048E2,3.816000223E0,8.908950806E0,2.533950090E0
1.774027484E2,5.166000366E0,8.155050278E0,-8.119500279E-1
1.774051919E2,1.596000075E0,7.377000332E0,1.327050090E0
1.774076355E2,3.295950174E0,7.651950359E0,2.062050104E0
1.774100790E2,7.419000149E0,9.100950241E0,-3.939000130E0
1.774125226E2,3.544950247E0,9.735000610E0,-8.044950485E0
1.774149660E2,-3.730500042E-1,9.663000107E0,-1.269000053E0
1.774174097E2,-5.290500522E-1,9.595950127E0,2.095950127E0
1.774198533E2,1.555050015E0,1.246695042E1,1.402050018E0
1.774222968E2,2.827050209E0,1.129095078E1,1.005000062E-2
1.774247404E2,3.355950117E0,9.079050064E0,-7.810500264E-1
1.774271839E2,5.994000435E0,9.144000053E0,-3.901050091E0
1.774296275E2,7.936050415E0,1.066395092E1,-9.535050392E0
1.774320709E2,2.392950058E0,9.714000702E0,-8.980950356E0
1.774345146E2,4.500000179E-2,8.919000626E0,-2.590950012E0
1.774369580E2,3.294000149E0,1.167900085E1,7.360500097E-1
1.774394016E2,3.564000130E0,1.207905102E1,-1.119000077E0
1.774418453E2,1.582050085E0,8.193000793E0,-3.379500210E-1
1.774442887E2,2.341050148E0,7.282950401E0,4.819500148E-1
1.774467324E2,5.632950306E0,9.952950478E0,-2.895000219E0
1.774491758E2,4.642050266E0,8.719950676E0,-8.272950172E0
1.774516195E2,1.201050043E0,6.414000511E0,-4.144950390E0
1.774540628E2,2.427000046E0,7.446000576E0,7.620000243E-1
1.774565065E2,5.286000252E0,9.201000214E0,2.620500028E-1
1.774589499E2,4.551000118E0,9.012000084E0,-1.729500145E-1
1.774613936E2,3.688950062E0,9.049950600E0,4.080000222E-1
1.774638371E2,5.647050381E0,9.782999992E0,-1.159050107E0
1.774662807E2,6.090000153E0,1.019205093E1,-6.238050461E0
1.774687242E2,2.121000051E0,1.024005032E1,-6.826950550E0
1.774711677E2,-2.100000158E-2,1.001295090E1,-6.400500536E-1
1.774736112E2,1.678050041E0,1.127895069E1,1.282050014E0
1.774760548E2,4.444950104E0,1.265895081E1,-3.364050150E0
1.774784983E2,3.250950098E0,1.089900017E1,-3.175050259E0
1.774809420E2,2.653950214E0,9.141000748E0,-1.528050065E0
1.774833856E2,5.398050308E0,1.102095032E1,-3.814950228E0
1.774858290E2,4.297049999E0,1.202595043E1,-6.300000191E0
1.774882726E2,8.989500403E-1,9.535950661E0,-4.717050076E0
1.774907161E2,8.295000345E-2,7.350000381E0,7.690500617E-1
1.774931597E2,3.913950205E0,1.071000004E1,-9.580500722E-1
1.774956032E2,4.050000191E0,9.634950638E0,-4.999950409E0
1.774980468E2,2.949000120E0,6.787950516E0,-4.207050323E0
1.775004903E2,3.945000172E0,7.176000118E0,-3.481950283E0
1.775029339E2,6.562050343E0,7.876950264E0,-5.665050507E0
1.775053773E2,2.386050224E0,6.043050289E0,-5.509950161E0
1.775078210E2,-5.620500445E-1,5.683950424E0,2.323050022E0
1.775102644E2,2.760000229E0,6.313950062E0,4.344000340E0
1.775127080E2,7.371000290E0,6.526950359E0,-1.030050039E0
1.775151515E2,2.274000168E0,5.823000431E0,-1.401000023E0
1.775175951E2,1.206000090E0,7.213950157E0,2.259000063E0
1.775200386E2,6.186000347E0,8.164050102E0,-1.303050041E0
1.775224823E2,6.459000111E0,8.983050346E0,-8.208000183E0
1.775249259E2,4.110000134E-1,8.770050049E0,-4.102050304E0
1.775273693E2,-9.739500284E-1,7.183050156E0,2.529000044E0
1.775298130E2,1.921950102E0,9.610950470E0,1.057050109E0
1.775322564E2,3.648000240E0,9.931050301E0,-3.811950207E0
1.775347000E2,1.978950143E0,7.944000244E0,-3.739950180E0
1.775371435E2,3.271950245E0,6.723000526E0,-4.320000172E0
1.775395871E2,7.963050365E0,8.446949959E0,-7.305000305E0
1.775420306E2,3.258000135E0,8.179050446E0,-8.187000275E0
1.775444742E2,-1.770000011E-1,6.595950127E0,-2.127000093E0
1.775469177E2,1.864050031E0,9.127050400E0,2.356950045E0
1.775493613E2,3.496950150E0,8.671950340E0,-1.165950060E0
1.775518047E2,1.563000083E0,5.278950214E0,-1.630950093E0
1.775542484E2,1.306050062E0,4.621050358E0,3.240000010E-1
1.775566918E2,6.538050175E0,5.674050331E0,-3.123000145E0
1.775591354E2,7.966950417E0,5.527950287E0,-8.590950012E0
1.775615789E2,6.700500250E-1,4.800000191E0,-5.446950436E0
1.775640226E2,-1.434000015E0,6.783000469E0,3.511050224E0
1.775664662E2,2.362050056E0,8.004000664E0,4.461000443E0
1.775689097E2,5.461050034E0,8.461050034E0,-7.000500560E-1
1.775713533E2,2.731050014E0,6.919050217E0,-2.752050161E0
1.775737968E2,3.052050114E0,7.666050434E0,-2.055000067E0
1.775762404E2,7.084050179E0,7.798050404E0,-6.907950401E0
1.775786839E2,3.303000212E0,7.615950584E0,-9.682950020E0
1.775811275E2,-2.659500241E-1,7.396050453E0,-2.752050161E0
1.775835709E2,9.949500561E-1,8.239050865E0,2.328000069E0
1.775860146E2,5.616000175E0,1.074300098E1,-1.319999993E-1
1.775884580E2,4.375950336E0,9.714000702E0,-1.231050014E0
1.775909016E2,2.707050085E0,8.763000488E0,8.080500364E-1
1.775933451E2,5.154000282E0,1.042905045E1,-1.027950048E0
1.775957887E2,6.399000168E0,1.243305016E1,-6.490950108E0
1.775982322E2,1.669950128E0,1.095405006E1,-7.090050220E0
1.776006758E2,-4.120500088E-1,8.119050026E0,-4.095000029E-2
1.776031192E2,1.096050024E0,1.063305092E1,1.576050043E0
1.776055629E2,3.138000250E0,1.312995052E1,-3.619500101E-1
1.776080066E2,3.897000074E0,8.860950470E0,-2.529000044E0
1.776104500E2,4.534049988E0,7.719000340E0,-3.156000137E0
1.776128936E2,6.958950520E0,1.033395004E1,-4.834950447E0
1.776153371E2,5.010000229E0,1.088400078E1,-7.851000309E0
1.776177807E2,7.249500155E-1,8.698050499E0,-3.469950199E0
1.776202242E2,1.705950022E0,8.449049950E0,1.971000075E0
1.776226678E2,4.515000343E0,1.291500092E1,1.702950120E0
1.776251112E2,3.094950199E0,9.556050301E0,-2.016000032E0
1.776275549E2,2.791050196E0,7.210950375E0,-2.809050083E0
1.776299983E2,4.929000378E0,7.654050350E0,-3.979950190E0
1.776324420E2,8.092050552E0,8.902050018E0,-7.696050167E0
1.776348854E2,3.400950193E0,8.377950668E0,-8.797050476E0
1.776373290E2,2.770500183E-1,6.856950283E0,-5.749500394E-1
1.776397725E2,1.612950087E0,9.394950867E0,3.607050180E0
1.776422161E2,3.949950218E0,9.760950089E0,1.035000086E0
1.776446598E2,2.926950216E0,8.044950485E0,-1.818000078E0
1.776471033E2,2.994000196E0,7.975050449E0,-2.859000206E0
1.776495469E2,6.888000488E0,7.948950291E0,-5.436000347E0
1.776519903E2,5.425050259E0,8.797050476E0,-9.256950378E0
1.776544340E2,-6.705000252E-2,7.858050346E0,-3.261000156E0
1.776568774E2,2.050500065E-1,7.993950367E0,3.979950190E0
1.776593210E2,2.226000071E0,1.031700039E1,3.517950058E0
1.776617645E2,5.604000092E0,1.047300053E1,-3.960000277E-1
1.776642081E2,3.259950161E0,7.360050201E0,-3.190050125E0
1.776666516E2,3.825000286E0,8.890050888E0,-2.617050171E0
1.776690952E2,7.134000301E0,1.015905094E1,-7.344000340E0
1.776715387E2,3.849000216E0,1.037700081E1,-7.899000168E0
1.776739823E2,1.450500041E-1,8.677050591E0,-4.800000042E-2
1.776764257E2,5.020500422E-1,8.152050018E0,2.479050159E0
1.776788694E2,1.816050053E0,1.331700039E1,1.555050015E0
1.776813128E2,4.315950394E0,1.051605034E1,-8.599500656E-1
1.776837564E2,3.676950216E0,7.369950294E0,-4.392000198E0
1.776862001E2,7.516950130E0,8.512050629E0,-7.780050278E0
1.776886436E2,6.325050354E0,1.035795021E1,-1.085100079E1
1.776910872E2,2.097000122E0,8.989950180E0,-8.143050194E0
1.776935307E2,9.280500412E-1,6.157950401E0,-3.280500174E-1
1.776959743E2,4.350000381E0,8.610000610E0,2.544000149E0
1.776984178E2,4.672950268E0,8.478000641E0,-4.030500054E-1
1.777008614E2,2.383949995E0,4.969950199E0,-1.426950097E0
1.777033048E2,2.772000074E0,6.093000412E0,-8.220000267E-1
1.777057485E2,8.275950432E0,7.341000557E0,-3.384000063E0
1.777081922E2,6.519000530E0,7.246950150E0,-8.313000679E0
1.777106356E2,2.310000062E-1,7.450950146E0,-3.952950239E0
1.777130793E2,-1.003050089E0,7.345950127E0,4.645950317E0
1.777155227E2,1.081050038E0,8.767950058E0,3.922950268E0
1.777179663E2,3.724950075E0,9.618000031E0,3.940500319E-1
1.777204098E2,2.914950132E0,8.179050446E0,-1.849050045E0
1.777228534E2,4.645950317E0,8.208000183E0,-2.694000244E0
1.777252969E2,7.216050148E0,9.591000557E0,-7.564050198E0
1.777277405E2,3.817950249E0,1.040505028E1,-8.803950310E0
1.777301839E2,3.199500144E-1,9.382950783E0,-2.100000143E0
1.777326275E2,5.040000081E-1,9.247050285E0,1.009050012E0
1.777350710E2,4.383000374E0,1.241205025E1,-3.790500164E-1
1.777375146E2,4.243950367E0,1.028295040E1,-3.757050276E0
1.777399581E2,2.644950151E0,7.815000534E0,-1.207050085E0
1.777424017E2,5.821950436E0,9.109950066E0,-2.929050207E0
1.777448452E2,7.800000191E0,1.144005013E1,-7.485000134E0
1.777472888E2,2.761950016E0,1.061100006E1,-7.762950420E0
1.777497322E2,5.470499992E-1,8.131050110E0,-4.219500124E-1
1.777521759E2,3.178950071E0,1.092495060E1,2.284950018E0
1.777546195E2,2.683050156E0,1.269000053E1,5.400000140E-2
1.777570630E2,2.005950212E0,8.361000061E0,-7.000500560E-1
1.777595066E2,1.941000104E0,7.966050148E0,-1.698000073E0
1.777619501E2,6.406050205E0,8.662050247E0,-4.939950466E0
1.777643937E2,5.094000340E0,8.950050354E0,-8.512050629E0
1.777668371E2,1.029000044E0,7.923000336E0,-4.705049992E0
1.777692807E2,1.009950042E0,8.763000488E0,1.279050112E0
1.777717242E2,3.483000278E0,9.639000893E0,1.507050037E0
1.777741678E2,2.869950056E0,9.172050476E0,-9.700500369E-1
1.777766113E2,7.819500566E-1,7.681050301E0,-3.550500274E-1
1.777790550E2,1.588950038E0,8.164050102E0,-5.779500008E-1
1.777814983E2,5.944050312E0,9.060000420E0,-5.134050369E0
1.777839420E2,4.219950199E0,7.720950603E0,-8.254050255E0
1.777863856E2,-1.339500099E-1,6.613050461E0,-1.993050098E0
1.777888291E2,6.700500250E-1,7.540050507E0,2.316000223E0
1.777912727E2,5.797950268E0,1.029495049E1,-9.319500327E-1
1.777937162E2,3.976050138E0,7.864950180E0,-4.132950306E0
1.777961598E2,1.918950081E0,7.326000214E0,-2.095050097E0
1.777986033E2,4.761000156E0,6.682050228E0,-3.481950283E0
1.778010469E2,7.242000580E0,7.948950291E0,-8.881050110E0
1.778034903E2,2.221050024E0,6.562950134E0,-7.765050411E0
1.778059340E2,-1.045950055E0,6.520050526E0,1.962000132E0
1.778083774E2,2.671050072E0,8.112000465E0,3.901050091E0
1.778108210E2,6.664950371E0,7.570950508E0,-1.954050064E0
1.778132645E2,2.213999987E0,6.996000290E0,-2.092950106E0
1.778157081E2,1.534050107E0,7.867950439E0,-7.000500560E-1
1.778181516E2,7.327950478E0,8.229000092E0,-3.589950085E0
1.778205952E2,5.314950466E0,9.498000145E0,-8.047950745E0
1.778230386E2,-7.519500256E-1,8.217000008E0,-2.517000198E0
1.778254823E2,-1.822050095E0,7.759950161E0,3.681000233E0
1.778279259E2,1.282950044E0,9.133950233E0,1.959000111E0
1.778303694E2,7.323000431E0,1.030695057E1,-3.388050079E0
1.778328130E2,4.723050117E0,7.554000378E0,-5.668050289E0
1.778352565E2,4.108050346E0,8.365950584E0,-4.750950336E0
1.778377001E2,6.964050293E0,9.847950935E0,-7.126050472E0
1.778401435E2,3.259950161E0,1.007505035E1,-7.072950363E0
1.778425872E2,-2.340000123E-1,7.920000553E0,5.440500379E-1
1.778450306E2,4.849500358E-1,8.593050003E0,1.797000051E0
1.778474742E2,2.215950012E0,1.246695042E1,2.520000219E0
1.778499177E2,2.719050169E0,8.002050400E0,-2.569500208E-1
1.778523613E2,2.098950148E0,6.760950089E0,-9.409500360E-1
1.778548048E2,6.636000156E0,9.109950066E0,-3.838950157E0
1.778572484E2,6.787050247E0,1.085595036E1,-7.531050205E0
1.778596918E2,1.675050020E0,1.056600094E1,-3.886050224E0
1.778621355E2,7.890000343E-1,7.992000580E0,2.364000082E0
1.778645789E2,8.280000687E-1,1.085595036E1,2.401950121E0
1.778670225E2,6.790500283E-1,1.229700089E1,9.439500570E-1
1.778694660E2,1.113000035E0,9.547950745E0,4.180500209E-1
1.778719097E2,1.231950045E0,8.433000565E0,1.689000130E0
1.778743533E2,2.097000122E0,1.011795044E1,2.521950006E0
1.778767968E2,9.727050781E0,1.163895035E1,-5.838000298E0
1.778792404E2,5.518050194E0,8.643000603E0,-1.007295036E1
1.778816838E2,2.134950161E0,9.702000618E0,-4.272000313E0
1.778841275E2,3.640950203E0,1.228695011E1,-1.201950073E0
1.778865709E2,2.745000124E0,1.132500076E1,-2.143050194E0
1.778890145E2,6.259500384E-1,8.955000877E0,-1.500000060E-2
1.778914580E2,3.130950212E0,8.380050659E0,7.720500231E-1
1.778939016E2,9.859050751E0,1.019700050E1,-5.269950390E0
1.778963451E2,5.956050396E0,9.934050560E0,-1.007595062E1
1.778987887E2,1.327950120E0,7.935000420E0,-3.424050093E0
1.779012321E2,2.319000006E0,7.324050426E0,1.813050032E0
1.779036757E2,3.421050072E0,1.234200096E1,2.173050165E0
1.779061192E2,1.528950095E0,1.000995064E1,1.497000098E0
1.779085628E2,1.438050032E0,6.804000378E0,1.086000085E0
1.779110065E2,4.273050308E0,7.930050373E0,-3.610950232E0
1.779134500E2,7.225050449E0,8.839950562E0,-8.947950363E0
1.779158936E2,2.827050209E0,8.581050873E0,-9.013050079E0
1.779183371E2,2.749500275E-1,7.486950397E0,-5.010000467E-1
1.779207807E2,-1.650000066E-1,1.031895065E1,3.706950188E0
1.779232241E2,3.199500144E-1,1.138200092E1,2.689950228E0
1.779256677E2,1.050000072E0,8.506950378E0,1.315050006E0
1.779281112E2,8.779500127E-1,7.626000404E0,-1.024950027E0
1.779305548E2,2.523000002E0,9.736950874E0,2.517000198E0
1.779329983E2,8.779050827E0,1.117200089E1,-6.511050224E0
1.779354419E2,3.832050085E0,8.161950111E0,-9.511050224E0
1.779378854E2,4.590000212E-1,7.530000210E0,-1.971000075E0
1.779403290E2,1.182000041E0,9.370950699E0,1.825050116E0
1.779427724E2,2.901000023E0,1.308000088E1,-1.939500123E-1
1.779452161E2,1.564950109E0,8.193000793E0,-8.980500698E-1
1.779476595E2,1.759050131E0,6.271050453E0,-2.260500044E-1
1.779501031E2,6.696000099E0,8.617050171E0,-5.457000256E0
1.779525466E2,6.406050205E0,9.904950142E0,-9.939000130E0
1.779549903E2,2.242950201E0,7.999050617E0,-6.811950207E0
1.779574339E2,9.619500637E-1,5.884950161E0,6.349500418E-1
1.779598774E2,2.568000078E0,1.122195053E1,2.481000185E0
1.779623210E2,1.912050128E0,9.859950066E0,-4.459500313E-1
1.779647644E2,1.891050100E0,5.610000134E0,-1.249950051E0
1.779672081E2,3.124050140E0,5.983050346E0,-2.365950108E0
1.779696515E2,9.025950432E0,7.647000313E0,-7.051950455E0
1.779720951E2,6.591000080E0,7.096950531E0,-1.171605015E1
1.779745386E2,-4.305000231E-2,6.673050404E0,-5.200950146E0
1.779769822E2,-1.657050133E0,6.199050426E0,5.083950043E0
1.779794259E2,-6.705000252E-2,9.097949982E0,4.854000092E0
1.779818694E2,4.467000008E0,9.072000504E0,1.045050025E0
1.779843130E2,3.921000242E0,5.739000320E0,-2.031000137E0
1.779867564E2,5.530050278E0,6.601050377E0,-2.706000090E0
1.779892001E2,9.499950409E0,8.137949944E0,-8.632050514E0
1.779916435E2,3.732000113E0,9.225000381E0,-9.994050026E0
1.779940871E2,-4.600500166E-1,7.135050297E0,-7.710000277E-1
1.779965306E2,1.380000114E-1,8.197950363E0,2.512950182E0
1.779989742E2,8.010000587E-1,1.183695030E1,1.147950053E0
1.780014177E2,1.888050079E0,1.043895054E1,8.080500364E-1
1.780038613E2,1.405050039E0,7.188000202E0,1.111950040E0
1.780063048E2,7.680000067E-1,8.855999947E0,-3.450000286E-1
1.780087484E2,6.112050056E0,1.276095104E1,2.422049999E0
1.780111918E2,8.347949982E0,1.127700043E1,-8.574000359E0
1.780136354E2,3.046950102E0,8.284049988E0,-6.769050121E0
1.780160789E2,1.114950061E0,1.027395058E1,5.610000491E-1
1.780185226E2,2.050950050E0,1.529205036E1,2.187000036E0
1.780209662E2,2.086950064E0,1.297005081E1,-1.510500014E-1
1.780234097E2,6.360000372E-1,8.245950699E0,-3.000000119E-1
1.780258533E2,7.170000076E-1,9.187050819E0,1.219950080E0
1.780282968E2,6.748950481E0,1.293105030E1,-4.696050167E0
1.780307404E2,4.891050339E0,1.119300079E1,-1.055205059E1
1.780331838E2,1.690050125E0,8.952000618E0,-4.822950363E0
1.780356274E2,1.675050020E0,1.159305096E1,2.344950199E0
1.780380709E2,4.528950214E0,1.564395046E1,1.294050097E0
1.780405146E2,3.010950089E0,1.067595005E1,-1.297950029E0
1.780429580E2,2.086950064E0,6.985950470E0,-1.042050004E0
1.780454017E2,3.808050156E0,8.713050842E0,-2.155050039E0
1.780478451E2,6.736950397E0,1.001505089E1,-6.862950325E0
1.780502888E2,3.889950275E0,7.300050259E0,-7.794000149E0
1.780527324E2,1.170000076E0,5.169000149E0,-2.067000151E0
1.780551758E2,1.062000036E0,6.478950500E0,3.085050106E0
1.780576195E2,5.239500403E-1,1.180605030E1,3.880050182E0
1.780600629E2,1.524000049E0,5.650050163E0,-2.850000262E-1
1.780625066E2,2.913000107E0,4.216050148E0,-1.617000103E0
1.780649500E2,4.708950043E0,6.856950283E0,-4.189949989E0
1.780673936E2,8.785950661E0,6.907050133E0,-9.075000763E0
1.780698371E2,4.519950390E0,5.104950428E0,-9.550950050E0
1.780722807E2,-1.173000097E0,5.773050308E0,2.310000062E-1
1.780747242E2,-2.128050089E0,6.553050518E0,5.749950409E0
1.780771678E2,1.515000105E0,8.218950272E0,4.147950172E0
1.780796112E2,4.483950138E0,4.918050289E0,-3.379500210E-1
1.780820549E2,1.954950094E0,4.381050110E0,2.310000062E-1
1.780844986E2,5.416950226E0,6.412050247E0,-1.903950095E0
1.780869419E2,8.002950668E0,6.958050251E0,-8.138999939E0
1.780893856E2,2.391000032E0,6.960000515E0,-7.806000233E0
1.780918291E2,-1.840500087E-1,5.026050091E0,1.938000083E0
1.780942727E2,-3.040500283E-1,9.478950500E0,1.480950117E0
1.780967162E2,3.990000188E-1,1.159500027E1,5.730000138E-1
1.780991598E2,1.225050092E0,9.733050346E0,5.279999971E-1
1.781016032E2,1.395000100E0,8.242950439E0,-1.540500075E-1
1.781040468E2,4.249500334E-1,1.066200066E1,9.709500670E-1
1.781064903E2,2.626050234E0,1.368600082E1,2.974950075E0
1.781089339E2,7.315950394E0,1.128195095E1,-5.316000462E0
1.781113774E2,3.679050207E0,7.456050396E0,-6.810000420E0
1.781138210E2,2.491950035E0,1.085100079E1,-3.147000074E0
1.781162645E2,3.931050301E0,1.592700100E1,-1.195050001E0
1.781187081E2,4.555950165E0,1.203405094E1,-3.550950050E0
1.781211516E2,9.760500193E-1,9.289950371E0,-1.243050098E0
1.781235953E2,1.383000016E0,1.143000031E1,2.550000250E-1
1.781260389E2,7.765950203E0,1.439205074E1,-3.424050093E0
1.781284823E2,6.760950089E0,1.189695072E1,-7.594950199E0
1.781309259E2,1.966950059E0,9.646050453E0,-2.032950163E0
1.781333694E2,1.675050020E0,9.673050880E0,1.950000048E0
1.781358130E2,2.073000193E0,1.643700027E1,3.436950207E0
1.781382565E2,1.633950114E0,1.259100056E1,1.294050097E0
1.781407001E2,-1.200000010E-2,7.057950497E0,-1.729500145E-1
1.781431436E2,2.428950071E0,9.718050003E0,-1.990500093E-1
1.781455872E2,5.461050034E0,1.279500103E1,-7.654950142E0
1.781480306E2,5.604000092E0,8.344050407E0,-1.000905037E1
1.781504742E2,1.930950046E0,8.538000107E0,-3.922050238E0
1.781529177E2,1.543950081E0,9.589050293E0,2.364000082E0
1.781553613E2,1.512000084E0,1.332405090E1,3.790950298E0
1.781578048E2,1.411950111E0,1.018305016E1,3.049050093E0
1.781602484E2,1.102950096E0,5.236050129E0,1.030050039E0
1.781626919E2,2.290950060E0,6.630000114E0,-6.300000548E-1
1.781651355E2,7.417050362E0,8.872950554E0,-6.525000095E0
1.781675792E2,6.994950294E0,6.388050079E0,-1.042305088E1
1.781700227E2,2.212050200E0,5.361000061E0,-6.397950172E0
1.781724663E2,7.800000310E-1,5.286000252E0,1.969050050E0
1.781749097E2,-1.012950063E0,1.365195084E1,5.707050323E0
1.781773533E2,1.057050109E0,7.969950199E0,2.818950176E0
1.781797968E2,2.767050028E0,5.266950130E0,-9.529500604E-1
1.781822404E2,3.013950109E0,6.844950199E0,-2.481000185E0
1.781846839E2,9.544950485E0,7.777050495E0,-8.480999947E0
1.781871275E2,6.439950466E0,6.898050308E0,-1.187400055E1
1.781895710E2,5.620500445E-1,6.025950432E0,-5.457000256E0
1.781920146E2,-9.379500151E-1,7.341000557E0,4.390050411E0
1.781944580E2,-1.257000089E0,1.034805012E1,4.909050465E0
1.781969017E2,2.128050089E0,9.538950920E0,1.653000116E0
1.781993451E2,2.713950157E0,6.646050453E0,1.665000081E0
1.782017887E2,2.692950010E0,7.006050110E0,-2.115000010E0
1.782042324E2,5.784000397E0,8.844000816E0,-5.413950443E0
1.782066759E2,5.985000134E0,8.550000191E0,-8.542950630E0
1.782091195E2,1.894950032E0,6.450000286E0,-4.485000134E0
1.782115630E2,2.430000156E-1,6.723000526E0,1.212000012E0
1.782140066E2,8.680500388E-1,1.201905060E1,1.749000072E0
1.782164500E2,1.315950036E0,1.226595020E1,8.320500255E-1
1.782188937E2,1.699050069E0,7.687950134E0,1.360950112E0
1.782213371E2,9.640500546E-1,9.057000160E0,-1.284000039E0
1.782237807E2,1.315950036E0,1.251195049E1,2.500500083E-1
1.782262242E2,5.973000050E0,1.268205070E1,2.545950174E0
1.782286678E2,5.449050426E0,7.827000141E0,-8.227050781E0
1.782311113E2,1.728000045E0,8.035050392E0,-3.702000141E0
1.782335549E2,1.777950048E0,1.203600025E1,1.690500081E-1
1.782359984E2,3.811050177E0,1.404705048E1,9.405000508E-2
1.782384420E2,3.049950123E0,9.385950089E0,-2.806950092E0
1.782408854E2,5.689499974E-1,9.112950325E0,-7.120500207E-1
1.782433291E2,1.864050031E0,1.173000050E1,6.810000539E-1
1.782457727E2,6.495000362E0,1.315395069E1,-4.582950115E0
1.782482162E2,6.133050442E0,9.601050377E0,-7.995000362E0
1.782506598E2,1.717950106E0,9.603000641E0,-9.870000482E-1
1.782531033E2,1.984050035E0,1.197600079E1,3.091950178E0
1.782555469E2,4.263000011E0,1.460505104E1,2.350050211E0
1.782579903E2,4.000050068E0,1.017105007E1,-3.532050133E0
1.782604340E2,2.575050116E0,8.855999947E0,-5.953050137E0
1.782628774E2,3.076050043E0,1.061895084E1,-6.594000340E0
1.782653210E2,6.006000519E0,1.101795006E1,-6.052950382E0
1.782677645E2,5.310000420E0,8.149950027E0,-6.250050068E0
1.782702081E2,2.548950195E0,8.131050110E0,3.460500240E-1
1.782726516E2,2.803050041E0,1.044405079E1,4.192950249E0
1.782750952E2,1.339950085E0,1.229700089E1,3.079950094E0
1.782775389E2,1.227000117E0,9.340050697E0,3.979950190E0
1.782799823E2,1.476000071E0,7.044000149E0,2.383050203E0
1.782824260E2,1.699050069E0,7.848000526E0,-3.511050224E0
1.782848694E2,6.105000496E0,8.818050385E0,-7.191000462E0
1.782873131E2,8.130000114E0,7.408050537E0,-1.077705097E1
1.782897565E2,2.530050039E0,7.563000202E0,-7.320000172E0
1.782922001E2,8.539500237E-1,7.513050556E0,2.244000196E0
1.782946436E2,-1.543950081E0,1.175100040E1,5.613000393E0
1.782970872E2,-5.340000391E-1,8.332050323E0,1.368000031E0
1.782995307E2,1.062000036E0,7.293000221E0,1.071000099E0
1.783019743E2,5.239500403E-1,7.036950111E0,3.169500232E-1
1.783044177E2,-3.450000286E-1,8.101950645E0,1.420500129E-1
1.783068614E2,3.895050287E0,9.412050247E0,2.766000032E0
1.783093048E2,5.377050400E0,6.229950428E0,-7.000950336E0
1.783117484E2,2.688000202E0,6.124050140E0,-3.549000263E0
1.783141919E2,2.391000032E0,1.048905087E1,1.144950032E0
1.783166356E2,4.456950188E0,1.163595009E1,-1.459050059E0
1.783190792E2,2.407950163E0,8.725049973E0,-3.429000139E0
1.783215227E2,2.100000083E-1,7.686000347E0,-1.758000135E0
1.783239663E2,-2.100000158E-2,7.264050484E0,1.483050108E0
1.783264097E2,2.956050158E0,1.045095062E1,-1.842000127E0
1.783288534E2,4.735050201E0,7.956000328E0,-5.689050198E0
1.783312968E2,2.305050135E0,6.658050537E0,-3.063000202E0
1.783337404E2,9.040500522E-1,9.462000847E0,1.950000048E0
1.783361839E2,2.665950060E0,1.223505020E1,2.970000029E0
1.783386275E2,3.435000181E0,9.699000359E0,-8.119500279E-1
1.783410710E2,2.631000042E0,8.334000587E0,-4.168950081E0
1.783435147E2,2.058000088E0,9.726000786E0,-4.156949997E0
1.783459583E2,6.129000187E0,9.337950706E0,-4.498950005E0
1.783484017E2,7.582050323E0,7.855950356E0,-7.545000553E0
1.783508453E2,4.120050430E0,7.563000202E0,-4.204950333E0
1.783532887E2,1.864050031E0,9.169950485E0,2.082000017E0
1.783557324E2,1.447950125E0,1.246695042E1,4.107000351E0
1.783581759E2,2.226000071E0,1.138500023E1,3.991950274E0
1.783606195E2,2.616000175E0,8.944950104E0,-1.602000117E0
1.783630630E2,2.305050135E0,8.911050797E0,-4.645050049E0
1.783655066E2,5.503950119E0,9.382950783E0,-7.396050453E0
1.783679500E2,8.748000145E0,9.751950264E0,-8.854949951E0
1.783703936E2,3.715050220E0,9.193950653E0,-7.645050526E0
1.783728371E2,6.190500259E-1,9.370950699E0,1.572000027E0
1.783752807E2,8.299500346E-1,1.191405010E1,4.095000267E0
1.783777242E2,4.680000246E-1,1.356105042E1,1.347000122E0
1.783801678E2,1.072050095E0,9.678000450E0,8.890500665E-1
1.783826113E2,8.659500480E-1,8.855999947E0,3.820500076E-1
1.783850550E2,1.528950095E0,1.090605068E1,3.720000088E-1
1.783874986E2,7.717950344E0,1.112100029E1,-3.690000176E-1
1.783899420E2,7.912050247E0,7.963050365E0,-9.913050652E0
1.783923856E2,3.469050169E0,7.525050163E0,-6.010050297E0
1.783948291E2,2.137050152E0,1.037205029E1,1.660050035E0
1.783972727E2,2.233050108E0,1.190205097E1,3.394050121E0
1.783997162E2,2.544000149E0,1.026900005E1,1.059000015E0
1.784021598E2,1.972050071E0,7.044000149E0,-2.380050182E0
1.784046033E2,1.873950124E0,8.880000114E0,-3.975000143E0
1.784070470E2,4.350000381E0,8.773050308E0,-4.423050404E0
1.784094903E2,6.535950184E0,7.735950470E0,-7.114050388E0
1.784119340E2,3.672000170E0,6.733050346E0,-5.349000454E0
1.784143777E2,1.321050048E0,6.904950142E0,2.326050043E0
1.784168211E2,2.550000250E-1,9.385950089E0,4.720050335E0
1.784192647E2,2.670000196E-1,6.934050560E0,4.323000431E0
1.784217082E2,4.879050255E0,5.907000065E0,5.879999995E-1
1.784241518E2,3.643050194E0,5.614950180E0,-6.319050312E0
1.784265953E2,4.474050045E0,6.594000340E0,-7.234050274E0
1.784290389E2,7.273050308E0,6.673050404E0,-7.516050339E0
1.784314824E2,4.729950428E0,5.932950497E0,-6.666000366E0
1.784339260E2,5.470499992E-1,6.430950165E0,2.380500138E-1
1.784363695E2,-1.804950118E0,9.268050194E0,6.037050247E0
1.784388131E2,-8.550000191E-1,7.530000210E0,2.308950186E0
1.784412565E2,4.216050148E0,8.440050125E0,4.327050209E0
1.784437001E2,4.290000439E0,5.320050240E0,-4.102050304E0
1.784461438E2,4.800000191E0,6.832950115E0,-4.189949989E0
1.784485872E2,7.077000141E0,8.557050705E0,-7.023000240E0
1.784510309E2,6.033000469E0,8.299050331E0,-8.467050552E0
1.784534743E2,1.078950047E0,8.230950356E0,-1.561950088E0
1.784559179E2,4.420500100E-1,1.054395008E1,2.199000120E0
1.784583614E2,8.160000443E-1,1.270905018E1,1.861050129E0
1.784608050E2,1.266000032E0,1.240500069E1,-8.400000632E-2
1.784632485E2,2.374050140E0,1.180395031E1,1.354050040E0
1.784656921E2,1.804050088E0,1.119600010E1,-2.659500241E-1
1.784681355E2,1.456950068E0,1.295295048E1,-2.639999986E-1
1.784705792E2,2.724000216E0,1.437795067E1,4.750500321E-1
1.784730229E2,4.423950195E0,1.332195091E1,-1.995000057E-2
1.784754662E2,4.741950035E0,1.126695061E1,-2.947950125E0
1.784779099E2,4.165050030E0,1.434195042E1,-5.899950504E0
1.784803533E2,4.600950241E0,1.481595039E1,-6.276000500E0
1.784827970E2,4.540950298E0,1.303200054E1,-7.702950478E0
1.784852405E2,2.118000031E0,1.277100086E1,-5.650950432E0
1.784876841E2,7.849500179E-1,1.217700100E1,-1.110000089E-1
1.784901276E2,3.253050089E0,1.155705070E1,6.400500536E-1
1.784925712E2,6.138000488E0,1.061100006E1,-2.578950167E0
1.784950146E2,3.861000299E0,9.603000641E0,-2.847000122E0
1.784974583E2,2.803050041E0,8.266950607E0,1.155000091E0
1.784999017E2,2.131950140E0,9.916950226E0,2.875950098E0
1.785023453E2,2.590050220E0,1.141305065E1,1.141050100E0
1.785047888E2,1.917000055E0,7.819950581E0,-1.825050116E0
1.785072324E2,1.570050120E0,5.737050056E0,-4.321950436E0
1.785096759E2,1.785000086E0,6.649050236E0,-4.027950287E0
1.785121195E2,7.204050541E0,8.322000504E0,-5.433000088E0
1.785145629E2,6.057000160E0,5.452050209E0,-9.289950371E0
1.785170066E2,1.642050028E0,7.549050331E0,-4.561950207E0
1.785194500E2,-4.450500309E-1,9.072000504E0,2.259000063E0
1.785218937E2,4.467000008E0,9.012000084E0,1.210500076E-1
1.785243373E2,7.837950230E0,6.055050373E0,-6.465000153E0
1.785267808E2,1.507950068E0,6.991050243E0,-4.231050014E0
1.785292244E2,1.909500062E-1,5.962050438E0,1.090500057E-1
1.785316679E2,5.170950413E0,6.499950409E0,2.359500080E-1
1.785341115E2,8.880000114E0,5.454000473E0,-4.899000168E0
1.785365550E2,2.251950026E0,4.389000416E0,-3.490950108E0
1.785389986E2,-1.390950084E0,7.297950268E0,3.508950233E0
1.785414420E2,6.405000389E-2,8.265000343E0,3.160950184E0
1.785438857E2,5.644950390E0,9.043050766E0,-3.520500064E-1
1.785463291E2,3.964050293E0,6.541050434E0,-6.658950329E0
1.785487728E2,1.363950014E0,8.119050026E0,-3.891000271E0
1.785512164E2,1.876050115E0,9.067049980E0,-2.922000170E0
1.785536599E2,5.962950230E0,7.800000191E0,-5.038050175E0
1.785561035E2,3.732000113E0,6.699000359E0,-4.708050251E0
1.785585470E2,2.029500157E-1,8.065950394E0,5.879999995E-1
1.785609906E2,-1.240500063E-1,9.927000046E0,2.845050097E0
1.785634340E2,9.310500622E-1,9.508050919E0,5.440500379E-1
1.785658776E2,4.936050415E0,8.482950211E0,-9.850500226E-1
1.785683211E2,2.608950138E0,7.018050194E0,-5.845050335E0
1.785707647E2,2.263950109E0,7.755000591E0,-4.698000431E0
1.785732082E2,3.769950151E0,7.441050529E0,-2.910000086E0
1.785756518E2,6.354000092E0,7.639950275E0,-4.380000114E0
1.785780953E2,3.610050201E0,7.245000362E0,-2.914050102E0
1.785805389E2,1.495950103E0,8.121000290E0,2.611050129E0
1.785829826E2,7.489500642E-1,9.850050926E0,3.073050261E0
1.785854259E2,1.333050013E0,1.013700008E1,3.382050276E0
1.785878696E2,4.813950062E0,8.191050529E0,-2.878050089E0
1.785903131E2,2.206950188E0,8.740950584E0,-6.604050159E0
1.785927567E2,2.479950190E0,8.077950478E0,-4.372050285E0
1.785952002E2,4.884000301E0,9.473999977E0,-4.200000286E0
1.785976438E2,5.293050289E0,9.769050598E0,-4.971000195E0
1.786000873E2,1.194000006E0,1.036500072E1,3.940500319E-1
1.786025309E2,1.210500076E-1,1.124100018E1,2.467050076E0
1.786049743E2,1.500000060E-1,1.184700012E1,4.969500303E-1
1.786074179E2,1.504950047E0,1.247700024E1,3.649500310E-1
1.786098614E2,2.386050224E0,1.100895023E1,1.837050080E0
1.786123050E2,2.125050068E0,9.723000526E0,-3.760500252E-1
1.786147485E2,2.322000027E0,1.137000084E1,-7.470000386E-1
1.786171922E2,8.571000099E0,1.296000099E1,-4.050000310E-1
1.786196358E2,6.598050117E0,1.041705036E1,-9.067950249E0
1.786220792E2,2.353049994E0,1.245000076E1,-4.080000401E0
1.786245228E2,3.390000165E-1,1.340595055E1,-9.460500479E-1
1.786269663E2,1.098000050E0,1.294800091E1,3.270000219E-1
1.786294099E2,2.009999990E0,1.102095032E1,-2.344050169E0
1.786318534E2,2.773950100E0,9.814050674E0,-3.715950251E0
1.786342970E2,1.678050041E0,8.947050095E0,-3.433950186E0
1.786367405E2,3.586050272E0,9.031050682E0,-2.922000170E0
1.786391841E2,6.732000351E0,8.278950691E0,-5.521950245E0
1.786416276E2,5.013000011E0,9.249000549E0,-4.993050098E0
1.786440712E2,2.896050215E0,8.830050468E0,-1.114050031E0
1.786465146E2,2.829000235E0,9.060000420E0,2.593950033E0
1.786489582E2,4.120050430E0,1.012095070E1,6.139500141E-1
1.786514019E2,3.732000113E0,6.421050072E0,-3.853050232E0
1.786538454E2,2.154000044E0,6.036000252E0,-3.412050247E0
1.786562890E2,9.829500318E-1,5.464050293E0,-3.205950260E0
1.786587325E2,5.805000305E0,6.244050503E0,-2.980950117E0
1.786611761E2,7.330050468E0,6.076950073E0,-5.008950233E0
1.786636196E2,1.941000104E0,7.767000198E0,-2.104950190E0
1.786660632E2,-4.690500200E-1,9.112950325E0,4.174050331E0
1.786685066E2,-1.491000056E0,9.397050858E0,3.274050236E0
1.786709502E2,1.279950023E0,9.220050812E0,4.009500146E-1
1.786733937E2,4.840050220E0,8.827950478E0,-1.999950051E0
1.786758373E2,3.567000151E0,6.136050224E0,-4.369950294E0
1.786782808E2,4.915050030E0,6.879000187E0,-4.480050087E0
1.786807244E2,7.576950550E0,8.035050392E0,-6.766950130E0
1.786831678E2,3.706050158E0,6.787950516E0,-7.521000385E0
1.786856115E2,2.359500080E-1,7.894050598E0,-6.880500317E-1
1.786880552E2,5.380499959E-1,1.016805077E1,2.476950169E0
1.786904986E2,2.029500157E-1,1.220400047E1,1.287000060E0
1.786929422E2,9.040500522E-1,9.675000191E0,1.228950024E0
1.786953857E2,1.125000000E0,6.844950199E0,-4.309500158E-1
1.786978293E2,1.180050015E0,8.035050392E0,-1.369500011E-1
1.787002728E2,5.347950459E0,1.054005051E1,1.606950045E0
1.787027164E2,7.309050560E0,8.761050224E0,-6.943950176E0
1.787051598E2,3.040050030E0,7.959000587E0,-6.247050285E0
1.787076035E2,6.960000396E-1,1.015905094E1,-1.621050119E0
1.787100469E2,7.699500322E-1,1.109295082E1,1.416000009E0
1.787124905E2,2.698050022E0,1.115700054E1,7.219500542E-1
1.787149340E2,3.106950045E0,7.657050133E0,-1.935000062E0
1.787173776E2,4.531949997E0,8.657999992E0,-2.220000029E0
1.787198211E2,5.427000046E0,9.229950905E0,-2.992950201E0
1.787222647E2,6.952050209E0,9.472050667E0,-4.657050133E0
1.787247084E2,5.416950226E0,9.262950897E0,-7.321950436E0
1.787271518E2,1.986000061E0,1.131300068E1,-5.251050472E0
1.787295954E2,9.310500622E-1,1.127700043E1,-6.420000196E-1
1.787320389E2,1.275000095E0,1.027095032E1,1.014000058E0
1.787344825E2,4.951050282E0,8.931000710E0,-8.479500413E-1
1.787369260E2,5.247000217E0,7.975050449E0,-3.997050285E0
1.787393696E2,3.175950050E0,8.818050385E0,-3.193950176E0
1.787418131E2,2.223000050E0,8.299050331E0,-9.919500351E-1
1.787442567E2,4.771050453E0,9.390000343E0,-2.026050091E0
1.787467001E2,4.873950005E0,1.080795097E1,-5.074050426E0
1.787491437E2,1.330050111E0,1.077900028E1,-2.589000225E0
1.787515872E2,4.210500121E-1,9.433050156E0,2.119950056E0
1.787540308E2,-7.605000585E-2,9.751950264E0,3.154050112E0
1.787564743E2,2.901000023E0,9.405000687E0,1.114050031E0
1.787589180E2,5.449050426E0,7.449000359E0,-4.162050247E0
1.787613616E2,5.395950317E0,6.739950180E0,-5.023950100E0
1.787638050E2,5.475000381E0,7.908000469E0,-3.973050117E0
1.787662487E2,7.702050209E0,9.129000664E0,-5.407050133E0
1.787686921E2,3.925950289E0,9.670050621E0,-6.229950428E0
1.787711358E2,6.499500275E-1,9.223050117E0,-1.621050119E0
1.787735792E2,8.040000200E-1,9.225000381E0,2.686950207E0
1.787760228E2,2.698050022E0,9.610950470E0,2.086050034E0
1.787784663E2,5.305050373E0,6.262950420E0,-4.890000343E0
1.787809099E2,4.567049980E0,4.539000034E0,-8.313000679E0
1.787833534E2,1.845000029E0,5.569050312E0,-5.316000462E0
1.787857970E2,4.102950096E0,7.261950493E0,-2.794950247E0
1.787882405E2,5.226000309E0,5.764950275E0,-3.736050129E0
1.787906841E2,2.431950092E0,6.610950470E0,-1.015950084E0
1.787931278E2,-7.300500274E-1,8.179050446E0,4.156949997E0
1.787955712E2,-1.063050032E0,7.756950378E0,3.721950293E0
1.787980148E2,2.386050224E0,8.626950264E0,2.194050074E0
1.788004583E2,5.049000263E0,7.659000397E0,1.873050094E0
1.788029019E2,3.801000118E0,6.352050304E0,-1.887000084E0
1.788053454E2,3.409050226E0,8.586000443E0,-2.400000095E0
1.788077890E2,3.375000238E0,8.989950180E0,-4.590000153E0
1.788102324E2,3.694050074E0,9.073950768E0,-5.614950180E0
1.788126761E2,1.993950129E0,1.016595078E1,-3.814950228E0
1.788151195E2,4.590000212E-1,1.199295044E1,1.026000023E0
1.788175631E2,9.619500637E-1,1.219905090E1,1.288950086E0
1.788200066E2,1.548000097E0,1.183200073E1,-1.000950098E0
1.788224502E2,3.382050276E0,1.227495098E1,1.207950115E0
1.788248937E2,3.664950132E0,1.097295094E1,-2.284950018E0
1.788273374E2,2.628000021E0,1.041495037E1,-1.951950073E0
1.788297810E2,4.017000198E0,1.067100048E1,-4.291050434E0
1.788322244E2,4.845000267E0,1.286700058E1,-6.139050484E0
1.788346680E2,2.908050060E0,1.425495052E1,-4.915950298E0
1.788371115E2,6.000000238E-1,1.178895092E1,-1.140000105E0
1.788395551E2,7.410000563E-1,8.713050842E0,1.849050045E0
1.788419986E2,1.273050070E0,1.228695011E1,1.605000019E0
1.788444422E2,3.223950148E0,1.263900089E1,-3.499500155E-1
1.788468857E2,2.173050165E0,8.820000648E0,-2.845050097E0
1.788493293E2,1.495950103E0,8.631000519E0,-1.387050033E0
1.788517727E2,3.435000181E0,9.895050049E0,-7.429500222E-1
1.788542163E2,6.571950436E0,1.079805088E1,-5.044950008E0
1.788566598E2,3.873000145E0,1.011300087E1,-5.281950474E0
1.788591034E2,1.074000001E0,8.473050117E0,-4.480500221E-1
1.788615469E2,1.243950009E0,9.469050407E0,3.544050217E0
1.788639906E2,3.592950106E0,1.097505093E1,5.989500284E-1
1.788664342E2,4.611000061E0,7.908000469E0,-3.549000263E0
1.788688777E2,1.840050101E0,7.858050346E0,-4.044000149E0
1.788713213E2,3.250500262E-1,8.740950584E0,-8.500500321E-1
1.788737647E2,2.604000092E0,1.020405006E1,-1.008000016E0
1.788762083E2,5.761950493E0,9.028950691E0,-6.976950169E0
1.788786518E2,2.383949995E0,8.218950272E0,-5.713050365E0
1.788810954E2,2.820000052E-1,7.819950581E0,-1.534950018E0
1.788835389E2,1.350000024E0,9.022050858E0,1.690950036E0
1.788859825E2,4.627050400E0,7.735950470E0,-1.432050109E0
1.788884260E2,5.049000263E0,5.578950405E0,-5.839950085E0
1.788908696E2,2.868000031E0,6.733050346E0,-4.413000107E0
1.788933130E2,2.130000114E0,6.919050217E0,-2.941050053E0
1.788957567E2,6.022950172E0,6.144000053E0,-4.234050274E0
1.788982003E2,6.775050163E0,3.709050179E0,-6.319050312E0
1.789006438E2,3.154950142E0,6.697050095E0,-3.664050102E0
1.789030874E2,7.560000420E-1,6.160050392E0,-1.900500059E-1
1.789055309E2,3.817950249E0,6.298950195E0,2.445000172E0
1.789079745E2,7.531950474E0,5.037000179E0,-4.669500291E-1
1.789104180E2,4.668000221E0,5.473050117E0,-2.935950041E0
1.789128616E2,7.819500566E-1,8.422950745E0,-1.915950060E0
1.789153050E2,5.740500093E-1,6.871950150E0,-7.210500240E-1
1.789177486E2,4.584000111E0,6.892950535E0,-1.234050035E0
1.789201921E2,5.080050468E0,6.586950302E0,-4.411050320E0
1.789226357E2,1.837950110E0,9.349950790E0,-3.465000153E0
1.789250792E2,-4.639500082E-1,9.097949982E0,3.769500256E-1
1.789275228E2,-5.980500579E-1,7.954050541E0,7.020000219E-1
1.789299663E2,1.476000071E0,8.815950394E0,1.330500096E-1
1.789324100E2,3.516000271E0,1.039395046E1,-2.032950163E0
1.789348536E2,4.383000374E0,9.177000046E0,-3.235050201E0
1.789372970E2,3.472950220E0,7.956000328E0,-3.321000099E0
1.789397406E2,4.290000439E0,8.559000015E0,-3.130050182E0
1.789421841E2,5.394000053E0,1.001805019E1,-3.112950087E0
1.789446277E2,3.088050127E0,1.032900047E1,-1.662000060E0
1.789470712E2,1.009950042E0,9.502950668E0,9.709500670E-1
1.789495148E2,1.009950042E0,9.526950836E0,9.060000181E-1
1.789519583E2,3.535950184E0,1.168395042E1,2.580000162E0
1.789544019E2,5.179950237E0,9.514950752E0,-3.409950256E0
1.789568453E2,1.969950080E0,8.539950371E0,-3.853050232E0
1.789592890E2,1.321050048E0,8.773050308E0,-1.795950055E0
1.789617324E2,3.861000299E0,1.050600052E1,-5.580000281E-1
1.789641760E2,6.174000263E0,9.967050552E0,-4.762950420E0
1.789666197E2,3.162000179E0,1.009395027E1,-5.968950272E0
1.789690632E2,8.490000367E-1,8.914050102E0,-4.120500088E-1
1.789715068E2,1.915050149E0,9.181950569E0,2.019000053E0
1.789739503E2,5.599050045E0,1.037700081E1,3.900000080E-2
1.789763939E2,5.737950325E0,8.068950653E0,-4.513950348E0
1.789788374E2,2.539950132E0,9.349950790E0,-5.305950165E0
1.789812810E2,1.630050063E0,9.024000168E0,-2.658000231E0
1.789837244E2,6.861000538E0,9.412050247E0,-2.911950111E0
1.789861681E2,7.374000549E0,8.563950539E0,-6.372000217E0
1.789886115E2,2.415000200E0,1.071705055E1,-3.826950073E0
1.789910551E2,5.500500202E-1,9.145950317E0,1.573950052E0
1.789934986E2,4.279500246E-1,1.016400051E1,3.063000202E0
1.789959422E2,3.034950256E0,9.586950302E0,2.110050201E0
1.789983857E2,4.989000320E0,8.039999962E0,-4.269000053E0
1.790008293E2,2.692950010E0,8.751000404E0,-5.553000450E0
1.790032730E2,1.237050056E0,9.334950447E0,-2.304000139E0
1.790057165E2,3.337050200E0,9.034049988E0,-1.729050040E0
1.790081601E2,4.462050438E0,9.946050644E0,-2.766000032E0
1.790106035E2,2.302050114E0,1.069800091E1,-1.027950048E0
1.790130472E2,6.190500259E-1,9.567000389E0,1.645950079E0
1.790154906E2,4.210500121E-1,8.197950363E0,7.020000219E-1
1.790179342E2,4.696950436E0,8.926050186E0,-4.095000029E-2
1.790203777E2,6.805950165E0,8.452050209E0,-5.164950371E0
1.790228213E2,4.761000156E0,8.569050789E0,-6.381000519E0
1.790252648E2,1.552950025E0,8.476050377E0,-3.514950275E0
1.790277084E2,3.660000086E0,8.398950577E0,-1.537950039E0
1.790301519E2,6.478050232E0,9.874050140E0,-3.798000097E0
1.790325955E2,4.680000305E0,1.042005062E1,-5.622000217E0
1.790350389E2,1.860000134E0,9.346950531E0,-3.067950249E0
1.790374825E2,1.539000034E0,7.483950138E0,7.789500356E-1
1.790399262E2,5.122950077E0,8.967000008E0,8.205000311E-2
1.790423697E2,6.514050484E0,9.028950691E0,-3.469950199E0
1.790448133E2,3.691050291E0,8.409000397E0,-3.817050219E0
1.790472568E2,1.017000079E0,8.320050240E0,-3.210000098E-1
1.790497004E2,2.784000158E0,8.445000648E0,1.120950103E0
1.790521439E2,6.178950310E0,9.714000702E0,-2.103000164E0
1.790545875E2,3.943050146E0,1.007700062E1,-4.459050179E0
1.790570309E2,2.170500159E-1,1.003695011E1,-1.255050063E0
1.790594745E2,-4.309500158E-1,9.478950500E0,2.761950016E0
1.790619180E2,2.170500159E-1,9.883950233E0,2.449500114E-1
1.790643616E2,2.326050043E0,1.126500034E1,-9.405000508E-2
1.790668051E2,4.093050003E0,1.100595093E1,-9.270000458E-1
1.790692487E2,1.893000126E0,9.151050568E0,-1.906050086E0
1.790716922E2,2.202000141E0,9.790050507E0,-1.005000062E-2
1.790741358E2,4.390050411E0,1.050105095E1,-3.930000305E0
1.790765795E2,3.636000156E0,1.111905098E1,-5.470950127E0
1.790790229E2,5.929500461E-1,1.069005013E1,-2.443050146E0
1.790814665E2,1.360500008E-1,8.989950180E0,1.357950091E0
1.790839100E2,1.417050123E0,1.028295040E1,1.519050121E0
1.790863536E2,6.660000324E0,1.074795055E1,-3.585000277E0
1.790887971E2,4.258950233E0,8.208000183E0,-5.365950108E0
1.790912407E2,1.359000087E0,7.659000397E0,-2.503050089E0
1.790936842E2,1.953000069E0,7.053000450E0,-1.990500093E-1
1.790961278E2,6.418050289E0,8.677050591E0,-3.256950140E0
1.790985713E2,6.526050091E0,7.872000217E0,-6.736050129E0
1.791010149E2,2.542050123E0,7.956000328E0,-4.729050159E0
1.791034583E2,1.705950022E0,7.144050121E0,1.639500111E-1
1.791059020E2,4.986000061E0,8.983050346E0,1.782000065E0
1.791083454E2,7.222950459E0,8.152050018E0,-2.434950113E0
1.791107891E2,4.527000427E0,8.038050652E0,-2.421000004E0
1.791132327E2,1.495950103E0,8.512050629E0,-1.708050132E0
1.791156762E2,4.171950340E0,7.597050190E0,-8.460000157E-1
1.791181198E2,7.833000183E0,7.113000393E0,-4.186050415E0
1.791205633E2,5.299950123E0,8.761050224E0,-5.337000370E0
1.791230069E2,1.551000118E0,1.074495029E1,-1.546950102E0
1.791254503E2,3.990000188E-1,1.088205051E1,1.033050060E0
1.791278940E2,1.153050065E0,1.055205059E1,1.969050050E0
1.791303374E2,4.714050293E0,1.112100029E1,-1.996950150E0
1.791327810E2,5.512950420E0,1.143705082E1,-5.280000210E0
1.791352245E2,2.130000114E0,1.092000008E1,-3.561000109E0
1.791376681E2,5.020500422E-1,9.124950409E0,4.849500358E-1
1.791401116E2,1.183950067E0,9.369000435E0,-7.909500599E-1
1.791425552E2,4.030950069E0,1.157400036E1,-3.309000254E0
1.791449989E2,3.415950060E0,1.094400024E1,-4.303050041E0
1.791474424E2,1.162950039E0,9.139050484E0,-3.330000043E-1
1.791498860E2,5.500500202E-1,8.524050713E0,9.300000668E-1
1.791523294E2,2.250000000E0,1.006305027E1,4.249500334E-1
1.791547730E2,6.436950207E0,9.832950592E0,-2.031000137E0
1.791572165E2,4.270950317E0,8.467950821E0,-4.699950218E0
1.791596601E2,2.008050203E0,7.702050209E0,-2.446950197E0
1.791621036E2,3.559050083E0,6.912000179E0,-8.100000620E-1
1.791645472E2,6.496950150E0,8.185950279E0,-4.532999992E0
1.791669906E2,4.419000149E0,8.041950226E0,-6.204000473E0
1.791694343E2,1.399950027E0,6.790050507E0,-2.071950197E0
1.791718779E2,1.429050088E0,7.201950550E0,2.662950039E0
1.791743213E2,5.797950268E0,9.184050560E0,7.789500356E-1
1.791767650E2,5.413050175E0,7.731000423E0,-4.368000031E0
1.791792084E2,1.387950063E0,7.164000511E0,-3.847950220E0
1.791816521E2,-5.340000391E-1,6.181950092E0,-7.905000448E-2
1.791840956E2,2.305050135E0,8.290950775E0,1.797000051E0
1.791865392E2,7.230000496E0,7.855950356E0,-4.063950062E0
1.791889826E2,3.732000113E0,6.888000488E0,-6.490950108E0
1.791914262E2,2.239500135E-1,8.004000664E0,-2.359050035E0
1.791938697E2,8.710500598E-1,7.996950150E0,1.641000032E0
1.791963133E2,5.475000381E0,8.128950119E0,7.690500617E-1
1.791987568E2,6.598050117E0,6.912000179E0,-4.195050240E0
1.792012004E2,1.891050100E0,7.615950584E0,-3.925050259E0
1.792036438E2,-1.650000066E-1,8.029950142E0,-6.949500442E-1
1.792060875E2,3.988050222E0,6.505050182E0,-1.750950098E0
1.792085309E2,8.074950218E0,6.493050098E0,-6.523050308E0
1.792109745E2,3.286950111E0,7.872000217E0,-6.276000500E0
1.792134180E2,4.830000103E-1,8.785050392E0,-9.169500470E-1
1.792158617E2,1.246950030E0,8.530950546E0,2.991000175E0
1.792183053E2,5.881950378E0,8.707950592E0,1.347000122E0
1.792207488E2,7.543950558E0,7.336050510E0,-3.319050074E0
1.792231924E2,3.210000038E0,7.695000172E0,-4.690950394E0
1.792256358E2,7.680000067E-1,7.051050186E0,-1.813050032E0
1.792280795E2,4.765950203E0,7.177950382E0,-7.549500465E-1
1.792305229E2,8.032050133E0,8.047050476E0,-5.128950119E0
1.792329665E2,4.311000347E0,9.745050430E0,-5.761050224E0
1.792354100E2,5.119500160E-1,9.211050034E0,-1.612050056E0
1.792378536E2,3.510000110E-1,9.091050148E0,2.002950191E0
1.792402971E2,2.764950037E0,8.569050789E0,1.368000031E0
1.792427408E2,7.297050476E0,8.808000565E0,-1.533000112E0
1.792451841E2,6.760950089E0,7.894050598E0,-4.449000359E0
1.792476278E2,2.496000051E0,8.236050606E0,-4.674000263E0
1.792500715E2,2.009999990E0,8.143050194E0,-1.747950077E0
1.792525149E2,5.449050426E0,8.242950439E0,-2.500050068E0
1.792549585E2,4.929000378E0,1.042500019E1,-2.208000183E0
1.792574020E2,1.680000067E0,1.002000046E1,6.619500518E-1
1.792598456E2,5.790000558E-1,9.378000259E0,2.059950113E0
1.792622891E2,1.528950095E0,9.529050827E0,6.469500065E-1
1.792647327E2,3.093000174E0,1.003905010E1,4.630500078E-1
1.792671762E2,3.825000286E0,1.012305069E1,1.698000073E0
1.792696198E2,2.338050127E0,8.076000214E0,4.750500321E-1
1.792720633E2,1.579050064E0,6.924000263E0,-8.190000653E-1
1.792745069E2,4.090950012E0,8.727000237E0,-2.139000177E0
1.792769503E2,5.980050087E0,1.005405045E1,-6.214050293E0
1.792793940E2,2.937000036E0,9.996000290E0,-6.043950081E0
1.792818374E2,8.179500103E-1,8.755949974E0,-2.644050121E0
1.792842810E2,1.395000100E0,7.836000443E0,-1.230000034E-1
1.792867247E2,5.619000435E0,8.926050186E0,-1.779000044E0
1.792891682E2,5.644950390E0,8.112000465E0,-4.642950058E0
1.792916118E2,2.880000114E0,8.119050026E0,-3.001050234E0
1.792940553E2,1.101000071E0,5.868000507E0,-9.270000458E-1
1.792964989E2,5.017950058E0,6.364050388E0,1.039500013E-1
1.792989423E2,7.969950199E0,6.361950397E0,-5.293950081E0
1.793013859E2,4.539000034E0,7.999050617E0,-5.340000153E0
1.793038294E2,6.259500384E-1,7.972950459E0,-6.000000238E-2
1.793062730E2,1.004999995E0,8.626950264E0,3.898950100E0
1.793087165E2,2.484000206E0,1.050795078E1,3.781050205E0
1.793111602E2,4.681950092E0,9.144000053E0,2.700000070E-2
1.793136038E2,3.877950191E0,7.522950172E0,-3.508050203E0
1.793160472E2,1.941000104E0,8.059050560E0,-2.103000164E0
1.793184909E2,3.286950111E0,9.168000221E0,-2.257950068E0
1.793209343E2,6.919050217E0,1.067595005E1,-6.324000359E0
1.793233779E2,5.410050392E0,1.031205082E1,-7.882050514E0
1.793258214E2,1.014000058E0,1.042005062E1,-3.652050257E0
1.793282650E2,-6.850500107E-1,9.828000069E0,9.280500412E-1
1.793307085E2,1.761000037E0,1.105905056E1,8.340000510E-1
1.793331521E2,6.241050243E0,1.104000092E1,-3.132000208E0
1.793355955E2,4.915050030E0,8.538000107E0,-4.477950096E0
1.793380392E2,2.041949987E0,8.437050819E0,-1.675950050E0
1.793404826E2,3.295950174E0,8.578950882E0,-5.340000391E-1
1.793429262E2,6.592950344E0,9.034049988E0,-2.325000048E0
1.793453697E2,3.988050222E0,1.046100044E1,-2.256000042E0
1.793478133E2,2.299950123E0,1.076895046E1,3.979500234E-1
1.793502570E2,1.837950110E0,1.097805023E1,2.718000174E0
1.793527004E2,2.215950012E0,1.250295067E1,2.934000254E0
1.793551441E2,3.660000086E0,1.255800056E1,2.971950054E0
1.793575875E2,3.937950134E0,1.243095016E1,4.395000264E-2
1.793600312E2,2.950950146E0,1.114800072E1,4.150500298E-1
1.793624746E2,3.318000078E0,1.062300014E1,1.018050075E0
1.793649182E2,4.242000103E0,1.232295036E1,-4.542000294E0
1.793673617E2,6.718050480E0,1.332405090E1,-8.512050629E0
1.793698053E2,5.152050018E0,1.308000088E1,-6.112950325E0
1.793722490E2,1.953000069E0,1.261305046E1,-2.782950163E0
1.793746924E2,8.920500278E-1,1.216500092E1,-1.129500046E-1
1.793771361E2,4.660950184E0,1.337895107E1,-4.789500237E-1
1.793795795E2,6.595050335E0,1.414095020E1,-2.590950012E0
1.793820232E2,3.552000284E0,1.367400074E1,-2.953050137E0
1.793844666E2,2.191950083E0,1.086300087E1,-2.823000193E0
1.793869102E2,3.412950277E0,1.064505005E1,-1.638000131E0
1.793893537E2,5.443950176E0,1.207200050E1,-4.746000290E0
1.793917973E2,3.933000088E0,1.063500023E1,-4.248000145E0
1.793942408E2,2.130000114E0,9.546000481E0,-1.380000114E0
1.793966844E2,1.986000061E0,8.133000374E0,1.912050128E0
1.793991279E2,4.297049999E0,1.026900005E1,1.963950038E0
1.794015715E2,4.953000069E0,1.013295078E1,-1.762950063E0
1.794040149E2,4.170000076E0,8.188050270E0,-3.292950153E0
1.794064585E2,1.615050077E0,6.721050262E0,-3.036000252E0
1.794089020E2,1.384950042E0,5.932950497E0,-1.348050117E0
1.794113457E2,5.014950275E0,8.338950157E0,-3.256950140E0
1.794137891E2,5.365050316E0,7.338000298E0,-6.001050472E0
1.794162328E2,3.640950203E0,8.179050446E0,-4.258049965E0
1.794186762E2,2.250000000E0,7.626000404E0,3.790500164E-1
1.794211199E2,3.898950100E0,8.605050087E0,2.206050158E0
1.794235635E2,6.255000114E0,9.280050278E0,-4.170000255E-1
1.794260069E2,5.479950428E0,9.847950935E0,-4.167000294E0
1.794284506E2,1.564950109E0,9.028950691E0,-5.572050095E0
1.794308940E2,1.189500093E-1,6.663000107E0,-3.774000168E0
1.794333376E2,4.579050064E0,6.381000519E0,-4.332000256E0
1.794357811E2,7.474050522E0,6.706050396E0,-6.211050510E0
1.794382248E2,3.804000139E0,7.975050449E0,-4.210050106E0
1.794406682E2,6.580500603E-1,7.864950180E0,8.680500388E-1
1.794431119E2,2.410050154E0,9.253950119E0,3.850950241E0
1.794455552E2,6.318000317E0,9.409049988E0,-7.240500450E-1
1.794479989E2,6.694050312E0,8.218950272E0,-6.180000305E0
1.794504423E2,2.191950083E0,9.204000473E0,-6.385950089E0
1.794528860E2,1.941000104E0,8.634000778E0,-3.499050140E0
1.794553296E2,8.209050179E0,9.105000496E0,-4.425000191E0
1.794577731E2,6.439950466E0,9.127050400E0,-7.581000328E0
1.794602167E2,1.426050067E0,1.064700031E1,-4.606950283E0
1.794626602E2,-3.160500228E-1,9.673050880E0,2.668050051E0
1.794651038E2,6.979500055E-1,9.663000107E0,3.619050264E0
1.794675473E2,6.994950294E0,8.100000381E0,-2.230500132E-1
1.794699909E2,7.987050533E0,6.952950478E0,-3.762000084E0
1.794724343E2,3.057000160E0,8.171999931E0,-5.644050121E0
1.794748780E2,9.160500169E-1,9.784950256E0,1.920000017E-1
1.794773214E2,1.729950070E0,1.100895023E1,1.308000088E0
1.794797650E2,3.904050112E0,1.172505093E1,-1.518000126E0
1.794822087E2,4.864050388E0,1.293900108E1,-3.220950127E0
1.794846521E2,2.239950180E0,1.209795094E1,-3.525000095E0
1.794870958E2,2.848050117E0,1.336695099E1,-3.565950155E0
1.794895392E2,6.004050255E0,1.116705036E1,-6.819000244E0
1.794919829E2,2.997000217E0,9.562950134E0,-7.291050434E0
1.794944264E2,-2.700000107E-1,7.779000282E0,-1.770000100E0
1.794968700E2,-2.250000089E-1,7.506000519E0,1.777050138E0
1.794993135E2,5.628000259E0,8.293950081E0,-2.280000210E0
1.795017571E2,7.371000290E0,6.424050331E0,-5.944950104E0
1.795042006E2,3.709950209E0,6.811950207E0,-4.657050133E0
1.795066442E2,1.921950102E0,6.874050140E0,1.200000048E0
1.795090879E2,2.938950062E0,8.092950821E0,3.007950068E0
1.795115313E2,4.703999996E0,7.422000408E0,9.250500202E-1
1.795139750E2,7.090950489E0,7.816950321E0,-4.120500088E-1
1.795164184E2,5.710050106E0,6.823950291E0,-4.653000355E0
1.795188620E2,4.311000347E0,7.101000309E0,-4.389000416E0
1.795213055E2,6.208050251E0,6.084000111E0,-5.392050266E0
1.795237491E2,4.486050129E0,7.129950523E0,-5.485950470E0
1.795261926E2,1.363950014E0,8.968950272E0,-1.873050094E0
1.795286362E2,8.230500221E-1,8.902050018E0,2.515050173E0
1.795310797E2,6.685950279E0,9.912000656E0,1.282050014E0
1.795335233E2,8.109000206E0,9.273000717E0,-4.819950104E0
1.795359667E2,2.482050180E0,9.748950005E0,-7.188000202E0
1.795384103E2,-7.609500289E-1,9.754050255E0,-2.280000210E0
1.795408538E2,-2.895000204E-2,8.728950500E0,2.697000027E0
1.795432974E2,4.399950027E0,9.733050346E0,-3.310500085E-1
1.795457409E2,5.362050056E0,8.470950127E0,-4.078050137E0
1.795481845E2,3.535950184E0,7.137000561E0,-2.620050192E0
1.795506279E2,1.588950038E0,8.890050888E0,1.414050102E0
1.795530716E2,1.996050119E0,1.071405029E1,-6.589500308E-1
1.795555153E2,4.657950401E0,1.030995083E1,-3.961050272E0
1.795579587E2,3.526050091E0,1.098705006E1,-4.222050190E0
1.795604023E2,3.559500277E-1,9.225000381E0,-1.855950117E0
1.795628458E2,-3.180000186E-1,8.200050354E0,3.030000031E-1
1.795652894E2,4.066950321E0,8.914050102E0,-2.464050055E0
1.795677329E2,5.887050152E0,6.939000130E0,-5.653050423E0
1.795701765E2,6.102000237E0,7.702050209E0,-6.396000385E0
1.795726199E2,7.723050594E0,7.815000534E0,-5.658000469E0
1.795750635E2,8.584950447E0,7.744950294E0,-7.423050404E0
1.795775070E2,4.512000084E0,7.812000275E0,-5.566950321E0
1.795799507E2,8.749500513E-1,8.575950623E0,1.639500111E-1
1.795823943E2,1.287000060E0,7.482000351E0,3.226050138E0
1.795848378E2,7.114950180E0,6.253950119E0,1.729500145E-1
1.795872814E2,7.951050282E0,3.502950191E0,-5.233950138E0
1.795897249E2,3.673950195E0,5.550000191E0,-3.739950180E0
1.795921685E2,2.700000048E0,9.603000641E0,1.920000017E-1
1.795946120E2,3.607050180E0,1.110000038E1,7.380000353E-1
1.795970556E2,3.910950184E0,9.433050156E0,-3.171000242E0
1.795994990E2,2.950950146E0,9.160050392E0,-5.086050034E0
1.796019426E2,2.700000107E-1,9.247050285E0,-4.449000359E0
1.796043861E2,3.180000186E-1,8.884950638E0,-9.460500479E-1
1.796068297E2,4.477050304E0,8.452050209E0,-9.799500704E-1
1.796092732E2,7.489050388E0,7.195050240E0,-5.158050060E0
1.796117168E2,4.765950203E0,7.246950150E0,-5.335050106E0
1.796141603E2,4.837950230E0,7.954050541E0,-3.012000084E0
1.796166039E2,7.765950203E0,7.518000126E0,-3.850050211E0
1.796190476E2,5.008050442E0,7.486950397E0,-3.690000057E0
1.796214910E2,1.162950039E0,7.765050411E0,5.059500337E-1
1.796239346E2,2.149049997E0,7.867950439E0,4.118999958E0
1.796263781E2,6.073050499E0,6.105000496E0,2.890950203E0
1.796288217E2,8.737950325E0,4.815000057E0,-4.267050266E0
1.796312652E2,5.209050179E0,4.413000107E0,-4.102050304E0
1.796337088E2,3.222000122E0,9.673050880E0,2.160000056E-1
1.796361523E2,2.905950069E0,1.322100067E1,7.410000563E-1
1.796385959E2,2.233050108E0,1.122705078E1,-1.948950052E0
1.796410393E2,1.828050137E0,9.919050217E0,-4.276950359E0
1.796434830E2,4.920000136E-1,9.615000725E0,-4.471050262E0
1.796459264E2,1.761000037E0,8.887950897E0,-2.152950048E0
1.796483701E2,6.409050465E0,9.577050209E0,-6.072000504E0
1.796508137E2,7.110000134E0,7.540050507E0,-9.727950096E0
1.796532571E2,4.503000259E0,9.012000084E0,-6.352950096E0
1.796557007E2,7.204050541E0,9.556050301E0,-4.118999958E0
1.796581442E2,8.599050522E0,9.318000793E0,-5.998050213E0
1.796605878E2,3.562050104E0,9.139050484E0,-4.897050381E0
1.796630313E2,2.092050076E0,7.731000423E0,7.140000463E-1
1.796654749E2,5.844000340E0,6.778050423E0,2.042999983E0
1.796679184E2,1.076400089E1,4.860000134E0,-4.839000225E0
1.796703620E2,8.125050545E0,3.603000164E0,-6.444000244E0
1.796728054E2,2.695050240E0,6.627000332E0,-2.646000147E0
1.796752491E2,3.567000151E0,1.039395046E1,3.379050255E0
1.796776925E2,4.651050091E0,1.070505047E1,2.584050179E0
1.796801361E2,4.896000385E0,9.643950462E0,-2.469000101E0
1.796825798E2,2.953950167E0,9.465000153E0,-5.646000385E0
1.796850232E2,3.423000097E0,1.030695057E1,-6.082050323E0
1.796874669E2,7.132050514E0,1.002195072E1,-6.565950394E0
1.796899103E2,6.018000126E0,8.718000412E0,-7.734000206E0
1.796923539E2,3.243000269E0,9.763950348E0,-5.725050449E0
1.796947974E2,3.457050085E0,9.093000412E0,-2.031000137E0
1.796972410E2,7.303950310E0,1.098000050E1,-2.626950026E0
1.796996845E2,7.636950493E0,9.772950172E0,-5.221950054E0
1.797021281E2,2.499000072E0,9.177000046E0,-3.673050165E0
1.797045715E2,1.243950009E0,9.181950569E0,1.926000118E0
1.797070151E2,3.664950132E0,9.723000526E0,1.461000085E0
1.797094586E2,7.113000393E0,7.483950138E0,-3.988950253E0
1.797119022E2,4.632000446E0,4.702050209E0,-3.874050140E0
1.797143457E2,2.925000191E0,7.567950249E0,1.264950037E0
1.797167893E2,3.586050272E0,1.306605053E1,2.343000174E0
1.797192330E2,2.314050198E0,1.375005054E1,2.496000051E0
1.797216765E2,1.788000107E0,1.062795067E1,1.369500011E-1
1.797241201E2,8.610000610E-1,1.030995083E1,-3.072000027E0
1.797265635E2,2.037000179E0,1.043700027E1,-4.717050076E0
1.797290072E2,4.879050255E0,1.044900036E1,-8.479050636E0
1.797314506E2,4.716000080E0,9.052950859E0,-1.078695011E1
1.797338942E2,1.141050100E0,8.665050507E0,-5.493000031E0
1.797363377E2,3.624000072E0,8.962050438E0,-1.699950099E0
1.797387813E2,7.680000305E0,9.247050285E0,-4.738950253E0
1.797412248E2,3.607050180E0,6.795000553E0,-5.433000088E0
1.797436684E2,5.190000534E-1,7.519950390E0,1.519500017E-1
1.797461118E2,4.029000282E0,6.745050430E0,1.561950088E0
1.797485555E2,9.025950432E0,6.310950279E0,-3.391050100E0
1.797509989E2,7.390050411E0,2.503950119E0,-5.971950054E0
1.797534426E2,2.797950029E0,4.117949963E0,-1.222050071E0
1.797558860E2,4.777950287E0,9.241950035E0,2.788050175E0
1.797583297E2,5.164050102E0,1.164795017E1,5.830500126E-1
1.797607733E2,4.255949974E0,8.842050552E0,-2.931000233E0
1.797632168E2,1.645950079E0,8.593050003E0,-4.438950062E0
1.797656604E2,2.170950174E0,9.366000175E0,-8.050050735E0
1.797681038E2,7.291950226E0,9.373950005E0,-1.072905064E1
1.797705475E2,7.089000225E0,8.317950249E0,-1.036800003E1
1.797729909E2,1.776000142E0,7.417050362E0,-4.831950188E0
1.797754345E2,3.595050097E0,8.116950035E0,5.710500479E-1
1.797778780E2,9.676950455E0,9.004950523E0,-4.333950043E0
1.797803216E2,4.953000069E0,7.080000401E0,-8.383049965E0
1.797827651E2,-2.356050014E0,8.266950607E0,-1.417950034E0
1.797852087E2,1.402050018E0,6.250950336E0,2.706000090E0
1.797876524E2,7.981950283E0,5.902050495E0,-1.522950053E0
1.797900958E2,9.358050346E0,3.843000174E0,-6.244950294E0
1.797925395E2,3.016050100E0,1.549050093E0,-1.000950098E0
1.797949829E2,2.920050144E0,5.820000172E0,2.203950167E0
1.797974265E2,2.641950130E0,1.357800102E1,1.675050020E0
1.797998700E2,2.425050020E0,1.286700058E1,5.128950119E0
1.798023136E2,1.639050126E0,8.284049988E0,5.710500479E-1
1.798047571E2,5.380499959E-1,1.265595055E1,-2.140950203E0
1.798072007E2,-5.580000281E-1,1.566105080E1,-3.976950169E0
1.798096442E2,4.114950180E0,1.176105022E1,4.282050133E0
1.798120878E2,3.267000198E0,8.203050613E0,-7.624050140E0
1.798145312E2,3.592950106E0,6.412050247E0,-4.636050224E0
1.798169748E2,5.631000042E0,9.544050217E0,-9.037050247E0
1.798194183E2,7.405050278E0,7.366950512E0,-1.008000088E1
1.798218619E2,1.462050080E0,6.463950157E0,-6.835950375E0
1.798243056E2,2.463000059E0,6.450000286E0,-3.079950094E0
1.798267491E2,6.532950401E0,7.453050137E0,-2.092950106E0
1.798291927E2,6.676950455E0,7.993950367E0,-3.903000116E0
1.798316362E2,3.631050110E0,5.164050102E0,-6.130500436E-1
1.798340798E2,3.385050058E0,7.663950443E0,2.584050179E0
1.798365232E2,4.570050240E0,1.366905022E1,3.853050232E0
1.798389669E2,3.229050159E0,1.208895016E1,3.559050083E0
1.798414103E2,1.444950104E0,9.318000793E0,4.296000004E0
1.798438539E2,3.340500295E-1,1.008000088E1,1.555050015E0
1.798462974E2,3.523950100E0,1.102605057E1,2.758950233E0
1.798487410E2,5.377050400E0,9.226950645E0,-4.978050232E0
1.798511845E2,5.434050083E0,8.149950027E0,-8.779950142E0
1.798536281E2,4.690050125E0,7.554000378E0,-1.354005051E1
1.798560716E2,6.451950073E0,9.216000557E0,-1.383000088E1
1.798585152E2,2.923050165E0,8.491950035E0,-1.142595100E1
1.798609589E2,3.439500034E-1,8.112000465E0,-3.760500252E-1
1.798634023E2,1.630050063E0,9.567000389E0,7.476000309E0
1.798658459E2,2.824050188E0,9.280050278E0,3.568050146E0
1.798682894E2,6.543000221E0,6.967050552E0,7.429500222E-1
1.798707330E2,5.869950294E0,2.365050077E0,-3.289950132E0
1.798731765E2,6.805950165E0,4.338000298E0,-1.834950089E0
1.798756201E2,8.652000427E0,1.094700050E1,-3.015000105E0
1.798780636E2,3.808050156E0,1.073805046E1,-1.981050134E0
1.798805072E2,1.603050113E0,8.710050583E0,-1.261950016E0
1.798829506E2,9.810000658E-1,9.967050552E0,-2.040000111E-1
1.798853943E2,2.599050045E0,1.194705009E1,-4.210050106E0
1.798878377E2,5.341050148E0,8.698050499E0,-9.769050598E0
1.798902813E2,5.082000256E0,7.365000248E0,-8.275050163E0
1.798927248E2,5.719050407E0,7.318950176E0,-4.261950016E0
1.798951684E2,7.122000217E0,8.107049942E0,-3.979950190E0
1.798976121E2,2.475000143E0,7.336050510E0,-4.246050358E0
1.799000556E2,-9.105000645E-2,6.642000198E0,6.949500442E-1
1.799024992E2,4.419000149E0,7.968000412E0,3.160950184E0
1.799049426E2,6.571950436E0,6.337950230E0,-2.292000055E0
1.799073862E2,5.431950092E0,3.760950089E0,-3.798000097E0
1.799098297E2,2.403000116E0,3.310950041E0,-5.389500260E-1
1.799122733E2,3.610050201E0,7.326000214E0,1.381950021E0
1.799147168E2,5.881950378E0,1.288800049E1,1.165050030E0
1.799171604E2,2.596950054E0,8.184000015E0,1.272000074E0
1.799196039E2,3.660000265E-1,7.638000488E0,9.195000678E-2
1.799220475E2,1.843050122E0,1.228005028E1,1.920000017E-1
1.799244909E2,4.213050365E0,1.169595051E1,-7.714950562E0
1.799269346E2,4.915050030E0,9.199050903E0,-1.137600040E1
1.799293780E2,4.303950310E0,6.430950165E0,-8.767950058E0
1.799318216E2,7.126950264E0,6.558000088E0,-6.136950493E0
1.799342651E2,6.415950298E0,7.231050491E0,-6.634950161E0
1.799367088E2,1.062000036E0,7.810050488E0,-2.440050125E0
1.799391524E2,1.777950048E0,7.305000305E0,2.770950079E0
1.799415959E2,6.472950459E0,8.911050797E0,3.583050251E0
1.799440395E2,7.299000263E0,7.099050522E0,-2.308950186E0
1.799464830E2,6.628950119E0,4.149000168E0,-2.020950079E0
1.799489266E2,5.227950096E0,4.942050457E0,-6.300000548E-1
1.799513700E2,6.958950520E0,1.094700050E1,6.589500308E-1
1.799538137E2,6.001950264E0,1.361595058E1,-6.900000572E-1
1.799562571E2,2.203950167E0,8.593050003E0,-1.462950110E0
1.799587007E2,5.310000181E-1,9.187050819E0,-3.280500174E-1
1.799611442E2,4.005000114E0,1.226595020E1,-5.541000366E0
1.799635878E2,5.841000080E0,1.143000031E1,-1.114305019E1
1.799660313E2,4.984050274E0,1.025205040E1,-1.152900028E1
1.799684749E2,4.052999973E0,9.409049988E0,-6.099000454E0
1.799709186E2,5.700000286E0,9.505050659E0,-3.976950169E0
1.799733620E2,1.974000096E0,8.956950188E0,-4.678950310E0
1.799758056E2,6.790500283E-1,7.437000275E0,9.060000181E-1
1.799782491E2,4.618050098E0,7.741050243E0,2.704050064E0
1.799806927E2,8.944050789E0,7.408050537E0,-1.894050121E0
1.799831362E2,6.697950363E0,4.195050240E0,-4.693050385E0
1.799855798E2,3.574050188E0,3.354000092E0,-1.200000048E0
1.799880233E2,4.969950199E0,7.249950409E0,7.669500113E-1
1.799904669E2,6.925950527E0,1.158300018E1,-4.189500213E-1
1.799929103E2,4.012050152E0,1.071195030E1,2.329500169E-1
1.799953539E2,1.405050039E0,8.727000237E0,1.284000039E0
1.799977974E2,2.089050055E0,1.105005074E1,-9.409500360E-1
1.800002410E2,5.383950233E0,1.280205059E1,-8.023950577E0
1.800026845E2,4.572000027E0,1.137495041E1,-1.211805058E1
1.800051281E2,3.792000294E0,9.301950455E0,-8.512050629E0
1.800075716E2,5.724000454E0,9.121950150E0,-4.807950020E0
1.800100153E2,4.386000156E0,9.175050735E0,-4.341000080E0
1.800124589E2,2.100000083E-1,8.787000656E0,-9.130500555E-1
1.800149023E2,1.036050081E0,7.824000359E0,2.757000208E0
1.800173459E2,7.074000359E0,9.105000496E0,-7.879500389E-1
1.800197894E2,7.390050411E0,7.264050484E0,-5.131050110E0
1.800222330E2,4.074000359E0,3.654000282E0,-2.809050083E0
1.800246765E2,3.628950119E0,6.091050148E0,6.829500198E-1
1.800271201E2,8.134950638E0,1.073295021E1,-3.790500164E-1
1.800295636E2,5.449050426E0,1.218405056E1,-1.135050058E0
1.800320072E2,1.777950048E0,8.421000481E0,1.105050087E0
1.800344506E2,1.587000132E0,9.016950607E0,2.310000062E-1
1.800368943E2,3.591000080E0,1.324995041E1,-5.110050201E0
1.800393377E2,4.411950111E0,1.141095066E1,-1.212000084E1
1.800417813E2,2.413050175E0,9.298950195E0,-1.011900043E1
1.800442248E2,4.453050137E0,8.107049942E0,-5.823000431E0
1.800466684E2,6.030000210E0,7.540050507E0,-6.769050121E0
1.800491121E2,7.680000067E-1,7.621050358E0,-4.344000340E0
1.800515556E2,7.200000286E-1,5.665050507E0,2.211000204E0
1.800539992E2,6.688950539E0,6.784950256E0,1.174050093E0
1.800564427E2,8.880000114E0,5.799000263E0,-3.513000250E0
1.800588863E2,4.147950172E0,3.304050207E0,-2.196000099E0
1.800613297E2,3.190950155E0,4.384050369E0,1.215000033E0
1.800637733E2,7.563000202E0,6.361950397E0,2.860500216E-1
1.800662168E2,7.738050461E0,9.838050842E0,-3.834000111E0
1.800686604E2,1.720950127E0,7.732950211E0,-1.672050118E0
1.800711041E2,4.879500270E-1,7.116000175E0,5.539500117E-1
1.800735475E2,5.271000385E0,1.063995075E1,-4.565999985E0
1.800759912E2,6.343950272E0,9.414000511E0,-9.241950035E0
1.800784346E2,3.070950031E0,1.042005062E1,-9.345000267E0
1.800808783E2,4.927050114E0,8.265000343E0,-5.601000309E0
1.800833217E2,7.693950176E0,7.920000553E0,-3.538950205E0
1.800857653E2,8.470500112E-1,8.171999931E0,-3.678000212E0
1.800882088E2,-9.499500394E-1,5.812950134E0,4.129500091E-1
1.800906524E2,5.062950134E0,5.752950191E0,-5.680500269E-1
1.800930959E2,9.186000824E0,5.440050125E0,-5.038050175E0
1.800955395E2,5.767050266E0,2.164050102E0,-5.164950371E0
1.800979830E2,3.655050278E0,3.577050209E0,1.308000088E0
1.801004266E2,6.475950241E0,6.570000172E0,1.071000099E0
1.801028700E2,8.755050659E0,1.234500027E1,-3.100950241E0
1.801053136E2,3.291000128E0,1.000800037E1,2.641950130E0
1.801077571E2,9.400500655E-1,8.272050858E0,7.860000134E-1
1.801102008E2,8.920500278E-1,1.309905052E1,2.532000065E0
1.801126442E2,2.728950024E0,1.429095078E1,5.419500470E-1
1.801150879E2,3.009000063E0,9.931050301E0,-5.991000175E0
1.801175313E2,4.702050209E0,9.535950661E0,-8.043000221E0
1.801199749E2,6.198000431E0,9.610950470E0,-1.087500095E1
1.801224186E2,2.121000051E0,1.040805054E1,-1.010700035E1
1.801248620E2,-1.069950104E0,9.187050819E0,-3.220950127E0
1.801273056E2,1.000050068E0,9.747000694E0,5.130000114E-1
1.801297491E2,3.459000111E0,1.221105099E1,-1.177950025E0
1.801321927E2,3.139950037E0,6.565050125E0,-5.610000491E-1
1.801346362E2,2.335950136E0,4.185000420E0,6.810000539E-1
1.801370798E2,5.355000019E0,6.622950077E0,-3.690000176E-1
1.801395233E2,1.032105064E1,1.139700031E1,-9.630000591E-1
1.801419669E2,5.611050129E0,9.133950233E0,-1.128000021E0
1.801444103E2,3.445050240E0,6.826050282E0,1.339050055E0
1.801468540E2,6.555000305E0,1.035795021E1,-2.878050089E0
1.801492976E2,6.559950352E0,1.285995102E1,-4.875000000E0
1.801517411E2,4.587000370E0,1.184700012E1,-7.609950542E0
1.801541847E2,3.796950102E0,9.928950310E0,-8.811000824E0
1.801566282E2,4.122000217E0,9.163050652E0,-7.666950226E0
1.801590718E2,9.349500537E-1,8.029950142E0,-6.549000263E0
1.801615153E2,-5.119500160E-1,6.160050392E0,-1.570950031E0
1.801639589E2,4.036050320E0,6.979050159E0,1.404000044E0
1.801664023E2,8.440950394E0,6.220050335E0,-9.390000701E-1
1.801688460E2,5.073000431E0,3.844950199E0,-1.281000018E0
1.801712894E2,2.935050249E0,4.948950291E0,1.282050014E0
1.801737330E2,6.282000065E0,5.239050388E0,4.890000224E-1
1.801761765E2,8.769000053E0,8.184000015E0,-3.517950058E0
1.801786201E2,3.813000202E0,8.773050308E0,-4.317000389E0
1.801810638E2,8.440500498E-1,8.160000801E0,-1.003950000E0
1.801835072E2,5.467950344E0,9.790050507E0,-4.459050179E0
1.801859509E2,6.604950428E0,8.659950256E0,-9.537000656E0
1.801883943E2,4.129050255E0,1.078905010E1,-9.043950081E0
1.801908380E2,4.608000278E0,9.988950729E0,-5.431050301E0
1.801932814E2,6.271950245E0,8.242950439E0,-5.323050022E0
1.801957250E2,1.441050053E0,7.879950523E0,-4.642950058E0
1.801981685E2,-1.257000089E0,5.353950024E0,1.378050089E0
1.802006121E2,3.985950232E0,7.195050240E0,1.873050094E0
1.802030556E2,8.707050323E0,6.318000317E0,-4.327050209E0
1.802054992E2,5.046000004E0,2.971050024E0,-4.312950134E0
1.802079429E2,2.542050123E0,4.441050053E0,1.363050103E0
1.802103862E2,5.616000175E0,6.093000412E0,6.469500065E-1
1.802128299E2,9.334950447E0,9.376049995E0,-3.870000124E0
1.802152734E2,3.610050201E0,8.016000748E0,-1.678950071E0
1.802177170E2,1.141050100E0,8.014050484E0,1.873050094E0
1.802201605E2,5.215950012E0,1.113600063E1,-2.632050037E0
1.802226041E2,5.118000031E0,9.667950630E0,-7.099950314E0
1.802250476E2,3.961950302E0,1.097805023E1,-9.517950058E0
1.802274912E2,6.037950516E0,1.017300034E1,-8.067000389E0
1.802299346E2,5.560950279E0,1.016805077E1,-6.064950466E0
1.802323782E2,1.980000138E-1,1.031205082E1,-3.442950249E0
1.802348217E2,-1.137000084E0,6.520050526E0,3.169050217E0
1.802372653E2,2.985000134E0,7.468050480E0,1.833000064E0
1.802397088E2,7.813950539E0,1.000800037E1,-3.919950247E0
1.802421524E2,4.680000305E0,5.538000107E0,-1.108950019E0
1.802445958E2,3.604950190E0,4.855950356E0,2.256000042E0
1.802470394E2,6.385050297E0,8.266950607E0,-7.980000377E-1
1.802494829E2,9.427950859E0,1.339095020E1,-1.369950056E0
1.802519266E2,4.462050438E0,1.110705090E1,-4.770000279E-1
1.802543702E2,2.140050173E0,1.057995033E1,3.289500177E-1
1.802568137E2,4.620000362E0,1.419300079E1,-1.810950041E0
1.802592573E2,5.431950092E0,1.311300087E1,-8.052000046E0
1.802617008E2,3.327000141E0,1.289100075E1,-1.057605076E1
1.802641444E2,5.440950394E0,1.168395042E1,-8.163000107E0
1.802665878E2,4.773000240E0,1.139205074E1,-5.791950226E0
1.802690315E2,4.759500325E-1,1.147095013E1,-2.377950191E0
1.802714749E2,1.960500032E-1,8.566950798E0,2.473950148E0
1.802739185E2,4.941000462E0,9.187050819E0,8.460000157E-1
1.802763622E2,7.915050507E0,7.954050541E0,-5.344950199E0
1.802788057E2,3.291000128E0,5.248050213E0,-5.155050278E0
1.802812493E2,3.342000246E0,5.164050102E0,-1.195050001E0
1.802836928E2,7.738050461E0,6.565050125E0,1.009500027E-1
1.802861364E2,7.639050484E0,8.566950798E0,-1.732050061E0
1.802885799E2,3.526050091E0,7.896000385E0,-2.850000262E-1
1.802910235E2,3.406050205E0,7.840950489E0,2.929500043E-1
1.802934669E2,6.547950268E0,1.057095051E1,-3.135000229E0
1.802959105E2,5.109000206E0,9.473999977E0,-8.400000572E0
1.802983540E2,3.853950262E0,1.065900040E1,-8.545949936E0
1.803007976E2,4.960050106E0,9.438000679E0,-9.252000809E0
1.803032411E2,4.150950432E0,7.525050163E0,-8.902050018E0
1.803056847E2,-4.810500145E-1,6.543000221E0,-3.196950197E0
1.803081282E2,-3.400500119E-1,5.269950390E0,2.890950203E0
1.803105718E2,6.994950294E0,6.486000538E0,-5.149500370E-1
1.803130152E2,8.437050819E0,4.245000362E0,-5.863950253E0
1.803154589E2,2.487000227E0,2.938050032E0,-1.201950073E0
1.803179023E2,3.811050177E0,3.180000067E0,1.584000111E0
1.803203460E2,1.019400024E1,4.513050079E0,-2.524050236E0
1.803227896E2,8.049000740E0,6.979050159E0,-6.867000103E0
1.803252331E2,9.310500622E-1,7.140000343E0,-1.231050014E0
1.803276767E2,2.949000120E0,9.508050919E0,-4.240500331E-1
1.803301201E2,6.088050365E0,1.031400013E1,-4.444050312E0
1.803325638E2,4.539000034E0,8.899050713E0,-6.055950165E0
1.803350072E2,4.567049980E0,1.222800064E1,-5.979000092E0
1.803374508E2,5.901000500E0,9.685050011E0,-6.831000328E0
1.803398943E2,1.654050112E0,8.140049934E0,-6.475050449E0
1.803423379E2,-1.447950125E0,6.052950382E0,-5.490000248E-1
1.803447814E2,9.090000391E-1,3.748950243E0,1.468950033E0
1.803472251E2,6.964050293E0,7.105950356E0,-3.706950188E0
1.803496687E2,5.865000248E0,4.099050045E0,-3.907950163E0
1.803521121E2,2.326050043E0,3.096000195E0,-7.005000114E-2
1.803545558E2,6.211950302E0,6.388050079E0,-4.669500291E-1
1.803569992E2,9.157050133E0,1.100895023E1,-1.846050143E0
1.803594428E2,5.377050400E0,1.071705055E1,1.938000083E0
1.803618863E2,2.104050159E0,1.024305058E1,-5.100000277E-2
1.803643299E2,2.962950230E0,1.410495090E1,2.935950041E0
1.803667734E2,4.204050064E0,1.330695057E1,-3.585000277E0
1.803692170E2,4.218000412E0,1.020900059E1,-7.273950577E0
1.803716605E2,6.967050552E0,1.062795067E1,-1.225005054E1
1.803741041E2,5.307000160E0,1.138005066E1,-1.162500095E1
1.803765475E2,-2.989500165E-1,1.177305031E1,-5.589000225E0
1.803789912E2,-6.559500098E-1,7.621050358E0,7.669500113E-1
1.803814346E2,2.536950111E0,1.100400066E1,2.272950172E0
1.803838782E2,5.839050293E0,1.140600014E1,-1.437000036E0
1.803863219E2,3.741000175E0,4.719000340E0,-2.479050159E0
1.803887653E2,3.661950111E0,5.251050472E0,-7.210500240E-1
1.803912090E2,8.237999916E0,7.234950542E0,-2.146050215E0
1.803936525E2,8.017950058E0,7.839000225E0,-2.433000088E0
1.803960961E2,3.531000137E0,8.260050774E0,1.198050022E0
1.803985396E2,3.592950106E0,9.217950821E0,8.389500380E-1
1.804009832E2,5.170950413E0,9.934050560E0,-2.163000107E0
1.804034266E2,5.164050102E0,1.027905083E1,-3.481950283E0
1.804058702E2,5.263950348E0,1.075500011E1,-5.965050220E0
1.804083137E2,6.682050228E0,1.061595058E1,-9.772050858E0
1.804107573E2,3.009000063E0,9.213000298E0,-9.502950668E0
1.804132008E2,-1.474950075E0,7.288050175E0,-1.762950063E0
1.804156444E2,-1.230000019E0,6.558000088E0,2.910000086E0
1.804180878E2,5.427000046E0,6.850050449E0,-1.396050096E0
1.804205315E2,5.619000435E0,4.328999996E0,-5.371050358E0
1.804229749E2,2.188050032E0,4.171050072E0,-7.830000520E-1
1.804254186E2,6.166950226E0,4.539000034E0,-9.900000691E-2
1.804278622E2,1.062495041E1,4.824000359E0,-4.312950134E0
1.804303057E2,5.017950058E0,6.394950390E0,-4.606950283E0
1.804327493E2,1.551000118E0,7.495950222E0,1.399050117E0
1.804351928E2,4.361999989E0,1.014000034E1,-4.240500331E-1
1.804376364E2,5.971050262E0,8.734050751E0,-5.458950043E0
1.804400799E2,5.757000446E0,9.523950577E0,-7.078050137E0
1.804425235E2,8.848050117E0,1.121700096E1,-8.637000084E0
1.804449669E2,5.736000061E0,8.595000267E0,-9.381000519E0
1.804474105E2,-8.449500203E-1,9.440999985E0,-5.364000320E0
1.804498540E2,-2.770050049E0,6.204000473E0,3.406050205E0
1.804522976E2,3.090000153E0,5.595000267E0,1.519500017E-1
1.804547411E2,8.499000549E0,5.820000172E0,-7.858950138E0
1.804571847E2,4.527000427E0,4.132050037E0,-4.714950085E0
1.804596284E2,1.978950143E0,3.907050133E0,2.493000031E0
1.804620719E2,8.440950394E0,6.787950516E0,6.105000153E-2
1.804645155E2,8.947050095E0,8.476050377E0,-5.629050255E0
1.804669589E2,1.582050085E0,8.241000175E0,7.810500264E-1
1.804694025E2,2.458050013E0,1.029495049E1,-3.880500197E-1
1.804718460E2,6.009000301E0,1.054005051E1,-4.861050129E0
1.804742896E2,3.910950184E0,9.139050484E0,-8.919000626E0
1.804767331E2,6.892050266E0,1.016100025E1,-8.697000504E0
1.804791767E2,9.037950516E0,8.887950897E0,-8.017050743E0
1.804816202E2,2.166000128E0,8.368050575E0,-6.337950230E0
1.804840638E2,-2.020950079E0,8.923050880E0,1.717950106E0
1.804865072E2,-1.990500093E-1,4.815000057E0,5.599050045E0
1.804889509E2,7.381050587E0,7.579950333E0,-4.207050323E0
1.804913943E2,5.914950371E0,4.361999989E0,-4.657050133E0
1.804938379E2,2.295000076E0,3.912000179E0,1.051950097E0
1.804962814E2,6.319950104E0,4.699950218E0,-6.919500232E-1
1.804987251E2,9.382050514E0,7.021950245E0,-3.499050140E0
1.805011687E2,3.066000223E0,7.774050236E0,-2.305950165E0
1.805036122E2,1.833000064E0,8.854050636E0,2.206050158E0
1.805060558E2,5.725950241E0,1.140405083E1,-8.269500136E-1
1.805084992E2,4.684950352E0,8.830050468E0,-5.233950138E0
1.805109429E2,6.660000324E0,1.068300056E1,-8.074049950E0
1.805133863E2,9.787050247E0,9.546000481E0,-1.075605011E1
1.805158299E2,4.471950054E0,9.340050697E0,-9.766950607E0
1.805182734E2,-1.254000068E0,9.352050781E0,-2.449950218E0
1.805207170E2,-1.336050034E0,6.112950325E0,4.447050095E0
1.805231605E2,4.900050163E0,6.226950169E0,-9.630000591E-1
1.805256041E2,7.207950115E0,6.096000195E0,-5.458950043E0
1.805280475E2,4.134000301E0,3.970050097E0,1.305000018E-2
1.805304911E2,5.379000187E0,4.338000298E0,1.339050055E0
1.805329346E2,1.000305080E1,7.099050522E0,-2.737050056E0
1.805353783E2,5.560950279E0,8.329950333E0,-5.155050278E0
1.805378219E2,1.615050077E0,9.388050079E0,1.311000109E0
1.805402654E2,4.840050220E0,1.121505070E1,-1.642950058E0
1.805427090E2,6.676950455E0,1.093905067E1,-5.953050137E0
1.805451525E2,4.930950165E0,1.065405083E1,-8.943000793E0
1.805475961E2,8.664000511E0,1.161000061E1,-1.075605011E1
1.805500395E2,7.170000553E0,8.959050179E0,-1.057395077E1
1.805524832E2,2.170500159E-1,9.985950470E0,-4.393949986E0
1.805549266E2,-1.477050066E0,7.650000572E0,3.814950228E0
1.805573702E2,3.925950289E0,6.951000214E0,1.252950072E0
1.805598137E2,7.210950375E0,5.413050175E0,-5.506950378E0
1.805622573E2,3.057000160E0,4.294950008E0,-2.377950191E0
1.805647007E2,3.648000240E0,4.128000259E0,1.828050137E0
1.805671444E2,8.596950531E0,5.449050426E0,-1.168950081E0
1.805695880E2,7.054950237E0,8.310000420E0,-3.862050295E0
1.805720314E2,2.022000074E0,6.543000221E0,2.338050127E0
1.805744751E2,2.245050192E0,9.259050369E0,1.579050064E0
1.805769186E2,4.948050022E0,1.135395050E1,-2.359050035E0
1.805793622E2,3.217050076E0,9.871950150E0,-4.303050041E0
1.805818056E2,9.351000786E0,1.233300018E1,-9.427050591E0
1.805842493E2,7.398000240E0,9.546000481E0,-1.129695034E1
1.805866927E2,6.859500408E-1,9.726000786E0,-7.720050335E0
1.805891363E2,-2.029950142E0,8.380050659E0,-5.629500151E-1
1.805915798E2,-7.009500265E-1,8.125950813E0,1.665000081E0
1.805940234E2,3.262950182E0,5.088000298E0,-5.526000500E0
1.805964669E2,3.627000093E0,4.563000202E0,-4.609050274E0
1.805989105E2,3.294000149E0,3.031050205E0,2.160000056E-1
1.806013540E2,8.058000565E0,4.972950459E0,-1.432050109E0
1.806037976E2,9.354000092E0,7.117950439E0,-5.215050220E0
1.806062411E2,3.286950111E0,6.831000328E0,6.709500551E-1
1.806086847E2,3.351000071E0,9.715950012E0,2.248950005E0
1.806111284E2,4.474050045E0,9.997950554E0,-2.254050016E0
1.806135718E2,4.204050064E0,9.460050583E0,-4.288949966E0
1.806160154E2,9.235950470E0,1.128705025E1,-8.167050362E0
1.806184589E2,1.083600044E1,8.995050430E0,-1.403805065E1
1.806209025E2,2.434050083E0,8.980950356E0,-1.136895084E1
1.806233460E2,-2.763000250E0,1.026405048E1,-2.209500074E-1
1.806257896E2,9.930000305E-1,6.534000397E0,4.408950329E0
1.806282330E2,7.663050175E0,6.982050419E0,-3.321000099E0
1.806306767E2,5.335950375E0,4.975050449E0,-4.617000103E0
1.806331201E2,2.568000078E0,5.557050228E0,2.833050251E0
1.806355637E2,5.911050320E0,4.834050179E0,1.780500114E-1
1.806380072E2,9.009000778E0,6.997950554E0,-4.582950115E0
1.806404508E2,3.763050079E0,8.224050522E0,-8.895000070E-2
1.806428945E2,2.293050051E0,9.840000153E0,1.612050056E0
1.806453380E2,7.074000359E0,1.107600021E1,-4.927950382E0
1.806477816E2,4.492950439E0,9.508050919E0,-5.581950188E0
1.806502250E2,8.085000038E0,1.187295055E1,-7.255050182E0
1.806526686E2,1.008405018E1,1.185195065E1,-1.059795094E1
1.806551121E2,2.881950140E0,1.087005043E1,-7.669050217E0
1.806575557E2,-9.649500251E-1,9.784950256E0,4.579500258E-1
1.806599992E2,-1.044000030E0,9.685050011E0,5.671050072E0
1.806624428E2,1.929000139E0,8.707950592E0,-1.267050028E0
1.806648863E2,3.909000158E0,6.181950092E0,-5.608050346E0
1.806673299E2,2.827050209E0,4.306950092E0,-1.165950060E0
1.806697733E2,5.998950481E0,5.116050243E0,-2.340000153E0
1.806722170E2,8.206950188E0,7.113000393E0,-4.234050274E0
1.806746604E2,3.081000090E0,7.405050278E0,7.309500575E-1
1.806771040E2,1.809000134E0,9.211050034E0,1.891950130E0
1.806795475E2,3.817950249E0,1.220400047E1,2.662950039E0
1.806819912E2,4.753950119E0,9.273000717E0,-3.634950161E0
1.806844348E2,8.980050087E0,1.057995033E1,-7.803000450E0
1.806868783E2,1.255995083E1,1.119795036E1,-1.454295063E1
1.806893219E2,4.347000122E0,8.785050392E0,-1.433505058E1
1.806917653E2,-2.013000011E0,9.927000046E0,-2.986050129E0
1.806942089E2,-2.566050053E0,7.420050144E0,3.376950264E0
1.806966524E2,3.298950195E0,5.434950352E0,-1.995000124E0
1.806990960E2,4.327950001E0,3.651000261E0,-5.280000210E0
1.807015395E2,3.093000174E0,4.294950008E0,1.651050091E0
1.807039832E2,7.564950466E0,3.559950113E0,9.900000691E-2
1.807064266E2,9.427950859E0,3.867000103E0,-5.232000351E0
1.807088703E2,1.765950084E0,5.860950470E0,-1.657050133E0
1.807113137E2,1.864050031E0,8.442000389E0,1.255950093E0
1.807137574E2,8.377050400E0,7.438950539E0,-4.779000282E0
1.807162010E2,7.836000443E0,8.196000099E0,-8.179050446E0
1.807186444E2,6.499950409E0,1.128705025E1,-8.188950539E0
1.807210878E2,1.020105076E1,1.007700062E1,-1.022205067E1
1.807235315E2,2.926950216E0,8.737050056E0,-8.845050812E0
1.807259751E2,-3.108000040E0,9.496050835E0,1.489500105E-1
1.807284186E2,1.380000114E-1,6.835950375E0,4.189050198E0
1.807308622E2,6.532950401E0,4.645050049E0,-4.686000347E0
1.807333057E2,4.666050434E0,2.455950022E0,-6.349950314E0
1.807357493E2,3.163950205E0,4.171050072E0,-1.674000025E0
1.807381927E2,7.374000549E0,3.084000111E0,-7.549500465E-1
1.807406364E2,7.395000458E0,5.872950077E0,-2.529000044E0
1.807430800E2,3.106950045E0,7.065000534E0,4.650000334E-1
1.807455234E2,1.776000142E0,1.025895023E1,1.825050116E0
1.807479671E2,5.281050205E0,1.200495052E1,5.440500379E-1
1.807504105E2,4.101000309E0,9.852000237E0,-5.482950211E0
1.807528542E2,8.788949966E0,1.154295063E1,-9.166050911E0
1.807552977E2,9.394050598E0,1.093500042E1,-1.179000092E1
1.807577413E2,1.765950084E0,8.926050186E0,-9.616050720E0
1.807601847E2,-1.618050098E0,7.972950459E0,1.200000048E0
1.807626284E2,1.000500023E-1,9.060000420E0,3.058050156E0
1.807650718E2,2.314050198E0,7.570950508E0,-3.288000107E0
1.807675154E2,2.769000053E0,4.084949970E0,-2.992950201E0
1.807699591E2,4.242000103E0,5.133000374E0,-6.919500232E-1
1.807724025E2,7.990950584E0,5.035050392E0,-3.573000193E0
1.807748462E2,6.940050125E0,6.637050152E0,-3.553950071E0
1.807772896E2,2.044049978E0,7.350000381E0,8.680500388E-1
1.807797333E2,3.373050213E0,1.132995033E1,2.256000042E0
1.807821767E2,4.347000122E0,1.030500031E1,-1.365000010E0
1.807846204E2,4.749000072E0,8.650050163E0,-5.488050461E0
1.807870638E2,1.164495087E1,1.082700062E1,-9.769050598E0
1.807895074E2,9.496950150E0,8.622000694E0,-1.192395020E1
1.807919509E2,1.098000050E0,8.667000771E0,-8.467050552E0
1.807943945E2,-2.476050138E0,9.225000381E0,1.858950138E0
1.807968380E2,1.009950042E0,5.803950310E0,2.469000101E0
1.807992816E2,5.152050018E0,4.129950047E0,-6.238050461E0
1.808017251E2,2.314050198E0,3.955050230E0,-4.051949978E0
1.808041687E2,4.555950165E0,4.258950233E0,1.512000084E0
1.808066121E2,8.677950859E0,3.067050219E0,-2.209950209E0
1.808090558E2,5.503950119E0,4.285950184E0,-2.968950033E0
1.808114992E2,2.250000000E0,6.249000072E0,2.857050180E0
1.808139429E2,4.623000145E0,1.075500011E1,2.520000041E-1
1.808163863E2,5.683050156E0,8.341950417E0,-3.618000269E0
1.808188300E2,5.506050110E0,1.049595070E1,-6.052950382E0
1.808212734E2,1.025895023E1,1.185600090E1,-8.320950508E0
1.808237171E2,6.588000298E0,8.197950363E0,-9.553950310E0
1.808261607E2,-1.000950098E0,9.261000633E0,-5.007000446E0
1.808286041E2,-2.595000029E0,8.470950127E0,3.511050224E0
1.808310478E2,3.427950144E0,5.670000076E0,-5.700000525E-1
1.808334912E2,5.029950142E0,4.009950161E0,-6.508050442E0
1.808359348E2,3.535950184E0,3.439950228E0,-3.613050222E0
1.808383783E2,6.279000282E0,4.470000267E0,-6.229500175E-1
1.808408220E2,8.026950836E0,5.440050125E0,-3.250050068E0
1.808432654E2,3.016050100E0,6.244050503E0,-2.605050087E0
1.808457091E2,1.749000072E0,8.968950272E0,1.794000030E0
1.808481524E2,4.765950203E0,1.319205093E1,1.248000026E0
1.808505961E2,2.815050125E0,9.346950531E0,-2.493000031E0
1.808530398E2,6.696000099E0,1.140195084E1,-5.155050278E0
1.808554832E2,1.134600067E1,1.120005035E1,-1.203195095E1
1.808579269E2,4.729950428E0,7.812000275E0,-1.104300022E1
1.808603703E2,-9.310500622E-1,8.908950806E0,-4.237950325E0
1.808628139E2,-1.783950090E0,8.437050819E0,2.556000233E0
1.808652574E2,2.872050047E0,5.635950089E0,-2.905050039E0
1.808677010E2,2.899050236E0,1.482000113E0,-5.221950054E0
1.808701445E2,3.910950184E0,4.492050171E0,-1.332000017E0
1.808725881E2,8.068050385E0,2.830050230E0,-2.485950232E0
1.808750315E2,7.917000294E0,4.426949978E0,-3.082050085E0
1.808774752E2,2.001000166E0,5.314950466E0,-8.895000070E-2
1.808799186E2,1.711050034E0,1.094400024E1,3.796050072E0
1.808823622E2,4.708950043E0,9.093000412E0,-1.300950050E0
1.808848059E2,5.110950470E0,8.488050461E0,-4.317000389E0
1.808872493E2,9.769950867E0,1.116195011E1,-8.428050041E0
1.808896930E2,9.969000816E0,8.727000237E0,-1.133295059E1
1.808921364E2,1.009950042E0,8.602950096E0,-9.999000549E0
1.808945801E2,-3.337050200E0,8.851950645E0,1.770000100E0
1.808970235E2,1.840500087E-1,4.647000313E0,4.153050423E0
1.808994671E2,5.536950111E0,3.820950270E0,-5.608050346E0
1.809019106E2,4.361999989E0,2.743950129E0,-4.156949997E0
1.809043542E2,5.683050156E0,4.915050030E0,-1.392000079E0
1.809067977E2,8.446050644E0,3.949950218E0,-4.164000034E0
1.809092413E2,5.001000404E0,6.915000439E0,-1.665000081E0
1.809116850E2,1.795050144E0,8.014050484E0,1.047000051E0
1.809141284E2,2.554050207E0,1.284495068E1,2.127000093E0
1.809165721E2,5.239950180E0,1.029495049E1,-4.899000168E0
1.809190155E2,5.335950375E0,9.409049988E0,-7.213950157E0
1.809214591E2,1.245705032E1,1.119300079E1,-1.121295071E1
1.809239026E2,7.738050461E0,7.204050541E0,-1.142805099E1
1.809263462E2,-1.395000052E-2,8.251049995E0,-6.889050484E0
1.809287897E2,-1.177950025E0,8.253000259E0,2.536050081E0
1.809312333E2,4.339950085E0,7.848000526E0,5.560500026E-1
1.809336768E2,4.198950291E0,4.051050186E0,-4.561950207E0
1.809361204E2,4.054950237E0,6.357000351E0,2.790000141E-1
1.809385638E2,6.876000404E0,5.559000492E0,-1.106999993E0
1.809410075E2,6.718050480E0,6.699000359E0,-4.059000015E0
1.809434509E2,1.102950096E0,6.105000496E0,-8.580000401E-1
1.809458945E2,6.480000019E-1,1.040505028E1,5.130000114E-1
1.809483380E2,4.648950100E0,1.113600063E1,1.713000059E0
1.809507816E2,5.596950054E0,8.446949959E0,-5.409000397E0
1.809532253E2,9.933000565E0,9.844950676E0,-7.510950565E0
1.809556688E2,1.291605091E1,1.003395081E1,-1.295805073E1
1.809581124E2,4.029000282E0,8.284049988E0,-1.100700092E1
1.809605559E2,-6.610500216E-1,1.009695053E1,-1.842000127E0
1.809629995E2,3.270000219E-1,8.908950806E0,1.617000103E0
1.809654429E2,4.141050339E0,5.703000069E0,-4.708050251E0
1.809678865E2,2.046000004E0,3.457050085E0,-5.079000473E0
1.809703300E2,4.833000183E0,5.344050407E0,-6.795000285E-2
1.809727736E2,8.251950264E0,3.784950256E0,-3.087000132E0
1.809752171E2,4.668000221E0,5.362950325E0,-7.500000596E-1
1.809776607E2,1.831050038E0,5.919000149E0,1.936050057E0
1.809801042E2,1.174950004E0,1.162905025E1,1.873050094E0
1.809825478E2,3.823050261E0,8.940000534E0,2.200950146E0
1.809849915E2,5.025000095E0,9.184050560E0,-4.770000458E0
1.809874349E2,1.096500015E1,1.087005043E1,-1.111500072E1
1.809898786E2,7.287000179E0,8.989950180E0,-1.381800079E1
1.809923220E2,-1.789500117E-1,1.030500031E1,-6.331050396E0
1.809947656E2,-1.389000058E0,9.139050484E0,3.427050114E0
1.809972091E2,3.835050106E0,8.533050537E0,3.705000132E-2
1.809996527E2,4.419000149E0,6.514950275E0,-4.926000118E0
1.810020962E2,3.049950123E0,6.145950317E0,-1.786950111E0
1.810045398E2,6.964050293E0,6.655950546E0,-2.565000057E0
1.810069832E2,6.828000546E0,6.831000328E0,-6.264000416E0
1.810094268E2,9.709500670E-1,7.045950413E0,5.089499950E-1
1.810118703E2,1.158000112E0,1.034295082E1,1.710000038E-1
1.810143139E2,2.712000132E0,1.402305031E1,2.083950043E0
1.810167574E2,3.909000158E0,1.018500042E1,-3.208950043E0
1.810192010E2,9.655050278E0,1.089405060E1,-5.230050087E0
1.810216445E2,1.301895046E1,1.091805077E1,-1.453905106E1
1.810240882E2,3.844050169E0,1.111395073E1,-1.169400024E1
1.810265318E2,-1.270500124E-1,1.176795101E1,-1.324950099E0
1.810289752E2,1.234950066E0,1.081305027E1,1.323000073E0
1.810314189E2,3.612000227E0,9.139050484E0,-2.257950068E0
1.810338623E2,1.407000065E0,6.378000259E0,-2.422950029E0
1.810363059E2,5.662050247E0,7.951050282E0,-1.617000103E0
1.810387494E2,8.614050865E0,4.944000244E0,-6.511050224E0
1.810411930E2,2.511000156E0,5.380050182E0,-5.638950348E0
1.810436365E2,3.490500152E-1,8.026050568E0,1.842000127E0
1.810460801E2,2.841000080E0,1.178895092E1,1.593000054E0
1.810485235E2,4.132050037E0,7.978050232E0,-3.039000034E0
1.810509672E2,6.313050270E0,9.184050560E0,-2.761050224E0
1.810534106E2,1.112505054E1,1.026195049E1,-8.385000229E0
1.810558542E2,6.076050282E0,8.551950455E0,-1.027005005E1
1.810582977E2,-1.257000089E0,1.100595093E1,-1.927950144E0
1.810607413E2,-1.671000123E0,8.950050354E0,5.611050129E0
1.810631850E2,4.747050285E0,6.924000263E0,-1.225950003E0
1.810656285E2,4.227000237E0,6.148050308E0,-6.295050144E0
1.810680721E2,4.132050037E0,6.547950268E0,-2.115000010E0
1.810705155E2,7.941000462E0,6.852000237E0,-4.116000175E0
1.810729592E2,4.231950283E0,5.583000183E0,-5.086050034E0
1.810754026E2,6.619500518E-1,6.555000305E0,2.656050205E0
1.810778463E2,1.381050110E0,9.727950096E0,9.469500184E-1
1.810802897E2,7.194000244E0,9.607950211E0,-1.746000051E0
1.810827333E2,6.235950470E0,7.233000278E0,-6.183000088E0
1.810851768E2,1.225995064E1,9.835950851E0,-1.041300011E1
1.810876204E2,8.710050583E0,8.314949989E0,-1.420800114E1
1.810900639E2,8.130000234E-1,1.040295029E1,-7.404000282E0
1.810925075E2,-2.844000101E0,9.598950386E0,3.291000128E0
1.810949510E2,-2.440500110E-1,7.743000507E0,4.459050179E0
1.810973946E2,2.853000164E0,5.083050251E0,-2.662950039E0
1.810998383E2,4.729950428E0,4.822050095E0,1.399500072E-1
1.811022817E2,8.832000732E0,5.653050423E0,-2.673000097E0
1.811047253E2,7.120050430E0,4.606950283E0,-7.108950138E0
1.811071688E2,1.800000109E-2,5.713050365E0,1.942950130E0
1.811096124E2,-6.580500603E-1,1.126695061E1,3.850950241E0
1.811120559E2,2.266950130E0,9.429000854E0,6.599999964E-2
1.811144995E2,7.048050404E0,9.615000725E0,-5.293950081E0
1.811169430E2,9.544950485E0,9.748950005E0,-9.606000900E0
1.811193866E2,9.454050064E0,8.445000648E0,-1.394205093E1
1.811218300E2,3.820500076E-1,8.659950256E0,-8.974050522E0
1.811242737E2,-2.751000166E0,9.639000893E0,3.477000237E0
1.811267171E2,6.030000448E-1,6.946050167E0,3.721950293E0
1.811291607E2,5.235000134E0,6.919050217E0,-3.697050095E0
1.811316042E2,3.676950216E0,4.579950333E0,-2.115000010E0
1.811340478E2,8.428950310E0,7.192050457E0,-2.881050110E0
1.811364913E2,6.721950531E0,5.124000072E0,-8.883000374E0
1.811389350E2,3.799500167E-1,6.205950260E0,-1.447050095E0
1.811413786E2,-7.729500532E-1,1.005105019E1,3.336000204E0
1.811438220E2,1.207950115E0,1.020000076E1,2.059950113E0
1.811462657E2,6.406050205E0,7.458000183E0,-4.564050198E0
1.811487091E2,1.138395023E1,9.892950058E0,-9.754950523E0
1.811511527E2,1.100805092E1,8.097000122E0,-1.537905025E1
1.811535962E2,1.744950056E0,8.788949966E0,-1.161000061E1
1.811560398E2,-3.055050135E0,9.393000603E0,1.927950144E0
1.811584833E2,1.560000062E0,6.450000286E0,5.220000267E0
1.811609269E2,5.518050194E0,5.301000118E0,-2.035950184E0
1.811633703E2,5.781000137E0,4.690050125E0,2.070000172E-1
1.811658140E2,9.042000771E0,6.433050156E0,-8.890500665E-1
1.811682574E2,8.698050499E0,5.671950340E0,-7.747950554E0
1.811707010E2,1.369050026E0,5.370000362E0,-2.110050201E0
1.811731445E2,1.371000051E0,1.073100090E1,3.319050074E0
1.811755882E2,2.331000090E0,1.195005035E1,1.540500075E-1
1.811780318E2,5.377050400E0,9.631950378E0,-5.725050449E0
1.811804753E2,9.547950745E0,1.100400066E1,-9.490950584E0
1.811829189E2,1.214505100E1,9.630000114E0,-1.644900131E1
1.811853623E2,2.407950163E0,9.069000244E0,-1.214205074E1
1.811878060E2,-1.591950059E0,1.143495083E1,-6.919500232E-1
1.811902494E2,2.602050066E0,8.160000801E0,1.782000065E0
1.811926930E2,5.202000141E0,6.418950081E0,-3.433950186E0
1.811951365E2,1.642050028E0,5.337000370E0,-3.600000218E-2
1.811975801E2,8.257050514E0,6.277950287E0,-3.670500219E-1
1.812000236E2,9.049950600E0,3.754050255E0,-7.248000145E0
1.812024672E2,1.833000064E0,3.487950087E0,-1.935000062E0
1.812049106E2,1.648950100E0,8.344050407E0,3.705000162E0
1.812073543E2,2.154000044E0,1.175100040E1,1.993050098E0
1.812097977E2,3.973950148E0,8.254950523E0,-1.606950045E0
1.812122414E2,8.756999969E0,1.107300091E1,-5.176950455E0
1.812146850E2,1.018200016E1,9.081000328E0,-1.387995052E1
1.812171285E2,1.894950032E0,9.127050400E0,-1.093005085E1
1.812195721E2,-2.550000191E0,1.019505024E1,2.500500083E-1
1.812220156E2,2.271000147E0,6.970050335E0,1.821000099E0
1.812244592E2,4.736999989E0,4.858050346E0,-4.131000042E0
1.812269027E2,3.303000212E0,4.450950146E0,-9.289500713E-1
1.812293463E2,8.085000038E0,5.943000317E0,-9.100500345E-1
1.812317897E2,9.385050774E0,4.539000034E0,-7.566000462E0
1.812342333E2,7.440000176E-1,3.622050285E0,-3.028950214E0
1.812366768E2,2.049000025E0,8.521050453E0,3.655050278E0
1.812391204E2,3.808050156E0,9.418950081E0,-2.970000207E-1
1.812415639E2,5.841000080E0,7.662000179E0,-4.120950222E0
1.812440075E2,9.448950768E0,9.985950470E0,-7.321950436E0
1.812464512E2,1.118805027E1,8.176050186E0,-1.506495094E1
1.812488946E2,1.615050077E0,8.830050468E0,-1.155105019E1
1.812513383E2,-2.407950163E0,9.685050011E0,1.633950114E0
1.812537817E2,3.241050243E0,7.438950539E0,1.975950122E0
1.812562253E2,5.407950401E0,4.587000370E0,-4.255050182E0
1.812586688E2,2.362050056E0,5.943000317E0,1.039950013E0
1.812611124E2,9.042000771E0,5.083050251E0,-1.588050127E0
1.812635559E2,8.841000557E0,4.969950199E0,-9.300000191E0
1.812659995E2,2.290500104E-1,4.858050346E0,-1.969050050E0
1.812684430E2,6.030000448E-1,9.979050636E0,3.987000227E0
1.812708866E2,3.172050238E0,8.325000763E0,-2.059500068E-1
1.812733300E2,6.402000427E0,1.045095062E1,-3.538950205E0
1.812757736E2,1.075905037E1,1.014195061E1,-9.013050079E0
1.812782171E2,1.031100082E1,8.421000481E0,-1.492605114E1
1.812806607E2,6.910500526E-1,8.533050537E0,-9.939000130E0
1.812831042E2,-1.027050018E0,1.058295059E1,1.642950058E0
1.812855479E2,4.906949997E0,7.969950199E0,-8.340000510E-1
1.812879915E2,5.508000374E0,6.330000401E0,-3.511050224E0
1.812904350E2,3.679050207E0,6.442950249E0,9.510000348E-1
1.812928786E2,1.028505039E1,6.868950367E0,-3.151050091E0
1.812953220E2,6.415950298E0,4.779000282E0,-9.336000443E0
1.812977656E2,1.309500039E-1,6.667950153E0,-1.759950042E0
1.813002091E2,2.857950211E0,9.000000000E0,4.849500358E-1
1.813026527E2,4.201050282E0,9.445050240E0,-3.310500085E-1
1.813050962E2,5.149050236E0,9.625050545E0,-1.198050022E0
1.813075398E2,1.219305038E1,9.603000641E0,-5.956950188E0
1.813099832E2,8.904000282E0,8.026050568E0,-1.315500069E1
1.813124269E2,5.020500422E-1,1.065195084E1,-7.473000526E0
1.813148703E2,-6.529500484E-1,1.099395084E1,1.447050095E0
1.813173140E2,4.705950260E0,7.791000366E0,-2.196000099E0
1.813197576E2,2.914950132E0,6.169950485E0,-3.190050125E0
1.813222011E2,3.622050285E0,6.763950348E0,1.444950104E0
1.813246447E2,1.014600086E1,7.342950344E0,-4.150050163E0
1.813270882E2,5.134950161E0,5.037000179E0,-8.014050484E0
1.813295318E2,1.690500081E-1,7.291050434E0,4.920000136E-1
1.813319753E2,2.595000029E0,9.436050415E0,1.312950015E0
1.813344189E2,3.706050158E0,9.898050308E0,-1.642950058E0
1.813368623E2,6.175950527E0,1.075695038E1,-2.263050079E0
1.813393059E2,1.209795094E1,1.096800041E1,-8.601000786E0
1.813417494E2,7.498050213E0,8.614950180E0,-1.343205070E1
1.813441930E2,-3.540000021E-1,1.091505051E1,-5.068950176E0
1.813466367E2,-1.750500053E-1,1.095600033E1,1.603050113E0
1.813490801E2,4.386000156E0,8.782050133E0,-2.590950012E0
1.813515238E2,1.813950062E0,6.802050114E0,-2.042999983E0
1.813539672E2,4.576950073E0,7.681050301E0,2.094000101E0
1.813564109E2,9.691050529E0,7.360050201E0,-6.228000164E0
1.813588543E2,3.346050262E0,5.454000473E0,-6.964950562E0
1.813612980E2,9.330000281E-1,8.077950478E0,2.089500129E-1
1.813637414E2,4.915050030E0,9.985950470E0,-1.456050038E0
1.813661850E2,3.607050180E0,9.440999985E0,-3.289950132E0
1.813686285E2,6.078000069E0,1.128195095E1,-3.544050217E0
1.813710721E2,1.188900089E1,8.899050713E0,-1.087095070E1
1.813735156E2,4.515000343E0,8.896950722E0,-1.225695038E1
1.813759592E2,-1.278000116E0,9.328050613E0,-2.814000130E0
1.813784026E2,3.490500152E-1,6.976950169E0,1.485000014E0
1.813808463E2,5.167950153E0,4.563000202E0,-5.155050278E0
1.813832900E2,2.547000170E0,4.804950237E0,-1.387050033E0
1.813857334E2,7.615050316E0,6.091050148E0,1.405950069E0
1.813881770E2,1.066305065E1,4.578000069E0,-7.293000221E0
1.813906205E2,1.210500076E-1,4.828950405E0,-4.333950043E0
1.813930641E2,-7.489500642E-1,8.952000618E0,4.129050255E0
1.813955076E2,4.326000214E0,7.408050537E0,-1.078050017E0
1.813979512E2,6.940050125E0,8.278950691E0,-5.670000076E0
1.814003946E2,8.539950371E0,1.000605011E1,-7.803000450E0
1.814028382E2,1.021305084E1,7.710000515E0,-1.287495041E1
1.814052817E2,5.070000291E-1,8.161950111E0,-9.891000748E0
1.814077254E2,-1.864950061E0,8.698050499E0,1.533000112E0
1.814101688E2,4.567049980E0,5.959050179E0,1.942950130E0
1.814126125E2,5.833950043E0,4.328999996E0,-4.180950165E0
1.814150559E2,1.918950081E0,5.983050346E0,1.296000004E0
1.814174995E2,8.896050453E0,7.069950104E0,-1.762950063E0
1.814199429E2,6.916050434E0,5.454000473E0,-8.122050285E0
1.814223866E2,-1.840500087E-1,6.273000240E0,-6.660000086E-1
1.814248302E2,1.852050066E0,1.052805042E1,2.023950100E0
1.814272737E2,2.820000172E0,9.862050056E0,-1.851000071E0
1.814297173E2,4.078950405E0,1.091100025E1,-3.826950073E0
1.814321608E2,9.643050194E0,1.054905033E1,-8.967000008E0
1.814346044E2,7.354050159E0,7.954050541E0,-1.338900089E1
1.814370478E2,-8.569500446E-1,9.060000420E0,-6.778950214E0
1.814394915E2,-3.709500134E-1,8.479949951E0,2.529000044E0
1.814419349E2,5.596950054E0,6.100950241E0,-1.837050080E0
1.814443785E2,3.792000294E0,5.665050507E0,-1.525950074E0
1.814468222E2,4.953000069E0,7.096950531E0,3.970950127E0
1.814492656E2,9.619050026E0,6.940950394E0,-4.468050003E0
1.814517093E2,2.800950050E0,4.693050385E0,-7.441950321E0
1.814541528E2,3.100500107E-1,7.798050404E0,1.729950070E0
1.814565964E2,2.226000071E0,1.068795013E1,1.300500035E-1
1.814590398E2,1.951050043E0,9.175050735E0,-5.539500117E-1
1.814614834E2,5.413050175E0,1.125495052E1,-5.560500026E-1
1.814639269E2,1.136505032E1,1.014495087E1,-9.444000244E0
1.814663705E2,4.516950130E0,7.726050377E0,-1.084395027E1
1.814688140E2,-8.500500321E-1,1.077405071E1,-3.501000166E0
1.814712576E2,1.936050057E0,9.687000275E0,3.070500195E-1
1.814737011E2,3.933000088E0,5.521050453E0,-3.762000084E0
1.814761447E2,1.170000076E0,7.267050266E0,-2.880000174E-1
1.814785884E2,6.612000465E0,6.832950115E0,6.709500551E-1
1.814810318E2,9.370050430E0,5.758050442E0,-8.199000359E0
1.814834754E2,6.600000262E-1,5.071050167E0,-4.509000301E0
1.814859189E2,2.335950136E0,8.728950500E0,1.938000083E0
1.814883625E2,3.757950068E0,8.530950546E0,-3.400500119E-1
1.814908060E2,3.835050106E0,9.771000862E0,-8.890500665E-1
1.814932496E2,9.624000549E0,1.018305016E1,-4.810950279E0
1.814956931E2,1.089105034E1,7.465050220E0,-1.417005062E1
1.814981367E2,1.053000093E0,7.822050571E0,-1.253505039E1
1.815005802E2,-1.470000029E0,8.479949951E0,-2.044950008E0
1.815030238E2,5.001000404E0,5.148000240E0,-2.232000113E0
1.815054672E2,4.050000191E0,4.627950191E0,-4.104000092E0
1.815079108E2,1.860000134E0,6.366000175E0,5.211000443E0
1.815103543E2,8.824950218E0,5.788950443E0,8.010000587E-1
1.815127979E2,6.540000439E0,4.621050358E0,-6.265950203E0
1.815152414E2,1.120500043E-1,6.093000412E0,3.348000050E0
1.815176851E2,7.579500079E-1,9.843000412E0,4.705950260E0
1.815201287E2,2.689950228E0,8.421000481E0,-6.540000439E-1
1.815225721E2,4.993950367E0,1.255305099E1,-1.453950047E0
1.815250158E2,1.137705040E1,1.237800026E1,-9.463050842E0
1.815274592E2,5.719050407E0,8.718000412E0,-1.267800045E1
1.815299028E2,1.395000052E-2,1.070700073E1,-4.600050449E0
1.815323463E2,1.267950058E0,1.258395100E1,-4.170000255E-1
1.815347899E2,3.603000164E0,9.891000748E0,-2.773050070E0
1.815372334E2,1.018950105E0,7.449000359E0,-9.889500737E-1
1.815396770E2,4.267950058E0,9.352050781E0,2.520000219E0
1.815421204E2,8.239950180E0,9.706050873E0,-7.023000240E0
1.815445640E2,3.181050062E0,5.812950134E0,-6.570000172E0
1.815470075E2,3.234000206E0,8.611950874E0,-2.919000149E0
1.815494511E2,5.446050167E0,1.000995064E1,-4.032000065E0
1.815518946E2,3.472950220E0,9.880950928E0,-2.797050238E0
1.815543383E2,9.471000671E0,1.221105099E1,-3.520050049E0
1.815567819E2,9.648000717E0,8.100000381E0,-1.046805096E1
1.815592254E2,3.196050167E0,7.627950191E0,-8.421000481E0
1.815616690E2,1.275000095E0,8.131050110E0,2.830500007E-1
1.815641124E2,3.765000105E0,7.678050518E0,-1.621050119E0
1.815665560E2,2.845950127E0,4.273950100E0,-3.544050217E0
1.815689995E2,3.054000139E0,6.792000294E0,5.577000141E0
1.815714431E2,1.010505009E1,7.444050312E0,3.310500085E-1
1.815738866E2,6.141000271E0,4.389000416E0,-5.488050461E0
1.815763302E2,1.692000031E0,8.171999931E0,2.055000067E0
1.815787737E2,2.982000113E0,1.110495090E1,1.488000035E0
1.815812173E2,2.662050009E0,1.092300034E1,-8.119500279E-1
1.815836607E2,4.321050167E0,1.351305103E1,-2.473950148E0
1.815861044E2,1.015605068E1,1.307295036E1,-1.072905064E1
1.815885478E2,5.953950405E0,1.034100056E1,-1.273800087E1
1.815909915E2,7.080000043E-1,1.123605061E1,-4.843950272E0
1.815934351E2,3.459000111E0,1.272600079E1,-1.983000040E0
1.815958786E2,4.986000061E0,1.038195038E1,-4.056000233E0
1.815983222E2,3.370050192E0,8.844000816E0,-2.970000207E-1
1.816007657E2,8.965950012E0,1.248900032E1,-3.790500164E-1
1.816032093E2,9.562050819E0,1.038600063E1,-8.424000740E0
1.816056527E2,2.335950136E0,9.601050377E0,-6.324000359E0
1.816080964E2,3.255000114E0,1.183995056E1,-4.360050201E0
1.816105398E2,3.624000072E0,1.115205097E1,-5.469000340E0
1.816129834E2,2.833950043E0,1.032600021E1,-2.962050200E0
1.816154269E2,1.004100037E1,1.170600033E1,-4.147050381E0
1.816178705E2,7.735050201E0,5.647950172E0,-1.195500088E1
1.816203140E2,8.010000587E-1,3.309000254E0,-8.863950729E0
1.816227576E2,-7.609500289E-1,2.791950226E0,-2.173950195E0
1.816252011E2,1.749000072E0,2.293950081E0,-3.420000076E0
1.816276448E2,5.310000181E-1,-1.314000010E0,-3.807000160E0
1.816300881E2,5.710500479E-1,-3.850500286E-1,6.075000286E0
1.816325318E2,5.259000301E0,1.470000029E0,2.541000128E0
1.816349755E2,1.684950113E0,-7.030500174E-1,-3.379500210E-1
1.816374189E2,4.729500115E-1,-3.919500113E-1,2.806950092E0
1.816398625E2,3.520950079E0,-4.039500058E-1,1.230000034E-1
1.816423060E2,5.020050049E0,-1.311000109E0,-2.518950224E0
1.816447496E2,9.258000374E0,-5.860500336E-1,-5.485950470E0
1.816471931E2,1.200900078E1,2.820000052E-1,-4.975950241E0
1.816496367E2,1.145100021E1,-1.479000092E0,-1.041105080E1
1.816520801E2,7.510050297E0,-7.200000286E-1,-1.480905056E1
1.816545238E2,9.555000305E0,2.221950054E0,-1.474200058E1
1.816569672E2,8.604000092E0,2.179500163E-1,-1.383195019E1
1.816594108E2,2.737950087E0,2.515950203E0,-7.950000286E0
1.816618543E2,5.310000420E0,6.237000465E0,-2.968950033E0
1.816642979E2,6.018000126E0,7.614000320E0,-7.005000114E-2
1.816667416E2,6.496950150E0,7.948950291E0,-6.180000305E-1
1.816691851E2,5.467950344E0,2.080095100E1,-1.314000034E1
1.816716287E2,3.949950218E0,2.479005051E1,1.837050080E0
1.816740721E2,1.993950129E0,1.325895023E1,8.101050377E0
1.816765157E2,2.146950006E0,1.855305099E1,1.282050014E0
1.816789592E2,2.371950150E0,1.658805084E1,-1.777050138E0
1.816814028E2,5.359500051E-1,9.426000595E0,3.444000244E0
1.816838463E2,1.651050091E0,1.171005058E1,3.859500289E-1
1.816862899E2,2.290950060E0,1.300605106E1,1.159950018E0
1.816887334E2,7.920000553E-1,4.425000191E0,1.276950002E0
1.816911770E2,4.246950150E0,7.141950130E0,-1.432050109E0
1.816936204E2,1.131495094E1,1.267995071E1,-1.978200150E1
1.816960640E2,8.640000224E-1,7.743000507E0,-1.818300056E1
1.816985075E2,2.437050104E0,1.273950100E0,-1.002495003E1
1.817009511E2,4.611000061E0,9.390000343E0,-8.289000511E0
1.817033948E2,2.106000185E0,9.378000259E0,-6.540000439E-1
1.817058383E2,-7.440000176E-1,1.366605091E1,6.919950485E0
1.817082819E2,-9.049500227E-1,8.590950012E0,2.445000172E0
1.817107253E2,-8.809500337E-1,1.116000056E0,2.881050110E0
1.817131690E2,-3.346950054E0,1.038600063E1,6.729000092E0
1.817156124E2,8.596950531E0,6.886050224E0,-1.566000104E0
1.817180560E2,6.885000229E0,3.049950123E0,-7.116000175E0
1.817204995E2,1.020600033E1,3.333000183E0,-4.120950222E0
1.817229431E2,1.055295086E1,6.874050140E0,-7.648050308E0
1.817253866E2,3.817950249E0,6.876000404E0,-5.682000160E0
1.817278302E2,3.049950123E0,1.030500031E1,2.220000029E0
1.817302737E2,4.951050282E0,9.709050179E0,-3.973050117E0
1.817327173E2,3.315000057E0,9.526950836E0,-1.365000010E0
1.817351608E2,1.216005039E1,1.313295078E1,-5.962050438E0
1.817376044E2,1.042200089E1,1.057800007E1,-1.201305103E1
1.817400481E2,2.085000038E0,1.035000038E1,-1.001100063E1
1.817424915E2,3.000000119E-2,1.140600014E1,-1.072950006E0
1.817449351E2,3.042000055E0,1.235400105E1,-2.710500062E-1
1.817473786E2,1.552950025E0,8.539950371E0,-5.940000415E-1
1.817498222E2,1.483950019E0,8.248050690E0,2.445000172E0
1.817522657E2,7.150950432E0,1.045605087E1,-1.462950110E0
1.817547093E2,3.052050114E0,7.884000301E0,-8.557950020E0
1.817571528E2,1.657950044E0,5.275050163E0,-3.634950161E0
1.817595964E2,5.353050232E0,6.618000507E0,-5.907000065E0
1.817620398E2,3.988050222E0,7.449000359E0,-5.206050396E0
1.817644834E2,7.278000355E0,1.009695053E1,-1.879950047E0
1.817669269E2,9.375000000E0,1.010100079E1,-6.618000507E0
1.817693705E2,3.957000256E0,7.603950500E0,-8.119950294E0
1.817718140E2,3.150000274E-1,7.042050362E0,-6.490500569E-1
1.817742576E2,4.564949989E0,8.590950012E0,-1.969500035E-1
1.817767011E2,4.363950253E0,4.336050034E0,-4.815000057E0
1.817791448E2,1.327950120E0,4.633050442E0,-3.600000218E-2
1.817815884E2,7.966950417E0,7.207050323E0,7.429500222E-1
1.817840318E2,5.475000381E0,5.044950008E0,-6.790950298E0
1.817864754E2,4.420500100E-1,7.650000572E0,2.929500043E-1
1.817889189E2,2.784000158E0,8.277000427E0,-2.557950020E0
1.817913625E2,2.185050011E0,6.646050453E0,-4.530000210E0
1.817938060E2,4.836000443E0,1.033095074E1,-4.108950138E0
1.817962496E2,1.058700085E1,1.128195095E1,-9.477000237E0
1.817986931E2,5.592000484E0,8.131050110E0,-1.104495049E1
1.818011367E2,5.470499992E-1,1.042905045E1,-3.529950142E0
1.818035802E2,5.154000282E0,1.014900017E1,-1.971000075E0
1.818060238E2,5.614050388E0,6.802050114E0,-5.425950050E0
1.818084673E2,5.269050121E0,7.530000210E0,-3.168000221E0
1.818109109E2,1.088805008E1,9.069000244E0,-3.586950064E0
1.818133546E2,8.082000732E0,7.639950275E0,-1.010700035E1
1.818157980E2,1.512000084E0,8.284049988E0,-5.443050385E0
1.818182416E2,5.880000114E0,7.702050209E0,-4.497000217E0
1.818206851E2,7.090950489E0,6.457050323E0,-7.923000336E0
1.818231287E2,7.077000141E0,1.060905075E1,-5.245950222E0
1.818255722E2,1.171200085E1,1.085805035E1,-9.817050934E0
1.818280158E2,5.989950180E0,7.137000561E0,-1.304205036E1
1.818304592E2,1.006950021E0,8.023050308E0,-5.634000301E0
1.818329028E2,4.966950417E0,7.551000595E0,1.042050004E0
1.818353463E2,6.030000210E0,3.819000244E0,2.700000070E-2
1.818377899E2,1.381050110E0,2.344050169E0,7.740000486E-1
1.818402334E2,5.455950260E0,4.828950405E0,5.752050400E0
1.818426770E2,8.236050606E0,3.928950071E0,-1.288950086E0
1.818451205E2,1.345050097E0,3.141000032E0,-1.332000017E0
1.818475641E2,2.182950020E0,6.043050289E0,3.231000185E0
1.818500078E2,2.839050055E0,8.659950256E0,1.287000060E0
1.818524512E2,8.730000257E-1,9.453000069E0,-1.830000043E0
1.818548948E2,-1.372050047E0,1.108500099E1,-3.460050106E0
1.818573383E2,-1.180050015E0,1.110495090E1,2.151000023E0
1.818597819E2,-2.485050201E0,9.946050644E0,8.029500246E-1
1.818622254E2,-4.125000000E0,1.197900105E1,-3.004950047E0
1.818646690E2,-2.911050081E0,8.512050629E0,-1.147050023E0
1.818671125E2,-2.380050182E0,7.432050228E0,-1.152000070E0
1.818695561E2,-4.276050091E0,1.005405045E1,-1.855950117E0
1.818719995E2,-2.779950142E0,9.994050026E0,8.170500398E-1
1.818744432E2,-6.559500098E-1,9.985950470E0,2.383050203E0
1.818768869E2,-2.110500038E-1,8.595000267E0,-1.594950080E0
1.818793303E2,4.800000191E-1,8.655000687E0,-9.649500251E-1
1.818817739E2,1.765950084E0,7.650000572E0,-9.900000691E-2
1.818842174E2,2.788950205E0,8.385000229E0,2.745000124E0
1.818866610E2,3.813000202E0,1.033605003E1,1.321305084E1
1.818891045E2,1.218105030E1,5.497050285E0,6.685950279E0
1.818915481E2,1.964400101E1,-1.087950110E0,-1.914300156E1
1.818939916E2,1.580595112E1,1.246950030E0,-3.263895035E1
1.818964352E2,2.134950161E0,9.889500737E-1,-2.738400078E1
1.818988787E2,1.705950022E0,1.702050090E0,-1.385595036E1
1.819013223E2,4.488000393E0,3.286950111E0,-4.453950405E0
1.819037657E2,6.928050518E0,2.104050159E0,-2.350500077E-1
1.819062093E2,7.371000290E0,4.539000034E0,1.063950062E0
1.819086528E2,7.279950142E0,5.145000458E0,5.050050259E0
1.819110964E2,9.021000862E0,5.059050083E0,4.080000222E-1
1.819135399E2,9.496950150E0,1.140600014E1,-9.750000000E0
1.819159835E2,8.829000473E0,1.030695057E1,-1.152195072E1
1.819184272E2,4.884000301E0,5.962050438E0,-1.531395054E1
1.819208707E2,5.086950302E0,4.824000359E0,-2.034705162E1
1.819233143E2,9.484950066E0,5.533050060E0,-1.951905060E1
1.819257577E2,4.090950012E0,4.099050045E0,-9.103950500E0
1.819282013E2,2.652000189E0,6.934050560E0,-3.610950232E0
1.819306448E2,5.020050049E0,1.089900017E1,-7.330500484E-1
1.819330884E2,3.054000139E0,1.045800018E1,5.212950230E0
1.819355319E2,1.648950100E0,9.862050056E0,3.238050222E0
1.819379755E2,2.611050129E0,1.070505047E1,2.140950203E0
1.819404192E2,1.599000096E0,1.148805046E1,9.589500427E-1
1.819428626E2,2.712000132E0,1.343400097E1,2.256000042E0
1.819453063E2,4.977000237E0,1.434195042E1,5.128950119E0
1.819477497E2,2.176050186E0,9.273000717E0,2.485950232E0
1.819501933E2,2.329050064E0,1.105200100E1,-1.360050082E0
1.819526368E2,4.309050083E0,1.287405014E1,6.019500494E-1
1.819550804E2,2.743050098E0,7.875000477E0,3.240000248E0
1.819575239E2,1.042950034E0,6.352050304E0,-1.087050080E0
1.819599675E2,2.488950014E0,1.131105042E1,7.099500299E-1
1.819624110E2,2.329050064E0,1.006500053E1,5.098050117E0
1.819648546E2,2.803050041E0,6.105000496E0,1.782000065E0
1.819672980E2,1.060305023E1,5.704950333E0,-1.286505032E1
1.819697417E2,5.025000095E0,6.579000473E0,-1.633005142E1
1.819721851E2,7.596000195E0,1.032900047E1,-1.370100021E1
1.819746287E2,5.796000481E0,9.550950050E0,-9.120000839E0
1.819770722E2,1.359000087E0,7.293000221E0,-7.330500484E-1
1.819795159E2,3.289050102E0,9.388050079E0,7.087950230E0
1.819819592E2,4.749000072E0,9.790050507E0,2.089050055E0
1.819844029E2,1.378050089E0,4.384050369E0,2.524050236E0
1.819868463E2,2.038950205E0,5.719950199E0,4.657950401E0
1.819892900E2,1.178400040E1,7.140000343E0,1.330050111E0
1.819917336E2,7.294950485E0,3.421050072E0,-9.688050270E0
1.819941771E2,4.726050377E0,6.958050251E0,-9.072000504E0
1.819966207E2,3.789000273E0,6.306000233E0,-9.547050476E0
1.819990641E2,2.902950048E0,6.952950478E0,-5.083950043E0
1.820015078E2,8.820000648E0,1.103805065E1,-2.292000055E0
1.820039512E2,6.487950325E0,9.072000504E0,-5.572050095E0
1.820063948E2,4.420500100E-1,8.610000610E0,-2.803950071E0
1.820088383E2,2.274000168E0,8.569050789E0,5.520000458E-1
1.820112820E2,5.986950397E0,8.737050056E0,-4.356000423E0
1.820137254E2,2.295000076E0,3.577050209E0,-4.660050392E0
1.820161691E2,3.892050266E0,5.976000309E0,2.209500074E-1
1.820186127E2,9.700950623E0,6.888000488E0,-5.284950256E0
1.820210562E2,2.767050028E0,5.695950508E0,-5.823000431E0
1.820234998E2,1.222950101E0,8.896950722E0,1.063950062E0
1.820259432E2,2.797950029E0,7.657050133E0,-4.532999992E0
1.820283868E2,2.539950132E0,7.831950188E0,-3.858000278E0
1.820308303E2,8.692950249E0,9.982050896E0,-4.590000153E0
1.820332739E2,8.539950371E0,7.474950314E0,-1.035105038E1
1.820357174E2,1.041000009E0,7.822050571E0,-5.239050388E0
1.820381610E2,1.423950076E0,9.232050896E0,-4.650000334E-1
1.820406044E2,5.781000137E0,5.871000290E0,-2.932950258E0
1.820430481E2,3.379950047E0,3.400050163E0,-3.598950148E0
1.820454915E2,5.728950500E0,6.711000443E0,-1.272000074E0
1.820479351E2,9.463950157E0,6.426000118E0,-6.550950527E0
1.820503788E2,1.618050098E0,6.736950397E0,-5.542950153E0
1.820528222E2,-4.140000343E-1,7.678050518E0,1.117050052E0
1.820552659E2,2.808000088E0,5.875050068E0,-5.890500546E-1
1.820577093E2,4.251000404E0,6.807000160E0,-3.016950130E0
1.820601530E2,9.279000282E0,9.382950783E0,-4.348950386E0
1.820625964E2,5.998950481E0,8.634000778E0,-9.064949989E0
1.820650401E2,-2.700000107E-1,9.286950111E0,-5.284950256E0
1.820674835E2,-5.820000172E-1,8.908950806E0,2.380500138E-1
1.820699271E2,2.511000156E0,7.647000313E0,-1.501950026E0
1.820723706E2,1.303950071E0,5.533050060E0,-1.924950123E0
1.820748142E2,4.041000366E0,7.135050297E0,2.031000137E0
1.820772577E2,7.240050316E0,8.337000847E0,-3.811950207E0
1.820797013E2,3.085050106E0,5.446950436E0,-3.573000193E0
1.820821447E2,2.986950159E0,8.860950470E0,-9.270000458E-1
1.820845884E2,4.996050358E0,7.069950104E0,-5.538000107E0
1.820870320E2,4.623000145E0,8.397000313E0,-4.200000286E0
1.820894755E2,9.505050659E0,1.133700085E1,-5.698950291E0
1.820919191E2,6.921000481E0,8.490000725E0,-9.039000511E0
1.820943626E2,8.040000200E-1,8.868000031E0,-5.014050007E0
1.820968062E2,2.455950022E0,8.599950790E0,-2.605050087E0
1.820992497E2,4.302000046E0,6.523950100E0,-4.521000385E0
1.821016933E2,2.143949986E0,3.994050264E0,-3.952950239E0
1.821041367E2,5.463000298E0,6.181950092E0,-1.164000034E0
1.821065803E2,6.574050426E0,6.642000198E0,-6.238050461E0
1.821090238E2,5.550000072E-1,6.043050289E0,-3.072000027E0
1.821114674E2,2.434050083E0,6.682050228E0,1.141050100E0
1.821139109E2,4.186950207E0,6.271050453E0,-1.999950051E0
1.821163545E2,4.231950283E0,6.852000237E0,-1.440000087E-1
1.821187979E2,9.379950523E0,1.035000038E1,-8.959500194E-1
1.821212416E2,6.487950325E0,6.192000389E0,-7.557000160E0
1.821236850E2,2.479500175E-1,8.398950577E0,-6.546000481E0
1.821261287E2,4.438050270E0,9.523950577E0,-3.937050104E0
1.821285723E2,5.017950058E0,5.107050419E0,-6.799950123E0
1.821310158E2,1.078950047E0,5.659950256E0,-7.090500593E-1
1.821334594E2,4.909950256E0,8.883000374E0,3.898950100E0
1.821359029E2,5.239950180E0,8.542950630E0,-2.245950222E0
1.821383465E2,2.515950203E0,7.012950420E0,2.260500044E-1
1.821407899E2,6.246000290E0,1.008900070E1,-6.679500341E-1
1.821432336E2,5.500950336E0,8.143050194E0,-4.423050404E0
1.821456770E2,8.692950249E0,1.027395058E1,-4.528050423E0
1.821481206E2,1.180095100E1,1.327605057E1,-1.111695099E1
1.821505641E2,2.889000177E0,1.148295021E1,-9.028950691E0
1.821530077E2,-5.530500412E-1,1.170600033E1,-3.090000153E-1
1.821554512E2,1.965000153E0,1.332900047E1,-1.192950010E0
1.821578948E2,2.161050081E0,8.406000137E0,-1.509000063E0
1.821603382E2,7.219500542E-1,6.232050419E0,9.540000558E-1
1.821627819E2,7.606050491E0,1.019700050E1,-3.549000263E0
1.821652256E2,5.616000175E0,9.409049988E0,-6.999000549E0
1.821676690E2,1.369050026E0,7.815000534E0,-1.767000079E0
1.821701126E2,3.772950172E0,8.848950386E0,-2.598000050E0
1.821725561E2,2.896050215E0,7.627950191E0,-2.293950081E0
1.821749997E2,7.395000458E0,9.466950417E0,-1.291050076E0
1.821774432E2,9.616950035E0,1.017600060E1,-7.368000507E0
1.821798868E2,3.612000227E0,7.173000336E0,-7.044000149E0
1.821823303E2,1.615050077E0,9.025950432E0,-1.200000048E-1
1.821847739E2,5.857950211E0,8.710050583E0,-2.799000025E0
1.821872173E2,3.222000122E0,4.152000427E0,-3.862050295E0
1.821896609E2,3.775050163E0,6.250950336E0,2.599500120E-1
1.821921044E2,9.109050751E0,7.180050373E0,-3.196950197E0
1.821945480E2,3.234000206E0,5.595000267E0,-5.086050034E0
1.821969915E2,1.077000022E0,8.667000771E0,6.520500183E-1
1.821994352E2,4.204050064E0,7.494000435E0,-2.163000107E0
1.822018788E2,3.562050104E0,6.802050114E0,-4.096950054E0
1.822043223E2,9.675000191E0,1.065405083E1,-4.966050148E0
1.822067659E2,8.716950417E0,9.421050072E0,-1.043505096E1
1.822092093E2,1.210500076E-1,9.771000862E0,-6.484050274E0
1.822116530E2,2.070000172E-1,9.927000046E0,-2.329500169E-1
1.822140964E2,4.800000191E0,7.587000370E0,-4.629000187E0
1.822165400E2,2.523000002E0,4.099050045E0,-4.248000145E0
1.822189835E2,6.442050457E0,5.694000244E0,-1.000950098E0
1.822214271E2,9.598050117E0,5.788950443E0,-6.597000122E0
1.822238706E2,2.206950188E0,6.235050201E0,-4.027950287E0
1.822263142E2,1.608000040E0,8.822999954E0,9.780000448E-1
1.822287577E2,3.460950136E0,6.892950535E0,-2.038050175E0
1.822312013E2,3.808050156E0,6.823950291E0,-3.313950062E0
1.822336447E2,1.013205051E1,9.409049988E0,-4.498950005E0
1.822360884E2,6.469050407E0,6.934050560E0,-9.910050392E0
1.822385321E2,3.100500107E-1,8.284049988E0,-5.649000168E0
1.822409755E2,2.899050236E0,8.839950562E0,-1.834950089E0
1.822434191E2,5.017950058E0,4.687950134E0,-5.182050228E0
1.822458626E2,2.001000166E0,3.948000193E0,-1.111050010E0
1.822483062E2,6.046950340E0,7.060950279E0,1.495050073E0
1.822507497E2,6.933000565E0,4.726050377E0,-3.613050222E0
1.822531933E2,4.279500246E-1,5.575950146E0,-7.200000435E-2
1.822556367E2,2.926950216E0,8.803950310E0,3.580500185E-1
1.822580804E2,3.921000242E0,4.834050179E0,-3.846000195E0
1.822605238E2,5.013000011E0,7.269000530E0,-2.464050055E0
1.822629674E2,1.038600063E1,9.757050514E0,-7.999950409E0
1.822654109E2,3.279000044E0,8.476050377E0,-7.396050453E0
1.822678545E2,-8.020500541E-1,1.085295010E1,-2.449500114E-1
1.822702980E2,1.555050015E0,1.088205051E1,-5.370000005E-1
1.822727416E2,2.868000031E0,6.651000500E0,-4.513950348E0
1.822751853E2,2.877000093E0,5.326950073E0,-1.106999993E0
1.822776287E2,9.615000725E0,6.915000439E0,-4.918050289E0
1.822800724E2,5.535000324E0,5.646000385E0,-6.883950233E0
1.822825158E2,1.141050100E0,8.370000839E0,-1.438950062E0
1.822849594E2,3.313050270E0,9.946050644E0,-3.096000195E0
1.822874029E2,2.647050142E0,6.096000195E0,-3.697050095E0
1.822898465E2,7.132050514E0,9.556050301E0,-1.789050102E0
1.822922900E2,1.039305019E1,8.404050827E0,-8.199000359E0
1.822947336E2,2.974950075E0,7.549050331E0,-6.961050510E0
1.822971771E2,1.450050116E0,9.241950035E0,-2.452050209E0
1.822996207E2,5.307000160E0,7.815000534E0,-4.102050304E0
1.823020641E2,2.437050104E0,2.835000038E0,-5.088000298E0
1.823045078E2,4.507950306E0,6.334950447E0,1.308000088E0
1.823069515E2,8.503950119E0,7.080000401E0,-2.986050129E0
1.823093948E2,2.185050011E0,5.229000092E0,-2.608050108E0
1.823118385E2,1.761000037E0,9.473999977E0,3.862950087E0
1.823142820E2,3.568950176E0,7.767000198E0,-1.746000051E0
1.823167256E2,2.674050093E0,7.408050537E0,-1.068000078E0
1.823191691E2,7.951050282E0,1.202895069E1,-4.171050072E0
1.823216127E2,6.354000092E0,1.092495060E1,-1.020705032E1
1.823240561E2,5.205000192E-2,1.141305065E1,-2.779950142E0
1.823264998E2,2.770500183E-1,1.209105015E1,1.059000015E0
1.823289432E2,3.139950037E0,1.002195072E1,-1.825050116E0
1.823313868E2,2.428950071E0,7.863000393E0,1.078050017E0
1.823338303E2,5.230950356E0,8.334000587E0,-1.048950076E0
1.823362739E2,7.915050507E0,9.903000832E0,-7.219050407E0
1.823387174E2,4.524000168E0,8.635950089E0,-7.078050137E0
1.823411610E2,4.660950184E0,1.167000103E1,-7.387050152E0
1.823436044E2,3.813000202E0,9.603000641E0,-6.160950184E0
1.823460481E2,4.201050282E0,1.137300014E1,-2.139000177E0
1.823484915E2,1.045695019E1,1.344900036E1,-4.815000057E0
1.823509352E2,6.439950466E0,1.002495003E1,-7.186050415E0
1.823533786E2,1.897950053E0,8.610000610E0,-4.732050419E0
1.823558223E2,4.081050396E0,8.242950439E0,-5.356050491E0
1.823582659E2,3.253050089E0,5.551950455E0,-9.256950378E0
1.823607094E2,6.379500031E-1,2.731950045E0,-4.462950230E0
1.823631530E2,5.323950291E0,6.238950253E0,-1.699500084E-1
1.823655965E2,5.133000374E0,4.887000084E0,-2.464050055E0
1.823680402E2,2.062950134E0,5.557050228E0,3.139950037E0
1.823704835E2,4.813950062E0,7.662000179E0,5.094000340E0
1.823729272E2,5.070000172E0,4.006050110E0,-1.228950024E0
1.823753706E2,7.441050529E0,7.987050533E0,-4.116000175E0
1.823778143E2,9.402000427E0,8.181000710E0,-5.845050335E0
1.823802577E2,4.012050152E0,6.313950062E0,-9.763950348E0
1.823827014E2,2.014950037E0,8.179050446E0,-1.078200054E1
1.823851450E2,4.206000328E0,6.591000080E0,-4.851000309E0
1.823875885E2,2.271000147E0,5.113950253E0,-1.267050028E0
1.823900318E2,1.704000115E0,6.301950455E0,2.515050173E0
1.823924755E2,2.467950106E0,8.254950523E0,4.327050209E0
1.823949192E2,4.110000134E0,6.718050480E0,2.959950209E0
1.823973626E2,3.910950184E0,7.360050201E0,-6.730500460E-1
1.823998062E2,8.920050621E0,8.902050018E0,-8.389950752E0
1.824022497E2,5.262000084E0,7.318950176E0,-9.907950401E0
1.824046933E2,7.110000134E0,1.076895046E1,-1.005900002E1
1.824071368E2,4.596000195E0,1.097100067E1,-9.963000298E0
1.824095804E2,-4.240500331E-1,1.043400097E1,-2.416050196E0
1.824120241E2,1.978950143E0,1.051305008E1,9.405000508E-2
1.824144675E2,4.668000221E0,9.751950264E0,-2.827950239E0
1.824169112E2,1.519950032E0,5.976000309E0,-3.669000149E0
1.824193546E2,4.893000126E0,6.310950279E0,-1.381950021E0
1.824217983E2,6.768000126E0,8.088000298E0,-5.305950165E0
1.824242417E2,8.490000367E-1,7.650000572E0,-3.166050196E0
1.824266853E2,3.016050100E0,8.895000458E0,1.267050028E0
1.824291288E2,4.663050175E0,5.563950062E0,-1.629000068E0
1.824315724E2,6.901950359E0,6.673050404E0,-1.092000008E0
1.824340159E2,1.195905018E1,1.027095032E1,-4.810950279E0
1.824364595E2,4.711050034E0,9.037950516E0,-9.048000336E0
1.824389032E2,-3.660000265E-1,1.075695038E1,-9.610500336E-1
1.824413466E2,1.704000115E0,1.169595051E1,-3.910500109E-1
1.824437903E2,2.359950066E0,7.804950237E0,-3.477000237E0
1.824462337E2,2.050950050E0,6.699000359E0,3.070500195E-1
1.824486774E2,6.664950371E0,8.575950623E0,-3.733050108E0
1.824511207E2,5.439000130E0,7.735950470E0,-6.685050488E0
1.824535644E2,1.374000072E0,8.773050308E0,-2.785050154E0
1.824560079E2,3.586050272E0,9.265950203E0,-3.970050097E0
1.824584515E2,3.480000257E0,7.080000401E0,-4.063950062E0
1.824608950E2,6.519000530E0,9.550950050E0,-3.240000248E0
1.824633386E2,9.508950233E0,8.442000389E0,-7.678950310E0
1.824657820E2,3.921000242E0,7.378950119E0,-7.842000484E0
1.824682257E2,1.996050119E0,8.389050484E0,-3.247050047E0
1.824706691E2,5.784000397E0,7.405050278E0,-3.919950247E0
1.824731127E2,3.061050177E0,4.015050411E0,-5.428050041E0
1.824755562E2,4.263000011E0,6.151050091E0,1.147950053E0
1.824779998E2,7.623000145E0,7.269000530E0,-1.777050138E0
1.824804433E2,1.500000119E0,4.852950096E0,-1.819500029E-1
1.824828870E2,1.632000089E0,8.167050362E0,5.878950119E0
1.824853303E2,3.394050121E0,7.213950157E0,-3.900000080E-2
1.824877740E2,2.587050200E0,6.024000168E0,-6.919500232E-1
1.824902174E2,1.035195065E1,1.006500053E1,-4.822950363E0
1.824926611E2,6.909000397E0,8.731950760E0,-1.104795074E1
1.824951047E2,-5.700000376E-2,1.024305058E1,-4.437000275E0
1.824975482E2,5.790000558E-1,1.280895042E1,-7.980000377E-1
1.824999918E2,2.992050171E0,8.959050179E0,-3.795000076E0
1.825024353E2,2.173050165E0,6.760950089E0,-9.769500494E-1
1.825048789E2,6.409050465E0,8.263050079E0,-2.407050133E0
1.825073223E2,6.442050457E0,5.691000462E0,-6.345000267E0
1.825097659E2,3.322050095E0,7.405050278E0,-4.068000317E0
1.825122094E2,4.396950245E0,9.216000557E0,-6.393000126E0
1.825146531E2,2.977950096E0,6.847950459E0,-6.736050129E0
1.825170967E2,5.602050304E0,9.544050217E0,-3.967950106E0
1.825195402E2,9.232050896E0,1.028100014E1,-8.175000191E0
1.825219838E2,3.106950045E0,8.746050835E0,-7.225950241E0
1.825244273E2,1.705950022E0,9.565050125E0,-2.107050180E0
1.825268709E2,4.534049988E0,8.690999985E0,-3.733050108E0
1.825293143E2,3.331950188E0,4.087049961E0,-5.674950123E0
1.825317580E2,2.986950159E0,4.305000305E0,4.150500298E-1
1.825342014E2,7.833000183E0,7.006050110E0,3.960000277E-1
1.825366451E2,5.743050098E0,3.531000137E0,-3.226050138E0
1.825390885E2,3.969000101E0,7.492050171E0,3.331050158E0
1.825415321E2,6.909000397E0,6.220050335E0,-2.146050215E0
1.825439756E2,4.516950130E0,5.581050396E0,-4.581000328E0
1.825464192E2,1.074000072E1,9.079050064E0,-4.834950447E0
1.825488627E2,9.595050812E0,8.029950142E0,-9.997050285E0
1.825513063E2,6.360000372E-1,1.037205029E1,-4.815000057E0
1.825537500E2,5.209500194E-1,1.193805027E1,1.203000069E0
1.825561934E2,3.190950155E0,7.930050373E0,-1.585050106E0
1.825586371E2,2.233050108E0,7.084950447E0,-2.779500186E-1
1.825610805E2,6.841950417E0,9.285000801E0,-1.762950063E0
1.825635241E2,7.849950314E0,7.273950577E0,-6.175050259E0
1.825659676E2,2.827050209E0,8.233950615E0,-3.739950180E0
1.825684112E2,2.881950140E0,1.101405048E1,-3.625050068E0
1.825708547E2,2.274000168E0,9.238950729E0,-3.985050201E0
1.825732983E2,2.461050034E0,1.038900089E1,-2.344050169E0
1.825757418E2,7.357050419E0,1.090800095E1,-5.581950188E0
1.825781854E2,3.229050159E0,9.330000877E0,-6.532050133E0
1.825806288E2,4.950000346E-1,9.340050697E0,-1.087050080E0
1.825830724E2,3.267000198E0,8.598000526E0,-2.191050053E0
1.825855159E2,3.322050095E0,5.919000149E0,-4.573950291E0
1.825879595E2,3.021000147E0,4.267050266E0,-8.380500674E-1
1.825904030E2,7.996050358E0,7.381050587E0,-2.610000074E-1
1.825928466E2,4.018949986E0,5.623950481E0,-1.642950058E0
1.825952903E2,2.008050203E0,8.418000221E0,4.155000210E0
1.825977337E2,4.096050262E0,8.686050415E0,-7.000500560E-1
1.826001774E2,3.166950226E0,6.121950150E0,-2.637000084E0
1.826026208E2,8.282999992E0,8.968950272E0,-4.147050381E0
1.826050644E2,8.785950661E0,8.513999939E0,-1.009500027E1
1.826075079E2,3.970500231E-1,9.465000153E0,-6.094050407E0
1.826099515E2,3.580500185E-1,1.090095043E1,-3.859500289E-1
1.826123950E2,4.768950462E0,8.890050888E0,-2.194050074E0
1.826148386E2,2.551050186E0,4.972950459E0,-4.201950073E0
1.826172820E2,7.069950104E0,6.390000343E0,-3.805050135E0
1.826197257E2,8.899050713E0,5.257950306E0,-1.046805096E1
1.826221691E2,1.756950140E0,6.757050514E0,-8.122050285E0
1.826246127E2,2.797950029E0,7.996950150E0,-2.992950201E0
1.826270562E2,4.945950031E0,5.916000366E0,-4.474950314E0
1.826294998E2,5.299950123E0,6.165000439E0,-4.522950172E0
1.826319433E2,8.262000084E0,8.341950417E0,-5.221950054E0
1.826343870E2,4.795050144E0,6.262950420E0,-8.187000275E0
1.826368306E2,1.395000052E-2,7.462950230E0,-2.292000055E0
1.826392740E2,3.198000193E0,7.920000553E0,-2.970000207E-1
1.826417176E2,4.596000195E0,3.160050154E0,-2.646000147E0
1.826441611E2,1.723050117E0,3.345000267E0,-4.650000334E-1
1.826466047E2,6.661950111E0,6.292050362E0,1.741950035E0
1.826490482E2,6.871050358E0,4.567950249E0,-3.403050184E0
1.826514918E2,1.539000034E0,7.312050343E0,1.110000089E-1
1.826539353E2,2.785950184E0,9.646050453E0,1.327050090E0
1.826563789E2,2.464950085E0,6.357000351E0,-1.416000009E0
1.826588223E2,3.607050180E0,1.067100048E1,-1.939500123E-1
1.826612659E2,8.728950500E0,1.150005054E1,-5.680050373E0
1.826637094E2,1.881000042E0,6.220050335E0,-2.809050083E0
1.826661530E2,5.089050293E0,1.012095070E1,-1.564050078E0
1.826685965E2,6.093000412E0,1.258695030E1,-8.364000320E0
1.826710401E2,2.632950068E0,6.886050224E0,-5.292000294E0
1.826734838E2,2.659050226E0,8.598000526E0,-4.246050358E0
1.826759272E2,5.403000355E0,1.051800060E1,-7.231050491E0
1.826783709E2,1.468950033E0,9.714000702E0,-4.890000343E0
1.826808143E2,2.583000183E0,9.318000793E0,-4.483050346E0
1.826832579E2,3.856050253E0,8.571000099E0,-5.038050175E0
1.826857014E2,4.479000092E0,6.823950291E0,-6.132000446E0
1.826881450E2,8.070000648E0,1.023495007E1,-9.681000710E0
1.826905885E2,3.988050222E0,6.718050480E0,-1.264695072E1
1.826930321E2,-1.522950053E0,9.289950371E0,-3.196950197E0
1.826954756E2,-1.096050024E0,8.722050667E0,4.888050079E0
1.826979192E2,2.263950109E0,4.140000343E0,1.239000082E0
1.827003627E2,3.660000086E0,2.248050213E0,1.588050127E0
1.827028063E2,8.173049927E0,5.337000370E0,4.861050129E0
1.827052500E2,9.241050720E0,2.180999994E0,-9.460500479E-1
1.827076933E2,6.355950356E0,4.192049980E0,-2.200950146E0
1.827101370E2,8.334000587E0,6.361950397E0,-3.799950123E0
1.827125805E2,6.145050526E0,6.136050224E0,-5.011950016E0
1.827150241E2,5.580000401E0,9.736950874E0,-1.083000064E0
1.827174676E2,8.827050209E0,9.795000076E0,-8.031000137E0
1.827199112E2,2.716950178E0,9.055050850E0,-4.975950241E0
1.827223547E2,1.378050089E0,1.054905033E1,1.800000109E-2
1.827247983E2,2.631000042E0,1.001505089E1,-2.482950211E0
1.827272417E2,2.191950083E0,7.378950119E0,-3.582000256E0
1.827296853E2,4.459950447E0,6.462000370E0,-4.532999992E0
1.827321288E2,7.969950199E0,7.348050117E0,-9.784050941E0
1.827345724E2,1.204050064E0,9.694050789E0,-4.753050327E0
1.827370159E2,9.450000525E-1,1.069800091E1,-1.903950095E0
1.827394595E2,1.560000062E0,1.103295040E1,-2.851950169E0
1.827419030E2,9.400500655E-1,9.409049988E0,-1.426950097E0
1.827443466E2,5.914950371E0,1.180605030E1,-2.254050016E0
1.827467900E2,4.918950081E0,8.971050262E0,-5.529000282E0
1.827492337E2,1.491000056E0,8.413050652E0,-1.654950023E0
1.827516773E2,4.042950153E0,9.658050537E0,-3.049500287E-1
1.827541208E2,4.635000229E0,6.225000381E0,-4.276950359E0
1.827565644E2,3.387000084E0,4.923000336E0,-1.387050033E0
1.827590079E2,8.068050385E0,8.097000122E0,-3.090000153E-1
1.827614515E2,4.861950397E0,6.417000294E0,-2.707950115E0
1.827638949E2,9.550500512E-1,8.418000221E0,1.381950021E0
1.827663385E2,3.205050230E0,9.714000702E0,-1.018050075E0
1.827687820E2,2.800950050E0,5.824950218E0,-4.123050213E0
1.827712256E2,7.492950439E0,8.892000198E0,-6.420000076E0
1.827736691E2,9.760950089E0,7.558950424E0,-1.101195049E1
1.827761128E2,1.407000065E0,9.060000420E0,-7.777050495E0
1.827785562E2,5.430000424E-1,9.606000900E0,-1.626000047E0
1.827809999E2,4.306950092E0,9.499950409E0,-2.098050117E0
1.827834435E2,1.279950023E0,4.791000366E0,-3.778950214E0
1.827858870E2,3.094950199E0,6.955050468E0,1.360950112E0
1.827883306E2,7.186950207E0,7.056000233E0,-3.682950258E0
1.827907740E2,3.220050097E0,5.377050400E0,-3.316950083E0
1.827932177E2,2.868000031E0,1.043400097E1,6.259500384E-1
1.827956611E2,3.658050060E0,5.787000179E0,-2.838000059E0
1.827981047E2,3.555000067E0,7.969950199E0,-2.541000128E0
1.828005482E2,1.111800098E1,1.130295086E1,-4.863000393E0
1.828029918E2,6.322050095E0,7.755000591E0,-9.421950340E0
1.828054355E2,1.237050056E0,1.042905045E1,-3.132000208E0
1.828078789E2,3.763050079E0,1.147305012E1,-1.080000043E0
1.828103223E2,4.030950069E0,6.253950119E0,-5.164950371E0
1.828127660E2,2.554050207E0,7.767000198E0,-1.842000127E0
1.828152094E2,8.074950218E0,8.308050156E0,-2.746950150E0
1.828176530E2,4.486050129E0,7.918050289E0,-5.206050396E0
1.828200967E2,3.150000274E-1,9.156000137E0,1.120950103E0
1.828225402E2,3.694050074E0,9.028950691E0,-2.218050003E0
1.828249838E2,2.779050112E0,6.970050335E0,-4.926000118E0
1.828274273E2,6.378000259E0,1.009905052E1,-4.324950218E0
1.828298709E2,7.435950279E0,7.987050533E0,-1.019805050E1
1.828323143E2,1.302000046E0,8.088000298E0,-7.039950371E0
1.828347579E2,6.000000238E-1,8.284049988E0,-2.704050064E0
1.828372014E2,2.809950113E0,7.342950344E0,-2.518950224E0
1.828396450E2,1.227000117E0,3.265950203E0,-2.392050028E0
1.828420885E2,4.137000084E0,5.587950230E0,1.867950082E0
1.828445322E2,7.512000561E0,3.972000122E0,-2.233950138E0
1.828469758E2,3.649950266E0,3.757050276E0,-2.203050137E0
1.828494193E2,3.130950212E0,8.452050209E0,9.160500169E-1
1.828518629E2,3.772950172E0,4.642050266E0,-5.005050182E0
1.828543063E2,4.432950020E0,6.724950314E0,-3.039000034E0
1.828567500E2,1.024395084E1,7.942050457E0,-3.886050224E0
1.828591934E2,6.232050419E0,6.976950169E0,-6.754950523E0
1.828616370E2,1.374000072E0,1.028805065E1,-1.321950078E0
1.828640805E2,2.781000137E0,1.014705086E1,-5.509500504E-1
1.828665241E2,2.865000248E0,7.762050152E0,-2.553000212E0
1.828689676E2,4.078950405E0,7.329000473E0,-1.180950046E0
1.828714112E2,7.524000168E0,9.781050682E0,-4.071000099E0
1.828738547E2,4.881000042E0,8.611950874E0,-5.047950268E0
1.828762983E2,2.238000154E0,1.061595058E1,-1.558950067E0
1.828787417E2,4.263000011E0,1.046295071E1,-4.369950294E0
1.828811853E2,4.038000107E0,9.298950195E0,-4.837050438E0
1.828836290E2,6.436950207E0,1.229895020E1,-5.203050137E0
1.828860725E2,8.226000786E0,1.148295021E1,-9.817050934E0
1.828885161E2,1.278000116E0,1.194495010E1,-5.395050049E0
1.828909596E2,-6.195000187E-2,1.134900093E1,4.290000200E-1
1.828934032E2,2.422049999E0,1.034595013E1,-1.996950150E0
1.828958466E2,1.390050054E0,6.330000401E0,-3.477000237E0
1.828982903E2,5.353050232E0,7.759950161E0,-1.095000029E0
1.829007337E2,7.498050213E0,7.651950359E0,-5.421000481E0
1.829031773E2,1.809000134E0,7.615950584E0,-7.999500632E-1
1.829056208E2,4.110000134E0,1.082700062E1,2.946000099E0
1.829080644E2,3.295950174E0,8.332050323E0,9.949500561E-1
1.829105079E2,2.341050148E0,9.393000603E0,-3.619500101E-1
1.829129515E2,9.799050331E0,1.277595043E1,-1.605000019E0
1.829153952E2,4.788000107E0,7.935000420E0,-6.606000423E0
1.829178386E2,2.647050142E0,1.011795044E1,-2.775000095E0
1.829202822E2,5.844000340E0,1.084095097E1,-4.830000401E0
1.829227257E2,2.872050047E0,6.627000332E0,-5.695950508E0
1.829251693E2,3.073050261E0,7.768950462E0,-2.356050014E0
1.829276128E2,7.471950531E0,8.313000679E0,-6.139050484E0
1.829300564E2,2.832000017E0,7.615950584E0,-5.608050346E0
1.829324999E2,1.852050066E0,8.551950455E0,-2.710950136E0
1.829349435E2,3.988050222E0,7.606950283E0,-4.858050346E0
1.829373869E2,4.108050346E0,5.847000122E0,-7.111950397E0
1.829398305E2,6.904050350E0,8.478000641E0,-8.397000313E0
1.829422740E2,5.293050289E0,6.520050526E0,-1.114305019E1
1.829447176E2,-1.551000118E0,7.314000130E0,-4.947000027E0
1.829471611E2,-2.818050146E0,9.205950737E0,4.387050152E0
1.829496048E2,9.499500394E-1,3.325950146E0,2.830950022E0
1.829520482E2,4.014000416E0,4.720500112E-1,2.119500041E-1
1.829544918E2,6.885000229E0,3.538950205E0,1.387050033E0
1.829569355E2,8.428950310E0,1.465050101E0,-4.605000094E-2
1.829593789E2,7.572000504E0,8.520000577E-1,-4.084949970E0
1.829618226E2,7.144050121E0,4.357950211E0,-8.562000275E0
1.829642660E2,6.121050358E0,3.105000257E0,-1.240800095E1
1.829667096E2,5.884050369E0,7.831950188E0,-1.066005039E1
1.829691531E2,6.592950344E0,7.177950382E0,-2.959950209E0
1.829715967E2,3.018000126E0,6.627000332E0,1.069050074E0
1.829740402E2,3.919500113E-1,8.908950806E0,3.679050207E0
1.829764837E2,2.857950211E0,9.247050285E0,3.291000128E0
1.829789272E2,3.391950130E0,6.450000286E0,-2.899500132E-1
1.829813708E2,7.789950371E0,5.682000160E0,-2.086050034E0
1.829838143E2,1.140795040E1,4.192049980E0,-1.047495079E1
1.829862579E2,4.050000191E0,7.321950436E0,-8.874000549E0
1.829887014E2,1.290000081E0,1.162395096E1,-3.084000111E0
1.829911450E2,1.273050070E0,1.144005013E1,-6.082050323E0
1.829935887E2,6.790500283E-1,9.874050140E0,-2.859000206E0
1.829960321E2,6.688950539E0,1.203105068E1,-5.112000465E0
1.829984757E2,5.200050354E0,9.465000153E0,-8.098050117E0
1.830009192E2,2.239500135E-1,9.888000488E0,-6.660000086E-1
1.830033628E2,3.721950293E0,1.026705074E1,-3.190500140E-1
1.830058063E2,4.194000244E0,6.253950119E0,-3.855000257E0
1.830082499E2,3.943050146E0,3.547950268E0,-1.387050033E0
1.830106934E2,9.325050354E0,7.033950329E0,-2.589000225E0
1.830131370E2,5.748000145E0,5.542950153E0,-4.774950027E0
1.830155805E2,1.780950069E0,8.100000381E0,3.856050253E0
1.830180241E2,3.649950266E0,9.675000191E0,1.596000075E0
1.830204675E2,2.413050175E0,6.721050262E0,-1.870500147E-1
1.830229112E2,5.575050354E0,9.886050224E0,8.410500288E-1
1.830253546E2,8.394000053E0,9.819000244E0,-8.023950577E0
1.830277982E2,1.069050074E0,7.882050514E0,-3.715950251E0
1.830302419E2,4.350000322E-1,1.151400089E1,5.440500379E-1
1.830326854E2,3.186000109E0,1.012500095E1,-3.172950268E0
1.830351290E2,1.675050020E0,7.168050289E0,-3.910500109E-1
1.830375725E2,5.695050240E0,9.073950768E0,-1.341000080E0
1.830400161E2,6.069000244E0,8.631000519E0,-5.565000057E0
1.830424596E2,2.508000135E0,9.295050621E0,-2.710950136E0
1.830449032E2,4.249050140E0,1.151205063E1,-3.664050102E0
1.830473466E2,4.062000275E0,8.775000572E0,-7.240950108E0
1.830497902E2,5.362050056E0,1.132500076E1,-4.801050186E0
1.830522337E2,9.559950829E0,1.055205059E1,-7.003950119E0
1.830546773E2,5.209050179E0,9.253950119E0,-6.760050297E0
1.830571208E2,2.511000156E0,1.076205063E1,-2.364000082E0
1.830595644E2,5.226000309E0,9.799950600E0,-3.726000071E0
1.830620078E2,2.872050047E0,6.711000443E0,-4.521000385E0
1.830644514E2,4.927050114E0,6.673050404E0,-1.911000133E0
1.830668949E2,8.491950035E0,6.702000141E0,-5.775000095E0
1.830693385E2,2.986950159E0,6.781050205E0,-6.025050163E0
1.830717822E2,2.863050222E0,9.169950485E0,1.528050065E0
1.830742257E2,4.797000408E0,7.192050457E0,-5.419500470E-1
1.830766693E2,4.749000072E0,7.765050411E0,-1.200000048E-1
1.830791127E2,1.001205063E1,9.313950539E0,-4.144950390E0
1.830815564E2,5.872050285E0,7.870050430E0,-9.463050842E0
1.830839998E2,5.895000324E-2,1.025205040E1,-4.870050430E0
1.830864434E2,9.640500546E-1,1.079805088E1,-1.729050040E0
1.830888869E2,3.163950205E0,7.207050323E0,-3.757050276E0
1.830913305E2,1.699050069E0,5.976000309E0,-7.090500593E-1
1.830937740E2,6.739050388E0,7.711950302E0,-2.542950153E0
1.830962176E2,4.819050312E0,6.390000343E0,-4.585950375E0
1.830986611E2,2.314050198E0,7.594950199E0,-4.549500346E-1
1.831011047E2,4.048050404E0,9.285000801E0,-3.405000210E0
1.831035481E2,3.844050169E0,6.541050434E0,-3.502950191E0
1.831059917E2,7.002000332E0,9.273000717E0,-4.087950230E0
1.831084354E2,8.710050583E0,7.923000336E0,-8.830950737E0
1.831108788E2,1.735050082E0,7.954050541E0,-5.707950115E0
1.831133225E2,1.572000027E0,9.430950165E0,-1.327050090E0
1.831157660E2,4.632000446E0,8.089950562E0,-2.890050173E0
1.831182096E2,1.444950104E0,5.296050072E0,-3.646950245E0
1.831206531E2,5.769000053E0,6.322950363E0,-6.450000405E-1
1.831230967E2,6.547950268E0,5.631000042E0,-5.493000031E0
1.831255401E2,6.859500408E-1,5.839950085E0,-1.300950050E0
1.831279838E2,2.737950087E0,8.787000656E0,1.138050079E0
1.831304272E2,2.410050154E0,5.394000053E0,-2.512050152E0
1.831328708E2,5.005950451E0,7.116000175E0,-3.028950214E0
1.831353143E2,8.845950127E0,7.777050495E0,-6.118050098E0
1.831377579E2,2.728950024E0,5.998050213E0,-8.789999962E0
1.831402014E2,3.060000241E-1,8.974050522E0,-3.469950199E0
1.831426451E2,3.877950191E0,7.510950565E0,-3.727950096E0
1.831450884E2,2.674050093E0,3.757050276E0,-3.331050158E0
1.831475321E2,4.462050438E0,4.948950291E0,5.989500284E-1
1.831499758E2,8.626049995E0,4.405050278E0,-2.359050035E0
1.831524192E2,4.906949997E0,4.377000332E0,-3.799950123E0
1.831548628E2,3.133050203E0,8.457000732E0,1.150050044E0
1.831573063E2,3.046950102E0,7.252050400E0,-2.458950043E0
1.831597499E2,4.069050312E0,7.969950199E0,-2.677050114E0
1.831621934E2,8.110950470E0,9.172050476E0,-6.280950069E0
1.831646370E2,5.880000114E0,8.629050255E0,-9.072000504E0
1.831670805E2,5.449500084E-1,9.601050377E0,-2.524050236E0
1.831695241E2,6.790500283E-1,1.107795048E1,4.009500146E-1
1.831719675E2,2.475000143E0,8.860950470E0,-1.911000133E0
1.831744112E2,2.920050144E0,7.614000320E0,6.019500494E-1
1.831768546E2,6.241050243E0,9.028950691E0,-2.128950119E0
1.831792982E2,6.040050507E0,7.377000332E0,-5.230050087E0
1.831817419E2,3.129000187E0,9.046050072E0,-3.481950283E0
1.831841853E2,5.014950275E0,1.026195049E1,-4.617000103E0
1.831866290E2,3.214950085E0,8.800950050E0,-5.347050190E0
1.831890725E2,5.539950371E0,1.124100018E1,-3.187050104E0
1.831915161E2,8.299950600E0,1.052505016E1,-8.059950829E0
1.831939596E2,2.167950153E0,9.826050758E0,-4.846950054E0
1.831964032E2,1.483950019E0,1.072905064E1,1.180950046E0
1.831988466E2,4.050000191E0,9.960000038E0,-1.243050098E0
1.832012902E2,1.134000063E0,5.406000137E0,-1.486950040E0
1.832037337E2,5.719050407E0,6.481050491E0,1.800000109E-2
1.832061773E2,6.112050056E0,6.474000454E0,-5.230050087E0
1.832086208E2,1.258950114E0,6.646050453E0,-2.020950079E0
1.832110645E2,4.453050137E0,1.005405045E1,-5.460000038E-1
1.832135081E2,3.378000259E0,6.462000370E0,-1.902000070E0
1.832159515E2,5.803050041E0,9.475950241E0,-2.095050097E0
1.832183952E2,9.799050331E0,9.342000008E0,-7.996950150E0
1.832208386E2,2.949000120E0,7.003050327E0,-7.554000378E0
1.832232822E2,1.435950041E0,1.078905010E1,-2.644050121E0
1.832257257E2,4.180050373E0,8.758049965E0,-3.244950056E0
1.832281693E2,2.215950012E0,6.313950062E0,-2.866050243E0
1.832306128E2,5.355000019E0,8.181000710E0,-2.809500098E-1
1.832330564E2,7.711050510E0,6.306000233E0,-4.066050053E0
1.832354998E2,1.534050107E0,7.149000168E0,-2.809050083E0
1.832379435E2,2.851050138E0,1.029105091E1,-3.195000067E-2
1.832403869E2,3.997950077E0,6.463950157E0,-3.919950247E0
1.832428305E2,4.975050449E0,9.727950096E0,-3.727950096E0
1.832452740E2,1.009395027E1,9.523950577E0,-6.898050308E0
1.832477176E2,5.250000477E0,8.230950356E0,-9.352950096E0
1.832501613E2,-1.050000042E-1,1.084095097E1,-3.087000132E0
1.832526048E2,2.046000004E0,1.036500072E1,-1.528050065E0
1.832550484E2,3.828000069E0,7.020000458E0,-3.333000183E0
1.832574919E2,4.108050346E0,6.666000366E0,-2.673000097E0
1.832599355E2,8.022000313E0,6.819000244E0,-2.340000153E0
1.832623789E2,4.113000393E0,6.072000504E0,-4.138050079E0
1.832648226E2,1.467000127E0,9.232050896E0,3.000000119E-1
1.832672660E2,3.688950062E0,8.348999977E0,7.995000482E-2
1.832697096E2,3.664950132E0,7.438950539E0,-1.810950041E0
1.832721531E2,8.074950218E0,9.630000114E0,-3.331050158E0
1.832745967E2,8.164050102E0,7.321950436E0,-9.891000748E0
1.832770404E2,2.629500031E-1,8.275050163E0,-5.716050148E0
1.832794839E2,1.060050011E0,1.021395016E1,-2.689500153E-1
1.832819275E2,4.137000084E0,6.532050133E0,-3.088950157E0
1.832843709E2,2.455950022E0,4.168050289E0,-1.984950066E0
1.832868146E2,7.963050365E0,5.763000488E0,-1.546950102E0
1.832892580E2,6.910950184E0,4.309950352E0,-4.999950409E0
1.832917016E2,1.251000047E0,6.115050316E0,-9.630000591E-1
1.832941451E2,3.211950064E0,9.649050713E0,4.905000329E-2
1.832965887E2,2.329050064E0,5.502000332E0,-1.554000020E0
1.832990322E2,6.277050495E0,8.884950638E0,-2.127000093E0
1.833014758E2,8.353050232E0,7.302000523E0,-8.341950417E0
1.833039193E2,1.141050100E0,6.654000282E0,-6.931950092E0
1.833063629E2,1.207950115E0,9.844950676E0,-7.140000463E-1
1.833088063E2,4.408950329E0,6.472050190E0,-2.296950102E0
1.833112500E2,1.881000042E0,4.480050087E0,-5.920500159E-1
1.833136934E2,6.186000347E0,7.602000237E0,1.549950123E0
1.833161371E2,7.144050121E0,4.843950272E0,-3.918000221E0
1.833185805E2,2.389050007E0,7.642050266E0,-2.092950106E0
1.833210242E2,2.619000196E0,9.771000862E0,-8.980500698E-1
1.833234678E2,3.535950184E0,7.483950138E0,-2.377950191E0
1.833259113E2,5.793000221E0,9.261000633E0,-3.241950035E0
1.833283549E2,1.053195095E1,9.622950554E0,-9.091950417E0
1.833307984E2,3.990000248E0,8.218950272E0,-8.562000275E0
1.833332420E2,-3.130500019E-1,1.135395050E1,-1.605000019E0
1.833356854E2,1.873950124E0,1.024305058E1,7.860000134E-1
1.833381291E2,3.504000187E0,6.526950359E0,-3.364050150E0
1.833405725E2,3.976050138E0,6.811950207E0,-1.924950123E0
1.833430161E2,8.479949951E0,6.868950367E0,-6.178050518E0
1.833454596E2,3.511950254E0,6.835950375E0,-5.956950188E0
1.833479032E2,1.768950105E0,8.955000877E0,-1.533000112E0
1.833503467E2,3.028050184E0,7.981950283E0,-2.482950211E0
1.833527903E2,3.397050142E0,6.682050228E0,-2.902050257E0
1.833552340E2,9.387000084E0,8.569050789E0,-6.013050079E0
1.833576775E2,7.282950401E0,5.607000351E0,-1.167705059E1
1.833601211E2,1.077000022E0,6.976950169E0,-6.124950409E0
1.833625645E2,3.016050100E0,9.205950737E0,2.670000196E-1
1.833650082E2,4.361999989E0,4.519950390E0,-2.185950041E0
1.833674516E2,1.801950097E0,5.542950153E0,6.210000515E-1
1.833698952E2,7.144050121E0,6.634050369E0,2.380950212E0
1.833723387E2,5.371950150E0,2.692950010E0,-3.385950089E0
1.833747823E2,1.474050045E0,8.077950478E0,-1.111050010E0
1.833772258E2,5.668950081E0,7.366950512E0,-2.206050158E0
1.833796694E2,4.510050297E0,5.622000217E0,-3.508050203E0
1.833821128E2,7.510050297E0,1.064700031E1,-2.883000135E0
1.833845565E2,8.475000381E0,8.967000008E0,-8.278050423E0
1.833869999E2,1.426050067E0,9.235050201E0,-2.613000154E0
1.833894435E2,1.591050029E0,1.231395054E1,-2.151000023E0
1.833918870E2,2.959050179E0,9.217950821E0,-3.217950106E0
1.833943306E2,2.902950048E0,8.526000023E0,-3.000000119E-1
1.833967741E2,6.105000496E0,9.393000603E0,-3.805050135E0
1.833992178E2,5.962950230E0,8.176050186E0,-5.959950447E0
1.834016614E2,3.303000212E0,1.030500031E1,-4.447050095E0
1.834041048E2,3.265050173E0,1.272600079E1,-3.453000069E0
1.834065484E2,2.310000181E0,1.096305084E1,-2.863950253E0
1.834089919E2,4.084050179E0,1.341300106E1,-1.830000043E0
1.834114355E2,6.676950455E0,1.241895103E1,-5.797050476E0
1.834138790E2,2.097000122E0,1.055595016E1,-4.827000141E0
1.834163226E2,6.580500603E-1,1.119600010E1,-1.344000101E0
1.834187661E2,4.720950127E0,9.706050873E0,-3.574950218E0
1.834212097E2,3.142950058E0,6.699000359E0,-5.146050453E0
1.834236531E2,5.572950363E0,7.089000225E0,-2.992950201E0
1.834260968E2,8.403000832E0,6.745050430E0,-6.325950146E0
1.834285402E2,3.157050133E0,6.979050159E0,-2.991000175E0
1.834309838E2,3.712950230E0,9.205950737E0,1.492950082E0
1.834334273E2,4.239000320E0,7.189950466E0,-1.200000048E-1
1.834358709E2,4.420950413E0,7.573050499E0,7.789500356E-1
1.834383146E2,9.032999992E0,9.763950348E0,-4.030050278E0
1.834407581E2,4.423950195E0,5.947050095E0,-8.806950569E0
1.834432017E2,9.550500512E-1,9.225000381E0,-3.001050234E0
1.834456451E2,4.029000282E0,9.151050568E0,-2.536050081E0
1.834480887E2,2.389050007E0,4.852950096E0,-3.094050169E0
1.834505322E2,3.478050232E0,7.575000286E0,5.850000381E-1
1.834529758E2,7.864050388E0,6.024000168E0,-4.060950279E0
1.834554193E2,1.993950129E0,6.034050465E0,-4.222050190E0
1.834578629E2,1.492950082E0,9.867000580E0,-9.769500494E-1
1.834603064E2,3.835050106E0,5.277000427E0,-3.850050211E0
1.834627500E2,4.690050125E0,7.705050468E0,-3.481950283E0
1.834651934E2,1.089300060E1,7.870050430E0,-7.387050152E0
1.834676370E2,4.157999992E0,6.112950325E0,-9.445950508E0
1.834700805E2,-1.549500078E-1,8.599950790E0,-2.823000193E0
1.834725241E2,2.416950226E0,8.473050117E0,-1.734000087E0
1.834749678E2,2.920050144E0,4.390950203E0,-3.819000244E0
1.834774113E2,2.391000032E0,5.787000179E0,-1.903950095E0
1.834798549E2,6.849000454E0,4.563000202E0,-1.954050064E0
1.834822984E2,4.213050365E0,3.414000273E0,-4.456050396E0
1.834847420E2,1.036050081E0,7.429050446E0,2.089500129E-1
1.834871854E2,3.400950193E0,6.285000324E0,-1.183050036E0
1.834896290E2,3.466050148E0,6.354000092E0,-4.320000172E0
1.834920725E2,7.414050579E0,8.049000740E0,-3.678000212E0
1.834945161E2,5.947050095E0,6.177000523E0,-6.460050106E0
1.834969596E2,-6.030000448E-1,7.888950348E0,-4.408050060E0
1.834994032E2,3.567000151E0,9.618000031E0,-5.850000381E-1
1.835018467E2,5.487000465E0,6.502950191E0,-5.730000496E0
1.835042903E2,1.729950070E0,6.381000519E0,-1.009500027E-1
1.835067337E2,6.306000233E0,7.410000324E0,6.619500518E-1
1.835091773E2,5.986950397E0,6.526950359E0,-5.458950043E0
1.835116208E2,1.716000080E0,8.907000542E0,1.500000060E-2
1.835140644E2,4.299000263E0,1.008195019E1,-2.268000126E0
1.835165081E2,5.050950050E0,7.546950340E0,-4.389000416E0
1.835189515E2,9.754050255E0,1.074495029E1,-6.751950264E0
1.835213952E2,9.600000381E0,9.924000740E0,-1.230195045E1
1.835238386E2,9.229500294E-1,1.102800083E1,-6.646950245E0
1.835262822E2,7.440000176E-1,1.336695099E1,-1.734000087E0
1.835287257E2,2.686050177E0,1.059900093E1,-2.731950045E0
1.835311693E2,5.190000534E-1,7.449000359E0,-1.222050071E0
1.835336128E2,5.620950222E0,8.607000351E0,-1.861050129E0
1.835360564E2,5.877000332E0,6.318000317E0,-5.521950245E0
1.835384999E2,2.058000088E0,8.112000465E0,4.129500091E-1
1.835409435E2,3.969000101E0,9.238950729E0,1.332000017E0
1.835433871E2,3.708000183E0,6.523950100E0,-5.080500245E-1
1.835458306E2,5.893950462E0,1.097295094E1,-9.870000482E-1
1.835482742E2,8.839050293E0,9.840000153E0,-6.276000500E0
1.835507177E2,1.456950068E0,8.728950500E0,-4.459050179E0
1.835531613E2,6.310500503E-1,1.142505074E1,-5.580000281E-1
1.835556048E2,3.531000137E0,9.417000771E0,-1.747950077E0
1.835580484E2,2.149049997E0,7.932000160E0,-2.562000036E0
1.835604918E2,4.648950100E0,8.421000481E0,-7.669500113E-1
1.835629354E2,6.496950150E0,8.548050880E0,-3.658950090E0
1.835653789E2,1.821000099E0,8.787000656E0,-2.071950197E0
1.835678225E2,2.367000103E0,1.158795071E1,1.150050044E0
1.835702660E2,5.046000004E0,8.758049965E0,-4.518000126E0
1.835727096E2,5.379000187E0,1.075695038E1,-5.115000248E0
1.835751531E2,8.551950455E0,1.098495007E1,-9.645000458E0
1.835775967E2,3.775050163E0,9.025950432E0,-1.032000065E1
1.835800401E2,1.129050016E0,8.737050056E0,-3.453000069E0
1.835824838E2,4.990950108E0,9.061950684E0,-3.805050135E0
1.835849272E2,3.319950104E0,5.418000221E0,-5.335050106E0
1.835873709E2,4.474050045E0,6.448050499E0,-1.243050098E0
1.835898145E2,8.583000183E0,6.192000389E0,-6.232950211E0
1.835922580E2,2.949000120E0,4.753050327E0,-6.444000244E0
1.835947016E2,7.129500508E-1,1.025205040E1,2.055000067E0
1.835971451E2,2.404950142E0,5.064000130E0,1.378050089E0
1.835995887E2,3.151950121E0,7.549050331E0,-5.419500470E-1
1.836020321E2,8.494050026E0,9.007050514E0,-1.750500053E-1
1.836044758E2,5.242950439E0,4.683000088E0,-6.190050125E0
1.836069192E2,1.126950026E0,9.322950363E0,-7.308000565E0
1.836093629E2,5.566050053E0,7.587000370E0,-6.072000504E0
1.836118063E2,2.626050234E0,5.800950050E0,-6.751950264E0
1.836142500E2,1.017000079E0,7.333950520E0,9.370500445E-1
1.836166936E2,5.788950443E0,6.505050182E0,1.441950083E0
1.836191371E2,3.133050203E0,5.587950230E0,-1.068000078E0
1.836215807E2,4.419000149E0,8.622000694E0,1.239000082E0
1.836240241E2,5.434050083E0,7.932000160E0,-3.312000275E0
1.836264677E2,5.475000381E0,6.996000290E0,-3.544050217E0
1.836289112E2,1.061100006E1,8.626950264E0,-9.609000206E0
1.836313548E2,4.563000202E0,8.368050575E0,-1.097295094E1
1.836337983E2,-3.450000286E-1,9.639000893E0,-4.357950211E0
1.836362419E2,1.459950089E0,1.068105030E1,-2.280000150E-1
1.836386854E2,2.761950016E0,7.350000381E0,-2.665050030E0
1.836411290E2,1.576950073E0,5.650050163E0,-2.565000057E0
1.836435725E2,7.402050495E0,6.553050518E0,-4.084949970E0
1.836460161E2,4.929000378E0,5.677050114E0,-8.488050461E0
1.836484598E2,1.275000095E0,6.988950253E0,-1.375050068E0
1.836509032E2,3.129000187E0,8.551950455E0,-1.423050046E0
1.836533468E2,2.146950006E0,5.298000336E0,-7.120500207E-1
1.836557902E2,6.289050102E0,9.618000031E0,-1.753050089E0
1.836582339E2,6.241050243E0,5.971050262E0,-6.015000343E0
1.836606774E2,2.239500135E-1,7.414950371E0,-4.665000439E0
1.836631210E2,2.440950155E0,8.193000793E0,-1.240950108E0
1.836655645E2,5.620950222E0,4.285950184E0,-5.368050098E0
1.836680081E2,2.781000137E0,4.755000114E0,-1.861050129E0
1.836704515E2,7.860000610E0,6.342000484E0,8.205000311E-2
1.836728951E2,6.174000263E0,4.963050365E0,-3.139050245E0
1.836753386E2,2.761950016E0,8.056950569E0,5.010000467E-1
1.836777822E2,3.751050234E0,9.859950066E0,-1.090050101E0
1.836802257E2,3.088050127E0,8.023050308E0,-3.241950035E0
1.836826693E2,7.620000362E0,1.023300076E1,-7.638000488E0
1.836851128E2,6.634050369E0,8.908950806E0,-1.209900093E1
1.836875565E2,6.859500408E-1,8.962050438E0,-7.923000336E0
1.836900001E2,1.171950102E0,9.787950516E0,-2.347050190E0
1.836924435E2,4.728000164E0,8.611950874E0,-2.577000141E0
1.836948871E2,3.460950136E0,7.462950230E0,-1.741050124E0
1.836973306E2,6.861000538E0,8.112000465E0,-4.890000224E-1
1.836997742E2,6.648000240E0,7.081950188E0,-6.043950081E0
1.837022177E2,6.960000396E-1,8.895000458E0,-2.131050110E0
1.837046613E2,3.102000237E0,1.006995010E1,2.950500250E-1
1.837071048E2,3.616950274E0,7.420050144E0,-3.099000216E0
1.837095484E2,6.196050167E0,1.072395039E1,-1.935000062E0
1.837119918E2,8.949000359E0,9.172050476E0,-7.336950302E0
1.837144355E2,1.144050002E0,9.385950089E0,-3.757050276E0
1.837168789E2,3.510000110E-1,1.150005054E1,2.620050192E0
1.837193225E2,3.661950111E0,1.003695011E1,-7.090500593E-1
1.837217660E2,2.698050022E0,7.350000381E0,-2.347050190E0
1.837242096E2,6.568950176E0,8.581050873E0,-2.859000206E0
1.837266531E2,6.664950371E0,7.237950325E0,-7.569000244E0
1.837290968E2,1.467000127E0,8.902050018E0,-4.186050415E0
1.837315404E2,2.932050228E0,1.118595028E1,-2.293950081E0
1.837339838E2,3.889950275E0,7.918050289E0,-4.549950123E0
1.837364275E2,5.329050064E0,1.168605042E1,-1.593000054E0
1.837388709E2,9.166950226E0,9.939000130E0,-7.861050606E0
1.837413145E2,3.145050049E0,9.249000549E0,-7.027950287E0
1.837437580E2,1.504950047E0,1.057500076E1,-1.987950087E0
1.837462016E2,3.691050291E0,8.731950760E0,-3.558000088E0
1.837486451E2,2.358000040E0,6.337950230E0,-2.863950253E0
1.837510887E2,5.968050480E0,7.171050549E0,-1.909050107E0
1.837535321E2,7.660950184E0,5.394000053E0,-5.851950169E0
1.837559758E2,2.242950201E0,6.712950230E0,-3.336000204E0
1.837584192E2,1.693950057E0,8.317950249E0,8.719500303E-1
1.837608628E2,3.643050194E0,6.334950447E0,-3.930000067E-1
1.837633063E2,5.326050282E0,8.188050270E0,-1.902000070E0
1.837657499E2,8.908050537E0,8.160000801E0,-6.529950142E0
1.837681936E2,2.935050249E0,7.678050518E0,-8.980950356E0
1.837706371E2,-4.549500346E-1,8.346000671E0,-2.413950205E0
1.837730807E2,3.385050058E0,8.386950493E0,-1.653000116E0
1.837755242E2,2.803050041E0,4.678050041E0,-4.272000313E0
1.837779678E2,3.595050097E0,6.244050503E0,-1.195050001E0
1.837804112E2,8.604000092E0,5.047050476E0,-5.163000107E0
1.837828549E2,1.230000019E0,5.041950226E0,-3.886050224E0
1.837852983E2,9.660000205E-1,8.694000244E0,8.700000644E-1
1.837877419E2,4.314000130E0,4.245000362E0,-2.209950209E0
1.837901854E2,5.674050331E0,6.169950485E0,-2.254050016E0
1.837926290E2,1.102695084E1,7.092000484E0,-8.008950233E0
1.837950725E2,3.447000265E0,5.713050365E0,-8.665050507E0
1.837975161E2,-2.149500102E-1,9.100950241E0,-1.485000014E0
1.837999596E2,3.667050123E0,8.715000153E0,-7.069500089E-1
1.838024032E2,2.515950203E0,4.876950264E0,-1.297950029E0
1.838048469E2,4.137000084E0,7.341000557E0,1.456950068E0
1.838072903E2,7.594050407E0,4.947000027E0,-3.891000271E0
1.838097339E2,3.226950169E0,5.716950417E0,-5.124000072E0
1.838121774E2,1.090950012E0,9.057000160E0,-1.272000074E0
1.838146210E2,3.037950039E0,7.410000324E0,-1.345950007E0
1.838170645E2,4.462050438E0,7.690050602E0,-3.211050034E0
1.838195081E2,8.989950180E0,9.043050766E0,-5.980950356E0
1.838219516E2,4.957950115E0,8.128950119E0,-1.025295067E1
1.838243952E2,-4.500000179E-1,9.871950150E0,-4.738950253E0
1.838268386E2,3.961950302E0,1.016100025E1,-2.409000158E0
1.838292822E2,3.492000103E0,6.261000156E0,-5.440050125E0
1.838317257E2,2.860050201E0,6.667950153E0,-8.100000620E-1
1.838341693E2,8.734050751E0,6.699000359E0,-2.695950031E0
1.838366128E2,4.833000183E0,5.806050301E0,-3.439050198E0
1.838390564E2,1.219950080E0,9.465000153E0,3.276000261E0
1.838415001E2,3.649950266E0,8.089950562E0,2.929500043E-1
1.838439435E2,2.947050095E0,7.492050171E0,-9.630000591E-1
1.838463872E2,9.205050468E0,1.089405060E1,-4.846950054E0
1.838488306E2,6.040050507E0,8.116950035E0,-1.004700089E1
1.838512742E2,-1.200000048E-1,1.084800053E1,-1.851000071E0
1.838537177E2,8.110500574E-1,1.111200047E1,-1.032000065E0
1.838561613E2,2.494050026E0,7.836000443E0,-2.016000032E0
1.838586048E2,3.469050169E0,7.765050411E0,2.700000070E-2
1.838610484E2,8.116050720E0,8.397000313E0,-4.435050011E0
1.838634918E2,4.740000248E0,6.915000439E0,-5.254050255E0
1.838659355E2,2.379000187E0,1.027605057E1,-3.096000195E0
1.838683789E2,3.169050217E0,8.479949951E0,-2.452050209E0
1.838708225E2,3.454050064E0,8.365950584E0,-2.349000216E0
1.838732660E2,8.062950134E0,1.008495045E1,-5.730000496E0
1.838757096E2,6.631050110E0,7.984950542E0,-8.931000710E0
1.838781531E2,1.057050109E0,8.490000725E0,-5.055000305E0
1.838805967E2,3.178950071E0,9.393000603E0,-1.333950043E0
1.838830404E2,4.239000320E0,7.494000435E0,-3.024000168E0
1.838854838E2,2.568000078E0,6.120000362E0,-7.240500450E-1
1.838879275E2,8.428950310E0,7.992000580E0,-5.370000005E-1
1.838903709E2,5.326050282E0,4.980000019E0,-6.271050453E0
1.838928145E2,5.239500403E-1,9.085950851E0,-3.405000269E-2
1.838952580E2,4.657950401E0,9.535950661E0,-8.580000401E-1
1.838977016E2,2.829000235E0,6.997950554E0,-2.068950176E0
1.839001451E2,7.270950317E0,1.177695084E1,-2.854050159E0
1.839025887E2,7.242000580E0,7.918050289E0,-9.568050385E0
1.839050321E2,-4.950000439E-3,9.721050262E0,-4.375050068E0
1.839074758E2,1.564950109E0,1.129905033E1,-1.755000114E0
1.839099195E2,3.387000084E0,7.269000530E0,-3.247050047E0
1.839123629E2,2.745000124E0,7.081950188E0,-1.426950097E0
1.839148065E2,8.212050438E0,7.627950191E0,-3.670950174E0
1.839172500E2,5.848050117E0,6.148050308E0,-4.315050125E0
1.839196936E2,2.704950094E0,8.394000053E0,-2.076000214E0
1.839221370E2,3.603000164E0,7.956000328E0,-2.494950056E0
1.839245807E2,4.230000019E0,6.433050156E0,-2.791950226E0
1.839270241E2,8.191950798E0,8.880000114E0,-4.570950031E0
1.839294678E2,7.539000511E0,6.988950253E0,-8.782950401E0
1.839319112E2,1.000050068E0,8.381999969E0,-6.556050301E0
1.839343548E2,9.810000658E-1,8.346000671E0,-5.179499984E-1
1.839367983E2,2.182950020E0,7.750050545E0,3.889500201E-1
1.839392419E2,1.510050058E0,5.380050182E0,1.533000112E0
1.839416854E2,5.926950455E0,7.360050201E0,2.782950163E0
1.839441290E2,6.439950466E0,6.715950489E0,-2.038050175E0
1.839465724E2,2.203950167E0,8.690999985E0,2.424000025E0
1.839490161E2,1.620000124E0,1.174395084E1,2.874000072E0
1.839514595E2,1.210950017E0,8.662050247E0,-1.750500053E-1
1.839539032E2,5.496000290E0,1.085295010E1,-2.593050241E0
1.839563468E2,8.535000801E0,1.017600060E1,-1.011600018E1
1.839587903E2,2.779050112E0,7.252050400E0,-8.577000618E0
1.839612339E2,3.315000057E0,8.296050072E0,-8.541000366E0
1.839636773E2,6.172050476E0,8.433000565E0,-8.794950485E0
1.839661210E2,2.326050043E0,6.205950260E0,-5.047950268E0
1.839685644E2,7.204050541E0,7.743000507E0,-4.128000259E0
1.839710081E2,6.523950100E0,5.725050449E0,-7.950000286E0
1.839734515E2,2.362050056E0,6.831000328E0,-3.790950298E0
1.839758952E2,2.584950209E0,8.751000404E0,-2.560050011E0
1.839783386E2,1.162950039E0,5.725050449E0,-2.140950203E0
1.839807823E2,1.285050035E0,8.947050095E0,1.453950047E0
1.839832259E2,3.910950184E0,5.004000187E0,-9.220500588E-1
1.839856693E2,2.482050180E0,5.322000027E0,-9.439500570E-1
1.839881130E2,3.895050287E0,5.926050186E0,2.430000156E-1
1.839905564E2,7.512000561E0,4.021950245E0,-3.859950066E0
1.839930000E2,5.203950405E0,2.734050035E0,-8.409000397E0
1.839954435E2,6.327000141E0,5.263050079E0,-3.736050129E0
1.839978871E2,8.620950699E0,5.598000050E0,-4.401000023E0
1.840003306E2,2.049000025E0,6.637050152E0,-2.922000170E0
1.840027742E2,8.280000687E-1,1.053495026E1,4.327050209E0
1.840052176E2,1.804050088E0,7.446000576E0,1.710000038E0
1.840076613E2,4.386000156E0,1.000995064E1,1.129050016E0
1.840101049E2,1.129500008E1,9.778050423E0,-8.445000648E0
1.840125483E2,4.426050186E0,6.247050285E0,-8.361000061E0
1.840149920E2,4.359000206E0,1.022100067E1,-6.748050213E0
1.840174354E2,4.924050331E0,9.960000038E0,-9.793050766E0
1.840198791E2,5.239500403E-1,7.920000553E0,-2.794950247E0
1.840223225E2,3.492000103E0,9.358950615E0,-2.749050140E0
1.840247662E2,5.026950359E0,9.244050026E0,-5.943000317E0
1.840272096E2,1.363950014E0,8.791950226E0,-1.827000141E0
1.840296533E2,3.729000092E0,1.042500019E1,-1.687950134E0
1.840320967E2,2.532000065E0,8.016000748E0,-2.148000002E0
1.840345403E2,5.506050110E0,9.103050232E0,-2.641050100E0
1.840369840E2,7.438050270E0,1.021905041E1,-7.083000183E0
1.840394274E2,2.164050102E0,7.699950218E0,-5.818950176E0
1.840418711E2,8.059500456E-1,9.661050797E0,5.730000138E-1
1.840443145E2,3.313050270E0,7.944000244E0,1.111950040E0
1.840467582E2,3.732000113E0,5.196000099E0,4.290000200E-1
1.840492016E2,6.745950222E0,7.561050415E0,7.099500299E-1
1.840516453E2,7.587000370E0,6.381000519E0,-4.425000191E0
1.840540887E2,2.427000046E0,6.766050339E0,-1.921050072E0
1.840565323E2,3.151950121E0,1.055205059E1,-3.570000231E-1
1.840589758E2,4.378050327E0,7.326000214E0,-3.321000099E0
1.840614194E2,5.973000050E0,1.088400078E1,-3.441000223E0
1.840638629E2,9.943050385E0,1.115505028E1,-9.217950821E0
1.840663065E2,2.226000071E0,1.081305027E1,-6.214050293E0
1.840687500E2,-2.800500095E-1,1.231605053E1,-4.189500213E-1
1.840711936E2,1.855050087E0,1.008495045E1,-2.473950148E0
1.840736370E2,2.020050049E0,7.372050285E0,-2.401950121E0
1.840760806E2,6.387000084E0,7.872000217E0,-3.369000196E0
1.840785241E2,7.045950413E0,6.712950230E0,-7.006050110E0
1.840809678E2,2.566050053E0,8.739000320E0,-2.869050026E0
1.840834112E2,2.536950111E0,1.013700008E1,-5.539500117E-1
1.840858549E2,2.635050058E0,8.049000740E0,-2.639999986E-1
1.840882983E2,5.580000401E0,1.027095032E1,-1.128000021E0
1.840907420E2,7.804950237E0,9.958050728E0,-6.499050140E0
1.840931856E2,2.710050106E0,8.478000641E0,-7.264950275E0
1.840956290E2,3.730500042E-1,9.052950859E0,-2.337000132E0
1.840980727E2,2.692950010E0,8.289000511E0,-1.144950032E0
1.841005161E2,1.819050074E0,4.798050404E0,-5.749500394E-1
1.841029597E2,4.939050198E0,7.123050213E0,1.870950103E0
1.841054032E2,9.184050560E0,6.213000298E0,-3.396000147E0
1.841078469E2,3.708000183E0,6.129000187E0,-2.194050074E0
1.841102903E2,3.604950190E0,1.022805023E1,-1.020000100E0
1.841127340E2,2.851050138E0,7.297950268E0,-4.779000282E0
1.841151773E2,2.875050068E0,9.508050919E0,-4.072950363E0
1.841176210E2,8.784000397E0,9.883950233E0,-8.766000748E0
1.841200646E2,2.128050089E0,6.892950535E0,-8.788050652E0
1.841225081E2,9.930000305E-1,8.764950752E0,-1.495050073E0
1.841249517E2,5.628000259E0,6.321000099E0,-2.814000130E0
1.841273952E2,3.919050217E0,4.188000202E0,-3.874050140E0
1.841298388E2,7.206000328E0,6.778050423E0,-2.746950150E0
1.841322823E2,7.692000389E0,5.317950249E0,-7.131000519E0
1.841347259E2,1.261050105E0,8.313000679E0,-3.894000292E0
1.841371693E2,4.879500270E-1,8.301000595E0,-2.179500163E-1
1.841396130E2,1.966950059E0,6.048000336E0,4.870500267E-1
1.841420564E2,6.934950352E0,7.836000443E0,-8.959500194E-1
1.841445000E2,1.007205009E1,7.384050369E0,-5.533950329E0
1.841469435E2,2.662050009E0,7.417050362E0,-7.830000401E0
1.841493871E2,3.000000119E-2,1.025895023E1,-1.672050118E0
1.841518308E2,2.752950191E0,9.273000717E0,-2.380050182E0
1.841542742E2,2.062950134E0,7.171050549E0,-4.087950230E0
1.841567179E2,3.792000294E0,8.281949997E0,2.500500083E-1
1.841591614E2,8.182950020E0,7.093950272E0,-6.400050163E0
1.841616050E2,2.889000177E0,6.892950535E0,-5.104950428E0
1.841640484E2,2.728950024E0,1.023300076E1,-1.350000054E-1
1.841664921E2,4.603050232E0,7.171050549E0,-3.982050180E0
1.841689355E2,5.755050182E0,9.321000099E0,-2.883000135E0
1.841713791E2,1.116900063E1,9.204000473E0,-8.893050194E0
1.841738226E2,2.980050087E0,7.695000172E0,-7.606950283E0
1.841762662E2,6.289500594E-1,1.037895012E1,-1.350000054E-1
1.841787099E2,4.477050304E0,8.928000450E0,-2.281949997E0
1.841811534E2,2.632950068E0,6.703950405E0,-1.741050124E0
1.841835970E2,5.923050404E0,7.975050449E0,-1.993050098E0
1.841860404E2,6.919050217E0,6.378000259E0,-5.110050201E0
1.841884841E2,2.118000031E0,8.260050774E0,-2.794950247E0
1.841909275E2,1.239000082E0,9.934050560E0,1.540050030E0
1.841933711E2,2.542050123E0,7.753050327E0,7.620000243E-1
1.841958146E2,4.963050365E0,1.072905064E1,-3.979500234E-1
1.841982582E2,8.829000473E0,1.039605045E1,-5.782950401E0
1.842007017E2,2.472000122E0,9.349950790E0,-8.299050331E0
1.842031453E2,-7.320000529E-1,1.065900040E1,-2.023950100E0
1.842055888E2,2.275950193E0,9.661050797E0,-2.155050039E0
1.842080324E2,3.400950193E0,6.523950100E0,-3.882000208E0
1.842104758E2,6.483000278E0,7.611000538E0,-1.699950099E0
1.842129194E2,9.277050018E0,7.732950211E0,-6.724050522E0
1.842153629E2,1.837950110E0,7.498950481E0,-2.923950195E0
1.842178065E2,2.614050150E0,1.083600044E1,5.100000277E-2
1.842202502E2,3.175950050E0,6.760950089E0,-3.250050068E0
1.842226937E2,5.116050243E0,9.655950546E0,-2.194050074E0
1.842251373E2,1.043595028E1,9.088950157E0,-9.372000694E0
1.842275808E2,2.815050125E0,8.586000443E0,-8.280000687E0
1.842300244E2,7.150500417E-1,9.879000664E0,-2.050050020E0
1.842324679E2,2.053050041E0,8.847000122E0,-2.287050009E0
1.842349115E2,1.029000044E0,5.796000481E0,-1.465950012E0
1.842373549E2,4.261050224E0,6.642000198E0,-9.820500612E-1
1.842397986E2,7.359000206E0,4.549050331E0,-4.927950382E0
1.842422420E2,3.460950136E0,5.767950058E0,-4.674000263E0
1.842446856E2,1.852050066E0,7.839000225E0,-3.139500022E-1
1.842471291E2,3.564000130E0,5.830050468E0,-6.880500317E-1
1.842495728E2,5.227950096E0,7.812000275E0,-1.720050097E0
1.842520164E2,8.659049988E0,7.990050316E0,-5.436000347E0
1.842544599E2,2.082000017E0,6.730050087E0,-8.212950706E0
1.842569035E2,-1.039050102E0,8.310000420E0,-1.480050087E0
1.842593470E2,4.108050346E0,7.342950344E0,-1.711950064E0
1.842617906E2,3.318000078E0,3.850050211E0,-3.261000156E0
1.842642340E2,4.825950146E0,6.928950310E0,1.045050025E0
1.842666776E2,8.904000282E0,5.707950115E0,-4.654950142E0
1.842691211E2,2.881950140E0,5.920950413E0,-3.028950214E0
1.842715647E2,1.231950045E0,1.013295078E1,4.609500170E-1
1.842740082E2,2.664000034E0,7.216050148E0,-2.380050182E0
1.842764518E2,5.556000233E0,8.908950806E0,-4.051949978E0
1.842788953E2,1.015305042E1,9.745050430E0,-9.939000130E0
1.842813389E2,1.933950067E0,7.816950321E0,-8.914050102E0
1.842837823E2,6.000000052E-3,1.083600044E1,-1.396050096E0
1.842862260E2,3.211950064E0,9.156000137E0,-4.750500321E-1
1.842886694E2,3.246000051E0,6.172050476E0,-1.384050012E0
1.842911131E2,5.532000065E0,6.840000153E0,-2.042999983E0
1.842935567E2,8.010000229E0,6.067050457E0,-6.712050438E0
1.842960002E2,2.310000181E0,7.329000473E0,-6.799950123E0
1.842984438E2,-5.700000376E-2,7.744950294E0,-2.019000053E0
1.843008873E2,3.097050190E0,6.127050400E0,-2.956950188E0
1.843033309E2,5.194950104E0,6.261000156E0,-4.246050358E0
1.843057743E2,9.499950409E0,7.822050571E0,-6.637050152E0
1.843082180E2,4.567049980E0,4.759950161E0,-8.196000099E0
1.843106614E2,-1.240050077E0,8.667000771E0,-1.246050000E0
1.843131050E2,4.503000259E0,7.647000313E0,-3.000000026E-3
1.843155485E2,2.494050026E0,3.808950186E0,-4.734000206E0
1.843179922E2,2.836050034E0,6.193950176E0,-1.375050068E0
1.843204358E2,9.267000198E0,3.202950239E0,-2.536050081E0
1.843228793E2,2.752950191E0,4.374000072E0,-5.347050190E0
1.843253229E2,1.984050035E0,7.996950150E0,9.109500647E-1
1.843277664E2,4.357050419E0,4.096950054E0,-3.480000198E-1
1.843302100E2,5.713950157E0,7.471950531E0,-1.609050035E0
1.843326534E2,1.012905025E1,6.819000244E0,-7.345950127E0
1.843350970E2,2.213999987E0,6.510000229E0,-1.042305088E1
1.843375405E2,-2.509500086E-1,9.622950554E0,-4.532999992E0
1.843399841E2,3.538050175E0,8.016000748E0,-2.902050257E0
1.843424276E2,2.575050116E0,6.511950493E0,-2.220000029E0
1.843448712E2,4.246950150E0,6.532050133E0,2.505000122E-2
1.843473147E2,8.539950371E0,6.262950420E0,-3.211050034E0
1.843497583E2,2.092050076E0,7.008000374E0,-5.035950184E0
1.843522017E2,3.079500198E-1,9.538950920E0,1.051950097E0
1.843546453E2,2.923050165E0,6.961950302E0,-1.552050114E0
1.843570890E2,3.751050234E0,8.571000099E0,-1.960950136E0
1.843595325E2,1.033500004E1,1.051800060E1,-5.922000408E0
1.843619761E2,3.684000254E0,7.621050358E0,-8.206049919E0
1.843644196E2,-8.140500188E-1,1.089405060E1,2.601000071E0
1.843668632E2,1.857000113E0,1.059900093E1,-1.846050143E0
1.843693066E2,1.809000134E0,7.422000408E0,-1.732050061E0
1.843717503E2,4.527000427E0,9.771000862E0,1.093050003E0
1.843741937E2,6.301050186E0,9.145950317E0,-5.755950451E0
1.843766373E2,3.994950294E0,8.527950287E0,-3.034050226E0
1.843790808E2,4.057950020E0,1.171005058E1,-2.923950195E0
1.843815244E2,3.523950100E0,1.001505089E1,-1.722000122E0
1.843839679E2,4.479000092E0,1.306305027E1,-3.280500174E-1
1.843864115E2,8.746050835E0,1.323300076E1,-5.845050335E0
1.843888552E2,3.222000122E0,1.176300049E1,-5.080950260E0
1.843912987E2,1.860000044E-1,1.224900055E1,-3.597000122E0
1.843937423E2,2.290950060E0,1.101405048E1,-3.775950193E0
1.843961857E2,3.013950109E0,8.832000732E0,-6.550950527E0
1.843986294E2,2.652000189E0,8.196000099E0,-3.003000259E0
1.844010728E2,7.060050488E0,7.744950294E0,-4.545000076E0
1.844035164E2,3.436950207E0,7.345950127E0,-4.618950367E0
1.844059599E2,3.400950193E0,7.984950542E0,1.378050089E0
1.844084035E2,4.965000153E0,7.374000549E0,-1.473000050E0
1.844108470E2,4.084050179E0,7.390950203E0,4.530000091E-1
1.844132906E2,8.086950302E0,1.178505039E1,-3.790950298E0
1.844157340E2,2.796000242E0,7.501050472E0,-6.669000149E0
1.844181776E2,2.530499995E-1,8.731950760E0,2.425950050E0
1.844206211E2,2.009999990E0,1.003695011E1,-8.740500212E-1
1.844230647E2,1.168050051E0,5.662050247E0,7.549500465E-1
1.844255082E2,4.009950161E0,8.734050751E0,7.120500207E-1
1.844279519E2,6.085050106E0,7.366950512E0,-3.940950155E0
1.844303955E2,2.959050179E0,7.080000401E0,-2.716050148E0
1.844328389E2,2.365050077E0,1.018800068E1,-1.723950028E0
1.844352826E2,4.014000416E0,8.619000435E0,-2.449950218E0
1.844377260E2,6.066000462E0,9.136950493E0,-5.275050163E0
1.844401696E2,9.781949997E0,1.115205097E1,-8.494950294E0
1.844426131E2,3.603000164E0,9.940950394E0,-1.005405045E1
1.844450567E2,5.279999971E-1,1.143000031E1,-4.272000313E0
1.844475002E2,3.313050270E0,1.037895012E1,-5.823000431E0
1.844499438E2,2.146950006E0,7.057950497E0,-7.128000259E0
1.844523872E2,4.024050236E0,5.674050331E0,-4.114050388E0
1.844548309E2,7.768950462E0,6.225000381E0,-8.730000496E0
1.844572743E2,3.004050255E0,5.641050339E0,-8.071949959E0
1.844597179E2,1.669950128E0,8.578950882E0,-1.180500090E-1
1.844621616E2,1.354050040E0,6.358950138E0,1.800000072E-1
1.844646051E2,2.307000160E0,6.970050335E0,2.062050104E0
1.844670487E2,6.709950447E0,8.361000061E0,7.000500560E-1
1.844694921E2,4.363950253E0,2.674050093E0,-2.610000134E0
1.844719358E2,8.100000024E-2,6.586950302E0,-4.392000198E0
1.844743792E2,6.909000397E0,3.852000237E0,-5.968950272E0
1.844768228E2,7.444950581E0,1.417050123E0,-1.036095047E1
1.844792663E2,4.306950092E0,3.900000095E0,-1.007100010E1
1.844817099E2,6.262950420E0,3.184050083E0,-1.807950139E0
1.844841534E2,2.880000114E0,6.192000389E0,-1.849500090E-1
1.844865970E2,1.294050097E0,6.976950169E0,2.872050047E0
1.844890405E2,1.555050015E0,6.811950207E0,3.385950089E0
1.844914841E2,4.069050312E0,6.868950367E0,1.432950020E0
1.844939275E2,9.102000237E0,9.108000755E0,-3.838950157E0
1.844963712E2,3.940050125E0,5.988000393E0,-8.388000488E0
1.844988146E2,5.980500579E-1,8.188050270E0,-1.891950130E0
1.845012583E2,3.703050137E0,9.201000214E0,-5.497950077E0
1.845037019E2,1.504950047E0,7.003050327E0,-3.421950102E0
1.845061454E2,2.731050014E0,8.755949974E0,-2.020500153E-1
1.845085890E2,4.129050255E0,9.912000656E0,-7.018050194E0
1.845110324E2,5.310000181E-1,9.012000084E0,-3.154050112E0
1.845134761E2,7.369500399E-1,1.093200016E1,-1.305000067E0
1.845159195E2,1.359000087E0,8.404050827E0,-2.218050003E0
1.845183631E2,3.801000118E0,9.168000221E0,-1.642950058E0
1.845208066E2,8.094000816E0,1.143300056E1,-8.236949921E0
1.845232502E2,2.013000011E0,8.635950089E0,-5.419050217E0
1.845256937E2,1.101000071E0,1.083900070E1,-4.980000257E-1
1.845281373E2,2.395950079E0,9.369000435E0,1.005000062E-2
1.845305808E2,1.977000117E0,7.510950565E0,-2.850000262E-1
1.845330244E2,5.785950184E0,8.575950623E0,9.900000691E-2
1.845354681E2,7.213050365E0,7.611000538E0,-3.987000227E0
1.845379115E2,2.347950220E0,8.289000511E0,-4.072950363E0
1.845403551E2,2.640000105E0,1.120305061E1,-8.700000495E-2
1.845427986E2,3.495000124E0,8.296050072E0,-3.265950203E0
1.845452422E2,5.295000076E0,1.144695091E1,-3.927000284E0
1.845476857E2,8.157000542E0,1.124805069E1,-7.987950325E0
1.845501293E2,1.840050101E0,9.064949989E0,-7.066050529E0
1.845525727E2,5.689499974E-1,1.025205040E1,-3.760500252E-1
1.845550164E2,4.717950344E0,7.638000488E0,-4.875000000E0
1.845574598E2,2.728950024E0,5.172000408E0,-4.770000458E0
1.845599034E2,7.594050407E0,8.605050087E0,-2.887950182E0
1.845623469E2,7.213050365E0,4.753050327E0,-8.638950348E0
1.845647905E2,1.306050062E0,7.080000401E0,-3.550950050E0
1.845672342E2,2.689950228E0,8.326950073E0,-1.308000088E0
1.845696777E2,1.960050106E0,4.204050064E0,-6.090000272E-1
1.845721213E2,6.363000393E0,9.642000198E0,7.579500079E-1
1.845745647E2,6.676950455E0,6.280050278E0,-4.681050301E0
1.845770084E2,8.899500370E-1,7.990050316E0,-3.682950258E0
1.845794518E2,-4.380000234E-1,8.329950333E0,-3.450000286E-1
1.845818954E2,4.630050182E0,5.305950165E0,-2.032950163E0
1.845843389E2,2.986950159E0,4.738050461E0,-4.324950218E0
1.845867825E2,5.788950443E0,6.606000423E0,-3.979500234E-1
1.845892260E2,7.090950489E0,5.047050476E0,-5.404050350E0
1.845916696E2,2.890500128E-1,7.390950203E0,-1.317000031E0
1.845941130E2,5.329500437E-1,8.940000534E0,3.159000158E0
1.845965567E2,2.431950092E0,5.808000088E0,-1.327050090E0
1.845990001E2,9.580950737E0,8.647950172E0,-4.827000141E0
1.846014438E2,1.057005024E1,7.888950348E0,-1.381095028E1
1.846038872E2,6.430500150E-1,8.527950287E0,-9.757050514E0
1.846063309E2,1.290000081E0,1.167195034E1,-4.866000175E0
1.846087745E2,2.832000017E0,8.152050018E0,-5.826000214E0
1.846112180E2,1.974000096E0,7.429050446E0,-2.854050159E0
1.846136616E2,7.849950314E0,6.769050121E0,-4.444050312E0
1.846161050E2,7.263000488E0,5.866050243E0,-8.461950302E0
1.846185486E2,2.143949986E0,8.161950111E0,-6.523050308E0
1.846209921E2,1.918950081E0,7.273950577E0,-2.737050056E0
1.846234357E2,3.945000172E0,6.064950466E0,-3.597000122E0
1.846258792E2,7.338000298E0,8.647950172E0,-4.128000259E0
1.846283228E2,6.781950474E0,8.275050163E0,-2.620050192E0
1.846307663E2,-9.000000544E-3,8.281949997E0,-3.541950226E0
1.846332099E2,6.940500140E-1,9.211050034E0,-5.610000491E-1
1.846356536E2,7.005000114E0,6.487950325E0,-4.542000294E0
1.846380970E2,1.608000040E0,5.682000160E0,-5.047950268E0
1.846405407E2,5.269050121E0,7.657050133E0,2.734950066E0
1.846429841E2,5.949000359E0,6.081000328E0,-1.576050043E0
1.846454277E2,1.693950057E0,8.647950172E0,1.252950072E0
1.846478712E2,1.819050074E0,1.037400055E1,3.232950211E0
1.846503148E2,2.500950098E0,8.719950676E0,2.256000042E0
1.846527583E2,5.652000427E0,1.217505074E1,-1.650000095E0
1.846552019E2,1.132395077E1,1.113105011E1,-1.160805035E1
1.846576454E2,2.287950039E0,1.003200054E1,-6.688050270E0
1.846600890E2,2.926950216E0,1.260300064E1,-6.934050560E0
1.846625324E2,2.665950060E0,1.229895020E1,-2.935950041E0
1.846649760E2,1.588950038E0,9.354000092E0,-1.152000070E0
1.846674195E2,4.642050266E0,1.036995029E1,-3.154050112E0
1.846698631E2,5.856000423E0,9.852000237E0,-5.383050442E0
1.846723066E2,2.671050072E0,1.002495003E1,-3.496050119E0
1.846747503E2,3.694050074E0,9.556050301E0,-2.256000042E0
1.846771939E2,3.117000103E0,7.116000175E0,-3.409950256E0
1.846796374E2,7.765950203E0,1.040505028E1,-4.614000320E0
1.846820810E2,5.755050182E0,1.113300037E1,-9.412050247E0
1.846845244E2,-7.605000585E-2,6.619950294E0,-4.116000175E0
1.846869680E2,-1.365000010E0,1.114095020E1,2.670000196E-1
1.846894115E2,3.150000274E-1,4.741050243E0,-1.612050056E0
1.846918551E2,2.619000196E0,6.538950443E0,1.188000083E0
1.846942986E2,8.905950546E0,6.424050331E0,-1.075950027E0
1.846967422E2,8.832000732E0,2.884950161E0,-6.214050293E0
1.846991857E2,3.090000153E0,8.449049950E0,-4.308000088E0
1.847016293E2,4.057950020E0,6.634050369E0,-5.019000053E0
1.847040728E2,4.157999992E0,7.453050137E0,-4.735949993E0
1.847065164E2,8.532000542E0,8.445000648E0,-5.028000355E0
1.847089598E2,4.498050213E0,7.585050583E0,-6.858000278E0
1.847114035E2,-6.990000606E-1,9.726000786E0,-3.058050156E0
1.847138471E2,2.725950241E0,8.248050690E0,-3.139500022E-1
1.847162906E2,5.026950359E0,5.236050129E0,-4.353000164E0
1.847187342E2,4.426050186E0,5.776950359E0,-3.055950165E0
1.847211777E2,9.583950043E0,6.165000439E0,-4.693050385E0
1.847236213E2,4.480950356E0,5.866050243E0,-7.162050247E0
1.847260647E2,4.249500334E-1,9.747000694E0,1.584000111E0
1.847285084E2,1.713000059E0,7.942050457E0,-3.810000122E-1
1.847309518E2,2.128050089E0,8.313000679E0,-1.011000037E0
1.847333954E2,9.811050415E0,1.011600018E1,-5.827950478E0
1.847358389E2,3.969000101E0,7.201950550E0,-9.867000580E0
1.847382825E2,-6.010500193E-1,9.847950935E0,-1.681050062E0
1.847407262E2,5.070000291E-1,9.121950150E0,-1.509000063E0
1.847431697E2,1.125000000E0,5.892000198E0,-1.969500035E-1
1.847456133E2,3.985950232E0,6.667950153E0,1.489500105E-1
1.847480568E2,8.362050056E0,6.277950287E0,-4.320000172E0
1.847505004E2,3.424950123E0,5.581050396E0,-4.789050102E0
1.847529438E2,1.215000033E0,8.458950043E0,-2.151000023E0
1.847553874E2,1.708950043E0,6.345000267E0,-2.351999998E0
1.847578309E2,5.335950375E0,7.321950436E0,-3.336000204E0
1.847602745E2,9.784950256E0,8.406000137E0,-6.396000385E0
1.847627180E2,4.108050346E0,7.305000305E0,-9.147000313E0
1.847651616E2,-5.860500336E-1,9.627000809E0,-2.365950108E0
1.847676051E2,2.602050066E0,8.239050865E0,-2.434950113E0
1.847700487E2,2.121000051E0,5.605050087E0,-4.011000156E0
1.847724921E2,4.990950108E0,6.828000546E0,-1.039950013E0
1.847749357E2,9.435000420E0,4.506000042E0,-6.601950169E0
1.847773794E2,2.026950121E0,6.730050087E0,-6.475050449E0
1.847798229E2,1.657950044E0,8.571000099E0,-7.309500575E-1
1.847822665E2,3.559050083E0,6.193950176E0,-1.807950139E0
1.847847100E2,6.277050495E0,8.824950218E0,-2.196000099E0
1.847871536E2,9.940050125E0,7.894050598E0,-6.511050224E0
1.847895971E2,7.009500265E-1,9.164999962E0,-6.646950245E0
1.847920407E2,-6.580500603E-1,1.005405045E1,-1.594950080E0
1.847944841E2,3.772950172E0,8.578950882E0,-1.180950046E0
1.847969277E2,2.587050200E0,7.516050339E0,-1.987950087E0
1.847993712E2,4.780950069E0,8.409000397E0,3.340500295E-1
1.848018148E2,7.231950283E0,8.746050835E0,-3.919950247E0
1.848042583E2,2.109000206E0,9.025950432E0,-3.084000111E0
1.848067019E2,1.282950044E0,1.211700058E1,1.641000032E0
1.848091454E2,3.118950129E0,9.895050049E0,-1.236000061E0
1.848115891E2,6.234000206E0,1.131105042E1,-1.867950082E0
1.848140327E2,8.793000221E0,1.292205048E1,-1.113600063E1
1.848164761E2,1.915050149E0,1.034295082E1,-8.541000366E0
1.848189198E2,4.780500233E-1,1.016595078E1,-3.979950190E0
1.848213632E2,2.817000151E0,1.011300087E1,-4.677000046E0
1.848238068E2,1.974000096E0,6.711000443E0,-2.416050196E0
1.848262503E2,6.021000385E0,7.129950523E0,-3.352050066E0
1.848286939E2,7.182000160E0,6.678000450E0,-7.329000473E0
1.848311374E2,3.718050241E0,7.615950584E0,-5.770950317E0
1.848335810E2,2.142000198E0,7.257000446E0,-2.923950195E0
1.848360244E2,1.705950022E0,5.143050194E0,-1.039950013E0
1.848384681E2,2.213999987E0,8.955000877E0,-1.230000034E-1
1.848409115E2,4.171950340E0,7.645050526E0,-1.537950039E0
1.848433551E2,2.460000068E-1,6.072000504E0,1.540500075E-1
1.848457986E2,2.094000101E0,6.970050335E0,3.007950068E0
1.848482422E2,7.327950478E0,4.599000454E0,-3.814950228E0
1.848506859E2,2.282999992E0,4.623000145E0,-5.926050186E0
1.848531294E2,5.590050220E0,7.744950294E0,-8.190000653E-1
1.848555730E2,6.235950470E0,5.848950386E0,-4.867950439E0
1.848580164E2,1.407000065E0,8.976000786E0,7.960500121E-1
1.848604601E2,9.349500537E-1,1.150395012E1,7.720500231E-1
1.848629035E2,1.492950082E0,8.641050339E0,-6.300000101E-2
1.848653472E2,7.771050453E0,1.055595016E1,-4.747950077E0
1.848677906E2,7.998000145E0,8.698050499E0,-1.299705029E1
1.848702342E2,2.089050055E0,8.847000122E0,-7.510950565E0
1.848726777E2,2.793000221E0,9.472050667E0,-5.139000416E0
1.848751214E2,4.438050270E0,8.263050079E0,-3.292950153E0
1.848775650E2,2.235000134E0,8.646000862E0,-1.456050038E0
1.848800084E2,5.839050293E0,8.707950592E0,-1.815000057E0
1.848824521E2,5.391000271E0,7.306950569E0,-5.694000244E0
1.848848955E2,1.905000091E0,8.578950882E0,-3.124950171E0
1.848873391E2,3.114000082E0,9.057000160E0,-2.662950039E0
1.848897826E2,2.032050133E0,7.555950165E0,-3.544050217E0
1.848922262E2,6.901950359E0,1.012800026E1,-3.769050121E0
1.848946697E2,5.458050251E0,7.483950138E0,-8.397000313E0
1.848971133E2,-1.890000105E-1,6.769050121E0,-9.750000238E-1
1.848995568E2,2.173050165E0,7.918050289E0,7.840500474E-1
1.849020004E2,3.556950092E0,3.771000147E0,-2.778000116E0
1.849044438E2,4.861950397E0,6.280050278E0,3.270000219E-1
1.849068874E2,8.797950745E0,6.124050140E0,-3.460050106E0
1.849093309E2,4.029000282E0,5.586000443E0,-4.176000118E0
1.849117745E2,1.230000019E0,9.481050491E0,-6.610500216E-1
1.849142182E2,1.668000102E0,7.135050297E0,-1.159050107E0
1.849166616E2,3.990000248E0,7.936950207E0,-2.890050173E0
1.849191053E2,1.081695080E1,8.611950874E0,-8.701050758E0
1.849215488E2,5.034000397E0,7.756950378E0,-1.183995056E1
1.849239924E2,-1.411950111E0,9.220050812E0,-5.116950035E0
1.849264358E2,1.702050090E0,8.883000374E0,-9.289500713E-1
1.849288794E2,1.773000121E0,4.587000370E0,-2.521950006E0
1.849313229E2,5.203950405E0,6.610950470E0,1.780500114E-1
1.849337665E2,9.871050835E0,5.500050068E0,-5.944950104E0
1.849362100E2,3.531000137E0,5.554950237E0,-7.237950325E0
1.849386536E2,1.330050111E0,9.975000381E0,-1.255050063E0
1.849410973E2,8.640000224E-1,6.345000267E0,-1.276950002E0
1.849435407E2,4.941000462E0,9.076950073E0,5.250000358E-1
1.849459844E2,1.054395008E1,8.896950722E0,-5.079000473E0
1.849484279E2,1.713000059E0,8.026050568E0,-5.479050159E0
1.849508715E2,-6.150000095E-1,9.976950645E0,4.030500054E-1
1.849533149E2,3.718050241E0,7.807950497E0,-3.597000122E0
1.849557586E2,2.227950096E0,7.360050201E0,-4.059000015E0
1.849582020E2,4.378050327E0,8.064000130E0,-1.380000114E0
1.849606457E2,7.362000465E0,7.939050198E0,-4.047000408E0
1.849630891E2,3.615000248E0,8.848950386E0,-5.239050388E0
1.849655327E2,3.576000214E0,1.113105011E1,-2.706000090E0
1.849679762E2,3.538050175E0,8.266950607E0,-5.353950024E0
1.849704198E2,5.587050438E0,1.082205009E1,-5.554950237E0
1.849728633E2,9.481050491E0,1.148295021E1,-8.388000488E0
1.849753069E2,1.645950079E0,9.934050560E0,-6.766950130E0
1.849777504E2,7.219500542E-1,1.124295044E1,7.339500189E-1
1.849801941E2,3.021000147E0,8.497050285E0,-5.749500394E-1
1.849826374E2,1.852050066E0,7.999050617E0,-9.610500336E-1
1.849850811E2,6.688950539E0,9.354000092E0,-2.785050154E0
1.849875245E2,6.163950443E0,8.137949944E0,-6.807000160E0
1.849899682E2,4.279500246E-1,1.001505089E1,-3.244950056E0
1.849924118E2,-1.395000052E-2,9.699000359E0,2.662950039E0
1.849948553E2,6.169500351E-1,7.834050179E0,2.254050016E0
1.849972989E2,5.607000351E0,9.567000389E0,-1.429950118E0
1.849997424E2,9.097050667E0,9.205950737E0,-7.801050186E0
1.850021860E2,1.696950078E0,8.017950058E0,-6.678000450E0
1.850046294E2,1.279950023E0,1.041300011E1,-1.333950043E0
1.850070731E2,3.765000105E0,7.053000450E0,-2.377950191E0
1.850095165E2,2.013000011E0,7.858050346E0,-1.272000074E0
1.850119602E2,7.182000160E0,8.734050751E0,-4.720500112E-1
1.850144036E2,6.427950382E0,5.995050430E0,-5.749050140E0
1.850168473E2,1.266000032E0,8.779950142E0,-2.397000074E0
1.850192909E2,2.539950132E0,7.896000385E0,-1.837050080E0
1.850217344E2,2.974950075E0,6.529050350E0,-2.749050140E0
1.850241780E2,9.469050407E0,9.237000465E0,-5.301000118E0
1.850266214E2,6.921000481E0,6.442950249E0,-9.297000885E0
1.850290650E2,1.366050124E0,8.884950638E0,-5.079000473E0
1.850315085E2,1.954950094E0,9.819000244E0,-2.347050190E0
1.850339521E2,2.527950048E0,7.144050121E0,-2.347050190E0
1.850363956E2,2.535000086E0,7.141950130E0,-2.092950106E0
1.850388392E2,7.726050377E0,6.333000183E0,-3.894000292E0
1.850412827E2,5.560950279E0,5.629050255E0,-7.357950211E0
1.850437263E2,1.141050100E0,8.113950729E0,-2.704050064E0
1.850461700E2,4.759050369E0,6.843000412E0,2.380500138E-1
1.850486133E2,4.345050335E0,7.342950344E0,-2.152950048E0
1.850510570E2,9.475950241E0,1.003695011E1,-2.863950253E0
1.850535004E2,4.531949997E0,7.711950302E0,-9.901050568E0
1.850559441E2,-1.708950043E0,1.099695015E1,-3.010050058E0
1.850583876E2,1.903050065E0,9.457050323E0,-2.590950012E0
1.850608312E2,2.640000105E0,6.733050346E0,-3.670950174E0
1.850632746E2,4.879050255E0,7.993950367E0,-2.289000034E0
1.850657182E2,8.640000343E0,6.702000141E0,-6.384000301E0
1.850681617E2,4.045950413E0,7.822050571E0,-5.767950058E0
1.850706053E2,5.895000324E-2,9.727950096E0,-1.969500035E-1
1.850730488E2,1.359000087E0,8.470950127E0,8.220000267E-1
1.850754924E2,4.954950333E0,7.654050350E0,-2.449950218E0
1.850779361E2,1.093905067E1,9.634950638E0,-7.032000542E0
1.850803796E2,4.207950115E0,7.777050495E0,-1.050405025E1
1.850828232E2,-6.199500561E-1,9.151050568E0,-2.803950071E0
1.850852666E2,2.022000074E0,8.677050591E0,-1.212000012E0
1.850877103E2,1.158000112E0,5.286000252E0,-2.143050194E0
1.850901537E2,6.066000462E0,7.398000240E0,9.319500327E-1
1.850925973E2,9.106950760E0,5.172000408E0,-6.208950520E0
1.850950408E2,3.054000139E0,6.265950203E0,-4.669050217E0
1.850974844E2,1.306050062E0,9.093000412E0,-5.940000415E-1
1.850999279E2,1.294050097E0,5.626050472E0,-1.210050106E0
1.851023715E2,6.370050430E0,8.629050255E0,-1.935000062E0
1.851048150E2,9.184050560E0,7.422000408E0,-7.996950150E0
1.851072586E2,1.302000046E0,7.561050415E0,-6.939000130E0
1.851097020E2,-5.310000181E-1,9.759000778E0,-3.480000198E-1
1.851121456E2,4.477050304E0,7.492050171E0,-1.177950025E0
1.851145891E2,2.755050182E0,5.971050262E0,-2.706000090E0
1.851170328E2,5.881950378E0,7.125000477E0,-7.950000167E-1
1.851194764E2,7.792950153E0,5.430000305E0,-6.526950359E0
1.851219199E2,3.889500201E-1,8.248050690E0,-5.239050388E0
1.851243635E2,2.113049984E0,9.385950089E0,-9.900000691E-2
1.851268069E2,2.518050194E0,6.187050343E0,-1.648050070E0
1.851292505E2,7.435950279E0,1.027095032E1,-2.811000109E0
1.851316940E2,9.532950401E0,7.951050282E0,-9.469950676E0
1.851341376E2,3.750000298E-1,9.553050041E0,-5.503050327E0
1.851365811E2,4.759500325E-1,1.105005074E1,-2.341950178E0
1.851390247E2,2.580000162E0,7.255050182E0,-3.585000277E0
1.851414684E2,2.386050224E0,7.899000168E0,-2.373000145E0
1.851439119E2,7.323000431E0,7.279050350E0,-1.803000093E0
1.851463555E2,6.246000290E0,7.081950188E0,-5.119050026E0
1.851487989E2,-8.595000207E-2,9.079050064E0,-1.152000070E0
1.851512425E2,1.350000024E0,8.785050392E0,2.608050108E0
1.851536860E2,3.082950115E0,6.847950459E0,-1.450950027E0
1.851561296E2,8.973000526E0,9.850050926E0,-4.312950134E0
1.851585731E2,7.600950241E0,9.139050484E0,-1.011195087E1
1.851610167E2,-7.279500365E-1,1.040100002E1,-3.307050228E0
1.851634601E2,-4.189500213E-1,1.131495094E1,1.725000024E0
1.851659037E2,1.756950140E0,6.832950115E0,-1.363050103E0
1.851683472E2,2.556000233E0,8.545050621E0,6.300000101E-2
1.851707908E2,9.136050224E0,8.611950874E0,-4.851000309E0
1.851732345E2,5.140050411E0,7.245000362E0,-5.881050110E0
1.851756779E2,2.080049992E0,1.074495029E1,-2.529000044E0
1.851781214E2,1.933950067E0,8.470950127E0,-8.220000267E-1
1.851805651E2,3.480000257E0,9.469050407E0,-7.279500365E-1
1.851830084E2,9.319950104E0,1.042500019E1,-6.171000481E0
1.851854521E2,5.329050064E0,9.661050797E0,-1.029105091E1
1.851878957E2,-5.770500302E-1,1.060395050E1,-4.588050365E0
1.851903392E2,1.929000139E0,1.030005074E1,-1.284000039E0
1.851927828E2,1.654050112E0,6.607950211E0,-2.875950098E0
1.851952263E2,3.910950184E0,7.936950207E0,-4.099500179E-1
1.851976699E2,9.018000603E0,7.080000401E0,-5.361000061E0
1.852001134E2,3.925950289E0,6.703950405E0,-5.991000175E0
1.852025570E2,1.678050041E0,1.014495087E1,-1.710000038E0
1.852050004E2,2.202000141E0,6.856950283E0,-2.871000051E0
1.852074441E2,5.346000195E0,8.670000076E0,-2.521950006E0
1.852098875E2,9.946950912E0,8.373000145E0,-8.602950096E0
1.852123312E2,4.066950321E0,7.128000259E0,-9.982050896E0
1.852147748E2,6.340500116E-1,8.749050140E0,-4.092000008E0
1.852172183E2,4.263000011E0,6.904950142E0,-2.938050032E0
1.852196619E2,3.112050056E0,5.133000374E0,-3.385950089E0
1.852221054E2,5.677950382E0,6.241950512E0,-1.363050103E0
1.852245490E2,8.671050072E0,4.875000000E0,-4.425000191E0
1.852269924E2,8.800500631E-1,6.025950432E0,-5.095950127E0
1.852294361E2,1.464000106E0,7.249950409E0,3.960000277E-1
1.852318795E2,3.820050240E0,4.489050388E0,-2.637000084E0
1.852343232E2,6.619050503E0,8.212050438E0,-1.128000021E0
1.852367666E2,1.017000008E1,6.072000504E0,-7.255050182E0
1.852392102E2,-5.910000205E-1,8.191050529E0,-7.519050121E0
1.852416537E2,-8.190000653E-1,9.702000618E0,-3.000000026E-3
1.852440973E2,3.973950148E0,5.944950104E0,-2.470950127E0
1.852465410E2,3.366000175E0,6.898050308E0,-1.557000041E0
1.852489844E2,7.504950523E0,6.766050339E0,-2.256000042E0
1.852514281E2,6.519000530E0,6.838050365E0,-5.470950127E0
1.852538715E2,7.270500064E-1,8.056950569E0,-3.106050253E0
1.852563152E2,5.520000458E-1,8.513999939E0,1.234050035E0
1.852587586E2,2.500950098E0,6.816000462E0,-1.629000068E0
1.852612022E2,8.793000221E0,8.722050667E0,-5.385000229E0
1.852636457E2,8.791049957E0,9.076950073E0,-1.083495045E1
1.852660893E2,-5.100000501E-1,9.117000580E0,-6.001050472E0
1.852685328E2,-1.045950055E0,1.108095074E1,4.729500115E-1
1.852709764E2,5.020500422E-1,7.915050507E0,-1.296000004E0
1.852734198E2,7.699500322E-1,7.492050171E0,-9.105000645E-2
1.852758635E2,7.933950424E0,7.936950207E0,-2.977050066E0
1.852783072E2,6.330000401E0,6.354000092E0,-4.899000168E0
1.852807505E2,2.298000097E0,9.414000511E0,-1.675950050E0
1.852831942E2,1.756950140E0,8.263050079E0,-3.120000064E-1
1.852856377E2,2.985000134E0,8.325000763E0,-1.270500124E-1
1.852880813E2,8.587050438E0,1.096605015E1,-3.964950085E0
1.852905248E2,6.331950188E0,9.610950470E0,-7.960950375E0
1.852929684E2,-9.300000221E-2,1.107105064E1,-2.589000225E0
1.852954118E2,1.339950085E0,1.108500099E1,-6.730500460E-1
1.852978555E2,2.170950174E0,8.052000046E0,-1.624050021E0
1.853002989E2,2.431950092E0,8.526000023E0,1.639500111E-1
1.853027425E2,8.488950729E0,8.722050667E0,-4.564050198E0
1.853051860E2,4.486050129E0,7.657050133E0,-5.416050434E0
1.853076296E2,2.311950207E0,1.088400078E1,-1.252950072E0
1.853100731E2,3.282000065E0,8.404050827E0,-3.874050140E0
1.853125168E2,4.717950344E0,9.808950424E0,-2.254050016E0
1.853149602E2,8.668950081E0,1.184400082E1,-6.513000488E0
1.853174039E2,3.799050093E0,9.358950615E0,-7.308000565E0
1.853198472E2,4.519500136E-1,9.727950096E0,-2.437950134E0
1.853222909E2,2.725950241E0,8.530950546E0,-2.476050138E0
1.853247343E2,2.536950111E0,6.144000053E0,-3.807000160E0
1.853271780E2,4.636950016E0,7.185000420E0,-2.220000029E0
1.853296216E2,8.197050095E0,5.926050186E0,-5.815950394E0
1.853320651E2,2.623050213E0,6.558000088E0,-5.428050041E0
1.853345087E2,1.431000113E0,8.983050346E0,1.405950069E0
1.853369521E2,1.824000120E0,6.109950066E0,1.399500072E-1
1.853393958E2,6.138000488E0,8.962050438E0,3.000000026E-3
1.853418392E2,9.949950218E0,8.418000221E0,-7.789050579E0
1.853442828E2,1.294050097E0,8.281949997E0,-8.674950600E0
1.853467265E2,-2.659500241E-1,9.943050385E0,-1.996950150E0
1.853491700E2,3.211950064E0,5.647950172E0,-4.959000111E0
1.853516136E2,2.695050240E0,6.294000149E0,-2.950050116E0
1.853540571E2,7.201050282E0,6.486000538E0,-3.721050262E0
1.853565007E2,7.726050377E0,5.818050385E0,-6.136950493E0
1.853589441E2,8.830500245E-1,7.851000309E0,-4.200000286E0
1.853613878E2,7.099500299E-1,8.725049973E0,-7.999500632E-1
1.853638312E2,3.715050220E0,6.474000454E0,-2.428050041E0
1.853662748E2,8.491950035E0,8.478000641E0,-4.779000282E0
1.853687183E2,9.358050346E0,7.828950405E0,-9.396000862E0
1.853711619E2,-9.739500284E-1,9.421050072E0,-7.276950359E0
1.853736054E2,-1.240500063E-1,1.030500031E1,-5.320500135E-1
1.853760490E2,2.305050135E0,5.875050068E0,-2.107050180E0
1.853784924E2,2.110949993E0,7.228050232E0,5.830500126E-1
1.853809361E2,8.497050285E0,6.433050156E0,-1.645050049E0
1.853833798E2,5.587050438E0,5.452050209E0,-6.082050323E0
1.853858231E2,9.210000634E-1,9.346950531E0,-1.875000119E0
1.853882668E2,1.498050094E0,7.792950153E0,-1.083000064E0
1.853907103E2,2.607000113E0,8.278950691E0,-1.188000083E0
1.853931539E2,8.698050499E0,8.847000122E0,-7.030050278E0
1.853955974E2,5.311950207E0,8.563950539E0,-9.709050179E0
1.853980410E2,-1.362000108E0,9.520050049E0,-4.044000149E0
1.854004844E2,1.740000129E0,9.603000641E0,1.159950018E0
1.854029281E2,3.945000172E0,6.196050167E0,-1.750950098E0
1.854053715E2,3.892050266E0,7.554000378E0,-3.790500164E-1
1.854078151E2,8.803050041E0,7.530000210E0,-3.055950165E0
1.854102586E2,3.751050234E0,6.441000462E0,-5.493000031E0
1.854127022E2,1.138950109E0,1.022805023E1,-3.670500219E-1
1.854151457E2,1.620000124E0,7.269000530E0,-1.168950081E0
1.854175894E2,3.528000116E0,9.639000893E0,-3.450000286E-1
1.854200330E2,1.016100025E1,1.123605061E1,-7.270050526E0
1.854224764E2,3.769950151E0,9.522000313E0,-8.392050743E0
1.854249200E2,-1.075049996E0,1.151895046E1,-1.726950049E0
1.854273635E2,4.039500058E-1,1.014900017E1,6.000000052E-3
1.854298071E2,6.979500055E-1,7.911000252E0,-1.935000062E0
1.854322506E2,3.658050060E0,8.422950745E0,-1.735950112E0
1.854346942E2,8.546999931E0,7.738050461E0,-5.827950478E0
1.854371377E2,2.532000065E0,7.410000324E0,-5.871000290E0
1.854395813E2,5.500500202E-1,1.035495090E1,1.114050031E0
1.854420247E2,2.347950220E0,6.289950371E0,-1.372050047E0
1.854444684E2,5.700000286E0,9.277950287E0,-1.416000009E0
1.854469118E2,9.949950218E0,9.342000008E0,-8.112000465E0
1.854493554E2,2.641950130E0,8.428050041E0,-8.212950706E0
1.854517989E2,8.419500589E-1,1.030005074E1,-1.969050050E0
1.854542425E2,3.082950115E0,7.294950485E0,-2.931000233E0
1.854566860E2,2.628000021E0,6.982050419E0,-1.279050112E0
1.854591297E2,7.444950581E0,8.296050072E0,-9.889500737E-1
1.854615733E2,8.146950722E0,6.280050278E0,-5.803950310E0
1.854640167E2,1.303950071E0,9.076950073E0,-3.862050295E0
1.854664604E2,9.160500169E-1,1.014000034E1,1.969500035E-1
1.854689038E2,2.757000208E0,7.611000538E0,-1.095000029E0
1.854713474E2,6.631050110E0,9.871950150E0,-2.875950098E0
1.854737909E2,8.575950623E0,9.204000473E0,-8.704050064E0
1.854762345E2,5.205000192E-2,9.478950500E0,-5.827950478E0
1.854786780E2,1.519500017E-1,1.208100033E1,-1.060500070E-1
1.854811216E2,2.737950087E0,7.587000370E0,-4.179000378E0
1.854835650E2,2.053050041E0,8.782050133E0,-1.978050113E0
1.854860086E2,7.918950558E0,8.526000023E0,-4.228950024E0
1.854884521E2,6.210000515E0,7.711950302E0,-7.075950146E0
1.854908957E2,1.350000024E0,1.051800060E1,-4.092000008E0
1.854933392E2,1.930950046E0,8.503950119E0,-2.910000086E0
1.854957829E2,3.495000124E0,8.722050667E0,-2.680050135E0
1.854982265E2,9.247950554E0,9.253950119E0,-5.365950108E0
1.855006700E2,6.402000427E0,7.695000172E0,-9.019950867E0
1.855031136E2,1.399500072E-1,8.479949951E0,-4.186050415E0
1.855055571E2,2.527950048E0,8.121000290E0,-4.120500088E-1
1.855080007E2,2.511000156E0,4.972950459E0,-3.226050138E0
1.855104441E2,2.857950211E0,6.229950428E0,-1.614000082E0
1.855128877E2,7.869000435E0,5.196000099E0,-5.610000134E0
1.855153312E2,3.580950260E0,4.165950298E0,-7.405950546E0
1.855177748E2,4.230000079E-1,7.093950272E0,4.729500115E-1
1.855202183E2,2.761950016E0,3.888000250E0,-1.390500069E-1
1.855226619E2,5.935050488E0,6.031050205E0,-1.629000068E0
1.855251054E2,9.784950256E0,6.189000130E0,-3.067950249E0
1.855275490E2,2.719050169E0,6.345000267E0,-8.412000656E0
1.855299925E2,-1.566000104E0,7.249950409E0,-7.212000370E0
1.855324361E2,4.126950264E0,5.860950470E0,-6.154050350E0
1.855348798E2,3.567000151E0,3.735000134E0,-8.050050735E0
1.855373232E2,3.351000071E0,4.848000050E0,-2.752050161E0
1.855397669E2,7.837950230E0,3.997950077E0,-2.539499998E-1
1.855422103E2,2.281050205E0,4.780950069E0,-3.760050297E0
1.855446539E2,1.660950065E0,6.888000488E0,7.890000343E-1
1.855470974E2,2.650050163E0,3.745050192E0,-3.094050169E0
1.855495410E2,7.102950573E0,6.409050465E0,-3.846000195E0
1.855519845E2,1.076595020E1,5.557050228E0,-6.160950184E0
1.855544281E2,1.000500023E-1,7.650000572E0,-7.096950531E0
1.855568716E2,-1.609050035E0,9.868950844E0,1.567050099E0
1.855593152E2,2.134950161E0,7.075050354E0,-4.219500124E-1
1.855617586E2,1.716000080E0,6.754050255E0,4.080000222E-1
1.855642023E2,6.076050282E0,6.994050503E0,-1.590000093E-1
1.855666457E2,7.833000183E0,7.522950172E0,-6.343050480E0
1.855690894E2,2.395950079E0,8.287050247E0,-5.959950447E0
1.855715330E2,1.275000095E0,1.134900093E1,-2.650950193E0
1.855739765E2,1.096050024E0,9.694050789E0,-2.719950199E0
1.855764201E2,3.909000158E0,1.085100079E1,-2.016000032E0
1.855788636E2,6.741000175E0,1.294095039E1,-8.164950371E0
1.855813072E2,1.894950032E0,1.131300068E1,-3.070050240E0
1.855837506E2,8.370000124E-1,1.182105064E1,4.729500115E-1
1.855861943E2,2.271000147E0,1.015200043E1,-3.826950073E0
1.855886377E2,2.620950222E0,9.550950050E0,-1.557000041E0
1.855910813E2,4.797000408E0,1.015395069E1,-3.855000257E0
1.855935248E2,5.725950241E0,1.006995010E1,-3.223050117E0
1.855959684E2,2.512950182E0,1.087695026E1,-1.090050101E0
1.855984119E2,3.090000153E0,1.142295074E1,3.940500319E-1
1.856008555E2,3.591000080E0,9.627000809E0,-1.882050037E0
1.856032990E2,8.374050140E0,1.297200108E1,-3.355050087E0
1.856057426E2,6.315000534E0,1.074300098E1,-9.172950745E0
1.856081863E2,5.470499992E-1,1.145895100E1,-4.035000324E0
1.856106296E2,2.203950167E0,1.188795090E1,-1.096950054E0
1.856130733E2,2.370000124E0,8.743950844E0,-2.617050171E0
1.856155168E2,3.825000286E0,9.742050171E0,-8.460000157E-1
1.856179604E2,7.510050297E0,8.479949951E0,-5.340000153E0
1.856204039E2,3.471000195E0,7.923000336E0,-6.930000305E0
1.856228475E2,2.125050068E0,9.393000603E0,-3.123000145E0
1.856252910E2,2.748000145E0,6.910050392E0,-3.484050274E0
1.856277346E2,4.917000294E0,7.834050179E0,-2.332950115E0
1.856301780E2,9.301050186E0,9.651000023E0,-6.858000278E0
1.856326216E2,5.473050117E0,7.209000111E0,-9.954000473E0
1.856350653E2,4.609500170E-1,9.261000633E0,-3.112950087E0
1.856375087E2,2.101050138E0,9.256050110E0,-1.011000037E0
1.856399524E2,2.131950140E0,4.935000420E0,-2.773050070E0
1.856423958E2,4.266000271E0,7.879950523E0,9.079500437E-1
1.856448395E2,8.437050819E0,4.324050426E0,-4.368000031E0
1.856472829E2,2.929950237E0,5.710050106E0,-6.502950191E0
1.856497265E2,1.969950080E0,6.409050465E0,-1.801050067E0
1.856521700E2,4.369050026E0,3.856950283E0,-5.680050373E0
1.856546136E2,8.202000618E0,6.924000263E0,-4.437000275E0
1.856570571E2,9.643050194E0,6.412050247E0,-6.099000454E0
1.856595007E2,-4.240500331E-1,8.385000229E0,-6.568050385E0
1.856619442E2,-1.945950150E0,8.758049965E0,-9.220500588E-1
1.856643878E2,4.438050270E0,6.529050350E0,-3.288000107E0
1.856668313E2,2.487000227E0,5.473050117E0,-5.850000381E0
1.856692749E2,5.170950413E0,4.863000393E0,-2.329950094E0
1.856717184E2,7.395000458E0,3.666000128E0,-5.719950199E0
1.856741620E2,6.169500351E-1,6.916950226E0,-2.323050022E0
1.856766054E2,2.865000248E0,6.277950287E0,9.829500318E-1
1.856790491E2,2.487000227E0,4.993950367E0,-9.630000591E-1
1.856814925E2,7.873950481E0,8.530950546E0,-2.134050131E0
1.856839362E2,7.444950581E0,6.769050121E0,-8.992950439E0
1.856863798E2,-1.198950052E0,8.775000572E0,-3.580050230E0
1.856888233E2,-7.680000067E-1,9.139050484E0,1.275000095E0
1.856912669E2,2.659050226E0,7.441050529E0,-1.534950018E0
1.856937103E2,1.969950080E0,7.450950146E0,-7.189500332E-1
1.856961540E2,6.385050297E0,7.558950424E0,-2.656050205E0
1.856985974E2,4.836000443E0,5.956950188E0,-4.726950169E0
1.857010410E2,7.920000553E-1,8.536050797E0,-1.273950100E0
1.857034845E2,1.737000108E0,9.382950783E0,-3.810000122E-1
1.857059282E2,1.869000077E0,8.574000359E0,-9.630000591E-1
1.857083716E2,7.582050323E0,1.098000050E1,-4.605000019E0
1.857108153E2,4.941000462E0,9.627000809E0,-8.389950752E0
1.857132587E2,-2.460000068E-1,9.448050499E0,-2.076000214E0
1.857157024E2,1.606050134E0,9.795000076E0,-1.207050085E0
1.857181457E2,2.422049999E0,7.039050102E0,-3.384000063E0
1.857205894E2,3.294000149E0,7.999050617E0,-3.738000154E0
1.857230330E2,7.708950520E0,7.381050587E0,-4.341000080E0
1.857254765E2,4.857000351E0,6.910050392E0,-4.516050339E0
1.857279201E2,1.633950114E0,9.406949997E0,3.195000067E-2
1.857303636E2,1.891050100E0,7.863000393E0,2.055000067E0
1.857328072E2,4.165050030E0,8.634000778E0,2.310000062E-1
1.857352506E2,1.017495060E1,1.034595013E1,-4.590000153E0
1.857376942E2,3.828000069E0,8.513999939E0,-8.799000740E0
1.857401377E2,-4.000500143E-1,9.766050339E0,-2.062050104E0
1.857425813E2,2.880000114E0,9.828000069E0,-8.530500531E-1
1.857450248E2,2.688000202E0,5.643000126E0,-1.636050105E0
1.857474684E2,6.271950245E0,9.414000511E0,2.500500083E-1
1.857499121E2,8.769000053E0,7.048950195E0,-6.324000359E0
1.857523555E2,3.483000278E0,8.880000114E0,-6.103950500E0
1.857547992E2,8.850000501E-1,1.104495049E1,-3.769050121E0
1.857572426E2,1.327950120E0,8.338950157E0,-2.779950142E0
1.857596863E2,5.524950027E0,1.021395016E1,-3.850050211E0
1.857621297E2,1.044495010E1,1.030305004E1,-8.673000336E0
1.857645733E2,2.769000053E0,1.021905041E1,-7.813050270E0
1.857670168E2,3.319500089E-1,1.167405033E1,-1.090050101E0
1.857694604E2,2.628000021E0,8.562000275E0,-2.220000029E0
1.857719039E2,1.567050099E0,7.324050426E0,-2.644050121E0
1.857743475E2,8.077950478E0,8.179050446E0,-2.598000050E0
1.857767912E2,6.571950436E0,6.079050064E0,-8.062050819E0
1.857792346E2,1.426050067E0,8.916000366E0,-4.336950302E0
1.857816782E2,1.012050033E0,9.010050774E0,-1.390500069E-1
1.857841217E2,3.001950026E0,6.481050491E0,-7.200000435E-2
1.857865653E2,9.032999992E0,9.004950523E0,-2.512050152E0
1.857890088E2,8.761950493E0,7.305000305E0,-8.437950134E0
1.857914524E2,-4.800000042E-2,8.844000816E0,-5.299050331E0
1.857938959E2,1.318050027E0,8.626950264E0,-1.420500129E-1
1.857963395E2,4.462050438E0,5.689050198E0,-3.970050097E0
1.857987830E2,2.607000113E0,6.852000237E0,-2.955000162E0
1.858012266E2,8.154000282E0,7.321950436E0,-2.938050032E0
1.858036700E2,4.711050034E0,4.960950375E0,-5.577000141E0
1.858061137E2,1.218000054E0,9.109950066E0,-5.805000290E-2
1.858085571E2,1.989000082E0,7.312050343E0,-1.528050065E0
1.858110007E2,3.945000172E0,7.851000309E0,-1.911000133E0
1.858134442E2,1.014105034E1,8.610000610E0,-6.733050346E0
1.858158878E2,4.225049973E0,7.408050537E0,-1.022895050E1
1.858183313E2,-1.597050071E0,9.457050323E0,-2.596050024E0
1.858207750E2,1.855050087E0,7.954050541E0,-6.090000272E-1
1.858232186E2,3.492000103E0,5.965950489E0,-2.467050076E0
1.858256620E2,4.600950241E0,7.149000168E0,-3.570000231E-1
1.858281057E2,7.627050400E0,6.685050488E0,-2.548050165E0
1.858305491E2,2.235000134E0,7.140000343E0,-5.032950401E0
1.858329927E2,3.180000186E-1,9.903000832E0,5.179499984E-1
1.858354362E2,8.989500403E-1,7.711950302E0,-9.405000508E-2
1.858378798E2,3.640950203E0,9.972000122E0,-4.789500237E-1
1.858403233E2,1.061805058E1,1.050405025E1,-7.945050240E0
1.858427669E2,3.828000069E0,9.478950500E0,-8.979000092E0
1.858452106E2,-3.349500299E-1,1.191405010E1,-1.375050068E0
1.858476540E2,1.675050020E0,9.259050369E0,-3.289950132E0
1.858500976E2,2.082000017E0,8.491950035E0,-2.074050188E0
1.858525411E2,6.030000210E0,7.720950603E0,-3.477000237E0
1.858549847E2,8.800950050E0,8.023050308E0,-7.638000488E0
1.858574282E2,2.158950090E0,8.313000679E0,-6.594000340E0
1.858598718E2,1.141050100E0,9.579000473E0,-1.321950078E0
1.858623152E2,1.447950125E0,5.844000340E0,-3.619500101E-1
1.858647588E2,7.990950584E0,9.235050201E0,-1.867950082E0
1.858672023E2,9.186000824E0,7.747950554E0,-8.182050705E0
1.858696459E2,1.744950056E0,7.657050133E0,-5.586000443E0
1.858720894E2,5.950500369E-1,9.562950134E0,-7.450500131E-1
1.858745330E2,2.206950188E0,5.574000359E0,-2.661000013E0
1.858769765E2,1.218000054E0,5.731950283E0,-1.741050124E0
1.858794201E2,5.416950226E0,6.184050083E0,5.100000277E-2
1.858818636E2,7.611000538E0,3.385050058E0,-4.288949966E0
1.858843072E2,2.578050137E0,7.336050510E0,-1.981050134E0
1.858867506E2,3.046950102E0,6.663000107E0,2.020500153E-1
1.858891943E2,2.985000134E0,6.244050503E0,-2.064000130E0
1.858916379E2,8.491950035E0,9.040950775E0,-2.422950029E0
1.858940814E2,5.644950390E0,6.792000294E0,-9.304950714E0
1.858965250E2,-1.522950053E0,9.960000038E0,-2.863950253E0
1.858989685E2,1.186950088E0,9.586950302E0,-1.729500145E-1
1.859014121E2,2.893950224E0,6.022050381E0,-3.925050259E0
1.859038555E2,3.334050179E0,7.855950356E0,-2.986050129E0
1.859062992E2,9.088050842E0,5.458950043E0,-7.015950203E0
1.859087426E2,4.825950146E0,6.388050079E0,-8.407050133E0
1.859111862E2,1.852050066E0,1.011795044E1,-3.702000141E0
1.859136297E2,1.500000119E0,8.502000809E0,-1.404000044E0
1.859160733E2,3.052050114E0,9.828000069E0,-1.408050060E0
1.859185170E2,9.535950661E0,1.103295040E1,-5.758950233E0
1.859209605E2,3.696000099E0,9.406949997E0,-9.444000244E0
1.859234041E2,1.095000096E-2,1.043895054E1,-2.412000179E0
1.859258476E2,4.246950150E0,9.757050514E0,-1.617000103E0
1.859282912E2,2.917950153E0,7.993950367E0,-1.504050016E0
1.859307346E2,4.054950237E0,9.544050217E0,5.299500227E-1
1.859331782E2,7.966950417E0,7.686000347E0,-5.385000229E0
1.859356217E2,2.403000116E0,9.084000587E0,-5.224950314E0
1.859380653E2,-2.179500163E-1,1.100205040E1,1.381950021E0
1.859405088E2,1.792950034E0,8.410950661E0,-1.369500011E-1
1.859429524E2,6.562050343E0,1.116900063E1,-2.158050060E0
1.859453959E2,1.111095047E1,1.297695065E1,-8.898000717E0
1.859478395E2,3.255000114E0,9.748950005E0,-5.127000332E0
1.859502829E2,1.314000010E0,1.139205074E1,-2.644050121E0
1.859527265E2,2.812050104E0,9.847950935E0,-4.237950325E0
1.859551700E2,2.038950205E0,8.586000443E0,-4.427999973E0
1.859576136E2,6.801000118E0,8.847000122E0,-4.522950172E0
1.859600573E2,7.675050259E0,7.222950459E0,-8.620050430E0
1.859625008E2,2.341050148E0,7.876950264E0,-3.628050089E0
1.859649444E2,2.121000051E0,7.678050518E0,-1.767000079E0
1.859673879E2,2.089050055E0,4.693050385E0,-1.798950076E0
1.859698315E2,7.410000324E0,7.993950367E0,-4.284000397E0
1.859722750E2,6.138000488E0,6.037950516E0,-8.586000443E0
1.859747186E2,-1.338000059E0,7.362000465E0,-2.689050198E0
1.859771620E2,-1.614000082E0,5.818050385E0,3.805050135E0
1.859796056E2,3.387000084E0,2.727000237E0,1.069050074E0
1.859820491E2,5.239950180E0,3.025950193E0,-3.112950087E0
1.859844927E2,8.508000374E0,3.546000242E0,-3.690000176E-1
1.859869362E2,7.041000366E0,2.392050028E0,-4.328999996E0
1.859893798E2,1.371000051E0,6.558000088E0,-4.662000179E0
1.859918233E2,2.772000074E0,5.253000259E0,-5.095950127E0
1.859942669E2,2.167950153E0,6.486000538E0,-4.357950211E0
1.859967103E2,8.461050034E0,7.081950188E0,-2.878050089E0
1.859991540E2,5.974950314E0,4.249950409E0,-6.870000362E0
1.860015976E2,-9.100500345E-1,8.611950874E0,-4.213950157E0
1.860040411E2,3.562050104E0,7.044000149E0,-2.353950024E0
1.860064847E2,3.289050102E0,4.906050205E0,-4.774950027E0
1.860089282E2,4.267950058E0,4.317000389E0,-3.553950071E0
1.860113718E2,9.720000267E0,3.376050234E0,-4.870050430E0
1.860138153E2,3.931050301E0,4.650000095E0,-6.228000164E0
1.860162589E2,1.894950032E0,8.851950645E0,-2.400000095E-1
1.860187023E2,1.732950091E0,5.479950428E0,-9.700500369E-1
1.860211459E2,3.576000214E0,8.128950119E0,4.750500321E-1
1.860235894E2,8.779050827E0,9.358950615E0,-5.352000237E0
1.860260330E2,1.857000113E0,7.777050495E0,-6.970050335E0
1.860284765E2,-1.207050085E0,1.012500095E1,2.029050112E0
1.860309201E2,8.505000174E-2,8.916000366E0,8.050500154E-1
1.860333636E2,1.560000062E0,9.916950226E0,1.045050025E0
1.860358072E2,1.704000115E0,1.176795101E1,1.057050109E0
1.860382509E2,4.359000206E0,9.970050812E0,2.626950026E0
1.860406943E2,1.362000108E0,9.691950798E0,-3.160950184E0
1.860431379E2,4.729950428E0,1.398495102E1,-3.463050127E0
1.860455814E2,5.395950317E0,1.327395058E1,-6.439050198E0
1.860480250E2,5.769000053E0,1.353195095E1,-5.152950287E0
1.860504685E2,6.946950436E0,1.575900078E1,-9.982050896E0
1.860529121E2,1.651050091E0,1.231395054E1,-4.449000359E0
1.860553556E2,-1.395000052E-2,1.292895031E1,7.120500207E-1
1.860577992E2,2.097000122E0,1.252005100E1,-2.581950188E0
1.860602426E2,2.170950174E0,9.673050880E0,-3.574950218E0
1.860626863E2,5.757000446E0,9.922050476E0,-5.625000477E0
1.860651297E2,7.656000137E0,8.610000610E0,-7.875000477E0
1.860675733E2,4.290000439E0,8.698050499E0,-6.297000408E0
1.860700168E2,4.074000359E0,9.615000725E0,-2.625000238E0
1.860724605E2,3.382050276E0,8.196000099E0,-4.980000257E-1
1.860749039E2,7.207950115E0,1.106895065E1,-1.132950068E0
1.860773476E2,4.432950020E0,1.117905045E1,-4.279050350E0
1.860797909E2,-6.195000187E-2,7.675950527E0,-1.540500075E-1
1.860822346E2,1.495950103E0,9.184050560E0,2.722950220E0
1.860846782E2,4.930950165E0,4.422000408E0,-4.080000401E0
1.860871217E2,4.516950130E0,7.285950184E0,-4.542000294E0
1.860895653E2,9.061950684E0,5.581050396E0,-5.044950008E0
1.860920088E2,5.037000179E0,5.719950199E0,-7.255050182E0
1.860944524E2,1.048050046E0,9.591000557E0,-2.227050066E0
1.860968958E2,2.809950113E0,7.578000546E0,-5.890500546E-1
1.860993395E2,5.710050106E0,7.390950203E0,-2.625000238E0
1.861017829E2,1.306200027E1,7.279050350E0,-8.934000015E0
1.861042265E2,5.085000038E0,7.563000202E0,-1.436595058E1
1.861066700E2,-6.559500098E-1,9.505050659E0,-6.846000195E0
1.861091136E2,2.326050043E0,8.820000648E0,-3.582000256E0
1.861115571E2,2.712000132E0,5.278950214E0,-2.929050207E0
1.861140008E2,5.449050426E0,7.257000446E0,5.279999971E-1
1.861164444E2,7.639050484E0,4.468050003E0,-2.953050137E0
1.861188878E2,1.429050088E0,6.424050331E0,-2.136000156E0
1.861213315E2,9.090000391E-1,6.517050266E0,9.370500445E-1
1.861237749E2,1.510050058E0,5.011050224E0,-2.956950188E0
1.861262185E2,5.677950382E0,7.899000168E0,-3.964950085E0
1.861286620E2,7.960050583E0,6.124050140E0,-5.340000153E0
1.861311056E2,-7.060500383E-1,6.112950325E0,-4.413000107E0
1.861335491E2,-1.462950110E0,9.131999969E0,3.160950184E0
1.861359927E2,1.957950115E0,6.642000198E0,-1.300500035E-1
1.861384362E2,1.615050077E0,6.646050453E0,-8.839500546E-1
1.861408798E2,4.335000038E0,6.712950230E0,-9.510000348E-1
1.861433235E2,4.669950008E0,3.850050211E0,-6.541950226E0
1.861457669E2,1.957950115E0,7.306950569E0,-5.200950146E0
1.861482103E2,1.812000036E0,6.787950516E0,-2.773050070E0
1.861506540E2,1.918950081E0,5.863950253E0,-6.349500418E-1
1.861530974E2,6.540000439E0,7.243050575E0,-2.347050190E0
1.861555411E2,7.546050549E0,7.606950283E0,-7.557000160E0
1.861579847E2,6.700500250E-1,6.958050251E0,-5.485950470E0
1.861604282E2,1.369050026E0,7.021950245E0,-5.340000391E-1
1.861628718E2,3.034950256E0,4.795950413E0,-2.512050152E0
1.861653153E2,2.415000200E0,4.836000443E0,-1.096950054E0
1.861677589E2,6.346050262E0,5.713050365E0,-2.863950253E0
1.861702023E2,5.128050327E0,3.505050182E0,-5.608050346E0
1.861726459E2,6.150000095E-1,7.831950188E0,3.840000033E-1
1.861750894E2,1.270950079E0,6.496050358E0,1.789050102E0
1.861775330E2,3.301050186E0,6.828000546E0,1.801050067E0
1.861799765E2,9.811050415E0,9.268050194E0,-2.329950094E0
1.861824202E2,6.492000103E0,8.326950073E0,-8.545949936E0
1.861848638E2,-3.090000153E-1,1.092300034E1,-4.042050362E0
1.861873072E2,4.090500176E-1,1.126995087E1,-1.710000038E0
1.861897509E2,1.536000013E0,9.100950241E0,-3.376050234E0
1.861921943E2,3.670050144E0,9.204000473E0,-2.052000046E0
1.861946380E2,8.962950706E0,1.067805004E1,-6.795000553E0
1.861970814E2,5.683050156E0,8.401050568E0,-6.606000423E0
1.861995250E2,4.266000271E0,1.201395035E1,-4.036950111E0
1.862019685E2,3.504000187E0,1.005795002E1,-3.505950212E0
1.862044121E2,4.864050388E0,1.225605011E1,-7.500000596E-1
1.862068556E2,1.025895023E1,1.229205036E1,-8.761050224E0
1.862092992E2,4.519950390E0,1.192800045E1,-7.557000160E0
1.862117429E2,6.940500140E-1,1.277100086E1,-3.574950218E0
1.862141863E2,2.404950142E0,1.103505039E1,-1.570950031E0
1.862166300E2,1.965000153E0,9.235050201E0,-2.791950226E0
1.862190734E2,6.277050495E0,9.928950310E0,-2.263050079E0
1.862215170E2,7.933950424E0,8.131050110E0,-5.401950359E0
1.862239605E2,2.695050240E0,9.655950546E0,-3.064950228E0
1.862264041E2,3.274950266E0,1.133700085E1,1.920000017E-1
1.862288476E2,2.331000090E0,8.269950867E0,-3.450000286E-1
1.862312912E2,7.138950348E0,1.279500103E1,-4.800000042E-2
1.862337347E2,8.080050468E0,1.058700085E1,-5.931000233E0
1.862361783E2,1.500000119E0,1.005600071E1,-5.385000229E0
1.862386218E2,3.004050255E0,1.095900059E1,-2.818950176E0
1.862410654E2,4.359000206E0,8.092950821E0,-4.413000107E0
1.862435088E2,1.969950080E0,7.540050507E0,-4.288949966E0
1.862459524E2,6.636000156E0,6.445050240E0,-4.252950191E0
1.862483959E2,5.377050400E0,4.137000084E0,-8.227050781E0
1.862508396E2,1.756950140E0,5.665050507E0,-4.468050003E0
1.862532832E2,2.554050207E0,5.614950180E0,-2.400000095E0
1.862557267E2,3.106950045E0,3.886050224E0,-2.227050066E0
1.862581703E2,8.346000671E0,8.524050713E0,-2.194050074E0
1.862606137E2,5.844000340E0,3.388050079E0,-4.525950432E0
1.862630574E2,-1.233000040E0,7.603950500E0,-2.257950068E0
1.862655008E2,4.710000157E-1,6.381000519E0,9.630000591E-1
1.862679445E2,5.857950211E0,3.028950214E0,-3.943950176E0
1.862703879E2,4.654050350E0,4.104000092E0,-6.373950481E0
1.862728315E2,5.616000175E0,3.697050095E0,-3.285000086E0
1.862752750E2,4.036050320E0,2.334000111E0,-5.272950172E0
1.862777186E2,1.183950067E0,5.827950478E0,-3.826950073E0
1.862801621E2,3.787050247E0,4.678050041E0,-1.435050011E0
1.862826057E2,3.615000248E0,6.249000072E0,9.610500336E-1
1.862850492E2,8.643000603E0,7.669050217E0,-2.329500169E-1
1.862874929E2,5.038950443E0,7.030050278E0,-5.203050137E0
1.862899365E2,-4.639500082E-1,9.601050377E0,3.769500256E-1
1.862923799E2,5.279999971E-1,8.800950050E0,4.060500264E-1
1.862948235E2,1.519950032E0,6.972000122E0,-1.417950034E0
1.862972670E2,3.777000189E0,8.287050247E0,-1.210050106E0
1.862997106E2,6.397050381E0,8.619000435E0,-5.670000076E0
1.863021541E2,4.692000389E0,7.413000584E0,-6.463050365E0
1.863045977E2,4.242000103E0,1.071195030E1,-5.040000439E0
1.863070412E2,2.824050188E0,9.274950027E0,-4.183050156E0
1.863094848E2,3.562050104E0,1.108800030E1,-1.666950107E0
1.863119282E2,6.964050293E0,1.264395046E1,-7.084950447E0
1.863143719E2,1.441050053E0,1.136805058E1,-5.175000191E0
1.863168153E2,-7.129500508E-1,1.088895035E1,1.177050114E0
1.863192589E2,6.739500165E-1,1.038900089E1,-2.539499998E-1
1.863217024E2,8.989500403E-1,8.145000458E0,-1.969050050E0
1.863241460E2,5.767050266E0,7.908000469E0,-1.758000135E0
1.863265895E2,7.234950542E0,6.939000130E0,-6.106050491E0
1.863290331E2,2.271000147E0,8.674050331E0,-3.096000195E0
1.863314765E2,2.602050066E0,1.045095062E1,2.479500175E-1
1.863339202E2,1.816050053E0,7.780950546E0,-2.160000056E-1
1.863363638E2,7.728000164E0,1.162905025E1,-1.216950059E0
1.863388073E2,6.234000206E0,9.120000839E0,-7.654950142E0
1.863412509E2,1.516950130E0,8.362950325E0,-5.038050175E0
1.863436944E2,3.052050114E0,9.799950600E0,-4.213950157E0
1.863461380E2,4.966950417E0,6.679950237E0,-4.144950390E0
1.863485814E2,4.213050365E0,8.113950729E0,-3.003000259E0
1.863510251E2,8.769000053E0,7.156050205E0,-3.987000227E0
1.863534685E2,4.630050182E0,6.112950325E0,-5.005050182E0
1.863559121E2,1.795050144E0,1.012995052E1,-1.894050121E0
1.863583556E2,3.400950193E0,8.263050079E0,-1.602000117E0
1.863607992E2,3.756000280E0,8.320050240E0,-1.426950097E0
1.863632427E2,9.592950821E0,1.081695080E1,-3.384000063E0
1.863656863E2,5.518050194E0,6.970050335E0,-9.196950912E0
1.863681297E2,7.095000148E-2,1.073595047E1,-3.151050091E0
1.863705734E2,3.849000216E0,1.020705032E1,-1.219050050E0
1.863730168E2,3.436950207E0,8.299050331E0,-2.209950209E0
1.863754604E2,4.270950317E0,1.125300026E1,-5.010000467E-1
1.863779041E2,7.410000324E0,9.321000099E0,-4.746000290E0
1.863803476E2,2.185050011E0,8.947050095E0,-7.087950230E0
1.863827912E2,2.286000013E0,1.063500023E1,-3.930000305E0
1.863852346E2,4.045950413E0,7.884000301E0,-4.786950111E0
1.863876783E2,4.708950043E0,1.108995056E1,-2.608050108E0
1.863901217E2,9.754050255E0,9.285000801E0,-7.377000332E0
1.863925653E2,2.941950083E0,8.248050690E0,-9.333000183E0
1.863950088E2,8.710500598E-1,9.550950050E0,-2.464050055E0
1.863974524E2,3.319950104E0,6.397050381E0,-3.952950239E0
1.863998959E2,2.025000095E0,6.121950150E0,-2.956950188E0
1.864023395E2,4.764000416E0,6.927000523E0,-1.332000017E0
1.864047830E2,6.718050480E0,4.256999969E0,-3.430950165E0
1.864072266E2,1.732950091E0,5.020950317E0,-1.387050033E0
1.864096702E2,2.755050182E0,6.381000519E0,1.746000051E0
1.864121136E2,2.704950094E0,4.069950104E0,-5.800500512E-1
1.864145573E2,6.709950447E0,8.392050743E0,6.760500073E-1
1.864170008E2,7.491000175E0,7.185000420E0,-4.246050358E0
1.864194444E2,-8.380500674E-1,7.999050617E0,-1.554000020E0
1.864218878E2,-2.104050159E0,9.534000397E0,3.588000059E0
1.864243315E2,6.070500016E-1,6.115050316E0,-1.225950003E0
1.864267749E2,2.194950104E0,7.534950256E0,-1.339050055E0
1.864292185E2,7.225050449E0,5.847000122E0,-6.610950470E0
1.864316620E2,4.951050282E0,5.551950455E0,-7.534950256E0
1.864341056E2,9.570000172E-1,8.052000046E0,-3.393000126E0
1.864365491E2,7.440000176E-1,8.974050522E0,-8.940000534E-1
1.864389927E2,2.070000172E0,7.180050373E0,-8.359500170E-1
1.864414362E2,9.478050232E0,8.895000458E0,-4.449000359E0
1.864438798E2,6.616950512E0,7.494000435E0,-8.898000717E0
1.864463232E2,8.539500237E-1,8.797050476E0,-3.649050236E0
1.864487669E2,2.013000011E0,9.673050880E0,-2.694000244E0
1.864512103E2,2.046000004E0,5.856000423E0,-3.202050209E0
1.864536540E2,3.138000250E0,6.712950230E0,-1.609050035E0
1.864560976E2,7.819050312E0,5.779950142E0,-5.661000252E0
1.864585411E2,5.278950214E0,5.904000282E0,-6.060000420E0
1.864609847E2,8.659500480E-1,9.004950523E0,-1.120950103E0
1.864634281E2,1.186950088E0,7.492050171E0,3.619500101E-1
1.864658718E2,5.784000397E0,7.972950459E0,-6.300000548E-1
1.864683152E2,1.136505032E1,9.364050865E0,-6.043950081E0
1.864707588E2,2.905950069E0,7.747950554E0,-9.433950424E0
1.864732023E2,-4.789500237E-1,1.114995098E1,-1.116000056E0
1.864756459E2,3.943050146E0,8.418000221E0,-3.229950190E0
1.864780896E2,1.941000104E0,8.413050652E0,2.089500129E-1
1.864805331E2,4.921950340E0,9.160050392E0,1.609500051E-1
1.864829767E2,7.287000179E0,7.204050541E0,-4.678950310E0
1.864854202E2,3.283950090E0,9.289950371E0,-4.207050323E0
1.864878638E2,3.448950052E0,1.082400036E1,-1.327050090E0
1.864903072E2,3.160050154E0,1.044600010E1,-1.801050067E0
1.864927508E2,5.254950047E0,1.270200062E1,-2.245950222E0
1.864951943E2,7.213050365E0,1.372200108E1,-8.206049919E0
1.864976379E2,2.143949986E0,1.084800053E1,-5.020950317E0
1.865000814E2,1.633950114E0,1.347000027E1,-1.063950062E0
1.865025250E2,3.271950245E0,1.231905079E1,-3.337950230E0
1.865049685E2,1.792950034E0,1.156005096E1,-1.116000056E0
1.865074121E2,4.582050323E0,1.120005035E1,-3.574950218E0
1.865098555E2,5.158950329E0,8.494950294E0,-6.135000229E0
1.865122992E2,2.278950214E0,9.508050919E0,-3.883950233E0
1.865147426E2,3.184050083E0,8.458950043E0,-2.743950129E0
1.865171863E2,3.174000263E0,7.171050549E0,-2.230050087E0
1.865196299E2,9.187950134E0,1.003200054E1,-4.183050156E0
1.865220734E2,6.844050407E0,8.313000679E0,-9.295050621E0
1.865245170E2,1.675050020E0,6.711000443E0,-4.135050297E0
1.865269605E2,2.467950106E0,1.009200001E1,-1.573950052E0
1.865294041E2,1.723050117E0,5.119050026E0,-1.420050025E0
1.865318475E2,1.873950124E0,8.478000641E0,2.983950138E0
1.865342912E2,6.931050301E0,4.018050194E0,-1.008000016E0
1.865367346E2,5.536950111E0,4.702050209E0,-4.813050270E0
1.865391782E2,3.349050045E0,4.924950123E0,-3.252000093E0
1.865416217E2,5.374050140E0,3.280050039E0,-5.316000462E0
1.865440653E2,5.439000130E0,5.526000500E0,-6.184950352E0
1.865465088E2,1.016505051E1,6.196050167E0,-4.048950195E0
1.865489524E2,1.996050119E0,6.325950146E0,-6.292950153E0
1.865513959E2,-1.960950136E0,8.464050293E0,-2.385000229E0
1.865538395E2,3.562050104E0,6.694050312E0,-2.311050177E0
1.865562832E2,3.721950293E0,4.695000172E0,-4.843950272E0
1.865587266E2,5.836050510E0,5.229000092E0,-2.850000143E0
1.865611702E2,7.660950184E0,3.061950207E0,-4.279050350E0
1.865636137E2,1.876050115E0,6.316050529E0,-3.561000109E0
1.865660573E2,1.345050097E0,6.040950298E0,1.021050096E0
1.865685008E2,1.174950004E0,4.900950432E0,-6.540000439E-1
1.865709444E2,7.275000572E0,6.048000336E0,-1.405950069E0
1.865733879E2,1.012905025E1,7.030050278E0,-8.148000717E0
1.865758315E2,4.350000322E-1,6.928950310E0,-8.673000336E0
1.865782749E2,-1.252050042E0,9.120000839E0,1.305000018E-2
1.865807186E2,1.624950051E0,6.559950352E0,-1.471050024E0
1.865831620E2,1.824000120E0,6.579000473E0,1.129050016E0
1.865856056E2,6.852000237E0,6.000000477E0,-1.590000033E0
1.865880491E2,6.211950302E0,5.215050220E0,-5.076000214E0
1.865904927E2,2.674050093E0,7.714050293E0,-1.891950130E0
1.865929362E2,2.499000072E0,8.830050468E0,-2.260500044E-1
1.865953798E2,1.002000093E0,8.346000671E0,-3.240000010E-1
1.865978235E2,6.682050228E0,1.091100025E1,-2.505000114E0
1.866002669E2,6.117000103E0,9.241950035E0,-7.440000534E0
1.866027106E2,7.489500642E-1,9.868950844E0,-2.100000143E0
1.866051540E2,2.731050014E0,1.175295067E1,-2.007000208E0
1.866075976E2,2.290950060E0,9.433050156E0,-3.024000168E0
1.866100411E2,2.575050116E0,1.148100090E1,-3.070500195E-1
1.866124847E2,7.033950329E0,9.180000305E0,-5.281950474E0
1.866149282E2,4.672950268E0,8.707950592E0,-5.811000347E0
1.866173718E2,3.259950161E0,1.134195042E1,-2.794950247E0
1.866198153E2,3.664950132E0,1.063500023E1,-2.838000059E0
1.866222589E2,3.997950077E0,1.133400059E1,-1.714950085E0
1.866247023E2,8.595000267E0,1.210305023E1,-4.504050255E0
1.866271459E2,4.408950329E0,9.673050880E0,-8.196000099E0
1.866295894E2,1.042950034E0,1.126305008E1,-1.564050078E0
1.866320330E2,4.085999966E0,1.019205093E1,-2.826000214E0
1.866344765E2,2.362050056E0,9.156000137E0,-3.118050098E0
1.866369201E2,6.442050457E0,1.058505058E1,-1.834950089E0
1.866393635E2,7.098000526E0,7.471950531E0,-4.995000362E0
1.866418072E2,2.710050106E0,1.014900017E1,-2.485950232E0
1.866442508E2,3.619050264E0,1.042905045E1,1.039500013E-1
1.866466943E2,3.291000128E0,8.409000397E0,-9.679500461E-1
1.866491379E2,6.943050385E0,1.206000042E1,-1.401000023E0
1.866515814E2,9.184050560E0,1.041705036E1,-8.023950577E0
1.866540250E2,1.453050017E0,1.036500072E1,-8.371050835E0
1.866564685E2,1.192050099E0,1.180095100E1,-1.933050036E0
1.866589121E2,2.944050074E0,8.061000824E0,-3.112950087E0
1.866613555E2,2.299950123E0,9.850050926E0,7.410000563E-1
1.866637992E2,7.702050209E0,8.611950874E0,-2.206050158E0
1.866662426E2,5.190000057E0,7.999050617E0,-5.601000309E0
1.866686862E2,1.756950140E0,9.666000366E0,-3.613050222E0
1.866711297E2,2.580000162E0,8.242950439E0,-2.644050121E0
1.866735733E2,3.018000126E0,7.927050591E0,-3.136950254E0
1.866760170E2,7.989000320E0,1.002195072E1,-2.953050137E0
1.866784604E2,5.872050285E0,8.503950119E0,-8.557950020E0
1.866809041E2,4.879500270E-1,8.433000565E0,-4.711950302E0
1.866833475E2,1.657950044E0,8.758049965E0,-9.529500604E-1
1.866857911E2,1.905000091E0,4.912950039E0,-2.541000128E0
1.866882346E2,4.690050125E0,6.991050243E0,7.005000114E-2
1.866906782E2,7.510050297E0,5.775000095E0,-3.331050158E0
1.866931217E2,3.370050192E0,6.309000492E0,-3.514950275E0
1.866955653E2,1.156050086E0,8.362950325E0,9.559500217E-1
1.866980087E2,2.832000017E0,7.401000500E0,4.800000191E-1
1.867004524E2,4.927050114E0,7.855950356E0,6.469500065E-1
1.867028958E2,9.768000603E0,8.617050171E0,-3.853050232E0
1.867053394E2,3.733950138E0,6.843000412E0,-7.825050354E0
1.867077829E2,-1.429500133E-1,1.060905075E1,-6.829500198E-1
1.867102265E2,1.765950084E0,8.598000526E0,-1.993050098E0
1.867126700E2,2.362050056E0,6.948000431E0,-1.878000140E0
1.867151137E2,7.231950283E0,7.615950584E0,-2.863950253E0
1.867175570E2,7.845000267E0,6.808950424E0,-6.951000214E0
1.867200007E2,2.872050047E0,8.751000404E0,-4.827000141E0
1.867224444E2,1.764000058E0,1.106895065E1,-1.759950042E0
1.867248878E2,2.220000178E-1,9.153000832E0,-2.272950172E0
1.867273314E2,4.654050350E0,1.062600040E1,-2.638950109E0
1.867297749E2,7.572000504E0,8.539950371E0,-9.393000603E0
1.867322185E2,9.499500394E-1,7.831950188E0,-8.641050339E0
1.867346620E2,1.299000025E0,8.392050743E0,-1.573950052E0
1.867371056E2,1.869000077E0,6.337950230E0,-3.040950060E0
1.867395491E2,2.857950211E0,5.785050392E0,3.790500164E-1
1.867419927E2,7.588950157E0,5.794050217E0,-3.010050058E0
1.867444364E2,5.145000458E0,2.562000036E0,-4.677000046E0
1.867468798E2,1.194000006E0,4.975050449E0,-1.573950052E0
1.867493234E2,2.245050192E0,5.206950188E0,-2.520000041E-1
1.867517669E2,4.807050228E0,3.085950136E0,-3.385950089E0
1.867542105E2,9.619050026E0,6.045000076E0,-3.999000072E0
1.867566540E2,6.579000473E0,2.952000141E0,-6.537000179E0
1.867590976E2,-2.250000089E-1,5.872950077E0,-5.401950359E0
1.867615410E2,5.319000244E0,5.800950050E0,-1.681050062E0
1.867639846E2,4.060050011E0,3.490950108E0,-5.761050224E0
1.867664281E2,2.982000113E0,5.164050102E0,-4.987950325E0
1.867688717E2,7.125000477E0,2.980950117E0,-1.116000056E0
1.867713152E2,1.552950025E0,3.712950230E0,-4.960950375E0
1.867737588E2,1.725000024E0,5.980950356E0,-2.481000185E0
1.867762023E2,4.510050297E0,4.396049976E0,-8.170500398E-1
1.867786459E2,5.452950478E0,6.961950302E0,-1.897050142E0
1.867810893E2,1.034295082E1,7.021950245E0,-3.067950249E0
1.867835330E2,1.990950108E0,7.887000561E0,-6.321000099E0
1.867859767E2,1.740000099E-1,9.316050529E0,-2.184000015E0
1.867884201E2,4.990950108E0,7.932000160E0,-3.894000292E0
1.867908637E2,1.378050089E0,7.188000202E0,-3.774000168E0
1.867933072E2,2.664000034E0,8.590950012E0,3.889500201E-1
1.867957508E2,5.700000286E0,5.631000042E0,-4.351050377E0
1.867981943E2,2.590050220E0,7.492050171E0,-3.168000221E0
1.868006379E2,3.540000200E0,7.258950233E0,-1.099050045E0
1.868030813E2,3.351000071E0,7.444050312E0,-1.942050099E0
1.868055249E2,8.310000420E0,9.529050827E0,-4.327050209E0
1.868079684E2,8.377050400E0,1.151595020E1,-9.489000320E0
1.868104120E2,3.679500222E-1,1.063995075E1,-5.175000191E0
1.868128555E2,-7.849500179E-1,1.259595013E1,1.800000109E-2
1.868152991E2,1.399500072E-1,1.060695076E1,-4.789500237E-1
1.868177426E2,-7.660500407E-1,9.430950165E0,5.710500479E-1
1.868201862E2,1.459950089E0,8.812950134E0,1.357950091E0
1.868226296E2,3.636000156E0,9.067049980E0,-3.108000040E0
1.868250733E2,2.820000172E0,8.806050301E0,-8.700000495E-2
1.868275170E2,5.929950237E0,1.067805004E1,-5.869500041E-1
1.868299604E2,6.327000141E0,8.719950676E0,-3.642000198E0
1.868324040E2,1.189200020E1,1.221300030E1,-6.688050270E0
1.868348475E2,6.889950275E0,1.373400021E1,-8.188950539E0
1.868372911E2,3.540000021E-1,1.330695057E1,-1.126049995E0
1.868397346E2,2.460000068E-1,1.401405048E1,2.740500271E-1
1.868421782E2,8.010000587E-1,1.022400093E1,-1.080000028E-1
1.868446217E2,2.379000187E0,9.412050247E0,5.179499984E-1
1.868470653E2,8.779050827E0,8.218950272E0,-6.376050472E0
1.868495087E2,7.093050480E0,6.181950092E0,-7.344000340E0
1.868519523E2,3.993000269E0,9.164999962E0,-5.368050098E0
1.868543958E2,3.655050278E0,9.936000824E0,-4.851000309E0
1.868568394E2,4.477050304E0,9.820950508E0,-2.055000067E0
1.868592829E2,8.604000092E0,1.423200035E1,-4.906050205E0
1.868617265E2,3.688950062E0,1.011795044E1,-3.570000172E0
1.868641700E2,2.100000083E-1,1.044105053E1,2.461950064E0
1.868666136E2,1.380000114E-1,1.117200089E1,-1.746000051E0
1.868690571E2,1.974000096E0,6.769050121E0,-1.437000036E0
1.868715007E2,8.370000839E0,7.924950600E0,-4.377000332E0
1.868739444E2,8.671050072E0,5.647950172E0,-9.070050240E0
1.868763878E2,4.005000114E0,5.953950405E0,-6.690000534E0
1.868788314E2,3.724950075E0,9.607950211E0,-3.285000086E0
1.868812749E2,2.566050053E0,4.908000469E0,-5.236950397E0
1.868837185E2,6.306000233E0,9.345000267E0,-3.589950085E0
1.868861620E2,8.560950279E0,5.157000065E0,-7.735950470E0
1.868886056E2,3.990000188E-1,7.566000462E0,-7.734000206E0
1.868910491E2,1.720500141E-1,8.020950317E0,5.560500026E-1
1.868934927E2,5.101050377E0,3.414000273E0,-2.514000177E0
1.868959362E2,2.413050175E0,3.828000069E0,-4.019999981E0
1.868983798E2,4.903050423E0,4.176000118E0,-3.810000122E-1
1.869008232E2,5.868000507E0,1.233000040E0,-4.060950279E0
1.869032668E2,1.825950146E0,4.884000301E0,-4.969050407E0
1.869057103E2,5.233050346E0,6.436050415E0,3.127950191E0
1.869081539E2,3.439950228E0,6.915000439E0,2.295000076E0
1.869105976E2,4.512000084E0,1.063500023E1,1.669950128E0
1.869130411E2,3.694050074E0,9.745050430E0,-2.658000231E0
1.869154847E2,0.000000000E0,1.061100006E1,8.460000157E-1
1.869179282E2,1.020000055E-1,1.266300106E1,1.380000114E0
1.869203718E2,1.945950150E0,1.002705002E1,1.468950033E0
1.869228153E2,4.519500136E-1,1.059900093E1,-2.364000082E0
1.869252589E2,1.302000046E0,1.049895096E1,4.489500225E-1
1.869277023E2,2.542050123E0,9.855000496E0,2.686950207E0
1.869301460E2,5.305050373E0,1.062300014E1,-3.709050179E0
1.869325894E2,4.234950066E0,1.117905045E1,-1.060005093E1
1.869350330E2,3.937950134E0,1.138695049E1,-1.173000050E1
1.869374765E2,4.780950069E0,1.441800022E1,-1.424595070E1
1.869399201E2,2.146950006E0,1.048005009E1,-1.142805099E1
1.869423636E2,1.042950034E0,5.298000336E0,-2.790000200E0
1.869448072E2,7.129500508E-1,1.110495090E1,-4.723950386E0
1.869472507E2,-8.280000687E-1,4.384050369E0,-1.665000081E0
1.869496943E2,1.567050099E0,1.519950032E0,2.328000069E0
1.869521380E2,4.171950340E0,3.274950266E0,2.424000025E0
1.869545814E2,3.205050230E0,2.037000179E0,2.662950039E0
1.869570251E2,4.900050163E0,4.726050377E0,5.605950356E0
1.869594685E2,5.355000019E0,3.346950054E0,1.450500041E-1
1.869619121E2,7.833000183E0,5.467950344E0,-3.247050047E0
1.869643556E2,8.487000465E0,5.032950401E0,-7.428000450E0
1.869667992E2,9.880500436E-1,4.221000195E0,-9.168000221E0
1.869692427E2,1.639050126E0,5.854050159E0,-5.740050316E0
1.869716864E2,7.824000359E0,3.823950291E0,-5.680050373E0
1.869741297E2,6.129000187E0,5.200050354E0,-3.522000074E0
1.869765734E2,6.787050247E0,7.063050270E0,2.599050045E0
1.869790168E2,5.962950230E0,7.666050434E0,9.870000482E-1
1.869814605E2,3.262950182E0,8.230950356E0,2.209500074E-1
1.869839039E2,1.780950069E0,1.095405006E1,2.410050154E0
1.869863476E2,3.667050123E0,1.006800079E1,1.171950102E0
1.869887910E2,8.413050652E0,1.131795025E1,-6.630000114E0
1.869912347E2,5.973000050E0,9.498000145E0,-1.413195038E1
1.869936783E2,7.609500289E-1,1.149000072E1,-9.919950485E0
1.869961218E2,1.375950098E0,1.180605030E1,-9.135000229E0
1.869985654E2,1.093050003E0,1.138500023E1,-7.012950420E0
1.870010088E2,2.452950001E0,1.065195084E1,-4.449000359E0
1.870034525E2,6.576000214E0,1.024500084E1,-6.058050156E0
1.870058959E2,3.727050066E0,8.334000587E0,-6.520050526E0
1.870083395E2,2.680950165E0,9.782999992E0,-3.442950249E0
1.870107832E2,1.777950048E0,8.088000298E0,-1.686000109E0
1.870132266E2,5.335950375E0,7.633050442E0,3.000000026E-3
1.870156703E2,9.538050652E0,9.699000359E0,-5.172000408E0
1.870181138E2,3.943050146E0,6.579000473E0,-3.766950130E0
1.870205574E2,1.126950026E0,9.898050308E0,5.536950111E0
1.870230009E2,3.070950031E0,9.007050514E0,4.969050407E0
1.870254445E2,3.208050251E0,8.392050743E0,1.129050016E0
1.870278879E2,4.216050148E0,1.111200047E1,2.215950012E0
1.870303315E2,5.980050087E0,1.040805054E1,-1.260000110E0
1.870327750E2,3.066000223E0,9.268050194E0,-3.100950241E0
1.870352186E2,5.089050293E0,1.230900097E1,-5.778000355E0
1.870376621E2,2.200050116E0,1.132500076E1,-4.732050419E0
1.870401057E2,5.089050293E0,1.144005013E1,-4.285950184E0
1.870425492E2,6.919050217E0,9.469050407E0,-1.098795033E1
1.870449928E2,2.080049992E0,7.096950531E0,-8.212950706E0
1.870474365E2,1.989000082E0,7.585050583E0,-6.357000351E0
1.870498799E2,4.137000084E0,7.015050411E0,-8.356950760E0
1.870523235E2,2.881950140E0,4.635000229E0,-8.236949921E0
1.870547670E2,5.635050297E0,4.231050014E0,-7.870050430E0
1.870572106E2,3.121050119E0,4.494000435E0,-4.762950420E0
1.870596541E2,-8.899500370E-1,5.896950245E0,2.239950180E0
1.870620977E2,-3.085950136E0,6.381000519E0,8.587050438E0
1.870645411E2,-1.309050083E0,1.210950017E0,3.922950268E0
1.870669847E2,2.355000019E0,3.169950247E0,2.011950016E0
1.870694282E2,3.361050129E0,3.436050177E0,8.986950874E0
1.870718718E2,6.238950253E0,3.663000107E0,6.327000141E0
1.870743153E2,1.173105049E1,4.171050072E0,-5.244000435E0
1.870767589E2,1.435995102E1,2.239050150E0,-1.430895042E1
1.870792024E2,9.547950745E0,5.962050438E0,-2.027805138E1
1.870816460E2,4.498050213E0,7.944000244E0,-1.718205070E1
1.870840894E2,1.279500127E-1,7.732950211E0,-1.544400120E1
1.870865330E2,2.890500128E-1,7.362000465E0,4.903950214E0
1.870889765E2,1.879050136E0,1.265895081E1,7.488000393E0
1.870914202E2,4.065000057E0,1.274205017E1,3.955950260E0
1.870938638E2,5.416950226E0,1.019205093E1,4.062000275E0
1.870963073E2,5.689950466E0,9.283050537E0,3.841050148E0
1.870987509E2,3.901950121E0,1.076895046E1,-1.111050010E0
1.871011943E2,2.740950108E0,1.318995094E1,2.223000050E0
1.871036379E2,1.705950022E0,1.035495090E1,5.640000105E-1
1.871060814E2,4.441050053E0,9.205950737E0,1.026000023E0
1.871085250E2,7.558050156E0,9.678000450E0,-1.788600159E1
1.871109685E2,1.894950032E0,9.156000137E0,-1.627200127E1
1.871134121E2,1.669500023E-1,8.458950043E0,-1.418895054E1
1.871158555E2,5.929500461E-1,7.513050556E0,-2.866050243E0
1.871182992E2,3.418050051E0,1.140405083E1,1.921050072E0
1.871207426E2,3.400950193E0,1.361595058E1,3.013050079E0
1.871231862E2,6.790500283E-1,8.763000488E0,3.765000105E0
1.871256297E2,1.170000076E0,9.204000473E0,3.600000143E0
1.871280733E2,3.169050217E0,1.204095078E1,4.435050011E0
1.871305168E2,1.989000082E0,9.457050323E0,7.530000210E-1
1.871329605E2,2.496000051E0,1.065405083E1,2.800050020E0
1.871354041E2,1.600950122E0,9.283050537E0,1.720050097E0
1.871378475E2,7.917000294E0,8.370000839E0,3.862950087E0
1.871402911E2,1.180500031E1,6.787950516E0,-1.801995087E1
1.871427346E2,8.628000259E0,5.650050163E0,-2.041695023E1
1.871451782E2,1.028700066E1,8.466000557E0,-2.437395096E1
1.871476217E2,5.616000175E0,7.039050102E0,-2.020605087E1
1.871500653E2,1.564950109E0,6.271050453E0,-7.204950333E0
1.871525088E2,3.949950218E0,8.728950500E0,2.505000122E-2
1.871549524E2,2.704950094E0,6.895050526E0,5.950950146E0
1.871573958E2,1.117050052E0,7.920000553E0,2.307000160E0
1.871598394E2,-2.338950157E0,7.563000202E0,8.110050201E0
1.871622829E2,-7.350000143E-1,8.860500455E-1,4.897050381E0
1.871647265E2,2.185050011E0,6.711000443E0,5.127000332E0
1.871671700E2,2.914950132E0,5.353950024E0,6.616050243E0
1.871696136E2,8.056050301E0,4.510950089E0,5.800500512E-1
1.871720571E2,1.270800018E1,7.614000320E0,-6.262050152E0
1.871745007E2,9.118950844E0,6.249000072E0,-1.563300037E1
1.871769444E2,3.423000097E0,9.615000725E0,-1.936995125E1
1.871793879E2,4.021950245E0,9.289950371E0,-1.961700058E1
1.871818315E2,-7.009500265E-1,7.140000343E0,-1.096605015E1
1.871842749E2,7.410000563E-1,6.922050476E0,6.475050449E0
1.871867185E2,2.082000017E0,1.358295059E1,7.393950462E0
1.871891620E2,3.271950245E0,9.139050484E0,3.123000145E0
1.871916056E2,4.408950329E0,8.434950829E0,4.489950180E0
1.871940491E2,6.540000439E0,8.313000679E0,-3.405000269E-2
1.871964927E2,1.017705059E1,1.245705032E1,4.560000300E-1
1.871989362E2,1.251405048E1,1.200000095E1,-1.126095009E1
1.872013798E2,1.225050092E0,1.081005096E1,-7.261950493E0
1.872038232E2,8.320500255E-1,1.190700054E1,-5.830950260E0
1.872062668E2,9.190500379E-1,1.380795097E1,-2.899950027E0
1.872087103E2,7.304999977E-2,8.875950813E0,1.167000055E0
1.872111540E2,1.402050018E0,1.018995094E1,2.190000117E-1
1.872135976E2,7.699500322E-1,1.179195023E1,3.670500219E-1
1.872160411E2,-5.860500336E-1,8.667000771E0,3.790500164E-1
1.872184847E2,-1.950000064E-3,9.193950653E0,1.366050124E0
1.872209282E2,1.810500026E-1,9.346950531E0,-5.800500512E-1
1.872233718E2,4.524000168E0,1.100595093E1,9.780000448E-1
1.872258152E2,3.526050091E0,9.976950645E0,-7.891950607E0
1.872282588E2,1.548000097E0,5.923050404E0,-3.448050261E0
1.872307023E2,4.467000008E0,4.935000420E0,-5.160000324E0
1.872331459E2,4.897950172E0,4.528050423E0,-5.481000423E0
1.872355894E2,6.639000416E0,4.675950050E0,-5.602950096E0
1.872380331E2,6.997950554E0,3.478950262E0,-6.202050209E0
1.872404764E2,4.230000019E0,3.153000116E0,-3.853050232E0
1.872429201E2,3.315000057E0,5.410950184E0,8.410500288E-1
1.872453635E2,3.193050146E0,5.421000481E0,1.090050101E0
1.872478072E2,5.367000103E0,5.404050350E0,7.530000210E-1
1.872502508E2,7.528950214E0,7.762050152E0,-1.738950133E0
1.872526943E2,1.600950122E0,4.314000130E0,-4.842000008E0
1.872551379E2,-1.120500043E-1,6.697050095E0,-5.581950188E0
1.872575814E2,3.282000065E0,6.412050247E0,-5.752050400E0
1.872600250E2,4.361999989E0,3.385050058E0,-6.067950249E0
1.872624685E2,6.591000080E0,5.526000500E0,-7.842000484E0
1.872649121E2,6.564000130E0,4.269000053E0,-6.076950073E0
1.872673555E2,3.033000231E0,5.940000057E0,-6.172950268E0
1.872697991E2,4.309050083E0,6.520050526E0,-6.241950512E0
1.872722426E2,3.253050089E0,4.615950108E0,-9.096000671E0
1.872746862E2,8.821949959E0,5.734050274E0,-7.453950405E0
1.872771299E2,8.686050415E0,5.242950439E0,-4.770000458E0
1.872795733E2,7.870500088E-1,6.991050243E0,-4.270500243E-1
1.872820170E2,1.540950060E0,8.028000832E0,3.444000244E0
1.872844605E2,2.614050150E0,6.273000240E0,1.584000111E0
1.872869041E2,3.559050083E0,5.767950058E0,3.910500109E-1
1.872893475E2,7.813950539E0,6.414000511E0,-2.482950211E0
1.872917912E2,5.692950249E0,5.418000221E0,-7.923000336E0
1.872942346E2,2.161050081E0,7.795950413E0,-5.124000072E0
1.872966782E2,1.267950058E0,8.181000710E0,-3.585000277E0
1.872991217E2,1.704000115E0,7.662000179E0,-4.630500078E-1
1.873015653E2,8.341050148E0,9.388050079E0,-4.993050098E0
1.873040090E2,3.733950138E0,8.428050041E0,-5.682000160E0
1.873064524E2,-5.070000291E-1,9.357000351E0,8.460000157E-1
1.873088961E2,6.900000572E-2,1.068105030E1,-9.460500479E-1
1.873113394E2,1.732950091E0,1.017300034E1,-2.089500129E-1
1.873137831E2,4.710000157E-1,9.340050697E0,-4.800000042E-2
1.873162265E2,1.290000081E0,1.033605003E1,2.254050016E0
1.873186702E2,2.049000025E0,1.069500065E1,1.387050033E0
1.873211137E2,2.695050240E0,1.212705040E1,-7.309500575E-1
1.873235573E2,4.510050297E0,1.230195045E1,-3.463050127E0
1.873260008E2,5.737950325E0,1.276395035E1,-3.082050085E0
1.873284444E2,6.852000237E0,1.499505043E1,-9.622950554E0
1.873308878E2,2.710050106E0,1.246200085E1,-3.774000168E0
1.873333314E2,8.280000687E-1,1.468200111E1,-1.858050108E0
1.873357749E2,3.600000143E0,1.360905075E1,-3.223050117E0
1.873382185E2,3.351000071E0,1.320705032E1,-1.189950109E0
1.873406620E2,7.048050404E0,1.347705078E1,-3.345000267E0
1.873431056E2,5.760000229E0,1.276605034E1,-7.195050240E0
1.873455491E2,4.255949974E0,1.330305099E1,-3.642000198E0
1.873479928E2,5.239950180E0,1.476300049E1,-6.400050163E0
1.873504361E2,3.615000248E0,1.178895092E1,-4.189949989E0
1.873528798E2,7.759050369E0,1.286895084E1,-6.154050350E0
1.873553232E2,5.947050095E0,8.583000183E0,-1.293705082E1
1.873577669E2,6.049500108E-1,4.008000374E0,-1.205805016E1
1.873602105E2,-1.240050077E0,2.959050179E0,-7.933050156E0
1.873626540E2,-6.490500569E-1,1.554000020E0,-1.960950136E0
1.873650976E2,6.739500165E-1,5.550000072E-1,4.717950344E0
1.873675410E2,6.000000052E-3,4.720500112E-1,2.890950203E0
1.873699847E2,-1.008000016E0,-5.670000315E-1,1.987950087E0
1.873724281E2,-1.717050076E0,-2.100000083E-1,1.834950089E0
1.873748718E2,-1.117950082E0,2.595000155E-2,4.794000149E0
1.873773152E2,1.845000029E0,4.669500291E-1,6.300000191E0
1.873797589E2,1.134300041E1,1.978050113E0,-5.923950195E0
1.873822023E2,1.096305084E1,1.759950042E0,-9.391050339E0
1.873846460E2,7.018950462E0,1.092000008E0,-1.071000099E0
1.873870896E2,1.210005093E1,1.006305027E1,5.082000256E0
1.873895331E2,8.695050240E0,2.000400162E1,-3.670950174E0
1.873919767E2,1.209300041E1,1.945950150E0,-2.021100044E1
1.873944201E2,5.944050312E0,2.719950199E0,-1.398600101E1
1.873968637E2,1.636950135E0,9.703950882E0,1.296000004E0
1.873993072E2,4.576950073E0,1.832100105E1,8.304000854E0
1.874017508E2,5.608950138E0,1.690800095E1,1.681950092E0
1.874041943E2,2.431950092E0,1.345305061E1,-1.063950062E0
1.874066379E2,4.606050014E0,1.615200043E1,2.104950190E0
1.874090814E2,2.815050125E0,1.364295101E1,-8.550000191E0
1.874115250E2,2.542050123E0,1.317600060E1,-1.083495045E1
1.874139684E2,2.053050041E0,1.484895039E1,-1.751895142E1
1.874164121E2,1.900050044E0,8.638050079E0,-9.241950035E0
1.874188558E2,2.245050192E0,8.348999977E0,-3.855000257E0
1.874212991E2,3.130950212E0,1.212705040E1,-1.486950040E0
1.874237428E2,6.070500016E-1,7.293000221E0,-1.875000119E0
1.874261863E2,9.160500169E-1,4.173000336E0,-1.710000038E0
1.874286299E2,1.239000082E0,5.932950497E0,6.055950165E0
1.874310734E2,5.520000458E-1,6.670050144E0,4.438050270E0
1.874335170E2,2.824050188E0,7.671000481E0,5.194050312E0
1.874359605E2,1.611000061E0,6.550950527E0,4.123950005E0
1.874384041E2,5.250000477E0,5.785050392E0,1.950000077E-1
1.874408475E2,4.189050198E0,6.322950363E0,-7.537950516E0
1.874432911E2,5.278950214E0,7.498950481E0,-7.471050262E0
1.874457348E2,7.443000317E0,8.422950745E0,-7.906050205E0
1.874481783E2,2.080049992E0,6.520050526E0,-4.933050156E0
1.874506219E2,2.449050188E0,9.613050461E0,3.000000026E-3
1.874530654E2,4.002000332E0,8.698050499E0,-4.618950367E0
1.874555090E2,4.998000145E0,6.402000427E0,-2.083950043E0
1.874579525E2,1.044300079E1,1.005405045E1,-9.676050186E0
1.874603961E2,7.398000240E0,8.257950783E0,-9.525000572E0
1.874628395E2,1.611000061E0,8.160000801E0,-4.564050198E0
1.874652831E2,1.050000072E0,1.098495007E1,-3.094050169E0
1.874677266E2,9.349500537E-1,6.481050491E0,7.800000161E-2
1.874701702E2,1.414050102E0,4.318950176E0,-1.000950098E0
1.874726137E2,3.306000233E0,7.645050526E0,-1.377000093E0
1.874750573E2,8.250000477E-1,5.740950108E0,-5.595000088E-2
1.874775007E2,4.588950157E0,5.823000431E0,-2.329500169E-1
1.874799444E2,3.988050222E0,6.712950230E0,-2.601000071E0
1.874823878E2,9.040050507E0,7.968000412E0,-4.669050217E0
1.874848314E2,9.354000092E0,9.402000427E0,-8.965050697E0
1.874872751E2,2.851050138E0,9.180000305E0,-9.775950432E0
1.874897186E2,2.487000227E0,1.079805088E1,-2.656050205E0
1.874921622E2,4.516950130E0,8.224050522E0,-2.785050154E0
1.874946057E2,5.532000065E0,6.381000519E0,-6.958050251E0
1.874970493E2,1.040700054E1,4.506000042E0,-5.983950138E0
1.874994927E2,7.716000557E0,2.373000145E0,-6.070050240E0
1.875019364E2,3.592950106E0,7.180050373E0,-2.743950129E0
1.875043798E2,4.093050003E0,7.120950222E0,1.207950115E0
1.875068234E2,2.116050005E0,8.215050697E0,7.120500207E-1
1.875092671E2,7.516950130E0,1.171800041E1,5.640000105E-1
1.875117105E2,7.848000526E0,9.678000450E0,-6.159000397E0
1.875141542E2,2.116050005E0,1.014705086E1,-1.353000045E0
1.875165977E2,1.243950009E0,1.104000092E1,-1.626000047E0
1.875190413E2,2.161050081E0,1.152405071E1,-3.430500031E-1
1.875214848E2,9.090000391E-1,9.499950409E0,-1.249500066E-1
1.875239284E2,1.588950038E0,8.023050308E0,2.022000074E0
1.875263718E2,1.036050081E0,7.401000500E0,-2.400000095E-1
1.875288154E2,3.705000132E-2,8.665050507E0,-1.558950067E0
1.875312589E2,7.200000286E-1,1.081500053E1,2.830500007E-1
1.875337025E2,4.950000346E-1,6.948000431E0,-3.210000098E-1
1.875361460E2,1.429050088E0,1.047000027E1,-7.020000219E-1
1.875385896E2,1.516950130E0,1.010400009E1,-3.478950262E0
1.875410331E2,2.770500183E-1,6.096000195E0,-1.717050076E0
1.875434767E2,1.447950125E0,8.071050644E0,-5.713050365E0
1.875459202E2,2.401050091E0,5.518950462E0,-4.957050323E0
1.875483639E2,5.001000404E0,2.998050213E0,-3.442950249E0
1.875508072E2,5.335950375E0,6.610950470E0,-8.092950821E0
1.875532509E2,8.973000526E0,2.812950134E0,-1.015905094E1
1.875556946E2,8.803050041E0,2.767950058E0,-9.031949997E0
1.875581380E2,4.800000191E0,5.374950409E0,-2.380050182E0
1.875605816E2,5.152050018E0,8.563950539E0,7.140000463E-1
1.875630251E2,6.361050129E0,9.570000648E0,1.947000146E0
1.875654687E2,1.243950009E0,6.436050415E0,-3.960000277E-1
1.875679122E2,1.735050082E0,7.372050285E0,-2.028000116E0
1.875703558E2,4.060050011E0,6.412050247E0,-5.634000301E0
1.875727993E2,5.293050289E0,6.735000134E0,-1.051095009E1
1.875752429E2,7.669950485E0,6.535950184E0,-1.057800007E1
1.875776863E2,4.777950287E0,6.790050507E0,-1.193400097E1
1.875801300E2,3.480000257E0,8.302950859E0,-1.065495014E1
1.875825734E2,2.737950087E0,9.618000031E0,-4.981050014E0
1.875850171E2,2.128050089E0,8.653050423E0,2.035950184E0
1.875874607E2,6.504000187E0,1.377405071E1,5.131950378E0
1.875899042E2,4.986000061E0,1.235400105E1,3.190050125E0
1.875923478E2,1.680000067E0,9.216000557E0,-7.069500089E-1
1.875947912E2,2.191950083E0,1.143705082E1,3.000000026E-3
1.875972349E2,4.611000061E0,1.203795052E1,4.579050064E0
1.875996783E2,6.481050491E0,1.007295036E1,-1.590000093E-1
1.876021219E2,9.694050789E0,1.071405029E1,-1.014300060E1
1.876045654E2,5.506050110E0,1.020000076E1,-1.158900070E1
1.876070090E2,2.218950033E0,1.291695023E1,-8.091000557E0
1.876094527E2,2.068050146E0,1.340100098E1,-2.203050137E0
1.876118961E2,3.301050186E0,1.334595108E1,6.619500518E-1
1.876143398E2,4.873950005E0,1.525605106E1,-2.646000147E0
1.876167832E2,1.873950124E0,1.250295067E1,-1.083000064E0
1.876192268E2,1.168050051E0,1.114995098E1,1.465950012E0
1.876216703E2,3.052050114E0,1.253895092E1,6.190500259E-1
1.876241139E2,1.476000071E0,8.578950882E0,-3.622950077E0
1.876265574E2,3.636000156E0,8.518950462E0,-4.170000255E-1
1.876290010E2,4.386000156E0,1.061595058E1,-3.264000177E0
1.876314445E2,2.443950176E0,6.891000271E0,-1.939500123E-1
1.876338881E2,2.626050234E0,8.743950844E0,6.810000539E-1
1.876363315E2,2.311950207E0,7.003050327E0,-1.759950042E0
1.876387752E2,6.603000164E0,8.773050308E0,-3.556050062E0
1.876412189E2,6.531000137E0,8.914050102E0,-7.087950230E0
1.876436623E2,1.366050124E0,7.318950176E0,-5.242050171E0
1.876461059E2,3.090000153E0,8.095050812E0,-1.102050066E0
1.876485494E2,3.480000257E0,8.329950333E0,-1.401000023E0
1.876509930E2,4.126950264E0,5.128050327E0,-3.124950171E0
1.876534365E2,8.275950432E0,7.258950233E0,-6.991950512E0
1.876558801E2,4.819050312E0,4.365000248E0,-8.485950470E0
1.876583236E2,1.849950075E0,7.582950592E0,-4.911000252E0
1.876607672E2,2.278950214E0,7.408050537E0,-2.052000046E0
1.876632106E2,4.180050373E0,6.819000244E0,-5.100000501E-1
1.876656543E2,1.055805016E1,8.808000565E0,-1.666950107E0
1.876680977E2,5.821950436E0,6.382950306E0,-4.798950195E0
1.876705414E2,1.018950105E0,9.736950874E0,-4.344000340E0
1.876729850E2,4.002000332E0,9.895050049E0,-5.158050060E0
1.876754285E2,3.315000057E0,7.281000137E0,-7.585950375E0
1.876778721E2,5.449050426E0,9.748950005E0,-2.941050053E0
1.876803156E2,6.516000271E0,6.393000126E0,-3.190050125E0
1.876827592E2,1.443000078E0,8.794050217E0,-1.240950108E0
1.876852026E2,7.849500179E-1,1.107600021E1,4.420950413E0
1.876876463E2,2.845950127E0,9.864000320E0,2.359500080E-1
1.876900897E2,6.259950161E0,1.179900074E1,-1.480050087E0
1.876925333E2,8.439000130E0,1.225395012E1,-9.220950127E0
1.876949768E2,3.193050146E0,9.919050217E0,-8.200950623E0
1.876974204E2,2.523000002E0,1.229895020E1,-6.156000137E0
1.876998641E2,1.918950081E0,1.414500046E1,-5.497950077E0
1.877023076E2,1.417050123E0,1.081695080E1,-2.520000041E-1
1.877047512E2,3.307950258E0,1.057995033E1,-3.826950073E0
1.877071946E2,3.403950214E0,8.623950005E0,-5.428050041E0
1.877096383E2,2.851050138E0,7.884000301E0,-4.341000080E0
1.877120817E2,4.867050171E0,8.491950035E0,-4.090050220E0
1.877145253E2,4.759050369E0,6.673050404E0,-3.585000277E0
1.877169688E2,8.863050461E0,9.790050507E0,-4.108950138E0
1.877194124E2,6.712950230E0,8.413050652E0,-8.605950356E0
1.877218559E2,1.696950078E0,6.903000355E0,-3.024000168E0
1.877242995E2,3.118950129E0,8.605050087E0,6.810000539E-1
1.877267429E2,1.476000071E0,6.310950279E0,1.974000096E0
1.877291866E2,2.929950237E0,6.031050205E0,2.706000090E0
1.877316303E2,5.310000420E0,7.123050213E0,-1.420050025E0
1.877340737E2,2.713950157E0,4.434000015E0,-2.056950092E0
1.877365173E2,4.669950008E0,8.185950279E0,-1.423050046E0
1.877389608E2,3.415950060E0,6.630000114E0,-4.000950336E0
1.877414044E2,4.242000103E0,9.631950378E0,-3.016950130E0
1.877438479E2,8.968050003E0,1.009395027E1,-7.935000420E0
1.877462915E2,2.841000080E0,8.665050507E0,-7.696050167E0
1.877487349E2,7.530000210E-1,1.134405041E1,-2.790000200E0
1.877511785E2,2.676000118E0,7.887000561E0,-4.521000385E0
1.877536220E2,3.259950161E0,6.754050255E0,-3.786000252E0
1.877560657E2,9.282000542E0,6.321000099E0,-5.826000214E0
1.877585093E2,6.813000202E0,5.701050282E0,-7.525950432E0
1.877609528E2,3.220050097E0,7.458000183E0,-1.957050085E0
1.877633964E2,2.596950054E0,9.663000107E0,8.290500641E-1
1.877658399E2,2.863050222E0,7.779000282E0,1.236000061E0
1.877682835E2,7.429050446E0,1.126005077E1,-2.700000070E-2
1.877707269E2,7.468950272E0,1.059000015E1,-6.319050312E0
1.877731705E2,8.400000334E-1,1.021200085E1,-4.504050255E0
1.877756140E2,5.760000348E-1,1.087200069E1,-2.497950077E0
1.877780576E2,1.536000013E0,8.227050781E0,-3.691950083E0
1.877805011E2,3.507000208E0,6.915000439E0,-2.775000095E0
1.877829447E2,8.266950607E0,7.774050236E0,-5.722950459E0
1.877853884E2,4.903050423E0,6.538950443E0,-5.823000431E0
1.877878319E2,2.560950041E0,8.655000687E0,-2.893050194E0
1.877902755E2,4.137000084E0,5.230950356E0,-4.830000401E0
1.877927190E2,5.620950222E0,4.618050098E0,-5.491050243E0
1.877951626E2,9.871050835E0,7.222950459E0,-8.560050011E0
1.877976060E2,4.716000080E0,5.896950245E0,-9.715950012E0
1.878000496E2,-1.161000013E0,5.229000092E0,-2.818950176E0
1.878024931E2,1.764000058E0,5.494950294E0,-2.470500171E-1
1.878049367E2,1.417050123E0,3.840000153E0,-2.002050161E0
1.878073802E2,2.793000221E0,3.783000231E0,1.636050105E0
1.878098238E2,4.014000416E0,3.225000143E0,2.131950140E0
1.878122675E2,3.355950117E0,1.537050128E0,-4.309500158E-1
1.878147110E2,4.465050220E0,5.169000149E0,-2.035950184E0
1.878171546E2,4.287000179E0,2.368050098E0,-3.549000263E0
1.878195980E2,6.733950138E0,5.506950378E0,-7.393950462E0
1.878220417E2,8.626049995E0,5.035050392E0,-7.701000214E0
1.878244851E2,2.676000118E0,5.176050186E0,-8.803950310E0
1.878269287E2,1.623000026E0,8.602950096E0,-5.590950489E0
1.878293722E2,4.918950081E0,4.609050274E0,-5.902050495E0
1.878318158E2,2.632950068E0,4.459950447E0,-4.450950146E0
1.878342592E2,5.287950039E0,4.602000237E0,1.363050103E0
1.878367029E2,7.828950405E0,2.986050129E0,-5.700000525E-1
1.878391463E2,5.140050411E0,4.456050396E0,-4.851000309E0
1.878415899E2,5.532000065E0,6.876000404E0,-4.303050041E0
1.878440334E2,3.411000252E0,5.773050308E0,-8.293950081E0
1.878464770E2,7.843050480E0,8.884950638E0,-7.777050495E0
1.878489205E2,7.603050232E0,8.557050705E0,-9.016950607E0
1.878513642E2,5.620500445E-1,9.916950226E0,-6.064950466E0
1.878538078E2,1.183950067E0,1.254795074E1,2.065050125E0
1.878562512E2,1.524000049E0,1.021395016E1,3.214050055E0
1.878586949E2,5.670000315E-1,1.029105091E1,-2.350500077E-1
1.878611383E2,1.996050119E0,1.182495022E1,7.810500264E-1
1.878635819E2,2.724000216E0,1.014495087E1,4.536000252E0
1.878660254E2,1.125000000E0,1.011795044E1,1.129500046E-1
1.878684690E2,2.037000179E0,1.402995110E1,-1.024950027E0
1.878709125E2,4.624950409E0,1.462395096E1,-1.522950053E0
1.878733561E2,4.552950382E0,1.651995087E1,9.730500579E-1
1.878757998E2,5.130000114E0,1.414500046E1,1.950000077E-1
1.878782432E2,2.776950121E0,1.107600021E1,-1.453950047E0
1.878806869E2,2.319000006E0,1.334595108E1,-8.416049957E0
1.878831303E2,1.881000042E0,1.161000061E1,-1.040805054E1
1.878855739E2,2.736000061E0,8.839950562E0,-9.060000420E0
1.878880174E2,2.389050007E0,8.449049950E0,-9.685050011E0
1.878904610E2,2.298000097E0,6.318000317E0,-6.772050381E0
1.878929045E2,3.610050201E0,4.585050106E0,-5.719950199E0
1.878953481E2,3.459000111E0,4.000950336E0,-3.669000149E0
1.878977916E2,3.670050144E0,4.590000153E0,-1.423050046E0
1.879002352E2,7.213050365E0,6.273000240E0,-9.439500570E-1
1.879026786E2,3.013950109E0,2.844000101E0,3.025050163E0
1.879051222E2,1.576950073E0,1.876950145E0,7.725000381E0
1.879075657E2,2.812050104E0,5.028000355E0,5.095950127E0
1.879100093E2,2.893950224E0,3.205950260E0,1.782000065E0
1.879124528E2,5.266950130E0,3.417000055E0,1.255950093E0
1.879148965E2,4.528950214E0,1.767000079E0,-1.408050060E0
1.879173401E2,3.603000164E0,2.266950130E0,-6.787950516E0
1.879197835E2,3.373050213E0,4.791000366E0,-8.281949997E0
1.879222271E2,3.610050201E0,3.642000198E0,-9.772050858E0
1.879246706E2,7.788000584E0,5.406000137E0,-1.170900059E1
1.879271142E2,7.825950146E0,1.257000089E0,-9.115950584E0
1.879295577E2,1.275000095E0,3.124050140E0,-6.493950367E0
1.879320013E2,3.619050264E0,3.478950262E0,-2.953050137E0
1.879344448E2,7.222950459E0,1.447950125E0,-2.494950056E0
1.879368884E2,7.399950504E0,1.848000050E0,-2.160000086E0
1.879393321E2,7.204050541E0,3.097950220E0,-7.360500097E-1
1.879417756E2,4.294950008E0,4.398000240E0,-3.360000134E0
1.879442192E2,2.020050049E0,7.321950436E0,-6.058050156E0
1.879466626E2,2.194950104E0,8.314949989E0,-9.381000519E0
1.879491062E2,1.666050076E0,9.496050835E0,-8.059950829E0
1.879515497E2,5.049000263E0,1.024305058E1,-5.284950256E0
1.879539933E2,2.571000099E0,1.061100006E1,-6.084000111E0
1.879564368E2,-9.070500135E-1,1.023495007E1,1.548000097E0
1.879588804E2,1.950000064E-3,1.351800060E1,1.890000105E0
1.879613238E2,3.777000189E0,1.291500092E1,2.893050194E0
1.879637675E2,1.383000016E0,1.152105045E1,-2.661000013E0
1.879662111E2,1.038000107E0,1.259100056E1,1.585950017E0
1.879686546E2,1.251000047E0,1.283805084E1,2.296950102E0
1.879710982E2,6.649500132E-1,1.162695026E1,-1.995000124E0
1.879735417E2,1.000050068E0,1.284495068E1,-1.405950069E0
1.879759853E2,8.730000257E-1,1.423395061E1,-5.595000088E-2
1.879784288E2,1.974000096E0,1.518705082E1,2.188950062E0
1.879808724E2,8.920500278E-1,1.127895069E1,6.795000285E-2
1.879833158E2,-3.090000153E-1,1.062300014E1,-5.680500269E-1
1.879857594E2,1.290000081E0,1.204800034E1,8.050500154E-1
1.879882029E2,1.825950146E0,1.052505016E1,-4.909500182E-1
1.879906466E2,9.090000391E-1,7.291050434E0,6.829500198E-1
1.879930902E2,2.389050007E0,8.542950630E0,7.153050423E0
1.879955337E2,2.740950108E0,9.759000778E0,3.022950172E0
1.879979773E2,3.898950100E0,1.077705097E1,3.844050169E0
1.880004208E2,2.437050104E0,7.627950191E0,4.054049969E0
1.880028644E2,2.812050104E0,1.034295082E1,-1.336050034E0
1.880053078E2,2.676000118E0,1.477305031E1,1.782000065E0
1.880077514E2,1.804050088E0,1.049400043E1,1.914000034E0
1.880101949E2,9.349500537E-1,7.732950211E0,5.370000005E-1
1.880126386E2,2.307000160E0,7.312050343E0,4.402050018E0
1.880150820E2,1.394100094E1,4.219050407E0,-4.593000412E0
1.880175257E2,1.004295063E1,2.977950096E0,-3.272294998E1
1.880199693E2,7.618050575E0,5.008950233E0,-3.195495224E1
1.880224127E2,1.669950128E0,3.871050119E0,-2.286795044E1
1.880248564E2,3.243000269E0,5.230950356E0,-1.399500084E1
1.880272999E2,6.649500132E-1,4.675950050E0,-1.132950068E0
1.880297435E2,-1.319999993E-1,1.054905033E1,6.364950180E0
1.880321869E2,7.200000286E-1,6.397050381E0,7.713000298E0
1.880346305E2,2.664000034E0,5.344050407E0,6.163950443E0
1.880370740E2,3.649950266E0,7.372050285E0,5.680050373E0
1.880395176E2,3.646050215E0,4.744950294E0,8.773950577E0
1.880419611E2,7.000050545E0,3.534000158E0,4.921050072E0
1.880444047E2,1.305000019E1,5.128050327E0,-4.794000149E0
1.880468484E2,1.215000057E1,3.184050083E0,-9.252000809E0
1.880492918E2,6.093000412E0,6.469050407E0,-1.829295158E1
1.880517355E2,2.460000068E-1,8.392050743E0,-1.641600037E1
1.880541789E2,1.450500041E-1,7.288050175E0,1.591050029E0
1.880566226E2,2.323950052E0,1.304895020E1,6.607050419E0
1.880590660E2,3.154950142E0,1.162695026E1,2.284950018E0
1.880615097E2,3.940500319E-1,6.120000362E0,1.399050117E0
1.880639531E2,1.663050056E0,1.099695015E1,4.680000246E-1
1.880663967E2,1.951050043E0,1.199505043E1,-2.413950205E0
1.880688402E2,5.879999995E-1,6.543000221E0,-5.800500512E-1
1.880712838E2,6.409500241E-1,7.987050533E0,1.270050049E0
1.880737273E2,1.905000091E0,8.044950485E0,2.521950006E0
1.880761709E2,3.105000257E0,6.016950130E0,-3.280950069E0
1.880786146E2,3.679500222E-1,5.908950329E0,-7.741050243E0
1.880810581E2,4.465050220E0,1.021950006E0,-9.835950851E0
1.880835017E2,7.960050583E0,2.887050152E0,-1.354995060E1
1.880859451E2,7.770000100E-1,3.709050179E0,-1.019100094E1
1.880883888E2,-2.269500047E-1,3.607950211E0,2.521950006E0
1.880908322E2,1.435950041E0,6.394950390E0,6.834000111E0
1.880932758E2,1.516950130E0,5.083050251E0,5.110500455E-1
1.880957193E2,2.704950094E0,5.725050449E0,3.762000084E0
1.880981629E2,2.848050117E0,5.337000370E0,2.256000042E0
1.881006064E2,2.467950106E0,5.559000492E0,2.509950161E0
1.881030500E2,3.049950123E0,7.477050304E0,4.468950272E0
1.881054935E2,3.789000273E0,7.434000492E0,1.842000127E0
1.881079371E2,1.199700069E1,9.103050232E0,-6.669000149E0
1.881103808E2,8.470050812E0,6.579000473E0,-1.866405106E1
1.881128242E2,1.359000087E0,8.641050339E0,-1.751895142E1
1.881152678E2,1.225050092E0,8.863950729E0,-1.163895035E1
1.881177113E2,2.118000031E0,6.627000332E0,-7.059000492E0
1.881201549E2,4.813950062E0,7.543950558E0,-1.035000086E0
1.881225984E2,7.270950317E0,8.962050438E0,6.709500551E-1
1.881250420E2,5.283000469E0,6.934050560E0,-1.569000125E0
1.881274854E2,4.459950447E0,9.310950279E0,-3.760500252E-1
1.881299291E2,4.480950356E0,7.210950375E0,-3.805050135E0
1.881323725E2,5.334000111E0,9.211050034E0,-6.793050289E0
1.881348162E2,1.074195004E1,1.117395020E1,-9.043950081E0
1.881372598E2,4.213050365E0,1.001505089E1,-1.015005016E1
1.881397033E2,6.409500241E-1,1.146900082E1,-3.111000061E0
1.881421469E2,3.865950108E0,1.078905010E1,-3.307050228E0
1.881445903E2,2.578050137E0,9.105000496E0,-3.193950176E0
1.881470340E2,7.668000221E0,9.289950371E0,-3.940950155E0
1.881494774E2,7.675050259E0,7.894050598E0,-6.585000515E0
1.881519210E2,2.845950127E0,9.097949982E0,-5.275050163E0
1.881543645E2,4.588950157E0,8.794050217E0,-9.169500470E-1
1.881568081E2,4.989000320E0,6.294000149E0,-2.538000107E0
1.881592518E2,7.024050236E0,9.766050339E0,-1.786950111E0
1.881616953E2,9.933000565E0,9.775950432E0,-5.482950211E0
1.881641389E2,2.154000044E0,8.526000023E0,-3.724050283E0
1.881665823E2,2.044049978E0,1.076505089E1,5.470499992E-1
1.881690259E2,3.076050043E0,7.777050495E0,-1.224000096E0
1.881714694E2,1.171950102E0,8.322000504E0,-1.729050040E0
1.881739130E2,5.200050354E0,8.932950020E0,1.591050029E0
1.881763565E2,3.715050220E0,8.835000038E0,-1.699950099E0
1.881788001E2,1.411950111E0,8.476050377E0,-1.408050060E0
1.881812438E2,2.547000170E0,1.075695038E1,4.200000316E-2
1.881836872E2,2.461050034E0,8.068950653E0,-1.368000031E0
1.881861309E2,4.192049980E0,1.126695061E1,1.780500114E-1
1.881885743E2,5.359950066E0,1.048695087E1,-5.758950233E0
1.881910179E2,1.113000035E0,9.601050377E0,-3.216000080E0
1.881934614E2,2.571000099E0,9.760950089E0,-4.143000126E0
1.881959050E2,3.636000156E0,8.152050018E0,-5.596050262E0
1.881983485E2,4.891050339E0,7.216050148E0,-5.167050362E0
1.882007921E2,8.104050636E0,8.404050827E0,-5.941050053E0
1.882032356E2,4.819050312E0,7.147050381E0,-5.304000378E0
1.882056792E2,3.883050203E0,9.352050781E0,-1.396050096E0
1.882081229E2,4.414050102E0,8.385000229E0,-4.480500221E-1
1.882105663E2,5.572950363E0,8.334000587E0,-3.330000043E-1
1.882130100E2,1.056495094E1,1.075005054E1,-4.107000351E0
1.882154534E2,4.275000095E0,8.373000145E0,-6.586950302E0
1.882178970E2,2.092050076E0,1.007295036E1,1.780500114E-1
1.882203405E2,5.008050442E0,1.065195084E1,-1.055999994E0
1.882227841E2,2.683050156E0,7.240050316E0,-2.103000164E0
1.882252275E2,5.463000298E0,1.012095070E1,-1.059000015E0
1.882276712E2,6.010950089E0,8.251049995E0,-6.397950172E0
1.882301146E2,1.171950102E0,1.056795025E1,-4.225950241E0
1.882325582E2,1.198950052E0,1.161705017E1,-2.064000130E0
1.882350017E2,1.740000129E0,8.800950050E0,-6.949500442E-1
1.882374453E2,3.859050274E0,1.069005013E1,-7.690500617E-1
1.882398888E2,8.314949989E0,1.219905090E1,-6.762000084E0
1.882423324E2,3.580950260E0,9.529050827E0,-7.605000496E0
1.882447758E2,1.780950069E0,1.120005035E1,-1.794000030E0
1.882472195E2,3.753000259E0,1.075500011E1,-2.533950090E0
1.882496629E2,1.974000096E0,9.201000214E0,-1.558950067E0
1.882521066E2,5.188050270E0,1.020705032E1,-1.927950144E0
1.882545502E2,5.086950302E0,8.974050522E0,-3.742950201E0
1.882569937E2,2.346000195E0,9.828000069E0,-1.939950109E0
1.882594373E2,2.626050234E0,1.114305019E1,-1.267050028E0
1.882618807E2,2.416950226E0,8.356050491E0,-2.008949995E0
1.882643244E2,5.704950333E0,1.138500023E1,-2.610000134E0
1.882667678E2,7.249050140E0,1.031400013E1,-7.732050419E0
1.882692114E2,9.070500135E-1,1.087500095E1,-4.474950314E0
1.882716549E2,1.800000072E0,1.203600025E1,3.340500295E-1
1.882740986E2,1.563000083E0,1.035000038E1,4.009500146E-1
1.882765422E2,2.536950111E0,8.779950142E0,-1.012950063E0
1.882789857E2,7.407000542E0,9.193950653E0,-5.452050209E0
1.882814293E2,4.768950462E0,7.468050480E0,-9.118050575E0
1.882838727E2,1.414050102E0,9.172050476E0,-3.682950258E0
1.882863164E2,2.947050095E0,8.655000687E0,-1.018050075E0
1.882887598E2,3.271950245E0,7.084950447E0,-4.789500237E-1
1.882912034E2,9.567000389E0,1.035795021E1,-3.433950186E0
1.882936469E2,6.093000412E0,7.896000385E0,-6.433950424E0
1.882960905E2,1.479000092E0,8.938050270E0,-3.558000088E0
1.882985342E2,2.887050152E0,1.069305038E1,-2.632050037E0
1.883009777E2,1.705950022E0,7.414950371E0,-3.850050211E0
1.883034213E2,3.804000139E0,6.346950531E0,-1.477950096E0
1.883058648E2,7.242000580E0,8.041950226E0,-5.682000160E0
1.883083084E2,2.791050196E0,5.899050236E0,-5.095950127E0
1.883107518E2,2.190000057E0,8.904000282E0,-2.337000132E0
1.883131955E2,2.371950150E0,6.730050087E0,-9.409500360E-1
1.883156389E2,5.053950310E0,7.744950294E0,-6.730500460E-1
1.883180825E2,9.664950371E0,8.502000809E0,-6.238050461E0
1.883205260E2,2.881950140E0,6.748950481E0,-7.738950253E0
1.883229697E2,1.708950043E0,8.749050140E0,-2.569950104E0
1.883254133E2,2.836050034E0,8.169000626E0,-1.947000146E0
1.883278568E2,1.966950059E0,5.248050213E0,-1.272000074E0
1.883303004E2,4.986000061E0,8.377950668E0,-1.408050060E0
1.883327438E2,6.295950413E0,6.667950153E0,-4.489950180E0
1.883351875E2,2.194950104E0,8.011050224E0,-3.688050270E0
1.883376309E2,2.841000080E0,9.466950417E0,-1.351050019E0
1.883400745E2,1.498050094E0,8.005949974E0,-2.206050158E0
1.883425180E2,4.726050377E0,1.043205070E1,-3.843000174E0
1.883449617E2,6.969000340E0,8.595000267E0,-9.742950439E0
1.883474053E2,4.920000136E-1,8.017950058E0,-7.558950424E0
1.883498488E2,8.299500346E-1,9.448050499E0,-1.048950076E0
1.883522924E2,3.286950111E0,7.338000298E0,2.639999986E-1
1.883547359E2,1.735050082E0,7.338000298E0,6.570000052E-1
1.883571795E2,6.412950516E0,8.868000031E0,-4.030500054E-1
1.883596229E2,5.404950142E0,7.125000477E0,-4.741050243E0
1.883620665E2,3.265050173E0,8.657999992E0,-2.737050056E0
1.883645100E2,2.434050083E0,1.000800037E1,-4.189500213E-1
1.883669536E2,1.623000026E0,8.518950462E0,-1.228950024E0
1.883693971E2,6.732000351E0,1.007505035E1,-3.166050196E0
1.883718407E2,6.883050442E0,8.629050255E0,-8.023950577E0
1.883742842E2,7.489500642E-1,8.763000488E0,-5.412000179E0
1.883767278E2,3.615000248E0,7.900950432E0,-3.910050154E0
1.883791712E2,3.973950148E0,6.523950100E0,-4.492050171E0
1.883816148E2,2.820000172E0,6.225000381E0,-4.485000134E0
1.883840585E2,7.149000168E0,6.904950142E0,-3.799950123E0
1.883865020E2,4.687050343E0,4.875000000E0,-5.373000145E0
1.883889456E2,3.354000092E0,7.549050331E0,-1.951950073E0
1.883913891E2,3.436950207E0,4.855950356E0,-3.400050163E0
1.883938327E2,2.005950212E0,4.843950272E0,-2.565000057E0
1.883962761E2,7.429050446E0,9.217950821E0,-8.980500698E-1
1.883987197E2,2.853000164E0,6.163050175E0,-3.714000225E0
1.884011632E2,1.789500117E-1,6.370950222E0,1.606950045E0
1.884036068E2,2.848050117E0,8.538000107E0,-3.930000067E-1
1.884060503E2,9.330000281E-1,5.406000137E0,-1.513950109E0
1.884084939E2,1.038000107E0,7.374000549E0,3.270000219E-1
1.884109376E2,5.740950108E0,8.626950264E0,-1.666950107E0
1.884133811E2,2.530050039E0,7.326000214E0,-3.646950245E0
1.884158247E2,3.066000223E0,1.109295082E1,-3.055950165E0
1.884182682E2,3.472950220E0,8.758049965E0,-3.321000099E0
1.884207118E2,3.339000225E0,9.532050133E0,-1.177950025E0
1.884231552E2,8.041950226E0,1.298400021E1,-5.112000465E0
1.884255988E2,4.812000275E0,1.068300056E1,-7.344000340E0
1.884280423E2,2.523000002E0,1.022805023E1,-2.344050169E0
1.884304859E2,4.002000332E0,9.706050873E0,-4.885050297E0
1.884329294E2,2.068050146E0,8.068950653E0,-3.166050196E0
1.884353730E2,4.042950153E0,1.077900028E1,-2.272950172E0
1.884378167E2,6.670050144E0,1.108095074E1,-2.854050159E0
1.884402602E2,3.840000153E0,1.001505089E1,-1.387050033E0
1.884427038E2,5.587050438E0,1.017795086E1,5.400000215E-1
1.884451472E2,2.989950180E0,7.444050312E0,-3.240000248E0
1.884475909E2,5.044050217E0,8.275050163E0,-4.356000423E0
1.884500343E2,7.419000149E0,1.175805092E1,-6.964950562E0
1.884524779E2,3.061050177E0,9.016950607E0,-7.528050423E0
1.884549214E2,1.447950125E0,8.239050865E0,-5.440500379E-1
1.884573650E2,3.142950058E0,8.157000542E0,-6.160500050E-1
1.884598087E2,2.020050049E0,6.874050140E0,8.205000311E-2
1.884622522E2,6.259950161E0,9.283050537E0,2.910000086E-1
1.884646958E2,4.708950043E0,8.171999931E0,-3.835950136E0
1.884671392E2,1.996050119E0,8.039999962E0,-3.937050104E0
1.884695829E2,2.761950016E0,8.125950813E0,-5.187000275E0
1.884720263E2,2.689950228E0,4.657050133E0,-6.055950165E0
1.884744699E2,5.109000206E0,7.594950199E0,-3.409950256E0
1.884769134E2,8.440950394E0,6.967050552E0,-5.979000092E0
1.884793570E2,1.198950052E0,6.565050125E0,-5.196000099E0
1.884818007E2,2.839050055E0,9.208050728E0,-2.730000019E-1
1.884842442E2,3.274950266E0,6.838050365E0,-2.004000187E0
1.884866878E2,2.167950153E0,4.887000084E0,-3.178050041E0
1.884891312E2,7.093050480E0,8.002050400E0,-2.481000185E0
1.884915749E2,4.407000065E0,4.840950012E0,-5.221950054E0
1.884940183E2,1.468950033E0,7.366950512E0,-2.524050236E0
1.884964619E2,4.150950432E0,6.417000294E0,-2.797050238E0
1.884989054E2,3.235950232E0,3.499950171E0,-7.401000500E0
1.885013490E2,8.251950264E0,7.393050194E0,-3.850050211E0
1.885037925E2,8.178000450E0,6.709050179E0,-5.287050247E0
1.885062361E2,5.205000192E-2,6.378000259E0,-3.168000221E0
1.885086798E2,4.729500115E-1,8.241000175E0,1.270050049E0
1.885111232E2,3.121050119E0,4.993950367E0,-2.026050091E0
1.885135669E2,3.016050100E0,2.409000158E0,-3.403050184E0
1.885160102E2,8.118000031E0,5.406000137E0,-4.356000423E0
1.885184539E2,3.973950148E0,4.695000172E0,-8.134050369E0
1.885208973E2,9.619500637E-1,8.665050507E0,-1.990050077E0
1.885233410E2,1.639050126E0,9.607950211E0,1.060500070E-1
1.885257845E2,6.739500165E-1,6.064950466E0,3.240000010E-1
1.885282281E2,1.837950110E0,9.958050728E0,7.290000319E-1
1.885306715E2,4.933950424E0,8.610000610E0,-2.296950102E0
1.885331152E2,-4.500000179E-2,7.195050240E0,-2.160000086E0
1.885355586E2,1.275000095E0,8.191050529E0,1.830000132E-1
1.885380022E2,2.068050146E0,6.769050121E0,-2.301000118E0
1.885404457E2,7.200000286E-1,5.848950386E0,-2.359050035E0
1.885428893E2,2.772000074E0,8.437050819E0,-3.000000119E-1
1.885453328E2,2.143949986E0,9.787950516E0,-1.363050103E0
1.885477765E2,1.183950067E0,1.014000034E1,-2.397000074E0
1.885502201E2,2.331000090E0,1.263495064E1,2.002950191E0
1.885526636E2,2.959050179E0,1.096605015E1,6.979500055E-1
1.885551072E2,2.194950104E0,1.034805012E1,-2.260950089E0
1.885575506E2,5.188050270E0,1.426500034E1,1.738950133E0
1.885599942E2,2.527950048E0,1.182495022E1,-3.793050289E0
1.885624377E2,5.026950359E0,1.039395046E1,-9.970500469E-1
1.885648813E2,5.227950096E0,1.146600056E1,-7.032000542E0
1.885673248E2,1.990950108E0,9.103050232E0,-4.885050297E0
1.885697684E2,4.192049980E0,1.156005096E1,-3.235050201E0
1.885722119E2,5.983050346E0,1.086795044E1,-3.496050119E0
1.885746556E2,4.000050068E0,1.117605019E1,-3.441000223E0
1.885770992E2,5.128050327E0,1.140195084E1,-3.139050245E0
1.885795427E2,4.183950424E0,7.963050365E0,-5.758950233E0
1.885819863E2,7.831050396E0,9.505050659E0,-7.131000519E0
1.885844297E2,6.576000214E0,1.101405048E1,-1.257000065E1
1.885868733E2,1.189050078E0,7.113000393E0,-1.029600048E1
1.885893168E2,1.632000089E0,9.424050331E0,-3.586950064E0
1.885917604E2,3.409050226E0,9.819000244E0,-1.249500066E-1
1.885942039E2,1.594050050E0,6.273000240E0,3.204000235E0
1.885966476E2,6.271950245E0,8.421000481E0,5.194050312E0
1.885990912E2,4.500000000E0,6.069000244E0,-1.188000083E0
1.886015346E2,4.050000191E0,8.095050812E0,-1.866000056E0
1.886039783E2,4.977000237E0,9.129000664E0,-6.778950214E0
1.886064217E2,2.440950155E0,4.180050373E0,-7.399050236E0
1.886088653E2,6.955050468E0,7.470000267E0,-5.503050327E0
1.886113088E2,7.800000191E0,5.932950497E0,-1.046595097E1
1.886137524E2,-5.890500546E-1,8.872950554E0,-5.923950195E0
1.886161959E2,2.476950169E0,1.030500031E1,2.104950190E0
1.886186395E2,4.201050282E0,7.543950558E0,-3.979500234E-1
1.886210832E2,2.398050070E0,6.354000092E0,-3.600000218E-2
1.886235267E2,6.289050102E0,8.457000732E0,-2.682000160E0
1.886259703E2,3.555000067E0,5.823000431E0,-6.208950520E0
1.886284137E2,9.379500151E-1,7.803000450E0,-2.758950233E0
1.886308574E2,2.190000057E0,6.639000416E0,-1.879950047E0
1.886333008E2,1.852050066E0,5.296050072E0,-3.088950157E0
1.886357444E2,6.820950508E0,6.702000141E0,-2.349000216E0
1.886381879E2,7.443000317E0,6.376050472E0,-4.954050064E0
1.886406315E2,1.215000033E0,5.188050270E0,-1.200000010E-2
1.886430750E2,2.583000183E0,8.278950691E0,2.355000019E0
1.886455186E2,1.963050127E0,6.442950249E0,-1.180950046E0
1.886479620E2,9.930000305E-1,4.810050011E0,-3.273000240E0
1.886504057E2,5.101050377E0,6.484050274E0,-3.217950106E0
1.886528491E2,3.535950184E0,5.461050034E0,-4.582950115E0
1.886552928E2,6.340500116E-1,7.743000507E0,1.212000012E0
1.886577364E2,9.109500647E-1,1.158105087E1,3.951000214E0
1.886601798E2,2.769000053E0,8.928000450E0,-4.309500158E-1
1.886626235E2,7.410000563E-1,1.080795097E1,-2.755950212E0
1.886650669E2,2.113049984E0,1.208595085E1,3.139950037E0
1.886675105E2,1.644000053E0,8.348999977E0,1.308000088E0
1.886699540E2,-6.705000252E-2,1.135095024E1,-1.426950097E0
1.886723976E2,2.383949995E0,1.071195030E1,4.489500225E-1
1.886748411E2,2.626050234E0,8.061000824E0,4.800000191E-1
1.886772847E2,3.964050293E0,9.582000732E0,-1.590000093E-1
1.886797284E2,5.173050404E0,8.563950539E0,-7.485000134E0
1.886821718E2,2.752950191E0,9.591000557E0,-6.702000141E0
1.886846155E2,5.128050327E0,1.074795055E1,-9.991950035E0
1.886870589E2,2.926950216E0,8.125950813E0,-7.192950249E0
1.886895025E2,4.426050186E0,7.056000233E0,-2.325000048E0
1.886919460E2,6.409050465E0,9.473999977E0,-4.444050312E0
1.886943896E2,1.894950032E0,6.522000313E0,-2.152950048E0
1.886968331E2,2.233050108E0,7.726050377E0,1.203000069E0
1.886992767E2,2.989950180E0,7.228050232E0,-1.138050079E0
1.887017202E2,1.713000059E0,4.870050430E0,-1.212000012E0
1.887041638E2,5.026950359E0,7.321950436E0,-6.850500107E-1
1.887066075E2,5.542050362E0,5.581050396E0,-4.291050434E0
1.887090509E2,3.823050261E0,8.998050690E0,-3.409950256E0
1.887114945E2,4.407000065E0,9.610950470E0,-2.218050003E0
1.887139380E2,1.972050071E0,7.042050362E0,-3.135000229E0
1.887163816E2,4.231950283E0,1.004895020E1,-1.341000080E0
1.887188251E2,7.861950397E0,8.863950729E0,-8.203050613E0
1.887212687E2,2.695050240E0,8.622000694E0,-7.459050179E0
1.887237122E2,3.720000267E0,1.085595036E1,-3.958050251E0
1.887261558E2,5.374050140E0,7.711950302E0,-5.850000381E0
1.887285992E2,3.270000219E0,8.346000671E0,-4.936950207E0
1.887310429E2,7.813950539E0,7.792950153E0,-4.071000099E0
1.887334865E2,5.748000145E0,7.975050449E0,-7.759950161E0
1.887359300E2,3.126000166E0,1.009905052E1,-5.305950165E0
1.887383736E2,5.620950222E0,9.532050133E0,-3.079950094E0
1.887408171E2,2.392950058E0,7.063050270E0,-4.315050125E0
1.887432607E2,5.089050293E0,1.095900059E1,2.209500074E-1
1.887457042E2,6.787050247E0,9.534000397E0,-4.518000126E0
1.887481478E2,9.979500771E-1,1.009200001E1,-4.018050194E0
1.887505912E2,1.182000041E0,1.056600094E1,-1.800000072E-1
1.887530348E2,3.148050070E0,7.291050434E0,-2.116950035E0
1.887554785E2,1.936050057E0,6.405000210E0,-3.297000170E0
1.887579220E2,4.114950180E0,8.968950272E0,-7.930500507E-1
1.887603656E2,6.013950348E0,6.595950127E0,-4.735949993E0
1.887628091E2,2.130000114E0,7.285950184E0,-3.532050133E0
1.887652527E2,5.086950302E0,8.515950203E0,-3.205950260E0
1.887676961E2,3.856050253E0,6.445050240E0,-5.941050053E0
1.887701398E2,2.314050198E0,8.457000732E0,-1.188000083E0
1.887725832E2,7.000050545E0,8.506950378E0,-2.794950247E0
1.887750268E2,2.890950203E0,6.661050320E0,-5.304000378E0
1.887774703E2,9.949500561E-1,9.115050316E0,3.240000010E-1
1.887799140E2,3.094950199E0,7.707000256E0,-1.032000065E0
1.887823576E2,1.438050032E0,5.164050102E0,-1.450950027E0
1.887848011E2,2.086950064E0,7.963050365E0,2.340000153E0
1.887872447E2,4.408950329E0,7.687950134E0,2.089500129E-1
1.887896881E2,1.687050104E0,6.988950253E0,-1.660500020E-1
1.887921318E2,2.965950251E0,1.067400074E1,2.082000017E0
1.887945752E2,2.791050196E0,8.284049988E0,-3.196950197E0
1.887970188E2,1.219950080E0,8.221950531E0,-1.566000104E0
1.887994623E2,4.065000057E0,1.123200035E1,-3.136950254E0
1.888019059E2,3.600000143E0,8.550000191E0,-5.965050220E0
1.888043494E2,1.807050109E0,1.003695011E1,-2.119050026E0
1.888067930E2,5.961000443E0,1.022805023E1,-2.176950216E0
1.888092364E2,3.844050169E0,8.251049995E0,-3.343050241E0
1.888116801E2,3.904050112E0,8.682000160E0,-4.339500070E-1
1.888141235E2,8.017950058E0,1.035300064E1,-2.823000193E0
1.888165671E2,4.285050392E0,8.394000053E0,-4.960950375E0
1.888190108E2,4.146000385E0,1.239795017E1,-2.254050016E0
1.888214543E2,6.997950554E0,9.349950790E0,-6.099000454E0
1.888238979E2,1.882950068E0,8.701050758E0,-4.356000423E0
1.888263414E2,4.648950100E0,1.201395035E1,-1.099050045E0
1.888287850E2,4.522050381E0,1.081500053E1,-5.284950256E0
1.888312284E2,8.710500598E-1,9.835950851E0,-1.264950037E0
1.888336720E2,3.610050201E0,1.234995079E1,2.520000041E-1
1.888361155E2,4.033950329E0,9.388050079E0,-4.237950325E0
1.888385591E2,1.086000085E0,8.785050392E0,-3.930000305E0
1.888410028E2,4.321050167E0,8.976000786E0,-2.476050138E0
1.888434462E2,3.583050251E0,6.769050121E0,-5.184000015E0
1.888458899E2,2.161050081E0,9.627000809E0,-1.726950049E0
1.888483334E2,6.964050293E0,8.289000511E0,-3.115050077E0
1.888507770E2,3.126000166E0,6.180000305E0,-6.489000320E0
1.888532204E2,1.857000113E0,1.003005028E1,6.599999964E-2
1.888556640E2,5.793000221E0,9.151050568E0,-1.993050098E0
1.888581075E2,2.038950205E0,8.014050484E0,-3.127050161E0
1.888605511E2,1.423950076E0,1.061595058E1,2.236950159E0
1.888629946E2,5.073000431E0,9.237000465E0,-2.488050222E0
1.888654382E2,3.430050135E0,6.277950287E0,-7.027950287E0
1.888678819E2,3.214950085E0,8.956950188E0,-4.228950024E0
1.888703253E2,6.562050343E0,6.567000389E0,-5.272950172E0
1.888727690E2,1.551000118E0,8.004000664E0,-3.478950262E0
1.888752124E2,3.118950129E0,1.084395027E1,4.489500225E-1
1.888776560E2,5.938950062E0,6.582000256E0,-4.744050026E0
1.888800995E2,2.326050043E0,6.124050140E0,-6.393000126E0
1.888825431E2,5.592000484E0,7.575000286E0,-3.973050117E0
1.888849866E2,6.979050159E0,5.172000408E0,-9.187050819E0
1.888874302E2,1.359000087E0,6.402000427E0,-6.709050179E0
1.888898739E2,2.698050022E0,7.492050171E0,-1.072950006E0
1.888923173E2,5.587050438E0,5.683950424E0,-4.092000008E0
1.888947610E2,8.989500403E-1,5.040000439E0,-3.550950050E0
1.888972044E2,3.097050190E0,8.039999962E0,2.860050201E0
1.888996480E2,5.149050236E0,3.570000172E0,-2.706000090E0
1.889020915E2,7.849500179E-1,6.157950401E0,-2.971950054E0
1.889045351E2,2.191950083E0,7.804950237E0,1.939950109E0
1.889069786E2,5.793000221E0,3.073950052E0,-4.273950100E0
1.889094222E2,1.611000061E0,5.334000111E0,-7.090500593E-1
1.889118659E2,2.662050009E0,8.818050385E0,3.219000101E0
1.889143093E2,2.530050039E0,8.513999939E0,-1.080000028E-1
1.889167530E2,1.623000026E0,8.788949966E0,-1.270500124E-1
1.889191964E2,1.600950122E0,1.133700085E1,-1.660500020E-1
1.889216400E2,3.187950134E0,1.081695080E1,2.374050140E0
1.889240835E2,2.419950008E0,8.230950356E0,2.380500138E-1
1.889265271E2,8.059500456E-1,1.117200089E1,-3.601050138E0
1.889289706E2,3.022950172E0,1.358700085E1,2.686950207E0
1.889314142E2,2.857950211E0,1.110705090E1,-1.474950075E0
1.889338577E2,5.008050442E0,1.335300064E1,-1.363050103E0
1.889363013E2,5.620950222E0,1.110900021E1,-8.746950150E0
1.889387447E2,8.160000443E-1,9.867000580E0,-5.695950508E0
1.889411883E2,3.511950254E0,1.330305099E1,-5.646000385E0
1.889436318E2,3.130950212E0,1.345305061E1,-6.775950432E0
1.889460755E2,4.350000322E-1,8.707950592E0,-1.518000126E0
1.889485189E2,4.048050404E0,9.091050148E0,-1.557000041E0
1.889509626E2,5.214000225E0,7.518000126E0,-3.850050211E0
1.889534060E2,2.515950203E0,4.975050449E0,-3.913050175E0
1.889558497E2,6.130950451E0,8.157000542E0,-2.682000160E0
1.889582933E2,4.788000107E0,5.839950085E0,-4.320000172E0
1.889607367E2,1.672950029E0,6.919050217E0,1.279050112E0
1.889631803E2,4.110000134E0,9.370950699E0,2.443050146E0
1.889656238E2,2.213999987E0,5.638050079E0,-1.708050132E0
1.889680674E2,1.278000116E0,4.237950325E0,1.141050100E0
1.889705109E2,5.938950062E0,9.948000908E0,-2.899500132E-1
1.889729546E2,5.440950394E0,6.462000370E0,-4.032000065E0
1.889753980E2,1.122000098E0,9.069000244E0,-1.300500035E-1
1.889778416E2,3.540000200E0,1.178505039E1,-5.680500269E-1
1.889802853E2,3.466050148E0,7.594950199E0,-7.317000389E0
1.889827287E2,4.129500091E-1,9.048000336E0,-3.676050186E0
1.889851723E2,3.535950184E0,9.958050728E0,-1.708050132E0
1.889876158E2,4.915050030E0,9.117000580E0,-6.625050545E0
1.889900594E2,2.041949987E0,9.880950928E0,-4.975950241E0
1.889925029E2,5.844000340E0,9.333000183E0,-4.284000397E0
1.889949465E2,5.451000214E0,6.040950298E0,-9.316950798E0
1.889973900E2,2.676000118E0,6.249000072E0,-4.564050198E0
1.889998337E2,7.345050335E0,1.009905052E1,-1.051950097E0
1.890022773E2,7.623000145E0,7.462950230E0,-7.588050365E0
1.890047207E2,1.285050035E0,7.894050598E0,-5.505000114E0
1.890071644E2,3.403950214E0,8.677050591E0,-1.582950115E0
1.890096078E2,5.215950012E0,6.157950401E0,-7.468050480E0
1.890120514E2,4.039500058E-1,4.935000420E0,-6.087000370E0
1.890144949E2,2.410500050E-1,8.332050323E0,7.246050358E0
1.890169385E2,2.707050085E0,5.646000385E0,2.158050060E0
1.890193820E2,1.917000055E0,5.938050270E0,1.501950026E0
1.890218256E2,2.062950134E0,8.422950745E0,3.508950233E0
1.890242693E2,4.833000183E0,6.748950481E0,-1.909050107E0
1.890267127E2,1.888050079E0,5.622000217E0,-3.652050257E0
1.890291563E2,1.615050077E0,1.080300045E1,8.479500413E-1
1.890315998E2,3.210000038E0,1.060395050E1,-3.052950144E0
1.890340434E2,1.546050072E0,9.213000298E0,-3.795000076E0
1.890364869E2,3.630000055E-1,1.005795002E1,1.609950066E0
1.890389305E2,3.220050097E0,9.754050255E0,1.512000084E0
1.890413740E2,2.116050005E0,7.855950356E0,-5.328000069E0
1.890438177E2,1.761000037E0,8.281949997E0,-2.536050081E0
1.890462610E2,5.752950191E0,1.097100067E1,-5.730000496E0
1.890487047E2,4.378050327E0,1.079295063E1,-6.822000504E0
1.890511483E2,8.659500480E-1,9.550950050E0,-2.785050154E0
1.890535918E2,2.511000156E0,8.437050819E0,1.305000018E-2
1.890560354E2,1.861950040E0,7.918050289E0,-3.361950159E0
1.890584789E2,1.543950081E0,6.811950207E0,1.078050017E0
1.890609225E2,5.520000458E0,1.120500088E1,1.144950032E0
1.890633660E2,3.837000132E0,9.442950249E0,-3.019950151E0
1.890658096E2,1.275000095E0,7.585050583E0,9.589500427E-1
1.890682531E2,1.812000036E0,1.054200077E1,3.883950233E0
1.890706967E2,2.640000105E0,8.479949951E0,-3.609000206E0
1.890731401E2,6.940500140E-1,7.099050522E0,-2.682000160E0
1.890755838E2,4.975050449E0,1.079805088E1,-1.669050097E0
1.890780272E2,6.636000156E0,8.442000389E0,-5.895000458E0
1.890804708E2,2.407950163E0,8.808000565E0,-4.427999973E0
1.890829143E2,3.804000139E0,1.128705025E1,2.670000196E-1
1.890853579E2,6.562050343E0,9.313950539E0,-6.706950188E0
1.890878016E2,2.632950068E0,8.538000107E0,-4.722000122E0
1.890902451E2,3.751050234E0,1.283595085E1,5.779500008E-1
1.890926887E2,7.096050262E0,1.201200104E1,-5.401950359E0
1.890951322E2,2.829000235E0,9.778050423E0,-5.074050426E0
1.890975758E2,4.300500154E-1,1.089405060E1,5.059500337E-1
1.891000192E2,5.022000313E0,9.535950661E0,-2.842050076E0
1.891024628E2,3.243000269E0,9.001950264E0,-7.068000317E0
1.891049063E2,7.200000286E-1,1.118100071E1,-1.198050022E0
1.891073499E2,4.096050262E0,1.177500057E1,3.550500274E-1
1.891097934E2,3.001950026E0,9.736950874E0,-3.879000187E0
1.891122371E2,2.839500010E-1,9.430950165E0,1.590000093E-1
1.891146807E2,3.748950243E0,7.372050285E0,-8.500500321E-1
1.891171242E2,3.982950211E0,6.642000198E0,-8.698950768E0
1.891195678E2,9.210000634E-1,6.606000423E0,-3.757050276E0
1.891220112E2,5.209050179E0,7.804950237E0,-1.827000141E0
1.891244548E2,6.957000256E0,3.814050198E0,-6.670950413E0
1.891268983E2,1.383000016E0,5.052000046E0,-2.794950247E0
1.891293419E2,3.226950169E0,6.454950333E0,1.315050006E0
1.891317854E2,7.941000462E0,5.406000137E0,-4.710000038E0
1.891342290E2,3.231000185E0,2.731950045E0,-5.562000275E0
1.891366727E2,5.879999995E-1,7.357950211E0,2.479500175E-1
1.891391162E2,6.130950451E0,7.065000534E0,-3.232950211E0
1.891415598E2,3.852000237E0,5.404050350E0,-5.584050179E0
1.891440032E2,-5.700000525E-1,8.844000816E0,1.006950021E0
1.891464468E2,5.431950092E0,6.771000385E0,-1.375050068E0
1.891488903E2,3.696000099E0,5.623950481E0,-6.048000336E0
1.891513339E2,-7.180500627E-1,9.100950241E0,-3.280500174E-1
1.891537774E2,4.270950317E0,8.602950096E0,1.106999993E0
1.891562210E2,4.666050434E0,7.219050407E0,-4.947000027E0
1.891586647E2,-5.050500035E-1,9.127050400E0,7.720500231E-1
1.891611082E2,2.749500275E-1,1.061400032E1,3.961050272E0
1.891635518E2,4.885950089E0,1.006305027E1,-4.019999981E0
1.891659952E2,2.575050116E0,9.915000916E0,-2.899950027E0
1.891684389E2,5.134950161E0,1.316805077E1,-2.464050055E0
1.891708823E2,5.068050385E0,1.288395023E1,-5.529000282E0
1.891733259E2,2.104050159E0,1.089600086E1,-2.811000109E0
1.891757694E2,1.342050076E0,1.299600029E1,2.074050188E0
1.891782130E2,5.215950012E0,1.178205013E1,-1.228950024E0
1.891806565E2,1.354050040E0,1.035300064E1,-4.590000153E0
1.891831002E2,2.808000088E0,1.125105095E1,-9.630000591E-1
1.891855438E2,7.125000477E0,1.213905048E1,-5.695950508E0
1.891879872E2,4.254000187E0,1.059900093E1,-6.879000187E0
1.891904308E2,1.306050062E0,9.936000824E0,7.219500542E-1
1.891928743E2,3.475950241E0,8.851950645E0,7.650000453E-1
1.891953179E2,4.302000046E0,9.843000412E0,-4.686000347E0
1.891977614E2,2.403000116E0,4.546950340E0,-4.849050045E0
1.892002050E2,2.674050093E0,4.261950016E0,-2.956950188E0
1.892026485E2,6.315000534E0,5.076000214E0,-8.263050079E0
1.892050921E2,1.290000081E0,4.534950256E0,-4.222050190E0
1.892075356E2,-1.269000053E0,5.593050480E0,6.400950432E0
1.892099792E2,-2.419500053E-1,4.726050377E0,4.179000378E0
1.892124229E2,2.395950079E0,2.491950035E0,8.200500607E-1
1.892148663E2,3.277050257E0,5.634000301E0,3.178050041E0
1.892173099E2,9.121050835E0,6.385050297E0,-6.679500341E-1
1.892197533E2,4.690050125E0,2.337000132E0,-8.541000366E0
1.892221970E2,-1.603950024E0,7.969950199E0,-1.473000050E0
1.892246405E2,4.729500115E-1,7.216050148E0,-6.829500198E-1
1.892270841E2,6.472950459E0,3.630000114E0,-7.926000595E0
1.892295276E2,1.618050098E0,5.221950054E0,-7.324950218E0
1.892319712E2,4.603050232E0,7.305000305E0,-4.395000264E-2
1.892344147E2,8.869950294E0,5.254950047E0,-6.855000496E0
1.892368583E2,1.471950054E0,6.436050415E0,-6.939000130E0
1.892393017E2,2.563050032E0,8.053950310E0,8.869500160E-1
1.892417453E2,8.326950073E0,5.476050377E0,-6.379050255E0
1.892441890E2,4.170000076E0,5.442000389E0,-6.889050484E0
1.892466324E2,7.030500174E-1,9.247050285E0,4.510500133E-1
1.892490761E2,6.136050224E0,8.410950661E0,-2.890050173E0
1.892515196E2,2.905950069E0,7.654050350E0,-5.934000492E0
1.892539632E2,-8.400000632E-2,9.751950264E0,1.606950045E0
1.892564066E2,4.089000225E0,9.994050026E0,-1.734000087E0
1.892588503E2,6.964050293E0,9.706050873E0,-8.409000397E0
1.892612937E2,2.134950161E0,1.134405041E1,-5.364000320E0
1.892637373E2,2.719050169E0,1.271595097E1,-7.500000596E-1
1.892661808E2,3.718050241E0,1.084605026E1,-5.542950153E0
1.892686244E2,1.824000120E0,1.098705006E1,4.180500209E-1
1.892710679E2,1.330050111E0,1.127505016E1,5.091000080E0
1.892735116E2,3.030000210E0,1.016595078E1,4.510500133E-1
1.892759552E2,1.903050065E0,1.057995033E1,-1.546950102E0
1.892783986E2,7.387950420E0,1.206195068E1,-3.352050066E0
1.892808422E2,9.090000153E0,1.145400047E1,-1.044405079E1
1.892832857E2,2.632950068E0,1.055205059E1,-5.802000046E0
1.892857293E2,1.860000134E0,1.232100105E1,1.780050039E0
1.892881728E2,3.274950266E0,1.511505032E1,2.359050035E0
1.892906164E2,1.969950080E0,1.251705074E1,-9.370500445E-1
1.892930601E2,-5.170500278E-1,1.115205097E1,-2.661000013E0
1.892955035E2,2.805000171E-2,1.316595078E1,1.665000081E0
1.892979471E2,2.461050034E0,1.396605110E1,4.120950222E0
1.893003906E2,1.444950104E0,1.078395081E1,-1.729050040E0
1.893028342E2,1.012050033E0,1.037700081E1,-8.790000677E-1
1.893052777E2,5.443950176E0,8.557050705E0,3.774000168E0
1.893077213E2,3.400950193E0,6.826050282E0,-8.452050209E0
1.893101648E2,8.082000732E0,5.629050255E0,-1.059300041E1
1.893126084E2,9.046950340E0,4.741050243E0,-1.803705025E1
1.893150518E2,2.049000025E0,4.501049995E0,-9.865050316E0
1.893174955E2,2.034000158E0,6.615000248E0,1.119000077E0
1.893199391E2,5.170950413E0,8.272050858E0,-1.119000077E0
1.893223826E2,2.026950121E0,5.752950191E0,-1.369950056E0
1.893248262E2,-2.680500150E-1,7.903050423E0,4.975950241E0
1.893272697E2,2.025000095E0,9.057000160E0,4.153050423E0
1.893297133E2,4.239000320E0,4.348050117E0,-3.051000118E0
1.893321568E2,1.359000087E0,9.709050179E0,-3.156000137E0
1.893346004E2,5.676000118E0,5.049000263E0,-4.959000111E0
1.893370438E2,6.789000511E0,4.000950336E0,-1.018800068E1
1.893394875E2,3.073050261E0,6.139050484E0,-1.021200085E1
1.893419309E2,8.535000801E0,6.301950455E0,-3.582000256E0
1.893443746E2,4.465050220E0,5.265000343E0,-7.143000126E0
1.893468180E2,-1.756950140E0,7.558950424E0,3.979500234E-1
1.893492616E2,2.911050081E0,7.530000210E0,5.416950226E0
1.893517053E2,7.077000141E0,5.065950394E0,-2.875950098E0
1.893541488E2,3.658050060E0,5.538000107E0,-2.110500038E-1
1.893565924E2,7.183950424E0,8.822999954E0,1.090050101E0
1.893590358E2,5.353050232E0,8.806050301E0,-6.151050091E0
1.893614794E2,1.456950068E0,8.422950745E0,-1.711950064E0
1.893639229E2,1.314000010E0,9.985950470E0,3.042000055E0
1.893663665E2,2.382000208E0,9.642000198E0,-1.576050043E0
1.893688100E2,8.400000334E-1,1.043205070E1,-2.584050179E0
1.893712536E2,1.180050015E0,1.447800064E1,1.473000050E0
1.893736971E2,3.828000069E0,1.206705093E1,-2.155050039E0
1.893761407E2,2.029500157E-1,8.962050438E0,-3.930000305E0
1.893785841E2,5.359500051E-1,1.096605015E1,1.336950064E0
1.893810278E2,2.596950054E0,1.149195099E1,-3.610950232E0
1.893834715E2,3.030000031E-1,8.197950363E0,-3.558000088E0
1.893859149E2,1.239000082E0,9.172050476E0,1.276950002E0
1.893883585E2,4.833000183E0,1.256805038E1,-4.822950363E0
1.893908020E2,2.833950043E0,6.775950432E0,-6.208950520E0
1.893932456E2,3.538050175E0,6.891000271E0,-5.301000118E0
1.893956891E2,4.323000431E0,8.358000755E0,-7.923000336E0
1.893981327E2,3.888000250E0,5.157000065E0,-4.328999996E0
1.894005761E2,7.696950436E0,9.025950432E0,-3.393000126E0
1.894030198E2,8.133000374E0,6.759000301E0,-8.704050064E0
1.894054632E2,1.503000021E0,6.213000298E0,-7.135050297E0
1.894079069E2,-1.770000011E-1,7.711950302E0,1.054050088E0
1.894103505E2,2.439000130E0,7.482000351E0,-1.305000067E0
1.894127940E2,9.330000281E-1,4.816950321E0,-3.484050274E0
1.894152376E2,2.290950060E0,7.924950600E0,3.694950104E0
1.894176811E2,8.109000206E0,7.366950512E0,-1.954050064E0
1.894201247E2,4.764000416E0,7.152000427E0,-3.787950277E0
1.894225681E2,5.329500437E-1,8.599950790E0,-6.250500083E-1
1.894250117E2,5.133000374E0,4.908000469E0,-5.911950111E0
1.894274552E2,2.985000134E0,5.197950363E0,-7.945050240E0
1.894298988E2,6.258000374E0,9.277950287E0,-2.809050083E0
1.894323425E2,1.013700008E1,5.193000317E0,-7.782000542E0
1.894347860E2,8.640000224E-1,6.951000214E0,-7.558950424E0
1.894372296E2,4.879500270E-1,7.920000553E0,1.260000110E0
1.894396731E2,7.978950500E0,5.847000122E0,-1.993050098E0
1.894421167E2,3.571050167E0,5.016000271E0,-6.094050407E0
1.894445601E2,2.899050236E0,7.992000580E0,9.750000238E-1
1.894470037E2,7.261050224E0,8.350950241E0,-4.827000141E0
1.894494472E2,2.278950214E0,8.566950798E0,-5.383050442E0
1.894518908E2,-4.830000103E-1,9.417000771E0,2.764050245E0
1.894543345E2,2.202000141E0,7.420050144E0,-2.899500132E-1
1.894567780E2,1.879050136E0,7.720950603E0,-2.902050257E0
1.894592216E2,4.498050213E0,1.286400032E1,-6.400500536E-1
1.894616651E2,6.418050289E0,1.189500046E1,-6.793050289E0
1.894641087E2,1.450050116E0,9.024000168E0,-3.529950142E0
1.894665521E2,9.229500294E-1,1.140195084E1,2.059950113E0
1.894689958E2,3.145050049E0,1.212495041E1,-1.806000113E0
1.894714392E2,2.451000214E0,9.346950531E0,-2.068950176E0
1.894738828E2,4.609500170E-1,1.183695030E1,5.680500269E-1
1.894763263E2,4.948050022E0,1.428705025E1,-1.695000008E-2
1.894787700E2,2.953950167E0,1.377705097E1,-4.879950047E0
1.894812136E2,3.514050245E0,1.312800026E1,-3.505950212E0
1.894836571E2,4.137000084E0,1.092000008E1,-5.191050053E0
1.894861007E2,1.438050032E0,1.042905045E1,-2.148000002E0
1.894885441E2,3.720000267E0,1.593600082E1,9.349500537E-1
1.894909878E2,5.839050293E0,1.282800102E1,-6.360000134E0
1.894934312E2,2.008050203E0,8.832000732E0,-6.877050400E0
1.894958748E2,1.942950130E0,8.569050789E0,-2.755950212E0
1.894983183E2,4.672950268E0,9.562950134E0,-4.327050209E0
1.895007619E2,2.683050156E0,5.719950199E0,-2.995950222E0
1.895032054E2,4.966950417E0,7.189950466E0,1.804050088E0
1.895056490E2,6.934950352E0,1.087200069E1,-3.403050184E0
1.895080925E2,2.980050087E0,9.445050240E0,-2.541000128E0
1.895105361E2,3.828000069E0,8.725049973E0,-1.080000028E-1
1.895129795E2,4.141050339E0,7.767000198E0,-1.710000038E0
1.895154232E2,1.663050056E0,7.000950336E0,-2.431050062E0
1.895178668E2,3.724950075E0,1.243095016E1,-3.925050259E0
1.895203103E2,5.596950054E0,6.394950390E0,-9.505950928E0
1.895227539E2,1.840500087E-1,7.555950165E0,-8.473950386E0
1.895251974E2,2.077050209E0,7.765050411E0,-2.209950209E0
1.895276410E2,5.985000134E0,5.325000286E0,-5.266050339E0
1.895300845E2,1.450050116E0,6.703950405E0,-1.495050073E0
1.895325281E2,7.098000526E0,7.204050541E0,3.886950254E0
1.895349715E2,8.145000458E0,6.610950470E0,-5.685000420E0
1.895374152E2,8.749500513E-1,7.084950447E0,-6.501000404E0
1.895398589E2,2.218950033E0,6.486000538E0,-3.790950298E0
1.895423022E2,7.809000492E0,2.485050201E0,-9.487050056E0
1.895447459E2,4.965000153E0,6.997950554E0,-7.023000240E0
1.895471894E2,1.013400078E1,8.358000755E0,-3.565950155E0
1.895496330E2,5.242950439E0,7.234950542E0,-6.991950512E0
1.895520765E2,-1.759950042E0,9.217950821E0,-1.071000099E0
1.895545201E2,2.365050077E0,8.224050522E0,-2.639999986E-1
1.895569636E2,3.808050156E0,5.313000202E0,-7.867950439E0
1.895594072E2,3.799500167E-1,5.878050327E0,-5.530950069E0
1.895618506E2,6.094950199E0,4.599000454E0,-9.559500217E-1
1.895642942E2,5.002950191E0,4.696950436E0,-6.628050327E0
1.895667377E2,-1.171050072E0,5.848950386E0,-2.919000149E0
1.895691813E2,4.219950199E0,4.183050156E0,-5.130000114E-1
1.895716250E2,3.847050190E0,3.436050177E0,-4.621050358E0
1.895740685E2,5.722050190E0,7.582950592E0,-4.429500103E-1
1.895765121E2,7.390050411E0,6.687000275E0,-3.072000027E0
1.895789555E2,-4.830000103E-1,5.964000225E0,-3.457950115E0
1.895813992E2,-2.221950054E0,9.120000839E0,5.161050320E0
1.895838426E2,2.644950151E0,6.559950352E0,1.050000072E0
1.895862862E2,3.085050106E0,6.607950211E0,-3.658950090E0
1.895887297E2,1.455000043E0,9.651000023E0,-1.680000126E-1
1.895911733E2,3.412950277E0,1.263705063E1,4.882950306E0
1.895936168E2,2.689950228E0,1.175100040E1,-1.305000067E0
1.895960605E2,2.109000206E0,1.422000027E1,-4.155000210E0
1.895985041E2,5.358000278E0,1.252905083E1,2.164950132E0
1.896009475E2,2.020050049E0,8.641050339E0,-2.122050047E0
1.896033912E2,3.190950155E0,1.332705021E1,-1.846050143E0
1.896058346E2,7.137000561E0,1.287600040E1,-1.107900047E1
1.896082782E2,1.102950096E0,8.824950218E0,-7.914000511E0
1.896107217E2,3.451950073E0,9.772950172E0,-9.477000237E0
1.896131653E2,6.763050556E0,1.045605087E1,-8.815950394E0
1.896156090E2,3.721950293E0,7.246950150E0,-8.749050140E0
1.896180525E2,6.361050129E0,9.879000664E0,-3.276000261E0
1.896204961E2,3.958950281E0,1.024995041E1,-3.445950270E0
1.896229396E2,1.251000047E0,7.674000263E0,8.959500194E-1
1.896253832E2,2.937000036E0,1.141800022E1,5.910000324E0
1.896278266E2,1.287000060E0,6.124050140E0,4.135950089E0
1.896302703E2,2.034000158E0,8.875950813E0,-2.350500077E-1
1.896327137E2,7.843050480E0,1.360905075E1,6.930000305E0
1.896351573E2,5.926950455E0,8.677050591E0,-3.223050117E0
1.896376008E2,5.238000393E0,1.315905094E1,-3.771000147E0
1.896400444E2,7.675050259E0,1.355895042E1,-1.100700092E1
1.896424879E2,2.707050085E0,1.271595097E1,-1.026195049E1
1.896449315E2,1.891050100E0,1.234200096E1,-7.533000469E0
1.896473750E2,3.997950077E0,9.553050041E0,-7.597950459E0
1.896498186E2,2.335950136E0,7.872000217E0,-9.532050133E0
1.896522620E2,1.848000050E0,6.634050369E0,-8.923950195E0
1.896547057E2,4.927050114E0,3.334950209E0,-8.344950676E0
1.896571493E2,5.305050373E0,1.602000117E0,-6.183000088E0
1.896595928E2,6.916050434E0,6.025950432E0,-1.360050082E0
1.896620364E2,7.351950169E0,7.096950531E0,-2.818950176E0
1.896644799E2,1.351950049E0,5.659950256E0,2.155950069E0
1.896669235E2,-3.273000240E0,1.053000069E1,5.958000183E0
1.896693669E2,-2.169000149E0,5.152050018E0,7.711050510E0
1.896718106E2,3.163950205E0,1.969950080E0,3.219000101E0
1.896742540E2,7.728000164E0,7.012950420E0,4.440000355E-1
1.896766977E2,1.218900013E1,4.846050262E0,-3.943950176E0
1.896791411E2,8.242950439E0,3.067050219E0,-1.236000061E1
1.896815848E2,2.392950058E0,1.000095081E1,-7.273950577E0
1.896840284E2,6.580500603E-1,9.642000198E0,-2.242050171E0
1.896864719E2,1.632000089E0,1.033605003E1,3.013050079E0
1.896889155E2,5.431950092E0,1.509105110E1,-5.680500269E-1
1.896913589E2,3.454050064E0,1.028100014E1,-6.205950260E0
1.896938026E2,2.319000006E0,5.992950439E0,-2.139000177E0
1.896962460E2,8.379000664E0,7.546950340E0,-1.318095016E1
1.896986896E2,6.883050442E0,3.333000183E0,-1.477995110E1
1.897011331E2,2.769000053E0,2.182950020E0,-1.248195076E1
1.897035767E2,5.122950077E0,5.332050323E0,-1.203405094E1
1.897060202E2,2.880000114E0,5.800950050E0,-9.481950760E0
1.897084638E2,1.347000122E0,6.547950268E0,3.000000026E-3
1.897109075E2,-2.310000181E0,1.216305065E1,8.079000473E0
1.897133509E2,-1.714050055E0,3.352050066E0,7.584000587E0
1.897157945E2,-8.740500212E-1,9.985950470E0,-6.640500426E-1
1.897182380E2,1.210500076E-1,8.740950584E0,7.138050556E0
1.897206816E2,2.410050154E0,2.971050024E0,9.163949966E0
1.897231251E2,2.487000227E0,1.095105076E1,1.533000112E0
1.897255687E2,3.411000252E0,1.085805035E1,-1.843950033E0
1.897280121E2,2.358000040E0,6.361950397E0,4.141050339E0
1.897304558E2,1.807050109E0,9.285000801E0,-2.293950081E0
1.897328995E2,2.463000059E0,1.440900040E1,3.882000208E0
1.897353429E2,3.210000038E0,1.161705017E1,9.490500689E-1
1.897377865E2,2.626050234E0,1.303005028E1,-1.438950062E0
1.897402300E2,4.873950005E0,1.369005108E1,-1.501950026E0
1.897426736E2,1.472595024E1,8.731950760E0,-7.309500575E-1
1.897451171E2,1.590705109E1,9.013950348E0,-2.790405083E1
1.897475607E2,7.908000469E0,9.654000282E0,-2.639700127E1
1.897500042E2,2.149049997E0,6.484050274E0,-1.419600105E1
1.897524478E2,5.104050159E0,7.161000252E0,-6.417000294E0
1.897548912E2,3.898950100E0,7.792950153E0,-4.240500331E-1
1.897573349E2,9.760500193E-1,3.081000090E0,4.465950012E0
1.897597785E2,-6.580500603E-1,4.173000336E0,5.496000290E0
1.897622220E2,-3.237000227E0,6.843000412E0,6.154050350E0
1.897646656E2,-3.268050194E0,3.352050066E0,2.932050228E0
1.897671091E2,-2.004000187E0,4.084949970E0,4.798950195E0
1.897695527E2,6.460500360E-1,1.663950086E0,4.219950199E0
1.897719961E2,2.413050175E0,3.237000227E0,4.471050262E0
1.897744398E2,8.512949944E0,1.116000080E1,-2.461950064E0
1.897768832E2,9.343950272E0,4.765050411E0,-7.626000404E0
1.897793268E2,9.010950089E0,5.278950214E0,-1.720800018E1
1.897817703E2,8.614050865E0,5.137950420E0,-2.024205017E1
1.897842140E2,5.638050079E0,3.796950102E0,-1.970805168E1
1.897866576E2,5.619000435E0,6.169950485E0,-1.554705048E1
1.897891011E2,5.487000465E0,6.157950401E0,-3.357000113E0
1.897915447E2,7.129500508E-1,8.776950836E0,9.229050636E0
1.897939882E2,3.346050262E0,1.188300037E1,8.094000816E0
1.897964318E2,4.278000355E0,9.892950058E0,2.436000109E0
1.897988752E2,3.552000284E0,6.313950062E0,-2.400000095E-1
1.898013189E2,4.612950325E0,1.056795025E1,1.393950105E0
1.898037623E2,6.442050457E0,9.253950119E0,1.288950086E0
1.898062060E2,2.166000128E0,6.835950375E0,-6.751950264E0
1.898086494E2,6.463950157E0,6.940950394E0,-1.547505093E1
1.898110931E2,2.803050041E0,4.774050236E0,-1.560405064E1
1.898135367E2,9.229500294E-1,3.358950138E0,-9.076950073E0
1.898159802E2,3.552000284E0,5.919000149E0,-6.007950306E0
1.898184238E2,8.179500103E-1,6.088950157E0,-3.027000189E0
1.898208672E2,1.101000071E0,5.586000443E0,5.191950321E0
1.898233108E2,-6.390000582E-1,8.605050087E0,6.351000309E0
1.898257543E2,-2.939999998E-1,2.646000147E0,1.930950046E0
1.898281979E2,1.945950150E0,1.028100014E1,2.584050179E0
1.898306414E2,2.683050156E0,1.323600101E1,6.537000179E0
1.898330850E2,1.450050116E0,9.876000404E0,5.296950340E0
1.898355285E2,1.579050064E0,1.238595104E1,2.227950096E0
1.898379721E2,3.955050230E0,1.481595039E1,-3.433950186E0
1.898404155E2,4.309050083E0,1.167000103E1,2.254050016E0
1.898428592E2,2.080049992E0,1.102995014E1,3.868050098E0
1.898453028E2,6.330000401E0,1.573500061E1,-1.108950019E0
1.898477462E2,8.329050064E0,1.337205029E1,-7.012950420E0
1.898501899E2,7.029000282E0,1.203105068E1,-1.527105045E1
1.898526334E2,2.781000137E0,1.020900059E1,-1.438305092E1
1.898550770E2,4.113000393E0,1.069995022E1,-1.064805031E1
1.898575205E2,7.033950329E0,1.569405079E1,-7.636050224E0
1.898599641E2,3.877950191E0,1.084605026E1,-3.199050188E0
1.898624076E2,1.897950053E0,5.976000309E0,1.690950036E0
1.898648512E2,4.234950066E0,1.390395069E1,-9.319500327E-1
1.898672946E2,3.463950157E0,1.106205082E1,2.310000062E-1
1.898697382E2,-1.429500133E-1,3.814050198E0,-8.190000653E-1
1.898721820E2,-4.444050312E0,1.219395065E1,7.942950249E0
1.898746254E2,-2.482950211E0,4.089000225E0,4.063950062E0
1.898770690E2,-2.442000151E0,9.522000313E0,-9.600000083E-2
1.898795125E2,1.444950104E0,8.956950188E0,7.050000191E0
1.898819561E2,6.460950375E0,3.072000027E0,-2.622000217E0
1.898843996E2,1.456605053E1,9.366000175E0,-1.049700069E1
1.898868432E2,1.037805080E1,4.630050182E0,-1.635300064E1
1.898892867E2,1.929000139E0,7.240050316E0,-1.321500015E1
1.898917303E2,6.136050224E0,6.385050297E0,-8.788050652E0
1.898941737E2,6.181050301E0,4.180050373E0,-6.124950409E0
1.898966174E2,3.538050175E0,5.410950184E0,-1.609500051E-1
1.898990610E2,8.116050720E0,7.498950481E0,-8.740500212E-1
1.899015045E2,5.128050327E0,5.284050465E0,-3.664050102E0
1.899039481E2,3.130500019E-1,9.318000793E0,1.231950045E0
1.899063916E2,9.160500169E-1,8.959050179E0,1.393950105E0
1.899088352E2,-6.195000187E-2,5.911050320E0,-1.549950123E0
1.899112786E2,3.331950188E0,8.554950714E0,-1.698000073E0
1.899137223E2,5.974950314E0,6.622950077E0,-7.513950348E0
1.899161657E2,-2.779500186E-1,7.075050354E0,-6.405000210E0
1.899186093E2,3.769500256E-1,8.320050240E0,-7.830000520E-1
1.899210530E2,4.219950199E0,5.515950203E0,-3.012000084E0
1.899234964E2,1.860000044E-1,5.643000126E0,-2.284950018E0
1.899259401E2,3.102000237E0,5.983050346E0,2.790000200E0
1.899283836E2,5.133000374E0,4.815000057E0,-2.578950167E0
1.899308272E2,3.163950205E0,5.740950108E0,-2.617050171E0
1.899332706E2,5.116050243E0,7.959000587E0,-4.189949989E0
1.899357143E2,3.460950136E0,3.184050083E0,-7.360950470E0
1.899381577E2,5.662050247E0,5.734050274E0,-4.401000023E0
1.899406013E2,9.520950317E0,7.176000118E0,-5.622000217E0
1.899430450E2,2.524950027E0,5.559000492E0,-5.941050053E0
1.899454884E2,2.410500050E-1,9.919050217E0,7.720500231E-1
1.899479321E2,2.274000168E0,8.413050652E0,-2.007000208E0
1.899503756E2,8.010000587E-1,4.888950348E0,-3.618000269E0
1.899528192E2,2.152050018E0,7.116000175E0,1.335000038E0
1.899552626E2,5.446050167E0,6.919050217E0,-1.140000105E0
1.899577063E2,1.251000047E0,8.362950325E0,-1.996950150E0
1.899601497E2,-6.580500603E-1,1.164300060E1,3.880050182E0
1.899625933E2,1.333050013E0,8.690999985E0,2.014950037E0
1.899650368E2,7.939500213E-1,7.678050518E0,-2.500050068E0
1.899674804E2,3.028050184E0,1.159305096E1,-2.089500129E-1
1.899699239E2,3.385050058E0,1.110900021E1,-5.232000351E0
1.899723676E2,1.017000079E0,1.024005032E1,-2.128950119E0
1.899748110E2,3.552000284E0,1.157595062E1,-1.987950087E0
1.899772546E2,3.291000128E0,7.690050602E0,-4.450950146E0
1.899796980E2,2.499000072E0,6.108000278E0,-1.054050088E0
1.899821417E2,5.764950275E0,1.049895096E1,-3.271050215E0
1.899845851E2,6.636000156E0,1.054905033E1,-5.347050190E0
1.899870288E2,4.657950401E0,9.637050629E0,-5.541000366E0
1.899894724E2,5.283000469E0,1.012305069E1,-5.622000217E0
1.899919158E2,3.772950172E0,7.140000343E0,-5.449950218E0
1.899943595E2,7.429050446E0,1.077405071E1,-3.409950256E0
1.899968029E2,6.454050541E0,9.859950066E0,-6.460050106E0
1.899992465E2,1.338000059E0,8.674050331E0,-1.842000127E0
1.900016900E2,3.196050167E0,1.144905090E1,2.224950075E0
1.900041336E2,4.186950207E0,8.241000175E0,-1.714950085E0
1.900065771E2,1.756950140E0,6.538950443E0,-3.307050228E0
1.900090207E2,6.088050365E0,1.081695080E1,-2.986050129E0
1.900114644E2,6.174000263E0,9.217950821E0,-7.210050106E0
1.900139078E2,1.443000078E0,1.123605061E1,-4.887000084E0
1.900163515E2,2.923050165E0,1.163595009E1,-2.176950216E0
1.900187949E2,2.736000061E0,7.189950466E0,-4.918050289E0
1.900212385E2,5.041950226E0,1.200705051E1,-2.421000004E0
1.900236820E2,1.057005024E1,1.002195072E1,-7.437000275E0
1.900261256E2,1.978950143E0,9.241950035E0,-8.637000084E0
1.900285691E2,-2.749500275E-1,1.205805016E1,-1.300500035E-1
1.900310127E2,2.911050081E0,8.988000870E0,-9.820500612E-1
1.900334562E2,3.241050243E0,6.690000534E0,-3.730950117E0
1.900358998E2,6.495000362E0,7.807950497E0,-1.095000029E0
1.900383435E2,7.848000526E0,8.133000374E0,-5.401950359E0
1.900407869E2,3.013950109E0,8.690999985E0,-5.020950317E0
1.900432305E2,2.724000216E0,1.116000080E1,-2.026050091E0
1.900456740E2,3.022950172E0,7.518000126E0,-3.532050133E0
1.900481176E2,1.897950053E0,8.128950119E0,-2.922000170E0
1.900505611E2,7.612950325E0,1.023495007E1,-3.019950151E0
1.900530047E2,5.134950161E0,7.171050549E0,-7.978050232E0
1.900554481E2,2.050500065E-1,9.213000298E0,-1.750950098E0
1.900578918E2,2.487000227E0,9.100950241E0,-4.309500158E-1
1.900603354E2,3.109050035E0,5.028000355E0,-4.258049965E0
1.900627789E2,2.439000130E0,6.723000526E0,-1.092000008E0
1.900652225E2,6.817950249E0,7.753050327E0,-9.010500312E-1
1.900676660E2,4.041000366E0,6.709050179E0,-7.470000386E-1
1.900701096E2,1.708950043E0,1.042905045E1,3.276000261E0
1.900725530E2,2.044049978E0,1.057095051E1,1.999500096E-1
1.900749967E2,1.453050017E0,7.161000252E0,-2.056950092E0
1.900774401E2,6.757950306E0,9.084000587E0,-4.590000153E0
1.900798838E2,7.807050228E0,8.076000214E0,-9.826950073E0
1.900823274E2,1.498050094E0,8.785050392E0,-5.826000214E0
1.900847709E2,1.687050104E0,1.044405079E1,-1.441950083E0
1.900872145E2,4.239000320E0,7.149000168E0,-3.229950190E0
1.900896580E2,1.486050129E0,5.799000263E0,-3.787950277E0
1.900921016E2,5.353050232E0,6.799950123E0,-1.617000103E0
1.900945451E2,7.335000515E0,4.426949978E0,-7.111950397E0
1.900969887E2,3.796950102E0,7.267050266E0,-5.773050308E0
1.900994321E2,2.827050209E0,7.204050541E0,-4.525950432E0
1.901018757E2,1.630050063E0,3.946050167E0,-2.893050194E0
1.901043192E2,5.082000256E0,6.792000294E0,1.570500135E-1
1.901067628E2,7.423950195E0,7.603950500E0,-1.951950073E0
1.901092065E2,2.194950104E0,5.049000263E0,-2.284950018E0
1.901116500E2,1.012050033E0,9.129000664E0,3.679050207E0
1.901140934E2,3.952050209E0,5.071050167E0,-2.938050032E0
1.901165370E2,2.518050194E0,4.795950413E0,-2.047950029E0
1.901189804E2,4.503000259E0,6.237000465E0,6.829500198E-1
1.901214241E2,6.174000263E0,5.751000404E0,-3.544050217E0
1.901238677E2,2.701950073E0,6.919050217E0,-1.224000096E0
1.901263112E2,3.502050161E0,1.053195095E1,6.795000285E-2
1.901287548E2,3.700950146E0,8.446949959E0,-4.167000294E0
1.901311983E2,3.994950294E0,8.278950691E0,-4.039950371E0
1.901336419E2,9.034950256E0,1.002705002E1,-9.547050476E0
1.901360854E2,3.700950146E0,8.835000038E0,-9.730950356E0
1.901385290E2,-8.400000632E-2,1.102800083E1,-3.277950048E0
1.901409724E2,2.863050222E0,9.226950645E0,-3.112950087E0
1.901434160E2,2.415000200E0,6.844950199E0,-4.281000137E0
1.901458595E2,3.430050135E0,7.120950222E0,-1.878000140E0
1.901483032E2,8.578050613E0,7.888950348E0,-2.718000174E0
1.901507468E2,4.282950401E0,6.223050117E0,-3.445950270E0
1.901531903E2,3.030000210E0,1.059495068E1,1.129050016E0
1.901556339E2,2.745000124E0,8.224050522E0,-1.468050122E0
1.901580774E2,1.725000024E0,6.663000107E0,-1.903950095E0
1.901605210E2,7.909950256E0,1.014000034E1,-3.052950144E0
1.901629645E2,5.664000034E0,6.840000153E0,-6.943950176E0
1.901654081E2,1.156050086E0,9.144000053E0,-2.404050112E0
1.901678515E2,3.487950087E0,1.170795059E1,7.549500465E-1
1.901702951E2,4.089000225E0,7.401000500E0,-2.440050125E0
1.901727389E2,2.404950142E0,9.409049988E0,-9.060000181E-1
1.901751823E2,7.273050308E0,9.136950493E0,-4.267050266E0
1.901776259E2,4.699050426E0,8.325000763E0,-7.588050365E0
1.901800694E2,1.201050043E0,1.144905090E1,-3.313950062E0
1.901825130E2,3.768000126E0,9.939000130E0,-3.853050232E0
1.901849565E2,2.944050074E0,8.755949974E0,-4.171050072E0
1.901874001E2,5.146950245E0,1.107600021E1,-2.308950186E0
1.901898436E2,8.326950073E0,1.031205082E1,-6.637050152E0
1.901922872E2,2.431950092E0,9.484050751E0,-3.669000149E0
1.901947306E2,1.222950101E0,1.358295059E1,1.483050108E0
1.901971743E2,3.706050158E0,1.020195007E1,-1.267050028E0
1.901996180E2,1.090950012E0,8.293950081E0,-2.610000134E0
1.902020614E2,3.306000233E0,9.915000916E0,3.195000067E-2
1.902045050E2,4.836000443E0,8.559000015E0,-4.416000366E0
1.902069485E2,2.029950142E0,9.163050652E0,-2.584050179E0
1.902093921E2,4.194000244E0,1.177305031E1,-1.674000025E0
1.902118356E2,3.382050276E0,7.056000233E0,-4.399050236E0
1.902142792E2,2.941950083E0,1.066605091E1,-1.116000056E0
1.902167227E2,9.094950676E0,9.819000244E0,-5.530950069E0
1.902191663E2,4.455000401E0,8.701050758E0,-9.196950912E0
1.902216097E2,1.366050124E0,9.499950409E0,-4.890000343E0
1.902240534E2,3.988050222E0,7.255050182E0,-4.696050167E0
1.902264971E2,3.139950037E0,3.520050049E0,-7.945050240E0
1.902289405E2,3.277050257E0,4.096950054E0,-3.166050196E0
1.902313841E2,6.820950508E0,4.264050007E0,-5.605950356E0
1.902338276E2,3.052050114E0,3.535950184E0,-4.420050144E0
1.902362712E2,2.554050207E0,7.606950283E0,3.427050114E0
1.902387147E2,4.182000160E0,5.173950195E0,3.073050261E0
1.902411583E2,3.315000057E0,6.772950172E0,1.380000114E0
1.902436017E2,6.234000206E0,1.149195099E1,1.114050031E0
1.902460454E2,4.057950020E0,7.372050285E0,-3.874050140E0
1.902484888E2,-3.780000210E-1,9.570000648E0,-2.529000044E0
1.902509324E2,-4.620000124E-1,1.166505051E1,1.714950085E0
1.902533761E2,1.459950089E0,7.851000309E0,1.524000049E0
1.902558195E2,1.153050065E0,8.718000412E0,1.210500076E-1
1.902582632E2,2.484000206E0,9.667950630E0,1.621950030E0
1.902607067E2,3.318000078E0,8.749050140E0,-2.380050182E0
1.902631503E2,6.298950195E0,1.105005074E1,-5.344950199E0
1.902655938E2,1.072995090E1,1.077195072E1,-1.495305061E1
1.902680374E2,3.789000273E0,9.442950249E0,-1.125405025E1
1.902704808E2,4.672950268E0,1.376505089E1,-6.240000248E0
1.902729244E2,4.479000092E0,1.208895016E1,-5.365950108E0
1.902753679E2,1.687050104E0,9.061950684E0,-1.594950080E0
1.902778116E2,4.330049992E0,1.000095081E1,3.310500085E-1
1.902802550E2,4.840050220E0,9.402000427E0,-3.196950197E0
1.902826987E2,1.227000117E0,5.005950451E0,-2.658000231E0
1.902851421E2,3.661950111E0,7.633050442E0,-2.205000073E-2
1.902875858E2,2.173050165E0,7.563000202E0,-3.649050236E0
1.902900294E2,8.059500456E-1,5.538000107E0,4.609500170E-1
1.902924728E2,3.295950174E0,1.036500072E1,1.441950083E0
1.902949164E2,3.424950123E0,5.530950069E0,-1.438950062E0
1.902973599E2,3.661950111E0,1.039800072E1,1.102050066E0
1.902998035E2,7.084050179E0,1.046100044E1,-3.436050177E0
1.903022470E2,2.212050200E0,7.705050468E0,-4.843950272E0
1.903046907E2,1.390050054E0,1.196700096E1,-2.329500169E-1
1.903071340E2,3.550050259E0,9.301950455E0,-3.427050114E0
1.903095777E2,1.792950034E0,6.670050144E0,-3.204000235E0
1.903120211E2,4.575000286E0,7.932000160E0,-3.001050234E0
1.903144648E2,7.716000557E0,7.482000351E0,-6.763950348E0
1.903169082E2,3.820050240E0,7.188000202E0,-8.833050728E0
1.903193519E2,4.267950058E0,9.682050705E0,-6.429000378E0
1.903217955E2,4.291950226E0,6.424050331E0,-6.562950134E0
1.903242390E2,3.931050301E0,7.177950382E0,-3.094050169E0
1.903266826E2,9.190950394E0,1.018305016E1,-5.782950401E0
1.903291261E2,3.916050196E0,6.775950432E0,-6.709050179E0
1.903315697E2,3.660000265E-1,9.876000404E0,4.560000300E-1
1.903340131E2,8.950500488E-1,8.119050026E0,1.471050024E0
1.903364567E2,2.773950100E0,3.709050179E0,-1.863000035E0
1.903389002E2,2.728950024E0,7.312050343E0,2.151000023E0
1.903413438E2,7.432950497E0,6.247050285E0,-7.669500113E-1
1.903437875E2,4.723050117E0,5.911050320E0,-3.433950186E0
1.903462310E2,1.636950135E0,1.038405037E1,1.132950068E0
1.903486746E2,2.191950083E0,9.073950768E0,-1.339050055E0
1.903511180E2,2.065050125E0,9.465000153E0,-2.482950211E0
1.903535616E2,6.835050106E0,1.120005035E1,-6.268950462E0
1.903560051E2,6.789000511E0,9.558000565E0,-9.721050262E0
1.903584487E2,1.333050013E0,8.338950157E0,-6.312000275E0
1.903608922E2,4.720950127E0,8.176050186E0,-5.182050228E0
1.903633358E2,5.808000088E0,6.426000118E0,-6.618000507E0
1.903657792E2,2.929950237E0,5.206950188E0,-5.493000031E0
1.903682229E2,7.129050255E0,7.009950161E0,-4.981050014E0
1.903706666E2,6.217050076E0,5.209950447E0,-7.447050571E0
1.903731100E2,2.413050175E0,6.388050079E0,-2.605050087E0
1.903755536E2,2.575050116E0,7.267050266E0,1.039500013E-1
1.903779971E2,1.321050048E0,4.800000191E0,5.370000005E-1
1.903804407E2,1.915050149E0,8.599950790E0,4.264950275E0
1.903828842E2,4.522050381E0,7.899000168E0,9.250500202E-1
1.903853278E2,6.859500408E-1,6.133950233E0,7.500000596E-1
1.903877712E2,7.650000453E-1,9.784950256E0,2.686950207E0
1.903902148E2,2.026950121E0,7.993950367E0,-1.012950063E0
1.903926585E2,8.419500589E-1,7.458000183E0,-1.582950115E0
1.903951020E2,2.893950224E0,8.200050354E0,4.060500264E-1
1.903975456E2,3.343950272E0,8.677050591E0,-4.000950336E0
1.903999891E2,3.102000237E0,7.888950348E0,-2.950050116E0
1.904024327E2,7.558050156E0,1.001805019E1,-6.457950115E0
1.904048761E2,6.916050434E0,7.147050381E0,-8.179050446E0
1.904073198E2,8.467950821E0,8.089950562E0,-5.104950428E0
1.904097632E2,1.059900093E1,9.208050728E0,-8.088000298E0
1.904122068E2,4.764000416E0,9.031050682E0,-9.440999985E0
1.904146503E2,2.614050150E0,8.173950195E0,-6.082050323E0
1.904170939E2,5.599050045E0,9.547950745E0,-5.505000114E0
1.904195376E2,2.592000008E0,6.442950249E0,-5.026050091E0
1.904219811E2,3.205050230E0,7.125000477E0,1.215000033E0
1.904244247E2,4.924050331E0,1.023105049E1,-8.895000070E-2
1.904268681E2,1.551000118E0,7.908000469E0,5.010000467E-1
1.904293117E2,4.849500358E-1,1.191405010E1,6.754950523E0
1.904317552E2,1.488000035E0,8.109000206E0,2.388000011E0
1.904341988E2,1.213050008E0,9.903000832E0,-7.260000110E-1
1.904366423E2,6.768000126E0,1.349895096E1,-2.827950239E0
1.904390859E2,5.098950386E0,9.979050636E0,-7.698000431E0
1.904415294E2,1.651050091E0,9.883950233E0,-2.698950052E0
1.904439730E2,3.069000244E0,1.325895023E1,-2.577000141E0
1.904464167E2,3.907050133E0,1.215795040E1,-2.614950180E0
1.904488601E2,4.510050297E0,1.112895012E1,-1.140000105E0
1.904513037E2,8.287950516E0,1.280505085E1,-5.562000275E0
1.904537472E2,6.138000488E0,1.167705059E1,-6.754950523E0
1.904561908E2,3.871050119E0,1.406400108E1,-6.642000198E0
1.904586343E2,4.687050343E0,1.232295036E1,-6.786000252E0
1.904610779E2,1.879050136E0,1.028595066E1,-3.999000072E0
1.904635213E2,4.125000000E0,1.373805046E1,-4.270500243E-1
1.904659650E2,6.993000507E0,1.287405014E1,-4.774950027E0
1.904684084E2,2.539950132E0,1.020705032E1,-3.573000193E0
1.904708520E2,3.291000128E0,6.814050198E0,-1.312950015E0
1.904732955E2,4.060050011E0,8.155050278E0,-4.959000111E0
1.904757391E2,3.850500286E-1,5.065950394E0,-5.365950108E0
1.904781826E2,-1.468050122E0,6.010050297E0,-1.612050056E0
1.904806262E2,-1.695000008E-2,1.125000000E0,-6.349500418E-1
1.904830699E2,2.013000011E0,2.562000036E0,-7.830000520E-1
1.904855133E2,4.279950142E0,6.508050442E0,1.354050040E0
1.904879570E2,6.805950165E0,1.960950136E0,-6.760500073E-1
1.904904004E2,5.247000217E0,5.919000149E0,-3.202050209E0
1.904928441E2,8.932050705E0,9.782999992E0,-2.071950197E0
1.904952875E2,5.671050072E0,5.610000134E0,-6.558000088E0
1.904977311E2,-7.489500642E-1,9.334950447E0,-1.192950010E0
1.905001746E2,4.290000439E0,6.016950130E0,-1.344000101E0
1.905026182E2,4.021950245E0,3.928950071E0,-4.618950367E0
1.905050619E2,6.448950291E0,7.468050480E0,-4.444050312E0
1.905075053E2,1.046205044E1,7.048950195E0,-7.162050247E0
1.905099490E2,4.642050266E0,6.916950226E0,-6.961050510E0
1.905123924E2,2.128050089E0,1.122900009E1,-2.548050165E0
1.905148360E2,3.130950212E0,9.699000359E0,-3.372000217E0
1.905172795E2,1.120050073E0,9.277950287E0,-1.669050097E0
1.905197231E2,4.381050110E0,1.172700024E1,-3.562950134E0
1.905221666E2,4.009950161E0,1.003005028E1,-8.485950470E0
1.905246102E2,-2.100000158E-2,9.759000778E0,-2.656050205E0
1.905270537E2,8.539500237E-1,9.523950577E0,-1.825050116E0
1.905294973E2,2.470050097E0,7.417050362E0,-2.959950209E0
1.905319407E2,1.299000025E0,6.769050121E0,6.000000052E-3
1.905343843E2,5.274000168E0,9.462000847E0,-4.510500133E-1
1.905368280E2,3.639000177E0,7.590000153E0,-4.075950146E0
1.905392715E2,1.290000081E0,8.943000793E0,-1.399050117E0
1.905417151E2,4.120050430E0,6.742050171E0,-2.449950218E0
1.905441586E2,4.101000309E0,3.000000238E0,-5.740050316E0
1.905466022E2,8.230950356E0,7.020000458E0,-3.333000183E0
1.905490457E2,7.000050545E0,5.215050220E0,-7.035000324E0
1.905514893E2,4.830000103E-1,4.884000301E0,-2.922000170E0
1.905539327E2,1.491000056E0,8.337000847E0,2.746950150E0
1.905563764E2,3.358050108E0,5.005950451E0,-2.665050030E0
1.905588201E2,1.845000029E0,2.614050150E0,-3.235050201E0
1.905612635E2,5.299950123E0,7.834050179E0,-1.554000020E0
1.905637071E2,4.347000122E0,6.157950401E0,-4.723950386E0
1.905661506E2,5.205000192E-2,9.487950325E0,-2.445000172E0
1.905685942E2,4.560000300E-1,1.060905075E1,8.599500656E-1
1.905710377E2,6.430500150E-1,6.441000462E0,-1.444050074E0
1.905734813E2,2.242950201E0,9.960000038E0,1.639500111E-1
1.905759247E2,6.318000317E0,8.218950272E0,-6.007950306E0
1.905783684E2,1.942950130E0,7.510950565E0,-7.156950474E0
1.905808121E2,2.749500275E-1,9.237000465E0,-2.503050089E0
1.905832554E2,4.299000263E0,7.741050243E0,-1.915950060E0
1.905856991E2,3.871050119E0,6.961950302E0,-3.847950220E0
1.905881426E2,5.803050041E0,9.229950905E0,5.230500102E-1
1.905905862E2,7.821000576E0,1.055400085E1,-4.377000332E0
1.905930297E2,3.495000124E0,9.847950935E0,-4.080000401E0
1.905954733E2,3.154950142E0,1.349205017E1,-1.935000062E0
1.905979168E2,4.516950130E0,9.571950912E0,-4.425000191E0
1.906003604E2,4.624950409E0,9.454950333E0,-3.466950178E0
1.906028038E2,1.037100029E1,1.170600033E1,-5.743950367E0
1.906052475E2,7.282950401E0,1.047495079E1,-1.005900002E1
1.906076909E2,1.768950105E0,1.176495075E1,-5.064000130E0
1.906101345E2,3.994950294E0,1.144200039E1,-3.502950191E0
1.906125780E2,4.069050312E0,7.291050434E0,-5.622000217E0
1.906150217E2,2.827050209E0,7.630050182E0,-2.289000034E0
1.906174651E2,5.845950127E0,9.790050507E0,-3.532050133E0
1.906199088E2,2.110949993E0,9.037950516E0,-3.763950109E0
1.906223522E2,1.273050070E0,9.061950684E0,1.390050054E0
1.906247958E2,2.736000061E0,9.105000496E0,2.308950186E0
1.906272395E2,2.034000158E0,5.907000065E0,8.050500154E-1
1.906296829E2,1.594050050E0,1.099005032E1,6.709500551E-1
1.906321265E2,4.789950371E0,1.137495041E1,2.239950180E0
1.906345700E2,8.970000148E-1,7.717050552E0,-5.179499984E-1
1.906370136E2,1.498050094E0,1.241895103E1,9.405000508E-2
1.906394571E2,4.480950356E0,9.655950546E0,-1.867950082E0
1.906419008E2,1.192050099E0,6.589050293E0,-3.357000113E0
1.906443442E2,4.287000179E0,1.037700081E1,-8.340000510E-1
1.906467879E2,4.927050114E0,1.192605019E1,-5.883000374E0
1.906492315E2,2.953950167E0,1.060695076E1,-3.340950251E0
1.906516749E2,4.357050419E0,1.229505062E1,-4.078050137E0
1.906541185E2,3.439950228E0,1.023795033E1,-2.919000149E0
1.906565620E2,2.881950140E0,1.117395020E1,-2.590500116E-1
1.906590056E2,8.323950768E0,1.355895042E1,-4.059000015E0
1.906614491E2,3.921000242E0,1.161195087E1,-6.226050377E0
1.906638927E2,1.453050017E0,1.126500034E1,-3.441000223E0
1.906663362E2,4.453050137E0,1.056405067E1,-3.640050173E0
1.906687798E2,3.073050261E0,6.939000130E0,-5.601000309E0
1.906712232E2,5.797950268E0,7.635000229E0,-1.842000127E0
1.906736669E2,7.351950169E0,9.298950195E0,-6.120000362E0
1.906761103E2,2.944050074E0,8.077950478E0,-7.276950359E0
1.906785540E2,3.178950071E0,8.513999939E0,-3.826950073E0
1.906809976E2,3.411000252E0,6.220050335E0,-3.630000114E0
1.906834411E2,1.480950117E0,4.555950165E0,-4.223999977E0
1.906858847E2,4.717950344E0,9.486000061E0,-2.260500044E-1
1.906883281E2,4.204050064E0,4.695000172E0,-4.180950165E0
1.906907718E2,-5.029500127E-1,7.012950420E0,-2.272950172E0
1.906932152E2,2.524950027E0,5.218950272E0,-4.840500355E-1
1.906956588E2,5.962950230E0,1.590000033E0,-4.492050171E0
1.906981023E2,1.579050064E0,2.670000076E0,-4.204950333E0
1.907005459E2,4.942950249E0,4.753050327E0,3.340500295E-1
1.907029896E2,5.398050308E0,2.068950176E0,-3.091950178E0
1.907054331E2,1.507950068E0,7.080000401E0,-8.700000495E-2
1.907078767E2,4.074000359E0,5.263050079E0,5.879999995E-1
1.907103201E2,3.694050074E0,3.180000067E0,-3.052950144E0
1.907127638E2,5.334000111E0,6.460050106E0,-1.444050074E0
1.907152072E2,7.287000179E0,6.292050362E0,-5.056950092E0
1.907176508E2,2.430000156E-1,5.698050499E0,-4.756050110E0
1.907200943E2,2.149500102E-1,8.197950363E0,6.379500031E-1
1.907225379E2,2.877000093E0,6.754050255E0,-4.095000267E0
1.907249816E2,1.327950120E0,3.297000170E0,-3.076950073E0
1.907274251E2,5.185050011E0,5.406000137E0,-5.287050247E0
1.907298687E2,5.580000401E0,6.238950253E0,-6.214050293E0
1.907323122E2,1.237050056E0,7.507950306E0,-5.977050304E0
1.907347558E2,2.022000074E0,9.457050323E0,-4.167000294E0
1.907371992E2,3.066000223E0,5.799000263E0,-5.914050102E0
1.907396428E2,2.664000034E0,4.654050350E0,-4.722000122E0
1.907420863E2,8.785950661E0,9.430950165E0,-4.942050457E0
1.907445299E2,4.735050201E0,5.308050156E0,-8.850000381E0
1.907469734E2,-1.606050134E0,1.000305080E1,7.050000429E-1
1.907494170E2,3.973950148E0,6.499950409E0,1.876050115E0
1.907518604E2,5.005950451E0,4.156050205E0,-2.803950071E0
1.907543041E2,4.048050404E0,5.952000141E0,1.864050031E0
1.907567478E2,6.223950386E0,7.711950302E0,9.250500202E-1
1.907591912E2,3.507000208E0,7.386000156E0,-2.067000151E0
1.907616348E2,1.170000076E0,1.215795040E1,1.689000130E0
1.907640783E2,3.208050251E0,1.036200047E1,-3.229950190E0
1.907665219E2,2.275950193E0,8.437050819E0,-4.471050262E0
1.907689654E2,5.269050121E0,1.158300018E1,-3.304950237E0
1.907714090E2,6.564000130E0,1.291500092E1,-8.682000160E0
1.907738525E2,1.816050053E0,1.196895027E1,-3.357000113E0
1.907762962E2,9.139500260E-1,1.373805046E1,2.443050146E0
1.907787395E2,3.294000149E0,1.204095078E1,7.005000114E-2
1.907811832E2,2.913000107E0,9.529050827E0,-1.492050052E0
1.907836268E2,7.200000286E-1,1.247205067E1,-1.444050074E0
1.907860703E2,2.868000031E0,1.336995029E1,3.427050114E0
1.907885139E2,2.635050058E0,1.334805107E1,-2.008949995E0
1.907909574E2,2.523000002E0,1.414800072E1,-1.885050058E0
1.907934010E2,4.078950405E0,1.031205082E1,4.560000300E-1
1.907958444E2,1.038000107E0,9.093000412E0,-4.351050377E0
1.907982881E2,7.192050457E0,1.354695034E1,3.000000026E-3
1.908007315E2,5.367000103E0,1.328805065E1,-1.134705067E1
1.908031751E2,3.892050266E0,9.754050255E0,-6.010050297E0
1.908056186E2,6.058950424E0,1.035000038E1,-7.144950390E0
1.908080622E2,6.331950188E0,5.737050056E0,-9.202050209E0
1.908105057E2,3.069000244E0,6.988950253E0,-3.771000147E0
1.908129493E2,6.483000278E0,1.018800068E1,-1.255050063E0
1.908153930E2,3.355950117E0,7.470000267E0,-3.036000252E0
1.908178364E2,3.715050220E0,9.627000809E0,2.737950087E0
1.908202800E2,5.620950222E0,8.740950584E0,-1.500000060E-2
1.908227235E2,3.172050238E0,5.454000473E0,-3.193950176E0
1.908251671E2,4.788000107E0,1.116705036E1,-9.150000215E-1
1.908276106E2,7.977000237E0,9.385950089E0,-4.914000034E0
1.908300542E2,1.504950047E0,9.900000572E0,-4.486950397E0
1.908324977E2,1.821000099E0,1.326705074E1,3.649500310E-1
1.908349413E2,4.563000202E0,8.647950172E0,-3.781050205E0
1.908373847E2,2.371950150E0,8.506950378E0,-3.324000120E0
1.908398284E2,4.933950424E0,1.055595016E1,-2.004000187E0
1.908422720E2,5.962950230E0,8.722050667E0,-6.013050079E0
1.908447155E2,1.468950033E0,9.036000252E0,-5.304000378E0
1.908471591E2,1.843050122E0,7.654050350E0,-2.823000193E0
1.908496026E2,4.278000355E0,4.565999985E0,-6.853050232E0
1.908520462E2,2.748000145E0,3.898050070E0,-6.001050472E0
1.908544897E2,6.685950279E0,6.229950428E0,-6.036000252E0
1.908569333E2,5.122950077E0,3.712950230E0,-9.175050735E0
1.908593768E2,-4.800000042E-2,5.140050411E0,-1.936950088E0
1.908618204E2,-1.501050115E0,8.196000099E0,5.911950111E0
1.908642641E2,-6.390000582E-1,1.594950080E0,3.477000237E0
1.908667075E2,5.689499974E-1,-3.100500107E-1,8.599500656E-1
1.908691511E2,1.965000153E0,8.569500446E-1,1.878000140E0
1.908715946E2,5.001000404E0,7.900500298E-1,2.656050205E0
1.908740382E2,2.061000109E0,8.100000024E-2,-2.395050049E0
1.908764817E2,5.856000423E0,2.293950081E0,-1.866000056E0
1.908789253E2,5.341050148E0,7.710000277E-1,-7.581000328E0
1.908813687E2,3.082950115E0,2.209950209E0,-4.059000015E0
1.908838124E2,6.871050358E0,6.754050255E0,-4.980000257E-1
1.908862561E2,3.994950294E0,6.670050144E0,-2.134050131E0
1.908886994E2,-5.359500051E-1,9.100950241E0,-1.092000008E0
1.908911431E2,9.040500522E-1,1.670205116E1,4.537950039E0
1.908935866E2,2.932050228E0,1.259895039E1,4.909050465E0
1.908960302E2,1.644000053E0,8.461050034E0,-2.347050190E0
1.908984737E2,8.511000633E0,1.575900078E1,1.267050028E0
1.909009173E2,6.331950188E0,1.380105019E1,-1.009200001E1
1.909033607E2,4.498050213E0,1.416195107E1,-6.558000088E0
1.909058044E2,5.250000477E0,1.589100075E1,-9.748050690E0
1.909082478E2,2.458050013E0,1.051800060E1,-5.766000271E0
1.909106914E2,2.149049997E0,1.216305065E1,-2.995950222E0
1.909131351E2,3.892050266E0,1.551195049E1,-6.460050106E0
1.909155786E2,9.109500647E-1,1.066200066E1,-6.775950432E0
1.909180222E2,8.059500456E-1,6.931050301E0,-2.718000174E0
1.909204657E2,3.661950111E0,1.193505096E1,-5.040000439E0
1.909229093E2,2.094000101E0,8.089950562E0,-5.695950508E0
1.909253527E2,1.498050094E0,1.767000079E0,-1.866000056E0
1.909277964E2,2.227950096E0,8.530950546E0,-1.915950060E0
1.909302398E2,-8.190000653E-1,2.269950151E0,1.749000072E0
1.909326834E2,-4.450500309E-1,6.369000435E0,4.545000076E0
1.909351269E2,5.500500202E-1,7.180050373E0,5.599050045E0
1.909375706E2,1.824000120E0,2.368050098E0,3.409950256E0
1.909400140E2,6.169050217E0,6.871950150E0,3.286050081E0
1.909424577E2,1.022805023E1,1.102305031E1,-2.859000206E0
1.909449011E2,5.191950321E0,5.482950211E0,-4.468050003E0
1.909473447E2,6.591000080E0,9.943050385E0,-3.867000103E0
1.909497882E2,5.431950092E0,7.786050320E0,-8.212950706E0
1.909522318E2,2.973000050E0,4.930050373E0,-6.465000153E0
1.909546754E2,7.074000359E0,4.996950150E0,-8.734950066E0
1.909571189E2,8.446050644E0,5.101950169E0,-9.943950653E0
1.909595625E2,1.192050099E0,5.206950188E0,-8.464050293E0
1.909620060E2,4.213050365E0,6.133950233E0,-5.749050140E0
1.909644496E2,6.436950207E0,4.819950104E0,-7.756050587E0
1.909668931E2,2.749950171E0,3.088950157E0,-7.453950405E0
1.909693367E2,4.603050232E0,5.440050125E0,-3.276000261E0
1.909717801E2,3.961950302E0,6.613050461E0,-2.509950161E0
1.909742238E2,3.180000186E-1,4.647000313E0,3.445950270E0
1.909766674E2,-2.964000225E0,9.951000214E0,2.173050165E0
1.909791109E2,-3.418950081E0,3.265950203E0,6.997050285E0
1.909815545E2,3.700500131E-1,-1.062000036E0,2.659050226E0
1.909839980E2,1.162950039E0,1.860000134E0,8.220000267E-1
1.909864416E2,5.263950348E0,6.160050392E0,8.944050789E0
1.909888851E2,1.086405087E1,5.587950230E0,-6.373950481E0
1.909913287E2,1.233000088E1,3.706050158E0,-1.842705154E1
1.909937722E2,1.097700024E1,4.470000267E0,-2.399100113E1
1.909962158E2,2.383949995E0,5.799000263E0,-2.521005058E1
1.909986595E2,-6.559500098E-1,7.920000553E0,-2.244000196E0
1.910011029E2,2.550000250E-1,1.583100033E1,1.233105087E1
1.910035466E2,2.652000189E0,1.313700104E1,8.599050522E0
1.910059900E2,1.713000059E0,1.109700012E1,6.379500031E-1
1.910084336E2,5.410050392E0,1.199295044E1,1.798950076E0
1.910108771E2,3.739050150E0,9.622950554E0,-5.539500117E-1
1.910133207E2,4.230000019E0,1.272105026E1,-1.219050050E0
1.910157642E2,3.325050116E0,1.374105072E1,2.902950048E0
1.910182078E2,1.567050099E0,1.286205101E1,-3.400500119E-1
1.910206515E2,6.000000052E-3,1.372605038E1,-3.847950220E0
1.910230950E2,1.270950079E0,1.382505035E1,-7.470000386E-1
1.910255386E2,4.279500246E-1,1.294800091E1,1.228950024E0
1.910279820E2,-4.683000088E0,1.693905067E1,-1.902000070E0
1.910304256E2,-4.432050228E0,1.099695015E1,1.966950059E0
1.910328691E2,-4.180050373E0,1.040100002E1,5.520000458E-1
1.910353127E2,-2.674050093E0,6.024000168E0,-3.633000135E0
1.910377562E2,-4.140000343E-1,6.823950291E0,3.612000227E0
1.910401998E2,1.230000019E0,7.384050369E0,5.017050266E0
1.910426433E2,3.174000263E0,5.161950111E0,2.706000090E0
1.910450869E2,4.299000263E0,5.332050323E0,7.572000504E0
1.910475303E2,8.248050690E0,1.115700054E1,3.181050062E0
1.910499740E2,6.255000114E0,1.001295090E1,2.740050077E0
1.910524177E2,4.000050068E0,5.076000214E0,5.932050228E0
1.910548611E2,3.685950279E0,3.433050156E0,1.384950042E0
1.910573047E2,3.105000257E0,9.226950645E0,6.979500055E-1
1.910597482E2,3.504000187E0,1.361595058E1,7.978950500E0
1.910621918E2,1.917000055E0,8.890050888E0,3.619500101E-1
1.910646353E2,1.065600014E1,8.883000374E0,3.211950064E0
1.910670789E2,2.161200142E1,8.884950638E0,-2.915805054E1
1.910695223E2,4.687050343E0,5.578950405E0,-3.691305161E1
1.910719660E2,6.360000372E-1,7.959000587E0,-2.739405060E1
1.910744094E2,3.466050148E0,9.139050484E0,-1.558200073E1
1.910768531E2,2.100000158E-2,6.378000259E0,-6.013050079E0
1.910792967E2,3.598050117E0,8.310000420E0,4.990950108E0
1.910817402E2,3.220050097E0,1.778894997E1,5.761950493E0
1.910841838E2,2.692950010E0,1.050600052E1,1.828050137E0
1.910866273E2,2.700000048E0,1.151595020E1,4.296000004E0
1.910890709E2,4.744950294E0,1.554795074E1,3.766950130E0
1.910915144E2,2.683050156E0,1.167405033E1,1.105050087E0
1.910939580E2,4.050000105E-3,1.182300091E1,-3.673050165E0
1.910964015E2,7.410000563E-1,1.068300056E1,2.896050215E0
1.910988451E2,9.109500647E-1,7.075050354E0,2.173050165E0
1.911012885E2,6.619500518E-1,8.524050713E0,-7.330500484E-1
1.911037322E2,8.274000168E0,8.920950890E0,-5.187000275E0
1.911061756E2,1.567050099E0,5.943000317E0,-9.283050537E0
1.911086193E2,8.370000124E-1,3.694050074E0,-5.893050194E0
1.911110629E2,5.446050167E0,5.056950092E0,-9.796050072E0
1.911135064E2,2.434050083E0,3.984000206E0,-7.056000233E0
1.911159500E2,9.520500302E-1,2.665050030E0,-1.735950112E0
1.911183935E2,3.864000082E0,5.638050079E0,-8.820000291E-1
1.911208371E2,2.836050034E0,5.670000076E0,2.550000250E-1
1.911232806E2,1.645950079E0,6.615000248E0,4.150500298E-1
1.911257242E2,1.954950094E0,8.670000076E0,3.934950113E0
1.911281676E2,1.840050101E0,6.799950123E0,3.564000130E0
1.911306113E2,8.950500488E-1,5.341950417E0,6.090000272E-1
1.911330549E2,1.981950045E0,1.089600086E1,2.809050083E0
1.911354984E2,2.116050005E0,1.123395061E1,1.098000050E0
1.911379420E2,5.430000424E-1,9.469050407E0,-3.361950159E0
1.911403855E2,4.159500301E-1,1.205505085E1,2.565000057E0
1.911428291E2,2.652000189E0,1.292205048E1,4.239000320E0
1.911452726E2,2.440950155E0,1.111695099E1,-1.777050138E0
1.911477162E2,1.882950068E0,1.427205086E1,-9.990000725E-1
1.911501596E2,9.409049988E0,1.241205025E1,1.426050067E0
1.911526033E2,2.262000084E0,8.440050125E0,-6.333000183E0
1.911550467E2,9.768000603E0,1.173405075E1,-9.148950577E0
1.911574904E2,9.607050896E0,1.087500095E1,-1.281195068E1
1.911599340E2,3.379950047E0,1.208595085E1,-8.923950195E0
1.911623775E2,5.398050308E0,1.438995075E1,-3.430950165E0
1.911648211E2,6.436950207E0,1.209300041E1,-3.570000172E0
1.911672646E2,2.743050098E0,9.838050842E0,-2.610000134E0
1.911697082E2,4.692000389E0,1.049895096E1,-2.203050137E0
1.911721516E2,3.832050085E0,1.034805012E1,-7.873050213E0
1.911745952E2,-1.579500139E-1,3.019050121E0,-8.224950790E0
1.911770387E2,-7.729500532E-1,2.490000010E0,-2.827950239E0
1.911794823E2,1.725000024E0,5.061000347E0,-4.827000141E0
1.911819260E2,-2.920500040E-1,1.981950045E0,-1.554000020E0
1.911843694E2,-1.378950119E0,-1.519500017E-1,2.448000193E0
1.911868131E2,7.680000067E-1,1.627950072E0,4.488000393E0
1.911892566E2,2.539950132E0,7.350000143E-1,1.804050088E0
1.911917002E2,2.154000044E0,-2.505000122E-2,-3.499500155E-1
1.911941436E2,5.500950336E0,1.506000042E0,1.095000029E0
1.911965872E2,6.117000103E0,1.474950075E0,-2.452050209E0
1.911990307E2,5.113050461E0,3.934050083E0,-1.387050033E0
1.912014743E2,7.171950340E0,1.140600014E1,-4.528050423E0
1.912039180E2,6.382050514E0,7.537050247E0,-5.493000031E0
1.912063614E2,8.710500598E-1,6.208050251E0,5.010000467E-1
1.912088051E2,1.681950092E0,1.584105110E1,2.527050018E0
1.912112485E2,5.713950157E0,1.849605179E1,6.631050110E0
1.912136922E2,3.544950247E0,8.872950554E0,-1.759950042E0
1.912161356E2,1.158000112E0,1.416000080E1,-1.111050010E0
1.912185793E2,8.437050819E0,1.874205017E1,2.143949986E0
1.912210227E2,7.861950397E0,1.111905098E1,-6.889050484E0
1.912234663E2,8.188050270E0,9.790050507E0,-1.257300091E1
1.912259098E2,8.949000359E0,1.153605080E1,-1.961700058E1
1.912283534E2,3.313050270E0,9.799950600E0,-1.319805050E1
1.912307969E2,7.231950283E0,8.832000732E0,-7.950000286E0
1.912332405E2,7.230000496E0,1.180605030E1,-1.149495029E1
1.912356839E2,3.514050245E0,4.815000057E0,-1.141200066E1
1.912381275E2,2.311950207E0,5.785050392E0,-7.059000492E0
1.912405712E2,-4.950000439E-3,7.137000561E0,-3.360000253E-1
1.912430147E2,-3.640500307E-1,3.043050051E0,8.611050606E0
1.912454583E2,-3.778050184E0,5.518950462E0,4.713000298E0
1.912479018E2,-1.233000040E0,2.677050114E0,3.808050156E0
1.912503454E2,1.936050057E0,2.527950048E0,9.193050385E0
1.912527888E2,2.653950214E0,2.440050125E0,6.669000149E0
1.912552325E2,7.323000431E0,3.037950039E0,4.897050381E0
1.912576759E2,1.583505058E1,3.651000261E0,-1.169400024E1
1.912601195E2,1.267500019E1,8.310000420E0,-2.047200012E1
1.912625632E2,4.408950329E0,1.068300056E1,-2.062500191E1
1.912650067E2,-4.810500145E-1,7.204050541E0,-6.862950325E0
1.912674503E2,6.960000396E-1,4.903050423E0,6.099000454E0
1.912698938E2,3.052050114E0,1.396605110E1,2.890950203E0
1.912723374E2,5.889000416E0,1.397505093E1,5.335050106E0
1.912747808E2,2.209050179E0,7.021950245E0,4.762950420E0
1.912772244E2,4.052999973E0,1.154295063E1,-5.686950207E0
1.912796679E2,5.401050091E0,1.624305153E1,1.818000078E0
1.912821115E2,3.508950233E0,1.107795048E1,1.159500033E-1
1.912845552E2,1.066950083E0,1.567995071E1,-2.289000034E0
1.912869987E2,2.602050066E0,1.827105141E1,1.477950096E0
1.912894423E2,1.548000097E0,1.195695019E1,-3.720000088E-1
1.912918857E2,-2.149500102E-1,1.093500042E1,-3.142050266E0
1.912943294E2,3.540000021E-1,1.357095051E1,3.312000275E0
1.912967728E2,9.709500670E-1,1.038600063E1,2.922000170E0
1.912992164E2,-9.289500713E-1,9.529050827E0,5.320500135E-1
1.913016599E2,-2.200500071E-1,1.417200089E1,4.429950237E0
1.913041035E2,1.318050027E0,9.702000618E0,4.495050430E0
1.913065470E2,1.407000065E0,6.019050121E0,2.830500007E-1
1.913089906E2,6.355950356E0,9.675000191E0,7.030950546E0
1.913114340E2,1.981005096E1,6.522000313E0,-1.451505089E1
1.913138777E2,1.163295078E1,5.029500127E-1,-2.618700218E1
1.913163211E2,1.032795048E1,4.966050148E0,-2.790405083E1
1.913187648E2,4.090950012E0,3.831000090E0,-2.614605141E1
1.913212084E2,1.950000064E-3,4.483950138E0,-1.288905048E1
1.913236519E2,1.498050094E0,4.882050037E0,3.918000221E0
1.913260955E2,3.964050293E0,9.076950073E0,5.031000137E0
1.913285389E2,1.407000065E0,5.269950390E0,1.210050106E0
1.913309825E2,2.620950222E0,6.418950081E0,5.431050301E0
1.913334260E2,5.008050442E0,8.662050247E0,5.248950481E0
1.913358696E2,2.599050045E0,5.185950279E0,4.360949993E0
1.913383131E2,2.056050062E0,8.171999931E0,2.821050167E0
1.913407567E2,2.178000212E0,1.092705059E1,3.130050182E0
1.913432002E2,2.104050159E0,6.976950169E0,3.655050278E0
1.913456439E2,7.304999977E-2,8.830050468E0,-2.347050190E0
1.913480875E2,3.420000076E-1,1.324995041E1,-1.320000052E0
1.913505309E2,2.025000095E0,1.177995014E1,3.793050289E0
1.913529746E2,1.384950042E0,1.200000095E1,-2.500050068E0
1.913554180E2,2.410500050E-1,1.302495098E1,-2.553000212E0
1.913578616E2,1.560000062E0,1.239795017E1,2.857050180E0
1.913603051E2,8.610000610E-1,1.256805038E1,-2.280000150E-1
1.913627487E2,-4.830000103E-1,1.326705074E1,-1.269000053E0
1.913651922E2,2.049000025E0,1.216305065E1,3.303000212E0
1.913676358E2,2.275950193E0,1.135605049E1,-1.126049995E0
1.913700792E2,5.020500422E-1,1.048200035E1,-6.090000272E-1
1.913725229E2,5.260500312E-1,1.054395008E1,4.432950020E0
1.913749665E2,1.534050107E0,9.487950325E0,4.773000240E0
1.913774100E2,2.002950191E0,6.852000237E0,1.852050066E0
1.913798536E2,2.339895058E1,6.012000084E0,-2.752050161E0
1.913822971E2,1.282800102E1,5.016000271E0,-3.324300003E1
1.913847407E2,3.030000210E0,8.002050400E0,-2.660295105E1
1.913871842E2,2.671050072E0,1.011795044E1,-1.752195168E1
1.913896278E2,2.992050171E0,8.803950310E0,-7.827000141E0
1.913920713E2,1.387950063E0,9.553050041E0,6.882000446E0
1.913945149E2,3.378000259E0,1.722705078E1,7.174050331E0
1.913969585E2,2.977950096E0,1.224195099E1,4.567049980E0
1.913994020E2,6.340500116E-1,7.947000504E0,2.448000193E0
1.914018456E2,-1.108050108E0,1.399200058E1,-7.027950287E0
1.914042891E2,7.489500642E-1,1.238805103E1,1.135950089E0
1.914067327E2,1.831050038E0,9.733050346E0,5.926950455E0
1.914091762E2,1.516950130E0,1.028805065E1,-2.401950121E0
1.914116198E2,3.220050097E0,9.814050674E0,6.280500293E-1
1.914140635E2,2.865000248E0,8.623950005E0,1.132950068E0
1.914165069E2,9.619500637E-1,8.413050652E0,-2.078999996E0
1.914189505E2,1.771050096E0,9.057000160E0,1.168950081E0
1.914213940E2,2.443950176E0,7.333950520E0,2.671050072E0
1.914238376E2,1.053000093E0,5.112000465E0,-9.700500369E-1
1.914262811E2,1.119000053E1,6.831000328E0,3.061050177E0
1.914287247E2,8.749950409E0,4.396049976E0,-1.732800102E1
1.914311682E2,1.548000097E0,3.318000078E0,-1.355895042E1
1.914336118E2,6.070500016E-1,3.973950148E0,-8.220000267E0
1.914360552E2,3.958950281E0,2.892000198E0,-7.252950191E0
1.914384989E2,4.905000329E-2,1.900950074E0,-3.295050144E0
1.914409423E2,3.580950260E0,4.735949993E0,6.276000500E0
1.914433859E2,7.656000137E0,6.819000244E0,1.324950099E0
1.914458294E2,4.399950027E0,6.223050117E0,4.117050171E0
1.914482731E2,2.508000135E0,1.064295006E1,1.993050098E0
1.914507165E2,6.853950500E0,1.073805046E1,1.027950048E0
1.914531602E2,3.367950201E0,9.088950157E0,-9.558000565E0
1.914556038E2,2.887050152E0,1.061100006E1,-5.373000145E0
1.914580473E2,5.986950397E0,9.460050583E0,-1.147905064E1
1.914604909E2,3.475950241E0,7.972950459E0,-1.003305054E1
1.914629343E2,5.359500051E-1,8.643000603E0,-1.521000028E0
1.914653780E2,4.132050037E0,9.277950287E0,-1.969050050E0
1.914678214E2,6.447000504E0,9.093000412E0,-5.397000313E0
1.914702651E2,1.797000051E0,7.470000267E0,-1.710000038E0
1.914727085E2,3.114000082E0,9.634950638E0,5.830500126E-1
1.914751522E2,4.996050358E0,1.110495090E1,-1.902000070E0
1.914775956E2,2.247000217E0,9.381000519E0,8.839500546E-1
1.914800393E2,1.453050017E0,7.137000561E0,-1.954050064E0
1.914824829E2,1.522050023E0,9.414000511E0,9.949500561E-1
1.914849263E2,1.338000059E0,7.063050270E0,2.152950048E0
1.914873699E2,2.479500175E-1,4.422000408E0,9.195000678E-2
1.914898134E2,5.056050301E0,5.928000450E0,-2.490000129E-1
1.914922570E2,2.422049999E0,5.026050091E0,-5.068950176E0
1.914947005E2,2.259000063E0,5.923050404E0,-2.136000156E0
1.914971441E2,6.246000290E0,7.449000359E0,-2.593050241E0
1.914995876E2,5.913000107E0,4.474950314E0,-5.605950356E0
1.915020312E2,9.705000371E-2,5.602950096E0,-2.962050200E0
1.915044747E2,2.082000017E0,9.466950417E0,1.488000035E0
1.915069183E2,3.502050161E0,9.727950096E0,-1.437000036E0
1.915093620E2,1.467000127E0,6.940950394E0,-1.417950034E0
1.915118054E2,9.949500561E-1,9.991050720E0,1.714950085E0
1.915142490E2,1.974000096E0,1.091805077E1,1.834950089E0
1.915166925E2,2.769000053E0,8.947050095E0,1.612050056E0
1.915191361E2,5.844000340E0,9.049950600E0,-2.520000041E-1
1.915215796E2,1.300005054E1,9.979050636E0,-8.236949921E0
1.915240232E2,4.495950222E0,7.744950294E0,-1.000095081E1
1.915264667E2,5.590500236E-1,1.120305061E1,-1.597050071E0
1.915289103E2,5.058000088E0,1.181100082E1,-1.843950033E0
1.915313540E2,7.363950253E0,9.388050079E0,-6.238050461E0
1.915337974E2,3.535950184E0,1.029105091E1,-5.026050091E0
1.915362410E2,6.586050510E0,1.043700027E1,-2.572050095E0
1.915386845E2,5.877000332E0,9.748950005E0,-6.489000320E0
1.915411281E2,2.704950094E0,9.136950493E0,-3.424050093E0
1.915435716E2,3.888000250E0,8.992950439E0,-5.340000391E-1
1.915460152E2,6.279000282E0,8.524050713E0,-6.331050396E0
1.915484586E2,4.017000198E0,7.072950363E0,-8.371050835E0
1.915509023E2,3.661950111E0,8.374950409E0,-2.610000134E0
1.915533460E2,7.876050472E0,8.638050079E0,-4.975950241E0
1.915557894E2,3.184050083E0,8.409000397E0,-3.252000093E0
1.915582330E2,2.092050076E0,8.614950180E0,5.686950207E0
1.915606765E2,3.805950165E0,1.115505028E1,1.810950041E0
1.915631201E2,3.234000206E0,8.884950638E0,5.250000358E-1
1.915655636E2,2.209050179E0,8.832000732E0,-1.915950060E0
1.915680072E2,3.720000267E0,1.051800060E1,-2.572050095E0
1.915704507E2,2.748000145E0,9.649050713E0,-3.999000072E0
1.915728943E2,1.558050036E0,9.958050728E0,-7.519500256E-1
1.915753377E2,7.560000420E-1,1.060905075E1,1.240950108E0
1.915777813E2,1.783050060E0,1.144905090E1,1.402050018E0
1.915802250E2,2.994000196E0,1.103805065E1,-2.740050077E0
1.915826684E2,1.551000118E0,1.016805077E1,-1.180950046E0
1.915851121E2,3.889950275E0,9.808950424E0,-4.260000229E0
1.915875555E2,2.403000116E0,1.095600033E1,-7.336950302E0
1.915899992E2,5.760000348E-1,9.559950829E0,-2.827950239E0
1.915924426E2,1.666050076E0,7.603950500E0,5.899500251E-1
1.915948863E2,3.289050102E0,1.203600025E1,-4.510950089E0
1.915973297E2,1.534050107E0,8.275050163E0,-4.885050297E0
1.915997733E2,7.489500642E-1,5.559000492E0,1.138050079E0
1.916022168E2,3.753000259E0,8.931000710E0,-2.886000156E0
1.916046604E2,3.001950026E0,5.844000340E0,-3.855000257E0
1.916071039E2,2.070000172E0,4.968000412E0,-1.144950032E0
1.916095475E2,6.624000549E0,6.496050358E0,-4.705049992E0
1.916119912E2,7.359000206E0,3.655950069E0,-9.051000595E0
1.916144346E2,2.374050140E0,6.217950344E0,-2.725050211E0
1.916168782E2,7.062000275E0,8.461050034E0,6.739500165E-1
1.916193217E2,6.265050411E0,4.948950291E0,-6.357000351E0
1.916217653E2,1.089000106E0,1.061100006E1,-2.569500208E-1
1.916242088E2,2.736000061E0,9.651000023E0,-7.905000448E-2
1.916266524E2,9.502050400E0,7.819950581E0,-5.452050209E0
1.916290959E2,3.931050301E0,7.057950497E0,-7.947000504E0
1.916315395E2,5.160000324E-1,8.992950439E0,1.368000031E0
1.916339830E2,2.755050182E0,9.286950111E0,-7.380000353E-1
1.916364266E2,3.741000175E0,7.603950500E0,-3.561000109E0
1.916388700E2,1.654050112E0,9.940950394E0,1.009500027E-1
1.916413137E2,4.759050369E0,9.970050812E0,-2.368050098E0
1.916437573E2,4.383000374E0,9.402000427E0,-6.628050327E0
1.916462008E2,1.338000059E0,1.007295036E1,-2.767950058E0
1.916486444E2,1.429050088E0,1.120500088E1,8.290500641E-1
1.916510879E2,2.524950027E0,1.079100037E1,-4.231050014E0
1.916535315E2,9.040500522E-1,1.094400024E1,-1.654950023E0
1.916559749E2,-5.170500278E-1,8.301000595E0,9.559500217E-1
1.916584186E2,1.218000054E0,8.061000824E0,1.890000105E0
1.916608620E2,2.475000143E0,8.703000069E0,-3.958050251E0
1.916633057E2,1.669500023E-1,7.282950401E0,-3.007950068E0
1.916657493E2,3.769950151E0,9.048000336E0,4.729500115E-1
1.916681928E2,3.382050276E0,9.487950325E0,-3.289950132E0
1.916706364E2,2.367000103E0,6.799950123E0,3.390000165E-1
1.916730799E2,5.122950077E0,8.124000549E0,1.180500090E-1
1.916755235E2,8.524950027E0,8.064000130E0,-5.743950367E0
1.916779669E2,3.303000212E0,5.907000065E0,-5.212950230E0
1.916804106E2,3.825000286E0,1.037400055E1,-1.914000034E0
1.916828540E2,6.997950554E0,9.418950081E0,-5.332950115E0
1.916852977E2,1.941000104E0,9.769050598E0,-3.811950207E0
1.916877413E2,7.030500174E-1,9.663000107E0,3.000000119E-1
1.916901848E2,5.851050377E0,9.795000076E0,-9.250500202E-1
1.916926284E2,7.681950569E0,9.393000603E0,-8.032950401E0
1.916950719E2,1.732950091E0,9.721050262E0,-4.565999985E0
1.916975155E2,4.351950169E0,1.338405037E1,-1.051950097E0
1.916999590E2,3.298950195E0,1.155000019E1,-3.301950216E0
1.917024026E2,5.380499959E-1,1.161705017E1,-6.160500050E-1
1.917048460E2,1.399500072E-1,1.229505062E1,2.565000057E0
1.917072897E2,3.355950117E0,1.042500019E1,-1.924950123E0
1.917097331E2,1.893000126E0,9.651000023E0,-5.100000381E0
1.917121767E2,2.905950069E0,1.176795101E1,-1.324950099E0
1.917146204E2,5.665950298E0,1.316100025E1,-3.795000076E0
1.917170638E2,4.048050404E0,1.245000076E1,-4.084949970E0
1.917195075E2,1.744950056E0,1.241895103E1,-1.939500123E-1
1.917219510E2,3.271950245E0,1.202895069E1,3.010950089E0
1.917243946E2,5.097000122E0,1.132005024E1,-5.170050144E0
1.917268381E2,2.290950060E0,9.964950562E0,-6.409950256E0
1.917292817E2,1.234950066E0,9.249000549E0,-2.785050154E0
1.917317251E2,3.670050144E0,9.337950706E0,-4.234050274E0
1.917341688E2,3.018000126E0,9.237000465E0,-2.239050150E0
1.917366122E2,1.222950101E0,6.928950310E0,1.804050088E0
1.917390558E2,6.006000519E0,7.429050446E0,-6.130500436E-1
1.917414993E2,5.407950401E0,7.549050331E0,-5.922000408E0
1.917439429E2,1.792950034E0,4.579950333E0,-1.257000089E0
1.917463866E2,4.216050148E0,6.579000473E0,-2.538000107E0
1.917488301E2,5.985000134E0,5.923050404E0,-7.396050453E0
1.917512737E2,1.383000016E0,5.326950073E0,-3.679950237E0
1.917537172E2,-2.149500102E-1,4.795950413E0,1.387050033E0
1.917561608E2,5.887050152E0,6.441000462E0,-2.433000088E0
1.917586042E2,5.224050045E0,2.488050222E0,-5.608050346E0
1.917610478E2,-1.113000035E0,6.108000278E0,-1.818000078E0
1.917634913E2,4.085999966E0,4.951050282E0,-8.670000434E-1
1.917659349E2,6.117000103E0,4.504050255E0,-5.187000275E0
1.917683784E2,5.620500445E-1,5.686050415E0,-2.236950159E0
1.917708220E2,5.137050152E0,7.173000336E0,1.605000019E0
1.917732654E2,9.460950851E0,4.147050381E0,-5.881050110E0
1.917757091E2,2.785950184E0,5.682000160E0,-4.183050156E0
1.917781527E2,2.008050203E0,8.515950203E0,2.896050215E0
1.917805962E2,5.307000160E0,6.508050442E0,-2.914050102E0
1.917830398E2,1.852050066E0,7.008000374E0,-1.638000131E0
1.917854833E2,-6.889500618E-1,8.590950012E0,3.418050051E0
1.917879269E2,6.487950325E0,8.107049942E0,-3.193950176E0
1.917903704E2,7.648950577E0,5.113950253E0,-1.174905014E1
1.917928140E2,2.980050087E0,7.602000237E0,-8.388000488E0
1.917952574E2,4.543950081E0,8.614950180E0,-9.103950500E0
1.917977010E2,4.045950413E0,7.645050526E0,-8.352000237E0
1.918001445E2,-5.430000424E-1,7.252050400E0,-3.847950220E0
1.918025882E2,2.379000187E0,7.816950321E0,6.739500165E-1
1.918050318E2,5.821950436E0,6.192000389E0,-5.221950054E0
1.918074753E2,4.672950268E0,4.911000252E0,-4.195050240E0
1.918099189E2,4.189050198E0,7.474950314E0,5.970000029E-1
1.918123624E2,8.381999969E0,6.622950077E0,-2.962050200E0
1.918148060E2,2.968050241E0,8.064000130E0,-1.995000057E-2
1.918172494E2,-1.321050048E0,1.009905052E1,5.533950329E0
1.918196931E2,-1.939500123E-1,9.031050682E0,2.266050100E0
1.918221365E2,2.358000040E0,9.771000862E0,9.679500461E-1
1.918245802E2,2.494050026E0,1.142805099E1,1.090050101E0
1.918270238E2,2.194950104E0,1.275900078E1,1.878000140E0
1.918294673E2,3.354000092E0,1.369995022E1,1.780050039E0
1.918319109E2,4.113000393E0,1.414095020E1,-1.372050047E0
1.918343543E2,5.833950043E0,1.552905083E1,-8.029500246E-1
1.918367980E2,5.965950489E0,1.535700035E1,-8.035950661E0
1.918392414E2,2.451000214E0,1.410705090E1,-6.895950317E0
1.918416850E2,3.174000263E0,1.575900078E1,-3.393000126E0
1.918441285E2,6.124050140E0,1.458795071E1,-7.711950302E0
1.918465721E2,3.696000099E0,1.300305080E1,-1.002300072E1
1.918490158E2,8.350500464E-1,1.223505020E1,-2.926050186E0
1.918514593E2,4.206000328E0,1.182105064E1,-1.216950059E0
1.918539026E2,7.093050480E0,1.291905022E1,-7.393950462E0
1.918563463E2,4.168050289E0,8.011050224E0,-6.910050392E0
1.918587897E2,5.731050491E0,9.316050529E0,-3.613050222E0
1.918612334E2,4.749000072E0,1.111905098E1,-3.277950048E0
1.918636770E2,1.998000145E0,6.517050266E0,-6.495000422E-2
1.918661205E2,1.567050099E0,4.080000401E0,6.291000366E0
1.918685641E2,2.578050137E0,7.791000366E0,4.210050106E0
1.918710076E2,2.752950191E0,4.128000259E0,-1.474950075E0
1.918734512E2,4.740000248E0,5.047050476E0,3.232950211E0
1.918758949E2,9.256050110E0,6.057000160E0,-4.120950222E0
1.918783383E2,5.530050278E0,6.667950153E0,-9.508050919E0
1.918807820E2,-6.460500360E-1,9.630000114E0,-1.444050074E0
1.918832253E2,6.550500393E-1,1.093695068E1,3.316950083E0
1.918856690E2,6.058950424E0,8.421000481E0,-5.131050110E0
1.918881125E2,4.705950260E0,7.173000336E0,-5.740050316E0
1.918905561E2,6.102000237E0,8.659950256E0,-4.317000389E0
1.918929996E2,6.447000504E0,8.176050186E0,-5.694000244E0
1.918954432E2,3.961950302E0,6.757050514E0,-5.713050365E0
1.918978866E2,2.889000177E0,7.639950275E0,-6.010500193E-1
1.919003302E2,7.386000156E0,7.836000443E0,-4.279050350E0
1.919027739E2,5.467950344E0,6.097950459E0,-5.871000290E0
1.919052173E2,2.638050079E0,7.939050198E0,-1.695000008E-2
1.919076610E2,4.977000237E0,1.023105049E1,-1.341000080E0
1.919101044E2,2.551050186E0,8.679000854E0,-2.613000154E0
1.919125481E2,1.339950085E0,5.823000431E0,-5.295000225E-2
1.919149915E2,-1.200000010E-2,9.855000496E0,7.930500507E-1
1.919174352E2,4.759500325E-1,1.046505070E1,4.219950199E0
1.919198786E2,2.239500135E-1,5.470950127E0,-1.650000095E0
1.919223222E2,3.603000164E0,7.609050274E0,-6.450000405E-1
1.919247657E2,7.453050137E0,6.520050526E0,-7.180950165E0
1.919272093E2,3.745950222E0,6.340050220E0,-6.205950260E0
1.919296528E2,6.859500408E-1,8.574000359E0,-2.413950205E0
1.919320964E2,4.359000206E0,8.181000710E0,-2.401950121E0
1.919345398E2,5.311950207E0,7.468050480E0,-6.484050274E0
1.919369835E2,2.662050009E0,8.056950569E0,-4.050000310E-1
1.919394269E2,6.136050224E0,9.967050552E0,-1.903950095E0
1.919418705E2,4.194000244E0,9.129000664E0,-3.745050192E0
1.919443142E2,7.990500331E-1,1.080300045E1,9.280500412E-1
1.919467577E2,1.491000056E0,9.745050430E0,2.842950106E0
1.919492013E2,7.066950321E0,1.010895061E1,-2.196000099E0
1.919516448E2,3.715050220E0,8.657999992E0,-6.963000298E0
1.919540884E2,2.752950191E0,9.928950310E0,-2.826000214E0
1.919565318E2,5.317050457E0,1.012095070E1,-5.052000046E0
1.919589755E2,1.831050038E0,9.426000595E0,-3.819000244E0
1.919614189E2,1.999500096E-1,8.251049995E0,1.641000032E0
1.919638626E2,3.907050133E0,8.926050186E0,-3.000000026E-3
1.919663060E2,4.678050041E0,8.277000427E0,-6.670950413E0
1.919687497E2,1.942950130E0,8.221950531E0,-3.724050283E0
1.919711933E2,5.764950275E0,9.129000664E0,-3.903000116E0
1.919736368E2,3.483000278E0,7.578000546E0,-6.718950272E0
1.919760804E2,-2.419500053E-1,6.757050514E0,7.189500332E-1
1.919785238E2,-7.039500475E-1,8.008950233E0,4.275000095E0
1.919809675E2,3.433050156E0,6.673050404E0,-1.219050050E0
1.919834109E2,2.143949986E0,2.650050163E0,-4.336950302E0
1.919858545E2,4.254000187E0,5.866050243E0,5.110500455E-1
1.919882980E2,9.339000702E0,6.160050392E0,-4.914000034E0
1.919907417E2,6.535950184E0,7.159050465E0,-3.793050289E0
1.919931853E2,3.148050070E0,1.108995056E1,3.778950214E0
1.919956287E2,4.347000122E0,1.235205078E1,1.770000100E0
1.919980724E2,3.685950279E0,1.102800083E1,-3.997050285E0
1.920005158E2,1.468950033E0,1.179705048E1,-4.308000088E0
1.920029594E2,5.407950401E0,1.086495018E1,-4.993050098E0
1.920054029E2,4.869000435E0,9.565050125E0,-1.095900059E1
1.920078465E2,1.206000090E0,1.088205051E1,-4.162050247E0
1.920102900E2,3.337050200E0,1.066395092E1,-5.269500017E-1
1.920127336E2,7.885950565E0,1.031205082E1,-5.955000401E0
1.920151770E2,4.942950249E0,9.748950005E0,-8.437950134E0
1.920176207E2,1.804050088E0,1.102605057E1,-2.007000208E0
1.920200641E2,6.174000263E0,1.095105076E1,-5.871000290E0
1.920225078E2,3.508950233E0,9.309000015E0,-6.721050262E0
1.920249514E2,2.415000200E0,8.689050674E0,-2.464050055E0
1.920273949E2,4.945950031E0,9.133950233E0,-3.307050228E0
1.920298385E2,4.342050076E0,6.361950397E0,-6.703950405E0
1.920322820E2,5.190000534E-1,6.421050072E0,-1.387050033E0
1.920347256E2,1.156050086E0,8.406000137E0,2.653950214E0
1.920371691E2,4.195950031E0,4.774050236E0,-3.070050240E0
1.920396127E2,8.470500112E-1,4.398000240E0,5.920500159E-1
1.920420561E2,1.002000093E0,6.903000355E0,7.059000492E0
1.920444998E2,6.792000294E0,3.526950121E0,-1.345950007E0
1.920469435E2,4.768950462E0,1.321950078E0,-3.589950085E0
1.920493869E2,3.025950193E0,5.341950417E0,2.316000223E0
1.920518305E2,5.893950462E0,9.577050209E0,-1.759950042E0
1.920542740E2,3.030000210E0,5.926050186E0,-2.458950043E0
1.920567176E2,3.970500231E-1,7.723950386E0,1.059000015E0
1.920591611E2,2.482050180E0,1.066605091E1,-3.499500155E-1
1.920616047E2,3.247950077E0,8.820000648E0,-3.930000305E0
1.920640482E2,2.631000042E0,9.440999985E0,-3.036000252E0
1.920664918E2,9.022950172E0,1.270905018E1,-5.517000198E0
1.920689352E2,7.869000435E0,1.067595005E1,-1.007100010E1
1.920713788E2,7.579500079E-1,8.706000328E0,-4.135050297E0
1.920738223E2,9.780000448E-1,1.165800095E1,2.613000154E0
1.920762659E2,2.164050102E0,1.226805019E1,-1.630500108E-1
1.920787094E2,7.459500432E-1,8.338950157E0,-2.754000187E0
1.920811530E2,-5.505000427E-2,7.690050602E0,9.990000725E-1
1.920835964E2,3.811050177E0,9.958050728E0,-5.674950123E0
1.920860401E2,4.174950123E0,9.571950912E0,-1.175895023E1
1.920884838E2,2.571000099E0,7.744950294E0,-6.400050163E0
1.920909272E2,3.591000080E0,7.410000324E0,-7.365000248E0
1.920933708E2,3.253050089E0,7.140000343E0,-9.637050629E0
1.920958143E2,-3.250500262E-1,5.530950069E0,-4.825050354E0
1.920982579E2,2.599050045E0,7.027050495E0,5.590500236E-1
1.921007014E2,8.607000351E0,2.329950094E0,-4.236000061E0
1.921031450E2,3.082950115E0,3.093000174E0,-1.729500145E-1
1.921055884E2,2.212050200E0,6.012000084E0,6.352950096E0
1.921080321E2,8.266950607E0,3.043050051E0,-8.790000677E-1
1.921104758E2,6.904050350E0,1.234950066E0,-4.279050350E0
1.921129192E2,3.801000118E0,6.639000416E0,1.786950111E0
1.921153628E2,6.685950279E0,1.116900063E1,9.370500445E-1
1.921178063E2,4.660950184E0,8.017950058E0,-3.961050272E0
1.921202499E2,4.300500154E-1,9.819000244E0,2.007000208E0
1.921226934E2,1.000050068E0,1.293900108E1,1.770000100E0
1.921251370E2,3.612000227E0,1.236900043E1,1.828050137E0
1.921275804E2,2.073000193E0,1.162395096E1,-1.420050025E0
1.921300240E2,2.322000027E0,1.558905029E1,8.029500246E-1
1.921324675E2,5.926950455E0,1.474200058E1,-3.652050257E0
1.921349112E2,2.271000147E0,1.180095100E1,-5.548050404E0
1.921373548E2,3.715050220E0,1.315905094E1,-2.962050200E0
1.921397983E2,2.899050236E0,1.472505093E1,-1.036095047E1
1.921422419E2,5.790000558E-1,1.152600098E1,-8.140950203E0
1.921446853E2,2.599500120E-1,9.440999985E0,-3.493950129E0
1.921471290E2,3.066000223E0,1.319700050E1,-6.112950325E0
1.921495724E2,2.194950104E0,1.007700062E1,-6.835950375E0
1.921520160E2,1.098000050E0,3.643950224E0,-3.622950077E0
1.921544595E2,3.100050211E0,9.237000465E0,-5.968950272E0
1.921569031E2,2.200050116E0,1.348050117E0,-9.098999977E0
1.921593468E2,-1.105949998E0,3.297000170E0,-5.100000501E-1
1.921617903E2,2.362050056E0,7.402950287E0,6.034950256E0
1.921642339E2,3.406050205E0,1.599000096E0,8.250000477E-1
1.921666773E2,3.445050240E0,6.820500493E-1,4.597949982E0
1.921691210E2,5.403000355E0,4.390950203E0,5.098050117E0
1.921715644E2,1.085700035E1,4.626000404E0,-2.883000135E0
1.921740080E2,8.434050560E0,2.617050171E0,-6.084000111E0
1.921764515E2,3.934950113E0,1.042005062E1,-4.870500267E-1
1.921788951E2,6.466050148E0,1.072395039E1,-5.883000374E0
1.921813386E2,1.627050042E0,9.405000687E0,-2.440050125E0
1.921837823E2,5.620500445E-1,1.211700058E1,4.300950050E0
1.921862259E2,2.314050198E0,1.476300049E1,3.169050217E0
1.921886694E2,5.628000259E0,1.287900066E1,1.144950032E0
1.921911130E2,7.242000580E0,1.194705009E1,-4.653000355E0
1.921935564E2,1.306500053E1,1.357095051E1,-1.412700081E1
1.921960001E2,4.900050163E0,1.207200050E1,-1.258200073E1
1.921984435E2,1.125000000E0,1.254795074E1,-7.950000465E-3
1.922008871E2,2.692950010E0,1.370205021E1,1.291050076E0
1.922033306E2,2.082000017E0,1.477500057E1,1.086000085E0
1.922057742E2,4.005000368E-2,1.053195095E1,-1.630950093E0
1.922082177E2,-8.550000191E-1,1.084395027E1,-3.003000259E0
1.922106613E2,2.821950197E0,1.495200062E1,2.898000240E0
1.922131050E2,1.189050078E0,1.157100010E1,-7.990050316E0
1.922155484E2,-1.450950027E0,9.192000389E0,-2.050050020E0
1.922179921E2,-1.264050007E0,1.222995090E1,-6.502950191E0
1.922204354E2,1.519950032E0,5.739000320E0,-9.799950600E0
1.922228791E2,2.506050110E0,6.675000191E0,-5.413950443E0
1.922253225E2,7.696950436E0,3.712950230E0,-5.196000099E0
1.922277662E2,5.395950317E0,1.293000102E0,-6.253950119E0
1.922302097E2,1.807050109E0,3.511950254E0,6.094050407E0
1.922326533E2,5.712000370E0,6.678000450E0,4.794000149E0
1.922350967E2,8.065950394E0,5.217000484E0,-2.100000143E0
1.922375404E2,8.671050072E0,2.124000072E0,-2.401950121E0
1.922399840E2,9.246000290E0,6.199050426E0,-4.581000328E0
1.922424274E2,7.726050377E0,6.792000294E0,-9.060000420E0
1.922448711E2,7.290000319E-1,5.169000149E0,-7.423050404E0
1.922473145E2,3.958950281E0,7.603950500E0,-2.208000183E0
1.922497582E2,7.584000587E0,5.440050125E0,-5.767950058E0
1.922522017E2,2.748000145E0,3.586950064E0,-6.072000504E0
1.922546453E2,3.733950138E0,7.683000565E0,-1.641000032E0
1.922570887E2,5.937000275E0,6.163050175E0,-4.192950249E0
1.922595324E2,9.760500193E-1,4.570950031E0,-5.545950413E0
1.922619758E2,-1.534950018E0,4.501049995E0,2.290050030E0
1.922644194E2,-8.760000467E-1,7.614000320E0,6.517950535E0
1.922668629E2,2.001000166E0,3.859050274E0,-2.950500250E-1
1.922693065E2,1.081050038E0,6.340050220E0,4.699500203E-1
1.922717500E2,8.899500370E-1,8.479949951E0,2.086050034E0
1.922741936E2,1.927050114E0,9.034049988E0,1.816050053E0
1.922766371E2,1.905000091E0,9.828000069E0,-6.420000196E-1
1.922790807E2,3.010950089E0,1.083600044E1,4.320000112E-1
1.922815244E2,4.399950027E0,1.030500031E1,-4.532999992E0
1.922839678E2,1.266000032E0,1.075995064E1,-3.697050095E0
1.922864114E2,9.162000656E0,1.151895046E1,-3.301950216E0
1.922888549E2,8.932050705E0,7.585050583E0,-1.208205032E1
1.922912985E2,6.813000202E0,5.494950294E0,-9.931950569E0
1.922937420E2,3.042000055E0,7.741050243E0,-5.907000065E0
1.922961856E2,8.305050850E0,7.120950222E0,-5.911950111E0
1.922986291E2,5.410050392E0,6.541050434E0,-1.063395023E1
1.923010727E2,2.212050200E0,5.014050007E0,-3.063000202E0
1.923035162E2,5.820000172E0,6.409050465E0,-3.373950243E0
1.923059598E2,4.507950306E0,6.646050453E0,-7.609950542E0
1.923084035E2,8.920500278E-1,3.790050268E0,-1.839000106E0
1.923108469E2,1.572000027E0,5.080950260E0,5.284950256E0
1.923132906E2,1.789500117E-1,8.785050392E0,2.344950199E0
1.923157340E2,-1.738050103E0,5.442000389E0,2.445000172E0
1.923181776E2,2.550000250E-1,8.761050224E0,6.319050312E0
1.923206211E2,5.911050320E0,4.470000267E0,-3.259500265E-1
1.923230647E2,9.040500522E-1,3.535950184E0,-4.525950432E0
1.923255082E2,1.036050081E0,7.578000546E0,6.379500031E-1
1.923279518E2,3.220050097E0,5.935050488E0,-2.158050060E0
1.923303953E2,1.918950081E0,3.690000057E0,-1.123050094E0
1.923328390E2,9.019500613E-1,5.338950157E0,1.810950041E0
1.923352826E2,1.261050105E0,1.093005085E1,3.840000033E-1
1.923377260E2,5.404950142E0,8.896950722E0,1.251000047E0
1.923401697E2,5.065050125E0,7.606950283E0,-3.520050049E0
1.923426131E2,1.324905109E1,1.181805038E1,-1.086795044E1
1.923450567E2,7.189050198E0,1.122000027E1,-1.190700054E1
1.923475002E2,1.534050107E0,1.380300045E1,-3.196950197E0
1.923499438E2,5.191950321E0,1.579500103E1,-3.205950260E0
1.923523873E2,5.221050262E0,1.275900078E1,-5.886000156E0
1.923548309E2,5.359500051E-1,1.178700066E1,-3.019500077E-1
1.923572746E2,4.314000130E0,1.165500069E1,-1.315050006E0
1.923597181E2,7.273050308E0,9.187050819E0,-7.252950191E0
1.923621617E2,4.089000225E0,1.041000080E1,-9.228000641E0
1.923646051E2,4.102950096E0,1.131105042E1,-4.192950249E0
1.923670488E2,7.210950375E0,1.129905033E1,-7.353000164E0
1.923694922E2,3.403950214E0,1.002495003E1,-7.368000507E0
1.923719359E2,3.967050076E0,1.049595070E1,-8.310000300E-1
1.923743793E2,5.572950363E0,1.110705090E1,-4.981050014E0
1.923768229E2,1.387950063E0,6.595950127E0,-6.360000134E0
1.923792664E2,9.660000205E-1,6.610950470E0,-3.405000269E-2
1.923817101E2,3.877950191E0,8.806050301E0,-3.301950216E0
1.923841537E2,3.157050133E0,2.701050043E0,-6.553950310E0
1.923865971E2,-5.290500522E-1,4.743000031E0,-3.310500085E-1
1.923890408E2,4.906949997E0,4.357950211E0,1.746000051E0
1.923914842E2,8.793000221E0,3.000000238E0,-5.775000095E0
1.923939278E2,8.040000200E-1,2.346000195E0,-4.281000137E0
1.923963713E2,5.980500579E-1,7.390950203E0,3.544050217E0
1.923988149E2,4.879050255E0,4.222949982E0,-2.098050117E0
1.924012584E2,2.025000095E0,5.278950214E0,-5.659500360E-1
1.924037020E2,-5.790000558E-1,6.060000420E0,2.473950148E0
1.924061455E2,1.132050037E0,5.169000149E0,1.555050015E0
1.924085891E2,1.587000132E0,5.623950481E0,5.520000458E-1
1.924110325E2,1.476000071E0,7.048950195E0,-2.218050003E0
1.924134761E2,2.152050018E0,1.100595093E1,2.497950077E0
1.924159196E2,2.250000000E0,7.639950275E0,3.130050182E0
1.924183633E2,1.177050114E0,6.631950378E0,-2.971950054E0
1.924208067E2,1.357050061E0,1.201005077E1,-2.581950188E0
1.924232504E2,3.628950119E0,1.065405083E1,3.231000185E0
1.924256940E2,1.572000027E0,6.220050335E0,-7.005000114E-2
1.924281374E2,2.164050102E0,1.101405048E1,-1.417950034E0
1.924305810E2,8.125050545E0,1.149195099E1,-9.931950569E0
1.924330245E2,2.125050068E0,9.775950432E0,-1.023405075E1
1.924354681E2,2.539950132E0,1.020900059E1,-6.721050262E0
1.924379116E2,3.286950111E0,1.011600018E1,-6.250050068E0
1.924403553E2,1.660950065E0,8.446949959E0,-2.536050081E0
1.924427987E2,4.065000057E0,1.102605057E1,2.272950172E0
1.924452424E2,5.902950287E0,1.007700062E1,-2.185950041E0
1.924476858E2,1.881000042E0,6.073950291E0,-2.479050159E0
1.924501294E2,2.131950140E0,7.173000336E0,4.432950020E0
1.924525731E2,5.961000443E0,8.892000198E0,-3.049500287E-1
1.924550165E2,3.664950132E0,6.187050343E0,-3.958050251E0
1.924574602E2,1.804050088E0,8.928000450E0,2.380950212E0
1.924599036E2,4.759050369E0,1.206705093E1,-1.078050017E0
1.924623472E2,4.048050404E0,1.021395016E1,-3.481950283E0
1.924647907E2,8.419500589E-1,1.196700096E1,-7.140000463E-1
1.924672343E2,1.693950057E0,1.242600060E1,-7.930500507E-1
1.924696778E2,1.989000082E0,1.146900082E1,-4.819950104E0
1.924721214E2,2.959500253E-1,9.069000244E0,-5.869500041E-1
1.924745648E2,1.840050101E0,9.345000267E0,1.143000007E0
1.924770085E2,2.880000114E0,1.157895088E1,-5.409000397E0
1.924794521E2,1.282950044E0,8.479949951E0,-4.009050369E0
1.924818955E2,7.249500155E-1,8.686050415E0,-1.432050109E0
1.924843392E2,4.534049988E0,9.595950127E0,-5.212950230E0
1.924867827E2,3.066000223E0,9.097949982E0,-8.440050125E0
1.924892263E2,4.090500176E-1,7.992000580E0,2.550000250E-1
1.924916697E2,2.808000088E0,8.281949997E0,-1.404000044E0
1.924941133E2,3.631050110E0,7.294950485E0,-3.525000095E0
1.924965568E2,1.720950127E0,5.491950035E0,-1.384050012E0
1.924990004E2,4.266000271E0,5.217000484E0,-1.969050050E0
1.925014439E2,5.287950039E0,2.562000036E0,-7.296000481E0
1.925038875E2,3.064050198E0,2.143050194E0,-3.706950188E0
1.925063310E2,5.239950180E0,7.678050518E0,-3.240000010E-1
1.925087746E2,5.973000050E0,3.079050064E0,-4.602000237E0
1.925112183E2,3.700500131E-1,6.433050156E0,-2.179500163E-1
1.925136617E2,-1.386000037E0,7.720950603E0,3.955950260E0
1.925161054E2,7.684950352E0,5.923050404E0,-2.172000170E0
1.925185488E2,7.417050362E0,2.775000095E0,-1.063605022E1
1.925209924E2,2.025000095E0,7.756950378E0,-4.019999981E0
1.925234359E2,9.267000198E0,7.116000175E0,-4.489950180E0
1.925258795E2,6.777000427E0,5.794050217E0,-8.103000641E0
1.925283230E2,1.737000108E0,9.567000389E0,1.596000075E0
1.925307666E2,5.110950470E0,9.453000069E0,5.370000005E-1
1.925332100E2,6.900000095E0,7.666050434E0,-5.446950436E0
1.925356537E2,4.204050064E0,9.313950539E0,-3.094050169E0
1.925380974E2,6.085050106E0,1.147095013E1,-1.071000099E0
1.925405408E2,5.887050152E0,1.062795067E1,-6.460050106E0
1.925429844E2,2.197050095E0,1.024695015E1,-4.510500133E-1
1.925454279E2,7.770000100E-1,1.266600037E1,2.544000149E0
1.925478715E2,2.872050047E0,1.250805092E1,1.240950108E0
1.925503150E2,2.965950251E0,1.180905056E1,-3.397950172E0
1.925527586E2,1.539000034E0,1.407405090E1,-1.344000101E0
1.925552020E2,2.022000074E0,1.442805099E1,-1.849050045E0
1.925576456E2,2.386050224E0,1.363800049E1,-2.254050016E0
1.925600891E2,4.500000179E-2,1.240905094E1,-1.401000023E0
1.925625327E2,-2.080500126E-1,1.259595013E1,1.879500151E-1
1.925649764E2,6.960000396E-1,1.235205078E1,4.579500258E-1
1.925674199E2,2.460000068E-1,1.053495026E1,6.550500393E-1
1.925698635E2,-3.690000176E-1,1.102605057E1,-9.850500226E-1
1.925723069E2,2.607000113E0,1.182495022E1,3.766950130E0
1.925747506E2,2.494050026E0,8.521050453E0,2.710500062E-1
1.925771940E2,9.780000448E-1,9.883950233E0,-5.332950115E0
1.925796376E2,2.391000032E0,1.197600079E1,3.384000063E0
1.925820811E2,2.005950212E0,8.509050369E0,3.802950144E0
1.925845247E2,1.869000077E0,7.432050228E0,-1.732050061E0
1.925869682E2,4.551000118E0,1.125105095E1,5.710500479E-1
1.925894119E2,5.815050125E0,9.682050705E0,4.069050312E0
1.925918555E2,3.190950155E0,5.035050392E0,-1.249500066E-1
1.925942989E2,6.744000435E0,6.601050377E0,5.050050259E0
1.925967426E2,1.276305103E1,4.453050137E0,-1.104300022E1
1.925991860E2,5.563950062E0,3.679950237E0,-1.704495049E1
1.926016297E2,3.864000082E0,4.767000198E0,-1.879095078E1
1.926040731E2,4.876049995E0,2.980950117E0,-2.001900101E1
1.926065167E2,1.089000106E0,1.513050079E0,-1.270200062E1
1.926089602E2,-4.095000029E-2,1.341000080E0,4.131000042E0
1.926114038E2,-1.918050051E0,1.000995064E1,9.394050598E0
1.926138473E2,-1.951050043E0,1.477050066E0,6.147000313E0
1.926162909E2,8.400000334E-1,1.080000043E0,4.876049995E0
1.926187346E2,2.827050209E0,3.205950260E0,7.272000313E0
1.926211781E2,3.433050156E0,3.630000114E0,7.974000454E0
1.926236217E2,1.014600086E1,7.519500256E-1,1.291050076E0
1.926260651E2,1.316295052E1,4.120500088E-1,-7.626000404E0
1.926285088E2,2.026395035E1,2.491950035E0,-1.960995102E1
1.926309522E2,1.392195034E1,9.580500722E-1,-2.553300095E1
1.926333958E2,5.524950027E0,7.474950314E0,-2.004495049E1
1.926358393E2,5.932050228E0,9.697050095E0,-1.934595108E1
1.926382829E2,2.203950167E0,8.919000626E0,-1.482105064E1
1.926407264E2,1.255950093E0,1.137495041E1,5.254050255E0
1.926431700E2,3.379950047E0,2.121600151E1,7.500000477E0
1.926456134E2,4.705950260E0,1.684395027E1,5.910000324E0
1.926480570E2,1.575000048E0,1.032600021E1,2.659050226E0
1.926505007E2,-1.041000009E0,1.807695007E1,-4.983000278E0
1.926529442E2,2.640000105E0,1.646295166E1,2.764050245E0
1.926553878E2,3.576000214E0,1.413105106E1,-1.152000070E0
1.926578313E2,6.769500375E-1,1.604594994E1,-1.200000048E0
1.926602749E2,-2.100000158E-2,1.356405067E1,1.006950021E0
1.926627183E2,1.522050023E0,1.186095047E1,1.876050115E0
1.926651620E2,1.048050046E0,1.140600014E1,7.459500432E-1
1.926676054E2,2.034000158E0,1.226295090E1,1.813050032E0
1.926700490E2,2.764950037E0,8.824950218E0,5.316000462E0
1.926724925E2,-5.700000376E-2,9.960000038E0,2.434050083E0
1.926749361E2,-3.454950094E0,9.277950287E0,3.748050213E0
1.926773798E2,1.231950045E0,5.077950478E0,7.945050240E0
1.926798233E2,3.777000189E0,5.160000324E0,6.685950279E0
1.926822669E2,4.705950260E0,7.417050362E0,2.209500074E-1
1.926847103E2,5.668950081E0,9.735000610E0,5.740050316E0
1.926871537E2,4.687050343E0,6.595950127E0,4.962000370E0
1.926895974E2,2.404950142E0,1.026900005E1,-4.223999977E0
1.926920410E2,2.371950150E0,1.408095074E1,-4.312950134E0
1.926944845E2,2.856000185E0,1.278300095E1,6.181050301E0
1.926969281E2,2.416950226E0,8.581050873E0,5.083950043E0
1.926993716E2,1.630695152E1,8.241000175E0,-5.179499984E-1
1.927018152E2,1.235400105E1,1.131795025E1,-3.025695229E1
1.927042586E2,9.423000336E0,6.579000473E0,-2.860695076E1
1.927067023E2,2.437050104E0,9.283050537E0,-2.017500114E1
1.927091457E2,6.934950352E0,1.004400063E1,-9.606000900E0
1.927115893E2,5.239950180E0,8.839950562E0,-9.256950378E0
1.927140328E2,1.455000043E0,5.698050499E0,6.810000539E-1
1.927164765E2,2.986950159E0,1.163895035E1,5.359050274E0
1.927189201E2,4.933950424E0,1.270605087E1,-4.030500054E-1
1.927213636E2,1.114950061E0,5.157000065E0,2.967000246E0
1.927238072E2,2.295000106E-2,3.033000231E0,1.744050026E0
1.927262507E2,3.295950174E0,8.454000473E0,2.733000040E0
1.927286943E2,2.215950012E0,6.823950291E0,-2.850000262E-1
1.927311377E2,1.000500023E-1,3.649050236E0,-1.200000010E-2
1.927335813E2,1.672950029E0,4.918050289E0,5.344950199E0
1.927360248E2,2.170950174E0,2.595000029E0,-1.060950041E0
1.927384684E2,3.660000265E-1,2.530950069E0,3.270000219E-1
1.927409119E2,6.205050468E0,6.036000252E0,-2.610000134E0
1.927433555E2,1.176195049E1,2.346000195E0,-1.162500095E1
1.927457992E2,5.917950153E0,2.296050072E0,-1.362405109E1
1.927482427E2,1.396950126E0,7.366950512E0,-3.819000244E0
1.927506863E2,3.330000162E0,8.038050652E0,-2.388000011E0
1.927531297E2,1.644000053E0,6.615000248E0,2.185050011E0
1.927555734E2,1.342050076E0,9.499950409E0,-9.970500469E-1
1.927580168E2,1.077000022E0,1.221300030E1,2.979000092E0
1.927604604E2,2.203950167E0,8.313000679E0,4.773000240E0
1.927629039E2,1.801950097E0,5.773050308E0,-2.008949995E0
1.927653475E2,1.824000120E0,1.178895092E1,-3.862050295E0
1.927677910E2,8.329050064E0,1.239795017E1,1.974000096E0
1.927702347E2,2.508000135E0,8.599950790E0,-6.130050182E0
1.927726783E2,2.074949980E0,1.076895046E1,6.795000285E-2
1.927751217E2,6.564000130E0,1.090800095E1,-7.606950283E0
1.927775654E2,2.389050007E0,1.085805035E1,-8.752050400E0
1.927800088E2,-2.629500031E-1,8.140049934E0,-8.269500136E-1
1.927824524E2,2.370000124E0,8.634000778E0,-2.929500043E-1
1.927848959E2,2.992050171E0,1.210500050E1,7.480500340E-1
1.927873395E2,8.869500160E-1,8.116950035E0,9.469500184E-1
1.927897830E2,1.146000028E0,6.364050388E0,2.374050140E0
1.927922266E2,7.206000328E0,7.599000454E0,-2.412000179E0
1.927946703E2,3.094950199E0,7.777050495E0,-4.063950062E0
1.927971137E2,3.715050220E0,8.068950653E0,-1.152000070E0
1.927995573E2,8.616000175E0,9.678000450E0,-4.750950336E0
1.928020008E2,4.041000366E0,8.653050423E0,-4.930050373E0
1.928044444E2,8.610000610E-1,9.022050858E0,1.801050067E0
1.928068879E2,5.259000301E0,1.055400085E1,-1.032000065E0
1.928093315E2,6.925950527E0,8.598000526E0,-6.610950470E0
1.928117749E2,3.793950081E0,8.832000732E0,-7.324950218E0
1.928142185E2,3.684000254E0,9.912000656E0,-2.692050219E0
1.928166620E2,6.696000099E0,1.048395061E1,-3.265950203E0
1.928191056E2,2.836050034E0,1.185900021E1,-3.439050198E0
1.928215491E2,7.650000453E-1,1.185195065E1,1.465950012E0
1.928239928E2,4.963050365E0,1.189005089E1,-1.332000017E0
1.928264364E2,5.101050377E0,1.093005085E1,-5.986050129E0
1.928288798E2,1.303950071E0,1.058700085E1,-1.461000085E0
1.928313235E2,2.449050188E0,1.152795029E1,2.479500175E-1
1.928337669E2,3.483000278E0,1.311105061E1,-1.921050072E0
1.928362106E2,2.614050150E0,1.242105103E1,-9.649500251E-1
1.928386540E2,4.830000103E-1,1.027905083E1,8.269500136E-1
1.928410976E2,1.395000100E0,1.111695099E1,1.938000083E0
1.928435411E2,4.611000061E0,1.169100094E1,-4.444050312E0
1.928459847E2,2.089050055E0,1.038195038E1,-3.040950060E0
1.928484282E2,2.251950026E0,9.678000450E0,-2.074050188E0
1.928508719E2,3.976050138E0,1.051095009E1,-3.601050138E0
1.928533153E2,2.293050051E0,9.976950645E0,-2.859000206E0
1.928557590E2,1.528950095E0,7.384050369E0,2.173050165E0
1.928582026E2,6.631050110E0,8.605050087E0,-2.434950113E0
1.928606461E2,5.437050343E0,7.161000252E0,-6.040950298E0
1.928630897E2,3.279000044E0,6.012000084E0,-3.862050295E0
1.928655331E2,6.612000465E0,8.109000206E0,-3.858000278E0
1.928679768E2,5.580000401E0,6.898050308E0,-5.590950489E0
1.928704202E2,7.060500383E-1,6.598950386E0,-2.047950029E0
1.928728638E2,2.077050209E0,4.798050404E0,1.200000048E0
1.928753073E2,7.410000324E0,7.518000126E0,-2.308950186E0
1.928777510E2,3.471000195E0,6.424050331E0,-3.301950216E0
1.928801944E2,6.790500283E-1,4.780950069E0,7.290000319E-1
1.928826381E2,3.583050251E0,6.520050526E0,-1.959000111E0
1.928850817E2,2.269050121E0,7.189950466E0,-3.252000093E0
1.928875251E2,2.410500050E-1,5.607000351E0,-1.180500090E-1
1.928899688E2,1.675050020E0,5.854050159E0,7.309500575E-1
1.928924122E2,5.416950226E0,5.575950146E0,-4.734000206E0
1.928948558E2,1.764000058E0,4.161000252E0,-6.448050499E0
1.928972993E2,6.409500241E-1,6.069000244E0,-8.340000510E-1
1.928997429E2,4.915050030E0,7.185000420E0,-3.160950184E0
1.929021864E2,2.167950153E0,6.057000160E0,-3.238050222E0
1.929046300E2,-1.099500060E-1,6.595950127E0,1.106999993E0
1.929070734E2,2.269500047E-1,7.009950161E0,2.034000158E0
1.929095170E2,4.776000023E0,8.185950279E0,-1.237950087E0
1.929119605E2,1.630050063E0,6.496050358E0,-5.218050480E0
1.929144041E2,1.285050035E0,5.788950443E0,-2.419500053E-1
1.929168478E2,3.435000181E0,7.693050385E0,-4.951950073E0
1.929192912E2,2.652000189E0,8.287050247E0,-3.646950245E0
1.929217349E2,1.624950051E0,7.558950424E0,-1.819500029E-1
1.929241783E2,5.616000175E0,7.501050472E0,-3.277950048E0
1.929266220E2,8.254950523E0,8.217000008E0,-7.959000587E0
1.929290654E2,3.190950155E0,8.169000626E0,-5.814000130E0
1.929315090E2,2.808000088E0,1.005795002E1,-6.060000062E-1
1.929339525E2,4.714050293E0,9.004950523E0,-2.497950077E0
1.929363961E2,1.375950098E0,9.321000099E0,-1.963950038E0
1.929388396E2,5.740500093E-1,9.109950066E0,2.362050056E0
1.929412832E2,6.943050385E0,8.425050735E0,-2.718000174E0
1.929437269E2,9.102000237E0,9.429000854E0,-1.060200024E1
1.929461703E2,1.333050013E0,9.742050171E0,-6.337950230E0
1.929486140E2,8.590500355E-1,1.108305073E1,-3.019500077E-1
1.929510574E2,2.116050005E0,1.142100048E1,6.090000272E-1
1.929535010E2,1.182000041E0,1.198800087E1,-3.430500031E-1
1.929559445E2,8.400000334E-1,1.042200089E1,8.440500498E-1
1.929583881E2,5.257050037E0,1.008000088E1,1.033050060E0
1.929608316E2,6.090000153E0,1.036500072E1,-7.653000355E0
1.929632752E2,3.342000246E0,8.682000160E0,-3.430950165E0
1.929657187E2,3.922950268E0,1.108095074E1,-2.637000084E0
1.929681623E2,4.759050369E0,1.114095020E1,-2.521950006E0
1.929706057E2,1.969950080E0,1.189200020E1,2.040000111E-1
1.929730493E2,1.042950034E0,9.595950127E0,1.641000032E0
1.929754928E2,6.964050293E0,1.042695045E1,3.030000031E-1
1.929779364E2,7.327950478E0,1.030500031E1,-7.654950142E0
1.929803801E2,2.580000162E0,8.731950760E0,-4.095000267E0
1.929828236E2,4.146000385E0,1.039800072E1,-2.869050026E0
1.929852672E2,4.726050377E0,9.868950844E0,-2.152950048E0
1.929877106E2,2.455950022E0,1.005795002E1,-5.610000491E-1
1.929901543E2,4.156050205E0,9.579000473E0,-2.209500074E-1
1.929925977E2,8.001000404E0,9.418950081E0,-4.018050194E0
1.929950414E2,4.768950462E0,8.983050346E0,-8.922000885E0
1.929974848E2,1.038000107E0,6.931050301E0,-2.569950104E0
1.929999284E2,3.655050278E0,8.088000298E0,-6.250500083E-1
1.930023719E2,3.729000092E0,1.077195072E1,-2.124000072E0
1.930048156E2,8.350500464E-1,7.477050304E0,2.206050158E0
1.930072592E2,2.635050058E0,7.039050102E0,1.279050112E0
1.930097027E2,7.375950336E0,8.161950111E0,-2.977050066E0
1.930121463E2,4.524000168E0,6.667950153E0,-8.461950302E0
1.930145897E2,9.430500269E-1,7.300050259E0,-3.748050213E0
1.930170333E2,3.531000137E0,8.662050247E0,-2.392050028E0
1.930194768E2,3.085050106E0,8.242950439E0,-2.809050083E0
1.930219204E2,3.610500097E-1,8.454000473E0,5.640000105E-1
1.930243639E2,2.227950096E0,7.735950470E0,1.615050077E0
1.930268075E2,5.959050179E0,7.486950397E0,-2.851950169E0
1.930292510E2,3.295950174E0,6.184050083E0,-6.903000355E0
1.930316946E2,4.759500325E-1,7.042050362E0,2.479500175E-1
1.930341383E2,4.057950020E0,8.854050636E0,-1.735950112E0
1.930365817E2,4.978950024E0,8.278950691E0,-3.798000097E0
1.930390253E2,7.200000286E-1,7.875000477E0,-8.170500398E-1
1.930414688E2,1.333050013E0,6.538950443E0,-2.639999986E-1
1.930439124E2,6.928050518E0,6.730050087E0,-5.934000492E0
1.930463559E2,3.967050076E0,7.060950279E0,-9.906000137E0
1.930487995E2,2.295000106E-2,5.518950462E0,-6.795000285E-2
1.930512429E2,4.447950363E0,7.516050339E0,6.880500317E-1
1.930536865E2,4.042950153E0,8.896950722E0,-1.195050001E0
1.930561300E2,9.499500394E-1,7.324050426E0,1.525950074E0
1.930585737E2,2.568000078E0,7.362000465E0,-1.426950097E0
1.930610173E2,5.415000439E0,7.003050327E0,-6.132000446E0
1.930634608E2,2.458050013E0,6.916950226E0,-8.497950554E0
1.930659044E2,1.759500057E-1,6.259050369E0,-1.528050065E0
1.930683478E2,5.722050190E0,8.041950226E0,-1.384050012E0
1.930707915E2,4.315950394E0,6.699000359E0,-1.231050014E0
1.930732349E2,6.499500275E-1,7.495950222E0,2.685000181E0
1.930756785E2,3.816000223E0,8.485050201E0,1.921050072E0
1.930781220E2,7.800000191E0,8.373000145E0,-6.013050079E0
1.930805656E2,4.243950367E0,7.972950459E0,-9.051000595E0
1.930830091E2,1.144050002E0,9.874050140E0,-1.996950150E0
1.930854528E2,2.524950027E0,1.048005009E1,-2.809050083E0
1.930878964E2,2.767050028E0,1.092705059E1,-1.228950024E0
1.930903398E2,1.867050052E0,1.155195045E1,1.393950105E0
1.930927835E2,3.484950066E0,1.062300014E1,2.271000147E0
1.930952269E2,4.741950035E0,1.059900093E1,-3.481950283E0
1.930976705E2,3.415950060E0,1.092000008E1,-5.893050194E0
1.931001140E2,3.382050276E0,1.128705025E1,-3.460050106E0
1.931025576E2,6.109050274E0,1.218705082E1,-5.269950390E0
1.931050011E2,3.058950186E0,1.263900089E1,-3.496050119E0
1.931074447E2,1.789500117E-1,1.070205021E1,1.354050040E0
1.931098882E2,2.029950142E0,9.139050484E0,2.395050049E0
1.931123319E2,6.226950169E0,1.159095097E1,-4.783950329E0
1.931147752E2,5.200050354E0,1.068795013E1,-7.084950447E0
1.931172189E2,2.563050032E0,9.670050621E0,-1.602000117E0
1.931196623E2,5.554050446E0,1.114305019E1,-1.234050035E0
1.931221060E2,2.896050215E0,1.039605045E1,-1.248000026E0
1.931245496E2,1.777950048E0,9.010050774E0,1.501950026E0
1.931269931E2,5.307000160E0,8.788949966E0,-1.693050027E0
1.931294367E2,6.454050541E0,8.643000603E0,-5.977050304E0
1.931318802E2,3.226950169E0,8.418000221E0,-6.100950241E0
1.931343238E2,3.138000250E0,7.879950523E0,-1.777050138E0
1.931367673E2,6.406050205E0,1.018005085E1,-2.971950054E0
1.931392109E2,2.242950201E0,9.273000717E0,-2.203050137E0
1.931416543E2,8.350500464E-1,7.372050285E0,3.099000216E0
1.931440980E2,3.859050274E0,9.412050247E0,-4.530000091E-1
1.931465414E2,4.447950363E0,8.296050072E0,-4.855950356E0
1.931489851E2,1.588950038E0,7.659000397E0,-4.849050045E0
1.931514287E2,1.311000109E0,6.655950546E0,-2.260500044E-1
1.931538722E2,5.479950428E0,7.858050346E0,-1.188000083E0
1.931563158E2,2.745000124E0,7.281000137E0,-3.397950172E0
1.931587593E2,3.319500089E-1,6.984000206E0,5.299500227E-1
1.931612029E2,5.808000088E0,6.742050171E0,-2.364000082E0
1.931636463E2,7.122000217E0,6.526950359E0,-8.407050133E0
1.931660900E2,1.756950140E0,7.084950447E0,-5.446950436E0
1.931685334E2,1.648950100E0,7.567950249E0,4.819500148E-1
1.931709770E2,4.948050022E0,8.289000511E0,1.590000093E-1
1.931734205E2,2.014950037E0,7.342950344E0,-3.790500164E-1
1.931758641E2,1.810500026E-1,6.835950375E0,3.075000048E0
1.931783078E2,5.058000088E0,8.227050781E0,-6.420000196E-1
1.931807512E2,5.698050499E0,6.607950211E0,-6.580050468E0
1.931831949E2,1.900050044E0,7.720950603E0,-5.673000336E0
1.931856383E2,8.350500464E-1,8.401050568E0,-5.250000358E-1
1.931880820E2,3.538050175E0,8.575950623E0,-1.119000077E0
1.931905254E2,2.914950132E0,8.362950325E0,-3.199050188E0
1.931929691E2,2.875050068E0,8.254950523E0,6.520500183E-1
1.931954125E2,7.596000195E0,7.804950237E0,-5.485950470E0
1.931978561E2,6.739050388E0,8.049000740E0,-9.547050476E0
1.932002996E2,8.850000501E-1,9.442950249E0,-4.851000309E0
1.932027432E2,1.642050028E0,1.000995064E1,-5.010000467E-1
1.932051867E2,4.144050121E0,1.010100079E1,-7.789500356E-1
1.932076303E2,5.470499992E-1,8.728950500E0,-8.149500489E-1
1.932100740E2,4.639500082E-1,7.009950161E0,2.431050062E0
1.932125174E2,7.872000217E0,7.117950439E0,-3.760050297E0
1.932149611E2,7.290000439E0,7.075050354E0,-9.586950302E0
1.932174045E2,5.760000348E-1,7.338000298E0,-4.518000126E0
1.932198481E2,4.999500215E-1,7.506000519E0,4.579500258E-1
1.932222916E2,2.563050032E0,9.529050827E0,4.030500054E-1
1.932247352E2,8.989500403E-1,8.149950027E0,5.950500369E-1
1.932271787E2,8.320500255E-1,6.868950367E0,2.413950205E0
1.932296223E2,7.204050541E0,7.671000481E0,-2.589000225E0
1.932320658E2,6.781950474E0,5.674050331E0,-8.227050781E0
1.932345094E2,8.539500237E-1,6.997950554E0,-5.059950352E0
1.932369529E2,2.761950016E0,8.586000443E0,5.250000358E-1
1.932393966E2,5.431950092E0,9.163050652E0,-8.700000495E-2
1.932418399E2,2.053050041E0,8.731950760E0,-5.100000501E-1
1.932442836E2,6.105000153E-2,9.382950783E0,2.742000103E0
1.932467270E2,5.401050091E0,8.670000076E0,-3.465000153E0
1.932491707E2,7.182000160E0,9.145950317E0,-9.034049988E0
1.932516143E2,1.747050047E0,8.229000092E0,-5.359050274E0
1.932540578E2,5.670000315E-1,8.145000458E0,-4.770000279E-1
1.932565014E2,4.756950378E0,9.523950577E0,-4.909500182E-1
1.932589449E2,5.037000179E0,1.015605068E1,-2.545950174E0
1.932613885E2,4.168050289E0,9.703950882E0,-1.363050103E0
1.932638320E2,8.935050011E0,1.011600018E1,-5.799000263E0
1.932662756E2,5.560950279E0,9.529050827E0,-8.826000214E0
1.932687190E2,8.590500355E-1,1.068300056E1,-2.974050045E0
1.932711626E2,2.523000002E0,1.035000038E1,-2.590500116E-1
1.932736063E2,4.716000080E0,9.912000656E0,-1.537950039E0
1.932760498E2,1.491000056E0,1.010400009E1,-1.380000114E0
1.932784934E2,2.002950191E0,8.452050209E0,1.006950021E0
1.932809369E2,8.544000626E0,8.643000603E0,-2.811000109E0
1.932833805E2,6.375000477E0,8.571000099E0,-7.902000427E0
1.932858240E2,4.090500176E-1,9.486000061E0,-2.023950100E0
1.932882676E2,2.173050165E0,1.071000004E1,6.310500503E-1
1.932907110E2,4.120050430E0,1.022805023E1,5.400000140E-2
1.932931547E2,2.167950153E0,9.574950218E0,-1.155000091E0
1.932955981E2,2.338050127E0,8.038050652E0,-1.393950105E0
1.932980417E2,7.204050541E0,8.325000763E0,-4.396049976E0
1.933004854E2,4.998000145E0,8.332050323E0,-8.617950439E0
1.933029289E2,4.950000346E-1,8.787000656E0,-1.237950087E0
1.933053725E2,2.652000189E0,9.429000854E0,2.926950216E0
1.933078160E2,4.801950455E0,1.015905094E1,1.009050012E0
1.933102596E2,1.539000034E0,9.117000580E0,4.770000279E-1
1.933127030E2,3.460500240E-1,7.951050282E0,1.569000125E0
1.933151466E2,3.229050159E0,7.812000275E0,-1.155000091E0
1.933175901E2,5.638050079E0,8.763000488E0,-8.127000809E0
1.933200337E2,8.830500245E-1,7.077000141E0,-3.445950270E0
1.933224772E2,1.159950018E0,7.602000237E0,1.975950122E0
1.933249209E2,4.012050152E0,9.220050812E0,-6.520500183E-1
1.933273645E2,4.471950054E0,1.051995087E1,-1.003950000E0
1.933298079E2,2.041949987E0,9.175050735E0,2.950500250E-1
1.933322516E2,5.439000130E0,9.763950348E0,-9.060000181E-1
1.933346950E2,6.691050529E0,9.583950043E0,-7.224000454E0
1.933371386E2,8.710500598E-1,1.021605015E1,-5.244000435E0
1.933395821E2,1.867050052E0,1.075995064E1,-8.839500546E-1
1.933420257E2,4.462050438E0,1.109295082E1,-2.862000227E0
1.933444692E2,1.558050036E0,1.186395073E1,-3.549000263E0
1.933469128E2,3.540000021E-1,9.687000275E0,8.170500398E-1
1.933493562E2,3.400950193E0,7.951050282E0,-5.320500135E-1
1.933517999E2,8.152050018E0,9.393000603E0,-8.902050018E0
1.933542436E2,2.547000170E0,9.129000664E0,-7.261950493E0
1.933566870E2,2.113049984E0,9.508050919E0,-2.412000179E0
1.933591306E2,5.832000256E0,9.928950310E0,-2.341950178E0
1.933615741E2,3.787050247E0,1.095105076E1,-2.811000109E0
1.933640177E2,1.903050065E0,1.015905094E1,-1.578000069E0
1.933664612E2,3.873000145E0,9.103050232E0,-1.080000043E0
1.933689048E2,5.737950325E0,8.883000374E0,-6.702000141E0
1.933713482E2,1.809000134E0,7.585050583E0,-5.254050255E0
1.933737918E2,1.672950029E0,7.135050297E0,3.790500164E-1
1.933762353E2,6.358050346E0,8.005949974E0,-2.910000086E0
1.933786790E2,2.142000198E0,7.993950367E0,-3.247050047E0
1.933811224E2,1.759500057E-1,8.148000717E0,5.920500159E-1
1.933835661E2,4.479000092E0,7.374000549E0,9.709500670E-1
1.933860095E2,9.136050224E0,8.473050117E0,-6.111000061E0
1.933884531E2,3.550050259E0,7.060950279E0,-6.859950542E0
1.933908967E2,9.019500613E-1,8.808000565E0,-3.960000277E-1
1.933933402E2,4.110000134E0,9.538950920E0,-1.767000079E0
1.933957838E2,2.137050152E0,8.647950172E0,-1.744050026E0
1.933982273E2,3.270000219E-1,9.850050926E0,1.381950021E0
1.934006709E2,2.422049999E0,7.996950150E0,1.014000058E0
1.934031144E2,5.887050152E0,9.550950050E0,-5.524050236E0
1.934055580E2,3.339000225E0,7.705050468E0,-6.946050167E0
1.934080014E2,1.251000047E0,7.324050426E0,-9.150000215E-1
1.934104450E2,5.278950214E0,7.674000263E0,-3.052950144E0
1.934128885E2,4.009950161E0,6.928950310E0,-4.993050098E0
1.934153322E2,8.440500498E-1,5.461050034E0,-3.244950056E0
1.934177758E2,4.450050354E0,4.252050400E0,-3.874050140E0
1.934202193E2,1.057200050E1,5.196000099E0,-1.075995064E1
1.934226629E2,4.975050449E0,5.248050213E0,-1.176105022E1
1.934251063E2,-1.728000045E0,6.156000137E0,-5.629500151E-1
1.934275499E2,-1.192050099E0,6.555000305E0,3.688050270E0
1.934299934E2,1.069050074E0,3.654000282E0,8.080500364E-1
1.934324370E2,1.129050016E0,3.735000134E0,2.593950033E0
1.934348805E2,2.404950142E0,4.723950386E0,5.398050308E0
1.934373241E2,9.837000847E0,3.838050127E0,-1.150050044E0
1.934397678E2,8.221050262E0,3.049950123E0,-8.067000389E0
1.934422112E2,2.074949980E0,5.290950298E0,-7.023000240E0
1.934446549E2,3.427950144E0,7.690050602E0,-2.749050140E0
1.934470983E2,3.415950060E0,6.663000107E0,-2.970000207E-1
1.934495419E2,5.740500093E-1,8.878050804E0,2.392950058E0
1.934519854E2,2.869500220E-1,8.490000725E0,1.609500051E-1
1.934544290E2,9.829500318E-1,9.778050423E0,2.778000116E0
1.934568725E2,2.488950014E0,1.075005054E1,3.279000044E0
1.934593161E2,3.234000206E0,9.025950432E0,-6.000000238E-2
1.934617595E2,7.345050335E0,1.083195019E1,-6.829500198E-1
1.934642032E2,9.493050575E0,1.152795029E1,-1.016700077E1
1.934666466E2,3.385050058E0,1.354695034E1,-7.791000366E0
1.934690902E2,1.824000120E0,1.400895023E1,-1.308000088E0
1.934715337E2,1.687050104E0,1.451400089E1,-1.849050045E0
1.934739773E2,2.544000149E0,1.545300102E1,-1.255050063E0
1.934764208E2,1.666050076E0,1.356405067E1,-3.240000010E-1
1.934788645E2,8.730000257E-1,1.152405071E1,-1.605000019E0
1.934813081E2,1.974000096E0,1.359705067E1,-9.799500704E-1
1.934837515E2,1.168050051E0,1.224705029E1,-1.319999993E-1
1.934861951E2,-5.820000172E-1,1.034295082E1,6.690000296E-1
1.934886386E2,1.225050092E0,1.192095089E1,1.726950049E0
1.934910822E2,4.624950409E0,1.504305077E1,2.220000029E0
1.934935257E2,4.321050167E0,9.490950584E0,1.069050074E0
1.934959693E2,6.093000412E0,8.761050224E0,2.617950201E0
1.934984128E2,1.102005005E1,8.698050499E0,-3.546000242E0
1.935008564E2,4.017000198E0,1.022595024E1,-8.164950371E0
1.935033001E2,2.500950098E0,7.686000347E0,-8.389950752E0
1.935057435E2,4.752000332E0,6.763950348E0,-1.221405029E1
1.935081872E2,6.337050438E0,6.570000172E0,-1.158195019E1
1.935106306E2,1.237050056E0,5.602950096E0,-6.220950127E0
1.935130742E2,4.297049999E0,5.143050194E0,1.483050108E0
1.935155177E2,6.988050461E0,9.603000641E0,-1.044000030E0
1.935179613E2,3.322050095E0,8.101950645E0,1.387050033E0
1.935204048E2,1.354050040E0,5.413050175E0,5.509950161E0
1.935228484E2,2.560950041E0,7.903050423E0,2.592000008E0
1.935252918E2,6.061950207E0,7.410000324E0,-4.228950024E0
1.935277355E2,1.273050070E0,6.067050457E0,-1.040805054E1
1.935301792E2,-1.890000105E-1,5.943000317E0,-6.826950550E0
1.935326226E2,5.535000324E0,5.133000374E0,-6.364050388E0
1.935350662E2,4.594050407E0,6.553050518E0,-5.941050053E0
1.935375097E2,4.159500301E-1,7.386000156E0,1.591050029E0
1.935399533E2,3.222000122E0,7.111050129E0,3.027000189E0
1.935423968E2,6.409050465E0,7.374000549E0,-3.598950148E0
1.935448404E2,4.432950020E0,7.032000542E0,-4.581000328E0
1.935472838E2,1.675050020E0,7.492050171E0,1.198050022E0
1.935497274E2,5.166000366E0,8.706000328E0,-3.297000170E0
1.935521709E2,4.723050117E0,8.176050186E0,-7.201950550E0
1.935546146E2,6.190500259E-1,8.583000183E0,-1.521000028E0
1.935570582E2,1.785000086E0,7.326000214E0,-9.919500351E-1
1.935595017E2,5.155950069E0,1.034295082E1,-5.011950016E0
1.935619453E2,4.243950367E0,1.008495045E1,-7.756050587E0
1.935643888E2,4.759500325E-1,8.440050125E0,-2.785050154E0
1.935668324E2,2.134950161E0,8.409000397E0,-2.089500129E-1
1.935692759E2,4.773000240E0,1.045095062E1,-3.556050062E0
1.935717195E2,2.407950163E0,9.795000076E0,-2.265000105E0
1.935741629E2,4.759050369E0,8.290950775E0,-1.642950058E0
1.935766065E2,8.248050690E0,7.839000225E0,-5.560050488E0
1.935790500E2,4.623000145E0,8.895000458E0,-6.481950283E0
1.935814937E2,3.370500207E-1,8.052000046E0,-2.176950216E0
1.935839371E2,2.638050079E0,9.189000130E0,1.324950099E0
1.935863808E2,4.045950413E0,1.123605061E1,8.580000401E-1
1.935888244E2,1.204050064E0,8.734050751E0,4.699500203E-1
1.935912679E2,5.205000192E-2,7.783950329E0,7.930500507E-1
1.935937115E2,3.909000158E0,9.438000679E0,9.589500427E-1
1.935961549E2,6.318000317E0,1.099200058E1,-6.895950317E0
1.935985985E2,2.176050186E0,9.121950150E0,-4.047000408E0
1.936010420E2,7.249500155E-1,9.400050163E0,1.375050068E0
1.936034856E2,2.098950148E0,1.108095074E1,1.500000119E0
1.936059291E2,2.286000013E0,1.206495094E1,-4.630500078E-1
1.936083727E2,1.411950111E0,9.594000816E0,-9.529500604E-1
1.936108162E2,1.089000106E0,8.751000404E0,1.729950070E0
1.936132598E2,1.966950059E0,9.727950096E0,7.290000319E-1
1.936157035E2,2.572950125E0,1.023795033E1,-3.960000277E-1
1.936181469E2,2.158950090E0,9.364050865E0,-7.710000277E-1
1.936205905E2,2.728950024E0,1.099200058E1,8.989500403E-1
1.936230340E2,3.412950277E0,1.195200062E1,5.989500284E-1
1.936254776E2,2.128050089E0,6.781050205E0,-9.919500351E-1
1.936279211E2,5.547000408E0,6.606000423E0,-5.722950459E0
1.936303647E2,8.973000526E0,9.076950073E0,-1.134495068E1
1.936328082E2,4.450050354E0,8.112000465E0,-1.230195045E1
1.936352518E2,1.548000097E0,5.161950111E0,-4.791000366E0
1.936376952E2,5.731050491E0,7.731000423E0,-1.855950117E0
1.936401389E2,4.788000107E0,1.057800007E1,-2.173950195E0
1.936425825E2,1.720950127E0,7.044000149E0,1.095000029E0
1.936450259E2,2.551050186E0,5.832000256E0,1.483050108E0
1.936474696E2,6.562050343E0,7.444050312E0,-7.780050278E0
1.936499131E2,4.390050411E0,6.184050083E0,-1.016205025E1
1.936523567E2,3.510000110E-1,5.983050346E0,-3.817050219E0
1.936548002E2,5.080050468E0,6.060000420E0,-2.638950109E0
1.936572438E2,6.472950459E0,6.153000355E0,-5.335050106E0
1.936596872E2,-7.395000011E-2,7.269000530E0,-1.525950074E0
1.936621309E2,3.397050142E0,6.199050426E0,2.041050196E0
1.936645743E2,1.020105076E1,6.895050526E0,-4.009050369E0
1.936670179E2,7.012050152E0,7.177950382E0,-6.549000263E0
1.936694616E2,6.340500116E-1,8.916000366E0,1.420500129E-1
1.936719051E2,-5.505000427E-2,1.050405025E1,3.031950235E0
1.936743487E2,1.192050099E0,9.796950340E0,1.276950002E0
1.936767922E2,1.929000139E0,1.085100079E1,-5.029500127E-1
1.936792358E2,1.941000104E0,9.382950783E0,1.435050011E0
1.936816793E2,3.976050138E0,9.589050293E0,1.344000101E0
1.936841229E2,3.010950089E0,1.125105095E1,-5.787000179E0
1.936865663E2,5.644950390E0,1.170105076E1,-4.843950272E0
1.936890099E2,4.996050358E0,1.227300072E1,-5.100000381E0
1.936914534E2,4.864050388E0,1.351605034E1,-3.666000128E0
1.936938971E2,3.151950121E0,1.424400043E1,-9.510000348E-1
1.936963407E2,3.340500295E-1,1.124805069E1,-7.210500240E-1
1.936987842E2,5.895000324E-2,1.226805019E1,-3.450000286E-1
1.937012278E2,2.403000116E0,1.546500111E1,1.854000092E0
1.937036713E2,2.896050215E0,1.206495094E1,-2.110500038E-1
1.937061149E2,2.476950169E0,9.304050446E0,-2.979000092E0
1.937085583E2,6.526050091E0,1.125795078E1,-6.288000107E0
1.937110019E2,4.915050030E0,9.718050003E0,-7.152000427E0
1.937134456E2,2.484000206E0,7.195050240E0,-5.661000252E0
1.937158891E2,5.542050362E0,6.892950535E0,-6.465000153E0
1.937183327E2,7.876050472E0,7.422000408E0,-8.224950790E0
1.937207762E2,2.596950054E0,6.718050480E0,-5.218050480E0
1.937232198E2,2.206950188E0,6.369000435E0,3.055950165E0
1.937256632E2,4.678050041E0,1.072905064E1,2.091000080E0
1.937281069E2,3.037950039E0,9.417000771E0,2.794950247E0
1.937305503E2,1.929000139E0,6.747000217E0,4.360949993E0
1.937329939E2,4.780950069E0,9.880950928E0,3.913050175E0
1.937354374E2,7.869000435E0,7.513050556E0,-5.263050079E0
1.937378810E2,2.671050072E0,7.453050137E0,-1.010895061E1
1.937403245E2,-6.705000252E-2,6.783000469E0,-4.711950302E0
1.937427681E2,1.788000107E0,4.743000031E0,-2.351999998E0
1.937452116E2,5.547000408E0,6.204000473E0,-5.886000156E0
1.937476552E2,3.358050108E0,5.184000015E0,-4.729050159E0
1.937500989E2,3.387000084E0,7.036950111E0,2.359500080E-1
1.937525422E2,8.628000259E0,6.979050159E0,-3.352050066E0
1.937549859E2,4.953000069E0,5.880000114E0,-4.843950272E0
1.937574294E2,4.660500288E-1,7.003050327E0,9.870000482E-1
1.937598730E2,8.059500456E-1,8.470950127E0,2.818950176E0
1.937623165E2,3.130950212E0,6.481050491E0,-1.593000054E0
1.937647601E2,8.950500488E-1,5.071050167E0,-4.332000256E0
1.937672035E2,8.280000687E-1,4.791000366E0,-2.140950203E0
1.937696472E2,7.144050121E0,5.080950260E0,-3.939000130E0
1.937720909E2,6.765000343E0,5.878050327E0,-7.597950459E0
1.937745342E2,-8.805000782E-2,5.767950058E0,-1.126049995E0
1.937769779E2,-4.620000124E-1,7.798050404E0,4.525950432E0
1.937794213E2,2.032050133E0,6.927000523E0,2.055000067E0
1.937818650E2,3.852000237E0,6.414000511E0,-2.815950155E0
1.937843085E2,2.638050079E0,5.641050339E0,-4.830000401E0
1.937867521E2,6.238950253E0,6.057000160E0,-5.827950478E0
1.937891956E2,7.069950104E0,5.964000225E0,-8.608050346E0
1.937916392E2,6.769500375E-1,6.442950249E0,-2.377950191E0
1.937940826E2,-4.069500268E-1,8.770050049E0,2.974950075E0
1.937965263E2,1.251000047E0,9.709050179E0,2.533950090E0
1.937989697E2,3.442050219E0,9.388050079E0,8.700000644E-1
1.938014133E2,2.604000092E0,7.681050301E0,-1.774950027E0
1.938038568E2,5.247000217E0,8.171999931E0,-2.509950161E0
1.938063004E2,8.523000717E0,9.226950645E0,-7.723950386E0
1.938087441E2,2.638050079E0,9.654000282E0,-7.432050228E0
1.938111876E2,2.805000171E-2,9.036000252E0,-9.169500470E-1
1.938136312E2,2.134950161E0,9.880950928E0,-3.910500109E-1
1.938160746E2,3.157050133E0,1.164300060E1,-8.100000620E-1
1.938185183E2,2.475000143E0,1.005105019E1,-1.533000112E0
1.938209617E2,3.661950111E0,8.662050247E0,-1.545000076E0
1.938234053E2,6.658050537E0,9.816000938E0,-4.996950150E0
1.938258488E2,2.824050188E0,9.964950562E0,-7.738950253E0
1.938282925E2,-2.920500040E-1,8.971050262E0,-2.131050110E0
1.938307361E2,1.207950115E0,9.898050308E0,4.605000094E-2
1.938331796E2,4.036050320E0,1.213200092E1,-1.288950086E0
1.938356232E2,2.118000031E0,9.400050163E0,-1.024950027E0
1.938380667E2,1.140000075E-1,8.583000183E0,1.464000106E0
1.938405103E2,3.208050251E0,9.283050537E0,2.239500135E-1
1.938429537E2,5.860050201E0,9.579000473E0,-7.132950306E0
1.938453973E2,2.212050200E0,7.477050304E0,-4.118999958E0
1.938478408E2,1.387950063E0,8.722050667E0,1.411050081E0
1.938502844E2,5.992050171E0,9.703950882E0,-9.990000725E-1
1.938527281E2,5.166000366E0,1.028805065E1,-2.935950041E0
1.938551716E2,3.427950144E0,9.129000664E0,-1.261950016E0
1.938576152E2,5.959050179E0,8.539950371E0,-2.761050224E0
1.938600587E2,8.176050186E0,9.366000175E0,-8.164950371E0
1.938625023E2,3.205050230E0,8.208000183E0,-7.260000229E0
1.938649457E2,2.611050129E0,8.634000778E0,-9.030000567E-1
1.938673893E2,7.789950371E0,1.034100056E1,-1.924950123E0
1.938698328E2,4.747050285E0,9.667950630E0,-4.188000202E0
1.938722764E2,1.239000082E0,9.790050507E0,-9.600000083E-2
1.938747199E2,4.483950138E0,9.238950729E0,-6.850500107E-1
1.938771635E2,8.440950394E0,9.748950005E0,-5.668050289E0
1.938796070E2,3.129000187E0,8.634000778E0,-7.870050430E0
1.938820507E2,6.190500259E-1,7.591950417E0,-3.190500140E-1
1.938844940E2,4.741950035E0,8.931000710E0,6.469500065E-1
1.938869377E2,6.030000210E0,9.204000473E0,-1.566000104E0
1.938893811E2,2.013000011E0,9.201000214E0,-1.212000012E0
1.938918248E2,3.373050213E0,9.682050705E0,-1.662000060E0
1.938942684E2,7.222950459E0,9.748950005E0,-5.644050121E0
1.938967119E2,4.255949974E0,9.832950592E0,-7.624050140E0
1.938991555E2,-4.789500237E-1,8.689050674E0,-6.490500569E-1
1.939015990E2,1.800000109E-2,8.976000786E0,2.505000114E0
1.939040426E2,3.325050116E0,1.085805035E1,6.070500016E-1
1.939064861E2,1.957950115E0,7.120950222E0,-1.228950024E0
1.939089297E2,1.894950032E0,6.129000187E0,5.920500159E-1
1.939113731E2,6.046950340E0,7.705050468E0,-3.297000170E0
1.939138168E2,7.740000248E0,8.844000816E0,-6.610950470E0
1.939162604E2,2.607000113E0,7.623000145E0,-5.299050331E0
1.939187039E2,1.402050018E0,6.742050171E0,1.093050003E0
1.939211475E2,3.592950106E0,1.054695034E1,8.719500303E-1
1.939235910E2,1.977000117E0,1.014195061E1,1.014000058E0
1.939260346E2,6.499500275E-1,6.445050240E0,1.330050111E0
1.939284781E2,3.057000160E0,7.791000366E0,-1.657050133E0
1.939309217E2,6.205050468E0,8.631000519E0,-6.613050461E0
1.939333651E2,1.873950124E0,8.822999954E0,-8.023950577E0
1.939358087E2,-1.890000105E-1,7.365000248E0,-9.079500437E-1
1.939382522E2,2.500950098E0,9.736950874E0,1.320000052E0
1.939406959E2,2.143949986E0,1.041705036E1,-5.200500488E-1
1.939431395E2,-3.370500207E-1,8.029950142E0,7.909500599E-1
1.939455830E2,-3.299999982E-2,7.209000111E0,1.926000118E0
1.939480266E2,5.239950180E0,9.076950073E0,-2.608050108E0
1.939504700E2,5.653950214E0,9.517050743E0,-7.618950367E0
1.939529137E2,2.358000040E0,8.095050812E0,-4.255050182E0
1.939553571E2,1.321050048E0,8.490000725E0,-9.409500360E-1
1.939578007E2,3.913950205E0,1.061895084E1,-6.370500326E-1
1.939602444E2,2.716950178E0,9.867000580E0,-2.160000086E0
1.939626879E2,1.350000024E0,8.044950485E0,4.320000112E-1
1.939651315E2,5.290950298E0,8.800950050E0,-3.532050133E0
1.939675750E2,6.070950508E0,9.117000580E0,-7.879950523E0
1.939700186E2,1.402050018E0,9.382950783E0,-4.569000244E0
1.939724620E2,1.516950130E0,8.506950378E0,-2.299500108E-1
1.939749056E2,4.975050449E0,1.030995083E1,-1.054050088E0
1.939773491E2,2.392950058E0,8.365950584E0,-3.408000231E0
1.939797927E2,3.610500097E-1,6.838050365E0,1.849500090E-1
1.939822362E2,3.484950066E0,7.021950245E0,-1.530000091E0
1.939846799E2,7.122000217E0,8.955000877E0,-7.689000130E0
1.939871235E2,2.857950211E0,7.699950218E0,-8.232000351E0
1.939895669E2,2.869500220E-1,6.441000462E0,-1.329000115E0
1.939920106E2,1.744950056E0,9.010050774E0,1.267050028E0
1.939944540E2,2.769000053E0,7.755000591E0,-1.554000020E0
1.939968976E2,1.588950038E0,7.531950474E0,-6.589500308E-1
1.939993411E2,3.294000149E0,7.288050175E0,-1.131000042E0
1.940017847E2,9.016050339E0,7.354950428E0,-7.066050529E0
1.940042282E2,4.113000393E0,6.760950089E0,-8.308950424E0
1.940066718E2,-7.200000286E-1,7.951050282E0,-6.370500326E-1
1.940091152E2,1.291950107E0,7.912950516E0,2.419050217E0
1.940115589E2,5.082000256E0,9.229950905E0,1.830000132E-1
1.940140023E2,2.704950094E0,7.578000546E0,-1.923000097E0
1.940164460E2,1.234950066E0,7.609050274E0,4.579500258E-1
1.940188894E2,7.302000523E0,7.663950443E0,-4.357950211E0
1.940213331E2,7.017000198E0,9.081000328E0,-1.012605095E1
1.940237767E2,3.990000188E-1,8.683950424E0,-5.325000286E0
1.940262202E2,-1.200000048E-1,8.797050476E0,1.002000093E0
1.940286638E2,2.902950048E0,1.042005062E1,1.246050000E0
1.940311073E2,4.500000000E0,1.052295017E1,-1.059000015E0
1.940335509E2,2.707050085E0,7.923000336E0,-1.933050036E0
1.940359943E2,6.451950073E0,8.911050797E0,-3.517950058E0
1.940384380E2,7.813950539E0,9.376049995E0,-8.788050652E0
1.940408814E2,1.198950052E0,9.771000862E0,-6.598950386E0
1.940433251E2,7.095000148E-2,9.361950874E0,2.505000122E-2
1.940457687E2,3.448950052E0,1.087995052E1,1.452000022E0
1.940482122E2,4.375950336E0,1.076895046E1,3.190500140E-1
1.940506558E2,2.238000154E0,9.061950684E0,-8.119500279E-1
1.940530993E2,3.835050106E0,8.788949966E0,-1.111050010E0
1.940555429E2,9.138000488E0,1.052295017E1,-6.727950096E0
1.940579863E2,4.740000248E0,9.715950012E0,-9.642000198E0
1.940604300E2,-1.939500123E-1,9.250950813E0,-1.528050065E0
1.940628734E2,1.879500151E-1,9.637050629E0,2.533950090E0
1.940653170E2,2.665950060E0,1.155195045E1,2.416950226E0
1.940677605E2,4.374000072E0,1.093005085E1,-1.653000116E0
1.940702042E2,5.317050457E0,9.493050575E0,-2.955000162E0
1.940726478E2,7.278000355E0,9.598950386E0,-4.321950436E0
1.940750913E2,5.724000454E0,1.032195091E1,-6.826950550E0
1.940775349E2,4.680000246E-1,9.916950226E0,-1.449000120E0
1.940799783E2,6.430500150E-1,9.781050682E0,2.211000204E0
1.940824220E2,1.759050131E0,1.216995049E1,1.106999993E0
1.940848654E2,2.049000025E0,1.012995052E1,6.280500293E-1
1.940873090E2,1.146000028E0,8.449049950E0,3.550500274E-1
1.940897525E2,2.515950203E0,8.907000542E0,1.191000104E0
1.940921962E2,8.350049973E0,1.112595081E1,-4.600050449E0
1.940946398E2,3.655050278E0,9.000000000E0,-8.437950134E0
1.940970832E2,3.940500319E-1,7.501050472E0,-1.807950139E0
1.940995268E2,2.640000105E0,9.440999985E0,-6.540000439E-1
1.941019703E2,3.901950121E0,1.001805019E1,-2.452050209E0
1.941044139E2,2.130000114E0,8.433000565E0,-1.927950144E0
1.941068574E2,3.034950256E0,7.378950119E0,-4.819500148E-1
1.941093010E2,7.969950199E0,7.903050423E0,-4.174050331E0
1.941117445E2,5.263950348E0,7.753050327E0,-7.846950531E0
1.941141882E2,6.739500165E-1,6.522000313E0,-1.588050127E0
1.941166316E2,2.989950180E0,8.145000458E0,2.002950191E0
1.941190752E2,4.965000153E0,9.702000618E0,-2.134050131E0
1.941215189E2,1.146000028E0,7.264050484E0,-2.473950148E0
1.941239623E2,1.122000098E0,7.072950363E0,2.239500135E-1
1.941264059E2,6.004050255E0,7.578000546E0,-2.356050014E0
1.941288494E2,7.642050266E0,8.260050774E0,-8.005050659E0
1.941312930E2,7.770000100E-1,7.875000477E0,-6.120000362E0
1.941337365E2,2.869500220E-1,7.771950245E0,1.828050137E0
1.941361801E2,5.287950039E0,9.639000893E0,-2.850000262E-1
1.941386235E2,4.747050285E0,8.583000183E0,-5.146050453E0
1.941410672E2,1.275000095E0,8.622000694E0,-4.219050407E0
1.941435106E2,4.399950027E0,7.408050537E0,-4.897050381E0
1.941459542E2,7.690050602E0,8.695950508E0,-8.227050781E0
1.941483979E2,2.155950069E0,8.296050072E0,-7.795950413E0
1.941508413E2,-7.159500122E-1,6.385050297E0,4.969500303E-1
1.941532850E2,3.579000235E0,9.273000717E0,2.256000042E0
1.941557285E2,6.469050407E0,9.598950386E0,-2.755950212E0
1.941581721E2,1.678050041E0,7.669050217E0,-2.023950100E0
1.941606156E2,1.600950122E0,8.980950356E0,-5.149500370E-1
1.941630592E2,5.773950100E0,9.382950783E0,-3.337950230E0
1.941655026E2,4.435950279E0,1.053195095E1,-6.574950218E0
1.941679462E2,4.210500121E-1,8.361000061E0,-2.251049995E0
1.941703897E2,-1.041000009E0,8.494950294E0,2.476950169E0
1.941728333E2,2.259000063E0,1.255305099E1,1.734000087E0
1.941752770E2,2.827050209E0,1.156395054E1,-1.606950045E0
1.941777205E2,3.375000238E0,9.520050049E0,-7.500000298E-2
1.941801641E2,4.797000408E0,1.048005009E1,-2.509950161E0
1.941826076E2,7.816950321E0,1.176795101E1,-5.692050457E0
1.941850512E2,6.073050499E0,1.077900028E1,-7.047000408E0
1.941874947E2,2.602050066E0,1.030995083E1,-2.164950132E0
1.941899383E2,4.198950291E0,1.282800102E1,1.710000038E-1
1.941923817E2,5.578050137E0,1.287600040E1,-3.882000208E0
1.941948253E2,1.918950081E0,1.103505039E1,-2.584050179E0
1.941972690E2,2.188050032E0,9.490950584E0,-9.270000458E-1
1.941997125E2,6.531000137E0,1.051800060E1,-3.988950253E0
1.942021561E2,6.069000244E0,1.038600063E1,-8.838000298E0
1.942045996E2,2.427000046E0,8.020950317E0,-4.557000160E0
1.942070432E2,3.421050072E0,6.237000465E0,-8.740500212E-1
1.942094867E2,6.933000565E0,1.007505035E1,-2.389950037E0
1.942119303E2,3.772950172E0,8.241000175E0,-3.736050129E0
1.942143737E2,1.855050087E0,5.920950413E0,-9.990000725E-1
1.942168173E2,4.057950020E0,7.159050465E0,-3.199050188E0
1.942192610E2,6.153000355E0,6.799950123E0,-7.890000343E0
1.942217045E2,8.490000367E-1,5.583000183E0,-4.056000233E0
1.942241481E2,1.605000161E-2,5.229000092E0,2.601000071E0
1.942265916E2,6.342000484E0,5.410950184E0,1.906950116E0
1.942290352E2,6.523950100E0,4.819950104E0,-2.347050190E0
1.942314787E2,-5.290500522E-1,5.310000420E0,1.549950123E0
1.942339223E2,1.540950060E0,5.595000267E0,4.227000237E0
1.942363657E2,6.876000404E0,6.888000488E0,-2.407050133E0
1.942388093E2,5.305050373E0,7.089000225E0,-5.280000210E0
1.942412528E2,1.057050109E0,7.786050320E0,4.080000222E-1
1.942436964E2,6.169500351E-1,9.013950348E0,1.263000011E0
1.942461399E2,3.748950243E0,1.136100101E1,-2.080950022E0
1.942485836E2,3.919050217E0,1.117395020E1,-4.296000004E0
1.942510272E2,3.708000183E0,8.980950356E0,-2.203050137E0
1.942534707E2,5.263950348E0,9.991050720E0,-4.449000359E0
1.942559143E2,7.432950497E0,1.145700073E1,-8.352000237E0
1.942583577E2,3.343950272E0,1.092495060E1,-7.542000294E0
1.942608014E2,5.260500312E-1,9.934050560E0,-2.359050035E0
1.942632448E2,2.371950150E0,1.146405029E1,-1.320000052E0
1.942656884E2,3.151950121E0,1.219605064E1,-3.724050283E0
1.942681319E2,9.859500527E-1,7.795950413E0,-1.918050051E0
1.942705755E2,4.608000278E0,7.137000561E0,-1.855950117E0
1.942730190E2,8.664000511E0,1.008495045E1,-8.068950653E0
1.942754627E2,4.492950439E0,8.020950317E0,-1.018305016E1
1.942779061E2,1.000050068E0,5.694000244E0,-2.500050068E0
1.942803498E2,1.965000153E0,6.814050198E0,2.614950180E0
1.942827934E2,2.430000156E-1,8.718000412E0,2.587050200E0
1.942852368E2,1.138950109E0,4.471950054E0,1.693950057E0
1.942876805E2,2.748000145E0,4.522950172E0,3.298050165E0
1.942901239E2,8.488950729E0,6.250950336E0,-7.590000629E-1
1.942925675E2,7.969950199E0,5.551950455E0,-6.385950089E0
1.942950110E2,1.852050066E0,6.181950092E0,-3.709050179E0
1.942974546E2,1.681950092E0,8.125950813E0,8.749500513E-1
1.942998981E2,3.883050203E0,8.337000847E0,-3.360000253E-1
1.943023418E2,2.461050034E0,7.549050331E0,-3.154050112E0
1.943047854E2,6.580500603E-1,6.007050514E0,-1.285950065E0
1.943072289E2,5.335950375E0,5.203050137E0,-4.525950432E0
1.943096725E2,9.523950577E0,6.823950291E0,-1.159800053E1
1.943121159E2,2.464950085E0,6.004950523E0,-1.167000103E1
1.943145595E2,-6.060000062E-1,4.575000286E0,-1.222050071E0
1.943170030E2,2.575050116E0,7.297950268E0,1.210050106E0
1.943194466E2,2.487000227E0,7.312050343E0,-5.389500260E-1
1.943218901E2,1.369050026E0,6.607950211E0,5.230500102E-1
1.943243338E2,1.825950146E0,5.236050129E0,8.700000644E-1
1.943267774E2,8.583000183E0,6.085950375E0,-4.047000408E0
1.943292208E2,6.514050484E0,6.132000446E0,-9.867000580E0
1.943316645E2,-1.839000106E0,6.405000210E0,-3.333000183E0
1.943341079E2,-2.410950184E0,7.543950558E0,3.243000269E0
1.943365515E2,1.531950116E0,6.583950520E0,-4.395000264E-2
1.943389950E2,1.933950067E0,8.251049995E0,-1.924950123E0
1.943414386E2,2.113049984E0,5.904000282E0,-4.480500221E-1
1.943438821E2,4.749000072E0,5.749050140E0,-1.609050035E0
1.943463258E2,9.631050110E0,8.977950096E0,-9.175050735E0
1.943487694E2,4.150950432E0,6.667950153E0,-8.485950470E0
1.943512128E2,1.095000096E-2,5.785050392E0,-1.102050066E0
1.943536564E2,3.496950150E0,7.875000477E0,-1.902000070E0
1.943560999E2,5.415000439E0,8.740950584E0,-3.934050083E0
1.943585435E2,2.745000124E0,6.256050110E0,-3.985050201E0
1.943609870E2,4.546050072E0,5.494950294E0,-3.252000093E0
1.943634306E2,9.445050240E0,6.922050476E0,-7.947000504E0
1.943658740E2,6.016050339E0,7.851000309E0,-1.156005096E1
1.943683177E2,1.860000044E-1,5.836950302E0,-4.201950073E0
1.943707611E2,-2.157000065E0,7.792950153E0,4.200000286E0
1.943732047E2,1.831050038E0,8.619000435E0,2.911950111E0
1.943756482E2,2.212050200E0,6.984000206E0,1.392000079E0
1.943780918E2,1.042950034E0,7.345950127E0,4.423050404E0
1.943805353E2,5.065050125E0,7.647000313E0,5.989500284E-1
1.943829789E2,7.459950447E0,9.084000587E0,-7.225950241E0
1.943854226E2,2.929950237E0,9.153000832E0,-6.280950069E0
1.943878660E2,5.400000140E-2,7.654050350E0,2.119950056E0
1.943903097E2,-2.680500150E-1,1.040805054E1,1.015950084E0
1.943927531E2,1.747050047E0,1.483500099E1,-4.840500355E-1
1.943951967E2,2.890950203E0,1.167195034E1,3.790500164E-1
1.943976402E2,1.516950130E0,1.073295021E1,1.015950084E0
1.944000838E2,2.512950182E0,1.506705093E1,1.162050009E0
1.944025273E2,3.985950232E0,1.705905151E1,-1.609050035E0
1.944049709E2,4.467000008E0,1.314495087E1,-2.854050159E0
1.944074143E2,3.496950150E0,1.216005039E1,-9.600000083E-2
1.944098580E2,3.969000101E0,1.717200089E1,-2.514000177E0
1.944123016E2,3.478050232E0,1.545495033E1,-4.030500054E-1
1.944147451E2,7.249500155E-1,1.129605007E1,-4.050000310E-1
1.944171887E2,3.750000298E-1,1.279500103E1,-1.774950027E0
1.944196322E2,2.925000191E0,1.711200142E1,3.018000126E0
1.944220758E2,2.721000195E0,1.362105083E1,-8.410500288E-1
1.944245192E2,9.660000205E-1,8.334000587E0,-1.594950080E0
1.944269629E2,3.519000053E0,8.746050835E0,8.410500288E-1
1.944294065E2,6.660000324E0,1.336200047E1,-8.308950424E0
1.944318500E2,4.965000153E0,6.529050350E0,-1.046400070E1
1.944342936E2,3.160050154E0,5.382000446E0,-1.054995060E1
1.944367371E2,8.566050529E0,7.269000530E0,-9.558000565E0
1.944391807E2,6.235950470E0,6.559950352E0,-8.866950035E0
1.944416242E2,1.666050076E0,7.042050362E0,4.890000224E-1
1.944440678E2,2.154000044E0,9.661050797E0,6.264000416E0
1.944465112E2,2.635050058E0,8.479949951E0,3.396000147E0
1.944489548E2,3.649950266E0,6.559950352E0,2.752050161E0
1.944513983E2,1.153050065E0,7.165950298E0,9.610500336E-1
1.944538420E2,4.632000446E0,6.759000301E0,-2.968950033E0
1.944562856E2,8.439000130E0,7.783950329E0,-7.996950150E0
1.944587291E2,8.560500145E-1,7.318950176E0,-8.431050301E0
1.944611727E2,-1.099050045E0,6.553050518E0,1.147950053E0
1.944636161E2,1.270950079E0,8.313000679E0,2.443050146E0
1.944660598E2,2.779050112E0,1.018995094E1,-9.580500722E-1
1.944685032E2,3.166950226E0,8.701050758E0,-1.353000045E0
1.944709468E2,2.877000093E0,7.354950428E0,-2.992950201E0
1.944733903E2,5.572950363E0,9.517050743E0,-5.269950390E0
1.944758340E2,4.275000095E0,9.880950928E0,-7.834950447E0
1.944782774E2,2.550000250E-1,7.420050144E0,-2.136000156E0
1.944807210E2,6.910500526E-1,6.345000267E0,1.234050035E0
1.944831647E2,2.761950016E0,1.104195023E1,-1.708050132E0
1.944856081E2,1.861950040E0,8.071050644E0,-4.240950108E0
1.944880517E2,8.040000200E-1,5.614950180E0,-1.957050085E0
1.944904952E2,2.896050215E0,7.609050274E0,-2.014050007E0
1.944929388E2,6.478050232E0,1.001295090E1,-5.895000458E0
1.944953823E2,2.437050104E0,7.297950268E0,-7.509000301E0
1.944978259E2,-1.579500139E-1,4.360050201E0,5.279999971E-1
1.945002693E2,2.269050121E0,7.378950119E0,3.247950077E0
1.945027129E2,4.074000359E0,6.168000221E0,-2.218050003E0
1.945051564E2,4.516950130E0,7.149000168E0,-2.725050211E0
1.945076000E2,3.978000164E0,6.655950546E0,-3.537000179E0
1.945100435E2,6.808950424E0,7.537050247E0,-4.365000248E0
1.945124871E2,4.503000259E0,8.509050369E0,-7.558950424E0
1.945149308E2,-8.430000544E-1,7.786050320E0,-3.787950277E0
1.945173743E2,2.119500041E-1,9.424050331E0,2.059950113E0
1.945198179E2,5.638050079E0,1.002705002E1,-1.308000088E0
1.945222614E2,4.426050186E0,9.192000389E0,-4.738950253E0
1.945247050E2,6.409500241E-1,8.992950439E0,-1.939500123E-1
1.945271484E2,2.274000168E0,8.892000198E0,-1.695000008E-2
1.945295920E2,6.142950058E0,1.017795086E1,-6.238050461E0
1.945320355E2,2.452950001E0,1.048200035E1,-5.436000347E0
1.945344791E2,-1.950000064E-3,7.540050507E0,2.074050188E0
1.945369228E2,-2.149500102E-1,8.938050270E0,4.200000167E-1
1.945393663E2,2.877000093E0,1.297500038E1,1.701000094E0
1.945418099E2,3.148050070E0,1.077405071E1,1.347000122E0
1.945442534E2,3.775050163E0,8.125950813E0,-7.690500617E-1
1.945466970E2,7.479000568E0,9.694050789E0,-4.123050213E0
1.945491404E2,4.186950207E0,1.077705097E1,-7.564050198E0
1.945515841E2,2.939999998E-1,9.022050858E0,-3.517950058E0
1.945540275E2,2.119500041E-1,7.639950275E0,1.132950068E0
1.945564711E2,2.710050106E0,1.061400032E1,8.530500531E-1
1.945589148E2,3.130950212E0,9.376049995E0,-5.320500135E-1
1.945613583E2,1.114950061E0,5.931000233E0,3.739500046E-1
1.945638019E2,2.772000074E0,7.836000443E0,1.998000145E0
1.945662454E2,5.683050156E0,8.797050476E0,-2.833050251E0
1.945686890E2,2.986950159E0,5.607000351E0,-4.569000244E0
1.945711325E2,7.369500399E-1,4.441050053E0,-7.260000110E-1
1.945735761E2,3.688950062E0,6.831000328E0,-8.550000191E-1
1.945760195E2,4.654050350E0,7.759950161E0,-3.136950254E0
1.945784631E2,2.767050028E0,5.071050167E0,-4.831950188E0
1.945809068E2,1.314000010E0,5.410950184E0,-2.257950068E0
1.945833502E2,5.872050285E0,7.900950432E0,-4.213950157E0
1.945857939E2,6.568950176E0,5.739000320E0,-9.657000542E0
1.945882374E2,6.169500351E-1,6.898050308E0,-4.483050346E0
1.945906810E2,-3.109500110E-1,7.975050449E0,-3.330000043E-1
1.945931245E2,6.757950306E0,8.053950310E0,2.620050192E0
1.945955681E2,5.985000134E0,7.105950356E0,-5.686950207E0
1.945980115E2,2.460000068E-1,8.385000229E0,-2.590950012E0
1.946004552E2,4.612950325E0,6.675000191E0,-2.830950022E0
1.946028986E2,1.041705036E1,8.229000092E0,-6.774000168E0
1.946053422E2,4.570050240E0,7.468050480E0,-8.251049995E0
1.946077857E2,-8.740500212E-1,8.634000778E0,3.228000164E0
1.946102294E2,2.269500047E-1,1.054905033E1,3.549000263E0
1.946126730E2,4.108050346E0,1.148805046E1,-1.018050075E0
1.946151165E2,4.809000015E0,1.252905083E1,-2.419050217E0
1.946175601E2,4.182000160E0,1.090095043E1,-3.283050060E0
1.946200035E2,3.907050133E0,1.164600086E1,-3.345000267E0
1.946224472E2,5.128050327E0,1.414305115E1,-6.573000431E0
1.946248906E2,3.265050173E0,1.187805080E1,-3.855000257E0
1.946273342E2,1.471950054E0,1.219200039E1,6.520500183E-1
1.946297777E2,3.399000168E0,1.474605083E1,-7.120500207E-1
1.946322213E2,3.370050192E0,1.462905025E1,-1.468050122E0
1.946346648E2,2.748000145E0,1.149000072E1,3.120000064E-1
1.946371084E2,2.001000166E0,1.063800049E1,-3.379500210E-1
1.946395518E2,5.086950302E0,1.352805042E1,-4.369950294E0
1.946419955E2,4.282950401E0,1.198995018E1,-8.629050255E0
1.946444392E2,8.970000148E-1,9.654000282E0,-4.095000267E0
1.946468826E2,2.022000074E0,1.021605015E1,-6.799500585E-1
1.946493262E2,4.630050182E0,1.343700027E1,1.050000079E-3
1.946517697E2,3.994950294E0,9.313950539E0,-1.336050034E0
1.946542133E2,4.318050385E0,8.569050789E0,-2.179050207E0
1.946566568E2,7.192050457E0,8.855999947E0,-3.877050161E0
1.946591004E2,7.041000366E0,7.771950245E0,-7.477950573E0
1.946615438E2,2.037000179E0,6.261000156E0,-6.580050468E0
1.946639875E2,1.684950113E0,4.317000389E0,-2.080950022E0
1.946664312E2,5.757000446E0,7.195050240E0,-2.823000193E0
1.946688746E2,4.429050446E0,4.573050022E0,-5.203050137E0
1.946713182E2,1.273050070E0,2.848950148E0,-2.062050104E0
1.946737617E2,2.370000124E0,5.373000145E0,1.708050132E0
1.946762053E2,7.170000553E0,5.634000301E0,-3.229950190E0
1.946786488E2,4.291950226E0,6.247050285E0,-6.172950268E0
1.946810924E2,-2.071050167E0,6.136050224E0,-1.413000107E0
1.946835359E2,-1.150500029E-1,4.459950447E0,1.272000074E0
1.946859795E2,5.451000214E0,5.008950233E0,-2.878050089E0
1.946884232E2,3.502050161E0,3.867000103E0,-5.878050327E0
1.946908666E2,1.464000106E0,3.700950146E0,-3.393000126E0
1.946933102E2,7.704000473E0,3.991050243E0,-3.151050091E0
1.946957537E2,1.007205009E1,4.222949982E0,-7.462950230E0
1.946981973E2,2.572950125E0,5.992950439E0,-4.855950356E0
1.947006408E2,-5.310000181E-1,6.450000286E0,1.516950130E0
1.947030844E2,3.471000195E0,6.931050301E0,2.149049997E0
1.947055279E2,5.190000057E0,7.420050144E0,-3.216000080E0
1.947079715E2,1.882950068E0,7.603950500E0,9.040500522E-1
1.947104149E2,2.695050240E0,7.221000195E0,1.162050009E0
1.947128585E2,8.365050316E0,9.844950676E0,-7.092000484E0
1.947153022E2,7.608000278E0,9.217950821E0,-1.074600029E1
1.947177456E2,1.894950032E0,1.008705044E1,-5.269950390E0
1.947201893E2,5.500500202E-1,1.161495018E1,-1.873050094E0
1.947226328E2,2.056050062E0,1.660200119E1,-5.080500245E-1
1.947250764E2,2.282999992E0,1.494000053E1,-1.473000050E0
1.947275199E2,8.100000024E-2,1.138005066E1,1.153050065E0
1.947299635E2,2.737950087E0,1.102305031E1,-2.380500138E-1
1.947324069E2,4.828050137E0,1.492605114E1,-8.565000534E0
1.947348505E2,3.259950161E0,1.200195026E1,-8.722949982E0
1.947372942E2,4.350000322E-1,1.116900063E1,-4.027950287E0
1.947397376E2,2.506050110E0,1.348500061E1,-1.927950144E0
1.947421813E2,2.113049984E0,1.422900105E1,-1.681050062E0
1.947446247E2,1.612950087E0,1.077405071E1,-4.290000200E-1
1.947470684E2,2.961000204E0,9.577050209E0,2.572050095E0
1.947495118E2,6.844050407E0,1.226805019E1,-1.660050035E0
1.947519555E2,7.311000347E0,1.097505093E1,-5.068950176E0
1.947543989E2,2.881950140E0,7.738050461E0,-1.236000061E0
1.947568425E2,3.238950253E0,9.622950554E0,1.665000081E0
1.947592860E2,3.073050261E0,1.256805038E1,6.499500275E-1
1.947617296E2,1.632000089E0,1.113300037E1,1.239000082E0
1.947641731E2,1.713000059E0,9.187050819E0,1.858950138E0
1.947666167E2,2.382000208E0,9.550950050E0,-1.630950093E0
1.947690602E2,6.021000385E0,1.085805035E1,-7.039950371E0
1.947715038E2,3.202950239E0,9.036000252E0,-9.601950645E0
1.947739475E2,3.850500286E-1,7.261950493E0,-2.469000101E0
1.947763909E2,3.178950071E0,9.358950615E0,-7.159500122E-1
1.947788345E2,3.973950148E0,9.960000038E0,-3.175050259E0
1.947812780E2,1.371000051E0,6.232050419E0,-1.119000077E0
1.947837216E2,2.560950041E0,6.900000095E0,4.060500264E-1
1.947861651E2,7.800000191E0,7.822050571E0,-4.083000183E0
1.947886087E2,7.318950176E0,6.733050346E0,-1.040100002E1
1.947910521E2,1.986000061E0,5.563950062E0,-7.423050404E0
1.947934958E2,4.005000368E-2,6.429000378E0,-3.979500234E-1
1.947959394E2,2.286000013E0,7.918050289E0,-1.830000043E0
1.947983829E2,2.446050167E0,5.623950481E0,-4.474950314E0
1.948008265E2,1.669500023E-1,5.679000378E0,1.489500105E-1
1.948032700E2,5.025000095E0,5.524050236E0,-2.230500132E-1
1.948057136E2,9.460950851E0,4.474950314E0,-7.477950573E0
1.948081571E2,2.086950064E0,5.655000210E0,-8.064000130E0
1.948106007E2,-1.048950076E0,3.891000271E0,-4.036950111E0
1.948130441E2,3.412950277E0,3.520050049E0,-9.559500217E-1
1.948154877E2,7.813950539E0,3.876000166E0,-2.883000135E0
1.948179314E2,9.810000658E-1,3.697050095E0,-2.434950113E0
1.948203749E2,8.280000687E-1,4.361999989E0,2.434050083E0
1.948228185E2,8.884050369E0,4.426949978E0,-2.020950079E0
1.948252620E2,8.353050232E0,7.093950272E0,-9.168000221E0
1.948277056E2,1.620000124E0,7.128000259E0,-5.799000263E0
1.948301491E2,-1.051050067E0,8.131050110E0,3.741000175E0
1.948325927E2,2.980500162E-1,1.067100048E1,1.473000050E0
1.948350361E2,2.439000130E0,1.405905056E1,1.465950012E0
1.948374798E2,2.796000242E0,1.106400013E1,2.323050022E0
1.948399232E2,3.535950184E0,8.916000366E0,2.824050188E0
1.948423668E2,9.198000908E0,1.311105061E1,-8.922000885E0
1.948448103E2,8.626049995E0,1.195500088E1,-1.241505051E1
1.948472540E2,2.017950058E0,1.111395073E1,-6.453000069E0
1.948496974E2,1.090950012E0,1.090800095E1,-1.783950090E0
1.948521411E2,3.409050226E0,1.626405144E1,1.330050111E0
1.948545845E2,2.365050077E0,1.240695095E1,-1.210050106E0
1.948570282E2,8.059500456E-1,7.858050346E0,-1.039950013E0
1.948594718E2,3.406050205E0,9.807000160E0,-5.122050285E0
1.948619152E2,7.411950588E0,1.378095055E1,-9.669000626E0
1.948643588E2,3.247950077E0,9.345000267E0,-7.734000206E0
1.948668023E2,2.061000109E0,6.177000523E0,-3.900000080E-2
1.948692459E2,2.109000206E0,1.346295071E1,2.419050217E0
1.948716894E2,3.010500073E-1,1.102605057E1,5.725950241E0
1.948741330E2,-3.610500097E-1,7.348050117E0,8.869500160E-1
1.948765765E2,-2.299500108E-1,8.832000732E0,2.473950148E0
1.948790201E2,8.400000334E-1,8.989950180E0,3.288000107E0
1.948814638E2,3.210000038E0,1.059495068E1,2.119950056E0
1.948839072E2,3.454050064E0,7.429050446E0,1.339050055E0
1.948863508E2,2.425050020E0,7.192050457E0,5.800500512E-1
1.948887943E2,2.599050045E0,9.702000618E0,-9.649500251E-1
1.948912379E2,2.797950029E0,1.017105007E1,3.918000221E0
1.948936814E2,2.097000122E0,6.832950115E0,1.657950044E0
1.948961250E2,5.571000099E0,6.334950447E0,4.410000145E-1
1.948985685E2,1.406805038E1,7.726050377E0,-1.681995010E1
1.949010121E2,6.105000496E0,8.491950035E0,-2.163000107E1
1.949034558E2,8.440500498E-1,3.958050251E0,-1.311900043E1
1.949058992E2,1.255950093E0,3.414000273E0,-3.028950214E0
1.949083428E2,1.170000061E-1,1.338405037E1,5.010000467E-1
1.949107863E2,-1.933950067E0,5.314950466E0,2.014950037E0
1.949132299E2,-7.905000448E-2,3.709050179E0,4.858950138E0
1.949156734E2,-6.300000548E-1,6.630000114E0,2.331000090E0
1.949181170E2,6.346050262E0,4.482000351E0,2.532000065E0
1.949205605E2,5.523000240E0,6.373050213E0,-3.592050076E0
1.949230041E2,2.238000154E0,4.864950180E0,-5.443050385E0
1.949254478E2,5.029950142E0,5.703000069E0,-5.695950508E0
1.949278912E2,6.765000343E0,6.867000103E0,-5.998050213E0
1.949303348E2,1.374000072E0,6.424050331E0,-1.200000010E-2
1.949327783E2,-6.180000305E-1,7.891050339E0,4.177050114E0
1.949352219E2,2.407950163E0,1.150005054E1,1.785000086E0
1.949376654E2,5.427000046E0,1.077195072E1,-4.248000145E0
1.949401090E2,4.516950130E0,8.188050270E0,-5.457000256E0
1.949425525E2,3.724950075E0,7.872000217E0,-2.992950201E0
1.949449961E2,4.756950378E0,1.086795044E1,-5.479050159E0
1.949474395E2,5.487000465E0,1.294095039E1,-6.316950321E0
1.949498832E2,3.283950090E0,1.061595058E1,-3.106050253E0
1.949523269E2,2.050950050E0,9.663000107E0,-6.640500426E-1
1.949547703E2,5.914950371E0,1.309695053E1,-5.761050224E0
1.949572139E2,4.825950146E0,1.383600044E1,-5.947950363E0
1.949596574E2,1.359000087E0,9.570000648E0,-3.799950123E0
1.949621010E2,2.213999987E0,9.204000473E0,-7.690500617E-1
1.949645445E2,4.105050087E0,1.381305027E1,-1.771950126E0
1.949669881E2,2.518050194E0,1.028100014E1,-2.632050037E0
1.949694316E2,1.285050035E0,5.275050163E0,-1.533000112E0
1.949718752E2,4.251000404E0,8.827950478E0,-2.068950176E0
1.949743189E2,6.556950092E0,9.457050323E0,-6.111000061E0
1.949767622E2,2.808000088E0,6.646050453E0,-4.465950012E0
1.949792057E2,7.870500088E-1,6.232050419E0,2.280000210E0
1.949816494E2,2.707050085E0,7.741050243E0,4.275000095E0
1.949840928E2,3.037950039E0,8.871000290E0,2.943000078E0
1.949865365E2,2.346000195E0,6.541050434E0,1.227000117E0
1.949889801E2,1.881000042E0,7.012950420E0,1.605000019E0
1.949914236E2,5.226000309E0,8.173950195E0,-2.833050251E0
1.949938672E2,4.608000278E0,8.209950447E0,-8.680050850E0
1.949963106E2,1.909500062E-1,6.792000294E0,-4.933050156E0
1.949987543E2,-5.509500504E-1,5.052000046E0,1.219950080E0
1.950011977E2,3.715050220E0,9.868950844E0,-4.980000257E-1
1.950036413E2,2.869950056E0,8.404050827E0,-3.205950260E0
1.950060848E2,6.499500275E-1,3.811950207E0,-1.948950052E0
1.950085284E2,2.371950150E0,5.880000114E0,-1.225950003E0
1.950109719E2,8.032050133E0,7.027050495E0,-6.760050297E0
1.950134155E2,5.893950462E0,5.643000126E0,-1.133295059E1
1.950158592E2,2.430000156E-1,4.657050133E0,-4.645050049E0
1.950183026E2,-6.870000362E-1,4.597050190E0,3.753000259E0
1.950207462E2,3.813000202E0,5.931000233E0,5.950500369E-1
1.950231897E2,5.985000134E0,4.270950317E0,-3.568050146E0
1.950256333E2,1.711050034E0,5.302950382E0,-1.114050031E0
1.950280768E2,5.592000484E0,6.508050442E0,-2.268000126E0
1.950305204E2,9.343950272E0,6.220050335E0,-7.483050346E0
1.950329638E2,1.168050051E0,7.177950382E0,-8.548050880E0
1.950354075E2,-2.680950165E0,6.850050449E0,9.900000691E-1
1.950378512E2,7.530000210E-1,7.507950306E0,4.720050335E0
1.950402946E2,7.086000443E0,8.041950226E0,-3.994050264E0
1.950427382E2,4.981950283E0,7.507950306E0,-4.948950291E0
1.950451817E2,1.917000055E0,7.887000561E0,-3.640500307E-1
1.950476253E2,6.390000343E0,8.715000153E0,-4.162050247E0
1.950500688E2,6.877950191E0,1.024995041E1,-8.743950844E0
1.950525124E2,1.651050091E0,9.453000069E0,-5.209950447E0
1.950549558E2,-3.130500019E-1,7.483950138E0,2.908050060E0
1.950573995E2,8.295000345E-2,1.162200069E1,1.203000069E0
1.950598431E2,1.897950053E0,1.337205029E1,8.505000174E-2
1.950622866E2,3.757950068E0,8.272050858E0,-1.192950010E0
1.950647302E2,2.913000107E0,7.918050289E0,-2.356050014E0
1.950671737E2,9.849000931E0,1.144005013E1,-7.015950203E0
1.950696173E2,6.801000118E0,1.092300034E1,-1.009695053E1
1.950720608E2,1.120050073E0,8.896950722E0,-3.513000250E0
1.950745044E2,1.560000062E0,9.192000389E0,2.152950048E0
1.950769478E2,1.876050115E0,1.442100048E1,4.174050331E0
1.950793915E2,1.194000006E0,1.162395096E1,2.364000082E0
1.950818349E2,8.659500480E-1,7.669050217E0,-1.116000056E0
1.950842786E2,6.169500351E-1,1.043895054E1,5.989500284E-1
1.950867222E2,3.969000101E0,1.358295059E1,2.959950209E0
1.950891657E2,5.097000122E0,1.116705036E1,-5.320950031E0
1.950916093E2,1.510050058E0,8.092950821E0,-3.988950253E0
1.950940528E2,1.740000129E0,1.081005096E1,1.366050124E0
1.950964964E2,2.808000088E0,1.326705074E1,-1.674000025E0
1.950989398E2,3.808050156E0,1.173900032E1,-3.714000225E0
1.951013835E2,2.887050152E0,8.932950020E0,-2.458950043E0
1.951038272E2,4.386000156E0,9.325950623E0,-1.815000057E0
1.951062705E2,6.856050491E0,1.133205032E1,-6.642000198E0
1.951087142E2,4.753950119E0,8.479949951E0,-8.115000725E0
1.951111576E2,1.729950070E0,5.980950356E0,-2.416050196E0
1.951136013E2,4.599000454E0,7.462950230E0,-1.267050028E0
1.951160447E2,7.077000141E0,1.014705086E1,-6.187050343E0
1.951184884E2,3.387000084E0,4.911000252E0,-6.772050381E0
1.951209318E2,1.704000115E0,4.549050331E0,-1.854000092E0
1.951233755E2,3.780000210E0,6.940950394E0,-3.313950062E0
1.951258189E2,5.298000336E0,6.844950199E0,-7.336950302E0
1.951282625E2,3.679500222E-1,4.249950409E0,-4.392000198E0
1.951307060E2,-2.368050098E0,4.255050182E0,4.359000206E0
1.951331496E2,2.761950016E0,4.786050320E0,5.524950027E0
1.951355931E2,7.873950481E0,3.952950239E0,-1.369500011E-1
1.951380367E2,4.273050308E0,5.547000408E0,-2.068950176E0
1.951404801E2,2.398050070E0,5.932950497E0,4.320000112E-1
1.951429238E2,6.592950344E0,7.008000374E0,-2.440050125E0
1.951453672E2,5.110950470E0,7.408050537E0,-6.271050453E0
1.951478109E2,2.820000052E-1,7.438950539E0,9.370500445E-1
1.951502545E2,-2.370000184E-1,6.337950230E0,3.148950100E0
1.951526980E2,5.190000534E-1,1.001295090E1,1.198050022E0
1.951551416E2,5.602050304E0,1.177500057E1,-1.779000044E0
1.951575851E2,3.418050051E0,7.257000446E0,-3.361950159E0
1.951600287E2,6.394050121E0,7.719000340E0,-4.915950298E0
1.951624721E2,1.160700035E1,1.207395077E1,-1.228800011E1
1.951649157E2,5.173050404E0,1.259100056E1,-1.004700089E1
1.951673594E2,1.909500062E-1,8.919000626E0,-2.734950066E0
1.951698029E2,1.567050099E0,9.238950729E0,1.228950024E0
1.951722465E2,2.965950251E0,1.672395134E1,1.497000098E0
1.951746900E2,1.575000048E0,1.293405056E1,6.599999964E-2
1.951771336E2,-2.680500150E-1,5.631000042E0,-1.440000087E-1
1.951795770E2,5.160000324E-1,9.615000725E0,-2.353950024E0
1.951820206E2,2.092050076E0,1.397295094E1,-8.416049957E0
1.951844641E2,1.507950068E0,7.024950504E0,-9.532050133E0
1.951869077E2,-2.580000162E-1,5.662050247E0,-3.022050142E0
1.951893512E2,2.488950014E0,5.410950184E0,-7.069500089E-1
1.951917949E2,4.969950199E0,7.546950340E0,-3.502950191E0
1.951942385E2,3.528000116E0,5.743950367E0,-2.437950134E0
1.951966820E2,2.809950113E0,4.159049988E0,4.167000294E0
1.951991256E2,5.154000282E0,7.935000420E0,2.911950111E0
1.952015691E2,8.230950356E0,8.284049988E0,-2.725050211E0
1.952040127E2,3.753000259E0,5.172000408E0,-2.886000156E0
1.952064561E2,1.627050042E0,6.453000069E0,1.459050059E0
1.952088998E2,4.660950184E0,9.265950203E0,7.339500189E-1
1.952113432E2,4.531949997E0,8.884950638E0,-3.124950171E0
1.952137869E2,1.759050131E0,8.647950172E0,-3.235050201E0
1.952162303E2,1.720950127E0,7.992000580E0,-1.839000106E0
1.952186740E2,6.162000179E0,9.370950699E0,-6.130050182E0
1.952211176E2,4.654050350E0,1.085100079E1,-8.521950722E0
1.952235611E2,5.020500422E-1,7.923000336E0,-2.185950041E0
1.952260047E2,-2.149500102E-1,8.204999924E0,2.764050245E0
1.952284482E2,3.634050131E0,1.227495098E1,1.837050080E0
1.952308918E2,5.275950432E0,1.050105095E1,-2.530950069E0
1.952333352E2,2.392950058E0,6.682050228E0,-1.468050122E0
1.952357788E2,6.187950134E0,9.559950829E0,-1.834950089E0
1.952382223E2,8.029950142E0,1.076505089E1,-7.440000534E0
1.952406660E2,2.082000017E0,1.107795048E1,-7.413000584E0
1.952431094E2,8.805000782E-2,8.245950699E0,-8.580000401E-1
1.952455531E2,1.147950053E0,8.047050476E0,2.272950172E0
1.952479964E2,3.061050177E0,1.253895092E1,2.119950056E0
1.952504401E2,2.475000143E0,9.232050896E0,6.000000052E-3
1.952528838E2,1.639050126E0,6.808950424E0,1.023000002E0
1.952553272E2,4.780950069E0,9.952950478E0,-1.099050045E0
1.952577708E2,6.289050102E0,1.010895061E1,-5.533950329E0
1.952602143E2,1.857000113E0,8.855999947E0,-4.449000359E0
1.952626579E2,8.160000443E-1,8.599950790E0,1.720050097E0
1.952651014E2,9.520500302E-1,1.092300034E1,7.810500264E-1
1.952675450E2,3.211950064E0,1.274895096E1,5.350500345E-1
1.952699884E2,3.057000160E0,9.739950180E0,-2.047950029E0
1.952724321E2,2.094000101E0,7.267050266E0,-1.800000072E-1
1.952748755E2,6.279000282E0,1.025205040E1,-2.962050200E0
1.952773191E2,7.809000492E0,1.096095085E1,-8.685000420E0
1.952797628E2,2.809950113E0,8.667000771E0,-7.068000317E0
1.952822063E2,6.000000238E-1,7.824000359E0,-8.290500641E-1
1.952846499E2,5.575050354E0,1.022595024E1,1.005000062E-2
1.952870934E2,4.765950203E0,1.151205063E1,-4.786950111E0
1.952895370E2,2.980050087E0,8.782050133E0,-4.059000015E0
1.952919805E2,3.409050226E0,7.633050442E0,-3.525000095E0
1.952944241E2,7.005000114E0,8.880000114E0,-5.412000179E0
1.952968675E2,5.302950382E0,8.689050674E0,-9.240000725E0
1.952993112E2,1.282950044E0,6.085950375E0,-3.807000160E0
1.953017546E2,2.350050211E0,6.577050209E0,2.532000065E0
1.953041983E2,5.791050434E0,9.781050682E0,9.970500469E-1
1.953066419E2,3.351000071E0,6.904950142E0,-2.019000053E0
1.953090854E2,6.430500150E-1,6.064950466E0,1.030050039E0
1.953115290E2,2.213999987E0,8.077950478E0,6.259500384E-1
1.953139724E2,5.935050488E0,8.028000832E0,-5.989050388E0
1.953164161E2,2.251950026E0,8.072999954E0,-6.799950123E0
1.953188595E2,-5.820000172E-1,6.157950401E0,2.694000244E0
1.953213031E2,-3.520500064E-1,6.895050526E0,9.490500689E-1
1.953237466E2,9.810000658E-1,1.132695007E1,7.020000219E-1
1.953261902E2,2.001000166E0,1.063500023E1,1.999950051E0
1.953286339E2,1.591050029E0,6.424050331E0,3.705000132E-2
1.953310774E2,6.289500594E-1,8.875950813E0,-9.850500226E-1
1.953335210E2,6.286950111E0,1.136805058E1,-4.219500124E-1
1.953359645E2,4.273050308E0,8.883000374E0,-7.461000443E0
1.953384081E2,2.674050093E0,6.204000473E0,-3.439050198E0
1.953408515E2,5.668950081E0,8.797050476E0,-3.991950274E0
1.953432951E2,6.775050163E0,1.115505028E1,-6.111000061E0
1.953457386E2,1.924050093E0,9.544050217E0,-5.332950115E0
1.953481822E2,1.644000053E0,6.739950180E0,-1.534950018E0
1.953506257E2,6.241050243E0,1.035300064E1,-1.408050060E0
1.953530694E2,5.635050297E0,1.071195030E1,-7.315050125E0
1.953555130E2,1.684950113E0,8.563950539E0,-5.839950085E0
1.953579565E2,1.729950070E0,6.856950283E0,-1.729500145E-1
1.953604001E2,4.642050266E0,1.073595047E1,1.287000060E0
1.953628435E2,4.492950439E0,1.110495090E1,-2.818950176E0
1.953652871E2,2.970000029E0,1.016400051E1,-3.766950130E0
1.953677306E2,2.869950056E0,9.262950897E0,-3.541950226E0
1.953701742E2,7.354050159E0,1.047495079E1,-5.088000298E0
1.953726177E2,4.516950130E0,1.001505089E1,-8.143050194E0
1.953750614E2,6.379500031E-1,8.751000404E0,-1.744050026E0
1.953775048E2,1.074000001E0,9.388050079E0,2.986950159E0
1.953799485E2,4.761000156E0,1.166505051E1,4.390500188E-1
1.953823921E2,5.370000362E0,1.028595066E1,-3.795000076E0
1.953848355E2,2.575050116E0,8.908950806E0,-2.160000086E0
1.953872792E2,3.118950129E0,1.005600071E1,-2.023950100E0
1.953897226E2,5.086950302E0,1.158105087E1,-5.055000305E0
1.953921662E2,3.492000103E0,1.123605061E1,-5.646000385E0
1.953946097E2,1.120050073E0,7.534950256E0,-1.060500070E-1
1.953970533E2,1.605000161E-2,7.851000309E0,1.057050109E0
1.953994968E2,3.330000162E0,1.220100021E1,1.531050086E0
1.954019404E2,4.219950199E0,9.916950226E0,-2.770950079E0
1.954043838E2,2.362050056E0,6.984000206E0,-2.742000103E0
1.954068274E2,5.149050236E0,8.277000427E0,-3.895950079E0
1.954092709E2,5.515950203E0,8.808000565E0,-8.088000298E0
1.954117145E2,2.230950117E0,6.390000343E0,-6.693000317E0
1.954141582E2,9.640500546E-1,3.021000147E0,4.395000264E-2
1.954166017E2,4.855050087E0,5.629050255E0,6.670500040E-1
1.954190453E2,7.275000572E0,6.265950203E0,-5.080950260E0
1.954214888E2,3.037950039E0,3.967050076E0,-4.492050171E0
1.954239324E2,9.310500622E-1,5.583000183E0,-6.300000548E-1
1.954263758E2,5.118000031E0,7.507950306E0,-2.320950031E0
1.954288195E2,5.092050076E0,6.712950230E0,-8.553000450E0
1.954312629E2,-8.950500488E-1,6.517050266E0,-3.558000088E0
1.954337065E2,-2.203050137E0,4.690050125E0,3.619050264E0
1.954361502E2,3.330000162E0,6.511950493E0,3.271950245E0
1.954385936E2,7.108050346E0,7.702050209E0,-4.219050407E0
1.954410373E2,1.843050122E0,6.313950062E0,-4.437000275E0
1.954434808E2,1.809000134E0,6.772950172E0,-2.083950043E0
1.954459244E2,7.510050297E0,8.047050476E0,-6.120000362E0
1.954483678E2,3.318000078E0,8.254950523E0,-7.537950516E0
1.954508115E2,-8.430000544E-1,7.246950150E0,1.408950090E0
1.954532549E2,-1.125000000E0,7.249950409E0,2.536050081E0
1.954556985E2,4.740000248E0,1.011105061E1,8.509500623E-1
1.954581420E2,5.857950211E0,9.177000046E0,-5.227050304E0
1.954605856E2,3.889950275E0,6.579000473E0,-2.349000216E0
1.954630293E2,7.426050186E0,8.914050102E0,-6.183000088E0
1.954654727E2,8.689949989E0,1.162905025E1,-8.278050423E0
1.954679164E2,3.102000237E0,1.241205025E1,-7.080000401E0
1.954703598E2,8.505000174E-2,9.328050613E0,-1.356000066E0
1.954728034E2,1.102950096E0,1.100400066E1,2.410050154E0
1.954752469E2,2.104050159E0,1.602495003E1,-2.710500062E-1
1.954776905E2,2.287950039E0,1.104000092E1,-5.920500159E-1
1.954801340E2,2.152050018E0,9.286950111E0,-1.237950087E0
1.954825776E2,5.602050304E0,1.174905014E1,-4.179000378E0
1.954850213E2,6.418050289E0,1.248900032E1,-6.934050560E0
1.954874647E2,3.037950039E0,1.002495003E1,-5.040000439E0
1.954899084E2,7.849500179E-1,9.651000023E0,7.339500189E-1
1.954923518E2,1.773000121E0,1.175595093E1,2.943000078E0
1.954947954E2,4.765950203E0,1.207695103E1,-1.363050103E0
1.954972389E2,3.186000109E0,8.767950058E0,-2.437950134E0
1.954996825E2,5.302950382E0,1.006095028E1,-1.960950136E0
1.955021260E2,8.560950279E0,1.197105026E1,-4.183050156E0
1.955045696E2,4.740000248E0,1.185195065E1,-6.325950146E0
1.955070133E2,1.242000103E0,1.018995094E1,9.829500318E-1
1.955094567E2,9.739500284E-1,9.232050896E0,2.014950037E0
1.955119004E2,1.150950074E0,1.317105103E1,1.480950117E0
1.955143438E2,1.291950107E0,1.116000080E1,7.290000319E-1
1.955167875E2,1.894950032E0,8.392050743E0,1.537950039E0
1.955192309E2,5.734050274E0,8.358000755E0,-1.777050138E0
1.955216745E2,7.519950390E0,9.031050682E0,-1.063395023E1
1.955241180E2,3.898950100E0,8.113950729E0,-1.263300037E1
1.955265616E2,6.979500055E-1,5.851950169E0,-4.042050362E0
1.955290051E2,3.741000175E0,7.056000233E0,-1.055999994E0
1.955314487E2,4.905000210E0,9.771000862E0,-4.485000134E0
1.955338921E2,2.109000206E0,4.537050247E0,-3.733050108E0
1.955363358E2,1.656000137E0,4.800000191E0,-3.405000269E-2
1.955387792E2,5.602050304E0,5.725050449E0,-4.590000153E0
1.955412228E2,6.415950298E0,5.059050083E0,-8.958000183E0
1.955436663E2,-8.689500690E-1,5.080950260E0,-4.842000008E0
1.955461099E2,-1.657050133E0,2.746050119E0,1.950000048E0
1.955485534E2,3.976050138E0,3.211050034E0,1.264950037E0
1.955509971E2,6.394050121E0,4.096950054E0,-3.918000221E0
1.955534407E2,7.459500432E-1,2.599950075E0,-3.798000097E0
1.955558841E2,2.032050133E0,3.045000076E0,-2.905050039E0
1.955583278E2,8.746050835E0,4.326000214E0,-6.196950436E0
1.955607712E2,6.876000404E0,4.401000023E0,-7.164000511E0
1.955632148E2,8.830500245E-1,3.919050217E0,-6.064950466E0
1.955656583E2,2.875050068E0,4.377000332E0,-6.795000553E0
1.955681019E2,8.713950157E0,5.392050266E0,-4.899000168E0
1.955705454E2,5.259000301E0,5.004000187E0,-5.389500260E-1
1.955729890E2,4.780500233E-1,5.626050472E0,4.894950390E0
1.955754327E2,1.443000078E0,6.915000439E0,2.581950188E0
1.955778761E2,9.892050743E0,1.094700050E1,-2.638950109E0
1.955803197E2,5.058000088E0,8.242950439E0,-6.657000542E0
1.955827632E2,2.506050110E0,9.330000877E0,-1.465950012E0
1.955852068E2,3.649950266E0,1.099395084E1,-4.672049999E0
1.955876503E2,4.408950329E0,1.486095047E1,-5.673000336E0
1.955900939E2,2.721000195E0,1.398705101E1,-2.713050127E0
1.955925374E2,8.350500464E-1,1.036005020E1,2.125050068E0
1.955949810E2,2.227950096E0,1.188300037E1,-1.360050082E0
1.955974244E2,3.943050146E0,1.587195110E1,-4.734000206E0
1.955998681E2,3.454050064E0,1.114800072E1,-4.305000305E0
1.956023117E2,1.012050033E0,9.840000153E0,-2.383050203E0
1.956047552E2,3.504000187E0,1.436100101E1,-2.275050163E0
1.956071988E2,2.020050049E0,1.301295090E1,-2.746950150E0
1.956096423E2,2.220000178E-1,8.662050247E0,4.560000300E-1
1.956120859E2,2.200050116E0,9.931050301E0,1.339050055E0
1.956145294E2,3.852000237E0,1.522995090E1,-3.135000229E0
1.956169730E2,2.583000183E0,9.478950500E0,-3.304950237E0
1.956194165E2,1.321050048E0,3.780000210E0,4.200000316E-2
1.956218602E2,4.833000183E0,7.990050316E0,2.670000196E-1
1.956243038E2,5.440950394E0,1.114095020E1,-2.361000061E0
1.956267472E2,2.844000101E0,7.900950432E0,-2.269950151E0
1.956291909E2,1.162950039E0,7.978050232E0,1.369500011E-1
1.956316343E2,4.450050354E0,9.271050453E0,-2.850000262E-1
1.956340779E2,5.092050076E0,8.751000404E0,-4.699950218E0
1.956365214E2,1.249050021E0,7.585050583E0,-2.778000116E0
1.956389650E2,1.624950051E0,8.140049934E0,1.399050117E0
1.956414085E2,4.612950325E0,9.910050392E0,-1.319999993E-1
1.956438521E2,2.080049992E0,7.966050148E0,-2.797050238E0
1.956462958E2,2.029950142E0,7.669050217E0,-1.230000034E-1
1.956487392E2,6.391950130E0,8.983050346E0,-2.971950054E0
1.956511829E2,9.436950684E0,1.030995083E1,-9.673050880E0
1.956536263E2,4.177050114E0,9.354000092E0,-1.186200047E1
1.956560699E2,4.759500325E-1,7.456050396E0,-5.646000385E0
1.956585134E2,7.099500299E-1,9.964950562E0,-1.150050044E0
1.956609570E2,1.536000013E0,9.850050926E0,-2.509950161E0
1.956634005E2,9.520500302E-1,7.003050327E0,-2.785050154E0
1.956658441E2,3.864000082E0,5.880000114E0,-2.569950104E0
1.956682875E2,9.279000282E0,6.760950089E0,-7.669050217E0
1.956707311E2,5.716950417E0,6.687000275E0,-1.077495098E1
1.956731746E2,-1.081950068E0,6.418950081E0,-4.834950447E0
1.956756182E2,-8.400000334E-1,6.067050457E0,2.410050154E0
1.956780617E2,4.369050026E0,6.481050491E0,2.934000254E0
1.956805054E2,4.680000305E0,4.975050449E0,-3.360000253E-1
1.956829488E2,1.450050116E0,4.779000282E0,2.287050009E0
1.956853924E2,6.454050541E0,5.562000275E0,9.229500294E-1
1.956878358E2,1.003605080E1,5.586000443E0,-7.705050468E0
1.956902795E2,2.677950144E0,6.253950119E0,-9.573000908E0
1.956927231E2,-1.065000057E0,7.450950146E0,3.600000143E-1
1.956951666E2,-5.340000391E-1,8.986050606E0,2.728050232E0
1.956976102E2,2.374050140E0,9.358950615E0,-1.234050035E0
1.957000537E2,3.006000042E0,9.049950600E0,-2.871000051E0
1.957024973E2,4.930950165E0,7.267050266E0,-2.626950026E0
1.957049408E2,7.717950344E0,8.539950371E0,-6.826950550E0
1.957073844E2,7.206000328E0,9.330000877E0,-9.927000046E0
1.957098278E2,1.327950120E0,9.924000740E0,-5.694000244E0
1.957122715E2,1.153050065E0,1.059195042E1,-7.810500264E-1
1.957147149E2,4.147950172E0,1.335000038E1,-1.708050132E0
1.957171586E2,2.578050137E0,1.201200104E1,-1.858050108E0
1.957196022E2,6.100500226E-1,1.016595078E1,2.188950062E0
1.957220457E2,4.194000244E0,1.027905083E1,-6.090000272E-1
1.957244893E2,7.872000217E0,1.218705082E1,-7.447050571E0
1.957269328E2,2.902950048E0,1.115700054E1,-6.970050335E0
1.957293764E2,7.770000100E-1,1.005405045E1,-1.008000016E0
1.957318198E2,2.370000124E0,1.111695099E1,1.375050068E0
1.957342635E2,3.805950165E0,1.194495010E1,-1.590000093E-1
1.957367069E2,4.267950058E0,9.262950897E0,-2.833050251E0
1.957391506E2,3.472950220E0,9.472050667E0,-3.573000193E0
1.957415942E2,6.298950195E0,1.061100006E1,-4.552050114E0
1.957440377E2,3.772950172E0,9.148050308E0,-6.654000282E0
1.957464813E2,8.680500388E-1,7.792950153E0,-1.243050098E0
1.957489248E2,2.508000135E0,8.077950478E0,2.479050159E0
1.957513684E2,5.305050373E0,9.723000526E0,-2.089500129E-1
1.957538118E2,2.080049992E0,6.606000423E0,-5.419500470E-1
1.957562555E2,1.843050122E0,6.424050331E0,1.357950091E0
1.957586989E2,6.166950226E0,7.846050262E0,-1.119000077E0
1.957611425E2,6.979050159E0,7.575000286E0,-6.420000076E0
1.957635862E2,2.451000214E0,7.176000118E0,-6.585000515E0
1.957660297E2,1.066950083E0,6.144000053E0,-3.720000088E-1
1.957684733E2,3.921000242E0,8.337000847E0,6.550500393E-1
1.957709168E2,3.745950222E0,8.239050865E0,-2.434950113E0
1.957733604E2,2.121000051E0,7.192050457E0,-3.123000145E0
1.957758039E2,3.361050129E0,6.691950321E0,-2.931000233E0
1.957782475E2,8.017950058E0,7.306950569E0,-6.046050072E0
1.957806909E2,3.837000132E0,7.177950382E0,-8.530950546E0
1.957831346E2,1.399500072E-1,6.760950089E0,-1.855950117E0
1.957855782E2,4.009950161E0,8.740950584E0,7.930500507E-1
1.957880217E2,6.289050102E0,7.300050259E0,-4.768050194E0
1.957904653E2,1.759500057E-1,8.113950729E0,-4.783950329E0
1.957929088E2,5.470499992E-1,5.811000347E0,-9.100500345E-1
1.957953524E2,7.696950436E0,6.603000164E0,-3.718950272E0
1.957977959E2,6.708000183E0,6.763950348E0,-9.187050819E0
1.958002395E2,-1.309050083E0,7.410000324E0,-2.725050211E0
1.958026829E2,-9.600000381E-1,7.221000195E0,5.464950085E0
1.958051266E2,3.840000153E0,8.421000481E0,3.580050230E0
1.958075700E2,5.872050285E0,9.189000130E0,-2.301000118E0
1.958100136E2,2.215950012E0,7.273950577E0,-1.782000065E0
1.958124571E2,2.824050188E0,8.808000565E0,-8.220000267E-1
1.958149007E2,5.578050137E0,8.761050224E0,-7.261950493E0
1.958173444E2,2.647050142E0,8.986050606E0,-6.325950146E0
1.958197878E2,1.479000092E0,8.887950897E0,-1.717050076E0
1.958222315E2,5.737950325E0,9.280050278E0,-2.517000198E0
1.958246750E2,6.460950375E0,1.022400093E1,-4.903950214E0
1.958271186E2,1.713000059E0,7.639950275E0,-2.431050062E0
1.958295620E2,2.053050041E0,7.543950558E0,7.240500450E-1
1.958320056E2,8.226000786E0,9.024000168E0,-4.660050392E0
1.958344491E2,5.961000443E0,7.753050327E0,-9.693000793E0
1.958368927E2,1.054949999E0,6.823950291E0,-2.911950111E0
1.958393362E2,3.532950163E0,8.646000862E0,-1.800000072E-1
1.958417798E2,4.705950260E0,1.095405006E1,-1.201950073E0
1.958442233E2,2.013000011E0,9.490950584E0,-1.189950109E0
1.958466669E2,1.150950074E0,8.587950706E0,1.690950036E0
1.958491106E2,4.085999966E0,9.739950180E0,-6.799500585E-1
1.958515540E2,5.779050350E0,8.911050797E0,-6.348000526E0
1.958539976E2,2.535000086E0,7.999050617E0,-6.028950214E0
1.958564411E2,4.792950153E0,8.380050659E0,-3.970050097E0
1.958588847E2,8.638050079E0,8.940000534E0,-4.135050297E0
1.958613282E2,1.845000029E0,9.163050652E0,-3.544050217E0
1.958637718E2,-1.069950104E0,7.960950375E0,1.858950138E0
1.958662153E2,2.233050108E0,7.884000301E0,1.372950077E0
1.958686589E2,7.885950565E0,9.357000351E0,-6.403050423E0
1.958711024E2,4.192049980E0,6.615000248E0,-7.356000423E0
1.958735460E2,3.130500019E-1,6.484050274E0,9.195000678E-2
1.958759894E2,3.526050091E0,8.446949959E0,-2.140500098E-1
1.958784331E2,5.407950401E0,1.049205017E1,-1.309950113E0
1.958808767E2,2.005950212E0,8.758049965E0,-1.345950007E0
1.958833202E2,8.539500237E-1,8.221950531E0,-5.509500504E-1
1.958857638E2,4.984050274E0,8.635950089E0,-4.300950050E0
1.958882073E2,4.030950069E0,7.915050507E0,-8.140950203E0
1.958906509E2,1.338000059E0,6.141000271E0,-3.331050158E0
1.958930944E2,4.591050148E0,6.523950100E0,-8.100000620E-1
1.958955380E2,7.263000488E0,6.067050457E0,-3.819000244E0
1.958979814E2,1.065000057E0,6.474000454E0,-2.713050127E0
1.959004251E2,-4.500000179E-1,5.815950394E0,2.113049984E0
1.959028685E2,4.891050339E0,7.437000275E0,-2.230500132E-1
1.959053122E2,5.145000458E0,7.342950344E0,-7.401000500E0
1.959077558E2,-1.240500063E-1,6.478950500E0,-3.988950253E0
1.959101993E2,4.060500264E-1,6.136050224E0,9.250500202E-1
1.959126429E2,5.971050262E0,6.541050434E0,-2.227050066E0
1.959150864E2,4.369050026E0,7.009950161E0,-5.854950428E0
1.959175300E2,2.119500041E-1,6.340050220E0,-2.533950090E0
1.959199735E2,3.964050293E0,6.157950401E0,-1.473000050E0
1.959224171E2,8.872050285E0,6.369000435E0,-8.473950386E0
1.959248605E2,2.896050215E0,5.974050522E0,-7.573950291E0
1.959273041E2,1.261050105E0,6.736950397E0,-1.789050102E0
1.959297478E2,9.198000908E0,7.381050587E0,-2.356050014E0
1.959321913E2,5.877000332E0,6.004950523E0,-6.312000275E0
1.959346349E2,-2.073000193E0,7.681050301E0,-4.600500166E-1
1.959370784E2,2.404950142E0,5.823000431E0,9.990000725E-1
1.959395220E2,9.538050652E0,7.402950287E0,-5.629050255E0
1.959419654E2,4.582050323E0,7.113000393E0,-6.361950397E0
1.959444090E2,-4.999500215E-1,7.654050350E0,1.882950068E0
1.959468525E2,1.362000108E0,7.798050404E0,1.969050050E0
1.959492961E2,4.696950436E0,1.021395016E1,-2.457000017E0
1.959517398E2,3.712950230E0,1.103805065E1,-2.152950048E0
1.959541832E2,2.872050047E0,1.030305004E1,-9.319500327E-1
1.959566269E2,3.756000280E0,1.071705055E1,-3.703950167E0
1.959590703E2,3.528000116E0,1.205505085E1,-5.682000160E0
1.959615139E2,2.227950096E0,1.022595024E1,-2.850000143E0
1.959639574E2,2.287950039E0,1.006305027E1,-9.750000238E-1
1.959664010E2,4.033950329E0,1.132995033E1,-3.454950094E0
1.959688445E2,2.752950191E0,1.065900040E1,-3.325950146E0
1.959712881E2,1.906950116E0,8.104949951E0,1.005000062E-2
1.959737316E2,4.507950306E0,9.043050766E0,-2.541000128E0
1.959761752E2,6.504000187E0,1.134900093E1,-5.404050350E0
1.959786187E2,2.278950214E0,9.168000221E0,-4.837050438E0
1.959810623E2,1.294050097E0,6.784950256E0,5.010000467E-1
1.959835060E2,4.249050140E0,9.994050026E0,7.005000114E-2
1.959859494E2,3.133050203E0,1.072200012E1,-5.629500151E-1
1.959883930E2,1.315950036E0,6.723000526E0,1.204950094E0
1.959908365E2,2.856000185E0,8.160000801E0,3.409500122E-1
1.959932801E2,5.884050369E0,9.517050743E0,-3.106050253E0
1.959957236E2,3.082950115E0,7.566000462E0,-6.277950287E0
1.959981672E2,1.512000084E0,7.939050198E0,-4.084949970E0
1.960006107E2,6.544950485E0,9.499950409E0,-3.786000252E0
1.960030543E2,4.981950283E0,8.476050377E0,-6.550950527E0
1.960054977E2,-1.699500084E-1,7.627950191E0,-1.813050032E0
1.960079414E2,1.543950081E0,6.045000076E0,9.850500226E-1
1.960103848E2,8.130000114E0,8.049000740E0,-3.439050198E0
1.960128285E2,5.839050293E0,6.583950520E0,-9.439050674E0
1.960152721E2,5.020500422E-1,6.145950317E0,-3.727950096E0
1.960177156E2,1.432950020E0,6.004950523E0,3.049500287E-1
1.960201589E2,6.081000328E0,7.152000427E0,-2.931000233E0
1.960226026E2,3.241050243E0,6.603000164E0,-5.122050285E0
1.960250462E2,1.240500063E-1,6.859950542E0,-7.000500560E-1
1.960274897E2,4.642050266E0,6.469050407E0,-1.540050030E0
1.960299333E2,6.733950138E0,5.815950394E0,-6.964950562E0
1.960323768E2,-3.660000265E-1,6.462000370E0,-2.446950197E0
1.960348204E2,6.840000153E-1,6.736950397E0,2.970000029E0
1.960372639E2,7.419000149E0,7.129950523E0,-1.468050122E0
1.960397075E2,4.195950031E0,5.521050453E0,-3.987000227E0
1.960421509E2,-1.024950027E0,6.598950386E0,1.621950030E0
1.960445945E2,1.615050077E0,6.651000500E0,1.528050065E0
1.960470382E2,6.780000210E0,8.053950310E0,-5.352000237E0
1.960494817E2,4.299000263E0,8.080950737E0,-5.227050304E0
1.960519253E2,4.180500209E-1,9.268050194E0,2.910000086E0
1.960543688E2,4.969500303E-1,1.060695076E1,3.150000274E-1
1.960568124E2,3.496950150E0,1.406205082E1,1.086000085E0
1.960592559E2,3.391950130E0,1.300995064E1,-2.485950232E0
1.960616995E2,4.093050003E0,1.078905010E1,-8.070000410E-1
1.960641429E2,4.345050335E0,1.302705097E1,-5.335050106E0
1.960665865E2,3.981000185E0,1.446900082E1,-7.554000378E0
1.960690300E2,2.632950068E0,1.317300034E1,-2.779950142E0
1.960714736E2,3.466050148E0,1.257900047E1,-4.542000294E0
1.960739173E2,5.341050148E0,1.433205032E1,-6.148950100E0
1.960763608E2,1.576950073E0,1.309395027E1,-3.738000154E0
1.960788044E2,8.280000687E-1,9.819000244E0,-7.260000110E-1
1.960812478E2,4.492950439E0,1.020195007E1,-3.373950243E0
1.960836914E2,6.166950226E0,1.108095074E1,-8.941050529E0
1.960861349E2,2.305050135E0,6.802050114E0,-7.368000507E0
1.960885785E2,3.373050213E0,5.551950455E0,-2.673000097E0
1.960910220E2,6.124050140E0,9.886050224E0,-3.325950146E0
1.960934656E2,3.483000278E0,6.553050518E0,-2.802000046E0
1.960959091E2,-2.269500047E-1,5.791950226E0,2.850000143E0
1.960983528E2,4.519500136E-1,7.537050247E0,5.185050011E0
1.961007964E2,5.659050465E0,4.591950417E0,-5.269500017E-1
1.961032398E2,3.037950039E0,4.092000008E0,-1.779000044E0
1.961056835E2,2.097000122E0,5.329950333E0,1.191000104E0
1.961081269E2,9.387000084E0,5.607000351E0,-3.738000154E0
1.961105705E2,5.221050262E0,4.149000168E0,-6.319050312E0
1.961130140E2,-4.140000343E-1,7.209000111E0,1.552050114E0
1.961154576E2,1.450050116E0,6.838050365E0,3.516000271E0
1.961179011E2,6.090000153E0,8.131050110E0,-3.088950157E0
1.961203447E2,3.526050091E0,8.715000153E0,-6.633000374E0
1.961227884E2,7.530000210E-1,7.698000431E0,9.610500336E-1
1.961252318E2,2.437050104E0,7.987050533E0,-1.320000052E0
1.961276754E2,4.675050259E0,9.694050789E0,-5.008950233E0
1.961301189E2,2.695050240E0,9.163050652E0,-6.412050247E0
1.961325625E2,2.640000105E0,8.533050537E0,-4.375050068E0
1.961350060E2,7.110000134E0,9.031050682E0,-6.529950142E0
1.961374496E2,3.897000074E0,1.005105019E1,-7.837050438E0
1.961398931E2,1.114950061E0,9.247050285E0,-2.091000080E0
1.961423367E2,5.425050259E0,9.814050674E0,-3.135000229E0
1.961447801E2,5.017950058E0,8.977950096E0,-6.609000206E0
1.961472238E2,6.840000153E-1,9.012000084E0,-2.746950150E0
1.961496675E2,2.290500104E-1,5.884950161E0,5.010000467E-1
1.961521109E2,5.230950356E0,6.184050083E0,-2.995950222E0
1.961545545E2,6.379950523E0,5.488050461E0,-7.186050415E0
1.961569980E2,4.900500178E-1,5.691000462E0,-1.537950039E0
1.961594416E2,2.512950182E0,6.192000389E0,4.135950089E0
1.961618850E2,5.893950462E0,7.501050472E0,1.507050037E0
1.961643287E2,3.073050261E0,8.515950203E0,4.560000300E-1
1.961667721E2,6.480000019E-1,9.340050697E0,2.055000067E0
1.961692157E2,3.220050097E0,8.989950180E0,-9.870000482E-1
1.961716592E2,4.354050159E0,8.848950386E0,-7.930050373E0
1.961741028E2,5.929500461E-1,8.955000877E0,-5.665050507E0
1.961765463E2,1.150950074E0,7.477050304E0,-1.237950087E0
1.961789899E2,4.693950176E0,9.562950134E0,-4.051949978E0
1.961814334E2,3.895050287E0,1.013505077E1,-3.100950241E0
1.961838771E2,2.563050032E0,8.227050781E0,8.940000534E-1
1.961863204E2,4.620000362E0,9.562950134E0,-3.910500109E-1
1.961887641E2,7.977000237E0,1.178505039E1,-4.351050377E0
1.961912078E2,3.394050121E0,9.643950462E0,-5.092950344E0
1.961936512E2,9.400500655E-1,9.594000816E0,4.849500358E-1
1.961960948E2,3.844050169E0,1.140600014E1,-5.940000415E-1
1.961985383E2,3.337050200E0,1.159995079E1,-3.268950224E0
1.962009819E2,1.633950114E0,1.014705086E1,-3.360000253E-1
1.962034254E2,4.957950115E0,9.237000465E0,-1.717050076E0
1.962058690E2,7.708950520E0,1.057800007E1,-6.262050152E0
1.962083124E2,2.827050209E0,1.027395058E1,-7.080000401E0
1.962107561E2,1.737000108E0,8.346000671E0,-2.092950106E0
1.962131998E2,4.551000118E0,9.888000488E0,-2.491050005E0
1.962156432E2,3.691050291E0,1.049205017E1,-3.745050192E0
1.962180868E2,1.057050109E0,7.084950447E0,-1.437000036E0
1.962205303E2,2.713950157E0,5.398950100E0,-1.353000045E0
1.962229739E2,7.498050213E0,7.221000195E0,-5.014050007E0
1.962254174E2,5.085000038E0,6.292050362E0,-8.152950287E0
1.962278610E2,3.769500256E-1,4.924950123E0,-1.327050090E0
1.962303044E2,2.005950212E0,6.634050369E0,4.066050053E0
1.962327481E2,3.883050203E0,7.342950344E0,2.005050182E0
1.962351915E2,1.888050079E0,5.470950127E0,5.179499984E-1
1.962376351E2,1.954950094E0,7.365000248E0,1.231950045E0
1.962400786E2,5.653950214E0,6.844950199E0,-3.088950157E0
1.962425222E2,5.523000240E0,6.426000118E0,-8.124000549E0
1.962449659E2,-1.290000081E-1,7.705050468E0,-4.612050056E0
1.962474094E2,2.700000107E-1,7.477050304E0,9.229500294E-1
1.962498530E2,4.582050323E0,8.107049942E0,-1.552050114E0
1.962522965E2,3.436950207E0,7.470000267E0,-3.657000065E0
1.962547401E2,1.362000108E0,7.053000450E0,-1.420500129E-1
1.962571835E2,6.916050434E0,6.523950100E0,-3.973050117E0
1.962596272E2,1.032795048E1,7.936950207E0,-1.112895012E1
1.962620706E2,2.479950190E0,7.822050571E0,-9.618000031E0
1.962645142E2,3.799500167E-1,7.342950344E0,-2.329950094E0
1.962669577E2,5.677950382E0,8.992950439E0,-1.201950073E0
1.962694014E2,3.508950233E0,8.679000854E0,-2.821050167E0
1.962718450E2,4.609500170E-1,7.944000244E0,9.705000371E-2
1.962742885E2,6.550050259E0,6.105000496E0,-2.257950068E0
1.962767321E2,1.052400017E1,6.739950180E0,-9.136950493E0
1.962791755E2,3.193050146E0,7.896000385E0,-8.881050110E0
1.962816191E2,-2.340000123E-1,7.816950321E0,-1.027950048E0
1.962840626E2,2.628000021E0,9.670050621E0,2.304000139E0
1.962865062E2,4.177050114E0,9.928950310E0,8.250000477E-1
1.962889497E2,1.279500127E-1,8.799000740E0,1.555050015E0
1.962913933E2,1.981950045E0,7.864950180E0,9.160500169E-1
1.962938368E2,8.500950813E0,8.193000793E0,-7.308000565E0
1.962962805E2,6.070950508E0,8.791950226E0,-1.226595020E1
1.962987241E2,1.605000161E-2,7.597050190E0,-4.291050434E0
1.963011675E2,-1.339500099E-1,7.860000610E0,1.500000119E0
1.963036112E2,2.020050049E0,1.318005085E1,2.934000254E0
1.963060546E2,1.905000091E0,1.057305050E1,-7.930500507E-1
1.963084982E2,9.070500135E-1,8.551950455E0,-3.600000143E-1
1.963109417E2,1.146000028E0,1.177305031E1,1.351050019E0
1.963133853E2,2.824050188E0,1.314195061E1,2.629950047E0
1.963158288E2,3.733950138E0,1.016100025E1,-1.753050089E0
1.963182724E2,5.527950287E0,8.916000366E0,-1.087050080E0
1.963207161E2,9.624000549E0,1.184700012E1,-5.347050190E0
1.963231595E2,4.339950085E0,1.258905029E1,-3.517950058E0
1.963256032E2,7.530000210E-1,1.193100071E1,1.653000116E0
1.963280466E2,3.990000248E0,1.198605061E1,2.236950159E0
1.963304902E2,8.386050224E0,1.367805099E1,-9.397950172E0
1.963329337E2,5.155950069E0,1.277100086E1,-1.015200043E1
1.963353773E2,1.132050037E0,1.119795036E1,-4.427999973E0
1.963378208E2,4.050000191E0,1.105200100E1,-8.910000324E-1
1.963402644E2,3.969000101E0,1.340595055E1,-1.138050079E0
1.963427079E2,2.686050177E0,1.094400024E1,-1.111050010E0
1.963451515E2,2.908050060E0,7.993950367E0,-2.644050121E0
1.963475952E2,5.959050179E0,8.107049942E0,-6.288000107E0
1.963500386E2,5.431950092E0,8.647950172E0,-1.066200066E1
1.963524822E2,1.891050100E0,5.799000263E0,-5.521950245E0
1.963549257E2,3.852000237E0,6.547950268E0,1.099950075E0
1.963573693E2,4.984050274E0,1.044600010E1,8.170500398E-1
1.963598128E2,1.500000119E0,6.535950184E0,7.000500560E-1
1.963622564E2,7.219500542E-1,4.597050190E0,3.640050173E0
1.963646999E2,3.571050167E0,7.563000202E0,3.529500067E-1
1.963671435E2,7.278000355E0,5.545050144E0,-8.710950851E0
1.963695869E2,1.969950080E0,5.538000107E0,-8.171999931E0
1.963720306E2,-1.302000046E0,5.073000431E0,-1.319999993E-1
1.963744740E2,3.829950094E0,6.139050484E0,1.794000030E0
1.963769176E2,5.413050175E0,7.678050518E0,1.609500051E-1
1.963793613E2,2.827050209E0,8.418000221E0,1.572000027E0
1.963818047E2,2.359950066E0,9.546000481E0,2.637000084E0
1.963842484E2,5.665950298E0,1.146105099E1,-2.004000187E0
1.963866918E2,3.475950241E0,1.156395054E1,-6.664050102E0
1.963891355E2,2.161050081E0,1.107795048E1,-2.482950211E0
1.963915789E2,2.278950214E0,1.092705059E1,-7.710000277E-1
1.963940225E2,3.897000074E0,1.353705025E1,-3.882000208E0
1.963964660E2,3.840000153E0,1.263000107E1,-3.525000095E0
1.963989096E2,3.255000114E0,1.096800041E1,-2.514000177E0
1.964013531E2,5.611050129E0,1.322400093E1,-7.762950420E0
1.964037967E2,6.153000355E0,1.624005127E1,-1.155795097E1
1.964062404E2,2.161050081E0,1.449300098E1,-7.966050148E0
1.964086838E2,5.710500479E-1,1.203105068E1,-1.293000102E0
1.964111275E2,2.833950043E0,1.328595066E1,-7.860000134E-1
1.964135709E2,3.129000187E0,1.329105091E1,-2.158050060E0
1.964160146E2,2.671050072E0,7.899000168E0,-2.773050070E0
1.964184580E2,4.157999992E0,6.520050526E0,-5.316000462E0
1.964209016E2,7.378050327E0,7.800000191E0,-1.029105091E1
1.964233451E2,2.887050152E0,5.524050236E0,-9.226050377E0
1.964257887E2,1.018950105E0,5.737050056E0,8.680500388E-1
1.964282322E2,6.340500116E-1,7.258950233E0,7.300950527E0
1.964306758E2,2.391000032E0,5.587950230E0,3.037050247E0
1.964331193E2,2.379000187E0,3.936000109E0,3.172950268E0
1.964355629E2,2.449050188E0,6.625050545E0,4.177050114E0
1.964380064E2,7.162950516E0,6.555000305E0,3.693000078E0
1.964404500E2,4.917000294E0,5.362950325E0,-3.276000261E0
1.964428937E2,1.266000032E0,6.283050060E0,-2.922000170E0
1.964453371E2,1.732950091E0,5.575950146E0,-4.485000134E0
1.964477807E2,6.988050461E0,6.690000534E0,-7.726950169E0
1.964502242E2,3.009000063E0,6.589050293E0,-8.115000725E0
1.964526678E2,-1.600500047E-1,5.638050079E0,-2.662950039E0
1.964551113E2,5.041950226E0,5.251050472E0,-3.634950161E0
1.964575549E2,8.647050858E0,6.067050457E0,-9.172950745E0
1.964599984E2,1.704000115E0,5.152050018E0,-7.261950493E0
1.964624420E2,5.209500194E-1,4.468050003E0,3.649500310E-1
1.964648854E2,4.258950233E0,8.467950821E0,6.795000285E-2
1.964673290E2,3.066000223E0,6.472050190E0,-1.582950115E0
1.964697727E2,-2.370000184E-1,6.229950428E0,2.479050159E0
1.964722162E2,2.482050180E0,5.854050159E0,3.408000231E0
1.964746598E2,9.457050323E0,7.096950531E0,-2.091000080E0
1.964771033E2,6.133050442E0,6.481050491E0,-9.493950844E0
1.964795469E2,-7.279500365E-1,7.606950283E0,-5.196000099E0
1.964819903E2,-1.189950109E0,8.955000877E0,1.026000023E0
1.964844340E2,2.065050125E0,9.799950600E0,-1.288950086E0
1.964868774E2,1.753950119E0,9.211050034E0,-3.379050255E0
1.964893210E2,7.630500197E-1,7.626000404E0,1.369500011E-1
1.964917647E2,4.804950237E0,6.979050159E0,-2.257950068E0
1.964942082E2,7.306950569E0,7.927050591E0,-9.355050087E0
1.964966518E2,2.580000162E0,7.305000305E0,-6.963000298E0
1.964990953E2,8.130000234E-1,6.838050365E0,-2.200950146E0
1.965015389E2,4.141050339E0,8.488050461E0,-2.163000107E0
1.965039824E2,2.932050228E0,9.639000893E0,-1.899000049E0
1.965064260E2,2.869500220E-1,6.804000378E0,1.038000107E0
1.965088694E2,2.392950058E0,7.269000530E0,2.086050034E0
1.965113130E2,7.474050522E0,1.014000034E1,-2.509950161E0
1.965137565E2,4.747050285E0,8.595000267E0,-5.139000416E0
1.965162001E2,1.072050095E0,8.171999931E0,-7.309500575E-1
1.965186436E2,2.379000187E0,1.021395016E1,1.855950117E0
1.965210873E2,2.845950127E0,1.312305069E1,8.989500403E-1
1.965235309E2,1.183950067E0,1.227300072E1,-3.910500109E-1
1.965259744E2,1.872000098E0,1.049595070E1,9.900000691E-1
1.965284180E2,4.407000065E0,1.126995087E1,-3.147000074E0
1.965308615E2,4.800000191E0,1.406400108E1,-8.347050667E0
1.965333051E2,4.101000309E0,1.190895081E1,-7.336950302E0
1.965357485E2,2.247000217E0,1.072200012E1,-2.098050117E0
1.965381921E2,4.801950455E0,1.367100048E1,5.659500360E-1
1.965406356E2,4.429050446E0,1.480905056E1,-4.557000160E0
1.965430792E2,3.775050163E0,1.115505028E1,-2.497950077E0
1.965455229E2,3.724950075E0,9.766050339E0,-1.071000099E0
1.965479664E2,7.749000549E0,1.304400063E1,-3.454950094E0
1.965504100E2,5.805000305E0,1.198305035E1,-8.220000267E0
1.965528535E2,1.966950059E0,9.807000160E0,-1.106999993E0
1.965552971E2,3.205050230E0,9.852000237E0,2.042999983E0
1.965577405E2,4.354050159E0,1.381500053E1,8.220000267E-1
1.965601841E2,1.855050087E0,1.170795059E1,1.174050093E0
1.965626276E2,1.852050066E0,7.518000126E0,1.324950099E0
1.965650712E2,2.604000092E0,8.908950806E0,-1.369950056E0
1.965675147E2,4.267950058E0,9.385950089E0,-6.901050091E0
1.965699583E2,1.354050040E0,6.448050499E0,-6.964950562E0
1.965724020E2,1.168050051E0,6.081000328E0,-4.840500355E-1
1.965748454E2,4.654050350E0,9.622950554E0,9.490500689E-1
1.965772888E2,4.045950413E0,8.044950485E0,-1.839000106E0
1.965797325E2,1.423950076E0,7.261950493E0,3.769500256E-1
1.965821759E2,3.318000078E0,8.998050690E0,1.141050100E0
1.965846196E2,6.544950485E0,8.938050270E0,-3.895950079E0
1.965870632E2,4.153050423E0,8.818050385E0,-8.869050026E0
1.965895067E2,2.790000141E-1,7.662000179E0,-4.150050163E0
1.965919503E2,2.020050049E0,7.128000259E0,-7.950000465E-3
1.965943938E2,5.394000053E0,8.751000404E0,-1.966050148E0
1.965968374E2,3.388950109E0,8.445000648E0,-4.123050213E0
1.965992808E2,1.819050074E0,8.004000664E0,-1.462950110E0
1.966017244E2,8.245050430E0,8.464050293E0,-3.799950123E0
1.966041679E2,8.266950607E0,8.265000343E0,-1.016895008E1
1.966066115E2,1.788000107E0,8.242950439E0,-7.981050491E0
1.966090550E2,1.240500063E-1,7.492050171E0,-5.869500041E-1
1.966114987E2,4.723050117E0,8.566950798E0,1.428000093E0
1.966139423E2,5.808000088E0,7.674000263E0,-3.253950119E0
1.966163858E2,1.759050131E0,6.654000282E0,-2.127000093E0
1.966188294E2,4.756950378E0,7.911000252E0,-8.940000534E-1
1.966212728E2,1.079505062E1,8.788949966E0,-7.678950310E0
1.966237164E2,4.990950108E0,8.446949959E0,-1.117500019E1
1.966261599E2,-7.110000253E-1,8.815950394E0,-3.771000147E0
1.966286035E2,-1.174950004E0,9.163050652E0,4.417950153E0
1.966310470E2,1.705950022E0,9.982050896E0,3.327000141E0
1.966334906E2,3.445050240E0,9.001950264E0,-1.249950051E0
1.966359340E2,2.527950048E0,8.332050323E0,-1.224000096E0
1.966383776E2,5.247000217E0,8.184000015E0,-3.690000057E0
1.966408211E2,6.856050491E0,9.655950546E0,-8.541000366E0
1.966432648E2,2.461050034E0,9.508050919E0,-6.148950100E0
1.966457084E2,3.660000265E-1,8.902050018E0,1.227000117E0
1.966481519E2,1.441050053E0,1.258695030E1,2.116950035E0
1.966505955E2,2.239950180E0,1.300095081E1,5.279999971E-1
1.966530389E2,1.450050116E0,9.594000816E0,-1.585050106E0
1.966554826E2,2.509500086E-1,9.627000809E0,9.250500202E-1
1.966579260E2,1.630050063E0,1.222500038E1,1.023000002E0
1.966603696E2,2.932050228E0,1.435800076E1,-6.000000238E-2
1.966628131E2,2.520000219E0,1.016100025E1,3.169500232E-1
1.966652567E2,1.498050094E0,7.789050579E0,-9.529500604E-1
1.966677002E2,4.575000286E0,1.270905018E1,-1.345950007E0
1.966701439E2,3.922950268E0,1.189005089E1,-8.613000870E0
1.966725875E2,1.966950059E0,8.413050652E0,-7.107000351E0
1.966750309E2,1.948050141E0,8.782050133E0,-2.661000013E0
1.966774745E2,6.816000462E0,1.001805019E1,-3.379050255E0
1.966799180E2,6.066000462E0,7.276050568E0,-7.021050453E0
1.966823616E2,1.675050020E0,6.898050308E0,-1.401000023E0
1.966848051E2,2.796000242E0,8.800950050E0,2.764050245E0
1.966872487E2,2.781000137E0,1.014195061E1,2.481000185E0
1.966896922E2,1.335000038E0,5.842050076E0,-8.400000632E-2
1.966921358E2,1.378050089E0,5.221950054E0,9.000000358E-2
1.966945792E2,5.353050232E0,7.209000111E0,-5.196000099E0
1.966970229E2,8.302950859E0,7.393050194E0,-1.225200081E1
1.966994665E2,2.499000072E0,6.840000153E0,-1.108095074E1
1.967019100E2,-2.128050089E0,7.453050137E0,4.699500203E-1
1.967043536E2,-2.395950079E0,7.993950367E0,6.769950390E0
1.967067971E2,2.119500041E-1,8.526000023E0,2.200950146E0
1.967092407E2,1.675050020E0,6.096000195E0,2.223000050E0
1.967116842E2,2.218950033E0,5.196000099E0,2.979000092E0
1.967141278E2,8.604000092E0,6.294000149E0,-3.451050282E0
1.967165713E2,7.744950294E0,6.709050179E0,-1.085400009E1
1.967190149E2,1.335000038E0,6.922050476E0,-5.566950321E0
1.967214585E2,-9.300000221E-2,7.638000488E0,1.701000094E0
1.967239019E2,3.150000274E-1,1.126500034E1,2.055000067E0
1.967263456E2,1.138950109E0,1.095900059E1,-3.000000119E-1
1.967287891E2,8.800500631E-1,8.245950699E0,-4.170000255E-1
1.967312327E2,-6.390000582E-1,7.690050602E0,4.605000094E-2
1.967336762E2,1.752000093E0,1.097805023E1,3.489000082E0
1.967361198E2,7.251000404E0,1.100895023E1,-6.417000294E0
1.967385632E2,3.439950228E0,6.189000130E0,-8.822999954E0
1.967410068E2,3.330000162E0,8.883000374E0,-4.870050430E0
1.967434503E2,4.534049988E0,1.251495075E1,-2.256000042E0
1.967458939E2,2.698050022E0,1.034805012E1,-2.088000059E0
1.967483374E2,1.206000090E0,7.870050430E0,-1.729500145E-1
1.967507811E2,4.753950119E0,7.980000496E0,-1.500000060E-2
1.967532247E2,8.731050491E0,1.063500023E1,-4.495050430E0
1.967556681E2,5.422050476E0,9.544050217E0,-7.495050430E0
1.967581118E2,1.654050112E0,9.409049988E0,-1.312950015E0
1.967605552E2,1.702050090E0,1.209105015E1,3.154050112E0
1.967629988E2,1.255950093E0,1.465095043E1,5.031000137E0
1.967654423E2,7.680000067E-1,1.078605080E1,1.180950046E0
1.967678859E2,1.219950080E0,9.297000885E0,-1.578000069E0
1.967703294E2,4.291950226E0,9.591000557E0,-3.106050253E0
1.967727730E2,5.989950180E0,1.163895035E1,-7.995000362E0
1.967752165E2,4.703999996E0,1.009395027E1,-9.754950523E0
1.967776601E2,5.590500236E-1,1.057995033E1,-1.561950088E0
1.967801035E2,1.512000084E0,1.191900063E1,4.435050011E0
1.967825472E2,1.860000134E0,1.563705063E1,1.339050055E0
1.967849906E2,1.942950130E0,1.231605053E1,-1.485000014E0
1.967874343E2,1.576950073E0,8.839950562E0,9.559500217E-1
1.967898779E2,1.279950023E0,1.099005032E1,6.019500494E-1
1.967923214E2,6.214950085E0,1.189695072E1,-1.027950048E0
1.967947650E2,3.162000179E0,7.768950462E0,-8.620050430E0
1.967972085E2,1.291950107E0,6.417000294E0,-2.251049995E0
1.967996521E2,1.824000120E0,9.321000099E0,1.348950028E0
1.968020955E2,3.756000280E0,1.160700035E1,-4.459500313E-1
1.968045391E2,1.776000142E0,6.915000439E0,-5.220000148E-1
1.968069826E2,1.045050025E0,4.594950199E0,1.428000093E0
1.968094262E2,3.588000059E0,7.611000538E0,-7.005000114E-2
1.968118699E2,5.358000278E0,7.507950306E0,-7.461000443E0
1.968143133E2,2.779050112E0,3.001950026E0,-7.681050301E0
1.968167570E2,2.220000178E-1,4.065000057E0,-2.419500053E-1
1.968192004E2,2.809950113E0,7.879950523E0,2.304000139E0
1.968216441E2,5.197050095E0,7.650000572E0,-1.099050045E0
1.968240875E2,4.026000023E0,7.944000244E0,-6.850500107E-1
1.968265311E2,2.880000114E0,7.912950516E0,-1.200000048E0
1.968289746E2,6.090000153E0,9.606000900E0,-4.432050228E0
1.968314182E2,5.386050224E0,9.322950363E0,-7.297950268E0
1.968338617E2,5.520000458E-1,7.942050457E0,-2.668050051E0
1.968363053E2,-6.010500193E-1,6.864000320E0,3.958950281E0
1.968387490E2,-1.000950098E0,1.023105049E1,-1.200000010E-2
1.968411924E2,2.080049992E0,1.185405064E1,1.435050011E0
1.968436361E2,3.306000233E0,7.779000282E0,-1.288950086E0
1.968460795E2,2.796000242E0,7.123050213E0,-2.670000076E0
1.968485232E2,7.339950562E0,1.150200081E1,-6.939000130E0
1.968509665E2,7.570050240E0,1.203795052E1,-1.066695023E1
1.968534102E2,1.702050090E0,8.646000862E0,-6.573000431E0
1.968558537E2,3.889500201E-1,6.400050163E0,2.113049984E0
1.968582973E2,1.294050097E0,1.261095047E1,3.745950222E0
1.968607408E2,1.026000023E0,1.311600018E1,2.641950130E0
1.968631844E2,9.400500655E-1,6.469050407E0,8.599500656E-1
1.968656278E2,2.839050055E0,8.083050728E0,-3.850050211E0
1.968680715E2,7.483950138E0,1.077195072E1,-8.830950737E0
1.968705149E2,6.021000385E0,9.547950745E0,-1.215900040E1
1.968729585E2,1.084050059E0,7.597050190E0,-7.084950447E0
1.968754020E2,-1.300050020E0,8.406000137E0,3.784050226E0
1.968778456E2,-2.229000092E0,1.002000046E1,6.364950180E0
1.968802893E2,1.624950051E0,8.920950890E0,1.156949997E0
1.968827328E2,5.238000393E0,6.510000229E0,1.702950120E0
1.968851764E2,7.186950207E0,6.562950134E0,-2.686950207E0
1.968876198E2,1.010805035E1,8.545050621E0,-8.067000389E0
1.968900635E2,5.737950325E0,9.309000015E0,-1.060500050E1
1.968925069E2,6.030000448E-1,7.518000126E0,-3.273000240E0
1.968949505E2,1.279500127E-1,7.195050240E0,3.303000212E0
1.968973940E2,-9.600000381E-1,1.158600044E1,3.319050074E0
1.968998376E2,4.710000157E-1,8.224050522E0,4.699500203E-1
1.969022811E2,1.462050080E0,6.781050205E0,1.347000122E0
1.969047247E2,1.266000032E0,7.492050171E0,2.500500083E-1
1.969071684E2,7.693950176E0,9.088950157E0,-9.799500704E-1
1.969096118E2,8.178000450E0,8.454000473E0,-1.057800007E1
1.969120554E2,2.556000233E0,6.249000072E0,-7.576050282E0
1.969144989E2,8.350500464E-1,7.650000572E0,1.390050054E0
1.969169425E2,4.450500309E-1,1.266600037E1,3.112950087E0
1.969193860E2,4.230000079E-1,9.172050476E0,3.295050144E0
1.969218296E2,1.909500062E-1,5.650050163E0,-1.469999999E-1
1.969242731E2,3.496950150E0,7.720950603E0,-7.020000219E-1
1.969267167E2,7.833000183E0,9.034049988E0,-7.672050476E0
1.969291601E2,6.600000381E0,8.293950081E0,-1.140405083E1
1.969316038E2,1.270950079E0,7.144050121E0,-6.829050541E0
1.969340474E2,-2.700000107E-1,6.247050285E0,1.212000012E0
1.969364909E2,-1.812000036E0,1.056600094E1,6.729000092E0
1.969389345E2,1.804050088E0,7.168050289E0,2.034000158E0
1.969413780E2,4.783050060E0,5.124000072E0,-2.521950006E0
1.969438216E2,4.206000328E0,6.225000381E0,-3.396000147E0
1.969462651E2,6.397050381E0,8.239050865E0,-3.621000290E0
1.969487087E2,6.199950218E0,7.831950188E0,-7.459050179E0
1.969511521E2,8.200500607E-1,6.960000515E0,-3.084000111E0
1.969535958E2,-6.769500375E-1,9.211050034E0,4.099950314E0
1.969560392E2,-6.799500585E-1,1.060200024E1,2.893050194E0
1.969584829E2,2.392950058E0,9.960000038E0,2.119950056E0
1.969609265E2,4.062000275E0,7.546950340E0,6.599999964E-2
1.969633700E2,4.339950085E0,7.128000259E0,-3.451050282E0
1.969658136E2,6.138000488E0,1.008705044E1,-6.421950340E0
1.969682571E2,6.511950493E0,1.018500042E1,-8.577000618E0
1.969707007E2,2.038950205E0,8.212050438E0,-4.432050228E0
1.969731442E2,5.790000558E-1,8.575950623E0,2.848050117E0
1.969755878E2,4.369500279E-1,1.239795017E1,1.426050067E0
1.969780312E2,1.225050092E0,1.308000088E1,-6.795000285E-2
1.969804748E2,2.307000160E0,9.199050903E0,1.050000072E0
1.969829183E2,1.285050035E0,9.598950386E0,-6.660000086E-1
1.969853620E2,8.950500488E-1,1.213695049E1,-1.939500123E-1
1.969878056E2,4.512000084E0,1.282605076E1,2.908050060E0
1.969902491E2,5.398050308E0,8.794050217E0,-7.483050346E0
1.969926927E2,2.391000032E0,8.089950562E0,-4.498950005E0
1.969951362E2,4.753950119E0,1.228005028E1,-3.999000072E0
1.969975798E2,7.014000416E0,1.108800030E1,-5.943000317E0
1.970000232E2,3.343950272E0,9.244050026E0,-5.542950153E0
1.970024668E2,1.053000093E0,9.196050644E0,3.340500295E-1
1.970049103E2,4.026000023E0,1.078905010E1,1.876050115E0
1.970073539E2,7.395000458E0,1.036500072E1,-3.268950224E0
1.970097974E2,5.776950359E0,7.518000126E0,-6.241950512E0
1.970122410E2,1.836000085E0,8.038050652E0,-2.115000010E0
1.970146844E2,2.938950062E0,1.017600060E1,3.243000269E0
1.970171281E2,2.970000029E0,1.271805096E1,1.569000125E0
1.970195715E2,2.779050112E0,9.784950256E0,-1.348050117E0
1.970220152E2,1.900050044E0,1.018800068E1,-1.890000105E0
1.970244588E2,1.909950137E0,1.184700012E1,-4.840500355E-1
1.970269023E2,5.025000095E0,1.214400101E1,-4.413000107E0
1.970293459E2,4.021950245E0,1.003695011E1,-6.693000317E0
1.970317894E2,1.041000009E0,1.009695053E1,-1.578000069E0
1.970342330E2,4.999500215E-1,1.117605019E1,2.778000116E0
1.970366764E2,8.440500498E-1,1.386795044E1,1.159500033E-1
1.970391201E2,2.287950039E0,1.190700054E1,5.160000324E-1
1.970415635E2,2.275950193E0,1.015605068E1,1.144950032E0
1.970440072E2,2.631000042E0,1.097505093E1,-8.340000510E-1
1.970464506E2,7.335000515E0,1.337205029E1,-3.867000103E0
1.970488943E2,8.713950157E0,1.041705036E1,-1.079895020E1
1.970513379E2,3.382050276E0,8.740950584E0,-8.634000778E0
1.970537814E2,8.830500245E-1,8.193000793E0,7.140000463E-1
1.970562250E2,1.243950009E0,8.643000603E0,2.295000076E0
1.970586684E2,3.303000212E0,9.867000580E0,-2.143050194E0
1.970611120E2,1.984050035E0,3.220050097E0,-3.922050238E0
1.970635555E2,-8.400000632E-2,2.904000044E0,-3.075000048E0
1.970659991E2,1.072050095E0,7.570950508E0,-2.862000227E0
1.970684426E2,5.056050301E0,3.424050093E0,-7.159050465E0
1.970708862E2,3.295950174E0,4.000950336E0,-4.621050358E0
1.970733296E2,-1.312050104E0,6.081000328E0,3.595050097E0
1.970757733E2,2.119500041E-1,8.148000717E0,7.129050255E0
1.970782170E2,5.824050426E0,7.750050545E0,2.095950127E0
1.970806603E2,3.729000092E0,5.497050285E0,-2.538000107E0
1.970831040E2,9.810000658E-1,6.381000519E0,-9.850500226E-1
1.970855474E2,2.392950058E0,8.171999931E0,-1.150050044E0
1.970879911E2,5.512950420E0,9.000000000E0,-4.387050152E0
1.970904345E2,5.170950413E0,7.993950367E0,-5.110050201E0
1.970928782E2,1.594050050E0,7.123050213E0,5.100000277E-2
1.970953217E2,7.920000553E-1,8.986050606E0,2.046000004E0
1.970977653E2,3.480000257E0,1.331700039E1,3.000000119E-2
1.971002088E2,4.536000252E0,8.413050652E0,-5.662950039E0
1.971026524E2,5.400000215E-1,5.173950195E0,-5.716050148E0
1.971050961E2,3.163950205E0,7.087050438E0,-6.142050266E0
1.971075395E2,8.362050056E0,8.824950218E0,-7.813050270E0
1.971099831E2,6.274950504E0,6.843000412E0,-1.072200012E1
1.971124265E2,1.963050127E0,5.089950085E0,-5.356050491E0
1.971148702E2,1.147950053E0,8.326950073E0,2.991000175E0
1.971173137E2,-1.671000123E0,1.155705070E1,4.135950089E0
1.971197573E2,-1.482000113E0,5.791950226E0,4.939500093E-1
1.971222008E2,1.399500072E-1,1.969950080E0,1.507050037E0
1.971246444E2,-8.470500112E-1,2.137950182E0,8.719500303E-1
1.971270878E2,5.206950188E0,3.385050058E0,-6.570000052E-1
1.971295314E2,9.289050102E0,2.338950157E0,-8.068950653E0
1.971319749E2,4.764000416E0,1.551000118E0,-4.630950451E0
1.971344185E2,-1.429500133E-1,5.272050381E0,3.283050060E0
1.971368620E2,-1.386000037E0,9.928950310E0,5.392950058E0
1.971393056E2,1.227000117E0,9.072000504E0,-6.250500083E-1
1.971417491E2,2.298000097E0,8.533050537E0,8.170500398E-1
1.971441927E2,1.168050051E0,8.707950592E0,1.393950105E0
1.971466361E2,3.492000103E0,9.579000473E0,2.575050116E0
1.971490798E2,6.528000355E0,1.163595009E1,-8.062050819E0
1.971515234E2,7.158000469E0,7.753050327E0,-9.664050102E0
1.971539669E2,3.382050276E0,8.503950119E0,-5.740050316E0
1.971564105E2,1.417050123E0,1.206000042E1,1.897050142E0
1.971588540E2,3.466050148E0,1.551000118E1,1.311000109E0
1.971612976E2,2.959050179E0,1.282605076E1,-1.051950097E0
1.971637410E2,1.291950107E0,1.029300022E1,-5.539500117E-1
1.971661847E2,1.029000044E0,1.121505070E1,-3.430500031E-1
1.971686281E2,2.568000078E0,1.342695045E1,-9.130500555E-1
1.971710717E2,4.503000259E0,1.191600037E1,-6.075000286E0
1.971735152E2,1.813950062E0,1.058505058E1,-2.505000114E0
1.971759589E2,1.303950071E0,9.997950554E0,9.250500202E-1
1.971784025E2,1.467000127E0,1.419795036E1,1.894950032E0
1.971808460E2,1.654050112E0,1.414500046E1,2.449950218E0
1.971832896E2,1.704000115E0,9.730050087E0,1.263000011E0
1.971857330E2,2.430000156E-1,8.646000862E0,-3.400500119E-1
1.971881766E2,2.451000214E0,9.715950012E0,-1.501950026E0
1.971906201E2,6.217050076E0,9.226950645E0,-6.934050560E0
1.971930637E2,5.449050426E0,7.087050438E0,-8.734950066E0
1.971955072E2,9.090000391E-1,9.541050911E0,-2.743950129E0
1.971979508E2,1.927050114E0,1.079295063E1,3.148950100E0
1.972003943E2,4.480950356E0,1.247895050E1,1.047000051E0
1.972028380E2,3.993000269E0,9.330000877E0,-2.044950008E0
1.972052816E2,1.636950135E0,8.907000542E0,-2.533950090E0
1.972077250E2,1.120050073E0,8.409000397E0,-1.542000055E0
1.972101687E2,5.145000458E0,8.595000267E0,-2.752050161E0
1.972126121E2,6.784950256E0,7.270950317E0,-6.652050495E0
1.972150557E2,2.452950001E0,6.421050072E0,-2.755950212E0
1.972174992E2,2.041949987E0,8.634000778E0,2.212949991E0
1.972199428E2,2.868000031E0,1.025505066E1,2.716050148E0
1.972223863E2,3.391950130E0,8.562000275E0,-5.220000148E-1
1.972248299E2,2.131950140E0,7.594950199E0,-5.989500284E-1
1.972272733E2,2.656950235E0,8.241000175E0,-3.439050198E0
1.972297169E2,6.343950272E0,7.779000282E0,-7.000950336E0
1.972321607E2,6.760950089E0,7.774050236E0,-9.420000076E0
1.972346041E2,2.274000168E0,7.123050213E0,-6.379050255E0
1.972370477E2,6.619500518E-1,7.819950581E0,2.659050226E0
1.972394912E2,-6.610500216E-1,1.211295033E1,6.183000088E0
1.972419348E2,-2.010000050E-1,9.025950432E0,1.708050132E0
1.972443783E2,1.101000071E0,7.807950497E0,1.456950068E0
1.972468219E2,3.556950092E0,7.495950222E0,-1.621050119E0
1.972492654E2,5.515950203E0,7.936950207E0,-5.658000469E0
1.972517090E2,1.034700012E1,7.683000565E0,-1.016400051E1
1.972541524E2,5.925000191E0,6.181950092E0,-1.154100037E1
1.972565960E2,5.040000081E-1,8.121000290E0,-2.979000092E0
1.972590397E2,8.320500255E-1,9.153000832E0,3.111000061E0
1.972614832E2,3.313050270E0,1.113795090E1,2.398050070E0
1.972639268E2,4.828050137E0,6.673050404E0,-3.208950043E0
1.972663703E2,4.576950073E0,6.211050510E0,-7.324950218E0
1.972688139E2,4.714050293E0,6.666000366E0,-8.272950172E0
1.972712574E2,7.467000484E0,6.421050072E0,-7.783950329E0
1.972737010E2,7.014000416E0,5.707950115E0,-9.640050888E0
1.972761445E2,1.888050079E0,5.928000450E0,-3.091950178E0
1.972785881E2,-1.045950055E0,7.915050507E0,5.781000137E0
1.972810315E2,-1.600500047E-1,6.559950352E0,6.226050377E0
1.972834751E2,7.125000477E0,6.273000240E0,2.215950012E0
1.972859186E2,6.718050480E0,4.041000366E0,-5.574000359E0
1.972883623E2,1.287000060E0,5.575950146E0,-6.088950157E0
1.972908059E2,7.680000067E-1,6.718050480E0,-1.827000141E0
1.972932494E2,3.556950092E0,6.193950176E0,-4.309500158E-1
1.972956930E2,3.813000202E0,6.238950253E0,5.400000215E-1
1.972981364E2,1.860000134E0,7.213950157E0,2.139000177E0
1.973005800E2,-4.069500268E-1,8.251049995E0,3.649500310E-1
1.973030235E2,-2.419500053E-1,1.093005085E1,-2.260500044E-1
1.973054671E2,1.905000091E0,1.130295086E1,1.930950046E0
1.973079106E2,2.877000093E0,1.057305050E1,5.400000215E-1
1.973103542E2,1.761000037E0,1.065195084E1,-1.522950053E0
1.973127977E2,1.492950082E0,1.197600079E1,8.800500631E-1
1.973152413E2,4.759050369E0,1.339095020E1,1.075950027E0
1.973176850E2,6.748950481E0,1.016595078E1,-7.135050297E0
1.973201284E2,2.880000114E0,1.028295040E1,-6.693000317E0
1.973225721E2,3.483000278E0,1.316805077E1,-5.280000210E0
1.973250155E2,7.132050514E0,1.198605061E1,-5.388000488E0
1.973274591E2,4.836000443E0,1.203600025E1,-6.580050468E0
1.973299026E2,1.420950055E0,1.219605064E1,-1.281000018E0
1.973323462E2,2.584950209E0,1.100895023E1,7.720500231E-1
1.973347897E2,5.137050152E0,1.295505047E1,5.879999995E-1
1.973372333E2,5.149050236E0,1.293900108E1,-2.026050091E0
1.973396768E2,2.836050034E0,1.034295082E1,-1.492050052E0
1.973421204E2,1.612950087E0,1.017105007E1,2.071950197E0
1.973445641E2,5.950500369E-1,1.381695080E1,4.177050114E0
1.973470075E2,2.629500031E-1,1.146105099E1,1.741950035E0
1.973494512E2,-4.210500121E-1,8.467950821E0,-4.303050041E0
1.973518945E2,-5.620500445E-1,7.738050461E0,-4.753050327E0
1.973543382E2,7.129500508E-1,8.164050102E0,-3.532050133E0
1.973567816E2,2.785950184E0,9.340050697E0,-4.885050297E0
1.973592253E2,2.580000162E0,7.789050579E0,-3.259050131E0
1.973616688E2,1.567050099E0,6.876000404E0,1.629000068E0
1.973641124E2,1.459950089E0,9.274950027E0,1.785000086E0
1.973665558E2,2.005950212E0,1.041000080E1,1.806000113E0
1.973689995E2,2.856000185E0,7.425000191E0,2.355000019E0
1.973714429E2,2.484000206E0,6.453000069E0,1.308000088E0
1.973738865E2,1.510050058E0,6.703950405E0,2.500500083E-1
1.973763302E2,2.221050024E0,8.871000290E0,9.079500437E-1
1.973787736E2,4.213050365E0,8.023050308E0,2.899950027E0
1.973812173E2,4.009950161E0,5.796000481E0,-2.962050200E0
1.973836608E2,1.299000025E0,8.302950859E0,-2.761050224E0
1.973861044E2,1.684950113E0,9.340050697E0,-3.822000265E0
1.973885478E2,4.405050278E0,9.330000877E0,-6.573000431E0
1.973909915E2,3.904050112E0,8.931000710E0,-7.765050411E0
1.973934349E2,1.098000050E0,9.574950218E0,-2.935950041E0
1.973958785E2,3.306000233E0,1.016805077E1,2.260500044E-1
1.973983220E2,7.275000572E0,9.393000603E0,-1.779000044E0
1.974007656E2,7.014000416E0,9.478950500E0,-5.914050102E0
1.974032091E2,2.568000078E0,1.089600086E1,-4.561950207E0
1.974056527E2,4.540500343E-1,1.219200039E1,-1.819500029E-1
1.974080962E2,2.346000195E0,1.286205101E1,3.529500067E-1
1.974105398E2,4.720950127E0,1.110195065E1,-4.192950249E0
1.974129832E2,4.680000305E0,1.074300098E1,-7.164000511E0
1.974154269E2,2.367000103E0,1.057800007E1,-4.243050098E0
1.974178703E2,2.037000179E0,1.124595070E1,-7.570500374E-1
1.974203140E2,5.482050419E0,1.195905018E1,-4.132950306E0
1.974227576E2,6.864000320E0,1.297200108E1,-5.413950443E0
1.974252011E2,2.527950048E0,1.254795074E1,-1.293000102E0
1.974276447E2,5.160000324E-1,1.238595104E1,1.987950087E0
1.974300882E2,8.400000334E-1,1.268505096E1,2.368950129E0
1.974325318E2,3.792000294E0,1.143705082E1,-4.095000267E0
1.974349753E2,3.457050085E0,9.121950150E0,-6.931950092E0
1.974374189E2,1.287000060E0,6.916950226E0,-3.879000187E0
1.974398623E2,2.233050108E0,7.438950539E0,-1.144950032E0
1.974423059E2,5.559000492E0,5.646000385E0,-3.532050133E0
1.974447494E2,4.278000355E0,5.071050167E0,-4.387050152E0
1.974471931E2,1.986000061E0,4.651950359E0,-2.850000262E-1
1.974496367E2,1.132050037E0,3.232050180E0,4.344000340E0
1.974520802E2,3.856050253E0,4.798050404E0,5.179499984E-1
1.974545238E2,3.961950302E0,3.373050213E0,-2.815950155E0
1.974569673E2,2.841000080E0,5.880000114E0,3.390000165E-1
1.974594109E2,2.149049997E0,5.914050102E0,9.510000348E-1
1.974618543E2,5.494050026E0,7.446000576E0,-1.249950051E0
1.974642979E2,4.978950024E0,7.756950378E0,-4.588050365E0
1.974667414E2,3.510000110E-1,7.828950405E0,-2.548050165E0
1.974691850E2,-9.259500504E-1,7.918050289E0,1.822950125E0
1.974716287E2,-1.165950060E0,8.277000427E0,2.853000164E0
1.974740721E2,2.121000051E0,9.473999977E0,6.330000162E-1
1.974765158E2,5.137050152E0,8.770050049E0,-3.700050116E0
1.974789592E2,3.028050184E0,7.999050617E0,-3.754950285E0
1.974814026E2,3.982950211E0,9.223050117E0,-2.461950064E0
1.974838462E2,5.161050320E0,1.043205070E1,-1.035000086E0
1.974862899E2,5.086950302E0,1.054200077E1,-2.590950012E0
1.974887334E2,3.271950245E0,1.117395020E1,-1.111050010E0
1.974911770E2,1.812000036E0,1.169400024E1,6.499500275E-1
1.974936205E2,9.400500655E-1,1.279305077E1,-6.570000052E-1
1.974960641E2,3.025950193E0,1.283595085E1,1.039500013E-1
1.974985076E2,3.901950121E0,1.164300060E1,-5.092950344E0
1.975009512E2,1.500000119E0,1.218705082E1,-4.351050377E0
1.975033946E2,1.560000062E0,1.219395065E1,-2.155050039E0
1.975058382E2,3.787050247E0,1.247895050E1,-4.179000378E0
1.975082817E2,3.150000095E0,1.201395035E1,-6.190050125E0
1.975107253E2,1.275000095E0,1.114500046E1,-2.127000093E0
1.975131688E2,9.570000172E-1,9.156000137E0,1.552050114E0
1.975156125E2,1.633950114E0,9.667950630E0,1.975950122E0
1.975180561E2,3.262950182E0,8.863950729E0,-4.890000224E-1
1.975204996E2,2.923050165E0,7.686000347E0,-3.120000124E0
1.975229432E2,1.429050088E0,7.288050175E0,-7.549500465E-1
1.975253866E2,1.491000056E0,7.498950481E0,1.867950082E0
1.975278303E2,3.835050106E0,8.710050583E0,7.995000482E-2
1.975302737E2,2.970000029E0,8.515950203E0,-1.513950109E0
1.975327173E2,1.435950041E0,8.467950821E0,-1.200000010E-2
1.975351608E2,2.910000086E-1,8.701050758E0,1.390050054E0
1.975376044E2,1.843050122E0,8.860950470E0,3.220500052E-1
1.975400479E2,3.058950186E0,7.426950455E0,-4.854000092E0
1.975424916E2,2.410050154E0,6.876000404E0,-5.292000294E0
1.975449352E2,1.194000006E0,6.939000130E0,-1.285950065E0
1.975473787E2,4.579050064E0,7.726050377E0,-1.621050119E0
1.975498223E2,8.784000397E0,8.467950821E0,-6.241950512E0
1.975522657E2,5.772000313E0,6.579000473E0,-7.564050198E0
1.975547094E2,2.085000038E0,8.266950607E0,-4.569000244E0
1.975571528E2,1.014000058E0,7.302000523E0,-2.899500132E-1
1.975595965E2,3.303000212E0,8.539950371E0,-1.819500029E-1
1.975620399E2,3.921000242E0,7.360050201E0,-3.241950035E0
1.975644835E2,3.672000170E0,6.711000443E0,-3.106050253E0
1.975669270E2,2.463000059E0,6.012000084E0,-3.577950239E0
1.975693706E2,5.250000477E0,6.309000492E0,-3.750000238E0
1.975718141E2,6.946950436E0,6.349950314E0,-6.681000233E0
1.975742578E2,2.374050140E0,8.848950386E0,-4.401000023E0
1.975767014E2,-1.525050044E0,8.418000221E0,1.564050078E0
1.975791449E2,-2.111999989E0,7.513050556E0,5.161050320E0
1.975815885E2,4.480950356E0,7.602000237E0,2.034000158E0
1.975840319E2,7.186950207E0,7.252050400E0,-4.159049988E0
1.975864756E2,3.235950232E0,7.486950397E0,-3.007950068E0
1.975889190E2,6.979500055E-1,8.191050529E0,1.108950019E0
1.975913626E2,1.033950090E0,9.565050125E0,4.849500358E-1
1.975938061E2,4.512000084E0,1.114500046E1,-1.272000074E0
1.975962497E2,3.495000124E0,1.159095097E1,-2.115000010E0
1.975986932E2,2.578050137E0,1.145400047E1,8.029500246E-1
1.976011368E2,2.275950193E0,1.246905041E1,-1.080000028E-1
1.976035802E2,2.683050156E0,1.331895065E1,-1.078050017E0
1.976060239E2,3.214950085E0,1.340595055E1,-7.069500089E-1
1.976084676E2,3.151950121E0,1.250805092E1,-4.870500267E-1
1.976109110E2,2.086950064E0,1.229700089E1,-9.169500470E-1
1.976133546E2,2.263950109E0,1.279995060E1,1.489500105E-1
1.976157981E2,6.370050430E0,1.325700092E1,-5.854950428E0
1.976182417E2,2.736000061E0,1.355595112E1,-9.301950455E0
1.976206852E2,6.529500484E-1,1.158600044E1,-5.269950390E0
1.976231288E2,-6.195000187E-2,1.008000088E1,-7.500000298E-2
1.976255722E2,3.247950077E0,1.178205013E1,-1.477950096E0
1.976280158E2,4.630050182E0,9.963000298E0,-3.297000170E0
1.976304595E2,3.499950171E0,4.798050404E0,-2.634000063E0
1.976329030E2,2.482050180E0,4.611000061E0,-3.450000286E-1
1.976353466E2,5.608950138E0,5.908950329E0,-1.369950056E0
1.976377901E2,7.339950562E0,5.397000313E0,-5.443050385E0
1.976402337E2,4.315950394E0,5.521050453E0,-3.853050232E0
1.976426772E2,9.949500561E-1,4.863000393E0,7.720500231E-1
1.976451208E2,8.400000334E-1,6.508050442E0,3.880050182E0
1.976475642E2,7.939500213E-1,6.754050255E0,2.368950129E0
1.976500078E2,3.306000233E0,5.016000271E0,1.969500035E-1
1.976524513E2,2.512950182E0,5.944950104E0,-2.042999983E0
1.976548949E2,3.001950026E0,4.894050121E0,-2.626950026E0
1.976573384E2,6.985950470E0,6.562950134E0,-4.432050228E0
1.976597820E2,7.843050480E0,6.093000412E0,-9.493950844E0
1.976622257E2,3.454050064E0,7.819950581E0,-9.096000671E0
1.976646691E2,7.219500542E-1,8.677050591E0,-3.087000132E0
1.976671128E2,1.042950034E0,7.882050514E0,1.606950045E0
1.976695562E2,4.326000214E0,8.667000771E0,1.675050020E0
1.976719998E2,5.734050274E0,9.594000816E0,-2.232000113E0
1.976744433E2,3.789000273E0,9.613050461E0,-2.670000076E0
1.976768869E2,1.464000106E0,9.639000893E0,-1.630500108E-1
1.976793304E2,2.341050148E0,1.088400078E1,5.250000358E-1
1.976817740E2,4.096050262E0,1.273500061E1,-2.526000023E0
1.976842174E2,4.309050083E0,1.348500061E1,-4.468050003E0
1.976866611E2,2.547000170E0,1.255605030E1,-2.494950056E0
1.976891045E2,1.302000046E0,1.191600037E1,1.074000001E0
1.976915481E2,6.979500055E-1,1.396800041E1,-2.197950125E0
1.976939918E2,1.699050069E0,1.486395073E1,-5.869500041E-1
1.976964353E2,8.490000367E-1,1.336500072E1,-1.030500084E-1
1.976988789E2,6.289500594E-1,1.209300041E1,-6.799500585E-1
1.977013224E2,1.207950115E0,1.223700047E1,-1.272000074E0
1.977037660E2,3.421050072E0,1.290000057E1,2.011950016E0
1.977062094E2,4.528950214E0,1.253895092E1,-4.474950314E0
1.977086530E2,1.912050128E0,1.109700012E1,-3.384000063E0
1.977110965E2,-3.299999982E-2,9.984000206E0,8.269500136E-1
1.977135401E2,1.507950068E0,9.268050194E0,1.525950074E0
1.977159836E2,3.187950134E0,7.981950283E0,-2.389950037E0
1.977184272E2,3.310050249E0,6.670050144E0,-5.176950455E0
1.977208709E2,2.097000122E0,5.157000065E0,-1.618950129E0
1.977233143E2,2.467950106E0,5.539950371E0,1.549950123E0
1.977257580E2,6.955050468E0,7.350000381E0,-1.281000018E0
1.977282014E2,7.210950375E0,7.293000221E0,-3.906000137E0
1.977306450E2,3.604950190E0,7.755000591E0,-3.951000214E0
1.977330885E2,1.797000051E0,7.168050289E0,-2.814000130E0
1.977355321E2,3.094950199E0,8.251049995E0,-1.372050047E0
1.977379756E2,3.172050238E0,8.590950012E0,-1.648050070E0
1.977404192E2,1.792950034E0,7.302000523E0,-1.175999999E0
1.977428626E2,1.570500135E-1,6.591000080E0,9.109500647E-1
1.977453062E2,2.836050034E0,5.683950424E0,3.979500234E-1
1.977477497E2,8.085000038E0,5.694000244E0,-3.295050144E0
1.977501933E2,8.275950432E0,5.782050133E0,-7.210050106E0
1.977526370E2,2.319000006E0,7.911000252E0,-4.807950020E0
1.977550805E2,3.100500107E-1,8.974050522E0,-4.789500237E-1
1.977575241E2,1.159950018E0,1.032405090E1,2.042999983E0
1.977599675E2,2.989950180E0,1.042905045E1,-2.419500053E-1
1.977624111E2,2.992050171E0,1.046505070E1,-2.947950125E0
1.977648546E2,8.749500513E-1,9.148050308E0,-1.669050097E0
1.977672982E2,-8.100000024E-2,7.549050331E0,1.183950067E0
1.977697417E2,2.431950092E0,9.244050026E0,-1.315050006E0
1.977721853E2,4.783050060E0,1.167705059E1,-6.493950367E0
1.977746288E2,3.684000254E0,1.018995094E1,-6.790950298E0
1.977770724E2,7.990500331E-1,9.109950066E0,-2.233950138E0
1.977795158E2,2.190000117E-1,9.201000214E0,1.669950128E0
1.977819595E2,1.135950089E0,1.115505028E1,-1.900500059E-1
1.977844029E2,1.969950080E0,1.085295010E1,-8.620500565E-1
1.977868466E2,1.693950057E0,9.168000221E0,3.270000219E-1
1.977892900E2,1.194000006E0,7.879950523E0,8.010000587E-1
1.977917337E2,1.524000049E0,8.983050346E0,-4.395000264E-2
1.977941773E2,4.207950115E0,1.134900093E1,1.780050039E0
1.977966208E2,6.085050106E0,9.309000015E0,-1.204950094E0
1.977990644E2,2.683050156E0,8.188050270E0,-2.562000036E0
1.978015078E2,1.060050011E0,7.621050358E0,1.660500020E-1
1.978039515E2,2.154000044E0,8.880000114E0,-1.861050129E0
1.978063949E2,4.474050045E0,8.799000740E0,-3.846000195E0
1.978088385E2,1.675050020E0,8.044950485E0,-2.890050173E0
1.978112820E2,4.249500334E-1,7.426950455E0,1.557000041E0
1.978137257E2,3.340500295E-1,7.666050434E0,7.360500097E-1
1.978161693E2,1.860000134E0,1.090605068E1,-1.590000033E0
1.978186128E2,3.888000250E0,9.814050674E0,5.040000081E-1
1.978210564E2,1.930950046E0,7.237950325E0,-1.942050099E0
1.978234999E2,5.910000205E-1,6.625050545E0,1.042050004E0
1.978259435E2,1.917000055E0,7.177950382E0,2.980500162E-1
1.978283869E2,4.110000134E0,8.557050705E0,-2.914050102E0
1.978308305E2,3.033000231E0,7.528050423E0,-2.871000051E0
1.978332740E2,1.279950023E0,6.036000252E0,-1.609050035E0
1.978357176E2,1.596000075E0,4.771950245E0,4.395000264E-2
1.978381611E2,3.931050301E0,6.898050308E0,-1.345950007E0
1.978406047E2,5.140050411E0,7.978050232E0,-3.799950123E0
1.978430481E2,2.566050053E0,7.390950203E0,-3.384000063E0
1.978454918E2,3.889500201E-1,6.591000080E0,-8.359500170E-1
1.978479355E2,1.999500096E-1,7.065000534E0,1.239000082E0
1.978503788E2,3.816000223E0,9.048000336E0,4.849500358E-1
1.978528225E2,4.747050285E0,8.695950508E0,-3.601050138E0
1.978552660E2,1.462050080E0,8.053950310E0,-2.221950054E0
1.978577096E2,-6.130500436E-1,7.492050171E0,8.149500489E-1
1.978601531E2,1.888050079E0,9.076950073E0,1.026000023E0
1.978625967E2,6.298950195E0,1.173705101E1,-6.525000095E0
1.978650402E2,7.444950581E0,1.055895042E1,-7.678950310E0
1.978674838E2,2.877000093E0,9.907050133E0,-5.704050064E0
1.978699272E2,2.580000162E-1,1.112895012E1,1.543050051E0
1.978723709E2,1.474050045E0,1.191600037E1,1.902000070E0
1.978748143E2,3.090000153E0,1.379595089E1,-1.894050121E0
1.978772580E2,3.307950258E0,1.294305038E1,7.459500432E-1
1.978797016E2,2.257050037E0,1.051800060E1,1.435050011E0
1.978821451E2,1.147950053E0,1.085595036E1,-9.250500202E-1
1.978845887E2,3.876000166E0,1.219605064E1,-1.174050093E0
1.978870322E2,4.254000187E0,1.388895035E1,-5.866050243E0
1.978894758E2,1.611000061E0,1.335000038E1,-3.645000219E0
1.978919192E2,5.520000458E-1,1.086795044E1,6.690000296E-1
1.978943629E2,3.030000031E-1,1.143705082E1,-4.630500078E-1
1.978968063E2,5.279999971E-1,1.344405079E1,2.980500162E-1
1.978992499E2,1.024049997E0,1.211505032E1,6.430500150E-1
1.979016934E2,1.351950049E0,1.000305080E1,-1.350000054E-1
1.979041370E2,9.190500379E-1,7.923000336E0,-2.089500129E-1
1.979065805E2,8.830500245E-1,9.091050148E0,1.800000072E-1
1.979090241E2,1.558050036E0,1.048905087E1,6.430500150E-1
1.979114675E2,2.053050041E0,1.040100002E1,1.045050025E0
1.979139111E2,1.576950073E0,7.378950119E0,1.606950045E0
1.979163548E2,2.197050095E0,6.120000362E0,1.473000050E0
1.979187983E2,3.124050140E0,8.100000381E0,3.619500101E-1
1.979212419E2,3.760950089E0,8.751000404E0,1.441950083E0
1.979236854E2,4.294950008E0,6.397050381E0,-8.895000070E-2
1.979261290E2,2.434050083E0,6.778050423E0,-3.985050201E0
1.979285725E2,3.150000095E0,5.298000336E0,-6.646950245E0
1.979310161E2,5.212050438E0,6.223050117E0,-1.003695011E1
1.979334595E2,6.021000385E0,6.595950127E0,-1.018605042E1
1.979359031E2,2.599050045E0,7.009950161E0,-7.072950363E0
1.979383468E2,7.990500331E-1,6.742050171E0,-1.327050090E0
1.979407902E2,1.108050108E0,7.558950424E0,3.628050089E0
1.979432339E2,2.281050205E0,8.524050713E0,4.069050312E0
1.979456773E2,5.074950218E0,7.669050217E0,1.861050129E0
1.979481210E2,4.078950405E0,5.856000423E0,-1.039950013E0
1.979505645E2,3.160050154E0,5.947050095E0,-1.798950076E0
1.979530081E2,4.539000034E0,7.185000420E0,-2.212949991E0
1.979554515E2,6.813000202E0,9.072000504E0,-6.546000481E0
1.979578952E2,4.939050198E0,9.904950142E0,-8.368950844E0
1.979603386E2,1.146000028E0,1.051800060E1,-3.786000252E0
1.979627822E2,-4.039500058E-1,1.031205082E1,1.846950054E0
1.979652257E2,3.820500076E-1,1.150695038E1,5.989500284E-1
1.979676693E2,1.219950080E0,1.384800053E1,-1.309950113E0
1.979701128E2,2.262000084E0,1.282395077E1,9.300000668E-1
1.979725564E2,2.068050146E0,1.122000027E1,8.200500607E-1
1.979749998E2,3.114000082E0,9.690000534E0,8.149500489E-1
1.979774435E2,4.146000385E0,1.025505066E1,-4.513950348E0
1.979798869E2,7.639050484E0,1.213905048E1,-8.806950569E0
1.979823306E2,4.981950283E0,1.235205078E1,-8.164950371E0
1.979847740E2,8.680500388E-1,1.142505074E1,-1.513950109E0
1.979872177E2,8.749500513E-1,9.514950752E0,1.983000040E0
1.979896613E2,1.456950068E0,1.210800076E1,1.216950059E0
1.979921048E2,1.849950075E0,1.251705074E1,4.390500188E-1
1.979945484E2,1.807050109E0,9.390000343E0,1.452000022E0
1.979969918E2,1.210950017E0,7.812000275E0,1.005000062E-2
1.979994355E2,1.141050100E0,8.061000824E0,-1.230000034E-1
1.980018789E2,1.824000120E0,9.699000359E0,4.320000112E-1
1.980043226E2,3.925950289E0,8.269950867E0,2.884050131E0
1.980067660E2,4.227000237E0,6.475950241E0,-3.489000082E0
1.980092097E2,3.832050085E0,6.781050205E0,-5.047950268E0
1.980116531E2,2.769000053E0,6.904950142E0,-3.352050066E0
1.980140968E2,3.459000111E0,7.911000252E0,-1.939950109E0
1.980165404E2,2.653950214E0,8.479949951E0,-1.164000034E0
1.980189838E2,1.636950135E0,8.509050369E0,1.684050083E0
1.980214275E2,1.074000001E0,7.651950359E0,2.259000063E0
1.980238709E2,2.911050081E0,6.985950470E0,1.248000026E0
1.980263145E2,6.741000175E0,8.326950073E0,-2.689050198E0
1.980287580E2,6.865950108E0,8.059050560E0,-7.665000439E0
1.980312016E2,2.584950209E0,9.510000229E0,-7.297950268E0
1.980336451E2,1.405050039E0,8.832000732E0,-2.497950077E0
1.980360887E2,1.654050112E0,9.414000511E0,1.432950020E0
1.980385322E2,2.305050135E0,1.163100052E1,2.659050226E0
1.980409758E2,2.140050173E0,1.030695057E1,9.709500670E-1
1.980434192E2,2.209050179E0,8.322000504E0,-1.321950078E0
1.980458628E2,1.351950049E0,8.072999954E0,-3.598950148E0
1.980483065E2,2.379000187E0,1.030005074E1,-3.453000069E0
1.980507499E2,4.029000282E0,1.151205063E1,-5.409000397E0
1.980531936E2,3.682050228E0,1.124805069E1,-3.417000055E0
1.980556370E2,1.690050125E0,1.097295094E1,2.790000141E-1
1.980580807E2,1.098000050E0,1.014195061E1,1.311000109E0
1.980605241E2,1.113000035E0,1.170795059E1,-3.619500101E-1
1.980629677E2,1.749000072E0,1.166505051E1,-9.010500312E-1
1.980654112E2,2.209050179E0,1.090605068E1,5.160000324E-1
1.980678548E2,2.074949980E0,9.721050262E0,8.505000174E-2
1.980702983E2,1.399950027E0,9.204000473E0,-2.569500208E-1
1.980727419E2,2.022000074E0,1.102995014E1,-4.000500143E-1
1.980751856E2,2.829000235E0,1.308495045E1,1.369500011E-1
1.980776290E2,3.094950199E0,1.248405075E1,-3.840000033E-1
1.980800727E2,2.815050125E0,1.001295090E1,1.159500033E-1
1.980825160E2,2.542050123E0,1.003005028E1,-2.850000143E0
1.980849597E2,2.532000065E0,1.027095032E1,-2.718000174E0
1.980874032E2,3.100050211E0,1.061100006E1,-2.443050146E0
1.980898468E2,3.175950050E0,9.093000412E0,-3.048000097E0
1.980922903E2,1.833000064E0,7.386000156E0,-3.259500265E-1
1.980947339E2,1.227000117E0,6.469050407E0,1.347000122E0
1.980971774E2,2.212050200E0,8.128950119E0,1.135950089E0
1.980996210E2,4.162950039E0,1.002705002E1,1.987950087E0
1.981020644E2,3.175950050E0,7.369950294E0,-1.084950089E0
1.981045081E2,2.571000099E0,7.246950150E0,-7.710000277E-1
1.981069515E2,1.903050065E0,6.946050167E0,-1.699500084E-1
1.981093951E2,1.864050031E0,7.978050232E0,3.900000080E-2
1.981118386E2,1.515000105E0,8.746050835E0,1.469999999E-1
1.981142823E2,9.739500284E-1,8.344050407E0,6.949500442E-1
1.981167257E2,6.700500250E-1,7.551000595E0,-1.696050048E0
1.981191694E2,1.678050041E0,7.288050175E0,-2.926050186E0
1.981216130E2,2.676000118E0,7.741050243E0,-4.006050110E0
1.981240564E2,3.946950197E0,9.856950760E0,-4.083000183E0
1.981265001E2,3.342000246E0,9.927000046E0,-2.806950092E0
1.981289435E2,1.255950093E0,9.469050407E0,-5.850000381E-1
1.981313871E2,7.990500331E-1,8.895000458E0,1.734000087E0
1.981338306E2,1.555050015E0,9.406949997E0,1.177050114E0
1.981362742E2,4.105050087E0,1.097100067E1,-1.108950019E0
1.981387177E2,4.828050137E0,9.535950661E0,-4.204950333E0
1.981411613E2,2.701950073E0,7.975050449E0,-4.234050274E0
1.981436047E2,8.800500631E-1,9.502950668E0,-1.602000117E0
1.981460484E2,6.310500503E-1,1.041495037E1,7.380000353E-1
1.981484921E2,9.520500302E-1,1.166505051E1,5.680500269E-1
1.981509355E2,2.503950119E0,9.979050636E0,-1.059000015E0
1.981533791E2,3.040050030E0,9.469050407E0,-3.702000141E0
1.981558226E2,2.422049999E0,8.521050453E0,-4.201950073E0
1.981582662E2,1.819050074E0,9.679950714E0,-2.110050201E0
1.981607097E2,2.524950027E0,9.289950371E0,-1.537950039E0
1.981631533E2,3.520950079E0,9.164999962E0,-1.759950042E0
1.981655968E2,3.315000057E0,7.575000286E0,-2.449950218E0
1.981680404E2,3.130950212E0,6.850050449E0,-1.618950129E0
1.981704838E2,4.423950195E0,7.044000149E0,-1.333950043E0
1.981729274E2,5.262000084E0,7.591950417E0,-2.560050011E0
1.981753709E2,4.438050270E0,9.333000183E0,-3.855000257E0
1.981778145E2,1.951050043E0,8.430000305E0,-2.919000149E0
1.981802580E2,6.409500241E-1,7.662000179E0,-4.459500313E-1
1.981827016E2,3.150000274E-1,8.116950035E0,1.155000091E0
1.981851453E2,1.182000041E0,9.388050079E0,1.677000046E0
1.981875887E2,2.677950144E0,8.875950813E0,-4.840500355E-1
1.981900324E2,2.170950174E0,7.666050434E0,-2.071950197E0
1.981924758E2,7.890000343E-1,7.030050278E0,-4.360500276E-1
1.981949194E2,5.710500479E-1,7.951050282E0,1.180500090E-1
1.981973629E2,2.962950230E0,9.951000214E0,1.609500051E-1
1.981998065E2,5.188050270E0,9.852000237E0,-3.766950130E0
1.982022500E2,5.257050037E0,7.930050373E0,-4.384050369E0
1.982046936E2,3.679050207E0,8.236050606E0,-4.090050220E0
1.982071371E2,1.374000072E0,9.733050346E0,-6.060000062E-1
1.982095807E2,1.833000064E0,1.080795097E1,1.447050095E0
1.982120244E2,2.274000168E0,1.049205017E1,2.880000174E-1
1.982144678E2,1.669950128E0,9.802050591E0,4.750500321E-1
1.982169114E2,1.579050064E0,9.430950165E0,8.770500422E-1
1.982193549E2,1.954950094E0,9.309000015E0,-3.280500174E-1
1.982217985E2,3.214950085E0,1.152600098E1,-2.359050035E0
1.982242420E2,3.394050121E0,1.207905102E1,-3.130050182E0
1.982266856E2,2.614050150E0,1.118805027E1,-3.106050253E0
1.982291290E2,1.170000076E0,1.047705078E1,-5.269500017E-1
1.982315727E2,1.102950096E0,1.056795025E1,1.603050113E0
1.982340161E2,1.939050078E0,1.161195087E1,-2.539499998E-1
1.982364597E2,2.434050083E0,1.198800087E1,-7.429500222E-1
1.982389032E2,4.183950424E0,1.110705090E1,-7.380000353E-1
1.982413469E2,2.179949999E0,9.556050301E0,-1.803000093E0
1.982437903E2,1.299000025E0,9.940950394E0,-2.590500116E-1
1.982462339E2,1.993950129E0,1.133205032E1,-2.730000019E-1
1.982486776E2,5.013000011E0,1.135095024E1,-1.594950080E0
1.982511210E2,5.371950150E0,1.033395004E1,-5.589000225E0
1.982535647E2,3.636000156E0,1.054395008E1,-4.978050232E0
1.982560081E2,1.816050053E0,1.059495068E1,-3.103050232E0
1.982584517E2,1.333050013E0,9.385950089E0,3.960000277E-1
1.982608952E2,2.638050079E0,1.005405045E1,1.219950080E0
1.982633388E2,3.190950155E0,9.517050743E0,1.399500072E-1
1.982657823E2,3.435000181E0,8.284049988E0,-1.260000110E0
1.982682259E2,3.516000271E0,7.558950424E0,-3.574950218E0
1.982706694E2,2.985000134E0,7.444050312E0,-2.898000240E0
1.982731130E2,4.326000214E0,8.787000656E0,-2.337000132E0
1.982755564E2,4.255949974E0,8.822999954E0,-3.654000282E0
1.982780000E2,3.142950058E0,8.926050186E0,-3.511050224E0
1.982804437E2,1.801950097E0,7.627950191E0,-1.959000111E0
1.982828872E2,1.414050102E0,6.417000294E0,1.710000038E-1
1.982853308E2,1.156050086E0,6.649050236E0,4.440000355E-1
1.982877743E2,2.110949993E0,7.276050568E0,9.405000508E-2
1.982902179E2,2.865000248E0,5.943000317E0,-2.325000048E0
1.982926614E2,1.309050083E0,5.980950356E0,-1.456050038E0
1.982951050E2,3.300000131E-1,5.674050331E0,1.930950046E0
1.982975484E2,7.009500265E-1,6.622950077E0,1.311000109E0
1.982999920E2,2.262000084E0,7.675950527E0,1.105050087E0
1.983024355E2,5.524950027E0,8.626950264E0,-1.933050036E0
1.983048791E2,3.793950081E0,6.943050385E0,-4.939950466E0
1.983073226E2,1.857000113E0,7.654050350E0,-4.738950253E0
1.983097663E2,4.759500325E-1,8.437050819E0,-2.586000204E0
1.983122099E2,5.590500236E-1,9.682050705E0,4.990500212E-1
1.983146534E2,9.280500412E-1,9.838050842E0,7.000500560E-1
1.983170970E2,1.584000111E0,8.251049995E0,7.000500560E-1
1.983195404E2,2.239950180E0,7.087050438E0,-1.416000009E0
1.983219840E2,3.406050205E0,7.257000446E0,-2.179050207E0
1.983244275E2,5.938950062E0,9.440999985E0,-3.244950056E0
1.983268711E2,5.769000053E0,9.484050751E0,-4.223999977E0
1.983293146E2,2.395950079E0,9.526950836E0,-2.653050184E0
1.983317582E2,1.254000068E0,8.919000626E0,-2.449500114E-1
1.983342017E2,8.520000577E-1,8.341950417E0,1.504950047E0
1.983366453E2,1.255950093E0,1.034295082E1,1.995000124E0
1.983390887E2,3.082950115E0,1.041000080E1,-7.330500484E-1
1.983415324E2,4.419000149E0,8.348999977E0,-4.756050110E0
1.983439758E2,2.587050200E0,7.956000328E0,-5.545950413E0
1.983464195E2,1.287000060E0,9.675000191E0,-2.464050055E0
1.983488631E2,1.395000100E0,1.092705059E1,8.800500631E-1
1.983513066E2,3.262950182E0,1.129605007E1,-1.695000008E-2
1.983537502E2,4.603050232E0,1.001295090E1,-1.887000084E0
1.983561937E2,4.531949997E0,9.603000641E0,-2.401950121E0
1.983586373E2,2.524950027E0,9.691950798E0,-1.794000030E0
1.983610808E2,1.636950135E0,1.120005035E1,1.009050012E0
1.983635244E2,2.233050108E0,1.158105087E1,-8.410500288E-1
1.983659678E2,2.122950077E0,1.178700066E1,-1.213950038E0
1.983684114E2,1.998000145E0,1.110900021E1,5.520000458E-1
1.983708551E2,1.735050082E0,1.106205082E1,-3.550500274E-1
1.983732985E2,2.242950201E0,1.207005024E1,-1.248000026E0
1.983757422E2,2.769000053E0,1.319505024E1,-2.700000070E-2
1.983781856E2,2.998950243E0,1.342905045E1,6.670500040E-1
1.983806293E2,3.085050106E0,1.321200085E1,1.920000017E-1
1.983830727E2,3.607050180E0,1.295505047E1,6.349500418E-1
1.983855164E2,3.600000143E0,1.350795078E1,5.800500512E-1
1.983879598E2,4.378050327E0,1.323300076E1,-7.879500389E-1
1.983904034E2,4.287000179E0,1.161705017E1,-8.002050400E0
1.983928469E2,3.928050280E0,1.079805088E1,-8.254050255E0
1.983952905E2,1.579050064E0,9.972000122E0,-6.439050198E0
1.983977340E2,5.980500579E-1,8.569050789E0,-3.049500287E-1
1.984001776E2,1.894950032E0,8.521050453E0,2.452950001E0
1.984026211E2,1.996050119E0,9.559950829E0,1.258050084E0
1.984050647E2,1.942950130E0,8.734050751E0,2.017050028E0
1.984075081E2,1.861950040E0,7.048950195E0,2.380950212E0
1.984099518E2,3.246000051E0,7.261950493E0,1.450500041E-1
1.984123954E2,2.233050108E0,7.044000149E0,-4.870500267E-1
1.984148389E2,3.073050261E0,5.856000423E0,2.400000095E-1
1.984172825E2,3.184050083E0,6.675000191E0,-1.665000081E0
1.984197260E2,3.865950108E0,5.002050400E0,-4.759950161E0
1.984221696E2,4.018949986E0,6.412050247E0,-6.834000111E0
1.984246131E2,3.030000210E0,5.950050354E0,-6.135000229E0
1.984270567E2,2.532000065E0,6.052950382E0,-3.217950106E0
1.984295001E2,3.105000257E0,6.852000237E0,-1.960950136E0
1.984319438E2,2.650050163E0,7.959000587E0,-2.574000120E0
1.984343872E2,1.204050064E0,7.522950172E0,-2.650950193E0
1.984368309E2,5.020500422E-1,6.088950157E0,3.405000269E-2
1.984392743E2,2.278950214E0,5.527950287E0,1.351050019E0
1.984417180E2,3.877950191E0,6.283050060E0,1.141050100E0
1.984441614E2,4.780950069E0,7.969950199E0,-3.720000088E-1
1.984466051E2,4.042950153E0,8.257950783E0,-2.665050030E0
1.984490487E2,1.287000060E0,8.671950340E0,-1.288950086E0
1.984514921E2,3.079500198E-1,8.434950829E0,8.320500255E-1
1.984539357E2,1.879500151E-1,8.859000206E0,-8.959500194E-1
1.984563792E2,1.090950012E0,1.078605080E1,3.000000119E-1
1.984588228E2,3.544950247E0,1.133205032E1,-2.184000015E0
1.984612663E2,3.655050278E0,1.072605038E1,-5.155050278E0
1.984637099E2,2.254950047E0,9.985950470E0,-5.863950253E0
1.984661534E2,6.670500040E-1,1.059195042E1,-2.718000174E0
1.984685970E2,6.340500116E-1,1.233495045E1,5.230500102E-1
1.984710404E2,1.033950090E0,1.277295017E1,1.660500020E-1
1.984734841E2,1.330050111E0,1.078095055E1,-1.300500035E-1
1.984759275E2,3.175950050E0,9.156000137E0,6.300000101E-2
1.984783711E2,2.845950127E0,8.476050377E0,-3.244950056E0
1.984808148E2,4.966950417E0,9.630000114E0,-4.702950001E0
1.984832583E2,6.166950226E0,1.114500046E1,-4.834950447E0
1.984857019E2,4.126950264E0,1.053000069E1,-3.096000195E0
1.984881454E2,2.359950066E0,9.570000648E0,-7.360500097E-1
1.984905890E2,1.654050112E0,7.870050430E0,1.087950110E0
1.984930325E2,1.053000093E0,8.770050049E0,2.376000166E0
1.984954761E2,3.705000132E-2,1.028295040E1,1.822950125E0
1.984979195E2,-7.350000143E-1,8.657999992E0,-9.679500461E-1
1.985003632E2,-4.570500255E-1,7.824000359E0,7.260000110E-1
1.985028066E2,6.310500503E-1,7.674000263E0,9.870000482E-1
1.985052502E2,1.290000081E0,8.614950180E0,-4.150500298E-1
1.985076939E2,2.092050076E0,1.110705090E1,-5.269500017E-1
1.985101373E2,6.010950089E0,1.063800049E1,-7.005000114E-2
1.985125810E2,6.634050369E0,8.622000694E0,-4.308000088E0
1.985150245E2,4.989000320E0,7.657050133E0,-5.373000145E0
1.985174681E2,2.082000017E0,9.049950600E0,-4.558950424E0
1.985199115E2,1.125000000E0,9.289950371E0,-2.710500062E-1
1.985223552E2,1.764000058E0,1.027905083E1,1.897050142E0
1.985247986E2,1.500000119E0,1.090605068E1,5.680500269E-1
1.985272422E2,1.309050083E0,9.793050766E0,1.126049995E0
1.985296857E2,1.162950039E0,9.301950455E0,5.595000088E-2
1.985321293E2,1.728000045E0,9.493050575E0,1.660500020E-1
1.985345728E2,2.029950142E0,1.081695080E1,-5.560500026E-1
1.985370164E2,2.566050053E0,1.107600021E1,1.450500041E-1
1.985394599E2,3.969000101E0,9.534000397E0,-3.958050251E0
1.985419035E2,4.371000290E0,8.955000877E0,-6.460050106E0
1.985443469E2,3.274950266E0,9.340050697E0,-5.308950424E0
1.985467905E2,1.720950127E0,1.006095028E1,-1.996950150E0
1.985492342E2,2.247000217E0,1.016400051E1,5.490000248E-1
1.985516777E2,2.379000187E0,1.029300022E1,6.589500308E-1
1.985541213E2,1.957950115E0,9.418950081E0,6.310500503E-1
1.985565648E2,1.611000061E0,8.461050034E0,-1.699500084E-1
1.985590084E2,1.785000086E0,8.575950623E0,2.380500138E-1
1.985614519E2,3.034950256E0,8.863950729E0,-8.029500246E-1
1.985638955E2,5.058000088E0,8.943000793E0,-3.762000084E0
1.985663389E2,4.599000454E0,9.225000381E0,-5.361000061E0
1.985687826E2,2.961000204E0,1.015905094E1,-4.842000008E0
1.985712260E2,1.261050105E0,1.036695004E1,-2.613000154E0
1.985736696E2,8.950500488E-1,1.041300011E1,1.071000099E0
1.985761131E2,1.210950017E0,1.057800007E1,9.130500555E-1
1.985785568E2,7.819500566E-1,9.622950554E0,-3.120000064E-1
1.985810004E2,6.340500116E-1,9.001950264E0,6.139500141E-1
1.985834439E2,9.469500184E-1,9.316050529E0,1.119000077E0
1.985858875E2,1.558050036E0,9.060000420E0,7.549500465E-1
1.985883310E2,4.113000393E0,9.577050209E0,-1.350000054E-1
1.985907746E2,5.844000340E0,9.157950401E0,-5.187000275E0
1.985932180E2,4.986000061E0,9.286950111E0,-6.091950417E0
1.985956616E2,2.857950211E0,9.687000275E0,-4.830000401E0
1.985981051E2,1.711050034E0,8.491950035E0,-1.533000112E0
1.986005487E2,1.833000064E0,8.191050529E0,1.533000112E0
1.986029922E2,2.596950054E0,8.526000023E0,2.472000122E0
1.986054358E2,2.476950169E0,8.657999992E0,1.174050093E0
1.986078792E2,2.487000227E0,9.538950920E0,1.710000038E0
1.986103229E2,3.064050198E0,9.253950119E0,3.769500256E-1
1.986127663E2,1.711050034E0,9.073950768E0,-1.834950089E0
1.986152099E2,6.940500140E-1,9.232050896E0,-1.510500014E-1
1.986176536E2,5.879999995E-1,8.986050606E0,1.129500046E-1
1.986200971E2,1.177050114E0,8.458950043E0,-5.700000525E-1
1.986225407E2,3.042000055E0,7.675950527E0,-3.867000103E0
1.986249842E2,4.045950413E0,7.105950356E0,-5.518950462E0
1.986274278E2,3.286950111E0,7.864950180E0,-4.219050407E0
1.986298713E2,1.702050090E0,9.031050682E0,-7.500000596E-1
1.986323149E2,2.269050121E0,9.001950264E0,2.017050028E0
1.986347583E2,2.046000004E0,1.009200001E1,7.120500207E-1
1.986372019E2,1.065000057E0,9.414000511E0,1.939950109E0
1.986396454E2,1.549500078E-1,7.350000381E0,1.665000081E0
1.986420891E2,7.099500299E-1,8.346000671E0,7.429500222E-1
1.986445325E2,1.618050098E0,8.562000275E0,1.738950133E0
1.986469762E2,3.484950066E0,8.932950020E0,7.960500121E-1
1.986494198E2,5.686050415E0,8.878050804E0,-5.092950344E0
1.986518633E2,5.293050289E0,9.261000633E0,-7.288950443E0
1.986543069E2,2.355000019E0,1.051095009E1,-7.789050579E0
1.986567503E2,5.740500093E-1,1.010895061E1,-3.573000193E0
1.986591939E2,7.440000176E-1,9.868950844E0,7.219500542E-1
1.986616374E2,1.387950063E0,9.745050430E0,1.678950071E0
1.986640810E2,2.395950079E0,9.454950333E0,8.460000157E-1
1.986665245E2,3.018000126E0,1.023495007E1,8.560500145E-1
1.986689681E2,2.833950043E0,9.667950630E0,1.609500051E-1
1.986714116E2,2.281050205E0,9.558000565E0,-4.050000310E-1
1.986738552E2,2.259000063E0,1.108995056E1,-8.770500422E-1
1.986762986E2,2.002950191E0,1.159500027E1,-3.640500307E-1
1.986787422E2,1.740000129E0,1.171005058E1,4.800000191E-1
1.986811859E2,3.487950087E0,1.140195084E1,-1.842000127E0
1.986836293E2,3.664950132E0,1.131795025E1,-5.182050228E0
1.986860730E2,1.974000096E0,1.165995026E1,-4.732050419E0
1.986885164E2,1.156050086E0,1.188495064E1,-1.171050072E0
1.986909601E2,1.096050024E0,1.160700035E1,8.340000510E-1
1.986934035E2,4.159500301E-1,1.156005096E1,-1.084950089E0
1.986958471E2,4.830000103E-1,1.067400074E1,2.239500135E-1
1.986982906E2,1.170000076E0,1.094895077E1,6.469500065E-1
1.987007342E2,2.449050188E0,1.165800095E1,-4.699500203E-1
1.987031779E2,2.902950048E0,1.161900043E1,-5.389500260E-1
1.987056213E2,2.821950197E0,1.085100079E1,-2.449500114E-1
1.987080650E2,3.148050070E0,1.118100071E1,7.260000110E-1
1.987105084E2,3.496950150E0,1.082400036E1,1.231950045E0
1.987129521E2,3.484950066E0,1.012995052E1,2.793000221E0
1.987153955E2,3.579000235E0,9.715950012E0,1.657950044E0
1.987178391E2,3.471000195E0,9.946050644E0,-5.245950222E0
1.987202826E2,2.796000242E0,1.043400097E1,-6.574950218E0
1.987227262E2,1.945950150E0,1.032600021E1,-6.193950176E0
1.987251697E2,2.061000109E0,1.043205070E1,-2.224950075E0
1.987276133E2,2.227950096E0,1.041300011E1,9.990000725E-1
1.987300567E2,2.338050127E0,1.033800030E1,1.822950125E0
1.987325004E2,2.245050192E0,1.003695011E1,-2.730000019E-1
1.987349438E2,3.682050228E0,9.666000366E0,2.094000101E0
1.987373874E2,5.458050251E0,8.761050224E0,-2.983950138E0
1.987398309E2,4.672950268E0,8.734050751E0,-6.715950489E0
1.987422745E2,3.664950132E0,9.097949982E0,-6.324000359E0
1.987447180E2,2.805000067E0,8.631000519E0,-3.525000095E0
1.987471617E2,2.779050112E0,8.794050217E0,-2.380500138E-1
1.987496051E2,2.137050152E0,7.659000397E0,5.179499984E-1
1.987520487E2,1.054949999E0,7.252050400E0,1.737000108E0
1.987544921E2,3.270000219E-1,5.761050224E0,2.436000109E0
1.987569358E2,5.380499959E-1,6.184050083E0,1.231950045E0
1.987593794E2,2.881950140E0,6.796950340E0,1.800000109E-2
1.987618229E2,3.784950256E0,6.748950481E0,-3.220950127E0
1.987642665E2,4.354050159E0,7.729050159E0,-4.906050205E0
1.987667100E2,3.658050060E0,8.104949951E0,-5.239050388E0
1.987691536E2,2.128050089E0,9.141000748E0,-3.925050259E0
1.987715971E2,1.359000087E0,8.971050262E0,-1.429950118E0
1.987740408E2,8.989500403E-1,7.975050449E0,6.880500317E-1
1.987764841E2,7.390500307E-1,7.326000214E0,1.351050019E0
1.987789278E2,1.009950042E0,7.210950375E0,1.003950000E0
1.987813714E2,1.302000046E0,7.726050377E0,-9.405000508E-2
1.987838149E2,1.759050131E0,8.381999969E0,-1.440000087E-1
1.987862585E2,1.845000029E0,8.338950157E0,1.230000034E-1
1.987887020E2,1.861950040E0,8.257950783E0,-1.504050016E0
1.987911456E2,1.816050053E0,8.812950134E0,-1.123050094E0
1.987935891E2,2.173050165E0,1.099905014E1,2.160000056E-1
1.987960327E2,2.391000032E0,1.069500065E1,6.795000285E-2
1.987984762E2,1.954950094E0,1.023300076E1,5.490000248E-1
1.988009198E2,2.161050081E0,1.011300087E1,1.384950042E0
1.988033633E2,4.447950363E0,1.028595066E1,-1.720050097E0
1.988058069E2,2.974950075E0,1.072200012E1,-6.361950397E0
1.988082503E2,1.311000109E0,1.045605087E1,-5.706000328E0
1.988106939E2,6.859500408E-1,1.026195049E1,-2.955000162E0
1.988131374E2,9.310500622E-1,9.871950150E0,-7.159500122E-1
1.988155810E2,1.954950094E0,9.891000748E0,8.719500303E-1
1.988180247E2,4.227000237E0,1.035795021E1,3.979500234E-1
1.988204682E2,4.693950176E0,1.026705074E1,-2.437950134E0
1.988229118E2,3.246000051E0,1.009200001E1,-3.891000271E0
1.988253552E2,3.187950134E0,1.003905010E1,-3.156000137E0
1.988277989E2,3.222000122E0,9.535950661E0,-3.060000181E0
1.988302423E2,3.109050035E0,9.382950783E0,-2.731950045E0
1.988326859E2,3.016050100E0,8.800950050E0,-1.935000062E0
1.988351294E2,3.397050142E0,9.223050117E0,-1.561950088E0
1.988375730E2,2.707050085E0,9.286950111E0,-1.861050129E0
1.988400165E2,2.755050182E0,9.963000298E0,-1.945050120E0
1.988424601E2,3.166950226E0,1.015605068E1,-1.873050094E0
1.988449038E2,2.050950050E0,1.026900005E1,-1.462950110E0
1.988473472E2,1.243950009E0,9.799950600E0,-6.000000238E-2
1.988497909E2,1.239000082E0,9.223050117E0,1.452000022E0
1.988522343E2,1.915050149E0,8.872950554E0,3.649500310E-1
1.988546779E2,2.590050220E0,8.404050827E0,-2.280000210E0
1.988571214E2,3.076050043E0,8.140049934E0,-4.360050201E0
1.988595650E2,2.760000229E0,7.888950348E0,-4.044000149E0
1.988620085E2,1.906950116E0,8.227050781E0,-1.834950089E0
1.988644521E2,1.536000013E0,8.401050568E0,8.460000157E-1
1.988668955E2,2.121000051E0,9.036000252E0,1.560000062E0
1.988693392E2,1.450050116E0,9.784950256E0,6.469500065E-1
1.988717826E2,1.930500120E-1,8.713050842E0,-3.739500046E-1
1.988742263E2,-2.939999998E-1,7.863000393E0,5.059500337E-1
1.988766697E2,-4.095000029E-2,7.294950485E0,6.330000162E-1
1.988791133E2,6.379500031E-1,7.318950176E0,3.550500274E-1
1.988815568E2,1.567050099E0,7.675950527E0,1.236000061E0
1.988840004E2,2.578050137E0,7.996950150E0,1.774950027E0
1.988864441E2,3.112050056E0,8.014050484E0,1.660050035E0
1.988888876E2,3.829950094E0,9.097949982E0,2.725950241E0
1.988913312E2,6.163950443E0,8.338950157E0,-4.332000256E0
1.988937746E2,2.998950243E0,8.595000267E0,-1.066005039E1
1.988962183E2,1.266000032E0,8.599950790E0,-9.819000244E0
1.988986617E2,8.230500221E-1,8.706000328E0,-4.237950325E0
1.989011053E2,1.189050078E0,8.671950340E0,8.989500403E-1
1.989035488E2,2.017950058E0,9.715950012E0,2.718000174E0
1.989059924E2,2.271000147E0,1.006800079E1,8.940000534E-1
1.989084361E2,2.812050104E0,9.440999985E0,1.324950099E0
1.989108795E2,2.832000017E0,1.003005028E1,1.062000036E0
1.989133232E2,1.788000107E0,1.006095028E1,6.670500040E-1
1.989157666E2,1.158000112E0,1.039605045E1,7.800000161E-2
1.989182103E2,1.423950076E0,1.137000084E1,1.098000050E0
1.989206537E2,4.788000107E0,1.129095078E1,2.662950039E0
1.989230973E2,6.616950512E0,1.007295036E1,-8.305950165E0
1.989255408E2,5.218950272E0,1.001505089E1,-1.056405067E1
1.989279844E2,2.110949993E0,1.232595062E1,-9.487050056E0
1.989304279E2,7.650000453E-1,1.229700089E1,-2.923950195E0
1.989328715E2,1.153050065E0,1.203105068E1,2.331000090E0
1.989353149E2,1.552950025E0,1.258200073E1,1.627050042E0
1.989377585E2,1.666050076E0,1.181805038E1,4.920000136E-1
1.989402020E2,2.178000212E0,1.163895035E1,4.770000279E-1
1.989426456E2,2.508000135E0,1.258200073E1,1.230000034E-1
1.989450891E2,2.608950138E0,1.250505066E1,3.289500177E-1
1.989475328E2,1.963050127E0,1.257900047E1,-8.670000434E-1
1.989499762E2,1.306050062E0,1.222305012E1,4.870500267E-1
1.989524199E2,1.789950132E0,1.215300083E1,7.840500474E-1
1.989548632E2,5.050950050E0,1.276395035E1,1.495050073E0
1.989573069E2,5.455950260E0,1.151205063E1,-7.939950466E0
1.989597505E2,5.020050049E0,1.082700062E1,-7.585950375E0
1.989621940E2,2.017950058E0,1.276095104E1,-5.634000301E0
1.989646376E2,1.038000107E0,1.246905041E1,4.510500133E-1
1.989670811E2,1.864050031E0,1.344405079E1,1.027950048E0
1.989695247E2,3.138000250E0,1.445895100E1,2.400000095E-1
1.989719681E2,3.412950277E0,1.395900059E1,-1.180500090E-1
1.989744118E2,2.994000196E0,1.267500019E1,-4.050000310E-1
1.989768552E2,1.888050079E0,1.311300087E1,-8.359500170E-1
1.989792989E2,6.220500469E-1,1.303005028E1,-9.700500369E-1
1.989817423E2,-8.805000782E-2,1.334595108E1,-1.920000017E-1
1.989841860E2,3.439500034E-1,1.327095032E1,1.336950064E0
1.989866296E2,1.800000072E0,1.346100044E1,1.428000093E0
1.989890731E2,3.877950191E0,1.431300068E1,1.878000140E0
1.989915167E2,5.271000385E0,1.467705059E1,1.471050024E0
1.989939601E2,5.098950386E0,1.419795036E1,6.310500503E-1
1.989964037E2,3.532950163E0,1.553595066E1,8.149500489E-1
1.989988472E2,1.551000118E0,1.609395027E1,-4.840500355E-1
1.990012908E2,1.690500081E-1,1.421505070E1,-3.480000198E-1
1.990037343E2,-6.705000252E-2,1.361595058E1,4.099500179E-1
1.990061779E2,8.950500488E-1,1.400895023E1,2.400000095E-1
1.990086216E2,2.415000200E0,1.414995098E1,-3.195000067E-2
1.990110650E2,3.028050184E0,1.440600109E1,-5.869500041E-1
1.990135087E2,2.977950096E0,1.402605057E1,4.905000329E-2
1.990159521E2,2.845950127E0,1.468605042E1,1.009500027E-1
1.990183958E2,3.243000269E0,1.522005081E1,9.730500579E-1
1.990208392E2,3.412950277E0,1.492095089E1,7.530000210E-1
1.990232828E2,7.714050293E0,1.277595043E1,-2.455050230E0
1.990257263E2,4.879050255E0,1.302000046E1,-9.930000305E0
1.990281699E2,3.082950115E0,1.351800060E1,-1.055205059E1
1.990306134E2,1.414050102E0,1.327605057E1,-5.871000290E0
1.990330570E2,1.258950114E0,1.271805096E1,-3.090000153E-1
1.990355005E2,2.164050102E0,1.305600071E1,1.933050036E0
1.990379441E2,2.917950153E0,1.162395096E1,6.880500317E-1
1.990403875E2,2.365050077E0,1.048005009E1,1.900500059E-1
1.990428312E2,2.077050209E0,1.048200035E1,1.368000031E0
1.990452749E2,2.686050177E0,1.073295021E1,3.123000145E0
1.990477183E2,6.390000343E0,9.093000412E0,-1.537950039E0
1.990501619E2,7.263000488E0,8.131050110E0,-9.166050911E0
1.990526054E2,6.279000282E0,8.595000267E0,-1.230000019E1
1.990550490E2,3.772950172E0,8.377950668E0,-1.012605095E1
1.990574925E2,2.002950191E0,7.888950348E0,-3.301950216E0
1.990599361E2,1.903050065E0,9.007050514E0,2.953050137E0
1.990623796E2,-4.500000179E-2,1.006995010E1,4.287000179E0
1.990648232E2,-8.140500188E-1,6.103050232E0,2.545950174E0
1.990672666E2,1.552950025E0,6.340050220E0,3.589950085E0
1.990697102E2,4.848000050E0,5.785050392E0,-2.668050051E0
1.990721537E2,4.309050083E0,5.704950333E0,-7.827000141E0
1.990745973E2,2.022000074E0,6.238950253E0,-8.979000092E0
1.990770408E2,1.294050097E0,5.758050442E0,-6.778950214E0
1.990794844E2,2.170950174E0,5.695950508E0,-5.455050468E0
1.990819278E2,3.406050205E0,5.935050488E0,-3.472050190E0
1.990843715E2,5.094000340E0,4.942050457E0,-9.220500588E-1
1.990868152E2,4.978950024E0,4.567950249E0,-1.960950136E0
1.990892586E2,3.198000193E0,6.072000504E0,-2.550000191E0
1.990917022E2,1.969950080E0,6.084000111E0,-2.578950167E0
1.990941457E2,1.797000051E0,5.551950455E0,-1.327050090E0
1.990965893E2,3.081000090E0,5.172000408E0,-1.341000080E0
1.990990328E2,2.050950050E0,5.193000317E0,-1.480050087E0
1.991014764E2,6.720000505E-1,5.301000118E0,4.290000200E-1
1.991039199E2,1.180050015E0,5.488050461E0,7.980000377E-1
1.991063635E2,2.865000248E0,5.860950470E0,-1.068000078E0
1.991088069E2,4.153050423E0,6.706050396E0,-4.810950279E0
1.991112505E2,3.721950293E0,6.666000366E0,-7.606950283E0
1.991136940E2,3.825000286E0,7.092000484E0,-8.160000801E0
1.991161376E2,3.310050249E0,7.104000568E0,-6.022050381E0
1.991185813E2,1.443000078E0,7.173000336E0,-2.614950180E0
1.991210248E2,1.141050100E0,6.571950436E0,6.709500551E-1
1.991234684E2,2.218950033E0,5.607000351E0,1.702950120E0
1.991259118E2,3.459000111E0,4.990050316E0,3.670500219E-1
1.991283555E2,3.472950220E0,4.650000095E0,-1.155000091E0
1.991307989E2,2.451000214E0,5.161950111E0,-1.222050071E0
1.991332425E2,1.507950068E0,6.342000484E0,-6.040500402E-1
1.991356860E2,9.900000691E-1,6.904950142E0,-2.380500138E-1
1.991381296E2,9.300000221E-2,7.204050541E0,-1.560000032E-1
1.991405731E2,8.350500464E-1,6.952950478E0,-1.143000007E0
1.991430167E2,4.249050140E0,5.728950500E0,-4.516050339E0
1.991454602E2,6.154950142E0,5.473050117E0,-8.220000267E0
1.991479038E2,4.680000305E0,5.329950333E0,-7.636050224E0
1.991503472E2,3.480000257E0,6.121950150E0,-3.952950239E0
1.991527909E2,2.938950062E0,5.868000507E0,-1.549950123E0
1.991552345E2,2.559000015E0,5.856000423E0,2.070000172E-1
1.991576780E2,3.217050076E0,5.386950493E0,1.999500096E-1
1.991601216E2,4.692000389E0,5.073000431E0,-1.168950081E0
1.991625651E2,4.558050156E0,5.695950508E0,-1.954050064E0
1.991650087E2,2.665950060E0,5.791950226E0,-9.750000238E-1
1.991674522E2,9.349500537E-1,5.880000114E0,1.144950032E0
1.991698958E2,-3.880500197E-1,6.271050453E0,2.320950031E0
1.991723392E2,-1.039050102E0,6.292050362E0,1.150050044E0
1.991747829E2,1.426050067E0,5.848950386E0,1.533000112E0
1.991772263E2,4.927050114E0,5.215050220E0,-4.080000401E0
1.991796699E2,6.403950214E0,5.017950058E0,-7.768050194E0
1.991821134E2,4.872000217E0,5.698050499E0,-8.821050644E0
1.991845570E2,3.160050154E0,6.354000092E0,-5.887950420E0
1.991870005E2,2.250000000E0,6.790050507E0,-1.705050111E0
1.991894442E2,2.365050077E0,6.529050350E0,6.300000101E-2
1.991918875E2,3.238950253E0,6.037950516E0,3.910500109E-1
1.991943312E2,4.093050003E0,5.586000443E0,-1.483050108E0
1.991967748E2,3.472950220E0,5.161950111E0,-2.947950125E0
1.991992183E2,2.305050135E0,5.622000217E0,-1.819950104E0
1.992016619E2,1.693950057E0,6.175050259E0,1.420500129E-1
1.992041054E2,3.990000188E-1,6.603000164E0,2.119950056E0
1.992065490E2,-1.111050010E0,6.702000141E0,4.870500267E-1
1.992089924E2,-1.017000079E0,6.943050385E0,6.280500293E-1
1.992114360E2,1.950000064E-3,7.144050121E0,7.050000429E-1
1.992138795E2,1.102950096E0,6.940950394E0,5.089499950E-1
1.992163231E2,1.957950115E0,7.135050297E0,1.038000107E0
1.992187666E2,2.346000195E0,7.482000351E0,1.093050003E0
1.992212102E2,3.246000051E0,7.671000481E0,7.960500121E-1
1.992236537E2,3.709950209E0,7.201950550E0,-4.702950001E0
1.992260973E2,2.427000046E0,7.666050434E0,-6.250050068E0
1.992285410E2,1.147950053E0,7.993950367E0,-4.947000027E0
1.992309844E2,6.720000505E-1,7.558950424E0,-1.894050121E0
1.992334281E2,9.310500622E-1,7.336050510E0,-4.170000255E-1
1.992358715E2,9.330000281E-1,6.433050156E0,-4.339500070E-1
1.992383151E2,5.950500369E-1,5.866050243E0,-3.379500210E-1
1.992407586E2,7.030500174E-1,4.891050339E0,-4.510500133E-1
1.992432022E2,1.737000108E0,4.068000317E0,-6.420000196E-1
1.992456457E2,3.492000103E0,3.553050280E0,-2.068950176E0
1.992480893E2,4.251000404E0,4.525050163E0,-3.640050173E0
1.992505327E2,3.274950266E0,5.083050251E0,-3.906000137E0
1.992529764E2,2.367000103E0,5.077950478E0,-3.430950165E0
1.992554198E2,3.460500240E-1,6.196050167E0,-1.317000031E0
1.992578634E2,3.390000165E-1,5.464050293E0,1.596000075E0
1.992603069E2,8.950500488E-1,4.019999981E0,-8.500500321E-1
1.992627505E2,2.539950132E0,3.190950155E0,-2.541000128E0
1.992651942E2,4.321050167E0,2.263050079E0,-4.732050419E0
1.992676377E2,4.213050365E0,2.061000109E0,-6.642000198E0
1.992700813E2,2.449050188E0,2.547000170E0,-5.542950153E0
1.992725248E2,2.860050201E0,3.124050140E0,-4.690950394E0
1.992749684E2,3.295950174E0,3.190950155E0,-3.882000208E0
1.992774118E2,3.057000160E0,2.494950056E0,-2.938050032E0
1.992798554E2,3.576000214E0,2.008949995E0,-1.879950047E0
1.992822989E2,5.539950371E0,1.312050104E0,-2.158050060E0
1.992847425E2,6.916050434E0,1.116000056E0,-2.980950117E0
1.992871860E2,6.615000248E0,1.020000100E0,-3.586950064E0
1.992896296E2,6.547950268E0,1.767000079E0,-5.110050201E0
1.992920731E2,5.034000397E0,3.711000204E0,-5.380050182E0
1.992945167E2,4.720950127E0,3.721050262E0,-5.728050232E0
1.992969602E2,4.036050320E0,4.386000156E0,-7.405950546E0
1.992994038E2,3.291000128E0,5.298000336E0,-8.170050621E0
1.993018472E2,2.530050039E0,5.806050301E0,-7.513950348E0
1.993042909E2,2.001000166E0,5.722050190E0,-7.279050350E0
1.993067346E2,2.143949986E0,4.968000412E0,-6.537000179E0
1.993091780E2,1.486050129E0,4.361999989E0,-5.263050079E0
1.993116216E2,-8.595000207E-2,4.696950436E0,3.151950121E0
1.993140651E2,1.705950022E0,3.922050238E0,5.316000462E0
1.993165087E2,2.419950008E0,3.169950247E0,2.685000181E0
1.993189522E2,3.856050253E0,5.694000244E0,2.793000221E0
1.993213958E2,7.606050491E0,6.508050442E0,-2.020950079E0
1.993238392E2,9.196050644E0,4.669050217E0,-8.898000717E0
1.993262829E2,5.638050079E0,6.177000523E0,-1.255395031E1
1.993287263E2,2.740950108E0,7.810050488E0,-1.010400009E1
1.993311699E2,1.165050030E0,7.777050495E0,-3.088950157E0
1.993336134E2,5.140500069E-1,7.558950424E0,5.640000105E-1
1.993360571E2,1.821000099E0,6.903000355E0,1.678950071E0
1.993385005E2,3.078000069E0,6.927000523E0,4.729500115E-1
1.993409442E2,3.516000271E0,6.976950169E0,-1.156949997E0
1.993433878E2,3.775050163E0,6.498000145E0,-2.823000193E0
1.993458313E2,3.133050203E0,7.726050377E0,-4.044000149E0
1.993482749E2,1.942950130E0,8.358000755E0,-3.058050156E0
1.993507183E2,1.764000058E0,8.895000458E0,-2.230050087E0
1.993531619E2,3.169050217E0,9.238950729E0,-3.429000139E0
1.993556054E2,5.149050236E0,8.569050789E0,-5.044950008E0
1.993580490E2,4.735050201E0,8.254950523E0,-5.617050171E0
1.993604925E2,3.387000084E0,8.655000687E0,-4.296000004E0
1.993629361E2,4.323000431E0,7.987050533E0,-2.638950109E0
1.993653796E2,3.718050241E0,8.233950615E0,-2.272950172E0
1.993678232E2,3.313050270E0,8.686050415E0,-7.860000134E-1
1.993702666E2,4.014000416E0,8.794050217E0,-1.300950050E0
1.993727103E2,5.026950359E0,9.057000160E0,-2.590950012E0
1.993751537E2,4.570050240E0,9.156000137E0,-3.604050159E0
1.993775973E2,3.253050089E0,9.723000526E0,-3.646950245E0
1.993800410E2,1.855050087E0,9.903000832E0,-2.173950195E0
1.993824845E2,1.402050018E0,9.651000023E0,7.960500121E-1
1.993849281E2,1.948050141E0,9.120000839E0,5.879999995E-1
1.993873716E2,3.367950201E0,8.812950134E0,-9.799500704E-1
1.993898152E2,4.338000298E0,8.598000526E0,-1.839000106E0
1.993922587E2,6.082950115E0,8.855999947E0,-3.742950201E0
1.993947023E2,5.877000332E0,9.337950706E0,-6.805050373E0
1.993971457E2,3.955050230E0,1.087695026E1,-4.807950020E0
1.993995893E2,2.917950153E0,1.191105080E1,-2.506950140E0
1.994020328E2,2.227950096E0,1.207395077E1,-6.949500442E-1
1.994044764E2,2.058000088E0,1.167000103E1,-5.700000525E-1
1.994069201E2,2.419950008E0,1.078905010E1,-1.506000042E0
1.994093635E2,3.283950090E0,1.038405037E1,-2.055000067E0
1.994118072E2,4.074000359E0,9.796950340E0,-3.319050074E0
1.994142506E2,4.285050392E0,9.958050728E0,-2.875950098E0
1.994166943E2,4.615050316E0,1.051095009E1,-1.957050085E0
1.994191377E2,4.467000008E0,1.126995087E1,-2.505000114E0
1.994215814E2,4.333050251E0,1.166205025E1,-2.007000208E0
1.994240248E2,5.428950310E0,1.148100090E1,-2.646000147E0
1.994264684E2,5.704950333E0,1.258905029E1,-6.376050472E0
1.994289119E2,4.896000385E0,1.341300106E1,-4.231050014E0
1.994313555E2,5.403000355E0,1.281195068E1,-5.740050316E0
1.994337990E2,4.456950188E0,1.365900040E1,-3.163050175E0
1.994362426E2,3.877950191E0,1.357305050E1,-1.333950043E0
1.994386860E2,3.238950253E0,1.438500023E1,3.100500107E-1
1.994411297E2,3.136050224E0,1.452405071E1,1.087950110E0
1.994435731E2,3.265050173E0,1.361595058E1,-3.036000252E0
1.994460167E2,3.622050285E0,1.490400028E1,-1.156949997E0
1.994484602E2,3.799050093E0,1.449300098E1,-3.376050234E0
1.994509039E2,3.543000221E0,1.442100048E1,-2.922000170E0
1.994533473E2,2.539950132E0,1.389195061E1,-1.846050143E0
1.994557910E2,1.917000055E0,1.340805054E1,-6.679500341E-1
1.994582346E2,2.578050137E0,1.316400051E1,-8.820000291E-1
1.994606780E2,4.369050026E0,1.238595104E1,-3.508050203E0
1.994631216E2,5.479950428E0,1.292400074E1,-5.208000183E0
1.994655651E2,6.069000244E0,1.355595112E1,-6.915000439E0
1.994680087E2,5.623050213E0,1.451400089E1,-6.886050224E0
1.994704522E2,5.074950218E0,1.481595039E1,-4.420050144E0
1.994728958E2,4.736999989E0,1.459095097E1,-2.356050014E0
1.994753393E2,3.337050200E0,1.365000057E1,-4.269000053E0
1.994777829E2,3.864000082E0,1.291500092E1,-5.250000358E-1
1.994802266E2,5.701950073E0,1.150200081E1,-2.743950129E0
1.994826700E2,6.270000458E0,1.107600021E1,-4.071000099E0
1.994851137E2,4.954950333E0,1.121700096E1,-3.384000063E0
1.994875571E2,5.415000439E0,1.165500069E1,-3.235050201E0
1.994900007E2,6.184050083E0,1.230705070E1,-3.997050285E0
1.994924442E2,6.615000248E0,1.235205078E1,-5.227050304E0
1.994948878E2,5.140050411E0,1.273005104E1,-5.569950104E0
1.994973313E2,5.046000004E0,1.281195068E1,-5.293950081E0
1.994997749E2,5.398050308E0,1.293600082E1,-5.317950249E0
1.995022184E2,4.933950424E0,1.318995094E1,-4.573950291E0
1.995046620E2,4.519950390E0,1.351800060E1,-2.449950218E0
1.995071054E2,5.752950191E0,1.316400051E1,-2.263050079E0
1.995095490E2,7.339950562E0,1.297005081E1,-3.336000204E0
1.995119925E2,6.145050526E0,1.323600101E1,-4.795950413E0
1.995144361E2,4.801950455E0,1.364700031E1,-4.846950054E0
1.995168798E2,3.624000072E0,1.321395016E1,-3.621000290E0
1.995193233E2,3.835050106E0,1.195695019E1,-2.584050179E0
1.995217669E2,3.451950073E0,1.074300098E1,-1.477950096E0
1.995242103E2,3.094950199E0,9.667950630E0,-1.813050032E0
1.995266540E2,3.811050177E0,9.309000015E0,-1.408050060E0
1.995290974E2,4.764000416E0,1.000305080E1,-2.995950222E0
1.995315410E2,4.936050415E0,1.081500053E1,-4.009050369E0
1.995339845E2,4.716000080E0,1.167705059E1,-4.417950153E0
1.995364281E2,4.450050354E0,1.259895039E1,-3.703950167E0
1.995388716E2,3.970950127E0,1.319505024E1,-2.536050081E0
1.995413152E2,3.306000233E0,1.270605087E1,-2.148000002E0
1.995437586E2,2.716950178E0,1.171800041E1,-9.319500327E-1
1.995462023E2,3.006000042E0,1.126005077E1,-4.650000334E-1
1.995486459E2,4.314000130E0,1.022400093E1,-1.375050068E0
1.995510894E2,4.672950268E0,8.860950470E0,-2.232000113E0
1.995535330E2,4.129050255E0,9.088950157E0,-1.897050142E0
1.995559765E2,3.859050274E0,1.035000038E1,-9.289500713E-1
1.995584201E2,3.331950188E0,1.143000031E1,-1.392000079E0
1.995608636E2,2.098950148E0,1.113600063E1,-1.177950025E0
1.995633072E2,1.302000046E0,1.089405060E1,-2.449500114E-1
1.995657506E2,2.365050077E0,1.132695007E1,-1.186050057E0
1.995681943E2,3.955050230E0,1.193805027E1,-3.525000095E0
1.995706377E2,4.519950390E0,1.258200073E1,-4.669050217E0
1.995730813E2,4.279950142E0,1.244805050E1,-4.243050098E0
1.995755248E2,3.828000069E0,1.261800098E1,-3.496050119E0
1.995779684E2,3.208050251E0,1.281900024E1,-2.110050201E0
1.995804121E2,3.286950111E0,1.207395077E1,-2.086050034E0
1.995828555E2,3.021000147E0,1.152795029E1,-2.136000156E0
1.995852992E2,2.173050165E0,1.031400013E1,-1.485000014E0
1.995877426E2,1.012050033E0,8.578950882E0,-3.070500195E-1
1.995901863E2,5.020500422E-1,6.988950253E0,1.300950050E0
1.995926297E2,6.259500384E-1,6.682050228E0,1.684050083E0
1.995950734E2,1.495950103E0,7.915050507E0,1.677000046E0
1.995975168E2,3.682050228E0,8.683950424E0,-1.540500075E-1
1.995999604E2,5.209050179E0,8.284049988E0,-2.730000019E0
1.996024039E2,5.338050365E0,8.974050522E0,-4.456050396E0
1.996048475E2,4.021950245E0,1.041300011E1,-4.473000050E0
1.996072910E2,3.066000223E0,1.004205036E1,-3.925050259E0
1.996097346E2,2.524950027E0,8.902050018E0,-3.004950047E0
1.996121781E2,1.642050028E0,8.083050728E0,-2.042999983E0
1.996146217E2,1.030950069E0,6.397050381E0,-1.815000057E0
1.996170654E2,1.261050105E0,4.872000217E0,-2.086050034E0
1.996195088E2,2.803050041E0,4.422000408E0,-3.003000259E0
1.996219524E2,2.235000134E0,4.281000137E0,-2.707950115E0
1.996243959E2,5.430000424E-1,3.988950253E0,6.829500198E-1
1.996268395E2,1.363950014E0,5.308050156E0,1.645950079E0
1.996292830E2,2.913000107E0,6.153000355E0,1.642950058E0
1.996317266E2,3.367950201E0,6.943050385E0,1.854000092E0
1.996341701E2,3.673950195E0,8.160000801E0,-4.219500124E-1
1.996366137E2,2.013000011E0,7.659000397E0,-1.942050099E0
1.996390571E2,1.162950039E0,8.176050186E0,-5.586000443E0
1.996415008E2,1.030950069E0,8.380050659E0,-5.167050362E0
1.996439442E2,4.230000079E-1,7.471950531E0,-4.012950420E0
1.996463878E2,-7.920000553E-1,7.549050331E0,-2.205000073E-2
1.996488313E2,-1.282950044E0,5.454000473E0,2.770950079E0
1.996512749E2,-1.462950110E0,4.012950420E0,3.360000253E-1
1.996537184E2,-2.389500141E-1,3.855000257E0,-7.879500389E-1
1.996561621E2,1.168050051E0,5.715000153E0,1.098000050E0
1.996586057E2,2.365050077E0,7.791000366E0,1.897050142E0
1.996610491E2,2.511000156E0,7.803000450E0,3.940500319E-1
1.996634928E2,2.503950119E0,8.785050392E0,9.195000678E-2
1.996659362E2,2.506050110E0,1.030500031E1,1.480950117E0
1.996683798E2,1.981950045E0,1.015905094E1,1.123950005E0
1.996708233E2,1.135950089E0,9.232050896E0,1.042050004E0
1.996732669E2,2.939999998E-1,8.218950272E0,2.119500041E-1
1.996757104E2,3.000000119E-2,7.884000301E0,5.350500345E-1
1.996781540E2,4.999500215E-1,7.294950485E0,3.814950228E0
1.996805974E2,7.965000153E0,4.486950397E0,-1.606950045E0
1.996830410E2,4.363950253E0,3.697050095E0,-1.372005081E1
1.996854845E2,3.933000088E0,5.164050102E0,-1.251105022E1
1.996879281E2,3.789000273E0,5.928000450E0,-1.048500061E1
1.996903716E2,3.229050159E0,6.048000336E0,-5.103000164E0
1.996928152E2,3.652950287E0,7.483950138E0,2.946000099E0
1.996952586E2,2.530050039E0,9.460050583E0,3.682950258E0
1.996977023E2,1.623000026E0,8.446949959E0,3.778950214E0
1.997001460E2,3.030000210E0,9.388050079E0,1.993050098E0
1.997025894E2,3.769950151E0,7.729050159E0,-8.220000267E-1
1.997050330E2,8.490000367E-1,6.625050545E0,-3.064950228E0
1.997074765E2,-6.409500241E-1,5.329950333E0,-3.256950140E0
1.997099201E2,-2.130000144E-1,3.772950172E0,-1.806000113E0
1.997123636E2,2.821950197E0,2.607000113E0,-4.104000092E0
1.997148072E2,4.503000259E0,3.084000111E0,-3.586950064E0
1.997172506E2,3.247950077E0,5.538000107E0,-1.044000030E0
1.997196943E2,2.832000017E0,5.986050129E0,2.620500028E-1
1.997221377E2,2.761950016E0,7.477050304E0,-4.579500258E-1
1.997245813E2,2.359950066E0,7.992000580E0,-1.537950039E0
1.997270248E2,3.373050213E0,8.065950394E0,-3.577950239E0
1.997294684E2,3.784950256E0,6.880950451E0,-6.441000462E0
1.997319119E2,5.166000366E0,5.476050377E0,-7.878000259E0
1.997343555E2,5.515950203E0,4.255050182E0,-8.050050735E0
1.997367990E2,3.270000219E0,4.128000259E0,-5.719950199E0
1.997392426E2,1.326000094E0,4.546950340E0,-1.114050031E0
1.997416863E2,2.953950167E0,4.924950123E0,7.890000343E-1
1.997441297E2,5.358000278E0,5.437050343E0,-1.489500105E-1
1.997465733E2,5.185050011E0,5.847000122E0,-1.269000053E0
1.997490168E2,3.289050102E0,7.710000515E0,-2.325000048E0
1.997514604E2,2.935050249E0,9.157950401E0,-5.236950397E0
1.997539039E2,3.492000103E0,1.041000080E1,-6.988950253E0
1.997563475E2,1.716000080E0,1.030005074E1,-5.850000381E0
1.997587910E2,-1.510500014E-1,8.595000267E0,-3.469950199E0
1.997612346E2,-9.529500604E-1,7.792950153E0,1.834950089E0
1.997636780E2,-4.399500191E-1,6.799950123E0,2.863950253E0
1.997661216E2,2.587050200E0,6.904950142E0,1.243950009E0
1.997685651E2,5.839050293E0,6.364050388E0,-3.688050270E0
1.997710087E2,5.322000027E0,4.947000027E0,-4.650000095E0
1.997734524E2,4.157999992E0,6.879000187E0,-5.203050137E0
1.997758958E2,2.620950222E0,7.992000580E0,-4.438950062E0
1.997783393E2,2.439000130E0,9.205950737E0,-3.673050165E0
1.997807830E2,3.313050270E0,9.205950737E0,-4.168950081E0
1.997832265E2,3.664950132E0,7.975050449E0,-4.432050228E0
1.997856700E2,6.073050499E0,7.267050266E0,-5.881050110E0
1.997881136E2,5.844000340E0,5.617050171E0,-7.360950470E0
1.997905571E2,2.415000200E0,5.583000183E0,-5.026050091E0
1.997930007E2,7.870500088E-1,5.896950245E0,5.830500126E-1
1.997954441E2,3.187950134E0,6.967050552E0,2.605950117E0
1.997978878E2,5.250000477E0,6.181950092E0,3.405000269E-2
1.998003312E2,4.394999981E0,6.819000244E0,-2.610000134E0
1.998027748E2,2.437050104E0,8.310000420E0,-3.775950193E0
1.998052183E2,2.085000038E0,9.784950256E0,-4.569000244E0
1.998076619E2,2.382000208E0,9.402000427E0,-4.236000061E0
1.998101054E2,1.000050068E0,8.421000481E0,-2.995950222E0
1.998125491E2,-5.860500336E-1,7.450950146E0,1.447050095E0
1.998149927E2,-7.540500164E-1,7.117950439E0,2.047950029E0
1.998174361E2,-4.930500090E-1,6.820950508E0,3.550500274E-1
1.998198798E2,7.960500121E-1,6.907050133E0,5.370000005E-1
1.998223232E2,1.591050029E0,8.293950081E0,2.596050024E0
1.998247668E2,1.749000072E0,8.218950272E0,1.062000036E0
1.998272103E2,4.339950085E0,7.750050545E0,-1.059000015E0
1.998296539E2,6.805950165E0,8.397000313E0,-6.736050129E0
1.998320974E2,6.114000320E0,9.637050629E0,-8.509950638E0
1.998345410E2,2.046000004E0,9.630000114E0,-6.079950333E0
1.998369844E2,2.599050045E0,7.255050182E0,-2.919000149E0
1.998394281E2,5.428950310E0,5.212050438E0,-3.336000204E0
1.998418715E2,4.266000271E0,4.165950298E0,-3.702000141E0
1.998443152E2,3.253050089E0,4.702050209E0,-2.107050180E0
1.998467586E2,5.698050499E0,5.143050194E0,-1.204950094E0
1.998492022E2,7.219950199E0,6.100950241E0,-3.252000093E0
1.998516459E2,5.266950130E0,7.197000504E0,-4.492050171E0
1.998540894E2,3.952050209E0,8.478000641E0,-3.199050188E0
1.998565330E2,4.096050262E0,9.735000610E0,-4.159049988E0
1.998589764E2,3.844050169E0,1.028595066E1,-4.890000343E0
1.998614200E2,1.681950092E0,9.547950745E0,-4.216950417E0
1.998638635E2,-1.840500087E-1,6.718050480E0,-1.590000033E0
1.998663071E2,-8.040000200E-1,4.851000309E0,1.287000060E0
1.998687506E2,2.686050177E0,4.462950230E0,1.756050110E0
1.998711942E2,7.624950409E0,3.144000053E0,-1.983000040E0
1.998736377E2,8.269050598E0,2.731950045E0,-4.423050404E0
1.998760813E2,5.676000118E0,5.350950241E0,-3.790950298E0
1.998785247E2,3.646050215E0,7.731000423E0,-3.393000126E0
1.998809684E2,2.844000101E0,8.737050056E0,-3.799950123E0
1.998834121E2,3.817950249E0,9.112950325E0,-5.301000118E0
1.998858555E2,4.699050426E0,8.160000801E0,-7.363050461E0
1.998882991E2,7.438050270E0,7.156050205E0,-8.706000328E0
1.998907426E2,6.811050415E0,5.301000118E0,-9.999000549E0
1.998931862E2,3.196050167E0,4.255050182E0,-6.384000301E0
1.998956297E2,3.751050234E0,4.249950409E0,-1.573950052E0
1.998980733E2,7.896000385E0,4.354950428E0,-4.410000145E-1
1.999005167E2,1.010505009E1,4.993950367E0,-4.114050388E0
1.999029604E2,6.222000122E0,6.631950378E0,-6.247050285E0
1.999054038E2,4.210950375E0,8.365950584E0,-5.803950310E0
1.999078474E2,4.419000149E0,8.145000458E0,-7.561950207E0
1.999102911E2,3.556950092E0,8.326950073E0,-8.491050720E0
1.999127346E2,2.365050077E0,7.245000362E0,-7.360950470E0
1.999151780E2,5.740500093E-1,5.758050442E0,-2.895000219E0
1.999176216E2,1.231950045E0,5.269950390E0,2.047950029E0
1.999200650E2,5.140050411E0,5.113950253E0,2.623050213E0
1.999225087E2,8.290950775E0,4.144050121E0,-2.242050171E0
1.999249523E2,8.110950470E0,5.065950394E0,-6.514950275E0
1.999273958E2,5.142000198E0,7.516050339E0,-9.676050186E0
1.999298394E2,2.710050106E0,8.557050705E0,-9.862950325E0
1.999322829E2,3.772950172E0,8.707950592E0,-8.710950851E0
1.999347265E2,5.998950481E0,6.436050415E0,-7.429950237E0
1.999371700E2,7.006950378E0,5.296050072E0,-6.829050541E0
1.999396136E2,9.105000496E0,4.161000252E0,-7.722000599E0
1.999420570E2,8.535000801E0,2.653050184E0,-8.914050102E0
1.999445006E2,9.427950859E0,3.700950146E0,-7.324950218E0
1.999469441E2,1.063200092E1,4.345950127E0,-6.274050236E0
1.999493877E2,1.099605083E1,6.345000267E0,-5.911950111E0
1.999518314E2,9.634050369E0,7.228050232E0,-3.391050100E0
1.999542749E2,8.748000145E0,7.599000454E0,-6.072000504E0
1.999567185E2,9.612000465E0,9.193950653E0,-1.222995090E1
1.999591620E2,1.126200008E1,8.703000069E0,-1.600605011E1
1.999616056E2,7.491000175E0,6.024000168E0,-1.715595055E1
1.999640490E2,3.916050196E0,4.615950108E0,-1.515900040E1
1.999664927E2,3.895050287E0,3.955050230E0,-1.226400089E1
1.999689361E2,6.586050510E0,5.035050392E0,-6.391050339E0
1.999713797E2,6.688950539E0,4.659000397E0,2.239500135E-1
1.999738232E2,5.062950134E0,4.848000050E0,3.949050188E0
1.999762668E2,3.928050280E0,6.400050163E0,3.286050081E0
1.999787103E2,2.431950092E0,9.759000778E0,2.203950167E0
1.999811540E2,2.841000080E0,1.149705029E1,2.062050104E0
1.999835976E2,4.906949997E0,1.093695068E1,-2.173950195E0
1.999860410E2,3.307950258E0,1.035000038E1,-2.032950163E0
1.999884847E2,5.422050476E0,1.063095093E1,-3.372000217E0
1.999909281E2,4.966950417E0,8.679000854E0,-7.123050213E0
1.999933717E2,5.314950466E0,8.230950356E0,-7.015950203E0
1.999958152E2,6.835050106E0,9.658050537E0,-8.958000183E0
1.999982588E2,6.804000378E0,1.095105076E1,-7.633050442E0
2.000007023E2,4.912050247E0,1.254600048E1,-6.151050091E0
2.000031459E2,2.824050188E0,1.407795048E1,-1.165950060E0
2.000055894E2,3.169050217E0,1.432305050E1,5.320500135E-1
2.000080330E2,4.657950401E0,1.634805107E1,-1.594950080E0
2.000104764E2,4.275000095E0,1.589295101E1,-2.917050123E0
2.000129201E2,1.845000029E0,1.215105057E1,-1.939950109E0
2.000153635E2,3.439500034E-1,1.232595062E1,3.600000143E-1
2.000178071E2,9.330000281E-1,1.309200096E1,-3.900000080E-2
2.000202506E2,2.041949987E0,1.247700024E1,-3.810000122E-1
2.000226942E2,4.321050167E0,1.163595009E1,-1.765050054E0
2.000251379E2,4.345050335E0,1.209600067E1,-3.522000074E0
2.000275814E2,5.494050026E0,1.265100098E1,-3.424050093E0
2.000300250E2,6.684000492E0,1.348905087E1,-5.541000366E0
2.000324685E2,7.354050159E0,1.257195091E1,-5.773050308E0
2.000349121E2,7.516950130E0,1.205805016E1,-5.301000118E0
2.000373555E2,7.740000248E0,1.125105095E1,-5.677050114E0
2.000397992E2,5.920050144E0,9.160050392E0,-7.537950516E0
2.000422426E2,4.363950253E0,8.332050323E0,-6.289950371E0
2.000446862E2,7.297050476E0,9.213000298E0,-5.158050060E0
2.000471297E2,9.064050674E0,1.034100056E1,-7.174050331E0
2.000495733E2,7.345050335E0,1.099905014E1,-7.522950172E0
2.000520168E2,5.235000134E0,1.072905064E1,-5.335050106E0
2.000544604E2,5.626050472E0,1.159305096E1,-3.541950226E0
2.000569039E2,6.910950184E0,1.294305038E1,-3.565950155E0
2.000593475E2,5.334000111E0,1.331700039E1,-4.602000237E0
2.000617910E2,2.389050007E0,1.113300037E1,-3.703950167E0
2.000642346E2,7.060500383E-1,8.647950172E0,5.710500479E-1
2.000666783E2,2.166000128E0,9.498000145E0,1.591050029E0
2.000691217E2,5.209050179E0,8.872950554E0,-4.290000200E-1
2.000715653E2,5.539950371E0,7.960950375E0,-1.087050080E0
2.000740088E2,4.030950069E0,9.280050278E0,-1.485000014E0
2.000764524E2,1.941000104E0,1.114095020E1,-6.829500198E-1
2.000788959E2,2.032050133E0,1.233300018E1,-2.007000208E0
2.000813395E2,3.466050148E0,1.279995060E1,-5.665050507E0
2.000837830E2,4.033950329E0,1.209300041E1,-7.404000282E0
2.000862266E2,4.813950062E0,1.088400078E1,-7.533000469E0
2.000886700E2,3.190950155E0,8.185950279E0,-5.292000294E0
2.000911136E2,2.665950060E0,6.766050339E0,-3.088950157E0
2.000935571E2,5.587050438E0,7.681050301E0,-1.854000092E0
2.000960007E2,8.809950829E0,8.289000511E0,-3.769050121E0
2.000984442E2,7.989000320E0,7.297950268E0,-6.241950512E0
2.001008878E2,5.997000217E0,7.663950443E0,-5.028000355E0
2.001033313E2,4.977000237E0,8.782050133E0,-3.658950090E0
2.001057750E2,4.651050091E0,9.181950569E0,-3.283050060E0
2.001082186E2,2.275950193E0,8.884950638E0,-4.357950211E0
2.001106620E2,6.169500351E-1,6.466950417E0,-1.240950108E0
2.001131057E2,0.000000000E0,5.464050293E0,1.050000072E0
2.001155491E2,1.026000023E0,7.258950233E0,1.627050042E0
2.001179927E2,2.757000208E0,6.880950451E0,-6.795000285E-2
2.001204362E2,3.037950039E0,6.318000317E0,-1.102050066E0
2.001228798E2,1.740000129E0,7.084950447E0,-1.047000051E0
2.001253233E2,3.730500042E-1,8.824950218E0,-3.090000153E-1
2.001277669E2,1.330050111E0,9.826050758E0,-1.767000079E0
2.001302104E2,3.045000076E0,8.824950218E0,-5.175000191E0
2.001326540E2,3.921000242E0,7.915050507E0,-6.934050560E0
2.001350975E2,4.600950241E0,6.607950211E0,-7.582950592E0
2.001375411E2,2.631000042E0,4.075050354E0,-4.654950142E0
2.001399845E2,2.836050034E0,4.176000118E0,-1.879950047E0
2.001424281E2,6.265050411E0,5.428050041E0,-1.566000104E0
2.001448718E2,7.692000389E0,6.117000103E0,-3.430950165E0
2.001473153E2,6.010950089E0,6.204000473E0,-5.323050022E0
2.001497589E2,4.516950130E0,7.089000225E0,-4.906050205E0
2.001522024E2,3.109050035E0,8.365950584E0,-5.035950184E0
2.001546460E2,2.620950222E0,8.968950272E0,2.239500135E-1
2.001570894E2,3.679500222E-1,9.316050529E0,-1.729050040E0
2.001595331E2,-1.800000072E0,5.907000065E0,4.410000145E-1
2.001619765E2,-2.305950165E0,4.249950409E0,1.758000135E0
2.001644201E2,1.729950070E0,3.177000046E0,-1.485000014E0
2.001668636E2,7.623000145E0,1.408050060E0,-6.594000340E0
2.001693072E2,6.816000462E0,2.611950159E0,-7.662000179E0
2.001717507E2,3.457050085E0,5.160000324E0,-5.299050331E0
2.001741943E2,2.980050087E0,6.448050499E0,-1.593000054E0
2.001766380E2,4.717950344E0,7.807950497E0,-1.918050051E0
2.001790814E2,4.989000320E0,8.386950493E0,-3.448050261E0
2.001815250E2,5.719050407E0,8.095050812E0,-6.208950520E0
2.001839685E2,4.876049995E0,4.975050449E0,-9.867000580E0
2.001864121E2,2.274000168E0,3.888000250E0,-7.690950394E0
2.001888556E2,5.407950401E0,3.517050266E0,-3.019950151E0
2.001912992E2,8.680950165E0,3.442950249E0,-3.436050177E0
2.001937427E2,7.795050144E0,4.494000435E0,-5.392050266E0
2.001961863E2,5.062950134E0,5.943000317E0,-3.007950068E0
2.001986298E2,5.383950233E0,6.370950222E0,-2.107050180E0
2.002010734E2,5.899050236E0,8.301000595E0,-4.012950420E0
2.002035168E2,2.599050045E0,9.160050392E0,-5.782950401E0
2.002059604E2,-8.760000467E-1,7.458000183E0,-5.191050053E0
2.002084039E2,-9.409500360E-1,5.458950043E0,-2.308950186E0
2.002108475E2,1.527000070E0,4.798050404E0,1.437000036E0
2.002132910E2,5.118000031E0,4.197000027E0,1.710000038E-1
2.002157346E2,5.065050125E0,3.994050264E0,-9.679500461E-1
2.002181780E2,3.283950090E0,4.840950012E0,7.960500121E-1
2.002206217E2,1.201050043E0,6.313950062E0,2.284950018E0
2.002230653E2,1.426050067E0,8.337000847E0,7.480500340E-1
2.002255088E2,4.029000282E0,8.964000702E0,-4.557000160E0
2.002279524E2,4.792950153E0,8.049000740E0,-7.303050518E0
2.002303959E2,5.583000183E0,6.631950378E0,-9.907950401E0
2.002328395E2,3.732000113E0,4.708950043E0,-8.341950417E0
2.002352830E2,3.022950172E0,4.075050354E0,-4.582950115E0
2.002377266E2,6.610050201E0,5.515950203E0,-3.060000181E0
2.002401700E2,8.338050842E0,7.056000233E0,-2.692050219E0
2.002426136E2,7.156050205E0,6.808950424E0,-2.749050140E0
2.002450573E2,7.632000446E0,7.779000282E0,-3.331050158E0
2.002475008E2,5.880000114E0,9.484050751E0,-5.650950432E0
2.002499444E2,3.162000179E0,1.132695007E1,-7.807950497E0
2.002523879E2,7.009500265E-1,1.066905022E1,-5.770950317E0
2.002548315E2,-1.273950100E0,8.272050858E0,-1.755000114E0
2.002572749E2,-2.956950188E0,7.401000500E0,3.348000050E0
2.002597185E2,-1.213950038E0,6.687000275E0,2.838000059E0
2.002621620E2,5.808000088E0,5.977950096E0,-3.748050213E0
2.002646056E2,7.342050552E0,6.265950203E0,-7.216950417E0
2.002670491E2,3.961950302E0,6.880950451E0,-3.829050064E0
2.002694927E2,1.411950111E0,9.448050499E0,4.920000136E-1
2.002719362E2,2.523000002E0,1.106400013E1,-2.710500062E-1
2.002743798E2,5.283000469E0,1.009905052E1,-4.300950050E0
2.002768233E2,6.202950478E0,9.295050621E0,-7.312950134E0
2.002792669E2,5.403000355E0,6.943050385E0,-8.883000374E0
2.002817103E2,3.343950272E0,4.579950333E0,-5.986050129E0
2.002841540E2,5.034000397E0,4.915050030E0,-3.208950043E0
2.002865974E2,6.946950436E0,5.989950180E0,-2.140950203E0
2.002890411E2,7.357050419E0,6.808950424E0,-2.941050053E0
2.002914847E2,6.760950089E0,7.293000221E0,-5.026050091E0
2.002939282E2,5.664000034E0,8.277000427E0,-6.444000244E0
2.002963718E2,4.579050064E0,1.003395081E1,-7.351050377E0
2.002988153E2,2.437050104E0,1.051095009E1,-6.786000252E0
2.003012589E2,3.769500256E-1,9.988950729E0,-4.666950226E0
2.003037024E2,-1.294950008E0,7.243050575E0,5.470499992E-1
2.003061460E2,-1.429050088E0,6.133950233E0,3.894000292E0
2.003085894E2,2.974950075E0,6.337950230E0,2.163000107E0
2.003110331E2,7.314000130E0,5.911050320E0,-2.100000143E0
2.003134765E2,6.435000420E0,5.923050404E0,-3.337950230E0
2.003159202E2,3.427950144E0,7.486950397E0,-1.231050014E0
2.003183638E2,1.684950113E0,1.052295017E1,-2.380500138E-1
2.003208073E2,3.424950123E0,1.134195042E1,-2.932950258E0
2.003232509E2,5.149050236E0,1.075995064E1,-6.345000267E0
2.003256943E2,5.410050392E0,9.622950554E0,-8.239050865E0
2.003281379E2,3.877950191E0,6.235050201E0,-6.870000362E0
2.003305814E2,3.777000189E0,4.984950066E0,-4.714950085E0
2.003330250E2,6.829950333E0,6.606000423E0,-4.159049988E0
2.003354685E2,9.187950134E0,6.778050423E0,-5.409000397E0
2.003379121E2,8.532000542E0,7.449000359E0,-7.119000435E0
2.003403556E2,7.093050480E0,8.548050880E0,-7.228950500E0
2.003427992E2,6.994950294E0,9.751950264E0,-7.018050194E0
2.003452426E2,5.058000088E0,1.114305019E1,-7.132950306E0
2.003476862E2,2.506050110E0,1.104705048E1,-5.244000435E0
2.003501297E2,-1.650000066E-1,9.139050484E0,-1.393950105E0
2.003525733E2,-2.179050207E0,6.522000313E0,4.477950096E0
2.003550170E2,2.029500157E-1,6.117000103E0,4.549950123E0
2.003574604E2,7.792950153E0,5.559000492E0,-9.220500588E-1
2.003599041E2,8.440950394E0,5.820000172E0,-4.368000031E0
2.003623476E2,4.528950214E0,6.832950115E0,-1.564050078E0
2.003647912E2,2.128050089E0,9.924000740E0,1.332000017E0
2.003672346E2,2.305050135E0,1.238595104E1,-4.099500179E-1
2.003696782E2,4.026000023E0,1.196205044E1,-3.903000116E0
2.003721217E2,4.840050220E0,1.082700062E1,-6.420000076E0
2.003745653E2,4.474050045E0,7.645050526E0,-6.523050308E0
2.003770088E2,3.631050110E0,5.278950214E0,-4.321950436E0
2.003794524E2,7.630050182E0,5.161950111E0,-5.349000454E0
2.003818959E2,1.107795048E1,6.892950535E0,-6.441000462E0
2.003843395E2,1.065105057E1,8.124000549E0,-7.660050392E0
2.003867829E2,6.835050106E0,9.970050812E0,-7.830000401E0
2.003892265E2,6.271950245E0,1.068105030E1,-6.112950325E0
2.003916700E2,6.760950089E0,1.170300102E1,-7.198050499E0
2.003941137E2,3.655050278E0,1.164300060E1,-6.610950470E0
2.003965573E2,1.369050026E0,1.020705032E1,-2.383050203E0
2.003990008E2,-1.360500008E-1,8.221950531E0,3.264000177E0
2.004014444E2,-1.132050037E0,7.125000477E0,5.151000023E0
2.004038879E2,4.468950272E0,5.890050411E0,1.780050039E0
2.004063315E2,7.972050190E0,6.961950302E0,-3.621000290E0
2.004087749E2,5.470050335E0,7.156050205E0,-3.120000124E0
2.004112186E2,2.395950079E0,1.031205082E1,7.995000482E-2
2.004136620E2,1.716000080E0,1.273500061E1,3.910500109E-1
2.004161056E2,2.662050009E0,1.241700077E1,-3.172950268E0
2.004185491E2,3.579000235E0,1.081305027E1,-6.841050148E0
2.004209927E2,3.877950191E0,8.265000343E0,-8.275050163E0
2.004234362E2,2.821950197E0,5.764950275E0,-5.850000381E0
2.004258798E2,4.654050350E0,5.794050217E0,-3.702000141E0
2.004283233E2,8.476950645E0,7.450950146E0,-2.923950195E0
2.004307669E2,9.988050461E0,8.269950867E0,-5.170050144E0
2.004332103E2,8.343000412E0,8.931000710E0,-6.415050507E0
2.004356540E2,6.175950527E0,1.088205051E1,-6.658950329E0
2.004380976E2,5.752950191E0,1.178700066E1,-8.287050247E0
2.004405411E2,3.291000128E0,1.223205090E1,-7.224000454E0
2.004429847E2,4.420500100E-1,1.044900036E1,-3.649050236E0
2.004454282E2,-1.096050024E0,7.753050327E0,2.151000023E0
2.004478718E2,-1.543950081E0,6.462000370E0,4.500000000E0
2.004503153E2,4.756950378E0,5.701050282E0,1.093050003E0
2.004527589E2,8.650050163E0,6.007050514E0,-5.047950268E0
2.004552023E2,5.245050430E0,6.457050323E0,-3.958050251E0
2.004576459E2,2.164050102E0,9.583950043E0,-6.919500232E-1
2.004600894E2,1.548000097E0,1.190400028E1,-2.380500138E-1
2.004625330E2,1.611000061E0,1.365900040E1,-2.512050152E0
2.004649765E2,1.204050064E0,1.172205067E1,-4.408050060E0
2.004674201E2,1.747050047E0,8.919000626E0,-5.710950375E0
2.004698635E2,1.369050026E0,5.035050392E0,-4.657050133E0
2.004723072E2,3.940050125E0,3.012000084E0,-5.019000053E0
2.004747506E2,9.672000885E0,3.388050079E0,-7.140000343E0
2.004771942E2,1.117605019E1,4.240050316E0,-8.620050430E0
2.004796379E2,9.164999962E0,7.374000549E0,-7.573950291E0
2.004820814E2,6.957000256E0,7.887000561E0,-5.304000378E0
2.004845250E2,5.607000351E0,9.678000450E0,-6.094050407E0
2.004869685E2,1.888050079E0,1.089600086E1,-6.147000313E0
2.004894121E2,-1.764000058E0,9.946050644E0,-3.324000120E0
2.004918555E2,-2.638050079E0,5.854050159E0,1.774950027E0
2.004942991E2,7.080000043E-1,4.390950203E0,4.323000431E0
2.004967426E2,7.872000217E0,3.100950241E0,-3.790500164E-1
2.004991862E2,9.427950859E0,3.016950130E0,-5.598000050E0
2.005016297E2,4.263000011E0,6.769050121E0,-3.511050224E0
2.005040733E2,1.963050127E0,9.454950333E0,-4.170000255E-1
2.005065168E2,6.739500165E-1,1.249605083E1,1.123950005E0
2.005089604E2,4.900500178E-1,1.297905064E1,-8.359500170E-1
2.005114041E2,1.285050035E0,1.174095058E1,-3.489000082E0
2.005138475E2,1.420950055E0,9.040950775E0,-4.987950325E0
2.005162912E2,9.900000691E-1,5.911050320E0,-2.886000156E0
2.005187346E2,3.459000111E0,3.916950226E0,-3.690000057E0
2.005211782E2,1.057200050E1,4.963050365E0,-8.572050095E0
2.005236217E2,1.211700058E1,5.466000080E0,-8.521950722E0
2.005260653E2,8.635050774E0,8.482950211E0,-7.564050198E0
2.005285088E2,6.418050289E0,1.084095097E1,-5.680050373E0
2.005309524E2,5.379000187E0,1.195200062E1,-5.802000046E0
2.005333958E2,1.713000059E0,1.235400105E1,-6.610950470E0
2.005358394E2,-1.063050032E0,1.161195087E1,-2.569950104E0
2.005382829E2,-2.329050064E0,7.444050312E0,2.680050135E0
2.005407265E2,-2.440500110E-1,5.566950321E0,3.754950285E0
2.005431700E2,7.429050446E0,4.831950188E0,-2.002050161E0
2.005456136E2,9.531000137E0,5.422950268E0,-6.202050209E0
2.005480571E2,4.960050106E0,7.024950504E0,-3.393000126E0
2.005505008E2,2.599050045E0,9.370950699E0,1.570500135E-1
2.005529441E2,2.182950020E0,1.220400047E1,1.093050003E0
2.005553878E2,2.310000062E-1,1.296495056E1,-7.360500097E-1
2.005578315E2,5.020500422E-1,1.075695038E1,-3.939000130E0
2.005602749E2,1.251000047E0,7.372050285E0,-5.469000340E0
2.005627185E2,1.249050021E0,4.674000263E0,-4.894050121E0
2.005651620E2,6.475950241E0,3.109950066E0,-6.715950489E0
2.005676056E2,9.684000015E0,3.820950270E0,-8.620050430E0
2.005700491E2,8.221050262E0,5.121000290E0,-7.380000114E0
2.005724927E2,4.516950130E0,7.827000141E0,-3.463050127E0
2.005749362E2,4.387950420E0,7.293000221E0,-1.083000064E0
2.005773798E2,5.026950359E0,7.669050217E0,-3.922050238E0
2.005798232E2,2.014950037E0,8.284049988E0,-5.634000301E0
2.005822669E2,-1.137000084E0,6.799950123E0,-2.893050194E0
2.005847105E2,5.700000376E-2,4.863000393E0,-2.539499998E-1
2.005871540E2,6.105000496E0,3.843000174E0,-5.700000525E-1
2.005895976E2,8.908050537E0,3.060000181E0,-3.451050282E0
2.005920411E2,5.080050468E0,5.218950272E0,-4.561950207E0
2.005944847E2,1.927050114E0,7.312050343E0,-8.460000157E-1
2.005969282E2,1.036050081E0,8.358000755E0,1.900500059E-1
2.005993718E2,8.200500607E-1,1.044600010E1,1.363050103E0
2.006018152E2,1.171950102E0,9.900000572E0,-9.970500469E-1
2.006042588E2,9.880500436E-1,8.653050423E0,-3.424050093E0
2.006067023E2,1.024049997E0,6.430950165E0,-4.348950386E0
2.006091459E2,2.604000092E0,4.633050442E0,-5.155050278E0
2.006115896E2,6.196050167E0,4.992000103E0,-6.831000328E0
2.006140330E2,7.531950474E0,6.172050476E0,-6.931950092E0
2.006164767E2,5.188050270E0,8.254950523E0,-5.922000408E0
2.006189201E2,3.342000246E0,8.707950592E0,-2.182049990E0
2.006213638E2,5.463000298E0,9.475950241E0,-2.614950180E0
2.006238072E2,5.238000393E0,1.017105007E1,-5.641050339E0
2.006262509E2,1.254000068E0,9.958050728E0,-5.068950176E0
2.006286943E2,-6.319500208E-1,8.017950058E0,-1.504050016E0
2.006311379E2,1.480500102E-1,7.008000374E0,6.400500536E-1
2.006335814E2,4.309050083E0,7.434000492E0,-9.630000591E-1
2.006360250E2,7.927050591E0,8.296050072E0,-4.132950306E0
2.006384685E2,5.700000286E0,7.848000526E0,-3.927000284E0
2.006409121E2,1.819050074E0,9.582000732E0,-1.546950102E0
2.006433555E2,4.005000368E-2,1.098000050E1,1.942950130E0
2.006457991E2,1.069050074E0,1.273005104E1,2.550000250E-1
2.006482429E2,2.674050093E0,1.157100010E1,-3.964950085E0
2.006506863E2,3.081000090E0,1.008705044E1,-5.433000088E0
2.006531299E2,1.905000091E0,8.253000259E0,-4.779000282E0
2.006555734E2,2.520000219E0,6.783000469E0,-2.878050089E0
2.006580170E2,4.318050385E0,8.878050804E0,-4.665000439E0
2.006604605E2,6.751050472E0,9.781050682E0,-5.233950138E0
2.006629041E2,5.121000290E0,8.433000565E0,-4.554000378E0
2.006653476E2,2.853000164E0,8.571000099E0,-1.723950028E0
2.006677912E2,2.713950157E0,8.638050079E0,-1.075950027E0
2.006702346E2,4.564949989E0,9.133950233E0,-3.355050087E0
2.006726783E2,4.266000271E0,8.406000137E0,-5.653050423E0
2.006751217E2,2.161050081E0,7.326000214E0,-4.911000252E0
2.006775653E2,1.162950039E0,6.529050350E0,-1.272000074E0
2.006800088E2,3.964050293E0,7.695000172E0,2.089500129E-1
2.006824524E2,7.831050396E0,7.932000160E0,-2.899950027E0
2.006848959E2,5.974950314E0,8.470950127E0,-4.794000149E0
2.006873396E2,1.531950116E0,8.373000145E0,-3.345000267E0
2.006897832E2,3.100500107E-1,7.894050598E0,-4.080000222E-1
2.006922266E2,2.215950012E0,9.129000664E0,-2.449500114E-1
2.006946702E2,5.022000313E0,9.097949982E0,-4.219050407E0
2.006971137E2,4.465050220E0,7.534950256E0,-6.385950089E0
2.006995573E2,2.431950092E0,6.430950165E0,-4.831950188E0
2.007020008E2,1.327950120E0,5.440050125E0,-1.609050035E0
2.007044444E2,2.476950169E0,6.847950459E0,-5.100000501E-1
2.007068879E2,5.527950287E0,8.538000107E0,-1.978050113E0
2.007093315E2,5.326050282E0,9.052950859E0,-2.986050129E0
2.007117750E2,2.314050198E0,8.635950089E0,-3.454950094E0
2.007142186E2,1.113000035E0,8.133000374E0,-1.534950018E0
2.007166620E2,3.550050259E0,9.622950554E0,-1.782000065E0
2.007191056E2,6.277050495E0,9.529050827E0,-5.220000267E0
2.007215491E2,4.030950069E0,9.139050484E0,-6.168000221E0
2.007239927E2,1.026000023E0,7.870050430E0,-2.257950068E0
2.007264362E2,2.340000123E-1,6.594000340E0,1.684050083E0
2.007288799E2,2.865000248E0,7.834050179E0,1.879500151E-1
2.007313235E2,6.670050144E0,9.487950325E0,-3.589950085E0
2.007337669E2,6.367950439E0,8.440050125E0,-4.677000046E0
2.007362106E2,3.205050230E0,8.641050339E0,-3.276000261E0
2.007386540E2,9.979500771E-1,9.517050743E0,-1.456050038E0
2.007410976E2,1.927050114E0,1.004895020E1,-6.450000405E-1
2.007435411E2,4.620000362E0,9.690000534E0,-2.409000158E0
2.007459847E2,4.753950119E0,8.952000618E0,-4.267050266E0
2.007484282E2,3.649950266E0,7.599000454E0,-3.913050175E0
2.007508718E2,3.142950058E0,7.510950565E0,-2.227050066E0
2.007533152E2,4.090950012E0,9.013950348E0,-2.907000065E0
2.007557589E2,3.859050274E0,9.574950218E0,-2.911950111E0
2.007582023E2,2.467950106E0,9.109950066E0,-2.098050117E0
2.007606459E2,1.648950100E0,8.356050491E0,-3.310500085E-1
2.007630894E2,3.040050030E0,8.296050072E0,-6.180000305E-1
2.007655330E2,6.205050468E0,8.602950096E0,-3.889050245E0
2.007679765E2,5.626050472E0,8.794050217E0,-5.965050220E0
2.007704201E2,1.936050057E0,8.200050354E0,-4.324950218E0
2.007728638E2,4.780500233E-1,7.141950130E0,4.939500093E-1
2.007753073E2,9.070500135E-1,8.482950211E0,1.849050045E0
2.007777509E2,5.602050304E0,1.035000038E1,-7.639500499E-1
2.007801943E2,7.873950481E0,1.084605026E1,-4.897050381E0
2.007826379E2,3.492000103E0,9.301950455E0,-5.926050186E0
2.007850814E2,7.510500550E-1,9.127050400E0,-2.428050041E0
2.007875250E2,-2.700000107E-1,8.971050262E0,-2.809500098E-1
2.007899685E2,1.948050141E0,1.142100048E1,8.719500303E-1
2.007924121E2,5.008050442E0,1.071705055E1,-3.478950262E0
2.007948556E2,4.977000237E0,8.962050438E0,-4.477950096E0
2.007972992E2,3.313050270E0,7.482000351E0,-3.355050087E0
2.007997426E2,2.484000206E0,7.516050339E0,-1.612050056E0
2.008021862E2,4.339950085E0,9.963000298E0,-2.197950125E0
2.008046297E2,4.366050243E0,1.138200092E1,-3.508050203E0
2.008070733E2,2.968050241E0,1.054395008E1,-3.409950256E0
2.008095170E2,2.383949995E0,9.096000671E0,-2.509950161E0
2.008119604E2,2.641950130E0,8.718000412E0,-2.104950190E0
2.008144041E2,4.819050312E0,9.145950317E0,-3.001050234E0
2.008168476E2,4.965000153E0,9.876000404E0,-4.216950417E0
2.008192912E2,2.307000160E0,9.406949997E0,-3.417000055E0
2.008217346E2,1.108050108E0,8.302950859E0,-3.240000010E-1
2.008241783E2,3.423000097E0,8.404050827E0,2.190000117E-1
2.008266217E2,6.379950523E0,8.920950890E0,-3.216000080E0
2.008290653E2,4.405050278E0,9.682050705E0,-5.914050102E0
2.008315088E2,1.897950053E0,8.938050270E0,-4.626000404E0
2.008339524E2,1.144050002E0,8.928000450E0,-2.221950054E0
2.008363959E2,2.833950043E0,9.532050133E0,-1.291050076E0
2.008388395E2,4.596000195E0,8.679000854E0,-3.228000164E0
2.008412829E2,4.644000053E0,7.848000526E0,-5.091000080E0
2.008437266E2,3.760950089E0,7.240050316E0,-4.626000404E0
2.008461700E2,3.366000175E0,6.526950359E0,-3.642000198E0
2.008486136E2,3.993000269E0,7.654050350E0,-2.428050041E0
2.008510571E2,4.747050285E0,8.490000725E0,-3.300000191E0
2.008535008E2,3.876000166E0,8.337000847E0,-4.063950062E0
2.008559444E2,2.178000212E0,7.164000511E0,-3.088950157E0
2.008583879E2,1.018950105E0,6.040950298E0,-3.640500307E-1
2.008608315E2,3.439950228E0,7.245000362E0,9.229500294E-1
2.008632749E2,5.635050297E0,7.819950581E0,-9.580500722E-1
2.008657186E2,4.759050369E0,8.397000313E0,-3.760050297E0
2.008681620E2,1.441050053E0,7.080000401E0,-4.236000061E0
2.008706056E2,3.420000076E-1,6.879000187E0,-2.419500053E-1
2.008730491E2,1.576950073E0,8.104949951E0,8.320500255E-1
2.008754927E2,5.022000313E0,9.261000633E0,-2.185950041E0
2.008779364E2,5.713950157E0,8.971050262E0,-5.116950035E0
2.008803799E2,3.217050076E0,8.381999969E0,-4.328999996E0
2.008828235E2,1.189050078E0,8.605050087E0,-2.167050123E0
2.008852670E2,1.096050024E0,9.225000381E0,-4.890000224E-1
2.008877106E2,3.391950130E0,9.651000023E0,-1.621050119E0
2.008901540E2,5.440950394E0,1.020405006E1,-3.691950083E0
2.008925976E2,4.510050297E0,9.808950424E0,-3.628050089E0
2.008950411E2,2.887050152E0,9.201000214E0,-2.613000154E0
2.008974847E2,2.980050087E0,9.613050461E0,-2.172000170E0
2.008999282E2,4.599000454E0,1.020705032E1,-2.878050089E0
2.009023718E2,4.182000160E0,1.064295006E1,-3.118050098E0
2.009048152E2,2.206950188E0,1.019505024E1,-2.886000156E0
2.009072588E2,1.872000098E0,9.454950333E0,-1.755000114E0
2.009097023E2,4.171950340E0,9.808950424E0,-1.987950087E0
2.009121459E2,5.869950294E0,1.003005028E1,-3.894000292E0
2.009145894E2,4.705950260E0,9.955050468E0,-4.858050346E0
2.009170331E2,2.566050053E0,9.442950249E0,-3.300000191E0
2.009194767E2,1.717950106E0,9.498000145E0,-7.309500575E-1
2.009219202E2,3.931050301E0,1.021905041E1,-1.920000017E-1
2.009243638E2,6.768000126E0,1.005405045E1,-3.421950102E0
2.009268072E2,5.341050148E0,9.211050034E0,-5.340000153E0
2.009292509E2,2.518050194E0,8.686050415E0,-3.385950089E0
2.009316943E2,1.929000139E0,8.513999939E0,-1.735950112E0
2.009341379E2,2.992050171E0,9.309000015E0,-7.639500499E-1
2.009365814E2,5.041950226E0,9.328050613E0,-2.254050016E0
2.009390250E2,4.479000092E0,8.782050133E0,-3.508050203E0
2.009414685E2,2.395950079E0,8.320050240E0,-2.601000071E0
2.009439121E2,1.431000113E0,7.650000572E0,-8.190000653E-1
2.009463556E2,2.173050165E0,8.839950562E0,4.009500146E-1
2.009487993E2,4.426050186E0,9.397050858E0,-1.116000056E0
2.009512429E2,4.606050014E0,9.430950165E0,-3.661050081E0
2.009536863E2,3.004050255E0,8.494950294E0,-4.108950138E0
2.009561299E2,1.503000021E0,7.662000179E0,-1.641000032E0
2.009585734E2,2.365050077E0,8.634000778E0,1.230000034E-1
2.009610170E2,4.977000237E0,9.049950600E0,-1.165950060E0
2.009634605E2,4.540950298E0,8.800950050E0,-3.751950264E0
2.009659041E2,1.888050079E0,7.639950275E0,-3.847950220E0
2.009683476E2,6.649500132E-1,5.908950329E0,-1.582950115E0
2.009707912E2,1.678050041E0,7.378950119E0,-3.405000269E-2
2.009732346E2,4.795050144E0,7.686000347E0,-1.636050105E0
2.009756782E2,5.757000446E0,7.912950516E0,-3.297000170E0
2.009781217E2,3.100050211E0,7.954050541E0,-2.509950161E0
2.009805653E2,1.318050027E0,7.836000443E0,-7.189500332E-1
2.009830088E2,7.890000343E-1,7.534950256E0,2.209500074E-1
2.009854524E2,3.121050119E0,7.563000202E0,-1.477950096E0
2.009878961E2,5.178000450E0,6.927000523E0,-4.684050083E0
2.009903396E2,4.239000320E0,6.970050335E0,-5.409000397E0
2.009927832E2,2.997000217E0,6.417000294E0,-3.697050095E0
2.009952266E2,3.373050213E0,7.293000221E0,-4.429500103E-1
2.009976703E2,3.813000202E0,8.368050575E0,3.769500256E-1
2.010001137E2,3.967050076E0,9.103050232E0,-1.212000012E0
2.010025573E2,3.270000219E0,9.037950516E0,-3.328950167E0
2.010050008E2,2.034000158E0,8.626950264E0,-4.605000019E0
2.010074444E2,2.917950153E0,9.316050529E0,-4.473000050E0
2.010098879E2,4.138950348E0,9.430950165E0,-4.240950108E0
2.010123315E2,3.684000254E0,9.667950630E0,-3.324000120E0
2.010147750E2,2.001000166E0,8.815950394E0,-1.128000021E0
2.010172186E2,8.110500574E-1,9.402000427E0,8.920500278E-1
2.010196620E2,1.615050077E0,1.041000080E1,9.390000701E-1
2.010221056E2,6.013950348E0,1.120995045E1,-2.797050238E0
2.010245491E2,7.243950367E0,1.075305080E1,-6.841050148E0
2.010269927E2,3.946950197E0,9.472050667E0,-6.168000221E0
2.010294362E2,1.419000030E0,1.030305004E1,-3.052950144E0
2.010318798E2,9.550500512E-1,1.069305038E1,2.380500138E-1
2.010343235E2,3.895050287E0,1.111695099E1,-2.506950140E0
2.010367670E2,6.081000328E0,1.051995087E1,-4.473000050E0
2.010392106E2,5.073000431E0,9.036000252E0,-4.914000034E0
2.010416540E2,3.591000080E0,8.550000191E0,-4.600050449E0
2.010440976E2,2.761950016E0,8.617050171E0,-1.978050113E0
2.010465411E2,3.471000195E0,1.026405048E1,-1.365000010E0
2.010489847E2,3.574050188E0,1.057305050E1,-2.835000038E0
2.010514282E2,2.797950029E0,9.156000137E0,-3.963000298E0
2.010538718E2,1.891050100E0,7.105950356E0,-2.905050039E0
2.010563152E2,2.185050011E0,6.393000126E0,-2.215050220E0
2.010587589E2,4.777950287E0,7.077000141E0,-3.493950129E0
2.010612023E2,6.088050365E0,6.940950394E0,-4.351050377E0
2.010636459E2,4.171950340E0,7.117950439E0,-3.751950264E0
2.010660894E2,1.929000139E0,6.643950462E0,-1.444050074E0
2.010685330E2,2.233050108E0,6.388050079E0,-3.190500140E-1
2.010709765E2,3.483000278E0,7.125000477E0,-1.450950027E0
2.010734201E2,3.892050266E0,6.631950378E0,-3.496050119E0
2.010758638E2,3.367950201E0,6.153000355E0,-4.660050392E0
2.010783072E2,2.662050009E0,5.406000137E0,-4.210050106E0
2.010807509E2,1.942950130E0,5.719950199E0,-1.981050134E0
2.010831943E2,3.435000181E0,6.265950203E0,-8.380500674E-1
2.010856380E2,4.110000134E0,5.851950169E0,-1.450950027E0
2.010880814E2,2.827050209E0,6.394950390E0,-2.469000101E0
2.010905250E2,2.893950224E0,5.605050087E0,-3.702000141E0
2.010929685E2,3.370050192E0,5.928000450E0,-3.112950087E0
2.010954121E2,4.077000141E0,7.048950195E0,-2.959950209E0
2.010978556E2,4.225049973E0,7.513050556E0,-3.570000172E0
2.011002992E2,2.635050058E0,7.495950222E0,-3.384000063E0
2.011027427E2,7.339500189E-1,7.096950531E0,-1.990050077E0
2.011051863E2,8.400000334E-1,7.686000347E0,-5.700000525E-1
2.011076297E2,2.914950132E0,8.233950615E0,-9.870000482E-1
2.011100733E2,5.821950436E0,8.373000145E0,-3.879000187E0
2.011125168E2,5.239950180E0,7.674000263E0,-5.953050137E0
2.011149605E2,1.438050032E0,7.353000164E0,-3.927000284E0
2.011174041E2,6.000000052E-3,7.590000153E0,2.980500162E-1
2.011198476E2,1.596000075E0,8.554950714E0,7.600500584E-1
2.011222912E2,5.269050121E0,9.028950691E0,-2.980950117E0
2.011247347E2,5.524950027E0,8.137949944E0,-5.965050220E0
2.011271783E2,2.653950214E0,7.444050312E0,-4.909050465E0
2.011296217E2,1.134000063E0,7.293000221E0,-1.597050071E0
2.011320653E2,2.395950079E0,7.755000591E0,1.054050088E0
2.011345088E2,4.849950314E0,8.413050652E0,3.150000274E-1
2.011369524E2,5.635050297E0,8.731950760E0,-2.524050236E0
2.011393959E2,3.804000139E0,8.155050278E0,-4.602000237E0
2.011418395E2,2.785950184E0,7.437000275E0,-4.842000008E0
2.011442832E2,2.323950052E0,8.184000015E0,-2.707950115E0
2.011467266E2,3.832050085E0,8.581050873E0,-1.843950033E0
2.011491703E2,4.275000095E0,8.904000282E0,-2.301000118E0
2.011516137E2,2.731050014E0,8.593050003E0,-2.349000216E0
2.011540573E2,1.611000061E0,7.810050488E0,-1.360050082E0
2.011565008E2,2.499000072E0,7.978050232E0,-1.272000074E0
2.011589444E2,4.222949982E0,8.457000732E0,-1.996950150E0
2.011613879E2,5.013000011E0,9.201000214E0,-3.175050259E0
2.011638315E2,3.046950102E0,8.923050880E0,-4.056000233E0
2.011662750E2,1.018950105E0,9.120000839E0,-1.453950047E0
2.011687186E2,1.507950068E0,8.715000153E0,2.020500153E-1
2.011711620E2,4.084050179E0,8.578950882E0,-8.269500136E-1
2.011736057E2,6.157050133E0,9.153000832E0,-3.751950264E0
2.011760491E2,4.405050278E0,8.899050713E0,-4.107000351E0
2.011784927E2,2.779050112E0,9.450000763E0,-2.782950163E0
2.011809362E2,1.855050087E0,9.940950394E0,-1.198050022E0
2.011833799E2,2.278950214E0,1.030995083E1,-7.279500365E-1
2.011858235E2,3.703050137E0,9.951000214E0,-2.388000011E0
2.011882669E2,3.967050076E0,9.763950348E0,-2.779950142E0
2.011907105E2,3.421050072E0,9.241950035E0,-2.524050236E0
2.011931540E2,2.404950142E0,9.430950165E0,-1.626000047E0
2.011955976E2,3.220050097E0,1.044405079E1,-1.726950049E0
2.011980411E2,4.984050274E0,1.093005085E1,-3.136950254E0
2.012004847E2,4.396950245E0,1.073100090E1,-4.195050240E0
2.012029282E2,2.080049992E0,1.037400055E1,-2.871000051E0
2.012053719E2,8.400000334E-1,1.022805023E1,-7.519500256E-1
2.012078152E2,1.660950065E0,1.068795013E1,-4.290000200E-1
2.012102589E2,4.669950008E0,1.069800091E1,-3.063000202E0
2.012127023E2,6.052050114E0,9.069000244E0,-6.496050358E0
2.012151460E2,3.334050179E0,8.440050125E0,-5.581950188E0
2.012175896E2,8.059500456E-1,8.039999962E0,-8.410500288E-1
2.012200331E2,1.239000082E0,8.622000694E0,1.588050127E0
2.012224767E2,3.532950163E0,9.108000755E0,-3.195000067E-2
2.012249202E2,5.370000362E0,8.482950211E0,-2.596050024E0
2.012273638E2,4.705950260E0,7.972950459E0,-5.047950268E0
2.012298072E2,2.602050066E0,7.540050507E0,-4.759950161E0
2.012322509E2,9.190500379E-1,6.787950516E0,-1.870050073E0
2.012346943E2,1.588950038E0,6.160050392E0,-1.780500114E-1
2.012371379E2,2.887050152E0,7.884000301E0,-2.539499998E-1
2.012395814E2,2.379000187E0,6.850050449E0,-6.090000272E-1
2.012420250E2,3.295950174E0,5.995050430E0,-2.136000156E0
2.012444685E2,2.889000177E0,5.473050117E0,-2.746950150E0
2.012469121E2,2.085000038E0,6.772950172E0,-1.435050011E0
2.012493556E2,2.257050037E0,7.449000359E0,-1.437000036E0
2.012517992E2,1.933950067E0,7.324050426E0,-2.220000029E0
2.012542429E2,1.120050073E0,7.530000210E0,-1.702950120E0
2.012566863E2,6.289500594E-1,6.847950459E0,-5.989500284E-1
2.012591299E2,1.843050122E0,6.520050526E0,-1.138050079E0
2.012615734E2,3.421050072E0,6.997950554E0,-2.530950069E0
2.012640170E2,3.940050125E0,6.747000217E0,-4.023000240E0
2.012664605E2,2.353049994E0,6.840000153E0,-3.427050114E0
2.012689041E2,4.230000079E-1,8.284049988E0,4.630500078E-1
2.012713476E2,6.289500594E-1,8.611950874E0,9.109500647E-1
2.012737912E2,2.797950029E0,8.695950508E0,-8.149500489E-1
2.012762347E2,4.705950260E0,8.374950409E0,-4.758000374E0
2.012786783E2,4.483950138E0,7.465050220E0,-5.380050182E0
2.012811217E2,2.674050093E0,7.999050617E0,-4.096950054E0
2.012835653E2,1.366050124E0,8.995050430E0,-1.336050034E0
2.012860088E2,2.266950130E0,9.514950752E0,5.100000277E-2
2.012884524E2,4.267950058E0,9.697050095E0,-1.509000063E0
2.012908961E2,4.876049995E0,9.473999977E0,-3.783000231E0
2.012933396E2,3.172050238E0,9.100950241E0,-4.365000248E0
2.012957832E2,2.209050179E0,9.440999985E0,-3.963000298E0
2.012982267E2,3.411000252E0,1.079100037E1,-3.391050100E0
2.013006703E2,5.062950134E0,1.069800091E1,-4.272000313E0
2.013031137E2,4.584000111E0,1.034805012E1,-5.349000454E0
2.013055573E2,4.065000057E0,1.004400063E1,-4.399050236E0
2.013080008E2,3.306000233E0,9.880950928E0,-3.142050266E0
2.013104444E2,3.190950155E0,1.093500042E1,-1.935000062E0
2.013128879E2,4.654050350E0,1.075995064E1,-2.613000154E0
2.013153315E2,4.777950287E0,1.047300053E1,-4.456050396E0
2.013177750E2,2.769000053E0,9.465000153E0,-4.612050056E0
2.013202186E2,9.430500269E-1,8.830050468E0,-2.139000177E0
2.013226620E2,9.430500269E-1,8.677050591E0,-4.095000029E-2
2.013251057E2,1.965000153E0,9.349950790E0,1.015950084E0
2.013275491E2,3.267000198E0,9.687000275E0,3.460500240E-1
2.013299927E2,2.875050068E0,8.782050133E0,-1.438950062E0
2.013324364E2,1.273050070E0,8.212050438E0,-1.356000066E0
2.013348798E2,3.390000165E-1,8.310000420E0,-6.060000062E-1
2.013373235E2,1.741950035E0,8.039999962E0,-5.580000281E-1
2.013397670E2,3.054000139E0,8.203050613E0,-9.870000482E-1
2.013422106E2,4.459950447E0,8.224050522E0,-1.212000012E0
2.013446540E2,4.189050198E0,8.188050270E0,-1.653000116E0
2.013470977E2,2.935050249E0,7.381050587E0,-1.339050055E0
2.013495411E2,2.496000051E0,7.518000126E0,-7.000500560E-1
2.013519847E2,4.002000332E0,8.314949989E0,-1.474950075E0
2.013544282E2,3.922950268E0,8.278950691E0,-3.007950068E0
2.013568718E2,2.701950073E0,9.184050560E0,-3.561000109E0
2.013593153E2,1.114950061E0,9.292050362E0,-1.186050057E0
2.013617589E2,1.120050073E0,9.526950836E0,4.800000191E-1
2.013642023E2,1.771050096E0,9.550950050E0,-1.750500053E-1
2.013666459E2,2.821950197E0,9.445050240E0,-1.201950073E0
2.013690894E2,3.964050293E0,9.141000748E0,-3.570000172E0
2.013715331E2,2.698050022E0,8.860950470E0,-3.676050186E0
2.013739765E2,9.090000391E-1,8.727000237E0,-1.078050017E0
2.013764202E2,1.192050099E0,8.895000458E0,1.567050099E0
2.013788638E2,3.394050121E0,9.259050369E0,1.729500145E-1
2.013813073E2,5.722050190E0,9.093000412E0,-2.907000065E0
2.013837509E2,4.498050213E0,8.053950310E0,-4.669050217E0
2.013861943E2,2.773950100E0,8.635950089E0,-5.170050144E0
2.013886380E2,1.702050090E0,8.449049950E0,-2.653050184E0
2.013910814E2,1.963050127E0,8.916000366E0,-3.910500109E-1
2.013935250E2,2.689950228E0,9.421050072E0,-1.995000057E-2
2.013959685E2,3.151950121E0,8.665050507E0,-9.610500336E-1
2.013984121E2,3.543000221E0,8.683950424E0,-2.328000069E0
2.014008556E2,2.797950029E0,8.479949951E0,-2.818950176E0
2.014032992E2,1.819050074E0,9.364050865E0,-1.720050097E0
2.014057426E2,2.311950207E0,9.748950005E0,-9.700500369E-1
2.014081862E2,4.216050148E0,9.868950844E0,-2.847000122E0
2.014106299E2,4.146000385E0,9.450000763E0,-5.187000275E0
2.014130734E2,2.362050056E0,9.321000099E0,-3.949050188E0
2.014155170E2,1.384950042E0,9.153000832E0,-1.353000045E0
2.014179605E2,1.275000095E0,9.550950050E0,9.370500445E-1
2.014204041E2,2.571000099E0,1.016100025E1,6.520500183E-1
2.014228476E2,4.812000275E0,1.001505089E1,-2.902050257E0
2.014252912E2,4.594050407E0,9.867000580E0,-5.055000305E0
2.014277346E2,2.061000109E0,9.457050323E0,-3.481950283E0
2.014301782E2,7.630500197E-1,9.787950516E0,1.399500072E-1
2.014326217E2,1.194000006E0,1.008900070E1,5.730000138E-1
2.014350653E2,2.166000128E0,1.033095074E1,-2.089500129E-1
2.014375088E2,3.483000278E0,9.457050323E0,-2.752050161E0
2.014399524E2,4.723050117E0,8.883000374E0,-4.765050411E0
2.014423961E2,3.990000248E0,8.722050667E0,-4.875000000E0
2.014448395E2,2.310000181E0,9.622950554E0,-2.707950115E0
2.014472829E2,1.405050039E0,9.544050217E0,3.430500031E-1
2.014497265E2,1.393050075E0,9.754050255E0,6.949500442E-1
2.014521702E2,1.456950068E0,9.072000504E0,-3.210000098E-1
2.014546137E2,2.532000065E0,8.008950233E0,-2.008949995E0
2.014570573E2,3.646050215E0,7.755000591E0,-3.703950167E0
2.014595008E2,4.299000263E0,8.101950645E0,-4.155000210E0
2.014619444E2,3.933000088E0,8.310000420E0,-3.946050167E0
2.014643878E2,2.281050205E0,9.201000214E0,-2.749050140E0
2.014668315E2,1.431000113E0,8.665050507E0,-7.189500332E-1
2.014692749E2,1.201050043E0,8.554950714E0,3.769500256E-1
2.014717185E2,9.210000634E-1,8.610000610E0,0.000000000E0
2.014741620E2,2.583000183E0,7.789050579E0,-2.124000072E0
2.014766056E2,4.261050224E0,7.450950146E0,-5.160000324E0
2.014790491E2,3.174000263E0,7.135050297E0,-5.550000191E0
2.014814928E2,8.539500237E-1,7.731000423E0,-1.902000070E0
2.014839364E2,4.590000212E-1,8.083050728E0,1.734000087E0
2.014863798E2,6.979500055E-1,8.605050087E0,1.138050079E0
2.014888235E2,1.198950052E0,8.016000748E0,8.989500403E-1
2.014912669E2,3.889950275E0,7.081950188E0,-3.499500155E-1
2.014937105E2,4.174950123E0,5.995050430E0,-3.973050117E0
2.014961540E2,3.682050228E0,6.481050491E0,-4.672049999E0
2.014985976E2,1.606050134E0,7.578000546E0,-2.272950172E0
2.015010411E2,9.430500269E-1,8.635950089E0,5.130000114E-1
2.015034847E2,8.659500480E-1,9.457050323E0,1.480950117E0
2.015059281E2,1.459950089E0,8.622000694E0,1.879500151E-1
2.015083718E2,2.968050241E0,8.491950035E0,-1.819950104E0
2.015108152E2,2.698050022E0,7.834050179E0,-3.265950203E0
2.015132588E2,2.022000074E0,8.638050079E0,-2.337000132E0
2.015157025E2,2.290950060E0,8.955000877E0,-1.474950075E0
2.015181459E2,3.897000074E0,9.412050247E0,-2.506950140E0
2.015205896E2,4.753950119E0,9.598950386E0,-3.558000088E0
2.015230331E2,3.520950079E0,9.457050323E0,-2.886000156E0
2.015254767E2,2.293050051E0,9.711000443E0,-1.957050085E0
2.015279202E2,1.488000035E0,1.013505077E1,2.505000122E-2
2.015303638E2,1.780950069E0,1.061595058E1,2.089500129E-1
2.015328072E2,3.076050043E0,1.113600063E1,-1.588050127E0
2.015352509E2,3.234000206E0,1.117905045E1,-2.008949995E0
2.015376943E2,2.638050079E0,9.867000580E0,-5.200500488E-1
2.015401379E2,1.488000035E0,9.679950714E0,-2.134050131E0
2.015425814E2,1.789950132E0,1.117605019E1,-1.128000021E0
2.015450250E2,2.274000168E0,1.170105076E1,5.950500369E-1
2.015474685E2,2.152050018E0,1.135095024E1,-3.600000143E-1
2.015499121E2,1.788000107E0,1.110495090E1,-3.900000080E-2
2.015523556E2,2.049000025E0,1.079295063E1,3.195000067E-2
2.015547992E2,2.532000065E0,1.134600067E1,2.329500169E-1
2.015572426E2,3.768000126E0,1.075500011E1,-2.779500186E-1
2.015596863E2,3.262950182E0,1.026900005E1,-4.264950275E0
2.015621299E2,3.190950155E0,9.714000702E0,-3.946050167E0
2.015645734E2,2.247000217E0,9.330000877E0,-2.686950207E0
2.015670170E2,1.546050072E0,8.779950142E0,-3.760500252E-1
2.015694605E2,1.255950093E0,8.626950264E0,6.829500198E-1
2.015719041E2,2.551050186E0,8.679000854E0,1.348950028E0
2.015743475E2,4.635000229E0,8.245950699E0,-2.350500077E-1
2.015767912E2,4.393050194E0,7.563000202E0,-1.914000034E0
2.015792346E2,3.034950256E0,7.149000168E0,-2.143050194E0
2.015816782E2,2.310000181E0,6.927000523E0,-1.315050006E0
2.015841217E2,2.104050159E0,7.413000584E0,-4.870500267E-1
2.015865653E2,2.206950188E0,8.755949974E0,1.469999999E-1
2.015890088E2,2.962950230E0,8.287050247E0,-6.420000196E-1
2.015914524E2,4.213050365E0,7.768950462E0,-2.593050241E0
2.015938959E2,3.028050184E0,8.039999962E0,-3.469950199E0
2.015963395E2,1.435950041E0,7.959000587E0,-1.654950023E0
2.015987829E2,1.800000072E0,7.966050148E0,-3.450000286E-1
2.016012265E2,3.520950079E0,8.353950500E0,-1.540050030E0
2.016036702E2,4.693950176E0,7.936950207E0,-3.529950142E0
2.016061137E2,5.523000240E0,7.168050289E0,-5.602950096E0
2.016085573E2,4.635000229E0,7.449000359E0,-6.283050060E0
2.016110008E2,2.395950079E0,7.753050327E0,-3.475050211E0
2.016134444E2,1.753950119E0,7.132050514E0,-8.599500656E-1
2.016158878E2,2.293050051E0,8.299050331E0,-1.110000089E-1
2.016183315E2,1.804050088E0,8.004000664E0,-6.795000285E-2
2.016207749E2,1.977000117E0,6.373050213E0,-1.032000065E0
2.016232185E2,3.828000069E0,6.715950489E0,-2.917050123E0
2.016256620E2,4.125000000E0,7.671000481E0,-2.845050097E0
2.016281056E2,3.162000179E0,9.619950294E0,-1.471050024E0
2.016305491E2,3.247950077E0,1.045605087E1,1.639500111E-1
2.016329927E2,3.535950184E0,1.149195099E1,8.100000620E-1
2.016354361E2,3.751050234E0,1.123200035E1,-7.950000167E-1
2.016378798E2,3.460950136E0,1.042005062E1,-3.529950142E0
2.016403232E2,2.959050179E0,1.110900021E1,-5.943000317E0
2.016427669E2,3.028050184E0,1.108095074E1,-5.787000179E0
2.016452103E2,2.748000145E0,1.084605026E1,-4.522950172E0
2.016476540E2,2.773950100E0,1.099695015E1,-3.004950047E0
2.016500976E2,2.154000044E0,1.228305054E1,-5.295000225E-2
2.016525411E2,2.158950090E0,1.192605019E1,9.405000508E-2
2.016549847E2,2.422049999E0,1.210095024E1,-1.110000089E-1
2.016574281E2,2.950950146E0,1.322595024E1,-5.490000248E-1
2.016598717E2,2.884050131E0,1.440195084E1,-7.200000435E-2
2.016623152E2,2.700000048E0,1.389405060E1,9.990000725E-1
2.016647588E2,3.174000263E0,1.267500019E1,1.900050044E0
2.016672023E2,3.406050205E0,1.344405079E1,-9.079500437E-1
2.016696459E2,4.606050014E0,1.193505096E1,-1.830000043E0
2.016720894E2,2.982000113E0,1.183695030E1,-5.815950394E0
2.016745330E2,2.677950144E0,1.188495064E1,-5.601000309E0
2.016769767E2,2.358000040E0,1.063800049E1,-4.522950172E0
2.016794200E2,2.434050083E0,1.004895020E1,-9.769500494E-1
2.016818637E2,2.358000040E0,9.976950645E0,1.624050021E0
2.016843071E2,2.901000023E0,9.538950920E0,1.167000055E0
2.016867508E2,2.664000034E0,1.035300064E1,1.300950050E0
2.016891942E2,2.235000134E0,1.084605026E1,1.239000082E0
2.016916379E2,3.967050076E0,1.160700035E1,3.121050119E0
2.016940813E2,5.212050438E0,1.106205082E1,-2.869050026E0
2.016965250E2,5.221050262E0,1.128405094E1,-6.484050274E0
2.016989684E2,3.622050285E0,1.288800049E1,-6.190050125E0
2.017014120E2,2.329050064E0,1.391805077E1,-2.254050016E0
2.017038557E2,1.957950115E0,1.374795055E1,-3.760500252E-1
2.017062991E2,2.899050236E0,1.316805077E1,-4.789500237E-1
2.017087428E2,4.314000130E0,1.207395077E1,-3.520050049E0
2.017111862E2,2.841000080E0,1.077705097E1,-7.590000629E-1
2.017136299E2,3.199950218E0,1.153605080E1,-7.000500560E-1
2.017160732E2,3.744000196E0,1.268700027E1,-2.380050182E0
2.017185169E2,3.367950201E0,1.241400051E1,-2.143050194E0
2.017209604E2,2.889000177E0,1.262505054E1,-2.050050020E0
2.017234040E2,3.093000174E0,1.219605064E1,-2.826000214E0
2.017258475E2,3.142950058E0,1.206705093E1,-3.046050072E0
2.017282911E2,3.234000206E0,1.177695084E1,-9.679500461E-1
2.017307345E2,3.586050272E0,1.145700073E1,2.160000056E-1
2.017331782E2,3.054000139E0,1.061895084E1,-4.099500179E-1
2.017356216E2,2.914950132E0,9.292050362E0,-1.195050001E0
2.017380652E2,3.745950222E0,8.755949974E0,-2.347050190E0
2.017405087E2,3.969000101E0,8.587950706E0,-3.826950073E0
2.017429523E2,3.801000118E0,9.057000160E0,-4.741050243E0
2.017453958E2,4.125000000E0,8.641050339E0,-5.538000107E0
2.017478395E2,4.165050030E0,8.866050720E0,-5.155050278E0
2.017502829E2,3.784950256E0,9.250950813E0,-4.447050095E0
2.017527265E2,2.592000008E0,8.842050552E0,-2.553000212E0
2.017551699E2,3.054000139E0,8.878050804E0,-5.149500370E-1
2.017576136E2,3.391950130E0,9.105000496E0,3.600000143E-1
2.017600572E2,3.246000051E0,9.354000092E0,6.589500308E-1
2.017625007E2,3.057000160E0,8.962050438E0,-5.800500512E-1
2.017649443E2,2.415000200E0,9.004950523E0,-1.678950071E0
2.017673878E2,1.405050039E0,8.902050018E0,-1.171050072E0
2.017698314E2,1.120050073E0,8.808000565E0,-1.920000017E-1
2.017722749E2,1.807050109E0,9.088950157E0,-1.243050098E0
2.017747185E2,3.004050255E0,9.637050629E0,-3.285000086E0
2.017771620E2,4.159950256E0,9.466950417E0,-4.344000340E0
2.017796056E2,4.315950394E0,9.340050697E0,-4.666950226E0
2.017820493E2,2.488950014E0,9.843000412E0,-3.760050297E0
2.017844927E2,1.384950042E0,9.952950478E0,-1.690950036E0
2.017869363E2,1.527000070E0,9.661050797E0,-1.249500066E-1
2.017893798E2,2.644950151E0,9.418950081E0,3.195000067E-2
2.017918234E2,3.853950262E0,8.002050400E0,-2.110050201E0
2.017942669E2,4.969950199E0,8.197950363E0,-3.532050133E0
2.017967105E2,4.174950123E0,8.509050369E0,-3.604050159E0
2.017991540E2,2.331000090E0,9.378000259E0,-2.325000048E0
2.018015976E2,1.885950089E0,8.694000244E0,-1.249950051E0
2.018040410E2,2.331000090E0,8.536050797E0,-1.636050105E0
2.018064846E2,3.484950066E0,8.440050125E0,-3.654000282E0
2.018089281E2,4.287000179E0,7.501050472E0,-5.473950386E0
2.018113717E2,4.120050430E0,7.951050282E0,-5.509950161E0
2.018138152E2,3.112050056E0,8.473050117E0,-3.901050091E0
2.018162588E2,2.797950029E0,8.800950050E0,-1.384050012E0
2.018187023E2,2.580000162E0,9.268050194E0,1.005000062E-2
2.018211459E2,1.447950125E0,9.237000465E0,4.200000167E-1
2.018235896E2,5.449500084E-1,9.079050064E0,7.170000076E-1
2.018260331E2,1.030950069E0,8.305950165E0,4.150500298E-1
2.018284767E2,2.805000067E0,7.981950283E0,-1.600050092E0
2.018309201E2,4.351950169E0,7.912950516E0,-4.114050388E0
2.018333637E2,5.428950310E0,8.386950493E0,-5.830950260E0
2.018358072E2,4.093050003E0,8.272050858E0,-5.220000267E0
2.018382508E2,1.773000121E0,8.944950104E0,-2.458950043E0
2.018406943E2,1.468950033E0,8.947050095E0,-5.130000114E-1
2.018431379E2,2.700000048E0,9.024000168E0,-4.099500179E-1
2.018455814E2,4.060050011E0,8.638050079E0,-1.510950089E0
2.018480250E2,4.374000072E0,8.421000481E0,-3.217950106E0
2.018504685E2,3.448950052E0,7.887000561E0,-3.831000090E0
2.018529121E2,2.902950048E0,8.301000595E0,-1.906050086E0
2.018553555E2,2.116050005E0,8.701050758E0,-5.509500504E-1
2.018577991E2,1.809000134E0,9.148050308E0,7.995000482E-2
2.018602426E2,2.322000027E0,9.117000580E0,-1.106999993E0
2.018626862E2,3.703050137E0,8.538000107E0,-3.328950167E0
2.018651299E2,4.804950237E0,8.385000229E0,-5.704050064E0
2.018675734E2,3.412950277E0,8.121000290E0,-5.802000046E0
2.018700170E2,2.925000191E0,7.720950603E0,-4.222050190E0
2.018724605E2,2.563050032E0,8.089950562E0,-1.309950113E0
2.018749041E2,3.772950172E0,8.457000732E0,-9.900000691E-2
2.018773475E2,4.668000221E0,7.936950207E0,-1.048950076E0
2.018797912E2,4.005000114E0,8.257950783E0,-2.007000208E0
2.018822346E2,2.140050173E0,7.816950321E0,-3.028950214E0
2.018846782E2,1.768950105E0,8.442000389E0,-8.770500422E-1
2.018871217E2,2.994000196E0,7.804950237E0,-3.210000098E-1
2.018895653E2,3.004050255E0,7.855950356E0,-7.810500264E-1
2.018920088E2,3.583050251E0,8.449049950E0,-1.207050085E0
2.018944524E2,4.261050224E0,7.810050488E0,-3.238050222E0
2.018968959E2,3.937950134E0,8.428050041E0,-4.384050369E0
2.018993395E2,2.994000196E0,8.242950439E0,-4.954050064E0
2.019017830E2,1.675050020E0,8.533050537E0,-3.658950090E0
2.019042266E2,2.154000044E0,8.458950043E0,-1.582950115E0
2.019066700E2,3.199950218E0,7.012950420E0,-8.479500413E-1
2.019091137E2,4.129050255E0,6.232050419E0,-1.426950097E0
2.019115574E2,4.884000301E0,6.514950275E0,-2.308950186E0
2.019140008E2,3.567000151E0,6.649050236E0,-2.875950098E0
2.019164444E2,3.022950172E0,7.635000229E0,-2.305950165E0
2.019188879E2,3.126000166E0,7.666050434E0,-2.542950153E0
2.019213315E2,2.868000031E0,8.971050262E0,-2.500050068E0
2.019237750E2,2.917950153E0,8.092950821E0,-3.111000061E0
2.019262186E2,1.612950087E0,7.852950573E0,-2.008949995E0
2.019286621E2,2.335950136E0,7.437000275E0,-8.500500321E-1
2.019311057E2,3.322050095E0,7.585050583E0,-4.050000310E-1
2.019335491E2,4.291950226E0,8.260050774E0,-1.914000034E0
2.019359928E2,4.857000351E0,8.049000740E0,-4.545000076E0
2.019384362E2,3.535950184E0,8.812950134E0,-5.139000416E0
2.019408798E2,1.342050076E0,8.512050629E0,-3.766950130E0
2.019433233E2,-2.400000021E-2,8.358000755E0,-4.219500124E-1
2.019457670E2,6.379500031E-1,7.836000443E0,1.120950103E0
2.019482106E2,2.736000061E0,7.228050232E0,-3.960000277E-1
2.019506541E2,5.956050396E0,6.390000343E0,-4.027950287E0
2.019530977E2,6.402000427E0,5.614950180E0,-7.701000214E0
2.019555411E2,5.137050152E0,6.273000240E0,-7.696050167E0
2.019579847E2,3.507000208E0,7.084950447E0,-5.170050144E0
2.019604282E2,1.069050074E0,7.501050472E0,-9.250500202E-1
2.019628718E2,2.389500141E-1,8.281949997E0,2.497950077E0
2.019653153E2,1.771050096E0,7.189950466E0,1.894950032E0
2.019677589E2,5.335950375E0,6.345000267E0,-2.059950113E0
2.019702026E2,7.371000290E0,6.168000221E0,-5.962050438E0
2.019726460E2,4.085999966E0,6.778050423E0,-6.907950401E0
2.019750896E2,1.656000137E0,8.329950333E0,-4.189949989E0
2.019775330E2,9.760500193E-1,8.617050171E0,-1.489500105E-1
2.019799767E2,2.118000031E0,9.855000496E0,8.340000510E-1
2.019824201E2,3.592950106E0,9.019050598E0,-1.602000117E0
2.019848638E2,3.859050274E0,8.413050652E0,-4.582950115E0
2.019873073E2,4.072050095E0,8.571000099E0,-5.737050056E0
2.019897509E2,3.001950026E0,8.578950882E0,-3.790950298E0
2.019921943E2,2.415000200E0,9.376049995E0,-1.525950074E0
2.019946379E2,3.327000141E0,9.814050674E0,-1.162050009E0
2.019970814E2,4.050000191E0,1.058700085E1,-1.684050083E0
2.019995250E2,3.703050137E0,1.011600018E1,-2.263050079E0
2.020019685E2,2.935050249E0,9.697050095E0,-1.542000055E0
2.020044121E2,3.277050257E0,9.843000412E0,-1.948950052E0
2.020068556E2,3.780000210E0,1.016595078E1,-2.827950239E0
2.020092992E2,4.510050297E0,1.050405025E1,-3.544050217E0
2.020117426E2,4.030950069E0,1.026405048E1,-4.200000286E0
2.020141863E2,3.325050116E0,1.008495045E1,-3.658950090E0
2.020166297E2,3.463950157E0,1.017600060E1,-3.771000147E0
2.020190734E2,2.572950125E0,1.077195072E1,-3.345000267E0
2.020215168E2,2.937000036E0,1.074105072E1,-1.894050121E0
2.020239605E2,4.282950401E0,1.041705036E1,-1.549950123E0
2.020264041E2,4.438050270E0,9.997950554E0,-2.212949991E0
2.020288476E2,4.026000023E0,9.715950012E0,-3.385950089E0
2.020312912E2,3.595050097E0,9.772950172E0,-4.474950314E0
2.020337346E2,2.953950167E0,9.457050323E0,-4.080000401E0
2.020361783E2,2.887050152E0,8.952000618E0,-2.550000191E0
2.020386217E2,4.612950325E0,8.626950264E0,-2.373000145E0
2.020410654E2,5.772000313E0,8.179050446E0,-4.234050274E0
2.020435088E2,4.072050095E0,8.638050079E0,-4.495050430E0
2.020459525E2,3.150000095E0,8.479949951E0,-3.445950270E0
2.020483961E2,3.885000229E0,8.749050140E0,-2.634000063E0
2.020508396E2,5.962950230E0,9.631950378E0,-4.618950367E0
2.020532832E2,5.971050262E0,9.139050484E0,-6.829050541E0
2.020557266E2,4.113000393E0,9.055050850E0,-7.183050156E0
2.020581702E2,1.990950108E0,7.771950245E0,-4.120950222E0
2.020606137E2,5.140500069E-1,7.393050194E0,-2.160000056E-1
2.020630573E2,1.807050109E0,7.117950439E0,6.880500317E-1
2.020655008E2,4.672950268E0,5.563950062E0,-1.072950006E0
2.020679444E2,4.318050385E0,5.482950211E0,-2.428050041E0
2.020703881E2,4.948050022E0,5.229000092E0,-3.439050198E0
2.020728315E2,5.785950184E0,5.169000149E0,-5.743950367E0
2.020752749E2,3.234000206E0,6.769050121E0,-6.124950409E0
2.020777185E2,1.522050023E0,7.981950283E0,-3.022050142E0
2.020801620E2,1.194000006E0,8.088000298E0,-3.280500174E-1
2.020826056E2,1.953000069E0,7.602000237E0,-4.600500166E-1
2.020850493E2,3.871050119E0,7.084950447E0,-1.092000008E0
2.020874928E2,5.068050385E0,6.994050503E0,-4.687950134E0
2.020899364E2,2.458050013E0,6.771000385E0,-6.817050457E0
2.020923799E2,6.649500132E-1,6.436050415E0,-3.822000265E0
2.020948235E2,3.009000063E0,6.244050503E0,-2.131050110E0
2.020972669E2,5.508000374E0,6.699000359E0,-3.070050240E0
2.020997105E2,6.106950283E0,8.049000740E0,-5.449950218E0
2.021021540E2,6.550050259E0,8.350950241E0,-7.429950237E0
2.021045976E2,6.313050270E0,8.950050354E0,-7.849050522E0
2.021070411E2,4.819050312E0,9.295050621E0,-8.491050720E0
2.021094847E2,2.740950108E0,9.421050072E0,-6.409950256E0
2.021119283E2,1.797000051E0,7.711950302E0,-4.348950386E0
2.021143718E2,1.450500041E-1,6.328050137E0,-5.200500488E-1
2.021168154E2,6.379500031E-1,5.053950310E0,3.181050062E0
2.021192589E2,2.944050074E0,4.599000454E0,3.316950083E0
2.021217025E2,5.524950027E0,4.831950188E0,1.018050075E0
2.021241460E2,5.973000050E0,6.274950504E0,-2.256000042E0
2.021265896E2,5.290950298E0,8.755949974E0,-3.999000072E0
2.021290330E2,3.670050144E0,1.049895096E1,-6.489000320E0
2.021314766E2,1.965000153E0,1.181295013E1,-7.392000198E0
2.021339201E2,2.650050163E0,1.146105099E1,-6.952950478E0
2.021363637E2,4.443000317E0,9.898050308E0,-7.564050198E0
2.021388072E2,5.752950191E0,8.104949951E0,-6.202050209E0
2.021412508E2,7.939050198E0,6.076950073E0,-7.056000233E0
2.021436943E2,6.921000481E0,4.858050346E0,-7.834950447E0
2.021461379E2,4.930950165E0,4.918050289E0,-5.461950302E0
2.021485816E2,7.491000175E0,5.341950417E0,-3.585000277E0
2.021510250E2,9.421050072E0,6.951000214E0,-4.758000374E0
2.021534686E2,6.841950417E0,7.774050236E0,-6.216000080E0
2.021559121E2,4.953000069E0,1.032900047E1,-5.032950401E0
2.021583557E2,5.938950062E0,1.086495018E1,-6.733050346E0
2.021607992E2,6.685950279E0,1.165500069E1,-8.697000504E0
2.021632428E2,6.949950218E0,1.037205029E1,-8.665050507E0
2.021656863E2,2.965950251E0,9.670050621E0,-8.878050804E0
2.021681299E2,4.060500264E-1,8.008950233E0,-6.208950520E0
2.021705734E2,1.278000116E0,6.517050266E0,8.700000495E-2
2.021730170E2,3.603000164E0,5.830050468E0,5.778000355E0
2.021754604E2,6.496950150E0,5.377050400E0,2.365950108E0
2.021779041E2,6.325050354E0,5.950050354E0,9.990000725E-1
2.021803477E2,5.559000492E0,8.167050362E0,-1.087050080E0
2.021827912E2,4.402050018E0,8.950050354E0,-4.288949966E0
2.021852348E2,2.896050215E0,1.028595066E1,-5.485950470E0
2.021876783E2,1.989000082E0,1.111395073E1,-5.020950317E0
2.021901219E2,2.527950048E0,1.015200043E1,-4.990050316E0
2.021925654E2,4.273050308E0,9.453000069E0,-6.823950291E0
2.021950090E2,3.985950232E0,7.558950424E0,-5.431050301E0
2.021974525E2,1.974000096E0,5.964000225E0,-2.790000200E0
2.021998961E2,3.021000147E0,7.177950382E0,4.395000264E-2
2.022023395E2,5.494050026E0,8.734050751E0,-8.205000311E-2
2.022047832E2,6.769950390E0,7.756950378E0,-3.250050068E0
2.022072266E2,5.596950054E0,7.780950546E0,-3.678000212E0
2.022096702E2,4.728000164E0,8.988000870E0,-5.473950386E0
2.022121137E2,5.869950294E0,9.816000938E0,-7.690950394E0
2.022145573E2,3.852000237E0,1.102605057E1,-6.604050159E0
2.022170008E2,1.206000090E0,9.318000793E0,-4.665000439E0
2.022194444E2,1.789500117E-1,7.176000118E0,9.280500412E-1
2.022218878E2,7.579500079E-1,7.834050179E0,3.190050125E0
2.022243315E2,2.899050236E0,7.504050255E0,1.003950000E0
2.022267751E2,6.330000401E0,5.272050381E0,-3.546000242E0
2.022292186E2,5.242950439E0,5.695950508E0,-7.068000317E0
2.022316622E2,2.961000204E0,7.918050289E0,-4.702950001E0
2.022341057E2,3.598050117E0,8.446949959E0,-2.349000216E0
2.022365493E2,4.351950169E0,8.512050629E0,-3.229950190E0
2.022389928E2,4.327950001E0,8.935050011E0,-4.210050106E0
2.022414364E2,5.259000301E0,9.073950768E0,-5.668050289E0
2.022438798E2,5.905950069E0,6.546000481E0,-8.646000862E0
2.022463234E2,3.820050240E0,4.951050282E0,-6.343050480E0
2.022487669E2,3.970950127E0,4.990050316E0,-1.722000122E0
2.022512105E2,7.669950485E0,5.598000050E0,-1.159050107E0
2.022536540E2,8.358000755E0,5.919000149E0,-4.261950016E0
2.022560977E2,5.662050247E0,7.647000313E0,-5.119050026E0
2.022585413E2,5.608950138E0,8.586000443E0,-6.031950474E0
2.022609848E2,5.094000340E0,1.031700039E1,-7.440000534E0
2.022634284E2,2.785950184E0,1.072395039E1,-7.612050533E0
2.022658718E2,3.630000055E-1,9.049950600E0,-5.670000076E0
2.022683154E2,-1.120050073E0,7.434000492E0,3.790500164E-1
2.022707589E2,-1.480500102E-1,7.300050259E0,4.645950317E0
2.022732025E2,4.954950333E0,6.666000366E0,1.555050015E0
2.022756460E2,8.097000122E0,5.346000195E0,-3.565950155E0
2.022780896E2,5.680950165E0,6.112950325E0,-4.813050270E0
2.022805331E2,2.359950066E0,9.409049988E0,-2.103000164E0
2.022829767E2,1.066950083E0,1.143000031E1,-1.594950080E0
2.022854201E2,1.642050028E0,1.164795017E1,-3.409950256E0
2.022878638E2,2.271000147E0,1.126695061E1,-4.629000187E0
2.022903072E2,3.805950165E0,1.046100044E1,-6.384000301E0
2.022927509E2,5.491950035E0,7.426950455E0,-9.226050377E0
2.022951945E2,2.676000118E0,4.923000336E0,-7.341000557E0
2.022976380E2,3.655050278E0,4.549050331E0,-2.955000162E0
2.023000816E2,7.414050579E0,6.271050453E0,-2.584050179E0
2.023025251E2,8.578050613E0,6.685050488E0,-5.419050217E0
2.023049687E2,6.399000168E0,8.701050758E0,-4.756050110E0
2.023074121E2,5.470050335E0,9.850050926E0,-4.537950039E0
2.023098558E2,4.237050056E0,1.165305042E1,-5.899950504E0
2.023122992E2,2.274000168E0,1.197600079E1,-6.910050392E0
2.023147428E2,1.279500127E-1,1.102305031E1,-5.104950428E0
2.023171863E2,-2.146950006E0,7.783950329E0,-4.339500070E-1
2.023196299E2,-2.539950132E0,7.123050213E0,3.858000278E0
2.023220734E2,3.985950232E0,4.875000000E0,1.030050039E0
2.023245170E2,9.591000557E0,3.984000206E0,-6.088950157E0
2.023269605E2,5.602050304E0,6.277950287E0,-6.132000446E0
2.023294041E2,7.750500441E-1,8.614950180E0,-1.810950041E0
2.023318478E2,3.919500113E-1,1.036200047E1,-3.400500119E-1
2.023342912E2,2.877000093E0,1.008495045E1,-3.585000277E0
2.023367349E2,4.492950439E0,1.008495045E1,-6.949050426E0
2.023391783E2,5.554050446E0,8.755949974E0,-1.066905022E1
2.023416219E2,3.295950174E0,5.557050228E0,-1.010895061E1
2.023440654E2,2.608950138E0,4.195050240E0,-4.071000099E0
2.023465090E2,6.981000423E0,3.598950148E0,-2.608050108E0
2.023489525E2,9.294000626E0,4.690050125E0,-4.741050243E0
2.023513961E2,6.061950207E0,6.400050163E0,-4.963950157E0
2.023538395E2,5.005950451E0,8.227050781E0,-2.080950022E0
2.023562832E2,6.562050343E0,8.962050438E0,-4.279050350E0
2.023587266E2,3.327000141E0,1.104195023E1,-6.633000374E0
2.023611702E2,-1.863000035E0,1.055400085E1,-4.954050064E0
2.023636137E2,-3.610050201E0,8.614950180E0,-1.246050000E0
2.023660573E2,-2.077950001E0,7.222950459E0,2.551050186E0
2.023685010E2,3.255000114E0,6.429000378E0,-5.419500470E-1
2.023709445E2,6.514050484E0,4.551000118E0,-4.906050205E0
2.023733881E2,4.915050030E0,5.428050041E0,-4.693050385E0
2.023758315E2,2.298000097E0,7.401000500E0,-1.120950103E0
2.023782751E2,1.135950089E0,9.685050011E0,2.140500098E-1
2.023807186E2,3.258000135E0,1.084605026E1,-3.496050119E0
2.023831622E2,4.177050114E0,9.742050171E0,-7.569000244E0
2.023856057E2,2.926950216E0,9.357000351E0,-1.009200001E1
2.023880493E2,3.184050083E0,5.698050499E0,-9.333000183E0
2.023904928E2,4.249050140E0,3.879000187E0,-7.021050453E0
2.023929364E2,6.904050350E0,4.092000008E0,-5.641050339E0
2.023953798E2,7.759050369E0,4.361999989E0,-4.936950207E0
2.023978234E2,6.394050121E0,5.562000275E0,-3.505950212E0
2.024002669E2,5.797950268E0,6.076950073E0,-1.356000066E0
2.024027105E2,5.346000195E0,7.671000481E0,-1.498950124E0
2.024051542E2,3.880050182E0,9.595950127E0,-3.646950245E0
2.024075977E2,5.140500069E-1,9.625050545E0,-4.734000206E0
2.024100413E2,-9.619500637E-1,8.284049988E0,-3.621000290E0
2.024124848E2,6.859500408E-1,5.686050415E0,-1.975950122E0
2.024149284E2,3.934950113E0,5.653050423E0,-1.518000126E0
2.024173718E2,6.387000084E0,4.687950134E0,-3.609000206E0
2.024198155E2,6.114000320E0,4.839000225E0,-3.349950075E0
2.024222589E2,4.374000072E0,5.698050499E0,-2.731950045E0
2.024247025E2,2.596950054E0,7.269000530E0,-1.578000069E0
2.024271460E2,2.257050037E0,8.509050369E0,-8.070000410E-1
2.024295896E2,3.808050156E0,8.217000008E0,-3.951000214E0
2.024320331E2,3.484950066E0,6.819000244E0,-7.564050198E0
2.024344767E2,2.914950132E0,5.791950226E0,-7.564050198E0
2.024369202E2,4.759050369E0,3.844950199E0,-5.569950104E0
2.024393638E2,5.404950142E0,4.468050003E0,-2.637000084E0
2.024418072E2,5.212050438E0,6.079050064E0,-1.990500093E-1
2.024442509E2,4.930950165E0,7.222950459E0,7.950000465E-3
2.024466945E2,4.234950066E0,7.693050385E0,-8.029500246E-1
2.024491380E2,3.279000044E0,7.875000477E0,-3.424050093E0
2.024515816E2,2.539950132E0,8.943000793E0,-4.614000320E0
2.024540251E2,2.209050179E0,1.014495087E1,-4.837050438E0
2.024564687E2,1.918950081E0,1.020405006E1,-3.855000257E0
2.024589121E2,1.768950105E0,9.064949989E0,-2.613000154E0
2.024613558E2,1.239000082E0,7.639950275E0,-1.521000028E0
2.024637992E2,1.681950092E0,8.233950615E0,-1.500000060E-2
2.024662428E2,3.946950197E0,8.844000816E0,-1.216950059E0
2.024686863E2,5.776950359E0,8.617050171E0,-3.265950203E0
2.024711299E2,6.640950203E0,7.597050190E0,-5.680050373E0
2.024735734E2,4.117050171E0,8.611950874E0,-5.698950291E0
2.024760170E2,1.977000117E0,9.330000877E0,-2.980950117E0
2.024784607E2,1.648950100E0,9.400050163E0,-1.329000115E0
2.024809041E2,3.487950087E0,9.112950325E0,-2.160000086E0
2.024833477E2,5.247000217E0,8.398950577E0,-2.803950071E0
2.024857912E2,5.566050053E0,7.975050449E0,-3.367050171E0
2.024882348E2,4.411950111E0,7.647000313E0,-3.376050234E0
2.024906783E2,2.887050152E0,8.389050484E0,-2.170050144E0
2.024931219E2,2.887050152E0,8.904000282E0,-5.370000005E-1
2.024955654E2,4.246950150E0,8.855999947E0,-1.048950076E0
2.024980090E2,3.646050215E0,8.855999947E0,-4.024950027E0
2.025004524E2,2.464950085E0,8.908950806E0,-4.735949993E0
2.025028961E2,2.707050085E0,8.703000069E0,-2.755950212E0
2.025053395E2,3.708000183E0,8.421000481E0,-1.630950093E0
2.025077831E2,3.958950281E0,8.607000351E0,-9.799500704E-1
2.025102266E2,4.408950329E0,8.538000107E0,-2.008949995E0
2.025126702E2,3.639000177E0,8.467950821E0,-2.554950237E0
2.025151137E2,2.106000185E0,8.718000412E0,-1.818000078E0
2.025175574E2,1.431000113E0,8.265000343E0,-3.169500232E-1
2.025200010E2,2.532000065E0,8.880000114E0,-9.105000645E-2
2.025224445E2,4.765950203E0,9.406949997E0,-2.743950129E0
2.025248881E2,4.816050053E0,9.177000046E0,-4.261950016E0
2.025273315E2,3.094950199E0,9.301950455E0,-4.573950291E0
2.025297751E2,2.062950134E0,9.205950737E0,-2.755950212E0
2.025322186E2,1.788000107E0,9.310950279E0,-7.360500097E-1
2.025346622E2,2.560950041E0,9.532050133E0,1.159500033E-1
2.025371057E2,4.021950245E0,9.271050453E0,-1.195050001E0
2.025395493E2,4.963050365E0,8.610000610E0,-3.205950260E0
2.025419930E2,4.335000038E0,8.380050659E0,-3.819000244E0
2.025444364E2,2.428950071E0,8.551950455E0,-2.518950224E0
2.025468801E2,1.408950090E0,9.034049988E0,2.830500007E-1
2.025493235E2,2.479950190E0,8.956950188E0,7.189500332E-1
2.025517671E2,4.534049988E0,9.103050232E0,-1.024950027E0
2.025542106E2,5.962950230E0,8.725049973E0,-2.943000078E0
2.025566542E2,4.141050339E0,8.512050629E0,-3.709050179E0
2.025590977E2,2.793000221E0,9.757050514E0,-3.184950113E0
2.025615413E2,2.580000162E0,9.796950340E0,-2.385000229E0
2.025639848E2,2.488950014E0,1.085295010E1,-2.626950026E0
2.025664284E2,2.652000189E0,1.097100067E1,-8.359500170E-1
2.025688718E2,2.190000057E0,9.748950005E0,-7.759500146E-1
2.025713154E2,2.158950090E0,8.538000107E0,-5.920500159E-1
2.025737589E2,2.221050024E0,7.462950230E0,-3.019500077E-1
2.025762025E2,3.066000223E0,7.398000240E0,-1.906050086E0
2.025786460E2,3.250950098E0,7.413000584E0,-3.807000160E0
2.025810897E2,2.640000105E0,6.244050503E0,-4.722000122E0
2.025835331E2,2.773950100E0,5.815950394E0,-4.923000336E0
2.025859768E2,2.719050169E0,5.470950127E0,-2.950050116E0
2.025884204E2,3.106950045E0,5.719950199E0,-9.799500704E-1
2.025908638E2,4.210950375E0,7.189950466E0,3.670500219E-1
2.025933075E2,4.192049980E0,7.537050247E0,-7.005000114E-2
2.025957509E2,3.676950216E0,7.827000141E0,1.009500027E-1
2.025981945E2,3.721950293E0,8.305950165E0,1.180500090E-1
2.026006380E2,3.615000248E0,8.599950790E0,-1.048950076E0
2.026030817E2,3.880050182E0,8.554950714E0,-5.304000378E0
2.026055251E2,3.586050272E0,7.590000153E0,-7.303050518E0
2.026079688E2,3.361050129E0,7.129950523E0,-6.502950191E0
2.026104122E2,3.418050051E0,7.285950184E0,-4.753050327E0
2.026128558E2,3.052050114E0,7.555950165E0,-1.573950052E0
2.026152992E2,1.705950022E0,8.020950317E0,9.469500184E-1
2.026177429E2,2.049000025E0,8.416049957E0,8.200500607E-1
2.026201865E2,3.667050123E0,9.216000557E0,-9.769500494E-1
2.026226300E2,3.634050131E0,1.028805065E1,-3.466950178E0
2.026250736E2,2.092050076E0,1.046100044E1,-2.548050165E0
2.026275171E2,9.900000691E-1,9.996000290E0,4.510500133E-1
2.026299607E2,8.010000587E-1,9.736950874E0,-9.105000645E-2
2.026324041E2,1.462050080E0,1.067595005E1,-5.220000148E-1
2.026348477E2,2.391000032E0,1.173900032E1,3.529500067E-1
2.026372912E2,3.255000114E0,1.317600060E1,2.991000175E0
2.026397348E2,6.387000084E0,1.081695080E1,-3.694950104E0
2.026421783E2,5.692950249E0,1.075005054E1,-7.960950375E0
2.026446219E2,5.491950035E0,1.098705006E1,-1.135395050E1
2.026470656E2,1.488000035E0,1.191405010E1,-7.861050606E0
2.026495090E2,1.018950105E0,1.123605061E1,-2.232000113E0
2.026519527E2,1.147950053E0,9.601050377E0,3.900000080E-2
2.026543961E2,3.102000237E0,8.346000671E0,6.400500536E-1
2.026568398E2,4.195950031E0,7.948950291E0,-2.610000074E-1
2.026592832E2,4.588950157E0,7.951050282E0,-2.419500053E-1
2.026617268E2,4.692000389E0,8.569050789E0,-9.319500327E-1
2.026641703E2,4.402050018E0,9.418950081E0,-8.719500303E-1
2.026666139E2,3.829950094E0,9.802050591E0,-9.460500479E-1
2.026690574E2,2.868000031E0,9.651000023E0,-5.779500008E-1
2.026715010E2,2.578050137E0,8.653050423E0,-2.098050117E0
2.026739447E2,2.791050196E0,8.028000832E0,-6.361950397E0
2.026763881E2,3.562050104E0,8.059050560E0,-6.403050423E0
2.026788318E2,3.331950188E0,7.554000378E0,-5.565000057E0
2.026812751E2,2.937000036E0,8.028000832E0,-1.947000146E0
2.026837188E2,2.547000170E0,7.851000309E0,1.131000042E0
2.026861623E2,1.560000062E0,8.245950699E0,2.497950077E0
2.026886059E2,2.050950050E0,8.299050331E0,1.323000073E0
2.026910494E2,4.387950420E0,8.629050255E0,-3.202050209E0
2.026934930E2,5.496000290E0,9.048000336E0,-7.044000149E0
2.026959365E2,3.255000114E0,8.904000282E0,-7.273950577E0
2.026983801E2,1.242000103E0,9.357000351E0,-3.034050226E0
2.027008235E2,1.195950031E0,8.887950897E0,8.130000234E-1
2.027032672E2,1.737000108E0,9.532050133E0,1.381950021E0
2.027057106E2,3.876000166E0,9.828000069E0,2.550000250E-1
2.027081542E2,4.965000153E0,9.412050247E0,-3.754950285E0
2.027105977E2,4.483950138E0,8.634000778E0,-5.686950207E0
2.027130413E2,3.157050133E0,9.745050430E0,-6.277950287E0
2.027154848E2,1.411950111E0,9.970050812E0,-2.974050045E0
2.027179284E2,7.939500213E-1,1.038195038E1,2.205000073E-2
2.027203718E2,1.989000082E0,1.032405090E1,2.070000172E-1
2.027228155E2,4.275000095E0,9.433050156E0,-2.179050207E0
2.027252591E2,6.270000458E0,8.623950005E0,-5.778000355E0
2.027277026E2,5.038950443E0,8.667000771E0,-6.199050426E0
2.027301462E2,2.379000187E0,9.313950539E0,-4.405950069E0
2.027325896E2,2.197050095E0,1.036200047E1,-6.250500083E-1
2.027350333E2,3.993000269E0,1.075305080E1,4.320000112E-1
2.027374767E2,4.903050423E0,1.071195030E1,-8.269500136E-1
2.027399203E2,3.684000254E0,1.041300011E1,-3.283050060E0
2.027423638E2,2.431950092E0,9.742050171E0,-3.372000217E0
2.027448075E2,2.446050167E0,9.261000633E0,-2.445000172E0
2.027472511E2,3.109050035E0,9.037950516E0,-2.127000093E0
2.027496946E2,3.073050261E0,9.438000679E0,-2.040000200E0
2.027521382E2,3.190950155E0,9.268050194E0,-2.095050097E0
2.027545817E2,3.841950178E0,9.180000305E0,-2.301000118E0
2.027570253E2,3.670050144E0,9.334950447E0,-3.160950184E0
2.027594687E2,2.725950241E0,9.454950333E0,-3.003000259E0
2.027619124E2,1.816050053E0,9.816000938E0,-1.795950055E0
2.027643558E2,1.885950089E0,9.180000305E0,-9.250500202E-1
2.027667994E2,2.977950096E0,7.870050430E0,-1.461000085E0
2.027692429E2,4.171950340E0,7.207050323E0,-1.617000103E0
2.027716865E2,4.558050156E0,7.630050182E0,-2.340000153E0
2.027741300E2,3.367950201E0,7.903050423E0,-2.071950197E0
2.027765736E2,3.435000181E0,8.350950241E0,-1.861050129E0
2.027790171E2,4.231950283E0,7.963050365E0,-3.276000261E0
2.027814607E2,3.973950148E0,8.203050613E0,-4.854000092E0
2.027839044E2,2.974950075E0,7.582950592E0,-4.573950291E0
2.027863478E2,2.506050110E0,6.924000263E0,-1.945050120E0
2.027887914E2,3.856050253E0,6.888000488E0,-7.309500575E-1
2.027912349E2,4.555950165E0,7.089000225E0,-1.084950089E0
2.027936785E2,5.046000004E0,7.504050255E0,-2.170050144E0
2.027961220E2,4.582050323E0,7.783950329E0,-3.634950161E0
2.027985656E2,2.257050037E0,8.308050156E0,-2.778000116E0
2.028010091E2,9.829500318E-1,8.184000015E0,-1.800000072E-1
2.028034527E2,6.769500375E-1,7.855950356E0,1.384950042E0
2.028058962E2,1.540950060E0,7.654050350E0,3.979500234E-1
2.028083398E2,4.165050030E0,7.747950554E0,-1.723950028E0
2.028107832E2,6.001950264E0,7.377000332E0,-4.693050385E0
2.028132269E2,5.511000156E0,7.549050331E0,-6.004950523E0
2.028156706E2,3.507000208E0,8.551950455E0,-5.107050419E0
2.028181140E2,1.567050099E0,9.061950684E0,-2.152950048E0
2.028205576E2,8.370000124E-1,9.309000015E0,1.207950115E0
2.028230011E2,1.845000029E0,9.177000046E0,1.963950038E0
2.028254447E2,4.078950405E0,7.939050198E0,-2.710500062E-1
2.028278882E2,5.580000401E0,7.543950558E0,-3.385950089E0
2.028303318E2,6.117000103E0,7.755000591E0,-5.530950069E0
2.028327753E2,4.390050411E0,8.761050224E0,-4.863000393E0
2.028352189E2,2.311950207E0,9.782999992E0,-2.620050192E0
2.028376624E2,1.965000153E0,9.735000610E0,-1.695000008E-2
2.028401060E2,3.142950058E0,9.565050125E0,6.760500073E-1
2.028425494E2,4.246950150E0,8.677050591E0,-1.597050071E0
2.028449931E2,4.990950108E0,7.735950470E0,-4.147050381E0
2.028474368E2,5.307000160E0,7.963050365E0,-5.505000114E0
2.028498801E2,4.984050274E0,8.679000854E0,-4.384050369E0
2.028523238E2,4.291950226E0,9.484050751E0,-2.364000082E0
2.028547673E2,3.910950184E0,9.808950424E0,-1.308000088E0
2.028572109E2,2.767050028E0,9.690000534E0,-6.829500198E-1
2.028596544E2,1.951050043E0,9.534000397E0,-4.800000042E-2
2.028620980E2,2.089050055E0,8.513999939E0,-3.195000067E-2
2.028645415E2,3.343950272E0,7.711950302E0,-6.210000515E-1
2.028669851E2,4.765950203E0,7.422000408E0,-2.124000072E0
2.028694286E2,4.777950287E0,7.285950184E0,-3.091950178E0
2.028718722E2,4.438050270E0,7.690050602E0,-3.127050161E0
2.028743156E2,3.993000269E0,8.148000717E0,-3.016950130E0
2.028767593E2,2.728950024E0,8.635950089E0,-2.167050123E0
2.028792027E2,1.563000083E0,8.607000351E0,-7.380000353E-1
2.028816463E2,1.873950124E0,7.804950237E0,-1.469999999E-1
2.028840900E2,3.847050190E0,7.255050182E0,-1.305000067E0
2.028865335E2,5.707050323E0,6.289950371E0,-3.807000160E0
2.028889771E2,5.998950481E0,6.510000229E0,-4.960950375E0
2.028914206E2,4.645950317E0,6.594000340E0,-4.353000164E0
2.028938642E2,2.239950180E0,7.282950401E0,-1.261950016E0
2.028963077E2,1.206000090E0,6.721050262E0,1.224000096E0
2.028987513E2,2.788950205E0,7.816950321E0,7.810500264E-1
2.029011947E2,4.636950016E0,7.137000561E0,-2.497950077E0
2.029036384E2,5.731050491E0,6.675000191E0,-5.665050507E0
2.029060818E2,5.020050049E0,6.769050121E0,-6.927000523E0
2.029085254E2,3.315000057E0,7.891050339E0,-4.851000309E0
2.029109689E2,3.274950266E0,8.538000107E0,-1.504050016E0
2.029134126E2,3.781950235E0,9.040950775E0,-9.105000645E-2
2.029158560E2,3.871050119E0,9.237000465E0,-6.109500527E-1
2.029182997E2,3.495000124E0,8.365950584E0,-2.986050129E0
2.029207431E2,2.692950010E0,8.017950058E0,-3.400050163E0
2.029231868E2,2.836050034E0,7.662000179E0,-2.356050014E0
2.029256304E2,2.839050055E0,7.618950367E0,-1.392000079E0
2.029280739E2,2.728950024E0,8.044950485E0,-5.779500008E-1
2.029305175E2,3.421050072E0,8.302950859E0,-1.095000029E0
2.029329610E2,4.780950069E0,8.164050102E0,-3.052950144E0
2.029354046E2,4.678050041E0,8.657999992E0,-4.365000248E0
2.029378480E2,2.662050009E0,9.426000595E0,-4.236000061E0
2.029402917E2,1.261050105E0,9.799950600E0,-2.674950123E0
2.029427351E2,1.737000108E0,9.238950729E0,-1.180950046E0
2.029451787E2,3.223950148E0,8.290950775E0,-1.429950118E0
2.029476222E2,4.809000015E0,7.947000504E0,-2.227050066E0
2.029500658E2,5.628000259E0,7.935000420E0,-3.441000223E0
2.029525093E2,4.282950401E0,8.332050323E0,-3.457950115E0
2.029549529E2,2.506050110E0,8.671950340E0,-2.449950218E0
2.029573966E2,1.633950114E0,8.731950760E0,-9.370500445E-1
2.029598401E2,3.163950205E0,9.049950600E0,-2.074050188E0
2.029622837E2,4.539000034E0,8.562000275E0,-4.638000011E0
2.029647271E2,4.204050064E0,8.410950661E0,-5.305950165E0
2.029671708E2,4.381050110E0,8.478000641E0,-4.143000126E0
2.029696142E2,5.134950161E0,9.052950859E0,-3.232950211E0
2.029720578E2,5.001000404E0,9.946050644E0,-3.253950119E0
2.029745013E2,4.411950111E0,1.032600021E1,-3.658950090E0
2.029769449E2,2.937000036E0,9.997950554E0,-3.964950085E0
2.029793884E2,1.443000078E0,9.547950745E0,-2.577000141E0
2.029818320E2,1.789950132E0,8.152050018E0,-9.870000482E-1
2.029842755E2,2.341050148E0,7.128000259E0,-6.109500527E-1
2.029867191E2,2.632950068E0,6.915000439E0,-4.360500276E-1
2.029891625E2,3.868050098E0,6.691950321E0,-1.096950054E0
2.029916062E2,5.463000298E0,7.489050388E0,-3.252000093E0
2.029940498E2,5.614050388E0,8.100000381E0,-5.232000351E0
2.029964933E2,3.598050117E0,9.325950623E0,-5.377950191E0
2.029989369E2,1.608000040E0,9.805050850E0,-3.301950216E0
2.030013804E2,1.498050094E0,9.268050194E0,-1.092000008E0
2.030038240E2,3.016050100E0,7.846050262E0,-1.636050105E0
2.030062675E2,4.989000320E0,6.034050465E0,-2.728050232E0
2.030087111E2,6.567000389E0,5.100000381E0,-4.473000050E0
2.030111545E2,6.112050056E0,5.014050007E0,-5.110050201E0
2.030135981E2,4.243950367E0,5.731950283E0,-4.234050274E0
2.030160416E2,1.797000051E0,6.723000526E0,-6.780000329E-1
2.030184852E2,1.210950017E0,8.179050446E0,1.428000093E0
2.030209287E2,2.725950241E0,8.634000778E0,1.110000089E-1
2.030233723E2,4.060050011E0,8.160000801E0,-3.220950127E0
2.030258157E2,5.094000340E0,8.491950035E0,-6.352950096E0
2.030282594E2,5.017950058E0,9.000000000E0,-7.285950184E0
2.030307030E2,3.388950109E0,9.571950912E0,-5.794950485E0
2.030331465E2,3.937950134E0,9.424050331E0,-2.974050045E0
2.030355901E2,3.298950195E0,8.533050537E0,-1.345950007E0
2.030380336E2,1.891050100E0,8.284049988E0,1.690500081E-1
2.030404772E2,2.074949980E0,6.661050320E0,1.605000019E0
2.030429207E2,2.653950214E0,6.024000168E0,1.162050009E0
2.030453643E2,3.673950195E0,6.304050446E0,-2.089500129E-1
2.030478077E2,4.720950127E0,7.132050514E0,-2.445000172E0
2.030502514E2,4.954950333E0,8.353950500E0,-3.901050091E0
2.030526948E2,4.536000252E0,9.067049980E0,-5.143050194E0
2.030551384E2,3.397050142E0,1.050795078E1,-4.590000153E0
2.030575819E2,1.599000096E0,1.116900063E1,-3.180000067E0
2.030600255E2,1.797000051E0,1.025505066E1,-1.549950123E0
2.030624690E2,4.002000332E0,8.325000763E0,-2.730000019E0
2.030649126E2,5.515950203E0,6.748950481E0,-4.546950340E0
2.030673563E2,6.928050518E0,6.397050381E0,-5.083950043E0
2.030697997E2,6.694050312E0,6.402000427E0,-5.127000332E0
2.030722433E2,3.358050108E0,6.847950459E0,-2.620050192E0
2.030746868E2,1.930950046E0,8.557050705E0,1.509000063E0
2.030771304E2,2.887050152E0,8.890050888E0,9.490500689E-1
2.030795739E2,4.543950081E0,9.175050735E0,-2.869050026E0
2.030820175E2,4.672950268E0,9.381000519E0,-6.598950386E0
2.030844610E2,3.985950232E0,9.217950821E0,-7.783950329E0
2.030869046E2,4.474050045E0,9.601050377E0,-7.246050358E0
2.030893480E2,4.503000259E0,9.639000893E0,-4.843950272E0
2.030917916E2,4.213050365E0,9.048000336E0,-2.878050089E0
2.030942351E2,2.209050179E0,9.148050308E0,-5.130000114E-1
2.030966787E2,1.267950058E0,8.017950058E0,2.026050091E0
2.030991222E2,2.464950085E0,6.678000450E0,1.918950081E0
2.031015659E2,4.335000038E0,5.959050179E0,3.100500107E-1
2.031040095E2,5.518050194E0,6.448050499E0,-2.103000164E0
2.031064529E2,5.355000019E0,7.599000454E0,-4.540050030E0
2.031088965E2,4.021950245E0,9.007050514E0,-4.068000317E0
2.031113400E2,3.148050070E0,9.943050385E0,-3.906000137E0
2.031137836E2,2.170950174E0,1.046100044E1,-4.223999977E0
2.031162271E2,1.882950068E0,1.096095085E1,-3.211050034E0
2.031186707E2,3.579000235E0,9.262950897E0,-3.700050116E0
2.031211141E2,4.939050198E0,7.786050320E0,-4.075950146E0
2.031235578E2,6.193050385E0,6.936000347E0,-4.365000248E0
2.031260012E2,5.875050068E0,6.127050400E0,-4.693050385E0
2.031284448E2,3.619050264E0,5.988000393E0,-3.360000134E0
2.031308883E2,2.508000135E0,6.438000202E0,-8.310000300E-1
2.031333319E2,3.729000092E0,7.792950153E0,-3.930000067E-1
2.031357753E2,5.070000172E0,8.767950058E0,-2.938050032E0
2.031382190E2,4.678050041E0,9.511950493E0,-5.059950352E0
2.031406626E2,4.156050205E0,1.009695053E1,-6.025050163E0
2.031431061E2,3.279000044E0,1.086300087E1,-5.665050507E0
2.031455497E2,2.977950096E0,1.067100048E1,-4.392000198E0
2.031479932E2,3.526050091E0,1.016805077E1,-3.214050055E0
2.031504368E2,1.303950071E0,8.988000870E0,-1.554000020E0
2.031528802E2,4.420500100E-1,7.369950294E0,1.548000097E0
2.031553238E2,1.395000100E0,6.558000088E0,2.814000130E0
2.031577673E2,4.596000195E0,6.084000111E0,3.619500101E-1
2.031602109E2,6.466050148E0,6.283050060E0,-3.616050243E0
2.031626544E2,6.090000153E0,7.911000252E0,-5.038050175E0
2.031650980E2,4.393050194E0,8.926050186E0,-4.750950336E0
2.031675414E2,2.487000227E0,1.052805042E1,-3.493950129E0
2.031699851E2,1.969950080E0,1.110000038E1,-2.281949997E0
2.031724285E2,3.069000244E0,1.069305038E1,-2.670000076E0
2.031748721E2,3.760950089E0,9.345000267E0,-4.420050144E0
2.031773158E2,4.522050381E0,7.369950294E0,-5.184000015E0
2.031797593E2,6.828000546E0,6.072000504E0,-6.574950218E0
2.031822029E2,5.781000137E0,6.076950073E0,-7.191000462E0
2.031846464E2,2.815050125E0,5.907000065E0,-3.676050186E0
2.031870900E2,2.251950026E0,6.778050423E0,-5.340000391E-1
2.031895334E2,4.435950279E0,7.507950306E0,-1.477950096E0
2.031919770E2,5.077050209E0,7.768950462E0,-4.489950180E0
2.031944205E2,4.714050293E0,8.269950867E0,-5.802000046E0
2.031968641E2,4.651050091E0,9.028950691E0,-6.180000305E0
2.031993076E2,4.333050251E0,9.297000885E0,-5.823000431E0
2.032017512E2,4.090950012E0,9.076950073E0,-4.843950272E0
2.032041946E2,2.034000158E0,8.193000793E0,-3.268950224E0
2.032066383E2,4.969500303E-1,7.563000202E0,6.570000052E-1
2.032090817E2,1.177050114E0,6.463950157E0,2.058000088E0
2.032115253E2,4.024050236E0,5.926050186E0,7.980000377E-1
2.032139690E2,5.355000019E0,5.703000069E0,-1.861050129E0
2.032164125E2,5.688000202E0,6.346950531E0,-3.964950085E0
2.032188561E2,4.102950096E0,8.305950165E0,-5.419050217E0
2.032212996E2,2.044049978E0,9.052950859E0,-3.934050083E0
2.032237432E2,1.234950066E0,1.047705078E1,-1.624050021E0
2.032261866E2,3.061050177E0,1.025895023E1,-2.031000137E0
2.032286303E2,5.395950317E0,1.015905094E1,-4.377000332E0
2.032310737E2,6.502050400E0,8.878050804E0,-6.204000473E0
2.032335173E2,6.339000225E0,7.638000488E0,-7.413000584E0
2.032359608E2,2.950950146E0,7.353000164E0,-5.694000244E0
2.032384044E2,9.469500184E-1,8.353950500E0,-7.669500113E-1
2.032408481E2,3.490050077E0,8.731950760E0,8.130000234E-1
2.032432915E2,5.698050499E0,9.445050240E0,-2.979000092E0
2.032457352E2,3.700950146E0,1.005600071E1,-5.503050327E0
2.032481786E2,2.374050140E0,1.039800072E1,-4.783950329E0
2.032506222E2,4.138950348E0,1.120005035E1,-5.067000389E0
2.032530657E2,5.062950134E0,1.189005089E1,-5.284950256E0
2.032555093E2,2.829000235E0,1.108305073E1,-4.918050289E0
2.032579528E2,3.439500034E-1,1.013295078E1,-1.863000035E0
2.032603964E2,4.609500170E-1,8.719950676E0,1.870950103E0
2.032628398E2,2.881950140E0,7.543950558E0,1.198050022E0
2.032652835E2,7.086000443E0,7.486950397E0,-2.911950111E0
2.032677269E2,6.343950272E0,6.922050476E0,-5.494950294E0
2.032701705E2,3.279000044E0,8.353950500E0,-4.345950127E0
2.032726140E2,2.508000135E0,8.683950424E0,-2.874000072E0
2.032750576E2,2.772000074E0,9.057000160E0,-1.348050117E0
2.032775011E2,3.124050140E0,9.790050507E0,-1.156949997E0
2.032799448E2,3.976050138E0,9.012000084E0,-2.854050159E0
2.032823882E2,4.993950367E0,7.759950161E0,-4.969050407E0
2.032848318E2,6.447000504E0,6.496050358E0,-7.911000252E0
2.032872755E2,5.014950275E0,5.698050499E0,-8.746950150E0
2.032897189E2,2.358000040E0,6.045000076E0,-3.889050245E0
2.032921625E2,2.295000076E0,5.911050320E0,5.440500379E-1
2.032946060E2,5.515950203E0,6.256050110E0,3.000000026E-3
2.032970496E2,5.713950157E0,6.831000328E0,-3.421950102E0
2.032994931E2,3.745950222E0,7.972950459E0,-2.467050076E0
2.033019367E2,3.607050180E0,9.048000336E0,-4.272000313E0
2.033043802E2,3.820050240E0,9.736950874E0,-5.170050144E0
2.033068239E2,3.295950174E0,9.642000198E0,-5.008950233E0
2.033092672E2,9.550500512E-1,8.605050087E0,-3.268950224E0
2.033117109E2,-8.020500541E-1,8.026050568E0,4.200000167E-1
2.033141543E2,-1.950000064E-3,7.192050457E0,2.742000103E0
2.033165980E2,4.273050308E0,6.232050419E0,2.599500120E-1
2.033190416E2,7.744950294E0,6.043050289E0,-4.735949993E0
2.033214851E2,5.731050491E0,7.378950119E0,-5.863950253E0
2.033239287E2,2.431950092E0,9.496050835E0,-4.489950180E0
2.033263722E2,6.739500165E-1,9.745050430E0,-1.675950050E0
2.033288158E2,2.125050068E0,1.030695057E1,-3.259500265E-1
2.033312593E2,5.145000458E0,9.807000160E0,-2.677050114E0
2.033337029E2,6.105000496E0,9.112950325E0,-5.515050411E0
2.033361464E2,6.366000175E0,6.880950451E0,-7.770000458E0
2.033385900E2,3.789000273E0,5.823000431E0,-6.633000374E0
2.033410334E2,2.479950190E0,6.757050514E0,-2.316000223E0
2.033434771E2,4.558050156E0,7.494000435E0,-1.129500046E-1
2.033459208E2,6.196050167E0,8.278950691E0,-1.612050056E0
2.033483641E2,4.807050228E0,8.848950386E0,-4.717050076E0
2.033508078E2,3.016050100E0,9.718050003E0,-5.095950127E0
2.033532512E2,2.482050180E0,1.020405006E1,-5.779950142E0
2.033556949E2,2.968050241E0,9.879000664E0,-5.761050224E0
2.033581383E2,3.258000135E0,8.902050018E0,-4.842000008E0
2.033605820E2,9.430500269E-1,7.429050446E0,-2.230050087E0
2.033630255E2,-5.650500059E-1,6.493050098E0,2.220000029E0
2.033654691E2,1.666050076E0,5.715000153E0,3.079950094E0
2.033679125E2,5.989950180E0,5.653050423E0,1.950000077E-1
2.033703562E2,7.041000366E0,5.931000233E0,-3.048000097E0
2.033727998E2,4.138950348E0,7.762050152E0,-3.606000185E0
2.033752432E2,1.713000059E0,8.631000519E0,-2.287050009E0
2.033776869E2,1.239000082E0,9.607950211E0,-1.618950129E0
2.033801303E2,2.587050200E0,1.028805065E1,-2.529000044E0
2.033825740E2,3.889950275E0,9.510000229E0,-4.642950058E0
2.033850175E2,5.025000095E0,8.370000839E0,-5.956950188E0
2.033874611E2,6.540000439E0,6.208050251E0,-8.091000557E0
2.033899045E2,3.375000238E0,5.374950409E0,-6.156000137E0
2.033923482E2,2.535000086E0,5.935050488E0,-2.452050209E0
2.033947916E2,5.578050137E0,6.441000462E0,-1.284000039E0
2.033972352E2,7.041000366E0,7.501050472E0,-3.907950163E0
2.033996787E2,4.503000259E0,8.779950142E0,-6.429000378E0
2.034021223E2,2.662050009E0,1.014495087E1,-5.281950474E0
2.034045658E2,1.848000050E0,1.096095085E1,-4.212000370E0
2.034070094E2,2.839050055E0,1.046295071E1,-3.340950251E0
2.034094528E2,3.114000082E0,9.466950417E0,-3.142050266E0
2.034118965E2,7.489500642E-1,8.284049988E0,-1.356000066E0
2.034143399E2,2.670000196E-1,7.420050144E0,1.552050114E0
2.034167836E2,2.856000185E0,6.678000450E0,9.420000315E-1
2.034192270E2,6.334050179E0,6.067050457E0,-3.229950190E0
2.034216707E2,5.515950203E0,7.075050354E0,-5.482950211E0
2.034241143E2,2.962950230E0,8.695950508E0,-4.438950062E0
2.034265578E2,1.219950080E0,9.115050316E0,-2.887950182E0
2.034290014E2,1.587000132E0,9.735000610E0,-1.837050080E0
2.034314448E2,4.350000381E0,9.133950233E0,-3.340950251E0
2.034338884E2,5.869950294E0,8.377950668E0,-5.446950436E0
2.034363319E2,6.148050308E0,6.627000332E0,-7.096950531E0
2.034387755E2,4.801950455E0,4.690050125E0,-7.626000404E0
2.034412190E2,2.932050228E0,4.585050106E0,-3.549000263E0
2.034436627E2,4.833000183E0,6.081000328E0,2.359500080E-1
2.034461063E2,7.081050396E0,6.979050159E0,-1.341000080E0
2.034485498E2,4.635000229E0,8.445000648E0,-4.653000355E0
2.034509934E2,1.536000013E0,9.631950378E0,-4.891950130E0
2.034534369E2,1.086000085E0,1.024305058E1,-4.365000248E0
2.034558805E2,3.193050146E0,1.066605091E1,-4.786950111E0
2.034583239E2,1.963050127E0,9.577050209E0,-5.802000046E0
2.034607675E2,-3.105000220E-2,8.124000549E0,-3.940950155E0
2.034632110E2,-6.750000119E-1,6.931050301E0,1.123950005E0
2.034656546E2,1.783050060E0,5.926050186E0,3.187950134E0
2.034680981E2,7.024050236E0,5.509050369E0,-5.680500269E-1
2.034705417E2,7.849950314E0,5.574000359E0,-3.865050077E0
2.034729852E2,4.780950069E0,7.863000393E0,-4.231050014E0
2.034754288E2,2.009999990E0,8.641050339E0,-2.649000168E0
2.034778722E2,1.057050109E0,9.606000900E0,-2.076000214E0
2.034803158E2,2.701950073E0,9.820950508E0,-3.574950218E0
2.034827593E2,4.098000050E0,8.911050797E0,-5.103000164E0
2.034852030E2,5.140050411E0,8.121000290E0,-5.424000263E0
2.034876466E2,5.965950489E0,5.461050034E0,-6.654000282E0
2.034900901E2,3.724950075E0,4.714050293E0,-4.558950424E0
2.034925337E2,3.579000235E0,6.067050457E0,7.995000482E-2
2.034949772E2,6.475950241E0,7.267050266E0,6.469500065E-1
2.034974207E2,6.825000286E0,8.197950363E0,-3.489000082E0
2.034998642E2,3.835050106E0,9.103050232E0,-6.673050404E0
2.035023078E2,2.692950010E0,1.036995029E1,-6.205950260E0
2.035047513E2,2.725950241E0,1.122195053E1,-5.737050056E0
2.035071949E2,3.066000223E0,1.011300087E1,-6.016950130E0
2.035096383E2,2.212050200E0,8.425050735E0,-4.621050358E0
2.035120820E2,4.009500146E-1,7.164000511E0,-5.340000391E-1
2.035145257E2,1.246950030E0,6.651000500E0,3.039000034E0
2.035169691E2,5.166000366E0,5.952000141E0,1.672050118E0
2.035194127E2,6.934950352E0,6.084000111E0,-2.649000168E0
2.035218562E2,5.134950161E0,8.308050156E0,-4.012950420E0
2.035242998E2,2.781000137E0,9.751950264E0,-3.072000027E0
2.035267433E2,1.077000022E0,1.005795002E1,-2.467050076E0
2.035291869E2,1.555050015E0,1.010400009E1,-2.821050167E0
2.035316303E2,4.800000191E0,8.815950394E0,-4.179000378E0
2.035340739E2,6.538050175E0,7.827000141E0,-6.610950470E0
2.035365174E2,6.712950230E0,6.390000343E0,-7.059000492E0
2.035389610E2,4.546050072E0,4.992000103E0,-5.839950085E0
2.035414045E2,3.303000212E0,6.036000252E0,-1.902000070E0
2.035438481E2,5.125050068E0,7.246950150E0,1.729500145E-1
2.035462915E2,6.412950516E0,7.848000526E0,-2.620050192E0
2.035487351E2,4.492950439E0,8.788949966E0,-6.457950115E0
2.035511788E2,2.475000143E0,9.016950607E0,-7.099950314E0
2.035536222E2,2.178000212E0,9.844950676E0,-6.103950500E0
2.035560659E2,3.472950220E0,9.534000397E0,-4.450950146E0
2.035585094E2,3.607050180E0,8.562000275E0,-3.664050102E0
2.035609530E2,1.414050102E0,7.627950191E0,-2.200950146E0
2.035633965E2,5.670000315E-1,7.264050484E0,1.263000011E0
2.035658401E2,3.211950064E0,6.546000481E0,2.424000025E0
2.035682835E2,6.118950367E0,6.529050350E0,-7.140000463E-1
2.035707272E2,6.064050198E0,7.441050529E0,-4.044000149E0
2.035731706E2,3.600000143E0,8.812950134E0,-4.648050308E0
2.035756142E2,1.093050003E0,9.934050560E0,-2.536050081E0
2.035780577E2,9.880500436E-1,1.007700062E1,-2.614950180E0
2.035805013E2,2.760000229E0,1.005600071E1,-3.690000057E0
2.035829450E2,4.278000355E0,9.715950012E0,-4.899000168E0
2.035853885E2,5.200050354E0,8.497050285E0,-4.092000008E0
2.035878321E2,5.734050274E0,7.006050110E0,-4.831950188E0
2.035902756E2,3.844050169E0,6.892950535E0,-3.348000050E0
2.035927192E2,3.562050104E0,7.252050400E0,-1.408050060E0
2.035951626E2,6.661950111E0,8.160000801E0,-3.613050222E0
2.035976063E2,6.246000290E0,9.022050858E0,-6.895950317E0
2.036000497E2,3.640950203E0,1.008195019E1,-7.204950333E0
2.036024933E2,2.551050186E0,1.058295059E1,-5.893050194E0
2.036049368E2,1.773000121E0,1.114095020E1,-4.096950054E0
2.036073804E2,2.515950203E0,1.063095093E1,-2.457000017E0
2.036098239E2,2.760000229E0,8.943000793E0,-2.188950062E0
2.036122675E2,1.408950090E0,7.413000584E0,-1.365000010E0
2.036147110E2,1.492950082E0,6.313950062E0,1.469999999E-1
2.036171546E2,3.436950207E0,6.505050182E0,2.119500041E-1
2.036195980E2,5.511000156E0,7.036950111E0,-2.794950247E0
2.036220417E2,5.046000004E0,8.806050301E0,-4.432050228E0
2.036244851E2,2.736000061E0,9.511950493E0,-3.874050140E0
2.036269288E2,8.800500631E-1,9.811950684E0,-2.794950247E0
2.036293724E2,1.366050124E0,9.751950264E0,-2.242050171E0
2.036318159E2,4.110000134E0,9.031050682E0,-3.285000086E0
2.036342595E2,4.857000351E0,8.289000511E0,-4.795950413E0
2.036367029E2,4.927050114E0,6.598950386E0,-5.055000305E0
2.036391466E2,4.048050404E0,5.107050419E0,-4.309950352E0
2.036415900E2,3.382050276E0,5.313000202E0,-1.954050064E0
2.036440336E2,5.611050129E0,6.555000305E0,-1.654950023E0
2.036464771E2,7.156050205E0,7.360050201E0,-4.614000320E0
2.036489207E2,4.857000351E0,9.061950684E0,-6.372000217E0
2.036513642E2,2.571000099E0,9.085950851E0,-5.929050446E0
2.036538079E2,2.116050005E0,9.505050659E0,-4.542000294E0
2.036562515E2,3.586050272E0,9.340050697E0,-3.802950144E0
2.036586950E2,4.591050148E0,8.350950241E0,-3.964950085E0
2.036611386E2,2.668950081E0,7.812000275E0,-3.622950077E0
2.036635820E2,1.371000051E0,6.655950546E0,-1.111050010E0
2.036660257E2,2.953950167E0,6.856950283E0,1.270050049E0
2.036684691E2,4.801950455E0,7.164000511E0,-1.270500124E-1
2.036709127E2,5.025000095E0,8.530950546E0,-3.027000189E0
2.036733562E2,3.388950109E0,9.481050491E0,-5.079000473E0
2.036757998E2,1.512000084E0,1.021905041E1,-4.174050331E0
2.036782433E2,5.470499992E-1,1.061100006E1,-3.634950161E0
2.036806869E2,1.540950060E0,1.009695053E1,-3.027000189E0
2.036831304E2,3.319950104E0,9.172050476E0,-3.771000147E0
2.036855740E2,4.636950016E0,8.064000130E0,-3.496050119E0
2.036880174E2,5.935050488E0,6.382950306E0,-3.181950092E0
2.036904611E2,4.726050377E0,5.224050045E0,-3.003000259E0
2.036929047E2,3.729000092E0,6.634050369E0,-1.368000031E0
2.036953482E2,6.334050179E0,7.176000118E0,-1.477950096E0
2.036977918E2,7.171950340E0,7.990050316E0,-5.257950306E0
2.037002353E2,4.563000202E0,9.975000381E0,-7.408050537E0
2.037026789E2,2.656950235E0,9.997950554E0,-5.356050491E0
2.037051224E2,2.121000051E0,1.074300098E1,-3.831000090E0
2.037075660E2,2.554050207E0,1.055400085E1,-2.526000023E0
2.037100094E2,3.009000063E0,9.544050217E0,-2.173950195E0
2.037124531E2,1.552950025E0,7.531950474E0,-1.870050073E0
2.037148965E2,8.440500498E-1,6.940950394E0,-3.190500140E-1
2.037173401E2,2.074949980E0,6.919050217E0,1.051950097E0
2.037197836E2,4.527000427E0,7.936950207E0,-9.610500336E-1
2.037222272E2,5.271000385E0,9.103050232E0,-3.481950283E0
2.037246709E2,3.094950199E0,1.049400043E1,-3.256950140E0
2.037271144E2,8.640000224E-1,1.109700012E1,-2.389950037E0
2.037295580E2,3.000000119E-2,1.098705006E1,-1.055999994E0
2.037320015E2,1.516950130E0,9.769050598E0,-1.669050097E0
2.037344451E2,3.543000221E0,8.713050842E0,-3.685050249E0
2.037368885E2,5.113050461E0,7.372050285E0,-4.216950417E0
2.037393321E2,4.984050274E0,6.096000195E0,-3.771000147E0
2.037417756E2,4.156050205E0,5.476050377E0,-1.936950088E0
2.037442192E2,4.752000332E0,7.402950287E0,-6.469500065E-1
2.037466627E2,6.049950123E0,8.706000328E0,-1.353000045E0
2.037491063E2,5.977950096E0,8.998050690E0,-4.510950089E0
2.037515498E2,4.357050419E0,9.840000153E0,-7.156950474E0
2.037539934E2,2.899050236E0,9.615000725E0,-6.657000542E0
2.037564368E2,2.926950216E0,9.571950912E0,-5.479050159E0
2.037588805E2,3.748950243E0,8.988000870E0,-3.930000305E0
2.037613241E2,3.231000185E0,8.218950272E0,-3.253950119E0
2.037637676E2,1.816050053E0,6.852000237E0,-1.465950012E0
2.037662112E2,1.347000122E0,6.619950294E0,1.153050065E0
2.037686547E2,3.898950100E0,6.562950134E0,1.296000004E0
2.037710983E2,4.966950417E0,7.302000523E0,-7.069500089E-1
2.037735417E2,3.652950287E0,8.506950378E0,-3.843000174E0
2.037759853E2,1.435950041E0,9.189000130E0,-4.107000351E0
2.037784288E2,1.279500127E-1,9.637050629E0,-3.289950132E0
2.037808724E2,4.680000246E-1,9.013950348E0,-1.684050083E0
2.037833159E2,2.710050106E0,8.539950371E0,-1.582950115E0
2.037857595E2,4.225049973E0,7.779000282E0,-2.316000223E0
2.037882030E2,4.927050114E0,7.441050529E0,-1.678950071E0
2.037906466E2,5.080050468E0,7.276050568E0,-2.215050220E0
2.037930900E2,4.306950092E0,7.009950161E0,-1.882050037E0
2.037955337E2,3.922950268E0,8.404050827E0,-1.404000044E0
2.037979773E2,4.703999996E0,9.223050117E0,-2.907000065E0
2.038004208E2,3.460950136E0,9.145950317E0,-4.210050106E0
2.038028644E2,2.743050098E0,1.000305080E1,-4.164000034E0
2.038053079E2,3.672000170E0,9.730050087E0,-4.084949970E0
2.038077515E2,4.804950237E0,1.124100018E1,-4.116000175E0
2.038101950E2,4.852050304E0,1.113600063E1,-3.690000057E0
2.038126386E2,3.331950188E0,1.089600086E1,-3.180000067E0
2.038150820E2,1.905000091E0,1.049205017E1,-2.626950026E0
2.038175256E2,1.783050060E0,1.074495029E1,-5.370000005E-1
2.038199691E2,3.490050077E0,1.101600075E1,-3.960000277E-1
2.038224127E2,4.297049999E0,1.084605026E1,-3.070050240E0
2.038248562E2,3.399000168E0,1.069995022E1,-4.795950413E0
2.038272998E2,2.209050179E0,1.110000038E1,-2.986050129E0
2.038297433E2,1.825950146E0,1.115205097E1,-1.219050050E0
2.038321869E2,1.993950129E0,1.064700031E1,-1.351050019E0
2.038346306E2,3.129000187E0,1.070205021E1,-2.185950041E0
2.038370740E2,4.026000023E0,1.041000080E1,-2.637000084E0
2.038395176E2,5.032050133E0,9.184050560E0,-2.320950031E0
2.038419611E2,5.257050037E0,8.398950577E0,-3.714000225E0
2.038444047E2,3.784950256E0,8.775000572E0,-3.178050041E0
2.038468482E2,3.163950205E0,9.283050537E0,-1.315050006E0
2.038492918E2,4.419000149E0,9.184050560E0,-1.297950029E0
2.038517352E2,5.506050110E0,8.614950180E0,-3.661050081E0
2.038541789E2,5.106000423E0,9.100950241E0,-5.509950161E0
2.038566223E2,4.285050392E0,8.989950180E0,-5.754000187E0
2.038590659E2,4.326000214E0,9.450000763E0,-6.058050156E0
2.038615094E2,4.536000252E0,8.611950874E0,-5.610000134E0
2.038639530E2,3.061050177E0,8.185950279E0,-3.877050161E0
2.038663965E2,1.327950120E0,7.003050327E0,-1.003950000E0
2.038688402E2,1.912050128E0,7.096950531E0,8.940000534E-1
2.038712838E2,4.029000282E0,7.249950409E0,-1.054050088E0
2.038737272E2,4.906949997E0,6.313950062E0,-3.454950094E0
2.038761709E2,3.475950241E0,7.081950188E0,-4.285950184E0
2.038786143E2,2.632950068E0,7.269000530E0,-4.504050255E0
2.038810579E2,1.363950014E0,8.148000717E0,-3.783000231E0
2.038835014E2,6.000000238E-1,8.193000793E0,-1.936950088E0
2.038859450E2,1.753950119E0,7.798050404E0,-1.102050066E0
2.038883885E2,3.006000042E0,5.647950172E0,-2.823000193E0
2.038908321E2,4.651050091E0,4.884000301E0,-4.392000198E0
2.038932756E2,4.729950428E0,3.505050182E0,-5.245950222E0
2.038957192E2,3.595050097E0,4.615950108E0,-2.388000011E0
2.038981626E2,4.645950317E0,5.416050434E0,-9.460500479E-1
2.039006063E2,6.306000233E0,6.352050304E0,-2.866050243E0
2.039030499E2,5.343000412E0,7.333950520E0,-7.023000240E0
2.039054934E2,3.892050266E0,7.900950432E0,-7.665000439E0
2.039079370E2,4.045950413E0,9.093000412E0,-7.416000366E0
2.039103805E2,4.321050167E0,9.558000565E0,-5.953050137E0
2.039128241E2,1.918950081E0,8.928000450E0,-3.582000256E0
2.039152676E2,-6.900000572E-2,7.791000366E0,-1.900500059E-1
2.039177112E2,7.170000076E-1,6.718050480E0,2.544000149E0
2.039201547E2,3.658050060E0,6.115050316E0,9.990000725E-1
2.039225983E2,5.482050419E0,6.562950134E0,-2.557950020E0
2.039250417E2,5.130000114E0,7.180050373E0,-5.244000435E0
2.039274853E2,2.721000195E0,9.582000732E0,-3.970050097E0
2.039299288E2,3.940500319E-1,1.117200089E1,-1.272000074E0
2.039323724E2,2.029500157E-1,1.250805092E1,-6.349500418E-1
2.039348159E2,1.852050066E0,1.226100063E1,-3.051000118E0
2.039372595E2,3.583050251E0,1.075695038E1,-4.248000145E0
2.039397032E2,4.840050220E0,1.014900017E1,-5.895000458E0
2.039421467E2,4.576950073E0,7.243050575E0,-5.955000401E0
2.039445903E2,3.126000166E0,6.658050537E0,-2.734950066E0
2.039470337E2,4.720950127E0,7.935000420E0,-1.530000091E0
2.039494773E2,7.771050453E0,8.703000069E0,-3.208950043E0
2.039519208E2,8.149050713E0,8.866050720E0,-6.745050430E0
2.039543644E2,6.220050335E0,9.405000687E0,-8.068950653E0
2.039568079E2,5.812950134E0,1.014900017E1,-8.467050552E0
2.039592515E2,4.491000175E0,1.157595062E1,-7.533000469E0
2.039616950E2,3.102000237E0,1.119600010E1,-5.452050209E0
2.039641386E2,1.065000057E0,8.386950493E0,-2.677050114E0
2.039665820E2,-8.929500580E-1,6.565050125E0,2.359050035E0
2.039690257E2,6.700500250E-1,6.048000336E0,4.618950367E0
2.039714691E2,6.730050087E0,5.545050144E0,9.319500327E-1
2.039739127E2,8.379000664E0,5.731950283E0,-3.159000158E0
2.039763564E2,4.620000362E0,8.068950653E0,-3.120000124E0
2.039787999E2,1.939050078E0,1.053195095E1,-7.639500499E-1
2.039812435E2,3.370500207E-1,1.130295086E1,-3.859500289E-1
2.039836870E2,3.370500207E-1,1.211700058E1,-2.601000071E0
2.039861306E2,1.969950080E0,9.891000748E0,-4.684050083E0
2.039885740E2,4.054950237E0,8.433000565E0,-6.022050381E0
2.039910176E2,3.303000212E0,5.989950180E0,-4.959000111E0
2.039934611E2,3.025950193E0,4.408050060E0,-1.963950038E0
2.039959047E2,6.402000427E0,5.631000042E0,-1.903950095E0
2.039983482E2,9.193050385E0,7.963050365E0,-3.889050245E0
2.040007918E2,7.666050434E0,8.239050865E0,-7.152000427E0
2.040032353E2,5.580000401E0,9.019050598E0,-8.124000549E0
2.040056789E2,5.476950169E0,1.077705097E1,-8.215050697E0
2.040081223E2,3.658050060E0,1.167195034E1,-7.933050156E0
2.040105660E2,4.879500270E-1,1.084395027E1,-4.369950294E0
2.040130097E2,-1.324050069E0,7.294950485E0,1.557000041E0
2.040154531E2,-8.070000410E-1,5.433000088E0,5.017050266E0
2.040178967E2,4.000050068E0,5.959050179E0,1.978950143E0
2.040203402E2,8.500950813E0,6.040950298E0,-3.640050173E0
2.040227838E2,5.917950153E0,7.018050194E0,-4.702950001E0
2.040252273E2,1.503000021E0,9.589050293E0,-7.090500593E-1
2.040276709E2,-1.840500087E-1,1.179195023E1,9.660000205E-1
2.040301143E2,9.450000525E-1,1.460700035E1,-7.159500122E-1
2.040325580E2,2.299950123E0,1.278105068E1,-5.188950062E0
2.040350014E2,3.138000250E0,1.081305027E1,-6.538950443E0
2.040374450E2,2.989950180E0,8.473050117E0,-7.068000317E0
2.040398885E2,2.616000175E0,5.478000164E0,-4.606950283E0
2.040423321E2,5.200050354E0,6.297000408E0,-4.300950050E0
2.040447758E2,8.937000275E0,7.578000546E0,-5.503050327E0
2.040472193E2,8.725950241E0,8.281949997E0,-7.377000332E0
2.040496629E2,5.319000244E0,9.280050278E0,-7.497000217E0
2.040521063E2,5.817000389E0,1.018305016E1,-6.664050102E0
2.040545499E2,5.644950390E0,1.139400101E1,-7.633050442E0
2.040569934E2,1.599000096E0,1.251495075E1,-5.905050278E0
2.040594370E2,-1.539000034E0,8.947050095E0,-1.489950061E0
2.040618805E2,-1.840950131E0,6.310950279E0,4.654950142E0
2.040643241E2,2.713950157E0,6.364050388E0,3.706950188E0
2.040667676E2,9.370050430E0,6.049950123E0,-3.244950056E0
2.040692112E2,7.753950596E0,6.357000351E0,-7.162050247E0
2.040716546E2,2.760000229E0,9.004950523E0,-2.224950075E0
2.040740983E2,5.160000324E-1,1.171305084E1,1.995000124E0
2.040765420E2,7.200000286E-1,1.476105022E1,-3.910500109E-1
2.040789854E2,1.855050087E0,1.419300079E1,-4.735949993E0
2.040814290E2,3.484950066E0,1.224195099E1,-6.388050079E0
2.040838725E2,2.725950241E0,9.201000214E0,-7.293000221E0
2.040863161E2,1.534050107E0,5.731950283E0,-4.540050030E0
2.040887596E2,4.596000195E0,5.619000435E0,-3.499050140E0
2.040912032E2,9.355950356E0,6.205950260E0,-6.118050098E0
2.040936466E2,9.186000824E0,6.526950359E0,-9.424050331E0
2.040960902E2,6.840000153E0,7.474950314E0,-1.094205093E1
2.040985337E2,7.117050171E0,7.309950352E0,-9.381000519E0
2.041009773E2,5.571000099E0,9.001950264E0,-1.015695095E1
2.041034208E2,1.605000161E-2,9.771000862E0,-7.207050323E0
2.041058644E2,-3.084000111E0,8.184000015E0,2.031000137E0
2.041083078E2,-2.487000227E0,3.543000221E0,6.987000465E0
2.041107514E2,2.901000023E0,3.076950073E0,5.235000134E0
2.041131949E2,8.632950783E0,2.514000177E0,-8.530500531E-1
2.041156386E2,8.254950523E0,2.095050097E0,-4.612050056E0
2.041180822E2,4.326000214E0,4.855950356E0,-3.906000137E0
2.041205257E2,2.002950191E0,7.966050148E0,-2.389950037E0
2.041229693E2,1.110000014E0,1.040805054E1,-3.822000265E0
2.041254128E2,7.560000420E-1,1.067595005E1,-1.566000104E0
2.041278564E2,-5.389500260E-1,9.237000465E0,5.610000491E-1
2.041302998E2,-6.870000362E-1,6.201000214E0,4.200000167E-1
2.041327434E2,9.450000525E-1,4.465050220E0,-5.700000525E-1
2.041351869E2,8.611050606E0,3.217950106E0,-7.171050549E0
2.041376305E2,1.257195091E1,2.689050198E0,-1.144005013E1
2.041400740E2,9.595050812E0,5.221950054E0,-9.214050293E0
2.041425176E2,5.784000397E0,9.591000557E0,-7.770000458E0
2.041449613E2,9.114000320E0,8.665050507E0,-1.037700081E1
2.041474048E2,6.415950298E0,1.020900059E1,-1.250100040E1
2.041498484E2,6.480000019E-1,1.036200047E1,-9.013050079E0
2.041522918E2,-2.899050236E0,8.851950645E0,-1.858050108E0
2.041547354E2,-2.308050156E0,4.123050213E0,4.786950111E0
2.041571789E2,3.294000149E0,2.356050014E0,2.746950150E0
2.041596225E2,7.987050533E0,2.059050083E0,-1.537950039E0
2.041620660E2,7.291950226E0,1.245000005E0,-1.995000124E0
2.041645096E2,3.763050079E0,3.685050249E0,-8.119500279E-1
2.041669531E2,3.198000193E0,9.867000580E0,-7.789500356E-1
2.041693967E2,2.623050213E0,1.154505062E1,-3.697050095E0
2.041718402E2,2.670000196E-1,1.079805088E1,-5.035950184E0
2.041742838E2,-6.060000062E-1,9.127050400E0,-4.189949989E0
2.041767272E2,-9.859500527E-1,6.132000446E0,-2.590950012E0
2.041791708E2,2.733000040E0,3.433050156E0,-1.843950033E0
2.041816143E2,9.457050323E0,2.892000198E0,-8.641050339E0
2.041840580E2,1.136505032E1,3.013950109E0,-1.100895023E1
2.041865016E2,7.423950195E0,6.490950108E0,-7.674000263E0
2.041889451E2,6.481050491E0,8.737050056E0,-4.915950298E0
2.041913887E2,8.707050323E0,8.776950836E0,-5.091000080E0
2.041938322E2,4.435950279E0,1.017300034E1,-7.818000317E0
2.041962758E2,-1.261950016E0,1.039605045E1,-4.281000137E0
2.041987193E2,-2.361000061E0,8.287050247E0,1.042050004E0
2.042011629E2,9.210000634E-1,7.081950188E0,2.122050047E0
2.042036063E2,5.665950298E0,5.581050396E0,-9.010500312E-1
2.042060500E2,6.945000172E0,6.040950298E0,-3.537000179E0
2.042084934E2,4.369050026E0,7.018050194E0,-2.275050163E0
2.042109371E2,1.210950017E0,1.009695053E1,5.539500117E-1
2.042133805E2,2.245050192E0,1.290795040E1,-1.996950150E0
2.042158242E2,3.540000200E0,1.321395016E1,-4.516050339E0
2.042182678E2,3.552000284E0,1.256805038E1,-6.336000443E0
2.042207112E2,8.830500245E-1,1.061895084E1,-4.570950031E0
2.042231549E2,-1.200000010E-2,9.091050148E0,-6.130500436E-1
2.042255983E2,4.314000130E0,8.533050537E0,-4.276950359E0
2.042280419E2,7.690050602E0,9.139050484E0,-1.003005028E1
2.042304854E2,8.880000114E0,7.384050369E0,-1.197195053E1
2.042329290E2,7.237050533E0,8.980950356E0,-9.147000313E0
2.042353725E2,8.583000183E0,9.559950829E0,-8.593950272E0
2.042378161E2,6.220050335E0,9.840000153E0,-9.280950546E0
2.042402595E2,3.420000076E-1,8.875950813E0,-3.738000154E0
2.042427031E2,-1.798050046E0,7.153950214E0,4.180950165E0
2.042451468E2,-5.460000038E-1,6.450000286E0,5.545950413E0
2.042475902E2,7.536000252E0,6.289950371E0,6.349500418E-1
2.042500339E2,9.588000298E0,5.659950256E0,-3.465000153E0
2.042524773E2,5.416950226E0,6.802050114E0,-3.193950176E0
2.042549210E2,1.708950043E0,9.454950333E0,-1.150500029E-1
2.042573645E2,1.045050025E0,1.220100021E1,1.231950045E0
2.042598081E2,8.440500498E-1,1.326405048E1,-3.076950073E0
2.042622515E2,1.002000093E0,1.172205067E1,-5.922000408E0
2.042646951E2,-4.279500246E-1,8.485050201E0,-4.341000080E0
2.042671386E2,-4.090500176E-1,6.591000080E0,-4.960500300E-1
2.042695822E2,3.576000214E0,6.579000473E0,-1.981050134E0
2.042720259E2,9.220050812E0,7.591950417E0,-7.630950451E0
2.042744693E2,9.712950706E0,6.673050404E0,-1.083900070E1
2.042769130E2,6.141000271E0,9.429000854E0,-9.307050705E0
2.042793564E2,6.153000355E0,9.709050179E0,-9.403050423E0
2.042818001E2,4.996050358E0,9.352050781E0,-1.007100010E1
2.042842435E2,5.860500336E-1,7.446000576E0,-5.506950378E0
2.042866872E2,-1.539000034E0,6.721050262E0,2.656050205E0
2.042891306E2,-4.069500268E-1,4.980000019E0,6.472950459E0
2.042915742E2,7.963050365E0,4.207050323E0,2.119500041E-1
2.042940177E2,8.470050812E0,2.839950085E0,-5.409000397E0
2.042964613E2,4.057950020E0,4.956000328E0,-4.063950062E0
2.042989048E2,1.680000067E0,7.894050598E0,-5.220000148E-1
2.043013484E2,1.488000035E0,1.093695068E1,3.190500140E-1
2.043037919E2,1.218000054E0,1.259895039E1,1.500000060E-2
2.043062355E2,8.250000477E-1,1.130805016E1,-2.899950027E0
2.043086789E2,-1.960500032E-1,8.494950294E0,-3.774000168E0
2.043111226E2,1.519500017E-1,6.357000351E0,-1.351050019E0
2.043135660E2,6.808950424E0,4.234950066E0,-7.333950520E0
2.043160097E2,1.156605053E1,3.529050112E0,-1.306800079E1
2.043184531E2,8.683050156E0,5.920950413E0,-1.155300045E1
2.043208968E2,4.816050053E0,8.971050262E0,-5.947950363E0
2.043233404E2,8.121000290E0,8.623950005E0,-4.285950184E0
2.043257839E2,8.723999977E0,8.032950401E0,-7.492050171E0
2.043282275E2,1.620000124E0,8.727000237E0,-6.003000259E0
2.043306709E2,-1.717050076E0,8.506950378E0,-5.700000525E-1
2.043331146E2,3.006000042E0,6.912000179E0,-2.490000129E-1
2.043355580E2,9.367950439E0,5.317950249E0,-5.890050411E0
2.043380016E2,5.853000164E0,6.157950401E0,-7.428000450E0
2.043404451E2,1.258950114E0,7.717050552E0,-2.431050062E0
2.043428888E2,1.189500093E-1,1.030305004E1,4.579050064E0
2.043453322E2,7.129500508E-1,1.305600071E1,2.505000114E0
2.043477759E2,4.666050434E0,1.400595093E1,-8.860500455E-1
2.043502195E2,4.290000439E0,1.267500019E1,-6.259050369E0
2.043526629E2,1.429050088E0,9.979050636E0,-2.704050064E0
2.043551066E2,1.351950049E0,8.479949951E0,-3.550500274E-1
2.043575500E2,4.321050167E0,9.630000114E0,-4.936950207E0
2.043599936E2,8.049000740E0,9.928950310E0,-1.056195068E1
2.043624371E2,9.082950592E0,9.565050125E0,-1.213005066E1
2.043648807E2,7.072050571E0,1.065900040E1,-1.094505024E1
2.043673242E2,8.398050308E0,1.195695019E1,-1.071300030E1
2.043697678E2,3.880050182E0,1.169595051E1,-7.341000557E0
2.043722112E2,1.096050024E0,9.424050331E0,-8.910000324E-1
2.043746548E2,6.340500116E-1,9.603000641E0,4.369950294E0
2.043770983E2,3.799500167E-1,1.120005035E1,2.971950054E0
2.043795419E2,4.311000347E0,6.715950489E0,-3.493950129E0
2.043819854E2,4.072050095E0,7.506000519E0,-6.274050236E0
2.043844290E2,1.813950062E0,8.836950302E0,-2.847000122E0
2.043868727E2,1.204050064E0,1.096605015E1,3.112950087E0
2.043893161E2,1.861950040E0,1.225605011E1,2.725950241E0
2.043917598E2,2.767050028E0,1.060905075E1,7.429500222E-1
2.043942032E2,2.518050194E0,7.609050274E0,4.530000091E-1
2.043966468E2,9.979500771E-1,5.854050159E0,-1.480050087E0
2.043990903E2,6.979050159E0,4.975050449E0,-7.638000488E0
2.044015339E2,1.171200085E1,3.567000151E0,-1.368900108E1
2.044039774E2,7.129050255E0,5.779950142E0,-1.395705032E1
2.044064210E2,4.825950146E0,9.453000069E0,-1.115805054E1
2.044088645E2,6.763050556E0,9.625050545E0,-8.791950226E0
2.044113082E2,4.666050434E0,8.545050621E0,-9.195000648E0
2.044137518E2,-3.795000166E-2,9.144000053E0,-5.086050034E0
2.044161953E2,-5.050500035E-1,6.108000278E0,2.620050192E0
2.044186389E2,3.138000250E0,4.695000172E0,3.862950087E0
2.044210823E2,9.514050484E0,3.172050238E0,-4.800000042E-2
2.044235259E2,7.780950546E0,4.330500066E-1,-3.259050131E0
2.044259694E2,3.205050230E0,3.498000145E0,-4.878000259E0
2.044284130E2,3.022950172E0,7.531950474E0,-4.200000286E0
2.044308565E2,5.443950176E0,7.422000408E0,-6.441000462E0
2.044333001E2,4.263000011E0,9.553050041E0,-5.923950195E0
2.044357436E2,7.459500432E-1,7.969950199E0,-3.952950239E0
2.044381872E2,-2.193000078E0,7.999050617E0,1.942950130E0
2.044406306E2,1.990950108E0,7.534950256E0,3.457950115E0
2.044430743E2,9.913950920E0,7.288050175E0,-1.288950086E0
2.044455177E2,1.041705036E1,5.113950253E0,-9.166050911E0
2.044479613E2,7.134000301E0,6.340050220E0,-1.182105064E1
2.044504050E2,6.828000546E0,1.032900047E1,-1.190505028E1
2.044528485E2,5.037000179E0,1.008000088E1,-1.284105015E1
2.044552921E2,8.560500145E-1,9.733050346E0,-6.034050465E0
2.044577356E2,-4.810500145E-1,8.133000374E0,1.722000122E0
2.044601792E2,1.765950084E0,7.623000145E0,3.825000286E0
2.044626226E2,8.110950470E0,5.526000500E0,-3.829050064E0
2.044650663E2,7.656000137E0,2.197950125E0,-7.525950432E0
2.044675097E2,2.932050228E0,5.800950050E0,-4.609050274E0
2.044699533E2,2.800950050E0,8.593050003E0,-2.152950048E0
2.044723968E2,3.366000175E0,1.058295059E1,-1.162050009E0
2.044748404E2,2.710050106E0,1.135605049E1,-2.139000177E0
2.044772841E2,1.594050050E0,1.056405067E1,-3.022050142E0
2.044797275E2,-6.180000305E-1,8.299050331E0,-7.980000377E-1
2.044821712E2,2.122950077E0,7.768950462E0,-3.960000277E-1
2.044846146E2,7.639050484E0,6.157950401E0,-6.079950333E0
2.044870583E2,7.216050148E0,4.899000168E0,-1.046400070E1
2.044895017E2,4.306950092E0,8.348999977E0,-8.164950371E0
2.044919453E2,6.246000290E0,8.914050102E0,-5.529000282E0
2.044943888E2,6.454050541E0,8.059050560E0,-8.388000488E0
2.044968324E2,1.837950110E0,8.614950180E0,-7.404000282E0
2.044992759E2,-4.189500213E-1,6.852000237E0,5.779500008E-1
2.045017195E2,1.311000109E0,7.185000420E0,3.477000237E0
2.045041629E2,6.303000450E0,6.543000221E0,-1.630500108E-1
2.045066065E2,6.481050491E0,2.920950174E0,-2.947950125E0
2.045090500E2,3.163950205E0,4.669050217E0,7.000500560E-1
2.045114937E2,1.708950043E0,7.993950367E0,2.910000086E0
2.045139371E2,9.949500561E-1,1.278300095E1,1.609950066E0
2.045163808E2,9.550500512E-1,1.145700073E1,-1.906050086E0
2.045188242E2,5.239500403E-1,1.153800011E1,5.059500337E-1
2.045212679E2,-5.239500403E-1,1.065705013E1,8.749500513E-1
2.045237115E2,-1.029000044E0,8.770050049E0,-1.389000058E0
2.045261549E2,2.058000088E0,1.176495075E1,4.290000200E-1
2.045285985E2,5.427000046E0,8.880000114E0,-5.481000423E0
2.045310420E2,3.322050095E0,9.619950294E0,-6.606000423E0
2.045334856E2,7.084050179E0,1.065405083E1,-9.244950294E0
2.045359291E2,5.743050098E0,1.052295017E1,-1.287705040E1
2.045383727E2,2.986950159E0,7.587000370E0,-9.535050392E0
2.045408162E2,4.905000329E-2,6.000000477E0,-2.578950167E0
2.045432598E2,1.942950130E0,5.559000492E0,-8.400000632E-2
2.045457032E2,7.275000572E0,5.992950439E0,-4.677000046E0
2.045481469E2,7.077000141E0,1.767000079E0,-6.610950470E0
2.045505905E2,2.817000151E0,1.662000060E0,8.389500380E-1
2.045530340E2,3.175950050E0,8.578950882E0,4.687050343E0
2.045554776E2,2.890950203E0,1.173000050E1,2.641950130E0
2.045579211E2,3.010950089E0,9.955050468E0,-1.189950109E0
2.045603647E2,1.053000093E0,7.573050499E0,-1.819500029E-1
2.045628081E2,-4.995000362E-2,8.389050484E0,5.590500236E-1
2.045652518E2,6.511950493E0,7.795950413E0,-7.923000336E0
2.045676952E2,1.015605068E1,6.711000443E0,-1.321500015E1
2.045701388E2,3.925950289E0,6.012000084E0,-1.180200100E1
2.045725825E2,3.721950293E0,7.425000191E0,-6.697050095E0
2.045750259E2,1.018200016E1,9.816000938E0,-7.590000153E0
2.045774696E2,6.801000118E0,6.642000198E0,-1.305900097E1
2.045799130E2,-3.109500110E-1,7.324050426E0,-9.016950607E0
2.045823567E2,2.844000101E0,6.172050476E0,-2.413950205E0
2.045848001E2,9.021000862E0,5.614950180E0,-2.038050175E0
2.045872438E2,1.079295063E1,3.991050243E0,-4.903950214E0
2.045896872E2,4.884000301E0,1.753050089E0,-1.819950104E0
2.045921309E2,4.450500309E-1,5.773050308E0,8.509500623E-1
2.045945743E2,2.178000212E0,8.988000870E0,1.405950069E0
2.045970179E2,5.773950100E0,1.057800007E1,-3.649050236E0
2.045994614E2,3.045000076E0,9.742050171E0,-9.778950691E0
2.046019050E2,-7.200000435E-2,7.903050423E0,-7.213950157E0
2.046043485E2,-1.063050032E0,9.579000473E0,-4.167000294E0
2.046067921E2,3.033000231E0,8.775000572E0,-2.437950134E0
2.046092355E2,5.371950150E0,7.330950260E0,-2.742000103E0
2.046116792E2,4.279950142E0,7.732950211E0,1.702950120E0
2.046141229E2,8.034000397E0,1.070205021E1,6.859500408E-1
2.046165662E2,1.012005043E1,1.055595016E1,-1.040805054E1
2.046190099E2,3.873000145E0,7.627950191E0,-1.163400078E1
2.046214534E2,-4.095000029E-2,8.722050667E0,-5.124000072E0
2.046238970E2,1.515000105E0,9.131999969E0,-2.646000147E0
2.046263405E2,5.524950027E0,9.256050110E0,-6.325950146E0
2.046287841E2,3.861000299E0,4.522950172E0,-5.934000492E0
2.046312276E2,1.093050003E0,3.072000027E0,2.143949986E0
2.046336712E2,3.792000294E0,7.104000568E0,-3.790500164E-1
2.046361146E2,5.659050465E0,1.111695099E1,2.329500169E-1
2.046385583E2,3.315000057E0,1.079595089E1,9.390000701E-1
2.046410017E2,2.592000008E0,9.639000893E0,8.820000291E-1
2.046434454E2,1.050000072E0,9.283050537E0,2.232000113E0
2.046458888E2,2.671050072E0,1.068600082E1,-5.481000423E0
2.046483325E2,5.905950069E0,6.184050083E0,-1.361205101E1
2.046507759E2,3.660000086E0,4.944000244E0,-1.260900021E1
2.046532196E2,4.213050365E0,7.414950371E0,-6.232950211E0
2.046556629E2,8.381999969E0,1.017105007E1,-6.700050354E0
2.046581066E2,2.965950251E0,6.220050335E0,-7.935000420E0
2.046605502E2,-1.993950129E0,7.474950314E0,-1.030500084E-1
2.046629937E2,2.587050200E0,7.336050510E0,2.248950005E0
2.046654373E2,9.301050186E0,7.449000359E0,-4.066050053E0
2.046678808E2,7.672950268E0,2.844000101E0,-8.842950821E0
2.046703244E2,9.979500771E-1,1.875000119E0,-1.605000019E0
2.046727679E2,2.179949999E0,6.064950466E0,3.300000191E0
2.046752115E2,4.732950211E0,8.758049965E0,1.555050015E0
2.046776552E2,5.428950310E0,1.041705036E1,1.060500070E-1
2.046800985E2,2.539950132E0,9.622950554E0,-2.980950117E0
2.046825422E2,1.299000025E0,1.028100014E1,-3.442950249E0
2.046849857E2,4.756950378E0,1.096305084E1,-6.657000542E0
2.046874293E2,7.764000416E0,9.571950912E0,-1.156500053E1
2.046898728E2,7.654050350E0,6.622950077E0,-1.004700089E1
2.046923164E2,5.251950264E0,9.000000000E0,-4.441950321E0
2.046947599E2,7.768950462E0,9.982050896E0,-4.825050354E0
2.046972035E2,6.639000416E0,9.361950874E0,-9.027000427E0
2.046996469E2,1.354050040E0,7.674000263E0,-5.031000137E0
2.047020905E2,2.599500120E-1,9.928950310E0,-1.999950051E0
2.047045340E2,7.498050213E0,8.820000648E0,-6.894000530E0
2.047069776E2,7.809000492E0,4.932000160E0,-1.104495049E1
2.047094211E2,2.764950037E0,2.185950041E0,-4.327050209E0
2.047118647E2,4.347000122E0,5.593050480E0,1.785000086E0
2.047143084E2,7.783050537E0,1.198995018E1,-2.809500098E-1
2.047167518E2,5.761950493E0,1.286205101E1,1.203000069E0
2.047191955E2,3.105000257E0,1.033095074E1,3.499500155E-1
2.047216389E2,5.449500084E-1,1.180905056E1,5.130000114E-1
2.047240826E2,4.350000381E0,1.230900097E1,-6.970050335E0
2.047265260E2,7.642050266E0,1.035000038E1,-1.512300110E1
2.047289696E2,6.753000259E0,6.961950302E0,-1.347105026E1
2.047314131E2,4.402050018E0,8.052000046E0,-7.855950356E0
2.047338567E2,8.118000031E0,8.072999954E0,-4.843950272E0
2.047363002E2,6.840000153E0,8.763000488E0,-7.210050106E0
2.047387438E2,6.940500140E-1,7.824000359E0,-4.261950016E0
2.047411872E2,1.564950109E0,9.340050697E0,-6.780000329E-1
2.047436308E2,9.841950417E0,9.522000313E0,-6.546000481E0
2.047460743E2,7.881000519E0,5.181000233E0,-1.154295063E1
2.047485179E2,2.257050037E0,3.985950232E0,-4.846950054E0
2.047509614E2,3.258000135E0,4.565999985E0,2.926950216E0
2.047534051E2,7.017000198E0,1.028805065E1,1.330500096E-1
2.047558487E2,4.002000332E0,1.103505039E1,5.250000358E-1
2.047582921E2,9.229500294E-1,6.871950150E0,2.545950174E0
2.047607358E2,-7.230000496E-1,9.904950142E0,1.762950063E0
2.047631792E2,3.355950117E0,1.135605049E1,-4.183050156E0
2.047656228E2,5.358000278E0,9.001950264E0,-1.216095066E1
2.047680663E2,4.771050453E0,6.189000130E0,-1.172100067E1
2.047705099E2,4.692000389E0,6.721050262E0,-5.337000370E0
2.047729534E2,5.925000191E0,7.779000282E0,-4.246050358E0
2.047753970E2,2.463000059E0,7.302000523E0,-3.439050198E0
2.047778405E2,-8.230500221E-1,5.775000095E0,1.098000050E0
2.047802840E2,2.032050133E0,6.109950066E0,5.490000248E-1
2.047827275E2,9.229050636E0,6.951000214E0,-7.200000286E0
2.047851712E2,6.094950199E0,3.093000174E0,-8.941050529E0
2.047876148E2,1.227000117E0,1.459950089E0,-1.909050107E0
2.047900583E2,4.093050003E0,4.858050346E0,1.737000108E0
2.047925019E2,7.351950169E0,8.265000343E0,-2.323050022E0
2.047949454E2,3.598050117E0,8.574000359E0,-2.260500044E-1
2.047973890E2,9.900000691E-1,6.541050434E0,6.109050274E0
2.047998324E2,-1.377000093E0,1.297005081E1,1.705950022E0
2.048022761E2,2.664000034E0,1.061100006E1,9.559500217E-1
2.048047195E2,4.690050125E0,9.286950111E0,-1.017105007E1
2.048071631E2,6.175950527E0,6.010050297E0,-1.363095093E1
2.048096066E2,7.444950581E0,7.918050289E0,-1.213695049E1
2.048120502E2,6.361050129E0,6.543000221E0,-1.018800068E1
2.048144937E2,-2.490000129E-1,6.057000160E0,-5.851950169E0
2.048169373E2,-9.649500251E-1,7.450950146E0,1.789050102E0
2.048193810E2,3.852000237E0,7.362000465E0,1.983000040E0
2.048218244E2,1.051500034E1,8.959050179E0,-4.497000217E0
2.048242680E2,5.713950157E0,4.606950283E0,-4.072950363E0
2.048267115E2,2.599050045E0,4.936950207E0,1.050000079E-3
2.048291551E2,4.065000057E0,7.903050423E0,-8.100000620E-1
2.048315986E2,4.074000359E0,1.099200058E1,-4.510500133E-1
2.048340422E2,2.293050051E0,8.773050308E0,-8.410500288E-1
2.048364856E2,1.429500133E-1,9.295050621E0,2.307000160E0
2.048389293E2,4.950000346E-1,1.144905090E1,1.021050096E0
2.048413728E2,5.644950390E0,1.212900066E1,-8.634000778E0
2.048438164E2,5.938950062E0,8.940000534E0,-1.095195007E1
2.048462598E2,6.433050156E0,8.482950211E0,-1.194105053E1
2.048487034E2,7.764000416E0,9.129000664E0,-9.192000389E0
2.048511469E2,2.917950153E0,8.610000610E0,-7.810950279E0
2.048535906E2,-8.380500674E-1,6.532050133E0,-2.524050236E0
2.048560342E2,9.930000305E-1,5.518950462E0,1.429950118E0
2.048584777E2,7.954950333E0,7.204050541E0,-4.477950096E0
2.048609213E2,8.167950630E0,3.595950127E0,-9.388050079E0
2.048633648E2,2.923050165E0,2.025000095E0,-4.327050209E0
2.048658084E2,3.445050240E0,4.762050152E0,1.335000038E0
2.048682518E2,6.301050186E0,7.777050495E0,4.030500054E-1
2.048706954E2,3.220050097E0,9.915000916E0,-9.390000701E-1
2.048731389E2,1.380000114E-1,7.578000546E0,2.083950043E0
2.048755825E2,-2.005950212E0,9.517050743E0,3.910950184E0
2.048780260E2,3.528000116E0,1.018500042E1,-3.147000074E0
2.048804696E2,7.359000206E0,9.079050064E0,-9.594000816E0
2.048829131E2,6.109050274E0,8.085000038E0,-1.197405052E1
2.048853567E2,7.029000282E0,8.695950508E0,-1.065495014E1
2.048878004E2,4.912050247E0,7.432050228E0,-9.364950180E0
2.048902438E2,-1.045950055E0,7.486950397E0,-3.142050266E0
2.048926875E2,-5.980500579E-1,5.173950195E0,2.223000050E0
2.048951309E2,4.690050125E0,5.761050224E0,-1.462950110E0
2.048975745E2,1.021305084E1,7.168050289E0,-7.231050491E0
2.049000180E2,5.190000057E0,3.282000065E0,-3.408000231E0
2.049024616E2,2.215950012E0,4.459950447E0,1.519050121E0
2.049049051E2,5.482050419E0,7.152000427E0,-8.530500531E-1
2.049073487E2,5.656950474E0,1.186395073E1,-1.735950112E0
2.049097921E2,2.389050007E0,9.402000427E0,-8.980500698E-1
2.049122358E2,1.189500093E-1,8.320050240E0,9.870000482E-1
2.049146792E2,-7.609500289E-1,1.076895046E1,6.040500402E-1
2.049171228E2,3.040050030E0,1.200000095E1,-5.497950077E0
2.049195663E2,3.354000092E0,9.112950325E0,-7.353000164E0
2.049220099E2,5.869950294E0,8.116950035E0,-8.002050400E0
2.049244534E2,8.722050667E0,9.646050453E0,-8.424000740E0
2.049268971E2,2.755050182E0,8.614950180E0,-8.031000137E0
2.049293407E2,-1.458000064E0,6.876000404E0,-3.463050127E0
2.049317842E2,-3.900000155E-1,6.306000233E0,-1.110000089E-1
2.049342278E2,4.993950367E0,7.185000420E0,-4.849050045E0
2.049366713E2,6.306000233E0,4.438950062E0,-6.934050560E0
2.049391149E2,2.374050140E0,2.143050194E0,-1.819950104E0
2.049415583E2,4.297049999E0,3.922050238E0,1.710000038E-1
2.049440019E2,8.005949974E0,8.016000748E0,-2.481000185E0
2.049464454E2,4.323000431E0,7.384050369E0,-3.676050186E0
2.049488890E2,-2.400000021E-2,8.083050728E0,3.019950151E0
2.049513325E2,-1.768950105E0,9.840000153E0,4.236000061E0
2.049537761E2,4.612950325E0,9.883950233E0,-4.369950294E0
2.049562196E2,6.718050480E0,9.346950531E0,-1.023795033E1
2.049586632E2,6.825000286E0,8.204999924E0,-9.268950462E0
2.049611069E2,8.872050285E0,9.249000549E0,-8.377950668E0
2.049635503E2,4.294950008E0,7.924950600E0,-7.891950607E0
2.049659939E2,-2.155050039E0,9.153000832E0,1.459050059E0
2.049684374E2,-7.950000167E-1,7.336050510E0,5.625000477E0
2.049708810E2,6.358050346E0,7.968000412E0,-4.387050152E0
2.049733245E2,8.755050659E0,7.069950104E0,-9.664050102E0
2.049757681E2,4.306950092E0,3.643950224E0,-5.955000401E0
2.049782116E2,2.403000116E0,4.396049976E0,-2.625000238E0
2.049806552E2,7.675050259E0,7.243050575E0,-4.597949982E0
2.049830986E2,6.424950123E0,1.030305004E1,-4.401000023E0
2.049855423E2,1.560000062E0,7.618950367E0,9.750000238E-1
2.049879857E2,1.684950113E0,8.931000710E0,3.979500234E-1
2.049904293E2,3.255000114E0,1.238805103E1,-3.259050131E0
2.049928728E2,3.748950243E0,8.851950645E0,-8.304000854E0
2.049953164E2,3.552000284E0,6.895050526E0,-1.033905029E1
2.049977601E2,8.383950233E0,7.486950397E0,-1.123005009E1
2.050002036E2,6.652950287E0,6.475950241E0,-1.196205044E1
2.050026472E2,-1.305000067E0,6.244050503E0,-6.028950214E0
2.050050906E2,1.380000114E-1,3.961950302E0,4.975950241E0
2.050075343E2,4.825950146E0,3.864000082E0,1.569000125E0
2.050099777E2,7.432950497E0,6.184050083E0,-3.610950232E0
2.050124213E2,4.243950367E0,3.346950054E0,-6.250500083E-1
2.050148648E2,2.580000162E0,2.500050068E0,3.018000126E0
2.050173084E2,8.674050331E0,6.265950203E0,-2.428050041E0
2.050197519E2,7.576950550E0,8.812950134E0,-7.854000568E0
2.050221955E2,1.108050108E0,7.675950527E0,-2.146050215E0
2.050246390E2,1.000500023E-1,9.466950417E0,6.469500065E-1
2.050270826E2,4.809000015E0,1.141305065E1,-5.151000023E0
2.050295260E2,5.542050362E0,1.116195011E1,-1.097595024E1
2.050319697E2,5.025000095E0,9.796950340E0,-1.126305008E1
2.050344133E2,8.889000893E0,8.229000092E0,-1.115805054E1
2.050368568E2,6.540000439E0,9.562950134E0,-1.143600082E1
2.050393004E2,-1.321050048E0,8.653050423E0,-5.670000076E0
2.050417439E2,-1.242000103E0,6.895050526E0,2.082000017E0
2.050441875E2,6.118950367E0,6.238950253E0,-3.460050106E0
2.050466309E2,7.330050468E0,6.304050446E0,-9.075000763E0
2.050490746E2,1.819050074E0,3.484050274E0,-2.851950169E0
2.050515180E2,2.338050127E0,3.361050129E0,2.151000023E0
2.050539616E2,8.314949989E0,5.404050350E0,-1.975950122E0
2.050564051E2,6.514050484E0,8.776950836E0,-3.733050108E0
2.050588487E2,6.979500055E-1,6.330000401E0,1.648050070E0
2.050612922E2,-5.620500445E-1,9.297000885E0,4.797000408E0
2.050637358E2,5.479950428E0,1.005795002E1,-2.674950123E0
2.050661792E2,6.232050419E0,1.041495037E1,-9.184950829E0
2.050686229E2,5.698050499E0,1.001295090E1,-9.063000679E0
2.050710666E2,7.582050323E0,9.001950264E0,-9.253950119E0
2.050735100E2,4.113000393E0,9.502950668E0,-9.469950676E0
2.050759536E2,-1.365000010E0,9.175050735E0,-1.368000031E0
2.050783971E2,-2.970000207E-1,6.523950100E0,5.455050468E0
2.050808407E2,3.661950111E0,7.741050243E0,-2.827950239E0
2.050832842E2,6.106950283E0,7.765050411E0,-8.019000053E0
2.050857278E2,4.579050064E0,3.850050211E0,-4.246050358E0
2.050881713E2,3.370050192E0,4.687950134E0,-2.734950066E0
2.050906149E2,7.669950485E0,7.765050411E0,-3.031950235E0
2.050930583E2,4.996050358E0,1.122195053E1,-2.743950129E0
2.050955019E2,1.753950119E0,7.309950352E0,9.199500680E-1
2.050979454E2,1.894950032E0,1.008195019E1,1.873050094E0
2.051003890E2,4.474050045E0,1.299795055E1,-2.233950138E0
2.051028327E2,3.097050190E0,1.100595093E1,-4.474950314E0
2.051052762E2,6.949950218E0,9.658050537E0,-8.743950844E0
2.051077198E2,8.995050430E0,9.498000145E0,-1.260900021E1
2.051101632E2,3.853950262E0,9.429000854E0,-1.293195057E1
2.051126069E2,-1.728000045E0,7.245000362E0,-4.626000404E0
2.051150503E2,-1.237950087E0,5.217000484E0,2.689950228E0
2.051174939E2,5.242950439E0,4.606950283E0,-4.801050186E0
2.051199374E2,5.769000053E0,4.992000103E0,-7.416000366E0
2.051223810E2,1.623000026E0,2.353049994E0,1.093050003E0
2.051248245E2,3.946950197E0,2.884950161E0,2.872050047E0
2.051272681E2,8.359950066E0,3.879000187E0,-2.959950209E0
2.051297115E2,4.675050259E0,8.356050491E0,-3.970050097E0
2.051321552E2,9.705000371E-2,5.325000286E0,2.728050232E0
2.051345986E2,2.365050077E0,8.719950676E0,2.035950184E0
2.051370423E2,7.315950394E0,9.153000832E0,-4.806000233E0
2.051394859E2,6.150000095E0,9.358950615E0,-8.206049919E0
2.051419294E2,7.819050312E0,1.002195072E1,-8.328000069E0
2.051443730E2,8.379000664E0,8.056950569E0,-9.573000908E0
2.051468165E2,5.980500579E-1,9.433050156E0,-9.582000732E0
2.051492601E2,-2.515950203E0,9.025950432E0,3.670500219E-1
2.051517035E2,2.109000206E0,6.441000462E0,1.800000109E-2
2.051541471E2,5.640000343E0,7.635000229E0,-8.269950867E0
2.051565906E2,3.763050079E0,6.382950306E0,-6.867000103E0
2.051590342E2,1.462050080E0,4.353000164E0,1.005000062E-2
2.051614777E2,3.604950190E0,6.438000202E0,-6.450000405E-1
2.051639213E2,7.096050262E0,1.005105019E1,-5.098050117E0
2.051663647E2,2.968050241E0,8.674050331E0,-8.839500546E-1
2.051688084E2,7.699500322E-1,8.362950325E0,2.278050184E0
2.051712518E2,5.314950466E0,1.204995060E1,-1.404000044E0
2.051736955E2,5.281050205E0,1.112595081E1,-6.274050236E0
2.051761391E2,5.422050476E0,1.039095020E1,-7.143000126E0
2.051785826E2,1.000500011E1,1.042200089E1,-1.092600060E1
2.051810262E2,4.900050163E0,9.985950470E0,-1.027695084E1
2.051834697E2,-7.200000435E-2,1.034295082E1,-2.277000189E0
2.051859133E2,-7.969500422E-1,8.028000832E0,4.023000240E0
2.051883567E2,2.110949993E0,7.276050568E0,-1.279050112E0
2.051908004E2,3.346050262E0,5.631000042E0,-7.216950417E0
2.051932438E2,3.769500256E-1,4.792950153E0,-1.890000105E0
2.051956874E2,3.454050064E0,4.089000225E0,-9.850500226E-1
2.051981309E2,7.414050579E0,5.716950417E0,-3.070050240E0
2.052005745E2,4.105050087E0,8.239050865E0,-1.363050103E0
2.052030180E2,1.435950041E0,6.358950138E0,8.389500380E-1
2.052054616E2,1.845000029E0,1.118400097E1,3.243000269E0
2.052079050E2,4.014000416E0,9.856950760E0,-1.393950105E0
2.052103487E2,3.643050194E0,1.031205082E1,-3.568050146E0
2.052127924E2,1.062705040E1,1.085805035E1,-9.835950851E0
2.052152358E2,9.685950279E0,8.776950836E0,-1.372200108E1
2.052176794E2,1.314000010E0,1.027095032E1,-1.109595013E1
2.052201229E2,-1.912950039E0,9.244050026E0,-1.055999994E0
2.052225665E2,1.840050101E0,8.751000404E0,9.900000691E-1
2.052250100E2,5.572950363E0,7.875000477E0,-6.400050163E0
2.052274536E2,2.662050009E0,7.153950214E0,-3.895950079E0
2.052298970E2,1.492950082E0,5.490000248E0,1.216950059E0
2.052323407E2,5.133000374E0,6.085950375E0,-2.845050097E0
2.052347841E2,6.892050266E0,9.093000412E0,-7.459050179E0
2.052372277E2,9.090000391E-1,7.852950573E0,-1.006049991E0
2.052396714E2,2.329050064E0,8.896950722E0,7.720500231E-1
2.052421149E2,6.258000374E0,1.076700020E1,-3.280950069E0
2.052445585E2,4.500000000E0,9.249000549E0,-6.415050507E0
2.052470020E2,7.074000359E0,1.081500053E1,-7.252950191E0
2.052494456E2,9.859050751E0,9.156000137E0,-1.274505043E1
2.052518890E2,3.471000195E0,8.803950310E0,-1.145505047E1
2.052543327E2,-2.509050131E0,9.603000641E0,8.839500546E-1
2.052567761E2,1.210500076E-1,5.434950352E0,5.070000172E0
2.052592197E2,6.591000080E0,5.218950272E0,-5.143050194E0
2.052616632E2,5.235000134E0,2.880000114E0,-7.429950237E0
2.052641068E2,2.013000011E0,3.057000160E0,1.477950096E0
2.052665503E2,6.021000385E0,3.709050179E0,7.120500207E-1
2.052689939E2,7.809000492E0,5.161950111E0,-3.745050192E0
2.052714374E2,1.807050109E0,6.250950336E0,-5.920500159E-1
2.052738810E2,3.270000219E-1,8.767950058E0,1.950000048E0
2.052763244E2,4.951050282E0,8.239050865E0,-4.027950287E0
2.052787681E2,5.784000397E0,8.428050041E0,-8.032950401E0
2.052812118E2,3.777000189E0,1.029795074E1,-8.572050095E0
2.052836552E2,8.500950813E0,9.007050514E0,-1.021500015E1
2.052860988E2,4.465050220E0,7.210950375E0,-1.013100052E1
2.052885423E2,-1.711950064E0,8.344050407E0,-2.092950106E0
2.052909859E2,8.640000224E-1,6.048000336E0,4.120950222E0
2.052934294E2,7.195950508E0,5.430000305E0,-4.891950130E0
2.052958730E2,5.319000244E0,3.880950212E0,-7.501950264E0
2.052983164E2,1.309050083E0,5.176050186E0,-1.675950050E0
2.053007601E2,4.386000156E0,4.245000362E0,-5.220000148E-1
2.053032035E2,6.058950424E0,5.779950142E0,-3.700050116E0
2.053056471E2,1.357050061E0,5.884950161E0,-1.890000105E0
2.053080906E2,-1.210950017E0,9.465000153E0,3.738000154E0
2.053105342E2,4.915050030E0,7.567950249E0,-4.429500103E-1
2.053129779E2,7.374000549E0,7.306950569E0,-7.783950329E0
2.053154214E2,5.062950134E0,9.523950577E0,-8.059950829E0
2.053178650E2,9.616950035E0,1.001505089E1,-9.060000420E0
2.053203085E2,5.190000057E0,7.618950367E0,-9.835950851E0
2.053227521E2,-2.236050129E0,1.009200001E1,-7.279500365E-1
2.053251955E2,-2.001000166E0,8.196000099E0,6.772050381E0
2.053276392E2,5.884050369E0,8.184000015E0,-2.413950205E0
2.053300826E2,6.124050140E0,5.836950302E0,-9.331050873E0
2.053325262E2,2.656950235E0,6.109950066E0,-4.078050137E0
2.053349697E2,3.496950150E0,5.344050407E0,-1.425000072E0
2.053374134E2,5.209050179E0,7.590000153E0,-4.734000206E0
2.053398568E2,1.965000153E0,9.004950523E0,-2.482950211E0
2.053423005E2,7.870500088E-1,8.919000626E0,1.918950081E0
2.053447439E2,6.223950386E0,1.137795067E1,-2.682000160E0
2.053471875E2,5.070000172E0,8.344050407E0,-6.879000187E0
2.053496309E2,4.657950401E0,1.027095032E1,-7.066050529E0
2.053520746E2,1.053900051E1,9.730050087E0,-1.144995022E1
2.053545182E2,7.326000214E0,7.639950275E0,-1.322895050E1
2.053569617E2,-8.070000410E-1,9.049950600E0,-3.721050262E0
2.053594053E2,-1.549050093E0,7.951050282E0,5.311050415E0
2.053618488E2,5.800950050E0,5.149950027E0,-2.811000109E0
2.053642924E2,5.668950081E0,4.240050316E0,-8.725049973E0
2.053667359E2,3.130500019E-1,4.594950199E0,-1.272000074E0
2.053691795E2,4.816050053E0,4.234950066E0,8.820000291E-1
2.053716229E2,8.173049927E0,4.510950089E0,-3.762000084E0
2.053740666E2,9.709500670E-1,5.454000473E0,-1.566000104E0
2.053765100E2,-2.095050097E0,7.858050346E0,4.212000370E0
2.053789537E2,4.860000134E0,6.724950314E0,-4.170000255E-1
2.053813973E2,9.631050110E0,6.475950241E0,-7.531050205E0
2.053838408E2,6.583050251E0,9.049950600E0,-7.324950218E0
2.053862844E2,9.315000534E0,9.358950615E0,-9.465000153E0
2.053887279E2,4.375950336E0,7.642050266E0,-1.165605068E1
2.053911715E2,-2.080049992E0,8.988000870E0,-3.466950178E0
2.053936149E2,4.180500209E-1,7.839000225E0,3.184950113E0
2.053960586E2,7.785000324E0,6.454950333E0,-4.605000019E0
2.053985020E2,4.194000244E0,4.408050060E0,-7.758000374E0
2.054009456E2,1.366050124E0,6.073950291E0,4.819500148E-1
2.054033891E2,4.483950138E0,5.016000271E0,-1.350000054E-1
2.054058327E2,6.322050095E0,6.522000313E0,-4.590000153E0
2.054082764E2,1.395000100E0,7.255050182E0,-1.638000131E0
2.054107198E2,6.240000129E-1,9.160050392E0,1.236000061E0
2.054131635E2,5.251950264E0,1.222800064E1,-2.778000116E0
2.054156069E2,3.343950272E0,8.956950188E0,-7.201950550E0
2.054180506E2,5.005950451E0,1.144200039E1,-5.440050125E0
2.054204940E2,9.957000732E0,1.119600010E1,-1.093800068E1
2.054229376E2,4.273050308E0,9.595950127E0,-9.216000557E0
2.054253811E2,-1.180050015E0,1.077705097E1,-7.950000465E-3
2.054278247E2,7.510500550E-1,1.047495079E1,3.646950245E0
2.054302682E2,5.575050354E0,8.907000542E0,-4.605000019E0
2.054327118E2,3.022950172E0,6.951000214E0,-6.688050270E0
2.054351552E2,1.606050134E0,8.289000511E0,-2.329500169E-1
2.054375989E2,4.809000015E0,7.125000477E0,-1.711950064E0
2.054400423E2,5.109000206E0,9.481050491E0,-4.810950279E0
2.054424859E2,1.588950038E0,9.787950516E0,1.800000109E-2
2.054449294E2,1.351950049E0,1.075995064E1,1.093050003E0
2.054473730E2,7.231950283E0,1.186395073E1,-2.814000130E0
2.054498167E2,4.488000393E0,8.683950424E0,-5.494950294E0
2.054522602E2,8.689949989E0,1.179900074E1,-9.004950523E0
2.054547038E2,1.059600067E1,1.037700081E1,-1.316205025E1
2.054571472E2,3.178950071E0,9.771000862E0,-9.223050117E0
2.054595909E2,-8.190000653E-1,9.532050133E0,1.473000050E0
2.054620343E2,1.546050072E0,9.816000938E0,4.042050362E0
2.054644779E2,5.965950489E0,7.228050232E0,-5.068950176E0
2.054669214E2,2.323950052E0,6.436050415E0,-4.552050114E0
2.054693650E2,4.120050430E0,7.779000282E0,2.550000250E-1
2.054718085E2,7.186950207E0,6.856950283E0,-3.676050186E0
2.054742521E2,2.238000154E0,8.806050301E0,-3.630000114E0
2.054766958E2,-4.380000234E-1,9.376049995E0,1.789050102E0
2.054791392E2,1.950000064E-3,1.286895084E1,1.782000065E0
2.054815828E2,4.989000320E0,1.096800041E1,-1.902000070E0
2.054840262E2,5.908050060E0,1.078395081E1,-5.146050453E0
2.054864699E2,1.300995064E1,1.212000084E1,-1.038495064E1
2.054889133E2,9.061950684E0,1.065000057E1,-1.538895035E1
2.054913570E2,6.259500384E-1,1.231605053E1,-7.653000355E0
2.054938005E2,-5.719500184E-1,1.223505020E1,1.507050037E0
2.054962441E2,4.642050266E0,1.072200012E1,-8.029500246E-1
2.054986875E2,4.551000118E0,7.599000454E0,-6.738000393E0
2.055011311E2,2.616000175E0,8.646000862E0,-3.043950081E0
2.055035746E2,6.856050491E0,7.414950371E0,-3.748050213E0
2.055060182E2,7.282950401E0,7.972950459E0,-7.939950466E0
2.055084617E2,8.200500607E-1,8.530950546E0,-4.474950314E0
2.055109053E2,8.370000124E-1,1.034595013E1,6.599999964E-2
2.055133488E2,4.138950348E0,1.225095081E1,-2.421000004E0
2.055157925E2,3.921000242E0,7.843950272E0,-4.612050056E0
2.055182361E2,5.506050110E0,8.302950859E0,-5.182050228E0
2.055206795E2,9.784950256E0,8.080950737E0,-1.305405045E1
2.055231232E2,5.389050484E0,5.682000160E0,-1.395195103E1
2.055255666E2,-2.346000195E0,6.274950504E0,-3.586950064E0
2.055280102E2,-4.500000179E-2,1.930050135E0,5.067000389E0
2.055304537E2,6.816000462E0,2.080500126E-1,-6.780000329E-1
2.055328973E2,4.596000195E0,-1.045050025E0,-4.118999958E0
2.055353408E2,2.761950016E0,1.149000049E0,2.902950048E0
2.055377844E2,7.110000134E0,1.294950008E0,-1.164000034E0
2.055402278E2,5.761950493E0,-1.567050099E0,-4.720050335E0
2.055426715E2,9.570000172E-1,-5.895000324E-2,-3.771000147E0
2.055451149E2,2.331000090E0,1.827000141E0,-5.746950150E0
2.055475586E2,7.429050446E0,1.165950060E0,-5.992950439E0
2.055500022E2,7.050000191E0,1.120050073E0,-4.810950279E0
2.055524457E2,6.136050224E0,3.654000282E0,-3.976950169E0
2.055548891E2,7.948050499E0,3.591000080E0,-5.578950405E0
2.055573328E2,2.620950222E0,1.930050135E0,-8.236949921E0
2.055597764E2,-1.168050051E0,3.225000143E0,-7.131000519E0
2.055622198E2,4.515000343E0,2.964000225E0,-7.348950386E0
2.055646634E2,8.251950264E0,-1.189050078E0,-7.549950123E0
2.055671069E2,3.445050240E0,-1.282050014E0,-5.560050488E0
2.055695505E2,3.753000259E0,4.029000282E0,-2.301000118E0
2.055719940E2,9.244050026E0,3.820950270E0,-6.970050335E0
2.055744376E2,4.290000439E0,7.024950504E0,-5.827950478E0
2.055768811E2,-9.840000272E-1,1.238295078E1,-2.767950058E0
2.055793247E2,4.765950203E0,1.279995060E1,-1.665000081E0
2.055817684E2,4.126950264E0,1.217505074E1,-8.191050529E0
2.055842118E2,-7.090500593E-1,1.541700077E1,1.027950048E0
2.055866555E2,4.660500288E-1,1.460505104E1,6.238050461E0
2.055890989E2,3.211950064E0,1.347000027E1,5.211000443E0
2.055915426E2,2.086950064E0,1.123395061E1,-4.333950043E0
2.055939860E2,9.589500427E-1,1.315200043E1,1.801050067E0
2.055964296E2,5.973000050E0,1.428405094E1,4.432950020E0
2.055988731E2,7.450050354E0,7.305000305E0,-5.922000408E0
2.056013167E2,5.716950417E0,1.115205097E1,-1.237905025E1
2.056037604E2,8.925000191E0,9.912000656E0,-1.749600029E1
2.056062038E2,4.126950264E0,9.963000298E0,-1.546800041E1
2.056086475E2,8.950500488E-1,8.998050690E0,-7.183050156E0
2.056110908E2,4.394999981E0,1.188495064E1,-3.379500210E-1
2.056135345E2,4.210950375E0,1.489005089E1,-5.269500017E-1
2.056159779E2,1.258950114E0,7.120950222E0,1.200000048E0
2.056184216E2,4.990950108E0,8.449049950E0,2.746950150E0
2.056208651E2,6.040050507E0,8.458950043E0,-4.762950420E0
2.056233087E2,1.737000108E0,3.586950064E0,4.969500303E-1
2.056257522E2,-3.300000131E-1,5.803950310E0,3.250050068E0
2.056281958E2,5.428950310E0,5.983050346E0,-3.537000179E0
2.056306392E2,7.611000538E0,9.940500259E-1,-8.698950768E0
2.056330828E2,1.084050059E0,2.449050188E0,-3.834000111E0
2.056355263E2,2.395950079E0,6.642000198E0,1.381950021E0
2.056379699E2,6.639000416E0,6.409050465E0,-8.310000300E-1
2.056404134E2,3.576000214E0,5.533050060E0,1.441950083E0
2.056428570E2,1.321050048E0,1.084395027E1,8.130000234E-1
2.056453005E2,2.058000088E0,1.302195072E1,2.296950102E0
2.056477441E2,3.415950060E0,9.757050514E0,-4.237950325E0
2.056501875E2,5.154000282E0,1.291200066E1,-6.355050087E0
2.056526312E2,9.343950272E0,1.095900059E1,-1.102605057E1
2.056550746E2,4.192049980E0,6.739950180E0,-9.819000244E0
2.056575183E2,3.100500107E-1,7.846050262E0,-3.478950262E0
2.056599619E2,2.851050138E0,1.012095070E1,-1.213950038E0
2.056624054E2,6.481050491E0,6.630000114E0,-5.778000355E0
2.056648490E2,3.385050058E0,5.907000065E0,-3.754950285E0
2.056672925E2,3.897000074E0,8.061000824E0,-8.340000510E-1
2.056697361E2,6.703050137E0,7.362000465E0,-4.164000034E0
2.056721795E2,4.227000237E0,6.997950554E0,-5.854950428E0
2.056746232E2,2.635050058E0,7.900950432E0,7.050000429E-1
2.056770666E2,2.152050018E0,1.367595100E1,3.940500319E-1
2.056795103E2,1.708950043E0,9.091050148E0,-5.791950226E0
2.056819539E2,1.813950062E0,7.669050217E0,-5.305950165E0
2.056843974E2,8.414999962E0,9.565050125E0,-6.211050510E0
2.056868410E2,9.700950623E0,5.353950024E0,-1.177995014E1
2.056892844E2,-1.111050010E0,8.847000122E0,-5.953050137E0
2.056917281E2,-1.912950039E0,7.891050339E0,4.753950119E0
2.056941716E2,6.439950466E0,6.772950172E0,-9.990000725E-1
2.056966152E2,6.552000523E0,6.271050453E0,-7.006050110E0
2.056990586E2,3.013950109E0,6.382950306E0,-5.100000277E-2
2.057015022E2,4.855050087E0,7.329000473E0,-8.500500321E-1
2.057039457E2,5.953950405E0,6.802050114E0,-3.349950075E0
2.057063893E2,1.438050032E0,7.378950119E0,-9.600000083E-2
2.057088328E2,1.227000117E0,1.109295082E1,5.760000348E-1
2.057112764E2,6.010950089E0,1.052295017E1,-4.885050297E0
2.057137199E2,4.917000294E0,8.392050743E0,-7.879950523E0
2.057161635E2,8.515950203E0,1.147605038E1,-8.789999962E0
2.057186072E2,8.544000626E0,1.003005028E1,-1.042800045E1
2.057210506E2,1.644000053E0,9.726000786E0,-6.106050491E0
2.057234943E2,-7.110000253E-1,1.014000034E1,2.991000175E0
2.057259377E2,2.089050055E0,1.151205063E1,2.320950031E0
2.057283813E2,4.201050282E0,6.220050335E0,-5.182050228E0
2.057308248E2,2.665950060E0,4.470000267E0,-5.560050488E0
2.057332684E2,6.885000229E0,6.226950169E0,-4.381950378E0
2.057357119E2,7.659000397E0,6.229950428E0,-6.669000149E0
2.057381555E2,1.393050075E0,6.924000263E0,-2.770950079E0
2.057405989E2,8.440500498E-1,8.017950058E0,2.481000185E0
2.057430426E2,2.461050034E0,1.063095093E1,7.360500097E-1
2.057454863E2,5.251950264E0,7.180050373E0,-4.930050373E0
2.057479297E2,8.242950439E0,8.454000473E0,-8.634000778E0
2.057503733E2,1.160205078E1,8.179050446E0,-1.402095032E1
2.057528168E2,5.185050011E0,7.068000317E0,-1.442595100E1
2.057552604E2,-1.812000036E0,8.758049965E0,-2.428050041E0
2.057577039E2,1.315950036E0,6.571950436E0,2.814000130E0
2.057601475E2,8.178000450E0,4.558950424E0,-4.231050014E0
2.057625910E2,5.829000473E0,3.922050238E0,-6.592050076E0
2.057650346E2,8.013000488E0,4.729050159E0,6.330000162E-1
2.057674780E2,1.215000057E1,4.506000042E0,-5.806950092E0
2.057699216E2,3.097050190E0,5.734050274E0,-1.041795063E1
2.057723651E2,-1.027050018E0,8.290950775E0,-1.846050143E0
2.057748087E2,7.599000454E0,7.506000519E0,-1.561950088E0
2.057772522E2,1.104195023E1,6.277950287E0,-8.116950035E0
2.057796958E2,6.531000137E0,9.250950813E0,-5.509950161E0
2.057821395E2,1.336395073E1,9.883950233E0,-6.994050503E0
2.057845829E2,8.848050117E0,8.242950439E0,-1.072905064E1
2.057870265E2,-1.465050101E0,1.099005032E1,-7.099950314E0
2.057894700E2,6.100500226E-1,1.004895020E1,2.185050011E0
2.057919136E2,7.315950394E0,8.536050797E0,-3.798000097E0
2.057943571E2,2.298000097E0,7.093950272E0,-1.717050076E0
2.057968007E2,7.750500441E-1,8.770050049E0,3.525000095E0
2.057992442E2,4.054950237E0,9.124950409E0,-4.699500203E-1
2.058016878E2,3.391950130E0,9.727950096E0,3.480000198E-1
2.058041312E2,2.056050062E0,9.129000664E0,-5.595000088E-2
2.058065749E2,1.468950033E0,1.075500011E1,-2.569950104E0
2.058090185E2,1.960050106E0,1.405905056E1,-3.096000195E0
2.058114619E2,7.990500331E-1,1.230900097E1,-2.950500250E-1
2.058139056E2,-7.129500508E-1,1.187100029E1,-1.609050035E0
2.058163491E2,1.050000072E0,1.329105091E1,1.405950069E0
2.058187927E2,1.741950035E0,9.262950897E0,-2.047950029E0
2.058212362E2,-5.890500546E-1,1.020000076E1,-3.451050282E0
2.058236798E2,-1.306950092E0,1.245300102E1,2.220000029E0
2.058261232E2,-7.639500499E-1,8.344050407E0,-5.100000277E-2
2.058285669E2,-2.997000217E0,8.524050713E0,-9.105000645E-2
2.058310103E2,-3.132000208E0,6.036000252E0,4.609500170E-1
2.058334539E2,1.210500076E-1,5.691000462E0,2.031000137E0
2.058358974E2,3.058950186E0,5.776950359E0,3.427050114E0
2.058383410E2,3.604950190E0,5.200050354E0,1.006950021E0
2.058407845E2,5.944050312E0,6.685050488E0,3.709950209E0
2.058432281E2,6.042000294E0,7.294950485E0,4.701000214E0
2.058456715E2,5.101050377E0,8.076000214E0,3.649950266E0
2.058481152E2,1.214505100E1,7.465050220E0,9.544950485E0
2.058505586E2,1.344795036E1,1.585050106E0,-1.844595146E1
2.058530023E2,3.094950199E0,8.038050652E0,-2.634000206E1
2.058554459E2,1.231950045E0,6.759000301E0,-2.488395119E1
2.058578894E2,1.836000085E0,2.749050140E0,-1.913595009E1
2.058603330E2,3.004050255E0,2.631000042E0,-1.023405075E1
2.058627765E2,4.551000118E0,4.012950420E0,-6.520500183E-1
2.058652201E2,9.310950279E0,3.790050268E0,5.074050426E0
2.058676635E2,8.070000648E0,1.426950097E0,2.484000206E0
2.058701072E2,7.726050377E0,2.710050106E0,2.689500153E-1
2.058725506E2,1.466700077E1,3.826050282E0,-6.216000080E0
2.058749942E2,1.392705059E1,1.398000121E0,-1.206300068E1
2.058774377E2,1.268895054E1,4.389000416E0,-1.909305000E1
2.058798814E2,1.440105057E1,4.765050411E0,-2.458005142E1
2.058823248E2,6.981000423E0,6.253950119E0,-2.472600174E1
2.058847684E2,5.860500336E-1,9.286950111E0,-1.957605171E1
2.058872121E2,2.209050179E0,1.206195068E1,-1.158195019E1
2.058896555E2,3.375000238E0,8.287050247E0,-9.409500360E-1
2.058920991E2,7.249500155E-1,7.519950390E0,5.742000103E0
2.058945426E2,1.906950116E0,1.208595085E1,1.642950058E0
2.058969862E2,1.969950080E0,1.246500015E1,1.773000121E0
2.058994297E2,1.096050024E0,1.015395069E1,1.141050100E0
2.059018733E2,1.764000058E0,9.931050301E0,1.834950089E0
2.059043167E2,3.471000195E0,1.473705101E1,-1.060500070E-1
2.059067603E2,3.435000181E0,1.303200054E1,2.248950005E0
2.059092038E2,3.784950256E0,1.391595078E1,1.461000085E0
2.059116474E2,4.756950378E0,1.492095089E1,2.934000254E0
2.059140911E2,2.713950157E0,1.003200054E1,3.882000208E0
2.059165345E2,1.171950102E0,1.076205063E1,-3.670950174E0
2.059189782E2,1.918950081E0,1.474200058E1,-1.392000079E0
2.059214216E2,2.962950230E0,1.038405037E1,2.452950001E0
2.059238653E2,4.420500100E-1,7.494000435E0,2.140500098E-1
2.059263087E2,-9.700500369E-1,8.039999962E0,-1.477950096E0
2.059287523E2,1.915050149E0,9.289950371E0,4.806000233E0
2.059311958E2,1.611000061E0,5.020950317E0,1.552050114E0
2.059336394E2,5.329500437E-1,1.812000036E0,3.111000061E0
2.059360829E2,2.932050228E0,6.759000301E0,1.837050080E0
2.059385265E2,4.159950256E0,8.703000069E0,2.311050177E0
2.059409699E2,1.893000126E0,6.463950157E0,4.396950245E0
2.059434136E2,3.415950060E0,8.296050072E0,6.166050434E0
2.059458572E2,1.424805069E1,5.437050343E0,2.929050207E0
2.059483006E2,8.242950439E0,5.209950447E0,-1.670805168E1
2.059507443E2,1.192305088E1,7.663950443E0,-2.419200134E1
2.059531878E2,5.568000317E0,3.543000221E0,-2.929695129E1
2.059556314E2,-1.266000032E0,3.586950064E0,-1.375800037E1
2.059580749E2,2.106000185E0,5.539950371E0,-3.088950157E0
2.059605185E2,5.002950191E0,6.912000179E0,5.950500369E-1
2.059629619E2,2.713950157E0,5.179050446E0,3.537000179E0
2.059654055E2,3.234000206E0,5.461050034E0,4.288949966E0
2.059678490E2,5.167950153E0,1.010895061E1,1.909050107E0
2.059702926E2,4.965000153E0,7.293000221E0,3.646950245E0
2.059727361E2,6.753000259E0,8.855999947E0,-9.370500445E-1
2.059751797E2,9.445050240E0,8.983050346E0,-5.092950344E0
2.059776232E2,4.764000416E0,5.895000458E0,-1.097100067E1
2.059800668E2,8.899500370E-1,7.743000507E0,-9.490950584E0
2.059825103E2,6.105000496E0,8.385000229E0,-9.889050484E0
2.059849540E2,6.736950397E0,5.796000481E0,-1.174905014E1
2.059873973E2,-7.780500650E-1,5.791950226E0,-3.325950146E0
2.059898410E2,2.650050163E0,8.380050659E0,4.777950287E0
2.059922847E2,7.266000271E0,8.269950867E0,-2.311050177E0
2.059947281E2,2.038950205E0,6.940950394E0,1.710000038E-1
2.059971717E2,-1.390500069E-1,8.346000671E0,3.042000055E0
2.059996152E2,1.243950009E0,1.103295040E1,-7.695000619E-2
2.060020588E2,5.305050373E0,1.175295067E1,-3.424050093E0
2.060045023E2,7.072050571E0,1.007505035E1,-6.112950325E0
2.060069459E2,1.153500080E1,9.924000740E0,-1.473495102E1
2.060093894E2,4.018949986E0,8.072999954E0,-1.306395054E1
2.060118330E2,-1.695000008E-2,1.055895042E1,-1.612050056E0
2.060142764E2,2.791050196E0,1.122405052E1,3.000000119E-2
2.060167201E2,4.237050056E0,1.012995052E1,-3.445950270E0
2.060191637E2,1.813950062E0,7.711950302E0,4.219500124E-1
2.060216072E2,4.708950043E0,8.305950165E0,1.141050100E0
2.060240508E2,7.728000164E0,8.119050026E0,-6.144000053E0
2.060264943E2,3.223950148E0,7.381050587E0,-6.621000290E0
2.060289379E2,1.869000077E0,1.004400063E1,-1.237950087E0
2.060313814E2,3.174000263E0,1.199295044E1,-2.064000130E0
2.060338250E2,1.885950089E0,1.077405071E1,-1.317000031E0
2.060362684E2,5.937000275E0,1.085295010E1,-1.281000018E0
2.060387120E2,1.122405052E1,9.297000885E0,-9.829050064E0
2.060411555E2,5.050950050E0,8.171999931E0,-1.141200066E1
2.060435991E2,8.970000148E-1,7.834050179E0,-2.674950123E0
2.060460426E2,4.122000217E0,7.345950127E0,-8.650500178E-1
2.060484862E2,5.002950191E0,6.757050514E0,-6.204000473E0
2.060509299E2,1.399950027E0,5.049000263E0,-9.649500251E-1
2.060533734E2,6.016050339E0,6.936000347E0,6.619500518E-1
2.060558170E2,8.728950500E0,4.528050423E0,-8.527050018E0
2.060582605E2,1.534050107E0,4.696950436E0,-4.072950363E0
2.060607041E2,2.065050125E0,7.912950516E0,1.483050108E0
2.060631475E2,5.250000477E0,8.404050827E0,-2.922000170E0
2.060655912E2,3.574050188E0,7.723950386E0,-4.198050022E0
2.060680346E2,6.619050503E0,1.041300011E1,-5.163000107E0
2.060704782E2,1.126200008E1,6.757050514E0,-1.146705055E1
2.060729217E2,3.913950205E0,6.922050476E0,-1.240800095E1
2.060753653E2,-5.119500160E-1,8.449049950E0,-4.042050362E0
2.060778088E2,4.303950310E0,8.521050453E0,-1.566000104E0
2.060802524E2,4.636950016E0,3.318000078E0,-4.662000179E0
2.060826961E2,3.300000131E-1,5.866050243E0,1.720050097E0
2.060851395E2,6.979050159E0,5.635950089E0,2.806950092E0
2.060875831E2,1.053600025E1,5.071050167E0,-7.156950474E0
2.060900266E2,1.764000058E0,4.231050014E0,-2.503050089E0
2.060924702E2,2.223000050E0,7.707000256E0,2.359050035E0
2.060949137E2,4.078950405E0,9.565050125E0,-2.890050173E0
2.060973573E2,3.397050142E0,9.619950294E0,-3.546000242E0
2.060998008E2,5.953950405E0,1.149195099E1,-5.008950233E0
2.061022444E2,8.863050461E0,9.922050476E0,-1.213995075E1
2.061046878E2,1.239000082E0,7.942050457E0,-8.110050201E0
2.061071315E2,-8.470500112E-1,9.759000778E0,3.147000074E0
2.061095749E2,2.595000029E0,1.098495007E1,6.430500150E-1
2.061120185E2,2.343000174E0,7.188000202E0,-3.702000141E0
2.061144620E2,1.120050073E0,6.883050442E0,-1.300500035E-1
2.061169056E2,5.536950111E0,6.891000271E0,-4.032000065E0
2.061193493E2,6.982950211E0,5.397000313E0,-9.003000259E0
2.061217928E2,1.737000108E0,5.350950241E0,-4.087950230E0
2.061242364E2,3.253050089E0,8.770050049E0,-7.450500131E-1
2.061266799E2,5.865000248E0,9.318000793E0,-3.285000086E0
2.061291235E2,3.988050222E0,8.812950134E0,-1.924950123E0
2.061315669E2,8.458050728E0,1.113300037E1,-3.501000166E0
2.061340105E2,8.037000656E0,8.344050407E0,-1.081995010E1
2.061364540E2,1.723050117E0,9.156000137E0,-6.453000069E0
2.061388976E2,2.580000162E-1,1.044105053E1,2.107950211E0
2.061413411E2,3.375000238E0,8.860950470E0,-5.029500127E-1
2.061437847E2,1.927050114E0,5.617050171E0,-3.034050226E0
2.061462282E2,3.504000187E0,7.602000237E0,2.323050022E0
2.061486718E2,9.190950394E0,8.679000854E0,-5.755950451E0
2.061511155E2,5.295000076E0,6.273000240E0,-9.642000198E0
2.061535589E2,1.570500135E-1,8.611950874E0,-2.380500138E-1
2.061560025E2,2.700000048E0,1.159095097E1,-9.010500312E-1
2.061584460E2,3.922950268E0,1.152405071E1,-4.432050228E0
2.061608896E2,5.319000244E0,1.117605019E1,-4.044000149E0
2.061633331E2,1.121400070E1,1.128405094E1,-8.590950012E0
2.061657767E2,8.536950111E0,8.148000717E0,-1.316895103E1
2.061682201E2,6.100500226E-1,9.244050026E0,-5.895000458E0
2.061706638E2,1.843050122E0,1.018305016E1,5.200500488E-1
2.061731072E2,5.839050293E0,8.100000381E0,-5.230050087E0
2.061755508E2,1.849950075E0,7.033950329E0,-4.237950325E0
2.061779943E2,1.498050094E0,7.390950203E0,1.106999993E0
2.061804379E2,9.001950264E0,6.637050152E0,-4.711950302E0
2.061828814E2,3.214950085E0,4.267050266E0,-7.837050438E0
2.061853250E2,-2.595000155E-2,7.744950294E0,2.059950113E0
2.061877684E2,1.771050096E0,9.292050362E0,2.206050158E0
2.061902121E2,2.877000093E0,7.389000416E0,-1.825050116E0
2.061926557E2,4.891050339E0,9.663000107E0,-3.211050034E0
2.061950992E2,1.015605068E1,7.899000168E0,-9.331050873E0
2.061975428E2,5.902950287E0,5.301000118E0,-1.243395042E1
2.061999863E2,-1.137000084E0,7.651950359E0,-4.356000423E0
2.062024299E2,2.700000107E-1,6.213000298E0,2.434050083E0
2.062048733E2,7.326000214E0,2.983050108E0,-4.204950333E0
2.062073170E2,3.459000111E0,3.472050190E0,-3.147000074E0
2.062097604E2,4.972050190E0,5.739000320E0,2.094000101E0
2.062122041E2,9.342000008E0,4.705049992E0,-6.333000183E0
2.062146475E2,1.041000009E0,3.385050058E0,-6.019950390E0
2.062170912E2,-1.621050119E0,8.212050438E0,2.650950193E0
2.062195348E2,1.522050023E0,7.302000523E0,4.099500179E-1
2.062219783E2,4.809000015E0,7.044000149E0,-4.794000149E0
2.062244219E2,5.983050346E0,9.835950851E0,-6.610950470E0
2.062268654E2,9.837000847E0,7.129950523E0,-1.108605099E1
2.062293090E2,2.595000029E0,5.977950096E0,-1.146000099E1
2.062317524E2,-2.023050070E0,8.892000198E0,-1.309950113E0
2.062341961E2,3.997950077E0,7.003050327E0,2.128950119E0
2.062366395E2,6.555000305E0,4.426949978E0,-5.056950092E0
2.062390831E2,1.105050087E0,6.673050404E0,3.270000219E-1
2.062415266E2,7.843050480E0,5.100000381E0,-5.295000225E-2
2.062439702E2,1.002195072E1,4.828950405E0,-1.055700016E1
2.062464137E2,9.139500260E-1,5.587950230E0,-3.678000212E0
2.062488573E2,6.340500116E-1,9.972000122E0,3.844050169E0
2.062513010E2,1.906950116E0,9.919050217E0,-1.030500084E-1
2.062537444E2,3.388950109E0,1.066200066E1,-5.250000358E-1
2.062561881E2,8.743050575E0,1.320405102E1,-4.435050011E0
2.062586315E2,9.439949989E0,9.544050217E0,-1.187400055E1
2.062610752E2,1.848000050E0,8.788949966E0,-9.196950912E0
2.062635186E2,3.990000188E-1,1.108095074E1,1.849500090E-1
2.062659622E2,3.909000158E0,1.116195011E1,-2.151000023E0
2.062684057E2,3.291000128E0,9.103050232E0,-5.476050377E0
2.062708493E2,6.769500375E-1,8.536050797E0,2.038050175E0
2.062732928E2,5.868000507E0,1.014000034E1,-2.754000187E0
2.062757364E2,6.222000122E0,7.807950497E0,-8.329950333E0
2.062781799E2,1.972050071E0,8.218950272E0,-3.874050140E0
2.062806235E2,3.535950184E0,1.059195042E1,-2.335050106E0
2.062830670E2,4.026000023E0,9.928950310E0,-3.594000101E0
2.062855106E2,3.394050121E0,1.044405079E1,-2.815950155E0
2.062879543E2,1.056495094E1,1.025505066E1,-5.349000454E0
2.062903977E2,8.760000229E0,7.480050564E0,-1.284300041E1
2.062928413E2,1.644000053E0,7.567950249E0,-6.088950157E0
2.062952848E2,1.507950068E0,8.109000206E0,1.672050118E0
2.062977284E2,4.038000107E0,7.927050591E0,-3.373950243E0
2.063001719E2,1.795050144E0,3.108000040E0,-4.357950211E0
2.063026155E2,1.105050087E0,6.960000515E0,2.926950216E0
2.063050590E2,1.017495060E1,4.018050194E0,-4.978050232E0
2.063075026E2,5.202000141E0,2.896950245E0,-9.331050873E0
2.063099460E2,-2.140050173E0,6.955050468E0,2.479500175E-1
2.063123896E2,2.671050072E0,7.152000427E0,8.700000644E-1
2.063148331E2,6.835050106E0,7.125000477E0,-4.207050323E0
2.063172768E2,5.701950073E0,1.011105061E1,-2.766000032E0
2.063197202E2,1.078800011E1,8.928000450E0,-6.187050343E0
2.063221639E2,5.643000126E0,5.659950256E0,-1.180395031E1
2.063246075E2,-2.752950191E0,1.098000050E1,-3.208950043E0
2.063270510E2,-2.149500102E-1,9.164999962E0,2.551050186E0
2.063294946E2,4.966950417E0,5.716950417E0,-4.156949997E0
2.063319380E2,2.721000195E0,6.438000202E0,-3.072000027E0
2.063343816E2,6.052050114E0,7.257000446E0,-7.260000110E-1
2.063368251E2,8.652000427E0,7.681050301E0,-7.911000252E0
2.063392687E2,3.315000057E0,5.421000481E0,-5.007000446E0
2.063417122E2,2.692950010E0,9.271050453E0,-7.690500617E-1
2.063441558E2,4.278000355E0,1.076205063E1,-4.336950302E0
2.063465993E2,3.246000051E0,1.116900063E1,-4.489950180E0
2.063490429E2,6.897000313E0,1.194000053E1,-4.684050083E0
2.063514866E2,1.154895020E1,8.583000183E0,-1.195305061E1
2.063539300E2,3.022950172E0,7.932000160E0,-1.042005062E1
2.063563736E2,-2.149500102E-1,8.788949966E0,1.078050017E0
2.063588171E2,4.126950264E0,8.785050392E0,-7.069500089E-1
2.063612607E2,2.620950222E0,6.673050404E0,-3.846000195E0
2.063637042E2,4.905000329E-2,6.441000462E0,2.331000090E0
2.063661478E2,5.464950085E0,7.525050163E0,-4.189500213E-1
2.063685913E2,6.889950275E0,4.489050388E0,-7.771950245E0
2.063710349E2,5.209500194E-1,5.494950294E0,-1.645050049E0
2.063734783E2,2.773950100E0,9.250950813E0,1.456950068E0
2.063759220E2,4.282950401E0,8.212050438E0,-2.277000189E0
2.063783654E2,4.282950401E0,9.330000877E0,-1.119000077E0
2.063808090E2,1.002900028E1,1.121700096E1,-4.399050236E0
2.063832527E2,8.700000763E0,6.970050335E0,-1.256100082E1
2.063856962E2,5.160000324E-1,9.499950409E0,-7.224000454E0
2.063881398E2,-3.299999982E-2,1.125795078E1,3.499500155E-1
2.063905833E2,5.962950230E0,7.135050297E0,-4.167000294E0
2.063930269E2,2.599050045E0,5.763000488E0,-5.164950371E0
2.063954703E2,2.973000050E0,7.420050144E0,1.083000064E0
2.063979140E2,9.603000641E0,7.056000233E0,-5.107050419E0
2.064003574E2,5.559000492E0,5.014050007E0,-7.558950424E0
2.064028010E2,1.072050095E0,6.670050144E0,-2.569500208E-1
2.064052445E2,4.912050247E0,9.835950851E0,-1.650000095E0
2.064076881E2,4.639050007E0,9.283050537E0,-4.459050179E0
2.064101316E2,4.519950390E0,1.114800072E1,-4.000950336E0
2.064125752E2,9.829950333E0,1.006095028E1,-9.451050758E0
2.064150186E2,5.953950405E0,7.201950550E0,-1.374105072E1
2.064174623E2,-1.170000061E-1,9.223050117E0,-4.642950058E0
2.064199057E2,-5.860500336E-1,9.097949982E0,2.770950079E0
2.064223494E2,3.106950045E0,5.491950035E0,-1.777050138E0
2.064247930E2,1.089000106E0,5.614950180E0,-1.729500145E-1
2.064272365E2,5.068050385E0,6.445050240E0,2.647050142E0
2.064296801E2,9.943050385E0,4.555950165E0,-6.412050247E0
2.064321236E2,1.591050029E0,3.024000168E0,-4.902000427E0
2.064345672E2,1.393050075E0,7.864950180E0,2.031000137E0
2.064370107E2,3.421050072E0,7.614000320E0,-7.429500222E-1
2.064394543E2,3.088050127E0,7.159050465E0,-2.677050114E0
2.064418977E2,7.263000488E0,9.634950638E0,-5.421000481E0
2.064443414E2,9.406050682E0,7.075050354E0,-1.259205055E1
2.064467850E2,1.201050043E0,6.430950165E0,-9.846000671E0
2.064492285E2,-1.266000032E0,9.019050598E0,1.456950068E0
2.064516721E2,4.729950428E0,6.277950287E0,4.390500188E-1
2.064541156E2,4.852050304E0,4.161000252E0,-4.236000061E0
2.064565592E2,5.929500461E-1,6.514950275E0,1.675050020E0
2.064590027E2,7.302000523E0,5.689050198E0,-1.858050108E0
2.064614463E2,7.693950176E0,3.538950205E0,-9.568050385E0
2.064638897E2,-5.479500294E-1,5.017950058E0,-1.471050024E0
2.064663333E2,1.239000082E0,9.064949989E0,2.565000057E0
2.064687768E2,4.033950329E0,6.370950222E0,-1.552050114E0
2.064712204E2,4.254000187E0,9.907050133E0,-1.882050037E0
2.064736639E2,9.516000748E0,1.006305027E1,-6.051000118E0
2.064761075E2,6.528000355E0,7.180050373E0,-1.183800030E1
2.064785510E2,-1.506000042E0,9.651000023E0,-5.811000347E0
2.064809946E2,-1.210950017E0,9.868950844E0,3.573000193E0
2.064834380E2,5.905950069E0,6.541050434E0,-3.156000137E0
2.064858817E2,2.997000217E0,6.337950230E0,-4.293000221E0
2.064883253E2,4.150950432E0,8.358000755E0,2.196000099E0
2.064907688E2,9.358050346E0,7.923000336E0,-6.285000324E0
2.064932124E2,3.610050201E0,6.277950287E0,-7.296000481E0
2.064956559E2,7.579500079E-1,9.213000298E0,2.734950066E0
2.064980995E2,4.066950321E0,1.159800053E1,-2.791950226E0
2.065005430E2,3.483000278E0,1.084095097E1,-4.875000000E0
2.065029866E2,4.555950165E0,1.352505112E1,-4.201950073E0
2.065054300E2,1.064895058E1,1.030305004E1,-1.070805073E1
2.065078737E2,4.648950100E0,8.583000183E0,-1.132305050E1
2.065103171E2,-2.659500241E-1,1.069305038E1,-3.067950249E0
2.065127607E2,3.658050060E0,1.008705044E1,-3.310500085E-1
2.065152044E2,5.377050400E0,7.530000210E0,-6.466950417E0
2.065176479E2,1.467000127E0,8.101950645E0,-9.030000567E-1
2.065200915E2,6.016050339E0,8.617050171E0,1.780500114E-1
2.065225350E2,7.891050339E0,5.533050060E0,-6.493950367E0
2.065249786E2,9.499500394E-1,5.763000488E0,-2.680050135E0
2.065274220E2,1.828050137E0,9.261000633E0,2.308950186E0
2.065298657E2,3.090000153E0,8.605050087E0,-2.188950062E0
2.065323091E2,2.434050083E0,8.538000107E0,-1.687950134E0
2.065347527E2,7.306950569E0,9.235050201E0,-3.850050211E0
2.065371962E2,8.394000053E0,5.574000359E0,-1.192605019E1
2.065396398E2,9.880500436E-1,6.529050350E0,-9.192000389E0
2.065420833E2,-1.867050052E0,7.570950508E0,2.282999992E0
2.065445269E2,5.046000004E0,3.583950281E0,-8.860500455E-1
2.065469704E2,4.242000103E0,2.109000206E0,-7.293000221E0
2.065494140E2,1.876050115E0,5.595000267E0,6.019500494E-1
2.065518577E2,1.030695057E1,4.092000008E0,-2.488050222E0
2.065543011E2,6.214950085E0,1.422000051E0,-9.336000443E0
2.065567448E2,-2.557050228E0,6.463950157E0,-1.447050095E0
2.065591882E2,2.009999990E0,5.080950260E0,-4.395000264E-2
2.065616318E2,5.578050137E0,6.226950169E0,-2.649000168E0
2.065640753E2,5.829000473E0,9.297000885E0,-5.800500512E-1
2.065665189E2,1.011705017E1,7.753050327E0,-4.791000366E0
2.065689624E2,5.542050362E0,5.953950405E0,-1.104300022E1
2.065714060E2,-1.954050064E0,9.216000557E0,-6.156000137E0
2.065738494E2,2.293050051E0,8.782050133E0,-1.501950026E0
2.065762931E2,6.969000340E0,4.152000427E0,-6.058050156E0
2.065787365E2,8.680500388E-1,7.008000374E0,-8.190000653E-1
2.065811801E2,4.479000092E0,7.350000381E0,2.170050144E0
2.065836238E2,1.013205051E1,6.591000080E0,-8.641050339E0
2.065860673E2,3.415950060E0,5.964000225E0,-6.925050259E0
2.065885109E2,1.833000064E0,9.450000763E0,-2.089500129E-1
2.065909544E2,4.444950104E0,9.928950310E0,-4.293000221E0
2.065933980E2,2.182950020E0,1.158600044E1,-3.628050089E0
2.065958414E2,5.479950428E0,1.290300083E1,-2.305950165E0
2.065982851E2,8.401050568E0,1.060200024E1,-8.431050301E0
2.066007285E2,1.579050064E0,9.442950249E0,-7.605000496E0
2.066031721E2,-8.260500431E-1,1.060905075E1,3.043950081E0
2.066056156E2,3.094950199E0,9.988950729E0,1.449000120E0
2.066080592E2,2.674050093E0,8.397000313E0,-3.448050261E0
2.066105027E2,1.327950120E0,9.189000130E0,1.039950013E0
2.066129463E2,5.865000248E0,1.126995087E1,-1.480050087E0
2.066153898E2,5.604000092E0,8.320050240E0,-7.006050110E0
2.066178334E2,2.700000048E0,8.548050880E0,-1.711950064E0
2.066202768E2,4.876049995E0,1.176795101E1,-3.087000132E0
2.066227205E2,5.341050148E0,1.229895020E1,-2.971950054E0
2.066251641E2,4.290000439E0,1.371405029E1,-9.919500351E-1
2.066276076E2,1.106805038E1,1.283595085E1,-5.815950394E0
2.066300512E2,5.805000305E0,1.044600010E1,-1.183800030E1
2.066324946E2,5.860500336E-1,9.690000534E0,-5.835000515E0
2.066349383E2,1.948050141E0,8.875950813E0,-8.719500303E-1
2.066373817E2,4.105050087E0,9.052950859E0,-4.368000031E0
2.066398253E2,7.009500265E-1,5.607000351E0,-3.238050222E0
2.066422688E2,3.090000153E0,7.099050522E0,1.275000095E0
2.066447124E2,8.176050186E0,8.029950142E0,-4.794000149E0
2.066471559E2,3.334050179E0,4.864950180E0,-5.962050438E0
2.066495996E2,1.426050067E0,8.959050179E0,2.496000051E0
2.066520432E2,2.226000071E0,9.715950012E0,-2.520000041E-1
2.066544866E2,1.747050047E0,8.986050606E0,-1.801050067E0
2.066569303E2,5.377050400E0,1.124295044E1,-2.866050243E0
2.066593737E2,1.095300007E1,7.441050529E0,-1.089900017E1
2.066618173E2,4.924050331E0,4.957950115E0,-1.123395061E1
2.066642608E2,-1.258950114E0,9.373950005E0,2.190000117E-1
2.066667044E2,5.226000309E0,5.361000061E0,8.100000620E-1
2.066691479E2,6.828000546E0,3.430950165E0,-5.419050217E0
2.066715915E2,1.924050093E0,4.489050388E0,-1.399050117E0
2.066740349E2,8.620950699E0,6.603000164E0,-2.634000063E0
2.066764786E2,6.910950184E0,2.482950211E0,-8.734950066E0
2.066789220E2,-8.500500321E-1,2.974050045E0,-3.847950220E0
2.066813656E2,1.608000040E0,7.008000374E0,4.870500267E-1
2.066838093E2,3.631050110E0,5.571000099E0,-2.188950062E0
2.066862527E2,3.700950146E0,8.404050827E0,-2.047950029E0
2.066886964E2,8.698050499E0,7.884000301E0,-2.725050211E0
2.066911399E2,5.121000290E0,6.037950516E0,-8.361000061E0
2.066935835E2,-1.795950055E0,7.462950230E0,-7.144950390E0
2.066960270E2,-1.890000105E-1,6.289950371E0,-2.163000107E0
2.066984706E2,6.607050419E0,3.943050146E0,-6.393000126E0
2.067009140E2,5.279999971E-1,3.679950237E0,-5.143050194E0
2.067033576E2,1.251000047E0,6.007050514E0,4.075950146E0
2.067058011E2,8.707050323E0,4.209000111E0,-2.811000109E0
2.067082447E2,5.845950127E0,3.934050083E0,-5.859000206E0
2.067106882E2,1.915050149E0,7.396050453E0,2.970000029E0
2.067131319E2,3.520950079E0,8.763000488E0,-9.370500445E-1
2.067155755E2,3.418050051E0,8.445000648E0,-3.478950262E0
2.067180190E2,7.642050266E0,1.241400051E1,-6.676050186E0
2.067204626E2,9.604950905E0,8.751000404E0,-1.505295086E1
2.067229060E2,9.930000305E-1,8.662050247E0,-1.246005058E1
2.067253496E2,-9.649500251E-1,1.039395046E1,-4.600500166E-1
2.067277931E2,3.466050148E0,9.490950584E0,1.858950138E0
2.067302367E2,4.266000271E0,8.128950119E0,-1.878000140E0
2.067326802E2,3.097050190E0,9.055050850E0,2.031000137E0
2.067351238E2,8.767050743E0,1.006800079E1,-3.568050146E0
2.067375673E2,5.362050056E0,6.960000515E0,-1.012095070E1
2.067400109E2,1.030950069E0,8.545050621E0,-3.055950165E0
2.067424543E2,4.302000046E0,1.010895061E1,-2.875950098E0
2.067448979E2,3.916050196E0,9.840000153E0,-3.826950073E0
2.067473414E2,4.480950356E0,1.290300083E1,-6.970500350E-1
2.067497850E2,1.187505054E1,1.132695007E1,-6.621000290E0
2.067522287E2,6.733950138E0,8.695950508E0,-1.198395061E1
2.067546722E2,5.879999995E-1,1.045095062E1,-3.903000116E0
2.067571158E2,2.155950069E0,1.080300045E1,1.737000108E0
2.067595593E2,4.338000298E0,7.578000546E0,-2.935950041E0
2.067620029E2,1.290000081E0,6.816000462E0,-5.779500008E-1
2.067644463E2,4.117050171E0,9.175050735E0,2.042999983E0
2.067668899E2,8.049000740E0,7.939050198E0,-5.518950462E0
2.067693334E2,1.630050063E0,6.511950493E0,-2.470950127E0
2.067717770E2,5.980500579E-1,8.755949974E0,2.296950102E0
2.067742207E2,2.554050207E0,1.089195061E1,-1.387050033E0
2.067766641E2,9.160500169E-1,1.014705086E1,-1.564050078E0
2.067791078E2,4.656000137E0,1.171800041E1,-5.299500227E-1
2.067815513E2,8.686050415E0,8.440050125E0,-1.129395008E1
2.067839949E2,2.536950111E0,7.243050575E0,-1.093995094E1
2.067864383E2,7.200000286E-1,8.470950127E0,-2.943000078E0
2.067888819E2,5.266950130E0,7.234950542E0,-3.367050171E0
2.067913254E2,3.022950172E0,3.994050264E0,-6.172950268E0
2.067937690E2,1.350000024E0,6.024000168E0,1.798950076E0
2.067962125E2,7.342050552E0,6.951000214E0,-9.769500494E-1
2.067986561E2,6.871050358E0,2.167050123E0,-8.104949951E0
2.068010996E2,1.093050003E0,4.504050255E0,-1.525950074E0
2.068035432E2,3.628950119E0,6.673050404E0,6.520500183E-1
2.068059866E2,4.777950287E0,5.586000443E0,-3.408000231E0
2.068084303E2,3.052050114E0,1.022100067E1,-2.351999998E0
2.068108737E2,7.618050575E0,9.250950813E0,-3.156000137E0
2.068133174E2,6.073050499E0,4.365000248E0,-9.087000847E0
2.068157608E2,-1.918050051E0,8.457000732E0,-7.674000263E0
2.068182045E2,2.620950222E0,7.495950222E0,-3.388050079E0
2.068206479E2,7.438050270E0,3.256050110E0,-8.376000404E0
2.068230916E2,3.660000265E-1,4.305000305E0,-3.994050264E0
2.068255352E2,5.098950386E0,5.260050297E0,2.982000113E0
2.068279786E2,1.143195057E1,5.610000134E0,-5.164950371E0
2.068304223E2,4.126950264E0,4.803000450E0,-5.050050259E0
2.068328657E2,1.824000120E0,8.715000153E0,3.394050121E0
2.068353093E2,4.720950127E0,7.381050587E0,-3.148950100E0
2.068377528E2,3.382050276E0,1.007505035E1,-3.645000219E0
2.068401965E2,8.623050690E0,1.117605019E1,-6.709050179E0
2.068426399E2,8.058000565E0,8.176050186E0,-1.380600071E1
2.068450835E2,-1.819500029E-1,8.701050758E0,-8.052000046E0
2.068475269E2,-5.580000281E-1,1.018005085E1,3.340950251E0
2.068499706E2,2.992050171E0,8.631000519E0,4.890000224E-1
2.068524142E2,2.527950048E0,8.490000725E0,-2.020950079E0
2.068548577E2,3.148050070E0,1.010100079E1,2.653950214E0
2.068573013E2,8.295000076E0,1.104705048E1,-5.020950317E0
2.068597448E2,4.800000191E0,6.940950394E0,-7.212000370E0
2.068621884E2,2.548950195E0,9.189000130E0,-1.879950047E0
2.068646319E2,5.595000267E0,1.066605091E1,-5.026050091E0
2.068670755E2,3.528000116E0,1.160700035E1,-3.870000124E0
2.068695190E2,5.698050499E0,1.324995041E1,-2.344050169E0
2.068719626E2,1.111305046E1,1.020195007E1,-8.815950394E0
2.068744060E2,3.318000078E0,9.097949982E0,-9.067950249E0
2.068768497E2,4.450500309E-1,1.017600060E1,-9.769500494E-1
2.068792933E2,4.468950272E0,1.020900059E1,1.186050057E0
2.068817367E2,3.876000166E0,6.781050205E0,-3.757050276E0
2.068841804E2,2.005950212E0,6.783000469E0,9.589500427E-1
2.068866238E2,7.528950214E0,9.538950920E0,3.900000080E-2
2.068890675E2,5.986950397E0,6.072000504E0,-5.821050167E0
2.068915110E2,1.516950130E0,7.056000233E0,-1.201950073E0
2.068939546E2,3.112050056E0,9.189000130E0,-1.695000008E-2
2.068963980E2,2.997000217E0,1.007700062E1,-1.309950113E0
2.068988416E2,2.392950058E0,1.012095070E1,1.045050025E0
2.069012851E2,8.851050377E0,1.153305054E1,-4.381950378E0
2.069037287E2,6.985950470E0,6.594000340E0,-1.048305035E1
2.069061722E2,8.080500364E-1,8.266950607E0,-6.859950542E0
2.069086158E2,1.303950071E0,8.875950813E0,-1.222050071E0
2.069110595E2,4.584000111E0,5.701050282E0,-5.344950199E0
2.069135029E2,1.053000093E0,5.184000015E0,-3.622950077E0
2.069159466E2,3.993000269E0,7.474950314E0,4.200000167E-1
2.069183900E2,8.179950714E0,5.545050144E0,-7.212000370E0
2.069208336E2,2.038950205E0,2.491950035E0,-6.654000282E0
2.069232771E2,1.369050026E0,6.702000141E0,8.505000174E-2
2.069257207E2,4.321050167E0,5.361000061E0,-2.950050116E0
2.069281642E2,3.604950190E0,6.868950367E0,-4.183050156E0
2.069306078E2,5.350050449E0,9.883950233E0,-1.642950058E0
2.069330513E2,7.615050316E0,4.621050358E0,-6.100950241E0
2.069354949E2,2.149500102E-1,6.666000366E0,-6.664050102E0
2.069379383E2,-7.230000496E-1,6.148050308E0,-3.493950129E0
2.069403820E2,7.009950161E0,5.095050335E0,-4.228950024E0
2.069428254E2,4.057950020E0,1.663950086E0,-7.843950272E0
2.069452690E2,4.420500100E-1,5.286000252E0,-3.000000026E-3
2.069477125E2,8.416950226E0,4.084949970E0,8.200500607E-1
2.069501562E2,6.294000149E0,3.667950153E0,-6.882000446E0
2.069525996E2,-5.070000291E-1,6.934050560E0,-2.395050049E0
2.069550433E2,4.057950020E0,5.670000076E0,-1.528050065E0
2.069574869E2,6.153000355E0,5.157000065E0,-7.152000427E0
2.069599303E2,6.940050125E0,8.713050842E0,-4.735949993E0
2.069623739E2,1.103400040E1,6.955050468E0,-8.407050133E0
2.069648174E2,4.198950291E0,7.336050510E0,-1.201500034E1
2.069672610E2,-9.840000272E-1,8.308050156E0,-4.588050365E0
2.069697045E2,5.106000423E0,7.674000263E0,4.650000334E-1
2.069721481E2,5.458050251E0,3.828000069E0,-3.669000149E0
2.069745916E2,9.570000172E-1,8.385000229E0,3.319050074E0
2.069770352E2,5.997000217E0,8.920950890E0,2.098050117E0
2.069794789E2,6.504000187E0,7.963050365E0,-7.903950214E0
2.069819224E2,1.456950068E0,9.052950859E0,-1.066050053E0
2.069843660E2,2.500950098E0,1.087005043E1,1.641000032E0
2.069868094E2,3.181050062E0,1.187595081E1,-3.546000242E0
2.069892530E2,4.117050171E0,1.510800076E1,-1.171050072E0
2.069916965E2,6.571950436E0,1.751205063E1,-6.565950394E0
2.069941401E2,4.393050194E0,1.349400043E1,-7.128000259E0
2.069965836E2,1.180050015E0,1.181595039E1,-3.052950144E0
2.069990272E2,2.985000134E0,1.404705048E1,1.014000058E0
2.070014707E2,5.038950443E0,1.166205025E1,-2.899950027E0
2.070039143E2,2.166000128E0,8.844000816E0,-2.521950006E0
2.070063580E2,5.178000450E0,1.122900009E1,-5.254050255E0
2.070088013E2,6.958950520E0,8.121000290E0,-1.322205067E1
2.070112450E2,3.150000095E0,5.061000347E0,-1.391805077E1
2.070136884E2,1.359000087E0,3.217950106E0,-7.534950256E0
2.070161319E2,4.917000294E0,5.257950306E0,-3.268950224E0
2.070185756E2,1.030950069E0,4.888950348E0,-4.909500182E-1
2.070210192E2,1.471950054E0,5.350950241E0,3.508950233E0
2.070234626E2,1.809000134E0,3.274950266E0,8.010000587E-1
2.070259063E2,9.090000391E-1,9.430500269E-1,5.017050266E0
2.070283497E2,2.235000134E0,3.555000067E0,4.420950413E0
2.070307933E2,3.430050135E0,4.726050377E0,6.979950428E0
2.070332368E2,2.815050125E0,1.501050115E0,5.163000107E0
2.070356804E2,5.929950237E0,1.137000084E0,-1.513950109E0
2.070381239E2,1.170705032E1,4.116000175E0,-4.399050236E0
2.070405675E2,1.079505062E1,1.920000076E0,-1.054695034E1
2.070430109E2,3.958950281E0,7.354950428E0,-1.759095001E1
2.070454546E2,4.696950436E0,9.180000305E0,-1.784700012E1
2.070478982E2,3.910950184E0,7.582950592E0,-1.603995132E1
2.070503417E2,3.730500042E-1,1.011300087E1,-4.489950180E0
2.070527853E2,2.997000217E0,1.518900108E1,8.865000725E0
2.070552288E2,2.475000143E0,1.227495098E1,6.982950211E0
2.070576724E2,1.335000038E0,8.077950478E0,-1.897050142E0
2.070601158E2,2.970000029E0,1.122900009E1,-8.170500398E-1
2.070625595E2,5.434050083E0,1.054200077E1,5.380950451E0
2.070650029E2,5.917950153E0,7.597050190E0,-4.681050301E0
2.070674465E2,1.215000057E1,8.554950714E0,-1.380600071E1
2.070698900E2,4.783050060E0,7.390950203E0,-1.697595024E1
2.070723336E2,3.850500286E-1,6.613050461E0,-8.006999969E0
2.070747773E2,2.803050041E0,8.899050713E0,-1.963950038E0
2.070772208E2,2.584950209E0,1.074105072E1,-6.949500442E-1
2.070796644E2,2.628000021E0,1.064505005E1,1.600050092E0
2.070821078E2,6.811050415E0,1.228995037E1,-3.331050158E0
2.070845515E2,1.608000040E0,7.471950531E0,-7.020000219E-1
2.070869949E2,-8.470500112E-1,6.457050323E0,5.260950089E0
2.070894385E2,4.117050171E0,8.404050827E0,5.208000183E0
2.070918820E2,4.969950199E0,5.713050365E0,-6.874050140E0
2.070943256E2,3.615000248E0,4.420050144E0,-2.107050180E0
2.070967691E2,7.548000336E0,8.322000504E0,-4.653000355E0
2.070992127E2,6.507000446E0,7.774050236E0,-7.686000347E0
2.071016564E2,7.609500289E-1,8.155050278E0,-7.759500146E-1
2.071040998E2,3.448950052E0,1.155705070E1,1.411050081E0
2.071065435E2,3.184050083E0,1.102095032E1,-3.163050175E0
2.071089869E2,2.941950083E0,9.096000671E0,-1.027950048E0
2.071114305E2,9.065999985E0,1.325505066E1,-8.039999962E0
2.071138740E2,7.345050335E0,9.358950615E0,-1.135395050E1
2.071163176E2,1.158000112E0,7.627950191E0,-8.272950172E0
2.071187611E2,3.172050238E0,8.677050591E0,-2.035950184E0
2.071212047E2,4.809000015E0,7.033950329E0,-5.043000221E0
2.071236482E2,1.429050088E0,5.088000298E0,-4.018050194E0
2.071260919E2,5.713950157E0,6.474000454E0,-1.662000060E0
2.071285355E2,7.375950336E0,5.799000263E0,-7.978050232E0
2.071309789E2,1.711050034E0,3.091050148E0,-8.029050827E0
2.071334225E2,1.909950137E0,3.799950123E0,2.685000181E0
2.071358660E2,4.788000107E0,4.792950153E0,3.705000132E-2
2.071383096E2,2.998950243E0,6.393000126E0,-5.299500227E-1
2.071407531E2,2.947050095E0,1.235895061E1,2.790000200E0
2.071431967E2,1.222950101E0,4.729050159E0,1.800000109E-2
2.071456401E2,2.494050026E0,1.630050063E0,1.183950067E0
2.071480838E2,4.711050034E0,5.715000153E0,-4.915950298E0
2.071505275E2,1.047900009E1,3.036000252E0,-1.216305065E1
2.071529708E2,8.137050629E0,-8.130000234E-1,-1.426095104E1
2.071554145E2,1.936050057E0,2.884950161E0,-1.171305084E1
2.071578579E2,6.847050190E0,4.795950413E0,-1.027395058E1
2.071603016E2,3.943050146E0,4.252050400E0,-7.842000484E0
2.071627451E2,-2.010000050E-1,6.108000278E0,1.011000037E0
2.071651887E2,1.900050044E0,9.433050156E0,4.330049992E0
2.071676321E2,2.386050224E0,8.740950584E0,5.424000263E0
2.071700758E2,3.756000280E0,1.117905045E1,1.897050142E0
2.071725192E2,5.358000278E0,1.146405029E1,2.754000187E0
2.071749629E2,3.229050159E0,6.964950562E0,3.384000063E0
2.071774063E2,1.455000043E0,8.296050072E0,1.057050109E0
2.071798500E2,8.134950638E0,1.155000019E1,-2.337000132E0
2.071822934E2,5.152050018E0,6.667950153E0,-1.260195065E1
2.071847371E2,2.275950193E0,7.846050262E0,-7.075950146E0
2.071871805E2,6.282000065E0,1.204995060E1,-1.150695038E1
2.071896242E2,1.897950053E0,9.751950264E0,-7.672050476E0
2.071920678E2,3.510000110E-1,1.003005028E1,4.939500093E-1
2.071945112E2,3.904050112E0,1.266795063E1,-1.444050074E0
2.071969549E2,2.475000143E0,1.154805088E1,2.830950022E0
2.071993983E2,3.748950243E0,1.455195045E1,2.007000208E0
2.072018419E2,1.263900089E1,1.325895023E1,-2.316000223E0
2.072042854E2,4.531949997E0,6.852000237E0,-9.946050644E0
2.072067291E2,4.636950016E0,9.654000282E0,-7.935000420E0
2.072091725E2,9.844050407E0,9.201000214E0,-9.727950096E0
2.072116162E2,4.678050041E0,7.795950413E0,-1.175205040E1
2.072140596E2,1.761000037E0,8.808000565E0,-2.554950237E0
2.072165033E2,6.463950157E0,1.036500072E1,1.605000019E0
2.072189469E2,3.817950249E0,8.124000549E0,-7.590000629E-1
2.072213903E2,1.998000145E0,8.269950867E0,4.854000092E0
2.072238340E2,4.519950390E0,1.105200100E1,1.251000047E0
2.072262774E2,1.960050106E0,1.073295021E1,-2.644050121E0
2.072287210E2,1.089000106E0,1.073805046E1,-7.950000465E-3
2.072311645E2,5.311950207E0,1.208595085E1,-9.277950287E0
2.072336081E2,2.164050102E0,8.911050797E0,-9.475050926E0
2.072360516E2,-8.550000191E-1,7.201950550E0,2.160000056E-1
2.072384952E2,1.792950034E0,1.089900017E1,3.300000191E0
2.072409387E2,2.146950006E0,9.217950821E0,1.123950005E0
2.072433823E2,2.295000106E-2,4.192049980E0,-1.260000110E0
2.072458260E2,-6.439500451E-1,8.380050659E0,5.640000105E-1
2.072482694E2,3.823050261E0,1.085805035E1,3.046050072E0
2.072507130E2,1.138950109E0,5.337000370E0,-2.115000010E0
2.072531565E2,6.222000122E0,5.823000431E0,-3.877050161E0
2.072556001E2,6.840000153E0,6.045000076E0,-1.089405060E1
2.072580436E2,4.812000275E0,7.659000397E0,-6.448050499E0
2.072604872E2,8.566050529E0,9.072000504E0,-8.122050285E0
2.072629307E2,5.745000362E0,5.353950024E0,-1.013805008E1
2.072653743E2,1.363950014E0,5.643000126E0,-2.929050207E0
2.072678177E2,3.892050266E0,6.703950405E0,-2.299500108E-1
2.072702614E2,4.030950069E0,5.205000401E0,-1.834950089E0
2.072727051E2,4.519500136E-1,3.840000153E0,-2.140950203E0
2.072751485E2,3.591000080E0,8.518950462E0,2.331000090E0
2.072775921E2,7.270950317E0,4.326000214E0,-1.486950040E0
2.072800356E2,2.937000036E0,3.690000057E0,-6.240000248E0
2.072824792E2,2.334000111E0,6.534000397E0,-7.486950397E0
2.072849227E2,6.160050392E0,5.437050343E0,-7.726950169E0
2.072873663E2,4.608000278E0,8.623950005E0,-7.995000362E0
2.072898098E2,9.436950684E0,1.111200047E1,-4.759950161E0
2.072922535E2,7.936050415E0,7.294950485E0,-4.972950459E0
2.072946971E2,-2.179500163E-1,9.591000557E0,-2.344050169E0
2.072971405E2,-5.269500017E-1,1.207905102E1,3.135000229E0
2.072995842E2,2.743050098E0,1.070700073E1,4.435050011E0
2.073020276E2,2.566050053E0,8.562000275E0,5.710500479E-1
2.073044712E2,5.508000374E0,1.066395092E1,6.070500016E-1
2.073069147E2,1.286400032E1,9.964950562E0,-8.203050613E0
2.073093583E2,3.748950243E0,8.695950508E0,-7.617000580E0
2.073118018E2,5.202000141E0,1.251495075E1,-7.435050488E0
2.073142454E2,3.985950232E0,1.167000103E1,-9.694950104E0
2.073166891E2,1.021950006E0,1.288395023E1,-2.289000034E0
2.073191325E2,6.427950382E0,1.552395058E1,-5.124000072E0
2.073215762E2,5.815050125E0,1.029300022E1,-7.984950542E0
2.073240196E2,1.347000122E0,8.089950562E0,-3.616050243E0
2.073264632E2,3.904050112E0,6.727950096E0,-2.281949997E0
2.073289067E2,6.382050514E0,6.199050426E0,-6.610950470E0
2.073313503E2,2.511000156E0,3.103050232E0,-5.737050056E0
2.073337938E2,3.400950193E0,5.466000080E0,-7.210500240E-1
2.073362374E2,5.680950165E0,4.361999989E0,-2.608050108E0
2.073386809E2,7.800000310E-1,1.827000141E0,-1.072950006E0
2.073411245E2,2.917950153E0,4.465050220E0,6.175950527E0
2.073435682E2,4.042950153E0,3.378000259E0,2.344950199E0
2.073460116E2,3.471000195E0,2.941950083E0,-3.120000064E-1
2.073484552E2,7.254000187E0,9.997950554E0,1.138050079E0
2.073508987E2,5.796000481E0,5.892000198E0,-5.661000252E0
2.073533423E2,2.050500065E-1,4.891050339E0,-8.710950851E0
2.073557858E2,1.225050092E0,8.657999992E0,-7.005000114E-2
2.073582294E2,3.820050240E0,7.183050156E0,-5.389950275E0
2.073606728E2,3.130500019E-1,4.249950409E0,-1.066050053E0
2.073631165E2,2.745000124E0,7.077000141E0,3.535050154E0
2.073655599E2,6.411000252E0,7.695000172E0,-4.060950279E0
2.073680035E2,3.777000189E0,4.384050369E0,-3.064950228E0
2.073704470E2,6.574050426E0,6.187050343E0,-4.360050201E0
2.073728907E2,7.639050484E0,3.994050264E0,-1.022205067E1
2.073753343E2,4.393050194E0,7.089000225E0,-6.136950493E0
2.073777778E2,8.503950119E0,1.137495041E1,-6.436050415E0
2.073802214E2,5.889000416E0,7.417050362E0,-1.042500019E1
2.073826648E2,4.999500215E-1,6.988950253E0,-5.917050362E0
2.073851085E2,2.833950043E0,7.257000446E0,-3.840000033E-1
2.073875519E2,3.964050293E0,7.261950493E0,-4.702950001E0
2.073899955E2,9.469500184E-1,3.409050226E0,-2.767950058E0
2.073924392E2,7.219500542E-1,7.200000286E0,3.712050200E0
2.073948827E2,7.450050354E0,5.890050411E0,-2.155050039E0
2.073973263E2,3.139950037E0,3.996000290E0,-5.755950451E0
2.073997698E2,3.238950253E0,7.828950405E0,-1.180500090E-1
2.074022134E2,5.793000221E0,6.823950291E0,-4.770000458E0
2.074046568E2,1.969950080E0,9.685050011E0,-2.770950079E0
2.074071005E2,6.154950142E0,1.236405087E1,-4.870500267E-1
2.074095439E2,6.784950256E0,1.053705025E1,-7.519050121E0
2.074119875E2,1.254000068E0,8.995050430E0,-2.485950232E0
2.074144312E2,3.331950188E0,1.151895046E1,1.597950101E0
2.074168747E2,2.865000248E0,1.212000084E1,-2.719950199E0
2.074193183E2,3.457050085E0,7.972950459E0,-8.719500303E-1
2.074217618E2,7.996050358E0,1.062795067E1,-3.970050097E0
2.074242054E2,9.065999985E0,1.201695061E1,-9.156000137E0
2.074266488E2,4.201050282E0,1.039800072E1,-6.943950176E0
2.074290924E2,2.287950039E0,1.343205070E1,-3.091950178E0
2.074315359E2,2.482050180E0,1.198095036E1,-3.123000145E0
2.074339795E2,1.330050111E0,1.423200035E1,-2.659500241E-1
2.074364230E2,7.519950390E0,1.725795174E1,1.749000072E0
2.074388666E2,8.140049934E0,1.290300083E1,-8.348999977E0
2.074413101E2,1.576950073E0,9.043050766E0,-5.673000336E0
2.074437537E2,3.045000076E0,9.711000443E0,-2.008949995E0
2.074461974E2,4.386000156E0,1.021905041E1,-5.035950184E0
2.074486408E2,1.222950101E0,5.389050484E0,-3.718950272E0
2.074510844E2,3.217050076E0,5.928000450E0,1.710000038E-1
2.074535279E2,5.619000435E0,1.042905045E1,-3.345000267E0
2.074559715E2,2.009999990E0,5.836950302E0,-2.979000092E0
2.074584150E2,2.128050089E0,6.735000134E0,2.697000027E0
2.074608586E2,3.271950245E0,7.195050240E0,-8.190000653E-1
2.074633021E2,1.869000077E0,6.369000435E0,-2.191050053E0
2.074657457E2,5.130000114E0,1.193505096E1,-1.165950060E0
2.074681894E2,8.461050034E0,4.666050434E0,-8.670000076E0
2.074706328E2,2.215950012E0,5.470950127E0,-9.396000862E0
2.074730764E2,2.206950188E0,7.345950127E0,-3.961050272E0
2.074755199E2,7.909950256E0,4.080000401E0,-6.580050468E0
2.074779635E2,2.877000093E0,3.498000145E0,-7.497000217E0
2.074804070E2,2.857950211E0,5.655000210E0,2.623050213E0
2.074828506E2,8.998950005E0,5.265000343E0,-1.729500145E-1
2.074852941E2,3.904050112E0,3.931050301E0,-5.470950127E0
2.074877378E2,1.942950130E0,5.854050159E0,1.393950105E0
2.074901814E2,5.161050320E0,4.165950298E0,-2.529000044E0
2.074926248E2,4.789950371E0,5.832000256E0,-3.742950201E0
2.074950685E2,8.551950455E0,9.145950317E0,-4.399050236E0
2.074975119E2,7.105050564E0,7.525050163E0,-9.538950920E0
2.074999555E2,-1.000500023E-1,8.820000648E0,-7.044000149E0
2.075023990E2,5.860500336E-1,9.627000809E0,1.243950009E0
2.075048426E2,6.603000164E0,7.695000172E0,-4.087950230E0
2.075072861E2,2.439000130E0,6.667950153E0,-2.364000082E0
2.075097297E2,2.820000172E0,9.984000206E0,7.020000219E-1
2.075121734E2,7.350000381E0,1.036695004E1,-5.194050312E0
2.075146168E2,3.337050200E0,8.827950478E0,-5.112000465E0
2.075170605E2,3.093000174E0,1.094700050E1,-1.770000100E0
2.075195038E2,4.222949982E0,1.038600063E1,-4.030050278E0
2.075219475E2,3.409050226E0,1.208595085E1,-1.770000100E0
2.075243910E2,8.164050102E0,1.586400032E1,-4.365000248E0
2.075268346E2,8.632950783E0,1.375995064E1,-8.979000092E0
2.075292781E2,2.656950235E0,1.077900028E1,-6.439050198E0
2.075317217E2,3.154950142E0,1.403505039E1,-5.107050419E0
2.075341651E2,5.671050072E0,1.225905037E1,-4.489950180E0
2.075366088E2,1.444950104E0,1.063995075E1,-3.373950243E0
2.075390525E2,2.386050224E0,1.306995106E1,1.504950047E0
2.075414959E2,5.671050072E0,1.156905079E1,-3.159000158E0
2.075439395E2,1.837950110E0,1.004895020E1,-3.949050188E0
2.075463830E2,1.881000042E0,1.043700027E1,-1.660500020E-1
2.075488266E2,2.992050171E0,9.061950684E0,-2.485950232E0
2.075512701E2,7.489500642E-1,9.129000664E0,-9.679500461E-1
2.075537137E2,6.622050285E0,1.149495029E1,-1.327050090E0
2.075561574E2,6.880050182E0,8.883000374E0,-6.324000359E0
2.075586008E2,2.017950058E0,5.430000305E0,-3.433950186E0
2.075610444E2,2.872050047E0,5.694000244E0,-4.290000200E-1
2.075634879E2,4.611000061E0,7.032000542E0,-3.283050060E0
2.075659315E2,1.737000108E0,3.049950123E0,-3.771000147E0
2.075683750E2,3.970950127E0,4.161000252E0,6.499500275E-1
2.075708186E2,7.717950344E0,6.346950531E0,-2.457000017E0
2.075732621E2,4.843050003E0,4.056000233E0,-5.019000053E0
2.075757057E2,3.538050175E0,9.381000519E0,1.993050098E0
2.075781491E2,3.970950127E0,5.719950199E0,-3.718950272E0
2.075805928E2,2.719050169E0,6.967050552E0,-6.561000347E0
2.075830364E2,6.997950554E0,1.056105042E1,-4.770000458E0
2.075854798E2,7.153050423E0,6.235050201E0,-7.882050514E0
2.075879235E2,-4.210500121E-1,7.168050289E0,-9.360000610E0
2.075903669E2,1.399500072E-1,6.667950153E0,-2.790000200E0
2.075928106E2,6.919050217E0,4.609050274E0,-4.554000378E0
2.075952541E2,2.070000172E0,4.051050186E0,-4.947000027E0
2.075976977E2,3.210000038E0,7.779000282E0,1.729950070E0
2.076001411E2,7.663050175E0,7.000950336E0,-2.926050186E0
2.076025847E2,1.761000037E0,6.294000149E0,-3.766950130E0
2.076050282E2,8.440500498E-1,8.926050186E0,5.059500337E-1
2.076074719E2,4.801950455E0,7.342950344E0,-3.204000235E0
2.076099155E2,3.550050259E0,9.010050774E0,-3.130050182E0
2.076123590E2,7.618050575E0,1.330005074E1,-4.936950207E0
2.076148026E2,6.840000153E0,1.063800049E1,-8.557950020E0
2.076172460E2,6.670500040E-1,8.719950676E0,-4.246050358E0
2.076196897E2,2.749500275E-1,1.055895042E1,-3.600000218E-2
2.076221333E2,3.538050175E0,8.524050713E0,-2.541000128E0
2.076245768E2,2.404950142E0,7.081950188E0,-2.661000013E0
2.076270204E2,4.543950081E0,7.222950459E0,-2.265000105E0
2.076294639E2,8.381999969E0,9.304050446E0,-7.626000404E0
2.076319075E2,4.756950378E0,7.269000530E0,-8.649000168E0
2.076343510E2,1.960050106E0,9.357000351E0,-4.405950069E0
2.076367946E2,3.238950253E0,8.559000015E0,-4.509000301E0
2.076392380E2,2.974950075E0,8.325000763E0,-2.572050095E0
2.076416817E2,8.836950302E0,1.100400066E1,-3.063000202E0
2.076441251E2,8.022000313E0,7.693050385E0,-9.802950859E0
2.076465687E2,2.803050041E0,6.823950291E0,-7.168950558E0
2.076490122E2,2.190000057E0,8.695950508E0,-2.134050131E0
2.076514558E2,3.679050207E0,6.900000095E0,-2.742000103E0
2.076538995E2,2.959500253E-1,6.736950397E0,-3.379500210E-1
2.076563430E2,1.432950020E0,7.812000275E0,5.232000351E0
2.076587866E2,7.635000229E0,7.161000252E0,-9.870000482E-1
2.076612300E2,2.968050241E0,5.217000484E0,-2.023950100E0
2.076636737E2,1.749000072E0,8.503950119E0,4.516950130E0
2.076661171E2,3.502050161E0,6.667950153E0,7.380000353E-1
2.076685607E2,3.648000240E0,7.105950356E0,-1.360050082E0
2.076710044E2,9.006000519E0,1.189200020E1,-4.353000164E0
2.076734479E2,6.976050377E0,9.550950050E0,-1.126305008E1
2.076758915E2,1.218000054E0,8.599950790E0,-5.770950317E0
2.076783349E2,1.219950080E0,9.733050346E0,-1.413000107E0
2.076807786E2,3.133050203E0,9.213000298E0,-3.379050255E0
2.076832220E2,1.411950111E0,5.458950043E0,-2.151000023E0
2.076856656E2,5.365050316E0,5.926050186E0,-2.035950184E0
2.076881093E2,7.366050243E0,7.297950268E0,-5.452050209E0
2.076905528E2,2.829000235E0,5.257950306E0,-5.341950417E0
2.076929964E2,3.334050179E0,7.063050270E0,-3.046050072E0
2.076954398E2,3.784950256E0,6.034050465E0,-5.446950436E0
2.076978834E2,1.821000099E0,5.157000065E0,-2.716050148E0
2.077003269E2,3.976050138E0,1.036200047E1,-2.907000065E0
2.077027705E2,3.448950052E0,3.804000139E0,-8.029050827E0
2.077052140E2,-1.819050074E0,4.420050144E0,-3.927000284E0
2.077076576E2,-9.600000083E-2,4.003050327E0,3.513000250E0
2.077101010E2,4.906949997E0,4.360500276E-1,-1.650000095E0
2.077125447E2,3.799050093E0,-6.810000539E-1,-3.499050140E0
2.077149881E2,3.532950163E0,4.267050266E0,1.369950056E0
2.077174318E2,7.908000469E0,2.172000170E0,-2.509950161E0
2.077198754E2,4.492950439E0,3.919050217E0,-5.269950390E0
2.077223189E2,3.471000195E0,5.755950451E0,-4.495050430E0
2.077247625E2,6.061950207E0,4.056000233E0,-7.629000187E0
2.077272060E2,5.710050106E0,6.108000278E0,-1.156995010E1
2.077296496E2,1.055100060E1,8.617050171E0,-7.108950138E0
2.077320930E2,9.385050774E0,5.476050377E0,-6.493950367E0
2.077345367E2,1.072050095E0,7.477050304E0,-9.553950310E0
2.077369803E2,5.061000347E0,7.288050175E0,-1.030305004E1
2.077394238E2,1.082595062E1,6.346950531E0,-9.063000679E0
2.077418674E2,1.954950094E0,5.851950169E0,-2.425950050E0
2.077443109E2,1.540950060E0,1.003395081E1,9.298050880E0
2.077467545E2,6.528000355E0,1.016400051E1,1.369500011E-1
2.077491982E2,3.961950302E0,9.052950859E0,-9.169500470E-1
2.077516417E2,5.779050350E0,1.216500092E1,-3.496050119E0
2.077540853E2,4.924050331E0,8.950050354E0,-1.067400074E1
2.077565287E2,2.880000114E0,1.182495022E1,-5.167050362E0
2.077589723E2,7.809000492E0,1.502895069E1,-6.934050560E0
2.077614158E2,5.839050293E0,1.161000061E1,-9.633000374E0
2.077638594E2,1.260000020E-1,1.089195061E1,-2.059950113E0
2.077663029E2,1.357050061E0,1.325700092E1,3.097050190E0
2.077687465E2,3.507000208E0,1.156905079E1,-1.195050001E0
2.077711900E2,1.596000075E0,7.900950432E0,1.009500027E-1
2.077736336E2,9.619500637E-1,1.159995079E1,1.078050017E0
2.077760770E2,4.654050350E0,1.293405056E1,-6.160500050E-1
2.077785207E2,2.167950153E0,8.647950172E0,-1.870050073E0
2.077809643E2,2.038950205E0,1.103295040E1,-7.740000486E-1
2.077834078E2,4.560000420E0,1.136805058E1,-5.805000290E-2
2.077858514E2,2.803050041E0,1.112595081E1,-3.048000097E0
2.077882949E2,2.116050005E0,1.535400105E1,5.970000029E-1
2.077907385E2,3.433050156E0,9.864000320E0,-1.759950042E0
2.077931820E2,3.250500262E-1,6.400050163E0,-2.704050064E0
2.077956257E2,2.230950117E0,5.964000225E0,-2.755950212E0
2.077980693E2,4.693950176E0,5.646000385E0,-7.813050270E0
2.078005128E2,2.299950123E0,-3.580500185E-1,-6.534000397E0
2.078029564E2,4.492950439E0,-8.539500237E-1,-5.818950176E0
2.078053998E2,6.459000111E0,9.259500504E-1,-7.831950188E0
2.078078434E2,1.974000096E0,1.561050057E0,-2.878050089E0
2.078102869E2,3.540000200E0,3.754050255E0,3.412950277E0
2.078127305E2,4.407000065E0,4.129950047E0,3.820500076E-1
2.078151742E2,1.126950026E0,4.642050266E0,5.130000114E-1
2.078176177E2,9.310500622E-1,1.056405067E1,6.154050350E0
2.078200613E2,2.929950237E0,3.112050056E0,3.412950277E0
2.078225047E2,4.687050343E0,7.528050423E0,-1.750500053E-1
2.078249484E2,8.353050232E0,8.047050476E0,-7.714950562E0
2.078273918E2,9.888000488E0,6.838050365E0,-1.417005062E1
2.078298354E2,6.286950111E0,6.298950195E0,-1.695705032E1
2.078322789E2,5.812950134E0,1.096095085E1,-1.531695080E1
2.078347225E2,3.222000122E0,1.134405041E1,-6.883950233E0
2.078371660E2,-4.995000362E-2,1.150200081E1,8.083950043E0
2.078396097E2,1.492950082E0,1.428705025E1,6.216000080E0
2.078420533E2,3.811050177E0,1.145700073E1,1.102050066E0
2.078444967E2,3.172050238E0,1.200705051E1,-2.586000204E0
2.078469403E2,4.519950390E0,1.692495155E1,4.035000324E0
2.078493838E2,8.488950729E0,1.475400066E1,3.706950188E0
2.078518274E2,5.346000195E0,1.092705059E1,-1.118205070E1
2.078542711E2,6.325050354E0,1.296705055E1,-2.001195145E1
2.078567145E2,3.885000229E0,1.141800022E1,-2.194695091E1
2.078591582E2,1.620000005E-1,8.446949959E0,-1.098300076E1
2.078616017E2,2.833950043E0,9.895050049E0,-2.755950212E0
2.078640453E2,2.542050123E0,1.142295074E1,1.015950084E0
2.078664888E2,3.580500185E-1,7.756950378E0,2.862000227E0
2.078689324E2,1.620000005E-1,9.582000732E0,5.400000095E0
2.078713758E2,6.190500259E-1,5.629050255E0,4.675050259E0
2.078738195E2,1.747050047E0,8.101950645E0,1.651050091E0
2.078762629E2,1.082400036E1,1.393200111E1,3.276000261E0
2.078787066E2,5.166000366E0,5.254950047E0,-6.276000500E0
2.078811500E2,2.086950064E0,9.271050453E0,1.081050038E0
2.078835937E2,6.030000210E0,1.151895046E1,-5.026050091E0
2.078860373E2,3.820050240E0,8.085000038E0,-7.846950531E0
2.078884808E2,1.354050040E0,9.144000053E0,-2.601000071E0
2.078909244E2,4.279950142E0,1.273005104E1,-9.750000238E-1
2.078933679E2,3.811050177E0,1.368795109E1,-3.501000166E0
2.078958115E2,3.337050200E0,1.178505039E1,7.950000465E-3
2.078982552E2,5.089050293E0,1.336005020E1,-1.923000097E0
2.079006986E2,4.129050255E0,1.204605103E1,-4.222050190E0
2.079031422E2,4.857000351E0,1.500000095E1,-6.919500232E-1
2.079055857E2,9.006000519E0,1.720995140E1,-5.221950054E0
2.079080293E2,3.174000263E0,1.372200108E1,-4.690950394E0
2.079104728E2,7.609500289E-1,1.285500050E1,7.995000482E-2
2.079129164E2,1.921950102E0,1.357995033E1,1.762950063E0
2.079153601E2,1.606050134E0,1.075305080E1,-2.542950153E0
2.079178035E2,-2.700000107E-1,7.956000328E0,-1.072950006E0
2.079202472E2,3.208050251E0,1.026195049E1,2.140950203E0
2.079226906E2,3.460950136E0,1.047300053E1,-3.484050274E0
2.079251342E2,1.591050029E0,5.454000473E0,-2.091000080E0
2.079275777E2,4.069050312E0,5.257950306E0,-4.557000160E0
2.079300213E2,3.685950279E0,7.021950245E0,-6.475050449E0
2.079324648E2,2.973000050E0,5.667000294E0,-4.255050182E0
2.079349084E2,2.554050207E0,7.923000336E0,-1.735950112E0
2.079373519E2,7.849500179E-1,2.473050117E0,-3.031950235E0
2.079397955E2,-1.138950109E0,3.663000107E0,2.505000122E-2
2.079422392E2,2.920050144E0,2.272050142E0,9.540000558E-1
2.079446826E2,7.278000355E0,-9.400500655E-1,-5.790000439E0
2.079471262E2,4.114950180E0,-1.120050073E0,-6.793050289E0
2.079495697E2,3.564000130E0,2.016000032E0,-1.726950049E0
2.079520133E2,5.415000439E0,-1.759500057E-1,-2.481000185E0
2.079544570E2,2.524950027E0,1.638000131E0,-2.301000118E0
2.079569005E2,5.062950134E0,2.631000042E0,-2.203050137E0
2.079593441E2,6.579000473E0,-4.695000127E-2,-6.661050320E0
2.079617876E2,7.873950481E0,3.292050123E0,-6.841050148E0
2.079642312E2,9.736950874E0,5.040000439E0,-5.661000252E0
2.079666746E2,5.701950073E0,3.567000151E0,-8.079000473E0
2.079691183E2,3.318000078E0,3.967050076E0,-1.092795086E1
2.079715617E2,1.093605042E1,1.384050012E0,-1.261095047E1
2.079740053E2,1.107795048E1,-4.249500334E-1,-1.353495026E1
2.079764490E2,3.970950127E0,1.888950109E0,-9.919950485E0
2.079788924E2,6.685950279E0,5.824950218E0,-2.692050219E0
2.079813361E2,7.122000217E0,5.337000370E0,-1.087050080E0
2.079837796E2,3.235950232E0,7.687950134E0,-1.513950109E0
2.079862232E2,4.510050297E0,8.039999962E0,-2.392050028E0
2.079886666E2,5.113050461E0,6.538950443E0,-5.638950348E0
2.079911103E2,5.259000301E0,1.006095028E1,-7.939950466E0
2.079935537E2,6.399000168E0,9.651000023E0,-6.664050102E0
2.079959974E2,1.998000145E0,7.216050148E0,-1.008795071E1
2.079984410E2,-1.438950062E0,8.751000404E0,1.305000018E-2
2.080008845E2,1.564950109E0,1.010595036E1,7.144950390E0
2.080033281E2,3.445050240E0,6.508050442E0,3.070050240E0
2.080057716E2,3.166950226E0,7.839000225E0,-1.818000078E0
2.080082152E2,3.813000202E0,1.288095093E1,3.216000080E0
2.080106586E2,3.586050272E0,1.145895100E1,4.216950417E0
2.080131023E2,9.709500670E-1,1.243305016E1,-1.372050047E0
2.080155459E2,3.559500277E-1,1.330005074E1,-3.415050268E0
2.080179893E2,-1.950000064E-3,1.360695076E1,-8.050500154E-1
2.080204330E2,-4.558950424E0,1.803600121E1,-8.070000410E-1
2.080228765E2,-5.242950439E0,1.377705097E1,4.870500267E-1
2.080253201E2,-4.041000366E0,1.196205044E1,2.857050180E0
2.080277636E2,-3.202950239E0,1.304400063E1,-8.670000434E-1
2.080302072E2,1.338000059E0,1.136595058E1,-1.699500084E-1
2.080326506E2,4.503000259E0,8.992950439E0,2.388000011E0
2.080350943E2,4.038000107E0,6.666000366E0,4.605000019E0
2.080375380E2,4.251000404E0,6.256050110E0,9.331050873E0
2.080399814E2,3.708000183E0,6.204000473E0,7.633950233E0
2.080424250E2,4.402050018E0,5.458950043E0,3.583050251E0
2.080448685E2,7.492950439E0,6.474000454E0,4.452000141E0
2.080473121E2,2.503395081E1,2.515950203E0,-5.112000465E0
2.080497558E2,2.116695023E1,4.245000362E0,-3.807705307E1
2.080521992E2,7.251000404E0,9.120000839E0,-3.939600372E1
2.080546429E2,-5.239500403E-1,6.016950130E0,-2.754900169E1
2.080570863E2,2.282999992E0,6.919050217E0,-1.321200085E1
2.080595299E2,3.676950216E0,9.475950241E0,2.328000069E0
2.080619734E2,2.632950068E0,7.879950523E0,4.849050045E0
2.080644170E2,6.600000262E-1,6.795000553E0,5.644050121E0
2.080668605E2,2.725950241E0,7.956000328E0,7.183950424E0
2.080693041E2,2.701950073E0,6.723000526E0,6.421950340E0
2.080717475E2,3.325050116E0,6.678000450E0,5.473950386E0
2.080741911E2,5.341050148E0,7.729050159E0,3.670950174E0
2.080766348E2,5.821950436E0,5.337000370E0,4.746000290E0
2.080790783E2,1.363905048E1,5.610000134E0,-3.247050047E0
2.080815219E2,1.442205048E1,6.262950420E0,-1.711695099E1
2.080839654E2,3.997950077E0,6.796950340E0,-2.401995087E1
2.080864090E2,9.880500436E-1,7.396050453E0,-1.574295044E1
2.080888525E2,4.110000134E0,8.038050652E0,-9.147000313E0
2.080912962E2,1.072050095E0,5.124000072E0,-3.115050077E0
2.080937398E2,3.913950205E0,6.055050373E0,4.736999989E0
2.080961832E2,6.610050201E0,8.041950226E0,-8.500500321E-1
2.080986268E2,2.322000027E0,5.386950493E0,1.279500127E-1
2.081010703E2,4.147950172E0,6.201000214E0,-4.980000257E-1
2.081035139E2,8.614050865E0,4.578000069E0,-9.324000359E0
2.081059574E2,5.314950466E0,3.496050119E0,-1.047105026E1
2.081084010E2,6.957000256E0,8.581050873E0,-4.087950230E0
2.081108447E2,1.030395031E1,7.245000362E0,-4.530000210E0
2.081132882E2,4.714050293E0,3.417000055E0,-5.911950111E0
2.081157318E2,3.151950121E0,8.221950531E0,-1.684050083E0
2.081181752E2,9.042000771E0,6.244050503E0,-3.666000128E0
2.081206188E2,3.784950256E0,2.004000187E0,-6.142050266E0
2.081230623E2,1.836000085E0,6.502950191E0,3.396000147E0
2.081255059E2,6.226950169E0,9.843000412E0,3.001050234E0
2.081279494E2,3.349050045E0,7.659000397E0,-3.058050156E0
2.081303931E2,1.153050065E0,8.265000343E0,1.639050126E0
2.081328367E2,2.343000174E0,1.086000061E1,1.429950118E0
2.081352802E2,3.543000221E0,1.077705097E1,-2.950500250E-1
2.081377238E2,2.752950191E0,1.219200039E1,-1.212000012E0
2.081401672E2,4.696950436E0,1.369005108E1,-5.775000095E0
2.081426108E2,1.408950090E0,1.086000061E1,-3.142050266E0
2.081450543E2,1.936050057E0,1.042905045E1,2.031000137E0
2.081474979E2,3.289050102E0,1.340595055E1,-6.040500402E-1
2.081499416E2,2.491950035E0,1.028595066E1,4.009500146E-1
2.081523850E2,-5.700000376E-2,7.626000404E0,-2.275050163E0
2.081548287E2,8.160000443E-1,1.349700069E1,-2.421000004E0
2.081572721E2,2.326050043E0,1.375695038E1,4.762950420E0
2.081597158E2,6.070500016E-1,1.040295029E1,-8.410500288E-1
2.081621592E2,-3.130500019E-1,1.131300068E1,-3.316950083E0
2.081646028E2,3.370500207E-1,1.040100002E1,7.840500474E-1
2.081670463E2,-3.690000176E-1,1.281705093E1,-1.485000014E0
2.081694900E2,-9.300000221E-2,1.683705139E1,4.186050415E0
2.081719336E2,6.049500108E-1,9.060000420E0,2.929050207E0
2.081743771E2,-1.185000062E0,6.795000553E0,-9.700500369E-1
2.081768207E2,-7.639500499E-1,8.955000877E0,1.569000125E0
2.081792641E2,2.743050098E0,5.848950386E0,5.545950413E0
2.081817078E2,7.666050434E0,3.555000067E0,-3.922050238E0
2.081841514E2,5.061000347E0,6.354000092E0,-8.590950012E0
2.081865949E2,4.998000145E0,4.741050243E0,-1.942305183E1
2.081890385E2,5.950950146E0,4.128000259E0,-1.665000153E1
2.081914820E2,4.303950310E0,5.421000481E0,-1.361700058E1
2.081939256E2,1.705950022E0,3.868950129E0,-1.056600094E1
2.081963690E2,3.247950077E0,7.429050446E0,-3.276000261E0
2.081988127E2,5.269050121E0,1.149195099E1,4.800000191E-1
2.082012561E2,3.340500295E-1,4.753050327E0,-1.674000025E0
2.082036998E2,-2.788950205E0,7.567950249E0,1.521000028E0
2.082061432E2,2.311950207E0,6.069000244E0,5.637000084E0
2.082085869E2,5.619000435E0,3.961950302E0,-3.841050148E0
2.082110305E2,7.912050247E0,2.971050024E0,-4.657050133E0
2.082134740E2,1.247100067E1,4.771950245E0,-2.775000095E0
2.082159176E2,1.048605061E1,4.018050194E0,-8.629050255E0
2.082183611E2,4.408950329E0,5.914050102E0,-1.029600048E1
2.082208047E2,6.009000301E0,6.271050453E0,-6.622950077E0
2.082232481E2,7.096050262E0,6.025950432E0,-5.754000187E0
2.082256918E2,6.193050385E0,9.163050652E0,-1.758000135E0
2.082281354E2,9.552000046E0,1.213395023E1,-1.123050094E0
2.082305789E2,4.266000271E0,8.770050049E0,-5.395050049E0
2.082330225E2,1.879500151E-1,1.023105049E1,1.710000038E-1
2.082354660E2,2.640000105E0,1.268505096E1,1.821000099E0
2.082379096E2,3.046950102E0,9.675000191E0,-2.400000095E0
2.082403531E2,1.737000108E0,1.006305027E1,9.829500318E-1
2.082427967E2,4.390050411E0,1.368600082E1,-3.199050188E0
2.082452404E2,1.716000080E0,1.347300053E1,-6.384000301E0
2.082476838E2,2.275950193E0,1.325205040E1,-1.273950100E0
2.082501275E2,2.341050148E0,1.294305038E1,-5.404050350E0
2.082525709E2,1.804050088E0,1.215300083E1,-4.327050209E0
2.082550145E2,3.844050169E0,1.541205120E1,-5.989500284E-1
2.082574582E2,6.199950218E0,1.662600136E1,-7.906050205E0
2.082599017E2,2.752950191E0,1.086495018E1,-5.518950462E0
2.082623453E2,2.790000141E-1,9.490950584E0,-1.873050094E0
2.082647888E2,3.327000141E0,1.120800018E1,-7.500000298E-2
2.082672324E2,2.482050180E0,8.473050117E0,-3.733050108E0
2.082696758E2,1.081050038E0,4.317000389E0,1.110000089E-1
2.082721195E2,4.483950138E0,8.923050880E0,1.429950118E0
2.082745629E2,3.816000223E0,1.192095089E1,-2.814000130E0
2.082770065E2,4.930950165E0,6.127050400E0,-9.340500236E-1
2.082794500E2,7.807050228E0,8.167050362E0,-1.696050048E0
2.082818937E2,3.445050240E0,5.827950478E0,-9.510000348E-1
2.082843373E2,3.724950075E0,8.899050713E0,2.388000011E0
2.082867808E2,8.869950294E0,1.133400059E1,-3.910050154E0
2.082892244E2,2.070000172E0,3.871050119E0,-6.549000263E0
2.082916678E2,6.120000482E-1,3.463950157E0,-1.626000047E0
2.082941115E2,4.219950199E0,6.294000149E0,-3.076950073E0
2.082965551E2,2.614050150E0,4.606950283E0,-5.574000359E0
2.082989986E2,1.242000103E0,2.686050177E0,-1.296000004E0
2.083014422E2,4.644000053E0,6.715950489E0,7.650000453E-1
2.083038857E2,2.602050066E0,6.096000195E0,-3.703950167E0
2.083063293E2,2.290500104E-1,3.976950169E0,1.249500066E-1
2.083087730E2,3.343950272E0,4.168050289E0,2.351999998E0
2.083112164E2,1.524000049E0,2.772000074E0,-2.974050045E0
2.083136601E2,2.013000011E0,4.626000404E0,-4.000500143E-1
2.083161035E2,5.161050320E0,6.619950294E0,-2.176950216E0
2.083185471E2,3.124050140E0,1.501050115E0,-6.441000462E0
2.083209906E2,-6.000000238E-2,2.643000126E0,-5.325000286E0
2.083234342E2,4.273050308E0,4.188000202E0,-3.733050108E0
2.083258777E2,6.282000065E0,-2.530499995E-1,-7.372050285E0
2.083283213E2,1.642050028E0,5.790000558E-1,-3.348000050E0
2.083307650E2,5.118000031E0,3.642000198E0,2.698950052E0
2.083332084E2,6.768000126E0,3.088950157E0,-1.413000107E0
2.083356521E2,2.323950052E0,4.255050182E0,-2.521950006E0
2.083380955E2,4.930950165E0,4.270950317E0,-1.063950062E0
2.083405391E2,4.255949974E0,2.701050043E0,-7.219050407E0
2.083429826E2,2.640000105E0,6.948000431E0,-3.082050085E0
2.083454262E2,8.791049957E0,8.602950096E0,-4.288949966E0
2.083478697E2,4.608000278E0,5.137950420E0,-9.951000214E0
2.083503133E2,-9.790500402E-1,6.702000141E0,-4.951950073E0
2.083527570E2,2.235000134E0,7.246950150E0,-1.156949997E0
2.083552005E2,4.077000141E0,4.192049980E0,-6.481950283E0
2.083576441E2,9.379500151E-1,4.686000347E0,-1.669050097E0
2.083600875E2,6.403950214E0,8.253000259E0,-3.240000010E-1
2.083625312E2,7.684950352E0,7.783950329E0,-6.724050522E0
2.083649746E2,3.744000196E0,6.574950218E0,-3.814950228E0
2.083674183E2,5.901000500E0,8.188050270E0,-4.906050205E0
2.083698619E2,4.096050262E0,5.935050488E0,-7.183050156E0
2.083723054E2,2.338050127E0,1.064700031E1,-2.400000095E-1
2.083747490E2,9.046950340E0,1.238100052E1,-2.835000038E0
2.083771925E2,4.420950413E0,7.618950367E0,-6.004950523E0
2.083796362E2,1.350000024E0,7.425000191E0,-8.239500523E-1
2.083820798E2,4.237050056E0,9.517050743E0,-1.746000051E0
2.083845232E2,4.884000301E0,7.699950218E0,-4.687950134E0
2.083869669E2,2.009999990E0,8.230950356E0,-1.332000017E0
2.083894103E2,6.627000332E0,1.101405048E1,-2.155050039E0
2.083918539E2,4.936050415E0,9.718050003E0,-4.867950439E0
2.083942974E2,1.342050076E0,1.033800030E1,-7.069500089E-1
2.083967410E2,2.896050215E0,1.076895046E1,-9.460500479E-1
2.083991845E2,2.470050097E0,9.160050392E0,-3.300000191E0
2.084016281E2,1.204050064E0,1.095105076E1,3.960000277E-1
2.084040718E2,7.486050129E0,1.212000084E1,-2.373000145E0
2.084065152E2,5.572950363E0,8.266950607E0,-7.606950283E0
2.084089589E2,1.192050099E0,8.502000809E0,-3.730950117E0
2.084114023E2,2.275950193E0,9.891000748E0,-2.160000056E-1
2.084138459E2,4.120050430E0,7.582950592E0,-2.622000217E0
2.084162896E2,1.122000098E0,5.524050236E0,-1.698000073E0
2.084187330E2,2.956050158E0,8.052000046E0,2.653950214E0
2.084211767E2,7.756950378E0,8.775000572E0,-3.594000101E0
2.084236202E2,3.211950064E0,7.243050575E0,-2.917050123E0
2.084260638E2,3.852000237E0,9.517050743E0,-1.293000102E0
2.084285073E2,5.203950405E0,7.441050529E0,-5.143050194E0
2.084309509E2,2.238000154E0,8.136000633E0,-2.716050148E0
2.084333943E2,7.471950531E0,1.149000072E1,-2.023950100E0
2.084358380E2,7.831050396E0,8.107049942E0,-8.608050346E0
2.084382816E2,1.102950096E0,7.180050373E0,-4.255050182E0
2.084407251E2,2.398050070E0,8.502000809E0,6.040500402E-1
2.084431687E2,5.479950428E0,7.207050323E0,-3.724050283E0
2.084456122E2,1.986000061E0,5.430000305E0,-4.084949970E0
2.084480558E2,5.110950470E0,9.253950119E0,5.419500470E-1
2.084504992E2,8.121000290E0,8.380050659E0,-4.654950142E0
2.084529429E2,2.022000074E0,7.590000153E0,-5.632050037E0
2.084553866E2,2.764950037E0,9.726000786E0,-1.114050031E0
2.084578300E2,5.779050350E0,7.633050442E0,-5.092950344E0
2.084602736E2,2.508000135E0,8.026050568E0,-3.997050285E0
2.084627171E2,6.916050434E0,1.198305035E1,-4.189500213E-1
2.084651607E2,9.901950836E0,1.009695053E1,-7.602000237E0
2.084676042E2,2.431950092E0,8.488050461E0,-6.838950157E0
2.084700478E2,1.060050011E0,1.110195065E1,-1.054050088E0
2.084724912E2,4.105050087E0,8.883000374E0,-4.806000233E0
2.084749349E2,2.362050056E0,6.535950184E0,-5.139000416E0
2.084773785E2,2.049000025E0,8.215050697E0,3.430500031E-1
2.084798220E2,6.430050373E0,1.033605003E1,-2.598000050E0
2.084822656E2,4.777950287E0,9.019050598E0,-4.858050346E0
2.084847091E2,1.986000061E0,9.193950653E0,-2.689500153E-1
2.084871528E2,4.644000053E0,8.842050552E0,-1.654950023E0
2.084895962E2,2.829000235E0,8.952000618E0,-2.746950150E0
2.084920399E2,3.001950026E0,1.172700024E1,1.449000120E0
2.084944835E2,7.893000603E0,1.100400066E1,-4.353000164E0
2.084969269E2,2.965950251E0,8.449049950E0,-5.728050232E0
2.084993706E2,4.110000134E-1,9.100950241E0,-1.204950094E0
2.085018140E2,1.969950080E0,9.402000427E0,4.060500264E-1
2.085042576E2,2.692950010E0,8.173950195E0,-2.076000214E0
2.085067011E2,8.520000577E-1,8.365950584E0,8.340000510E-1
2.085091448E2,6.379500031E-1,1.027605057E1,1.710000038E0
2.085115884E2,2.950950146E0,1.054695034E1,1.609950066E0
2.085140319E2,2.752950191E0,9.328050613E0,7.995000482E-2
2.085164755E2,2.245050192E0,9.358950615E0,1.540500075E-1
2.085189189E2,4.438050270E0,1.002000046E1,-4.243050098E0
2.085213626E2,1.606050134E0,1.135605049E1,-1.897050142E0
2.085238062E2,4.735050201E0,1.275405025E1,-1.915950060E0
2.085262497E2,4.168050289E0,1.110000038E1,-7.729050159E0
2.085286933E2,4.369500279E-1,9.567000389E0,-2.062050104E0
2.085311368E2,9.090000391E-1,9.426000595E0,2.103000164E0
2.085335804E2,2.422049999E0,9.523950577E0,-1.960950136E0
2.085360238E2,5.910000205E-1,6.249000072E0,-1.899000049E0
2.085384675E2,2.131950140E0,7.875000477E0,-4.395000264E-2
2.085409109E2,6.610050201E0,1.049205017E1,-6.441000462E0
2.085433545E2,2.937000036E0,6.939000130E0,-5.530950069E0
2.085457982E2,2.692950010E0,7.173000336E0,-1.329000115E0
2.085482417E2,3.844050169E0,7.798050404E0,-3.891000271E0
2.085506853E2,1.864050031E0,6.631950378E0,-9.940500259E-1
2.085531288E2,5.367000103E0,9.784950256E0,3.360000253E-1
2.085555724E2,5.773950100E0,9.144000053E0,-6.475050449E0
2.085580161E2,2.080049992E0,4.756950378E0,-6.457950115E0
2.085604595E2,1.768950105E0,8.332050323E0,-1.252950072E0
2.085629031E2,4.207950115E0,6.910050392E0,-4.063950062E0
2.085653466E2,1.785000086E0,6.112950325E0,-3.295050144E0
2.085677902E2,2.638050079E0,9.285000801E0,1.993050098E0
2.085702337E2,6.943050385E0,8.430000305E0,-3.343050241E0
2.085726773E2,2.638050079E0,6.936000347E0,-6.208950520E0
2.085751210E2,1.254000068E0,9.120000839E0,-1.779000044E0
2.085775644E2,5.053950310E0,7.045950413E0,-5.347050190E0
2.085800081E2,3.187950134E0,8.380050659E0,-5.775000095E0
2.085824515E2,4.857000351E0,1.134900093E1,-2.155050039E0
2.085848951E2,9.267000198E0,1.011300087E1,-7.815000534E0
2.085873386E2,3.363000154E0,7.597050190E0,-8.869050026E0
2.085897822E2,6.820500493E-1,9.784950256E0,-9.850500226E-1
2.085922259E2,5.404950142E0,8.179050446E0,-2.560050011E0
2.085946694E2,4.942950249E0,6.048000336E0,-6.807000160E0
2.085971130E2,2.913000107E0,8.065950394E0,-2.028000116E0
2.085995564E2,8.365050316E0,8.179050446E0,-3.220950127E0
2.086020001E2,5.158950329E0,6.364050388E0,-8.512050629E0
2.086044438E2,1.275000095E0,7.269000530E0,-2.404050112E0
2.086068871E2,4.735050201E0,8.101950645E0,-2.950500250E-1
2.086093306E2,2.812050104E0,6.153000355E0,-3.721050262E0
2.086117742E2,3.916050196E0,9.262950897E0,6.400500536E-1
2.086142179E2,9.873000145E0,9.655950546E0,-3.712050200E0
2.086166614E2,3.640950203E0,6.187050343E0,-8.622000694E0
2.086191050E2,-7.320000529E-1,8.092950821E0,5.110500455E-1
2.086215484E2,1.960050106E0,8.706000328E0,2.505000114E0
2.086239921E2,3.265050173E0,5.394000053E0,-3.439050198E0
2.086264355E2,2.359500080E-1,6.481050491E0,-5.629500151E-1
2.086288792E2,4.052999973E0,9.610950470E0,1.713000059E0
2.086313228E2,5.500950336E0,8.350950241E0,-5.698950291E0
2.086337663E2,2.668950081E0,7.231050491E0,-2.686950207E0
2.086362099E2,4.069050312E0,8.998050690E0,-2.340000153E0
2.086386534E2,3.837000132E0,6.919050217E0,-5.044950008E0
2.086410970E2,2.353049994E0,8.689050674E0,-1.186050057E0
2.086435405E2,7.251000404E0,1.030995083E1,-3.439050198E0
2.086459842E2,6.571950436E0,6.985950470E0,-8.734950066E0
2.086484278E2,1.500000119E0,6.637050152E0,-4.279050350E0
2.086508712E2,2.760000229E0,7.207050323E0,-8.700000495E-2
2.086533148E2,4.588950157E0,5.619000435E0,-3.573000193E0
2.086557583E2,1.741950035E0,5.073000431E0,-1.747950077E0
2.086582019E2,4.201050282E0,8.089950562E0,2.770950079E0
2.086606456E2,5.997000217E0,7.935000420E0,-2.461950064E0
2.086630891E2,1.645950079E0,5.413050175E0,-2.854050159E0
2.086655327E2,1.570050120E0,6.855000496E0,1.678950071E0
2.086679762E2,5.001000404E0,5.914050102E0,-4.243050098E0
2.086704198E2,2.410050154E0,6.460050106E0,-3.846000195E0
2.086728633E2,6.651000500E0,1.053705025E1,-1.284000039E0
2.086753069E2,9.342000008E0,6.843000412E0,-8.638950348E0
2.086777503E2,8.989500403E-1,6.181950092E0,-6.223050117E0
2.086801939E2,1.000050068E0,1.028100014E1,1.533000112E0
2.086826376E2,5.145000458E0,7.639950275E0,-2.557950020E0
2.086850811E2,2.731050014E0,5.928000450E0,-4.473000050E0
2.086875247E2,2.619000196E0,8.667000771E0,1.800000109E-2
2.086899682E2,7.951050282E0,9.120000839E0,-5.146050453E0
2.086924118E2,4.936050415E0,8.229000092E0,-7.108950138E0
2.086948555E2,1.306050062E0,1.064505005E1,-8.100000620E-1
2.086972989E2,4.420950413E0,9.757050514E0,-2.485950232E0
2.086997426E2,2.793000221E0,9.139050484E0,-3.325950146E0
2.087021860E2,3.715050220E0,1.285695076E1,5.040000081E-1
2.087046296E2,8.899050713E0,1.211505032E1,-6.688050270E0
2.087070731E2,3.466050148E0,8.722050667E0,-8.613000870E0
2.087095167E2,5.279999971E-1,9.393000603E0,-1.438950062E0
2.087119602E2,4.431000233E0,8.530950546E0,-3.100950241E0
2.087144039E2,4.078950405E0,6.868950367E0,-5.248950481E0
2.087168475E2,1.954950094E0,7.984950542E0,-1.224000096E0
2.087192910E2,7.110000134E0,8.629050255E0,-1.578000069E0
2.087217346E2,6.576000214E0,6.856950283E0,-7.495050430E0
2.087241780E2,1.831050038E0,6.223050117E0,-4.528050423E0
2.087266216E2,3.595050097E0,5.818050385E0,-3.333000183E0
2.087290653E2,4.660950184E0,6.024000168E0,-5.737050056E0
2.087315088E2,2.365050077E0,6.081000328E0,-1.972950101E0
2.087339524E2,6.291000366E0,9.226950645E0,-1.666950107E0
2.087363959E2,6.495000362E0,3.121950150E0,-7.923000336E0
2.087388395E2,7.095000148E-2,4.225950241E0,-3.051000118E0
2.087412830E2,1.575000048E0,6.828000546E0,2.911950111E0
2.087437266E2,6.129000187E0,1.915050149E0,-3.469950199E0
2.087461703E2,2.616000175E0,2.871000051E0,-2.349000216E0
2.087486137E2,4.896000385E0,6.867000103E0,2.965050220E0
2.087510573E2,8.692950249E0,5.992950439E0,-4.565999985E0
2.087535008E2,2.970000029E0,5.571000099E0,-2.649000168E0
2.087559444E2,1.354050040E0,9.546000481E0,1.468950033E0
2.087583879E2,3.471000195E0,7.329000473E0,-3.289950132E0
2.087608316E2,1.872000098E0,7.900950432E0,-2.380050182E0
2.087632752E2,6.567000389E0,1.123605061E1,-3.733050108E0
2.087657187E2,9.256050110E0,9.103050232E0,-9.882000923E0
2.087681623E2,3.367950201E0,7.848000526E0,-7.336950302E0
2.087706057E2,2.282999992E0,1.091805077E1,-3.070050240E0
2.087730493E2,6.006000519E0,9.727950096E0,-4.243050098E0
2.087754928E2,2.548950195E0,1.023300076E1,-4.066050053E0
2.087779364E2,1.303950071E0,1.249995041E1,2.284950018E0
2.087803799E2,4.783050060E0,1.184205055E1,-3.396000147E0
2.087828235E2,2.689950228E0,1.110900021E1,-6.055950165E0
2.087852672E2,1.699050069E0,1.114095020E1,-2.239050150E0
2.087877107E2,4.114950180E0,8.919000626E0,-3.877050161E0
2.087901543E2,2.568000078E0,1.068795013E1,-3.283050060E0
2.087925977E2,4.170000076E0,1.245000076E1,-1.129500046E-1
2.087950414E2,1.043805027E1,1.118100071E1,-5.392050266E0
2.087974850E2,5.161050320E0,9.727950096E0,-7.950000286E0
2.087999285E2,1.014000058E0,1.033800030E1,4.630500078E-1
2.088023721E2,3.355950117E0,1.142295074E1,7.669500113E-1
2.088048156E2,2.652000189E0,8.820000648E0,-3.205950260E0
2.088072592E2,4.279500246E-1,8.710050583E0,1.318050027E0
2.088097029E2,4.405050278E0,1.048905087E1,1.162050009E0
2.088121463E2,5.263950348E0,9.781050682E0,-4.537950039E0
2.088145900E2,1.945950150E0,9.634950638E0,-2.052000046E0
2.088170334E2,3.010950089E0,1.018500042E1,-8.959500194E-1
2.088194770E2,3.102000237E0,9.864000320E0,-5.419050217E0
2.088219205E2,8.130000234E-1,1.158300018E1,2.505000122E-2
2.088243641E2,5.788950443E0,1.204995060E1,-2.020950079E0
2.088268076E2,7.258950233E0,9.679950714E0,-9.465000153E0
2.088292513E2,1.552950025E0,8.358000755E0,-4.248000145E0
2.088316949E2,2.008050203E0,8.855999947E0,-1.252950072E0
2.088341383E2,5.269050121E0,7.099050522E0,-4.768050194E0
2.088365819E2,2.089050055E0,5.839950085E0,-4.332000256E0
2.088390254E2,4.812000275E0,7.932000160E0,-4.750500321E-1
2.088414690E2,7.555950165E0,7.975050449E0,-5.221950054E0
2.088439127E2,2.662050009E0,6.517050266E0,-5.436000347E0
2.088463561E2,1.303950071E0,6.469050407E0,1.005000062E-2
2.088487998E2,3.139950037E0,6.426000118E0,-2.974050045E0
2.088512432E2,1.479000092E0,5.731950283E0,-3.139050245E0
2.088536869E2,1.813950062E0,8.776950836E0,4.440000355E-1
2.088561303E2,7.551000595E0,5.281950474E0,-4.416000366E0
2.088585739E2,2.728950024E0,3.700950146E0,-7.666950226E0
2.088610176E2,-1.044000030E0,6.177000523E0,-5.370000005E-1
2.088634611E2,5.950950146E0,3.804000139E0,-2.313000202E0
2.088659047E2,5.266950130E0,2.667000055E0,-6.139050484E0
2.088683482E2,-3.300000131E-1,6.643950462E0,2.175000191E0
2.088707918E2,4.407000065E0,7.468050480E0,2.038050175E0
2.088732353E2,5.410050392E0,6.835950375E0,-4.984950066E0
2.088756790E2,8.850000501E-1,8.245950699E0,-6.090000272E-1
2.088781223E2,2.772000074E0,9.156000137E0,4.605000094E-2
2.088805660E2,2.467950106E0,7.906050205E0,-4.618950367E0
2.088830096E2,2.158950090E0,1.148805046E1,-5.869500041E-1
2.088854531E2,7.606050491E0,1.271400070E1,-5.074050426E0
2.088878967E2,5.371950150E0,9.382950783E0,-8.905050278E0
2.088903402E2,1.156050086E0,9.156000137E0,-2.890050173E0
2.088927838E2,3.283950090E0,1.163895035E1,-6.370500326E-1
2.088952275E2,4.117050171E0,1.169100094E1,-3.550950050E0
2.088976710E2,1.836000085E0,1.096800041E1,-1.375050068E0
2.089001146E2,5.326050282E0,1.392495060E1,8.580000401E-1
2.089025580E2,4.953000069E0,1.280205059E1,-5.803950310E0
2.089050016E2,2.118000031E0,1.105200100E1,-3.958050251E0
2.089074451E2,2.482050180E0,1.262505054E1,-2.886000156E0
2.089098887E2,2.482050180E0,1.179195023E1,-3.774000168E0
2.089123322E2,1.138950109E0,1.207005024E1,-1.641000032E0
2.089147759E2,7.222950459E0,1.332900047E1,-9.970500469E-1
2.089172195E2,7.864050388E0,1.033800030E1,-7.176000118E0
2.089196630E2,2.616000175E0,1.016400051E1,-3.202050209E0
2.089221066E2,2.329050064E0,9.298950195E0,2.082000017E0
2.089245500E2,3.661950111E0,1.099200058E1,-2.260500044E-1
2.089269937E2,1.620000124E0,8.241000175E0,-9.319500327E-1
2.089294373E2,7.579500079E-1,6.361950397E0,3.622950077E0
2.089318808E2,5.359950066E0,1.099200058E1,-1.048950076E0
2.089343244E2,2.721000195E0,8.145000458E0,-3.819000244E0
2.089367679E2,1.528950095E0,8.617050171E0,-8.650500178E-1
2.089392115E2,3.508950233E0,8.904000282E0,-3.819000244E0
2.089416552E2,1.098000050E0,7.836000443E0,-3.949050188E0
2.089440986E2,1.303950071E0,9.538950920E0,-1.350000054E-1
2.089465423E2,7.740000248E0,9.502950668E0,-5.002050400E0
2.089489857E2,4.488000393E0,5.755950451E0,-8.244000435E0
2.089514293E2,1.492950082E0,6.835950375E0,-1.327050090E0
2.089538728E2,4.687050343E0,8.171999931E0,-1.300950050E0
2.089563164E2,4.390050411E0,5.008950233E0,-6.220950127E0
2.089587601E2,1.323000073E0,6.160050392E0,-2.440050125E0
2.089612036E2,4.780950069E0,8.731950760E0,-1.830000043E0
2.089636472E2,5.572950363E0,4.744950294E0,-8.470950127E0
2.089660906E2,5.910000205E-1,5.272050381E0,-5.632050037E0
2.089685342E2,2.058000088E0,5.298000336E0,5.419500470E-1
2.089709777E2,4.986000061E0,3.706050158E0,-3.628050089E0
2.089734213E2,4.098000050E0,6.048000336E0,-2.710950136E0
2.089758648E2,7.636950493E0,7.543950558E0,-1.207050085E0
2.089783084E2,8.604000092E0,3.508050203E0,-6.952950478E0
2.089807521E2,-2.580000162E-1,6.213000298E0,-7.747950554E0
2.089831956E2,1.036050081E0,5.928000450E0,-3.094050169E0
2.089856392E2,8.362050056E0,4.458000183E0,-5.706000328E0
2.089880826E2,3.145050049E0,3.112050056E0,-6.228000164E0
2.089905262E2,2.070000172E0,6.397050381E0,3.634950161E0
2.089929699E2,9.471000671E0,5.583000183E0,-1.951950073E0
2.089954134E2,6.214950085E0,5.320050240E0,-4.867950439E0
2.089978570E2,1.711050034E0,7.389000416E0,1.167000055E0
2.090003005E2,4.375950336E0,6.642000198E0,-2.524050236E0
2.090027441E2,2.992050171E0,6.520050526E0,-3.592050076E0
2.090051876E2,5.800950050E0,1.008495045E1,-2.907000065E0
2.090076312E2,8.631000519E0,8.758049965E0,-1.007805061E1
2.090100749E2,1.417050123E0,7.338000298E0,-9.166050911E0
2.090125183E2,-6.220500469E-1,8.836950302E0,6.599999964E-2
2.090149619E2,2.631000042E0,8.016000748E0,-1.662000060E0
2.090174054E2,2.527950048E0,6.043050289E0,-4.987950325E0
2.090198490E2,1.732950091E0,7.341000557E0,-2.929500043E-1
2.090222925E2,7.126950264E0,7.101000309E0,-4.438950062E0
2.090247361E2,5.133000374E0,5.020950317E0,-7.950000286E0
2.090271798E2,1.555050015E0,6.168000221E0,-2.173950195E0
2.090296233E2,3.552000284E0,6.043050289E0,-1.437000036E0
2.090320669E2,3.720000267E0,4.942050457E0,-2.377950191E0
2.090345103E2,3.865950108E0,7.207050323E0,1.252950072E0
2.090369540E2,9.045000076E0,7.294950485E0,-1.135050058E0
2.090393974E2,5.668950081E0,4.164000034E0,-7.902000427E0
2.090418410E2,-4.189500213E-1,5.896950245E0,-5.580000281E-1
2.090442845E2,2.532000065E0,7.731000423E0,2.263950109E0
2.090467282E2,4.951050282E0,4.602000237E0,-3.192000151E0
2.090491718E2,1.723050117E0,5.284050465E0,8.820000291E-1
2.090516152E2,2.299950123E0,9.805050850E0,4.111950397E0
2.090540588E2,4.645950317E0,9.438000679E0,-1.825050116E0
2.090565023E2,2.122950077E0,8.467950821E0,-9.870000482E-1
2.090589460E2,3.199950218E0,1.141095066E1,-3.640500307E-1
2.090613896E2,3.880050182E0,1.062795067E1,-3.546000242E0
2.090638331E2,1.656000137E0,1.092300034E1,-2.548050165E0
2.090662767E2,6.001950264E0,1.471005058E1,-2.224950075E0
2.090687202E2,7.036050320E0,1.397100067E1,-9.135000229E0
2.090711638E2,2.425050020E0,1.006305027E1,-5.457000256E0
2.090736072E2,3.070950031E0,1.159995079E1,-1.690950036E0
2.090760509E2,6.799050331E0,1.219605064E1,-6.472050190E0
2.090784943E2,4.279950142E0,9.001950264E0,-6.781050205E0
2.090809380E2,2.923050165E0,1.230705070E1,-2.359050035E0
2.090833816E2,8.413050652E0,1.157895088E1,-5.209950447E0
2.090858251E2,5.134950161E0,1.005405045E1,-8.746950150E0
2.090882687E2,2.899050236E0,8.533050537E0,-4.003950119E0
2.090907124E2,5.608950138E0,9.330000877E0,-3.937050104E0
2.090931558E2,3.057000160E0,8.038050652E0,-4.801050186E0
2.090955995E2,3.424950123E0,7.621050358E0,-1.039950013E0
2.090980429E2,7.483950138E0,9.796950340E0,-5.862000465E0
2.091004865E2,4.897950172E0,4.281000137E0,-9.429000854E0
2.091029300E2,-1.221000075E0,7.326000214E0,9.610500336E-1
2.091053736E2,1.584000111E0,5.947050095E0,4.023000240E0
2.091078171E2,7.642050266E0,2.193000078E0,-3.582000256E0
2.091102608E2,3.691050291E0,4.234950066E0,-2.710950136E0
2.091127044E2,6.451950073E0,6.691950321E0,1.393950105E0
2.091151478E2,1.065900040E1,3.249000072E0,-6.894000530E0
2.091175914E2,2.056050062E0,5.253000259E0,-7.396050453E0
2.091200349E2,2.410050154E0,8.080950737E0,7.960500121E-1
2.091224786E2,4.771050453E0,5.452050209E0,-2.626950026E0
2.091249222E2,2.542050123E0,7.753050327E0,4.870500267E-1
2.091273657E2,6.430050373E0,1.078395081E1,2.160000056E-1
2.091298093E2,8.282999992E0,8.835000038E0,-7.959000587E0
2.091322528E2,2.281050205E0,7.185000420E0,-4.450950146E0
2.091346964E2,2.359950066E0,9.189000130E0,-4.750500321E-1
2.091371401E2,4.314000130E0,9.840000153E0,-3.352050066E0
2.091395835E2,2.725950241E0,8.574000359E0,-3.384000063E0
2.091420271E2,1.407000065E0,1.042500019E1,6.000000052E-3
2.091444706E2,4.558050156E0,1.145895100E1,-2.734950066E0
2.091469142E2,2.947050095E0,1.054395008E1,-6.096000195E0
2.091493577E2,1.198950052E0,1.073100090E1,-1.602000117E0
2.091518013E2,2.592000008E0,1.052805042E1,-2.875950098E0
2.091542450E2,2.250000000E0,1.095600033E1,-4.087950230E0
2.091566885E2,3.246000051E0,1.230195045E1,-4.530000091E-1
2.091591321E2,1.066095066E1,1.113795090E1,-6.208950520E0
2.091615755E2,5.403000355E0,8.011050224E0,-1.021500015E1
2.091640192E2,1.270950079E0,7.366950512E0,-1.621050119E0
2.091664626E2,4.828050137E0,8.497050285E0,-1.000950098E0
2.091689062E2,3.967050076E0,6.211050510E0,-4.777050018E0
2.091713497E2,1.230000019E0,5.124000072E0,3.600000143E-1
2.091737933E2,6.205050468E0,7.999050617E0,4.290000200E-1
2.091762370E2,6.409050465E0,5.806050301E0,-6.946050167E0
2.091786805E2,1.918950081E0,5.923050404E0,-2.080950022E0
2.091811241E2,2.755050182E0,6.886050224E0,-1.300500035E-1
2.091835676E2,2.985000134E0,6.088950157E0,-3.646950245E0
2.091860113E2,1.210950017E0,7.068000317E0,-1.270500124E-1
2.091884546E2,5.191950321E0,9.247050285E0,-1.969500035E-1
2.091908983E2,7.821000576E0,4.537050247E0,-8.911950111E0
2.091933420E2,7.009500265E-1,6.499950409E0,-5.742000103E0
2.091957854E2,-2.595000155E-2,8.039999962E0,9.060000181E-1
2.091982290E2,4.531949997E0,4.570950031E0,-2.170050144E0
2.092006725E2,1.732950091E0,4.140000343E0,-2.754000187E0
2.092031161E2,9.709500670E-1,6.144000053E0,2.893050194E0
2.092055596E2,6.559950352E0,6.502950191E0,-5.920500159E-1
2.092080033E2,4.584000111E0,4.408050060E0,-5.014050007E0
2.092104469E2,1.105050087E0,6.040950298E0,-7.905000448E-2
2.092128903E2,3.373050213E0,6.666000366E0,-1.243050098E0
2.092153340E2,2.676000118E0,5.482950211E0,-2.905050039E0
2.092177776E2,1.453050017E0,9.571950912E0,-3.049500287E-1
2.092202211E2,6.232050419E0,9.156000137E0,-2.950050116E0
2.092226647E2,2.475000143E0,6.238950253E0,-6.220950127E0
2.092251082E2,-9.430500269E-1,7.288050175E0,5.989500284E-1
2.092275518E2,3.970500231E-1,8.152050018E0,3.508950233E0
2.092299953E2,1.467000127E0,6.634050369E0,-2.494950056E0
2.092324389E2,-3.730500042E-1,5.382000446E0,-1.665000081E0
2.092348823E2,1.657950044E0,1.113105011E1,2.599050045E0
2.092373259E2,3.592950106E0,8.694000244E0,-4.485000134E0
2.092397696E2,3.559500277E-1,6.508050442E0,-2.670000076E0
2.092422131E2,3.175950050E0,1.117200089E1,9.679500461E-1
2.092446567E2,3.574050188E0,1.081695080E1,-3.280950069E0
2.092471002E2,2.704950094E0,1.203105068E1,-7.240500450E-1
2.092495438E2,7.321050167E0,1.417200089E1,-2.907000065E0
2.092519875E2,7.519950390E0,1.094895077E1,-9.147000313E0
2.092544309E2,1.836000085E0,9.381000519E0,-6.745050430E0
2.092568746E2,1.206000090E0,1.103505039E1,-4.960500300E-1
2.092593181E2,5.431950092E0,9.631950378E0,-4.144950390E0
2.092617617E2,3.981000185E0,7.812000275E0,-6.211050510E0
2.092642051E2,3.562050104E0,1.065900040E1,-7.140000463E-1
2.092666487E2,8.619000435E0,9.237000465E0,-4.741050243E0
2.092690922E2,5.914950371E0,9.478950500E0,-8.665050507E0
2.092715359E2,2.197050095E0,9.205950737E0,-2.806950092E0
2.092739795E2,5.197050095E0,1.000305080E1,-2.152950048E0
2.092764230E2,3.306000233E0,1.061100006E1,-3.762000084E0
2.092788666E2,2.506050110E0,9.991050720E0,-9.340500236E-1
2.092813103E2,7.069950104E0,1.028100014E1,-5.883000374E0
2.092837537E2,4.201050282E0,5.586000443E0,-1.018800068E1
2.092861974E2,-3.040500283E-1,7.522950172E0,1.590000093E-1
2.092886408E2,2.650050163E0,7.492050171E0,2.923950195E0
2.092910844E2,4.323000431E0,3.286950111E0,-3.582000256E0
2.092935279E2,9.229500294E-1,6.004950523E0,2.110050201E0
2.092959715E2,4.819050312E0,7.342950344E0,1.845000029E0
2.092984150E2,5.334000111E0,4.201950073E0,-4.612050056E0
2.093008586E2,5.760000348E-1,4.935000420E0,-2.452050209E0
2.093033023E2,1.516950130E0,7.042050362E0,-6.280500293E-1
2.093057457E2,2.532000065E0,5.590950489E0,-2.464050055E0
2.093081894E2,1.033950090E0,7.279050350E0,-1.147050023E0
2.093106328E2,4.905000210E0,9.265950203E0,-6.400500536E-1
2.093130764E2,6.511950493E0,5.329950333E0,-7.650000572E0
2.093155199E2,3.220500052E-1,4.900950432E0,-5.433000088E0
2.093179636E2,-4.380000234E-1,5.959050179E0,1.440000057E0
2.093204072E2,4.174950123E0,3.802050114E0,-2.922000170E0
2.093228507E2,3.186000109E0,9.700500369E-1,-3.598950148E0
2.093252943E2,4.660950184E0,4.528050423E0,1.435050011E0
2.093277377E2,8.760000229E0,6.675000191E0,-3.082050085E0
2.093301813E2,3.586050272E0,3.325950146E0,-5.704050064E0
2.093326248E2,1.965000153E0,7.495950222E0,-2.110500038E-1
2.093350685E2,4.483950138E0,7.831950188E0,-2.518950224E0
2.093375121E2,3.442050219E0,7.783950329E0,-1.870050073E0
2.093399556E2,5.962950230E0,1.294095039E1,1.324950099E0
2.093423992E2,1.091700077E1,9.997950554E0,-6.958050251E0
2.093448427E2,2.518050194E0,7.372050285E0,-9.493950844E0
2.093472864E2,1.429500133E-1,1.174905014E1,-1.159050107E0
2.093497300E2,4.216050148E0,9.634950638E0,-3.235050201E0
2.093521734E2,4.090950012E0,6.679950237E0,-6.763950348E0
2.093546170E2,1.357050061E0,8.707950592E0,-4.789500237E-1
2.093570605E2,5.374050140E0,9.429000854E0,-1.648050070E0
2.093595041E2,6.897000313E0,9.313950539E0,-5.842950344E0
2.093619476E2,3.354000092E0,9.793050766E0,-1.465950012E0
2.093643912E2,4.279950142E0,1.042695045E1,-2.047950029E0
2.093668349E2,4.002000332E0,1.148805046E1,-3.187050104E0
2.093692783E2,1.836000085E0,1.357800102E1,6.330000162E-1
2.093717219E2,6.178950310E0,1.321395016E1,-2.763000250E0
2.093741654E2,6.069000244E0,1.201200104E1,-5.782950401E0
2.093766090E2,1.395000100E0,9.859950066E0,-2.388000011E0
2.093790525E2,5.040000081E-1,1.065000057E1,2.580000162E0
2.093814962E2,2.142000198E0,1.014705086E1,-1.486950040E0
2.093839395E2,1.402050018E0,7.791000366E0,-6.280500293E-1
2.093863832E2,-1.669500023E-1,9.151050568E0,3.910500109E-1
2.093888269E2,2.841000080E0,1.090095043E1,1.849050045E0
2.093912703E2,3.193050146E0,9.691950798E0,-1.156949997E0
2.093937139E2,2.077050209E0,8.707950592E0,-2.707950115E0
2.093961574E2,6.162000179E0,1.029300022E1,-6.900000572E-1
2.093986011E2,3.070950031E0,9.232050896E0,-1.983000040E0
2.094010447E2,7.650000453E-1,1.233000088E1,-1.023000002E0
2.094034882E2,7.420950413E0,1.222800064E1,2.347050190E0
2.094059318E2,2.463000059E0,9.096000671E0,-4.588050365E0
2.094083755E2,2.551050186E0,8.569050789E0,-1.807950139E0
2.094108189E2,4.692000389E0,9.892950058E0,-4.617000103E0
2.094132626E2,3.339000225E0,7.768950462E0,-6.285000324E0
2.094157060E2,1.147950053E0,7.243050575E0,-1.249950051E0
2.094181496E2,4.893000126E0,9.381000519E0,-3.259500265E-1
2.094205931E2,5.293050289E0,9.690000534E0,-5.589000225E0
2.094230367E2,2.113049984E0,6.892950535E0,-3.235050201E0
2.094254802E2,4.309050083E0,7.252050400E0,-3.529950142E0
2.094279238E2,4.524000168E0,7.920000553E0,-6.913050175E0
2.094303675E2,2.659050226E0,8.092950821E0,-2.797050238E0
2.094328109E2,7.552950382E0,1.136100101E1,-4.387050152E0
2.094352546E2,7.287000179E0,6.205950260E0,-1.114800072E1
2.094376980E2,1.825950146E0,7.291050434E0,-6.043950081E0
2.094401416E2,2.686050177E0,8.866050720E0,-2.590500116E-1
2.094425851E2,6.387000084E0,5.943000317E0,-4.863000393E0
2.094450287E2,2.880000114E0,5.530950069E0,-3.463050127E0
2.094474724E2,5.275950432E0,8.442000389E0,1.552050114E0
2.094499158E2,9.550050735E0,6.007050514E0,-6.489000320E0
2.094523595E2,3.495000124E0,5.571000099E0,-8.910000801E0
2.094548029E2,2.314050198E0,7.498950481E0,-3.199050188E0
2.094572465E2,6.247950077E0,5.215050220E0,-6.544050217E0
2.094596900E2,3.085050106E0,6.808950424E0,-3.886050224E0
2.094621337E2,6.148050308E0,7.864950180E0,-1.830000043E0
2.094645773E2,9.588000298E0,6.550950527E0,-4.626000404E0
2.094670208E2,2.044049978E0,6.160050392E0,-8.006999969E0
2.094694644E2,-2.850000262E-1,8.116950035E0,-1.360050082E0
2.094719078E2,5.484000206E0,5.995050430E0,-2.581950188E0
2.094743515E2,4.680000305E0,4.321950436E0,-6.541950226E0
2.094767949E2,-6.610500216E-1,6.591000080E0,2.460000038E0
2.094792386E2,5.688000202E0,7.044000149E0,4.770000279E-1
2.094816822E2,7.315950394E0,5.926050186E0,-6.745050430E0
2.094841257E2,1.321050048E0,6.819000244E0,3.000000119E-1
2.094865693E2,1.716000080E0,8.964000702E0,1.987950087E0
2.094890128E2,1.906950116E0,6.843000412E0,-1.957050085E0
2.094914564E2,6.529500484E-1,9.193950653E0,-1.420500129E-1
2.094939001E2,6.768000126E0,1.218000031E1,-1.549950123E0
2.094963435E2,4.869000435E0,8.011050224E0,-7.669050217E0
2.094987871E2,3.799500167E-1,7.137000561E0,-1.126049995E0
2.095012306E2,2.736000061E0,1.010400009E1,1.305000018E-2
2.095036743E2,3.387000084E0,9.318000793E0,-2.967000246E0
2.095061177E2,1.378050089E0,6.859950542E0,-8.239500523E-1
2.095085614E2,2.161050081E0,1.039095020E1,8.650500178E-1
2.095110048E2,5.953950405E0,1.114800072E1,-3.760050297E0
2.095134485E2,2.626050234E0,8.265000343E0,-4.753050327E0
2.095158921E2,1.603050113E0,9.156000137E0,-1.726950049E0
2.095183355E2,2.560950041E0,9.328050613E0,-3.103050232E0
2.095207791E2,2.299950123E0,9.313950539E0,-2.409000158E0
2.095232226E2,6.457050323E0,1.044405079E1,-3.379500210E-1
2.095256663E2,1.037595081E1,8.188050270E0,-9.384000778E0
2.095281099E2,3.478050232E0,7.599000454E0,-8.440050125E0
2.095305534E2,1.483950019E0,8.044950485E0,1.609500051E-1
2.095329970E2,5.305050373E0,8.619000435E0,-1.564050078E0
2.095354405E2,2.650050163E0,5.820000172E0,-3.582000256E0
2.095378841E2,2.815050125E0,7.116000175E0,2.986950159E0
2.095403275E2,8.704950333E0,8.911050797E0,-2.469000101E0
2.095427712E2,5.145000458E0,6.049950123E0,-6.003000259E0
2.095452148E2,1.906950116E0,9.201000214E0,-8.910000324E-1
2.095476583E2,4.801950455E0,8.895000458E0,-4.092000008E0
2.095501019E2,2.872050047E0,7.915050507E0,-5.614950180E0
2.095525454E2,2.877000093E0,1.061400032E1,-4.510500133E-1
2.095549891E2,9.916050911E0,9.675000191E0,-4.843950272E0
2.095574327E2,6.040050507E0,7.333950520E0,-8.625000000E0
2.095598762E2,3.180000186E-1,9.412050247E0,-1.111050010E0
2.095623198E2,2.848050117E0,9.939000130E0,4.129500091E-1
2.095647632E2,5.085000038E0,8.296050072E0,-6.160950184E0
2.095672068E2,1.396950126E0,9.364050865E0,-2.851950169E0
2.095696503E2,3.330000162E0,1.119795036E1,7.600500584E-1
2.095720939E2,5.925000191E0,1.012305069E1,-6.400050163E0
2.095745376E2,2.049000025E0,9.322950363E0,-2.719950199E0
2.095769811E2,2.290950060E0,1.024305058E1,9.949500561E-1
2.095794247E2,4.656000137E0,1.009905052E1,-4.450950146E0
2.095818681E2,3.291000128E0,1.032195091E1,-2.614950180E0
2.095843118E2,7.678050518E0,1.282395077E1,-2.730000019E0
2.095867554E2,9.912000656E0,1.116195011E1,-9.597000122E0
2.095891989E2,2.584950209E0,9.262950897E0,-6.831000328E0
2.095916425E2,1.933950067E0,1.173705101E1,1.051950097E0
2.095940860E2,5.358000278E0,9.639000893E0,-2.347050190E0
2.095965296E2,2.982000113E0,7.944000244E0,-3.214050055E0
2.095989731E2,2.877000093E0,1.006500053E1,1.999500096E-1
2.096014167E2,7.747050285E0,8.779950142E0,-4.087950230E0
2.096038602E2,4.693950176E0,7.537050247E0,-8.299050331E0
2.096063038E2,2.062950134E0,6.852000237E0,-3.436050177E0
2.096087475E2,4.242000103E0,7.116000175E0,-3.805050135E0
2.096111909E2,3.139950037E0,6.946050167E0,-4.948950291E0
2.096136346E2,3.243000269E0,6.514950275E0,-1.234050035E0
2.096160780E2,8.587050438E0,7.401000500E0,-5.644050121E0
2.096185216E2,5.941950321E0,4.627950191E0,-1.021905041E1
2.096209653E2,-5.290500522E-1,5.815950394E0,-1.174050093E0
2.096234088E2,-3.900000155E-1,6.994050503E0,4.192950249E0
2.096258524E2,4.074000359E0,2.392050028E0,-2.215050220E0
2.096282958E2,1.515000105E0,2.665050030E0,-8.430000544E-1
2.096307394E2,4.230000019E0,6.253950119E0,5.355000019E0
2.096331829E2,9.547950745E0,2.806050062E0,-5.755950451E0
2.096356265E2,2.544000149E0,1.960950136E0,-5.574000359E0
2.096380700E2,2.923050165E0,6.940950394E0,-2.659500241E-1
2.096405137E2,3.840000153E0,4.258950233E0,-2.308950186E0
2.096429573E2,2.053050041E0,5.263050079E0,1.830000043E0
2.096454008E2,5.748000145E0,1.030995083E1,1.074000001E0
2.096478444E2,7.302000523E0,6.880950451E0,-7.741050243E0
2.096502878E2,6.150000095E-1,5.260050297E0,-4.437000275E0
2.096527315E2,1.258950114E0,8.911050797E0,-1.987950087E0
2.096551752E2,3.910950184E0,5.662050247E0,-4.669050217E0
2.096576186E2,3.580500185E-1,5.677050114E0,-3.678000212E0
2.096600622E2,5.359500051E-1,7.176000118E0,1.354050040E0
2.096625057E2,4.630050182E0,8.011050224E0,-2.176950216E0
2.096649493E2,3.433050156E0,6.562950134E0,-6.084000111E0
2.096673928E2,5.160000324E-1,7.908000469E0,-1.465950012E0
2.096698364E2,2.580000162E0,8.196000099E0,-1.890000105E0
2.096722801E2,2.893950224E0,7.765050411E0,-3.940950155E0
2.096747235E2,2.982000113E0,1.020900059E1,-3.910500109E-1
2.096771672E2,8.602050781E0,1.000095081E1,-4.605000019E0
2.096796106E2,3.876000166E0,6.385050297E0,-6.919950485E0
2.096820543E2,-3.829500079E-1,8.569050789E0,9.300000668E-1
2.096844980E2,2.556000233E0,8.430000305E0,7.860000134E-1
2.096869414E2,4.728000164E0,6.412050247E0,-5.376000404E0
2.096893850E2,1.974000096E0,7.219050407E0,-1.090050101E0
2.096918285E2,6.259950161E0,1.021200085E1,-1.695000008E-2
2.096942721E2,7.138950348E0,9.357000351E0,-8.029050827E0
2.096967156E2,1.491000056E0,9.274950027E0,-1.779000044E0
2.096991592E2,2.707050085E0,1.109505081E1,-4.770000279E-1
2.097016026E2,3.496950150E0,1.057995033E1,-3.871950150E0
2.097040463E2,1.369050026E0,1.322805023E1,-4.890000224E-1
2.097064900E2,7.036050320E0,1.308195019E1,-2.613000154E0
2.097089334E2,7.560000420E0,1.103295040E1,-1.123395061E1
2.097113770E2,1.249050021E0,1.084395027E1,-5.347050190E0
2.097138207E2,-4.800000042E-2,1.145205021E1,1.240950108E0
2.097162642E2,2.740950108E0,9.898050308E0,-8.220000267E-1
2.097187078E2,2.215950012E0,8.775000572E0,-3.601050138E0
2.097211512E2,2.281050205E0,9.900000572E0,1.114050031E0
2.097235949E2,7.741950512E0,9.498000145E0,-5.160000324E0
2.097260383E2,4.246950150E0,7.791000366E0,-7.066050529E0
2.097284820E2,8.899500370E-1,8.914050102E0,-8.959500194E-1
2.097309254E2,3.334050179E0,8.701050758E0,-2.500050068E0
2.097333690E2,2.194950104E0,7.542000294E0,-2.494950056E0
2.097358127E2,3.112050056E0,8.488050461E0,1.240950108E0
2.097382562E2,8.892000198E0,9.108000755E0,-5.545950413E0
2.097406998E2,4.198950291E0,4.192049980E0,-9.787950516E0
2.097431432E2,1.759500057E-1,5.787000179E0,-2.610000074E-1
2.097455869E2,2.125050068E0,5.962050438E0,-2.449500114E-1
2.097480303E2,3.543000221E0,2.643000126E0,-4.243050098E0
2.097504739E2,2.239500135E-1,4.819950104E0,7.909500599E-1
2.097529176E2,3.811050177E0,7.117950439E0,2.485950232E0
2.097553611E2,6.367950439E0,4.255050182E0,-4.815000057E0
2.097578047E2,6.769500375E-1,4.999050140E0,-3.661050081E0
2.097602482E2,2.131950140E0,6.831000328E0,-2.610000074E-1
2.097626918E2,5.121000290E0,4.753050327E0,-4.975950241E0
2.097651355E2,2.508000135E0,6.457050323E0,-3.525000095E0
2.097675790E2,6.808950424E0,9.570000648E0,-2.833050251E0
2.097700226E2,8.791049957E0,6.354000092E0,-8.890050888E0
2.097724660E2,-6.195000187E-2,6.994050503E0,-6.060000420E0
2.097749097E2,5.160000324E-1,9.594000816E0,2.086050034E0
2.097773531E2,6.511950493E0,5.410950184E0,-3.666000128E0
2.097797968E2,3.837000132E0,4.678050041E0,-3.489000082E0
2.097822404E2,3.385050058E0,8.611950874E0,2.545950174E0
2.097846839E2,8.422050476E0,7.429050446E0,-5.610000134E0
2.097871275E2,3.861000299E0,7.039050102E0,-6.640050411E0
2.097895710E2,8.539500237E-1,8.992950439E0,5.590500236E-1
2.097920146E2,3.864000082E0,8.539950371E0,-2.328000069E0
2.097944580E2,2.259000063E0,9.508050919E0,-2.785050154E0
2.097969017E2,2.463000059E0,1.323600101E1,3.619500101E-1
2.097993453E2,8.230950356E0,1.084095097E1,-5.634000301E0
2.098017888E2,3.220050097E0,8.550000191E0,-7.891950607E0
2.098042324E2,-4.500000179E-2,9.900000572E0,3.390000165E-1
2.098066759E2,1.378050089E0,9.658050537E0,2.410050154E0
2.098091195E2,2.668950081E0,8.728950500E0,-1.894050121E0
2.098115630E2,1.498050094E0,8.320050240E0,1.489500105E-1
2.098140066E2,3.447000265E0,1.046295071E1,1.306050062E0
2.098164503E2,6.160050392E0,1.024995041E1,-4.648050308E0
2.098188937E2,2.239950180E0,8.140049934E0,-3.172950268E0
2.098213373E2,3.385050058E0,1.024305058E1,-6.900000572E-1
2.098237808E2,3.861000299E0,9.340050697E0,-4.018050194E0
2.098262244E2,7.489500642E-1,9.709050179E0,-5.100000277E-2
2.098286681E2,4.897950172E0,1.132995033E1,2.689500153E-1
2.098311116E2,8.092050552E0,9.131999969E0,-8.184000015E0
2.098335552E2,1.740000129E0,8.218950272E0,-4.947000027E0
2.098359987E2,1.986000061E0,9.637050629E0,5.040000081E-1
2.098384423E2,4.101000309E0,9.808950424E0,-1.851000071E0
2.098408860E2,1.170000076E0,6.745050430E0,-1.246050000E0
2.098433293E2,2.203950167E0,9.160050392E0,3.753000259E0
2.098457730E2,5.212050438E0,1.072605038E1,-1.657050133E0
2.098482165E2,2.683050156E0,7.699950218E0,-5.098050117E0
2.098506601E2,1.624950051E0,9.069000244E0,-2.614950180E0
2.098531036E2,4.788000107E0,9.108000755E0,-4.894050121E0
2.098555472E2,2.844000101E0,9.769050598E0,-4.495050430E0
2.098579907E2,3.178950071E0,1.217505074E1,8.920500278E-1
2.098604343E2,9.346050262E0,1.130100060E1,-5.455050468E0
2.098628780E2,4.636950016E0,8.574000359E0,-8.368950844E0
2.098653214E2,1.950000064E-3,1.034100056E1,-6.829500198E-1
2.098677650E2,3.342000246E0,1.073595047E1,-1.257000089E0
2.098702085E2,4.672950268E0,7.609050274E0,-6.831000328E0
2.098726521E2,8.200500607E-1,1.033605003E1,-1.501950026E0
2.098750956E2,5.203950405E0,1.181100082E1,-9.250500202E-1
2.098775392E2,6.487950325E0,9.316050529E0,-7.642950535E0
2.098799829E2,1.435950041E0,1.002000046E1,-3.621000290E0
2.098824263E2,2.680950165E0,1.031895065E1,-5.059500337E-1
2.098848700E2,4.165050030E0,9.309000015E0,-4.345950127E0
2.098873134E2,1.986000061E0,1.129905033E1,-5.989500284E-1
2.098897570E2,8.218950272E0,1.076505089E1,-3.429000139E0
2.098922007E2,8.844000816E0,9.297000885E0,-1.038000011E1
2.098946442E2,1.704000115E0,9.939000130E0,-4.534950256E0
2.098970878E2,7.440000176E-1,9.289950371E0,1.368000031E0
2.098995313E2,4.156050205E0,7.671000481E0,-2.380050182E0
2.099019749E2,2.080049992E0,6.361950397E0,-3.982050180E0
2.099044183E2,3.694050074E0,8.358000755E0,2.449500114E-1
2.099068620E2,9.706050873E0,6.532050133E0,-6.333000183E0
2.099093054E2,4.692000389E0,5.253000259E0,-8.857050896E0
2.099117491E2,1.054949999E0,6.736950397E0,-1.723950028E0
2.099141927E2,3.306000233E0,7.125000477E0,-2.854050159E0
2.099166362E2,1.708950043E0,5.704950333E0,-2.926050186E0
2.099190798E2,3.648000240E0,8.002050400E0,1.210050106E0
2.099215235E2,8.580000877E0,6.055050373E0,-6.046050072E0
2.099239669E2,2.944050074E0,3.958050251E0,-8.991000175E0
2.099264106E2,-1.780950069E0,6.378000259E0,6.310500503E-1
2.099288540E2,2.800950050E0,4.498950005E0,1.998000145E0
2.099312976E2,4.399950027E0,1.647000074E0,-4.279050350E0
2.099337411E2,2.149500102E-1,5.124000072E0,7.960500121E-1
2.099361847E2,5.470050335E0,5.839950085E0,2.977050066E0
2.099386282E2,7.081050396E0,2.836950064E0,-5.443050385E0
2.099410718E2,4.519500136E-1,4.863000393E0,-2.566950083E0
2.099435155E2,3.085050106E0,5.490000248E0,-2.400000021E-2
2.099459590E2,4.615050316E0,3.907050133E0,-3.024000168E0
2.099484026E2,3.006000042E0,6.321000099E0,-3.090000153E-1
2.099508460E2,7.942950249E0,8.149950027E0,-2.221950054E0
2.099532897E2,5.994000435E0,4.678050041E0,-9.183000565E0
2.099557333E2,-7.279500365E-1,6.687000275E0,-4.381950378E0
2.099581768E2,2.563050032E0,8.413050652E0,4.770000279E-1
2.099606204E2,5.523000240E0,5.017950058E0,-4.945050240E0
2.099630639E2,1.974000096E0,5.775000095E0,-1.822950125E0
2.099655075E2,4.225049973E0,8.650050163E0,1.633950114E0
2.099679509E2,7.816950321E0,7.089000225E0,-7.216950417E0
2.099703945E2,1.948050141E0,6.496050358E0,-6.112950325E0
2.099728380E2,1.417050123E0,8.272050858E0,-1.729500145E-1
2.099752817E2,4.813950062E0,6.655950546E0,-4.312950134E0
2.099777253E2,2.953950167E0,9.001950264E0,-1.981050134E0
2.099801688E2,5.647050381E0,1.094700050E1,-5.680500269E-1
2.099826124E2,9.279000282E0,9.081000328E0,-6.493950367E0
2.099850561E2,1.864050031E0,9.103050232E0,-5.979000092E0
2.099874995E2,-1.530000120E-1,1.063800049E1,9.630000591E-1
2.099899432E2,3.154950142E0,1.013505077E1,-4.579500258E-1
2.099923866E2,2.652000189E0,8.137949944E0,-2.668050051E0
2.099948303E2,2.130000114E0,1.130100060E1,2.485950232E0
2.099972737E2,6.090000153E0,1.329300022E1,-1.320000052E0
2.099997173E2,4.108050346E0,1.034805012E1,-4.437000275E0
2.100021608E2,2.740950108E0,1.053705025E1,2.670000196E-1
2.100046044E2,6.313050270E0,1.281705093E1,-2.980950117E0
2.100070481E2,4.635000229E0,1.150905037E1,-5.188950062E0
2.100094916E2,2.832000017E0,1.442100048E1,1.162050009E0
2.100119352E2,1.019595051E1,1.545495033E1,-8.974050522E0
2.100143786E2,4.708950043E0,1.182495022E1,-8.388000488E0
2.100168223E2,3.540000021E-1,1.298205090E1,-2.311050177E0
2.100192660E2,2.250000000E0,1.410495090E1,-2.205000073E-2
2.100217094E2,2.427000046E0,1.136100101E1,-2.218050003E0
2.100241530E2,1.450500041E-1,1.018995094E1,-4.650000334E-1
2.100265965E2,3.490050077E0,1.098705006E1,9.079500437E-1
2.100290401E2,7.042950153E0,9.511950493E0,-4.696050167E0
2.100314836E2,3.208050251E0,7.812000275E0,-5.002050400E0
2.100339272E2,4.711050034E0,8.476050377E0,-2.383050203E0
2.100363706E2,4.963050365E0,8.844000816E0,-5.245950222E0
2.100388143E2,1.918950081E0,5.871000290E0,-1.540500075E-1
2.100412579E2,4.642050266E0,7.780950546E0,1.452000022E0
2.100437014E2,5.923050404E0,8.374950409E0,-6.561000347E0
2.100461450E2,2.269050121E0,2.622000217E0,-7.047000408E0
2.100485887E2,2.428950071E0,6.631950378E0,-1.474950075E0
2.100510322E2,6.808950424E0,4.615950108E0,-5.646000385E0
2.100534758E2,4.828050137E0,2.883000135E0,-6.184950352E0
2.100559192E2,2.299950123E0,9.639000893E0,1.561950088E0
2.100583629E2,7.599000454E0,7.075050354E0,-8.359500170E-1
2.100608063E2,4.459950447E0,4.972950459E0,-7.083000183E0
2.100632499E2,7.920000553E-1,7.437000275E0,-1.192950010E0
2.100656934E2,5.914950371E0,5.349000454E0,-3.709050179E0
2.100681370E2,6.013950348E0,5.032950401E0,-3.793050289E0
2.100705807E2,5.326050282E0,8.284049988E0,-1.680000126E-1
2.100730242E2,9.816000938E0,9.460050583E0,-4.602000237E0
2.100754678E2,4.785000324E0,7.675950527E0,-8.056950569E0
2.100779112E2,1.140000075E-1,1.010895061E1,-6.880500317E-1
2.100803549E2,2.134950161E0,1.100895023E1,-3.690000176E-1
2.100827983E2,4.275000095E0,9.060000420E0,-5.586000443E0
2.100852420E2,1.042950034E0,8.638050079E0,-1.389000058E0
2.100876854E2,4.114950180E0,1.020195007E1,-1.678950071E0
2.100901291E2,5.881950378E0,9.742050171E0,-6.549000263E0
2.100925727E2,2.307000160E0,8.808000565E0,-3.369000196E0
2.100950162E2,2.491950035E0,1.029795074E1,-4.549500346E-1
2.100974598E2,4.171950340E0,9.745050430E0,-3.730950117E0
2.100999033E2,1.933950067E0,1.101600075E1,3.049500287E-1
2.101023470E2,7.206000328E0,1.218705082E1,-8.380500674E-1
2.101047906E2,7.156050205E0,9.619950294E0,-7.626000404E0
2.101072340E2,1.414050102E0,8.028000832E0,-3.915000200E0
2.101096777E2,1.869000077E0,1.022805023E1,3.960000277E-1
2.101121213E2,5.677950382E0,7.678050518E0,-2.629050016E0
2.101145647E2,2.472000122E0,6.706050396E0,-2.299050093E0
2.101170084E2,2.439000130E0,9.589050293E0,1.785000086E0
2.101194519E2,7.441050529E0,9.196050644E0,-2.458950043E0
2.101218955E2,3.667050123E0,8.011050224E0,-4.795950413E0
2.101243390E2,1.263000011E0,9.357000351E0,-8.190000653E-1
2.101267826E2,2.425050020E0,8.977950096E0,-2.752050161E0
2.101292260E2,9.070500135E-1,8.044950485E0,-1.666950107E0
2.101316697E2,3.139950037E0,9.366000175E0,1.995000124E0
2.101341134E2,8.683050156E0,9.121950150E0,-4.665000439E0
2.101365568E2,4.378050327E0,5.169000149E0,-8.088000298E0
2.101390004E2,1.651050091E0,7.288050175E0,-1.417950034E0
2.101414439E2,5.913000107E0,8.035050392E0,-2.719950199E0
2.101438875E2,3.949950218E0,4.759950161E0,-5.383050442E0
2.101463312E2,1.678050041E0,7.602000237E0,1.360950112E0
2.101487746E2,6.366000175E0,9.069000244E0,4.920000136E-1
2.101512183E2,3.813000202E0,5.920950413E0,-4.128000259E0
2.101536618E2,7.770000100E-1,7.204050541E0,-1.873050094E0
2.101561054E2,4.150950432E0,7.744950294E0,-1.975950122E0
2.101585488E2,4.420950413E0,6.673050404E0,-6.775950432E0
2.101609925E2,1.426050067E0,9.216000557E0,-1.963950038E0
2.101634361E2,7.206000328E0,1.101600075E1,-2.380050182E0
2.101658796E2,5.274000168E0,7.113000393E0,-7.777050495E0
2.101683232E2,-7.605000585E-2,8.428050041E0,-1.614000082E0
2.101707667E2,1.491000056E0,8.530950546E0,8.839500546E-1
2.101732104E2,5.508000374E0,6.381000519E0,-6.373950481E0
2.101756538E2,1.699050069E0,5.527950287E0,-5.005050182E0
2.101780975E2,5.089050293E0,8.916000366E0,-2.518950224E0
2.101805411E2,8.130000114E0,7.042050362E0,-8.266050339E0
2.101829845E2,1.596000075E0,8.361000061E0,-5.692050457E0
2.101854282E2,1.864050031E0,9.124950409E0,6.570000052E-1
2.101878716E2,3.901950121E0,8.851950645E0,-2.397000074E0
2.101903152E2,2.499000072E0,9.337950706E0,-1.381950021E0
2.101927587E2,5.271000385E0,1.087200069E1,-2.400000021E-2
2.101952024E2,1.078305054E1,9.781050682E0,-9.168000221E0
2.101976460E2,2.167950153E0,8.763000488E0,-7.665000439E0
2.102000895E2,8.640000224E-1,1.072905064E1,1.203000069E0
2.102025331E2,5.671050072E0,9.193950653E0,-1.930050135E0
2.102049765E2,3.844050169E0,8.551950455E0,-4.714950085E0
2.102074202E2,1.615050077E0,1.246500015E1,5.230500102E-1
2.102098636E2,7.204050541E0,1.232595062E1,-2.797050238E0
2.102123072E2,5.137050152E0,1.134195042E1,-8.289000511E0
2.102147509E2,2.281050205E0,1.219395065E1,-1.315050006E0
2.102171944E2,3.997950077E0,1.159305096E1,-2.737050056E0
2.102196380E2,3.538050175E0,1.236900043E1,-3.265950203E0
2.102220815E2,2.797950029E0,1.391805077E1,2.311050177E0
2.102245251E2,8.974950790E0,1.370700073E1,-4.621050358E0
2.102269688E2,5.875050068E0,1.012095070E1,-8.206049919E0
2.102294122E2,1.314000010E0,1.078605080E1,-2.991000175E0
2.102318558E2,3.511950254E0,1.121700096E1,-2.218050003E0
2.102342993E2,3.921000242E0,9.661050797E0,-3.867000103E0
2.102367429E2,3.850500286E-1,9.148050308E0,2.400000095E-1
2.102391864E2,2.877000093E0,1.048905087E1,3.195000172E0
2.102416300E2,4.576950073E0,1.023495007E1,-1.249500066E-1
2.102440737E2,1.771050096E0,7.860000610E0,-5.320500135E-1
2.102465172E2,3.234000206E0,9.558000565E0,2.086050034E0
2.102489608E2,4.639050007E0,8.919000626E0,-1.588050127E0
2.102514042E2,1.207950115E0,9.000000000E0,-7.039500475E-1
2.102538478E2,6.090000153E0,1.162695026E1,7.980000377E-1
2.102562913E2,7.881000519E0,7.932000160E0,-8.437950134E0
2.102587350E2,1.690050125E0,6.970050335E0,-6.367050171E0
2.102611786E2,1.546050072E0,8.005949974E0,-1.993050098E0
2.102636221E2,5.793000221E0,6.742050171E0,-4.984950066E0
2.102660657E2,2.254950047E0,5.140050411E0,-4.789050102E0
2.102685091E2,3.271950245E0,7.063050270E0,1.450500041E-1
2.102709528E2,7.690050602E0,7.800000191E0,-4.180950165E0
2.102733962E2,4.162950039E0,6.103050232E0,-7.633050442E0
2.102758398E2,1.297050118E0,5.563950062E0,-2.646000147E0
2.102782835E2,4.021950245E0,5.899050236E0,-4.489950180E0
2.102807270E2,2.733000040E0,5.854050159E0,-5.400000095E0
2.102831706E2,2.884050131E0,9.526950836E0,-5.779500008E-1
2.102856141E2,8.793000221E0,5.896950245E0,-4.396049976E0
2.102880577E2,4.729950428E0,3.766050100E0,-7.819950581E0
2.102905014E2,-1.828950047E0,6.895050526E0,-1.665000081E0
2.102929448E2,4.684950352E0,4.603950024E0,7.429500222E-1
2.102953884E2,7.728000164E0,1.135050058E0,-6.376050472E0
2.102978319E2,1.488000035E0,4.264050007E0,-1.722000122E0
2.103002755E2,7.893000603E0,5.758050442E0,1.533000112E0
2.103027190E2,7.345050335E0,4.609050274E0,-5.440050125E0
2.103051626E2,1.138950109E0,6.096000195E0,-6.010500193E-1
2.103076063E2,1.716000080E0,7.840950489E0,1.354050040E0
2.103100497E2,2.227950096E0,5.799000263E0,-3.811950207E0
2.103124933E2,9.660000205E-1,7.420050144E0,-1.036949992E0
2.103149368E2,7.074000359E0,8.277000427E0,-3.919950247E0
2.103173804E2,6.667050362E0,5.104950428E0,-1.136895084E1
2.103198241E2,9.000000358E-2,5.947050095E0,-5.634000301E0
2.103222676E2,1.941000104E0,7.579950333E0,-2.917050123E0
2.103247112E2,4.018949986E0,5.356050491E0,-5.919000149E0
2.103271546E2,-1.390500069E-1,6.402000427E0,-2.020950079E0
2.103295983E2,1.306050062E0,8.482950211E0,2.587050200E0
2.103320417E2,6.583050251E0,8.212050438E0,-3.621000290E0
2.103344853E2,2.215950012E0,6.571950436E0,-4.687950134E0
2.103369288E2,3.367950201E0,9.994050026E0,1.665000081E0
2.103393724E2,5.635050297E0,7.293000221E0,-3.261000156E0
2.103418161E2,3.789000273E0,9.096000671E0,-3.276000261E0
2.103442596E2,6.145050526E0,1.189005089E1,-2.167050123E0
2.103467032E2,8.178000450E0,8.638050079E0,-8.977050781E0
2.103491466E2,9.430500269E-1,9.109950066E0,-6.276000500E0
2.103515903E2,-7.395000011E-2,1.003200054E1,1.318050027E0
2.103540337E2,4.551000118E0,8.758049965E0,-2.457000017E0
2.103564774E2,3.940050125E0,9.055050850E0,-4.260000229E0
2.103589210E2,1.189050078E0,1.087005043E1,1.275000095E0
2.103613645E2,6.238950253E0,1.058700085E1,-1.140000105E0
2.103638081E2,4.084050179E0,9.736950874E0,-6.985050201E0
2.103662516E2,1.371000051E0,1.076700020E1,-2.205000073E-2
2.103686952E2,3.286950111E0,1.125105095E1,-1.593000054E0
2.103711386E2,4.374000072E0,9.496050835E0,-5.122050285E0
2.103735823E2,3.841950178E0,1.200495052E1,-7.450500131E-1
2.103760259E2,1.068495083E1,1.101600075E1,-6.142050266E0
2.103784694E2,5.484000206E0,9.013950348E0,-1.085895061E1
2.103809130E2,5.040000081E-1,1.085295010E1,-2.383050203E0
2.103833567E2,2.161050081E0,1.139895058E1,6.949500442E-1
2.103858002E2,3.640950203E0,8.361000061E0,-2.353950024E0
2.103882438E2,1.002000093E0,8.799000740E0,8.290500641E-1
2.103906872E2,5.215950012E0,1.114995098E1,1.837050080E0
2.103931308E2,7.347000122E0,8.586000443E0,-6.466950417E0
2.103955743E2,1.765950084E0,9.187050819E0,-4.495050430E0
2.103980179E2,1.828050137E0,9.736950874E0,-9.559500217E-1
2.104004614E2,3.544950247E0,8.980950356E0,-3.052950144E0
2.104029050E2,9.570000172E-1,9.088950157E0,1.249500066E-1
2.104053487E2,6.922950268E0,1.113300037E1,5.899500251E-1
2.104077922E2,1.052895069E1,8.428050041E0,-8.457000732E0
2.104102358E2,2.805000067E0,8.445000648E0,-7.459050179E0
2.104126792E2,1.531950116E0,9.189000130E0,-1.855950117E0
2.104151229E2,4.801950455E0,8.071050644E0,-4.939950466E0
2.104175666E2,1.977000117E0,6.304050446E0,-5.694000244E0
2.104200099E2,2.062950134E0,7.542000294E0,9.510000348E-1
2.104224536E2,7.647000313E0,8.799000740E0,-1.794000030E0
2.104248971E2,3.562050104E0,5.488050461E0,-5.440050125E0
2.104273407E2,9.589500427E-1,7.084950447E0,-4.150500298E-1
2.104297842E2,4.453050137E0,6.904950142E0,-3.429000139E0
2.104322278E2,3.243000269E0,5.494950294E0,-6.151050091E0
2.104346713E2,3.373050213E0,8.377950668E0,-1.162050009E0
2.104371150E2,8.145000458E0,7.302000523E0,-5.493000031E0
2.104395586E2,4.321050167E0,4.354950428E0,-8.220000267E0
2.104420020E2,-1.093950033E0,7.228050232E0,1.279050112E0
2.104444456E2,3.832050085E0,5.535000324E0,9.079500437E-1
2.104468891E2,6.901950359E0,3.148050070E0,-4.978050232E0
2.104493328E2,8.059500456E-1,4.458000183E0,-2.236950159E0
2.104517764E2,6.196050167E0,6.955050468E0,1.830000043E0
2.104542199E2,9.351000786E0,3.916950226E0,-7.237950325E0
2.104566635E2,8.230500221E-1,5.611950397E0,-4.782000065E0
2.104591070E2,2.950950146E0,8.682000160E0,-3.019500077E-1
2.104615506E2,4.891050339E0,5.956950188E0,-5.332950115E0
2.104639940E2,1.945950150E0,8.974050522E0,-2.590500116E-1
2.104664377E2,5.992050171E0,1.087695026E1,-3.120000064E-1
2.104688814E2,6.093000412E0,7.483950138E0,-8.962050438E0
2.104713248E2,2.595000155E-2,7.984950542E0,-3.451050282E0
2.104737684E2,-7.905000448E-2,7.731000423E0,2.929050207E0
2.104762119E2,3.550050259E0,8.233950615E0,-3.640050173E0
2.104786555E2,3.661950111E0,6.309000492E0,-3.297000170E0
2.104810990E2,3.636000156E0,9.639000893E0,-5.179499984E-1
2.104835427E2,8.269050598E0,1.113105011E1,-6.171000481E0
2.104859860E2,3.382050276E0,9.213000298E0,-5.445000172E0
2.104884297E2,7.440000176E-1,1.111395073E1,1.722000122E0
2.104908734E2,2.536950111E0,1.131495094E1,-4.099500179E-1
2.104933168E2,1.905000091E0,1.015395069E1,-1.557000041E0
2.104957604E2,1.572000027E0,1.240905094E1,1.207950115E0
2.104982041E2,8.134950638E0,1.177995014E1,-4.630950451E0
2.105006476E2,3.760950089E0,8.092950821E0,-7.317000389E0
2.105030912E2,3.060000241E-1,8.322000504E0,-1.273950100E0
2.105055347E2,3.088050127E0,1.057305050E1,-1.369950056E0
2.105079783E2,2.752950191E0,8.236050606E0,-3.691950083E0
2.105104217E2,-1.549500078E-1,7.531950474E0,1.969500035E-1
2.105128654E2,3.672000170E0,8.967000008E0,2.639999986E-1
2.105153090E2,4.201050282E0,7.674000263E0,-5.095950127E0
2.105177525E2,1.771050096E0,6.346950531E0,-2.538000107E0
2.105201961E2,3.238950253E0,6.888000488E0,-2.230050087E0
2.105226396E2,3.205050230E0,7.330950260E0,-3.538950205E0
2.105250832E2,1.294050097E0,5.574000359E0,3.195000067E-2
2.105275269E2,4.297049999E0,9.534000397E0,1.306050062E0
2.105299703E2,5.484000206E0,5.658000469E0,-7.753050327E0
2.105324139E2,7.219500542E-1,5.847000122E0,-2.284950018E0
2.105348574E2,4.350000322E-1,8.598000526E0,3.204000235E0
2.105373010E2,5.983050346E0,5.638050079E0,-4.192950249E0
2.105397447E2,1.120050073E0,4.738050461E0,-4.438950062E0
2.105421881E2,2.022000074E0,9.330000877E0,1.488000035E0
2.105446318E2,7.165050507E0,7.477050304E0,-5.581950188E0
2.105470752E2,3.436950207E0,7.060950279E0,-7.708050251E0
2.105495188E2,1.206000090E0,8.521050453E0,-8.719500303E-1
2.105519623E2,5.463000298E0,8.017950058E0,-4.468050003E0
2.105544059E2,4.361999989E0,8.718000412E0,-6.517950535E0
2.105568494E2,3.220050097E0,1.151205063E1,-1.540050030E0
2.105592931E2,8.188050270E0,9.546000481E0,-5.746950150E0
2.105617367E2,3.484950066E0,8.032950401E0,-7.006050110E0
2.105641801E2,-8.310000300E-1,1.009395027E1,1.918950081E0
2.105666238E2,1.309050083E0,1.054200077E1,2.191950083E0
2.105690672E2,4.050000191E0,9.007050514E0,-4.534950256E0
2.105715108E2,1.065000057E0,1.012800026E1,-8.980500698E-1
2.105739543E2,1.711050034E0,1.235700035E1,2.182049990E0
2.105763979E2,4.138950348E0,1.142805099E1,-3.556050062E0
2.105788414E2,1.837950110E0,9.723000526E0,-2.862000227E0
2.105812851E2,2.671050072E0,1.192800045E1,1.300950050E0
2.105837287E2,3.433050156E0,1.150905037E1,-4.269000053E0
2.105861721E2,1.618050098E0,1.229895020E1,-2.023950100E0
2.105886158E2,4.893000126E0,1.307505035E1,1.894950032E0
2.105910595E2,5.218950272E0,1.173000050E1,-8.881050110E0
2.105935029E2,1.687050104E0,9.426000595E0,-3.685050249E0
2.105959465E2,9.859500527E-1,1.054200077E1,1.648050070E0
2.105983900E2,4.891050339E0,1.080105019E1,-1.987950087E0
2.106008336E2,2.844000101E0,8.464050293E0,-3.742950201E0
2.106032771E2,1.531950116E0,1.001295090E1,1.927950144E0
2.106057207E2,6.343950272E0,9.903000832E0,-1.807950139E0
2.106081641E2,3.793950081E0,7.657050133E0,-4.315050125E0
2.106106078E2,2.343000174E0,7.204050541E0,6.105000153E-2
2.106130514E2,5.281050205E0,8.197950363E0,-2.431050062E0
2.106154949E2,3.697950125E0,8.425050735E0,-3.961050272E0
2.106179385E2,1.333050013E0,5.430000305E0,-6.495000422E-2
2.106203820E2,6.169050217E0,8.002050400E0,-2.620050192E0
2.106228256E2,5.749950409E0,4.957950115E0,-9.325950623E0
2.106252693E2,3.750000298E-1,5.794050217E0,-1.732050061E0
2.106277127E2,-1.319999993E-1,7.480050564E0,3.280950069E0
2.106301563E2,3.883050203E0,3.780000210E0,-2.683950186E0
2.106325998E2,1.030950069E0,4.434000015E0,-6.730500460E-1
2.106350434E2,1.879050136E0,7.281000137E0,4.495050430E0
2.106374869E2,7.194000244E0,3.988950253E0,-3.154050112E0
2.106399305E2,2.551050186E0,3.642000198E0,-5.317950249E0
2.106423742E2,6.070500016E-1,6.217950344E0,-2.419500053E-1
2.106448176E2,4.314000130E0,5.479950428E0,-2.728050232E0
2.106472613E2,1.915050149E0,4.084949970E0,-4.416000366E0
2.106497047E2,8.110500574E-1,6.646050453E0,6.310500503E-1
2.106521484E2,7.981950283E0,5.557050228E0,-3.658950090E0
2.106545920E2,3.706050158E0,3.891000271E0,-8.076000214E0
2.106570355E2,-1.162950039E0,5.313000202E0,-1.249500066E-1
2.106594791E2,2.427000046E0,6.096000195E0,1.753950119E0
2.106619225E2,4.711050034E0,4.077000141E0,-5.191050053E0
2.106643662E2,7.800000310E-1,5.478000164E0,-8.170500398E-1
2.106668096E2,2.844000101E0,7.927050591E0,2.671050072E0
2.106692532E2,5.058000088E0,6.369000435E0,-4.183050156E0
2.106716969E2,1.251000047E0,6.996000290E0,-3.142050266E0
2.106741404E2,8.110500574E-1,9.189000130E0,2.292000055E0
2.106765840E2,3.490050077E0,8.365950584E0,-4.738950253E0
2.106790275E2,1.789950132E0,8.808000565E0,-4.645050049E0
2.106814712E2,1.977000117E0,1.024500084E1,6.810000539E-1
2.106839148E2,5.566050053E0,9.634950638E0,-5.401950359E0
2.106863582E2,3.447000265E0,8.779950142E0,-5.332950115E0
2.106888019E2,4.210500121E-1,9.298950195E0,1.405950069E0
2.106912453E2,3.540000200E0,9.655950546E0,8.130000234E-1
2.106936889E2,4.726050377E0,1.085100079E1,-5.602950096E0
2.106961324E2,2.143949986E0,1.058700085E1,-2.091000080E0
2.106985760E2,3.046950102E0,1.145895100E1,-1.680000126E-1
2.107010195E2,4.006950378E0,1.051095009E1,-3.882000208E0
2.107034632E2,1.816050053E0,1.145205021E1,-1.102050066E0
2.107059068E2,6.409500241E-1,1.178700066E1,8.269500136E-1
2.107083503E2,2.997000217E0,1.124805069E1,1.047000051E0
2.107107939E2,2.314050198E0,1.138200092E1,-3.714000225E0
2.107132376E2,1.266000032E0,1.185405064E1,6.810000539E-1
2.107156810E2,3.756000280E0,1.110705090E1,-1.650000095E0
2.107181247E2,2.213999987E0,1.159800053E1,-4.273950100E0
2.107205681E2,2.050500065E-1,1.072395039E1,1.347000122E0
2.107230118E2,-2.895000204E-2,1.083195019E1,1.323000073E0
2.107254552E2,3.148050070E0,1.228005028E1,7.380000353E-1
2.107278988E2,2.908050060E0,1.102800083E1,-2.373000145E0
2.107303423E2,4.918950081E0,1.137495041E1,-8.860500455E-1
2.107327860E2,8.367000580E0,1.197405052E1,-3.610950232E0
2.107352296E2,2.796000242E0,1.137000084E1,-4.855950356E0
2.107376731E2,1.170000076E0,1.058700085E1,2.422049999E0
2.107401167E2,3.777000189E0,1.075005054E1,6.019500494E-1
2.107425601E2,2.652000189E0,9.759000778E0,-3.340950251E0
2.107450038E2,4.230000079E-1,8.005949974E0,-1.261950016E0
2.107474472E2,3.037950039E0,8.358000755E0,-8.500500321E-1
2.107498909E2,4.132050037E0,9.097949982E0,-3.172950268E0
2.107523345E2,1.414050102E0,7.314000130E0,1.003950000E0
2.107547780E2,9.690000415E-1,7.549050331E0,-7.240500450E-1
2.107572216E2,3.409050226E0,1.148295021E1,2.967000246E0
2.107596651E2,2.863050222E0,8.574000359E0,2.710500062E-1
2.107621088E2,8.899500370E-1,6.345000267E0,-1.903950095E0
2.107645524E2,3.492000103E0,1.051605034E1,3.034050226E0
2.107669958E2,2.776950121E0,1.087995052E1,-3.604050159E0
2.107694394E2,4.879500270E-1,1.023495007E1,-1.321950078E0
2.107718829E2,5.523000240E0,1.050795078E1,-3.963000298E0
2.107743265E2,7.426050186E0,9.346950531E0,-1.039905071E1
2.107767700E2,2.800950050E0,8.872950554E0,-8.613000870E0
2.107792137E2,1.048050046E0,1.079295063E1,-1.175999999E0
2.107816571E2,3.349050045E0,1.174395084E1,-3.028950214E0
2.107841007E2,2.154000044E0,1.215300083E1,1.042050004E0
2.107865444E2,5.119500160E-1,1.086300087E1,1.746000051E0
2.107889879E2,6.600000262E-1,1.063800049E1,-1.319999993E-1
2.107914315E2,6.883050442E0,1.198800087E1,4.180500209E-1
2.107938752E2,2.821950197E0,9.187050819E0,-5.553000450E0
2.107963186E2,5.161050320E0,9.244050026E0,-2.823000193E0
2.107987622E2,3.981000185E0,1.074795055E1,-3.769050121E0
2.108012057E2,1.570050120E0,9.832950592E0,1.339050055E0
2.108036493E2,3.630000055E-1,9.406949997E0,1.773000121E0
2.108060930E2,4.486050129E0,9.903000832E0,5.640000105E-1
2.108085364E2,4.239000320E0,8.513999939E0,-7.387050152E0
2.108109801E2,1.378050089E0,6.658050537E0,-4.192950249E0
2.108134235E2,3.385050058E0,8.773050308E0,-2.905050039E0
2.108158671E2,3.081000090E0,9.960000038E0,-2.280000210E0
2.108183106E2,1.399500072E-1,7.575000286E0,1.998000145E0
2.108207542E2,-2.320050001E0,7.987050533E0,1.440000057E0
2.108231979E2,-3.589500189E-1,7.863000393E0,2.517000198E0
2.108256414E2,5.247000217E0,8.184000015E0,2.107950211E0
2.108280850E2,3.208050251E0,7.069950104E0,-3.408000231E0
2.108305285E2,6.190950394E0,8.011050224E0,-3.841050148E0
2.108329721E2,3.061050177E0,9.318000793E0,-3.460050106E0
2.108354155E2,1.020000055E-1,9.496050835E0,5.179499984E-1
2.108378591E2,-5.170500278E-1,9.520050049E0,2.199000120E0
2.108403026E2,1.797000051E0,1.108305073E1,1.432950020E0
2.108427463E2,3.765000105E0,9.745050430E0,-2.632050037E0
2.108451899E2,1.527000070E0,9.117000580E0,-2.407050133E0
2.108476334E2,5.395950317E0,1.176300049E1,-2.242050171E0
2.108500770E2,3.825000286E0,1.246695042E1,-3.273000240E0
2.108525205E2,4.560000300E-1,1.108800030E1,-1.947000146E0
2.108549641E2,-5.239500403E-1,1.202595043E1,6.090000272E-1
2.108574075E2,2.941950083E0,1.453605080E1,4.660050392E0
2.108598512E2,3.658050060E0,1.314000034E1,-3.360000134E0
2.108622948E2,4.749000072E0,1.227495098E1,-4.830000401E0
2.108647383E2,6.451950073E0,1.423200035E1,-8.074049950E0
2.108671819E2,2.358000040E0,1.483500099E1,-4.162050247E0
2.108696254E2,-4.189500213E-1,1.315905094E1,-1.900500059E-1
2.108720691E2,2.161050081E0,1.098705006E1,1.642950058E0
2.108745127E2,5.133000374E0,1.177995014E1,-5.461950302E0
2.108769561E2,3.445050240E0,1.004895020E1,-7.243050575E0
2.108793998E2,1.744950056E0,9.105000496E0,-1.791000128E0
2.108818432E2,4.510050297E0,1.039395046E1,-4.600500166E-1
2.108842869E2,2.757000208E0,9.883950233E0,8.200500607E-1
2.108867305E2,8.950500488E-1,6.265950203E0,5.350500345E-1
2.108891740E2,-1.221000075E0,8.878050804E0,1.405950069E0
2.108916176E2,3.490050077E0,9.328050613E0,3.469950199E0
2.108940611E2,2.230950117E0,5.107050419E0,-4.774950027E0
2.108965047E2,1.989000082E0,8.124000549E0,1.450500041E-1
2.108989482E2,4.893000126E0,9.637050629E0,-1.602000117E0
2.109013918E2,1.231950045E0,8.332050323E0,-8.290500641E-1
2.109038355E2,-1.045950055E0,1.000305080E1,3.238050222E0
2.109062789E2,3.499950171E0,7.579950333E0,3.739500046E-1
2.109087226E2,7.062000275E0,6.157950401E0,-9.135000229E0
2.109111660E2,2.803050041E0,5.890050411E0,-1.017900085E1
2.109136096E2,1.378050089E0,7.048950195E0,-3.292950153E0
2.109160531E2,3.961950302E0,8.277000427E0,-3.070500195E-1
2.109184967E2,2.239950180E0,7.887000561E0,6.619500518E-1
2.109209404E2,-4.710000157E-1,6.955050468E0,1.450500041E-1
2.109233839E2,3.246000051E0,7.711950302E0,4.495050430E0
2.109258275E2,9.636000633E0,6.337950230E0,-7.890000343E0
2.109282709E2,4.635000229E0,5.011050224E0,-1.140705013E1
2.109307146E2,1.528950095E0,6.736950397E0,-4.068000317E0
2.109331582E2,3.391950130E0,9.000000000E0,-8.580000401E-1
2.109356017E2,1.588950038E0,8.365950584E0,7.140000463E-1
2.109380453E2,4.830000103E-1,1.033395004E1,3.516000271E0
2.109404888E2,8.101050377E0,8.679000854E0,-8.119500279E-1
2.109429324E2,1.048395061E1,8.832000732E0,-9.796050072E0
2.109453761E2,3.021000147E0,9.354000092E0,-9.666000366E0
2.109478196E2,2.100000158E-2,1.067400074E1,-2.236950159E0
2.109502632E2,2.269500047E-1,1.208595085E1,1.276950002E0
2.109527066E2,1.669500023E-1,1.119600010E1,1.464000106E0
2.109551502E2,-5.530500412E-1,9.759000778E0,7.005000114E-2
2.109575937E2,2.925000191E0,8.595000267E0,1.596000075E0
2.109600373E2,1.106295013E1,1.083600044E1,-9.472050667E0
2.109624810E2,6.780000210E0,8.890050888E0,-1.047495079E1
2.109649245E2,2.037000179E0,1.047000027E1,-4.427999973E0
2.109673681E2,2.797950029E0,1.223205090E1,6.229500175E-1
2.109698116E2,2.398050070E0,1.285695076E1,2.689950228E0
2.109722552E2,-3.109500110E-1,1.048395061E1,-2.986050129E0
2.109746986E2,-7.849500179E-1,9.235050201E0,1.255950093E0
2.109771423E2,4.017000198E0,1.037205029E1,5.683050156E0
2.109795857E2,4.777950287E0,9.085950851E0,-4.150050163E0
2.109820294E2,4.005000114E0,8.533050537E0,-3.618000269E0
2.109844730E2,4.498050213E0,9.826050758E0,-4.223999977E0
2.109869165E2,2.130000114E0,1.043400097E1,-1.363050103E0
2.109893601E2,8.830500245E-1,7.930050373E0,2.548050165E0
2.109918038E2,-1.099500060E-1,7.839000225E0,1.399050117E0
2.109942473E2,2.559000015E0,1.003200054E1,4.085999966E0
2.109966909E2,3.385050058E0,8.536050797E0,-2.170050144E0
2.109991343E2,1.636950135E0,5.716950417E0,-1.504050016E0
2.110015779E2,3.661950111E0,8.466000557E0,2.670000196E-1
2.110040214E2,3.154950142E0,9.864000320E0,-4.390500188E-1
2.110064651E2,4.159500301E-1,8.542950630E0,5.520000458E-1
2.110089085E2,-8.040000200E-1,6.670050144E0,7.770000100E-1
2.110113522E2,6.550500393E-1,8.263050079E0,1.597950101E0
2.110137958E2,3.909000158E0,9.241950035E0,-4.705049992E0
2.110162393E2,1.192050099E0,6.381000519E0,-3.958050251E0
2.110186829E2,1.765950084E0,6.903000355E0,1.099950075E0
2.110211266E2,3.069000244E0,1.034595013E1,-2.590500116E-1
2.110235700E2,1.102950096E0,7.330950260E0,-2.089500129E-1
2.110260137E2,-4.690500200E-1,6.045000076E0,-3.900000080E-2
2.110284571E2,4.318050385E0,8.320050240E0,2.127000093E0
2.110309007E2,8.116050720E0,7.882050514E0,-1.028595066E1
2.110333442E2,2.856000185E0,5.338950157E0,-8.874000549E0
2.110357878E2,1.612950087E0,5.872950077E0,-2.701050043E0
2.110382313E2,4.150950432E0,9.714000702E0,-3.670500219E-1
2.110406750E2,1.303950071E0,1.014195061E1,-2.040000111E-1
2.110431186E2,9.900000691E-1,8.275050163E0,8.719500303E-1
2.110455620E2,8.089050293E0,7.498950481E0,-3.889050245E0
2.110480057E2,1.136700058E1,7.939050198E0,-1.361895084E1
2.110504491E2,3.267000198E0,8.787000656E0,-1.195005035E1
2.110528927E2,5.910000205E-1,1.003905010E1,-3.316950083E0
2.110553364E2,3.889950275E0,1.041495037E1,1.564050078E0
2.110577799E2,3.454050064E0,1.111200047E1,1.045050025E0
2.110602235E2,2.213999987E0,1.057800007E1,3.580500185E-1
2.110626670E2,7.021950245E0,8.952000618E0,-3.895950079E0
2.110651106E2,1.051995087E1,1.001295090E1,-1.071300030E1
2.110675540E2,3.969000101E0,1.096095085E1,-1.169700050E1
2.110699976E2,-4.740000367E-1,1.039800072E1,-1.180950046E0
2.110724413E2,-3.450000286E-1,1.241895103E1,3.339000225E0
2.110748848E2,1.974000096E0,1.359000111E1,1.684050083E0
2.110773284E2,2.009999990E0,1.201905060E1,-5.149500370E-1
2.110797719E2,1.048050046E0,1.081995010E1,7.720500231E-1
2.110822156E2,6.823050499E0,1.137300014E1,1.612050056E0
2.110846592E2,5.896050453E0,1.000605011E1,-8.541000366E0
2.110871026E2,2.650050163E0,9.394950867E0,-5.380050182E0
2.110895462E2,1.974000096E0,1.029300022E1,-1.786950111E0
2.110919897E2,2.322000027E0,1.081695080E1,3.600000143E-1
2.110944333E2,6.739500165E-1,9.001950264E0,1.845000029E0
2.110968768E2,-1.905000024E-2,7.738050461E0,-1.350000054E-1
2.110993204E2,2.476950169E0,9.024000168E0,2.260950089E0
2.111017641E2,4.407000065E0,1.043895054E1,2.307000160E0
2.111042075E2,2.154000044E0,5.883000374E0,1.042050004E0
2.111066512E2,1.054949999E0,5.017950058E0,3.670500219E-1
2.111090946E2,2.305050135E0,8.995050430E0,4.890000224E-1
2.111115382E2,1.861950040E0,9.225000381E0,1.732050061E0
2.111139817E2,6.150000095E-1,5.305950165E0,1.999500096E-1
2.111164254E2,-3.490500152E-1,7.870050430E0,-1.438950062E0
2.111188688E2,2.128050089E0,1.285995102E1,1.114050031E0
2.111213125E2,2.271000147E0,8.698050499E0,1.011000037E0
2.111237561E2,4.849500358E-1,6.259050369E0,-2.815950155E0
2.111261995E2,5.119500160E-1,1.093005085E1,-4.870500267E-1
2.111286432E2,1.713000059E0,1.056105042E1,3.916050196E0
2.111310869E2,5.740500093E-1,6.352050304E0,1.230000034E-1
2.111335303E2,4.399500191E-1,5.325000286E0,-3.379500210E-1
2.111359739E2,2.451000214E0,8.670000076E0,3.307050228E0
2.111384174E2,5.880000114E0,8.980950356E0,4.227000237E0
2.111408610E2,6.153000355E0,2.830050230E0,-9.058050156E0
2.111433047E2,5.584950447E0,5.181000233E0,-1.201500034E1
2.111457481E2,6.631050110E0,8.171999931E0,-1.458900070E1
2.111481918E2,2.773950100E0,7.141950130E0,-1.159095097E1
2.111506353E2,-6.649500132E-1,6.177000523E0,-4.565999985E0
2.111530789E2,9.640500546E-1,8.944950104E0,3.670950174E0
2.111555223E2,4.840050220E0,7.291050434E0,-7.039500475E-1
2.111579659E2,3.787050247E0,7.045950413E0,-1.096950054E0
2.111604096E2,4.741950035E0,7.513050556E0,8.869500160E-1
2.111628531E2,9.760950089E0,7.437000275E0,-3.592050076E0
2.111652967E2,3.655050278E0,1.006305027E1,-6.432000160E0
2.111677402E2,-6.270000339E-1,8.878050804E0,-1.106999993E0
2.111701838E2,3.792000294E0,7.480050564E0,-7.830000520E-1
2.111726272E2,8.058000565E0,8.728950500E0,-7.593000412E0
2.111750709E2,4.350000381E0,1.030500031E1,-5.268000126E0
2.111775143E2,1.999500096E-1,9.093000412E0,1.986000061E0
2.111799580E2,6.460500360E-1,8.533050537E0,1.003950000E0
2.111824016E2,2.443950176E0,1.234500027E1,-5.820000172E-1
2.111848451E2,3.475950241E0,1.180095100E1,-1.729500145E-1
2.111872887E2,2.475000143E0,8.808000565E0,-1.897050142E0
2.111897324E2,3.202950239E0,1.028595066E1,-5.898000240E0
2.111921759E2,3.502050161E0,1.185405064E1,-7.513950348E0
2.111946195E2,8.080500364E-1,1.008705044E1,-2.803950071E0
2.111970629E2,1.393050075E0,8.892000198E0,1.449000120E0
2.111995065E2,2.274000168E0,1.358505058E1,2.007000208E0
2.112019500E2,1.017000079E0,1.135095024E1,-7.200000435E-2
2.112043936E2,-6.199500561E-1,7.687950134E0,-1.120950103E0
2.112068371E2,2.530050039E0,9.769050598E0,3.271950245E0
2.112092808E2,4.732950211E0,1.051605034E1,-6.240000248E0
2.112117244E2,4.261050224E0,6.163050175E0,-6.882000446E0
2.112141679E2,2.379000187E0,7.518000126E0,-4.813050270E0
2.112166115E2,4.402050018E0,8.310000420E0,-1.234050035E0
2.112190552E2,5.230950356E0,8.895000458E0,6.300000101E-2
2.112214986E2,2.410050154E0,8.822999954E0,-1.890000105E0
2.112239422E2,3.046950102E0,9.546000481E0,-6.349500418E-1
2.112263857E2,7.194000244E0,8.908950806E0,-5.437950134E0
2.112288293E2,4.636950016E0,8.679000854E0,-9.046050072E0
2.112312728E2,5.860500336E-1,6.831000328E0,-2.682000160E0
2.112337164E2,2.046000004E0,9.424050331E0,1.768050075E0
2.112361599E2,2.020050049E0,1.034100056E1,-5.149500370E-1
2.112386036E2,1.057050109E0,5.361000061E0,-5.820000172E-1
2.112410472E2,3.610050201E0,7.314000130E0,8.220000267E-1
2.112434906E2,8.913000107E0,6.931050301E0,-5.184000015E0
2.112459343E2,6.801000118E0,7.213950157E0,-9.604050636E0
2.112483777E2,3.970500231E-1,8.437050819E0,-3.858000278E0
2.112508214E2,-1.360050082E0,7.449000359E0,3.505950212E0
2.112532650E2,9.450000525E-1,9.121950150E0,5.314050198E0
2.112557085E2,3.397050142E0,8.779950142E0,1.855950117E0
2.112581521E2,3.241050243E0,7.525050163E0,-8.580000401E-1
2.112605956E2,3.982950211E0,8.908950806E0,-1.264950037E0
2.112630392E2,6.901950359E0,9.121950150E0,-7.495050430E0
2.112654827E2,2.341050148E0,8.895000458E0,-8.509950638E0
2.112679263E2,-8.670000434E-1,7.798050404E0,-3.720000088E-1
2.112703700E2,-2.580000162E-1,1.095405006E1,2.629950047E0
2.112728134E2,2.506050110E0,1.167000103E1,8.220000267E-1
2.112752570E2,1.836000085E0,7.302000523E0,-1.368000031E0
2.112777007E2,2.422049999E0,8.104949951E0,1.300500035E-1
2.112801442E2,6.997950554E0,1.012500095E1,-4.090050220E0
2.112825878E2,5.796000481E0,9.784950256E0,-7.140000343E0
2.112850313E2,8.659500480E-1,8.815950394E0,-2.719950199E0
2.112874749E2,7.560000420E-1,8.052000046E0,1.069050074E0
2.112899184E2,1.588950038E0,1.179900074E1,2.383050203E0
2.112923620E2,1.371000051E0,1.049205017E1,-6.640500426E-1
2.112948054E2,8.419500589E-1,6.061950207E0,1.500000060E-2
2.112972491E2,2.506050110E0,7.510950565E0,6.829500198E-1
2.112996927E2,7.275000572E0,1.062105083E1,-5.440050125E0
2.113021362E2,4.672950268E0,7.185000420E0,-7.321950436E0
2.113045798E2,1.486050129E0,7.789050579E0,-1.795950055E0
2.113070233E2,3.694050074E0,1.156395054E1,2.854950190E0
2.113094669E2,3.351000071E0,1.193100071E1,1.227000117E0
2.113119104E2,1.195950031E0,9.454950333E0,-1.150500029E-1
2.113143540E2,-1.080000028E-1,8.986050606E0,5.879999995E-1
2.113167976E2,4.198950291E0,1.093905067E1,-3.070500195E-1
2.113192411E2,4.881000042E0,1.111905098E1,-9.999000549E0
2.113216847E2,2.317050219E0,9.453000069E0,-6.874050140E0
2.113241282E2,1.546050072E0,1.034295082E1,-1.469999999E-1
2.113265718E2,5.044050217E0,1.217505074E1,-1.483050108E0
2.113290155E2,4.041000366E0,1.378095055E1,-3.975000143E0
2.113314589E2,3.114000082E0,1.088700008E1,-1.564050078E0
2.113339026E2,3.703050137E0,1.049595070E1,-1.459050059E0
2.113363460E2,6.141000271E0,1.181595039E1,-5.686950207E0
2.113387896E2,4.735050201E0,9.493050575E0,-8.074049950E0
2.113412331E2,1.443000078E0,8.121000290E0,-2.953050137E0
2.113436768E2,2.452950001E0,7.990050316E0,3.889500201E-1
2.113461202E2,5.118000031E0,1.040295029E1,-2.674950123E0
2.113485639E2,2.065050125E0,5.995050430E0,-4.878000259E0
2.113510075E2,3.559500277E-1,4.963050365E0,-9.370500445E-1
2.113534509E2,2.371950150E0,8.310000420E0,-1.521000028E0
2.113558946E2,5.367000103E0,6.136050224E0,-7.855950356E0
2.113583382E2,4.830000103E-1,4.609050274E0,-3.748050213E0
2.113607817E2,-2.820000052E-1,5.908950329E0,5.853000164E0
2.113632253E2,4.456950188E0,5.896950245E0,3.448950052E0
2.113656688E2,6.303000450E0,8.381999969E0,-1.660500020E-1
2.113681124E2,2.752950191E0,7.798050404E0,6.330000162E-1
2.113705559E2,1.570050120E0,9.388050079E0,1.986000061E0
2.113729995E2,3.475950241E0,1.014495087E1,-1.957050085E0
2.113754429E2,2.287950039E0,1.158600044E1,-5.797050476E0
2.113778866E2,1.555050015E0,1.063500023E1,-5.850000381E-1
2.113803302E2,8.779500127E-1,1.015395069E1,2.706000090E0
2.113827737E2,1.182000041E0,1.265400028E1,-8.910000324E-1
2.113852173E2,4.014000416E0,1.369500065E1,-1.564050078E0
2.113876610E2,2.371950150E0,1.043400097E1,-1.569000125E0
2.113901044E2,6.184050083E0,1.094205093E1,-4.000950336E0
2.113925481E2,5.287950039E0,1.455000114E1,-1.333395100E1
2.113949915E2,1.993950129E0,1.327605057E1,-8.047950745E0
2.113974352E2,1.189500093E-1,1.032900047E1,-2.208000183E0
2.113998786E2,2.475000143E0,1.163895035E1,5.179499984E-1
2.114023222E2,2.311950207E0,1.473705101E1,-1.140000105E0
2.114047657E2,2.179949999E0,8.437050819E0,3.169500232E-1
2.114072094E2,4.711050034E0,7.329000473E0,-3.244950056E0
2.114096530E2,8.298000336E0,9.105000496E0,-9.565950394E0
2.114120964E2,5.274000168E0,8.842050552E0,-1.201005077E1
2.114145401E2,2.629500031E-1,6.982050419E0,-4.825050354E0
2.114169837E2,-1.288050056E0,7.767000198E0,3.324000120E0
2.114194272E2,-3.760500252E-1,7.719000340E0,4.294050217E0
2.114218708E2,1.893000126E0,6.187050343E0,2.697000027E0
2.114243143E2,4.534049988E0,5.598000050E0,3.588000059E0
2.114267579E2,1.011000061E1,6.457050323E0,-2.350500077E-1
2.114292014E2,1.243800068E1,5.899050236E0,-1.009005070E1
2.114316450E2,3.270000219E0,7.033950329E0,-1.038900089E1
2.114340884E2,-4.500000179E-2,6.678000450E0,-6.540000439E-1
2.114365321E2,6.600000262E-1,1.024500084E1,5.692050457E0
2.114389758E2,1.608000040E0,9.306000710E0,1.936050057E0
2.114414192E2,5.070000291E-1,8.041950226E0,-7.039500475E-1
2.114438628E2,9.499500394E-1,7.474950314E0,8.580000401E-1
2.114463063E2,6.088050365E0,8.563950539E0,-2.821050167E0
2.114487500E2,5.865000248E0,9.097949982E0,-9.658950806E0
2.114511934E2,1.998000145E0,8.404050827E0,-5.581950188E0
2.114536370E2,8.490000367E-1,7.719000340E0,9.229500294E-1
2.114560807E2,1.663050056E0,1.236195087E1,1.380000114E0
2.114585241E2,1.783050060E0,1.172700024E1,3.169500232E-1
2.114609678E2,1.081050038E0,6.472050190E0,-1.345950007E0
2.114634112E2,-5.910000205E-1,7.386000156E0,5.350500345E-1
2.114658548E2,1.078950047E0,1.173000050E1,1.698000073E0
2.114682985E2,6.604950428E0,9.535950661E0,-1.279050112E0
2.114707420E2,2.403000116E0,4.434000015E0,-5.658000469E0
2.114731856E2,5.118000031E0,7.504050255E0,-1.983000040E0
2.114756291E2,5.524950027E0,1.088700008E1,-5.320950031E0
2.114780728E2,2.121000051E0,8.101950645E0,-5.419050217E0
2.114805164E2,4.330500066E-1,6.175050259E0,-1.510500014E-1
2.114829598E2,4.648950100E0,8.068950653E0,-7.810500264E-1
2.114854035E2,6.270000458E0,8.361000061E0,-6.268950462E0
2.114878469E2,1.558050036E0,7.165950298E0,-4.677000046E0
2.114902905E2,8.779500127E-1,6.334950447E0,2.505000114E0
2.114927340E2,3.850500286E-1,9.417000771E0,3.802950144E0
2.114951776E2,4.060500264E-1,9.874050140E0,1.006950021E0
2.114976213E2,5.670000315E-1,7.267050266E0,-6.540000439E-1
2.115000648E2,2.670000196E-1,7.531950474E0,3.390000165E-1
2.115025084E2,4.776000023E0,8.871000290E0,-9.529500604E-1
2.115049518E2,5.884050369E0,1.074795055E1,-1.074105072E1
2.115073955E2,2.391000032E0,7.518000126E0,-8.673000336E0
2.115098391E2,-5.770500302E-1,6.687000275E0,-4.579500258E-1
2.115122825E2,1.194000006E0,1.089405060E1,3.291000128E0
2.115147262E2,6.460500360E-1,9.859950066E0,-1.653000116E0
2.115171697E2,1.315950036E0,5.677050114E0,-9.370500445E-1
2.115196133E2,3.649950266E0,7.542000294E0,-2.155050039E0
2.115220568E2,8.640000343E0,8.911050797E0,-7.678950310E0
2.115245004E2,5.784000397E0,6.895050526E0,-9.046050072E0
2.115269441E2,1.668000102E0,6.769050121E0,-2.128950119E0
2.115293875E2,1.921950102E0,1.018800068E1,4.204950333E0
2.115318311E2,1.045050025E0,1.127700043E1,4.282050133E0
2.115342746E2,1.141050100E0,9.277950287E0,1.945050120E0
2.115367182E2,1.381050110E0,8.337000847E0,2.083950043E0
2.115391617E2,5.061000347E0,8.629050255E0,-1.198050022E0
2.115416053E2,8.599050522E0,9.661050797E0,-9.304950714E0
2.115440488E2,4.311000347E0,9.879000664E0,-1.102395058E1
2.115464925E2,-2.659500241E-1,9.012000084E0,-2.524050236E0
2.115489361E2,1.570500135E-1,1.025205040E1,4.239000320E0
2.115513796E2,4.489500225E-1,1.387005043E1,1.933050036E0
2.115538232E2,1.333050013E0,1.130100060E1,-8.100000620E-1
2.115562666E2,2.377050161E0,8.980950356E0,1.050000072E0
2.115587103E2,4.375950336E0,9.988950729E0,-2.779950142E0
2.115611539E2,6.528000355E0,1.122405052E1,-8.794950485E0
2.115635974E2,3.210000038E0,8.931000710E0,-8.665050507E0
2.115660410E2,7.890000343E-1,7.096950531E0,6.670500040E-1
2.115684845E2,1.098000050E0,9.366000175E0,2.275050163E0
2.115709281E2,1.204050064E0,1.303005028E1,1.363050103E0
2.115733716E2,1.021950006E0,6.192000389E0,8.170500398E-1
2.115758152E2,9.660000205E-1,5.614950180E0,-5.730000138E-1
2.115782589E2,2.152050018E0,1.107105064E1,1.818000078E0
2.115807023E2,3.471000195E0,1.034805012E1,2.680050135E0
2.115831459E2,3.757950068E0,5.143050194E0,-2.560050011E0
2.115855894E2,1.690050125E0,5.239050388E0,-4.950000439E-3
2.115880331E2,3.813000202E0,8.500050545E0,-2.280000150E-1
2.115904767E2,3.865950108E0,7.465050220E0,-6.513000488E0
2.115929202E2,1.720950127E0,5.406000137E0,-5.955000401E0
2.115953638E2,1.711050034E0,5.454000473E0,-1.131000042E0
2.115978072E2,7.759050369E0,7.915050507E0,-3.774000168E0
2.116002509E2,7.804950237E0,8.370000839E0,-9.274050713E0
2.116026943E2,1.311000109E0,6.799950123E0,-3.973050117E0
2.116051379E2,-6.580500603E-1,7.683000565E0,4.135950089E0
2.116075816E2,-1.185000062E0,1.077405071E1,4.162050247E0
2.116100251E2,2.950950146E0,8.914050102E0,1.284000039E0
2.116124687E2,3.327000141E0,6.856950283E0,-3.511050224E0
2.116149122E2,6.334050179E0,7.125000477E0,-4.626000404E0
2.116173558E2,8.995050430E0,9.490950584E0,-1.002105045E1
2.116197995E2,5.491950035E0,1.065000057E1,-1.146195030E1
2.116222429E2,1.069500074E-1,9.334950447E0,-2.388000011E0
2.116246865E2,-2.080500126E-1,1.071705055E1,3.652050257E0
2.116271300E2,-4.519500136E-1,1.324995041E1,1.081050038E0
2.116295736E2,7.099500299E-1,1.130805016E1,-5.920500159E-1
2.116320171E2,1.551000118E0,9.721050262E0,1.236000061E0
2.116344607E2,1.101000071E0,8.940000534E0,1.093050003E0
2.116369044E2,9.430500269E-1,1.185900021E1,-5.890500546E-1
2.116393478E2,3.289050102E0,1.380105019E1,9.420000315E-1
2.116417914E2,4.246950150E0,8.751000404E0,-1.564050078E0
2.116442349E2,2.817000151E0,9.028950691E0,-2.755950212E0
2.116466786E2,3.591000080E0,1.467705059E1,5.400000140E-2
2.116491222E2,3.355950117E0,1.246005058E1,-4.126049995E0
2.116515657E2,1.504950047E0,9.012000084E0,-1.554000020E0
2.116540093E2,-3.795000166E-2,9.334950447E0,7.260000110E-1
2.116564527E2,4.375950336E0,1.317600060E1,-1.561950088E0
2.116588963E2,6.648000240E0,1.180395031E1,-7.317000389E0
2.116613398E2,3.124050140E0,8.299050331E0,-5.526000500E0
2.116637834E2,1.141050100E0,7.338000298E0,1.975950122E0
2.116662271E2,1.753950119E0,1.166700077E1,3.025050163E0
2.116686706E2,1.978950143E0,1.153305054E1,2.215950012E0
2.116711142E2,9.550500512E-1,4.963050365E0,4.395000264E-2
2.116735577E2,9.280500412E-1,5.286000252E0,-1.746000051E0
2.116760013E2,5.745000362E0,9.373950005E0,-5.926050186E0
2.116784447E2,6.030000210E0,6.574950218E0,-9.826950073E0
2.116808883E2,2.307000160E0,5.286000252E0,-6.313950062E0
2.116833320E2,0.000000000E0,8.410950661E0,2.247000217E0
2.116857755E2,-9.480000734E-1,1.142100048E1,5.604000092E0
2.116882191E2,2.848050117E0,8.089950562E0,6.450000405E-1
2.116906626E2,3.076050043E0,5.943000317E0,-2.227050066E0
2.116931062E2,2.262000084E0,6.654000282E0,-1.665000081E0
2.116955499E2,7.069950104E0,8.097000122E0,-4.687950134E0
2.116979933E2,6.484950542E0,5.908950329E0,-8.341950417E0
2.117004369E2,6.529500484E-1,6.373050213E0,-3.618000269E0
2.117028804E2,-1.092000008E0,6.184050083E0,3.247950077E0
2.117053241E2,-1.549500078E-1,9.709050179E0,2.814000130E0
2.117077675E2,4.065000057E0,9.582000732E0,6.190500259E-1
2.117102112E2,3.504000187E0,6.816000462E0,-2.385000229E0
2.117126546E2,1.702050090E0,8.761050224E0,-3.910500109E-1
2.117150983E2,3.238950253E0,1.043700027E1,-3.415050268E0
2.117175419E2,5.058000088E0,1.036995029E1,-7.344000340E0
2.117199853E2,1.588950038E0,7.762050152E0,-4.468050003E0
2.117224290E2,3.370500207E-1,7.981950283E0,1.957050085E0
2.117248724E2,9.495000541E-2,1.229895020E1,1.120950103E0
2.117273161E2,1.192050099E0,1.162200069E1,2.550000250E-1
2.117297597E2,1.536000013E0,8.370000839E0,3.900000080E-2
2.117322032E2,5.190000534E-1,1.010595036E1,-5.539500117E-1
2.117346468E2,4.660500288E-1,1.180605030E1,5.010000467E-1
2.117370902E2,3.330000162E0,1.343895054E1,2.368950129E0
2.117395339E2,4.297049999E0,9.345000267E0,-4.059000015E0
2.117419773E2,1.096050024E0,7.924950600E0,-3.841050148E0
2.117444210E2,1.194000006E0,1.250505066E1,1.543050051E0
2.117468646E2,3.531000137E0,1.358505058E1,5.130000114E-1
2.117493081E2,2.559000015E0,8.080950737E0,-2.857050180E0
2.117517517E2,4.920000136E-1,8.418000221E0,-4.395000264E-2
2.117541952E2,2.556000233E0,1.227795029E1,1.153050065E0
2.117566388E2,7.078950405E0,1.284000015E1,-5.695950508E0
2.117590825E2,4.600950241E0,8.947050095E0,-5.766000271E0
2.117615259E2,1.954950094E0,9.453000069E0,1.900500059E-1
2.117639696E2,2.200050116E0,1.490700054E1,2.565000057E0
2.117664130E2,2.314050198E0,1.495005035E1,2.673000097E0
2.117688566E2,2.347950220E0,8.719950676E0,-2.244000196E0
2.117713003E2,1.407000065E0,8.944950104E0,-4.281000137E0
2.117737437E2,4.491000175E0,1.049400043E1,-5.943000317E0
2.117761874E2,8.812950134E0,1.159095097E1,-1.059000015E1
2.117786309E2,6.102000237E0,8.956950188E0,-9.520050049E0
2.117810745E2,1.507950068E0,8.251049995E0,-1.755000114E0
2.117835179E2,1.551000118E0,1.042005062E1,5.019000053E0
2.117859616E2,6.649500132E-1,1.385295105E1,4.126049995E0
2.117884052E2,8.400000334E-1,6.433050156E0,6.859500408E-1
2.117908487E2,3.679500222E-1,7.008000374E0,-2.110500038E-1
2.117932923E2,1.540950060E0,7.219050407E0,-3.247050047E0
2.117957358E2,6.660000324E0,8.056950569E0,-6.525000095E0
2.117981794E2,4.717950344E0,5.239050388E0,-8.665050507E0
2.118006229E2,6.550500393E-1,5.698050499E0,-1.369500011E-1
2.118030665E2,-1.302000046E0,9.478950500E0,4.612050056E0
2.118055099E2,1.309500039E-1,9.787950516E0,2.167950153E0
2.118079536E2,2.427000046E0,7.228050232E0,3.298050165E0
2.118103972E2,1.359000087E0,5.133000374E0,5.520000458E-1
2.118128407E2,2.614050150E0,6.730050087E0,-2.103000164E0
2.118152844E2,7.273050308E0,7.477050304E0,-8.527050018E0
2.118177278E2,5.845950127E0,4.963050365E0,-1.191195011E1
2.118201715E2,2.820000052E-1,5.095050335E0,-4.486950397E0
2.118226151E2,-8.310000300E-1,6.931050301E0,3.894000292E0
2.118250586E2,-8.740500212E-1,1.053495026E1,3.669000149E0
2.118275022E2,2.370000124E0,8.080950737E0,3.480000198E-1
2.118299457E2,2.338050127E0,6.478950500E0,1.282050014E0
2.118323893E2,4.470000267E-1,7.807950497E0,2.140500098E-1
2.118348328E2,2.410050154E0,1.011300087E1,1.701000094E0
2.118372764E2,7.819050312E0,8.052000046E0,-6.931950092E0
2.118397201E2,3.840000153E0,5.073000431E0,-7.698000431E0
2.118421635E2,7.339500189E-1,8.527950287E0,5.400000140E-2
2.118446072E2,9.570000172E-1,1.284300041E1,2.443050146E0
2.118470508E2,3.840000153E0,1.185600090E1,7.840500474E-1
2.118494943E2,2.683050156E0,8.599950790E0,-2.746950150E0
2.118519379E2,1.876050115E0,1.073805046E1,-6.520500183E-1
2.118543814E2,4.491000175E0,1.159500027E1,-3.391050100E0
2.118568250E2,7.825950146E0,9.715950012E0,-8.467050552E0
2.118592685E2,4.432950020E0,7.707000256E0,-9.781050682E0
2.118617121E2,3.340500295E-1,9.661050797E0,-8.580000401E-1
2.118641555E2,1.396950126E0,1.161195087E1,3.409950256E0
2.118665992E2,1.986000061E0,1.315200043E1,2.002950191E0
2.118690429E2,2.487000227E0,8.119050026E0,8.389500380E-1
2.118714863E2,2.893950224E0,9.390000343E0,-3.970050097E0
2.118739299E2,4.788000107E0,1.065705013E1,-5.071950436E0
2.118763734E2,7.291950226E0,9.414000511E0,-8.883000374E0
2.118788170E2,5.034000397E0,7.429050446E0,-8.590950012E0
2.118812605E2,1.467000127E0,7.603950500E0,1.920000017E-1
2.118837042E2,4.695000127E-2,1.108800030E1,5.035950184E0
2.118861478E2,-8.310000300E-1,9.295050621E0,3.849000216E0
2.118885913E2,2.130000114E0,7.216050148E0,2.680050135E0
2.118910349E2,3.459000111E0,6.984000206E0,1.393950105E0
2.118934783E2,3.873000145E0,8.131050110E0,-3.442950249E0
2.118959220E2,6.217050076E0,9.073950768E0,-6.454950333E0
2.118983656E2,4.903050423E0,7.108950138E0,-8.578950882E0
2.119008091E2,1.000500023E-1,6.574950218E0,-1.293000102E0
2.119032527E2,-8.380500674E-1,9.763950348E0,2.982000113E0
2.119056962E2,-1.399950027E0,9.394950867E0,2.980500162E-1
2.119081398E2,9.739500284E-1,8.868000031E0,1.033050060E0
2.119105835E2,1.986000061E0,8.251049995E0,2.188950062E0
2.119130270E2,1.254000068E0,7.543950558E0,-1.237950087E0
2.119154706E2,2.017950058E0,1.006995010E1,-4.530000091E-1
2.119179140E2,3.532950163E0,1.129905033E1,3.175950050E0
2.119203576E2,4.369050026E0,7.582950592E0,1.144950032E0
2.119228011E2,3.492000103E0,9.025950432E0,-1.333950043E0
2.119252447E2,4.801950455E0,1.210800076E1,-4.390500188E-1
2.119276884E2,7.504950523E0,1.044405079E1,-9.681000710E0
2.119301319E2,2.206950188E0,1.038600063E1,-1.005600071E1
2.119325755E2,-4.860000312E-1,1.021395016E1,-2.151000023E0
2.119350189E2,4.005000368E-2,1.022805023E1,1.963950038E0
2.119374626E2,4.455000401E0,1.387200069E1,1.294050097E0
2.119399060E2,5.166000366E0,1.045305061E1,-3.457950115E0
2.119423496E2,1.966950059E0,1.046805096E1,-1.380000114E0
2.119447931E2,1.153050065E0,1.255605030E1,1.873050094E0
2.119472368E2,3.595050097E0,1.333800030E1,-7.830000520E-1
2.119496804E2,3.910950184E0,1.070205021E1,-7.180950165E0
2.119521239E2,1.759050131E0,1.043400097E1,-6.714000225E0
2.119545675E2,1.354050040E0,1.042905045E1,-2.176950216E0
2.119570112E2,5.547000408E0,9.754050255E0,-3.532050133E0
2.119594547E2,7.635000229E0,7.519950390E0,-7.459050179E0
2.119618983E2,3.676950216E0,8.203050613E0,-3.051000118E0
2.119643417E2,1.954950094E0,8.137949944E0,2.614950180E0
2.119667853E2,1.848000050E0,1.050795078E1,3.160950184E0
2.119692288E2,2.058000088E0,7.960950375E0,-1.995000057E-2
2.119716725E2,1.723050117E0,5.935050488E0,-2.212949991E0
2.119741159E2,3.490500152E-1,6.429000378E0,-3.630000114E0
2.119765596E2,2.583000183E0,6.132000446E0,-4.344000340E0
2.119790032E2,6.495000362E0,5.251050472E0,-7.720050335E0
2.119814467E2,3.564000130E0,3.156000137E0,-5.929050446E0
2.119838903E2,-6.460500360E-1,6.121950150E0,2.254050016E0
2.119863340E2,-1.695000008E-2,7.458000183E0,5.983950138E0
2.119887774E2,4.903050423E0,6.144000053E0,2.793000221E0
2.119912210E2,6.640950203E0,4.674000263E0,-4.606950283E0
2.119936645E2,2.668950081E0,6.261000156E0,-6.360000134E0
2.119961081E2,3.016050100E0,7.365000248E0,-6.444000244E0
2.119985516E2,7.912050247E0,6.514950275E0,-6.439050198E0
2.120009952E2,5.712000370E0,5.095050335E0,-6.180000305E0
2.120034386E2,-4.279500246E-1,6.478950500E0,2.962950230E0
2.120058823E2,-7.920000553E-1,8.727000237E0,4.507050037E0
2.120083260E2,2.310000181E0,9.253950119E0,7.140000463E-1
2.120107694E2,4.363950253E0,1.019205093E1,2.790000200E0
2.120132130E2,2.890950203E0,8.935050011E0,2.580000162E0
2.120156565E2,1.596000075E0,1.055400085E1,-1.356000066E0
2.120181001E2,5.640000343E0,1.300605106E1,-2.569950104E0
2.120205438E2,5.355000019E0,1.193505096E1,-8.074049950E0
2.120229872E2,3.034950256E0,1.132005024E1,-5.911950111E0
2.120254309E2,1.141050100E0,1.304895020E1,1.054050088E0
2.120278743E2,1.455000043E0,1.449300098E1,1.099950075E0
2.120303179E2,2.968050241E0,1.465305042E1,-7.695000619E-2
2.120327614E2,5.482050419E0,1.354200077E1,-4.438950062E0
2.120352050E2,2.034000158E0,1.127505016E1,-5.479050159E0
2.120376487E2,2.710050106E0,1.084605026E1,-5.062050343E0
2.120400922E2,5.776950359E0,1.277100086E1,-7.614000320E0
2.120425358E2,4.879050255E0,1.037400055E1,-7.851000309E0
2.120449792E2,2.166000128E0,1.029495049E1,5.610000491E-1
2.120474228E2,2.005950212E0,1.211505032E1,2.196000099E0
2.120498663E2,2.164050102E0,1.401405048E1,3.412950277E0
2.120523100E2,3.172050238E0,1.074795055E1,1.222050071E0
2.120547536E2,1.996050119E0,7.671000481E0,-7.695000619E-2
2.120571971E2,1.620000124E0,5.866050243E0,1.260000110E0
2.120596407E2,5.688000202E0,8.008950233E0,-3.348000050E0
2.120620842E2,6.715050220E0,4.867050171E0,-1.170405102E1
2.120645278E2,3.667050123E0,2.137950182E0,-1.125795078E1
2.120669712E2,-5.980500579E-1,5.317950249E0,-1.993050098E0
2.120694149E2,6.940500140E-1,5.751000404E0,1.969050050E0
2.120718585E2,4.361999989E0,4.269000053E0,-5.940000415E-1
2.120743020E2,3.322050095E0,3.838050127E0,6.709500551E-1
2.120767456E2,-1.228050113E0,4.954050064E0,3.228000164E0
2.120791891E2,-6.130500436E-1,5.056950092E0,3.951000214E0
2.120816328E2,7.522050381E0,2.847000122E0,-1.624050021E0
2.120840762E2,8.209050179E0,5.359500051E-1,-6.835950375E0
2.120865198E2,2.251950026E0,2.598000050E0,-4.293000221E0
2.120889635E2,2.013000011E0,7.555950165E0,-4.510500133E-1
2.120914069E2,6.343950272E0,8.176050186E0,-1.437000036E0
2.120938505E2,5.338050365E0,7.285950184E0,-4.345950127E0
2.120962940E2,2.749500275E-1,9.235050201E0,-3.762000084E0
2.120987377E2,-2.539499998E-1,8.914050102E0,-1.231050014E0
2.121011813E2,3.520950079E0,8.200050354E0,-2.752050161E0
2.121036248E2,6.481050491E0,7.324050426E0,-6.594000340E0
2.121060684E2,4.396950245E0,7.935000420E0,-3.580050230E0
2.121085118E2,1.945950150E0,1.081695080E1,1.854000092E0
2.121109554E2,2.592000008E0,1.428195095E1,2.410050154E0
2.121133991E2,4.693950176E0,1.538100052E1,-1.416000009E0
2.121158426E2,4.417050362E0,1.296705055E1,-5.446950436E0
2.121182862E2,1.645950079E0,1.388895035E1,-3.991950274E0
2.121207297E2,1.093050003E0,1.298895073E1,4.440000355E-1
2.121231733E2,1.575000048E0,1.326405048E1,-1.006049991E0
2.121256168E2,2.254950047E0,1.315905094E1,-1.260000110E0
2.121280604E2,9.499500394E-1,1.135800076E1,-2.659500241E-1
2.121305041E2,3.439500034E-1,1.245300102E1,-2.055000067E0
2.121329475E2,1.273050070E0,1.610400009E1,1.816050053E0
2.121353911E2,4.560000420E0,1.432995033E1,-4.417950153E0
2.121378346E2,2.293050051E0,1.244505024E1,-5.569950104E0
2.121402782E2,-4.800000042E-2,9.487950325E0,-1.549950123E0
2.121427217E2,1.030950069E0,8.500050545E0,-1.702950120E0
2.121451653E2,2.805000067E0,9.180000305E0,-4.255050182E0
2.121476088E2,2.796000242E0,3.358950138E0,-3.838950157E0
2.121500524E2,2.167950153E0,2.728950024E0,-1.609050035E0
2.121524961E2,4.678050041E0,6.414000511E0,1.420500129E-1
2.121549395E2,7.101000309E0,7.935000420E0,-9.769500494E-1
2.121573831E2,5.575050354E0,5.370000362E0,-4.019999981E0
2.121598268E2,2.391000032E0,6.903000355E0,-2.143050194E0
2.121622703E2,1.966950059E0,7.575000286E0,-1.084950089E0
2.121647139E2,3.459000111E0,8.284049988E0,-2.983950138E0
2.121671574E2,4.299000263E0,5.502000332E0,-3.786000252E0
2.121696010E2,1.036050081E0,5.418000221E0,-2.239050150E0
2.121720444E2,7.650000453E-1,6.361950397E0,1.627050042E0
2.121744881E2,7.480950356E0,6.249000072E0,-1.593000054E0
2.121769318E2,8.458050728E0,4.944000244E0,-8.887950897E0
2.121793752E2,1.207950115E0,5.953950405E0,-7.435050488E0
2.121818188E2,-3.810000122E-1,5.803950310E0,-1.902000070E0
2.121842623E2,6.382050514E0,5.698050499E0,-4.290000200E-1
2.121867059E2,1.053405094E1,3.904950142E0,-6.127050400E0
2.121891494E2,4.524000168E0,4.414950371E0,-3.918000221E0
2.121915931E2,1.825950146E0,7.450950146E0,3.214050055E0
2.121940367E2,2.745000124E0,8.964000702E0,2.853000164E0
2.121964801E2,6.241050243E0,9.691950798E0,-3.592050076E0
2.121989238E2,3.034950256E0,8.964000702E0,-6.754950523E0
2.122013672E2,2.410500050E-1,1.011600018E1,-3.546000242E0
2.122038108E2,8.539500237E-1,9.760950089E0,-2.698950052E0
2.122062543E2,4.065000057E0,8.740950584E0,-6.120000362E0
2.122086979E2,3.823050261E0,7.714050293E0,-5.910000324E0
2.122111416E2,6.700500250E-1,8.467950821E0,2.449500114E-1
2.122135851E2,-8.100000024E-2,1.014900017E1,2.830950022E0
2.122160287E2,8.730000257E-1,1.124295044E1,-6.795000285E-2
2.122184721E2,4.291950226E0,1.274700069E1,1.318050027E0
2.122209158E2,2.917950153E0,9.273000717E0,-4.087950230E0
2.122233594E2,2.365050077E0,8.464050293E0,-1.497000098E0
2.122258029E2,3.898950100E0,1.104705048E1,-3.337950230E0
2.122282465E2,6.808950424E0,1.059000015E1,-6.193950176E0
2.122306900E2,3.463950157E0,8.878050804E0,-4.830000401E0
2.122331336E2,9.349500537E-1,9.927000046E0,1.483050108E0
2.122355771E2,9.210000634E-1,1.141605091E1,1.555050015E0
2.122380207E2,1.789950132E0,1.200195026E1,7.789500356E-1
2.122404641E2,2.475000143E0,1.198305035E1,2.500500083E-1
2.122429078E2,2.121000051E0,1.012095070E1,1.330500096E-1
2.122453515E2,9.070500135E-1,9.354000092E0,-1.078050017E0
2.122477949E2,6.889500618E-1,1.037400055E1,5.470499992E-1
2.122502385E2,2.121000051E0,1.043205070E1,3.790500164E-1
2.122526822E2,2.845950127E0,1.072605038E1,-3.190500140E-1
2.122551257E2,2.245050192E0,1.057800007E1,-1.042050004E0
2.122575693E2,3.460950136E0,1.041705036E1,2.263950109E0
2.122600127E2,8.367000580E0,1.071705055E1,-8.397000313E0
2.122624564E2,4.507950306E0,8.599950790E0,-1.069800091E1
2.122648998E2,2.058000088E0,8.392050743E0,-7.084950447E0
2.122673434E2,5.037000179E0,8.325000763E0,-4.954050064E0
2.122697869E2,9.696000099E0,7.510950565E0,-7.947000504E0
2.122722305E2,6.088050365E0,7.056000233E0,-7.261950493E0
2.122746742E2,2.401050091E0,7.020000458E0,-8.170500398E-1
2.122771177E2,3.937950134E0,8.646000862E0,2.611050129E0
2.122795613E2,5.671050072E0,1.075995064E1,-8.380500674E-1
2.122820048E2,5.092050076E0,7.615950584E0,-3.793050289E0
2.122844484E2,2.640000105E0,7.975050449E0,-5.059950352E0
2.122868921E2,2.917950153E0,8.257950783E0,-4.518000126E0
2.122893355E2,7.383000374E0,8.155050278E0,-4.662000179E0
2.122917792E2,7.600950241E0,6.345000267E0,-6.534000397E0
2.122942226E2,1.326000094E0,7.993950367E0,-2.823000193E0
2.122966662E2,9.640500546E-1,9.285000801E0,3.501000166E0
2.122991097E2,4.764000416E0,9.253950119E0,2.062050104E0
2.123015533E2,7.729950428E0,8.401050568E0,-4.851000309E0
2.123039970E2,3.520950079E0,7.338000298E0,-5.758950233E0
2.123064405E2,2.100000083E-1,9.473999977E0,-9.150000215E-1
2.123088841E2,4.180500209E-1,9.607950211E0,-5.370000005E-1
2.123113276E2,3.265050173E0,9.526950836E0,-2.185950041E0
2.123137713E2,3.480000257E0,8.518950462E0,-3.348000050E0
2.123162146E2,1.201050043E0,8.445000648E0,5.850000381E-1
2.123186583E2,1.140000075E-1,9.675000191E0,7.840500474E-1
2.123211020E2,9.660000205E-1,1.035495090E1,-1.293000102E0
2.123235454E2,2.098950148E0,9.799950600E0,3.619500101E-1
2.123259890E2,2.032050133E0,8.551950455E0,-1.969500035E-1
2.123284325E2,7.890000343E-1,7.714050293E0,-1.279050112E0
2.123308761E2,3.010500073E-1,8.646000862E0,3.409500122E-1
2.123333196E2,2.022000074E0,8.236050606E0,4.890000224E-1
2.123357633E2,2.472000122E0,6.499950409E0,1.030050039E0
2.123382069E2,5.980500579E-1,5.257950306E0,-1.590000033E0
2.123406503E2,2.452950001E0,7.969950199E0,6.619500518E-1
2.123430939E2,6.342000484E0,8.176050186E0,-5.220000267E0
2.123455374E2,5.041950226E0,5.593050480E0,-7.585950375E0
2.123479811E2,6.550500393E-1,6.454950333E0,-4.867950439E0
2.123504245E2,8.710500598E-1,7.200000286E0,-2.970000207E-1
2.123528682E2,4.921950340E0,8.703000069E0,-2.184000015E0
2.123553118E2,5.092050076E0,6.811950207E0,-4.341000080E0
2.123577553E2,2.370000124E0,6.144000053E0,-2.536050081E0
2.123601989E2,2.733000040E0,5.683950424E0,-6.420000196E-1
2.123626423E2,5.427000046E0,8.822999954E0,-2.392050028E0
2.123650860E2,6.780000210E0,6.979050159E0,-7.542000294E0
2.123675296E2,4.157999992E0,6.967050552E0,-7.135050297E0
2.123699731E2,2.182950020E0,8.161950111E0,-4.732050419E0
2.123724167E2,5.626050472E0,7.954050541E0,-4.341000080E0
2.123748602E2,7.929000378E0,7.393050194E0,-6.027000427E0
2.123773039E2,3.769950151E0,8.161950111E0,-4.957050323E0
2.123797475E2,1.165050030E0,9.297000885E0,6.300000101E-2
2.123821909E2,4.263000011E0,1.048200035E1,2.716050148E0
2.123846346E2,8.058000565E0,1.013700008E1,-8.190000653E-1
2.123870780E2,7.402050495E0,1.037700081E1,-5.518950462E0
2.123895216E2,2.733000040E0,1.119600010E1,-2.505000114E0
2.123919651E2,6.910500526E-1,1.126695061E1,-5.850000381E-1
2.123944087E2,2.788950205E0,1.260600090E1,-2.140950203E0
2.123968524E2,5.154000282E0,1.372605038E1,-6.597000122E0
2.123992959E2,3.763050079E0,1.367400074E1,-6.714000225E0
2.124017395E2,7.440000176E-1,1.317300034E1,1.536000013E0
2.124041829E2,-1.099500060E-1,1.371705055E1,5.590500236E-1
2.124066266E2,1.599000096E0,1.503105068E1,-1.786950111E0
2.124090703E2,2.698050022E0,1.256805038E1,2.505000122E-2
2.124115136E2,1.290000081E0,1.023300076E1,-7.500000596E-1
2.124139571E2,1.072050095E0,9.265950203E0,-1.264950037E0
2.124164008E2,3.442050219E0,1.028805065E1,-5.565000057E0
2.124188444E2,2.776950121E0,9.508050919E0,-7.243050575E0
2.124212879E2,7.650000453E-1,7.846050262E0,-9.799500704E-1
2.124237315E2,4.830000103E-1,7.369950294E0,1.264950037E0
2.124261749E2,1.765950084E0,9.784950256E0,1.962000132E0
2.124286186E2,3.828000069E0,2.892000198E0,-1.849050045E0
2.124310622E2,4.266000271E0,1.978050113E0,-4.873050213E0
2.124335057E2,4.680000305E0,4.149000168E0,-4.890000343E0
2.124359493E2,6.070950508E0,5.406000137E0,-7.639500499E-1
2.124383928E2,6.294000149E0,4.915050030E0,-2.517000198E0
2.124408364E2,3.322050095E0,5.326950073E0,-5.100000277E-2
2.124432799E2,8.280000687E-1,6.034050465E0,1.366050124E0
2.124457235E2,-7.060500383E-1,9.333000183E0,2.905050039E0
2.124481672E2,1.960050106E0,6.397050381E0,-1.015950084E0
2.124506106E2,3.612000227E0,5.986050129E0,-8.079000473E0
2.124530542E2,1.476000071E0,6.891000271E0,-7.303050518E0
2.124554977E2,4.881000042E0,5.716950417E0,-4.542000294E0
2.124579414E2,8.029950142E0,5.488050461E0,-5.839950085E0
2.124603850E2,7.144050121E0,5.083050251E0,-5.325000286E0
2.124628285E2,1.780950069E0,6.967050552E0,1.429950118E0
2.124652721E2,6.310500503E-1,8.761050224E0,4.111950397E0
2.124677156E2,6.181050301E0,8.332050323E0,-5.805000290E-2
2.124701591E2,8.214000702E0,9.328050613E0,-7.597950459E0
2.124726026E2,2.949000120E0,7.666050434E0,-8.625000000E0
2.124750463E2,4.695000127E-2,9.390000343E0,-2.140950203E0
2.124774897E2,2.367000103E0,1.030500031E1,-7.639500499E-1
2.124799334E2,5.536950111E0,1.010595036E1,-3.594000101E0
2.124823770E2,4.459950447E0,1.021200085E1,-4.722000122E0
2.124848205E2,-3.300000131E-1,1.108800030E1,-6.420000196E-1
2.124872641E2,-1.044000030E0,1.249095058E1,1.600050092E0
2.124897078E2,2.341050148E0,1.182300091E1,-3.271050215E0
2.124921512E2,3.945000172E0,9.735000610E0,-8.068950653E0
2.124945948E2,2.652000189E0,7.561050415E0,-6.487050533E0
2.124970383E2,1.471950054E0,7.362000465E0,-2.658000231E0
2.124994819E2,4.729950428E0,8.964000702E0,-1.588050127E0
2.125019254E2,7.144050121E0,9.247050285E0,-2.512050152E0
2.125043690E2,4.740000248E0,7.543950558E0,-2.943000078E0
2.125068124E2,3.112050056E0,9.805050850E0,4.630500078E-1
2.125092561E2,3.279000044E0,1.083900070E1,-2.400000021E-2
2.125116997E2,5.851050377E0,9.625050545E0,-4.770000458E0
2.125141432E2,3.898950100E0,8.128950119E0,-6.120000362E0
2.125165868E2,1.057050109E0,7.575000286E0,-3.343050241E0
2.125190303E2,1.354050040E0,6.823950291E0,6.930000186E-1
2.125214740E2,5.683050156E0,6.706050396E0,-1.995000057E-2
2.125239176E2,6.448950291E0,8.221950531E0,-4.585950375E0
2.125263611E2,2.631000042E0,1.002000046E1,-1.078050017E0
2.125288047E2,6.310500503E-1,9.805050850E0,2.533950090E0
2.125312481E2,2.310000062E-1,1.086300087E1,2.929500043E-1
2.125336917E2,4.479000092E0,1.080495071E1,-1.839000106E0
2.125361352E2,3.994950294E0,9.244050026E0,-5.979000092E0
2.125385788E2,2.218950033E0,7.207050323E0,-3.100950241E0
2.125410225E2,3.121050119E0,8.655000687E0,-8.269500136E-1
2.125434660E2,7.101000309E0,1.050405025E1,-4.126049995E0
2.125459096E2,5.611050129E0,1.027095032E1,-4.449000359E0
2.125483531E2,2.121000051E0,1.124100018E1,-8.650500178E-1
2.125507967E2,1.117050052E0,1.185195065E1,2.649000168E0
2.125532404E2,3.745950222E0,1.133400059E1,-2.280000210E0
2.125556838E2,4.783050060E0,1.019700050E1,-7.507050514E0
2.125581274E2,2.635050058E0,8.539950371E0,-5.980950356E0
2.125605709E2,7.510500550E-1,8.385000229E0,-1.774950027E0
2.125630145E2,4.468950272E0,9.390000343E0,-9.559500217E-1
2.125654580E2,7.038000107E0,9.852000237E0,-5.601000309E0
2.125679016E2,4.017000198E0,1.046505070E1,-4.453950405E0
2.125703451E2,8.160000443E-1,1.081995010E1,1.005000062E-2
2.125727887E2,1.057050109E0,1.096305084E1,2.278050184E0
2.125752324E2,2.755050182E0,1.072605038E1,-7.549500465E-1
2.125776758E2,4.419000149E0,8.653050423E0,-3.592050076E0
2.125801194E2,3.588000059E0,8.832000732E0,-5.934000492E0
2.125825629E2,3.124050140E0,8.373000145E0,-3.606000185E0
2.125850066E2,5.941950321E0,8.536050797E0,-3.774000168E0
2.125874502E2,5.827050209E0,1.007505035E1,-6.408000469E0
2.125898937E2,2.074949980E0,1.116705036E1,-3.958050251E0
2.125923373E2,-1.080000028E-1,9.912000656E0,1.258050084E0
2.125947808E2,1.773000121E0,8.509050369E0,2.161050081E0
2.125972244E2,5.920050144E0,7.969950199E0,-2.562000036E0
2.125996678E2,4.951050282E0,6.241950512E0,-6.739950180E0
2.126021115E2,1.809000134E0,6.072000504E0,-4.381950378E0
2.126045552E2,2.094000101E0,6.424050331E0,-4.189500213E-1
2.126069986E2,5.665950298E0,7.048950195E0,-3.132000208E0
2.126094422E2,5.037000179E0,4.759950161E0,-5.197950363E0
2.126118857E2,4.450500309E-1,6.109950066E0,-1.240950108E0
2.126143294E2,-1.293000102E0,7.456050396E0,3.649950266E0
2.126167730E2,1.303950071E0,6.622950077E0,2.248950005E0
2.126192165E2,5.515950203E0,5.799000263E0,-4.462950230E0
2.126216599E2,2.034000158E0,6.361950397E0,-4.084949970E0
2.126241035E2,-1.050000042E-1,5.670000076E0,-4.339500070E-1
2.126265471E2,4.156050205E0,5.908950329E0,-1.092000008E0
2.126289906E2,7.765950203E0,5.385000229E0,-6.546000481E0
2.126314342E2,2.185050011E0,5.815950394E0,-6.951000214E0
2.126338779E2,-9.810000658E-1,7.008000374E0,-1.534950018E0
2.126363214E2,1.990950108E0,7.369950294E0,1.690500081E-1
2.126387650E2,8.164050102E0,7.441050529E0,-4.657050133E0
2.126412085E2,5.731050491E0,6.349950314E0,-7.044000149E0
2.126436521E2,1.930500120E-1,7.843950272E0,-7.260000110E-1
2.126460955E2,-4.950000439E-3,7.729050159E0,3.549000263E0
2.126485392E2,4.917000294E0,7.575000286E0,8.629500270E-1
2.126509826E2,8.128050804E0,8.161950111E0,-5.794950485E0
2.126534263E2,4.801950455E0,9.025950432E0,-6.922050476E0
2.126558699E2,5.980500579E-1,1.088400078E1,-1.447050095E0
2.126583134E2,9.300000221E-2,1.144905090E1,8.505000174E-2
2.126607570E2,3.013950109E0,1.151595020E1,-1.777050138E0
2.126632005E2,4.714050293E0,1.196400070E1,-4.783950329E0
2.126656441E2,3.460950136E0,1.047705078E1,-3.067950249E0
2.126680878E2,2.104050159E0,9.297000885E0,1.950000077E-1
2.126705312E2,4.736999989E0,1.118595028E1,-2.419050217E0
2.126729749E2,6.676950455E0,1.183695030E1,-5.566950321E0
2.126754183E2,3.628950119E0,1.163100052E1,-4.873050213E0
2.126778619E2,8.080500364E-1,1.113300037E1,6.229500175E-1
2.126803056E2,1.605000161E-2,1.106595039E1,8.820000291E-1
2.126827491E2,2.982000113E0,1.161495018E1,4.920000136E-1
2.126851927E2,4.515000343E0,1.030995083E1,-3.834000111E0
2.126876362E2,2.167950153E0,7.360050201E0,-1.252950072E0
2.126900798E2,7.960500121E-1,7.693050385E0,9.660000205E-1
2.126925232E2,4.479000092E0,9.658050537E0,-2.329950094E0
2.126949668E2,4.993950367E0,9.388050079E0,-4.819950104E0
2.126974105E2,2.227950096E0,8.683950424E0,-3.076950073E0
2.126998540E2,1.857000113E0,7.221000195E0,7.140000463E-1
2.127022976E2,2.496000051E0,9.333000183E0,9.439500570E-1
2.127047411E2,3.409050226E0,8.533050537E0,-2.694000244E0
2.127071847E2,2.692950010E0,5.716950417E0,-3.360000134E0
2.127096282E2,1.615050077E0,6.274950504E0,-2.683950186E0
2.127120718E2,4.591050148E0,6.298950195E0,-3.634950161E0
2.127145155E2,7.975050449E0,5.844000340E0,-7.168950558E0
2.127169589E2,5.506050110E0,6.249000072E0,-8.244000435E0
2.127194026E2,1.017000079E0,8.746050835E0,-3.223050117E0
2.127218460E2,2.550000250E-1,7.903050423E0,1.195950031E0
2.127242896E2,5.176050186E0,8.149950027E0,5.440500379E-1
2.127267331E2,7.398000240E0,7.087050438E0,-3.537000179E0
2.127291768E2,2.185050011E0,7.573050499E0,-2.923950195E0
2.127316204E2,8.970000148E-1,7.681050301E0,-1.210050106E0
2.127340638E2,4.615050316E0,7.200000286E0,-1.777050138E0
2.127365075E2,7.000050545E0,6.927000523E0,-6.514950275E0
2.127389509E2,2.803050041E0,8.348999977E0,-6.991950512E0
2.127413946E2,-1.099050045E0,9.385950089E0,-3.310500085E-1
2.127438380E2,-5.530500412E-1,9.160050392E0,2.713950157E0
2.127462817E2,4.669950008E0,8.967000008E0,2.205000073E-2
2.127487251E2,6.661950111E0,8.380050659E0,-5.365950108E0
2.127511688E2,3.282000065E0,8.080950737E0,-5.299050331E0
2.127536124E2,6.649500132E-1,7.566000462E0,-1.609050035E0
2.127560559E2,3.105000257E0,7.357950211E0,-2.176950216E0
2.127584995E2,5.082000256E0,7.633050442E0,-4.435050011E0
2.127609432E2,1.867050052E0,8.761050224E0,-3.147000074E0
2.127633866E2,-2.130000144E-1,9.388050079E0,1.102050066E0
2.127658302E2,-5.860500336E-1,9.208050728E0,1.108950019E0
2.127682737E2,3.319950104E0,1.011105061E1,-1.469999999E-1
2.127707173E2,5.140050411E0,8.749050140E0,-4.095000267E0
2.127731608E2,2.097000122E0,7.947000504E0,-1.468050122E0
2.127756044E2,1.387950063E0,8.662050247E0,1.018050075E0
2.127780478E2,4.297049999E0,9.156000137E0,-1.143000007E0
2.127804914E2,6.756000519E0,1.006095028E1,-5.364000320E0
2.127829351E2,3.981000185E0,9.046050072E0,-5.799000263E0
2.127853786E2,1.270950079E0,9.900000572E0,-2.871000051E0
2.127878222E2,1.575000048E0,1.080300045E1,-1.341000080E0
2.127902657E2,4.861950397E0,1.081005096E1,-2.883000135E0
2.127927094E2,5.314950466E0,9.811950684E0,-4.216950417E0
2.127951530E2,2.128050089E0,8.595000267E0,-1.834950089E0
2.127975964E2,1.486050129E0,8.077950478E0,-1.023000002E0
2.128000401E2,6.519000530E0,8.842050552E0,-4.192950249E0
2.128024835E2,7.186950207E0,9.193950653E0,-8.899950027E0
2.128049271E2,3.202950239E0,9.988950729E0,-6.502950191E0
2.128073706E2,1.555050015E0,7.975050449E0,-3.670500219E-1
2.128098142E2,3.576000214E0,8.974050522E0,2.089050055E0
2.128122579E2,5.365050316E0,8.761050224E0,-1.927950144E0
2.128147014E2,4.978950024E0,7.396050453E0,-4.264950275E0
2.128171450E2,1.857000113E0,7.498950481E0,-2.919000149E0
2.128195885E2,3.418050051E0,7.173000336E0,-1.846050143E0
2.128220321E2,7.195950508E0,7.402950287E0,-5.593950272E0
2.128244758E2,4.666050434E0,9.450000763E0,-7.272000313E0
2.128269192E2,1.159950018E0,9.610950470E0,-2.845050097E0
2.128293628E2,-3.040500283E-1,9.723000526E0,2.577000141E0
2.128318063E2,1.855050087E0,1.044900036E1,2.005050182E0
2.128342499E2,5.178000450E0,9.330000877E0,-2.172000170E0
2.128366934E2,5.443950176E0,9.181950569E0,-5.221950054E0
2.128391370E2,3.205050230E0,8.236050606E0,-4.638000011E0
2.128415805E2,3.733950138E0,8.822999954E0,-3.727950096E0
2.128440241E2,6.250950336E0,9.667950630E0,-5.797050476E0
2.128464678E2,4.396950245E0,1.042500019E1,-6.265950203E0
2.128489112E2,1.002000093E0,1.115700054E1,-1.978050113E0
2.128513548E2,-3.229500055E-1,1.075005054E1,1.939950109E0
2.128537985E2,2.949000120E0,1.110495090E1,5.059500337E-1
2.128562420E2,5.797950268E0,9.984000206E0,-4.328999996E0
2.128586856E2,3.106950045E0,9.223050117E0,-3.951000214E0
2.128611291E2,7.030500174E-1,8.967000008E0,-3.720000088E-1
2.128635727E2,2.719050169E0,8.619000435E0,-1.155000091E0
2.128660161E2,5.757000446E0,8.955000877E0,-4.960950375E0
2.128684597E2,3.418050051E0,9.454950333E0,-5.707950115E0
2.128709032E2,1.060050011E0,9.163050652E0,-1.348050117E0
2.128733468E2,1.114950061E0,7.932000160E0,2.128950119E0
2.128757905E2,3.478050232E0,8.071050644E0,1.344000101E0
2.128782340E2,5.013000011E0,6.481050491E0,-2.433000088E0
2.128806776E2,3.703050137E0,7.048950195E0,-4.450950146E0
2.128831211E2,1.540950060E0,5.953950405E0,-2.986050129E0
2.128855647E2,4.129050255E0,5.643000126E0,-1.948950052E0
2.128880084E2,6.097050190E0,6.120000362E0,-6.144000053E0
2.128904518E2,2.808000088E0,7.494000435E0,-5.803950310E0
2.128928954E2,-1.720500141E-1,6.811950207E0,2.700000070E-2
2.128953389E2,-1.435950041E0,6.583950520E0,3.850950241E0
2.128977825E2,2.614050150E0,6.498000145E0,2.040000111E-1
2.129002260E2,5.710050106E0,5.076000214E0,-5.412000179E0
2.129026696E2,1.666050076E0,5.406000137E0,-4.605000019E0
2.129051131E2,1.134000063E0,4.213950157E0,-1.945050120E0
2.129075567E2,5.923050404E0,5.047050476E0,-3.048000097E0
2.129100004E2,7.314000130E0,4.984950066E0,-6.163050175E0
2.129124438E2,2.155950069E0,5.574000359E0,-5.068950176E0
2.129148874E2,-8.020500541E-1,6.450000286E0,-7.020000219E-1
2.129173309E2,2.710050106E0,6.747000217E0,1.051950097E0
2.129197746E2,6.883050442E0,6.912000179E0,-2.062050104E0
2.129222182E2,6.037950516E0,7.056000233E0,-3.642000198E0
2.129246617E2,1.606050134E0,8.380050659E0,-1.324950099E0
2.129271053E2,4.900500178E-1,8.842050552E0,8.290500641E-1
2.129295488E2,4.156050205E0,8.677050591E0,-2.493000031E0
2.129319924E2,7.084050179E0,8.854050636E0,-8.148000717E0
2.129344359E2,4.792950153E0,1.014705086E1,-7.305000305E0
2.129368795E2,7.249500155E-1,1.242600060E1,-1.413000107E0
2.129393232E2,2.190000117E-1,1.184400082E1,1.959000111E0
2.129417666E2,3.267000198E0,1.297500038E1,-8.650500178E-1
2.129442102E2,4.471950054E0,1.414995098E1,-3.718950272E0
2.129466537E2,4.072050095E0,1.123605061E1,-3.328950167E0
2.129490973E2,2.274000168E0,1.052805042E1,-1.207050085E0
2.129515410E2,4.543950081E0,1.181100082E1,-3.151050091E0
2.129539845E2,5.731050491E0,1.278300095E1,-6.268950462E0
2.129564281E2,2.587050200E0,1.273005104E1,-5.002050400E0
2.129588715E2,4.210500121E-1,1.115505028E1,-7.695000619E-2
2.129613152E2,3.820500076E-1,1.030305004E1,1.039950013E0
2.129637586E2,2.322000027E0,1.226595020E1,6.190500259E-1
2.129662022E2,3.457050085E0,1.036500072E1,-3.273000240E0
2.129686457E2,2.058000088E0,8.002050400E0,-2.080950022E0
2.129710894E2,1.588950038E0,6.559950352E0,-2.160000056E-1
2.129735330E2,4.672950268E0,8.017950058E0,-1.987950087E0
2.129759765E2,5.317050457E0,7.963050365E0,-5.377950191E0
2.129784201E2,3.349050045E0,7.060950279E0,-4.600050449E0
2.129808636E2,1.459950089E0,6.180000305E0,6.949500442E-1
2.129833072E2,3.634050131E0,7.786050320E0,2.137050152E0
2.129857509E2,5.949000359E0,7.225950241E0,-3.022050142E0
2.129881943E2,4.239000320E0,6.340050220E0,-4.225950241E0
2.129906380E2,6.600000262E-1,6.424050331E0,-2.182049990E0
2.129930814E2,8.920500278E-1,6.292050362E0,-1.060500070E-1
2.129955250E2,5.338050365E0,6.618000507E0,-3.922050238E0
2.129979685E2,5.425050259E0,5.064000130E0,-6.855000496E0
2.130004121E2,1.150950074E0,7.141950130E0,-3.847950220E0
2.130028558E2,-7.729500532E-1,6.814050198E0,1.581000090E0
2.130052993E2,2.121000051E0,7.144050121E0,2.857050180E0
2.130077429E2,6.066000462E0,6.397050381E0,-1.186050057E0
2.130101863E2,5.065050125E0,6.259050369E0,-3.391050100E0
2.130126300E2,1.444950104E0,7.173000336E0,-3.172950268E0
2.130150734E2,1.656000137E0,7.177950382E0,-1.843950033E0
2.130175171E2,5.800950050E0,7.063050270E0,-5.610000134E0
2.130199607E2,4.254000187E0,7.927050591E0,-6.738000393E0
2.130224042E2,-4.500000179E-2,9.394950867E0,-2.284950018E0
2.130248478E2,-1.213950038E0,8.539950371E0,3.409950256E0
2.130272913E2,-1.081950068E0,8.121000290E0,5.595000088E-2
2.130297349E2,3.283950090E0,9.867000580E0,1.449000120E0
2.130321783E2,6.150000095E0,1.018800068E1,-3.582000256E0
2.130346219E2,3.955050230E0,7.567950249E0,-3.727950096E0
2.130370656E2,3.448950052E0,8.527950287E0,-3.240000248E0
2.130395091E2,5.484000206E0,1.056405067E1,-5.773050308E0
2.130419527E2,5.281050205E0,1.213905048E1,-6.901050091E0
2.130443962E2,1.693950057E0,1.171500015E1,-4.192950249E0
2.130468399E2,-4.279500246E-1,9.687000275E0,1.011000037E0
2.130492833E2,3.300000131E-1,1.095600033E1,1.722000122E0
2.130517269E2,5.191950321E0,1.254795074E1,-3.142050266E0
2.130541703E2,5.845950127E0,1.122000027E1,-4.243050098E0
2.130566140E2,3.172050238E0,1.032195091E1,-4.116000175E0
2.130590576E2,2.403000116E0,1.123605061E1,-9.270000458E-1
2.130615011E2,5.494050026E0,1.177695084E1,-3.453000069E0
2.130639447E2,4.207950115E0,1.274895096E1,-6.393000126E0
2.130663882E2,1.423950076E0,1.193295097E1,-2.248950005E0
2.130688319E2,2.029500157E-1,1.038195038E1,1.858950138E0
2.130712755E2,2.017950058E0,1.091505051E1,1.885050058E0
2.130737189E2,6.483000278E0,1.027605057E1,-1.902000070E0
2.130761626E2,5.065050125E0,9.517050743E0,-4.384050369E0
2.130786063E2,1.227000117E0,9.903000832E0,-1.510950089E0
2.130810497E2,2.890500128E-1,9.280050278E0,7.960500121E-1
2.130834933E2,3.076050043E0,9.934050560E0,-3.910500109E-1
2.130859368E2,5.113050461E0,1.029495049E1,-4.150050163E0
2.130883804E2,2.692950010E0,9.963000298E0,-3.103050232E0
2.130908239E2,9.499500394E-1,8.694000244E0,9.705000371E-2
2.130932675E2,2.242950201E0,7.719000340E0,1.399050117E0
2.130957109E2,5.323950291E0,8.080950737E0,-2.433000088E0
2.130981546E2,5.056050301E0,8.035050392E0,-4.381950378E0
2.131005982E2,2.518050194E0,7.846050262E0,-3.855000257E0
2.131030417E2,1.543950081E0,5.989950180E0,-1.762950063E0
2.131054853E2,4.488000393E0,6.271050453E0,-3.295050144E0
2.131079288E2,6.073050499E0,7.221000195E0,-5.926050186E0
2.131103724E2,3.160050154E0,7.213950157E0,-4.759950161E0
2.131128158E2,9.660000205E-1,5.515950203E0,7.170000076E-1
2.131152595E2,1.159950018E0,5.538000107E0,3.625950098E0
2.131177031E2,3.042000055E0,7.972950459E0,1.545000076E0
2.131201466E2,3.373050213E0,6.622950077E0,-4.750500321E-1
2.131225902E2,1.693950057E0,5.550000191E0,-2.634000063E0
2.131250337E2,5.740500093E-1,5.077950478E0,-1.810950041E0
2.131274773E2,4.443000317E0,6.364050388E0,-3.522000074E0
2.131299208E2,6.813000202E0,7.741050243E0,-8.182050705E0
2.131323644E2,1.747050047E0,7.774050236E0,-6.202050209E0
2.131348081E2,-7.350000143E-1,7.330950260E0,2.020500153E-1
2.131372515E2,-6.319500208E-1,6.892950535E0,2.884050131E0
2.131396951E2,1.171950102E0,8.348999977E0,4.770000279E-1
2.131421386E2,4.347000122E0,8.373000145E0,-4.080000222E-1
2.131445823E2,2.527950048E0,7.414950371E0,-1.747950077E0
2.131470259E2,1.711050034E0,6.453000069E0,-3.450000286E-1
2.131494694E2,3.211950064E0,7.609050274E0,-2.083950043E0
2.131519130E2,6.418050289E0,9.306000710E0,-6.597000122E0
2.131543565E2,4.012050152E0,1.025205040E1,-6.523050308E0
2.131568001E2,6.220500469E-1,1.087200069E1,5.059500337E-1
2.131592435E2,6.169500351E-1,1.023105049E1,1.770000100E0
2.131616871E2,2.719500065E-1,1.152795029E1,-1.300950050E0
2.131641308E2,1.183950067E0,1.258395100E1,-2.470500171E-1
2.131665743E2,2.269050121E0,1.177305031E1,9.610500336E-1
2.131690179E2,2.242950201E0,9.888000488E0,5.800500512E-1
2.131714614E2,1.558050036E0,1.023300076E1,-1.011000037E0
2.131739050E2,2.644950151E0,1.294305038E1,-1.699500084E-1
2.131763484E2,3.567000151E0,1.421205044E1,-2.089500129E-1
2.131787920E2,3.342000246E0,1.247400093E1,5.089499950E-1
2.131812357E2,1.639050126E0,1.055595016E1,-6.300000548E-1
2.131836791E2,1.000500023E-1,1.052505016E1,-1.726950049E0
2.131861228E2,6.340500116E-1,1.265895081E1,-1.023000002E0
2.131885663E2,1.783050060E0,1.238805103E1,4.650000334E-1
2.131910099E2,2.259000063E0,9.520050049E0,-9.079500437E-1
2.131934534E2,2.278950214E0,8.598000526E0,-4.243050098E0
2.131958970E2,4.303950310E0,1.059000015E1,-5.059950352E0
2.131983407E2,5.680950165E0,1.257495022E1,-8.115000725E0
2.132007841E2,5.065050125E0,1.069005013E1,-6.124950409E0
2.132032277E2,2.155950069E0,9.160050392E0,-1.131000042E0
2.132056712E2,1.936050057E0,8.907000542E0,3.003000259E0
2.132081148E2,4.137000084E0,1.128705025E1,1.299000025E0
2.132105583E2,4.849950314E0,9.481050491E0,-2.479050159E0
2.132130020E2,2.461050034E0,7.252050400E0,-3.633000135E0
2.132154456E2,5.209500194E-1,5.506950378E0,-2.257950068E0
2.132178890E2,2.371950150E0,6.490950108E0,-2.056950092E0
2.132203327E2,6.148050308E0,7.744950294E0,-6.159000397E0
2.132227761E2,4.309050083E0,7.285950184E0,-7.288950443E0
2.132252197E2,7.890000343E-1,7.518000126E0,-2.433000088E0
2.132276632E2,-6.460500360E-1,6.562950134E0,2.812050104E0
2.132301069E2,1.314000010E0,8.425050735E0,3.667050123E0
2.132325505E2,5.251950264E0,7.699950218E0,7.360500097E-1
2.132349940E2,3.970950127E0,7.350000381E0,-2.002050161E0
2.132374376E2,9.330000281E-1,7.219050407E0,-3.214050055E0
2.132398810E2,2.647050142E0,5.859000206E0,-2.821050167E0
2.132423247E2,6.777000427E0,6.235050201E0,-6.312000275E0
2.132447681E2,3.772950172E0,6.835950375E0,-6.175050259E0
2.132472118E2,-2.340000123E-1,8.169000626E0,8.940000534E-1
2.132496552E2,-1.423950076E0,7.173000336E0,2.686950207E0
2.132520989E2,-1.053000093E0,7.662000179E0,-1.348050117E0
2.132545425E2,9.930000305E-1,8.896950722E0,9.780000448E-1
2.132569860E2,2.085000038E0,8.883000374E0,1.192950010E0
2.132594296E2,1.576950073E0,6.256050110E0,-6.300000101E-2
2.132618733E2,1.636950135E0,6.751950264E0,-6.370500326E-1
2.132643167E2,3.105000257E0,9.994050026E0,5.320500135E-1
2.132667604E2,4.066950321E0,1.074495029E1,1.950000048E0
2.132692038E2,3.069000244E0,8.932950020E0,1.480950117E0
2.132716474E2,2.446050167E0,8.671950340E0,9.540000558E-1
2.132740909E2,4.054950237E0,8.293950081E0,-5.545950413E0
2.132765345E2,4.147950172E0,8.491950035E0,-9.702000618E0
2.132789782E2,2.901000023E0,8.782050133E0,-8.977050781E0
2.132814216E2,6.070500016E-1,8.739000320E0,-3.297000170E0
2.132838653E2,9.379500151E-1,8.097000122E0,9.949500561E-1
2.132863087E2,2.479950190E0,8.461050034E0,2.416950226E0
2.132887524E2,5.250000477E0,1.028100014E1,1.131000042E0
2.132911958E2,4.656000137E0,1.048005009E1,-1.174050093E0
2.132936395E2,2.227950096E0,1.049205017E1,-2.089500129E-1
2.132960831E2,1.267950058E0,9.936000824E0,-4.669500291E-1
2.132985266E2,2.920050144E0,1.088895035E1,2.205000073E-2
2.133009702E2,5.221050262E0,1.135800076E1,-4.609050274E0
2.133034137E2,5.305050373E0,1.106400013E1,-6.592050076E0
2.133058573E2,2.371950150E0,9.898050308E0,-4.075950146E0
2.133083010E2,6.859500408E-1,1.007505035E1,-1.500000060E-2
2.133107444E2,2.089050055E0,1.151895046E1,-1.249500066E-1
2.133131880E2,5.245050430E0,1.326195049E1,-4.549950123E0
2.133156314E2,5.166000366E0,1.173900032E1,-5.980950356E0
2.133180751E2,2.170950174E0,1.056795025E1,-3.190050125E0
2.133205186E2,8.710500598E-1,1.077405071E1,2.479500175E-1
2.133229622E2,2.701950073E0,1.193295097E1,7.304999977E-2
2.133254057E2,6.076050282E0,1.213200092E1,-2.481000185E0
2.133278494E2,4.860000134E0,1.119105053E1,-3.688050270E0
2.133302930E2,2.185050011E0,1.006500053E1,-1.791000128E0
2.133327364E2,1.363950014E0,9.196050644E0,1.920000017E-1
2.133351800E2,3.319950104E0,1.048905087E1,-9.820500612E-1
2.133376235E2,4.483950138E0,1.005105019E1,-4.176000118E0
2.133400671E2,2.749950171E0,1.002495003E1,-2.758950233E0
2.133425106E2,1.273050070E0,9.145950317E0,1.011000037E0
2.133449542E2,1.038000107E0,7.867950439E0,9.829500318E-1
2.133473979E2,3.310050249E0,9.235050201E0,-1.444050074E0
2.133498413E2,3.658050060E0,8.725049973E0,-5.541000366E0
2.133522849E2,1.503000021E0,7.291050434E0,-4.612050056E0
2.133547284E2,5.710500479E-1,5.734050274E0,-1.020000100E0
2.133571720E2,3.532950163E0,7.935000420E0,4.060500264E-1
2.133596157E2,6.049950123E0,9.247050285E0,-3.084000111E0
2.133620592E2,5.002950191E0,8.404050827E0,-5.236950397E0
2.133645028E2,2.632950068E0,7.437000275E0,-4.054049969E0
2.133669463E2,7.369500399E-1,6.607950211E0,-2.929500043E-1
2.133693899E2,2.805000067E0,8.409000397E0,1.513950109E0
2.133718333E2,4.726050377E0,7.567950249E0,-1.576050043E0
2.133742770E2,3.624000072E0,7.659000397E0,-3.502950191E0
2.133767204E2,1.632000089E0,6.007050514E0,-4.617000103E0
2.133791641E2,2.845950127E0,6.289950371E0,-2.281949997E0
2.133816077E2,5.821950436E0,7.377000332E0,-3.489000082E0
2.133840512E2,3.958950281E0,8.806050301E0,-4.588050365E0
2.133864948E2,9.109500647E-1,8.502000809E0,-2.701050043E0
2.133889382E2,-4.519500136E-1,7.135050297E0,1.806000113E0
2.133913819E2,1.399950027E0,7.065000534E0,3.091950178E0
2.133938256E2,5.664000034E0,7.578000546E0,-2.230500132E-1
2.133962690E2,6.277050495E0,8.204999924E0,-4.357950211E0
2.133987126E2,1.624950051E0,7.033950329E0,-4.626000404E0
2.134011561E2,-6.199500561E-1,6.931050301E0,-9.105000645E-2
2.134035997E2,1.360500008E-1,7.366950512E0,1.168950081E0
2.134060432E2,3.922950268E0,9.424050331E0,2.700000070E-2
2.134084868E2,5.800950050E0,9.646050453E0,-4.116000175E0
2.134109303E2,3.258000135E0,8.695950508E0,-3.625050068E0
2.134133740E2,1.165050030E0,8.770050049E0,-1.638000131E0
2.134158176E2,8.110500574E-1,9.922050476E0,-2.160000056E-1
2.134182610E2,2.905950069E0,1.105695057E1,-1.542000055E0
2.134207046E2,3.013950109E0,1.018995094E1,-2.967000246E0
2.134231481E2,2.317050219E0,9.417000771E0,-1.039950013E0
2.134255918E2,1.906950116E0,7.587000370E0,-1.270500124E-1
2.134280354E2,3.985950232E0,8.976000786E0,-1.332000017E0
2.134304789E2,5.755050182E0,1.063800049E1,-3.597000122E0
2.134329225E2,4.630050182E0,1.026705074E1,-4.072950363E0
2.134353660E2,1.515000105E0,9.963000298E0,-1.914000034E0
2.134378096E2,2.790000141E-1,9.493050575E0,6.330000162E-1
2.134402533E2,2.170950174E0,1.004205036E1,4.060500264E-1
2.134426967E2,5.626050472E0,1.018995094E1,-2.850000143E0
2.134451404E2,5.676000118E0,9.883950233E0,-6.316950321E0
2.134475838E2,2.269050121E0,8.988000870E0,-4.851000309E0
2.134500274E2,1.129050016E0,8.634000778E0,-1.255050063E0
2.134524709E2,3.150000095E0,9.939000130E0,-6.730500460E-1
2.134549145E2,5.122950077E0,9.747000694E0,-3.345000267E0
2.134573582E2,3.706050158E0,8.581050873E0,-4.131000042E0
2.134598017E2,1.591050029E0,7.530000210E0,-1.438950062E0
2.134622453E2,1.347000122E0,6.891000271E0,9.559500217E-1
2.134646888E2,3.781950235E0,8.169000626E0,3.940500319E-1
2.134671324E2,4.954950333E0,7.294950485E0,-2.080950022E0
2.134695758E2,2.359950066E0,7.662000179E0,-3.010050058E0
2.134720194E2,1.429050088E0,7.357950211E0,-2.517000198E0
2.134744629E2,1.773000121E0,7.651950359E0,-7.695000619E-2
2.134769065E2,4.917000294E0,9.085950851E0,-1.597050071E0
2.134793502E2,5.821950436E0,9.436050415E0,-4.303050041E0
2.134817937E2,2.887050152E0,1.009905052E1,-4.945050240E0
2.134842373E2,6.960000396E-1,9.366000175E0,-2.257950068E0
2.134866808E2,1.483950019E0,9.148050308E0,-7.159500122E-1
2.134891244E2,4.243950367E0,9.538950920E0,-3.142050266E0
2.134915681E2,5.287950039E0,1.044405079E1,-5.179050446E0
2.134940115E2,1.657950044E0,9.526950836E0,-3.526950121E0
2.134964551E2,-4.189500213E-1,8.430000305E0,1.531050086E0
2.134988986E2,-2.595000155E-2,8.718000412E0,8.149500489E-1
2.135013422E2,3.871050119E0,1.149705029E1,-9.649500251E-1
2.135037857E2,7.150950432E0,1.127505016E1,-5.170050144E0
2.135062293E2,4.041000366E0,8.959050179E0,-5.275050163E0
2.135086730E2,1.234950066E0,1.054905033E1,-2.469000101E0
2.135111165E2,8.110500574E-1,1.081305027E1,3.000000119E-1
2.135135601E2,2.008050203E0,1.138500023E1,7.005000114E-2
2.135160035E2,2.977950096E0,1.026900005E1,-2.163000107E0
2.135184471E2,2.082000017E0,9.289950371E0,-2.827950239E0
2.135208906E2,1.780950069E0,7.836000443E0,-2.656050205E0
2.135233343E2,3.037950039E0,8.413050652E0,-2.074050188E0
2.135257779E2,4.387950420E0,8.955000877E0,-3.405000210E0
2.135282214E2,3.603000164E0,9.069000244E0,-3.678000212E0
2.135306650E2,1.393050075E0,8.631000519E0,-1.210050106E0
2.135331084E2,1.122000098E0,7.603950500E0,9.109500647E-1
2.135355521E2,3.214950085E0,8.512050629E0,1.081050038E0
2.135379955E2,5.190000057E0,8.690999985E0,-1.437000036E0
2.135404391E2,3.796950102E0,8.277000427E0,-4.231050014E0
2.135428826E2,1.282950044E0,7.575000286E0,-2.875950098E0
2.135453263E2,-4.950000439E-3,7.444050312E0,4.270500243E-1
2.135477699E2,1.476000071E0,9.268050194E0,4.800000191E-1
2.135502134E2,5.560950279E0,1.037700081E1,-3.091950178E0
2.135526570E2,5.074950218E0,9.226950645E0,-5.032950401E0
2.135551007E2,1.860000134E0,8.737050056E0,-3.441000223E0
2.135575441E2,1.090500057E-1,8.131050110E0,-6.570000052E-1
2.135599877E2,6.259500384E-1,8.980950356E0,7.069500089E-1
2.135624312E2,3.295950174E0,9.390000343E0,-7.399500608E-1
2.135648748E2,3.970950127E0,7.744950294E0,-2.091000080E0
2.135673183E2,3.174000263E0,6.876000404E0,-2.629050016E0
2.135697619E2,2.200050116E0,7.030050278E0,-1.116000056E0
2.135722054E2,2.760000229E0,8.734050751E0,1.129500046E-1
2.135746491E2,3.733950138E0,8.847000122E0,-1.315050006E0
2.135770927E2,3.226950169E0,9.115050316E0,-2.032950163E0
2.135795361E2,1.515000105E0,8.394000053E0,-1.522950053E0
2.135819797E2,7.459500432E-1,7.519950390E0,1.117050052E0
2.135844232E2,2.077050209E0,8.467950821E0,3.460500240E-1
2.135868668E2,4.122000217E0,9.040950775E0,-1.438950062E0
2.135893105E2,3.682050228E0,8.398950577E0,-3.343050241E0
2.135917539E2,1.684950113E0,7.858050346E0,-1.806000113E0
2.135941976E2,1.519500017E-1,8.386950493E0,7.840500474E-1
2.135966410E2,1.705950022E0,9.553050041E0,-3.859500289E-1
2.135990847E2,5.395950317E0,1.022805023E1,-4.363049984E0
2.136015281E2,5.686050415E0,9.742050171E0,-6.463050365E0
2.136039717E2,2.491950035E0,9.409049988E0,-3.925050259E0
2.136064152E2,7.099500299E-1,9.862050056E0,-6.780000329E-1
2.136088588E2,8.830500245E-1,9.703950882E0,1.174050093E0
2.136113025E2,2.056050062E0,1.074105072E1,2.830500007E-1
2.136137460E2,4.500000000E0,1.007700062E1,3.960000277E-1
2.136161896E2,4.420950413E0,9.187050819E0,-2.536050081E0
2.136186330E2,3.279000044E0,8.689050674E0,-3.823950291E0
2.136210767E2,3.346050262E0,1.090605068E1,-2.734950066E0
2.136235203E2,4.230000019E0,1.152105045E1,-3.297000170E0
2.136259638E2,3.592950106E0,1.183695030E1,-3.412050247E0
2.136284074E2,2.130000114E0,1.066395092E1,-2.457000017E0
2.136308509E2,1.098000050E0,9.715950012E0,-1.660500020E-1
2.136332945E2,1.705950022E0,1.017105007E1,1.177050114E0
2.136357382E2,2.793000221E0,1.148805046E1,1.188000083E0
2.136381816E2,4.900050163E0,1.096605015E1,-1.083000064E0
2.136406253E2,4.147950172E0,1.025205040E1,-2.622000217E0
2.136430687E2,2.218950033E0,1.042500019E1,-2.067000151E0
2.136455123E2,1.393050075E0,1.237605095E1,3.100500107E-1
2.136479558E2,3.694050074E0,1.338405037E1,-1.230000034E-1
2.136503994E2,4.736999989E0,1.296300030E1,-2.452050209E0
2.136528429E2,3.270000219E0,1.122000027E1,-3.478950262E0
2.136552866E2,1.524000049E0,1.083195019E1,-2.614950180E0
2.136577302E2,7.290000319E-1,1.097295094E1,-6.730500460E-1
2.136601736E2,1.261050105E0,1.181805038E1,-4.080000222E-1
2.136626172E2,2.213999987E0,1.117200089E1,-9.850500226E-1
2.136650607E2,2.716950178E0,1.007700062E1,-9.750000238E-1
2.136675043E2,2.965950251E0,9.164999962E0,-1.518000126E0
2.136699478E2,2.700000048E0,9.247050285E0,-8.359500170E-1
2.136723914E2,3.567000151E0,1.049205017E1,-6.420000196E-1
2.136748349E2,4.299000263E0,9.759000778E0,-1.902000070E0
2.136772786E2,4.299000263E0,8.215050697E0,-3.513000250E0
2.136797222E2,2.800950050E0,6.928950310E0,-2.809050083E0
2.136821656E2,1.824000120E0,6.727950096E0,3.649500310E-1
2.136846092E2,2.158950090E0,7.345950127E0,1.009050012E0
2.136870527E2,2.551050186E0,7.990050316E0,3.195000067E-2
2.136894964E2,2.728950024E0,6.226950169E0,-1.480050087E0
2.136919398E2,1.873950124E0,5.695950508E0,-3.028950214E0
2.136943835E2,1.018950105E0,6.442950249E0,-1.750950098E0
2.136968271E2,1.426050067E0,7.329000473E0,-2.610000074E-1
2.136992706E2,2.475000143E0,7.072950363E0,-2.067000151E0
2.137017142E2,3.837000132E0,5.968950272E0,-3.931950092E0
2.137041576E2,3.837000132E0,4.795950413E0,-4.710000038E0
2.137066013E2,3.100050211E0,5.179050446E0,-3.906000137E0
2.137090449E2,2.005950212E0,5.148000240E0,-1.963950038E0
2.137114884E2,1.942950130E0,5.722050190E0,-3.000000119E-1
2.137139320E2,2.893950224E0,5.868000507E0,5.610000491E-1
2.137163755E2,2.602050066E0,5.445000172E0,5.520000458E-1
2.137188191E2,3.286950111E0,6.505050182E0,-8.290500641E-1
2.137212628E2,3.150000095E0,6.493050098E0,-2.020950079E0
2.137237062E2,3.499950171E0,8.145000458E0,-3.264000177E0
2.137261499E2,3.921000242E0,8.749050140E0,-4.939950466E0
2.137285933E2,2.213999987E0,8.911050797E0,-4.687950134E0
2.137310370E2,1.570500135E-1,9.382950783E0,-1.261950016E0
2.137334804E2,-3.450000286E-1,9.544050217E0,1.642950058E0
2.137359240E2,2.509500086E-1,9.964950562E0,-1.300500035E-1
2.137383675E2,1.303950071E0,1.110900021E1,-2.350500077E-1
2.137408111E2,2.440950155E0,1.162200069E1,1.833000064E0
2.137432548E2,2.803050041E0,9.970050812E0,-1.023000002E0
2.137456983E2,2.440950155E0,1.004205036E1,-1.948950052E0
2.137481419E2,3.957000256E0,1.166205025E1,-1.693050027E0
2.137505853E2,4.342050076E0,1.222995090E1,-2.955000162E0
2.137530290E2,3.588000059E0,1.186800098E1,-1.767000079E0
2.137554727E2,2.973000050E0,1.215105057E1,-1.404000044E0
2.137579161E2,2.638050079E0,1.174605083E1,-4.840500355E-1
2.137603597E2,2.353049994E0,1.167705059E1,-1.522950053E0
2.137628032E2,1.930950046E0,1.283595085E1,-1.324950099E0
2.137652468E2,1.596000075E0,1.358700085E1,-6.000000238E-2
2.137676903E2,8.130000234E-1,1.294095039E1,-1.024950027E0
2.137701339E2,7.729500532E-1,1.079595089E1,3.000000119E-2
2.137725774E2,9.550500512E-1,1.031895065E1,-2.140500098E-1
2.137750210E2,2.856000185E0,1.114500046E1,4.410000145E-1
2.137774647E2,7.369050503E0,1.003695011E1,4.200000167E-1
2.137799081E2,6.220050335E0,9.076950073E0,-5.991000175E0
2.137823517E2,4.060050011E0,9.153000832E0,-5.409000397E0
2.137847952E2,2.599050045E0,7.930050373E0,-3.541950226E0
2.137872389E2,2.836050034E0,7.956000328E0,-1.288950086E0
2.137896825E2,3.270000219E0,9.726000786E0,1.660500020E-1
2.137921260E2,2.496000051E0,8.575950623E0,7.500000596E-1
2.137945696E2,1.507950068E0,6.349950314E0,9.870000482E-1
2.137970131E2,8.400000334E-1,5.646000385E0,-2.400000021E-2
2.137994567E2,2.194950104E0,6.772950172E0,-1.023000002E0
2.138019001E2,4.170000076E0,7.180050373E0,-2.898000240E0
2.138043438E2,4.788000107E0,6.973950386E0,-5.251050472E0
2.138067872E2,3.741000175E0,6.603000164E0,-5.437950134E0
2.138092309E2,2.178000212E0,6.139050484E0,-3.976950169E0
2.138116745E2,9.280500412E-1,6.273000240E0,-8.940000534E-1
2.138141180E2,1.459950089E0,7.567950249E0,1.615050077E0
2.138165616E2,3.105000257E0,6.795000553E0,9.870000482E-1
2.138190051E2,3.852000237E0,5.926050186E0,-1.030500084E-1
2.138214488E2,3.435000181E0,5.722050190E0,-2.871000051E0
2.138238924E2,3.718050241E0,5.856000423E0,-4.650000095E0
2.138263358E2,3.922950268E0,7.510950565E0,-5.257950306E0
2.138287794E2,2.893950224E0,8.743950844E0,-3.517950058E0
2.138312229E2,2.116050005E0,9.022050858E0,-6.330000162E-1
2.138336665E2,1.476000071E0,8.433000565E0,1.381950021E0
2.138361100E2,2.220000178E-1,8.737050056E0,1.444950104E0
2.138385536E2,-3.600000218E-2,9.550950050E0,5.400000140E-2
2.138409973E2,7.129500508E-1,1.002495003E1,-4.699500203E-1
2.138434407E2,2.034000158E0,1.023795033E1,6.690000296E-1
2.138458843E2,2.761950016E0,9.052950859E0,-1.552050114E0
2.138483278E2,1.474050045E0,7.807950497E0,-2.020950079E0
2.138507714E2,1.776000142E0,1.018500042E1,-1.068000078E0
2.138532151E2,3.025950193E0,1.335000038E1,6.210000515E-1
2.138556586E2,3.559050083E0,1.270605087E1,-7.759500146E-1
2.138581022E2,4.687050343E0,1.170795059E1,-2.875950098E0
2.138605457E2,3.471000195E0,1.151895046E1,-5.292000294E0
2.138629893E2,1.894950032E0,1.212900066E1,-6.099000454E0
2.138654327E2,1.057050109E0,1.260600090E1,-1.729050040E0
2.138678763E2,1.399950027E0,1.237800026E1,8.869500160E-1
2.138703198E2,1.132050037E0,1.215300083E1,-5.149500370E-1
2.138727634E2,6.960000396E-1,1.040295029E1,-3.120000064E-1
2.138752069E2,8.490000367E-1,1.044405079E1,1.054050088E0
2.138776506E2,2.719050169E0,1.153605080E1,4.770000279E-1
2.138800942E2,3.864000082E0,1.214895058E1,-2.020500153E-1
2.138825377E2,4.642050266E0,1.138995075E1,1.794000030E0
2.138849813E2,5.736000061E0,1.033395004E1,2.151000023E0
2.138874248E2,4.423950195E0,1.073595047E1,-5.260950089E0
2.138898684E2,3.070950031E0,1.080495071E1,-5.989050388E0
2.138923121E2,1.725000024E0,9.784950256E0,-5.158050060E0
2.138947555E2,1.563000083E0,8.883000374E0,-2.227050066E0
2.138971991E2,2.206950188E0,8.779950142E0,-1.558950067E0
2.138996426E2,1.872000098E0,8.361000061E0,-9.610500336E-1
2.139020863E2,1.563000083E0,8.152050018E0,7.050000429E-1
2.139045297E2,1.713000059E0,8.617050171E0,1.483050108E0
2.139069734E2,2.662050009E0,8.337000847E0,1.106999993E0
2.139094170E2,4.642050266E0,8.155050278E0,-2.032950163E0
2.139118604E2,5.319000244E0,7.573050499E0,-5.838000298E0
2.139143041E2,4.279950142E0,7.245000362E0,-7.546950340E0
2.139167475E2,2.185050011E0,7.173000336E0,-5.092950344E0
2.139191912E2,1.182000041E0,6.598950386E0,-5.749500394E-1
2.139216348E2,1.192050099E0,7.959000587E0,2.464950085E0
2.139240783E2,7.890000343E-1,7.492050171E0,2.967000246E0
2.139265219E2,1.138950109E0,6.309000492E0,1.480950117E0
2.139289654E2,2.632950068E0,7.030050278E0,-1.767000079E0
2.139314090E2,2.050950050E0,6.697050095E0,-3.570000172E0
2.139338525E2,1.879050136E0,7.618950367E0,-3.409950256E0
2.139362961E2,3.931050301E0,7.798050404E0,-3.673050165E0
2.139387395E2,4.797000408E0,8.254950523E0,-3.838950157E0
2.139411831E2,2.413050175E0,9.582000732E0,-2.050050020E0
2.139436268E2,1.180050015E0,9.144000053E0,1.489500105E-1
2.139460703E2,7.249500155E-1,9.610950470E0,4.729500115E-1
2.139485139E2,1.017000079E0,9.757050514E0,3.405000269E-2
2.139509574E2,2.760000229E0,9.330000877E0,-1.815000057E0
2.139534010E2,3.199950218E0,8.863950729E0,-3.879000187E0
2.139558447E2,2.038950205E0,8.868000031E0,-2.620050192E0
2.139582881E2,1.740000129E0,9.895050049E0,3.000000119E-1
2.139607317E2,2.398050070E0,1.112400055E1,4.605000094E-2
2.139631752E2,2.551050186E0,1.110705090E1,-1.429950118E0
2.139656188E2,1.843050122E0,1.168200016E1,7.800000161E-2
2.139680623E2,2.247000217E0,1.140900040E1,9.610500336E-1
2.139705059E2,2.944050074E0,1.119795036E1,-3.205950260E0
2.139729496E2,3.097050190E0,1.068600082E1,-4.162050247E0
2.139753931E2,2.002950191E0,1.029105091E1,-3.601050138E0
2.139778367E2,2.101050138E0,1.046805096E1,-1.843950033E0
2.139802801E2,3.088050127E0,9.763950348E0,-1.699950099E0
2.139827237E2,4.387950420E0,1.009200001E1,-1.284000039E0
2.139851672E2,4.165050030E0,9.448050499E0,-1.425000072E0
2.139876109E2,4.206000328E0,9.426000595E0,-1.264950037E0
2.139900545E2,4.761000156E0,9.970050812E0,-1.767000079E0
2.139924980E2,5.290950298E0,9.916950226E0,-3.466950178E0
2.139949416E2,4.006950378E0,1.015605068E1,-4.702950001E0
2.139973850E2,2.484000206E0,9.703950882E0,-3.709050179E0
2.139998286E2,1.500000119E0,8.895000458E0,-1.039950013E0
2.140022723E2,1.612950087E0,8.574000359E0,2.790000141E-1
2.140047157E2,2.470050097E0,9.109950066E0,3.169500232E-1
2.140071592E2,3.660000086E0,8.812950134E0,-1.920000017E-1
2.140096029E2,3.129000187E0,9.061950684E0,-1.003950000E0
2.140120465E2,1.833000064E0,9.357000351E0,1.159500033E-1
2.140144900E2,9.760500193E-1,9.349950790E0,1.050000079E-3
2.140169336E2,5.380499959E-1,9.157950401E0,-7.570500374E-1
2.140193770E2,2.026950121E0,8.976000786E0,4.605000094E-2
2.140218207E2,3.672000170E0,8.314949989E0,-4.795950413E0
2.140242643E2,3.973950148E0,8.026050568E0,-5.112000465E0
2.140267078E2,1.986000061E0,8.004000664E0,-2.479050159E0
2.140291514E2,1.090950012E0,7.891050339E0,1.782000065E0
2.140315949E2,1.408950090E0,8.346000671E0,8.010000587E-1
2.140340385E2,1.765950084E0,8.884950638E0,8.800500631E-1
2.140364820E2,1.669950128E0,8.503950119E0,1.834950089E0
2.140389256E2,1.567050099E0,8.380050659E0,1.294050097E0
2.140413690E2,1.824000120E0,7.852950573E0,1.387050033E0
2.140438127E2,3.439950228E0,8.044950485E0,-8.239500523E-1
2.140462563E2,4.504950047E0,8.578950882E0,-5.835000515E0
2.140486998E2,3.952050209E0,8.599950790E0,-7.216950417E0
2.140511434E2,2.547000170E0,9.457050323E0,-5.764050484E0
2.140535871E2,1.242000103E0,8.641050339E0,-2.458950043E0
2.140560306E2,1.684950113E0,8.157000542E0,7.005000114E-2
2.140584742E2,1.978950143E0,8.581050873E0,1.642950058E0
2.140609177E2,2.185050011E0,8.875950813E0,1.585950017E0
2.140633613E2,3.154950142E0,8.325000763E0,-4.459500313E-1
2.140658047E2,3.148050070E0,8.310000420E0,-2.833050251E0
2.140682484E2,1.624950051E0,8.974050522E0,-2.376000166E0
2.140706918E2,6.700500250E-1,9.390000343E0,-1.800000072E-1
2.140731355E2,9.589500427E-1,9.637050629E0,1.759500057E-1
2.140755791E2,3.030000210E0,1.021905041E1,-1.798950076E0
2.140780226E2,3.337050200E0,9.582000732E0,-3.850050211E0
2.140804662E2,2.104050159E0,9.787950516E0,-4.176000118E0
2.140829097E2,1.263000011E0,8.811000824E0,-3.180000067E0
2.140853533E2,1.026000023E0,8.665050507E0,-1.780500114E-1
2.140877967E2,1.254000068E0,8.245950699E0,1.356000066E0
2.140902404E2,2.865000248E0,8.518950462E0,6.430500150E-1
2.140926841E2,4.903050423E0,8.559000015E0,-8.290500641E-1
2.140951275E2,5.451000214E0,7.768950462E0,-2.839950085E0
2.140975711E2,4.600950241E0,8.800950050E0,-3.886050224E0
2.141000146E2,2.532000065E0,9.354000092E0,-2.658000231E0
2.141024582E2,2.001000166E0,9.985950470E0,-1.506000042E0
2.141049017E2,2.692950010E0,9.991050720E0,-1.252950072E0
2.141073453E2,2.772000074E0,9.637050629E0,-1.401000023E0
2.141097888E2,2.740950108E0,9.012000084E0,-1.702950120E0
2.141122324E2,3.508950233E0,8.569050789E0,-1.489950061E0
2.141146761E2,2.185050011E0,9.532050133E0,-6.300000548E-1
2.141171195E2,2.014950037E0,1.014000034E1,-8.400000632E-2
2.141195631E2,3.214950085E0,1.024005032E1,-1.513950109E0
2.141220068E2,3.126000166E0,1.126995087E1,-2.047950029E0
2.141244503E2,2.106000185E0,1.087005043E1,-3.520500064E-1
2.141268939E2,1.596000075E0,1.045605087E1,5.610000491E-1
2.141293374E2,1.242000103E0,1.053000069E1,-1.495050073E0
2.141317810E2,1.038000107E0,1.107795048E1,-1.920000017E-1
2.141342244E2,2.013000011E0,1.110495090E1,1.188000083E0
2.141366681E2,4.531949997E0,1.142100048E1,2.190000117E-1
2.141391115E2,3.844050169E0,1.047495079E1,-3.034050226E0
2.141415551E2,2.881950140E0,1.071900082E1,-2.682000160E0
2.141439986E2,1.749000072E0,1.145700073E1,-2.329500169E-1
2.141464423E2,1.171950102E0,1.140195084E1,6.795000285E-2
2.141488859E2,1.777950048E0,1.121700096E1,4.630500078E-1
2.141513294E2,4.603050232E0,1.074300098E1,-8.740500212E-1
2.141537730E2,5.214000225E0,1.019700050E1,-3.787950277E0
2.141562167E2,4.558050156E0,1.065195084E1,-3.999000072E0
2.141586601E2,2.560950041E0,1.133205032E1,-3.012000084E0
2.141611038E2,2.092050076E0,1.078605080E1,-8.340000510E-1
2.141635472E2,2.572950125E0,1.105905056E1,-1.068000078E0
2.141659908E2,3.627000093E0,9.718050003E0,-2.983950138E0
2.141684343E2,3.484950066E0,8.418000221E0,-3.819000244E0
2.141708779E2,2.877000093E0,7.969950199E0,-2.766000032E0
2.141733214E2,2.920050144E0,7.827000141E0,-1.396050096E0
2.141757650E2,2.947050095E0,8.332050323E0,1.005000062E-2
2.141782087E2,2.980050087E0,8.785050392E0,6.019500494E-1
2.141806522E2,2.563050032E0,8.128950119E0,1.800000072E-1
2.141830958E2,1.642050028E0,6.498000145E0,1.399500072E-1
2.141855393E2,1.407000065E0,6.546000481E0,-2.700000070E-2
2.141879829E2,1.642050028E0,6.613050461E0,-1.779000044E0
2.141904266E2,2.379000187E0,5.710050106E0,-3.369000196E0
2.141928700E2,3.265050173E0,5.071050167E0,-4.915950298E0
2.141953136E2,4.042950153E0,5.241000175E0,-5.617050171E0
2.141977571E2,3.363000154E0,5.581050396E0,-4.456050396E0
2.142002007E2,1.453050017E0,6.466950417E0,-9.630000591E-1
2.142026442E2,3.610500097E-1,6.370950222E0,2.488950014E0
2.142050878E2,-6.000000238E-2,5.823000431E0,2.629950047E0
2.142075313E2,6.619500518E-1,5.428050041E0,1.188000083E0
2.142099749E2,3.745950222E0,4.960950375E0,2.422049999E0
2.142124186E2,5.961000443E0,4.432050228E0,-3.762000084E0
2.142148620E2,5.235000134E0,4.887000084E0,-6.232950211E0
2.142173056E2,2.980050087E0,6.795000553E0,-6.217950344E0
2.142197491E2,2.295000076E0,7.449000359E0,-3.441000223E0
2.142221927E2,2.652000189E0,8.157000542E0,-1.522950053E0
2.142246364E2,2.752950191E0,8.290950775E0,-1.116000056E0
2.142270799E2,1.867050052E0,7.951050282E0,4.290000200E-1
2.142295235E2,8.520000577E-1,8.032950401E0,1.195950031E0
2.142319670E2,6.910500526E-1,8.719950676E0,7.549500465E-1
2.142344106E2,3.157050133E0,9.577050209E0,-1.561950088E0
2.142368540E2,4.543950081E0,1.087995052E1,-3.934050083E0
2.142392977E2,4.599000454E0,1.120305061E1,-4.083000183E0
2.142417411E2,3.078000069E0,1.143495083E1,-2.269950151E0
2.142441847E2,1.996050119E0,1.323105049E1,5.100000277E-2
2.142466284E2,2.350050211E0,1.351095104E1,1.180500090E-1
2.142490719E2,2.863050222E0,1.289595032E1,-6.010500193E-1
2.142515155E2,2.994000196E0,1.176495075E1,-6.540000439E-1
2.142539589E2,2.889000177E0,1.056105042E1,-2.078999996E0
2.142564026E2,3.130950212E0,1.068105030E1,-3.727950096E0
2.142588463E2,3.154950142E0,1.180905056E1,-4.080000401E0
2.142612897E2,1.885950089E0,1.249995041E1,-1.198050022E0
2.142637333E2,1.741950035E0,1.284000015E1,-5.100000277E-2
2.142661768E2,1.050000072E0,1.275900078E1,-5.749500394E-1
2.142686204E2,8.010000587E-1,1.202205086E1,-2.470500171E-1
2.142710639E2,1.855050087E0,1.214400101E1,1.083000064E0
2.142735076E2,2.419950008E0,1.117200089E1,7.170000076E-1
2.142759510E2,2.427000046E0,9.939000130E0,1.284000039E0
2.142783947E2,3.130950212E0,9.826050758E0,2.709000111E0
2.142808383E2,5.449050426E0,1.010595036E1,2.031000137E0
2.142832817E2,5.587050438E0,9.627000809E0,-6.499050140E0
2.142857253E2,3.325050116E0,1.009200001E1,-8.557950020E0
2.142881688E2,1.237050056E0,9.180000305E0,-5.893050194E0
2.142906124E2,6.000000238E-1,7.947000504E0,-3.190500140E-1
2.142930561E2,1.603050113E0,9.019050598E0,2.404950142E0
2.142954996E2,1.516950130E0,1.007700062E1,1.078050017E0
2.142979432E2,1.396950126E0,8.662050247E0,5.059500337E-1
2.143003867E2,1.669950128E0,8.052000046E0,5.950500369E-1
2.143028303E2,2.158950090E0,8.860950470E0,5.110500455E-1
2.143052738E2,2.668950081E0,1.044405079E1,1.849500090E-1
2.143077174E2,2.350050211E0,1.075005054E1,1.332000017E0
2.143101608E2,2.110949993E0,1.014900017E1,2.926950216E0
2.143126045E2,5.956050396E0,7.936950207E0,-1.681050062E0
2.143150481E2,4.783050060E0,7.183050156E0,-1.089900017E1
2.143174916E2,3.583050251E0,7.458000183E0,-1.229295063E1
2.143199352E2,2.190000057E0,8.445000648E0,-8.131050110E0
2.143223787E2,1.711050034E0,8.767950058E0,-2.992950201E0
2.143248224E2,7.489500642E-1,8.977950096E0,1.782000065E0
2.143272660E2,2.869500220E-1,8.326950073E0,3.559050083E0
2.143297094E2,1.681950092E0,7.330950260E0,2.704050064E0
2.143321531E2,3.303000212E0,7.492050171E0,1.915950060E0
2.143345965E2,5.299950123E0,7.647000313E0,1.018050075E0
2.143370401E2,3.841950178E0,7.960950375E0,-4.080000222E-1
2.143394838E2,3.313050270E0,8.740950584E0,-3.228000164E0
2.143419272E2,3.871050119E0,8.830050468E0,-8.052000046E0
2.143443709E2,3.745950222E0,9.316050529E0,-8.356950760E0
2.143468143E2,1.824000120E0,9.168000221E0,-4.518000126E0
2.143492580E2,8.800500631E-1,8.832000732E0,1.471050024E0
2.143517014E2,1.132050037E0,8.899050713E0,1.987950087E0
2.143541451E2,1.006950021E0,9.658050537E0,1.279500127E-1
2.143565885E2,1.326000094E0,9.577050209E0,-8.205000311E-2
2.143590322E2,1.575000048E0,9.795000076E0,1.468950033E0
2.143614758E2,2.596950054E0,9.651000023E0,9.750000238E-1
2.143639193E2,4.972050190E0,9.249000549E0,-2.044950008E0
2.143663629E2,4.405050278E0,9.034049988E0,-3.858000278E0
2.143688064E2,2.944050074E0,1.002495003E1,-2.473950148E0
2.143712500E2,2.323950052E0,1.018800068E1,-1.774950027E0
2.143736934E2,3.445050240E0,9.301950455E0,-2.296950102E0
2.143761370E2,4.323000431E0,8.854050636E0,-2.473950148E0
2.143785805E2,3.090000153E0,9.418950081E0,-1.324950099E0
2.143810241E2,1.963050127E0,9.376049995E0,1.090500057E-1
2.143834678E2,1.963050127E0,9.109950066E0,8.530500531E-1
2.143859113E2,1.471950054E0,1.037400055E1,2.239500135E-1
2.143883549E2,9.859500527E-1,9.856950760E0,1.339050055E0
2.143907984E2,1.194000006E0,8.635950089E0,1.183950067E0
2.143932420E2,4.741950035E0,9.565050125E0,-5.220000148E-1
2.143956857E2,5.149050236E0,8.842050552E0,-5.140950203E0
2.143981291E2,3.741000175E0,9.286950111E0,-5.673000336E0
2.144005727E2,2.061000109E0,9.517050743E0,-3.685050249E0
2.144030162E2,2.674050093E0,9.160050392E0,-1.375050068E0
2.144054598E2,3.757950068E0,9.157950401E0,-6.490500569E-1
2.144079033E2,3.849000216E0,8.437050819E0,-1.075950027E0
2.144103469E2,3.064050198E0,8.919000626E0,-1.201950073E0
2.144127903E2,1.725000024E0,8.967000008E0,2.400000095E-1
2.144152340E2,1.687050104E0,8.703000069E0,7.789500356E-1
2.144176776E2,1.582050085E0,9.462000847E0,7.650000453E-1
2.144201211E2,9.660000205E-1,9.757050514E0,-1.780500114E-1
2.144225647E2,1.408950090E0,9.424050331E0,-3.739500046E-1
2.144250082E2,1.942950130E0,9.402000427E0,5.470499992E-1
2.144274519E2,2.155950069E0,9.733050346E0,-1.128000021E0
2.144298955E2,1.765950084E0,1.001505089E1,-3.760500252E-1
2.144323389E2,1.972050071E0,9.643950462E0,-2.400000021E-2
2.144347826E2,3.088050127E0,8.878050804E0,-4.237950325E0
2.144372260E2,4.756950378E0,8.590950012E0,-6.793050289E0
2.144396696E2,4.435950279E0,8.386950493E0,-7.501950264E0
2.144421131E2,2.518050194E0,9.112950325E0,-3.871950150E0
2.144445567E2,1.558050036E0,9.148050308E0,1.155000091E0
2.144470002E2,2.116050005E0,9.184050560E0,2.356950045E0
2.144494439E2,1.927050114E0,9.067049980E0,2.091000080E0
2.144518875E2,1.450050116E0,8.314949989E0,1.998000145E0
2.144543309E2,3.222000122E0,8.617050171E0,1.396950126E0
2.144567745E2,4.263000011E0,8.488050461E0,-3.076950073E0
2.144592180E2,3.279000044E0,9.819000244E0,-4.897050381E0
2.144616617E2,1.872000098E0,1.002195072E1,-5.301000118E0
2.144641053E2,1.843050122E0,9.436050415E0,-3.718950272E0
2.144665488E2,3.214950085E0,9.556050301E0,-2.971950054E0
2.144689924E2,4.735050201E0,9.112950325E0,-3.658950090E0
2.144714359E2,4.468950272E0,8.950050354E0,-3.321000099E0
2.144738795E2,3.720000267E0,9.931050301E0,-1.281000018E0
2.144763229E2,2.767050028E0,1.023300076E1,4.699500203E-1
2.144787666E2,2.185050011E0,1.086000061E1,1.171950102E0
2.144812102E2,1.872000098E0,1.039605045E1,-1.150500029E-1
2.144836537E2,2.419950008E0,1.065405083E1,-1.353000045E0
2.144860973E2,2.901000023E0,1.093695068E1,-3.127050161E0
2.144885408E2,2.470050097E0,1.000800037E1,-2.713050127E0
2.144909844E2,1.632000089E0,9.838050842E0,1.230000034E-1
2.144934278E2,7.680000067E-1,1.022400093E1,-6.210000515E-1
2.144958715E2,4.905000329E-2,9.859950066E0,-1.003950000E0
2.144983151E2,1.980000138E-1,9.814050674E0,9.349500537E-1
2.145007586E2,2.416950226E0,1.006995010E1,1.195950031E0
2.145032022E2,6.166950226E0,9.129000664E0,-3.217950106E0
2.145056457E2,5.194950104E0,7.519950390E0,-5.572050095E0
2.145080893E2,3.367950201E0,8.370000839E0,-3.774000168E0
2.145105328E2,2.227950096E0,8.032950401E0,-6.420000196E-1
2.145129764E2,2.020050049E0,7.623000145E0,2.023950100E0
2.145154198E2,2.206950188E0,6.982050419E0,1.806000113E0
2.145178635E2,3.457050085E0,5.914050102E0,2.190000117E-1
2.145203072E2,5.319000244E0,6.673050404E0,-1.159050107E0
2.145227506E2,4.393050194E0,7.210950375E0,-3.529950142E0
2.145251942E2,2.695050240E0,8.413050652E0,-4.174050331E0
2.145276377E2,1.942950130E0,8.983050346E0,-2.650950193E0
2.145300814E2,1.864050031E0,8.373000145E0,-2.505000114E0
2.145325250E2,2.614050150E0,8.136000633E0,-2.959950209E0
2.145349685E2,3.708000183E0,7.567950249E0,-2.986050129E0
2.145374121E2,3.610050201E0,7.753050327E0,-2.560050011E0
2.145398556E2,1.735050082E0,8.263050079E0,-5.700000525E-1
2.145422992E2,1.608000040E0,8.398950577E0,1.212000012E0
2.145447429E2,2.008050203E0,8.827950478E0,1.296000004E0
2.145471863E2,2.977950096E0,9.466950417E0,4.750500321E-1
2.145496299E2,3.313050270E0,9.390000343E0,-2.875950098E0
2.145520734E2,2.803050041E0,9.163050652E0,-3.774000168E0
2.145545170E2,1.819050074E0,9.433050156E0,-3.024000168E0
2.145569605E2,1.078950047E0,9.627000809E0,-9.220500588E-1
2.145594041E2,1.443000078E0,9.757050514E0,-7.950000465E-3
2.145618476E2,3.528000116E0,9.550950050E0,-2.917050123E0
2.145642912E2,5.221050262E0,9.514950752E0,-5.304000378E0
2.145667349E2,5.650050163E0,9.610950470E0,-6.604050159E0
2.145691783E2,3.910950184E0,1.057800007E1,-4.717050076E0
2.145716219E2,2.068050146E0,1.074105072E1,-1.363050103E0
2.145740654E2,1.881000042E0,1.061895084E1,9.490500689E-1
2.145765090E2,1.860000134E0,1.058505058E1,1.701000094E0
2.145789527E2,3.379950047E0,9.486000061E0,7.500000298E-2
2.145813961E2,5.386050224E0,8.500050545E0,-3.517950058E0
2.145838398E2,5.341050148E0,8.773050308E0,-5.914050102E0
2.145862832E2,3.921000242E0,1.021200085E1,-5.473950386E0
2.145887269E2,2.359950066E0,1.060200024E1,-3.250050068E0
2.145911703E2,1.797000051E0,1.042200089E1,-8.940000534E-1
2.145936139E2,3.042000055E0,9.795000076E0,-7.020000219E-1
2.145960574E2,4.927050114E0,8.374950409E0,-3.439050198E0
2.145985011E2,5.635050297E0,8.107049942E0,-6.376050472E0
2.146009447E2,4.528950214E0,8.044950485E0,-6.847950459E0
2.146033882E2,3.289050102E0,8.080950737E0,-5.296950340E0
2.146058318E2,2.130000114E0,8.538000107E0,-1.842000127E0
2.146082753E2,1.498050094E0,9.022050858E0,1.155000091E0
2.146107189E2,1.864050031E0,8.445000648E0,2.350050211E0
2.146131623E2,3.775050163E0,8.513999939E0,1.572000027E0
2.146156060E2,4.953000069E0,8.173950195E0,-1.351050019E0
2.146180497E2,3.672000170E0,8.617050171E0,-3.451050282E0
2.146204931E2,2.343000174E0,8.409000397E0,-3.817050219E0
2.146229367E2,1.024049997E0,8.650050163E0,-2.325000048E0
2.146253802E2,1.515000105E0,8.334000587E0,-1.392000079E0
2.146278238E2,4.018949986E0,7.896000385E0,-2.316000223E0
2.146302673E2,5.805000305E0,7.767000198E0,-3.718950272E0
2.146327110E2,5.602050304E0,7.183050156E0,-5.212950230E0
2.146351546E2,3.052050114E0,8.218950272E0,-4.806000233E0
2.146375980E2,1.648950100E0,8.638050079E0,-2.509950161E0
2.146400417E2,9.550500512E-1,8.348999977E0,5.100000277E-2
2.146424851E2,1.147950053E0,8.353950500E0,1.315050006E0
2.146449287E2,1.945950150E0,8.253000259E0,1.033050060E0
2.146473722E2,3.504000187E0,7.597050190E0,-5.100000501E-1
2.146498159E2,4.363950253E0,7.507950306E0,-2.377950191E0
2.146522593E2,4.006950378E0,8.227050781E0,-2.967000246E0
2.146547029E2,2.568000078E0,9.069000244E0,-2.203050137E0
2.146571466E2,1.399950027E0,9.643950462E0,-9.799500704E-1
2.146595900E2,2.046000004E0,9.547950745E0,-9.370500445E-1
2.146620336E2,3.799050093E0,8.923050880E0,-3.250050068E0
2.146644771E2,4.860000134E0,8.646000862E0,-4.882050037E0
2.146669208E2,3.925950289E0,8.515950203E0,-5.742000103E0
2.146693644E2,3.088050127E0,8.920950890E0,-4.714950085E0
2.146718079E2,1.591050029E0,9.250950813E0,-2.044950008E0
2.146742515E2,1.114950061E0,8.706000328E0,2.809500098E-1
2.146766949E2,2.383949995E0,8.023050308E0,3.460500240E-1
2.146791386E2,3.400950193E0,8.670000076E0,-9.250500202E-1
2.146815822E2,4.102950096E0,8.590950012E0,-2.107050180E0
2.146840257E2,3.331950188E0,8.647950172E0,-2.380050182E0
2.146864693E2,1.965000153E0,9.148050308E0,-1.120950103E0
2.146889128E2,1.564950109E0,8.657999992E0,-6.799500585E-1
2.146913564E2,2.880000114E0,7.798050404E0,-1.588050127E0
2.146937999E2,3.646050215E0,7.350000381E0,-2.641050100E0
2.146962435E2,5.014950275E0,7.006050110E0,-3.771000147E0
2.146986869E2,5.487000465E0,6.679950237E0,-5.035950184E0
2.147011306E2,4.432950020E0,7.201950550E0,-5.328000069E0
2.147035742E2,3.394050121E0,7.681050301E0,-3.958050251E0
2.147060177E2,2.262000084E0,8.368050575E0,-1.741050124E0
2.147084613E2,1.381050110E0,7.867950439E0,-4.120500088E-1
2.147109048E2,1.704000115E0,7.159050465E0,-1.180500090E-1
2.147133484E2,3.081000090E0,6.934050560E0,-1.594950080E0
2.147157921E2,3.720000267E0,6.469050407E0,-3.562950134E0
2.147182354E2,3.471000195E0,6.799950123E0,-3.778950214E0
2.147206791E2,3.142950058E0,7.132050514E0,-3.276000261E0
2.147231226E2,2.269050121E0,7.662000179E0,-2.038050175E0
2.147255662E2,2.848050117E0,7.573050499E0,-1.389000058E0
2.147280097E2,4.165050030E0,7.693050385E0,-1.803000093E0
2.147304533E2,5.164050102E0,7.654050350E0,-2.626950026E0
2.147328968E2,5.278950214E0,7.968000412E0,-3.874050140E0
2.147353404E2,4.965000153E0,8.442000389E0,-4.581000328E0
2.147377841E2,3.270000219E0,8.952000618E0,-4.204950333E0
2.147402275E2,1.893000126E0,9.397050858E0,-1.806000113E0
2.147426711E2,1.105050087E0,9.610950470E0,-4.960500300E-1
2.147451146E2,1.729950070E0,9.112950325E0,-1.252950072E0
2.147475583E2,2.902950048E0,9.520050049E0,-2.488050222E0
2.147500019E2,3.715050220E0,1.015605068E1,-3.187050104E0
2.147524454E2,3.571050167E0,1.004400063E1,-2.862000227E0
2.147548890E2,2.472000122E0,1.025895023E1,-1.195050001E0
2.147573325E2,1.927050114E0,1.010595036E1,2.790000141E-1
2.147597761E2,2.401050091E0,9.802050591E0,1.759500057E-1
2.147622196E2,4.258950233E0,9.840000153E0,-2.236950159E0
2.147646632E2,4.740000248E0,9.405000687E0,-4.413000107E0
2.147671067E2,4.258950233E0,9.289950371E0,-5.665050507E0
2.147695503E2,3.748950243E0,1.004895020E1,-5.263050079E0
2.147719940E2,3.199950218E0,1.066395092E1,-2.737050056E0
2.147744374E2,2.226000071E0,1.091100025E1,-3.900000080E-2
2.147768810E2,1.945950150E0,1.077405071E1,1.432950020E0
2.147793245E2,2.896050215E0,1.036995029E1,8.050500154E-1
2.147817681E2,4.678050041E0,1.003395081E1,-2.103000164E0
2.147842118E2,4.282950401E0,9.759000778E0,-4.605000019E0
2.147866553E2,3.375000238E0,1.012800026E1,-5.280000210E0
2.147890989E2,2.820000172E0,9.876000404E0,-4.437000275E0
2.147915423E2,2.404950142E0,9.487950325E0,-3.208950043E0
2.147939859E2,2.230950117E0,8.832000732E0,-1.681050062E0
2.147964294E2,2.944050074E0,8.095050812E0,-8.790000677E-1
2.147988730E2,5.037000179E0,8.128950119E0,-2.040000200E0
2.148013165E2,5.917950153E0,7.681050301E0,-4.554000378E0
2.148037602E2,4.462050438E0,8.902050018E0,-5.488050461E0
2.148062038E2,2.961000204E0,9.522000313E0,-3.817050219E0
2.148086472E2,1.756950140E0,9.484050751E0,-1.152000070E0
2.148110908E2,1.807050109E0,9.718050003E0,-1.150500029E-1
2.148135343E2,1.740000129E0,9.499950409E0,3.460500240E-1
2.148159780E2,3.052050114E0,8.421000481E0,-6.919500232E-1
2.148184216E2,4.857000351E0,7.723950386E0,-3.001050234E0
2.148208651E2,4.918950081E0,7.021950245E0,-4.377000332E0
2.148233087E2,3.387000084E0,7.594950199E0,-3.859950066E0
2.148257522E2,2.407950163E0,8.143050194E0,-1.930050135E0
2.148281958E2,2.772000074E0,8.314949989E0,-1.411050081E0
2.148306392E2,3.696000099E0,8.470950127E0,-2.811000109E0
2.148330829E2,3.985950232E0,7.980000496E0,-4.768050194E0
2.148355263E2,4.627050400E0,8.085000038E0,-5.790000439E0
2.148379700E2,4.177050114E0,8.334000587E0,-5.158050060E0
2.148404136E2,2.779050112E0,8.293950081E0,-2.445000172E0
2.148428571E2,1.587000132E0,8.236050606E0,4.410000145E-1
2.148453007E2,1.551000118E0,8.494950294E0,1.797000051E0
2.148477442E2,3.265050173E0,8.571000099E0,1.023000002E0
2.148501879E2,4.548000336E0,8.229000092E0,-1.369950056E0
2.148526312E2,4.477050304E0,8.863950729E0,-3.526950121E0
2.148550749E2,3.540000200E0,9.019050598E0,-5.349000454E0
2.148575186E2,2.371950150E0,9.667950630E0,-5.092950344E0
2.148599620E2,2.443950176E0,9.285000801E0,-3.460050106E0
2.148624056E2,3.250950098E0,8.959050179E0,-2.469000101E0
2.148648491E2,4.897950172E0,8.743950844E0,-3.142050266E0
2.148672927E2,5.817000389E0,9.013950348E0,-4.662000179E0
2.148697362E2,4.753950119E0,9.460050583E0,-4.336950302E0
2.148721799E2,2.728950024E0,9.931050301E0,-3.087000132E0
2.148746235E2,1.783050060E0,1.017300034E1,-1.660050035E0
2.148770669E2,1.684950113E0,1.010400009E1,-8.220000267E-1
2.148795106E2,2.190000057E0,9.313950539E0,-7.860000134E-1
2.148819540E2,3.490050077E0,8.764950752E0,-1.510950089E0
2.148843977E2,4.909950256E0,8.313000679E0,-2.719950199E0
2.148868413E2,4.480950356E0,8.128950119E0,-3.079950094E0
2.148892848E2,2.740950108E0,8.209950447E0,-1.945050120E0
2.148917284E2,2.020050049E0,8.365950584E0,-8.700000495E-2
2.148941719E2,2.347950220E0,8.719950676E0,1.950000077E-1
2.148966155E2,3.760950089E0,8.076000214E0,-1.806000113E0
2.148990590E2,4.540950298E0,7.743000507E0,-4.353000164E0
2.149015026E2,4.519950390E0,7.575000286E0,-5.545950413E0
2.149039460E2,3.840000153E0,8.290950775E0,-4.532999992E0
2.149063896E2,2.793000221E0,8.641050339E0,-2.221950054E0
2.149088333E2,1.575000048E0,8.815950394E0,1.639500111E-1
2.149112768E2,1.321050048E0,8.884950638E0,1.248000026E0
2.149137204E2,2.434050083E0,8.566950798E0,7.000500560E-1
2.149161639E2,4.480950356E0,7.333950520E0,-1.879950047E0
2.149186075E2,5.008050442E0,7.294950485E0,-4.492050171E0
2.149210512E2,3.700950146E0,8.077950478E0,-4.858050346E0
2.149234946E2,3.093000174E0,8.485050201E0,-2.971950054E0
2.149259383E2,3.736950159E0,8.539950371E0,-1.180950046E0
2.149283817E2,3.001950026E0,8.233950615E0,-8.479500413E-1
2.149308253E2,2.566050053E0,8.440050125E0,-1.429950118E0
2.149332688E2,4.732950211E0,8.167050362E0,-3.442950249E0
2.149357124E2,4.635000229E0,8.137949944E0,-5.601000309E0
2.149381559E2,3.484950066E0,8.623950005E0,-5.419050217E0
2.149405995E2,2.266950130E0,8.755949974E0,-3.405000210E0
2.149430432E2,1.852050066E0,8.740950584E0,-6.589500308E-1
2.149454866E2,2.194950104E0,8.689050674E0,3.240000010E-1
2.149479302E2,2.556000233E0,8.218950272E0,-3.195000067E-2
2.149503737E2,3.555000067E0,8.277000427E0,-8.050500154E-1
2.149528174E2,4.096050262E0,8.245950699E0,-2.023950100E0
2.149552610E2,4.231950283E0,7.851000309E0,-2.476050138E0
2.149577044E2,3.568950176E0,7.597050190E0,-2.566950083E0
2.149601481E2,2.712000132E0,7.923000336E0,-1.324950099E0
2.149625915E2,2.860050201E0,8.005949974E0,-4.840500355E-1
2.149650351E2,4.615050316E0,8.035050392E0,-2.116950035E0
2.149674786E2,5.515950203E0,8.128950119E0,-4.759950161E0
2.149699222E2,4.393050194E0,8.623950005E0,-5.503050327E0
2.149723659E2,3.234000206E0,9.649050713E0,-3.982050180E0
2.149748093E2,1.942950130E0,1.005600071E1,-1.269000053E0
2.149772530E2,9.979500771E-1,9.745050430E0,7.304999977E-2
2.149796965E2,1.108050108E0,9.172050476E0,3.150000274E-1
2.149821401E2,2.817000151E0,8.890050888E0,-1.018050075E0
2.149845835E2,5.146950245E0,7.855950356E0,-3.361950159E0
2.149870272E2,4.584000111E0,8.104949951E0,-3.847950220E0
2.149894709E2,3.181050062E0,8.911050797E0,-2.431050062E0
2.149919143E2,3.009000063E0,9.124950409E0,-1.126049995E0
2.149943579E2,3.006000042E0,8.715000153E0,-9.220500588E-1
2.149968014E2,2.959050179E0,8.694000244E0,-7.879500389E-1
2.149992450E2,4.663050175E0,8.157000542E0,-2.095050097E0
2.150016885E2,5.626050472E0,7.911000252E0,-4.437000275E0
2.150041321E2,4.572000027E0,8.536050797E0,-5.151000023E0
2.150065755E2,3.070950031E0,8.622000694E0,-3.865050077E0
2.150090192E2,2.097000122E0,9.169950485E0,-9.679500461E-1
2.150114629E2,1.540950060E0,9.709050179E0,8.010000587E-1
2.150139063E2,2.143949986E0,9.589050293E0,-1.005000062E-2
2.150163499E2,2.815050125E0,9.376049995E0,-1.813050032E0
2.150187934E2,3.913950205E0,8.943000793E0,-3.259050131E0
2.150212370E2,4.041000366E0,8.962050438E0,-4.480050087E0
2.150236807E2,3.157050133E0,8.749050140E0,-4.036950111E0
2.150261242E2,2.022000074E0,8.539950371E0,-1.959000111E0
2.150285678E2,1.989000082E0,8.302950859E0,1.180500090E-1
2.150310113E2,3.544950247E0,8.233950615E0,-3.670500219E-1
2.150334549E2,5.226000309E0,7.662000179E0,-2.707950115E0
2.150358983E2,5.800950050E0,8.020950317E0,-5.151000023E0
2.150383420E2,3.895050287E0,8.847000122E0,-5.122050285E0
2.150407854E2,1.897950053E0,9.535950661E0,-2.851950169E0
2.150432291E2,1.417050123E0,9.445050240E0,-4.360500276E-1
2.150456727E2,1.213050008E0,9.321000099E0,4.390500188E-1
2.150481162E2,1.375950098E0,9.055050850E0,-8.400000632E-2
2.150505598E2,3.267000198E0,8.277000427E0,-1.276950002E0
2.150530032E2,5.002950191E0,8.157000542E0,-3.640050173E0
2.150554468E2,4.150950432E0,8.434950829E0,-4.696050167E0
2.150578905E2,3.196050167E0,9.180000305E0,-3.882000208E0
2.150603340E2,2.359950066E0,9.429000854E0,-1.746000051E0
2.150627776E2,2.298000097E0,9.333000183E0,-6.130500436E-1
2.150652211E2,3.306000233E0,8.485050201E0,-1.621050119E0
2.150676647E2,4.291950226E0,7.840950489E0,-3.697050095E0
2.150701082E2,5.347950459E0,7.410000324E0,-5.196000099E0
2.150725518E2,4.728000164E0,7.513050556E0,-5.443050385E0
2.150749952E2,3.610050201E0,7.888950348E0,-4.705049992E0
2.150774389E2,2.671050072E0,8.890050888E0,-2.215050220E0
2.150798826E2,2.032050133E0,9.181950569E0,3.100500107E-1
2.150823260E2,2.527950048E0,9.199050903E0,8.170500398E-1
2.150847696E2,3.655050278E0,8.880000114E0,-2.539499998E-1
2.150872131E2,3.916050196E0,9.093000412E0,-2.971950054E0
2.150896567E2,3.652950287E0,9.115050316E0,-4.413000107E0
2.150921004E2,3.253050089E0,8.344050407E0,-4.597949982E0
2.150945439E2,2.583000183E0,7.951050282E0,-2.838000059E0
2.150969875E2,1.998000145E0,7.755000591E0,-1.075950027E0
2.150994309E2,2.116050005E0,7.369950294E0,-5.269500017E-1
2.151018745E2,3.418050051E0,7.273950577E0,-1.834950089E0
2.151043180E2,5.155950069E0,7.213950157E0,-4.344000340E0
2.151067616E2,4.855050087E0,8.071050644E0,-5.320950031E0
2.151092053E2,3.198000193E0,9.139050484E0,-3.742950201E0
2.151116488E2,2.548950195E0,9.649050713E0,-1.333950043E0
2.151140924E2,2.101050138E0,9.658050537E0,-1.800000072E-1
2.151165359E2,1.299000025E0,9.472050667E0,-2.950500250E-1
2.151189795E2,2.602050066E0,8.494950294E0,-5.100000501E-1
2.151214229E2,4.021950245E0,7.645050526E0,-1.831950068E0
2.151238665E2,4.594050407E0,7.258950233E0,-3.244950056E0
2.151263100E2,4.024050236E0,7.798050404E0,-3.733050108E0
2.151287537E2,3.346050262E0,8.167050362E0,-3.316950083E0
2.151311973E2,2.683050156E0,9.013950348E0,-2.103000164E0
2.151336408E2,2.413050175E0,9.238950729E0,-1.723950028E0
2.151360844E2,2.760000229E0,9.247050285E0,-1.987950087E0
2.151385279E2,3.061050177E0,9.213000298E0,-2.457000017E0
2.151409715E2,3.508950233E0,8.971050262E0,-3.063000202E0
2.151434149E2,3.628950119E0,9.223050117E0,-2.922000170E0
2.151458585E2,2.535000086E0,9.261000633E0,-2.469000101E0
2.151483022E2,1.620000124E0,9.168000221E0,-1.237950087E0
2.151507457E2,1.666050076E0,8.808000565E0,-1.660500020E-1
2.151531893E2,2.568000078E0,8.392050743E0,-1.630500108E-1
2.151556328E2,4.299000263E0,8.847000122E0,-1.281000018E0
2.151580764E2,5.358000278E0,9.193950653E0,-2.749050140E0
2.151605201E2,4.275000095E0,8.902050018E0,-2.931000233E0
2.151629636E2,3.112050056E0,9.169950485E0,-2.265000105E0
2.151654072E2,2.905950069E0,9.382950783E0,-2.317950010E0
2.151678506E2,3.061050177E0,9.726000786E0,-3.369000196E0
2.151702942E2,2.937000036E0,9.510000229E0,-3.982050180E0
2.151727379E2,3.388950109E0,9.508050919E0,-3.937050104E0
2.151751813E2,3.981000185E0,9.462000847E0,-3.685050249E0
2.151776250E2,3.004050255E0,9.811950684E0,-2.194050074E0
2.151800685E2,1.582050085E0,9.751950264E0,-5.920500159E-1
2.151825121E2,7.699500322E-1,9.823950768E0,7.140000463E-1
2.151849555E2,2.080049992E0,9.433050156E0,4.890000224E-1
2.151873992E2,3.708000183E0,8.409000397E0,-1.698000073E0
2.151898426E2,4.407000065E0,8.229000092E0,-3.139050245E0
2.151922862E2,4.381050110E0,8.574000359E0,-3.697050095E0
2.151947297E2,3.768000126E0,9.409049988E0,-3.160950184E0
2.151971734E2,4.351950169E0,9.816000938E0,-2.950050116E0
2.151996170E2,3.022950172E0,9.598950386E0,-2.068950176E0
2.152020605E2,1.848000050E0,9.349950790E0,-1.116000056E0
2.152045041E2,2.631000042E0,8.329950333E0,-1.648050070E0
2.152069475E2,4.548000336E0,7.618950367E0,-4.485000134E0
2.152093911E2,4.195950031E0,7.137000561E0,-6.046050072E0
2.152118348E2,2.800950050E0,7.276050568E0,-4.152000427E0
2.152142782E2,2.194950104E0,7.719000340E0,-1.839000106E0
2.152167219E2,2.530050039E0,8.239050865E0,4.395000264E-2
2.152191654E2,2.841000080E0,8.725049973E0,6.949500442E-1
2.152216090E2,2.707050085E0,8.524050713E0,9.990000725E-1
2.152240525E2,2.250000000E0,9.192000389E0,1.188000083E0
2.152264961E2,3.054000139E0,8.851950645E0,-3.910500109E-1
2.152289395E2,4.021950245E0,7.876950264E0,-3.124950171E0
2.152313832E2,3.655050278E0,7.153950214E0,-5.064000130E0
2.152338268E2,2.302050114E0,6.796950340E0,-3.697050095E0
2.152362703E2,2.128050089E0,6.654000282E0,-1.993050098E0
2.152387139E2,3.495000124E0,6.958050251E0,-1.534950018E0
2.152411574E2,3.400950193E0,7.309950352E0,-2.644050121E0
2.152436011E2,2.532000065E0,8.160000801E0,-3.118050098E0
2.152460445E2,2.914950132E0,8.171999931E0,-2.899950027E0
2.152484882E2,2.644950151E0,8.380050659E0,-3.193950176E0
2.152509318E2,2.213999987E0,8.454000473E0,-3.060000181E0
2.152533752E2,1.314000010E0,8.559000015E0,-1.887000084E0
2.152558189E2,7.750500441E-1,7.870050430E0,2.599500120E-1
2.152582623E2,2.259000063E0,6.931050301E0,1.095000029E0
2.152607059E2,4.861950397E0,6.615000248E0,-4.290000200E-1
2.152631494E2,4.429050446E0,6.735000134E0,-1.945050120E0
2.152655931E2,2.956050158E0,7.771950245E0,-1.417950034E0
2.152680367E2,3.187950134E0,8.080950737E0,-1.626000047E0
2.152704802E2,3.552000284E0,8.500050545E0,-2.775000095E0
2.152729238E2,2.839050055E0,8.835000038E0,-4.261950016E0
2.152753672E2,2.104050159E0,9.160050392E0,-3.345000267E0
2.152778110E2,2.350050211E0,8.902050018E0,-2.416050196E0
2.152802544E2,3.772950172E0,9.330000877E0,-2.239050150E0
2.152826980E2,4.180050373E0,1.000800037E1,-1.861050129E0
2.152851414E2,2.982000113E0,1.075005054E1,-8.100000620E-1
2.152875851E2,2.382000208E0,1.134405041E1,-3.139500022E-1
2.152900288E2,3.118950129E0,1.200495052E1,-1.324950099E0
2.152924722E2,3.904050112E0,1.196205044E1,-3.958050251E0
2.152949158E2,2.532000065E0,1.227300072E1,-3.907950163E0
2.152973593E2,1.824000120E0,1.315200043E1,-1.450950027E0
2.152998029E2,2.295000076E0,1.368795109E1,-2.040000111E-1
2.153022466E2,3.066000223E0,1.431795025E1,7.890000343E-1
2.153046901E2,3.006000042E0,1.288605022E1,3.840000033E-1
2.153071337E2,2.346000195E0,1.127205086E1,6.000000052E-3
2.153095772E2,1.933950067E0,1.181295013E1,-4.150500298E-1
2.153120208E2,3.373050213E0,1.190400028E1,-2.835000038E0
2.153144645E2,4.429050446E0,1.252395058E1,-5.313000202E0
2.153169079E2,5.404950142E0,1.362300110E1,-5.593950272E0
2.153193516E2,4.867050171E0,1.533105087E1,-3.385950089E0
2.153217950E2,4.636950016E0,1.612500000E1,-1.188000083E0
2.153242387E2,3.049950123E0,1.636995125E1,-4.213950157E0
2.153266821E2,1.768950105E0,1.554795074E1,1.111950040E0
2.153291257E2,1.408950090E0,1.357605076E1,1.741950035E0
2.153315692E2,3.390000165E-1,1.220100021E1,-1.150500029E-1
2.153340128E2,-4.950000439E-3,1.096605015E1,3.739500046E-1
2.153364565E2,1.117050052E0,1.065405083E1,8.530500531E-1
2.153389000E2,2.547000170E0,1.241895103E1,3.169500232E-1
2.153413436E2,3.211950064E0,1.326195049E1,-7.200000435E-2
2.153437871E2,3.258000135E0,1.323105049E1,-1.143000007E0
2.153462307E2,3.259950161E0,1.417605114E1,-4.699500203E-1
2.153486744E2,4.612950325E0,1.467195034E1,-2.209500074E-1
2.153511177E2,4.078950405E0,1.465305042E1,-4.054049969E0
2.153535614E2,3.492000103E0,1.409505081E1,-3.793050289E0
2.153560049E2,3.253050089E0,1.442805099E1,-3.190050125E0
2.153584485E2,3.612000227E0,1.470105076E1,-1.590000033E0
2.153608920E2,3.745950222E0,1.457595062E1,-1.416000009E0
2.153633356E2,3.528000116E0,1.408800030E1,-1.399050117E0
2.153657791E2,2.628000021E0,1.434900093E1,-1.264950037E0
2.153682227E2,2.317050219E0,1.420995045E1,-1.557000041E0
2.153706664E2,2.415000200E0,1.396605110E1,-1.851000071E0
2.153731098E2,2.413050175E0,1.239495087E1,-1.783950090E0
2.153755535E2,2.061000109E0,1.124595070E1,-1.008000016E0
2.153779969E2,2.425050020E0,1.081305027E1,-3.259500265E-1
2.153804405E2,3.777000189E0,1.032195091E1,-6.730500460E-1
2.153828842E2,5.326050282E0,1.008495045E1,-2.209950209E0
2.153853277E2,5.731050491E0,9.895050049E0,-3.718950272E0
2.153877713E2,5.644950390E0,9.723000526E0,-4.762950420E0
2.153902148E2,5.206950188E0,9.994050026E0,-5.458950043E0
2.153926584E2,3.993000269E0,1.054200077E1,-5.175000191E0
2.153951018E2,2.937000036E0,1.035795021E1,-3.621000290E0
2.153975455E2,2.391000032E0,9.759000778E0,-1.273950100E0
2.153999889E2,2.398050070E0,8.695950508E0,-4.150500298E-1
2.154024325E2,3.934950113E0,7.494000435E0,-1.012950063E0
2.154048762E2,5.772000313E0,6.463950157E0,-2.590950012E0
2.154073197E2,4.678050041E0,6.712950230E0,-4.477950096E0
2.154097633E2,3.334050179E0,7.482000351E0,-4.317000389E0
2.154122068E2,3.604950190E0,7.543950558E0,-4.360050201E0
2.154146504E2,3.163950205E0,7.422000408E0,-4.171050072E0
2.154170938E2,2.407950163E0,7.483950138E0,-3.043950081E0
2.154195375E2,2.334000111E0,7.261950493E0,-1.914000034E0
2.154219811E2,3.289050102E0,7.354950428E0,-1.192950010E0
2.154244246E2,3.756000280E0,6.976950169E0,-1.996950150E0
2.154268682E2,3.294000149E0,7.678050518E0,-2.111999989E0
2.154293117E2,2.785950184E0,8.193000793E0,-2.176950216E0
2.154317553E2,2.809950113E0,8.313000679E0,-2.311050177E0
2.154341988E2,2.614050150E0,8.326950073E0,-2.644050121E0
2.154366424E2,2.278950214E0,7.993950367E0,-2.188950062E0
2.154390858E2,2.282999992E0,7.800000191E0,-1.356000066E0
2.154415295E2,2.341050148E0,6.859950542E0,-1.552050114E0
2.154439731E2,2.631000042E0,5.872950077E0,-1.782000065E0
2.154464166E2,2.797950029E0,5.301000118E0,-2.500050068E0
2.154488602E2,2.227950096E0,5.241000175E0,-1.827000141E0
2.154513039E2,1.527000070E0,5.494950294E0,-1.201950073E0
2.154537474E2,2.251950026E0,5.479950428E0,-1.765050054E0
2.154561910E2,3.667050123E0,6.048000336E0,-2.842050076E0
2.154586344E2,4.311000347E0,6.904950142E0,-4.417950153E0
2.154610780E2,3.799050093E0,7.183050156E0,-4.926000118E0
2.154635215E2,2.800950050E0,7.081950188E0,-3.714000225E0
2.154659651E2,1.275000095E0,7.147050381E0,-2.710950136E0
2.154684086E2,1.261050105E0,6.903000355E0,1.120950103E0
2.154708522E2,2.286000013E0,5.253000259E0,-1.348050117E0
2.154732956E2,3.325050116E0,4.810050011E0,-7.590000629E-1
2.154757393E2,5.379000187E0,4.450950146E0,-2.775000095E0
2.154781830E2,5.050950050E0,4.719000340E0,-4.942050457E0
2.154806264E2,2.857950211E0,5.233950138E0,-4.501950264E0
2.154830700E2,1.960050106E0,6.096000195E0,-2.503050089E0
2.154855135E2,1.558050036E0,6.250950336E0,-1.669050097E0
2.154879572E2,1.323000073E0,5.977950096E0,-9.460500479E-1
2.154904008E2,2.547000170E0,6.153000355E0,-6.330000162E-1
2.154928442E2,4.728000164E0,5.467950344E0,-2.074050188E0
2.154952878E2,4.539000034E0,6.217950344E0,-2.650950193E0
2.154977313E2,2.595000029E0,6.832950115E0,-2.215050220E0
2.155001749E2,2.061000109E0,7.639950275E0,-7.380000353E-1
2.155026184E2,1.998000145E0,8.569050789E0,-2.059500068E-1
2.155050620E2,1.464000106E0,8.824950218E0,-1.720050097E0
2.155075054E2,4.039500058E-1,8.653050423E0,-2.232000113E0
2.155099491E2,1.810500026E-1,8.061000824E0,-1.114050031E0
2.155123927E2,9.859500527E-1,6.871950150E0,-8.050500154E-1
2.155148362E2,2.104050159E0,6.180000305E0,-1.063950062E0
2.155172798E2,3.226950169E0,5.595000267E0,-1.252950072E0
2.155197233E2,3.454050064E0,5.368050098E0,-1.281000018E0
2.155221669E2,2.425050020E0,5.173950195E0,-3.570000231E-1
2.155246106E2,1.666050076E0,5.149950027E0,1.759500057E-1
2.155270540E2,2.583000183E0,5.859000206E0,-5.800500512E-1
2.155294977E2,3.586050272E0,6.907050133E0,-2.503050089E0
2.155319411E2,3.921000242E0,7.264050484E0,-4.201950073E0
2.155343847E2,2.959050179E0,8.208000183E0,-4.540050030E0
2.155368282E2,1.953000069E0,8.397000313E0,-3.003000259E0
2.155392718E2,1.000050068E0,8.266950607E0,-8.340000510E-1
2.155417153E2,6.720000505E-1,8.039999962E0,7.240500450E-1
2.155441590E2,1.282950044E0,6.924000263E0,1.428000093E0
2.155466026E2,2.431950092E0,6.055050373E0,4.530000091E-1
2.155490460E2,4.311000347E0,5.458950043E0,-1.212000012E0
2.155514896E2,4.836000443E0,5.296050072E0,-2.722950220E0
2.155539331E2,3.507000208E0,5.839950085E0,-3.313950062E0
2.155563767E2,2.166000128E0,6.883050442E0,-1.401000023E0
2.155588204E2,2.950950146E0,6.484050274E0,-6.970500350E-1
2.155612639E2,3.139950037E0,6.499950409E0,-1.516050100E0
2.155637075E2,2.310000181E0,6.328050137E0,-2.683950186E0
2.155661509E2,3.040050030E0,5.950050354E0,-3.913050175E0
2.155685945E2,3.946950197E0,5.518950462E0,-4.345950127E0
2.155710382E2,4.216050148E0,4.767000198E0,-4.483050346E0
2.155734816E2,2.899050236E0,6.085950375E0,-2.758950233E0
2.155759253E2,2.548950195E0,6.433050156E0,-5.595000088E-2
2.155783687E2,2.638050079E0,6.225000381E0,-9.150000215E-1
2.155808124E2,2.712000132E0,7.111050129E0,-1.099050045E0
2.155832558E2,3.327000141E0,7.039050102E0,-2.713050127E0
2.155856995E2,3.664950132E0,7.105950356E0,-4.570950031E0
2.155881429E2,2.887050152E0,6.874050140E0,-4.933050156E0
2.155905865E2,2.608950138E0,5.992950439E0,-3.574950218E0
2.155930302E2,2.488950014E0,4.906050205E0,-1.924950123E0
2.155954737E2,1.543950081E0,4.477050304E0,-3.840000033E-1
2.155979173E2,2.707050085E0,3.591000080E0,3.460500240E-1
2.156003608E2,4.122000217E0,3.157950163E0,-2.172000170E0
2.156028044E2,5.077050209E0,3.682050228E0,-2.092950106E0
2.156052478E2,5.173050404E0,3.780000210E0,-3.726000071E0
2.156076915E2,4.254000187E0,5.437050343E0,-5.491050243E0
2.156101349E2,3.349050045E0,6.309000492E0,-5.107050419E0
2.156125785E2,1.836000085E0,7.039050102E0,-4.702950001E0
2.156150222E2,1.441050053E0,6.333000183E0,-3.565950155E0
2.156174657E2,1.780950069E0,5.815950394E0,-2.998050213E0
2.156199093E2,2.827050209E0,4.887000084E0,-2.653050184E0
2.156223528E2,3.910950184E0,3.802050114E0,-2.416050196E0
2.156247964E2,4.783050060E0,3.057000160E0,-2.518950224E0
2.156272401E2,5.029950142E0,2.998050213E0,-3.154050112E0
2.156296836E2,4.897950172E0,4.603950024E0,-4.078050137E0
2.156321272E2,3.696000099E0,5.230950356E0,-4.357950211E0
2.156345706E2,2.227950096E0,5.848950386E0,-4.135050297E0
2.156370142E2,2.281050205E0,5.503950119E0,-3.196950197E0
2.156394577E2,3.430050135E0,4.756950378E0,-2.541000128E0
2.156419014E2,5.074950218E0,4.681050301E0,-1.846050143E0
2.156443448E2,5.166000366E0,4.384050369E0,-3.606000185E0
2.156467885E2,4.515000343E0,5.193000317E0,-4.581000328E0
2.156492321E2,4.222949982E0,5.832000256E0,-4.186050415E0
2.156516755E2,3.793950081E0,6.261000156E0,-2.943000078E0
2.156541192E2,2.829000235E0,6.948000431E0,-1.120950103E0
2.156565626E2,2.274000168E0,7.860000610E0,2.359500080E-1
2.156590062E2,2.334000111E0,8.370000839E0,5.100000277E-2
2.156614497E2,3.078000069E0,8.026050568E0,-2.653050184E0
2.156638934E2,3.952050209E0,7.591950417E0,-4.971000195E0
2.156663370E2,3.612000227E0,7.297950268E0,-6.096000195E0
2.156687804E2,2.608950138E0,6.820950508E0,-4.698000431E0
2.156712241E2,9.400500655E-1,6.904950142E0,-2.265000105E0
2.156736675E2,1.551000118E0,6.168000221E0,-9.889500737E-1
2.156761111E2,4.668000221E0,6.273000240E0,-2.100000143E0
2.156785546E2,6.964050293E0,6.955050468E0,-3.907950163E0
2.156809982E2,6.354000092E0,7.219050407E0,-5.280000210E0
2.156834417E2,5.178000450E0,8.344050407E0,-4.789050102E0
2.156858854E2,3.888000250E0,9.610950470E0,-4.063950062E0
2.156883290E2,2.310000181E0,9.529050827E0,-2.847000122E0
2.156907724E2,1.318050027E0,9.292050362E0,-1.723950028E0
2.156932160E2,1.144050002E0,8.682000160E0,-1.255050063E0
2.156956595E2,2.455950022E0,7.384050369E0,-1.474950075E0
2.156981031E2,4.137000084E0,5.776950359E0,-2.674950123E0
2.157005468E2,5.173050404E0,5.710050106E0,-2.821050167E0
2.157029903E2,4.800000191E0,6.172050476E0,-2.479050159E0
2.157054339E2,4.287000179E0,6.961950302E0,-2.401950121E0
2.157078774E2,3.544950247E0,7.695000172E0,-3.451050282E0
2.157103210E2,2.389050007E0,8.251049995E0,-3.561000109E0
2.157127647E2,2.475000143E0,7.707000256E0,-3.388050079E0
2.157152081E2,3.610050201E0,7.353000164E0,-3.178050041E0
2.157176517E2,4.744950294E0,7.147050381E0,-3.316950083E0
2.157200952E2,5.407950401E0,7.549050331E0,-3.268950224E0
2.157225388E2,5.367000103E0,7.803000450E0,-3.613050222E0
2.157249823E2,4.327950001E0,8.643000603E0,-3.469950199E0
2.157274259E2,3.523950100E0,9.298950195E0,-2.782950163E0
2.157298694E2,2.779050112E0,9.358950615E0,-2.725050211E0
2.157323130E2,2.190000057E0,9.505050659E0,-2.521950006E0
2.157347567E2,2.599050045E0,9.225000381E0,-2.968950033E0
2.157372001E2,4.225049973E0,8.049000740E0,-4.231050014E0
2.157396437E2,5.121000290E0,6.745050430E0,-5.581950188E0
2.157420872E2,4.407000065E0,6.273000240E0,-4.573950291E0
2.157445308E2,3.142950058E0,6.169950485E0,-2.146050215E0
2.157469743E2,3.090000153E0,6.364050388E0,-9.319500327E-1
2.157494179E2,4.849950314E0,6.880950451E0,-1.132950068E0
2.157518614E2,6.478050232E0,7.630050182E0,-3.610950232E0
2.157543051E2,6.744000435E0,8.136000633E0,-6.321000099E0
2.157567487E2,5.496000290E0,8.842050552E0,-7.513950348E0
2.157591922E2,3.612000227E0,9.702000618E0,-5.761050224E0
2.157616358E2,1.867050052E0,9.807000160E0,-2.344050169E0
2.157640792E2,9.660000205E-1,8.641050339E0,1.879500151E-1
2.157665228E2,2.001000166E0,7.686000347E0,5.970000029E-1
2.157689663E2,4.909950256E0,6.132000446E0,-2.151000023E0
2.157714100E2,7.417050362E0,4.657050133E0,-5.380050182E0
2.157738536E2,6.753000259E0,5.064000130E0,-5.871000290E0
2.157762971E2,5.176050186E0,6.277950287E0,-5.521950245E0
2.157787407E2,4.507950306E0,7.012950420E0,-4.465950012E0
2.157811844E2,3.411000252E0,7.293000221E0,-4.798950195E0
2.157836279E2,2.844000101E0,7.252050400E0,-5.227050304E0
2.157860715E2,3.220050097E0,7.060950279E0,-3.988950253E0
2.157885149E2,5.077050209E0,6.526950359E0,-4.819500148E-1
2.157909586E2,4.693950176E0,7.687950134E0,1.663050056E0
2.157934020E2,4.402050018E0,8.251049995E0,2.568000078E0
2.157958456E2,3.058950186E0,9.108000755E0,3.640050173E0
2.157982891E2,1.594050050E0,1.184700012E1,1.332000017E0
2.158007327E2,5.061000347E0,1.412595081E1,-2.299500108E-1
2.158031762E2,6.961950302E0,1.434405041E1,-7.966050148E0
2.158056199E2,6.421050072E0,1.506495094E1,-1.087800026E1
2.158080635E2,4.435950279E0,1.494705105E1,-9.550950050E0
2.158105069E2,2.032050133E0,1.460295105E1,-4.404000282E0
2.158129505E2,1.696950078E0,1.301805019E1,1.903950095E0
2.158153940E2,1.963050127E0,1.094205093E1,1.579050064E0
2.158178376E2,1.812000036E0,9.181950569E0,-4.150500298E-1
2.158202813E2,1.072050095E0,9.160050392E0,-1.440000087E-1
2.158227248E2,5.145000458E0,9.912000656E0,5.010000467E-1
2.158251684E2,8.568000793E0,1.024305058E1,-5.811000347E0
2.158276119E2,7.467000484E0,1.224000072E1,-6.739950180E0
2.158300555E2,5.944050312E0,1.387995052E1,-6.274050236E0
2.158324989E2,5.050950050E0,1.387995052E1,-2.014050007E0
2.158349425E2,2.856000185E0,1.393905067E1,-3.619500101E-1
2.158373860E2,-3.810000122E-1,1.359495068E1,3.183000088E0
2.158398297E2,-3.108000040E0,9.229950905E0,3.445950270E0
2.158422733E2,-1.563000083E0,6.385050297E0,2.556000233E0
2.158447168E2,4.936050415E0,5.308050156E0,-4.854000092E0
2.158471604E2,1.135500050E1,4.731000423E0,-1.111005020E1
2.158496039E2,7.942950249E0,8.029950142E0,-1.102395058E1
2.158520476E2,2.869950056E0,9.643950462E0,-5.890050411E0
2.158544912E2,2.451000214E0,1.109700012E1,-7.759500146E-1
2.158569346E2,3.727050066E0,1.367595100E1,8.680500388E-1
2.158593783E2,5.085000038E0,1.616400146E1,4.609500170E-1
2.158618217E2,6.423000336E0,1.730294991E1,-1.087050080E0
2.158642653E2,7.078950405E0,1.660695076E1,-3.951000214E0
2.158667088E2,7.207950115E0,1.794300079E1,-7.818000317E0
2.158691524E2,6.141000271E0,1.791900063E1,-8.461950302E0
2.158715959E2,2.656950235E0,1.680300140E1,-3.409950256E0
2.158740396E2,5.119500160E-1,1.442505074E1,3.346050262E0
2.158764832E2,2.820000052E-1,1.185405064E1,7.930500507E-1
2.158789267E2,3.199500144E-1,1.312095070E1,-1.629000068E0
2.158813703E2,6.979500055E-1,1.152600098E1,1.308000088E0
2.158838137E2,2.761950016E0,1.089900017E1,-4.579500258E-1
2.158862574E2,5.166000366E0,1.213200092E1,-6.421950340E0
2.158887008E2,6.841950417E0,1.442805099E1,-6.634950161E0
2.158911445E2,5.812950134E0,1.437795067E1,-5.533950329E0
2.158935881E2,4.495950222E0,1.386795044E1,-2.775000095E0
2.158960316E2,3.928050280E0,1.342905045E1,-2.565000057E0
2.158984752E2,1.780950069E0,1.071705055E1,-3.027000189E0
2.159009187E2,2.868000031E0,5.794050217E0,-3.277950048E0
2.159033623E2,5.427000046E0,6.550950527E0,-5.617050171E0
2.159058057E2,6.411000252E0,4.290000439E0,-8.281949997E0
2.159082493E2,4.732950211E0,4.519950390E0,-2.086050034E0
2.159106928E2,3.841950178E0,7.192050457E0,1.708050132E0
2.159131365E2,4.917000294E0,8.341950417E0,4.180500209E-1
2.159155801E2,6.118950367E0,9.295050621E0,-1.971000075E0
2.159180236E2,5.788950443E0,9.727950096E0,-5.079000473E0
2.159204672E2,5.017950058E0,1.145895100E1,-7.516050339E0
2.159229109E2,4.213050365E0,1.141800022E1,-8.527050018E0
2.159253543E2,3.448950052E0,1.036995029E1,-7.213950157E0
2.159277980E2,9.259500504E-1,9.466950417E0,-3.082050085E0
2.159302414E2,-4.620000124E-1,6.852000237E0,2.617950201E0
2.159326850E2,4.999500215E-1,4.711950302E0,3.388950109E0
2.159351285E2,3.298950195E0,4.522950172E0,9.750000238E-1
2.159375722E2,4.134000301E0,5.196000099E0,2.128950119E0
2.159400156E2,5.134950161E0,6.235050201E0,2.158050060E0
2.159424592E2,7.255950451E0,8.041950226E0,-1.843950033E0
2.159449026E2,7.474050522E0,8.548050880E0,-4.923000336E0
2.159473463E2,5.905950069E0,1.087005043E1,-8.440050125E0
2.159497899E2,4.323000431E0,1.157100010E1,-8.965050697E0
2.159522334E2,4.194000244E0,9.826050758E0,-7.525950432E0
2.159546770E2,5.197050095E0,7.384050369E0,-5.878050327E0
2.159571205E2,8.110950470E0,4.795950413E0,-6.793050289E0
2.159595642E2,8.731050491E0,3.879000187E0,-8.083950043E0
2.159620078E2,6.211950302E0,3.546000242E0,-5.158050060E0
2.159644513E2,6.198000431E0,4.884000301E0,-1.144950032E0
2.159668949E2,8.455950737E0,5.751000404E0,-2.131050110E0
2.159693383E2,7.306950569E0,7.578000546E0,-5.287050247E0
2.159717819E2,5.712000370E0,9.988950729E0,-4.059000015E0
2.159742254E2,5.880000114E0,1.029495049E1,-5.791950226E0
2.159766690E2,6.358050346E0,1.167000103E1,-7.252950191E0
2.159791127E2,6.325050354E0,1.141095066E1,-8.419050217E0
2.159815562E2,3.478050232E0,1.011300087E1,-8.527050018E0
2.159839998E2,1.287000060E0,8.908950806E0,-2.433000088E0
2.159864432E2,1.207950115E0,8.530950546E0,3.295050144E0
2.159888869E2,2.845950127E0,8.017950058E0,3.714000225E0
2.159913303E2,5.985000134E0,8.052000046E0,-3.120000064E-1
2.159937740E2,5.065050125E0,8.224050522E0,-2.359050035E0
2.159962176E2,4.189050198E0,9.570000648E0,-3.502950191E0
2.159986611E2,3.442050219E0,1.111395073E1,-3.964950085E0
2.160011047E2,3.327000141E0,1.364505100E1,-3.937050104E0
2.160035481E2,3.811050177E0,1.401405048E1,-3.795000076E0
2.160059918E2,2.986950159E0,1.383600044E1,-2.752050161E0
2.160084355E2,3.042000055E0,1.228305054E1,-2.422950029E0
2.160108788E2,3.703050137E0,1.044600010E1,-4.030050278E0
2.160133223E2,1.929000139E0,9.757050514E0,-3.811950207E0
2.160157660E2,1.030950069E0,1.017105007E1,-9.409500360E-1
2.160182096E2,1.476000071E0,1.094205093E1,-1.699500084E-1
2.160206531E2,2.695050240E0,1.156200027E1,-2.998050213E0
2.160230967E2,2.695050240E0,1.080795097E1,-3.475050211E0
2.160255402E2,2.571000099E0,9.904950142E0,-1.755000114E0
2.160279838E2,4.234950066E0,1.191405010E1,-2.464050055E0
2.160304275E2,5.251950264E0,1.228995037E1,-4.681050301E0
2.160328709E2,1.498050094E0,1.074300098E1,-4.171050072E0
2.160353145E2,1.000500023E-1,8.824950218E0,-1.699500084E-1
2.160377580E2,5.590500236E-1,8.746050835E0,1.540050030E0
2.160402016E2,1.438050032E0,9.946050644E0,9.559500217E-1
2.160426451E2,3.066000223E0,7.884000301E0,-1.959000111E0
2.160450887E2,4.081050396E0,7.812000275E0,-3.706950188E0
2.160475324E2,3.744000196E0,8.290950775E0,-2.347050190E0
2.160499758E2,2.812050104E0,9.346950531E0,-1.321950078E0
2.160524195E2,2.881950140E0,1.004205036E1,-6.280500293E-1
2.160548629E2,3.255000114E0,1.006500053E1,-1.468050122E0
2.160573065E2,3.097050190E0,9.807000160E0,-2.340000153E0
2.160597500E2,4.498050213E0,8.923050880E0,-3.766950130E0
2.160621936E2,4.120050430E0,5.992950439E0,-5.782950401E0
2.160646373E2,2.688000202E0,6.510000229E0,-2.974050045E0
2.160670808E2,3.100050211E0,8.188050270E0,-1.800000072E-1
2.160695244E2,6.004050255E0,8.097000122E0,-6.300000548E-1
2.160719678E2,6.775050163E0,7.369950294E0,-2.299050093E0
2.160744114E2,5.662050247E0,8.875950813E0,-2.431050062E0
2.160768549E2,5.025000095E0,9.955050468E0,-3.469950199E0
2.160792986E2,5.335950375E0,1.086300087E1,-5.175000191E0
2.160817422E2,3.394050121E0,9.862050056E0,-6.111000061E0
2.160841856E2,1.639500111E-1,7.846050262E0,-2.206050158E0
2.160866293E2,-1.288050056E0,6.589050293E0,3.745950222E0
2.160890728E2,-1.138950109E0,6.900000095E0,3.319050074E0
2.160915164E2,2.559000015E0,5.713050365E0,1.177050114E0
2.160939598E2,3.781950235E0,6.517050266E0,2.620050192E0
2.160964034E2,3.126000166E0,6.712950230E0,8.205000311E-2
2.160988469E2,2.215950012E0,8.899050713E0,-1.729500145E-1
2.161012906E2,1.777950048E0,1.139700031E1,-4.630500078E-1
2.161037342E2,1.845000029E0,1.180395031E1,-7.360500097E-1
2.161061777E2,2.935050249E0,1.166700077E1,-4.699500203E-1
2.161086213E2,4.225049973E0,1.000095081E1,-4.132950306E0
2.161110648E2,4.012050152E0,6.181950092E0,-4.425000191E0
2.161135084E2,4.453050137E0,4.984950066E0,-5.895000458E0
2.161159518E2,5.404950142E0,6.112950325E0,-5.674950123E0
2.161183955E2,6.373050213E0,5.716950417E0,-5.320950031E0
2.161208391E2,4.996050358E0,6.486000538E0,-5.287050247E0
2.161232826E2,3.765000105E0,6.373050213E0,-2.662950039E0
2.161257262E2,4.297049999E0,7.783950329E0,-8.700000495E-2
2.161281697E2,5.155950069E0,9.055050850E0,-1.135050058E0
2.161306133E2,2.944050074E0,9.613050461E0,-1.669050097E0
2.161330570E2,-1.453050017E0,8.703000069E0,1.792050123E0
2.161355005E2,-3.085950136E0,5.449050426E0,4.591050148E0
2.161379441E2,-3.084000111E0,5.947050095E0,2.029050112E0
2.161403875E2,1.905000091E0,4.615950108E0,2.761950016E0
2.161428312E2,5.446050167E0,4.518000126E0,-4.255050182E0
2.161452746E2,4.354050159E0,4.328999996E0,-7.831950188E0
2.161477183E2,2.094000101E0,6.862050533E0,-5.160000324E0
2.161501619E2,3.484950066E0,7.321950436E0,-3.606000185E0
2.161526054E2,4.603050232E0,7.510950565E0,-3.373950243E0
2.161550488E2,5.638050079E0,8.065950394E0,-4.264950275E0
2.161574925E2,4.551000118E0,6.292050362E0,-8.122050285E0
2.161599361E2,1.170000076E0,4.980000019E0,-7.815000534E0
2.161623795E2,3.495000124E0,3.318000078E0,-5.254050255E0
2.161648232E2,6.877950191E0,3.414000273E0,-4.404000282E0
2.161672666E2,6.571950436E0,4.563000202E0,-5.770950317E0
2.161697103E2,3.085050106E0,5.047050476E0,-3.586950064E0
2.161721539E2,3.697950125E0,4.957950115E0,-7.930500507E-1
2.161745974E2,5.326050282E0,5.350950241E0,-1.806000113E0
2.161770410E2,1.795050144E0,8.871000290E0,-3.264000177E0
2.161794845E2,-1.587000132E0,7.888950348E0,-2.638950109E0
2.161819282E2,-2.530950069E0,6.040950298E0,1.828050137E0
2.161843716E2,-5.119500160E-1,5.842050076E0,3.970950127E0
2.161868152E2,3.967050076E0,5.478000164E0,-1.180950046E0
2.161892589E2,5.002950191E0,6.454950333E0,-5.341950417E0
2.161917023E2,3.922950268E0,5.995050430E0,-4.638000011E0
2.161941459E2,1.474050045E0,7.231050491E0,-2.344050169E0
2.161965894E2,1.435950041E0,8.545050621E0,-1.911000133E0
2.161990330E2,4.984050274E0,7.516050339E0,-5.698950291E0
2.162014765E2,5.881950378E0,7.243050575E0,-7.734000206E0
2.162039202E2,5.716950417E0,6.711000443E0,-1.030800056E1
2.162063638E2,1.813950062E0,4.258950233E0,-9.072000504E0
2.162088073E2,2.539950132E0,3.498000145E0,-5.586000443E0
2.162112509E2,6.202950478E0,3.108000040E0,-4.626000404E0
2.162136943E2,6.949950218E0,5.671950340E0,-4.621050358E0
2.162161380E2,4.981950283E0,5.791950226E0,-3.609000206E0
2.162185816E2,3.676950216E0,6.886050224E0,4.849500358E-1
2.162210251E2,4.986000061E0,7.960950375E0,1.590000093E-1
2.162234687E2,3.555000067E0,8.524050713E0,-3.151050091E0
2.162259122E2,-2.130000144E-1,8.683950424E0,-4.617000103E0
2.162283558E2,-1.228050113E0,6.574950218E0,-2.694000244E0
2.162307993E2,-3.880500197E-1,5.583000183E0,7.219500542E-1
2.162332429E2,3.361050129E0,5.203050137E0,1.396950126E0
2.162356863E2,5.568000317E0,4.365000248E0,-1.906050086E0
2.162381300E2,4.654050350E0,4.884000301E0,-2.148000002E0
2.162405736E2,2.572950125E0,6.337950230E0,-1.063950062E0
2.162430171E2,1.843050122E0,8.416049957E0,-6.610500216E-1
2.162454607E2,4.033950329E0,8.722050667E0,-3.715950251E0
2.162479042E2,5.620950222E0,8.740950584E0,-5.842950344E0
2.162503478E2,6.274950504E0,8.641050339E0,-9.229950905E0
2.162527915E2,2.736000061E0,6.297000408E0,-8.983950615E0
2.162552350E2,2.482050180E0,4.863000393E0,-4.557000160E0
2.162576786E2,6.394050121E0,5.152050018E0,-2.194050074E0
2.162601220E2,7.065000534E0,6.345000267E0,-2.524050236E0
2.162625657E2,5.623050213E0,6.342000484E0,-3.823950291E0
2.162650091E2,5.227950096E0,7.446000576E0,-2.857050180E0
2.162674527E2,5.959050179E0,8.095050812E0,-5.263050079E0
2.162698964E2,4.029000282E0,9.097949982E0,-6.585000515E0
2.162723398E2,1.330500096E-1,9.084000587E0,-3.187050104E0
2.162747835E2,-1.444050074E0,7.960950375E0,1.555050015E0
2.162772270E2,-2.205000162E0,7.125000477E0,3.625950098E0
2.162796706E2,1.405050039E0,6.204000473E0,1.660050035E0
2.162821141E2,7.381050587E0,5.016000271E0,-4.320000172E0
2.162845577E2,6.661950111E0,4.396049976E0,-6.408000469E0
2.162870014E2,4.333050251E0,6.658050537E0,-4.180950165E0
2.162894448E2,4.261050224E0,8.284049988E0,-1.465950012E0
2.162918884E2,5.110950470E0,9.334950447E0,-1.353000045E0
2.162943319E2,6.045000076E0,9.172050476E0,-4.063950062E0
2.162967755E2,5.968050480E0,8.515950203E0,-8.188950539E0
2.162992190E2,2.602050066E0,6.165000439E0,-9.252000809E0
2.163016626E2,3.484950066E0,4.306950092E0,-6.549000263E0
2.163041060E2,8.713950157E0,3.939000130E0,-5.134050369E0
2.163065497E2,8.772000313E0,4.939050198E0,-6.372000217E0
2.163089934E2,5.506050110E0,6.153000355E0,-5.100000381E0
2.163114368E2,5.539950371E0,7.012950420E0,-2.725050211E0
2.163138804E2,7.086000443E0,8.068950653E0,-4.189949989E0
2.163163239E2,4.930950165E0,9.637050629E0,-5.686950207E0
2.163187675E2,2.430000156E-1,9.475950241E0,-5.943000317E0
2.163212110E2,-1.614000082E0,7.237950325E0,-3.589950085E0
2.163236547E2,1.393050075E0,5.787000179E0,5.010000467E-1
2.163260983E2,7.477050304E0,4.968000412E0,-7.740000486E-1
2.163285417E2,8.710050583E0,4.197000027E0,-4.120950222E0
2.163309853E2,5.761950493E0,5.155050278E0,-3.499050140E0
2.163334288E2,3.994950294E0,7.702050209E0,-1.425000072E0
2.163358725E2,4.483950138E0,9.310950279E0,-2.577000141E0
2.163383159E2,5.113050461E0,1.030500031E1,-5.436000347E0
2.163407596E2,5.719050407E0,9.975000381E0,-7.903950214E0
2.163432030E2,6.066000462E0,9.052950859E0,-1.125105095E1
2.163456466E2,3.400950193E0,7.105950356E0,-9.910050392E0
2.163480903E2,4.714050293E0,5.467950344E0,-6.036000252E0
2.163505337E2,8.911050797E0,4.936950207E0,-4.159049988E0
2.163529774E2,8.781000137E0,5.989950180E0,-4.618950367E0
2.163554208E2,6.592950344E0,6.622950077E0,-5.127000332E0
2.163578645E2,6.748950481E0,8.265000343E0,-3.831000090E0
2.163603081E2,7.456950188E0,9.340050697E0,-6.232950211E0
2.163627516E2,3.616950274E0,1.101405048E1,-6.592050076E0
2.163651952E2,-1.210950017E0,1.030005074E1,-3.036000252E0
2.163676386E2,-2.497050047E0,7.791000366E0,2.376000166E0
2.163700823E2,-1.972950101E0,7.009950161E0,4.018949986E0
2.163725257E2,2.259000063E0,6.031050205E0,1.042050004E0
2.163749694E2,4.534049988E0,6.595950127E0,2.295000076E0
2.163774128E2,4.527000427E0,6.727950096E0,5.760000348E-1
2.163798565E2,3.487950087E0,6.055050373E0,4.699500203E-1
2.163823001E2,4.441050053E0,9.655950546E0,-4.348950386E0
2.163847436E2,5.022000313E0,1.286895084E1,-7.590000153E0
2.163871872E2,4.387950420E0,1.270200062E1,-8.325000763E0
2.163896306E2,2.626050234E0,1.090605068E1,-7.975950241E0
2.163920742E2,1.282950044E0,7.738050461E0,-5.349000454E0
2.163945179E2,3.186000109E0,6.151050091E0,-5.074050426E0
2.163969614E2,1.040205002E1,5.215050220E0,-9.622950554E0
2.163994050E2,1.190595055E1,3.277950048E0,-1.511100101E1
2.164018485E2,9.847050667E0,3.856950283E0,-1.701195145E1
2.164042921E2,8.571000099E0,5.728950500E0,-1.299195099E1
2.164067358E2,7.627050400E0,7.741050243E0,-9.403050423E0
2.164091793E2,4.480950356E0,8.655000687E0,-4.048950195E0
2.164116229E2,-1.041000009E0,8.988000870E0,2.175000191E0
2.164140663E2,-2.515950203E0,6.117000103E0,7.380000114E0
2.164165099E2,3.579000235E0,3.316050053E0,5.140950203E0
2.164189534E2,1.060095024E1,4.441050053E0,1.282050014E0
2.164213970E2,1.285905075E1,-9.000000544E-3,-3.139050245E0
2.164238405E2,1.428600025E1,-3.064050198E0,-1.089195061E1
2.164262841E2,1.561695099E1,-8.800500631E-1,-1.696199989E1
2.164287278E2,1.202100086E1,4.401000023E0,-2.070900154E1
2.164311712E2,7.371000290E0,9.567000389E0,-2.196300125E1
2.164336148E2,4.941000462E0,9.292050362E0,-1.636500168E1
2.164360583E2,7.783050537E0,5.515950203E0,-1.278600025E1
2.164385019E2,8.173049927E0,4.009950161E0,-1.170900059E1
2.164409454E2,7.177050114E0,2.397000074E0,-8.482950211E0
2.164433890E2,8.647050858E0,3.792000294E0,-2.506950140E0
2.164458327E2,8.116050720E0,5.671950340E0,-9.799500704E-1
2.164482761E2,4.648950100E0,6.771000385E0,-5.970000029E-1
2.164507198E2,6.583050251E0,8.761050224E0,-2.373000145E0
2.164531632E2,1.136205101E1,8.895000458E0,-9.907950401E0
2.164556068E2,7.314000130E0,9.164999962E0,-1.413405037E1
2.164580503E2,1.441050053E0,7.908000469E0,-1.053300095E1
2.164604939E2,-3.330000043E-1,5.416050434E0,-9.397950172E0
2.164629374E2,2.932050228E0,6.651000500E0,3.148950100E0
2.164653811E2,4.989000320E0,1.266300106E1,5.869050503E0
2.164678247E2,3.090000153E0,8.337000847E0,6.937050343E0
2.164702681E2,1.146000028E0,5.806050301E0,1.759500057E-1
2.164727117E2,1.855050087E0,1.197600079E1,1.369500011E-1
2.164751554E2,2.058000088E0,1.583295059E1,-5.295000225E-2
2.164775989E2,1.927050114E0,1.520400047E1,-1.975950122E0
2.164800425E2,1.251000047E0,1.514895058E1,7.579500079E-1
2.164824860E2,4.710000157E-1,1.357095051E1,-1.083000064E0
2.164849296E2,-9.120000601E-1,1.144500065E1,1.038000107E0
2.164873731E2,-9.960000515E-1,8.370000839E0,2.014950037E0
2.164898167E2,-8.100000024E-2,1.061100006E1,4.294050217E0
2.164922601E2,1.375950098E0,1.222500038E1,4.761000156E0
2.164947037E2,1.083600044E1,6.613050461E0,6.267000198E0
2.164971472E2,2.386095047E1,2.332050085E0,-2.631600189E1
2.164995908E2,1.647195053E1,7.129950523E0,-3.886905289E1
2.165020345E2,5.571000099E0,9.055050850E0,-2.703705215E1
2.165044780E2,1.081050038E0,7.456050396E0,-1.659794998E1
2.165069216E2,-6.580500603E-1,7.959000587E0,-2.035950184E0
2.165093651E2,3.552000284E0,9.153000832E0,1.011405087E1
2.165118087E2,4.153050423E0,1.111905098E1,3.910950184E0
2.165142524E2,1.855050087E0,7.389000416E0,4.999950409E0
2.165166958E2,2.808000088E0,7.654050350E0,6.054000378E0
2.165191395E2,4.225049973E0,1.040805054E1,3.223950148E0
2.165215829E2,5.191950321E0,1.279695034E1,3.754950285E0
2.165240265E2,4.270950317E0,1.355205059E1,-6.229500175E-1
2.165264700E2,2.539950132E0,1.332405090E1,9.405000508E-2
2.165289136E2,1.072800064E1,1.122900009E1,1.426050067E0
2.165313571E2,3.319950104E0,9.469050407E0,-1.503705025E1
2.165338007E2,7.363950253E0,8.313000679E0,-2.080200005E1
2.165362444E2,7.146000385E0,9.280050278E0,-2.158005142E1
2.165386878E2,5.463000298E0,1.198305035E1,-1.209195042E1
2.165411315E2,5.020050049E0,1.082700062E1,-3.847950220E0
2.165435749E2,5.583000183E0,1.167195034E1,8.839500546E-1
2.165460185E2,8.086950302E0,1.494000053E1,-7.380000353E-1
2.165484622E2,5.235000134E0,1.347000027E1,-3.075000048E0
2.165509057E2,1.369050026E0,1.067400074E1,-5.580000281E-1
2.165533493E2,4.129500091E-1,8.782050133E0,1.785000086E0
2.165557927E2,5.359500051E-1,1.022595024E1,3.390000165E-1
2.165582363E2,8.899500370E-1,1.158600044E1,-2.116950035E0
2.165606798E2,2.134950161E0,7.197000504E0,-3.352050066E0
2.165631234E2,1.954950094E0,7.540050507E0,-2.830950022E0
2.165655669E2,3.139950037E0,9.826050758E0,-4.030500054E-1
2.165680105E2,5.590050220E0,1.291005039E1,-1.444050074E0
2.165704542E2,5.719050407E0,1.310100079E1,-4.806000233E0
2.165728977E2,3.945000172E0,1.159800053E1,-6.156000137E0
2.165753413E2,2.282999992E0,9.354000092E0,-7.078050137E0
2.165777847E2,1.969950080E0,6.892950535E0,-4.108950138E0
2.165802283E2,4.824000359E0,5.236050129E0,-4.690950394E0
2.165826718E2,8.334000587E0,5.569050312E0,-4.525950432E0
2.165851155E2,8.070000648E0,6.394950390E0,-5.797050476E0
2.165875591E2,6.022950172E0,7.273950577E0,-5.787000179E0
2.165900026E2,7.134000301E0,8.011050224E0,-5.232000351E0
2.165924462E2,6.303000450E0,8.785050392E0,-7.689000130E0
2.165948896E2,2.536950111E0,8.964000702E0,-6.466950417E0
2.165973333E2,7.440000176E-1,7.723950386E0,-1.084950089E0
2.165997767E2,-5.359500051E-1,8.635950089E0,5.194050312E0
2.166022204E2,-2.041949987E0,6.583950520E0,5.115000248E0
2.166046638E2,1.267950058E0,5.097000122E0,1.861050129E0
2.166071075E2,5.167950153E0,5.077950478E0,-2.593050241E0
2.166095511E2,5.266950130E0,4.719000340E0,-5.032950401E0
2.166119946E2,4.563000202E0,7.432050228E0,-6.538950443E0
2.166144382E2,4.210950375E0,9.144000053E0,-6.523050308E0
2.166168817E2,3.799050093E0,9.160050392E0,-5.506950378E0
2.166193254E2,4.359000206E0,8.392050743E0,-6.937050343E0
2.166217690E2,2.281050205E0,6.108000278E0,-7.425000191E0
2.166242125E2,2.887050152E0,4.093950272E0,-4.518000126E0
2.166266561E2,8.173049927E0,3.531000137E0,-4.677000046E0
2.166290995E2,9.346050262E0,3.400050163E0,-6.976950169E0
2.166315431E2,4.986000061E0,4.932000160E0,-5.172000408E0
2.166339866E2,5.152050018E0,5.614950180E0,-2.553000212E0
2.166364302E2,7.656000137E0,5.365950108E0,-3.550950050E0
2.166388737E2,6.624000549E0,6.369000435E0,-3.867000103E0
2.166413174E2,1.354050040E0,7.912950516E0,-3.666000128E0
2.166437610E2,-2.902050257E0,7.555950165E0,-2.658000231E0
2.166462044E2,-2.623950243E0,6.880950451E0,3.777000189E0
2.166486481E2,1.599000096E0,6.405000210E0,2.766000032E0
2.166510915E2,6.034950256E0,6.153000355E0,-1.123050094E0
2.166535351E2,4.318050385E0,6.108000278E0,-2.737050056E0
2.166559788E2,2.370000124E0,6.481050491E0,-2.040000111E-1
2.166584223E2,1.906950116E0,9.088950157E0,-5.629500151E-1
2.166608659E2,3.379950047E0,1.045605087E1,-3.091950178E0
2.166633094E2,4.711050034E0,9.532050133E0,-5.299050331E0
2.166657530E2,4.246950150E0,7.393050194E0,-8.634000778E0
2.166681964E2,1.548000097E0,5.179050446E0,-8.112000465E0
2.166706400E2,3.478050232E0,3.615000248E0,-8.215050697E0
2.166730837E2,9.160050392E0,2.337000132E0,-9.858000755E0
2.166755272E2,1.017705059E1,2.776950121E0,-1.178295040E1
2.166779708E2,6.639000416E0,4.219050407E0,-9.630000114E0
2.166804143E2,5.592000484E0,6.153000355E0,-3.312000275E0
2.166828579E2,6.106950283E0,6.450000286E0,-1.819500029E-1
2.166853014E2,3.241050243E0,8.236050606E0,1.524000049E0
2.166877450E2,-1.558050036E0,7.765050411E0,2.575050116E0
2.166901886E2,-2.125950098E0,5.478000164E0,2.488950014E0
2.166926321E2,1.198950052E0,3.381000042E0,-1.948950052E0
2.166950757E2,4.933950424E0,2.872950077E0,-5.257950306E0
2.166975192E2,6.001950264E0,1.432050109E0,-5.653050423E0
2.166999628E2,4.267950058E0,3.711000204E0,-5.821050167E0
2.167024065E2,3.253050089E0,5.638050079E0,-4.753050327E0
2.167048499E2,3.604950190E0,8.197950363E0,-6.970050335E0
2.167072934E2,4.165050030E0,8.617050171E0,-6.135000229E0
2.167097370E2,3.214950085E0,9.544050217E0,-5.389500260E-1
2.167121807E2,2.977950096E0,7.189950466E0,-1.288950086E0
2.167146241E2,1.632000089E0,5.203050137E0,-2.184000015E0
2.167170678E2,5.937000275E0,3.238950253E0,-3.348000050E0
2.167195112E2,1.130700016E1,2.124000072E0,-8.208000183E0
2.167219548E2,1.055100060E1,2.289000034E0,-1.203705025E1
2.167243983E2,6.576000214E0,6.475950241E0,-9.015000343E0
2.167268420E2,6.445050240E0,7.414950371E0,-4.120950222E0
2.167292856E2,7.936050415E0,8.338950157E0,-5.047950268E0
2.167317291E2,4.186950207E0,8.932950020E0,-6.235050201E0
2.167341727E2,-1.330950022E0,8.626950264E0,-3.766950130E0
2.167366162E2,-3.565050125E0,8.089950562E0,2.758950233E0
2.167390598E2,-2.976000071E0,5.428050041E0,3.303000212E0
2.167415035E2,3.318000078E0,3.723000288E0,1.666950107E0
2.167439469E2,5.176050186E0,4.390950203E0,-3.925050259E0
2.167463905E2,4.444950104E0,5.227050304E0,-2.902050257E0
2.167488340E2,3.547950268E0,7.639950275E0,-2.080950022E0
2.167512776E2,4.354050159E0,1.079805088E1,-1.744050026E0
2.167537211E2,5.887050152E0,1.104000092E1,-4.333950043E0
2.167561647E2,4.893000126E0,1.057800007E1,-7.600050449E0
2.167586082E2,1.254000068E0,9.250950813E0,-5.680050373E0
2.167610518E2,9.979500771E-1,7.065000534E0,-1.269000053E0
2.167634955E2,4.656000137E0,5.113950253E0,-3.670950174E0
2.167659389E2,8.965950012E0,3.651000261E0,-8.407050133E0
2.167683825E2,1.073805046E1,3.529050112E0,-9.690000534E0
2.167708260E2,8.662050247E0,6.292050362E0,-7.258050442E0
2.167732697E2,8.596950531E0,8.715000153E0,-5.481000423E0
2.167757133E2,7.371000290E0,9.199050903E0,-6.910050392E0
2.167781567E2,1.350000024E0,9.493050575E0,-5.248950481E0
2.167806004E2,-9.889500737E-1,1.028595066E1,-3.499500155E-1
2.167830439E2,-2.908950090E0,9.799950600E0,6.114000320E0
2.167854875E2,-9.049500227E-1,7.273950577E0,1.891950130E0
2.167879309E2,5.310000420E0,6.034050465E0,-1.432050109E0
2.167903745E2,6.648000240E0,5.872950077E0,-4.486950397E0
2.167928180E2,4.429050446E0,6.639000416E0,-3.007950068E0
2.167952616E2,3.169050217E0,1.065195084E1,2.505000122E-2
2.167977053E2,5.359950066E0,1.098300076E1,-3.022050142E0
2.168001488E2,6.129000187E0,1.110000038E1,-5.239050388E0
2.168025924E2,3.591000080E0,1.020195007E1,-7.630950451E0
2.168050359E2,1.180050015E0,7.743000507E0,-4.328999996E0
2.168074795E2,4.171950340E0,6.016950130E0,-4.768050194E0
2.168099231E2,8.865000725E0,5.218950272E0,-9.427050591E0
2.168123666E2,9.363000870E0,4.528050423E0,-1.027695084E1
2.168148102E2,7.563000202E0,7.297950268E0,-8.657999992E0
2.168172537E2,8.416950226E0,8.326950073E0,-6.829050541E0
2.168196973E2,9.267000198E0,9.175050735E0,-7.926000595E0
2.168221408E2,3.370050192E0,9.844950676E0,-7.770000458E0
2.168245844E2,-7.090500593E-1,1.063800049E1,-2.316000223E0
2.168270278E2,-2.758050203E0,7.590000153E0,3.832050085E0
2.168294714E2,-2.560500205E-1,7.417050362E0,5.002950191E0
2.168319152E2,7.318950176E0,5.155050278E0,-1.606950045E0
2.168343586E2,8.086950302E0,3.699000120E0,-4.653000355E0
2.168368022E2,4.720950127E0,5.884950161E0,-3.879000187E0
2.168392457E2,4.764000416E0,8.289000511E0,-1.558950067E0
2.168416893E2,5.587050438E0,9.736950874E0,-3.004950047E0
2.168441328E2,5.827050209E0,1.054005051E1,-5.658000469E0
2.168465765E2,3.796950102E0,1.013295078E1,-8.670000076E0
2.168490199E2,9.739500284E-1,8.694000244E0,-7.942050457E0
2.168514636E2,3.081000090E0,5.725050449E0,-5.740050316E0
2.168539072E2,1.073805046E1,4.623000145E0,-8.673000336E0
2.168563506E2,1.158795071E1,4.549050331E0,-1.051905060E1
2.168587942E2,9.058950424E0,6.010050297E0,-8.416049957E0
2.168612377E2,8.475000381E0,8.938050270E0,-4.677000046E0
2.168636813E2,9.580950737E0,1.039800072E1,-6.252000332E0
2.168661248E2,5.548950195E0,1.045800018E1,-7.693050385E0
2.168685685E2,8.100000024E-2,1.068795013E1,-4.726950169E0
2.168710121E2,-2.362950087E0,7.711950302E0,-3.600000143E-1
2.168734556E2,-4.069500268E-1,7.626000404E0,4.135950089E0
2.168758992E2,6.399000168E0,6.028950214E0,7.360500097E-1
2.168783426E2,7.840050220E0,5.454000473E0,-3.012000084E0
2.168807863E2,4.225049973E0,5.824950218E0,7.950000465E-3
2.168832299E2,1.498050094E0,9.061950684E0,2.994000196E0
2.168856734E2,1.588950038E0,1.155195045E1,-1.270500124E-1
2.168881170E2,3.504000187E0,1.276095104E1,-2.827950239E0
2.168905605E2,3.238950253E0,1.257000065E1,-6.520050526E0
2.168930041E2,8.610000610E-1,1.000800037E1,-4.327050209E0
2.168954475E2,-3.589500189E-1,7.719000340E0,1.729500145E-1
2.168978911E2,2.329050064E0,9.220050812E0,-2.467050076E0
2.169003346E2,5.604000092E0,9.922050476E0,-6.973050117E0
2.169027783E2,5.953950405E0,9.670050621E0,-9.831000328E0
2.169052219E2,9.363000870E0,9.192000389E0,-9.642000198E0
2.169076654E2,1.031100082E1,1.108095074E1,-1.143105030E1
2.169101090E2,6.454050541E0,1.189200020E1,-1.034100056E1
2.169125525E2,1.135950089E0,9.673050880E0,-7.167000294E0
2.169149961E2,-2.109000206E0,8.394000053E0,1.801050067E0
2.169174398E2,-3.598050117E0,7.579950333E0,7.039950371E0
2.169198831E2,-5.839500427E-1,4.554000378E0,8.800500631E-1
2.169223268E2,7.536000252E0,3.838050127E0,1.840050101E0
2.169247703E2,6.808950424E0,5.362950325E0,-4.003950119E0
2.169272139E2,4.984050274E0,6.610950470E0,-8.119500279E-1
2.169296574E2,5.191950321E0,9.445050240E0,-7.879500389E-1
2.169321010E2,3.937950134E0,1.261995029E1,-2.019000053E0
2.169345444E2,1.330050111E0,1.380105019E1,-3.625050068E0
2.169369881E2,-6.220500469E-1,1.074795055E1,-7.024950504E0
2.169394315E2,-1.621050119E0,7.555950165E0,-5.287050247E0
2.169418752E2,3.919050217E0,5.445000172E0,-6.405000210E0
2.169443188E2,8.683050156E0,2.605050087E0,-1.239600086E1
2.169467623E2,8.776950836E0,4.044000149E0,-1.517505074E1
2.169492059E2,7.551000595E0,6.843000412E0,-1.034895039E1
2.169516496E2,8.631000519E0,6.991050243E0,-6.405000210E0
2.169540931E2,9.157050133E0,7.810050488E0,-5.838000298E0
2.169565367E2,5.989950180E0,6.132000446E0,-4.903950214E0
2.169589801E2,5.950500369E-1,5.944950104E0,-2.455050230E0
2.169614238E2,3.750000298E-1,5.992950439E0,3.529500067E-1
2.169638675E2,6.769950390E0,3.508050203E0,9.660000205E-1
2.169663108E2,8.359950066E0,2.035050154E0,-3.039000034E0
2.169687545E2,5.853000164E0,4.360500276E-1,-3.522000074E0
2.169711979E2,4.608000278E0,3.579000235E0,-7.260000110E-1
2.169736416E2,5.554050446E0,8.538000107E0,-2.521950006E0
2.169760851E2,7.077000141E0,1.171995068E1,-5.578950405E0
2.169785287E2,4.255949974E0,1.293105030E1,-4.645050049E0
2.169809722E2,-1.669500023E-1,1.138005066E1,-4.711950302E0
2.169834158E2,-3.451950073E0,9.486000061E0,1.609500051E-1
2.169858592E2,-2.938050032E0,7.326000214E0,4.162050247E0
2.169883029E2,4.752000332E0,5.253000259E0,-8.719500303E-1
2.169907465E2,8.647050858E0,6.394950390E0,-1.343505096E1
2.169931900E2,1.208595085E1,5.326950073E0,-1.287000084E1
2.169956336E2,1.225605011E1,7.525050163E0,-1.411995029E1
2.169980771E2,7.612950325E0,9.369000435E0,-1.238595104E1
2.170005207E2,2.914950132E0,9.903000832E0,-7.938000202E0
2.170029642E2,-2.629500031E-1,9.043050766E0,-2.220000029E0
2.170054078E2,-3.040950060E0,1.041000080E1,4.059000015E0
2.170078515E2,-1.957950115E0,6.826050282E0,3.808050156E0
2.170102949E2,3.700950146E0,3.804000139E0,6.589500308E-1
2.170127386E2,4.912050247E0,4.333950043E0,-2.014050007E0
2.170151820E2,2.805000067E0,5.562000275E0,2.962950230E0
2.170176256E2,2.901000023E0,9.517050743E0,1.405950069E0
2.170200691E2,3.729000092E0,1.253205013E1,2.644050121E0
2.170225127E2,4.588950157E0,1.187805080E1,1.014000058E0
2.170249564E2,1.611000061E0,9.936000824E0,-1.270500124E-1
2.170273998E2,-6.900000572E-2,9.022050858E0,-2.385000229E0
2.170298435E2,2.881950140E0,9.769050598E0,-2.277000189E0
2.170322869E2,3.591000080E0,7.972950459E0,-8.329950333E0
2.170347306E2,6.619050503E0,3.919050217E0,-1.342005062E1
2.170371740E2,7.965000153E0,7.450950146E0,-1.464195061E1
2.170396177E2,1.121895027E1,7.362000465E0,-1.472100067E1
2.170420611E2,1.036395073E1,6.390000343E0,-1.316700077E1
2.170445048E2,2.764950037E0,8.029950142E0,-5.638950348E0
2.170469484E2,-2.310000181E0,7.044000149E0,3.778950214E0
2.170493919E2,-7.560000420E-1,6.487950325E0,6.964050293E0
2.170518355E2,4.918950081E0,4.795950413E0,2.812050104E0
2.170542789E2,8.167950630E0,2.827950239E0,-5.595000088E-2
2.170567226E2,6.064050198E0,2.085000038E0,-7.549500465E-1
2.170591663E2,4.231950283E0,7.273950577E0,2.014950037E0
2.170616097E2,5.359950066E0,9.105000496E0,9.319500327E-1
2.170640533E2,5.680950165E0,1.029495049E1,-1.971000075E0
2.170664968E2,3.136050224E0,9.673050880E0,-5.230050087E0
2.170689404E2,-6.730500460E-1,9.292050362E0,-2.722950220E0
2.170713839E2,-1.053000093E0,9.835950851E0,8.920500278E-1
2.170738275E2,3.729000092E0,8.362950325E0,-4.048950195E0
2.170762710E2,8.503950119E0,7.401000500E0,-1.020705032E1
2.170787147E2,7.456950188E0,7.531950474E0,-1.279605103E1
2.170811581E2,8.476950645E0,8.655000687E0,-9.999000549E0
2.170836018E2,9.859050751E0,9.049950600E0,-9.168000221E0
2.170860454E2,3.772950172E0,8.944950104E0,-6.657000542E0
2.170884888E2,-2.509500086E-1,7.609050274E0,-1.729050040E0
2.170909324E2,4.969500303E-1,6.211050510E0,1.440000057E0
2.170933759E2,5.974950314E0,5.947050095E0,-2.977050066E0
2.170958196E2,9.193050385E0,3.057000160E0,-7.210050106E0
2.170982632E2,5.346000195E0,3.627000093E0,-5.479050159E0
2.171007067E2,1.351950049E0,6.478950500E0,2.515050173E0
2.171031503E2,7.729500532E-1,1.065900040E1,4.549950123E0
2.171055937E2,1.053000093E0,1.023300076E1,2.884050131E0
2.171080374E2,3.436950207E0,1.002195072E1,2.848050117E0
2.171104810E2,2.178000212E0,8.320050240E0,1.469999999E-1
2.171129245E2,-2.220000178E-1,8.545050621E0,1.686000109E0
2.171153681E2,3.793950081E0,7.768950462E0,-3.799950123E0
2.171178116E2,7.420950413E0,5.698050499E0,-1.189095020E1
2.171202552E2,6.730050087E0,6.220050335E0,-1.576905060E1
2.171226987E2,4.050000191E0,7.501050472E0,-9.915000916E0
2.171251423E2,7.680000305E0,8.023050308E0,-6.489000320E0
2.171275858E2,8.098950386E0,8.157000542E0,-6.250050068E0
2.171300294E2,1.861950040E0,6.430950165E0,-3.319050074E0
2.171324731E2,1.189500093E-1,6.213000298E0,1.167000055E0
2.171349165E2,4.957950115E0,4.896000385E0,-5.419500470E-1
2.171373601E2,9.319950104E0,4.361999989E0,-8.550000191E0
2.171398036E2,6.102000237E0,2.397000074E0,-9.208950043E0
2.171422472E2,-2.595000155E-2,5.212050438E0,-2.042999983E0
2.171446907E2,5.620500445E-1,7.060950279E0,4.372950077E0
2.171471344E2,3.516000271E0,8.513999939E0,4.543050289E0
2.171495780E2,5.434050083E0,9.160050392E0,1.440000057E0
2.171520215E2,3.303000212E0,6.655950546E0,1.009050012E0
2.171544651E2,4.159500301E-1,8.032950401E0,1.342050076E0
2.171569085E2,2.701950073E0,8.811000824E0,-3.436050177E0
2.171593522E2,7.500000477E0,5.695950508E0,-1.018800068E1
2.171617956E2,6.805950165E0,5.251050472E0,-1.389195061E1
2.171642392E2,6.162000179E0,8.497050285E0,-1.049205017E1
2.171666829E2,7.896000385E0,1.081305027E1,-5.586000443E0
2.171691264E2,7.824000359E0,1.042005062E1,-4.549950123E0
2.171715700E2,3.267000198E0,7.800000191E0,-2.731950045E0
2.171740135E2,1.645950079E0,7.597050190E0,4.920000136E-1
2.171764571E2,3.672000170E0,7.504050255E0,-1.420050025E0
2.171789008E2,9.265050888E0,6.184050083E0,-7.995000362E0
2.171813442E2,7.929000378E0,4.128000259E0,-9.895950317E0
2.171837878E2,3.277050257E0,6.187050343E0,-3.927000284E0
2.171862313E2,2.104050159E0,9.661050797E0,4.033050060E0
2.171886749E2,2.463000059E0,1.308900070E1,3.291000128E0
2.171911184E2,2.287950039E0,1.347495079E1,2.203950167E0
2.171935620E2,2.845950127E0,1.152600098E1,1.215000033E0
2.171960054E2,1.189050078E0,9.088950157E0,-2.119050026E0
2.171984490E2,4.504950047E0,8.251049995E0,-2.794950247E0
2.172008925E2,7.990950584E0,9.049950600E0,-1.078005028E1
2.172033362E2,8.719050407E0,8.032950401E0,-1.444800091E1
2.172057798E2,4.591050148E0,1.026705074E1,-1.026195049E1
2.172082233E2,5.644950390E0,1.111695099E1,-4.387050152E0
2.172106669E2,8.539950371E0,9.424050331E0,-5.742000103E0
2.172131106E2,3.897000074E0,8.454000473E0,-5.827950478E0
2.172155540E2,7.680000067E-1,6.823950291E0,-1.207050085E0
2.172179977E2,4.957950115E0,6.856950283E0,-9.559500217E-1
2.172204411E2,8.632950783E0,4.582950115E0,-6.280950069E0
2.172228847E2,7.069950104E0,2.404050112E0,-7.353000164E0
2.172253282E2,3.646050215E0,4.810050011E0,-1.680000126E-1
2.172277718E2,4.030950069E0,8.035050392E0,4.813050270E0
2.172302155E2,2.317050219E0,1.292700100E1,5.220000267E0
2.172326589E2,1.089000106E0,9.690000534E0,2.587050200E0
2.172351026E2,1.552950025E0,7.398000240E0,1.845000029E0
2.172375460E2,3.180000186E-1,7.108950138E0,7.890000343E-1
2.172399896E2,5.683050156E0,7.075050354E0,-7.188000202E0
2.172424331E2,9.351000786E0,3.583950281E0,-1.492905045E1
2.172448767E2,5.635050297E0,5.338950157E0,-1.427805042E1
2.172473202E2,4.170000076E0,8.221950531E0,-7.258050442E0
2.172497639E2,9.756000519E0,9.855000496E0,-4.813050270E0
2.172522075E2,6.849000454E0,8.800950050E0,-7.939950466E0
2.172546509E2,1.240500063E-1,1.001505089E1,-4.363049984E0
2.172570946E2,-1.459500045E-1,6.148050308E0,2.830500007E-1
2.172595380E2,4.567049980E0,5.851950169E0,1.590000093E-1
2.172619816E2,1.029495049E1,3.630000114E0,-6.546000481E0
2.172644251E2,6.703050137E0,4.995000362E-2,-8.148000717E0
2.172668687E2,2.322000027E0,4.674000263E0,1.057050109E0
2.172693122E2,3.852000237E0,8.425050735E0,3.511050224E0
2.172717558E2,4.090950012E0,1.227105045E1,2.497950077E0
2.172741995E2,2.532000065E0,9.960000038E0,1.986000061E0
2.172766429E2,6.120000482E-1,1.078905010E1,-1.963950038E0
2.172790865E2,1.431000113E0,1.113600063E1,-2.827950239E0
2.172815300E2,4.500000000E0,1.027605057E1,-6.549000263E0
2.172839736E2,6.835050106E0,7.851000309E0,-1.194600010E1
2.172864173E2,6.178950310E0,7.747950554E0,-1.170105076E1
2.172888608E2,7.120050430E0,1.029795074E1,-8.440050125E0
2.172913044E2,8.527950287E0,1.192605019E1,-9.046050072E0
2.172937479E2,2.583000183E0,1.126995087E1,-6.321000099E0
2.172961915E2,4.695000127E-2,8.683950424E0,-1.882050037E0
2.172986349E2,4.200000316E-2,6.511950493E0,-2.880000174E-1
2.173010786E2,6.715050220E0,7.246950150E0,-5.127000332E0
2.173035220E2,8.464950562E0,4.647000313E0,-1.027905083E1
2.173059657E2,4.749000072E0,2.776950121E0,-4.054049969E0
2.173084091E2,3.210000038E0,5.406000137E0,4.275000095E0
2.173108528E2,3.358050108E0,1.194300079E1,3.750000238E0
2.173132964E2,1.705950022E0,1.215105057E1,4.047000408E0
2.173157398E2,1.453050017E0,1.008900070E1,1.420950055E0
2.173181834E2,5.640000105E-1,1.070205021E1,1.962000132E0
2.173206269E2,2.869500220E-1,1.104705048E1,1.995000124E0
2.173230706E2,5.512950420E0,1.062795067E1,1.830000132E-1
2.173255142E2,9.375000000E0,6.357000351E0,-1.226895046E1
2.173279577E2,8.580000877E0,6.667950153E0,-1.322895050E1
2.173304013E2,8.932050705E0,1.105695057E1,-1.265700054E1
2.173328448E2,4.824000359E0,1.007505035E1,-1.084905052E1
2.173352884E2,2.839500010E-1,9.436050415E0,-6.337950230E0
2.173377318E2,2.890500128E-1,7.291050434E0,-1.135050058E0
2.173401754E2,4.396950245E0,7.257000446E0,2.500500083E-1
2.173426189E2,8.548950195E0,4.240050316E0,-6.472050190E0
2.173450626E2,5.887050152E0,7.369500399E-1,-8.433000565E0
2.173475062E2,1.483950019E0,1.258950114E0,-4.750500321E-1
2.173499497E2,4.897950172E0,6.084000111E0,2.812050104E0
2.173523933E2,4.483950138E0,1.110195065E1,-5.730000138E-1
2.173548368E2,1.735050082E0,9.265950203E0,1.165050030E0
2.173572805E2,1.360500008E-1,8.657999992E0,2.623050213E0
2.173597241E2,-1.891050100E0,8.299050331E0,5.158050060E0
2.173621675E2,4.681950092E0,9.589050293E0,1.210050106E0
2.173646111E2,8.995050430E0,7.768950462E0,-2.614950180E0
2.173670546E2,8.001000404E0,5.196000099E0,-2.557950020E0
2.173694982E2,1.011495018E1,6.184050083E0,-9.075000763E0
2.173719419E2,9.768000603E0,8.133000374E0,-1.572405052E1
2.173743853E2,2.797950029E0,8.751000404E0,-1.315905094E1
2.173768290E2,-1.233000040E0,8.116950035E0,-3.067950249E0
2.173792725E2,5.760000348E-1,7.188000202E0,7.069500089E-1
2.173817161E2,6.544950485E0,8.715000153E0,-2.359050035E0
2.173841595E2,7.315950394E0,3.463950157E0,-6.835950375E0
2.173866031E2,3.358050108E0,7.759500146E-1,-4.525950432E0
2.173890466E2,4.174950123E0,3.868950129E0,-4.429500103E-1
2.173914902E2,7.951050282E0,9.369000435E0,-3.501000166E0
2.173939339E2,5.137050152E0,1.111395073E1,-1.320000052E0
2.173963774E2,1.672950029E0,8.743950844E0,2.380950212E0
2.173988210E2,-2.220000178E-1,9.862050056E0,7.360500097E-1
2.174012645E2,-4.879500270E-1,1.354395103E1,3.520950079E0
2.174037081E2,4.081050396E0,7.516050339E0,-3.645000219E0
2.174061515E2,4.318050385E0,7.209000111E0,-5.349000454E0
2.174085952E2,7.759050369E0,5.488050461E0,-1.142400074E1
2.174110386E2,1.014105034E1,6.358950138E0,-1.537395096E1
2.174134822E2,2.386050224E0,7.522950172E0,-1.132095051E1
2.174159259E2,-1.603950024E0,7.176000118E0,-2.224950075E0
2.174183694E2,-1.597050071E0,5.788950443E0,3.796050072E0
2.174208130E2,6.744000435E0,7.779000282E0,-3.169500232E-1
2.174232565E2,8.149050713E0,6.067050457E0,-3.721050262E0
2.174257001E2,4.471950054E0,2.194950104E0,-3.790500164E-1
2.174281436E2,4.824000359E0,3.160050154E0,1.660500020E-1
2.174305872E2,8.869950294E0,8.880000114E0,-5.364000320E0
2.174330309E2,5.194950104E0,1.173000050E1,-7.399500608E-1
2.174354743E2,1.267950058E0,9.064949989E0,2.794950247E0
2.174379179E2,-4.210500121E-1,1.002705002E1,1.780500114E-1
2.174403614E2,2.848050117E0,1.305405045E1,-2.746950150E0
2.174428051E2,4.423950195E0,1.098705006E1,-8.433000565E0
2.174452487E2,5.218950272E0,6.733050346E0,-9.841050148E0
2.174476922E2,7.086000443E0,7.237950325E0,-9.300000191E0
2.174501358E2,6.934950352E0,8.683950424E0,-9.292950630E0
2.174525792E2,1.065000057E0,8.326950073E0,-7.375050545E0
2.174550229E2,-5.599500537E-1,6.991050243E0,-1.201950073E0
2.174574663E2,1.951050043E0,7.125000477E0,8.479500413E-1
2.174599099E2,8.467950821E0,7.840950489E0,-4.219050407E0
2.174623534E2,5.997000217E0,4.702050209E0,-5.023950100E0
2.174647971E2,3.081000090E0,2.509050131E0,9.040500522E-1
2.174672407E2,5.005950451E0,5.206950188E0,1.003950000E0
2.174696842E2,6.981000423E0,1.107795048E1,-2.971950054E0
2.174721278E2,3.460950136E0,1.012800026E1,1.672050118E0
2.174745712E2,1.429050088E0,8.667000771E0,2.841000080E0
2.174770148E2,5.400000215E-1,1.276605034E1,3.900000080E-2
2.174794585E2,-4.800000042E-2,1.515600109E1,1.891950130E0
2.174819020E2,4.168050289E0,1.243605042E1,4.920000136E-1
2.174843456E2,5.923050404E0,8.872950554E0,-7.293000221E0
2.174867891E2,9.909000397E0,9.867000580E0,-1.105500031E1
2.174892327E2,8.548950195E0,9.916950226E0,-1.553700066E1
2.174916762E2,2.140050173E0,8.787000656E0,-1.119600010E1
2.174941198E2,-6.030000448E-1,7.468050480E0,-3.091950178E0
2.174965632E2,4.062000275E0,8.964000702E0,-1.830000043E0
2.174990068E2,7.812000275E0,9.967050552E0,-3.843000174E0
2.175014505E2,4.030950069E0,3.703950167E0,-5.308950424E0
2.175038940E2,4.594050407E0,4.675950050E0,-1.626000047E0
2.175063376E2,8.319000244E0,9.634950638E0,-2.400000021E-2
2.175087811E2,7.885950565E0,1.270905018E1,-3.228000164E0
2.175112247E2,3.909000158E0,9.718050003E0,-2.766000032E0
2.175136684E2,7.800000310E-1,1.215105057E1,2.986950159E0
2.175161119E2,-1.330950022E0,1.526805115E1,2.701950073E0
2.175185555E2,1.287000060E0,9.153000832E0,-3.232950211E0
2.175209989E2,4.299000263E0,9.997950554E0,-3.064950228E0
2.175234425E2,7.539000511E0,6.072000504E0,-9.700050354E0
2.175258860E2,9.471000671E0,6.819000244E0,-1.403100109E1
2.175283296E2,5.002950191E0,4.333950043E0,-1.277595043E1
2.175307731E2,2.770500183E-1,5.595000267E0,-2.446950197E0
2.175332167E2,3.226950169E0,5.836950302E0,2.113049984E0
2.175356601E2,9.037950516E0,7.414950371E0,-2.163000107E0
2.175381038E2,7.471950531E0,4.743000031E0,-4.107000351E0
2.175405475E2,4.165050030E0,3.478950262E0,5.419500470E-1
2.175429909E2,5.343000412E0,6.898050308E0,9.919500351E-1
2.175454345E2,7.900050163E0,1.198305035E1,-1.846050143E0
2.175478780E2,3.828000069E0,1.028100014E1,-1.471050024E0
2.175503217E2,9.139500260E-1,9.061950684E0,2.700000070E-2
2.175527653E2,1.399500072E-1,9.984000206E0,-2.970000207E-1
2.175552087E2,4.125000000E0,1.251705074E1,-7.324950218E0
2.175576524E2,4.975050449E0,1.042005062E1,-1.041795063E1
2.175600958E2,5.173050404E0,6.028950214E0,-9.076950073E0
2.175625394E2,8.164050102E0,7.405050278E0,-9.202050209E0
2.175649829E2,6.283950329E0,7.117950439E0,-1.009200001E1
2.175674265E2,1.950000064E-3,6.378000259E0,-6.381000519E0
2.175698700E2,4.560000300E-1,6.168000221E0,-2.110500038E-1
2.175723137E2,6.319950104E0,5.695950508E0,-2.713050127E0
2.175747573E2,8.242950439E0,2.784000158E0,-8.650950432E0
2.175772008E2,3.564000130E0,1.828950047E0,-2.461950064E0
2.175796444E2,1.929000139E0,2.626050234E0,2.011950016E0
2.175820878E2,4.903050423E0,6.697050095E0,1.276950002E0
2.175845315E2,5.662050247E0,6.028950214E0,-3.790500164E-1
2.175869751E2,2.482050180E0,2.523000002E0,1.936050057E0
2.175894186E2,3.180000186E-1,7.137000561E0,3.645000219E0
2.175918622E2,5.773950100E0,8.682000160E0,-1.534950018E0
2.175943057E2,9.298950195E0,7.993950367E0,-8.395050049E0
2.175967493E2,4.170000076E0,6.022050381E0,-1.261395073E1
2.175991927E2,4.921950340E0,7.080000401E0,-1.064505005E1
2.176016364E2,8.008049965E0,5.310000420E0,-1.189500046E1
2.176040798E2,-5.310000181E-1,5.586000443E0,-8.421000481E0
2.176065234E2,-2.518950224E0,4.300050259E0,2.452950001E0
2.176089671E2,2.856000185E0,2.101950169E0,2.970000029E0
2.176114106E2,9.282000542E0,1.590000033E0,-6.682950497E0
2.176138542E2,7.471950531E0,-9.000000358E-2,-6.211050510E0
2.176162976E2,2.259000063E0,4.879500270E-1,-1.132950068E0
2.176187413E2,5.233050346E0,2.848950148E0,-3.192000151E0
2.176211847E2,8.434050560E0,6.934050560E0,-3.855000257E0
2.176236284E2,3.415950060E0,8.014050484E0,-6.540000439E-1
2.176260720E2,-6.559500098E-1,5.650050163E0,7.810500264E-1
2.176285155E2,4.905000329E-2,9.919050217E0,1.750950098E0
2.176309591E2,7.021950245E0,7.827000141E0,-7.132950306E0
2.176334026E2,4.981950283E0,7.267050266E0,-1.175205040E1
2.176358462E2,4.195950031E0,6.208050251E0,-8.308950424E0
2.176382896E2,7.282950401E0,5.965950489E0,-7.387050152E0
2.176407333E2,1.684950113E0,6.996000290E0,-9.858000755E0
2.176431770E2,-1.827000141E0,5.626050472E0,4.249500334E-1
2.176456204E2,1.309500039E-1,5.988000393E0,4.576050282E0
2.176480640E2,6.001950264E0,8.023050308E0,-2.862000227E0
2.176505075E2,8.355000496E0,6.430950165E0,-5.851950169E0
2.176529511E2,3.744000196E0,4.575000286E0,-3.240000010E-1
2.176553946E2,3.685950279E0,6.946050167E0,-2.040000111E-1
2.176578383E2,6.250950336E0,1.279305077E1,-7.950000167E-1
2.176602819E2,4.813950062E0,1.377900028E1,-1.723950028E0
2.176627253E2,2.311950207E0,9.709050179E0,1.690500081E-1
2.176651690E2,8.920500278E-1,1.062300014E1,1.648050070E0
2.176676124E2,4.159950256E0,1.604400063E1,-1.264950037E0
2.176700560E2,5.443950176E0,1.444500065E1,-5.692050457E0
2.176724997E2,4.998000145E0,1.142805099E1,-6.997050285E0
2.176749431E2,5.599050045E0,1.309695053E1,-8.962050438E0
2.176773866E2,4.333050251E0,1.394205093E1,-8.656050682E0
2.176798303E2,1.072050095E0,1.242105103E1,-4.078050137E0
2.176822739E2,4.639500082E-1,1.094700050E1,-1.810950041E0
2.176847173E2,4.359000206E0,1.199805069E1,-4.368000031E0
2.176871610E2,6.463950157E0,7.947000504E0,-8.512050629E0
2.176896044E2,2.901000023E0,4.944000244E0,-4.327050209E0
2.176920480E2,5.086950302E0,6.904950142E0,-3.210000098E-1
2.176944917E2,8.781000137E0,1.140195084E1,-2.880000174E-1
2.176969352E2,5.413050175E0,1.052295017E1,-8.620500565E-1
2.176993788E2,3.226950169E0,9.678000450E0,6.880500317E-1
2.177018223E2,2.254950047E0,1.192800045E1,4.035000324E0
2.177042659E2,2.118000031E0,1.338600063E1,1.927950144E0
2.177067094E2,2.607000113E0,1.265595055E1,8.200500607E-1
2.177091530E2,5.056050301E0,1.063800049E1,-7.519500256E-1
2.177115967E2,6.832050323E0,1.066395092E1,-5.248950481E0
2.177140401E2,5.145000458E0,8.751000404E0,-1.432800102E1
2.177164837E2,1.669500023E-1,7.846050262E0,-1.076805019E1
2.177189272E2,4.590000212E-1,7.510950565E0,-4.569000244E0
2.177213708E2,3.772950172E0,9.868950844E0,-3.388050079E0
2.177238143E2,5.013000011E0,6.715950489E0,-4.401000023E0
2.177262579E2,2.626050234E0,5.035050392E0,7.500000298E-2
2.177287016E2,3.013950109E0,7.554000378E0,1.762950063E0
2.177311451E2,7.570050240E0,1.300095081E1,-4.819500148E-1
2.177335887E2,5.539950371E0,1.263495064E1,-1.425000072E0
2.177360321E2,1.860000134E0,1.075005054E1,-3.739500046E-1
2.177384758E2,1.435950041E0,1.244295025E1,1.236000061E0
2.177409192E2,2.548950195E0,1.363305092E1,-4.624050140E0
2.177433629E2,3.198000193E0,1.106895065E1,-9.124950409E0
2.177458065E2,5.785950184E0,8.847000122E0,-8.968950272E0
2.177482500E2,8.767050743E0,8.631000519E0,-9.762000084E0
2.177506936E2,3.388950109E0,7.183050156E0,-8.814000130E0
2.177531371E2,-5.770500302E-1,5.076000214E0,-4.522950172E0
2.177555807E2,2.386050224E0,6.244050503E0,-1.365000010E0
2.177580241E2,5.962950230E0,8.116950035E0,-5.281950474E0
2.177604678E2,4.186950207E0,2.341950178E0,-8.803950310E0
2.177629112E2,2.389500141E-1,3.007050037E0,1.111950040E0
2.177653549E2,5.058000088E0,4.579950333E0,8.700000644E-1
2.177677985E2,9.640950203E0,7.647000313E0,-2.074050188E0
2.177702420E2,4.146000385E0,6.736950397E0,-9.970500469E-1
2.177726856E2,-1.159050107E0,7.561050415E0,2.841000080E0
2.177751291E2,3.139950037E0,7.279050350E0,-1.276950002E0
2.177775728E2,7.804950237E0,7.453050137E0,-7.921050549E0
2.177800164E2,3.868050098E0,7.831950188E0,-1.100895023E1
2.177824599E2,6.367950439E0,5.875050068E0,-9.348000526E0
2.177849035E2,9.181050301E0,5.437050343E0,-1.017600060E1
2.177873469E2,2.821950197E0,4.638000011E0,-1.182105064E1
2.177897906E2,-2.101950169E0,3.634050131E0,-4.212000370E0
2.177922340E2,3.202950239E0,3.724950075E0,2.553000212E0
2.177946777E2,1.005000019E1,1.993950129E0,-4.273950100E0
2.177971211E2,5.020050049E0,1.300050020E0,-6.604050159E0
2.177995647E2,1.690050125E0,1.405050039E0,1.416000009E0
2.178020082E2,7.852050304E0,3.208050251E0,-1.585050106E0
2.178044519E2,1.073805046E1,3.766050100E0,-5.649000168E0
2.178068955E2,3.085050106E0,7.486950397E0,-6.043950081E0
2.178093390E2,-1.055999994E0,6.409050465E0,-3.490950108E0
2.178117826E2,5.266950130E0,6.964950562E0,-2.062050104E0
2.178142261E2,9.433050156E0,7.021950245E0,-6.469950199E0
2.178166697E2,3.777000189E0,6.859950542E0,-7.921050549E0
2.178191134E2,5.887050152E0,6.730050087E0,-8.863950729E0
2.178215568E2,8.723999977E0,4.891050339E0,-9.664050102E0
2.178240005E2,1.222950101E0,6.618000507E0,-1.037505054E1
2.178264439E2,-1.887000084E0,4.951050282E0,-2.359050035E0
2.178288875E2,3.910950184E0,5.839950085E0,1.986000061E0
2.178313310E2,8.959050179E0,6.496050358E0,-4.071000099E0
2.178337746E2,3.592950106E0,6.349950314E0,-6.850500107E-1
2.178362181E2,3.355950117E0,5.872950077E0,2.794950247E0
2.178386618E2,7.504950523E0,7.104000568E0,-2.899950027E0
2.178411054E2,7.570050240E0,1.043895054E1,-7.333950520E0
2.178435489E2,2.218950033E0,1.117395020E1,-1.782000065E0
2.178459925E2,1.002000093E0,8.944950104E0,2.242050171E0
2.178484360E2,4.447950363E0,1.147800064E1,-3.646950245E0
2.178508797E2,5.347950459E0,1.250805092E1,-7.048950195E0
2.178533233E2,6.957000256E0,1.250295067E1,-9.079950333E0
2.178557667E2,7.054950237E0,1.153995037E1,-1.219905090E1
2.178582103E2,1.371000051E0,1.234695053E1,-8.344950676E0
2.178606538E2,-9.499500394E-1,1.131795025E1,-5.779500008E-1
2.178630974E2,-9.600000083E-2,9.510000229E0,3.604050159E0
2.178655409E2,2.635050058E0,1.240905094E1,-1.969050050E0
2.178679846E2,2.740950108E0,8.215050697E0,-5.011950016E0
2.178704280E2,8.539500237E-1,5.722050190E0,-1.132950068E0
2.178728717E2,4.717950344E0,7.294950485E0,-2.023950100E0
2.178753153E2,8.224050522E0,1.182300091E1,-1.755000114E0
2.178777587E2,4.551000118E0,1.186095047E1,1.399500072E-1
2.178802024E2,2.464950085E0,1.126500034E1,1.057050109E0
2.178826458E2,2.479950190E0,1.376895046E1,4.228950024E0
2.178850895E2,1.725000024E0,1.344105053E1,1.191000104E0
2.178875331E2,3.118950129E0,1.175805092E1,-3.055950165E0
2.178899766E2,7.600950241E0,1.172205067E1,-9.805050850E0
2.178924202E2,5.512950420E0,1.016400051E1,-1.152195072E1
2.178948637E2,1.480500102E-1,8.952000618E0,-7.405950546E0
2.178973073E2,-1.108050108E0,5.860950470E0,-3.049500287E-1
2.178997507E2,2.640000105E0,1.062300014E1,7.309500575E-1
2.179021944E2,4.204050064E0,1.119105053E1,-2.898000240E0
2.179046378E2,7.390500307E-1,6.256050110E0,-8.890500665E-1
2.179070815E2,1.954950094E0,6.910050392E0,1.641000032E0
2.179095251E2,5.638050079E0,1.086795044E1,-2.610000074E-1
2.179119686E2,4.426050186E0,1.157595062E1,-2.316000223E0
2.179144122E2,1.294050097E0,9.972000122E0,7.890000343E-1
2.179168557E2,2.890500128E-1,1.199505043E1,1.090050101E0
2.179192993E2,9.589500427E-1,1.229205036E1,2.290050030E0
2.179217427E2,1.381050110E0,1.107600021E1,-2.950050116E0
2.179241864E2,3.627000093E0,1.192095089E1,-4.698000431E0
2.179266301E2,5.370000362E0,1.246200085E1,-8.220000267E0
2.179290735E2,1.135950089E0,9.886050224E0,-7.327050209E0
2.179315171E2,-1.324050069E0,5.976000309E0,2.830500007E-1
2.179339608E2,-4.879500270E-1,5.583000183E0,2.668050051E0
2.179364042E2,1.321050048E0,9.394950867E0,-1.957050085E0
2.179388479E2,1.066950083E0,4.458000183E0,-3.843000174E0
2.179412913E2,-1.390500069E-1,2.466000080E0,-2.412000179E0
2.179437350E2,3.685950279E0,4.401000023E0,-5.221950054E0
2.179461784E2,5.487000465E0,6.558000088E0,-7.638000488E0
2.179486220E2,2.329050064E0,4.477050304E0,-1.131000042E0
2.179510655E2,-6.439500451E-1,8.056950569E0,4.003950119E0
2.179535091E2,2.038950205E0,6.613050461E0,3.576000214E0
2.179559526E2,6.967050552E0,4.755000114E0,-4.140000343E0
2.179583963E2,8.563950539E0,8.241000175E0,-3.811950207E0
2.179608399E2,1.169805050E1,6.517050266E0,-7.672050476E0
2.179632833E2,7.917000294E0,4.129950047E0,-1.231695080E1
2.179657270E2,1.279500127E-1,6.649050236E0,-1.144995022E1
2.179681704E2,1.218000054E0,4.474950314E0,-8.983950615E0
2.179706140E2,8.728950500E0,4.210950375E0,-1.016400051E1
2.179730577E2,7.137000561E0,3.061950207E0,-8.488050461E0
2.179755011E2,4.323000431E0,3.478950262E0,-3.324000120E0
2.179779448E2,9.739050865E0,3.565050125E0,-3.712050200E0
2.179803882E2,1.160895061E1,4.777050018E0,-6.850950241E0
2.179828319E2,6.073050499E0,4.582950115E0,-7.252950191E0
2.179852753E2,3.844050169E0,7.975050449E0,-4.207050323E0
2.179877189E2,1.021995068E1,6.340050220E0,-7.677000523E0
2.179901624E2,1.123800087E1,5.671950340E0,-8.365950584E0
2.179926060E2,8.698050499E0,8.184000015E0,-6.007950306E0
2.179950497E2,1.260495090E1,9.124950409E0,-9.877050400E0
2.179974932E2,7.680000305E0,7.705050468E0,-1.243605042E1
2.179999368E2,-1.909500062E-1,8.665050507E0,-1.218300056E1
2.180023803E2,8.779500127E-1,7.537050247E0,-1.119900036E1
2.180048239E2,1.030905056E1,7.084950447E0,-1.047795010E1
2.180072673E2,5.620950222E0,5.196000099E0,-3.637050152E0
2.180097110E2,-1.602000117E0,4.980000019E0,6.235950470E0
2.180121546E2,8.470500112E-1,5.725050449E0,4.548000336E0
2.180145981E2,5.772000313E0,8.014050484E0,2.589000225E0
2.180170417E2,5.824050426E0,8.923050880E0,3.982950211E0
2.180194852E2,2.986950159E0,5.751000404E0,2.674950123E0
2.180219288E2,8.152050018E0,8.698050499E0,-7.570500374E-1
2.180243722E2,1.159500027E1,6.448050499E0,-1.239795017E1
2.180268158E2,4.129050255E0,5.085000038E0,-1.074405098E1
2.180292593E2,6.255000114E0,7.803000450E0,-9.988950729E0
2.180317030E2,6.721950531E0,6.924000263E0,-8.232000351E0
2.180341466E2,4.540500343E-1,6.915000439E0,1.986000061E0
2.180365901E2,1.140000075E-1,4.899000168E0,4.585950375E0
2.180390337E2,2.098950148E0,8.370000839E0,1.579050064E0
2.180414771E2,3.114000082E0,8.538000107E0,4.660050392E0
2.180439208E2,3.919500113E-1,4.911000252E0,7.429500222E-1
2.180463642E2,-2.149500102E-1,6.586950302E0,-5.320500135E-1
2.180488079E2,1.171950102E0,8.968950272E0,1.521000028E0
2.180512515E2,2.275950193E0,9.151050568E0,8.050500154E-1
2.180536950E2,8.299500346E-1,7.903050423E0,-6.709500551E-1
2.180561386E2,3.447000265E0,8.322000504E0,-2.215050220E0
2.180585821E2,3.768000126E0,9.546000481E0,-9.003000259E0
2.180610257E2,3.543000221E0,9.864000320E0,-7.923000336E0
2.180634691E2,8.209050179E0,1.008000088E1,-9.108000755E0
2.180659128E2,6.901950359E0,8.014050484E0,-1.080105019E1
2.180683564E2,5.689499974E-1,7.729050159E0,-4.497000217E0
2.180707999E2,6.480000019E-1,5.374950409E0,3.214050055E0
2.180732435E2,4.102950096E0,8.590950012E0,2.430000156E-1
2.180756870E2,3.658050060E0,4.657050133E0,-7.162050247E0
2.180781307E2,-2.299500108E-1,3.697050095E0,-1.795950055E0
2.180805743E2,1.548000097E0,5.245950222E0,6.859500408E-1
2.180830177E2,7.018950462E0,5.329950333E0,-4.408050060E0
2.180854613E2,3.033000231E0,6.069000244E0,-4.047000408E0
2.180879048E2,-8.070000410E-1,9.034049988E0,2.278050184E0
2.180903484E2,7.410000563E-1,8.617050171E0,1.435050011E0
2.180927919E2,6.102000237E0,7.650000572E0,-5.680050373E0
2.180952355E2,3.840000153E0,9.514950752E0,-8.911950111E0
2.180976790E2,6.685950279E0,1.090305042E1,-8.086050034E0
2.181001226E2,5.098950386E0,7.642050266E0,-1.025805092E1
2.181025663E2,-1.459950089E0,7.729050159E0,-4.654950142E0
2.181050097E2,-1.447950125E0,7.173000336E0,3.244950056E0
2.181074533E2,4.873950005E0,4.978050232E0,-5.890500546E-1
2.181098968E2,6.229050159E0,4.336050034E0,-9.549000740E0
2.181123404E2,1.681950092E0,4.623000145E0,-5.737050056E0
2.181147841E2,3.214950085E0,5.020950317E0,-2.140500098E-1
2.181172276E2,6.847050190E0,5.326950073E0,-3.622950077E0
2.181196712E2,2.347950220E0,7.338000298E0,-4.392000198E0
2.181221146E2,-8.760000467E-1,9.460050583E0,2.244000196E0
2.181245583E2,3.358050108E0,9.630000114E0,5.250000358E-1
2.181270017E2,7.270950317E0,7.858050346E0,-7.717050552E0
2.181294453E2,5.118000031E0,9.250950813E0,-8.452050209E0
2.181318890E2,9.988050461E0,1.055895042E1,-9.598950386E0
2.181343325E2,5.808000088E0,6.856950283E0,-1.030305004E1
2.181367761E2,-1.138950109E0,8.056950569E0,-5.086050034E0
2.181392196E2,-7.969500422E-1,6.807000160E0,1.074000001E0
2.181416632E2,8.197050095E0,5.068950176E0,-4.542000294E0
2.181441067E2,8.470050812E0,5.037000179E0,-1.097595024E1
2.181465504E2,3.748950243E0,4.390950203E0,-4.327050209E0
2.181489940E2,4.939050198E0,6.658050537E0,8.290500641E-1
2.181514374E2,8.723999977E0,7.621050358E0,-2.292000055E0
2.181538811E2,4.627050400E0,7.852950573E0,-2.347050190E0
2.181563245E2,2.937000036E0,1.005600071E1,1.749000072E0
2.181587681E2,7.563000202E0,9.574950218E0,-2.524050236E0
2.181612116E2,8.381999969E0,9.268050194E0,-7.897050381E0
2.181636552E2,5.905950069E0,1.138695049E1,-7.375050545E0
2.181660987E2,1.009800053E1,1.198095036E1,-6.348000526E0
2.181685423E2,6.801000118E0,9.496050835E0,-7.341000557E0
2.181709860E2,-3.349500299E-1,1.075305080E1,-2.364000082E0
2.181734294E2,-1.950000064E-3,1.116405010E1,3.046050072E0
2.181758730E2,5.973000050E0,9.940950394E0,-4.156949997E0
2.181783165E2,6.736950397E0,7.183050156E0,-8.146050453E0
2.181807601E2,3.303000212E0,7.087050438E0,-3.561000109E0
2.181832038E2,4.230000019E0,6.826050282E0,-1.312950015E0
2.181856472E2,7.587000370E0,9.639000893E0,-2.941050053E0
2.181880909E2,4.540950298E0,1.113300037E1,-4.950000439E-3
2.181905343E2,1.888050079E0,1.109505081E1,1.584000111E0
2.181929779E2,2.764950037E0,1.264695072E1,-3.430500031E-1
2.181954216E2,5.973000050E0,1.182300091E1,-4.219500124E-1
2.181978650E2,5.965950489E0,1.082205009E1,-5.131050110E0
2.182003087E2,9.733950615E0,1.089900017E1,-7.834950447E0
2.182027522E2,4.108050346E0,9.574950218E0,-8.974050522E0
2.182051958E2,-5.719500184E-1,8.365950584E0,-2.016000032E0
2.182076393E2,-5.670000315E-1,5.634000301E0,4.162050247E0
2.182100829E2,2.881950140E0,7.894050598E0,3.670500219E-1
2.182125263E2,3.499950171E0,4.864950180E0,-2.052000046E0
2.182149700E2,9.210000634E-1,3.780000210E0,1.516950130E0
2.182174134E2,4.564949989E0,6.076950073E0,4.630500078E-1
2.182198571E2,7.089000225E0,5.188050270E0,-3.039000034E0
2.182223007E2,2.580000162E0,6.478950500E0,-1.747950077E0
2.182247442E2,1.860000134E0,6.828000546E0,1.324950099E0
2.182271878E2,2.551050186E0,9.289950371E0,1.050000079E-3
2.182296313E2,2.212050200E0,7.851000309E0,-1.609050035E0
2.182320749E2,3.475950241E0,8.803950310E0,-3.439050198E0
2.182345186E2,8.338050842E0,9.079050064E0,-7.926000595E0
2.182369620E2,3.769950151E0,5.097000122E0,-9.376950264E0
2.182394057E2,-1.281000018E0,6.759000301E0,-1.588050127E0
2.182418491E2,-2.370000124E0,6.856950283E0,3.673950195E0
2.182442927E2,4.486050129E0,3.144000053E0,-3.424050093E0
2.182467362E2,3.706050158E0,3.891000271E0,-8.632050514E0
2.182491798E2,6.000000238E-1,4.245000362E0,-1.114050031E0
2.182516233E2,6.190950394E0,4.470000267E0,-7.950000167E-1
2.182540670E2,7.623000145E0,4.798050404E0,-5.380050182E0
2.182565106E2,1.612950087E0,7.192050457E0,-1.344000101E0
2.182589540E2,2.550000250E-1,7.723950386E0,1.009050012E0
2.182613976E2,7.234950542E0,7.228050232E0,-5.293950081E0
2.182638411E2,7.405050278E0,6.139050484E0,-1.073400021E1
2.182662848E2,5.539950371E0,9.630000114E0,-1.009995079E1
2.182687282E2,1.123995018E1,8.299050331E0,-1.082295036E1
2.182711719E2,4.017000198E0,7.474950314E0,-1.115100098E1
2.182736155E2,-2.710050106E0,1.057800007E1,-2.361000061E0
2.182760590E2,3.835050106E0,8.416049957E0,1.936050057E0
2.182785026E2,1.048905087E1,6.844950199E0,-6.697050095E0
2.182809461E2,4.014000416E0,6.723000526E0,-7.260000229E0
2.182833897E2,1.867050052E0,6.742050171E0,-9.460500479E-1
2.182858331E2,6.021000385E0,7.101000309E0,-1.155000091E0
2.182882768E2,6.454050541E0,7.563000202E0,-4.911000252E0
2.182907205E2,2.551050186E0,8.983050346E0,-9.030000567E-1
2.182931639E2,4.363950253E0,1.092300034E1,4.905000329E-2
2.182956075E2,8.149050713E0,1.160295010E1,-6.385950089E0
2.182980510E2,5.580000401E0,1.295505047E1,-4.899000168E0
2.183004947E2,6.955050468E0,1.411395073E1,-6.939000130E0
2.183029381E2,6.925950527E0,1.314000034E1,-1.031700039E1
2.183053818E2,7.290000319E-1,1.048395061E1,-7.782000542E0
2.183078251E2,-1.312050104E0,8.281949997E0,2.650950193E0
2.183102688E2,4.849500358E-1,1.006305027E1,1.461000085E0
2.183127124E2,3.106950045E0,8.598000526E0,-4.291050434E0
2.183151559E2,1.350000024E0,4.575000286E0,-2.329950094E0
2.183175995E2,2.748000145E0,5.635950089E0,9.405000508E-2
2.183200430E2,8.335950851E0,7.072950363E0,-2.704050064E0
2.183224867E2,5.191950321E0,7.105950356E0,-3.541950226E0
2.183249303E2,2.226000071E0,6.184050083E0,3.960000277E-1
2.183273737E2,2.428950071E0,1.099395084E1,1.516950130E0
2.183298173E2,2.274000168E0,8.497050285E0,5.179499984E-1
2.183322608E2,2.773950100E0,6.912000179E0,4.650000334E-1
2.183347044E2,9.217050552E0,8.467950821E0,-3.549000263E0
2.183371481E2,9.708000183E0,5.764950275E0,-1.106895065E1
2.183395916E2,2.475000143E0,6.781050205E0,-8.464050293E0
2.183420352E2,-2.250000089E-1,8.109000206E0,-8.700000495E-2
2.183444786E2,4.255949974E0,6.559950352E0,-5.029500127E-1
2.183469223E2,5.094000340E0,4.258950233E0,-5.043000221E0
2.183493657E2,1.435950041E0,5.860950470E0,-1.680000126E-1
2.183518093E2,5.235000134E0,5.746050358E0,6.670500040E-1
2.183542528E2,7.603050232E0,4.717050076E0,-3.526950121E0
2.183566965E2,2.213999987E0,5.298000336E0,-2.869050026E0
2.183591401E2,2.037000179E0,9.426000595E0,6.469500065E-1
2.183615836E2,5.287950039E0,9.682050705E0,-2.445000172E0
2.183640272E2,4.575000286E0,7.744950294E0,-5.184000015E0
2.183664709E2,2.962950230E0,1.110900021E1,-2.388000011E0
2.183689143E2,8.173049927E0,1.218900013E1,-4.702950001E0
2.183713580E2,3.958950281E0,9.220050812E0,-6.369000435E0
2.183738014E2,-1.666050076E0,1.110900021E1,1.873050094E0
2.183762450E2,-2.571000099E0,1.000305080E1,4.903950214E0
2.183786885E2,4.645950317E0,9.601050377E0,-1.389000058E0
2.183811321E2,3.982950211E0,8.595000267E0,-8.079000473E0
2.183835756E2,3.385050058E0,7.408050537E0,-3.393000126E0
2.183860192E2,6.214950085E0,9.172050476E0,-4.180950165E0
2.183884626E2,5.293050289E0,1.070505047E1,-4.665000439E0
2.183909063E2,1.816050053E0,1.152105045E1,2.205000073E-2
2.183933499E2,1.144050002E0,1.164105034E1,5.730000138E-1
2.183957934E2,3.289050102E0,1.324995041E1,4.150500298E-1
2.183982370E2,4.290000439E0,1.132995033E1,-4.882050037E0
2.184006807E2,7.321050167E0,1.026900005E1,-6.300000191E0
2.184031242E2,9.864000320E0,1.032195091E1,-1.057095051E1
2.184055678E2,3.763050079E0,9.534000397E0,-8.797050476E0
2.184080113E2,5.020500422E-1,7.393050194E0,2.040000111E-1
2.184104549E2,2.212050200E0,8.272050858E0,2.560050011E0
2.184128983E2,3.616950274E0,7.020000458E0,-3.388050079E0
2.184153419E2,1.618050098E0,4.264050007E0,-3.775950193E0
2.184177854E2,1.776000142E0,6.349950314E0,6.300000101E-2
2.184202290E2,7.740000248E0,4.783950329E0,-4.333950043E0
2.184226725E2,4.278000355E0,4.414950371E0,-5.215050220E0
2.184251162E2,-8.400000334E-1,7.963050365E0,1.131000042E0
2.184275598E2,3.181050062E0,6.924000263E0,8.205000311E-2
2.184300033E2,8.341050148E0,5.377050400E0,-7.111950397E0
2.184324469E2,4.680000305E0,7.077000141E0,-8.275050163E0
2.184348903E2,8.097000122E0,8.076000214E0,-6.763950348E0
2.184373340E2,8.749950409E0,5.061000347E0,-9.301950455E0
2.184397777E2,-7.950000167E-1,7.518000126E0,-6.171000481E0
2.184422211E2,-2.080049992E0,5.332050323E0,4.680000246E-1
2.184446647E2,5.511000156E0,4.281000137E0,1.720050097E0
2.184471082E2,8.619000435E0,-2.650500238E-1,-6.112950325E0
2.184495518E2,1.342050076E0,1.798050046E0,-3.979950190E0
2.184519953E2,7.459950447E0,3.511950254E0,-1.192950010E0
2.184544389E2,1.098195076E1,1.990050077E0,-6.127050400E0
2.184568824E2,3.001950026E0,2.425050020E0,-4.425000191E0
2.184593260E2,2.932050228E0,7.510950565E0,1.210050106E0
2.184617697E2,7.330050468E0,6.787950516E0,-1.102050066E0
2.184642131E2,7.507950306E0,6.687000275E0,-6.654000282E0
2.184666568E2,4.108050346E0,9.157950401E0,-5.395050049E0
2.184691002E2,9.988050461E0,7.822050571E0,-7.863000393E0
2.184715439E2,5.839050293E0,7.104000568E0,-1.001595020E1
2.184739875E2,-2.542950153E0,8.719950676E0,-7.669500113E-1
2.184764310E2,-2.755950212E0,7.899000168E0,6.628050327E0
2.184788746E2,2.281050205E0,9.237000465E0,8.629500270E-1
2.184813181E2,3.034950256E0,8.377950668E0,-1.320000052E0
2.184837617E2,4.314000130E0,6.976950169E0,8.700000495E-2
2.184862052E2,6.576000214E0,7.963050365E0,-4.501950264E0
2.184886488E2,4.546050072E0,8.023050308E0,-6.324000359E0
2.184910925E2,1.500000119E0,9.982050896E0,2.040000111E-1
2.184935359E2,2.008050203E0,1.095105076E1,4.990500212E-1
2.184959795E2,3.672000170E0,1.371705055E1,-1.747950077E0
2.184984230E2,2.740950108E0,1.120500088E1,-3.901050091E0
2.185008666E2,6.799050331E0,1.196895027E1,-4.039950371E0
2.185033103E2,8.116050720E0,1.141095066E1,-1.031505013E1
2.185057538E2,1.450050116E0,1.041300011E1,-6.217950344E0
2.185081974E2,4.039500058E-1,9.440999985E0,2.802000046E0
2.185106409E2,2.239950180E0,1.225905037E1,2.215950012E0
2.185130845E2,2.391000032E0,8.707950592E0,-2.361000061E0
2.185155279E2,9.739500284E-1,4.111050129E0,-2.662950039E0
2.185179715E2,4.303950310E0,6.871950150E0,-2.911950111E0
2.185204150E2,8.034000397E0,6.721050262E0,-7.983000278E0
2.185228586E2,2.583000183E0,7.611000538E0,-5.428050041E0
2.185253023E2,2.494050026E0,8.655000687E0,9.130500555E-1
2.185277458E2,3.949950218E0,1.113600063E1,-6.660000086E-1
2.185301894E2,3.796950102E0,7.888950348E0,-4.078050137E0
2.185326328E2,4.480950356E0,9.382950783E0,-4.674000263E0
2.185350764E2,1.084500027E1,8.467950821E0,-1.081500053E1
2.185375201E2,7.752000332E0,5.902050495E0,-1.354005051E1
2.185399636E2,-1.324050069E0,7.966050148E0,-4.015950203E0
2.185424072E2,-4.995000362E-2,6.333000183E0,2.769000053E0
2.185448507E2,7.678050518E0,5.314950466E0,-1.384050012E0
2.185472943E2,6.895050526E0,3.706050158E0,-6.778950214E0
2.185497378E2,1.989000082E0,6.610950470E0,2.160000056E-1
2.185521814E2,8.262000084E0,4.960950375E0,-1.633050084E0
2.185546248E2,6.502050400E0,4.201950073E0,-6.541950226E0
2.185570686E2,-1.615950108E0,6.985950470E0,-7.980000377E-1
2.185595122E2,1.342050076E0,8.595000267E0,3.559050083E0
2.185619556E2,9.082950592E0,6.412050247E0,-4.923000336E0
2.185643992E2,7.390050411E0,6.891000271E0,-6.858000278E0
2.185668427E2,7.093050480E0,1.000605011E1,-5.926050186E0
2.185692864E2,9.469050407E0,1.003395081E1,-9.336000443E0
2.185717300E2,1.632000089E0,9.225000381E0,-5.704050064E0
2.185741735E2,-1.951050043E0,1.173405075E1,4.804050446E0
2.185766171E2,1.270950079E0,9.816000938E0,3.805050135E0
2.185790606E2,4.978950024E0,1.088895035E1,-5.938050270E0
2.185815042E2,2.098950148E0,7.495950222E0,-3.312000275E0
2.185839476E2,4.074000359E0,8.763000488E0,-4.231050014E0
2.185863913E2,5.008050442E0,1.053705025E1,-5.461950302E0
2.185888347E2,2.391000032E0,1.100205040E1,-3.478950262E0
2.185912784E2,1.327950120E0,1.167900085E1,1.141050100E0
2.185937220E2,2.113049984E0,1.323600101E1,1.759500057E-1
2.185961655E2,3.291000128E0,1.252905083E1,-4.269000053E0
2.185986091E2,4.836000443E0,1.326900101E1,-4.084949970E0
2.186010526E2,9.460950851E0,1.291005039E1,-8.665050507E0
2.186034962E2,5.467950344E0,1.077705097E1,-1.113405037E1
2.186059399E2,1.036050081E0,9.012000084E0,-3.340950251E0
2.186083833E2,5.910000205E-1,6.996000290E0,1.633950114E0
2.186108270E2,3.993000269E0,9.352050781E0,-1.537950039E0
2.186132704E2,3.337050200E0,3.613050222E0,-5.811000347E0
2.186157140E2,2.122950077E0,4.939050198E0,-1.921050072E0
2.186181575E2,7.761000156E0,5.047050476E0,-3.166050196E0
2.186206011E2,6.715050220E0,4.918050289E0,-5.866050243E0
2.186230446E2,4.009500146E-1,8.140049934E0,1.416000009E0
2.186254882E2,-4.995000362E-2,8.995050430E0,3.874950171E0
2.186279319E2,5.797950268E0,6.678000450E0,-2.761050224E0
2.186303753E2,5.848050117E0,6.618000507E0,-8.038050652E0
2.186328189E2,7.987050533E0,7.987050533E0,-7.186050415E0
2.186352626E2,1.122600079E1,5.610000134E0,-1.190205097E1
2.186377061E2,2.809950113E0,7.180050373E0,-9.063000679E0
2.186401497E2,-1.891050100E0,6.012000084E0,-8.479500413E-1
2.186425932E2,3.990000248E0,6.850050449E0,1.986000061E0
2.186450368E2,1.012695026E1,2.466000080E0,-4.534950256E0
2.186474803E2,3.198000193E0,4.474950314E0,-4.918050289E0
2.186499239E2,4.311000347E0,4.767000198E0,-7.005000114E-2
2.186523673E2,1.121895027E1,2.998050213E0,-6.130050182E0
2.186548110E2,3.909000158E0,3.523950100E0,-7.729050159E0
2.186572547E2,-9.649500251E-1,5.856000423E0,-2.031000137E0
2.186596981E2,6.379950523E0,5.326950073E0,-1.504050016E0
2.186621417E2,8.314949989E0,5.491950035E0,-5.067000389E0
2.186645852E2,4.552950382E0,7.288050175E0,-2.368050098E0
2.186670288E2,9.148050308E0,7.582950592E0,-2.821050167E0
2.186694723E2,8.497050285E0,5.953950405E0,-8.461950302E0
2.186719160E2,-1.642050028E0,9.127050400E0,-7.636050224E0
2.186743596E2,-1.606050134E0,6.867000103E0,-1.201950073E0
2.186768030E2,6.315000534E0,5.907000065E0,-2.244000196E0
2.186792467E2,4.474050045E0,4.609050274E0,-4.437000275E0
2.186816901E2,1.500000060E-1,6.855000496E0,4.186050415E0
2.186841337E2,2.865000248E0,7.831950188E0,4.035000324E0
2.186865772E2,4.636950016E0,8.299050331E0,-9.439500570E-1
2.186890209E2,2.872050047E0,7.492050171E0,-1.272000074E0
2.186914645E2,2.164050102E0,9.880950928E0,-8.460000157E-1
2.186939080E2,3.682050228E0,1.233000088E1,1.408950090E0
2.186963516E2,3.787050247E0,1.080105019E1,-2.875950098E0
2.186987950E2,5.769000053E0,9.654000282E0,-5.542950153E0
2.187012387E2,9.799050331E0,1.010895061E1,-1.276200104E1
2.187036823E2,3.109050035E0,9.627000809E0,-1.039905071E1
2.187061258E2,-5.839500427E-1,8.301000595E0,-2.446950197E0
2.187085694E2,1.402050018E0,8.943000793E0,1.897050142E0
2.187110129E2,3.130950212E0,1.105695057E1,-6.570000052E-1
2.187134565E2,8.490000367E-1,6.340050220E0,3.000000026E-3
2.187159000E2,9.349500537E-1,6.345000267E0,3.223950148E0
2.187183436E2,5.571000099E0,8.440050125E0,-4.290000200E-1
2.187207870E2,3.910950184E0,6.165000439E0,-3.609000206E0
2.187232307E2,1.135950089E0,7.710000515E0,-4.170000255E-1
2.187256743E2,3.898950100E0,1.150200081E1,-1.911000133E0
2.187281178E2,4.594050407E0,8.940000534E0,-3.786000252E0
2.187305614E2,4.237050056E0,9.259050369E0,-3.757050276E0
2.187330049E2,8.827050209E0,1.072605038E1,-6.763950348E0
2.187354485E2,7.471950531E0,8.140049934E0,-8.668050766E0
2.187378922E2,9.259500504E-1,9.238950729E0,-2.661000013E0
2.187403356E2,3.679500222E-1,9.493050575E0,3.966000080E0
2.187427792E2,4.963050365E0,8.751000404E0,1.015950084E0
2.187452227E2,5.122950077E0,5.145000458E0,-5.818950176E0
2.187476663E2,2.580000162E0,7.852950573E0,-3.915000200E0
2.187501100E2,6.306000233E0,8.722050667E0,-3.925050259E0
2.187525534E2,5.395950317E0,8.061000824E0,-6.601950169E0
2.187549971E2,4.060500264E-1,8.619000435E0,-3.280500174E-1
2.187574406E2,1.215000033E0,1.070205021E1,2.460000038E0
2.187598842E2,4.291950226E0,1.155495071E1,-1.147050023E0
2.187623276E2,3.934950113E0,8.422950745E0,-4.333950043E0
2.187647713E2,8.584950447E0,1.055400085E1,-5.905050278E0
2.187672149E2,1.075005054E1,9.249000549E0,-1.064100075E1
2.187696584E2,3.319950104E0,8.449049950E0,-9.034049988E0
2.187721020E2,-8.500500321E-1,1.025700092E1,7.840500474E-1
2.187745455E2,1.540950060E0,8.341950417E0,3.789000273E0
2.187769891E2,6.181050301E0,7.171050549E0,-3.142050266E0
2.187794326E2,3.081000090E0,5.121000290E0,-3.367050171E0
2.187818762E2,4.467000008E0,7.480050564E0,-4.789500237E-1
2.187843196E2,7.138950348E0,6.601050377E0,-3.817050219E0
2.187867633E2,2.188050032E0,7.176000118E0,-3.604050159E0
2.187892070E2,-3.349500299E-1,8.362950325E0,1.083000064E0
2.187916504E2,1.600950122E0,1.173405075E1,2.029050112E0
2.187940940E2,4.528950214E0,8.253000259E0,-3.441000223E0
2.187965375E2,3.889950275E0,7.729050159E0,-5.289000034E0
2.187989812E2,9.670050621E0,9.108000755E0,-7.459050179E0
2.188014246E2,6.909000397E0,6.004950523E0,-9.922050476E0
2.188038683E2,-4.159500301E-1,7.462950230E0,-4.240950108E0
2.188063119E2,-2.128050089E0,6.285000324E0,5.404950142E0
2.188087553E2,4.591050148E0,5.344050407E0,3.940500319E-1
2.188111990E2,6.190950394E0,3.097950220E0,-5.775000095E0
2.188136424E2,2.968050241E0,4.471950054E0,-1.858050108E0
2.188160860E2,7.053000450E0,5.193000317E0,-1.858050108E0
2.188185295E2,5.796000481E0,4.867050171E0,-4.183050156E0
2.188209732E2,3.870000243E-1,5.962050438E0,5.850000381E-1
2.188234168E2,-9.550500512E-1,8.776950836E0,4.926000118E0
2.188258603E2,6.342000484E0,5.989950180E0,-3.520050049E0
2.188283039E2,7.381050587E0,6.274950504E0,-9.417000771E0
2.188307476E2,6.435000420E0,8.101950645E0,-7.899000168E0
2.188331910E2,1.142505074E1,6.517050266E0,-1.150305080E1
2.188356346E2,2.572950125E0,7.015050411E0,-8.542950630E0
2.188380781E2,-3.378000259E0,8.647950172E0,4.303050041E0
2.188405217E2,2.439000130E0,6.274950504E0,5.782950401E0
2.188429652E2,1.021305084E1,5.497050285E0,-5.802000046E0
2.188454088E2,6.006000519E0,3.366000175E0,-6.393000126E0
2.188478522E2,6.567000389E0,6.297000408E0,-2.866050243E0
2.188502958E2,8.475000381E0,5.662050247E0,-4.879950047E0
2.188527395E2,2.659050226E0,7.645050526E0,-2.704050064E0
2.188551830E2,1.222950101E0,9.418950081E0,2.745000124E0
2.188576266E2,2.887050152E0,1.102605057E1,1.057050109E0
2.188600701E2,4.975050449E0,9.322950363E0,-6.144000053E0
2.188625137E2,5.520000458E0,1.068300056E1,-6.088950157E0
2.188649574E2,1.027095032E1,1.097505093E1,-1.020300007E1
2.188674008E2,5.863050461E0,9.145950317E0,-9.628050804E0
2.188698444E2,-7.800000310E-1,1.020195007E1,-1.300950050E0
2.188722879E2,-2.320500165E-1,1.024695015E1,4.560000420E0
2.188747315E2,4.005000114E0,9.832950592E0,-1.236000061E0
2.188771750E2,4.096050262E0,8.758049965E0,-5.064000130E0
2.188796186E2,4.141050339E0,7.587000370E0,-1.863000035E0
2.188820620E2,6.817950249E0,8.794050217E0,-3.384000063E0
2.188845057E2,5.287950039E0,8.799000740E0,-5.895000458E0
2.188869494E2,1.728000045E0,9.816000938E0,4.560000300E-1
2.188893928E2,1.821000099E0,1.139895058E1,8.050500154E-1
2.188918364E2,4.567049980E0,1.263900089E1,-1.590000033E0
2.188942799E2,2.161050081E0,9.904950142E0,-2.746950150E0
2.188967236E2,6.006000519E0,1.113600063E1,-5.182050228E0
2.188991672E2,9.403950691E0,1.024005032E1,-1.088295078E1
2.189016107E2,3.013950109E0,1.006800079E1,-7.540050507E0
2.189040543E2,-4.399500191E-1,8.173950195E0,6.520500183E-1
2.189064978E2,2.058000088E0,9.546000481E0,3.658950090E0
2.189089414E2,2.355000019E0,8.185950279E0,-1.308000088E0
2.189113848E2,3.799500167E-1,5.361000061E0,-7.399500608E-1
2.189138285E2,5.271000385E0,7.585050583E0,-1.090050101E0
2.189162722E2,8.282999992E0,6.463950157E0,-7.119000435E0
2.189187156E2,2.665950060E0,6.973950386E0,-7.078050137E0
2.189211592E2,7.290000319E-1,8.072999954E0,9.439500570E-1
2.189236027E2,4.251000404E0,1.121700096E1,-9.820500612E-1
2.189260463E2,4.270950317E0,8.248050690E0,-4.269000053E0
2.189284898E2,4.675050259E0,9.057000160E0,-4.231050014E0
2.189309335E2,1.038105011E1,9.031050682E0,-8.529000282E0
2.189333771E2,7.381050587E0,6.607950211E0,-1.099305058E1
2.189358206E2,-1.174950004E0,1.000800037E1,-2.905050039E0
2.189382642E2,-7.519500256E-1,6.819000244E0,5.383050442E0
2.189407076E2,6.825000286E0,6.886050224E0,-1.831950068E0
2.189431512E2,5.602050304E0,4.258950233E0,-7.858950138E0
2.189455947E2,4.045950413E0,7.297950268E0,-1.849500090E-1
2.189480384E2,7.924050331E0,6.057000160E0,-3.490950108E0
2.189504820E2,4.467000008E0,8.204999924E0,-4.504050255E0
2.189529255E2,-5.580000281E-1,8.650050163E0,1.564050078E0
2.189553691E2,-1.087050080E0,1.152105045E1,3.532050133E0
2.189578125E2,4.993950367E0,8.855999947E0,-4.216950417E0
2.189602562E2,5.274000168E0,9.358950615E0,-7.789050579E0
2.189626998E2,8.959050179E0,9.790050507E0,-9.292950630E0
2.189651433E2,7.860000610E0,8.502000809E0,-1.125795078E1
2.189675869E2,-4.210500121E-1,8.944950104E0,-4.617000103E0
2.189700304E2,-2.137950182E0,7.686000347E0,5.125050068E0
2.189724740E2,4.703999996E0,7.516050339E0,1.459050059E0
2.189749175E2,7.078950405E0,5.077950478E0,-8.068950653E0
2.189773611E2,3.628950119E0,4.309950352E0,-3.823950291E0
2.189798048E2,7.462050438E0,5.080950260E0,-3.834000111E0
2.189822482E2,6.433050156E0,5.332050323E0,-5.826000214E0
2.189846918E2,9.139500260E-1,5.659950256E0,-7.500000596E-1
2.189871353E2,-2.989500165E-1,9.268050194E0,4.189050198E0
2.189895790E2,3.226950169E0,7.420050144E0,1.519050121E0
2.189920226E2,5.707050323E0,6.445050240E0,-4.341000080E0
2.189944661E2,6.868050098E0,8.686050415E0,-6.223050117E0
2.189969097E2,1.110600090E1,7.075050354E0,-1.098795033E1
2.189993531E2,2.511000156E0,7.951050282E0,-1.044000053E1
2.190017967E2,-3.205950260E0,8.503950119E0,1.657950044E0
2.190042402E2,9.760500193E-1,5.773050308E0,4.978950024E0
2.190066838E2,7.860000610E0,5.286000252E0,-4.528050423E0
2.190091273E2,4.455000401E0,4.963050365E0,-5.400000095E0
2.190115710E2,6.390000343E0,6.226950169E0,-1.657050133E0
2.190140146E2,8.713950157E0,5.089950085E0,-6.088950157E0
2.190164580E2,1.623000026E0,5.986050129E0,-5.047950268E0
2.190189016E2,-1.057950020E0,9.430950165E0,3.979950190E0
2.190213453E2,4.371000290E0,8.344050407E0,-7.500000298E-2
2.190237887E2,7.765950203E0,7.735950470E0,-8.910000801E0
2.190262324E2,3.757950068E0,9.736950874E0,-7.602000237E0
2.190286759E2,1.026105022E1,9.133950233E0,-9.742950439E0
2.190311195E2,6.361050129E0,7.615950584E0,-1.043205070E1
2.190335629E2,-2.152050018E0,1.009395027E1,-1.341000080E0
2.190360066E2,-9.619500637E-1,8.284049988E0,6.705000401E0
2.190384500E2,7.183950424E0,7.120950222E0,-1.252950072E0
2.190408937E2,4.690050125E0,5.076000214E0,-5.634000301E0
2.190433373E2,4.213050365E0,6.405000210E0,-3.520500064E-1
2.190457808E2,8.599050522E0,7.293000221E0,-5.347050190E0
2.190482244E2,4.800000191E0,8.011050224E0,-5.494950294E0
2.190506679E2,1.570500135E-1,8.797050476E0,2.761950016E0
2.190531116E2,-2.320500165E-1,1.201005077E1,-6.589500308E-1
2.190555552E2,1.693950057E0,1.118595028E1,1.059000015E0
2.190579986E2,3.109050035E0,1.098495007E1,1.108950019E0
2.190604422E2,8.518050194E0,1.177005100E1,-5.364000320E0
2.190628857E2,1.003395081E1,9.819000244E0,-1.220205021E1
2.190653293E2,1.951050043E0,9.121950150E0,-9.927000046E0
2.190677728E2,-4.480500221E-1,9.790050507E0,-4.480500221E-1
2.190702164E2,3.231000185E0,1.028805065E1,-1.210050106E0
2.190726601E2,3.540000200E0,8.112000465E0,-3.910050154E0
2.190751036E2,8.710500598E-1,6.742050171E0,9.850500226E-1
2.190775472E2,5.407950401E0,8.253000259E0,-4.410000145E-1
2.190799906E2,7.764000416E0,7.129950523E0,-6.786000252E0
2.190824343E2,1.930950046E0,7.663950443E0,-3.345000267E0
2.190848777E2,2.463000059E0,8.911050797E0,2.280000210E0
2.190873214E2,4.558050156E0,1.035000038E1,-1.396050096E0
2.190897648E2,3.391950130E0,7.864950180E0,-2.959950209E0
2.190922085E2,5.820000172E0,8.677050591E0,-4.450950146E0
2.190946521E2,1.061100006E1,7.968000412E0,-1.162695026E1
2.190970955E2,4.237050056E0,7.365000248E0,-1.044195080E1
2.190995391E2,-2.104050159E0,8.683950424E0,1.332000017E0
2.191019828E2,6.259500384E-1,5.437050343E0,4.681950092E0
2.191044263E2,6.703050137E0,5.638050079E0,-3.822000265E0
2.191068699E2,3.114000082E0,4.447950363E0,-3.264000177E0
2.191093134E2,5.587050438E0,6.235050201E0,6.810000539E-1
2.191117570E2,8.419950485E0,4.804950237E0,-5.014050007E0
2.191142007E2,2.213999987E0,6.181950092E0,-5.221950054E0
2.191166440E2,-1.017000079E0,8.776950836E0,3.849000216E0
2.191190877E2,2.925000191E0,8.614950180E0,5.730000138E-1
2.191215312E2,5.653950214E0,6.742050171E0,-7.212000370E0
2.191239748E2,3.853950262E0,8.926050186E0,-6.925050259E0
2.191264183E2,9.847050667E0,7.671000481E0,-9.621000290E0
2.191288619E2,4.394999981E0,7.051050186E0,-1.058805084E1
2.191313054E2,-2.298000097E0,8.449049950E0,-1.389000058E0
2.191337491E2,-1.405050039E0,6.196050167E0,5.809050083E0
2.191361927E2,5.965950489E0,5.377050400E0,-1.890000105E0
2.191386361E2,4.519950390E0,3.526950121E0,-6.168000221E0
2.191410798E2,4.273050308E0,5.808000088E0,-7.189500332E-1
2.191435232E2,9.018000603E0,4.911000252E0,-4.293000221E0
2.191459668E2,3.528000116E0,6.165000439E0,-6.036000252E0
2.191484105E2,-1.503000021E0,7.657050133E0,2.908050060E0
2.191508540E2,6.049500108E-1,9.189000130E0,3.846000195E0
2.191532976E2,7.065000534E0,7.792950153E0,-5.416050434E0
2.191557411E2,5.452950478E0,9.013950348E0,-7.474950314E0
2.191581847E2,9.724950790E0,9.163050652E0,-8.893050194E0
2.191606284E2,6.375000477E0,7.630050182E0,-9.835950851E0
2.191630718E2,-1.810050130E0,9.891000748E0,-1.818000078E0
2.191655154E2,-2.245950222E0,8.715000153E0,5.875950336E0
2.191679589E2,6.391950130E0,8.193000793E0,-7.810500264E-1
2.191704025E2,6.126000404E0,6.673050404E0,-8.541000366E0
2.191728460E2,3.765000105E0,6.625050545E0,-2.212949991E0
2.191752897E2,7.813950539E0,7.567950249E0,-4.887000084E0
2.191777331E2,5.073000431E0,8.959050179E0,-5.680050373E0
2.191801768E2,9.349500537E-1,1.020705032E1,1.797000051E0
2.191826204E2,2.239500135E-1,1.208595085E1,8.029500246E-1
2.191850638E2,1.582050085E0,1.207395077E1,-3.330000043E-1
2.191875075E2,3.433050156E0,1.161705017E1,1.818000078E0
2.191899509E2,8.158950806E0,1.155495071E1,-5.707950115E0
2.191923946E2,1.087905025E1,1.014705086E1,-1.269705105E1
2.191948382E2,2.926950216E0,9.598950386E0,-1.076295090E1
2.191972817E2,-7.605000585E-2,1.084095097E1,-6.130500436E-1
2.191997253E2,4.383000374E0,1.030305004E1,1.039500013E-1
2.192021688E2,5.616000175E0,8.739000320E0,-4.545000076E0
2.192046124E2,1.939050078E0,8.895000458E0,-1.750500053E-1
2.192070558E2,6.460950375E0,9.370950699E0,-5.560500026E-1
2.192094995E2,7.809000492E0,8.569050789E0,-6.546000481E0
2.192119431E2,1.302000046E0,1.000095081E1,-4.351050377E0
2.192143866E2,5.879999995E-1,1.070505047E1,1.669950128E0
2.192168302E2,3.816000223E0,1.188495064E1,1.090500057E-1
2.192192737E2,3.198000193E0,9.793050766E0,-2.316000223E0
2.192217174E2,6.624000549E0,1.058505058E1,-3.160950184E0
2.192241610E2,1.025205040E1,1.029300022E1,-9.532050133E0
2.192266045E2,3.622050285E0,9.844950676E0,-8.026050568E0
2.192290481E2,-4.330500066E-1,8.782050133E0,2.809500098E-1
2.192314915E2,2.737950087E0,8.638050079E0,2.340000153E0
2.192339351E2,4.206000328E0,8.032950401E0,-3.316950083E0
2.192363786E2,1.539000034E0,5.904000282E0,-3.501000166E0
2.192388223E2,5.311950207E0,7.549050331E0,-1.783950090E0
2.192412659E2,8.805000305E0,6.175050259E0,-7.315050125E0
2.192437094E2,2.197050095E0,7.528050423E0,-4.807950020E0
2.192461530E2,1.090500057E-1,7.855950356E0,1.915950060E0
2.192485967E2,1.953000069E0,1.006095028E1,2.086050034E0
2.192510401E2,3.610050201E0,6.397050381E0,-2.778000116E0
2.192534838E2,5.370000362E0,7.531950474E0,-4.375050068E0
2.192559272E2,1.097205067E1,6.948000431E0,-9.487050056E0
2.192583708E2,6.547950268E0,5.557050228E0,-1.201695061E1
2.192608143E2,-1.329000115E0,8.590950012E0,-3.460050106E0
2.192632579E2,-1.422000051E0,5.848950386E0,4.648050308E0
2.192657014E2,5.832000256E0,4.390950203E0,-2.359050035E0
2.192681451E2,4.153050423E0,3.886050224E0,-6.381000519E0
2.192705887E2,2.470050097E0,5.341950417E0,3.979500234E-1
2.192730322E2,9.258000374E0,3.579000235E0,-4.305000305E0
2.192754758E2,4.125000000E0,4.137000084E0,-7.822950363E0
2.192779193E2,-2.701050043E0,6.199050426E0,6.640500426E-1
2.192803629E2,1.764000058E0,6.424050331E0,1.303050041E0
2.192828066E2,7.809000492E0,4.659000397E0,-5.047950268E0
2.192852500E2,2.616000175E0,7.093950272E0,-5.361000061E0
2.192876936E2,7.855050564E0,7.747950554E0,-2.740050077E0
2.192901371E2,8.937000275E0,4.719000340E0,-9.736050606E0
2.192925807E2,-1.810050130E0,8.133000374E0,-5.557950497E0
2.192950242E2,-2.497050047E0,7.666050434E0,5.059950352E0
2.192974679E2,5.841000080E0,6.151050091E0,-6.250500083E-1
2.192999115E2,6.463950157E0,5.386950493E0,-6.841050148E0
2.193023550E2,3.487950087E0,7.129950523E0,9.349500537E-1
2.193047986E2,6.382050514E0,7.698000431E0,-2.881050110E0
2.193072423E2,6.313050270E0,8.047050476E0,-7.108950138E0
2.193096857E2,7.960500121E-1,9.247050285E0,2.160000056E-1
2.193121293E2,8.320500255E-1,1.049400043E1,2.200950146E0
2.193145728E2,5.812950134E0,1.183200073E1,-3.679950237E0
2.193170164E2,4.693950176E0,1.129395008E1,-5.242050171E0
2.193194599E2,8.497050285E0,1.214895058E1,-8.731950760E0
2.193219035E2,8.704950333E0,1.107600021E1,-1.347795105E1
2.193243472E2,7.920000553E-1,1.148100090E1,-5.424000263E0
2.193267906E2,-6.769500375E-1,1.131300068E1,1.533000112E0
2.193292343E2,1.857000113E0,1.292205048E1,4.404000282E0
2.193316777E2,2.638050079E0,1.069800091E1,-2.443050146E0
2.193341213E2,1.396950126E0,8.715000153E0,-3.880500197E-1
2.193365648E2,4.618050098E0,9.733050346E0,-1.827000141E0
2.193390084E2,6.382050514E0,9.517050743E0,-6.834000111E0
2.193414519E2,2.491950035E0,1.075005054E1,-2.806950092E0
2.193438956E2,5.620500445E-1,1.037400055E1,1.083000064E0
2.193463392E2,3.073050261E0,1.144905090E1,-6.589500308E-1
2.193487827E2,4.273050308E0,9.265950203E0,-3.814950228E0
2.193512263E2,6.652950287E0,9.301950455E0,-4.377000332E0
2.193536700E2,1.006695080E1,8.758049965E0,-9.630000114E0
2.193561134E2,4.204050064E0,8.602950096E0,-8.119950294E0
2.193585570E2,1.720500141E-1,7.153950214E0,5.989500284E-1
2.193610005E2,2.118000031E0,7.219050407E0,2.758950233E0
2.193634441E2,4.108050346E0,6.874050140E0,-3.505950212E0
2.193658876E2,1.198950052E0,4.156050205E0,-3.870000124E0
2.193683312E2,3.178950071E0,6.514950275E0,3.960000277E-1
2.193707749E2,8.389050484E0,4.321950436E0,-6.003000259E0
2.193732183E2,3.676950216E0,4.884000301E0,-6.325950146E0
2.193756620E2,-1.438950062E0,7.185000420E0,3.118050098E0
2.193781054E2,2.131950140E0,6.448050499E0,1.951950073E0
2.193805490E2,6.508950233E0,5.410950184E0,-4.425000191E0
2.193829927E2,3.615000248E0,7.738050461E0,-3.915000200E0
2.193854362E2,8.791049957E0,6.936000347E0,-4.795950413E0
2.193878798E2,6.354000092E0,3.751950264E0,-1.039905071E1
2.193903232E2,-3.055050135E0,6.643950462E0,-3.561000109E0
2.193927669E2,-3.210000098E-1,4.537050247E0,4.464000225E0
2.193952103E2,8.614050865E0,2.734050035E0,-3.039000034E0
2.193976539E2,4.996050358E0,2.362950087E0,-7.674000263E0
2.194000976E2,1.624950051E0,5.374950409E0,4.060500264E-1
2.194025411E2,7.078950405E0,4.669050217E0,-1.933050036E0
2.194049847E2,4.587000370E0,5.907000065E0,-5.341950417E0
2.194074282E2,-1.537050128E0,7.021950245E0,2.697000027E0
2.194098718E2,-9.100500345E-1,8.169000626E0,4.687050343E0
2.194123152E2,6.591000080E0,6.316050529E0,-4.518000126E0
2.194147589E2,6.069000244E0,7.096950531E0,-7.777050495E0
2.194172025E2,9.172050476E0,7.566000462E0,-8.292000771E0
2.194196460E2,7.062000275E0,7.237950325E0,-1.082700062E1
2.194220896E2,-8.950500488E-1,8.329950333E0,-2.056950092E0
2.194245331E2,-2.715000153E0,8.422950745E0,6.358050346E0
2.194269767E2,2.833950043E0,8.164050102E0,1.236000061E0
2.194294204E2,6.817950249E0,7.674000263E0,-6.870000362E0
2.194318639E2,3.592950106E0,6.493050098E0,-2.953050137E0
2.194343075E2,7.930950165E0,7.759950161E0,-6.166050434E0
2.194367509E2,5.760000229E0,8.065950394E0,-7.818000317E0
2.194391946E2,7.680000067E-1,9.936000824E0,3.195000067E-2
2.194416382E2,9.570000172E-1,1.139700031E1,2.386050224E0
2.194440817E2,2.865000248E0,1.233300018E1,3.430500031E-1
2.194465253E2,2.925000191E0,1.094895077E1,-1.873050094E0
2.194489688E2,8.937000275E0,1.167900085E1,-5.991000175E0
2.194514124E2,9.235950470E0,1.064295006E1,-1.423005104E1
2.194538559E2,1.764000058E0,1.101795006E1,-8.893050194E0
2.194562995E2,-5.220000148E-1,1.081305027E1,1.368000031E0
2.194587431E2,3.370050192E0,1.098000050E1,-2.470500171E-1
2.194611866E2,4.279950142E0,9.787950516E0,-3.172950268E0
2.194636302E2,2.266950130E0,8.875950813E0,-4.720500112E-1
2.194660737E2,5.977950096E0,9.663000107E0,-7.069500089E-1
2.194685174E2,7.351950169E0,8.808000565E0,-5.419050217E0
2.194709610E2,2.202000141E0,9.793050766E0,-3.786000252E0
2.194734044E2,1.596000075E0,1.085100079E1,1.849500090E-1
2.194758481E2,5.049000263E0,1.101105022E1,-2.004000187E0
2.194782915E2,4.843050003E0,9.594000816E0,-3.787950277E0
2.194807351E2,7.660950184E0,1.082700062E1,-4.690950394E0
2.194831786E2,1.050495052E1,9.429000854E0,-9.943950653E0
2.194856223E2,3.339000225E0,9.440999985E0,-5.617050171E0
2.194880659E2,2.770500183E-1,8.101950645E0,1.894950032E0
2.194905094E2,2.350050211E0,7.827000141E0,1.969050050E0
2.194929530E2,3.993000269E0,7.291050434E0,-4.504050255E0
2.194953964E2,1.459950089E0,4.912950039E0,-5.328000069E0
2.194978400E2,4.077000141E0,6.679950237E0,-2.883000135E0
2.195002835E2,7.512000561E0,5.518950462E0,-6.208950520E0
2.195027272E2,1.555050015E0,7.314000130E0,-2.943000078E0
2.195051708E2,-6.490500569E-1,8.944950104E0,3.169050217E0
2.195076143E2,1.552950025E0,8.832000732E0,3.379050255E0
2.195100579E2,4.405050278E0,6.532050133E0,-4.372050285E0
2.195125016E2,4.747050285E0,8.536050797E0,-5.056950092E0
2.195149450E2,1.089105034E1,6.795000553E0,-9.592050552E0
2.195173887E2,4.860000134E0,6.393000126E0,-1.093800068E1
2.195198321E2,-2.111999989E0,8.839950562E0,-8.290500641E-1
2.195222757E2,-1.252050042E0,6.376050472E0,6.760050297E0
2.195247192E2,6.556950092E0,5.911050320E0,-2.598000050E0
2.195271628E2,4.266000271E0,4.501049995E0,-7.327050209E0
2.195296065E2,4.198950291E0,7.444050312E0,-1.461000085E0
2.195320500E2,9.013950348E0,6.211050510E0,-6.646950245E0
2.195344936E2,2.938950062E0,7.069950104E0,-5.778000355E0
2.195369371E2,-1.297950029E0,8.413050652E0,3.103950262E0
2.195393807E2,1.234950066E0,8.701050758E0,1.921050072E0
2.195418243E2,6.430050373E0,7.093950272E0,-6.903000355E0
2.195442677E2,3.715050220E0,8.822999954E0,-8.079000473E0
2.195467114E2,9.964050293E0,8.254950523E0,-7.990050316E0
2.195491549E2,6.696000099E0,7.036950111E0,-1.026000023E1
2.195515985E2,-1.186950088E0,9.769050598E0,-3.118050098E0
2.195540420E2,-1.816950083E0,8.518950462E0,4.591050148E0
2.195564857E2,6.069000244E0,8.088000298E0,-2.008949995E0
2.195589293E2,4.198950291E0,6.562950134E0,-7.516050339E0
2.195613727E2,2.398050070E0,7.096950531E0,-2.347050190E0
2.195638163E2,8.164050102E0,6.097950459E0,-5.008950233E0
2.195662598E2,4.627050400E0,7.705050468E0,-5.650950432E0
2.195687034E2,-1.909500062E-1,8.657999992E0,2.794950247E0
2.195711471E2,3.490500152E-1,9.462000847E0,2.580000162E0
2.195735906E2,5.745000362E0,8.904000282E0,-4.650000095E0
2.195760342E2,4.644000053E0,9.025950432E0,-5.898000240E0
2.195784777E2,8.266950607E0,9.388050079E0,-7.489950180E0
2.195809213E2,7.933950424E0,9.141000748E0,-9.190050125E0
2.195833648E2,1.170000061E-1,9.400050163E0,-7.189500332E-1
2.195858084E2,-1.402950048E0,9.685050011E0,4.375050068E0
2.195882521E2,9.690000415E-1,9.325950623E0,1.428000093E0
2.195906955E2,5.106000423E0,8.899050713E0,-1.803000093E0
2.195931391E2,2.821950197E0,6.934050560E0,-1.554000020E0
2.195955826E2,8.104050636E0,9.034049988E0,-4.807950020E0
2.195980263E2,6.283950329E0,8.491950035E0,-6.982050419E0
2.196004699E2,1.054949999E0,9.081000328E0,-1.687950134E0
2.196029134E2,1.218000054E0,1.021605015E1,1.660050035E0
2.196053570E2,3.736950159E0,1.181805038E1,-1.450950027E0
2.196078005E2,2.512950182E0,9.988950729E0,-2.766000032E0
2.196102441E2,6.852000237E0,1.021200085E1,-5.412000179E0
2.196126878E2,8.716950417E0,9.690000534E0,-1.120800018E1
2.196151312E2,1.965000153E0,9.067049980E0,-7.032000542E0
2.196175749E2,-1.254000068E0,9.309000015E0,1.825050116E0
2.196200183E2,-7.050000131E-3,8.409000397E0,2.340000153E0
2.196224619E2,2.009999990E0,5.224050045E0,-3.697050095E0
2.196249054E2,1.383000016E0,6.196050167E0,-1.327050090E0
2.196273490E2,8.125050545E0,5.773050308E0,-2.373000145E0
2.196297927E2,8.282999992E0,4.939050198E0,-7.666950226E0
2.196322362E2,4.759500325E-1,7.353000164E0,-2.127000093E0
2.196346798E2,-5.460000038E-1,8.301000595E0,3.790950298E0
2.196371232E2,4.632000446E0,7.474950314E0,-1.365000010E0
2.196395669E2,4.969950199E0,7.693050385E0,-5.392050266E0
2.196420105E2,6.763050556E0,9.220050812E0,-6.202050209E0
2.196444540E2,1.002405071E1,6.757050514E0,-1.016700077E1
2.196468976E2,2.670000196E-1,8.016000748E0,-8.440050125E0
2.196493411E2,-3.582000256E0,8.356050491E0,3.513000250E0
2.196517847E2,2.611050129E0,6.294000149E0,5.377950191E0
2.196542281E2,8.085000038E0,5.856000423E0,-6.214050293E0
2.196566718E2,4.101000309E0,5.617050171E0,-3.640050173E0
2.196591154E2,6.706050396E0,7.216050148E0,-1.782000065E0
2.196615589E2,6.888000488E0,5.634000301E0,-6.733050346E0
2.196640025E2,6.739500165E-1,7.396050453E0,-2.434950113E0
2.196664462E2,-1.395000052E-2,1.049595070E1,2.854950190E0
2.196688897E2,3.736950159E0,9.007050514E0,-2.730000019E0
2.196713333E2,4.507950306E0,9.060000420E0,-5.116950035E0
2.196737768E2,7.576950550E0,1.065900040E1,-5.917050362E0
2.196762204E2,9.732000351E0,9.589050293E0,-1.112895012E1
2.196786638E2,8.640000224E-1,9.835950851E0,-7.200000286E0
2.196811074E2,-2.727000237E0,1.069800091E1,3.130050182E0
2.196835509E2,2.250000000E0,8.686050415E0,2.440950155E0
2.196859946E2,5.725950241E0,6.955050468E0,-6.142050266E0
2.196884382E2,2.512950182E0,6.712950230E0,-3.961050272E0
2.196908817E2,8.295000076E0,7.108950138E0,-4.102050304E0
2.196933253E2,7.275000572E0,6.835950375E0,-7.156950474E0
2.196957687E2,5.310000181E-1,7.918050289E0,-1.609500051E-1
2.196982124E2,4.450500309E-1,9.204000473E0,2.893050194E0
2.197006558E2,4.543950081E0,9.244050026E0,-7.905000448E-2
2.197030995E2,5.374050140E0,8.515950203E0,-3.907950163E0
2.197055431E2,9.339000702E0,8.935050011E0,-7.212000370E0
2.197079866E2,9.760950089E0,7.899000168E0,-1.313595104E1
2.197104302E2,8.110500574E-1,8.655000687E0,-6.274050236E0
2.197128739E2,-2.964000225E0,8.800950050E0,4.275000095E0
2.197153174E2,1.552950025E0,6.934050560E0,3.667050123E0
2.197177610E2,4.776000023E0,5.160000324E0,-5.158050060E0
2.197202047E2,2.101050138E0,5.152050018E0,-2.830950022E0
2.197226481E2,8.820000648E0,4.321950436E0,-4.971000195E0
2.197250918E2,7.666050434E0,3.754050255E0,-9.139050484E0
2.197275351E2,-1.197000027E0,6.337950230E0,-1.171050072E0
2.197299788E2,-1.258950114E0,7.333950520E0,5.296950340E0
2.197324223E2,4.996050358E0,5.682000160E0,-1.131000042E0
2.197348659E2,5.401050091E0,6.709050179E0,-4.480050087E0
2.197373096E2,7.773000240E0,9.397050858E0,-3.420000076E0
2.197397531E2,1.016100025E1,5.100000381E0,-1.064505005E1
2.197421967E2,-5.670000315E-1,8.145000458E0,-7.498950481E0
2.197446401E2,-2.968950033E0,8.088000298E0,4.405950069E0
2.197470838E2,4.455000401E0,5.728950500E0,7.240500450E-1
2.197495272E2,5.101050377E0,5.562000275E0,-4.629000187E0
2.197519708E2,1.957950115E0,8.418000221E0,1.830000043E0
2.197544143E2,6.892050266E0,8.761050224E0,-2.385000229E0
2.197568580E2,6.574050426E0,8.348999977E0,-7.605000496E0
2.197593016E2,8.680500388E-1,9.835950851E0,-6.349500418E-1
2.197617451E2,2.530050039E0,1.292400074E1,1.275000095E0
2.197641888E2,5.029950142E0,1.268505096E1,-5.062050343E0
2.197666321E2,4.828050137E0,1.389405060E1,-2.160000086E0
2.197690758E2,9.871050835E0,1.412100029E1,-1.016895008E1
2.197715192E2,5.275950432E0,1.114500046E1,-1.116300011E1
2.197739629E2,7.095000148E-2,1.169805050E1,-3.064950228E0
2.197764065E2,3.870000243E-1,1.224405098E1,1.378050089E0
2.197788500E2,3.700950146E0,1.339095020E1,-5.890500546E-1
2.197812936E2,1.879050136E0,9.460050583E0,-4.300950050E0
2.197837373E2,2.230950117E0,1.102800083E1,-5.460000038E-1
2.197861807E2,8.274000168E0,9.862050056E0,-6.064950466E0
2.197886244E2,4.900050163E0,9.499950409E0,-7.408050537E0
2.197910678E2,1.744950056E0,1.026705074E1,-3.840000033E-1
2.197935114E2,3.724950075E0,1.002495003E1,-4.579500258E-1
2.197959551E2,2.614050150E0,8.478000641E0,-2.802000046E0
2.197983986E2,2.065050125E0,5.836950302E0,-3.454950094E0
2.198008422E2,8.092050552E0,6.067050457E0,-1.017105007E1
2.198032856E2,6.634050369E0,2.896950245E0,-1.392105103E1
2.198057293E2,-7.159500122E-1,4.753050327E0,-3.865050077E0
2.198081727E2,-1.219500080E-1,4.099050045E0,6.774000168E0
2.198106164E2,6.310950279E0,2.401050091E0,9.709500670E-1
2.198130600E2,4.350000381E0,1.446000099E0,-9.799500704E-1
2.198155035E2,3.616950274E0,7.264050484E0,5.275950432E0
2.198179471E2,9.682050705E0,3.193950176E0,-2.233950138E0
2.198203906E2,5.140050411E0,1.306950092E0,-9.214050293E0
2.198228342E2,-8.860500455E-1,8.109000206E0,-4.681050301E0
2.198252779E2,3.175950050E0,6.109950066E0,-1.995000124E0
2.198277214E2,5.583000183E0,5.883000374E0,-4.080000401E0
2.198301650E2,5.437050343E0,9.060000420E0,-6.610500216E-1
2.198326084E2,1.154205036E1,7.779000282E0,-6.444000244E0
2.198350521E2,3.744000196E0,5.277000427E0,-1.156995010E1
2.198374958E2,-6.079500318E-1,8.004000664E0,-1.404000044E0
2.198399392E2,3.919050217E0,1.026405048E1,-1.456050038E0
2.198423828E2,3.964050293E0,6.634050369E0,-4.353000164E0
2.198448263E2,9.190500379E-1,8.682000160E0,2.070000172E0
2.198472699E2,4.654050350E0,9.433050156E0,-1.630500108E-1
2.198497134E2,5.674050331E0,9.213000298E0,-6.403050423E0
2.198521570E2,1.941000104E0,9.522000313E0,-4.759950161E0
2.198546007E2,1.713000059E0,1.104195023E1,-1.465950012E0
2.198570441E2,3.648000240E0,1.179195023E1,-3.493950129E0
2.198594878E2,2.707050085E0,1.269195080E1,-4.831950188E0
2.198619312E2,7.299000263E0,1.407405090E1,-3.241950035E0
2.198643749E2,7.953000546E0,1.177995014E1,-9.409950256E0
2.198668185E2,1.539000034E0,1.027095032E1,-4.485000134E0
2.198692620E2,5.860500336E-1,1.215105057E1,2.977050066E0
2.198717056E2,4.696950436E0,1.093695068E1,-2.992950201E0
2.198741491E2,3.361050129E0,8.266950607E0,-4.084949970E0
2.198765927E2,1.270950079E0,9.280050278E0,4.560000300E-1
2.198790362E2,8.248050690E0,1.004400063E1,-4.063950062E0
2.198814799E2,5.491950035E0,7.920000553E0,-7.267050266E0
2.198839235E2,1.800000072E0,9.715950012E0,-2.179050207E0
2.198863669E2,3.684000254E0,1.115505028E1,-1.308000088E0
2.198888106E2,3.346050262E0,1.017600060E1,-2.944950104E0
2.198912543E2,4.345050335E0,1.030695057E1,-1.975950122E0
2.198936977E2,1.167600060E1,8.662050247E0,-8.254050255E0
2.198961413E2,8.899050713E0,6.735000134E0,-1.492395115E1
2.198985848E2,1.825950146E0,7.591950417E0,-7.525950432E0
2.199010284E2,2.604000092E0,6.649050236E0,-4.789500237E-1
2.199034719E2,4.608000278E0,6.232050419E0,-3.846000195E0
2.199059155E2,3.199500144E-1,4.447950363E0,-1.686000109E0
2.199083592E2,1.311000109E0,7.309950352E0,6.664050102E0
2.199108026E2,9.282000542E0,3.297000170E0,-2.677050114E0
2.199132462E2,4.165050030E0,1.803000093E0,-7.108950138E0
2.199156897E2,-1.048950076E0,5.866050243E0,-1.008000016E0
2.199181333E2,4.984050274E0,3.903000116E0,-2.344050169E0
2.199205770E2,5.638050079E0,4.300050259E0,-5.869050503E0
2.199230204E2,5.233050346E0,8.041950226E0,-2.206050158E0
2.199254641E2,9.234000206E0,6.370950222E0,-3.678000212E0
2.199279076E2,3.310050249E0,5.257950306E0,-7.894050598E0
2.199303512E2,-2.494950056E0,6.943050385E0,-4.708050251E0
2.199327949E2,3.649950266E0,5.887050152E0,3.310500085E-1
2.199352383E2,6.306000233E0,2.302950144E0,-4.293000221E0
2.199376819E2,7.530000210E-1,4.788000107E0,1.998000145E0
2.199401254E2,4.394999981E0,6.462000370E0,4.584000111E0
2.199425690E2,6.354000092E0,6.268050194E0,-4.261950016E0
2.199450125E2,2.410050154E0,4.984950066E0,-5.100000501E-1
2.199474562E2,3.499950171E0,9.706050873E0,1.617000103E0
2.199498998E2,3.073050261E0,1.008195019E1,-5.407050133E0
2.199523433E2,2.484000206E0,1.125105095E1,-3.064950228E0
2.199547869E2,5.772000313E0,1.209600067E1,-7.483050346E0
2.199572303E2,5.628000259E0,9.405000687E0,-1.220895100E1
2.199596740E2,1.605000161E-2,7.621050358E0,-7.947000504E0
2.199621177E2,1.060050011E0,7.180050373E0,-1.849050045E0
2.199645611E2,5.767050266E0,7.755000591E0,-4.750950336E0
2.199670047E2,2.602050066E0,5.073000431E0,-5.926050186E0
2.199694482E2,2.614050150E0,5.667000294E0,-8.460000157E-1
2.199718918E2,6.636000156E0,6.244050503E0,-5.494950294E0
2.199743353E2,4.291950226E0,2.076000214E0,-8.146050453E0
2.199767790E2,2.050500065E-1,4.975050449E0,2.746950150E0
2.199792226E2,3.196050167E0,6.603000164E0,2.539050102E0
2.199816661E2,5.176050186E0,4.578000069E0,-1.426950097E0
2.199841097E2,5.235000134E0,8.595000267E0,1.342050076E0
2.199865534E2,9.433050156E0,6.462000370E0,-3.039000034E0
2.199889968E2,5.844000340E0,4.389000416E0,-9.975000381E0
2.199914404E2,-8.689500690E-1,8.629050255E0,-7.195050240E0
2.199938839E2,3.154950142E0,6.879000187E0,-2.662950039E0
2.199963275E2,7.275000572E0,3.472050190E0,-7.048950195E0
2.199987710E2,1.551000118E0,4.183050156E0,-1.803000093E0
2.200012146E2,6.769950390E0,6.277950287E0,2.065050125E0
2.200036583E2,1.094805050E1,5.832000256E0,-7.933050156E0
2.200061017E2,3.664950132E0,5.763000488E0,-4.834950447E0
2.200085453E2,2.310000181E0,8.770050049E0,1.630950093E0
2.200109888E2,3.753000259E0,8.647950172E0,-2.280000210E0
2.200134325E2,2.877000093E0,9.061950684E0,-2.524050236E0
2.200158759E2,5.530050278E0,1.166700077E1,-3.289950132E0
2.200183196E2,7.867050171E0,8.527950287E0,-1.153905010E1
2.200207632E2,8.299500346E-1,9.036000252E0,-6.307050228E0
2.200232067E2,-4.240500331E-1,9.915000916E0,5.344950199E0
2.200256503E2,1.467000127E0,1.119105053E1,3.066000223E0
2.200280937E2,2.530050039E0,1.065705013E1,-1.890000105E0
2.200305374E2,9.070500135E-1,1.053705025E1,5.595000088E-2
2.200329811E2,1.054949999E0,1.342695045E1,2.127000093E0
2.200354245E2,2.827050209E0,1.134900093E1,2.211000204E0
2.200378681E2,1.848000050E0,1.066905022E1,-2.176950216E0
2.200403116E2,2.290950060E0,1.428405094E1,-2.076000214E0
2.200427552E2,4.270950317E0,1.427895069E1,5.779500008E-1
2.200451987E2,2.506050110E0,1.431795025E1,-1.702950120E0
2.200476424E2,2.305050135E0,1.669500160E1,4.729500115E-1
2.200500860E2,5.626050472E0,1.373595047E1,8.749500513E-1
2.200525295E2,1.414050102E0,1.075995064E1,-5.244000435E0
2.200549731E2,6.243000507E0,1.170600033E1,-6.877050400E0
2.200574168E2,5.971050262E0,1.202595043E1,-1.387095070E1
2.200598601E2,2.641950130E0,9.031050682E0,-9.103950500E0
2.200623038E2,4.394999981E0,8.799000740E0,-3.889050245E0
2.200647473E2,8.410050392E0,8.173950195E0,-6.613050461E0
2.200671909E2,4.198950291E0,7.261950493E0,-3.163050175E0
2.200696344E2,3.823050261E0,8.265000343E0,1.528050065E0
2.200720780E2,5.881950378E0,8.326950073E0,-5.629500151E-1
2.200745217E2,3.787050247E0,8.968950272E0,-4.240500331E-1
2.200769651E2,3.873000145E0,9.864000320E0,1.062000036E0
2.200794087E2,7.072050571E0,9.046050072E0,-5.881050110E0
2.200818522E2,3.628950119E0,6.373050213E0,-8.665050507E0
2.200842959E2,-3.900000155E-1,9.440999985E0,-1.654950023E0
2.200867395E2,2.809950113E0,8.136000633E0,-2.385000229E0
2.200891830E2,3.241050243E0,6.486000538E0,-4.606950283E0
2.200916266E2,1.804050088E0,8.257950783E0,4.750500321E-1
2.200940700E2,8.616000175E0,9.151050568E0,-8.340000510E-1
2.200965137E2,8.157000542E0,7.698000431E0,-7.999950409E0
2.200989571E2,3.370050192E0,8.815950394E0,-2.422950029E0
2.201014008E2,4.330049992E0,9.289950371E0,-2.119050026E0
2.201038444E2,5.062950134E0,1.002000046E1,-6.217950344E0
2.201062879E2,2.086950064E0,1.119795036E1,-4.293000221E0
2.201087315E2,8.239950180E0,1.026705074E1,-6.268950462E0
2.201111750E2,7.168050289E0,8.044950485E0,-1.287495041E1
2.201136186E2,1.170000061E-1,9.805050850E0,-5.377950191E0
2.201160620E2,1.009950042E0,7.975050449E0,2.592000008E0
2.201185057E2,4.606050014E0,7.633050442E0,-2.581950188E0
2.201209493E2,2.295000076E0,5.956950188E0,-3.015000105E0
2.201233928E2,2.080049992E0,6.730050087E0,2.496000051E0
2.201258365E2,6.712950230E0,5.716950417E0,-3.417000055E0
2.201282801E2,2.416950226E0,3.103050232E0,-3.558000088E0
2.201307236E2,8.400000334E-1,5.920950413E0,3.244950056E0
2.201331672E2,3.361050129E0,5.065950394E0,1.600050092E0
2.201356106E2,2.110949993E0,2.515950203E0,2.040000111E-1
2.201380543E2,2.452950001E0,6.304050446E0,1.854000092E0
2.201404977E2,7.177050114E0,6.619950294E0,-1.878000140E0
2.201429413E2,4.977000237E0,4.354950428E0,-6.580050468E0
2.201453850E2,9.810000658E-1,6.555000305E0,-2.281949997E0
2.201478285E2,2.413050175E0,7.858050346E0,-1.087050080E0
2.201502721E2,3.648000240E0,6.382950306E0,-6.052950382E0
2.201527158E2,4.710000157E-1,4.630050182E0,-3.859950066E0
2.201551592E2,4.089000225E0,5.830050468E0,-2.476050138E0
2.201576029E2,8.487000465E0,4.783950329E0,-8.098050117E0
2.201600463E2,3.397050142E0,3.852000237E0,-7.207050323E0
2.201624899E2,4.194000244E0,5.860950470E0,-2.875950098E0
2.201649334E2,6.579000473E0,5.808000088E0,-3.994050264E0
2.201673770E2,3.139950037E0,6.091050148E0,-3.489000082E0
2.201698205E2,1.129050016E0,8.871000290E0,3.157050133E0
2.201722642E2,4.896000385E0,8.035050392E0,1.950000048E0
2.201747078E2,4.953000069E0,5.229000092E0,-4.801050186E0
2.201771512E2,-6.460500360E-1,8.394000053E0,-8.170500398E-1
2.201795949E2,3.121050119E0,6.555000305E0,-1.195050001E0
2.201820383E2,6.337050438E0,7.111050129E0,-6.015000343E0
2.201844820E2,8.520000577E-1,7.173000336E0,-6.540000439E-1
2.201869254E2,5.710500479E-1,8.797050476E0,4.459050179E0
2.201893691E2,5.182950020E0,1.005795002E1,-1.600050092E0
2.201918127E2,3.994950294E0,9.847950935E0,-3.396000147E0
2.201942562E2,2.470050097E0,1.236195087E1,-1.510500014E-1
2.201966999E2,4.311000347E0,1.086495018E1,-4.698000431E0
2.201991435E2,2.755050182E0,1.080300045E1,-4.726950169E0
2.202015869E2,1.339950085E0,1.177500057E1,8.920500278E-1
2.202040306E2,2.154000044E0,1.088700008E1,-8.239500523E-1
2.202064740E2,2.274000168E0,1.113600063E1,-1.794000030E0
2.202089176E2,2.656950235E0,1.087695026E1,-1.726950049E0
2.202113613E2,2.371950150E0,1.131300068E1,7.290000319E-1
2.202138048E2,3.672000170E0,1.411395073E1,9.370500445E-1
2.202162484E2,4.153050423E0,1.360905075E1,-1.939950109E0
2.202186919E2,1.891050100E0,1.321395016E1,-2.407050133E0
2.202211355E2,1.431000113E0,1.464795113E1,-2.839950085E0
2.202235792E2,7.219500542E-1,1.374105072E1,-1.104000092E0
2.202260226E2,-1.200000048E-1,1.162695026E1,-2.710500062E-1
2.202284662E2,2.202000141E0,1.277100086E1,2.761950016E0
2.202309097E2,4.138950348E0,1.176795101E1,-4.746000290E0
2.202333533E2,3.615000248E0,9.996000290E0,-6.238050461E0
2.202357968E2,5.145000458E0,1.127205086E1,-4.744050026E0
2.202382404E2,5.817000389E0,1.230405045E1,-6.316950321E0
2.202406841E2,1.797000051E0,1.105695057E1,-3.505950212E0
2.202431275E2,5.830500126E-1,6.297000408E0,2.239950180E0
2.202455711E2,2.506050110E0,8.016000748E0,8.130000234E-1
2.202480146E2,2.950950146E0,1.024005032E1,-3.963000298E0
2.202504583E2,1.788000107E0,1.827000141E0,-3.448050261E0
2.202529019E2,3.708000183E0,2.710050106E0,-6.226050377E0
2.202553454E2,6.472950459E0,5.502000332E0,-1.187895012E1
2.202577890E2,1.584000111E0,4.354950428E0,-8.716050148E0
2.202602325E2,-1.831050038E0,6.076950073E0,3.220500052E-1
2.202626761E2,3.391950130E0,4.932000160E0,-1.969500035E-1
2.202651198E2,4.693950176E0,2.053950071E0,-5.352000237E0
2.202675632E2,-1.518000126E0,4.899000168E0,-1.380000114E0
2.202700068E2,3.661950111E0,3.097950220E0,1.696050048E0
2.202724503E2,7.456950188E0,1.939500123E-1,-2.236950159E0
2.202748940E2,4.069050312E0,9.000000544E-3,-4.669500291E-1
2.202773376E2,5.836050510E0,4.354950428E0,-2.311050177E0
2.202797811E2,1.288005066E1,3.412050247E0,-7.987950325E0
2.202822247E2,1.202100086E1,2.746050119E0,-8.304000854E0
2.202846682E2,4.323000431E0,8.571000099E0,-8.845050812E0
2.202871118E2,4.012050152E0,1.139895058E1,-1.273605061E1
2.202895552E2,2.001000166E0,1.141305065E1,5.089050293E0
2.202919989E2,1.864050031E0,1.220400047E1,5.797050476E0
2.202944426E2,1.776000142E0,1.181805038E1,-1.171050072E0
2.202968860E2,1.423950076E0,1.252005100E1,3.499500155E-1
2.202993296E2,2.443950176E0,1.200195026E1,2.812050104E0
2.203017731E2,1.600950122E0,1.022595024E1,-7.240500450E-1
2.203042167E2,2.404950142E0,1.197600079E1,4.530000091E-1
2.203066602E2,4.918950081E0,1.314705086E1,-5.460000038E-1
2.203091038E2,2.953950167E0,1.198605061E1,-1.866000056E0
2.203115475E2,3.169050217E0,1.040100002E1,-4.473000050E0
2.203139909E2,5.440950394E0,1.279995060E1,-1.503900051E1
2.203164346E2,1.900050044E0,1.147095013E1,-1.099695015E1
2.203188783E2,-1.630500108E-1,5.880000114E0,-7.690500617E-1
2.203213217E2,2.853000164E0,1.035000038E1,-7.330500484E-1
2.203237653E2,3.306000233E0,1.358295059E1,4.234050274E0
2.203262088E2,1.006950021E0,5.097000122E0,1.900500059E-1
2.203286524E2,5.310000181E-1,4.429050446E0,1.051950097E0
2.203310959E2,5.983050346E0,1.001295090E1,6.685950279E0
2.203335395E2,4.066950321E0,5.686050415E0,-2.470950127E0
2.203359832E2,1.783050060E0,3.895050287E0,9.180000424E-1
2.203384266E2,3.967050076E0,8.193000793E0,2.977050066E0
2.203408703E2,5.266950130E0,9.232050896E0,-1.155000091E0
2.203433137E2,1.165050030E0,7.216050148E0,-3.478950262E0
2.203457574E2,2.185050011E0,6.924000263E0,3.430500031E-1
2.203482010E2,6.199950218E0,8.097000122E0,-6.396000385E0
2.203506445E2,3.981000185E0,7.855950356E0,-8.194050789E0
2.203530881E2,1.810500026E-1,7.396050453E0,-7.519500256E-1
2.203555316E2,2.085000038E0,8.413050652E0,1.440000057E0
2.203579752E2,3.442050219E0,1.130805016E1,2.488950014E0
2.203604186E2,1.713000059E0,8.895000458E0,-3.027000189E0
2.203628623E2,9.859500527E-1,9.639000893E0,1.603050113E0
2.203653059E2,4.615050316E0,1.113795090E1,3.990000248E0
2.203677494E2,4.369050026E0,9.535950661E0,-4.786950111E0
2.203701930E2,1.759050131E0,9.181950569E0,-3.324000120E0
2.203726365E2,3.375000238E0,1.217700100E1,-3.894000292E0
2.203750802E2,2.158950090E0,1.178505039E1,-2.347050190E0
2.203775236E2,-3.040500283E-1,9.193950653E0,5.400000140E-2
2.203799673E2,-6.000000238E-2,8.065950394E0,1.399500072E-1
2.203824109E2,1.702050090E0,1.182495022E1,2.304000139E0
2.203848543E2,5.644950390E0,1.246005058E1,-7.950000465E-3
2.203872980E2,2.307000160E0,7.993950367E0,-3.757050276E0
2.203897416E2,4.431000233E0,1.074495029E1,-1.690950036E0
2.203921851E2,4.582050323E0,1.299600029E1,-4.369950294E0
2.203946287E2,8.560500145E-1,1.174905014E1,-3.508050203E0
2.203970722E2,1.170000061E-1,9.607950211E0,-1.590000093E-1
2.203995158E2,4.675050259E0,9.037950516E0,-2.650950193E0
2.204019592E2,7.321050167E0,9.904950142E0,-8.140950203E0
2.204044029E2,1.558050036E0,7.482000351E0,-6.693000317E0
2.204068466E2,2.749500275E-1,7.563000202E0,1.689000130E0
2.204092900E2,3.516000271E0,1.182300091E1,2.428950071E0
2.204117336E2,2.925000191E0,1.209300041E1,2.086050034E0
2.204141773E2,7.200000286E-1,6.898050308E0,-3.316950083E0
2.204166208E2,-2.539499998E-1,7.398000240E0,2.209500074E-1
2.204190644E2,2.049000025E0,1.346100044E1,2.638950109E0
2.204215079E2,2.656950235E0,1.200705051E1,1.540050030E0
2.204239515E2,1.062000036E0,5.703000069E0,-2.746950150E0
2.204263949E2,4.314000130E0,1.039800072E1,-4.630500078E-1
2.204288386E2,4.294950008E0,1.358505058E1,-7.995000362E0
2.204312822E2,2.494050026E0,9.802050591E0,-6.372000217E0
2.204337257E2,2.665950060E0,8.695950508E0,-5.545950413E0
2.204361693E2,7.726050377E0,9.088950157E0,-8.713050842E0
2.204386128E2,6.121050358E0,8.538000107E0,-8.799000740E0
2.204410565E2,2.404950142E0,7.153950214E0,-2.905050039E0
2.204434999E2,5.382000446E0,8.341950417E0,-5.539500117E-1
2.204459436E2,6.136050224E0,1.034295082E1,-2.242050171E0
2.204483872E2,2.109000206E0,8.595000267E0,-1.447050095E0
2.204508306E2,2.250000000E0,5.715000153E0,4.939500093E-1
2.204532743E2,7.150950432E0,9.247050285E0,-3.313950062E0
2.204557177E2,5.973000050E0,9.144000053E0,-9.550950050E0
2.204581614E2,1.657950044E0,8.416049957E0,-5.922000408E0
2.204606050E2,3.010500073E-1,8.578950882E0,1.236000061E0
2.204630485E2,4.695000127E-2,1.110495090E1,4.312950134E0
2.204654921E2,3.030000031E-1,9.225000381E0,1.834950089E0
2.204679356E2,1.849950075E0,9.193950653E0,8.205000311E-2
2.204703792E2,5.362050056E0,8.914050102E0,-3.127050161E0
2.204728226E2,7.917000294E0,8.998050690E0,-7.981050491E0
2.204752663E2,3.643050194E0,9.019050598E0,-5.917050362E0
2.204777099E2,6.169500351E-1,9.807000160E0,6.379500031E-1
2.204801534E2,1.618050098E0,1.209795094E1,9.180000424E-1
2.204825970E2,2.656950235E0,1.190205097E1,-6.900000572E-1
2.204850407E2,7.579500079E-1,9.589050293E0,-7.279500365E-1
2.204874842E2,-2.130000144E-1,6.715950489E0,-1.578000069E0
2.204899278E2,9.379500151E-1,1.292700100E1,-6.850500107E-1
2.204923712E2,2.173050165E0,1.452105045E1,1.018050075E0
2.204948149E2,1.567050099E0,8.072999954E0,-1.582950115E0
2.204972586E2,8.100000024E-2,9.511950493E0,-3.142050266E0
2.204997019E2,-1.192050099E0,1.585200119E1,3.196950197E0
2.205021456E2,-1.447950125E0,1.082400036E1,1.332000017E0
2.205045891E2,-3.201000214E0,1.186605072E1,-1.827000141E0
2.205070327E2,-2.052000046E0,8.916000366E0,-2.673000097E0
2.205094764E2,-4.950000439E-3,1.183995056E1,4.552050114E0
2.205119199E2,2.659050226E0,8.550000191E0,4.177050114E0
2.205143633E2,4.258950233E0,4.876950264E0,3.049050093E0
2.205168070E2,6.025950432E0,7.582950592E0,5.094000340E0
2.205192506E2,6.052050114E0,7.810050488E0,6.178050518E0
2.205216941E2,3.073050261E0,3.466950178E0,3.243000269E0
2.205241377E2,3.379950047E0,6.582000256E0,2.278050184E0
2.205265811E2,4.690050125E0,9.912000656E0,3.793050289E0
2.205290248E2,4.309050083E0,8.583000183E0,5.343000412E0
2.205314684E2,1.836000085E0,5.827950478E0,1.950000077E-1
2.205339119E2,2.935050249E0,1.029300022E1,1.966950059E0
2.205363555E2,1.580895042E1,9.237000465E0,-1.802505112E1
2.205387990E2,3.640950203E0,8.310000420E0,-3.114495087E1
2.205412427E2,-4.980000257E-1,7.434000492E0,-2.343600082E1
2.205436863E2,4.819050312E0,8.338950157E0,-1.139505100E1
2.205461298E2,6.940050125E0,8.803950310E0,-8.236949921E0
2.205485734E2,6.649500132E-1,6.951000214E0,-2.320950031E0
2.205510168E2,-3.300000131E-1,1.048905087E1,5.818950176E0
2.205534605E2,1.177050114E0,1.317795086E1,7.708050251E0
2.205559042E2,1.936050057E0,1.081500053E1,-4.939500093E-1
2.205583476E2,2.073000193E0,9.526950836E0,-2.400000095E0
2.205607912E2,1.660950065E0,8.976000786E0,1.555050015E0
2.205632349E2,2.923050165E0,1.246005058E1,2.685000181E0
2.205656783E2,3.823050261E0,1.259895039E1,3.720000088E-1
2.205681220E2,2.218950033E0,9.499950409E0,-2.164950132E0
2.205705654E2,1.624950051E0,1.055400085E1,3.480000198E-1
2.205730091E2,1.183950067E0,1.246905041E1,-6.795000285E-2
2.205754525E2,5.140500069E-1,1.078905010E1,-7.759500146E-1
2.205778961E2,-1.000950098E0,6.979050159E0,2.980500162E-1
2.205803398E2,-2.629500031E-1,7.246950150E0,6.109500527E-1
2.205827833E2,1.957950115E0,1.242105103E1,2.424000025E0
2.205852269E2,4.474050045E0,9.322950363E0,5.419500470E-1
2.205876704E2,3.199950218E0,4.957950115E0,-5.998050213E0
2.205901140E2,5.701950073E0,8.392050743E0,-8.244000435E0
2.205925574E2,3.346050262E0,1.159500027E1,-8.788050652E0
2.205950011E2,4.110000134E-1,6.661050320E0,-2.059950113E0
2.205974448E2,-1.695000008E-2,4.707000256E0,1.342050076E0
2.205998882E2,4.591050148E0,1.074105072E1,1.248000026E0
2.206023318E2,3.430050135E0,1.161000061E1,1.951950073E0
2.206047753E2,1.735050082E0,5.125950336E0,6.400500536E-1
2.206072190E2,2.245050192E0,7.554000378E0,-2.425950050E0
2.206096626E2,2.961000204E0,1.341495037E1,2.383050203E0
2.206121060E2,1.996050119E0,1.020195007E1,2.416950226E0
2.206145497E2,7.579500079E-1,6.121950150E0,-7.909500599E-1
2.206169931E2,3.418050051E0,6.979050159E0,-3.055950165E0
2.206194368E2,7.648950577E0,9.430950165E0,-1.210605049E1
2.206218802E2,4.936050415E0,8.161950111E0,-1.219695091E1
2.206243239E2,1.000050068E0,6.606000423E0,-2.818950176E0
2.206267675E2,3.564000130E0,8.631000519E0,1.963950038E0
2.206292110E2,3.262950182E0,1.245495033E1,5.179499984E-1
2.206316546E2,1.396950126E0,7.900950432E0,2.007000208E0
2.206340983E2,4.999500215E-1,4.906050205E0,2.593950033E0
2.206365418E2,6.040050507E0,8.847000122E0,7.995000482E-2
2.206389854E2,5.074950218E0,8.506950378E0,-6.036000252E0
2.206414288E2,2.602050066E0,7.360050201E0,-4.449000359E0
2.206438724E2,6.379500031E-1,6.775950432E0,-4.485000134E0
2.206463159E2,3.082950115E0,1.034100056E1,-2.488050222E0
2.206487596E2,2.295000076E0,8.758049965E0,-3.979950190E0
2.206512032E2,2.269500047E-1,8.242950439E0,-1.111050010E0
2.206536467E2,3.409050226E0,7.030050278E0,-1.230000034E-1
2.206560903E2,7.816950321E0,7.731000423E0,-6.034050465E0
2.206585337E2,3.988050222E0,6.931050301E0,-8.758950233E0
2.206609773E2,-5.100000501E-1,6.478950500E0,-4.630500078E-1
2.206634211E2,-1.939500123E-1,8.101950645E0,2.455050230E0
2.206658644E2,3.370500207E-1,1.006800079E1,1.315050006E0
2.206683081E2,1.258950114E0,8.425050735E0,-2.419500053E-1
2.206707516E2,9.709500670E-1,6.211050510E0,-5.419500470E-1
2.206731952E2,9.900000691E-1,8.931000710E0,1.236000061E0
2.206756389E2,2.512950182E0,1.223700047E1,1.299000025E0
2.206780824E2,3.138000250E0,1.061595058E1,1.159500033E-1
2.206805260E2,1.965000153E0,6.847950459E0,-1.753050089E0
2.206829695E2,1.524000049E0,1.024305058E1,-1.044000030E0
2.206854131E2,1.897950053E0,1.293900108E1,1.114050031E0
2.206878565E2,2.302050114E0,9.199050903E0,-5.340000391E-1
2.206903002E2,1.849950075E0,8.686050415E0,1.138050079E0
2.206927438E2,5.994000435E0,1.073805046E1,-2.971950054E0
2.206951873E2,6.102000237E0,1.153605080E1,-9.733050346E0
2.206976309E2,3.715050220E0,9.481050491E0,-7.573950291E0
2.207000743E2,1.498050094E0,1.125105095E1,-5.869500041E-1
2.207025180E2,2.389050007E0,1.434600067E1,1.207950115E0
2.207049617E2,2.077050209E0,1.282800102E1,1.849500090E-1
2.207074051E2,2.355000019E0,9.060000420E0,4.200000167E-1
2.207098487E2,4.159950256E0,9.436050415E0,-2.494950056E0
2.207122922E2,7.156050205E0,1.194000053E1,-8.138999939E0
2.207147358E2,5.197050095E0,1.065195084E1,-9.637050629E0
2.207171793E2,1.711050034E0,8.179050446E0,-1.924950123E0
2.207196229E2,2.113049984E0,8.779950142E0,2.857050180E0
2.207220666E2,2.688000202E0,1.489200115E1,2.128950119E0
2.207245100E2,1.399950027E0,1.073100090E1,2.179949999E0
2.207269536E2,7.009500265E-1,6.979050159E0,7.410000563E-1
2.207293973E2,5.235000134E0,9.133950233E0,-4.708050251E0
2.207318407E2,9.088050842E0,9.481050491E0,-1.238595104E1
2.207342844E2,4.171950340E0,8.703000069E0,-1.320000076E1
2.207367279E2,7.339500189E-1,8.113950729E0,-2.221950054E0
2.207391715E2,3.000000119E-2,8.566950798E0,3.250050068E0
2.207416149E2,-4.860000312E-1,1.152405071E1,4.785000324E0
2.207440585E2,4.009500146E-1,6.286950111E0,7.020000219E-1
2.207465022E2,1.393050075E0,7.177950382E0,-1.027950048E0
2.207489457E2,5.002950191E0,8.880000114E0,3.973050117E0
2.207513893E2,7.692000389E0,8.032950401E0,-6.052950382E0
2.207538328E2,3.586050272E0,7.432050228E0,-5.107050419E0
2.207562765E2,1.885950089E0,7.341000557E0,-3.600000143E-1
2.207587199E2,1.381050110E0,1.194495010E1,2.860050201E0
2.207611636E2,1.237050056E0,1.114305019E1,2.569500208E-1
2.207636072E2,3.970500231E-1,6.912000179E0,-9.769500494E-1
2.207660506E2,2.218950033E0,6.754050255E0,-3.930000067E-1
2.207684943E2,4.684950352E0,8.212050438E0,-4.927950382E0
2.207709379E2,7.246950150E0,9.991050720E0,-9.241950035E0
2.207733814E2,2.506050110E0,8.092950821E0,-6.211050510E0
2.207758250E2,9.709500670E-1,7.519950390E0,2.041050196E0
2.207782685E2,1.141050100E0,1.201695061E1,2.911950111E0
2.207807121E2,1.966950059E0,1.178205013E1,2.224950075E0
2.207831556E2,1.054949999E0,5.542950153E0,-8.620500565E-1
2.207855993E2,5.508000374E0,6.310950279E0,-3.163050175E0
2.207880426E2,9.106950760E0,9.709050179E0,-9.025050163E0
2.207904863E2,5.983050346E0,8.956950188E0,-1.249905014E1
2.207929300E2,1.122000098E0,6.441000462E0,-5.359050274E0
2.207953734E2,5.209500194E-1,6.610950470E0,3.480000257E0
2.207978170E2,-1.266000032E0,1.299105072E1,5.404950142E0
2.208002607E2,-3.589500189E-1,7.336050510E0,4.920000136E-1
2.208027041E2,2.938950062E0,5.770050049E0,1.864050031E0
2.208051478E2,5.956050396E0,6.007050514E0,-3.601050138E0
2.208075912E2,7.905000210E0,7.197000504E0,-9.232950211E0
2.208100349E2,3.532950163E0,6.946050167E0,-1.125600052E1
2.208124783E2,-1.650000066E-1,5.080950260E0,-2.308950186E0
2.208149220E2,-1.195050001E0,7.875000477E0,5.107950211E0
2.208173656E2,-8.880000710E-1,8.947050095E0,2.448000193E0
2.208198091E2,1.395000100E0,6.085950375E0,-1.390500069E-1
2.208222527E2,1.969950080E0,4.767000198E0,9.280500412E-1
2.208246962E2,2.319000006E0,7.159050465E0,1.557000041E0
2.208271399E2,3.883050203E0,9.904950142E0,3.118050098E0
2.208295835E2,6.066000462E0,9.850050926E0,1.354050040E0
2.208320270E2,3.238950253E0,6.759000301E0,-3.079950094E0
2.208344706E2,2.287950039E0,1.172700024E1,-4.950000439E-3
2.208369140E2,3.817950249E0,1.443495083E1,-2.163000107E0
2.208393576E2,2.338050127E0,1.274505043E1,-3.700050116E0
2.208418013E2,9.660000205E-1,1.038900089E1,-1.180950046E0
2.208442448E2,3.940050125E0,1.107600021E1,-2.584050179E0
2.208466884E2,5.383950233E0,1.499805069E1,-7.909050465E0
2.208491319E2,4.800000191E0,1.248105049E1,-8.634000778E0
2.208515756E2,1.563000083E0,1.120005035E1,-1.324950099E0
2.208540190E2,1.813950062E0,1.324995041E1,1.215000033E0
2.208564626E2,2.362050056E0,1.740900040E1,1.686000109E0
2.208589063E2,1.633950114E0,1.031700039E1,-1.285950065E0
2.208613497E2,1.999500096E-1,8.815950394E0,7.549500465E-1
2.208637933E2,2.109000206E0,1.232100105E1,1.021050096E0
2.208662370E2,6.018000126E0,1.482495117E1,-6.478950500E0
2.208686805E2,5.439000130E0,1.031205082E1,-7.645050526E0
2.208711241E2,2.143949986E0,8.899050713E0,-1.111050010E0
2.208735676E2,1.717950106E0,1.218705082E1,2.350050211E0
2.208760112E2,1.495950103E0,1.601100159E1,2.977050066E0
2.208784546E2,8.590500355E-1,1.061100006E1,2.484000206E0
2.208808983E2,1.240500063E-1,6.301950455E0,7.810500264E-1
2.208833419E2,2.560950041E0,9.670050621E0,-2.200950146E0
2.208857854E2,5.530050278E0,1.104195023E1,-8.509950638E0
2.208882290E2,4.821000099E0,8.044950485E0,-8.826000214E0
2.208906725E2,6.820500493E-1,7.570950508E0,-1.960950136E0
2.208931162E2,7.249500155E-1,9.019050598E0,3.031950235E0
2.208955598E2,8.490000367E-1,1.303905106E1,2.890950203E0
2.208980033E2,8.920500278E-1,7.843950272E0,-5.595000088E-2
2.209004469E2,6.100500226E-1,4.585050106E0,-2.385000229E0
2.209028903E2,1.729950070E0,8.665050507E0,1.825050116E0
2.209053340E2,7.089000225E0,1.039605045E1,-4.687950134E0
2.209077774E2,3.588000059E0,5.148000240E0,-7.624050140E0
2.209102211E2,1.503000021E0,3.700950146E0,-2.104950190E0
2.209126647E2,1.384950042E0,8.775000572E0,2.101050138E0
2.209151082E2,1.330050111E0,1.033095074E1,3.100500107E-1
2.209175518E2,7.219500542E-1,3.646050215E0,-7.240500450E-1
2.209199953E2,5.205000192E-2,2.265000105E0,1.188000083E0
2.209224390E2,3.709950209E0,5.674050331E0,-7.200000435E-2
2.209248824E2,7.843050480E0,6.534000397E0,-8.698950768E0
2.209273260E2,4.917000294E0,3.012000084E0,-9.736050606E0
2.209297697E2,9.705000371E-2,4.939050198E0,-5.629500151E-1
2.209322131E2,-6.030000448E-1,9.256050110E0,6.703050137E0
2.209346568E2,1.084050059E0,9.931050301E0,1.629000068E0
2.209371004E2,3.861000299E0,8.803950310E0,2.448000193E0
2.209395439E2,2.488950014E0,7.975050449E0,1.423050046E0
2.209419875E2,6.289050102E0,1.072395039E1,-2.826000214E0
2.209444310E2,8.497050285E0,1.132500076E1,-1.021905041E1
2.209468746E2,5.238000393E0,9.642000198E0,-1.175400066E1
2.209493180E2,7.369500399E-1,8.422950745E0,-2.941050053E0
2.209517617E2,1.639500111E-1,1.015395069E1,1.914000034E0
2.209542053E2,2.257050037E0,1.709295082E1,1.584000111E0
2.209566488E2,2.719050169E0,1.117395020E1,3.580500185E-1
2.209590924E2,2.266950130E0,7.606950283E0,-7.909500599E-1
2.209615361E2,3.937950134E0,1.140900040E1,-5.098050117E0
2.209639795E2,6.753000259E0,1.305405045E1,-8.601000786E0
2.209664232E2,3.258000135E0,1.058700085E1,-8.545949936E0
2.209688666E2,1.362000108E0,9.145950317E0,-2.539499998E-1
2.209713102E2,1.195950031E0,1.189695072E1,1.344000101E0
2.209737537E2,-4.360500276E-1,1.631895065E1,2.452950001E0
2.209761973E2,2.290500104E-1,8.526000023E0,3.013050079E0
2.209786410E2,9.469500184E-1,9.429000854E0,1.483050108E0
2.209810845E2,1.753950119E0,1.307505035E1,1.248000026E0
2.209835281E2,3.175950050E0,1.391805077E1,3.400950193E0
2.209859716E2,4.660950184E0,1.191600037E1,3.750000238E0
2.209884152E2,3.469050169E0,8.350950241E0,6.349500418E-1
2.209908589E2,3.435000181E0,1.148805046E1,-3.172950268E0
2.209933023E2,5.833950043E0,1.418100071E1,-8.983950615E0
2.209957459E2,4.948050022E0,1.034100056E1,-1.041795063E1
2.209981894E2,8.040000200E-1,8.689050674E0,-4.321950436E0
2.210006330E2,4.710000157E-1,9.417000771E0,3.540000200E0
2.210030767E2,5.335950375E0,1.371900082E1,-1.560000032E-1
2.210055202E2,5.860050201E0,1.041495037E1,-3.855000257E0
2.210079638E2,3.898950100E0,6.316050529E0,9.559500217E-1
2.210104072E2,2.974950075E0,8.907000542E0,9.990000725E-1
2.210128509E2,3.220050097E0,1.195695019E1,4.630500078E-1
2.210152943E2,2.203950167E0,8.334000587E0,-2.263050079E0
2.210177379E2,3.030000031E-1,1.306950092E0,-1.746000051E0
2.210201816E2,1.582050085E0,6.321000099E0,-2.644050121E0
2.210226251E2,6.639000416E0,1.103505039E1,-7.660050392E0
2.210250687E2,6.544950485E0,5.575950146E0,-1.358805084E1
2.210275121E2,2.100000083E-1,8.302950859E0,-4.963950157E0
2.210299558E2,-2.926050186E0,8.892000198E0,4.942950249E0
2.210323995E2,-1.791000128E0,1.120500088E1,5.163000107E0
2.210348429E2,2.785950184E0,7.153950214E0,2.244000196E0
2.210372865E2,5.065050125E0,2.983050108E0,3.480000198E-1
2.210397300E2,6.484950542E0,4.944000244E0,-1.537950039E0
2.210421736E2,7.753950596E0,6.463950157E0,-5.151000023E0
2.210446171E2,6.322050095E0,5.514000416E0,-6.277950287E0
2.210470608E2,2.005950212E0,4.867050171E0,3.790500164E-1
2.210495044E2,8.040000200E-1,8.548050880E0,1.066050053E0
2.210519478E2,-1.080000028E-1,1.385595036E1,-9.490500689E-1
2.210543915E2,7.530000210E-1,9.907050133E0,1.969500035E-1
2.210568351E2,-7.605000585E-2,7.153950214E0,2.359500080E-1
2.210592786E2,-1.072050095E0,7.195050240E0,-1.303050041E0
2.210617222E2,-1.479000092E0,9.454950333E0,-6.795000285E-2
2.210641657E2,7.630500197E-1,8.689050674E0,5.879999995E-1
2.210666093E2,1.969950080E0,5.338950157E0,5.520000458E-1
2.210690528E2,9.040500522E-1,4.570950031E0,-2.078999996E0
2.210714964E2,6.550500393E-1,1.054395008E1,-8.895000070E-2
2.210739401E2,4.005000114E0,1.058295059E1,2.050050020E0
2.210763835E2,2.656950235E0,5.916000366E0,-6.349950314E0
2.210788271E2,2.539950132E0,6.771000385E0,-4.068000317E0
2.210812706E2,6.226950169E0,9.727950096E0,-5.941050053E0
2.210837142E2,8.370000839E0,7.723950386E0,-9.321000099E0
2.210861577E2,3.480000257E0,7.987050533E0,-4.554000378E0
2.210886013E2,2.223000050E0,9.109950066E0,3.810000181E0
2.210910450E2,1.129050016E0,1.306605053E1,4.813050270E0
2.210934884E2,7.249500155E-1,1.376700020E1,-2.470500171E-1
2.210959320E2,1.354050040E0,1.037700081E1,1.167000055E0
2.210983757E2,2.503950119E0,9.043050766E0,1.830000043E0
2.211008192E2,4.735050201E0,1.073595047E1,-3.391050100E0
2.211032628E2,6.847050190E0,1.164105034E1,-8.730000496E0
2.211057063E2,8.664000511E0,8.610000610E0,-1.359795094E1
2.211081499E2,2.305050135E0,1.020900059E1,-7.576050282E0
2.211105933E2,7.870500088E-1,1.187805080E1,2.011950016E0
2.211130370E2,2.443950176E0,1.482495117E1,2.955000162E0
2.211154806E2,2.223000050E0,1.126305008E1,1.380000114E0
2.211179241E2,2.049000025E0,8.322000504E0,-1.546950102E0
2.211203677E2,3.199950218E0,1.071900082E1,-3.103050232E0
2.211228114E2,7.471950531E0,1.025205040E1,-6.336000443E0
2.211252549E2,7.251000404E0,7.702050209E0,-1.014000034E1
2.211276985E2,2.641950130E0,8.976000786E0,-4.801050186E0
2.211301420E2,1.363950014E0,1.120305061E1,2.509950161E0
2.211325856E2,-3.919500113E-1,1.455705070E1,6.211950302E0
2.211350290E2,6.360000372E-1,9.235050201E0,3.054000139E0
2.211374726E2,1.716000080E0,9.262950897E0,1.555050015E0
2.211399163E2,3.037950039E0,8.670000076E0,-5.149500370E-1
2.211423598E2,7.258950233E0,9.967050552E0,-4.032000065E0
2.211448034E2,8.983050346E0,9.369000435E0,-1.022400093E1
2.211472469E2,4.615050316E0,8.164050102E0,-7.485000134E0
2.211496905E2,1.563000083E0,9.366000175E0,2.272950172E0
2.211521342E2,9.139500260E-1,1.156905079E1,2.809500098E-1
2.211545776E2,1.242000103E0,1.204800034E1,3.580500185E-1
2.211570213E2,7.630500197E-1,7.099050522E0,-9.580500722E-1
2.211594647E2,-6.195000187E-2,7.959000587E0,3.100500107E-1
2.211619083E2,-1.290000081E-1,8.998050690E0,5.040000081E-1
2.211643520E2,2.286000013E0,1.064295006E1,1.228950024E0
2.211667955E2,3.327000141E0,6.838050365E0,3.889500201E-1
2.211692391E2,3.688950062E0,5.506950378E0,-2.040000111E-1
2.211716826E2,2.595000029E0,1.034100056E1,8.869500160E-1
2.211741263E2,9.760500193E-1,1.079100037E1,3.718950272E0
2.211765696E2,5.020500422E-1,5.416050434E0,3.705000162E0
2.211790133E2,7.650000453E-1,2.866050243E0,1.927950144E0
2.211814570E2,3.016050100E0,5.602950096E0,-2.230500132E-1
2.211839004E2,7.804950237E0,6.448050499E0,-6.156000137E0
2.211863440E2,7.030950546E0,4.635000229E0,-1.436895084E1
2.211887875E2,8.560500145E-1,7.185000420E0,-9.781050682E0
2.211912312E2,-9.360000491E-1,9.226950645E0,1.560000062E0
2.211936748E2,-2.085000038E0,1.281705093E1,6.421950340E0
2.211961183E2,2.190000117E-1,9.685050011E0,-8.790000677E-1
2.211985619E2,1.201050043E0,8.899050713E0,2.160000056E-1
2.212010053E2,3.502050161E0,9.220050812E0,1.833000064E0
2.212034489E2,6.796950340E0,9.232050896E0,-5.293950081E0
2.212058924E2,1.096005058E1,7.213950157E0,-1.195500088E1
2.212083361E2,5.449050426E0,6.618000507E0,-1.054005051E1
2.212107797E2,1.510050058E0,9.169950485E0,-5.749500394E-1
2.212132232E2,1.347000122E0,1.294095039E1,2.752050161E0
2.212156668E2,1.905000091E0,1.348005104E1,3.019950151E0
2.212181105E2,1.555050015E0,8.983050346E0,-1.726950049E0
2.212205540E2,6.979500055E-1,1.049400043E1,-5.833050251E0
2.212229976E2,3.756000280E0,9.828000069E0,-8.170050621E0
2.212254410E2,6.985950470E0,9.769050598E0,-9.766950607E0
2.212278846E2,5.286000252E0,8.457000732E0,-8.480999947E0
2.212303281E2,7.750500441E-1,8.884950638E0,4.390500188E-1
2.212327718E2,-9.795000404E-2,1.023300076E1,4.909050465E0
2.212352154E2,1.090500057E-1,8.731950760E0,3.568050146E0
2.212376589E2,3.973950148E0,7.470000267E0,2.842950106E0
2.212401026E2,7.258950233E0,5.437050343E0,-4.363049984E0
2.212425459E2,6.526050091E0,5.989950180E0,-5.794950485E0
2.212449896E2,9.088050842E0,7.293000221E0,-7.462950230E0
2.212474333E2,7.630050182E0,7.044000149E0,-9.028950691E0
2.212498767E2,2.463000059E0,8.811000824E0,-3.445950270E0
2.212523203E2,1.894950032E0,1.023795033E1,4.071000099E0
2.212547638E2,-4.240500331E-1,1.267500019E1,3.226050138E0
2.212572075E2,0.000000000E0,1.060200024E1,3.409500122E-1
2.212596511E2,1.042950034E0,1.042005062E1,1.456950068E0
2.212620945E2,2.986950159E0,9.514950752E0,-6.280500293E-1
2.212645382E2,3.684000254E0,8.707950592E0,-2.677050114E0
2.212669816E2,7.623000145E0,1.008000088E1,-9.168000221E0
2.212694253E2,6.976050377E0,1.001505089E1,-1.068900013E1
2.212718687E2,9.499500394E-1,1.050600052E1,-2.716050148E0
2.212743124E2,1.053000093E0,9.606000900E0,2.709000111E0
2.212767560E2,6.340500116E-1,1.172505093E1,1.774950027E0
2.212791995E2,8.350500464E-1,1.021395016E1,-2.830500007E-1
2.212816431E2,9.400500655E-1,8.890050888E0,-8.205000311E-2
2.212840868E2,1.255950093E0,9.828000069E0,6.739500165E-1
2.212865303E2,1.239000082E0,9.687000275E0,7.800000161E-2
2.212889739E2,2.973000050E0,9.867000580E0,7.120500207E-1
2.212914173E2,4.539000034E0,9.440999985E0,8.100000620E-1
2.212938610E2,3.655050278E0,9.775950432E0,4.650000334E-1
2.212963044E2,1.776000142E0,1.062300014E1,1.746000051E0
2.212987481E2,1.078950047E0,9.667950630E0,2.164950132E0
2.213011917E2,1.491000056E0,9.381000519E0,2.091000080E0
2.213036352E2,9.400500655E-1,8.113950729E0,-7.570500374E-1
2.213060788E2,9.379500151E-1,8.302950859E0,3.030000031E-1
2.213085223E2,4.354050159E0,8.992950439E0,1.050000079E-3
2.213109660E2,4.663050175E0,9.385950089E0,-7.638000488E0
2.213134096E2,2.359950066E0,1.054005051E1,-6.004950523E0
2.213158530E2,-1.695000008E-2,9.153000832E0,-9.870000482E-1
2.213182967E2,2.530499995E-1,7.663950443E0,7.459500432E-1
2.213207401E2,5.895000324E-2,1.058295059E1,2.268000126E0
2.213231837E2,6.910500526E-1,8.880000114E0,4.270500243E-1
2.213256274E2,3.580500185E-1,7.972950459E0,-2.730000019E-1
2.213280709E2,2.869500220E-1,8.527950287E0,7.339500189E-1
2.213305145E2,3.472950220E0,9.205950737E0,1.282050014E0
2.213329580E2,5.992050171E0,1.009395027E1,-7.009050369E0
2.213354016E2,2.595000029E0,9.289950371E0,-5.107050419E0
2.213378451E2,-1.200000010E-2,9.144000053E0,-2.148000002E0
2.213402887E2,2.176050186E0,8.184000015E0,-1.319999993E-1
2.213427324E2,7.018950462E0,8.088000298E0,-5.136000156E0
2.213451758E2,5.322000027E0,7.300050259E0,-4.971000195E0
2.213476194E2,2.371950150E0,7.420050144E0,-1.147050023E0
2.213500631E2,3.676950216E0,8.586000443E0,-5.220000148E-1
2.213525066E2,7.206000328E0,9.646050453E0,-4.474950314E0
2.213549502E2,4.693950176E0,9.991050720E0,-7.497000217E0
2.213573937E2,1.165050030E0,9.928950310E0,-3.448050261E0
2.213598373E2,-8.140500188E-1,8.512050629E0,3.460500240E-1
2.213622808E2,2.959500253E-1,8.619000435E0,1.452000022E0
2.213647244E2,4.399950027E0,6.637050152E0,-3.931950092E0
2.213671681E2,4.708950043E0,5.859000206E0,-3.513000250E0
2.213696115E2,4.270950317E0,6.394950390E0,-2.122050047E0
2.213720551E2,5.250000477E0,9.382950783E0,-1.315050006E0
2.213744986E2,6.832050323E0,1.013700008E1,-5.050050259E0
2.213769423E2,2.566050053E0,1.024695015E1,-3.883950233E0
2.213793859E2,-2.110500038E-1,1.226295090E1,8.920500278E-1
2.213818294E2,-1.579950094E0,1.038405037E1,8.389500380E-1
2.213842730E2,8.179500103E-1,9.984000206E0,1.396950126E0
2.213867165E2,4.024050236E0,1.034295082E1,-2.634000063E0
2.213891601E2,3.342000246E0,9.546000481E0,-3.424050093E0
2.213916038E2,3.427950144E0,9.405000687E0,-1.914000034E0
2.213940472E2,5.857950211E0,1.107600021E1,-2.737050056E0
2.213964908E2,7.776000500E0,1.205505085E1,-7.000950336E0
2.213989343E2,3.586050272E0,1.228500080E1,-3.550950050E0
2.214013780E2,1.206000090E0,1.097805023E1,1.834950089E0
2.214038214E2,5.790000558E-1,1.078605080E1,2.119500041E-1
2.214062651E2,1.074000001E0,1.089600086E1,9.730500579E-1
2.214087087E2,2.536950111E0,1.048905087E1,8.080500364E-1
2.214111522E2,2.941950083E0,9.927000046E0,9.180000424E-1
2.214135958E2,2.982000113E0,9.409049988E0,1.381950021E0
2.214160392E2,5.856000423E0,1.164300060E1,2.187000036E0
2.214184829E2,8.413050652E0,1.040805054E1,-3.894000292E0
2.214209265E2,3.303000212E0,1.144905090E1,-6.135000229E0
2.214233700E2,1.138950109E0,9.766050339E0,-2.554950237E0
2.214258136E2,6.900000572E-2,8.908950806E0,4.990500212E-1
2.214282571E2,8.989500403E-1,8.880000114E0,-3.739500046E-1
2.214307007E2,1.690050125E0,7.422000408E0,-1.897050142E0
2.214331444E2,8.680500388E-1,7.141950130E0,-1.087050080E0
2.214355878E2,1.383000016E0,7.489050388E0,-7.500000298E-2
2.214380315E2,4.000050068E0,9.064949989E0,-1.024950027E0
2.214404749E2,3.940050125E0,8.950050354E0,-3.216000080E0
2.214429186E2,1.924050093E0,8.950050354E0,-1.423050046E0
2.214453622E2,1.395000052E-2,7.563000202E0,1.549950123E0
2.214478057E2,-9.360000491E-1,6.084000111E0,2.050050020E0
2.214502493E2,2.464950085E0,6.175050259E0,-3.139500022E-1
2.214526928E2,4.462050438E0,6.256050110E0,-3.256950140E0
2.214551364E2,4.002000332E0,6.241950512E0,-4.144950390E0
2.214575798E2,2.503950119E0,7.069950104E0,-2.641050100E0
2.214600235E2,4.423950195E0,8.181000710E0,-3.546000242E0
2.214624671E2,3.006000042E0,8.598000526E0,-5.608050346E0
2.214649106E2,1.140000075E-1,9.277950287E0,-3.273000240E0
2.214673543E2,-1.105949998E0,7.003050327E0,-3.400500119E-1
2.214697977E2,2.190000057E0,6.048000336E0,1.945050120E0
2.214722414E2,6.552000523E0,5.884950161E0,-1.533000112E0
2.214746850E2,7.666050434E0,5.514000416E0,-3.793050289E0
2.214771284E2,4.582050323E0,5.830050468E0,-2.731950045E0
2.214795720E2,2.688000202E0,6.927000523E0,-1.152000070E0
2.214820155E2,4.623000145E0,7.789050579E0,-4.015950203E0
2.214844592E2,3.811050177E0,8.713050842E0,-7.855950356E0
2.214869028E2,1.018950105E0,9.253950119E0,-5.923950195E0
2.214893463E2,-9.460500479E-1,6.301950455E0,-1.758000135E0
2.214917899E2,7.510500550E-1,6.049950123E0,3.892050266E0
2.214942334E2,5.070000172E0,6.579000473E0,1.408950090E0
2.214966770E2,7.717950344E0,7.603950500E0,-9.750000238E-1
2.214991204E2,4.206000328E0,7.329000473E0,-1.837050080E0
2.215015641E2,9.739500284E-1,8.785050392E0,2.670000196E-1
2.215040077E2,1.471950054E0,1.120995045E1,-1.732050061E0
2.215064512E2,2.523000002E0,1.169805050E1,-5.068950176E0
2.215088948E2,1.251000047E0,1.222800064E1,-3.022050142E0
2.215113385E2,-1.170000061E-1,1.023795033E1,2.316000223E0
2.215137820E2,-5.959500074E-1,9.579000473E0,-5.779500008E-1
2.215162256E2,1.042950034E0,1.292700100E1,-1.257000089E0
2.215186690E2,3.025950193E0,1.403805065E1,1.348950028E0
2.215211127E2,3.442050219E0,1.026705074E1,1.330500096E-1
2.215235561E2,2.341050148E0,1.058700085E1,-2.091000080E0
2.215259998E2,3.447000265E0,1.509795094E1,-2.428050041E0
2.215284434E2,5.427000046E0,1.674105072E1,2.445000172E0
2.215308869E2,4.546050072E0,1.195695019E1,-3.712050200E0
2.215333305E2,1.230000019E0,1.115700054E1,-3.802950144E0
2.215357740E2,9.880500436E-1,1.191105080E1,-4.510500133E-1
2.215382177E2,3.685950279E0,1.238100052E1,-3.027000189E0
2.215406613E2,4.680000305E0,1.069800091E1,-3.429000139E0
2.215431047E2,2.334000111E0,9.886050224E0,-8.149500489E-1
2.215455483E2,2.311950207E0,8.386950493E0,1.312950015E0
2.215479918E2,5.889000416E0,1.076895046E1,-1.072950006E0
2.215504354E2,6.157050133E0,1.075005054E1,-4.258049965E0
2.215528791E2,3.700950146E0,9.430950165E0,-4.801050186E0
2.215553226E2,1.009950042E0,8.083050728E0,-1.423050046E0
2.215577662E2,2.220000178E-1,7.453050137E0,2.034000158E0
2.215602097E2,1.347000122E0,9.940950394E0,1.330050111E0
2.215626533E2,3.592950106E0,6.472050190E0,-1.951950073E0
2.215650967E2,1.816050053E0,6.934050560E0,-2.206050158E0
2.215675404E2,8.869500160E-1,5.514000416E0,-1.609050035E0
2.215699840E2,4.885950089E0,6.310950279E0,-3.178050041E0
2.215724275E2,6.612000465E0,6.606000423E0,-7.686000347E0
2.215748711E2,2.282999992E0,7.542000294E0,-5.770950317E0
2.215773148E2,-1.290000081E0,6.177000523E0,-4.150500298E-1
2.215797583E2,-1.329000115E0,4.863000393E0,4.126049995E0
2.215822019E2,1.543950081E0,5.368050098E0,1.810950041E0
2.215846453E2,4.849950314E0,5.229000092E0,1.416000009E0
2.215870889E2,4.354050159E0,4.075050354E0,-6.400500536E-1
2.215895324E2,2.671050072E0,3.946050167E0,-1.506000042E0
2.215919760E2,5.917950153E0,4.750050068E0,-3.181950092E0
2.215944197E2,6.406050205E0,6.229950428E0,-6.721050262E0
2.215968632E2,2.700000048E0,8.626950264E0,-6.292950153E0
2.215993068E2,-4.020000100E-1,7.936950207E0,-7.140000463E-1
2.216017503E2,-8.689500690E-1,6.760950089E0,3.999000072E0
2.216041940E2,1.893000126E0,6.502950191E0,1.500000119E0
2.216066376E2,6.102000237E0,7.123050213E0,-2.080950022E0
2.216090810E2,3.691050291E0,6.306000233E0,-4.504050255E0
2.216115246E2,1.120050073E0,5.617050171E0,-3.178050041E0
2.216139681E2,1.819050074E0,6.184050083E0,-2.905050039E0
2.216164117E2,4.558050156E0,8.368050575E0,-5.038050175E0
2.216188554E2,4.141050339E0,8.875950813E0,-5.005050182E0
2.216212989E2,2.451000214E0,9.532050133E0,-8.239500523E-1
2.216237425E2,1.759050131E0,8.761050224E0,3.304950237E0
2.216261860E2,2.282999992E0,9.328050613E0,1.489950061E0
2.216286296E2,3.070950031E0,1.134600067E1,9.850500226E-1
2.216310730E2,5.098950386E0,1.167000103E1,4.080000222E-1
2.216335167E2,3.612000227E0,1.014000034E1,-3.628050089E0
2.216359603E2,2.626050234E0,1.029105091E1,-2.218050003E0
2.216384038E2,3.307950258E0,1.195695019E1,-3.526950121E0
2.216408474E2,4.729950428E0,1.389405060E1,-4.978050232E0
2.216432909E2,3.897000074E0,1.393005085E1,-3.514950275E0
2.216457346E2,1.993950129E0,1.310100079E1,5.610000491E-1
2.216481782E2,7.960500121E-1,1.240200043E1,-3.000000026E-3
2.216506217E2,8.490000367E-1,1.384605026E1,-1.975950122E0
2.216530653E2,2.560950041E0,1.490400028E1,7.890000343E-1
2.216555087E2,4.528950214E0,1.245300102E1,-3.024000168E0
2.216579523E2,2.676000118E0,1.075005054E1,-4.417950153E0
2.216603960E2,3.090000153E0,1.179705048E1,-2.806950092E0
2.216628395E2,4.402050018E0,1.400205040E1,-4.714950085E0
2.216652831E2,4.672950268E0,1.273500061E1,-4.827000141E0
2.216677266E2,2.449050188E0,1.090800095E1,1.350000054E-1
2.216701703E2,1.299000025E0,8.326950073E0,3.169050217E0
2.216726139E2,1.390050054E0,8.797050476E0,5.250000358E-1
2.216750574E2,2.547000170E0,1.093695068E1,3.010950089E0
2.216775010E2,3.009000063E0,8.883000374E0,6.259500384E-1
2.216799444E2,2.154000044E0,8.047050476E0,-2.722950220E0
2.216823880E2,2.725950241E0,8.041950226E0,-3.072000027E0
2.216848318E2,5.092050076E0,1.014495087E1,-4.353000164E0
2.216872752E2,6.343950272E0,1.110195065E1,-5.830950260E0
2.216897188E2,3.916050196E0,1.111200047E1,-5.995950222E0
2.216921623E2,1.330050111E0,1.007700062E1,-2.590950012E0
2.216946059E2,2.641950130E0,9.103050232E0,4.390500188E-1
2.216970494E2,7.240050316E0,9.295050621E0,-2.209950209E0
2.216994931E2,6.540000439E0,9.156000137E0,-5.340000153E0
2.217019367E2,1.678050041E0,9.285000801E0,-4.890000343E0
2.217043801E2,3.769500256E-1,7.414950371E0,-8.149500489E-1
2.217068238E2,4.399950027E0,8.548050880E0,-2.272950172E0
2.217092672E2,6.861000538E0,9.595950127E0,-6.202050209E0
2.217117109E2,3.540000200E0,9.703950882E0,-7.855950356E0
2.217141545E2,6.859500408E-1,8.545050621E0,-3.451050282E0
2.217165980E2,-6.970500350E-1,8.233950615E0,2.344950199E0
2.217190416E2,2.443950176E0,8.931000710E0,2.278050184E0
2.217214850E2,6.298950195E0,8.049000740E0,-2.605050087E0
2.217239287E2,5.044050217E0,8.302950859E0,-5.341950417E0
2.217263724E2,2.323950052E0,6.715950489E0,-4.486950397E0
2.217288158E2,2.547000170E0,5.959050179E0,-1.786950111E0
2.217312594E2,5.226000309E0,6.330000401E0,-2.086050034E0
2.217337029E2,5.496000290E0,6.472050190E0,-3.328950167E0
2.217361466E2,1.560000062E0,7.743000507E0,-1.674000025E0
2.217385902E2,-2.460000068E-1,6.274950504E0,1.615050077E0
2.217410337E2,4.186950207E0,6.153000355E0,1.156949997E0
2.217434773E2,7.773000240E0,7.357950211E0,-4.356000423E0
2.217459208E2,3.619050264E0,8.193000793E0,-7.360950470E0
2.217483644E2,-8.430000544E-1,6.912000179E0,-2.026050091E0
2.217508081E2,-1.168050051E0,6.049950123E0,2.826000214E0
2.217532515E2,3.174000263E0,7.164000511E0,1.786950111E0
2.217556951E2,8.749950409E0,7.816950321E0,-4.198050022E0
2.217581386E2,4.678050041E0,7.654050350E0,-6.903000355E0
2.217605822E2,3.030000031E-1,7.930050373E0,-3.244950056E0
2.217630257E2,6.049500108E-1,7.731000423E0,1.627050042E0
2.217654694E2,3.883050203E0,8.028000832E0,4.459500313E-1
2.217679130E2,5.323950291E0,7.831950188E0,-2.392050028E0
2.217703564E2,2.022000074E0,7.791000366E0,-2.701050043E0
2.217728001E2,1.558050036E0,6.273000240E0,-1.530000091E0
2.217752435E2,5.785950184E0,6.594000340E0,-2.365950108E0
2.217776872E2,6.315000534E0,7.681050301E0,-6.202050209E0
2.217801308E2,2.851050138E0,9.663000107E0,-5.280000210E0
2.217825743E2,-4.800000042E-2,8.713050842E0,1.969500035E-1
2.217850179E2,-7.350000143E-1,8.167050362E0,2.694000244E0
2.217874614E2,2.599050045E0,8.446949959E0,3.283050060E0
2.217899051E2,8.341050148E0,8.278950691E0,-3.391050100E0
2.217923487E2,5.880000114E0,7.369950294E0,-7.231050491E0
2.217947921E2,1.611000061E0,8.020950317E0,-4.810950279E0
2.217972357E2,1.599000096E0,8.631000519E0,-1.396050096E0
2.217996792E2,4.792950153E0,1.011300087E1,-3.180000067E0
2.218021229E2,4.789950371E0,1.132005024E1,-5.917050362E0
2.218045665E2,6.000000238E-1,1.032195091E1,-2.749050140E0
2.218070100E2,-4.830000103E-1,8.239050865E0,-1.729500145E-1
2.218094536E2,1.894950032E0,7.582950592E0,2.505000122E-2
2.218118971E2,6.748950481E0,8.406000137E0,-4.525950432E0
2.218143407E2,5.719050407E0,8.437050819E0,-5.413950443E0
2.218167841E2,1.612950087E0,8.586000443E0,-2.042999983E0
2.218192278E2,1.122000098E0,7.567950249E0,8.869500160E-1
2.218216715E2,4.189050198E0,9.295050621E0,-6.250500083E-1
2.218241149E2,5.587050438E0,1.070205021E1,-3.594000101E0
2.218265585E2,3.193050146E0,1.187595081E1,-3.538950205E0
2.218290022E2,2.014950037E0,1.098495007E1,2.520000041E-1
2.218314457E2,1.708950043E0,1.016805077E1,1.660050035E0
2.218338893E2,4.879050255E0,1.084800053E1,-2.008949995E0
2.218363328E2,5.833950043E0,1.129905033E1,-6.204000473E0
2.218387764E2,2.781000137E0,1.120800018E1,-5.035950184E0
2.218412199E2,9.379500151E-1,1.013700008E1,-2.895000204E-2
2.218436635E2,8.230500221E-1,1.125795078E1,9.709500670E-1
2.218461072E2,4.017000198E0,1.300305080E1,-1.212000012E0
2.218485506E2,4.861950397E0,1.267800045E1,-4.252950191E0
2.218509942E2,2.815050125E0,9.424050331E0,-3.369000196E0
2.218534377E2,6.700500250E-1,8.478000641E0,-9.580500722E-1
2.218558813E2,1.813950062E0,9.040950775E0,-1.156949997E0
2.218583250E2,4.251000404E0,1.004205036E1,-2.986050129E0
2.218607685E2,5.044050217E0,8.574000359E0,-4.504050255E0
2.218632121E2,3.796950102E0,6.736950397E0,-4.258049965E0
2.218656556E2,2.404950142E0,5.725050449E0,-2.215050220E0
2.218680992E2,2.890950203E0,7.009950161E0,-1.252950072E0
2.218705429E2,3.105000257E0,7.951050282E0,-2.601000071E0
2.218729863E2,2.073000193E0,5.121000290E0,-1.686000109E0
2.218754300E2,5.809500217E-1,5.215050220E0,2.070000172E0
2.218778734E2,2.944050074E0,4.135050297E0,2.131950140E0
2.218803170E2,6.502050400E0,5.092950344E0,-4.189500213E-1
2.218827605E2,4.855050087E0,6.457050323E0,-3.985050201E0
2.218852041E2,1.042950034E0,6.129000187E0,-3.208950043E0
2.218876478E2,-6.490500569E-1,5.101950169E0,1.147950053E0
2.218900912E2,1.642050028E0,6.193950176E0,1.156949997E0
2.218925349E2,5.833950043E0,6.871950150E0,-2.122050047E0
2.218949786E2,5.346000195E0,6.960000515E0,-5.992950439E0
2.218974220E2,1.713000059E0,6.927000523E0,-5.245950222E0
2.218998656E2,-4.995000362E-2,7.252050400E0,-1.210050106E0
2.219023091E2,3.390000165E-1,7.815000534E0,7.309500575E-1
2.219047527E2,4.147950172E0,8.731950760E0,-9.250500202E-1
2.219071962E2,5.740950108E0,7.947000504E0,-3.076950073E0
2.219096398E2,3.385050058E0,7.489050388E0,-3.951000214E0
2.219120835E2,2.370000124E0,6.988950253E0,-2.461950064E0
2.219145270E2,3.649950266E0,8.028000832E0,-1.423050046E0
2.219169706E2,4.675050259E0,9.553050041E0,-3.858000278E0
2.219194140E2,3.202950239E0,1.013700008E1,-4.558950424E0
2.219218576E2,2.194950104E0,1.005600071E1,-9.270000458E-1
2.219243011E2,1.399950027E0,1.044105053E1,1.294050097E0
2.219267448E2,4.752000332E0,1.071900082E1,-1.660500020E-1
2.219291884E2,6.994950294E0,1.039800072E1,-6.202050209E0
2.219316319E2,3.097050190E0,9.499950409E0,-7.489950180E0
2.219340755E2,2.239500135E-1,7.803000450E0,-2.272950172E0
2.219365192E2,1.375950098E0,7.113000393E0,-4.219500124E-1
2.219389626E2,7.165050507E0,9.061950684E0,-2.677050114E0
2.219414063E2,8.082000732E0,9.690000534E0,-5.028000355E0
2.219438497E2,3.931050301E0,9.139050484E0,-4.542000294E0
2.219462933E2,1.459950089E0,8.926050186E0,-1.387050033E0
2.219487368E2,2.293050051E0,9.502950668E0,-1.068000078E0
2.219511804E2,4.443000317E0,1.003200054E1,-3.913050175E0
2.219536241E2,3.634050131E0,9.440999985E0,-5.164950371E0
2.219560676E2,2.266950130E0,8.629050255E0,-2.931000233E0
2.219585112E2,2.733000040E0,6.994050503E0,8.700000495E-2
2.219609546E2,5.443950176E0,8.152050018E0,1.639500111E-1
2.219633983E2,7.395000458E0,8.974050522E0,-1.798950076E0
2.219658419E2,4.462050438E0,9.807000160E0,-4.530000210E0
2.219682854E2,2.218950033E0,9.346950531E0,-3.331050158E0
2.219707290E2,2.295000076E0,8.737050056E0,-1.114050031E0
2.219731725E2,5.275950432E0,9.265950203E0,-2.091000080E0
2.219756161E2,5.781000137E0,9.793050766E0,-4.435050011E0
2.219780598E2,2.833950043E0,9.340050697E0,-5.184000015E0
2.219805033E2,3.660000265E-1,8.590950012E0,-1.303050041E0
2.219829469E2,5.910000205E-1,8.855999947E0,1.396950126E0
2.219853903E2,5.146950245E0,9.958050728E0,-1.855950117E0
2.219878340E2,7.969950199E0,1.067400074E1,-4.894050121E0
2.219902774E2,4.393050194E0,8.940000534E0,-3.831000090E0
2.219927211E2,1.306050062E0,9.088950157E0,3.000000119E-1
2.219951647E2,1.773000121E0,8.671950340E0,1.299000025E0
2.219976082E2,5.271000385E0,9.546000481E0,-2.395050049E0
2.220000518E2,7.471950531E0,9.462000847E0,-6.135000229E0
2.220024955E2,5.161050320E0,8.325000763E0,-7.126050472E0
2.220049389E2,2.104050159E0,8.337000847E0,-3.184950113E0
2.220073826E2,3.267000198E0,9.043050766E0,8.599500656E-1
2.220098260E2,5.623050213E0,1.024995041E1,4.009500146E-1
2.220122696E2,3.805950165E0,1.095600033E1,-3.036000252E0
2.220147131E2,1.254000068E0,9.666000366E0,-3.280950069E0
2.220171568E2,1.996050119E0,7.954050541E0,-7.980000377E-1
2.220196004E2,9.274950027E0,9.309000015E0,-3.403050184E0
2.220220439E2,1.163805008E1,1.005405045E1,-9.736050606E0
2.220244875E2,4.558050156E0,1.095900059E1,-9.429000854E0
2.220269309E2,4.680000246E-1,9.438000679E0,-2.662950039E0
2.220293746E2,1.897950053E0,9.493050575E0,2.263950109E0
2.220318182E2,6.811050415E0,1.018995094E1,-3.388050079E0
2.220342617E2,5.716950417E0,8.824950218E0,-6.745050430E0
2.220367053E2,2.701950073E0,6.610950470E0,-5.031000137E0
2.220391488E2,9.550500512E-1,4.662000179E0,-5.100000501E-1
2.220415924E2,3.925950289E0,6.508050442E0,1.227000117E0
2.220440361E2,6.270000458E0,6.510000229E0,-8.770500422E-1
2.220464795E2,4.402050018E0,8.899050713E0,-2.802000046E0
2.220489231E2,9.810000658E-1,7.177950382E0,-3.130050182E0
2.220513666E2,-9.529500604E-1,5.863950253E0,5.089499950E-1
2.220538102E2,2.595000029E0,6.462000370E0,2.122050047E0
2.220562539E2,9.129000664E0,7.129950523E0,-3.798000097E0
2.220586974E2,7.069950104E0,7.966050148E0,-8.248950005E0
2.220611410E2,3.532950163E0,8.923050880E0,-7.267050266E0
2.220635845E2,7.101000309E0,7.264050484E0,-7.296000481E0
2.220660281E2,6.409050465E0,7.906050205E0,-8.301000595E0
2.220684718E2,5.089499950E-1,7.827000141E0,-4.758000374E0
2.220709152E2,-2.040000200E0,6.736950397E0,3.157050133E0
2.220733588E2,8.470500112E-1,5.527950287E0,5.947950363E0
2.220758023E2,8.968050003E0,4.381050110E0,-2.797050238E0
2.220782460E2,1.005300045E1,3.237000227E0,-9.223050117E0
2.220806894E2,3.349050045E0,5.236050129E0,-6.502950191E0
2.220831331E2,1.615050077E0,7.738050461E0,-1.108950019E0
2.220855767E2,1.905000091E0,1.134405041E1,1.227000117E0
2.220880202E2,2.554050207E0,1.042905045E1,7.600500584E-1
2.220904638E2,3.487950087E0,1.022100067E1,-1.207050085E0
2.220929072E2,1.405050039E0,9.805050850E0,-3.817050219E0
2.220953509E2,1.381050110E0,8.398950577E0,-3.226050138E0
2.220977945E2,4.227000237E0,7.204050541E0,-3.757050276E0
2.221002380E2,6.991050243E0,6.244050503E0,-7.684050560E0
2.221026816E2,6.154950142E0,6.883050442E0,-7.636050224E0
2.221051251E2,4.809000015E0,8.926050186E0,-5.436000347E0
2.221075687E2,8.470050812E0,9.591000557E0,-5.244000435E0
2.221100124E2,7.206000328E0,8.884950638E0,-7.798950195E0
2.221124558E2,3.030000031E-1,8.836950302E0,-4.582950115E0
2.221148995E2,-1.507950068E0,7.468050480E0,7.000500560E-1
2.221173429E2,1.420950055E0,7.693050385E0,3.724050283E0
2.221197865E2,9.133049965E0,6.366000175E0,-3.204000235E0
2.221222302E2,8.638050079E0,4.969950199E0,-5.938050270E0
2.221246737E2,4.390050411E0,6.321000099E0,-1.891950130E0
2.221271173E2,2.884050131E0,8.916000366E0,3.202050209E0
2.221295608E2,2.712000132E0,1.084095097E1,2.911950111E0
2.221320044E2,2.737950087E0,1.165800095E1,1.108950019E0
2.221344478E2,2.142000198E0,1.184205055E1,-2.490000129E-1
2.221368915E2,6.480000019E-1,9.943050385E0,-3.733050108E0
2.221393351E2,2.131950140E0,7.354950428E0,-1.972950101E0
2.221417786E2,5.326050282E0,8.583000183E0,-7.320000172E0
2.221442223E2,8.282999992E0,9.115050316E0,-1.045605087E1
2.221466657E2,4.180050373E0,1.026405048E1,-8.898000717E0
2.221491094E2,4.708950043E0,1.119600010E1,-3.865050077E0
2.221515530E2,8.092050552E0,1.101795006E1,-3.646950245E0
2.221539965E2,4.213050365E0,9.666000366E0,-6.408000469E0
2.221564401E2,3.700500131E-1,8.943000793E0,-3.192000151E0
2.221588835E2,-5.580000281E-1,7.053000450E0,1.153050065E0
2.221613272E2,2.404950142E0,7.255050182E0,1.102050066E0
2.221637708E2,6.636000156E0,5.473050117E0,-3.646950245E0
2.221662143E2,4.465050220E0,5.184000015E0,-3.084000111E0
2.221686579E2,1.528950095E0,8.047050476E0,2.754000187E0
2.221711014E2,6.670500040E-1,1.000605011E1,4.581000328E0
2.221735450E2,2.331000090E0,1.008495045E1,1.720050097E0
2.221759885E2,4.735050201E0,1.076505089E1,5.989500284E-1
2.221784321E2,1.737000108E0,9.421050072E0,-3.250050068E0
2.221808758E2,8.610000610E-1,9.247050285E0,-2.653050184E0
2.221833192E2,4.486050129E0,7.042050362E0,-5.083950043E0
2.221857628E2,6.592950344E0,6.687000275E0,-8.979000092E0
2.221882065E2,4.165050030E0,7.537050247E0,-8.835000038E0
2.221906500E2,3.756000280E0,8.277000427E0,-4.744050026E0
2.221930936E2,7.663050175E0,8.524050713E0,-5.542950153E0
2.221955371E2,4.860000134E0,6.438000202E0,-7.984950542E0
2.221979807E2,6.259500384E-1,6.189000130E0,-3.577950239E0
2.222004241E2,-1.009950042E0,6.811950207E0,1.713000059E0
2.222028678E2,3.715050220E0,5.995050430E0,-4.579500258E-1
2.222053115E2,8.061000824E0,4.195050240E0,-6.019950390E0
2.222077549E2,3.472950220E0,5.935050488E0,-6.490500569E-1
2.222101985E2,1.021950006E0,7.635000229E0,8.770500422E-1
2.222126420E2,2.845950127E0,9.556050301E0,3.157050133E0
2.222150857E2,4.849950314E0,9.261000633E0,-6.210000515E-1
2.222175293E2,2.881950140E0,8.887950897E0,-6.330000162E-1
2.222199728E2,8.505000174E-2,8.124000549E0,-8.050500154E-1
2.222224164E2,3.150000274E-1,8.002050400E0,1.639500111E-1
2.222248598E2,5.989950180E0,7.446000576E0,-5.347050190E0
2.222273035E2,8.674050331E0,5.418000221E0,-1.019805050E1
2.222297471E2,6.451950073E0,7.273950577E0,-1.057395077E1
2.222321906E2,5.415000439E0,9.778050423E0,-8.803950310E0
2.222346342E2,7.024050236E0,1.011600018E1,-8.602950096E0
2.222370777E2,3.922950268E0,1.048005009E1,-6.943950176E0
2.222395213E2,1.456950068E0,8.830050468E0,-8.530500531E-1
2.222419648E2,3.094950199E0,8.971050262E0,2.932050228E0
2.222444084E2,6.492000103E0,7.611000538E0,-2.236950159E0
2.222468521E2,7.579050541E0,5.454000473E0,-5.172000408E0
2.222492955E2,2.620950222E0,6.804000378E0,-4.510950089E0
2.222517391E2,4.759500325E-1,9.565050125E0,1.681950092E0
2.222541828E2,1.069050074E0,1.074105072E1,2.716050148E0
2.222566263E2,2.434050083E0,1.049205017E1,5.470499992E-1
2.222590699E2,3.660000086E0,9.691950798E0,-3.513000250E0
2.222615134E2,1.431000113E0,8.728950500E0,-3.601050138E0
2.222639570E2,3.648000240E0,8.500050545E0,-3.724050283E0
2.222664004E2,7.180050373E0,6.759000301E0,-7.152000427E0
2.222688441E2,6.571950436E0,6.297000408E0,-8.385000229E0
2.222712877E2,4.768950462E0,9.004950523E0,-6.469950199E0
2.222737312E2,7.726050377E0,9.558000565E0,-5.890050411E0
2.222761749E2,7.033950329E0,8.416049957E0,-8.119950294E0
2.222786183E2,2.748000145E0,8.065950394E0,-6.994050503E0
2.222810620E2,1.134000063E0,5.617050171E0,-1.665000081E0
2.222835056E2,3.351000071E0,6.855000496E0,7.020000219E-1
2.222859491E2,9.112050056E0,4.330950260E0,-5.230050087E0
2.222883927E2,4.471950054E0,3.586950064E0,-4.486950397E0
2.222908361E2,-1.319999993E-1,5.004000187E0,2.239950180E0
2.222932798E2,6.340500116E-1,7.626000404E0,3.634950161E0
2.222957235E2,6.061950207E0,8.737050056E0,-9.405000508E-2
2.222981669E2,5.676000118E0,7.530000210E0,-6.529950142E0
2.223006105E2,-4.810500145E-1,8.518950462E0,-3.739950180E0
2.223030540E2,-5.149500370E-1,8.442000389E0,-5.850000381E-1
2.223054976E2,4.984050274E0,8.485050201E0,-2.134050131E0
2.223079411E2,9.916050911E0,6.547950268E0,-7.522950172E0
2.223103848E2,5.182950020E0,6.085950375E0,-5.548050404E0
2.223128284E2,4.354050159E0,8.983050346E0,-2.689050198E0
2.223152718E2,7.978950500E0,1.036005020E1,-7.405950546E0
2.223177154E2,4.789950371E0,9.892950058E0,-9.364950180E0
2.223201591E2,7.080000043E-1,9.385950089E0,-3.532050133E0
2.223226026E2,-1.270500124E-1,7.599000454E0,4.905000329E-2
2.223250462E2,5.875050068E0,7.762050152E0,-4.072950363E0
2.223274897E2,8.556000710E0,5.269950390E0,-8.620050430E0
2.223299333E2,3.919050217E0,2.653050184E0,-4.356000423E0
2.223323768E2,2.299950123E0,5.899050236E0,1.117050052E0
2.223348205E2,4.765950203E0,9.985950470E0,2.046000004E0
2.223372641E2,3.969000101E0,1.018005085E1,2.209500074E-1
2.223397075E2,2.701950073E0,9.052950859E0,-3.264000177E0
2.223421512E2,1.335000038E0,8.815950394E0,-3.991950274E0
2.223445948E2,2.749950171E0,8.590950012E0,-7.204950333E0
2.223470383E2,7.357050419E0,7.108950138E0,-9.112950325E0
2.223494819E2,5.358000278E0,5.217000484E0,-8.517000198E0
2.223519254E2,2.542050123E0,6.871950150E0,-1.846050143E0
2.223543690E2,6.741000175E0,9.381000519E0,8.770500422E-1
2.223568124E2,7.426050186E0,7.807950497E0,-5.566950321E0
2.223592561E2,3.150000274E-1,8.290950775E0,-4.044000149E0
2.223616997E2,2.220000178E-1,6.607950211E0,4.630500078E-1
2.223641432E2,4.836000443E0,7.762050152E0,-1.585050106E0
2.223665868E2,9.378000259E0,6.643950462E0,-8.392050743E0
2.223690303E2,4.314000130E0,2.775000095E0,-7.116000175E0
2.223714740E2,7.099500299E-1,4.386000156E0,2.175000191E0
2.223739174E2,2.434050083E0,1.048905087E1,1.609950066E0
2.223763610E2,4.249050140E0,1.102800083E1,2.812050104E0
2.223788047E2,2.106000185E0,9.843000412E0,3.720000088E-1
2.223812481E2,1.696950078E0,1.057305050E1,-2.826000214E0
2.223836917E2,2.875050068E0,9.514950752E0,-5.518950462E0
2.223861354E2,7.635000229E0,1.012095070E1,-1.024995041E1
2.223885789E2,7.720950603E0,5.466000080E0,-1.287495041E1
2.223910225E2,3.508950233E0,7.504050255E0,-6.958050251E0
2.223934660E2,5.290950298E0,9.936000824E0,-7.710000277E-1
2.223959096E2,8.329050064E0,9.760950089E0,-4.212000370E0
2.223983531E2,2.833950043E0,8.947050095E0,-6.343050480E0
2.224007967E2,-5.719500184E-1,8.164050102E0,-1.047000051E0
2.224032404E2,3.703050137E0,8.430000305E0,1.690500081E-1
2.224056838E2,9.234000206E0,7.171050549E0,-6.622950077E0
2.224081274E2,5.736000061E0,3.280050039E0,-7.801050186E0
2.224105711E2,1.135950089E0,3.730050087E0,2.710500062E-1
2.224130146E2,3.349050045E0,9.046050072E0,3.568050146E0
2.224154582E2,5.074950218E0,1.194495010E1,2.410050154E0
2.224179017E2,2.712000132E0,8.878050804E0,5.089499950E-1
2.224203453E2,2.980500162E-1,1.052805042E1,3.670500219E-1
2.224227888E2,8.350500464E-1,1.023795033E1,-2.056950092E0
2.224252324E2,4.744950294E0,1.008705044E1,-7.363050461E0
2.224276761E2,8.571000099E0,6.883050442E0,-1.103295040E1
2.224301195E2,5.892000198E0,5.277000427E0,-9.466950417E0
2.224325631E2,5.026950359E0,7.711950302E0,-3.925050259E0
2.224350066E2,8.425050735E0,8.052000046E0,-5.971950054E0
2.224374503E2,2.182950020E0,7.900950432E0,-6.043950081E0
2.224398937E2,-8.640000224E-1,7.662000179E0,-1.054050088E0
2.224423374E2,1.354050040E0,6.649050236E0,1.617000103E0
2.224447810E2,6.961950302E0,6.325950146E0,-4.192950249E0
2.224472244E2,7.000050545E0,1.642050028E0,-8.433000565E0
2.224496681E2,2.371950150E0,1.753050089E0,-2.280000210E0
2.224521117E2,2.686050177E0,6.747000217E0,3.022950172E0
2.224545552E2,4.512000084E0,8.053950310E0,1.363050103E0
2.224569988E2,3.859050274E0,6.364050388E0,1.344000101E0
2.224594423E2,1.021950006E0,7.980000496E0,3.355050087E0
2.224618859E2,5.380499959E-1,1.036005020E1,2.196000099E0
2.224643294E2,5.695050240E0,9.781050682E0,-5.766000271E0
2.224667730E2,7.009950161E0,7.326000214E0,-1.093500042E1
2.224692167E2,5.716950417E0,4.602000237E0,-1.033200073E1
2.224716601E2,6.102000237E0,7.045950413E0,-6.580050468E0
2.224741037E2,8.439000130E0,7.815000534E0,-7.642950535E0
2.224765474E2,2.230950117E0,7.018050194E0,-7.092000484E0
2.224789909E2,-8.449500203E-1,6.381000519E0,-1.377000093E0
2.224814345E2,2.422049999E0,6.330000401E0,-2.115000010E0
2.224838780E2,9.391950607E0,8.950050354E0,-7.332000256E0
2.224863216E2,6.223950386E0,4.993950367E0,-7.545000553E0
2.224887650E2,1.303950071E0,4.176000118E0,-2.059500068E-1
2.224912086E2,3.160050154E0,7.903050423E0,2.359050035E0
2.224936523E2,3.964050293E0,1.234995079E1,3.169050217E0
2.224960958E2,2.392950058E0,8.812950134E0,3.322050095E0
2.224985394E2,7.440000176E-1,8.131050110E0,1.963950038E0
2.225009829E2,-7.279500365E-1,1.198800087E1,4.819500148E-1
2.225034266E2,2.695050240E0,1.176105022E1,-5.730000138E-1
2.225058700E2,4.048050404E0,9.405000687E0,-6.913050175E0
2.225083137E2,5.863050461E0,7.270950317E0,-8.752050400E0
2.225107573E2,7.174950123E0,8.914050102E0,-7.657050133E0
2.225132007E2,6.720000267E0,1.115205097E1,-8.115000725E0
2.225156444E2,2.085000038E0,9.442950249E0,-5.458950043E0
2.225180880E2,-2.895000204E-2,8.512050629E0,1.588050127E0
2.225205315E2,1.717950106E0,9.571950912E0,1.971000075E0
2.225229751E2,5.841000080E0,1.185195065E1,-5.062050343E0
2.225254186E2,4.942950249E0,6.354000092E0,-7.665000439E0
2.225278622E2,2.985000134E0,3.976950169E0,-4.554000378E0
2.225303057E2,6.267000198E0,9.274950027E0,-1.489500105E-1
2.225327493E2,7.489050388E0,1.362105083E1,-5.100000501E-1
2.225351930E2,4.085999966E0,9.163050652E0,-1.717050076E0
2.225376365E2,2.230950117E0,8.847000122E0,8.389500380E-1
2.225400801E2,2.026950121E0,1.187805080E1,-7.950000465E-3
2.225425235E2,4.579050064E0,1.172205067E1,-6.250050068E0
2.225449672E2,5.551950455E0,7.324050426E0,-9.894000053E0
2.225474108E2,5.494050026E0,7.006050110E0,-9.642000198E0
2.225498543E2,8.353050232E0,8.638050079E0,-8.052000046E0
2.225522979E2,5.422050476E0,8.895000458E0,-9.376950264E0
2.225547414E2,-5.205000192E-2,8.526000023E0,-3.168000221E0
2.225571850E2,2.839500010E-1,7.089000225E0,4.042050362E0
2.225596287E2,6.421050072E0,7.603950500E0,7.339500189E-1
2.225620722E2,9.052050591E0,7.039050102E0,-5.965050220E0
2.225645158E2,3.028050184E0,3.412050247E0,-6.168000221E0
2.225669593E2,9.090000391E-1,4.786050320E0,5.520000458E-1
2.225694029E2,5.752950191E0,9.196050644E0,1.315050006E0
2.225718466E2,5.652000427E0,1.047705078E1,4.009500146E-1
2.225742900E2,2.322000027E0,7.876950264E0,-2.400000021E-2
2.225767336E2,-1.150500029E-1,9.309000015E0,-5.989500284E-1
2.225791771E2,2.355000019E0,1.049205017E1,-3.409950256E0
2.225816207E2,5.841000080E0,1.029300022E1,-9.349950790E0
2.225840642E2,5.041950226E0,6.895050526E0,-9.357000351E0
2.225865079E2,6.196050167E0,6.601050377E0,-5.742000103E0
2.225889515E2,8.434050560E0,7.795950413E0,-4.939950466E0
2.225913949E2,3.885000229E0,7.609050274E0,-4.746000290E0
2.225938386E2,-1.870500147E-1,7.281000137E0,-5.940000415E-1
2.225962820E2,1.423950076E0,6.238950253E0,1.090500057E-1
2.225987256E2,7.884000301E0,7.089000225E0,-5.706000328E0
2.226011691E2,5.440950394E0,4.767000198E0,-9.241950035E0
2.226036128E2,7.579500079E-1,2.346000195E0,-4.465950012E0
2.226060564E2,2.584950209E0,5.152050018E0,1.179000020E0
2.226084999E2,5.038950443E0,9.805050850E0,1.308000088E0
2.226109436E2,3.265050173E0,4.872000217E0,-1.780500114E-1
2.226133872E2,2.242950201E0,5.890050411E0,4.111950397E0
2.226158306E2,2.358000040E0,9.747000694E0,2.355000019E0
2.226182743E2,6.271950245E0,1.013700008E1,-4.750950336E0
2.226207177E2,5.331000328E0,9.012000084E0,-8.244000435E0
2.226231613E2,3.841950178E0,8.332050323E0,-6.568050385E0
2.226256048E2,5.983050346E0,9.354000092E0,-4.806000233E0
2.226280485E2,4.941000462E0,1.036500072E1,-6.292950153E0
2.226304921E2,5.070000291E-1,9.996000290E0,-8.100000620E-1
2.226329356E2,2.805000171E-2,8.320050240E0,3.934950113E0
2.226353792E2,2.559000015E0,9.046050072E0,1.224000096E0
2.226378229E2,6.511950493E0,1.165095043E1,-6.276000500E0
2.226402664E2,5.202000141E0,6.388050079E0,-6.814950466E0
2.226427100E2,1.977000117E0,4.765050411E0,-4.677000046E0
2.226451534E2,6.006000519E0,1.038405037E1,-3.060000181E0
2.226475971E2,6.133050442E0,1.564905071E1,-5.130000114E-1
2.226500405E2,2.935050249E0,9.663000107E0,-4.909500182E-1
2.226524841E2,1.378050089E0,7.863000393E0,4.990500212E-1
2.226549278E2,3.298950195E0,1.323105049E1,-1.444050074E0
2.226573713E2,4.699050426E0,1.422900105E1,-5.301000118E0
2.226598149E2,4.990950108E0,7.978050232E0,-8.480999947E0
2.226622584E2,6.805950165E0,8.344050407E0,-8.761050224E0
2.226647020E2,8.832000732E0,9.691950798E0,-1.006605053E1
2.226671455E2,1.996050119E0,1.032405090E1,-8.847000122E0
2.226695892E2,-7.780500650E-1,7.674000263E0,-6.490500569E-1
2.226720328E2,1.266000032E0,7.177950382E0,4.018949986E0
2.226744762E2,6.559950352E0,8.695950508E0,-3.930000067E-1
2.226769198E2,7.110000134E0,6.871950150E0,-3.781050205E0
2.226793635E2,2.772000074E0,3.499950171E0,-1.075950027E0
2.226818070E2,4.599000454E0,6.646050453E0,4.180500209E-1
2.226842506E2,6.925950527E0,1.263000107E1,-1.438950062E0
2.226866941E2,3.615000248E0,1.081305027E1,-3.166050196E0
2.226891377E2,6.739500165E-1,9.594000816E0,-1.108950019E0
2.226915812E2,1.048050046E0,1.049895096E1,-1.143000007E0
2.226940248E2,6.105000496E0,1.236600018E1,-7.195050240E0
2.226964685E2,5.590050220E0,9.661050797E0,-9.046050072E0
2.226989119E2,6.994950294E0,8.020950317E0,-7.951950550E0
2.227013555E2,8.736000061E0,8.764950752E0,-5.991000175E0
2.227037992E2,3.054000139E0,9.433050156E0,-5.364000320E0
2.227062427E2,-7.300500274E-1,9.069000244E0,-1.741050124E0
2.227086863E2,9.550500512E-1,6.096000195E0,2.205000073E-2
2.227111298E2,6.753000259E0,7.444050312E0,-3.664050102E0
2.227135734E2,5.920050144E0,5.803950310E0,-7.789050579E0
2.227160168E2,1.004999995E0,2.878050089E0,-4.795950413E0
2.227184605E2,1.000050068E0,2.883000135E0,-5.730000138E-1
2.227209042E2,5.535000324E0,8.320050240E0,1.450500041E-1
2.227233476E2,3.550050259E0,6.618000507E0,-3.051000118E0
2.227257912E2,1.777950048E0,4.326000214E0,2.517000198E0
2.227282347E2,4.710000157E-1,7.365000248E0,3.930000305E0
2.227306783E2,6.142950058E0,7.695000172E0,-1.525950074E0
2.227331218E2,6.706050396E0,6.888000488E0,-4.459050179E0
2.227355654E2,3.883050203E0,7.947000504E0,-4.945050240E0
2.227380091E2,6.897000313E0,6.555000305E0,-8.482950211E0
2.227404525E2,4.852050304E0,6.406950474E0,-9.951000214E0
2.227428961E2,-1.096050024E0,5.671950340E0,-3.514950275E0
2.227453396E2,-1.702050090E0,4.264050007E0,2.577000141E0
2.227477833E2,3.349050045E0,5.770050049E0,-7.590000629E-1
2.227502269E2,8.723999977E0,4.875000000E0,-7.626000404E0
2.227526704E2,4.531949997E0,1.804950118E0,-7.027950287E0
2.227551140E2,1.837950110E0,4.152000427E0,-1.861050129E0
2.227575574E2,8.259000778E0,6.658050537E0,-2.983950138E0
2.227600011E2,6.547950268E0,9.534000397E0,-3.396000147E0
2.227624447E2,2.254950047E0,7.663950443E0,2.185050011E0
2.227648882E2,-7.639500499E-1,1.053705025E1,4.408950329E0
2.227673318E2,1.639050126E0,9.819000244E0,4.459500313E-1
2.227697753E2,4.041000366E0,1.002000046E1,-5.209950447E0
2.227722190E2,4.807050228E0,7.329000473E0,-8.815950394E0
2.227746626E2,6.973950386E0,5.911050320E0,-9.568050385E0
2.227771061E2,6.018000126E0,7.123050213E0,-9.774000168E0
2.227795497E2,-4.909500182E-1,4.831950188E0,-4.381950378E0
2.227819931E2,-8.980500698E-1,3.904950142E0,2.898000240E0
2.227844367E2,3.658050060E0,7.729050159E0,7.960500121E-1
2.227868804E2,9.294000626E0,9.715950012E0,-4.650000095E0
2.227893239E2,4.536000252E0,3.748950243E0,-2.251049995E0
2.227917675E2,2.215950012E0,4.839000225E0,5.370000005E-1
2.227942110E2,5.836050510E0,1.045605087E1,-2.553000212E0
2.227966546E2,5.796000481E0,1.371195030E1,-2.425950050E0
2.227990983E2,2.173050165E0,9.057000160E0,-1.435050011E0
2.228015417E2,4.920000136E-1,8.374950409E0,2.323050022E0
2.228039853E2,4.321050167E0,1.165500069E1,1.110000089E-1
2.228064288E2,7.036050320E0,1.374105072E1,-8.878050804E0
2.228088724E2,7.251000404E0,9.205950737E0,-7.939950466E0
2.228113159E2,8.194950104E0,9.511950493E0,-9.429000854E0
2.228137595E2,6.100050449E0,1.269000053E1,-8.911950111E0
2.228162032E2,5.430000424E-1,1.189005089E1,-4.495050430E0
2.228186466E2,-5.310000181E-1,9.100950241E0,1.174050093E0
2.228210903E2,2.889000177E0,1.037205029E1,8.839500546E-1
2.228235337E2,7.759050369E0,1.169400024E1,-4.762950420E0
2.228259774E2,5.677950382E0,7.876950264E0,-6.448050499E0
2.228284210E2,2.968050241E0,7.128000259E0,-3.748050213E0
2.228308645E2,5.058000088E0,1.061100006E1,1.519500017E-1
2.228333081E2,6.559950352E0,1.473900032E1,-3.600000143E-1
2.228357516E2,3.409050226E0,1.242900085E1,-1.660500020E-1
2.228381952E2,2.733000040E0,1.044105053E1,7.360500097E-1
2.228406389E2,2.382000208E0,1.216500092E1,-4.770000279E-1
2.228430823E2,3.478050232E0,1.136295033E1,-4.657050133E0
2.228455260E2,3.475950241E0,8.176050186E0,-7.240950108E0
2.228479694E2,5.868000507E0,7.264050484E0,-5.953050137E0
2.228504130E2,7.881000519E0,8.296050072E0,-6.202050209E0
2.228528567E2,2.166000128E0,7.765050411E0,-6.193950176E0
2.228553001E2,-3.795000166E-2,6.304050446E0,-1.702950120E0
2.228577438E2,2.614050150E0,5.980950356E0,5.680500269E-1
2.228601872E2,8.014950752E0,7.875000477E0,-5.436000347E0
2.228626309E2,5.575050354E0,5.076000214E0,-7.789050579E0
2.228650745E2,1.882950068E0,3.867000103E0,-2.122050047E0
2.228675180E2,5.140050411E0,5.746050358E0,1.615050077E0
2.228699616E2,7.089000225E0,9.366000175E0,-1.186050057E0
2.228724051E2,3.283950090E0,7.779000282E0,-1.690950036E0
2.228748487E2,1.237050056E0,8.476050377E0,4.396950245E0
2.228772921E2,1.462050080E0,8.251049995E0,4.060500264E-1
2.228797358E2,4.105050087E0,8.088000298E0,-6.477000237E0
2.228821795E2,2.635050058E0,7.678050518E0,-8.257950783E0
2.228846229E2,3.898950100E0,6.802050114E0,-7.201950550E0
2.228870665E2,7.186950207E0,6.904950142E0,-5.553000450E0
2.228895100E2,2.053050041E0,5.698050499E0,-6.505950451E0
2.228919536E2,-1.489050031E0,5.728950500E0,6.105000153E-2
2.228943973E2,2.341050148E0,5.776950359E0,7.909500599E-1
2.228968408E2,9.427950859E0,7.300050259E0,-5.718000412E0
2.228992844E2,7.338000298E0,5.125950336E0,-6.778950214E0
2.229017278E2,1.684950113E0,5.061000347E0,-7.759500146E-1
2.229041714E2,4.285050392E0,6.745050430E0,7.290000319E-1
2.229066149E2,6.616950512E0,9.366000175E0,-1.803000093E0
2.229090586E2,2.860050201E0,8.077950478E0,-4.672049999E0
2.229115022E2,8.295000345E-2,7.542000294E0,-2.299500108E-1
2.229139457E2,4.693950176E0,7.681050301E0,-2.170050144E0
2.229163893E2,8.334000587E0,8.461050034E0,-9.276000023E0
2.229188330E2,5.254950047E0,7.104000568E0,-9.763950348E0
2.229212764E2,4.897950172E0,8.855999947E0,-6.793050289E0
2.229237201E2,9.319950104E0,9.262950897E0,-7.111950397E0
2.229261635E2,2.659050226E0,8.029950142E0,-7.324950218E0
2.229286071E2,-1.384050012E0,7.410000324E0,-6.210000515E-1
2.229310506E2,3.214950085E0,7.161000252E0,1.588050127E0
2.229334943E2,9.781949997E0,7.116000175E0,-4.417950153E0
2.229359379E2,6.433050156E0,5.116050243E0,-6.846000195E0
2.229383814E2,1.480950117E0,5.370000362E0,-1.363050103E0
2.229408250E2,3.888000250E0,7.434000492E0,1.579050064E0
2.229432684E2,6.901950359E0,1.118100071E1,-5.989500284E-1
2.229457121E2,3.624000072E0,1.084395027E1,-1.279050112E0
2.229481555E2,1.240500063E-1,9.691950798E0,1.738950133E0
2.229505992E2,1.371000051E0,1.150395012E1,6.229500175E-1
2.229530428E2,4.684950352E0,1.369800091E1,-7.665000439E0
2.229554863E2,4.927050114E0,1.095105076E1,-7.054050446E0
2.229579299E2,4.729950428E0,1.083600044E1,-6.379050255E0
2.229603734E2,6.825000286E0,1.276605034E1,-5.323050022E0
2.229628171E2,5.154000282E0,1.181805038E1,-5.562000275E0
2.229652607E2,1.852050066E0,9.699000359E0,-3.190500140E-1
2.229677041E2,2.571000099E0,9.117000580E0,5.130000114E-1
2.229701478E2,7.113000393E0,1.109295082E1,-4.660050392E0
2.229725912E2,6.190950394E0,9.643950462E0,-9.171000481E0
2.229750348E2,1.845000029E0,5.968950272E0,-5.569950104E0
2.229774785E2,3.294000149E0,7.899000168E0,-1.392000079E0
2.229799220E2,6.682050228E0,1.489500046E1,2.479500175E-1
2.229823656E2,3.793950081E0,1.197405052E1,1.450500041E-1
2.229848091E2,2.743050098E0,8.538000107E0,3.580500185E-1
2.229872528E2,3.361050129E0,1.143495083E1,3.430500031E-1
2.229896964E2,3.231000185E0,1.262295055E1,-1.678950071E0
2.229921398E2,2.263950109E0,8.659950256E0,-4.486950397E0
2.229945835E2,4.242000103E0,6.948000431E0,-8.206049919E0
2.229970269E2,7.285050392E0,7.999050617E0,-1.162995052E1
2.229994705E2,3.844050169E0,6.823950291E0,-1.203900051E1
2.230019142E2,4.500000179E-2,5.947050095E0,-4.513950348E0
2.230043577E2,2.077050209E0,6.625050545E0,3.340950251E0
2.230068013E2,7.306950569E0,7.654050350E0,-7.039500475E-1
2.230092448E2,6.495000362E0,5.581050396E0,-6.372000217E0
2.230116884E2,-1.395000052E-2,4.729050159E0,-1.915950060E0
2.230141318E2,2.046000004E0,5.808000088E0,2.259000063E0
2.230165755E2,7.045950413E0,6.852000237E0,-1.438950062E0
2.230190191E2,2.458050013E0,7.519950390E0,-3.967950106E0
2.230214626E2,-1.438950062E0,7.980000496E0,1.581000090E0
2.230239062E2,3.484950066E0,6.715950489E0,9.160500169E-1
2.230263497E2,7.861950397E0,7.281000137E0,-6.979950428E0
2.230287934E2,2.560950041E0,8.047050476E0,-7.485000134E0
2.230312370E2,2.692950010E0,7.855950356E0,-3.484050274E0
2.230336805E2,6.885000229E0,7.531950474E0,-3.112950087E0
2.230361241E2,7.750500441E-1,7.065000534E0,-3.669000149E0
2.230385675E2,-2.313000202E0,5.458950043E0,2.350050211E0
2.230410111E2,2.282999992E0,4.087049961E0,6.709500551E-1
2.230434548E2,9.016050339E0,5.647950172E0,-8.352000237E0
2.230458983E2,5.500950336E0,4.129950047E0,-8.470950127E0
2.230483419E2,-4.830000103E-1,4.638000011E0,-2.172000170E0
2.230507854E2,2.869950056E0,6.598950386E0,1.720050097E0
2.230532291E2,5.227950096E0,9.772950172E0,5.710500479E-1
2.230556727E2,2.247000217E0,7.518000126E0,-6.829500198E-1
2.230581162E2,-1.699500084E-1,9.460050583E0,2.842950106E0
2.230605598E2,2.647050142E0,8.410950661E0,-1.198050022E0
2.230630032E2,6.064050198E0,8.871000290E0,-8.512050629E0
2.230654469E2,4.285050392E0,7.065000534E0,-1.071000004E1
2.230678903E2,5.548950195E0,6.625050545E0,-9.228000641E0
2.230703340E2,7.630050182E0,7.623000145E0,-6.697050095E0
2.230727776E2,8.659500480E-1,6.481050491E0,-4.873050213E0
2.230752211E2,-1.004999995E0,4.978050232E0,-5.149500370E-1
2.230776647E2,4.942950249E0,5.476050377E0,-1.131000042E0
2.230801082E2,9.904050827E0,5.442000389E0,-9.196950912E0
2.230825518E2,4.560000420E0,5.061000347E0,-7.071000099E0
2.230849953E2,-4.620000124E-1,4.879050255E0,-2.899500132E-1
2.230874390E2,5.058000088E0,6.538950443E0,1.447050095E0
2.230898826E2,7.696950436E0,8.200050354E0,-2.533950090E0
2.230923260E2,1.630050063E0,7.369950294E0,-3.871950150E0
2.230947697E2,5.400000140E-2,6.852000237E0,-3.310500085E-1
2.230972133E2,7.812000275E0,6.643950462E0,-3.361950159E0
2.230996568E2,9.949950218E0,6.670050144E0,-1.049505043E1
2.231021004E2,3.864000082E0,6.478950500E0,-8.686950684E0
2.231045439E2,7.113000393E0,6.505050182E0,-7.345950127E0
2.231069875E2,1.053900051E1,6.484050274E0,-7.777050495E0
2.231094312E2,9.760500193E-1,6.163050175E0,-8.716050148E0
2.231118746E2,-1.756950140E0,4.599000454E0,-9.199500680E-1
2.231143183E2,5.734050274E0,3.891000271E0,1.018050075E0
2.231167617E2,1.081905079E1,2.191050053E0,-6.895950317E0
2.231192053E2,4.006950378E0,1.882050037E0,-4.525950432E0
2.231216490E2,4.969500303E-1,2.440050125E0,-3.840000033E-1
2.231240925E2,5.583000183E0,4.663950443E0,-8.050500154E-1
2.231265361E2,6.792000294E0,8.940000534E0,-2.416050196E0
2.231289796E2,1.756950140E0,6.034050465E0,-8.070000410E-1
2.231314232E2,-1.933950067E0,8.610000610E0,5.031000137E0
2.231338666E2,-6.000000238E-2,9.991050720E0,1.440000057E0
2.231363103E2,3.246000051E0,1.004205036E1,-2.107050180E0
2.231387539E2,2.584950209E0,9.426000595E0,-2.773050070E0
2.231411974E2,3.540000200E0,6.682050228E0,-2.128950119E0
2.231436410E2,2.475000143E0,9.472050667E0,-4.698000431E0
2.231460845E2,2.323950052E0,9.711000443E0,-4.921050072E0
2.231485282E2,1.050000042E-1,6.201000214E0,1.596000075E0
2.231509716E2,2.140050173E0,7.269000530E0,1.216950059E0
2.231534153E2,3.145050049E0,1.423905087E1,-4.159049988E0
2.231558589E2,3.001950026E0,1.082205009E1,-3.136950254E0
2.231583023E2,1.563000083E0,5.943000317E0,1.469999999E-1
2.231607460E2,2.080049992E0,1.051800060E1,-2.521950006E0
2.231631896E2,5.061000347E0,1.720499992E1,-1.887000084E0
2.231656331E2,3.034950256E0,1.256295013E1,-2.110050201E0
2.231680767E2,1.468950033E0,9.381000519E0,2.428950071E0
2.231705202E2,4.170000076E0,1.144695091E1,1.378050089E0
2.231729638E2,3.447000265E0,1.354395103E1,-6.348000526E0
2.231754075E2,5.274000168E0,1.022400093E1,-6.388050079E0
2.231778509E2,7.702050209E0,1.054695034E1,-8.560050011E0
2.231802946E2,8.001000404E0,1.117395020E1,-9.096000671E0
2.231827380E2,2.017950058E0,1.185900021E1,-6.646950245E0
2.231851816E2,8.659500480E-1,8.835000038E0,-4.890000224E-1
2.231876251E2,3.769950151E0,1.142805099E1,1.042050004E0
2.231900688E2,4.608000278E0,1.186800098E1,-4.120950222E0
2.231925124E2,1.881000042E0,8.275050163E0,-4.923000336E0
2.231949559E2,2.167950153E0,6.517050266E0,-1.861050129E0
2.231973995E2,5.362050056E0,1.032195091E1,-1.609050035E0
2.231998430E2,3.969000101E0,1.161705017E1,-2.803950071E0
2.232022866E2,1.275000095E0,1.030500031E1,-4.980000257E-1
2.232047300E2,2.152050018E0,9.321000099E0,2.841000080E0
2.232071737E2,6.226950169E0,9.523950577E0,1.350000054E-1
2.232096173E2,6.042000294E0,9.069000244E0,-4.978050232E0
2.232120608E2,5.319000244E0,9.057000160E0,-5.992950439E0
2.232145045E2,6.370050430E0,9.787950516E0,-5.431050301E0
2.232169479E2,4.981950283E0,9.574950218E0,-6.187050343E0
2.232193916E2,2.430000156E-1,9.739950180E0,-2.434950113E0
2.232218349E2,4.905000329E-2,8.149950027E0,1.171950102E0
2.232242786E2,4.429050446E0,8.952000618E0,-3.067950249E0
2.232267222E2,6.733950138E0,9.333000183E0,-9.304950714E0
2.232291657E2,2.956050158E0,6.532050133E0,-5.911950111E0
2.232316094E2,2.470050097E0,6.462000370E0,-2.577000141E0
2.232340530E2,6.277050495E0,8.629050255E0,-3.361950159E0
2.232364965E2,5.161050320E0,9.164999962E0,-5.479050159E0
2.232389401E2,1.749000072E0,8.119050026E0,-1.762950063E0
2.232413838E2,3.622050285E0,8.791950226E0,-3.480000198E-1
2.232438272E2,6.825000286E0,7.951050282E0,-6.241950512E0
2.232462709E2,5.041950226E0,7.456050396E0,-7.474950314E0
2.232487143E2,4.801950455E0,7.233000278E0,-5.127000332E0
2.232511579E2,8.983050346E0,6.666000366E0,-6.678000450E0
2.232536014E2,4.543950081E0,7.258950233E0,-5.055000305E0
2.232560450E2,-1.216050029E0,6.405000210E0,-3.379500210E-1
2.232584887E2,3.322050095E0,6.685050488E0,3.829050064E0
2.232609322E2,1.020105076E1,6.247050285E0,-4.654950142E0
2.232633758E2,5.334000111E0,6.448050499E0,-9.207000732E0
2.232658192E2,-4.000500143E-1,6.429000378E0,-2.437950134E0
2.232682629E2,2.431950092E0,6.919050217E0,5.779500008E-1
2.232707066E2,7.297050476E0,8.907000542E0,-2.232000113E0
2.232731499E2,3.961950302E0,9.448050499E0,-2.412000179E0
2.232755936E2,1.810500026E-1,9.205950737E0,1.621950030E0
2.232780371E2,2.512950182E0,8.883000374E0,5.989500284E-1
2.232804807E2,7.198950291E0,1.022595024E1,-6.391050339E0
2.232829242E2,5.994000435E0,9.043050766E0,-7.317000389E0
2.232853679E2,7.074000359E0,9.991050720E0,-7.231050491E0
2.232878113E2,6.708000183E0,1.059705067E1,-6.871950150E0
2.232902550E2,1.299000025E0,1.031895065E1,-3.076950073E0
2.232926986E2,-3.130500019E-1,9.517050743E0,3.397950172E0
2.232951421E2,3.300000131E-1,1.017105007E1,9.750000238E-1
2.232975857E2,5.575050354E0,1.080495071E1,-1.882050037E0
2.233000291E2,3.382050276E0,1.012800026E1,-6.316950321E0
2.233024728E2,1.213050008E0,7.720950603E0,-1.818000078E0
2.233049164E2,3.544950247E0,9.769050598E0,-1.389000058E0
2.233073599E2,5.511000156E0,1.250805092E1,-1.201950073E0
2.233098035E2,2.632950068E0,1.157400036E1,-2.400000095E-1
2.233122472E2,1.663050056E0,1.043400097E1,9.109500647E-1
2.233146907E2,4.954950333E0,1.135095024E1,-1.449000120E0
2.233171343E2,6.375000477E0,1.105395031E1,-7.044000149E0
2.233195777E2,4.768950462E0,1.081695080E1,-7.131000519E0
2.233220214E2,7.654050350E0,1.168905067E1,-5.424000263E0
2.233244648E2,5.317050457E0,1.189500046E1,-4.456050396E0
2.233269085E2,4.560000300E-1,1.122405052E1,-3.960000277E-1
2.233293521E2,5.929500461E-1,8.851950645E0,3.640050173E0
2.233317956E2,4.833000183E0,1.072905064E1,1.330500096E-1
2.233342392E2,6.571950436E0,1.012995052E1,-8.104949951E0
2.233366829E2,2.800950050E0,7.932000160E0,-8.385000229E0
2.233391263E2,1.843050122E0,7.951050282E0,-3.072000027E0
2.233415697E2,4.759050369E0,1.125300026E1,-9.679500461E-1
2.233440134E2,3.400950193E0,1.105395031E1,-1.055999994E0
2.233464570E2,2.523000002E0,8.740950584E0,1.305000018E-2
2.233489005E2,3.808050156E0,9.556050301E0,-8.380500674E-1
2.233513441E2,6.556950092E0,9.496050835E0,-6.013050079E0
2.233537878E2,5.073000431E0,6.250950336E0,-1.093995094E1
2.233562313E2,4.443000317E0,7.165950298E0,-8.998050690E0
2.233586749E2,7.170000553E0,8.313000679E0,-7.753050327E0
2.233611183E2,3.343950272E0,7.714050293E0,-6.586950302E0
2.233635620E2,-1.992000103E0,6.436050415E0,-4.095000029E-2
2.233660054E2,-4.140000343E-1,4.249950409E0,5.428950310E0
2.233684490E2,6.402000427E0,5.902050495E0,1.452000022E0
2.233708927E2,5.403000355E0,3.856950283E0,-5.100000381E0
2.233733362E2,-1.033950090E0,3.976950169E0,4.180500209E-1
2.233757798E2,2.451000214E0,4.188000202E0,1.018050075E0
2.233782233E2,5.508000374E0,6.103050232E0,-1.750950098E0
2.233806670E2,8.970000148E-1,7.839000225E0,-1.918050051E0
2.233831106E2,-2.185950041E0,8.662050247E0,3.838950157E0
2.233855540E2,-2.899500132E-1,8.251049995E0,1.308000088E0
2.233879977E2,5.278950214E0,9.036000252E0,-3.024000168E0
2.233904411E2,3.088050127E0,8.598000526E0,-6.361950397E0
2.233928847E2,5.317050457E0,7.519950390E0,-6.271050453E0
2.233953284E2,4.756950378E0,7.438950539E0,-6.819000244E0
2.233977719E2,9.190500379E-1,7.414950371E0,-3.826950073E0
2.234002155E2,-6.130500436E-1,5.716950417E0,2.878950119E0
2.234026590E2,3.106950045E0,5.998050213E0,-6.799500585E-1
2.234051026E2,7.443000317E0,7.987050533E0,-6.702000141E0
2.234075463E2,3.220050097E0,5.076000214E0,-6.879000187E0
2.234099897E2,9.690000415E-1,5.653050423E0,-2.134050131E0
2.234124334E2,5.512950420E0,8.145000458E0,-2.076000214E0
2.234148768E2,4.168050289E0,9.001950264E0,-4.071000099E0
2.234173204E2,9.690000415E-1,6.247050285E0,-8.460000157E-1
2.234197639E2,7.530000210E-1,9.318000793E0,1.897050142E0
2.234222076E2,3.823050261E0,8.242950439E0,-2.809050083E0
2.234246512E2,6.058950424E0,6.448050499E0,-7.674000263E0
2.234270947E2,5.710050106E0,7.171050549E0,-8.527050018E0
2.234295383E2,9.555000305E0,6.361950397E0,-1.117200089E1
2.234319818E2,4.656000137E0,6.831000328E0,-1.096395016E1
2.234344254E2,-1.543950081E0,7.116000175E0,-3.297000170E0
2.234368691E2,3.649950266E0,4.639950275E0,2.413950205E0
2.234393125E2,1.057200050E1,6.325950146E0,-3.709050179E0
2.234417562E2,7.261050224E0,5.860950470E0,-8.553000450E0
2.234441996E2,1.260000020E-1,5.356050491E0,-2.470950127E0
2.234466432E2,4.572000027E0,5.491950035E0,2.329500169E-1
2.234490869E2,9.823050499E0,6.891000271E0,-3.264000177E0
2.234515304E2,2.872050047E0,8.230950356E0,-5.670000076E0
2.234539740E2,5.620500445E-1,8.494950294E0,-3.259500265E-1
2.234564175E2,8.020050049E0,7.579950333E0,-1.416000009E0
2.234588611E2,1.009800053E1,8.605050087E0,-8.605950356E0
2.234613045E2,4.254000187E0,1.003905010E1,-4.999950409E0
2.234637482E2,4.555950165E0,1.099695015E1,-2.218050003E0
2.234661918E2,7.426050186E0,1.041300011E1,-7.243050575E0
2.234686353E2,1.888050079E0,1.087005043E1,-4.542000294E0
2.234710789E2,-2.220000178E-1,9.322950363E0,1.435050011E0
2.234735226E2,3.580950260E0,7.884000301E0,-5.419500470E-1
2.234759660E2,7.996050358E0,1.072605038E1,-8.740050316E0
2.234784096E2,4.855050087E0,7.204050541E0,-7.641000271E0
2.234808531E2,2.239950180E0,7.456050396E0,-3.226050138E0
2.234832967E2,4.405050278E0,9.013950348E0,-1.834950089E0
2.234857402E2,5.182950020E0,1.163400078E1,-2.359050035E0
2.234881838E2,1.933950067E0,9.864000320E0,-1.319999993E-1
2.234906273E2,2.575050116E0,8.373000145E0,7.530000210E-1
2.234930709E2,6.246000290E0,9.534000397E0,-4.255050182E0
2.234955146E2,5.056050301E0,8.401050568E0,-8.011950493E0
2.234979580E2,3.430050135E0,6.685050488E0,-6.903000355E0
2.235004016E2,7.993950367E0,6.244050503E0,-5.731950283E0
2.235028453E2,6.507000446E0,6.898050308E0,-5.200950146E0
2.235052887E2,-7.905000448E-2,6.808950424E0,9.900000691E-2
2.235077324E2,-8.230500221E-1,4.444050312E0,5.623050213E0
2.235101759E2,4.060050011E0,6.369000435E0,1.296000004E0
2.235126195E2,5.419950485E0,5.611950397E0,-6.673050404E0
2.235150629E2,1.429500133E-1,4.522950172E0,-3.147000074E0
2.235175066E2,1.170000076E0,4.128000259E0,4.609500170E-1
2.235199502E2,6.282000065E0,5.533050060E0,-1.468050122E0
2.235223937E2,3.366000175E0,6.666000366E0,-2.955000162E0
2.235248373E2,1.120500043E-1,6.045000076E0,1.780050039E0
2.235272808E2,3.864000082E0,7.534950256E0,9.829500318E-1
2.235297245E2,8.695050240E0,6.567000389E0,-8.095950127E0
2.235321679E2,3.496950150E0,8.188050270E0,-9.451050758E0
2.235346116E2,4.165050030E0,7.855950356E0,-6.580050468E0
2.235370552E2,9.849000931E0,6.517050266E0,-8.859000206E0
2.235394986E2,1.849950075E0,8.374950409E0,-5.956950188E0
2.235419423E2,-2.499000072E0,7.183050156E0,3.565950155E0
2.235443860E2,3.448950052E0,6.163050175E0,4.323000431E0
2.235468294E2,1.088595009E1,7.834050179E0,-6.367050171E0
2.235492730E2,5.194950104E0,6.064950466E0,-7.995000362E0
2.235517165E2,1.146000028E0,7.999050617E0,-3.310500085E-1
2.235541601E2,4.195950031E0,8.257950783E0,-1.456050038E0
2.235566036E2,5.482050419E0,1.132995033E1,-3.886050224E0
2.235590472E2,2.475000143E0,1.167900085E1,-1.486950040E0
2.235614909E2,5.860500336E-1,1.058700085E1,1.165050030E0
2.235639343E2,6.901950359E0,1.115205097E1,-5.746950150E0
2.235663779E2,8.575950623E0,1.310595036E1,-9.496050835E0
2.235688214E2,7.327950478E0,1.056795025E1,-8.332950592E0
2.235712650E2,9.121050835E0,1.193505096E1,-1.119600010E1
2.235737087E2,4.468950272E0,1.303905106E1,-8.140950203E0
2.235761521E2,-1.579500139E-1,1.282800102E1,-1.198050022E0
2.235785958E2,-3.949500322E-1,1.010895061E1,4.569000244E0
2.235810392E2,3.354000092E0,1.077195072E1,-8.820000291E-1
2.235834829E2,5.832000256E0,1.038405037E1,-8.791950226E0
2.235859263E2,2.893950224E0,6.943050385E0,-7.036950111E0
2.235883700E2,2.712000132E0,6.703950405E0,-3.397950172E0
2.235908136E2,5.956050396E0,1.141605091E1,-1.585050106E0
2.235932571E2,3.628950119E0,1.114305019E1,-1.135050058E0
2.235957007E2,2.968050241E0,9.093000412E0,2.160000056E-1
2.235981442E2,4.666050434E0,1.093005085E1,-5.080500245E-1
2.236005879E2,4.570050240E0,1.063095093E1,-1.471050024E0
2.236030315E2,3.567000151E0,8.502000809E0,-7.590000629E-1
2.236054750E2,5.941950321E0,6.766050339E0,-4.186050415E0
2.236079186E2,9.175950050E0,7.513050556E0,-8.524050713E0
2.236103620E2,4.657950401E0,8.029950142E0,-9.999000549E0
2.236128057E2,-6.705000252E-2,5.587950230E0,-5.722950459E0
2.236152494E2,1.029000044E0,4.542000294E0,-5.295000225E-2
2.236176928E2,6.564000130E0,9.216000557E0,-2.634000063E0
2.236201364E2,4.867050171E0,6.109950066E0,-7.758000374E0
2.236225799E2,-1.905000024E-2,5.563950062E0,-1.674000025E0
2.236250235E2,1.572000027E0,6.690000534E0,1.311000109E0
2.236274670E2,4.981950283E0,7.566000462E0,-2.044950008E0
2.236299105E2,2.065050125E0,7.444050312E0,-3.127050161E0
2.236323542E2,-1.369050026E0,6.510000229E0,2.163000107E0
2.236347977E2,3.781950235E0,6.204000473E0,1.686000109E0
2.236372413E2,7.330050468E0,5.932950497E0,-6.067950249E0
2.236396848E2,1.699050069E0,6.948000431E0,-5.572050095E0
2.236421285E2,3.070950031E0,6.651000500E0,-1.947000146E0
2.236445721E2,6.607050419E0,6.520050526E0,-3.514950275E0
2.236470156E2,6.480000019E-1,6.934050560E0,-2.232000113E0
2.236494592E2,-2.407950163E0,5.257950306E0,4.180950165E0
2.236519026E2,6.340500116E-1,5.059050083E0,2.026050091E0
2.236543462E2,9.058950424E0,7.221000195E0,-6.973050117E0
2.236567897E2,4.989000320E0,4.033950329E0,-9.396000862E0
2.236592334E2,1.443000078E0,6.454950333E0,-2.950050116E0
2.236616770E2,4.984050274E0,6.627000332E0,-1.858050108E0
2.236641205E2,5.632950306E0,9.760950089E0,-3.142050266E0
2.236665642E2,1.678050041E0,9.751950264E0,2.670000196E-1
2.236690078E2,1.335000038E0,1.000995064E1,3.681000233E0
2.236714512E2,4.921950340E0,1.062795067E1,8.770500422E-1
2.236738949E2,5.461050034E0,9.733050346E0,-6.505950451E0
2.236763383E2,4.162950039E0,9.988950729E0,-7.890000343E0
2.236787819E2,5.194950104E0,1.039605045E1,-8.074049950E0
2.236812254E2,3.763050079E0,1.157400036E1,-6.883950233E0
2.236836690E2,-3.060000241E-1,1.182105064E1,-1.920000017E-1
2.236861127E2,-3.900000155E-1,9.072000504E0,3.667050123E0
2.236885562E2,7.870500088E-1,1.046805096E1,6.229500175E-1
2.236909998E2,7.024050236E0,1.198995018E1,-4.288949966E0
2.236934432E2,3.877950191E0,8.578950882E0,-4.672049999E0
2.236958869E2,4.084050179E0,7.222950459E0,-3.511050224E0
2.236983303E2,6.451950073E0,1.043895054E1,-3.205950260E0
2.237007739E2,3.805950165E0,1.269900036E1,-1.312950015E0
2.237032176E2,1.680000067E0,1.059195042E1,1.162050009E0
2.237056611E2,2.985000134E0,1.067100048E1,6.139500141E-1
2.237081047E2,6.279000282E0,1.179405022E1,-4.072950363E0
2.237105484E2,3.697950125E0,1.138500023E1,-7.771950245E0
2.237129919E2,3.118950129E0,1.050405025E1,-5.689050198E0
2.237154355E2,5.956050396E0,1.108500099E1,-4.569000244E0
2.237178790E2,2.536950111E0,1.112400055E1,-3.163050175E0
2.237203226E2,-2.320500165E-1,9.864000320E0,7.020000219E-1
2.237227660E2,2.392950058E0,7.738050461E0,1.095000029E0
2.237252097E2,8.499000549E0,9.883950233E0,-4.377000332E0
2.237276533E2,6.205050468E0,8.512050629E0,-8.935950279E0
2.237300968E2,1.993950129E0,8.083050728E0,-4.180950165E0
2.237325404E2,3.721950293E0,9.268050194E0,-2.779500186E-1
2.237349839E2,5.524950027E0,1.154805088E1,-4.579500258E-1
2.237374275E2,3.124050140E0,1.098705006E1,-1.477950096E0
2.237398712E2,2.179949999E0,9.012000084E0,-5.370000005E-1
2.237423146E2,4.267950058E0,7.900950432E0,-3.907950163E0
2.237447582E2,5.779050350E0,6.924000263E0,-9.939000130E0
2.237472017E2,2.334000111E0,4.570950031E0,-9.147000313E0
2.237496453E2,1.342050076E0,4.663950443E0,-2.799000025E0
2.237520888E2,5.353050232E0,6.180000305E0,-1.897050142E0
2.237545325E2,3.958950281E0,3.976950169E0,-3.340950251E0
2.237569761E2,-1.909500062E-1,4.302000046E0,3.169500232E-1
2.237594195E2,2.190000057E0,4.420050144E0,2.082000017E0
2.237618632E2,7.924050331E0,4.705049992E0,-3.814950228E0
2.237643069E2,3.259950161E0,4.690050125E0,-7.653000355E0
2.237667502E2,-2.013000011E0,3.112050056E0,-8.119500279E-1
2.237691939E2,9.949500561E-1,3.598950148E0,2.728050232E0
2.237716374E2,5.710050106E0,3.397050142E0,-1.150050044E0
2.237740810E2,1.804050088E0,4.780950069E0,-1.939950109E0
2.237765245E2,-6.030000448E-1,4.609050274E0,2.986950159E0
2.237789681E2,5.238000393E0,4.765050411E0,2.860500216E-1
2.237814118E2,6.271950245E0,4.501049995E0,-7.885050297E0
2.237838552E2,6.405000389E-2,4.908000469E0,-3.783000231E0
2.237862988E2,-8.040000200E-1,5.907000065E0,1.593000054E0
2.237887423E2,1.948050141E0,7.210950375E0,4.489500225E-1
2.237911860E2,2.772000074E0,7.647000313E0,-4.102050304E0
2.237936294E2,1.936050057E0,6.555000305E0,-1.681050062E0
2.237960731E2,3.736950159E0,6.843000412E0,-4.050000310E-1
2.237985167E2,8.776950836E0,1.028295040E1,-5.883000374E0
2.238009601E2,7.350000381E0,9.618000031E0,-9.436050415E0
2.238034038E2,1.504950047E0,9.759000778E0,-5.412000179E0
2.238058472E2,8.280000687E-1,1.052295017E1,-5.149500370E-1
2.238082909E2,1.855050087E0,1.330500031E1,-2.461950064E0
2.238107345E2,2.146950006E0,1.118595028E1,-1.774950027E0
2.238131780E2,1.596000075E0,8.763000488E0,9.870000482E-1
2.238156216E2,4.941000462E0,8.599950790E0,-1.106999993E0
2.238180651E2,6.334050179E0,1.095600033E1,-8.208000183E0
2.238205087E2,3.978000164E0,9.316050529E0,-6.550950527E0
2.238229524E2,2.346000195E0,9.493050575E0,-3.372000217E0
2.238253959E2,5.647050381E0,1.162905025E1,-1.641000032E0
2.238278395E2,5.499000072E0,1.267305088E1,-3.799950123E0
2.238302829E2,1.732950091E0,1.084800053E1,-1.807950139E0
2.238327265E2,2.335950136E0,9.559950829E0,2.880000174E-1
2.238351702E2,6.187950134E0,1.146600056E1,-3.040950060E0
2.238376137E2,6.631050110E0,1.054905033E1,-8.329950333E0
2.238400573E2,2.619000196E0,9.037950516E0,-6.736050129E0
2.238425008E2,2.547000170E0,8.590950012E0,-1.054050088E0
2.238449444E2,5.674050331E0,1.049400043E1,2.700000070E-2
2.238473879E2,5.632950306E0,9.823950768E0,-2.839950085E0
2.238498315E2,2.155950069E0,8.728950500E0,-4.035000324E0
2.238522752E2,3.169050217E0,8.191050529E0,-3.175050259E0
2.238547186E2,7.186950207E0,8.986050606E0,-5.986050129E0
2.238571622E2,4.303950310E0,7.200000286E0,-8.091000557E0
2.238596057E2,1.069050074E0,6.760950089E0,-1.995000124E0
2.238620494E2,3.037950039E0,7.690050602E0,2.569950104E0
2.238644930E2,4.381050110E0,9.196050644E0,2.400000095E-1
2.238669365E2,2.230950117E0,7.317000389E0,-6.795000285E-2
2.238693801E2,1.378050089E0,5.704950333E0,2.785050154E0
2.238718235E2,4.321050167E0,8.718000412E0,8.205000311E-2
2.238742672E2,6.997950554E0,8.305950165E0,-8.044950485E0
2.238767106E2,2.341050148E0,7.437000275E0,-8.455050468E0
2.238791543E2,-2.749500275E-1,6.121950150E0,-6.130500436E-1
2.238815979E2,7.249500155E-1,8.401050568E0,3.798000097E0
2.238840414E2,1.744950056E0,1.007700062E1,4.990500212E-1
2.238864850E2,1.102950096E0,6.445050240E0,-2.002050161E0
2.238889287E2,8.520000577E-1,5.373000145E0,-2.520000041E-1
2.238913722E2,3.733950138E0,6.402000427E0,-2.224950075E0
2.238938156E2,5.761950493E0,8.278950691E0,-6.064950466E0
2.238962593E2,2.707050085E0,6.594000340E0,-3.697050095E0
2.238987029E2,7.819500566E-1,5.725050449E0,1.555050015E0
2.239011463E2,1.302000046E0,1.033800030E1,1.129050016E0
2.239035899E2,3.658050060E0,1.172700024E1,2.247000217E0
2.239060336E2,1.912050128E0,6.457050323E0,-6.130500436E-1
2.239084771E2,7.849500179E-1,6.816000462E0,-1.542000055E0
2.239109207E2,5.415000439E0,1.045095062E1,-6.160500050E-1
2.239133642E2,5.911050320E0,1.054395008E1,-7.906050205E0
2.239158078E2,2.458050013E0,8.095050812E0,-5.017050266E0
2.239182513E2,1.429500133E-1,8.551950455E0,1.357950091E0
2.239206949E2,2.950950146E0,1.314000034E1,7.410000563E-1
2.239231383E2,5.434050083E0,1.399500084E1,-4.083000183E0
2.239255820E2,2.944050074E0,1.024695015E1,-4.867950439E0
2.239280257E2,2.130000114E0,1.024995041E1,-2.979000092E0
2.239304691E2,6.202950478E0,1.226100063E1,-4.732050419E0
2.239329128E2,6.054000378E0,1.136100101E1,-8.838000298E0
2.239353564E2,2.398050070E0,8.392050743E0,-5.649000168E0
2.239377999E2,2.230950117E0,9.247050285E0,-1.469999999E-1
2.239402435E2,6.694050312E0,1.263000107E1,-1.441950083E0
2.239426870E2,5.425050259E0,1.027905083E1,-5.377950191E0
2.239451306E2,2.877000093E0,8.029950142E0,-4.459050179E0
2.239475743E2,3.538050175E0,8.980950356E0,-2.218050003E0
2.239500177E2,6.720000267E0,1.087005043E1,-6.514950275E0
2.239524613E2,4.210950375E0,8.227050781E0,-9.931950569E0
2.239549048E2,7.150500417E-1,5.820000172E0,-1.011000037E0
2.239573484E2,2.989950180E0,7.449000359E0,4.291050434E0
2.239597921E2,5.515950203E0,1.060905075E1,1.215000033E0
2.239622356E2,3.598050117E0,6.526950359E0,-5.059500337E-1
2.239646790E2,2.326050043E0,6.253950119E0,-1.798950076E0
2.239671227E2,5.239950180E0,7.341000557E0,-3.736050129E0
2.239695663E2,7.977000237E0,8.872950554E0,-9.657000542E0
2.239720097E2,3.069000244E0,8.361000061E0,-9.715950012E0
2.239744534E2,-7.050000131E-3,6.748950481E0,-5.610000491E-1
2.239768970E2,1.656000137E0,8.980950356E0,3.511050224E0
2.239793405E2,6.658050537E0,1.236600018E1,-1.492050052E0
2.239817841E2,4.396950245E0,7.590000153E0,-3.877050161E0
2.239842276E2,3.085050106E0,7.743000507E0,-2.617050171E0
2.239866713E2,6.672000408E0,8.350950241E0,-4.569000244E0
2.239891146E2,9.403950691E0,1.057800007E1,-9.754950523E0
2.239915583E2,3.796950102E0,8.433000565E0,-8.539050102E0
2.239940019E2,4.710000157E-1,7.978050232E0,8.629500270E-1
2.239964454E2,2.890950203E0,1.054695034E1,2.965050220E0
2.239988890E2,5.214000225E0,1.318305016E1,2.505000122E-2
2.240013325E2,3.868050098E0,8.430000305E0,-3.616050243E0
2.240037762E2,2.530050039E0,8.224050522E0,-3.991950274E0
2.240062198E2,4.768950462E0,1.021200085E1,-5.152950287E0
2.240086633E2,6.502050400E0,1.056600094E1,-7.771950245E0
2.240111069E2,2.259000063E0,7.255050182E0,-4.987950325E0
2.240135505E2,8.590500355E-1,7.024950504E0,2.998950243E0
2.240159939E2,1.969950080E0,1.080105019E1,1.840050101E0
2.240184376E2,4.036050320E0,1.208400059E1,3.373950243E0
2.240208811E2,2.200050116E0,6.261000156E0,-1.722000122E0
2.240233247E2,2.595000029E0,6.382950306E0,-3.148950100E0
2.240257682E2,5.299950123E0,8.265000343E0,-4.831950188E0
2.240282118E2,5.674050331E0,8.512050629E0,-8.221950531E0
2.240306555E2,1.515000105E0,6.376050472E0,-5.200950146E0
2.240330989E2,1.050000042E-1,5.265000343E0,2.790000200E0
2.240355426E2,9.280500412E-1,9.378000259E0,1.093050003E0
2.240379860E2,2.680950165E0,1.211505032E1,1.665000081E0
2.240404296E2,1.905000091E0,6.268050194E0,1.284000039E0
2.240428731E2,8.850000501E-1,4.969950199E0,-3.259500265E-1
2.240453167E2,3.184050083E0,9.342000008E0,1.533000112E0
2.240477604E2,7.206000328E0,7.936950207E0,-8.257950783E0
2.240502039E2,3.528000116E0,4.771950245E0,-9.925050735E0
2.240526475E2,7.410000563E-1,4.990050316E0,-2.875950098E0
2.240550909E2,3.331950188E0,8.208000183E0,5.950500369E-1
2.240575346E2,5.734050274E0,8.686050415E0,-3.241950035E0
2.240599780E2,2.899050236E0,4.278000355E0,-3.976950169E0
2.240624217E2,1.090950012E0,5.161950111E0,4.369500279E-1
2.240648653E2,3.478050232E0,7.528050423E0,-1.150050044E0
2.240673088E2,7.129050255E0,7.245000362E0,-8.797050476E0
2.240697524E2,3.978000164E0,3.555000067E0,-8.992950439E0
2.240721959E2,-6.580500603E-1,5.257950306E0,1.039500013E-1
2.240746396E2,4.879500270E-1,7.824000359E0,2.812050104E0
2.240770832E2,5.719050407E0,7.705050468E0,-3.960000277E-1
2.240795266E2,4.663050175E0,4.510950089E0,-4.167000294E0
2.240819702E2,1.213050008E0,6.532050133E0,-2.839950085E0
2.240844139E2,6.753000259E0,7.516050339E0,-4.878000259E0
2.240868574E2,8.713950157E0,7.101000309E0,-1.030305004E1
2.240893010E2,2.068050146E0,5.974050522E0,-6.178050518E0
2.240917445E2,-7.180500627E-1,7.870050430E0,3.561000109E0
2.240941881E2,3.705000132E-2,9.996000290E0,3.415050268E0
2.240966316E2,4.471950054E0,1.222995090E1,2.980500162E-1
2.240990752E2,4.917000294E0,8.892000198E0,-3.010050058E0
2.241015186E2,3.631050110E0,8.119050026E0,-1.741050124E0
2.241039623E2,5.371950150E0,1.207695103E1,-4.048950195E0
2.241064059E2,7.908000469E0,1.389900112E1,-6.886050224E0
2.241088494E2,4.636950016E0,1.081305027E1,-6.433950424E0
2.241112930E2,8.920500278E-1,1.024995041E1,-2.265000105E0
2.241137367E2,1.464000106E0,1.324305058E1,1.186050057E0
2.241161801E2,2.815050125E0,1.627605057E1,5.710500479E-1
2.241186238E2,2.944050074E0,1.179900074E1,-5.890500546E-1
2.241210672E2,1.230000019E0,1.098495007E1,3.030000031E-1
2.241235108E2,2.058000088E0,1.435605049E1,-2.895000204E-2
2.241259543E2,6.427950382E0,1.282605076E1,-6.613050461E0
2.241283979E2,3.624000072E0,1.097505093E1,-1.108800030E1
2.241308416E2,4.159500301E-1,9.782999992E0,-4.732050419E0
2.241332851E2,4.879500270E-1,9.594000816E0,1.311000109E0
2.241357287E2,2.038950205E0,1.367100048E1,3.073050261E0
2.241381722E2,2.407950163E0,8.962050438E0,9.060000181E-1
2.241406158E2,9.880500436E-1,3.156000137E0,-9.990000725E-1
2.241430592E2,3.828000069E0,6.007050514E0,6.070500016E-1
2.241455029E2,6.538050175E0,6.298950195E0,-3.967950106E0
2.241479466E2,6.097050190E0,3.309000254E0,-7.557000160E0
2.241503900E2,1.669950128E0,2.892000198E0,-2.506950140E0
2.241528336E2,1.450050116E0,3.826050282E0,1.990950108E0
2.241552771E2,1.753950119E0,1.104195023E1,4.621950150E0
2.241577208E2,1.528950095E0,6.145950317E0,2.082000017E0
2.241601644E2,1.837950110E0,3.013950109E0,8.509500623E-1
2.241626079E2,1.845000029E0,5.916000366E0,1.681950092E0
2.241650515E2,6.921000481E0,6.928950310E0,-5.245950222E0
2.241674949E2,7.093050480E0,4.267050266E0,-1.115505028E1
2.241699386E2,1.423950076E0,3.357000113E0,-8.008950233E0
2.241723820E2,-3.850500286E-1,4.840950012E0,-4.270500243E-1
2.241748257E2,4.741950035E0,6.376050472E0,-4.750500321E-1
2.241772693E2,6.745950222E0,3.541050196E0,-4.684050083E0
2.241797128E2,4.210500121E-1,3.193950176E0,-2.115000010E0
2.241821564E2,2.851050138E0,5.583000183E0,2.388000011E0
2.241846001E2,1.064400005E1,7.582950592E0,-5.533950329E0
2.241870435E2,8.781000137E0,5.392050266E0,-9.025050163E0
2.241894872E2,9.259500504E-1,6.369000435E0,-6.505950451E0
2.241919306E2,1.708950043E0,7.923000336E0,-1.800000072E-1
2.241943743E2,6.439950466E0,1.003905010E1,-1.999950051E0
2.241968177E2,4.888050079E0,8.998050690E0,-6.031950474E0
2.241992613E2,8.749500513E-1,8.260050774E0,-4.369950294E0
2.242017050E2,2.692950010E0,7.891050339E0,2.569500208E-1
2.242041485E2,7.216050148E0,1.026900005E1,-2.479050159E0
2.242065921E2,7.647000313E0,9.358950615E0,-5.839950085E0
2.242090356E2,2.728950024E0,8.880000114E0,-2.497950077E0
2.242114793E2,1.147950053E0,1.207905102E1,1.545000076E0
2.242139226E2,4.132050037E0,1.440900040E1,-1.510950089E0
2.242163663E2,4.584000111E0,1.366905022E1,-3.910050154E0
2.242188099E2,2.155950069E0,9.675000191E0,-1.469999999E-1
2.242212534E2,1.555050015E0,1.084800053E1,1.131000042E0
2.242236970E2,4.024050236E0,1.401795101E1,-4.179000378E0
2.242261405E2,4.636950016E0,1.194705009E1,-4.735949993E0
2.242285842E2,2.130000114E0,8.052000046E0,-3.048000097E0
2.242310278E2,2.266950130E0,1.066395092E1,-3.273000240E0
2.242334713E2,5.836050510E0,1.576095104E1,-1.408050060E0
2.242359149E2,5.212050438E0,1.436805058E1,-5.233950138E0
2.242383583E2,2.109000206E0,1.150200081E1,-1.779000044E0
2.242408020E2,1.242000103E0,1.163100052E1,6.190500259E-1
2.242432454E2,4.522050381E0,1.219905090E1,-3.637050152E0
2.242456891E2,6.496950150E0,8.467950821E0,-8.911950111E0
2.242481327E2,5.779050350E0,7.549050331E0,-8.830950737E0
2.242505762E2,7.852050304E0,8.806050301E0,-6.183000088E0
2.242530198E2,8.322000504E0,1.008495045E1,-7.377000332E0
2.242554633E2,3.279000044E0,8.626950264E0,-5.638950348E0
2.242579070E2,1.668000102E0,7.707000256E0,1.999950051E0
2.242603506E2,5.544000149E0,1.042500019E1,2.989050150E0
2.242627940E2,6.295950413E0,1.024695015E1,-3.597000122E0
2.242652376E2,3.691050291E0,6.133950233E0,-3.829050064E0
2.242676811E2,1.623000026E0,6.192000389E0,-1.819500029E-1
2.242701247E2,5.809950352E0,7.884000301E0,9.160500169E-1
2.242725682E2,7.108050346E0,8.818050385E0,-2.122050047E0
2.242750119E2,2.458050013E0,7.602000237E0,-6.250050068E0
2.242774555E2,1.789500117E-1,6.939000130E0,-4.648050308E0
2.242798989E2,2.899050236E0,7.369950294E0,-4.096950054E0
2.242823426E2,6.531000137E0,5.971050262E0,-1.044705009E1
2.242847862E2,4.438050270E0,5.485050201E0,-7.903950214E0
2.242872297E2,4.297049999E0,6.478950500E0,-1.444050074E0
2.242896733E2,8.359950066E0,6.394950390E0,-3.475050211E0
2.242921168E2,2.500950098E0,5.859000206E0,-6.817050457E0
2.242945604E2,-1.678050041E0,4.246950150E0,-3.163050175E0
2.242970039E2,2.074949980E0,3.888000250E0,2.790000141E-1
2.242994475E2,9.472949982E0,3.631950140E0,-4.999950409E0
2.243018912E2,6.343950272E0,2.100000143E0,-6.295050144E0
2.243043346E2,-5.190000534E-1,1.674000025E0,-3.430500031E-1
2.243067782E2,2.865000248E0,3.145950079E0,2.211000204E0
2.243092217E2,7.510050297E0,4.401000023E0,-4.339500070E-1
2.243116654E2,5.046000004E0,7.374000549E0,-2.265000105E0
2.243141088E2,-1.408050060E0,5.514000416E0,1.342050076E0
2.243165525E2,3.495000303E-2,6.888000488E0,2.826000214E0
2.243189961E2,7.258950233E0,7.702050209E0,-7.032000542E0
2.243214396E2,5.484000206E0,7.405050278E0,-9.144000053E0
2.243238832E2,3.535950184E0,7.711950302E0,-7.144950390E0
2.243263266E2,6.271950245E0,7.774050236E0,-7.176000118E0
2.243287703E2,3.265050173E0,9.364050865E0,-6.942000389E0
2.243312140E2,-7.900500298E-1,7.968000412E0,-1.129500046E-1
2.243336574E2,1.950000064E-3,6.603000164E0,4.062000275E0
2.243361010E2,5.077050209E0,1.052295017E1,-2.491050005E0
2.243385445E2,6.969000340E0,7.282950401E0,-7.498950481E0
2.243409882E2,3.595050097E0,5.125950336E0,-3.661050081E0
2.243434318E2,1.555050015E0,6.354000092E0,-1.344000101E0
2.243458752E2,5.712000370E0,1.104495049E1,-1.249500066E-1
2.243483189E2,4.900050163E0,1.088205051E1,-2.728050232E0
2.243507623E2,9.310500622E-1,8.785050392E0,5.470499992E-1
2.243532059E2,3.705000132E-2,8.260050774E0,1.998000145E0
2.243556496E2,5.104050159E0,1.194000053E1,-3.096000195E0
2.243580931E2,5.523000240E0,1.008195019E1,-6.697050095E0
2.243605367E2,5.547000408E0,8.928000450E0,-6.693000317E0
2.243629801E2,9.390000343E0,9.814050674E0,-9.421950340E0
2.243654238E2,5.496000290E0,1.048005009E1,-7.660050392E0
2.243678674E2,-4.020000100E-1,9.394950867E0,-7.500000298E-2
2.243703108E2,5.760000348E-1,8.397000313E0,4.885050297E0
2.243727545E2,6.538050175E0,1.008495045E1,-5.970000029E-1
2.243751980E2,6.876000404E0,8.950050354E0,-7.758000374E0
2.243776416E2,2.410050154E0,7.338000298E0,-6.493950367E0
2.243800851E2,1.146000028E0,6.775950432E0,-1.750950098E0
2.243825287E2,3.873000145E0,1.001295090E1,-1.024950027E0
2.243849724E2,5.202000141E0,1.124100018E1,-2.254050016E0
2.243874158E2,1.963050127E0,8.611950874E0,-6.730500460E-1
2.243898594E2,2.548950195E0,7.936950207E0,-1.390500069E-1
2.243923029E2,8.245050430E0,9.022050858E0,-6.238050461E0
2.243947465E2,6.588000298E0,8.097000122E0,-1.116000080E1
2.243971900E2,4.399950027E0,7.492050171E0,-9.016950607E0
2.243996336E2,6.828000546E0,7.461000443E0,-6.742950439E0
2.244020773E2,4.420950413E0,7.444050312E0,-6.604050159E0
2.244045208E2,-3.949500322E-1,4.312050343E0,-2.311050177E0
2.244069644E2,-1.606050134E0,3.313950062E0,4.725000381E0
2.244094078E2,4.753950119E0,3.033000231E0,2.364000082E0
2.244118515E2,7.885950565E0,2.820000172E0,-3.853050232E0
2.244142951E2,1.984050035E0,1.087050080E0,-8.430000544E-1
2.244167386E2,1.004999995E0,3.156000137E0,1.782000065E0
2.244191822E2,4.009950161E0,7.350000381E0,1.689000130E0
2.244216257E2,4.101000309E0,8.377950668E0,0.000000000E0
2.244240693E2,8.400000334E-1,8.657999992E0,1.914000034E0
2.244265128E2,-1.554000020E0,9.538950920E0,2.247000217E0
2.244289564E2,1.170000076E0,9.318000793E0,1.651050091E0
2.244314000E2,6.199950218E0,1.037700081E1,-7.510950565E0
2.244338435E2,5.803050041E0,7.573050499E0,-8.605950356E0
2.244362871E2,8.512949944E0,6.606000423E0,-9.736050606E0
2.244387308E2,5.785950184E0,7.540050507E0,-9.985050201E0
2.244411743E2,2.790000141E-1,7.269000530E0,-4.327050209E0
2.244436179E2,-6.970500350E-1,5.442000389E0,-1.489500105E-1
2.244460613E2,4.006950378E0,9.117000580E0,-2.232000113E0
2.244485050E2,5.563950062E0,8.695950508E0,-6.079950333E0
2.244509484E2,1.033950090E0,6.340050220E0,-3.055950165E0
2.244533920E2,8.989500403E-1,4.894050121E0,1.180950046E0
2.244558357E2,4.684950352E0,1.093905067E1,-1.096950054E0
2.244582792E2,3.282000065E0,1.228695011E1,4.270500243E-1
2.244607228E2,9.430500269E-1,7.144050121E0,4.630500078E-1
2.244631663E2,-1.180050015E0,8.764950752E0,1.756050110E0
2.244656099E2,1.249050021E0,9.175050735E0,3.925050259E0
2.244680533E2,5.752950191E0,7.449000359E0,-4.585950375E0
2.244704969E2,6.667050362E0,7.674000263E0,-4.518000126E0
2.244729406E2,1.167105103E1,6.310950279E0,-1.311405087E1
2.244753841E2,5.125050068E0,7.444050312E0,-1.643205070E1
2.244778277E2,-6.130500436E-1,5.502000332E0,-7.372050285E0
2.244802712E2,1.110000014E0,5.679000378E0,-1.248000026E0
2.244827148E2,8.809950829E0,6.912000179E0,-4.167000294E0
2.244851585E2,6.223950386E0,4.561050415E0,-8.815950394E0
2.244876020E2,-6.300000548E-1,3.787950277E0,-5.800500512E-1
2.244900456E2,3.016050100E0,2.941950083E0,1.485000014E0
2.244924890E2,8.962950706E0,6.795000553E0,-5.116950035E0
2.244949326E2,5.656950474E0,5.650050163E0,-8.043000221E0
2.244973761E2,-9.480000734E-1,5.509050369E0,1.500000060E-2
2.244998198E2,1.819050074E0,6.634050369E0,2.671050072E0
2.245022634E2,9.825000763E0,6.460050106E0,-5.062050343E0
2.245047069E2,6.837000370E0,8.310000420E0,-7.276950359E0
2.245071505E2,3.856050253E0,8.089950562E0,-5.067000389E0
2.245095940E2,1.050300026E1,5.752950191E0,-8.673000336E0
2.245120376E2,7.996050358E0,6.871950150E0,-1.267095089E1
2.245144813E2,-5.220000148E-1,6.180000305E0,-8.692049980E0
2.245169247E2,2.745000124E0,5.703000069E0,9.390000701E-1
2.245193683E2,8.680950165E0,5.524050236E0,-2.055000067E0
2.245218118E2,6.721950531E0,5.334000111E0,-1.831950068E0
2.245242554E2,2.662050009E0,4.651950359E0,3.925050259E0
2.245266989E2,4.207950115E0,6.145950317E0,2.785050154E0
2.245291425E2,1.095105076E1,9.927000046E0,-5.797050476E0
2.245315862E2,5.527950287E0,9.436050415E0,-5.742000103E0
2.245340297E2,1.546050072E0,1.061400032E1,-9.405000508E-2
2.245364733E2,5.575050354E0,1.044405079E1,-3.513000250E0
2.245389170E2,7.033950329E0,1.356600094E1,-7.108950138E0
2.245413604E2,4.972050190E0,1.348005104E1,-7.167000294E0
2.245438041E2,5.761950493E0,1.331895065E1,-7.075950146E0
2.245462475E2,4.194000244E0,1.213905048E1,-5.638950348E0
2.245486911E2,8.130000234E-1,1.252395058E1,-2.659500241E-1
2.245511346E2,-2.299500108E-1,1.014900017E1,4.315050125E0
2.245535782E2,-3.919500113E-1,9.352050781E0,3.739500046E-1
2.245560217E2,1.129050016E0,1.167195034E1,-5.100000501E-1
2.245584654E2,1.735050082E0,8.914050102E0,1.605000019E0
2.245609090E2,2.839500010E-1,5.356050491E0,-1.660500020E-1
2.245633524E2,1.369050026E0,9.748950005E0,-4.201950073E0
2.245657961E2,4.213050365E0,1.706595039E1,1.560000062E0
2.245682398E2,2.793000221E0,1.043700027E1,-7.450500131E-1
2.245706832E2,1.180050015E0,7.314000130E0,-3.670950174E0
2.245731268E2,1.984050035E0,1.489695072E1,1.830000132E-1
2.245755703E2,1.765950084E0,1.413105106E1,1.921050072E0
2.245780139E2,4.639500082E-1,7.237950325E0,1.974000096E0
2.245804574E2,2.239500135E-1,1.054905033E1,2.998950243E0
2.245829010E2,2.920050144E0,1.330695057E1,4.909050465E0
2.245853447E2,2.527950048E0,7.258950233E0,1.828050137E0
2.245877881E2,1.749000072E0,6.606000423E0,-1.035000086E0
2.245902318E2,1.259595013E1,8.004000664E0,1.627050042E0
2.245926752E2,9.993000031E0,8.619000435E0,-2.107305145E1
2.245951188E2,2.484000206E0,5.622000217E0,-1.853505135E1
2.245975623E2,7.630500197E-1,2.674050093E0,-1.224195099E1
2.246000059E2,6.001950264E0,4.374000072E0,-8.622000694E0
2.246024496E2,4.900050163E0,9.286950111E0,-6.526950359E0
2.246048931E2,7.410000563E-1,7.093950272E0,1.621950030E0
2.246073367E2,-2.161950111E0,8.727000237E0,5.890950203E0
2.246097802E2,1.984050035E0,7.360050201E0,-1.540500075E-1
2.246122238E2,5.434050083E0,3.766050100E0,-7.039500475E-1
2.246146675E2,6.337050438E0,9.781050682E0,-1.027950048E0
2.246171109E2,8.524950027E0,4.966050148E0,-1.885050058E0
2.246195545E2,7.891050339E0,2.119050026E0,-4.222050190E0
2.246219980E2,3.748950243E0,2.296050072E0,-8.919000626E0
2.246244416E2,5.512950420E0,-2.359500080E-1,-1.387500095E1
2.246268851E2,1.195605087E1,-5.430000424E-1,-1.673204994E1
2.246293288E2,9.708000183E0,-1.753950119E0,-1.036305046E1
2.246317724E2,3.283950090E0,1.429050088E0,-6.961050510E0
2.246342159E2,5.812950134E0,5.284050465E0,-4.246050358E0
2.246366595E2,8.845950127E0,8.113950729E0,-4.981050014E0
2.246391029E2,5.416950226E0,9.850050926E0,-6.829500198E-1
2.246415466E2,4.609500170E-1,1.044405079E1,-1.942050099E0
2.246439902E2,3.685950279E0,1.114095020E1,-3.817050219E0
2.246464337E2,4.207950115E0,1.095600033E1,-1.060500070E-1
2.246488773E2,2.664000034E0,1.115205097E1,6.073050499E0
2.246513208E2,2.317050219E0,1.357995033E1,1.855950117E0
2.246537644E2,2.997000217E0,1.475400066E1,8.700000644E-1
2.246562079E2,4.225049973E0,1.324695110E1,-6.370500326E-1
2.246586515E2,2.226000071E0,1.069305038E1,-1.285950065E0
2.246610952E2,4.219950199E0,1.128900051E1,-3.324000120E0
2.246635386E2,2.440950155E0,1.506195068E1,-1.102905083E1
2.246659823E2,1.951050043E0,1.054200077E1,-4.450950146E0
2.246684259E2,1.395000052E-2,6.606000423E0,1.336950064E0
2.246708694E2,1.812000036E0,1.389900112E1,-3.558000088E0
2.246733130E2,5.239950180E0,1.777995110E1,1.890000105E0
2.246757565E2,2.731050014E0,1.105005074E1,9.705000371E-2
2.246782001E2,1.467000127E0,1.171005058E1,-2.922000170E0
2.246806435E2,3.598050117E0,1.826399994E1,2.524050236E0
2.246830872E2,2.590050220E0,1.563900089E1,1.573950052E0
2.246855306E2,1.171950102E0,1.274205017E1,1.021050096E0
2.246879743E2,1.435950041E0,1.145205021E1,4.782000065E0
2.246904179E2,5.050950050E0,5.160000324E0,9.559500217E-1
2.246928614E2,3.574050188E0,-6.405000389E-2,-1.144800091E1
2.246953050E2,8.674050331E0,2.080500126E-1,-1.676805115E1
2.246977487E2,1.079700089E1,-5.620500445E-1,-2.459895134E1
2.247001922E2,3.535950184E0,-1.383000016E0,-1.985400009E1
2.247026358E2,-7.660500407E-1,1.440000087E-1,-5.032950401E0
2.247050792E2,9.780000448E-1,9.499500394E-1,9.717000008E0
2.247075228E2,1.105050087E0,8.329950333E0,-7.020000219E-1
2.247099663E2,-2.095050097E0,7.321950436E0,4.584000111E0
2.247124099E2,-1.210950017E0,1.269000053E0,3.790950298E0
2.247148534E2,3.300000131E-1,3.067050219E0,3.003000259E0
2.247172971E2,-1.932000041E0,3.787950277E0,2.611050129E0
2.247197407E2,3.490500152E-1,1.954050064E0,6.118050098E0
2.247221842E2,2.269050121E0,3.685050249E0,5.860050201E0
2.247246278E2,2.278950214E0,3.615000248E0,5.946000099E0
2.247270712E2,4.408950329E0,2.172000170E0,1.062705040E1
2.247295149E2,9.622050285E0,7.180500627E-1,-2.490000129E-1
2.247319583E2,1.733895111E1,-5.689499974E-1,-1.130895042E1
2.247344020E2,2.409300041E1,-4.273050308E0,-3.262995148E1
2.247368456E2,1.485105038E1,-4.135950089E0,-3.414300156E1
2.247392891E2,8.458050728E0,2.839950085E0,-3.053505135E1
2.247417327E2,7.045950413E0,8.956950188E0,-2.025600052E1
2.247441764E2,4.285050392E0,7.233000278E0,-1.332495022E1
2.247466198E2,2.026950121E0,4.357950211E0,3.910950184E0
2.247490634E2,5.479950428E0,2.533605194E1,2.014950037E0
2.247515069E2,6.928050518E0,3.204000092E1,5.377950191E0
2.247539505E2,1.038000107E0,5.550000191E0,2.872050047E0
2.247563940E2,-1.447950125E0,6.349950314E0,-6.010050297E0
2.247588376E2,1.833000064E0,2.046105003E1,6.673950195E0
2.247612813E2,2.239950180E0,1.801200104E1,5.814000130E0
2.247637248E2,-1.510500014E-1,5.887050152E0,-1.288950086E0
2.247661684E2,-1.456050038E0,9.505050659E0,-3.421950102E0
2.247686118E2,-1.642050028E0,1.906305122E1,7.462050438E0
2.247710555E2,-7.830000520E-1,8.446949959E0,-2.449950218E0
2.247734991E2,-2.734050035E0,7.843950272E0,7.360500097E-1
2.247759426E2,-2.217000008E0,9.352050781E0,1.897050142E0
2.247783862E2,7.390500307E-1,1.270905018E1,3.255000114E0
2.247808297E2,4.129500091E-1,1.045095062E1,2.071950197E0
2.247832733E2,4.060500264E-1,9.096000671E0,5.152950287E0
2.247857168E2,4.009950161E0,8.695950508E0,7.327050209E0
2.247881604E2,6.184050083E0,7.099050522E0,4.978950024E0
2.247906041E2,4.855050087E0,5.953950405E0,5.089050293E0
2.247930475E2,4.996050358E0,6.811950207E0,5.011950016E0
2.247954911E2,3.598050117E0,6.859950542E0,3.597000122E0
2.247979346E2,6.820500493E-1,4.786050320E0,1.227000117E0
2.248003783E2,-2.460000068E-1,2.569050074E0,2.260500044E-1
2.248028217E2,2.580000162E-1,4.441050053E0,-1.080000028E-1
2.248052654E2,2.269500047E-1,1.068105030E1,2.806950092E0
2.248077090E2,8.218950272E0,6.555000305E0,1.083300018E1
2.248101524E2,1.433595085E1,1.065000057E0,-7.509000301E0
2.248125961E2,1.578000069E1,1.920000076E0,-4.316700363E1
2.248150395E2,1.006500053E1,5.302950382E0,-4.414605331E1
2.248174831E2,1.020000055E-1,2.940000057E0,-2.785095215E1
2.248199268E2,1.057050109E0,3.424050093E0,-1.321695042E1
2.248223703E2,1.840050101E0,4.774050236E0,-2.536050081E0
2.248248139E2,1.696950078E0,9.627000809E0,5.227950096E0
2.248272574E2,6.769500375E-1,1.056600094E1,3.409950256E0
2.248297011E2,4.950000346E-1,8.566950798E0,2.377950191E0
2.248321447E2,2.401050091E0,1.179195023E1,4.804050446E0
2.248345881E2,3.463950157E0,1.190205097E1,4.891950130E0
2.248370317E2,3.124050140E0,8.338950157E0,2.614950180E0
2.248394752E2,5.094000340E0,1.128900051E1,3.601950169E0
2.248419188E2,7.054950237E0,1.203600025E1,5.146050453E0
2.248443623E2,5.568000317E0,8.749050140E0,3.480000257E0
2.248468059E2,4.644000053E0,8.920950890E0,1.357950091E0
2.248492496E2,5.583000183E0,1.336005020E1,2.749950171E0
2.248516931E2,5.451000214E0,1.481595039E1,4.223999977E0
2.248541367E2,2.452950001E0,1.114800072E1,1.239000082E0
2.248565801E2,2.515950203E0,1.085595036E1,5.040000081E-1
2.248590238E2,9.880050659E0,1.612305069E1,1.684050083E0
2.248614674E2,7.836000443E0,1.149495029E1,-2.478900146E1
2.248639108E2,1.342050076E0,7.791000366E0,-2.156295013E1
2.248663545E2,1.227000117E0,7.743000507E0,-1.582905102E1
2.248687980E2,2.167950153E0,1.151205063E1,-4.384050369E0
2.248712416E2,2.194950104E0,9.703950882E0,2.668050051E0
2.248736851E2,2.542050123E0,9.153000832E0,7.650000453E-1
2.248761287E2,2.128050089E0,9.454950333E0,5.560500026E-1
2.248785724E2,2.046000004E0,1.065900040E1,1.162050009E0
2.248810158E2,1.797000051E0,7.729050159E0,2.041050196E0
2.248834594E2,1.362000108E0,4.567950249E0,-6.795000285E-2
2.248859029E2,1.660950065E0,8.212050438E0,1.120950103E0
2.248883465E2,2.089050055E0,9.955050468E0,3.643050194E0
2.248907902E2,9.400500655E-1,5.440050125E0,1.999500096E-1
2.248932336E2,8.110500574E-1,5.071050167E0,1.879500151E-1
2.248956773E2,1.045050025E0,1.108500099E1,2.445000172E0
2.248981207E2,1.909950137E0,1.171500015E1,1.093050003E0
2.249005644E2,9.640500546E-1,5.856000423E0,-1.695000008E-2
2.249030078E2,4.680000246E-1,7.599000454E0,8.170500398E-1
2.249054515E2,1.081050038E0,1.459305096E1,3.516000271E0
2.249078951E2,1.405050039E0,1.100895023E1,2.742000103E0
2.249103386E2,1.950000064E-3,5.263050079E0,1.639500111E-1
2.249127822E2,-8.160000443E-1,8.272050858E0,-1.837050080E0
2.249152257E2,9.391950607E0,1.360905075E1,1.007805061E1
2.249176693E2,1.700805092E1,7.599000454E0,-1.791195107E1
2.249201127E2,6.655050278E0,2.218950033E0,-2.883705139E1
2.249225564E2,1.335000038E1,8.631000519E0,-3.332205200E1
2.249250000E2,7.792950153E0,1.008900070E1,-2.125005150E1
2.249274435E2,3.628950119E0,9.514950752E0,-1.164405060E1
2.249298871E2,2.194950104E0,8.800950050E0,-3.070500195E-1
2.249323308E2,4.764000416E0,1.310100079E1,4.378050327E0
2.249347743E2,3.997950077E0,1.613294983E1,4.869000435E0
2.249372179E2,2.238000154E0,1.025205040E1,2.512950182E0
2.249396613E2,4.170000076E0,8.794050217E0,3.445950270E0
2.249421050E2,8.085000038E0,1.218195057E1,-2.839950085E0
2.249445484E2,7.231950283E0,1.108095074E1,-5.962050438E0
2.249469920E2,2.245050192E0,9.216000557E0,-4.669050217E0
2.249494355E2,1.500000060E-1,9.310950279E0,-5.610000491E-1
2.249518792E2,2.149049997E0,1.316100025E1,1.759500057E-1
2.249543228E2,3.064050198E0,1.159305096E1,-1.687950134E0
2.249567663E2,8.320500255E-1,7.132050514E0,3.195000067E-2
2.249592099E2,6.649500132E-1,8.056950569E0,-1.108950019E0
2.249616536E2,1.813950062E0,1.283595085E1,-1.831950068E0
2.249640970E2,1.029000044E0,1.095600033E1,1.057050109E0
2.249665406E2,-7.605000585E-2,6.735000134E0,-6.420000196E-1
2.249689841E2,-9.600000083E-2,7.719000340E0,-1.875000119E0
2.249714277E2,1.405050039E0,1.360905075E1,1.428000093E0
2.249738712E2,1.599000096E0,1.020405006E1,1.536000013E0
2.249763148E2,-1.459500045E-1,6.960000515E0,-2.311050177E0
2.249787585E2,-3.180000186E-1,9.160050392E0,-7.140000463E-1
2.249812019E2,4.470000267E-1,1.188795090E1,3.837000132E0
2.249836456E2,1.069050074E0,9.703950882E0,1.396950126E0
2.249860890E2,2.389500141E-1,4.675950050E0,-3.169500232E-1
2.249885326E2,3.220500052E-1,8.626950264E0,-1.165950060E0
2.249909763E2,2.800950050E0,1.238805103E1,2.146050215E0
2.249934198E2,1.498050094E0,6.823950291E0,1.087950110E0
2.249958634E2,1.429050088E0,5.703000069E0,-6.570000052E-1
2.249983069E2,2.314050198E0,1.105005074E1,3.331050158E0
2.250007505E2,2.968050241E0,1.008000088E1,4.986000061E0
2.250031939E2,2.764950037E0,6.325950146E0,2.659050226E0
2.250056376E2,3.334050179E0,6.160050392E0,2.685000181E0
2.250080810E2,3.787050247E0,9.844950676E0,5.220000267E0
2.250105247E2,4.243950367E0,1.028595066E1,7.252950191E0
2.250129683E2,8.974950790E0,6.127050400E0,6.697950363E0
2.250154118E2,1.799205017E1,1.992000103E0,-1.396605110E1
2.250178554E2,1.461405087E1,6.370950222E0,-2.923695183E1
2.250202989E2,4.825950146E0,8.077950478E0,-3.533295059E1
2.250227426E2,1.843050122E0,1.501050115E0,-2.857905197E1
2.250251859E2,5.851050377E0,3.478950262E0,-1.953795052E1
2.250276296E2,7.795050144E0,5.416050434E0,-1.140405083E1
2.250300732E2,7.423950195E0,5.157000065E0,-2.605050087E0
2.250325167E2,3.310050249E0,6.979050159E0,6.360000134E0
2.250349603E2,4.207950115E0,7.506000519E0,4.572000027E0
2.250374040E2,6.232050419E0,9.634950638E0,3.403050184E0
2.250398475E2,4.644000053E0,8.281949997E0,5.404950142E0
2.250422911E2,1.642050028E0,5.890050411E0,4.021049976E0
2.250447346E2,1.917000055E0,6.892950535E0,2.611050129E0
2.250471782E2,7.243950367E0,9.007050514E0,-3.573000193E0
2.250496219E2,2.986950159E0,7.540050507E0,-7.324950218E0
2.250520653E2,7.530000210E-1,7.204050541E0,1.585950017E0
2.250545090E2,1.924050093E0,7.678050518E0,2.862000227E0
2.250569524E2,1.795050144E0,1.330305099E1,-2.950050116E0
2.250593960E2,3.307950258E0,1.251705074E1,-1.356000066E0
2.250618395E2,3.730500042E-1,7.522950172E0,1.809000134E0
2.250642831E2,2.719500065E-1,8.208000183E0,-2.926050186E0
2.250667268E2,2.980050087E0,1.642200089E1,8.130000234E-1
2.250691703E2,2.250000000E0,1.152105045E1,-1.228950024E0
2.250716139E2,4.350000322E-1,5.245950222E0,-2.542950153E0
2.250740574E2,7.249500155E-1,9.373950005E0,-3.393000126E0
2.250765010E2,1.885950089E0,1.680795097E1,2.745000124E0
2.250789444E2,2.290500104E-1,8.992950439E0,-9.130500555E-1
2.250813881E2,-3.256050110E0,8.503950119E0,-1.959000111E0
2.250838317E2,-3.594000101E0,1.022100067E1,1.762950063E0
2.250862752E2,-8.280000687E-1,9.022050858E0,4.270500243E-1
2.250887188E2,-7.489500642E-1,2.325000048E0,-1.111050010E0
2.250911623E2,2.980500162E-1,2.337000132E0,-2.639999986E-1
2.250936059E2,7.908000469E0,1.259895039E1,-5.296950340E0
2.250960496E2,1.161600018E1,8.593050003E0,-8.208000183E0
2.250984931E2,1.087395096E1,1.210950017E0,-9.586950302E0
2.251009367E2,6.093000412E0,7.537050247E0,-8.473950386E0
2.251033801E2,9.306000710E0,1.200195026E1,-6.810000420E0
2.251058237E2,4.041000366E0,1.108500099E1,-7.291050434E0
2.251082672E2,-3.709500134E-1,8.920950890E0,-2.557950020E0
2.251107109E2,1.129050016E0,8.344050407E0,2.175000191E0
2.251131543E2,4.515000343E0,1.249095058E1,-1.609500051E-1
2.251155980E2,4.156050205E0,1.021905041E1,-7.309500575E-1
2.251180416E2,3.109050035E0,7.302000523E0,-2.968950033E0
2.251204851E2,6.349050522E0,6.891000271E0,-4.794000149E0
2.251229287E2,1.143405056E1,9.352050781E0,-1.099005032E1
2.251253724E2,8.152050018E0,7.384050369E0,-1.211295033E1
2.251278158E2,1.363950014E0,8.545050621E0,-3.949050188E0
2.251302595E2,7.750500441E-1,1.129095078E1,2.674950123E0
2.251327029E2,3.943050146E0,1.585500050E1,3.336000204E0
2.251351465E2,3.628950119E0,9.835950851E0,-3.840000033E-1
2.251375900E2,1.845000029E0,7.744950294E0,2.710500062E-1
2.251400336E2,3.483000278E0,1.042500019E1,-2.434950113E0
2.251424773E2,6.564000130E0,1.112100029E1,-9.019950867E0
2.251449208E2,3.981000185E0,8.401050568E0,-8.649000168E0
2.251473644E2,-3.810000122E-1,6.546000481E0,-5.250000358E-1
2.251498078E2,-1.240500063E-1,8.179050446E0,3.777000189E0
2.251522514E2,1.789950132E0,1.491900063E1,2.055000067E0
2.251546951E2,2.086950064E0,1.128195095E1,1.279500127E-1
2.251571386E2,1.600950122E0,6.175050259E0,-9.405000508E-2
2.251595822E2,4.278000355E0,8.955000877E0,-2.400000095E-1
2.251620257E2,6.502050400E0,1.300095081E1,-7.090050220E0
2.251644693E2,5.656950474E0,1.000305080E1,-7.389000416E0
2.251669128E2,2.736000061E0,7.390950203E0,-2.707950115E0
2.251693564E2,2.845950127E0,1.134600067E1,2.386050224E0
2.251718001E2,5.053950310E0,1.470105076E1,9.780000448E-1
2.251742435E2,3.358050108E0,1.066905022E1,-1.578000069E0
2.251766871E2,1.570050120E0,7.528050423E0,-1.566000104E0
2.251791306E2,3.559050083E0,1.073595047E1,-1.890000105E0
2.251815743E2,7.785000324E0,1.054905033E1,-6.484050274E0
2.251840179E2,6.004050255E0,5.674050331E0,-9.043950081E0
2.251864614E2,2.590050220E0,6.433050156E0,-4.164000034E0
2.251889050E2,4.876049995E0,9.759000778E0,1.521000028E0
2.251913485E2,6.603000164E0,1.075500011E1,-4.095000029E-2
2.251937921E2,4.488000393E0,8.500050545E0,-4.147050381E0
2.251962355E2,2.632950068E0,7.602000237E0,-4.698000431E0
2.251986792E2,3.451950073E0,7.450950146E0,-4.921050072E0
2.252011229E2,7.029000282E0,8.659950256E0,-9.192000389E0
2.252035663E2,3.457050085E0,6.196050167E0,-9.445950508E0
2.252060099E2,1.147950053E0,4.948950291E0,-1.092000008E0
2.252084534E2,5.254950047E0,7.494000435E0,3.400950193E0
2.252108970E2,6.739050388E0,9.259050369E0,-1.699950099E0
2.252133405E2,3.334050179E0,5.794050217E0,-7.240500450E-1
2.252157842E2,1.378050089E0,5.740950108E0,-5.419500470E-1
2.252182275E2,5.032050133E0,6.760950089E0,-2.548050165E0
2.252206712E2,7.636950493E0,7.245000362E0,-8.325000763E0
2.252231149E2,1.728000045E0,5.686050415E0,-6.901050091E0
2.252255583E2,3.299999982E-2,5.112000465E0,1.288950086E0
2.252280019E2,1.930950046E0,7.609050274E0,4.018949986E0
2.252304456E2,2.242950201E0,1.128705025E1,3.262050152E0
2.252328891E2,1.345050097E0,7.207050323E0,2.190000117E-1
2.252353327E2,-2.250000089E-1,6.381000519E0,-1.027950048E0
2.252377762E2,1.608000040E0,9.057000160E0,1.276950002E0
2.252402198E2,4.480950356E0,1.128405094E1,-6.424050331E0
2.252426635E2,2.539950132E0,8.145000458E0,-6.373950481E0
2.252451069E2,4.180500209E-1,6.567000389E0,-2.731950045E0
2.252475505E2,1.492950082E0,9.864000320E0,6.880500317E-1
2.252499940E2,4.366050243E0,1.399500084E1,-1.795950055E0
2.252524376E2,3.447000265E0,9.963000298E0,-3.324000120E0
2.252548811E2,2.467950106E0,7.149000168E0,-1.770000100E0
2.252573247E2,3.973950148E0,1.086495018E1,-1.729050040E0
2.252597684E2,6.259950161E0,1.183995056E1,-6.171000481E0
2.252622119E2,3.652950287E0,8.143050194E0,-7.293000221E0
2.252646555E2,5.260500312E-1,6.915000439E0,-2.760000229E-1
2.252670989E2,1.777950048E0,9.220050812E0,2.962950230E0
2.252695425E2,5.415000439E0,1.333800030E1,-5.680500269E-1
2.252719862E2,4.426050186E0,6.565050125E0,-2.653050184E0
2.252744296E2,3.040050030E0,5.476050377E0,-4.936950207E0
2.252768731E2,5.520000458E0,1.069005013E1,-4.328999996E0
2.252793168E2,7.057950497E0,9.714000702E0,-7.372050285E0
2.252817604E2,3.085050106E0,8.430000305E0,-8.356950760E0
2.252842039E2,8.950500488E-1,7.372050285E0,-6.060000062E-1
2.252866475E2,2.899050236E0,1.056405067E1,2.139000177E0
2.252890912E2,4.171950340E0,1.265100098E1,5.760000348E-1
2.252915346E2,2.074949980E0,7.033950329E0,-1.231050014E0
2.252939782E2,1.306050062E0,6.903000355E0,-2.239050150E0
2.252964217E2,3.006000042E0,9.316050529E0,-3.621000290E0
2.252988653E2,6.181050301E0,1.018500042E1,-8.206049919E0
2.253013088E2,2.796000242E0,8.039999962E0,-7.942050457E0
2.253037524E2,1.930500120E-1,6.298950195E0,4.099500179E-1
2.253061959E2,9.259500504E-1,8.437050819E0,1.971000075E0
2.253086396E2,1.720950127E0,1.380795097E1,3.025050163E0
2.253110832E2,1.215000033E0,7.384050369E0,1.995000124E0
2.253135266E2,8.130000234E-1,4.270950317E0,-1.540500075E-1
2.253159703E2,2.868000031E0,8.755949974E0,-1.230000034E-1
2.253184140E2,7.378050327E0,9.448050499E0,-7.092000484E0
2.253208574E2,3.964050293E0,5.725050449E0,-7.285950184E0
2.253233010E2,8.610000610E-1,6.702000141E0,-2.179050207E0
2.253257445E2,1.357050061E0,8.734050751E0,2.235000134E0
2.253281881E2,4.157999992E0,1.236405087E1,-7.950000465E-3
2.253306316E2,2.290950060E0,7.228050232E0,-2.111999989E0
2.253330752E2,8.160000443E-1,5.289000034E0,-1.192950010E0
2.253355187E2,1.978950143E0,8.445000648E0,-1.911000133E0
2.253379624E2,6.991050243E0,9.352050781E0,-6.670950413E0
2.253404060E2,5.082000256E0,5.796000481E0,-8.728050232E0
2.253428494E2,9.979500771E-1,5.926050186E0,-1.566000104E0
2.253452930E2,1.780950069E0,8.614950180E0,2.872050047E0
2.253477367E2,5.034000397E0,1.378905106E1,9.060000181E-1
2.253501802E2,2.656950235E0,8.859000206E0,-1.540500075E-1
2.253526238E2,2.074949980E0,7.366950512E0,-1.060500070E-1
2.253550673E2,3.799050093E0,1.046505070E1,-3.702000141E0
2.253575109E2,6.952050209E0,1.013295078E1,-7.903950214E0
2.253599543E2,4.110000134E0,7.804950237E0,-9.592050552E0
2.253623980E2,3.010500073E-1,8.253000259E0,-2.680050135E0
2.253648414E2,4.590000212E-1,9.445050240E0,3.316950083E0
2.253672851E2,4.006950378E0,1.393200111E1,1.191000104E0
2.253697287E2,4.417050362E0,9.997950554E0,-3.135000229E0
2.253721722E2,3.046950102E0,7.273950577E0,-3.076950073E0
2.253746158E2,3.507000208E0,1.027605057E1,-2.871000051E0
2.253770595E2,6.172050476E0,1.163595009E1,-4.960950375E0
2.253795030E2,5.200050354E0,8.791950226E0,-6.556050301E0
2.253819466E2,1.492950082E0,7.779000282E0,-1.462950110E0
2.253843900E2,1.255950093E0,1.030995083E1,2.685000181E0
2.253868337E2,2.092050076E0,1.459995079E1,1.756050110E0
2.253892771E2,3.816000223E0,1.117200089E1,1.192950010E0
2.253917207E2,3.676950216E0,7.396050453E0,-3.898050070E0
2.253941642E2,3.945000172E0,1.026705074E1,-4.630950451E0
2.253966079E2,7.009950161E0,1.098000050E1,-7.116000175E0
2.253990515E2,5.889000416E0,8.188050270E0,-8.749050140E0
2.254014950E2,1.654050112E0,9.031050682E0,-3.373950243E0
2.254039387E2,1.527000070E0,1.004400063E1,2.920050144E0
2.254063823E2,4.408950329E0,1.309395027E1,2.481000185E0
2.254088257E2,4.692000389E0,1.012500095E1,-1.945050120E0
2.254112694E2,2.875050068E0,6.910050392E0,-3.805050135E0
2.254137128E2,1.824000120E0,8.887950897E0,-2.914050102E0
2.254161564E2,5.974950314E0,9.658050537E0,-4.258049965E0
2.254185999E2,6.873000145E0,6.874050140E0,-8.392050743E0
2.254210435E2,2.572950125E0,6.699000359E0,-4.593000412E0
2.254234872E2,1.291950107E0,5.895000458E0,1.408950090E0
2.254259307E2,4.477050304E0,9.730050087E0,1.191000104E0
2.254283743E2,4.611000061E0,8.647950172E0,-3.130050182E0
2.254308178E2,2.880000114E0,4.389000416E0,-4.522950172E0
2.254332614E2,1.857000113E0,6.031050205E0,-4.522950172E0
2.254357048E2,6.025950432E0,6.783000469E0,-6.630000114E0
2.254381484E2,8.118000031E0,5.097000122E0,-1.202700043E1
2.254405919E2,3.040050030E0,3.484050274E0,-8.188950539E0
2.254430356E2,3.850500286E-1,4.256999969E0,1.660050035E0
2.254454792E2,3.385050058E0,8.089950562E0,4.153050423E0
2.254479227E2,5.323950291E0,5.974050522E0,-9.700500369E-1
2.254503663E2,3.157050133E0,2.310000181E0,-2.272950172E0
2.254528098E2,9.229500294E-1,4.105950356E0,-2.845050097E0
2.254552534E2,6.133050442E0,5.029950142E0,-5.239050388E0
2.254576971E2,9.684000015E0,4.369050026E0,-9.585000038E0
2.254601405E2,2.595000029E0,2.677050114E0,-8.866950035E0
2.254625842E2,-1.156050086E0,3.936000109E0,2.650950193E0
2.254650276E2,3.750000298E-1,6.883050442E0,5.841000080E0
2.254674712E2,2.548950195E0,7.872000217E0,1.380000114E0
2.254699149E2,4.912050247E0,5.904000282E0,-2.779500186E-1
2.254723584E2,2.331000090E0,3.804000139E0,-2.794950247E0
2.254748020E2,4.030950069E0,7.087050438E0,-4.042050362E0
2.254772455E2,5.896050453E0,8.203050613E0,-8.649000168E0
2.254796891E2,2.226000071E0,5.689050198E0,-6.715950489E0
2.254821325E2,2.959500253E-1,5.061000347E0,9.750000238E-1
2.254845762E2,1.258950114E0,9.048000336E0,2.623050213E0
2.254870199E2,1.468950033E0,1.306305027E1,1.404000044E0
2.254894633E2,1.656000137E0,8.052000046E0,6.090000272E-1
2.254919069E2,6.859500408E-1,7.990050316E0,-1.348050117E0
2.254943504E2,1.275000095E0,1.207200050E1,6.550500393E-1
2.254967940E2,6.636000156E0,1.435395050E1,2.007000208E0
2.254992375E2,5.173050404E0,1.082205009E1,-8.395050049E0
2.255016811E2,2.700000048E0,9.534000397E0,-6.895950317E0
2.255041248E2,1.441050053E0,1.259595013E1,-2.040000200E0
2.255065682E2,2.853000164E0,1.421505070E1,8.340000510E-1
2.255090118E2,4.309050083E0,1.077705097E1,-5.026050091E0
2.255114553E2,2.154000044E0,1.022595024E1,-3.408000231E0
2.255138990E2,8.040000200E-1,1.092000008E1,9.370500445E-1
2.255163426E2,4.405050278E0,1.177695084E1,-1.303050041E0
2.255187860E2,7.041000366E0,1.170105076E1,-7.693050385E0
2.255212297E2,4.036050320E0,1.033605003E1,-4.489950180E0
2.255236731E2,2.452950001E0,1.230705070E1,-2.659500241E-1
2.255261167E2,4.879050255E0,1.450395107E1,1.429950118E0
2.255285602E2,6.892050266E0,1.152600098E1,-4.075950146E0
2.255310038E2,3.670050144E0,1.031700039E1,-5.359050274E0
2.255334475E2,8.920500278E-1,1.004400063E1,-6.589500308E-1
2.255358910E2,2.968050241E0,1.057095051E1,-1.186050057E0
2.255383346E2,7.432950497E0,9.357000351E0,-6.115050316E0
2.255407781E2,4.096050262E0,8.583000183E0,-5.799000263E0
2.255432217E2,8.179500103E-1,9.553050041E0,1.660050035E0
2.255456654E2,1.570050120E0,1.192095089E1,1.270050049E0
2.255481088E2,2.431950092E0,1.426500034E1,1.906950116E0
2.255505524E2,1.678050041E0,9.718050003E0,2.689500153E-1
2.255529959E2,6.600000262E-1,9.417000771E0,-1.210050106E0
2.255554395E2,1.380000114E-1,1.039605045E1,8.530500531E-1
2.255578830E2,5.319000244E0,9.297000885E0,7.720500231E-1
2.255603266E2,3.973950148E0,7.747950554E0,-8.505000114E0
2.255627703E2,1.579050064E0,7.615950584E0,-5.898000240E0
2.255652137E2,7.650000453E-1,1.010595036E1,4.650000334E-1
2.255676574E2,2.832000017E0,1.214100075E1,6.259500384E-1
2.255701008E2,2.463000059E0,9.679950714E0,-2.151000023E0
2.255725445E2,1.201050043E0,7.200000286E0,-4.290000200E-1
2.255749881E2,6.105000153E-2,7.213950157E0,1.737000108E0
2.255774316E2,3.427950144E0,8.494950294E0,3.289500177E-1
2.255798752E2,5.287950039E0,7.662000179E0,-6.421950340E0
2.255823186E2,2.836050034E0,6.156000137E0,-4.167000294E0
2.255847623E2,1.657950044E0,7.768950462E0,1.162050009E0
2.255872057E2,2.281050205E0,9.892950058E0,1.291050076E0
2.255896493E2,3.129000187E0,9.131999969E0,-3.049500287E-1
2.255920930E2,1.369050026E0,7.036950111E0,-2.710500062E-1
2.255945365E2,2.580000162E0,8.538000107E0,-1.518000126E0
2.255969801E2,4.603050232E0,8.842050552E0,-3.051000118E0
2.255994236E2,8.022000313E0,7.425000191E0,-6.013050079E0
2.256018673E2,5.596950054E0,7.729050159E0,-7.024950504E0
2.256043109E2,1.459950089E0,1.028595066E1,-1.075950027E0
2.256067543E2,1.531950116E0,1.278300095E1,3.367050171E0
2.256091980E2,3.166950226E0,1.425105095E1,1.855950117E0
2.256116414E2,2.809950113E0,1.093200016E1,-3.415050268E0
2.256140850E2,2.142000198E0,1.048200035E1,-5.098050117E0
2.256165285E2,1.888050079E0,1.090305042E1,-4.051949978E0
2.256189721E2,4.615050316E0,1.145205021E1,-4.068000317E0
2.256214158E2,4.951050282E0,1.149195099E1,-7.060950279E0
2.256238593E2,2.037000179E0,1.221300030E1,-2.553000212E0
2.256263029E2,1.744950056E0,1.280205059E1,2.947950125E0
2.256287464E2,1.171950102E0,1.413105106E1,4.180500209E-1
2.256311900E2,3.691050291E0,1.164105034E1,1.168950081E0
2.256336337E2,3.844050169E0,1.015200043E1,-5.797050476E0
2.256360771E2,3.421050072E0,9.321000099E0,-5.685000420E0
2.256385207E2,4.275000095E0,8.485050201E0,-5.062050343E0
2.256409642E2,6.105000496E0,6.814050198E0,-6.376050472E0
2.256434078E2,3.736950159E0,6.943050385E0,-4.972950459E0
2.256458513E2,1.776000142E0,6.517050266E0,1.095000029E0
2.256482949E2,1.402050018E0,6.852000237E0,1.845000029E0
2.256507386E2,4.660950184E0,8.277000427E0,-9.370500445E-1
2.256531820E2,2.302050114E0,5.325000286E0,-3.621000290E0
2.256556257E2,1.165050030E0,3.816000223E0,3.000000026E-3
2.256580691E2,3.499950171E0,4.816950321E0,-3.384000063E0
2.256605128E2,9.471000671E0,5.593050480E0,-7.480050564E0
2.256629562E2,7.599000454E0,3.745050192E0,-8.548050880E0
2.256653999E2,9.280500412E-1,4.504050255E0,-2.577000141E0
2.256678435E2,-5.205000192E-2,5.479950428E0,3.307050228E0
2.256702870E2,5.260500312E-1,8.004000664E0,3.592050076E0
2.256727306E2,4.527000427E0,4.867050171E0,-2.143050194E0
2.256751740E2,3.777000189E0,2.452050209E0,-6.805050373E0
2.256776176E2,2.767050028E0,3.796950102E0,-6.355050087E0
2.256800611E2,6.661950111E0,4.666050434E0,-4.909050465E0
2.256825048E2,7.666050434E0,4.969950199E0,-5.734950066E0
2.256849484E2,2.631000042E0,4.245000362E0,-2.886000156E0
2.256873919E2,6.409500241E-1,6.511950493E0,3.412950277E0
2.256898355E2,-8.160000443E-1,9.709050179E0,3.949050188E0
2.256922790E2,2.817000151E0,9.619950294E0,3.279000044E0
2.256947226E2,7.009950161E0,7.111050129E0,-5.578950405E0
2.256971660E2,4.251000404E0,7.089000225E0,-7.984950542E0
2.256996097E2,3.337050200E0,1.012995052E1,-6.702000141E0
2.257020534E2,4.052999973E0,8.908950806E0,-5.308950424E0
2.257044968E2,3.313050270E0,1.032195091E1,-2.371050119E0
2.257069404E2,1.969950080E0,1.041000080E1,1.545000076E0
2.257093839E2,8.659500480E-1,1.144005013E1,2.034000158E0
2.257118276E2,3.580500185E-1,1.140405083E1,-7.690500617E-1
2.257142712E2,1.579050064E0,1.022400093E1,9.829500318E-1
2.257167146E2,2.439000130E0,1.013700008E1,2.809500098E-1
2.257191583E2,1.948050141E0,9.313950539E0,-1.516050100E0
2.257216017E2,1.375950098E0,8.919000626E0,-2.260500044E-1
2.257240453E2,2.122950077E0,1.081695080E1,-6.919500232E-1
2.257264890E2,3.229050159E0,1.052295017E1,2.689500153E-1
2.257289324E2,2.046000004E0,1.018995094E1,-1.636050105E0
2.257313761E2,7.680000067E-1,1.148295021E1,-1.054050088E0
2.257338196E2,3.060000241E-1,1.175595093E1,9.799500704E-1
2.257362632E2,1.273050070E0,9.235050201E0,3.244950056E0
2.257387066E2,2.580000162E-1,7.638000488E0,-1.369500011E-1
2.257411503E2,6.150000095E-1,7.960950375E0,-3.360000253E-1
2.257435940E2,1.098000050E0,7.671000481E0,2.845050097E0
2.257460374E2,2.464950085E0,9.586950302E0,1.228950024E0
2.257484810E2,3.448950052E0,1.086300087E1,-6.400500536E-1
2.257509245E2,2.662050009E0,9.052950859E0,-1.653000116E0
2.257533681E2,1.459950089E0,9.115050316E0,-2.895000204E-2
2.257558116E2,1.516950130E0,1.188495064E1,3.700500131E-1
2.257582552E2,3.114000082E0,1.138500023E1,-1.660500020E-1
2.257606989E2,2.656950235E0,8.868000031E0,-1.120950103E0
2.257631423E2,1.258950114E0,8.008950233E0,-2.110500038E-1
2.257655859E2,4.243950367E0,9.454950333E0,-9.220500588E-1
2.257680294E2,5.662050247E0,1.095900059E1,-6.790950298E0
2.257704731E2,3.246000051E0,1.139895058E1,-5.131050110E0
2.257729167E2,6.889500618E-1,1.053705025E1,-1.132950068E0
2.257753602E2,1.504950047E0,9.517050743E0,6.760500073E-1
2.257778038E2,5.475000381E0,1.081305027E1,-3.907950163E0
2.257802473E2,4.867050171E0,8.749050140E0,-7.155000210E0
2.257826909E2,2.290950060E0,7.306950569E0,-4.861050129E0
2.257851343E2,2.644950151E0,5.667000294E0,-1.815000057E0
2.257875779E2,8.475000381E0,8.566950798E0,-4.825050354E0
2.257900216E2,7.206000328E0,7.413000584E0,-7.027950287E0
2.257924651E2,3.112050056E0,8.167050362E0,-3.714000225E0
2.257949087E2,1.089000106E0,7.056000233E0,1.900500059E-1
2.257973522E2,1.869000077E0,8.605050087E0,2.343000174E0
2.257997959E2,3.289050102E0,7.978050232E0,-7.950000167E-1
2.258022395E2,4.588950157E0,5.880000114E0,-3.927000284E0
2.258046829E2,4.792950153E0,7.438950539E0,-6.217950344E0
2.258071266E2,5.374050140E0,8.097000122E0,-4.492050171E0
2.258095700E2,7.089000225E0,8.281949997E0,-6.178050518E0
2.258120136E2,3.865950108E0,8.908950806E0,-4.765050411E0
2.258144571E2,3.180000186E-1,9.915000916E0,3.840000033E-1
2.258169007E2,-1.021950006E0,1.156395054E1,2.826000214E0
2.258193444E2,-9.790500402E-1,9.742050171E0,5.160000324E-1
2.258217878E2,1.081050038E0,1.057095051E1,1.473000050E0
2.258242314E2,4.210950375E0,1.024500084E1,-1.175999999E0
2.258266749E2,1.984050035E0,7.942050457E0,-2.851950169E0
2.258291185E2,4.150950432E0,9.298950195E0,-3.099000216E0
2.258315622E2,5.599050045E0,1.191600037E1,-5.340000153E0
2.258340056E2,4.399950027E0,1.159305096E1,-5.301000118E0
2.258364493E2,1.282950044E0,1.122705078E1,-2.760000229E-1
2.258388927E2,7.819500566E-1,1.006995010E1,1.605000019E0
2.258413364E2,7.219500542E-1,1.032195091E1,5.970000029E-1
2.258437798E2,4.108050346E0,1.058295059E1,1.228950024E0
2.258462234E2,4.204050064E0,8.466000557E0,-3.700050116E0
2.258486669E2,3.540000200E0,7.360050201E0,-2.328000069E0
2.258511106E2,4.978950024E0,9.310950279E0,-2.811000109E0
2.258535542E2,6.088050365E0,8.851950645E0,-4.540050030E0
2.258559977E2,3.967050076E0,9.610950470E0,-4.223999977E0
2.258584413E2,1.729950070E0,9.511950493E0,-1.044000030E0
2.258608850E2,1.588950038E0,8.938050270E0,2.560050011E0
2.258633284E2,2.559000015E0,9.666000366E0,1.876050115E0
2.258657720E2,2.865000248E0,9.730050087E0,3.480000198E-1
2.258682155E2,3.349050045E0,7.621050358E0,-1.180950046E0
2.258706591E2,9.040500522E-1,5.445000172E0,-2.959950209E0
2.258731026E2,2.227950096E0,6.472050190E0,-2.922000170E0
2.258755462E2,4.795050144E0,8.377950668E0,-4.866000175E0
2.258779897E2,3.772950172E0,7.860000610E0,-5.056950092E0
2.258804333E2,1.405050039E0,7.750050545E0,-2.124000072E0
2.258828770E2,2.085000038E0,8.100000381E0,1.071000099E0
2.258853204E2,3.325050116E0,9.112950325E0,3.940500319E-1
2.258877640E2,3.925950289E0,8.004000664E0,-5.440500379E-1
2.258902075E2,3.567000151E0,8.590950012E0,6.739500165E-1
2.258926512E2,2.350050211E0,8.743950844E0,-5.509500504E-1
2.258950948E2,4.990950108E0,8.381999969E0,-3.046050072E0
2.258975383E2,7.876050472E0,8.559000015E0,-8.464050293E0
2.258999819E2,4.873950005E0,1.076205063E1,-1.076505089E1
2.259024253E2,1.053000093E0,1.100595093E1,-5.854950428E0
2.259048690E2,4.639500082E-1,1.036500072E1,5.779500008E-1
2.259073124E2,3.070950031E0,1.082895088E1,1.744050026E0
2.259097561E2,5.592000484E0,1.087695026E1,-9.559500217E-1
2.259121997E2,5.439000130E0,1.074795055E1,-4.783950329E0
2.259146432E2,2.890950203E0,9.385950089E0,-4.710000038E0
2.259170868E2,2.374050140E0,9.850050926E0,-2.980950117E0
2.259195303E2,5.116050243E0,1.147605038E1,-5.452050209E0
2.259219740E2,3.913950205E0,1.305405045E1,-5.116950035E0
2.259244174E2,1.498050094E0,1.214100075E1,-1.530000091E0
2.259268610E2,6.360000372E-1,1.003905010E1,1.732050061E0
2.259293047E2,1.108050108E0,1.014900017E1,2.509950161E0
2.259317481E2,4.855050087E0,1.009905052E1,-1.030500084E-1
2.259341918E2,4.050000191E0,9.772950172E0,-2.962050200E0
2.259366352E2,1.843050122E0,9.277950287E0,-2.265000105E0
2.259390789E2,1.810500026E-1,8.482950211E0,3.700500131E-1
2.259415225E2,1.531950116E0,9.927000046E0,9.405000508E-2
2.259439660E2,3.363000154E0,1.070700073E1,-3.106050253E0
2.259464096E2,2.827050209E0,1.006800079E1,-3.247050047E0
2.259488533E2,1.206000090E0,8.409000397E0,-1.267050028E0
2.259512967E2,2.290500104E-1,7.666050434E0,8.370000124E-1
2.259537404E2,2.395950079E0,8.557050705E0,9.970500469E-1
2.259561838E2,5.572950363E0,8.914050102E0,-2.641050100E0
2.259586274E2,2.992050171E0,7.417050362E0,-2.598000050E0
2.259610709E2,9.210000634E-1,7.015050411E0,1.249500066E-1
2.259635145E2,1.618050098E0,8.133000374E0,6.310500503E-1
2.259659580E2,4.069050312E0,9.330000877E0,-3.427050114E0
2.259684017E2,2.215950012E0,9.424050331E0,-3.831000090E0
2.259708453E2,2.530499995E-1,7.798050404E0,-4.750500321E-1
2.259732888E2,1.000500023E-1,6.292050362E0,2.115000010E0
2.259757324E2,1.717950106E0,8.824950218E0,4.819500148E-1
2.259781758E2,2.959050179E0,9.043050766E0,1.399050117E0
2.259806194E2,2.166000128E0,7.432050228E0,1.480950117E0
2.259830629E2,1.633950114E0,7.039050102E0,9.870000482E-1
2.259855065E2,3.910950184E0,7.441050529E0,-6.090000272E-1
2.259879502E2,6.406050205E0,8.878050804E0,-6.312000275E0
2.259903937E2,3.484950066E0,9.960000038E0,-8.289000511E0
2.259928373E2,4.660500288E-1,9.226950645E0,-2.943000078E0
2.259952807E2,-1.890000105E-1,6.673050404E0,2.002950191E0
2.259977244E2,8.800500631E-1,9.216000557E0,2.400000095E0
2.260001681E2,3.508950233E0,1.059195042E1,2.613000154E0
2.260026115E2,4.159950256E0,8.191050529E0,-2.044950008E0
2.260050551E2,2.523000002E0,6.951000214E0,-4.156949997E0
2.260074986E2,2.479950190E0,7.543950558E0,-4.078050137E0
2.260099422E2,4.599000454E0,9.129000664E0,-6.558000088E0
2.260123857E2,2.496000051E0,9.847950935E0,-5.668050289E0
2.260148294E2,8.779500127E-1,8.916000366E0,-1.779000044E0
2.260172730E2,3.370500207E-1,6.430950165E0,2.826000214E0
2.260197164E2,5.089499950E-1,6.199050426E0,2.035950184E0
2.260221601E2,2.941950083E0,8.299050331E0,2.007000208E0
2.260246035E2,5.425050259E0,7.618950367E0,-6.280500293E-1
2.260270472E2,4.066950321E0,7.051050186E0,-3.501000166E0
2.260294908E2,2.305050135E0,7.362000465E0,-3.727950096E0
2.260319343E2,3.732000113E0,8.830050468E0,-4.320000172E0
2.260343779E2,4.405050278E0,1.007505035E1,-4.717050076E0
2.260368214E2,1.792950034E0,1.029300022E1,-4.368000031E0
2.260392650E2,6.220500469E-1,9.292050362E0,9.705000371E-2
2.260417084E2,1.426050067E0,7.779000282E0,2.311050177E0
2.260441521E2,5.803050041E0,9.313950539E0,-9.030000567E-1
2.260465957E2,8.116050720E0,1.146105099E1,-5.581950188E0
2.260490392E2,3.916050196E0,1.065405083E1,-5.277000427E0
2.260514828E2,7.129500508E-1,1.130805016E1,-1.207050085E0
2.260539263E2,8.080500364E-1,1.169400024E1,8.989500403E-1
2.260563699E2,3.358050108E0,1.340805054E1,-3.340950251E0
2.260588136E2,5.461050034E0,1.295100021E1,-6.364050388E0
2.260612570E2,3.504000187E0,1.108095074E1,-4.152000427E0
2.260637007E2,1.551000118E0,1.087200069E1,1.018050075E0
2.260661441E2,3.430050135E0,1.124805069E1,8.599500656E-1
2.260685878E2,6.712950230E0,1.353000069E1,-3.771000147E0
2.260710312E2,5.427000046E0,1.303395081E1,-5.902050495E0
2.260734748E2,2.263950109E0,1.210500050E1,-4.710000038E0
2.260759185E2,1.393050075E0,1.161195087E1,-1.902000070E0
2.260783620E2,3.382050276E0,1.210500050E1,-2.803950071E0
2.260808056E2,4.408950329E0,1.270395088E1,-4.774950027E0
2.260832491E2,2.329050064E0,1.079295063E1,-3.994050264E0
2.260856928E2,8.800500631E-1,8.542950630E0,8.800500631E-1
2.260881364E2,2.587050200E0,8.506950378E0,1.770000100E0
2.260905798E2,5.511000156E0,9.283050537E0,-1.156949997E0
2.260930234E2,5.451000214E0,8.848950386E0,-4.080000401E0
2.260954669E2,1.945950150E0,8.124000549E0,-3.202050209E0
2.260979105E2,7.680000067E-1,5.860950470E0,3.049500287E-1
2.261003540E2,5.980500579E-1,6.409050465E0,1.725000024E0
2.261027976E2,1.273050070E0,8.470950127E0,4.750500321E-1
2.261052413E2,2.008050203E0,5.902050495E0,-1.183050036E0
2.261076847E2,2.262000084E0,4.723950386E0,-2.007000208E0
2.261101284E2,2.242950201E0,4.293000221E0,-1.630950093E0
2.261125718E2,3.660000086E0,5.734050274E0,-6.970500350E-1
2.261150154E2,5.137050152E0,7.530000210E0,-2.517000198E0
2.261174589E2,2.155950069E0,7.494000435E0,-2.139000177E0
2.261199026E2,5.070000291E-1,6.345000267E0,-8.940000534E-1
2.261223460E2,1.147950053E0,4.033950329E0,-8.599500656E-1
2.261247897E2,6.187950134E0,6.366000175E0,-3.072000027E0
2.261272333E2,7.728000164E0,6.606000423E0,-7.923000336E0
2.261296767E2,4.357050419E0,7.566000462E0,-7.806000233E0
2.261321204E2,1.816050053E0,7.627950191E0,-4.609050274E0
2.261345641E2,1.771050096E0,7.840950489E0,6.619500518E-1
2.261370075E2,5.218950272E0,8.713050842E0,1.618950129E0
2.261394511E2,6.271950245E0,8.719950676E0,-7.189500332E-1
2.261418946E2,2.868000031E0,8.832000732E0,-1.815000057E0
2.261443382E2,1.407000065E0,7.936950207E0,-1.207050085E0
2.261467819E2,4.564949989E0,9.181950569E0,-2.127000093E0
2.261492254E2,7.254000187E0,1.076700020E1,-7.377000332E0
2.261516690E2,4.668000221E0,1.176300049E1,-7.315050125E0
2.261541125E2,1.057050109E0,1.167900085E1,-3.193950176E0
2.261565561E2,-6.970500350E-1,1.140405083E1,2.113049984E0
2.261589995E2,6.499500275E-1,1.186395073E1,2.038050175E0
2.261614431E2,5.626050472E0,1.195695019E1,-3.484050274E0
2.261638868E2,6.733950138E0,1.073295021E1,-6.951000214E0
2.261663303E2,4.831050396E0,9.156000137E0,-6.628050327E0
2.261687739E2,3.222000122E0,8.911050797E0,-3.393000126E0
2.261712174E2,4.759050369E0,1.057995033E1,-1.614000082E0
2.261736610E2,4.732950211E0,1.278105068E1,-2.886000156E0
2.261761045E2,1.702050090E0,1.212900066E1,-1.090050101E0
2.261785481E2,5.740500093E-1,1.074495029E1,1.663050056E0
2.261809915E2,4.639500082E-1,1.017105007E1,1.714950085E0
2.261834352E2,6.250950336E0,1.088400078E1,-2.862000227E0
2.261858788E2,7.096050262E0,9.840000153E0,-8.122050285E0
2.261883223E2,2.860050201E0,9.310950279E0,-6.862950325E0
2.261907659E2,6.670500040E-1,8.143050194E0,-1.219050050E0
2.261932096E2,2.539950132E0,8.926050186E0,7.720500231E-1
2.261956531E2,5.962950230E0,9.558000565E0,-3.457950115E0
2.261980967E2,5.182950020E0,8.884950638E0,-5.100000381E0
2.262005402E2,2.599050045E0,7.819950581E0,-3.823950291E0
2.262029838E2,1.764000058E0,6.262950420E0,2.860500216E-1
2.262054272E2,4.390050411E0,7.591950417E0,-2.400000095E-1
2.262078708E2,5.821950436E0,7.702050209E0,-3.724050283E0
2.262103143E2,3.808050156E0,7.635000229E0,-3.898050070E0
2.262127580E2,1.843050122E0,5.562000275E0,-3.147000074E0
2.262152016E2,3.186000109E0,5.478000164E0,-2.011950016E0
2.262176451E2,6.708000183E0,6.844950199E0,-4.332000256E0
2.262200887E2,5.860050201E0,8.121000290E0,-6.712050438E0
2.262225322E2,2.077050209E0,8.278950691E0,-4.842000008E0
2.262249758E2,1.020000055E-1,6.055050373E0,-1.201950073E0
2.262274195E2,2.482050180E0,6.388050079E0,9.540000558E-1
2.262298629E2,7.171950340E0,6.985950470E0,-1.891950130E0
2.262323065E2,6.495000362E0,7.638000488E0,-5.227050304E0
2.262347500E2,1.620000124E0,6.565050125E0,-5.359050274E0
2.262371936E2,6.599999964E-2,5.334000111E0,-2.377950191E0
2.262396371E2,4.672950268E0,6.340050220E0,-1.633050084E0
2.262420808E2,7.234950542E0,6.358950138E0,-5.680050373E0
2.262445244E2,2.085000038E0,8.179050446E0,-6.424050331E0
2.262469679E2,3.750000298E-1,7.068000317E0,-1.552050114E0
2.262494115E2,1.198950052E0,6.613050461E0,2.733000040E0
2.262518552E2,2.343000174E0,8.160000801E0,2.203950167E0
2.262542986E2,5.664000034E0,9.553050041E0,-1.131000042E0
2.262567422E2,5.427000046E0,9.013950348E0,-4.195050240E0
2.262591857E2,2.425050020E0,8.550000191E0,-3.760050297E0
2.262616293E2,6.499500275E-1,7.626000404E0,-1.011000037E0
2.262640728E2,1.797000051E0,9.124950409E0,-2.016000032E0
2.262665164E2,3.835050106E0,1.147305012E1,-4.047000408E0
2.262689599E2,3.492000103E0,1.107300091E1,-4.216950417E0
2.262714035E2,1.867050052E0,1.005795002E1,-2.850000262E-1
2.262738472E2,8.590500355E-1,9.625050545E0,1.780050039E0
2.262762906E2,1.600950122E0,1.074300098E1,-7.039500475E-1
2.262787342E2,3.447000265E0,1.289805031E1,5.879999995E-1
2.262811779E2,4.393050194E0,1.150695038E1,-2.488050222E0
2.262836214E2,1.678050041E0,8.638050079E0,-1.758000135E0
2.262860650E2,1.182000041E0,9.297000885E0,-4.890000224E-1
2.262885085E2,2.887050152E0,1.116195011E1,-3.024000168E0
2.262909521E2,4.198950291E0,1.044105053E1,-5.143050194E0
2.262933955E2,3.021000147E0,8.695950508E0,-4.317000389E0
2.262958392E2,1.294050097E0,8.119050026E0,-5.749500394E-1
2.262982826E2,1.231950045E0,7.960950375E0,2.351999998E0
2.263007263E2,4.330049992E0,8.695950508E0,-4.720500112E-1
2.263031699E2,5.676000118E0,9.433050156E0,-4.377000332E0
2.263056134E2,3.406050205E0,8.916000366E0,-5.127000332E0
2.263080570E2,1.669950128E0,7.051050186E0,-3.676050186E0
2.263105005E2,1.756950140E0,6.570000172E0,-1.972950101E0
2.263129441E2,4.405050278E0,8.229000092E0,-3.834000111E0
2.263153878E2,4.957950115E0,7.590000153E0,-5.775000095E0
2.263178312E2,3.198000193E0,7.147050381E0,-4.669050217E0
2.263202748E2,2.116050005E0,6.484050274E0,-1.830000043E0
2.263227183E2,3.447000265E0,6.454950333E0,-8.400000632E-2
2.263251619E2,5.520000458E0,6.730050087E0,-1.767000079E0
2.263276054E2,4.435950279E0,7.525050163E0,-2.446950197E0
2.263300491E2,5.310000181E-1,6.718050480E0,-1.243050098E0
2.263324927E2,-1.020000100E0,5.581050396E0,2.893050194E0
2.263349362E2,2.391000032E0,6.499950409E0,1.846950054E0
2.263373798E2,6.361050129E0,6.715950489E0,-3.738000154E0
2.263398232E2,4.420950413E0,8.386950493E0,-5.440050125E0
2.263422668E2,8.419500589E-1,8.394000053E0,-2.248950005E0
2.263447103E2,-1.264050007E0,8.413050652E0,1.714950085E0
2.263471540E2,-6.970500350E-1,1.028100014E1,-4.960500300E-1
2.263495976E2,3.100050211E0,1.038195038E1,-2.160000056E-1
2.263520411E2,4.444950104E0,8.449049950E0,-4.975950241E0
2.263544847E2,4.230000019E0,6.976950169E0,-6.130050182E0
2.263569281E2,4.552950382E0,6.318000317E0,-5.962050438E0
2.263593718E2,5.032050133E0,7.756950378E0,-5.665050507E0
2.263618155E2,4.159950256E0,9.322950363E0,-5.017050266E0
2.263642589E2,3.267000198E0,9.220050812E0,-4.128000259E0
2.263667025E2,1.963050127E0,8.799000740E0,-1.698000073E0
2.263691460E2,2.893950224E0,8.767950058E0,-1.036949992E0
2.263715896E2,5.226000309E0,8.245950699E0,-3.943950176E0
2.263740333E2,5.791050434E0,8.583000183E0,-5.941050053E0
2.263764768E2,3.190950155E0,8.152050018E0,-5.658000469E0
2.263789204E2,3.420000076E-1,6.474000454E0,-1.999950051E0
2.263813638E2,1.383000016E0,6.952950478E0,1.981050134E0
2.263838074E2,5.140050411E0,7.489050388E0,-5.299500227E-1
2.263862509E2,6.046950340E0,7.990050316E0,-3.883950233E0
2.263886946E2,3.124050140E0,7.597050190E0,-5.811000347E0
2.263911382E2,1.435950041E0,7.675950527E0,-3.385950089E0
2.263935817E2,1.608000040E0,8.107049942E0,2.790000141E-1
2.263960253E2,2.743050098E0,8.325000763E0,6.070500016E-1
2.263984688E2,5.001000404E0,9.025950432E0,-2.593050241E0
2.264009124E2,4.969950199E0,8.385000229E0,-4.702950001E0
2.264033558E2,3.033000231E0,7.719000340E0,-4.035000324E0
2.264057994E2,2.716950178E0,7.525050163E0,-2.593050241E0
2.264082431E2,3.361050129E0,8.764950752E0,-2.248950005E0
2.264106866E2,3.873000145E0,9.630000114E0,-3.457950115E0
2.264131302E2,1.717950106E0,9.478950500E0,-3.072000027E0
2.264155737E2,3.510000110E-1,8.739000320E0,-1.510500014E-1
2.264180174E2,7.560000420E-1,8.527950287E0,1.059000015E0
2.264204610E2,3.394050121E0,8.575950623E0,-5.440500379E-1
2.264229045E2,5.523000240E0,9.454950333E0,-4.066050053E0
2.264253481E2,3.303000212E0,8.076000214E0,-4.843950272E0
2.264277915E2,2.890500128E-1,8.038050652E0,-1.272000074E0
2.264302352E2,8.505000174E-2,8.218950272E0,1.879950047E0
2.264326786E2,3.294000149E0,9.216000557E0,2.190000117E-1
2.264351222E2,6.789000511E0,9.091050148E0,-4.260000229E0
2.264375659E2,3.955050230E0,8.140049934E0,-5.208000183E0
2.264400094E2,1.666050076E0,8.143050194E0,-2.614950180E0
2.264424530E2,1.350000024E0,7.831950188E0,-3.880500197E-1
2.264448965E2,3.535950184E0,8.442000389E0,-8.239500523E-1
2.264473402E2,5.428950310E0,8.611950874E0,-3.621000290E0
2.264497838E2,2.961000204E0,8.536050797E0,-3.685050249E0
2.264522273E2,2.323950052E0,8.032950401E0,-3.147000074E0
2.264546709E2,3.022950172E0,7.899000168E0,-1.983000040E0
2.264571143E2,3.796950102E0,9.120000839E0,-2.581950188E0
2.264595580E2,4.572000027E0,9.703950882E0,-4.090050220E0
2.264620014E2,2.767050028E0,8.880000114E0,-4.444050312E0
2.264644450E2,1.957950115E0,7.780950546E0,-2.740050077E0
2.264668887E2,3.616950274E0,7.690050602E0,-1.071000099E0
2.264693322E2,4.917000294E0,8.353950500E0,-2.227050066E0
2.264717758E2,5.628000259E0,8.136000633E0,-4.605000019E0
2.264742193E2,3.112050056E0,8.029950142E0,-5.158050060E0
2.264766630E2,1.471950054E0,7.686000347E0,-2.811000109E0
2.264791066E2,2.254950047E0,8.179050446E0,-2.539499998E-1
2.264815500E2,4.873950005E0,8.428050041E0,-1.699950099E0
2.264839936E2,4.773000240E0,9.019050598E0,-4.717050076E0
2.264864371E2,2.034000158E0,8.859000206E0,-5.704050064E0
2.264888807E2,1.833000064E0,8.301000595E0,-3.783000231E0
2.264913242E2,1.543950081E0,7.815000534E0,-1.044000030E0
2.264937678E2,2.077050209E0,8.646000862E0,5.010000467E-1
2.264962115E2,4.611000061E0,7.800000191E0,-1.341000080E0
2.264986550E2,3.793950081E0,7.582950592E0,-3.630000114E0
2.265010986E2,2.932050228E0,6.855000496E0,-3.475050211E0
2.265035420E2,2.431950092E0,6.651000500E0,-2.095050097E0
2.265059857E2,2.382000208E0,8.634000778E0,-1.405950069E0
2.265084294E2,4.363950253E0,8.815950394E0,-2.725050211E0
2.265108728E2,3.418050051E0,8.670000076E0,-3.877050161E0
2.265133164E2,3.094950199E0,8.299050331E0,-3.883950233E0
2.265157599E2,3.520950079E0,7.792950153E0,-3.202050209E0
2.265182035E2,3.841950178E0,9.141000748E0,-2.620050192E0
2.265206470E2,5.167950153E0,9.156000137E0,-3.172950268E0
2.265230906E2,3.006000042E0,9.208050728E0,-3.570000172E0
2.265255343E2,8.560500145E-1,8.770050049E0,-1.873050094E0
2.265279777E2,1.017000079E0,7.959000587E0,4.459500313E-1
2.265304213E2,3.267000198E0,8.473050117E0,-3.405000269E-2
2.265328648E2,5.901000500E0,9.085950851E0,-4.321950436E0
2.265353084E2,4.777950287E0,8.773050308E0,-6.232950211E0
2.265377521E2,2.428950071E0,8.998050690E0,-4.039950371E0
2.265401955E2,1.309050083E0,9.124950409E0,-6.520500183E-1
2.265426392E2,1.591050029E0,1.016595078E1,1.473000050E0
2.265450827E2,4.588950157E0,1.017600060E1,-9.679500461E-1
2.265475263E2,5.379000187E0,9.775950432E0,-4.171050072E0
2.265499697E2,3.433050156E0,8.602950096E0,-5.148000240E0
2.265524134E2,1.680000067E0,7.314000130E0,-3.325950146E0
2.265548571E2,2.235000134E0,7.908000469E0,-1.175999999E0
2.265573005E2,4.981950283E0,8.389050484E0,-2.257950068E0
2.265597441E2,4.369050026E0,8.212050438E0,-3.606000185E0
2.265621876E2,2.764950037E0,8.557050705E0,-2.782950163E0
2.265646313E2,1.801950097E0,7.816950321E0,-1.585050106E0
2.265670747E2,1.363950014E0,9.358950615E0,-1.212000012E0
2.265695184E2,3.579000235E0,9.757050514E0,-2.716050148E0
2.265719620E2,3.034950256E0,9.297000885E0,-3.457950115E0
2.265744055E2,1.210950017E0,8.293950081E0,-1.759950042E0
2.265768491E2,5.830500126E-1,7.129950523E0,1.888050079E0
2.265792925E2,1.297050118E0,7.654050350E0,2.200950146E0
2.265817361E2,5.568000317E0,8.590950012E0,-1.132950068E0
2.265841798E2,6.490050316E0,8.478000641E0,-5.574000359E0
2.265866233E2,3.732000113E0,8.155050278E0,-5.500050068E0
2.265890669E2,2.269050121E0,8.611950874E0,-3.709050179E0
2.265915104E2,1.090950012E0,9.405000687E0,-1.801050067E0
2.265939540E2,2.701950073E0,1.018995094E1,-1.815000057E0
2.265963975E2,4.507950306E0,9.157950401E0,-3.715950251E0
2.265988412E2,3.781950235E0,8.671950340E0,-4.626000404E0
2.266012845E2,3.418050051E0,7.116000175E0,-5.485950470E0
2.266037282E2,2.263950109E0,7.858050346E0,-3.348000050E0
2.266061718E2,2.616000175E0,8.554950714E0,-1.999950051E0
2.266086153E2,3.373050213E0,8.812950134E0,-1.879950047E0
2.266110590E2,2.970000029E0,8.133000374E0,-1.573950052E0
2.266135026E2,2.049000025E0,6.694050312E0,-1.674000025E0
2.266159461E2,2.170950174E0,6.907050133E0,-3.259500265E-1
2.266183897E2,3.555000067E0,7.456050396E0,-9.679500461E-1
2.266208331E2,5.194950104E0,7.651950359E0,-3.096000195E0
2.266232767E2,3.040050030E0,7.030050278E0,-4.246050358E0
2.266257204E2,1.204050064E0,7.116000175E0,-1.786950111E0
2.266281638E2,1.612950087E0,7.602000237E0,8.100000620E-1
2.266306075E2,3.342000246E0,8.650050163E0,1.879500151E-1
2.266330510E2,3.859050274E0,9.475950241E0,-3.175050259E0
2.266354946E2,2.725950241E0,8.710050583E0,-4.549950123E0
2.266379380E2,1.309050083E0,8.017950058E0,-3.475050211E0
2.266403817E2,2.980500162E-1,7.249950409E0,-1.333950043E0
2.266428253E2,2.022000074E0,7.585050583E0,-1.533000112E0
2.266452688E2,4.636950016E0,8.167050362E0,-3.562950134E0
2.266477124E2,3.904050112E0,6.808950424E0,-4.332000256E0
2.266501558E2,2.761950016E0,5.956950188E0,-3.879000187E0
2.266525995E2,1.930950046E0,5.368050098E0,-2.092950106E0
2.266550429E2,2.544000149E0,6.898050308E0,-8.359500170E-1
2.266574865E2,3.571050167E0,7.108950138E0,-1.345950007E0
2.266599302E2,3.045000076E0,7.482000351E0,-2.019000053E0
2.266623737E2,1.705950022E0,6.460050106E0,-1.629000068E0
2.266648173E2,9.109500647E-1,5.947050095E0,3.900000080E-2
2.266672608E2,2.788950205E0,7.060950279E0,2.950500250E-1
2.266697045E2,3.840000153E0,8.197950363E0,-1.030050039E0
2.266721479E2,2.998950243E0,7.999050617E0,-2.313000202E0
2.266745915E2,1.390050054E0,6.843000412E0,-2.526000023E0
2.266770352E2,7.410000563E-1,6.808950424E0,-2.470500171E-1
2.266794786E2,2.188050032E0,7.149000168E0,-9.409500360E-1
2.266819222E2,4.000050068E0,8.076000214E0,-3.898050070E0
2.266843657E2,4.512000084E0,1.102995014E1,-3.577950239E0
2.266868093E2,3.492000103E0,1.161000061E1,-1.870500147E-1
2.266892530E2,2.371950150E0,1.270605087E1,1.660050035E0
2.266916965E2,2.743050098E0,1.337400055E1,9.559500217E-1
2.266941401E2,3.118950129E0,1.343400097E1,-7.090500593E-1
2.266965835E2,3.568950176E0,1.438995075E1,2.860500216E-1
2.266990272E2,3.088050127E0,1.363095093E1,-3.745050192E0
2.267014708E2,2.484000206E0,1.277805042E1,-4.234050274E0
2.267039143E2,1.692000031E0,1.249800014E1,-3.817050219E0
2.267063579E2,2.656950235E0,1.326900101E1,-6.094050407E0
2.267088014E2,2.856000185E0,1.623795128E1,-2.299050093E0
2.267112450E2,3.295950174E0,1.501905060E1,-2.742000103E0
2.267136885E2,2.194950104E0,1.468605042E1,-5.056950092E0
2.267161321E2,1.362000108E0,1.345095062E1,-2.299050093E0
2.267185758E2,1.006950021E0,1.189995098E1,-2.104950190E0
2.267210192E2,1.450050116E0,1.129095078E1,-2.758950233E0
2.267234628E2,3.081000090E0,9.373950005E0,-3.514950275E0
2.267259063E2,3.591000080E0,7.710000515E0,-2.004000187E0
2.267283499E2,2.104050159E0,4.305000305E0,-2.078999996E0
2.267307936E2,1.618050098E0,3.594000101E0,-2.610000134E0
2.267332370E2,4.227000237E0,5.302950382E0,-3.487050056E0
2.267356807E2,4.113000393E0,4.659000397E0,-4.899000168E0
2.267381241E2,3.933000088E0,3.958050251E0,-2.152950048E0
2.267405677E2,3.013950109E0,5.302950382E0,-2.209500074E-1
2.267430112E2,2.631000042E0,6.972000122E0,2.307000160E0
2.267454548E2,2.841000080E0,8.293950081E0,4.288949966E0
2.267478985E2,4.480950356E0,7.465050220E0,3.360000253E-1
2.267503420E2,4.821000099E0,7.461000443E0,-4.011000156E0
2.267527856E2,4.052999973E0,6.199050426E0,-7.791000366E0
2.267552290E2,2.410050154E0,5.320050240E0,-6.156000137E0
2.267576726E2,3.175950050E0,6.318000317E0,-3.592050076E0
2.267601163E2,3.775050163E0,7.228050232E0,-3.232950211E0
2.267625598E2,3.916050196E0,7.300050259E0,-3.604050159E0
2.267650032E2,3.435000181E0,7.273950577E0,-1.317000031E0
2.267674469E2,2.278950214E0,7.597050190E0,-1.800000072E-1
2.267698905E2,3.439950228E0,7.822050571E0,-1.693050027E0
2.267723339E2,4.500000000E0,1.023495007E1,-3.072000027E0
2.267747776E2,2.391000032E0,1.022805023E1,-3.403050184E0
2.267772212E2,5.640000105E-1,8.595000267E0,-2.332950115E0
2.267796647E2,1.303950071E0,8.445000648E0,-1.815000057E0
2.267821083E2,4.498050213E0,8.820000648E0,-3.331050158E0
2.267845518E2,6.157050133E0,8.171999931E0,-5.614950180E0
2.267869955E2,4.660950184E0,8.727000237E0,-4.333950043E0
2.267894389E2,2.398050070E0,8.374950409E0,-1.281000018E0
2.267918826E2,2.134950161E0,6.591000080E0,1.231950045E0
2.267943260E2,4.990950108E0,6.748950481E0,9.195000678E-2
2.267967697E2,6.451950073E0,8.004000664E0,-3.853050232E0
2.267992133E2,4.132050037E0,8.253000259E0,-5.811000347E0
2.268016567E2,1.881000042E0,8.254950523E0,-4.228950024E0
2.268041004E2,4.230000079E-1,7.924950600E0,-9.060000181E-1
2.268065441E2,3.370500207E-1,8.871000290E0,1.011000037E0
2.268089875E2,1.848000050E0,1.093695068E1,2.500500083E-1
2.268114311E2,5.046000004E0,1.140195084E1,-1.015950084E0
2.268138746E2,4.797000408E0,9.081000328E0,-2.845050097E0
2.268163182E2,4.278000355E0,8.203050613E0,-3.568050146E0
2.268187617E2,3.796950102E0,9.606000900E0,-3.877050161E0
2.268212053E2,3.933000088E0,9.915000916E0,-3.208950043E0
2.268236488E2,4.242000103E0,9.751950264E0,-2.929050207E0
2.268260925E2,3.178950071E0,9.706050873E0,-1.935000062E0
2.268285361E2,1.756950140E0,8.394000053E0,-3.210000098E-1
2.268309795E2,3.181050062E0,7.870050430E0,-1.404000044E0
2.268334232E2,4.807050228E0,8.341950417E0,-3.439050198E0
2.268358668E2,4.736999989E0,8.902050018E0,-5.014050007E0
2.268383103E2,3.508950233E0,7.810050488E0,-4.377000332E0
2.268407539E2,2.580000162E0,6.939000130E0,-2.122050047E0
2.268431974E2,2.282999992E0,5.875050068E0,-1.083000064E0
2.268456410E2,2.932050228E0,5.800950050E0,8.505000174E-2
2.268480847E2,3.885000229E0,6.840000153E0,-3.120000064E-1
2.268505281E2,3.640950203E0,5.440050125E0,-1.510950089E0
2.268529717E2,3.363000154E0,4.609050274E0,-1.171050072E0
2.268554152E2,3.337050200E0,3.828000069E0,-2.124000072E0
2.268578588E2,3.294000149E0,4.834050179E0,-1.207050085E0
2.268603023E2,3.969000101E0,6.342000484E0,-1.392000079E0
2.268627460E2,4.462050438E0,7.273950577E0,-2.835000038E0
2.268651896E2,3.306000233E0,7.530000210E0,-3.967950106E0
2.268676331E2,2.131950140E0,8.104949951E0,-4.339050293E0
2.268700767E2,1.690050125E0,8.485050201E0,-4.090050220E0
2.268725202E2,2.992050171E0,9.330000877E0,-2.505000114E0
2.268749638E2,4.180050373E0,9.852000237E0,-2.056950092E0
2.268774072E2,4.402050018E0,1.080300045E1,-1.945050120E0
2.268798508E2,3.081000090E0,1.036005020E1,-5.370000005E-1
2.268822945E2,2.374050140E0,1.072605038E1,7.020000219E-1
2.268847380E2,3.231000185E0,1.274700069E1,4.990500212E-1
2.268871816E2,4.836000443E0,1.411200047E1,-2.421000004E0
2.268896251E2,5.221050262E0,1.317795086E1,-3.679950237E0
2.268920688E2,4.159950256E0,1.263195038E1,-4.252950191E0
2.268945122E2,2.800950050E0,1.280505085E1,-2.854050159E0
2.268969559E2,3.045000076E0,1.418595028E1,-1.561950088E0
2.268993992E2,3.756000280E0,1.513905048E1,-1.918050051E0
2.269018429E2,2.935050249E0,1.587195110E1,-3.597000122E0
2.269042866E2,2.166000128E0,1.472700024E1,-3.313950062E0
2.269067300E2,1.996050119E0,1.361400032E1,-2.847000122E0
2.269091736E2,1.857000113E0,1.297200108E1,-2.589000225E0
2.269116173E2,2.295000076E0,1.247700024E1,-2.838000059E0
2.269140608E2,3.940050125E0,1.164300060E1,-2.377950191E0
2.269165044E2,4.612950325E0,1.009905052E1,-2.488050222E0
2.269189479E2,4.018949986E0,8.899050713E0,-1.128000021E0
2.269213915E2,4.551000118E0,8.065950394E0,-6.090000272E-1
2.269238352E2,4.963050365E0,8.920950890E0,-4.980000257E-1
2.269262786E2,4.884000301E0,8.989950180E0,-8.550000191E-1
2.269287223E2,3.528000116E0,7.978050232E0,-1.504050016E0
2.269311657E2,2.311950207E0,5.683950424E0,-6.160500050E-1
2.269336093E2,1.732950091E0,5.421000481E0,-1.780500114E-1
2.269360528E2,2.797950029E0,7.585050583E0,-1.035000086E0
2.269384964E2,4.693950176E0,7.690050602E0,-3.070050240E0
2.269409401E2,4.915050030E0,7.819950581E0,-5.122050285E0
2.269433836E2,3.076050043E0,7.812000275E0,-3.769050121E0
2.269458272E2,1.467000127E0,7.621050358E0,-9.730500579E-1
2.269482707E2,1.291950107E0,7.450950146E0,1.074000001E0
2.269507143E2,1.704000115E0,8.641050339E0,9.750000238E-1
2.269531577E2,2.572950125E0,6.946050167E0,-1.462950110E0
2.269556014E2,3.028050184E0,5.593050480E0,-2.761050224E0
2.269580450E2,3.598050117E0,4.492050171E0,-4.080000401E0
2.269604885E2,2.689950228E0,4.674000263E0,-2.028000116E0
2.269629321E2,2.884050131E0,6.936000347E0,-1.780500114E-1
2.269653756E2,4.239000320E0,7.870050430E0,-9.100500345E-1
2.269678193E2,3.943050146E0,7.698000431E0,-1.425000072E0
2.269702629E2,2.347950220E0,7.582950592E0,-2.092950106E0
2.269727063E2,1.462050080E0,7.156050205E0,-1.960950136E0
2.269751500E2,1.744950056E0,7.537050247E0,-2.842050076E0
2.269775934E2,3.295950174E0,7.662000179E0,-3.060000181E0
2.269800370E2,3.616950274E0,6.526950359E0,-3.988950253E0
2.269824805E2,1.660950065E0,5.497050285E0,-1.951950073E0
2.269849242E2,1.531950116E0,5.002050400E0,4.510500133E-1
2.269873676E2,4.005000114E0,5.823000431E0,2.239500135E-1
2.269898113E2,5.398050308E0,7.437000275E0,-2.359050035E0
2.269922549E2,3.460950136E0,8.277000427E0,-4.308000088E0
2.269946983E2,1.350000024E0,7.884000301E0,-2.932950258E0
2.269971419E2,9.229500294E-1,7.956000328E0,-2.244000196E0
2.269995856E2,1.612950087E0,7.848000526E0,-1.441950083E0
2.270020291E2,1.989000082E0,7.654050350E0,3.670500219E-1
2.270044727E2,3.001950026E0,8.011050224E0,1.759500057E-1
2.270069162E2,3.603000164E0,8.245950699E0,-5.320500135E-1
2.270093598E2,2.827050209E0,7.711950302E0,-1.363050103E0
2.270118032E2,1.690050125E0,8.032950401E0,-1.248000026E0
2.270142469E2,1.278000116E0,9.213000298E0,5.805000290E-2
2.270166906E2,2.025000095E0,1.056795025E1,-8.670000434E-1
2.270191340E2,3.175950050E0,1.051095009E1,-3.321000099E0
2.270215776E2,2.226000071E0,9.478950500E0,-4.123050213E0
2.270240211E2,1.138950109E0,8.545050621E0,-1.969050050E0
2.270264647E2,1.159950018E0,8.767950058E0,-8.340000510E-1
2.270289084E2,2.544000149E0,8.976000786E0,-1.291050076E0
2.270313519E2,4.687050343E0,8.868000031E0,-3.952950239E0
2.270337955E2,3.847050190E0,8.293950081E0,-3.939000130E0
2.270362390E2,2.407950163E0,7.621050358E0,-1.032000065E0
2.270386826E2,3.124050140E0,8.578950882E0,7.170000076E-1
2.270411260E2,5.104050159E0,8.706000328E0,-9.799500704E-1
2.270435696E2,5.833950043E0,9.213000298E0,-4.581000328E0
2.270460133E2,5.475000381E0,9.105000496E0,-7.360950470E0
2.270484568E2,3.556950092E0,9.040950775E0,-7.381950378E0
2.270509004E2,2.223000050E0,9.795000076E0,-3.457950115E0
2.270533439E2,4.387950420E0,1.041000080E1,1.405950069E0
2.270557875E2,5.926950455E0,1.063995075E1,1.866000056E0
2.270582312E2,5.082000256E0,1.059705067E1,-1.273950100E0
2.270606746E2,4.042950153E0,1.011105061E1,-5.461950302E0
2.270631182E2,4.387950420E0,8.662050247E0,-7.545000553E0
2.270655617E2,4.338000298E0,9.285000801E0,-6.982050419E0
2.270680053E2,3.931050301E0,1.017105007E1,-4.641000271E0
2.270704488E2,4.954950333E0,1.130295086E1,-1.581000090E0
2.270728924E2,5.092050076E0,1.164105034E1,-1.228950024E0
2.270753361E2,3.018000126E0,1.239300060E1,-2.040000111E-1
2.270777796E2,9.859500527E-1,1.274895096E1,-4.840500355E-1
2.270802232E2,9.000000358E-2,1.270605087E1,-1.234050035E0
2.270826666E2,5.520000458E-1,1.308195019E1,-8.719500303E-1
2.270851103E2,1.600950122E0,1.293900108E1,-9.319500327E-1
2.270875537E2,2.101050138E0,1.145700073E1,-2.950500250E-1
2.270899974E2,2.437050104E0,1.138500023E1,8.530500531E-1
2.270924410E2,3.229050159E0,1.084395027E1,6.040500402E-1
2.270948845E2,2.781000137E0,1.148295021E1,-1.726950049E0
2.270973281E2,1.879050136E0,1.161495018E1,-1.429950118E0
2.270997715E2,3.919500113E-1,1.075305080E1,-3.760500252E-1
2.271022152E2,2.460000068E-1,9.709050179E0,3.000000119E-2
2.271046589E2,1.279500127E-1,9.226950645E0,-4.870500267E-1
2.271071023E2,3.580500185E-1,8.764950752E0,-1.236000061E0
2.271095459E2,4.399500191E-1,8.911050797E0,-1.198050022E0
2.271119894E2,7.510500550E-1,9.453000069E0,-4.429500103E-1
2.271144331E2,1.038000107E0,8.731950760E0,1.609500051E-1
2.271168767E2,5.590500236E-1,5.575950146E0,7.579500079E-1
2.271193202E2,1.867050052E0,6.847950459E0,1.806000113E0
2.271217638E2,3.277050257E0,8.310000420E0,3.159000158E0
2.271242072E2,3.990000248E0,8.188050270E0,3.940050125E0
2.271266509E2,4.477050304E0,8.848950386E0,4.062000275E0
2.271290943E2,4.017000198E0,9.043050766E0,4.011000156E0
2.271315379E2,2.347950220E0,7.999050617E0,3.657000065E0
2.271339816E2,1.909950137E0,7.336050510E0,2.728050232E0
2.271364251E2,2.374050140E0,7.836000443E0,2.350050211E0
2.271388687E2,1.052895069E1,6.325950146E0,-3.412050247E0
2.271413121E2,5.880000114E0,6.453000069E0,-1.878105164E1
2.271437558E2,2.515950203E0,5.746050358E0,-2.088600159E1
2.271461992E2,2.719500065E-1,5.452050209E0,-1.302495098E1
2.271486428E2,2.013000011E0,6.964950562E0,-3.396000147E0
2.271510863E2,2.719050169E0,9.381000519E0,3.463050127E0
2.271535300E2,1.156050086E0,9.583950043E0,4.270050049E0
2.271559736E2,1.953000069E0,9.061950684E0,3.388950109E0
2.271584171E2,3.871050119E0,8.550000191E0,3.370050192E0
2.271608607E2,4.654050350E0,7.582950592E0,-6.799500585E-1
2.271633044E2,3.892050266E0,8.715000153E0,-7.360500097E-1
2.271657479E2,3.166950226E0,9.048000336E0,-7.243050575E0
2.271681915E2,1.702050090E0,9.292050362E0,-1.016895008E1
2.271706349E2,3.199950218E0,8.433000565E0,-7.272000313E0
2.271730785E2,2.875050068E0,8.308050156E0,-4.223999977E0
2.271755220E2,1.194000006E0,8.827950478E0,8.700000495E-2
2.271779656E2,2.487000227E0,8.272050858E0,4.990500212E-1
2.271804093E2,5.250000477E0,8.562000275E0,-1.782000065E0
2.271828528E2,4.741950035E0,9.024000168E0,-3.894000292E0
2.271852964E2,2.290950060E0,8.566950798E0,-3.325950146E0
2.271877399E2,1.453050017E0,7.863000393E0,-1.966050148E0
2.271901835E2,1.153050065E0,8.763000488E0,3.000000119E-2
2.271926272E2,2.392950058E0,8.806050301E0,6.019500494E-1
2.271950706E2,4.038000107E0,8.956950188E0,-1.501950026E0
2.271975142E2,2.992050171E0,8.854050636E0,-1.801050067E0
2.271999577E2,1.420950055E0,8.586000443E0,-5.149500370E-1
2.272024013E2,8.160000443E-1,7.789050579E0,6.070500016E-1
2.272048448E2,7.579500079E-1,7.993950367E0,2.119500041E-1
2.272072885E2,3.615000248E0,8.236050606E0,-7.450500131E-1
2.272097318E2,4.204050064E0,8.764950752E0,-4.120950222E0
2.272121755E2,4.089000225E0,8.314949989E0,-4.744050026E0
2.272146192E2,2.167950153E0,8.743950844E0,-4.341000080E0
2.272170626E2,8.920500278E-1,8.920950890E0,-8.460000157E-1
2.272195063E2,7.510500550E-1,8.350950241E0,5.230500102E-1
2.272219499E2,1.074000001E0,8.476050377E0,7.840500474E-1
2.272243934E2,1.500000119E0,7.561050415E0,2.110050201E0
2.272268370E2,3.250950098E0,7.378950119E0,1.504950047E0
2.272292805E2,3.793950081E0,7.087050438E0,-7.360500097E-1
2.272317241E2,3.400950193E0,7.920000553E0,-8.770500422E-1
2.272341675E2,3.580950260E0,9.304050446E0,-3.043950081E0
2.272366112E2,3.472950220E0,9.747000694E0,-3.244950056E0
2.272390549E2,3.142950058E0,9.667950630E0,-2.785050154E0
2.272414983E2,2.437050104E0,8.679000854E0,-1.480050087E0
2.272439419E2,2.106000185E0,8.245950699E0,-1.474950075E0
2.272463854E2,1.657950044E0,7.815000534E0,-1.810950041E0
2.272488290E2,2.698050022E0,7.590000153E0,-2.425950050E0
2.272512727E2,4.998000145E0,7.750050545E0,-4.759950161E0
2.272537162E2,3.648000240E0,9.151050568E0,-3.879000187E0
2.272561598E2,1.345050097E0,1.030500031E1,-4.150500298E-1
2.272586032E2,1.207950115E0,1.102800083E1,1.749000072E0
2.272610468E2,2.724000216E0,1.225605011E1,1.729500145E-1
2.272634903E2,6.088050365E0,1.222005081E1,-1.758000135E0
2.272659339E2,6.322050095E0,1.098000050E1,-5.529000282E0
2.272683776E2,4.294950008E0,1.105200100E1,-6.637050152E0
2.272708211E2,2.659050226E0,1.145205021E1,-4.473000050E0
2.272732647E2,2.439000130E0,1.125300026E1,-1.948950052E0
2.272757082E2,3.246000051E0,1.113105011E1,-1.369500011E-1
2.272781519E2,4.110000134E0,1.197600079E1,-7.710000277E-1
2.272805955E2,4.290000439E0,1.252200031E1,-1.783950090E0
2.272830389E2,3.859050274E0,1.173705101E1,-2.254050016E0
2.272854826E2,2.959050179E0,1.172205067E1,-2.172000170E0
2.272879260E2,2.848050117E0,1.184700012E1,-1.822950125E0
2.272903697E2,3.136050224E0,1.060395050E1,-2.830950022E0
2.272928131E2,3.258000135E0,1.009395027E1,-4.246050358E0
2.272952567E2,3.636000156E0,1.024500084E1,-3.979950190E0
2.272977004E2,3.685950279E0,9.844950676E0,-2.380050182E0
2.273001439E2,3.277050257E0,9.807000160E0,4.605000094E-2
2.273025875E2,3.271950245E0,9.876000404E0,1.153050065E0
2.273050310E2,3.100050211E0,9.711000443E0,1.375050068E0
2.273074746E2,2.149049997E0,9.682050705E0,1.315050006E0
2.273099181E2,1.836000085E0,8.502000809E0,5.320500135E-1
2.273123617E2,1.716000080E0,7.626000404E0,-1.111050010E0
2.273148054E2,1.723050117E0,7.147050381E0,-1.165950060E0
2.273172488E2,2.166000128E0,7.590000153E0,-1.336050034E0
2.273196924E2,3.490050077E0,8.128950119E0,-3.244950056E0
2.273221359E2,3.736950159E0,8.059050560E0,-4.255050182E0
2.273245795E2,3.516000271E0,7.855950356E0,-4.212000370E0
2.273270232E2,2.788950205E0,7.338000298E0,-3.178050041E0
2.273294667E2,1.666050076E0,6.958050251E0,-1.054050088E0
2.273319103E2,2.073000193E0,6.579000473E0,4.060500264E-1
2.273343538E2,2.764950037E0,7.525050163E0,6.949500442E-1
2.273367975E2,1.953000069E0,6.129000187E0,5.230500102E-1
2.273392408E2,2.710050106E0,4.504050255E0,7.500000298E-2
2.273416845E2,4.359000206E0,5.308050156E0,-2.035950184E0
2.273441281E2,3.136050224E0,6.235050201E0,-2.989050150E0
2.273465716E2,2.085000038E0,7.462950230E0,-2.256000042E0
2.273490152E2,2.511000156E0,7.711950302E0,-2.586000204E0
2.273514587E2,3.327000141E0,7.602000237E0,-3.565950155E0
2.273539023E2,2.772000074E0,7.525050163E0,-3.502950191E0
2.273563460E2,2.914950132E0,7.302000523E0,-3.349950075E0
2.273587894E2,2.307000160E0,7.759950161E0,-1.911000133E0
2.273612331E2,1.338000059E0,8.350950241E0,5.830500126E-1
2.273636765E2,1.237050056E0,8.381999969E0,8.479500413E-1
2.273661201E2,2.416950226E0,7.882050514E0,-1.068000078E0
2.273685636E2,2.769000053E0,7.840950489E0,-2.830950022E0
2.273710072E2,1.918950081E0,8.101950645E0,-2.107050180E0
2.273734507E2,1.326000094E0,8.848950386E0,-1.900500059E-1
2.273758944E2,1.479000092E0,9.699000359E0,7.304999977E-2
2.273783380E2,2.013000011E0,9.782999992E0,-1.249500066E-1
2.273807814E2,3.535950184E0,9.127050400E0,-3.091950178E0
2.273832250E2,3.433050156E0,8.356050491E0,-4.534950256E0
2.273856687E2,3.507000208E0,8.277000427E0,-4.417950153E0
2.273881122E2,2.535000086E0,9.424050331E0,-2.730000019E0
2.273905558E2,1.551000118E0,9.799950600E0,2.505000122E-2
2.273929993E2,1.297050118E0,9.534000397E0,1.222050071E0
2.273954429E2,2.391000032E0,8.890050888E0,4.390500188E-1
2.273978864E2,4.050000191E0,8.176050186E0,-2.044950008E0
2.274003300E2,4.026000023E0,8.320050240E0,-4.144950390E0
2.274027737E2,2.266950130E0,8.842050552E0,-3.142050266E0
2.274052171E2,1.074000001E0,8.988000870E0,-5.779500008E-1
2.274076607E2,9.259500504E-1,8.643000603E0,3.720000088E-1
2.274101042E2,2.286000013E0,8.590950012E0,-6.610500216E-1
2.274125479E2,4.423950195E0,7.639950275E0,-3.340950251E0
2.274149915E2,4.077000141E0,7.302000523E0,-4.296000004E0
2.274174350E2,2.335950136E0,7.528050423E0,-2.905050039E0
2.274198786E2,1.182000041E0,7.540050507E0,-3.169500232E-1
2.274223220E2,1.371000051E0,7.707000256E0,1.372950077E0
2.274247657E2,1.977000117E0,8.655000687E0,1.426050067E0
2.274272091E2,1.275000095E0,8.169000626E0,2.173050165E0
2.274296527E2,9.880500436E-1,7.483950138E0,5.350500345E-1
2.274320964E2,1.153050065E0,7.402950287E0,-3.520500064E-1
2.274345399E2,1.456950068E0,7.594950199E0,3.000000119E-2
2.274369835E2,1.816050053E0,8.614950180E0,2.260500044E-1
2.274394270E2,3.969000101E0,8.350950241E0,-3.859500289E-1
2.274418707E2,5.065050125E0,7.386000156E0,-5.491050243E0
2.274443141E2,4.957950115E0,7.117950439E0,-7.576050282E0
2.274467577E2,2.953950167E0,7.603950500E0,-6.942000389E0
2.274492014E2,9.619500637E-1,6.675000191E0,-1.441950083E0
2.274516448E2,1.141050100E0,6.057000160E0,2.302050114E0
2.274540884E2,1.837950110E0,9.043050766E0,2.982000113E0
2.274565319E2,2.416950226E0,9.169950485E0,2.935950041E0
2.274589755E2,4.576950073E0,8.992950439E0,7.360500097E-1
2.274614192E2,6.873000145E0,9.634950638E0,-2.710950136E0
2.274638626E2,4.761000156E0,1.130805016E1,-6.304950237E0
2.274663062E2,2.164050102E0,1.303200054E1,-7.561950207E0
2.274687497E2,6.820500493E-1,1.156905079E1,-6.025050163E0
2.274711933E2,5.740500093E-1,1.025505066E1,-3.091950178E0
2.274736370E2,1.539000034E0,8.832000732E0,-5.920500159E-1
2.274760805E2,4.183950424E0,8.916000366E0,-7.090500593E-1
2.274785241E2,4.848000050E0,1.090800095E1,-1.080000043E0
2.274809676E2,4.048050404E0,1.156695080E1,-8.910000324E-1
2.274834112E2,3.604950190E0,1.218705082E1,-7.519500256E-1
2.274858546E2,3.018000126E0,1.390605068E1,-1.051950097E0
2.274882982E2,2.439000130E0,1.426500034E1,-1.207050085E0
2.274907419E2,1.113000035E0,1.283100033E1,-1.440000087E-1
2.274931854E2,7.440000176E-1,1.171305084E1,-2.230500132E-1
2.274956290E2,1.728000045E0,1.129905033E1,-1.657050133E0
2.274980725E2,3.246000051E0,1.071195030E1,-3.829050064E0
2.275005161E2,3.703050137E0,1.061100006E1,-4.617000103E0
2.275029598E2,2.779050112E0,1.119300079E1,-4.131000042E0
2.275054032E2,1.849950075E0,1.142100048E1,-2.809050083E0
2.275078468E2,1.326000094E0,1.112400055E1,-7.210500240E-1
2.275102903E2,1.098000050E0,1.036005020E1,1.114050031E0
2.275127339E2,1.423950076E0,9.967050552E0,1.179000020E0
2.275151774E2,2.346000195E0,9.445050240E0,4.849500358E-1
2.275176210E2,3.375000238E0,8.433000565E0,-1.189950109E0
2.275200647E2,4.588950157E0,7.993950367E0,-2.749050140E0
2.275225081E2,3.660000086E0,8.152050018E0,-2.803950071E0
2.275249518E2,2.329050064E0,8.665050507E0,-1.441950083E0
2.275273952E2,2.056050062E0,8.581050873E0,-2.380500138E-1
2.275298389E2,3.355950117E0,8.289000511E0,-1.629000068E0
2.275322823E2,4.714050293E0,7.831950188E0,-4.332000256E0
2.275347260E2,4.042950153E0,7.966050148E0,-5.127000332E0
2.275371694E2,2.748000145E0,8.299050331E0,-4.188000202E0
2.275396131E2,1.819050074E0,8.143050194E0,-2.067000151E0
2.275420567E2,1.225050092E0,7.870050430E0,1.690500081E-1
2.275445001E2,2.170950174E0,7.831950188E0,7.459500432E-1
2.275469438E2,3.322050095E0,7.237950325E0,9.630000591E-1
2.275493875E2,4.728000164E0,7.450950146E0,-1.758000135E0
2.275518309E2,3.697950125E0,7.831950188E0,-3.910050154E0
2.275542745E2,1.843050122E0,8.325000763E0,-3.405000210E0
2.275567180E2,9.520500302E-1,8.338950157E0,-1.902000070E0
2.275591616E2,9.469500184E-1,8.467950821E0,-3.450000286E-1
2.275616051E2,2.563050032E0,8.356050491E0,-1.269000053E0
2.275640487E2,4.359000206E0,7.257000446E0,-4.096950054E0
2.275664921E2,4.261050224E0,6.724950314E0,-5.821050167E0
2.275689358E2,3.523950100E0,6.814050198E0,-5.754000187E0
2.275713795E2,2.154000044E0,7.531950474E0,-3.244950056E0
2.275738229E2,9.259500504E-1,7.603950500E0,5.970000029E-1
2.275762665E2,1.002000093E0,8.049000740E0,3.319050074E0
2.275787102E2,1.498050094E0,7.777050495E0,1.845000029E0
2.275811537E2,2.121000051E0,7.717050552E0,1.267050028E0
2.275835973E2,4.170000076E0,8.281949997E0,-1.006049991E0
2.275860408E2,3.718050241E0,8.251049995E0,-4.201950073E0
2.275884844E2,3.028050184E0,9.486000061E0,-4.565999985E0
2.275909279E2,1.816050053E0,1.004595089E1,-3.043950081E0
2.275933715E2,1.654050112E0,1.005795002E1,-6.109500527E-1
2.275958151E2,2.698050022E0,1.023795033E1,-7.759500146E-1
2.275982586E2,3.664950132E0,1.022805023E1,-1.882050037E0
2.276007022E2,2.977950096E0,1.041300011E1,-2.434950113E0
2.276031457E2,2.410050154E0,1.071900082E1,-1.345950007E0
2.276055893E2,2.179949999E0,1.118100071E1,-4.750500321E-1
2.276080330E2,2.188050032E0,1.112100029E1,-1.087050080E0
2.276104765E2,2.068050146E0,1.102095032E1,-1.399050117E0
2.276129201E2,2.365050077E0,1.055595016E1,-1.554000020E0
2.276153635E2,2.736000061E0,1.056600094E1,-1.272000074E0
2.276178072E2,2.152050018E0,1.065195084E1,-5.970000029E-1
2.276202506E2,1.596000075E0,1.024005032E1,6.210000515E-1
2.276226942E2,2.166000128E0,1.014195061E1,2.160000056E-1
2.276251379E2,4.273050308E0,1.023300076E1,-3.822000265E0
2.276275814E2,5.140050411E0,9.646050453E0,-6.613050461E0
2.276300250E2,4.369050026E0,9.340050697E0,-6.499050140E0
2.276324684E2,2.769000053E0,9.204000473E0,-3.742950201E0
2.276349121E2,1.696950078E0,8.785050392E0,-7.000500560E-1
2.276373555E2,1.693950057E0,9.084000587E0,1.605000019E0
2.276397992E2,1.441050053E0,9.406949997E0,2.524050236E0
2.276422426E2,2.554050207E0,8.368050575E0,7.960500121E-1
2.276446863E2,4.402050018E0,7.963050365E0,-3.096000195E0
2.276471299E2,3.828000069E0,7.774050236E0,-5.725050449E0
2.276495734E2,1.807050109E0,9.103050232E0,-4.690950394E0
2.276520170E2,7.320000529E-1,9.036000252E0,-1.887000084E0
2.276544605E2,1.291950107E0,8.406000137E0,1.350000054E-1
2.276569041E2,4.084050179E0,7.626000404E0,-2.179500163E-1
2.276593478E2,6.094950199E0,7.453050137E0,-2.698950052E0
2.276617912E2,4.627050400E0,7.246950150E0,-4.480050087E0
2.276642348E2,1.918950081E0,8.136000633E0,-3.742950201E0
2.276666785E2,1.029000044E0,8.722050667E0,-7.879500389E-1
2.276691220E2,7.579500079E-1,9.402000427E0,1.414050102E0
2.276715656E2,1.081050038E0,9.318000793E0,1.102050066E0
2.276740091E2,2.554050207E0,8.887950897E0,-1.027950048E0
2.276764527E2,3.796950102E0,8.962050438E0,-3.319050074E0
2.276788962E2,2.161050081E0,8.479949951E0,-3.700050116E0
2.276813398E2,7.650000453E-1,9.261000633E0,-1.140000105E0
2.276837833E2,1.380000114E-1,9.304050446E0,1.153050065E0
2.276862269E2,1.564950109E0,9.382950783E0,-5.100000277E-2
2.276886706E2,4.327950001E0,7.714050293E0,-3.685050249E0
2.276911140E2,6.330000401E0,7.159050465E0,-6.397950172E0
2.276935576E2,5.503950119E0,7.908000469E0,-6.724050522E0
2.276960011E2,2.961000204E0,8.971050262E0,-4.509000301E0
2.276984447E2,1.315950036E0,8.512050629E0,-7.399500608E-1
2.277008884E2,9.739500284E-1,9.213000298E0,2.650950193E0
2.277033318E2,1.821000099E0,8.725049973E0,2.524050236E0
2.277057755E2,4.282950401E0,8.052000046E0,1.710000038E-1
2.277082189E2,5.185050011E0,7.839000225E0,-2.787000179E0
2.277106626E2,4.608000278E0,8.872950554E0,-4.291050434E0
2.277131062E2,2.382000208E0,9.964950562E0,-3.738000154E0
2.277155497E2,4.159500301E-1,1.001295090E1,-1.269000053E0
2.277179933E2,1.089000106E0,9.972000122E0,2.760000229E-1
2.277204368E2,3.837000132E0,9.250950813E0,-1.747950077E0
2.277228804E2,6.097050190E0,8.932950020E0,-4.753050327E0
2.277253239E2,5.167950153E0,8.935050011E0,-5.368050098E0
2.277277675E2,3.157050133E0,1.023795033E1,-3.132000208E0
2.277302112E2,1.825950146E0,1.100400066E1,-5.820000172E-1
2.277326546E2,1.321050048E0,1.164795017E1,1.440000057E0
2.277350982E2,2.245050192E0,1.079805088E1,6.469500065E-1
2.277375417E2,4.045950413E0,1.034805012E1,-1.090050101E0
2.277399853E2,3.591000080E0,9.960000038E0,-2.809050083E0
2.277424288E2,1.512000084E0,9.775950432E0,-2.071950197E0
2.277448725E2,5.500500202E-1,9.073950768E0,4.699500203E-1
2.277473161E2,2.190000117E-1,9.180000305E0,-1.249500066E-1
2.277497596E2,1.090950012E0,9.354000092E0,2.880000174E-1
2.277522032E2,5.025000095E0,8.542950630E0,-1.308000088E0
2.277546466E2,5.932050228E0,7.968000412E0,-4.954050064E0
2.277570903E2,5.319000244E0,8.466000557E0,-5.881050110E0
2.277595337E2,3.088050127E0,8.995050430E0,-4.530000210E0
2.277619774E2,1.423950076E0,8.191050529E0,-7.210500240E-1
2.277644210E2,1.263000011E0,8.065950394E0,2.119950056E0
2.277668645E2,1.555050015E0,8.160000801E0,1.915950060E0
2.277693081E2,3.715050220E0,6.958050251E0,-6.450000405E-1
2.277717518E2,5.226000309E0,6.736950397E0,-3.835950136E0
2.277741953E2,4.147950172E0,7.638000488E0,-5.196000099E0
2.277766389E2,2.338050127E0,8.782050133E0,-3.985050201E0
2.277790823E2,1.612950087E0,8.751000404E0,-2.620050192E0
2.277815259E2,1.633950114E0,8.227050781E0,-9.919500351E-1
2.277839694E2,3.849000216E0,8.056950569E0,-1.164000034E0
2.277864130E2,5.619000435E0,7.258950233E0,-3.963000298E0
2.277888565E2,4.210950375E0,7.470000267E0,-5.530950069E0
2.277913002E2,2.845950127E0,7.453050137E0,-4.116000175E0
2.277937438E2,2.559000015E0,8.239050865E0,-1.393950105E0
2.277961873E2,2.314050198E0,8.457000732E0,-8.400000632E-2
2.277986309E2,2.002950191E0,8.344050407E0,-2.610000074E-1
2.278010746E2,3.709950209E0,8.545050621E0,-9.510000348E-1
2.278035180E2,4.540950298E0,8.488050461E0,-2.482950211E0
2.278059616E2,2.650050163E0,8.446949959E0,-3.420000076E0
2.278084051E2,7.369500399E-1,8.631000519E0,-1.935000062E0
2.278108487E2,4.249500334E-1,8.197950363E0,5.320500135E-1
2.278132922E2,1.930950046E0,7.731000423E0,4.200000167E-1
2.278157358E2,4.753950119E0,7.282950401E0,-2.197950125E0
2.278181795E2,5.821950436E0,7.099050522E0,-4.387050152E0
2.278206229E2,5.073000431E0,7.975050449E0,-4.818000317E0
2.278230666E2,2.994000196E0,9.627000809E0,-3.550950050E0
2.278255100E2,1.359000087E0,9.630000114E0,-1.078050017E0
2.278279536E2,5.879999995E-1,9.429000854E0,1.050000072E0
2.278303973E2,1.132050037E0,9.226950645E0,1.744050026E0
2.278328408E2,3.433050156E0,8.334000587E0,-1.590000093E-1
2.278352844E2,4.483950138E0,7.650000572E0,-2.965050220E0
2.278377279E2,3.913950205E0,7.657050133E0,-3.405000210E0
2.278401715E2,3.508950233E0,9.028950691E0,-2.614950180E0
2.278426149E2,2.331000090E0,9.927000046E0,-1.657050133E0
2.278450586E2,1.396950126E0,9.594000816E0,-6.370500326E-1
2.278475020E2,1.759050131E0,8.623950005E0,-1.660500020E-1
2.278499457E2,4.261050224E0,8.253000259E0,-1.906050086E0
2.278523893E2,5.779050350E0,7.744950294E0,-5.275050163E0
2.278548328E2,3.694050074E0,8.136000633E0,-5.158050060E0
2.278572764E2,1.986000061E0,8.215050697E0,-2.256000042E0
2.278597199E2,1.390050054E0,8.677050591E0,8.869500160E-1
2.278621635E2,1.963050127E0,8.682000160E0,1.525950074E0
2.278646069E2,2.311950207E0,8.217000008E0,1.270050049E0
2.278670506E2,2.743050098E0,8.593050003E0,3.769500256E-1
2.278694942E2,2.836050034E0,8.169000626E0,-1.963950038E0
2.278719377E2,2.500950098E0,7.840950489E0,-3.397950172E0
2.278743813E2,1.885950089E0,7.678050518E0,-2.111999989E0
2.278768248E2,2.041949987E0,7.899000168E0,6.795000285E-2
2.278792684E2,3.475950241E0,8.305950165E0,7.500000298E-2
2.278817121E2,4.536000252E0,7.675950527E0,-2.598000050E0
2.278841555E2,3.547950268E0,7.390950203E0,-4.356000423E0
2.278865991E2,2.401050091E0,7.710000515E0,-4.321950436E0
2.278890428E2,1.831050038E0,8.149950027E0,-2.692050219E0
2.278914863E2,1.021950006E0,7.891050339E0,-6.970500350E-1
2.278939299E2,4.950000346E-1,7.627950191E0,1.507050037E0
2.278963734E2,1.615050077E0,7.525050163E0,1.792050123E0
2.278988170E2,3.852000237E0,7.231050491E0,8.205000311E-2
2.279012604E2,3.763050079E0,7.875000477E0,-2.562000036E0
2.279037041E2,2.631000042E0,8.607000351E0,-3.730950117E0
2.279061475E2,1.447950125E0,8.763000488E0,-2.746950150E0
2.279085912E2,9.139500260E-1,8.617050171E0,-1.174050093E0
2.279110348E2,1.855050087E0,7.765050411E0,-9.405000508E-2
2.279134783E2,4.681950092E0,7.669050217E0,-1.983000040E0
2.279159219E2,6.205050468E0,7.720950603E0,-4.525950432E0
2.279183654E2,5.353050232E0,8.059050560E0,-5.245950222E0
2.279208090E2,3.097050190E0,8.980950356E0,-4.444050312E0
2.279232525E2,9.640500546E-1,1.025895023E1,-1.437000036E0
2.279256961E2,1.000500023E-1,1.085595036E1,7.500000596E-1
2.279281398E2,4.710000157E-1,1.106595039E1,3.769500256E-1
2.279305832E2,2.512950182E0,1.072905064E1,-7.500000298E-2
2.279330268E2,4.543950081E0,1.053000069E1,-2.955000162E0
2.279354703E2,5.101050377E0,1.063995075E1,-4.303050041E0
2.279379140E2,3.406050205E0,1.088895035E1,-3.766950130E0
2.279403576E2,1.444950104E0,1.131105042E1,-1.357950091E0
2.279428011E2,9.550500512E-1,1.109295082E1,5.830500126E-1
2.279452447E2,3.379950047E0,1.115205097E1,-1.924950123E0
2.279476881E2,6.250950336E0,1.105395031E1,-5.977050304E0
2.279501318E2,6.157050133E0,1.095900059E1,-6.786000252E0
2.279525752E2,4.036050320E0,1.192095089E1,-5.878050327E0
2.279550189E2,2.745000124E0,1.289595032E1,-3.748050213E0
2.279574625E2,1.515000105E0,1.245000076E1,-3.619500101E-1
2.279599060E2,1.548000097E0,1.184400082E1,1.512000084E0
2.279623496E2,3.081000090E0,1.107105064E1,1.533000112E0
2.279647930E2,4.933950424E0,1.065000057E1,-1.119000077E0
2.279672367E2,5.058000088E0,1.035795021E1,-3.661050081E0
2.279696804E2,4.294950008E0,1.084095097E1,-3.160950184E0
2.279721238E2,2.901000023E0,1.184895039E1,-1.558950067E0
2.279745674E2,2.089050055E0,1.156695080E1,-1.083000064E0
2.279770109E2,1.966950059E0,1.079805088E1,-1.509000063E0
2.279794545E2,3.277050257E0,9.534000397E0,-3.172950268E0
2.279818980E2,4.507950306E0,8.815950394E0,-4.705049992E0
2.279843417E2,4.371000290E0,8.478000641E0,-5.032950401E0
2.279867853E2,3.370050192E0,8.377950668E0,-3.079950094E0
2.279892287E2,2.638050079E0,8.670000076E0,4.905000329E-2
2.279916723E2,4.042950153E0,9.346950531E0,7.140000463E-1
2.279941158E2,3.985950232E0,9.085950851E0,-5.460000038E-1
2.279965595E2,3.598050117E0,8.554950714E0,-4.429500103E-1
2.279990031E2,3.382050276E0,8.683950424E0,-1.560000032E-1
2.280014466E2,2.965950251E0,8.287050247E0,-2.059950113E0
2.280038902E2,2.439000130E0,7.195050240E0,-2.905050039E0
2.280063337E2,2.235000134E0,5.998050213E0,-2.313000202E0
2.280087773E2,4.012050152E0,5.919000149E0,-1.786950111E0
2.280112207E2,5.892000198E0,5.953950405E0,-3.211050034E0
2.280136644E2,5.686050415E0,6.181950092E0,-5.572050095E0
2.280161080E2,4.582050323E0,6.769050121E0,-6.144000053E0
2.280185515E2,3.222000122E0,7.578000546E0,-4.012950420E0
2.280209951E2,2.487000227E0,7.990050316E0,-1.849050045E0
2.280234388E2,1.536000013E0,7.753050327E0,-3.019500077E-1
2.280258823E2,1.105050087E0,6.678000450E0,1.123950005E0
2.280283259E2,3.330000162E0,6.093000412E0,8.800500631E-1
2.280307694E2,5.623050213E0,5.647950172E0,-1.890000105E0
2.280332130E2,4.290000439E0,5.670000076E0,-3.217950106E0
2.280356564E2,2.913000107E0,7.429050446E0,-1.948950052E0
2.280381001E2,2.266950130E0,8.289000511E0,-5.629500151E-1
2.280405435E2,1.702050090E0,8.764950752E0,-3.360000253E-1
2.280429871E2,1.905000091E0,8.655000687E0,-1.582950115E0
2.280454308E2,3.124050140E0,8.241000175E0,-3.256950140E0
2.280478743E2,4.591050148E0,8.832000732E0,-4.660050392E0
2.280503179E2,4.524000168E0,8.878050804E0,-4.902000427E0
2.280527614E2,3.403950214E0,9.582000732E0,-3.654000282E0
2.280552050E2,1.765950084E0,1.036995029E1,-5.200500488E-1
2.280576487E2,1.732950091E0,1.090605068E1,1.171950102E0
2.280600921E2,2.809950113E0,1.087005043E1,3.705000132E-2
2.280625357E2,3.459000111E0,1.102305031E1,-9.130500555E-1
2.280649792E2,2.926950216E0,1.086000061E1,-2.233950138E0
2.280674228E2,2.692950010E0,1.081305027E1,-1.729050040E0
2.280698663E2,2.698050022E0,1.095900059E1,-2.026050091E0
2.280723100E2,2.422049999E0,1.050795078E1,-1.444050074E0
2.280747536E2,2.215950012E0,1.044405079E1,-2.230500132E-1
2.280771970E2,3.255000114E0,1.127700043E1,-1.162050009E0
2.280796407E2,4.960050106E0,1.128405094E1,-4.180950165E0
2.280820841E2,4.507950306E0,1.069995022E1,-6.013050079E0
2.280845278E2,3.718050241E0,1.119105053E1,-5.446950436E0
2.280869714E2,2.977950096E0,1.167000103E1,-3.568050146E0
2.280894149E2,2.587050200E0,1.113795090E1,-1.336050034E0
2.280918585E2,2.286000013E0,1.015605068E1,1.050000079E-3
2.280943020E2,2.121000051E0,9.583950043E0,1.330050111E0
2.280967456E2,3.993000269E0,9.358950615E0,5.590500236E-1
2.280991890E2,5.722050190E0,8.638050079E0,-2.067000151E0
2.281016328E2,4.374000072E0,8.689050674E0,-3.937050104E0
2.281040764E2,2.731050014E0,9.577050209E0,-2.859000206E0
2.281065198E2,2.781000137E0,9.886050224E0,-2.127000093E0
2.281089634E2,3.519000053E0,9.610950470E0,-2.545950174E0
2.281114069E2,3.562050104E0,8.904000282E0,-2.634000063E0
2.281138505E2,3.682050228E0,8.370000839E0,-2.692050219E0
2.281162940E2,4.361999989E0,8.236050606E0,-3.487050056E0
2.281187377E2,4.273050308E0,7.639950275E0,-5.220000267E0
2.281211813E2,2.845950127E0,7.639950275E0,-4.223999977E0
2.281236248E2,1.953000069E0,7.438950539E0,-1.168950081E0
2.281260684E2,2.571000099E0,8.341950417E0,4.750500321E-1
2.281285118E2,2.025000095E0,8.368050575E0,1.234050035E0
2.281309555E2,1.491000056E0,7.875000477E0,1.549950123E0
2.281333991E2,1.876050115E0,8.502000809E0,6.790500283E-1
2.281358426E2,2.740950108E0,8.065950394E0,-5.320500135E-1
2.281382862E2,2.752950191E0,7.222950459E0,-2.044950008E0
2.281407297E2,2.190000057E0,6.871950150E0,-2.248950005E0
2.281431733E2,1.594050050E0,7.144050121E0,-1.200000048E0
2.281456170E2,2.458050013E0,7.128000259E0,-1.171050072E0
2.281480604E2,4.198950291E0,7.321950436E0,-2.737050056E0
2.281505041E2,4.594050407E0,6.828000546E0,-4.030050278E0
2.281529476E2,3.064050198E0,7.683000565E0,-3.922050238E0
2.281553912E2,1.981950045E0,9.069000244E0,-2.977050066E0
2.281578346E2,1.174950004E0,8.775000572E0,-1.159050107E0
2.281602783E2,9.570000172E-1,8.109000206E0,1.900500059E-1
2.281627220E2,1.903050065E0,8.188050270E0,1.651050091E0
2.281651654E2,3.090000153E0,8.173950195E0,5.560500026E-1
2.281676090E2,4.587000370E0,8.196000099E0,-2.040000200E0
2.281700525E2,3.670050144E0,7.846050262E0,-3.019950151E0
2.281724961E2,2.500950098E0,9.309000015E0,-1.429950118E0
2.281749396E2,2.001000166E0,9.049950600E0,-9.940500259E-1
2.281773833E2,2.382000208E0,9.192000389E0,-1.540050030E0
2.281798269E2,2.884050131E0,8.722050667E0,-2.064000130E0
2.281822704E2,3.492000103E0,9.232050896E0,-2.425950050E0
2.281847140E2,4.350000381E0,9.469050407E0,-2.953050137E0
2.281871575E2,4.657950401E0,1.002195072E1,-4.399050236E0
2.281896011E2,2.628000021E0,1.021395016E1,-3.621000290E0
2.281920448E2,8.899500370E-1,1.044105053E1,-7.549500465E-1
2.281944882E2,9.709500670E-1,1.039605045E1,1.432950020E0
2.281969318E2,1.711050034E0,9.985950470E0,-6.040500402E-1
2.281993753E2,2.584950209E0,9.402000427E0,-2.610000074E-1
2.282018189E2,3.093000174E0,1.010100079E1,5.470499992E-1
2.282042624E2,3.247950077E0,1.119105053E1,3.220500052E-1
2.282067061E2,3.238950253E0,1.090800095E1,9.900000691E-1
2.282091497E2,3.241050243E0,9.879000664E0,7.410000563E-1
2.282115931E2,3.169050217E0,1.012305069E1,-3.520500064E-1
2.282140368E2,3.586050272E0,1.080105019E1,-1.468050122E0
2.282164805E2,3.961950302E0,9.727950096E0,-4.027950287E0
2.282189239E2,4.165050030E0,9.393000603E0,-5.838000298E0
2.282213675E2,3.253050089E0,1.041705036E1,-5.482950211E0
2.282238110E2,3.162000179E0,1.114995098E1,-3.340950251E0
2.282262546E2,3.354000092E0,1.153095055E1,-1.569000125E0
2.282286981E2,3.021000147E0,1.110900021E1,-2.950500250E-1
2.282311417E2,2.518050194E0,1.045605087E1,6.690000296E-1
2.282335851E2,2.140050173E0,1.001805019E1,1.390050054E0
2.282360288E2,1.408950090E0,9.304050446E0,1.168950081E0
2.282384724E2,2.941950083E0,7.831950188E0,-1.660050035E0
2.282409159E2,4.153050423E0,7.639950275E0,-4.084949970E0
2.282433595E2,4.419000149E0,8.671950340E0,-4.450950146E0
2.282458032E2,3.958950281E0,9.310950279E0,-3.439050198E0
2.282482467E2,3.480000257E0,9.558000565E0,-2.941050053E0
2.282506903E2,2.760000229E0,9.486000061E0,-2.040000200E0
2.282531337E2,2.008050203E0,9.440999985E0,-1.681050062E0
2.282555774E2,2.470050097E0,8.872950554E0,-2.422950029E0
2.282580208E2,3.736950159E0,8.536050797E0,-3.886050224E0
2.282604645E2,3.504000187E0,8.409000397E0,-5.002050400E0
2.282629079E2,2.437050104E0,9.079050064E0,-3.373950243E0
2.282653516E2,1.821000099E0,9.024000168E0,-1.269000053E0
2.282677952E2,2.149049997E0,9.160050392E0,-3.600000218E-2
2.282702387E2,2.425050020E0,9.553050041E0,1.071000099E0
2.282726823E2,2.941950083E0,9.364050865E0,-1.060500070E-1
2.282751258E2,3.538050175E0,8.835000038E0,-1.906050086E0
2.282775694E2,3.648000240E0,7.659000397E0,-3.384000063E0
2.282800129E2,3.703050137E0,7.522950172E0,-4.441950321E0
2.282824565E2,2.755050182E0,8.076000214E0,-4.186050415E0
2.282849002E2,2.191950083E0,8.848950386E0,-2.728050232E0
2.282873436E2,3.277050257E0,8.635950089E0,-2.287050009E0
2.282897872E2,4.005000114E0,8.887950897E0,-4.195050240E0
2.282922310E2,3.694050074E0,9.235050201E0,-5.574000359E0
2.282946744E2,2.877000093E0,9.318000793E0,-5.095950127E0
2.282971180E2,1.885950089E0,9.037950516E0,-3.499050140E0
2.282995615E2,1.141050100E0,9.048000336E0,-1.260000110E0
2.283020051E2,1.014000058E0,8.161950111E0,3.405000269E-2
2.283044486E2,2.049000025E0,7.699950218E0,8.440500498E-1
2.283068923E2,4.122000217E0,7.120950222E0,1.900500059E-1
2.283093359E2,5.548950195E0,6.646050453E0,-1.854000092E0
2.283117793E2,4.966950417E0,7.365000248E0,-3.381000042E0
2.283142230E2,3.805950165E0,8.265000343E0,-4.189949989E0
2.283166664E2,2.371950150E0,8.248050690E0,-3.123000145E0
2.283191100E2,2.013000011E0,8.257950783E0,-1.630950093E0
2.283215535E2,3.142950058E0,8.325000763E0,-1.698000073E0
2.283239972E2,4.218000412E0,8.188050270E0,-3.826950073E0
2.283264408E2,3.375000238E0,8.133000374E0,-5.242050171E0
2.283288843E2,3.034950256E0,8.401050568E0,-4.504050255E0
2.283313279E2,2.848050117E0,8.583000183E0,-3.367050171E0
2.283337713E2,2.104050159E0,9.238950729E0,-1.212000012E0
2.283362150E2,1.753950119E0,8.718000412E0,4.489500225E-1
2.283386584E2,1.548000097E0,8.458950043E0,1.260000110E0
2.283411021E2,2.452950001E0,8.421000481E0,7.410000563E-1
2.283435457E2,4.180050373E0,7.960950375E0,-1.380000114E0
2.283459892E2,5.037000179E0,7.855950356E0,-3.910050154E0
2.283484328E2,3.907050133E0,8.181000710E0,-4.315050125E0
2.283508765E2,2.677950144E0,8.734050751E0,-2.662950039E0
2.283533199E2,2.446050167E0,9.016950607E0,-1.377000093E0
2.283557635E2,3.057000160E0,9.061950684E0,-1.360050082E0
2.283582070E2,3.241050243E0,9.043050766E0,-2.518950224E0
2.283606506E2,3.279000044E0,8.890050888E0,-4.032000065E0
2.283630941E2,3.076050043E0,8.614950180E0,-4.945050240E0
2.283655377E2,2.733000040E0,8.521050453E0,-4.729050159E0
2.283679814E2,2.025000095E0,8.599950790E0,-3.031950235E0
2.283704248E2,1.618050098E0,8.635950089E0,-2.830500007E-1
2.283728684E2,2.503950119E0,8.397000313E0,4.729500115E-1
2.283753119E2,3.439950228E0,7.999050617E0,1.759500057E-1
2.283777555E2,3.604950190E0,7.807950497E0,-1.164000034E0
2.283801992E2,3.640950203E0,7.470000267E0,-2.163000107E0
2.283826427E2,3.069000244E0,7.321950436E0,-2.044950008E0
2.283850863E2,3.234000206E0,7.765050411E0,-1.380000114E0
2.283875298E2,3.757950068E0,7.780950546E0,-2.115000010E0
2.283899734E2,2.740950108E0,8.554950714E0,-2.803950071E0
2.283924168E2,2.355000019E0,8.434950829E0,-2.761050224E0
2.283948605E2,3.361050129E0,8.362950325E0,-3.268950224E0
2.283973041E2,3.472950220E0,9.007050514E0,-4.030050278E0
2.283997476E2,2.559000015E0,9.499950409E0,-4.035000324E0
2.284021912E2,2.101050138E0,8.995050430E0,-3.364050150E0
2.284046347E2,1.797000051E0,8.764950752E0,-1.714950085E0
2.284070784E2,2.398050070E0,8.623950005E0,-8.430000544E-1
2.284095218E2,2.626050234E0,8.167050362E0,-8.650500178E-1
2.284119655E2,2.130000114E0,8.707950592E0,-7.159500122E-1
2.284144089E2,2.743050098E0,8.425050735E0,-7.069500089E-1
2.284168526E2,4.132050037E0,8.179050446E0,-1.855950117E0
2.284192962E2,4.048050404E0,7.755000591E0,-4.249950409E0
2.284217396E2,2.542050123E0,8.398950577E0,-4.618950367E0
2.284241833E2,1.531950116E0,8.181000710E0,-2.172000170E0
2.284266270E2,1.657950044E0,8.346000671E0,4.270500243E-1
2.284290704E2,3.006000042E0,8.272050858E0,-1.110000089E-1
2.284315140E2,5.082000256E0,8.064000130E0,-3.429000139E0
2.284339575E2,4.491000175E0,8.191050529E0,-6.372000217E0
2.284364011E2,3.387000084E0,8.445000648E0,-6.513000488E0
2.284388448E2,2.707050085E0,8.305950165E0,-5.409000397E0
2.284412882E2,1.954950094E0,8.593050003E0,-2.197950125E0
2.284437319E2,1.588950038E0,8.578950882E0,3.900000080E-2
2.284461753E2,1.984050035E0,8.263050079E0,1.797000051E0
2.284486190E2,3.528000116E0,7.471950531E0,5.710500479E-1
2.284510624E2,5.038950443E0,7.252050400E0,-2.668050051E0
2.284535061E2,4.230000019E0,7.615950584E0,-5.028000355E0
2.284559497E2,3.105000257E0,8.358000755E0,-4.222050190E0
2.284583932E2,3.576000214E0,8.607000351E0,-2.191050053E0
2.284608368E2,3.169050217E0,9.145950317E0,-1.171050072E0
2.284632802E2,2.461050034E0,9.418950081E0,-1.267050028E0
2.284657238E2,2.355000019E0,9.414000511E0,-2.494950056E0
2.284681673E2,3.727050066E0,9.289950371E0,-4.597949982E0
2.284706109E2,3.928050280E0,8.947050095E0,-5.974050522E0
2.284730546E2,2.620950222E0,9.211050034E0,-4.873050213E0
2.284754981E2,2.143949986E0,9.357000351E0,-1.882050037E0
2.284779417E2,2.178000212E0,9.702000618E0,5.680500269E-1
2.284803852E2,2.821950197E0,9.630000114E0,4.770000279E-1
2.284828289E2,3.648000240E0,9.316050529E0,-8.599500656E-1
2.284852724E2,2.932050228E0,9.778050423E0,-1.284000039E0
2.284877159E2,2.677950144E0,9.718050003E0,-1.144950032E0
2.284901595E2,3.973950148E0,9.547950745E0,-2.091000080E0
2.284926030E2,4.294950008E0,9.493050575E0,-2.881050110E0
2.284950467E2,3.325050116E0,9.589050293E0,-1.791000128E0
2.284974901E2,2.803050041E0,9.454950333E0,-1.942050099E0
2.284999337E2,3.291000128E0,9.852000237E0,-3.475050211E0
2.285023774E2,3.721950293E0,1.010100079E1,-4.420050144E0
2.285048208E2,3.133050203E0,1.032405090E1,-4.669050217E0
2.285072644E2,3.210000038E0,9.876000404E0,-3.633000135E0
2.285097079E2,2.857950211E0,9.727950096E0,-3.003000259E0
2.285121516E2,2.845950127E0,9.511950493E0,-2.706000090E0
2.285145952E2,3.220050097E0,9.205950737E0,-2.373000145E0
2.285170387E2,3.315000057E0,9.004950523E0,-2.098050117E0
2.285194823E2,3.649950266E0,8.530950546E0,-1.825050116E0
2.285219257E2,4.399950027E0,8.116950035E0,-1.854000092E0
2.285243693E2,4.801950455E0,8.337000847E0,-1.972950101E0
2.285268128E2,4.009950161E0,8.682000160E0,-1.921050072E0
2.285292565E2,3.603000164E0,8.779950142E0,-1.801050067E0
2.285317001E2,3.634050131E0,8.859000206E0,-2.395050049E0
2.285341436E2,3.196050167E0,9.204000473E0,-3.538950205E0
2.285365872E2,2.745000124E0,9.213000298E0,-4.104000092E0
2.285390309E2,2.761950016E0,9.249000549E0,-3.292950153E0
2.285414743E2,3.415950060E0,8.887950897E0,-2.710950136E0
2.285439180E2,3.460950136E0,8.665050507E0,-3.232950211E0
2.285463614E2,2.362050056E0,9.072000504E0,-3.577950239E0
2.285488050E2,2.440950155E0,8.860950470E0,-2.763000250E0
2.285512485E2,2.941950083E0,8.739000320E0,-1.978050113E0
2.285536921E2,3.409050226E0,8.269950867E0,-2.194050074E0
2.285561356E2,3.475950241E0,8.089950562E0,-2.050050020E0
2.285585793E2,3.358050108E0,8.119050026E0,-2.383050203E0
2.285610229E2,4.165050030E0,7.884000301E0,-3.178050041E0
2.285634664E2,4.285050392E0,7.992000580E0,-3.985050201E0
2.285659100E2,3.375000238E0,7.956000328E0,-3.775950193E0
2.285683534E2,2.322000027E0,7.561050415E0,-2.388000011E0
2.285707971E2,1.441050053E0,7.141950130E0,-1.228950024E0
2.285732407E2,1.504950047E0,6.778050423E0,-9.060000181E-1
2.285756842E2,2.710050106E0,6.703950405E0,-2.359050035E0
2.285781278E2,3.982950211E0,6.769050121E0,-4.231050014E0
2.285805712E2,4.222949982E0,6.811950207E0,-5.541000366E0
2.285830149E2,4.029000282E0,7.234950542E0,-5.140950203E0
2.285854586E2,3.516000271E0,7.846050262E0,-3.469950199E0
2.285879020E2,2.749950171E0,8.281949997E0,-2.032950163E0
2.285903456E2,2.302050114E0,8.184000015E0,-4.579500258E-1
2.285927891E2,2.875050068E0,7.305000305E0,6.349500418E-1
2.285952327E2,4.764000416E0,6.924000263E0,1.110000089E-1
2.285976762E2,6.222000122E0,6.591000080E0,-2.586000204E0
2.286001198E2,5.362050056E0,7.228050232E0,-4.118999958E0
2.286025632E2,4.030950069E0,8.348999977E0,-4.305000305E0
2.286050069E2,2.832000017E0,9.229950905E0,-3.802950144E0
2.286074506E2,1.812000036E0,1.000995064E1,-3.673050165E0
2.286098940E2,1.483950019E0,1.012305069E1,-3.099000216E0
2.286123377E2,1.981950045E0,9.453000069E0,-2.809050083E0
2.286147813E2,3.532950163E0,8.799000740E0,-3.295050144E0
2.286172248E2,4.491000175E0,8.509050369E0,-4.164000034E0
2.286196684E2,4.006950378E0,8.299050331E0,-4.159049988E0
2.286221118E2,3.046950102E0,8.746050835E0,-2.533950090E0
2.286245555E2,3.262950182E0,8.989950180E0,-8.430000544E-1
2.286269989E2,4.125000000E0,9.016950607E0,-4.579500258E-1
2.286294425E2,4.387950420E0,9.313950539E0,-1.162050009E0
2.286318862E2,3.849000216E0,9.670050621E0,-2.151000023E0
2.286343297E2,4.407000065E0,9.394950867E0,-2.883000135E0
2.286367733E2,4.732950211E0,8.822999954E0,-3.343050241E0
2.286392168E2,3.571050167E0,8.725049973E0,-2.734950066E0
2.286416605E2,2.128050089E0,8.725049973E0,-7.669500113E-1
2.286441041E2,1.371000051E0,8.550000191E0,-2.205000073E-2
2.286465475E2,2.065050125E0,8.650050163E0,-1.051950097E0
2.286489911E2,4.101000309E0,8.848950386E0,-3.463050127E0
2.286514346E2,4.972050190E0,9.508050919E0,-5.383050442E0
2.286538782E2,3.688950062E0,1.006500053E1,-5.007000446E0
2.286563219E2,2.425050020E0,9.958050728E0,-3.496050119E0
2.286587654E2,1.990950108E0,9.690000534E0,-1.485000014E0
2.286612090E2,2.161050081E0,9.289950371E0,-3.310500085E-1
2.286636524E2,2.632950068E0,8.509050369E0,-2.449500114E-1
2.286660961E2,3.916050196E0,7.243050575E0,-1.018050075E0
2.286685395E2,5.299950123E0,6.388050079E0,-2.823000193E0
2.286709832E2,5.572950363E0,6.577050209E0,-3.919950247E0
2.286734268E2,4.291950226E0,7.882050514E0,-3.193950176E0
2.286758703E2,3.355950117E0,8.820000648E0,-1.887000084E0
2.286783139E2,1.945950150E0,9.072000504E0,-8.119500279E-1
2.286807574E2,1.623000026E0,8.690999985E0,-8.620500565E-1
2.286832010E2,2.671050072E0,7.935000420E0,-1.672050118E0
2.286856445E2,3.994950294E0,7.540050507E0,-3.778950214E0
2.286880882E2,4.672950268E0,7.209000111E0,-5.341950417E0
2.286905318E2,3.877950191E0,7.534950256E0,-4.296000004E0
2.286929752E2,3.016050100E0,7.695000172E0,-2.728050232E0
2.286954189E2,2.578050137E0,8.077950478E0,-6.060000062E-1
2.286978625E2,2.092050076E0,7.951050282E0,3.150000274E-1
2.287003060E2,2.407950163E0,7.597050190E0,4.699500203E-1
2.287027496E2,3.154950142E0,7.333950520E0,-1.390500069E-1
2.287051931E2,4.447950363E0,6.631950378E0,-1.794000030E0
2.287076367E2,5.233050346E0,6.543000221E0,-3.355050087E0
2.287100802E2,4.615050316E0,7.231050491E0,-3.691950083E0
2.287125239E2,2.953950167E0,8.221950531E0,-2.397000074E0
2.287149675E2,1.627050042E0,9.007050514E0,-4.650000334E-1
2.287174109E2,1.371000051E0,8.878050804E0,-5.100000277E-2
2.287198545E2,2.572950125E0,8.956950188E0,-1.735950112E0
2.287222982E2,3.615000248E0,8.643000603E0,-3.934050083E0
2.287247416E2,3.769950151E0,8.557050705E0,-4.861050129E0
2.287271853E2,3.829950094E0,8.610000610E0,-4.714950085E0
2.287296287E2,2.650050163E0,9.238950729E0,-2.686950207E0
2.287320724E2,2.266950130E0,9.583950043E0,-8.620500565E-1
2.287345159E2,2.650050163E0,9.622950554E0,4.770000279E-1
2.287369595E2,3.313050270E0,9.856950760E0,0.000000000E0
2.287394029E2,4.137000084E0,9.430950165E0,-1.614000082E0
2.287418466E2,4.809000015E0,8.988000870E0,-3.252000093E0
2.287442902E2,4.249050140E0,8.776950836E0,-3.430950165E0
2.287467337E2,3.612000227E0,9.208050728E0,-2.313000202E0
2.287491773E2,3.777000189E0,9.880950928E0,-1.774950027E0
2.287516208E2,3.400950193E0,1.059495068E1,-1.399050117E0
2.287540644E2,2.935050249E0,1.042695045E1,-1.546950102E0
2.287565079E2,2.425050020E0,1.025205040E1,-1.324950099E0
2.287589516E2,3.117000103E0,1.027395058E1,-2.656050205E0
2.287613952E2,3.592950106E0,1.013505077E1,-4.114050388E0
2.287638386E2,2.511000156E0,9.951000214E0,-4.399050236E0
2.287662822E2,1.522050023E0,9.440999985E0,-2.656050205E0
2.287687259E2,1.684950113E0,9.310950279E0,3.030000031E-1
2.287711694E2,3.130950212E0,8.812950134E0,4.560000300E-1
2.287736130E2,4.603050232E0,8.787000656E0,1.009500027E-1
2.287760565E2,4.089000225E0,8.457000732E0,-4.459500313E-1
2.287785001E2,4.423950195E0,8.686050415E0,-1.104000092E0
2.287809436E2,4.807050228E0,8.914050102E0,-2.673000097E0
2.287833872E2,3.997950077E0,8.670000076E0,-3.690000057E0
2.287858308E2,3.211950064E0,8.794050217E0,-3.276000261E0
2.287882743E2,2.073000193E0,9.013950348E0,-1.461000085E0
2.287907179E2,2.113049984E0,8.911050797E0,-4.650000334E-1
2.287931614E2,3.222000122E0,8.518950462E0,-2.116950035E0
2.287956050E2,3.430050135E0,8.701050758E0,-3.573000193E0
2.287980487E2,2.917950153E0,8.590950012E0,-3.829050064E0
2.288004922E2,3.151950121E0,8.430000305E0,-2.481000185E0
2.288029358E2,3.955050230E0,8.557050705E0,-1.597050071E0
2.288053792E2,4.273050308E0,8.956950188E0,-1.516050100E0
2.288078228E2,4.081050396E0,9.172050476E0,-1.729050040E0
2.288102663E2,3.430050135E0,8.822999954E0,-2.086050034E0
2.288127100E2,3.196050167E0,8.421000481E0,-2.265000105E0
2.288151536E2,3.649950266E0,8.133000374E0,-2.695950031E0
2.288175971E2,4.198950291E0,8.148000717E0,-2.242050171E0
2.288200407E2,3.703050137E0,8.386950493E0,-4.720500112E-1
2.288224841E2,3.504000187E0,9.238950729E0,5.805000290E-2
2.288249277E2,3.757950068E0,9.445050240E0,-1.839000106E0
2.288273712E2,3.435000181E0,1.021605015E1,-4.231050014E0
2.288298148E2,2.149049997E0,1.029795074E1,-4.216950417E0
2.288322585E2,1.258950114E0,1.034595013E1,-3.283050060E0
2.288347020E2,1.471950054E0,1.031205082E1,-2.349000216E0
2.288371456E2,1.966950059E0,1.037895012E1,-1.602000117E0
2.288395893E2,3.052050114E0,9.757050514E0,-1.653000116E0
2.288420328E2,3.739050150E0,9.096000671E0,-1.638000131E0
2.288444764E2,3.994950294E0,8.989950180E0,-1.426950097E0
2.288469198E2,3.957000256E0,9.136950493E0,-1.329000115E0
2.288493634E2,3.526050091E0,9.610950470E0,-1.048950076E0
2.288518069E2,3.303000212E0,9.871950150E0,-7.189500332E-1
2.288542506E2,3.612000227E0,9.876000404E0,-1.518000126E0
2.288566942E2,3.832050085E0,9.213000298E0,-2.898000240E0
2.288591377E2,3.363000154E0,9.457050323E0,-3.403050184E0
2.288615813E2,2.616000175E0,9.328050613E0,-3.070050240E0
2.288640248E2,1.933950067E0,9.034049988E0,-2.107050180E0
2.288664684E2,2.170950174E0,8.623950005E0,-1.542000055E0
2.288689120E2,3.366000175E0,8.718000412E0,-1.801050067E0
2.288713555E2,4.492950439E0,8.386950493E0,-2.821050167E0
2.288737991E2,4.309050083E0,8.491950035E0,-3.336000204E0
2.288762426E2,3.973950148E0,8.718000412E0,-3.151050091E0
2.288786862E2,3.375000238E0,8.967000008E0,-2.833050251E0
2.288811297E2,2.869950056E0,8.907000542E0,-2.227050066E0
2.288835734E2,2.860050201E0,8.266950607E0,-1.837050080E0
2.288860170E2,3.148050070E0,7.807950497E0,-1.300950050E0
2.288884604E2,4.050000191E0,7.602000237E0,-1.024950027E0
2.288909040E2,4.954950333E0,7.582950592E0,-1.465950012E0
2.288933475E2,4.699050426E0,8.149950027E0,-2.095050097E0
2.288957911E2,3.634050131E0,8.974050522E0,-2.268000126E0
2.288982348E2,2.434050083E0,9.844950676E0,-1.966050148E0
2.289006783E2,2.367000103E0,9.838050842E0,-2.943000078E0
2.289031219E2,2.472000122E0,9.433050156E0,-4.387050152E0
2.289055654E2,2.440950155E0,8.694000244E0,-4.207050323E0
2.289080090E2,2.701950073E0,8.039999962E0,-3.144000053E0
2.289104527E2,3.265050173E0,8.224050522E0,-2.260950089E0
2.289128961E2,3.346050262E0,7.792950153E0,-2.020950079E0
2.289153397E2,2.965950251E0,7.719000340E0,-1.626000047E0
2.289177832E2,3.057000160E0,7.852950573E0,-1.213950038E0
2.289202269E2,3.118950129E0,7.762050152E0,-1.399050117E0
2.289226705E2,2.980050087E0,7.614000320E0,-1.413000107E0
2.289251140E2,2.482050180E0,7.786050320E0,-3.810000122E-1
2.289275576E2,2.905950069E0,8.005949974E0,4.440000355E-1
2.289300010E2,4.177050114E0,8.284049988E0,-1.180500090E-1
2.289324446E2,4.849950314E0,8.445000648E0,-1.675950050E0
2.289348881E2,3.777000189E0,8.842050552E0,-2.767950058E0
2.289373318E2,1.666050076E0,9.358950615E0,-2.497950077E0
2.289397754E2,4.300500154E-1,9.547950745E0,-1.380000114E0
2.289422189E2,1.004999995E0,9.510000229E0,-9.580500722E-1
2.289446625E2,2.282999992E0,9.301950455E0,-2.071950197E0
2.289471060E2,3.808050156E0,9.232050896E0,-2.965050220E0
2.289495496E2,4.620000362E0,9.129000664E0,-3.280950069E0
2.289519930E2,4.708950043E0,9.486000061E0,-3.513000250E0
2.289544367E2,3.736950159E0,1.054905033E1,-3.154050112E0
2.289568804E2,2.571000099E0,1.084605026E1,-2.248950005E0
2.289593238E2,2.013000011E0,1.058505058E1,-8.340000510E-1
2.289617674E2,2.413050175E0,1.012500095E1,-4.270500243E-1
2.289642111E2,3.967050076E0,9.330000877E0,-1.894050121E0
2.289666546E2,4.929000378E0,8.653050423E0,-3.913050175E0
2.289690982E2,4.291950226E0,8.598000526E0,-4.806000233E0
2.289715417E2,3.649950266E0,8.682000160E0,-3.454950094E0
2.289739853E2,3.781950235E0,8.875950813E0,-2.428050041E0
2.289764288E2,3.346050262E0,8.940000534E0,-2.347050190E0
2.289788724E2,2.467950106E0,8.728950500E0,-2.344050169E0
2.289813161E2,2.475000143E0,8.097000122E0,-2.208000183E0
2.289837595E2,3.445050240E0,7.461000443E0,-3.193950176E0
2.289862031E2,4.132050037E0,6.832950115E0,-4.665000439E0
2.289886466E2,4.006950378E0,6.685050488E0,-4.473000050E0
2.289910903E2,3.343950272E0,6.771000385E0,-3.400050163E0
2.289935339E2,2.832000017E0,6.739950180E0,-1.693050027E0
2.289959774E2,3.367950201E0,6.400050163E0,-7.695000619E-2
2.289984210E2,3.780000210E0,6.709050179E0,5.350500345E-1
2.290008645E2,3.559050083E0,7.537050247E0,2.929500043E-1
2.290033081E2,3.318000078E0,7.935000420E0,5.130000114E-1
2.290057515E2,3.277050257E0,8.026050568E0,-1.087050080E0
2.290081952E2,3.691050291E0,8.362950325E0,-2.787000179E0
2.290106389E2,2.938950062E0,8.458950043E0,-4.180950165E0
2.290130823E2,1.488000035E0,8.346000671E0,-3.871950150E0
2.290155259E2,1.029000044E0,7.585050583E0,-2.677050114E0
2.290179694E2,2.092050076E0,6.699000359E0,-2.826000214E0
2.290204130E2,2.913000107E0,6.436050415E0,-3.534000158E0
2.290228565E2,3.349050045E0,6.093000412E0,-4.108950138E0
2.290253002E2,3.888000250E0,5.976000309E0,-4.159049988E0
2.290277438E2,4.555950165E0,6.073950291E0,-3.514950275E0
2.290301872E2,4.393050194E0,7.015050411E0,-2.124000072E0
2.290326309E2,3.466050148E0,7.486950397E0,-7.590000629E-1
2.290350745E2,3.178950071E0,8.325000763E0,-9.010500312E-1
2.290375180E2,3.034950256E0,8.776950836E0,-1.201950073E0
2.290399616E2,3.081000090E0,8.322000504E0,-1.678950071E0
2.290424051E2,3.670050144E0,8.056950569E0,-1.605000019E0
2.290448487E2,4.038000107E0,7.887000561E0,-1.405950069E0
2.290472922E2,4.066950321E0,8.157000542E0,-1.993050098E0
2.290497358E2,3.945000172E0,9.357000351E0,-3.136950254E0
2.290521795E2,3.507000208E0,9.814050674E0,-3.088950157E0
2.290546229E2,3.520950079E0,1.137000084E1,-3.265950203E0
2.290570665E2,4.113000393E0,1.202895069E1,-3.679950237E0
2.290595102E2,3.270000219E0,1.310100079E1,-2.284950018E0
2.290619537E2,2.590050220E0,1.355205059E1,-1.078050017E0
2.290643973E2,2.877000093E0,1.256295013E1,-9.169500470E-1
2.290668408E2,3.130950212E0,1.230705070E1,-1.143000007E0
2.290692844E2,3.126000166E0,1.215105057E1,-1.212000012E0
2.290717279E2,3.010950089E0,1.221300030E1,-1.387050033E0
2.290741715E2,3.427950144E0,1.333095074E1,-2.257950068E0
2.290766152E2,4.411950111E0,1.448100090E1,-5.299500227E-1
2.290790586E2,4.138950348E0,1.502895069E1,-3.304950237E0
2.290815022E2,3.325050116E0,1.560795116E1,-2.317950010E0
2.290839457E2,2.560950041E0,1.491195107E1,-2.646000147E0
2.290863893E2,1.740000129E0,1.394895077E1,-3.094050169E0
2.290888330E2,1.134000063E0,1.230195045E1,-2.905050039E0
2.290912764E2,1.024049997E0,1.065405083E1,-1.641000032E0
2.290937201E2,2.122950077E0,9.582000732E0,-1.324950099E0
2.290961636E2,3.157050133E0,9.594000816E0,-1.456050038E0
2.290986072E2,4.326000214E0,1.040505028E1,-1.654950023E0
2.291010507E2,5.092050076E0,1.065405083E1,-1.368000031E0
2.291034943E2,6.283950329E0,1.076505089E1,-1.090050101E0
2.291059380E2,5.515950203E0,1.201395035E1,-1.003950000E0
2.291083814E2,4.426050186E0,1.279695034E1,2.239500135E-1
2.291108250E2,3.430050135E0,1.365000057E1,1.567050099E0
2.291132685E2,2.295000076E0,1.370205021E1,2.512950182E0
2.291157122E2,2.034000158E0,1.260600090E1,3.720000088E-1
2.291181556E2,3.385050058E0,1.243800068E1,-4.348950386E0
2.291205993E2,4.213050365E0,1.277595043E1,-7.255050182E0
2.291230429E2,3.226950169E0,1.367595100E1,-7.080000401E0
2.291254864E2,2.202000141E0,1.398000050E1,-5.155050278E0
2.291279300E2,1.690050125E0,1.340805054E1,-1.413000107E0
2.291303737E2,1.369050026E0,1.269405079E1,-7.695000619E-2
2.291328171E2,2.829000235E0,1.218705082E1,-6.520500183E-1
2.291352607E2,5.824050426E0,1.193100071E1,-3.709050179E0
2.291377042E2,6.229050159E0,1.208595085E1,-4.861050129E0
2.291401478E2,4.864050388E0,1.239495087E1,-3.208950043E0
2.291425913E2,3.544950247E0,1.273995018E1,-2.970000207E-1
2.291450350E2,3.871050119E0,1.281195068E1,5.419500470E-1
2.291474786E2,3.253050089E0,1.324305058E1,5.989500284E-1
2.291499220E2,2.760000229E0,1.201200104E1,9.349500537E-1
2.291523656E2,2.737950087E0,1.139205074E1,-2.260500044E-1
2.291548093E2,4.527000427E0,1.037205029E1,-4.801050186E0
2.291572527E2,4.756950378E0,9.694050789E0,-7.521000385E0
2.291596964E2,3.840000153E0,1.020900059E1,-6.819000244E0
2.291621399E2,2.341050148E0,1.050105095E1,-4.284000397E0
2.291645835E2,1.708950043E0,1.046295071E1,-1.471050024E0
2.291670269E2,2.511000156E0,9.778050423E0,-1.590000093E-1
2.291694706E2,3.255000114E0,9.538950920E0,-1.621050119E0
2.291719142E2,3.841950178E0,9.520050049E0,-3.058050156E0
2.291743577E2,4.330049992E0,9.496050835E0,-4.092000008E0
2.291768013E2,4.819050312E0,9.418950081E0,-4.504050255E0
2.291792448E2,4.599000454E0,9.820950508E0,-4.147050381E0
2.291816885E2,3.607050180E0,1.004895020E1,-3.343050241E0
2.291841319E2,2.781000137E0,9.922050476E0,-2.131050110E0
2.291865756E2,2.371950150E0,8.938050270E0,-9.079500437E-1
2.291890192E2,2.773950100E0,7.899000168E0,6.599999964E-2
2.291914626E2,4.444950104E0,7.051050186E0,-8.500500321E-1
2.291939063E2,5.145000458E0,6.538950443E0,-2.497950077E0
2.291963499E2,4.402050018E0,6.967050552E0,-3.609000206E0
2.291987934E2,4.453050137E0,7.732950211E0,-4.118999958E0
2.292012370E2,4.072050095E0,8.433000565E0,-4.243050098E0
2.292036805E2,3.691050291E0,8.671950340E0,-4.473000050E0
2.292061241E2,2.932050228E0,8.488050461E0,-3.799950123E0
2.292085675E2,2.716950178E0,8.385000229E0,-3.028950214E0
2.292110112E2,3.469050169E0,7.815000534E0,-3.307050228E0
2.292134549E2,3.516000271E0,7.342950344E0,-4.260000229E0
2.292158983E2,3.423000097E0,7.009950161E0,-4.167000294E0
2.292183419E2,3.504000187E0,6.799950123E0,-3.634950161E0
2.292207854E2,3.751050234E0,7.087050438E0,-2.485950232E0
2.292232290E2,3.964050293E0,7.033950329E0,-1.753050089E0
2.292256727E2,3.289050102E0,7.189950466E0,-1.296000004E0
2.292281162E2,3.337050200E0,7.302000523E0,-1.447050095E0
2.292305598E2,3.175950050E0,6.781050205E0,-2.917050123E0
2.292330033E2,2.728950024E0,6.139050484E0,-3.669000149E0
2.292354469E2,2.295000076E0,5.575950146E0,-3.103050232E0
2.292378906E2,1.848000050E0,5.185950279E0,-1.320000052E0
2.292403340E2,2.452950001E0,5.092950344E0,-2.970000207E-1
2.292427777E2,4.218000412E0,5.128050327E0,-1.285950065E0
2.292452211E2,4.824000359E0,5.856000423E0,-3.253950119E0
2.292476647E2,4.603050232E0,6.994050503E0,-5.376000404E0
2.292501084E2,3.861000299E0,7.563000202E0,-6.214050293E0
2.292525519E2,2.640000105E0,8.039999962E0,-5.131050110E0
2.292549955E2,1.824000120E0,7.935000420E0,-3.891000271E0
2.292574390E2,1.684950113E0,7.060950279E0,-2.148000002E0
2.292598826E2,1.801950097E0,6.028950214E0,-1.693050027E0
2.292623261E2,3.145050049E0,5.362950325E0,5.299500227E-1
2.292647697E2,5.434050083E0,3.466950178E0,-2.620050192E0
2.292672134E2,5.319000244E0,4.743000031E0,-4.360050201E0
2.292696568E2,2.884050131E0,5.350950241E0,-3.063000202E0
2.292721005E2,2.463000059E0,6.192000389E0,-2.734950066E0
2.292745439E2,2.070000172E0,6.157950401E0,-2.413950205E0
2.292769876E2,1.375950098E0,6.129000187E0,-2.268000126E0
2.292794312E2,1.474050045E0,5.995050430E0,-1.861050129E0
2.292818747E2,3.661950111E0,5.689050198E0,-3.310500085E-1
2.292843183E2,5.596950054E0,5.049000263E0,-2.341950178E0
2.292867618E2,4.048050404E0,6.084000111E0,-4.585950375E0
2.292892054E2,2.733000040E0,6.690000534E0,-4.059000015E0
2.292916491E2,2.511000156E0,7.642050266E0,-2.122050047E0
2.292940925E2,2.166000128E0,7.848000526E0,-5.440500379E-1
2.292965361E2,1.624950051E0,8.236050606E0,-3.690000176E-1
2.292989796E2,1.359000087E0,7.882050514E0,-3.910500109E-1
2.293014232E2,2.698050022E0,6.892950535E0,-2.244000196E0
2.293038667E2,3.949950218E0,6.345000267E0,-3.874050140E0
2.293063104E2,4.654050350E0,5.767950058E0,-4.927950382E0
2.293087540E2,3.478050232E0,6.244050503E0,-4.810950279E0
2.293111974E2,1.455000043E0,6.382950306E0,-3.204000235E0
2.293136411E2,1.567050099E0,5.686050415E0,-1.573950052E0
2.293160847E2,2.764950037E0,5.389050484E0,-1.234050035E0
2.293185281E2,3.913950205E0,5.446950436E0,-2.208000183E0
2.293209718E2,4.222949982E0,5.290950298E0,-3.496050119E0
2.293234153E2,3.358050108E0,5.707950115E0,-3.502950191E0
2.293258589E2,2.791050196E0,5.896950245E0,-3.094050169E0
2.293283024E2,2.512950182E0,6.160050392E0,-1.831950068E0
2.293307461E2,1.918950081E0,6.622950077E0,-9.079500437E-1
2.293331897E2,1.303950071E0,7.171050549E0,4.440000355E-1
2.293356331E2,1.492950082E0,6.631950378E0,-1.510500014E-1
2.293380767E2,2.401050091E0,5.871000290E0,-1.219050050E0
2.293405202E2,2.812050104E0,5.533050060E0,-2.236950159E0
2.293429639E2,2.998950243E0,5.322000027E0,-2.376000166E0
2.293454075E2,3.672000170E0,5.806050301E0,-2.251049995E0
2.293478510E2,3.909000158E0,6.289950371E0,-2.277000189E0
2.293502946E2,3.883050203E0,5.952000141E0,-3.276000261E0
2.293527381E2,3.463950157E0,5.859000206E0,-4.392000198E0
2.293551817E2,2.962950230E0,6.457050323E0,-3.799950123E0
2.293576254E2,2.865000248E0,6.121950150E0,-3.889050245E0
2.293600688E2,3.532950163E0,5.731950283E0,-3.676050186E0
2.293625124E2,3.885000229E0,5.559000492E0,-2.938050032E0
2.293649559E2,4.014000416E0,5.020950317E0,-2.482950211E0
2.293673995E2,3.865950108E0,5.662050247E0,-1.789050102E0
2.293698430E2,2.968050241E0,6.160050392E0,-1.195050001E0
2.293722867E2,2.106000185E0,6.891000271E0,-5.989500284E-1
2.293747303E2,1.309050083E0,7.558950424E0,-1.200000048E0
2.293771738E2,1.009950042E0,7.401000500E0,-2.289000034E0
2.293796174E2,1.824000120E0,7.069950104E0,-2.673000097E0
2.293820611E2,3.331950188E0,6.181950092E0,-3.463050127E0
2.293845044E2,3.387000084E0,5.382000446E0,-3.865050077E0
2.293869481E2,2.523000002E0,4.798050404E0,-3.561000109E0
2.293893916E2,2.563050032E0,4.333950043E0,-2.257950068E0
2.293918352E2,3.616950274E0,4.377000332E0,-1.540050030E0
2.293942787E2,4.618050098E0,4.456050396E0,-2.197950125E0
2.293967223E2,5.022000313E0,4.798050404E0,-3.534000158E0
2.293991660E2,5.242950439E0,4.920000076E0,-5.737050056E0
2.294016094E2,4.090950012E0,6.208050251E0,-5.898000240E0
2.294040530E2,2.674050093E0,6.735000134E0,-2.148000002E0
2.294064965E2,1.945950150E0,6.133950233E0,-1.653000116E0
2.294089402E2,2.487000227E0,6.115050316E0,-1.276950002E0
2.294113836E2,3.109050035E0,5.839950085E0,-1.561950088E0
2.294138273E2,3.435000181E0,5.409000397E0,-2.554950237E0
2.294162709E2,4.030950069E0,5.263050079E0,-3.618000269E0
2.294187143E2,4.141050339E0,6.153000355E0,-2.605050087E0
2.294211579E2,3.535950184E0,7.360050201E0,-8.410500288E-1
2.294236016E2,3.531000137E0,7.789050579E0,-1.368000031E0
2.294260451E2,3.214950085E0,8.112000465E0,-2.716050148E0
2.294284887E2,2.656950235E0,7.599000454E0,-3.570000172E0
2.294309322E2,3.447000265E0,6.687000275E0,-4.236000061E0
2.294333758E2,5.230950356E0,6.352050304E0,-5.062050343E0
2.294358192E2,5.194950104E0,6.306000233E0,-6.034050465E0
2.294382628E2,3.993000269E0,6.844950199E0,-4.867950439E0
2.294407065E2,3.069000244E0,7.422000408E0,-3.028950214E0
2.294431500E2,2.970000029E0,7.779000282E0,-1.413000107E0
2.294455936E2,3.034950256E0,7.843950272E0,-1.116000056E0
2.294480373E2,2.773950100E0,8.362950325E0,-2.128950119E0
2.294504807E2,2.997000217E0,8.497050285E0,-3.280950069E0
2.294529244E2,3.748950243E0,8.461050034E0,-4.284000397E0
2.294553678E2,3.511950254E0,7.789050579E0,-4.795950413E0
2.294578115E2,3.106950045E0,7.249950409E0,-3.676050186E0
2.294602549E2,2.443950176E0,6.819000244E0,-2.139000177E0
2.294626985E2,2.511000156E0,6.241950512E0,-5.940000415E-1
2.294651422E2,3.877950191E0,5.962050438E0,-8.790000677E-1
2.294675857E2,5.215950012E0,5.761050224E0,-3.160950184E0
2.294700293E2,5.535000324E0,6.463950157E0,-4.885050297E0
2.294724728E2,5.350050449E0,6.843000412E0,-5.847000122E0
2.294749164E2,5.245050430E0,7.626000404E0,-5.887950420E0
2.294773601E2,4.246950150E0,8.437050819E0,-4.903950214E0
2.294798035E2,3.148050070E0,8.657999992E0,-3.244950056E0
2.294822471E2,2.752950191E0,8.386950493E0,-1.189950109E0
2.294846906E2,3.412950277E0,7.213950157E0,-8.070000410E-1
2.294871342E2,4.492950439E0,6.100950241E0,-1.878000140E0
2.294895779E2,5.698050499E0,5.071050167E0,-3.396000147E0
2.294920214E2,5.061000347E0,5.305950165E0,-4.296000004E0
2.294944650E2,4.527000427E0,6.529050350E0,-4.228950024E0
2.294969084E2,5.121000290E0,7.326000214E0,-4.228950024E0
2.294993520E2,4.275000095E0,8.039999962E0,-4.507050037E0
2.295017955E2,2.676000118E0,8.161950111E0,-4.669050217E0
2.295042392E2,2.520000219E0,7.534950256E0,-3.819000244E0
2.295066828E2,3.921000242E0,6.673050404E0,-3.810000181E0
2.295091263E2,4.369050026E0,6.213000298E0,-4.348950386E0
2.295115699E2,4.579050064E0,5.716950417E0,-4.744050026E0
2.295140136E2,4.378050327E0,5.590950489E0,-3.748050213E0
2.295164571E2,4.759050369E0,6.346950531E0,-1.654950023E0
2.295189007E2,5.935050488E0,6.991050243E0,-4.290000200E-1
2.295213441E2,6.373050213E0,8.842050552E0,-1.618950129E0
2.295237878E2,5.628000259E0,9.787950516E0,-4.447050095E0
2.295262312E2,3.034950256E0,1.003905010E1,-5.629050255E0
2.295286749E2,1.891050100E0,8.992950439E0,-5.979000092E0
2.295311185E2,1.681950092E0,6.879000187E0,-3.550950050E0
2.295335620E2,1.512000084E0,5.932950497E0,-1.554000020E0
2.295360056E2,2.415000200E0,3.907050133E0,-8.620500565E-1
2.295384491E2,4.500000000E0,3.682050228E0,-9.100500345E-1
2.295408928E2,6.178950310E0,3.342000246E0,-1.597050071E0
2.295433364E2,6.061950207E0,5.224050045E0,-2.965050220E0
2.295457798E2,4.873950005E0,6.574950218E0,-4.377000332E0
2.295482235E2,3.306000233E0,7.855950356E0,-5.115000248E0
2.295506669E2,2.101050138E0,8.241000175E0,-4.353000164E0
2.295531105E2,1.198950052E0,8.346000671E0,-2.746950150E0
2.295555542E2,2.692950010E0,6.702000141E0,-1.801050067E0
2.295579977E2,5.334000111E0,5.956950188E0,-2.610000134E0
2.295604413E2,7.078950405E0,4.645050049E0,-4.477950096E0
2.295628848E2,8.370000839E0,3.843000174E0,-5.008950233E0
2.295653284E2,7.251000404E0,4.711950302E0,-6.855000496E0
2.295677719E2,3.921000242E0,5.679000378E0,-6.688050270E0
2.295702155E2,1.306050062E0,6.823950291E0,-3.490950108E0
2.295726592E2,3.330000162E0,6.697050095E0,2.449500114E-1
2.295751026E2,5.772000313E0,6.682050228E0,-4.909500182E-1
2.295775462E2,6.157050133E0,7.537050247E0,-3.202050209E0
2.295799899E2,5.731050491E0,8.085000038E0,-6.048000336E0
2.295824334E2,5.853000164E0,8.722050667E0,-8.008950233E0
2.295848770E2,5.121000290E0,9.910050392E0,-7.276950359E0
2.295873205E2,4.618050098E0,9.571950912E0,-6.136950493E0
2.295897641E2,3.274950266E0,9.967050552E0,-3.271050215E0
2.295922076E2,1.354050040E0,9.268050194E0,-5.920500159E-1
2.295946512E2,4.999500215E-1,7.686000347E0,1.678950071E0
2.295970949E2,1.062000036E0,5.677050114E0,2.282999992E0
2.295995383E2,2.676000118E0,4.278000355E0,3.430500031E-1
2.296019820E2,5.167950153E0,3.481050253E0,-2.347050190E0
2.296044256E2,6.172050476E0,4.354950428E0,-3.610950232E0
2.296068691E2,5.757000446E0,5.892000198E0,-4.099050045E0
2.296093127E2,5.008050442E0,7.240050316E0,-4.276950359E0
2.296117562E2,3.856050253E0,9.196050644E0,-3.570000172E0
2.296141998E2,2.434050083E0,8.880000114E0,-4.162050247E0
2.296166433E2,2.245050192E0,9.237000465E0,-4.609050274E0
2.296190869E2,3.793950081E0,7.930050373E0,-5.266050339E0
2.296215306E2,4.486050129E0,6.790050507E0,-5.376000404E0
2.296239741E2,5.358000278E0,5.176050186E0,-5.095950127E0
2.296264177E2,5.827050209E0,4.609050274E0,-3.628050089E0
2.296288611E2,5.604000092E0,6.115050316E0,-1.377000093E0
2.296313047E2,3.078000069E0,7.030050278E0,1.356000066E0
2.296337482E2,2.131950140E0,9.325950623E0,4.093050003E0
2.296361919E2,3.151950121E0,1.093905067E1,2.002950191E0
2.296386355E2,4.881000042E0,1.170300102E1,-3.216000080E0
2.296410790E2,5.029950142E0,1.352805042E1,-7.945050240E0
2.296435226E2,4.105050087E0,1.371195030E1,-9.999000549E0
2.296459663E2,3.006000042E0,1.436295033E1,-8.629050255E0
2.296484097E2,3.382050276E0,1.442805099E1,-5.494950294E0
2.296508534E2,3.556950092E0,1.381005096E1,-2.565000057E0
2.296532968E2,2.710050106E0,1.254105091E1,-1.750500053E-1
2.296557404E2,1.833000064E0,1.100895023E1,2.282999992E0
2.296581839E2,1.789950132E0,1.030305004E1,2.248950005E0
2.296606276E2,1.663050056E0,9.715950012E0,1.135950089E0
2.296630712E2,4.267950058E0,1.046505070E1,-8.460000157E-1
2.296655147E2,6.604950428E0,1.063995075E1,-6.304950237E0
2.296679583E2,6.865950108E0,1.021905041E1,-7.036950111E0
2.296704020E2,3.823050261E0,1.257195091E1,-5.991000175E0
2.296728454E2,2.302050114E0,1.224195099E1,-2.847000122E0
2.296752891E2,2.317050219E0,1.082700062E1,-8.070000410E-1
2.296777325E2,3.166950226E0,9.466950417E0,-1.474950075E0
2.296801761E2,4.081050396E0,6.366000175E0,-2.071950197E0
2.296826196E2,6.106950283E0,5.361000061E0,-5.461950302E0
2.296850633E2,5.635050297E0,4.803000450E0,-7.698000431E0
2.296875069E2,2.329050064E0,5.253000259E0,-4.075950146E0
2.296899504E2,8.869500160E-1,6.012000084E0,1.653000116E0
2.296923941E2,2.440950155E0,8.665050507E0,3.346050262E0
2.296948375E2,3.604950190E0,1.081005096E1,6.070500016E-1
2.296972811E2,5.628000259E0,1.056795025E1,-3.087000132E0
2.296997245E2,5.724000454E0,1.127895069E1,-5.650950432E0
2.297021682E2,5.082000256E0,1.254795074E1,-7.933050156E0
2.297046118E2,5.587050438E0,1.288395023E1,-9.130050659E0
2.297070553E2,3.955050230E0,1.295805073E1,-8.050050735E0
2.297094990E2,1.669950128E0,1.173705101E1,-1.807950139E0
2.297119426E2,8.539500237E-1,9.196050644E0,1.615050077E0
2.297143860E2,2.377050161E0,9.000000000E0,1.075950027E0
2.297168297E2,4.702050209E0,9.280050278E0,-1.981050134E0
2.297192731E2,7.345050335E0,7.984950542E0,-5.485950470E0
2.297217167E2,6.732000351E0,8.919000626E0,-7.947000504E0
2.297241602E2,4.560000420E0,1.068105030E1,-6.592050076E0
2.297266039E2,3.825000286E0,1.149195099E1,-3.072000027E0
2.297290475E2,5.214000225E0,1.200705051E1,-1.801050067E0
2.297314910E2,5.851050377E0,1.204305077E1,-3.439050198E0
2.297339346E2,5.889000416E0,1.108500099E1,-3.751950264E0
2.297363783E2,7.369050503E0,9.594000816E0,-6.070050240E0
2.297388217E2,8.623050690E0,8.662050247E0,-8.206049919E0
2.297412653E2,5.689950466E0,8.470950127E0,-7.564050198E0
2.297437088E2,4.120050430E0,8.539950371E0,-3.703950167E0
2.297461524E2,7.171950340E0,8.602950096E0,-1.471050024E0
2.297485959E2,7.627050400E0,8.926050186E0,-3.027000189E0
2.297510396E2,7.168050289E0,1.039800072E1,-4.573950291E0
2.297534832E2,6.571950436E0,1.169400024E1,-5.689050198E0
2.297559266E2,5.653950214E0,1.323795033E1,-6.124950409E0
2.297583703E2,6.483000278E0,1.440900040E1,-6.882000446E0
2.297608137E2,5.271000385E0,1.395900059E1,-8.230050087E0
2.297632574E2,1.065000057E0,1.391595078E1,-4.147050381E0
2.297657010E2,-1.480500102E-1,1.163595009E1,3.054000139E0
2.297681445E2,2.290500104E-1,1.013505077E1,1.239000082E0
2.297705881E2,2.005950212E0,1.124100018E1,-3.450000286E-1
2.297730318E2,3.355950117E0,1.278495026E1,1.834950089E0
2.297754753E2,3.021000147E0,1.160505009E1,7.069500089E-1
2.297779189E2,3.046950102E0,1.100205040E1,7.950000465E-3
2.297803623E2,5.836050510E0,1.331895065E1,-8.029500246E-1
2.297828059E2,8.947050095E0,1.437795067E1,-4.147050381E0
2.297852494E2,7.675050259E0,1.330500031E1,-6.457950115E0
2.297876930E2,3.949950218E0,1.414305115E1,-3.276000261E0
2.297901367E2,4.342050076E0,1.308495045E1,-1.714950085E0
2.297925801E2,4.330049992E0,1.110195065E1,-3.613050222E0
2.297950238E2,2.113049984E0,1.163895035E1,-1.489950061E0
2.297974672E2,2.056050062E0,1.192095089E1,1.111950040E0
2.297999108E2,5.002950191E0,1.208895016E1,-1.336050034E0
2.298023545E2,6.937950134E0,1.165500069E1,-6.196950436E0
2.298047980E2,5.101050377E0,1.234200096E1,-5.706000328E0
2.298072416E2,4.735050201E0,1.306800079E1,-3.424050093E0
2.298096851E2,6.640950203E0,1.437300110E1,-4.131000042E0
2.298121287E2,5.841000080E0,1.430100060E1,-5.008950233E0
2.298145724E2,3.415950060E0,1.200000095E1,-3.271050215E0
2.298170158E2,1.582050085E0,9.601050377E0,4.320000112E-1
2.298194594E2,1.065000057E0,1.000800037E1,1.645950079E0
2.298219029E2,2.188050032E0,1.016595078E1,-6.180000305E-1
2.298243466E2,4.893000126E0,8.092950821E0,-4.975950241E0
2.298267902E2,4.680000305E0,8.773050308E0,-7.702950478E0
2.298292337E2,3.193050146E0,1.049400043E1,-4.741050243E0
2.298316773E2,2.680950165E0,1.102995014E1,-1.942050099E0
2.298341208E2,3.627000093E0,1.162395096E1,-1.581000090E0
2.298365644E2,3.291000128E0,1.117395020E1,-2.397000074E0
2.298390081E2,4.749000072E0,1.094700050E1,-3.718950272E0
2.298414515E2,6.952050209E0,8.575950623E0,-7.521000385E0
2.298438952E2,4.054950237E0,7.575000286E0,-7.794000149E0
2.298463386E2,1.966950059E0,7.639950275E0,-2.485950232E0
2.298487822E2,3.010950089E0,8.830050468E0,1.516950130E0
2.298512257E2,5.937000275E0,8.767950058E0,4.150500298E-1
2.298536693E2,5.109000206E0,8.659950256E0,-2.361000061E0
2.298561130E2,3.343950272E0,9.991050720E0,-3.181950092E0
2.298585565E2,3.373050213E0,1.150005054E1,-4.855950356E0
2.298610001E2,3.540000200E0,1.206000042E1,-6.171000481E0
2.298634435E2,1.848000050E0,1.136295033E1,-5.902050495E0
2.298658872E2,4.200000316E-2,9.201000214E0,-1.213950038E0
2.298683308E2,-1.080000028E-1,8.614950180E0,3.300000191E0
2.298707743E2,-2.110500038E-1,9.924000740E0,2.908050060E0
2.298732179E2,1.882950068E0,8.839950562E0,8.250000477E-1
2.298756614E2,4.741950035E0,8.602950096E0,-2.886000156E0
2.298781050E2,3.367950201E0,8.005949974E0,-3.585000277E0
2.298805487E2,1.816050053E0,9.394950867E0,-1.777050138E0
2.298829921E2,1.939050078E0,1.033800030E1,-1.602000117E0
2.298854357E2,2.415000200E0,9.934050560E0,-2.184000015E0
2.298878794E2,2.125050068E0,1.016805077E1,-1.461000085E0
2.298903229E2,4.386000156E0,7.663950443E0,-3.148950100E0
2.298927665E2,3.483000278E0,5.950050354E0,-3.913050175E0
2.298952100E2,2.745000124E0,5.521050453E0,-2.385000229E0
2.298976536E2,4.218000412E0,6.898050308E0,-1.509000063E0
2.299000971E2,6.271950245E0,6.955050468E0,-2.497950077E0
2.299025407E2,4.239000320E0,6.970050335E0,-4.261950016E0
2.299049844E2,3.358050108E0,7.030050278E0,-3.199050188E0
2.299074278E2,3.724950075E0,8.083050728E0,-2.530950069E0
2.299098714E2,3.799050093E0,8.641050339E0,-4.236000061E0
2.299123149E2,1.314000010E0,8.149950027E0,-2.910000086E0
2.299147585E2,-1.237950087E0,5.530950069E0,7.549500465E-1
2.299172020E2,-2.410950184E0,4.827000141E0,4.009050369E0
2.299196457E2,1.669500023E-1,4.936950207E0,4.465950012E0
2.299220893E2,5.227950096E0,3.859050274E0,2.319000006E0
2.299245328E2,4.012050152E0,3.487950087E0,-2.646000147E0
2.299269764E2,1.363950014E0,5.965950489E0,-1.806000113E0
2.299294198E2,6.000000238E-1,6.948000431E0,1.132950068E0
2.299318635E2,4.300500154E-1,8.466000557E0,4.440000355E-1
2.299343071E2,1.960050106E0,8.397000313E0,-7.500000596E-1
2.299367506E2,4.663050175E0,8.908950806E0,-3.513000250E0
2.299391942E2,5.238000393E0,7.140000343E0,-8.368950844E0
2.299416377E2,3.010950089E0,5.551950455E0,-8.644050598E0
2.299440814E2,2.998950243E0,4.294950008E0,-6.811950207E0
2.299465250E2,5.901000500E0,4.755000114E0,-5.458950043E0
2.299489684E2,6.423000336E0,4.879050255E0,-4.561950207E0
2.299514121E2,4.282950401E0,4.504050255E0,-1.978050113E0
2.299538558E2,3.310050249E0,4.326000214E0,1.633950114E0
2.299562992E2,4.660950184E0,6.342000484E0,3.079950094E0
2.299587428E2,5.206950188E0,6.661050320E0,4.729500115E-1
2.299611863E2,1.254000068E0,7.384050369E0,-1.248000026E0
2.299636299E2,-2.111999989E0,7.393050194E0,-1.320000052E0
2.299660736E2,-2.076000214E0,5.740950108E0,-5.250000358E-1
2.299685171E2,1.065000057E0,6.048000336E0,-2.056950092E0
2.299709607E2,2.190000057E0,4.482000351E0,-3.700050116E0
2.299734042E2,1.120500043E-1,4.647000313E0,-2.529000044E0
2.299758478E2,-3.850500286E-1,4.414950371E0,-8.205000311E-2
2.299782912E2,1.969950080E0,4.603950024E0,1.224000096E0
2.299807348E2,6.727050304E0,3.382950068E0,-2.707950115E0
2.299831785E2,6.247950077E0,3.625050068E0,-7.167000294E0
2.299856220E2,5.548950195E0,5.100000381E0,-1.000605011E1
2.299880656E2,3.088050127E0,4.281000137E0,-9.517950058E0
2.299905091E2,1.804050088E0,4.261950016E0,-5.830950260E0
2.299929528E2,4.906949997E0,4.256999969E0,-2.742000103E0
2.299953962E2,7.507950306E0,5.125950336E0,-3.244950056E0
2.299978398E2,6.552000523E0,5.346000195E0,-3.469950199E0
2.300002834E2,5.145000458E0,5.179050446E0,-2.359050035E0
2.300027269E2,6.250950336E0,5.350950241E0,-2.802000046E0
2.300051705E2,5.650050163E0,6.469050407E0,-4.842000008E0
2.300076142E2,1.357050061E0,6.850050449E0,-5.440050125E0
2.300100577E2,-1.513050079E0,5.682000160E0,-3.019950151E0
2.300125013E2,-2.170950174E0,4.992000103E0,3.079950094E0
2.300149450E2,3.300000131E-1,5.377050400E0,3.331050158E0
2.300173884E2,5.275950432E0,4.894050121E0,-4.699500203E-1
2.300198321E2,4.765950203E0,5.859000206E0,-4.420050144E0
2.300222755E2,2.865000248E0,6.598950386E0,-5.209950447E0
2.300247191E2,3.178950071E0,7.297950268E0,-5.706000328E0
2.300271626E2,4.705950260E0,8.188050270E0,-5.802000046E0
2.300296063E2,5.410050392E0,8.224050522E0,-7.084950447E0
2.300320499E2,6.556950092E0,7.815000534E0,-8.802000046E0
2.300344934E2,5.479950428E0,4.899000168E0,-1.124400043E1
2.300369370E2,3.412950277E0,3.429000139E0,-8.656050682E0
2.300393804E2,6.424950123E0,3.463950157E0,-3.748050213E0
2.300418240E2,8.299950600E0,4.141950130E0,-4.162050247E0
2.300442675E2,8.908050537E0,5.515950203E0,-4.978050232E0
2.300467112E2,5.626050472E0,6.253950119E0,-2.095050097E0
2.300491548E2,3.672000170E0,8.028000832E0,7.995000482E-2
2.300515983E2,5.680950165E0,8.245950699E0,-2.071950197E0
2.300540420E2,2.760000229E0,9.204000473E0,-3.855000257E0
2.300564854E2,-1.839000106E0,8.466000557E0,-2.887950182E0
2.300589290E2,-2.736000061E0,7.293000221E0,4.441950321E0
2.300613727E2,-5.650500059E-1,7.048950195E0,1.387050033E0
2.300638161E2,2.833950043E0,6.843000412E0,-7.500000298E-2
2.300662597E2,3.361050129E0,9.187050819E0,3.232950211E0
2.300687032E2,2.731050014E0,7.899000168E0,2.280000150E-1
2.300711469E2,2.271000147E0,7.972950459E0,-2.148000002E0
2.300735905E2,5.518050194E0,1.194705009E1,-5.260950089E0
2.300760340E2,6.214950085E0,1.177305031E1,-8.115000725E0
2.300784776E2,4.736999989E0,1.068600082E1,-7.662000179E0
2.300809213E2,4.534049988E0,8.899050713E0,-7.827000141E0
2.300833647E2,3.777000189E0,6.156000137E0,-4.569000244E0
2.300858083E2,5.226000309E0,4.966050148E0,-5.160000324E0
2.300882518E2,8.419950485E0,3.670050144E0,-5.578950405E0
2.300906954E2,9.994950294E0,3.811950207E0,-9.721050262E0
2.300931391E2,7.789950371E0,5.004000187E0,-1.020705032E1
2.300955826E2,6.058950424E0,6.442950249E0,-5.194050312E0
2.300980262E2,5.109000206E0,7.231050491E0,-2.898000240E0
2.301004697E2,4.338000298E0,7.525050163E0,-1.000950098E0
2.301029133E2,3.114000082E0,8.470950127E0,2.704050064E0
2.301053567E2,-3.040500283E-1,9.694050789E0,8.248950005E0
2.301078003E2,-2.772000074E0,5.701050282E0,3.181050062E0
2.301102440E2,-2.143050194E0,5.361000061E0,1.564050078E0
2.301126875E2,2.790000141E-1,5.521050453E0,4.354050159E0
2.301151311E2,2.827050209E0,6.775950432E0,2.050050020E0
2.301175746E2,3.445050240E0,9.129000664E0,-2.196000099E0
2.301200183E2,3.262950182E0,9.421050072E0,-3.946050167E0
2.301224616E2,4.060050011E0,1.004595089E1,-7.063950539E0
2.301249053E2,4.006950378E0,1.045800018E1,-6.823950291E0
2.301273490E2,5.512950420E0,9.297000885E0,-8.656050682E0
2.301297924E2,4.219950199E0,7.453050137E0,-7.702950478E0
2.301322361E2,5.508000374E0,5.892000198E0,-6.745050430E0
2.301346797E2,7.359000206E0,6.903000355E0,-6.432000160E0
2.301371232E2,8.005949974E0,7.210950375E0,-8.670000076E0
2.301395668E2,7.582050323E0,7.726050377E0,-9.682950020E0
2.301420103E2,7.468950272E0,8.353950500E0,-7.983000278E0
2.301444539E2,6.897000313E0,8.706000328E0,-7.465950489E0
2.301468973E2,4.113000393E0,9.397050858E0,-6.441000462E0
2.301493410E2,1.110000014E0,9.565050125E0,-2.926050186E0
2.301517846E2,-1.944000125E0,7.930050373E0,2.752050161E0
2.301542281E2,-1.843050122E0,6.924000263E0,6.232950211E0
2.301566718E2,3.463950157E0,6.952950478E0,3.942000151E0
2.301591154E2,7.393050194E0,6.934050560E0,-2.347050190E0
2.301615589E2,4.747050285E0,6.735000134E0,-3.568050146E0
2.301640025E2,1.788000107E0,8.197950363E0,-3.259500265E-1
2.301664459E2,8.200500607E-1,1.063995075E1,2.205000073E-2
2.301688895E2,3.286950111E0,1.093905067E1,-5.401950359E0
2.301713330E2,4.323000431E0,9.454950333E0,-8.590950012E0
2.301737767E2,4.690050125E0,8.272050858E0,-9.838950157E0
2.301762203E2,4.690050125E0,6.328050137E0,-8.605950356E0
2.301786638E2,5.896050453E0,5.269950390E0,-5.661000252E0
2.301811075E2,7.219950199E0,6.421050072E0,-4.236000061E0
2.301835509E2,7.861950397E0,7.525050163E0,-4.399050236E0
2.301859945E2,7.548000336E0,6.967050552E0,-6.628050327E0
2.301884382E2,6.672000408E0,7.060950279E0,-7.078050137E0
2.301908816E2,5.329050064E0,8.104949951E0,-7.071000099E0
2.301933252E2,2.427000046E0,8.880000114E0,-6.256950378E0
2.301957689E2,-1.369050026E0,7.836000443E0,-1.866000056E0
2.301982124E2,-2.715000153E0,5.365950108E0,4.579050064E0
2.302006560E2,-1.300050020E0,4.276050091E0,4.489950180E0
2.302030995E2,2.238000154E0,4.302000046E0,3.094050169E0
2.302055431E2,6.579000473E0,4.135050297E0,2.898000240E0
2.302079866E2,6.816000462E0,3.948000193E0,-3.076950073E0
2.302104302E2,4.800000191E0,5.148000240E0,-3.658950090E0
2.302128739E2,4.162950039E0,7.651950359E0,-4.248000145E0
2.302153173E2,4.137000084E0,9.193950653E0,-6.361950397E0
2.302177609E2,4.351950169E0,9.574950218E0,-7.993050575E0
2.302202046E2,6.673950195E0,7.615950584E0,-1.267305088E1
2.302226481E2,4.560000420E0,4.798050404E0,-1.142100048E1
2.302250917E2,5.202000141E0,3.012000084E0,-6.367050171E0
2.302275352E2,1.117095089E1,3.634050131E0,-7.851000309E0
2.302299788E2,1.326795101E1,4.657050133E0,-1.340400028E1
2.302324223E2,9.615000725E0,6.238950253E0,-1.301595020E1
2.302348660E2,6.519000530E0,7.389000416E0,-6.943950176E0
2.302373096E2,8.164050102E0,7.765050411E0,-4.795950413E0
2.302397530E2,8.065950394E0,8.155050278E0,-1.642950058E0
2.302421966E2,7.660950184E0,7.396050453E0,-1.269000053E0
2.302446401E2,5.389050484E0,4.456050396E0,-5.662950039E0
2.302470838E2,9.505050659E0,1.662000060E0,-1.208400059E1
2.302495274E2,1.588305092E1,4.720500112E-1,-1.564500046E1
2.302519709E2,1.421400070E1,3.019500077E-1,-1.225200081E1
2.302544145E2,9.472949982E0,3.547950268E0,-1.050900078E1
2.302568580E2,7.006950378E0,6.192000389E0,-9.925050735E0
2.302593016E2,4.881000042E0,8.938050270E0,-9.799950600E0
2.302617453E2,6.448950291E0,8.518950462E0,-1.093005085E1
2.302641887E2,4.989000320E0,8.506950378E0,-7.930050373E0
2.302666324E2,4.903050423E0,7.426950455E0,-4.228950024E0
2.302690758E2,4.771050453E0,5.049000263E0,-4.128000259E0
2.302715194E2,4.567049980E0,4.501049995E0,-3.466950178E0
2.302739629E2,6.744000435E0,6.436050415E0,2.199000120E0
2.302764066E2,8.925000191E0,7.285950184E0,4.894950390E0
2.302788502E2,7.594050407E0,6.922050476E0,1.015950084E0
2.302812937E2,5.554050446E0,9.120000839E0,-1.393950105E0
2.302837373E2,7.711050510E0,1.079295063E1,-5.098050117E0
2.302861810E2,7.711050510E0,1.093695068E1,-1.016895008E1
2.302886244E2,2.500950098E0,1.019205093E1,-5.905050278E0
2.302910681E2,-6.405000389E-2,7.747950554E0,2.503050089E0
2.302935115E2,8.899500370E-1,6.958050251E0,1.855950117E0
2.302959551E2,9.019500613E-1,1.292205048E1,-2.277000189E0
2.302983988E2,2.077050209E0,1.015395069E1,1.477950096E0
2.303008423E2,1.255950093E0,7.116000175E0,3.037050247E0
2.303032859E2,1.371000051E0,9.217950821E0,1.469999999E-1
2.303057294E2,6.463950157E0,1.302495098E1,-3.669000149E0
2.303081731E2,7.170000553E0,1.365900040E1,-1.176795101E1
2.303106164E2,3.958950281E0,1.337205029E1,-1.038705063E1
2.303130601E2,3.090000153E0,1.239495087E1,-6.669000149E0
2.303155037E2,2.520000219E0,1.033395004E1,-6.151050091E0
2.303179472E2,3.955050230E0,8.434950829E0,-4.285950184E0
2.303203908E2,9.727050781E0,7.482000351E0,-4.873050213E0
2.303228345E2,1.172895050E1,6.247050285E0,-6.676050186E0
2.303252780E2,1.185105038E1,6.129000187E0,-7.930050373E0
2.303277216E2,9.460950851E0,9.550950050E0,-6.124950409E0
2.303301651E2,7.936050415E0,1.178700066E1,-3.345000267E0
2.303326087E2,6.363000393E0,1.286895084E1,-3.865050077E0
2.303350522E2,3.363000154E0,1.313505077E1,-4.926000118E0
2.303374959E2,1.351950049E0,1.167705059E1,-1.771950126E0
2.303399395E2,1.062000036E0,1.055595016E1,1.129050016E0
2.303423829E2,1.383000016E0,1.253895092E1,3.820500076E-1
2.303448266E2,4.084050179E0,1.133895016E1,-3.501000166E0
2.303472703E2,4.048050404E0,1.021395016E1,-4.972950459E0
2.303497137E2,2.326050043E0,1.146600056E1,-3.343050241E0
2.303521573E2,2.578050137E0,1.391595078E1,-1.495050073E0
2.303546008E2,4.639050007E0,1.517505074E1,-3.501000166E0
2.303570444E2,5.176050186E0,1.472700024E1,-4.863000393E0
2.303594879E2,4.773000240E0,1.381005096E1,-5.862000465E0
2.303619316E2,3.001950026E0,1.103295040E1,-6.079950333E0
2.303643752E2,3.102000237E0,9.943050385E0,-6.040950298E0
2.303668187E2,7.576950550E0,1.014495087E1,-7.665000439E0
2.303692623E2,1.015605068E1,1.017795086E1,-1.105695057E1
2.303717057E2,8.353050232E0,1.218705082E1,-1.222995090E1
2.303741494E2,6.487950325E0,1.202400017E1,-9.906000137E0
2.303765930E2,6.451950073E0,1.229895020E1,-8.476050377E0
2.303790365E2,6.334050179E0,1.401795101E1,-7.332000256E0
2.303814801E2,4.162950039E0,1.318005085E1,-6.645000458E0
2.303839238E2,1.282950044E0,1.071405029E1,-2.542950153E0
2.303863673E2,-3.250500262E-1,9.673050880E0,3.925050259E0
2.303888109E2,2.049000025E0,9.168000221E0,4.549950123E0
2.303912543E2,8.458050728E0,8.562000275E0,-6.640500426E-1
2.303936979E2,7.237050533E0,8.334000587E0,-4.648050308E0
2.303961414E2,3.487950087E0,9.382950783E0,-2.674950123E0
2.303985850E2,9.550500512E-1,1.145205021E1,-2.089500129E-1
2.304010287E2,1.945950150E0,1.226295090E1,-3.582000256E0
2.304034722E2,3.828000069E0,1.055205059E1,-8.713050842E0
2.304059158E2,4.966950417E0,8.454000473E0,-1.187895012E1
2.304083595E2,3.154950142E0,6.289950371E0,-1.177305031E1
2.304108029E2,1.645950079E0,4.824000359E0,-7.219050407E0
2.304132466E2,3.580950260E0,4.585050106E0,-3.340950251E0
2.304156900E2,6.588000298E0,4.696950436E0,-3.421950102E0
2.304181336E2,5.206950188E0,6.196050167E0,-1.000950098E0
2.304205771E2,2.034000158E0,6.429000378E0,1.155000091E0
2.304230208E2,3.760950089E0,6.259050369E0,2.673000097E0
2.304254644E2,4.714050293E0,7.590000153E0,9.900000691E-2
2.304279079E2,2.335950136E0,9.831000328E0,-1.798950076E0
2.304303515E2,-8.640000224E-1,9.001950264E0,1.749000072E0
2.304327949E2,-2.083050013E0,8.515950203E0,4.393949986E0
2.304352386E2,-1.149000049E0,9.223050117E0,-7.120500207E-1
2.304376820E2,-3.540000021E-1,1.021395016E1,-5.080500245E-1
2.304401257E2,1.438050032E0,1.017795086E1,9.319500327E-1
2.304425693E2,2.002950191E0,8.538000107E0,1.299000025E0
2.304450128E2,1.338000059E0,8.041950226E0,-7.950000167E-1
2.304474565E2,1.114950061E0,9.285000801E0,-2.042999983E0
2.304499001E2,2.149049997E0,9.955050468E0,-3.430500031E-1
2.304523435E2,2.247000217E0,8.907000542E0,1.162050009E0
2.304547872E2,5.880000114E0,4.708950043E0,-2.662950039E0
2.304572306E2,6.028050423E0,3.759000063E0,-1.177095032E1
2.304596742E2,1.003395081E1,3.757050276E0,-1.492905045E1
2.304621179E2,1.064400005E1,2.839950085E0,-1.699305153E1
2.304645614E2,6.496950150E0,3.613050222E0,-1.300395107E1
2.304670050E2,2.608950138E0,5.593050480E0,-4.735949993E0
2.304694485E2,3.849000216E0,6.322950363E0,2.517000198E0
2.304718921E2,2.757000208E0,6.345000267E0,4.408950329E0
2.304743358E2,1.168050051E0,5.421000481E0,7.167000294E0
2.304767792E2,-1.888950109E0,5.512050152E0,6.604050159E0
2.304792229E2,-1.032000065E0,2.217000008E0,3.480000257E0
2.304816663E2,3.775050163E0,3.250950098E0,2.248950005E0
2.304841100E2,8.104050636E0,1.747950077E0,-6.036000252E0
2.304865536E2,6.133050442E0,2.296050072E0,-9.477000237E0
2.304889971E2,3.586050272E0,3.760950089E0,-1.158900070E1
2.304914407E2,3.970950127E0,7.000950336E0,-9.589950562E0
2.304938842E2,6.979050159E0,7.024950504E0,-4.987950325E0
2.304963278E2,5.416950226E0,6.522000313E0,-2.874000072E0
2.304987713E2,5.482050419E0,5.382000446E0,-3.522000074E0
2.305012150E2,4.797000408E0,3.000000238E0,-5.835000515E0
2.305036586E2,5.515950203E0,2.952000141E0,-6.190050125E0
2.305061020E2,9.196050644E0,3.402000189E0,-5.614950180E0
2.305085457E2,8.551950455E0,2.902050257E0,-7.012950420E0
2.305109893E2,3.829950094E0,6.004950523E0,-5.992950439E0
2.305134328E2,2.671050072E0,7.513050556E0,-4.878000259E0
2.305158764E2,7.474050522E0,7.188000202E0,-6.391050339E0
2.305183199E2,6.957000256E0,6.532050133E0,-6.118050098E0
2.305207635E2,8.280000687E-1,5.923050404E0,-8.337000847E0
2.305232070E2,2.100000158E-2,4.875000000E0,-9.214050293E0
2.305256506E2,8.710500598E-1,4.401000023E0,-5.830950260E0
2.305280942E2,3.291000128E0,3.931050301E0,1.926000118E0
2.305305377E2,5.005950451E0,4.839000225E0,4.549950123E0
2.305329813E2,3.093000174E0,5.919000149E0,2.599050045E0
2.305354248E2,1.704000115E0,6.759000301E0,1.576050043E0
2.305378684E2,1.888050079E0,9.031050682E0,9.000000358E-2
2.305403121E2,2.113049984E0,1.071705055E1,-5.250000358E-1
2.305427555E2,1.599000096E0,1.021905041E1,2.275050163E0
2.305451991E2,4.114950180E0,8.184000015E0,1.720050097E0
2.305476426E2,3.013950109E0,6.052950382E0,-5.052000046E0
2.305500863E2,8.164050102E0,4.839000225E0,-1.173495102E1
2.305525299E2,1.144395065E1,4.132050037E0,-1.826595116E1
2.305549734E2,6.985950470E0,6.181950092E0,-1.730400085E1
2.305574170E2,4.146000385E0,7.195050240E0,-1.264200020E1
2.305598605E2,6.784950256E0,8.751000404E0,-5.830950260E0
2.305623041E2,7.635000229E0,7.723950386E0,-4.315050125E0
2.305647478E2,3.325050116E0,6.784950256E0,-3.646950245E0
2.305671912E2,1.117050052E0,5.116050243E0,1.762950063E0
2.305696348E2,-4.480500221E-1,6.550950527E0,5.473950386E0
2.305720785E2,-6.970500350E-1,5.125950336E0,5.536950111E0
2.305745220E2,5.146950245E0,4.417050362E0,2.781000137E0
2.305769656E2,6.952050209E0,3.298950195E0,-2.434950113E0
2.305794091E2,4.467000008E0,4.948950291E0,-3.019950151E0
2.305818527E2,3.555000067E0,9.241950035E0,-1.911000133E0
2.305842962E2,3.339000225E0,1.124805069E1,-2.862000227E0
2.305867398E2,3.318000078E0,1.171500015E1,-3.640050173E0
2.305891835E2,2.188050032E0,1.137795067E1,-3.453000069E0
2.305916269E2,8.440500498E-1,7.678050518E0,-1.927950144E0
2.305940705E2,2.125050068E0,5.698050499E0,2.091000080E0
2.305965140E2,5.809950352E0,6.835950375E0,-3.004950047E0
2.305989576E2,1.148205090E1,4.681050301E0,-1.231200027E1
2.306014011E2,9.286950111E0,5.988000393E0,-1.569495106E1
2.306038448E2,6.694050312E0,9.169950485E0,-1.291800022E1
2.306062884E2,7.021950245E0,9.046050072E0,-1.140900040E1
2.306087319E2,4.675050259E0,9.091050148E0,-8.209950447E0
2.306111755E2,1.785000086E0,7.671000481E0,-2.670000076E0
2.306136192E2,-3.829500079E-1,9.958050728E0,3.532050133E0
2.306160626E2,-2.386950016E0,6.450000286E0,6.990000248E0
2.306185062E2,5.500500202E-1,5.272050381E0,2.572050095E0
2.306209497E2,8.281050682E0,4.300050259E0,1.447050095E0
2.306233933E2,6.507000446E0,4.887000084E0,-2.977050066E0
2.306258370E2,4.102950096E0,6.250950336E0,-4.219500124E-1
2.306282805E2,2.584950209E0,9.943050385E0,1.882950068E0
2.306307241E2,1.990950108E0,1.158105087E1,1.519500017E-1
2.306331676E2,1.639050126E0,1.086795044E1,-1.078050017E0
2.306356113E2,1.375950098E0,8.575950623E0,-4.569000244E0
2.306380549E2,9.040500522E-1,5.719950199E0,-3.238050222E0
2.306404983E2,4.101000309E0,5.746050358E0,-4.957050323E0
2.306429419E2,9.634050369E0,6.352050304E0,-1.045905018E1
2.306453854E2,1.033305073E1,6.606000423E0,-1.337295055E1
2.306478290E2,6.943050385E0,8.875950813E0,-1.401195049E1
2.306502727E2,8.793000221E0,9.514950752E0,-1.160295010E1
2.306527162E2,8.949000359E0,9.996000290E0,-1.327905083E1
2.306551598E2,3.556950092E0,1.025205040E1,-9.870000839E0
2.306576032E2,-5.770500302E-1,1.034805012E1,-3.994050264E0
2.306600468E2,-5.239500403E-1,6.850050449E0,5.590500236E-1
2.306624905E2,4.567049980E0,5.884950161E0,1.882950068E0
2.306649340E2,8.578050613E0,4.530000210E0,-1.674000025E0
2.306673776E2,7.323000431E0,4.551000118E0,-1.269000053E0
2.306698211E2,4.290000439E0,6.309000492E0,1.117050052E0
2.306722647E2,3.688950062E0,8.128950119E0,2.746950150E0
2.306747084E2,4.120050430E0,1.006995010E1,1.393950105E0
2.306771518E2,2.809950113E0,1.064295006E1,-3.072000027E0
2.306795955E2,2.293050051E0,9.349950790E0,-6.183000088E0
2.306820389E2,6.910500526E-1,7.228050232E0,-5.898000240E0
2.306844825E2,1.201050043E0,6.766050339E0,-1.882050037E0
2.306869260E2,5.680950165E0,7.056000233E0,-3.678000212E0
2.306893697E2,8.881950378E0,7.096950531E0,-6.745050430E0
2.306918133E2,1.068705082E1,7.108950138E0,-9.087000847E0
2.306942568E2,1.012500095E1,9.757050514E0,-1.002795029E1
2.306967004E2,9.402000427E0,1.113600063E1,-1.004505062E1
2.306991441E2,4.335000038E0,1.188495064E1,-9.096000671E0
2.307015875E2,-2.080500126E-1,1.094700050E1,-2.991000175E0
2.307040311E2,-1.410000086E0,8.200050354E0,1.155000091E0
2.307064746E2,8.970000148E-1,7.534950256E0,1.336950064E0
2.307089182E2,5.911050320E0,8.822999954E0,-3.193950176E0
2.307113619E2,6.841950417E0,6.268050194E0,-4.626000404E0
2.307138054E2,3.379950047E0,7.474950314E0,-2.098050117E0
2.307162490E2,1.929000139E0,1.011300087E1,1.609950066E0
2.307186925E2,4.170000076E0,1.356405067E1,6.979500055E-1
2.307211361E2,3.439950228E0,1.467900085E1,-1.144950032E0
2.307235795E2,1.777950048E0,1.235895061E1,-4.044000149E0
2.307260231E2,-2.800500095E-1,8.830050468E0,-4.948950291E0
2.307284668E2,1.095000096E-2,5.995050430E0,-1.557000041E0
2.307309103E2,4.477050304E0,8.008950233E0,-5.485950470E0
2.307333539E2,1.001400089E1,6.888000488E0,-9.039000511E0
2.307357976E2,8.734050751E0,5.928000450E0,-1.077195072E1
2.307382410E2,8.949000359E0,9.313950539E0,-9.286050797E0
2.307406847E2,9.018000603E0,9.814050674E0,-8.907000542E0
2.307431282E2,3.955050230E0,1.117395020E1,-8.803950310E0
2.307455718E2,-5.205000192E-2,9.655950546E0,-4.732050419E0
2.307480152E2,-1.696950078E0,8.677050591E0,1.717950106E0
2.307504589E2,1.849950075E0,6.895050526E0,2.445000172E0
2.307529025E2,9.505050659E0,5.172000408E0,-3.355050087E0
2.307553460E2,9.054000854E0,5.035050392E0,-4.791000366E0
2.307577896E2,4.729950428E0,7.386000156E0,-4.390500188E-1
2.307602331E2,2.973000050E0,9.631950378E0,4.204950333E0
2.307626767E2,2.167950153E0,1.232805061E1,3.010950089E0
2.307651202E2,2.757000208E0,1.255095100E1,-5.869500041E-1
2.307675639E2,2.535000086E0,1.181595039E1,-7.612050533E0
2.307700075E2,-1.960500032E-1,9.189000130E0,-6.769050121E0
2.307724509E2,-4.950000439E-3,7.129950523E0,-3.786000252E0
2.307748946E2,5.422050476E0,6.682050228E0,-8.209950447E0
2.307773383E2,8.623050690E0,6.804000378E0,-1.004700089E1
2.307797817E2,5.262000084E0,9.505050659E0,-9.850950241E0
2.307822253E2,4.837950230E0,1.057095051E1,-6.541950226E0
2.307846688E2,7.165050507E0,1.054905033E1,-6.775950432E0
2.307871124E2,2.824050188E0,9.775950432E0,-8.637000084E0
2.307895561E2,-1.053000093E0,9.388050079E0,-3.561000109E0
2.307919996E2,3.000000119E-2,7.378950119E0,-3.210000098E-1
2.307944432E2,6.121050358E0,6.532050133E0,-1.015950084E0
2.307968869E2,9.627000809E0,5.157000065E0,-6.642000198E0
2.307993303E2,6.592950344E0,5.172000408E0,-6.922050476E0
2.308017740E2,2.512950182E0,7.165950298E0,-2.260950089E0
2.308042173E2,3.106950045E0,8.635950089E0,1.524000049E0
2.308066610E2,5.005950451E0,9.358950615E0,8.530500531E-1
2.308091045E2,4.552950382E0,9.793050766E0,-1.923000097E0
2.308115481E2,1.105050087E0,7.927050591E0,-5.632050037E0
2.308139918E2,-9.340500236E-1,7.072950363E0,-3.877050161E0
2.308164353E2,3.564000130E0,6.081000328E0,-3.811950207E0
2.308188789E2,1.025400066E1,4.951050282E0,-8.368950844E0
2.308213223E2,6.865950108E0,7.113000393E0,-1.040100002E1
2.308237659E2,2.472000122E0,8.926050186E0,-5.152950287E0
2.308262094E2,5.580000401E0,8.866050720E0,-9.990000725E-1
2.308286531E2,6.712950230E0,9.151050568E0,-2.194050074E0
2.308310967E2,1.888050079E0,7.980000496E0,-2.313000202E0
2.308335402E2,-1.180050015E0,6.996000290E0,1.921050072E0
2.308359839E2,8.539500237E-1,6.043050289E0,2.694000244E0
2.308384275E2,7.833000183E0,5.155050278E0,-2.737050056E0
2.308408709E2,7.800000191E0,4.561050415E0,-7.027950287E0
2.308433146E2,2.925000191E0,5.551950455E0,-1.483050108E0
2.308457580E2,8.950500488E-1,9.523950577E0,1.381950021E0
2.308482016E2,1.543950081E0,1.249605083E1,1.054050088E0
2.308506451E2,1.045050025E0,1.092300034E1,-1.578000069E0
2.308530888E2,8.010000587E-1,1.167195034E1,1.267050028E0
2.308555324E2,4.005000368E-2,7.675950527E0,8.370000124E-1
2.308579759E2,-6.919500232E-1,6.378000259E0,-1.015950084E0
2.308604196E2,8.295000345E-2,1.039395046E1,2.115000010E0
2.308628632E2,9.924000740E0,6.976950169E0,4.890000224E-1
2.308653066E2,5.383950233E0,7.462950230E0,-1.544805050E1
2.308677503E2,1.171200085E1,8.161950111E0,-1.805595016E1
2.308701937E2,1.039305019E1,9.936000824E0,-2.088300133E1
2.308726373E2,4.857000351E0,7.188000202E0,-1.847700119E1
2.308750810E2,-8.980500698E-1,6.927000523E0,-5.577000141E0
2.308775245E2,-9.910500646E-1,6.819000244E0,4.234050274E0
2.308799681E2,3.844050169E0,5.119050026E0,4.854000092E0
2.308824116E2,8.470050812E0,5.230950356E0,6.310500503E-1
2.308848552E2,7.960050583E0,4.494000435E0,6.349500418E-1
2.308872987E2,4.600950241E0,5.065950394E0,2.668050051E0
2.308897423E2,4.014000416E0,9.022050858E0,2.401950121E0
2.308921860E2,3.864000082E0,9.649050713E0,-1.308000088E0
2.308946294E2,4.120050430E0,8.466000557E0,-4.825050354E0
2.308970731E2,1.471950054E0,7.795950413E0,-5.557950497E0
2.308995167E2,6.360000372E-1,6.804000378E0,-2.116950035E0
2.309019602E2,5.473050117E0,7.312050343E0,-3.975000143E0
2.309044038E2,9.175950050E0,6.514950275E0,-8.992950439E0
2.309068473E2,6.166950226E0,7.030050278E0,-9.688050270E0
2.309092909E2,4.144050121E0,1.055595016E1,-6.391050339E0
2.309117344E2,6.679050446E0,1.083405018E1,-6.517950535E0
2.309141781E2,5.784000397E0,9.259050369E0,-7.846950531E0
2.309166217E2,6.979500055E-1,7.362000465E0,-4.143000126E0
2.309190651E2,1.120500043E-1,6.193950176E0,9.349500537E-1
2.309215088E2,4.273050308E0,5.215050220E0,-5.680500269E-1
2.309239524E2,1.027305031E1,3.187050104E0,-7.171050549E0
2.309263959E2,6.306000233E0,2.863050222E0,-5.797050476E0
2.309288395E2,1.812000036E0,4.920000076E0,2.769000053E0
2.309312830E2,2.314050198E0,8.718000412E0,1.927950144E0
2.309337266E2,1.849950075E0,1.233495045E1,2.818950176E0
2.309361700E2,1.150950074E0,1.013505077E1,2.070000172E0
2.309386137E2,1.840500087E-1,7.747950554E0,8.770500422E-1
2.309410574E2,-5.790000558E-1,8.277000427E0,-1.758000135E0
2.309435008E2,4.300500154E-1,9.172050476E0,1.762950063E0
2.309459444E2,7.909950256E0,7.875000477E0,9.799500704E-1
2.309483879E2,6.090000153E0,6.438000202E0,-1.074105072E1
2.309508315E2,8.845950127E0,8.466000557E0,-1.347795105E1
2.309532752E2,9.210000038E0,9.703950882E0,-1.480200100E1
2.309557186E2,5.121000290E0,9.748950005E0,-1.149495029E1
2.309581623E2,1.395000052E-2,9.153000832E0,-3.070050240E0
2.309606057E2,2.460000068E-1,7.795950413E0,4.336950302E0
2.309630494E2,4.792950153E0,7.321950436E0,2.436000109E0
2.309654930E2,7.612950325E0,6.523950100E0,-2.457000017E0
2.309679365E2,5.644950390E0,2.908950090E0,-4.509000301E0
2.309703801E2,3.378000259E0,5.076000214E0,-2.428050041E0
2.309728235E2,5.266950130E0,1.012995052E1,5.230500102E-1
2.309752672E2,4.467000008E0,1.184400082E1,-2.040000111E-1
2.309777109E2,2.544000149E0,9.313950539E0,-8.980500698E-1
2.309801543E2,6.480000019E-1,7.246950150E0,1.263000011E0
2.309825979E2,1.720950127E0,9.121950150E0,1.180950046E0
2.309850416E2,6.765000343E0,9.453000069E0,-6.871950150E0
2.309874850E2,7.150950432E0,6.285000324E0,-1.210800076E1
2.309899287E2,3.270000219E0,8.053950310E0,-1.203405094E1
2.309923722E2,4.249050140E0,9.946050644E0,-6.360000134E0
2.309948158E2,8.302950859E0,1.078605080E1,-4.281000137E0
2.309972592E2,4.279950142E0,8.989950180E0,-5.175000191E0
2.309997029E2,2.100000083E-1,7.437000275E0,-3.049500287E-1
2.310021466E2,1.564950109E0,6.196050167E0,2.078999996E0
2.310045900E2,8.749950409E0,6.337950230E0,-3.100950241E0
2.310070336E2,1.109400082E1,3.606000185E0,-1.049205017E1
2.310094771E2,3.682050228E0,3.064950228E0,-5.272950172E0
2.310119207E2,2.233050108E0,6.946050167E0,2.781000137E0
2.310143644E2,3.150000095E0,1.248405075E1,3.231000185E0
2.310168079E2,2.968050241E0,1.264395046E1,2.896050215E0
2.310192515E2,1.780950069E0,8.344050407E0,3.580500185E-1
2.310216949E2,1.572000027E0,9.268050194E0,-2.335050106E0
2.310241386E2,5.737950325E0,9.840000153E0,-6.151050091E0
2.310265820E2,8.546999931E0,7.570950508E0,-1.002795029E1
2.310290257E2,6.463950157E0,7.113000393E0,-1.200495052E1
2.310314693E2,2.391000032E0,9.085950851E0,-7.200000286E0
2.310339128E2,5.863050461E0,1.100595093E1,-2.365950108E0
2.310363565E2,8.700000763E0,1.029300022E1,-5.742000103E0
2.310388001E2,2.170950174E0,8.203050613E0,-5.409000397E0
2.310412435E2,-5.269500017E-1,6.891000271E0,-8.400000632E-2
2.310436872E2,3.736950159E0,7.027050495E0,5.299500227E-1
2.310461309E2,9.459000587E0,5.950050354E0,-6.084000111E0
2.310485742E2,7.101000309E0,1.657050133E0,-8.479050636E0
2.310510179E2,2.142000198E0,3.097950220E0,-1.617000103E0
2.310534614E2,4.453050137E0,8.590950012E0,3.501000166E0
2.310559050E2,4.456950188E0,1.269705105E1,6.709500551E-1
2.310583485E2,2.628000021E0,9.766050339E0,1.710000038E0
2.310607922E2,1.153050065E0,7.003050327E0,1.605000019E0
2.310632358E2,1.206000090E0,8.563950539E0,3.465000153E0
2.310656792E2,7.122000217E0,1.110495090E1,-3.652050257E0
2.310681228E2,1.038795090E1,5.776950359E0,-1.440900040E1
2.310705663E2,5.536950111E0,5.701050282E0,-1.598205090E1
2.310730099E2,4.699050426E0,8.947050095E0,-9.784050941E0
2.310754536E2,9.289050102E0,1.062795067E1,-7.789050579E0
2.310778971E2,3.664950132E0,9.721050262E0,-7.492050171E0
2.310803407E2,-1.012950063E0,8.956950188E0,-4.819500148E-1
2.310827842E2,7.510500550E-1,7.044000149E0,2.737950087E0
2.310852279E2,7.465050220E0,7.264050484E0,-2.224950075E0
2.310876712E2,1.049100018E1,3.024000168E0,-9.517950058E0
2.310901149E2,4.311000347E0,1.468050122E0,-6.220950127E0
2.310925585E2,3.535950184E0,4.951050282E0,1.030050039E0
2.310950020E2,6.076050282E0,1.097295094E1,1.677000046E0
2.310974456E2,3.835050106E0,1.161195087E1,1.615050077E0
2.310998893E2,1.444950104E0,7.318950176E0,-3.000000026E-3
2.311023328E2,1.519500017E-1,8.562000275E0,3.055950165E0
2.311047764E2,3.670050144E0,1.081005096E1,1.477950096E0
2.311072198E2,7.651050568E0,8.583000183E0,-6.369000435E0
2.311096634E2,9.217050552E0,4.650000095E0,-1.424400043E1
2.311121069E2,5.242950439E0,6.970050335E0,-1.255905056E1
2.311145506E2,8.544000626E0,1.011600018E1,-8.718000412E0
2.311169942E2,6.222000122E0,1.036695004E1,-8.641050339E0
2.311194377E2,-2.629500031E-1,9.229950905E0,-4.059000015E0
2.311218814E2,-1.411950111E0,7.513050556E0,2.260950089E0
2.311243250E2,4.231950283E0,7.189950466E0,-2.779500186E-1
2.311267684E2,9.696000099E0,6.208050251E0,-7.561950207E0
2.311292121E2,6.588000298E0,1.504050016E0,-6.553950310E0
2.311316555E2,2.833950043E0,3.093000174E0,7.770000100E-1
2.311340991E2,6.387000084E0,7.615950584E0,2.689500153E-1
2.311365428E2,6.253050327E0,1.093200016E1,-2.299500108E-1
2.311389863E2,2.773950100E0,8.242950439E0,1.063950062E0
2.311414299E2,9.709500670E-1,7.669050217E0,2.686950207E0
2.311438734E2,1.654050112E0,1.160295010E1,3.207000256E0
2.311463171E2,5.038950443E0,1.016805077E1,-3.532050133E0
2.311487604E2,6.265050411E0,6.100950241E0,-1.001805019E1
2.311512041E2,5.500950336E0,5.947050095E0,-1.361895084E1
2.311536478E2,7.426050186E0,8.509050369E0,-9.376950264E0
2.311560912E2,7.302000523E0,1.022805023E1,-9.580050468E0
2.311585348E2,4.639500082E-1,9.148050308E0,-4.813050270E0
2.311609785E2,-1.836000085E0,6.286950111E0,2.829000235E0
2.311634220E2,1.432950020E0,8.851950645E0,3.949050188E0
2.311658656E2,7.029000282E0,8.751000404E0,-4.179000378E0
2.311683091E2,6.538050175E0,1.993950129E0,-7.432050228E0
2.311707527E2,3.442050219E0,2.830050230E0,-2.569950104E0
2.311731961E2,7.026000500E0,6.271050453E0,-1.396050096E0
2.311756398E2,7.326000214E0,1.003200054E1,-2.349000216E0
2.311780834E2,3.507000208E0,9.136950493E0,-1.699500084E-1
2.311805269E2,1.096050024E0,8.607000351E0,3.520950079E0
2.311829706E2,-3.250500262E-1,1.188495064E1,1.785000086E0
2.311854142E2,5.109000206E0,1.067400074E1,-3.934050083E0
2.311878577E2,6.325050354E0,7.080000401E0,-1.167495060E1
2.311903013E2,6.069000244E0,6.313950062E0,-1.320705032E1
2.311927447E2,7.477050304E0,8.200050354E0,-9.727950096E0
2.311951884E2,6.223950386E0,8.878050804E0,-9.345000267E0
2.311976318E2,-5.620500445E-1,8.794050217E0,-5.095950127E0
2.312000755E2,-1.984950066E0,7.125000477E0,2.122050047E0
2.312025191E2,2.458050013E0,7.374000549E0,2.500950098E0
2.312049626E2,9.198000908E0,6.868950367E0,-5.019000053E0
2.312074063E2,5.992050171E0,1.923000097E0,-7.566000462E0
2.312098497E2,1.681950092E0,2.779950142E0,-4.099500179E-1
2.312122934E2,6.504000187E0,7.113000393E0,8.839500546E-1
2.312147370E2,7.120050430E0,9.388050079E0,-1.183050036E0
2.312171805E2,3.163950205E0,6.844950199E0,3.409500122E-1
2.312196241E2,-2.400000021E-2,8.643000603E0,3.753000259E0
2.312220678E2,1.315950036E0,1.079805088E1,2.359050035E0
2.312245112E2,7.285050392E0,1.020900059E1,-5.662950039E0
2.312269549E2,7.704000473E0,7.654050350E0,-1.177605057E1
2.312293983E2,5.440950394E0,6.505050182E0,-1.337505054E1
2.312318419E2,5.938950062E0,7.792950153E0,-8.080950737E0
2.312342854E2,5.242950439E0,8.425050735E0,-6.337950230E0
2.312367291E2,6.550500393E-1,8.215050697E0,-1.798950076E0
2.312391727E2,-1.092000008E0,7.222950459E0,3.259950161E0
2.312416162E2,3.832050085E0,7.602000237E0,4.579500258E-1
2.312440598E2,7.690050602E0,7.015050411E0,-5.968950272E0
2.312465035E2,3.526050091E0,2.761050224E0,-5.719950199E0
2.312489469E2,2.559000015E0,3.874050140E0,-1.339050055E0
2.312513906E2,8.062950134E0,6.888000488E0,-1.902000070E0
2.312538340E2,6.624000549E0,1.008000088E1,-2.100000143E0
2.312562776E2,2.121000051E0,5.902050495E0,1.618950129E0
2.312587211E2,-1.870500147E-1,7.051050186E0,2.319000006E0
2.312611648E2,1.546050072E0,1.208400059E1,2.986950159E0
2.312636084E2,5.745000362E0,8.719950676E0,-4.284000397E0
2.312660519E2,6.433050156E0,6.924000263E0,-7.783950329E0
2.312684955E2,7.996050358E0,5.775000095E0,-1.188300037E1
2.312709390E2,9.246000290E0,7.561050415E0,-1.180005074E1
2.312733826E2,3.708000183E0,7.300050259E0,-9.235050201E0
2.312758263E2,-1.479000092E0,8.598000526E0,5.100000277E-2
2.312782697E2,-1.055999994E0,7.207050323E0,5.098050117E0
2.312807133E2,4.498050213E0,8.682000160E0,2.532000065E0
2.312831570E2,7.390050411E0,7.057950497E0,-5.424000263E0
2.312856005E2,3.805950165E0,3.244050264E0,-4.581000328E0
2.312880441E2,3.535950184E0,5.710050106E0,-1.510950089E0
2.312904876E2,7.371000290E0,7.783950329E0,-2.389950037E0
2.312929312E2,5.713950157E0,1.049895096E1,-1.393950105E0
2.312953747E2,1.354050040E0,7.599000454E0,5.659500360E-1
2.312978184E2,1.038000107E0,9.235050201E0,1.131000042E0
2.313002620E2,3.832050085E0,1.324305058E1,-3.096000195E0
2.313027054E2,5.824050426E0,9.766050339E0,-7.983000278E0
2.313051491E2,5.815050125E0,7.390950203E0,-1.016205025E1
2.313075925E2,7.635000229E0,8.004000664E0,-9.144000053E0
2.313100361E2,6.021000385E0,8.871000290E0,-8.650950432E0
2.313124798E2,1.090500057E-1,8.662050247E0,-4.222050190E0
2.313149233E2,-3.280500174E-1,7.372050285E0,1.888050079E0
2.313173669E2,3.816000223E0,7.369950294E0,1.543050051E0
2.313198104E2,9.378000259E0,7.884000301E0,-4.894050121E0
2.313222541E2,3.808050156E0,4.798050404E0,-5.008950233E0
2.313246977E2,1.069050074E0,5.104950428E0,3.240000010E-1
2.313271411E2,4.657950401E0,7.585050583E0,4.939500093E-1
2.313295848E2,7.065000534E0,1.222995090E1,-1.696050048E0
2.313320282E2,3.289050102E0,8.643000603E0,3.169500232E-1
2.313344718E2,8.560500145E-1,7.638000488E0,4.459500313E-1
2.313369155E2,3.471000195E0,1.076700020E1,-1.303050041E0
2.313393590E2,7.159950256E0,1.188300037E1,-7.288950443E0
2.313418026E2,6.279000282E0,8.683950424E0,-9.228000641E0
2.313442463E2,8.017950058E0,8.479949951E0,-8.467050552E0
2.313466898E2,8.857950211E0,9.679950714E0,-8.311050415E0
2.313491334E2,3.124050140E0,1.000995064E1,-7.162050247E0
2.313515768E2,-8.400000632E-2,9.473999977E0,-1.456050038E0
2.313540205E2,1.108050108E0,7.939050198E0,5.200500488E-1
2.313564639E2,6.303000450E0,9.103050232E0,-2.722950220E0
2.313589075E2,5.748000145E0,6.910050392E0,-6.016950130E0
2.313613512E2,1.681950092E0,4.597050190E0,-1.429950118E0
2.313637947E2,2.877000093E0,6.193950176E0,7.810500264E-1
2.313662383E2,8.410050392E0,9.225000381E0,-1.060950041E0
2.313686818E2,5.851050377E0,9.799950600E0,-1.533000112E0
2.313711254E2,2.049000025E0,7.264050484E0,1.678950071E0
2.313735688E2,1.587000132E0,8.526000023E0,1.162050009E0
2.313760125E2,4.801950455E0,1.217505074E1,-3.415050268E0
2.313784562E2,5.281050205E0,8.916000366E0,-7.248000145E0
2.313808996E2,6.411000252E0,6.934050560E0,-1.055205059E1
2.313833433E2,1.031895065E1,6.562950134E0,-1.116495037E1
2.313857869E2,6.598050117E0,7.434000492E0,-1.191900063E1
2.313882304E2,-6.799500585E-1,7.659000397E0,-4.993050098E0
2.313906740E2,-7.519500256E-1,5.662050247E0,3.339000225E0
2.313931175E2,4.606050014E0,5.655000210E0,2.143949986E0
2.313955611E2,9.397050858E0,5.461050034E0,-4.756050110E0
2.313980048E2,3.588000059E0,1.638000131E0,-5.188950062E0
2.314004482E2,2.805000067E0,3.271050215E0,-8.479500413E-1
2.314028918E2,8.590050697E0,6.012000084E0,-2.304000139E0
2.314053353E2,6.421050072E0,8.275050163E0,-3.685050249E0
2.314077790E2,8.179500103E-1,7.702050209E0,1.642950058E0
2.314102226E2,-1.671000123E0,7.860000610E0,4.387050152E0
2.314126661E2,4.905000210E0,9.586950302E0,-9.730500579E-1
2.314151097E2,8.391000748E0,9.385950089E0,-9.118050575E0
2.314175531E2,6.484950542E0,8.265000343E0,-9.637050629E0
2.314199967E2,9.199950218E0,7.330950260E0,-9.051000595E0
2.314224404E2,7.615050316E0,8.002050400E0,-9.580050468E0
2.314248839E2,-5.790000558E-1,9.417000771E0,-4.015950203E0
2.314273275E2,-1.723950028E0,7.840950489E0,4.417950153E0
2.314297710E2,4.596000195E0,8.466000557E0,2.505000122E-2
2.314322146E2,8.769000053E0,7.405050278E0,-7.504050255E0
2.314346580E2,4.657950401E0,4.879050255E0,-3.606000185E0
2.314371017E2,1.258950114E0,4.072950363E0,-1.225950003E0
2.314395454E2,7.486050129E0,6.498000145E0,-2.469000101E0
2.314419888E2,8.989950180E0,1.040805054E1,-5.569950104E0
2.314444325E2,1.900050044E0,7.780950546E0,8.269500136E-1
2.314468761E2,1.105050087E0,6.690000534E0,1.287000060E0
2.314493196E2,3.619050264E0,1.239000034E1,-2.212949991E0
2.314517632E2,3.775050163E0,1.213395023E1,-2.971950054E0
2.314542066E2,5.511000156E0,9.852000237E0,-5.881050110E0
2.314566503E2,8.731050491E0,8.428050041E0,-8.548050880E0
2.314590937E2,8.335950851E0,8.755949974E0,-1.163895035E1
2.314615374E2,1.669500023E-1,9.333000183E0,-7.600050449E0
2.314639810E2,-1.543950081E0,6.912000179E0,1.636050105E0
2.314664245E2,3.061050177E0,7.944000244E0,9.370500445E-1
2.314688682E2,7.546050549E0,6.928950310E0,-5.139000416E0
2.314713118E2,4.267950058E0,5.011050224E0,-2.716050148E0
2.314737553E2,1.498050094E0,4.618050098E0,1.006950021E0
2.314761989E2,7.195950508E0,5.944950104E0,-1.959000111E0
2.314786423E2,8.122950554E0,1.054005051E1,-4.963950157E0
2.314810859E2,1.812000036E0,7.827000141E0,-1.036949992E0
2.314835296E2,1.350000024E0,6.763950348E0,7.000500560E-1
2.314859731E2,6.259950161E0,1.093200016E1,-3.031950235E0
2.314884167E2,6.294000149E0,1.031400013E1,-8.136000633E0
2.314908602E2,4.785000324E0,1.008000088E1,-9.817050934E0
2.314933038E2,7.012050152E0,7.827000141E0,-9.229950905E0
2.314957472E2,8.188050270E0,8.047050476E0,-9.478950500E0
2.314981909E2,5.190000534E-1,8.502000809E0,-5.842950344E0
2.315006346E2,-1.696950078E0,6.888000488E0,3.616050243E0
2.315030780E2,4.366050243E0,6.373050213E0,1.492950082E0
2.315055216E2,8.995050430E0,4.459950447E0,-6.019950390E0
2.315079653E2,1.591050029E0,4.573050022E0,-5.470950127E0
2.315104088E2,6.720000505E-1,2.839950085E0,3.979500234E-1
2.315128524E2,7.065000534E0,5.121000290E0,-1.204950094E0
2.315152959E2,6.997950554E0,8.143050194E0,-2.815950155E0
2.315177395E2,1.282950044E0,6.603000164E0,1.701000094E0
2.315201829E2,-1.695000052E0,7.969950199E0,3.535050154E0
2.315226266E2,4.375950336E0,9.283050537E0,9.900000691E-1
2.315250702E2,8.049000740E0,9.943050385E0,-8.898000717E0
2.315275137E2,6.234000206E0,1.024995041E1,-8.431050301E0
2.315299573E2,7.872000217E0,9.036000252E0,-8.557950020E0
2.315324008E2,5.379000187E0,8.647950172E0,-8.263050079E0
2.315348445E2,-3.130500019E-1,9.241950035E0,-2.895000219E0
2.315372881E2,-7.519500256E-1,6.960000515E0,3.136950254E0
2.315397315E2,3.873000145E0,8.713050842E0,-2.292000055E0
2.315421752E2,5.659050465E0,6.898050308E0,-6.565950394E0
2.315446188E2,2.547000170E0,6.678000450E0,-4.734000206E0
2.315470623E2,1.074000001E0,4.044000149E0,-1.800000072E-1
2.315495059E2,6.682050228E0,6.778050423E0,-2.026050091E0
2.315519494E2,6.885000229E0,9.601050377E0,-5.134050369E0
2.315543930E2,1.531950116E0,6.574950218E0,6.379500031E-1
2.315568365E2,2.926950216E0,7.777050495E0,-2.209500074E-1
2.315592802E2,5.269050121E0,1.064295006E1,-2.862000227E0
2.315617238E2,5.293050289E0,8.337000847E0,-4.285950184E0
2.315641672E2,6.516000271E0,9.514950752E0,-6.420000076E0
2.315666108E2,9.676950455E0,8.065950394E0,-1.098495007E1
2.315690543E2,4.729950428E0,8.365950584E0,-1.096395016E1
2.315714979E2,-2.143050194E0,9.462000847E0,-3.190500140E-1
2.315739416E2,-8.260500431E-1,5.173950195E0,6.039000511E0
2.315763851E2,6.973950386E0,7.105950356E0,-1.261950016E0
2.315788287E2,6.504000187E0,4.708950043E0,-5.919000149E0
2.315812722E2,1.239000082E0,5.179050446E0,8.100000620E-1
2.315837158E2,1.717950106E0,4.482000351E0,3.391050100E0
2.315861595E2,8.443950653E0,7.204050541E0,-2.634000063E0
2.315886029E2,6.078000069E0,7.968000412E0,-6.118050098E0
2.315910465E2,5.790000558E-1,7.863000393E0,1.678950071E0
2.315934900E2,3.660000086E0,9.666000366E0,-2.449950218E0
2.315959337E2,6.294000149E0,1.053705025E1,-7.243050575E0
2.315983773E2,4.596000195E0,9.211050034E0,-8.779950142E0
2.316008208E2,6.934950352E0,1.029495049E1,-8.857050896E0
2.316032644E2,8.061000824E0,8.257950783E0,-8.632050514E0
2.316057081E2,2.122950077E0,8.539950371E0,-4.987950325E0
2.316081515E2,-1.027050018E0,8.047050476E0,3.238050222E0
2.316105951E2,4.345050335E0,6.418950081E0,2.058000088E0
2.316130386E2,7.663050175E0,6.961950302E0,-5.823000431E0
2.316154822E2,2.170950174E0,5.052000046E0,-4.171050072E0
2.316179257E2,7.489500642E-1,5.722050190E0,2.311050177E0
2.316203693E2,4.879050255E0,6.505050182E0,-7.159500122E-1
2.316228130E2,7.495950222E0,9.988950729E0,-4.272000313E0
2.316252564E2,2.311950207E0,8.593050003E0,1.605000019E0
2.316277001E2,6.859500408E-1,9.133950233E0,7.950000465E-3
2.316301435E2,4.836000443E0,1.249995041E1,9.660000205E-1
2.316325872E2,4.225049973E0,1.125795078E1,-5.983950138E0
2.316350308E2,7.821000576E0,1.060395050E1,-8.950050354E0
2.316374743E2,1.057995033E1,1.009395027E1,-1.268100071E1
2.316399179E2,5.322000027E0,1.054395008E1,-1.044900036E1
2.316423614E2,-6.370500326E-1,1.080495071E1,-3.961050272E0
2.316448051E2,-2.400000021E-2,7.774050236E0,3.469950199E0
2.316472487E2,6.820950508E0,9.820950508E0,-3.565950155E0
2.316496922E2,6.255000114E0,7.362000465E0,-7.216950417E0
2.316521358E2,2.820000052E-1,6.283050060E0,-2.866050243E0
2.316545792E2,2.824050188E0,4.372050285E0,-2.194050074E0
2.316570228E2,8.290950775E0,7.389000416E0,-3.823950291E0
2.316594663E2,3.768000126E0,8.197950363E0,-3.019950151E0
2.316619100E2,1.194000006E0,6.816000462E0,1.480950117E0
2.316643536E2,1.821000099E0,1.033095074E1,1.275000095E0
2.316667971E2,5.073000431E0,8.761050224E0,-3.240000248E0
2.316692408E2,6.409050465E0,8.694000244E0,-4.118999958E0
2.316716844E2,9.106950760E0,9.655950546E0,-7.384050369E0
2.316741279E2,8.893950462E0,7.896000385E0,-1.187595081E1
2.316765715E2,9.229500294E-1,9.703950882E0,-6.958050251E0
2.316790149E2,-1.776000142E0,6.256050110E0,3.465000153E0
2.316814585E2,4.888050079E0,6.232050419E0,1.507050037E0
2.316839022E2,9.828000069E0,5.116050243E0,-7.372050285E0
2.316863457E2,4.002000332E0,3.430950165E0,-5.068950176E0
2.316887893E2,2.263950109E0,5.253000259E0,1.108950019E0
2.316912328E2,6.732000351E0,5.136000156E0,-7.159500122E-1
2.316936764E2,7.624950409E0,7.783950329E0,-7.329000473E0
2.316961201E2,9.310500622E-1,7.602000237E0,-9.870000482E-1
2.316985635E2,2.407950163E0,8.892000198E0,1.879500151E-1
2.317010072E2,5.407950401E0,1.171800041E1,-4.060950279E0
2.317034506E2,4.150950432E0,9.216000557E0,-5.481000423E0
2.317058943E2,6.363000393E0,1.199805069E1,-6.405000210E0
2.317083379E2,9.547950745E0,9.598950386E0,-1.102095032E1
2.317107814E2,2.530050039E0,9.472050667E0,-8.107950211E0
2.317132250E2,-2.111999989E0,9.976950645E0,6.690000296E-1
2.317156685E2,8.419500589E-1,7.042050362E0,4.954950333E0
2.317181121E2,7.776000500E0,8.679000854E0,-5.095950127E0
2.317205555E2,4.833000183E0,5.004000187E0,-6.397950172E0
2.317229992E2,1.984050035E0,6.486000538E0,-4.789500237E-1
2.317254428E2,5.568000317E0,5.121000290E0,-1.738950133E0
2.317278863E2,8.130000114E0,8.346000671E0,-5.917050362E0
2.317303299E2,1.728000045E0,8.284049988E0,-5.269500017E-1
2.317327734E2,1.633950114E0,7.846050262E0,2.316000223E0
2.317352171E2,6.459000111E0,1.085805035E1,-3.205950260E0
2.317376607E2,5.398050308E0,8.314949989E0,-5.304000378E0
2.317401042E2,7.294950485E0,9.235050201E0,-7.063950539E0
2.317425478E2,1.193205070E1,8.698050499E0,-1.278405094E1
2.317449915E2,6.210000515E0,8.284049988E0,-1.273305035E1
2.317474349E2,-1.447950125E0,1.037400055E1,-1.930050135E0
2.317498785E2,-1.365000010E0,6.357000351E0,5.782950401E0
2.317523220E2,7.089000225E0,6.574950218E0,-2.083950043E0
2.317547656E2,5.974950314E0,5.512050152E0,-8.938050270E0
2.317572091E2,7.390500307E-1,5.368050098E0,-2.115000010E0
2.317596528E2,5.104050159E0,4.795950413E0,3.705000132E-2
2.317620964E2,7.759050369E0,6.196050167E0,-3.862050295E0
2.317645399E2,2.152050018E0,7.024950504E0,-2.955000162E0
2.317669835E2,1.669500023E-1,9.136950493E0,3.600000143E0
2.317694270E2,6.046950340E0,7.872000217E0,-2.434950113E0
2.317718707E2,7.516950130E0,7.735950470E0,-8.284950256E0
2.317743143E2,3.772950172E0,9.985950470E0,-8.803950310E0
2.317767577E2,1.000695038E1,9.213000298E0,-9.685050011E0
2.317792014E2,6.105000496E0,6.880950451E0,-1.187100029E1
2.317816448E2,-2.286000013E0,8.176050186E0,-1.072950006E0
2.317840885E2,-1.585050106E0,5.719950199E0,7.756050587E0
2.317865321E2,7.432950497E0,4.879050255E0,-2.059500068E-1
2.317889756E2,8.784000397E0,3.948000193E0,-9.412050247E0
2.317914192E2,1.725000024E0,4.408050060E0,-3.907950163E0
2.317938627E2,3.301050186E0,5.185950279E0,7.339500189E-1
2.317963063E2,7.171950340E0,5.313000202E0,-3.919950247E0
2.317987500E2,2.128050089E0,6.924000263E0,-2.637000084E0
2.318011934E2,-1.675950050E0,9.076950073E0,2.716050148E0
2.318036371E2,8.080500364E-1,8.940000534E0,2.830950022E0
2.318060805E2,7.599000454E0,7.671000481E0,-6.372000217E0
2.318085242E2,6.543000221E0,9.891000748E0,-8.364000320E0
2.318109678E2,1.017705059E1,1.005405045E1,-9.714000702E0
2.318134113E2,6.054000378E0,7.678050518E0,-1.046595097E1
2.318158549E2,-2.047049999E0,1.079100037E1,-1.489950061E0
2.318182984E2,-2.370000124E0,9.208050728E0,6.781950474E0
2.318207420E2,6.214950085E0,8.445000648E0,-5.460000038E-1
2.318231856E2,8.065950394E0,7.630050182E0,-9.489000320E0
2.318256291E2,3.114000082E0,5.884950161E0,-5.215050220E0
2.318280727E2,2.713950157E0,7.329000473E0,-1.198050022E0
2.318305164E2,6.433050156E0,7.093950272E0,-4.528050423E0
2.318329599E2,3.160050154E0,1.015200043E1,-2.548050165E0
2.318354035E2,8.250000477E-1,9.000000000E0,1.617000103E0
2.318378470E2,4.780950069E0,1.167000103E1,-1.126049995E0
2.318402906E2,5.152050018E0,1.033095074E1,-5.977050304E0
2.318427340E2,4.267950058E0,1.055595016E1,-6.019950390E0
2.318451777E2,9.535950661E0,9.828000069E0,-1.015695095E1
2.318476213E2,7.362000465E0,8.221950531E0,-1.285305023E1
2.318500648E2,-2.010000050E-1,9.177000046E0,-4.219050407E0
2.318525084E2,-2.169000149E0,7.603950500E0,5.896050453E0
2.318549519E2,4.624950409E0,5.394000053E0,7.410000563E-1
2.318573955E2,7.237050533E0,4.492050171E0,-7.420050144E0
2.318598392E2,1.747050047E0,5.215050220E0,-1.012950063E0
2.318622826E2,3.442050219E0,5.346000195E0,2.335050106E0
2.318647262E2,7.077000141E0,5.266950130E0,-2.485950232E0
2.318671697E2,1.759050131E0,5.976000309E0,-1.971000075E0
2.318696134E2,-2.116050005E0,9.582000732E0,2.830950022E0
2.318720570E2,3.744000196E0,6.991050243E0,1.702950120E0
2.318745005E2,8.532000542E0,6.868950367E0,-8.586000443E0
2.318769441E2,5.145000458E0,9.028950691E0,-9.781050682E0
2.318793876E2,9.439949989E0,1.003395081E1,-1.022595024E1
2.318818312E2,5.379000187E0,7.771950245E0,-1.177800083E1
2.318842749E2,-1.996950150E0,9.544050217E0,-1.686000109E0
2.318867183E2,-2.080049992E0,7.872000217E0,6.832050323E0
2.318891620E2,7.081050396E0,7.609050274E0,-1.513950109E0
2.318916054E2,6.804000378E0,4.582950115E0,-9.192000389E0
2.318940491E2,2.149049997E0,6.097950459E0,-2.644050121E0
2.318964927E2,4.495950222E0,5.476050377E0,-3.169500232E-1
2.318989362E2,7.242000580E0,5.694000244E0,-5.494950294E0
2.319013798E2,1.081050038E0,7.033950329E0,-3.015000105E0
2.319038233E2,7.009500265E-1,1.022595024E1,2.841000080E0
2.319062670E2,4.374000072E0,9.237000465E0,-3.465000153E0
2.319087106E2,5.395950317E0,8.653050423E0,-8.907000542E0
2.319111540E2,3.946950197E0,1.027395058E1,-7.222050190E0
2.319135976E2,9.679050446E0,9.538950920E0,-9.192000389E0
2.319160411E2,5.001000404E0,7.345950127E0,-9.891000748E0
2.319184847E2,-2.155050039E0,9.535950661E0,1.335000038E0
2.319209282E2,6.979500055E-1,8.490000725E0,6.043950081E0
2.319233719E2,9.138000488E0,6.294000149E0,-2.854050159E0
2.319258155E2,6.907050133E0,5.224050045E0,-6.862950325E0
2.319282590E2,2.793000221E0,7.042050362E0,-1.830000043E0
2.319307026E2,3.586050272E0,8.083050728E0,-3.049500287E-1
2.319331463E2,4.153050423E0,8.863950729E0,-3.934050083E0
2.319355897E2,7.960500121E-1,9.382950783E0,1.710000038E-1
2.319380333E2,2.869500220E-1,1.010895061E1,-1.498950124E0
2.319404768E2,5.130000114E0,1.292400074E1,6.709500551E-1
2.319429204E2,4.957950115E0,9.571950912E0,-6.108000278E0
2.319453641E2,8.821949959E0,1.061895084E1,-8.598000526E0
2.319478076E2,1.132395077E1,1.072605038E1,-1.440705109E1
2.319502512E2,3.241050243E0,9.711000443E0,-1.124895096E1
2.319526946E2,-7.729500532E-1,8.725049973E0,1.090500057E-1
2.319551383E2,2.254950047E0,9.960000038E0,1.762950063E0
2.319575817E2,6.259950161E0,6.583950520E0,-6.373950481E0
2.319600254E2,3.349050045E0,4.824000359E0,-7.393950462E0
2.319624690E2,2.949000120E0,5.239050388E0,-1.096950054E0
2.319649125E2,6.733950138E0,4.879050255E0,-3.004950047E0
2.319673561E2,4.126950264E0,6.583950520E0,-4.051949978E0
2.319697998E2,-1.282950044E0,7.792950153E0,3.904050112E0
2.319722432E2,-1.072050095E0,8.820000648E0,4.734000206E0
2.319746868E2,7.410000324E0,7.185000420E0,-1.954050064E0
2.319771303E2,6.634050369E0,8.107049942E0,-6.835950375E0
2.319795739E2,7.447950363E0,9.912000656E0,-6.970050335E0
2.319820174E2,1.022505093E1,6.970050335E0,-1.217100048E1
2.319844611E2,-1.819500029E-1,8.452050209E0,-6.961050510E0
2.319869047E2,-1.447950125E0,7.063050270E0,3.256950140E0
2.319893481E2,6.430050373E0,6.532050133E0,1.180950046E0
2.319917918E2,9.799050331E0,4.915050030E0,-7.765050411E0
2.319942354E2,4.906949997E0,4.894050121E0,-3.475050211E0
2.319966788E2,5.310000420E0,6.589050293E0,-9.439500570E-1
2.319991225E2,7.459950447E0,7.221000195E0,-5.758950233E0
2.320015660E2,2.293050051E0,7.237950325E0,-5.017050266E0
2.320040096E2,3.150000274E-1,8.089950562E0,1.344000101E0
2.320064533E2,4.492950439E0,1.047300053E1,-4.699950218E0
2.320088968E2,5.724000454E0,8.884950638E0,-8.883000374E0
2.320113404E2,3.859050274E0,9.550950050E0,-7.375050545E0
2.320137838E2,9.175950050E0,1.042500019E1,-8.566950798E0
2.320162275E2,7.543950558E0,8.446949959E0,-1.099695015E1
2.320186709E2,-1.266000032E0,1.068105030E1,-2.835000038E0
2.320211146E2,-1.894050121E0,7.615950584E0,6.288000107E0
2.320235582E2,4.929000378E0,7.446000576E0,-9.105000645E-2
2.320260017E2,6.021000385E0,4.978050232E0,-6.271050453E0
2.320284453E2,2.905950069E0,5.020950317E0,-8.100000620E-1
2.320308890E2,6.169050217E0,5.298000336E0,-8.070000410E-1
2.320333325E2,6.310950279E0,6.979050159E0,-3.408000231E0
2.320357761E2,1.339950085E0,8.008950233E0,1.110000089E-1
2.320382195E2,-7.369500399E-1,1.043700027E1,1.038000107E0
2.320406632E2,4.432950020E0,9.508050919E0,-7.830000520E-1
2.320431066E2,5.973000050E0,8.148000717E0,-9.079950333E0
2.320455503E2,7.477050304E0,9.651000023E0,-9.760050774E0
2.320479939E2,1.134300041E1,9.378000259E0,-1.274805069E1
2.320504374E2,2.803050041E0,9.393000603E0,-9.754950523E0
2.320528810E2,-2.111999989E0,8.373000145E0,9.679500461E-1
2.320553247E2,1.819050074E0,7.105950356E0,3.895950079E0
2.320577681E2,8.431950569E0,6.835950375E0,-6.192000389E0
2.320602118E2,3.504000187E0,4.927050114E0,-7.629000187E0
2.320626552E2,2.250000000E0,6.781050205E0,5.989500284E-1
2.320650989E2,6.844050407E0,5.890050411E0,-1.552050114E0
2.320675423E2,3.066000223E0,7.482000351E0,-3.657000065E0
2.320699860E2,-1.177950025E0,8.800950050E0,2.920050144E0
2.320724296E2,-1.456050038E0,1.046805096E1,3.339000225E0
2.320748731E2,6.628950119E0,9.040950775E0,-2.775000095E0
2.320773167E2,5.772000313E0,1.011795044E1,-7.392000198E0
2.320797602E2,8.463000298E0,1.045605087E1,-7.846950531E0
2.320822038E2,8.005949974E0,8.811000824E0,-1.076295090E1
2.320846475E2,-4.039500058E-1,1.024995041E1,-4.786950111E0
2.320870909E2,-2.691000223E0,8.461050034E0,5.560050488E0
2.320895345E2,4.110000134E0,7.000950336E0,8.580000401E-1
2.320919782E2,7.860000610E0,7.792950153E0,-8.392050743E0
2.320944217E2,5.082000256E0,4.695000172E0,-6.228000164E0
2.320968653E2,6.274950504E0,6.991050243E0,-4.317000389E0
2.320993088E2,7.821000576E0,6.321000099E0,-6.883950233E0
2.321017524E2,1.363950014E0,7.896000385E0,-4.237950325E0
2.321041958E2,7.099500299E-1,9.484050751E0,1.690950036E0
2.321066395E2,1.953000069E0,1.162905025E1,-4.270500243E-1
2.321090832E2,4.266000271E0,6.862050533E0,-5.560050488E0
2.321115266E2,5.145000458E0,9.192000389E0,-7.147050381E0
2.321139702E2,1.018395042E1,8.059050560E0,-1.219200039E1
2.321164137E2,6.679050446E0,7.195050240E0,-1.222095013E1
2.321188573E2,-2.527950048E0,8.950050354E0,-9.820500612E-1
2.321213010E2,-7.320000529E-1,6.450000286E0,7.087950230E0
2.321237445E2,6.985950470E0,5.217000484E0,1.350000054E-1
2.321261881E2,7.479000568E0,4.290000439E0,-5.079000473E0
2.321286315E2,4.170000076E0,5.245950222E0,1.846950054E0
2.321310752E2,6.519000530E0,5.716950417E0,5.160000324E-1
2.321335189E2,5.784000397E0,6.310950279E0,-3.592050076E0
2.321359623E2,1.204050064E0,6.838050365E0,4.510500133E-1
2.321384059E2,8.370000124E-1,1.030500031E1,1.588050127E0
2.321408494E2,4.777950287E0,7.923000336E0,-7.348950386E0
2.321432930E2,3.459000111E0,8.830050468E0,-1.016700077E1
2.321457367E2,6.234000206E0,9.502950668E0,-8.809050560E0
2.321481802E2,9.148050308E0,7.980000496E0,-1.024605083E1
2.321506238E2,5.470499992E-1,8.590950012E0,-5.373000145E0
2.321530672E2,-2.511000156E0,6.952950478E0,4.210050106E0
2.321555109E2,2.875050068E0,6.013950348E0,3.868050098E0
2.321579545E2,8.200050354E0,4.800000191E0,-7.606950283E0
2.321603980E2,3.447000265E0,3.952950239E0,-5.376000404E0
2.321628416E2,3.898950100E0,6.589050293E0,-5.340000391E-1
2.321652851E2,6.616950512E0,5.559000492E0,-2.493000031E0
2.321677287E2,2.143949986E0,6.450000286E0,-1.248000026E0
2.321701724E2,-1.125000000E0,9.421050072E0,2.428950071E0
2.321726159E2,-3.229500055E-1,9.318000793E0,2.521950006E0
2.321750595E2,6.337050438E0,7.882050514E0,-2.479050159E0
2.321775032E2,6.069000244E0,8.682000160E0,-6.448050499E0
2.321799466E2,1.023495007E1,9.192000389E0,-1.040100002E1
2.321823900E2,5.017950058E0,7.777050495E0,-1.082505035E1
2.321848337E2,-1.623000026E0,9.931050301E0,-1.456050038E0
2.321872773E2,-6.649500132E-1,8.167050362E0,5.529000282E0
2.321897208E2,7.456950188E0,9.096000671E0,-3.763950109E0
2.321921644E2,5.965950489E0,7.057950497E0,-8.818950653E0
2.321946081E2,2.425050020E0,7.342950344E0,-3.163050175E0
2.321970516E2,5.796000481E0,7.317000389E0,-3.235050201E0
2.321994952E2,5.841000080E0,8.071050644E0,-6.079950333E0
2.322019386E2,1.134000063E0,9.168000221E0,-2.539499998E-1
2.322043822E2,1.534050107E0,1.034805012E1,2.572050095E0
2.322068259E2,6.385050297E0,1.039095020E1,-4.582950115E0
2.322092694E2,5.145000458E0,9.268050194E0,-6.790950298E0
2.322117130E2,7.591050148E0,1.120305061E1,-7.150050163E0
2.322141565E2,1.048395061E1,9.654000282E0,-1.092795086E1
2.322166002E2,2.109000206E0,9.733050346E0,-6.883950233E0
2.322190438E2,-2.361000061E0,1.050105095E1,4.617000103E0
2.322214873E2,2.070000172E-1,8.338950157E0,4.879950047E0
2.322239309E2,7.294950485E0,7.627950191E0,-5.574000359E0
2.322263743E2,3.961950302E0,6.346950531E0,-6.661050320E0
2.322288179E2,4.122000217E0,8.686050415E0,-2.038050175E0
2.322312616E2,6.679050446E0,7.312050343E0,-4.959000111E0
2.322337051E2,2.650050163E0,9.313950539E0,-2.140950203E0
2.322361487E2,3.769500256E-1,9.124950409E0,1.536000013E0
2.322385922E2,1.429500133E-1,1.221795082E1,-2.639999986E-1
2.322410358E2,4.591050148E0,9.904950142E0,-1.996950150E0
2.322434795E2,4.888050079E0,8.497050285E0,-5.713050365E0
2.322459230E2,1.155600071E1,8.974050522E0,-1.179705048E1
2.322483666E2,7.531950474E0,7.783950329E0,-1.322205067E1
2.322508100E2,-5.205000192E-2,9.046050072E0,-5.409000397E0
2.322532537E2,-1.027050018E0,6.847950459E0,2.986950159E0
2.322556973E2,5.619000435E0,6.211050510E0,-1.195050001E0
2.322581408E2,6.117000103E0,4.006050110E0,-8.838000298E0
2.322605844E2,2.034000158E0,5.334000111E0,-2.098050117E0
2.322630279E2,6.586050510E0,4.438950062E0,-1.384050012E0
2.322654715E2,6.733950138E0,5.212050438E0,-5.787000179E0
2.322679150E2,-8.760000467E-1,6.912000179E0,9.799500704E-1
2.322703586E2,-1.614000082E0,8.344050407E0,5.899950504E0
2.322728023E2,6.129000187E0,6.589050293E0,-1.329000115E0
2.322752457E2,5.722050190E0,7.483950138E0,-7.729050159E0
2.322776894E2,5.140050411E0,8.950050354E0,-6.172950268E0
2.322801328E2,1.123995018E1,6.985950470E0,-1.001295090E1
2.322825765E2,2.587050200E0,7.453050137E0,-1.135200024E1
2.322850201E2,-3.579000235E0,7.732950211E0,1.738950133E0
2.322874636E2,2.805000067E0,5.602950096E0,5.139000416E0
2.322899072E2,9.943050385E0,4.860000134E0,-6.526950359E0
2.322923509E2,5.262000084E0,5.113950253E0,-6.877050400E0
2.322947944E2,5.218950272E0,6.007050514E0,-1.645050049E0
2.322972380E2,7.723050594E0,6.013950348E0,-4.204950333E0
2.322996814E2,3.435000181E0,7.231050491E0,-2.992950201E0
2.323021251E2,-3.130500019E-1,8.578950882E0,1.636050105E0
2.323045685E2,2.353049994E0,1.104495049E1,1.204950094E0
2.323070121E2,5.908050060E0,8.914050102E0,-7.609950542E0
2.323094558E2,3.367950201E0,9.687000275E0,-6.955950260E0
2.323118993E2,8.203949928E0,1.024695015E1,-8.503050804E0
2.323143429E2,6.511950493E0,9.064949989E0,-8.941050529E0
2.323167866E2,-8.899500370E-1,1.035795021E1,-8.380500674E-1
2.323192301E2,-2.487000227E0,8.887950897E0,5.668050289E0
2.323216737E2,3.097050190E0,9.204000473E0,1.126049995E0
2.323241171E2,6.349050522E0,7.462950230E0,-7.104000568E0
2.323265608E2,3.355950117E0,6.081000328E0,-2.965050220E0
2.323290042E2,6.073050499E0,7.456050396E0,-3.214050055E0
2.323314479E2,6.169050217E0,7.863000393E0,-5.637000084E0
2.323338915E2,1.879050136E0,9.129000664E0,4.890000224E-1
2.323363350E2,4.950000346E-1,1.015395069E1,9.349500537E-1
2.323387786E2,2.578050137E0,1.169805050E1,1.822950125E0
2.323412221E2,4.371000290E0,9.508050919E0,-2.878050089E0
2.323436657E2,8.046000481E0,9.534000397E0,-6.031950474E0
2.323461094E2,1.090500069E1,9.193950653E0,-1.411200047E1
2.323485529E2,3.154950142E0,9.991050720E0,-1.074795055E1
2.323509965E2,-7.560000420E-1,9.120000839E0,-3.450000286E-1
2.323534402E2,2.449050188E0,9.168000221E0,3.124950171E0
2.323558836E2,6.643050194E0,7.192050457E0,-5.017050266E0
2.323583272E2,2.599050045E0,6.972000122E0,-6.015000343E0
2.323607707E2,4.623000145E0,7.558950424E0,-1.803000093E0
2.323632143E2,8.010000229E0,5.629050255E0,-7.131000519E0
2.323656578E2,2.322000027E0,7.267050266E0,-5.755950451E0
2.323681014E2,-1.362000108E0,9.184050560E0,1.782000065E0
2.323705451E2,3.226950169E0,8.835000038E0,1.279050112E0
2.323729885E2,7.420950413E0,7.137000561E0,-6.862950325E0
2.323754321E2,3.129000187E0,8.548050880E0,-7.201950550E0
2.323778758E2,7.930950165E0,9.601050377E0,-6.786000252E0
2.323803193E2,8.877000809E0,6.685050488E0,-1.066905022E1
2.323827629E2,-1.912950039E0,9.079050064E0,-1.855950117E0
2.323852064E2,-3.091050148E0,6.799950123E0,7.416000366E0
2.323876500E2,5.053950310E0,5.779950142E0,3.786000252E0
2.323900934E2,9.181050301E0,4.729050159E0,-7.285950184E0
2.323925371E2,3.955050230E0,5.083050251E0,-3.214050055E0
2.323949808E2,5.221050262E0,7.165950298E0,-1.708050132E0
2.323974242E2,5.700000286E0,6.883050442E0,-5.248950481E0
2.323998678E2,1.699050069E0,9.570000648E0,1.324950099E0
2.324023113E2,-1.549500078E-1,1.257495022E1,7.304999977E-2
2.324047549E2,1.299000025E0,1.274505043E1,2.280000150E-1
2.324071984E2,2.167950153E0,1.133205032E1,1.516950130E0
2.324096420E2,4.369050026E0,1.225905037E1,1.392000079E0
2.324120856E2,9.016050339E0,1.024995041E1,-8.116950035E0
2.324145291E2,4.812000275E0,8.998050690E0,-1.405695057E1
2.324169728E2,2.550000250E-1,9.414000511E0,-7.179000378E0
2.324194164E2,1.981950045E0,9.558000565E0,-2.349000216E0
2.324218599E2,5.743050098E0,9.831000328E0,-5.626950264E0
2.324243035E2,2.482050180E0,8.113950729E0,-4.831950188E0
2.324267470E2,2.779050112E0,6.429000378E0,-1.440000087E-1
2.324291906E2,6.636000156E0,7.537050247E0,-4.629000187E0
2.324316342E2,4.467000008E0,7.635000229E0,-7.099950314E0
2.324340777E2,1.366050124E0,6.582000256E0,-1.597050071E0
2.324365213E2,1.692000031E0,7.135050297E0,2.160000056E-1
2.324389650E2,3.840000153E0,5.382000446E0,-5.986050129E0
2.324414085E2,1.783050060E0,6.337950230E0,-3.573000193E0
2.324438521E2,6.277050495E0,7.093950272E0,8.320500255E-1
2.324462956E2,1.025205040E1,2.595000029E0,-5.818950176E0
2.324487392E2,6.670500040E-1,6.594000340E0,-2.493000031E0
2.324511826E2,-2.089950085E0,4.840950012E0,4.987950325E0
2.324536262E2,6.733950138E0,3.700950146E0,1.143000007E0
2.324560699E2,1.123305035E1,3.787950277E0,-7.830000401E0
2.324585134E2,2.590050220E0,4.120050430E0,-4.521000385E0
2.324609570E2,3.093000174E0,8.176050186E0,-7.905000448E-2
2.324634005E2,6.933000565E0,5.445000172E0,-4.699950218E0
2.324658441E2,2.677950144E0,6.867000103E0,-2.445000172E0
2.324682876E2,4.279500246E-1,9.232050896E0,3.019950151E0
2.324707313E2,5.032050133E0,9.970050812E0,-2.530950069E0
2.324731749E2,6.262950420E0,7.279050350E0,-9.283050537E0
2.324756183E2,4.411950111E0,9.201000214E0,-8.056950569E0
2.324780620E2,9.454050064E0,9.369000435E0,-9.654000282E0
2.324805056E2,5.863050461E0,9.204000473E0,-9.724050522E0
2.324829491E2,-7.560000420E-1,1.030005074E1,-4.789500237E-1
2.324853927E2,-3.490500152E-1,1.017105007E1,5.280000210E0
2.324878362E2,3.507000208E0,9.996000290E0,-4.720500112E-1
2.324902798E2,4.371000290E0,8.310000420E0,-6.285000324E0
2.324927235E2,2.395950079E0,7.669050217E0,-3.369000196E0
2.324951669E2,5.077050209E0,7.129950523E0,-4.485000134E0
2.324976105E2,5.242950439E0,8.713050842E0,-5.428050041E0
2.325000542E2,1.476000071E0,1.033605003E1,1.366050124E0
2.325024976E2,2.100000083E-1,1.041000080E1,1.852050066E0
2.325049413E2,1.860000134E0,1.095105076E1,7.480500340E-1
2.325073848E2,4.981950283E0,1.024695015E1,-1.626000047E0
2.325098284E2,6.346050262E0,9.496050835E0,-4.807950020E0
2.325122719E2,1.071405029E1,8.962050438E0,-1.194600010E1
2.325147155E2,3.100050211E0,9.493050575E0,-1.042005062E1
2.325171591E2,-1.045950055E0,8.701050758E0,-8.740500212E-1
2.325196026E2,9.469500184E-1,7.906050205E0,3.814950228E0
2.325220462E2,5.346000195E0,1.095105076E1,-1.653000116E0
2.325244897E2,3.102000237E0,6.787950516E0,-5.256000042E0
2.325269333E2,1.588950038E0,7.723950386E0,-9.150000215E-1
2.325293768E2,6.030000210E0,7.465050220E0,-4.063950062E0
2.325318205E2,4.584000111E0,8.445000648E0,-6.156000137E0
2.325342641E2,5.620500445E-1,8.454000473E0,-6.709500551E-1
2.325367075E2,2.001000166E0,8.863950729E0,1.129050016E0
2.325391512E2,4.921950340E0,9.436050415E0,-3.454950094E0
2.325415946E2,3.330000162E0,7.257000446E0,-5.992950439E0
2.325440383E2,5.893950462E0,8.847000122E0,-6.075000286E0
2.325464819E2,1.013895035E1,6.840000153E0,-1.177305031E1
2.325489254E2,1.942950130E0,8.623950005E0,-9.127050400E0
2.325513690E2,-3.181950092E0,7.377000332E0,1.525950074E0
2.325538124E2,1.857000113E0,5.032950401E0,5.017050266E0
2.325562561E2,8.950950623E0,5.260050297E0,-7.060950279E0
2.325586997E2,2.353049994E0,5.368050098E0,-8.308950424E0
2.325611432E2,9.450000525E-1,5.622000217E0,5.879999995E-1
2.325635868E2,8.632950783E0,4.135050297E0,-2.047950029E0
2.325660305E2,3.622050285E0,6.618000507E0,-4.578000069E0
2.325684739E2,-2.650050163E0,7.942050457E0,1.665000081E0
2.325709176E2,1.909950137E0,7.923000336E0,2.863950253E0
2.325733610E2,8.938950539E0,6.148050308E0,-7.672050476E0
2.325758047E2,3.363000154E0,7.972950459E0,-8.638950348E0
2.325782483E2,5.404950142E0,9.037950516E0,-3.501000166E0
2.325806918E2,9.439949989E0,7.425000191E0,-7.564050198E0
2.325831354E2,1.219950080E0,8.466000557E0,-3.919950247E0
2.325855789E2,-3.402000189E0,8.713050842E0,5.917050362E0
2.325880225E2,1.729950070E0,7.492050171E0,2.284950018E0
2.325904660E2,8.953950882E0,8.822999954E0,-9.951000214E0
2.325929097E2,4.299000263E0,5.776950359E0,-7.126050472E0
2.325953533E2,1.893000126E0,7.882050514E0,-2.779950142E0
2.325977968E2,5.427000046E0,8.623950005E0,-4.363049984E0
2.326002404E2,3.981000185E0,1.018005085E1,-3.702000141E0
2.326026838E2,3.540000021E-1,8.727000237E0,9.630000591E-1
2.326051275E2,2.896050215E0,9.694050789E0,6.619500518E-1
2.326075709E2,5.362050056E0,1.026705074E1,-5.239050388E0
2.326100146E2,4.263000011E0,8.116950035E0,-6.646950245E0
2.326124582E2,6.667050362E0,9.256050110E0,-6.472050190E0
2.326149017E2,8.647050858E0,8.548050880E0,-9.487050056E0
2.326173454E2,1.669950128E0,9.826050758E0,-3.147000074E0
2.326197890E2,-2.194950104E0,9.460050583E0,6.987000465E0
2.326222324E2,3.199500144E-1,7.228050232E0,3.568050146E0
2.326246761E2,5.761950493E0,6.663000107E0,-5.467050076E0
2.326271195E2,2.704950094E0,5.314950466E0,-4.291050434E0
2.326295631E2,2.302050114E0,6.481050491E0,1.054050088E0
2.326320068E2,5.800950050E0,6.463950157E0,-2.407050133E0
2.326344503E2,4.654050350E0,8.806050301E0,-1.501950026E0
2.326368939E2,1.213050008E0,9.220050812E0,2.059950113E0
2.326393376E2,3.990000248E0,9.960000038E0,2.070000172E-1
2.326417811E2,6.550050259E0,8.635950089E0,-8.517000198E0
2.326442247E2,3.220050097E0,9.304050446E0,-8.124000549E0
2.326466681E2,8.170949936E0,9.048000336E0,-8.473950386E0
2.326491117E2,7.489050388E0,8.197950363E0,-8.826000214E0
2.326515552E2,2.910000086E-1,8.599950790E0,-1.231050014E0
2.326539988E2,-4.789500237E-1,7.128000259E0,5.505000114E0
2.326564425E2,6.021000385E0,8.634000778E0,1.429950118E0
2.326588860E2,6.591000080E0,6.814050198E0,-8.171999931E0
2.326613296E2,1.450050116E0,7.795950413E0,-4.960950375E0
2.326637730E2,3.976050138E0,8.421000481E0,-2.538000107E0
2.326662167E2,6.934950352E0,8.713050842E0,-5.581950188E0
2.326686601E2,1.309050083E0,1.025505066E1,-3.159000158E0
2.326711038E2,1.002000093E0,1.049400043E1,1.006950021E0
2.326735474E2,5.379000187E0,1.098000050E1,-3.600000143E-1
2.326759909E2,6.259950161E0,9.370950699E0,-6.466950417E0
2.326784346E2,3.627000093E0,1.010595036E1,-5.566950321E0
2.326808782E2,9.559950829E0,9.888000488E0,-7.147050381E0
2.326833216E2,6.409050465E0,8.820000648E0,-8.323050499E0
2.326857653E2,-2.920500040E-1,1.023495007E1,-2.698950052E0
2.326882087E2,1.980000138E-1,7.812000275E0,3.588000059E0
2.326906523E2,7.126950264E0,8.089950562E0,-2.565000057E0
2.326930958E2,6.435000420E0,7.492050171E0,-8.598000526E0
2.326955395E2,6.790500283E-1,7.579950333E0,-3.381000042E0
2.326979831E2,2.227950096E0,7.720950603E0,-2.260500044E-1
2.327004266E2,5.575050354E0,9.328050613E0,-2.100000143E0
2.327028703E2,2.005950212E0,9.697050095E0,-6.420000196E-1
2.327053139E2,9.000000544E-3,8.607000351E0,3.030000031E-1
2.327077573E2,1.656000137E0,1.080795097E1,1.924050093E0
2.327102010E2,4.157999992E0,9.469050407E0,-4.188000202E0
2.327126444E2,2.689950228E0,8.358000755E0,-4.023000240E0
2.327150880E2,8.065950394E0,9.028950691E0,-6.022050381E0
2.327175317E2,6.604950428E0,7.645050526E0,-7.842000484E0
2.327199752E2,-3.349500299E-1,9.523950577E0,-2.433000088E0
2.327224188E2,-8.950500488E-1,7.264050484E0,2.821050167E0
2.327248623E2,5.358000278E0,8.113950729E0,-1.558950067E0
2.327273060E2,6.418050289E0,6.919050217E0,-8.127000809E0
2.327297493E2,1.519950032E0,6.876000404E0,-3.070050240E0
2.327321930E2,4.093050003E0,6.795000553E0,-9.850500226E-1
2.327346366E2,8.290950775E0,6.940950394E0,-5.572050095E0
2.327370801E2,2.499000072E0,8.160000801E0,-3.766950130E0
2.327395237E2,8.280000687E-1,7.726050377E0,-1.920000017E-1
2.327419674E2,4.333050251E0,1.002495003E1,-1.441950083E0
2.327444109E2,5.700000286E0,7.942050457E0,-6.313950062E0
2.327468545E2,2.728950024E0,9.223050117E0,-3.409950256E0
2.327492980E2,8.425050735E0,8.313000679E0,-4.899000168E0
2.327517416E2,7.285050392E0,6.850050449E0,-9.625950813E0
2.327541853E2,-1.249950051E0,8.559000015E0,-3.004950047E0
2.327566287E2,-4.020000100E-1,5.020950317E0,3.090000153E0
2.327590723E2,9.820950508E0,4.314000130E0,-3.964950085E0
2.327615158E2,8.590050697E0,3.400050163E0,-1.302105045E1
2.327639594E2,-2.820000052E-1,5.647950172E0,-4.384050369E0
2.327664031E2,3.799050093E0,5.452050209E0,1.569000125E0
2.327688466E2,8.359950066E0,5.598000050E0,-2.078999996E0
2.327712902E2,2.155950069E0,7.591950417E0,-9.319500327E-1
2.327737337E2,-1.341000080E0,7.798050404E0,3.043950081E0
2.327761773E2,5.416950226E0,6.088950157E0,-1.969050050E0
2.327786210E2,7.278000355E0,7.342950344E0,-8.581950188E0
2.327810644E2,1.761000037E0,7.960950375E0,-3.285000086E0
2.327835080E2,6.226950169E0,7.999050617E0,-1.438950062E0
2.327859515E2,6.535950184E0,6.667950153E0,-4.933050156E0
2.327883952E2,-1.000500023E-1,8.221950531E0,2.040000111E-1
2.327908386E2,-2.286000013E0,7.735950470E0,3.832050085E0
2.327932823E2,2.781000137E0,8.875950813E0,4.890000224E-1
2.327957259E2,5.896050453E0,9.028950691E0,-7.252950191E0
2.327981693E2,3.021000147E0,6.603000164E0,-3.690000057E0
2.328006130E2,3.670050144E0,7.690050602E0,-2.986050129E0
2.328030567E2,7.029000282E0,9.595950127E0,-5.224950314E0
2.328055001E2,3.478050232E0,1.075305080E1,-4.198050022E0
2.328079437E2,7.080000043E-1,9.745050430E0,1.513950109E0
2.328103872E2,3.306000233E0,9.963000298E0,-2.610000074E-1
2.328128308E2,4.227000237E0,1.073805046E1,-4.118999958E0
2.328152743E2,3.415950060E0,9.844950676E0,-4.054049969E0
2.328177180E2,7.285050392E0,9.876000404E0,-4.132950306E0
2.328201616E2,7.753950596E0,9.103050232E0,-8.124000549E0
2.328226051E2,1.102950096E0,1.042500019E1,-3.786000252E0
2.328250487E2,3.060000241E-1,9.144000053E0,3.049050093E0
2.328274924E2,3.958950281E0,9.826050758E0,8.029500246E-1
2.328299357E2,3.978000164E0,8.587950706E0,-5.059950352E0
2.328323794E2,1.153050065E0,8.751000404E0,-3.202050209E0
2.328348229E2,4.216050148E0,7.663950443E0,-1.288950086E0
2.328372665E2,7.315950394E0,8.677050591E0,-4.711950302E0
2.328397100E2,2.665950060E0,9.663000107E0,-3.385950089E0
2.328421537E2,7.440000176E-1,1.026705074E1,1.891950130E0
2.328445973E2,5.788950443E0,9.532050133E0,-1.291050076E0
2.328470407E2,7.017000198E0,8.968950272E0,-6.975000381E0
2.328494844E2,3.591000080E0,8.928000450E0,-6.211050510E0
2.328519278E2,7.531950474E0,9.262950897E0,-5.719950199E0
2.328543715E2,6.571950436E0,9.144000053E0,-7.831950188E0
2.328568151E2,4.009500146E-1,8.662050247E0,-2.830950022E0
2.328592586E2,-7.830000520E-1,6.445050240E0,4.447050095E0
2.328617022E2,3.202950239E0,7.410000324E0,1.677000046E0
2.328641459E2,5.257050037E0,6.831000328E0,-5.356050491E0
2.328665894E2,9.040500522E-1,6.217950344E0,-3.196950197E0
2.328690330E2,2.736000061E0,7.374000549E0,-3.019500077E-1
2.328714764E2,6.423000336E0,6.924000263E0,-2.752050161E0
2.328739201E2,1.993950129E0,7.657050133E0,-2.782950163E0
2.328763635E2,-1.960500032E-1,8.557050705E0,1.342050076E0
2.328788072E2,3.865950108E0,7.474950314E0,-2.830500007E-1
2.328812508E2,6.433050156E0,7.030050278E0,-7.291050434E0
2.328836943E2,3.385050058E0,6.658050537E0,-6.580050468E0
2.328861379E2,7.765950203E0,6.867000103E0,-4.843950272E0
2.328885814E2,8.197050095E0,5.449050426E0,-8.673000336E0
2.328910250E2,-4.500000179E-2,7.839000225E0,-4.345950127E0
2.328934687E2,-2.040000200E0,6.088950157E0,3.561000109E0
2.328959121E2,6.136050224E0,5.856000423E0,1.129050016E0
2.328983558E2,9.355950356E0,4.969950199E0,-8.002050400E0
2.329007992E2,1.570050120E0,5.478000164E0,-5.529000282E0
2.329032429E2,2.401050091E0,6.037950516E0,-1.825050116E0
2.329056865E2,8.121000290E0,6.049950123E0,-5.742000103E0
2.329081300E2,2.281050205E0,7.575000286E0,-5.107050419E0
2.329105736E2,-1.999050140E0,7.635000229E0,2.983950138E0
2.329130171E2,4.006950378E0,7.228050232E0,2.356950045E0
2.329154607E2,9.247950554E0,6.666000366E0,-6.316950321E0
2.329179044E2,2.575050116E0,8.065950394E0,-4.522950172E0
2.329203478E2,6.889950275E0,8.418000221E0,-2.955000162E0
2.329227914E2,8.499000549E0,6.666000366E0,-6.879000187E0
2.329252352E2,-1.579500139E-1,8.502000809E0,-2.389950037E0
2.329276785E2,-2.851050138E0,8.550000191E0,4.861050129E0
2.329301222E2,5.482050419E0,8.052000046E0,-4.909500182E-1
2.329325657E2,9.040050507E0,8.200050354E0,-8.686950684E0
2.329350093E2,2.788950205E0,7.345950127E0,-3.913050175E0
2.329374528E2,1.630050063E0,7.996950150E0,-8.890500665E-1
2.329398964E2,4.714050293E0,1.133400059E1,-1.432050109E0
2.329423401E2,3.801000118E0,1.180095100E1,-2.422950029E0
2.329447835E2,1.453050017E0,1.106895065E1,5.879999995E-1
2.329472272E2,2.520000219E0,1.071900082E1,1.275000095E0
2.329496706E2,4.812000275E0,1.114995098E1,-6.463050365E0
2.329521142E2,5.070000172E0,1.136805058E1,-4.597949982E0
2.329545577E2,8.929950714E0,1.058505058E1,-6.208950520E0
2.329570014E2,7.711050510E0,1.090305042E1,-1.074405098E1
2.329594450E2,1.041000009E0,1.191600037E1,-4.135050297E0
2.329618885E2,6.105000153E-2,9.448050499E0,2.388000011E0
2.329643322E2,4.207950115E0,9.847950935E0,1.714950085E0
2.329667755E2,6.042000294E0,9.486000061E0,-6.091950417E0
2.329692192E2,1.945950150E0,7.080000401E0,-4.722000122E0
2.329716628E2,3.436950207E0,7.651950359E0,-1.758000135E0
2.329741063E2,6.310950279E0,9.031050682E0,-4.036950111E0
2.329765499E2,3.174000263E0,8.776950836E0,-3.151050091E0
2.329789936E2,2.571000099E0,8.476050377E0,7.290000319E-1
2.329814371E2,4.411950111E0,1.227105045E1,-9.900000691E-2
2.329838807E2,4.480950356E0,8.293950081E0,-3.823950291E0
2.329863242E2,2.346000195E0,6.172050476E0,-4.243050098E0
2.329887678E2,6.298950195E0,6.226950169E0,-6.582000256E0
2.329912115E2,9.861000061E0,5.425050259E0,-1.074795055E1
2.329936549E2,2.836050034E0,6.838050365E0,-6.628050327E0
2.329960985E2,-7.180500627E-1,3.579000235E0,2.284950018E0
2.329985420E2,5.743050098E0,4.903050423E0,2.188950062E0
2.330009856E2,9.258000374E0,5.763000488E0,-6.376050472E0
2.330034293E2,1.243950009E0,6.586950302E0,-3.822000265E0
2.330058728E2,-7.680000067E-1,7.390950203E0,3.340950251E0
2.330083164E2,6.153000355E0,5.740950108E0,-4.720500112E-1
2.330107598E2,3.202950239E0,8.503950119E0,-3.247050047E0
2.330132034E2,-1.377000093E0,8.263050079E0,2.428950071E0
2.330156469E2,3.394050121E0,8.088000298E0,1.429950118E0
2.330180906E2,8.437050819E0,8.310000420E0,-7.914000511E0
2.330205342E2,3.780000210E0,8.980950356E0,-7.027950287E0
2.330229777E2,2.851050138E0,1.006800079E1,-3.181950092E0
2.330254213E2,6.610050201E0,9.268050194E0,-8.626950264E0
2.330278648E2,1.948050141E0,9.442950249E0,-5.538000107E0
2.330303084E2,-7.560000420E-1,7.912950516E0,2.776050091E0
2.330327521E2,1.974000096E0,6.915000439E0,2.331000090E0
2.330351955E2,5.752950191E0,8.290950775E0,-7.009050369E0
2.330376391E2,2.640000105E0,5.587950230E0,-5.344950199E0
2.330400826E2,1.761000037E0,6.487950325E0,4.905000329E-2
2.330425263E2,6.648000240E0,8.326950073E0,-2.608050108E0
2.330449699E2,4.741950035E0,9.469050407E0,-3.565950155E0
2.330474134E2,1.456950068E0,8.293950081E0,1.335000038E0
2.330498570E2,2.275950193E0,1.026900005E1,1.855950117E0
2.330523007E2,4.435950279E0,9.691950798E0,-2.299050093E0
2.330547441E2,3.253050089E0,9.060000420E0,-5.236950397E0
2.330571878E2,6.504000187E0,8.725049973E0,-6.882000446E0
2.330596312E2,1.075905037E1,8.038050652E0,-8.974050522E0
2.330620748E2,2.410050154E0,9.112950325E0,-6.961050510E0
2.330645185E2,-6.730500460E-1,9.393000603E0,1.106999993E0
2.330669620E2,3.649950266E0,8.113950729E0,1.737000108E0
2.330694056E2,8.197050095E0,9.448050499E0,-6.822000504E0
2.330718491E2,1.789950132E0,8.454000473E0,-5.778000355E0
2.330742927E2,1.201050043E0,8.107049942E0,-8.620500565E-1
2.330767364E2,6.247950077E0,7.555950165E0,-3.457950115E0
2.330791798E2,4.536000252E0,1.011795044E1,-5.347050190E0
2.330816235E2,-4.950000439E-3,9.412050247E0,-1.150500029E-1
2.330840669E2,3.150000095E0,8.998050690E0,9.319500327E-1
2.330865105E2,7.017000198E0,8.322000504E0,-5.098050117E0
2.330889540E2,3.250950098E0,8.434950829E0,-5.881050110E0
2.330913977E2,4.516950130E0,8.986050606E0,-3.244950056E0
2.330938413E2,9.105000496E0,7.815000534E0,-6.151050091E0
2.330962848E2,2.464950085E0,8.895000458E0,-4.140000343E0
2.330987284E2,-2.322000027E0,8.107049942E0,3.247950077E0
2.331011719E2,1.222950101E0,6.274950504E0,3.094050169E0
2.331036155E2,8.992050171E0,7.827000141E0,-7.558950424E0
2.331060592E2,3.736950159E0,6.361950397E0,-8.167050362E0
2.331085026E2,1.759500057E-1,7.812000275E0,7.579500079E-1
2.331109462E2,4.147950172E0,6.517050266E0,6.829500198E-1
2.331133897E2,5.539950371E0,8.859000206E0,-2.995950222E0
2.331158334E2,1.681950092E0,8.430000305E0,-1.626000047E0
2.331182770E2,2.106000185E0,8.776950836E0,-1.090050101E0
2.331207205E2,8.167950630E0,7.714050293E0,-7.689000130E0
2.331231641E2,3.895050287E0,8.683950424E0,-8.143050194E0
2.331256075E2,3.928050280E0,9.055050850E0,-3.472050190E0
2.331280512E2,8.989950180E0,8.977950096E0,-4.552050114E0
2.331304948E2,3.781950235E0,8.971050262E0,-5.197950363E0
2.331329383E2,-2.317050219E0,9.318000793E0,4.939500093E-1
2.331353819E2,1.879500151E-1,6.879000187E0,2.128950119E0
2.331378254E2,6.646050453E0,7.590000153E0,-6.883950233E0
2.331402690E2,2.155950069E0,7.956000328E0,-8.188950539E0
2.331427127E2,-1.024950027E0,7.594950199E0,3.289500177E-1
2.331451562E2,3.448950052E0,7.471950531E0,7.620000243E-1
2.331475998E2,4.480950356E0,8.866050720E0,-2.280000210E0
2.331500432E2,-4.740000367E-1,8.674050331E0,6.000000052E-3
2.331524868E2,1.255950093E0,8.515950203E0,1.855950117E0
2.331549305E2,7.680000305E0,7.458000183E0,-5.526000500E0
2.331573740E2,4.423950195E0,7.558950424E0,-7.468050480E0
2.331598176E2,2.638050079E0,8.566950798E0,-3.027000189E0
2.331622611E2,8.959050179E0,7.482000351E0,-4.513950348E0
2.331647047E2,4.242000103E0,8.215050697E0,-4.873050213E0
2.331671484E2,-1.432050109E0,8.854050636E0,2.167950153E0
2.331695918E2,-7.519500256E-1,6.673050404E0,3.304950237E0
2.331720355E2,7.749000549E0,8.301000595E0,-5.799000263E0
2.331744789E2,4.126950264E0,6.610950470E0,-8.610000610E0
2.331769225E2,7.200000286E-1,7.779000282E0,-5.800500512E-1
2.331793660E2,5.206950188E0,7.171050549E0,-1.054050088E0
2.331818097E2,5.817000389E0,9.316050529E0,-2.632050037E0
2.331842533E2,1.582050085E0,9.748950005E0,-1.269000053E0
2.331866968E2,1.405050039E0,9.782999992E0,5.950500369E-1
2.331891405E2,6.378000259E0,9.088950157E0,-7.605000496E0
2.331915841E2,3.544950247E0,8.844000816E0,-1.065000057E1
2.331940275E2,3.721950293E0,8.077950478E0,-5.407050133E0
2.331964712E2,9.832950592E0,8.026050568E0,-6.112950325E0
2.331989146E2,4.773000240E0,8.221950531E0,-5.581950188E0
2.332013582E2,-1.321050048E0,9.487950325E0,1.677000046E0
2.332038017E2,3.604950190E0,6.840000153E0,2.914950132E0
2.332062454E2,1.002405071E1,7.930050373E0,-5.481000423E0
2.332086890E2,3.112050056E0,7.117950439E0,-8.734950066E0
2.332111325E2,-9.619500637E-1,7.759950161E0,-9.390000701E-1
2.332135762E2,4.848000050E0,7.249950409E0,-3.810000122E-1
2.332160198E2,5.731050491E0,8.536050797E0,-2.002050161E0
2.332184632E2,1.606050134E0,9.084000587E0,1.420500129E-1
2.332209068E2,2.827050209E0,9.475950241E0,8.940000534E-1
2.332233503E2,8.905950546E0,8.623950005E0,-7.095000267E0
2.332257939E2,3.883050203E0,9.706050873E0,-9.604050636E0
2.332282376E2,2.728950024E0,9.876000404E0,-3.961050272E0
2.332306811E2,7.636950493E0,9.196050644E0,-5.184000015E0
2.332331247E2,3.864000082E0,9.318000793E0,-5.862000465E0
2.332355682E2,-1.132050037E0,8.779950142E0,6.859500408E-1
2.332380118E2,2.185050011E0,7.282950401E0,2.005050182E0
2.332404552E2,9.270000458E0,7.779000282E0,-7.437000275E0
2.332428989E2,3.897000074E0,6.441000462E0,-7.594950199E0
2.332453425E2,-3.570000231E-1,6.964950562E0,5.470499992E-1
2.332477860E2,3.451950073E0,8.571000099E0,4.390500188E-1
2.332502296E2,4.045950413E0,9.012000084E0,-1.459050059E0
2.332526733E2,6.409500241E-1,7.350000381E0,7.650000453E-1
2.332551168E2,-4.309500158E-1,8.557050705E0,2.248950005E0
2.332575604E2,3.883050203E0,7.777050495E0,-3.028950214E0
2.332600039E2,3.231000185E0,7.389000416E0,-6.943950176E0
2.332624475E2,2.668950081E0,7.240050316E0,-2.992950201E0
2.332648909E2,8.863050461E0,7.213950157E0,-4.429950237E0
2.332673346E2,4.824000359E0,6.924000263E0,-5.476050377E0
2.332697783E2,-1.945950150E0,7.899000168E0,1.701000094E0
2.332722217E2,8.080500364E-1,6.133950233E0,4.315050125E0
2.332746653E2,1.049805069E1,7.614000320E0,-4.653000355E0
2.332771090E2,5.956050396E0,6.010050297E0,-9.391050339E0
2.332795525E2,1.479000092E0,8.551950455E0,-5.890500546E-1
2.332819961E2,3.732000113E0,7.302000523E0,-3.880500197E-1
2.332844396E2,6.313050270E0,8.473050117E0,-4.155000210E0
2.332868832E2,1.098000050E0,9.247050285E0,-2.683950186E0
2.332893269E2,1.711050034E0,9.097949982E0,-5.010000467E-1
2.332917703E2,8.121000290E0,8.559000015E0,-5.761050224E0
2.332942139E2,4.690050125E0,9.529050827E0,-7.851000309E0
2.332966574E2,3.330000162E0,1.086000061E1,-2.103000164E0
2.332991010E2,9.418050766E0,1.035495090E1,-3.939000130E0
2.333015445E2,5.242950439E0,9.465000153E0,-7.219050407E0
2.333039881E2,-1.204050064E0,1.098000050E1,-2.668050051E0
2.333064318E2,2.340000123E-1,8.422950745E0,1.600050092E0
2.333088753E2,7.290000439E0,8.593050003E0,-4.711950302E0
2.333113189E2,4.054950237E0,7.161000252E0,-7.693050385E0
2.333137623E2,1.360500008E-1,8.538000107E0,-4.395000264E-2
2.333162060E2,3.283950090E0,7.836000443E0,7.380000353E-1
2.333186496E2,6.210000515E0,9.333000183E0,-2.754000187E0
2.333210931E2,1.978950143E0,8.734050751E0,-2.170050144E0
2.333235367E2,-8.100000024E-2,8.281949997E0,4.510500133E-1
2.333259802E2,5.365050316E0,8.629050255E0,-3.951000214E0
2.333284239E2,4.552950382E0,7.222950459E0,-6.385950089E0
2.333308675E2,2.383949995E0,7.240050316E0,-1.240950108E0
2.333333110E2,9.078000069E0,7.159050465E0,-3.372000217E0
2.333357546E2,7.891050339E0,6.117000103E0,-7.011000156E0
2.333381983E2,-3.400500119E-1,8.290950775E0,-2.028000116E0
2.333406417E2,-2.895000204E-2,5.932950497E0,3.484950066E0
2.333430853E2,7.467000484E0,6.583950520E0,-3.570000172E0
2.333455288E2,5.326050282E0,6.666000366E0,-8.035950661E0
2.333479724E2,-7.519500256E-1,7.542000294E0,-1.609500051E-1
2.333504159E2,2.752950191E0,7.161000252E0,7.410000563E-1
2.333528596E2,6.148050308E0,7.723950386E0,-3.964950085E0
2.333553032E2,1.279500127E-1,9.582000732E0,-3.004950047E0
2.333577466E2,-1.050000042E-1,8.476050377E0,-1.300500035E-1
2.333601903E2,7.036050320E0,8.005949974E0,-5.694000244E0
2.333626337E2,5.146950245E0,8.341950417E0,-9.871950150E0
2.333650773E2,1.860000134E0,8.751000404E0,-3.645000219E0
2.333675210E2,9.519000053E0,8.290950775E0,-4.483050346E0
2.333699645E2,6.916050434E0,7.627950191E0,-8.566950798E0
2.333724081E2,-2.212050200E0,1.012800026E1,-5.200500488E-1
2.333748515E2,4.695000127E-2,6.781050205E0,4.473000050E0
2.333772952E2,8.596950531E0,7.306950569E0,-4.297950268E0
2.333797386E2,6.433050156E0,6.381000519E0,-9.072000504E0
2.333821823E2,-1.579500139E-1,7.755000591E0,2.760000229E-1
2.333846259E2,2.583000183E0,7.800000191E0,1.348950028E0
2.333870694E2,5.841000080E0,8.482950211E0,-3.154050112E0
2.333895131E2,1.630050063E0,1.031700039E1,-2.038050175E0
2.333919567E2,4.180500209E-1,1.025505066E1,7.690500617E-1
2.333944002E2,6.457050323E0,9.318000793E0,-6.108000278E0
2.333968438E2,5.499000072E0,1.013295078E1,-9.058050156E0
2.333992875E2,2.905950069E0,9.625050545E0,-4.284000397E0
2.334017309E2,8.359950066E0,9.490950584E0,-4.564050198E0
2.334041746E2,6.526050091E0,9.249000549E0,-6.345000267E0
2.334066180E2,-4.480500221E-1,1.007505035E1,-5.560500026E-1
2.334090616E2,3.919500113E-1,8.171999931E0,4.147950172E0
2.334115051E2,7.648950577E0,9.046050072E0,-3.865050077E0
2.334139488E2,6.030000210E0,7.659000397E0,-8.218050003E0
2.334163924E2,9.229500294E-1,8.719950676E0,-1.681050062E0
2.334188359E2,3.246000051E0,9.072000504E0,-3.019500077E-1
2.334212795E2,5.797950268E0,1.023300076E1,-2.871000051E0
2.334237229E2,1.315950036E0,9.529050827E0,-1.416000009E0
2.334261666E2,3.559500277E-1,8.980950356E0,2.335050106E0
2.334286102E2,5.968050480E0,1.045605087E1,-2.020950079E0
2.334310537E2,5.599050045E0,9.177000046E0,-7.653000355E0
2.334334973E2,3.102000237E0,8.868000031E0,-5.341950417E0
2.334359408E2,7.929000378E0,8.301000595E0,-6.007950306E0
2.334383845E2,6.523950100E0,7.795950413E0,-7.758000374E0
2.334408279E2,-1.278000116E0,8.433000565E0,-5.250000358E-1
2.334432715E2,-1.770000011E-1,5.820000172E0,6.529950142E0
2.334457152E2,8.749950409E0,5.968950272E0,-2.941050053E0
2.334481586E2,6.933000565E0,4.876950264E0,-9.751950264E0
2.334506022E2,9.000000358E-2,5.611950397E0,-1.867950082E0
2.334530459E2,4.560000420E0,5.461050034E0,-2.260500044E-1
2.334554894E2,6.919050217E0,7.156050205E0,-4.216950417E0
2.334579330E2,5.359500051E-1,7.482000351E0,-1.849050045E0
2.334603764E2,-1.111050010E0,7.402950287E0,3.211950064E0
2.334628201E2,7.443000317E0,6.069000244E0,-3.232950211E0
2.334652638E2,7.195950508E0,6.225000381E0,-8.242050171E0
2.334677072E2,1.696950078E0,7.876950264E0,-6.004950523E0
2.334701508E2,9.037950516E0,7.216050148E0,-6.285000324E0
2.334725943E2,6.765000343E0,5.884950161E0,-7.557000160E0
2.334750380E2,-3.148050070E0,8.619000435E0,7.000500560E-1
2.334774816E2,-1.120050073E0,6.735000134E0,7.348950386E0
2.334799251E2,9.049950600E0,6.912000179E0,-2.842050076E0
2.334823687E2,6.769950390E0,5.610000134E0,-9.004950523E0
2.334848121E2,4.005000368E-2,6.721050262E0,-4.429500103E-1
2.334872558E2,3.037950039E0,7.353000164E0,9.349500537E-1
2.334896992E2,5.652000427E0,6.934050560E0,-3.870000124E0
2.334921429E2,1.759050131E0,8.995050430E0,-1.219050050E0
2.334945865E2,-7.009500265E-1,8.944950104E0,1.612050056E0
2.334970300E2,4.773000240E0,8.967000008E0,-2.620050192E0
2.334994736E2,3.564000130E0,8.167050362E0,-7.267050266E0
2.335019171E2,1.912050128E0,9.655950546E0,-4.315050125E0
2.335043608E2,7.975050449E0,8.863950729E0,-7.168950558E0
2.335068044E2,4.993950367E0,7.759950161E0,-8.032950401E0
2.335092478E2,-1.579950094E0,9.345000267E0,3.100500107E-1
2.335116914E2,-1.060050011E0,6.136050224E0,4.440000057E0
2.335141351E2,7.323000431E0,7.630050182E0,-3.180000067E0
2.335165786E2,6.187950134E0,6.462000370E0,-9.268950462E0
2.335190222E2,2.980500162E-1,6.816000462E0,-8.310000300E-1
2.335214657E2,4.146000385E0,7.318950176E0,-2.539499998E-1
2.335239093E2,7.117050171E0,8.169000626E0,-3.108000040E0
2.335263527E2,1.138950109E0,9.163050652E0,-9.150000215E-1
2.335287964E2,7.390500307E-1,1.033095074E1,1.987950087E0
2.335312400E2,6.840000153E0,8.896950722E0,-3.682950258E0
2.335336835E2,5.262000084E0,9.156000137E0,-8.859000206E0
2.335361271E2,2.487000227E0,9.577050209E0,-5.146050453E0
2.335385706E2,9.298950195E0,9.634950638E0,-5.854950428E0
2.335410143E2,5.458050251E0,9.175050735E0,-7.806000233E0
2.335434579E2,-1.708950043E0,1.016400051E1,-3.360000253E-1
2.335459014E2,1.639500111E-1,7.233000278E0,4.114050388E0
2.335483450E2,8.689949989E0,8.044950485E0,-5.242050171E0
2.335507884E2,5.238000393E0,7.698000431E0,-1.033695030E1
2.335532321E2,-3.730500042E-1,8.545050621E0,-2.176950216E0
2.335556758E2,3.732000113E0,7.522950172E0,2.449500114E-1
2.335581192E2,5.877000332E0,8.686050415E0,-3.178050041E0
2.335605628E2,4.005000368E-2,8.926050186E0,-5.560500026E-1
2.335630063E2,-3.690000176E-1,1.033800030E1,3.111000061E0
2.335654499E2,5.737950325E0,8.350950241E0,-2.400000095E0
2.335678936E2,4.951050282E0,8.602950096E0,-6.277950287E0
2.335703371E2,1.555050015E0,9.061950684E0,-2.446950197E0
2.335727807E2,6.970950127E0,9.325950623E0,-3.217950106E0
2.335752244E2,5.913000107E0,8.437050819E0,-5.440050125E0
2.335776677E2,-4.810500145E-1,9.964950562E0,-2.280000150E-1
2.335801114E2,-4.159500301E-1,8.509050369E0,5.316000462E0
2.335825549E2,5.724000454E0,9.043050766E0,-4.662000179E0
2.335849985E2,6.394050121E0,8.348999977E0,-8.122050285E0
2.335874420E2,1.821000099E0,8.883000374E0,-2.734950066E0
2.335898856E2,2.752950191E0,9.754050255E0,-2.734950066E0
2.335923293E2,5.353050232E0,1.074795055E1,-4.114050388E0
2.335947728E2,1.129050016E0,1.071900082E1,-1.606950045E0
2.335972164E2,2.910000086E-1,9.019050598E0,1.504950047E0
2.335996598E2,4.852050304E0,1.015605068E1,-2.775000095E0
2.336021035E2,4.896000385E0,9.037950516E0,-7.714950562E0
2.336045469E2,3.772950172E0,8.992950439E0,-5.062050343E0
2.336069906E2,8.716950417E0,9.211050034E0,-6.264000416E0
2.336094342E2,6.174000263E0,7.920000553E0,-9.343050003E0
2.336118777E2,-1.348050117E0,1.019505024E1,-1.279050112E0
2.336143214E2,-1.096050024E0,7.036950111E0,4.039950371E0
2.336167650E2,6.313050270E0,6.442950249E0,-3.967950106E0
2.336192084E2,5.382000446E0,5.904000282E0,-7.885050297E0
2.336216521E2,4.969500303E-1,6.462000370E0,5.520000458E-1
2.336240955E2,6.406050205E0,6.073950291E0,1.074000001E0
2.336265392E2,6.586050510E0,7.456050396E0,-3.766950130E0
2.336289826E2,-2.179500163E-1,8.815950394E0,-9.439500570E-1
2.336314263E2,8.230500221E-1,8.662050247E0,1.524000049E0
2.336338699E2,9.030000687E0,6.832950115E0,-6.100950241E0
2.336363134E2,4.804950237E0,7.959000587E0,-9.994050026E0
2.336387570E2,3.157050133E0,8.653050423E0,-3.181950092E0
2.336412007E2,8.877000809E0,7.822050571E0,-5.317950249E0
2.336436441E2,5.125050068E0,7.425000191E0,-6.427050114E0
2.336460878E2,-1.420050025E0,8.776950836E0,2.350050211E0
2.336485312E2,2.599500120E-1,7.717050552E0,3.565950155E0
2.336509748E2,8.800950050E0,7.987050533E0,-6.676050186E0
2.336534185E2,5.176050186E0,6.847950459E0,-8.311050415E0
2.336558620E2,4.695000127E-2,8.116950035E0,-1.110000089E-1
2.336583056E2,2.925000191E0,9.661050797E0,-1.767000079E0
2.336607491E2,4.137000084E0,1.058505058E1,-2.610000134E0
2.336631927E2,7.870500088E-1,9.856950760E0,-1.609500051E-1
2.336656361E2,1.090500057E-1,1.012995052E1,1.480950117E0
2.336680798E2,5.956050396E0,1.034595013E1,-3.798000097E0
2.336705235E2,5.386050224E0,8.986050606E0,-7.054050446E0
2.336729669E2,5.745000362E0,1.006095028E1,-4.087950230E0
2.336754106E2,9.021000862E0,8.806050301E0,-7.042050362E0
2.336778542E2,3.378000259E0,1.019205093E1,-5.296950340E0
2.336802977E2,-9.220500588E-1,1.004895020E1,1.303050041E0
2.336827413E2,1.488000035E0,8.629050255E0,3.433950186E0
2.336851848E2,6.910950184E0,9.151050568E0,-4.365000248E0
2.336876285E2,3.943050146E0,7.531950474E0,-6.441000462E0
2.336900718E2,1.036050081E0,8.515950203E0,-8.700000495E-2
2.336925155E2,4.720950127E0,8.614950180E0,-1.939950109E0
2.336949591E2,5.002950191E0,9.559950829E0,-4.416000366E0
2.336974026E2,7.369500399E-1,9.922050476E0,-1.870500147E-1
2.336998462E2,1.804050088E0,9.376049995E0,6.379500031E-1
2.337022899E2,6.172050476E0,9.216000557E0,-4.111050129E0
2.337047333E2,4.225049973E0,7.554000378E0,-6.529950142E0
2.337071770E2,4.555950165E0,8.775000572E0,-4.333950043E0
2.337096204E2,9.612000465E0,7.381050587E0,-8.233950615E0
2.337120641E2,4.290000439E0,7.444050312E0,-7.714950562E0
2.337145078E2,-1.330950022E0,7.903050423E0,9.510000348E-1
2.337169512E2,1.857000113E0,6.145950317E0,3.762000084E0
2.337193948E2,8.319000244E0,5.635950089E0,-5.620050430E0
2.337218383E2,2.764950037E0,6.346950531E0,-6.949050426E0
2.337242819E2,-2.700000107E-1,6.589050293E0,1.099950075E0
2.337267254E2,5.359950066E0,6.366000175E0,-1.780500114E-1
2.337291690E2,5.415000439E0,6.478950500E0,-4.288949966E0
2.337316127E2,-8.880000710E-1,8.161950111E0,-5.800500512E-1
2.337340561E2,9.210000634E-1,7.918050289E0,1.576050043E0
2.337364998E2,8.416950226E0,6.538950443E0,-6.385950089E0
2.337389434E2,4.419000149E0,6.559950352E0,-8.047950745E0
2.337413869E2,3.040050030E0,9.081000328E0,-2.311050177E0
2.337438305E2,9.837000847E0,7.389000416E0,-5.875950336E0
2.337462740E2,3.412950277E0,7.413000584E0,-5.317950249E0
2.337487176E2,-2.629050016E0,9.397050858E0,3.600000143E0
2.337511611E2,1.636950135E0,7.765050411E0,2.872050047E0
2.337536048E2,1.003800011E1,7.477050304E0,-8.835000038E0
2.337560484E2,4.090950012E0,6.792000294E0,-8.980950356E0
2.337584918E2,4.249500334E-1,8.956950188E0,-4.600500166E-1
2.337609355E2,3.579000235E0,8.121000290E0,-1.791000128E0
2.337633792E2,4.146000385E0,1.043205070E1,-2.458950043E0
2.337658226E2,3.300000131E-1,1.002195072E1,-4.120500088E-1
2.337682662E2,1.258950114E0,1.051605034E1,6.139500141E-1
2.337707097E2,5.973000050E0,9.164999962E0,-6.060000420E0
2.337731533E2,3.600000143E0,9.184050560E0,-6.736050129E0
2.337755970E2,4.584000111E0,9.615000725E0,-3.472050190E0
2.337780405E2,9.136050224E0,9.036000252E0,-6.613050461E0
2.337804841E2,3.069000244E0,8.221950531E0,-5.280000210E0
2.337829275E2,-1.242000103E0,9.295050621E0,2.340000153E0
2.337853712E2,2.032050133E0,7.273950577E0,1.975950122E0
2.337878146E2,7.969950199E0,7.068000317E0,-7.212000370E0
2.337902582E2,2.305050135E0,7.092000484E0,-7.258050442E0
2.337927019E2,9.310500622E-1,8.179050446E0,-7.570500374E-1
2.337951454E2,5.346000195E0,7.378950119E0,-1.675950050E0
2.337975890E2,3.664950132E0,8.530950546E0,-3.079950094E0
2.338000325E2,-7.999500632E-1,8.650050163E0,1.132950068E0
2.338024762E2,1.267950058E0,9.295050621E0,1.818000078E0
2.338049198E2,6.922950268E0,7.024950504E0,-7.213950157E0
2.338073632E2,3.222000122E0,7.516050339E0,-7.363050461E0
2.338098068E2,4.873950005E0,7.546950340E0,-3.640050173E0
2.338122503E2,1.104600048E1,7.021950245E0,-8.170050621E0
2.338146939E2,2.245050192E0,7.750050545E0,-6.654000282E0
2.338171376E2,-2.511000156E0,8.026050568E0,3.256950140E0
2.338195811E2,3.978000164E0,6.948000431E0,2.556000233E0
2.338220247E2,1.021605015E1,7.554000378E0,-8.079000473E0
2.338244684E2,2.518050194E0,7.374000549E0,-7.899000168E0
2.338269118E2,2.890500128E-1,8.095050812E0,-4.150500298E-1
2.338293555E2,5.851050377E0,7.365000248E0,-2.289000034E0
2.338317989E2,3.646050215E0,9.079050064E0,-4.147050381E0
2.338342425E2,-1.089000106E0,9.823950768E0,4.920000136E-1
2.338366860E2,2.431950092E0,9.886050224E0,-8.400000632E-2
2.338391297E2,7.351950169E0,8.137949944E0,-8.365950584E0
2.338415733E2,1.599000096E0,9.436050415E0,-7.162050247E0
2.338440168E2,4.459950447E0,8.998050690E0,-2.593050241E0
2.338464604E2,9.042000771E0,9.072000504E0,-5.778000355E0
2.338489038E2,2.098950148E0,8.818050385E0,-4.942050457E0
2.338513475E2,-2.185950041E0,9.103050232E0,3.841050148E0
2.338537911E2,2.508000135E0,7.888950348E0,1.500000119E0
2.338562346E2,8.889000893E0,8.337000847E0,-9.297000885E0
2.338586782E2,3.751050234E0,7.474950314E0,-7.561950207E0
2.338611217E2,-9.105000645E-2,8.868000031E0,-7.200000435E-2
2.338635654E2,3.720000267E0,8.851950645E0,-1.516050100E0
2.338660088E2,3.154950142E0,9.108000755E0,-2.548050165E0
2.338684525E2,-8.400000632E-2,8.746050835E0,5.370000005E-1
2.338708961E2,2.452950001E0,8.662050247E0,4.060500264E-1
2.338733395E2,7.570050240E0,7.510950565E0,-6.427050114E0
2.338757831E2,3.202950239E0,7.756950378E0,-7.023000240E0
2.338782268E2,4.072050095E0,8.983050346E0,-3.172950268E0
2.338806703E2,7.692000389E0,8.293950081E0,-5.263050079E0
2.338831139E2,1.623000026E0,8.847000122E0,-3.127050161E0
2.338855574E2,-2.334000111E0,7.942050457E0,4.219950199E0
2.338880010E2,1.564950109E0,7.408050537E0,3.316950083E0
2.338904447E2,7.785000324E0,7.852950573E0,-6.889050484E0
2.338928882E2,3.199950218E0,7.669050217E0,-6.891000271E0
2.338953318E2,3.750000298E-1,9.016950607E0,3.405000269E-2
2.338977752E2,4.078950405E0,9.273000717E0,-1.456050038E0
2.339002189E2,3.318000078E0,1.041705036E1,-2.710950136E0
2.339026625E2,-6.900000572E-2,1.161000061E1,1.108950019E0
2.339051060E2,1.512000084E0,9.888000488E0,8.320500255E-1
2.339075496E2,6.994950294E0,8.976000786E0,-7.771950245E0
2.339099931E2,4.387950420E0,8.289000511E0,-7.714950562E0
2.339124367E2,6.829950333E0,9.181950569E0,-5.385000229E0
2.339148804E2,9.696000099E0,9.076950073E0,-8.364000320E0
2.339173238E2,2.118000031E0,9.643950462E0,-4.815000057E0
2.339197675E2,-7.800000310E-1,9.823950768E0,2.539050102E0
2.339222109E2,4.230000019E0,9.013950348E0,4.219500124E-1
2.339246545E2,7.194000244E0,8.416049957E0,-8.601000786E0
2.339270980E2,1.548000097E0,8.308050156E0,-6.985050201E0
2.339295417E2,1.290000081E0,7.647000313E0,-1.506000042E0
2.339319853E2,5.680950165E0,8.076000214E0,-2.998050213E0
2.339344288E2,2.638050079E0,8.847000122E0,-3.477000237E0
2.339368724E2,-6.970500350E-1,8.593050003E0,1.224000096E0
2.339393161E2,3.265050173E0,7.575000286E0,6.690000296E-1
2.339417595E2,7.893000603E0,7.152000427E0,-6.333000183E0
2.339442032E2,3.037950039E0,7.270950317E0,-4.959000111E0
2.339466466E2,6.082950115E0,7.824000359E0,-2.433000088E0
2.339490902E2,9.006000519E0,6.709050179E0,-6.805050373E0
2.339515337E2,2.959500253E-1,8.491950035E0,-2.995950222E0
2.339539774E2,-2.385000229E0,6.784950256E0,3.801000118E0
2.339564210E2,3.813000202E0,6.522000313E0,-1.609500051E-1
2.339588645E2,8.239950180E0,6.453000069E0,-1.005405045E1
2.339613081E2,1.174950004E0,7.627950191E0,-5.074050426E0
2.339637518E2,-4.950000439E-3,7.981950283E0,2.302050114E0
2.339661952E2,4.057950020E0,8.272050858E0,5.400000215E-1
2.339686389E2,3.885000229E0,9.328050613E0,-1.471050024E0
2.339710823E2,2.310000062E-1,8.770050049E0,5.850000381E-1
2.339735259E2,2.362050056E0,8.575950623E0,-9.940500259E-1
2.339759694E2,6.105000496E0,7.018050194E0,-8.907000542E0
2.339784131E2,3.136050224E0,6.108000278E0,-7.380000114E0
2.339808567E2,6.793950558E0,5.956950188E0,-5.139000416E0
2.339833002E2,9.298950195E0,6.120000362E0,-8.755949974E0
2.339857438E2,2.295000076E0,7.611000538E0,-5.682000160E0
2.339881872E2,-6.100500226E-1,5.926050186E0,2.496000051E0
2.339906309E2,5.488950253E0,6.522000313E0,-3.499500155E-1
2.339930745E2,8.230950356E0,5.485050201E0,-9.048000336E0
2.339955180E2,-1.150500029E-1,7.246950150E0,-4.747950077E0
2.339979616E2,2.190000117E-1,6.460050106E0,2.046000004E0
2.340004053E2,7.117050171E0,6.192000389E0,-9.030000567E-1
2.340028488E2,2.926950216E0,7.471950531E0,-3.508050203E0
2.340052924E2,-2.133000135E0,8.490000725E0,2.484000206E0
2.340077359E2,3.957000256E0,7.294950485E0,1.435050011E0
2.340101795E2,8.335950851E0,7.039050102E0,-7.191000462E0
2.340126229E2,3.804000139E0,8.442000389E0,-4.891950130E0
2.340150665E2,5.173050404E0,8.557050705E0,-3.292950153E0
2.340175102E2,8.440950394E0,8.497050285E0,-9.004950523E0
2.340199537E2,1.531950116E0,9.828000069E0,-4.983000278E0
2.340223973E2,-6.250500083E-1,9.892950058E0,2.872050047E0
2.340248410E2,3.049950123E0,8.713050842E0,-1.104000092E0
2.340272845E2,6.628950119E0,9.916950226E0,-8.289000511E0
2.340297281E2,3.172050238E0,8.542950630E0,-4.576050282E0
2.340321716E2,1.612950087E0,8.855999947E0,-5.340000391E-1
2.340346152E2,4.773000240E0,1.032195091E1,-1.654950023E0
2.340370586E2,4.065000057E0,1.086495018E1,-3.265950203E0
2.340395023E2,5.359500051E-1,1.048695087E1,8.320500255E-1
2.340419459E2,6.580500603E-1,1.129095078E1,1.483050108E0
2.340443894E2,4.444950104E0,1.142100048E1,-1.243050098E0
2.340468330E2,2.896050215E0,1.002495003E1,-3.790950298E0
2.340492765E2,7.339950562E0,1.012305069E1,-6.130050182E0
2.340517201E2,8.779050827E0,9.534000397E0,-1.008300018E1
2.340541636E2,1.476000071E0,1.015605068E1,-5.692050457E0
2.340566072E2,-7.009500265E-1,8.287050247E0,3.195000172E0
2.340590509E2,4.369050026E0,8.674050331E0,1.393950105E0
2.340614943E2,7.291950226E0,8.758049965E0,-5.529000282E0
2.340639380E2,2.568000078E0,7.413000584E0,-4.269000053E0
2.340663816E2,3.145050049E0,8.513999939E0,-1.681050062E0
2.340688251E2,6.724950314E0,8.719950676E0,-4.614000320E0
2.340712687E2,2.188050032E0,1.003395081E1,-4.351050377E0
2.340737122E2,9.109500647E-1,8.868000031E0,2.980500162E-1
2.340761558E2,4.206000328E0,1.044405079E1,-1.177950025E0
2.340785995E2,5.013000011E0,7.558950424E0,-6.060000420E0
2.340810429E2,2.947050095E0,7.894050598E0,-4.681050301E0
2.340834866E2,8.334000587E0,7.887000561E0,-4.686000347E0
2.340859303E2,9.217050552E0,7.932000160E0,-8.637000084E0
2.340883737E2,6.580500603E-1,9.478950500E0,-4.903950214E0
2.340908173E2,-8.980500698E-1,6.936000347E0,2.380950212E0
2.340932608E2,6.004050255E0,6.939000130E0,-5.580000281E-1
2.340957044E2,8.166000366E0,7.269000530E0,-7.915950298E0
2.340981479E2,6.190500259E-1,7.852950573E0,-3.514950275E0
2.341005915E2,1.663050056E0,8.014050484E0,1.509000063E0
2.341030352E2,5.416950226E0,7.858050346E0,-2.503050089E0
2.341054786E2,1.435950041E0,9.081000328E0,-2.710950136E0
2.341079223E2,-1.551000118E0,8.682000160E0,2.125050068E0
2.341103657E2,2.889000177E0,8.671950340E0,3.430500031E-1
2.341128094E2,6.643050194E0,7.614000320E0,-6.250050068E0
2.341152528E2,3.166950226E0,7.386000156E0,-3.930000305E0
2.341176965E2,6.895050526E0,7.899000168E0,-2.437950134E0
2.341201401E2,8.403000832E0,8.148000717E0,-6.678000450E0
2.341225836E2,5.689499974E-1,8.334000587E0,-3.283050060E0
2.341250273E2,-1.162950039E0,7.314000130E0,3.396000147E0
2.341274709E2,3.841950178E0,7.470000267E0,-1.518000126E0
2.341299143E2,6.685950279E0,7.044000149E0,-9.259050369E0
2.341323580E2,1.302000046E0,6.586950302E0,-5.245950222E0
2.341348014E2,2.140050173E0,7.258950233E0,-1.252950072E0
2.341372450E2,6.787050247E0,7.780950546E0,-3.469950199E0
2.341396885E2,3.054000139E0,8.461050034E0,-3.721050262E0
2.341421322E2,1.960500032E-1,7.687950134E0,8.509500623E-1
2.341445758E2,3.724950075E0,8.266950607E0,-7.260000110E-1
2.341470193E2,6.366000175E0,6.397050381E0,-8.524050713E0
2.341494629E2,3.313050270E0,6.886050224E0,-7.270050526E0
2.341519066E2,8.092050552E0,7.129950523E0,-6.160950184E0
2.341543500E2,9.708000183E0,6.172050476E0,-9.858000755E0
2.341567936E2,-1.990500093E-1,8.374950409E0,-4.131000042E0
2.341592371E2,-8.500500321E-1,6.898050308E0,5.434050083E0
2.341616807E2,7.515000343E0,6.907050133E0,1.299000025E0
2.341641244E2,8.875050545E0,6.508050442E0,-7.726950169E0
2.341665679E2,1.740000099E-1,8.005949974E0,-3.004950047E0
2.341690115E2,1.177050114E0,8.203050613E0,1.744050026E0
2.341714549E2,5.463000298E0,7.555950165E0,-2.814000130E0
2.341738985E2,1.528950095E0,9.196050644E0,-2.871000051E0
2.341763420E2,-1.354950070E0,1.021905041E1,1.509000063E0
2.341787857E2,1.443000078E0,9.019050598E0,3.460500240E-1
2.341812293E2,5.530050278E0,8.533050537E0,-6.111000061E0
2.341836728E2,3.916050196E0,8.822999954E0,-4.786950111E0
2.341861164E2,8.257050514E0,9.286950111E0,-5.983950138E0
2.341885599E2,7.939050198E0,9.394950867E0,-8.788050652E0
2.341910035E2,5.279999971E-1,9.570000648E0,-2.485950232E0
2.341934472E2,-1.339500099E-1,9.274950027E0,3.564000130E0
2.341958906E2,5.307000160E0,9.337950706E0,-1.726950049E0
2.341983342E2,5.965950489E0,7.675950527E0,-8.236949921E0
2.342007777E2,1.101000071E0,8.092950821E0,-3.372000217E0
2.342032214E2,3.670050144E0,7.870050430E0,-9.730500579E-1
2.342056650E2,7.278000355E0,8.167050362E0,-4.765050411E0
2.342081085E2,2.025000095E0,9.229950905E0,-3.321000099E0
2.342105521E2,9.690000415E-1,8.239050865E0,2.188950062E0
2.342129956E2,4.012050152E0,1.071195030E1,5.595000088E-2
2.342154392E2,4.393050194E0,8.275050163E0,-4.357950211E0
2.342178829E2,2.644950151E0,8.955000877E0,-2.553000212E0
2.342203263E2,8.875050545E0,9.072000504E0,-4.858050346E0
2.342227699E2,7.038000107E0,7.354950428E0,-8.941050529E0
2.342252134E2,-1.458000064E0,1.065405083E1,-1.839000106E0
2.342276571E2,-1.338000059E0,6.093000412E0,5.352000237E0
2.342301007E2,5.892000198E0,7.338000298E0,-5.370000005E-1
2.342325442E2,6.691050529E0,7.446000576E0,-8.232000351E0
2.342349878E2,1.014000058E0,7.317000389E0,-2.665050030E0
2.342374312E2,2.841000080E0,8.224050522E0,-7.189500332E-1
2.342398749E2,5.877000332E0,8.113950729E0,-4.180950165E0
2.342423186E2,6.790500283E-1,9.586950302E0,-2.337000132E0
2.342447620E2,-3.520500064E-1,9.000000000E0,9.679500461E-1
2.342472056E2,4.471950054E0,8.157000542E0,-2.263050079E0
2.342496493E2,5.149050236E0,6.642000198E0,-7.648050308E0
2.342520928E2,3.600000143E0,7.101000309E0,-4.483050346E0
2.342545362E2,9.600000381E0,7.279050350E0,-5.446950436E0
2.342569799E2,6.853950500E0,6.201000214E0,-7.935000420E0
2.342594235E2,-1.266000032E0,8.919000626E0,1.399500072E-1
2.342618669E2,-1.150500029E-1,6.475950241E0,4.762950420E0
2.342643105E2,8.152050018E0,6.751950264E0,-3.421950102E0
2.342667542E2,4.965000153E0,6.679950237E0,-9.805050850E0
2.342691977E2,-1.273950100E0,7.270950317E0,-1.582950115E0
2.342716413E2,3.847050190E0,6.946050167E0,-4.030500054E-1
2.342740848E2,6.106950283E0,7.984950542E0,-4.542000294E0
2.342765284E2,-9.960000515E-1,8.808000565E0,-1.219050050E0
2.342789718E2,-5.100000501E-1,8.931000710E0,2.770950079E0
2.342814155E2,8.572950363E0,7.621050358E0,-4.899000168E0
2.342838591E2,5.968050480E0,7.993950367E0,-9.774000168E0
2.342863026E2,2.719050169E0,8.775000572E0,-4.345950127E0
2.342887463E2,1.038105011E1,8.124000549E0,-5.650950432E0
2.342911899E2,4.833000183E0,7.848000526E0,-6.855000496E0
2.342936334E2,-2.617050171E0,9.280050278E0,3.190050125E0
2.342960770E2,5.980500579E-1,7.326000214E0,4.393949986E0
2.342985205E2,1.028505039E1,8.416049957E0,-8.140950203E0
2.343009641E2,4.736999989E0,7.210950375E0,-9.307050705E0
2.343034078E2,2.890500128E-1,8.749050140E0,1.230000034E-1
2.343058512E2,3.640950203E0,9.346950531E0,-3.139500022E-1
2.343082948E2,4.519950390E0,1.066200066E1,-3.297000170E0
2.343107383E2,7.770000100E-1,1.082700062E1,-1.300500035E-1
2.343131820E2,7.960500121E-1,1.041300011E1,1.651050091E0
2.343156256E2,6.451950073E0,9.775950432E0,-6.537000179E0
2.343180691E2,4.716000080E0,9.406949997E0,-7.633050442E0
2.343205127E2,5.875050068E0,9.778050423E0,-6.043950081E0
2.343229562E2,1.013895035E1,9.450000763E0,-8.269950867E0
2.343253998E2,2.721000195E0,9.972000122E0,-5.203050137E0
2.343278435E2,-1.137000084E0,9.388050079E0,2.989050150E0
2.343302869E2,3.082950115E0,8.787000656E0,3.268950224E0
2.343327305E2,7.357050419E0,8.461050034E0,-6.499050140E0
2.343351740E2,2.595000029E0,7.495950222E0,-7.255050182E0
2.343376176E2,1.608000040E0,8.193000793E0,-1.762950063E0
2.343400611E2,6.306000233E0,8.610000610E0,-2.815950155E0
2.343425048E2,3.319950104E0,9.440999985E0,-2.874000072E0
2.343449484E2,1.789500117E-1,8.764950752E0,2.070000172E0
2.343473919E2,1.740000129E0,9.630000114E0,2.362050056E0
2.343498355E2,6.484950542E0,7.872000217E0,-5.574000359E0
2.343522792E2,3.781950235E0,7.735950470E0,-7.702950478E0
2.343547226E2,7.410000324E0,8.257950783E0,-6.043950081E0
2.343571662E2,8.857950211E0,7.246950150E0,-8.845050812E0
2.343596097E2,4.489500225E-1,9.784950256E0,-4.285950184E0
2.343620533E2,-1.915050149E0,6.733050346E0,4.903950214E0
2.343644968E2,4.222949982E0,7.210950375E0,2.101050138E0
2.343669405E2,8.668950081E0,6.697050095E0,-8.485950470E0
2.343693841E2,1.243950009E0,7.396050453E0,-5.944950104E0
2.343718275E2,1.237050056E0,7.270950317E0,4.939500093E-1
2.343742712E2,5.947050095E0,7.129950523E0,-2.638950109E0
2.343767146E2,2.383949995E0,8.320050240E0,-3.561000109E0
2.343791583E2,-1.089000106E0,8.634000778E0,2.268000126E0
2.343816019E2,3.765000105E0,8.434950829E0,5.040000081E-1
2.343840454E2,7.603050232E0,7.518000126E0,-7.909050465E0
2.343864890E2,2.512950182E0,7.831950188E0,-6.589950085E0
2.343889325E2,7.381050587E0,7.920000553E0,-4.890000343E0
2.343913762E2,7.323000431E0,6.807000160E0,-8.308950424E0
2.343938198E2,-6.940500140E-1,8.884950638E0,-2.601000071E0
2.343962632E2,-1.812000036E0,6.019050121E0,5.986950397E0
2.343987069E2,5.137050152E0,7.084950447E0,8.719500303E-1
2.344011503E2,7.675050259E0,5.545050144E0,-9.195000648E0
2.344035939E2,2.530499995E-1,6.490950108E0,-3.609000206E0
2.344060376E2,2.355000019E0,6.946050167E0,7.304999977E-2
2.344084811E2,7.024050236E0,6.787950516E0,-2.929050207E0
2.344109247E2,1.444950104E0,7.618950367E0,-2.008949995E0
2.344133684E2,-9.810000658E-1,7.834050179E0,2.929050207E0
2.344158118E2,5.311950207E0,7.330950260E0,-1.746000051E0
2.344182554E2,7.837950230E0,6.622950077E0,-9.685050011E0
2.344206989E2,2.875050068E0,7.200000286E0,-5.971950054E0
2.344231425E2,9.373050690E0,7.753050327E0,-5.212950230E0
2.344255860E2,7.072050571E0,6.655950546E0,-7.356000423E0
2.344280296E2,-1.717050076E0,9.421050072E0,3.979500234E-1
2.344304733E2,-1.084050059E0,6.721050262E0,6.075000286E0
2.344329168E2,7.836000443E0,8.413050652E0,-3.192000151E0
2.344353604E2,6.544950485E0,6.739950180E0,-1.069605064E1
2.344378038E2,6.599999964E-2,8.595000267E0,-2.055000067E0
2.344402475E2,1.540950060E0,8.583000183E0,-6.709500551E-1
2.344426909E2,5.104050159E0,9.625050545E0,-2.682000160E0
2.344451346E2,1.618050098E0,1.024995041E1,-1.066050053E0
2.344475782E2,-6.130500436E-1,1.003695011E1,1.131000042E0
2.344500217E2,5.230950356E0,1.053495026E1,-7.905000448E-2
2.344524654E2,5.512950420E0,9.313950539E0,-6.988950253E0
2.344549090E2,5.200050354E0,9.790050507E0,-4.939950466E0
2.344573525E2,9.271950722E0,1.041300011E1,-8.629050255E0
2.344597961E2,4.759050369E0,1.058505058E1,-8.245950699E0
2.344622396E2,-8.110500574E-1,1.044900036E1,6.379500031E-1
2.344646832E2,1.960500032E-1,9.271050453E0,4.666950226E0
2.344671266E2,5.034000397E0,1.060695076E1,-3.633000135E0
2.344695703E2,4.797000408E0,8.479949951E0,-6.999000549E0
2.344720140E2,1.600950122E0,9.297000885E0,-1.558950067E0
2.344744574E2,4.924050331E0,9.127050400E0,-2.778000116E0
2.344769010E2,5.808000088E0,1.005405045E1,-4.288949966E0
2.344793447E2,9.109500647E-1,1.008495045E1,-5.010000467E-1
2.344817881E2,2.226000071E0,1.006095028E1,1.773000121E0
2.344842318E2,6.052050114E0,1.043895054E1,-2.983950138E0
2.344866753E2,3.813000202E0,8.140049934E0,-4.983000278E0
2.344891189E2,6.105000496E0,9.440999985E0,-5.023950100E0
2.344915626E2,1.044300079E1,8.968950272E0,-8.644050598E0
2.344940060E2,3.547950268E0,9.673050880E0,-7.882050514E0
2.344964496E2,-1.099050045E0,8.839950562E0,1.449000120E0
2.344988931E2,9.280500412E-1,7.483950138E0,4.095000267E0
2.345013368E2,7.213050365E0,8.542950630E0,-4.300950050E0
2.345037802E2,4.014000416E0,7.089000225E0,-6.094050407E0
2.345062239E2,1.354050040E0,7.336050510E0,-1.042050004E0
2.345086675E2,5.439000130E0,7.647000313E0,-3.300000191E0
2.345111110E2,3.664950132E0,8.559000015E0,-4.911000252E0
2.345135546E2,-4.519500136E-1,8.434950829E0,2.599500120E-1
2.345159983E2,7.030500174E-1,8.665050507E0,1.702950120E0
2.345184417E2,6.085050106E0,6.405000210E0,-5.670000076E0
2.345208853E2,4.017000198E0,6.253950119E0,-6.918000221E0
2.345233288E2,6.427950382E0,7.647000313E0,-3.223050117E0
2.345257724E2,9.868050575E0,5.773050308E0,-7.440000534E0
2.345282159E2,2.002950191E0,8.518950462E0,-4.975950241E0
2.345306595E2,-2.100000143E0,6.760950089E0,3.445950270E0
2.345331032E2,4.660950184E0,6.453000069E0,2.496000051E0
2.345355466E2,1.012005043E1,5.551950455E0,-9.148950577E0
2.345379903E2,2.281050205E0,7.081950188E0,-6.901050091E0
2.345404339E2,5.710500479E-1,6.939000130E0,3.705000132E-2
2.345428773E2,5.977950096E0,6.982050419E0,-3.253950119E0
2.345453210E2,3.670050144E0,7.923000336E0,-3.970050097E0
2.345477645E2,-9.700500369E-1,8.799000740E0,1.918950081E0
2.345502081E2,3.045000076E0,8.855999947E0,8.290500641E-1
2.345526516E2,7.720950603E0,8.053950310E0,-7.312950134E0
2.345550953E2,2.080049992E0,8.155050278E0,-6.172950268E0
2.345575389E2,5.488950253E0,9.385950089E0,-2.785050154E0
2.345599823E2,8.901000023E0,7.935000420E0,-6.778950214E0
2.345624260E2,6.900000572E-2,9.577050209E0,-2.565000057E0
2.345648694E2,-2.248050213E0,7.699950218E0,5.058000088E0
2.345673131E2,2.911050081E0,8.479949951E0,1.363050103E0
2.345697567E2,8.961000443E0,8.179050446E0,-8.730000496E0
2.345722002E2,2.839050055E0,6.940950394E0,-4.542000294E0
2.345746438E2,1.684950113E0,8.976000786E0,-9.940500259E-1
2.345770875E2,5.467950344E0,9.582000732E0,-3.052950144E0
2.345795309E2,2.584950209E0,9.958050728E0,-2.172000170E0
2.345819746E2,1.879500151E-1,9.718050003E0,8.410500288E-1
2.345844180E2,2.382000208E0,9.874050140E0,1.087950110E0
2.345868616E2,5.607000351E0,9.028950691E0,-6.051000118E0
2.345893051E2,4.510050297E0,8.026050568E0,-5.646000385E0
2.345917487E2,9.493050575E0,8.718000412E0,-7.030050278E0
2.345941924E2,8.158950806E0,8.527950287E0,-9.618000031E0
2.345966359E2,4.590000212E-1,9.508050919E0,-3.546000242E0
2.345990795E2,-4.800000042E-2,8.032950401E0,4.107000351E0
2.346015230E2,5.278950214E0,8.947050095E0,3.220500052E-1
2.346039666E2,4.807050228E0,7.609050274E0,-7.162050247E0
2.346064103E2,5.590500236E-1,7.987050533E0,-3.553950071E0
2.346088537E2,3.310050249E0,8.097000122E0,-8.070000410E-1
2.346112973E2,6.186000347E0,8.332050323E0,-3.618000269E0
2.346137408E2,9.190500379E-1,8.959050179E0,-1.411050081E0
2.346161844E2,-7.129500508E-1,9.903000832E0,2.994000196E0
2.346186281E2,4.407000065E0,8.722050667E0,-6.570000052E-1
2.346210716E2,5.959050179E0,7.314000130E0,-7.432050228E0
2.346235152E2,3.670050144E0,8.229000092E0,-5.992950439E0
2.346259587E2,1.057695007E1,8.023050308E0,-6.199050426E0
2.346284023E2,6.535950184E0,7.020000458E0,-7.966050148E0
2.346308457E2,-1.639950037E0,8.860950470E0,2.040000111E-1
2.346332894E2,2.100000158E-2,6.898050308E0,4.888050079E0
2.346357330E2,8.632950783E0,7.164000511E0,-4.284000397E0
2.346381765E2,5.977950096E0,6.040950298E0,-1.032195091E1
2.346406202E2,3.630000055E-1,7.333950520E0,-2.605050087E0
2.346430638E2,4.029000282E0,7.779000282E0,-1.624050021E0
2.346455072E2,5.362050056E0,8.287050247E0,-3.345000267E0
2.346479509E2,1.360500008E-1,8.943000793E0,3.289500177E-1
2.346503943E2,-7.470000386E-1,1.051605034E1,3.786000252E0
2.346528379E2,5.575050354E0,8.791950226E0,-6.709500551E-1
2.346552816E2,4.663050175E0,7.824000359E0,-7.174050331E0
2.346577251E2,4.033950329E0,8.830050468E0,-4.416000366E0
2.346601687E2,9.667050362E0,8.583000183E0,-7.935000420E0
2.346626124E2,3.868050098E0,8.026050568E0,-7.240950108E0
2.346650558E2,-1.762050033E0,8.800950050E0,1.405950069E0
2.346674992E2,-2.539499998E-1,7.815000534E0,4.118999958E0
2.346699429E2,7.543950558E0,9.567000389E0,-4.933050156E0
2.346723865E2,4.897950172E0,7.240050316E0,-7.039950371E0
2.346748300E2,1.567050099E0,8.418000221E0,-1.449000120E0
2.346772736E2,4.194000244E0,8.955000877E0,-2.467050076E0
2.346797173E2,3.982950211E0,9.211050034E0,-3.736050129E0
2.346821608E2,-1.200000048E-1,8.758049965E0,1.995000057E-2
2.346846044E2,1.627050042E0,9.164999962E0,2.860500216E-1
2.346870478E2,6.001950264E0,7.990050316E0,-5.625000477E0
2.346894914E2,3.933000088E0,7.326000214E0,-6.999000549E0
2.346919349E2,6.751050472E0,7.966050148E0,-4.168950081E0
2.346943785E2,1.087605095E1,7.458000183E0,-7.851000309E0
2.346968222E2,2.731050014E0,8.755949974E0,-5.251050472E0
2.346992657E2,-1.839000106E0,8.401050568E0,3.183000088E0
2.347017093E2,4.443000317E0,6.565050125E0,1.287000060E0
2.347041530E2,9.792000771E0,5.956950188E0,-9.597000122E0
2.347065965E2,2.053050041E0,6.904950142E0,-7.573950291E0
2.347090401E2,1.374000072E0,6.994050503E0,-9.079500437E-1
2.347114835E2,6.574050426E0,7.717050552E0,-2.433000088E0
2.347139271E2,2.989950180E0,9.297000885E0,-3.103050232E0
2.347163706E2,-1.270950079E0,9.642000198E0,2.131950140E0
2.347188143E2,2.359950066E0,9.556050301E0,1.846950054E0
2.347212579E2,7.780950546E0,8.325000763E0,-7.453950405E0
2.347237014E2,4.030950069E0,8.500050545E0,-7.629000187E0
2.347261450E2,8.377050400E0,9.121950150E0,-5.649000168E0
2.347285887E2,8.520000458E0,8.161950111E0,-7.789050579E0
2.347310321E2,-7.279500365E-1,9.903000832E0,-1.297950029E0
2.347334758E2,-2.227050066E0,7.969950199E0,4.933050156E0
2.347359192E2,4.225049973E0,9.048000336E0,1.162050009E0
2.347383628E2,8.050950050E0,8.835000038E0,-8.641050339E0
2.347408063E2,2.707050085E0,7.578000546E0,-3.751950264E0
2.347432500E2,3.136050224E0,9.164999962E0,-1.819950104E0
2.347456936E2,5.635050297E0,9.976950645E0,-2.991000175E0
2.347481371E2,2.263950109E0,1.035000038E1,-1.030050039E0
2.347505807E2,4.050000105E-3,1.032195091E1,-2.639999986E-1
2.347530241E2,3.009000063E0,1.102605057E1,2.553000212E0
2.347554678E2,5.595000267E0,9.424050331E0,-5.710950375E0
2.347579115E2,5.767050266E0,8.938050270E0,-5.155050278E0
2.347603549E2,1.113300037E1,9.796950340E0,-9.889050484E0
2.347627985E2,5.724000454E0,9.682050705E0,-1.011900043E1
2.347652420E2,-5.700000525E-1,9.928950310E0,-1.333950043E0
2.347676857E2,3.439500034E-1,7.815000534E0,3.748050213E0
2.347701293E2,5.245050430E0,9.927000046E0,-1.714950085E0
2.347725728E2,3.688950062E0,7.702050209E0,-6.280950069E0
2.347750164E2,1.054949999E0,8.157000542E0,-2.008949995E0
2.347774598E2,5.607000351E0,8.049000740E0,-2.313000202E0
2.347799035E2,4.759050369E0,8.722050667E0,-5.116950035E0
2.347823471E2,8.100000024E-2,9.283050537E0,-2.850000262E-1
2.347847906E2,-2.200500071E-1,9.583950043E0,3.319050074E0
2.347872342E2,5.331000328E0,8.080950737E0,-3.652050257E0
2.347896779E2,5.619000435E0,7.123050213E0,-7.521000385E0
2.347921213E2,6.435000420E0,7.651950359E0,-6.297000408E0
2.347945650E2,1.027800083E1,7.111050129E0,-9.589950562E0
2.347970085E2,2.737950087E0,8.445000648E0,-7.641000271E0
2.347994521E2,-2.518950224E0,7.732950211E0,2.614950180E0
2.348018955E2,1.588950038E0,6.115050316E0,4.615050316E0
2.348043392E2,8.680950165E0,5.521050453E0,-6.238050461E0
2.348067828E2,3.034950256E0,5.671950340E0,-7.389000416E0
2.348092263E2,1.303950071E0,5.902050495E0,-1.779000044E0
2.348116699E2,7.696950436E0,5.650050163E0,-5.268000126E0
2.348141134E2,2.932050228E0,6.843000412E0,-5.517000198E0
2.348165570E2,-2.266950130E0,6.991050243E0,1.471050024E0
2.348190005E2,2.104050159E0,7.171050549E0,2.641950130E0
2.348214442E2,7.546050549E0,5.125950336E0,-6.951000214E0
2.348238878E2,3.607050180E0,7.056000233E0,-7.291050434E0
2.348263312E2,8.001000404E0,7.465050220E0,-4.576050282E0
2.348287749E2,8.916000366E0,4.101000309E0,-9.979950905E0
2.348312183E2,-2.073000193E0,7.474950314E0,-4.035000324E0
2.348336620E2,-2.329050064E0,6.189000130E0,6.535050392E0
2.348361056E2,6.306000233E0,4.903050423E0,1.363050103E0
2.348385491E2,7.279950142E0,4.618050098E0,-7.534950256E0
2.348409927E2,1.467000127E0,6.079050064E0,-6.919500232E-1
2.348434364E2,3.033000231E0,5.983050346E0,1.320000052E0
2.348458799E2,6.624000549E0,6.385050297E0,-4.879950047E0
2.348483235E2,1.359000087E0,7.081950188E0,-3.247050047E0
2.348507669E2,-7.300500274E-1,9.256050110E0,2.893050194E0
2.348532106E2,5.178000450E0,8.056950569E0,-3.609000206E0
2.348556542E2,7.371000290E0,7.152000427E0,-8.476050377E0
2.348580976E2,6.499950409E0,8.926050186E0,-6.616050243E0
2.348605413E2,1.063500023E1,8.599950790E0,-8.112000465E0
2.348629848E2,3.382050276E0,8.491950035E0,-7.380000114E0
2.348654284E2,-2.107050180E0,1.043400097E1,2.929050207E0
2.348678721E2,-6.319500208E-1,8.296050072E0,5.103000164E0
2.348703156E2,7.780950546E0,9.440999985E0,-3.879000187E0
2.348727592E2,4.366050243E0,6.550950527E0,-6.693000317E0
2.348752026E2,2.097000122E0,8.667000771E0,-1.453950047E0
2.348776462E2,5.653950214E0,8.926050186E0,-4.288949966E0
2.348800897E2,4.660950184E0,1.037895012E1,-3.376050234E0
2.348825334E2,8.470500112E-1,1.089600086E1,2.308950186E0
2.348849770E2,3.660000265E-1,1.194495010E1,-3.550500274E-1
2.348874205E2,5.070000172E0,1.215105057E1,1.126049995E0
2.348898641E2,6.009000301E0,1.011600018E1,-6.112950325E0
2.348923076E2,1.098900032E1,1.065000057E1,-9.481950760E0
2.348947512E2,8.640000343E0,9.666000366E0,-1.406700039E1
2.348971946E2,4.540500343E-1,1.068600082E1,-6.361950397E0
2.348996383E2,-5.599500537E-1,9.963000298E0,3.370050192E0
2.349020819E2,4.018949986E0,1.079805088E1,1.762950063E0
2.349045254E2,3.997950077E0,8.272050858E0,-4.273950100E0
2.349069691E2,1.660950065E0,8.028000832E0,-2.368050098E0
2.349094127E2,6.214950085E0,8.014050484E0,-4.303050041E0
2.349118562E2,6.648000240E0,8.497050285E0,-7.465950489E0
2.349142998E2,5.070000291E-1,8.200050354E0,-1.449000120E0
2.349167432E2,5.950500369E-1,8.512050629E0,2.199000120E0
2.349191869E2,2.772000074E0,9.850050926E0,-1.695000008E-2
2.349216305E2,5.106000423E0,6.517050266E0,-5.136000156E0
2.349240740E2,7.951050282E0,8.160000801E0,-6.942000389E0
2.349265176E2,1.084800053E1,6.973950386E0,-1.203405094E1
2.349289613E2,3.696000099E0,7.104000568E0,-1.111005020E1
2.349314048E2,-2.782050133E0,7.357950211E0,7.020000219E-1
2.349338484E2,7.150500417E-1,3.754050255E0,5.592000484E0
2.349362919E2,6.892050266E0,3.973950148E0,-3.241950035E0
2.349387355E2,2.560950041E0,3.036000252E0,-5.353950024E0
2.349411790E2,2.137050152E0,4.906050205E0,2.500500083E-1
2.349436226E2,9.817950249E0,2.772000074E0,-4.003950119E0
2.349460663E2,2.422049999E0,4.635000229E0,-6.748050213E0
2.349485097E2,-3.412050247E0,7.566000462E0,2.491050005E0
2.349509533E2,1.468950033E0,8.317950249E0,3.679050207E0
2.349533968E2,6.732000351E0,6.012000084E0,-3.733050108E0
2.349558404E2,5.037000179E0,8.842050552E0,-3.738000154E0
2.349582839E2,9.580950737E0,8.064000130E0,-6.448050499E0
2.349607275E2,7.291950226E0,6.855000496E0,-1.044705009E1
2.349631712E2,-1.318950057E0,9.036000252E0,-1.665000081E0
2.349656146E2,-1.897950053E0,8.418000221E0,5.950950146E0
2.349680583E2,6.117000103E0,9.160050392E0,-3.688050270E0
2.349705019E2,6.484950542E0,8.842050552E0,-7.990050316E0
2.349729454E2,5.391000271E0,7.627950191E0,-4.309950352E0
2.349753890E2,7.972050190E0,8.803950310E0,-6.355050087E0
2.349778325E2,5.950950146E0,9.879000664E0,-7.669050217E0
2.349802761E2,9.210000634E-1,9.754050255E0,-4.120500088E-1
2.349827196E2,2.262000084E0,1.039395046E1,1.023000002E0
2.349851633E2,4.029000282E0,1.221600056E1,-4.565999985E0
2.349876069E2,3.198000193E0,1.032405090E1,-4.609050274E0
2.349900503E2,6.049950123E0,1.034100056E1,-7.188000202E0
2.349924940E2,9.574050903E0,9.223050117E0,-1.123905087E1
2.349949376E2,2.632950068E0,8.410950661E0,-7.321950436E0
2.349973811E2,-2.241000175E0,9.574950218E0,5.481000423E0
2.349998247E2,1.000500023E-1,7.528050423E0,5.625000477E0
2.350022682E2,5.880000114E0,5.160000324E0,-3.264000177E0
2.350047118E2,4.357050419E0,6.007050514E0,-1.116000056E0
2.350071552E2,6.804000378E0,7.165950298E0,-4.579500258E-1
2.350095989E2,7.228050232E0,7.750050545E0,-5.622000217E0
2.350120425E2,2.179949999E0,8.482950211E0,-1.060950041E0
2.350144860E2,-1.750500053E-1,1.123395061E1,1.123950005E0
2.350169296E2,1.768950105E0,1.192305088E1,1.219950080E0
2.350193731E2,4.078950405E0,9.823950768E0,-2.818950176E0
2.350218167E2,6.337050438E0,1.064295006E1,-5.260950089E0
2.350242604E2,1.260495090E1,1.069005013E1,-1.460100079E1
2.350267038E2,4.263000011E0,8.832000732E0,-1.280295086E1
2.350291475E2,-8.280000687E-1,9.828000069E0,-2.316000223E0
2.350315912E2,1.491000056E0,1.014900017E1,2.407050133E0
2.350340346E2,4.462050438E0,9.907050133E0,-3.955950260E0
2.350364782E2,1.366050124E0,7.149000168E0,-3.589950085E0
2.350389217E2,2.082000017E0,7.252050400E0,-2.400000095E-1
2.350413653E2,7.359000206E0,6.534000397E0,-6.265950203E0
2.350438088E2,3.322050095E0,7.279050350E0,-7.533000469E0
2.350462524E2,-1.999050140E0,8.536050797E0,1.288950086E0
2.350486961E2,1.189500093E-1,8.310000420E0,2.734950066E0
2.350511395E2,4.443000317E0,6.934050560E0,-4.633050442E0
2.350535831E2,4.563000202E0,7.981950283E0,-5.380050182E0
2.350560268E2,9.049950600E0,7.342950344E0,-4.786950111E0
2.350584703E2,8.227950096E0,3.850050211E0,-9.280950546E0
2.350609139E2,-2.854050159E0,7.305000305E0,-8.599500656E-1
2.350633574E2,3.300000131E-1,5.004000187E0,7.756050587E0
2.350658010E2,9.145050049E0,2.842050076E0,-2.026050091E0
2.350682445E2,5.278950214E0,2.286000013E0,-6.630000114E0
2.350706881E2,2.587050200E0,6.727950096E0,5.470499992E-1
2.350731317E2,6.661950111E0,5.674050331E0,-3.574950218E0
2.350755752E2,5.029950142E0,5.362950325E0,-7.588050365E0
2.350780188E2,-4.450500309E-1,7.360050201E0,-2.880000174E-1
2.350804623E2,-7.369500399E-1,1.117905045E1,3.384000063E0
2.350829059E2,4.000050068E0,6.880950451E0,-6.156000137E0
2.350853494E2,4.594050407E0,9.406949997E0,-9.345000267E0
2.350877930E2,8.416950226E0,7.960950375E0,-1.053300095E1
2.350902367E2,6.945000172E0,7.482000351E0,-1.267605019E1
2.350926801E2,-3.250500262E-1,7.810050488E0,-5.862000465E0
2.350951238E2,-9.600000381E-1,8.690999985E0,4.963950157E0
2.350975674E2,5.515950203E0,7.900950432E0,1.120950103E0
2.351000109E2,5.731050491E0,5.995050430E0,-4.744050026E0
2.351024545E2,2.620950222E0,7.695000172E0,7.000500560E-1
2.351048980E2,7.483950138E0,7.381050587E0,-2.566950083E0
2.351073416E2,4.881000042E0,7.894050598E0,-7.360950470E0
2.351097851E2,-1.039050102E0,9.133950233E0,-9.405000508E-2
2.351122287E2,-2.290950060E0,1.141095066E1,2.536050081E0
2.351146724E2,4.033950329E0,9.931050301E0,-1.381950021E0
2.351171158E2,6.993000507E0,9.655950546E0,-6.135000229E0
2.351195594E2,1.020600033E1,1.040505028E1,-8.006999969E0
2.351220031E2,1.025400066E1,9.567000389E0,-1.116495037E1
2.351244466E2,9.690000415E-1,8.296050072E0,-6.951000214E0
2.351268902E2,-5.530500412E-1,1.018500042E1,2.734950066E0
2.351293337E2,5.479950428E0,8.931000710E0,-4.390500188E-1
2.351317773E2,5.221050262E0,6.778050423E0,-6.846000195E0
2.351342210E2,2.416950226E0,7.786050320E0,-1.696050048E0
2.351366644E2,7.807050228E0,6.802050114E0,-4.345950127E0
2.351391080E2,7.387950420E0,7.425000191E0,-7.356000423E0
2.351415515E2,8.230500221E-1,7.474950314E0,-8.910000324E-1
2.351439951E2,2.359500080E-1,9.546000481E0,2.503050089E0
2.351464386E2,1.114950061E0,9.598950386E0,2.220000029E0
2.351488822E2,2.776950121E0,7.291050434E0,-3.067950249E0
2.351513259E2,7.246950150E0,8.868000031E0,-5.995950222E0
2.351537694E2,9.994950294E0,6.453000069E0,-1.305705070E1
2.351562130E2,1.837950110E0,7.113000393E0,-8.770950317E0
2.351586564E2,-3.214950085E0,7.947000504E0,4.085999966E0
2.351611001E2,1.632000089E0,5.365950108E0,5.697000504E0
2.351635438E2,6.816000462E0,3.916950226E0,-3.514950275E0
2.351659872E2,2.695050240E0,5.325000286E0,-1.705050111E0
2.351684308E2,5.583000183E0,5.968950272E0,-1.695000008E-2
2.351708743E2,7.512000561E0,4.041000366E0,-6.919950485E0
2.351733180E2,6.460500360E-1,6.237000465E0,-4.027950287E0
2.351757616E2,-3.000000238E0,1.107105064E1,3.267000198E0
2.351782051E2,1.048050046E0,8.218950272E0,1.090050101E0
2.351806487E2,6.331950188E0,7.080000401E0,-6.694950104E0
2.351830924E2,7.536000252E0,9.108000755E0,-7.276950359E0
2.351855358E2,1.012200069E1,7.438950539E0,-1.168200016E1
2.351879795E2,2.346000195E0,6.823950291E0,-9.493950844E0
2.351904229E2,-1.969950080E0,7.606950283E0,1.021050096E0
2.351928665E2,4.765950203E0,6.864000320E0,3.622950077E0
2.351953100E2,8.868000031E0,4.561050415E0,-6.003000259E0
2.351977537E2,4.450050354E0,5.490000248E0,-3.148950100E0
2.352001973E2,7.009950161E0,7.210950375E0,-1.468050122E0
2.352026408E2,7.680000305E0,6.778050423E0,-6.415050507E0
2.352050844E2,9.210000634E-1,8.571000099E0,-3.226050138E0
2.352075279E2,-1.221000075E0,1.210500050E1,2.746950150E0
2.352099715E2,3.490500152E-1,1.124295044E1,1.866000056E0
2.352124152E2,2.353049994E0,1.049400043E1,-3.184950113E0
2.352148586E2,4.560000420E0,1.207395077E1,-4.087950230E0
2.352173022E2,9.088050842E0,1.152405071E1,-8.694000244E0
2.352197457E2,3.205050230E0,8.571000099E0,-8.512050629E0
2.352221894E2,-4.159500301E-1,9.814050674E0,1.159950018E0
2.352246328E2,1.929000139E0,1.018500042E1,1.612050056E0
2.352270765E2,4.591050148E0,9.922050476E0,-3.657000065E0
2.352295201E2,2.524950027E0,8.361000061E0,-2.170050144E0
2.352319635E2,4.411950111E0,8.883000374E0,-2.160000086E0
2.352344072E2,8.800950050E0,9.460050583E0,-6.714000225E0
2.352368508E2,4.054950237E0,9.511950493E0,-6.132000446E0
2.352392943E2,9.640500546E-1,1.000995064E1,-1.138050079E0
2.352417379E2,2.977950096E0,1.179195023E1,-4.579500258E-1
2.352441814E2,2.701950073E0,1.042005062E1,-1.678950071E0
2.352466250E2,4.981950283E0,1.018800068E1,-1.818000078E0
2.352490685E2,1.077795029E1,9.473999977E0,-8.068950653E0
2.352515122E2,6.765000343E0,7.030050278E0,-1.176105022E1
2.352539558E2,8.470500112E-1,8.293950081E0,-2.613000154E0
2.352563992E2,1.915050149E0,8.764950752E0,1.399050117E0
2.352588429E2,4.615050316E0,5.743950367E0,-3.718950272E0
2.352612865E2,1.693950057E0,5.992950439E0,-2.683950186E0
2.352637300E2,4.800000191E0,6.261000156E0,4.150500298E-1
2.352661736E2,9.969000816E0,4.990050316E0,-6.625050545E0
2.352686171E2,2.779050112E0,6.666000366E0,-5.766000271E0
2.352710607E2,-1.879050136E0,8.502000809E0,3.331050158E0
2.352735044E2,1.287000060E0,8.289000511E0,2.077050209E0
2.352759479E2,5.322000027E0,6.883050442E0,-5.242050171E0
2.352783915E2,5.133000374E0,9.175050735E0,-6.484050274E0
2.352808350E2,1.090005016E1,7.783950329E0,-9.577950478E0
2.352832786E2,4.321050167E0,6.199050426E0,-1.193100071E1
2.352857223E2,-3.043050051E0,8.494950294E0,2.740500271E-1
2.352881657E2,1.065000057E0,6.570000172E0,6.300000191E0
2.352906093E2,8.719050407E0,4.819950104E0,-3.247050047E0
2.352930528E2,5.086950302E0,4.935000420E0,-5.383050442E0
2.352954964E2,5.206950188E0,6.630000114E0,-6.970500350E-1
2.352979399E2,7.963050365E0,6.934050560E0,-6.070050240E0
2.353003836E2,2.832000017E0,6.241950512E0,-3.217950106E0
2.353028272E2,-8.400000632E-2,9.357000351E0,9.919500351E-1
2.353052707E2,5.190000534E-1,1.234695053E1,1.866000056E0
2.353077143E2,2.242950201E0,9.796950340E0,2.089500129E-1
2.353101577E2,5.484000206E0,1.092000008E1,-2.620050192E0
2.353126014E2,1.156395054E1,1.092495060E1,-1.048305035E1
2.353150451E2,5.511000156E0,8.338950157E0,-1.295805073E1
2.353174885E2,-4.620000124E-1,9.646050453E0,-5.064000130E0
2.353199321E2,1.516950130E0,9.131999969E0,-9.600000083E-2
2.353223756E2,4.885950089E0,7.137000561E0,-4.284000397E0
2.353248193E2,2.070000172E0,6.595950127E0,-2.743950129E0
2.353272629E2,6.301050186E0,6.760950089E0,-9.820500612E-1
2.353297064E2,1.050300026E1,5.410950184E0,-8.080950737E0
2.353321500E2,4.551000118E0,5.856000423E0,-7.969050407E0
2.353345937E2,9.160500169E-1,7.177950382E0,-1.870500147E-1
2.353370370E2,1.618050098E0,8.413050652E0,-1.617000103E0
2.353394807E2,2.578050137E0,5.935050488E0,-4.959000111E0
2.353419242E2,3.471000195E0,9.168000221E0,-2.083950043E0
2.353443678E2,1.031400013E1,4.891050339E0,-6.478950500E0
2.353468113E2,5.902950287E0,4.353000164E0,-7.351050377E0
2.353492550E2,-2.029950142E0,5.800950050E0,-1.201950073E0
2.353516986E2,3.868050098E0,4.093950272E0,2.572050095E0
2.353541420E2,9.367950439E0,2.241000175E0,-3.247050047E0
2.353565857E2,2.848050117E0,3.010050058E0,-1.296000004E0
2.353590291E2,3.531000137E0,7.669050217E0,4.918950081E0
2.353614727E2,8.116050720E0,5.595000267E0,-3.877050161E0
2.353639164E2,3.046950102E0,4.792950153E0,-7.399500608E-1
2.353663599E2,5.640000105E-1,9.472050667E0,1.147950053E0
2.353688035E2,2.503950119E0,1.078095055E1,1.272000074E0
2.353712470E2,2.089050055E0,9.049950600E0,-4.317000389E0
2.353736907E2,5.808000088E0,1.105200100E1,-6.285000324E0
2.353761340E2,9.097050667E0,1.030995083E1,-1.183305073E1
2.353785777E2,3.313050270E0,8.348999977E0,-1.136895084E1
2.353810213E2,-3.060000241E-1,1.094700050E1,-2.491050005E0
2.353834648E2,1.776000142E0,1.170600033E1,1.615050077E0
2.353859084E2,2.230950117E0,1.030695057E1,-3.268950224E0
2.353883521E2,3.940500319E-1,1.024305058E1,1.864050031E0
2.353907956E2,2.604000092E0,1.001295090E1,2.521950006E0
2.353932392E2,5.227950096E0,9.330000877E0,-6.295050144E0
2.353956827E2,2.383949995E0,9.037950516E0,-5.991000175E0
2.353981263E2,1.258950114E0,1.038600063E1,-3.360000253E-1
2.354005700E2,4.543950081E0,1.057995033E1,-3.415050268E0
2.354030134E2,4.467000008E0,9.639000893E0,-4.573950291E0
2.354054570E2,7.600950241E0,1.074795055E1,-1.818000078E0
2.354079005E2,1.023705006E1,1.004205036E1,-8.602950096E0
2.354103442E2,3.694050074E0,8.473050117E0,-6.826950550E0
2.354127876E2,5.470499992E-1,8.854050636E0,2.971950054E0
2.354152313E2,3.694050074E0,9.499950409E0,2.577000141E0
2.354176749E2,2.776950121E0,6.499950409E0,-3.556050062E0
2.354201184E2,1.077000022E0,8.302950859E0,-9.270000458E-1
2.354225620E2,7.519950390E0,8.212050438E0,-3.939000130E0
2.354250054E2,6.901950359E0,6.196050167E0,-8.383049965E0
2.354274491E2,4.180500209E-1,8.100000381E0,-2.467050076E0
2.354298927E2,1.444950104E0,1.149495029E1,2.557950020E0
2.354323362E2,3.940050125E0,1.135395050E1,-2.613000154E0
2.354347798E2,3.922950268E0,9.654000282E0,-2.725050211E0
2.354372233E2,9.607050896E0,1.066395092E1,-6.103950500E0
2.354396670E2,8.980050087E0,8.348999977E0,-1.270695019E1
2.354421106E2,9.469500184E-1,8.385000229E0,-8.236949921E0
2.354445540E2,-7.950000167E-1,8.980950356E0,9.510000348E-1
2.354469977E2,4.611000061E0,7.525050163E0,1.519500017E-1
2.354494414E2,3.277050257E0,4.705049992E0,-6.048000336E0
2.354518847E2,2.733000040E0,7.113000393E0,-3.480000198E-1
2.354543284E2,9.367950439E0,5.746050358E0,-3.594000101E0
2.354567719E2,6.246000290E0,4.912950039E0,-8.931000710E0
2.354592155E2,-7.300500274E-1,7.567950249E0,-1.175999999E0
2.354616590E2,-8.380500674E-1,8.478000641E0,3.397950172E0
2.354641026E2,3.330000162E0,6.460050106E0,-2.316000223E0
2.354665463E2,3.421050072E0,7.401000500E0,-4.984950066E0
2.354689897E2,8.796000481E0,7.662000179E0,-4.732050419E0
2.354714333E2,8.548950195E0,3.261000156E0,-1.073400021E1
2.354738768E2,-1.345050097E0,5.065950394E0,-4.249950409E0
2.354763205E2,-1.423950076E0,5.992950439E0,6.133050442E0
2.354787641E2,6.801000118E0,3.466950178E0,9.900000691E-2
2.354812076E2,5.508000374E0,2.863050222E0,-3.577950239E0
2.354836512E2,3.066000223E0,6.091050148E0,2.050050020E0
2.354860947E2,8.414999962E0,6.370950222E0,-3.727950096E0
2.354885383E2,3.694050074E0,3.964950085E0,-8.188950539E0
2.354909820E2,-1.000500023E-1,7.768950462E0,5.879999995E-1
2.354934254E2,1.102950096E0,9.156000137E0,2.194050074E0
2.354958690E2,3.021000147E0,6.952950478E0,-3.217950106E0
2.354983125E2,6.985950470E0,8.855999947E0,-4.831950188E0
2.355007561E2,1.152300072E1,8.398950577E0,-9.379050255E0
2.355031996E2,5.140050411E0,5.964000225E0,-1.082700062E1
2.355056432E2,-7.039500475E-1,9.594000816E0,-1.459050059E0
2.355080869E2,2.665950060E0,9.946050644E0,3.097050190E0
2.355105303E2,5.767050266E0,8.370000839E0,-3.190050125E0
2.355129739E2,1.594050050E0,8.488050461E0,-1.927950144E0
2.355154176E2,4.266000271E0,9.012000084E0,-1.420500129E-1
2.355178611E2,8.821949959E0,8.181000710E0,-8.038050652E0
2.355203047E2,2.242950201E0,7.810050488E0,-6.712050438E0
2.355227482E2,5.449500084E-1,9.727950096E0,1.717950106E0
2.355251918E2,3.411000252E0,1.191105080E1,2.599500120E-1
2.355276353E2,4.381050110E0,1.050105095E1,-2.208000183E0
2.355300789E2,8.338050842E0,1.130805016E1,-2.347050190E0
2.355325226E2,1.229100037E1,1.051605034E1,-1.036095047E1
2.355349660E2,3.816000223E0,8.571000099E0,-1.088505077E1
2.355374097E2,1.210500076E-1,1.111695099E1,-6.349500418E-1
2.355398533E2,4.201050282E0,1.055895042E1,1.093050003E0
2.355422968E2,4.800000191E0,7.101000309E0,-4.660050392E0
2.355447404E2,9.780000448E-1,8.548050880E0,2.070000172E-1
2.355471839E2,5.619000435E0,9.571950912E0,-1.054050088E0
2.355496275E2,8.542050362E0,7.732950211E0,-8.419050217E0
2.355520710E2,1.090950012E0,8.164050102E0,-3.831000090E0
2.355545147E2,1.393050075E0,9.630000114E0,1.003950000E0
2.355569583E2,2.286000013E0,1.137300014E1,-5.820000172E-1
2.355594017E2,1.009950042E0,8.896950722E0,1.800000109E-2
2.355618454E2,5.767050266E0,1.006500053E1,-1.642950058E0
2.355642888E2,9.871050835E0,7.896000385E0,-1.077000046E1
2.355667324E2,2.664000034E0,7.389000416E0,-8.670000076E0
2.355691761E2,6.599999964E-2,8.101950645E0,6.139500141E-1
2.355716196E2,4.354050159E0,7.195050240E0,1.969500035E-1
2.355740632E2,2.665950060E0,4.836000443E0,-3.007950068E0
2.355765067E2,9.859500527E-1,7.671000481E0,1.854000092E0
2.355789504E2,7.258950233E0,6.862050533E0,-1.411050081E0
2.355813940E2,5.788950443E0,4.039050102E0,-8.055000305E0
2.355838374E2,4.330500066E-1,6.000000477E0,-2.332950115E0
2.355862811E2,1.888050079E0,1.016100025E1,2.040000111E-1
2.355887245E2,2.938950062E0,7.717050552E0,-3.058050156E0
2.355911681E2,2.415000200E0,9.148050308E0,-3.072000027E0
2.355936118E2,9.013950348E0,9.016950607E0,-6.043950081E0
2.355960553E2,8.422050476E0,5.602950096E0,-1.240995026E1
2.355984989E2,3.610500097E-1,7.831950188E0,-6.664050102E0
2.356009423E2,5.520000458E-1,7.056000233E0,1.645950079E0
2.356033860E2,7.744950294E0,4.549050331E0,-2.413950205E0
2.356058297E2,3.301050186E0,4.623000145E0,-5.067000389E0
2.356082731E2,4.006950378E0,6.567000389E0,6.310500503E-1
2.356107167E2,1.053195095E1,5.251050472E0,-6.819000244E0
2.356131602E2,3.082950115E0,5.298000336E0,-7.873050213E0
2.356156038E2,-1.987050056E0,7.981950283E0,1.633950114E0
2.356180475E2,2.689950228E0,7.270950317E0,1.885050058E0
2.356204910E2,5.638050079E0,7.378950119E0,-3.690000057E0
2.356229346E2,6.415950298E0,9.127050400E0,-4.462950230E0
2.356253781E2,1.041705036E1,7.954050541E0,-9.022050858E0
2.356278217E2,2.587050200E0,8.148000717E0,-1.060005093E1
2.356302651E2,-2.229000092E0,8.851950645E0,1.570500135E-1
2.356327087E2,4.470000267E-1,8.358000755E0,4.986000061E0
2.356351524E2,6.223950386E0,7.506000519E0,-3.771000147E0
2.356375959E2,2.884050131E0,6.928950310E0,-2.019000053E0
2.356400395E2,4.231950283E0,8.277000427E0,4.800000191E-1
2.356424832E2,6.952050209E0,8.385000229E0,-5.730000496E0
2.356449267E2,2.965950251E0,7.501050472E0,-2.950050116E0
2.356473703E2,1.837950110E0,1.009905052E1,4.200000167E-1
2.356498138E2,4.261050224E0,1.211295033E1,-9.130500555E-1
2.356522574E2,3.741000175E0,1.188795090E1,-2.280000210E0
2.356547009E2,7.270950317E0,1.241205025E1,-3.439050198E0
2.356571445E2,9.837000847E0,1.079595089E1,-1.004505062E1
2.356595882E2,2.824050188E0,9.091050148E0,-9.111000061E0
2.356620316E2,1.600500047E-1,1.032195091E1,-9.030000567E-1
2.356644752E2,4.078950405E0,9.960000038E0,4.270500243E-1
2.356669189E2,4.030950069E0,7.992000580E0,-3.691950083E0
2.356693624E2,1.423950076E0,8.173950195E0,5.970000029E-1
2.356718060E2,6.442050457E0,9.049950600E0,-4.240500331E-1
2.356742495E2,5.980050087E0,7.105950356E0,-6.769050121E0
2.356766931E2,1.711050034E0,7.570950508E0,-7.740000486E-1
2.356791366E2,3.133050203E0,9.204000473E0,4.560000300E-1
2.356815802E2,2.785950184E0,1.060905075E1,-6.229500175E-1
2.356840239E2,1.315950036E0,8.550000191E0,1.452000022E0
2.356864673E2,7.417050362E0,9.895050049E0,-3.748050213E0
2.356889109E2,9.106950760E0,7.755000591E0,-1.181895065E1
2.356913544E2,1.507950068E0,7.674000263E0,-7.822950363E0
2.356937981E2,6.310500503E-1,9.256050110E0,4.920000136E-1
2.356962417E2,5.587050438E0,5.551950455E0,-2.236950159E0
2.356986852E2,2.515950203E0,4.578000069E0,-4.437000275E0
2.357011288E2,2.985000134E0,7.872000217E0,1.320000052E0
2.357035723E2,1.018005085E1,6.247050285E0,-4.672049999E0
2.357060160E2,4.357050419E0,3.973950148E0,-8.799000740E0
2.357084596E2,5.279999971E-1,6.685050488E0,-1.501950026E0
2.357109030E2,3.447000265E0,8.421000481E0,-7.710000277E-1
2.357133466E2,3.697950125E0,7.345950127E0,-4.507050037E0
2.357157901E2,4.654050350E0,1.009695053E1,-3.264000177E0
2.357182337E2,9.624000549E0,8.179050446E0,-8.401950836E0
2.357206774E2,4.026000023E0,6.025950432E0,-9.939000130E0
2.357231209E2,-1.839000106E0,7.494000435E0,-2.299500108E-1
2.357255645E2,2.868000031E0,6.924000263E0,4.738950253E0
2.357280079E2,7.198950291E0,3.187050104E0,-4.303050041E0
2.357304516E2,1.492950082E0,5.785050392E0,-1.210050106E0
2.357328952E2,6.006000519E0,6.322950363E0,3.220500052E-1
2.357353387E2,9.490050316E0,5.184000015E0,-9.130050659E0
2.357377823E2,4.009500146E-1,5.610000134E0,-5.890050411E0
2.357402258E2,-8.740500212E-1,9.382950783E0,2.386050224E0
2.357426694E2,3.706050158E0,7.377000332E0,-1.240950108E0
2.357451130E2,5.266950130E0,8.038050652E0,-3.907950163E0
2.357475565E2,9.591000557E0,9.040950775E0,-5.926050186E0
2.357500001E2,9.949950218E0,7.053000450E0,-1.270500088E1
2.357524436E2,-1.339500099E-1,7.954050541E0,-9.168000221E0
2.357548872E2,-1.566000104E0,8.464050293E0,2.143949986E0
2.357573307E2,6.255000114E0,6.201000214E0,-2.280000150E-1
2.357597743E2,4.860000134E0,5.470950127E0,-4.849050045E0
2.357622180E2,7.960500121E-1,8.731950760E0,3.018000126E0
2.357646614E2,8.197050095E0,6.405000210E0,-2.497950077E0
2.357671051E2,5.644950390E0,5.935050488E0,-7.566000462E0
2.357695485E2,2.460000068E-1,7.693050385E0,1.399050117E0
2.357719922E2,1.362000108E0,1.067400074E1,1.488000035E0
2.357744358E2,2.437050104E0,1.047000027E1,-1.849050045E0
2.357768793E2,2.461050034E0,1.210995102E1,-2.895000204E-2
2.357793229E2,8.074950218E0,1.228305054E1,-6.060000420E0
2.357817663E2,5.757000446E0,8.899050713E0,-9.669000626E0
2.357842100E2,6.900000572E-2,9.582000732E0,-3.597000122E0
2.357866537E2,2.058000088E0,1.009695053E1,1.284000039E0
2.357890971E2,4.705950260E0,8.518950462E0,-3.955950260E0
2.357915407E2,1.917000055E0,7.735950470E0,-1.533000112E0
2.357939842E2,4.498050213E0,9.289950371E0,-5.460000038E-1
2.357964278E2,8.580000877E0,9.438000679E0,-5.737050056E0
2.357988715E2,2.416950226E0,8.047050476E0,-5.734950066E0
2.358013150E2,1.570050120E0,1.006095028E1,-3.000000026E-3
2.358037586E2,3.270000219E0,1.108995056E1,-1.794000030E0
2.358062022E2,2.020050049E0,9.582000732E0,-2.842050076E0
2.358086457E2,6.267000198E0,1.048905087E1,-1.324950099E0
2.358110893E2,1.098705006E1,8.350950241E0,-1.023405075E1
2.358135328E2,4.282950401E0,8.191050529E0,-9.183000565E0
2.358159764E2,1.363950014E0,8.779950142E0,-1.780500114E-1
2.358184199E2,3.946950197E0,8.217000008E0,1.500000060E-2
2.358208635E2,3.387000084E0,6.265950203E0,-3.202050209E0
2.358233072E2,1.192050099E0,7.723950386E0,2.632050037E0
2.358257506E2,8.026950836E0,7.381050587E0,-2.428050041E0
2.358281942E2,5.583000183E0,5.442000389E0,-8.068950653E0
2.358306379E2,1.000500023E-1,6.958050251E0,-1.830000043E0
2.358330814E2,2.200050116E0,8.871000290E0,7.890000343E-1
2.358355250E2,3.448950052E0,8.362950325E0,-2.280000210E0
2.358379685E2,2.659050226E0,1.063305092E1,-1.084950089E0
2.358404121E2,8.370000839E0,1.012995052E1,-4.561950207E0
2.358428555E2,6.052050114E0,7.341000557E0,-1.070295048E1
2.358452991E2,-2.850000262E-1,8.610000610E0,-5.506950378E0
2.358477428E2,1.177050114E0,7.903050423E0,9.390000701E-1
2.358501863E2,6.720000267E0,5.026050091E0,-4.078050137E0
2.358526299E2,3.781950235E0,5.358000278E0,-3.999000072E0
2.358550734E2,4.231950283E0,7.063050270E0,8.509500623E-1
2.358575170E2,9.229050636E0,6.163050175E0,-6.220950127E0
2.358599605E2,3.351000071E0,5.895000458E0,-6.657000542E0
2.358624041E2,-6.195000187E-2,8.397000313E0,8.220000267E-1
2.358648478E2,1.972050071E0,8.287050247E0,1.879500151E-1
2.358672912E2,2.698050022E0,7.803000450E0,-9.820500612E-1
2.358697349E2,7.137000561E0,9.523950577E0,-1.863000035E0
2.358721785E2,1.076400089E1,6.742050171E0,-1.005600071E1
2.358746220E2,2.518050194E0,7.987050533E0,-9.979950905E0
2.358770656E2,-1.824000120E0,8.437050819E0,-7.200000435E-2
2.358795091E2,3.241050243E0,6.876000404E0,2.299050093E0
2.358819527E2,5.602050304E0,5.251050472E0,-4.420050144E0
2.358843964E2,1.147950053E0,7.618950367E0,9.349500537E-1
2.358868398E2,7.042950153E0,6.181950092E0,-2.011950016E0
2.358892835E2,8.572950363E0,5.551950455E0,-9.574950218E0
2.358917269E2,4.680000246E-1,6.970050335E0,-3.070050240E0
2.358941706E2,1.174950004E0,9.112950325E0,1.356000066E0
2.358966142E2,4.141050339E0,7.899000168E0,-2.553000212E0
2.358990577E2,4.879050255E0,1.018005085E1,-2.218050003E0
2.359015013E2,9.664950371E0,9.666000366E0,-6.433950424E0
2.359039448E2,6.781950474E0,7.887000561E0,-1.064295006E1
2.359063884E2,-8.830500245E-1,8.818050385E0,-5.050050259E0
2.359088321E2,7.920000553E-1,7.687950134E0,3.235950232E0
2.359112755E2,7.705950260E0,6.204000473E0,-3.517950058E0
2.359137192E2,3.946950197E0,6.310950279E0,-3.469950199E0
2.359161626E2,3.676950216E0,8.855999947E0,2.266050100E0
2.359186062E2,8.365050316E0,8.029950142E0,-5.233950138E0
2.359210497E2,2.980050087E0,7.446000576E0,-5.656050205E0
2.359234933E2,1.279500127E-1,9.618000031E0,2.773950100E0
2.359259370E2,2.580000162E0,1.088895035E1,5.250000358E-1
2.359283805E2,2.358000040E0,9.412050247E0,-1.983000040E0
2.359308241E2,6.430050373E0,1.078605080E1,-2.185950041E0
2.359332678E2,1.105605030E1,9.939000130E0,-9.360000610E0
2.359357112E2,4.078950405E0,8.386950493E0,-1.002300072E1
2.359381549E2,4.420500100E-1,1.048005009E1,-1.866000056E0
2.359405983E2,5.061000347E0,9.046050072E0,-2.035950184E0
2.359430419E2,3.859050274E0,6.915000439E0,-6.096000195E0
2.359454854E2,8.749500513E-1,7.911000252E0,-4.530000091E-1
2.359479291E2,7.491000175E0,8.083050728E0,-2.304000139E0
2.359503727E2,7.507950306E0,6.112950325E0,-8.878050804E0
2.359528162E2,7.630500197E-1,6.637050152E0,-2.227050066E0
2.359552598E2,3.873000145E0,7.762050152E0,3.820500076E-1
2.359577035E2,3.325050116E0,8.646000862E0,-2.176950216E0
2.359601469E2,2.281050205E0,9.297000885E0,-5.389500260E-1
2.359625906E2,7.627050400E0,9.934050560E0,-4.261950016E0
2.359650340E2,6.454050541E0,5.788950443E0,-1.042800045E1
2.359674776E2,-1.249950051E0,7.615950584E0,-2.730000019E0
2.359699211E2,5.070000291E-1,7.044000149E0,3.499050140E0
2.359723648E2,7.788000584E0,3.700950146E0,-4.128000259E0
2.359748084E2,2.293050051E0,4.927050114E0,-3.156000137E0
2.359772519E2,4.177050114E0,7.072950363E0,1.773000121E0
2.359796955E2,9.472949982E0,6.096000195E0,-5.947950363E0
2.359821390E2,1.612950087E0,5.907000065E0,-5.620050430E0
2.359845826E2,-1.080000043E0,9.631950378E0,2.761950016E0
2.359870263E2,2.278950214E0,8.072999954E0,2.359500080E-1
2.359894697E2,2.982000113E0,8.208000183E0,-2.160000086E0
2.359919133E2,7.587000370E0,1.008195019E1,-3.679950237E0
2.359943568E2,1.058400059E1,7.336050510E0,-1.102605057E1
2.359968004E2,1.915050149E0,7.101000309E0,-8.941050529E0
2.359992441E2,-1.390500069E-1,9.769050598E0,1.081050038E0
2.360016876E2,4.924050331E0,7.981950283E0,-2.950500250E-1
2.360041312E2,3.672000170E0,7.153950214E0,-4.201950073E0
2.360065746E2,9.400500655E-1,1.010100079E1,2.259000063E0
2.360090182E2,7.180050373E0,8.820000648E0,-3.067950249E0
2.360114619E2,5.631000042E0,6.936000347E0,-7.969050407E0
2.360139054E2,7.030500174E-1,8.161950111E0,-9.250500202E-1
2.360163490E2,3.873000145E0,8.911050797E0,-1.348050117E0
2.360187925E2,4.014000416E0,9.256050110E0,-2.898000240E0
2.360212362E2,3.922950268E0,1.178895092E1,-8.550000191E-1
2.360236798E2,9.921000481E0,1.063800049E1,-6.163050175E0
2.360261233E2,4.278000355E0,8.878050804E0,-9.148950577E0
2.360285669E2,-7.180500627E-1,9.996000290E0,-1.293000102E0
2.360310103E2,1.723050117E0,8.835000038E0,1.794000030E0
2.360334540E2,4.797000408E0,6.844950199E0,-3.742950201E0
2.360358976E2,2.173050165E0,7.051050186E0,-1.465950012E0
2.360383411E2,5.772000313E0,8.634000778E0,-1.200000048E-1
2.360407847E2,8.781000137E0,8.251049995E0,-6.316950321E0
2.360432282E2,2.206950188E0,7.606950283E0,-3.811950207E0
2.360456718E2,2.251950026E0,1.014705086E1,1.291050076E0
2.360481153E2,3.598050117E0,9.622950554E0,-2.440050125E0
2.360505589E2,2.640000105E0,9.562950134E0,-2.416050196E0
2.360530025E2,8.855999947E0,9.859950066E0,-3.925050259E0
2.360554460E2,1.018695068E1,7.125000477E0,-1.234995079E1
2.360578896E2,2.044049978E0,8.344050407E0,-8.541000366E0
2.360603333E2,1.207950115E0,7.923000336E0,7.005000114E-2
2.360627767E2,4.615050316E0,8.200050354E0,-1.255050063E0
2.360652204E2,2.122950077E0,6.804000378E0,-2.244000196E0
2.360676638E2,2.053050041E0,9.049950600E0,2.589000225E0
2.360701075E2,7.543950558E0,7.528050423E0,-3.906000137E0
2.360725512E2,3.496950150E0,5.386950493E0,-6.505950451E0
2.360749946E2,4.830000103E-1,6.769050121E0,-3.400500119E-1
2.360774382E2,3.828000069E0,7.812000275E0,-1.068000078E0
2.360798817E2,3.046950102E0,7.111050129E0,-2.950050116E0
2.360823254E2,4.703999996E0,9.943050385E0,-1.396050096E0
2.360847688E2,1.069200039E1,8.032950401E0,-7.684050560E0
2.360872124E2,2.827050209E0,7.068000317E0,-9.616050720E0
2.360896561E2,-1.386000037E0,8.418000221E0,-5.749500394E-1
2.360920995E2,4.378050327E0,6.333000183E0,7.380000353E-1
2.360945431E2,6.600000381E0,4.041000366E0,-6.532050133E0
2.360969868E2,1.101000071E0,6.679950237E0,-2.176950216E0
2.360994303E2,7.825950146E0,6.879000187E0,-2.203050137E0
2.361018739E2,7.773000240E0,5.296050072E0,-9.946050644E0
2.361043174E2,-1.057950020E0,7.711950302E0,-2.578950167E0
2.361067610E2,8.560500145E-1,7.966050148E0,1.690950036E0
2.361092045E2,4.905000210E0,7.060950279E0,-2.698950052E0
2.361116481E2,4.359000206E0,9.085950851E0,-1.767000079E0
2.361140918E2,1.030395031E1,8.526000023E0,-4.545000076E0
2.361165352E2,6.574050426E0,6.964950562E0,-1.088505077E1
2.361189788E2,-1.954050064E0,8.980950356E0,-3.417000055E0
2.361214225E2,8.590500355E-1,8.113950729E0,3.655050278E0
2.361238659E2,6.025950432E0,5.818050385E0,-3.256950140E0
2.361263096E2,1.548000097E0,7.618950367E0,-1.882050037E0
2.361287531E2,2.920050144E0,9.438000679E0,2.512950182E0
2.361311967E2,8.832000732E0,7.354950428E0,-7.483050346E0
2.361336402E2,2.884050131E0,6.792000294E0,-6.499050140E0
2.361360838E2,1.627050042E0,8.848950386E0,2.020500153E-1
2.361385275E2,5.584950447E0,8.413050652E0,-4.219050407E0
2.361409709E2,3.567000151E0,9.651000023E0,-4.621050358E0
2.361434145E2,6.603000164E0,1.153800011E1,-3.939000130E0
2.361458580E2,9.253050804E0,8.623950005E0,-1.059300041E1
2.361483017E2,1.045050025E0,8.263050079E0,-7.207050323E0
2.361507453E2,-1.120500043E-1,8.538000107E0,1.504950047E0
2.361531888E2,6.193050385E0,5.808000088E0,-7.830000520E-1
2.361556324E2,3.358050108E0,5.217000484E0,-3.930000305E0
2.361580761E2,3.241050243E0,8.320050240E0,1.720050097E0
2.361605195E2,8.647050858E0,7.113000393E0,-2.533950090E0
2.361629632E2,4.282950401E0,6.340050220E0,-6.420000076E0
2.361654066E2,-5.310000181E-1,9.204000473E0,5.370000005E-1
2.361678502E2,1.351950049E0,9.595950127E0,9.589500427E-1
2.361702937E2,2.616000175E0,8.200050354E0,-2.953050137E0
2.361727374E2,4.383000374E0,1.052805042E1,-1.051950097E0
2.361751810E2,1.056495094E1,8.827950478E0,-7.921050549E0
2.361776244E2,4.144050121E0,6.529050350E0,-9.481950760E0
2.361800681E2,-9.889500737E-1,9.934050560E0,-5.779500008E-1
2.361825118E2,2.815050125E0,8.266950607E0,1.414050102E0
2.361849551E2,3.516000271E0,7.258950233E0,-3.520050049E0
2.361873988E2,2.939999998E-1,8.569050789E0,8.700000495E-2
2.361898423E2,5.259000301E0,9.040950775E0,-7.470000386E-1
2.361922859E2,7.237050533E0,7.422000408E0,-8.107950211E0
2.361947294E2,9.640500546E-1,7.747950554E0,-2.473950148E0
2.361971731E2,2.164050102E0,8.827950478E0,1.030050039E0
2.361996167E2,4.942950249E0,9.131999969E0,-3.496050119E0
2.362020601E2,4.096050262E0,1.135095024E1,-2.413950205E0
2.362045037E2,8.674050331E0,1.100205040E1,-5.572050095E0
2.362069472E2,5.772000313E0,8.988000870E0,-9.148950577E0
2.362093908E2,-1.939500123E-1,9.148050308E0,-3.646950245E0
2.362118345E2,1.285050035E0,8.325000763E0,1.519050121E0
2.362142780E2,5.734050274E0,5.704950333E0,-3.685050249E0
2.362167216E2,2.122950077E0,6.543000221E0,-2.911950111E0
2.362191651E2,5.614050388E0,8.583000183E0,1.800000109E-2
2.362216087E2,8.568000793E0,7.587000370E0,-7.228950500E0
2.362240524E2,1.624950051E0,8.028000832E0,-5.260950089E0
2.362264958E2,1.860000044E-1,9.180000305E0,7.069500089E-1
2.362289394E2,2.518050194E0,9.237000465E0,-9.769500494E-1
2.362313829E2,3.034950256E0,8.457000732E0,-2.811000109E0
2.362338265E2,9.265050888E0,1.004205036E1,-3.427050114E0
2.362362700E2,1.093905067E1,6.517050266E0,-1.229295063E1
2.362387137E2,1.564950109E0,8.389050484E0,-8.935950279E0
2.362411573E2,-2.100000158E-2,9.060000420E0,9.730500579E-1
2.362436007E2,5.724000454E0,6.189000130E0,-1.303050041E0
2.362460444E2,1.821000099E0,6.088950157E0,-3.094050169E0
2.362484880E2,1.741950035E0,8.797050476E0,3.238050222E0
2.362509315E2,1.032600021E1,6.117000103E0,-4.606950283E0
2.362533751E2,3.895050287E0,5.349000454E0,-9.364950180E0
2.362558186E2,-3.880500197E-1,7.501050472E0,4.800000191E-1
2.362582622E2,3.535950184E0,6.820950508E0,-9.580500722E-1
2.362607059E2,4.500000000E0,7.843950272E0,-2.316000223E0
2.362631494E2,6.045000076E0,1.055895042E1,-1.450950027E0
2.362655930E2,9.691050529E0,8.072999954E0,-8.032950401E0
2.362680364E2,1.282950044E0,8.583000183E0,-9.025050163E0
2.362704801E2,-1.875000119E0,8.454000473E0,-4.605000094E-2
2.362729235E2,4.045950413E0,5.847000122E0,7.480500340E-1
2.362753672E2,4.998000145E0,4.198950291E0,-5.008950233E0
2.362778108E2,1.441050053E0,6.795000553E0,8.100000620E-1
2.362802543E2,7.146000385E0,7.152000427E0,-6.370500326E-1
2.362826979E2,6.694050312E0,6.522000313E0,-7.549950123E0
2.362851414E2,-1.080000028E-1,8.032950401E0,-1.267050028E0
2.362875851E2,1.078950047E0,8.956950188E0,5.089499950E-1
2.362900287E2,3.400950193E0,7.429050446E0,-3.598950148E0
2.362924721E2,5.938950062E0,1.012095070E1,-2.677050114E0
2.362949157E2,1.169505024E1,8.410950661E0,-9.511050224E0
2.362973592E2,5.839050293E0,7.531950474E0,-1.203195095E1
2.362998029E2,-1.077000022E0,9.975000381E0,-3.441000223E0
2.363022465E2,3.760950089E0,8.032950401E0,9.510000348E-1
2.363046900E2,5.494050026E0,6.511950493E0,-3.288000107E0
2.363071336E2,8.640000224E-1,9.535950661E0,1.509000063E0
2.363095773E2,5.872050285E0,8.830050468E0,1.849050045E0
2.363120207E2,7.852050304E0,7.912950516E0,-6.835950375E0
2.363144644E2,9.139500260E-1,8.179050446E0,-2.323050022E0
2.363169078E2,7.489500642E-1,9.649050713E0,1.642950058E0
2.363193515E2,3.913950205E0,9.433050156E0,-3.985050201E0
2.363217951E2,3.958950281E0,1.221105099E1,-1.971000075E0
2.363242386E2,9.339000702E0,1.197405052E1,-6.534000397E0
2.363266822E2,7.263000488E0,9.001950264E0,-1.047105026E1
2.363291257E2,3.180000186E-1,9.751950264E0,-5.898000240E0
2.363315693E2,2.223000050E0,8.959050179E0,-1.080000043E0
2.363340128E2,6.466050148E0,5.349000454E0,-5.632050037E0
2.363364565E2,2.128050089E0,5.421000481E0,-5.002050400E0
2.363389001E2,5.977950096E0,7.710000515E0,-1.175999999E0
2.363413435E2,8.941950798E0,6.196050167E0,-7.104000568E0
2.363437871E2,2.664000034E0,5.713050365E0,-5.443050385E0
2.363462306E2,-2.419500053E-1,8.518950462E0,2.412000179E0
2.363486743E2,1.894950032E0,6.085950375E0,7.005000114E-2
2.363511177E2,2.203950167E0,7.558950424E0,-9.100500345E-1
2.363535614E2,7.390050411E0,9.613050461E0,-1.684050083E0
2.363560050E2,9.919050217E0,4.987050056E0,-7.947000504E0
2.363584484E2,-6.940500140E-1,7.642050266E0,-5.797050476E0
2.363608921E2,-5.479500294E-1,8.454000473E0,3.604050159E0
2.363633358E2,5.358000278E0,6.069000244E0,-6.949500442E-1
2.363657792E2,3.094950199E0,5.626050472E0,-1.114050031E0
2.363682228E2,1.639050126E0,8.919000626E0,3.694950104E0
2.363706665E2,6.016050339E0,8.746050835E0,-3.226050138E0
2.363731099E2,4.375950336E0,7.489050388E0,-6.373950481E0
2.363755536E2,1.636950135E0,8.587950706E0,-5.100000501E-1
2.363779971E2,3.696000099E0,9.763950348E0,-4.681050301E0
2.363804407E2,3.469050169E0,1.073100090E1,-5.083950043E0
2.363828844E2,6.069000244E0,1.308195019E1,-4.947000027E0
2.363853278E2,9.238950729E0,1.165305042E1,-1.016895008E1
2.363877714E2,2.245050192E0,9.522000313E0,-8.473950386E0
2.363902149E2,-2.200500071E-1,1.066200066E1,1.381950021E0
2.363926585E2,3.270000219E0,8.622000694E0,-8.070000410E-1
2.363951020E2,1.633950114E0,6.543000221E0,-2.875950098E0
2.363975456E2,3.679050207E0,9.241950035E0,5.779500008E-1
2.363999893E2,8.845950127E0,9.445050240E0,-4.485000134E0
2.364024328E2,3.909000158E0,7.444050312E0,-6.597000122E0
2.364048764E2,9.019500613E-1,8.739000320E0,-2.590500116E-1
2.364073198E2,3.289050102E0,9.440999985E0,-2.809500098E-1
2.364097635E2,1.845000029E0,8.974050522E0,-2.512050152E0
2.364122069E2,6.274950504E0,1.157595062E1,-2.520000041E-1
2.364146506E2,1.076595020E1,8.902050018E0,-8.083950043E0
2.364170942E2,4.327950001E0,7.675950527E0,-9.958050728E0
2.364195377E2,6.409500241E-1,9.603000641E0,-2.871000051E0
2.364219814E2,4.703999996E0,8.016000748E0,-2.176950216E0
2.364244250E2,2.953950167E0,6.232050419E0,-3.975000143E0
2.364268685E2,2.877000093E0,8.028000832E0,1.147950053E0
2.364293121E2,9.106950760E0,8.152050018E0,-3.016950130E0
2.364317555E2,5.428950310E0,6.478950500E0,-8.272950172E0
2.364341991E2,3.010500073E-1,8.148000717E0,-2.100000143E0
2.364366428E2,2.914950132E0,8.133000374E0,-1.711950064E0
2.364390863E2,2.740950108E0,9.120000839E0,-2.962050200E0
2.364415299E2,4.444950104E0,1.082400036E1,-1.027950048E0
2.364439734E2,9.415950775E0,8.923050880E0,-6.831000328E0
2.364464171E2,3.487950087E0,7.434000492E0,-8.767950058E0
2.364488607E2,-6.799500585E-1,8.071050644E0,-1.054050088E0
2.364513041E2,4.495950222E0,6.357000351E0,9.559500217E-1
2.364537478E2,5.394000053E0,3.939000130E0,-3.831000090E0
2.364561912E2,1.374000072E0,7.446000576E0,5.520000458E-1
2.364586348E2,7.291950226E0,7.732950211E0,-9.340500236E-1
2.364610785E2,5.089050293E0,6.502950191E0,-7.573950291E0
2.364635220E2,-9.289500713E-1,7.915050507E0,-1.213950038E0
2.364659656E2,6.430500150E-1,7.530000210E0,-1.995000057E-2
2.364684091E2,3.615000248E0,6.546000481E0,-4.633050442E0
2.364708527E2,5.226000309E0,9.000000000E0,-3.253950119E0
2.364732961E2,1.149900055E1,7.333950520E0,-7.327050209E0
2.364757398E2,5.470050335E0,7.132050514E0,-1.079595089E1
2.364781834E2,-1.297950029E0,8.643000603E0,-3.469950199E0
2.364806269E2,3.385050058E0,7.123050213E0,8.580000401E-1
2.364830705E2,4.648950100E0,3.405000210E0,-5.080950260E0
2.364855142E2,1.309050083E0,6.283050060E0,-1.030500084E-1
2.364879577E2,8.343000412E0,6.036000252E0,-1.059000015E0
2.364904013E2,8.355000496E0,4.278000355E0,-8.497950554E0
2.364928447E2,1.950000064E-3,7.063050270E0,-4.510500133E-1
2.364952884E2,3.373050213E0,7.389000416E0,1.708050132E0
2.364977318E2,5.008050442E0,7.282950401E0,-3.024000168E0
2.365001755E2,4.290000439E0,1.180905056E1,-1.083000064E0
2.365026191E2,9.004050255E0,1.063800049E1,-7.710000515E0
2.365050626E2,2.875050068E0,9.249000549E0,-1.047795010E1
2.365075062E2,-1.839000106E0,9.814050674E0,-2.838000059E0
2.365099499E2,3.223950148E0,7.840950489E0,-2.400000021E-2
2.365123933E2,7.062000275E0,4.876950264E0,-5.311050415E0
2.365148370E2,3.729000092E0,7.522950172E0,-1.767000079E0
2.365172804E2,7.642050266E0,9.919050217E0,-1.411050081E0
2.365197240E2,6.355950356E0,9.678000450E0,-6.244950294E0
2.365221675E2,9.210000634E-1,9.864000320E0,-1.720050097E0
2.365246112E2,1.239000082E0,1.029300022E1,-5.820000172E-1
2.365270548E2,3.270000219E0,8.112000465E0,-4.155000210E0
2.365294983E2,3.751050234E0,1.096605015E1,-2.538000107E0
2.365319419E2,1.054800034E1,1.041705036E1,-7.842000484E0
2.365343854E2,6.208050251E0,8.752950668E0,-9.822000504E0
2.365368290E2,2.119500041E-1,1.035495090E1,-2.967000246E0
2.365392727E2,2.611050129E0,9.844950676E0,1.777050138E0
2.365417162E2,3.715050220E0,6.952950478E0,-1.516050100E0
2.365441597E2,8.989500403E-1,8.690999985E0,8.340000510E-1
2.365466034E2,5.125050068E0,9.816000938E0,1.021050096E0
2.365490469E2,5.109000206E0,6.790050507E0,-6.319050312E0
2.365514905E2,1.800000109E-2,7.896000385E0,-2.742000103E0
2.365539340E2,1.540950060E0,8.014050484E0,-6.640500426E-1
2.365563776E2,3.552000284E0,7.966050148E0,-2.409000158E0
2.365588210E2,2.772000074E0,1.121505070E1,5.400000215E-1
2.365612647E2,8.655000687E0,1.160295010E1,-2.767950058E0
2.365637084E2,6.199950218E0,8.812950134E0,-8.164950371E0
2.365661518E2,2.100000083E-1,1.020405006E1,-4.684050083E0
2.365685954E2,2.046000004E0,9.153000832E0,-2.422950029E0
2.365710391E2,4.528950214E0,5.740950108E0,-6.297000408E0
2.365734826E2,9.280500412E-1,8.176050186E0,-2.517000198E0
2.365759262E2,5.884050369E0,9.049950600E0,-1.420500129E-1
2.365783697E2,8.032050133E0,8.287050247E0,-6.007950306E0
2.365808133E2,1.515000105E0,9.004950523E0,-1.830000043E0
2.365832567E2,3.154950142E0,1.030695057E1,3.409500122E-1
2.365857004E2,5.355000019E0,8.478000641E0,-3.336000204E0
2.365881440E2,3.351000071E0,1.189500046E1,-2.986050129E0
2.365905875E2,1.033800030E1,1.174605083E1,-6.586950302E0
2.365930311E2,6.136050224E0,9.438000679E0,-1.226895046E1
2.365954746E2,-5.239500403E-1,1.106400013E1,-5.112000465E0
2.365979182E2,2.026950121E0,9.940950394E0,1.500000060E-2
2.366003619E2,5.049000263E0,5.773050308E0,-4.216950417E0
2.366028054E2,3.150000095E0,7.402950287E0,-1.525950074E0
2.366052490E2,8.446050644E0,8.038050652E0,-1.261950016E0
2.366076927E2,7.687050343E0,6.016950130E0,-8.686950684E0
2.366101361E2,1.369050026E0,7.461000443E0,-6.514950275E0
2.366125798E2,3.271950245E0,7.554000378E0,-2.578950167E0
2.366150232E2,4.098000050E0,6.136050224E0,-5.428050041E0
2.366174668E2,3.114000082E0,8.614950180E0,-2.505000114E0
2.366199103E2,8.808000565E0,8.191050529E0,-6.693000317E0
2.366223539E2,5.245050430E0,5.068950176E0,-9.432000160E0
2.366247976E2,-1.104000092E0,4.702050209E0,-2.196000099E0
2.366272410E2,3.378000259E0,4.422000408E0,2.932050228E0
2.366296847E2,6.889950275E0,-4.500000179E-2,-3.108000040E0
2.366321284E2,2.305050135E0,1.333950043E0,2.359500080E-1
2.366345718E2,6.574050426E0,5.301000118E0,1.998000145E0
2.366370154E2,6.222000122E0,3.535950184E0,-4.927950382E0
2.366394589E2,-9.499500394E-1,6.220050335E0,-2.542950153E0
2.366419025E2,3.079500198E-1,6.036000252E0,1.179000020E0
2.366443460E2,3.873000145E0,4.993950367E0,-2.148000002E0
2.366467897E2,5.707050323E0,7.285950184E0,-1.990050077E0
2.366492333E2,1.043100071E1,8.260050774E0,-6.565950394E0
2.366516767E2,3.361050129E0,5.502000332E0,-1.192395020E1
2.366541204E2,-2.044950008E0,8.542950630E0,-3.918000221E0
2.366565638E2,3.157050133E0,6.346950531E0,-1.624050021E0
2.366590074E2,4.843050003E0,4.312050343E0,-5.182050228E0
2.366614509E2,1.836000085E0,5.385000229E0,-3.120000064E-1
2.366638946E2,7.126950264E0,5.763000488E0,-1.800000072E-1
2.366663382E2,7.917000294E0,5.124000072E0,-6.925050259E0
2.366687817E2,3.100500107E-1,6.354000092E0,-4.948950291E0
2.366712254E2,3.223950148E0,6.405000210E0,-4.108950138E0
2.366736690E2,5.712000370E0,4.213950157E0,-7.705050468E0
2.366761125E2,4.357050419E0,8.440050125E0,-5.254050255E0
2.366785561E2,8.590050697E0,8.452050209E0,-6.985050201E0
2.366809995E2,4.038000107E0,5.089950085E0,-8.890050888E0
2.366834431E2,-1.951050043E0,6.622950077E0,-2.311050177E0
2.366858868E2,5.302950382E0,4.336050034E0,1.702950120E0
2.366883303E2,6.054000378E0,8.740500212E-1,-4.954050064E0
2.366907739E2,1.227000117E0,4.606950283E0,2.569950104E0
2.366932174E2,6.780000210E0,5.107050419E0,4.873050213E0
2.366956610E2,6.411000252E0,5.281950474E0,-2.194050074E0
2.366981045E2,2.026950121E0,6.259050369E0,2.734950066E0
2.367005482E2,2.875050068E0,7.791000366E0,2.878950119E0
2.367029918E2,2.851050138E0,7.204050541E0,-2.869050026E0
2.367054352E2,4.126950264E0,9.544050217E0,-4.108950138E0
2.367078789E2,9.394050598E0,1.045800018E1,-1.317600060E1
2.367103225E2,2.350050211E0,7.471950531E0,-1.219200039E1
2.367127660E2,-4.519500136E-1,9.064949989E0,-3.669000149E0
2.367152096E2,2.650050163E0,1.059195042E1,-1.624050021E0
2.367176531E2,3.816000223E0,6.085950375E0,-2.983950138E0
2.367200967E2,1.690500081E-1,7.077000141E0,-1.080000028E-1
2.367225401E2,5.146950245E0,9.759000778E0,-3.090000153E-1
2.367249838E2,5.254950047E0,6.670050144E0,-7.851000309E0
2.367274274E2,4.729500115E-1,6.571950436E0,-2.470950127E0
2.367298709E2,2.319000006E0,7.513050556E0,-2.929050207E0
2.367323146E2,3.151950121E0,5.298000336E0,-3.930000305E0
2.367347580E2,5.238000393E0,9.285000801E0,-3.910500109E-1
2.367372017E2,9.310950279E0,1.066605091E1,-5.206050396E0
2.367396453E2,4.387950420E0,7.053000450E0,-6.478950500E0
2.367420888E2,-1.372050047E0,1.133895016E1,2.614950180E0
2.367445324E2,2.686050177E0,9.511950493E0,3.525000095E0
2.367469761E2,3.424950123E0,6.400050163E0,-1.162050009E0
2.367494195E2,1.804050088E0,9.859950066E0,6.979500055E-1
2.367518631E2,5.803050041E0,1.135605049E1,-1.747950077E0
2.367543066E2,3.841950178E0,8.811000824E0,-6.955950260E0
2.367567502E2,1.180050015E0,1.051095009E1,-4.030500054E-1
2.367591937E2,3.021000147E0,1.244100094E1,-9.370500445E-1
2.367616373E2,3.627000093E0,1.145700073E1,-3.048000097E0
2.367640810E2,3.888000250E0,1.532100105E1,-6.469500065E-1
2.367665245E2,7.363950253E0,1.633095169E1,-6.589950085E0
2.367689681E2,4.891050339E0,1.135605049E1,-9.535050392E0
2.367714118E2,1.633950114E0,1.105005074E1,-5.596050262E0
2.367738552E2,5.491950035E0,1.148805046E1,-5.725050449E0
2.367762988E2,5.635050297E0,7.486950397E0,-7.666950226E0
2.367787423E2,3.145050049E0,7.176000118E0,-4.284000397E0
2.367811859E2,8.568000793E0,1.026195049E1,-3.964950085E0
2.367836294E2,6.021000385E0,7.951050282E0,-7.048950195E0
2.367860731E2,1.906950116E0,6.316050529E0,-9.250500202E-1
2.367885167E2,3.840000153E0,7.204050541E0,-2.730000019E-1
2.367909602E2,1.299000025E0,8.167050362E0,-7.710000277E-1
2.367934039E2,8.250000477E-1,9.715950012E0,7.380000353E-1
2.367958475E2,6.435000420E0,9.250950813E0,-2.052000046E0
2.367982909E2,6.250950336E0,4.084949970E0,-7.056000233E0
2.368007346E2,-2.269500047E-1,6.819000244E0,-3.714000225E0
2.368031780E2,6.090000153E0,4.795950413E0,-3.292950153E0
2.368056216E2,5.971050262E0,2.004000187E0,-8.509950638E0
2.368080651E2,1.374000072E0,3.973950148E0,-2.254050016E0
2.368105088E2,7.741950512E0,5.602950096E0,8.220000267E-1
2.368129524E2,6.994950294E0,4.401000023E0,-3.637050152E0
2.368153959E2,1.645950079E0,6.859950542E0,3.604050159E0
2.368178395E2,9.619500637E-1,8.571000099E0,3.652050257E0
2.368202830E2,2.022000074E0,6.643950462E0,1.590000093E-1
2.368227266E2,3.709950209E0,1.087500095E1,-6.229500175E-1
2.368251703E2,8.638050079E0,1.076700020E1,-9.750000000E0
2.368276137E2,2.547000170E0,6.618000507E0,-8.752050400E0
2.368300573E2,3.679500222E-1,7.432050228E0,-2.919000149E0
2.368325010E2,2.899050236E0,1.101405048E1,-8.170500398E-1
2.368349445E2,1.812000036E0,6.543000221E0,-1.534950018E0
2.368373881E2,1.242000103E0,6.711000443E0,9.630000591E-1
2.368398316E2,5.476950169E0,1.198305035E1,-3.180000067E0
2.368422752E2,3.949950218E0,9.840000153E0,-6.427050114E0
2.368447186E2,1.222950101E0,8.536050797E0,-2.850000143E0
2.368471623E2,3.780000210E0,7.555950165E0,-4.450950146E0
2.368496060E2,3.526050091E0,7.357950211E0,-5.650950432E0
2.368520494E2,6.868050098E0,1.055205059E1,-3.348000050E0
2.368544930E2,1.012695026E1,8.488050461E0,-9.238050461E0
2.368569365E2,4.291950226E0,6.184050083E0,-9.307050705E0
2.368593802E2,1.570050120E0,7.942050457E0,-1.915950060E0
2.368618238E2,4.600950241E0,6.306000233E0,-2.473950148E0
2.368642673E2,2.022000074E0,4.048950195E0,-3.838950157E0
2.368667109E2,2.395950079E0,6.486000538E0,3.115950108E0
2.368691543E2,8.769000053E0,6.016950130E0,-6.679500341E-1
2.368715980E2,4.435950279E0,5.100000381E0,-2.854050159E0
2.368740416E2,5.430000424E-1,9.397050858E0,5.296950340E0
2.368764851E2,2.848050117E0,7.314000130E0,2.953050137E0
2.368789287E2,2.704950094E0,9.163050652E0,-1.110000089E-1
2.368813721E2,4.720950127E0,1.314495087E1,-2.565000057E0
2.368838158E2,6.556950092E0,1.127895069E1,-9.513000488E0
2.368862595E2,1.227000117E0,9.795000076E0,-6.400050163E0
2.368887029E2,5.119500160E-1,1.011300087E1,-1.159050107E0
2.368911465E2,3.160050154E0,1.055400085E1,-2.893050194E0
2.368935902E2,1.713000059E0,6.991050243E0,-1.705050111E0
2.368960336E2,2.142000198E0,7.530000210E0,9.970500469E-1
2.368984773E2,4.057950020E0,1.113795090E1,-3.970050097E0
2.369009208E2,3.976050138E0,9.301950455E0,-6.424050331E0
2.369033644E2,2.671050072E0,8.595000267E0,-3.754950285E0
2.369058078E2,4.225049973E0,8.101950645E0,-4.360050201E0
2.369082515E2,2.542050123E0,8.193000793E0,-2.847000122E0
2.369106951E2,6.811050415E0,1.095600033E1,-2.188950062E0
2.369131386E2,6.166950226E0,1.009905052E1,-7.147050381E0
2.369155822E2,1.543950081E0,6.910050392E0,-2.674950123E0
2.369180257E2,-7.440000176E-1,1.018005085E1,2.922000170E0
2.369204694E2,2.700000107E-1,4.575000286E0,7.860000134E-1
2.369229128E2,4.090500176E-1,4.231050014E0,-9.679500461E-1
2.369253564E2,2.998950243E0,7.149000168E0,9.180000424E-1
2.369278001E2,7.539000511E0,6.133950233E0,-5.883000374E0
2.369302435E2,1.263000011E0,7.063050270E0,-3.967950106E0
2.369326871E2,1.960500032E-1,9.654000282E0,2.836050034E0
2.369351308E2,2.745000124E0,6.948000431E0,-1.863000035E0
2.369375743E2,3.307950258E0,1.038900089E1,-2.938050032E0
2.369400179E2,9.639000893E0,1.183500099E1,-6.669000149E0
2.369424614E2,7.395000458E0,8.538000107E0,-1.129005051E1
2.369449050E2,1.072050095E0,9.618000031E0,-8.215050697E0
2.369473484E2,4.156050205E0,1.000305080E1,-3.403050184E0
2.369497921E2,6.837000370E0,4.864950180E0,-8.184000015E0
2.369522357E2,2.487000227E0,7.120950222E0,-2.974050045E0
2.369546792E2,8.479949951E0,8.461050034E0,-1.729050040E0
2.369571228E2,8.568000793E0,7.816950321E0,-7.984950542E0
2.369595665E2,1.507950068E0,8.815950394E0,-3.228000164E0
2.369620099E2,2.326050043E0,9.625050545E0,-7.519500256E-1
2.369644536E2,3.865950108E0,6.955050468E0,-3.454950094E0
2.369668971E2,4.998000145E0,1.158795071E1,-1.702950120E0
2.369693407E2,1.066095066E1,9.972000122E0,-6.886050224E0
2.369717844E2,2.721000195E0,1.003905010E1,-8.553000450E0
2.369742278E2,-1.651950121E0,1.072605038E1,-6.010500193E-1
2.369766714E2,2.389050007E0,8.904000282E0,1.873050094E0
2.369791149E2,4.033950329E0,5.434950352E0,-3.091950178E0
2.369815586E2,2.155950069E0,7.968000412E0,-1.129500046E-1
2.369840020E2,5.947050095E0,8.185950279E0,-3.043950081E0
2.369864457E2,5.098950386E0,7.860000610E0,-6.148950100E0
2.369888892E2,1.306050062E0,9.168000221E0,-3.619500101E-1
2.369913327E2,2.374050140E0,8.895000458E0,-1.674000025E0
2.369937763E2,2.230950117E0,7.717050552E0,-2.770950079E0
2.369962200E2,4.321050167E0,1.066905022E1,-6.180000305E-1
2.369986635E2,8.568000793E0,1.019205093E1,-6.574950218E0
2.370011071E2,3.685950279E0,6.697050095E0,-7.417950153E0
2.370035506E2,1.819050074E0,8.263050079E0,-4.116000175E0
2.370059942E2,5.319000244E0,6.697050095E0,-4.810950279E0
2.370084376E2,2.833950043E0,3.667950153E0,-5.574000359E0
2.370108813E2,3.864000082E0,5.095050335E0,-5.080500245E-1
2.370133249E2,7.204050541E0,7.027050495E0,-3.181950092E0
2.370157684E2,2.992050171E0,3.970050097E0,-4.179000378E0
2.370182120E2,1.948050141E0,6.627000332E0,1.855950117E0
2.370206557E2,4.879050255E0,3.163050175E0,-3.076950073E0
2.370230991E2,3.388950109E0,5.974050522E0,-3.312000275E0
2.370255428E2,7.333050251E0,8.619000435E0,-2.458950043E0
2.370279862E2,7.624950409E0,4.834050179E0,-9.087000847E0
2.370304299E2,-4.909500182E-1,7.402950287E0,-7.044000149E0
2.370328735E2,3.163950205E0,7.048950195E0,-3.367050171E0
2.370353170E2,8.544000626E0,3.253950119E0,-5.548050404E0
2.370377606E2,2.200050116E0,3.109950066E0,-4.291050434E0
2.370402041E2,6.069000244E0,5.575950146E0,3.199950218E0
2.370426477E2,1.090500069E1,4.558950424E0,-3.622950077E0
2.370450912E2,3.670050144E0,7.234950542E0,-2.875950098E0
2.370475349E2,3.243000269E0,8.325000763E0,3.001050234E0
2.370499785E2,5.185050011E0,6.472050190E0,-4.236000061E0
2.370524219E2,3.588000059E0,9.208050728E0,-1.822950125E0
2.370548655E2,8.407950401E0,1.108995056E1,-6.190050125E0
2.370573092E2,4.900050163E0,8.899050713E0,-1.015200043E1
2.370597527E2,1.800000109E-2,9.727950096E0,-2.305950165E0
2.370621963E2,2.259000063E0,1.141095066E1,-1.288950086E0
2.370646398E2,3.387000084E0,9.730050087E0,-5.313000202E0
2.370670834E2,2.278950214E0,8.773050308E0,-3.000000119E-1
2.370695269E2,4.891050339E0,1.122405052E1,-2.929050207E0
2.370719706E2,4.330049992E0,1.140195084E1,-5.874000072E0
2.370744142E2,1.732950091E0,1.147095013E1,-1.188000083E0
2.370768576E2,3.588000059E0,1.179405022E1,-3.148950100E0
2.370793012E2,3.097050190E0,9.100950241E0,-2.677050114E0
2.370817447E2,3.319950104E0,1.242600060E1,1.296000004E0
2.370841883E2,1.000005054E1,1.405395031E1,-5.311050415E0
2.370866320E2,3.981000185E0,9.424050331E0,-6.328950405E0
2.370890755E2,1.939050078E0,1.134405041E1,-3.040950060E0
2.370915191E2,5.844000340E0,1.084095097E1,-3.250050068E0
2.370939626E2,3.022950172E0,7.578000546E0,-5.104950428E0
2.370964063E2,2.745000124E0,9.831000328E0,5.010000467E-1
2.370988499E2,8.044050217E0,1.114305019E1,-2.899950027E0
2.371012933E2,3.379950047E0,9.682050705E0,-4.698000431E0
2.371037370E2,2.410050154E0,1.029105091E1,-3.400500119E-1
2.371061804E2,3.990000248E0,9.318000793E0,-2.998050213E0
2.371086240E2,2.322000027E0,7.846050262E0,-3.319050074E0
2.371110677E2,7.198950291E0,1.132995033E1,-4.513950348E0
2.371135112E2,6.868050098E0,9.055050850E0,-1.088295078E1
2.371159548E2,1.630050063E0,8.442000389E0,-7.345950127E0
2.371183985E2,1.570050120E0,8.725049973E0,-7.740000486E-1
2.371208420E2,4.345050335E0,6.298950195E0,-3.147000074E0
2.371232856E2,1.939050078E0,5.851950169E0,-3.465000153E0
2.371257290E2,4.632000446E0,7.123050213E0,3.889500201E-1
2.371281727E2,9.355950356E0,5.230950356E0,-7.126050472E0
2.371306161E2,1.855050087E0,6.979050159E0,-5.764050484E0
2.371330597E2,2.259000063E0,7.942050457E0,-1.023000002E0
2.371355034E2,5.238000393E0,4.603950024E0,-4.990050316E0
2.371379469E2,4.024050236E0,8.425050735E0,-3.051000118E0
2.371403905E2,9.757950783E0,9.136950493E0,-3.171000242E0
2.371428342E2,3.796950102E0,6.496050358E0,-9.055950165E0
2.371452776E2,-1.639950037E0,8.566950798E0,-5.814000130E0
2.371477213E2,4.402050018E0,6.157950401E0,-3.148950100E0
2.371501647E2,5.803050041E0,3.541050196E0,-6.321000099E0
2.371526084E2,1.132050037E0,4.944000244E0,-1.285950065E0
2.371550518E2,7.054950237E0,6.084000111E0,1.548000097E0
2.371574955E2,6.880050182E0,4.942050457E0,-5.823000431E0
2.371599391E2,-4.305000231E-2,7.603950500E0,-7.020000219E-1
2.371623826E2,3.114000082E0,6.852000237E0,-1.036949992E0
2.371648262E2,3.715050220E0,5.883000374E0,-5.383050442E0
2.371672697E2,6.378000259E0,9.757050514E0,-2.281949997E0
2.371697133E2,9.801000595E0,7.860000610E0,-8.512050629E0
2.371721570E2,1.720500141E-1,8.622000694E0,-6.787950516E0
2.371746004E2,-8.710500598E-1,9.145950317E0,7.480500340E-1
2.371770441E2,5.977950096E0,7.033950329E0,-2.042999983E0
2.371794875E2,3.825000286E0,4.779000282E0,-5.340000153E0
2.371819312E2,3.982950211E0,6.666000366E0,-1.036949992E0
2.371843748E2,7.972050190E0,6.745050430E0,-4.090050220E0
2.371868183E2,2.761950016E0,7.171050549E0,-4.617000103E0
2.371892619E2,1.980000138E-1,9.663000107E0,2.227950096E0
2.371917054E2,3.600000143E0,7.093950272E0,-2.778000116E0
2.371941490E2,3.145050049E0,7.654050350E0,-3.565950155E0
2.371965927E2,7.825950146E0,1.051995087E1,-3.409950256E0
2.371990361E2,6.382050514E0,7.903050423E0,-8.233950615E0
2.372014797E2,-1.270500124E-1,9.117000580E0,-2.136000156E0
2.372039232E2,2.128050089E0,9.888000488E0,2.058000088E0
2.372063668E2,4.855050087E0,5.787000179E0,-2.845050097E0
2.372088105E2,2.238000154E0,5.871000290E0,-1.437000036E0
2.372112540E2,6.330000401E0,8.944950104E0,6.105000153E-2
2.372136976E2,6.136050224E0,7.915050507E0,-5.572050095E0
2.372161411E2,4.999500215E-1,8.559000015E0,-8.980500698E-1
2.372185847E2,1.876050115E0,1.049400043E1,1.131000042E0
2.372210284E2,3.490050077E0,8.659950256E0,-3.268950224E0
2.372234719E2,4.090950012E0,1.089600086E1,-2.922000170E0
2.372259155E2,8.434050560E0,1.171500015E1,-7.588050365E0
2.372283589E2,4.042950153E0,9.622950554E0,-8.299050331E0
2.372308026E2,-5.479500294E-1,1.096305084E1,-2.134050131E0
2.372332460E2,2.074949980E0,9.462000847E0,-5.940000415E-1
2.372356897E2,3.151950121E0,5.409000397E0,-4.368000031E0
2.372381333E2,3.004050255E0,7.273950577E0,-8.100000620E-1
2.372405768E2,7.831050396E0,7.798050404E0,-3.763950109E0
2.372430204E2,5.440950394E0,6.526950359E0,-6.436050415E0
2.372454639E2,1.126950026E0,8.964000702E0,8.200500607E-1
2.372479076E2,3.133050203E0,8.478000641E0,-7.695000619E-2
2.372503512E2,2.085000038E0,7.279050350E0,-2.344050169E0
2.372527946E2,5.110950470E0,1.085100079E1,-1.546950102E0
2.372552383E2,7.582050323E0,8.088000298E0,-9.175050735E0
2.372576820E2,1.732950091E0,8.491950035E0,-7.477950573E0
2.372601254E2,5.040000081E-1,9.250950813E0,-1.497000098E0
2.372625690E2,5.164050102E0,6.445050240E0,-2.422950029E0
2.372650125E2,1.536000013E0,5.454000473E0,-2.371050119E0
2.372674561E2,4.603050232E0,7.980000496E0,1.026000023E0
2.372698996E2,8.608950615E0,6.759000301E0,-5.953050137E0
2.372723432E2,1.327950120E0,7.113000393E0,-5.550000191E0
2.372747869E2,1.801950097E0,9.796950340E0,-2.020500153E-1
2.372772303E2,4.891050339E0,5.751000404E0,-5.023950100E0
2.372796739E2,3.945000172E0,8.430000305E0,-3.829050064E0
2.372821176E2,9.034950256E0,1.026405048E1,-6.369000435E0
2.372845611E2,4.749000072E0,8.631000519E0,-1.072200012E1
2.372870047E2,-9.220500588E-1,1.009200001E1,-4.339050293E0
2.372894482E2,2.932050228E0,8.239050865E0,1.675050020E0
2.372918918E2,5.041950226E0,4.663950443E0,-3.124950171E0
2.372943353E2,1.996050119E0,6.867000103E0,-1.750500053E-1
2.372967790E2,7.816950321E0,7.365000248E0,-9.529500604E-1
2.372992226E2,5.773950100E0,6.904950142E0,-6.763950348E0
2.373016660E2,-5.550000072E-1,9.034049988E0,-7.260000110E-1
2.373041096E2,2.584950209E0,8.296050072E0,-3.310500085E-1
2.373065531E2,2.961000204E0,7.627950191E0,-2.944950104E0
2.373089967E2,4.405050278E0,1.073805046E1,-1.369500011E-1
2.373114402E2,8.803050041E0,1.021395016E1,-7.192950249E0
2.373138839E2,3.343950272E0,9.313950539E0,-6.793050289E0
2.373163275E2,-4.999500215E-1,1.099200058E1,-4.950000439E-3
2.373187710E2,2.608950138E0,8.755949974E0,3.430500031E-1
2.373212146E2,3.406050205E0,7.144050121E0,-3.321000099E0
2.373236582E2,3.697950125E0,8.725049973E0,4.290000200E-1
2.373261017E2,7.510050297E0,1.093500042E1,-3.357000113E0
2.373285453E2,3.564000130E0,8.634000778E0,-4.882050037E0
2.373309888E2,2.902950048E0,1.133205032E1,-7.500000298E-2
2.373334324E2,4.929000378E0,1.054200077E1,-4.918050289E0
2.373358761E2,2.716950178E0,1.079805088E1,-1.933050036E0
2.373383196E2,6.991050243E0,1.387500095E1,-2.392050028E0
2.373407632E2,6.598050117E0,1.192605019E1,-7.807950497E0
2.373432066E2,9.589500427E-1,1.159305096E1,-3.697050095E0
2.373456503E2,1.800000072E0,1.164300060E1,-1.564050078E0
2.373480940E2,3.973950148E0,7.932000160E0,-4.936950207E0
2.373505374E2,1.512000084E0,7.432050228E0,-3.658950090E0
2.373529810E2,6.564000130E0,9.646050453E0,-1.947000146E0
2.373554245E2,6.682050228E0,8.623950005E0,-6.499050140E0
2.373578681E2,1.558050036E0,8.277000427E0,-1.746000051E0
2.373603118E2,4.741950035E0,9.840000153E0,4.510500133E-1
2.373627553E2,3.844050169E0,7.947000504E0,-2.545950174E0
2.373651989E2,4.575000286E0,9.727950096E0,-1.702950120E0
2.373676424E2,8.295000076E0,9.730050087E0,-7.320000172E0
2.373700860E2,3.114000082E0,6.874050140E0,-8.590950012E0
2.373725294E2,3.769500256E-1,8.788949966E0,-2.351999998E0
2.373749731E2,4.255949974E0,5.871000290E0,-2.353950024E0
2.373774167E2,3.982950211E0,3.274950266E0,-6.127050400E0
2.373798602E2,3.175950050E0,5.442000389E0,-3.312000275E0
2.373823038E2,8.869950294E0,4.738050461E0,-5.344950199E0
2.373847475E2,2.820000172E0,5.409000397E0,-8.067000389E0
2.373871910E2,-1.209000111E0,7.012950420E0,-9.439500570E-1
2.373896346E2,3.724950075E0,3.184050083E0,-1.638000131E0
2.373920781E2,4.338000298E0,3.558000088E0,-4.762950420E0
2.373945217E2,6.981000423E0,6.874050140E0,-3.051000118E0
2.373969653E2,7.362000465E0,2.911050081E0,-5.986050129E0
2.373994088E2,0.000000000E0,4.903050423E0,-4.818000317E0
2.374018524E2,2.950950146E0,3.984000206E0,-4.618950367E0
2.374042959E2,8.140049934E0,1.422000051E0,-6.235050201E0
2.374067396E2,2.314050198E0,9.720000625E-1,-4.735949993E0
2.374091832E2,4.420950413E0,3.715950251E0,2.236950159E0
2.374116267E2,7.218000412E0,2.868000031E0,-1.696050048E0
2.374140703E2,2.592000008E0,4.432050228E0,-2.050050020E0
2.374165137E2,4.126950264E0,6.225000381E0,1.315050006E0
2.374189573E2,4.138950348E0,4.210950375E0,-4.803000450E0
2.374214010E2,3.516000271E0,8.392050743E0,-4.009050369E0
2.374238445E2,8.530050278E0,9.321000099E0,-4.935000420E0
2.374262881E2,1.591050029E0,6.787950516E0,-9.307050705E0
2.374287316E2,-2.622000217E0,9.799950600E0,3.343050241E0
2.374311752E2,2.464950085E0,7.654050350E0,-3.210000098E-1
2.374336187E2,3.097050190E0,5.557050228E0,-3.154050112E0
2.374360624E2,4.426050186E0,8.039999962E0,-6.660000086E-1
2.374385060E2,8.038949966E0,7.279050350E0,-5.962050438E0
2.374409494E2,3.435000181E0,7.105950356E0,-7.200000286E0
2.374433930E2,1.546050072E0,1.036005020E1,-2.826000214E0
2.374458367E2,2.776950121E0,9.271050453E0,-4.456050396E0
2.374482802E2,1.693950057E0,7.879950523E0,-1.420050025E0
2.374507238E2,7.599000454E0,1.057095051E1,-1.846050143E0
2.374531673E2,7.915050507E0,9.409049988E0,-6.949050426E0
2.374556109E2,2.566050053E0,8.002050400E0,-2.941050053E0
2.374580543E2,3.799050093E0,1.113795090E1,-1.030500084E-1
2.374604980E2,4.785000324E0,7.396050453E0,-3.939000130E0
2.374629417E2,1.764000058E0,7.008000374E0,-2.476050138E0
2.374653851E2,4.486050129E0,9.487950325E0,1.540500075E-1
2.374678287E2,5.167950153E0,8.932950020E0,-4.723950386E0
2.374702724E2,2.910000086E-1,9.591000557E0,-7.710000277E-1
2.374727159E2,2.725950241E0,1.008495045E1,-6.400500536E-1
2.374751595E2,3.504000187E0,8.254950523E0,-2.818950176E0
2.374776029E2,3.375000238E0,1.133205032E1,-1.279050112E0
2.374800465E2,9.342000008E0,1.111395073E1,-6.376050472E0
2.374824902E2,3.270000219E0,1.023795033E1,-6.159000397E0
2.374849337E2,3.340500295E-1,1.183695030E1,7.500000298E-2
2.374873773E2,3.627000093E0,1.003695011E1,-2.172000170E0
2.374898208E2,3.018000126E0,6.265950203E0,-3.445950270E0
2.374922644E2,2.880000114E0,8.836950302E0,3.979500234E-1
2.374947078E2,7.174950123E0,1.074795055E1,-3.517950058E0
2.374971515E2,4.141050339E0,8.986050606E0,-5.163000107E0
2.374995951E2,2.686050177E0,1.134600067E1,-1.375050068E0
2.375020386E2,4.326000214E0,9.430950165E0,-4.995000362E0
2.375044822E2,2.439000130E0,1.069005013E1,-2.359050035E0
2.375069257E2,7.171950340E0,1.294800091E1,-3.051000118E0
2.375093694E2,7.450050354E0,1.101795006E1,-8.092950821E0
2.375118130E2,1.546050072E0,1.117605019E1,-5.761050224E0
2.375142565E2,1.594050050E0,9.709050179E0,-2.287050009E0
2.375167001E2,4.306950092E0,7.113000393E0,-5.488050461E0
2.375191435E2,2.590050220E0,5.562000275E0,-4.642950058E0
2.375215872E2,7.213050365E0,7.618950367E0,-3.261000156E0
2.375240308E2,7.326000214E0,5.976000309E0,-7.866000175E0
2.375264743E2,1.843050122E0,6.880950451E0,-3.829050064E0
2.375289179E2,4.285050392E0,8.578950882E0,-1.269000053E0
2.375313616E2,3.828000069E0,5.473050117E0,-3.573000193E0
2.375338050E2,5.290950298E0,9.301950455E0,-2.578950167E0
2.375362487E2,7.761000156E0,8.020950317E0,-7.344000340E0
2.375386921E2,2.427000046E0,6.898050308E0,-7.759950161E0
2.375411357E2,6.340500116E-1,7.033950329E0,-3.106050253E0
2.375435792E2,7.098000526E0,5.028000355E0,-3.336000204E0
2.375460229E2,3.955050230E0,3.450000048E0,-6.391050339E0
2.375484665E2,2.575050116E0,5.947050095E0,3.529500067E-1
2.375509100E2,8.554050446E0,4.957950115E0,-2.598000050E0
2.375533536E2,3.403950214E0,5.394000053E0,-3.855000257E0
2.375557971E2,1.306050062E0,8.686050415E0,4.234050274E0
2.375582407E2,3.472950220E0,5.404050350E0,-2.028000116E0
2.375606844E2,4.366050243E0,7.149000168E0,-2.956950188E0
2.375631278E2,1.059600067E1,8.872950554E0,-6.589950085E0
2.375655714E2,5.398050308E0,7.312050343E0,-1.253505039E1
2.375680149E2,-1.270950079E0,9.141000748E0,-2.064000130E0
2.375704586E2,-1.410000026E-1,9.414000511E0,1.834950089E0
2.375729020E2,2.902950048E0,6.867000103E0,-6.130500436E-1
2.375753457E2,1.567050099E0,6.036000252E0,3.220500052E-1
2.375777893E2,6.660000324E0,7.477050304E0,2.205000073E-2
2.375802327E2,4.692000389E0,7.161000252E0,-4.794000149E0
2.375826763E2,1.570050120E0,7.657050133E0,2.809500098E-1
2.375851200E2,2.592000008E0,9.787950516E0,-1.711950064E0
2.375875635E2,2.049000025E0,7.321950436E0,-1.582950115E0
2.375900071E2,3.097050190E0,1.027395058E1,-2.710500062E-1
2.375924506E2,6.739050388E0,1.098300076E1,-5.794950485E0
2.375948942E2,2.098950148E0,8.800950050E0,-3.292950153E0
2.375973379E2,4.399500191E-1,1.010400009E1,-9.060000181E-1
2.375997813E2,3.334050179E0,9.187050819E0,-1.126049995E0
2.376022250E2,2.626050234E0,6.352050304E0,-3.247050047E0
2.376046684E2,3.172050238E0,7.021950245E0,7.690500617E-1
2.376071120E2,7.207950115E0,9.562950134E0,-2.821050167E0
2.376095557E2,3.610050201E0,7.690050602E0,-5.742000103E0
2.376119992E2,3.355950117E0,1.044600010E1,-5.629500151E-1
2.376144428E2,4.543950081E0,8.485050201E0,-4.011000156E0
2.376168863E2,3.451950073E0,9.625050545E0,-2.754000187E0
2.376193299E2,9.061950684E0,1.186800098E1,-5.026050091E0
2.376217733E2,5.760000229E0,8.545050621E0,-9.369000435E0
2.376242170E2,1.077000022E0,9.352050781E0,-3.865050077E0
2.376266606E2,4.156050205E0,9.529050827E0,-2.088000059E0
2.376291041E2,3.931050301E0,6.333000183E0,-4.273950100E0
2.376315477E2,2.080049992E0,6.517050266E0,-8.895000070E-2
2.376339912E2,7.426050186E0,9.321000099E0,-2.656050205E0
2.376364349E2,3.904050112E0,7.189950466E0,-5.749050140E0
2.376388785E2,7.699500322E-1,9.144000053E0,6.040500402E-1
2.376413220E2,2.359950066E0,9.103050232E0,-9.820500612E-1
2.376437656E2,1.675050020E0,7.350000381E0,-1.918050051E0
2.376462093E2,7.110000134E0,1.124805069E1,-2.464050055E0
2.376486527E2,6.841950417E0,8.112000465E0,-9.799950600E0
2.376510963E2,2.269500047E-1,9.145950317E0,-5.584050179E0
2.376535398E2,5.119500160E-1,9.928950310E0,-1.068000078E0
2.376559834E2,4.183950424E0,6.751950264E0,-2.100000143E0
2.376584269E2,3.049950123E0,5.515950203E0,-2.874000072E0
2.376608705E2,5.335950375E0,7.089000225E0,-2.032950163E0
2.376633142E2,6.859050274E0,7.021950245E0,-6.907950401E0
2.376657577E2,1.351950049E0,7.393050194E0,-4.210050106E0
2.376682013E2,2.719050169E0,9.598950386E0,-1.216950059E0
2.376706450E2,3.397050142E0,6.069000244E0,-5.100000381E0
2.376730884E2,4.764000416E0,9.334950447E0,-2.373000145E0
2.376755321E2,9.523950577E0,8.574000359E0,-8.209950447E0
2.376779755E2,3.042000055E0,7.197000504E0,-8.590950012E0
2.376804191E2,6.550500393E-1,9.004950523E0,-2.083950043E0
2.376828626E2,4.137000084E0,6.979050159E0,-2.340000153E0
2.376853063E2,2.575050116E0,4.447950363E0,-3.925050259E0
2.376877499E2,3.736950159E0,6.835950375E0,1.110000089E-1
2.376901934E2,9.040050507E0,6.490950108E0,-4.462950230E0
2.376926370E2,3.435000181E0,6.735000134E0,-4.923000336E0
2.376950805E2,1.384950042E0,9.805050850E0,1.867950082E0
2.376975241E2,4.773000240E0,6.510000229E0,-2.347050190E0
2.376999678E2,4.234950066E0,9.511950493E0,-1.765050054E0
2.377024112E2,9.399000168E0,1.051995087E1,-5.622000217E0
2.377048548E2,5.010000229E0,8.962050438E0,-9.954000473E0
2.377072983E2,-1.264050007E0,1.059000015E1,-2.026050091E0
2.377097420E2,7.699500322E-1,9.523950577E0,2.380500138E-1
2.377121856E2,4.522050381E0,7.389000416E0,-4.167000294E0
2.377146291E2,4.156050205E0,6.445050240E0,-1.456050038E0
2.377170727E2,8.383950233E0,8.196000099E0,-4.096950054E0
2.377195162E2,5.820000172E0,7.966050148E0,-5.503050327E0
2.377219598E2,2.080049992E0,9.895050049E0,-1.032000065E0
2.377244035E2,3.982950211E0,1.019700050E1,-2.529000044E0
2.377268469E2,2.590050220E0,8.100000381E0,-3.999000072E0
2.377292905E2,5.595000267E0,1.108995056E1,-2.251049995E0
2.377317340E2,7.654050350E0,9.223050117E0,-8.008950233E0
2.377341776E2,1.651050091E0,9.120000839E0,-3.171000242E0
2.377366213E2,1.234950066E0,9.931050301E0,1.159950018E0
2.377390648E2,4.512000084E0,7.590000153E0,-1.106999993E0
2.377415084E2,2.121000051E0,5.049000263E0,-2.064000130E0
2.377439518E2,5.200050354E0,8.227050781E0,3.220500052E-1
2.377463955E2,6.592950344E0,7.149000168E0,-4.614000320E0
2.377488392E2,1.219950080E0,7.743000507E0,-1.453950047E0
2.377512826E2,2.359950066E0,9.571950912E0,1.420500129E-1
2.377537262E2,3.361050129E0,5.848950386E0,-3.727950096E0
2.377561697E2,4.998000145E0,8.737050056E0,-3.609000206E0
2.377586134E2,8.647050858E0,7.990050316E0,-7.945050240E0
2.377610568E2,3.235950232E0,7.626000404E0,-7.465950489E0
2.377635005E2,1.050000072E0,8.571000099E0,-2.659500241E-1
2.377659441E2,4.014000416E0,7.714050293E0,3.150000274E-1
2.377683876E2,2.724000216E0,4.855950356E0,-5.509500504E-1
2.377708312E2,3.835050106E0,6.867000103E0,3.360000253E-1
2.377732749E2,8.237999916E0,6.682050228E0,-4.413000107E0
2.377757183E2,2.707050085E0,6.213000298E0,-6.151050091E0
2.377781619E2,7.560000420E-1,9.069000244E0,3.700500131E-1
2.377806054E2,4.137000084E0,6.835950375E0,-1.284000039E0
2.377830490E2,4.885950089E0,7.506000519E0,-2.803950071E0
2.377854925E2,1.021800041E1,1.075695038E1,-6.060000420E0
2.377879362E2,6.114000320E0,8.650050163E0,-1.056600094E1
2.377903798E2,-4.620000124E-1,1.025205040E1,-4.309950352E0
2.377928232E2,2.923050165E0,1.010895061E1,-9.990000725E-1
2.377952668E2,5.295000076E0,5.416050434E0,-6.048000336E0
2.377977105E2,3.901950121E0,7.216050148E0,-2.088000059E0
2.378001539E2,9.733950615E0,7.750050545E0,-5.212950230E0
2.378025976E2,4.744950294E0,7.537050247E0,-7.291050434E0
2.378050411E2,6.379500031E-1,1.057800007E1,-1.300500035E-1
2.378074847E2,2.511000156E0,8.634000778E0,-2.019000053E0
2.378099282E2,1.813950062E0,8.374950409E0,-3.396000147E0
2.378123719E2,7.251000404E0,1.039095020E1,-2.947950125E0
2.378148155E2,7.024050236E0,8.346000671E0,-9.961050034E0
2.378172589E2,4.729500115E-1,9.337950706E0,-4.309950352E0
2.378197026E2,2.686050177E0,9.421050072E0,7.480500340E-1
2.378221460E2,5.431950092E0,5.512050152E0,-1.578000069E0
2.378245897E2,3.375000238E0,6.109950066E0,-9.970500469E-1
2.378270333E2,7.623000145E0,7.210950375E0,-2.452050209E0
2.378294768E2,6.864000320E0,8.707950592E0,-6.550950527E0
2.378319204E2,5.260500312E-1,9.313950539E0,-2.242050171E0
2.378343641E2,3.940500319E-1,1.086795044E1,2.034000158E0
2.378368076E2,3.343950272E0,8.667000771E0,-1.951950073E0
2.378392512E2,5.536950111E0,1.115700054E1,-2.694000244E0
2.378416946E2,9.646050453E0,1.212705040E1,-6.874050140E0
2.378441383E2,2.937000036E0,8.959050179E0,-6.094050407E0
2.378465817E2,1.360500008E-1,1.005105019E1,9.589500427E-1
2.378490254E2,3.499950171E0,1.060695076E1,-2.208000183E0
2.378514690E2,3.255000114E0,6.745050430E0,-2.608050108E0
2.378539125E2,6.001950264E0,8.278950691E0,-2.713050127E0
2.378563561E2,8.723999977E0,9.556050301E0,-6.775950432E0
2.378587996E2,3.030000210E0,9.151050568E0,-4.636050224E0
2.378612432E2,2.467950106E0,1.065405083E1,-1.645050049E0
2.378636869E2,3.394050121E0,8.257950783E0,-3.915000200E0
2.378661303E2,4.069050312E0,7.864950180E0,-3.937050104E0
2.378685740E2,9.065999985E0,9.823950768E0,-8.196000099E0
2.378710174E2,4.749000072E0,7.222950459E0,-1.036095047E1
2.378734611E2,8.920500278E-1,8.677050591E0,-2.337000132E0
2.378759047E2,3.439950228E0,7.345950127E0,-3.090000153E-1
2.378783482E2,4.287000179E0,4.518000126E0,-2.092950106E0
2.378807918E2,4.042950153E0,6.883050442E0,-5.295000225E-2
2.378832353E2,9.093000412E0,5.160000324E0,-3.963000298E0
2.378856790E2,4.648950100E0,5.593050480E0,-7.396050453E0
2.378881224E2,5.119500160E-1,7.518000126E0,-1.291050076E0
2.378905660E2,5.137050152E0,4.365000248E0,-1.720050097E0
2.378930097E2,5.164050102E0,5.149950027E0,-3.621000290E0
2.378954531E2,8.821949959E0,7.398000240E0,-4.083000183E0
2.378978968E2,6.117000103E0,5.851950169E0,-8.881050110E0
2.379003404E2,-1.168050051E0,6.582000256E0,-7.416000366E0
2.379027839E2,3.385050058E0,6.867000103E0,-1.924950123E0
2.379052275E2,5.716950417E0,2.080950022E0,-6.343050480E0
2.379076710E2,8.295000345E-2,4.663950443E0,-2.815950155E0
2.379101146E2,6.780000210E0,4.357950211E0,1.519050121E0
2.379125583E2,5.578050137E0,2.610000134E0,-4.939950466E0
2.379150018E2,-3.829500079E-1,5.172000408E0,-1.270500124E-1
2.379174454E2,3.946950197E0,4.642050266E0,2.104950190E0
2.379198888E2,3.865950108E0,3.988950253E0,-2.968950033E0
2.379223324E2,7.134000301E0,9.072000504E0,7.410000563E-1
2.379247761E2,7.168050289E0,6.979050159E0,-5.401950359E0
2.379272195E2,-2.629500031E-1,9.976950645E0,-1.914000034E0
2.379296632E2,-1.495950103E0,1.125495052E1,2.161050081E0
2.379321067E2,1.354050040E0,9.373950005E0,-2.212949991E0
2.379345503E2,2.247000217E0,9.349950790E0,-2.047950029E0
2.379369940E2,4.705950260E0,9.055050850E0,9.679500461E-1
2.379394374E2,2.884050131E0,9.709050179E0,-3.822000265E0
2.379418810E2,2.602050066E0,1.137300014E1,-3.012000084E0
2.379443245E2,6.199950218E0,1.345605087E1,-4.570950031E0
2.379467681E2,5.317050457E0,1.087695026E1,-6.247050285E0
2.379492116E2,4.435950279E0,1.180605030E1,-4.328999996E0
2.379516553E2,7.984050274E0,1.462905025E1,-6.175050259E0
2.379540989E2,3.519000053E0,1.291500092E1,-4.672049999E0
2.379565423E2,1.977000117E0,1.254795074E1,-1.252950072E0
2.379589860E2,4.783050060E0,1.234005070E1,-4.210050106E0
2.379614297E2,3.499950171E0,7.630050182E0,-8.116950035E0
2.379638732E2,4.129050255E0,6.370950222E0,-5.569950104E0
2.379663168E2,6.868050098E0,9.454950333E0,-8.578950882E0
2.379687602E2,2.425050020E0,7.390950203E0,-6.265950203E0
2.379712039E2,3.697950125E0,8.083050728E0,4.219500124E-1
2.379736473E2,3.958950281E0,6.663000107E0,8.100000620E-1
2.379760910E2,3.640950203E0,7.213950157E0,3.358050108E0
2.379785346E2,6.979050159E0,1.114095020E1,-1.249500066E-1
2.379809781E2,4.318050385E0,6.160050392E0,-5.368050098E0
2.379834217E2,4.420500100E-1,8.926050186E0,-2.042999983E0
2.379858652E2,3.226950169E0,7.908000469E0,-2.613000154E0
2.379883088E2,4.194000244E0,5.682000160E0,-3.355050087E0
2.379907525E2,2.508000135E0,7.771950245E0,1.758000135E0
2.379931959E2,5.953950405E0,7.506000519E0,-1.957050085E0
2.379956395E2,4.021950245E0,7.903050423E0,-3.901050091E0
2.379980830E2,1.657950044E0,1.022400093E1,-1.413000107E0
2.380005267E2,2.856000185E0,8.800950050E0,-3.831000090E0
2.380029703E2,3.636000156E0,6.766050339E0,-5.323050022E0
2.380054138E2,7.936050415E0,9.081000328E0,-6.774000168E0
2.380078574E2,7.137000561E0,8.569050789E0,-9.799950600E0
2.380103008E2,1.231950045E0,8.188050270E0,-4.831950188E0
2.380127445E2,3.472950220E0,8.764950752E0,-2.434950113E0
2.380151881E2,4.984050274E0,5.806050301E0,-6.532050133E0
2.380176316E2,2.757000208E0,3.498000145E0,-5.458950043E0
2.380200752E2,5.358000278E0,6.127050400E0,-4.534950256E0
2.380225189E2,3.672000170E0,4.530000210E0,-4.096950054E0
2.380249624E2,-3.280500174E-1,6.199050426E0,8.800500631E-1
2.380274060E2,3.940050125E0,4.264050007E0,1.947000146E0
2.380298494E2,6.634050369E0,1.060950041E0,-2.265000105E0
2.380322931E2,8.085000038E0,8.670000076E0,-2.104950190E0
2.380347365E2,9.271950722E0,5.089950085E0,-4.923000336E0
2.380371801E2,1.210500076E-1,8.014050484E0,-7.096950531E0
2.380396238E2,1.189050078E0,8.988000870E0,-3.475050211E0
2.380420673E2,4.744950294E0,6.558000088E0,-5.850000381E0
2.380445109E2,9.660000205E-1,8.149950027E0,1.708050132E0
2.380469544E2,2.295000076E0,7.164000511E0,3.814950228E0
2.380493980E2,6.504000187E0,8.080950737E0,-1.687950134E0
2.380518414E2,4.752000332E0,8.308050156E0,-3.244950056E0
2.380542851E2,7.371000290E0,8.842050552E0,-4.308000088E0
2.380567288E2,6.871050358E0,8.193000793E0,-9.742950439E0
2.380591722E2,5.070000172E0,9.972000122E0,-6.726000309E0
2.380616159E2,7.860000610E0,1.342200089E1,-9.621000290E0
2.380640595E2,1.282950044E0,1.095900059E1,-5.052000046E0
2.380665030E2,-1.219500080E-1,1.050600052E1,2.290050030E0
2.380689466E2,2.334000111E0,1.282605076E1,2.520000041E-1
2.380713900E2,1.551000118E0,8.008950233E0,-2.329500169E-1
2.380738337E2,-4.090500176E-1,6.394950390E0,8.389500380E-1
2.380762771E2,3.081000090E0,1.027395058E1,2.275050163E0
2.380787208E2,2.005950212E0,8.344050407E0,-2.143050194E0
2.380811644E2,2.254950047E0,9.577050209E0,4.320000112E-1
2.380836079E2,3.706050158E0,8.275050163E0,-2.304000139E0
2.380860516E2,2.511000156E0,8.677050591E0,-1.498950124E0
2.380884952E2,6.667050362E0,1.028595066E1,-3.453000069E0
2.380909386E2,3.649950266E0,7.836000443E0,-6.379050255E0
2.380933823E2,3.460500240E-1,8.277000427E0,-9.439500570E-1
2.380958257E2,3.616950274E0,8.284049988E0,-8.500500321E-1
2.380982693E2,5.034000397E0,4.258950233E0,-3.871950150E0
2.381007128E2,3.865950108E0,4.293000221E0,-3.355050087E0
2.381031565E2,7.972050190E0,7.221000195E0,-3.630000114E0
2.381056001E2,4.692000389E0,6.673050404E0,-6.328950405E0
2.381080436E2,1.740000129E0,7.912950516E0,-5.890500546E-1
2.381104872E2,2.881950140E0,8.502000809E0,-1.164000034E0
2.381129309E2,2.980050087E0,7.470000267E0,-1.855950117E0
2.381153743E2,7.491000175E0,1.081305027E1,-3.841050148E0
2.381178180E2,6.523950100E0,6.457050323E0,-9.975000381E0
2.381202614E2,1.483950019E0,8.071050644E0,-6.316950321E0
2.381227050E2,3.829950094E0,9.208050728E0,-3.870000124E0
2.381251487E2,5.358000278E0,5.559000492E0,-7.327050209E0
2.381275922E2,1.903050065E0,7.506000519E0,-3.427050114E0
2.381300358E2,7.242000580E0,7.336050510E0,-4.578000069E0
2.381324793E2,4.954950333E0,6.309000492E0,-9.345000267E0
2.381349229E2,1.345050097E0,7.731000423E0,-4.308000088E0
2.381373663E2,4.299000263E0,5.289000034E0,-2.422950029E0
2.381398100E2,3.616950274E0,5.137950420E0,-5.007000446E0
2.381422537E2,8.295000076E0,8.931000710E0,-2.767950058E0
2.381446971E2,8.257050514E0,5.965950489E0,-8.128950119E0
2.381471407E2,-1.630050063E0,8.739000320E0,-6.132000446E0
2.381495844E2,-2.895000204E-2,7.458000183E0,-2.289000034E0
2.381520279E2,5.098950386E0,4.639950275E0,-3.396000147E0
2.381544715E2,2.776950121E0,3.511950254E0,-3.637050152E0
2.381569149E2,4.498050213E0,4.237950325E0,2.721000195E0
2.381593586E2,7.783050537E0,2.629050016E0,-1.771950126E0
2.381618020E2,2.632950068E0,5.539950371E0,1.837050080E0
2.381642457E2,2.458050013E0,8.056950569E0,5.314050198E0
2.381666893E2,3.037950039E0,6.859950542E0,5.539500117E-1
2.381691328E2,4.186950207E0,1.012995052E1,-1.483050108E0
2.381715764E2,8.853000641E0,1.205505085E1,-9.949050903E0
2.381740201E2,2.419950008E0,8.844000816E0,-7.677000523E0
2.381764635E2,2.227950096E0,1.071900082E1,-2.401950121E0
2.381789072E2,3.190950155E0,1.484700108E1,-4.473000050E0
2.381813506E2,3.670050144E0,1.051095009E1,-2.104950190E0
2.381837943E2,2.923050165E0,1.093500042E1,-1.186050057E0
2.381862377E2,3.805950165E0,1.138200092E1,-2.763000250E0
2.381886814E2,2.374050140E0,1.095405006E1,-4.554000378E0
2.381911250E2,2.652000189E0,1.420500088E1,-1.633050084E0
2.381935685E2,3.145050049E0,1.197600079E1,-3.661050081E0
2.381960121E2,2.571000099E0,1.159095097E1,-2.842050076E0
2.381984556E2,5.656950474E0,1.367400074E1,-6.621000290E0
2.382008992E2,4.450050354E0,1.078095055E1,-9.301950455E0
2.382033429E2,2.370000124E0,8.895000458E0,-3.874050140E0
2.382057864E2,5.061000347E0,8.880000114E0,-3.853050232E0
2.382082300E2,4.318050385E0,6.175050259E0,-5.545950413E0
2.382106735E2,4.210950375E0,4.705049992E0,-1.959000111E0
2.382131171E2,8.128050804E0,7.168050289E0,-3.664050102E0
2.382155605E2,3.757950068E0,5.670000076E0,-3.589950085E0
2.382180042E2,4.429050446E0,8.662050247E0,6.442050457E0
2.382204478E2,4.060050011E0,7.470000267E0,3.094050169E0
2.382228913E2,3.085050106E0,6.898050308E0,3.667050123E0
2.382253349E2,8.640000343E0,1.343205070E1,6.310500503E-1
2.382277786E2,4.157999992E0,7.362000465E0,-8.657999992E0
2.382302221E2,3.630000055E-1,9.991050720E0,-3.154050112E0
2.382326657E2,2.029950142E0,9.108000755E0,-5.136000156E0
2.382351091E2,3.231000185E0,5.607000351E0,-5.919000149E0
2.382375527E2,4.378050327E0,6.229950428E0,-5.175000191E0
2.382399962E2,9.234000206E0,5.425050259E0,-7.554000378E0
2.382424398E2,5.734050274E0,6.265950203E0,-8.947950363E0
2.382448835E2,2.319000006E0,8.509050369E0,-6.280950069E0
2.382473270E2,3.550050259E0,6.709050179E0,-5.482950211E0
2.382497706E2,3.898950100E0,5.181000233E0,-6.538950443E0
2.382522143E2,5.893950462E0,8.992950439E0,-1.837050080E0
2.382546577E2,3.210000038E0,5.743950367E0,-2.706000090E0
2.382571014E2,-2.104050159E0,5.574000359E0,-2.947950125E0
2.382595448E2,-8.500500321E-1,3.409050226E0,2.134050131E0
2.382619885E2,4.387950420E0,-2.910000086E-1,-8.400000632E-2
2.382644319E2,4.050000191E0,-1.857000113E0,-1.819950104E0
2.382668756E2,6.109050274E0,8.520000577E-1,0.000000000E0
2.382693192E2,6.475950241E0,-9.160500169E-1,-8.190000653E-1
2.382717627E2,6.181050301E0,1.950000064E-3,-4.612050056E0
2.382742063E2,5.659050465E0,5.218950272E0,-7.405950546E0
2.382766497E2,3.307950258E0,6.406950474E0,-5.959950447E0
2.382790934E2,3.873000145E0,1.258395100E1,-1.143000007E0
2.382815368E2,3.957000256E0,1.277805042E1,4.609500170E-1
2.382839805E2,3.270000219E-1,8.763000488E0,2.101050138E0
2.382864241E2,-1.890000105E-1,1.149705029E1,2.009999990E0
2.382888676E2,2.434050083E0,1.365705109E1,2.011950016E0
2.382913113E2,6.322050095E0,9.900000572E0,2.047950029E0
2.382937549E2,8.094000816E0,8.539950371E0,-6.862950325E0
2.382961984E2,7.624950409E0,1.140600014E1,-1.480695057E1
2.382986420E2,2.451000214E0,1.306095028E1,-1.278105068E1
2.383010855E2,1.237050056E0,1.354200077E1,-8.167050362E0
2.383035291E2,1.309050083E0,1.158600044E1,-6.385950089E0
2.383059728E2,5.295000076E0,1.153995037E1,-4.152000427E0
2.383084162E2,8.923050880E0,1.340100098E1,-5.718000412E0
2.383108598E2,3.801000118E0,9.594000816E0,-5.140950203E0
2.383133035E2,3.555000067E0,1.002705002E1,8.205000311E-2
2.383157470E2,4.299000263E0,1.261500072E1,1.251000047E0
2.383181906E2,2.484000206E0,7.759950161E0,2.449500114E-1
2.383206341E2,3.202950239E0,9.393000603E0,2.778000116E0
2.383230777E2,2.785950184E0,1.061595058E1,1.800000109E-2
2.383255211E2,2.599500120E-1,8.548050880E0,-1.440000087E-1
2.383279648E2,1.692000031E0,1.214400101E1,4.792050362E0
2.383304085E2,2.379000187E0,8.989950180E0,-6.160500050E-1
2.383328519E2,1.990950108E0,1.142100048E1,-1.072950006E0
2.383352955E2,6.616950512E0,1.264200020E1,-5.251050472E0
2.383377390E2,2.250000000E0,9.579000473E0,-5.857050419E0
2.383401826E2,2.914950132E0,8.209950447E0,-3.586950064E0
2.383426261E2,5.014950275E0,1.044105053E1,-5.947950363E0
2.383450698E2,5.494050026E0,6.562950134E0,-8.032950401E0
2.383475134E2,5.680950165E0,6.727950096E0,-6.112950325E0
2.383499568E2,7.990950584E0,7.053000450E0,-6.688050270E0
2.383524004E2,5.281050205E0,7.069950104E0,-5.905050278E0
2.383548441E2,4.492950439E0,8.392050743E0,-2.188950062E0
2.383572876E2,5.202000141E0,7.057950497E0,-5.056950092E0
2.383597312E2,4.788000107E0,6.919050217E0,-8.397000313E0
2.383621747E2,4.468950272E0,1.192800045E1,-5.068950176E0
2.383646183E2,1.759500057E-1,6.799950123E0,-3.319050074E0
2.383670617E2,-3.079050064E0,6.912000179E0,2.932050228E0
2.383695054E2,8.850000501E-1,6.316050529E0,4.765950203E0
2.383719490E2,5.110950470E0,2.563950062E0,-1.297950029E0
2.383743925E2,6.286950111E0,5.353950024E0,3.000000026E-3
2.383768362E2,9.715050697E0,4.554000378E0,-2.481000185E0
2.383792798E2,4.705950260E0,6.541050434E0,-8.260950089E0
2.383817233E2,6.070500016E-1,1.010400009E1,-3.313950062E0
2.383841669E2,2.659050226E0,7.981950283E0,-1.059000015E0
2.383866103E2,3.817950249E0,1.011300087E1,-3.640500307E-1
2.383890540E2,9.670050621E0,1.247700024E1,-6.400050163E0
2.383914974E2,7.539000511E0,1.047705078E1,-9.520050049E0
2.383939411E2,2.779050112E0,9.508050919E0,-4.132950306E0
2.383963847E2,4.383000374E0,1.072200012E1,-3.838950157E0
2.383988282E2,4.279950142E0,9.256050110E0,-7.258050442E0
2.384012718E2,2.965950251E0,8.245950699E0,-3.039000034E0
2.384037152E2,7.747050285E0,8.482950211E0,-8.122050285E0
2.384061589E2,2.796000242E0,7.915050507E0,-7.519050121E0
2.384086025E2,1.000050068E0,1.051305008E1,-3.640500307E-1
2.384110460E2,2.604000092E0,9.457050323E0,-3.192000151E0
2.384134896E2,1.836000085E0,5.892000198E0,-1.000950098E0
2.384159331E2,7.857000351E0,9.412050247E0,-3.136950254E0
2.384183768E2,4.153050423E0,8.356050491E0,-5.838000298E0
2.384208204E2,7.890000343E-1,5.152050018E0,-1.920000017E-1
2.384232639E2,1.210500076E-1,9.366000175E0,3.094050169E0
2.384257075E2,1.153050065E0,3.973950148E0,1.732050061E0
2.384281510E2,3.439950228E0,5.418000221E0,3.051000118E0
2.384305946E2,6.205050468E0,5.302950382E0,-6.660000086E-1
2.384330383E2,2.968050241E0,2.535000086E0,-2.763000250E0
2.384354817E2,1.849950075E0,6.868950367E0,2.700000070E-2
2.384379253E2,1.632000089E0,5.643000126E0,1.294050097E0
2.384403690E2,3.526050091E0,5.298000336E0,-4.309500158E-1
2.384428125E2,7.273050308E0,8.257950783E0,-4.195050240E0
2.384452561E2,6.022950172E0,7.183050156E0,-1.032495022E1
2.384476996E2,-7.395000011E-2,8.065950394E0,-4.899000168E0
2.384501432E2,3.243000269E0,9.511950493E0,-2.524050236E0
2.384525866E2,3.961950302E0,5.253000259E0,-5.008950233E0
2.384550302E2,3.913950205E0,6.129000187E0,-3.499050140E0
2.384574739E2,9.093000412E0,6.280050278E0,-5.044950008E0
2.384599174E2,6.403950214E0,4.173000336E0,-7.926000595E0
2.384623610E2,3.078000069E0,7.836000443E0,-3.082050085E0
2.384648045E2,3.478050232E0,6.679950237E0,-2.694000244E0
2.384672481E2,4.062000275E0,5.377050400E0,-2.349000216E0
2.384696916E2,9.291000366E0,9.733050346E0,-6.015000343E0
2.384721352E2,6.351000309E0,6.739950180E0,-1.053795052E1
2.384745788E2,-1.210950017E0,9.996000290E0,-5.428050041E0
2.384770223E2,6.220500469E-1,9.520050049E0,-2.203050137E0
2.384794660E2,4.450050354E0,6.364050388E0,-3.979950190E0
2.384819096E2,3.117000103E0,5.908950329E0,-3.204000235E0
2.384843530E2,7.366050243E0,5.617050171E0,6.880500317E-1
2.384867966E2,8.077950478E0,4.824000359E0,-6.424050331E0
2.384892401E2,2.049000025E0,7.969950199E0,-5.149500370E-1
2.384916837E2,4.125000000E0,8.296050072E0,1.444950104E0
2.384941272E2,4.359000206E0,7.558950424E0,-7.140000463E-1
2.384965709E2,8.097000122E0,1.151205063E1,-1.435050011E0
2.384990145E2,9.511950493E0,1.167000103E1,-1.144800091E1
2.385014580E2,1.606050134E0,9.460050583E0,-4.510950089E0
2.385039016E2,2.271000147E0,1.133700085E1,-1.846050143E0
2.385063453E2,2.476950169E0,1.146900082E1,-4.630950451E0
2.385087887E2,3.586050272E0,1.008495045E1,-7.309500575E-1
2.385112323E2,4.536000252E0,9.991050720E0,-5.026050091E0
2.385136758E2,5.140050411E0,9.844950676E0,-6.985050201E0
2.385161194E2,2.343000174E0,1.159305096E1,-5.040000439E0
2.385185629E2,3.355950117E0,1.245000076E1,-2.026050091E0
2.385210066E2,2.286000013E0,9.502950668E0,-2.457000017E0
2.385234502E2,4.273050308E0,1.184700012E1,-2.682000160E0
2.385258936E2,5.779050350E0,1.104705048E1,-7.155000210E0
2.385283372E2,1.512000084E0,8.490000725E0,-3.606000185E0
2.385307807E2,1.843050122E0,6.364050388E0,8.530500531E-1
2.385332243E2,3.246000051E0,8.148000717E0,-8.959500194E-1
2.385356680E2,1.096050024E0,4.113000393E0,-2.694000244E0
2.385381115E2,4.588950157E0,4.051050186E0,-1.321950078E0
2.385405551E2,5.812950134E0,5.209950447E0,-7.236000538E0
2.385429985E2,2.278950214E0,4.936950207E0,-5.305950165E0
2.385454423E2,2.101050138E0,7.008000374E0,-9.220500588E-1
2.385478859E2,2.689950228E0,3.673050165E0,-2.197950125E0
2.385503293E2,5.896050453E0,9.394950867E0,-3.400500119E-1
2.385527729E2,8.274000168E0,7.096950531E0,-7.210050106E0
2.385552164E2,1.002000093E0,7.092000484E0,-5.956950188E0
2.385576600E2,1.792950034E0,9.475950241E0,-2.071950197E0
2.385601037E2,5.710050106E0,5.157000065E0,-4.441950321E0
2.385625472E2,4.077000141E0,5.245950222E0,-3.925050259E0
2.385649908E2,6.981000423E0,6.019050121E0,-9.730500579E-1
2.385674345E2,9.160050392E0,5.635950089E0,-5.791950226E0
2.385698779E2,3.682050228E0,7.719000340E0,-2.254050016E0
2.385723216E2,2.086950064E0,1.028595066E1,4.378050327E0
2.385747650E2,4.122000217E0,8.112000465E0,-9.079500437E-1
2.385772086E2,5.901000500E0,1.169400024E1,-1.939950109E0
2.385796521E2,1.001700020E1,1.276095104E1,-9.088950157E0
2.385820958E2,2.319000006E0,1.085595036E1,-9.087000847E0
2.385845394E2,5.550000072E-1,1.204995060E1,-1.339050055E0
2.385869829E2,2.238000154E0,1.277295017E1,-5.517000198E0
2.385894265E2,1.966950059E0,1.006095028E1,-1.168950081E0
2.385918699E2,2.869950056E0,1.135605049E1,5.760000348E-1
2.385943136E2,3.847050190E0,1.042005062E1,-5.164950371E0
2.385967570E2,1.954950094E0,1.101795006E1,-1.504050016E0
2.385992007E2,3.382050276E0,1.177995014E1,-1.662000060E0
2.386016443E2,3.550050259E0,9.108000755E0,-2.938050032E0
2.386040878E2,3.361050129E0,1.150395012E1,-5.869500041E-1
2.386065315E2,7.120050430E0,1.226100063E1,-4.095000267E0
2.386089749E2,3.145050049E0,9.654000282E0,-3.430950165E0
2.386114186E2,1.318050027E0,9.975000381E0,-6.060000062E-1
2.386138622E2,4.857000351E0,9.048000336E0,-1.533000112E0
2.386163056E2,4.579050064E0,7.060950279E0,-5.656050205E0
2.386187492E2,4.243950367E0,7.494000435E0,-3.520050049E0
2.386211927E2,7.639050484E0,7.981950283E0,-6.135000229E0
2.386236364E2,3.729000092E0,7.567950249E0,-6.931950092E0
2.386260800E2,2.089050055E0,7.471950531E0,-3.810000122E-1
2.386285235E2,2.536950111E0,6.745050430E0,-2.434950113E0
2.386309671E2,4.809000015E0,6.345000267E0,-2.740050077E0
2.386334108E2,8.677950859E0,9.048000336E0,-8.176950455E0
2.386358542E2,3.685950279E0,3.757050276E0,-1.022595024E1
2.386382979E2,-1.723950028E0,8.301000595E0,-1.542000055E0
2.386407413E2,-4.305000231E-2,6.127050400E0,-9.030000567E-1
2.386431849E2,1.249050021E0,3.364050150E0,-2.791950226E0
2.386456284E2,2.487000227E0,5.401050091E0,1.569000125E0
2.386480721E2,6.562050343E0,2.017950058E0,-1.666950107E0
2.386505157E2,5.263950348E0,3.736950159E0,-3.709050179E0
2.386529592E2,1.141050100E0,5.614950180E0,-2.232000113E0
2.386554028E2,4.572000027E0,3.567000151E0,-4.333950043E0
2.386578463E2,6.684000492E0,4.246950150E0,-6.558000088E0
2.386602899E2,8.781000137E0,6.342000484E0,-4.914000034E0
2.386627336E2,3.748950243E0,4.563000202E0,-6.534000397E0
2.386651771E2,-5.430000424E-1,6.835950375E0,-7.047000408E0
2.386676207E2,6.756000519E0,5.842050076E0,-4.714950085E0
2.386700641E2,4.519950390E0,2.854050159E0,-6.229950428E0
2.386725078E2,1.287000060E0,5.820000172E0,8.770500422E-1
2.386749512E2,6.265050411E0,5.083050251E0,3.142050266E0
2.386773949E2,4.254000187E0,5.950050354E0,3.900000080E-2
2.386798385E2,3.745950222E0,1.087695026E1,3.115950108E0
2.386822820E2,3.952050209E0,8.503950119E0,-2.316000223E0
2.386847256E2,4.323000431E0,1.061100006E1,-2.529000044E0
2.386871693E2,8.274000168E0,1.270395088E1,-1.224495029E1
2.386896128E2,2.676000118E0,1.171005058E1,-1.050405025E1
2.386920564E2,-2.970000207E-1,1.206195068E1,-1.930050135E0
2.386944998E2,2.149500102E-1,1.376205063E1,5.179499984E-1
2.386969435E2,1.725000024E0,1.118805027E1,1.477950096E0
2.386993869E2,8.779500127E-1,1.067595005E1,4.099500179E-1
2.387018306E2,4.840050220E0,1.137495041E1,1.500000060E-2
2.387042742E2,2.092050076E0,1.054200077E1,-6.931950092E0
2.387067177E2,1.675050020E0,1.245495033E1,-2.562000036E0
2.387091614E2,4.122000217E0,1.232100105E1,-3.508050203E0
2.387116050E2,2.233050108E0,1.084605026E1,-2.365950108E0
2.387140485E2,4.192049980E0,1.430805111E1,-2.305950165E0
2.387164921E2,3.808050156E0,1.283805084E1,-7.255050182E0
2.387189356E2,1.948050141E0,8.538000107E0,5.539500117E-1
2.387213792E2,3.969000101E0,8.653050423E0,-8.029500246E-1
2.387238229E2,4.303950310E0,5.179050446E0,-3.168000221E0
2.387262663E2,5.494050026E0,3.016950130E0,-4.513950348E0
2.387287099E2,8.551950455E0,3.555000067E0,-8.371050835E0
2.387311534E2,5.425050259E0,2.422950029E0,-9.120000839E0
2.387335971E2,2.748000145E0,5.020950317E0,-2.614950180E0
2.387360405E2,3.184050083E0,5.176050186E0,6.109500527E-1
2.387384842E2,2.970000029E0,5.257950306E0,1.315050006E0
2.387409276E2,1.429050088E0,1.011600018E1,3.115950108E0
2.387433712E2,2.893950224E0,4.243050098E0,-1.513950109E0
2.387458149E2,-9.190500379E-1,6.487950325E0,-3.349950075E0
2.387482583E2,2.607000113E0,6.049950123E0,-2.347050190E0
2.387507020E2,7.078950405E0,2.296050072E0,-7.686000347E0
2.387531456E2,3.739050150E0,4.141950130E0,-7.576050282E0
2.387555891E2,7.096050262E0,3.955050230E0,-3.925050259E0
2.387580327E2,6.121050358E0,3.382950068E0,-5.835000515E0
2.387604762E2,4.591050148E0,7.828950405E0,-3.879000187E0
2.387629199E2,6.187950134E0,5.968950272E0,-3.313950062E0
2.387653635E2,5.188050270E0,7.068000317E0,-3.754950285E0
2.387678069E2,9.373050690E0,1.052295017E1,-3.859950066E0
2.387702506E2,6.483000278E0,9.192000389E0,-8.934000015E0
2.387726940E2,-1.530000120E-1,1.078905010E1,-2.064000130E0
2.387751377E2,9.550500512E-1,1.008195019E1,-1.995000057E-2
2.387775813E2,3.174000263E0,9.342000008E0,-4.578000069E0
2.387800248E2,3.295950174E0,9.012000084E0,-3.340950251E0
2.387824684E2,6.648000240E0,8.695950508E0,-5.944950104E0
2.387849121E2,3.816000223E0,9.120000839E0,-9.067950249E0
2.387873555E2,-1.395000052E-2,9.910050392E0,-2.373000145E0
2.387897992E2,1.384950042E0,9.895050049E0,-2.284950018E0
2.387922426E2,2.161050081E0,8.310000420E0,-2.428050041E0
2.387946862E2,8.381999969E0,1.065000057E1,-2.898000240E0
2.387971297E2,7.828950405E0,9.618000031E0,-9.262050629E0
2.387995734E2,1.524000049E0,7.489050388E0,-1.138050079E0
2.388020170E2,2.932050228E0,1.048695087E1,2.818950176E0
2.388044605E2,3.307950258E0,8.404050827E0,2.280000150E-1
2.388069041E2,2.056050062E0,7.069950104E0,5.350500345E-1
2.388093475E2,5.640000343E0,9.654000282E0,-4.549500346E-1
2.388117911E2,3.526050091E0,7.492050171E0,-3.778950214E0
2.388142348E2,2.299950123E0,9.891000748E0,-1.168950081E0
2.388166783E2,2.920050144E0,1.090095043E1,-1.075950027E0
2.388191219E2,2.347950220E0,1.003905010E1,-7.399500608E-1
2.388215654E2,2.853000164E0,1.161495018E1,-5.805000290E-2
2.388240090E2,4.480950356E0,1.118595028E1,-4.159049988E0
2.388264525E2,1.162950039E0,9.454950333E0,-2.995950222E0
2.388288962E2,3.042000055E0,9.192000389E0,-1.210050106E0
2.388313398E2,4.773000240E0,8.479949951E0,-7.228950500E0
2.388337832E2,2.982000113E0,5.593050480E0,-6.391050339E0
2.388362269E2,5.773950100E0,6.547950268E0,-6.031950474E0
2.388386706E2,5.451000214E0,4.860000134E0,-8.871000290E0
2.388411140E2,2.752950191E0,5.923050404E0,-3.112950087E0
2.388435576E2,3.628950119E0,6.663000107E0,-9.460500479E-1
2.388460011E2,3.093000174E0,3.610050201E0,9.900000691E-1
2.388484447E2,9.025950432E0,7.765050411E0,-1.996950150E0
2.388508884E2,5.362050056E0,7.437000275E0,-6.063000202E0
2.388533319E2,8.590500355E-1,6.601050377E0,-1.486950040E0
2.388557755E2,1.668000102E0,9.289950371E0,1.054050088E0
2.388582189E2,2.880000114E0,5.953950405E0,-2.146050215E0
2.388606626E2,2.712000132E0,6.390000343E0,-2.562000036E0
2.388631060E2,7.603050232E0,6.997950554E0,-4.222050190E0
2.388655497E2,5.968050480E0,5.610000134E0,-9.511050224E0
2.388679933E2,2.398050070E0,9.025950432E0,-3.400050163E0
2.388704368E2,4.663050175E0,7.936950207E0,-2.332950115E0
2.388728804E2,5.034000397E0,5.944950104E0,-4.564050198E0
2.388753239E2,1.161600018E1,9.177000046E0,-5.959950447E0
2.388777676E2,9.600000381E0,8.083050728E0,-1.390605068E1
2.388802112E2,-1.950000064E-3,1.012995052E1,-1.000095081E1
2.388826546E2,1.198950052E0,9.249000549E0,-4.660050392E0
2.388850982E2,2.848050117E0,5.682000160E0,-5.983950138E0
2.388875417E2,2.677950144E0,4.960950375E0,-3.694950104E0
2.388899853E2,6.028050423E0,4.815000057E0,-1.404000044E0
2.388924288E2,5.250000477E0,4.978050232E0,-1.882050037E0
2.388948725E2,4.129500091E-1,7.092000484E0,5.200500488E-1
2.388973161E2,1.218000054E0,5.682000160E0,3.940050125E0
2.388997595E2,2.346000195E0,5.169000149E0,6.400500536E-1
2.389022032E2,5.571000099E0,8.365950584E0,8.029500246E-1
2.389046469E2,6.679050446E0,7.318950176E0,-3.862050295E0
2.389070903E2,1.656000137E0,7.792950153E0,-2.590500116E-1
2.389095339E2,-7.300500274E-1,9.610950470E0,3.346050262E0
2.389119774E2,1.453050017E0,1.030305004E1,1.414050102E0
2.389144210E2,2.322000027E0,7.843950272E0,-8.310000300E-1
2.389168647E2,1.327950120E0,8.739000320E0,6.090000272E-1
2.389193082E2,4.651050091E0,9.333000183E0,1.117050052E0
2.389217518E2,3.682050228E0,7.104000568E0,-3.673050165E0
2.389241952E2,6.445050240E0,1.074495029E1,-1.055205059E1
2.389266389E2,5.572950363E0,9.297000885E0,-1.318305016E1
2.389290823E2,7.551000595E0,1.169400024E1,-1.130400085E1
2.389315260E2,5.584950447E0,1.125795078E1,-1.132500076E1
2.389339696E2,2.596950054E0,7.384050369E0,-7.159050465E0
2.389364131E2,3.066000223E0,8.269950867E0,2.550000250E-1
2.389388567E2,3.933000088E0,8.727000237E0,-9.730500579E-1
2.389413004E2,2.242950201E0,4.654050350E0,-1.720050097E0
2.389437438E2,3.799050093E0,5.398950100E0,-1.602000117E0
2.389461875E2,4.183950424E0,4.992000103E0,-6.214050293E0
2.389486309E2,1.771050096E0,7.384050369E0,-1.164000034E0
2.389510745E2,3.427950144E0,8.968950272E0,4.026000023E0
2.389535180E2,4.218000412E0,5.737050056E0,1.150050044E0
2.389559616E2,8.307000160E0,1.202895069E1,2.878950119E0
2.389584053E2,8.551950455E0,9.589050293E0,-6.877050400E0
2.389608488E2,6.379500031E-1,9.868950844E0,-3.454950094E0
2.389632924E2,-4.380000234E-1,1.255800056E1,-6.970500350E-1
2.389657361E2,2.404950142E0,8.302950859E0,-3.541950226E0
2.389681795E2,3.214950085E0,9.498000145E0,-2.725050211E0
2.389706231E2,6.646050453E0,9.912000656E0,-4.617000103E0
2.389730666E2,5.595000267E0,8.251049995E0,-5.874000072E0
2.389755102E2,3.243000269E0,1.181595039E1,-3.076950073E0
2.389779537E2,3.715050220E0,1.264905071E1,-1.966050148E0
2.389803974E2,3.415950060E0,1.097295094E1,-3.573000193E0
2.389828410E2,5.298000336E0,1.255995083E1,-2.433000088E0
2.389852845E2,7.563000202E0,1.195005035E1,-9.589950562E0
2.389877281E2,1.930950046E0,1.185900021E1,-4.641000271E0
2.389901715E2,7.339500189E-1,1.059900093E1,9.195000678E-2
2.389926152E2,2.329050064E0,9.453000069E0,-1.996950150E0
2.389950589E2,1.912050128E0,6.910050392E0,-1.327050090E0
2.389975023E2,6.487950325E0,8.011050224E0,-1.915950060E0
2.389999459E2,5.941950321E0,6.855000496E0,-5.368050098E0
2.390023894E2,1.812000036E0,8.920950890E0,-1.035000086E0
2.390048331E2,2.362050056E0,9.381000519E0,8.959500194E-1
2.390072767E2,1.678050041E0,6.406950474E0,1.039950013E0
2.390097202E2,5.968050480E0,9.759000778E0,-2.434950113E0
2.390121638E2,6.243000507E0,8.563950539E0,-6.448050499E0
2.390146072E2,8.850000501E-1,8.121000290E0,-4.284000397E0
2.390170508E2,1.954950094E0,1.008195019E1,-1.819500029E-1
2.390194945E2,4.623000145E0,8.197950363E0,-2.707950115E0
2.390219380E2,3.121050119E0,8.389050484E0,-4.507050037E0
2.390243816E2,6.946950436E0,8.731950760E0,-2.598000050E0
2.390268251E2,5.365050316E0,6.951000214E0,-7.138050556E0
2.390292687E2,1.885950089E0,9.991050720E0,-2.209950209E0
2.390317124E2,4.378050327E0,9.699000359E0,-1.839000106E0
2.390341558E2,3.034950256E0,8.188050270E0,-2.902050257E0
2.390365994E2,8.815050125E0,1.157100010E1,-2.494950056E0
2.390390429E2,7.390050411E0,1.009200001E1,-7.846950531E0
2.390414865E2,1.108050108E0,1.058505058E1,-3.625050068E0
2.390439302E2,1.582050085E0,1.145400047E1,-5.100000501E-1
2.390463737E2,2.769000053E0,8.931000710E0,-1.537950039E0
2.390488173E2,3.126000166E0,8.239050865E0,-2.158050060E0
2.390512607E2,7.105050564E0,7.329000473E0,-4.894050121E0
2.390537044E2,4.764000416E0,6.903000355E0,-8.500050545E0
2.390561480E2,5.670000315E-1,9.292050362E0,-3.771000147E0
2.390585915E2,1.681950092E0,7.627950191E0,-2.134050131E0
2.390610351E2,3.334050179E0,6.358950138E0,-4.284000397E0
2.390634786E2,7.732950211E0,8.224050522E0,-4.708050251E0
2.390659222E2,8.568000793E0,6.778050423E0,-1.157700062E1
2.390683659E2,1.539000034E0,6.939000130E0,-6.822000504E0
2.390708094E2,1.600500047E-1,7.975050449E0,6.859500408E-1
2.390732530E2,2.371950150E0,3.915000200E0,-1.131000042E0
2.390756964E2,3.435000181E0,4.437000275E0,5.989500284E-1
2.390781401E2,7.335000515E0,5.334000111E0,1.081050038E0
2.390805835E2,5.278950214E0,3.673050165E0,-4.756050110E0
2.390830271E2,1.527000070E0,7.147050381E0,-1.660500020E-1
2.390854708E2,1.693950057E0,6.441000462E0,4.729500115E-1
2.390879143E2,2.338050127E0,5.782050133E0,2.160000056E-1
2.390903579E2,8.530050278E0,8.513999939E0,-4.380000114E0
2.390928016E2,6.919050217E0,6.306000233E0,-9.822000504E0
2.390952450E2,-6.700500250E-1,8.143050194E0,-6.562950134E0
2.390976887E2,1.443000078E0,9.280050278E0,-2.553000212E0
2.391001321E2,3.837000132E0,5.779950142E0,-5.943000317E0
2.391025757E2,2.370000124E0,4.884000301E0,-4.906050205E0
2.391050192E2,7.005000114E0,4.659000397E0,-3.513000250E0
2.391074628E2,6.141000271E0,2.341950178E0,-7.039950371E0
2.391099065E2,2.070000172E0,5.641050339E0,-1.212000012E0
2.391123500E2,3.583050251E0,3.603000164E0,-1.008000016E0
2.391147936E2,3.445050240E0,4.278000355E0,-4.212000370E0
2.391172373E2,7.084050179E0,7.324050426E0,-2.785050154E0
2.391196807E2,4.225049973E0,3.778050184E0,-8.388000488E0
2.391221244E2,-2.419950008E0,6.961950302E0,-5.491050243E0
2.391245678E2,2.947050095E0,7.081950188E0,-1.072950006E0
2.391270114E2,5.185050011E0,5.526000500E0,-1.933050036E0
2.391294549E2,1.575000048E0,7.731000423E0,3.571050167E0
2.391318986E2,5.575050354E0,7.587000370E0,4.615050316E0
2.391343422E2,6.085050106E0,8.116950035E0,-2.629050016E0
2.391367857E2,2.833950043E0,1.065705013E1,-2.899500132E-1
2.391392293E2,3.574050188E0,1.040295029E1,-2.083950043E0
2.391416727E2,3.306000233E0,1.023105049E1,-3.745050192E0
2.391441164E2,8.920050621E0,1.390095043E1,-8.377950668E0
2.391465598E2,7.177050114E0,1.423395061E1,-1.260900021E1
2.391490035E2,1.645950079E0,1.275195026E1,-5.254050255E0
2.391514471E2,1.705950022E0,1.486605072E1,-4.509000301E0
2.391538906E2,2.479950190E0,1.295295048E1,-2.617050171E0
2.391563343E2,1.692000031E0,1.071900082E1,-2.517000198E0
2.391587779E2,3.958950281E0,1.200000095E1,-5.934000492E0
2.391612214E2,4.873950005E0,1.029300022E1,-6.952950478E0
2.391636650E2,3.319950104E0,1.083900070E1,-3.517950058E0
2.391661084E2,4.690050125E0,9.333000183E0,-1.810950041E0
2.391685520E2,4.618050098E0,8.698050499E0,-2.353950024E0
2.391709955E2,1.001205063E1,1.194495010E1,-3.451050282E0
2.391734392E2,6.655050278E0,1.013700008E1,-6.891000271E0
2.391758828E2,9.379500151E-1,7.638000488E0,-1.047000051E0
2.391783263E2,1.918950081E0,8.478000641E0,4.630950451E0
2.391807699E2,1.411950111E0,6.309000492E0,1.701000094E0
2.391832136E2,2.487000227E0,5.314950466E0,2.182049990E0
2.391856570E2,7.636950493E0,7.954050541E0,-3.007950068E0
2.391881006E2,3.994950294E0,4.465050220E0,-5.092950344E0
2.391905441E2,2.338050127E0,9.805050850E0,-2.004000187E0
2.391929877E2,3.880050182E0,9.532050133E0,-4.200000286E0
2.391954314E2,3.049950123E0,1.031205082E1,-1.588050127E0
2.391978749E2,7.594050407E0,1.095405006E1,-6.043950081E0
2.392003185E2,6.076050282E0,8.071050644E0,-1.092105007E1
2.392027620E2,2.299950123E0,9.247050285E0,-9.325950623E0
2.392052056E2,5.535000324E0,7.698000431E0,-7.576050282E0
2.392076490E2,5.677950382E0,5.734050274E0,-9.597000122E0
2.392100927E2,4.390050411E0,5.916000366E0,-6.847950459E0
2.392125363E2,7.318950176E0,6.792000294E0,-3.163050175E0
2.392149798E2,2.218950033E0,5.026050091E0,-3.405000210E0
2.392174234E2,1.426050067E0,7.891050339E0,3.436950207E0
2.392198669E2,3.433050156E0,4.453050137E0,7.140000463E-1
2.392223106E2,4.564949989E0,5.764950275E0,-1.786950111E0
2.392247542E2,8.326950073E0,7.891050339E0,-2.008949995E0
2.392271977E2,5.434050083E0,4.699950218E0,-6.252000332E0
2.392296413E2,-6.889500618E-1,7.222950459E0,-6.673050404E0
2.392320847E2,3.993000269E0,7.291050434E0,-6.654000282E0
2.392345284E2,4.848000050E0,5.080950260E0,-6.546000481E0
2.392369720E2,8.539500237E-1,6.565050125E0,2.002950191E0
2.392394155E2,4.126950264E0,6.630000114E0,5.718000412E0
2.392418591E2,4.089000225E0,6.157950401E0,1.966950059E0
2.392443026E2,2.929950237E0,8.116950035E0,1.090500057E-1
2.392467462E2,6.628950119E0,7.947000504E0,-1.012950063E0
2.392491897E2,5.959050179E0,5.944950104E0,-5.148000240E0
2.392516333E2,1.239705086E1,8.500050545E0,-1.277400017E1
2.392540770E2,3.636000156E0,7.413000584E0,-1.517505074E1
2.392565204E2,-7.830000520E-1,7.882050514E0,-3.561000109E0
2.392589641E2,1.681950092E0,9.694050789E0,-2.500050068E0
2.392614077E2,1.311000109E0,6.429000378E0,1.156949997E0
2.392638512E2,1.795050144E0,3.868950129E0,1.773000121E0
2.392662948E2,6.555000305E0,7.044000149E0,-8.149500489E-1
2.392687383E2,3.243000269E0,6.859950542E0,1.627050042E0
2.392711819E2,3.748950243E0,9.955050468E0,4.617000103E0
2.392736254E2,3.682050228E0,1.182495022E1,3.216000080E0
2.392760691E2,1.030950069E0,9.972000122E0,-1.800000072E-1
2.392785127E2,9.469500184E-1,1.581405067E1,1.141050100E0
2.392809561E2,4.096050262E0,1.369005108E1,6.259500384E-1
2.392833998E2,1.408950090E0,1.153995037E1,-2.329950094E0
2.392858435E2,3.231000185E0,1.289805031E1,-3.421950102E0
2.392882869E2,2.695050240E0,1.347705078E1,-5.007000446E0
2.392907305E2,3.535950184E0,1.289295101E1,-3.417000055E0
2.392931740E2,3.720000267E0,1.259895039E1,-8.224950790E0
2.392956176E2,1.114950061E0,1.284000015E1,-5.170050144E0
2.392980611E2,2.800950050E0,1.291500092E1,-4.710000038E0
2.393005048E2,4.162950039E0,1.067400074E1,-6.949050426E0
2.393029484E2,4.078950405E0,1.106895065E1,-6.757050514E0
2.393053918E2,7.936050415E0,1.295805073E1,-1.018800068E1
2.393078355E2,8.314949989E0,9.382950783E0,-1.031295013E1
2.393102789E2,3.343950272E0,9.136950493E0,-8.269950867E0
2.393127225E2,4.218000412E0,1.021200085E1,-2.871000051E0
2.393151660E2,2.235000134E0,6.670050144E0,-2.078999996E0
2.393176097E2,3.172050238E0,1.015605068E1,1.821000099E0
2.393200533E2,4.394999981E0,7.408050537E0,1.873050094E0
2.393224968E2,5.449050426E0,5.932950497E0,3.480000198E-1
2.393249404E2,6.121050358E0,7.836000443E0,7.789500356E-1
2.393273841E2,3.825000286E0,5.578950405E0,-5.296950340E0
2.393298275E2,4.776000023E0,1.006095028E1,-4.909050465E0
2.393322711E2,8.997000694E0,9.589050293E0,-1.027200031E1
2.393347146E2,2.905950069E0,1.028100014E1,-9.547050476E0
2.393371582E2,-1.378950119E0,1.113600063E1,-1.155000091E0
2.393396019E2,1.093050003E0,7.807950497E0,-5.920500159E-1
2.393420454E2,2.872050047E0,6.610950470E0,-4.990050316E0
2.393444890E2,8.214000702E0,4.824000359E0,-7.662000179E0
2.393469325E2,1.056495094E1,4.384050369E0,-1.135200024E1
2.393493762E2,3.777000189E0,5.269950390E0,-9.001049995E0
2.393518198E2,2.977950096E0,8.208000183E0,-3.142050266E0
2.393542633E2,1.941000104E0,5.506950378E0,-5.821050167E0
2.393567069E2,2.286000013E0,7.990050316E0,-2.698950052E0
2.393591503E2,6.246000290E0,6.402000427E0,-2.538000107E0
2.393615940E2,6.859500408E-1,3.237000227E0,-5.515050411E0
2.393640376E2,-3.237000227E0,5.434950352E0,-2.260500044E-1
2.393664811E2,1.534050107E0,-1.297050118E0,2.479500175E-1
2.393689247E2,3.559050083E0,-1.984050035E0,-8.620500565E-1
2.393713682E2,4.816050053E0,8.670000434E-1,-3.840000033E-1
2.393738118E2,6.511950493E0,-6.690000296E-1,1.846950054E0
2.393762553E2,6.016050339E0,-2.824050188E0,-3.843000174E0
2.393786990E2,1.072800064E1,-1.251000047E0,-9.733050346E0
2.393811426E2,9.052050591E0,2.428050041E0,-1.031295013E1
2.393835860E2,4.500000000E0,5.607000351E0,-9.136950493E0
2.393860296E2,2.233050108E0,6.127050400E0,-4.084949970E0
2.393884733E2,7.990500331E-1,9.690000534E0,2.788050175E0
2.393909168E2,9.690000415E-1,1.730595016E1,3.712050200E0
2.393933604E2,1.117050052E0,7.504050255E0,5.242050171E0
2.393958039E2,-6.799500585E-1,3.792000294E0,-2.232000113E0
2.393982475E2,4.159500301E-1,8.348999977E0,-2.392050028E0
2.394006912E2,1.737000108E0,1.129095078E1,7.768050194E0
2.394031346E2,1.531950116E0,9.820950508E0,1.500000060E-2
2.394055783E2,2.223000050E0,1.176105022E1,-1.369500011E-1
2.394080217E2,3.045000076E0,1.225605011E1,-6.469500065E-1
2.394104653E2,6.199950218E0,1.252395058E1,2.338050127E0
2.394129090E2,1.065105057E1,1.246500015E1,-1.071705055E1
2.394153525E2,2.494050026E0,8.797050476E0,-1.062405014E1
2.394177961E2,1.761000037E0,9.562950134E0,-4.791000366E0
2.394202396E2,2.935050249E0,1.092300034E1,1.255950093E0
2.394226832E2,1.713000059E0,7.699950218E0,-5.370000005E-1
2.394251266E2,2.367000103E0,1.074795055E1,2.460000038E0
2.394275702E2,3.727050066E0,1.150905037E1,4.750950336E0
2.394300139E2,2.809950113E0,8.883000374E0,-7.810500264E-1
2.394324574E2,3.391950130E0,1.116195011E1,-2.205000073E-2
2.394349010E2,2.652000189E0,8.494950294E0,-7.842000484E0
2.394373445E2,3.823050261E0,9.376049995E0,-6.661050320E0
2.394397882E2,8.829000473E0,9.559950829E0,-9.817050934E0
2.394422315E2,2.797950029E0,7.414950371E0,-8.530950546E0
2.394446752E2,2.710050106E0,6.951000214E0,-4.252950191E0
2.394471188E2,5.334000111E0,6.699000359E0,-3.424050093E0
2.394495623E2,4.114950180E0,5.253000259E0,-4.485000134E0
2.394520059E2,7.081050396E0,5.737050056E0,-3.592050076E0
2.394544496E2,6.672000408E0,5.430000305E0,-6.348000526E0
2.394568931E2,3.121050119E0,6.775950432E0,-2.566950083E0
2.394593367E2,4.072050095E0,8.715000153E0,1.416000009E0
2.394617804E2,2.947050095E0,6.558000088E0,1.906950116E0
2.394642238E2,7.419000149E0,1.031205082E1,6.430500150E-1
2.394666675E2,8.604000092E0,1.024305058E1,-5.839950085E0
2.394691109E2,1.989000082E0,9.586950302E0,-8.447999954E0
2.394715545E2,2.085000038E0,1.182105064E1,-5.127000332E0
2.394739980E2,3.799050093E0,1.020195007E1,-6.666000366E0
2.394764416E2,2.190000057E0,9.192000389E0,-5.272950172E0
2.394788853E2,7.855050564E0,9.124950409E0,-6.283050060E0
2.394813288E2,7.318950176E0,7.318950176E0,-8.788050652E0
2.394837724E2,3.603000164E0,1.035000038E1,-4.653000355E0
2.394862158E2,7.435950279E0,9.333000183E0,-4.597949982E0
2.394886595E2,6.148050308E0,8.008950233E0,-6.349950314E0
2.394911029E2,9.615000725E0,1.134600067E1,-5.731950283E0
2.394935466E2,9.567000389E0,9.631950378E0,-1.205805016E1
2.394959902E2,2.427000046E0,8.657999992E0,-9.903000832E0
2.394984337E2,2.773950100E0,1.089900017E1,-2.977050066E0
2.395008773E2,2.365050077E0,8.293950081E0,-3.865050077E0
2.395033208E2,1.930950046E0,6.393000126E0,3.220500052E-1
2.395057645E2,5.889000416E0,8.855999947E0,3.262050152E0
2.395082078E2,3.223950148E0,5.301000118E0,5.130000114E-1
2.395106515E2,1.771050096E0,8.185950279E0,3.504000187E0
2.395130952E2,1.972050071E0,8.643000603E0,3.934950113E0
2.395155386E2,1.560000062E0,9.702000618E0,-1.578000069E0
2.395179823E2,2.008050203E0,1.481100082E1,-1.204950094E0
2.395204259E2,3.727050066E0,1.379295063E1,2.647050142E0
2.395228694E2,2.281050205E0,9.097949982E0,2.005050182E0
2.395253130E2,1.287000060E0,1.266600037E1,-3.795000076E0
2.395277565E2,3.516000271E0,1.416900063E1,-3.690000176E-1
2.395302001E2,2.563050032E0,1.121205044E1,1.356000066E0
2.395326438E2,5.119500160E-1,1.236900043E1,-2.524050236E0
2.395350872E2,1.620000124E0,1.324500084E1,2.760000229E-1
2.395375308E2,7.630500197E-1,1.165095043E1,-5.460000038E-1
2.395399743E2,5.020500422E-1,1.237800026E1,-2.977050066E0
2.395424180E2,7.150500417E-1,1.079295063E1,-1.198050022E0
2.395448616E2,7.750500441E-1,1.236900043E1,-1.861050129E0
2.395473051E2,1.696950078E0,1.303005028E1,3.412950277E0
2.395497487E2,3.300000131E-1,3.658050060E0,2.778000116E0
2.395521921E2,-6.850500107E-1,6.250500083E-1,-4.309500158E-1
2.395546358E2,-1.420050025E0,3.603000164E0,3.840000033E-1
2.395570792E2,-1.326000094E0,7.558950424E0,3.589950085E0
2.395595229E2,8.470050812E0,2.301000118E0,-6.357000351E0
2.395619665E2,7.072050571E0,4.620000124E-1,-1.564500046E1
2.395644100E2,5.283000469E0,2.926050186E0,-9.253950119E0
2.395668536E2,1.809000134E0,4.561050415E0,-5.347050190E0
2.395692971E2,5.119500160E-1,3.340050220E0,-3.175050259E0
2.395717408E2,3.756000280E0,6.534000397E0,4.890000224E-1
2.395741844E2,4.884000301E0,1.738050103E0,-1.729500145E-1
2.395766278E2,2.760000229E0,6.238950253E0,1.959000111E0
2.395790714E2,6.526050091E0,6.273000240E0,2.473950148E0
2.395815149E2,1.069200039E1,4.695000172E0,-2.452050209E0
2.395839586E2,1.030200005E1,5.052000046E0,-1.047795010E1
2.395864022E2,9.387000084E0,5.461050034E0,-1.594905090E1
2.395888457E2,7.588950157E0,5.334000111E0,-1.872900009E1
2.395912893E2,7.837950230E0,8.137949944E0,-1.621005058E1
2.395937328E2,7.297050476E0,7.462950230E0,-1.191405010E1
2.395961764E2,5.518050194E0,7.051050186E0,-1.004205036E1
2.395986201E2,8.926950455E0,1.051305008E1,-4.879950047E0
2.396010635E2,4.503000259E0,9.520050049E0,-4.176000118E0
2.396035071E2,-1.240500063E-1,1.063800049E1,-2.359050035E0
2.396059506E2,2.188050032E0,1.063800049E1,-2.232000113E0
2.396083943E2,3.571050167E0,7.903050423E0,-3.478950262E0
2.396108379E2,4.069050312E0,8.539950371E0,-1.468050122E0
2.396132814E2,9.433050156E0,7.293000221E0,-3.283050060E0
2.396157250E2,3.403950214E0,7.843950272E0,-6.229950428E0
2.396181685E2,1.423950076E0,9.295050621E0,1.488000035E0
2.396206121E2,1.816050053E0,7.738050461E0,1.287000060E0
2.396230558E2,2.965950251E0,7.396050453E0,-4.950000439E-3
2.396254993E2,9.387000084E0,9.852000237E0,-5.167050362E0
2.396279429E2,5.085000038E0,7.314000130E0,-8.301000595E0
2.396303863E2,4.489500225E-1,6.996000290E0,-4.720500112E-1
2.396328299E2,1.768950105E0,9.250950813E0,-1.212000012E0
2.396352734E2,3.184050083E0,7.468050480E0,-2.895000204E-2
2.396377171E2,5.925000191E0,7.699950218E0,-1.576050043E0
2.396401607E2,6.769950390E0,7.774050236E0,-6.001050472E0
2.396426042E2,4.462050438E0,7.731000423E0,-5.179050446E0
2.396450478E2,3.265050173E0,1.004205036E1,-3.690000057E0
2.396474915E2,2.721000195E0,1.020000076E1,-1.641000032E0
2.396499349E2,4.174950123E0,9.951000214E0,-9.030000567E-1
2.396523786E2,8.439000130E0,1.065195084E1,-4.948950291E0
2.396548220E2,2.788950205E0,8.868000031E0,-4.432050228E0
2.396572656E2,9.379500151E-1,9.892950058E0,1.810950041E0
2.396597091E2,3.363000154E0,1.117395020E1,-1.319999993E-1
2.396621527E2,1.728000045E0,7.954050541E0,-2.140950203E0
2.396645964E2,4.462050438E0,9.280050278E0,-2.104950190E0
2.396670399E2,6.315000534E0,8.370000839E0,-6.265950203E0
2.396694835E2,3.208050251E0,9.782999992E0,-3.838950157E0
2.396719272E2,3.424950123E0,1.088400078E1,-2.880000174E-1
2.396743707E2,3.109050035E0,9.376049995E0,-2.613000154E0
2.396768143E2,6.466050148E0,1.138005066E1,-2.707950115E0
2.396792577E2,1.043595028E1,9.910050392E0,-6.454950333E0
2.396817013E2,3.889950275E0,8.855999947E0,-9.369000435E0
2.396841448E2,3.655050278E0,1.044900036E1,-2.368050098E0
2.396865885E2,6.430050373E0,1.012095070E1,-3.702000141E0
2.396890321E2,3.540000200E0,7.516050339E0,-4.741050243E0
2.396914756E2,7.159950256E0,7.948950291E0,-3.733050108E0
2.396939192E2,7.129050255E0,6.000000477E0,-7.902000427E0
2.396963626E2,3.081000090E0,7.645050526E0,-4.983000278E0
2.396988063E2,4.216050148E0,9.141000748E0,-1.369950056E0
2.397012497E2,3.271950245E0,6.928950310E0,-8.190000653E-1
2.397036934E2,6.873000145E0,9.964950562E0,-6.709500551E-1
2.397061370E2,7.711050510E0,8.763000488E0,-4.532999992E0
2.397085805E2,1.476000071E0,8.727000237E0,-3.757050276E0
2.397110242E2,1.302000046E0,1.020900059E1,1.879950047E0
2.397134678E2,1.735050082E0,8.638050079E0,-1.695000008E-2
2.397159113E2,6.979500055E-1,7.096950531E0,1.030050039E0
2.397183549E2,3.073050261E0,9.036000252E0,8.505000174E-2
2.397207983E2,3.739050150E0,7.438950539E0,-5.257950306E0
2.397232419E2,8.299500346E-1,8.377950668E0,-8.050500154E-1
2.397256854E2,1.869000077E0,1.030995083E1,-5.299500227E-1
2.397281291E2,2.638050079E0,8.698050499E0,-1.890000105E0
2.397305727E2,4.927050114E0,1.121205044E1,-2.850000262E-1
2.397330162E2,5.572950363E0,1.171995068E1,-8.124000549E0
2.397354598E2,1.869000077E0,8.847000122E0,-4.702950001E0
2.397379035E2,2.238000154E0,9.304050446E0,-4.186050415E0
2.397403469E2,3.868050098E0,8.638050079E0,-3.622950077E0
2.397427905E2,2.641950130E0,5.983050346E0,-4.156949997E0
2.397452340E2,5.853000164E0,5.830050468E0,-4.851000309E0
2.397476776E2,6.382050514E0,5.631000042E0,-7.846950531E0
2.397501211E2,3.202950239E0,4.429050446E0,-4.957050323E0
2.397525648E2,3.916050196E0,5.533050060E0,-2.203050137E0
2.397550084E2,2.974950075E0,3.912000179E0,-2.194050074E0
2.397574518E2,9.691050529E0,8.337000847E0,-2.536050081E0
2.397598955E2,7.158000469E0,7.623000145E0,-5.361000061E0
2.397623389E2,8.680500388E-1,9.333000183E0,-4.650000334E-1
2.397647826E2,3.472950220E0,1.250295067E1,2.040000111E-1
2.397672262E2,2.737950087E0,9.019050598E0,-7.450500131E-1
2.397696697E2,1.390050054E0,1.066605091E1,-9.405000508E-2
2.397721133E2,6.235950470E0,1.096095085E1,-3.100950241E0
2.397745567E2,5.053950310E0,8.563950539E0,-6.373950481E0
2.397770004E2,2.472000122E0,1.258905029E1,-2.311050177E0
2.397794441E2,3.523950100E0,1.304205036E1,-3.130050182E0
2.397818875E2,3.492000103E0,1.357800102E1,-3.666000128E0
2.397843311E2,7.444950581E0,1.606800079E1,-7.519050121E0
2.397867746E2,6.604950428E0,1.479900074E1,-1.157205009E1
2.397892182E2,6.480000019E-1,1.428195095E1,-4.417950153E0
2.397916617E2,1.864050031E0,1.553895092E1,-2.076000214E0
2.397941054E2,2.872050047E0,1.253595066E1,-2.152950048E0
2.397965490E2,2.374050140E0,1.012500095E1,-3.802950144E0
2.397989924E2,5.449050426E0,7.993950367E0,-7.509000301E0
2.398014361E2,3.610050201E0,6.057000160E0,-5.842950344E0
2.398038797E2,2.428950071E0,5.866050243E0,-3.637050152E0
2.398063232E2,4.192049980E0,4.372050285E0,-4.660050392E0
2.398087668E2,2.839050055E0,4.675950050E0,-2.541000128E0
2.398112103E2,7.029000282E0,6.886050224E0,-2.983950138E0
2.398136539E2,4.225049973E0,4.681050301E0,-1.456050038E0
2.398160973E2,7.579500079E-1,2.703000069E0,3.231000185E0
2.398185410E2,4.299000263E0,7.408050537E0,4.936050415E0
2.398209846E2,1.624950051E0,3.211050034E0,9.199500680E-1
2.398234281E2,4.417050362E0,4.846050262E0,-6.370500326E-1
2.398258718E2,7.030950546E0,6.349950314E0,-4.389000416E0
2.398283152E2,2.776950121E0,4.386000156E0,-6.847950459E0
2.398307589E2,2.209050179E0,7.603950500E0,-4.273950100E0
2.398332025E2,2.695050240E0,7.204050541E0,-2.869050026E0
2.398356459E2,4.728000164E0,9.189000130E0,-3.823950291E0
2.398380896E2,9.736950874E0,1.038195038E1,-8.533950806E0
2.398405333E2,5.791050434E0,8.028000832E0,-1.072905064E1
2.398429767E2,5.449500084E-1,9.000000000E0,-5.605950356E0
2.398454203E2,3.897000074E0,7.863000393E0,-5.845050335E0
2.398478638E2,4.699050426E0,4.822050095E0,-6.903000355E0
2.398503074E2,6.562050343E0,6.985950470E0,-4.987950325E0
2.398527509E2,7.636950493E0,5.683950424E0,-7.834950447E0
2.398551945E2,4.684950352E0,6.546000481E0,-6.453000069E0
2.398576382E2,2.140050173E0,7.927050591E0,-8.940000534E-1
2.398600817E2,2.383949995E0,5.902050495E0,2.740500271E-1
2.398625253E2,4.000050068E0,7.654050350E0,-8.700000495E-2
2.398649690E2,5.841000080E0,9.405000687E0,-1.248000026E0
2.398674124E2,2.880000114E0,5.578950405E0,-3.975000143E0
2.398698561E2,-2.820000052E-1,6.481050491E0,-1.042050004E0
2.398722995E2,4.147950172E0,5.872950077E0,-3.076950073E0
2.398747431E2,3.037950039E0,3.919050217E0,-2.530950069E0
2.398771866E2,3.346050262E0,6.649050236E0,1.833000064E0
2.398796302E2,5.274000168E0,7.222950459E0,-3.172950268E0
2.398820739E2,2.596950054E0,5.859000206E0,-1.660500020E-1
2.398845174E2,2.367000103E0,8.670000076E0,2.050050020E0
2.398869610E2,2.764950037E0,7.975050449E0,-1.351050019E0
2.398894044E2,6.160050392E0,8.277000427E0,-2.160000086E0
2.398918481E2,9.331950188E0,7.899000168E0,-9.847950935E0
2.398942917E2,4.026000023E0,5.449050426E0,-9.292950630E0
2.398967352E2,1.836000085E0,8.938050270E0,-3.786000252E0
2.398991788E2,3.271950245E0,1.000095081E1,-2.401950121E0
2.399016223E2,1.113000035E0,6.936000347E0,-1.224000096E0
2.399040659E2,2.274000168E0,6.594000340E0,1.618950129E0
2.399065096E2,4.110000134E0,8.109000206E0,-1.276950002E0
2.399089530E2,8.320500255E-1,5.796000481E0,5.100000277E-2
2.399113967E2,2.853000164E0,6.771000385E0,7.304999977E-2
2.399138401E2,2.106000185E0,6.678000450E0,-2.893050194E0
2.399162838E2,4.009950161E0,5.883000374E0,-3.421950102E0
2.399187272E2,6.217050076E0,7.396050453E0,-7.159050465E0
2.399211708E2,2.110949993E0,4.707000256E0,-6.094050407E0
2.399236145E2,1.756950140E0,8.008950233E0,-9.060000181E-1
2.399260580E2,4.381050110E0,7.123050213E0,1.090500057E-1
2.399285016E2,3.238950253E0,5.559000492E0,-2.095050097E0
2.399309453E2,7.249050140E0,8.422950745E0,-1.899000049E0
2.399333888E2,7.279950142E0,6.022050381E0,-8.320950508E0
2.399358324E2,2.841000080E0,8.217000008E0,-7.771950245E0
2.399382758E2,4.182000160E0,1.017600060E1,-3.987000227E0
2.399407195E2,4.981950283E0,7.365000248E0,-5.881050110E0
2.399431629E2,8.497050285E0,1.131495094E1,-5.851950169E0
2.399456066E2,1.102695084E1,1.099395084E1,-1.155495071E1
2.399480503E2,2.608950138E0,1.073100090E1,-1.024095058E1
2.399504937E2,1.491000056E0,1.271595097E1,-2.797050238E0
2.399529373E2,5.062950134E0,9.967050552E0,-3.477000237E0
2.399553810E2,3.811050177E0,9.199050903E0,-4.174050331E0
2.399578245E2,8.230950356E0,1.009395027E1,-1.966050148E0
2.399602681E2,7.572000504E0,9.223050117E0,-8.497950554E0
2.399627116E2,2.029950142E0,1.212705040E1,-1.987950087E0
2.399651552E2,1.785000086E0,1.140900040E1,1.332000017E0
2.399675986E2,7.030500174E-1,1.067100048E1,-1.210050106E0
2.399700423E2,3.792000294E0,1.452105045E1,2.104950190E0
2.399724860E2,7.603050232E0,1.473000050E1,-8.167050362E0
2.399749294E2,2.451000214E0,1.117200089E1,-2.827950239E0
2.399773730E2,5.449500084E-1,1.222800064E1,1.348950028E0
2.399798165E2,3.337050200E0,1.202400017E1,8.770500422E-1
2.399822601E2,3.105000257E0,1.041300011E1,-2.230500132E-1
2.399847036E2,1.615050077E0,1.097295094E1,-1.612050056E0
2.399871473E2,2.125050068E0,1.145205021E1,2.115000010E0
2.399895909E2,2.404950142E0,9.436050415E0,-3.739500046E-1
2.399920343E2,1.744950056E0,9.625050545E0,-1.699950099E0
2.399944780E2,2.757000208E0,8.112000465E0,-1.011000037E0
2.399969217E2,2.698050022E0,9.769050598E0,-7.879500389E-1
2.399993651E2,7.699050426E0,9.970050812E0,-5.494950294E0
2.400018087E2,3.448950052E0,5.016000271E0,-7.963950157E0
2.400042522E2,5.971050262E0,5.169000149E0,-7.264950275E0
2.400066958E2,6.279000282E0,5.322000027E0,-9.598950386E0
2.400091393E2,3.708000183E0,3.721050262E0,-5.622000217E0
2.400115830E2,4.246950150E0,4.324050426E0,-2.670000076E0
2.400140266E2,3.769950151E0,3.520050049E0,-1.393950105E0
2.400164700E2,1.584000111E0,2.962050200E0,2.419050217E0
2.400189137E2,3.045000076E0,4.753050327E0,5.701950073E0
2.400213574E2,1.990950108E0,4.621050358E0,2.532000065E0
2.400238008E2,3.667050123E0,9.253950119E0,1.947000146E0
2.400262444E2,3.487950087E0,7.161000252E0,-2.251049995E0
2.400286879E2,9.139500260E-1,5.101950169E0,-1.842000127E0
2.400311315E2,2.619000196E0,9.856950760E0,-3.130050182E0
2.400335750E2,3.892050266E0,5.593050480E0,-1.043205070E1
2.400360187E2,3.583050251E0,7.756950378E0,-6.217950344E0
2.400384623E2,7.990950584E0,6.924000263E0,-3.556050062E0
2.400409057E2,6.028050423E0,6.463950157E0,-4.276950359E0
2.400433493E2,3.295950174E0,9.157950401E0,1.902000070E0
2.400457928E2,3.753000259E0,1.083195019E1,6.190500259E-1
2.400482364E2,3.876000166E0,8.662050247E0,-1.447050095E0
2.400506799E2,8.973000526E0,1.012095070E1,-5.944950104E0
2.400531236E2,8.104050636E0,9.358950615E0,-1.321695042E1
2.400555672E2,2.770500183E-1,9.378000259E0,-6.714000225E0
2.400580106E2,2.359500080E-1,8.473050117E0,-1.875000119E0
2.400604543E2,2.155950069E0,8.619000435E0,-3.130050182E0
2.400628979E2,1.768950105E0,7.068000317E0,-1.923000097E0
2.400653414E2,6.270000458E0,7.221000195E0,-6.664050102E0
2.400677850E2,5.314950466E0,5.461050034E0,-8.979000092E0
2.400702285E2,1.429050088E0,6.847950459E0,-3.574950218E0
2.400726721E2,2.317050219E0,7.027050495E0,-1.005000062E-2
2.400751155E2,2.131950140E0,4.563000202E0,7.099500299E-1
2.400775592E2,7.072050571E0,7.221000195E0,1.950000077E-1
2.400800028E2,5.748000145E0,5.365950108E0,-4.759950161E0
2.400824463E2,1.204050064E0,5.172000408E0,-2.989050150E0
2.400848900E2,1.819050074E0,8.248050690E0,1.120950103E0
2.400873336E2,2.437050104E0,4.903050423E0,-1.729050040E0
2.400897771E2,1.321050048E0,6.559950352E0,4.249500334E-1
2.400922207E2,4.606050014E0,7.546950340E0,-3.408000231E0
2.400946641E2,3.246000051E0,5.209950447E0,-5.614950180E0
2.400971078E2,1.351950049E0,7.710000515E0,-2.182049990E0
2.400995515E2,2.097000122E0,8.690999985E0,-2.938050032E0
2.401019949E2,3.640950203E0,6.808950424E0,-1.954050064E0
2.401044385E2,8.704950333E0,9.181950569E0,-6.031950474E0
2.401068820E2,7.426050186E0,8.116950035E0,-8.103000641E0
2.401093256E2,1.620000124E0,7.714050293E0,-4.353000164E0
2.401117691E2,3.567000151E0,1.067400074E1,-2.110500038E-1
2.401142127E2,3.969000101E0,7.075050354E0,-3.891000271E0
2.401166564E2,3.841950178E0,6.613050461E0,-3.634950161E0
2.401190998E2,8.463000298E0,7.401000500E0,-6.100950241E0
2.401215434E2,4.941000462E0,5.926050186E0,-7.771950245E0
2.401239869E2,2.791050196E0,1.067100048E1,-8.149500489E-1
2.401264306E2,2.335950136E0,9.579000473E0,-5.295000225E-2
2.401288742E2,2.347950220E0,9.292050362E0,3.859500289E-1
2.401313177E2,7.237050533E0,1.243800068E1,-2.883000135E0
2.401337613E2,5.487000465E0,9.634950638E0,-8.148000717E0
2.401362047E2,3.940500319E-1,1.073805046E1,-5.127000332E0
2.401386484E2,1.824000120E0,1.130100060E1,-2.356050014E0
2.401410920E2,3.346050262E0,9.342000008E0,-4.353000164E0
2.401435355E2,3.528000116E0,1.023495007E1,-2.566950083E0
2.401459791E2,7.303950310E0,1.060905075E1,-3.505950212E0
2.401484226E2,4.411950111E0,9.237000465E0,-4.911000252E0
2.401508662E2,3.933000088E0,1.166205025E1,-8.190000653E-1
2.401533099E2,4.261050224E0,1.102095032E1,-3.475050211E0
2.401557533E2,2.784000158E0,1.079295063E1,3.409500122E-1
2.401581969E2,5.677950382E0,1.312095070E1,-1.885050058E0
2.401606404E2,5.407950401E0,1.048200035E1,-6.139050484E0
2.401630840E2,8.080500364E-1,9.265950203E0,-2.296950102E0
2.401655277E2,1.531950116E0,1.057305050E1,1.999500096E-1
2.401679712E2,2.434050083E0,8.545050621E0,-1.891950130E0
2.401704148E2,9.090000391E-1,7.039050102E0,-1.510500014E-1
2.401728582E2,4.507950306E0,8.265000343E0,-4.600500166E-1
2.401753019E2,2.571000099E0,6.831000328E0,-2.797050238E0
2.401777453E2,1.776000142E0,7.522950172E0,1.525950074E0
2.401801890E2,2.913000107E0,6.973950386E0,4.969500303E-1
2.401826326E2,2.970000029E0,4.009950161E0,-6.780000329E-1
2.401850761E2,7.978950500E0,6.847950459E0,-3.882000208E0
2.401875197E2,5.572950363E0,6.052950382E0,-8.773050308E0
2.401899632E2,1.101000071E0,5.799000263E0,-4.851000309E0
2.401924069E2,2.166000128E0,6.586950302E0,-2.389950037E0
2.401948505E2,3.469050169E0,4.446000099E0,-3.991950274E0
2.401972939E2,2.998950243E0,3.531000137E0,-3.850050211E0
2.401997376E2,6.880050182E0,5.241000175E0,-5.143050194E0
2.402021810E2,4.426050186E0,3.202950239E0,-6.622950077E0
2.402046246E2,1.977000117E0,6.192000389E0,-2.545950174E0
2.402070683E2,2.868000031E0,6.117000103E0,-3.855000257E0
2.402095118E2,3.246000051E0,4.256999969E0,-2.989050150E0
2.402119554E2,7.917000294E0,7.618950367E0,-1.566000104E0
2.402143989E2,8.197050095E0,2.737050056E0,-5.242050171E0
2.402168425E2,4.609500170E-1,7.044000149E0,-4.561950207E0
2.402192862E2,4.729950428E0,6.816000462E0,-5.124000072E0
2.402217296E2,8.599050522E0,3.927000284E0,-8.064000130E0
2.402241732E2,4.804950237E0,5.539950371E0,-9.288000107E0
2.402266167E2,6.825000286E0,6.004950523E0,-5.160000324E0
2.402290603E2,5.037000179E0,7.027050495E0,-2.911950111E0
2.402315040E2,1.563000083E0,9.517050743E0,4.420950413E0
2.402339475E2,1.150950074E0,1.006305027E1,3.778950214E0
2.402363911E2,2.009999990E0,9.244050026E0,5.130000114E-1
2.402388346E2,2.370000124E0,1.359705067E1,-1.129500046E-1
2.402412782E2,5.851050377E0,1.375305080E1,2.236950159E0
2.402437219E2,2.221050024E0,8.083050728E0,-2.716050148E0
2.402461653E2,5.719050407E0,1.172505093E1,-8.175000191E0
2.402486089E2,4.857000351E0,1.232595062E1,-1.146705055E1
2.402510524E2,2.410050154E0,1.067100048E1,-5.637000084E0
2.402534960E2,2.536950111E0,1.000800037E1,-5.176950455E0
2.402559395E2,2.544000149E0,9.169950485E0,-3.505950212E0
2.402583832E2,2.259000063E0,1.153305054E1,2.362050056E0
2.402608268E2,4.660950184E0,1.122900009E1,-7.000500560E-1
2.402632703E2,3.741000175E0,9.105000496E0,-1.485000014E0
2.402657139E2,8.662050247E0,1.240695095E1,-6.034050465E0
2.402681573E2,5.668950081E0,1.152405071E1,-8.088000298E0
2.402706010E2,1.476000071E0,9.096000671E0,-2.292000055E0
2.402730446E2,2.443950176E0,9.735000610E0,7.005000114E-2
2.402754881E2,2.050950050E0,8.851950645E0,1.489500105E-1
2.402779317E2,1.096050024E0,5.782050133E0,9.195000678E-2
2.402803752E2,4.929000378E0,8.526000023E0,-2.419050217E0
2.402828189E2,3.076050043E0,5.935050488E0,-5.413950443E0
2.402852625E2,2.475000143E0,8.077950478E0,-2.701050043E0
2.402877060E2,3.258000135E0,8.301000595E0,-3.325950146E0
2.402901496E2,2.926950216E0,7.875000477E0,-1.729050040E0
2.402925930E2,7.555950165E0,1.158300018E1,-3.763950109E0
2.402950367E2,4.237050056E0,7.638000488E0,-8.068950653E0
2.402974804E2,-9.000000544E-3,1.050600052E1,-2.590950012E0
2.402999238E2,2.094000101E0,8.605050087E0,-1.789050102E0
2.403023674E2,4.117050171E0,6.414000511E0,-3.943950176E0
2.403048111E2,4.703999996E0,6.888000488E0,-2.998050213E0
2.403072545E2,8.880000114E0,7.410000324E0,-3.829050064E0
2.403096982E2,4.531949997E0,7.563000202E0,-4.710000038E0
2.403121417E2,1.555050015E0,1.100205040E1,1.264950037E0
2.403145853E2,2.860050201E0,8.131050110E0,-5.580000281E-1
2.403170288E2,3.289050102E0,8.887950897E0,-2.320950031E0
2.403194725E2,9.042000771E0,1.067400074E1,-5.581950188E0
2.403219161E2,5.656950474E0,9.298950195E0,-1.070295048E1
2.403243595E2,-7.320000529E-1,1.168605042E1,-2.574000120E0
2.403268032E2,3.580500185E-1,1.074795055E1,1.995000057E-2
2.403292466E2,2.266950130E0,7.771950245E0,-1.593000054E0
2.403316903E2,2.926950216E0,8.454000473E0,-1.612050056E0
2.403341337E2,8.038949966E0,7.627950191E0,-5.719950199E0
2.403365774E2,3.672000170E0,8.215050697E0,-7.180950165E0
2.403390210E2,1.362000108E0,9.637050629E0,-1.450950027E0
2.403414645E2,2.439000130E0,7.807950497E0,-1.641000032E0
2.403439081E2,3.070950031E0,7.149000168E0,-2.653050184E0
2.403463516E2,9.516000748E0,7.944000244E0,-3.807000160E0
2.403487953E2,6.378000259E0,5.430000305E0,-1.042500019E1
2.403512389E2,1.528950095E0,7.954050541E0,-4.328999996E0
2.403536824E2,3.400950193E0,7.042050362E0,-8.239500523E-1
2.403561260E2,2.887050152E0,5.233950138E0,-1.564050078E0
2.403585695E2,2.391000032E0,6.040950298E0,1.191000104E0
2.403610132E2,7.540950298E0,6.321000099E0,-1.168950081E0
2.403634568E2,2.745000124E0,5.610000134E0,-3.367050171E0
2.403659002E2,3.130500019E-1,9.682050705E0,2.401950121E0
2.403683439E2,1.936050057E0,6.769050121E0,2.569500208E-1
2.403707875E2,2.131950140E0,7.807950497E0,-1.447050095E0
2.403732309E2,7.993950367E0,9.723000526E0,-4.606950283E0
2.403756746E2,4.996050358E0,6.910050392E0,-1.046595097E1
2.403781181E2,1.840500087E-1,9.390000343E0,-3.391050100E0
2.403805617E2,2.712000132E0,9.301950455E0,-2.409000158E0
2.403830052E2,4.560000420E0,5.944950104E0,-4.399050236E0
2.403854488E2,5.341050148E0,7.165950298E0,-3.634950161E0
2.403878925E2,9.361050606E0,5.377050400E0,-7.096950531E0
2.403903359E2,5.365050316E0,6.249000072E0,-8.785050392E0
2.403927795E2,2.140050173E0,8.334000587E0,-4.926000118E0
2.403952230E2,3.993000269E0,6.778050423E0,-3.982050180E0
2.403976666E2,2.817000151E0,6.903000355E0,-4.164000034E0
2.404001101E2,6.892050266E0,9.496050835E0,-3.345000267E0
2.404025538E2,3.928050280E0,6.079050064E0,-6.883950233E0
2.404049974E2,-1.281000018E0,7.939050198E0,-1.257000089E0
2.404074409E2,3.418050051E0,5.892000198E0,7.000500560E-1
2.404098845E2,5.371950150E0,3.844950199E0,-3.144000053E0
2.404123279E2,3.186000109E0,5.923050404E0,2.639999986E-1
2.404147716E2,6.949950218E0,5.860950470E0,-8.620500565E-1
2.404172150E2,3.661950111E0,7.626000404E0,-9.130500555E-1
2.404196587E2,-6.195000187E-2,9.262950897E0,4.009050369E0
2.404221023E2,6.379500031E-1,9.096000671E0,1.267050028E0
2.404245458E2,1.498050094E0,8.740950584E0,-2.110050201E0
2.404269895E2,6.736950397E0,1.059705067E1,-4.120950222E0
2.404294331E2,4.893000126E0,1.059000015E1,-9.313950539E0
2.404318765E2,2.073000193E0,9.388050079E0,-3.373950243E0
2.404343202E2,2.455950022E0,1.120305061E1,-3.253950119E0
2.404367639E2,3.187950134E0,1.025505066E1,-1.732050061E0
2.404392072E2,2.044049978E0,8.119050026E0,1.162050009E0
2.404416509E2,4.182000160E0,1.038900089E1,-1.369950056E0
2.404440944E2,4.192049980E0,1.054200077E1,-5.670000076E0
2.404465380E2,2.269050121E0,1.021200085E1,-2.548050165E0
2.404489815E2,3.001950026E0,1.003395081E1,-1.717050076E0
2.404514251E2,2.203950167E0,7.726050377E0,-3.060000181E0
2.404538688E2,7.321050167E0,1.075695038E1,-2.092950106E0
2.404563122E2,6.343950272E0,1.024305058E1,-7.224000454E0
2.404587558E2,1.663050056E0,7.947000504E0,-2.550000191E0
2.404611993E2,2.676000118E0,1.003005028E1,8.800500631E-1
2.404636429E2,2.947050095E0,7.231050491E0,-2.308950186E0
2.404660864E2,3.394050121E0,7.252050400E0,-1.186050057E0
2.404685301E2,8.487000465E0,8.916000366E0,-3.187050104E0
2.404709737E2,4.977000237E0,7.611000538E0,-5.356050491E0
2.404734171E2,1.966950059E0,1.051095009E1,-1.837050080E0
2.404758608E2,3.190950155E0,9.433050156E0,-2.139000177E0
2.404783042E2,2.350050211E0,7.987050533E0,-3.835950136E0
2.404807479E2,8.428950310E0,1.051995087E1,-4.653000355E0
2.404831915E2,6.703050137E0,7.662000179E0,-1.218705082E1
2.404856350E2,1.000050068E0,9.189000130E0,-6.103950500E0
2.404880786E2,3.400950193E0,9.453000069E0,-2.911950111E0
2.404905220E2,3.861000299E0,5.962050438E0,-5.071950436E0
2.404929657E2,3.160050154E0,6.948000431E0,-2.778000116E0
2.404954094E2,7.357050419E0,6.397050381E0,-4.987950325E0
2.404978528E2,6.238950253E0,6.397050381E0,-7.819950581E0
2.405002964E2,1.062000036E0,8.197950363E0,-3.505950212E0
2.405027401E2,3.436950207E0,6.985950470E0,9.319500327E-1
2.405051835E2,2.974950075E0,5.011050224E0,-6.109500527E-1
2.405076272E2,6.871050358E0,8.788949966E0,4.030500054E-1
2.405100706E2,6.559950352E0,5.854050159E0,-5.115000248E0
2.405125142E2,-5.959500074E-1,7.437000275E0,-3.973050117E0
2.405149579E2,1.516950130E0,7.795950413E0,-3.430500031E-1
2.405174014E2,4.752000332E0,4.887000084E0,-3.091950178E0
2.405198450E2,2.070000172E0,6.526950359E0,-9.679500461E-1
2.405222885E2,5.821950436E0,6.895050526E0,-1.827000141E0
2.405247321E2,5.235000134E0,6.508050442E0,-5.011950016E0
2.405271755E2,1.105050087E0,9.430950165E0,-1.236000061E0
2.405296191E2,2.710050106E0,8.679000854E0,-7.260000110E-1
2.405320628E2,2.434050083E0,7.333950520E0,-3.381000042E0
2.405345063E2,6.559950352E0,9.108000755E0,-3.517950058E0
2.405369499E2,7.690050602E0,9.072000504E0,-8.584050179E0
2.405393934E2,1.773000121E0,7.669050217E0,-4.404000282E0
2.405418370E2,2.223000050E0,1.023795033E1,-8.860500455E-1
2.405442804E2,4.596000195E0,7.405050278E0,-3.205950260E0
2.405467241E2,2.058000088E0,8.038050652E0,-1.471050024E0
2.405491677E2,5.724000454E0,8.835000038E0,-1.665000081E0
2.405516112E2,5.676000118E0,8.686050415E0,-4.509000301E0
2.405540548E2,9.570000172E-1,1.007700062E1,-1.779000044E0
2.405564985E2,1.693950057E0,9.910050392E0,1.299000025E0
2.405589419E2,1.888050079E0,7.723950386E0,-2.692050219E0
2.405613856E2,5.121000290E0,1.046295071E1,-5.490000248E-1
2.405638292E2,8.215950012E0,9.694050789E0,-6.973050117E0
2.405662726E2,1.297050118E0,9.502950668E0,-3.646950245E0
2.405687163E2,-3.780000210E-1,1.088400078E1,2.970000029E0
2.405711598E2,1.843050122E0,8.409000397E0,2.500500083E-1
2.405736034E2,2.137050152E0,7.204050541E0,-1.525950074E0
2.405760469E2,5.923050404E0,7.863000393E0,-2.518950224E0
2.405784905E2,6.631050110E0,8.008950233E0,-6.409950256E0
2.405809342E2,2.310000181E0,8.392050743E0,-4.504050255E0
2.405833777E2,2.367000103E0,9.775950432E0,-1.726950049E0
2.405858213E2,3.037950039E0,6.637050152E0,-4.648050308E0
2.405882647E2,3.658050060E0,8.926050186E0,-1.228950024E0
2.405907084E2,8.458050728E0,8.377950668E0,-5.491050243E0
2.405931518E2,3.616950274E0,7.729050159E0,-7.566000462E0
2.405955955E2,1.120050073E0,8.634000778E0,-3.910500109E-1
2.405980391E2,2.688000202E0,7.321950436E0,-1.609500051E-1
2.406004826E2,2.329050064E0,3.555000067E0,-1.885050058E0
2.406029262E2,4.716000080E0,5.926050186E0,-5.610000491E-1
2.406053697E2,7.158000469E0,4.963050365E0,-5.050050259E0
2.406078134E2,2.317050219E0,6.550950527E0,-4.650000095E0
2.406102570E2,1.684950113E0,8.406000137E0,-5.805000290E-2
2.406127004E2,1.933950067E0,5.428050041E0,-2.704050064E0
2.406151441E2,2.650050163E0,7.233000278E0,-1.162050009E0
2.406175875E2,8.620950699E0,7.819950581E0,-5.601000309E0
2.406200312E2,3.627000093E0,6.109950066E0,-1.007295036E1
2.406224748E2,-7.950000167E-1,8.332050323E0,-2.725050211E0
2.406249183E2,4.183950424E0,5.293950081E0,-4.143000126E0
2.406273619E2,3.913950205E0,3.637050152E0,-5.695950508E0
2.406298054E2,3.427950144E0,5.614950180E0,-2.119050026E0
2.406322490E2,8.449049950E0,5.203050137E0,-4.321950436E0
2.406346927E2,3.181050062E0,6.036000252E0,-5.779950142E0
2.406371361E2,8.419500589E-1,8.157000542E0,-8.550000191E-1
2.406395798E2,4.876049995E0,5.212050438E0,-3.477000237E0
2.406420232E2,2.752950191E0,6.655950546E0,-3.549000263E0
2.406444669E2,9.327000618E0,7.695000172E0,-3.151050091E0
2.406469105E2,5.106000423E0,6.895050526E0,-7.879950523E0
2.406493540E2,-1.657050133E0,1.037700081E1,2.545950174E0
2.406517976E2,8.970000148E-1,8.998050690E0,3.646950245E0
2.406542411E2,2.704950094E0,7.990050316E0,-9.730500579E-1
2.406566847E2,1.972050071E0,9.426000595E0,-2.950500250E-1
2.406591284E2,5.524950027E0,9.907050133E0,-2.281949997E0
2.406615718E2,3.291000128E0,9.472050667E0,-4.210050106E0
2.406640155E2,2.503950119E0,1.171305084E1,-1.198050022E0
2.406664589E2,4.282950401E0,1.239300060E1,-5.011950016E0
2.406689026E2,3.028050184E0,1.046805096E1,-3.361950159E0
2.406713460E2,4.576950073E0,1.277595043E1,-2.007000208E0
2.406737897E2,4.618050098E0,1.387500095E1,-6.096000195E0
2.406762333E2,2.116050005E0,1.153095055E1,-1.570950031E0
2.406786768E2,2.566050053E0,1.304400063E1,-6.060000062E-1
2.406811204E2,4.736999989E0,1.078095055E1,-3.613050222E0
2.406835638E2,1.729950070E0,8.239050865E0,-3.895950079E0
2.406860075E2,3.780000210E0,1.046505070E1,-3.001050234E0
2.406884512E2,4.777950287E0,9.960000038E0,-5.184000015E0
2.406908946E2,2.355000019E0,9.019050598E0,-2.107050180E0
2.406933382E2,4.369050026E0,8.562000275E0,-4.960500300E-1
2.406957817E2,3.042000055E0,6.939000130E0,-2.566950083E0
2.406982254E2,4.165050030E0,6.711000443E0,-7.090500593E-1
2.407006690E2,7.002000332E0,9.550950050E0,-5.548050404E0
2.407031125E2,3.154950142E0,6.778050423E0,-5.863950253E0
2.407055561E2,1.414050102E0,9.259050369E0,8.479500413E-1
2.407079998E2,3.382050276E0,7.755000591E0,-1.590000093E-1
2.407104432E2,1.951050043E0,5.884950161E0,-2.400000095E0
2.407128868E2,3.354000092E0,8.440050125E0,1.299000025E0
2.407153303E2,6.439950466E0,7.261950493E0,-3.621000290E0
2.407177739E2,1.041000009E0,7.669050217E0,-3.700050116E0
2.407202174E2,1.584000111E0,1.033605003E1,3.960000277E-1
2.407226610E2,3.427950144E0,5.968950272E0,-4.413000107E0
2.407251047E2,2.941950083E0,8.233950615E0,-3.397950172E0
2.407275482E2,7.972050190E0,9.274950027E0,-5.443050385E0
2.407299918E2,4.465050220E0,8.080950737E0,-8.200950623E0
2.407324353E2,-4.830000103E-1,9.892950058E0,-1.106999993E0
2.407348790E2,2.014950037E0,8.689050674E0,1.106999993E0
2.407373226E2,3.844050169E0,4.981950283E0,-5.035950184E0
2.407397660E2,4.108050346E0,5.782050133E0,-2.731950045E0
2.407422096E2,7.857000351E0,6.715950489E0,-4.465950012E0
2.407446531E2,3.853950262E0,6.505050182E0,-6.396000385E0
2.407470967E2,8.179500103E-1,9.157950401E0,-6.919500232E-1
2.407495404E2,1.852050066E0,6.574950218E0,-1.408050060E0
2.407519839E2,1.471950054E0,4.318950176E0,-1.569000125E0
2.407544275E2,6.600000381E0,7.288050175E0,-2.880000174E-1
2.407568710E2,7.077000141E0,5.788950443E0,-6.274050236E0
2.407593146E2,-2.220000178E-1,6.898050308E0,-2.730000019E0
2.407617580E2,0.000000000E0,7.747950554E0,1.813050032E0
2.407642017E2,4.084050179E0,5.077950478E0,-4.234050274E0
2.407666453E2,1.182000041E0,4.623000145E0,-3.742950201E0
2.407690888E2,4.137000084E0,6.840000153E0,-2.449500114E-1
2.407715324E2,5.341050148E0,6.076950073E0,-4.933050156E0
2.407739761E2,1.539000034E0,8.476050377E0,-1.243050098E0
2.407764196E2,2.029950142E0,8.236050606E0,-6.300000548E-1
2.407788632E2,2.110949993E0,4.554000378E0,-4.255050182E0
2.407813066E2,4.327950001E0,7.147050381E0,-3.160950184E0
2.407837503E2,9.643050194E0,6.718050480E0,-7.762950420E0
2.407861937E2,3.271950245E0,6.364050388E0,-6.247050285E0
2.407886374E2,-1.170000061E-1,9.124950409E0,1.183950067E0
2.407910810E2,5.283000469E0,6.856950283E0,1.579050064E0
2.407935245E2,2.773950100E0,4.750050068E0,-3.894000292E0
2.407959682E2,3.184050083E0,8.911050797E0,1.596000075E0
2.407984118E2,6.504000187E0,8.107049942E0,-4.966050148E0
2.408008553E2,2.298000097E0,9.112950325E0,-4.092000008E0
2.408032989E2,-3.180000186E-1,1.184205055E1,1.287000060E0
2.408057423E2,1.737000108E0,8.611950874E0,-9.169500470E-1
2.408081859E2,1.488000035E0,9.498000145E0,-2.008949995E0
2.408106294E2,6.016050339E0,1.187100029E1,-1.648050070E0
2.408130731E2,6.876000404E0,1.194705009E1,-6.724050522E0
2.408155167E2,2.743050098E0,9.310950279E0,-4.465950012E0
2.408179602E2,4.728000164E0,1.182495022E1,-3.235050201E0
2.408204038E2,5.439000130E0,9.784950256E0,-7.381950378E0
2.408228473E2,2.188050032E0,9.117000580E0,-2.782950163E0
2.408252909E2,6.214950085E0,1.057095051E1,-4.291050434E0
2.408277343E2,6.457050323E0,9.196050644E0,-7.477950573E0
2.408301780E2,2.515950203E0,1.099695015E1,-4.545000076E0
2.408326216E2,4.138950348E0,9.718050003E0,-3.154050112E0
2.408350651E2,3.406050205E0,7.851000309E0,-4.126049995E0
2.408375088E2,4.030950069E0,8.938050270E0,-1.930050135E0
2.408399524E2,6.588000298E0,1.074795055E1,-4.678950310E0
2.408423959E2,1.813950062E0,7.396050453E0,-3.793050289E0
2.408448395E2,0.000000000E0,8.859000206E0,3.001050234E0
2.408472830E2,1.966950059E0,7.246950150E0,-1.695000008E-2
2.408497266E2,2.305050135E0,4.237950325E0,-1.801050067E0
2.408521703E2,4.017000198E0,8.586000443E0,1.335000038E0
2.408546137E2,6.835050106E0,7.219050407E0,-2.931000233E0
2.408570573E2,2.628000021E0,8.227050781E0,-1.165950060E0
2.408595008E2,4.800000191E-1,1.125795078E1,1.216950059E0
2.408619445E2,2.293050051E0,9.168000221E0,-1.468050122E0
2.408643881E2,1.536000013E0,9.916950226E0,-1.918050051E0
2.408668316E2,4.837950230E0,1.163400078E1,-1.156949997E0
2.408692752E2,3.961950302E0,1.182795048E1,-6.457950115E0
2.408717187E2,1.491000056E0,9.876000404E0,-1.341000080E0
2.408741623E2,3.504000187E0,1.022100067E1,-1.963950038E0
2.408766060E2,3.640950203E0,8.488050461E0,-5.107050419E0
2.408790494E2,2.893950224E0,8.005949974E0,-2.953050137E0
2.408814930E2,6.253050327E0,9.473999977E0,-4.626000404E0
2.408839365E2,5.914950371E0,9.606000900E0,-6.171000481E0
2.408863801E2,2.455950022E0,9.577050209E0,-2.737050056E0
2.408888236E2,4.645950317E0,8.416049957E0,-1.420050025E0
2.408912672E2,3.571050167E0,6.610950470E0,-4.118999958E0
2.408937109E2,4.705950260E0,8.386950493E0,-1.549950123E0
2.408961543E2,7.632000446E0,1.016805077E1,-5.983950138E0
2.408985980E2,2.209050179E0,6.558000088E0,-5.766000271E0
2.409010416E2,3.510000110E-1,9.994050026E0,1.825050116E0
2.409034851E2,3.354000092E0,6.342000484E0,-3.190500140E-1
2.409059287E2,3.093000174E0,5.932950497E0,-7.740000486E-1
2.409083722E2,4.717950344E0,8.868000031E0,1.066050053E0
2.409108158E2,7.915050507E0,9.060000420E0,-3.268950224E0
2.409132593E2,2.688000202E0,9.376049995E0,-3.574950218E0
2.409157029E2,1.053000093E0,1.192800045E1,1.624050021E0
2.409181466E2,2.532000065E0,8.097000122E0,-3.826950073E0
2.409205900E2,2.844000101E0,7.482000351E0,-4.897050381E0
2.409230336E2,8.290950775E0,9.970050812E0,-6.123000145E0
2.409254773E2,5.973000050E0,7.606950283E0,-1.211295033E1
2.409279208E2,3.769500256E-1,9.754050255E0,-3.565950155E0
2.409303644E2,3.010950089E0,8.326950073E0,-7.860000134E-1
2.409328079E2,4.510050297E0,5.980950356E0,-3.181950092E0
2.409352515E2,2.140050173E0,6.757050514E0,-8.670000434E-1
2.409376949E2,7.776000500E0,8.028000832E0,-1.819950104E0
2.409401386E2,5.263950348E0,7.935000420E0,-5.601000309E0
2.409425822E2,6.310500503E-1,8.233950615E0,-7.930500507E-1
2.409450257E2,1.972050071E0,7.882050514E0,1.039950013E0
2.409474693E2,1.936050057E0,3.345000267E0,-1.918050051E0
2.409499128E2,5.170950413E0,7.884000301E0,3.100500107E-1
2.409523564E2,8.700000763E0,6.763950348E0,-7.176000118E0
2.409547999E2,2.026950121E0,6.643950462E0,-5.586000443E0
2.409572436E2,-5.029500127E-1,9.274950027E0,-1.486950040E0
2.409596872E2,4.321050167E0,6.639000416E0,-2.929050207E0
2.409621306E2,2.449050188E0,4.948950291E0,-6.733050346E0
2.409645743E2,3.949950218E0,7.008000374E0,-2.088000059E0
2.409670180E2,8.659049988E0,7.147050381E0,-4.698000431E0
2.409694614E2,3.586050272E0,6.832950115E0,-5.187000275E0
2.409719050E2,1.222950101E0,9.778050423E0,-2.209500074E-1
2.409743485E2,3.445050240E0,4.561050415E0,-4.662000179E0
2.409767921E2,1.696950078E0,6.463950157E0,-3.846000195E0
2.409792355E2,6.415950298E0,8.097000122E0,-3.621000290E0
2.409816792E2,6.322050095E0,5.169000149E0,-6.775950432E0
2.409841228E2,-1.141950011E0,7.666050434E0,-1.216950059E0
2.409865663E2,3.423000097E0,5.899050236E0,2.521950006E0
2.409890100E2,6.433050156E0,4.077000141E0,-3.561000109E0
2.409914536E2,1.912050128E0,5.875050068E0,-1.000950098E0
2.409938971E2,5.773950100E0,8.380050659E0,-3.690000176E-1
2.409963407E2,5.185050011E0,8.670000076E0,-5.155050278E0
2.409987841E2,-4.210500121E-1,1.151895046E1,1.183950067E0
2.410012278E2,-6.610500216E-1,1.035000038E1,1.605000019E0
2.410036715E2,9.495000541E-2,8.229000092E0,-1.552050114E0
2.410061149E2,1.702050090E0,1.032600021E1,-4.095000029E-2
2.410085585E2,5.326050282E0,1.177005100E1,-4.269000053E0
2.410110020E2,3.064050198E0,1.014195061E1,-4.198050022E0
2.410134456E2,1.747050047E0,1.102605057E1,1.095000029E0
2.410158891E2,4.681950092E0,1.317300034E1,-3.900000080E-2
2.410183327E2,3.567000151E0,9.598950386E0,-3.139050245E0
2.410207764E2,2.484000206E0,1.122000027E1,-2.020500153E-1
2.410232198E2,6.640950203E0,1.434900093E1,-4.633050442E0
2.410256635E2,3.885000229E0,1.264695072E1,-4.975950241E0
2.410281072E2,2.998950243E0,1.363305092E1,-5.845050335E0
2.410305506E2,4.849950314E0,1.012305069E1,-6.052950382E0
2.410329942E2,2.455950022E0,8.911050797E0,-4.231050014E0
2.410354377E2,6.319950104E0,1.109700012E1,-7.159500122E-1
2.410378813E2,7.141050339E0,1.172205067E1,-6.501000404E0
2.410403248E2,2.058000088E0,8.440050125E0,-3.748050213E0
2.410427685E2,3.114000082E0,9.321000099E0,4.699500203E-1
2.410452121E2,3.576000214E0,8.184000015E0,-4.296000004E0
2.410476556E2,1.311000109E0,6.160050392E0,-2.067000151E0
2.410500992E2,4.447950363E0,1.034805012E1,-8.359500170E-1
2.410525428E2,4.078950405E0,8.035050392E0,-3.489000082E0
2.410549863E2,2.025000095E0,1.119300079E1,-5.100000277E-2
2.410574299E2,5.905950069E0,9.321000099E0,-9.390000701E-1
2.410598734E2,3.475950241E0,6.795000553E0,-7.018050194E0
2.410623170E2,1.555050015E0,8.938050270E0,-3.973050117E0
2.410647605E2,6.829950333E0,9.658050537E0,-6.040950298E0
2.410672042E2,3.781950235E0,7.867950439E0,-1.058805084E1
2.410696478E2,6.499500275E-1,8.452050209E0,-3.058050156E0
2.410720912E2,6.937950134E0,5.740950108E0,-3.289950132E0
2.410745349E2,6.141000271E0,4.900950432E0,-7.393950462E0
2.410769783E2,2.128050089E0,6.579000473E0,-2.122050047E0
2.410794220E2,7.078950405E0,7.105950356E0,-2.128950119E0
2.410818656E2,4.804950237E0,5.800950050E0,-5.632050037E0
2.410843091E2,5.140500069E-1,7.984950542E0,-3.360000253E-1
2.410867527E2,4.669950008E0,5.521050453E0,1.081050038E0
2.410891962E2,5.034000397E0,3.642000198E0,-3.961050272E0
2.410916399E2,5.548950195E0,8.731950760E0,4.030500054E-1
2.410940835E2,7.426050186E0,5.878050327E0,-4.219050407E0
2.410965269E2,-3.610500097E-1,6.916950226E0,-4.705049992E0
2.410989706E2,-7.249500155E-1,6.876000404E0,6.109500527E-1
2.411014140E2,6.607050419E0,4.506000042E0,-3.457950115E0
2.411038577E2,4.093050003E0,4.338000298E0,-5.167050362E0
2.411063013E2,3.919050217E0,6.687000275E0,-2.400000021E-2
2.411087448E2,7.335000515E0,5.758050442E0,-4.327050209E0
2.411111884E2,1.062000036E0,6.874050140E0,-4.437000275E0
2.411136319E2,5.879999995E-1,8.241000175E0,-1.011000037E0
2.411160755E2,3.387000084E0,4.450950146E0,-5.827950478E0
2.411185192E2,2.038950205E0,4.384050369E0,-3.367050171E0
2.411209626E2,7.267950535E0,6.352050304E0,-3.769050121E0
2.411234062E2,5.932050228E0,3.297000170E0,-7.612050533E0
2.411258497E2,-1.306950092E0,6.283050060E0,-2.710950136E0
2.411282934E2,8.200500607E-1,5.406000137E0,3.463050127E0
2.411307370E2,5.499000072E0,2.854050159E0,-2.163000107E0
2.411331805E2,4.470000267E-1,3.754050255E0,7.840500474E-1
2.411356241E2,3.544950247E0,6.936000347E0,4.600050449E0
2.411380675E2,5.917950153E0,5.253000259E0,-3.019950151E0
2.411405111E2,1.819050074E0,9.247050285E0,1.428000093E0
2.411429548E2,4.879500270E-1,1.008495045E1,3.853050232E0
2.411453983E2,1.033950090E0,7.209000111E0,-1.660500020E-1
2.411478419E2,5.550000072E-1,1.100205040E1,-2.284950018E0
2.411502854E2,5.596950054E0,1.491195107E1,3.717000246E0
2.411527291E2,4.170000076E0,1.188795090E1,-6.427050114E0
2.411551725E2,2.599050045E0,1.174395084E1,-2.931000233E0
2.411576161E2,4.752000332E0,1.484400082E1,-5.608050346E0
2.411600598E2,3.957000256E0,1.156395054E1,-6.232950211E0
2.411625032E2,1.948050141E0,1.151895046E1,1.888050079E0
2.411649468E2,4.299000263E0,1.524900055E1,-4.315050125E0
2.411673905E2,4.090950012E0,1.320705032E1,-4.738950253E0
2.411698340E2,3.595050097E0,1.352805042E1,-5.767950058E0
2.411722776E2,5.439000130E0,1.280895042E1,-7.690950394E0
2.411747211E2,3.478050232E0,1.037700081E1,-7.531050205E0
2.411771647E2,3.961950302E0,1.107300091E1,-1.863000035E0
2.411796082E2,8.844000816E0,1.416495037E1,-5.919000149E0
2.411820519E2,3.571050167E0,8.607000351E0,-6.372000217E0
2.411844955E2,1.713000059E0,7.963050365E0,1.999500096E-1
2.411869390E2,3.820050240E0,7.771950245E0,-8.530500531E-1
2.411893826E2,1.108050108E0,4.357950211E0,-3.550950050E0
2.411918263E2,1.309050083E0,6.967050552E0,3.609000206E0
2.411942697E2,6.694050312E0,6.796950340E0,-7.360500097E-1
2.411967133E2,5.640000343E0,7.153950214E0,-1.408050060E0
2.411991568E2,3.435000181E0,1.162905025E1,1.734000087E0
2.412016004E2,3.724950075E0,8.245950699E0,-2.404050112E0
2.412040441E2,1.014000058E0,1.105695057E1,-2.797050238E0
2.412064876E2,4.972050190E0,1.306995106E1,-3.441000223E0
2.412089312E2,6.655050278E0,1.111905098E1,-9.039000511E0
2.412113746E2,1.881000042E0,9.358950615E0,-6.250050068E0
2.412138183E2,3.388950109E0,8.992950439E0,-5.038050175E0
2.412162619E2,5.899050236E0,6.610950470E0,-8.485950470E0
2.412187054E2,1.717950106E0,5.533050060E0,-6.477000237E0
2.412211490E2,5.235000134E0,6.997950554E0,-3.442950249E0
2.412235925E2,8.070000648E0,7.908000469E0,-6.067950249E0
2.412260361E2,2.362050056E0,8.574000359E0,-5.538000107E0
2.412284798E2,2.314050198E0,1.014900017E1,-2.823000193E0
2.412309232E2,1.086000085E0,6.400050163E0,-5.673000336E0
2.412333668E2,-2.935050249E0,9.417000771E0,1.696050048E0
2.412358103E2,7.650000453E-1,1.042200089E1,5.314050198E0
2.412382539E2,5.869950294E0,1.089000106E0,-2.698950052E0
2.412406974E2,3.835050106E0,7.161000252E0,-2.995950222E0
2.412431411E2,7.471950531E0,4.233000278E0,-2.839950085E0
2.412455847E2,6.028050423E0,3.511950254E0,-4.914000034E0
2.412480282E2,6.310500503E-1,7.951050282E0,4.219500124E-1
2.412504718E2,1.560000062E0,9.934050560E0,3.958950281E0
2.412529155E2,2.061000109E0,8.998050690E0,-2.383050203E0
2.412553589E2,2.130000114E0,1.102800083E1,-9.405000508E-2
2.412578025E2,4.608000278E0,1.017795086E1,-4.720050335E0
2.412602460E2,1.633950114E0,6.378000259E0,-4.839000225E0
2.412626896E2,4.873950005E0,8.773050308E0,-3.022050142E0
2.412651333E2,9.709950447E0,1.070205021E1,-9.444000244E0
2.412675768E2,4.857000351E0,6.754050255E0,-8.122050285E0
2.412700204E2,1.596000075E0,9.487950325E0,-2.491050005E0
2.412724638E2,4.656000137E0,9.100950241E0,-4.410000145E-1
2.412749075E2,2.776950121E0,6.405000210E0,-1.782000065E0
2.412773509E2,2.238000154E0,6.754050255E0,1.927950144E0
2.412797946E2,4.912050247E0,1.074105072E1,2.430000156E-1
2.412822382E2,1.519950032E0,7.657050133E0,-6.300000548E-1
2.412846817E2,1.260000020E-1,7.384050369E0,3.018000126E0
2.412871254E2,1.141050100E0,8.217000008E0,3.099000216E0
2.412895690E2,1.260000020E-1,5.160000324E0,-2.536050081E0
2.412920125E2,1.579050064E0,1.113600063E1,1.263000011E0
2.412944561E2,4.873950005E0,9.862050056E0,-3.814950228E0
2.412968995E2,1.582050085E0,7.872000217E0,-2.088000059E0
2.412993432E2,1.095000096E-2,1.102095032E1,3.315000057E0
2.413017868E2,3.412950277E0,1.020705032E1,1.672050118E0
2.413042303E2,2.307000160E0,7.125000477E0,-1.119000077E0
2.413066739E2,2.875050068E0,9.535950661E0,3.460500240E-1
2.413091174E2,9.817950249E0,1.229700089E1,-6.217950344E0
2.413115610E2,6.745950222E0,1.055205059E1,-7.971000195E0
2.413140047E2,5.760000229E0,1.330005074E1,-9.087000847E0
2.413164482E2,5.506050110E0,1.014495087E1,-8.773050308E0
2.413188918E2,1.174950004E0,1.161195087E1,-2.351999998E0
2.413213352E2,5.851050377E0,1.535895061E1,1.414050102E0
2.413237789E2,6.145050526E0,1.305405045E1,-4.909050465E0
2.413262226E2,2.223000050E0,8.855999947E0,-3.532050133E0
2.413286660E2,4.852050304E0,9.751950264E0,-4.353000164E0
2.413311096E2,5.179950237E0,7.959000587E0,-1.030500031E1
2.413335531E2,1.972050071E0,5.740950108E0,-7.983000278E0
2.413359968E2,3.391950130E0,8.667000771E0,-7.489950180E0
2.413384404E2,2.227950096E0,7.077000141E0,-8.905050278E0
2.413408839E2,-2.284050226E0,8.265000343E0,-4.357950211E0
2.413433275E2,1.551000118E0,6.547950268E0,3.622950077E0
2.413457712E2,5.604000092E0,1.221000075E0,-2.970000207E-1
2.413482147E2,4.752000332E0,4.018050194E0,-1.269000053E0
2.413506583E2,8.179950714E0,7.324050426E0,3.027000189E0
2.413531017E2,8.631000519E0,1.482000113E0,-3.526950121E0
2.413555453E2,2.230950117E0,4.936950207E0,-7.119000435E0
2.413579888E2,4.989000320E0,4.369050026E0,-8.284950256E0
2.413604324E2,6.885000229E0,1.828950047E0,-1.238100052E1
2.413628761E2,1.004999995E0,3.499950171E0,-9.970050812E0
2.413653196E2,4.510050297E0,4.839000225E0,-1.200000048E-1
2.413677632E2,5.880000114E0,4.852950096E0,1.672050118E0
2.413702067E2,2.167950153E0,6.340050220E0,3.238050222E0
2.413726503E2,2.901000023E0,7.027050495E0,3.646950245E0
2.413750940E2,3.355950117E0,5.800950050E0,2.488950014E0
2.413775374E2,2.772000074E0,8.064000130E0,-1.143000007E0
2.413799810E2,8.985000610E0,1.155495071E1,1.993050098E0
2.413824245E2,3.064050198E0,8.385000229E0,-9.007950783E0
2.413848682E2,2.302050114E0,1.004400063E1,-5.449950218E0
2.413873118E2,2.656950235E0,1.078605080E1,-8.601000786E0
2.413897552E2,1.891050100E0,8.299050331E0,-7.315050125E0
2.413921989E2,2.820000052E-1,7.183050156E0,-5.989500284E-1
2.413946423E2,2.982000113E0,1.189200020E1,-1.581000090E0
2.413970859E2,2.154000044E0,1.028100014E1,-3.039000034E0
2.413995296E2,1.785000086E0,9.828000069E0,1.351050019E0
2.414019731E2,3.820050240E0,9.286950111E0,-1.344000101E0
2.414044167E2,2.676000118E0,7.108950138E0,-2.521950006E0
2.414068604E2,4.632000446E0,1.186395073E1,-2.206050158E0
2.414093038E2,8.214000702E0,1.082205009E1,-5.629050255E0
2.414117475E2,2.544000149E0,8.016000748E0,-2.670000076E0
2.414141909E2,1.933950067E0,9.816000938E0,2.647050142E0
2.414166345E2,4.644000053E0,9.919050217E0,-1.150500029E-1
2.414190780E2,1.825950146E0,6.574950218E0,-3.364050150E0
2.414215217E2,2.841000080E0,9.775950432E0,2.176950216E0
2.414239653E2,8.367000580E0,1.138005066E1,-5.098050117E0
2.414264088E2,3.378000259E0,1.033605003E1,-5.464050293E0
2.414288524E2,2.815050125E0,1.249800014E1,-2.287050009E0
2.414312959E2,2.359950066E0,9.345000267E0,-3.654000282E0
2.414337395E2,4.830000103E-1,9.714000702E0,-2.329500169E-1
2.414361832E2,3.267000198E0,1.155000019E1,3.705000132E-2
2.414386266E2,7.483950138E0,1.053000069E1,-6.513000488E0
2.414410703E2,1.933950067E0,8.655000687E0,-4.791000366E0
2.414435137E2,2.002950191E0,9.642000198E0,1.312950015E0
2.414459574E2,4.000050068E0,7.621050358E0,-3.594000101E0
2.414484010E2,1.255950093E0,5.847000122E0,-1.357950091E0
2.414508445E2,4.153050423E0,7.504050255E0,6.469500065E-1
2.414532881E2,5.698050499E0,7.798050404E0,-3.241950035E0
2.414557318E2,2.575050116E0,7.647000313E0,-3.088950157E0
2.414581752E2,3.391950130E0,6.868950367E0,-2.052000046E0
2.414606189E2,4.945950031E0,4.197000027E0,-6.003000259E0
2.414630623E2,2.058000088E0,5.203050137E0,-3.982050180E0
2.414655059E2,7.366050243E0,8.476050377E0,-3.520050049E0
2.414679496E2,5.851050377E0,4.992000103E0,-9.187050819E0
2.414703931E2,9.070500135E-1,5.346000195E0,-3.831000090E0
2.414728367E2,2.446050167E0,8.080950737E0,-1.003950000E0
2.414752802E2,5.050950050E0,1.945950150E0,-6.790950298E0
2.414777239E2,1.147950053E0,4.876950264E0,-4.393949986E0
2.414801675E2,5.389050484E0,6.666000366E0,1.320000052E0
2.414826109E2,8.158950806E0,5.725050449E0,-5.662950039E0
2.414850545E2,-2.400000021E-2,7.573050499E0,-6.580050468E0
2.414874980E2,3.040050030E0,6.876000404E0,-1.983000040E0
2.414899416E2,4.917000294E0,3.598950148E0,-7.392000198E0
2.414923853E2,2.572950125E0,8.317950249E0,-4.150500298E-1
2.414948288E2,9.600000381E0,7.936950207E0,-1.068000078E0
2.414972724E2,3.696000099E0,6.187050343E0,-7.819950581E0
2.414997159E2,-1.567950130E0,8.959050179E0,2.152950048E0
2.415021595E2,1.771050096E0,7.498950481E0,1.336950064E0
2.415046029E2,3.741000175E0,6.699000359E0,-3.154050112E0
2.415070466E2,1.177050114E0,9.337950706E0,8.770500422E-1
2.415094902E2,2.974950075E0,1.064700031E1,2.091000080E0
2.415119337E2,2.875050068E0,1.133895016E1,-2.658000231E0
2.415143773E2,1.432950020E0,1.099905014E1,-1.831950068E0
2.415168210E2,3.303000212E0,1.252695084E1,1.714950085E0
2.415192645E2,3.745950222E0,1.065000057E1,-1.918050051E0
2.415217081E2,1.534050107E0,1.289805031E1,-2.356050014E0
2.415241515E2,2.314050198E0,1.629795074E1,1.705950022E0
2.415265951E2,3.978000164E0,1.269900036E1,5.830500126E-1
2.415290388E2,1.666050076E0,1.184895039E1,-2.740050077E0
2.415314823E2,4.780950069E0,1.353705025E1,-1.626000047E0
2.415339259E2,3.466050148E0,1.126005077E1,-6.538950443E0
2.415363694E2,9.900000691E-1,1.150695038E1,-3.364050150E0
2.415388130E2,4.278000355E0,1.481805038E1,-5.467050076E0
2.415412567E2,3.433050156E0,1.268505096E1,-5.847000122E0
2.415437001E2,1.941000104E0,1.242600060E1,-2.172000170E0
2.415461437E2,3.049950123E0,1.095600033E1,-3.508050203E0
2.415485872E2,2.287950039E0,8.200050354E0,-2.944950104E0
2.415510309E2,3.889950275E0,8.824950218E0,-1.504050016E0
2.415534745E2,8.293050766E0,9.883950233E0,-6.829050541E0
2.415559180E2,4.347000122E0,6.678000450E0,-9.112950325E0
2.415583616E2,1.584000111E0,6.739950180E0,-1.087050080E0
2.415608051E2,5.116050243E0,8.254950523E0,-1.008000016E0
2.415632487E2,3.169050217E0,5.049000263E0,-4.039950371E0
2.415656924E2,1.510050058E0,7.030050278E0,1.660050035E0
2.415681358E2,3.286950111E0,8.386950493E0,1.993050098E0
2.415705795E2,3.931050301E0,4.978050232E0,-3.760050297E0
2.415730231E2,2.005950212E0,8.217000008E0,-7.279500365E-1
2.415754665E2,5.736000061E0,3.330000162E0,-4.765050411E0
2.415779102E2,3.885000229E0,3.994050264E0,-8.098050117E0
2.415803537E2,3.916050196E0,6.654000282E0,-5.035950184E0
2.415827973E2,1.006500053E1,5.416050434E0,-7.075950146E0
2.415852410E2,7.440000176E-1,6.103050232E0,-8.788050652E0
2.415876845E2,-1.399950027E0,7.551000595E0,3.274050236E0
2.415901281E2,5.116050243E0,5.764950275E0,1.921050072E0
2.415925715E2,5.176050186E0,3.804000139E0,-3.190500140E-1
2.415950151E2,4.540950298E0,7.164000511E0,3.226050138E0
2.415974586E2,6.354000092E0,8.952000618E0,-1.183050036E0
2.415999023E2,3.579000235E0,8.641050339E0,-3.343050241E0
2.416023459E2,1.488000035E0,9.883950233E0,-5.269500017E-1
2.416047894E2,3.214950085E0,9.073950768E0,-4.405950069E0
2.416072331E2,1.807050109E0,9.466950417E0,-4.990050316E0
2.416096767E2,4.383000374E0,1.273995018E1,-2.179050207E0
2.416121202E2,4.879050255E0,1.383600044E1,-7.236000538E0
2.416145638E2,1.845000029E0,1.029495049E1,-4.368000031E0
2.416170072E2,7.030500174E-1,1.020705032E1,-4.240500331E-1
2.416194508E2,3.580950260E0,8.787000656E0,-3.682950258E0
2.416218945E2,1.350000024E0,6.325950146E0,-4.447050095E0
2.416243380E2,1.723050117E0,6.309000492E0,-1.642950058E0
2.416267816E2,5.599050045E0,9.903000832E0,-4.698000431E0
2.416292253E2,4.134000301E0,7.386000156E0,-5.548050404E0
2.416316687E2,3.792000294E0,4.495950222E0,-1.890000105E0
2.416341121E2,4.819050312E0,5.701050282E0,-4.360050201E0
2.416365558E2,1.375950098E0,4.294950008E0,-3.039000034E0
2.416389994E2,5.098950386E0,7.540050507E0,1.393950105E0
2.416414429E2,4.726050377E0,7.354950428E0,-2.272950172E0
2.416438866E2,1.096050024E0,6.390000343E0,1.408950090E0
2.416463302E2,2.125050068E0,1.013700008E1,4.030950069E0
2.416487737E2,2.686050177E0,7.378950119E0,3.705000132E-2
2.416512173E2,5.860500336E-1,6.394950390E0,-2.236950159E0
2.416536608E2,2.616000175E0,9.490950584E0,9.319500327E-1
2.416561044E2,4.816050053E0,9.273000717E0,-4.699950218E0
2.416585481E2,2.503950119E0,9.196050644E0,-3.997050285E0
2.416609915E2,3.586050272E0,9.823950768E0,-3.172950268E0
2.416634351E2,4.447950363E0,7.147050381E0,-8.044950485E0
2.416658786E2,2.221050024E0,7.681050301E0,-3.606000185E0
2.416683223E2,6.931050301E0,1.121700096E1,-2.803950071E0
2.416707659E2,8.698050499E0,9.250950813E0,-8.482950211E0
2.416732094E2,2.944050074E0,9.498000145E0,-6.360000134E0
2.416756530E2,3.217050076E0,9.649050713E0,-1.830000043E0
2.416780967E2,4.888050079E0,7.822050571E0,-6.676050186E0
2.416805402E2,1.405050039E0,5.382000446E0,-6.405000210E0
2.416829838E2,3.334050179E0,8.703000069E0,-3.214050055E0
2.416854272E2,5.628000259E0,6.790050507E0,-8.359050751E0
2.416878708E2,9.880500436E-1,7.453050137E0,-5.028000355E0
2.416903143E2,3.133050203E0,8.236050606E0,1.476000071E0
2.416927580E2,6.220050335E0,3.463950157E0,-3.192000151E0
2.416952016E2,3.231000185E0,7.744950294E0,-2.730000019E-1
2.416976451E2,8.374050140E0,9.084000587E0,1.609500051E-1
2.417000888E2,8.680950165E0,7.149000168E0,-7.930050373E0
2.417025321E2,-2.539499998E-1,8.590950012E0,-3.277950048E0
2.417049758E2,9.070500135E-1,9.955050468E0,2.649000168E0
2.417074194E2,4.716000080E0,7.365000248E0,-5.254050255E0
2.417098629E2,2.994000196E0,7.884000301E0,-3.376050234E0
2.417123065E2,5.737950325E0,9.151050568E0,-1.650000095E0
2.417147502E2,5.611050129E0,9.589050293E0,-6.724050522E0
2.417171937E2,2.527950048E0,1.142100048E1,-5.470950127E0
2.417196373E2,2.725950241E0,1.024305058E1,-1.993050098E0
2.417220808E2,3.126000166E0,8.542950630E0,-3.715950251E0
2.417245244E2,7.849500179E-1,8.635950089E0,1.710000038E-1
2.417269681E2,1.717950106E0,1.105395031E1,2.164950132E0
2.417294115E2,5.245050430E0,1.020705032E1,-5.014050007E0
2.417318551E2,1.668000102E0,8.293950081E0,-2.263050079E0
2.417342988E2,3.781950235E0,1.009695053E1,-1.200000048E-1
2.417367423E2,3.907050133E0,7.759950161E0,-3.463050127E0
2.417391859E2,5.950500369E-1,7.578000546E0,4.990500212E-1
2.417416294E2,8.280000687E-1,8.955000877E0,8.650500178E-1
2.417440730E2,3.126000166E0,1.033800030E1,2.842950106E0
2.417465164E2,5.590500236E-1,7.342950344E0,-2.625000238E0
2.417489601E2,4.159950256E0,5.691000462E0,-1.786950111E0
2.417514038E2,4.740000248E0,4.338000298E0,-8.934000015E0
2.417538472E2,2.416950226E0,5.671950340E0,-4.818000317E0
2.417562908E2,8.266950607E0,7.609050274E0,-4.435050011E0
2.417587343E2,6.949950218E0,5.308050156E0,-1.005195045E1
2.417611780E2,1.378050089E0,6.607950211E0,-4.827000141E0
2.417636216E2,2.496000051E0,6.826050282E0,-1.588050127E0
2.417660651E2,4.893000126E0,4.261950016E0,-5.778000355E0
2.417685087E2,4.609500170E-1,4.597050190E0,-3.847950220E0
2.417709524E2,2.713950157E0,6.625050545E0,2.893050194E0
2.417733958E2,7.845000267E0,4.306950092E0,-3.265950203E0
2.417758395E2,1.611000061E0,6.394950390E0,-4.128000259E0
2.417782829E2,2.599050045E0,6.807000160E0,3.120000064E-1
2.417807265E2,7.126950264E0,2.040000200E0,-5.292000294E0
2.417831702E2,1.852050066E0,5.811000347E0,-5.622000217E0
2.417856137E2,8.145000458E0,7.627950191E0,-1.987950087E0
2.417880573E2,7.489050388E0,4.429050446E0,-6.700050354E0
2.417905008E2,-1.341000080E0,6.891000271E0,-5.359050274E0
2.417929444E2,2.757000208E0,6.958050251E0,2.425950050E0
2.417953878E2,7.275000572E0,5.317950249E0,-2.646000147E0
2.417978315E2,2.295000076E0,5.962050438E0,1.279050112E0
2.418002752E2,6.720000505E-1,8.269950867E0,3.547050238E0
2.418027186E2,4.690050125E0,8.962050438E0,-7.710000277E-1
2.418051623E2,1.690050125E0,8.381999969E0,-2.775000095E0
2.418076059E2,3.697950125E0,9.016950607E0,-3.484050274E0
2.418100494E2,2.743050098E0,6.735000134E0,-7.090050220E0
2.418124930E2,1.342050076E0,8.595000267E0,-2.521950006E0
2.418149365E2,5.853000164E0,1.305405045E1,-3.702000141E0
2.418173801E2,5.937000275E0,1.067100048E1,-5.845050335E0
2.418198238E2,1.371000051E0,8.884950638E0,-2.787000179E0
2.418222673E2,3.286950111E0,1.147095013E1,5.400000215E-1
2.418247109E2,4.608000278E0,1.046805096E1,-3.132000208E0
2.418271546E2,1.749000072E0,9.558000565E0,-8.170500398E-1
2.418295980E2,3.871050119E0,1.283805084E1,1.950000048E0
2.418320416E2,4.843050003E0,1.314705086E1,-2.119050026E0
2.418344851E2,1.941000104E0,1.163895035E1,-9.889500737E-1
2.418369287E2,3.259950161E0,1.230405045E1,9.390000701E-1
2.418393724E2,3.217050076E0,1.014900017E1,-6.501000404E0
2.418418159E2,1.435950041E0,1.263495064E1,-2.413950205E0
2.418442595E2,5.350050449E0,1.497900105E1,-3.775950193E0
2.418467029E2,6.282000065E0,1.158600044E1,-8.256000519E0
2.418491466E2,1.012050033E0,1.145895100E1,-2.875950098E0
2.418515900E2,1.989000082E0,1.098000050E1,1.900050044E0
2.418540337E2,3.442050219E0,9.967050552E0,-3.265950203E0
2.418564773E2,1.263000011E0,7.812000275E0,-2.059950113E0
2.418589208E2,4.294950008E0,9.376049995E0,6.589500308E-1
2.418613644E2,6.523950100E0,9.121950150E0,-3.766950130E0
2.418638079E2,2.143949986E0,8.955000877E0,-1.650000095E0
2.418662516E2,3.172050238E0,1.000305080E1,1.408950090E0
2.418686952E2,3.523950100E0,8.595000267E0,-2.827950239E0
2.418711386E2,6.550500393E-1,7.999050617E0,-1.249500066E-1
2.418735823E2,3.978000164E0,1.136100101E1,2.613000154E0
2.418760260E2,5.755050182E0,1.027395058E1,-3.501000166E0
2.418784694E2,1.351950049E0,7.495950222E0,-3.301950216E0
2.418809130E2,2.743050098E0,9.739950180E0,-2.895000204E-2
2.418833565E2,6.070950508E0,7.870050430E0,-8.395050049E0
2.418858001E2,1.852050066E0,7.168050289E0,-5.761050224E0
2.418882438E2,2.805000067E0,1.067595005E1,-8.119500279E-1
2.418906873E2,5.491950035E0,1.019505024E1,-4.368000031E0
2.418931309E2,1.648950100E0,1.072200012E1,-3.214050055E0
2.418955746E2,1.620000124E0,7.827000141E0,3.270000219E-1
2.418980180E2,4.189050198E0,5.755950451E0,-5.184000015E0
2.419004616E2,2.635050058E0,6.357000351E0,-5.325000286E0
2.419029051E2,6.760950089E0,8.763000488E0,-4.777050018E0
2.419053487E2,7.138950348E0,7.063050270E0,-9.367050171E0
2.419077922E2,7.030500174E-1,5.679000378E0,-4.891950130E0
2.419102359E2,-6.319500208E-1,6.826050282E0,3.838950157E0
2.419126795E2,2.391000032E0,3.697050095E0,2.760000229E-1
2.419151230E2,2.494050026E0,3.630000114E0,-7.930500507E-1
2.419175666E2,3.934950113E0,6.735000134E0,4.186050415E0
2.419200100E2,7.773000240E0,4.699950218E0,-1.810950041E0
2.419224537E2,1.606050134E0,5.902050495E0,-6.280950069E0
2.419248973E2,1.395000052E-2,7.824000359E0,-5.700000525E-1
2.419273408E2,3.421050072E0,4.590000153E0,-3.975000143E0
2.419297845E2,-1.200000010E-2,6.643950462E0,-7.260000110E-1
2.419322281E2,4.500000000E0,8.028000832E0,1.516950130E0
2.419346716E2,7.708950520E0,6.048000336E0,-6.082050323E0
2.419371152E2,1.432950020E0,6.016950130E0,-3.514950275E0
2.419395586E2,1.266000032E0,7.330950260E0,2.055000067E0
2.419420022E2,5.335950375E0,4.630050182E0,-2.866050243E0
2.419444459E2,3.037950039E0,4.044000149E0,-3.949050188E0
2.419468894E2,4.122000217E0,7.173000336E0,-6.730500460E-1
2.419493330E2,8.227950096E0,7.969950199E0,-6.601950169E0
2.419517767E2,2.026950121E0,7.836000443E0,-5.874000072E0
2.419542201E2,7.489500642E-1,9.571950912E0,3.310500085E-1
2.419566638E2,2.470050097E0,6.675000191E0,-2.725050211E0
2.419591072E2,1.000500023E-1,8.044950485E0,-9.679500461E-1
2.419615508E2,4.432950020E0,9.867000580E0,-7.669500113E-1
2.419639943E2,7.528950214E0,7.362000465E0,-7.405950546E0
2.419664380E2,9.349500537E-1,7.188000202E0,-6.964950562E0
2.419688816E2,5.449500084E-1,8.398950577E0,6.810000539E-1
2.419713251E2,5.077050209E0,6.357000351E0,-2.719950199E0
2.419737687E2,2.073000193E0,6.318000317E0,-3.256950140E0
2.419762122E2,3.042000055E0,9.997950554E0,2.407050133E0
2.419786559E2,7.548000336E0,9.388050079E0,-4.272000313E0
2.419810995E2,3.528000116E0,9.019050598E0,-5.590950489E0
2.419835429E2,1.314000010E0,1.063995075E1,0.000000000E0
2.419859866E2,3.507000208E0,7.981950283E0,-3.268950224E0
2.419884300E2,1.960050106E0,9.505050659E0,-3.712050200E0
2.419908737E2,5.407950401E0,1.137300014E1,-9.220500588E-1
2.419933173E2,8.781000137E0,1.143300056E1,-7.381950378E0
2.419957608E2,2.439000130E0,8.682000160E0,-6.349950314E0
2.419982044E2,1.435950041E0,1.176105022E1,1.366050124E0
2.420006481E2,4.150950432E0,1.021905041E1,-4.708050251E0
2.420030916E2,1.879050136E0,9.856950760E0,-2.404050112E0
2.420055352E2,1.780950069E0,1.201200104E1,1.696050048E0
2.420079787E2,6.744000435E0,1.182105064E1,-3.232950211E0
2.420104223E2,4.207950115E0,1.124100018E1,-5.596050262E0
2.420128659E2,2.191950083E0,1.232100105E1,-1.030050039E0
2.420153094E2,3.877950191E0,1.029795074E1,-4.261950016E0
2.420177530E2,8.470500112E-1,1.034100056E1,-3.853050232E0
2.420201965E2,3.214950085E0,1.289805031E1,1.840050101E0
2.420226402E2,7.696950436E0,1.171800041E1,-6.819000244E0
2.420250838E2,3.073050261E0,8.904000282E0,-5.008950233E0
2.420275273E2,3.370050192E0,1.003695011E1,-9.919500351E-1
2.420299709E2,7.126950264E0,8.065950394E0,-4.672049999E0
2.420324143E2,2.821950197E0,8.077950478E0,-5.119050026E0
2.420348580E2,2.716950178E0,8.832000732E0,-4.950000439E-3
2.420373016E2,6.559950352E0,1.031205082E1,-2.761050224E0
2.420397451E2,3.619050264E0,7.870050430E0,-5.044950008E0
2.420421887E2,2.716950178E0,7.324050426E0,4.605000094E-2
2.420446322E2,5.695050240E0,6.651000500E0,-4.995000362E0
2.420470758E2,2.359950066E0,6.097950459E0,-3.778950214E0
2.420495195E2,5.449050426E0,9.895050049E0,-3.405000269E-2
2.420519629E2,7.660950184E0,7.378950119E0,-5.658000469E0
2.420544066E2,2.671050072E0,6.820950508E0,-4.471050262E0
2.420568502E2,1.588950038E0,8.097000122E0,2.280000150E-1
2.420592936E2,6.466050148E0,5.701050282E0,-3.799950123E0
2.420617373E2,3.496950150E0,4.567950249E0,-7.450950146E0
2.420641808E2,2.026950121E0,7.393050194E0,-1.420500129E-1
2.420666244E2,7.666050434E0,7.024950504E0,-2.536050081E0
2.420690681E2,2.809950113E0,5.844000340E0,-4.662000179E0
2.420715115E2,1.978950143E0,8.230950356E0,9.610500336E-1
2.420739551E2,6.124050140E0,4.447950363E0,-3.441000223E0
2.420763986E2,2.455950022E0,6.622950077E0,-5.011950016E0
2.420788422E2,5.001000404E0,8.776950836E0,-2.899950027E0
2.420812857E2,7.536000252E0,6.388050079E0,-5.770950317E0
2.420837294E2,3.510000110E-1,6.373050213E0,-5.517000198E0
2.420861730E2,-3.210000098E-1,6.721050262E0,4.284000397E0
2.420886165E2,6.627000332E0,4.924950123E0,-1.530000091E0
2.420910602E2,3.955050230E0,4.075050354E0,-4.951950073E0
2.420935038E2,2.536950111E0,7.240050316E0,8.080500364E-1
2.420959472E2,6.306000233E0,7.543950558E0,-3.819000244E0
2.420983908E2,2.068050146E0,7.366950512E0,-5.260950089E0
2.421008343E2,-2.610000074E-1,8.788949966E0,4.630500078E-1
2.421032780E2,3.694050074E0,6.499950409E0,-9.610500336E-1
2.421057216E2,2.635050058E0,7.348050117E0,-4.140000343E0
2.421081651E2,3.946950197E0,9.382950783E0,5.200500488E-1
2.421106087E2,9.811050415E0,9.526950836E0,-5.317950249E0
2.421130524E2,3.100050211E0,7.717050552E0,-6.573000431E0
2.421154958E2,9.139500260E-1,1.156200027E1,1.852050066E0
2.421179395E2,4.777950287E0,9.345000267E0,-2.416050196E0
2.421203830E2,2.662050009E0,8.381999969E0,-4.164000034E0
2.421228266E2,2.122950077E0,1.092300034E1,-2.730000019E-1
2.421252700E2,6.415950298E0,1.216800022E1,-3.136950254E0
2.421277137E2,4.251000404E0,1.150695038E1,-6.015000343E0
2.421301573E2,1.953000069E0,1.227495098E1,-1.210050106E0
2.421326008E2,4.611000061E0,1.017105007E1,-2.040000200E0
2.421350444E2,2.524950027E0,1.039095020E1,-4.532999992E0
2.421374881E2,2.890950203E0,1.384395027E1,6.349500418E-1
2.421399316E2,8.655000687E0,1.309695053E1,-7.116000175E0
2.421423752E2,3.339000225E0,1.138695049E1,-8.506950378E0
2.421448186E2,3.370500207E-1,1.125795078E1,-1.849050045E0
2.421472623E2,2.616000175E0,9.726000786E0,-2.188950062E0
2.421497060E2,2.242950201E0,7.204050541E0,-4.687950134E0
2.421521494E2,1.347000122E0,8.380050659E0,4.605000094E-2
2.421545930E2,7.560000420E0,9.406949997E0,-8.479500413E-1
2.421570365E2,6.085050106E0,8.622000694E0,-5.602950096E0
2.421594802E2,1.993950129E0,7.903050423E0,2.670000196E-1
2.421619238E2,4.728000164E0,8.485050201E0,-2.173950195E0
2.421643673E2,2.370000124E0,6.570000172E0,-4.921050072E0
2.421668109E2,2.614050150E0,8.191050529E0,1.129500046E-1
2.421692543E2,6.724950314E0,9.964950562E0,-3.805050135E0
2.421716979E2,3.475950241E0,5.919000149E0,-6.919950485E0
2.421741416E2,-1.000500023E-1,8.497050285E0,-1.360050082E0
2.421765851E2,3.157050133E0,5.715000153E0,-1.404000044E0
2.421790288E2,5.065050125E0,3.370950222E0,-6.745050430E0
2.421814721E2,1.534050107E0,5.907000065E0,-2.098050117E0
2.421839158E2,7.510050297E0,7.765050411E0,-1.042050004E0
2.421863595E2,5.839050293E0,4.824000359E0,-7.375050545E0
2.421888029E2,-1.770000011E-1,7.779000282E0,-9.510000348E-1
2.421912465E2,3.753000259E0,5.626050472E0,-1.612050056E0
2.421936902E2,3.993000269E0,5.047050476E0,-4.360050201E0
2.421961337E2,2.215950012E0,8.667000771E0,-1.690950036E0
2.421985773E2,7.801950455E0,8.578950882E0,-1.156949997E0
2.422010208E2,1.885950089E0,6.939000130E0,-6.517950535E0
2.422034644E2,-2.277000189E0,8.671950340E0,-4.120500088E-1
2.422059078E2,3.274950266E0,6.499950409E0,6.259500384E-1
2.422083515E2,5.781000137E0,4.530000210E0,-5.773050308E0
2.422107951E2,1.285050035E0,6.864000320E0,1.891950130E0
2.422132386E2,5.200050354E0,7.987050533E0,-1.590000093E-1
2.422156822E2,6.009000301E0,8.263050079E0,-6.907950401E0
2.422181257E2,1.515000105E0,9.706050873E0,-2.251049995E0
2.422205694E2,2.947050095E0,9.274950027E0,-1.332000017E0
2.422230130E2,2.970000029E0,7.438950539E0,-4.449000359E0
2.422254564E2,1.792950034E0,1.002195072E1,-4.579500258E-1
2.422279001E2,7.864050388E0,1.140195084E1,-2.248950005E0
2.422303437E2,5.869950294E0,9.193950653E0,-8.233950615E0
2.422327872E2,5.209500194E-1,9.393000603E0,-3.226050138E0
2.422352308E2,3.235950232E0,1.003395081E1,-1.120950103E0
2.422376743E2,3.580950260E0,7.257000446E0,-4.947000027E0
2.422401180E2,7.304999977E-2,8.749050140E0,-7.695000619E-2
2.422425616E2,4.471950054E0,1.030005074E1,7.429500222E-1
2.422450051E2,5.880000114E0,9.586950302E0,-3.817050219E0
2.422474487E2,1.921950102E0,9.076950073E0,-2.400000095E0
2.422498924E2,3.052050114E0,8.659950256E0,-4.095000029E-2
2.422523359E2,3.022950172E0,7.261950493E0,-5.449950218E0
2.422547795E2,6.120000482E-1,9.322950363E0,-3.600000143E-1
2.422572229E2,7.086000443E0,9.426000595E0,-1.830000043E0
2.422596665E2,6.460950375E0,7.948950291E0,-7.926000595E0
2.422621102E2,5.980500579E-1,9.037950516E0,-1.132950068E0
2.422645537E2,2.134950161E0,9.112950325E0,1.150050044E0
2.422669973E2,4.225049973E0,6.541050434E0,-4.092000008E0
2.422694408E2,6.240000129E-1,6.757050514E0,-2.032950163E0
2.422718844E2,4.789950371E0,8.341950417E0,-1.420500129E-1
2.422743279E2,8.029950142E0,8.503950119E0,-5.775000095E0
2.422767715E2,1.648950100E0,8.314949989E0,-4.435050011E0
2.422792151E2,2.616000175E0,9.156000137E0,8.389500380E-1
2.422816586E2,4.157999992E0,6.189000130E0,-5.931000233E0
2.422841023E2,2.410500050E-1,8.827950478E0,-1.204950094E0
2.422865457E2,6.639000416E0,8.952000618E0,-1.606950045E0
2.422889894E2,7.809000492E0,6.661050320E0,-9.409950256E0
2.422914330E2,1.012050033E0,8.116950035E0,-5.127000332E0
2.422938765E2,2.736000061E0,7.597050190E0,-3.190500140E-1
2.422963202E2,5.808000088E0,5.277000427E0,-5.376000404E0
2.422987638E2,1.872000098E0,6.775950432E0,-3.822000265E0
2.423012072E2,3.703050137E0,8.140049934E0,9.540000558E-1
2.423036508E2,6.214950085E0,8.017950058E0,-4.678950310E0
2.423060945E2,1.024049997E0,7.197000504E0,-3.838950157E0
2.423085379E2,2.146950006E0,8.430000305E0,1.429950118E0
2.423109816E2,4.024050236E0,4.932000160E0,-3.750000238E0
2.423134251E2,9.859500527E-1,7.848000526E0,3.580500185E-1
2.423158687E2,5.353050232E0,9.639000893E0,9.705000371E-2
2.423183124E2,6.916050434E0,7.563000202E0,-6.300000191E0
2.423207558E2,5.790000558E-1,8.039999962E0,-4.485000134E0
2.423231994E2,2.939999998E-1,9.096000671E0,2.869050026E0
2.423256429E2,4.327950001E0,7.446000576E0,-3.570000172E0
2.423280865E2,2.142000198E0,7.417050362E0,-3.645000219E0
2.423305302E2,2.583000183E0,9.793050766E0,1.452000022E0
2.423329737E2,5.824050426E0,1.010895061E1,-4.138050079E0
2.423354173E2,2.635050058E0,8.932950020E0,-3.955950260E0
2.423378608E2,1.891050100E0,9.934050560E0,7.309500575E-1
2.423403044E2,4.165050030E0,8.023050308E0,-3.985050201E0
2.423427478E2,1.102950096E0,9.895050049E0,-2.304000139E0
2.423451915E2,2.520000219E0,1.201695061E1,1.477950096E0
2.423476352E2,6.516000271E0,1.038405037E1,-5.071950436E0
2.423500786E2,1.881000042E0,9.124950409E0,-5.596050262E0
2.423525222E2,4.009500146E-1,9.333000183E0,1.732050061E0
2.423549659E2,4.492950439E0,7.894050598E0,-3.448050261E0
2.423574094E2,2.413050175E0,7.180050373E0,-5.574000359E0
2.423598530E2,2.037000179E0,9.208050728E0,9.900000691E-2
2.423622965E2,7.029000282E0,9.024000168E0,-3.606000185E0
2.423647401E2,4.057950020E0,8.410950661E0,-5.572050095E0
2.423671838E2,1.350000024E0,8.164050102E0,-2.830500007E-1
2.423696272E2,5.446050167E0,6.397050381E0,-3.244950056E0
2.423720709E2,3.898950100E0,7.389000416E0,-6.091950417E0
2.423745143E2,4.603050232E0,8.964000702E0,-1.803000093E0
2.423769580E2,1.044300079E1,7.792950153E0,-7.501950264E0
2.423794016E2,2.419950008E0,6.781050205E0,-8.212950706E0
2.423818450E2,-3.600000218E-2,7.245000362E0,1.579050064E0
2.423842887E2,3.880050182E0,6.309000492E0,-1.861050129E0
2.423867324E2,3.475950241E0,4.189949989E0,-4.861050129E0
2.423891758E2,1.882950068E0,6.796950340E0,-2.380500138E-1
2.423916194E2,8.122950554E0,6.979050159E0,-1.522950053E0
2.423940629E2,4.833000183E0,6.598950386E0,-7.621050358E0
2.423965065E2,-6.409500241E-1,7.915050507E0,1.995000057E-2
2.423989500E2,4.077000141E0,6.388050079E0,-1.018050075E0
2.424013937E2,3.997950077E0,5.823000431E0,-6.859950542E0
2.424038373E2,2.781000137E0,9.964950562E0,-1.036949992E0
2.424062807E2,1.032105064E1,7.221000195E0,-6.883950233E0
2.424087244E2,2.403000116E0,6.816000462E0,-7.746000290E0
2.424111681E2,-1.792950034E0,8.482950211E0,7.020000219E-1
2.424136115E2,3.895050287E0,5.575950146E0,3.910500109E-1
2.424160551E2,5.953950405E0,5.308050156E0,-6.520050526E0
2.424184986E2,9.930000305E-1,6.256050110E0,-1.264950037E0
2.424209423E2,4.930950165E0,8.690999985E0,7.720500231E-1
2.424233859E2,6.223950386E0,7.771950245E0,-6.862950325E0
2.424258294E2,3.370500207E-1,8.554950714E0,5.850000381E-1
2.424282730E2,2.106000185E0,9.010050774E0,1.786950111E0
2.424307164E2,2.017950058E0,7.276050568E0,-2.989050150E0
2.424331601E2,1.495950103E0,1.107105064E1,4.395000264E-2
2.424356038E2,8.128050804E0,1.085595036E1,-3.460050106E0
2.424380472E2,5.038950443E0,8.197950363E0,-6.465000153E0
2.424404908E2,5.310000181E-1,9.982050896E0,-2.589000225E0
2.424429345E2,2.416950226E0,9.385950089E0,8.440500498E-1
2.424453780E2,4.374000072E0,7.791000366E0,-4.777050018E0
2.424478216E2,1.009950042E0,8.605050087E0,-1.365000010E0
2.424502651E2,4.780950069E0,1.083900070E1,4.030500054E-1
2.424527087E2,5.755050182E0,1.013295078E1,-6.685050488E0
2.424551524E2,1.159950018E0,9.613050461E0,-1.947000146E0
2.424575958E2,1.630050063E0,9.637050629E0,5.400000140E-2
2.424600395E2,2.668950081E0,7.765050411E0,-3.570000172E0
2.424624829E2,1.294050097E0,1.015395069E1,-1.369500011E-1
2.424649265E2,7.354050159E0,9.502950668E0,-2.542950153E0
2.424673700E2,7.390050411E0,8.694000244E0,-8.356950760E0
2.424698137E2,1.030950069E0,8.899050713E0,-3.472050190E0
2.424722573E2,1.759050131E0,7.870050430E0,2.533950090E0
2.424747008E2,3.934950113E0,7.183050156E0,-2.967000246E0
2.424771445E2,9.400500655E-1,5.404050350E0,-8.940000534E-1
2.424795878E2,5.322000027E0,8.911050797E0,6.430500150E-1
2.424820315E2,7.072050571E0,7.116000175E0,-6.513000488E0
2.424844751E2,1.984050035E0,7.729050159E0,-4.815000057E0
2.424869186E2,2.451000214E0,9.262950897E0,-1.363050103E0
2.424893623E2,3.856050253E0,6.879000187E0,-4.368000031E0
2.424918059E2,1.168050051E0,9.208050728E0,-1.738950133E0
2.424942494E2,6.435000420E0,1.028805065E1,-1.114050031E0
2.424966930E2,7.371000290E0,7.840950489E0,-7.582950592E0
2.424991364E2,6.105000153E-2,8.488050461E0,-4.432050228E0
2.425015801E2,5.070000291E-1,9.771000862E0,2.164950132E0
2.425040237E2,4.321050167E0,6.117000103E0,-4.131000042E0
2.425064672E2,1.860000134E0,7.614000320E0,-2.500050068E0
2.425089109E2,3.880050182E0,9.349950790E0,-9.820500612E-1
2.425113545E2,7.801950455E0,1.023105049E1,-6.271050453E0
2.425137980E2,2.650050163E0,8.749050140E0,-6.879000187E0
2.425162416E2,1.704000115E0,1.038900089E1,-2.659500241E-1
2.425186851E2,4.563000202E0,8.104949951E0,-4.738950253E0
2.425211287E2,1.393050075E0,8.940000534E0,-1.924950123E0
2.425235724E2,6.279000282E0,1.043400097E1,8.290500641E-1
2.425260158E2,9.138000488E0,8.527950287E0,-9.556050301E0
2.425284594E2,1.522050023E0,8.344050407E0,-6.901050091E0
2.425309029E2,1.287000060E0,8.689050674E0,-3.400500119E-1
2.425333465E2,4.635000229E0,5.823000431E0,-3.384000063E0
2.425357900E2,1.702050090E0,6.268050194E0,-4.167000294E0
2.425382337E2,3.105000257E0,7.164000511E0,1.770000100E0
2.425406773E2,7.993950367E0,7.180050373E0,-2.851950169E0
2.425431210E2,3.769950151E0,5.851950169E0,-6.216000080E0
2.425455644E2,1.048050046E0,7.501050472E0,1.042050004E0
2.425480081E2,4.708950043E0,6.025950432E0,-3.517950058E0
2.425504515E2,7.249500155E-1,7.032000542E0,-1.720050097E0
2.425528952E2,2.518050194E0,9.445050240E0,2.611050129E0
2.425553386E2,8.145000458E0,7.125000477E0,-4.942050457E0
2.425577823E2,1.735050082E0,7.024950504E0,-5.626950264E0
2.425602259E2,-4.999500215E-1,7.932000160E0,7.930500507E-1
2.425626694E2,4.608000278E0,5.950050354E0,-1.642950058E0
2.425651130E2,3.439950228E0,5.842050076E0,-5.293950081E0
2.425675567E2,6.940500140E-1,7.948950291E0,2.046000004E0
2.425700002E2,5.865000248E0,8.926050186E0,-1.755000114E0
2.425724438E2,4.752000332E0,7.585050583E0,-6.084000111E0
2.425748873E2,1.285050035E0,9.000000000E0,-1.270500124E-1
2.425773309E2,4.423950195E0,6.840000153E0,-3.586950064E0
2.425797746E2,2.002950191E0,7.606950283E0,-3.159000158E0
2.425822181E2,3.078000069E0,1.004895020E1,5.160000324E-1
2.425846617E2,8.623050690E0,8.097000122E0,-3.862050295E0
2.425871051E2,3.799050093E0,8.119050026E0,-6.669000149E0
2.425895488E2,-2.200500071E-1,9.244050026E0,1.045050025E0
2.425919925E2,3.342000246E0,8.215050697E0,1.180500090E-1
2.425944359E2,3.247950077E0,6.832950115E0,-6.826950550E0
2.425968795E2,-1.120500043E-1,9.048000336E0,4.750500321E-1
2.425993230E2,5.074950218E0,9.400050163E0,-1.605000019E0
2.426017666E2,4.966950417E0,7.942050457E0,-5.632050037E0
2.426042101E2,1.633950114E0,9.642000198E0,-1.036949992E0
2.426066538E2,5.298000336E0,7.317000389E0,-2.577000141E0
2.426090974E2,3.661950111E0,8.808000565E0,-5.028000355E0
2.426115409E2,1.347000122E0,1.042200089E1,4.920000136E-1
2.426139845E2,8.311950684E0,9.769050598E0,-2.078999996E0
2.426164282E2,5.761950493E0,8.896950722E0,-8.935950279E0
2.426188716E2,-1.050000042E-1,9.928950310E0,-3.690000176E-1
2.426213152E2,2.917950153E0,8.988000870E0,-8.940000534E-1
2.426237587E2,4.645950317E0,7.567950249E0,-5.785050392E0
2.426262024E2,1.315950036E0,9.903000832E0,3.840000033E-1
2.426286460E2,4.062000275E0,1.133205032E1,8.749500513E-1
2.426310895E2,5.503950119E0,1.099905014E1,-3.024000168E0
2.426335332E2,2.413050175E0,1.107300091E1,-3.310500085E-1
2.426359768E2,3.564000130E0,8.976000786E0,-8.719500303E-1
2.426384202E2,3.085050106E0,1.004205036E1,-7.435050488E0
2.426408639E2,5.689499974E-1,1.099005032E1,-1.978050113E0
2.426433073E2,5.701950073E0,1.117905045E1,-4.288949966E0
2.426457509E2,5.784000397E0,9.378000259E0,-9.360000610E0
2.426481946E2,4.999500215E-1,9.547950745E0,-1.549950123E0
2.426506381E2,2.851050138E0,8.689050674E0,9.559500217E-1
2.426530817E2,5.295000076E0,6.787950516E0,-4.078050137E0
2.426555252E2,1.957950115E0,8.068950653E0,-3.160950184E0
2.426579688E2,4.563000202E0,9.079050064E0,-5.100000277E-2
2.426604125E2,6.799050331E0,7.858050346E0,-6.391050339E0
2.426628560E2,1.456950068E0,7.444050312E0,-3.357000113E0
2.426652996E2,3.172050238E0,7.434000492E0,1.708050132E0
2.426677433E2,4.465050220E0,5.968950272E0,-3.697050095E0
2.426701867E2,2.779050112E0,8.113950729E0,4.510500133E-1
2.426726303E2,8.671050072E0,1.012095070E1,-1.771950126E0
2.426750738E2,7.159950256E0,6.808950424E0,-8.208000183E0
2.426775174E2,1.690500081E-1,9.394950867E0,-4.401000023E0
2.426799609E2,5.449500084E-1,8.583000183E0,9.780000448E-1
2.426824046E2,6.045000076E0,6.382950306E0,-4.066050053E0
2.426848482E2,2.683050156E0,5.799000263E0,-5.457000256E0
2.426872917E2,3.400950193E0,8.550000191E0,1.071000099E0
2.426897353E2,9.094950676E0,7.348050117E0,-7.044000149E0
2.426921787E2,1.681950092E0,7.936950207E0,-6.451050282E0
2.426946224E2,1.735050082E0,8.221950531E0,-7.810500264E-1
2.426970661E2,4.426050186E0,5.578950405E0,-5.340000153E0
2.426995095E2,1.474050045E0,7.987050533E0,-2.446950197E0
2.427019532E2,5.821950436E0,8.193000793E0,-9.100500345E-1
2.427043968E2,8.820000648E0,6.100950241E0,-7.006050110E0
2.427068403E2,1.215000033E0,7.381050587E0,-5.823000431E0
2.427092839E2,-5.149500370E-1,5.764950275E0,3.994950294E0
2.427117274E2,5.959050179E0,4.848000050E0,-6.130500436E-1
2.427141710E2,3.540000200E0,3.285000086E0,-3.592050076E0
2.427166147E2,1.630050063E0,7.911000252E0,3.931950092E0
2.427190581E2,5.932050228E0,8.071050644E0,-1.315050006E0
2.427215018E2,3.403950214E0,8.052000046E0,-3.075000048E0
2.427239452E2,1.840500087E-1,9.910050392E0,1.360950112E0
2.427263888E2,2.282999992E0,7.449000359E0,-5.250000358E-1
2.427288325E2,1.737000108E0,8.188050270E0,-2.929050207E0
2.427312760E2,3.463950157E0,1.065195084E1,-8.860500455E-1
2.427337196E2,8.463000298E0,1.151205063E1,-6.751950264E0
2.427361630E2,4.222949982E0,9.157950401E0,-9.001049995E0
2.427386067E2,4.129500091E-1,1.004400063E1,1.416000009E0
2.427410504E2,3.543000221E0,1.079595089E1,-1.636050105E0
2.427434938E2,2.125050068E0,7.768950462E0,-4.135050297E0
2.427459374E2,1.227000117E0,9.289950371E0,1.729500145E-1
2.427483811E2,6.507000446E0,1.046295071E1,-3.477000237E0
2.427508246E2,5.476950169E0,8.641050339E0,-6.445950508E0
2.427532682E2,2.068050146E0,9.004950523E0,-3.208950043E0
2.427557117E2,3.631050110E0,8.659950256E0,-1.573950052E0
2.427581553E2,2.479950190E0,8.072999954E0,-3.967950106E0
2.427605987E2,2.970000029E0,8.803950310E0,1.090500057E-1
2.427630424E2,8.728950500E0,1.045095062E1,-3.658950090E0
2.427654860E2,4.141050339E0,6.297000408E0,-7.309950352E0
2.427679295E2,1.309500039E-1,9.103050232E0,1.284000039E0
2.427703732E2,3.142950058E0,7.519950390E0,-3.600000218E-2
2.427728168E2,4.702050209E0,5.269950390E0,-4.201950073E0
2.427752603E2,1.546050072E0,7.860000610E0,-4.530000091E-1
2.427777039E2,6.511950493E0,8.971050262E0,-6.300000101E-2
2.427801473E2,7.138950348E0,9.201000214E0,-6.238050461E0
2.427825910E2,1.218000054E0,9.699000359E0,-2.518950224E0
2.427850346E2,2.494050026E0,1.036200047E1,2.160000056E-1
2.427874781E2,3.210000038E0,8.290950775E0,-6.199050426E0
2.427899218E2,1.668000102E0,1.112895012E1,-5.970000029E-1
2.427923652E2,7.500000477E0,1.159095097E1,-5.107050419E0
2.427948088E2,5.863050461E0,9.472050667E0,-8.866950035E0
2.427972525E2,6.790500283E-1,1.054005051E1,-2.524050236E0
2.427996959E2,2.422049999E0,8.992950439E0,6.619500518E-1
2.428021395E2,5.146950245E0,8.394000053E0,-4.995000362E0
2.428045832E2,1.510050058E0,7.920000553E0,-1.372050047E0
2.428070267E2,5.025000095E0,9.782999992E0,7.549500465E-1
2.428094703E2,6.922950268E0,8.293950081E0,-7.492050171E0
2.428119138E2,1.879050136E0,9.046050072E0,-4.285950184E0
2.428143574E2,3.325050116E0,8.004000664E0,-2.251049995E0
2.428168011E2,3.082950115E0,6.898050308E0,-4.771950245E0
2.428192445E2,1.347000122E0,7.948950291E0,-1.590000093E-1
2.428216881E2,6.900000095E0,8.674050331E0,-3.810000122E-1
2.428241316E2,7.417050362E0,6.112950325E0,-6.369000435E0
2.428265752E2,1.042950034E0,7.903050423E0,-3.525000095E0
2.428290189E2,2.082000017E0,7.729050159E0,2.661000013E0
2.428314624E2,6.556950092E0,6.165000439E0,-5.074050426E0
2.428339060E2,1.077000022E0,6.084000111E0,-1.654950023E0
2.428363494E2,2.959050179E0,9.273000717E0,2.365950108E0
2.428387931E2,6.600000381E0,7.578000546E0,-5.758950233E0
2.428412367E2,2.650050163E0,7.912950516E0,-5.131050110E0
2.428436802E2,2.856000185E0,7.863000393E0,-2.111999989E0
2.428461238E2,5.323950291E0,6.019050121E0,-5.035950184E0
2.428485673E2,2.046000004E0,8.530950546E0,-3.111000061E0
2.428510109E2,4.989000320E0,8.967000008E0,6.139500141E-1
2.428534546E2,9.459000587E0,7.663950443E0,-6.991950512E0
2.428558980E2,1.690050125E0,7.756950378E0,-5.436000347E0
2.428583416E2,6.289500594E-1,8.466000557E0,1.915950060E0
2.428607853E2,4.575000286E0,5.974050522E0,-3.034050226E0
2.428632288E2,9.979500771E-1,5.566950321E0,-3.241950035E0
2.428656724E2,2.808000088E0,7.996950150E0,1.344000101E0
2.428681159E2,7.515000343E0,7.213950157E0,-3.180000067E0
2.428705595E2,3.303000212E0,7.149000168E0,-4.585950375E0
2.428730032E2,4.090500176E-1,8.308050156E0,1.612050056E0
2.428754466E2,4.635000229E0,7.021950245E0,-1.885050058E0
2.428778902E2,2.863050222E0,7.294950485E0,-4.140000343E0
2.428803337E2,2.737950087E0,1.039605045E1,1.279050112E0
2.428827773E2,8.925000191E0,8.944950104E0,-5.833050251E0
2.428852210E2,2.986950159E0,8.056950569E0,-6.063000202E0
2.428876645E2,4.500000179E-2,1.015905094E1,2.158050060E0
2.428901081E2,3.223950148E0,8.197950363E0,-1.095000029E0
2.428925515E2,2.619000196E0,7.147050381E0,-3.481950283E0
2.428949952E2,1.093050003E0,9.322950363E0,1.469999999E-1
2.428974386E2,5.401050091E0,9.988950729E0,-2.373000145E0
2.428998823E2,5.032050133E0,9.532050133E0,-6.798000336E0
2.429023259E2,1.146000028E0,9.169950485E0,-1.411050081E0
2.429047696E2,4.471950054E0,8.338950157E0,-3.372000217E0
2.429072131E2,3.399000168E0,8.290950775E0,-5.926050186E0
2.429096567E2,3.294000149E0,1.104705048E1,5.230500102E-1
2.429121001E2,8.829000473E0,9.759000778E0,-5.206050396E0
2.429145438E2,4.084050179E0,7.872000217E0,-7.096950531E0
2.429169874E2,8.779500127E-1,8.773050308E0,-7.159500122E-1
2.429194309E2,3.781950235E0,7.015050411E0,-7.020000219E-1
2.429218745E2,4.333050251E0,5.619000435E0,-4.906050205E0
2.429243180E2,1.186950088E0,7.899000168E0,1.090500057E-1
2.429267617E2,6.672000408E0,9.639000893E0,8.479500413E-1
2.429292053E2,4.764000416E0,7.771950245E0,-4.273950100E0
2.429316488E2,2.070000172E-1,9.424050331E0,2.443050146E0
2.429340924E2,3.073050261E0,9.199050903E0,-6.660000086E-1
2.429365358E2,2.619000196E0,8.265000343E0,-4.854000092E0
2.429389795E2,1.713000059E0,1.173195076E1,-1.690950036E0
2.429414231E2,7.066950321E0,1.090800095E1,-5.056950092E0
2.429438666E2,5.631000042E0,9.982050896E0,-8.348999977E0
2.429463102E2,4.470000267E-1,1.028805065E1,-2.008949995E0
2.429487537E2,2.713950157E0,9.940950394E0,1.357950091E0
2.429511973E2,4.789950371E0,9.378000259E0,-7.176000118E0
2.429536410E2,1.459950089E0,9.532050133E0,-1.914000034E0
2.429560844E2,5.764950275E0,1.181805038E1,-1.303050041E0
2.429585280E2,6.279000282E0,1.007295036E1,-6.783000469E0
2.429609717E2,1.747050047E0,1.025205040E1,-2.658000231E0
2.429634151E2,3.504000187E0,8.871000290E0,-5.850000381E-1
2.429658588E2,4.843050003E0,8.314949989E0,-3.901050091E0
2.429683023E2,2.860050201E0,1.011300087E1,-1.336050034E0
2.429707459E2,8.206950188E0,1.102995014E1,-1.380000114E0
2.429731896E2,8.295000076E0,9.205950737E0,-9.195000648E0
2.429756330E2,9.760500193E-1,9.642000198E0,-2.701050043E0
2.429780766E2,1.543950081E0,9.523950577E0,2.563050032E0
2.429805201E2,2.680950165E0,8.008950233E0,-1.770000100E0
2.429829638E2,7.920000553E-1,6.562950134E0,-6.610500216E-1
2.429854072E2,5.185050011E0,9.988950729E0,-4.309500158E-1
2.429878509E2,7.867050171E0,7.438950539E0,-7.261950493E0
2.429902945E2,2.230950117E0,8.578950882E0,-7.746000290E0
2.429927382E2,1.897950053E0,8.005949974E0,-2.269950151E0
2.429951816E2,4.740000248E0,6.685050488E0,-3.922050238E0
2.429976253E2,2.178000212E0,6.787950516E0,-3.100950241E0
2.430000687E2,6.805950165E0,8.257950783E0,-1.485000014E0
2.430025124E2,9.406050682E0,5.301000118E0,-1.072005081E1
2.430049558E2,9.619500637E-1,6.627000332E0,-6.391050339E0
2.430073995E2,-4.860000312E-1,5.203050137E0,1.464000106E0
2.430098431E2,3.976050138E0,3.358950138E0,-1.480050087E0
2.430122866E2,2.820000172E0,3.253950119E0,-2.140950203E0
2.430147302E2,1.668000102E0,5.503950119E0,3.255000114E0
2.430171737E2,7.546050549E0,5.682000160E0,1.399500072E-1
2.430196174E2,3.624000072E0,5.394000053E0,-4.387050152E0
2.430220610E2,-1.498950124E0,7.378950119E0,2.793000221E0
2.430245044E2,3.523950100E0,5.454000473E0,-4.630500078E-1
2.430269481E2,2.836050034E0,5.362950325E0,-4.258049965E0
2.430293915E2,5.257050037E0,9.433050156E0,-7.069500089E-1
2.430318352E2,9.460950851E0,7.501050472E0,-8.182050705E0
2.430342788E2,1.807050109E0,8.076000214E0,-6.891000271E0
2.430367223E2,-1.543950081E0,1.165500069E1,1.870950103E0
2.430391660E2,1.624950051E0,7.516050339E0,7.890000343E-1
2.430416096E2,2.631000042E0,7.057950497E0,-4.819950104E0
2.430440531E2,2.343000174E0,7.771950245E0,-1.005000062E-2
2.430464967E2,7.515000343E0,9.120000839E0,-3.964950085E0
2.430489404E2,5.116050243E0,8.325000763E0,-7.588050365E0
2.430513838E2,1.563000083E0,9.583950043E0,-3.019500077E-1
2.430538274E2,4.495950222E0,8.980950356E0,-3.124950171E0
2.430562709E2,2.314050198E0,8.635950089E0,-3.202050209E0
2.430587146E2,3.154950142E0,1.309695053E1,1.689000130E0
2.430611582E2,8.619000435E0,1.095105076E1,-4.042050362E0
2.430636017E2,3.673950195E0,9.321000099E0,-6.148950100E0
2.430660453E2,2.820000052E-1,1.047705078E1,-1.674000025E0
2.430684888E2,3.346050262E0,9.835950851E0,4.060500264E-1
2.430709324E2,3.306000233E0,6.759000301E0,-5.232000351E0
2.430733761E2,3.060000241E-1,9.630000114E0,1.165050030E0
2.430758195E2,5.644950390E0,1.140600014E1,-8.530500531E-1
2.430782632E2,6.259950161E0,1.059195042E1,-5.232000351E0
2.430807066E2,2.491950035E0,1.188495064E1,-9.100500345E-1
2.430831502E2,3.820050240E0,1.029495049E1,-1.890000105E0
2.430855939E2,2.305050135E0,9.760950089E0,-3.865050077E0
2.430880374E2,1.369050026E0,1.173000050E1,6.900000572E-1
2.430904810E2,8.029950142E0,1.087200069E1,-3.549000263E0
2.430929247E2,6.919050217E0,1.042500019E1,-9.135000229E0
2.430953681E2,1.242000103E0,1.054695034E1,-3.156000137E0
2.430978118E2,3.526050091E0,1.076895046E1,-7.309500575E-1
2.431002552E2,3.909000158E0,8.980950356E0,-6.724050522E0
2.431026988E2,5.190000534E-1,1.004205036E1,7.360500097E-1
2.431051425E2,4.126950264E0,1.101600075E1,7.650000453E-1
2.431075860E2,5.431950092E0,9.577050209E0,-3.859950066E0
2.431100296E2,2.500950098E0,9.522000313E0,-3.979950190E0
2.431124731E2,5.167950153E0,7.836000443E0,-3.562950134E0
2.431149167E2,4.840050220E0,7.321950436E0,-7.774950504E0
2.431173601E2,1.302000046E0,7.980000496E0,-1.369950056E0
2.431198038E2,7.996050358E0,9.697050095E0,-1.198050022E0
2.431222474E2,7.251000404E0,6.799950123E0,-9.466950417E0
2.431246911E2,1.443000078E0,7.735950470E0,-4.267050266E0
2.431271346E2,3.543000221E0,8.041950226E0,-1.705050111E0
2.431295782E2,6.397050381E0,4.602000237E0,-6.702000141E0
2.431320217E2,1.366050124E0,7.309950352E0,-3.397950172E0
2.431344653E2,3.160050154E0,7.690050602E0,2.070000172E0
2.431369088E2,8.299950600E0,6.643950462E0,-3.295050144E0
2.431393525E2,1.872000098E0,6.454950333E0,-4.710000038E0
2.431417961E2,3.033000231E0,6.486000538E0,1.135950089E0
2.431442398E2,7.591050148E0,4.492050171E0,-6.901050091E0
2.431466832E2,9.040500522E-1,7.168050289E0,-3.420000076E0
2.431491266E2,6.265050411E0,8.832000732E0,-9.600000083E-2
2.431515703E2,8.566050529E0,5.868000507E0,-8.248950005E0
2.431540139E2,-6.490500569E-1,8.185950279E0,-4.159049988E0
2.431564574E2,-3.160500228E-1,7.710000515E0,2.524050236E0
2.431589011E2,6.226950169E0,5.275050163E0,-3.148950100E0
2.431613447E2,2.820000172E0,5.368050098E0,-5.503050327E0
2.431637882E2,5.910000205E-1,7.282950401E0,1.974000096E0
2.431662318E2,6.277050495E0,6.378000259E0,-1.810950041E0
2.431686752E2,3.415950060E0,6.547950268E0,-4.750950336E0
2.431711189E2,4.180500209E-1,7.348050117E0,3.406050205E0
2.431735626E2,3.892050266E0,6.262950420E0,-1.504050016E0
2.431760060E2,2.049000025E0,7.291050434E0,-2.167050123E0
2.431784496E2,3.564000130E0,1.025205040E1,-1.780500114E-1
2.431808931E2,6.895050526E0,8.052000046E0,-5.431050301E0
2.431833368E2,2.049000025E0,8.611950874E0,-5.452050209E0
2.431857804E2,-1.789500117E-1,9.642000198E0,1.810950041E0
2.431882238E2,2.829000235E0,7.930050373E0,1.336950064E0
2.431906675E2,2.404950142E0,7.039050102E0,-3.939000130E0
2.431931111E2,1.330050111E0,8.587950706E0,1.183950067E0
2.431955546E2,6.145050526E0,1.053000069E1,-2.122050047E0
2.431979982E2,4.294950008E0,9.085950851E0,-5.371050358E0
2.432004417E2,2.164050102E0,9.721050262E0,-1.750950098E0
2.432028854E2,5.173050404E0,7.947000504E0,-4.753050327E0
2.432053290E2,3.544950247E0,8.416049957E0,-5.572050095E0
2.432077725E2,3.186000109E0,1.085595036E1,-1.972950101E0
2.432102161E2,9.493050575E0,9.955050468E0,-4.899000168E0
2.432126595E2,4.821000099E0,8.689050674E0,-8.388000488E0
2.432151032E2,9.810000658E-1,7.906050205E0,-6.229500175E-1
2.432175468E2,4.884000301E0,8.125950813E0,-7.140000463E-1
2.432199903E2,3.691050291E0,5.410950184E0,-5.584050179E0
2.432224340E2,1.716000080E0,7.365000248E0,1.540500075E-1
2.432248776E2,6.046950340E0,9.393000603E0,-2.104950190E0
2.432273211E2,4.417050362E0,7.507950306E0,-5.578950405E0
2.432297647E2,1.620000005E-1,8.610000610E0,-1.273950100E0
2.432322081E2,3.520950079E0,7.711950302E0,1.507050037E0
2.432346518E2,4.807050228E0,7.350000381E0,-5.325000286E0
2.432370955E2,1.777950048E0,1.015200043E1,-7.005000114E-2
2.432395389E2,7.398000240E0,1.102995014E1,-1.830000043E0
2.432419825E2,6.208050251E0,8.334000587E0,-8.494950294E0
2.432444260E2,-2.820000052E-1,1.036005020E1,-1.224000096E0
2.432468696E2,2.302050114E0,1.085100079E1,3.000000026E-3
2.432493133E2,3.757950068E0,9.211050034E0,-5.959950447E0
2.432517568E2,2.206950188E0,1.017105007E1,-1.945050120E0
2.432542005E2,4.195950031E0,1.127505016E1,-1.818000078E0
2.432566441E2,6.061950207E0,1.284000015E1,-4.558950424E0
2.432590875E2,2.796000242E0,1.008900070E1,-5.529000282E0
2.432615312E2,2.580000162E0,1.024695015E1,-6.730500460E-1
2.432639746E2,4.909950256E0,9.117000580E0,-7.066050529E0
2.432664182E2,1.996050119E0,1.062105083E1,-2.622000217E0
2.432688619E2,7.546050549E0,1.216500092E1,-1.569000125E0
2.432713054E2,8.275950432E0,8.422950745E0,-9.154050827E0
2.432737490E2,1.942950130E0,8.167050362E0,-5.562000275E0
2.432761927E2,2.049000025E0,8.305950165E0,5.595000088E-2
2.432786361E2,3.270000219E0,7.378950119E0,-8.719500303E-1
2.432810798E2,1.168050051E0,4.911000252E0,-2.668050051E0
2.432835232E2,3.616950274E0,6.634050369E0,2.953050137E0
2.432859669E2,9.138000488E0,7.056000233E0,-4.150050163E0
2.432884105E2,3.355950117E0,6.241950512E0,-4.495050430E0
2.432908540E2,3.630000055E-1,9.751950264E0,3.448950052E0
2.432932976E2,3.411000252E0,6.220050335E0,-3.391050100E0
2.432957411E2,1.222950101E0,7.939050198E0,-2.347050190E0
2.432981847E2,4.432950020E0,9.589050293E0,-2.007000208E0
2.433006284E2,9.403950691E0,7.555950165E0,-7.606950283E0
2.433030718E2,2.050950050E0,7.738050461E0,-7.519050121E0
2.433055155E2,-9.259500504E-1,9.012000084E0,1.564050078E0
2.433079589E2,3.351000071E0,6.916950226E0,-8.310000300E-1
2.433104025E2,4.129050255E0,5.535000324E0,-5.578950405E0
2.433128462E2,2.122950077E0,7.021950245E0,6.280500293E-1
2.433152897E2,7.678050518E0,8.488050461E0,-4.066050053E0
2.433177333E2,3.907050133E0,6.747000217E0,-6.874050140E0
2.433201770E2,8.295000345E-2,7.333950520E0,3.220500052E-1
2.433226205E2,2.137050152E0,5.992950439E0,-9.649500251E-1
2.433250641E2,1.831050038E0,6.057000160E0,-2.328000069E0
2.433275075E2,4.507950306E0,8.988000870E0,6.795000285E-2
2.433299511E2,8.551950455E0,6.607950211E0,-5.116950035E0
2.433323948E2,3.724950075E0,6.912000179E0,-7.321950436E0
2.433348383E2,-9.000000358E-1,7.606950283E0,9.589500427E-1
2.433372819E2,3.615000248E0,6.828000546E0,9.709500670E-1
2.433397254E2,3.331950188E0,4.361999989E0,-5.967000484E0
2.433421691E2,-1.150500029E-1,8.029950142E0,2.605950117E0
2.433446127E2,5.142000198E0,7.494000435E0,-9.990000725E-1
2.433470561E2,6.255000114E0,7.453050137E0,-6.979950428E0
2.433494998E2,1.270950079E0,9.088950157E0,-2.779950142E0
2.433519434E2,2.134950161E0,7.273950577E0,-4.789500237E-1
2.433543869E2,3.313050270E0,7.216050148E0,-4.159049988E0
2.433568305E2,2.796000242E0,9.703950882E0,-3.790500164E-1
2.433592740E2,9.073950768E0,9.891000748E0,-3.688050270E0
2.433617176E2,6.979050159E0,8.764950752E0,-9.460050583E0
2.433641613E2,1.095000096E-2,9.586950302E0,-1.147050023E0
2.433666048E2,2.008050203E0,1.035495090E1,4.849500358E-1
2.433690484E2,3.235950232E0,7.084950447E0,-5.146050453E0
2.433714918E2,2.939999998E-1,8.667000771E0,-4.080000222E-1
2.433739354E2,5.140050411E0,1.006995010E1,-7.519500256E-1
2.433763791E2,6.967050552E0,9.232050896E0,-6.496050358E0
2.433788226E2,1.297050118E0,1.002705002E1,-3.706950188E0
2.433812662E2,2.143949986E0,9.622950554E0,1.063950062E0
2.433837099E2,3.889950275E0,9.735000610E0,-2.823000193E0
2.433861534E2,5.020500422E-1,1.055595016E1,7.219500542E-1
2.433885970E2,5.152050018E0,1.105395031E1,1.924050093E0
2.433910404E2,7.993950367E0,8.899050713E0,-9.796050072E0
2.433934841E2,1.432950020E0,8.671950340E0,-4.167000294E0
2.433959278E2,2.959050179E0,9.376049995E0,-1.617000103E0
2.433983712E2,5.724000454E0,7.807950497E0,-6.508050442E0
2.434008148E2,1.431000113E0,9.164999962E0,-3.280950069E0
2.434032583E2,1.740000129E0,1.125105095E1,2.569950104E0
2.434057019E2,6.349050522E0,1.020195007E1,-2.862000227E0
2.434081456E2,3.009000063E0,8.916000366E0,-4.885050297E0
2.434105891E2,2.346000195E0,8.707950592E0,-4.939500093E-1
2.434130327E2,5.226000309E0,7.200000286E0,-7.167000294E0
2.434154764E2,1.081050038E0,7.669050217E0,-4.171050072E0
2.434179199E2,5.812950134E0,9.859950066E0,-4.750500321E-1
2.434203635E2,8.731050491E0,7.153950214E0,-6.781050205E0
2.434228069E2,2.415000200E0,7.815000534E0,-5.014050007E0
2.434252505E2,1.306050062E0,7.492050171E0,4.680000246E-1
2.434276942E2,6.322050095E0,6.156000137E0,-2.371050119E0
2.434301377E2,3.363000154E0,5.586000443E0,-6.183000088E0
2.434325813E2,6.649500132E-1,8.770050049E0,1.549950123E0
2.434350248E2,7.780950546E0,7.188000202E0,-2.008949995E0
2.434374684E2,3.354000092E0,6.129000187E0,-5.833050251E0
2.434399121E2,7.170000076E-1,8.020950317E0,1.093050003E0
2.434423555E2,7.060050488E0,5.683950424E0,-3.910050154E0
2.434447991E2,2.548950195E0,7.486950397E0,-5.014050007E0
2.434472428E2,2.544000149E0,1.025205040E1,-6.949500442E-1
2.434496863E2,7.825950146E0,7.558950424E0,-5.206050396E0
2.434521299E2,1.860000134E0,8.020950317E0,-7.890000343E0
2.434545734E2,-1.579950094E0,7.528050423E0,1.792050123E0
2.434570170E2,3.871050119E0,5.902050495E0,1.204950094E0
2.434594607E2,5.901000500E0,4.969950199E0,-6.460050106E0
2.434619041E2,2.149049997E0,6.462000370E0,-5.370000005E-1
2.434643478E2,6.403950214E0,8.173950195E0,-1.638000131E0
2.434667912E2,4.453050137E0,6.400050163E0,-6.075000286E0
2.434692349E2,-3.060000241E-1,8.077950478E0,-5.730000138E-1
2.434716785E2,2.599050045E0,6.426000118E0,-5.850000381E-1
2.434741220E2,3.852000237E0,6.844950199E0,-5.055000305E0
2.434765656E2,2.764950037E0,7.872000217E0,-2.028000116E0
2.434790093E2,8.700000763E0,7.465050220E0,-3.040950060E0
2.434814528E2,4.797000408E0,6.748950481E0,-8.220000267E0
2.434838964E2,-1.246950030E0,7.911000252E0,1.356000066E0
2.434863399E2,1.299000025E0,7.233000278E0,4.381950378E0
2.434887835E2,4.584000111E0,5.361000061E0,-4.417950153E0
2.434912272E2,1.041000009E0,7.683000565E0,-3.330000043E-1
2.434936706E2,3.883050203E0,9.649050713E0,-2.140500098E-1
2.434961143E2,6.253050327E0,8.575950623E0,-5.707950115E0
2.434985577E2,1.132050037E0,1.022805023E1,-2.965050220E0
2.435010013E2,8.730000257E-1,8.401050568E0,1.713000059E0
2.435034450E2,3.118950129E0,8.752950668E0,-3.172950268E0
2.435058885E2,3.397050142E0,9.400050163E0,-3.208950043E0
2.435083321E2,8.463000298E0,1.134900093E1,-2.622000217E0
2.435107758E2,8.311950684E0,9.963000298E0,-9.705000877E0
2.435132193E2,5.119500160E-1,9.115050316E0,-3.622950077E0
2.435156629E2,1.050000072E0,1.007295036E1,1.105050087E0
2.435181063E2,4.546050072E0,7.780950546E0,-5.170050144E0
2.435205500E2,1.186950088E0,8.348999977E0,-4.200000286E0
2.435229936E2,3.117000103E0,1.079100037E1,3.430500031E-1
2.435254371E2,7.218000412E0,9.129000664E0,-4.078050137E0
2.435278807E2,2.548950195E0,9.313950539E0,-4.645050049E0
2.435303242E2,5.190000534E-1,8.329950333E0,2.272950172E0
2.435327679E2,3.442050219E0,8.650050163E0,-2.845050097E0
2.435352115E2,1.405050039E0,8.385000229E0,-2.365950108E0
2.435376549E2,6.145050526E0,1.188795090E1,3.030000031E-1
2.435400986E2,9.925950050E0,8.751000404E0,-8.239050865E0
2.435425423E2,1.681950092E0,8.956950188E0,-5.079000473E0
2.435449857E2,2.580000162E-1,1.020405006E1,1.081050038E0
2.435474293E2,5.259000301E0,8.208000183E0,-2.874000072E0
2.435498728E2,2.800950050E0,7.398000240E0,-5.625000477E0
2.435523164E2,2.001000166E0,1.044105053E1,-5.869500041E-1
2.435547601E2,8.290950775E0,1.040295029E1,-5.122050285E0
2.435572036E2,4.297049999E0,1.000305080E1,-7.758000374E0
2.435596472E2,2.599500120E-1,1.064505005E1,1.435050011E0
2.435620907E2,3.241050243E0,9.091050148E0,-3.532050133E0
2.435645343E2,1.828050137E0,9.534000397E0,-3.499050140E0
2.435669780E2,4.393050194E0,1.071195030E1,-8.340000510E-1
2.435694214E2,1.041405010E1,8.145000458E0,-8.056950569E0
2.435718650E2,3.382050276E0,9.187050819E0,-8.505000114E0
2.435743085E2,1.620000005E-1,9.274950027E0,1.066050053E0
2.435767522E2,2.836050034E0,8.026050568E0,2.131950140E0
2.435791958E2,3.070950031E0,6.445050240E0,-3.508050203E0
2.435816393E2,2.227950096E0,7.939050198E0,1.926000118E0
2.435840829E2,8.797950745E0,9.060000420E0,-1.416000009E0
2.435865266E2,4.936050415E0,6.804000378E0,-7.357950211E0
2.435889700E2,9.499500394E-1,9.328050613E0,-2.056950092E0
2.435914136E2,3.556950092E0,8.080950737E0,-3.454950094E0
2.435938571E2,1.503000021E0,7.597050190E0,-3.466950178E0
2.435963007E2,2.463000059E0,9.274950027E0,8.149500489E-1
2.435987444E2,9.612000465E0,7.812000275E0,-4.642950058E0
2.436011879E2,6.166950226E0,7.243050575E0,-1.039395046E1
2.436036315E2,-4.120500088E-1,7.573050499E0,-2.890050173E0
2.436060752E2,2.784000158E0,7.105950356E0,7.669500113E-1
2.436085187E2,4.072050095E0,4.651950359E0,-5.622000217E0
2.436109623E2,5.640000105E-1,5.728950500E0,2.479500175E-1
2.436134057E2,5.524950027E0,7.912950516E0,3.390000165E-1
2.436158493E2,6.670050144E0,4.858050346E0,-6.373950481E0
2.436182930E2,1.105050087E0,7.141950130E0,-2.233950138E0
2.436207365E2,1.876050115E0,4.957950115E0,-2.380500138E-1
2.436231801E2,2.961000204E0,5.257950306E0,-2.778000116E0
2.436256236E2,7.750500441E-1,6.595950127E0,-1.078050017E0
2.436280672E2,6.748950481E0,8.155050278E0,-3.360000253E-1
2.436305109E2,7.194000244E0,4.836000443E0,-7.609950542E0
2.436329543E2,-1.728000045E0,7.065000534E0,-8.959500194E-1
2.436353980E2,1.194000006E0,7.128000259E0,2.653950214E0
2.436378417E2,5.797950268E0,4.807950020E0,-5.083950043E0
2.436402850E2,8.250000477E-1,6.301950455E0,-8.895000070E-2
2.436427287E2,2.956050158E0,8.425050735E0,2.380950212E0
2.436451722E2,6.772950172E0,8.434950829E0,-4.530000210E0
2.436476158E2,2.994000196E0,9.473999977E0,-4.186050415E0
2.436500595E2,1.660950065E0,9.831000328E0,7.890000343E-1
2.436525030E2,3.423000097E0,8.707950592E0,-3.076950073E0
2.436549466E2,2.097000122E0,1.015905094E1,-2.220000029E0
2.436573900E2,5.688000202E0,1.224000072E1,3.580500185E-1
2.436598336E2,7.017000198E0,1.085295010E1,-8.383049965E0
2.436622773E2,1.390050054E0,8.752950668E0,-5.284950256E0
2.436647208E2,3.445050240E0,1.085295010E1,-2.637000084E0
2.436671644E2,6.229050159E0,8.260050774E0,-6.724050522E0
2.436696081E2,1.729950070E0,8.406000137E0,-5.110050201E0
2.436720516E2,2.710050106E0,1.091100025E1,-5.539500117E-1
2.436744952E2,6.211950302E0,1.019505024E1,-4.019999981E0
2.436769386E2,2.977950096E0,8.361000061E0,-6.277950287E0
2.436793823E2,2.536950111E0,7.087050438E0,-4.789500237E-1
2.436818260E2,4.603050232E0,7.566000462E0,-3.894000292E0
2.436842694E2,1.678050041E0,6.220050335E0,-2.835000038E0
2.436867131E2,5.275950432E0,1.059000015E1,1.461000085E0
2.436891565E2,7.905000210E0,6.052950382E0,-7.084950447E0
2.436916001E2,2.520000219E0,7.221000195E0,-2.898000240E0
2.436940438E2,1.464000106E0,8.575950623E0,2.881050110E0
2.436964873E2,6.519000530E0,6.418950081E0,-3.000000119E-1
2.436989310E2,4.150950432E0,6.370950222E0,-3.151050091E0
2.437013744E2,1.579050064E0,1.009200001E1,1.162050009E0
2.437038181E2,5.688000202E0,1.108800030E1,-3.288000107E0
2.437062617E2,3.255000114E0,9.970050812E0,-6.444000244E0
2.437087051E2,1.093050003E0,1.082700062E1,1.536000013E0
2.437111488E2,3.052050114E0,9.850050926E0,-4.890000343E0
2.437135924E2,1.969950080E0,1.101795006E1,-2.704050064E0
2.437160359E2,4.945950031E0,1.334100056E1,-2.251049995E0
2.437184795E2,7.905000210E0,1.171800041E1,-9.529950142E0
2.437209230E2,3.117000103E0,1.008900070E1,-8.845050812E0
2.437233667E2,9.379500151E-1,1.063995075E1,-6.300000101E-2
2.437258103E2,5.571000099E0,8.421000481E0,-1.879950047E0
2.437282537E2,4.218000412E0,8.004000664E0,-5.718000412E0
2.437306974E2,2.896050215E0,8.728950500E0,3.619500101E-1
2.437331408E2,8.310000420E0,9.547950745E0,-4.108950138E0
2.437355845E2,4.230000019E0,7.839000225E0,-6.454950333E0
2.437380281E2,1.984050035E0,8.112000465E0,5.160000324E-1
2.437404716E2,3.840000153E0,8.260050774E0,-1.597050071E0
2.437429153E2,2.002950191E0,7.489050388E0,-1.477950096E0
2.437453589E2,4.393050194E0,1.114500046E1,1.405950069E0
2.437478024E2,9.291000366E0,7.602000237E0,-5.955000401E0
2.437502460E2,3.804000139E0,7.579950333E0,-8.088000298E0
2.437526894E2,-7.180500627E-1,9.049950600E0,2.205000073E-2
2.437551331E2,4.234950066E0,7.152000427E0,4.530000091E-1
2.437575767E2,4.606050014E0,4.378950119E0,-5.565000057E0
2.437600202E2,1.897950053E0,6.951000214E0,7.069500089E-1
2.437624639E2,8.944050789E0,7.777050495E0,-4.783950329E0
2.437649075E2,4.981950283E0,6.850050449E0,-8.536050797E0
2.437673510E2,1.210500076E-1,7.494000435E0,-3.678000212E0
2.437697946E2,2.134950161E0,5.710050106E0,-2.337000132E0
2.437722381E2,3.475950241E0,5.409000397E0,-4.267050266E0
2.437746818E2,4.942950249E0,7.185000420E0,-2.650950193E0
2.437771254E2,8.080050468E0,7.273950577E0,-5.014050007E0
2.437795688E2,3.169050217E0,5.176050186E0,-7.650000572E0
2.437820124E2,-2.004000187E0,5.260050297E0,-4.480500221E-1
2.437844559E2,9.259500504E-1,4.759950161E0,3.967950106E0
2.437868996E2,3.235950232E0,1.770000011E-1,-2.323050022E0
2.437893432E2,7.099500299E-1,3.972000122E0,1.830000043E0
2.437917867E2,7.054950237E0,4.918050289E0,2.104950190E0
2.437942303E2,5.889000416E0,4.935000420E0,-4.554000378E0
2.437966737E2,1.330500096E-1,8.026050568E0,9.420000315E-1
2.437991174E2,-2.460000068E-1,6.852000237E0,2.548050165E0
2.438015610E2,2.620950222E0,6.505050182E0,-2.584050179E0
2.438040045E2,3.993000269E0,9.556050301E0,-4.140000343E0
2.438064482E2,9.916050911E0,9.868950844E0,-8.364000320E0
2.438088918E2,4.359000206E0,6.579000473E0,-1.000905037E1
2.438113353E2,2.460000068E-1,8.490000725E0,-1.509000063E0
2.438137789E2,3.574050188E0,9.751950264E0,-2.680050135E0
2.438162223E2,4.309050083E0,4.795950413E0,-4.246050358E0
2.438186660E2,3.796950102E0,8.502000809E0,-1.180500090E-1
2.438211097E2,8.074950218E0,1.014495087E1,-2.351999998E0
2.438235531E2,8.098950386E0,9.046050072E0,-8.047950745E0
2.438259968E2,1.371000051E0,1.040100002E1,-3.285000086E0
2.438284402E2,2.298000097E0,1.032405090E1,-1.204950094E0
2.438308839E2,1.606050134E0,9.406949997E0,-2.922000170E0
2.438333275E2,2.293050051E0,1.197600079E1,1.750950098E0
2.438357712E2,1.018905067E1,1.267995071E1,-5.767950058E0
2.438382147E2,3.844050169E0,8.503950119E0,-6.918000221E0
2.438406583E2,1.165050030E0,1.148100090E1,-9.250500202E-1
2.438431017E2,4.512000084E0,1.032195091E1,-1.224000096E0
2.438455454E2,3.193050146E0,8.571000099E0,-3.430950165E0
2.438479891E2,2.037000179E0,1.155195045E1,1.440000057E0
2.438504325E2,6.118950367E0,1.118595028E1,-3.610950232E0
2.438528761E2,4.824000359E0,1.173000050E1,-5.779950142E0
2.438553196E2,2.353049994E0,1.205295086E1,6.310500503E-1
2.438577632E2,4.258950233E0,1.096305084E1,-8.839500546E-1
2.438602069E2,3.514050245E0,1.176300049E1,-3.001050234E0
2.438626503E2,2.245050192E0,1.498800087E1,2.886000156E0
2.438650940E2,6.682050228E0,1.486605072E1,-5.869050503E0
2.438675374E2,2.662050009E0,1.178700066E1,-7.420050144E0
2.438699811E2,1.893000126E0,1.255800056E1,-3.331050158E0
2.438724247E2,3.832050085E0,1.101105022E1,-4.861050129E0
2.438748682E2,2.122950077E0,9.268050194E0,-6.190050125E0
2.438773118E2,1.110000014E0,8.314949989E0,-2.050050020E0
2.438797555E2,6.481050491E0,9.109950066E0,-2.506950140E0
2.438821989E2,6.343950272E0,7.009950161E0,-8.818950653E0
2.438846426E2,3.685950279E0,5.904000282E0,-4.252950191E0
2.438870862E2,6.303000450E0,6.442950249E0,-5.569950104E0
2.438895296E2,3.274950266E0,5.629050255E0,-4.248000145E0
2.438919733E2,3.588000059E0,9.934050560E0,9.109500647E-1
2.438944168E2,4.570050240E0,6.724950314E0,-1.018050075E0
2.438968604E2,2.761950016E0,3.451950073E0,-2.203050137E0
2.438993041E2,5.310000181E-1,5.770050049E0,-1.212000012E0
2.439017476E2,6.694050312E0,2.715000153E0,-3.478950262E0
2.439041912E2,6.178950310E0,1.290000081E0,-7.899000168E0
2.439066346E2,4.090500176E-1,3.715950251E0,-1.890000105E0
2.439090782E2,8.644950867E0,5.037000179E0,-4.219500124E-1
2.439115219E2,5.355000019E0,3.060000181E0,-4.971000195E0
2.439139654E2,1.654050112E0,8.269950867E0,2.254050016E0
2.439164090E2,6.088050365E0,4.336050034E0,-1.293000102E0
2.439188525E2,3.033000231E0,5.725050449E0,-4.267050266E0
2.439212961E2,8.892000198E0,9.808950424E0,-4.108950138E0
2.439237398E2,6.871050358E0,5.136000156E0,-1.080105019E1
2.439261833E2,-1.120050073E0,7.531950474E0,-5.632050037E0
2.439286269E2,0.000000000E0,5.976000309E0,7.650000453E-1
2.439310706E2,4.495950222E0,5.308050156E0,-2.257950068E0
2.439335140E2,3.157050133E0,4.534950256E0,-1.308000088E0
2.439359577E2,1.596000075E0,6.280050278E0,4.021049976E0
2.439384011E2,5.482050419E0,7.924950600E0,-1.198050022E0
2.439408447E2,1.998000145E0,7.357950211E0,-3.562950134E0
2.439432884E2,1.396950126E0,8.526000023E0,6.829500198E-1
2.439457319E2,2.544000149E0,6.673050404E0,-4.372050285E0
2.439481756E2,4.759500325E-1,7.924950600E0,-6.540000439E-1
2.439506190E2,6.013950348E0,1.248105049E1,-2.743950129E0
2.439530627E2,4.450050354E0,9.139050484E0,-4.381950378E0
2.439555063E2,8.920500278E-1,7.774050236E0,-7.669500113E-1
2.439579497E2,1.728000045E0,9.816000938E0,1.144950032E0
2.439603933E2,4.014000416E0,8.488050461E0,-1.902000070E0
2.439628370E2,1.546050072E0,5.610000134E0,-1.483050108E0
2.439652805E2,5.434050083E0,8.758049965E0,-1.630950093E0
2.439677241E2,7.753950596E0,1.097295094E1,-6.949050426E0
2.439701676E2,2.391000032E0,1.024695015E1,-4.501950264E0
2.439726112E2,2.374050140E0,1.120995045E1,-3.970050097E0
2.439750549E2,2.311950207E0,7.710000515E0,-3.508050203E0
2.439774983E2,2.848050117E0,1.065000057E1,-2.809500098E-1
2.439799420E2,9.490050316E0,1.322595024E1,-4.261950016E0
2.439823854E2,6.210000515E0,8.694000244E0,-9.015000343E0
2.439848290E2,1.456950068E0,8.635950089E0,-4.188000202E0
2.439872727E2,3.366000175E0,8.506950378E0,-1.035000086E0
2.439897162E2,3.448950052E0,6.478950500E0,-5.436000347E0
2.439921599E2,1.491000056E0,5.737050056E0,-9.940500259E-1
2.439946033E2,7.219950199E0,9.520050049E0,-1.201950073E0
2.439970470E2,5.572950363E0,7.093950272E0,-5.163000107E0
2.439994906E2,1.740000129E0,1.046100044E1,1.027950048E0
2.440019341E2,3.421050072E0,1.054200077E1,9.970500469E-1
2.440043777E2,2.487000227E0,7.317000389E0,-2.401950121E0
2.440068214E2,4.222949982E0,1.225395012E1,-2.458950043E0
2.440092648E2,9.025950432E0,1.206195068E1,-8.014050484E0
2.440117084E2,5.050950050E0,9.577050209E0,-8.931000710E0
2.440141521E2,7.410000563E-1,1.204095078E1,-3.348000050E0
2.440165956E2,3.729000092E0,1.054005051E1,-2.842050076E0
2.440190392E2,3.174000263E0,9.426000595E0,-6.120000362E0
2.440214827E2,3.163950205E0,1.030500031E1,2.223000050E0
2.440239264E2,6.844050407E0,1.158795071E1,-4.909050465E0
2.440263700E2,5.155950069E0,1.026195049E1,-6.526950359E0
2.440288134E2,4.216050148E0,1.158300018E1,-4.159049988E0
2.440312571E2,5.535000324E0,7.483950138E0,-6.544050217E0
2.440337005E2,2.434050083E0,9.007050514E0,-4.642950058E0
2.440361442E2,5.563950062E0,9.706050873E0,-2.622000217E0
2.440385878E2,8.887050629E0,7.911000252E0,-8.830950737E0
2.440410313E2,3.610050201E0,6.961950302E0,-7.450950146E0
2.440434749E2,1.957950115E0,7.003050327E0,4.099500179E-1
2.440459184E2,4.522050381E0,5.425050259E0,-2.299050093E0
2.440483620E2,1.528950095E0,2.875050068E0,-1.320000052E0
2.440508057E2,3.439950228E0,7.453050137E0,5.464950085E0
2.440532491E2,6.042000294E0,5.349000454E0,-2.539499998E-1
2.440556927E2,1.828050137E0,5.434950352E0,-5.659500360E-1
2.440581364E2,1.468950033E0,9.484050751E0,1.264950037E0
2.440605799E2,1.074000001E0,6.910050392E0,-1.879950047E0
2.440630235E2,2.670000196E-1,7.567950249E0,-1.851000071E0
2.440654672E2,3.805950165E0,9.163050652E0,-4.039950371E0
2.440679107E2,5.370000362E0,6.402000427E0,-7.140000343E0
2.440703543E2,1.357050061E0,6.024000168E0,-4.777050018E0
2.440727977E2,3.567000151E0,7.068000317E0,-1.930050135E0
2.440752413E2,5.913000107E0,4.708950043E0,-6.199050426E0
2.440776848E2,1.479000092E0,3.739950180E0,-2.500050068E0
2.440801285E2,5.578050137E0,6.057000160E0,-1.111050010E0
2.440825721E2,4.993950367E0,5.217000484E0,-4.618950367E0
2.440850158E2,1.861950040E0,6.208050251E0,-1.951950073E0
2.440874592E2,2.965950251E0,5.863950253E0,3.340500295E-1
2.440899029E2,3.169050217E0,2.037000179E0,-8.980500698E-1
2.440923463E2,4.551000118E0,6.490950108E0,-5.970000029E-1
2.440947899E2,8.166000366E0,7.924950600E0,-2.646000147E0
2.440972336E2,2.484000206E0,7.477050304E0,-6.112950325E0
2.440996771E2,-1.719000101E0,8.647950172E0,4.099500179E-1
2.441021207E2,2.626050234E0,8.430000305E0,1.423050046E0
2.441045642E2,3.871050119E0,4.565999985E0,-5.043000221E0
2.441070078E2,3.025950193E0,8.361000061E0,-5.940000415E-1
2.441094515E2,7.120050430E0,8.473050117E0,-3.994050264E0
2.441118949E2,4.519950390E0,7.834050179E0,-5.337000370E0
2.441143385E2,1.792950034E0,1.115700054E1,-1.588050127E0
2.441167820E2,3.649950266E0,1.010895061E1,-3.055950165E0
2.441192256E2,4.042950153E0,9.342000008E0,-4.027950287E0
2.441216691E2,6.034950256E0,1.323795033E1,-2.055000067E0
2.441241128E2,8.604000092E0,1.490205097E1,-5.823000431E0
2.441265564E2,3.088050127E0,1.036200047E1,-6.168000221E0
2.441290001E2,1.384950042E0,1.270905018E1,5.970000029E-1
2.441314435E2,3.919050217E0,1.188795090E1,-3.714000225E0
2.441338871E2,2.053050041E0,7.747950554E0,-3.120000124E0
2.441363306E2,2.760000229E0,1.060695076E1,-9.130500555E-1
2.441387742E2,7.764000416E0,1.175805092E1,-6.751950264E0
2.441412179E2,3.696000099E0,1.138995075E1,-6.205950260E0
2.441436614E2,2.182950020E0,1.165305042E1,-1.090050101E0
2.441461050E2,3.330000162E0,8.638050079E0,-2.373000145E0
2.441485487E2,2.281050205E0,9.093000412E0,-1.312950015E0
2.441509921E2,9.052050591E0,1.155195045E1,-2.529000044E0
2.441534357E2,8.266950607E0,8.346000671E0,-9.403050423E0
2.441558792E2,1.222950101E0,8.674050331E0,-3.961050272E0
2.441583228E2,2.475000143E0,8.844000816E0,1.098000050E0
2.441607665E2,3.697950125E0,7.161000252E0,-3.522000074E0
2.441632100E2,1.725000024E0,5.800950050E0,-6.570000052E-1
2.441656536E2,6.025950432E0,8.884950638E0,-3.930000067E-1
2.441680970E2,5.760000229E0,7.024950504E0,-5.707950115E0
2.441705407E2,1.675050020E0,9.769050598E0,-4.332000256E0
2.441729844E2,2.511000156E0,9.958050728E0,-2.401950121E0
2.441754278E2,3.016050100E0,7.354950428E0,-5.304000378E0
2.441778714E2,3.283950090E0,8.690999985E0,-2.917050123E0
2.441803149E2,9.363000870E0,9.622950554E0,-6.253950119E0
2.441827585E2,4.687050343E0,6.201000214E0,-1.075800037E1
2.441852022E2,-2.440500110E-1,8.871000290E0,-3.253950119E0
2.441876457E2,3.840000153E0,6.268050194E0,-3.160950184E0
2.441900894E2,3.969000101E0,3.469050169E0,-5.785050392E0
2.441925330E2,3.624000072E0,5.863950253E0,4.249500334E-1
2.441949764E2,8.488950729E0,5.278950214E0,-4.870500267E-1
2.441974200E2,4.801950455E0,5.752950191E0,-3.943950176E0
2.441998635E2,4.519500136E-1,7.408050537E0,7.530000210E-1
2.442023072E2,4.150950432E0,5.818050385E0,-4.080000222E-1
2.442047508E2,3.181050062E0,5.716950417E0,-4.075950146E0
2.442071943E2,5.379000187E0,8.701050758E0,-1.116000056E0
2.442096379E2,7.474050522E0,6.996000290E0,-6.681000233E0
2.442120813E2,-3.949500322E-1,7.947000504E0,-2.869050026E0
2.442145250E2,3.030000031E-1,9.164999962E0,2.416950226E0
2.442169686E2,4.255949974E0,6.238950253E0,-3.628050089E0
2.442194121E2,1.339950085E0,5.836950302E0,-1.429950118E0
2.442218558E2,3.435000181E0,7.786050320E0,-9.850500226E-1
2.442242994E2,5.821950436E0,7.258950233E0,-4.815000057E0
2.442267429E2,2.353049994E0,8.497050285E0,-3.625050068E0
2.442291865E2,9.859500527E-1,8.799000740E0,2.119500041E-1
2.442316299E2,2.815050125E0,6.991050243E0,-2.160000086E0
2.442340736E2,3.199950218E0,7.707000256E0,-3.120000124E0
2.442365173E2,7.753950596E0,1.059195042E1,-2.719950199E0
2.442389607E2,5.310000420E0,8.313000679E0,-6.192000389E0
2.442414044E2,4.039500058E-1,7.590000153E0,-8.290500641E-1
2.442438478E2,2.809950113E0,8.872950554E0,-5.269500017E-1
2.442462915E2,3.394050121E0,4.516050339E0,-4.427999973E0
2.442487351E2,2.383949995E0,5.691000462E0,-1.459050059E0
2.442511786E2,6.382050514E0,7.810050488E0,-3.016950130E0
2.442536223E2,5.809950352E0,7.156050205E0,-4.030050278E0
2.442560659E2,9.979500771E-1,8.617050171E0,-2.659500241E-1
2.442585094E2,3.607050180E0,8.974050522E0,2.428950071E0
2.442609530E2,2.829000235E0,6.121950150E0,-3.235050201E0
2.442633964E2,4.860000134E0,1.077900028E1,-1.468050122E0
2.442658401E2,8.937000275E0,9.393000603E0,-8.413949966E0
2.442682838E2,1.812000036E0,8.559000015E0,-7.138050556E0
2.442707272E2,4.200000316E-2,1.049595070E1,-1.350000054E-1
2.442731708E2,3.727050066E0,7.686000347E0,-2.581950188E0
2.442756143E2,3.789000273E0,5.658000469E0,-3.412050247E0
2.442780580E2,5.616000175E0,8.598000526E0,-1.708050132E0
2.442805016E2,8.655000687E0,8.602950096E0,-6.487050533E0
2.442829453E2,3.528000116E0,9.108000755E0,-7.770000458E0
2.442853888E2,1.354050040E0,1.006800079E1,-1.738950133E0
2.442878324E2,4.335000038E0,7.429050446E0,-4.681050301E0
2.442902758E2,3.888000250E0,7.288050175E0,-4.738950253E0
2.442927195E2,9.892050743E0,1.072395039E1,-3.522000074E0
2.442951632E2,7.326000214E0,7.540050507E0,-1.127805042E1
2.442976066E2,4.300500154E-1,9.237000465E0,-3.345000267E0
2.443000502E2,1.636950135E0,9.736950874E0,7.099500299E-1
2.443024937E2,2.953950167E0,4.543950081E0,-2.236950159E0
2.443049373E2,2.644950151E0,7.140000343E0,1.738950133E0
2.443073810E2,6.931050301E0,7.252050400E0,-2.710500062E-1
2.443098245E2,6.967050552E0,8.200050354E0,-3.661050081E0
2.443122681E2,9.280500412E-1,9.001950264E0,-1.504050016E0
2.443147118E2,6.460500360E-1,1.139895058E1,1.999950051E0
2.443171552E2,1.804050088E0,8.755949974E0,-4.333950043E0
2.443195988E2,2.913000107E0,1.087695026E1,-2.275050163E0
2.443220423E2,8.353050232E0,1.317300034E1,-6.525000095E0
2.443244859E2,3.895050287E0,9.975000381E0,-6.100950241E0
2.443269296E2,1.431000113E0,1.173405075E1,-8.359500170E-1
2.443293731E2,3.993000269E0,1.196700096E1,-3.367050171E0
2.443318167E2,2.872050047E0,8.485050201E0,-3.181950092E0
2.443342602E2,2.062950134E0,9.373950005E0,4.099500179E-1
2.443367038E2,4.977000237E0,1.101600075E1,-3.325950146E0
2.443391475E2,4.879050255E0,1.073295021E1,-6.223050117E0
2.443415909E2,2.298000097E0,1.069305038E1,-2.078999996E0
2.443440345E2,4.017000198E0,9.381000519E0,-4.195050240E0
2.443464782E2,2.085000038E0,8.578950882E0,-4.019999981E0
2.443489216E2,5.971050262E0,1.036200047E1,-1.237950087E0
2.443513653E2,7.522050381E0,9.502950668E0,-7.450950146E0
2.443538088E2,2.218950033E0,7.281000137E0,-2.572050095E0
2.443562524E2,3.679050207E0,9.517050743E0,1.677000046E0
2.443586961E2,3.796950102E0,6.721050262E0,-1.863000035E0
2.443611395E2,2.262000084E0,4.341000080E0,-4.909500182E-1
2.443635831E2,4.371000290E0,7.386000156E0,5.230500102E-1
2.443660266E2,6.928050518E0,5.868000507E0,-4.258049965E0
2.443684702E2,2.137050152E0,6.577050209E0,-3.985050201E0
2.443709139E2,2.970000029E0,8.356050491E0,2.479500175E-1
2.443733574E2,3.331950188E0,5.500050068E0,-4.092000008E0
2.443758011E2,2.632950068E0,8.657999992E0,-5.920500159E-1
2.443782447E2,7.960050583E0,9.232050896E0,-4.795950413E0
2.443806882E2,3.033000231E0,6.115050316E0,-7.672050476E0
2.443831318E2,1.480500102E-1,8.542950630E0,-1.606950045E0
2.443855752E2,4.381050110E0,6.916950226E0,-3.774000168E0
2.443880189E2,3.949950218E0,3.442950249E0,-6.015000343E0
2.443904625E2,2.856000185E0,5.080950260E0,-2.770950079E0
2.443929060E2,6.849000454E0,5.251050472E0,-2.254050016E0
2.443953496E2,5.326050282E0,4.726050377E0,-5.979000092E0
2.443977931E2,7.390500307E-1,6.463950157E0,-4.750500321E-1
2.444002368E2,4.042950153E0,5.109000206E0,-4.770000279E-1
2.444026804E2,4.297049999E0,4.221000195E0,-3.874050140E0
2.444051238E2,6.172050476E0,8.842050552E0,-1.128000021E0
2.444075675E2,6.925950527E0,6.196050167E0,-5.919000149E0
2.444100109E2,-1.233000040E0,8.310000420E0,-1.801050067E0
2.444124546E2,-9.930000305E-1,8.421000481E0,2.766000032E0
2.444148982E2,3.907050133E0,6.132000446E0,-2.737050056E0
2.444173419E2,2.982000113E0,5.263050079E0,-2.446950197E0
2.444197854E2,4.588950157E0,6.979050159E0,-1.404000044E0
2.444222290E2,6.399000168E0,7.542000294E0,-4.606950283E0
2.444246724E2,2.089050055E0,8.962050438E0,-3.163050175E0
2.444271161E2,1.840050101E0,1.032600021E1,5.850000381E-1
2.444295598E2,4.342050076E0,8.533050537E0,-5.356050491E0
2.444320032E2,5.092050076E0,9.024000168E0,-3.691950083E0
2.444344468E2,1.063905048E1,1.222500038E1,-8.076000214E0
2.444368903E2,4.917000294E0,9.156000137E0,-7.993050575E0
2.444393340E2,6.580500603E-1,1.134600067E1,-2.437950134E0
2.444417776E2,2.677950144E0,1.091505051E1,-2.107050180E0
2.444442210E2,2.542050123E0,6.823950291E0,-3.036000252E0
2.444466646E2,1.936050057E0,8.381999969E0,5.490000248E-1
2.444491083E2,7.242000580E0,9.970050812E0,-1.345950007E0
2.444515518E2,5.752950191E0,1.040505028E1,-4.690950394E0
2.444539954E2,6.550500393E-1,1.092000008E1,9.250500202E-1
2.444564389E2,2.419950008E0,1.086000061E1,-7.140000463E-1
2.444588825E2,1.618050098E0,8.370000839E0,-3.850050211E0
2.444613262E2,4.420950413E0,1.236195087E1,-1.626000047E0
2.444637696E2,9.078000069E0,1.098705006E1,-8.986050606E0
2.444662133E2,2.233050108E0,1.058700085E1,-4.255050182E0
2.444686567E2,1.263000011E0,1.252695084E1,-7.500000298E-2
2.444711003E2,4.500000000E0,8.434950829E0,-3.570000172E0
2.444735440E2,1.789950132E0,8.152050018E0,-4.078050137E0
2.444759875E2,4.009950161E0,9.442950249E0,-6.130500436E-1
2.444784311E2,7.381050587E0,9.840000153E0,-3.762000084E0
2.444808748E2,3.472950220E0,1.008000088E1,-3.348000050E0
2.444833182E2,3.373050213E0,1.172205067E1,1.318050027E0
2.444857619E2,3.856050253E0,8.586000443E0,-5.244000435E0
2.444882053E2,2.143949986E0,1.020195007E1,-1.690950036E0
2.444906489E2,8.458050728E0,1.109505081E1,-6.357000351E0
2.444930926E2,5.926950455E0,8.296050072E0,-9.397950172E0
2.444955361E2,1.986000061E0,1.051095009E1,-2.497950077E0
2.444979797E2,3.768000126E0,8.425050735E0,-7.399500608E-1
2.445004232E2,3.672000170E0,6.115050316E0,-3.573000193E0
2.445028669E2,2.499000072E0,6.426000118E0,-1.114050031E0
2.445053105E2,8.389050484E0,7.288050175E0,-1.831950068E0
2.445077539E2,5.680950165E0,5.503950119E0,-8.304000854E0
2.445101976E2,1.450050116E0,7.993950367E0,-2.146050215E0
2.445126413E2,3.997950077E0,7.456050396E0,-2.850000143E0
2.445150847E2,2.686050177E0,5.329950333E0,-3.147000074E0
2.445175283E2,7.459950447E0,1.046295071E1,-1.665000081E0
2.445199718E2,6.070950508E0,6.286950111E0,-7.353000164E0
2.445224155E2,5.569500327E-1,8.374950409E0,-1.936950088E0
2.445248591E2,1.563000083E0,8.506950378E0,1.630950093E0
2.445273026E2,4.753950119E0,5.943000317E0,-1.791000128E0
2.445297462E2,2.068050146E0,5.787000179E0,-1.735950112E0
2.445321896E2,2.992050171E0,7.165950298E0,1.342050076E0
2.445346333E2,6.046950340E0,6.730050087E0,-4.771950245E0
2.445370769E2,2.049000025E0,7.240050316E0,-3.166050196E0
2.445395204E2,3.037950039E0,9.520050049E0,1.300500035E-1
2.445419641E2,4.378050327E0,7.044000149E0,-4.894050121E0
2.445444075E2,5.089050293E0,8.962050438E0,-2.092950106E0
2.445468512E2,9.979050636E0,1.099005032E1,-7.162050247E0
2.445492948E2,3.982950211E0,9.271050453E0,-6.556050301E0
2.445517385E2,4.180500209E-1,1.078905010E1,-2.221950054E0
2.445541819E2,2.245050192E0,9.654000282E0,-1.618950129E0
2.445566256E2,2.575050116E0,6.201000214E0,-3.664050102E0
2.445590690E2,2.476950169E0,7.578000546E0,1.050000079E-3
2.445615126E2,7.738050461E0,8.119050026E0,-2.062050104E0
2.445639563E2,3.579000235E0,8.131050110E0,-4.582950115E0
2.445663998E2,6.599999964E-2,8.595000267E0,1.936050057E0
2.445688434E2,2.779050112E0,7.468050480E0,-2.083950043E0
2.445712869E2,2.743050098E0,6.438000202E0,-4.261950016E0
2.445737306E2,8.176050186E0,1.015905094E1,-6.168000221E0
2.445761742E2,7.606050491E0,6.991050243E0,-1.084200096E1
2.445786176E2,1.729950070E0,9.169950485E0,-5.458950043E0
2.445810612E2,2.365050077E0,8.397000313E0,-1.201950073E0
2.445835049E2,4.954950333E0,4.999050140E0,-2.926050186E0
2.445859484E2,2.913000107E0,4.401000023E0,-2.389950037E0
2.445883920E2,7.732950211E0,7.309950352E0,-1.690950036E0
2.445908355E2,7.053000450E0,4.024950027E0,-7.942050457E0
2.445932791E2,4.879500270E-1,7.282950401E0,-7.830000520E-1
2.445957228E2,2.197050095E0,8.479949951E0,4.969500303E-1
2.445981662E2,2.745000124E0,4.960950375E0,-2.028000116E0
2.446006099E2,6.787050247E0,9.225000381E0,-2.995950222E0
2.446030535E2,8.893950462E0,7.635000229E0,-1.019295025E1
2.446054969E2,1.147950053E0,8.536050797E0,-7.072950363E0
2.446079406E2,-3.090000153E-1,9.340050697E0,-2.062050104E0
2.446103841E2,4.708950043E0,6.309000492E0,-1.471050024E0
2.446128278E2,3.813000202E0,3.591000080E0,-5.263050079E0
2.446152714E2,5.671050072E0,6.112950325E0,-2.055000067E0
2.446177149E2,8.796000481E0,5.490000248E0,-5.950050354E0
2.446201585E2,1.198950052E0,6.168000221E0,-5.368050098E0
2.446226019E2,1.314000010E0,9.225000381E0,6.040500402E-1
2.446250456E2,4.335000038E0,3.712950230E0,-3.757050276E0
2.446274893E2,4.519950390E0,7.642050266E0,-2.248950005E0
2.446299327E2,9.748950005E0,7.573050499E0,-6.895950317E0
2.446323763E2,2.227950096E0,7.876950264E0,-7.969050407E0
2.446348200E2,-1.222950101E0,8.980950356E0,-1.234050035E0
2.446372635E2,3.741000175E0,6.973950386E0,9.990000725E-1
2.446397071E2,4.455000401E0,5.473050117E0,-3.505950212E0
2.446421506E2,2.392950058E0,6.141000271E0,1.729950070E0
2.446445942E2,6.445050240E0,7.927050591E0,4.905000329E-2
2.446470379E2,4.548000336E0,7.180050373E0,-5.017050266E0
2.446494813E2,8.230500221E-1,1.097100067E1,2.392950058E0
2.446519249E2,2.475000143E0,1.006305027E1,-2.758950233E0
2.446543684E2,2.463000059E0,9.702000618E0,-1.705050111E0
2.446568121E2,6.436950207E0,1.251495075E1,-3.357000113E0
2.446592557E2,6.697950363E0,1.179705048E1,-7.606950283E0
2.446616992E2,2.482050180E0,1.068600082E1,-4.027950287E0
2.446641429E2,2.173050165E0,1.226100063E1,-2.661000013E0
2.446665863E2,4.234950066E0,1.009200001E1,-3.316950083E0
2.446690299E2,1.318050027E0,7.948950291E0,-1.791000128E0
2.446714736E2,3.868050098E0,9.706050873E0,-5.389500260E-1
2.446739172E2,5.473050117E0,1.027395058E1,-5.661000252E0
2.446763606E2,2.230950117E0,9.438000679E0,-2.538000107E0
2.446788043E2,4.005000114E0,9.699000359E0,-2.755950212E0
2.446812478E2,3.691050291E0,6.996000290E0,-4.606950283E0
2.446836914E2,6.211950302E0,8.989950180E0,-3.301950216E0
2.446861351E2,7.924050331E0,8.485050201E0,-9.577950478E0
2.446885786E2,3.045000076E0,5.974050522E0,-6.910050392E0
2.446910222E2,1.120050073E0,5.260050297E0,-2.068950176E0
2.446934656E2,4.357050419E0,4.579950333E0,-2.775000095E0
2.446959093E2,2.689950228E0,1.798050046E0,-5.364000320E0
2.446983529E2,3.763050079E0,5.040000439E0,1.654950023E0
2.447007964E2,8.022000313E0,4.051050186E0,4.129500091E-1
2.447032400E2,2.692950010E0,3.694050074E0,-1.060950041E0
2.447056837E2,2.572950125E0,8.053950310E0,2.848050117E0
2.447081272E2,3.631050110E0,3.484050274E0,-3.072000027E0
2.447105708E2,6.100050449E0,8.715000153E0,-1.477950096E0
2.447130142E2,9.331950188E0,8.157000542E0,-8.056950569E0
2.447154579E2,2.587050200E0,8.083050728E0,-8.480999947E0
2.447179015E2,-1.096050024E0,1.025205040E1,-6.919500232E-1
2.447203450E2,2.185050011E0,7.705050468E0,-1.800000072E-1
2.447227886E2,4.596000195E0,6.238950253E0,-4.996950150E0
2.447252323E2,6.081000328E0,5.976000309E0,-2.608050108E0
2.447276757E2,9.679050446E0,7.140000343E0,-6.445950508E0
2.447301194E2,4.374000072E0,6.574950218E0,-6.453000069E0
2.447325629E2,1.516950130E0,1.024995041E1,1.305000018E-2
2.447350066E2,3.253050089E0,8.971050262E0,-6.642000198E0
2.447374499E2,2.781000137E0,9.330000877E0,-2.653050184E0
2.447398936E2,7.642050266E0,1.130805016E1,-6.927000523E0
2.447423373E2,4.716000080E0,9.733050346E0,-8.227050781E0
2.447447807E2,-3.400500119E-1,1.053495026E1,-6.709500551E-1
2.447472244E2,1.278000116E0,9.972000122E0,1.641000032E0
2.447496680E2,3.178950071E0,6.627000332E0,-1.120950103E0
2.447521115E2,2.853000164E0,6.072000504E0,-1.200000010E-2
2.447545551E2,8.580000877E0,8.230950356E0,-2.208000183E0
2.447569986E2,5.209050179E0,7.947000504E0,-6.238050461E0
2.447594423E2,1.101000071E0,9.574950218E0,-2.230500132E-1
2.447618859E2,2.386050224E0,1.013700008E1,-1.690950036E0
2.447643293E2,2.515950203E0,8.731950760E0,-2.128950119E0
2.447667730E2,6.528000355E0,1.081005096E1,-3.682950258E0
2.447692167E2,7.584000587E0,9.115050316E0,-9.223050117E0
2.447716601E2,1.432950020E0,8.710050583E0,-5.052000046E0
2.447741037E2,9.739500284E-1,9.936000824E0,-1.858050108E0
2.447765474E2,2.832000017E0,7.345950127E0,-1.870050073E0
2.447789909E2,1.060050011E0,5.089950085E0,-3.739950180E0
2.447814345E2,4.669950008E0,5.659950256E0,1.210500076E-1
2.447838780E2,6.001950264E0,5.167050362E0,-4.056000233E0
2.447863217E2,1.833000064E0,4.815000057E0,-2.173950195E0
2.447887653E2,3.403950214E0,6.321000099E0,4.150500298E-1
2.447912088E2,2.731050014E0,3.847950220E0,-2.124000072E0
2.447936524E2,6.403950214E0,6.742050171E0,-1.231050014E0
2.447960961E2,6.394050121E0,7.393050194E0,-5.608050346E0
2.447985395E2,9.379500151E-1,6.582000256E0,-2.437950134E0
2.448009831E2,-3.420000076E-1,9.156000137E0,2.368950129E0
2.448034266E2,1.993950129E0,6.141000271E0,1.609500051E-1
2.448058702E2,1.891050100E0,4.651950359E0,-1.885050058E0
2.448083139E2,3.957000256E0,6.414000511E0,-2.329500169E-1
2.448107574E2,6.081000328E0,5.953950405E0,-4.710000038E0
2.448132010E2,1.941000104E0,6.081000328E0,-3.522000074E0
2.448156445E2,2.209050179E0,9.879000664E0,-3.259500265E-1
2.448180881E2,3.315000057E0,7.482000351E0,-4.521000385E0
2.448205318E2,5.446050167E0,9.369000435E0,-3.859950066E0
2.448229752E2,1.024200058E1,1.043400097E1,-9.831000328E0
2.448254189E2,4.050000191E0,8.325000763E0,-8.698950768E0
2.448278623E2,8.749500513E-1,1.052805042E1,-2.493000031E0
2.448303060E2,4.029000282E0,9.153000832E0,-2.670000076E0
2.448327496E2,4.833000183E0,6.141000271E0,-5.797050476E0
2.448351931E2,4.570050240E0,7.324050426E0,-4.267050266E0
2.448376368E2,8.785950661E0,6.334950447E0,-6.976950169E0
2.448400804E2,2.310000181E0,7.225950241E0,-6.084000111E0
2.448425239E2,1.171950102E0,8.145000458E0,2.533950090E0
2.448449675E2,2.382000208E0,6.970050335E0,6.040500402E-1
2.448474110E2,3.361050129E0,7.599000454E0,1.132950068E0
2.448498546E2,9.016050339E0,1.140195084E1,-3.775950193E0
2.448522983E2,3.373050213E0,6.970050335E0,-7.594950199E0
2.448547417E2,-1.161000013E0,9.450000763E0,6.040500402E-1
2.448571854E2,2.910000086E-1,8.904000282E0,5.950500369E-1
2.448596288E2,1.675050020E0,6.547950268E0,-1.264950037E0
2.448620725E2,2.176050186E0,6.247050285E0,-6.160500050E-1
2.448645161E2,6.033000469E0,7.009950161E0,-3.870000124E0
2.448669596E2,4.761000156E0,6.508050442E0,-5.613000393E0
2.448694033E2,2.041949987E0,8.631000519E0,-2.992950201E0
2.448718469E2,3.022950172E0,7.960950375E0,-4.492050171E0
2.448742903E2,2.152050018E0,7.597050190E0,-2.479050159E0
2.448767340E2,8.347949982E0,9.940950394E0,-3.658950090E0
2.448791774E2,7.066950321E0,8.253000259E0,-8.281949997E0
2.448816211E2,1.860000134E0,8.193000793E0,-2.397000074E0
2.448840647E2,2.578050137E0,9.952950478E0,-2.140500098E-1
2.448865082E2,3.615000248E0,5.808000088E0,-3.538950205E0
2.448889518E2,2.263950109E0,4.879050255E0,-3.763950109E0
2.448913955E2,6.901950359E0,6.555000305E0,-2.689050198E0
2.448938390E2,6.037950516E0,5.943000317E0,-6.051000118E0
2.448962826E2,1.371000051E0,7.872000217E0,9.160500169E-1
2.448987260E2,3.403950214E0,9.733050346E0,2.706000090E0
2.449011697E2,2.560950041E0,6.927000523E0,8.029500246E-1
2.449036133E2,9.256050110E0,1.214595032E1,-2.206050158E0
2.449060568E2,7.800000191E0,8.643000603E0,-1.171800041E1
2.449085004E2,8.160000443E-1,1.117905045E1,-6.910050392E0
2.449109441E2,1.711050034E0,1.152600098E1,-3.703950167E0
2.449133876E2,3.508950233E0,8.272050858E0,-3.211050034E0
2.449158312E2,2.611050129E0,8.631000519E0,-2.299050093E0
2.449182749E2,6.366000175E0,8.583000183E0,-1.320000052E0
2.449207183E2,6.528000355E0,9.220050812E0,-4.807950020E0
2.449231620E2,2.631000042E0,1.013700008E1,-1.513950109E0
2.449256054E2,4.285050392E0,1.174605083E1,-1.861050129E0
2.449280490E2,3.235950232E0,1.023300076E1,-3.193950176E0
2.449304927E2,3.169050217E0,1.308705044E1,-1.675950050E0
2.449329362E2,5.530050278E0,1.174095058E1,-6.280950069E0
2.449353798E2,1.660950065E0,1.078605080E1,-1.870050073E0
2.449378233E2,1.225050092E0,1.065900040E1,1.540050030E0
2.449402669E2,3.579000235E0,1.026405048E1,-1.327050090E0
2.449427106E2,2.287950039E0,7.021950245E0,-6.540000439E-1
2.449451540E2,4.668000221E0,8.583000183E0,-1.413000107E0
2.449475977E2,5.559000492E0,8.650050163E0,-5.002050400E0
2.449500411E2,9.829500318E-1,8.895000458E0,-2.191050053E0
2.449524847E2,2.274000168E0,1.019205093E1,5.595000088E-2
2.449549284E2,1.702050090E0,7.875000477E0,-1.581000090E0
2.449573719E2,3.652950287E0,9.012000084E0,-1.180500090E-1
2.449598155E2,6.835050106E0,9.196050644E0,-5.293950081E0
2.449622592E2,2.575050116E0,6.804000378E0,-3.940950155E0
2.449647027E2,1.845000029E0,7.570950508E0,5.179499984E-1
2.449671463E2,4.504950047E0,6.639000416E0,-1.648050070E0
2.449695897E2,2.796000242E0,5.073000431E0,-3.604050159E0
2.449720334E2,4.927050114E0,7.053000450E0,-2.644050121E0
2.449744770E2,6.466050148E0,6.475950241E0,-5.098050117E0
2.449769205E2,2.488950014E0,6.733050346E0,-4.855950356E0
2.449793641E2,2.213999987E0,7.663950443E0,-1.051950097E0
2.449818076E2,3.130950212E0,5.950050354E0,-4.060950279E0
2.449842512E2,6.082950115E0,6.783000469E0,-5.194050312E0
2.449866949E2,9.399000168E0,7.489050388E0,-1.213995075E1
2.449891386E2,2.566050053E0,5.943000317E0,-1.222995090E1
2.449915819E2,-1.081950068E0,8.883000374E0,-2.752050161E0
2.449940256E2,2.815050125E0,5.320050240E0,-3.769050121E0
2.449964691E2,2.452950001E0,4.225950241E0,-3.514950275E0
2.449989127E2,5.734050274E0,4.198950291E0,1.567050099E0
2.450013564E2,1.022805023E1,2.107050180E0,-1.159050107E0
2.450037999E2,5.512950420E0,3.724950075E0,-3.970050097E0
2.450062435E2,2.959050179E0,6.136050224E0,-1.983000040E0
2.450086870E2,5.611050129E0,3.109950066E0,-7.353000164E0
2.450111306E2,7.018950462E0,5.998050213E0,-5.692050457E0
2.450135743E2,9.969000816E0,7.140000343E0,-4.686000347E0
2.450160177E2,1.888050079E0,6.486000538E0,-7.047000408E0
2.450184614E2,-1.378950119E0,9.369000435E0,1.698000073E0
2.450209048E2,2.005950212E0,7.306950569E0,1.573950052E0
2.450233485E2,2.736000061E0,6.211050510E0,1.426050067E0
2.450257921E2,3.547950268E0,8.569050789E0,1.974000096E0
2.450282356E2,6.514050484E0,7.546950340E0,-2.980950117E0
2.450306792E2,2.815050125E0,6.703950405E0,-5.887950420E0
2.450331229E2,3.636000156E0,1.096800041E1,-4.549950123E0
2.450355663E2,3.052050114E0,1.041300011E1,-7.593000412E0
2.450380100E2,3.655050278E0,1.022400093E1,-3.252000093E0
2.450404534E2,6.162000179E0,1.171995068E1,-7.705050468E0
2.450428970E2,2.925000191E0,1.030995083E1,-4.279050350E0
2.450453407E2,2.220000178E-1,1.080795097E1,2.005050182E0
2.450477842E2,3.222000122E0,1.144005013E1,2.190000117E-1
2.450502279E2,2.974950075E0,8.293950081E0,-2.299050093E0
2.450526713E2,3.952050209E0,7.267050266E0,-3.384000063E0
2.450551150E2,7.594050407E0,8.317950249E0,-6.118050098E0
2.450575586E2,3.166950226E0,8.698050499E0,-6.277950287E0
2.450600021E2,2.403000116E0,9.096000671E0,-4.510500133E-1
2.450624458E2,2.463000059E0,8.269950867E0,-1.480050087E0
2.450648894E2,5.149050236E0,8.348999977E0,-1.255050063E0
2.450673328E2,8.872050285E0,1.133400059E1,-5.956950188E0
2.450697765E2,3.124050140E0,8.341950417E0,-6.799950123E0
2.450722199E2,1.287000060E0,1.018995094E1,-1.483050108E0
2.450746636E2,4.263000011E0,1.034295082E1,-1.462950110E0
2.450771072E2,3.315000057E0,7.579950333E0,-2.521950006E0
2.450795507E2,5.053950310E0,9.136950493E0,-2.269950151E0
2.450819943E2,8.092050552E0,7.996950150E0,-6.240000248E0
2.450844378E2,1.656000137E0,9.309000015E0,-6.123000145E0
2.450868815E2,1.198950052E0,1.148805046E1,3.150000274E-1
2.450893251E2,2.784000158E0,8.715000153E0,-3.640050173E0
2.450917686E2,3.772950172E0,1.107600021E1,-1.377000093E0
2.450942123E2,8.656949997E0,1.184895039E1,-6.927000523E0
2.450966559E2,4.182000160E0,9.028950691E0,-7.035000324E0
2.450990993E2,4.420500100E-1,1.108095074E1,-8.430000544E-1
2.451015430E2,4.213050365E0,8.800950050E0,-1.483050108E0
2.451039864E2,3.277050257E0,7.219050407E0,-3.439050198E0
2.451064301E2,4.243950367E0,7.410000324E0,-3.211050034E0
2.451088737E2,8.508000374E0,6.127050400E0,-6.180000305E0
2.451113171E2,3.085050106E0,7.221000195E0,-6.585000515E0
2.451137608E2,1.693950057E0,7.438950539E0,4.410000145E-1
2.451162044E2,2.719050169E0,5.382000446E0,-2.032950163E0
2.451186479E2,5.527950287E0,6.426000118E0,-3.280950069E0
2.451210915E2,9.600000381E0,6.864000320E0,-8.305950165E0
2.451235352E2,4.267950058E0,4.019999981E0,-1.053105068E1
2.451259787E2,-4.399500191E-1,6.457050323E0,-1.758000135E0
2.451284223E2,2.302050114E0,4.578000069E0,-2.020500153E-1
2.451308658E2,2.997000217E0,2.764950037E0,-5.539500117E-1
2.451333094E2,4.138950348E0,5.041950226E0,2.295000076E0
2.451357531E2,7.543950558E0,4.302000046E0,-1.597050071E0
2.451381965E2,2.472000122E0,5.203050137E0,-5.280000210E0
2.451406401E2,5.740500093E-1,8.682000160E0,-8.980500698E-1
2.451430836E2,1.821000099E0,5.586000443E0,-3.316950083E0
2.451455272E2,5.266950130E0,9.105000496E0,4.605000094E-2
2.451479709E2,1.042200089E1,9.037950516E0,-5.706000328E0
2.451504144E2,4.189050198E0,8.808000565E0,-6.142050266E0
2.451528580E2,-1.909500062E-1,1.195200062E1,1.477950096E0
2.451553017E2,1.575000048E0,1.004400063E1,-1.818000078E0
2.451577451E2,3.073050261E0,8.928000450E0,-3.613050222E0
2.451601888E2,5.322000027E0,9.960000038E0,-3.151050091E0
2.451626322E2,7.603050232E0,9.639000893E0,-6.712050438E0
2.451650758E2,4.347000122E0,9.352050781E0,-5.337000370E0
2.451675195E2,3.354000092E0,1.227795029E1,-2.866050243E0
2.451699630E2,3.082950115E0,9.915000916E0,-4.087950230E0
2.451724066E2,3.291000128E0,1.084395027E1,-2.308950186E0
2.451748501E2,7.857000351E0,1.122405052E1,-8.443050385E0
2.451772937E2,3.823050261E0,9.400050163E0,-8.356950760E0
2.451797374E2,1.572000027E0,9.886050224E0,-2.742000103E0
2.451821808E2,3.628950119E0,8.931000710E0,-3.007950068E0
2.451846245E2,2.359950066E0,5.701050282E0,-2.767950058E0
2.451870681E2,5.152050018E0,4.915050030E0,-2.050050020E0
2.451895116E2,8.134950638E0,5.334000111E0,-5.797050476E0
2.451919552E2,2.962950230E0,4.486950397E0,-4.738950253E0
2.451943987E2,2.992050171E0,7.048950195E0,2.898000240E0
2.451968424E2,2.845950127E0,3.769050121E0,1.399500072E-1
2.451992860E2,6.472950459E0,7.096950531E0,-4.290000200E-1
2.452017294E2,7.873950481E0,7.848000526E0,-4.387050152E0
2.452041730E2,1.134000063E0,6.508050442E0,-5.529000282E0
2.452066165E2,-7.729500532E-1,8.932950020E0,-2.400000095E-1
2.452090602E2,2.326050043E0,6.967050552E0,-1.174050093E0
2.452115038E2,9.930000305E-1,6.424050331E0,-2.275050163E0
2.452139473E2,3.603000164E0,6.970050335E0,-2.541000128E0
2.452163909E2,6.732000351E0,4.924950123E0,-6.466950417E0
2.452188346E2,9.310500622E-1,6.859950542E0,-3.616050243E0
2.452212781E2,1.218000054E0,9.261000633E0,1.042050004E0
2.452237216E2,2.494050026E0,6.466950417E0,-1.777050138E0
2.452261653E2,6.607050419E0,1.008900070E1,-3.331050158E0
2.452286088E2,8.121000290E0,1.004400063E1,-9.702000618E0
2.452310524E2,1.564950109E0,9.402000427E0,-6.484050274E0
2.452334959E2,2.530499995E-1,1.178205013E1,4.290000200E-1
2.452359395E2,1.849950075E0,9.967050552E0,7.309500575E-1
2.452383832E2,1.354050040E0,9.778050423E0,4.395000264E-2
2.452408266E2,4.297049999E0,1.062600040E1,3.195000067E-2
2.452432703E2,5.832000256E0,1.002705002E1,-4.806000233E0
2.452457139E2,2.362050056E0,9.808950424E0,-3.055950165E0
2.452481574E2,3.945000172E0,1.080795097E1,-8.670000434E-1
2.452506010E2,3.576000214E0,1.005405045E1,-3.063000202E0
2.452530445E2,9.040050507E0,1.246500015E1,-3.838950157E0
2.452554881E2,8.824950218E0,1.297500038E1,-1.186905098E1
2.452579318E2,2.596950054E0,1.097805023E1,-7.882050514E0
2.452603752E2,1.660950065E0,1.216500092E1,-3.241950035E0
2.452628189E2,3.627000093E0,1.003905010E1,-3.930000305E0
2.452652623E2,2.278950214E0,8.047050476E0,-3.771000147E0
2.452677059E2,6.253050327E0,7.422000408E0,-4.369950294E0
2.452701496E2,7.105050564E0,7.639950275E0,-7.734000206E0
2.452725931E2,2.182950020E0,7.255050182E0,-4.486950397E0
2.452750367E2,2.122950077E0,6.472050190E0,3.340500295E-1
2.452774804E2,1.929000139E0,5.241000175E0,-1.819500029E-1
2.452799238E2,4.146000385E0,9.235050201E0,1.780500114E-1
2.452823675E2,4.692000389E0,6.747000217E0,-4.360050201E0
2.452848109E2,3.199500144E-1,5.965950489E0,-2.335050106E0
2.452872545E2,4.999500215E-1,7.635000229E0,2.259000063E0
2.452896982E2,4.129050255E0,3.157950163E0,-3.537000179E0
2.452921417E2,2.535000086E0,5.100000381E0,-3.630000114E0
2.452945853E2,6.931050301E0,4.690050125E0,-3.288000107E0
2.452970288E2,5.608950138E0,3.226950169E0,-7.291050434E0
2.452994725E2,6.859500408E-1,7.258950233E0,-1.767000079E0
2.453019161E2,1.942950130E0,6.405000210E0,1.525950074E0
2.453043595E2,3.238950253E0,5.350950241E0,-3.430500031E-1
2.453068031E2,1.108695030E1,7.530000210E0,-6.721050262E0
2.453092466E2,6.958950520E0,5.278950214E0,-1.425405025E1
2.453116903E2,-6.679500341E-1,9.022050858E0,-8.388000488E0
2.453141339E2,2.889000177E0,8.710050583E0,-2.761050224E0
2.453165774E2,4.905000210E0,6.121950150E0,-2.770950079E0
2.453190211E2,2.434050083E0,8.269950867E0,1.330500096E-1
2.453214647E2,8.908050537E0,7.594950199E0,3.600000143E-1
2.453239082E2,7.014000416E0,8.361000061E0,-5.878050327E0
2.453263518E2,1.648950100E0,1.182495022E1,-7.789500356E-1
2.453287953E2,4.350000322E-1,1.137795067E1,-1.015950084E0
2.453312390E2,1.414050102E0,1.139895058E1,-2.016000032E0
2.453336826E2,8.130000114E0,1.411695099E1,-9.130050659E0
2.453361260E2,6.658050537E0,1.202895069E1,-9.340950012E0
2.453385696E2,1.963050127E0,1.180905056E1,-3.448050261E0
2.453410133E2,2.410050154E0,1.252395058E1,-1.645050049E0
2.453434568E2,3.888000250E0,1.221300030E1,-1.495050073E0
2.453459004E2,4.407000065E0,1.071195030E1,-6.300000101E-2
2.453483441E2,5.556000233E0,1.006800079E1,-5.244000435E0
2.453507876E2,3.298950195E0,8.239050865E0,-7.272000313E0
2.453532310E2,2.602050066E0,9.879000664E0,-3.843000174E0
2.453556746E2,3.129000187E0,7.963050365E0,-4.012950420E0
2.453581182E2,3.097050190E0,7.252050400E0,-1.308000088E0
2.453605619E2,7.635000229E0,1.018500042E1,-3.646950245E0
2.453630054E2,3.174000263E0,7.755000591E0,-4.984950066E0
2.453654490E2,1.230000019E0,4.141950130E0,3.039000034E0
2.453678925E2,6.619500518E-1,7.222950459E0,3.784050226E0
2.453703361E2,1.519500017E-1,2.914050102E0,1.651050091E0
2.453727798E2,2.515950203E0,3.751950264E0,1.086000085E0
2.453752233E2,5.049000263E0,5.040000439E0,-1.404000044E0
2.453776669E2,2.247000217E0,3.013950109E0,-2.878050089E0
2.453801106E2,2.556000233E0,7.030050278E0,-1.609500051E-1
2.453825540E2,2.065050125E0,5.088000298E0,-1.390500069E-1
2.453849976E2,5.431950092E0,7.705050468E0,-3.310500085E-1
2.453874411E2,9.763050079E0,1.002705002E1,-7.312950134E0
2.453898847E2,3.222000122E0,6.891000271E0,-9.982050896E0
2.453923284E2,8.200500607E-1,9.891000748E0,-6.274050236E0
2.453947719E2,4.210950375E0,7.111050129E0,-7.305000305E0
2.453972155E2,4.110000134E0,4.947000027E0,-8.344950676E0
2.453996589E2,5.250000477E0,6.313950062E0,-7.681050301E0
2.454021026E2,6.556950092E0,4.681050301E0,-6.205950260E0
2.454045463E2,1.708950043E0,4.848000050E0,-5.910000324E0
2.454069897E2,2.527950048E0,5.883000374E0,-1.231050014E0
2.454094334E2,2.968050241E0,2.722050190E0,-4.078050137E0
2.454118770E2,6.306000233E0,6.766050339E0,-1.890000105E0
2.454143205E2,9.085950851E0,4.924950123E0,-1.557000041E0
2.454167641E2,2.812050104E0,5.338950157E0,-7.429500222E-1
2.454192076E2,2.046000004E0,6.409050465E0,-1.662000060E0
2.454216513E2,8.049000740E0,2.682000160E0,-9.870000839E0
2.454240949E2,7.054950237E0,2.533050060E0,-1.559895039E1
2.454265383E2,5.947050095E0,3.139050245E0,-1.137300014E1
2.454289820E2,7.797000408E0,3.514950275E0,-8.317950249E0
2.454314254E2,2.271000147E0,4.567950249E0,-6.502950191E0
2.454338691E2,3.363000154E0,6.490950108E0,-2.473950148E0
2.454363127E2,3.174000263E0,6.601050377E0,-1.593000054E0
2.454387562E2,3.243000269E0,1.003200054E1,4.746000290E0
2.454411999E2,4.543950081E0,1.027395058E1,5.110050201E0
2.454436433E2,3.469050169E0,8.545050621E0,4.320000172E0
2.454460870E2,1.797000051E0,1.178505039E1,-7.399500608E-1
2.454485306E2,2.829000235E0,1.150200081E1,7.960500121E-1
2.454509740E2,1.687050104E0,8.215050697E0,4.579500258E-1
2.454534177E2,7.819500566E-1,7.426950455E0,-1.552050114E0
2.454558613E2,1.026000023E0,1.023300076E1,1.746000051E0
2.454583048E2,1.359000087E0,8.839950562E0,2.280000150E-1
2.454607484E2,1.780950069E0,9.430950165E0,-1.588050127E0
2.454631921E2,8.781000137E0,6.718050480E0,-1.159050107E0
2.454656356E2,1.100595093E1,9.928950310E0,-1.912800026E1
2.454680792E2,6.556950092E0,9.915000916E0,-1.946400070E1
2.454705227E2,9.550500512E-1,7.140000343E0,-9.963000298E0
2.454729663E2,8.779500127E-1,7.207050323E0,-7.669500113E-1
2.454754100E2,3.490500152E-1,9.280050278E0,3.364950180E0
2.454778534E2,-4.399500191E-1,5.298000336E0,3.754950285E0
2.454802970E2,4.503000259E0,5.157000065E0,6.601950169E0
2.454827407E2,5.488950253E0,5.121000290E0,-1.441950083E0
2.454851842E2,8.142000198E0,6.511950493E0,-9.529500604E-1
2.454876278E2,5.359950066E0,7.875000477E0,-5.196000099E0
2.454900713E2,4.963050365E0,1.037895012E1,-2.494950056E0
2.454925149E2,9.166950226E0,1.429095078E1,-8.416049957E0
2.454949586E2,2.736000061E0,1.136595058E1,-1.078200054E1
2.454974020E2,-3.450000286E-1,1.266600037E1,-4.353000164E0
2.454998456E2,1.732950091E0,1.162395096E1,-3.156000137E0
2.455022893E2,2.358000040E0,9.828000069E0,-3.123000145E0
2.455047327E2,5.722050190E0,9.928950310E0,-3.012000084E0
2.455071764E2,8.017950058E0,9.141000748E0,-5.481000423E0
2.455096199E2,2.568000078E0,1.019505024E1,-1.629000068E0
2.455120635E2,1.362000108E0,1.285695076E1,3.934950113E0
2.455145072E2,2.002950191E0,1.043895054E1,1.305000018E-2
2.455169506E2,1.783050060E0,1.439895058E1,-1.243050098E0
2.455193942E2,6.940050125E0,1.522800064E1,-4.332000256E0
2.455218377E2,3.430050135E0,1.276095104E1,-4.614000320E0
2.455242814E2,5.950500369E-1,1.281705093E1,2.599050045E0
2.455267250E2,2.422049999E0,1.103505039E1,1.450500041E-1
2.455291685E2,2.887050152E0,1.228005028E1,-1.699950099E0
2.455316121E2,2.563050032E0,1.325505066E1,1.123950005E0
2.455340558E2,4.171950340E0,1.344405079E1,3.448950052E0
2.455364992E2,4.041000366E0,1.040805054E1,-3.034050226E0
2.455389429E2,8.491950035E0,1.105905056E1,-7.981050491E0
2.455413863E2,3.732000113E0,9.001950264E0,-8.160000801E0
2.455438300E2,6.399000168E0,9.951000214E0,-8.778000832E0
2.455462736E2,7.171950340E0,9.808950424E0,-1.245105076E1
2.455487171E2,2.560950041E0,5.109000206E0,-9.429000854E0
2.455511607E2,1.912050128E0,3.976950169E0,-3.558000088E0
2.455536042E2,2.074949980E0,2.950050116E0,-4.237950325E0
2.455560479E2,2.230950117E0,3.061950207E0,-1.960950136E0
2.455584915E2,7.084050179E0,6.886050224E0,3.541950226E0
2.455609349E2,1.560000062E0,4.330950260E0,-6.570000052E-1
2.455633785E2,-1.039050102E0,5.806050301E0,3.505950212E0
2.455658220E2,-2.923050165E0,8.764950752E0,5.836050510E0
2.455682657E2,3.030000210E0,3.388050079E0,-9.580500722E-1
2.455707093E2,9.859050751E0,8.844000816E0,-5.284950256E0
2.455731530E2,1.074195004E1,6.040950298E0,-7.650000572E0
2.455755964E2,7.431000233E0,7.482000351E0,-1.450995064E1
2.455780401E2,1.713000059E0,1.198605061E1,-1.454295063E1
2.455804835E2,1.000500023E-1,9.667950630E0,7.143000126E0
2.455829271E2,1.297050118E0,1.375695038E1,4.734000206E0
2.455853708E2,4.108050346E0,1.436595058E1,1.323000073E0
2.455878143E2,3.235950232E0,1.159995079E1,-2.470500171E-1
2.455902579E2,2.506050110E0,1.366200066E1,1.995000124E0
2.455927014E2,3.753000259E0,1.501005077E1,3.055950165E0
2.455951451E2,4.857000351E0,1.442100048E1,3.499500155E-1
2.455975887E2,1.325205040E1,1.502895069E1,-1.270695019E1
2.456000321E2,4.884000301E0,1.088205051E1,-1.768200111E1
2.456024757E2,2.736000061E0,9.694050789E0,-1.467300034E1
2.456049194E2,2.494050026E0,8.404050827E0,-1.193100071E1
2.456073629E2,6.670500040E-1,4.923000336E0,-1.020300007E1
2.456098065E2,3.592950106E0,3.694050074E0,-7.633050442E0
2.456122500E2,2.877000093E0,4.848000050E0,-6.208950520E0
2.456146936E2,-1.479000092E0,4.278000355E0,5.364000320E0
2.456171373E2,2.190000117E-1,1.876950145E0,9.199950218E0
2.456195807E2,4.639500082E-1,5.389500260E-1,6.343050480E0
2.456220244E2,2.221050024E0,3.606000185E0,7.380000353E-1
2.456244678E2,6.919050217E0,2.928000212E0,7.744050503E0
2.456269115E2,5.461050034E0,1.120500043E-1,1.143000007E0
2.456293551E2,7.768950462E0,-2.100000083E-1,-2.251049995E0
2.456317986E2,9.547950745E0,-5.640000105E-1,-1.440495110E1
2.456342423E2,4.085999966E0,2.514000177E0,-1.412895107E1
2.456366857E2,3.946950197E0,4.501049995E0,-2.146050215E0
2.456391294E2,8.280000687E-1,5.751000404E0,-3.400500119E-1
2.456415730E2,7.095000148E-2,1.178205013E1,6.795000285E-2
2.456440164E2,1.564950109E0,1.163895035E1,3.223950148E0
2.456464600E2,2.092050076E0,9.025950432E0,2.236950159E0
2.456489037E2,2.407950163E0,1.358295059E1,2.280000150E-1
2.456513472E2,4.639050007E0,1.654905128E1,4.488000393E0
2.456537908E2,9.088050842E0,1.110705090E1,-2.622000217E0
2.456562343E2,7.285050392E0,1.123395061E1,-1.186200047E1
2.456586780E2,7.030950546E0,1.117200089E1,-1.346100044E1
2.456611216E2,4.668000221E0,1.186395073E1,-1.282395077E1
2.456635650E2,4.411950111E0,1.180905056E1,-8.188950539E0
2.456660087E2,2.745000124E0,9.619950294E0,-5.923950195E0
2.456684521E2,4.576950073E0,9.346950531E0,-3.016950130E0
2.456708958E2,3.172050238E0,8.104949951E0,-4.699500203E-1
2.456733394E2,7.933950424E0,8.083050728E0,-7.519500256E-1
2.456757831E2,1.022805023E1,1.353495026E1,-6.843000412E0
2.456782266E2,4.443000317E0,1.059000015E1,-8.553000450E0
2.456806702E2,2.407950163E0,9.052950859E0,-4.794000149E0
2.456831137E2,1.845000029E0,1.037400055E1,-2.419050217E0
2.456855573E2,1.564950109E0,7.611000538E0,-1.723950028E0
2.456880007E2,6.955050468E0,9.709050179E0,7.219500542E-1
2.456904444E2,6.118950367E0,5.623950481E0,-5.404050350E0
2.456928880E2,3.412950277E0,6.354000092E0,-4.309950352E0
2.456953315E2,3.538050175E0,5.454000473E0,-2.725050211E0
2.456977751E2,3.610050201E0,4.360050201E0,-2.935950041E0
2.457002188E2,1.050105095E1,7.321950436E0,-8.566950798E0
2.457026623E2,6.933000565E0,5.286000252E0,-1.316400051E1
2.457051059E2,1.000500023E-1,6.129000187E0,-5.554950237E0
2.457075494E2,1.362000108E0,7.470000267E0,-2.004000187E0
2.457099931E2,1.500000119E0,4.788000107E0,-9.060000181E-1
2.457124367E2,3.823050261E0,5.737050056E0,-2.760000229E-1
2.457148801E2,7.929000378E0,3.214950085E0,-1.210050106E0
2.457173237E2,3.765000105E0,1.708950043E0,-2.799000025E0
2.457197674E2,2.086950064E0,4.696950436E0,-1.650000095E0
2.457222109E2,7.990500331E-1,3.670050144E0,-1.680000126E-1
2.457246545E2,4.635000229E0,4.222949982E0,1.717950106E0
2.457270982E2,1.147995090E1,6.187050343E0,-3.208950043E0
2.457295416E2,3.769950151E0,2.416050196E0,-7.108950138E0
2.457319853E2,1.395000100E0,8.039999962E0,-5.493000031E0
2.457344287E2,5.542050362E0,6.562950134E0,-8.989050865E0
2.457368724E2,3.313050270E0,4.410000324E0,-7.854000568E0
2.457393161E2,6.205050468E0,6.514950275E0,-5.359050274E0
2.457417595E2,7.951050282E0,1.768950105E0,-6.558000088E0
2.457442031E2,5.841000080E0,6.607950211E0,-5.869050503E0
2.457466466E2,9.162000656E0,6.943050385E0,-1.138050079E0
2.457490902E2,4.897950172E0,6.373050213E0,-3.160950184E0
2.457515339E2,7.900050163E0,1.189200020E1,-4.858050346E0
2.457539774E2,9.415950775E0,1.156395054E1,-7.297950268E0
2.457564211E2,1.072050095E0,1.258905029E1,-8.107950211E0
2.457588644E2,-9.379500151E-1,1.519605064E1,1.555050015E0
2.457613081E2,8.640000224E-1,1.381695080E1,6.970950127E0
2.457637518E2,1.615050077E0,1.460295105E1,-7.210500240E-1
2.457661952E2,2.728950024E0,1.675304985E1,1.350000054E-1
2.457686388E2,5.197050095E0,1.415700054E1,4.228950024E0
2.457710825E2,3.097050190E0,1.445895100E1,-2.902050257E0
2.457735260E2,3.325050116E0,1.522305107E1,-4.276950359E0
2.457759696E2,2.335950136E0,1.253595066E1,-3.337950230E0
2.457784131E2,2.989950180E0,1.247700024E1,-3.919950247E0
2.457808568E2,8.560500145E-1,9.760950089E0,-7.399050236E0
2.457833004E2,-4.330500066E-1,3.559950113E0,-1.353000045E0
2.457857438E2,1.065000057E0,3.685050249E0,-2.850000143E0
2.457881875E2,1.170000076E0,6.541050434E0,-7.140000343E0
2.457906309E2,8.179500103E-1,2.683950186E0,-2.209500074E-1
2.457930746E2,9.499500394E-1,2.931000233E0,-2.809500098E-1
2.457955182E2,-1.950000064E-3,1.767000079E0,-2.311050177E0
2.457979619E2,3.340500295E-1,1.389000058E0,1.428000093E0
2.458004054E2,3.172050238E0,4.590000153E0,4.132950306E0
2.458028490E2,5.839050293E0,1.027395058E1,3.106050253E0
2.458052925E2,8.722050667E0,9.187050819E0,5.520000458E0
2.458077361E2,5.133000374E0,2.848950148E0,2.845050097E0
2.458101798E2,4.132050037E0,4.744950294E0,2.809050083E0
2.458126232E2,5.902950287E0,1.249095058E1,8.820000291E-1
2.458150668E2,7.860000610E0,7.824000359E0,-1.350405025E1
2.458175103E2,1.110405064E1,4.726050377E0,-2.367795181E1
2.458199539E2,7.548000336E0,4.087049961E0,-2.279400063E1
2.458223976E2,1.141050100E0,7.872000217E0,-1.483995056E1
2.458248411E2,1.620000124E0,7.780950546E0,-9.348000526E0
2.458272847E2,5.677950382E0,5.872950077E0,-7.083000183E0
2.458297282E2,1.164705086E1,9.306000710E0,-6.727950096E0
2.458321719E2,8.929950714E0,9.013950348E0,-6.295050144E0
2.458346155E2,2.370000124E0,8.725049973E0,-8.149500489E-1
2.458370589E2,4.582050323E0,1.146900082E1,1.476000071E0
2.458395025E2,3.504000187E0,9.373950005E0,-1.044000030E0
2.458419462E2,3.583050251E0,9.216000557E0,1.267050028E0
2.458443897E2,6.004050255E0,9.172050476E0,-1.300950050E0
2.458468333E2,2.331000090E0,9.556050301E0,-1.016205025E1
2.458492768E2,-9.000000544E-3,1.200195026E1,-1.819950104E0
2.458517204E2,-8.449500203E-1,1.112400055E1,4.459050179E0
2.458541641E2,1.549500078E-1,1.220100021E1,1.797000051E0
2.458566075E2,1.263000011E0,1.735800171E1,-1.947000146E0
2.458590512E2,3.295950174E0,1.335000038E1,3.367050171E0
2.458614949E2,1.471950054E0,8.092950821E0,2.431050062E0
2.458639382E2,2.404950142E0,1.030500031E1,-1.126049995E0
2.458663819E2,5.013000011E0,1.229505062E1,-7.432050228E0
2.458688254E2,9.262950897E0,9.067049980E0,-1.191900063E1
2.458712691E2,5.788950443E0,8.799000740E0,-1.282905102E1
2.458737127E2,2.034000158E0,1.190205097E1,-2.731950045E0
2.458761562E2,3.342000246E0,1.320195103E1,2.143949986E0
2.458785998E2,3.876000166E0,1.259100056E1,1.591050029E0
2.458810432E2,2.206950188E0,1.183005047E1,-7.519500256E-1
2.458834869E2,2.881950140E0,1.330305099E1,1.963950038E0
2.458859305E2,4.849500358E-1,1.086795044E1,1.279500127E-1
2.458883740E2,-8.805000782E-2,8.068950653E0,-4.960500300E-1
2.458908176E2,-2.110500038E-1,4.113000393E0,1.677000046E0
2.458932613E2,-1.111050010E0,5.902050495E0,-1.257000089E0
2.458957048E2,-6.220500469E-1,1.311105061E1,5.686950207E0
2.458981484E2,3.299999982E-2,4.245000362E0,2.046000004E0
2.459005918E2,-4.930500090E-1,3.973950148E0,-1.369950056E0
2.459030355E2,6.529500484E-1,6.912000179E0,3.649500310E-1
2.459054791E2,4.969950199E0,3.361050129E0,4.057050228E0
2.459079226E2,1.814295006E1,1.614000082E0,-1.791495132E1
2.459103662E2,1.000995064E1,-1.759500057E-1,-2.840205193E1
2.459128097E2,1.165050030E0,1.198950052E0,-2.117805099E1
2.459152534E2,-1.438950062E0,1.369050026E0,-8.509950638E0
2.459176970E2,-2.170950174E0,6.420000196E-1,1.777050138E0
2.459201405E2,-4.690500200E-1,2.113950014E0,8.778000832E0
2.459225841E2,1.930950046E0,2.899050236E0,8.544000626E0
2.459250275E2,3.112050056E0,3.936000109E0,8.335050583E0
2.459274712E2,7.078950405E0,9.784950256E0,7.864050388E0
2.459299148E2,1.359600067E1,8.317950249E0,1.957050085E0
2.459323585E2,1.991205025E1,5.088000298E0,-1.137600040E1
2.459348020E2,2.394195175E1,8.595000267E0,-3.125100136E1
2.459372456E2,9.138000488E0,1.024500084E1,-3.695895004E1
2.459396891E2,4.759050369E0,9.691950798E0,-2.530800056E1
2.459421327E2,1.645950079E0,1.268205070E1,-2.735805130E1
2.459445764E2,2.460000068E-1,1.013505077E1,-2.131050110E0
2.459470199E2,3.178950071E0,2.218500137E1,8.019000053E0
2.459494635E2,6.271950245E0,1.813199997E1,1.182195091E1
2.459519069E2,7.270500064E-1,8.855999947E0,-3.307050228E0
2.459543506E2,4.330500066E-1,1.387200069E1,2.019000053E0
2.459567942E2,-2.422950029E0,1.497900105E1,2.083950043E0
2.459592377E2,-3.871050119E0,1.093905067E1,-2.040000200E0
2.459616813E2,-4.288050175E0,1.265895081E1,2.599050045E0
2.459641250E2,-4.123050213E0,8.914050102E0,3.766950130E0
2.459665685E2,-2.344050169E0,7.750050545E0,4.834950447E0
2.459690121E2,1.000500023E-1,4.992000103E0,3.691050291E0
2.459714555E2,2.506050110E0,5.065950394E0,4.720050335E0
2.459738992E2,2.731050014E0,4.444050312E0,7.480950356E0
2.459763428E2,2.631000042E0,1.906050086E0,5.770950317E0
2.459787863E2,3.172050238E0,2.071050167E0,5.575050354E0
2.459812299E2,2.616000175E0,2.111999989E0,3.334050179E0
2.459836734E2,2.767050028E0,4.021950245E0,3.054000139E0
2.459861170E2,4.651050091E0,5.089950085E0,5.782950401E0
2.459885607E2,2.683050156E0,4.594950199E0,5.388000488E0
2.459910041E2,2.266950130E0,7.345950127E0,2.623050213E0
2.459934478E2,3.178950071E0,7.888950348E0,-8.890500665E-1
2.459958915E2,9.880500436E-1,6.249000072E0,-5.208000183E0
2.459983349E2,1.254000068E0,1.034595013E1,3.523050070E0
2.460007785E2,1.168050051E0,9.382950783E0,7.729950428E0
2.460032220E2,2.755050182E0,4.939050198E0,6.592050076E0
2.460056657E2,2.552205086E1,4.405050278E0,-3.084000111E0
2.460081093E2,1.705605125E1,4.386000156E0,-4.628205109E1
2.460105528E2,2.302500153E1,-5.569500327E-1,-5.615805435E1
2.460129964E2,5.398050308E0,4.935000420E0,-4.233900070E1
2.460154398E2,-5.509500504E-1,4.638000011E0,-2.097705078E1
2.460178835E2,2.509500086E-1,3.294000149E0,-4.432050228E0
2.460203271E2,8.989500403E-1,2.731950045E0,2.248950005E0
2.460227706E2,2.580000162E0,1.669799995E1,1.477605057E1
2.460252143E2,3.259950161E0,1.352295017E1,3.097050190E0
2.460276579E2,-6.490500569E-1,1.659000039E0,-7.200000435E-2
2.460301014E2,8.400000334E-1,1.963050127E0,1.222050071E0
2.460325450E2,3.913950205E0,9.271050453E0,4.288949966E0
2.460349884E2,3.673950195E0,1.087500095E1,5.707050323E0
2.460374321E2,6.193050385E0,4.651950359E0,3.565950155E0
2.460398757E2,6.217050076E0,2.437050104E0,-3.534000158E0
2.460423192E2,9.483000755E0,5.107050419E0,9.390000701E-1
2.460447628E2,4.975050449E0,6.747000217E0,-1.320000052E0
2.460472063E2,4.330500066E-1,1.047495079E1,-1.000605011E1
2.460496500E2,6.502050400E0,8.385000229E0,-1.341000080E0
2.460520936E2,2.455950022E0,1.014495087E1,-4.642950058E0
2.460545371E2,2.736000061E0,1.333095074E1,-1.813050032E0
2.460569807E2,6.403950214E0,1.605405045E1,3.090000153E0
2.460594244E2,5.974950314E0,1.436100101E1,-7.500000298E-2
2.460618678E2,5.266950130E0,1.784895134E1,-4.167000294E0
2.460643114E2,6.732000351E0,1.786095047E1,-7.200000435E-2
2.460667551E2,2.755050182E0,1.648200035E1,-2.911950111E0
2.460691986E2,2.425050020E0,1.474605083E1,-2.661000013E0
2.460716422E2,7.609500289E-1,1.032195091E1,-4.819500148E-1
2.460740857E2,7.489500642E-1,9.156000137E0,-3.223050117E0
2.460765293E2,2.563050032E0,1.126305008E1,3.681000233E0
2.460789730E2,1.933950067E0,7.506000519E0,3.000000026E-3
2.460814164E2,9.310500622E-1,5.124000072E0,-9.289500713E-1
2.460838601E2,7.990500331E-1,4.506000042E0,2.163000107E0
2.460863038E2,1.399500072E-1,1.245000005E0,7.020000219E-1
2.460887472E2,1.963050127E0,4.309500158E-1,4.215000153E0
2.460911908E2,5.772000313E0,8.880000114E0,4.650000334E-1
2.460936343E2,1.034505081E1,1.209300041E1,-1.019505024E1
2.460960779E2,9.789000511E0,-7.800000310E-1,-1.549200058E1
2.460985216E2,3.142950058E0,2.473050117E0,-1.542000103E1
2.461009651E2,5.041950226E0,6.826050282E0,-1.588695049E1
2.461034087E2,5.362050056E0,4.767000198E0,-1.029405022E1
2.461058522E2,2.757000208E0,6.429000378E0,-1.729050040E0
2.461082958E2,2.491950035E0,3.393000126E0,-7.590000629E-1
2.461107395E2,6.852000237E0,6.850050449E0,-6.420000076E0
2.461131829E2,1.214295101E1,8.068950653E0,-8.110050201E0
2.461156265E2,4.579050064E0,3.915000200E0,-7.344000340E0
2.461180702E2,1.219950080E0,6.280050278E0,-1.143300056E1
2.461205137E2,5.275950432E0,3.543000221E0,-1.372905064E1
2.461229573E2,5.986950397E0,-3.705000132E-2,-1.191195011E1
2.461254008E2,7.399950504E0,2.008949995E0,-5.662950039E0
2.461278445E2,7.146000385E0,3.282000065E0,2.187000036E0
2.461302881E2,4.618050098E0,7.173000336E0,-5.509500504E-1
2.461327315E2,3.789000273E0,7.884000301E0,1.306050062E0
2.461351751E2,3.208050251E0,7.840950489E0,-1.270500124E-1
2.461376186E2,7.029000282E0,1.125300026E1,-2.323050022E0
2.461400623E2,4.783050060E0,9.862050056E0,7.800000161E-2
2.461425059E2,4.609500170E-1,9.790050507E0,2.701950073E0
2.461449494E2,1.101000071E0,9.856950760E0,2.680050135E0
2.461473930E2,3.102000237E0,1.140405083E1,6.570000052E-1
2.461498367E2,2.700000048E0,1.311600018E1,-3.487050056E0
2.461522801E2,2.853000164E0,1.167705059E1,3.247950077E0
2.461547237E2,2.443950176E0,1.011600018E1,2.074050188E0
2.461571672E2,1.693950057E0,1.239795017E1,-2.550000191E0
2.461596109E2,3.559050083E0,1.434195042E1,-2.377950191E0
2.461620545E2,3.190950155E0,1.657995033E1,3.000000119E-2
2.461644980E2,4.219950199E0,1.497405052E1,1.018050075E0
2.461669416E2,1.024049997E0,1.144005013E1,-1.506000042E0
2.461693851E2,2.395950079E0,1.310595036E1,-4.114050388E0
2.461718288E2,2.116050005E0,1.470300102E1,-1.229505062E1
2.461742724E2,9.810000658E-1,9.880950928E0,-6.159000397E0
2.461767158E2,1.230000019E0,1.100595093E1,-4.801050186E0
2.461791594E2,8.200500607E-1,1.042500019E1,-1.120950103E0
2.461816029E2,4.905000329E-2,8.072999954E0,9.730500579E-1
2.461840466E2,1.906950116E0,7.555950165E0,3.367050171E0
2.461864902E2,1.588950038E0,7.053000450E0,-4.789500237E-1
2.461889339E2,1.033995056E1,1.014495087E1,-5.164950371E0
2.461913774E2,5.640000343E0,7.993950367E0,-8.194050789E0
2.461938210E2,6.109050274E0,4.111050129E0,-5.847000122E0
2.461962645E2,6.483000278E0,7.681050301E0,-7.176000118E0
2.461987081E2,3.163950205E0,5.938050270E0,-4.843950272E0
2.462011518E2,6.880050182E0,7.918050289E0,-4.449000359E0
2.462035952E2,6.006000519E0,5.538000107E0,-8.641050339E0
2.462060388E2,1.633950114E0,5.200050354E0,-6.163050175E0
2.462084823E2,2.326050043E0,5.658000469E0,-1.240950108E0
2.462109260E2,3.133050203E0,5.715000153E0,8.680500388E-1
2.462133696E2,1.049100018E1,8.338950157E0,8.820000291E-1
2.462158131E2,9.315000534E0,5.385000229E0,-7.032000542E0
2.462182567E2,1.993950129E0,8.370000839E0,-6.208950520E0
2.462207004E2,3.025950193E0,8.657999992E0,-5.661000252E0
2.462231438E2,3.274950266E0,5.638050079E0,-9.016950607E0
2.462255875E2,5.551950455E0,9.235050201E0,-5.197950363E0
2.462280309E2,1.020600033E1,7.366950512E0,-4.609050274E0
2.462304745E2,2.689950228E0,9.462000847E0,-7.825050354E0
2.462329182E2,9.780000448E-1,1.075995064E1,1.947000146E0
2.462353617E2,-3.490500152E-1,1.033605003E1,4.387050152E0
2.462378053E2,7.060500383E-1,1.252395058E1,-1.678950071E0
2.462402488E2,8.664000511E0,1.506195068E1,3.910500109E-1
2.462426924E2,3.178950071E0,1.166505051E1,-6.336000443E0
2.462451361E2,3.484950066E0,1.376895046E1,-4.891950130E0
2.462475795E2,2.812050104E0,1.374795055E1,-6.939000130E0
2.462500232E2,2.470050097E0,1.119795036E1,7.720500231E-1
2.462524666E2,3.885000229E0,1.198605061E1,-2.787000179E0
2.462549103E2,2.530050039E0,1.258395100E1,-5.457000256E0
2.462573539E2,5.001000404E0,1.219200039E1,-2.785050154E0
2.462597974E2,3.885000229E0,9.759000778E0,-4.201950073E0
2.462622411E2,4.600950241E0,7.425000191E0,-4.480500221E-1
2.462646847E2,9.250950813E0,8.880000114E0,-9.831000328E0
2.462671282E2,5.242950439E0,8.230950356E0,-9.894000053E0
2.462695718E2,2.382000208E0,5.619000435E0,-6.204000473E0
2.462720153E2,2.121000051E0,5.895000458E0,-3.295050144E0
2.462744589E2,-1.549500078E-1,2.278950214E0,7.099500299E-1
2.462769026E2,2.994000196E0,2.073000193E0,9.510000348E-1
2.462793460E2,2.472000122E0,4.578000069E0,4.560000300E-1
2.462817897E2,-7.879500389E-1,1.855050087E0,2.017050028E0
2.462842333E2,1.279950023E0,2.503950119E0,6.316950321E0
2.462866768E2,-3.490500152E-1,2.707950115E0,-5.595000088E-2
2.462891204E2,7.528950214E0,6.687000275E0,-2.236950159E0
2.462915638E2,5.395950317E0,1.389000058E0,-6.843000412E0
2.462940075E2,-7.969500422E-1,1.053000093E0,-7.461000443E0
2.462964512E2,3.990000188E-1,2.824950218E0,-5.998050213E0
2.462988946E2,3.241050243E0,-3.700500131E-1,-9.297000885E0
2.463013382E2,5.451000214E0,3.655950069E0,-8.730000496E0
2.463037817E2,7.666050434E0,1.221000075E0,-2.995950222E0
2.463062254E2,5.158950329E0,4.999500215E-1,-8.170500398E-1
2.463086690E2,3.757950068E0,4.180050373E0,-2.397000074E0
2.463111127E2,4.137000084E0,3.322950125E0,-3.991950274E0
2.463135561E2,1.088595009E1,5.488050461E0,-5.266050339E0
2.463159998E2,1.149705029E1,6.964950562E0,-4.708050251E0
2.463184432E2,3.660000086E0,4.927050114E0,-7.531050205E0
2.463208869E2,4.371000290E0,8.406000137E0,-1.080405045E1
2.463233306E2,4.639050007E0,6.108000278E0,-1.349700069E1
2.463257740E2,3.739050150E0,9.759000778E0,-1.236495018E1
2.463282176E2,7.222950459E0,7.795950413E0,-4.921050072E0
2.463306611E2,8.200500607E-1,7.156050205E0,-1.570950031E0
2.463331047E2,4.369500279E-1,9.180000305E0,4.248000145E0
2.463355484E2,1.669950128E0,8.715000153E0,5.532000065E0
2.463379919E2,2.290950060E0,1.173705101E1,-2.092950106E0
2.463404355E2,3.907050133E0,1.360200024E1,3.355050087E0
2.463428789E2,2.989950180E0,1.092495060E1,3.540000200E0
2.463453226E2,1.072050095E0,1.069995022E1,-1.032000065E0
2.463477663E2,2.245050192E0,1.091100025E1,-2.179500163E-1
2.463502097E2,2.470050097E0,1.033395004E1,-1.198050022E0
2.463526533E2,5.800950050E0,1.223505020E1,3.288000107E0
2.463550970E2,7.732950211E0,8.014050484E0,-9.810000420E0
2.463575405E2,4.563000202E0,7.216050148E0,-1.174905014E1
2.463599841E2,3.282000065E0,8.047050476E0,-1.365300083E1
2.463624276E2,4.219950199E0,8.911050797E0,-3.786000252E0
2.463648712E2,6.721950531E0,1.055400085E1,-5.584050179E0
2.463673149E2,1.924050093E0,8.227050781E0,-3.003000259E0
2.463697583E2,1.531950116E0,7.020000458E0,1.047000051E0
2.463722020E2,2.383949995E0,6.019050121E0,-6.610500216E-1
2.463746454E2,1.885950089E0,1.537050128E0,-2.518950224E0
2.463770891E2,8.719050407E0,3.169950247E0,-6.751950264E0
2.463795327E2,6.703050137E0,1.330950022E0,-1.076505089E1
2.463819762E2,1.246950030E0,3.325950146E0,-5.826000214E0
2.463844198E2,2.347950220E0,4.690050125E0,-5.779500008E-1
2.463868635E2,1.180050015E0,1.674000025E0,-1.399050117E0
2.463893070E2,7.692000389E0,6.892950535E0,9.589500427E-1
2.463917506E2,3.078000069E0,3.814050198E0,2.541000128E0
2.463941941E2,-5.550000072E-1,2.083050013E0,1.360950112E0
2.463966377E2,4.110000134E0,5.016000271E0,2.140500098E-1
2.463990814E2,5.908050060E0,-5.929500461E-1,-8.122050285E0
2.464015248E2,9.271950722E0,1.414950013E0,-1.204395103E1
2.464039684E2,9.643050194E0,7.050000131E-3,-1.132500076E1
2.464064121E2,7.180050373E0,9.820500612E-1,-1.091595078E1
2.464088556E2,6.436950207E0,4.201950073E0,-1.344900036E1
2.464112992E2,8.536950111E0,3.984000206E0,-1.541295052E1
2.464137427E2,1.208295059E1,6.502950191E0,-8.789999962E0
2.464161864E2,8.394000053E0,9.421050072E0,-5.989500284E-1
2.464186300E2,1.539000034E0,1.288395023E1,-1.308000088E0
2.464210734E2,2.254950047E0,1.608495140E1,-7.783950329E0
2.464235171E2,1.129050016E0,1.476300049E1,-8.052000046E0
2.464259608E2,6.150000095E-1,1.378905106E1,1.942950130E0
2.464284042E2,8.730000257E-1,1.569405079E1,4.081050396E0
2.464308478E2,3.025950193E0,1.640100098E1,1.393950105E0
2.464332915E2,-6.030000448E-1,1.886895180E1,-3.088950157E0
2.464357349E2,1.159950018E0,1.522500038E1,4.516950130E0
2.464381786E2,3.580500185E-1,1.452795029E1,-1.890000105E0
2.464406221E2,2.962950230E0,1.990800095E1,-9.319500327E-1
2.464430657E2,2.281050205E0,1.223205090E1,1.191000104E0
2.464455094E2,-1.389000058E0,1.387695026E1,-5.967000484E0
2.464479528E2,-1.659000039E0,1.399005032E1,3.576000214E0
2.464503964E2,-3.004950047E0,8.413050652E0,-3.301950216E0
2.464528399E2,-3.148050070E0,1.146105099E1,5.761950493E0
2.464552835E2,-1.486950040E0,8.109000206E0,9.820050240E0
2.464577272E2,1.612950087E0,7.942050457E0,4.746000290E0
2.464601706E2,2.623050213E0,3.979050159E0,1.098105049E1
2.464626143E2,3.198000193E0,2.521050215E0,6.646950245E0
2.464650577E2,5.692950249E0,5.832000256E0,4.306050301E0
2.464675013E2,6.808950424E0,7.669050217E0,7.809000492E0
2.464699450E2,5.512950420E0,8.260050774E0,2.673000097E0
2.464723885E2,4.177050114E0,9.144000053E0,4.023000240E0
2.464748321E2,2.286000013E0,8.344050407E0,1.251000047E0
2.464772758E2,2.080049992E0,1.176300049E1,3.403050184E0
2.464797192E2,1.456950068E0,1.275405025E1,3.013050079E0
2.464821629E2,-4.279500246E-1,7.791000366E0,-5.407050133E0
2.464846063E2,-5.070000291E-1,3.952950239E0,2.164950132E0
2.464870500E2,4.420500100E-1,6.718050480E0,7.665000439E0
2.464894936E2,2.696595192E1,1.167195034E1,-7.905000448E-2
2.464919371E2,1.900500107E1,3.280050039E0,-4.645695114E1
2.464943807E2,6.579000473E0,1.867050052E0,-4.665300369E1
2.464968242E2,5.050950050E0,3.886050224E0,-4.058400345E1
2.464992679E2,2.106000185E0,3.808950186E0,-2.262405014E1
2.465017115E2,-7.200000286E-1,4.018050194E0,-8.409000397E0
2.465041550E2,1.026000023E0,4.353000164E0,1.160400009E1
2.465065986E2,2.865000248E0,1.635000038E1,8.719050407E0
2.465090423E2,1.879500151E-1,6.694050312E0,5.140950203E0
2.465114857E2,-5.389500260E-1,1.864950061E0,1.057905006E1
2.465139293E2,4.350000381E0,6.304050446E0,3.216000080E0
2.465163728E2,1.062000084E1,1.234995079E1,1.129200077E1
2.465188165E2,1.445100021E1,6.532050133E0,-3.420000076E0
2.465212601E2,1.259100056E1,4.041000366E0,-8.138999939E0
2.465237036E2,5.362050056E0,9.735000610E0,-2.223405075E1
2.465261472E2,3.157050133E0,4.021950245E0,-3.127200127E1
2.465285906E2,3.136050224E0,4.633050442E0,-1.240005016E1
2.465310343E2,1.309050083E0,9.409049988E0,1.188105011E1
2.465334780E2,2.488950014E0,1.443300056E1,5.187000275E0
2.465359214E2,4.077000141E0,1.097505093E1,8.580000401E-1
2.465383651E2,1.266000032E0,9.589050293E0,-6.370500326E-1
2.465408085E2,2.671050072E0,1.156200027E1,-5.820000172E-1
2.465432522E2,6.940500140E-1,1.079100037E1,-2.698950052E0
2.465456958E2,-1.120500043E-1,9.730050087E0,-3.694950104E0
2.465481393E2,2.350050211E0,9.139050484E0,1.155000091E0
2.465505830E2,7.510500550E-1,7.225950241E0,-1.164000034E0
2.465530266E2,-2.920500040E-1,9.550950050E0,1.086000085E0
2.465554700E2,-1.312050104E0,8.029950142E0,2.460000038E0
2.465579137E2,-3.001950026E0,7.753050327E0,-3.000000119E-1
2.465603571E2,-1.573050022E0,4.537050247E0,-1.230000034E-1
2.465628008E2,-1.731000066E0,3.682050228E0,-4.618950367E0
2.465652444E2,-5.700000525E-1,5.197950363E0,5.367000103E0
2.465676879E2,-6.705000252E-2,6.460050106E0,8.754000664E0
2.465701316E2,5.116050243E0,1.293900108E1,1.729950070E0
2.465725752E2,6.511950493E0,1.201005077E1,6.676050186E0
2.465750186E2,5.092050076E0,6.988950253E0,2.718000174E0
2.465774623E2,5.989950180E0,7.177950382E0,5.605950356E0
2.465799060E2,3.415950060E0,9.661050797E0,6.456000328E0
2.465823494E2,1.753950119E0,8.835000038E0,1.306050062E0
2.465847930E2,5.520000458E-1,6.163050175E0,2.521950006E0
2.465872365E2,1.956105042E1,6.828000546E0,2.413950205E0
2.465896801E2,2.569905090E1,1.008495045E1,-4.474005127E1
2.465921238E2,1.158000088E1,4.765050411E0,-4.847505188E1
2.465945673E2,3.303000212E0,5.638050079E0,-3.863700104E1
2.465970109E2,3.552000284E0,6.988950253E0,-2.416395187E1
2.465994544E2,2.104050159E0,6.055050373E0,-1.449795055E1
2.466018980E2,3.741000175E0,8.053950310E0,4.870500267E-1
2.466043417E2,4.168050289E0,1.281195068E1,1.415400028E1
2.466067851E2,2.929950237E0,9.046050072E0,4.356000423E0
2.466092287E2,3.796950102E0,5.409000397E0,5.886000156E0
2.466116724E2,5.611050129E0,7.233000278E0,4.627050400E0
2.466141159E2,9.985950470E0,1.170600033E1,8.350049973E0
2.466165595E2,9.093000412E0,8.248050690E0,2.200950146E0
2.466190030E2,4.026000023E0,6.678000450E0,3.978000164E0
2.466214466E2,2.109000206E0,8.956950188E0,3.102000237E0
2.466238903E2,2.731050014E0,6.997950554E0,-3.927000284E0
2.466263337E2,7.716000557E0,5.761050224E0,-1.817295074E1
2.466287774E2,5.986950397E0,2.767950058E0,-1.791000175E1
2.466312211E2,2.233050108E0,5.665050507E0,-5.695950508E0
2.466336645E2,6.600000262E-1,6.490950108E0,4.800000191E-1
2.466361082E2,2.008050203E0,8.674050331E0,-1.800000072E-1
2.466385516E2,4.357050419E0,1.362795067E1,8.839500546E-1
2.466409952E2,3.861000299E0,9.892950058E0,4.560000420E0
2.466434389E2,1.222950101E0,6.421050072E0,-2.407050133E0
2.466458824E2,2.391000032E0,9.615000725E0,3.940500319E-1
2.466483260E2,2.230950117E0,9.072000504E0,-4.510500133E-1
2.466507695E2,2.104050159E0,8.830050468E0,4.800000191E-1
2.466532132E2,2.757000208E0,9.748950005E0,5.704050064E0
2.466556568E2,1.741950035E0,7.204050541E0,4.990500212E-1
2.466581002E2,3.895050287E0,7.707000256E0,-6.613050461E0
2.466605438E2,3.780000210E0,7.870050430E0,-8.188950539E0
2.466629873E2,9.934950829E0,1.079805088E1,-1.424205112E1
2.466654309E2,4.516950130E0,9.739950180E0,-1.123905087E1
2.466678746E2,1.275000095E0,6.760950089E0,-2.770950079E0
2.466703181E2,4.678050041E0,7.671000481E0,-1.560000032E-1
2.466727618E2,3.547950268E0,5.665050507E0,5.970000029E-1
2.466752054E2,1.118805027E1,6.948000431E0,-3.991950274E0
2.466776488E2,8.331000328E0,6.289950371E0,-8.518950462E0
2.466800925E2,4.582050323E0,6.402000427E0,-7.152000427E0
2.466825359E2,3.253050089E0,8.148000717E0,-4.795950413E0
2.466849796E2,1.789950132E0,5.265000343E0,-5.595000088E-2
2.466874232E2,9.361050606E0,1.007505035E1,-2.677050114E0
2.466898667E2,4.066950321E0,9.493050575E0,-7.401000500E0
2.466923103E2,1.909500062E-1,9.121950150E0,-3.751950264E0
2.466947538E2,1.672950029E0,8.944950104E0,-4.590000153E0
2.466971975E2,-6.079500318E-1,5.344050407E0,-2.601000071E0
2.466996411E2,5.785950184E0,6.409050465E0,-7.159500122E-1
2.467020845E2,6.895050526E0,6.012000084E0,-7.474950314E0
2.467045282E2,3.753000259E0,6.490950108E0,-2.400000095E0
2.467069718E2,3.757950068E0,8.137949944E0,-6.640500426E-1
2.467094153E2,2.346000195E0,6.369000435E0,2.653950214E0
2.467118589E2,6.568950176E0,1.198095036E1,8.869500160E-1
2.467143024E2,8.185050011E0,1.177005100E1,-7.321950436E0
2.467167461E2,4.065000057E0,9.687000275E0,-2.425950050E0
2.467191897E2,3.655050278E0,1.249095058E1,-6.166050434E0
2.467216332E2,2.956050158E0,1.100595093E1,-9.289500713E-1
2.467240768E2,4.615050316E0,1.198995018E1,3.220500052E-1
2.467265202E2,4.471950054E0,1.195695019E1,-7.116000175E0
2.467289639E2,3.073050261E0,1.168905067E1,-4.981050014E0
2.467314075E2,2.905950069E0,1.378395081E1,-3.541950226E0
2.467338510E2,2.899050236E0,1.194705009E1,-1.674000025E0
2.467362947E2,7.018950462E0,1.473900032E1,-3.642000198E0
2.467387383E2,6.849000454E0,1.394700050E1,-1.212795067E1
2.467411817E2,1.749000072E0,1.290795040E1,-7.762950420E0
2.467436254E2,2.056050062E0,1.332405090E1,-3.321000099E0
2.467460691E2,8.950500488E-1,1.112400055E1,2.140500098E-1
2.467485125E2,3.832050085E0,7.561050415E0,-4.530000091E-1
2.467509561E2,8.314949989E0,1.294305038E1,-5.206050396E0
2.467533996E2,5.166000366E0,8.338950157E0,-4.768050194E0
2.467558432E2,2.881950140E0,8.241000175E0,-2.914050102E0
2.467582869E2,7.410000563E-1,6.565050125E0,1.476000071E0
2.467607304E2,6.772950172E0,1.022805023E1,9.900000691E-2
2.467631740E2,8.068050385E0,1.321395016E1,-6.532050133E0
2.467656177E2,1.378050089E0,1.071405029E1,-1.119000077E0
2.467680611E2,6.739500165E-1,9.927000046E0,-6.040500402E-1
2.467705047E2,-5.239500403E-1,7.417050362E0,-4.510500133E-1
2.467729482E2,2.785950184E0,5.776950359E0,-3.619500101E-1
2.467753918E2,6.829950333E0,8.502000809E0,-1.129005051E1
2.467778355E2,2.959050179E0,3.799950123E0,-1.008495045E1
2.467802790E2,2.037000179E0,5.260050297E0,-6.903000355E0
2.467827226E2,3.439500034E-1,4.324050426E0,-2.662950039E0
2.467851660E2,7.716000557E0,6.570000172E0,-9.820500612E-1
2.467876096E2,9.246000290E0,7.804950237E0,-7.083000183E0
2.467900533E2,1.065000057E0,4.840950012E0,-5.670000076E0
2.467924968E2,3.090000153E0,7.297950268E0,3.829050064E0
2.467949404E2,1.620000005E-1,4.678050041E0,-3.330000043E-1
2.467973839E2,1.941000104E0,3.892950296E0,9.109500647E-1
2.467998276E2,6.574050426E0,6.760950089E0,-1.813050032E0
2.468022712E2,3.033000231E0,2.041949987E0,-5.425950050E0
2.468047146E2,4.072050095E0,6.253950119E0,-5.412000179E0
2.468071583E2,1.170000076E0,3.313950062E0,-4.818000317E0
2.468096019E2,4.740000248E0,7.960950375E0,-9.649500251E-1
2.468120454E2,9.355950356E0,8.868000031E0,-5.944950104E0
2.468144890E2,1.579050064E0,7.446000576E0,-5.059950352E0
2.468169325E2,2.542050123E0,9.787950516E0,-2.661000013E0
2.468193762E2,1.180050015E0,5.586000443E0,-4.360050201E0
2.468218198E2,2.953950167E0,5.722050190E0,-1.000950098E0
2.468242632E2,8.599050522E0,5.104950428E0,-7.507050514E0
2.468267068E2,4.656000137E0,3.922050238E0,-7.345950127E0
2.468291505E2,6.232050419E0,4.587000370E0,-4.750950336E0
2.468315940E2,1.246950030E0,4.650000095E0,-2.803950071E0
2.468340376E2,5.371950150E0,5.835000515E0,-1.995000124E0
2.468364811E2,8.772000313E0,7.891050339E0,-8.272950172E0
2.468389248E2,1.096050024E0,8.737050056E0,-3.621000290E0
2.468413684E2,2.974950075E0,1.134600067E1,2.649000168E0
2.468438118E2,1.692000031E0,8.722050667E0,2.845050097E0
2.468462555E2,-6.490500569E-1,7.252050400E0,-8.269500136E-1
2.468486989E2,1.189500093E-1,1.163595009E1,1.332000017E0
2.468511426E2,2.476950169E0,1.206495094E1,4.069050312E0
2.468535862E2,1.435950041E0,9.975000381E0,2.639999986E-1
2.468560297E2,2.403000116E0,9.673050880E0,1.098000050E0
2.468584734E2,4.771050453E0,1.228305054E1,8.200500607E-1
2.468609170E2,1.222005081E1,1.645605087E1,-9.697050095E0
2.468633605E2,4.657950401E0,1.323600101E1,-1.184295082E1
2.468658041E2,3.564000130E0,1.458405113E1,-1.134900093E1
2.468682478E2,2.155950069E0,1.366605091E1,-5.517000198E0
2.468706912E2,2.881950140E0,1.021395016E1,-3.345000267E0
2.468731348E2,6.492000103E0,1.042695045E1,-8.380050659E0
2.468755783E2,5.347950459E0,8.502000809E0,-1.006395054E1
2.468780219E2,4.098000050E0,6.928950310E0,-8.412000656E0
2.468804656E2,2.781000137E0,5.157000065E0,-6.148950100E0
2.468829091E2,3.672000170E0,4.177950382E0,-4.714950085E0
2.468853527E2,8.346000671E0,5.524050236E0,-6.348000526E0
2.468877961E2,1.681950092E0,3.952950239E0,-4.861050129E0
2.468902397E2,3.088050127E0,7.282950401E0,3.850950241E0
2.468926834E2,3.057000160E0,4.750050068E0,6.114000320E0
2.468951269E2,1.939050078E0,2.800950050E0,3.730950117E0
2.468975705E2,6.234000206E0,5.907000065E0,2.841000080E0
2.469000142E2,5.494050026E0,1.513050079E0,-1.510950089E0
2.469024577E2,6.775050163E0,1.756950140E0,-9.787950516E0
2.469049013E2,5.643000126E0,1.024950027E0,-1.240500069E1
2.469073448E2,9.141000748E0,3.463950157E0,-1.746195030E1
2.469097884E2,1.377405071E1,5.751000404E0,-1.477995110E1
2.469122321E2,3.898950100E0,5.301000118E0,-9.640050888E0
2.469146755E2,1.636950135E0,1.050105095E1,-4.167000294E0
2.469171192E2,4.441050053E0,7.927050591E0,-3.805050135E0
2.469195626E2,9.930000305E-1,7.470000267E0,-2.044950008E0
2.469220063E2,3.910950184E0,1.021605015E1,5.362050056E0
2.469244499E2,4.306950092E0,8.416049957E0,7.371000290E0
2.469268934E2,3.697950125E0,9.694050789E0,-6.949500442E-1
2.469293371E2,3.922950268E0,1.042005062E1,1.830000043E0
2.469317807E2,2.176050186E0,1.360695076E1,-7.450500131E-1
2.469342241E2,3.748950243E0,1.564695072E1,1.444950104E0
2.469366678E2,3.172050238E0,1.244295025E1,1.609950066E0
2.469391113E2,1.599000096E0,1.178895092E1,4.650000334E-1
2.469415549E2,5.266950130E0,9.702000618E0,-7.332000256E0
2.469439986E2,4.039500058E-1,8.860950470E0,-9.561000824E0
2.469464420E2,6.390000343E0,5.029950142E0,-1.626000023E1
2.469488856E2,4.587000370E0,3.910050154E0,-1.731795120E1
2.469513291E2,1.524000049E0,5.073000431E0,-9.988950729E0
2.469537728E2,1.954950094E0,4.602000237E0,-3.606000185E0
2.469562164E2,2.101050138E0,4.336050034E0,4.717950344E0
2.469586599E2,7.504950523E0,1.019700050E1,2.656050205E0
2.469611036E2,2.917950153E0,6.678000450E0,3.000000026E-3
2.469635472E2,3.255000114E0,5.035050392E0,5.007000446E0
2.469659906E2,3.574050188E0,6.931050301E0,5.419050217E0
2.469684343E2,2.259000063E0,4.330950260E0,1.876050115E0
2.469708777E2,5.353050232E0,9.394950867E0,5.395050049E0
2.469733214E2,4.006950378E0,5.598000050E0,3.769500256E-1
2.469757650E2,2.638050079E0,6.061950207E0,-4.290000200E-1
2.469782085E2,2.049000025E0,7.867950439E0,-6.772050381E0
2.469806521E2,3.583050251E0,6.543000221E0,-8.650950432E0
2.469830956E2,1.083300018E1,7.947000504E0,-1.653795052E1
2.469855393E2,1.318050027E0,7.141950130E0,-1.225905037E1
2.469879829E2,2.776950121E0,8.143050194E0,-6.361950397E0
2.469904265E2,2.950950146E0,7.350000381E0,-5.146050453E0
2.469928700E2,3.255000114E0,5.470950127E0,-6.370500326E-1
2.469953136E2,9.847050667E0,8.119050026E0,-3.238050222E0
2.469977571E2,7.339950562E0,6.072000504E0,-5.323050022E0
2.470002007E2,5.452950478E0,8.851950645E0,-1.164000034E0
2.470026444E2,2.038950205E0,7.993950367E0,-4.290000200E-1
2.470050879E2,3.523950100E0,7.302000523E0,2.611050129E0
2.470075315E2,1.244895077E1,9.333000183E0,-6.526950359E0
2.470099749E2,4.438050270E0,7.714050293E0,-1.084695053E1
2.470124185E2,1.768950105E0,1.112895012E1,-6.853050232E0
2.470148622E2,7.680000067E-1,6.970050335E0,-6.919950485E0
2.470173057E2,1.644000053E0,6.814050198E0,1.305000018E-2
2.470197493E2,8.887050629E0,7.968000412E0,-3.235050201E0
2.470221928E2,6.859050274E0,8.254950523E0,-5.139000416E0
2.470246364E2,2.013000011E0,9.634950638E0,-2.397000074E0
2.470270801E2,-4.620000124E-1,7.647000313E0,-2.845050097E0
2.470295236E2,7.960500121E-1,6.085950375E0,1.669950128E0
2.470319672E2,8.307000160E0,7.816950321E0,-8.814000130E0
2.470344109E2,1.390050054E0,7.393050194E0,-7.582950592E0
2.470368543E2,-2.440500110E-1,7.807950497E0,-2.020950079E0
2.470392979E2,1.077000022E0,5.998050213E0,3.232950211E0
2.470417414E2,3.300000131E-1,3.912000179E0,5.179499984E-1
2.470441851E2,2.757000208E0,6.442950249E0,1.729950070E0
2.470466287E2,2.986950159E0,7.551000595E0,3.963000298E0
2.470490722E2,2.170950174E0,7.663950443E0,-1.365000010E0
2.470515158E2,2.416950226E0,8.143050194E0,-1.110000089E-1
2.470539595E2,2.305050135E0,6.358950138E0,2.934000254E0
2.470564029E2,6.772950172E0,1.069800091E1,-4.201950073E0
2.470588465E2,4.512000084E0,1.029300022E1,-4.885050297E0
2.470612900E2,4.783050060E0,1.186605072E1,-5.301000118E0
2.470637337E2,4.357050419E0,1.157895088E1,-6.333000183E0
2.470661773E2,2.977950096E0,8.923050880E0,2.670000196E-1
2.470686208E2,6.544950485E0,1.046295071E1,-3.633000135E0
2.470710644E2,5.302950382E0,8.545050621E0,-9.451050758E0
2.470735079E2,3.148050070E0,9.466950417E0,-1.016400051E1
2.470759516E2,2.197050095E0,8.061000824E0,-7.477950573E0
2.470783952E2,4.315950394E0,6.057000160E0,-4.614000320E0
2.470808386E2,1.174305058E1,1.004400063E1,-1.035795021E1
2.470832823E2,5.235000134E0,8.701050758E0,-9.286050797E0
2.470857257E2,2.383949995E0,9.184050560E0,-2.007000208E0
2.470881694E2,3.190950155E0,1.029300022E1,9.589500427E-1
2.470906130E2,1.639050126E0,6.153000355E0,5.829000473E0
2.470930567E2,7.770000100E-1,1.205805016E1,4.678950310E0
2.470955002E2,8.989500403E-1,7.113000393E0,7.660050392E0
2.470979438E2,8.869500160E-1,8.482950211E0,1.375050068E0
2.471003873E2,2.164050102E0,9.309000015E0,1.255950093E0
2.471028309E2,2.074949980E0,9.127050400E0,3.418050051E0
2.471052746E2,8.520000458E0,1.507695103E1,-2.311050177E0
2.471077180E2,7.684950352E0,1.270200062E1,-9.214050293E0
2.471101617E2,6.955050468E0,1.473195076E1,-1.036500072E1
2.471126051E2,3.556950092E0,1.431300068E1,-1.073895073E1
2.471150488E2,2.311950207E0,1.293405056E1,2.067000151E0
2.471174924E2,3.222000122E0,1.523700047E1,-2.821050167E0
2.471199359E2,3.220050097E0,1.353495026E1,-2.947950125E0
2.471223796E2,1.350000024E0,1.233495045E1,-2.923950195E0
2.471248232E2,1.948050141E0,1.059495068E1,-4.753050327E0
2.471272666E2,2.044049978E0,9.843000412E0,-1.672050118E0
2.471297102E2,7.156050205E0,1.226100063E1,-1.087500095E1
2.471321537E2,5.245050430E0,8.392050743E0,-1.130895042E1
2.471345974E2,2.800950050E0,5.526000500E0,-9.072000504E0
2.471370410E2,2.547000170E0,7.051050186E0,-7.674000263E0
2.471394845E2,-1.479000092E0,3.133950233E0,-2.011950016E0
2.471419281E2,2.299950123E0,2.772000074E0,4.782000065E0
2.471443716E2,3.175950050E0,2.629050016E0,6.859500408E-1
2.471468153E2,1.017000079E0,1.446000099E0,1.758000135E0
2.471492589E2,1.795050144E0,2.542950153E0,8.058000565E0
2.471517023E2,1.576950073E0,1.398000121E0,4.585950375E0
2.471541460E2,8.254950523E0,4.384050369E0,-7.950000167E-1
2.471565894E2,9.325050354E0,-5.310000181E-1,-1.425000072E0
2.471590331E2,6.004050255E0,3.610500097E-1,-8.506950378E0
2.471614767E2,4.872000217E0,2.581050158E0,-1.214895058E1
2.471639204E2,3.459000111E0,1.944000125E0,-1.558695030E1
2.471663639E2,7.660950184E0,5.595000267E0,-1.128495026E1
2.471688075E2,4.678050041E0,3.298950195E0,-3.661050081E0
2.471712510E2,3.040050030E0,3.358950138E0,-2.344050169E0
2.471736946E2,3.223950148E0,4.281000137E0,-1.092000008E0
2.471761383E2,3.375000238E0,5.104950428E0,-1.132950068E0
2.471785817E2,9.817950249E0,8.919000626E0,1.090500057E-1
2.471810253E2,4.560000420E0,6.340050220E0,1.162050009E0
2.471834688E2,1.476000071E0,8.806050301E0,2.356950045E0
2.471859125E2,1.291950107E0,9.541050911E0,1.260000110E0
2.471883561E2,1.669500023E-1,7.189950466E0,-1.183050036E0
2.471907996E2,5.767050266E0,1.038900089E1,-2.091000080E0
2.471932432E2,3.658050060E0,7.450950146E0,-9.561000824E0
2.471956869E2,1.900050044E0,6.481050491E0,-6.661050320E0
2.471981303E2,2.250000000E0,4.920000076E0,-9.292950630E0
2.472005740E2,3.528000116E0,6.559950352E0,-1.959000111E0
2.472030174E2,1.147995090E1,9.472050667E0,-8.518950462E0
2.472054610E2,3.277050257E0,7.738050461E0,-8.515049934E0
2.472079047E2,2.266950130E0,9.012000084E0,-9.060000181E-1
2.472103482E2,2.230950117E0,7.197000504E0,-1.060950041E0
2.472127918E2,1.930500120E-1,4.048950195E0,2.700000070E-2
2.472152355E2,7.515000343E0,5.940000057E0,8.250000477E-1
2.472176789E2,3.223950148E0,4.626000404E0,-5.665050507E0
2.472201226E2,3.514050245E0,6.915000439E0,-2.308950186E0
2.472225661E2,2.458050013E0,4.804950237E0,-2.658000231E0
2.472250097E2,2.950950146E0,4.846050262E0,1.159500033E-1
2.472274534E2,1.037805080E1,8.550000191E0,-4.150050163E0
2.472298968E2,3.507000208E0,8.908950806E0,-7.735950470E0
2.472323404E2,6.910500526E-1,1.243605042E1,-3.814950228E0
2.472347839E2,1.696950078E0,8.550000191E0,-5.152950287E0
2.472372276E2,1.135950089E0,4.860000134E0,9.679500461E-1
2.472396712E2,7.297050476E0,8.167050362E0,-3.549000263E0
2.472421149E2,5.656950474E0,8.320050240E0,-5.730000496E0
2.472445583E2,5.791050434E0,7.843950272E0,-5.622000217E0
2.472470020E2,4.098000050E0,7.053000450E0,-4.368000031E0
2.472494454E2,5.370000362E0,6.904950142E0,4.030500054E-1
2.472518891E2,1.396695042E1,9.979050636E0,-8.811000824E0
2.472543327E2,6.181050301E0,1.027395058E1,-1.072905064E1
2.472567762E2,5.643000126E0,1.392300034E1,-6.532050133E0
2.472592198E2,2.865000248E0,9.811950684E0,-5.971950054E0
2.472616633E2,3.040050030E0,8.161950111E0,-1.711950064E0
2.472641069E2,1.050105095E1,1.010595036E1,-4.921050072E0
2.472665506E2,5.674050331E0,8.703000069E0,-9.007950783E0
2.472689941E2,3.516000271E0,1.233795071E1,-2.755950212E0
2.472714377E2,1.548000097E0,8.248050690E0,4.770000279E-1
2.472738811E2,3.202950239E0,8.820000648E0,3.616050243E0
2.472763248E2,1.045995045E1,1.151205063E1,-4.951950073E0
2.472787684E2,2.784000158E0,1.130805016E1,-5.497950077E0
2.472812119E2,7.530000210E-1,1.409505081E1,-3.082050085E0
2.472836555E2,8.419500589E-1,9.334950447E0,-1.866000056E0
2.472860992E2,-1.030500084E-1,6.144000053E0,3.238050222E0
2.472885426E2,1.507950068E0,1.106400013E1,-1.071000099E0
2.472909863E2,2.724000216E0,7.942050457E0,2.485950232E0
2.472934298E2,2.700000107E-1,4.384050369E0,1.005000062E-2
2.472958734E2,8.200500607E-1,5.755950451E0,-2.335050106E0
2.472983171E2,1.174950004E0,6.655950546E0,-5.580000281E-1
2.473007605E2,8.122950554E0,8.839950562E0,-3.277950048E0
2.473032041E2,2.410050154E0,7.657050133E0,-4.794000149E0
2.473056476E2,1.326000094E0,7.779000282E0,2.670000196E-1
2.473080913E2,2.788950205E0,1.036200047E1,7.789500356E-1
2.473105349E2,1.017000079E0,6.988950253E0,7.140000463E-1
2.473129786E2,4.200000316E-2,8.746050835E0,-6.760500073E-1
2.473154220E2,2.275950193E0,6.691950321E0,2.938950062E0
2.473178657E2,1.450050116E0,6.022050381E0,-4.138050079E0
2.473203091E2,3.052050114E0,4.747950077E0,-2.529000044E0
2.473227527E2,5.650050163E0,5.559000492E0,-3.324000120E0
2.473251964E2,1.314105034E1,7.638000488E0,-1.014705086E1
2.473276399E2,4.263000011E0,6.048000336E0,-1.036095047E1
2.473300835E2,2.326050043E0,7.674000263E0,-5.890050411E0
2.473325270E2,1.504950047E0,7.765050411E0,-3.630000114E0
2.473349706E2,1.606050134E0,4.462950230E0,1.126049995E0
2.473374143E2,7.108050346E0,1.041705036E1,-3.906000137E0
2.473398578E2,4.134000301E0,3.433050156E0,-7.048950195E0
2.473423014E2,1.606050134E0,8.322000504E0,-1.996950150E0
2.473447448E2,2.173050165E0,4.807950020E0,-7.909500599E-1
2.473471885E2,4.939050198E0,8.381999969E0,1.618950129E0
2.473496321E2,1.285905075E1,9.904950142E0,-3.003000259E0
2.473520756E2,6.787050247E0,6.606000423E0,-7.837050438E0
2.473545193E2,1.435950041E0,1.155195045E1,-6.982050419E0
2.473569629E2,-3.589500189E-1,7.048950195E0,-5.506950378E0
2.473594064E2,1.081050038E0,7.714050293E0,3.135000229E0
2.473618500E2,8.950950623E0,9.544050217E0,-2.698950052E0
2.473642934E2,5.757000446E0,6.892950535E0,-5.428050041E0
2.473667371E2,4.579050064E0,9.265950203E0,-1.617000103E0
2.473691808E2,2.740950108E0,8.100000381E0,-1.305000067E0
2.473716242E2,6.720000505E-1,1.104705048E1,1.818000078E0
2.473740678E2,8.833950043E0,1.398705101E1,-4.882050037E0
2.473765115E2,3.379950047E0,1.145895100E1,-7.248000145E0
2.473789550E2,1.876050115E0,1.289295101E1,-6.601950169E0
2.473813986E2,9.070500135E-1,9.450000763E0,-6.891000271E0
2.473838423E2,1.699050069E0,9.457050323E0,1.581000090E0
2.473862858E2,5.524950027E0,1.057995033E1,-4.914000034E0
2.473887294E2,4.860000134E0,9.337950706E0,-5.584050179E0
2.473911728E2,4.309050083E0,9.807000160E0,-2.875950098E0
2.473936164E2,2.659050226E0,7.393050194E0,-1.894050121E0
2.473960601E2,3.394050121E0,9.613050461E0,2.328000069E0
2.473985036E2,1.033500004E1,1.167705059E1,-8.011950493E0
2.474009472E2,3.820050240E0,1.106205082E1,-7.588050365E0
2.474033909E2,2.334000111E0,1.070700073E1,-4.438950062E0
2.474058343E2,1.402050018E0,6.808950424E0,-2.518950224E0
2.474082780E2,1.942950130E0,3.852000237E0,6.880500317E-1
2.474107214E2,8.704950333E0,8.740950584E0,-7.225950241E0
2.474131651E2,5.262000084E0,6.697050095E0,-9.025050163E0
2.474156087E2,2.851050138E0,7.707000256E0,-6.384000301E0
2.474180522E2,1.282950044E0,4.386000156E0,-1.066050053E0
2.474204958E2,4.789950371E0,6.642000198E0,2.601000071E0
2.474229393E2,9.445050240E0,1.142295074E1,-5.308950424E0
2.474253830E2,2.374050140E0,8.416049957E0,-3.625050068E0
2.474278266E2,7.030500174E-1,1.193505096E1,4.530000091E-1
2.474302701E2,7.290000319E-1,5.218950272E0,-1.518000126E0
2.474327137E2,3.105000257E0,6.985950470E0,2.268000126E0
2.474351571E2,8.281050682E0,7.225950241E0,-4.711950302E0
2.474376008E2,5.475000381E0,5.356050491E0,-6.166050434E0
2.474400445E2,4.315950394E0,7.666050434E0,-1.392000079E0
2.474424881E2,1.089000106E0,5.230950356E0,9.130500555E-1
2.474449315E2,3.508950233E0,8.892000198E0,1.095000029E0
2.474473752E2,9.223950386E0,8.943000793E0,-8.598000526E0
2.474498187E2,1.872000098E0,9.199050903E0,-7.483050346E0
2.474522623E2,1.648950100E0,1.131105042E1,-5.670000076E0
2.474547060E2,2.149500102E-1,5.872950077E0,-5.086050034E0
2.474571494E2,6.190500259E-1,5.926050186E0,-5.805000290E-2
2.474595931E2,5.437050343E0,5.916000366E0,-5.553000450E0
2.474620365E2,3.454050064E0,4.546950340E0,-4.593000412E0
2.474644802E2,3.289050102E0,4.872000217E0,-1.540500075E-1
2.474669238E2,6.790500283E-1,2.602050066E0,1.177050114E0
2.474693673E2,6.639000416E0,5.859000206E0,2.116950035E0
2.474718109E2,8.992050171E0,5.715000153E0,-6.913050175E0
2.474742546E2,1.230000019E0,9.283050537E0,-3.931950092E0
2.474766980E2,-4.669500291E-1,1.130295086E1,-1.561950088E0
2.474791416E2,-4.159500301E-1,4.969950199E0,7.140000463E-1
2.474815851E2,7.609500289E-1,7.471950531E0,1.117050052E0
2.474840288E2,8.760000229E0,6.555000305E0,-6.556050301E0
2.474864724E2,6.721950531E0,6.655950546E0,-6.301950455E0
2.474889159E2,3.298950195E0,8.421000481E0,-3.766950130E0
2.474913595E2,3.370500207E-1,6.928950310E0,2.304000139E0
2.474938032E2,5.532000065E0,8.694000244E0,3.720000088E-1
2.474962466E2,1.157805061E1,9.963000298E0,-1.073400021E1
2.474986903E2,3.763050079E0,1.089405060E1,-8.224950790E0
2.475011337E2,3.231000185E0,1.324005032E1,-5.754000187E0
2.475035773E2,7.920000553E-1,8.317950249E0,-1.396050096E0
2.475060210E2,4.330049992E0,1.033800030E1,1.006950021E0
2.475084645E2,9.568950653E0,8.701050758E0,-6.532050133E0
2.475109081E2,4.756950378E0,9.838050842E0,-7.399050236E0
2.475133518E2,2.245050192E0,1.137000084E1,-4.072950363E0
2.475157953E2,-3.160500228E-1,7.614000320E0,6.690000296E-1
2.475182389E2,6.933000565E0,9.787950516E0,3.900000080E-2
2.475206823E2,1.060800076E1,1.016400051E1,-8.601000786E0
2.475231260E2,4.893000126E0,1.276605034E1,-5.926050186E0
2.475255696E2,2.902950048E0,1.367400074E1,-5.224950314E0
2.475280131E2,4.369500279E-1,9.352050781E0,-2.277000189E0
2.475304567E2,3.646050215E0,1.123200035E1,-3.139500022E-1
2.475329002E2,8.590050697E0,9.534000397E0,-8.268000603E0
2.475353438E2,2.707050085E0,9.325950623E0,-7.059000492E0
2.475377875E2,1.840050101E0,9.406949997E0,-2.778000116E0
2.475402312E2,7.170000076E-1,5.136000156E0,5.779500008E-1
2.475426746E2,7.306950569E0,7.554000378E0,3.580500185E-1
2.475451182E2,9.327000618E0,6.177000523E0,-9.586950302E0
2.475475617E2,3.411000252E0,8.014050484E0,-5.014050007E0
2.475500053E2,3.016050100E0,1.034295082E1,-3.817050219E0
2.475524490E2,6.310500503E-1,5.260050297E0,1.275000095E0
2.475548925E2,3.411000252E0,7.743000507E0,3.157050133E0
2.475573361E2,4.251000404E0,5.509050369E0,-5.059950352E0
2.475597795E2,4.077000141E0,4.968000412E0,-5.794950485E0
2.475622232E2,2.097000122E0,6.493050098E0,-3.075000048E0
2.475646669E2,1.627050042E0,1.456050038E0,-8.220000267E-1
2.475671103E2,1.032600021E1,7.233000278E0,4.440000355E-1
2.475695539E2,1.012005043E1,3.430950165E0,-7.918050289E0
2.475719974E2,-2.130000144E-1,8.599950790E0,-4.978050232E0
2.475744411E2,-2.779500186E-1,8.148000717E0,-1.540050030E0
2.475768847E2,-2.779500186E-1,5.083050251E0,-2.179500163E-1
2.475793282E2,6.193050385E0,7.960950375E0,-5.250000358E-1
2.475817719E2,9.772950172E0,2.751000166E0,-7.516050339E0
2.475842155E2,2.913000107E0,7.234950542E0,-7.023000240E0
2.475866590E2,3.484950066E0,6.867000103E0,-1.441950083E0
2.475891026E2,6.670500040E-1,6.016950130E0,3.094050169E0
2.475915460E2,8.779050827E0,1.130100060E1,6.589500308E-1
2.475939897E2,8.848050117E0,7.210950375E0,-8.734950066E0
2.475964333E2,2.109000206E0,1.153305054E1,-6.409950256E0
2.475988768E2,9.930000305E-1,1.081500053E1,-6.019950390E0
2.476013205E2,-5.959500074E-1,8.017950058E0,1.228950024E0
2.476037641E2,3.145050049E0,1.132005024E1,1.305000018E-2
2.476062076E2,6.511950493E0,8.515950203E0,-4.684050083E0
2.476086512E2,4.147950172E0,8.773050308E0,-4.516050339E0
2.476110949E2,4.552950382E0,9.022050858E0,-4.360050201E0
2.476135383E2,1.126950026E0,8.406000137E0,1.420500129E-1
2.476159820E2,6.913950443E0,1.161705017E1,-3.195000067E-2
2.476184254E2,6.684000492E0,1.129605007E1,-8.562000275E0
2.476208691E2,2.956050158E0,1.201005077E1,-4.339050293E0
2.476233127E2,2.638050079E0,1.082205009E1,-4.870050430E0
2.476257562E2,9.979500771E-1,8.479949951E0,1.002000093E0
2.476281998E2,5.367000103E0,9.679950714E0,-1.389000058E0
2.476306433E2,7.219950199E0,8.004000664E0,-7.377000332E0
2.476330870E2,3.636000156E0,8.983050346E0,-5.596050262E0
2.476355306E2,2.506050110E0,8.830050468E0,-2.275050163E0
2.476379741E2,1.174950004E0,6.706050396E0,3.025050163E0
2.476404177E2,9.229050636E0,1.065705013E1,-1.803000093E0
2.476428614E2,5.836050510E0,9.775950432E0,-7.035000324E0
2.476453048E2,1.660950065E0,1.050405025E1,-5.200950146E0
2.476477484E2,1.857000113E0,9.493050575E0,-5.227050304E0
2.476501921E2,6.120000482E-1,5.241000175E0,9.000000358E-2
2.476526356E2,7.765950203E0,9.373950005E0,-2.719950199E0
2.476550792E2,6.849000454E0,6.412050247E0,-8.062050819E0
2.476575227E2,2.604000092E0,7.717050552E0,-6.226050377E0
2.476599663E2,2.350050211E0,5.964000225E0,-3.514950275E0
2.476624100E2,2.206950188E0,4.968000412E0,5.370000005E-1
2.476648535E2,1.054095078E1,9.226950645E0,-4.425000191E0
2.476672972E2,5.443950176E0,6.820950508E0,-1.061700058E1
2.476697408E2,-4.759500325E-1,9.733050346E0,-5.038050175E0
2.476721842E2,1.110000014E0,6.129000187E0,-4.324950218E0
2.476746278E2,6.960000396E-1,3.936000109E0,6.880500317E-1
2.476770713E2,6.969000340E0,8.430000305E0,2.011950016E0
2.476795150E2,8.414999962E0,2.856000185E0,-5.905050278E0
2.476819586E2,1.929000139E0,7.666050434E0,-2.227050066E0
2.476844021E2,1.390050054E0,4.072950363E0,-3.190500140E-1
2.476868457E2,1.366050124E0,5.727000237E0,2.958000183E0
2.476892894E2,9.864000320E0,9.081000328E0,-1.735950112E0
2.476917329E2,5.925000191E0,6.606000423E0,-6.798000336E0
2.476941765E2,1.965000153E0,1.099200058E1,-9.970500469E-1
2.476966199E2,1.558050036E0,8.157000542E0,-1.834950089E0
2.476990636E2,-4.669500291E-1,7.044000149E0,2.550000250E-1
2.477015073E2,4.417050362E0,9.216000557E0,1.590000093E-1
2.477039507E2,4.663050175E0,7.045950413E0,-7.677000523E0
2.477063944E2,3.670050144E0,8.263050079E0,-5.658000469E0
2.477088380E2,2.515950203E0,7.020000458E0,-6.130050182E0
2.477112815E2,1.447950125E0,6.508050442E0,-5.100000501E-1
2.477137251E2,9.186000824E0,1.036695004E1,-6.256950378E0
2.477161686E2,4.536000252E0,9.742050171E0,-6.834000111E0
2.477186123E2,3.202950239E0,1.114500046E1,-2.329950094E0
2.477210559E2,2.262000084E0,9.733050346E0,-2.056950092E0
2.477234993E2,1.090950012E0,5.073000431E0,2.058000088E0
2.477259429E2,7.065000534E0,9.505050659E0,-2.617050171E0
2.477283864E2,5.659050465E0,5.746050358E0,-7.678950310E0
2.477308301E2,3.532950163E0,7.690050602E0,-6.526950359E0
2.477332737E2,2.407950163E0,4.942050457E0,-2.886000156E0
2.477357174E2,4.335000038E0,6.642000198E0,1.405950069E0
2.477381609E2,1.279695034E1,8.855999947E0,-5.461950302E0
2.477406045E2,5.158950329E0,9.220050812E0,-7.780050278E0
2.477430479E2,1.761000037E0,1.381500053E1,-1.741050124E0
2.477454916E2,9.400500655E-1,9.736950874E0,-2.361000061E0
2.477479352E2,-1.990500093E-1,9.454950333E0,2.887950182E0
2.477503787E2,6.676950455E0,1.075695038E1,-2.116950035E0
2.477528223E2,6.327000141E0,7.623000145E0,-7.449000359E0
2.477552658E2,3.097050190E0,1.054695034E1,-2.811000109E0
2.477577095E2,1.836000085E0,7.326000214E0,1.308000088E0
2.477601531E2,1.869000077E0,8.815950394E0,6.979500055E-1
2.477625965E2,1.153200054E1,1.301295090E1,-5.200950146E0
2.477650401E2,6.028050423E0,1.188000011E1,-6.967950344E0
2.477674836E2,4.000050068E0,1.467900085E1,-6.180000305E0
2.477699273E2,1.582050085E0,1.176105022E1,-4.269000053E0
2.477723709E2,2.269500047E-1,8.638050079E0,2.862000227E0
2.477748146E2,4.588950157E0,1.054200077E1,-2.269950151E0
2.477772581E2,3.466050148E0,9.164999962E0,-6.132000446E0
2.477797017E2,3.363000154E0,9.213000298E0,-4.783950329E0
2.477821452E2,2.410050154E0,6.615000248E0,-2.980950117E0
2.477845888E2,4.014000416E0,6.097950459E0,5.100000277E-2
2.477870325E2,8.583000183E0,9.145950317E0,-7.324950218E0
2.477894759E2,3.013950109E0,9.714000702E0,-6.445950508E0
2.477919196E2,1.450050116E0,9.782999992E0,-2.233950138E0
2.477943630E2,-9.000000544E-3,5.073000431E0,5.710500479E-1
2.477968067E2,1.483950019E0,3.754050255E0,3.505950212E0
2.477992503E2,7.647000313E0,5.458950043E0,-3.460050106E0
2.478016940E2,6.274950504E0,3.361050129E0,-6.967950344E0
2.478041375E2,2.386050224E0,7.111050129E0,-3.019950151E0
2.478065811E2,2.939999998E-1,3.208050251E0,5.539500117E-1
2.478090245E2,5.142000198E0,6.028950214E0,2.911950111E0
2.478114681E2,1.016805077E1,6.478950500E0,-5.031000137E0
2.478139118E2,1.912050128E0,8.461050034E0,-5.719950199E0
2.478163553E2,2.389500141E-1,1.100895023E1,-2.661000013E0
2.478187989E2,6.940500140E-1,5.404050350E0,-3.637050152E0
2.478212424E2,2.932050228E0,7.378950119E0,-4.290000200E-1
2.478236860E2,1.096500015E1,4.495950222E0,-6.565950394E0
2.478261297E2,5.302950382E0,5.866050243E0,-9.525000572E0
2.478285732E2,2.341050148E0,8.299050331E0,-3.538950205E0
2.478310169E2,1.234950066E0,4.932000160E0,9.610500336E-1
2.478334602E2,7.927050591E0,6.936000347E0,1.171950102E0
2.478359039E2,1.182000065E1,6.406950474E0,-8.557950020E0
2.478383475E2,1.996050119E0,9.714000702E0,-8.673000336E0
2.478407912E2,2.170950174E0,1.263495064E1,-4.432050228E0
2.478432347E2,-1.290000081E-1,7.104000568E0,-4.630950451E0
2.478456783E2,2.097000122E0,8.155050278E0,1.284000039E0
2.478481217E2,9.576000214E0,6.642000198E0,-5.569950104E0
2.478505653E2,5.704950333E0,6.880950451E0,-6.859950542E0
2.478530090E2,3.073050261E0,1.028295040E1,-1.807950139E0
2.478554525E2,1.204050064E0,6.115050316E0,2.745000124E0
2.478578961E2,4.575000286E0,8.896950722E0,1.855950117E0
2.478603396E2,1.218900013E1,8.068950653E0,-1.018800068E1
2.478627833E2,3.090000153E0,1.003005028E1,-9.592050552E0
2.478652269E2,2.190000057E0,1.304595089E1,-5.248950481E0
2.478676704E2,3.559500277E-1,7.978050232E0,-6.795000285E-2
2.478701141E2,2.530499995E-1,8.269950867E0,3.037050247E0
2.478725577E2,6.639000416E0,9.951000214E0,-2.649000168E0
2.478750011E2,3.198000193E0,6.763950348E0,-3.574950218E0
2.478774447E2,3.648000240E0,9.760950089E0,-2.665050030E0
2.478798882E2,7.770000100E-1,6.204000473E0,-1.230000034E-1
2.478823319E2,4.612950325E0,6.820950508E0,1.504950047E0
2.478847755E2,9.457050323E0,8.593050003E0,-9.934050560E0
2.478872190E2,2.635050058E0,9.448050499E0,-5.578950405E0
2.478896626E2,3.178950071E0,1.252200031E1,-5.212950230E0
2.478921063E2,9.880500436E-1,7.185000420E0,-9.010500312E-1
2.478945498E2,4.309050083E0,7.092000484E0,1.287000060E0
2.478969935E2,6.871050358E0,7.690050602E0,-5.629050255E0
2.478994368E2,3.543000221E0,6.520050526E0,-7.126050472E0
2.479018805E2,2.130000114E0,8.554950714E0,-5.020950317E0
2.479043241E2,1.156050086E0,4.369050026E0,1.126049995E0
2.479067676E2,7.800000191E0,7.638000488E0,1.684050083E0
2.479092113E2,1.015800095E1,6.405000210E0,-8.292000771E0
2.479116549E2,2.056050062E0,1.069800091E1,-3.277950048E0
2.479140984E2,1.681950092E0,1.320000076E1,-1.384050012E0
2.479165420E2,-6.439500451E-1,8.530950546E0,1.155000091E0
2.479189857E2,1.249050021E0,1.054695034E1,3.339000225E0
2.479214292E2,7.807050228E0,9.124950409E0,-5.088000298E0
2.479238728E2,5.155950069E0,7.504050255E0,-7.771950245E0
2.479263162E2,3.895050287E0,8.947050095E0,-6.786000252E0
2.479287599E2,6.790500283E-1,7.168050289E0,-2.710500062E-1
2.479312036E2,7.246950150E0,9.876000404E0,-2.062050104E0
2.479336470E2,8.968050003E0,9.136950493E0,-1.057095051E1
2.479360907E2,2.568000078E0,1.094700050E1,-7.474950314E0
2.479385343E2,2.190000057E0,1.181100082E1,-5.767950058E0
2.479409778E2,2.980500162E-1,7.219050407E0,-1.501950026E0
2.479434214E2,4.612950325E0,8.524050713E0,-1.276950002E0
2.479458649E2,6.780000210E0,6.666000366E0,-8.305950165E0
2.479483086E2,2.962950230E0,7.498950481E0,-5.469000340E0
2.479507522E2,3.028050184E0,7.662000179E0,-5.059500337E-1
2.479531959E2,9.210000634E-1,5.221950054E0,4.348950386E0
2.479556393E2,4.077000141E0,1.190205097E1,4.323000431E0
2.479580829E2,9.387000084E0,9.856950760E0,1.633950114E0
2.479605264E2,4.645950317E0,9.772950172E0,-1.177950025E0
2.479629701E2,5.389050484E0,1.219395065E1,-4.855950356E0
2.479654135E2,1.033950090E0,9.115050316E0,-1.755000114E0
2.479678572E2,4.984050274E0,1.173900032E1,-2.473950148E0
2.479703008E2,7.182000160E0,1.296705055E1,-9.558000565E0
2.479727443E2,4.216050148E0,1.240005016E1,-8.006999969E0
2.479751880E2,3.058950186E0,1.245000076E1,-6.930000305E0
2.479776316E2,1.837950110E0,1.130295086E1,1.756050110E0
2.479800750E2,8.427000046E0,1.496895027E1,-2.530950069E0
2.479825187E2,8.500950813E0,1.308000088E1,-1.253895092E1
2.479849623E2,2.353049994E0,1.284300041E1,-8.232000351E0
2.479874058E2,1.800000072E0,1.153995037E1,-6.489000320E0
2.479898494E2,2.890500128E-1,7.015050411E0,-6.570000052E-1
2.479922931E2,5.257050037E0,8.361000061E0,-1.698000073E0
2.479947365E2,4.989000320E0,8.895000458E0,-4.381950378E0
2.479971802E2,3.034950256E0,6.916950226E0,-1.935000062E0
2.479996236E2,3.399000168E0,8.322000504E0,-4.770000279E-1
2.480020673E2,1.351950049E0,6.613050461E0,2.896050215E0
2.480045109E2,8.104050636E0,1.218405056E1,4.708050251E0
2.480069544E2,6.282000065E0,8.164050102E0,-5.596050262E0
2.480093980E2,1.483950019E0,1.230900097E1,-2.244000196E0
2.480118415E2,1.330050111E0,8.815950394E0,-4.389000416E0
2.480142851E2,-7.350000143E-1,5.445000172E0,1.335000038E0
2.480167287E2,4.872000217E0,6.876000404E0,-2.713050127E0
2.480191724E2,6.196050167E0,4.671000004E0,-8.272950172E0
2.480216158E2,3.603000164E0,4.056000233E0,-6.087000370E0
2.480240595E2,2.001000166E0,4.492050171E0,-5.761050224E0
2.480265030E2,1.930500120E-1,2.619000196E0,-9.510000348E-1
2.480289467E2,1.017495060E1,8.989950180E0,-3.376050234E0
2.480313903E2,5.956050396E0,5.607000351E0,-8.938050270E0
2.480338337E2,-6.970500350E-1,6.675000191E0,-2.506950140E0
2.480362774E2,-1.968000054E0,9.235050201E0,4.114050388E0
2.480387208E2,-5.700000376E-2,3.202950239E0,1.131000042E0
2.480411645E2,6.744000435E0,1.048695087E1,2.733000040E0
2.480436081E2,8.998950005E0,4.932000160E0,-3.352050066E0
2.480460516E2,6.298950195E0,7.257000446E0,-4.528050423E0
2.480484952E2,4.270950317E0,7.513050556E0,-4.480050087E0
2.480509389E2,4.210500121E-1,8.452050209E0,2.059950113E0
2.480533824E2,8.820000648E0,1.203405094E1,-3.858000278E0
2.480558260E2,7.120050430E0,8.289000511E0,-1.208700085E1
2.480582697E2,2.419950008E0,1.163100052E1,-9.508050919E0
2.480607131E2,2.131950140E0,7.908000469E0,-8.400000572E0
2.480631567E2,9.619500637E-1,5.539950371E0,-2.074050188E0
2.480656002E2,1.007700062E1,6.787950516E0,-5.910000324E0
2.480680439E2,8.248050690E0,3.274950266E0,-1.367205048E1
2.480704875E2,2.602050066E0,5.566950321E0,-1.072200012E1
2.480729310E2,1.444950104E0,5.161950111E0,-6.010050297E0
2.480753746E2,-6.750000119E-1,3.946050167E0,5.350500345E-1
2.480778180E2,5.269050121E0,7.683000565E0,5.473950386E0
2.480802617E2,6.277050495E0,1.684950113E0,2.338050127E0
2.480827053E2,3.709950209E0,2.559000015E0,-6.300000101E-2
2.480851490E2,6.186000347E0,5.104950428E0,2.884050131E0
2.480875924E2,5.563950062E0,1.468050122E0,-3.793050289E0
2.480900361E2,8.094000816E0,4.125000000E0,-1.281705093E1
2.480924796E2,6.708000183E0,3.439950228E0,-1.187595081E1
2.480949232E2,2.058000088E0,5.482950211E0,-8.598000526E0
2.480973669E2,1.732950091E0,7.705050468E0,-4.189500213E-1
2.480998103E2,1.813950062E0,9.273000717E0,4.143000126E0
2.481022540E2,4.524000168E0,1.538295078E1,1.876050115E0
2.481046976E2,3.976050138E0,1.402605057E1,5.569950104E0
2.481071411E2,2.176050186E0,1.182105064E1,-1.653000116E0
2.481095847E2,3.732000113E0,1.553595066E1,8.869500160E-1
2.481120282E2,4.108050346E0,1.290495014E1,1.750950098E0
2.481144718E2,3.487950087E0,1.450005054E1,-1.777050138E0
2.481169155E2,1.307400036E1,1.263000107E1,-3.369000196E0
2.481193590E2,6.397050381E0,9.442950249E0,-1.474005032E1
2.481218026E2,4.423950195E0,9.964950562E0,-1.830495071E1
2.481242462E2,3.718050241E0,8.530950546E0,-1.204605103E1
2.481266897E2,1.153200054E1,1.116900063E1,-1.540995026E1
2.481291333E2,6.471000195E0,9.484050751E0,-1.790295029E1
2.481315768E2,2.511000156E0,6.034050465E0,-9.793050766E0
2.481340205E2,1.515000105E0,8.112000465E0,-2.026050091E0
2.481364641E2,3.220500052E-1,2.799000025E0,8.343000412E0
2.481389076E2,-4.500000179E-1,8.305950165E0,5.941050053E0
2.481413512E2,-1.450950027E0,2.113950014E0,7.215000153E0
2.481437949E2,1.222950101E0,1.671000123E0,5.866950512E0
2.481462383E2,2.037000179E0,2.296050072E0,6.753000259E0
2.481486819E2,4.587000370E0,4.720500112E-1,3.324000120E0
2.481511256E2,1.076595020E1,1.875000119E0,-5.562000275E0
2.481535690E2,1.289505100E1,-3.580500185E-1,-9.412050247E0
2.481560127E2,6.741000175E0,4.582950115E0,-1.367700100E1
2.481584562E2,2.527950048E0,6.685050488E0,-1.126605034E1
2.481608999E2,2.430000156E-1,3.973950148E0,1.720050097E0
2.481633435E2,3.267000198E0,1.071195030E1,2.745000124E0
2.481657869E2,4.504950047E0,1.332900047E1,4.396950245E0
2.481682306E2,1.500000060E-1,5.254950047E0,4.288949966E0
2.481706742E2,-1.170000061E-1,5.221950054E0,-4.522950172E0
2.481731177E2,8.280000687E-1,8.752950668E0,-1.597050071E0
2.481755613E2,2.482050180E0,1.449000072E1,4.303050041E0
2.481780048E2,3.279000044E0,1.320900059E1,4.411050320E0
2.481804484E2,7.459500432E-1,8.346000671E0,-4.341000080E0
2.481828921E2,2.278950214E0,1.105395031E1,3.537000179E0
2.481853356E2,9.469050407E0,8.643000603E0,-5.122050285E0
2.481877792E2,6.025950432E0,8.855999947E0,-2.044800186E1
2.481902229E2,7.491000175E0,5.806050301E0,-2.257905197E1
2.481926663E2,2.841000080E0,6.079050064E0,-1.750500107E1
2.481951100E2,2.815050125E0,6.192000389E0,-1.023795033E1
2.481975537E2,-4.669500291E-1,4.105950356E0,5.520000458E0
2.481999971E2,4.120050430E0,8.662050247E0,7.722000599E0
2.482024408E2,7.833000183E0,1.278300095E1,2.400000095E0
2.482048842E2,3.403950214E0,9.678000450E0,5.352000237E0
2.482073278E2,4.347000122E0,9.522000313E0,6.496950150E0
2.482097715E2,2.118000031E0,7.365000248E0,1.890000105E0
2.482122150E2,7.440000176E-1,1.388400078E1,1.279500127E-1
2.482146586E2,1.390050054E0,1.225095081E1,-1.753050089E0
2.482171023E2,4.759500325E-1,8.080950737E0,3.328950167E0
2.482195458E2,9.859500527E-1,1.064700031E1,2.035950184E0
2.482219894E2,1.564950109E0,1.131300068E1,-4.720500112E-1
2.482244331E2,9.259950638E0,1.165095043E1,-5.019000053E0
2.482268765E2,4.716000080E0,1.209300041E1,-1.947105026E1
2.482293202E2,1.432950020E0,1.212705040E1,-1.219005013E1
2.482317636E2,2.097000122E0,1.244505024E1,-1.130895042E1
2.482342072E2,5.380499959E-1,1.044600010E1,-6.490500569E-1
2.482366509E2,5.371950150E0,9.874050140E0,1.756050110E0
2.482390944E2,6.129000187E0,1.137495041E1,-1.734000087E0
2.482415380E2,5.659050465E0,9.655950546E0,-4.219500124E-1
2.482439815E2,5.053950310E0,9.333000183E0,-2.275050163E0
2.482464252E2,2.467950106E0,7.036950111E0,-5.149500370E-1
2.482488688E2,9.676950455E0,1.024305058E1,-2.728050232E0
2.482513125E2,5.710050106E0,1.168905067E1,-8.725049973E0
2.482537558E2,2.125050068E0,9.426000595E0,-5.416050434E0
2.482561996E2,2.166000128E0,1.025505066E1,-3.898050070E0
2.482586430E2,1.429500133E-1,6.067050457E0,4.699500203E-1
2.482610866E2,4.431000233E0,7.116000175E0,-6.730500460E-1
2.482635303E2,5.056050301E0,9.256050110E0,-5.002050400E0
2.482659738E2,1.894950032E0,6.376050472E0,-4.411050320E0
2.482684174E2,1.809000134E0,7.396050453E0,-3.094050169E0
2.482708609E2,8.295000345E-2,4.081950188E0,8.410500288E-1
2.482733046E2,7.504950523E0,8.149950027E0,-6.490500569E-1
2.482757482E2,4.645950317E0,6.405000210E0,-6.526950359E0
2.482781919E2,-1.770000011E-1,8.284049988E0,-2.815950155E0
2.482806353E2,1.189500093E-1,7.426950455E0,-1.528050065E0
2.482830790E2,-5.100000501E-1,1.566000104E0,-8.530500531E-1
2.482855224E2,4.060050011E0,6.201000214E0,2.838000059E0
2.482879661E2,4.845000267E0,5.053950310E0,-3.099000216E0
2.482904097E2,2.959050179E0,5.731950283E0,-9.580500722E-1
2.482928532E2,2.371950150E0,5.578950405E0,-1.150050044E0
2.482952968E2,-1.429500133E-1,3.376050234E0,-1.500000060E-2
2.482977403E2,5.455950260E0,8.245950699E0,4.579500258E-1
2.483001839E2,5.749950409E0,6.100950241E0,-6.787950516E0
2.483026276E2,2.338050127E0,7.575000286E0,-3.328950167E0
2.483050710E2,3.151950121E0,7.792950153E0,-6.727950096E0
2.483075146E2,1.399500072E-1,4.165950298E0,-2.577000141E0
2.483099583E2,6.543000221E0,6.892950535E0,-1.902000070E0
2.483124018E2,7.210950375E0,3.706050158E0,-7.023000240E0
2.483148454E2,3.430050135E0,6.807000160E0,-6.190050125E0
2.483172891E2,3.045000076E0,6.529050350E0,-5.007000446E0
2.483197325E2,3.940500319E-1,3.759000063E0,-3.670500219E-1
2.483221762E2,7.630050182E0,9.262950897E0,-5.320500135E-1
2.483246196E2,8.833950043E0,5.677050114E0,-6.499050140E0
2.483270633E2,7.630500197E-1,1.133400059E1,-3.613050222E0
2.483295069E2,2.580000162E0,9.742050171E0,-3.721050262E0
2.483319504E2,1.840500087E-1,6.181950092E0,-3.546000242E0
2.483343940E2,3.496950150E0,1.017795086E1,6.690000296E-1
2.483368377E2,7.066950321E0,6.354000092E0,-3.730950117E0
2.483392812E2,5.235000134E0,8.787000656E0,-4.855950356E0
2.483417248E2,4.125000000E0,7.870050430E0,-1.522950053E0
2.483441685E2,9.450000525E-1,6.570000172E0,2.368950129E0
2.483466119E2,4.917000294E0,1.156005096E1,1.095000029E0
2.483490555E2,9.114000320E0,1.209300041E1,-6.529950142E0
2.483514992E2,5.508000374E0,1.073805046E1,-6.534000397E0
2.483539427E2,4.936050415E0,1.195905018E1,-1.003005028E1
2.483563863E2,1.315950036E0,9.283050537E0,-3.007950068E0
2.483588298E2,2.305050135E0,9.843000412E0,1.713000059E0
2.483612734E2,5.020050049E0,1.161900043E1,-4.200000286E0
2.483637171E2,4.575000286E0,9.115050316E0,-3.331050158E0
2.483661606E2,4.531949997E0,9.570000648E0,-4.273950100E0
2.483686042E2,2.077050209E0,6.915000439E0,-2.328000069E0
2.483710476E2,6.322050095E0,9.072000504E0,-3.199050188E0
2.483734913E2,7.471950531E0,8.920950890E0,-9.457950592E0
2.483759349E2,3.409050226E0,9.739950180E0,-6.264000416E0
2.483783784E2,3.817950249E0,9.651000023E0,-3.865050077E0
2.483808220E2,8.539500237E-1,5.665050507E0,3.340500295E-1
2.483832657E2,4.512000084E0,5.236050129E0,9.970500469E-1
2.483857092E2,7.450050354E0,8.196000099E0,-4.798950195E0
2.483881528E2,3.502050161E0,5.221950054E0,-4.420050144E0
2.483905965E2,3.403950214E0,7.458000183E0,-1.192950010E0
2.483930399E2,9.930000305E-1,4.330950260E0,1.564050078E0
2.483954835E2,7.864050388E0,9.370950699E0,2.260950089E0
2.483979270E2,8.880000114E0,9.313950539E0,-6.147000313E0
2.484003707E2,2.472000122E0,1.017795086E1,-5.104950428E0
2.484028143E2,2.386050224E0,1.152795029E1,-5.176950455E0
2.484052578E2,-1.890000105E-1,7.068000317E0,-1.674000025E0
2.484077015E2,3.409050226E0,7.819950581E0,-1.273950100E0
2.484101451E2,8.350049973E0,9.520050049E0,-7.879950523E0
2.484125886E2,5.980050087E0,6.535950184E0,-7.570950508E0
2.484150322E2,4.146000385E0,8.253000259E0,-5.485950470E0
2.484174759E2,1.089000106E0,5.617050171E0,-2.251049995E0
2.484199193E2,8.041950226E0,9.879000664E0,-1.714950085E0
2.484223629E2,9.315000534E0,9.460050583E0,-8.890050888E0
2.484248066E2,2.403000116E0,1.027905083E1,-5.806950092E0
2.484272501E2,1.504950047E0,1.104705048E1,-2.881050110E0
2.484296937E2,-2.110500038E-1,6.133950233E0,-2.639999986E-1
2.484321372E2,1.845000029E0,7.942050457E0,2.515050173E0
2.484345808E2,7.399950504E0,7.489050388E0,-2.028000116E0
2.484370245E2,5.269050121E0,6.745050430E0,-3.819000244E0
2.484394679E2,5.322000027E0,9.478950500E0,-2.292000055E0
2.484419116E2,1.077000022E0,6.294000149E0,-7.279500365E-1
2.484443550E2,3.849000216E0,1.094895077E1,2.400000095E-1
2.484467987E2,9.106950760E0,1.338405037E1,-8.103000641E0
2.484492423E2,3.373050213E0,1.165305042E1,-5.541000366E0
2.484516860E2,2.986950159E0,1.251705074E1,-6.637050152E0
2.484541295E2,1.311000109E0,8.478000641E0,-2.995950222E0
2.484565731E2,1.948050141E0,9.286950111E0,1.630950093E0
2.484590165E2,5.755050182E0,1.342200089E1,-3.052950144E0
2.484614602E2,5.508000374E0,9.931050301E0,-4.798950195E0
2.484639038E2,5.809950352E0,1.212000084E1,-4.585950375E0
2.484663473E2,2.395950079E0,9.145950317E0,-5.062050343E0
2.484687909E2,4.465050220E0,1.262505054E1,-3.430500031E-1
2.484712346E2,8.041950226E0,1.412100029E1,-7.200000286E0
2.484736781E2,3.172050238E0,1.244100094E1,-5.275050163E0
2.484761217E2,3.301050186E0,1.247400093E1,-3.594000101E0
2.484785654E2,1.840050101E0,7.566000462E0,-3.988950253E0
2.484810088E2,3.270000219E0,6.271050453E0,-1.911000133E0
2.484834524E2,8.218950272E0,8.559000015E0,-6.343050480E0
2.484858959E2,4.156050205E0,6.591000080E0,-6.979950428E0
2.484883396E2,2.974950075E0,7.819950581E0,-2.016000032E0
2.484907832E2,1.464000106E0,4.213950157E0,8.680500388E-1
2.484932267E2,4.608000278E0,5.827950478E0,2.323050022E0
2.484956703E2,8.101050377E0,7.609050274E0,-7.116000175E0
2.484981140E2,2.185050011E0,6.261000156E0,-6.525000095E0
2.485005574E2,4.879500270E-1,9.261000633E0,-6.589500308E-1
2.485030010E2,5.980500579E-1,3.033000231E0,-2.353950024E0
2.485054447E2,3.793950081E0,6.031050205E0,2.208000183E0
2.485078882E2,8.005949974E0,6.438000202E0,-2.473950148E0
2.485103318E2,4.736999989E0,4.750050068E0,-5.469000340E0
2.485127755E2,1.498050094E0,8.104949951E0,-3.175050259E0
2.485152190E2,-4.810500145E-1,3.855000257E0,-1.296000004E0
2.485176626E2,2.956050158E0,7.875000477E0,4.270500243E-1
2.485201060E2,9.576000214E0,7.918050289E0,-8.014050484E0
2.485225497E2,1.833000064E0,7.240050316E0,-6.871950150E0
2.485249934E2,1.450050116E0,1.147305012E1,-1.789050102E0
2.485274368E2,1.905000091E0,7.954050541E0,-1.800000072E-1
2.485298804E2,-4.930500090E-1,1.038600063E1,-1.609500051E-1
2.485323239E2,7.900050163E0,1.013295078E1,-5.080500245E-1
2.485347676E2,6.109050274E0,8.181000710E0,-7.462950230E0
2.485372112E2,5.716950417E0,1.037205029E1,-6.592050076E0
2.485396547E2,2.331000090E0,8.344050407E0,-3.349950075E0
2.485420982E2,2.784000158E0,1.067100048E1,1.405950069E0
2.485445419E2,1.095105076E1,1.300995064E1,-6.211050510E0
2.485469854E2,5.523000240E0,1.124595070E1,-6.903000355E0
2.485494291E2,3.342000246E0,1.410900021E1,-5.929050446E0
2.485518727E2,1.702050090E0,1.037700081E1,-4.477950096E0
2.485543162E2,1.432950020E0,9.690000534E0,7.740000486E-1
2.485567598E2,7.366050243E0,1.213200092E1,-4.453950405E0
2.485592035E2,4.702050209E0,9.309000015E0,-6.321000099E0
2.485616469E2,3.411000252E0,1.125300026E1,-2.929050207E0
2.485640905E2,2.070000172E0,5.986050129E0,-4.285950184E0
2.485665340E2,2.266950130E0,5.317950249E0,-1.654950023E0
2.485689777E2,1.024905014E1,9.271050453E0,-1.208205032E1
2.485714213E2,4.204050064E0,5.275050163E0,-1.386795044E1
2.485738648E2,-1.558050036E0,6.924000263E0,-7.660050392E0
2.485763085E2,-1.699950099E0,3.463950157E0,9.000000358E-2
2.485787521E2,-1.024950027E0,-4.660500288E-1,2.778000116E0
2.485811955E2,1.126950026E0,2.836950064E0,3.067950249E0
2.485836392E2,2.367000103E0,-1.210500076E-1,2.509950161E0
2.485860829E2,-1.129950047E0,-5.879999995E-1,1.461000085E0
2.485885263E2,-6.750000119E-1,-5.809500217E-1,7.018950462E0
2.485909699E2,1.138950109E0,-1.263000011E0,1.200000048E0
2.485934134E2,6.319950104E0,-4.879500270E-1,-6.274050236E0
2.485958571E2,1.016100025E1,-2.712000132E0,-6.657000542E0
2.485983007E2,1.180095100E1,-2.344950199E0,-9.871950150E0
2.486007441E2,1.126005077E1,9.100500345E-1,-1.198905087E1
2.486031878E2,5.784000397E0,4.032000065E0,-1.386795044E1
2.486056315E2,7.287000179E0,7.267050266E0,-1.051605034E1
2.486080749E2,5.046000004E0,6.169950485E0,-1.702950120E0
2.486105186E2,3.502050161E0,5.239050388E0,-3.900000080E-2
2.486129622E2,3.856050253E0,5.071050167E0,-4.341000080E0
2.486154057E2,8.800500631E-1,4.539000034E0,1.315050006E0
2.486178493E2,2.520000219E0,3.961950302E0,4.390050411E0
2.486202930E2,8.592000008E0,1.583100033E1,7.789500356E-1
2.486227365E2,7.150950432E0,2.502495193E1,-1.542000055E0
2.486251801E2,2.358000040E0,6.898050308E0,-1.348050117E0
2.486276235E2,2.050500065E-1,4.738050461E0,-1.971000075E0
2.486300672E2,7.512000561E0,1.236900043E1,-8.395050049E0
2.486325108E2,3.682050228E0,1.150200081E1,-6.436050415E0
2.486349545E2,8.110500574E-1,8.254950523E0,-4.305000305E0
2.486373980E2,6.979500055E-1,1.024500084E1,-2.158050060E0
2.486398416E2,9.469500184E-1,8.076000214E0,1.396950126E0
2.486422851E2,1.174950004E0,1.218405056E1,1.879500151E-1
2.486447287E2,3.363000154E0,1.477005100E1,5.881050110E0
2.486471724E2,1.254000068E0,7.767000198E0,-9.409500360E-1
2.486496158E2,-1.390500069E-1,9.088950157E0,1.441950083E0
2.486520594E2,1.004999995E0,9.814050674E0,2.437950134E0
2.486545029E2,3.841950178E0,8.703000069E0,1.267050028E0
2.486569466E2,6.547950268E0,6.268050194E0,-6.637050152E0
2.486593902E2,1.206000090E0,4.635000229E0,-3.915000200E0
2.486618337E2,4.090950012E0,8.173950195E0,-8.632050514E0
2.486642773E2,1.728000045E0,7.305000305E0,-4.308000088E0
2.486667210E2,8.506050110E0,6.972000122E0,-7.030050278E0
2.486691644E2,8.944050789E0,6.709050179E0,-1.260195065E1
2.486716081E2,3.418050051E0,8.052000046E0,-6.958050251E0
2.486740518E2,5.209050179E0,1.140600014E1,-3.297000170E0
2.486764952E2,2.097000122E0,8.458950043E0,5.800500512E-1
2.486789388E2,4.036050320E0,8.902050018E0,1.477950096E0
2.486813825E2,7.117050171E0,1.222005081E1,-4.240950108E0
2.486838260E2,3.595050097E0,8.631000519E0,-7.123050213E0
2.486862696E2,2.524950027E0,8.416049957E0,-8.170050621E0
2.486887131E2,6.580500603E-1,8.253000259E0,-3.442950249E0
2.486911567E2,7.624950409E0,9.694050789E0,-1.747950077E0
2.486936004E2,8.314949989E0,9.591000557E0,-5.388000488E0
2.486960441E2,2.382000208E0,8.437050819E0,-1.650000095E0
2.486984874E2,2.262000084E0,1.117905045E1,1.062000036E0
2.487009311E2,5.879999995E-1,8.749050140E0,1.420950055E0
2.487033746E2,1.789500117E-1,9.735000610E0,-1.480050087E0
2.487058183E2,3.835050106E0,1.362105083E1,3.046050072E0
2.487082619E2,2.680950165E0,1.086000061E1,-2.078999996E0
2.487107054E2,1.668000102E0,1.127205086E1,-1.296000004E0
2.487131490E2,1.888050079E0,1.094400024E1,1.761000037E0
2.487155927E2,3.270000219E-1,1.034595013E1,-2.989050150E0
2.487180361E2,1.462050080E0,1.424100113E1,-5.100000501E-1
2.487204798E2,1.255950093E0,1.105395031E1,2.833050251E0
2.487229232E2,-9.220500588E-1,8.665050507E0,-1.927950144E0
2.487253668E2,-9.300000221E-2,1.004400063E1,1.300500035E-1
2.487278105E2,7.060500383E-1,9.490950584E0,-1.090050101E0
2.487302540E2,4.695000127E-2,1.044405079E1,-1.870500147E-1
2.487326976E2,2.295000106E-2,9.085950851E0,1.336950064E0
2.487351413E2,-4.000500143E-1,8.233950615E0,-9.439500570E-1
2.487375848E2,3.990000188E-1,5.377050400E0,1.095000029E0
2.487400284E2,-4.710000157E-1,6.330000401E0,-1.183050036E0
2.487424721E2,1.237050056E0,9.582000732E0,1.710000038E0
2.487449155E2,7.129500508E-1,5.026050091E0,2.434050083E0
2.487473592E2,9.640500546E-1,4.482000351E0,-1.675950050E0
2.487498026E2,3.607050180E0,8.677050591E0,5.425950050E0
2.487522463E2,2.371950150E0,5.524050236E0,7.189500332E-1
2.487546899E2,3.913950205E0,5.995050430E0,2.199000120E0
2.487571336E2,1.879050136E0,4.408050060E0,5.653950214E0
2.487595770E2,7.978950500E0,1.750050068E0,1.195950031E0
2.487620207E2,8.050950050E0,1.714050055E0,-1.322400093E1
2.487644642E2,1.797000051E0,5.848950386E0,-2.013600159E1
2.487669078E2,4.194000244E0,6.607950211E0,-2.296200180E1
2.487693515E2,7.639050484E0,2.406000137E0,-1.471305084E1
2.487717949E2,4.527000427E0,5.883000374E0,-1.029105091E1
2.487742386E2,5.833950043E0,5.322000027E0,-2.032950163E0
2.487766822E2,7.393050194E0,3.796950102E0,1.999500096E-1
2.487791257E2,1.197495079E1,5.527950287E0,-3.178050041E0
2.487815694E2,1.133100033E1,1.741050124E0,-5.395050049E0
2.487840128E2,1.051005077E1,2.998050213E0,-8.376000404E0
2.487864565E2,5.977950096E0,4.960950375E0,-1.206300068E1
2.487889001E2,4.405050278E0,6.651000500E0,-1.446705055E1
2.487913436E2,1.176495075E1,9.475950241E0,-1.306395054E1
2.487937872E2,5.259000301E0,9.960000038E0,-6.787950516E0
2.487962309E2,5.400000140E-2,1.193505096E1,-4.453950405E0
2.487986743E2,-3.600000218E-2,1.313505077E1,-3.241950035E0
2.488011180E2,7.605000585E-2,1.040295029E1,-9.820500612E-1
2.488035614E2,2.430000156E-1,1.383900070E1,-1.024950027E0
2.488060051E2,2.652000189E0,1.217205048E1,8.479050636E0
2.488084487E2,1.053000093E0,8.986050606E0,2.854950190E0
2.488108924E2,-2.899500132E-1,1.063095093E1,-2.059950113E0
2.488133359E2,8.850000501E-1,1.185900021E1,-2.586000204E0
2.488157795E2,2.812050104E0,1.520805073E1,2.248950005E0
2.488182230E2,3.739050150E0,1.303395081E1,4.822950363E0
2.488206667E2,1.459950089E0,6.309000492E0,9.405000508E-2
2.488231103E2,1.180050015E0,9.369000435E0,-1.645050049E0
2.488255537E2,3.904050112E0,9.970050812E0,-1.441950083E0
2.488279974E2,1.330200100E1,8.089950562E0,-4.800000042E-2
2.488304410E2,1.101300049E1,2.334000111E0,-1.753905106E1
2.488328845E2,3.688950062E0,4.366950035E0,-1.339200020E1
2.488353282E2,2.809950113E0,8.049000740E0,-6.259050369E0
2.488377718E2,2.452950001E0,6.843000412E0,2.011950016E0
2.488402153E2,7.978950500E0,9.192000389E0,-1.353000045E0
2.488426589E2,2.668950081E0,6.481050491E0,-9.010500312E-1
2.488451026E2,-1.170000061E-1,3.025950193E0,3.990000248E0
2.488475460E2,1.687050104E0,8.005949974E0,6.561000347E0
2.488499897E2,7.750500441E-1,6.649050236E0,-9.580500722E-1
2.488524334E2,6.205050468E0,6.037950516E0,1.867950082E0
2.488548767E2,7.467000484E0,6.052950382E0,-8.709000587E0
2.488573204E2,4.407000065E0,6.199050426E0,-9.316950798E0
2.488597639E2,2.536950111E0,9.164999962E0,-7.216950417E0
2.488622076E2,4.999500215E-1,7.087050438E0,-6.949500442E-1
2.488646512E2,1.057995033E1,1.057995033E1,-3.867000103E0
2.488670947E2,6.945000172E0,9.105000496E0,-7.705050468E0
2.488695383E2,1.090950012E0,8.421000481E0,-3.412050247E0
2.488719820E2,2.563050032E0,1.011300087E1,-9.460500479E-1
2.488744254E2,1.555050015E0,7.060950279E0,-1.758000135E0
2.488768691E2,8.583000183E0,9.874050140E0,-2.347050190E0
2.488793127E2,9.805950165E0,7.081950188E0,-7.701000214E0
2.488817562E2,4.060050011E0,9.274950027E0,-6.918000221E0
2.488841998E2,3.250950098E0,1.158105087E1,-3.613050222E0
2.488866433E2,1.294050097E0,7.936950207E0,-4.459500313E-1
2.488890870E2,1.100100040E1,1.081005096E1,-3.927000284E0
2.488915306E2,8.434050560E0,8.610000610E0,-9.721050262E0
2.488939741E2,2.580000162E-1,1.120500088E1,-5.698950291E0
2.488964177E2,1.888050079E0,1.019205093E1,-3.975000143E0
2.488988614E2,8.749500513E-1,5.647950172E0,-1.771950126E0
2.489013049E2,6.295950413E0,7.453050137E0,-1.183050036E0
2.489037485E2,8.923050880E0,6.163050175E0,-7.258050442E0
2.489061922E2,3.543000221E0,6.273000240E0,-4.726950169E0
2.489086356E2,3.331950188E0,8.386950493E0,1.060500070E-1
2.489110792E2,7.459500432E-1,5.662050247E0,3.480000198E-1
2.489135227E2,7.651050568E0,1.001295090E1,1.414050102E0
2.489159664E2,9.342000008E0,8.955000877E0,-7.759950161E0
2.489184101E2,2.604000092E0,9.430950165E0,-5.992950439E0
2.489208535E2,2.439000130E0,1.208100033E1,-4.561950207E0
2.489232971E2,4.999500215E-1,7.738050461E0,-3.385950089E0
2.489257408E2,2.808000088E0,8.743950844E0,-6.090000272E-1
2.489281845E2,6.318000317E0,9.505050659E0,-6.039000511E0
2.489306278E2,3.658050060E0,8.368050575E0,-5.023950100E0
2.489330715E2,2.944050074E0,1.111395073E1,-1.665000081E0
2.489355150E2,1.287000060E0,7.659000397E0,-1.695000008E-2
2.489379586E2,5.767050266E0,1.105695057E1,1.054050088E0
2.489404023E2,9.555000305E0,1.195500088E1,-9.427050591E0
2.489428457E2,2.853000164E0,1.104495049E1,-6.163050175E0
2.489452894E2,2.479950190E0,1.289805031E1,-3.604050159E0
2.489477328E2,8.989500403E-1,8.317950249E0,-2.128950119E0
2.489501765E2,4.057950020E0,9.024000168E0,5.760000348E-1
2.489526201E2,9.648000717E0,8.554950714E0,-7.348950386E0
2.489550636E2,4.657950401E0,7.858050346E0,-6.604050159E0
2.489575072E2,3.877950191E0,9.723000526E0,-2.874000072E0
2.489599509E2,1.285050035E0,6.997950554E0,-6.450000405E-1
2.489623943E2,7.536000252E0,8.787000656E0,-2.059500068E-1
2.489648380E2,8.097000122E0,1.013700008E1,-8.017050743E0
2.489672817E2,1.170000076E0,9.430950165E0,-4.996950150E0
2.489697251E2,2.290950060E0,1.083600044E1,-2.995950222E0
2.489721687E2,2.295000106E-2,6.976950169E0,-1.887000084E0
2.489746124E2,1.872000098E0,4.980000019E0,1.545000076E0
2.489770559E2,6.052050114E0,7.669050217E0,-6.285000324E0
2.489794996E2,2.908050060E0,6.876000404E0,-3.132000208E0
2.489819429E2,2.631000042E0,8.641050339E0,-1.011000037E0
2.489843866E2,1.002000093E0,4.687950134E0,1.014000058E0
2.489868303E2,3.351000071E0,7.068000317E0,1.605000019E0
2.489892740E2,8.539950371E0,9.060000420E0,-7.183050156E0
2.489917174E2,2.440950155E0,7.498950481E0,-5.485950470E0
2.489941610E2,3.006000042E0,1.021395016E1,-4.485000134E0
2.489966045E2,1.066950083E0,5.574000359E0,-2.629050016E0
2.489990482E2,1.768950105E0,5.370000362E0,1.969500035E-1
2.490014918E2,7.414050579E0,7.156050205E0,-4.248000145E0
2.490039353E2,5.440950394E0,6.481050491E0,-3.678000212E0
2.490063789E2,4.077000141E0,8.203050613E0,-2.838000059E0
2.490088226E2,7.939500213E-1,6.358950138E0,-7.470000386E-1
2.490112660E2,5.044050217E0,7.129950523E0,-1.408050060E0
2.490137096E2,1.060605049E1,8.659950256E0,-8.365950584E0
2.490161533E2,2.797950029E0,8.911050797E0,-7.734000206E0
2.490185968E2,2.668950081E0,1.117395020E1,-4.204950333E0
2.490210404E2,7.819500566E-1,7.549050331E0,-2.160000086E0
2.490234841E2,2.829000235E0,4.839000225E0,7.579500079E-1
2.490259276E2,8.391000748E0,7.780950546E0,-5.098050117E0
2.490283712E2,3.361050129E0,6.304050446E0,-6.525000095E0
2.490308149E2,2.001000166E0,8.380050659E0,-3.727950096E0
2.490332583E2,6.100500226E-1,5.329950333E0,-1.747950077E0
2.490357019E2,4.488000393E0,5.320050240E0,1.179000020E0
2.490381454E2,9.696000099E0,8.619000435E0,-4.735949993E0
2.490405891E2,2.053050041E0,7.872000217E0,-4.047000408E0
2.490430327E2,2.118000031E0,1.077900028E1,-7.500000298E-2
2.490454764E2,1.117050052E0,6.844950199E0,1.489500105E-1
2.490479198E2,-6.439500451E-1,4.756950378E0,6.469500065E-1
2.490503635E2,3.564000130E0,9.001950264E0,1.063950062E0
2.490528069E2,3.427950144E0,8.107049942E0,-2.742000103E0
2.490552506E2,2.857950211E0,7.501050472E0,-2.173950195E0
2.490576940E2,2.820000172E0,7.204050541E0,-2.737050056E0
2.490601377E2,9.900000691E-1,6.277950287E0,-1.939500123E-1
2.490625813E2,7.749000549E0,1.075005054E1,-1.426950097E0
2.490650250E2,3.190950155E0,1.076700020E1,-5.209950447E0
2.490674685E2,2.578050137E0,1.083405018E1,-9.510000348E-1
2.490699121E2,2.053050041E0,8.413050652E0,-2.668050051E0
2.490723556E2,4.695000127E-2,6.526950359E0,-8.340000510E-1
2.490747993E2,2.962950230E0,9.654000282E0,2.887950182E0
2.490772429E2,4.311000347E0,1.150005054E1,-2.530950069E0
2.490796863E2,4.905000210E0,8.932950020E0,-2.311050177E0
2.490821299E2,2.896050215E0,7.884000301E0,-2.995950222E0
2.490845736E2,2.467950106E0,6.181950092E0,-1.569000125E0
2.490870171E2,8.788949966E0,9.442950249E0,-6.582000256E0
2.490894608E2,4.314000130E0,1.062600040E1,-9.216000557E0
2.490919042E2,2.146950006E0,8.503950119E0,-5.749050140E0
2.490943478E2,1.333050013E0,6.936000347E0,-3.541950226E0
2.490967915E2,1.789500117E-1,3.132000208E0,-3.240000010E-1
2.490992352E2,7.861950397E0,5.839950085E0,-4.116000175E0
2.491016786E2,6.100050449E0,6.922050476E0,-8.910000801E0
2.491041222E2,1.723050117E0,6.028950214E0,-4.969050407E0
2.491065657E2,1.399950027E0,5.926050186E0,-1.171050072E0
2.491090094E2,1.222950101E0,3.595950127E0,1.737000108E0
2.491114530E2,8.347949982E0,8.358000755E0,1.918950081E0
2.491138965E2,5.880000114E0,6.132000446E0,-3.513000250E0
2.491163402E2,2.178000212E0,8.446949959E0,-1.234050035E0
2.491187838E2,3.279000044E0,6.414000511E0,-3.429000139E0
2.491212272E2,6.240000129E-1,4.513050079E0,-3.115050077E0
2.491236709E2,6.889950275E0,7.578000546E0,-2.713050127E0
2.491261145E2,7.275000572E0,7.092000484E0,-6.786000252E0
2.491285580E2,3.238950253E0,8.097000122E0,-2.754000187E0
2.491310016E2,2.329050064E0,8.239050865E0,-5.340000391E-1
2.491334453E2,9.160500169E-1,5.527950287E0,6.280500293E-1
2.491358888E2,7.204050541E0,1.015395069E1,-1.171050072E0
2.491383324E2,6.378000259E0,9.421050072E0,-1.019295025E1
2.491407758E2,2.668950081E0,9.454950333E0,-5.596050262E0
2.491432195E2,2.832000017E0,9.022050858E0,-7.459050179E0
2.491456632E2,3.390000165E-1,6.615000248E0,-6.949500442E-1
2.491481066E2,3.684000254E0,8.752950668E0,8.200500607E-1
2.491505502E2,5.647050381E0,1.114095020E1,-3.871950150E0
2.491529939E2,3.697950125E0,9.250950813E0,-1.417950034E0
2.491554374E2,3.412950277E0,9.828000069E0,-1.417950034E0
2.491578810E2,8.749500513E-1,6.498000145E0,-3.240000010E-1
2.491603247E2,4.453050137E0,9.816000938E0,2.308950186E0
2.491627682E2,6.820950508E0,1.177695084E1,-8.404050827E0
2.491652118E2,2.178000212E0,1.121505070E1,-3.391050100E0
2.491676555E2,2.590050220E0,9.546000481E0,-2.716050148E0
2.491700989E2,8.730000257E-1,6.148050308E0,-9.409500360E-1
2.491725425E2,2.098950148E0,8.140049934E0,1.813050032E0
2.491749860E2,6.973950386E0,1.218000031E1,-5.002050400E0
2.491774297E2,3.859050274E0,8.803950310E0,-4.873050213E0
2.491798733E2,3.054000139E0,8.734050751E0,-3.561000109E0
2.491823170E2,1.033950090E0,5.545050144E0,-1.035000086E0
2.491847604E2,4.703999996E0,8.233950615E0,1.519500017E-1
2.491872040E2,7.666050434E0,1.172505093E1,-6.739950180E0
2.491896475E2,2.137050152E0,9.538950920E0,-3.517950058E0
2.491920912E2,2.311950207E0,9.487950325E0,-1.438950062E0
2.491945348E2,7.560000420E-1,5.566950321E0,-2.329500169E-1
2.491969783E2,3.825000286E0,6.622950077E0,1.564050078E0
2.491994220E2,8.719050407E0,1.032195091E1,-5.409000397E0
2.492018656E2,3.955050230E0,7.486950397E0,-5.584050179E0
2.492043090E2,2.796000242E0,9.510000229E0,-4.392000198E0
2.492067527E2,1.147950053E0,4.498950005E0,-2.080950022E0
2.492091964E2,6.001950264E0,8.239050865E0,-4.549500346E-1
2.492116398E2,9.367950439E0,1.001295090E1,-9.537000656E0
2.492140834E2,2.875050068E0,8.394000053E0,-8.529000282E0
2.492165269E2,1.936050057E0,9.358950615E0,-5.743950367E0
2.492189706E2,8.779500127E-1,4.887000084E0,-2.778000116E0
2.492214142E2,5.230950356E0,6.675000191E0,8.220000267E-1
2.492238579E2,8.785950661E0,8.599950790E0,-5.722950459E0
2.492263014E2,4.702050209E0,5.791950226E0,-6.574950218E0
2.492287450E2,2.073000193E0,8.164050102E0,-4.465950012E0
2.492311884E2,3.490500152E-1,3.678000212E0,-1.624050021E0
2.492336321E2,6.358050346E0,7.848000526E0,1.797000051E0
2.492360758E2,1.101495075E1,7.068000317E0,-7.369950294E0
2.492385192E2,3.472950220E0,6.879000187E0,-6.163050175E0
2.492409628E2,1.570050120E0,9.069000244E0,-1.108950019E0
2.492434065E2,8.779500127E-1,5.104950428E0,-1.486950040E0
2.492458500E2,2.965950251E0,8.049000740E0,1.786950111E0
2.492482937E2,9.756000519E0,7.978050232E0,-4.602000237E0
2.492507373E2,5.602050304E0,5.919000149E0,-7.594950199E0
2.492531807E2,3.006000042E0,8.920950890E0,-2.076000214E0
2.492556244E2,5.910000205E-1,6.535950184E0,1.914000034E0
2.492580680E2,9.520500302E-1,8.622000694E0,-3.280500174E-1
2.492605115E2,1.179105091E1,1.227495098E1,-2.047950029E0
2.492629551E2,4.254000187E0,7.840950489E0,-7.060950279E0
2.492653986E2,4.006950378E0,1.010400009E1,-3.846000195E0
2.492678423E2,1.789950132E0,8.381999969E0,-3.889050245E0
2.492702859E2,5.689499974E-1,9.105000496E0,9.750000238E-1
2.492727294E2,6.624000549E0,1.239795017E1,-1.269000053E0
2.492751730E2,4.113000393E0,9.511950493E0,-4.449000359E0
2.492776167E2,3.367950201E0,1.099395084E1,-2.092950106E0
2.492800601E2,2.901000023E0,8.943000793E0,-3.654000282E0
2.492825037E2,1.672950029E0,9.687000275E0,1.191000104E0
2.492849474E2,9.133049965E0,1.339605045E1,-5.935950279E0
2.492873909E2,4.182000160E0,1.107300091E1,-7.657050133E0
2.492898346E2,1.576950073E0,1.183995056E1,-3.064950228E0
2.492922782E2,1.620000124E0,9.577050209E0,-1.813050032E0
2.492947217E2,2.082000017E0,8.125950813E0,7.860000134E-1
2.492971653E2,8.506050110E0,9.735000610E0,-4.558950424E0
2.492996090E2,5.592000484E0,7.519950390E0,-7.095000267E0
2.493020524E2,1.816050053E0,9.105000496E0,-3.144000053E0
2.493044961E2,1.981950045E0,6.844950199E0,-1.200000048E-1
2.493069398E2,2.901000023E0,6.460050106E0,2.131950140E0
2.493093832E2,1.186800098E1,9.811950684E0,-5.758950233E0
2.493118268E2,4.717950344E0,7.735950470E0,-6.961050510E0
2.493142705E2,2.058000088E0,9.357000351E0,-3.094050169E0
2.493167140E2,1.906950116E0,9.843000412E0,-3.154050112E0
2.493191576E2,1.132050037E0,5.092950344E0,-1.212000012E0
2.493216011E2,7.845000267E0,8.887950897E0,-5.931000233E0
2.493240448E2,4.891050339E0,5.047050476E0,-9.796050072E0
2.493264884E2,1.615050077E0,6.972000122E0,-6.205950260E0
2.493289319E2,1.180050015E0,4.671000004E0,-2.613000154E0
2.493313755E2,2.925000191E0,5.085000038E0,9.750000238E-1
2.493338192E2,1.159200096E1,8.253000259E0,-3.271050215E0
2.493362626E2,6.355950356E0,3.412050247E0,-8.682000160E0
2.493387063E2,7.579500079E-1,1.079100037E1,-1.969500035E-1
2.493411497E2,2.130000114E0,5.907000065E0,-2.467050076E0
2.493435934E2,1.483950019E0,5.707950115E0,-3.090000153E-1
2.493460370E2,9.022950172E0,7.870050430E0,-9.649500251E-1
2.493484805E2,7.234950542E0,2.980950117E0,-7.477950573E0
2.493509242E2,2.920050144E0,7.924950600E0,-3.312000275E0
2.493533678E2,2.881950140E0,5.466000080E0,-1.333950043E0
2.493558112E2,1.587000132E0,6.808950424E0,1.912050128E0
2.493582549E2,9.985950470E0,1.061100006E1,-2.127000093E0
2.493606986E2,5.935050488E0,6.412050247E0,-9.642000198E0
2.493631420E2,1.294050097E0,1.173900032E1,-2.565000057E0
2.493655857E2,1.359000087E0,9.189000130E0,-3.142050266E0
2.493680294E2,-4.500000179E-1,6.760950089E0,-1.060500070E-1
2.493704728E2,5.389050484E0,9.055050850E0,-1.222050071E0
2.493729165E2,5.283000469E0,7.105950356E0,-7.102050304E0
2.493753601E2,2.631000042E0,7.855950356E0,-3.268950224E0
2.493778036E2,3.178950071E0,7.987050533E0,-2.115000010E0
2.493802473E2,4.180500209E-1,6.742050171E0,1.330500096E-1
2.493826909E2,6.492000103E0,1.078605080E1,8.700000644E-1
2.493851344E2,5.539950371E0,1.110705090E1,-4.699950218E0
2.493875780E2,2.044049978E0,1.135605049E1,-2.350500077E-1
2.493900217E2,2.875050068E0,1.162395096E1,-2.734950066E0
2.493924652E2,8.989500403E-1,7.378950119E0,-2.311050177E0
2.493949088E2,3.406050205E0,9.955050468E0,1.159950018E0
2.493973522E2,4.678050041E0,1.041300011E1,-5.091000080E0
2.493997959E2,4.405050278E0,9.440999985E0,-3.751950264E0
2.494022395E2,4.582050323E0,9.529050827E0,-5.485950470E0
2.494046830E2,1.443000078E0,7.611000538E0,2.479500175E-1
2.494071267E2,7.038000107E0,1.114500046E1,-1.399050117E0
2.494095703E2,5.104050159E0,1.226295090E1,-6.613050461E0
2.494120138E2,2.167950153E0,1.121205044E1,-3.657000065E0
2.494144574E2,3.030000210E0,1.068105030E1,-4.720050335E0
2.494169011E2,1.219950080E0,5.907000065E0,-3.202050209E0
2.494193446E2,6.454050541E0,6.922050476E0,-3.939000130E0
2.494217883E2,6.552000523E0,7.884000301E0,-7.995000362E0
2.494242319E2,3.640950203E0,7.872000217E0,-5.857050419E0
2.494266753E2,2.856000185E0,7.623000145E0,-3.556050062E0
2.494291189E2,1.053000093E0,3.844950199E0,-2.059500068E-1
2.494315626E2,8.499000549E0,7.981950283E0,-2.083950043E0
2.494340061E2,6.718050480E0,6.442950249E0,-8.389950752E0
2.494364497E2,1.429500133E-1,9.805050850E0,-2.871000051E0
2.494388934E2,1.488000035E0,7.101000309E0,-5.989500284E-1
2.494413369E2,9.190500379E-1,2.631000042E0,-1.525950074E0
2.494437805E2,5.290950298E0,6.928950310E0,1.228950024E0
2.494462242E2,9.234000206E0,3.163050175E0,-5.055000305E0
2.494486676E2,2.749950171E0,6.526950359E0,-7.243050575E0
2.494511112E2,1.338000059E0,6.405000210E0,-2.056950092E0
2.494535547E2,1.089000106E0,2.848950148E0,-2.160000086E0
2.494559984E2,8.815050125E0,7.675950527E0,4.605000094E-2
2.494584420E2,9.544950485E0,5.557050228E0,-7.879950523E0
2.494608855E2,-2.269500047E-1,1.025505066E1,-5.038050175E0
2.494633291E2,3.319500089E-1,8.409000397E0,-6.490500569E-1
2.494657728E2,-1.270500124E-1,3.876000166E0,-3.004950047E0
2.494682162E2,3.724950075E0,6.181950092E0,5.230500102E-1
2.494706599E2,8.848050117E0,4.978050232E0,-5.578950405E0
2.494731035E2,3.876000166E0,6.721050262E0,-5.524050236E0
2.494755470E2,2.653950214E0,8.101950645E0,4.339500070E-1
2.494779907E2,5.209500194E-1,3.961950302E0,1.729950070E0
2.494804341E2,1.984050035E0,9.440999985E0,9.130500555E-1
2.494828778E2,9.164999962E0,1.104000092E1,-4.027950287E0
2.494853214E2,2.817000151E0,1.028100014E1,-5.742000103E0
2.494877651E2,3.196050167E0,1.140195084E1,-4.530000210E0
2.494902085E2,7.009500265E-1,6.784950256E0,-2.111999989E0
2.494926522E2,6.169500351E-1,8.002050400E0,3.199950218E0
2.494950956E2,4.275000095E0,1.234200096E1,-1.501950026E0
2.494975393E2,4.234950066E0,9.440999985E0,-4.138050079E0
2.494999829E2,6.399000168E0,1.081005096E1,-4.437000275E0
2.495024264E2,3.241050243E0,9.076950073E0,-2.443050146E0
2.495048701E2,3.580950260E0,1.117200089E1,1.279050112E0
2.495073137E2,8.365050316E0,1.538595104E1,-6.154050350E0
2.495097571E2,2.911050081E0,1.495905113E1,-3.589950085E0
2.495122008E2,1.893000126E0,1.463400078E1,-9.649500251E-1
2.495146444E2,1.776000142E0,9.924000740E0,-1.164000034E0
2.495170879E2,4.695000127E-2,9.828000069E0,8.869500160E-1
2.495195315E2,6.330000401E0,1.379595089E1,-2.743950129E0
2.495219752E2,4.177050114E0,1.269195080E1,-8.479050636E0
2.495244187E2,5.002950191E0,1.126695061E1,-6.657000542E0
2.495268623E2,2.635050058E0,7.959000587E0,-4.903950214E0
2.495293060E2,3.069000244E0,7.911000252E0,1.156949997E0
2.495317494E2,9.871050835E0,1.321905041E1,-6.352950096E0
2.495341931E2,4.483950138E0,1.024695015E1,-7.666950226E0
2.495366365E2,3.085050106E0,9.216000557E0,-5.419050217E0
2.495390802E2,1.491000056E0,5.764950275E0,-3.730950117E0
2.495415238E2,1.620000124E0,4.282950401E0,2.500500083E-1
2.495439675E2,6.844050407E0,9.946050644E0,-5.862000465E0
2.495464109E2,4.563000202E0,4.243050098E0,-7.441950321E0
2.495488546E2,1.507950068E0,8.152050018E0,-6.679500341E-1
2.495512981E2,-4.309500158E-1,2.800950050E0,8.719500303E-1
2.495537418E2,2.580000162E0,4.768950462E0,4.126049995E0
2.495561854E2,1.102695084E1,7.705050468E0,-2.944950104E0
2.495586288E2,4.852050304E0,3.213000059E0,-9.183000565E0
2.495610724E2,-8.500500321E-1,9.754050255E0,-3.915000200E0
2.495635161E2,3.445050240E0,7.350000143E-1,-5.131050110E0
2.495659596E2,3.544950247E0,2.871000051E0,-7.473000526E0
2.495684032E2,8.956050873E0,5.514000416E0,-3.429000139E0
2.495708469E2,6.970950127E0,1.779000044E0,-3.096000195E0
2.495732904E2,1.515000105E0,5.722050190E0,-3.154050112E0
2.495757340E2,1.807050109E0,1.075049996E0,-8.290500641E-1
2.495781777E2,3.346050262E0,5.406000137E0,1.165050030E0
2.495806211E2,1.245900059E1,6.354000092E0,-2.746950150E0
2.495830647E2,4.948050022E0,3.457050085E0,-7.417950153E0
2.495855084E2,-8.805000782E-2,1.000995064E1,-3.807000160E0
2.495879519E2,1.110000014E0,5.218950272E0,-3.196950197E0
2.495903955E2,-8.790000677E-1,7.525050163E0,8.410500288E-1
2.495928389E2,4.242000103E0,9.378000259E0,2.296950102E0
2.495952826E2,3.627000093E0,5.667000294E0,-1.341000080E0
2.495977263E2,3.322050095E0,8.329950333E0,-2.746950150E0
2.496001700E2,3.459000111E0,6.642000198E0,-2.673000097E0
2.496026133E2,1.045050025E0,6.000000477E0,-2.710500062E-1
2.496050570E2,1.067805004E1,1.043400097E1,-6.625050545E0
2.496075005E2,3.217050076E0,9.225000381E0,-7.288950443E0
2.496099442E2,1.773000121E0,1.125105095E1,-1.827000141E0
2.496123876E2,2.286000013E0,9.438000679E0,-2.491050005E0
2.496148312E2,5.260500312E-1,8.005949974E0,-4.360500276E-1
2.496172749E2,1.998000145E0,1.184700012E1,1.698000073E0
2.496197186E2,5.266950130E0,1.250295067E1,1.429950118E0
2.496221620E2,5.389050484E0,8.935050011E0,-3.831000090E0
2.496246056E2,4.945950031E0,9.012000084E0,-5.305950165E0
2.496270493E2,3.853950262E0,1.069995022E1,-3.000000026E-3
2.496294928E2,1.118100071E1,1.294305038E1,-9.028950691E0
2.496319364E2,4.246950150E0,1.318305016E1,-7.333950520E0
2.496343801E2,1.024049997E0,1.385295105E1,-1.357950091E0
2.496368235E2,1.657950044E0,1.206000042E1,3.859500289E-1
2.496392671E2,8.160000443E-1,9.838050842E0,7.290000319E-1
2.496417108E2,9.258000374E0,1.263195038E1,-2.208000183E0
2.496441543E2,7.489050388E0,9.418950081E0,-9.649050713E0
2.496465979E2,3.804000139E0,1.091295052E1,-7.375050545E0
2.496490416E2,3.006000042E0,1.021905041E1,-3.757050276E0
2.496514851E2,3.046950102E0,8.125950813E0,2.209500074E-1
2.496539287E2,1.230300045E1,1.224195099E1,-4.456050396E0
2.496563724E2,6.567000389E0,1.036500072E1,-8.050050735E0
2.496588158E2,2.038950205E0,1.100895023E1,-2.590950012E0
2.496612594E2,2.833950043E0,1.021905041E1,-1.744050026E0
2.496637029E2,8.610000610E-1,6.201000214E0,3.100500107E-1
2.496661466E2,7.357050419E0,8.416049957E0,-3.630000114E0
2.496685902E2,5.395950317E0,7.444050312E0,-8.268000603E0
2.496710337E2,1.351950049E0,6.643950462E0,-4.300950050E0
2.496734774E2,1.551000118E0,6.541050434E0,-2.263050079E0
2.496759210E2,1.837950110E0,3.747000217E0,9.160500169E-1
2.496783644E2,1.099095058E1,8.586000443E0,-3.999000072E0
2.496808081E2,5.443950176E0,6.060000420E0,-7.689000130E0
2.496832518E2,5.020500422E-1,9.024000168E0,-4.054049969E0
2.496856952E2,5.329500437E-1,9.117000580E0,-1.588050127E0
2.496881388E2,-1.429500133E-1,3.463950157E0,-1.106999993E0
2.496905825E2,3.685950279E0,8.128950119E0,1.393950105E0
2.496930260E2,5.644950390E0,2.437050104E0,-4.729050159E0
2.496954696E2,5.101050377E0,5.764950275E0,-3.007950068E0
2.496979131E2,2.728950024E0,3.814050198E0,-2.881050110E0
2.497003568E2,1.297050118E0,2.218950033E0,-7.279500365E-1
2.497028004E2,1.062300014E1,6.802050114E0,-2.971950054E0
2.497052441E2,5.391000271E0,3.502950191E0,-8.155050278E0
2.497076875E2,3.580500185E-1,9.763950348E0,-2.232000113E0
2.497101312E2,1.302000046E0,7.471950531E0,-1.593000054E0
2.497125746E2,-8.760000467E-1,4.486950397E0,-8.940000534E-1
2.497150183E2,4.309050083E0,8.181000710E0,-1.075950027E0
2.497174619E2,4.708950043E0,2.500050068E0,-6.451050282E0
2.497199054E2,3.241050243E0,8.076000214E0,-4.822950363E0
2.497223491E2,4.231950283E0,6.048000336E0,-2.233950138E0
2.497247927E2,7.605000585E-2,4.792950153E0,1.354050040E0
2.497272364E2,7.965000153E0,1.067400074E1,2.260500044E-1
2.497296798E2,5.839050293E0,6.543000221E0,-6.625050545E0
2.497321235E2,2.640000105E0,1.204800034E1,-2.470950127E0
2.497345670E2,2.700000048E0,1.101405048E1,-1.942050099E0
2.497370106E2,4.009500146E-1,6.996000290E0,9.195000678E-2
2.497394543E2,2.590050220E0,9.994050026E0,2.287050009E0
2.497418977E2,4.402050018E0,1.061895084E1,-3.508050203E0
2.497443413E2,5.644950390E0,8.718000412E0,-3.843000174E0
2.497467850E2,6.495000362E0,9.850050926E0,-7.714950562E0
2.497492285E2,2.994000196E0,9.117000580E0,-6.300000101E-2
2.497516721E2,9.853950500E0,1.226595020E1,-6.099000454E0
2.497541156E2,6.624000549E0,1.345095062E1,-7.705050468E0
2.497565593E2,2.194950104E0,1.509105110E1,-3.610950232E0
2.497590029E2,2.167950153E0,1.401405048E1,-3.415050268E0
2.497614463E2,3.300000131E-1,9.364050865E0,7.810500264E-1
2.497638901E2,3.241050243E0,9.517050743E0,1.180500090E-1
2.497663337E2,6.652950287E0,1.018995094E1,-7.963950157E0
2.497687771E2,4.933950424E0,9.603000641E0,-7.975950241E0
2.497712208E2,4.302000046E0,8.890050888E0,-5.634000301E0
2.497736644E2,1.909950137E0,4.969950199E0,-1.186050057E0
2.497761079E2,9.093000412E0,8.380050659E0,-3.184950113E0
2.497785516E2,7.390050411E0,1.024500084E1,-8.212950706E0
2.497809952E2,2.548950195E0,1.005405045E1,-4.036950111E0
2.497834387E2,2.896050215E0,9.639000893E0,-3.807000160E0
2.497858823E2,-6.000000238E-2,3.271050215E0,5.040000081E-1
2.497883260E2,4.261050224E0,8.397000313E0,1.842000127E0
2.497907695E2,7.441050529E0,4.819950104E0,-5.809050083E0
2.497932132E2,4.783050060E0,6.361950397E0,-4.552050114E0
2.497956565E2,2.688000202E0,5.524050236E0,-2.328000069E0
2.497981002E2,1.243950009E0,1.975050092E0,-1.666950107E0
2.498005439E2,9.319950104E0,7.615950584E0,-1.308000088E0
2.498029876E2,8.248050690E0,4.518000126E0,-9.754950523E0
2.498054310E2,-9.769500494E-1,9.960000038E0,-6.553950310E0
2.498078746E2,7.009500265E-1,6.292050362E0,-3.175050259E0
2.498103183E2,-8.329500556E-1,2.716950178E0,-1.449000120E0
2.498127618E2,5.773950100E0,6.393000126E0,2.716050148E0
2.498152054E2,9.634050369E0,2.899050236E0,-3.934050083E0
2.498176489E2,4.321050167E0,6.517050266E0,-4.936950207E0
2.498200926E2,2.379000187E0,5.286000252E0,-1.521000028E0
2.498225362E2,-4.980000257E-1,1.270950079E0,4.920000136E-1
2.498249797E2,7.603050232E0,9.292050362E0,1.339050055E0
2.498274233E2,6.294000149E0,5.281950474E0,-7.732050419E0
2.498298670E2,1.303950071E0,1.082700062E1,-2.907000065E0
2.498323107E2,1.939050078E0,8.418000221E0,-2.811000109E0
2.498347541E2,-4.930500090E-1,4.056000233E0,1.039500013E-1
2.498371978E2,-3.400500119E-1,8.854050636E0,2.359050035E0
2.498396412E2,5.010000229E0,7.207050323E0,-3.609000206E0
2.498420849E2,3.472950220E0,7.513050556E0,-4.353000164E0
2.498445285E2,4.411950111E0,8.140049934E0,-4.741050243E0
2.498469720E2,1.017000079E0,4.555950165E0,7.980000377E-1
2.498494156E2,3.745950222E0,1.039605045E1,1.033050060E0
2.498518593E2,7.591050148E0,1.357995033E1,-5.005050182E0
2.498543028E2,2.668950081E0,1.105905056E1,-1.830000043E0
2.498567464E2,4.681950092E0,1.231395054E1,-2.980950117E0
2.498591901E2,1.891050100E0,7.894050598E0,-2.407050133E0
2.498616335E2,1.927050114E0,1.009905052E1,2.979000092E0
2.498640771E2,4.900050163E0,1.428705025E1,-5.682000160E0
2.498665208E2,4.936050415E0,1.056105042E1,-5.254050255E0
2.498689643E2,5.467950344E0,1.048200035E1,-6.786000252E0
2.498714079E2,1.369050026E0,8.227050781E0,-1.317000031E0
2.498738516E2,6.922950268E0,1.236600018E1,7.219500542E-1
2.498762951E2,9.145050049E0,1.469400024E1,-1.129005051E1
2.498787387E2,2.901000023E0,1.297200108E1,-5.625000477E0
2.498811822E2,2.689950228E0,1.245705032E1,-4.468050003E0
2.498836258E2,6.790500283E-1,7.279050350E0,-6.229500175E-1
2.498860694E2,5.068050385E0,6.943050385E0,-1.549950123E0
2.498885129E2,8.740950584E0,1.090305042E1,-9.276000023E0
2.498909565E2,4.918950081E0,5.737050056E0,-1.078395081E1
2.498934002E2,2.338050127E0,7.249950409E0,-6.654000282E0
2.498958437E2,4.560000300E-1,3.553050280E0,-3.910500109E-1
2.498982874E2,5.659050465E0,8.524050713E0,1.050000072E0
2.499007310E2,7.519950390E0,6.840000153E0,-6.702000141E0
2.499031744E2,6.499500275E-1,7.398000240E0,-3.063000202E0
2.499056181E2,6.499500275E-1,8.787000656E0,1.597950101E0
2.499080617E2,2.022000074E0,1.024950027E0,-2.313000202E0
2.499105052E2,5.653950214E0,5.634000301E0,-3.049500287E-1
2.499129488E2,8.995050430E0,3.946050167E0,-3.171000242E0
2.499153925E2,3.234000206E0,4.567950249E0,-6.616050243E0
2.499178360E2,-3.600000218E-2,6.445050240E0,2.569500208E-1
2.499202796E2,-6.195000187E-2,2.068950176E0,3.532050133E0
2.499227232E2,4.546050072E0,7.603950500E0,1.198050022E0
2.499251667E2,1.180095100E1,5.464050293E0,-6.130050182E0
2.499276103E2,2.293050051E0,4.927050114E0,-5.407050133E0
2.499300540E2,3.291000128E0,1.028295040E1,-4.320000172E0
2.499324975E2,1.267950058E0,4.932000160E0,-2.638950109E0
2.499349411E2,1.060050011E0,8.053950310E0,4.369500279E-1
2.499373846E2,5.451000214E0,7.291050434E0,-2.473950148E0
2.499398282E2,1.837950110E0,5.800950050E0,-3.052950144E0
2.499422718E2,4.014000416E0,8.281949997E0,-3.367050171E0
2.499447153E2,1.237050056E0,4.939050198E0,-2.598000050E0
2.499471590E2,5.224050045E0,7.056000233E0,-3.690000176E-1
2.499496026E2,6.730050087E0,8.137949944E0,-7.894050598E0
2.499520461E2,7.530000210E-1,8.812950134E0,-4.942050457E0
2.499544897E2,2.868000031E0,1.103505039E1,-3.810000122E-1
2.499569334E2,1.129050016E0,6.828000546E0,-1.569000125E0
2.499593768E2,1.024049997E0,7.437000275E0,2.983950138E0
2.499618205E2,4.347000122E0,9.960000038E0,6.859500408E-1
2.499642641E2,2.808000088E0,8.539950371E0,-1.534950018E0
2.499667076E2,5.590050220E0,1.040505028E1,-2.256000042E0
2.499691513E2,3.022950172E0,8.445000648E0,-2.431050062E0
2.499715949E2,3.967050076E0,1.021395016E1,7.860000134E-1
2.499740383E2,9.082950592E0,1.329105091E1,-8.830950737E0
2.499764820E2,3.504000187E0,1.221105099E1,-6.337950230E0
2.499789256E2,3.307950258E0,1.590495110E1,-4.243050098E0
2.499813691E2,2.839050055E0,1.209600067E1,-2.895000219E0
2.499838127E2,1.102950096E0,1.138695049E1,2.749950171E0
2.499862562E2,5.676000118E0,1.497900105E1,-3.171000242E0
2.499886999E2,4.359000206E0,1.153605080E1,-6.130050182E0
2.499911435E2,5.395950317E0,1.171995068E1,-8.895000458E0
2.499935872E2,3.342000246E0,8.940000534E0,-6.022050381E0
2.499960306E2,5.856000423E0,8.509050369E0,-1.942050099E0
2.499984742E2,1.044795036E1,1.092000008E1,-8.470950127E0
2.500009179E2,5.226000309E0,1.022805023E1,-6.898050308E0
2.500033614E2,4.720950127E0,1.234500027E1,-2.608050108E0
2.500058050E2,2.863050222E0,8.361000061E0,-5.539500117E-1
2.500082485E2,2.110949993E0,5.296050072E0,1.627050042E0
2.500106921E2,7.318950176E0,9.409049988E0,-4.933050156E0
2.500131358E2,3.763050079E0,6.273000240E0,-5.902050495E0
2.500155794E2,2.314050198E0,8.593050003E0,-1.975950122E0
2.500180228E2,1.210950017E0,3.093000174E0,-1.390500069E-1
2.500204665E2,3.073050261E0,5.349000454E0,2.158050060E0
2.500229100E2,9.327000618E0,7.210950375E0,-2.071950197E0
2.500253536E2,2.970000029E0,5.623950481E0,-7.072950363E0
2.500277973E2,5.239500403E-1,1.083195019E1,-3.075000048E0
2.500302408E2,9.829500318E-1,1.492050052E0,-5.197950363E0
2.500326845E2,1.747050047E0,4.164000034E0,-1.380000114E0
2.500351281E2,8.512949944E0,4.561050415E0,-1.333950043E0
2.500375715E2,3.981000185E0,3.235050201E0,-6.601950169E0
2.500400151E2,1.716000080E0,7.243050575E0,-4.960500300E-1
2.500424588E2,4.399500191E-1,1.077000022E0,-7.909500599E-1
2.500449023E2,2.049000025E0,5.788950443E0,3.001050234E0
2.500473459E2,9.828000069E0,5.950050354E0,-3.822000265E0
2.500497894E2,2.314050198E0,4.471950054E0,-5.337000370E0
2.500522331E2,1.813950062E0,1.186395073E1,-8.430000544E-1
2.500546768E2,4.609500170E-1,4.117949963E0,-3.538950205E0
2.500571204E2,-2.610000074E-1,5.263050079E0,1.540050030E0
2.500595639E2,6.571950436E0,6.172050476E0,-4.296000004E0
2.500620075E2,6.463950157E0,5.281950474E0,-6.166050434E0
2.500644512E2,4.836000443E0,9.156000137E0,-4.425000191E0
2.500668946E2,1.954950094E0,5.085000038E0,3.190500140E-1
2.500693382E2,-1.819500029E-1,8.026050568E0,2.119950056E0
2.500717817E2,8.761950493E0,1.248600101E1,-6.229500175E-1
2.500742254E2,4.435950279E0,9.615000725E0,-5.220000267E0
2.500766690E2,4.405050278E0,1.270905018E1,-5.344950199E0
2.500791125E2,1.948050141E0,8.440050125E0,-5.586000443E0
2.500815562E2,6.000000238E-1,7.621050358E0,2.848050117E0
2.500839998E2,4.669950008E0,1.387995052E1,-1.432050109E0
2.500864433E2,4.812000275E0,1.147800064E1,-4.102050304E0
2.500888870E2,7.359000206E0,1.073295021E1,-9.025050163E0
2.500913306E2,3.342000246E0,9.706050873E0,-7.923000336E0
2.500937740E2,1.948050141E0,9.034049988E0,1.416000009E0
2.500962177E2,1.009095001E1,1.396095085E1,-7.957050323E0
2.500986613E2,4.315950394E0,1.278105068E1,-6.549000263E0
2.501011048E2,2.872050047E0,1.399695110E1,-2.818950176E0
2.501035485E2,2.917950153E0,9.358950615E0,-2.401950121E0
2.501059921E2,2.386050224E0,7.318950176E0,1.509000063E0
2.501084356E2,9.856050491E0,1.120995045E1,-5.035950184E0
2.501108792E2,6.852000237E0,9.595950127E0,-7.684050560E0
2.501133229E2,3.496950150E0,1.168395042E1,-5.554950237E0
2.501157663E2,2.415000200E0,7.540050507E0,-8.620500565E-1
2.501182100E2,3.136050224E0,8.184000015E0,4.021049976E0
2.501206537E2,1.119495010E1,1.173000050E1,-6.331050396E0
2.501230971E2,4.869000435E0,9.793050766E0,-1.029105091E1
2.501255407E2,1.897950053E0,1.041300011E1,-7.155000210E0
2.501279844E2,1.546050072E0,6.160050392E0,-5.542950153E0
2.501304279E2,2.220000178E-1,4.390950203E0,-4.480500221E-1
2.501328715E2,6.840000153E0,8.586000443E0,-3.940950155E0
2.501353152E2,5.992050171E0,3.309000254E0,-8.242050171E0
2.501377587E2,8.440500498E-1,7.582950592E0,-3.537000179E0
2.501402023E2,7.150500417E-1,2.751000166E0,1.051950097E0
2.501426457E2,2.961000204E0,2.583000183E0,3.018000126E0
2.501450894E2,1.157295036E1,6.916950226E0,-1.645050049E0
2.501475330E2,5.856000423E0,2.172000170E0,-6.781050205E0
2.501499767E2,-1.702050090E0,9.393000603E0,-8.980500698E-1
2.501524202E2,5.895000324E-2,3.972000122E0,-5.539500117E-1
2.501548638E2,1.077000022E0,4.198950291E0,6.430500150E-1
2.501573073E2,6.763050556E0,7.444050312E0,-1.939500123E-1
2.501597510E2,4.510050297E0,3.103050232E0,-3.940950155E0
2.501621946E2,1.555050015E0,7.329000473E0,3.649500310E-1
2.501646380E2,1.438050032E0,7.717050552E0,1.645950079E0
2.501670817E2,7.750500441E-1,5.617050171E0,-5.340000391E-1
2.501695254E2,6.531000137E0,9.421050072E0,-6.370500326E-1
2.501719688E2,4.996050358E0,7.161000252E0,-7.978050232E0
2.501744124E2,2.716950178E0,9.253950119E0,-4.090050220E0
2.501768561E2,4.254000187E0,9.385950089E0,-7.317000389E0
2.501792996E2,1.468950033E0,7.314000130E0,-5.130000114E-1
2.501817432E2,4.711050034E0,8.767950058E0,-1.348050117E0
2.501841869E2,4.801950455E0,8.671950340E0,-4.600050449E0
2.501866304E2,4.635000229E0,1.005105019E1,-3.099000216E0
2.501890741E2,3.793950081E0,9.742050171E0,-5.287050247E0
2.501915177E2,1.390050054E0,7.972950459E0,1.279500127E-1
2.501939611E2,8.515950203E0,1.073100090E1,-3.028950214E0
2.501964048E2,6.366000175E0,1.081695080E1,-8.955000877E0
2.501988484E2,2.455950022E0,1.266600037E1,-3.727950096E0
2.502012919E2,2.547000170E0,1.214895058E1,-4.027950287E0
2.502037355E2,1.177050114E0,7.009950161E0,3.000000119E-1
2.502061790E2,6.873000145E0,1.020705032E1,-1.393950105E0
2.502086227E2,7.177050114E0,8.521050453E0,-5.128950119E0
2.502110664E2,4.869000435E0,1.020000076E1,-5.758950233E0
2.502135100E2,3.877950191E0,9.904950142E0,-3.703950167E0
2.502159535E2,1.540950060E0,8.526000023E0,1.110000089E-1
2.502183971E2,8.259000778E0,1.140195084E1,-3.316950083E0
2.502208408E2,7.591050148E0,1.108500099E1,-7.363050461E0
2.502232842E2,2.863050222E0,1.361595058E1,-4.032000065E0
2.502257279E2,3.105000257E0,1.135095024E1,-3.865050077E0
2.502281713E2,1.074000001E0,7.000950336E0,-1.083000064E0
2.502306150E2,6.238950253E0,9.196050644E0,-3.436050177E0
2.502330586E2,8.032050133E0,7.678050518E0,-8.494950294E0
2.502355021E2,3.313050270E0,9.775950432E0,-6.087000370E0
2.502379458E2,3.289050102E0,7.812000275E0,-1.891950130E0
2.502403894E2,1.623000026E0,4.060950279E0,9.405000508E-2
2.502428329E2,9.367950439E0,7.537050247E0,-3.589950085E0
2.502452765E2,6.532950401E0,6.193950176E0,-9.793050766E0
2.502477201E2,1.906950116E0,8.038050652E0,-7.432050228E0
2.502501636E2,2.068050146E0,7.702050209E0,-4.542000294E0
2.502526072E2,-5.670000315E-1,8.400000334E-1,-6.109500527E-1
2.502550509E2,2.893950224E0,5.916000366E0,5.491050243E0
2.502574944E2,5.580000401E0,2.976000071E0,-9.700500369E-1
2.502599380E2,3.412950277E0,5.752950191E0,-1.942050099E0
2.502623817E2,1.531950116E0,4.786050320E0,1.102050066E0
2.502648251E2,-5.980500579E-1,8.790000677E-1,-2.160000056E-1
2.502672687E2,5.544000149E0,8.029950142E0,6.520500183E-1
2.502697124E2,5.643000126E0,4.840950012E0,-6.657000542E0
2.502721559E2,-7.999500632E-1,9.486000061E0,-1.425000072E0
2.502745995E2,3.490500152E-1,8.386950493E0,-8.959500194E-1
2.502770432E2,-7.680000067E-1,3.586950064E0,-5.779500008E-1
2.502794867E2,4.519500136E-1,8.337000847E0,4.680000246E-1
2.502819304E2,5.643000126E0,6.831000328E0,-5.139000416E0
2.502843740E2,4.125000000E0,5.557050228E0,-4.597949982E0
2.502868174E2,6.780000210E0,5.667000294E0,-7.143000126E0
2.502892611E2,1.192050099E0,2.350950003E0,-2.347050190E0
2.502917047E2,1.029705048E1,6.943050385E0,-1.810950041E0
2.502941482E2,8.307000160E0,7.258950233E0,-1.058295059E1
2.502965918E2,3.475950241E0,1.140600014E1,-5.577000141E0
2.502990353E2,3.400950193E0,1.084395027E1,-4.128000259E0
2.503014790E2,4.759500325E-1,6.502950191E0,1.087950110E0
2.503039226E2,2.464950085E0,1.110900021E1,4.861050129E0
2.503063661E2,4.407000065E0,1.108800030E1,-1.099050045E0
2.503088097E2,4.588950157E0,9.891000748E0,-3.493950129E0
2.503112534E2,4.333050251E0,9.298950195E0,-5.749050140E0
2.503136968E2,8.659500480E-1,6.868950367E0,-3.690000176E-1
2.503161405E2,7.678050518E0,1.035795021E1,-2.179050207E0
2.503185841E2,9.307950020E0,1.371900082E1,-1.201005077E1
2.503210276E2,3.895050287E0,1.380105019E1,-6.616050243E0
2.503234713E2,2.275950193E0,1.413300037E1,-6.055950165E0
2.503259149E2,7.680000067E-1,9.958050728E0,-2.020500153E-1
2.503283584E2,2.761950016E0,1.060200024E1,1.657950044E0
2.503308021E2,7.800000191E0,1.235205078E1,-6.939000130E0
2.503332457E2,5.692950249E0,8.305950165E0,-7.071000099E0
2.503356891E2,4.287000179E0,9.876000404E0,-6.013050079E0
2.503381328E2,1.612950087E0,7.221000195E0,-1.698000073E0
2.503405764E2,7.278000355E0,1.092705059E1,6.599999964E-2
2.503430199E2,8.875050545E0,1.241700077E1,-6.831000328E0
2.503454636E2,2.131950140E0,1.121205044E1,-3.144000053E0
2.503479072E2,1.651050091E0,1.241895103E1,5.010000467E-1
2.503503507E2,3.130500019E-1,7.317000389E0,1.560000062E0
2.503527944E2,7.699500322E-1,7.144050121E0,1.966950059E0
2.503552380E2,7.125000477E0,9.048000336E0,-5.533950329E0
2.503576815E2,4.126950264E0,4.738050461E0,-7.119000435E0
2.503601251E2,4.639050007E0,8.521050453E0,-4.281000137E0
2.503625688E2,1.552950025E0,5.349000454E0,-5.850000381E-1
2.503650122E2,5.604000092E0,9.325950623E0,1.192950010E0
2.503674559E2,6.777000427E0,1.002495003E1,-5.377950191E0
2.503698993E2,7.440000176E-1,8.265000343E0,-3.586950064E0
2.503723430E2,5.239500403E-1,9.565050125E0,-2.419500053E-1
2.503747866E2,-4.740000367E-1,4.213950157E0,-1.975950122E0
2.503772303E2,2.238000154E0,5.101950169E0,-1.363050103E0
2.503796738E2,6.424950123E0,3.844950199E0,-7.626000404E0
2.503821174E2,3.763050079E0,4.453050137E0,-7.984950542E0
2.503845608E2,1.663050056E0,6.010050297E0,-1.165950060E0
2.503870045E2,-3.660000265E-1,1.966050148E0,1.593000054E0
2.503894481E2,3.864000082E0,7.024950504E0,3.874950171E0
2.503918916E2,8.359950066E0,5.241000175E0,-3.280950069E0
2.503943353E2,5.670000315E-1,6.172050476E0,-5.251050472E0
2.503967789E2,6.790500283E-1,8.410950661E0,-4.395000264E-2
2.503992226E2,2.130000114E0,7.900500298E-1,-4.473000050E0
2.504016660E2,2.761950016E0,5.785050392E0,-3.670500219E-1
2.504041096E2,8.932050705E0,3.172050238E0,-3.388050079E0
2.504065531E2,3.825000286E0,4.237950325E0,-6.439050198E0
2.504089968E2,3.673950195E0,9.529050827E0,8.820000291E-1
2.504114404E2,2.733000040E0,4.353000164E0,1.287000060E0
2.504138839E2,2.524950027E0,1.061400032E1,2.268000126E0
2.504163276E2,1.026795006E1,9.852000237E0,-4.545000076E0
2.504187712E2,3.033000231E0,9.445050240E0,-5.833050251E0
2.504212146E2,6.117000103E0,1.297005081E1,-8.980950356E0
2.504236583E2,1.608000040E0,7.183050156E0,-5.749050140E0
2.504261019E2,2.520000219E0,7.189950466E0,1.039500013E-1
2.504285454E2,5.025000095E0,1.216005039E1,-6.328950405E0
2.504309890E2,5.367000103E0,9.522000313E0,-6.883950233E0
2.504334327E2,3.259950161E0,1.285695076E1,-6.010050297E0
2.504358762E2,1.144050002E0,7.386000156E0,-3.046050072E0
2.504383198E2,4.800000191E0,8.308050156E0,-1.369950056E0
2.504407635E2,8.746050835E0,1.025700092E1,-9.003000259E0
2.504432070E2,3.916050196E0,1.092000008E1,-7.803000450E0
2.504456506E2,3.967050076E0,1.119300079E1,-5.770950317E0
2.504480943E2,1.381050110E0,7.384050369E0,-1.866000056E0
2.504505377E2,1.885950089E0,6.156000137E0,4.252950191E0
2.504529814E2,7.186950207E0,8.314949989E0,-3.600000143E-1
2.504554251E2,7.086000443E0,6.226950169E0,-2.548050165E0
2.504578685E2,6.816000462E0,9.867000580E0,-8.620500565E-1
2.504603122E2,2.311950207E0,5.860950470E0,8.839500546E-1
2.504627558E2,1.033950090E0,7.525050163E0,3.637950182E0
2.504651993E2,7.929000378E0,1.238100052E1,-5.047950268E0
2.504676429E2,3.061050177E0,1.052505016E1,-7.938000202E0
2.504700866E2,1.929000139E0,1.306305027E1,-5.266050339E0
2.504725301E2,1.024049997E0,7.678050518E0,-3.835950136E0
2.504749737E2,-1.030500084E-1,6.466950417E0,2.674950123E0
2.504774174E2,5.245050430E0,1.356600094E1,-1.293000102E0
2.504798608E2,4.387950420E0,9.679950714E0,-3.637050152E0
2.504823044E2,5.772000313E0,8.911050797E0,-4.855950356E0
2.504847481E2,1.977000117E0,6.778050423E0,-5.112000465E0
2.504871916E2,3.009000063E0,6.711000443E0,9.040500522E-1
2.504896352E2,9.370050430E0,1.115205097E1,-8.076000214E0
2.504920787E2,3.504000187E0,9.237000465E0,-7.404000282E0
2.504945224E2,3.045000076E0,9.295050621E0,-4.710000038E0
2.504969660E2,1.717950106E0,5.518950462E0,-1.717050076E0
2.504994094E2,1.147950053E0,5.782050133E0,2.545950174E0
2.505018531E2,6.820950508E0,8.446949959E0,-4.240950108E0
2.505042968E2,6.006000519E0,5.935050488E0,-7.023000240E0
2.505067402E2,1.453050017E0,9.072000504E0,-3.003000259E0
2.505091839E2,9.000000358E-2,4.117949963E0,3.054000139E0
2.505116275E2,5.689499974E-1,7.210950375E0,3.577950239E0
2.505140710E2,9.514050484E0,1.127700043E1,2.340000153E0
2.505165147E2,4.453050137E0,8.124000549E0,-3.673050165E0
2.505189583E2,3.504000187E0,1.114500046E1,-2.473950148E0
2.505214018E2,1.912050128E0,7.699950218E0,-2.682000160E0
2.505238454E2,1.603050113E0,6.505050182E0,4.080000222E-1
2.505262891E2,7.789950371E0,1.180395031E1,-7.950000286E0
2.505287325E2,4.972050190E0,7.852950573E0,-9.670950890E0
2.505311762E2,2.131950140E0,1.021395016E1,-8.605950356E0
2.505336198E2,1.918950081E0,6.268050194E0,-4.759950161E0
2.505360633E2,4.420950413E0,7.342950344E0,-2.350500077E-1
2.505385069E2,1.196295071E1,1.028805065E1,-8.104949951E0
2.505409506E2,5.602050304E0,8.749050140E0,-9.259050369E0
2.505433940E2,2.698050022E0,1.232100105E1,-3.115050077E0
2.505458377E2,1.611000061E0,8.457000732E0,-7.930500507E-1
2.505482813E2,5.470499992E-1,6.409050465E0,2.311050177E0
2.505507248E2,6.910950184E0,7.858050346E0,-2.026050091E0
2.505531684E2,5.974950314E0,4.045950413E0,-7.834950447E0
2.505556121E2,3.409050226E0,7.096950531E0,-4.678950310E0
2.505580556E2,3.303000212E0,1.872000098E0,-3.712050200E0
2.505604992E2,4.942950249E0,5.002050400E0,-1.276950002E0
2.505629426E2,1.252605057E1,6.499950409E0,-4.477950096E0
2.505653863E2,2.359950066E0,7.075050354E0,-8.674950600E0
2.505678299E2,-1.783950090E0,1.049595070E1,-6.660000086E-1
2.505702734E2,1.702050090E0,4.729050159E0,-2.926050186E0
2.505727171E2,7.605000585E-2,6.976950169E0,1.548000097E0
2.505751607E2,6.487950325E0,7.137000561E0,1.669950128E0
2.505776042E2,6.318000317E0,5.077950478E0,-2.212949991E0
2.505800479E2,3.169050217E0,9.345000267E0,2.718000174E0
2.505824915E2,3.070950031E0,8.257950783E0,4.039950371E0
2.505849350E2,1.756950140E0,8.157000542E0,-1.708050132E0
2.505873787E2,3.555000067E0,1.195200062E1,1.005000062E-2
2.505898223E2,5.347950459E0,1.183005047E1,-1.042050004E0
2.505922657E2,3.700950146E0,1.371195030E1,-5.851950169E0
2.505947094E2,5.389050484E0,1.300995064E1,-8.421000481E0
2.505971530E2,1.924050093E0,9.634950638E0,-2.139000177E0
2.505995965E2,4.117050171E0,1.195005035E1,-3.750000238E0
2.506020402E2,3.976050138E0,1.159500027E1,-6.693000317E0
2.506044838E2,4.270950317E0,1.132695007E1,-7.099950314E0
2.506069275E2,3.265050173E0,9.583950043E0,-6.879000187E0
2.506093710E2,2.776950121E0,5.049000263E0,-4.779000282E0
2.506118146E2,9.511950493E0,8.682000160E0,-9.202050209E0
2.506142581E2,5.452950478E0,8.562000275E0,-1.068900013E1
2.506167018E2,1.857000113E0,6.301950455E0,-6.064950466E0
2.506191454E2,1.333050013E0,6.400050163E0,-4.462950230E0
2.506215888E2,-1.887000084E0,3.187050104E0,3.700050116E0
2.506240324E2,1.311000109E0,5.320050240E0,8.295000076E0
2.506264761E2,5.604000092E0,1.899000049E0,1.366050124E0
2.506289196E2,6.847050190E0,5.064000130E0,-9.529500604E-1
2.506313633E2,7.081050396E0,5.245950222E0,-6.300000548E-1
2.506338069E2,3.186000109E0,2.686050177E0,-3.630000114E0
2.506362504E2,1.028295040E1,8.646000862E0,-4.393949986E0
2.506386940E2,7.675050259E0,6.799950123E0,-8.230050087E0
2.506411377E2,2.034000158E0,1.178505039E1,-8.110050201E0
2.506435811E2,4.560000300E-1,9.144000053E0,-2.368050098E0
2.506460247E2,-6.220500469E-1,5.482950211E0,4.837050438E0
2.506484684E2,2.583000183E0,1.045605087E1,2.070000172E0
2.506509119E2,8.736000061E0,8.938050270E0,-2.871000051E0
2.506533555E2,7.891050339E0,6.864000320E0,-5.092950344E0
2.506557992E2,6.991050243E0,7.152000427E0,-1.074405098E1
2.506582427E2,3.226950169E0,8.782050133E0,-4.629000187E0
2.506606863E2,9.414000511E0,1.207005024E1,-8.863950729E0
2.506631297E2,4.488000393E0,1.244805050E1,-1.048995018E1
2.506655734E2,1.963050127E0,1.173195076E1,-5.086050034E0
2.506680171E2,2.154000044E0,1.148295021E1,-3.381000042E0
2.506704607E2,4.110000134E-1,5.593050480E0,1.897050142E0
2.506729042E2,4.869000435E0,8.842050552E0,-1.485000014E0
2.506753478E2,4.546050072E0,9.124950409E0,-5.035950184E0
2.506777915E2,2.719050169E0,6.994050503E0,-2.794950247E0
2.506802349E2,1.255950093E0,7.966050148E0,2.593950033E0
2.506826786E2,1.879500151E-1,3.943050146E0,3.216000080E0
2.506851223E2,3.258000135E0,9.496050835E0,2.083950043E0
2.506875657E2,5.155950069E0,1.211700058E1,2.766000032E0
2.506900093E2,1.471950054E0,7.947000504E0,-1.605000019E0
2.506924530E2,2.080049992E0,8.775000572E0,9.109500647E-1
2.506948965E2,1.371000051E0,6.175050259E0,-5.989500284E-1
2.506973401E2,1.953000069E0,9.457050323E0,-1.566000104E0
2.506997836E2,5.500950336E0,1.189695072E1,-5.344950199E0
2.507022272E2,2.410050154E0,9.493050575E0,-4.401000023E0
2.507046709E2,5.145000458E0,9.511950493E0,-4.308000088E0
2.507071143E2,2.046000004E0,7.920000553E0,-2.500050068E0
2.507095580E2,8.688000679E0,1.017105007E1,-6.681000233E0
2.507120016E2,6.888000488E0,1.041705036E1,-1.316205025E1
2.507144451E2,1.429050088E0,1.030500031E1,-6.019950390E0
2.507168888E2,2.536950111E0,8.763000488E0,-3.273000240E0
2.507193324E2,1.453050017E0,4.954050064E0,8.205000311E-2
2.507217759E2,8.176050186E0,6.493050098E0,-1.426950097E0
2.507242195E2,8.440950394E0,6.225000381E0,-8.886000633E0
2.507266632E2,4.636950016E0,6.891000271E0,-6.793050289E0
2.507291066E2,3.129000187E0,8.080950737E0,-4.927950382E0
2.507315503E2,1.113000035E0,4.891050339E0,-4.840500355E-1
2.507339939E2,5.892000198E0,1.090800095E1,9.469500184E-1
2.507364374E2,5.583000183E0,6.454950333E0,-4.594950199E0
2.507388811E2,1.456950068E0,1.043895054E1,-6.469500065E-1
2.507413247E2,4.077000141E0,8.080950737E0,3.739500046E-1
2.507437682E2,1.215000033E0,5.527950287E0,-1.630950093E0
2.507462119E2,3.789000273E0,9.613050461E0,1.507050037E0
2.507486555E2,7.672950268E0,7.597050190E0,-5.536050320E0
2.507510989E2,3.034950256E0,9.589050293E0,-4.180950165E0
2.507535425E2,2.149049997E0,1.060905075E1,1.005000062E-2
2.507559862E2,1.668000102E0,7.141950130E0,9.750000238E-1
2.507584297E2,3.016050100E0,1.017795086E1,1.350000054E-1
2.507608733E2,5.602050304E0,1.023300076E1,-7.612050533E0
2.507633170E2,3.330000162E0,1.105395031E1,-5.941050053E0
2.507657605E2,7.126950264E0,1.079100037E1,-1.143795013E1
2.507682042E2,1.639050126E0,8.284049988E0,-4.641000271E0
2.507706478E2,2.623050213E0,9.673050880E0,-1.273950100E0
2.507730912E2,5.791050434E0,1.098300076E1,-2.718000174E0
2.507755348E2,4.000050068E0,1.089195061E1,-2.875950098E0
2.507779785E2,3.856050253E0,1.128705025E1,-3.810000122E-1
2.507804220E2,1.065000057E0,5.374950409E0,-1.129500046E-1
2.507828656E2,6.804000378E0,6.024000168E0,-1.087050080E0
2.507853093E2,6.684000492E0,1.008000088E1,-7.665000439E0
2.507877528E2,2.925000191E0,8.629050255E0,-5.979000092E0
2.507901964E2,4.438050270E0,8.136000633E0,-4.722000122E0
2.507926398E2,5.020500422E-1,4.209000111E0,-1.260000110E0
2.507950835E2,2.812050104E0,6.510000229E0,1.569000125E0
2.507975272E2,5.455950260E0,8.160000801E0,-3.570000172E0
2.507999706E2,2.689950228E0,7.291050434E0,-5.989050388E0
2.508024143E2,2.082000017E0,7.293000221E0,-3.709050179E0
2.508048579E2,4.500000179E-2,2.116050005E0,-1.128000021E0
2.508073016E2,5.860050201E0,8.670000076E0,1.761000037E0
2.508097451E2,9.706050873E0,5.179050446E0,-9.070050240E0
2.508121887E2,7.290000319E-1,9.618000031E0,-6.352950096E0
2.508146321E2,1.371000051E0,8.515950203E0,-2.799000025E0
2.508170758E2,-8.160000443E-1,2.631000042E0,-2.548050165E0
2.508195194E2,4.134000301E0,6.370950222E0,1.962000132E0
2.508219629E2,1.056300068E1,3.144000053E0,-6.168000221E0
2.508244066E2,4.744950294E0,4.768950462E0,-7.971000195E0
2.508268502E2,3.064050198E0,5.380050182E0,-1.873050094E0
2.508292939E2,1.789500117E-1,1.459950089E0,7.480500340E-1
2.508317374E2,8.475000381E0,7.690050602E0,2.785050154E0
2.508341810E2,1.146495056E1,4.662000179E0,-8.055000305E0
2.508366244E2,2.097000122E0,8.794050217E0,-4.569000244E0
2.508390681E2,1.468950033E0,1.112100029E1,-8.980500698E-1
2.508415117E2,1.095000096E-2,4.860000134E0,-5.179499984E-1
2.508439552E2,4.695000127E-2,9.232050896E0,1.993050098E0
2.508463989E2,7.182000160E0,8.179050446E0,-2.650950193E0
2.508488425E2,4.936050415E0,6.754050255E0,-5.469000340E0
2.508512860E2,5.346000195E0,9.060000420E0,-4.261950016E0
2.508537296E2,1.648950100E0,6.850050449E0,-1.453950047E0
2.508561733E2,4.146000385E0,9.163050652E0,1.605000019E0
2.508586168E2,9.982950211E0,1.291005039E1,-1.023105049E1
2.508610604E2,2.869950056E0,1.090800095E1,-7.582950592E0
2.508635041E2,1.816050053E0,1.473405075E1,-5.485950470E0
2.508659475E2,1.150950074E0,1.008900070E1,-2.716050148E0
2.508683912E2,1.405050039E0,9.421050072E0,3.504000187E0
2.508708348E2,6.784950256E0,1.295505047E1,-2.191050053E0
2.508732783E2,5.536950111E0,9.321000099E0,-5.767950058E0
2.508757219E2,6.319950104E0,1.161195087E1,-3.913050175E0
2.508781656E2,2.302050114E0,8.916000366E0,-4.554000378E0
2.508806091E2,3.289050102E0,1.038900089E1,-1.699500084E-1
2.508830527E2,8.563950539E0,1.308195019E1,-7.305000305E0
2.508854964E2,2.644950151E0,1.207005024E1,-5.862000465E0
2.508879399E2,2.733000040E0,1.383900070E1,-3.000000119E-1
2.508903835E2,1.909950137E0,8.044950485E0,-9.390000701E-1
2.508928272E2,2.812050104E0,6.168000221E0,3.310500085E-1
2.508952706E2,8.872050285E0,8.980950356E0,-7.078050137E0
2.508977143E2,5.202000141E0,6.558000088E0,-1.007295036E1
2.509001580E2,3.447000265E0,8.346000671E0,-6.082050323E0
2.509026014E2,2.656950235E0,4.378950119E0,-2.601000071E0
2.509050450E2,4.125000000E0,5.683950424E0,-7.200000435E-2
2.509074887E2,7.611000538E0,9.273000717E0,-6.244950294E0
2.509099322E2,2.238000154E0,7.132050514E0,-4.095000267E0
2.509123758E2,-1.480500102E-1,1.172205067E1,2.299050093E0
2.509148193E2,2.340000123E-1,4.705049992E0,-8.940000534E-1
2.509172630E2,1.560000062E0,5.542950153E0,3.034050226E0
2.509197066E2,6.214950085E0,6.463950157E0,-1.222050071E0
2.509221500E2,6.442050457E0,5.254950047E0,-4.588050365E0
2.509245937E2,3.346050262E0,8.296050072E0,-1.791000128E0
2.509270373E2,7.200000286E-1,5.385000229E0,9.780000448E-1
2.509294808E2,1.605000161E-2,5.932950497E0,5.560500026E-1
2.509319245E2,9.556950569E0,9.349950790E0,-3.970050097E0
2.509343681E2,3.457050085E0,7.176000118E0,-6.895950317E0
2.509368118E2,5.010000229E0,1.093500042E1,-7.951950550E0
2.509392553E2,1.369050026E0,6.490950108E0,-7.983000278E0
2.509416989E2,-4.500000179E-2,5.458950043E0,-6.280500293E-1
2.509441424E2,6.114000320E0,8.157000542E0,-3.430950165E0
2.509465861E2,4.624950409E0,4.594950199E0,-5.277000427E0
2.509490297E2,5.134950161E0,6.919050217E0,-3.733050108E0
2.509514732E2,2.266950130E0,3.667950153E0,-3.112950087E0
2.509539169E2,2.745000124E0,3.535950184E0,2.254050016E0
2.509563605E2,9.733950615E0,7.611000538E0,-5.917050362E0
2.509588042E2,3.298950195E0,7.288050175E0,-6.748050213E0
2.509612476E2,-1.483950019E0,1.063500023E1,-1.183050036E0
2.509636912E2,-6.199500561E-1,5.467950344E0,-1.339050055E0
2.509661347E2,-1.530000120E-1,4.846050262E0,3.171000242E0
2.509685784E2,7.812000275E0,8.109000206E0,8.629500270E-1
2.509710220E2,9.129000664E0,4.753050327E0,-5.778000355E0
2.509734655E2,4.675050259E0,7.747950554E0,-4.557000160E0
2.509759092E2,2.269050121E0,6.345000267E0,-1.060950041E0
2.509783528E2,7.510500550E-1,6.826050282E0,2.365950108E0
2.509807962E2,1.063500023E1,1.239300060E1,-4.810950279E0
2.509832399E2,6.315000534E0,1.053705025E1,-8.566950798E0
2.509856836E2,2.815050125E0,1.324995041E1,-5.083950043E0
2.509881270E2,2.455950022E0,1.086795044E1,-5.980950356E0
2.509905706E2,7.990500331E-1,9.790050507E0,1.543050051E0
2.509930143E2,4.933950424E0,1.214895058E1,-1.047000051E0
2.509954578E2,6.282000065E0,1.263000107E1,-6.553950310E0
2.509979015E2,3.378000259E0,1.162695026E1,-5.998050213E0
2.510003451E2,2.262000084E0,1.105200100E1,-2.577000141E0
2.510027886E2,9.780000448E-1,8.931000710E0,2.275050163E0
2.510052322E2,8.403000832E0,1.406595039E1,-2.634000063E0
2.510076758E2,7.014000416E0,1.387200069E1,-9.229950905E0
2.510101193E2,2.524950027E0,1.309905052E1,-3.556050062E0
2.510125629E2,2.370000124E0,1.182795048E1,-3.958050251E0
2.510150066E2,7.270500064E-1,7.887000561E0,-1.032000065E0
2.510174501E2,5.473050117E0,8.977950096E0,-3.745050192E0
2.510198938E2,6.378000259E0,9.175050735E0,-7.629000187E0
2.510223372E2,2.832000017E0,7.939050198E0,-3.211050034E0
2.510247808E2,2.749950171E0,7.530000210E0,4.339500070E-1
2.510272245E2,1.156050086E0,4.803000450E0,2.709000111E0
2.510296681E2,7.975050449E0,8.425050735E0,-6.130500436E-1
2.510321116E2,4.242000103E0,8.863950729E0,-3.811950207E0
2.510345552E2,1.018950105E0,7.852950573E0,4.680000246E-1
2.510369989E2,1.156050086E0,1.009695053E1,-1.578000069E0
2.510394424E2,1.240500063E-1,4.233000278E0,-1.300500035E-1
2.510418860E2,2.419950008E0,7.999050617E0,-1.090050101E0
2.510443294E2,4.732950211E0,5.425050259E0,-7.090050220E0
2.510467731E2,4.381050110E0,7.258950233E0,-5.620050430E0
2.510492167E2,3.994950294E0,6.400050163E0,-4.993050098E0
2.510516602E2,9.880500436E-1,4.281000137E0,-1.222050071E0
2.510541039E2,7.551000595E0,8.143050194E0,-3.775950193E0
2.510565475E2,7.417050362E0,3.763950109E0,-1.036500072E1
2.510589912E2,-1.600500047E-1,1.004895020E1,-6.226050377E0
2.510614346E2,1.918950081E0,7.939050198E0,-3.883950233E0
2.510638783E2,2.805000171E-2,3.193950176E0,-3.453000069E0
2.510663220E2,4.242000103E0,6.217950344E0,1.828050137E0
2.510687654E2,8.950950623E0,2.578950167E0,-2.833050251E0
2.510712090E2,3.667050123E0,6.888000488E0,-4.557000160E0
2.510736525E2,3.210000038E0,6.733050346E0,7.309500575E-1
2.510760962E2,1.113000035E0,4.045950413E0,-1.783950090E0
2.510785398E2,7.201050282E0,8.334000587E0,-3.520500064E-1
2.510809835E2,1.054605007E1,6.393000126E0,-6.951000214E0
2.510834269E2,1.596000075E0,1.105200100E1,-6.208950520E0
2.510858705E2,2.476950169E0,9.888000488E0,-3.736050129E0
2.510883140E2,-2.149500102E-1,7.281000137E0,-6.010500193E-1
2.510907577E2,1.120050073E0,9.097949982E0,3.075000048E0
2.510932013E2,8.776950836E0,8.215050697E0,-4.915950298E0
2.510956448E2,6.117000103E0,7.798050404E0,-5.059950352E0
2.510980885E2,7.170000553E0,9.763950348E0,-6.793050289E0
2.511005321E2,2.154000044E0,7.563000202E0,-1.284000039E0
2.511029755E2,3.049950123E0,1.143300056E1,2.351999998E0
2.511054192E2,8.191950798E0,1.474605083E1,-5.026050091E0
2.511078628E2,2.592000008E0,1.363500023E1,-3.301950216E0
2.511103063E2,2.470050097E0,1.477005100E1,-3.721050262E0
2.511127499E2,1.429050088E0,1.080495071E1,-2.814000130E0
2.511151936E2,-1.390500069E-1,1.042500019E1,1.789050102E0
2.511176371E2,4.792950153E0,1.490895081E1,1.588050127E0
2.511200808E2,2.985000134E0,1.219605064E1,-5.685000420E0
2.511225244E2,3.985950232E0,1.163895035E1,-6.004950523E0
2.511249678E2,1.725000024E0,7.654050350E0,-4.662000179E0
2.511274114E2,5.652000427E0,9.105000496E0,-3.967950106E0
2.511298551E2,8.923050880E0,1.261800098E1,-1.058805084E1
2.511322986E2,3.226950169E0,1.006995010E1,-7.609950542E0
2.511347422E2,2.812050104E0,8.617050171E0,-3.532050133E0
2.511371859E2,1.519950032E0,4.438950062E0,3.769500256E-1
2.511396293E2,4.338000298E0,4.851000309E0,1.342050076E0
2.511420730E2,8.647050858E0,7.717050552E0,-7.063950539E0
2.511445166E2,4.278000355E0,4.753050327E0,-6.328950405E0
2.511469601E2,1.852050066E0,7.789050579E0,1.090500057E-1
2.511494037E2,5.879999995E-1,4.003050327E0,2.910000086E0
2.511518474E2,5.650050163E0,7.899000168E0,3.106050253E0
2.511542909E2,8.671050072E0,7.486950397E0,-3.751950264E0
2.511567345E2,1.615050077E0,7.189950466E0,-6.525000095E0
2.511591782E2,1.639050126E0,9.844950676E0,-3.799950123E0
2.511616217E2,2.070000172E0,3.499950171E0,-6.604050159E0
2.511640653E2,3.082950115E0,6.844950199E0,-3.112950087E0
2.511665090E2,7.435950279E0,4.990050316E0,-5.944950104E0
2.511689524E2,1.713000059E0,5.041950226E0,-7.308000565E0
2.511713960E2,2.554050207E0,7.378950119E0,-1.732050061E0
2.511738395E2,2.908050060E0,2.554950237E0,-4.000500143E-1
2.511762832E2,5.881950378E0,6.795000553E0,4.129500091E-1
2.511787268E2,1.126395035E1,6.093000412E0,-5.443050385E0
2.511811703E2,1.383000016E0,7.824000359E0,-8.673000336E0
2.511836140E2,1.144050002E0,1.098705006E1,-2.722950220E0
2.511860576E2,1.588950038E0,5.016000271E0,-5.212950230E0
2.511885010E2,2.070000172E-1,6.985950470E0,-1.680000126E-1
2.511909447E2,8.331000328E0,5.113950253E0,-2.008949995E0
2.511933884E2,6.825000286E0,4.582950115E0,-4.672049999E0
2.511958321E2,5.116050243E0,8.442000389E0,-1.846050143E0
2.511982755E2,2.467950106E0,4.021950245E0,-4.309500158E-1
2.512007191E2,2.640000105E0,8.092950821E0,1.162050009E0
2.512031626E2,1.064205074E1,9.874050140E0,-6.822000504E0
2.512056063E2,2.965950251E0,1.006500053E1,-9.195000648E0
2.512080499E2,2.176050186E0,1.362795067E1,-3.028950214E0
2.512104934E2,9.139500260E-1,8.880000114E0,-3.448050261E0
2.512129371E2,-6.199500561E-1,6.847950459E0,2.467050076E0
2.512153807E2,2.233050108E0,1.072395039E1,1.782000065E0
2.512178244E2,3.946950197E0,8.578950882E0,-4.284000397E0
2.512202678E2,7.444950581E0,9.297000885E0,-4.336950302E0
2.512227115E2,4.741950035E0,8.263050079E0,-5.910000324E0
2.512251549E2,1.740000129E0,7.438950539E0,1.288950086E0
2.512275986E2,1.015305042E1,1.152405071E1,-5.076000214E0
2.512300422E2,4.696950436E0,1.249605083E1,-6.520050526E0
2.512324857E2,2.443950176E0,1.354395103E1,-4.308000088E0
2.512349294E2,1.872000098E0,9.654000282E0,-5.799000263E0
2.512373730E2,8.805000782E-2,4.831950188E0,-5.080500245E-1
2.512398165E2,7.060050488E0,8.670000076E0,-4.309950352E0
2.512422602E2,6.777000427E0,7.372050285E0,-7.186050415E0
2.512447038E2,5.515950203E0,8.761050224E0,-4.483050346E0
2.512471475E2,2.568000078E0,6.939000130E0,-7.020000219E-1
2.512495909E2,1.699050069E0,6.462000370E0,4.267950058E0
2.512520345E2,9.780000687E0,1.197105026E1,-5.250000358E-1
2.512544780E2,3.373050213E0,9.840000153E0,-4.300950050E0
2.512569217E2,-2.595000155E-2,1.164300060E1,-1.497000098E0
2.512593653E2,4.350000322E-1,7.594950199E0,-1.509000063E0
2.512618088E2,-4.639500082E-1,6.694050312E0,1.842000127E0
2.512642524E2,7.354050159E0,1.000305080E1,-2.991000175E0
2.512666961E2,6.997950554E0,7.726050377E0,-8.230050087E0
2.512691396E2,4.141050339E0,1.005405045E1,-5.730000496E0
2.512715832E2,2.238000154E0,9.508050919E0,-2.992950201E0
2.512740269E2,7.870500088E-1,8.476050377E0,5.400000215E-1
2.512764703E2,8.857950211E0,1.246200085E1,-6.027000427E0
2.512789139E2,4.548000336E0,9.769050598E0,-1.093995094E1
2.512813576E2,1.126950026E0,1.060695076E1,-5.653050423E0
2.512838011E2,2.511000156E0,7.705050468E0,-3.367050171E0
2.512862448E2,9.690000415E-1,4.930050373E0,-5.220000148E-1
2.512886884E2,6.706050396E0,7.489050388E0,-3.024000168E0
2.512911319E2,6.106950283E0,3.855000257E0,-8.088000298E0
2.512935755E2,2.161050081E0,6.133950233E0,-4.750950336E0
2.512960192E2,2.536950111E0,4.686000347E0,-2.407050133E0
2.512984626E2,2.179949999E0,3.417000055E0,-7.159500122E-1
2.513009062E2,8.422050476E0,9.201000214E0,4.770000279E-1
2.513033499E2,6.853950500E0,3.574950218E0,-4.822950363E0
2.513057934E2,5.700000376E-2,1.031895065E1,-1.441950083E0
2.513082371E2,2.638050079E0,6.831000328E0,-1.231050014E0
2.513106805E2,9.349500537E-1,3.508050203E0,-4.702950001E0
2.513131242E2,3.853950262E0,7.353000164E0,-2.160000086E0
2.513155679E2,7.594050407E0,3.048000097E0,-4.855950356E0
2.513180115E2,3.475950241E0,8.035050392E0,-1.222050071E0
2.513204549E2,2.604000092E0,7.984950542E0,3.661950111E0
2.513228986E2,1.194000006E0,6.274950504E0,2.457000017E0
2.513253422E2,1.576950073E0,1.091295052E1,-2.107050180E0
2.513277857E2,6.337050438E0,1.012800026E1,-1.030500084E-1
2.513302293E2,2.343000174E0,1.153305054E1,-4.075950146E0
2.513326730E2,5.889000416E0,1.164600086E1,-5.526000500E0
2.513351165E2,1.705950022E0,8.650050163E0,-2.734950066E0
2.513375601E2,2.110949993E0,1.050405025E1,1.528050065E0
2.513400035E2,6.787050247E0,1.349700069E1,-4.159049988E0
2.513424472E2,6.154950142E0,1.160505009E1,-7.279050350E0
2.513448909E2,4.599000454E0,1.308705044E1,-8.673000336E0
2.513473345E2,4.470000267E-1,9.081000328E0,-2.953050137E0
2.513497780E2,3.138000250E0,8.670000076E0,6.330000162E-1
2.513522216E2,6.499950409E0,1.336005020E1,-6.549000263E0
2.513546653E2,2.554050207E0,1.023105049E1,-5.437950134E0
2.513571088E2,3.247950077E0,9.187050819E0,-4.549950123E0
2.513595524E2,7.819500566E-1,5.125950336E0,-3.549000263E0
2.513619958E2,2.989950180E0,2.005950212E0,2.809500098E-1
2.513644395E2,7.122000217E0,7.534950256E0,-6.891000271E0
2.513668832E2,4.002000332E0,5.806050301E0,-6.055950165E0
2.513693268E2,1.720950127E0,7.623000145E0,-1.300950050E0
2.513717703E2,9.000000358E-2,2.535000086E0,3.181050062E0
2.513742139E2,4.558050156E0,7.420050144E0,4.567049980E0
2.513766574E2,9.129000664E0,7.864950180E0,-3.240000248E0
2.513791011E2,3.649950266E0,8.251049995E0,-3.819000244E0
2.513815447E2,2.647050142E0,1.099005032E1,-3.609000206E0
2.513839884E2,1.150950074E0,5.545050144E0,-2.176950216E0
2.513864319E2,1.069050074E0,9.112950325E0,7.770000100E-1
2.513888755E2,6.732000351E0,9.277950287E0,-5.115000248E0
2.513913189E2,3.591000080E0,8.626950264E0,-7.213950157E0
2.513937626E2,2.065050125E0,1.042905045E1,-3.079950094E0
2.513962062E2,1.867050052E0,5.629050255E0,-6.850500107E-1
2.513986497E2,5.868000507E0,7.318950176E0,-7.140000463E-1
2.514010934E2,1.175505066E1,1.045095062E1,-1.217295074E1
2.514035370E2,5.326050282E0,9.550950050E0,-1.117200089E1
2.514059804E2,3.933000088E0,1.287405014E1,-7.983000278E0
2.514084241E2,2.745000124E0,7.984950542E0,-7.236000538E0
2.514108678E2,2.781000137E0,6.787950516E0,-3.661050081E0
2.514133112E2,5.365050316E0,8.530950546E0,-8.383049965E0
2.514157548E2,1.692000031E0,5.263050079E0,-9.424050331E0
2.514181985E2,-2.580000162E-1,6.259050369E0,3.720000088E-1
2.514206420E2,1.690050125E0,5.530500412E-1,2.343000174E0
2.514230857E2,3.375000238E0,2.248050213E0,3.765000105E0
2.514255293E2,8.640000343E0,3.778050184E0,-1.900500059E-1
2.514279727E2,5.755050182E0,1.879050136E0,-1.984950066E0
2.514304164E2,2.872050047E0,8.657999992E0,3.049500287E-1
2.514328601E2,2.154000044E0,7.231050491E0,-1.389000058E0
2.514353037E2,-1.200000010E-2,4.434000015E0,-1.665000081E0
2.514377471E2,-2.539499998E-1,8.215050697E0,1.039950013E0
2.514401908E2,6.840000153E-1,4.434000015E0,2.661000013E0
2.514426343E2,3.750000298E-1,6.814050198E0,-2.440050125E0
2.514450780E2,4.171950340E0,6.940950394E0,-5.509500504E-1
2.514475216E2,2.250000000E0,4.591950417E0,3.820500076E-1
2.514499651E2,1.256700039E1,6.109950066E0,-7.711950302E0
2.514524087E2,8.122950554E0,5.571000099E0,-9.427050591E0
2.514548524E2,5.821950436E0,1.091100025E1,-5.823000431E0
2.514572958E2,2.815050125E0,1.044405079E1,-5.728050232E0
2.514597394E2,1.639500111E-1,7.353000164E0,3.910500109E-1
2.514621831E2,4.459950447E0,9.736950874E0,-7.399500608E-1
2.514646266E2,3.897000074E0,9.903000832E0,-3.925050259E0
2.514670702E2,5.488950253E0,8.988000870E0,-5.019000053E0
2.514695139E2,3.729000092E0,1.047495079E1,-5.244000435E0
2.514719574E2,1.776000142E0,7.045950413E0,-1.800000072E-1
2.514744011E2,1.022295094E1,1.106895065E1,-3.324000120E0
2.514768445E2,4.692000389E0,1.194495010E1,-5.863950253E0
2.514792881E2,1.716000080E0,1.277100086E1,-5.578950405E0
2.514817318E2,6.600000262E-1,9.963000298E0,-5.818950176E0
2.514841755E2,-7.470000386E-1,4.696950436E0,9.405000508E-2
2.514866189E2,6.121050358E0,8.241000175E0,-1.327050090E0
2.514890625E2,7.489050388E0,7.188000202E0,-6.466950417E0
2.514915062E2,5.725950241E0,6.187050343E0,-3.574950218E0
2.514939497E2,3.274950266E0,7.185000420E0,-1.690950036E0
2.514963933E2,5.359500051E-1,5.005950451E0,2.529000044E0
2.514988370E2,8.178000450E0,9.409049988E0,-2.725050211E0
2.515012805E2,5.508000374E0,8.092950821E0,-9.345000267E0
2.515037241E2,1.500000119E0,9.445050240E0,-6.400050163E0
2.515061678E2,1.183950067E0,8.236050606E0,-5.380050182E0
2.515086112E2,3.769500256E-1,3.358950138E0,-1.224000096E0
2.515110549E2,5.896050453E0,7.483950138E0,-1.341000080E0
2.515134985E2,8.236050606E0,5.071050167E0,-7.119000435E0
2.515159420E2,3.532950163E0,6.502950191E0,-4.320000172E0
2.515183856E2,1.144050002E0,8.028000832E0,-7.500000298E-2
2.515208293E2,-5.460000038E-1,4.402950287E0,3.079950094E0
2.515232728E2,5.841000080E0,9.702000618E0,1.903950095E0
2.515257164E2,8.262000084E0,7.282950401E0,-7.645050526E0
2.515281601E2,2.143949986E0,8.746050835E0,-2.682000160E0
2.515306035E2,2.551050186E0,1.127505016E1,-1.365000010E0
2.515330472E2,1.225050092E0,7.774050236E0,-3.049500287E-1
2.515354906E2,1.024049997E0,1.156395054E1,1.396950126E0
2.515379343E2,5.094000340E0,1.376895046E1,-3.151050091E0
2.515403779E2,2.547000170E0,9.862050056E0,-2.895000219E0
2.515428214E2,3.507000208E0,1.212195015E1,-2.871000051E0
2.515452651E2,2.551050186E0,1.037205029E1,-1.902000070E0
2.515477087E2,4.002000332E0,1.133400059E1,1.444950104E0
2.515501524E2,5.203950405E0,1.303200054E1,-8.266050339E0
2.515525958E2,1.534050107E0,1.175295067E1,-2.968950033E0
2.515550395E2,2.032050133E0,1.279305077E1,-2.287050009E0
2.515574832E2,1.882950068E0,9.238950729E0,-2.083950043E0
2.515599266E2,1.006950021E0,7.269000530E0,6.259500384E-1
2.515623702E2,4.648950100E0,9.666000366E0,-4.522950172E0
2.515648137E2,3.756000280E0,9.048000336E0,-5.428050041E0
2.515672574E2,4.891050339E0,6.757050514E0,-5.056950092E0
2.515697010E2,3.318000078E0,4.446000099E0,-4.075950146E0
2.515721447E2,4.603050232E0,4.732950211E0,-2.313000202E0
2.515745882E2,7.591050148E0,8.278950691E0,-5.565000057E0
2.515770318E2,2.595000029E0,7.719000340E0,-3.703950167E0
2.515794755E2,2.563050032E0,1.059000015E1,-1.609500051E-1
2.515819189E2,1.090950012E0,5.398950100E0,1.633950114E0
2.515843625E2,-3.450000286E-1,5.502000332E0,2.434050083E0
2.515868060E2,5.668950081E0,8.623950005E0,1.741950035E0
2.515892497E2,6.229050159E0,6.004950523E0,-6.220950127E0
2.515916933E2,4.335000038E0,8.679000854E0,-7.987950325E0
2.515941368E2,4.920000136E-1,5.731950283E0,-7.099950314E0
2.515965805E2,3.756000280E0,6.429000378E0,-1.522950053E0
2.515990241E2,1.146300030E1,8.830050468E0,-1.028205013E1
2.516014675E2,4.648950100E0,8.185950279E0,-9.799950600E0
2.516039112E2,1.441050053E0,1.122195053E1,-5.899950504E0
2.516063549E2,1.101000071E0,4.396049976E0,-6.324000359E0
2.516087983E2,-1.050000042E-1,5.605050087E0,-1.609050035E0
2.516112420E2,7.953000546E0,5.851950169E0,-3.511050224E0
2.516136856E2,5.926950455E0,2.538000107E0,-6.405000210E0
2.516161291E2,-1.360500008E-1,7.221000195E0,-1.518000126E0
2.516185728E2,1.294050097E0,3.829500079E-1,1.311000109E0
2.516210164E2,5.164050102E0,4.960500300E-1,-2.277000189E0
2.516234599E2,1.112100029E1,4.240050316E0,-4.333950043E0
2.516259035E2,7.572000504E0,8.070000410E-1,-1.123050094E0
2.516283472E2,2.185050011E0,4.657050133E0,-5.035950184E0
2.516307906E2,1.864050031E0,7.920000553E0,-8.578950882E0
2.516332343E2,-1.353000045E0,5.023050308E0,-4.801050186E0
2.516356779E2,5.279999971E-1,9.175050735E0,5.674950123E0
2.516381216E2,2.398050070E0,4.939050198E0,6.267000198E0
2.516405651E2,1.780950069E0,7.245000362E0,-1.000950098E0
2.516430087E2,2.068050146E0,8.083050728E0,-7.330500484E-1
2.516454522E2,1.531950116E0,7.836000443E0,2.362050056E0
2.516478959E2,1.783050060E0,1.087005043E1,-3.633000135E0
2.516503395E2,2.539950132E0,1.055895042E1,4.248000145E0
2.516527829E2,1.030950069E0,7.908000469E0,-1.128000021E0
2.516552266E2,1.633950114E0,1.242900085E1,-1.210050106E0
2.516576702E2,3.174000263E0,1.119105053E1,-1.110000089E-1
2.516601137E2,5.524950027E0,7.762050152E0,3.355050087E0
2.516625574E2,8.170949936E0,7.774050236E0,-1.327005100E1
2.516650010E2,5.836050510E0,1.005105019E1,-1.590105057E1
2.516674445E2,5.110950470E0,1.033095074E1,-1.469205093E1
2.516698881E2,2.113049984E0,6.562950134E0,-5.461950302E0
2.516723318E2,9.568950653E0,9.862050056E0,-4.939500093E-1
2.516747752E2,5.407950401E0,1.188495064E1,3.670500219E-1
2.516772189E2,2.386050224E0,1.109700012E1,5.223000050E0
2.516796625E2,3.535950184E0,1.314195061E1,3.336000204E0
2.516821060E2,5.670000315E-1,8.440050125E0,-7.330500484E-1
2.516845497E2,2.848050117E0,9.004950523E0,-6.000000238E-2
2.516869933E2,5.322000027E0,1.105395031E1,-1.017900085E1
2.516894368E2,4.333050251E0,1.103805065E1,-8.637000084E0
2.516918804E2,5.305050373E0,1.146600056E1,-5.962050438E0
2.516943241E2,1.729950070E0,9.975000381E0,-6.829500198E-1
2.516967678E2,5.761950493E0,1.376700020E1,6.670500040E-1
2.516992112E2,8.230950356E0,1.210095024E1,-8.822999954E0
2.517016548E2,3.433050156E0,1.421700096E1,-7.486950397E0
2.517040983E2,3.172050238E0,1.237800026E1,-7.264950275E0
2.517065420E2,7.440000176E-1,6.499950409E0,-3.454950094E0
2.517089856E2,4.147950172E0,7.036950111E0,1.678950071E0
2.517114291E2,9.394050598E0,7.123050213E0,-6.096000195E0
2.517138728E2,5.146950245E0,8.217000008E0,-6.907950401E0
2.517163164E2,3.151950121E0,8.746050835E0,-4.507050037E0
2.517187598E2,9.780000448E-1,5.497050285E0,2.059950113E0
2.517212035E2,7.021950245E0,9.639000893E0,2.694000244E0
2.517236472E2,7.258950233E0,1.072200012E1,-4.782000065E0
2.517260906E2,2.034000158E0,9.649050713E0,-1.510950089E0
2.517285342E2,1.857000113E0,1.088205051E1,-2.245950222E0
2.517309779E2,3.010500073E-1,4.542000294E0,-4.240500331E-1
2.517334214E2,2.262000084E0,5.842050076E0,-1.291050076E0
2.517358651E2,6.066000462E0,9.487950325E0,-8.059950829E0
2.517383087E2,2.745000124E0,7.420050144E0,-6.889050484E0
2.517407522E2,1.789500117E-1,9.376049995E0,-1.438950062E0
2.517431958E2,-2.299500108E-1,5.109000206E0,1.108950019E0
2.517456394E2,1.462050080E0,8.215050697E0,7.005000114E-2
2.517480829E2,7.987050533E0,1.067595005E1,-4.489950180E0
2.517505265E2,8.059500456E-1,5.502000332E0,-5.935950279E0
2.517529702E2,2.185050011E0,8.332050323E0,-1.437000036E0
2.517554137E2,4.830000103E-1,3.238950253E0,-2.056950092E0
2.517578573E2,3.619050264E0,6.235050201E0,1.174050093E0
2.517603010E2,7.012050152E0,6.880950451E0,-2.716050148E0
2.517627444E2,3.648000240E0,5.863950253E0,-2.047950029E0
2.517651880E2,3.484950066E0,9.658050537E0,-3.000000119E-1
2.517676317E2,1.435950041E0,5.907000065E0,9.990000725E-1
2.517700752E2,1.978950143E0,8.409000397E0,8.599500656E-1
2.517725189E2,8.371950150E0,8.002050400E0,-5.602950096E0
2.517749625E2,2.386050224E0,6.526950359E0,-6.160950184E0
2.517774060E2,3.564000130E0,1.002495003E1,-3.730950117E0
2.517798496E2,2.191950083E0,6.189000130E0,-4.984950066E0
2.517822933E2,1.885950089E0,6.277950287E0,-3.048000097E0
2.517847367E2,6.607050419E0,6.802050114E0,-6.795000553E0
2.517871804E2,4.302000046E0,5.752950191E0,-8.863950729E0
2.517896241E2,3.708000183E0,8.137949944E0,-4.966050148E0
2.517920675E2,2.335950136E0,5.851950169E0,-2.995950222E0
2.517945112E2,4.354050159E0,6.618000507E0,3.720000088E-1
2.517969548E2,1.019895077E1,8.143050194E0,-4.569000244E0
2.517993983E2,5.547000408E0,7.570950508E0,-6.408000469E0
2.518018420E2,2.829000235E0,1.343205070E1,-4.189949989E0
2.518042854E2,1.684950113E0,7.777050495E0,-5.910000324E0
2.518067291E2,-3.850500286E-1,9.034049988E0,3.820500076E-1
2.518091727E2,6.454050541E0,8.835000038E0,-2.020500153E-1
2.518116164E2,7.062000275E0,8.437050819E0,-6.514950275E0
2.518140598E2,4.052999973E0,1.163895035E1,-4.375050068E0
2.518165035E2,3.220050097E0,9.129000664E0,-2.979000092E0
2.518189472E2,1.687050104E0,8.920950890E0,1.485000014E0
2.518213906E2,1.106295013E1,1.237605095E1,-6.063000202E0
2.518238342E2,8.152050018E0,1.085805035E1,-1.069800091E1
2.518262779E2,5.415000439E0,1.378095055E1,-8.596050262E0
2.518287214E2,2.677950144E0,1.079295063E1,-9.505950928E0
2.518311650E2,8.490000367E-1,8.275050163E0,-1.404000044E0
2.518336087E2,7.299000263E0,9.988950729E0,-3.949050188E0
2.518360522E2,8.431950569E0,8.052000046E0,-8.578950882E0
2.518384958E2,3.907050133E0,1.053495026E1,-4.167000294E0
2.518409395E2,2.154000044E0,9.115050316E0,-3.910500109E-1
2.518433829E2,2.650500238E-1,4.851000309E0,3.568050146E0
2.518458266E2,7.960050583E0,1.094895077E1,3.460500240E-1
2.518482702E2,2.941950083E0,9.037950516E0,-4.573950291E0
2.518507137E2,3.630000055E-1,1.089900017E1,1.183950067E0
2.518531573E2,1.512000084E0,8.904000282E0,5.179499984E-1
2.518556008E2,5.910000205E-1,6.108000278E0,3.000000026E-3
2.518580445E2,3.718050241E0,1.115205097E1,1.768050075E0
2.518604882E2,6.427950382E0,1.060695076E1,-3.613050222E0
2.518629318E2,3.378000259E0,8.301000595E0,-2.787000179E0
2.518653752E2,3.451950073E0,1.069305038E1,-1.440000087E-1
2.518678188E2,2.382000208E0,8.350950241E0,-4.095000029E-2
2.518702623E2,4.603050232E0,1.089900017E1,-5.370000005E-1
2.518727060E2,6.138000488E0,1.050600052E1,-7.365000248E0
2.518751496E2,2.167950153E0,8.983050346E0,-3.970050097E0
2.518775933E2,4.171950340E0,1.063305092E1,-5.875950336E0
2.518800368E2,1.306050062E0,7.891050339E0,-5.542950153E0
2.518824804E2,4.369050026E0,7.314000130E0,-3.405000210E0
2.518849238E2,4.732950211E0,9.055050850E0,-6.280950069E0
2.518873675E2,3.664950132E0,5.812950134E0,-5.272950172E0
2.518898112E2,3.064050198E0,6.678000450E0,-2.320950031E0
2.518922546E2,1.227000117E0,3.127050161E0,-2.397000074E0
2.518946983E2,8.010000229E0,5.176050186E0,-3.108000040E0
2.518971419E2,6.909000397E0,4.333950043E0,-5.713050365E0
2.518995856E2,7.270500064E-1,6.984000206E0,-1.459050059E0
2.519020291E2,3.106950045E0,8.887950897E0,1.344000101E0
2.519044727E2,1.936050057E0,2.310000181E0,-2.203050137E0
2.519069164E2,1.953000069E0,7.222950459E0,1.093050003E0
2.519093598E2,8.343000412E0,3.808950186E0,-2.467050076E0
2.519118035E2,5.764950275E0,5.470950127E0,-7.780050278E0
2.519142469E2,3.379950047E0,7.173000336E0,-4.375050068E0
2.519166906E2,-1.270500124E-1,4.312050343E0,-9.169500470E-1
2.519191343E2,6.009000301E0,8.464050293E0,7.099500299E-1
2.519215777E2,1.069395065E1,6.532050133E0,-7.114050388E0
2.519240214E2,5.226000309E0,8.200050354E0,-6.226050377E0
2.519264650E2,5.506050110E0,1.103295040E1,-7.011000156E0
2.519289087E2,1.198950052E0,7.807950497E0,-5.122050285E0
2.519313521E2,1.704000115E0,9.859950066E0,7.005000114E-2
2.519337958E2,7.654050350E0,7.870050430E0,-7.204950333E0
2.519362392E2,4.251000404E0,7.935000420E0,-7.485000134E0
2.519386829E2,2.213999987E0,1.054395008E1,-5.661000252E0
2.519411265E2,-1.050000042E-1,5.218950272E0,-2.004000187E0
2.519435700E2,3.933000088E0,7.558950424E0,1.648050070E0
2.519460137E2,8.614050865E0,9.630000114E0,-7.750950336E0
2.519484573E2,2.415000200E0,9.298950195E0,-3.703950167E0
2.519509008E2,2.334000111E0,1.195200062E1,-1.401000023E0
2.519533445E2,6.030000448E-1,7.342950344E0,1.639500111E-1
2.519557881E2,-3.690000176E-1,8.590950012E0,1.300950050E0
2.519582318E2,3.154950142E0,1.206495094E1,2.455050230E0
2.519606752E2,4.435950279E0,8.998050690E0,-3.139500022E-1
2.519631189E2,3.832050085E0,9.157950401E0,-2.134050131E0
2.519655625E2,3.351000071E0,9.199050903E0,-1.602000117E0
2.519680060E2,5.068050385E0,1.045605087E1,-9.250500202E-1
2.519704496E2,9.720000267E0,1.327095032E1,-8.110050201E0
2.519728931E2,3.202950239E0,1.147800064E1,-4.906050205E0
2.519753368E2,1.384950042E0,1.419795036E1,6.859500408E-1
2.519777804E2,2.812050104E0,1.376700020E1,6.000000052E-3
2.519802241E2,7.219500542E-1,1.083900070E1,-1.795950055E0
2.519826675E2,1.600950122E0,1.309200096E1,1.114050031E0
2.519851111E2,4.009950161E0,1.114095020E1,-3.637050152E0
2.519875546E2,3.495000124E0,1.031700039E1,-7.107000351E0
2.519899983E2,4.261050224E0,8.049000740E0,-8.950050354E0
2.519924419E2,5.130000114E0,5.964000225E0,-7.032000542E0
2.519948856E2,9.880050659E0,8.563950539E0,-1.204905033E1
2.519973291E2,5.583000183E0,8.476050377E0,-1.070100021E1
2.519997727E2,2.877000093E0,8.988000870E0,-4.255050182E0
2.520022162E2,2.190000057E0,7.750050545E0,-2.116950035E0
2.520046598E2,-1.200000048E-1,4.957950115E0,3.286050081E0
2.520071035E2,8.470500112E-1,9.900000572E0,6.561000347E0
2.520095469E2,4.656000137E0,3.784950256E0,-5.749500394E-1
2.520119906E2,6.708000183E0,7.908000469E0,4.080000222E-1
2.520144342E2,3.480000257E0,4.690050125E0,-3.871950150E0
2.520168777E2,1.017000079E0,3.871050119E0,-1.894050121E0
2.520193214E2,9.471000671E0,8.725049973E0,-6.748050213E0
2.520217650E2,5.359950066E0,6.340050220E0,-1.007295036E1
2.520242087E2,2.044049978E0,1.147095013E1,-2.791950226E0
2.520266521E2,1.965000153E0,6.325950146E0,-2.353950024E0
2.520290958E2,-6.820500493E-1,6.117000103E0,2.208000183E0
2.520315392E2,8.841000557E0,8.348999977E0,-2.347050190E0
2.520339829E2,8.554050446E0,5.196000099E0,-1.109805012E1
2.520364265E2,4.942950249E0,9.055050850E0,-9.597000122E0
2.520388700E2,1.843050122E0,6.189000130E0,-6.790950298E0
2.520413137E2,1.860000044E-1,4.936950207E0,2.104950190E0
2.520437573E2,9.279000282E0,8.542950630E0,-4.561950207E0
2.520462010E2,4.314000130E0,6.735000134E0,-7.246050358E0
2.520486444E2,-3.090000153E-1,9.571950912E0,-1.168950081E0
2.520510881E2,1.042950034E0,7.020000458E0,-1.171050072E0
2.520535315E2,-1.360500008E-1,3.960000277E0,1.759500057E-1
2.520559752E2,5.688000202E0,8.269950867E0,-5.389500260E-1
2.520584188E2,6.706050396E0,4.019999981E0,-5.692050457E0
2.520608623E2,2.740950108E0,8.251049995E0,-2.895000219E0
2.520633060E2,2.440950155E0,7.132050514E0,2.866950035E0
2.520657496E2,6.599999964E-2,5.265000343E0,1.914000034E0
2.520681931E2,2.985000134E0,1.012305069E1,7.069500089E-1
2.520706367E2,6.160050392E0,9.271050453E0,-2.956950188E0
2.520730804E2,2.499000072E0,9.136950493E0,-3.277950048E0
2.520755238E2,5.230950356E0,1.051305008E1,-5.730000496E0
2.520779674E2,1.369050026E0,8.313000679E0,-2.413950205E0
2.520804111E2,3.640950203E0,8.485050201E0,-1.035000086E0
2.520828546E2,2.532000065E0,1.088895035E1,-5.845050335E0
2.520852983E2,3.664950132E0,1.006305027E1,-2.866050243E0
2.520877419E2,4.594050407E0,1.054905033E1,-3.190050125E0
2.520901854E2,1.986000061E0,7.288050175E0,-9.409500360E-1
2.520926290E2,7.857000351E0,9.627000809E0,-4.087950230E0
2.520950727E2,7.546050549E0,1.009200001E1,-1.011405087E1
2.520975161E2,3.511950254E0,1.127205086E1,-7.552050591E0
2.520999598E2,4.014000416E0,1.123395061E1,-6.517950535E0
2.521024034E2,1.053000093E0,6.457050323E0,-2.155050039E0
2.521048469E2,3.667050123E0,5.976000309E0,2.205000073E-2
2.521072906E2,5.578050137E0,7.603950500E0,-4.269000053E0
2.521097342E2,4.837950230E0,7.147050381E0,-4.236000061E0
2.521121779E2,4.747050285E0,7.980000496E0,-3.285000086E0
2.521146213E2,8.280000687E-1,5.547000408E0,-9.079500437E-1
2.521170650E2,7.048050404E0,8.026050568E0,2.830500007E-1
2.521195084E2,8.695050240E0,7.681050301E0,-8.146050453E0
2.521219521E2,2.094000101E0,1.084800053E1,-7.021050453E0
2.521243958E2,2.014950037E0,1.045800018E1,-5.634000301E0
2.521268392E2,2.070000172E-1,4.401000023E0,-4.019999981E0
2.521292829E2,3.145050049E0,7.006050110E0,6.709500551E-1
2.521317265E2,1.034505081E1,4.052999973E0,-7.282050133E0
2.521341700E2,5.997000217E0,6.096000195E0,-8.778000832E0
2.521366136E2,3.018000126E0,8.488050461E0,-4.120950222E0
2.521390573E2,-5.770500302E-1,4.413000107E0,-1.780500114E-1
2.521415008E2,4.836000443E0,9.517050743E0,3.099000216E0
2.521439444E2,9.448950768E0,5.832000256E0,-8.461950302E0
2.521463881E2,1.120050073E0,9.406949997E0,-6.063000202E0
2.521488315E2,6.960000396E-1,1.020705032E1,-1.165950060E0
2.521512752E2,3.610500097E-1,4.594950199E0,1.123950005E0
2.521537188E2,1.825950146E0,7.738050461E0,3.184950113E0
2.521561623E2,9.064050674E0,7.237950325E0,-3.577950239E0
2.521586059E2,5.587050438E0,5.896950245E0,-6.463050365E0
2.521610496E2,3.600000143E0,1.073295021E1,-3.951000214E0
2.521634930E2,4.590000212E-1,7.779000282E0,6.070500016E-1
2.521659367E2,8.779500127E-1,8.812950134E0,9.559500217E-1
2.521683804E2,6.784950256E0,1.343700027E1,-4.641000271E0
2.521708238E2,1.219950080E0,9.055050850E0,-4.474950314E0
2.521732674E2,1.705950022E0,1.179405022E1,3.220500052E-1
2.521757111E2,1.993950129E0,8.820000648E0,-2.680050135E0
2.521781546E2,1.725000024E0,8.173950195E0,2.479500175E-1
2.521805982E2,6.136050224E0,9.052950859E0,-5.019000053E0
2.521830419E2,4.213050365E0,7.045950413E0,-5.967000484E0
2.521854854E2,5.596950054E0,9.558000565E0,-3.010050058E0
2.521879290E2,2.784000158E0,6.547950268E0,-2.821050167E0
2.521903727E2,3.928050280E0,8.104949951E0,-1.015950084E0
2.521928161E2,7.993950367E0,9.189000130E0,-6.166050434E0
2.521952597E2,2.839050055E0,8.080950737E0,-4.995000362E0
2.521977034E2,3.370050192E0,1.081305027E1,-2.023950100E0
2.522001469E2,1.917000055E0,8.233950615E0,-1.771950126E0
2.522025905E2,1.036050081E0,4.972950459E0,1.332000017E0
2.522050342E2,5.130000114E0,8.374950409E0,-2.127000093E0
2.522074777E2,4.591050148E0,6.067050457E0,-4.830000401E0
2.522099213E2,4.726050377E0,8.488050461E0,-4.111050129E0
2.522123649E2,1.789950132E0,7.341000557E0,-3.546000242E0
2.522148084E2,2.307000160E0,7.060950279E0,6.379500031E-1
2.522172521E2,8.935050011E0,9.310950279E0,-4.633050442E0
2.522196955E2,4.524000168E0,8.346000671E0,-7.176000118E0
2.522221392E2,4.090950012E0,1.242600060E1,-4.462950230E0
2.522245828E2,1.795050144E0,8.101950645E0,-4.296000004E0
2.522270265E2,-8.400000632E-2,7.471950531E0,1.356000066E0
2.522294700E2,6.504000187E0,8.791950226E0,-4.170000255E-1
2.522319136E2,7.594050407E0,6.448050499E0,-8.767950058E0
2.522343573E2,4.326000214E0,1.067100048E1,-6.721050262E0
2.522368007E2,1.002000093E0,7.197000504E0,-3.637050152E0
2.522392443E2,4.039500058E-1,7.140000343E0,2.629950047E0
2.522416880E2,9.663000107E0,1.167195034E1,-2.638950109E0
2.522441315E2,5.616000175E0,9.553050041E0,-8.221950531E0
2.522465751E2,1.845000029E0,1.257000065E1,-4.966050148E0
2.522490188E2,1.158000112E0,8.854050636E0,-3.670950174E0
2.522514623E2,-6.060000062E-1,5.854050159E0,1.009050012E0
2.522539059E2,5.971050262E0,9.100950241E0,-1.999950051E0
2.522563496E2,6.255000114E0,5.119050026E0,-7.252950191E0
2.522587930E2,3.078000069E0,8.670000076E0,-4.521000385E0
2.522612367E2,1.852050066E0,6.244050503E0,-2.089500129E-1
2.522636803E2,1.333050013E0,5.181000233E0,2.227950096E0
2.522661238E2,8.877000809E0,1.108800030E1,-3.730950117E0
2.522685674E2,3.555000067E0,8.092950821E0,-7.654950142E0
2.522710109E2,-1.033950090E0,1.033800030E1,-1.801050067E0
2.522734546E2,5.895000324E-2,7.389000416E0,-7.330500484E-1
2.522758982E2,-7.905000448E-2,5.083050251E0,2.380500138E-1
2.522783417E2,5.914950371E0,7.135050297E0,-1.831950068E0
2.522807854E2,6.991050243E0,5.286000252E0,-5.305950165E0
2.522832290E2,4.693950176E0,7.534950256E0,-2.683950186E0
2.522856724E2,3.106950045E0,8.317950249E0,2.089500129E-1
2.522881161E2,9.400500655E-1,6.795000553E0,5.089499950E-1
2.522905598E2,7.159950256E0,1.124100018E1,-3.343050241E0
2.522930034E2,4.231950283E0,7.927050591E0,-8.242050171E0
2.522954469E2,7.219500542E-1,1.057305050E1,-3.843000174E0
2.522978905E2,3.289050102E0,7.827000141E0,-3.427050114E0
2.523003340E2,5.590500236E-1,4.981950283E0,-1.945050120E0
2.523027777E2,5.307000160E0,7.554000378E0,-1.521000028E0
2.523052213E2,7.705950260E0,5.085000038E0,-5.959950447E0
2.523076648E2,5.130000114E0,8.671950340E0,-5.155050278E0
2.523101084E2,2.968050241E0,8.581050873E0,-2.572050095E0
2.523125521E2,-8.110500574E-1,7.153950214E0,9.900000691E-2
2.523149958E2,5.370000362E0,9.526950836E0,-8.980500698E-1
2.523174392E2,7.315950394E0,6.523950100E0,-9.400050163E0
2.523198828E2,1.627050042E0,1.066395092E1,-7.413000584E0
2.523223265E2,2.725950241E0,7.305000305E0,-5.482950211E0
2.523247700E2,-5.050500035E-1,3.591000080E0,-1.600050092E0
2.523272136E2,5.391000271E0,5.974050522E0,3.324000120E0
2.523296571E2,9.969000816E0,6.001950264E0,-3.807000160E0
2.523321008E2,6.889950275E0,7.594950199E0,-3.997050285E0
2.523345444E2,3.112050056E0,9.175050735E0,-1.360050082E0
2.523369878E2,-4.380000234E-1,4.719000340E0,1.507050037E0
2.523394315E2,2.515950203E0,1.104495049E1,8.920500278E-1
2.523418751E2,7.516950130E0,7.189950466E0,-9.120000839E0
2.523443186E2,2.652000189E0,9.406949997E0,-8.590950012E0
2.523467622E2,3.400950193E0,1.023300076E1,-8.260950089E0
2.523492059E2,1.759500057E-1,5.509050369E0,-2.514000177E0
2.523516496E2,3.495000124E0,8.119050026E0,7.530000210E-1
2.523540931E2,8.845950127E0,7.990050316E0,-4.393949986E0
2.523565367E2,4.644000053E0,8.038050652E0,-5.658000469E0
2.523589801E2,1.587000132E0,9.691950798E0,-2.716050148E0
2.523614238E2,4.249500334E-1,3.277950048E0,-1.030500084E-1
2.523638674E2,7.773000240E0,7.276050568E0,-2.734950066E0
2.523663109E2,9.355950356E0,7.554000378E0,-1.232895088E1
2.523687546E2,4.159500301E-1,1.075305080E1,-4.279050350E0
2.523711982E2,2.560950041E0,1.179195023E1,3.391050100E0
2.523736417E2,1.441050053E0,7.518000126E0,2.188950062E0
2.523760854E2,2.119500041E-1,1.254105091E1,3.049500287E-1
2.523785290E2,2.932050228E0,1.100400066E1,3.139950037E0
2.523809727E2,3.813000202E0,9.556050301E0,-2.661000013E0
2.523834161E2,3.952050209E0,1.217505074E1,-4.095000267E0
2.523858598E2,2.227950096E0,8.895000458E0,-1.210050106E0
2.523883032E2,4.435950279E0,9.775950432E0,-1.699500084E-1
2.523907469E2,7.780950546E0,1.240005016E1,-9.096000671E0
2.523931905E2,3.813000202E0,1.091505051E1,-5.412000179E0
2.523956340E2,4.576950073E0,1.345305061E1,-5.052000046E0
2.523980777E2,2.293050051E0,8.728950500E0,-5.436000347E0
2.524005213E2,2.149049997E0,8.221950531E0,-2.677050114E0
2.524029648E2,5.097000122E0,9.771000862E0,-5.364000320E0
2.524054085E2,4.708950043E0,8.028000832E0,-5.493000031E0
2.524078521E2,4.603050232E0,8.683950424E0,-4.674000263E0
2.524102955E2,2.026950121E0,7.164000511E0,-2.674950123E0
2.524127392E2,3.162000179E0,5.437050343E0,1.690950036E0
2.524151829E2,7.681950569E0,9.031050682E0,-3.046050072E0
2.524176263E2,2.836050034E0,7.390950203E0,-1.648050070E0
2.524200700E2,1.495950103E0,1.073805046E1,-2.520000041E-1
2.524225136E2,4.950000346E-1,4.678050041E0,-1.887000084E0
2.524249571E2,-2.080500126E-1,5.269950390E0,3.561000109E0
2.524274008E2,8.362050056E0,5.659950256E0,-4.710000038E0
2.524298444E2,8.282999992E0,3.960000277E0,-1.114305019E1
2.524322878E2,4.681950092E0,9.168000221E0,-6.645000458E0
2.524347314E2,5.760000348E-1,5.221950054E0,-2.929050207E0
2.524371751E2,4.129050255E0,7.540050507E0,5.062050343E0
2.524396186E2,1.157100010E1,9.007050514E0,-6.604050159E0
2.524420622E2,4.801950455E0,8.049000740E0,-8.935950279E0
2.524445059E2,3.460500240E-1,1.237095070E1,-6.922050476E0
2.524469494E2,4.330500066E-1,5.952000141E0,-5.890050411E0
2.524493931E2,2.665950060E0,5.956950188E0,-1.990500093E-1
2.524518367E2,9.993000031E0,6.699000359E0,-3.403050184E0
2.524542802E2,5.133000374E0,5.205000401E0,-5.650950432E0
2.524567238E2,2.455950022E0,1.021605015E1,5.760000348E-1
2.524591675E2,1.797000051E0,6.220050335E0,2.461950064E0
2.524616109E2,1.405050039E0,8.266950607E0,2.979000092E0
2.524640545E2,9.451950073E0,1.006800079E1,-6.499050140E0
2.524664982E2,2.271000147E0,8.619000435E0,-8.413949966E0
2.524689417E2,5.980500579E-1,1.289295101E1,-2.644050121E0
2.524713854E2,1.347000122E0,7.534950256E0,-3.195000067E-2
2.524738290E2,-5.029500127E-1,7.444050312E0,-1.849500090E-1
2.524762725E2,4.285050392E0,9.811950684E0,1.252950072E0
2.524787162E2,4.792950153E0,8.926050186E0,-3.634950161E0
2.524811595E2,5.503950119E0,8.773050308E0,-3.879000187E0
2.524836032E2,4.740000248E0,9.000000000E0,-5.811000347E0
2.524860468E2,2.213999987E0,7.518000126E0,-6.280500293E-1
2.524884905E2,7.078950405E0,9.916950226E0,-6.019950390E0
2.524909340E2,3.097050190E0,9.570000648E0,-5.316000462E0
2.524933776E2,2.245050192E0,1.010400009E1,-8.550000191E-1
2.524958213E2,3.672000170E0,8.758049965E0,-3.558000088E0
2.524982648E2,1.687050104E0,4.827000141E0,-2.752050161E0
2.525007084E2,5.464950085E0,5.977950096E0,-4.618950367E0
2.525031521E2,6.088050365E0,4.908000469E0,-7.696050167E0
2.525055955E2,4.033950329E0,5.823000431E0,-5.815950394E0
2.525080392E2,2.307000160E0,5.260050297E0,-3.124950171E0
2.525104828E2,8.230500221E-1,2.647950172E0,1.071000099E0
2.525129263E2,8.851050377E0,9.012000084E0,5.659500360E-1
2.525153699E2,5.544000149E0,2.734050035E0,-6.681000233E0
2.525178136E2,2.269500047E-1,1.020900059E1,-1.960950136E0
2.525202571E2,2.877000093E0,7.180050373E0,-1.270500124E-1
2.525227007E2,9.495000541E-2,2.902050257E0,-2.086050034E0
2.525251444E2,5.896050453E0,8.302950859E0,1.276950002E0
2.525275879E2,9.373050690E0,3.814050198E0,-5.598000050E0
2.525300315E2,4.258950233E0,8.928000450E0,-6.396000385E0
2.525324749E2,1.101000071E0,7.279050350E0,-1.837050080E0
2.525349186E2,-1.405050039E0,6.199050426E0,3.373950243E0
2.525373623E2,5.133000374E0,1.157400036E1,6.589500308E-1
2.525398059E2,7.897950172E0,9.175050735E0,-7.717050552E0
2.525422494E2,4.426050186E0,9.960000038E0,-5.686950207E0
2.525446930E2,4.723050117E0,1.026900005E1,-6.697050095E0
2.525471365E2,1.873950124E0,8.926050186E0,-5.460000038E-1
2.525495802E2,4.813950062E0,1.085295010E1,-4.509000301E0
2.525520238E2,6.612000465E0,1.079100037E1,-9.280950546E0
2.525544675E2,2.359950066E0,1.095105076E1,-7.963950157E0
2.525569109E2,1.198950052E0,1.212195015E1,-2.116950035E0
2.525593545E2,7.459500432E-1,8.598000526E0,1.203000069E0
2.525617982E2,4.483950138E0,1.177695084E1,2.110050201E0
2.525642417E2,7.852050304E0,1.239495087E1,-5.827950478E0
2.525666853E2,2.914950132E0,1.218705082E1,-2.088000059E0
2.525691288E2,3.964050293E0,1.278795052E1,-3.798000097E0
2.525715725E2,1.318050027E0,8.820000648E0,-2.127000093E0
2.525740161E2,2.484000206E0,1.119105053E1,2.188950062E0
2.525764598E2,4.885950089E0,1.270605087E1,-4.522950172E0
2.525789032E2,2.652000189E0,1.150005054E1,-2.071950197E0
2.525813469E2,4.615050316E0,1.207905102E1,-1.981050134E0
2.525837905E2,2.403000116E0,8.392050743E0,-2.107050180E0
2.525862340E2,7.771050453E0,1.150395012E1,-4.708050251E0
2.525886776E2,7.624950409E0,1.338195038E1,-1.073895073E1
2.525911211E2,1.507950068E0,1.317105103E1,-4.317000389E0
2.525935648E2,2.475000143E0,1.145700073E1,-1.246050000E0
2.525960085E2,1.218000054E0,6.333000183E0,-9.730500579E-1
2.525984518E2,3.387000084E0,5.173950195E0,-2.680050135E0
2.526008955E2,7.273050308E0,6.091050148E0,-8.203050613E0
2.526033391E2,5.707050323E0,4.687950134E0,-1.101705074E1
2.526057828E2,4.788000107E0,4.293000221E0,-8.931000710E0
2.526082263E2,1.138950109E0,2.670000076E0,-1.863000035E0
2.526106699E2,3.133050203E0,7.309950352E0,4.651050091E0
2.526131136E2,5.482050419E0,6.903000355E0,1.168950081E0
2.526155571E2,1.483950019E0,5.655000210E0,7.429500222E-1
2.526180007E2,-1.575000048E0,1.006995010E1,5.131950378E0
2.526204442E2,9.520500302E-1,1.116000056E0,3.910500109E-1
2.526228878E2,2.161050081E0,2.796000242E0,-2.064000130E0
2.526253315E2,7.857000351E0,4.630050182E0,-2.011950016E0
2.526277749E2,5.635050297E0,1.329000115E0,-7.984950542E0
2.526302186E2,2.343000174E0,7.306950569E0,-1.296000004E0
2.526326622E2,3.705000132E-2,3.895050287E0,2.380950212E0
2.526351059E2,1.158000112E0,7.056000233E0,-1.120950103E0
2.526375493E2,9.769950867E0,1.051095009E1,-3.232950211E0
2.526399930E2,1.339950085E0,5.779950142E0,-3.618000269E0
2.526424367E2,4.110000134E0,9.499950409E0,-3.502950191E0
2.526448802E2,3.016050100E0,8.251049995E0,-6.154050350E0
2.526473238E2,4.801950455E0,9.247050285E0,-2.742000103E0
2.526497672E2,9.040050507E0,9.579000473E0,-9.052950859E0
2.526522109E2,4.729950428E0,9.490950584E0,-7.602000237E0
2.526546545E2,2.212050200E0,1.315905094E1,-4.473000050E0
2.526570982E2,1.266000032E0,1.168605042E1,5.400000140E-2
2.526595417E2,1.393050075E0,8.085000038E0,2.994000196E0
2.526619853E2,6.166950226E0,1.121700096E1,-6.408000469E0
2.526644287E2,2.311950207E0,9.723000526E0,-7.939950466E0
2.526668724E2,3.472950220E0,9.436050415E0,-6.955950260E0
2.526693161E2,4.125000000E0,6.508050442E0,-9.004950523E0
2.526717598E2,3.331950188E0,5.185950279E0,-7.018050194E0
2.526742032E2,7.555950165E0,8.533050537E0,-8.565000534E0
2.526766468E2,4.966950417E0,7.390950203E0,-7.654950142E0
2.526790903E2,4.495950222E0,9.550950050E0,-1.960950136E0
2.526815340E2,2.797950029E0,6.475950241E0,2.296950102E0
2.526839776E2,1.888050079E0,6.157950401E0,7.473000526E0
2.526864211E2,8.082000732E0,8.799000740E0,-4.429500103E-1
2.526888648E2,4.678050041E0,5.422950268E0,-4.521000385E0
2.526913084E2,4.740000248E0,9.852000237E0,-2.500050068E0
2.526937519E2,2.905950069E0,6.244050503E0,-5.206050396E0
2.526961956E2,-1.789500117E-1,6.085950375E0,6.349500418E-1
2.526986392E2,4.663050175E0,7.228050232E0,-2.554950237E0
2.527010826E2,6.741000175E0,5.514000416E0,-7.528050423E0
2.527035262E2,5.805000305E0,8.938050270E0,-7.818000317E0
2.527059699E2,1.833000064E0,7.309950352E0,-7.959000587E0
2.527084134E2,1.105050087E0,4.803000450E0,-9.919500351E-1
2.527108571E2,1.061295033E1,7.753050327E0,-7.237950325E0
2.527133007E2,5.796000481E0,4.948950291E0,-8.488050461E0
2.527157442E2,2.041949987E0,1.014195061E1,-1.741050124E0
2.527181878E2,1.048050046E0,5.707950115E0,1.645950079E0
2.527206315E2,-8.260500431E-1,1.354950070E0,2.410050154E0
2.527230752E2,3.391950130E0,5.835000515E0,5.935950279E0
2.527255185E2,6.820950508E0,1.852950096E0,-1.605000019E0
2.527279622E2,3.265050173E0,4.987050056E0,-2.589000225E0
2.527304057E2,1.969950080E0,6.994050503E0,2.880000174E-1
2.527328494E2,4.905000329E-2,4.594950199E0,1.378050089E0
2.527352930E2,2.571000099E0,1.387005043E1,1.018050075E0
2.527377365E2,3.430050135E0,1.202400017E1,1.870950103E0
2.527401802E2,1.189500093E-1,1.017600060E1,-4.450950146E0
2.527426238E2,3.010950089E0,1.384605026E1,7.950000465E-3
2.527450672E2,1.660950065E0,9.328050613E0,-1.522950053E0
2.527475109E2,4.726050377E0,8.242950439E0,-1.348050117E0
2.527499545E2,3.247950077E0,1.019205093E1,-8.766000748E0
2.527523980E2,3.255000114E0,1.168395042E1,-9.111000061E0
2.527548416E2,6.306000233E0,1.098705006E1,-6.982050419E0
2.527572853E2,2.683050156E0,8.509050369E0,-3.427050114E0
2.527597288E2,7.852050304E0,1.152405071E1,-3.592050076E0
2.527621725E2,6.636000156E0,1.154805088E1,-8.730000496E0
2.527646161E2,3.892050266E0,1.069005013E1,-6.409950256E0
2.527670596E2,5.628000259E0,1.107600021E1,-7.594950199E0
2.527695032E2,2.965950251E0,6.733050346E0,-6.373950481E0
2.527719469E2,2.815050125E0,5.818050385E0,-5.088000298E0
2.527743903E2,4.812000275E0,7.434000492E0,-7.744050503E0
2.527768339E2,3.070950031E0,8.623950005E0,-6.826950550E0
2.527792776E2,3.186000109E0,8.497050285E0,1.300500035E-1
2.527817211E2,-8.980500698E-1,3.949950218E0,3.693000078E0
2.527841647E2,2.619000196E0,7.444050312E0,7.284000397E0
2.527866084E2,9.718050003E0,6.658050537E0,-2.449500114E-1
2.527890519E2,6.610050201E0,5.610000134E0,-3.316950083E0
2.527914955E2,4.893000126E0,8.362950325E0,-3.943950176E0
2.527939392E2,3.010500073E-1,4.048950195E0,-2.674950123E0
2.527963826E2,2.868000031E0,6.049950123E0,8.940000534E-1
2.527988263E2,7.122000217E0,8.212050438E0,-5.722950459E0
2.528012699E2,5.062950134E0,7.551000595E0,-3.991950274E0
2.528037134E2,2.278950214E0,1.191105080E1,-7.830000520E-1
2.528061570E2,1.476000071E0,7.911000252E0,-9.750000238E-1
2.528086007E2,-5.599500537E-1,8.674050331E0,4.800000191E-1
2.528110442E2,5.037000179E0,1.198095036E1,-6.090000272E-1
2.528134878E2,1.297050118E0,8.457000732E0,-5.421000481E0
2.528159315E2,1.801950097E0,9.855000496E0,-3.391050100E0
2.528183749E2,1.693950057E0,8.217000008E0,-2.479050159E0
2.528208186E2,5.359500051E-1,8.743950844E0,8.205000311E-2
2.528232620E2,3.805950165E0,1.190700054E1,3.102000237E0
2.528257057E2,2.596950054E0,1.120305061E1,-1.746000051E0
2.528281493E2,2.527950048E0,1.068600082E1,-1.104000092E0
2.528305928E2,2.752950191E0,9.859950066E0,2.359500080E-1
2.528330365E2,2.223000050E0,7.803000450E0,-5.749500394E-1
2.528354801E2,7.471950531E0,7.177950382E0,-7.060950279E0
2.528379238E2,1.681950092E0,7.468050480E0,-8.305950165E0
2.528403672E2,2.134950161E0,8.239050865E0,-3.961050272E0
2.528428109E2,2.704950094E0,5.587950230E0,-2.833050251E0
2.528452545E2,3.315000057E0,4.884000301E0,-1.738950133E0
2.528476980E2,7.387950420E0,7.993950367E0,-6.703950405E0
2.528501416E2,2.950950146E0,6.864000320E0,-6.963000298E0
2.528525851E2,2.290950060E0,7.875000477E0,-1.684050083E0
2.528550288E2,2.074949980E0,6.388050079E0,-1.281000018E0
2.528574724E2,2.482050180E0,5.148000240E0,1.054050088E0
2.528599161E2,7.570050240E0,8.763000488E0,-6.036000252E0
2.528623596E2,4.297049999E0,4.872000217E0,-7.039950371E0
2.528648032E2,5.334000111E0,9.253950119E0,-2.026050091E0
2.528672469E2,4.678050041E0,5.236050129E0,-4.269000053E0
2.528696903E2,9.259500504E-1,5.509050369E0,-5.340000391E-1
2.528721339E2,7.680000305E0,6.787950516E0,-1.510950089E0
2.528745774E2,9.145050049E0,4.987050056E0,-6.946050167E0
2.528770211E2,4.141050339E0,8.581050873E0,-7.083000183E0
2.528794647E2,2.937000036E0,5.470950127E0,-5.845050335E0
2.528819081E2,1.239000082E0,5.670000076E0,-1.432050109E0
2.528843518E2,1.102695084E1,7.072950363E0,-4.720050335E0
2.528867954E2,5.788950443E0,5.574000359E0,-8.809050560E0
2.528892389E2,-1.867050052E0,1.027905083E1,-4.108950138E0
2.528916825E2,2.098950148E0,6.073950291E0,-2.815950155E0
2.528941262E2,-4.789500237E-1,5.557050228E0,-1.063950062E0
2.528965697E2,6.484950542E0,6.673050404E0,2.020500153E-1
2.528990134E2,7.765950203E0,3.505050182E0,-5.100000381E0
2.529014570E2,-8.500500321E-1,7.786050320E0,-1.522950053E0
2.529039004E2,-2.869500220E-1,6.069000244E0,2.485950232E0
2.529063441E2,8.805000782E-2,4.264050007E0,1.761000037E0
2.529087878E2,3.066000223E0,8.421000481E0,-2.179500163E-1
2.529112312E2,4.534049988E0,6.534000397E0,3.886950254E0
2.529136749E2,1.242000103E0,6.213000298E0,-1.993050098E0
2.529161185E2,2.238000154E0,9.292050362E0,-1.249500066E-1
2.529185620E2,2.238000154E0,6.658050537E0,3.561000109E0
2.529210056E2,1.402050018E0,7.249950409E0,-2.811000109E0
2.529234493E2,5.662050247E0,1.046100044E1,-3.016950130E0
2.529258930E2,3.235950232E0,8.779950142E0,-4.114050388E0
2.529283364E2,5.341050148E0,9.828000069E0,-5.335050106E0
2.529307801E2,2.274000168E0,9.013950348E0,-3.628050089E0
2.529332235E2,5.415000439E0,1.023795033E1,-3.178050041E0
2.529356672E2,5.881950378E0,1.080300045E1,-7.921050549E0
2.529381108E2,1.321050048E0,9.855000496E0,-3.604050159E0
2.529405543E2,4.990950108E0,1.048695087E1,-2.488050222E0
2.529429980E2,3.327000141E0,7.365000248E0,-4.629000187E0
2.529454416E2,5.158950329E0,6.892950535E0,-4.873050213E0
2.529478851E2,7.672950268E0,8.755949974E0,-9.537000656E0
2.529503288E2,4.804950237E0,9.160050392E0,-8.983950615E0
2.529527724E2,5.014950275E0,1.057500076E1,-4.059000015E0
2.529552158E2,1.527000070E0,7.213950157E0,1.180500090E-1
2.529576595E2,6.258000374E0,8.655000687E0,2.836050034E0
2.529601032E2,8.005949974E0,1.242405033E1,-2.689050198E0
2.529625466E2,2.491950035E0,1.035000038E1,-1.459050059E0
2.529649903E2,3.169050217E0,1.232595062E1,-2.944950104E0
2.529674339E2,1.735050082E0,7.471950531E0,-4.138050079E0
2.529698774E2,1.797000051E0,9.960000038E0,8.989500403E-1
2.529723210E2,7.423950195E0,1.162395096E1,-5.344950199E0
2.529747647E2,5.395950317E0,1.129395008E1,-5.986050129E0
2.529772082E2,3.567000151E0,1.387500095E1,-4.023000240E0
2.529796518E2,1.531950116E0,9.726000786E0,-2.182049990E0
2.529820955E2,4.500000179E-2,8.794050217E0,1.380000114E0
2.529845389E2,8.248050690E0,1.485195065E1,-1.341000080E0
2.529869826E2,3.463950157E0,8.983050346E0,-7.363050461E0
2.529894262E2,4.726050377E0,1.051095009E1,-6.421950340E0
2.529918697E2,2.487000227E0,7.687950134E0,-6.901050091E0
2.529943134E2,1.170000076E0,7.585050583E0,-1.609500051E-1
2.529967570E2,5.734050274E0,1.112895012E1,-2.782950163E0
2.529992005E2,3.318000078E0,9.979050636E0,-1.990050077E0
2.530016441E2,2.085000038E0,1.084605026E1,2.314050198E0
2.530040878E2,2.179949999E0,9.196050644E0,4.675050259E0
2.530065312E2,6.000000238E-1,5.956950188E0,-1.236000061E0
2.530089749E2,2.482050180E0,1.271400070E1,1.126049995E0
2.530114185E2,2.082000017E0,1.108800030E1,3.523050070E0
2.530138620E2,6.900000572E-2,7.575000286E0,-2.260500044E-1
2.530163057E2,4.009950161E0,9.330000877E0,2.235000134E0
2.530187491E2,5.121000290E0,7.786050320E0,-6.027000427E0
2.530211928E2,8.796000481E0,8.751000404E0,-1.115100098E1
2.530236364E2,4.218000412E0,1.039800072E1,-1.143600082E1
2.530260801E2,1.201050043E0,1.114800072E1,-5.538000107E0
2.530285235E2,2.089050055E0,1.075695038E1,-8.340000510E-1
2.530309672E2,1.339950085E0,7.360050201E0,1.224000096E0
2.530334109E2,7.534050465E0,9.754050255E0,-2.646000147E0
2.530358543E2,4.048050404E0,9.358950615E0,-6.550950527E0
2.530382979E2,2.331000090E0,5.230950356E0,-4.758000374E0
2.530407414E2,3.118950129E0,6.049950123E0,-7.600050449E0
2.530431851E2,8.419500589E-1,2.059050083E0,-7.921050549E0
2.530456287E2,3.139950037E0,6.955050468E0,-3.420000076E0
2.530480722E2,5.941950321E0,3.081000090E0,-5.734950066E0
2.530505159E2,3.262950182E0,5.715000153E0,-2.529000044E0
2.530529595E2,2.590050220E0,5.586000443E0,2.392950058E0
2.530554032E2,3.058950186E0,-1.930500120E-1,2.074050188E0
2.530578466E2,6.664950371E0,5.277000427E0,-1.155000091E0
2.530602902E2,9.327000618E0,2.871000051E0,-1.959000111E0
2.530627339E2,4.085999966E0,4.494000435E0,-3.019950151E0
2.530651774E2,4.386000156E0,4.480050087E0,-7.315050125E0
2.530676210E2,4.728000164E0,1.147050023E0,-1.216605091E1
2.530700645E2,6.247950077E0,4.159049988E0,-1.315200043E1
2.530725082E2,8.154000282E0,3.948000193E0,-5.680050373E0
2.530749518E2,1.942950130E0,5.602950096E0,-9.010500312E-1
2.530773952E2,7.890000343E-1,7.120950222E0,4.666950226E0
2.530798389E2,8.160000443E-1,5.583000183E0,3.331050158E0
2.530822825E2,3.093000174E0,9.108000755E0,-5.970000029E-1
2.530847260E2,6.547950268E0,1.041000080E1,6.031950474E0
2.530871697E2,2.941950083E0,7.579950333E0,2.359500080E-1
2.530896133E2,7.198950291E0,1.068795013E1,-5.835000515E0
2.530920568E2,3.448950052E0,9.997950554E0,-1.004895020E1
2.530945005E2,3.471000195E0,1.074495029E1,-6.417000294E0
2.530969441E2,4.052999973E0,9.571950912E0,-7.666950226E0
2.530993876E2,3.580500185E-1,1.005795002E1,-4.899000168E0
2.531018313E2,1.800000072E0,1.224000072E1,1.696050048E0
2.531042749E2,2.872050047E0,1.075005054E1,1.168950081E0
2.531067183E2,2.134950161E0,9.763950348E0,-1.564050078E0
2.531091620E2,3.994950294E0,1.329105091E1,2.484000206E0
2.531116056E2,4.153050423E0,1.229205036E1,2.710500062E-1
2.531140491E2,8.458050728E0,1.294095039E1,-3.826950073E0
2.531164927E2,5.773950100E0,1.158105087E1,-8.337000847E0
2.531189364E2,1.732950091E0,1.122900009E1,-3.913050175E0
2.531213799E2,4.270950317E0,1.318005085E1,-4.698000431E0
2.531238235E2,3.354000092E0,1.131495094E1,-5.883000374E0
2.531262672E2,3.508950233E0,1.207200050E1,-2.011950016E0
2.531287106E2,2.607000113E0,8.338950157E0,-7.860000134E-1
2.531311543E2,3.718050241E0,6.271050453E0,1.717950106E0
2.531335979E2,1.225995064E1,8.028000832E0,-5.911950111E0
2.531360414E2,6.004050255E0,8.614950180E0,-9.751950264E0
2.531384850E2,4.021950245E0,1.141095066E1,-5.695950508E0
2.531409287E2,2.961000204E0,9.610950470E0,-2.044950008E0
2.531433722E2,7.150500417E-1,4.198950291E0,3.279000044E0
2.531458158E2,7.551000595E0,9.807000160E0,-1.516050100E0
2.531482595E2,5.101050377E0,1.018005085E1,-2.313000202E0
2.531507029E2,2.695050240E0,7.939050198E0,-3.193950176E0
2.531531466E2,1.785000086E0,7.027050495E0,-3.586950064E0
2.531555902E2,2.985000134E0,4.386000156E0,-2.329500169E-1
2.531580337E2,1.150905037E1,8.500050545E0,-9.736050606E0
2.531604774E2,5.037000179E0,8.617050171E0,-1.045200062E1
2.531629210E2,2.939999998E-1,8.878050804E0,-5.332950115E0
2.531653645E2,7.219500542E-1,8.674050331E0,-7.429500222E-1
2.531678081E2,-3.490500152E-1,3.337950230E0,1.698000073E0
2.531702518E2,5.065050125E0,8.097000122E0,-6.349500418E-1
2.531726952E2,3.142950058E0,5.442000389E0,-4.080000401E0
2.531751389E2,1.548000097E0,7.651950359E0,-2.977050066E0
2.531775825E2,1.804050088E0,5.430000305E0,-2.392050028E0
2.531800260E2,1.020000055E-1,3.780000210E0,-1.890000105E0
2.531824696E2,6.028050423E0,8.337000847E0,-2.935950041E0
2.531849131E2,4.488000393E0,3.490950108E0,-6.925050259E0
2.531873568E2,1.570500135E-1,9.271050453E0,-9.700500369E-1
2.531898004E2,3.792000294E0,5.554950237E0,-9.370500445E-1
2.531922441E2,1.423950076E0,3.445050240E0,-2.779500186E-1
2.531946876E2,3.880050182E0,6.783000469E0,1.624050021E0
2.531971312E2,5.938950062E0,4.165950298E0,-4.080000401E0
2.531995749E2,4.000050068E0,6.133950233E0,-4.518000126E0
2.532020183E2,3.567000151E0,8.454000473E0,-4.569000244E0
2.532044619E2,6.120000482E-1,4.888950348E0,7.800000161E-2
2.532069054E2,2.470050097E0,8.236050606E0,1.428000093E0
2.532093491E2,6.016050339E0,9.591000557E0,-3.333000183E0
2.532117928E2,2.700000048E0,7.908000469E0,-2.686950207E0
2.532142364E2,5.520000458E0,1.075500011E1,-4.624050140E0
2.532166799E2,1.318050027E0,6.922050476E0,-4.546950340E0
2.532191235E2,2.745000124E0,8.338950157E0,8.170500398E-1
2.532215672E2,6.277050495E0,1.202595043E1,-5.838000298E0
2.532240106E2,5.106000423E0,1.034295082E1,-4.296000004E0
2.532264543E2,3.937950134E0,1.284795094E1,-2.706000090E0
2.532288977E2,1.387950063E0,8.752950668E0,-1.138050079E0
2.532313414E2,3.325050116E0,9.843000412E0,2.455050230E0
2.532337850E2,6.523950100E0,1.249800014E1,-8.709000587E0
2.532362285E2,3.018000126E0,1.177695084E1,-8.019000053E0
2.532386722E2,2.956050158E0,1.309395027E1,-2.826000214E0
2.532411158E2,2.298000097E0,8.461050034E0,-2.866050243E0
2.532435593E2,1.633950114E0,1.150905037E1,2.182049990E0
2.532460029E2,8.596950531E0,1.366905022E1,-1.309950113E0
2.532484466E2,3.535950184E0,1.141305065E1,-6.573000431E0
2.532508903E2,2.836050034E0,1.260105038E1,-3.532050133E0
2.532533337E2,1.546050072E0,8.119050026E0,-2.497950077E0
2.532557773E2,3.154950142E0,7.504050255E0,-1.449000120E0
2.532582208E2,9.010950089E0,1.027395058E1,-8.773050308E0
2.532606645E2,4.072050095E0,9.060000420E0,-7.726950169E0
2.532631081E2,3.198000193E0,1.056795025E1,-3.063000202E0
2.532655516E2,4.024050236E0,6.907050133E0,-3.261000156E0
2.532679953E2,1.804050088E0,4.579950333E0,-2.596050024E0
2.532704389E2,5.917950153E0,7.264050484E0,-6.795000553E0
2.532728823E2,3.162000179E0,4.372050285E0,-7.474950314E0
2.532753259E2,2.460000068E-1,7.618950367E0,-2.104950190E0
2.532777696E2,5.470499992E-1,4.009950161E0,3.360000253E-1
2.532802131E2,2.437050104E0,2.878050089E0,3.106050253E0
2.532826568E2,9.174000740E0,7.662000179E0,2.019000053E0
2.532851004E2,4.813950062E0,3.982050180E0,-2.902050257E0
2.532875439E2,4.050000191E0,9.286950111E0,3.000000026E-3
2.532899876E2,1.939050078E0,6.217950344E0,-2.653050184E0
2.532924312E2,-4.429500103E-1,4.864950180E0,1.300950050E0
2.532948746E2,2.997000217E0,8.277000427E0,-9.820500612E-1
2.532973183E2,4.893000126E0,4.519950390E0,-7.741050243E0
2.532997619E2,3.118950129E0,8.563950539E0,-7.794000149E0
2.533022054E2,1.837950110E0,6.919050217E0,-6.580050468E0
2.533046490E2,-3.040500283E-1,3.558000088E0,1.105050087E0
2.533070927E2,8.479949951E0,8.497050285E0,-3.513000250E0
2.533095362E2,5.446050167E0,6.820950508E0,-6.043950081E0
2.533119798E2,3.496950150E0,9.714000702E0,1.830000132E-1
2.533144233E2,3.160050154E0,9.235050201E0,-1.303050041E0
2.533168669E2,9.000000544E-3,4.816950321E0,-3.405000269E-2
2.533193106E2,3.961950302E0,9.394950867E0,9.390000701E-1
2.533217543E2,4.933950424E0,9.574950218E0,-5.062050343E0
2.533241977E2,2.535000086E0,9.055050850E0,-2.353950024E0
2.533266413E2,2.305050135E0,9.699000359E0,8.050500154E-1
2.533290850E2,1.546050072E0,6.610950470E0,-4.819500148E-1
2.533315285E2,1.963050127E0,1.121700096E1,1.852050066E0
2.533339721E2,6.888000488E0,1.205505085E1,-5.737050056E0
2.533364158E2,3.586050272E0,1.107105064E1,-5.233950138E0
2.533388593E2,6.679050446E0,1.282395077E1,-7.341000557E0
2.533413029E2,2.014950037E0,9.838050842E0,-4.128000259E0
2.533437466E2,3.078000069E0,1.149000072E1,8.440500498E-1
2.533461900E2,5.106000423E0,1.301805019E1,-3.988950253E0
2.533486336E2,3.816000223E0,1.132995033E1,-3.886050224E0
2.533510773E2,4.527000427E0,1.152795029E1,-3.838950157E0
2.533535208E2,2.149049997E0,7.306950569E0,-2.400000095E0
2.533559644E2,5.592000484E0,9.402000427E0,-3.004950047E0
2.533584081E2,7.792950153E0,1.094895077E1,-9.204000473E0
2.533608516E2,3.355950117E0,1.047300053E1,-5.722950459E0
2.533632952E2,5.800950050E0,1.182495022E1,-2.779950142E0
2.533657386E2,3.088050127E0,6.976950169E0,-2.625000238E0
2.533681823E2,3.151950121E0,6.237000465E0,-1.533000112E0
2.533706259E2,7.053000450E0,9.048000336E0,-5.967000484E0
2.533730694E2,4.132050037E0,5.932950497E0,-9.084000587E0
2.533755131E2,2.331000090E0,7.947000504E0,-5.752050400E0
2.533779567E2,4.729500115E-1,2.017950058E0,-2.019000053E0
2.533804002E2,2.707050085E0,3.997950077E0,4.276950359E0
2.533828439E2,9.604950905E0,6.043050289E0,-5.220000148E-1
2.533852875E2,4.699050426E0,2.848950148E0,-4.296000004E0
2.533877312E2,3.202950239E0,9.748950005E0,8.290500641E-1
2.533901746E2,4.009500146E-1,2.610000134E0,-6.919500232E-1
2.533926182E2,1.009950042E0,3.460050106E0,1.606950045E0
2.533950617E2,6.772950172E0,6.208050251E0,-2.602950096E0
2.533975054E2,3.765000105E0,2.518950224E0,-7.855950356E0
2.533999490E2,2.167950153E0,8.755949974E0,-3.439050198E0
2.534023925E2,9.430500269E-1,4.306950092E0,2.740500271E-1
2.534048362E2,-3.795000166E-2,5.607000351E0,9.949500561E-1
2.534072798E2,8.061000824E0,8.437050819E0,5.350500345E-1
2.534097235E2,2.640000105E0,4.408050060E0,-5.560050488E0
2.534121669E2,3.121050119E0,8.039999962E0,-2.289000034E0
2.534146105E2,3.223950148E0,5.818050385E0,-6.324000359E0
2.534170540E2,1.848000050E0,4.482000351E0,-2.349000216E0
2.534194977E2,7.242000580E0,5.361000061E0,-8.791950226E0
2.534219413E2,1.705950022E0,5.410950184E0,-7.176000118E0
2.534243848E2,3.363000154E0,8.422950745E0,-1.954050064E0
2.534268285E2,3.496950150E0,6.232050419E0,-2.008949995E0
2.534292721E2,2.482050180E0,4.911000252E0,1.732050061E0
2.534317155E2,8.049000740E0,8.842050552E0,-4.549950123E0
2.534341591E2,2.005950212E0,6.273000240E0,-6.274050236E0
2.534366028E2,1.207950115E0,9.883950233E0,-2.361000061E0
2.534390463E2,3.349050045E0,7.015050411E0,-5.778000355E0
2.534414899E2,4.300500154E-1,5.085000038E0,-1.273950100E0
2.534439336E2,4.843050003E0,8.083050728E0,1.384950042E0
2.534463771E2,6.550050259E0,5.904000282E0,-3.546000242E0
2.534488208E2,5.656950474E0,9.175050735E0,-1.317000031E0
2.534512644E2,5.094000340E0,9.784950256E0,-1.711950064E0
2.534537078E2,1.408950090E0,9.100950241E0,-2.400000021E-2
2.534561514E2,6.624000549E0,1.291005039E1,-2.209950209E0
2.534585951E2,6.013950348E0,1.194495010E1,-6.013050079E0
2.534610386E2,4.606050014E0,1.336005020E1,-4.855950356E0
2.534634822E2,4.936050415E0,1.446900082E1,-6.364050388E0
2.534659259E2,2.479950190E0,1.098300076E1,2.260500044E-1
2.534683694E2,2.001000166E0,1.276605034E1,3.649950266E0
2.534708131E2,6.318000317E0,1.398000050E1,-3.288000107E0
2.534732564E2,6.034950256E0,1.178895092E1,-5.983950138E0
2.534757001E2,7.339950562E0,1.301295090E1,-1.128705025E1
2.534781438E2,1.713000059E0,9.064949989E0,-5.959950447E0
2.534805874E2,5.212050438E0,1.025895023E1,-4.516050339E0
2.534830309E2,6.409050465E0,1.257000065E1,-1.016895008E1
2.534854745E2,1.809000134E0,8.539950371E0,-6.427050114E0
2.534879182E2,3.016050100E0,8.914050102E0,-7.639500499E-1
2.534903617E2,4.680000246E-1,6.346950531E0,2.709000111E0
2.534928053E2,-7.905000448E-2,4.824000359E0,3.226050138E0
2.534952488E2,1.314000010E0,4.563000202E0,3.291000128E0
2.534976925E2,2.712000132E0,3.021000147E0,-1.281000018E0
2.535001361E2,4.213050365E0,7.257000446E0,9.390000701E-1
2.535025795E2,1.812000036E0,3.060000181E0,2.295000076E0
2.535050232E2,2.755050182E0,6.405000210E0,3.190500140E-1
2.535074668E2,4.836000443E0,1.031205082E1,2.209500074E-1
2.535099105E2,9.349500537E-1,7.531950474E0,-2.004000187E0
2.535123539E2,7.129500508E-1,1.237095070E1,1.471050024E0
2.535147976E2,2.611050129E0,8.617050171E0,-5.509500504E-1
2.535172413E2,2.335950136E0,6.769050121E0,-3.640500307E-1
2.535196848E2,5.659050465E0,9.631950378E0,-7.389000416E0
2.535221284E2,4.918950081E0,7.372050285E0,-9.096000671E0
2.535245718E2,4.864050388E0,8.878050804E0,-8.922000885E0
2.535270155E2,2.050950050E0,5.254950047E0,-7.159050465E0
2.535294591E2,3.664950132E0,6.103050232E0,-9.850500226E-1
2.535319026E2,8.122950554E0,8.776950836E0,-7.432050228E0
2.535343463E2,4.761000156E0,6.097950459E0,-8.811000824E0
2.535367899E2,4.321050167E0,9.607950211E0,-5.373000145E0
2.535392334E2,1.174950004E0,7.834050179E0,-4.432050228E0
2.535416771E2,-1.305000067E0,4.936950207E0,2.845050097E0
2.535441207E2,1.479000092E0,9.295050621E0,5.553000450E0
2.535465642E2,5.152050018E0,3.550950050E0,-2.661000013E0
2.535490079E2,4.972050190E0,9.862050056E0,-1.116000056E0
2.535514515E2,1.735050082E0,4.195050240E0,-3.448050261E0
2.535538949E2,-4.240500331E-1,6.646050453E0,3.718950272E0
2.535563386E2,7.764000416E0,9.115050316E0,-2.680050135E0
2.535587822E2,5.422050476E0,6.594000340E0,-5.505000114E0
2.535612257E2,9.810000658E-1,1.167405033E1,-8.700000495E-2
2.535636693E2,1.146000028E0,9.025950432E0,-2.167050123E0
2.535661130E2,3.700500131E-1,6.546000481E0,4.890000224E-1
2.535685565E2,5.820000172E0,1.104495049E1,-2.614950180E0
2.535710002E2,4.876049995E0,9.237000465E0,-9.594000816E0
2.535734438E2,7.204050541E0,8.361000061E0,-7.240950108E0
2.535758872E2,6.274950504E0,9.473999977E0,-9.391050339E0
2.535783308E2,2.503950119E0,9.271050453E0,-3.405000269E-2
2.535807745E2,8.259000778E0,1.135095024E1,-4.827000141E0
2.535832180E2,4.642050266E0,1.108305073E1,-7.222050190E0
2.535856617E2,1.894950032E0,1.182105064E1,-1.300950050E0
2.535881053E2,2.619000196E0,1.105395031E1,-8.310000300E-1
2.535905488E2,7.030500174E-1,6.960000515E0,-3.520500064E-1
2.535929924E2,4.567049980E0,9.373950005E0,-8.770500422E-1
2.535954361E2,3.291000128E0,9.454950333E0,-3.208950043E0
2.535978795E2,2.961000204E0,9.975000381E0,-1.839000106E0
2.536003232E2,3.748950243E0,1.054005051E1,-2.950500250E-1
2.536027666E2,7.200000286E-1,7.480050564E0,1.230000034E-1
2.536052103E2,4.993950367E0,1.212900066E1,-1.405950069E0
2.536076540E2,4.029000282E0,9.960000038E0,-5.991000175E0
2.536100976E2,1.812000036E0,9.963000298E0,-3.702000141E0
2.536125411E2,4.467000008E0,9.816000938E0,-2.617050171E0
2.536149847E2,1.366050124E0,5.598000050E0,-2.839950085E0
2.536174284E2,2.772000074E0,9.043050766E0,-7.759500146E-1
2.536198718E2,6.153000355E0,8.878050804E0,-5.103000164E0
2.536223155E2,4.113000393E0,9.445050240E0,-4.339050293E0
2.536247589E2,3.531000137E0,1.130805016E1,-1.918050051E0
2.536272026E2,7.579500079E-1,6.571950436E0,4.180500209E-1
2.536296462E2,1.357050061E0,1.012500095E1,9.900000691E-1
2.536320899E2,6.805950165E0,1.199505043E1,-1.624050021E0
2.536345334E2,2.034000158E0,8.112000465E0,-2.980950117E0
2.536369770E2,5.098950386E0,9.939000130E0,-5.574000359E0
2.536394207E2,1.345050097E0,4.546950340E0,-4.438950062E0
2.536418642E2,4.723050117E0,6.402000427E0,-3.604050159E0
2.536443078E2,8.427000046E0,7.000950336E0,-8.935950279E0
2.536467515E2,4.588950157E0,5.799000263E0,-9.160950661E0
2.536491949E2,3.378000259E0,8.602950096E0,-5.299050331E0
2.536516385E2,7.650000453E-1,2.971050024E0,-3.130050182E0
2.536540820E2,3.226950169E0,8.674050331E0,-8.890500665E-1
2.536565257E2,6.628950119E0,4.872000217E0,-7.224000454E0
2.536589693E2,-2.539499998E-1,5.875050068E0,-4.909050465E0
2.536614128E2,3.300000131E-1,7.258950233E0,3.139950037E0
2.536638565E2,4.929000378E0,3.160500228E-1,-9.439500570E-1
2.536663001E2,5.902950287E0,4.192049980E0,-1.566000104E0
2.536687435E2,8.548950195E0,4.012950420E0,-1.059000015E0
2.536711872E2,4.192049980E0,2.559000015E0,-5.787000179E0
2.536736309E2,3.502050161E0,6.184050083E0,-6.496050358E0
2.536760743E2,3.720000267E0,3.874050140E0,-6.598950386E0
2.536785180E2,3.733950138E0,7.930050373E0,-3.448050261E0
2.536809616E2,8.925000191E0,5.919000149E0,-2.016000032E0
2.536834051E2,2.824050188E0,6.864000320E0,-1.540500075E-1
2.536858488E2,3.060000241E-1,1.085295010E1,2.071950197E0
2.536882924E2,2.259000063E0,8.269950867E0,4.138050079E0
2.536907358E2,1.644000053E0,8.131050110E0,-2.089500129E-1
2.536931795E2,3.166950226E0,1.035000038E1,-6.709500551E-1
2.536956232E2,6.487950325E0,8.899050713E0,-2.809050083E0
2.536980666E2,5.680950165E0,1.098300076E1,-8.056950569E0
2.537005102E2,4.339950085E0,1.173900032E1,-9.190050125E0
2.537029539E2,1.978950143E0,1.187805080E1,-2.086050034E0
2.537053974E2,5.238000393E0,1.411905098E1,-5.931000233E0
2.537078411E2,3.382050276E0,1.173000050E1,-5.088000298E0
2.537102847E2,7.939500213E-1,1.245495033E1,-2.313000202E0
2.537127282E2,1.773000121E0,1.024305058E1,-9.060000181E-1
2.537151718E2,1.132050037E0,7.996950150E0,3.460500240E-1
2.537176155E2,8.250000000E0,9.370950699E0,-1.035000086E0
2.537200589E2,6.492000103E0,8.590950012E0,-6.690000534E0
2.537225026E2,4.126950264E0,1.020900059E1,-4.590000153E0
2.537249462E2,2.740950108E0,9.223050117E0,-1.722000122E0
2.537273897E2,1.681950092E0,5.029950142E0,3.372000217E0
2.537298333E2,8.908050537E0,8.830050468E0,-4.303050041E0
2.537322770E2,3.306000233E0,8.895000458E0,-5.718000412E0
2.537347205E2,1.309050083E0,8.770050049E0,-1.300950050E0
2.537371642E2,3.262950182E0,1.015395069E1,-2.983950138E0
2.537396076E2,2.226000071E0,6.232050419E0,-1.006049991E0
2.537420512E2,7.278000355E0,1.051800060E1,-4.075950146E0
2.537444949E2,6.010950089E0,8.617050171E0,-8.361000061E0
2.537469385E2,1.582050085E0,1.016400051E1,-4.135050297E0
2.537493820E2,2.176050186E0,7.912950516E0,-2.349000216E0
2.537518256E2,2.383949995E0,5.148000240E0,-4.909500182E-1
2.537542691E2,1.017705059E1,7.279050350E0,-7.701000214E0
2.537567128E2,5.973000050E0,6.337950230E0,-9.991950035E0
2.537591565E2,3.538050175E0,9.469050407E0,-3.369000196E0
2.537615999E2,4.807050228E0,9.928950310E0,-2.620050192E0
2.537640436E2,1.219950080E0,6.460050106E0,1.641000032E0
2.537664872E2,4.321050167E0,1.246200085E1,3.324000120E0
2.537689309E2,3.282000065E0,9.268050194E0,-4.360500276E-1
2.537713743E2,3.289050102E0,1.186095047E1,-1.048950076E0
2.537738180E2,2.572950125E0,1.157895088E1,-3.024000168E0
2.537762616E2,5.239500403E-1,8.617050171E0,-1.500000060E-2
2.537787051E2,2.506050110E0,1.204995060E1,1.509000063E0
2.537811487E2,3.471000195E0,1.373805046E1,-4.987950325E0
2.537835922E2,2.989950180E0,1.334805107E1,-1.723950028E0
2.537860359E2,3.514050245E0,1.484700108E1,-4.957050323E0
2.537884795E2,2.872050047E0,1.097805023E1,-1.923000097E0
2.537909230E2,2.058000088E0,1.177005100E1,1.677000046E0
2.537933666E2,4.012050152E0,1.422195053E1,-5.233950138E0
2.537958103E2,3.823050261E0,1.334805107E1,-5.091000080E0
2.537982540E2,4.438050270E0,1.340595055E1,-8.644050598E0
2.538006973E2,1.965000153E0,7.936950207E0,-4.317000389E0
2.538031410E2,4.399950027E0,8.302950859E0,-2.923950195E0
2.538055845E2,7.624950409E0,9.958050728E0,-9.664050102E0
2.538080282E2,4.479000092E0,5.904000282E0,-1.000395012E1
2.538104718E2,1.930950046E0,5.131050110E0,-6.466950417E0
2.538129153E2,3.420000076E-1,2.374950171E0,-2.541000128E0
2.538153590E2,3.334050179E0,4.426949978E0,4.060500264E-1
2.538178026E2,4.620000362E0,5.302950382E0,7.099500299E-1
2.538202460E2,2.508000135E0,1.365000010E0,1.629000068E0
2.538226896E2,1.330050111E0,8.956950188E0,5.206050396E0
2.538251333E2,1.660950065E0,1.879050136E0,1.248000026E0
2.538275768E2,5.479950428E0,4.495950222E0,-1.779000044E0
2.538300205E2,7.410000324E0,3.091050148E0,-3.862050295E0
2.538324641E2,1.867050052E0,3.313950062E0,-7.024950504E0
2.538349076E2,4.431000233E0,6.097950459E0,-6.124950409E0
2.538373513E2,5.905950069E0,1.015050054E0,-7.384050369E0
2.538397949E2,3.358050108E0,3.555000067E0,-8.218050003E0
2.538422383E2,6.861000538E0,2.344050169E0,-4.936950207E0
2.538446820E2,4.069050312E0,4.267050266E0,-4.930050373E0
2.538471257E2,6.813000202E0,7.396050453E0,-3.964950085E0
2.538495691E2,6.655050278E0,5.433000088E0,-8.770500422E-1
2.538520127E2,9.780000448E-1,1.101105022E1,2.005050182E0
2.538544564E2,3.163950205E0,1.506195068E1,5.283000469E0
2.538568999E2,3.424950123E0,1.360200024E1,2.802000046E0
2.538593435E2,1.615050077E0,1.745895004E1,-3.901050091E0
2.538617870E2,5.242950439E0,1.884794998E1,3.157050133E0
2.538642307E2,2.889000177E0,1.444905090E1,1.060500070E-1
2.538666743E2,2.092050076E0,1.608195114E1,-1.618950129E0
2.538691180E2,4.612950325E0,1.580895042E1,1.993050098E0
2.538715615E2,5.868000507E0,1.499100113E1,-6.376050472E0
2.538740051E2,8.610000610E-1,9.856950760E0,-9.312000275E0
2.538764488E2,3.672000170E0,5.061000347E0,-6.051000118E0
2.538788922E2,9.571950912E0,7.699950218E0,-2.444100189E1
2.538813358E2,3.652950287E0,6.306000233E0,-1.974105072E1
2.538837793E2,1.696950078E0,7.609500289E-1,-1.567305088E1
2.538862230E2,2.910000086E-1,2.670000076E0,-1.152900028E1
2.538886666E2,-6.799500585E-1,5.290500522E-1,5.134050369E0
2.538911103E2,-1.683000088E0,-3.490500152E-1,2.404950142E0
2.538935537E2,-4.999500215E-1,-4.969500303E-1,4.969050407E0
2.538959973E2,-1.744950056E0,-3.340500295E-1,-9.970500469E-1
2.538984410E2,-1.810050130E0,-4.110000134E-1,5.833050251E0
2.539008845E2,-5.050500035E-1,-5.569500327E-1,5.565000057E0
2.539033281E2,9.780000448E-1,9.600000381E-1,3.061050177E0
2.539057716E2,1.090950012E0,5.599500537E-1,3.397950172E0
2.539082153E2,1.062000036E0,1.534950018E0,3.415050268E0
2.539106589E2,9.190500379E-1,2.016000032E0,5.593950272E0
2.539131023E2,1.111305046E1,4.386000156E0,1.918950081E0
2.539155460E2,1.741500092E1,7.717050552E0,-1.522095108E1
2.539179897E2,2.284500122E1,2.025300026E1,5.995950222E0
2.539204331E2,2.030295181E1,9.180000305E0,-2.614800072E1
2.539228767E2,1.161900043E1,6.091050148E0,-3.238305283E1
2.539253204E2,2.914950132E0,1.200195026E1,-1.324605083E1
2.539277639E2,4.026000023E0,1.745205116E1,-8.500500321E-1
2.539302076E2,4.881000042E0,1.993005180E1,5.793000221E0
2.539326512E2,2.146950006E0,1.457595062E1,1.123950005E0
2.539350946E2,9.090000391E-1,1.295805073E1,7.579500079E-1
2.539375383E2,1.912050128E0,1.215105057E1,-2.661000013E0
2.539399820E2,2.326050043E0,1.392000103E1,-1.875000119E0
2.539424254E2,3.724950075E0,1.161900043E1,3.640050173E0
2.539448690E2,9.229500294E-1,8.562000275E0,1.249500066E-1
2.539473127E2,2.650500238E-1,1.049400043E1,-2.530950069E0
2.539497562E2,1.146000028E0,8.619000435E0,-2.554950237E0
2.539521998E2,4.969500303E-1,1.002495003E1,-2.899950027E0
2.539546435E2,2.118000031E0,1.415700054E1,4.990950108E0
2.539570869E2,1.279500127E-1,1.048005009E1,9.829500318E-1
2.539595306E2,-3.001950026E0,1.361100101E1,-1.339050055E0
2.539619743E2,-3.856950283E0,1.048200035E1,3.025050163E0
2.539644177E2,-4.888950348E0,9.772950172E0,-8.500500321E-1
2.539668614E2,-3.507000208E0,9.811950684E0,2.845050097E0
2.539693050E2,-9.220500588E-1,1.003200054E1,2.299050093E0
2.539717485E2,1.789500117E-1,1.097805023E1,3.175950050E0
2.539741921E2,8.659500480E-1,6.703950405E0,3.712050200E0
2.539766358E2,1.429500133E-1,3.579000235E0,2.557950020E0
2.539790792E2,1.189500093E-1,8.758049965E0,1.380000114E0
2.539815229E2,1.919400024E1,5.377050400E0,4.105050087E0
2.539839663E2,2.914995193E1,-4.500000179E-2,-4.035600281E1
2.539864100E2,2.284305191E1,-4.918950081E0,-5.195700073E1
2.539888536E2,5.923050404E0,2.728950024E0,-3.636300278E1
2.539912971E2,3.595050097E0,2.695950031E0,-1.305195045E1
2.539937408E2,-8.400000632E-2,3.322950125E0,1.543050051E0
2.539961844E2,2.994000196E0,7.495950222E0,8.986950874E0
2.539986281E2,1.540950060E0,8.842050552E0,7.311000347E0
2.540010716E2,4.680000246E-1,4.831950188E0,3.874950171E0
2.540035152E2,2.698050022E0,5.743950367E0,1.098600006E1
2.540059586E2,1.483950019E0,4.372050285E0,6.790950298E0
2.540084023E2,4.924050331E0,9.844950676E0,5.577000141E0
2.540108459E2,3.457050085E0,7.879950523E0,9.832050323E0
2.540132894E2,2.152050018E0,4.798050404E0,9.000000358E-2
2.540157331E2,3.105000257E0,7.216050148E0,3.003000259E0
2.540181767E2,2.755050182E0,8.827950478E0,2.863950253E0
2.540206204E2,-3.040500283E-1,1.492800045E1,-2.649000168E0
2.540230639E2,-6.199500561E-1,1.744500160E1,-3.822000265E0
2.540255075E2,-1.696950078E0,1.669799995E1,-2.257950068E0
2.540279512E2,-2.194950104E0,1.858200073E1,2.782950163E0
2.540303947E2,-3.814050198E0,1.744005013E1,1.800000109E-2
2.540328383E2,-5.113950253E0,1.848600006E1,-2.710950136E0
2.540352817E2,-1.549050093E0,1.089600086E1,2.589000225E0
2.540377254E2,-1.027050018E0,7.807950497E0,-4.240500331E-1
2.540401690E2,4.450500309E-1,1.169595051E1,4.255949974E0
2.540426125E2,1.125000000E0,9.274950027E0,4.837050438E0
2.540450561E2,2.956050158E0,8.107049942E0,-1.147050023E0
2.540474998E2,5.149050236E0,7.306950569E0,3.616050243E0
2.540499432E2,6.555000305E0,7.285950184E0,1.888050079E0
2.540523868E2,5.475000381E0,7.243050575E0,5.977050304E0
2.540548305E2,2.310000181E0,2.595000029E0,5.991000175E0
2.540572740E2,2.896050215E0,4.687950134E0,-1.315050006E0
2.540597177E2,3.186000109E0,8.089950562E0,1.038000107E0
2.540621613E2,1.690005112E1,3.643950224E0,-2.761050224E0
2.540646048E2,1.350300026E1,3.019050121E0,-3.294300079E1
2.540670485E2,5.484000206E0,1.374000072E0,-3.725100327E1
2.540694921E2,1.764000058E0,3.414000273E0,-2.942895126E1
2.540719355E2,4.078950405E0,3.330000162E0,-1.655504990E1
2.540743791E2,7.297050476E0,1.434000015E0,-1.235700035E1
2.540768228E2,1.134600067E1,1.723950028E0,-1.200495052E1
2.540792663E2,7.204050541E0,8.380500674E-1,-8.296950340E0
2.540817099E2,3.423000097E0,5.317950249E0,3.901050091E0
2.540841534E2,8.643000603E0,2.772000074E0,1.437000036E0
2.540865971E2,1.056495094E1,2.326950073E0,-4.288949966E0
2.540890408E2,1.273695087E1,3.157950163E0,-3.345000267E0
2.540914844E2,9.952050209E0,5.467950344E0,-9.319500327E-1
2.540939279E2,6.837000370E0,1.264695072E1,-1.617000103E0
2.540963715E2,4.630050182E0,1.420500088E1,-5.227050304E0
2.540988152E2,1.972050071E0,1.221600056E1,-4.120500088E-1
2.541012586E2,1.792950034E0,1.374300098E1,-5.233950138E0
2.541037022E2,3.780000210E0,1.480605030E1,2.881050110E0
2.541061457E2,1.303950071E0,1.242405033E1,5.320500135E-1
2.541085894E2,-6.799500585E-1,1.614000130E1,-5.730000138E-1
2.541110330E2,7.699500322E-1,1.220595074E1,-3.810000122E-1
2.541134765E2,6.940500140E-1,1.042695045E1,-2.164950132E0
2.541159202E2,2.407950163E0,1.476300049E1,1.645950079E0
2.541183638E2,1.267950058E0,1.307295036E1,-9.060000181E-1
2.541208075E2,-1.647000074E0,1.146900082E1,-1.822950125E0
2.541232509E2,-4.185000420E0,1.245000076E1,1.920000017E-1
2.541256946E2,-2.806050062E0,7.008000374E0,-6.760500073E-1
2.541281383E2,-2.586000204E0,6.570000172E0,-2.329950094E0
2.541305817E2,-2.691000223E0,6.550950527E0,-5.700000525E-1
2.541330253E2,-4.324050426E0,7.389000416E0,5.094000340E0
2.541354688E2,-1.852950096E0,8.070000410E-1,9.403050423E0
2.541379125E2,1.101000071E0,1.494000077E0,2.670000196E-1
2.541403561E2,2.472000122E0,2.467950106E0,6.286050320E0
2.541427996E2,2.329050064E0,2.488050222E0,4.732050419E0
2.541452433E2,2.551050186E0,2.704950094E0,6.352950096E0
2.541476869E2,1.680000067E0,1.695000052E0,2.647050142E0
2.541501303E2,8.800500631E-1,1.723950028E0,3.000000026E-3
2.541525739E2,3.970500231E-1,7.851000309E0,6.259500384E-1
2.541550176E2,3.576000214E0,2.848200226E1,1.677000046E0
2.541574611E2,2.281050205E0,1.465500069E1,9.097050667E0
2.541599048E2,-1.699500084E-1,1.447950125E0,6.516000271E0
2.541623484E2,-1.905000024E-2,2.131050110E0,-1.225950003E0
2.541647919E2,1.463805103E1,1.540995026E1,6.133050442E0
2.541672356E2,3.382305145E1,8.659950256E0,-4.303995132E1
2.541696792E2,2.855295181E1,-2.977950096E0,-5.752095413E1
2.541721226E2,1.072095013E1,3.096000195E0,-5.023500061E1
2.541745663E2,7.275000572E0,9.304050446E0,-1.617600060E1
2.541770099E2,4.114950180E0,1.247895050E1,3.484950066E0
2.541794534E2,5.458050251E0,1.818900108E1,8.838000298E0
2.541818971E2,4.033950329E0,1.595295048E1,2.259000063E0
2.541843407E2,2.947050095E0,8.332050323E0,5.211000443E0
2.541867842E2,2.578050137E0,1.125105095E1,-7.429500222E-1
2.541892278E2,4.656000137E0,1.783305168E1,4.393949986E0
2.541916715E2,2.710050106E0,1.089405060E1,3.786000252E0
2.541941150E2,7.530000210E-1,9.295050621E0,-3.766950130E0
2.541965586E2,-3.570000231E-1,1.352505112E1,-1.786950111E0
2.541990023E2,7.605000585E-2,5.875050068E0,-2.538000107E0
2.542014457E2,4.489500225E-1,7.968000412E0,-6.795000285E-2
2.542038893E2,1.395000100E0,9.769050598E0,2.955000162E0
2.542063330E2,1.450500041E-1,7.398000240E0,1.627050042E0
2.542087765E2,-7.470000386E-1,6.970050335E0,2.614950180E0
2.542112201E2,-1.956000090E0,5.020950317E0,-9.919500351E-1
2.542136636E2,-1.024950027E0,4.699950218E0,-1.293000102E0
2.542161073E2,9.469500184E-1,3.048000097E0,4.939950466E0
2.542185509E2,3.226950169E0,1.016400051E1,5.163000107E0
2.542209946E2,3.105000257E0,7.113000393E0,1.050000072E0
2.542234380E2,2.281050205E0,4.018050194E0,2.548050165E0
2.542258816E2,4.153050423E0,5.242950439E0,7.471050262E0
2.542283253E2,2.122950077E0,4.417050362E0,3.484950066E0
2.542307688E2,1.879050136E0,6.088950157E0,-9.409500360E-1
2.542332124E2,2.074949980E0,7.755000591E0,1.461000085E0
2.542356559E2,1.342050076E0,6.771000385E0,1.282050014E0
2.542380996E2,1.773000121E0,1.072395039E1,2.935950041E0
2.542405432E2,2.547000170E0,1.037205029E1,2.449950218E0
2.542429869E2,4.492950439E0,8.715000153E0,4.540050030E0
2.542454303E2,2.224695015E1,8.983050346E0,-1.064295006E1
2.542478740E2,4.357050419E0,8.911050797E0,-2.415900040E1
2.542503177E2,1.509495068E1,5.215050220E0,-3.549600220E1
2.542527611E2,3.556950092E0,9.988950729E0,-2.497500038E1
2.542552047E2,2.550000250E-1,1.225095081E1,-8.138999939E0
2.542576482E2,1.033950090E0,1.242105103E1,2.473950148E0
2.542600919E2,3.238950253E0,1.322805023E1,3.097050190E0
2.542625355E2,3.655050278E0,1.594095039E1,9.660000205E-1
2.542649790E2,3.154950142E0,1.244505024E1,3.612000227E0
2.542674227E2,2.025000095E0,1.228695011E1,-4.390500188E-1
2.542698663E2,3.634050131E0,1.206495094E1,4.057050228E0
2.542723098E2,1.807050109E0,9.292050362E0,6.570000052E-1
2.542747534E2,9.117000580E0,1.226805019E1,-4.095000029E-2
2.542771971E2,4.510050297E0,1.263000107E1,-2.811000109E0
2.542796405E2,-5.770500302E-1,1.152600098E1,-5.593950272E0
2.542820842E2,2.611050129E0,1.127505016E1,-2.919000149E0
2.542845279E2,3.342000246E0,9.024000168E0,-1.307805061E1
2.542869713E2,8.568000793E0,8.109000206E0,-1.057800007E1
2.542894150E2,3.813000202E0,8.566950798E0,-1.225395012E1
2.542918586E2,1.600950122E0,8.896950722E0,-9.889500737E-1
2.542943021E2,2.359950066E0,1.032405090E1,2.350050211E0
2.542967457E2,2.209050179E0,6.547950268E0,9.870000482E-1
2.542991894E2,1.141005039E1,7.398000240E0,-1.518000126E0
2.543016328E2,4.965000153E0,5.823000431E0,-6.819000244E0
2.543040765E2,3.291000128E0,6.205950260E0,-3.778950214E0
2.543065202E2,5.287950039E0,7.875000477E0,-8.352000237E0
2.543089636E2,4.879500270E-1,3.144000053E0,-7.300950527E0
2.543114072E2,4.419000149E0,4.702050209E0,-2.902050257E0
2.543138509E2,4.261050224E0,4.780950069E0,-2.677050114E0
2.543162944E2,3.804000139E0,4.846050262E0,-4.078050137E0
2.543187380E2,4.624950409E0,5.775000095E0,-2.428050041E0
2.543211817E2,-5.860500336E-1,3.088950157E0,-2.989050150E0
2.543236252E2,3.988050222E0,3.892950296E0,-8.029500246E-1
2.543260688E2,6.306000233E0,4.281000137E0,-1.648050070E0
2.543285125E2,2.496000051E0,4.330950260E0,-2.938050032E0
2.543309559E2,3.763050079E0,5.430000305E0,1.186050057E0
2.543333995E2,5.910000205E-1,1.744950056E0,-1.969500035E-1
2.543358430E2,9.019500613E-1,5.935050488E0,1.969050050E0
2.543382867E2,2.652000189E0,9.285000801E0,4.636050224E0
2.543407303E2,1.158000112E0,9.088950157E0,-6.229500175E-1
2.543431738E2,2.641950130E0,1.182795048E1,3.702000141E0
2.543456175E2,3.367950201E0,9.892950058E0,1.258050084E0
2.543480611E2,5.317050457E0,1.197405052E1,-2.787000179E0
2.543505045E2,1.128105068E1,1.418400097E1,-6.168000221E0
2.543529482E2,4.642050266E0,9.946050644E0,-8.136000633E0
2.543553918E2,4.069050312E0,1.418400097E1,-8.802000046E0
2.543578353E2,2.377050161E0,1.355205059E1,-3.309000254E0
2.543602790E2,4.740000248E0,1.196205044E1,2.377950191E0
2.543627226E2,5.287950039E0,1.331895065E1,-6.499050140E0
2.543651661E2,2.128050089E0,1.283295059E1,-4.813050270E0
2.543676098E2,5.086950302E0,1.419795036E1,-7.444050312E0
2.543700534E2,3.780000210E0,1.280505085E1,-5.823000431E0
2.543724968E2,6.021000385E0,1.129095078E1,-6.238050461E0
2.543749405E2,5.724000454E0,1.426995087E1,-1.371300030E1
2.543773842E2,2.535000086E0,1.135800076E1,-5.845050335E0
2.543798278E2,6.270000458E0,1.079295063E1,-5.086050034E0
2.543822713E2,4.275000095E0,8.746050835E0,-4.609050274E0
2.543847149E2,2.890950203E0,4.839000225E0,-1.396050096E0
2.543871584E2,4.069050312E0,5.704950333E0,-1.198050022E0
2.543896021E2,4.074000359E0,6.754050255E0,1.665000081E0
2.543920457E2,7.465050220E0,7.231050491E0,3.793050289E0
2.543944892E2,2.398050070E0,4.132050037E0,1.129050016E0
2.543969328E2,4.024050236E0,6.654000282E0,1.729500145E-1
2.543993765E2,8.611050606E0,9.226950645E0,-6.175050259E0
2.544018199E2,3.775050163E0,9.010050774E0,-5.031000137E0
2.544042635E2,3.253050089E0,1.172700024E1,-2.590950012E0
2.544067072E2,1.924050093E0,7.741050243E0,-3.436050177E0
2.544091507E2,2.269050121E0,7.222950459E0,2.364000082E0
2.544115943E2,6.982950211E0,1.111395073E1,-6.312000275E0
2.544140380E2,4.492950439E0,7.978050232E0,-7.236000538E0
2.544164814E2,6.052050114E0,9.373950005E0,-6.271050453E0
2.544189251E2,2.713950157E0,8.478000641E0,-4.609050274E0
2.544213688E2,1.572000027E0,9.093000412E0,3.372000217E0
2.544238122E2,6.583050251E0,1.100895023E1,-2.251049995E0
2.544262558E2,1.591050029E0,8.059050560E0,-4.465950012E0
2.544286995E2,1.374000072E0,9.091050148E0,-1.300500035E-1
2.544311430E2,2.664000034E0,1.008900070E1,-2.349000216E0
2.544335866E2,7.095000148E-2,4.972950459E0,-1.969050050E0
2.544360303E2,3.277050257E0,4.429050446E0,4.605000094E-2
2.544384737E2,4.021950245E0,6.225000381E0,-5.397000313E0
2.544409174E2,2.149500102E-1,4.128000259E0,-1.582950115E0
2.544433608E2,-2.850000262E-1,1.348050117E0,1.393950105E0
2.544458045E2,-5.820000172E-1,9.169500470E-1,-4.800000042E-2
2.544482481E2,7.363950253E0,3.112050056E0,-7.159500122E-1
2.544506918E2,1.986000061E0,3.322950125E0,-3.156000137E0
2.544531353E2,-5.940000415E-1,5.488050461E0,6.690000296E-1
2.544555789E2,2.443950176E0,8.776950836E0,5.527050495E0
2.544580225E2,1.623000026E0,7.875000477E0,-7.279500365E-1
2.544604660E2,2.571000099E0,9.619950294E0,-6.210000515E-1
2.544629096E2,5.427000046E0,1.087500095E1,-2.433000088E0
2.544653531E2,7.021950245E0,1.035000038E1,-4.618950367E0
2.544677968E2,6.319950104E0,1.229895020E1,-9.235050201E0
2.544702404E2,4.246950150E0,1.167000103E1,-7.009050369E0
2.544726838E2,1.329900074E1,1.456695080E1,-1.380795097E1
2.544751275E2,7.420950413E0,1.208100033E1,-1.368405056E1
2.544775711E2,2.155950069E0,1.274505043E1,-5.968950272E0
2.544800148E2,3.492000103E0,1.244805050E1,-4.006050110E0
2.544824582E2,1.924050093E0,8.454000473E0,-1.300950050E0
2.544849019E2,9.423000336E0,1.094400024E1,-5.485950470E0
2.544873454E2,7.941000462E0,1.063500023E1,-9.807000160E0
2.544897890E2,6.411000252E0,1.124595070E1,-7.489950180E0
2.544922327E2,5.419950485E0,1.404705048E1,-5.059950352E0
2.544946761E2,1.711050034E0,9.915000916E0,-2.970000207E-1
2.544971198E2,7.912050247E0,1.540995026E1,2.058000088E0
2.544995634E2,5.671050072E0,1.693200111E1,-4.150500298E-1
2.545020071E2,3.660000265E-1,1.173405075E1,2.055000067E0
2.545044505E2,2.662050009E0,1.304895020E1,3.925050259E0
2.545068942E2,1.504950047E0,6.739950180E0,-1.999950051E0
2.545093377E2,5.947050095E0,5.308050156E0,-2.368050098E0
2.545117814E2,5.046000004E0,3.903000116E0,-1.443105030E1
2.545142250E2,1.171950102E0,1.039050102E0,-9.700050354E0
2.545166684E2,9.570000172E-1,3.229950190E0,-7.951950550E0
2.545191121E2,1.620000005E-1,1.578000069E0,-5.187000275E0
2.545215558E2,3.592950106E0,1.786050081E0,-4.705049992E0
2.545239992E2,6.022950172E0,4.444050312E0,-3.280950069E0
2.545264428E2,5.160000324E-1,3.208050251E0,-9.730500579E-1
2.545288865E2,2.263950109E0,3.796950102E0,5.268000126E0
2.545313300E2,2.413050175E0,7.683000565E0,1.930950046E0
2.545337736E2,3.682050228E0,7.306950569E0,1.477950096E0
2.545362173E2,4.186950207E0,6.441000462E0,7.042950153E0
2.545386608E2,2.089050055E0,4.635000229E0,4.336950302E0
2.545411045E2,2.346000195E0,8.229000092E0,1.021050096E0
2.545435479E2,2.311950207E0,6.132000446E0,4.282050133E0
2.545459915E2,7.060500383E-1,6.727950096E0,-1.554000020E0
2.545484352E2,8.851050377E0,8.586000443E0,-1.449000120E0
2.545508789E2,1.924050093E0,7.599000454E0,-9.715950012E0
2.545533223E2,4.006950378E0,1.123200035E1,-5.257950306E0
2.545557659E2,3.480000257E0,1.150200081E1,-9.963000298E0
2.545582096E2,2.797950029E0,1.149705029E1,7.530000210E-1
2.545606531E2,5.701950073E0,1.720005035E1,4.219500124E-1
2.545630967E2,4.560000420E0,1.696605110E1,8.080500364E-1
2.545655404E2,1.606050134E0,1.377705097E1,-2.835000038E0
2.545679838E2,3.006000042E0,1.649700165E1,2.005050182E0
2.545704275E2,8.370000124E-1,1.528305054E1,-2.257950068E0
2.545728712E2,3.042000055E0,1.789005089E1,4.126049995E0
2.545753146E2,2.146950006E0,1.494705105E1,-7.576050282E0
2.545777582E2,1.195950031E0,1.416900063E1,-6.288000107E0
2.545802019E2,1.183950067E0,1.238295078E1,-8.541000366E0
2.545826454E2,1.273050070E0,8.940000534E0,-4.246050358E0
2.545850890E2,3.211950064E0,9.127050400E0,-6.988950253E0
2.545875327E2,1.861950040E0,9.475950241E0,-6.589950085E0
2.545899762E2,1.135950089E0,5.890050411E0,-1.678950071E0
2.545924198E2,3.805950165E0,7.848000526E0,-3.843000174E0
2.545948632E2,4.062000275E0,3.127050161E0,-4.726950169E0
2.545973069E2,8.413050652E0,5.112000465E0,-5.941050053E0
2.545997505E2,3.496950150E0,2.502000093E0,-5.218050480E0
2.546021940E2,2.230950117E0,5.587950230E0,3.415050268E0
2.546046376E2,9.424950600E0,8.313000679E0,-8.940000534E-1
2.546070813E2,4.201050282E0,1.663950086E0,-3.952950239E0
2.546095250E2,5.683050156E0,6.112950325E0,-4.059000015E0
2.546119685E2,8.089050293E0,2.679000139E0,-4.201950073E0
2.546144121E2,7.180050373E0,2.878050089E0,-9.502950668E0
2.546168555E2,6.190950394E0,3.543000221E0,-1.113195038E1
2.546192992E2,3.682050228E0,6.000000238E-2,-1.300095081E1
2.546217428E2,8.959050179E0,2.494950056E0,-1.150005054E1
2.546241863E2,9.427950859E0,-4.050000105E-3,-7.509000301E0
2.546266300E2,5.734050274E0,8.070000410E-1,-8.940000534E-1
2.546290736E2,5.422050476E0,5.634000301E0,-4.600500166E-1
2.546315171E2,3.454050064E0,5.023050308E0,-3.343050241E0
2.546339608E2,6.550050259E0,7.477050304E0,-1.972950101E0
2.546364044E2,6.217050076E0,7.846050262E0,-2.473950148E0
2.546388478E2,1.612950087E0,1.063500023E1,-2.074050188E0
2.546412915E2,5.279999971E-1,1.471305084E1,3.310050249E0
2.546437351E2,1.062000036E0,1.356405067E1,-1.489950061E0
2.546461786E2,-2.610000074E-1,1.495905113E1,-3.244950056E0
2.546486223E2,2.298000097E0,1.737795067E1,2.296950102E0
2.546510659E2,1.384950042E0,1.527300072E1,3.697950125E0
2.546535094E2,-1.132050037E0,1.481595039E1,-4.315050125E0
2.546559530E2,9.900000691E-1,1.660695076E1,-5.490000248E-1
2.546583967E2,7.369500399E-1,1.535895061E1,-1.332000017E0
2.546608402E2,-2.467950106E0,1.207395077E1,1.519050121E0
2.546632839E2,-4.602000237E0,1.031700039E1,1.555050015E0
2.546657275E2,-3.949950218E0,8.617050171E0,-2.007000208E0
2.546681709E2,-3.117000103E0,8.581050873E0,-1.111050010E0
2.546706145E2,-2.013000011E0,7.993950367E0,-6.544050217E0
2.546730582E2,-3.540000021E-1,6.394950390E0,-1.732050061E0
2.546755017E2,1.342050076E0,5.460000038E-1,1.809495163E1
2.546779453E2,2.134950161E0,3.625050068E0,2.911950111E0
2.546803890E2,4.812000275E0,5.344050407E0,1.051950097E0
2.546828325E2,4.768950462E0,4.032000065E0,4.975950241E0
2.546852761E2,4.018949986E0,1.671000123E0,1.038300037E1
2.546877198E2,1.323000073E0,7.519500256E-1,3.324000120E0
2.546901632E2,1.362000108E0,1.839000106E0,-1.411050081E0
2.546926069E2,1.572000027E0,3.060000241E-1,1.969050050E0
2.546950503E2,1.364700031E1,1.791000128E0,2.137050152E0
2.546974940E2,1.979805183E1,8.434950829E0,-2.586105156E1
2.546999377E2,1.840200043E1,-1.830000132E-1,-3.397800064E1
2.547023813E2,5.484000206E0,5.535000324E0,-3.848400116E1
2.547048248E2,5.326050282E0,7.470000267E0,-2.985000229E1
2.547072684E2,9.913950920E0,5.061000347E0,-1.850100136E1
2.547097121E2,1.028700066E1,5.689050198E0,-1.174905014E1
2.547121556E2,5.479950428E0,4.822050095E0,-5.898000240E0
2.547145992E2,2.305050135E0,9.735000610E0,2.457000017E0
2.547170429E2,4.684950352E0,1.855995178E1,1.064805031E1
2.547194863E2,4.645950317E0,1.370205021E1,2.481000185E0
2.547219299E2,5.128050327E0,1.341495037E1,2.167950153E0
2.547243734E2,7.195950508E0,1.443300056E1,5.254050255E0
2.547268171E2,3.318000078E0,1.546200085E1,-4.597949982E0
2.547292607E2,2.856000185E0,1.958505058E1,5.857050419E0
2.547317042E2,2.118000031E0,1.493100071E1,4.003950119E0
2.547341478E2,4.249500334E-1,9.964950562E0,-7.519050121E0
2.547365915E2,2.073000193E0,1.453605080E1,1.348950028E0
2.547390351E2,1.632000089E0,1.341495037E1,3.034050226E0
2.547414786E2,-2.250000089E-1,1.210800076E1,-3.645000219E0
2.547439222E2,-1.728000045E0,1.395600033E1,-3.900000080E-2
2.547463657E2,-4.611000061E0,1.348695087E1,-3.208950043E0
2.547488094E2,-4.173000336E0,1.264695072E1,-3.690000176E-1
2.547512530E2,-4.389000416E0,1.087005043E1,5.821050167E0
2.547536965E2,-4.314000130E0,9.486000061E0,1.198050022E0
2.547561402E2,-2.182950020E0,9.534000397E0,9.643050194E0
2.547585838E2,9.705000371E-2,6.103050232E0,6.355050087E0
2.547610272E2,2.962950230E0,4.081950188E0,6.163950443E0
2.547634709E2,3.556950092E0,3.256050110E0,1.084695053E1
2.547659146E2,3.478050232E0,4.084949970E0,4.618950367E0
2.547683580E2,4.548000336E0,4.683000088E0,4.849050045E0
2.547708017E2,5.451000214E0,1.573500061E1,-3.214050055E0
2.547732453E2,3.289050102E0,1.422195053E1,2.605950117E0
2.547756888E2,1.596000075E0,7.104000568E0,9.085050583E0
2.547781325E2,2.290500104E-1,5.866050243E0,-2.590500116E-1
2.547805761E2,4.489500225E-1,1.461705112E1,-9.270000458E-1
2.547830196E2,2.213999987E0,1.486605072E1,3.882000208E0
2.547854632E2,2.161050081E0,1.027395058E1,3.453000069E0
2.547879069E2,6.574050426E0,1.206000042E1,5.946000099E0
2.547903503E2,3.542700195E1,8.764950752E0,-8.998050690E0
2.547927939E2,1.409895039E1,7.848000526E0,-5.614905167E1
2.547952376E2,1.124505043E1,5.272050381E0,-5.231295395E1
2.547976811E2,3.691050291E0,7.525050163E0,-3.348705292E1
2.548001248E2,5.020500422E-1,4.741050243E0,-1.532400036E1
2.548025684E2,-5.119500160E-1,1.824000120E0,-1.440000087E-1
2.548050119E2,2.077050209E0,1.131495094E1,8.328000069E0
2.548074555E2,4.644000053E0,1.546695042E1,8.934000015E0
2.548098992E2,6.190500259E-1,2.317950010E0,1.866000056E0
2.548123426E2,-6.460500360E-1,6.705000252E-2,-5.830950260E0
2.548147862E2,9.430500269E-1,5.290500522E-1,-2.763000250E0
2.548172299E2,2.401050091E0,3.997950077E0,-3.273000240E0
2.548196734E2,1.294050097E0,5.008950233E0,2.476950169E0
2.548221170E2,-1.462950110E0,4.702050209E0,2.026050091E0
2.548245605E2,-1.671000123E0,4.522950172E0,6.018000126E0
2.548270042E2,-5.940000415E-1,-1.600500047E-1,3.846000195E0
2.548294478E2,-3.130500019E-1,2.595000155E-2,4.890000224E-1
2.548318912E2,-3.160500228E-1,2.227050066E0,-2.830500007E-1
2.548343349E2,1.093050003E0,4.614000320E0,2.697000027E0
2.548367786E2,2.992050171E0,2.169000053E1,6.918000221E0
2.548392222E2,6.315000534E0,1.819200134E1,5.922000408E0
2.548416657E2,6.042000294E0,9.553050041E0,1.561950088E0
2.548441093E2,6.459000111E0,1.621199989E1,8.653950691E0
2.548465530E2,4.009950161E0,1.554405117E1,-4.120500088E-1
2.548489965E2,4.777950287E0,1.675995064E1,6.070050240E0
2.548514401E2,3.691050291E0,1.704000092E1,5.565000057E0
2.548538835E2,5.520000458E-1,9.390000343E0,1.533000112E0
2.548563272E2,1.978950143E0,9.151050568E0,-8.190000653E-1
2.548587709E2,5.403000355E0,1.276395035E1,2.647050142E0
2.548612145E2,2.565600204E1,9.607950211E0,-2.098050117E0
2.548636580E2,1.549995041E1,6.879000187E0,-4.986600113E1
2.548661016E2,6.868050098E0,5.077950478E0,-4.743600082E1
2.548685453E2,4.828050137E0,5.017950058E0,-3.807000351E1
2.548709888E2,-1.030500084E-1,4.447950363E0,-1.274505043E1
2.548734324E2,-5.220000148E-1,1.960950136E0,2.067000151E0
2.548758758E2,6.840000153E-1,1.433505058E1,1.501305103E1
2.548783195E2,1.696950078E0,1.421205044E1,5.991000175E0
2.548807632E2,1.069500074E-1,4.084949970E0,5.428950310E0
2.548832066E2,1.432950020E0,3.871050119E0,2.140950203E0
2.548856503E2,3.715050220E0,1.171995068E1,2.802000046E0
2.548880939E2,4.069050312E0,1.207695103E1,5.239950180E0
2.548905374E2,2.338050127E0,9.286950111E0,3.103950262E0
2.548929810E2,3.664950132E0,1.338900089E1,1.429950118E0
2.548954247E2,4.471950054E0,1.066905022E1,3.046050072E0
2.548978681E2,4.048050404E0,1.335795021E1,-1.947000146E0
2.549003118E2,4.933950424E0,1.428705025E1,3.904050112E0
2.549027554E2,2.877000093E0,9.598950386E0,2.902950048E0
2.549051989E2,1.678050041E0,1.021905041E1,-2.866050243E0
2.549076426E2,3.729000092E0,1.204605103E1,2.857050180E0
2.549100862E2,2.179949999E0,7.065000534E0,5.160000324E-1
2.549125297E2,5.620950222E0,7.132050514E0,3.979950190E0
2.549149733E2,2.076495171E1,4.256999969E0,-1.929105186E1
2.549174170E2,8.458050728E0,5.770050049E0,-3.535500336E1
2.549198604E2,2.520000219E0,5.157000065E0,-2.740500069E1
2.549223040E2,-1.278000116E0,2.389050007E0,-6.666000366E0
2.549247477E2,1.948050141E0,4.887000084E0,7.003950119E0
2.549271912E2,4.639050007E0,1.279005051E1,3.844050169E0
2.549296349E2,1.089000106E0,7.204050541E0,1.476000071E0
2.549320785E2,5.830500126E-1,4.072950363E0,4.393949986E0
2.549345220E2,7.410000563E-1,5.155050278E0,-1.224000096E0
2.549369656E2,2.488950014E0,1.100400066E1,1.369500011E-1
2.549394093E2,2.257050037E0,1.060395050E1,5.290050030E0
2.549418527E2,1.879500151E-1,5.911050320E0,-6.799500585E-1
2.549442963E2,1.255950093E0,8.751000404E0,2.473950148E0
2.549467400E2,1.795050144E0,1.046100044E1,3.183000088E0
2.549491835E2,3.079500198E-1,7.234950542E0,-1.981050134E0
2.549516271E2,1.122000098E0,4.561050415E0,4.114050388E0
2.549540706E2,2.939999998E-1,5.767950058E0,1.828050137E0
2.549565143E2,1.977000117E0,9.796950340E0,1.516950130E0
2.549589579E2,3.217050076E0,9.651000023E0,3.991950274E0
2.549614013E2,2.595000029E0,5.761050224E0,1.489950061E0
2.549638450E2,1.809000134E0,8.346000671E0,4.141050339E0
2.549662886E2,1.125000000E0,1.140195084E1,3.412950277E0
2.549687323E2,2.307000160E0,1.589805031E1,3.745950222E0
2.549711758E2,5.604000092E0,1.171005058E1,8.533950806E0
2.549736194E2,2.215800095E1,5.512050152E0,-1.088505077E1
2.549760631E2,2.034600067E1,6.802050114E0,-4.751505280E1
2.549785066E2,8.065950394E0,7.125000477E0,-4.875300217E1
2.549809502E2,2.626050234E0,1.040295029E1,-2.831295204E1
2.549833936E2,2.130000114E0,1.074795055E1,-1.164600086E1
2.549858373E2,1.600950122E0,7.954050541E0,4.099500179E-1
2.549882810E2,4.182000160E0,1.728404999E1,6.193050385E0
2.549907246E2,2.797950029E0,1.516095066E1,4.099950314E0
2.549931681E2,7.129500508E-1,8.035050392E0,9.130500555E-1
2.549956117E2,1.213050008E0,7.783950329E0,3.099000216E0
2.549980554E2,1.534050107E0,8.302950859E0,1.300950050E0
2.550004989E2,1.480950117E0,9.982050896E0,1.387050033E0
2.550029425E2,4.527000427E0,5.512050152E0,2.023950100E0
2.550053860E2,2.515950203E0,2.377050161E0,-5.536050320E0
2.550078296E2,8.723999977E0,6.685050488E0,-3.276000261E0
2.550102733E2,5.938950062E0,4.198950291E0,-9.654000282E0
2.550127167E2,6.210000515E0,4.228050232E0,-7.264950275E0
2.550151604E2,3.703050137E0,3.946050167E0,-2.344050169E0
2.550176040E2,9.930000305E-1,5.569050312E0,3.204000235E0
2.550200475E2,2.707050085E0,8.380050659E0,5.335050106E0
2.550224911E2,1.114950061E0,5.325000286E0,1.804050088E0
2.550249348E2,1.126950026E0,5.365950108E0,-1.666950107E0
2.550273783E2,3.591000080E0,1.033095074E1,4.318050385E0
2.550298220E2,2.182950020E0,7.554000378E0,5.100000277E-2
2.550322656E2,9.780000448E-1,8.394000053E0,-1.662000060E0
2.550347090E2,3.670050144E0,1.222995090E1,2.125050068E0
2.550371527E2,2.559000015E0,9.627000809E0,-1.468050122E0
2.550395963E2,2.970000029E0,9.666000366E0,2.608050108E0
2.550420398E2,3.028050184E0,1.153095055E1,1.512000084E0
2.550444834E2,3.861000299E0,1.481100082E1,-2.886000156E0
2.550469271E2,4.645950317E0,1.402305031E1,2.638950109E0
2.550493706E2,2.197050095E0,9.790050507E0,-1.435050011E0
2.550518143E2,1.234950066E0,1.151895046E1,-9.750000238E-1
2.550542579E2,3.531000137E0,1.083600044E1,1.590000093E-1
2.550567013E2,1.825950146E0,8.521050453E0,-8.998050690E0
2.550591450E2,2.860050201E0,6.724950314E0,-1.062600040E1
2.550615886E2,6.600000262E-1,4.092000008E0,-5.469000340E0
2.550640321E2,4.089000225E0,3.574950218E0,-5.191050053E0
2.550664758E2,7.048050404E0,7.956000328E0,-6.642000198E0
2.550689194E2,3.106950045E0,6.069000244E0,-6.970050335E0
2.550713629E2,1.771050096E0,5.365950108E0,-6.448050499E0
2.550738065E2,-4.140000343E-1,3.823950291E0,-1.963950038E0
2.550762502E2,3.327000141E0,4.816950321E0,1.624050021E0
2.550786937E2,4.089000225E0,6.766050339E0,-3.499500155E-1
2.550811373E2,1.999500096E-1,2.593050241E0,4.969500303E-1
2.550835807E2,2.500950098E0,4.542000294E0,5.841000080E0
2.550860244E2,4.546050072E0,4.783950329E0,6.190500259E-1
2.550884680E2,4.953000069E0,3.091050148E0,-4.504050255E0
2.550909117E2,9.187950134E0,4.578000069E0,-8.541000366E0
2.550933552E2,5.587050438E0,5.221950054E0,-1.244595051E1
2.550957988E2,5.772000313E0,1.056600094E1,-1.152900028E1
2.550982425E2,5.073000431E0,7.882050514E0,-9.673050880E0
2.551006860E2,1.491000056E0,9.334950447E0,2.208000183E0
2.551031296E2,5.653950214E0,1.217505074E1,2.950500250E-1
2.551055733E2,2.884050131E0,1.033395004E1,1.339050055E0
2.551080168E2,3.214950085E0,1.314195061E1,-1.560000032E-1
2.551104604E2,7.747050285E0,1.512195110E1,-1.969050050E0
2.551129041E2,3.586050272E0,1.070505047E1,-3.060000181E0
2.551153475E2,4.431000233E0,1.426305103E1,-2.445000172E0
2.551177911E2,4.153050423E0,1.462200069E1,-5.779950142E0
2.551202346E2,2.470050097E0,1.498305035E1,-4.650000334E-1
2.551226783E2,2.146950006E0,1.617300034E1,2.089500129E-1
2.551251219E2,1.504950047E0,1.244805050E1,-1.102050066E0
2.551275656E2,5.380499959E-1,1.077900028E1,-2.743950129E0
2.551300091E2,3.114000082E0,1.503600025E1,2.479500175E-1
2.551324527E2,1.171950102E0,1.292400074E1,-4.980000257E-1
2.551348961E2,5.550000072E-1,1.296495056E1,-8.070000410E-1
2.551373398E2,1.582050085E0,1.057800007E1,8.440500498E-1
2.551397834E2,-8.100000024E-2,6.048000336E0,-1.738950133E0
2.551422269E2,4.009500146E-1,7.884000301E0,-1.175999999E0
2.551446706E2,1.768950105E0,8.871000290E0,3.892050266E0
2.551471142E2,1.789500117E-1,3.754050255E0,1.260000110E0
2.551495577E2,-5.239500403E-1,1.735950112E0,7.600500584E-1
2.551520014E2,-2.779500186E-1,3.907050133E0,-7.620000243E-1
2.551544450E2,9.828000069E0,8.794050217E0,1.600050092E0
2.551568885E2,4.527000427E0,5.097000122E0,-1.101900005E1
2.551593321E2,3.721950293E0,3.055050135E0,-7.167000294E0
2.551617758E2,4.917000294E0,7.851000309E0,-1.240005016E1
2.551642192E2,1.476000071E0,3.583950281E0,-1.005900002E1
2.551666629E2,4.218000412E0,3.025950193E0,-6.561000347E0
2.551691065E2,6.700500250E-1,3.346950054E0,-2.304000139E0
2.551715500E2,1.644000053E0,4.834050179E0,2.959950209E0
2.551739936E2,7.869000435E0,9.081000328E0,2.323050022E0
2.551764373E2,5.334000111E0,4.779000282E0,3.289500177E-1
2.551788808E2,1.107000065E1,6.286950111E0,8.050500154E-1
2.551813244E2,9.175950050E0,4.611000061E0,-8.562000275E0
2.551837681E2,3.100050211E0,8.842050552E0,-8.862000465E0
2.551862115E2,4.857000351E0,1.043400097E1,-7.413000584E0
2.551886552E2,2.680950165E0,6.438000202E0,-7.545000553E0
2.551910988E2,2.551050186E0,9.318000793E0,1.179000020E0
2.551935423E2,4.299000263E0,8.542950630E0,2.316000223E0
2.551959859E2,3.097050190E0,9.793050766E0,1.294050097E0
2.551984296E2,2.009999990E0,1.427205086E1,2.230050087E0
2.552008731E2,3.514050245E0,1.211505032E1,1.246050000E0
2.552033167E2,1.225050092E0,1.113105011E1,-1.260000110E0
2.552057604E2,1.594050050E0,1.415295029E1,-4.116000175E0
2.552082038E2,2.626050234E0,1.461495113E1,3.340950251E0
2.552106475E2,1.429500133E-1,1.216305065E1,-5.200500488E-1
2.552130909E2,9.760500193E-1,1.434195042E1,-1.075950027E0
2.552155346E2,1.872000098E0,1.170795059E1,3.900000080E-2
2.552179782E2,1.069050074E0,1.102095032E1,-2.230050087E0
2.552204217E2,4.948050022E0,1.056795025E1,5.200500488E-1
2.552228654E2,3.046950102E0,9.883950233E0,-7.545000553E0
2.552253090E2,4.675050259E0,1.018005085E1,-1.078200054E1
2.552277527E2,3.130950212E0,6.724950314E0,-9.889050484E0
2.552301961E2,3.186000109E0,6.223050117E0,-5.980950356E0
2.552326398E2,2.395950079E0,6.747000217E0,-8.536050797E0
2.552350832E2,1.030950069E0,2.691000223E0,-2.059950113E0
2.552375269E2,3.943050146E0,2.716950178E0,-3.855000257E0
2.552399705E2,7.249050140E0,1.726050138E0,-1.085100079E1
2.552424140E2,6.849000454E0,1.654050112E0,-1.093995094E1
2.552448577E2,4.741950035E0,3.067050219E0,-1.180500090E-1
2.552473013E2,-6.649500132E-1,2.128050089E0,2.351999998E0
2.552497450E2,3.387000084E0,5.583000183E0,3.970950127E0
2.552521885E2,3.250950098E0,4.699950218E0,-4.080000222E-1
2.552546321E2,3.535950184E0,6.244050503E0,-1.030500084E-1
2.552570755E2,8.413050652E0,6.678000450E0,7.650000453E-1
2.552595192E2,8.677950859E0,1.175999999E0,-4.447050095E0
2.552619628E2,1.158300018E1,9.850050926E0,-1.159605026E1
2.552644063E2,9.061950684E0,1.014195061E1,-1.477605057E1
2.552668500E2,7.390500307E-1,7.792950153E0,-1.205805016E1
2.552692936E2,1.246950030E0,1.026195049E1,7.926000595E0
2.552717371E2,2.925000191E0,1.289100075E1,8.737950325E0
2.552741808E2,4.138950348E0,1.319505024E1,8.010000587E-1
2.552766244E2,5.002950191E0,1.273305035E1,-2.071950197E0
2.552790681E2,4.861950397E0,1.319505024E1,2.713950157E0
2.552815114E2,3.940050125E0,1.534005070E1,-2.038050175E0
2.552839551E2,5.037000179E0,1.407105064E1,2.009999990E0
2.552863986E2,2.932050228E0,1.166700077E1,-7.720050335E0
2.552888423E2,1.246950030E0,1.280700016E1,-1.124400043E1
2.552912859E2,1.498050094E0,9.879000664E0,-1.122000027E1
2.552937294E2,6.600000262E-1,4.822050095E0,-7.810950279E0
2.552961731E2,3.661950111E0,3.760950089E0,-7.732050419E0
2.552986167E2,1.162950039E0,5.539950371E0,-5.578950405E0
2.553010602E2,2.403000116E0,6.394950390E0,1.879950047E0
2.553035038E2,2.200050116E0,6.607950211E0,3.982950211E0
2.553059475E2,9.259500504E-1,3.763950109E0,-2.950500250E-1
2.553083909E2,6.993000507E0,4.594950199E0,3.078000069E0
2.553108346E2,2.824050188E0,1.690050125E0,5.850000381E-1
2.553132782E2,2.881950140E0,7.477050304E0,4.837050438E0
2.553157217E2,6.235950470E0,1.512495041E1,4.918950081E0
2.553181654E2,5.428950310E0,7.137000561E0,3.289500177E-1
2.553206090E2,8.202000618E0,6.546000481E0,-6.031950474E0
2.553230525E2,7.651050568E0,9.940950394E0,-1.106700039E1
2.553254961E2,4.998000145E0,1.319700050E1,-9.867000580E0
2.553279398E2,4.548000336E0,1.311600018E1,-6.324000359E0
2.553303832E2,2.206950188E0,9.286950111E0,-1.044000030E0
2.553328269E2,4.819050312E0,1.089900017E1,-4.819500148E-1
2.553352703E2,7.594050407E0,1.311300087E1,-6.300000191E0
2.553377140E2,5.523000240E0,1.261095047E1,-6.898050308E0
2.553401577E2,5.676000118E0,1.643895149E1,-6.340950489E0
2.553426011E2,2.719050169E0,1.290300083E1,-4.465950012E0
2.553450448E2,1.939050078E0,9.430950165E0,2.116950035E0
2.553474884E2,5.281050205E0,1.291905022E1,-1.389000058E0
2.553499321E2,2.920050144E0,1.192800045E1,-2.469000101E0
2.553523755E2,1.906950116E0,9.283050537E0,-2.191050053E0
2.553548192E2,1.030950069E0,7.987050533E0,-1.780500114E-1
2.553572628E2,1.140000075E-1,4.519950390E0,5.370000005E-1
2.553597063E2,3.748950243E0,7.039050102E0,-5.580000281E-1
2.553621500E2,1.636950135E0,8.866050720E0,-7.090500593E-1
2.553645934E2,-5.820000172E-1,5.071050167E0,-9.010500312E-1
2.553670371E2,1.126950026E0,4.413000107E0,3.097050190E0
2.553694807E2,1.294050097E0,3.370950222E0,-3.259050131E0
2.553719242E2,7.459950447E0,3.133950233E0,-7.236000538E0
2.553743679E2,4.014000416E0,5.248050213E0,-9.058050156E0
2.553768115E2,8.749500513E-1,6.675000191E0,-3.120000124E0
2.553792552E2,2.815050125E0,7.374000549E0,-8.430000544E-1
2.553816986E2,1.018950105E0,2.418000221E0,-3.361950159E0
2.553841423E2,3.112050056E0,2.014050007E0,-4.288949966E0
2.553865857E2,6.286950111E0,7.300500274E-1,-5.506950378E0
2.553890294E2,2.542050123E0,3.330000043E-1,-4.495050430E0
2.553914730E2,5.571000099E0,6.577050209E0,-2.115000010E0
2.553939165E2,5.271000385E0,3.036000252E0,-5.590950489E0
2.553963602E2,4.126950264E0,4.270950317E0,-4.213950157E0
2.553988038E2,7.194000244E0,7.366950512E0,1.450500041E-1
2.554012473E2,5.317050457E0,6.373050213E0,-4.027950287E0
2.554036909E2,5.544000149E0,1.283805084E1,-1.684050083E0
2.554061346E2,4.623000145E0,1.047705078E1,-1.960950136E0
2.554085781E2,1.399500072E-1,9.273000717E0,2.089050055E0
2.554110217E2,4.122000217E0,1.064295006E1,-1.267050028E0
2.554134654E2,3.243000269E0,9.805050850E0,-4.867950439E0
2.554159088E2,1.930950046E0,1.332900047E1,-4.188000202E0
2.554183525E2,2.881950140E0,1.277595043E1,-2.305950165E0
2.554207961E2,3.178950071E0,1.061100006E1,-2.329500169E-1
2.554232396E2,1.531950116E0,1.152405071E1,1.090500057E-1
2.554256832E2,1.180050015E0,1.130100060E1,-4.395000264E-2
2.554281269E2,6.940500140E-1,1.173000050E1,-1.159050107E0
2.554305704E2,3.319500089E-1,1.292205048E1,-1.915950060E0
2.554330140E2,1.062000036E0,1.021200085E1,-7.189500332E-1
2.554354577E2,1.140000075E-1,6.292050362E0,-9.370500445E-1
2.554379011E2,1.522050023E0,9.448050499E0,-6.540000439E-1
2.554403447E2,2.652000189E0,8.842050552E0,-1.774950027E0
2.554427882E2,-9.300000221E-2,7.675950527E0,-2.292000055E0
2.554452319E2,4.399950027E0,5.887050152E0,-1.684050083E0
2.554476755E2,3.528000116E0,1.819950104E0,-9.180000305E0
2.554501192E2,9.363000870E0,1.768950105E0,-1.124400043E1
2.554525627E2,4.668000221E0,4.288050175E0,-8.299050331E0
2.554550063E2,1.867050052E0,7.149000168E0,2.362050056E0
2.554574500E2,2.602050066E0,1.027905083E1,7.264950275E0
2.554598935E2,2.041949987E0,5.844000340E0,8.505000174E-2
2.554623371E2,2.053050041E0,9.261000633E0,4.080000222E-1
2.554647808E2,4.785000324E0,1.090305042E1,5.167950153E0
2.554672242E2,5.484000206E0,8.059050560E0,-5.538000107E0
2.554696678E2,1.131000042E1,8.278950691E0,-1.167495060E1
2.554721115E2,5.959050179E0,6.438000202E0,-1.609995079E1
2.554745550E2,3.945000172E0,8.038050652E0,-1.047495079E1
2.554769986E2,8.185050011E0,8.803950310E0,-6.124950409E0
2.554794423E2,6.106950283E0,9.879000664E0,-4.621050358E0
2.554818857E2,4.306950092E0,1.163100052E1,-1.440000087E-1
2.554843294E2,1.101000071E0,8.851950645E0,3.000000119E-1
2.554867731E2,-2.059500068E-1,5.598000050E0,2.874000072E0
2.554892165E2,6.246000290E0,9.192000389E0,-2.883000135E0
2.554916601E2,1.792950034E0,8.442000389E0,-3.163050175E0
2.554941036E2,-1.270500124E-1,7.827000141E0,1.749000072E0
2.554965473E2,3.150000274E-1,8.071050644E0,5.128950119E0
2.554989909E2,-4.500000179E-2,5.788950443E0,1.900500059E-1
2.555014343E2,-4.519500136E-1,8.077950478E0,-5.503050327E0
2.555038780E2,3.559500277E-1,9.061950684E0,2.544000149E0
2.555063217E2,3.060000241E-1,8.317950249E0,2.599500120E-1
2.555087651E2,5.740500093E-1,8.770050049E0,-7.500000596E-1
2.555112088E2,1.582050085E0,6.168000221E0,6.949500442E-1
2.555136524E2,2.820000052E-1,6.469050407E0,-1.027950048E0
2.555160959E2,1.450050116E0,8.184000015E0,1.651050091E0
2.555185396E2,9.400500655E-1,5.578950405E0,1.654950023E0
2.555209832E2,3.340500295E-1,5.293950081E0,-1.873050094E0
2.555234267E2,1.004999995E0,7.590000153E0,2.218050003E0
2.555258704E2,1.608000040E0,7.663950443E0,-2.140500098E-1
2.555283140E2,3.639000177E0,8.479949951E0,1.882950068E0
2.555307575E2,5.832000256E0,9.547950745E0,3.729000092E0
2.555332011E2,1.354395103E1,1.020405006E1,-5.826000214E0
2.555356448E2,8.353050232E0,1.018995094E1,-1.128495026E1
2.555380882E2,1.893000126E0,9.100950241E0,-9.601950645E0
2.555405319E2,3.487950087E0,1.156695080E1,-5.959950447E0
2.555429755E2,4.113000393E0,1.244505024E1,-3.349950075E0
2.555454190E2,2.470050097E0,1.196205044E1,-1.285950065E0
2.555478627E2,5.860050201E0,1.271805096E1,-1.267050028E0
2.555503063E2,4.399950027E0,9.811950684E0,-4.516050339E0
2.555527497E2,4.054950237E0,9.879000664E0,-4.879950047E0
2.555551933E2,5.844000340E0,1.102995014E1,-8.236949921E0
2.555576370E2,3.162000179E0,7.474950314E0,-1.125105095E1
2.555600805E2,2.146950006E0,5.349000454E0,-1.035795021E1
2.555625241E2,1.503000021E0,3.655950069E0,-1.168005085E1
2.555649678E2,3.390000165E-1,1.458000064E0,-6.460050106E0
2.555674113E2,5.554050446E0,2.598000050E0,1.243950009E0
2.555698549E2,5.017950058E0,3.900000095E0,-1.473000050E0
2.555722983E2,2.890500128E-1,4.638000011E0,5.722950459E0
2.555747420E2,-3.081000090E0,4.582950115E0,3.382050276E0
2.555771856E2,-8.400000334E-1,2.680500150E-1,6.873000145E0
2.555796293E2,1.110000014E0,1.282950044E0,2.782950163E0
2.555820728E2,2.358000040E0,1.087050080E0,5.860050201E0
2.555845164E2,6.703050137E0,-5.500500202E-1,4.459500313E-1
2.555869601E2,9.712950706E0,-1.549500078E-1,-7.186050415E0
2.555894036E2,1.375395107E1,-8.505000174E-2,-1.425405025E1
2.555918472E2,5.410050392E0,2.875050068E0,-1.563795090E1
2.555942906E2,1.599000096E0,4.470000267E0,-4.474950314E0
2.555967343E2,6.030000448E-1,4.591950417E0,6.090000153E0
2.555991779E2,3.151950121E0,2.359995079E1,3.316950083E0
2.556016216E2,5.020050049E0,1.987695122E1,2.211000204E0
2.556040651E2,2.266950130E0,6.036000252E0,2.266050100E0
2.556065087E2,1.126950026E0,1.049400043E1,-3.304950237E0
2.556089524E2,5.532000065E0,1.618995094E1,1.497000098E0
2.556113959E2,7.117050171E0,1.210995102E1,-7.353000164E0
2.556138395E2,2.926950216E0,1.329795074E1,-1.160100079E1
2.556162829E2,1.345050097E0,1.039605045E1,-1.244400024E1
2.556187266E2,1.323000073E0,7.993950367E0,-4.030050278E0
2.556211703E2,4.749000072E0,1.381995106E1,-3.451050282E0
2.556236137E2,3.955050230E0,1.622595024E1,-1.356000066E0
2.556260574E2,1.098000050E0,9.916950226E0,-1.106999993E0
2.556285010E2,2.025000095E0,1.152600098E1,2.086050034E0
2.556309445E2,2.949000120E0,1.160295010E1,1.216950059E0
2.556333881E2,1.426050067E0,9.591000557E0,-1.192950010E0
2.556358318E2,1.723050117E0,1.177005100E1,2.508000135E0
2.556382752E2,1.681950092E0,1.149195099E1,3.511050224E0
2.556407189E2,1.072050095E0,8.983050346E0,3.082050085E0
2.556431625E2,1.633950114E0,1.023105049E1,5.590500236E-1
2.556456060E2,1.861950040E0,1.021395016E1,-8.479500413E-1
2.556480497E2,1.471950054E0,1.242900085E1,8.599500656E-1
2.556504933E2,2.125050068E0,1.216995049E1,3.700050116E0
2.556529368E2,8.830500245E-1,1.035300064E1,-1.462950110E0
2.556553804E2,1.207950115E0,1.176300049E1,1.180950046E0
2.556578241E2,1.354050040E0,7.717050552E0,3.235950232E0
2.556602675E2,5.500500202E-1,5.181000233E0,-3.195000067E-2
2.556627112E2,7.410000324E0,9.040950775E0,5.544000149E0
2.556651548E2,1.051305008E1,9.382950783E0,-1.324800110E1
2.556675983E2,1.253100014E1,6.010050297E0,-2.662005043E1
2.556700420E2,1.174305058E1,5.206950188E0,-3.102300072E1
2.556724856E2,2.961000204E0,4.285950184E0,-1.912395096E1
2.556749291E2,3.600000143E0,8.167050362E0,-5.770950317E0
2.556773728E2,1.042950034E0,9.880950928E0,2.593950033E0
2.556798164E2,2.074949980E0,1.045605087E1,1.034700012E1
2.556822598E2,4.438050270E0,1.235400105E1,3.825000286E0
2.556847035E2,3.009000063E0,6.400050163E0,5.637000084E0
2.556871472E2,5.190000057E0,1.032405090E1,4.270050049E0
2.556895906E2,7.180050373E0,1.440900040E1,6.169050217E0
2.556920342E2,4.060050011E0,1.279695034E1,5.107950211E0
2.556944779E2,1.110000014E0,1.591500092E1,5.010000467E-1
2.556969214E2,1.759500057E-1,1.497105026E1,-4.645050049E0
2.556993650E2,-1.630500108E-1,7.093950272E0,2.448000193E0
2.557018087E2,9.000000358E-2,1.554795074E1,-2.512050152E0
2.557042522E2,2.371950150E0,1.588095093E1,5.608050346E0
2.557066958E2,3.000000119E-2,7.606950283E0,-3.430500031E-1
2.557091395E2,-1.008000016E0,1.287195015E1,-5.857050419E0
2.557115829E2,1.069050074E0,1.359000111E1,-1.699500084E-1
2.557140265E2,-7.399500608E-1,1.063305092E1,-7.360500097E-1
2.557164702E2,-1.920000076E0,1.412895107E1,-1.899000049E0
2.557189137E2,5.700000376E-2,1.003200054E1,5.920500159E-1
2.557213573E2,-2.730000019E-1,1.237095070E1,-6.949500442E-1
2.557238008E2,1.708950043E0,9.475950241E0,2.860050201E0
2.557262444E2,7.560000420E-1,3.847950220E0,3.705000132E-2
2.557286881E2,4.477050304E0,2.776950121E0,1.429950118E0
2.557311315E2,6.373050213E0,4.546950340E0,-7.035000324E0
2.557335752E2,5.085000038E0,3.265950203E0,-1.611404991E1
2.557360188E2,1.465695095E1,3.784950256E0,-1.700505066E1
2.557384625E2,5.935050488E0,3.700950146E0,-1.682999992E1
2.557409060E2,8.710500598E-1,6.069000244E0,-5.491050243E0
2.557433496E2,2.257050037E0,1.019700050E1,1.123950005E0
2.557457931E2,1.515000105E0,1.051095009E1,1.938000083E0
2.557482368E2,1.534050107E0,1.129605007E1,2.887950182E0
2.557506804E2,5.089050293E0,1.134195042E1,-7.005000114E-2
2.557531238E2,5.983050346E0,5.796000481E0,-3.448050261E0
2.557555675E2,1.319205093E1,9.121950150E0,-4.626000404E0
2.557580112E2,1.280100060E1,8.064000130E0,-1.578405094E1
2.557604546E2,2.080049992E0,1.021395016E1,-6.336000443E0
2.557628983E2,3.303000212E0,1.248105049E1,1.284000039E0
2.557653419E2,7.243950367E0,8.278950691E0,-5.248950481E0
2.557677856E2,3.235950232E0,8.413050652E0,-5.424000263E0
2.557702290E2,4.555950165E0,1.092000008E1,-4.449000359E0
2.557726727E2,2.986950159E0,8.638050079E0,-3.994050264E0
2.557751162E2,2.392950058E0,1.058505058E1,1.849050045E0
2.557775598E2,7.186950207E0,1.060395050E1,-1.843950033E0
2.557800035E2,2.736000061E0,7.144050121E0,-5.337000370E0
2.557824469E2,3.435000181E0,1.000995064E1,-9.630000591E-1
2.557848906E2,6.298950195E0,9.718050003E0,-3.373950243E0
2.557873342E2,2.484000206E0,1.018305016E1,-2.044950008E0
2.557897777E2,2.365050077E0,1.228995037E1,1.180950046E0
2.557922213E2,4.144050121E0,9.084000587E0,-3.271050215E0
2.557946650E2,1.405050039E0,7.333950520E0,-2.620050192E0
2.557971085E2,2.164050102E0,1.016595078E1,3.790500164E-1
2.557995521E2,2.998950243E0,1.204995060E1,-5.220000148E-1
2.558019958E2,2.602050066E0,1.150695038E1,-6.300000548E-1
2.558044392E2,3.394050121E0,1.310595036E1,2.089050055E0
2.558068829E2,4.278000355E0,1.066605091E1,1.639500111E-1
2.558093265E2,1.785000086E0,9.775950432E0,-3.490950108E0
2.558117700E2,2.221050024E0,1.503600025E1,-1.228950024E0
2.558142136E2,4.036050320E0,1.464600086E1,1.464000106E0
2.558166573E2,2.604000092E0,1.150005054E1,-2.746950150E0
2.558191008E2,5.476950169E0,1.251195049E1,-4.200000286E0
2.558215444E2,2.992050171E0,8.854050636E0,-8.613000870E0
2.558239881E2,1.735050082E0,8.217000008E0,-5.802000046E0
2.558264316E2,2.695050240E0,1.062105083E1,-5.803950310E0
2.558288752E2,2.200050116E0,7.389000416E0,-2.040000200E0
2.558313186E2,6.208050251E0,3.964950085E0,-3.337950230E0
2.558337623E2,6.210000515E0,2.796000242E0,-8.461950302E0
2.558362059E2,4.050000191E0,2.767950058E0,-5.517000198E0
2.558386496E2,6.241050243E0,6.982050419E0,-9.169500470E-1
2.558410931E2,4.479000092E0,6.787950516E0,3.300000191E0
2.558435367E2,2.994000196E0,7.611000538E0,4.231950283E0
2.558459804E2,4.303950310E0,1.210800076E1,5.071950436E0
2.558484239E2,2.440950155E0,7.291050434E0,5.179499984E-1
2.558508675E2,5.760000348E-1,7.042050362E0,3.030000210E0
2.558533109E2,3.436950207E0,1.250295067E1,1.629000068E0
2.558557546E2,4.845000267E0,8.719950676E0,-4.843950272E0
2.558581982E2,5.056050301E0,1.145400047E1,-6.561000347E0
2.558606417E2,5.362050056E0,7.747950554E0,-1.321905041E1
2.558630854E2,1.837950110E0,6.787950516E0,-7.507050514E0
2.558655290E2,4.756950378E0,9.991050720E0,-4.019999981E0
2.558679727E2,4.891050339E0,1.020405006E1,-4.887000084E0
2.558704162E2,2.149500102E-1,1.155195045E1,9.160500169E-1
2.558728598E2,1.342050076E0,1.247400093E1,2.362050056E0
2.558753035E2,2.056050062E0,9.634950638E0,1.147950053E0
2.558777469E2,8.230500221E-1,8.808000565E0,-1.369950056E0
2.558801905E2,4.708950043E0,1.201395035E1,-3.148950100E0
2.558826340E2,2.602050066E0,1.152105045E1,-5.577000141E0
2.558850777E2,2.251950026E0,1.004400063E1,-1.954050064E0
2.558875213E2,5.619000435E0,7.858050346E0,-7.837050438E0
2.558899650E2,4.105050087E0,4.422000408E0,-9.172950745E0
2.558924084E2,6.145050526E0,7.642050266E0,-4.906050205E0
2.558948521E2,6.319950104E0,5.044950008E0,-8.044950485E0
2.558972955E2,9.880500436E-1,5.524050236E0,-2.320950031E0
2.558997392E2,2.968050241E0,6.238950253E0,6.979500055E-1
2.559021828E2,6.025950432E0,1.575000048E0,-4.641000271E0
2.559046263E2,3.004050255E0,1.450950027E0,-4.174050331E0
2.559070700E2,3.210000038E0,5.023050308E0,2.638950109E0
2.559095136E2,2.875050068E0,4.093950272E0,-9.750000238E-1
2.559119571E2,7.510500550E-1,5.787000179E0,1.393950105E0
2.559144008E2,3.105000257E0,7.855950356E0,1.660500020E-1
2.559168444E2,8.869500160E-1,3.330000162E0,-2.821050167E0
2.559192878E2,1.563000083E0,7.165950298E0,7.240500450E-1
2.559217315E2,5.305050373E0,1.030995083E1,-1.336050034E0
2.559241751E2,2.947050095E0,7.516050339E0,-1.510950089E0
2.559266186E2,2.745000124E0,1.193295097E1,-8.479500413E-1
2.559290623E2,5.455950260E0,1.088895035E1,-6.297000408E0
2.559315059E2,3.744000196E0,8.611950874E0,-5.605950356E0
2.559339494E2,7.591050148E0,1.247895050E1,-4.083000183E0
2.559363931E2,6.813000202E0,1.374600029E1,-6.628050327E0
2.559388367E2,2.008050203E0,1.099395084E1,-1.930050135E0
2.559412801E2,2.226000071E0,1.330305099E1,-3.280500174E-1
2.559437238E2,4.002000332E0,9.790050507E0,-3.391050100E0
2.559461674E2,2.475000143E0,7.719000340E0,-2.325000048E0
2.559486109E2,5.128050327E0,1.027095032E1,-5.670000076E0
2.559510546E2,2.752950191E0,9.577050209E0,-5.995950222E0
2.559534980E2,1.351950049E0,8.356050491E0,4.249500334E-1
2.559559417E2,3.958950281E0,1.039605045E1,2.830500007E-1
2.559583853E2,3.487950087E0,1.051095009E1,-2.292000055E0
2.559608290E2,8.400000334E-1,6.103050232E0,-1.188000083E0
2.559632725E2,-6.460500360E-1,1.255995083E1,3.588000059E0
2.559657161E2,-1.378950119E0,7.747950554E0,5.718000412E0
2.559681595E2,-1.816950083E0,8.164050102E0,-5.890500546E-1
2.559706032E2,-5.599500537E-1,7.743000507E0,2.689950228E0
2.559730469E2,3.990000188E-1,1.642050028E0,1.675050020E0
2.559754905E2,1.029000044E0,7.468050480E0,-1.195050001E0
2.559779340E2,7.386000156E0,1.024005032E1,-1.642950058E0
2.559803776E2,2.154000044E0,4.300050259E0,-5.457000256E0
2.559828211E2,4.386000156E0,8.293950081E0,-1.686000109E0
2.559852648E2,3.753000259E0,7.197000504E0,-7.260000229E0
2.559877084E2,1.251000047E0,5.206950188E0,-1.665000081E0
2.559901521E2,4.066950321E0,8.962050438E0,-3.259500265E-1
2.559925956E2,5.080050468E0,1.022595024E1,-1.605000019E0
2.559950392E2,3.006000042E0,9.591000557E0,-2.194050074E0
2.559974826E2,5.077050209E0,1.071405029E1,-3.597000122E0
2.559999263E2,4.771050453E0,6.466950417E0,-6.657000542E0
2.560023699E2,4.006950378E0,9.280050278E0,-3.982050180E0
2.560048134E2,5.427000046E0,1.178700066E1,-4.699950218E0
2.560072571E2,1.374000072E0,9.739950180E0,-4.401000023E0
2.560097007E2,3.270000219E-1,7.879950523E0,7.530000210E-1
2.560121444E2,4.857000351E0,8.836950302E0,-1.099050045E0
2.560145878E2,3.655050278E0,5.196000099E0,-5.128950119E0
2.560170314E2,3.733950138E0,8.181000710E0,-2.044950008E0
2.560194749E2,4.516950130E0,8.466000557E0,-3.943950176E0
2.560219186E2,6.000000238E-1,7.848000526E0,-2.494950056E0
2.560243622E2,-5.310000181E-1,1.159305096E1,1.951950073E0
2.560268057E2,7.609500289E-1,6.826050282E0,-1.005000062E-2
2.560292494E2,-3.660000265E-1,6.076950073E0,-1.060500070E-1
2.560316930E2,1.893000126E0,8.569050789E0,6.070500016E-1
2.560341364E2,2.986950159E0,6.771000385E0,-2.713050127E0
2.560365801E2,1.360500008E-1,6.546000481E0,-3.550500274E-1
2.560390238E2,-4.279500246E-1,7.783950329E0,1.891950130E0
2.560414672E2,1.467000127E0,4.831950188E0,1.090500057E-1
2.560439108E2,9.109500647E-1,3.747000217E0,-1.120950103E0
2.560463545E2,1.423950076E0,7.276050568E0,2.500500083E-1
2.560487980E2,4.024050236E0,8.041950226E0,-9.010500312E-1
2.560512416E2,2.116050005E0,5.392050266E0,-2.215050220E0
2.560536853E2,7.335000515E0,7.822050571E0,-3.738000154E0
2.560561288E2,3.997950077E0,4.246950150E0,-5.668050289E0
2.560585724E2,2.992050171E0,6.868950367E0,-1.504050016E0
2.560610161E2,7.048050404E0,1.016100025E1,-5.490000248E-1
2.560634595E2,3.343950272E0,7.470000267E0,-1.549950123E0
2.560659031E2,2.539950132E0,1.144695091E1,1.167000055E0
2.560683468E2,4.479000092E0,1.097100067E1,-1.930050135E0
2.560707903E2,2.937000036E0,8.490000725E0,-5.263050079E0
2.560732339E2,2.737950087E0,1.132005024E1,-2.811000109E0
2.560756776E2,4.002000332E0,1.034100056E1,-5.158050060E0
2.560781211E2,6.700500250E-1,9.514950752E0,-3.919950247E0
2.560805647E2,2.365050077E0,1.168200016E1,-1.741050124E0
2.560830084E2,5.125050068E0,8.353950500E0,-6.952950478E0
2.560854518E2,1.981950045E0,6.321000099E0,-6.831000328E0
2.560878955E2,4.708950043E0,9.772950172E0,-1.353000045E0
2.560903389E2,5.317050457E0,8.694000244E0,-4.528050423E0
2.560927826E2,1.411950111E0,9.426000595E0,-9.289500713E-1
2.560952262E2,3.877950191E0,1.080105019E1,1.999500096E-1
2.560976699E2,3.876000166E0,6.867000103E0,-4.465950012E0
2.561001134E2,1.623000026E0,5.986050129E0,-1.578000069E0
2.561025570E2,5.535000324E0,9.286950111E0,-6.640500426E-1
2.561050007E2,4.675050259E0,7.366950512E0,-4.075950146E0
2.561074441E2,1.882950068E0,1.096605015E1,4.650000334E-1
2.561098878E2,4.696950436E0,9.775950432E0,-3.060000181E0
2.561123312E2,1.953000069E0,6.205950260E0,-5.232000351E0
2.561147749E2,2.037000179E0,9.967050552E0,-6.900000572E-1
2.561172185E2,6.916050434E0,1.107795048E1,-5.020950317E0
2.561196620E2,2.937000036E0,9.385950089E0,-5.782950401E0
2.561221057E2,6.220500469E-1,1.044900036E1,6.105000153E-2
2.561245493E2,4.081050396E0,7.999050617E0,-3.403050184E0
2.561269930E2,3.223950148E0,6.591000080E0,-4.890000343E0
2.561294364E2,3.361050129E0,9.583950043E0,-1.521000028E0
2.561318801E2,6.892050266E0,9.216000557E0,-4.063950062E0
2.561343235E2,2.496000051E0,8.629050255E0,-1.827000141E0
2.561367672E2,3.483000278E0,1.143300056E1,2.232000113E0
2.561392109E2,4.884000301E0,7.513050556E0,-3.967950106E0
2.561416543E2,1.788000107E0,6.061950207E0,-2.871000051E0
2.561440980E2,5.638050079E0,1.032405090E1,-7.330500484E-1
2.561465416E2,4.915050030E0,8.602950096E0,-4.489950180E0
2.561489853E2,4.470000267E-1,1.084395027E1,-1.390500069E-1
2.561514287E2,3.286950111E0,1.197600079E1,2.629950047E0
2.561538724E2,2.911050081E0,7.153950214E0,-2.598000050E0
2.561563158E2,-1.990500093E-1,8.434950829E0,-1.369950056E0
2.561587595E2,2.266950130E0,1.148505020E1,2.094000101E0
2.561612032E2,3.732000113E0,1.164105034E1,-2.485950232E0
2.561636466E2,1.933950067E0,1.176300049E1,-1.714950085E0
2.561660903E2,3.454050064E0,1.059495068E1,1.392000079E0
2.561685339E2,2.221050024E0,7.108950138E0,-2.173950195E0
2.561709774E2,2.530499995E-1,8.253000259E0,-3.345000267E0
2.561734210E2,2.143949986E0,1.494000053E1,2.022000074E0
2.561758647E2,2.748000145E0,1.132995033E1,2.412000179E0
2.561783081E2,7.030500174E-1,7.954050541E0,-2.838000059E0
2.561807517E2,1.239000082E0,9.847950935E0,-6.000000238E-2
2.561831954E2,2.206950188E0,7.753050327E0,1.390050054E0
2.561856389E2,3.682050228E0,9.067049980E0,-4.890000224E-1
2.561880826E2,8.992050171E0,1.031895065E1,-5.968950272E0
2.561905260E2,4.515000343E0,8.287050247E0,-8.842950821E0
2.561929697E2,2.692950010E0,8.899050713E0,-4.677000046E0
2.561954134E2,4.680000305E0,8.109000206E0,-7.044000149E0
2.561978570E2,2.973000050E0,4.795950413E0,-6.970050335E0
2.562003004E2,4.189050198E0,8.260050774E0,-2.368050098E0
2.562027441E2,4.792950153E0,7.161000252E0,-5.059950352E0
2.562051877E2,1.804050088E0,7.374000549E0,-1.770000100E0
2.562076312E2,4.669950008E0,9.709050179E0,6.790500283E-1
2.562100748E2,7.936050415E0,5.725050449E0,-5.919000149E0
2.562125183E2,3.004050255E0,6.301950455E0,-4.405950069E0
2.562149620E2,4.591050148E0,8.598000526E0,-1.870500147E-1
2.562174057E2,5.599050045E0,8.433000565E0,-3.120000124E0
2.562198493E2,1.849950075E0,9.454950333E0,-2.950050116E0
2.562222928E2,6.610050201E0,8.521050453E0,-5.526000500E0
2.562247364E2,5.427000046E0,4.195050240E0,-1.143300056E1
2.562271801E2,1.744950056E0,7.969950199E0,-3.430950165E0
2.562296235E2,7.230000496E0,9.747000694E0,-1.114050031E0
2.562320671E2,4.165050030E0,8.518950462E0,-4.545000076E0
2.562345108E2,-1.171050072E0,1.100895023E1,3.736050129E0
2.562369543E2,2.800950050E0,8.607000351E0,9.510000348E-1
2.562393979E2,4.483950138E0,6.274950504E0,-5.052000046E0
2.562418414E2,2.242950201E0,1.020705032E1,-1.614000082E0
2.562442851E2,4.383000374E0,1.155000019E1,-2.431050062E0
2.562467287E2,2.839050055E0,1.016805077E1,-2.413950205E0
2.562491722E2,2.869500220E-1,1.207905102E1,1.267050028E0
2.562516158E2,2.542050123E0,9.613050461E0,4.099500179E-1
2.562540595E2,2.662050009E0,8.119050026E0,-7.639500499E-1
2.562565032E2,1.096050024E0,1.195500088E1,-1.822950125E0
2.562589466E2,5.326050282E0,1.541895103E1,3.364950180E0
2.562613903E2,2.781000137E0,1.027395058E1,-4.909050465E0
2.562638337E2,3.598050117E0,1.276605034E1,-2.052000046E0
2.562662774E2,8.097000122E0,1.274700069E1,-8.527050018E0
2.562687210E2,2.116050005E0,9.607950211E0,-7.243050575E0
2.562711645E2,2.551050186E0,1.317105103E1,-1.051950097E0
2.562736082E2,3.298950195E0,1.273995018E1,-2.115000010E0
2.562760518E2,1.362000108E0,1.003905010E1,1.222050071E0
2.562784955E2,4.702050209E0,1.020195007E1,-8.310000300E-1
2.562809390E2,4.792950153E0,7.816950321E0,-5.416050434E0
2.562833826E2,1.933950067E0,4.645050049E0,-2.040000200E0
2.562858260E2,5.398050308E0,1.052805042E1,1.420500129E-1
2.562882697E2,4.741950035E0,1.020705032E1,-3.501000166E0
2.562907133E2,2.176050186E0,8.662050247E0,7.549500465E-1
2.562931568E2,4.675050259E0,1.123200035E1,7.309500575E-1
2.562956005E2,3.198000193E0,7.702050209E0,-3.384000063E0
2.562980441E2,2.961000204E0,1.059900093E1,4.270500243E-1
2.563004876E2,6.661950111E0,1.138005066E1,-2.545950174E0
2.563029312E2,3.294000149E0,8.682000160E0,-4.380000114E0
2.563053749E2,2.094000101E0,1.101600075E1,-2.662950039E0
2.563078184E2,5.515950203E0,8.437050819E0,-6.274050236E0
2.563102620E2,2.901000023E0,7.666050434E0,-8.059950829E0
2.563127057E2,3.066000223E0,9.996000290E0,-2.218050003E0
2.563151491E2,6.046950340E0,8.746050835E0,-4.813050270E0
2.563175928E2,1.792950034E0,9.249000549E0,-3.132000208E0
2.563200364E2,1.792950034E0,1.011300087E1,2.710950136E0
2.563224799E2,4.909950256E0,9.283050537E0,-1.477950096E0
2.563249235E2,1.957950115E0,7.111050129E0,-4.516050339E0
2.563273672E2,1.546050072E0,9.553050041E0,-3.019500077E-1
2.563298107E2,4.014000416E0,7.944000244E0,-3.919950247E0
2.563322543E2,1.840050101E0,7.129950523E0,-2.707950115E0
2.563346980E2,3.691050291E0,9.181950569E0,3.550500274E-1
2.563371414E2,6.403950214E0,4.474950314E0,-5.878050327E0
2.563395850E2,2.659050226E0,4.642050266E0,-4.075950146E0
2.563420285E2,6.358050346E0,9.016950607E0,0.000000000E0
2.563444722E2,5.389050484E0,6.192000389E0,-4.372050285E0
2.563469159E2,-1.050000042E-1,9.081000328E0,-1.641000032E0
2.563493595E2,1.869000077E0,7.920000553E0,-4.170000255E-1
2.563518030E2,4.222949982E0,4.456050396E0,-5.947950363E0
2.563542466E2,2.050500065E-1,6.217950344E0,-2.056950092E0
2.563566903E2,3.865950108E0,8.381999969E0,1.489950061E0
2.563591338E2,4.041000366E0,6.760950089E0,-2.155050039E0
2.563615774E2,-1.600500047E-1,8.068950653E0,2.040000111E-1
2.563640211E2,2.494050026E0,7.711950302E0,1.726950049E0
2.563664645E2,3.136050224E0,5.746050358E0,-3.070050240E0
2.563689081E2,1.954950094E0,9.445050240E0,-4.309500158E-1
2.563713518E2,5.464950085E0,1.110900021E1,-2.538000107E0
2.563737953E2,3.499950171E0,8.506950378E0,-5.083950043E0
2.563762389E2,1.240500063E-1,1.111200047E1,2.760000229E-1
2.563786826E2,3.430050135E0,1.034805012E1,-3.499500155E-1
2.563811260E2,4.500000000E0,8.545050621E0,-6.490950108E0
2.563835697E2,2.908050060E0,1.095900059E1,-2.923950195E0
2.563860134E2,6.721950531E0,1.111905098E1,-4.486950397E0
2.563884569E2,3.873000145E0,1.028100014E1,-4.819950104E0
2.563909005E2,2.395950079E0,1.337895107E1,-1.660500020E-1
2.563933440E2,6.969000340E0,1.077195072E1,-6.520050526E0
2.563957876E2,2.614050150E0,8.131050110E0,-6.613050461E0
2.563982313E2,1.848000050E0,1.132200050E1,-3.960000277E-1
2.564006747E2,5.410050392E0,1.092000008E1,-3.570000172E0
2.564031183E2,2.109000206E0,1.059900093E1,-2.919000149E0
2.564055620E2,2.559000015E0,1.090305042E1,2.239950180E0
2.564080055E2,6.042000294E0,9.538950920E0,-3.679950237E0
2.564104492E2,2.362050056E0,7.519950390E0,-4.554000378E0
2.564128928E2,3.208050251E0,1.143495083E1,3.000000119E-2
2.564153363E2,5.965950489E0,1.045800018E1,-4.750950336E0
2.564177800E2,1.129050016E0,1.061100006E1,-2.742000103E0
2.564202236E2,2.767050028E0,1.152795029E1,-5.250000358E-1
2.564226670E2,5.125050068E0,6.883050442E0,-5.830950260E0
2.564251107E2,1.273050070E0,7.768950462E0,-3.240000248E0
2.564275543E2,5.109000206E0,1.069800091E1,-1.597050071E0
2.564299978E2,7.498050213E0,8.986050606E0,-5.956950188E0
2.564324414E2,8.800500631E-1,9.442950249E0,-3.412050247E0
2.564348851E2,2.104050159E0,9.697050095E0,1.426050067E0
2.564373288E2,5.070000172E0,7.053000450E0,-4.450950146E0
2.564397723E2,1.783050060E0,8.413050652E0,-4.561950207E0
2.564422158E2,4.033950329E0,8.710050583E0,-9.100500345E-1
2.564446593E2,5.185050011E0,7.234950542E0,-6.205950260E0
2.564471029E2,1.009950042E0,9.436050415E0,-1.933050036E0
2.564495466E2,3.442050219E0,9.639000893E0,9.540000558E-1
2.564519901E2,4.311000347E0,6.048000336E0,-4.492050171E0
2.564544338E2,2.479950190E0,8.112000465E0,5.299500227E-1
2.564568774E2,6.409050465E0,1.091100025E1,9.319500327E-1
2.564593208E2,3.196050167E0,8.184000015E0,-2.905050039E0
2.564617645E2,-3.010500073E-1,1.169100094E1,1.770000100E0
2.564642081E2,2.106000185E0,9.924000740E0,4.290000200E-1
2.564666516E2,2.499000072E0,6.148050308E0,-6.319050312E0
2.564690952E2,6.169500351E-1,8.269950867E0,-2.275050163E0
2.564715387E2,3.708000183E0,9.975000381E0,-1.959000111E0
2.564739824E2,3.648000240E0,1.075305080E1,-4.144950390E0
2.564764260E2,1.321050048E0,1.150200081E1,-4.099500179E-1
2.564788697E2,3.163950205E0,9.019050598E0,-1.114050031E0
2.564813131E2,2.170950174E0,7.429050446E0,-4.966050148E0
2.564837568E2,3.130500019E-1,9.900000572E0,1.473000050E0
2.564862004E2,5.572950363E0,1.136805058E1,-1.495050073E0
2.564886439E2,3.739050150E0,8.119050026E0,-5.277000427E0
2.564910875E2,1.507950068E0,8.263050079E0,-6.160500050E-1
2.564935312E2,4.884000301E0,7.270950317E0,-8.029500246E-1
2.564959747E2,4.378050327E0,5.883000374E0,-4.438950062E0
2.564984183E2,3.547950268E0,9.440999985E0,-1.200000010E-2
2.565008620E2,6.919050217E0,8.148000717E0,-2.268000126E0
2.565033054E2,3.145050049E0,8.263050079E0,-4.024950027E0
2.565057491E2,1.065000057E0,9.843000412E0,8.010000587E-1
2.565081928E2,4.930950165E0,8.089950562E0,-3.544050217E0
2.565106362E2,2.710050106E0,6.369000435E0,-5.680050373E0
2.565130798E2,2.961000204E0,9.589050293E0,-3.240000010E-1
2.565155235E2,6.543000221E0,8.452050209E0,-3.886050224E0
2.565179670E2,1.375950098E0,8.653050423E0,-3.526950121E0
2.565204106E2,1.318050027E0,1.052505016E1,1.792050123E0
2.565228540E2,6.897000313E0,7.482000351E0,-5.176950455E0
2.565252977E2,3.411000252E0,5.422950268E0,-8.236949921E0
2.565277414E2,3.198000193E0,9.607950211E0,-2.787000179E0
2.565301848E2,6.406050205E0,8.397000313E0,-4.650000095E0
2.565326285E2,1.555050015E0,1.041705036E1,-3.871950150E0
2.565350721E2,1.393050075E0,9.782999992E0,4.009500146E-1
2.565375156E2,5.965950489E0,5.610000134E0,-5.977050304E0
2.565399593E2,2.299950123E0,6.180000305E0,-5.851950169E0
2.565424029E2,4.534049988E0,1.062795067E1,1.119000077E0
2.565448466E2,6.040050507E0,8.959050179E0,-3.525000095E0
2.565472901E2,-5.770500302E-1,9.418950081E0,-1.695000008E-2
2.565497337E2,6.720000505E-1,8.761050224E0,4.585950375E0
2.565521771E2,5.596950054E0,6.598950386E0,-3.265950203E0
2.565546208E2,3.246000051E0,8.181000710E0,-4.525950432E0
2.565570644E2,3.871050119E0,1.064505005E1,-8.070000410E-1
2.565595079E2,4.651050091E0,9.429000854E0,-4.441950321E0
2.565619515E2,1.122000098E0,1.038600063E1,-1.393950105E0
2.565643952E2,9.379500151E-1,9.916950226E0,2.637000084E0
2.565668389E2,4.321050167E0,9.096000671E0,-3.238050222E0
2.565692823E2,2.005950212E0,9.687000275E0,-3.352050066E0
2.565717259E2,4.675050259E0,1.138995075E1,-1.243050098E0
2.565741694E2,4.555950165E0,1.043700027E1,-6.481950283E0
2.565766131E2,4.729500115E-1,1.049595070E1,-3.666000128E0
2.565790567E2,7.560000420E-1,1.112100029E1,2.380950212E0
2.565815002E2,3.061050177E0,9.639000893E0,-3.975000143E0
2.565839439E2,7.390500307E-1,8.449049950E0,-2.584050179E0
2.565863875E2,2.641950130E0,9.714000702E0,5.320500135E-1
2.565888309E2,5.518050194E0,9.757050514E0,-3.159000158E0
2.565912745E2,2.242950201E0,1.070505047E1,-1.023000002E0
2.565937182E2,4.993950367E0,9.168000221E0,-1.303050041E0
2.565961617E2,5.704950333E0,6.847950459E0,-6.640050411E0
2.565986053E2,1.885950089E0,8.097000122E0,-3.004950047E0
2.566010490E2,5.809950352E0,1.001505089E1,1.305000018E-2
2.566034925E2,6.118950367E0,9.181950569E0,-5.332950115E0
2.566059362E2,1.338000059E0,9.081000328E0,-2.668050051E0
2.566083795E2,4.263000011E0,8.479949951E0,-1.303050041E0
2.566108232E2,6.463950157E0,5.980950356E0,-7.930050373E0
2.566132669E2,1.474050045E0,9.280050278E0,-2.550000191E0
2.566157105E2,4.183950424E0,1.047495079E1,6.739500165E-1
2.566181540E2,4.198950291E0,8.773050308E0,-2.847000122E0
2.566205976E2,2.100000083E-1,9.244050026E0,5.680500269E-1
2.566230413E2,2.908050060E0,8.650050163E0,7.890000343E-1
2.566254848E2,3.451950073E0,5.875050068E0,-5.134050369E0
2.566279285E2,1.510050058E0,9.453000069E0,-1.083000064E0
2.566303719E2,5.022000313E0,9.526950836E0,-4.290000200E-1
2.566328156E2,4.052999973E0,6.916950226E0,-7.171050549E0
2.566352592E2,-7.830000520E-1,8.743950844E0,-7.519500256E-1
2.566377029E2,2.191950083E0,8.358000755E0,5.440500379E-1
2.566401463E2,5.757000446E0,6.247050285E0,-7.246050358E0
2.566425899E2,1.362000108E0,6.796950340E0,-4.222050190E0
2.566450337E2,5.559000492E0,8.041950226E0,-2.469000101E0
2.566474771E2,4.618050098E0,6.277950287E0,-6.087000370E0
2.566499207E2,6.049500108E-1,8.959050179E0,-6.679500341E-1
2.566523644E2,5.334000111E0,7.084950447E0,-7.429500222E-1
2.566548079E2,5.440950394E0,4.249950409E0,-7.167000294E0
2.566572515E2,1.464000106E0,8.068950653E0,-5.269500017E-1
2.566596950E2,4.897950172E0,8.539950371E0,1.216950059E0
2.566621387E2,3.301050186E0,7.081950188E0,-2.323050022E0
2.566645823E2,-1.578000069E0,9.286950111E0,2.752050161E0
2.566670260E2,3.796950102E0,7.506000519E0,2.425950050E0
2.566694694E2,6.090000153E0,6.045000076E0,-7.710000515E0
2.566719131E2,1.917000055E0,7.780950546E0,-3.457950115E0
2.566743565E2,4.045950413E0,9.718050003E0,-2.277000189E0
2.566768002E2,4.144050121E0,9.262950897E0,-5.521950245E0
2.566792438E2,7.320000529E-1,1.054005051E1,-4.360500276E-1
2.566816873E2,4.393050194E0,8.370000839E0,-2.088000059E0
2.566841310E2,5.020050049E0,6.535950184E0,-7.813050270E0
2.566865746E2,1.101000071E0,1.010100079E1,-2.016000032E0
2.566890183E2,5.877000332E0,9.438000679E0,-2.224950075E0
2.566914618E2,3.892050266E0,7.065000534E0,-5.694000244E0
2.566939054E2,-1.360500008E-1,8.868000031E0,2.127000093E0
2.566963489E2,2.671050072E0,8.679000854E0,2.742000103E0
2.566987925E2,4.666050434E0,7.378950119E0,-4.813050270E0
2.567012362E2,1.594050050E0,8.971050262E0,-9.010500312E-1
2.567036796E2,4.906949997E0,1.005105019E1,-8.650500178E-1
2.567061233E2,4.195950031E0,9.025950432E0,-3.478950262E0
2.567085669E2,1.605000161E-2,1.110900021E1,1.432950020E0
2.567110104E2,3.562050104E0,1.056795025E1,6.599999964E-2
2.567134541E2,5.032050133E0,7.906050205E0,-6.628050327E0
2.567158977E2,1.963050127E0,1.062300014E1,-2.035950184E0
2.567183412E2,6.057000160E0,1.159800053E1,-2.518950224E0
2.567207848E2,4.230000019E0,1.216800022E1,-4.750950336E0
2.567232285E2,1.053000093E0,1.258905029E1,-4.800000042E-2
2.567256719E2,2.266950130E0,1.158105087E1,1.159950018E0
2.567281155E2,3.496950150E0,9.844950676E0,-5.907000065E0
2.567305592E2,6.910500526E-1,1.084800053E1,-1.702950120E0
2.567330027E2,3.334050179E0,1.243095016E1,-1.900500059E-1
2.567354463E2,4.500000000E0,1.184700012E1,-4.393949986E0
2.567378900E2,1.741950035E0,1.232805061E1,-2.929500043E-1
2.567403335E2,4.687050343E0,1.053495026E1,-2.272950172E0
2.567427771E2,3.583050251E0,9.442950249E0,-5.859000206E0
2.567452208E2,1.117050052E0,1.129395008E1,5.089499950E-1
2.567476642E2,6.576000214E0,1.147800064E1,-1.818000078E0
2.567501079E2,4.840050220E0,9.289950371E0,-6.264000416E0
2.567525515E2,1.318050027E0,8.956950188E0,-2.598000050E0
2.567549950E2,3.073050261E0,8.502000809E0,-2.557950020E0
2.567574386E2,4.752000332E0,6.936000347E0,-7.983000278E0
2.567598823E2,9.499500394E-1,7.413000584E0,-4.588050365E0
2.567623258E2,4.828050137E0,7.123050213E0,-2.440050125E0
2.567647695E2,3.567000151E0,6.214950085E0,-4.855950356E0
2.567672129E2,6.000000052E-3,6.820950508E0,-3.019500077E-1
2.567696566E2,2.881950140E0,6.394950390E0,-2.260500044E-1
2.567721002E2,5.032050133E0,2.722050190E0,-6.436050415E0
2.567745439E2,1.660950065E0,4.683000088E0,-1.480050087E0
2.567769873E2,5.473050117E0,6.892950535E0,2.524050236E0
2.567794310E2,5.887050152E0,1.321950078E0,-3.751950264E0
2.567818746E2,-4.789500237E-1,6.541050434E0,1.500000060E-2
2.567843181E2,3.928050280E0,5.593050480E0,2.641950130E0
2.567867617E2,8.485050201E0,1.144050002E0,-6.139050484E0
2.567892052E2,1.678050041E0,3.663000107E0,-5.164950371E0
2.567916489E2,3.796950102E0,7.165950298E0,-1.780500114E-1
2.567940925E2,4.101000309E0,5.779950142E0,-3.331050158E0
2.567965360E2,-1.245000005E0,7.951050282E0,8.959500194E-1
2.567989796E2,4.189050198E0,6.055050373E0,7.000500560E-1
2.568014233E2,5.050950050E0,2.095050097E0,-7.606950283E0
2.568038669E2,1.147950053E0,6.309000492E0,-4.006050110E0
2.568063103E2,3.946950197E0,8.124000549E0,-3.979500234E-1
2.568087540E2,3.873000145E0,5.844000340E0,-4.969050407E0
2.568111975E2,1.450500041E-1,7.341000557E0,1.228950024E0
2.568136412E2,2.391000032E0,8.121000290E0,2.062050104E0
2.568160848E2,4.302000046E0,7.540050507E0,-4.315050125E0
2.568185283E2,1.654050112E0,9.526950836E0,-9.610500336E-1
2.568209719E2,2.926950216E0,1.317300034E1,3.259950161E0
2.568234156E2,4.351950169E0,1.076505089E1,-3.499050140E0
2.568258592E2,1.192050099E0,1.008705044E1,-1.260000110E0
2.568283026E2,2.628000021E0,1.078395081E1,4.530000091E-1
2.568307463E2,2.880000114E0,9.811950684E0,-4.357950211E0
2.568331900E2,1.563000083E0,9.438000679E0,-1.168950081E0
2.568356335E2,5.893950462E0,1.170795059E1,-2.826000214E0
2.568380771E2,5.769000053E0,1.057305050E1,-7.696050167E0
2.568405205E2,1.215000033E0,1.044900036E1,-3.217950106E0
2.568429642E2,2.556000233E0,1.220595074E1,2.086050034E0
2.568454078E2,2.439000130E0,1.128405094E1,-4.140000343E0
2.568478513E2,6.030000448E-1,8.763000488E0,-8.170500398E-1
2.568502950E2,1.783050060E0,1.011795044E1,1.180500090E-1
2.568527386E2,4.927050114E0,1.135095024E1,-3.376050234E0
2.568551821E2,3.028050184E0,1.023795033E1,-2.674950123E0
2.568576257E2,5.962950230E0,9.919050217E0,-8.839500546E-1
2.568600694E2,6.706050396E0,7.482000351E0,-5.917050362E0
2.568625128E2,3.138000250E0,8.485050201E0,-4.332000256E0
2.568649565E2,5.128050327E0,1.239000034E1,-2.895000204E-2
2.568674002E2,6.484950542E0,1.048905087E1,-4.090050220E0
2.568698436E2,1.017000079E0,1.057800007E1,-2.361000061E0
2.568722873E2,2.704950094E0,1.003005028E1,9.180000424E-1
2.568747309E2,5.992050171E0,8.614950180E0,-4.813050270E0
2.568771744E2,2.037000179E0,8.344050407E0,-7.123050213E0
2.568796180E2,3.775050163E0,1.123395061E1,-2.814000130E0
2.568820617E2,5.929950237E0,1.008195019E1,-6.016950130E0
2.568845051E2,1.699050069E0,9.358950615E0,-4.006050110E0
2.568869487E2,2.815050125E0,8.434950829E0,-8.100000620E-1
2.568893924E2,5.367000103E0,6.874050140E0,-6.264000416E0
2.568918359E2,2.254950047E0,7.282950401E0,-5.188950062E0
2.568942796E2,2.724000216E0,8.491950035E0,3.705000132E-2
2.568967232E2,5.458050251E0,5.899050236E0,-6.076950073E0
2.568991667E2,1.672950029E0,5.322000027E0,-4.618950367E0
2.569016103E2,-1.123050094E0,6.165000439E0,3.316950083E0
2.569040540E2,4.052999973E0,5.137950420E0,1.396950126E0
2.569064974E2,3.700950146E0,2.286000013E0,-2.728050232E0
2.569089410E2,1.615050077E0,5.964000225E0,3.051000118E0
2.569113847E2,5.431950092E0,4.627950191E0,6.979500055E-1
2.569138282E2,1.491000056E0,4.422000408E0,-2.050050020E0
2.569162719E2,-1.519950032E0,7.470000267E0,3.420000076E0
2.569187153E2,2.037000179E0,5.650050163E0,-4.270500243E-1
2.569211590E2,1.551000118E0,3.370950222E0,-3.594000101E0
2.569236026E2,3.439500034E-1,6.409050465E0,4.489500225E-1
2.569260461E2,3.661950111E0,8.251049995E0,-1.609050035E0
2.569284898E2,2.415000200E0,6.912000179E0,-4.681050301E0
2.569309334E2,8.059500456E-1,7.975050449E0,-2.700000070E-2
2.569333771E2,3.658050060E0,6.402000427E0,-1.546950102E0
2.569358205E2,2.913000107E0,5.635950089E0,-5.400000095E0
2.569382641E2,9.450000525E-1,7.720950603E0,-3.670500219E-1
2.569407078E2,5.518050194E0,1.008705044E1,-1.392000079E0
2.569431513E2,4.477050304E0,8.125950813E0,-3.505950212E0
2.569455949E2,1.981950045E0,8.710050583E0,3.739500046E-1
2.569480384E2,4.965000153E0,8.088000298E0,-2.590950012E0
2.569504820E2,3.487950087E0,6.811950207E0,-5.344950199E0
2.569529257E2,9.229500294E-1,9.787950516E0,-4.605000094E-2
2.569553694E2,5.949000359E0,1.114305019E1,-1.375050068E0
2.569578128E2,3.801000118E0,7.444050312E0,-3.184950113E0
2.569602564E2,5.790000558E-1,8.955000877E0,1.159950018E0
2.569627001E2,4.736999989E0,9.663000107E0,-2.059500068E-1
2.569651436E2,4.912050247E0,7.573050499E0,-5.710950375E0
2.569675872E2,1.450050116E0,1.014705086E1,-2.644050121E0
2.569700307E2,4.575000286E0,1.017105007E1,-1.662000060E0
2.569724744E2,5.908050060E0,9.603000641E0,-5.565000057E0
2.569749180E2,1.017000079E0,1.114800072E1,2.380500138E-1
2.569773615E2,2.752950191E0,1.183995056E1,3.600000143E0
2.569798051E2,4.728000164E0,9.838050842E0,-4.830000401E0
2.569822488E2,2.185050011E0,1.028100014E1,-1.327050090E0
2.569846922E2,5.779050350E0,1.219905090E1,-3.187050104E0
2.569871359E2,5.476950169E0,1.116195011E1,-7.474950314E0
2.569895795E2,6.240000129E-1,1.126005077E1,-2.584050179E0
2.569920230E2,7.459500432E-1,1.077900028E1,1.732050061E0
2.569944667E2,3.592950106E0,9.558000565E0,-4.906050205E0
2.569969103E2,1.180050015E0,8.859000206E0,-4.750950336E0
2.569993538E2,3.535950184E0,1.167195034E1,-1.177950025E0
2.570017975E2,6.825000286E0,1.056105042E1,-5.151000023E0
2.570042411E2,3.286950111E0,1.020900059E1,-3.301950216E0
2.570066845E2,4.204050064E0,1.046805096E1,-1.939500123E-1
2.570091282E2,6.682050228E0,7.609050274E0,-5.542950153E0
2.570115718E2,2.125050068E0,7.798050404E0,-4.084949970E0
2.570140153E2,2.190000057E0,9.835950851E0,1.537950039E0
2.570164589E2,6.064050198E0,7.233000278E0,-4.654950142E0
2.570189026E2,1.860000134E0,6.961950302E0,-3.843000174E0
2.570213461E2,1.824000120E0,7.056000233E0,1.414050102E0
2.570237897E2,5.992050171E0,7.288050175E0,-1.945050120E0
2.570262334E2,2.985000134E0,5.920950413E0,-3.939000130E0
2.570286768E2,8.800500631E-1,8.575950623E0,1.672050118E0
2.570311205E2,3.721950293E0,9.164999962E0,-1.024950027E0
2.570335641E2,9.810000658E-1,7.177950382E0,-2.914050102E0
2.570360076E2,-7.129500508E-1,8.167050362E0,1.912050128E0
2.570384512E2,2.959050179E0,6.565050125E0,-1.585050106E0
2.570408949E2,2.599050045E0,4.489050388E0,-4.861050129E0
2.570433384E2,1.636950135E0,7.507950306E0,1.849500090E-1
2.570457820E2,6.487950325E0,7.081950188E0,-2.742000103E0
2.570482257E2,4.345050335E0,6.460050106E0,-4.807950020E0
2.570506691E2,-2.749500275E-1,8.926050186E0,1.657950044E0
2.570531128E2,2.821950197E0,9.417000771E0,1.497000098E0
2.570555564E2,3.472950220E0,6.342000484E0,-4.104000092E0
2.570579999E2,8.640000224E-1,8.236050606E0,-1.456050038E0
2.570604435E2,4.021950245E0,1.051305008E1,-1.267050028E0
2.570628872E2,4.065000057E0,1.005600071E1,-3.436050177E0
2.570653307E2,1.390050054E0,9.964950562E0,3.889500201E-1
2.570677743E2,3.876000166E0,9.064949989E0,-3.570000231E-1
2.570702180E2,4.141050339E0,8.038050652E0,-6.814950466E0
2.570726614E2,6.000000052E-3,9.939000130E0,-1.758000135E0
2.570751051E2,3.697950125E0,1.124100018E1,5.800500512E-1
2.570775487E2,5.728950500E0,9.895050049E0,-5.893050194E0
2.570799922E2,1.450050116E0,1.033605003E1,-1.296000004E0
2.570824358E2,3.295950174E0,9.670050621E0,-8.050500154E-1
2.570848793E2,6.282000065E0,7.755000591E0,-7.126050472E0
2.570873230E2,1.048050046E0,8.740950584E0,-3.930000305E0
2.570897666E2,3.379950047E0,9.637050629E0,8.029500246E-1
2.570922103E2,6.045000076E0,8.197950363E0,-2.923950195E0
2.570946537E2,1.645950079E0,8.574000359E0,-2.131050110E0
2.570970973E2,3.861000299E0,9.117000580E0,2.760000229E-1
2.570995410E2,6.325050354E0,7.197000504E0,-5.479050159E0
2.571019845E2,1.611000061E0,7.855950356E0,-3.669000149E0
2.571044281E2,3.511950254E0,9.493050575E0,4.699500203E-1
2.571068716E2,7.527000427E0,8.112000465E0,-5.236950397E0
2.571093152E2,7.750500441E-1,9.211050034E0,-4.222050190E0
2.571117589E2,-1.150500029E-1,9.517050743E0,2.113049984E0
2.571142025E2,5.275950432E0,8.160000801E0,-3.312000275E0
2.571166460E2,2.992050171E0,5.583000183E0,-6.988950253E0
2.571190896E2,2.542050123E0,9.036000252E0,-1.903950095E0
2.571215333E2,6.334050179E0,9.975000381E0,-2.823000193E0
2.571239768E2,2.563050032E0,1.016100025E1,-2.907000065E0
2.571264204E2,9.589500427E-1,1.104195023E1,3.376950264E0
2.571288639E2,6.238950253E0,8.152050018E0,-2.742000103E0
2.571313076E2,2.611050129E0,7.051050186E0,-7.213950157E0
2.571337512E2,1.467000127E0,1.008495045E1,-6.400500536E-1
2.571361946E2,6.153000355E0,9.843000412E0,-2.728050232E0
2.571386383E2,3.679050207E0,9.939000130E0,-4.432050228E0
2.571410819E2,2.149500102E-1,9.139050484E0,2.509950161E0
2.571435254E2,3.817950249E0,8.361000061E0,1.129500046E-1
2.571459690E2,5.608950138E0,8.421000481E0,-7.885050297E0
2.571484127E2,3.270000219E-1,1.027905083E1,-2.056950092E0
2.571508562E2,3.829950094E0,1.120005035E1,-9.289500713E-1
2.571532998E2,3.532950163E0,9.096000671E0,-4.674000263E0
2.571557435E2,1.309500039E-1,9.402000427E0,4.369500279E-1
2.571581869E2,4.699050426E0,8.181000710E0,-1.144950032E0
2.571606306E2,5.950950146E0,6.742050171E0,-6.487050533E0
2.571630742E2,7.030500174E-1,8.626950264E0,-9.559500217E-1
2.571655177E2,4.654050350E0,9.133950233E0,4.099500179E-1
2.571679614E2,6.793950558E0,8.302950859E0,-5.589000225E0
2.571704050E2,6.960000396E-1,9.440999985E0,-9.409500360E-1
2.571728485E2,1.060050011E0,9.565050125E0,3.396000147E0
2.571752921E2,4.551000118E0,8.515950203E0,-4.039950371E0
2.571777358E2,1.110000014E0,7.449000359E0,-4.249950409E0
2.571801792E2,1.567050099E0,9.714000702E0,2.329500169E-1
2.571826229E2,5.914950371E0,9.117000580E0,-3.919950247E0
2.571850665E2,1.656000137E0,9.546000481E0,-3.199050188E0
2.571875100E2,1.057050109E0,9.049950600E0,3.348000050E0
2.571899537E2,6.519000530E0,7.285950184E0,-3.870000124E0
2.571923973E2,3.306000233E0,7.441050529E0,-5.605950356E0
2.571948408E2,4.234950066E0,1.069995022E1,-7.690500617E-1
2.571972844E2,8.101050377E0,9.730050087E0,-5.968950272E0
2.571997281E2,1.891050100E0,9.864000320E0,-5.175000191E0
2.572021715E2,6.900000572E-2,8.595000267E0,1.591050029E0
2.572046151E2,6.732000351E0,7.051050186E0,-3.622950077E0
2.572070588E2,4.330049992E0,6.199050426E0,-8.835000038E0
2.572095023E2,1.599000096E0,8.515950203E0,-1.365000010E0
2.572119459E2,5.628000259E0,9.964950562E0,4.905000329E-2
2.572143894E2,3.661950111E0,8.299050331E0,-1.878000140E0
2.572168331E2,7.560000420E-1,8.797050476E0,2.424000025E0
2.572192767E2,6.676950455E0,8.374950409E0,-3.252000093E0
2.572217204E2,4.069050312E0,6.619950294E0,-9.166050911E0
2.572241638E2,9.000000544E-3,9.912000656E0,-1.047000051E0
2.572266075E2,5.439000130E0,9.505050659E0,-1.654950023E0
2.572290512E2,3.729000092E0,7.891050339E0,-4.894050121E0
2.572314946E2,-7.609500289E-1,8.835000038E0,1.477950096E0
2.572339382E2,1.642050028E0,8.587950706E0,2.127000093E0
2.572363819E2,5.587050438E0,7.771950245E0,-5.076000214E0
2.572388254E2,2.008050203E0,8.458950043E0,-3.726000071E0
2.572412690E2,3.877950191E0,1.067400074E1,-4.170000255E-1
2.572437127E2,4.620000362E0,1.055400085E1,-4.513950348E0
2.572461562E2,1.291950107E0,1.101795006E1,-2.639999986E-1
2.572485998E2,-3.600000218E-2,1.034805012E1,1.786950111E0
2.572510435E2,3.763050079E0,8.631000519E0,-3.930000067E-1
2.572534869E2,2.092050076E0,8.494950294E0,-3.328950167E0
2.572559305E2,5.025000095E0,9.972000122E0,-1.540050030E0
2.572583742E2,7.618050575E0,1.078605080E1,-6.372000217E0
2.572608177E2,1.717950106E0,9.784950256E0,-3.703950167E0
2.572632613E2,6.580500603E-1,9.747000694E0,2.304000139E0
2.572657048E2,4.227000237E0,1.057800007E1,-2.644050121E0
2.572681485E2,2.652000189E0,7.875000477E0,-6.321000099E0
2.572705921E2,1.548000097E0,1.053000069E1,-1.483050108E0
2.572730356E2,5.608950138E0,1.076505089E1,-2.541000128E0
2.572754792E2,2.914950132E0,9.606000900E0,-3.433950186E0
2.572779229E2,1.230000019E0,8.665050507E0,1.939950109E0
2.572803663E2,6.532950401E0,7.815000534E0,-2.329950094E0
2.572828100E2,4.611000061E0,6.225000381E0,-6.444000244E0
2.572852537E2,1.654050112E0,9.334950447E0,2.380500138E-1
2.572876971E2,7.062000275E0,1.070505047E1,-1.566000104E0
2.572901408E2,4.263000011E0,8.389050484E0,-5.092950344E0
2.572925844E2,2.599500120E-1,9.547950745E0,1.540050030E0
2.572950279E2,3.682050228E0,1.044405079E1,1.033050060E0
2.572974716E2,3.688950062E0,7.779000282E0,-4.600050449E0
2.572999152E2,4.660500288E-1,9.217950821E0,-1.993050098E0
2.573023587E2,2.307000160E0,1.134195042E1,-2.110500038E-1
2.573048024E2,4.963050365E0,9.760950089E0,-4.887000084E0
2.573072460E2,9.310500622E-1,9.105000496E0,-2.088000059E0
2.573096897E2,2.173050165E0,9.591000557E0,1.453950047E0
2.573121331E2,5.226000309E0,8.902050018E0,-5.311050415E0
2.573145768E2,1.888050079E0,8.907000542E0,-4.138050079E0
2.573170202E2,2.896050215E0,1.015395069E1,3.840000033E-1
2.573194639E2,6.825000286E0,9.205950737E0,-5.325000286E0
2.573219075E2,1.704000115E0,8.325000763E0,-3.340950251E0
2.573243510E2,2.269500047E-1,8.218950272E0,3.576000214E0
2.573267947E2,5.350050449E0,7.711950302E0,-1.276950002E0
2.573292383E2,4.270950317E0,4.972950459E0,-6.693000317E0
2.573316817E2,2.407950163E0,7.843950272E0,-2.196000099E0
2.573341254E2,4.969950199E0,8.657999992E0,-4.240950108E0
2.573365690E2,2.500950098E0,7.330950260E0,-3.690000057E0
2.573390125E2,-5.119500160E-1,8.454000473E0,3.079950094E0
2.573414561E2,4.855050087E0,6.943050385E0,3.390000165E-1
2.573438998E2,4.849950314E0,5.077950478E0,-6.700050354E0
2.573463433E2,1.362000108E0,8.598000526E0,-1.690950036E0
2.573487870E2,5.604000092E0,8.599950790E0,-2.227050066E0
2.573512303E2,4.048050404E0,8.140049934E0,-5.581950188E0
2.573536740E2,-1.695000052E0,8.643000603E0,6.109500527E-1
2.573561177E2,2.188050032E0,7.792950153E0,2.674950123E0
2.573585613E2,7.414050579E0,6.697050095E0,-7.602000237E0
2.573610048E2,2.614050150E0,7.420050144E0,-5.899950504E0
2.573634484E2,1.993950129E0,1.042005062E1,1.648050070E0
2.573658921E2,4.678050041E0,1.009395027E1,-2.445000172E0
2.573683356E2,2.488950014E0,9.487950325E0,-7.500000596E-1
2.573707793E2,1.809000134E0,1.011300087E1,2.508000135E0
2.573732229E2,5.902950287E0,8.254950523E0,-4.746000290E0
2.573756663E2,2.194950104E0,8.919000626E0,-4.570950031E0
2.573781100E2,2.062950134E0,1.157100010E1,6.709500551E-1
2.573805536E2,5.832000256E0,1.071405029E1,-4.617000103E0
2.573829971E2,2.404950142E0,1.008495045E1,-3.814950228E0
2.573854407E2,0.000000000E0,1.124595070E1,1.690950036E0
2.573878844E2,3.507000208E0,1.099905014E1,6.690000296E-1
2.573903279E2,4.462050438E0,1.049895096E1,-7.102050304E0
2.573927715E2,1.405050039E0,1.154805088E1,-3.058050156E0
2.573952152E2,4.210950375E0,1.168200016E1,-2.979000092E0
2.573976586E2,3.672000170E0,1.053495026E1,-3.664050102E0
2.574001023E2,7.304999977E-2,1.073595047E1,1.147950053E0
2.574025457E2,2.257050037E0,9.663000107E0,3.169050217E0
2.574049894E2,6.306000233E0,8.701050758E0,-3.493950129E0
2.574074330E2,2.949000120E0,9.204000473E0,-2.929050207E0
2.574098767E2,6.102000237E0,1.108095074E1,-2.020950079E0
2.574123202E2,5.038950443E0,1.138995075E1,-6.997050285E0
2.574147638E2,6.670500040E-1,1.059705067E1,-1.300500035E-1
2.574172073E2,-4.330500066E-1,9.328050613E0,1.993050098E0
2.574196509E2,3.616950274E0,9.121950150E0,-5.989500284E-1
2.574220946E2,1.596000075E0,7.750050545E0,-6.454950333E0
2.574245382E2,1.756950140E0,9.772950172E0,-2.230050087E0
2.574269817E2,6.871050358E0,8.653050423E0,-4.702950001E0
2.574294253E2,3.303000212E0,7.306950569E0,-5.433000088E0
2.574318688E2,1.302000046E0,8.410950661E0,1.420500129E-1
2.574343125E2,6.331950188E0,7.258950233E0,-4.207050323E0
2.574367561E2,4.456950188E0,5.466000080E0,-7.375050545E0
2.574391996E2,3.199500144E-1,7.887000561E0,1.110000089E-1
2.574416432E2,4.450050354E0,6.526950359E0,-1.489500105E-1
2.574440869E2,5.410050392E0,3.847950220E0,-4.693050385E0
2.574465305E2,5.089499950E-1,6.280050278E0,7.789500356E-1
2.574489740E2,4.969950199E0,6.472050190E0,8.200500607E-1
2.574514176E2,8.317049980E0,3.763950109E0,-7.689000130E0
2.574538611E2,1.455000043E0,6.289950371E0,-4.530000210E0
2.574563048E2,1.278000116E0,8.467950821E0,8.440500498E-1
2.574587484E2,4.156050205E0,6.004950523E0,-4.027950287E0
2.574611918E2,-2.730000019E-1,7.626000404E0,-1.449000120E0
2.574636355E2,1.519950032E0,6.559950352E0,2.512950182E0
2.574660791E2,8.817000389E0,4.915050030E0,-4.633050442E0
2.574685226E2,2.305050135E0,5.095050335E0,-6.247050285E0
2.574709662E2,1.672950029E0,8.260050774E0,1.366050124E0
2.574734099E2,4.611000061E0,8.281949997E0,-1.813050032E0
2.574758536E2,1.417050123E0,8.749050140E0,-9.370500445E-1
2.574782970E2,-1.458000064E0,9.151050568E0,1.282050014E0
2.574807407E2,7.304999977E-2,8.623950005E0,3.195000067E-2
2.574831841E2,1.903050065E0,8.104949951E0,1.312950015E0
2.574856278E2,2.223000050E0,8.755949974E0,2.089500129E-1
2.574880714E2,5.716950417E0,1.161900043E1,-3.499500155E-1
2.574905149E2,5.674050331E0,9.994050026E0,-5.476050377E0
2.574929586E2,2.233050108E0,9.226950645E0,-2.538000107E0
2.574954022E2,5.317050457E0,1.132695007E1,9.405000508E-2
2.574978457E2,5.938950062E0,1.035300064E1,-6.646950245E0
2.575002893E2,2.218950033E0,1.160295010E1,-4.882050037E0
2.575027330E2,2.965950251E0,1.454505062E1,-1.024950027E0
2.575051764E2,5.221050262E0,1.188300037E1,-5.112000465E0
2.575076201E2,1.500000119E0,1.142805099E1,-9.919500351E-1
2.575100637E2,3.799500167E-1,1.235400105E1,1.132950068E0
2.575125072E2,4.522050381E0,1.090095043E1,5.539500117E-1
2.575149509E2,3.198000193E0,1.014495087E1,-6.367050171E0
2.575173945E2,2.101050138E0,1.177995014E1,-3.007950068E0
2.575198380E2,5.947050095E0,1.139400101E1,-3.940950155E0
2.575222816E2,4.318050385E0,1.003395081E1,-3.481950283E0
2.575247253E2,1.623000026E0,1.146900082E1,1.011000037E0
2.575271687E2,5.275950432E0,1.058505058E1,-7.140000463E-1
2.575296123E2,3.928050280E0,9.160050392E0,-3.757050276E0
2.575320560E2,1.576950073E0,9.567000389E0,-2.880000174E-1
2.575344995E2,6.526050091E0,1.016805077E1,-1.521000028E0
2.575369431E2,5.377050400E0,8.008950233E0,-5.898000240E0
2.575393866E2,5.140500069E-1,8.800950050E0,-9.610500336E-1
2.575418303E2,1.053000093E0,7.567950249E0,1.351050019E0
2.575442739E2,4.062000275E0,7.840950489E0,-4.312950134E0
2.575467176E2,2.149049997E0,5.964000225E0,-6.211050510E0
2.575491610E2,1.120050073E0,5.550000191E0,-9.769500494E-1
2.575516047E2,5.512950420E0,7.663950443E0,-3.103050232E0
2.575540484E2,2.512950182E0,6.301950455E0,-3.454950094E0
2.575564918E2,1.239000082E0,8.854050636E0,1.006950021E0
2.575589354E2,5.875050068E0,7.872000217E0,-2.019000053E0
2.575613791E2,4.972050190E0,4.846050262E0,-5.725050449E0
2.575638226E2,1.464000106E0,8.799000740E0,7.650000453E-1
2.575662662E2,5.130000114E0,8.559000015E0,1.729500145E-1
2.575687097E2,3.603000164E0,6.259050369E0,-9.600000083E-2
2.575711534E2,-6.199500561E-1,9.148050308E0,1.903950095E0
2.575735970E2,3.307950258E0,8.227050781E0,1.846950054E0
2.575760407E2,7.041000366E0,5.794050217E0,-1.049505043E1
2.575784841E2,1.765950084E0,6.934050560E0,-9.618000031E0
2.575809277E2,9.190500379E-1,1.121700096E1,-1.762950063E0
2.575833714E2,1.864050031E0,1.167405033E1,-1.312950015E0
2.575858149E2,4.060500264E-1,9.502950668E0,3.769500256E-1
2.575882585E2,-8.880000710E-1,8.880000114E0,6.599999964E-2
2.575907020E2,1.101000071E0,8.224050522E0,1.806000113E0
2.575931457E2,3.772950172E0,7.291050434E0,1.135950089E0
2.575955893E2,3.574050188E0,6.915000439E0,-1.201950073E0
2.575980330E2,8.619000435E0,8.188050270E0,-5.680050373E0
2.576004764E2,3.552000284E0,8.322000504E0,-6.277950287E0
2.576029200E2,2.029500157E-1,8.599950790E0,1.914000034E0
2.576053635E2,4.180500209E-1,1.041495037E1,2.560050011E0
2.576078072E2,3.556950092E0,1.082205009E1,1.354050040E0
2.576102508E2,2.176050186E0,9.100950241E0,-2.023950100E0
2.576126945E2,3.805950165E0,1.028805065E1,-8.479500413E-1
2.576151380E2,4.864050388E0,8.332050323E0,-6.823950291E0
2.576175816E2,1.338000059E0,9.352050781E0,-5.047950268E0
2.576200251E2,1.105050087E0,9.748950005E0,1.129050016E0
2.576224687E2,5.568000317E0,9.022050858E0,-4.204950333E0
2.576249124E2,3.457050085E0,8.281949997E0,-4.528050423E0
2.576273558E2,2.389050007E0,1.045305061E1,5.200500488E-1
2.576297995E2,6.820950508E0,1.051605034E1,-3.265950203E0
2.576322431E2,3.873000145E0,1.044105053E1,-5.313000202E0
2.576346866E2,-2.110500038E-1,9.301950455E0,1.396950126E0
2.576371303E2,2.997000217E0,9.931050301E0,1.606950045E0
2.576395739E2,4.531949997E0,8.334000587E0,-4.735949993E0
2.576420174E2,2.194950104E0,8.348999977E0,-2.670000076E0
2.576444611E2,4.852050304E0,1.066200066E1,-1.120950103E0
2.576469047E2,6.507000446E0,9.979050636E0,-3.240000248E0
2.576493481E2,1.471950054E0,1.091505051E1,8.989500403E-1
2.576517918E2,2.131950140E0,1.179705048E1,2.386050224E0
2.576542354E2,5.653950214E0,9.963000298E0,-5.206050396E0
2.576566789E2,1.845000029E0,1.059000015E1,-7.585950375E0
2.576591226E2,1.555050015E0,1.247895050E1,-2.767950058E0
2.576615662E2,5.487000465E0,1.182105064E1,-4.975950241E0
2.576640099E2,2.523000002E0,1.152600098E1,-2.023950100E0
2.576664533E2,1.429500133E-1,1.160295010E1,3.352950096E0
2.576688970E2,4.426050186E0,1.076505089E1,1.501950026E0
2.576713405E2,6.792000294E0,1.000605011E1,-7.578000546E0
2.576737842E2,1.903050065E0,1.033605003E1,-4.882050037E0
2.576762278E2,3.082950115E0,1.174605083E1,-2.854050159E0
2.576786712E2,3.684000254E0,1.050405025E1,-3.199050188E0
2.576811149E2,8.370000124E-1,9.892950058E0,1.485000014E0
2.576835585E2,2.986950159E0,1.001805019E1,2.983950138E0
2.576860020E2,5.698050499E0,9.778050423E0,-8.700000644E-1
2.576884456E2,2.559000015E0,8.880000114E0,-2.529000044E0
2.576908893E2,2.676000118E0,1.060905075E1,-1.573950052E0
2.576933328E2,5.370000362E0,1.102095032E1,-4.843950272E0
2.576957764E2,9.709500670E-1,1.113795090E1,-2.275050163E0
2.576982201E2,-4.260000288E-1,1.133205032E1,1.432950020E0
2.577006636E2,1.480950117E0,1.129395008E1,3.655050278E0
2.577031072E2,3.385050058E0,9.769050598E0,-2.356050014E0
2.577055506E2,2.695050240E0,9.337950706E0,-3.609000206E0
2.577079943E2,6.568950176E0,1.097505093E1,-4.954050064E0
2.577104380E2,4.912050247E0,1.016400051E1,-6.859950542E0
2.577128816E2,1.069500074E-1,9.153000832E0,-4.152000427E0
2.577153251E2,2.119500041E-1,6.334950447E0,-1.747950077E0
2.577177687E2,4.500000000E0,5.875050068E0,-6.340950489E0
2.577202124E2,3.919050217E0,4.156050205E0,-9.891000748E0
2.577226559E2,2.659050226E0,4.792950153E0,-3.673050165E0
2.577250996E2,5.808000088E0,7.369950294E0,-3.384000063E0
2.577275432E2,3.504000187E0,4.795950413E0,-4.960500300E-1
2.577299866E2,-1.186950088E0,6.453000069E0,3.931950092E0
2.577324303E2,9.520500302E-1,6.534000397E0,5.428950310E0
2.577348740E2,7.216050148E0,1.750050068E0,-1.192950010E0
2.577373174E2,2.640000105E0,3.819000244E0,-3.148950100E0
2.577397610E2,3.387000084E0,5.293950081E0,-3.739500046E-1
2.577422047E2,7.012050152E0,2.193000078E0,-4.914000034E0
2.577446482E2,2.281050205E0,3.514950275E0,2.280000150E-1
2.577470918E2,2.713950157E0,7.012950420E0,5.982000351E0
2.577495355E2,7.651050568E0,7.305000305E0,-2.596050024E0
2.577519790E2,5.013000011E0,4.152000427E0,-6.421950340E0
2.577544226E2,3.178950071E0,8.761050224E0,-3.544050217E0
2.577568660E2,5.350050449E0,9.967050552E0,-8.773050308E0
2.577593097E2,1.390050054E0,7.213950157E0,-7.653000355E0
2.577617533E2,-2.370000184E-1,5.272050381E0,3.169500232E-1
2.577641970E2,3.808050156E0,6.583950520E0,-6.229500175E-1
2.577666405E2,5.037000179E0,5.806050301E0,-4.969050407E0
2.577690841E2,1.291950107E0,4.029000282E0,-6.229950428E0
2.577715276E2,1.464000106E0,5.509050369E0,-2.232000113E0
2.577739713E2,4.014000416E0,7.864950180E0,-5.682000160E0
2.577764149E2,8.869500160E-1,7.231050491E0,-1.641000032E0
2.577788586E2,-2.434950113E0,7.698000431E0,4.399050236E0
2.577813020E2,-7.879500389E-1,7.159050465E0,4.156949997E0
2.577837456E2,3.139950037E0,7.615950584E0,3.145050049E0
2.577861891E2,2.905950069E0,9.369000435E0,2.287050009E0
2.577886328E2,4.429050446E0,1.164105034E1,1.708050132E0
2.577910765E2,7.726050377E0,1.021395016E1,-7.309500575E-1
2.577935199E2,2.191950083E0,1.120305061E1,-3.829050064E0
2.577959636E2,7.054950237E0,1.387995052E1,-2.730000019E0
2.577984072E2,5.464950085E0,1.232100105E1,-9.421950340E0
2.578008509E2,4.041000366E0,1.129905033E1,-3.999000072E0
2.578032943E2,2.950950146E0,1.515600109E1,-1.902000070E0
2.578057380E2,4.801950455E0,1.485405064E1,-4.056000233E0
2.578081816E2,3.211950064E0,1.455195045E1,-2.509950161E0
2.578106251E2,1.519950032E0,1.359705067E1,-2.329500169E-1
2.578130687E2,2.686050177E0,1.249095058E1,-1.738950133E0
2.578155122E2,2.379000187E0,1.314000034E1,-7.465950489E0
2.578179559E2,1.326000094E0,1.178700066E1,-3.019950151E0
2.578203995E2,4.930950165E0,1.261800098E1,-4.060950279E0
2.578228429E2,5.275950432E0,1.246905041E1,-3.976950169E0
2.578252866E2,2.554050207E0,9.457050323E0,-4.720500112E-1
2.578277303E2,5.250000477E0,1.110195065E1,3.262050152E0
2.578301739E2,5.917950153E0,1.069305038E1,-3.574950218E0
2.578326173E2,3.016050100E0,7.458000183E0,-4.368000031E0
2.578350610E2,1.740000129E0,7.675950527E0,-8.310000300E-1
2.578375045E2,6.391950130E0,8.095050812E0,-5.112000465E0
2.578399482E2,4.524000168E0,8.266950607E0,-6.676050186E0
2.578423918E2,1.572000027E0,8.394000053E0,1.222050071E0
2.578448353E2,7.444950581E0,8.787000656E0,-1.126049995E0
2.578472789E2,5.959050179E0,6.421050072E0,-6.115050316E0
2.578497226E2,3.390000165E-1,9.019050598E0,-2.482950211E0
2.578521660E2,3.969000101E0,9.394950867E0,-1.789050102E0
2.578546096E2,6.202950478E0,7.264050484E0,-5.268000126E0
2.578570533E2,4.879500270E-1,7.879950523E0,-1.717050076E0
2.578594970E2,8.490000367E-1,8.859000206E0,3.202050209E0
2.578619405E2,7.146000385E0,8.026050568E0,-1.735950112E0
2.578643841E2,6.166950226E0,7.884000301E0,-6.232950211E0
2.578668275E2,1.210950017E0,9.805050850E0,-4.960500300E-1
2.578692712E2,2.044049978E0,9.855000496E0,-2.847000122E0
2.578717149E2,7.729500532E-1,8.659950256E0,-3.834000111E0
2.578741583E2,-1.068000078E0,6.598950386E0,5.920500159E-1
2.578766020E2,-4.639500082E-1,6.666000366E0,9.679500461E-1
2.578790456E2,4.078950405E0,5.550000191E0,-1.924950123E0
2.578814891E2,1.876050115E0,4.422000408E0,-3.118050098E0
2.578839327E2,4.648950100E0,6.691950321E0,-6.300000548E-1
2.578863764E2,6.282000065E0,6.771000385E0,-3.019950151E0
2.578888199E2,1.821000099E0,5.811000347E0,-9.460500479E-1
2.578912635E2,-1.731000066E0,7.645050526E0,3.772050142E0
2.578937072E2,2.590050220E0,5.064000130E0,1.927950144E0
2.578961506E2,5.677950382E0,5.017950058E0,-5.995950222E0
2.578985943E2,1.311000109E0,5.806050301E0,-2.754000187E0
2.579010379E2,2.262000084E0,7.590000153E0,5.400000215E-1
2.579034814E2,3.283950090E0,7.302000523E0,-8.910000324E-1
2.579059250E2,1.654050112E0,8.752950668E0,-4.000500143E-1
2.579083687E2,1.012050033E0,9.001950264E0,1.453950047E0
2.579108122E2,4.006950378E0,9.663000107E0,2.430000156E-1
2.579132558E2,2.389050007E0,1.009905052E1,-4.234050274E0
2.579156995E2,7.339500189E-1,1.153305054E1,6.280500293E-1
2.579181429E2,2.748000145E0,1.238295078E1,-3.108000040E0
2.579205865E2,1.369050026E0,1.011795044E1,-3.931950092E0
2.579230302E2,-3.709500134E-1,9.306000710E0,1.995000124E0
2.579254737E2,2.455950022E0,9.787950516E0,1.288950086E0
2.579279174E2,4.881000042E0,1.093005085E1,-6.127050400E0
2.579303610E2,2.647050142E0,1.042500019E1,-5.902050495E0
2.579328045E2,4.213050365E0,1.096605015E1,-3.894000292E0
2.579352481E2,5.566050053E0,9.532050133E0,-4.846950054E0
2.579376918E2,1.575000048E0,1.071900082E1,-2.794950247E0
2.579401352E2,1.744950056E0,9.268050194E0,7.810500264E-1
2.579425788E2,7.459950447E0,8.229000092E0,-6.244950294E0
2.579450225E2,5.767050266E0,7.432050228E0,-9.112950325E0
2.579474660E2,2.880000114E0,8.097000122E0,-5.164950371E0
2.579499096E2,7.299000263E0,8.452050209E0,-5.440050125E0
2.579523533E2,5.155950069E0,7.647000313E0,-7.969050407E0
2.579547967E2,-7.300500274E-1,9.012000084E0,8.130000234E-1
2.579572404E2,2.167950153E0,7.249950409E0,1.560000062E0
2.579596838E2,9.628950119E0,5.028000355E0,-8.031000137E0
2.579621275E2,3.507000208E0,5.722050190E0,-9.469950676E0
2.579645711E2,1.132050037E0,7.065000534E0,-1.426950097E0
2.579670148E2,7.749000549E0,5.119050026E0,-2.851950169E0
2.579694583E2,3.643050194E0,6.292050362E0,-5.091000080E0
2.579719019E2,-5.940000415E-1,6.862050533E0,-2.730000019E-1
2.579743456E2,8.353050232E0,6.037950516E0,-2.059500068E-1
2.579767891E2,8.451000214E0,3.271050215E0,-8.091000557E0
2.579792327E2,-9.100500345E-1,7.480050564E0,-2.944950104E0
2.579816761E2,1.419000030E0,6.964950562E0,1.657950044E0
2.579841198E2,4.237050056E0,6.643950462E0,-1.360050082E0
2.579865635E2,9.139500260E-1,8.171999931E0,2.116950035E0
2.579890071E2,-4.690500200E-1,7.579950333E0,4.770000279E-1
2.579914506E2,6.579000473E0,8.743950844E0,7.000500560E-1
2.579938942E2,5.479950428E0,8.883000374E0,-6.865050316E0
2.579963379E2,1.809000134E0,1.014000034E1,-8.050500154E-1
2.579987814E2,1.948050141E0,1.186605072E1,-1.456050038E0
2.580012250E2,2.881950140E0,1.138005066E1,-2.746950150E0
2.580036687E2,1.222950101E0,1.042695045E1,2.689500153E-1
2.580061121E2,3.250500262E-1,9.321000099E0,9.469500184E-1
2.580085558E2,3.649950266E0,1.081005096E1,9.490500689E-1
2.580109992E2,4.210950375E0,1.000995064E1,-5.878050327E0
2.580134429E2,6.853950500E0,9.622950554E0,-4.630950451E0
2.580158865E2,7.435950279E0,1.074795055E1,-9.058050156E0
2.580183300E2,2.094000101E0,1.121700096E1,-5.694000244E0
2.580207737E2,6.120000482E-1,9.298950195E0,2.455050230E0
2.580232173E2,2.167950153E0,1.110000038E1,3.136950254E0
2.580256610E2,2.647050142E0,1.054005051E1,-3.520500064E-1
2.580281044E2,6.619500518E-1,6.436050415E0,-7.090500593E-1
2.580305481E2,3.052050114E0,7.627950191E0,-8.895000070E-2
2.580329918E2,3.837000132E0,9.163050652E0,-3.490950108E0
2.580354353E2,9.619500637E-1,8.260050774E0,-2.337000132E0
2.580378789E2,1.539000034E0,9.268050194E0,1.660050035E0
2.580403223E2,6.562050343E0,9.498000145E0,-2.028000116E0
2.580427660E2,4.297049999E0,8.245950699E0,-2.359050035E0
2.580452096E2,3.243000269E0,1.134405041E1,2.710500062E-1
2.580476531E2,7.357050419E0,1.336005020E1,3.100500107E-1
2.580500968E2,3.964050293E0,1.183005047E1,-4.897050381E0
2.580525404E2,5.329500437E-1,1.202205086E1,1.159500033E-1
2.580549839E2,2.379000187E0,1.075005054E1,3.600000143E0
2.580574276E2,3.849000216E0,1.134900093E1,-5.902050495E0
2.580598712E2,2.628000021E0,1.222800064E1,-6.906000137E0
2.580623146E2,3.129000187E0,1.296000099E1,-6.088950157E0
2.580647583E2,6.399000168E0,1.273995018E1,-3.355050087E0
2.580672020E2,3.054000139E0,1.343205070E1,-1.798950076E0
2.580696454E2,2.827050209E0,1.263705063E1,3.030000031E-1
2.580720891E2,8.245050430E0,1.109295082E1,-5.182050228E0
2.580745327E2,8.512949944E0,1.069800091E1,-1.102395058E1
2.580769762E2,3.433050156E0,1.004205036E1,-8.389950752E0
2.580794198E2,4.462050438E0,1.062600040E1,-4.987950325E0
2.580818635E2,4.519950390E0,9.031050682E0,-5.364000320E0
2.580843069E2,1.084050059E0,8.539950371E0,-1.381950021E0
2.580867506E2,2.223000050E0,6.613050461E0,1.891950130E0
2.580891942E2,7.783050537E0,5.920950413E0,-3.858000278E0
2.580916377E2,5.767050266E0,4.867050171E0,-6.931950092E0
2.580940813E2,-7.780500650E-1,6.792000294E0,-8.290500641E-1
2.580965250E2,1.692000031E0,6.412050247E0,1.969050050E0
2.580989685E2,4.000050068E0,4.864950180E0,-2.263050079E0
2.581014122E2,2.629500031E-1,5.215050220E0,-2.110500038E-1
2.581038558E2,5.419950485E0,6.772950172E0,4.135950089E0
2.581062992E2,8.655000687E0,3.952950239E0,-6.637050152E0
2.581087428E2,6.169500351E-1,6.364050388E0,-5.236950397E0
2.581111865E2,-1.732950091E0,7.111050129E0,4.762950420E0
2.581136300E2,3.139950037E0,6.364050388E0,-8.700000495E-2
2.581160736E2,2.149049997E0,7.092000484E0,-3.247050047E0
2.581185173E2,-7.800000310E-1,7.597050190E0,8.170500398E-1
2.581209608E2,1.084050059E0,5.638050079E0,1.879950047E0
2.581234045E2,4.749000072E0,7.654050350E0,-5.752050400E0
2.581258481E2,2.635050058E0,6.610950470E0,-5.719950199E0
2.581282915E2,2.347950220E0,8.224050522E0,-3.538950205E0
2.581307352E2,4.801950455E0,8.203050613E0,-5.725050449E0
2.581331788E2,1.090950012E0,9.067049980E0,-2.127000093E0
2.581356223E2,5.860500336E-1,8.239050865E0,1.003950000E0
2.581380659E2,5.389050484E0,8.100000381E0,-2.572050095E0
2.581405096E2,5.523000240E0,5.470950127E0,-9.537000656E0
2.581429531E2,1.998000145E0,6.187050343E0,-5.272950172E0
2.581453967E2,5.772000313E0,6.577050209E0,-3.823950291E0
2.581478404E2,5.671050072E0,5.100000381E0,-5.938050270E0
2.581502839E2,-5.190000534E-1,5.811000347E0,-7.669500113E-1
2.581527275E2,8.659500480E-1,4.317000389E0,3.895950079E0
2.581551709E2,9.406050682E0,3.598950148E0,-5.485950470E0
2.581576146E2,5.355000019E0,4.045950413E0,-9.004950523E0
2.581600582E2,-2.566050053E0,6.928950310E0,3.360000253E-1
2.581625019E2,3.421050072E0,6.220050335E0,2.400000095E0
2.581649454E2,5.238000393E0,4.657050133E0,-3.349950075E0
2.581673890E2,5.359500051E-1,6.340050220E0,1.768050075E0
2.581698327E2,6.243000507E0,6.133950233E0,2.683050156E0
2.581722762E2,9.568950653E0,6.177000523E0,-7.564050198E0
2.581747198E2,2.464950085E0,8.844000816E0,-2.347050190E0
2.581771633E2,-9.480000734E-1,1.119300079E1,5.950950146E0
2.581796070E2,4.969500303E-1,1.050600052E1,-1.317000031E0
2.581820506E2,2.494050026E0,1.248405075E1,-1.128000021E0
2.581844940E2,2.451000214E0,1.192305088E1,1.081050038E0
2.581869377E2,4.711050034E0,1.379295063E1,1.126049995E0
2.581893814E2,4.504950047E0,1.351995087E1,-6.922050476E0
2.581918250E2,2.074949980E0,1.359195042E1,-6.775950432E0
2.581942685E2,2.110949993E0,1.368105030E1,-5.017050266E0
2.581967121E2,2.841000080E0,1.495905113E1,-5.449950218E0
2.581991558E2,1.456950068E0,1.513695049E1,-1.396050096E0
2.582015993E2,2.599500120E-1,1.234200096E1,-1.168950081E0
2.582040429E2,1.776000142E0,1.315395069E1,2.746950150E0
2.582064864E2,3.579000235E0,1.243305016E1,-5.104950428E0
2.582089300E2,2.218950033E0,9.907050133E0,-3.396000147E0
2.582113737E2,6.223950386E0,1.046505070E1,-5.035950184E0
2.582138173E2,8.530050278E0,1.049895096E1,-8.361000061E0
2.582162608E2,3.684000254E0,9.256050110E0,-7.240950108E0
2.582187044E2,1.978950143E0,7.639950275E0,-1.939950109E0
2.582211479E2,8.097000122E0,6.366000175E0,-5.347050190E0
2.582235916E2,7.102950573E0,5.442000389E0,-9.388050079E0
2.582260352E2,8.640000224E-1,6.631950378E0,-3.190500140E-1
2.582284789E2,3.394050121E0,7.726050377E0,5.758950233E0
2.582309223E2,4.960050106E0,7.051050186E0,3.190050125E0
2.582333659E2,2.269050121E0,7.261950493E0,2.860050201E0
2.582358094E2,2.791050196E0,8.761050224E0,3.994950294E0
2.582382531E2,6.351000309E0,6.124050140E0,-7.995000362E0
2.582406967E2,2.013000011E0,7.267050266E0,-7.813050270E0
2.582431402E2,-5.170500278E-1,7.279050350E0,1.579050064E0
2.582455839E2,2.484000206E0,8.217000008E0,1.279050112E0
2.582480275E2,2.853000164E0,6.478950500E0,-1.012950063E0
2.582504709E2,2.029500157E-1,6.352050304E0,2.860500216E-1
2.582529146E2,-1.770000011E-1,6.244050503E0,9.195000678E-2
2.582553582E2,7.278000355E0,8.289000511E0,4.180500209E-1
2.582578019E2,4.078950405E0,7.732950211E0,-6.625050545E0
2.582602454E2,4.969500303E-1,8.521050453E0,-6.370500326E-1
2.582626890E2,1.855050087E0,9.442950249E0,-3.952950239E0
2.582651325E2,1.275000095E0,7.920000553E0,-2.373000145E0
2.582675762E2,-5.070000291E-1,6.354000092E0,1.429950118E0
2.582700198E2,2.937000036E0,5.701050282E0,-1.705050111E0
2.582724633E2,7.093050480E0,5.112000465E0,-7.890000343E0
2.582749069E2,2.812050104E0,3.235050201E0,-8.383049965E0
2.582773506E2,2.326050043E0,4.591950417E0,-2.791950226E0
2.582797942E2,5.875050068E0,5.566950321E0,-2.814000130E0
2.582822377E2,3.202950239E0,5.095050335E0,-4.219500124E-1
2.582846813E2,-9.019500613E-1,7.534950256E0,5.055000305E0
2.582871248E2,3.837000132E0,7.398000240E0,4.906949997E0
2.582895685E2,7.125000477E0,7.911000252E0,-1.959000111E0
2.582920121E2,2.353049994E0,8.128950119E0,1.950000077E-1
2.582944556E2,-4.879500270E-1,1.020705032E1,1.303050041E0
2.582968992E2,6.790500283E-1,1.112100029E1,-3.880500197E-1
2.582993429E2,1.969950080E0,1.150695038E1,5.920500159E-1
2.583017863E2,7.890000343E-1,1.231605053E1,-5.610000491E-1
2.583042299E2,1.053000093E0,1.130595016E1,4.920000136E-1
2.583066736E2,2.680950165E0,1.194000053E1,9.000000358E-2
2.583091171E2,2.527950048E0,1.128195095E1,-1.605000019E0
2.583115607E2,2.245050192E0,1.114500046E1,-9.220500588E-1
2.583140044E2,4.836000443E0,1.082205009E1,-9.070050240E0
2.583164478E2,8.280000687E-1,1.143495083E1,-9.858000755E0
2.583188915E2,1.330500096E-1,7.189950466E0,-3.250050068E0
2.583213351E2,3.337050200E0,7.717050552E0,-6.376050472E0
2.583237786E2,7.009950161E0,8.381999969E0,-8.983950615E0
2.583262223E2,2.002950191E0,6.256050110E0,-5.164950371E0
2.583286659E2,9.259500504E-1,7.903050423E0,1.947000146E0
2.583311094E2,3.970500231E-1,9.625050545E0,3.291000128E0
2.583335530E2,6.000000238E-1,6.823950291E0,1.690950036E0
2.583359967E2,1.135950089E0,8.121000290E0,4.215000153E0
2.583384401E2,7.270950317E0,7.852950573E0,5.167950153E0
2.583408838E2,8.482049942E0,5.266950130E0,-5.650950432E0
2.583433275E2,5.155950069E0,8.518950462E0,-2.562000036E0
2.583457709E2,7.012050152E0,9.358950615E0,-6.357000351E0
2.583482146E2,4.936050415E0,1.016400051E1,-1.086795044E1
2.583506582E2,-3.370500207E-1,1.088400078E1,-3.352050066E0
2.583531017E2,2.410050154E0,1.074300098E1,-1.111050010E0
2.583555454E2,8.997000694E0,1.060395050E1,-6.424050331E0
2.583579890E2,6.792000294E0,1.067595005E1,-8.689050674E0
2.583604325E2,1.278000116E0,1.184400082E1,-2.493000031E0
2.583628761E2,1.393050075E0,1.249605083E1,1.086000085E0
2.583653198E2,2.235000134E0,1.233000088E1,-4.050000310E-1
2.583677632E2,1.102950096E0,1.212000084E1,3.150000274E-1
2.583702068E2,7.095000148E-2,1.105395031E1,-1.350000054E-1
2.583726505E2,4.684950352E0,1.170105076E1,1.567050099E0
2.583750940E2,3.901950121E0,1.099200058E1,-4.213950157E0
2.583775376E2,8.440500498E-1,1.010100079E1,-7.120500207E-1
2.583799813E2,1.468950033E0,1.224195099E1,-3.900000080E-2
2.583824247E2,2.428950071E0,1.304400063E1,-2.140500098E-1
2.583848684E2,6.310500503E-1,1.084095097E1,-9.199500680E-1
2.583873118E2,-4.740000367E-1,9.799950600E0,8.130000234E-1
2.583897555E2,3.319950104E0,1.177305031E1,2.601000071E0
2.583921991E2,5.178000450E0,1.070505047E1,-6.132000446E0
2.583946428E2,2.458050013E0,7.786050320E0,-2.218050003E0
2.583970863E2,5.737950325E0,9.565050125E0,-2.596050024E0
2.583995299E2,4.752000332E0,1.190700054E1,-3.333000183E0
2.584019736E2,1.002000093E0,9.843000412E0,-1.510500014E-1
2.584044170E2,2.698050022E0,8.188050270E0,8.869500160E-1
2.584068607E2,7.795050144E0,1.027905083E1,-5.064000130E0
2.584093041E2,4.753950119E0,8.524050713E0,-8.518950462E0
2.584117478E2,1.522050023E0,7.105950356E0,-1.495050073E0
2.584141915E2,5.038950443E0,8.381999969E0,-1.128000021E0
2.584166351E2,3.516000271E0,1.074300098E1,-1.786950111E0
2.584190786E2,1.021950006E0,6.328050137E0,1.696050048E0
2.584215222E2,5.950500369E-1,4.834050179E0,2.683050156E0
2.584239659E2,5.140050411E0,8.204999924E0,-3.265950203E0
2.584264093E2,3.064050198E0,5.071050167E0,-7.795950413E0
2.584288529E2,-2.269500047E-1,6.850050449E0,-2.577000141E0
2.584312966E2,2.584950209E0,6.441000462E0,-1.429950118E0
2.584337401E2,4.702050209E0,6.406950474E0,-1.945050120E0
2.584361837E2,-1.360500008E-1,6.675000191E0,1.429950118E0
2.584386272E2,3.958950281E0,6.001950264E0,5.131950378E0
2.584410709E2,8.926950455E0,5.502000332E0,-5.296950340E0
2.584435145E2,3.901950121E0,5.710050106E0,-7.333950520E0
2.584459582E2,8.295000345E-2,7.312050343E0,-1.408050060E0
2.584484017E2,3.085050106E0,8.242950439E0,-1.849500090E-1
2.584508453E2,2.962950230E0,6.442950249E0,-1.972950101E0
2.584532890E2,-4.690500200E-1,7.687950134E0,2.155950069E0
2.584557324E2,2.274000168E0,7.750050545E0,1.933050036E0
2.584581760E2,1.092900085E1,8.488050461E0,-9.156000137E0
2.584606195E2,4.570050240E0,7.494000435E0,-1.008000088E1
2.584630632E2,-1.990500093E-1,9.096000671E0,-2.598000050E0
2.584655068E2,2.098950148E0,9.832950592E0,-1.126049995E0
2.584679505E2,2.203950167E0,9.655950546E0,2.400000095E-1
2.584703939E2,-4.159500301E-1,1.027395058E1,1.420950055E0
2.584728376E2,2.686050177E0,8.995050430E0,8.149500489E-1
2.584752810E2,9.808950424E0,8.707950592E0,-7.344000340E0
2.584777247E2,3.733950138E0,8.348999977E0,-9.642000198E0
2.584801683E2,-1.319999993E-1,9.627000809E0,-9.700500369E-1
2.584826120E2,1.728000045E0,1.125300026E1,9.730500579E-1
2.584850555E2,2.367000103E0,1.139895058E1,1.099950075E0
2.584874991E2,3.199500144E-1,1.037700081E1,-2.850000262E-1
2.584899426E2,-7.680000067E-1,8.457000732E0,-2.809500098E-1
2.584923863E2,2.257050037E0,1.075005054E1,2.974950075E0
2.584948299E2,4.156050205E0,1.246695042E1,1.074000001E0
2.584972734E2,3.105000257E0,8.719950676E0,-1.674000025E0
2.584997170E2,4.732950211E0,1.058295059E1,-4.579500258E-1
2.585021607E2,5.365050316E0,1.240905094E1,-3.192000151E0
2.585046042E2,1.594050050E0,1.069005013E1,-1.735950112E0
2.585070478E2,2.743050098E0,9.445050240E0,-5.820000172E-1
2.585094915E2,8.532000542E0,1.000305080E1,-9.724050522E0
2.585119352E2,4.975050449E0,9.940950394E0,-1.126800060E1
2.585143785E2,1.455000043E0,9.061950684E0,-5.419050217E0
2.585168222E2,4.041000366E0,9.060000420E0,-1.720050097E0
2.585192657E2,3.519000053E0,1.109700012E1,7.290000319E-1
2.585217094E2,1.378050089E0,7.116000175E0,1.618950129E0
2.585241530E2,-1.333050013E0,6.274950504E0,3.055950165E0
2.585265965E2,5.331000328E0,7.542000294E0,1.612050056E0
2.585290402E2,5.379000187E0,6.610950470E0,-9.321000099E0
2.585314838E2,1.390050054E0,7.012950420E0,-6.232950211E0
2.585339275E2,2.508000135E0,9.529050827E0,-3.403050184E0
2.585363709E2,2.212050200E0,8.260050774E0,-5.320500135E-1
2.585388146E2,-7.129500508E-1,9.247050285E0,4.054049969E0
2.585412582E2,2.770500183E-1,7.326000214E0,2.272950172E0
2.585437017E2,9.402000427E0,8.830050468E0,6.310500503E-1
2.585461453E2,7.510050297E0,7.012950420E0,-1.039905071E1
2.585485888E2,3.457050085E0,8.026050568E0,-4.648050308E0
2.585510325E2,2.736000061E0,1.088205051E1,-3.135000229E0
2.585534761E2,2.563050032E0,1.151205063E1,-7.740000486E-1
2.585559196E2,4.129500091E-1,1.081305027E1,2.146050215E0
2.585583633E2,-6.030000448E-1,1.007700062E1,-5.269500017E-1
2.585608069E2,8.995050430E0,1.039605045E1,-5.970000029E-1
2.585632503E2,6.354000092E0,9.934050560E0,-1.038900089E1
2.585656940E2,1.411950111E0,8.860950470E0,-5.103000164E0
2.585681376E2,7.800000310E-1,8.263050079E0,-7.789500356E-1
2.585705811E2,2.476950169E0,1.066200066E1,2.164950132E0
2.585730248E2,1.563000083E0,1.047300053E1,1.951950073E0
2.585754684E2,-1.030500084E-1,7.531950474E0,1.995000057E-2
2.585779119E2,2.097000122E0,7.903050423E0,3.958950281E0
2.585803556E2,4.623000145E0,7.741050243E0,-3.087000132E0
2.585827992E2,8.749500513E-1,6.736950397E0,-4.485000134E0
2.585852427E2,1.618050098E0,7.942050457E0,-1.999950051E0
2.585876863E2,3.112050056E0,9.594000816E0,-2.206050158E0
2.585901300E2,3.150000274E-1,7.051050186E0,8.749500513E-1
2.585925734E2,-8.710500598E-1,5.382000446E0,2.224950075E0
2.585950170E2,2.223000050E0,6.876000404E0,2.284950018E0
2.585974607E2,9.667050362E0,8.530950546E0,-5.995950222E0
2.585999044E2,3.399000168E0,5.622000217E0,-8.208000183E0
2.586023479E2,2.070000172E0,7.840950489E0,-1.231050014E0
2.586047915E2,3.514050245E0,9.369000435E0,6.259500384E-1
2.586072350E2,1.060050011E0,9.199050903E0,8.719500303E-1
2.586096786E2,-5.359500051E-1,7.609050274E0,1.759500057E-1
2.586121223E2,2.580000162E-1,7.615950584E0,1.729950070E0
2.586145657E2,8.329050064E0,9.253950119E0,-3.123000145E0
2.586170094E2,3.540000200E0,6.946050167E0,-8.008950233E0
2.586194530E2,2.524950027E0,8.785050392E0,-2.809050083E0
2.586218965E2,3.238950253E0,1.104705048E1,-1.144950032E0
2.586243401E2,1.231950045E0,1.050600052E1,1.021050096E0
2.586267838E2,-5.119500160E-1,9.129000664E0,9.130500555E-1
2.586292275E2,5.879999995E-1,8.974050522E0,2.272950172E0
2.586316709E2,9.811050415E0,1.049595070E1,-5.371050358E0
2.586341146E2,5.068050385E0,9.289950371E0,-1.170105076E1
2.586365580E2,1.006950021E0,9.309000015E0,-5.883000374E0
2.586390016E2,1.555050015E0,1.062105083E1,-3.570000231E-1
2.586414453E2,2.140050173E0,1.136295033E1,2.074050188E0
2.586438888E2,1.549500078E-1,9.309000015E0,2.034000158E0
2.586463325E2,1.656000137E0,7.726050377E0,2.440950155E0
2.586487761E2,9.112050056E0,9.510000229E0,-4.236000061E0
2.586512196E2,5.077050209E0,9.226950645E0,-9.300000191E0
2.586536632E2,6.550500393E-1,9.309000015E0,-3.546000242E0
2.586561069E2,1.110000014E0,1.085100079E1,1.437000036E0
2.586585503E2,1.552950025E0,1.269195080E1,1.228950024E0
2.586609939E2,3.010500073E-1,9.466950417E0,-6.880500317E-1
2.586634376E2,-1.003050089E0,8.836950302E0,3.000000119E-1
2.586658811E2,7.369500399E-1,1.095105076E1,1.618950129E0
2.586683248E2,3.969000101E0,1.309395027E1,2.887950182E0
2.586707684E2,3.853950262E0,8.875950813E0,-8.820000291E-1
2.586732119E2,2.926950216E0,9.007050514E0,-2.158050060E0
2.586756555E2,3.475950241E0,1.301295090E1,1.267050028E0
2.586780992E2,2.326050043E0,1.163895035E1,-9.405000508E-2
2.586805426E2,4.560000300E-1,9.553050041E0,-6.420000196E-1
2.586829862E2,5.215950012E0,7.789050579E0,-2.880000174E-1
2.586854299E2,7.582050323E0,9.345000267E0,-1.240005016E1
2.586878734E2,2.370000124E0,8.137949944E0,-1.108605099E1
2.586903170E2,7.030500174E-1,6.013950348E0,-2.110050201E0
2.586927607E2,2.721000195E0,1.020900059E1,9.040500522E-1
2.586952042E2,1.833000064E0,1.077900028E1,3.202050209E0
2.586976478E2,4.729500115E-1,4.579950333E0,1.845000029E0
2.587000912E2,-1.537050128E0,6.358950138E0,-1.900500059E-1
2.587025349E2,2.085000038E0,8.392050743E0,4.248000145E0
2.587049786E2,5.731050491E0,4.438950062E0,-5.292000294E0
2.587074222E2,2.290950060E0,5.229000092E0,-3.970050097E0
2.587098657E2,4.459950447E0,6.775950432E0,-4.831950188E0
2.587123093E2,4.723050117E0,8.097000122E0,-5.566950321E0
2.587147530E2,1.000500023E-1,6.823950291E0,-2.682000160E0
2.587171965E2,3.660000265E-1,5.293950081E0,2.970000029E0
2.587196401E2,6.808950424E0,5.581050396E0,-1.450950027E0
2.587220838E2,6.829950333E0,4.935000420E0,-6.973050117E0
2.587245272E2,3.100500107E-1,6.097950459E0,-2.188950062E0
2.587269709E2,4.200000316E-2,8.370000839E0,4.258049965E0
2.587294143E2,2.053050041E0,8.761050224E0,6.880500317E-1
2.587318580E2,1.845000029E0,9.618000031E0,9.439500570E-1
2.587343017E2,-4.830000103E-1,8.895000458E0,-4.840500355E-1
2.587367453E2,-3.180000186E-1,9.751950264E0,-4.669500291E-1
2.587391888E2,1.504950047E0,1.235700035E1,1.243950009E0
2.587416324E2,2.959050179E0,1.146600056E1,1.920000017E-1
2.587440761E2,2.089050055E0,8.847000122E0,-8.119500279E-1
2.587465195E2,1.966950059E0,1.150200081E1,-1.735950112E0
2.587489632E2,3.535950184E0,1.370700073E1,-2.400000021E-2
2.587514069E2,2.764950037E0,1.104705048E1,-1.680000126E-1
2.587538503E2,3.861000299E0,1.076505089E1,-2.074050188E0
2.587562939E2,6.178950310E0,1.175805092E1,-6.951000214E0
2.587587374E2,3.519000053E0,1.181295013E1,-8.136000633E0
2.587611811E2,4.780500233E-1,1.114500046E1,-3.766950130E0
2.587636247E2,1.843050122E0,1.156005096E1,1.794000030E0
2.587660684E2,2.464950085E0,1.387005043E1,2.161050081E0
2.587685119E2,8.350500464E-1,9.310950279E0,-9.199500680E-1
2.587709555E2,2.890500128E-1,8.557050705E0,8.869500160E-1
2.587733992E2,3.733950138E0,1.410705090E1,4.681950092E0
2.587758426E2,8.197050095E0,1.222500038E1,-3.520050049E0
2.587782862E2,3.205050230E0,8.320050240E0,-6.070050240E0
2.587807299E2,2.899050236E0,1.067400074E1,-4.981050014E0
2.587831734E2,3.040050030E0,1.213905048E1,-4.437000275E0
2.587856170E2,1.399950027E0,9.301950455E0,-2.656050205E0
2.587880605E2,1.072050095E0,6.081000328E0,-1.228950024E0
2.587905042E2,3.270000219E0,5.785050392E0,-7.069500089E-1
2.587929478E2,5.857950211E0,6.469050407E0,-6.159000397E0
2.587953912E2,1.539000034E0,4.582950115E0,-5.203050137E0
2.587978350E2,7.530000210E-1,4.465050220E0,1.981050134E0
2.588002786E2,-7.609500289E-1,1.064295006E1,2.995950222E0
2.588027223E2,4.249500334E-1,6.670050144E0,1.168950081E0
2.588051657E2,1.096050024E0,6.157950401E0,1.351050019E0
2.588076093E2,4.849500358E-1,7.159050465E0,1.617000103E0
2.588100530E2,7.347000122E0,8.554950714E0,2.935950041E0
2.588124965E2,6.804000378E0,6.127050400E0,-8.098050117E0
2.588149401E2,1.359000087E0,6.730050087E0,-4.489950180E0
2.588173836E2,1.318050027E0,7.386000156E0,-4.549950123E0
2.588198273E2,5.290950298E0,9.121950150E0,-4.207050323E0
2.588222709E2,2.773950100E0,8.703000069E0,-3.601050138E0
2.588247144E2,-3.090000153E-1,9.037950516E0,2.557950020E0
2.588271581E2,2.712000132E0,9.309000015E0,1.294050097E0
2.588296017E2,5.389050484E0,1.021200085E1,-4.399050236E0
2.588320454E2,2.881950140E0,9.514950752E0,-5.059950352E0
2.588344888E2,9.760500193E-1,8.943000793E0,7.500000596E-1
2.588369324E2,1.135950089E0,1.147800064E1,-3.139500022E-1
2.588393761E2,2.487000227E0,1.241895103E1,1.759500057E-1
2.588418196E2,1.204050064E0,8.665050507E0,-7.830000520E-1
2.588442632E2,1.114950061E0,8.683950424E0,7.669500113E-1
2.588467067E2,8.563950539E0,1.067805004E1,-2.469000101E0
2.588491504E2,6.853950500E0,1.042200089E1,-1.121505070E1
2.588515940E2,2.379000187E0,9.706050873E0,-6.087000370E0
2.588540374E2,2.338050127E0,1.025205040E1,-5.869500041E-1
2.588564811E2,2.757000208E0,1.107795048E1,6.640500426E-1
2.588589247E2,1.120050073E0,9.975000381E0,1.039950013E0
2.588613682E2,1.338000059E0,7.314000130E0,1.642950058E0
2.588638118E2,5.097000122E0,8.101950645E0,-1.198050022E0
2.588662555E2,6.765000343E0,9.273000717E0,-6.862950325E0
2.588686992E2,1.479000092E0,8.171999931E0,-4.594950199E0
2.588711427E2,1.395000100E0,7.789050579E0,2.182049990E0
2.588735863E2,1.065000057E0,1.174095058E1,1.507050037E0
2.588760297E2,5.550000072E-1,8.398950577E0,3.960000277E-1
2.588784734E2,-7.879500389E-1,7.606950283E0,-1.171050072E0
2.588809170E2,-5.479500294E-1,7.702050209E0,7.980000377E-1
2.588833605E2,1.090950012E0,1.188300037E1,1.792050123E0
2.588858042E2,3.418050051E0,1.215300083E1,2.128950119E0
2.588882478E2,2.335950136E0,5.907000065E0,-1.147050023E0
2.588906915E2,3.523950100E0,9.450000763E0,-1.183050036E0
2.588931350E2,3.957000256E0,1.270200062E1,2.605950117E0
2.588955786E2,2.833950043E0,9.643950462E0,4.870500267E-1
2.588980223E2,1.120050073E0,7.855950356E0,4.270500243E-1
2.589004658E2,4.921950340E0,9.192000389E0,2.488950014E0
2.589029094E2,1.014600086E1,9.679950714E0,-1.370295048E1
2.589053528E2,2.556000233E0,8.020950317E0,-1.466100025E1
2.589077965E2,7.390500307E-1,6.721050262E0,-7.320000172E0
2.589102402E2,2.371950150E0,9.985950470E0,-9.630000591E-1
2.589126836E2,3.081000090E0,1.106895065E1,1.002000093E0
2.589151273E2,7.870500088E-1,6.450000286E0,2.125050068E0
2.589175709E2,1.062000036E0,6.541050434E0,3.801000118E0
2.589200144E2,8.254950523E0,9.120000839E0,-2.814000130E0
2.589224580E2,5.299950123E0,6.862050533E0,-1.085895061E1
2.589249017E2,9.690000415E-1,8.727000237E0,-6.930000305E0
2.589273452E2,1.845000029E0,8.512050629E0,-1.174050093E0
2.589297888E2,6.270000458E0,1.029795074E1,1.311000109E0
2.589322325E2,2.815050125E0,8.734050751E0,-7.090500593E-1
2.589346759E2,3.870000243E-1,9.469050407E0,3.961050272E0
2.589371196E2,5.713950157E0,8.434950829E0,-3.264000177E0
2.589395632E2,6.574050426E0,9.763950348E0,-8.995950699E0
2.589420067E2,1.474050045E0,1.089600086E1,-6.562950134E0
2.589444504E2,-1.080000028E-1,8.806050301E0,2.020500153E-1
2.589468940E2,-1.549500078E-1,1.189500046E1,5.059500337E-1
2.589493374E2,1.656000137E0,1.331895065E1,1.272000074E0
2.589517811E2,1.491000056E0,8.107049942E0,-9.970500469E-1
2.589542248E2,7.939500213E-1,8.839950562E0,-9.649500251E-1
2.589566685E2,2.608950138E0,1.170300102E1,2.874000072E0
2.589591119E2,3.973950148E0,1.243800068E1,9.229500294E-1
2.589615555E2,3.556950092E0,7.780950546E0,-6.660000086E-1
2.589639990E2,2.130000114E0,8.923050880E0,-1.461000085E0
2.589664427E2,4.599000454E0,1.324995041E1,8.890500665E-1
2.589688863E2,2.176050186E0,1.094895077E1,-3.891000271E0
2.589713298E2,3.970500231E-1,8.746050835E0,-1.900500059E-1
2.589737735E2,7.170000076E-1,8.398950577E0,-1.090050101E0
2.589762171E2,5.580000401E0,1.116705036E1,-4.734000206E0
2.589786605E2,3.691050291E0,9.958050728E0,-6.580050468E0
2.589811042E2,1.213050008E0,7.189950466E0,8.580000401E-1
2.589835478E2,2.116050005E0,9.874050140E0,1.429950118E0
2.589859913E2,2.761950016E0,1.251495075E1,2.464950085E0
2.589884349E2,1.510050058E0,7.599000454E0,8.560500145E-1
2.589908786E2,9.550500512E-1,6.124050140E0,5.879999995E-1
2.589933221E2,7.459950447E0,9.289950371E0,2.139000177E0
2.589957658E2,9.226950645E0,1.040805054E1,-1.221105099E1
2.589982094E2,2.640000105E0,7.771950245E0,-1.087305069E1
2.590006528E2,1.279500127E-1,7.507950306E0,-2.755950212E0
2.590030965E2,1.159950018E0,1.081305027E1,1.171950102E0
2.590055401E2,2.749500275E-1,1.052505016E1,2.872050047E0
2.590079836E2,3.540000021E-1,6.637050152E0,2.371050119E0
2.590104272E2,2.266950130E0,6.510000229E0,1.440000057E0
2.590128709E2,9.145050049E0,8.643000603E0,-6.715950489E0
2.590153144E2,3.775050163E0,7.257000446E0,-1.080405045E1
2.590177580E2,-4.039500058E-1,8.217000008E0,-4.486950397E0
2.590202017E2,-1.024950027E0,8.029950142E0,3.385950089E0
2.590226451E2,-9.105000645E-2,9.175050735E0,2.809050083E0
2.590250888E2,2.125050068E0,7.369950294E0,1.645950079E0
2.590275324E2,1.594050050E0,5.418000221E0,1.642950058E0
2.590299759E2,5.632950306E0,7.357950211E0,-1.843950033E0
2.590324196E2,8.230950356E0,8.253000259E0,-8.974050522E0
2.590348632E2,1.294050097E0,8.348999977E0,-7.156950474E0
2.590373067E2,-4.140000343E-1,7.546950340E0,1.320000052E0
2.590397503E2,-1.489050031E0,8.184000015E0,1.624050021E0
2.590421940E2,-1.053000093E0,1.091295052E1,-1.230000034E-1
2.590446374E2,1.282950044E0,8.536050797E0,5.230500102E-1
2.590470811E2,1.278000116E0,7.627950191E0,1.999500096E-1
2.590495248E2,2.020050049E0,1.058295059E1,1.485000014E0
2.590519682E2,6.190950394E0,1.108500099E1,2.850000143E0
2.590544118E2,5.106000423E0,7.947000504E0,-5.596050262E0
2.590568555E2,2.977950096E0,8.902050018E0,-2.779950142E0
2.590592990E2,3.436950207E0,1.214595032E1,-1.360050082E0
2.590617427E2,3.559050083E0,1.187295055E1,-4.348950386E0
2.590641863E2,7.680000067E-1,9.505050659E0,1.729500145E-1
2.590666297E2,8.400000334E-1,9.490950584E0,1.915950060E0
2.590690734E2,5.865000248E0,1.347000027E1,-2.610000134E0
2.590715170E2,6.076050282E0,1.330305099E1,-7.960950375E0
2.590739605E2,1.611000061E0,1.147800064E1,-4.903950214E0
2.590764041E2,5.879999995E-1,1.054905033E1,1.708050132E0
2.590788478E2,1.282950044E0,1.557495117E1,2.212949991E0
2.590812913E2,2.257050037E0,1.392495060E1,-2.970000207E-1
2.590837350E2,2.110949993E0,8.718000412E0,-1.675950050E0
2.590861786E2,3.859050274E0,9.151050568E0,-5.043000221E0
2.590886220E2,6.315000534E0,1.102800083E1,-8.032950401E0
2.590910657E2,4.290000439E0,1.009695053E1,-7.938000202E0
2.590935093E2,1.596000075E0,8.004000664E0,4.750500321E-1
2.590959528E2,1.599000096E0,8.767950058E0,1.200000048E0
2.590983964E2,2.155950069E0,1.349205017E1,3.175950050E0
2.591008401E2,1.113000035E0,6.852000237E0,2.491050005E0
2.591032836E2,5.710500479E-1,5.257950306E0,7.140000463E-1
2.591057272E2,1.225050092E0,9.322950363E0,2.094000101E0
2.591081709E2,7.527000427E0,8.491950035E0,8.389500380E-1
2.591106143E2,3.627000093E0,6.322950363E0,-8.305950165E0
2.591130580E2,2.410500050E-1,5.265000343E0,-2.353950024E0
2.591155016E2,-4.500000179E-2,9.462000847E0,-1.911000133E0
2.591179451E2,6.340500116E-1,7.960950375E0,-1.175999999E0
2.591203887E2,1.279500127E-1,6.517050266E0,6.499500275E-1
2.591228324E2,2.002950191E0,5.361000061E0,1.147950053E0
2.591252759E2,7.054950237E0,6.751950264E0,-2.215050220E0
2.591277196E2,9.220050812E0,1.001505089E1,-8.305950165E0
2.591301630E2,2.166000128E0,7.623000145E0,-5.112000465E0
2.591326066E2,3.870000243E-1,8.204999924E0,2.005050182E0
2.591350503E2,-1.089000106E0,1.230900097E1,3.862950087E0
2.591374940E2,-8.209500313E-1,8.265000343E0,-1.417950034E0
2.591399374E2,-3.520500064E-1,7.077000141E0,2.520000041E-1
2.591423810E2,1.675050020E0,5.779950142E0,3.310050249E0
2.591448247E2,7.873950481E0,9.534000397E0,-5.433000088E0
2.591472682E2,9.952050209E0,8.824950218E0,-1.396395111E1
2.591497119E2,1.869000077E0,7.615950584E0,-9.409950256E0
2.591521553E2,8.989500403E-1,1.010100079E1,7.890000343E-1
2.591545990E2,-2.659500241E-1,1.231605053E1,5.704050064E0
2.591570426E2,-3.640500307E-1,8.767950058E0,4.530000091E-1
2.591594863E2,7.579500079E-1,7.848000526E0,2.443050146E0
2.591619297E2,1.498050094E0,7.362000465E0,2.244000196E0
2.591643733E2,1.055295086E1,1.001295090E1,1.489500105E-1
2.591668170E2,7.189050198E0,7.956000328E0,-1.125795078E1
2.591692605E2,1.666050076E0,8.513999939E0,-5.764050484E0
2.591717041E2,6.769500375E-1,1.060200024E1,8.205000311E-2
2.591741478E2,6.030000448E-1,1.253595066E1,3.322050095E0
2.591765913E2,6.670500040E-1,1.026405048E1,-1.489500105E-1
2.591790349E2,6.000000238E-1,8.337000847E0,-2.209500074E-1
2.591814783E2,6.960000396E-1,1.004400063E1,6.930000186E-1
2.591839220E2,6.109050274E0,1.407405090E1,1.636050105E0
2.591863656E2,5.293050289E0,1.050795078E1,-7.711950302E0
2.591888093E2,1.632000089E0,8.512050629E0,-2.905050039E0
2.591912528E2,9.709500670E-1,1.119600010E1,1.543050051E0
2.591936964E2,8.920500278E-1,1.360200024E1,-3.430500031E-1
2.591961401E2,1.234950066E0,1.021605015E1,-5.680500269E-1
2.591985836E2,6.670500040E-1,7.137000561E0,9.850500226E-1
2.592010272E2,3.718050241E0,8.794050217E0,-9.079500437E-1
2.592034709E2,8.013000488E0,1.129905033E1,-9.106050491E0
2.592059143E2,4.042950153E0,7.425000191E0,-9.357000351E0
2.592083579E2,1.467000127E0,6.754050255E0,-3.570000231E-1
2.592108014E2,8.830500245E-1,1.089405060E1,1.521000028E0
2.592132451E2,-5.239500403E-1,1.210095024E1,4.411050320E0
2.592156888E2,-1.170000061E-1,5.253000259E0,1.045050025E0
2.592181322E2,-7.039500475E-1,6.189000130E0,8.410500288E-1
2.592205759E2,6.670050144E0,8.442000389E0,1.135950089E0
2.592230195E2,9.516000748E0,8.385000229E0,-1.066500092E1
2.592254632E2,3.271950245E0,6.454950333E0,-8.503050804E0
2.592279066E2,6.240000129E-1,8.944950104E0,-2.895000204E-2
2.592303502E2,5.590500236E-1,1.113795090E1,4.405950069E0
2.592327939E2,4.920000136E-1,1.113105011E1,6.880500317E-1
2.592352374E2,1.303950071E0,8.416049957E0,-1.995000057E-2
2.592376810E2,5.190000534E-1,8.943000793E0,1.312950015E0
2.592401247E2,6.234000206E0,1.191600037E1,1.483050108E0
2.592425682E2,9.076050758E0,1.110495090E1,-1.069095039E1
2.592450118E2,4.954950333E0,9.261000633E0,-1.021905041E1
2.592474553E2,6.150000095E-1,1.108500099E1,-4.222050190E0
2.592498989E2,1.029000044E0,1.312305069E1,2.191950083E0
2.592523426E2,2.020050049E0,1.383900070E1,7.005000114E-2
2.592547863E2,1.129050016E0,7.173000336E0,-8.580000401E-1
2.592572297E2,1.086000085E0,6.976950169E0,4.729500115E-1
2.592596733E2,7.558050156E0,1.062105083E1,-5.497950077E0
2.592621170E2,7.603050232E0,9.642000198E0,-9.822000504E0
2.592645605E2,2.263950109E0,8.731950760E0,-4.546950340E0
2.592670041E2,1.369050026E0,8.776950836E0,3.163950205E0
2.592694476E2,-1.302000046E0,1.225395012E1,3.256950140E0
2.592718913E2,-1.678050041E0,9.373950005E0,7.459500432E-1
2.592743349E2,-9.409500360E-1,5.665050507E0,2.704050064E0
2.592767784E2,-5.580000281E-1,6.598950386E0,2.760000229E-1
2.592792221E2,2.626050234E0,9.666000366E0,2.476950169E0
2.592816657E2,6.394050121E0,9.577050209E0,2.922000170E0
2.592841094E2,5.863050461E0,4.963050365E0,-4.425000191E0
2.592865528E2,3.712950230E0,7.209000111E0,-2.026050091E0
2.592889964E2,3.765000105E0,1.328295040E1,-3.055950165E0
2.592914401E2,2.152050018E0,1.177005100E1,-4.576050282E0
2.592938836E2,-2.580000162E-1,6.534000397E0,7.600500584E-1
2.592963272E2,3.270000219E-1,6.862050533E0,1.126049995E0
2.592987707E2,5.317050457E0,1.308900070E1,-2.151000023E0
2.593012143E2,5.644950390E0,8.911050797E0,-8.080950737E0
2.593036580E2,1.335000038E0,7.468050480E0,-5.040000439E0
2.593061017E2,7.410000563E-1,7.969950199E0,1.357950091E0
2.593085451E2,1.101000071E0,1.226595020E1,1.306050062E0
2.593109887E2,1.737000108E0,1.138695049E1,1.119000077E0
2.593134322E2,9.499500394E-1,5.164050102E0,1.564050078E0
2.593158759E2,1.692000031E0,7.543950558E0,1.906950116E0
2.593183195E2,7.696950436E0,1.112400055E1,-7.480050564E0
2.593207632E2,5.764950275E0,7.903050423E0,-1.263495064E1
2.593232067E2,1.804050088E0,7.369950294E0,-7.273950577E0
2.593256503E2,-7.470000386E-1,9.181950569E0,8.479500413E-1
2.593280937E2,-3.730500042E-1,1.147305012E1,5.737950325E0
2.593305374E2,1.969950080E0,7.678050518E0,1.786950111E0
2.593329810E2,3.100050211E0,5.739000320E0,2.053050041E0
2.593354245E2,5.749950409E0,7.911000252E0,-1.350000054E-1
2.593378682E2,9.193050385E0,9.627000809E0,-7.416000366E0
2.593403118E2,3.640950203E0,8.674050331E0,-9.253950119E0
2.593427553E2,5.809500217E-1,9.292050362E0,5.610000491E-1
2.593451989E2,-1.600500047E-1,9.354000092E0,1.246050000E0
2.593476426E2,-8.569500446E-1,1.386795044E1,-2.134050131E0
2.593500863E2,1.165050030E0,1.063995075E1,1.975950122E0
2.593525297E2,3.130500019E-1,9.232050896E0,-3.280500174E-1
2.593549733E2,1.620000005E-1,1.070700073E1,-5.389500260E-1
2.593574168E2,2.416950226E0,1.494000053E1,1.678950071E0
2.593598605E2,3.592950106E0,1.264905071E1,1.729950070E0
2.593623041E2,3.487950087E0,8.076000214E0,-1.116000056E0
2.593647476E2,2.282999992E0,1.117200089E1,-6.640500426E-1
2.593671913E2,1.645950079E0,1.423200035E1,-1.080000028E-1
2.593696349E2,2.155950069E0,1.040505028E1,2.026050091E0
2.593720786E2,9.450000525E-1,7.092000484E0,4.609500170E-1
2.593745220E2,4.821000099E0,9.175050735E0,-1.429950118E0
2.593769656E2,9.124050140E0,1.204605103E1,-1.432800102E1
2.593794091E2,4.891050339E0,9.630000114E0,-1.534995079E1
2.593818528E2,5.380499959E-1,8.097000122E0,-4.435050011E0
2.593842964E2,2.100000083E-1,9.001950264E0,2.392950058E0
2.593867401E2,-2.037000179E0,1.455195045E1,6.010950089E0
2.593891836E2,-3.450000286E-1,6.112950325E0,-1.261950016E0
2.593916272E2,2.050500065E-1,6.958050251E0,2.078999996E0
2.593940706E2,1.053000093E0,8.518950462E0,1.821000099E0
2.593965143E2,4.050000191E0,1.148100090E1,2.709000111E0
2.593989579E2,5.077050209E0,8.253000259E0,3.079950094E0
2.594014014E2,4.771050453E0,3.948000193E0,-1.879950047E0
2.594038451E2,3.199950218E0,8.301000595E0,-2.443050146E0
2.594062887E2,4.963050365E0,1.067100048E1,-7.698000431E0
2.594087322E2,2.443950176E0,7.096950531E0,-1.065495014E1
2.594111759E2,-1.200000010E-2,6.475950241E0,-3.810000181E0
2.594136195E2,3.801000118E0,8.272050858E0,-7.980000377E-1
2.594160632E2,8.916000366E0,1.111200047E1,-3.964950085E0
2.594185066E2,4.330049992E0,7.639950275E0,-5.730000496E0
2.594209503E2,1.342050076E0,5.728950500E0,2.754000187E0
2.594233937E2,-1.719000101E0,1.023105049E1,3.124950171E0
2.594258374E2,-2.419950008E0,8.140049934E0,-4.699500203E-1
2.594282810E2,-6.300000548E-1,6.931050301E0,1.813050032E0
2.594307245E2,5.760000348E-1,4.948950291E0,2.926950216E0
2.594331682E2,1.222950101E0,7.314000130E0,2.505000122E-2
2.594356118E2,1.268400097E1,1.005795002E1,-4.585950375E0
2.594380555E2,6.331950188E0,6.184050083E0,-1.275000095E1
2.594404989E2,1.096050024E0,6.330000401E0,-5.968950272E0
2.594429425E2,-1.909500062E-1,9.187050819E0,2.280000210E0
2.594453863E2,-6.060000062E-1,9.615000725E0,4.033050060E0
2.594478297E2,2.121000051E0,6.064950466E0,1.516950130E0
2.594502733E2,2.058000088E0,4.671000004E0,-1.344000101E0
2.594527168E2,3.957000256E0,6.936000347E0,-2.376000166E0
2.594551605E2,8.482049942E0,9.211050034E0,-7.198050499E0
2.594576041E2,3.504000187E0,8.104949951E0,-7.681050301E0
2.594600475E2,8.680500388E-1,7.492050171E0,1.939950109E0
2.594624912E2,-6.580500603E-1,1.073295021E1,1.279050112E0
2.594649349E2,-9.430500269E-1,1.221300030E1,-1.392000079E0
2.594673783E2,4.180500209E-1,9.382950783E0,1.062000036E0
2.594698220E2,7.990500331E-1,8.188050270E0,2.359500080E-1
2.594722656E2,7.200000286E-1,9.840000153E0,-1.350000054E-1
2.594747091E2,2.938950062E0,1.384095097E1,2.782950163E0
2.594771528E2,4.444950104E0,1.083900070E1,2.059950113E0
2.594795964E2,4.048050404E0,6.630000114E0,-9.405000508E-2
2.594820398E2,3.160050154E0,1.133205032E1,-7.789500356E-1
2.594844835E2,3.295950174E0,1.427700043E1,1.837050080E0
2.594869271E2,2.188050032E0,1.011600018E1,1.957050085E0
2.594893706E2,2.650500238E-1,7.012950420E0,-4.819500148E-1
2.594918143E2,1.977000117E0,9.826050758E0,2.215950012E0
2.594942579E2,9.439949989E0,1.218705082E1,-1.118205070E1
2.594967014E2,5.923050404E0,8.100000381E0,-1.730595016E1
2.594991451E2,2.719500065E-1,7.987050533E0,-8.176950455E0
2.595015887E2,-1.909500062E-1,8.089950562E0,1.573950052E0
2.595040324E2,-1.036949992E0,1.614195061E1,6.214050293E0
2.595064758E2,1.789500117E-1,5.770050049E0,6.859500408E-1
2.595089194E2,6.940500140E-1,6.927000523E0,1.279500127E-1
2.595113631E2,1.309050083E0,8.689050674E0,2.260950089E0
2.595138066E2,3.358050108E0,1.059900093E1,4.071000099E0
2.595162502E2,9.076050758E0,7.939050198E0,-1.317000031E0
2.595186937E2,4.194000244E0,6.061950207E0,-6.312000275E0
2.595211374E2,1.696950078E0,1.003200054E1,-3.835950136E0
2.595235810E2,1.978950143E0,1.299405098E1,-3.976950169E0
2.595260245E2,1.287000060E0,7.860000610E0,-3.409950256E0
2.595284682E2,-3.130500019E-1,6.895050526E0,1.264950037E0
2.595309118E2,3.060000241E-1,7.558950424E0,1.822950125E0
2.595333552E2,6.133050442E0,1.059705067E1,-2.881050110E0
2.595357988E2,5.950950146E0,7.465050220E0,-7.441950321E0
2.595382425E2,1.672950029E0,7.123050213E0,-3.405000210E0
2.595406860E2,7.890000343E-1,7.528050423E0,8.749500513E-1
2.595431297E2,9.000000358E-2,1.384095097E1,2.149049997E0
2.595455733E2,4.639500082E-1,8.284049988E0,1.906950116E0
2.595480168E2,-4.305000231E-2,5.254950047E0,1.239000082E0
2.595504604E2,3.495000124E0,7.888950348E0,-1.870050073E0
2.595529041E2,8.887050629E0,8.872950554E0,-8.989050865E0
2.595553475E2,7.138950348E0,6.862050533E0,-1.207695103E1
2.595577912E2,9.379500151E-1,7.798050404E0,-3.645000219E0
2.595602348E2,5.449500084E-1,1.034595013E1,3.279000044E0
2.595626783E2,-8.710500598E-1,1.308900070E1,3.718950272E0
2.595651219E2,1.642050028E0,9.478950500E0,1.057050109E0
2.595675656E2,1.785000086E0,7.743000507E0,1.903950095E0
2.595700093E2,1.141050100E0,8.847000122E0,3.529500067E-1
2.595724528E2,8.182950020E0,1.090095043E1,-2.035950184E0
2.595748964E2,7.246950150E0,8.361000061E0,-1.232400036E1
2.595773399E2,1.456950068E0,8.164050102E0,-6.424050331E0
2.595797836E2,5.929500461E-1,8.779950142E0,1.978950143E0
2.595822272E2,1.113000035E0,1.371900082E1,1.416000009E0
2.595846706E2,1.486050129E0,1.264905071E1,1.318050027E0
2.595871143E2,1.036050081E0,8.143050194E0,1.950000077E-1
2.595895579E2,9.300000221E-2,1.093905067E1,1.450500041E-1
2.595920014E2,1.279950023E0,1.294605064E1,3.859500289E-1
2.595944450E2,3.174000263E0,1.252005100E1,9.630000591E-1
2.595968887E2,3.354000092E0,6.948000431E0,-6.060000062E-1
2.595993322E2,1.953000069E0,9.181950569E0,-1.741050124E0
2.596017758E2,2.200050116E0,1.354905033E1,-1.020000100E0
2.596042195E2,3.427950144E0,1.175100040E1,3.682950258E0
2.596066629E2,2.848050117E0,8.461050034E0,3.220500052E-1
2.596091066E2,2.772000074E0,9.967050552E0,-1.540050030E0
2.596115502E2,5.647050381E0,1.271400070E1,-6.871950150E0
2.596139937E2,5.599050045E0,1.108095074E1,-1.036305046E1
2.596164374E2,2.002950191E0,9.571950912E0,-6.573000431E0
2.596188810E2,9.160500169E-1,6.828000546E0,2.347050190E0
2.596213245E2,1.527000070E0,1.158300018E1,1.995000124E0
2.596237682E2,1.759050131E0,1.204095078E1,4.471050262E0
2.596262118E2,1.213050008E0,5.047050476E0,2.077050209E0
2.596286555E2,2.359500080E-1,6.850050449E0,-9.289500713E-1
2.596310989E2,2.382000208E0,1.085100079E1,3.006000042E0
2.596335426E2,5.089050293E0,8.647950172E0,-7.834950447E0
2.596359860E2,2.901000023E0,6.109950066E0,-9.013050079E0
2.596384297E2,3.660000265E-1,7.288050175E0,-2.280000210E0
2.596408733E2,-4.620000124E-1,1.003695011E1,2.484000206E0
2.596433168E2,2.235000134E0,8.317950249E0,1.555050015E0
2.596457605E2,2.752950191E0,4.720950127E0,-1.174050093E0
2.596482041E2,1.261050105E0,6.469050407E0,-2.293950081E0
2.596506475E2,6.744000435E0,7.783950329E0,-4.578000069E0
2.596530912E2,7.965000153E0,7.702050209E0,-1.002105045E1
2.596555348E2,1.831050038E0,6.951000214E0,-7.066050529E0
2.596579783E2,-7.180500627E-1,6.406950474E0,2.260950089E0
2.596604219E2,-2.758050203E0,8.515950203E0,3.862950087E0
2.596628656E2,-6.060000062E-1,8.545050621E0,-7.740000486E-1
2.596653091E2,2.251950026E0,5.880000114E0,3.042000055E0
2.596677528E2,2.455950022E0,4.987050056E0,2.629950047E0
2.596701964E2,4.239000320E0,7.354950428E0,8.029500246E-1
2.596726399E2,9.223950386E0,7.824000359E0,-8.689050674E0
2.596750836E2,3.502050161E0,5.863950253E0,-1.050405025E1
2.596775272E2,-2.059500068E-1,7.008000374E0,6.300000101E-2
2.596799706E2,-2.125950098E0,1.104705048E1,4.215000153E0
2.596824143E2,-9.310500622E-1,1.010100079E1,4.489500225E-1
2.596848579E2,1.735050082E0,7.978050232E0,2.809050083E0
2.596873014E2,1.740000129E0,8.092950821E0,1.906950116E0
2.596897451E2,2.278950214E0,1.003395081E1,8.250000477E-1
2.596921887E2,8.443950653E0,1.155195045E1,-5.704050064E0
2.596946324E2,7.101000309E0,8.380050659E0,-1.067400074E1
2.596970758E2,1.450050116E0,8.362950325E0,-3.565950155E0
2.596995195E2,9.619500637E-1,1.061595058E1,2.398050070E0
2.597019629E2,1.102950096E0,1.461195087E1,8.100000620E-1
2.597044066E2,1.948050141E0,1.027395058E1,-1.369500011E-1
2.597068502E2,3.750000298E-1,1.021605015E1,1.920000017E-1
2.597092937E2,-3.660000265E-1,1.178895092E1,-7.240500450E-1
2.597117374E2,9.139500260E-1,1.198605061E1,5.950500369E-1
2.597141810E2,3.622050285E0,1.224900055E1,-9.105000645E-2
2.597166245E2,3.622050285E0,9.249000549E0,-3.463050127E0
2.597190681E2,7.530000210E-1,1.009905052E1,-2.467050076E0
2.597215118E2,6.960000396E-1,1.299105072E1,1.591050029E0
2.597239552E2,4.393050194E0,9.748950005E0,-1.225950003E0
2.597263989E2,1.716000080E0,6.912000179E0,-4.066050053E0
2.597288425E2,5.279999971E-1,9.393000603E0,-1.459050059E0
2.597312860E2,5.749950409E0,1.055205059E1,-4.048950195E0
2.597337297E2,7.873950481E0,9.131999969E0,-8.032950401E0
2.597361733E2,3.145050049E0,8.398950577E0,-2.221950054E0
2.597386168E2,2.050950050E0,8.416049957E0,2.589000225E0
2.597410605E2,1.024049997E0,1.134195042E1,2.208000183E0
2.597435041E2,6.259500384E-1,1.044405079E1,2.533950090E0
2.597459475E2,7.339500189E-1,7.450950146E0,1.744050026E0
2.597483912E2,0.000000000E0,8.575950623E0,-3.430500031E-1
2.597508349E2,3.222000122E0,9.769050598E0,3.427050114E0
2.597532783E2,8.398050308E0,9.079050064E0,-1.093305016E1
2.597557219E2,4.378050327E0,6.520050526E0,-1.259205055E1
2.597581656E2,8.100000024E-2,9.249000549E0,-3.850050211E0
2.597606093E2,-4.240500331E-1,1.159500027E1,3.193050146E0
2.597630527E2,-6.610500216E-1,1.006305027E1,4.023000240E0
2.597654964E2,1.038000107E0,6.328050137E0,1.465950012E0
2.597679398E2,2.130000114E0,7.281000137E0,1.350000054E-1
2.597703835E2,3.868050098E0,7.951050282E0,-2.280000210E0
2.597728271E2,7.323000431E0,8.275050163E0,-6.664050102E0
2.597752706E2,5.166000366E0,7.020000458E0,-7.878000259E0
2.597777143E2,9.160500169E-1,7.633050442E0,-1.126049995E0
2.597801579E2,-1.657050133E0,1.093500042E1,4.555050373E0
2.597826014E2,-1.696950078E0,8.707950592E0,9.439500570E-1
2.597850450E2,1.086000085E0,7.570950508E0,1.708050132E0
2.597874887E2,1.680000067E0,7.930050373E0,3.025050163E0
2.597899324E2,4.438050270E0,7.732950211E0,3.580500185E-1
2.597923757E2,8.761950493E0,7.731000423E0,-8.791950226E0
2.597948194E2,6.370050430E0,7.195050240E0,-1.340100098E1
2.597972629E2,9.109500647E-1,6.984000206E0,-6.477000237E0
2.597997066E2,-9.300000221E-2,8.563950539E0,3.127950191E0
2.598021502E2,-1.558050036E0,1.080795097E1,4.854000092E0
2.598045937E2,1.680000067E0,7.542000294E0,1.087950110E0
2.598070374E2,4.396950245E0,7.129950523E0,3.463050127E0
2.598094810E2,3.540000200E0,6.757050514E0,-2.737050056E0
2.598119244E2,7.146000385E0,7.501050472E0,-5.742000103E0
2.598143681E2,6.117000103E0,6.345000267E0,-9.976950645E0
2.598168117E2,1.294050097E0,6.867000103E0,-4.059000015E0
2.598192552E2,-1.170000061E-1,7.750050545E0,3.616050243E0
2.598216988E2,-1.498950124E0,8.832000732E0,2.050050020E0
2.598241425E2,5.550000072E-1,6.820950508E0,7.309500575E-1
2.598265862E2,2.568000078E0,7.972950459E0,3.183000088E0
2.598290296E2,2.398050070E0,7.981950283E0,1.330050111E0
2.598314733E2,3.445050240E0,9.558000565E0,2.026050091E0
2.598339168E2,9.868050575E0,9.838050842E0,-7.462950230E0
2.598363604E2,5.688000202E0,7.543950558E0,-1.243200016E1
2.598388041E2,-6.405000389E-2,9.675000191E0,-3.202050209E0
2.598412475E2,-1.030500084E-1,1.171800041E1,2.268000126E0
2.598436912E2,-2.149500102E-1,1.126305008E1,1.915950060E0
2.598461348E2,1.198950052E0,9.558000565E0,6.619500518E-1
2.598485783E2,1.644000053E0,1.018995094E1,-1.540500075E-1
2.598510219E2,1.801950097E0,1.086000061E1,-3.405000269E-2
2.598534656E2,1.885950089E0,1.222995090E1,7.290000319E-1
2.598559093E2,5.616000175E0,1.225905037E1,-2.493000031E0
2.598583527E2,3.844050169E0,9.915000916E0,-5.284950256E0
2.598607964E2,1.078950047E0,1.044900036E1,1.060500070E-1
2.598632398E2,1.669500023E-1,1.184895039E1,2.639999986E-1
2.598656835E2,1.498050094E0,1.069500065E1,1.636050105E0
2.598681271E2,2.226000071E0,9.022050858E0,-4.486950397E0
2.598705706E2,9.019500613E-1,8.710050583E0,-3.040950060E0
2.598730142E2,3.451950073E0,9.487950325E0,-2.538000107E0
2.598754579E2,6.697950363E0,8.509050369E0,-7.255050182E0
2.598779014E2,3.330000162E0,8.188050270E0,-3.441000223E0
2.598803451E2,1.942950130E0,8.004000664E0,2.674950123E0
2.598827887E2,-9.649500251E-1,1.070205021E1,3.484950066E0
2.598852321E2,-7.560000420E-1,6.931050301E0,2.376000166E0
2.598876757E2,4.081050396E0,6.972000122E0,3.583050251E0
2.598901195E2,3.588000059E0,6.706050396E0,-5.304000378E0
2.598925629E2,5.341050148E0,7.468050480E0,-6.988950253E0
2.598950065E2,7.468950272E0,7.530000210E0,-9.553950310E0
2.598974502E2,3.310050249E0,7.293000221E0,-8.122050285E0
2.598998937E2,-4.450500309E-1,8.506950378E0,1.645950079E0
2.599023374E2,-3.141000032E0,8.904000282E0,4.054049969E0
2.599047810E2,-1.381050110E0,7.774050236E0,-1.129500046E-1
2.599072245E2,1.918950081E0,8.478000641E0,2.833050251E0
2.599096681E2,3.255000114E0,6.787950516E0,1.861050129E0
2.599121118E2,2.247000217E0,7.705050468E0,1.071000099E0
2.599145552E2,2.560950041E0,9.085950851E0,6.139500141E-1
2.599169989E2,7.764000416E0,8.574000359E0,-4.720500112E-1
2.599194425E2,4.702050209E0,6.703950405E0,-8.151000023E0
2.599218862E2,5.449500084E-1,9.237000465E0,-3.268950224E0
2.599243296E2,-2.610000074E-1,9.340050697E0,-3.760500252E-1
2.599267733E2,4.611000061E0,9.091050148E0,-3.331050158E0
2.599292168E2,3.198000193E0,8.218950272E0,-5.191050053E0
2.599316605E2,3.300000131E-1,8.904000282E0,-1.735950112E0
2.599341041E2,2.809950113E0,8.368050575E0,-7.470000386E-1
2.599365475E2,7.510050297E0,9.273000717E0,-4.102050304E0
2.599389912E2,4.702050209E0,9.273000717E0,-4.198050022E0
2.599414348E2,1.093050003E0,9.283050537E0,2.575050116E0
2.599438783E2,-5.070000291E-1,1.050600052E1,6.450000405E-1
2.599463220E2,-6.750000119E-1,1.032405090E1,4.249500334E-1
2.599487656E2,8.010000587E-1,9.535950661E0,1.263000011E0
2.599512091E2,1.615050077E0,1.119795036E1,-2.520000041E-1
2.599536527E2,1.888050079E0,1.110900021E1,4.530000091E-1
2.599560964E2,1.990950108E0,1.187295055E1,-1.560000032E-1
2.599585399E2,4.338000298E0,1.210500050E1,1.995000057E-2
2.599609836E2,4.645950317E0,1.049895096E1,-3.520500064E-1
2.599634272E2,2.212050200E0,1.151595020E1,-1.381950021E0
2.599658706E2,3.130500019E-1,1.146900082E1,-8.620500565E-1
2.599683143E2,9.930000305E-1,1.155195045E1,1.509000063E0
2.599707579E2,2.547000170E0,1.097295094E1,5.299500227E-1
2.599732014E2,2.020050049E0,1.099905014E1,-1.878000140E0
2.599756451E2,5.227950096E0,1.009395027E1,-1.915950060E0
2.599780887E2,6.823050499E0,1.077195072E1,-9.403050423E0
2.599805322E2,4.645950317E0,1.090305042E1,-1.029600048E1
2.599829759E2,1.582050085E0,9.615000725E0,-2.682000160E0
2.599854195E2,8.520000577E-1,7.350000381E0,2.908050060E0
2.599878632E2,-6.730500460E-1,1.063500023E1,4.699050426E0
2.599903066E2,-2.250000089E-1,5.890050411E0,1.549950123E0
2.599927503E2,2.050950050E0,5.964000225E0,1.435050011E0
2.599951937E2,2.299950123E0,7.123050213E0,-4.219050407E0
2.599976374E2,5.877000332E0,6.891000271E0,-6.028950214E0
2.600000810E2,6.306000233E0,6.960000515E0,-8.515049934E0
2.600025245E2,1.591050029E0,7.812000275E0,-4.822950363E0
2.600049682E2,-2.064000130E0,8.466000557E0,4.009050369E0
2.600074118E2,-2.740950108E0,6.180000305E0,4.384950161E0
2.600098553E2,2.566050053E0,5.346000195E0,2.830950022E0
2.600122989E2,7.366050243E0,3.378000259E0,-5.614950180E0
2.600147426E2,3.094950199E0,3.936000109E0,-6.253950119E0
2.600171861E2,4.036050320E0,5.410950184E0,-4.669050217E0
2.600196297E2,5.716950417E0,5.089950085E0,-4.617000103E0
2.600220734E2,2.166000128E0,5.332050323E0,-2.542950153E0
2.600245168E2,-6.300000548E-1,6.180000305E0,5.007000446E0
2.600269605E2,-2.454000235E0,5.526000500E0,2.893050194E0
2.600294041E2,-1.060050011E0,6.318000317E0,-9.850500226E-1
2.600318476E2,1.909950137E0,7.360050201E0,3.274050236E0
2.600342913E2,2.656950235E0,5.779950142E0,2.326050043E0
2.600367349E2,8.280000687E-1,7.216050148E0,-5.629500151E-1
2.600391784E2,8.299500346E-1,9.333000183E0,-7.710000277E-1
2.600416221E2,6.267000198E0,1.014900017E1,1.039950013E0
2.600440657E2,3.093000174E0,7.104000568E0,-5.857050419E0
2.600465092E2,5.860500336E-1,9.562950134E0,-4.699500203E-1
2.600489529E2,1.447950125E0,1.166205025E1,6.979500055E-1
2.600513965E2,4.510050297E0,1.049205017E1,-3.216000080E0
2.600538402E2,3.382050276E0,8.995050430E0,-4.990050316E0
2.600562836E2,1.150950074E0,9.465000153E0,-3.060000181E0
2.600587273E2,1.663050056E0,9.760950089E0,-1.042050004E0
2.600611707E2,4.692000389E0,1.116405010E1,-2.977050066E0
2.600636144E2,4.773000240E0,1.179900074E1,-4.677000046E0
2.600660580E2,1.495950103E0,1.026900005E1,2.790000141E-1
2.600685015E2,6.240000129E-1,9.916950226E0,6.109500527E-1
2.600709452E2,2.050500065E-1,1.271400070E1,8.749500513E-1
2.600733888E2,1.395000100E0,1.127205086E1,2.311050177E0
2.600758323E2,1.417050123E0,8.818050385E0,1.453950047E0
2.600782759E2,2.937000036E0,9.438000679E0,-8.980500698E-1
2.600807196E2,6.042000294E0,9.826050758E0,-5.866050243E0
2.600831630E2,8.133000374E0,9.678000450E0,-1.063095093E1
2.600856066E2,2.736000061E0,1.130805016E1,-7.096950531E0
2.600880503E2,9.349500537E-1,9.967050552E0,1.810950041E0
2.600904938E2,-2.320500165E-1,1.133895016E1,4.384950161E0
2.600929375E2,7.800000310E-1,1.077405071E1,3.820050240E0
2.600953811E2,2.106000185E0,1.108995056E1,7.960500121E-1
2.600978246E2,2.580000162E0,1.124295044E1,2.505000122E-2
2.601002683E2,2.029950142E0,1.059705067E1,5.920500159E-1
2.601027119E2,2.274000168E0,1.186800098E1,-1.315050006E0
2.601051554E2,5.845950127E0,1.284300041E1,-1.504050016E0
2.601075990E2,3.016050100E0,1.158600044E1,-5.257950306E0
2.601100427E2,4.920000136E-1,1.072905064E1,3.310500085E-1
2.601124861E2,-5.580000281E-1,1.048905087E1,7.260000110E-1
2.601149298E2,1.918950081E0,1.173900032E1,6.019500494E-1
2.601173734E2,1.924050093E0,9.487950325E0,-6.412050247E0
2.601198171E2,6.499500275E-1,9.052950859E0,-4.489950180E0
2.601222606E2,3.220500052E-1,8.100000381E0,-2.364000082E0
2.601247042E2,2.932050228E0,8.674050331E0,-3.384000063E0
2.601271477E2,3.973950148E0,7.116000175E0,-3.709050179E0
2.601295913E2,2.049000025E0,6.511950493E0,-1.080000028E-1
2.601320350E2,3.990000188E-1,7.246950150E0,2.638950109E0
2.601344784E2,9.550500512E-1,6.357000351E0,1.986000061E0
2.601369221E2,5.542050362E0,4.867050171E0,-3.067950249E0
2.601393657E2,4.606050014E0,5.097000122E0,-5.200950146E0
2.601418092E2,1.074000001E0,6.196050167E0,-3.553950071E0
2.601442528E2,3.586050272E0,7.252050400E0,-1.201950073E0
2.601466965E2,7.837950230E0,6.880950451E0,-3.505950212E0
2.601491400E2,2.109000206E0,7.422000408E0,-1.981050134E0
2.601515836E2,-1.750050068E0,9.007050514E0,4.597949982E0
2.601540273E2,-9.480000734E-1,7.702050209E0,1.468950033E0
2.601564707E2,1.855050087E0,9.136950493E0,-1.186050057E0
2.601589144E2,5.647050381E0,1.105695057E1,2.737950087E0
2.601613580E2,3.571050167E0,9.828000069E0,-2.062050104E0
2.601638015E2,4.918950081E0,1.102995014E1,-3.700050116E0
2.601662452E2,4.824000359E0,1.202400017E1,-5.713050365E0
2.601686888E2,3.910950184E0,1.191105080E1,-6.453000069E0
2.601711323E2,1.138950109E0,1.184205055E1,-2.524050236E0
2.601735759E2,6.220500469E-1,1.063800049E1,1.311000109E0
2.601760196E2,-5.719500184E-1,1.209105015E1,-3.400500119E-1
2.601784630E2,3.495000303E-2,1.198305035E1,6.859500408E-1
2.601809067E2,1.314000010E0,1.075995064E1,1.239000082E0
2.601833503E2,2.523000002E0,9.948000908E0,5.805000290E-2
2.601857940E2,3.457050085E0,9.579000473E0,-3.702000141E0
2.601882375E2,8.037000656E0,1.080300045E1,-7.300950527E0
2.601906811E2,7.599000454E0,1.056405067E1,-9.252000809E0
2.601931246E2,2.664000034E0,9.862050056E0,-4.630950451E0
2.601955683E2,1.170000061E-1,7.510950565E0,3.127950191E0
2.601980119E2,1.405050039E0,9.666000366E0,4.380000114E0
2.602004553E2,2.803050041E0,7.540050507E0,3.940500319E-1
2.602028990E2,3.813000202E0,4.999050140E0,-2.242050171E0
2.602053426E2,3.129000187E0,6.318000317E0,-3.991950274E0
2.602077861E2,3.787050247E0,7.450950146E0,-2.505000114E0
2.602102297E2,4.792950153E0,7.947000504E0,-2.421000004E0
2.602126734E2,2.121000051E0,7.590000153E0,2.239500135E-1
2.602151169E2,1.239000082E0,9.826050758E0,2.074050188E0
2.602175605E2,1.605000161E-2,1.080300045E1,2.923950195E0
2.602200042E2,8.440500498E-1,1.027395058E1,1.830000132E-1
2.602224476E2,1.861950040E0,1.052295017E1,1.459050059E0
2.602248913E2,2.592000008E0,1.029495049E1,1.051950097E0
2.602273349E2,2.868000031E0,9.345000267E0,-1.638000131E0
2.602297784E2,5.571000099E0,9.733050346E0,-4.927950382E0
2.602322221E2,6.555000305E0,1.003395081E1,-9.502950668E0
2.602346657E2,9.690000415E-1,1.071900082E1,-5.586000443E0
2.602371091E2,8.100000024E-2,9.274950027E0,1.369950056E0
2.602395528E2,2.670000196E-1,8.650050163E0,2.220000029E0
2.602419964E2,4.519500136E-1,1.078905010E1,2.520000041E-1
2.602444401E2,1.648950100E0,9.733050346E0,-4.170000255E-1
2.602468836E2,9.190500379E-1,9.382950783E0,-1.369500011E-1
2.602493272E2,9.259500504E-1,9.088950157E0,-3.600000218E-2
2.602517709E2,2.293050051E0,1.075305080E1,9.780000448E-1
2.602542144E2,3.859050274E0,9.466950417E0,2.208000183E0
2.602566580E2,2.520000219E0,9.328050613E0,1.789050102E0
2.602591014E2,1.456950068E0,1.074105072E1,3.492000103E0
2.602615451E2,1.134000063E0,8.911050797E0,3.001050234E0
2.602639888E2,6.661950111E0,8.919000626E0,-3.487050056E0
2.602664322E2,5.458050251E0,8.442000389E0,-1.303005028E1
2.602688759E2,5.070000291E-1,9.424050331E0,-1.139505100E1
2.602713195E2,-4.690500200E-1,8.509050369E0,-3.001050234E0
2.602737630E2,3.310050249E0,9.919050217E0,-2.260500044E-1
2.602762066E2,5.074950218E0,1.102305031E1,-8.410500288E-1
2.602786503E2,2.997000217E0,9.232050896E0,1.822950125E0
2.602810937E2,1.419000030E0,8.797050476E0,2.179949999E0
2.602835374E2,1.492950082E0,9.799950600E0,2.452950001E0
2.602859810E2,3.382050276E0,9.859950066E0,2.335050106E0
2.602884245E2,3.190950155E0,9.400050163E0,-2.416050196E0
2.602908682E2,5.310000181E-1,9.321000099E0,-2.818950176E0
2.602933118E2,1.249050021E0,8.602950096E0,-2.730000019E0
2.602957553E2,5.206950188E0,9.714000702E0,-4.597949982E0
2.602981989E2,3.808050156E0,1.026900005E1,-6.421950340E0
2.603006426E2,6.670500040E-1,1.036995029E1,-1.702950120E0
2.603030860E2,3.970500231E-1,8.317950249E0,2.182049990E0
2.603055297E2,1.480950117E0,9.325950623E0,2.626950026E0
2.603079733E2,5.386050224E0,9.769050598E0,-3.049500287E-1
2.603104170E2,4.924050331E0,8.943000793E0,-4.669050217E0
2.603128605E2,1.261050105E0,1.022400093E1,-2.905050039E0
2.603153041E2,9.190500379E-1,9.448050499E0,-1.800000072E-1
2.603177478E2,4.924050331E0,1.047495079E1,-2.068950176E0
2.603201913E2,3.406050205E0,1.071705055E1,-5.695950508E0
2.603226349E2,-3.109500110E-1,9.807000160E0,-1.771950126E0
2.603250783E2,-6.580500603E-1,6.450000286E0,1.774950027E0
2.603275220E2,-8.070000410E-1,1.001295090E1,7.005000114E-2
2.603299657E2,1.468950033E0,1.030005074E1,1.495050073E0
2.603324091E2,2.413050175E0,9.448050499E0,3.960000277E-1
2.603348528E2,1.564950109E0,8.092950821E0,7.950000465E-3
2.603372964E2,1.821000099E0,9.610950470E0,4.369500279E-1
2.603397399E2,7.378050327E0,1.055400085E1,1.573950052E0
2.603421835E2,6.078000069E0,8.530950546E0,-9.321000099E0
2.603446272E2,1.645950079E0,9.144000053E0,-7.549950123E0
2.603470707E2,2.670000196E-1,7.326000214E0,-5.296950340E0
2.603495143E2,4.491000175E0,6.898050308E0,-2.179050207E0
2.603519579E2,5.887050152E0,7.494000435E0,-1.851000071E0
2.603544016E2,2.317050219E0,8.196000099E0,-1.648050070E0
2.603568451E2,6.790500283E-1,7.111050129E0,1.605000019E0
2.603592887E2,7.800000161E-2,8.713050842E0,1.597950101E0
2.603617322E2,2.020050049E0,8.779950142E0,7.219500542E-1
2.603641759E2,2.772000074E0,9.603000641E0,-2.602950096E0
2.603666195E2,2.980500162E-1,9.172050476E0,-2.677050114E0
2.603690629E2,-1.080000028E-1,7.324050426E0,2.047950029E0
2.603715066E2,3.010500073E-1,8.458950043E0,-4.770000279E-1
2.603739502E2,3.519000053E0,1.101795006E1,2.569500208E-1
2.603763939E2,2.929950237E0,1.023495007E1,-3.031950235E0
2.603788374E2,2.479950190E0,9.619950294E0,-1.060950041E0
2.603812810E2,3.109050035E0,9.934050560E0,-1.051950097E0
2.603837247E2,5.809950352E0,1.020705032E1,-4.564050198E0
2.603861682E2,4.144050121E0,1.190400028E1,-4.720050335E0
2.603886118E2,9.229500294E-1,1.111200047E1,-4.050000310E-1
2.603910552E2,2.239500135E-1,1.041300011E1,9.199500680E-1
2.603934989E2,1.395000100E0,1.073295021E1,-7.200000435E-2
2.603959426E2,3.490050077E0,1.225905037E1,-9.405000508E-2
2.603983860E2,3.724950075E0,1.115505028E1,5.370000005E-1
2.604008297E2,1.869000077E0,8.671950340E0,-8.479500413E-1
2.604032733E2,1.150950074E0,1.052505016E1,-8.239500523E-1
2.604057168E2,5.419950485E0,1.114500046E1,-1.186050057E0
2.604081605E2,4.759050369E0,1.182495022E1,-7.411050320E0
2.604106041E2,1.816050053E0,1.087995052E1,-6.240000248E0
2.604130475E2,1.000500023E-1,8.827950478E0,-5.440500379E-1
2.604154912E2,3.033000231E0,9.835950851E0,1.320000052E0
2.604179348E2,6.223950386E0,1.053195095E1,-8.700000644E-1
2.604203785E2,3.748950243E0,9.663000107E0,-3.477000237E0
2.604228220E2,1.600950122E0,9.061950684E0,-2.541000128E0
2.604252656E2,5.032050133E0,8.089950562E0,-2.755950212E0
2.604277091E2,7.471950531E0,8.334000587E0,-6.582000256E0
2.604301528E2,3.531000137E0,1.020900059E1,-8.328000069E0
2.604325964E2,7.960500121E-1,8.518950462E0,-1.717050076E0
2.604350399E2,-1.819500029E-1,7.603950500E0,3.943950176E0
2.604374835E2,-9.430500269E-1,8.706000328E0,2.338050127E0
2.604399272E2,1.314000010E0,7.966050148E0,6.880500317E-1
2.604423709E2,1.981950045E0,8.674050331E0,1.894950032E0
2.604448143E2,7.339500189E-1,6.225000381E0,8.770500422E-1
2.604472579E2,2.389500141E-1,6.358950138E0,-8.310000300E-1
2.604497016E2,4.681950092E0,7.852950573E0,-1.549950123E0
2.604521451E2,3.064050198E0,6.832950115E0,-8.293950081E0
2.604545887E2,8.680500388E-1,7.012950420E0,-6.348000526E0
2.604570324E2,8.730000257E-1,4.378950119E0,-2.572050095E0
2.604594758E2,2.812050104E0,5.394000053E0,2.101050138E0
2.604619194E2,3.789000273E0,6.024000168E0,1.129050016E0
2.604643629E2,3.933000088E0,6.814050198E0,6.570000052E-1
2.604668066E2,8.989500403E-1,5.916000366E0,1.512000084E0
2.604692502E2,2.890500128E-1,5.803950310E0,1.477950096E0
2.604716939E2,4.699050426E0,6.559950352E0,-1.356000066E0
2.604741374E2,5.853000164E0,9.370950699E0,-6.405000210E0
2.604765810E2,8.850000501E-1,9.544050217E0,-5.515050411E0
2.604790244E2,-9.910500646E-1,8.559000015E0,1.210050106E0
2.604814681E2,-5.430000424E-1,9.478950500E0,1.573950052E0
2.604839117E2,5.790000558E-1,1.190895081E1,-1.438950062E0
2.604863554E2,2.560950041E0,1.283295059E1,1.227000117E0
2.604887989E2,2.500950098E0,1.031700039E1,1.342050076E0
2.604912425E2,1.504950047E0,9.790050507E0,-6.640500426E-1
2.604936862E2,2.544000149E0,1.284495068E1,-1.462950110E0
2.604961296E2,8.659049988E0,1.485195065E1,-1.614000082E0
2.604985733E2,4.693950176E0,1.179405022E1,-9.963000298E0
2.605010167E2,6.409500241E-1,1.202205086E1,-4.609050274E0
2.605034604E2,-1.270500124E-1,1.141605091E1,1.999500096E-1
2.605059040E2,1.599000096E0,1.222500038E1,3.889500201E-1
2.605083475E2,2.994000196E0,1.251195049E1,-7.950000465E-3
2.605107912E2,2.404950142E0,1.107105064E1,-3.310500085E-1
2.605132348E2,1.113000035E0,9.796950340E0,-1.270500124E-1
2.605156785E2,1.594050050E0,9.915000916E0,1.050000079E-3
2.605181220E2,4.915050030E0,1.205505085E1,-2.325000048E0
2.605205656E2,4.085999966E0,1.166205025E1,-3.997050285E0
2.605230093E2,1.797000051E0,1.033095074E1,-6.540000439E-1
2.605254527E2,1.459950089E0,8.039999962E0,2.347050190E0
2.605278963E2,3.033000231E0,1.026900005E1,1.962000132E0
2.605303400E2,4.242000103E0,1.073295021E1,-1.411050081E0
2.605327835E2,2.149049997E0,8.737050056E0,-4.645050049E0
2.605352271E2,3.079500198E-1,7.300050259E0,-2.680050135E0
2.605376708E2,-9.000000544E-3,6.984000206E0,1.560000062E0
2.605401143E2,3.733950138E0,9.907050133E0,-1.959000111E0
2.605425580E2,5.434050083E0,9.823950768E0,-5.151000023E0
2.605450014E2,3.202950239E0,9.073950768E0,-4.356000423E0
2.605474450E2,1.599000096E0,7.183050156E0,-1.461000085E0
2.605498887E2,3.151950121E0,7.756950378E0,8.320500255E-1
2.605523324E2,4.024050236E0,1.029105091E1,-1.996950150E0
2.605547758E2,2.286000013E0,9.520050049E0,-3.199050188E0
2.605572194E2,2.869500220E-1,7.767000198E0,-1.987950087E0
2.605596631E2,3.180000186E-1,5.263050079E0,-1.657050133E0
2.605621066E2,4.045950413E0,6.811950207E0,-2.562000036E0
2.605645502E2,4.393050194E0,8.623950005E0,-4.150050163E0
2.605669939E2,1.069050074E0,9.160050392E0,-2.842050076E0
2.605694374E2,-4.519500136E-1,8.029950142E0,1.666950107E0
2.605718811E2,-5.620500445E-1,7.942050457E0,3.049050093E0
2.605743244E2,1.195950031E0,8.967000008E0,-3.720000088E-1
2.605767681E2,3.069000244E0,1.092705059E1,2.662950039E0
2.605792118E2,4.009950161E0,9.450000763E0,-1.066050053E0
2.605816555E2,1.396950126E0,7.024950504E0,-2.134050131E0
2.605840989E2,2.152050018E0,8.107049942E0,-1.549950123E0
2.605865426E2,4.441050053E0,9.781050682E0,-4.866000175E0
2.605889862E2,4.917000294E0,1.062795067E1,-5.641050339E0
2.605914297E2,1.183950067E0,9.309000015E0,-2.292000055E0
2.605938734E2,6.529500484E-1,8.719950676E0,2.481000185E0
2.605963170E2,7.960500121E-1,9.261000633E0,-4.789500237E-1
2.605987607E2,1.741950035E0,1.195905018E1,-2.052000046E0
2.606012041E2,2.238000154E0,1.043895054E1,6.160500050E-1
2.606036478E2,9.930000305E-1,9.034049988E0,-1.015950084E0
2.606060913E2,-2.610000074E-1,8.085000038E0,-4.339500070E-1
2.606085349E2,1.134000063E0,1.064700031E1,8.290500641E-1
2.606109786E2,4.651050091E0,1.352805042E1,2.200950146E0
2.606134220E2,4.387950420E0,1.111695099E1,1.912050128E0
2.606158657E2,2.902950048E0,9.040950775E0,1.660050035E0
2.606183093E2,2.094000101E0,1.087695026E1,4.030500054E-1
2.606207528E2,1.819050074E0,1.170600033E1,-3.000000119E-1
2.606231965E2,4.527000427E0,1.085805035E1,-6.250500083E-1
2.606256401E2,2.218950033E0,9.784950256E0,-7.164000511E0
2.606280836E2,1.198950052E0,8.797050476E0,-4.750950336E0
2.606305272E2,2.329050064E0,1.030500031E1,-3.465000153E0
2.606329709E2,4.732950211E0,1.297200108E1,-2.265000105E0
2.606354143E2,3.231000185E0,1.371000099E1,-1.594950080E0
2.606378580E2,1.468950033E0,1.169100094E1,5.659500360E-1
2.606403016E2,1.021950006E0,9.816000938E0,1.312950015E0
2.606427453E2,1.752000093E0,1.003200054E1,8.320500255E-1
2.606451888E2,2.671050072E0,1.102995014E1,-3.600000143E-1
2.606476324E2,3.069000244E0,9.661050797E0,-2.740050077E0
2.606500759E2,2.683050156E0,8.173950195E0,-3.894000292E0
2.606525196E2,1.927050114E0,7.944000244E0,-2.917050123E0
2.606549632E2,3.231000185E0,9.502950668E0,-1.363050103E0
2.606574066E2,5.133000374E0,1.116705036E1,-3.252000093E0
2.606598503E2,4.357050419E0,1.102305031E1,-4.942050457E0
2.606622940E2,1.792950034E0,9.096000671E0,-3.502950191E0
2.606647376E2,6.649500132E-1,7.597050190E0,-2.089500129E-1
2.606671811E2,3.289050102E0,8.653050423E0,9.780000448E-1
2.606696247E2,5.443950176E0,9.426000595E0,-2.293950081E0
2.606720684E2,2.704950094E0,8.191050529E0,-3.934050083E0
2.606745119E2,8.490000367E-1,7.164000511E0,-2.754000187E0
2.606769555E2,4.489500225E-1,6.535950184E0,5.595000088E-2
2.606793992E2,3.472950220E0,9.409049988E0,-1.219050050E0
2.606818427E2,3.058950186E0,9.466950417E0,-3.835950136E0
2.606842863E2,9.660000205E-1,8.212050438E0,-2.977050066E0
2.606867297E2,3.299999982E-2,6.627000332E0,2.700000070E-2
2.606891734E2,6.940500140E-1,7.519950390E0,2.440950155E0
2.606916171E2,2.647050142E0,9.168000221E0,1.657950044E0
2.606940605E2,3.969000101E0,8.542950630E0,-1.276950002E0
2.606965042E2,1.405050039E0,7.848000526E0,-2.002050161E0
2.606989479E2,9.190500379E-1,7.072950363E0,-1.597050071E0
2.607013913E2,2.773950100E0,7.441050529E0,-1.189950109E0
2.607038350E2,4.303950310E0,9.241950035E0,-2.755950212E0
2.607062786E2,3.094950199E0,9.486000061E0,-3.396000147E0
2.607087223E2,4.849500358E-1,8.667000771E0,-1.003950000E0
2.607111657E2,4.279500246E-1,7.492050171E0,9.970500469E-1
2.607136093E2,4.560000300E-1,8.016000748E0,5.590500236E-1
2.607160530E2,1.720950127E0,9.892950058E0,2.740500271E-1
2.607184965E2,4.339950085E0,9.318000793E0,-2.902050257E0
2.607209401E2,2.137050152E0,6.847950459E0,-3.465000153E0
2.607233838E2,2.959500253E-1,6.469050407E0,1.180500090E-1
2.607258272E2,4.560000300E-1,7.993950367E0,9.250500202E-1
2.607282709E2,1.117050052E0,1.065195084E1,-1.738950133E0
2.607307146E2,2.215950012E0,1.002000046E1,1.348950028E0
2.607331580E2,1.801950097E0,8.302950859E0,1.258050084E0
2.607356017E2,2.001000166E0,7.999050617E0,4.440000355E-1
2.607380453E2,1.450050116E0,9.402000427E0,-7.999500632E-1
2.607404888E2,1.414050102E0,1.158795071E1,-8.380500674E-1
2.607429324E2,2.245050192E0,1.081695080E1,5.179499984E-1
2.607453761E2,2.026950121E0,1.063500023E1,-5.295000225E-2
2.607478195E2,1.776000142E0,1.001505089E1,1.540500075E-1
2.607502632E2,1.840050101E0,1.128405094E1,3.100500107E-1
2.607527069E2,4.150950432E0,1.455495071E1,7.189500332E-1
2.607551503E2,7.744950294E0,1.324995041E1,-5.718000412E0
2.607575939E2,2.484000206E0,1.166505051E1,-8.814000130E0
2.607600376E2,-2.595000155E-2,1.197900105E1,-5.404050350E0
2.607624811E2,1.848000050E0,1.129905033E1,-2.103000164E0
2.607649248E2,4.456950188E0,1.239000034E1,-2.385000229E0
2.607673684E2,4.447950363E0,1.044900036E1,-2.151000023E0
2.607698118E2,1.906950116E0,9.352050781E0,1.879500151E-1
2.607722554E2,1.234950066E0,8.679000854E0,1.993050098E0
2.607746991E2,3.069000244E0,1.065000057E1,1.449000120E0
2.607771426E2,3.655050278E0,1.181805038E1,-5.080500245E-1
2.607795863E2,2.362050056E0,1.003905010E1,-1.566000104E0
2.607820299E2,1.294050097E0,8.394000053E0,-1.474950075E0
2.607844734E2,1.291950107E0,8.657999992E0,-1.309950113E0
2.607869171E2,1.419000030E0,9.121950150E0,-1.687950134E0
2.607893607E2,1.294050097E0,9.184050560E0,-8.070000410E-1
2.607918044E2,8.779500127E-1,7.326000214E0,-2.449500114E-1
2.607942477E2,1.570050120E0,6.912000179E0,4.369500279E-1
2.607966914E2,3.591000080E0,7.093950272E0,-1.429950118E0
2.607991349E2,5.142000198E0,8.260050774E0,-2.734950066E0
2.608015786E2,4.726050377E0,9.369000435E0,-4.501950264E0
2.608040222E2,2.773950100E0,9.177000046E0,-4.066050053E0
2.608064657E2,1.570050120E0,8.740950584E0,-2.361000061E0
2.608089093E2,8.749500513E-1,7.839000225E0,-5.800500512E-1
2.608113529E2,1.012050033E0,8.892000198E0,7.810500264E-1
2.608137964E2,2.571000099E0,8.842050552E0,9.300000668E-1
2.608162401E2,4.333050251E0,7.417050362E0,-1.140000105E0
2.608186837E2,1.318050027E0,6.117000103E0,-2.356050014E0
2.608211272E2,2.869500220E-1,7.606950283E0,3.240000010E-1
2.608235709E2,-1.150500029E-1,9.757050514E0,1.501950026E0
2.608260145E2,3.000000119E-2,9.718050003E0,-2.350500077E-1
2.608284579E2,1.840050101E0,8.998050690E0,1.855950117E0
2.608309016E2,2.845950127E0,8.290950775E0,-2.743950129E0
2.608333453E2,1.843050122E0,8.674050331E0,-3.094050169E0
2.608357889E2,5.910000205E-1,9.184050560E0,-6.040500402E-1
2.608382324E2,3.066000223E0,9.096000671E0,-1.480050087E0
2.608406760E2,4.792950153E0,8.988000870E0,-2.878050089E0
2.608431197E2,3.330000162E0,8.715000153E0,-3.442950249E0
2.608455632E2,2.239950180E0,8.080950737E0,-1.513950109E0
2.608480068E2,3.985950232E0,9.526950836E0,-2.830500007E-1
2.608504503E2,6.082950115E0,1.144200039E1,-3.774000168E0
2.608528939E2,3.234000206E0,1.072200012E1,-5.191050053E0
2.608553376E2,4.039500058E-1,1.053195095E1,-2.443050146E0
2.608577812E2,1.330500096E-1,9.148050308E0,1.348950028E0
2.608602247E2,1.360500008E-1,1.026195049E1,8.629500270E-1
2.608626683E2,2.536950111E0,1.103805065E1,5.680500269E-1
2.608651120E2,5.118000031E0,1.031700039E1,-1.866000056E0
2.608675555E2,2.631000042E0,8.230950356E0,-3.289950132E0
2.608699991E2,1.309050083E0,9.910050392E0,-5.800500512E-1
2.608724428E2,2.662050009E0,1.178505039E1,-9.460500479E-1
2.608748863E2,5.407950401E0,1.228005028E1,-2.893050194E0
2.608773299E2,3.679050207E0,1.105200100E1,-3.628050089E0
2.608797736E2,1.644000053E0,1.057800007E1,-1.518000126E0
2.608822170E2,2.077050209E0,1.019205093E1,-5.100000501E-1
2.608846607E2,1.881000042E0,1.081005096E1,-1.080000028E-1
2.608871044E2,2.062950134E0,1.119300079E1,3.049500287E-1
2.608895478E2,2.179949999E0,1.058295059E1,-4.360500276E-1
2.608919914E2,1.813950062E0,1.015200043E1,-5.890500546E-1
2.608944349E2,2.239950180E0,9.627000809E0,2.639999986E-1
2.608968786E2,2.845950127E0,1.098495007E1,-5.680500269E-1
2.608993223E2,4.156050205E0,1.203105068E1,-2.011950016E0
2.609017659E2,3.727050066E0,1.120995045E1,-4.389000416E0
2.609042094E2,3.093000174E0,1.000800037E1,-4.846950054E0
2.609066531E2,2.170950174E0,9.649050713E0,-1.930050135E0
2.609090967E2,1.633950114E0,9.739950180E0,1.249500066E-1
2.609115402E2,2.925000191E0,9.831000328E0,9.319500327E-1
2.609139838E2,3.727050066E0,8.710050583E0,-2.205000073E-2
2.609164275E2,3.262950182E0,8.278950691E0,-2.023950100E0
2.609188709E2,2.046000004E0,8.176050186E0,-2.304000139E0
2.609213146E2,9.930000305E-1,8.943000793E0,3.070500195E-1
2.609237582E2,1.611000061E0,9.381000519E0,9.469500184E-1
2.609262019E2,2.314050198E0,9.871950150E0,-1.180500090E-1
2.609286454E2,3.234000206E0,9.124950409E0,-2.823000193E0
2.609310890E2,3.166950226E0,9.069000244E0,-4.207050323E0
2.609335325E2,1.405050039E0,8.296050072E0,-2.911950111E0
2.609359762E2,7.390500307E-1,7.318950176E0,5.490000248E-1
2.609384198E2,1.872000098E0,8.586000443E0,1.567050099E0
2.609408633E2,2.527950048E0,8.227050781E0,9.040500522E-1
2.609433069E2,3.946950197E0,7.759950161E0,-1.921050072E0
2.609457506E2,3.172050238E0,7.678050518E0,-3.891000271E0
2.609481940E2,2.584950209E0,9.093000412E0,-3.858000278E0
2.609506377E2,4.678050041E0,9.796950340E0,-3.934050083E0
2.609530813E2,4.150950432E0,1.014900017E1,-3.799950123E0
2.609555248E2,2.346000195E0,1.096305084E1,-2.998050213E0
2.609579685E2,8.830500245E-1,9.639000893E0,-8.359500170E-1
2.609604121E2,3.199500144E-1,8.559000015E0,1.621950030E0
2.609628558E2,1.006950021E0,9.487950325E0,2.568000078E0
2.609652993E2,4.101000309E0,9.004950523E0,-9.439500570E-1
2.609677429E2,3.495000124E0,8.782050133E0,-4.201950073E0
2.609701866E2,2.580000162E-1,8.614950180E0,-9.130500555E-1
2.609726300E2,-3.520500064E-1,8.827950478E0,1.471050024E0
2.609750737E2,3.079500198E-1,1.092300034E1,-8.620500565E-1
2.609775171E2,2.935050249E0,1.202400017E1,1.227000117E0
2.609799608E2,5.305050373E0,1.076505089E1,-3.589950085E0
2.609824044E2,3.199950218E0,8.461050034E0,-3.645000219E0
2.609848479E2,1.933950067E0,9.603000641E0,-2.458950043E0
2.609872916E2,3.592950106E0,9.388050079E0,-2.317950010E0
2.609897353E2,4.066950321E0,9.748950005E0,-1.837050080E0
2.609921789E2,2.628000021E0,9.043050766E0,-1.825050116E0
2.609946223E2,1.840050101E0,8.143050194E0,-4.240500331E-1
2.609970660E2,2.085000038E0,7.738050461E0,-2.659500241E-1
2.609995097E2,3.354000092E0,9.406949997E0,-1.116000056E0
2.610019531E2,3.349050045E0,1.037400055E1,-2.068950176E0
2.610043967E2,2.686050177E0,9.996000290E0,-2.493000031E0
2.610068404E2,1.692000031E0,8.578950882E0,-1.636050105E0
2.610092839E2,1.242000103E0,7.807950497E0,2.205000073E-2
2.610117275E2,1.879050136E0,8.787000656E0,5.110500455E-1
2.610141712E2,3.250950098E0,8.908950806E0,-4.800000042E-2
2.610166147E2,2.728950024E0,7.882050514E0,-1.339050055E0
2.610190583E2,1.555050015E0,7.297950268E0,-7.570500374E-1
2.610215020E2,5.879999995E-1,7.420050144E0,7.549500465E-1
2.610239454E2,4.800000191E-1,8.533050537E0,-5.490000248E-1
2.610263891E2,1.381050110E0,9.772950172E0,-5.610000491E-1
2.610288327E2,3.436950207E0,9.654000282E0,-1.110000089E-1
2.610312762E2,3.424950123E0,8.332050323E0,-2.862000227E0
2.610337199E2,2.475000143E0,8.536050797E0,-3.372000217E0
2.610361635E2,8.080500364E-1,9.205950737E0,-2.992950201E0
2.610386070E2,8.040000200E-1,9.607950211E0,-2.040000111E-1
2.610410506E2,1.399950027E0,8.967000008E0,1.045050025E0
2.610434943E2,1.753950119E0,8.425050735E0,8.509500623E-1
2.610459377E2,3.270000219E0,8.148000717E0,1.684050083E0
2.610483814E2,4.560000420E0,8.638050079E0,-2.862000227E0
2.610508250E2,3.325050116E0,9.742050171E0,-4.971000195E0
2.610532685E2,2.395950079E0,1.072905064E1,-4.765050411E0
2.610557122E2,2.560950041E0,9.975000381E0,-2.605050087E0
2.610581558E2,2.949000120E0,9.922050476E0,-8.149500489E-1
2.610605995E2,2.785950184E0,9.997950554E0,7.304999977E-2
2.610630429E2,2.470050097E0,1.041705036E1,9.370500445E-1
2.610654866E2,3.703050137E0,9.843000412E0,-7.039500475E-1
2.610679300E2,3.967050076E0,9.453000069E0,-3.247050047E0
2.610703737E2,2.781000137E0,1.021200085E1,-4.537950039E0
2.610728173E2,8.110500574E-1,1.058295059E1,-1.630950093E0
2.610752608E2,6.169500351E-1,1.093005085E1,1.789050102E0
2.610777045E2,5.569500327E-1,1.085295010E1,-6.000000238E-2
2.610801481E2,8.250000477E-1,1.026900005E1,-8.890500665E-1
2.610825916E2,1.278000116E0,9.406949997E0,6.690000296E-1
2.610850352E2,2.097000122E0,9.631950378E0,6.810000539E-1
2.610874789E2,2.803050041E0,9.673050880E0,5.279999971E-1
2.610899223E2,2.796000242E0,9.247050285E0,-3.400500119E-1
2.610923660E2,2.131950140E0,1.009905052E1,-1.008000016E0
2.610948096E2,1.584000111E0,1.039605045E1,-3.840000033E-1
2.610972533E2,1.431000113E0,1.059900093E1,-3.430500031E-1
2.610996968E2,3.190950155E0,1.038600063E1,4.369500279E-1
2.611021404E2,3.319950104E0,9.754050255E0,-3.100950241E0
2.611045841E2,2.788950205E0,9.131999969E0,-3.079950094E0
2.611070275E2,3.439950228E0,9.879000664E0,-3.645000219E0
2.611094711E2,3.661950111E0,1.040805054E1,-3.679950237E0
2.611119148E2,2.194950104E0,1.047000027E1,-2.419050217E0
2.611143583E2,1.407000065E0,1.027605057E1,1.969500035E-1
2.611168019E2,1.735050082E0,9.541050911E0,1.339050055E0
2.611192456E2,2.494050026E0,1.011600018E1,1.596000075E0
2.611216891E2,4.198950291E0,9.972000122E0,-4.960500300E-1
2.611241327E2,3.574050188E0,1.014000034E1,-3.454950094E0
2.611265764E2,1.299000025E0,9.771000862E0,-3.496050119E0
2.611290198E2,2.839500010E-1,9.199050903E0,8.505000174E-2
2.611314635E2,9.900000691E-1,9.151050568E0,3.769500256E-1
2.611339071E2,2.970000029E0,9.934050560E0,-1.621050119E0
2.611363506E2,4.002000332E0,1.001295090E1,-3.598950148E0
2.611387943E2,3.016050100E0,9.627000809E0,-4.744050026E0
2.611412379E2,1.411950111E0,8.358000755E0,-2.935950041E0
2.611436814E2,1.105050087E0,7.294950485E0,6.760500073E-1
2.611461250E2,1.594050050E0,9.225000381E0,1.978950143E0
2.611485687E2,7.870500088E-1,9.153000832E0,1.603050113E0
2.611510124E2,2.302050114E0,8.112000465E0,1.957050085E0
2.611534558E2,3.459000111E0,7.345950127E0,-1.642950058E0
2.611558994E2,2.359950066E0,6.784950256E0,-3.004950047E0
2.611583429E2,2.820000172E0,9.328050613E0,-3.184950113E0
2.611607866E2,4.699050426E0,9.775950432E0,-3.951000214E0
2.611632302E2,4.429050446E0,9.784950256E0,-4.102050304E0
2.611656736E2,2.298000097E0,1.019205093E1,-3.135000229E0
2.611681173E2,1.350000024E0,8.506950378E0,-1.990050077E0
2.611705610E2,1.507950068E0,9.277950287E0,1.590000093E-1
2.611730044E2,1.645950079E0,9.589050293E0,5.710500479E-1
2.611754481E2,3.445050240E0,9.606000900E0,-2.140500098E-1
2.611778917E2,3.793950081E0,9.121950150E0,-1.930050135E0
2.611803352E2,1.849950075E0,8.728950500E0,1.330500096E-1
2.611827789E2,4.780500233E-1,8.581050873E0,1.050000079E-3
2.611852225E2,3.300000131E-1,9.496050835E0,-2.196000099E0
2.611876662E2,1.455000043E0,1.243800068E1,2.620500028E-1
2.611901097E2,2.901000023E0,1.240695095E1,1.519050121E0
2.611925533E2,2.808000088E0,1.034805012E1,2.005050182E0
2.611949970E2,2.701950073E0,9.832950592E0,1.390050054E0
2.611974404E2,2.539950132E0,1.123905087E1,-5.419500470E-1
2.611998840E2,3.967050076E0,1.192305088E1,-1.377000093E0
2.612023277E2,4.551000118E0,1.122405052E1,-7.753050327E0
2.612047712E2,3.157050133E0,1.016805077E1,-8.095950127E0
2.612072148E2,2.607000113E0,9.663000107E0,-6.264000416E0
2.612096585E2,2.250000000E0,9.960000038E0,-1.365000010E0
2.612121020E2,2.242950201E0,1.161705017E1,2.335050106E0
2.612145457E2,3.169050217E0,1.220100021E1,3.270000219E-1
2.612169893E2,4.474050045E0,1.149495029E1,2.304000139E0
2.612194328E2,4.603050232E0,9.892950058E0,-2.028000116E0
2.612218764E2,2.619000196E0,1.004595089E1,-3.721050262E0
2.612243201E2,2.437050104E0,1.033605003E1,-3.846000195E0
2.612267635E2,2.689950228E0,1.047000027E1,-3.132000208E0
2.612292072E2,2.590050220E0,1.071195030E1,-1.276950002E0
2.612316508E2,2.116050005E0,9.907050133E0,-4.890000224E-1
2.612340943E2,1.576950073E0,8.812950134E0,1.047000051E0
2.612365380E2,1.306050062E0,8.173950195E0,2.151000023E0
2.612389816E2,5.310000181E-1,8.719950676E0,8.220000267E-1
2.612414250E2,3.870000243E-1,9.583950043E0,-1.106999993E0
2.612438687E2,1.594050050E0,9.598950386E0,2.103000164E0
2.612463124E2,5.200050354E0,8.895000458E0,-2.533950090E0
2.612487558E2,4.357050419E0,7.222950459E0,-5.794950485E0
2.612511994E2,1.471950054E0,8.380050659E0,-4.854000092E0
2.612536431E2,6.649500132E-1,8.374950409E0,-1.554000020E0
2.612560868E2,1.692000031E0,8.542950630E0,1.141050100E0
2.612585303E2,2.164050102E0,7.783950329E0,1.291050076E0
2.612609739E2,2.286000013E0,6.019050121E0,6.949500442E-1
2.612634174E2,3.757950068E0,6.382950306E0,-3.430500031E-1
2.612658611E2,3.502050161E0,7.789050579E0,-2.493000031E0
2.612683047E2,1.819050074E0,9.196050644E0,-3.001050234E0
2.612707481E2,1.702050090E0,9.826050758E0,-2.935950041E0
2.612731918E2,2.446050167E0,9.832950592E0,-3.127050161E0
2.612756355E2,1.696950078E0,8.707950592E0,-2.941050053E0
2.612780789E2,1.888050079E0,8.218950272E0,-1.008000016E0
2.612805226E2,2.503950119E0,8.977950096E0,1.864050031E0
2.612829663E2,2.230950117E0,9.754050255E0,1.086000085E0
2.612854099E2,2.832000017E0,1.017600060E1,6.570000052E-1
2.612878534E2,3.841950178E0,1.056600094E1,-2.038050175E0
2.612902970E2,2.863050222E0,1.052505016E1,-2.509950161E0
2.612927407E2,1.444950104E0,1.059705067E1,-6.880500317E-1
2.612951842E2,1.318050027E0,1.173000050E1,-1.990500093E-1
2.612976278E2,1.263000011E0,1.267005062E1,-1.216950059E0
2.613000715E2,2.755050182E0,1.228005028E1,-1.261950016E0
2.613025149E2,3.136050224E0,1.050405025E1,-5.239050388E0
2.613049585E2,2.383949995E0,1.039095020E1,-4.554000378E0
2.613074022E2,1.443000078E0,1.077705097E1,-2.646000147E0
2.613098457E2,1.291950107E0,1.111200047E1,-7.905000448E-2
2.613122893E2,2.161050081E0,1.167000103E1,1.308000088E0
2.613147330E2,3.483000278E0,1.100895023E1,4.750500321E-1
2.613171765E2,3.957000256E0,9.473999977E0,-1.813050032E0
2.613196201E2,3.270000219E0,8.959050179E0,-1.849050045E0
2.613220638E2,2.710050106E0,9.322950363E0,-1.189950109E0
2.613245072E2,2.379000187E0,9.594000816E0,-3.360000253E-1
2.613269509E2,3.672000170E0,9.694050789E0,-8.380500674E-1
2.613293946E2,4.879050255E0,8.955000877E0,-3.367050171E0
2.613318380E2,4.213050365E0,8.916000366E0,-4.662000179E0
2.613342817E2,2.389050007E0,8.526000023E0,-4.269000053E0
2.613367253E2,1.108050108E0,8.607000351E0,-1.372050047E0
2.613391688E2,1.033950090E0,8.476050377E0,6.280500293E-1
2.613416125E2,3.100500107E-1,9.771000862E0,1.761000037E0
2.613440561E2,2.700000107E-1,7.876950264E0,1.369950056E0
2.613464998E2,1.692000031E0,7.923000336E0,7.480500340E-1
2.613489433E2,1.801950097E0,7.185000420E0,-1.432050109E0
2.613513869E2,1.134000063E0,7.710000515E0,-1.018050075E0
2.613538306E2,1.030950069E0,9.321000099E0,-8.119500279E-1
2.613562740E2,2.563050032E0,1.001805019E1,-1.552050114E0
2.613587176E2,4.134000301E0,9.864000320E0,-2.434950113E0
2.613611613E2,4.156050205E0,9.595950127E0,-2.230050087E0
2.613636048E2,2.992050171E0,9.835950851E0,-1.164000034E0
2.613660484E2,1.282950044E0,1.141305065E1,8.200500607E-1
2.613684921E2,9.379500151E-1,1.264905071E1,3.910500109E-1
2.613709356E2,5.569500327E-1,1.202205086E1,-1.387050033E0
2.613733792E2,1.069500074E-1,1.136595058E1,-3.930000067E-1
2.613758229E2,4.230000079E-1,1.051800060E1,3.430500031E-1
2.613782663E2,5.640000105E-1,1.030305004E1,-8.839500546E-1
2.613807100E2,1.678050041E0,1.125300026E1,-1.489950061E0
2.613831534E2,2.080049992E0,1.300800037E1,-1.003950000E0
2.613855971E2,2.161050081E0,1.300605106E1,-6.300000548E-1
2.613880408E2,4.702050209E0,1.292895031E1,1.228950024E0
2.613904844E2,5.286000252E0,1.290000057E1,-7.176000118E0
2.613929279E2,5.275950432E0,1.195500088E1,-8.026050568E0
2.613953716E2,3.708000183E0,1.238805103E1,-7.425000191E0
2.613978152E2,2.185050011E0,1.134900093E1,-4.018050194E0
2.614002587E2,1.357050061E0,1.021200085E1,2.140500098E-1
2.614027023E2,2.038950205E0,9.723000526E0,1.042050004E0
2.614051460E2,2.178000212E0,7.165950298E0,3.150000274E-1
2.614075897E2,1.504950047E0,5.683950424E0,-1.425000072E0
2.614100330E2,8.899500370E-1,5.023050308E0,-1.315050006E0
2.614124767E2,-4.830000103E-1,6.508050442E0,3.030000031E-1
2.614149204E2,-1.147050023E0,5.767950058E0,8.800500631E-1
2.614173639E2,1.125000000E0,5.530950069E0,-1.284000039E0
2.614198075E2,4.642050266E0,4.918050289E0,-5.230050087E0
2.614222510E2,5.983050346E0,5.445000172E0,-4.921050072E0
2.614246947E2,3.684000254E0,5.737050056E0,-3.181950092E0
2.614271383E2,2.050950050E0,6.342000484E0,1.162050009E0
2.614295817E2,1.438050032E0,6.180000305E0,4.573950291E0
2.614320254E2,2.235000134E0,6.520050526E0,3.841050148E0
2.614344691E2,5.607000351E0,5.659950256E0,2.190000117E-1
2.614369125E2,5.575050354E0,5.148000240E0,-6.115050316E0
2.614393562E2,3.102000237E0,5.104950428E0,-8.577000618E0
2.614417999E2,8.160000443E-1,6.667950153E0,-6.082050323E0
2.614442433E2,9.495000541E-2,6.903000355E0,-2.059950113E0
2.614466870E2,9.019500613E-1,7.710000515E0,1.995000057E-2
2.614491306E2,1.917000055E0,8.662050247E0,1.023000002E0
2.614515743E2,2.716950178E0,8.743950844E0,-1.900500059E-1
2.614540177E2,2.920050144E0,8.348999977E0,1.212000012E0
2.614564613E2,1.917000055E0,9.706050873E0,1.849500090E-1
2.614589050E2,2.082000017E0,1.170105076E1,-6.229500175E-1
2.614613485E2,2.817000151E0,1.165995026E1,-2.140500098E-1
2.614637921E2,2.262000084E0,1.149000072E1,-1.351050019E0
2.614662358E2,2.092050076E0,1.045095062E1,-2.031000137E0
2.614686795E2,1.375950098E0,9.790050507E0,-2.272950172E0
2.614711229E2,1.471950054E0,1.096800041E1,-2.455050230E0
2.614735666E2,2.815050125E0,1.154505062E1,-2.818950176E0
2.614760100E2,2.755050182E0,1.159095097E1,-4.437000275E0
2.614784537E2,1.314000010E0,1.152105045E1,-4.960950375E0
2.614808973E2,1.996050119E0,1.174605083E1,-3.372000217E0
2.614833408E2,2.149049997E0,1.143705082E1,-2.242050171E0
2.614857845E2,1.503000021E0,1.146600056E1,-8.890500665E-1
2.614882281E2,1.606050134E0,1.173705101E1,7.005000114E-2
2.614906716E2,2.086950064E0,1.150200081E1,3.310500085E-1
2.614931153E2,2.676000118E0,1.157595062E1,1.102050066E0
2.614955589E2,2.848050117E0,1.169805050E1,1.974000096E0
2.614980023E2,4.954950333E0,1.141605091E1,-1.680000126E-1
2.615004460E2,5.032050133E0,1.065195084E1,-4.186050415E0
2.615028897E2,2.584950209E0,1.099695015E1,-6.810000420E0
2.615053331E2,9.739500284E-1,1.088400078E1,-6.091950417E0
2.615077768E2,1.405050039E0,1.073295021E1,-2.787000179E0
2.615102204E2,2.070000172E0,1.068300056E1,-1.687950134E0
2.615126641E2,2.736000061E0,9.772950172E0,-6.610500216E-1
2.615151076E2,2.956050158E0,9.352050781E0,7.950000465E-3
2.615175512E2,2.578050137E0,9.388050079E0,1.570500135E-1
2.615199949E2,2.662050009E0,9.631950378E0,3.310500085E-1
2.615224383E2,2.626050234E0,1.090605068E1,-4.290000200E-1
2.615248820E2,1.681950092E0,1.044405079E1,-5.179499984E-1
2.615273256E2,1.158000112E0,9.036000252E0,-1.831950068E0
2.615297691E2,1.036050081E0,9.831000328E0,-2.031000137E0
2.615322127E2,2.389050007E0,1.071195030E1,-1.510950089E0
2.615346564E2,3.712950230E0,1.111905098E1,-9.250500202E-1
2.615370999E2,4.584000111E0,1.180905056E1,-2.092950106E0
2.615395436E2,3.066000223E0,1.159800053E1,-4.854000092E0
2.615419872E2,2.275950193E0,1.186605072E1,-7.201950550E0
2.615444306E2,2.101050138E0,1.101600075E1,-7.087950230E0
2.615468743E2,1.480950117E0,1.150695038E1,-3.685050249E0
2.615493179E2,8.160000443E-1,1.191405010E1,2.479500175E-1
2.615517614E2,1.588950038E0,1.270200062E1,2.455050230E0
2.615542051E2,3.009000063E0,1.389900112E1,1.224000096E0
2.615566487E2,3.495000124E0,1.465095043E1,4.219500124E-1
2.615590922E2,3.454050064E0,1.514400101E1,8.220000267E-1
2.615615359E2,4.420950413E0,1.554105091E1,-4.000500143E-1
2.615639795E2,3.664950132E0,1.546005058E1,-3.610950232E0
2.615664229E2,2.809950113E0,1.542600060E1,-4.261950016E0
2.615688666E2,2.748000145E0,1.531095028E1,-4.786950111E0
2.615713103E2,4.828050137E0,1.467705059E1,-6.099000454E0
2.615737539E2,2.992050171E0,1.552695084E1,-5.446950436E0
2.615761974E2,1.351950049E0,1.446600056E1,-2.224950075E0
2.615786410E2,1.108050108E0,1.417605114E1,8.599500656E-1
2.615810847E2,1.141050100E0,1.347495079E1,-5.295000225E-2
2.615835282E2,8.299500346E-1,1.346805096E1,-1.044000030E0
2.615859718E2,8.440500498E-1,1.261995029E1,1.489500105E-1
2.615884155E2,1.905000091E0,1.135800076E1,8.389500380E-1
2.615908590E2,3.190950155E0,1.124295044E1,7.740000486E-1
2.615933026E2,3.178950071E0,1.074795055E1,1.203000069E0
2.615957463E2,4.219950199E0,1.041705036E1,-2.620050192E0
2.615981897E2,6.574050426E0,1.070505047E1,-5.548050404E0
2.616006334E2,7.383000374E0,1.123395061E1,-8.026050568E0
2.616030770E2,5.773950100E0,1.150695038E1,-7.777050495E0
2.616055205E2,4.222949982E0,1.197900105E1,-4.810950279E0
2.616079642E2,2.496000051E0,1.313700104E1,-2.548050165E0
2.616104078E2,1.306050062E0,1.217205048E1,-1.798950076E0
2.616128512E2,1.809000134E0,1.056405067E1,-2.809500098E-1
2.616152949E2,3.829950094E0,8.935050011E0,-4.480500221E-1
2.616177386E2,4.492950439E0,9.013950348E0,-1.423050046E0
2.616201820E2,4.567049980E0,9.067049980E0,-1.693050027E0
2.616226257E2,3.349050045E0,1.019205093E1,-2.167050123E0
2.616250694E2,1.291950107E0,1.062600040E1,-2.613000154E0
2.616275128E2,9.709500670E-1,1.065000057E1,-1.723950028E0
2.616299565E2,1.327950120E0,1.031895065E1,-1.522950053E0
2.616324001E2,3.576000214E0,9.081000328E0,-3.184950113E0
2.616348436E2,5.877000332E0,8.161950111E0,-6.405000210E0
2.616372872E2,6.478050232E0,7.231050491E0,-7.854000568E0
2.616397309E2,5.128050327E0,7.698000431E0,-6.736050129E0
2.616421746E2,2.887050152E0,8.380050659E0,-4.054049969E0
2.616446180E2,2.287950039E0,8.956950188E0,-1.546950102E0
2.616470616E2,3.480000257E0,8.743950844E0,-5.419500470E-1
2.616495053E2,3.760950089E0,8.348999977E0,-1.171050072E0
2.616519488E2,2.218950033E0,7.719000340E0,-2.245950222E0
2.616543924E2,2.259000063E0,7.465050220E0,-1.971000075E0
2.616568361E2,3.631050110E0,7.465050220E0,-3.154050112E0
2.616592796E2,3.447000265E0,7.623000145E0,-4.044000149E0
2.616617232E2,4.546050072E0,7.839000225E0,-3.250050068E0
2.616641668E2,5.623050213E0,7.615950584E0,-4.240950108E0
2.616666103E2,3.310050249E0,8.029950142E0,-4.036950111E0
2.616690540E2,1.795050144E0,8.143050194E0,-3.099000216E0
2.616714976E2,2.688000202E0,7.791000366E0,-1.842000127E0
2.616739411E2,4.246950150E0,7.128000259E0,-1.624050021E0
2.616763848E2,4.207950115E0,6.685050488E0,-2.955000162E0
2.616788284E2,4.978950024E0,6.318000317E0,-3.433950186E0
2.616812718E2,4.714050293E0,6.543000221E0,-3.877050161E0
2.616837155E2,2.152050018E0,7.630050182E0,-2.461950064E0
2.616861591E2,1.246950030E0,7.981950283E0,-5.389500260E-1
2.616886026E2,3.358050108E0,7.872000217E0,-1.807950139E0
2.616910463E2,4.905000210E0,7.729050159E0,-5.713050365E0
2.616934899E2,4.584000111E0,7.462950230E0,-7.771950245E0
2.616959336E2,3.535950184E0,7.195050240E0,-6.681000233E0
2.616983771E2,3.037950039E0,6.298950195E0,-4.123050213E0
2.617008207E2,2.548950195E0,6.019050121E0,-3.124950171E0
2.617032644E2,2.701950073E0,7.042050362E0,-6.160500050E-1
2.617057078E2,4.488000393E0,6.157950401E0,2.449500114E-1
2.617081514E2,5.145000458E0,5.455950260E0,-2.673000097E0
2.617105951E2,4.435950279E0,5.641050339E0,-3.268950224E0
2.617130386E2,2.434050083E0,5.883000374E0,-3.748050213E0
2.617154822E2,1.845000029E0,5.322000027E0,-3.003000259E0
2.617179259E2,2.772000074E0,5.563950062E0,-1.435050011E0
2.617203694E2,2.845950127E0,5.704950333E0,-6.469500065E-1
2.617228130E2,3.109050035E0,5.320050240E0,-1.711950064E0
2.617252567E2,4.239000320E0,4.924950123E0,-3.558000088E0
2.617277001E2,3.603000164E0,5.095050335E0,-4.746000290E0
2.617301438E2,2.089050055E0,5.976000309E0,-4.144950390E0
2.617325874E2,2.131950140E0,6.010050297E0,-1.746000051E0
2.617350309E2,2.935050249E0,5.962050438E0,2.359500080E-1
2.617374746E2,3.591000080E0,5.799000263E0,-5.100000501E-1
2.617399182E2,3.078000069E0,5.398950100E0,-2.917050123E0
2.617423617E2,2.575050116E0,5.622000217E0,-5.191050053E0
2.617448053E2,2.820000172E0,5.218950272E0,-5.737050056E0
2.617472490E2,2.980050087E0,4.831950188E0,-3.618000269E0
2.617496924E2,3.313050270E0,5.047050476E0,-1.657050133E0
2.617521361E2,4.402050018E0,5.329950333E0,-1.684050083E0
2.617545797E2,4.347000122E0,5.176050186E0,-3.285000086E0
2.617570232E2,2.671050072E0,6.151050091E0,-3.901050091E0
2.617594669E2,3.235950232E0,6.294000149E0,-3.205950260E0
2.617619105E2,4.101000309E0,6.313950062E0,-3.682950258E0
2.617643539E2,3.781950235E0,6.748950481E0,-4.360050201E0
2.617667976E2,2.707050085E0,6.364050388E0,-4.549950123E0
2.617692413E2,2.500950098E0,5.928000450E0,-2.313000202E0
2.617716849E2,2.305050135E0,5.461050034E0,-4.240500331E-1
2.617741284E2,1.387950063E0,5.266950130E0,1.018050075E0
2.617765720E2,1.201050043E0,5.107050419E0,1.786950111E0
2.617790157E2,2.413050175E0,5.028000355E0,1.086000085E0
2.617814592E2,4.174950123E0,4.695000172E0,-2.078999996E0
2.617839028E2,5.020050049E0,5.533050060E0,-5.893050194E0
2.617863465E2,3.967050076E0,6.601050377E0,-6.505950451E0
2.617887899E2,1.737000108E0,7.360050201E0,-5.797050476E0
2.617912336E2,9.589500427E-1,7.153950214E0,-3.396000147E0
2.617936773E2,1.314000010E0,6.400050163E0,-1.039950013E0
2.617961207E2,4.278000355E0,4.903050423E0,-9.510000348E-1
2.617985643E2,6.250950336E0,3.915000200E0,-3.337950230E0
2.618010080E2,6.009000301E0,3.591000080E0,-6.180000305E0
2.618034515E2,5.194950104E0,3.958050251E0,-7.885050297E0
2.618058952E2,3.712950230E0,4.614000320E0,-6.457950115E0
2.618083388E2,2.227950096E0,5.005950451E0,-3.433950186E0
2.618107823E2,2.269050121E0,5.386950493E0,-1.240950108E0
2.618132260E2,3.682050228E0,6.055050373E0,-1.024950027E0
2.618156696E2,6.253050327E0,4.960950375E0,-1.102050066E0
2.618181130E2,6.919050217E0,4.468050003E0,-5.461950302E0
2.618205567E2,4.942950249E0,5.538000107E0,-8.373000145E0
2.618230003E2,2.809950113E0,5.923050404E0,-8.233950615E0
2.618254438E2,2.656950235E0,5.578950405E0,-6.682950497E0
2.618278875E2,3.636000156E0,4.920000076E0,-3.811950207E0
2.618303311E2,4.218000412E0,5.016000271E0,-4.750500321E-1
2.618327748E2,5.832000256E0,4.328999996E0,7.020000219E-1
2.618352183E2,4.855050087E0,4.282950401E0,-7.905000448E-2
2.618376619E2,2.905950069E0,4.978050232E0,1.210050106E0
2.618401056E2,1.965000153E0,5.145000458E0,1.440000057E0
2.618425491E2,1.912050128E0,6.192000389E0,1.279500127E-1
2.618449927E2,2.286000013E0,6.394950390E0,-1.055999994E0
2.618474364E2,2.209050179E0,6.241950512E0,-2.517000198E0
2.618498798E2,2.689950228E0,6.535950184E0,-4.630950451E0
2.618523235E2,2.503950119E0,6.271050453E0,-4.782000065E0
2.618547672E2,1.419000030E0,6.754050255E0,-3.292950153E0
2.618572106E2,1.057050109E0,6.405000210E0,-1.123050094E0
2.618596542E2,1.186950088E0,6.297000408E0,8.920500278E-1
2.618620979E2,1.702050090E0,6.318000317E0,1.159500033E-1
2.618645414E2,2.206950188E0,5.631000042E0,-7.069500089E-1
2.618669851E2,2.800950050E0,5.233950138E0,-1.858050108E0
2.618694287E2,4.539000034E0,5.341950417E0,-3.313950062E0
2.618718722E2,3.124050140E0,5.818050385E0,-3.333000183E0
2.618743159E2,1.345050097E0,5.385000229E0,-1.144950032E0
2.618767595E2,1.210950017E0,4.437000275E0,6.070500016E-1
2.618792030E2,3.655050278E0,4.848000050E0,2.620500028E-1
2.618816466E2,5.116050243E0,4.623000145E0,-2.356050014E0
2.618840903E2,3.883050203E0,4.723950386E0,-3.522000074E0
2.618865337E2,2.476950169E0,5.965950489E0,-2.754000187E0
2.618889774E2,1.567050099E0,6.097950459E0,-1.686000109E0
2.618914211E2,1.390050054E0,7.089000225E0,-1.003950000E0
2.618938647E2,1.648950100E0,7.177950382E0,-8.599500656E-1
2.618963082E2,3.825000286E0,7.369950294E0,-3.280500174E-1
2.618987518E2,4.146000385E0,6.804000378E0,-1.933050036E0
2.619011955E2,3.282000065E0,6.393000126E0,-4.393949986E0
2.619036390E2,1.954950094E0,6.570000172E0,-4.095000267E0
2.619060826E2,1.741950035E0,6.088950157E0,-4.024950027E0
2.619085263E2,4.299000263E0,5.749050140E0,-4.486950397E0
2.619109697E2,5.638050079E0,5.104950428E0,-6.541950226E0
2.619134134E2,6.817950249E0,5.515950203E0,-7.696050167E0
2.619158571E2,6.255000114E0,6.088950157E0,-7.741050243E0
2.619183005E2,3.622050285E0,7.113000393E0,-6.678000450E0
2.619207441E2,1.915050149E0,7.234950542E0,-3.493950129E0
2.619231878E2,1.309050083E0,6.469050407E0,-1.566000104E0
2.619256313E2,2.009999990E0,5.824950218E0,-1.549950123E0
2.619280749E2,4.138950348E0,3.888000250E0,-2.673000097E0
2.619305186E2,5.635050297E0,3.637050152E0,-5.059950352E0
2.619329621E2,5.668950081E0,3.691950083E0,-5.734950066E0
2.619354058E2,4.029000282E0,4.872000217E0,-4.375050068E0
2.619378494E2,2.470050097E0,5.445000172E0,-3.489000082E0
2.619402928E2,1.663050056E0,5.808000088E0,-1.609050035E0
2.619427365E2,3.463950157E0,5.647950172E0,-1.236000061E0
2.619451801E2,5.212050438E0,4.777050018E0,-3.690000057E0
2.619476236E2,4.383000374E0,4.707000256E0,-6.328950405E0
2.619500673E2,3.081000090E0,4.228050232E0,-6.817050457E0
2.619525109E2,2.544000149E0,4.246950150E0,-4.477950096E0
2.619549544E2,2.281050205E0,4.551000118E0,5.400000140E-2
2.619573981E2,2.779050112E0,4.906050205E0,1.959000111E0
2.619598418E2,4.170000076E0,5.281950474E0,3.270000219E-1
2.619622854E2,5.614050388E0,5.635950089E0,-3.355050087E0
2.619647289E2,4.153050423E0,6.141000271E0,-6.160950184E0
2.619671725E2,1.120050073E0,6.876000404E0,-5.352000237E0
2.619696162E2,8.295000345E-2,6.096000195E0,-2.755950212E0
2.619720596E2,5.550000072E-1,4.822050095E0,9.900000691E-2
2.619745032E2,3.823050261E0,3.721050262E0,-8.220000267E-1
2.619769469E2,7.278000355E0,2.461050034E0,-3.970050097E0
2.619793904E2,5.917950153E0,2.194950104E0,-5.601000309E0
2.619818340E2,4.366050243E0,3.595950127E0,-6.135000229E0
2.619842777E2,2.913000107E0,5.185950279E0,-3.751950264E0
2.619867211E2,1.483950019E0,5.586000443E0,-9.079500437E-1
2.619891648E2,9.160500169E-1,5.773050308E0,8.460000157E-1
2.619916085E2,9.900000691E-1,5.956950188E0,1.120950103E0
2.619940519E2,2.584950209E0,5.482950211E0,-1.171050072E0
2.619964956E2,4.387950420E0,4.864950180E0,-3.304950237E0
2.619989392E2,5.281050205E0,5.065950394E0,-4.734000206E0
2.620013829E2,5.116050243E0,5.272050381E0,-4.926000118E0
2.620038264E2,3.792000294E0,6.084000111E0,-3.841050148E0
2.620062700E2,3.118950129E0,5.581050396E0,-2.562000036E0
2.620087134E2,4.672950268E0,5.998050213E0,-3.397950172E0
2.620111571E2,6.730050087E0,6.735000134E0,-6.348000526E0
2.620136008E2,5.980050087E0,7.507950306E0,-7.780050278E0
2.620160442E2,6.136050224E0,8.077950478E0,-7.782000542E0
2.620184879E2,8.464950562E0,8.039999962E0,-8.368950844E0
2.620209315E2,7.038000107E0,1.036995029E1,-7.879950523E0
2.620233752E2,5.808000088E0,1.147605038E1,-7.123050213E0
2.620258187E2,6.885000229E0,1.103505039E1,-6.171000481E0
2.620282624E2,5.451000214E0,1.092000008E1,-6.934050560E0
2.620307060E2,2.949000120E0,1.039605045E1,-6.135000229E0
2.620331494E2,2.262000084E0,7.836000443E0,-4.636050224E0
2.620355931E2,2.137050152E0,6.703950405E0,-2.614950180E0
2.620380367E2,3.832050085E0,6.508050442E0,-4.819500148E-1
2.620404802E2,5.728950500E0,5.053950310E0,-1.068000078E0
2.620429239E2,6.733950138E0,5.749050140E0,-2.458950043E0
2.620453675E2,6.196050167E0,6.547950268E0,-5.365950108E0
2.620478109E2,5.329050064E0,7.621050358E0,-6.891000271E0
2.620502546E2,3.934950113E0,9.211050034E0,-6.019950390E0
2.620526983E2,2.343000174E0,8.629050255E0,-4.843950272E0
2.620551417E2,2.346000195E0,7.947000504E0,-2.686950207E0
2.620575854E2,3.516000271E0,5.559000492E0,-1.504050016E0
2.620600290E2,4.089000225E0,4.219050407E0,-1.012950063E0
2.620624727E2,4.129050255E0,3.880950212E0,-1.060500070E-1
2.620649162E2,3.787050247E0,4.702050209E0,5.179499984E-1
2.620673598E2,2.926950216E0,6.876000404E0,3.649500310E-1
2.620698035E2,2.014950037E0,8.361000061E0,6.450000405E-1
2.620722469E2,1.941000104E0,9.309000015E0,-2.830500007E-1
2.620746906E2,1.419000030E0,1.089600086E1,-8.119500279E-1
2.620771343E2,1.153050065E0,1.265595055E1,1.519500017E-1
2.620795777E2,1.498050094E0,1.540695095E1,-1.030500084E-1
2.620820213E2,3.520950079E0,1.811295128E1,-2.230500132E-1
2.620844650E2,4.351950169E0,1.858005142E1,1.806000113E0
2.620869085E2,6.885000229E0,1.821795082E1,-1.459050059E0
2.620893522E2,5.776950359E0,2.029905128E1,-9.541950226E0
2.620917958E2,3.151950121E0,2.003295135E1,-1.089195061E1
2.620942392E2,8.350500464E-1,1.770300102E1,-5.443050385E0
2.620966829E2,6.840000153E-1,1.752795029E1,-3.570000231E-1
2.620991265E2,6.460500360E-1,1.550805092E1,1.966950059E0
2.621015700E2,-1.870500147E-1,1.354695034E1,-5.940000415E-1
2.621040137E2,-6.900000572E-2,1.488300037E1,-7.020000219E-1
2.621064573E2,1.360500008E-1,1.487595081E1,5.730000138E-1
2.621089008E2,1.837950110E0,1.521795082E1,2.553000212E0
2.621113445E2,6.013950348E0,1.628805161E1,-4.240500331E-1
2.621137881E2,4.837950230E0,1.572105122E1,-6.058050156E0
2.621162316E2,5.997000217E0,1.493805027E1,-5.107050419E0
2.621186753E2,3.982950211E0,1.521600056E1,-4.936950207E0
2.621211189E2,2.523000002E0,1.274895096E1,-3.208950043E0
2.621235626E2,2.737950087E0,1.109700012E1,-1.189950109E0
2.621260060E2,5.086950302E0,1.007295036E1,-6.589500308E-1
2.621284496E2,4.795050144E0,1.024305058E1,1.729500145E-1
2.621308933E2,2.662050009E0,1.035300064E1,1.027950048E0
2.621333368E2,1.795050144E0,1.256295013E1,8.440500498E-1
2.621357804E2,4.195950031E0,1.420995045E1,-2.337000132E0
2.621382241E2,6.847050190E0,1.678395081E1,-6.645000458E0
2.621406676E2,6.342000484E0,1.697504997E1,-8.005050659E0
2.621431112E2,4.431000233E0,1.924005127E1,-5.530950069E0
2.621455549E2,4.261050224E0,2.031795120E1,-3.019950151E0
2.621479983E2,5.170950413E0,1.954005051E1,-3.814950228E0
2.621504420E2,3.919050217E0,1.898895073E1,-4.204950333E0
2.621528857E2,1.809000134E0,1.729095078E1,-2.078999996E0
2.621553291E2,2.029500157E-1,1.486605072E1,1.645950079E0
2.621577728E2,-4.000500143E-1,1.569195080E1,8.170500398E-1
2.621602164E2,3.750000298E-1,1.452795029E1,1.306050062E0
2.621626599E2,8.899500370E-1,1.394700050E1,-2.766000032E0
2.621651036E2,1.740000129E0,1.265595055E1,-2.785050154E0
2.621675472E2,3.567000151E0,1.333605099E1,-3.877050161E0
2.621699907E2,5.266950130E0,1.318305016E1,-3.967950106E0
2.621724344E2,5.920050144E0,1.207905102E1,-2.337000132E0
2.621748780E2,6.247950077E0,1.093905067E1,-2.122050047E0
2.621773214E2,5.628000259E0,1.019700050E1,-3.292950153E0
2.621797651E2,5.937000275E0,1.030500031E1,-4.168950081E0
2.621822087E2,5.628000259E0,9.131999969E0,-5.227050304E0
2.621846524E2,4.147950172E0,8.635950089E0,-5.455050468E0
2.621870959E2,1.888050079E0,7.080000401E0,-2.185950041E0
2.621895395E2,1.591050029E0,8.061000824E0,1.123950005E0
2.621919830E2,3.708000183E0,8.895000458E0,6.795000285E-2
2.621944267E2,5.104050159E0,9.286950111E0,-3.472050190E0
2.621968703E2,3.985950232E0,9.831000328E0,-5.731950283E0
2.621993140E2,3.463950157E0,1.013505077E1,-5.767950058E0
2.622017574E2,3.586050272E0,1.083900070E1,-5.293950081E0
2.622042011E2,3.178950071E0,1.148100090E1,-4.899000168E0
2.622066448E2,1.551000118E0,1.092705059E1,-3.501000166E0
2.622090882E2,-1.270500124E-1,9.345000267E0,-6.570000052E-1
2.622115318E2,-2.580000162E-1,6.639000416E0,1.117050052E0
2.622139755E2,2.869950056E0,5.935050488E0,2.950500250E-1
2.622164192E2,5.817000389E0,5.479950428E0,-2.782950163E0
2.622188627E2,4.954950333E0,6.141000271E0,-2.698950052E0
2.622213063E2,2.851050138E0,7.542000294E0,-1.935000062E0
2.622237500E2,2.017950058E0,7.942050457E0,-7.570500374E-1
2.622261935E2,1.860000134E0,9.297000885E0,-4.650000334E-1
2.622286371E2,1.633950114E0,9.850050926E0,-1.180950046E0
2.622310805E2,1.939050078E0,8.734050751E0,-3.204000235E0
2.622335242E2,3.250950098E0,7.827000141E0,-2.613000154E0
2.622359678E2,4.941000462E0,5.298000336E0,-4.261950016E0
2.622384113E2,3.136050224E0,4.221000195E0,-5.098050117E0
2.622408550E2,1.189050078E0,4.101000309E0,1.144950032E0
2.622432986E2,3.487950087E0,4.565999985E0,2.878950119E0
2.622457423E2,7.534050465E0,6.546000481E0,3.000000119E-2
2.622481858E2,6.330000401E0,7.540050507E0,-3.546000242E0
2.622506294E2,2.677950144E0,8.698050499E0,-3.733050108E0
2.622530728E2,1.194000006E0,1.006095028E1,-4.162050247E0
2.622555165E2,1.789950132E0,1.088205051E1,-4.686000347E0
2.622579602E2,1.986000061E0,9.283050537E0,-5.056950092E0
2.622604038E2,-4.159500301E-1,7.056000233E0,-2.458950043E0
2.622628473E2,-1.633050084E0,4.906050205E0,2.457000017E0
2.622652910E2,-2.419500053E-1,4.125000000E0,3.673950195E0
2.622677346E2,5.535000324E0,4.506000042E0,7.189500332E-1
2.622701781E2,7.275000572E0,4.786050320E0,-2.401950121E0
2.622726218E2,3.277050257E0,5.986050129E0,-3.823950291E0
2.622750654E2,5.910000205E-1,7.177950382E0,-2.514000177E0
2.622775088E2,-4.800000042E-2,7.450950146E0,1.900500059E-1
2.622799525E2,2.416950226E0,7.615950584E0,1.009500027E-1
2.622823961E2,3.150000095E0,7.711950302E0,-9.270000458E-1
2.622848398E2,3.685950279E0,6.678000450E0,-3.955950260E0
2.622872833E2,6.199950218E0,5.047050476E0,-6.582000256E0
2.622897269E2,5.808000088E0,2.847000122E0,-7.954050541E0
2.622921706E2,2.221050024E0,4.389000416E0,-5.956950188E0
2.622946141E2,2.676000118E0,4.843950272E0,-3.280500174E-1
2.622970577E2,6.009000301E0,5.635950089E0,7.960500121E-1
2.622995014E2,5.680950165E0,5.581050396E0,-1.260000110E0
2.623019448E2,3.658050060E0,6.723000526E0,-2.320950031E0
2.623043884E2,3.519000053E0,7.944000244E0,-3.178050041E0
2.623068321E2,4.005000114E0,9.192000389E0,-4.545000076E0
2.623092756E2,2.554050207E0,8.806050301E0,-6.546000481E0
2.623117193E2,-5.530500412E-1,7.426950455E0,-3.807000160E0
2.623141629E2,-2.250000000E0,6.511950493E0,2.650950193E0
2.623166064E2,-7.249500155E-1,5.707950115E0,3.573000193E0
2.623190500E2,5.427000046E0,5.236050129E0,1.426050067E0
2.623214937E2,6.765000343E0,5.398950100E0,-4.645050049E0
2.623239371E2,2.532000065E0,6.369000435E0,-4.351050377E0
2.623263808E2,1.519500017E-1,6.871950150E0,-3.051000118E0
2.623288244E2,1.704000115E0,7.291050434E0,-2.016000032E0
2.623312679E2,3.853950262E0,8.014050484E0,-2.577000141E0
2.623337116E2,3.835050106E0,8.020950317E0,-3.120000124E0
2.623361552E2,5.719050407E0,7.257000446E0,-3.634950161E0
2.623385987E2,6.720000267E0,4.927050114E0,-7.317000389E0
2.623410424E2,2.728950024E0,4.852950096E0,-7.288950443E0
2.623434859E2,2.548950195E0,5.284050465E0,-1.995000124E0
2.623459296E2,5.869950294E0,5.571000099E0,-1.440000087E-1
2.623483731E2,7.294950485E0,5.935050488E0,-1.966050148E0
2.623508167E2,4.789950371E0,7.116000175E0,-3.112950087E0
2.623532604E2,4.644000053E0,8.272050858E0,-7.210500240E-1
2.623557039E2,5.212050438E0,1.024500084E1,-3.135000229E0
2.623581475E2,2.884050131E0,1.142100048E1,-4.633050442E0
2.623605912E2,2.479500175E-1,1.000800037E1,-5.626950264E0
2.623630346E2,-2.182950020E0,8.322000504E0,-6.420000196E-1
2.623654782E2,-2.940000057E0,7.504050255E0,3.982950211E0
2.623679219E2,1.438050032E0,5.169000149E0,1.548000097E0
2.623703654E2,8.202000618E0,3.852000237E0,-4.605000019E0
2.623728091E2,7.096050262E0,4.264050007E0,-5.136000156E0
2.623752527E2,3.459000111E0,6.555000305E0,-2.773050070E0
2.623776964E2,2.451000214E0,7.858050346E0,-1.291050076E0
2.623801398E2,4.522050381E0,8.690999985E0,-1.906050086E0
2.623825835E2,4.960050106E0,8.121000290E0,-4.741050243E0
2.623850272E2,5.748000145E0,8.044950485E0,-7.159050465E0
2.623874706E2,5.383950233E0,5.290950298E0,-8.791950226E0
2.623899142E2,2.511000156E0,3.223050117E0,-6.319050312E0
2.623923579E2,2.829000235E0,2.002050161E0,-2.095050097E0
2.623948014E2,7.093050480E0,3.004950047E0,2.929500043E-1
2.623972450E2,7.824000359E0,3.241950035E0,-2.218050003E0
2.623996887E2,4.764000416E0,5.229000092E0,-1.819950104E0
2.624021322E2,4.948050022E0,5.832000256E0,-1.080000028E-1
2.624045758E2,5.491950035E0,7.360050201E0,-3.016950130E0
2.624070195E2,1.096050024E0,9.912000656E0,-5.584050179E0
2.624094630E2,-1.822050095E0,8.353950500E0,-4.565999985E0
2.624119066E2,-2.442000151E0,6.591000080E0,2.580000162E0
2.624143500E2,-5.650500059E-1,5.563950062E0,4.363049984E0
2.624167937E2,3.379950047E0,5.385000229E0,1.744050026E0
2.624192374E2,6.835050106E0,6.249000072E0,1.606950045E0
2.624216810E2,4.753950119E0,5.440050125E0,-2.248950005E0
2.624241245E2,3.483000278E0,6.694050312E0,-3.454950094E0
2.624265682E2,2.650050163E0,1.075500011E1,-2.707950115E0
2.624290118E2,4.165050030E0,1.065195084E1,-3.979950190E0
2.624314553E2,4.443000317E0,1.049595070E1,-5.208000183E0
2.624338990E2,5.098950386E0,1.063800049E1,-5.404050350E0
2.624363426E2,4.668000221E0,7.702050209E0,-6.087000370E0
2.624387863E2,3.178950071E0,6.172050476E0,-4.815000057E0
2.624412297E2,5.464950085E0,7.135050297E0,-5.056950092E0
2.624436733E2,6.724950314E0,7.498950481E0,-6.918000221E0
2.624461170E2,5.829000473E0,8.794050217E0,-6.520050526E0
2.624485605E2,3.910950184E0,8.112000465E0,-4.174050331E0
2.624510041E2,4.291950226E0,8.787000656E0,-1.204950094E0
2.624534478E2,5.008050442E0,9.619950294E0,-5.940000415E-1
2.624558913E2,3.295950174E0,1.017795086E1,-2.659500241E-1
2.624583349E2,8.830500245E-1,8.971050262E0,1.099950075E0
2.624607786E2,-4.995000362E-2,7.345950127E0,3.906000137E0
2.624632220E2,-3.900000155E-1,8.883000374E0,2.805000067E0
2.624656657E2,2.974950075E0,8.835000038E0,4.849500358E-1
2.624681093E2,3.667050123E0,8.275050163E0,-3.895950079E0
2.624705528E2,2.721000195E0,9.019050598E0,-3.661050081E0
2.624729964E2,2.298000097E0,1.060395050E1,-2.011950016E0
2.624754401E2,3.166950226E0,1.155495071E1,-3.405000210E0
2.624778838E2,3.487950087E0,1.076505089E1,-3.682950258E0
2.624803272E2,3.388950109E0,9.057000160E0,-3.843000174E0
2.624827709E2,3.859050274E0,7.087050438E0,-5.521950245E0
2.624852146E2,3.235950232E0,5.061000347E0,-6.301950455E0
2.624876580E2,3.934950113E0,4.675950050E0,-6.364050388E0
2.624901017E2,6.712950230E0,6.253950119E0,-6.850950241E0
2.624925454E2,9.571950912E0,6.867000103E0,-9.475050926E0
2.624949888E2,8.374050140E0,7.597050190E0,-9.217950821E0
2.624974324E2,6.271950245E0,9.148050308E0,-5.922000408E0
2.624998761E2,4.147950172E0,1.041000080E1,-3.685050249E0
2.625023196E2,1.843050122E0,1.095600033E1,-1.789050102E0
2.625047633E2,-7.320000529E-1,9.475950241E0,1.489500105E-1
2.625072069E2,-1.153950095E0,5.581050396E0,2.845050097E0
2.625096504E2,1.993950129E0,4.554000378E0,3.826950073E0
2.625120940E2,8.511000633E0,3.093000174E0,-1.384050012E0
2.625145377E2,1.039995003E1,3.394950151E0,-8.017050743E0
2.625169811E2,5.074950218E0,5.818050385E0,-6.649050236E0
2.625194248E2,1.417050123E0,8.485050201E0,-1.068000078E0
2.625218684E2,4.399500191E-1,1.069995022E1,2.059950113E0
2.625243119E2,-9.480000734E-1,1.157895088E1,3.580500185E-1
2.625267556E2,-1.950000064E-3,1.006500053E1,-3.016950130E0
2.625291992E2,2.302050114E0,6.220050335E0,-6.597000122E0
2.625316426E2,2.712000132E0,2.947050095E0,-6.253950119E0
2.625340863E2,4.668000221E0,4.120500088E-1,-5.175000191E0
2.625365300E2,1.020105076E1,1.513050079E0,-6.975000381E0
2.625389734E2,1.120005035E1,2.859000206E0,-7.810950279E0
2.625414171E2,9.660000801E0,6.709050179E0,-7.693050385E0
2.625438608E2,8.194950104E0,7.753050327E0,-9.513000488E0
2.625463042E2,7.021950245E0,1.000305080E1,-1.030095005E1
2.625487479E2,3.046950102E0,9.903000832E0,-9.111000061E0
2.625511916E2,-1.992000103E0,8.056950569E0,-4.381950378E0
2.625536352E2,-2.698050022E0,3.754050255E0,1.879950047E0
2.625560787E2,-9.960000515E-1,1.848000050E0,6.576000214E0
2.625585223E2,6.592950344E0,3.421050072E0,3.051000118E0
2.625609660E2,9.828000069E0,1.360500008E-1,-4.770000458E0
2.625634094E2,8.929950714E0,-2.650500238E-1,-4.867950439E0
2.625658531E2,8.855999947E0,3.313950062E0,-5.898000240E0
2.625682967E2,8.194950104E0,8.148000717E0,-9.457950592E0
2.625707404E2,6.604950428E0,1.569000053E1,-9.673050880E0
2.625731839E2,4.468950272E0,1.324995041E1,-1.048500061E1
2.625756275E2,1.085505009E1,9.187050819E0,-1.552500057E1
2.625780712E2,1.214505100E1,4.543950081E0,-1.723904991E1
2.625805147E2,1.214100075E1,3.121950150E0,-1.749105072E1
2.625829583E2,1.314600086E1,3.406950235E0,-1.365000057E1
2.625854020E2,1.175295067E1,3.301950216E0,-5.938050270E0
2.625878454E2,1.112505054E1,4.783950329E0,-1.039950013E0
2.625902890E2,1.228905106E1,5.671950340E0,-2.761050224E0
2.625927327E2,1.611795044E1,6.048000336E0,-7.509000301E0
2.625951762E2,1.266300106E1,3.775950193E0,-1.485195065E1
2.625976198E2,5.500950336E0,4.393050194E0,-2.117100143E1
2.626000635E2,4.711050034E0,2.077950001E0,-2.250195122E1
2.626025070E2,8.173049927E0,4.690500200E-1,-2.166405106E1
2.626049506E2,9.823050499E0,2.892000198E0,-9.853050232E0
2.626073943E2,5.587050438E0,3.591000080E0,-3.720000088E-1
2.626098380E2,3.306000233E0,3.699000120E0,2.785050154E0
2.626122814E2,6.979500055E-1,1.432005024E1,6.231000423E0
2.626147250E2,7.680000067E-1,1.060395050E1,5.047950268E0
2.626171687E2,9.090000391E-1,1.179195023E1,-3.829050064E0
2.626196122E2,3.390000165E-1,1.124295044E1,1.198050022E0
2.626220558E2,-4.095000029E-2,8.413050652E0,2.668050051E0
2.626244995E2,-1.147050023E0,8.728950500E0,-1.825050116E0
2.626269430E2,-8.520000577E-1,1.165800095E1,-7.159500122E-1
2.626293866E2,1.057050109E0,1.240905094E1,2.887950182E0
2.626318303E2,2.026950121E0,1.323105049E1,2.730000019E0
2.626342740E2,3.658050060E0,1.432305050E1,3.247950077E0
2.626367174E2,5.628000259E0,1.401105022E1,2.137050152E0
2.626391610E2,7.294950485E0,1.586400032E1,3.262050152E0
2.626416045E2,7.732950211E0,1.450905037E1,3.573000193E0
2.626440482E2,5.158950329E0,1.101105022E1,3.043950081E0
2.626464918E2,3.945000172E0,9.544050217E0,1.830000043E0
2.626489355E2,1.249995041E1,9.289950371E0,4.821000099E0
2.626513789E2,1.207395077E1,6.967050552E0,-2.660805130E1
2.626538226E2,6.030000210E0,6.783000469E0,-3.070995140E1
2.626562663E2,4.243950367E0,7.711950302E0,-2.262900162E1
2.626587097E2,5.274000168E0,9.226950645E0,-7.878000259E0
2.626611534E2,5.665950298E0,1.219200039E1,1.405950069E0
2.626635970E2,6.307950497E0,1.689599991E1,5.188950062E0
2.626660405E2,4.837950230E0,1.373400021E1,4.311000347E0
2.626684841E2,1.855050087E0,1.043700027E1,4.939950466E0
2.626709278E2,1.977000117E0,1.005405045E1,4.408950329E0
2.626733713E2,1.125195026E1,9.904950142E0,-6.297000408E0
2.626758150E2,1.323495102E1,6.982050419E0,-1.987800026E1
2.626782586E2,7.705950260E0,1.047300053E1,-2.055300140E1
2.626807020E2,7.156050205E0,1.226805019E1,-1.258005047E1
2.626831457E2,9.229050636E0,1.278495026E1,-3.810000181E0
2.626855894E2,6.528000355E0,1.409700108E1,-9.390000701E-1
2.626880328E2,3.283950090E0,1.288395023E1,-5.820000172E-1
2.626904765E2,1.666050076E0,1.159305096E1,1.738950133E0
2.626929201E2,7.129500508E-1,1.147095013E1,3.223950148E0
2.626953638E2,6.820500493E-1,1.122705078E1,-3.979500234E-1
2.626978073E2,3.253050089E0,8.871000290E0,-6.223050117E0
2.627002510E2,3.355950117E0,9.898050308E0,-5.455050468E0
2.627026946E2,1.960050106E0,1.269000053E1,-6.060000062E-1
2.627051381E2,3.490050077E0,1.452405071E1,6.259500384E-1
2.627075818E2,4.512000084E0,1.520595074E1,-1.654950023E0
2.627100254E2,5.086950302E0,1.369500065E1,-6.889050484E0
2.627124688E2,1.788000107E0,9.747000694E0,-6.898050308E0
2.627149125E2,1.069500074E-1,6.115050316E0,-1.360050082E0
2.627173562E2,3.859050274E0,5.521050453E0,-1.678950071E0
2.627197996E2,9.943050385E0,8.581050873E0,-3.883950233E0
2.627222433E2,1.264095020E1,7.317000389E0,-7.771950245E0
2.627246869E2,1.222695065E1,6.783000469E0,-9.187050819E0
2.627271304E2,1.114695072E1,1.003395081E1,-8.421000481E0
2.627295741E2,7.893000603E0,1.154805088E1,-8.701050758E0
2.627320177E2,3.049950123E0,1.112100029E1,-5.668050289E0
2.627344614E2,1.564950109E0,8.289000511E0,1.954950094E0
2.627369048E2,1.078950047E0,6.313950062E0,5.304000378E0
2.627393485E2,4.849500358E-1,8.272050858E0,4.347000122E0
2.627417922E2,-3.420000076E-1,4.852950096E0,3.892050266E0
2.627442356E2,7.095000148E-2,3.960000277E0,7.770000100E-1
2.627466793E2,1.684950113E0,7.480050564E0,2.716050148E0
2.627491229E2,2.194950104E0,1.008705044E1,1.777050138E0
2.627515664E2,2.428950071E0,1.168905067E1,-6.370500326E-1
2.627540100E2,5.202000141E0,1.147095013E1,-6.679500341E-1
2.627564537E2,1.716000080E0,8.254950523E0,-8.742000580E0
2.627588972E2,-4.800000042E-2,5.317950249E0,-4.537950039E0
2.627613409E2,5.443950176E0,4.111050129E0,-8.182050705E0
2.627637845E2,1.249305058E1,4.060950279E0,-1.218705082E1
2.627662282E2,1.016805077E1,2.667000055E0,-1.195500088E1
2.627686716E2,7.315950394E0,7.807950497E0,-8.764050484E0
2.627711153E2,8.773950577E0,8.749050140E0,-6.982050419E0
2.627735589E2,6.085050106E0,8.935050011E0,-6.247050285E0
2.627760024E2,1.000050068E0,8.832000732E0,-3.385950089E0
2.627784460E2,-2.892000198E0,8.566950798E0,1.120950103E0
2.627808897E2,-1.305000067E0,5.206950188E0,2.830950022E0
2.627833332E2,4.903050423E0,3.442950249E0,6.190500259E-1
2.627857768E2,7.480950356E0,1.393050075E0,-3.216000080E0
2.627882205E2,3.904050112E0,1.183050036E0,-2.272950172E0
2.627906639E2,1.644000053E0,4.450950146E0,1.737000108E0
2.627931075E2,1.146000028E0,1.088205051E1,3.268950224E0
2.627955512E2,3.214950085E0,9.370950699E0,1.287000060E0
2.627979947E2,2.542050123E0,9.852000237E0,-2.493000031E0
2.628004384E2,2.980500162E-1,8.890050888E0,-4.015950203E0
2.628028820E2,1.090500057E-1,4.681050301E0,-1.798950076E0
2.628053257E2,4.170000076E0,5.518950462E0,-4.416000366E0
2.628077692E2,1.105800056E1,2.538000107E0,-1.278105068E1
2.628102128E2,8.764950752E0,1.759950042E0,-1.188795090E1
2.628126565E2,7.836000443E0,7.000950336E0,-1.024995041E1
2.628150999E2,1.122105026E1,5.433000088E0,-1.134900093E1
2.628175435E2,6.471000195E0,5.928000450E0,-9.898050308E0
2.628199872E2,-2.547000170E0,8.191050529E0,-2.517000198E0
2.628224307E2,-3.067050219E0,5.203050137E0,5.034000397E0
2.628248743E2,-1.939500123E-1,3.607950211E0,4.468950272E0
2.628273180E2,5.259000301E0,3.310950041E0,2.280000210E0
2.628297614E2,4.551000118E0,1.255050063E0,-5.370000005E-1
2.628322051E2,2.511000156E0,2.145000219E0,7.789500356E-1
2.628346487E2,6.700500250E-1,8.950050354E0,2.677950144E0
2.628370924E2,1.603050113E0,1.014705086E1,1.030050039E0
2.628395359E2,4.456950188E0,9.520050049E0,-2.874000072E0
2.628419795E2,1.869000077E0,1.023105049E1,-7.116000175E0
2.628444232E2,-1.705050111E0,8.229000092E0,-3.381000042E0
2.628468666E2,-3.299999982E-2,6.022050381E0,1.332000017E0
2.628493102E2,8.230950356E0,3.939000130E0,-7.432050228E0
2.628517539E2,1.317000103E1,1.055999994E0,-1.704300117E1
2.628541974E2,8.689949989E0,3.886050224E0,-1.708395004E1
2.628566411E2,1.086195087E1,6.682050228E0,-1.534305096E1
2.628590847E2,1.146495056E1,6.816000462E0,-1.418895054E1
2.628615282E2,4.038000107E0,9.199050903E0,-7.123050213E0
2.628639718E2,-1.774050117E0,7.723950386E0,-2.089500129E-1
2.628664155E2,-3.250500262E-1,4.860000134E0,2.059950113E0
2.628688589E2,4.507950306E0,4.774050236E0,1.986000061E0
2.628713026E2,6.873000145E0,2.160000086E0,7.530000210E-1
2.628737462E2,3.277050257E0,-7.605000585E-2,9.109500647E-1
2.628761897E2,4.824000359E0,1.945950150E0,-6.610500216E-1
2.628786334E2,7.801950455E0,3.382950068E0,-4.530000210E0
2.628810770E2,7.294950485E0,1.072605038E1,-7.459050179E0
2.628835207E2,4.483950138E0,9.499950409E0,-6.429000378E0
2.628859641E2,-8.100000024E-2,9.694050789E0,-8.458950043E0
2.628884078E2,3.250500262E-1,8.581050873E0,-1.138995075E1
2.628908515E2,1.369050026E0,8.016000748E0,-4.897050381E0
2.628932949E2,4.444950104E0,6.634050369E0,2.107950211E0
2.628957385E2,6.145050526E0,8.919000626E0,2.256000042E0
2.628981822E2,9.697950363E0,9.838050842E0,-1.813050032E0
2.629006257E2,1.288995075E1,8.284049988E0,-1.077195072E1
2.629030694E2,9.193050385E0,4.735949993E0,-1.516305065E1
2.629055130E2,2.009999990E0,6.169950485E0,-1.053495026E1
2.629079565E2,4.279500246E-1,6.514950275E0,-1.915950060E0
2.629104002E2,4.192049980E0,6.253950119E0,-3.240000010E-1
2.629128438E2,7.299000263E0,4.321950436E0,-1.393950105E0
2.629152872E2,4.186950207E0,2.665050030E0,1.759500057E-1
2.629177309E2,3.861000299E0,4.690050125E0,3.324000120E0
2.629201745E2,5.584950447E0,1.064700031E1,-6.000000238E-2
2.629226182E2,4.117050171E0,1.361100101E1,3.499500155E-1
2.629250617E2,2.512950182E0,1.185600090E1,1.108950019E0
2.629275054E2,1.287000060E0,1.021605015E1,2.806950092E0
2.629299488E2,-6.220500469E-1,8.586000443E0,-9.630000591E-1
2.629323925E2,-8.760000467E-1,7.915050507E0,-1.810950041E0
2.629348361E2,7.564950466E0,7.657050133E0,1.969050050E0
2.629372798E2,4.381050110E0,7.393050194E0,-1.045905018E1
2.629397232E2,9.588000298E0,5.866050243E0,-1.154805088E1
2.629421669E2,1.189200020E1,7.777050495E0,-1.779495049E1
2.629446105E2,5.893950462E0,8.275050163E0,-1.666695023E1
2.629470540E2,5.260500312E-1,7.683000565E0,-1.045905018E1
2.629494977E2,-3.709500134E-1,5.209950447E0,-3.091950178E0
2.629519413E2,4.174950123E0,6.292050362E0,-2.019000053E0
2.629543847E2,6.006000519E0,5.482950211E0,-3.166050196E0
2.629568284E2,2.793000221E0,1.978050113E0,1.846950054E0
2.629592720E2,3.198000193E0,3.582000256E0,4.978950024E0
2.629617157E2,5.317050457E0,1.119105053E1,2.185050011E0
2.629641592E2,4.736999989E0,1.156395054E1,2.572050095E0
2.629666029E2,5.401050091E0,8.863950729E0,1.098000050E0
2.629690465E2,2.506050110E0,7.567950249E0,4.605000094E-2
2.629714900E2,-3.450000286E-1,1.036200047E1,9.490500689E-1
2.629739337E2,4.567049980E0,8.722050667E0,-5.500050068E0
2.629763773E2,6.295950413E0,5.490000248E0,-1.231395054E1
2.629788210E2,7.414050579E0,5.650050163E0,-1.423500061E1
2.629812644E2,7.522050381E0,7.693050385E0,-1.111695099E1
2.629837080E2,1.124805069E1,9.460050583E0,-1.236000061E1
2.629861515E2,4.849950314E0,8.536050797E0,-1.224195099E1
2.629885952E2,-2.659500241E-1,8.904000282E0,-4.794000149E0
2.629910388E2,1.797000051E0,7.633050442E0,-9.510000348E-1
2.629934825E2,6.234000206E0,7.042050362E0,-2.332950115E0
2.629959260E2,1.004595089E1,4.570950031E0,-6.511050224E0
2.629983697E2,7.339950562E0,3.843000174E0,-4.774950027E0
2.630008133E2,3.576000214E0,9.346950531E0,1.597950101E0
2.630032567E2,3.315000057E0,1.233795071E1,4.639050007E0
2.630057004E2,3.627000093E0,1.180905056E1,2.878950119E0
2.630081440E2,3.294000149E0,1.204095078E1,-2.076000214E0
2.630105875E2,1.752000093E0,1.097805023E1,-5.823000431E0
2.630130312E2,3.940500319E-1,8.822999954E0,-2.143050194E0
2.630154748E2,2.650050163E0,6.613050461E0,-1.200000048E0
2.630179183E2,4.788000107E0,8.061000824E0,-6.577950478E0
2.630203620E2,6.390000343E0,5.430000305E0,-1.060200024E1
2.630228056E2,8.623050690E0,8.112000465E0,-1.371300030E1
2.630252491E2,8.575950623E0,8.713050842E0,-1.499805069E1
2.630276928E2,3.816000223E0,8.811000824E0,-1.356405067E1
2.630301364E2,3.799500167E-1,4.377000332E0,-9.594000816E0
2.630325801E2,-6.060000062E-1,5.301000118E0,-3.100950241E0
2.630350235E2,4.699050426E0,5.848950386E0,-1.795950055E0
2.630374672E2,6.033000469E0,3.484050274E0,-4.429500103E-1
2.630399108E2,3.805950165E0,2.458950043E0,5.091000080E0
2.630423543E2,2.905950069E0,2.356050014E0,6.703050137E0
2.630447980E2,6.495000362E0,4.935000420E0,3.937050104E0
2.630472416E2,9.745950699E0,1.183695030E1,1.126049995E0
2.630496853E2,5.238000393E0,9.067049980E0,1.212000012E0
2.630521288E2,1.759500057E-1,9.067049980E0,-4.710000038E0
2.630545724E2,1.420950055E0,9.759000778E0,2.565000057E0
2.630570158E2,3.552000284E0,1.038900089E1,-2.068950176E0
2.630594595E2,3.780000210E0,1.103295040E1,-5.746950150E0
2.630619032E2,4.948050022E0,1.051095009E1,-9.252000809E0
2.630643468E2,8.604000092E0,1.260795021E1,-1.160805035E1
2.630667903E2,8.832000732E0,1.365000057E1,-1.673700142E1
2.630692340E2,1.891050100E0,1.162395096E1,-1.286505032E1
2.630716776E2,-4.570500255E-1,1.008900070E1,-3.805050135E0
2.630741211E2,1.306050062E0,9.180000305E0,-3.079950094E0
2.630765648E2,6.342000484E0,9.912000656E0,-4.729050159E0
2.630790084E2,6.117000103E0,4.482000351E0,-7.729050159E0
2.630814518E2,3.202950239E0,2.722050190E0,-2.863950253E0
2.630838955E2,4.483950138E0,6.751950264E0,4.708050251E0
2.630863391E2,5.491950035E0,1.139400101E1,1.234050035E0
2.630887828E2,3.258000135E0,1.071000004E1,-6.495000422E-2
2.630912263E2,1.359000087E0,7.180050373E0,2.413950205E0
2.630936699E2,-1.319999993E-1,6.153000355E0,4.648050308E0
2.630961133E2,6.499500275E-1,9.131999969E0,3.750000238E0
2.630985570E2,7.441050529E0,8.727000237E0,-1.699500084E-1
2.631010007E2,7.335000515E0,5.598000050E0,-3.337950230E0
2.631034443E2,9.100049973E0,7.291050434E0,-9.810000420E0
2.631058878E2,8.929950714E0,1.003200054E1,-1.797405052E1
2.631083315E2,3.490050077E0,1.032600021E1,-1.783800125E1
2.631107751E2,-5.550000072E-1,9.187050819E0,-9.328950882E0
2.631132186E2,1.399500072E-1,6.760950089E0,-7.279500365E-1
2.631156623E2,6.121050358E0,7.506000519E0,2.550000250E-1
2.631181059E2,9.538050652E0,3.382950068E0,-6.678000450E0
2.631205496E2,5.341050148E0,-8.280000687E-1,-4.984950066E0
2.631229930E2,3.502050161E0,1.687950134E0,1.504950047E0
2.631254367E2,6.661950111E0,6.691950321E0,2.239500135E-1
2.631278803E2,6.889950275E0,1.251195049E1,-9.750000238E-1
2.631303238E2,2.733000040E0,8.109000206E0,-4.549500346E-1
2.631327674E2,-2.440500110E-1,7.756950378E0,3.310050249E0
2.631352111E2,-1.432050109E0,1.138695049E1,2.314050198E0
2.631376546E2,4.246950150E0,8.983050346E0,-6.807000160E0
2.631400983E2,8.880000114E0,7.201950550E0,-1.040595055E1
2.631425419E2,6.463950157E0,4.870050430E0,-1.129005051E1
2.631449853E2,8.491950035E0,7.741050243E0,-9.502950668E0
2.631474290E2,5.161050320E0,7.840950489E0,-1.056195068E1
2.631498727E2,-5.700000525E-1,8.014050484E0,-5.095950127E0
2.631523161E2,-6.529500484E-1,5.161950111E0,-7.950000167E-1
2.631547598E2,3.931050301E0,4.852950096E0,-3.244950056E0
2.631572034E2,9.604950905E0,4.602000237E0,-7.602000237E0
2.631596471E2,8.226000786E0,5.550000072E-1,-7.054050446E0
2.631620906E2,2.965950251E0,2.389050007E0,-9.750000238E-1
2.631645342E2,4.639050007E0,8.643000603E0,1.854000092E0
2.631669779E2,3.307950258E0,1.276395035E1,2.091000080E0
2.631694214E2,2.182950020E0,7.807950497E0,-2.160000056E-1
2.631718650E2,7.095000148E-2,8.643000603E0,8.505000174E-2
2.631743087E2,1.555050015E0,9.414000511E0,-2.251049995E0
2.631767521E2,5.374050140E0,9.385950089E0,-6.247050285E0
2.631791958E2,7.467000484E0,6.454950333E0,-8.328000069E0
2.631816394E2,9.435000420E0,4.783950329E0,-8.521950722E0
2.631840829E2,1.001700020E1,7.258950233E0,-8.184000015E0
2.631865266E2,5.515950203E0,9.310950279E0,-1.191195011E1
2.631889702E2,-4.860000312E-1,9.558000565E0,-7.456050396E0
2.631914139E2,-9.720000625E-1,7.798050404E0,1.800000072E-1
2.631938574E2,2.740950108E0,8.004000664E0,-1.008000016E0
2.631963010E2,9.100049973E0,7.116000175E0,-5.577000141E0
2.631987447E2,5.869950294E0,1.657050133E0,-7.188000202E0
2.632011882E2,2.413050175E0,3.364050150E0,-1.047000051E0
2.632036318E2,6.286950111E0,6.736950397E0,1.306050062E0
2.632060755E2,6.516000271E0,1.101105022E1,-1.461000085E0
2.632085189E2,2.563050032E0,9.097949982E0,2.581950188E0
2.632109626E2,9.619500637E-1,8.002050400E0,3.480000257E0
2.632134063E2,-1.441050053E0,1.270395088E1,1.327050090E0
2.632158497E2,8.730000257E-1,9.673050880E0,3.982950211E0
2.632182933E2,8.152050018E0,9.864000320E0,-4.249950409E0
2.632207370E2,1.243305016E1,5.916000366E0,-1.418895054E1
2.632231805E2,1.284000015E1,7.039050102E0,-1.956705093E1
2.632256242E2,5.173050404E0,9.220050812E0,-1.926000023E1
2.632280678E2,-6.730500460E-1,1.053000069E1,-8.020950317E0
2.632305115E2,-7.279500365E-1,7.611000538E0,-1.969500035E-1
2.632329549E2,2.680950165E0,9.370950699E0,1.708050132E0
2.632353986E2,7.359000206E0,7.065000534E0,-2.610000134E0
2.632378422E2,5.784000397E0,9.580500722E-1,-6.204000473E0
2.632402857E2,4.239000320E0,3.076950073E0,-1.303050041E0
2.632427293E2,7.963050365E0,5.317950249E0,3.580500185E-1
2.632451730E2,9.145050049E0,1.060395050E1,-3.244950056E0
2.632476167E2,3.567000151E0,9.891000748E0,1.228950024E0
2.632500602E2,5.470499992E-1,1.044600010E1,3.208950043E0
2.632525038E2,-1.755000114E0,1.374795055E1,2.103000164E0
2.632549475E2,2.427000046E0,8.964000702E0,2.248950005E0
2.632573909E2,4.696950436E0,1.056405067E1,-6.556050301E0
2.632598346E2,1.129800034E1,6.438000202E0,-1.309005070E1
2.632622782E2,1.229595089E1,7.072950363E0,-1.593000031E1
2.632647217E2,5.734050274E0,7.458000183E0,-1.438500023E1
2.632671653E2,-9.600000083E-2,1.033095074E1,-4.720050335E0
2.632696090E2,-4.069500268E-1,9.309000015E0,-8.700000644E-1
2.632720525E2,3.423000097E0,1.025205040E1,-1.699950099E0
2.632744961E2,6.184050083E0,6.840000153E0,-6.027000427E0
2.632769398E2,2.365050077E0,3.721050262E0,-4.360050201E0
2.632793833E2,2.554050207E0,5.404050350E0,1.729500145E-1
2.632818269E2,6.466050148E0,7.486950397E0,-3.840000033E-1
2.632842706E2,6.484950542E0,1.034595013E1,-9.730500579E-1
2.632867143E2,1.792950034E0,6.699000359E0,6.210000515E-1
2.632891577E2,2.910000086E-1,9.168000221E0,1.009050012E0
2.632916013E2,1.912050128E0,1.287405014E1,-2.350500077E-1
2.632940450E2,3.757950068E0,8.362950325E0,-5.533950329E0
2.632964885E2,7.939050198E0,8.566950798E0,-8.212950706E0
2.632989321E2,1.003800011E1,6.144000053E0,-1.271895027E1
2.633013758E2,7.897950172E0,6.567000389E0,-1.319505024E1
2.633038193E2,4.780500233E-1,4.458000183E0,-9.265950203E0
2.633062629E2,-1.489050031E0,6.436050415E0,2.260500044E-1
2.633087066E2,4.146000385E0,6.610950470E0,7.020000219E-1
2.633111503E2,8.599050522E0,5.485050201E0,-4.921050072E0
2.633135937E2,4.837950230E0,2.868000031E0,-2.874000072E0
2.633160374E2,2.808000088E0,3.322950125E0,1.062000036E0
2.633184811E2,7.704000473E0,5.751000404E0,-1.906050086E0
2.633209245E2,6.586050510E0,8.277000427E0,-5.605950356E0
2.633233681E2,1.077000022E0,6.772950172E0,-4.578000069E0
2.633258118E2,-1.338000059E0,6.984000206E0,-3.195000067E-2
2.633282553E2,2.644950151E0,9.067049980E0,-8.400000632E-2
2.633306989E2,1.097505093E1,9.151050568E0,-7.765050411E0
2.633331426E2,9.187950134E0,7.374000549E0,-9.954000473E0
2.633355861E2,7.828950405E0,7.767000198E0,-1.021200085E1
2.633380297E2,1.117605019E1,7.300050259E0,-1.170600033E1
2.633404734E2,3.318000078E0,6.469050407E0,-1.368405056E1
2.633429168E2,-2.479950190E0,5.904000282E0,-5.814000130E0
2.633453604E2,2.202000141E0,5.064000130E0,3.006000042E0
2.633478041E2,7.543950558E0,5.887050152E0,-2.340000153E0
2.633502478E2,6.528000355E0,4.888950348E0,-1.174050093E0
2.633526913E2,3.366000175E0,3.253950119E0,3.372000217E0
2.633551349E2,3.828000069E0,6.405000210E0,2.007000208E0
2.633575786E2,6.736950397E0,1.158300018E1,-1.899000049E0
2.633600221E2,2.310000181E0,1.105200100E1,-3.310500085E-1
2.633624657E2,4.540500343E-1,7.531950474E0,-1.990500093E-1
2.633649094E2,-2.338950157E0,1.132200050E1,-1.102050066E0
2.633673528E2,-7.710000277E-1,1.199505043E1,2.205000073E-2
2.633697965E2,2.815050125E0,1.144005013E1,3.556050062E0
2.633722401E2,8.161050797E0,9.936000824E0,-4.564050198E0
2.633746836E2,9.868050575E0,1.036005020E1,-1.190505028E1
2.633771273E2,1.001205063E1,8.337000847E0,-1.785900116E1
2.633795709E2,1.576950073E0,9.145950317E0,-9.343050003E0
2.633820146E2,1.240500063E-1,8.428050041E0,-6.610500216E-1
2.633844580E2,3.901950121E0,1.116900063E1,-1.030500084E-1
2.633869017E2,2.290950060E0,7.434000492E0,-3.090000153E-1
2.633893453E2,1.543950081E0,3.936000109E0,5.805000290E-2
2.633917888E2,4.563000202E0,4.906050205E0,-6.880500317E-1
2.633942324E2,9.520950317E0,9.405000687E0,-3.154050112E0
2.633966761E2,4.857000351E0,9.354000092E0,-5.095950127E0
2.633991196E2,2.317050219E0,7.353000164E0,1.153050065E0
2.634015632E2,2.073000193E0,1.020405006E1,1.150050044E0
2.634040069E2,3.267000198E0,1.194495010E1,-7.519500256E-1
2.634064503E2,4.231950283E0,9.630000114E0,-1.269000053E0
2.634088940E2,9.160050392E0,1.057995033E1,-3.685050249E0
2.634113376E2,1.330905056E1,7.147050381E0,-1.404495049E1
2.634137811E2,5.638050079E0,8.217000008E0,-1.732095146E1
2.634162248E2,1.720500141E-1,6.961950302E0,-8.713050842E0
2.634186684E2,2.890950203E0,6.852000237E0,-7.039500475E-1
2.634211121E2,8.683050156E0,6.637050152E0,-5.325000286E0
2.634235556E2,2.479950190E0,5.547000408E0,-9.247050285E0
2.634259992E2,-4.980000257E-1,3.322950125E0,-4.890000224E-1
2.634284429E2,2.926950216E0,2.538000107E0,1.335000038E0
2.634308863E2,7.635000229E0,6.109950066E0,-1.590000033E0
2.634333300E2,2.590050220E0,5.623950481E0,-2.421000004E0
2.634357737E2,-1.659000039E0,5.430000305E0,3.516000271E0
2.634382171E2,-1.459500045E-1,7.294950485E0,4.078050137E0
2.634406607E2,8.416950226E0,5.976000309E0,-8.910000324E-1
2.634431044E2,1.208805084E1,7.567950249E0,-5.682000160E0
2.634455481E2,1.019400024E1,9.144000053E0,-7.786950588E0
2.634479916E2,9.772950172E0,7.504050255E0,-1.251495075E1
2.634504352E2,4.603050232E0,7.209000111E0,-1.349505043E1
2.634528789E2,-1.992000103E0,6.436050415E0,-6.132000446E0
2.634553224E2,1.150950074E0,6.249000072E0,3.622950077E0
2.634577660E2,3.744000196E0,8.028000832E0,6.930000186E-1
2.634602096E2,2.326050043E0,7.063050270E0,3.991950274E0
2.634626531E2,2.053050041E0,6.852000237E0,1.369950056E0
2.634650967E2,5.238000393E0,6.259050369E0,3.087000132E0
2.634675404E2,9.436950684E0,1.081005096E1,-1.017105007E1
2.634699841E2,4.060050011E0,1.129905033E1,-9.277950287E0
2.634724276E2,1.066950083E0,8.515950203E0,-9.150000215E-1
2.634748712E2,2.713950157E0,1.400895023E1,-4.774950027E0
2.634773149E2,2.860050201E0,1.616400146E1,-1.159050107E0
2.634797583E2,2.247000217E0,1.147605038E1,-2.164950132E0
2.634822019E2,7.138950348E0,1.093200016E1,-8.725049973E0
2.634846456E2,8.242950439E0,1.011600018E1,-1.551105118E1
2.634870891E2,2.461050034E0,9.127050400E0,-1.180005074E1
2.634895327E2,7.249500155E-1,6.462000370E0,-4.087950230E0
2.634919764E2,3.382050276E0,7.231050491E0,-5.032950401E0
2.634944199E2,3.652950287E0,3.064950228E0,-7.969050407E0
2.634968635E2,9.280500412E-1,4.405050278E0,-2.830500007E-1
2.634993072E2,1.618050098E0,3.694050074E0,6.214050293E0
2.635017506E2,7.885950565E0,4.807950020E0,8.989500403E-1
2.635041942E2,7.957950592E0,6.715950489E0,-2.221950054E0
2.635066379E2,2.520000219E0,5.547000408E0,2.722950220E0
2.635090816E2,1.426050067E0,8.731950760E0,1.236000061E0
2.635115251E2,4.438050270E0,1.044105053E1,1.888050079E0
2.635139687E2,4.267950058E0,8.184000015E0,-3.396000147E0
2.635164124E2,9.519000053E0,1.034805012E1,-8.697000504E0
2.635188559E2,1.280400085E1,7.393050194E0,-1.615500069E1
2.635212995E2,4.383000374E0,6.579000473E0,-1.739505005E1
2.635237432E2,-2.095050097E0,6.627000332E0,-8.256000519E0
2.635261866E2,2.992050171E0,5.818050385E0,-1.981050134E0
2.635286303E2,9.550050735E0,3.646050215E0,-7.167000294E0
2.635310739E2,3.202950239E0,1.738050103E0,-5.542950153E0
2.635335176E2,1.275000095E0,2.569050074E0,1.471050024E0
2.635359611E2,6.658050537E0,1.506000042E0,1.489950061E0
2.635384047E2,9.895050049E0,2.535000086E0,-3.391050100E0
2.635408484E2,2.508000135E0,3.615000248E0,-6.072000504E0
2.635432919E2,1.134000063E0,6.985950470E0,6.859500408E-1
2.635457355E2,2.213999987E0,9.583950043E0,1.368000031E0
2.635481792E2,5.247000217E0,6.298950195E0,-2.344050169E0
2.635506226E2,7.339950562E0,8.743950844E0,-3.457950115E0
2.635530662E2,9.319950104E0,8.806050301E0,-5.076000214E0
2.635555099E2,7.132050514E0,5.836950302E0,-1.035795021E1
2.635579534E2,1.519500017E-1,7.437000275E0,-1.187400055E1
2.635603970E2,-6.220500469E-1,5.646000385E0,-3.217950106E0
2.635628407E2,6.982950211E0,3.784950256E0,-2.991000175E0
2.635652841E2,5.704950333E0,3.706050158E0,-6.481950283E0
2.635677278E2,6.310500503E-1,2.658000231E0,1.615050077E0
2.635701715E2,3.436950207E0,4.408050060E0,2.553000212E0
2.635726151E2,9.253050804E0,5.716950417E0,-3.901050091E0
2.635750585E2,6.793950558E0,7.669050217E0,-7.225950241E0
2.635775022E2,5.590500236E-1,7.204050541E0,-6.495000422E-2
2.635799459E2,4.639050007E0,1.110495090E1,-1.794000030E0
2.635823894E2,6.057000160E0,1.185195065E1,-6.775950432E0
2.635848330E2,3.934950113E0,1.126695061E1,-3.417000055E0
2.635872767E2,8.026950836E0,1.158105087E1,-5.622000217E0
2.635897201E2,6.897000313E0,9.265950203E0,-8.401950836E0
2.635921638E2,1.215000033E0,1.056600094E1,-5.863950253E0
2.635946075E2,7.819500566E-1,9.466950417E0,6.670500040E-1
2.635970509E2,5.877000332E0,9.426000595E0,-6.709500551E-1
2.635994946E2,5.626050472E0,8.719950676E0,-7.243050575E0
2.636019382E2,2.370000124E0,8.284049988E0,-4.594950199E0
2.636043819E2,2.001000166E0,7.956000328E0,-1.786950111E0
2.636068254E2,5.038950443E0,9.448050499E0,-2.707950115E0
2.636092690E2,4.085999966E0,1.097505093E1,-3.907950163E0
2.636117124E2,7.150500417E-1,9.984000206E0,5.179499984E-1
2.636141561E2,2.326050043E0,1.070505047E1,1.057050109E0
2.636165997E2,6.469050407E0,1.149195099E1,3.700500131E-1
2.636190434E2,5.841000080E0,8.131050110E0,-4.726950169E0
2.636214869E2,1.080495071E1,8.713050842E0,-1.032495022E1
2.636239305E2,9.832950592E0,8.353950500E0,-1.399305058E1
2.636263742E2,2.626050234E0,8.128950119E0,-8.725049973E0
2.636288177E2,-5.410500169E-1,6.642000198E0,1.548000097E0
2.636312613E2,3.805950165E0,7.003050327E0,3.999000072E0
2.636337050E2,5.407950401E0,6.204000473E0,-2.863950253E0
2.636361484E2,2.781000137E0,4.599000454E0,-1.990500093E-1
2.636385921E2,2.572950125E0,6.217950344E0,3.480000198E-1
2.636410357E2,7.345050335E0,5.233950138E0,-3.301950216E0
2.636434794E2,3.871050119E0,7.474950314E0,-6.499050140E0
2.636459229E2,-6.000000238E-2,6.472050190E0,7.579500079E-1
2.636483665E2,1.737000108E0,1.010595036E1,1.645950079E0
2.636508102E2,3.442050219E0,9.127050400E0,-2.233950138E0
2.636532537E2,5.140050411E0,7.264050484E0,-4.387050152E0
2.636556973E2,1.138200092E1,1.015200043E1,-1.005600071E1
2.636581410E2,1.118295097E1,7.678050518E0,-1.429695034E1
2.636605847E2,2.914950132E0,7.140000343E0,-1.269000053E1
2.636630281E2,-9.240000248E-1,7.321950436E0,-3.214050055E0
2.636654717E2,4.771050453E0,6.268050194E0,-2.653050184E0
2.636679152E2,7.599000454E0,3.976950169E0,-1.294905090E1
2.636703589E2,-2.869500220E-1,3.852000237E0,-6.534000397E0
2.636728025E2,9.930000305E-1,2.346000195E0,3.748050213E0
2.636752462E2,7.194000244E0,2.180999994E0,7.069500089E-1
2.636776897E2,5.238000393E0,3.879000187E0,-2.574000120E0
2.636801333E2,-6.750000119E-1,5.145000458E0,2.449950218E0
2.636825770E2,7.560000420E-1,4.635000229E0,4.509000301E0
2.636850204E2,6.636000156E0,6.361950397E0,-1.875000119E0
2.636874641E2,1.082895088E1,7.470000267E0,-6.103950500E0
2.636899078E2,1.136505032E1,8.047050476E0,-6.493950367E0
2.636923512E2,1.103400040E1,7.087050438E0,-1.313805103E1
2.636947948E2,4.936050415E0,8.080950737E0,-1.731599998E1
2.636972385E2,-9.840000272E-1,9.864000320E0,-1.343505096E1
2.636996822E2,4.180500209E-1,1.028805065E1,3.015000105E0
2.637021256E2,2.008050203E0,1.018005085E1,7.105050564E0
2.637045693E2,2.391000032E0,7.639950275E0,3.291000128E0
2.637070128E2,2.218950033E0,9.440999985E0,-2.479050159E0
2.637094564E2,4.294950008E0,1.228695011E1,5.170050144E0
2.637119000E2,4.477050304E0,1.054200077E1,3.805050135E0
2.637143437E2,3.976050138E0,1.079595089E1,-4.621050358E0
2.637167872E2,8.683050156E0,1.300995064E1,-8.632050514E0
2.637192308E2,6.892050266E0,1.203600025E1,-1.474695110E1
2.637216745E2,2.908050060E0,1.507395077E1,-9.685050011E0
2.637241180E2,7.891050339E0,1.386795044E1,-1.228095055E1
2.637265617E2,6.709950447E0,1.264200020E1,-1.006800079E1
2.637290053E2,1.737000108E0,8.818050385E0,-1.948950052E0
2.637314490E2,2.350050211E0,7.156050205E0,4.797000408E0
2.637338924E2,4.977000237E0,1.104000092E1,1.866000056E0
2.637363360E2,3.459000111E0,4.894050121E0,-3.817050219E0
2.637387797E2,1.623000026E0,1.417050123E0,-1.083000064E0
2.637412232E2,5.295000076E0,2.530950069E0,-2.947950125E0
2.637436668E2,7.282950401E0,1.957950115E0,-7.240950108E0
2.637461105E2,2.202000141E0,4.626000404E0,-3.841050148E0
2.637485540E2,2.740950108E0,5.812950134E0,1.216950059E0
2.637509976E2,4.170000076E0,9.781050682E0,-6.795000285E-2
2.637534413E2,2.073000193E0,6.775950432E0,9.370500445E-1
2.637558847E2,6.337050438E0,9.666000366E0,1.291050076E0
2.637583284E2,1.225995064E1,9.394950867E0,-8.266050339E0
2.637607720E2,8.740950584E0,4.678050041E0,-1.381995106E1
2.637632155E2,5.809500217E-1,6.924000263E0,-1.123200035E1
2.637656592E2,4.954950333E0,6.337950230E0,-6.106050491E0
2.637681028E2,1.101795006E1,3.223050117E0,-1.114305019E1
2.637705465E2,3.100050211E0,2.586000204E0,-8.425950050E0
2.637729899E2,3.508950233E0,4.328999996E0,8.599500656E-1
2.637754336E2,8.157000542E0,3.048000097E0,-1.417950034E0
2.637778773E2,4.855050087E0,4.159049988E0,-4.356000423E0
2.637803207E2,-2.059500068E-1,4.255050182E0,9.660000205E-1
2.637827644E2,2.619000196E0,7.042050362E0,1.224000096E0
2.637852080E2,5.986950397E0,8.923050880E0,-4.722000122E0
2.637876517E2,3.211950064E0,8.239050865E0,-5.596050262E0
2.637900951E2,7.084050179E0,9.915000916E0,-2.850000143E0
2.637925388E2,8.908050537E0,8.088000298E0,-7.312950134E0
2.637949823E2,1.339950085E0,8.358000755E0,-9.610950470E0
2.637974260E2,-1.348050117E0,8.686050415E0,-4.839000225E0
2.637998696E2,3.445050240E0,7.063050270E0,-3.481950283E0
2.638023133E2,3.718050241E0,4.621050358E0,-3.079950094E0
2.638047568E2,4.999500215E-1,5.145000458E0,3.682950258E0
2.638072004E2,8.440500498E-1,9.333000183E0,4.588050365E0
2.638096441E2,5.379000187E0,9.144000053E0,3.148950100E0
2.638120875E2,3.760950089E0,5.950050354E0,-2.131050110E0
2.638145311E2,3.205050230E0,1.127505016E1,-1.873050094E0
2.638169748E2,7.210950375E0,1.424595070E1,-4.015950203E0
2.638194183E2,4.357050419E0,1.207005024E1,-6.130050182E0
2.638218619E2,6.016050339E0,1.445205116E1,-2.763000250E0
2.638243056E2,9.988050461E0,1.393005085E1,-7.573950291E0
2.638267491E2,4.936050415E0,1.248105049E1,-6.649050236E0
2.638291927E2,9.310500622E-1,1.289295101E1,-4.372050285E0
2.638316364E2,2.500950098E0,1.291500092E1,-3.930000067E-1
2.638340798E2,5.695050240E0,1.216800022E1,-5.409000397E0
2.638365235E2,1.732950091E0,1.017105007E1,-7.156950474E0
2.638389671E2,4.710000157E-1,9.754050255E0,-1.581000090E0
2.638414108E2,5.233050346E0,8.527950287E0,-2.265000105E0
2.638438543E2,4.126950264E0,7.125000477E0,-4.684050083E0
2.638462979E2,2.427000046E0,7.810050488E0,6.739500165E-1
2.638487416E2,4.864050388E0,1.043700027E1,1.093050003E0
2.638511851E2,5.121000290E0,8.515950203E0,-1.380000114E0
2.638536288E2,4.311000347E0,5.221950054E0,-3.360000134E0
2.638560724E2,9.439949989E0,8.602950096E0,-8.893050194E0
2.638585161E2,8.262000084E0,6.502950191E0,-1.410000038E1
2.638609595E2,5.910000205E-1,5.397000313E0,-5.368050098E0
2.638634032E2,1.311000109E0,5.563950062E0,2.185050011E0
2.638658468E2,8.025000572E0,6.976950169E0,4.605000094E-2
2.638682903E2,4.294950008E0,1.729050040E0,-2.826000214E0
2.638707339E2,3.217050076E0,4.278000355E0,2.437950134E0
2.638731776E2,8.556000710E0,4.204050064E0,-1.369950056E0
2.638756211E2,8.237999916E0,2.737050056E0,-8.895000458E0
2.638780647E2,1.720500141E-1,4.920000076E0,-6.985050201E0
2.638805084E2,8.080500364E-1,5.926050186E0,-2.673000097E0
2.638829518E2,5.218950272E0,6.850050449E0,-6.666000366E0
2.638853955E2,3.763050079E0,6.532050133E0,-4.617000103E0
2.638878392E2,7.816950321E0,8.068950653E0,-3.412050247E0
2.638902826E2,8.607000351E0,4.884000301E0,-7.087950230E0
2.638927262E2,2.508000135E0,3.766050100E0,-8.352000237E0
2.638951699E2,-6.150000095E-1,5.992950439E0,-3.819000244E0
2.638976136E2,3.174000263E0,5.308050156E0,-3.931950092E0
2.639000570E2,5.712000370E0,3.160500228E-1,-6.786000252E0
2.639025007E2,1.668000102E0,2.442000151E0,-1.762950063E0
2.639049444E2,5.170950413E0,3.976950169E0,-6.919500232E-1
2.639073878E2,9.781949997E0,4.225950241E0,-2.716050148E0
2.639098315E2,5.764950275E0,4.699950218E0,-2.299050093E0
2.639122752E2,1.129050016E0,1.023495007E1,-4.729050159E0
2.639147186E2,3.457050085E0,1.282095051E1,-1.113900089E1
2.639171622E2,3.094950199E0,1.100400066E1,-1.019505024E1
2.639196059E2,1.342050076E0,1.200705051E1,1.051950097E0
2.639220494E2,4.953000069E0,1.047000027E1,-1.249500066E-1
2.639244931E2,2.547000170E0,9.601050377E0,-3.379500210E-1
2.639269367E2,2.317050219E0,9.124950409E0,2.199000120E0
2.639293804E2,7.897950172E0,1.009905052E1,-3.910500109E-1
2.639318239E2,9.946950912E0,7.518000126E0,-1.019100094E1
2.639342675E2,5.092050076E0,6.273000240E0,-9.433950424E0
2.639367112E2,4.033950329E0,9.678000450E0,-7.293000221E0
2.639391546E2,5.571000099E0,6.523950100E0,-7.083000183E0
2.639415982E2,1.684950113E0,7.396050453E0,-3.160950184E0
2.639440419E2,2.467950106E0,8.686050415E0,6.760500073E-1
2.639464854E2,3.301050186E0,1.440195084E1,1.489950061E0
2.639489291E2,2.464950085E0,1.279005051E1,2.520000219E0
2.639513727E2,1.963050127E0,1.227105045E1,2.104950190E0
2.639538162E2,9.817950249E0,1.456200027E1,6.105000153E-2
2.639562598E2,4.879050255E0,9.997950554E0,-8.734950066E0
2.639587035E2,8.320500255E-1,1.022805023E1,-5.281950474E0
2.639611469E2,3.057000160E0,1.176300049E1,-4.465950012E0
2.639635906E2,4.855050087E0,7.293000221E0,-7.180950165E0
2.639660342E2,-1.270500124E-1,5.599950314E0,-4.753050327E0
2.639684779E2,3.400950193E0,5.514000416E0,-1.489500105E-1
2.639709214E2,1.004595089E1,7.288050175E0,-5.103000164E0
2.639733650E2,6.337050438E0,6.031050205E0,-6.445950508E0
2.639758087E2,2.410050154E0,5.800950050E0,-3.280500174E-1
2.639782522E2,5.473050117E0,1.049400043E1,-4.180950165E0
2.639806958E2,5.404950142E0,1.181100082E1,-2.835000038E0
2.639831395E2,5.098950386E0,8.239050865E0,-5.388000488E0
2.639855829E2,8.881950378E0,8.125950813E0,-1.248195076E1
2.639880266E2,7.608000278E0,5.842050076E0,-1.640895081E1
2.639904702E2,7.510500550E-1,7.614000320E0,-7.111950397E0
2.639929139E2,6.790500283E-1,9.072000504E0,2.902950048E0
2.639953574E2,5.665950298E0,4.984950066E0,2.830500007E-1
2.639978010E2,6.457050323E0,3.417000055E0,1.086000085E0
2.640002447E2,8.677950859E0,6.139050484E0,2.242050171E0
2.640026882E2,1.244205093E1,5.037000179E0,-5.260950089E0
2.640051318E2,5.121000290E0,3.631950140E0,-1.040400028E1
2.640075755E2,-3.370500207E-1,8.926050186E0,-7.789050579E0
2.640100189E2,2.721000195E0,1.074300098E1,-5.385000229E0
2.640124625E2,3.454050064E0,9.247050285E0,-2.280000210E0
2.640149062E2,6.531000137E0,1.113795090E1,3.475050211E0
2.640173497E2,1.310295105E1,1.069800091E1,-7.179000378E0
2.640197933E2,6.628950119E0,9.733050346E0,-1.151505089E1
2.640222370E2,-2.610000074E-1,1.202595043E1,-1.870500147E-1
2.640246805E2,1.879050136E0,1.081695080E1,8.479500413E-1
2.640271241E2,4.225049973E0,1.108995056E1,-8.119950294E0
2.640295678E2,1.246950030E0,9.325950623E0,-3.760050297E0
2.640320115E2,3.334050179E0,6.535950184E0,-1.894050121E0
2.640344549E2,6.871050358E0,8.052000046E0,-6.678000450E0
2.640368985E2,3.595050097E0,8.373000145E0,-5.979000092E0
2.640393422E2,6.889500618E-1,8.713050842E0,3.070500195E-1
2.640417857E2,2.536950111E0,1.115205097E1,-3.360000253E-1
2.640442293E2,3.088050127E0,1.292700100E1,1.548000097E0
2.640466730E2,1.350000024E0,1.248105049E1,-1.993050098E0
2.640491165E2,7.860000610E0,1.059900093E1,-1.822950125E0
2.640515601E2,3.720000267E0,7.530000210E0,-8.067000389E0
2.640540038E2,1.375950098E0,9.007050514E0,-4.261950016E0
2.640564474E2,3.985950232E0,9.208050728E0,-3.448050261E0
2.640588909E2,5.784000397E0,5.836950302E0,-8.167050362E0
2.640613345E2,1.303950071E0,5.298000336E0,-2.185950041E0
2.640637782E2,3.780000210E0,5.121000290E0,7.170000076E-1
2.640662217E2,9.598050117E0,4.879050255E0,-6.349950314E0
2.640686653E2,3.697950125E0,3.421050072E0,-6.867000103E0
2.640711090E2,1.306050062E0,6.370950222E0,-5.659500360E-1
2.640735524E2,3.475950241E0,8.643000603E0,-2.632050037E0
2.640759961E2,3.526050091E0,8.892000198E0,-2.176950216E0
2.640784398E2,6.922950268E0,9.627000809E0,-6.420000076E0
2.640808835E2,9.016050339E0,6.661050320E0,-1.260195065E1
2.640833268E2,2.131950140E0,6.702000141E0,-1.204395103E1
2.640857705E2,-7.180500627E-1,7.848000526E0,-5.626950264E0
2.640882142E2,6.129000187E0,6.277950287E0,-2.020950079E0
2.640906576E2,7.924050331E0,2.686050177E0,-5.754000187E0
2.640931013E2,2.398050070E0,4.201950073E0,-2.134050131E0
2.640955450E2,8.827050209E0,4.614000320E0,-6.589500308E-1
2.640979884E2,1.280100060E1,3.241950035E0,-3.709050179E0
2.641004321E2,5.056050301E0,3.639000177E0,-5.287050247E0
2.641028758E2,2.005950212E0,9.072000504E0,-7.111950397E0
2.641053192E2,8.532000542E0,8.181000710E0,-1.067895031E1
2.641077628E2,4.996050358E0,9.832950592E0,-8.320950508E0
2.641102065E2,7.363950253E0,1.069005013E1,-1.981050134E0
2.641126500E2,9.567000389E0,9.939000130E0,-4.468050003E0
2.641150936E2,1.089000106E0,1.120995045E1,-7.471050262E0
2.641175373E2,-2.638050079E0,1.289295101E1,6.942000389E0
2.641199810E2,3.499950171E0,1.035495090E1,1.303050041E0
2.641224245E2,3.841950178E0,9.663000107E0,-4.213950157E0
2.641248681E2,3.478050232E0,9.529050827E0,-3.070500195E-1
2.641273118E2,7.462050438E0,1.082700062E1,-8.584050179E0
2.641297552E2,5.604000092E0,9.097949982E0,-1.160595036E1
2.641321989E2,3.270000219E-1,9.136950493E0,-3.007950068E0
2.641346425E2,1.311000109E0,8.950050354E0,-2.320950031E0
2.641370860E2,2.013000011E0,1.342500019E1,-2.194050074E0
2.641395296E2,2.764950037E0,1.266600037E1,-4.510500133E-1
2.641419733E2,6.837000370E0,9.771000862E0,-3.738000154E0
2.641444168E2,5.881950378E0,7.117950439E0,-8.419050217E0
2.641468605E2,2.932050228E0,7.321950436E0,-4.993050098E0
2.641493041E2,3.366000175E0,8.515950203E0,-4.720500112E-1
2.641517478E2,4.405050278E0,7.132050514E0,-2.364000082E0
2.641541912E2,1.486050129E0,1.831950068E0,-8.380500674E-1
2.641566349E2,7.410000563E-1,4.915050030E0,3.607050180E0
2.641590785E2,4.921950340E0,6.064950466E0,-1.875000119E0
2.641615220E2,1.990950108E0,1.968000054E0,-1.404000044E0
2.641639656E2,1.476000071E0,3.820950270E0,3.027000189E0
2.641664093E2,3.460950136E0,7.807950497E0,1.816050053E0
2.641688528E2,3.172050238E0,6.393000126E0,-9.010500312E-1
2.641712964E2,5.683050156E0,9.216000557E0,-2.863950253E0
2.641737401E2,9.078000069E0,7.681050301E0,-1.145205021E1
2.641761835E2,2.827050209E0,4.911000252E0,-1.380795097E1
2.641786271E2,-1.980000138E0,7.093950272E0,-6.016950130E0
2.641810708E2,2.128050089E0,5.524050236E0,-1.783950090E0
2.641835143E2,6.808950424E0,1.342950106E0,-7.612050533E0
2.641859579E2,2.556000233E0,4.009950161E0,-2.445000172E0
2.641884016E2,6.162000179E0,4.659000397E0,3.724050283E0
2.641908453E2,1.139400101E1,2.269950151E0,-4.321950436E0
2.641932888E2,5.905950069E0,2.986050129E0,-4.009050369E0
2.641957324E2,4.177050114E0,9.129000664E0,-1.315050006E0
2.641981761E2,6.724950314E0,8.755949974E0,-5.929050446E0
2.642006195E2,6.246000290E0,1.070700073E1,-9.007950783E0
2.642030632E2,8.956050873E0,1.227495098E1,-8.590950012E0
2.642055068E2,1.001205063E1,6.895050526E0,-1.048995018E1
2.642079503E2,2.140050173E0,7.504050255E0,-1.436400032E1
2.642103939E2,8.899500370E-1,7.609050274E0,-5.067000389E0
2.642128376E2,7.363950253E0,6.607950211E0,7.909500599E-1
2.642152813E2,6.291000366E0,3.417000055E0,-3.040950060E0
2.642177248E2,2.721000195E0,7.891050339E0,6.252000332E0
2.642201684E2,9.777000427E0,6.460050106E0,-3.970050097E0
2.642226118E2,6.343950272E0,5.233950138E0,-1.363395023E1
2.642250555E2,-1.219050050E0,8.089950562E0,-8.608050346E0
2.642274992E2,-9.300000221E-2,8.659950256E0,-4.222050190E0
2.642299428E2,3.472950220E0,7.498950481E0,-6.022050381E0
2.642323863E2,5.389050484E0,8.677050591E0,-4.276950359E0
2.642348299E2,1.077600098E1,6.996000290E0,-5.530950069E0
2.642372736E2,8.767050743E0,4.000950336E0,-8.686950684E0
2.642397171E2,-6.769500375E-1,7.051050186E0,-5.863950253E0
2.642421607E2,2.961000204E0,6.304050446E0,5.419500470E-1
2.642446044E2,9.445050240E0,4.096950054E0,-5.080950260E0
2.642470478E2,2.188050032E0,4.152000427E0,-5.905050278E0
2.642494915E2,1.893000126E0,7.393050194E0,5.314050198E0
2.642519352E2,7.599000454E0,5.868000507E0,-2.550000191E0
2.642543788E2,3.373050213E0,3.031050205E0,-3.442950249E0
2.642568223E2,9.550500512E-1,5.635950089E0,3.312000275E0
2.642592659E2,2.641950130E0,8.599950790E0,1.324950099E0
2.642617096E2,3.397050142E0,8.527950287E0,-3.652050257E0
2.642641531E2,6.241050243E0,9.069000244E0,-6.357000351E0
2.642665967E2,8.614050865E0,1.021905041E1,-1.306605053E1
2.642690404E2,1.879050136E0,7.365000248E0,-1.148295021E1
2.642714838E2,-8.449500203E-1,1.036500072E1,-1.909050107E0
2.642739275E2,3.282000065E0,9.440999985E0,-9.820500612E-1
2.642763712E2,4.432950020E0,4.969950199E0,-4.328999996E0
2.642788148E2,2.841000080E0,6.225000381E0,-1.240950108E0
2.642812583E2,7.996050358E0,6.453000069E0,-1.119000077E0
2.642837019E2,9.306000710E0,2.962050200E0,-1.079205036E1
2.642861456E2,2.009999990E0,4.531949997E0,-4.581000328E0
2.642885891E2,2.664000034E0,8.914050102E0,3.817050219E0
2.642910327E2,3.940050125E0,9.570000648E0,6.000000052E-3
2.642934764E2,3.243000269E0,1.077405071E1,3.312000275E0
2.642959199E2,8.370000839E0,1.360395050E1,-4.339500070E-1
2.642983635E2,7.186950207E0,9.120000839E0,-1.007100010E1
2.643008072E2,1.194000006E0,1.042500019E1,-1.054305077E1
2.643032506E2,7.960500121E-1,1.135605049E1,-4.060950279E0
2.643056942E2,6.342000484E0,8.779950142E0,-6.124950409E0
2.643081379E2,3.615000248E0,7.318950176E0,-6.400050163E0
2.643105814E2,3.496950150E0,1.016595078E1,1.311000109E0
2.643130250E2,8.716950417E0,9.346950531E0,-4.344000340E0
2.643154687E2,6.255000114E0,8.092950821E0,-7.435050488E0
2.643179122E2,1.777950048E0,1.058505058E1,-2.473950148E0
2.643203558E2,3.013950109E0,1.173900032E1,-4.783950329E0
2.643227994E2,2.506050110E0,1.221105099E1,-3.321000099E0
2.643252431E2,4.555950165E0,1.366605091E1,-2.517000198E0
2.643276866E2,1.154400063E1,1.077405071E1,-7.234050274E0
2.643301302E2,5.560950279E0,8.196000099E0,-8.821050644E0
2.643325739E2,4.450500309E-1,9.192000389E0,-1.003950000E0
2.643350174E2,3.049950123E0,9.306000710E0,1.291050076E0
2.643374611E2,4.048050404E0,5.734050274E0,-5.347050190E0
2.643399047E2,9.709500670E-1,4.729050159E0,-1.324950099E0
2.643423481E2,4.006950378E0,5.032950401E0,-1.269000053E0
2.643447918E2,9.505050659E0,5.077950478E0,-7.542000294E0
2.643472354E2,2.710050106E0,3.409050226E0,-4.380000114E0
2.643496791E2,2.443950176E0,7.587000370E0,2.290050030E0
2.643521226E2,3.805950165E0,8.092950821E0,-3.550500274E-1
2.643545662E2,3.342000246E0,9.201000214E0,-6.799500585E-1
2.643570099E2,8.611050606E0,1.207905102E1,-3.642000198E0
2.643594534E2,1.017300034E1,8.494950294E0,-1.183800030E1
2.643618970E2,2.110949993E0,7.768950462E0,-1.092300034E1
2.643643407E2,-2.250000089E-1,1.119600010E1,-2.388000011E0
2.643667841E2,6.172050476E0,7.312050343E0,-2.316000223E0
2.643692278E2,4.852050304E0,6.694050312E0,-7.501950264E0
2.643716714E2,2.584950209E0,8.932950020E0,-5.010000467E-1
2.643741149E2,8.263950348E0,7.471950531E0,-6.324000359E0
2.643765586E2,4.819050312E0,6.690000534E0,-9.166050911E0
2.643790022E2,-2.595000155E-2,8.533050537E0,-3.499500155E-1
2.643814459E2,2.728950024E0,1.061400032E1,-6.280500293E-1
2.643838893E2,4.251000404E0,1.155705070E1,-2.293950081E0
2.643863330E2,6.741000175E0,1.265400028E1,-3.001050234E0
2.643887767E2,1.075695038E1,1.090305042E1,-9.694950104E0
2.643912201E2,5.446050167E0,9.204000473E0,-1.229295063E1
2.643936637E2,-4.549500346E-1,1.073805046E1,-4.429950237E0
2.643961074E2,1.576950073E0,9.661050797E0,2.040000111E-1
2.643985509E2,5.464950085E0,6.133950233E0,-4.320000172E0
2.644009945E2,2.926950216E0,6.639000416E0,-1.492050052E0
2.644034382E2,5.626050472E0,7.003050327E0,7.069500089E-1
2.644058817E2,8.535000801E0,5.799000263E0,-5.874000072E0
2.644083254E2,1.267950058E0,4.555950165E0,-3.058050156E0
2.644107690E2,9.550500512E-1,7.623000145E0,2.704050064E0
2.644132125E2,2.338050127E0,7.816950321E0,-8.839500546E-1
2.644156561E2,2.362050056E0,7.231050491E0,-2.440050125E0
2.644180998E2,7.632000446E0,9.709050179E0,-6.184950352E0
2.644205435E2,7.789950371E0,5.646000385E0,-1.207005024E1
2.644229869E2,1.558050036E0,5.995050430E0,-7.813050270E0
2.644254305E2,4.159500301E-1,7.812000275E0,8.220000267E-1
2.644278742E2,5.061000347E0,4.578000069E0,-1.552050114E0
2.644303177E2,3.025950193E0,3.165000200E0,-3.649050236E0
2.644327613E2,1.069500074E-1,5.392050266E0,2.485950232E0
2.644352050E2,7.180050373E0,3.558000088E0,9.079500437E-1
2.644376485E2,5.841000080E0,-2.389500141E-1,-6.898050308E0
2.644400921E2,2.700000107E-1,3.709050179E0,-1.200000048E0
2.644425358E2,3.627000093E0,5.607000351E0,4.410000145E-1
2.644449792E2,4.711050034E0,4.954050064E0,-5.206050396E0
2.644474229E2,5.728950500E0,1.029495049E1,-3.676050186E0
2.644498665E2,1.005300045E1,8.392050743E0,-4.791000366E0
2.644523102E2,3.502050161E0,6.376050472E0,-1.044900036E1
2.644547537E2,-2.503950119E0,1.098495007E1,-6.763950348E0
2.644571973E2,3.883050203E0,7.578000546E0,-6.337950230E0
2.644596410E2,7.804950237E0,2.928000212E0,-1.036995029E1
2.644620844E2,2.287950039E0,4.482000351E0,-4.798950195E0
2.644645281E2,6.651000500E0,4.882050037E0,2.338050127E0
2.644669717E2,1.028700066E1,3.751950264E0,-5.124000072E0
2.644694152E2,1.101000071E0,4.759950161E0,-3.175050259E0
2.644718588E2,1.800000072E0,6.247050285E0,1.129050016E0
2.644743025E2,5.719050407E0,5.581050396E0,-5.107050419E0
2.644767460E2,3.904050112E0,9.976950645E0,-6.997050285E0
2.644791897E2,5.130000114E0,9.876000404E0,-7.471050262E0
2.644816333E2,3.718050241E0,6.781050205E0,-9.183000565E0
2.644840768E2,-6.870000362E-1,7.225950241E0,-6.826950550E0
2.644865204E2,3.817950249E0,6.634050369E0,-1.084950089E0
2.644889640E2,7.636950493E0,5.014050007E0,-1.684050083E0
2.644914077E2,2.793000221E0,4.732950211E0,2.677950144E0
2.644938512E2,1.785000086E0,7.099050522E0,5.380950451E0
2.644962948E2,3.591000080E0,9.073950768E0,3.078000069E0
2.644987385E2,2.890950203E0,6.526950359E0,2.017050028E0
2.645011820E2,2.755050182E0,7.096950531E0,3.705000132E-2
2.645036257E2,6.784950256E0,8.835000038E0,-6.190050125E0
2.645060693E2,3.580950260E0,1.014705086E1,-7.851000309E0
2.645085127E2,8.650050163E0,1.288395023E1,-8.581950188E0
2.645109564E2,8.140049934E0,1.166700077E1,-1.360695076E1
2.645134001E2,1.255950093E0,1.010595036E1,-7.738950253E0
2.645158435E2,4.279500246E-1,1.030995083E1,2.509950161E0
2.645182872E2,3.412950277E0,1.165305042E1,1.330050111E0
2.645207308E2,1.608000040E0,8.464050293E0,-3.130050182E0
2.645231743E2,8.350500464E-1,6.883050442E0,2.275050163E0
2.645256180E2,5.542050362E0,9.013950348E0,-4.200000286E0
2.645280616E2,4.884000301E0,5.583000183E0,-8.797050476E0
2.645305053E2,1.231950045E0,5.008950233E0,-3.337950230E0
2.645329487E2,4.335000038E0,6.445050240E0,-1.939950109E0
2.645353924E2,3.835050106E0,7.189950466E0,-2.770950079E0
2.645378361E2,6.907050133E0,1.075005054E1,-3.345000267E0
2.645402795E2,9.009000778E0,8.004000664E0,-9.316950798E0
2.645427232E2,4.174950123E0,5.362950325E0,-1.078905010E1
2.645451668E2,-5.170500278E-1,7.944000244E0,-3.618000269E0
2.645476103E2,3.139950037E0,7.429050446E0,1.119000077E0
2.645500540E2,6.283950329E0,2.377050161E0,-5.038050175E0
2.645524976E2,2.311950207E0,3.409050226E0,-1.822950125E0
2.645549411E2,7.254000187E0,4.999050140E0,1.537950039E0
2.645573848E2,1.043295002E1,1.783950090E0,-7.516050339E0
2.645598284E2,1.431000113E0,3.847950220E0,-6.094050407E0
2.645622719E2,4.210500121E-1,5.964000225E0,-8.820000291E-1
2.645647155E2,4.479000092E0,4.678050041E0,-3.988950253E0
2.645671592E2,6.733950138E0,7.699950218E0,-3.879000187E0
2.645696029E2,1.079295063E1,7.843950272E0,-2.445000172E0
2.645720463E2,7.126950264E0,5.722050190E0,-7.633050442E0
2.645744900E2,5.380499959E-1,7.281000137E0,-9.606000900E0
2.645769336E2,5.191950321E0,7.663950443E0,-6.235050201E0
2.645793771E2,9.250950813E0,4.864950180E0,-7.042050362E0
2.645818208E2,8.350500464E-1,5.076000214E0,-1.012950063E0
2.645842644E2,-8.790000677E-1,9.313950539E0,7.320000172E0
2.645867079E2,4.222949982E0,9.793050766E0,1.215000033E0
2.645891516E2,3.457050085E0,7.293000221E0,-1.284000039E0
2.645915952E2,3.277050257E0,7.756950378E0,3.480000198E-1
2.645940387E2,4.408950329E0,8.719950676E0,-5.349000454E0
2.645964823E2,2.716950178E0,1.267305088E1,-5.569950104E0
2.645989259E2,7.030950546E0,1.534500027E1,-8.755949974E0
2.646013696E2,6.054000378E0,1.156395054E1,-1.117695045E1
2.646038131E2,5.569500327E-1,9.916950226E0,-5.758950233E0
2.646062568E2,8.110500574E-1,1.041705036E1,7.720500231E-1
2.646087004E2,4.315950394E0,1.076895046E1,-1.264950037E0
2.646111439E2,3.081000090E0,7.144050121E0,-4.281000137E0
2.646135876E2,5.374050140E0,8.121000290E0,-7.759500146E-1
2.646160312E2,1.043100071E1,8.914050102E0,-6.304950237E0
2.646184747E2,4.414050102E0,5.776950359E0,-8.412000656E0
2.646209184E2,2.548950195E0,7.720950603E0,-1.365000010E0
2.646233620E2,5.106000423E0,9.073950768E0,-1.891950130E0
2.646258057E2,3.528000116E0,9.232050896E0,-1.630950093E0
2.646282491E2,8.391000748E0,1.210500050E1,-1.207050085E0
2.646306928E2,1.028700066E1,8.706000328E0,-1.006800079E1
2.646331362E2,4.054950237E0,7.729050159E0,-1.155795097E1
2.646355799E2,1.255950093E0,9.484050751E0,-2.359050035E0
2.646380235E2,6.418050289E0,8.196000099E0,-2.497950077E0
2.646404672E2,4.635000229E0,4.357950211E0,-5.875950336E0
2.646429107E2,3.193050146E0,7.822050571E0,1.585950017E0
2.646453544E2,9.487950325E0,7.044000149E0,-1.966050148E0
2.646477980E2,5.968050480E0,4.711950302E0,-7.509000301E0
2.646502415E2,6.289500594E-1,8.121000290E0,-7.860000134E-1
2.646526852E2,4.273050308E0,7.702050209E0,-8.410500288E-1
2.646551288E2,3.574050188E0,8.016000748E0,-2.902050257E0
2.646575723E2,4.243950367E0,1.043700027E1,-2.332950115E0
2.646600159E2,9.889950752E0,8.478000641E0,-1.045395088E1
2.646624596E2,2.535000086E0,8.068950653E0,-1.230000019E1
2.646649033E2,-1.587000132E0,9.000000000E0,-1.698000073E0
2.646673467E2,2.710050106E0,8.176050186E0,2.046000004E0
2.646697904E2,4.773000240E0,5.470950127E0,-2.553000212E0
2.646722340E2,2.034000158E0,7.386000156E0,2.215950012E0
2.646746775E2,5.923050404E0,9.915000916E0,8.680500388E-1
2.646771212E2,6.022950172E0,6.400050163E0,-7.225950241E0
2.646795648E2,1.239000082E0,7.003050327E0,-2.014050007E0
2.646820083E2,2.037000179E0,9.175050735E0,-1.183050036E0
2.646844520E2,3.937950134E0,8.374950409E0,-5.227050304E0
2.646868956E2,5.310000420E0,1.127700043E1,-4.569000244E0
2.646893390E2,1.050105095E1,1.161000061E1,-8.886000633E0
2.646917828E2,6.126000404E0,8.545050621E0,-1.151205063E1
2.646942264E2,4.540500343E-1,1.035300064E1,-5.445000172E0
2.646966701E2,2.278950214E0,1.023105049E1,-1.483050108E0
2.646991135E2,3.519000053E0,7.068000317E0,-4.677000046E0
2.647015571E2,8.539500237E-1,6.169950485E0,-2.482950211E0
2.647040008E2,4.804950237E0,7.333950520E0,3.460500240E-1
2.647064443E2,7.515000343E0,4.686000347E0,-7.368000507E0
2.647088880E2,1.347000122E0,4.261950016E0,-2.811000109E0
2.647113316E2,3.187950134E0,7.519950390E0,1.468950033E0
2.647137751E2,5.070000172E0,6.358950138E0,-2.458950043E0
2.647162188E2,4.612950325E0,9.745050430E0,-1.297950029E0
2.647186624E2,9.754050255E0,1.062105083E1,-7.075950146E0
2.647211058E2,5.542050362E0,8.703000069E0,-1.204605103E1
2.647235495E2,-8.520000577E-1,9.690000534E0,-9.103950500E0
2.647259931E2,1.848000050E0,8.008950233E0,-2.482950211E0
2.647284366E2,6.961950302E0,3.967050076E0,-6.822000504E0
2.647308803E2,2.650050163E0,5.538000107E0,-3.451050282E0
2.647333240E2,4.873950005E0,7.378950119E0,3.073050261E0
2.647357676E2,8.851050377E0,8.176050186E0,-3.345000267E0
2.647382111E2,3.916050196E0,6.097950459E0,-3.136950254E0
2.647406548E2,1.989000082E0,9.131999969E0,1.842000127E0
2.647430984E2,4.137000084E0,8.734050751E0,-2.728050232E0
2.647455418E2,4.383000374E0,1.147800064E1,-2.680050135E0
2.647479855E2,9.718050003E0,1.448295116E1,-7.875000477E0
2.647504292E2,8.142000198E0,1.133205032E1,-1.298895073E1
2.647528726E2,1.273050070E0,1.162695026E1,-6.859950542E0
2.647553163E2,2.829000235E0,1.317300034E1,-1.854000092E0
2.647577599E2,6.366000175E0,1.090305042E1,-3.976950169E0
2.647602034E2,1.591050029E0,9.670050621E0,-3.690000057E0
2.647626471E2,4.327950001E0,1.201395035E1,4.630500078E-1
2.647650907E2,7.543950558E0,1.016400051E1,-6.918000221E0
2.647675341E2,1.186950088E0,8.968950272E0,-6.253950119E0
2.647699778E2,3.510000110E-1,7.480050564E0,-9.870000482E-1
2.647724215E2,2.764950037E0,6.120000362E0,-4.075950146E0
2.647748651E2,3.898950100E0,7.846050262E0,-4.509000301E0
2.647773086E2,8.286000252E0,8.782050133E0,-6.621000290E0
2.647797523E2,6.871050358E0,4.690050125E0,-1.178805065E1
2.647821959E2,1.326000094E0,4.843950272E0,-5.766000271E0
2.647846394E2,8.200500607E-1,7.201950550E0,3.832050085E0
2.647870830E2,3.615000248E0,4.432050228E0,3.540000200E0
2.647895267E2,2.532000065E0,8.430000544E-1,8.250000477E-1
2.647919701E2,3.816000223E0,4.258950233E0,4.270050049E0
2.647944138E2,8.479949951E0,4.068000317E0,1.215000033E0
2.647968574E2,3.627000093E0,-6.690000296E-1,-5.383050442E0
2.647993009E2,1.587000132E0,3.394950151E0,-1.080000043E0
2.648017446E2,3.933000088E0,4.197000027E0,-2.791950226E0
2.648041883E2,3.355950117E0,4.057950020E0,-2.047950029E0
2.648066319E2,8.236050606E0,9.739950180E0,-2.493000031E0
2.648090754E2,6.900000095E0,6.814050198E0,-1.070295048E1
2.648115190E2,-2.869500220E-1,6.721050262E0,-8.881050110E0
2.648139627E2,-3.600000218E-2,8.815950394E0,-1.332000017E0
2.648164061E2,5.614050388E0,7.051050186E0,-4.672049999E0
2.648188498E2,2.536950111E0,4.288050175E0,-5.215050220E0
2.648212934E2,4.249050140E0,7.350000381E0,7.459500432E-1
2.648237371E2,9.322950363E0,6.802050114E0,-5.071950436E0
2.648261806E2,3.457050085E0,5.305950165E0,-7.818000317E0
2.648286242E2,3.010950089E0,9.220050812E0,-1.546950102E0
2.648310679E2,5.206950188E0,6.948000431E0,-3.657000065E0
2.648335113E2,3.400950193E0,8.847000122E0,-3.106050253E0
2.648359549E2,8.680950165E0,1.207905102E1,-3.609000206E0
2.648383986E2,7.930950165E0,7.984950542E0,-1.160100079E1
2.648408421E2,-2.560500205E-1,8.239050865E0,-9.633000374E0
2.648432857E2,5.449500084E-1,7.312050343E0,-1.696050048E0
2.648457294E2,6.715050220E0,4.714050293E0,-3.679950237E0
2.648481728E2,4.393050194E0,2.926050186E0,-4.894050121E0
2.648506165E2,5.166000366E0,6.730050087E0,2.659050226E0
2.648530601E2,9.459000587E0,6.936000347E0,-3.355050087E0
2.648555036E2,2.166000128E0,4.531949997E0,-4.734000206E0
2.648579473E2,9.709500670E-1,7.321950436E0,2.685000181E0
2.648603909E2,4.242000103E0,7.060950279E0,-1.951950073E0
2.648628346E2,4.558050156E0,7.192050457E0,-3.610950232E0
2.648652781E2,9.271950722E0,1.035795021E1,-6.388050079E0
2.648677217E2,8.608950615E0,7.984950542E0,-1.183800030E1
2.648701654E2,7.849500179E-1,7.546950340E0,-8.565000534E0
2.648726088E2,1.278000116E0,9.819000244E0,-7.500000596E-1
2.648750524E2,5.712000370E0,7.018050194E0,-3.661050081E0
2.648774961E2,2.817000151E0,6.153000355E0,-3.489000082E0
2.648799396E2,2.707050085E0,8.184000015E0,7.770000100E-1
2.648823832E2,7.648950577E0,8.863950729E0,-4.336950302E0
2.648848269E2,3.555000067E0,5.365950108E0,-7.528050423E0
2.648872704E2,1.383000016E0,8.107049942E0,-4.789500237E-1
2.648897140E2,4.041000366E0,7.551000595E0,-3.546000242E0
2.648921577E2,4.105050087E0,7.810050488E0,-2.056950092E0
2.648946014E2,8.590050697E0,1.267305088E1,-2.902050257E0
2.648970448E2,8.692950249E0,9.601050377E0,-9.376950264E0
2.648994884E2,1.678050041E0,8.943000793E0,-7.744050503E0
2.649019321E2,1.359000087E0,9.814050674E0,-1.975950122E0
2.649043756E2,5.140050411E0,7.024950504E0,-4.248000145E0
2.649068192E2,3.337050200E0,4.222949982E0,-4.387050152E0
2.649092629E2,4.266000271E0,7.486950397E0,-3.195000067E-2
2.649117064E2,8.761950493E0,6.649050236E0,-4.234050274E0
2.649141500E2,3.021000147E0,4.450950146E0,-6.190050125E0
2.649165937E2,1.045050025E0,7.693050385E0,1.894950032E0
2.649190371E2,5.359950066E0,6.196050167E0,-2.212949991E0
2.649214807E2,3.883050203E0,8.068950653E0,-2.380050182E0
2.649239244E2,7.929000378E0,1.130295086E1,-4.071000099E0
2.649263679E2,8.503950119E0,8.502000809E0,-1.143300056E1
2.649288116E2,1.524000049E0,8.578950882E0,-1.057800007E1
2.649312552E2,2.310000062E-1,8.464050293E0,-2.124000072E0
2.649336989E2,5.479950428E0,6.004950523E0,-3.652050257E0
2.649361424E2,3.478050232E0,2.950050116E0,-3.562950134E0
2.649385860E2,4.726050377E0,6.004950523E0,2.302050114E0
2.649410297E2,9.199950218E0,6.852000237E0,-2.554950237E0
2.649434731E2,3.556950092E0,3.496050119E0,-6.325950146E0
2.649459167E2,1.018950105E0,7.807950497E0,9.780000448E-1
2.649483604E2,3.064050198E0,6.763950348E0,-2.722950220E0
2.649508039E2,3.382050276E0,7.903050423E0,-2.919000149E0
2.649532476E2,7.500000477E0,1.143300056E1,-3.637050152E0
2.649556912E2,8.049000740E0,8.622000694E0,-1.043205070E1
2.649581349E2,4.609500170E-1,8.533050537E0,-8.425950050E0
2.649605783E2,-3.640500307E-1,9.565050125E0,-1.510500014E-1
2.649630219E2,5.829000473E0,6.675000191E0,-2.514000177E0
2.649654656E2,4.572000027E0,3.946050167E0,-5.301000118E0
2.649679091E2,5.164050102E0,7.000950336E0,-3.019500077E-1
2.649703527E2,1.022805023E1,7.432050228E0,-4.654950142E0
2.649727964E2,3.436950207E0,5.515950203E0,-8.062050819E0
2.649752399E2,1.275000095E0,9.180000305E0,6.349500418E-1
2.649776835E2,5.415000439E0,6.895050526E0,-2.428050041E0
2.649801272E2,4.941000462E0,8.755949974E0,-4.624050140E0
2.649825706E2,9.721950531E0,1.185900021E1,-5.320950031E0
2.649850142E2,1.090800095E1,9.429000854E0,-1.169400024E1
2.649874579E2,2.182950020E0,9.690000534E0,-9.421950340E0
2.649899014E2,9.090000391E-1,1.122000027E1,-2.095050097E0
2.649923451E2,5.781000137E0,7.630050182E0,-3.594000101E0
2.649947887E2,4.528950214E0,6.076950073E0,-5.112000465E0
2.649972324E2,5.404950142E0,8.755949974E0,2.400000095E-1
2.649996758E2,8.551950455E0,8.926050186E0,-3.934050083E0
2.650021195E2,2.218950033E0,7.578000546E0,-5.482950211E0
2.650045631E2,-4.000500143E-1,1.044600010E1,2.425950050E0
2.650070066E2,2.251950026E0,8.775000572E0,-1.413000107E0
2.650094502E2,1.735050082E0,1.116195011E1,-1.552050114E0
2.650118939E2,6.544950485E0,1.401600075E1,-1.135050058E0
2.650143374E2,7.792950153E0,1.171005058E1,-9.645000458E0
2.650167810E2,8.080500364E-1,9.124950409E0,-4.477950096E0
2.650192247E2,1.999500096E-1,9.556050301E0,2.713950157E0
2.650216684E2,2.113049984E0,1.008900070E1,-5.269500017E-1
2.650241119E2,1.543950081E0,6.472050190E0,-1.537950039E0
2.650265555E2,1.639500111E-1,6.526950359E0,7.909500599E-1
2.650289992E2,4.459950447E0,9.759000778E0,-1.777050138E0
2.650314426E2,2.740950108E0,6.997950554E0,-5.323050022E0
2.650338862E2,2.415000200E0,6.007050514E0,-2.083950043E0
2.650363299E2,4.861950397E0,7.056000233E0,-5.493000031E0
2.650387734E2,4.120050430E0,7.104000568E0,-5.143050194E0
2.650412170E2,8.188050270E0,1.030995083E1,-5.710950375E0
2.650436607E2,7.761000156E0,7.137000561E0,-1.114800072E1
2.650461042E2,2.755050182E0,4.116000175E0,-8.965050697E0
2.650485479E2,9.229500294E-1,5.527950287E0,-2.173950195E0
2.650509915E2,4.204050064E0,5.113950253E0,-3.312000275E0
2.650534349E2,2.737950087E0,5.029500127E-1,-3.673050165E0
2.650558786E2,1.266000032E0,4.338000298E0,2.704050064E0
2.650583223E2,6.303000450E0,3.751950264E0,1.669950128E0
2.650607657E2,3.937950134E0,1.269000053E0,-3.958050251E0
2.650632094E2,-4.810500145E-1,4.966050148E0,-1.168950081E0
2.650656530E2,3.919050217E0,3.024000168E0,-2.743950129E0
2.650680967E2,5.092050076E0,3.498000145E0,-3.241950035E0
2.650705402E2,8.784000397E0,7.566000462E0,-2.491050005E0
2.650729838E2,8.282999992E0,5.413050175E0,-6.111000061E0
2.650754275E2,2.092050076E0,4.687950134E0,-8.436000824E0
2.650778709E2,4.239000320E0,3.586950064E0,-1.281705093E1
2.650803146E2,1.128300095E1,1.891050100E0,-1.551495075E1
2.650827582E2,6.327000141E0,1.699500084E-1,-1.275705051E1
2.650852019E2,1.495950103E0,3.357000113E0,-4.861050129E0
2.650876454E2,6.184050083E0,6.558000088E0,2.380500138E-1
2.650900890E2,5.556000233E0,4.270950317E0,1.306050062E0
2.650925327E2,1.869000077E0,7.528050423E0,2.814000130E0
2.650949761E2,3.270000219E0,7.635000229E0,3.499050140E0
2.650974198E2,2.937000036E0,1.007700062E1,2.236950159E0
2.650998635E2,5.796000481E0,1.544505119E1,2.460000038E0
2.651023069E2,6.339000225E0,1.287195015E1,-8.313000679E0
2.651047506E2,1.540950060E0,1.006095028E1,-6.297000408E0
2.651071942E2,2.142000198E0,1.005405045E1,-4.345950127E0
2.651096377E2,2.511000156E0,1.188300037E1,-7.830000401E0
2.651120814E2,1.582050085E0,7.249950409E0,-2.923950195E0
2.651145250E2,2.311950207E0,8.185950279E0,-8.550000191E-1
2.651169685E2,4.456950188E0,1.182495022E1,-4.261950016E0
2.651194122E2,3.430050135E0,8.416049957E0,-3.829050064E0
2.651218558E2,2.791050196E0,9.259050369E0,-1.036949992E0
2.651242995E2,5.419950485E0,9.418950081E0,-3.534000158E0
2.651267429E2,5.010000229E0,1.204305077E1,-1.024950027E0
2.651291866E2,8.614050865E0,1.609905052E1,-7.747950554E0
2.651316302E2,6.556950092E0,1.112100029E1,-7.255050182E0
2.651340737E2,1.567050099E0,9.697050095E0,-4.207050323E0
2.651365174E2,1.797000051E0,9.985950470E0,-1.680000126E-1
2.651389610E2,3.412950277E0,7.819950581E0,-2.470950127E0
2.651414045E2,1.600950122E0,4.494000435E0,-3.393000126E0
2.651438481E2,5.137050152E0,6.313950062E0,-3.570000231E-1
2.651462918E2,7.648950577E0,5.266950130E0,-6.348000526E0
2.651487352E2,2.740950108E0,5.422950268E0,-4.618950367E0
2.651511789E2,2.857950211E0,8.803950310E0,1.312950015E0
2.651536225E2,2.640000105E0,7.578000546E0,-6.420000196E-1
2.651560662E2,2.500950098E0,1.020705032E1,1.930950046E0
2.651585097E2,8.893950462E0,1.186800098E1,-2.509950161E0
2.651609534E2,6.780000210E0,8.758049965E0,-8.653050423E0
2.651633970E2,1.384950042E0,9.919050217E0,-6.253950119E0
2.651658405E2,2.985000134E0,1.056795025E1,-1.537950039E0
2.651682841E2,5.508000374E0,6.868950367E0,-3.919950247E0
2.651707278E2,2.817000151E0,7.690050602E0,-2.047950029E0
2.651731712E2,5.467950344E0,1.002495003E1,4.180500209E-1
2.651756149E2,5.710050106E0,9.919050217E0,-5.458950043E0
2.651780585E2,8.610000610E-1,9.718050003E0,-1.593000054E0
2.651805022E2,1.515000105E0,9.994050026E0,1.210500076E-1
2.651829457E2,3.325050116E0,8.428050041E0,-4.532999992E0
2.651853894E2,4.311000347E0,1.212000084E1,-1.870050073E0
2.651878330E2,9.934950829E0,1.285200024E1,-8.035950661E0
2.651902765E2,5.616000175E0,9.682050705E0,-1.058595085E1
2.651927201E2,8.010000587E-1,9.964950562E0,-4.605000019E0
2.651951638E2,2.247000217E0,8.221950531E0,-2.578950167E0
2.651976072E2,4.251000404E0,5.092950344E0,-7.537950516E0
2.652000509E2,1.966950059E0,4.159049988E0,-5.152950287E0
2.652024946E2,6.163950443E0,5.440050125E0,-2.067000151E0
2.652049382E2,8.109000206E0,1.410000086E0,-8.653050423E0
2.652073817E2,2.106000185E0,3.205950260E0,-1.255050063E0
2.652098253E2,3.205050230E0,5.353950024E0,4.087950230E0
2.652122690E2,5.173050404E0,3.271050215E0,-1.870500147E-1
2.652147125E2,5.974950314E0,8.061000824E0,-4.410000145E-1
2.652171562E2,9.387000084E0,7.437000275E0,-4.066050053E0
2.652195998E2,2.583000183E0,5.563950062E0,-1.134000015E1
2.652220435E2,-1.381050110E0,7.810050488E0,-8.385000229E0
2.652244869E2,4.515000343E0,4.006050110E0,-6.379050255E0
2.652269305E2,6.232050419E0,1.408050060E0,-8.953050613E0
2.652293742E2,2.131950140E0,2.479950190E0,-2.151000023E0
2.652318177E2,7.744950294E0,4.006050110E0,2.580000162E0
2.652342613E2,9.291000366E0,2.775000095E0,-5.067000389E0
2.652367050E2,1.362000108E0,5.449050426E0,-2.457000017E0
2.652391485E2,3.568950176E0,4.258950233E0,-1.110000089E-1
2.652415921E2,5.020050049E0,3.946050167E0,-4.666950226E0
2.652440358E2,7.965000153E0,8.052000046E0,-2.469000101E0
2.652464795E2,1.121205044E1,7.555950165E0,-5.968950272E0
2.652489229E2,2.353049994E0,7.156050205E0,-1.017600060E1
2.652513665E2,-1.177950025E0,9.285000801E0,-3.952950239E0
2.652538100E2,6.129000187E0,6.426000118E0,-3.673050165E0
2.652562537E2,4.423950195E0,5.404050350E0,-2.943000078E0
2.652586973E2,9.739500284E-1,7.828950405E0,4.500000000E0
2.652611410E2,6.294000149E0,9.378000259E0,1.260000110E0
2.652635845E2,3.829950094E0,8.257950783E0,-4.240950108E0
2.652660281E2,1.396950126E0,8.785050392E0,-7.740000486E-1
2.652684718E2,3.270000219E0,7.711950302E0,-3.694950104E0
2.652709152E2,3.270000219E0,7.819950581E0,-4.927950382E0
2.652733588E2,6.703050137E0,1.195905018E1,-5.905050278E0
2.652758025E2,7.540950298E0,1.097505093E1,-1.318305016E1
2.652782462E2,1.033950090E0,9.199050903E0,-6.421950340E0
2.652806897E2,-3.829500079E-1,9.517050743E0,9.180000424E-1
2.652831333E2,3.955050230E0,9.424050331E0,-8.719500303E-1
2.652855770E2,2.695050240E0,4.918050289E0,-3.285000086E0
2.652880205E2,4.536000252E0,7.537050247E0,3.390000165E-1
2.652904642E2,7.527000427E0,8.751000404E0,-5.359050274E0
2.652929078E2,2.506050110E0,6.570000172E0,-5.344950199E0
2.652953512E2,1.563000083E0,8.959050179E0,1.396950126E0
2.652977949E2,3.004050255E0,8.739000320E0,4.990500212E-1
2.653002385E2,2.131950140E0,8.725049973E0,1.585950017E0
2.653026820E2,9.235950470E0,1.395105076E1,-9.319500327E-1
2.653051257E2,5.820000172E0,1.036995029E1,-7.935000420E0
2.653075694E2,1.105050087E0,1.010400009E1,-5.650950432E0
2.653100128E2,1.656000137E0,1.143705082E1,-1.819950104E0
2.653124565E2,4.090950012E0,8.878050804E0,-6.997050285E0
2.653149001E2,2.908050060E0,6.904950142E0,-3.762000084E0
2.653173438E2,7.512000561E0,1.064700031E1,-2.380500138E-1
2.653197873E2,8.599050522E0,1.077705097E1,-7.248000145E0
2.653222309E2,2.920050144E0,8.952000618E0,-5.436000347E0
2.653246746E2,3.523950100E0,9.678000450E0,-4.140000343E0
2.653271180E2,4.251000404E0,6.253950119E0,-1.072395039E1
2.653295617E2,5.049000263E0,6.460050106E0,-1.030800056E1
2.653320053E2,7.623000145E0,8.212050438E0,-1.576395035E1
2.653344488E2,1.744950056E0,5.092950344E0,-1.448595047E1
2.653368925E2,-2.302950144E0,6.016950130E0,-2.983950138E0
2.653393361E2,3.390000165E-1,4.882050037E0,6.142050266E0
2.653417796E2,2.097000122E0,1.695000052E0,6.280950069E0
2.653442233E2,9.190500379E-1,1.302000046E0,5.806950092E0
2.653466670E2,4.254000187E0,3.045000076E0,7.159950256E0
2.653491106E2,8.542050362E0,4.600500166E-1,-9.850500226E-1
2.653515540E2,8.851050377E0,-2.644950151E0,-1.423050046E0
2.653539977E2,1.510200119E1,-3.661950111E0,-1.609995079E1
2.653564413E2,1.545405102E1,-1.237050056E0,-1.991100121E1
2.653588850E2,8.482049942E0,5.566950321E0,-1.260405064E1
2.653613285E2,6.598050117E0,9.735000610E0,-8.590950012E0
2.653637721E2,4.909950256E0,8.964000702E0,-7.645050526E0
2.653662158E2,2.034000158E0,6.802050114E0,-5.110050201E0
2.653686593E2,1.429050088E0,4.819950104E0,4.267950058E0
2.653711029E2,4.657950401E0,2.066295052E1,2.842950106E0
2.653735466E2,4.105050087E0,1.280700016E1,4.726950169E0
2.653759900E2,-3.850500286E-1,5.916000366E0,-6.540000439E-1
2.653784337E2,-1.909500062E-1,1.482105064E1,2.362050056E0
2.653808773E2,7.530000210E-1,1.493100071E1,-9.130500555E-1
2.653833210E2,1.939050078E0,1.021905041E1,1.188000083E0
2.653857645E2,2.547000170E0,1.193295097E1,-1.195050001E0
2.653882081E2,2.050950050E0,1.600304985E1,-2.209500074E-1
2.653906518E2,3.765000105E0,1.525395107E1,4.390050411E0
2.653930952E2,1.113495064E1,6.247050285E0,-2.673000097E0
2.653955389E2,5.980050087E0,1.016400051E1,-1.650900078E1
2.653979825E2,1.227705097E1,7.480050564E0,-2.471400070E1
2.654004260E2,3.246000051E0,6.678000450E0,-1.948995018E1
2.654028696E2,3.732000113E0,5.719950199E0,-7.612050533E0
2.654053133E2,3.765000105E0,8.722050667E0,-2.704050064E0
2.654077570E2,1.129050016E0,5.397000313E0,5.431050301E0
2.654102005E2,4.309050083E0,8.452050209E0,7.009050369E0
2.654126441E2,5.283000469E0,8.731950760E0,1.855950117E0
2.654150878E2,3.391950130E0,7.662000179E0,2.644050121E0
2.654175312E2,6.033000469E0,1.355400085E1,5.953050137E0
2.654199749E2,4.855050087E0,1.052805042E1,3.504000187E0
2.654224185E2,1.222950101E0,8.890050888E0,1.737000108E0
2.654248620E2,4.531949997E0,1.102095032E1,-1.008000016E0
2.654273057E2,5.133000374E0,4.918050289E0,-1.054695034E1
2.654297493E2,3.090000153E0,3.541050196E0,-9.871950150E0
2.654321928E2,6.973950386E0,7.486950397E0,-1.191000080E1
2.654346365E2,5.275950432E0,7.192050457E0,-8.689050674E0
2.654370801E2,1.330500096E-1,7.990050316E0,-1.521000028E0
2.654395238E2,2.536950111E0,9.631950378E0,1.888050079E0
2.654419673E2,2.628000021E0,1.060395050E1,-1.695000008E-2
2.654444109E2,4.230000019E0,8.433000565E0,1.123950005E0
2.654468546E2,9.172050476E0,1.065900040E1,-3.436050177E0
2.654492980E2,4.024050236E0,7.810050488E0,-7.545000553E0
2.654517417E2,2.050950050E0,6.424050331E0,-8.428050041E0
2.654541853E2,4.033950329E0,7.240050316E0,-9.184950829E0
2.654566288E2,2.451000214E0,3.235050201E0,-9.661050797E0
2.654590725E2,4.210500121E-1,2.919000149E0,-1.590000033E0
2.654615161E2,5.884050369E0,6.132000446E0,2.299050093E0
2.654639596E2,2.194950104E0,2.944950104E0,-3.252000093E0
2.654664032E2,1.251000047E0,2.764950037E0,1.335000038E0
2.654688469E2,4.845000267E0,3.369000196E0,-3.910500109E-1
2.654712905E2,6.013950348E0,9.769500494E-1,-5.341950417E0
2.654737340E2,9.832950592E0,7.092000484E0,-3.568050146E0
2.654761776E2,7.942950249E0,4.342950344E0,-6.738000393E0
2.654786213E2,8.520000577E-1,5.509050369E0,-9.577950478E0
2.654810648E2,1.387950063E0,7.341000557E0,-9.858000755E0
2.654835085E2,6.672000408E0,3.007050037E0,-8.646000862E0
2.654859521E2,3.472950220E0,1.573050022E0,-8.128950119E0
2.654883958E2,2.785950184E0,3.333000183E0,1.390050054E0
2.654908392E2,6.415950298E0,4.177950382E0,4.027950287E0
2.654932829E2,3.685950279E0,4.113000393E0,4.410000145E-1
2.654957265E2,2.796000242E0,7.530000210E0,2.211000204E0
2.654981700E2,3.514050245E0,6.192000389E0,-2.770950079E0
2.655006137E2,5.832000256E0,7.635000229E0,-3.628050089E0
2.655030573E2,9.913950920E0,1.216005039E1,-8.469000816E0
2.655055010E2,3.907050133E0,1.103505039E1,-9.955950737E0
2.655079445E2,1.909500062E-1,1.157895088E1,-3.475050211E0
2.655103881E2,1.905000091E0,1.319205093E1,-1.128000021E0
2.655128318E2,3.423000097E0,9.718050003E0,-2.335050106E0
2.655152752E2,2.781000137E0,7.027050495E0,5.179499984E-1
2.655177188E2,6.492000103E0,8.646000862E0,-2.785050154E0
2.655201625E2,4.716000080E0,1.028295040E1,-8.979000092E0
2.655226060E2,6.291000366E0,8.983050346E0,-7.191000462E0
2.655250496E2,6.861000538E0,7.969950199E0,-9.288000107E0
2.655274933E2,3.892050266E0,6.745050430E0,-6.922050476E0
2.655299368E2,7.423950195E0,1.197105026E1,-3.360000134E0
2.655323805E2,8.916000366E0,1.190205097E1,-7.708050251E0
2.655348241E2,2.403000116E0,7.815000534E0,-6.814950466E0
2.655372675E2,2.170950174E0,8.764950752E0,1.059000015E0
2.655397112E2,3.222000122E0,9.028950691E0,9.990000725E-1
2.655421548E2,1.089000106E0,4.678050041E0,-1.204950094E0
2.655445986E2,2.101050138E0,3.273000240E0,1.651050091E0
2.655470420E2,5.491950035E0,5.737050056E0,-2.421000004E0
2.655494857E2,5.929500461E-1,4.639950275E0,-2.404050112E0
2.655519293E2,1.321050048E0,6.678000450E0,3.039000034E0
2.655543728E2,1.711050034E0,6.687000275E0,1.078050017E0
2.655568165E2,1.026000023E0,7.615950584E0,-5.370000005E-1
2.655592601E2,2.238000154E0,1.042905045E1,9.180000424E-1
2.655617036E2,4.522050381E0,8.563950539E0,-5.103000164E0
2.655641472E2,1.090950012E0,6.144000053E0,-2.545950174E0
2.655665909E2,4.314000130E0,7.096950531E0,-4.357950211E0
2.655690343E2,4.728000164E0,5.278950214E0,-6.738000393E0
2.655714780E2,3.715050220E0,2.890050173E0,-4.000950336E0
2.655739217E2,8.179950714E0,5.839950085E0,-4.216950417E0
2.655763653E2,6.817950249E0,5.950050354E0,-5.670000076E0
2.655788088E2,2.809950113E0,6.769050121E0,-1.396050096E0
2.655812525E2,3.001950026E0,9.706050873E0,-4.030500054E-1
2.655836961E2,3.792000294E0,5.812950134E0,-4.729050159E0
2.655861398E2,7.371000290E0,8.389050484E0,-6.328950405E0
2.655885833E2,1.028700066E1,1.065195084E1,-1.083195019E1
2.655910269E2,2.323950052E0,8.260050774E0,-1.030800056E1
2.655934706E2,-5.700000376E-2,9.145950317E0,-2.035950184E0
2.655959140E2,3.295950174E0,9.880950928E0,-1.120950103E0
2.655983577E2,2.271000147E0,6.049950123E0,-2.220000029E0
2.656008013E2,3.126000166E0,6.787950516E0,3.027000189E0
2.656032448E2,8.491950035E0,7.360050201E0,-1.875000119E0
2.656056885E2,5.061000347E0,6.522000313E0,-5.725050449E0
2.656081321E2,2.535000086E0,9.450000763E0,7.339500189E-1
2.656105758E2,3.400950193E0,8.209950447E0,-2.622000217E0
2.656130193E2,3.484950066E0,8.706000328E0,-1.351050019E0
2.656154629E2,8.968050003E0,1.285200024E1,-3.445950270E0
2.656179065E2,8.026950836E0,1.289295101E1,-8.419050217E0
2.656203500E2,2.515950203E0,9.373950005E0,-3.538950205E0
2.656227936E2,3.118950129E0,1.157595062E1,-2.589000225E0
2.656252373E2,4.596000195E0,1.079595089E1,-5.299050331E0
2.656276808E2,3.373050213E0,7.486950397E0,-2.349000216E0
2.656301245E2,7.072050571E0,9.333000183E0,-5.458950043E0
2.656325681E2,7.885950565E0,1.060905075E1,-7.987950325E0
2.656350118E2,1.299000025E0,1.058505058E1,-2.814000130E0
2.656374552E2,2.688000202E0,1.216800022E1,-8.959500194E-1
2.656398989E2,3.211950064E0,8.571000099E0,-2.470950127E0
2.656423426E2,4.801950455E0,1.133400059E1,-1.090050101E0
2.656447860E2,1.055805016E1,1.210305023E1,-7.060950279E0
2.656472297E2,4.957950115E0,8.830050468E0,-9.072000504E0
2.656496733E2,1.207950115E0,9.181950569E0,-2.617050171E0
2.656521168E2,3.715050220E0,9.172050476E0,-2.554950237E0
2.656545605E2,1.915050149E0,4.417050362E0,-4.753050327E0
2.656570041E2,2.704950094E0,3.010050058E0,-1.132950068E0
2.656594476E2,6.817950249E0,5.611950397E0,-3.391050100E0
2.656618913E2,3.457050085E0,3.381000042E0,-5.586000443E0
2.656643349E2,2.350050211E0,5.836950302E0,-7.500000298E-2
2.656667783E2,3.721950293E0,6.064950466E0,-6.709500551E-1
2.656692220E2,3.658050060E0,4.900950432E0,-9.439500570E-1
2.656716657E2,7.471950531E0,1.047495079E1,8.719500303E-1
2.656741093E2,4.041000366E0,7.852950573E0,-4.380000114E0
2.656765528E2,1.189500093E-1,7.053000450E0,-3.778950214E0
2.656789965E2,5.929500461E-1,7.729050159E0,-3.762000084E0
2.656814401E2,3.856050253E0,3.736950159E0,-6.847950459E0
2.656838836E2,2.097000122E0,2.593050241E0,-5.244000435E0
2.656863273E2,6.094950199E0,3.369000196E0,-2.518950224E0
2.656887709E2,6.315000534E0,2.914050102E0,-4.189949989E0
2.656912146E2,1.728000045E0,4.551000118E0,9.799500704E-1
2.656936580E2,3.174000263E0,8.394000053E0,-3.900000080E-2
2.656961017E2,3.639000177E0,4.791000366E0,-3.754950285E0
2.656985454E2,7.149000168E0,7.554000378E0,-5.341950417E0
2.657009888E2,1.019895077E1,7.635000229E0,-1.061700058E1
2.657034325E2,2.185050011E0,7.441050529E0,-8.704050064E0
2.657058761E2,1.549500078E-1,8.397000313E0,-2.446950197E0
2.657083198E2,4.531949997E0,6.859950542E0,-2.719950199E0
2.657107633E2,4.516950130E0,3.117000103E0,-5.497950077E0
2.657132069E2,4.881000042E0,5.581050396E0,-1.783950090E0
2.657156506E2,9.532950401E0,5.725050449E0,-4.189949989E0
2.657180941E2,3.151950121E0,6.132000446E0,-5.353950024E0
2.657205377E2,1.303950071E0,9.790050507E0,1.624050021E0
2.657229814E2,1.644000053E0,7.623000145E0,-2.119050026E0
2.657254248E2,2.572950125E0,8.398950577E0,-1.999950051E0
2.657278684E2,8.749950409E0,1.147800064E1,-4.328999996E0
2.657303121E2,7.198950291E0,9.316050529E0,-9.763950348E0
2.657327556E2,8.505000174E-2,9.984000206E0,-2.626950026E0
2.657351993E2,4.879500270E-1,1.074495029E1,9.349500537E-1
2.657376429E2,3.138000250E0,8.470950127E0,-1.477950096E0
2.657400866E2,2.358000040E0,8.713050842E0,-3.019500077E-1
2.657425300E2,5.464950085E0,9.285000801E0,7.069500089E-1
2.657449736E2,4.084050179E0,9.591000557E0,-5.524050236E0
2.657474173E2,4.644000053E0,9.876000404E0,-2.883000135E0
2.657498608E2,6.736950397E0,1.161495018E1,-7.102050304E0
2.657523045E2,3.643050194E0,9.598950386E0,-3.949050188E0
2.657547481E2,5.025000095E0,1.234200096E1,-2.782950163E0
2.657571916E2,7.764000416E0,1.322400093E1,-5.589000225E0
2.657596353E2,2.185050011E0,1.093500042E1,-3.958050251E0
2.657620789E2,1.213050008E0,1.216005039E1,-1.183050036E0
2.657645226E2,3.310050249E0,1.008705044E1,-2.775000095E0
2.657669660E2,2.080049992E0,6.951000214E0,-5.433000088E0
2.657694097E2,3.777000189E0,7.848000526E0,-2.308950186E0
2.657718533E2,6.568950176E0,8.775000572E0,-4.897050381E0
2.657742968E2,2.452950001E0,7.288050175E0,-4.276950359E0
2.657767405E2,2.110949993E0,8.056950569E0,1.063950062E0
2.657791841E2,3.411000252E0,6.964950562E0,-2.470500171E-1
2.657816276E2,5.752950191E0,7.282950401E0,-2.068950176E0
2.657840712E2,9.724950790E0,9.655950546E0,-3.493950129E0
2.657865149E2,5.116050243E0,7.060950279E0,-7.741050243E0
2.657889583E2,1.656000137E0,9.682050705E0,-4.437000275E0
2.657914020E2,2.728950024E0,9.601050377E0,-2.163000107E0
2.657938456E2,3.729000092E0,5.442000389E0,-4.236000061E0
2.657962893E2,3.265050173E0,5.425050259E0,-3.051000118E0
2.657987328E2,8.855999947E0,6.832950115E0,-4.258049965E0
2.658011765E2,4.192049980E0,5.076000214E0,-6.039000511E0
2.658036201E2,1.836000085E0,8.605050087E0,4.605000094E-2
2.658060638E2,4.267950058E0,6.678000450E0,-1.866000056E0
2.658085072E2,4.740000248E0,5.976000309E0,-4.123050213E0
2.658109509E2,1.090500069E1,9.493050575E0,-5.601000309E0
2.658133946E2,7.225050449E0,7.840950489E0,-1.214205074E1
2.658158380E2,1.429500133E-1,9.237000465E0,-7.267050266E0
2.658182816E2,1.369050026E0,8.989950180E0,-2.068950176E0
2.658207253E2,3.913950205E0,5.761050224E0,-4.018050194E0
2.658231690E2,3.672000170E0,4.345950127E0,-2.983950138E0
2.658256124E2,7.738050461E0,5.394000053E0,-8.620500565E-1
2.658280561E2,7.330050468E0,5.389050484E0,-4.705049992E0
2.658304998E2,2.391000032E0,6.787950516E0,-1.863000035E0
2.658329432E2,2.293050051E0,8.041950226E0,-7.570500374E-1
2.658353868E2,3.448950052E0,5.506950378E0,-3.301950216E0
2.658378305E2,7.977000237E0,8.482950211E0,-3.811950207E0
2.658402740E2,1.045695019E1,7.698000431E0,-1.051905060E1
2.658427176E2,7.080000043E-1,8.373000145E0,-8.365950584E0
2.658451613E2,1.189500093E-1,9.358950615E0,-7.690500617E-1
2.658476048E2,5.473050117E0,7.246950150E0,-1.755000114E0
2.658500484E2,4.560000420E0,3.816000223E0,-3.973050117E0
2.658524921E2,5.929950237E0,5.631000042E0,-9.250500202E-1
2.658549355E2,8.674050331E0,6.474000454E0,-5.332950115E0
2.658573792E2,1.753950119E0,6.649050236E0,-2.428050041E0
2.658598228E2,9.310500622E-1,9.385950089E0,2.272950172E0
2.658622665E2,3.210000038E0,7.618950367E0,-2.104950190E0
2.658647100E2,4.570050240E0,9.133950233E0,-2.485950232E0
2.658671537E2,1.081905079E1,1.132500076E1,-6.630000114E0
2.658695971E2,4.444950104E0,9.163050652E0,-7.636050224E0
2.658720408E2,4.560000300E-1,1.060695076E1,-2.337000132E0
2.658744844E2,1.599000096E0,1.116000080E1,-8.550000191E-1
2.658769281E2,2.953950167E0,8.530950546E0,-2.847000122E0
2.658793715E2,3.289050102E0,6.904950142E0,-4.579500258E-1
2.658818152E2,7.797000408E0,9.007050514E0,-3.664050102E0
2.658842588E2,4.861950397E0,8.562000275E0,-4.708050251E0
2.658867023E2,2.994000196E0,1.048005009E1,-1.654950023E0
2.658891460E2,4.624950409E0,9.601050377E0,-5.620050430E0
2.658915896E2,2.856000185E0,9.594000816E0,-4.059000015E0
2.658940333E2,7.735050201E0,1.235400105E1,-4.210050106E0
2.658964767E2,6.672000408E0,1.054695034E1,-8.304000854E0
2.658989204E2,1.299000025E0,1.045095062E1,-3.946050167E0
2.659013640E2,2.821950197E0,1.064700031E1,-1.084950089E0
2.659038075E2,4.246950150E0,8.254950523E0,-4.492050171E0
2.659062512E2,2.856000185E0,4.678050041E0,-4.530000210E0
2.659086948E2,7.912050247E0,7.137000561E0,-3.396000147E0
2.659111385E2,5.725950241E0,6.169950485E0,-6.987000465E0
2.659135820E2,1.378050089E0,7.210950375E0,-9.150000215E-1
2.659160256E2,3.439950228E0,8.287050247E0,5.010000467E-1
2.659184693E2,3.421050072E0,6.232050419E0,-1.914000034E0
2.659209127E2,7.560000420E0,9.615000725E0,-2.277000189E0
2.659233564E2,7.599000454E0,8.005949974E0,-7.630950451E0
2.659258001E2,1.720950127E0,7.633050442E0,-7.212000370E0
2.659282437E2,1.156050086E0,9.067049980E0,-2.578950167E0
2.659306871E2,4.213050365E0,6.699000359E0,-4.404000282E0
2.659331308E2,2.851050138E0,4.188000202E0,-5.172000408E0
2.659355743E2,6.670050144E0,6.163050175E0,-3.544050217E0
2.659380180E2,8.358000755E0,4.341000080E0,-6.847950459E0
2.659404616E2,9.520500302E-1,5.619000435E0,-4.885050297E0
2.659429053E2,2.383949995E0,8.020950317E0,-4.890000224E-1
2.659453487E2,4.030950069E0,3.979050159E0,-3.457950115E0
2.659477924E2,7.474050522E0,8.133000374E0,-2.536050081E0
2.659502361E2,1.005300045E1,8.266950607E0,-4.641000271E0
2.659526795E2,1.459950089E0,6.571950436E0,-7.995000362E0
2.659551232E2,-1.339500099E-1,9.337950706E0,-2.059950113E0
2.659575668E2,3.439950228E0,7.771950245E0,-3.970050097E0
2.659600105E2,1.761000037E0,4.141950130E0,-4.999950409E0
2.659624540E2,3.805950165E0,5.488050461E0,3.030000031E-1
2.659648977E2,7.339950562E0,4.234950066E0,-3.846000195E0
2.659673413E2,3.306000233E0,5.452050209E0,-1.723950028E0
2.659697847E2,1.912050128E0,8.002050400E0,9.349500537E-1
2.659722284E2,2.949000120E0,6.220050335E0,-2.434950113E0
2.659746720E2,5.647050381E0,7.816950321E0,-3.727950096E0
2.659771155E2,9.868050575E0,9.675000191E0,-7.938000202E0
2.659795592E2,3.504000187E0,7.164000511E0,-9.942000389E0
2.659820028E2,-5.890500546E-1,9.702000618E0,-1.890000105E0
2.659844465E2,2.902950048E0,8.437050819E0,-8.239500523E-1
2.659868900E2,3.685950279E0,4.425000191E0,-3.445950270E0
2.659893337E2,4.917000294E0,5.035050392E0,-1.423050046E0
2.659917771E2,9.784950256E0,5.455950260E0,-6.075000286E0
2.659942208E2,3.910950184E0,5.260050297E0,-3.556050062E0
2.659966644E2,1.432950020E0,8.872950554E0,2.401950121E0
2.659991081E2,2.949000120E0,8.497050285E0,-1.246050000E0
2.660015515E2,3.342000246E0,7.927050591E0,-1.786950111E0
2.660039952E2,9.330000877E0,1.070505047E1,-4.966050148E0
2.660064388E2,6.265050411E0,8.314949989E0,-1.025505066E1
2.660088825E2,1.930500120E-1,9.915000916E0,-3.349950075E0
2.660113260E2,2.437050104E0,1.136295033E1,-1.674000025E0
2.660137696E2,3.562050104E0,7.462950230E0,-3.847950220E0
2.660162133E2,2.827050209E0,8.482950211E0,-6.760500073E-1
2.660186568E2,7.759050369E0,8.614950180E0,-3.208950043E0
2.660211004E2,4.986000061E0,8.397000313E0,-4.870050430E0
2.660235441E2,1.150950074E0,1.046100044E1,-7.330500484E-1
2.660259878E2,3.010950089E0,1.057995033E1,-2.184000015E0
2.660284312E2,3.492000103E0,9.678000450E0,-2.209950209E0
2.660308749E2,7.747050285E0,1.191900063E1,-4.509000301E0
2.660333185E2,7.855050564E0,1.050600052E1,-9.295050621E0
2.660357620E2,1.587000132E0,1.006500053E1,-4.090050220E0
2.660382056E2,1.383000016E0,1.148505020E1,-1.569000125E0
2.660406493E2,4.599000454E0,9.390000343E0,-3.739950180E0
2.660430928E2,2.575050116E0,5.725050449E0,-4.504050255E0
2.660455365E2,6.556950092E0,7.377000332E0,-3.561000109E0
2.660479801E2,7.759050369E0,6.184050083E0,-6.013050079E0
2.660504238E2,2.142000198E0,7.915050507E0,-2.376000166E0
2.660528672E2,3.768000126E0,8.638050079E0,-1.590000093E-1
2.660553109E2,3.319950104E0,6.091050148E0,-1.774950027E0
2.660577546E2,7.441050529E0,8.962050438E0,-3.051000118E0
2.660601980E2,9.277050018E0,7.900950432E0,-8.890050888E0
2.660626416E2,2.566050053E0,7.173000336E0,-7.630950451E0
2.660650853E2,6.889500618E-1,9.472050667E0,-7.999500632E-1
2.660675288E2,3.090000153E0,7.908000469E0,-1.175999999E0
2.660699725E2,2.143949986E0,4.984950066E0,-1.236000061E0
2.660724161E2,7.050000191E0,6.523950100E0,-9.340500236E-1
2.660748596E2,8.002950668E0,5.037000179E0,-6.477000237E0
2.660773033E2,1.081050038E0,6.532050133E0,-3.879000187E0
2.660797469E2,1.327950120E0,9.295050621E0,7.995000482E-2
2.660821903E2,2.851050138E0,5.337000370E0,-3.982050180E0
2.660846340E2,6.727050304E0,8.950050354E0,-3.930000305E0
2.660870776E2,1.006200027E1,7.731000423E0,-8.958000183E0
2.660895213E2,2.428950071E0,7.309950352E0,-9.259050369E0
2.660919648E2,-3.299999982E-2,8.808000565E0,-2.493000031E0
2.660944085E2,4.077000141E0,7.501050472E0,-2.566950083E0
2.660968521E2,3.454050064E0,3.505050182E0,-4.312950134E0
2.660992955E2,4.474050045E0,5.080950260E0,-1.918050051E0
2.661017392E2,8.544000626E0,3.892950296E0,-3.865050077E0
2.661041829E2,3.061050177E0,4.819950104E0,-4.660050392E0
2.661066263E2,1.960050106E0,7.824000359E0,1.488000035E0
2.661090700E2,3.121050119E0,5.116050243E0,-1.813050032E0
2.661115137E2,4.515000343E0,7.183050156E0,-9.010500312E-1
2.661139571E2,1.051695061E1,8.191050529E0,-4.618950367E0
2.661164008E2,5.404950142E0,6.598950386E0,-9.397950172E0
2.661188444E2,-2.779500186E-1,9.703950882E0,-1.108950019E0
2.661212881E2,1.251000047E0,9.924000740E0,2.790000141E-1
2.661237315E2,2.359950066E0,6.120000362E0,-2.170050144E0
2.661261752E2,3.904050112E0,7.053000450E0,-5.100000501E-1
2.661286189E2,7.788000584E0,8.454000473E0,-5.847000122E0
2.661310623E2,3.684000254E0,6.807000160E0,-4.365000248E0
2.661335060E2,1.522050023E0,1.051605034E1,4.410000145E-1
2.661359496E2,2.935050249E0,1.047300053E1,-3.688050270E0
2.661383933E2,3.981000185E0,9.658050537E0,-1.993050098E0
2.661408368E2,8.893950462E0,1.203795052E1,-5.979000092E0
2.661432804E2,6.109050274E0,1.107300091E1,-6.898050308E0
2.661457241E2,5.119500160E-1,1.094895077E1,-2.316000223E0
2.661481676E2,2.989950180E0,1.210095024E1,-1.890000105E0
2.661506112E2,3.415950060E0,8.449049950E0,-5.677050114E0
2.661530549E2,2.788950205E0,6.133950233E0,-2.775000095E0
2.661554985E2,7.909950256E0,7.978050232E0,-3.538950205E0
2.661579419E2,5.500950336E0,7.408050537E0,-5.172000408E0
2.661603856E2,1.939050078E0,8.896950722E0,4.605000094E-2
2.661628293E2,3.442050219E0,8.646000862E0,9.900000691E-2
2.661652728E2,3.715050220E0,7.513050556E0,-1.645050049E0
2.661677164E2,9.712950706E0,1.044405079E1,-2.959950209E0
2.661701601E2,7.108050346E0,8.101950645E0,-9.525000572E0
2.661726035E2,9.379500151E-1,9.204000473E0,-5.412000179E0
2.661750472E2,1.611000061E0,1.057095051E1,-1.303050041E0
2.661774908E2,1.831050038E0,7.876950264E0,-2.866050243E0
2.661799343E2,1.651050091E0,5.416050434E0,-1.755000114E0
2.661823780E2,7.110000134E0,6.055050373E0,-3.396000147E0
2.661848216E2,5.689950466E0,5.040000439E0,-5.200950146E0
2.661872653E2,1.120050073E0,7.642050266E0,-1.516050100E0
2.661897088E2,1.989000082E0,7.819950581E0,-1.429950118E0
2.661921524E2,3.325050116E0,5.800950050E0,-2.989050150E0
2.661945961E2,8.815050125E0,8.557050705E0,-5.550000191E0
2.661970395E2,7.998000145E0,6.301950455E0,-1.149495029E1
2.661994832E2,1.678050041E0,7.125000477E0,-9.523050308E0
2.662019268E2,9.739500284E-1,7.498950481E0,-3.472050190E0
2.662043703E2,3.990000248E0,5.446950436E0,-3.289950132E0
2.662068140E2,2.710050106E0,2.740950108E0,-3.405000210E0
2.662092576E2,7.086000443E0,4.960950375E0,1.015950084E0
2.662117011E2,7.848000526E0,2.719950199E0,-4.102050304E0
2.662141448E2,1.486050129E0,4.567950249E0,-3.685050249E0
2.662165884E2,2.250000000E0,6.019050121E0,-6.450000405E-1
2.662190318E2,4.840050220E0,3.285000086E0,-4.891950130E0
2.662214755E2,8.179950714E0,7.575000286E0,-4.249950409E0
2.662239191E2,9.469050407E0,5.956950188E0,-4.902000427E0
2.662263628E2,1.171950102E0,6.589050293E0,-6.690000534E0
2.662288063E2,1.096050024E0,1.059195042E1,-3.570000172E0
2.662312500E2,5.841000080E0,7.176000118E0,-5.187000275E0
2.662336936E2,2.386050224E0,5.236050129E0,-4.297950268E0
2.662361371E2,4.125000000E0,8.053950310E0,3.622950077E0
2.662385808E2,6.318000317E0,6.771000385E0,-1.489950061E0
2.662410243E2,3.066000223E0,7.177950382E0,-1.878000140E0
2.662434680E2,3.382050276E0,9.952950478E0,-1.870500147E-1
2.662459115E2,3.499950171E0,9.037950516E0,-3.517950058E0
2.662483552E2,6.157050133E0,1.033395004E1,-3.964950085E0
2.662507988E2,8.869950294E0,1.184400082E1,-1.070505047E1
2.662532423E2,2.839050055E0,1.009200001E1,-7.441950321E0
2.662556860E2,4.999500215E-1,1.189005089E1,-1.159050107E0
2.662581296E2,2.808000088E0,1.228995037E1,-2.649000168E0
2.662605733E2,2.568000078E0,9.238950729E0,-1.794000030E0
2.662630167E2,3.211950064E0,8.401050568E0,1.729500145E-1
2.662654604E2,6.526050091E0,9.273000717E0,-5.254050255E0
2.662679040E2,2.383949995E0,8.767950058E0,-3.120000124E0
2.662703475E2,2.596950054E0,1.098705006E1,6.105000153E-2
2.662727911E2,3.076050043E0,8.164050102E0,-1.083000064E0
2.662752348E2,4.857000351E0,1.026195049E1,-8.790000677E-1
2.662776783E2,9.442049980E0,1.215795040E1,-6.060000420E0
2.662801219E2,3.646050215E0,9.745050430E0,-6.775950432E0
2.662825656E2,6.889500618E-1,1.135095024E1,-1.228950024E0
2.662850090E2,2.566050053E0,1.129095078E1,-9.199500680E-1
2.662874527E2,1.917000055E0,7.798050404E0,-3.106050253E0
2.662898964E2,4.663050175E0,6.093000412E0,-1.413000107E0
2.662923400E2,8.950950623E0,6.874050140E0,-5.224950314E0
2.662947835E2,4.219950199E0,6.322950363E0,-6.151050091E0
2.662972271E2,2.779050112E0,9.397050858E0,-3.400500119E-1
2.662996708E2,3.226950169E0,7.978050232E0,-1.614000082E0
2.663021143E2,4.636950016E0,8.377950668E0,-2.184000015E0
2.663045580E2,9.069000244E0,1.050405025E1,-5.794950485E0
2.663070016E2,4.186950207E0,7.831950188E0,-8.284950256E0
2.663094453E2,8.490000367E-1,8.277000427E0,-2.503050089E0
2.663118887E2,3.199950218E0,8.851950645E0,-2.088000059E0
2.663143324E2,2.836050034E0,5.277000427E0,-4.425000191E0
2.663167760E2,3.823050261E0,5.161950111E0,-2.361000061E0
2.663192195E2,8.734050751E0,4.858050346E0,-5.071950436E0
2.663216631E2,4.615050316E0,4.618050098E0,-5.722950459E0
2.663241068E2,2.331000090E0,8.490000725E0,6.550500393E-1
2.663265503E2,2.377050161E0,6.385050297E0,9.195000678E-2
2.663289940E2,4.773000240E0,6.547950268E0,-1.557000041E0
2.663314376E2,1.069005013E1,8.847000122E0,-5.818950176E0
2.663338810E2,5.499000072E0,6.250950336E0,-1.094505024E1
2.663363247E2,-2.490000129E-1,9.274950027E0,-5.917050362E0
2.663387684E2,1.384950042E0,8.539950371E0,-2.268000126E0
2.663412118E2,3.430050135E0,5.490000248E0,-3.412050247E0
2.663436555E2,4.443000317E0,6.259050369E0,-8.650500178E-1
2.663460991E2,8.808000565E0,5.169000149E0,-3.621000290E0
2.663485428E2,4.776000023E0,6.064950466E0,-4.867950439E0
2.663509863E2,5.160000324E-1,9.141000748E0,1.074000001E0
2.663534300E2,1.600950122E0,8.751000404E0,-9.769500494E-1
2.663558736E2,3.247950077E0,8.107049942E0,-3.448050261E0
2.663583170E2,8.805000305E0,1.051995087E1,-7.159050465E0
2.663607607E2,6.181050301E0,7.597050190E0,-1.067205048E1
2.663632043E2,1.600500047E-1,9.546000481E0,-3.001050234E0
2.663656478E2,2.701950073E0,1.090800095E1,-7.020000219E-1
2.663680915E2,3.445050240E0,8.184000015E0,-3.424050093E0
2.663705352E2,3.315000057E0,8.287050247E0,-1.537950039E0
2.663729786E2,8.118000031E0,7.710000515E0,-3.642000198E0
2.663754223E2,5.005950451E0,8.083050728E0,-4.969050407E0
2.663778660E2,1.285050035E0,1.069995022E1,-2.895000204E-2
2.663803096E2,2.890950203E0,1.033095074E1,-1.705050111E0
2.663827530E2,3.492000103E0,9.625050545E0,-1.981050134E0
2.663851967E2,9.351000786E0,1.302000046E1,-4.363049984E0
2.663876403E2,6.979050159E0,1.028100014E1,-8.187000275E0
2.663900840E2,1.357050061E0,1.049400043E1,-3.273000240E0
2.663925275E2,2.009999990E0,1.261305046E1,-6.370500326E-1
2.663949712E2,3.673950195E0,9.583950043E0,-4.023000240E0
2.663974148E2,3.174000263E0,7.326000214E0,-2.155050039E0
2.663998583E2,8.520000458E0,7.237950325E0,-6.052950382E0
2.664023019E2,5.307000160E0,6.103050232E0,-7.162050247E0
2.664047456E2,2.326050043E0,8.808000565E0,-3.034050226E0
2.664071890E2,4.194000244E0,7.735950470E0,-4.726950169E0
2.664096327E2,3.469050169E0,5.868000507E0,-5.794950485E0
2.664120763E2,7.431000233E0,7.936950207E0,-8.578950882E0
2.664145200E2,4.876049995E0,5.404050350E0,-1.065000057E1
2.664169635E2,-8.980500698E-1,4.561050415E0,-4.118999958E0
2.664194071E2,2.080049992E0,6.619950294E0,9.660000205E-1
2.664218508E2,1.042950034E0,2.923050165E0,2.668050051E0
2.664242943E2,2.371950150E0,8.550000191E-1,2.746950150E0
2.664267379E2,5.968050480E0,2.107050180E0,2.898000240E0
2.664291816E2,4.765950203E0,-6.100500226E-1,-2.205000073E-2
2.664316250E2,6.160050392E0,-1.162950039E0,-1.803000093E0
2.664340687E2,7.977000237E0,1.055999994E0,-8.467050552E0
2.664365124E2,7.267950535E0,2.334000111E0,-1.209405041E1
2.664389560E2,7.066950321E0,6.787950516E0,-9.529950142E0
2.664413995E2,4.483950138E0,7.654050350E0,-6.582000256E0
2.664438431E2,6.599999964E-2,7.824000359E0,-3.774000168E0
2.664462868E2,1.498050094E0,1.027395058E1,-4.297950268E0
2.664487303E2,2.350050211E0,7.197000504E0,2.620050192E0
2.664511739E2,1.974000096E0,7.234950542E0,3.196950197E0
2.664536176E2,3.001950026E0,8.545050621E0,1.710000038E0
2.664560613E2,1.957950115E0,8.329950333E0,4.231950283E0
2.664585047E2,1.860000134E0,8.136000633E0,2.059950113E0
2.664609483E2,8.068050385E0,1.099200058E1,-5.304000378E0
2.664633918E2,7.483950138E0,9.622950554E0,-1.220205021E1
2.664658355E2,8.769000053E0,1.207395077E1,-1.465095043E1
2.664682791E2,3.808050156E0,1.222995090E1,-1.343205070E1
2.664707228E2,-5.860500336E-1,1.006995010E1,-4.590000153E0
2.664731663E2,2.496000051E0,1.192305088E1,2.009999990E0
2.664756099E2,3.627000093E0,1.187595081E1,1.557000041E0
2.664780536E2,2.488950014E0,7.669050217E0,6.229500175E-1
2.664804971E2,7.933950424E0,9.940950394E0,3.214050055E0
2.664829407E2,5.206950188E0,7.792950153E0,-3.453000069E0
2.664853844E2,3.604950190E0,1.070205021E1,-1.842000127E0
2.664878278E2,3.583050251E0,1.088205051E1,-4.782000065E0
2.664902715E2,2.233050108E0,9.790050507E0,-3.397950172E0
2.664927151E2,6.547950268E0,1.311105061E1,-4.492050171E0
2.664951588E2,7.287000179E0,1.063995075E1,-8.419050217E0
2.664976023E2,6.360000372E-1,1.177305031E1,-2.565000057E0
2.665000460E2,2.608950138E0,1.244100094E1,2.700000070E-2
2.665024896E2,3.295950174E0,9.709050179E0,-3.915000200E0
2.665049331E2,2.665950060E0,9.079050064E0,-1.923000097E0
2.665073768E2,8.422050476E0,8.005949974E0,-3.850050211E0
2.665098204E2,6.373050213E0,6.781050205E0,-7.339050293E0
2.665122638E2,1.765950084E0,9.975000381E0,-1.789050102E0
2.665147075E2,2.580000162E0,9.912000656E0,-1.210050106E0
2.665171511E2,3.241050243E0,8.952000618E0,-9.370500445E-1
2.665195946E2,9.496950150E0,9.970050812E0,-5.031000137E0
2.665220383E2,7.465050220E0,9.180000305E0,-1.063095093E1
2.665244819E2,1.534050107E0,9.244050026E0,-6.313950062E0
2.665269256E2,2.347950220E0,9.711000443E0,-1.729050040E0
2.665293691E2,2.587050200E0,8.218950272E0,-2.377950191E0
2.665318128E2,2.487000227E0,5.854050159E0,-1.722000122E0
2.665342564E2,7.149000168E0,6.570000172E0,-2.871000051E0
2.665366998E2,5.587050438E0,4.525050163E0,-6.238050461E0
2.665391435E2,1.833000064E0,6.448050499E0,-3.214050055E0
2.665415871E2,2.440950155E0,6.213000298E0,-1.510950089E0
2.665440306E2,4.522050381E0,4.960950375E0,-2.947950125E0
2.665464743E2,9.507000923E0,9.081000328E0,-4.564050198E0
2.665489179E2,5.317050457E0,6.004950523E0,-8.494950294E0
2.665513616E2,-7.605000585E-2,6.235050201E0,-5.506950378E0
2.665538051E2,2.884050131E0,7.147050381E0,-3.130050182E0
2.665562487E2,5.358000278E0,4.149000168E0,-6.718950272E0
2.665586924E2,2.764950037E0,3.244050264E0,-4.630950451E0
2.665611358E2,7.797000408E0,3.868950129E0,-1.404000044E0
2.665635794E2,7.183950424E0,9.120000601E-1,-5.941050053E0
2.665660231E2,3.373050213E0,5.485050201E0,-2.830950022E0
2.665684666E2,4.948050022E0,4.185000420E0,-3.570000172E0
2.665709103E2,5.251950264E0,5.557050228E0,-4.669050217E0
2.665733539E2,1.031895065E1,6.915000439E0,-3.787950277E0
2.665757976E2,6.844050407E0,6.205950260E0,-6.961050510E0
2.665782411E2,4.680000246E-1,8.670000076E0,-6.415050507E0
2.665806847E2,4.038000107E0,9.490950584E0,-3.807000160E0
2.665831284E2,4.216050148E0,6.450000286E0,-6.829050541E0
2.665855718E2,3.970500231E-1,7.494000435E0,2.203950167E0
2.665880155E2,3.129000187E0,8.128950119E0,5.146050453E0
2.665904591E2,3.363000154E0,7.330950260E0,-1.870500147E-1
2.665929028E2,2.821950197E0,9.309000015E0,-3.000000026E-3
2.665953463E2,5.070000172E0,1.042005062E1,-9.270000458E-1
2.665977899E2,2.937000036E0,1.004895020E1,-2.673000097E0
2.666002336E2,8.200050354E0,1.276905060E1,-6.865050316E0
2.666026771E2,4.230000019E0,1.176795101E1,-9.501000404E0
2.666051207E2,-4.800000042E-2,1.081500053E1,-1.131000042E0
2.666075644E2,5.950500369E-1,1.130805016E1,-5.820000172E-1
2.666100078E2,1.969950080E0,1.173000050E1,-7.950000465E-3
2.666124514E2,1.101000071E0,7.461000443E0,7.410000563E-1
2.666148951E2,3.385050058E0,7.843950272E0,-9.130500555E-1
2.666173386E2,2.298000097E0,7.990050316E0,-5.929050446E0
2.666197822E2,2.980050087E0,9.151050568E0,-3.211050034E0
2.666222259E2,3.685950279E0,8.875950813E0,-5.344950199E0
2.666246693E2,3.375000238E0,7.365000248E0,-2.289000034E0
2.666271130E2,8.769000053E0,9.844950676E0,-5.055000305E0
2.666295566E2,5.566050053E0,7.864950180E0,-8.050050735E0
2.666320003E2,2.097000122E0,6.417000294E0,-3.751950264E0
2.666344438E2,3.724950075E0,8.160000801E0,-1.506000042E0
2.666368874E2,4.147950172E0,5.944950104E0,-2.983950138E0
2.666393311E2,5.056050301E0,5.977950096E0,-1.705050111E0
2.666417746E2,8.446050644E0,5.916000366E0,-4.144950390E0
2.666442183E2,6.528000355E0,5.887050152E0,-6.513000488E0
2.666466619E2,2.496000051E0,9.424050331E0,-1.444050074E0
2.666491056E2,2.037000179E0,1.021605015E1,-2.449500114E-1
2.666515490E2,3.181050062E0,9.493050575E0,-1.300950050E0
2.666539926E2,8.938950539E0,1.145700073E1,-6.103950500E0
2.666564361E2,4.833000183E0,8.550000191E0,-1.164405060E1
2.666588798E2,-1.699500084E-1,9.241950035E0,-6.348000526E0
2.666613235E2,3.361050129E0,9.769050598E0,-3.280950069E0
2.666637671E2,3.871050119E0,6.718050480E0,-5.232000351E0
2.666662106E2,5.608950138E0,8.308050156E0,-1.693050027E0
2.666686543E2,9.916050911E0,6.364050388E0,-5.112000465E0
2.666710979E2,4.093050003E0,6.967050552E0,-6.139050484E0
2.666735413E2,1.672950029E0,1.003005028E1,-4.219500124E-1
2.666759850E2,2.092050076E0,7.575000286E0,-2.160000086E0
2.666784286E2,5.173050404E0,7.872000217E0,-2.098050117E0
2.666808721E2,1.197300053E1,9.373950005E0,-7.384050369E0
2.666833158E2,4.540950298E0,6.868950367E0,-1.048005009E1
2.666857594E2,4.159500301E-1,9.871950150E0,-1.602000117E0
2.666882031E2,2.074949980E0,9.654000282E0,-9.030000567E-1
2.666906466E2,1.335000038E0,6.991050243E0,-6.130500436E-1
2.666930903E2,3.208050251E0,8.208000183E0,1.299000025E0
2.666955339E2,6.672000408E0,5.176050186E0,-4.873050213E0
2.666979773E2,3.808050156E0,4.654050350E0,-5.536050320E0
2.667004210E2,2.044049978E0,8.421000481E0,-1.477950096E0
2.667028646E2,2.712000132E0,7.249950409E0,-1.119000077E0
2.667053081E2,6.385050297E0,8.643000603E0,-2.422950029E0
2.667077518E2,1.002195072E1,1.033395004E1,-8.260950089E0
2.667101955E2,3.301050186E0,8.325000763E0,-7.777050495E0
2.667126389E2,8.869500160E-1,9.297000885E0,-3.589950085E0
2.667150826E2,3.208050251E0,8.650050163E0,-3.424050093E0
2.667175262E2,2.596950054E0,6.711000443E0,-4.633050442E0
2.667199699E2,5.125050068E0,5.559000492E0,-4.228950024E0
2.667224133E2,8.022000313E0,3.759000063E0,-7.035000324E0
2.667248570E2,3.094950199E0,5.017950058E0,-4.573950291E0
2.667273006E2,1.536000013E0,6.763950348E0,1.156949997E0
2.667297441E2,3.616950274E0,5.298000336E0,9.195000678E-2
2.667321878E2,7.261050224E0,7.188000202E0,-7.500000596E-1
2.667346314E2,8.221050262E0,8.926050186E0,-4.183050156E0
2.667370749E2,2.215950012E0,5.884950161E0,-7.485000134E0
2.667395186E2,1.330500096E-1,8.072999954E0,-3.193950176E0
2.667419622E2,3.375000238E0,7.755000591E0,-3.192000151E0
2.667444059E2,2.116050005E0,3.832950115E0,-1.966050148E0
2.667468493E2,5.563950062E0,6.249000072E0,2.638950109E0
2.667492930E2,7.137000561E0,5.277000427E0,-2.674950123E0
2.667517367E2,3.868050098E0,4.528050423E0,-7.740000486E-1
2.667541801E2,2.725950241E0,9.727950096E0,1.915950060E0
2.667566237E2,3.475950241E0,8.224050522E0,-1.732050061E0
2.667590674E2,6.421050072E0,9.529050827E0,-2.802000046E0
2.667615111E2,9.169050217E0,1.184895039E1,-1.168005085E1
2.667639546E2,2.736000061E0,8.710050583E0,-9.664050102E0
2.667663982E2,1.258950114E0,1.140600014E1,-5.722950459E0
2.667688419E2,3.081000090E0,1.037205029E1,-5.515050411E0
2.667712854E2,9.469500184E-1,8.356050491E0,-2.256000042E0
2.667737290E2,4.741950035E0,7.540050507E0,-1.396050096E0
2.667761727E2,7.275000572E0,5.971050262E0,-5.473950386E0
2.667786161E2,2.800950050E0,7.374000549E0,-1.999950051E0
2.667810598E2,3.447000265E0,8.703000069E0,-2.929500043E-1
2.667835034E2,3.016050100E0,4.755000114E0,-2.731950045E0
2.667859471E2,8.212050438E0,7.633050442E0,-5.287050247E0
2.667883906E2,7.306950569E0,7.297950268E0,-1.161000061E1
2.667908342E2,1.546050072E0,6.213000298E0,-7.923000336E0
2.667932779E2,1.651050091E0,7.398000240E0,-1.296000004E0
2.667957214E2,2.989950180E0,6.265950203E0,1.272000074E0
2.667981650E2,3.267000198E0,5.128050327E0,2.158050060E0
2.668006087E2,6.627000332E0,5.827950478E0,3.280950069E0
2.668030521E2,5.905950069E0,3.553050280E0,-2.689050198E0
2.668054958E2,2.872050047E0,5.938050270E0,-3.115050077E0
2.668079394E2,1.771050096E0,7.858050346E0,-6.640500426E-1
2.668103831E2,1.833000064E0,6.772950172E0,-7.950000167E-1
2.668128265E2,6.349050522E0,8.631000519E0,-2.971950054E0
2.668152702E2,8.140049934E0,9.453000069E0,-9.597000122E0
2.668177137E2,2.029950142E0,8.416049957E0,-7.789050579E0
2.668201574E2,1.086000085E0,1.060695076E1,-3.079950094E0
2.668226010E2,2.350050211E0,9.562950134E0,-4.128000259E0
2.668250447E2,1.675050020E0,8.578950882E0,-1.815000057E0
2.668274881E2,6.672000408E0,8.348999977E0,-3.598950148E0
2.668299318E2,6.016050339E0,6.823950291E0,-7.429950237E0
2.668323755E2,3.691050291E0,8.277000427E0,-1.734000087E0
2.668348189E2,4.977000237E0,1.072200012E1,-3.409950256E0
2.668372625E2,3.673950195E0,8.919000626E0,-2.614950180E0
2.668397062E2,7.975050449E0,1.268505096E1,-4.972950459E0
2.668421499E2,6.082950115E0,1.013505077E1,-9.931950569E0
2.668445934E2,8.059500456E-1,1.058295059E1,-4.486950397E0
2.668470370E2,2.496000051E0,1.196205044E1,-1.375050068E0
2.668494807E2,2.254950047E0,8.023050308E0,-1.152000070E0
2.668519242E2,4.231950283E0,8.607000351E0,-2.064000130E0
2.668543678E2,9.382050514E0,6.057000160E0,-5.959950447E0
2.668568115E2,4.500000000E0,6.666000366E0,-8.371050835E0
2.668592549E2,1.903050065E0,9.618000031E0,-1.939950109E0
2.668616986E2,2.109000206E0,8.254950523E0,-1.695000008E-2
2.668641423E2,4.761000156E0,8.526000023E0,7.800000161E-2
2.668665857E2,9.153000832E0,1.041705036E1,-3.070050240E0
2.668690294E2,5.713950157E0,7.492050171E0,-9.226050377E0
2.668714730E2,1.282950044E0,8.457000732E0,-6.610950470E0
2.668739167E2,2.704950094E0,8.433000565E0,-2.139000177E0
2.668763602E2,3.586050272E0,6.555000305E0,-3.216000080E0
2.668788038E2,4.399950027E0,6.168000221E0,-1.027950048E0
2.668812475E2,8.748000145E0,4.858050346E0,-4.281000137E0
2.668836909E2,4.630050182E0,4.836000443E0,-6.733050346E0
2.668861346E2,1.488000035E0,8.776950836E0,-4.290000200E-1
2.668885782E2,1.912050128E0,8.064000130E0,-1.759950042E0
2.668910217E2,3.484950066E0,7.165950298E0,-1.288950086E0
2.668934654E2,9.065999985E0,9.793050766E0,-4.513950348E0
2.668959090E2,3.943050146E0,6.213000298E0,-8.560050011E0
2.668983525E2,2.170500159E-1,7.185000420E0,-2.674950123E0
2.669007962E2,3.082950115E0,8.670000076E0,-1.425000072E0
2.669032398E2,2.008050203E0,5.047050476E0,-2.737050056E0
2.669056833E2,3.952050209E0,6.811950207E0,2.209500074E-1
2.669081269E2,7.857000351E0,4.567950249E0,-5.026050091E0
2.669105706E2,2.707050085E0,4.755000114E0,-4.549950123E0
2.669130143E2,2.025000095E0,8.855999947E0,1.099950075E0
2.669154577E2,2.118000031E0,6.121950150E0,-1.255050063E0
2.669179014E2,5.044050217E0,9.024000168E0,-1.333950043E0
2.669203450E2,9.672000885E0,9.220050812E0,-8.376000404E0
2.669227885E2,2.343000174E0,6.775950432E0,-9.523050308E0
2.669252322E2,4.609500170E-1,1.059900093E1,-3.513000250E0
2.669276758E2,2.652000189E0,8.085000038E0,-1.564050078E0
2.669301193E2,2.247000217E0,6.655950546E0,-7.830000520E-1
2.669325630E2,6.291000366E0,6.352050304E0,-1.348050117E0
2.669350067E2,8.542050362E0,4.317000389E0,-5.995950222E0
2.669374503E2,4.656000137E0,5.907000065E0,-5.649000168E0
2.669398937E2,1.773000121E0,9.325950623E0,-1.369950056E0
2.669423374E2,1.551000118E0,7.791000366E0,-1.011000037E0
2.669447810E2,5.571000099E0,9.748950005E0,-1.746000051E0
2.669472245E2,9.289050102E0,9.940950394E0,-7.483050346E0
2.669496682E2,3.520950079E0,8.385000229E0,-7.297950268E0
2.669521118E2,7.849500179E-1,1.090605068E1,-2.395050049E0
2.669545553E2,2.322000027E0,9.481050491E0,-1.468050122E0
2.669569990E2,1.522050023E0,7.981950283E0,-1.923000097E0
2.669594426E2,4.990950108E0,7.141950130E0,3.480000198E-1
2.669618860E2,7.552950382E0,6.571950436E0,-5.148000240E0
2.669643297E2,2.752950191E0,7.117950439E0,-1.224000096E0
2.669667734E2,2.188050032E0,1.075995064E1,2.400000095E-1
2.669692170E2,2.710050106E0,8.464050293E0,-2.980950117E0
2.669716605E2,6.610050201E0,1.164105034E1,-2.823000193E0
2.669741042E2,6.897000313E0,1.161495018E1,-9.862950325E0
2.669765478E2,1.156050086E0,8.836950302E0,-6.253950119E0
2.669789913E2,-1.240500063E-1,1.089405060E1,-5.890500546E-1
2.669814350E2,1.375950098E0,9.250950813E0,-5.610000491E-1
2.669838786E2,2.020050049E0,7.963050365E0,1.279500127E-1
2.669863221E2,8.191950798E0,6.723000526E0,-3.252000093E0
2.669887658E2,6.330000401E0,5.851950169E0,-6.645000458E0
2.669912094E2,3.322050095E0,8.524050713E0,-2.074050188E0
2.669936531E2,2.341050148E0,9.658050537E0,-1.510950089E0
2.669960965E2,2.728950024E0,8.725049973E0,-6.010500193E-1
2.669985402E2,9.282000542E0,1.198095036E1,-4.303050041E0
2.670009838E2,6.475950241E0,9.085950851E0,-9.727950096E0
2.670034273E2,2.274000168E0,1.061100006E1,-7.537950516E0
2.670058710E2,2.097000122E0,1.037400055E1,-5.071950436E0
2.670083146E2,2.142000198E0,9.000000000E0,-2.683950186E0
2.670107581E2,4.174950123E0,8.131050110E0,-2.275050163E0
2.670132018E2,8.604000092E0,5.650050163E0,-3.645000219E0
2.670156454E2,6.520950317E0,6.121950150E0,-7.516050339E0
2.670180891E2,2.583000183E0,7.402950287E0,-2.658000231E0
2.670205325E2,3.940050125E0,7.645050526E0,-2.653050184E0
2.670229761E2,5.311950207E0,7.189950466E0,-4.264950275E0
2.670254198E2,9.259950638E0,9.259050369E0,-7.027950287E0
2.670278633E2,4.912050247E0,7.513050556E0,-1.085895061E1
2.670303069E2,2.050500065E-1,6.175050259E0,-4.641000271E0
2.670327506E2,4.330049992E0,8.167050362E0,7.005000114E-2
2.670351941E2,2.872050047E0,4.795950413E0,-2.100000143E0
2.670376377E2,2.998950243E0,5.698050499E0,2.155950069E0
2.670400814E2,8.470050812E0,4.468050003E0,-1.471050024E0
2.670425248E2,3.811050177E0,1.189950109E0,-5.656050205E0
2.670449685E2,3.081000090E0,6.796950340E0,-1.156949997E0
2.670474121E2,2.680950165E0,3.249000072E0,-5.464050293E0
2.670498558E2,5.032050133E0,6.808950424E0,-2.376000166E0
2.670522993E2,1.032600021E1,6.799950123E0,-5.911950111E0
2.670547430E2,1.285050035E0,3.883050203E0,-8.881050110E0
2.670571866E2,-6.195000187E-2,7.125000477E0,-1.066050053E0
2.670596300E2,3.105000257E0,4.944000244E0,-3.163050175E0
2.670620737E2,1.954950094E0,4.438950062E0,-9.700500369E-1
2.670645174E2,5.607000351E0,4.173000336E0,-1.870500147E-1
2.670669610E2,6.463950157E0,2.224050045E0,-4.923000336E0
2.670694045E2,3.379950047E0,4.565999985E0,-3.946050167E0
2.670718481E2,1.408950090E0,6.337950230E0,-6.040500402E-1
2.670742918E2,1.266000032E0,5.710050106E0,9.420000315E-1
2.670767353E2,5.781000137E0,7.912950516E0,-3.960000277E-1
2.670791789E2,7.429050446E0,8.686050415E0,-6.915000439E0
2.670816226E2,2.065050125E0,6.543000221E0,-7.365000248E0
2.670840660E2,1.065000057E0,8.583000183E0,-1.264950037E0
2.670865097E2,3.138000250E0,7.828950405E0,-2.230050087E0
2.670889534E2,1.918950081E0,7.522950172E0,-1.339050055E0
2.670913968E2,5.118000031E0,8.245950699E0,-2.350500077E-1
2.670938405E2,6.399000168E0,6.205950260E0,-5.440050125E0
2.670962841E2,3.801000118E0,6.127050400E0,-3.132000208E0
2.670987276E2,5.278950214E0,9.486000061E0,-3.805050135E0
2.671011713E2,3.889950275E0,8.308050156E0,-4.249950409E0
2.671036149E2,7.963050365E0,1.146405029E1,-4.156949997E0
2.671060586E2,7.084050179E0,1.088400078E1,-1.040400028E1
2.671085020E2,3.030000031E-1,9.088950157E0,-3.577950239E0
2.671109456E2,1.981950045E0,1.094205093E1,1.026000023E0
2.671133893E2,1.939050078E0,8.583000183E0,-2.494950056E0
2.671158328E2,2.635050058E0,1.020000076E1,-5.805000290E-2
2.671182764E2,7.419000149E0,8.629050255E0,-3.457950115E0
2.671207201E2,5.755050182E0,6.973950386E0,-5.650950432E0
2.671231635E2,3.439950228E0,1.009200001E1,-1.914000034E0
2.671256072E2,2.947050095E0,1.015395069E1,-1.684050083E0
2.671280509E2,2.542050123E0,1.173000050E1,9.559500217E-1
2.671304945E2,8.237999916E0,1.288800049E1,-4.056000233E0
2.671329380E2,6.049950123E0,1.275405025E1,-5.590950489E0
2.671353816E2,2.566050053E0,1.159095097E1,-5.593950272E0
2.671378253E2,2.554050207E0,1.240200043E1,-5.845050335E0
2.671402688E2,2.046000004E0,1.275705051E1,-4.018050194E0
2.671427124E2,1.395000100E0,9.760950089E0,-4.770000279E-1
2.671451561E2,5.650050163E0,9.666000366E0,-3.019950151E0
2.671475995E2,4.528950214E0,8.671950340E0,-5.818950176E0
2.671500432E2,3.718050241E0,1.052805042E1,-1.003950000E0
2.671524869E2,5.106000423E0,9.465000153E0,-4.341000080E0
2.671549303E2,3.604950190E0,9.484050751E0,-2.524050236E0
2.671573739E2,9.279000282E0,1.223505020E1,-6.697050095E0
2.671598176E2,4.953000069E0,8.377950668E0,-1.091100025E1
2.671622613E2,1.210950017E0,7.456050396E0,-3.412050247E0
2.671647048E2,3.073050261E0,9.366000175E0,-2.707950115E0
2.671671484E2,1.957950115E0,5.538000107E0,-3.084000111E0
2.671695921E2,6.976050377E0,7.927050591E0,-1.849050045E0
2.671720356E2,7.351950169E0,4.234950066E0,-7.015950203E0
2.671744792E2,3.262950182E0,5.020950317E0,-4.234050274E0
2.671769229E2,3.270000219E0,7.233000278E0,2.670000196E-1
2.671793663E2,2.416950226E0,4.669050217E0,-7.860000134E-1
2.671818100E2,9.595050812E0,8.875950813E0,-9.580500722E-1
2.671842536E2,9.385050774E0,6.187050343E0,-7.935000420E0
2.671866973E2,1.480950117E0,7.507950306E0,-8.634000778E0
2.671891408E2,8.490000367E-1,7.635000229E0,-5.044950008E0
2.671915844E2,3.973950148E0,4.195050240E0,-5.934000492E0
2.671940281E2,4.474050045E0,4.555950165E0,-5.289000034E0
2.671964715E2,6.436950207E0,4.437000275E0,2.689500153E-1
2.671989152E2,8.379000664E0,2.710050106E0,-3.238050222E0
2.672013589E2,3.579000235E0,3.783000231E0,-2.830950022E0
2.672038023E2,2.592000008E0,7.168050289E0,-6.000000238E-2
2.672062459E2,2.431950092E0,5.751000404E0,-3.774000168E0
2.672086896E2,7.311000347E0,7.924950600E0,-2.026050091E0
2.672111331E2,7.708950520E0,6.739950180E0,-8.730000496E0
2.672135768E2,-1.441050053E0,5.847000122E0,-6.907950401E0
2.672160204E2,1.500000119E0,7.726050377E0,-4.630500078E-1
2.672184639E2,2.743050098E0,4.029000282E0,-4.873050213E0
2.672209075E2,5.070000291E-1,4.256999969E0,1.525950074E0
2.672233512E2,7.447950363E0,5.301000118E0,-1.566000104E0
2.672257948E2,2.875050068E0,1.285950065E0,-3.943950176E0
2.672282383E2,2.977950096E0,6.441000462E0,1.657950044E0
2.672306819E2,3.010950089E0,5.998050213E0,-1.108950019E0
2.672331256E2,2.379000187E0,7.153950214E0,4.219500124E-1
2.672355691E2,7.678050518E0,1.213695049E1,-3.496050119E0
2.672380127E2,2.707050085E0,7.777050495E0,-6.139050484E0
2.672404564E2,-2.560500205E-1,8.344050407E0,2.880000174E-1
2.672428998E2,5.070000291E-1,9.175050735E0,-1.765050054E0
2.672453434E2,1.134000063E0,8.926050186E0,-9.870000482E-1
2.672477871E2,2.937000036E0,9.001950264E0,1.504950047E0
2.672502308E2,5.017950058E0,8.083050728E0,-3.034050226E0
2.672526743E2,5.370000362E0,7.377000332E0,-5.785050392E0
2.672551179E2,5.776950359E0,8.860950470E0,-7.686000347E0
2.672575616E2,3.412950277E0,1.134600067E1,-5.221950054E0
2.672600051E2,4.045950413E0,1.199295044E1,-4.167000294E0
2.672624487E2,7.371000290E0,1.322400093E1,-4.666950226E0
2.672648924E2,4.110000134E0,9.072000504E0,-7.399050236E0
2.672673358E2,2.020050049E0,9.771000862E0,-3.232950211E0
2.672697794E2,4.522050381E0,1.068600082E1,-3.427050114E0
2.672722231E2,2.142000198E0,8.181000710E0,-3.763950109E0
2.672746666E2,5.899050236E0,7.978050232E0,-7.669500113E-1
2.672771103E2,6.543000221E0,6.952950478E0,-6.187050343E0
2.672795539E2,2.367000103E0,7.021950245E0,-2.206050158E0
2.672819976E2,3.250950098E0,9.802050591E0,8.890500665E-1
2.672844410E2,1.905000091E0,7.168050289E0,3.070500195E-1
2.672868847E2,7.711050510E0,1.114995098E1,-4.699500203E-1
2.672893284E2,7.912050247E0,1.030695057E1,-9.742950439E0
2.672917718E2,1.453050017E0,8.179050446E0,-7.164000511E0
2.672942155E2,2.479950190E0,1.016805077E1,-6.376050472E0
2.672966591E2,3.139950037E0,8.032950401E0,-5.260950089E0
2.672991026E2,3.166950226E0,9.534000397E0,-2.317950010E0
2.673015462E2,6.502050400E0,7.999050617E0,-2.500050068E0
2.673039899E2,5.341050148E0,6.442950249E0,-5.847000122E0
2.673064334E2,1.900050044E0,8.100000381E0,-3.925050259E0
2.673088770E2,2.484000206E0,7.582950592E0,-1.471050024E0
2.673113207E2,4.912050247E0,7.201950550E0,-3.766950130E0
2.673137644E2,1.029900074E1,9.358950615E0,-4.393949986E0
2.673162078E2,6.648000240E0,8.739000320E0,-9.289950371E0
2.673186515E2,2.839500010E-1,8.433000565E0,-4.734000206E0
2.673210952E2,2.245050192E0,9.598950386E0,7.500000298E-2
2.673235386E2,1.789950132E0,7.779000282E0,-2.433000088E0
2.673259822E2,3.471000195E0,7.140000343E0,1.729500145E-1
2.673284259E2,8.722050667E0,5.440050125E0,-5.850000381E0
2.673308694E2,3.715050220E0,2.713050127E0,-8.359050751E0
2.673333130E2,4.000050068E0,6.229950428E0,-2.859000206E0
2.673357567E2,3.010950089E0,3.103050232E0,-4.291050434E0
2.673382004E2,6.433050156E0,6.475950241E0,-2.766000032E0
2.673406438E2,1.120005035E1,8.653050423E0,-5.079000473E0
2.673430875E2,1.740000129E0,5.445000172E0,-8.907000542E0
2.673455312E2,-6.460500360E-1,9.936000824E0,-2.026050091E0
2.673479746E2,2.142000198E0,4.920000076E0,-4.260000229E0
2.673504182E2,1.153050065E0,5.728950500E0,-2.847000122E0
2.673528619E2,3.994950294E0,5.394000053E0,1.789050102E0
2.673553054E2,6.628950119E0,1.803000093E0,-9.970500469E-1
2.673577490E2,5.482050419E0,3.004950047E0,-2.356050014E0
2.673601927E2,3.820050240E0,5.503950119E0,2.991000175E0
2.673626361E2,2.977950096E0,6.582000256E0,3.070500195E-1
2.673650798E2,6.274950504E0,7.980000496E0,-1.566000104E0
2.673675235E2,7.429050446E0,9.346950531E0,-7.473000526E0
2.673699669E2,1.065000057E0,8.425050735E0,-6.700050354E0
2.673724105E2,5.860500336E-1,8.536050797E0,-4.360500276E-1
2.673748542E2,2.188050032E0,7.726050377E0,-3.292950153E0
2.673772979E2,1.881000042E0,8.196000099E0,-2.419500053E-1
2.673797414E2,7.714050293E0,8.370000839E0,-2.296950102E0
2.673821850E2,5.335950375E0,4.723950386E0,-7.897050381E0
2.673846287E2,2.665950060E0,7.699950218E0,-3.810000181E0
2.673870721E2,2.568000078E0,9.541050911E0,-4.183050156E0
2.673895158E2,9.499500394E-1,7.530000210E0,-4.395000264E-2
2.673919595E2,7.419000149E0,1.218705082E1,-1.528050065E0
2.673944029E2,4.692000389E0,9.775950432E0,-5.254050255E0
2.673968465E2,5.359500051E-1,7.434000492E0,5.130000114E-1
2.673992902E2,1.954950094E0,1.010400009E1,1.969500035E-1
2.674017339E2,1.330050111E0,7.537050247E0,-7.090500593E-1
2.674041774E2,3.957000256E0,7.618950367E0,-2.280000210E0
2.674066210E2,7.207950115E0,6.181950092E0,-6.283050060E0
2.674090647E2,5.206950188E0,6.148050308E0,-7.212000370E0
2.674115081E2,2.803050041E0,8.277000427E0,-2.710950136E0
2.674139518E2,2.191950083E0,8.703000069E0,5.899500251E-1
2.674163955E2,5.628000259E0,8.812950134E0,-1.602000117E0
2.674188389E2,9.849000931E0,1.112400055E1,-6.244950294E0
2.674212825E2,4.159950256E0,7.635000229E0,-8.586000443E0
2.674237262E2,1.666050076E0,9.184050560E0,-3.598950148E0
2.674261697E2,4.864050388E0,8.866050720E0,-3.847950220E0
2.674286133E2,1.960050106E0,6.706050396E0,-4.532999992E0
2.674310570E2,6.114000320E0,9.036000252E0,-5.080500245E-1
2.674335005E2,7.113000393E0,5.089950085E0,-7.449000359E0
2.674359441E2,2.484000206E0,5.658000469E0,-3.645000219E0
2.674383878E2,3.289050102E0,9.046050072E0,-3.280500174E-1
2.674408315E2,1.888050079E0,6.412050247E0,-1.327050090E0
2.674432749E2,1.019205093E1,1.050105095E1,-2.440050125E0
2.674457185E2,8.575950623E0,8.710050583E0,-1.065000057E1
2.674481622E2,1.198950052E0,9.205950737E0,-6.331050396E0
2.674506057E2,1.371000051E0,1.113300037E1,-3.582000256E0
2.674530493E2,1.807050109E0,8.148000717E0,-1.729050040E0
2.674554930E2,4.291950226E0,9.661050797E0,-1.380000114E0
2.674579365E2,7.228050232E0,7.498950481E0,-3.424050093E0
2.674603801E2,5.439000130E0,5.619000435E0,-6.676050186E0
2.674628238E2,1.242000103E0,7.645050526E0,-4.686000347E0
2.674652674E2,1.225050092E0,7.743000507E0,-1.009500027E-1
2.674677109E2,2.223000050E0,8.193000793E0,-1.554000020E0
2.674701545E2,9.828000069E0,9.826050758E0,-2.797050238E0
2.674725982E2,7.504950523E0,8.418000221E0,-9.822000504E0
2.674750417E2,5.140500069E-1,9.105000496E0,-4.887000084E0
2.674774853E2,2.616000175E0,9.844950676E0,-1.156949997E0
2.674799290E2,2.014950037E0,6.606000423E0,-2.956950188E0
2.674823724E2,4.615050316E0,7.401000500E0,2.020500153E-1
2.674848161E2,9.724950790E0,5.559000492E0,-6.838950157E0
2.674872598E2,4.230000019E0,3.007050037E0,-5.890050411E0
2.674897032E2,4.599000454E0,8.251049995E0,-1.533000112E0
2.674921468E2,1.507950068E0,5.968950272E0,-1.801050067E0
2.674945905E2,5.239950180E0,9.454950333E0,8.479500413E-1
2.674970340E2,7.933950424E0,1.030500031E1,-5.329950333E0
2.674994776E2,8.800500631E-1,7.920000553E0,-4.746000290E0
2.675019213E2,5.569500327E-1,1.010895061E1,-1.645050049E0
2.675043650E2,1.933950067E0,7.699950218E0,-1.987950087E0
2.675068085E2,1.800000072E0,8.551950455E0,-7.860000134E-1
2.675092521E2,4.900050163E0,8.491950035E0,-1.714950085E0
2.675116958E2,6.082950115E0,5.983050346E0,-4.159049988E0
2.675141392E2,1.777950048E0,6.807000160E0,-3.997050285E0
2.675165828E2,8.779500127E-1,8.101950645E0,2.290050030E0
2.675190265E2,2.346000195E0,8.193000793E0,-8.029500246E-1
2.675214700E2,9.118950844E0,9.184050560E0,-3.700050116E0
2.675239136E2,8.793000221E0,1.003695011E1,-9.705000877E0
2.675263573E2,1.102950096E0,7.237950325E0,-6.669000149E0
2.675288010E2,1.321050048E0,9.022050858E0,-1.624050021E0
2.675312445E2,1.929000139E0,7.281000137E0,-4.107000351E0
2.675336881E2,2.728950024E0,6.538950443E0,-1.528050065E0
2.675361318E2,8.428950310E0,6.517050266E0,-5.200950146E0
2.675385752E2,5.367000103E0,2.194950104E0,-7.485000134E0
2.675410188E2,2.752950191E0,6.127050400E0,-2.694000244E0
2.675434625E2,1.560000062E0,5.148000240E0,-1.104000092E0
2.675459060E2,4.318050385E0,4.558950424E0,6.949500442E-1
2.675483496E2,1.100805092E1,9.013950348E0,-5.155050278E0
2.675507933E2,4.536000252E0,5.101950169E0,-7.092000484E0
2.675532370E2,2.119500041E-1,8.569050789E0,-4.360500276E-1
2.675556804E2,1.419000030E0,7.297950268E0,-8.070000410E-1
2.675581240E2,2.743050098E0,5.989950180E0,2.599500120E-1
2.675605675E2,4.006950378E0,7.984950542E0,1.342050076E0
2.675630111E2,7.024050236E0,6.004950523E0,-2.265000105E0
2.675654548E2,3.733950138E0,4.756950378E0,-4.521000385E0
2.675678985E2,3.576000214E0,8.039999962E0,1.110000089E-1
2.675703420E2,2.467950106E0,9.160050392E0,-1.485000014E0
2.675727856E2,5.653950214E0,1.040505028E1,-3.810000122E-1
2.675752293E2,9.943050385E0,1.240695095E1,-9.903000832E0
2.675776728E2,3.154950142E0,9.220050812E0,-7.600050449E0
2.675801164E2,2.413050175E0,1.173000050E1,-4.794000149E0
2.675825601E2,2.857950211E0,1.092000008E1,-6.774000168E0
2.675850036E2,1.668000102E0,1.162905025E1,-7.090500593E-1
2.675874472E2,4.833000183E0,1.086795044E1,-2.445000172E0
2.675898909E2,4.801950455E0,7.195050240E0,-5.797050476E0
2.675923345E2,3.163950205E0,8.848950386E0,-2.779950142E0
2.675947780E2,2.662050009E0,9.630000114E0,-7.500000298E-2
2.675972216E2,3.796950102E0,8.466000557E0,-2.139000177E0
2.675996653E2,9.880050659E0,1.118805027E1,-5.862000465E0
2.676021088E2,6.777000427E0,9.460050583E0,-1.134000015E1
2.676045524E2,1.627050042E0,9.000000000E0,-6.925050259E0
2.676069961E2,1.660950065E0,9.589050293E0,-1.606950045E0
2.676094396E2,1.393050075E0,7.731000423E0,-1.102050066E0
2.676118832E2,4.302000046E0,7.413000584E0,4.510500133E-1
2.676143269E2,8.723999977E0,6.484050274E0,-2.185950041E0
2.676167704E2,4.347000122E0,4.164000034E0,-5.356050491E0
2.676192141E2,3.163950205E0,8.253000259E0,3.390000165E-1
2.676216577E2,2.851050138E0,6.960000515E0,-1.678950071E0
2.676241011E2,3.670050144E0,8.866050720E0,1.167000055E0
2.676265448E2,9.430050850E0,1.253205013E1,-6.070050240E0
2.676289884E2,2.767050028E0,8.413050652E0,-7.437000275E0
2.676314321E2,6.859500408E-1,1.157100010E1,-1.710000038E0
2.676338756E2,1.723050117E0,8.920950890E0,-3.709050179E0
2.676363192E2,1.552950025E0,8.665050507E0,2.520000041E-1
2.676387629E2,5.736000061E0,9.144000053E0,-4.497000217E0
2.676412064E2,7.618050575E0,6.007050514E0,-6.709050179E0
2.676436500E2,4.924050331E0,6.607950211E0,-5.821050167E0
2.676460937E2,2.500950098E0,9.277950287E0,-2.491050005E0
2.676485372E2,2.973000050E0,8.734050751E0,-2.661000013E0
2.676509808E2,8.245050430E0,1.027095032E1,-4.144950390E0
2.676534245E2,6.751050472E0,8.928000450E0,-9.348000526E0
2.676558679E2,1.495950103E0,6.964950562E0,-7.626000404E0
2.676583116E2,2.282999992E0,7.393050194E0,-2.032950163E0
2.676607552E2,2.590050220E0,6.469050407E0,-3.159000158E0
2.676631989E2,3.415950060E0,5.727000237E0,-8.310000300E-1
2.676656424E2,8.604000092E0,7.039050102E0,-2.002050161E0
2.676680860E2,3.816000223E0,3.498000145E0,-4.939950466E0
2.676705297E2,2.779050112E0,7.386000156E0,3.436950207E0
2.676729732E2,1.930950046E0,5.677050114E0,1.284000039E0
2.676754168E2,2.836050034E0,8.083050728E0,2.568000078E0
2.676778605E2,1.092900085E1,1.078395081E1,-4.696050167E0
2.676803039E2,3.612000227E0,7.140000343E0,-8.767950058E0
2.676827476E2,1.399950027E0,9.772950172E0,-2.590950012E0
2.676851912E2,2.233050108E0,8.085000038E0,-4.084949970E0
2.676876349E2,2.050950050E0,9.049950600E0,-1.525950074E0
2.676900784E2,5.568000317E0,9.522000313E0,-3.549000263E0
2.676925220E2,7.954950333E0,7.111050129E0,-7.339050293E0
2.676949657E2,4.462050438E0,7.410000324E0,-8.383049965E0
2.676974092E2,1.507950068E0,9.493050575E0,-3.489000082E0
2.676998528E2,1.503000021E0,7.824000359E0,-3.019950151E0
2.677022965E2,7.045950413E0,9.723000526E0,-1.936950088E0
2.677047399E2,8.953950882E0,1.016100025E1,-7.771950245E0
2.677071835E2,2.176050186E0,7.843950272E0,-5.356050491E0
2.677096272E2,2.427000046E0,9.895050049E0,8.100000620E-1
2.677120707E2,1.210950017E0,7.992000580E0,-6.640500426E-1
2.677145143E2,2.446050167E0,6.967050552E0,2.563050032E0
2.677169580E2,6.592950344E0,8.361000061E0,-2.479050159E0
2.677194015E2,2.844000101E0,4.468050003E0,-3.202050209E0
2.677218451E2,3.114000082E0,7.767000198E0,-1.092000008E0
2.677242888E2,2.415000200E0,7.045950413E0,-7.570500374E-1
2.677267322E2,4.177050114E0,9.586950302E0,6.599999964E-2
2.677291759E2,1.039005089E1,1.136595058E1,-6.277950287E0
2.677316195E2,5.299950123E0,1.030695057E1,-8.562000275E0
2.677340632E2,6.840000153E-1,9.862050056E0,-6.502950191E0
2.677365067E2,2.761950016E0,8.509050369E0,-4.995000362E0
2.677389503E2,3.729000092E0,7.024950504E0,-6.466950417E0
2.677413940E2,6.777000427E0,7.276050568E0,-5.859000206E0
2.677438375E2,9.085950851E0,4.663950443E0,-9.274050713E0
2.677462812E2,4.570050240E0,5.004000187E0,-8.020950317E0
2.677487248E2,3.937950134E0,7.426950455E0,-2.710950136E0
2.677511683E2,2.062950134E0,5.077950478E0,-1.837050080E0
2.677536119E2,8.554050446E0,9.546000481E0,-1.471050024E0
2.677560556E2,8.536950111E0,9.735000610E0,-5.242050171E0
2.677584990E2,-5.205000192E-2,7.357950211E0,-2.524050236E0
2.677609427E2,-5.839500427E-1,1.019700050E1,4.102050304E0
2.677633863E2,2.437050104E0,3.784950256E0,-2.905050039E0
2.677658298E2,4.480950356E0,7.753050327E0,-2.269950151E0
2.677682735E2,1.002195072E1,5.374950409E0,-4.597949982E0
2.677707171E2,6.624000549E0,4.779000282E0,-5.268000126E0
2.677731608E2,2.434050083E0,8.586000443E0,3.409500122E-1
2.677756043E2,4.710000157E-1,8.920950890E0,3.070050240E0
2.677780479E2,2.451000214E0,1.047000027E1,-3.240000010E-1
2.677804916E2,1.036905003E1,1.334100056E1,-5.670000076E0
2.677829350E2,7.114950180E0,1.061895084E1,-1.068405056E1
2.677853787E2,2.748000145E0,1.057305050E1,-7.035000324E0
2.677878223E2,2.989950180E0,1.206000042E1,-6.738000393E0
2.677902658E2,1.567050099E0,1.168605042E1,-2.529000044E0
2.677927095E2,3.130950212E0,1.245495033E1,2.989050150E0
2.677951531E2,3.883050203E0,1.015395069E1,-3.669000149E0
2.677975965E2,2.950950146E0,8.554950714E0,-1.054050088E0
2.678000402E2,5.932050228E0,1.038900089E1,-3.477000237E0
2.678024838E2,3.138000250E0,8.446949959E0,-4.794000149E0
2.678049273E2,7.690050602E0,1.113600063E1,-6.463050365E0
2.678073710E2,7.177050114E0,9.759000778E0,-1.223505020E1
2.678098146E2,2.197050095E0,6.667950153E0,-8.791950226E0
2.678122583E2,2.808000088E0,6.438000202E0,-4.518000126E0
2.678147017E2,2.213999987E0,4.944000244E0,-2.581950188E0
2.678171454E2,2.716950178E0,4.378950119E0,-1.996950150E0
2.678195891E2,7.077000141E0,4.551000118E0,1.450500041E-1
2.678220325E2,4.975050449E0,1.276050091E0,-1.210050106E0
2.678244762E2,2.155950069E0,2.362950087E0,1.624050021E0
2.678269198E2,2.704950094E0,3.502950191E0,1.372950077E0
2.678293633E2,4.363950253E0,3.132000208E0,-2.100000143E0
2.678318070E2,1.043805027E1,7.674000263E0,-2.281949997E0
2.678342506E2,4.587000370E0,3.448050261E0,-6.108000278E0
2.678366940E2,-3.660000265E-1,7.599000454E0,-6.223050117E0
2.678391377E2,2.920050144E0,6.273000240E0,-3.805050135E0
2.678415814E2,3.595050097E0,5.085000038E0,-5.977050304E0
2.678440248E2,4.996050358E0,7.771950245E0,-7.189500332E-1
2.678464685E2,6.454050541E0,5.346000195E0,-1.003950000E0
2.678489121E2,5.152050018E0,6.261000156E0,-1.095000029E0
2.678513558E2,4.515000343E0,7.522950172E0,-1.332000017E0
2.678537992E2,2.677950144E0,7.288050175E0,1.324950099E0
2.678562429E2,7.696950436E0,1.091295052E1,-3.106050253E0
2.678586866E2,9.411000252E0,1.002195072E1,-1.078200054E1
2.678611300E2,1.812000036E0,1.034295082E1,-1.018095016E1
2.678635737E2,5.860500336E-1,1.127505016E1,-6.781050205E0
2.678660173E2,1.402050018E0,9.855000496E0,-6.253950119E0
2.678684610E2,1.500000060E-1,8.797050476E0,-3.379500210E-1
2.678709045E2,5.848050117E0,9.562950134E0,-2.572050095E0
2.678733482E2,4.639050007E0,5.775000095E0,-4.356000423E0
2.678757918E2,4.711050034E0,7.563000202E0,-1.920000017E-1
2.678782353E2,3.676950216E0,6.115050316E0,-2.220000029E0
2.678806789E2,5.470050335E0,7.480050564E0,-4.170000255E-1
2.678831226E2,1.096695042E1,9.742050171E0,-8.289000511E0
2.678855660E2,3.757950068E0,7.972950459E0,-9.384000778E0
2.678880097E2,1.038000107E0,8.848950386E0,-3.502950191E0
2.678904533E2,2.488950014E0,7.504050255E0,-2.056950092E0
2.678928970E2,3.592950106E0,7.060950279E0,-3.640500307E-1
2.678953405E2,6.349050522E0,8.101950645E0,-7.860000134E-1
2.678977841E2,7.029000282E0,4.990050316E0,-4.131000042E0
2.679002276E2,1.771050096E0,6.553050518E0,-4.771950245E0
2.679026713E2,1.096050024E0,8.353950500E0,9.630000591E-1
2.679051149E2,1.117050052E0,7.597050190E0,-7.039500475E-1
2.679075586E2,5.680950165E0,1.045095062E1,-1.267050028E0
2.679100020E2,8.947050095E0,1.120800018E1,-8.578950882E0
2.679124457E2,8.989500403E-1,9.618000031E0,-6.274050236E0
2.679148894E2,-5.719500184E-1,1.178895092E1,-5.730000138E-1
2.679173328E2,5.260500312E-1,9.177000046E0,-3.088950157E0
2.679197765E2,9.690000415E-1,9.955050468E0,1.347000122E0
2.679222201E2,6.720000267E0,1.040805054E1,-4.024950027E0
2.679246636E2,5.523000240E0,6.724950314E0,-5.992950439E0
2.679271073E2,5.335950375E0,8.362950325E0,-3.943950176E0
2.679295509E2,3.064050198E0,8.509050369E0,-2.337000132E0
2.679319944E2,3.682050228E0,1.026705074E1,-8.500500321E-1
2.679344380E2,1.028700066E1,1.119105053E1,-5.364000320E0
2.679368817E2,5.677950382E0,9.952950478E0,-1.003500080E1
2.679393253E2,1.867050052E0,1.101105022E1,-5.277000427E0
2.679417688E2,3.301050186E0,1.048200035E1,-3.610950232E0
2.679442125E2,1.591050029E0,8.184000015E0,-3.448050261E0
2.679466561E2,6.402000427E0,9.570000648E0,-8.380500674E-1
2.679490996E2,7.594050407E0,6.819000244E0,-7.344000340E0
2.679515433E2,2.905950069E0,6.424050331E0,-4.207050323E0
2.679539869E2,3.840000153E0,8.221950531E0,-1.048950076E0
2.679564303E2,2.155950069E0,5.940000057E0,-2.038050175E0
2.679588740E2,9.538050652E0,9.682050705E0,-1.387050033E0
2.679613176E2,8.881950378E0,8.394000053E0,-9.649050713E0
2.679637613E2,1.705950022E0,8.302950859E0,-5.578950405E0
2.679662048E2,2.839050055E0,8.788949966E0,-4.498950005E0
2.679686485E2,1.929000139E0,6.036000252E0,-3.520050049E0
2.679710918E2,3.808050156E0,7.462950230E0,-7.380000353E-1
2.679735355E2,6.418050289E0,6.201000214E0,-2.749050140E0
2.679759791E2,3.994950294E0,3.220050097E0,-4.939950466E0
2.679784228E2,1.177050114E0,5.133000374E0,-8.839500546E-1
2.679808663E2,5.929500461E-1,4.579950333E0,8.800500631E-1
2.679833100E2,3.033000231E0,5.440050125E0,4.530000091E-1
2.679857536E2,8.998950005E0,8.017950058E0,-1.825050116E0
2.679881971E2,3.178950071E0,4.657050133E0,-6.328950405E0
2.679906408E2,-6.940500140E-1,6.927000523E0,-5.220000148E-1
2.679930844E2,6.700500250E-1,6.013950348E0,-1.392000079E0
2.679955279E2,1.147950053E0,3.316050053E0,-5.700000525E-1
2.679979716E2,5.566050053E0,7.357950211E0,-2.950500250E-1
2.680004152E2,5.761950493E0,4.152000427E0,-4.915950298E0
2.680028589E2,3.619050264E0,5.229000092E0,-2.620050192E0
2.680053023E2,2.494050026E0,6.603000164E0,-5.440500379E-1
2.680077460E2,1.189050078E0,6.747000217E0,4.609500170E-1
2.680101896E2,7.096050262E0,8.542950630E0,-2.545950174E0
2.680126331E2,8.953950882E0,8.368050575E0,-9.192000389E0
2.680150768E2,2.583000183E0,7.591950417E0,-9.669000626E0
2.680175204E2,2.094000101E0,9.952950478E0,-4.272000313E0
2.680199641E2,2.632950068E0,7.318950176E0,-5.011950016E0
2.680224076E2,2.137050152E0,7.309950352E0,-9.870000482E-1
2.680248512E2,9.021000862E0,8.413050652E0,-4.279050350E0
2.680272946E2,4.825950146E0,4.501049995E0,-8.170050621E0
2.680297383E2,3.388950109E0,8.634000778E0,-2.170050144E0
2.680321819E2,1.939050078E0,6.181950092E0,-2.482950211E0
2.680346256E2,5.034000397E0,7.621050358E0,1.537950039E0
2.680370691E2,1.165200043E1,1.108800030E1,-5.404050350E0
2.680395127E2,3.399000168E0,8.181000710E0,-7.381950378E0
2.680419564E2,1.101000071E0,1.093005085E1,-1.927950144E0
2.680443999E2,2.413050175E0,8.227050781E0,-3.151050091E0
2.680468436E2,1.876050115E0,8.706000328E0,-4.189500213E-1
2.680492872E2,4.560000420E0,9.709050179E0,-3.070500195E-1
2.680517306E2,6.628950119E0,8.634000778E0,-3.987000227E0
2.680541743E2,3.037950039E0,7.666050434E0,-3.259050131E0
2.680566179E2,2.712000132E0,8.635950089E0,5.299500227E-1
2.680590616E2,1.978950143E0,9.517050743E0,-4.410000145E-1
2.680615051E2,6.885000229E0,1.274205017E1,-3.003000259E0
2.680639487E2,7.402050495E0,1.377195072E1,-9.228000641E0
2.680663922E2,1.608000040E0,1.025205040E1,-4.789050102E0
2.680688358E2,5.950500369E-1,1.060395050E1,-2.548050165E0
2.680712795E2,1.314000010E0,1.109295082E1,-2.668050051E0
2.680737232E2,1.600950122E0,9.048000336E0,-2.400000021E-2
2.680761666E2,6.661950111E0,8.775000572E0,-6.565950394E0
2.680786103E2,5.286000252E0,6.895050526E0,-8.176950455E0
2.680810539E2,4.303950310E0,8.242950439E0,-5.272950172E0
2.680834974E2,2.508000135E0,6.996000290E0,-2.446950197E0
2.680859411E2,5.182950020E0,7.483950138E0,-1.593000054E0
2.680883847E2,9.567000389E0,1.198995018E1,-6.271050453E0
2.680908284E2,4.500000000E0,8.587950706E0,-7.747950554E0
2.680932719E2,8.505000174E-2,7.045950413E0,-7.000500560E-1
2.680957156E2,1.441050053E0,7.810050488E0,-9.460500479E-1
2.680981592E2,1.363950014E0,4.839000225E0,-2.470500171E-1
2.681006026E2,6.547950268E0,9.289950371E0,1.768050075E0
2.681030462E2,7.350000381E0,5.370000362E0,-4.738950253E0
2.681054899E2,4.330049992E0,7.159050465E0,-2.260950089E0
2.681079334E2,3.358050108E0,8.551950455E0,-2.031000137E0
2.681103771E2,7.150500417E-1,8.056950569E0,-2.110500038E-1
2.681128207E2,8.379000664E0,1.145700073E1,-5.269950390E0
2.681152642E2,7.327950478E0,8.314949989E0,-1.333395100E1
2.681177079E2,8.989500403E-1,9.253950119E0,-9.427050591E0
2.681201515E2,2.803050041E0,7.080000401E0,-5.971950054E0
2.681225949E2,3.387000084E0,5.026050091E0,-4.489950180E0
2.681250386E2,4.246950150E0,6.691950321E0,-3.874050140E0
2.681274822E2,7.240050316E0,4.222949982E0,-4.933050156E0
2.681299259E2,2.676000118E0,3.333000183E0,-5.187000275E0
2.681323694E2,1.338000059E0,4.246950150E0,1.015950084E0
2.681348131E2,1.840050101E0,2.092950106E0,6.330000162E-1
2.681372567E2,4.089000225E0,2.161950111E0,3.240000010E-1
2.681397002E2,1.030695057E1,4.621050358E0,-2.212949991E0
2.681421439E2,4.471950054E0,-9.520500302E-1,-3.802950144E0
2.681445875E2,1.122000098E0,3.852000237E0,-2.457000017E0
2.681470312E2,3.993000269E0,3.040950060E0,-4.425000191E0
2.681494746E2,1.848000050E0,3.024000168E0,-6.976950169E0
2.681519183E2,3.940050125E0,5.382000446E0,1.477950096E0
2.681543617E2,3.499950171E0,1.683000088E0,3.106050253E0
2.681568054E2,1.804050088E0,4.555950165E0,1.207950115E0
2.681592490E2,1.285050035E0,5.920950413E0,2.536050081E0
2.681616927E2,2.188050032E0,8.513999939E0,4.530000091E-1
2.681641362E2,6.129000187E0,1.370505047E1,2.455050230E0
2.681665798E2,8.518050194E0,1.228005028E1,-6.421950340E0
2.681690235E2,3.412950277E0,1.112100029E1,-7.432050228E0
2.681714669E2,4.285050392E0,1.312305069E1,-8.572050095E0
2.681739106E2,1.684950113E0,1.334295082E1,-7.612050533E0
2.681763543E2,3.550050259E0,1.135605049E1,-7.789500356E-1
2.681787977E2,4.927050114E0,9.796950340E0,-8.052000046E0
2.681812414E2,4.714050293E0,7.954050541E0,-7.107000351E0
2.681836850E2,3.859050274E0,9.637050629E0,-5.968950272E0
2.681861287E2,3.520950079E0,7.300050259E0,-4.147050381E0
2.681885722E2,8.085000038E0,9.247050285E0,-6.829050541E0
2.681910159E2,9.579000473E0,1.145400047E1,-1.097595024E1
2.681934592E2,4.062000275E0,9.891000748E0,-1.095900059E1
2.681959029E2,1.584000111E0,7.879950523E0,-5.122050285E0
2.681983466E2,1.584000111E0,8.002050400E0,8.460000157E-1
2.682007902E2,1.552950025E0,6.618000507E0,4.879950047E0
2.682032337E2,5.130000114E0,9.292050362E0,7.303050518E0
2.682056774E2,5.116050243E0,5.071050167E0,1.579050064E0
2.682081210E2,5.269050121E0,5.334000111E0,2.467050076E0
2.682105645E2,7.096050262E0,8.437050819E0,-1.819950104E0
2.682130082E2,3.732000113E0,9.211050034E0,-7.039500475E-1
2.682154518E2,7.285050392E0,1.371000099E1,-5.446950436E0
2.682178955E2,4.845000267E0,1.253205013E1,-9.702000618E0
2.682203389E2,8.680500388E-1,1.149000072E1,-2.409000158E0
2.682227826E2,1.587000132E0,1.076895046E1,-4.401000023E0
2.682252262E2,2.142000198E0,1.180905056E1,-3.652050257E0
2.682276697E2,4.668000221E0,1.009905052E1,-5.251050472E0
2.682301134E2,6.816000462E0,7.518000126E0,-9.889050484E0
2.682325570E2,3.805950165E0,7.714050293E0,-8.251049995E0
2.682350005E2,2.467950106E0,9.031050682E0,-2.320950031E0
2.682374442E2,2.317050219E0,7.216050148E0,-2.078999996E0
2.682398878E2,6.199950218E0,7.366950512E0,-2.886000156E0
2.682423312E2,8.338050842E0,1.204305077E1,-7.801050186E0
2.682447749E2,2.094000101E0,6.184050083E0,-6.561000347E0
2.682472186E2,-3.061950207E0,8.988000870E0,-1.051950097E0
2.682496620E2,-1.384050012E0,3.079050064E0,1.873050094E0
2.682521057E2,9.739500284E-1,2.485050201E0,2.455050230E0
2.682545493E2,6.777000427E0,4.707000256E0,1.473000050E0
2.682569930E2,8.224050522E0,1.175999999E0,-4.959000111E0
2.682594365E2,5.845950127E0,3.426000118E0,-4.996950150E0
2.682618802E2,2.620950222E0,4.278000355E0,-3.537000179E0
2.682643238E2,2.026950121E0,4.738050461E0,-2.608050108E0
2.682667672E2,7.306950569E0,1.026900005E1,-1.755000114E0
2.682692109E2,6.484950542E0,5.421000481E0,-9.637050629E0
2.682716545E2,-7.060500383E-1,8.350950241E0,-3.657000065E0
2.682740982E2,3.343950272E0,6.132000446E0,-4.654950142E0
2.682765417E2,3.817950249E0,3.724950075E0,-6.130050182E0
2.682789854E2,8.130000114E0,5.854050159E0,-3.151050091E0
2.682814288E2,8.461050034E0,2.104050159E0,-7.435050488E0
2.682838725E2,2.800950050E0,5.272050381E0,-4.437000275E0
2.682863162E2,4.729950428E0,5.662050247E0,-1.909050107E0
2.682887598E2,1.879050136E0,5.566950321E0,5.400000140E-2
2.682912032E2,3.805950165E0,8.803950310E0,1.975950122E0
2.682936469E2,6.957000256E0,7.171050549E0,-2.710950136E0
2.682960905E2,-1.300050020E0,9.490950584E0,-3.760500252E-1
2.682985340E2,-2.298000097E0,8.968950272E0,4.897050381E0
2.683009777E2,-1.510500014E-1,7.456050396E0,1.126049995E0
2.683034213E2,6.499500275E-1,8.683950424E0,-2.194050074E0
2.683058648E2,1.702050090E0,9.916950226E0,-4.459500313E-1
2.683083085E2,1.534050107E0,7.528050423E0,3.691050291E0
2.683107521E2,6.030000448E-1,7.530000210E0,-7.759500146E-1
2.683131958E2,1.888050079E0,1.285995102E1,-1.353000045E0
2.683156392E2,3.090000153E0,1.216005039E1,-7.980000377E-1
2.683180829E2,1.118505096E1,1.281195068E1,-2.002050161E0
2.683205265E2,7.764000416E0,1.148295021E1,-1.372695065E1
2.683229700E2,2.821950197E0,1.097505093E1,-1.004895020E1
2.683254137E2,3.385050058E0,1.138695049E1,-6.874050140E0
2.683278573E2,3.639000177E0,9.321000099E0,-4.126049995E0
2.683303008E2,5.001000404E0,8.056950569E0,-4.303050041E0
2.683327445E2,7.492950439E0,7.422000408E0,-7.597950459E0
2.683351881E2,4.620000362E0,5.404050350E0,-7.155000210E0
2.683376315E2,4.599000454E0,6.000000477E0,-4.272000313E0
2.683400752E2,3.271950245E0,5.149950027E0,-5.292000294E0
2.683425188E2,5.944050312E0,5.643000126E0,-1.051950097E0
2.683449625E2,7.783050537E0,1.088205051E1,-1.353000045E0
2.683474060E2,2.140050173E0,8.269950867E0,2.020500153E-1
2.683498497E2,1.261050105E0,1.012500095E1,5.814000130E0
2.683522933E2,8.920500278E-1,6.823950291E0,4.009500146E-1
2.683547368E2,1.435950041E0,6.235050201E0,-2.265000105E0
2.683571805E2,7.258950233E0,7.330950260E0,-4.794000149E0
2.683596241E2,7.201050282E0,5.737050056E0,-7.999950409E0
2.683620676E2,3.547950268E0,8.788949966E0,-1.260000110E0
2.683645112E2,2.671050072E0,1.024995041E1,9.060000181E-1
2.683669548E2,2.716950178E0,9.001950264E0,-4.890000224E-1
2.683693985E2,6.756000519E0,1.169595051E1,-7.500000596E-1
2.683718420E2,7.431000233E0,1.018995094E1,-9.855000496E0
2.683742857E2,1.885950089E0,9.886050224E0,-5.839950085E0
2.683767291E2,3.351000071E0,1.138500023E1,-7.614000320E0
2.683791728E2,2.013000011E0,8.836950302E0,-4.732050419E0
2.683816164E2,8.280000687E-1,9.666000366E0,-1.155000091E0
2.683840601E2,5.736000061E0,9.330000877E0,-4.636050224E0
2.683865035E2,5.014950275E0,8.698050499E0,-4.774950027E0
2.683889472E2,3.034950256E0,1.113795090E1,-1.435050011E0
2.683913908E2,2.370000124E0,8.491950035E0,-7.005000114E-2
2.683938343E2,1.936050057E0,7.225950241E0,2.205000073E-2
2.683962780E2,8.391000748E0,9.922050476E0,-3.190050125E0
2.683987216E2,3.961950302E0,7.848000526E0,-6.048000336E0
2.684011651E2,1.584000111E0,8.278950691E0,-4.819500148E-1
2.684036088E2,3.186000109E0,8.044950485E0,-4.099500179E-1
2.684060524E2,1.680000067E0,5.989950180E0,-3.619500101E-1
2.684084961E2,3.343950272E0,8.950050354E0,3.405000269E-2
2.684109395E2,5.094000340E0,6.939000130E0,-4.413000107E0
2.684133832E2,2.278950214E0,6.711000443E0,-3.604050159E0
2.684158268E2,1.504950047E0,7.860000610E0,-3.538950205E0
2.684182703E2,2.022000074E0,5.559000492E0,-3.637050152E0
2.684207140E2,4.453050137E0,7.240050316E0,-3.898050070E0
2.684231576E2,9.032999992E0,7.012950420E0,-6.562950134E0
2.684256011E2,3.445050240E0,5.574000359E0,-8.002050400E0
2.684280448E2,1.180050015E0,5.665050507E0,-2.074050188E0
2.684304885E2,2.271000147E0,4.884000301E0,-3.324000120E0
2.684329321E2,1.623000026E0,2.752950191E0,-3.561000109E0
2.684353755E2,6.202950478E0,5.169000149E0,1.390050054E0
2.684378192E2,4.113000393E0,1.599000096E0,-2.056950092E0
2.684402628E2,2.440950155E0,3.900000095E0,1.684050083E0
2.684427063E2,4.519950390E0,4.597050190E0,2.874000072E0
2.684451500E2,3.391950130E0,3.292050123E0,-9.100500345E-1
2.684475936E2,6.937950134E0,7.528050423E0,-2.008949995E0
2.684500373E2,7.417050362E0,7.402950287E0,-5.718000412E0
2.684524808E2,7.170000076E-1,8.346000671E0,-6.939000130E0
2.684549244E2,2.959500253E-1,1.024995041E1,3.580500185E-1
2.684573681E2,9.780000448E-1,7.567950249E0,-2.536050081E0
2.684598115E2,2.548950195E0,9.216000557E0,6.349500418E-1
2.684622552E2,5.640000343E0,1.087200069E1,-3.364050150E0
2.684646989E2,3.828000069E0,8.752950668E0,-5.814000130E0
2.684671423E2,6.756000519E0,1.044900036E1,-6.256950378E0
2.684695860E2,5.724000454E0,1.156395054E1,-8.755949974E0
2.684720296E2,3.409050226E0,1.147605038E1,-5.164950371E0
2.684744733E2,7.431000233E0,1.275900078E1,-9.131999969E0
2.684769168E2,5.395950317E0,1.195005035E1,-8.485950470E0
2.684793604E2,1.243950009E0,1.271595097E1,-5.151000023E0
2.684818041E2,3.294000149E0,1.173705101E1,-1.228950024E0
2.684842476E2,3.046950102E0,9.646050453E0,-3.489000082E0
2.684866912E2,4.635000229E0,8.638050079E0,-4.087950230E0
2.684891349E2,8.848050117E0,8.521050453E0,-7.000950336E0
2.684915783E2,3.463950157E0,8.916000366E0,-7.689000130E0
2.684940219E2,2.085000038E0,1.013505077E1,-9.460500479E-1
2.684964656E2,1.788000107E0,8.109000206E0,1.473000050E0
2.684989093E2,2.998950243E0,7.747950554E0,2.182049990E0
2.685013528E2,6.402000427E0,1.195905018E1,4.459500313E-1
2.685037964E2,2.170950174E0,6.919050217E0,-2.359050035E0
2.685062401E2,1.041000009E0,8.208000183E0,-8.550000191E-1
2.685086836E2,3.310050249E0,9.261000633E0,-2.863950253E0
2.685111272E2,2.104050159E0,7.123050213E0,-4.150050163E0
2.685135709E2,2.250000000E0,8.883000374E0,-5.940000415E-1
2.685160143E2,4.299000263E0,9.453000069E0,-3.226050138E0
2.685184579E2,2.053050041E0,7.990050316E0,-8.100000620E-1
2.685209016E2,3.193050146E0,1.128900051E1,-4.339500070E-1
2.685233451E2,3.267000198E0,9.964950562E0,-2.050050020E0
2.685257887E2,5.494050026E0,9.711000443E0,-2.838000059E0
2.685282324E2,8.772000313E0,1.033095074E1,-1.002105045E1
2.685306759E2,2.245050192E0,9.457050323E0,-9.532050133E0
2.685331195E2,5.550000072E-1,8.847000122E0,-2.668050051E0
2.685355632E2,2.116050005E0,8.350950241E0,-1.291050076E0
2.685380069E2,1.450050116E0,5.839950085E0,-2.887950182E0
2.685404503E2,5.913000107E0,7.069950104E0,-1.996950150E0
2.685428939E2,5.856000423E0,7.465050220E0,-5.752050400E0
2.685453376E2,3.097050190E0,5.133000374E0,-4.465950012E0
2.685477811E2,2.689950228E0,7.365000248E0,-2.341950178E0
2.685502247E2,1.624950051E0,4.293000221E0,-3.273000240E0
2.685526684E2,6.741000175E0,1.032900047E1,3.499500155E-1
2.685551118E2,7.105050564E0,5.763000488E0,-4.959000111E0
2.685575555E2,8.010000587E-1,7.384050369E0,-3.838950157E0
2.685599992E2,3.375000238E0,6.001950264E0,-2.377950191E0
2.685624429E2,6.981000423E0,4.831950188E0,-4.389000416E0
2.685648863E2,4.528950214E0,5.052000046E0,-3.654000282E0
2.685673299E2,8.395950317E0,5.131050110E0,-2.191050053E0
2.685697736E2,5.116050243E0,5.689050198E0,-4.744050026E0
2.685722171E2,1.744950056E0,9.184050560E0,2.781000137E0
2.685746607E2,2.073000193E0,8.338950157E0,5.040000081E-1
2.685771044E2,2.068050146E0,7.900950432E0,-4.699500203E-1
2.685795479E2,8.005949974E0,1.062105083E1,-4.009050369E0
2.685819915E2,7.069950104E0,9.193950653E0,-1.025295067E1
2.685844352E2,2.869500220E-1,1.090305042E1,-3.754950285E0
2.685868786E2,2.460000068E-1,1.157400036E1,1.200000048E0
2.685893223E2,1.966950059E0,1.018305016E1,8.680500388E-1
2.685917659E2,7.729500532E-1,1.060905075E1,-9.889500737E-1
2.685942094E2,3.495000124E0,1.022805023E1,2.083950043E0
2.685966531E2,3.409050226E0,1.111200047E1,-2.644050121E0
2.685990967E2,3.162000179E0,1.161705017E1,-2.067000151E0
2.686015404E2,3.310050249E0,1.116195011E1,-6.357000351E0
2.686039839E2,2.472000122E0,1.029795074E1,-1.576050043E0
2.686064275E2,6.198000431E0,1.222995090E1,-6.786000252E0
2.686088712E2,4.278000355E0,1.117395020E1,-8.400000572E0
2.686113146E2,1.951050043E0,1.095600033E1,-3.843000174E0
2.686137583E2,4.555950165E0,9.610950470E0,-2.979000092E0
2.686162020E2,3.709950209E0,7.051050186E0,-5.650950432E0
2.686186456E2,4.105050087E0,5.638050079E0,-5.272950172E0
2.686210891E2,7.456950188E0,6.136050224E0,-8.146050453E0
2.686235327E2,4.656000137E0,4.683000088E0,-8.914050102E0
2.686259764E2,3.990000248E0,6.867000103E0,-4.851000309E0
2.686284199E2,3.090000153E0,5.764950275E0,-2.550000191E0
2.686308636E2,6.133050442E0,7.504050255E0,4.489500225E-1
2.686333072E2,8.190000534E0,1.042905045E1,-2.242050171E0
2.686357506E2,2.809950113E0,7.213950157E0,-2.047950029E0
2.686381943E2,1.462050080E0,8.988000870E0,-7.020000219E-1
2.686406379E2,5.815050125E0,6.334950447E0,-5.886000156E0
2.686430814E2,5.259000301E0,5.880000114E0,-6.058050156E0
2.686455251E2,6.765000343E0,5.907000065E0,-2.677050114E0
2.686479687E2,7.378050327E0,5.770050049E0,-4.935000420E0
2.686504122E2,3.081000090E0,8.204999924E0,1.540500075E-1
2.686528558E2,3.279000044E0,9.859950066E0,2.268000126E0
2.686552995E2,4.141050339E0,7.597050190E0,-2.044950008E0
2.686577431E2,7.045950413E0,1.182300091E1,-3.391050100E0
2.686601866E2,9.595050812E0,1.063995075E1,-1.250100040E1
2.686626303E2,1.660950065E0,1.182105064E1,-9.040950775E0
2.686650739E2,6.910500526E-1,1.324005032E1,-4.438950062E0
2.686675174E2,2.038950205E0,1.050405025E1,-2.707950115E0
2.686699611E2,4.230000079E-1,1.035795021E1,-3.570000231E-1
2.686724047E2,4.536000252E0,9.199050903E0,-2.809500098E-1
2.686748481E2,5.185050011E0,9.055050850E0,-4.212000370E0
2.686772918E2,2.872050047E0,9.036000252E0,-1.794000030E0
2.686797355E2,4.012050152E0,9.397050858E0,-1.690950036E0
2.686821789E2,2.527950048E0,7.723950386E0,-2.359050035E0
2.686846226E2,4.699050426E0,1.123200035E1,-9.060000181E-1
2.686870663E2,6.229050159E0,9.615000725E0,-6.328950405E0
2.686895099E2,1.515000105E0,8.301000595E0,-2.052000046E0
2.686919534E2,1.608000040E0,9.402000427E0,8.650500178E-1
2.686943971E2,3.220050097E0,6.268050194E0,1.639500111E-1
2.686968407E2,4.144050121E0,4.666050434E0,-1.771950126E0
2.686992841E2,8.568000793E0,6.847950459E0,-3.787950277E0
2.687017278E2,4.584000111E0,6.096000195E0,-5.668050289E0
2.687041714E2,1.041000009E0,7.786050320E0,-1.588050127E0
2.687066149E2,1.275000095E0,9.361950874E0,-2.895000204E-2
2.687090586E2,3.370500207E-1,7.087050438E0,-5.509500504E-1
2.687115023E2,4.852050304E0,1.016805077E1,4.650000334E-1
2.687139459E2,3.856050253E0,7.743000507E0,-6.268950462E0
2.687163894E2,-1.429500133E-1,6.517050266E0,-2.320950031E0
2.687188330E2,1.219950080E0,7.245000362E0,-5.179499984E-1
2.687212767E2,3.295950174E0,5.373000145E0,-2.482950211E0
2.687237201E2,4.327950001E0,4.585050106E0,-3.087000132E0
2.687261638E2,7.908000469E0,5.191050053E0,-3.160950184E0
2.687286074E2,4.965000153E0,4.328999996E0,-3.886050224E0
2.687310509E2,3.490050077E0,7.807950497E0,4.200000316E-2
2.687334946E2,2.788950205E0,7.188000202E0,-1.779000044E0
2.687359382E2,3.508950233E0,5.859000206E0,-2.620050192E0
2.687383819E2,9.853950500E0,8.878050804E0,-7.288950443E0
2.687408254E2,6.016050339E0,5.242950439E0,-1.117695045E1
2.687432690E2,1.194000006E0,8.634000778E0,-6.783000469E0
2.687457127E2,1.639050126E0,6.970050335E0,-3.757050276E0
2.687481561E2,2.962950230E0,5.926050186E0,-2.811000109E0
2.687505998E2,4.527000427E0,7.276050568E0,-2.476050138E0
2.687530434E2,8.664000511E0,5.530950069E0,-3.574950218E0
2.687554871E2,4.836000443E0,7.021950245E0,-5.208000183E0
2.687579306E2,3.385050058E0,9.037950516E0,-1.164000034E0
2.687603742E2,3.472950220E0,7.056000233E0,-3.259050131E0
2.687628179E2,4.069050312E0,8.770050049E0,2.359500080E-1
2.687652614E2,1.010505009E1,9.001950264E0,-6.429000378E0
2.687677050E2,4.052999973E0,7.777050495E0,-9.448050499E0
2.687701487E2,-1.905000024E-2,1.091505051E1,-1.573950052E0
2.687725921E2,1.717950106E0,8.437050819E0,-1.048950076E0
2.687750357E2,2.317050219E0,8.188050270E0,-6.610500216E-1
2.687774794E2,3.904050112E0,9.306000710E0,-1.257000089E0
2.687799231E2,6.976050377E0,8.737050056E0,-5.131050110E0
2.687823665E2,3.076050043E0,9.574950218E0,-4.255050182E0
2.687848102E2,2.134950161E0,1.124595070E1,2.790000141E-1
2.687872539E2,2.458050013E0,9.289950371E0,-1.333950043E0
2.687896974E2,1.656000137E0,1.189005089E1,-2.205000073E-2
2.687921410E2,5.725950241E0,1.232295036E1,-4.653000355E0
2.687945847E2,2.797950029E0,9.766050339E0,-3.106050253E0
2.687970281E2,7.729500532E-1,9.832950592E0,2.700000070E-2
2.687994718E2,2.440950155E0,1.083900070E1,-1.042050004E0
2.688019154E2,2.853000164E0,9.382950783E0,-1.444050074E0
2.688043589E2,2.029950142E0,1.073595047E1,-1.699500084E-1
2.688068025E2,5.728950500E0,1.128900051E1,-1.990500093E-1
2.688092462E2,3.030000210E0,9.886050224E0,-5.086050034E0
2.688116897E2,3.612000227E0,1.295505047E1,-2.827950239E0
2.688141333E2,2.371950150E0,1.049400043E1,-5.665050507E0
2.688165770E2,4.843050003E0,1.192800045E1,-2.614950180E0
2.688190207E2,6.825000286E0,1.224000072E1,-6.778950214E0
2.688214642E2,2.839050055E0,9.085950851E0,-5.373000145E0
2.688239078E2,1.728000045E0,7.930050373E0,-2.425950050E0
2.688263515E2,3.151950121E0,6.927000523E0,-3.730950117E0
2.688287949E2,2.938950062E0,5.538000107E0,-5.191050053E0
2.688312385E2,6.409050465E0,5.818050385E0,-4.923000336E0
2.688336822E2,5.686050415E0,5.818050385E0,-6.798000336E0
2.688361257E2,2.098950148E0,5.490000248E0,-1.990050077E0
2.688385694E2,3.291000128E0,7.438950539E0,7.240500450E-1
2.688410130E2,2.287950039E0,5.701050282E0,4.920000136E-1
2.688434567E2,2.725950241E0,9.261000633E0,2.398050070E0
2.688459002E2,5.911050320E0,4.402950287E0,-3.273000240E0
2.688483438E2,1.014000058E0,5.964000225E0,-4.914000034E0
2.688507875E2,2.062950134E0,5.871000290E0,-3.673050165E0
2.688532309E2,6.378000259E0,2.776950121E0,-6.930000305E0
2.688556746E2,3.430050135E0,3.064950228E0,-7.392000198E0
2.688581182E2,7.723050594E0,4.426949978E0,6.469500065E-1
2.688605617E2,5.911050320E0,3.301950216E0,-4.240950108E0
2.688630054E2,1.831050038E0,7.234950542E0,2.637000084E0
2.688654490E2,2.443950176E0,5.884950161E0,2.308950186E0
2.688678925E2,1.807050109E0,5.722050190E0,-1.699500084E-1
2.688703362E2,9.181050301E0,7.531950474E0,-5.799000263E0
2.688727798E2,6.112050056E0,4.731000423E0,-1.141395092E1
2.688752232E2,-3.109500110E-1,8.571000099E0,-5.742000103E0
2.688776669E2,1.732950091E0,8.161950111E0,-3.733050108E0
2.688801106E2,1.138950109E0,7.159050465E0,-4.195050240E0
2.688825542E2,-1.600500047E-1,8.200050354E0,-9.649500251E-1
2.688849977E2,6.337050438E0,6.316050529E0,-1.116000056E0
2.688874414E2,4.515000343E0,7.264050484E0,-4.030050278E0
2.688898850E2,2.419950008E0,9.397050858E0,5.560500026E-1
2.688923285E2,2.182950020E0,8.155050278E0,-9.769500494E-1
2.688947722E2,3.196050167E0,7.960950375E0,-7.950000167E-1
2.688972158E2,9.366000175E0,1.008495045E1,-7.213950157E0
2.688996592E2,5.238000393E0,7.450950146E0,-9.475050926E0
2.689021029E2,8.419500589E-1,9.430950165E0,-3.901050091E0
2.689045466E2,2.769000053E0,8.635950089E0,-3.229950190E0
2.689069902E2,2.518050194E0,8.076000214E0,-1.696050048E0
2.689094337E2,3.187950134E0,8.758049965E0,1.099950075E0
2.689118774E2,7.354050159E0,8.916000366E0,-1.674000025E0
2.689143210E2,4.692000389E0,7.666050434E0,-3.903000116E0
2.689167645E2,4.072050095E0,1.108500099E1,-3.811950207E0
2.689192082E2,3.871050119E0,9.376049995E0,-5.809050083E0
2.689216518E2,1.761000037E0,1.027095032E1,3.705000132E-2
2.689240952E2,6.700950146E0,1.253400040E1,-2.826000214E0
2.689265389E2,2.820000172E0,9.747000694E0,-4.948950291E0
2.689289825E2,8.749500513E-1,1.122900009E1,5.400000215E-1
2.689314260E2,2.334000111E0,1.005105019E1,-1.755000114E0
2.689338697E2,2.379000187E0,9.927000046E0,-2.935950041E0
2.689363133E2,3.454050064E0,1.057095051E1,4.920000136E-1
2.689387570E2,6.840000153E0,1.077405071E1,-6.946050167E0
2.689412005E2,1.998000145E0,1.113300037E1,-2.914050102E0
2.689436442E2,1.327950120E0,1.227495098E1,-1.312950015E0
2.689460878E2,2.086950064E0,9.711000443E0,-2.610000134E0
2.689485312E2,2.269050121E0,1.223700047E1,1.464000106E0
2.689509749E2,6.745950222E0,1.301295090E1,-3.910050154E0
2.689534185E2,4.150950432E0,1.008900070E1,-5.280000210E0
2.689558620E2,3.424950123E0,1.145700073E1,-2.541000128E0
2.689583057E2,4.912050247E0,1.001295090E1,-5.218050480E0
2.689607493E2,2.653950214E0,9.115050316E0,-5.493000031E0
2.689631930E2,5.647050381E0,1.056405067E1,-1.822950125E0
2.689656365E2,7.168050289E0,9.184050560E0,-6.379050255E0
2.689680802E2,2.887050152E0,1.000605011E1,-3.205950260E0
2.689705238E2,4.074000359E0,1.021200085E1,-1.746000051E0
2.689729672E2,2.547000170E0,6.874050140E0,-2.850000143E0
2.689754109E2,7.120050430E0,7.507950306E0,-4.546950340E0
2.689778545E2,8.640000343E0,7.317000389E0,-1.058595085E1
2.689802980E2,2.890950203E0,6.345000267E0,-1.083495045E1
2.689827417E2,1.480500102E-1,4.944000244E0,-4.525950432E0
2.689851853E2,2.269050121E0,4.699950218E0,-1.071000099E0
2.689876288E2,2.461050034E0,4.173000336E0,-3.090000153E-1
2.689900724E2,4.584000111E0,6.144000053E0,4.962000370E0
2.689925161E2,4.740000248E0,2.389050007E0,6.105000153E-2
2.689949598E2,4.204050064E0,3.388050079E0,-4.530000091E-1
2.689974032E2,6.013950348E0,5.236050129E0,-2.035950184E0
2.689998468E2,3.652950287E0,3.390000105E0,-6.646950245E0
2.690022905E2,7.462050438E0,7.518000126E0,-4.843950272E0
2.690047342E2,7.792950153E0,5.907000065E0,-4.885050297E0
2.690071777E2,6.100500226E-1,7.219050407E0,-3.951000214E0
2.690096213E2,-4.999500215E-1,8.770050049E0,3.384000063E0
2.690120649E2,1.006950021E0,6.019050121E0,4.939500093E-1
2.690145084E2,1.555050015E0,7.032000542E0,-7.000500560E-1
2.690169520E2,9.021000862E0,7.647000313E0,-3.802950144E0
2.690193957E2,4.564949989E0,4.968000412E0,-7.264950275E0
2.690218392E2,2.595000029E0,9.226950645E0,-3.199050188E0
2.690242829E2,2.563050032E0,1.018005085E1,-6.103950500E0
2.690267265E2,1.335000038E0,9.559950829E0,-1.827000141E0
2.690291702E2,5.434050083E0,1.119105053E1,-4.216950417E0
2.690316136E2,5.089050293E0,9.529050827E0,-6.726000309E0
2.690340573E2,9.709500670E-1,9.535950661E0,-2.506950140E0
2.690365010E2,2.875050068E0,9.496050835E0,-5.490000248E-1
2.690389444E2,3.724950075E0,6.723000526E0,-2.632050037E0
2.690413880E2,5.329050064E0,7.474950314E0,-8.719500303E-1
2.690438317E2,9.001950264E0,7.003050327E0,-4.441950321E0
2.690462752E2,4.052999973E0,6.802050114E0,-5.665050507E0
2.690487188E2,3.331950188E0,1.116405010E1,-2.044950008E0
2.690511625E2,2.287950039E0,7.453050137E0,-2.176950216E0
2.690536060E2,3.178950071E0,1.003005028E1,1.312950015E0
2.690560496E2,8.254950523E0,1.060695076E1,-2.991000175E0
2.690584933E2,5.820000172E0,9.220050812E0,-6.843000412E0
2.690609367E2,1.705950022E0,1.048395061E1,-3.901050091E0
2.690633804E2,2.499000072E0,1.096095085E1,-1.710000038E0
2.690658240E2,2.230950117E0,8.794050217E0,-2.634000063E0
2.690682677E2,2.082000017E0,1.118100071E1,2.094000101E0
2.690707112E2,6.732000351E0,9.856950760E0,-3.217950106E0
2.690731548E2,3.940050125E0,9.541050911E0,-2.665050030E0
2.690755985E2,4.426050186E0,1.161000061E1,-5.539500117E-1
2.690780420E2,3.109050035E0,9.682050705E0,-4.879950047E0
2.690804856E2,3.423000097E0,1.199805069E1,-6.160500050E-1
2.690829293E2,7.675050259E0,1.198800087E1,-5.989050388E0
2.690853727E2,3.160050154E0,1.028100014E1,-6.883950233E0
2.690878164E2,2.190000117E-1,1.054395008E1,-1.309950113E0
2.690902600E2,2.499000072E0,9.046050072E0,-3.894000292E0
2.690927037E2,3.186000109E0,6.517050266E0,-5.055000305E0
2.690951472E2,5.956050396E0,7.453050137E0,-5.179050446E0
2.690975908E2,7.270950317E0,5.677050114E0,-7.123050213E0
2.691000345E2,3.246000051E0,6.262950420E0,-4.678950310E0
2.691024779E2,3.379950047E0,7.615950584E0,-1.617000103E0
2.691049216E2,2.583000183E0,4.408050060E0,-1.156949997E0
2.691073653E2,6.157050133E0,6.775950432E0,-1.588050127E0
2.691098087E2,7.074000359E0,7.101000309E0,-2.983950138E0
2.691122523E2,2.800950050E0,5.227050304E0,-3.859950066E0
2.691146960E2,1.396950126E0,5.227050304E0,-3.810000122E-1
2.691171397E2,6.481050491E0,3.835950136E0,-4.201950073E0
2.691195832E2,4.371000290E0,1.900950074E0,-7.522950172E0
2.691220268E2,7.042950153E0,5.674050331E0,-3.484050274E0
2.691244703E2,7.225050449E0,3.783000231E0,-5.119050026E0
2.691269140E2,9.859500527E-1,7.279050350E0,-4.223999977E0
2.691293576E2,1.560000062E0,6.898050308E0,-3.301950216E0
2.691318013E2,2.154000044E0,6.073950291E0,-3.229950190E0
2.691342447E2,7.183950424E0,7.077000141E0,-1.624050021E0
2.691366884E2,8.974950790E0,5.421000481E0,-5.445000172E0
2.691391321E2,-3.160500228E-1,7.030050278E0,-5.461950302E0
2.691415755E2,2.595000155E-2,8.184000015E0,2.484000206E0
2.691440192E2,3.205050230E0,5.787000179E0,-1.174050093E0
2.691464628E2,2.805000067E0,6.742050171E0,9.010500312E-1
2.691489063E2,5.383950233E0,8.773050308E0,6.690000296E-1
2.691513500E2,3.892050266E0,7.984950542E0,-3.226050138E0
2.691537936E2,1.507950068E0,8.868000031E0,-1.375050068E0
2.691562373E2,1.618050098E0,9.558000565E0,-1.621050119E0
2.691586807E2,2.298000097E0,8.818050385E0,-5.940000415E-1
2.691611244E2,5.578050137E0,1.001295090E1,-2.377950191E0
2.691635681E2,6.169050217E0,1.094700050E1,-8.776050568E0
2.691660115E2,2.080049992E0,8.617050171E0,-5.685000420E0
2.691684552E2,3.445050240E0,1.036200047E1,-5.317950249E0
2.691708988E2,3.073050261E0,9.670050621E0,-6.343050480E0
2.691733423E2,2.046000004E0,9.448050499E0,-1.071000099E0
2.691757860E2,5.233050346E0,9.643950462E0,-2.313000202E0
2.691782297E2,4.536000252E0,8.386950493E0,-3.019950151E0
2.691806731E2,2.748000145E0,1.080795097E1,-1.071000099E0
2.691831167E2,3.330000162E0,8.092950821E0,-2.710500062E-1
2.691855604E2,2.935050249E0,8.004000664E0,-2.512050152E0
2.691880041E2,9.745950699E0,1.126995087E1,-4.774950027E0
2.691904475E2,5.632950306E0,9.556050301E0,-7.593000412E0
2.691928912E2,1.429050088E0,9.852000237E0,-5.629500151E-1
2.691953348E2,2.656950235E0,1.175805092E1,7.189500332E-1
2.691977783E2,1.807050109E0,9.919050217E0,-8.430000544E-1
2.692002220E2,2.863050222E0,1.091295052E1,9.510000348E-1
2.692026656E2,6.801000118E0,1.027395058E1,-3.790950298E0
2.692051091E2,4.996050358E0,8.980950356E0,-7.084950447E0
2.692075528E2,2.977950096E0,1.234200096E1,-3.778950214E0
2.692099964E2,2.914950132E0,1.137300014E1,-4.309950352E0
2.692124398E2,1.894950032E0,1.173195076E1,-2.344050169E0
2.692148835E2,7.113000393E0,1.300800037E1,-1.612050056E0
2.692173273E2,5.755050182E0,1.072200012E1,-6.988950253E0
2.692197709E2,1.390050054E0,1.123200035E1,-1.771950126E0
2.692222143E2,2.880000114E0,1.011795044E1,-5.104950428E0
2.692246580E2,2.821950197E0,7.984950542E0,-6.436050415E0
2.692271016E2,3.291000128E0,7.534950256E0,-4.923000336E0
2.692295451E2,6.010950089E0,6.073950291E0,-6.184950352E0
2.692319888E2,4.759050369E0,5.461050034E0,-6.589950085E0
2.692344324E2,3.022950172E0,7.465050220E0,-1.918050051E0
2.692368759E2,3.226950169E0,4.614000320E0,-2.433000088E0
2.692393196E2,4.459950447E0,4.626000404E0,-4.309500158E-1
2.692417632E2,8.889000893E0,7.798050404E0,-1.212000012E0
2.692442069E2,2.704950094E0,4.936950207E0,-2.638950109E0
2.692466503E2,7.009500265E-1,7.213950157E0,2.649000168E0
2.692490940E2,1.845000029E0,7.720950603E0,-1.827000141E0
2.692515376E2,9.469500184E-1,5.691000462E0,-1.995000057E-2
2.692539811E2,2.769000053E0,6.706050396E0,1.995000057E-2
2.692564248E2,5.049000263E0,5.016000271E0,-5.080950260E0
2.692588684E2,2.440950155E0,6.577050209E0,-4.492050171E0
2.692613121E2,1.498050094E0,9.076950073E0,-1.873050094E0
2.692637556E2,1.042950034E0,6.310950279E0,-3.478950262E0
2.692661992E2,5.647050381E0,7.930050373E0,-3.063000202E0
2.692686429E2,8.769000053E0,7.438950539E0,-9.300000191E0
2.692710863E2,1.311000109E0,7.033950329E0,-7.794000149E0
2.692735299E2,1.204050064E0,7.519950390E0,-1.825050116E0
2.692759736E2,3.787050247E0,4.828950405E0,-2.028000116E0
2.692784171E2,3.825000286E0,3.132000208E0,-2.220000029E0
2.692808607E2,6.793950558E0,4.743000031E0,-1.308000088E0
2.692833044E2,6.198000431E0,2.772000074E0,-6.841050148E0
2.692857479E2,4.005000368E-2,5.734050274E0,-3.582000256E0
2.692881916E2,1.579050064E0,6.610950470E0,-1.819500029E-1
2.692906352E2,8.560500145E-1,4.987050056E0,-7.159500122E-1
2.692930789E2,7.278000355E0,8.119050026E0,1.369500011E-1
2.692955223E2,7.825950146E0,5.779950142E0,-5.526000500E0
2.692979660E2,1.639050126E0,7.558950424E0,-2.629050016E0
2.693004096E2,2.556000233E0,9.297000885E0,4.729500115E-1
2.693028531E2,2.844000101E0,7.105950356E0,-1.867950082E0
2.693052968E2,2.377050161E0,8.241000175E0,-2.826000214E0
2.693077404E2,6.154950142E0,8.176050186E0,-3.718950272E0
2.693101841E2,5.158950329E0,9.117000580E0,-7.420050144E0
2.693126276E2,1.318050027E0,9.201000214E0,-2.035950184E0
2.693150712E2,2.202000141E0,9.771000862E0,-7.140000463E-1
2.693175149E2,2.749950171E0,8.164050102E0,-1.722000122E0
2.693199583E2,8.056050301E0,1.106205082E1,-4.413000107E0
2.693224020E2,7.309050560E0,9.955050468E0,-1.076505089E1
2.693248457E2,1.564950109E0,9.388050079E0,-6.250050068E0
2.693272891E2,1.357050061E0,1.056795025E1,-2.632050037E0
2.693297327E2,1.668000102E0,8.698050499E0,-1.897050142E0
2.693321764E2,2.386050224E0,7.753050327E0,-1.030500084E-1
2.693346199E2,8.188050270E0,8.464050293E0,-1.540500075E-1
2.693370635E2,5.985000134E0,7.168050289E0,-2.637000084E0
2.693395072E2,2.970000029E0,1.003695011E1,6.760500073E-1
2.693419507E2,1.813950062E0,9.948000908E0,-1.609500051E-1
2.693443944E2,1.105050087E0,9.714000702E0,-4.410000145E-1
2.693468380E2,6.627000332E0,1.246005058E1,-5.098050117E0
2.693492817E2,5.635050297E0,1.155195045E1,-5.470950127E0
2.693517251E2,2.152050018E0,1.272105026E1,-3.580050230E0
2.693541687E2,3.627000093E0,1.206195068E1,-2.586000204E0
2.693566124E2,2.745000124E0,1.226100063E1,-3.190050125E0
2.693590559E2,1.905000091E0,1.207005024E1,6.810000539E-1
2.693614995E2,4.825950146E0,1.080300045E1,-3.541950226E0
2.693639432E2,3.289050102E0,1.093200016E1,-6.240000248E0
2.693663869E2,4.270950317E0,1.230405045E1,-3.703950167E0
2.693688303E2,4.147950172E0,9.238950729E0,-6.415050507E0
2.693712740E2,3.655050278E0,9.826050758E0,-1.978050113E0
2.693737174E2,7.474050522E0,1.171305084E1,-5.164950371E0
2.693761611E2,5.025000095E0,8.647950172E0,-8.200950623E0
2.693786048E2,1.498050094E0,8.204999924E0,-3.331050158E0
2.693810484E2,2.094000101E0,8.442000389E0,-6.780000329E-1
2.693834919E2,2.020050049E0,5.907000065E0,-1.156949997E0
2.693859355E2,5.275950432E0,6.115050316E0,1.705950022E0
2.693883792E2,6.616950512E0,6.205950260E0,-1.392000079E0
2.693908227E2,4.611000061E0,4.173000336E0,-1.729050040E0
2.693932663E2,4.114950180E0,7.401000500E0,-1.039950013E0
2.693957100E2,3.112050056E0,5.263050079E0,-4.387050152E0
2.693981534E2,4.114950180E0,8.703000069E0,-1.947000146E0
2.694005971E2,6.154950142E0,8.269950867E0,-5.424000263E0
2.694030407E2,1.251000047E0,6.972000122E0,-5.548050404E0
2.694054844E2,4.050000105E-3,7.969950199E0,-6.280500293E-1
2.694079279E2,3.466050148E0,5.884950161E0,-2.773050070E0
2.694103715E2,2.596950054E0,4.405050278E0,-4.351050377E0
2.694128150E2,5.997000217E0,5.418000221E0,-2.991000175E0
2.694152586E2,7.327950478E0,3.795000076E0,-7.341000557E0
2.694177023E2,3.223950148E0,6.223050117E0,-4.216950417E0
2.694201460E2,2.182950020E0,7.309950352E0,-1.090050101E0
2.694225894E2,2.925000191E0,4.459950447E0,-1.933050036E0
2.694250331E2,6.823050499E0,8.053950310E0,-5.749500394E-1
2.694274767E2,9.145050049E0,6.277950287E0,-4.684050083E0
2.694299202E2,1.383000016E0,5.844000340E0,-7.495050430E0
2.694323639E2,-5.700000376E-2,7.306950569E0,-1.293000102E0
2.694348075E2,4.608000278E0,5.254950047E0,-2.931000233E0
2.694372512E2,3.495000124E0,4.516050339E0,-9.340500236E-1
2.694396947E2,6.315000534E0,5.302950382E0,-3.720000088E-1
2.694421383E2,5.856000423E0,5.467950344E0,-4.677000046E0
2.694445820E2,1.615050077E0,8.368050575E0,-7.950000167E-1
2.694470255E2,8.710500598E-1,8.049000740E0,3.070500195E-1
2.694494692E2,1.785000086E0,6.796950340E0,-5.149500370E-1
2.694519128E2,7.113000393E0,8.992950439E0,-3.244950056E0
2.694543562E2,9.306000710E0,9.034049988E0,-1.089405060E1
2.694567999E2,1.693950057E0,8.221950531E0,-6.417000294E0
2.694592435E2,1.549500078E-1,1.013505077E1,5.250000358E-1
2.694616870E2,1.560000062E0,8.179050446E0,-2.008949995E0
2.694641307E2,1.536000013E0,8.773050308E0,4.630500078E-1
2.694665744E2,5.776950359E0,9.747000694E0,-1.039950013E0
2.694690178E2,4.528950214E0,9.136950493E0,-3.273000240E0
2.694714615E2,4.441050053E0,9.850050926E0,-2.388000011E0
2.694739051E2,4.315950394E0,1.103505039E1,-4.092000008E0
2.694763488E2,2.559000015E0,1.090605068E1,-1.791000128E0
2.694787922E2,5.365050316E0,1.231095028E1,-2.569950104E0
2.694812359E2,6.748950481E0,1.242105103E1,-7.698000431E0
2.694836795E2,8.970000148E-1,1.131495094E1,-3.087000132E0
2.694861230E2,1.960500032E-1,1.159995079E1,3.600000143E-1
2.694885667E2,8.520000577E-1,9.781050682E0,-2.761050224E0
2.694910103E2,1.474050045E0,8.682000160E0,-1.891950130E0
2.694934537E2,5.857950211E0,8.926050186E0,-4.909050465E0
2.694958974E2,6.327000141E0,8.038050652E0,-6.211050510E0
2.694983411E2,3.093000174E0,1.026705074E1,-2.749050140E0
2.695007848E2,2.499000072E0,9.124950409E0,5.595000088E-2
2.695032282E2,2.452950001E0,7.587000370E0,-5.820000172E-1
2.695056719E2,9.495000839E0,9.751950264E0,-3.489000082E0
2.695081155E2,6.696000099E0,7.924950600E0,-9.642000198E0
2.695105590E2,2.140050173E0,7.132050514E0,-5.584050179E0
2.695130027E2,3.054000139E0,9.759000778E0,-4.012950420E0
2.695154463E2,2.851050138E0,5.761050224E0,-2.875950098E0
2.695178900E2,4.516950130E0,6.967050552E0,-1.236000061E0
2.695203335E2,7.924050331E0,6.718050480E0,-2.935950041E0
2.695227772E2,4.486050129E0,6.646050453E0,-5.055000305E0
2.695252206E2,1.777950048E0,9.442950249E0,-1.404000044E0
2.695276642E2,1.684950113E0,7.414950371E0,-2.002050161E0
2.695301079E2,2.752950191E0,6.232050419E0,-1.528050065E0
2.695325516E2,9.720000267E0,8.287050247E0,-5.965050220E0
2.695349950E2,4.150950432E0,6.088950157E0,-9.432000160E0
2.695374387E2,5.190000534E-1,9.208050728E0,-2.947950125E0
2.695398823E2,1.989000082E0,7.908000469E0,-2.601000071E0
2.695423258E2,1.345050097E0,6.322950363E0,-2.260950089E0
2.695447695E2,2.832000017E0,7.819950581E0,-1.305000067E0
2.695472131E2,6.301050186E0,4.456050396E0,-3.601050138E0
2.695496565E2,2.623050213E0,5.824950218E0,-4.674000263E0
2.695521002E2,3.258000135E0,6.426000118E0,-4.630500078E-1
2.695545438E2,3.643050194E0,3.241950035E0,-4.456050396E0
2.695569875E2,5.986950397E0,6.790050507E0,-2.349000216E0
2.695594310E2,9.531000137E0,6.546000481E0,-6.529950142E0
2.695618747E2,1.263000011E0,6.426000118E0,-5.698950291E0
2.695643183E2,-9.910500646E-1,8.776950836E0,1.822950125E0
2.695667618E2,3.274950266E0,6.766050339E0,6.019500494E-1
2.695692054E2,2.422049999E0,6.639000416E0,-1.072950006E0
2.695716491E2,5.182950020E0,5.830050468E0,-4.770000279E-1
2.695740925E2,7.527000427E0,4.720950127E0,-6.274050236E0
2.695765362E2,3.568950176E0,5.932950497E0,-5.833050251E0
2.695789798E2,2.367000103E0,9.663000107E0,-2.184000015E0
2.695814235E2,2.089050055E0,7.153950214E0,-2.944950104E0
2.695838670E2,4.831050396E0,1.012500095E1,-8.790000677E-1
2.695863106E2,7.945950508E0,9.856950760E0,-6.762000084E0
2.695887543E2,2.230950117E0,7.434000492E0,-6.124950409E0
2.695911978E2,1.114950061E0,9.148050308E0,-1.758000135E0
2.695936414E2,4.567049980E0,6.796950340E0,-2.517000198E0
2.695960851E2,2.809950113E0,5.535000324E0,-4.102050304E0
2.695985287E2,7.279950142E0,7.164000511E0,-2.538000107E0
2.696009721E2,6.547950268E0,6.804000378E0,-5.830950260E0
2.696034158E2,1.156050086E0,9.097949982E0,1.435050011E0
2.696058595E2,9.019500613E-1,1.001295090E1,2.239950180E0
2.696083030E2,4.900500178E-1,7.875000477E0,-4.669500291E-1
2.696107466E2,3.459000111E0,1.080795097E1,1.249500066E-1
2.696131903E2,7.399950504E0,9.250950813E0,-6.874050140E0
2.696156337E2,2.764950037E0,8.329950333E0,-4.348950386E0
2.696180774E2,3.018000126E0,9.718050003E0,-2.377950191E0
2.696205210E2,3.772950172E0,8.952000618E0,-4.068000317E0
2.696229647E2,2.347950220E0,8.871000290E0,-1.554000020E0
2.696254081E2,5.997000217E0,9.466950417E0,-1.854000092E0
2.696278518E2,4.747050285E0,1.003005028E1,-6.331050396E0
2.696302953E2,1.480950117E0,1.046100044E1,-3.301950216E0
2.696327389E2,1.345050097E0,9.306000710E0,-2.995950222E0
2.696351826E2,2.121000051E0,8.191050529E0,-2.536050081E0
2.696376263E2,6.511950493E0,1.020000076E1,-3.385950089E0
2.696400697E2,7.371000290E0,9.802050591E0,-7.285950184E0
2.696425133E2,1.864050031E0,9.726000786E0,-2.526000023E0
2.696449570E2,2.182950020E0,1.032900047E1,2.223000050E0
2.696474005E2,2.213999987E0,8.755949974E0,-3.979500234E-1
2.696498442E2,1.819050074E0,6.951000214E0,-3.049500287E-1
2.696522878E2,6.454050541E0,9.406949997E0,-1.815000057E0
2.696547315E2,3.457050085E0,6.852000237E0,-3.874050140E0
2.696571749E2,3.174000263E0,9.682050705E0,-1.315050006E0
2.696596186E2,3.586050272E0,8.350950241E0,-1.569000125E0
2.696620622E2,2.808000088E0,8.875950813E0,-1.735950112E0
2.696645057E2,7.702050209E0,1.162200069E1,-3.040950060E0
2.696669493E2,6.688950539E0,1.021605015E1,-8.493000031E0
2.696693930E2,1.053000093E0,1.096095085E1,-4.293000221E0
2.696718365E2,2.437050104E0,1.139700031E1,-1.779000044E0
2.696742801E2,1.951050043E0,7.882050514E0,-4.228950024E0
2.696767238E2,2.197050095E0,8.430000305E0,-1.234050035E0
2.696791673E2,6.816000462E0,7.425000191E0,-4.870050430E0
2.696816109E2,5.772000313E0,7.486950397E0,-5.713050365E0
2.696840546E2,2.506050110E0,9.666000366E0,-2.080950022E0
2.696864980E2,2.137050152E0,7.590000153E0,-7.669500113E-1
2.696889417E2,2.757000208E0,6.259050369E0,-2.351999998E0
2.696913853E2,8.947050095E0,8.943000793E0,-5.887950420E0
2.696938290E2,5.710050106E0,5.844000340E0,-1.071705055E1
2.696962725E2,1.507950068E0,7.326000214E0,-4.723950386E0
2.696987161E2,2.266950130E0,7.410000324E0,-3.307050228E0
2.697011598E2,2.803050041E0,3.286950111E0,-3.135000229E0
2.697036032E2,4.759050369E0,7.233000278E0,1.888050079E0
2.697060469E2,8.572950363E0,4.420050144E0,-1.048950076E0
2.697084906E2,4.612950325E0,5.992950439E0,-2.550000191E0
2.697109342E2,5.140500069E-1,8.571000099E0,7.290000319E-1
2.697133777E2,1.335000038E0,6.024000168E0,-5.269500017E-1
2.697158213E2,3.523950100E0,7.525050163E0,1.609500051E-1
2.697182648E2,9.934950829E0,7.494000435E0,-5.886000156E0
2.697207085E2,3.235950232E0,5.856000423E0,-8.194050789E0
2.697231521E2,1.074000001E0,9.472050667E0,-1.648050070E0
2.697255958E2,2.002950191E0,6.988950253E0,-3.319050074E0
2.697280392E2,2.233050108E0,7.153950214E0,-1.317000031E0
2.697304829E2,5.536950111E0,7.762050152E0,-2.115000010E0
2.697329265E2,7.660950184E0,6.205950260E0,-5.695950508E0
2.697353700E2,3.957000256E0,6.936000347E0,-4.702950001E0
2.697378137E2,1.764000058E0,9.061950684E0,-1.593000054E0
2.697402573E2,1.339950085E0,6.429000378E0,-3.700050116E0
2.697427008E2,4.146000385E0,8.209950447E0,-1.111050010E0
2.697451445E2,8.154000282E0,8.017950058E0,-5.689050198E0
2.697475881E2,2.179949999E0,6.736950397E0,-4.509000301E0
2.697500318E2,8.040000200E-1,9.775950432E0,1.423050046E0
2.697524752E2,1.761000037E0,8.152050018E0,-2.400000021E-2
2.697549189E2,7.129500508E-1,7.630050182E0,-1.609500051E-1
2.697573625E2,4.423950195E0,7.461000443E0,-5.149500370E-1
2.697598060E2,5.905950069E0,6.028950214E0,-6.499050140E0
2.697622497E2,1.704000115E0,8.109000206E0,-3.513000250E0
2.697646933E2,2.068050146E0,9.796950340E0,-3.049500287E-1
2.697671368E2,2.404950142E0,8.101950645E0,-1.521000028E0
2.697695805E2,5.383950233E0,1.093200016E1,-4.630500078E-1
2.697720242E2,7.222950459E0,1.110900021E1,-6.172950268E0
2.697744675E2,2.209050179E0,8.500050545E0,-3.739950180E0
2.697769112E2,1.603050113E0,1.065405083E1,-2.055000067E0
2.697793548E2,3.628950119E0,8.956950188E0,-3.979950190E0
2.697817985E2,2.014950037E0,7.996950150E0,-2.706000090E0
2.697842420E2,5.434050083E0,8.548050880E0,-9.679500461E-1
2.697866857E2,5.491950035E0,8.169000626E0,-4.549950123E0
2.697891293E2,2.182950020E0,9.679950714E0,-3.280500174E-1
2.697915728E2,2.271000147E0,1.099005032E1,-1.106999993E0
2.697940165E2,1.411950111E0,8.653050423E0,-1.648050070E0
2.697964601E2,6.088050365E0,1.119300079E1,-2.637000084E0
2.697989035E2,5.860050201E0,9.046050072E0,-6.919950485E0
2.698013472E2,1.297050118E0,8.820000648E0,-4.377000332E0
2.698037908E2,2.427000046E0,8.497050285E0,-2.032950163E0
2.698062343E2,3.967050076E0,5.466000080E0,-4.765050411E0
2.698086780E2,4.465050220E0,5.868000507E0,-2.859000206E0
2.698111217E2,9.612000465E0,6.172050476E0,-5.668050289E0
2.698135653E2,6.100050449E0,6.163050175E0,-7.573950291E0
2.698160088E2,3.085050106E0,9.337950706E0,-3.343050241E0
2.698184524E2,2.305050135E0,7.915050507E0,-2.076000214E0
2.698208961E2,3.745950222E0,6.795000553E0,-1.459050059E0
2.698233395E2,9.433050156E0,9.412050247E0,-4.200000286E0
2.698257832E2,5.937000275E0,7.377000332E0,-8.554950714E0
2.698282268E2,1.950000064E-3,8.545050621E0,-3.859950066E0
2.698306703E2,1.144050002E0,7.543950558E0,2.740500271E-1
2.698331140E2,2.098950148E0,4.650000095E0,-1.119000077E0
2.698355576E2,5.500950336E0,6.414000511E0,1.071000099E0
2.698380013E2,9.190950394E0,6.289950371E0,-4.441950321E0
2.698404448E2,4.657950401E0,6.955050468E0,-4.084949970E0
2.698428885E2,1.366050124E0,1.057800007E1,4.990500212E-1
2.698453321E2,6.600000262E-1,9.169950485E0,2.089500129E-1
2.698477755E2,2.440950155E0,9.472050667E0,-1.273950100E0
2.698502192E2,1.034700012E1,1.135095024E1,-6.817050457E0
2.698526628E2,6.214950085E0,9.201000214E0,-1.040400028E1
2.698551065E2,7.530000210E-1,1.056795025E1,-4.138050079E0
2.698575500E2,2.683050156E0,8.956950188E0,-4.732050419E0
2.698599936E2,2.137050152E0,6.517050266E0,-2.658000231E0
2.698624373E2,5.536950111E0,6.529050350E0,-3.700050116E0
2.698648807E2,6.811050415E0,6.037950516E0,-6.562950134E0
2.698673244E2,3.370050192E0,7.923000336E0,-4.854000092E0
2.698697681E2,1.687050104E0,8.152050018E0,-1.879950047E0
2.698722117E2,2.428950071E0,6.160050392E0,-4.600500166E-1
2.698746551E2,4.263000011E0,7.401000500E0,-8.269500136E-1
2.698770988E2,7.222950459E0,8.902050018E0,-3.393000126E0
2.698795423E2,2.749950171E0,4.831950188E0,-5.301000118E0
2.698819860E2,6.169500351E-1,7.714050293E0,2.259000063E0
2.698844296E2,2.451000214E0,6.052950382E0,-6.495000422E-2
2.698868733E2,2.769000053E0,4.875000000E0,-1.230000034E-1
2.698893167E2,5.974950314E0,6.510000229E0,-9.405000508E-2
2.698917604E2,6.243000507E0,4.957950115E0,-5.437950134E0
2.698942041E2,1.804050088E0,6.819000244E0,-4.231050014E0
2.698966475E2,1.351950049E0,1.038195038E1,-1.882050037E0
2.698990911E2,9.589500427E-1,7.117950439E0,-2.107050180E0
2.699015348E2,4.077000141E0,9.321000099E0,-2.409000158E0
2.699039785E2,8.317049980E0,7.872000217E0,-9.301950455E0
2.699064219E2,1.666050076E0,7.144050121E0,-7.642950535E0
2.699088656E2,9.019500613E-1,8.545050621E0,-1.674000025E0
2.699113093E2,2.832000017E0,6.177000523E0,-1.879950047E0
2.699137527E2,2.845950127E0,5.482950211E0,-1.413000107E0
2.699161963E2,6.523950100E0,6.297000408E0,-1.255050063E0
2.699186400E2,7.270950317E0,4.465050220E0,-3.913050175E0
2.699210835E2,3.358050108E0,7.570950508E0,-1.284000039E0
2.699235271E2,2.022000074E0,9.309000015E0,1.350000054E-1
2.699259708E2,8.320500255E-1,7.021950245E0,-7.950000167E-1
2.699284143E2,5.899050236E0,1.090605068E1,-9.919500351E-1
2.699308579E2,5.692950249E0,7.944000244E0,-7.903950214E0
2.699333016E2,4.005000368E-2,9.084000587E0,-3.763950109E0
2.699357452E2,9.780000448E-1,9.373950005E0,-1.303050041E0
2.699381887E2,2.956050158E0,7.626000404E0,-3.798000097E0
2.699406323E2,2.488950014E0,8.241000175E0,-2.320950031E0
2.699430760E2,6.973950386E0,7.357950211E0,-3.709050179E0
2.699455195E2,5.745000362E0,7.768950462E0,-6.094050407E0
2.699479631E2,3.220050097E0,1.046805096E1,-1.155000091E0
2.699504068E2,2.614050150E0,9.946050644E0,-2.131050110E0
2.699528503E2,2.719050169E0,1.020705032E1,-1.614000082E0
2.699552940E2,7.036050320E0,1.141800022E1,-2.755950212E0
2.699577376E2,6.313050270E0,9.208050728E0,-6.427050114E0
2.699601810E2,1.395000100E0,9.321000099E0,-2.968950033E0
2.699626247E2,2.508000135E0,9.606000900E0,-1.317000031E0
2.699650683E2,3.139950037E0,8.152050018E0,-5.541000366E0
2.699675118E2,2.539950132E0,8.454000473E0,-2.128950119E0
2.699699555E2,7.969950199E0,8.722050667E0,-4.128000259E0
2.699723992E2,4.456950188E0,8.896950722E0,-4.633050442E0
2.699748428E2,1.552950025E0,1.180905056E1,5.920500159E-1
2.699772863E2,2.319000006E0,9.226950645E0,-1.063950062E0
2.699797300E2,3.721950293E0,9.840000153E0,-8.430000544E-1
2.699821736E2,9.385050774E0,9.796950340E0,-5.023950100E0
2.699846171E2,5.461050034E0,7.582950592E0,-9.556050301E0
2.699870607E2,7.699500322E-1,9.226950645E0,-3.381000042E0
2.699895044E2,3.627000093E0,8.619000435E0,-9.510000348E-1
2.699919478E2,3.016050100E0,6.868950367E0,-3.400050163E0
2.699943915E2,5.470050335E0,9.445050240E0,1.300500035E-1
2.699968352E2,7.773000240E0,8.169000626E0,-5.317950249E0
2.699992788E2,2.920050144E0,1.014495087E1,-4.456050396E0
2.700017223E2,1.393050075E0,1.036200047E1,-1.509000063E0
2.700041660E2,1.692000031E0,7.396050453E0,-2.244000196E0
2.700066094E2,5.530050278E0,9.184050560E0,-1.432050109E0
2.700090531E2,9.933000565E0,7.302000523E0,-6.952950478E0
2.700114967E2,3.463950157E0,7.891050339E0,-8.413949966E0
2.700139404E2,6.430500150E-1,8.152050018E0,-1.590000033E0
2.700163838E2,2.116050005E0,8.101950645E0,-1.080000028E-1
2.700188275E2,1.563000083E0,6.117000103E0,-5.080500245E-1
2.700212711E2,5.961000443E0,7.599000454E0,-2.950500250E-1
2.700237148E2,5.202000141E0,6.766050339E0,-2.373000145E0
2.700261583E2,8.520000577E-1,8.722050667E0,-9.150000215E-1
2.700286019E2,3.990000188E-1,8.602950096E0,1.023000002E0
2.700310456E2,5.910000205E-1,6.639000416E0,-1.714950085E0
2.700334891E2,4.201050282E0,8.221950531E0,-2.497950077E0
2.700359328E2,8.503950119E0,8.193000793E0,-8.409000397E0
2.700383764E2,1.438050032E0,7.042050362E0,-6.934050560E0
2.700408198E2,1.399500072E-1,8.860950470E0,8.530500531E-1
2.700432635E2,2.427000046E0,6.022050381E0,1.950000077E-1
2.700457072E2,3.415950060E0,4.990050316E0,-1.597050071E0
2.700481508E2,6.901950359E0,5.785050392E0,-2.325000048E0
2.700505943E2,7.002000332E0,5.059050083E0,-5.907000065E0
2.700530379E2,1.303950071E0,6.795000553E0,-3.001050234E0
2.700554816E2,1.314000010E0,8.061000824E0,1.087950110E0
2.700579251E2,5.359500051E-1,5.392050266E0,-4.360500276E-1
2.700603688E2,6.327000141E0,8.641050339E0,-8.530500531E-1
2.700628124E2,5.856000423E0,7.417050362E0,-6.205950260E0
2.700652561E2,7.699500322E-1,6.643950462E0,-2.473950148E0
2.700676995E2,4.350000322E-1,1.082700062E1,4.030500054E-1
2.700701431E2,1.927050114E0,6.769050121E0,-6.760500073E-1
2.700725868E2,5.470499992E-1,8.635950089E0,-2.779500186E-1
2.700750303E2,6.226950169E0,8.638050079E0,-7.570500374E-1
2.700774739E2,5.419950485E0,7.867950439E0,-5.637000084E0
2.700799176E2,3.061050177E0,1.036695004E1,-1.138050079E0
2.700823611E2,3.373050213E0,1.072200012E1,-1.894050121E0
2.700848047E2,3.310050249E0,9.718050003E0,-9.100500345E-1
2.700872484E2,8.122950554E0,1.138200092E1,-4.696050167E0
2.700896918E2,7.120050430E0,8.035050392E0,-9.598950386E0
2.700921355E2,2.607000113E0,9.100950241E0,-8.272950172E0
2.700945791E2,3.231000185E0,1.032405090E1,-6.072000504E0
2.700970228E2,3.775050163E0,8.217000008E0,-5.325000286E0
2.700994663E2,2.590050220E0,7.570950508E0,-2.554950237E0
2.701019099E2,7.917000294E0,7.336050510E0,-4.532999992E0
2.701043536E2,4.981950283E0,7.092000484E0,-5.842950344E0
2.701067971E2,3.145050049E0,8.356050491E0,-3.240000010E-1
2.701092407E2,2.584950209E0,7.438950539E0,-1.387050033E0
2.701116844E2,3.451950073E0,5.916000366E0,1.210050106E0
2.701141278E2,8.413050652E0,9.508050919E0,-2.986050129E0
2.701165715E2,5.302950382E0,5.361000061E0,-7.009050369E0
2.701190151E2,2.062950134E0,7.504050255E0,-2.224950075E0
2.701214588E2,4.736999989E0,7.626000404E0,-8.910000324E-1
2.701239023E2,2.899050236E0,5.181000233E0,-2.562000036E0
2.701263459E2,3.460950136E0,8.310000420E0,1.224000096E0
2.701287896E2,6.277050495E0,7.477050304E0,-2.347050190E0
2.701312331E2,3.829950094E0,7.683000565E0,-3.658950090E0
2.701336767E2,2.305050135E0,9.997950554E0,-1.593000054E0
2.701361204E2,1.764000058E0,7.819950581E0,-2.392050028E0
2.701385639E2,3.313050270E0,9.010050774E0,-2.526000023E0
2.701410076E2,8.836950302E0,1.018800068E1,-6.247050285E0
2.701434512E2,4.105050087E0,7.687950134E0,-7.332000256E0
2.701458946E2,1.912050128E0,9.781050682E0,-2.590950012E0
2.701483383E2,4.848000050E0,8.694000244E0,-2.152950048E0
2.701507819E2,2.203950167E0,7.894050598E0,-4.063950062E0
2.701532254E2,3.331950188E0,8.356050491E0,1.800000072E-1
2.701556691E2,5.949000359E0,6.538950443E0,-3.556050062E0
2.701581127E2,3.969000101E0,8.083050728E0,-3.682950258E0
2.701605564E2,2.506050110E0,8.329950333E0,-3.520500064E-1
2.701629999E2,2.134950161E0,6.790050507E0,-5.059500337E-1
2.701654436E2,5.734050274E0,9.603000641E0,5.279999971E-1
2.701678872E2,8.451000214E0,1.000305080E1,-4.174050331E0
2.701703306E2,2.178000212E0,9.658050537E0,-4.272000313E0
2.701727743E2,1.350000024E0,1.143705082E1,1.758000135E0
2.701752179E2,1.789950132E0,9.952950478E0,-9.439500570E-1
2.701776614E2,1.362000108E0,9.421050072E0,-5.080500245E-1
2.701801051E2,3.864000082E0,9.199050903E0,-1.396050096E0
2.701825488E2,5.752950191E0,9.358950615E0,-5.281950474E0
2.701849924E2,5.085000038E0,9.558000565E0,-4.441950321E0
2.701874359E2,5.164050102E0,1.059495068E1,-4.477950096E0
2.701898795E2,3.243000269E0,9.691950798E0,-5.661000252E0
2.701923232E2,4.219950199E0,1.214595032E1,-1.746000051E0
2.701947666E2,6.057000160E0,1.218405056E1,-7.381950378E0
2.701972103E2,2.026950121E0,9.337950706E0,-5.428050041E0
2.701996539E2,1.909950137E0,8.470950127E0,-1.834950089E0
2.702020976E2,2.644950151E0,7.405050278E0,-3.499050140E0
2.702045411E2,1.636950135E0,4.987050056E0,-2.277000189E0
2.702069847E2,6.121050358E0,6.325950146E0,-7.740000486E-1
2.702094284E2,5.410050392E0,5.314950466E0,-3.939000130E0
2.702118718E2,2.914950132E0,6.424050331E0,1.344000101E0
2.702143155E2,2.913000107E0,8.119050026E0,1.516950130E0
2.702167591E2,2.547000170E0,5.497050285E0,7.290000319E-1
2.702192026E2,8.662050247E0,9.037950516E0,-3.067950249E0
2.702216463E2,5.488950253E0,6.984000206E0,-9.079950333E0
2.702240899E2,1.633950114E0,8.317950249E0,-6.525000095E0
2.702265336E2,3.697950125E0,8.686050415E0,-4.489950180E0
2.702289771E2,5.554050446E0,6.148050308E0,-4.834950447E0
2.702314207E2,4.819050312E0,8.398950577E0,-1.939950109E0
2.702338644E2,8.944050789E0,6.712950230E0,-4.573950291E0
2.702363079E2,3.649950266E0,8.217000008E0,-6.991950512E0
2.702387515E2,1.708950043E0,9.034049988E0,-3.403050184E0
2.702411952E2,2.001000166E0,6.973950386E0,-4.420050144E0
2.702436389E2,5.029950142E0,7.057950497E0,-4.111050129E0
2.702460823E2,1.010295010E1,7.683000565E0,-6.541950226E0
2.702485259E2,5.752950191E0,6.736950397E0,-8.983950615E0
2.702509696E2,-1.240500063E-1,9.418950081E0,-1.594950080E0
2.702534131E2,2.692950010E0,9.064949989E0,4.530000091E-1
2.702558567E2,1.729950070E0,6.084000111E0,-1.108950019E0
2.702583004E2,4.678050041E0,8.088000298E0,1.459050059E0
2.702607439E2,7.387950420E0,5.502000332E0,-4.234050274E0
2.702631875E2,2.343000174E0,7.285950184E0,-5.086050034E0
2.702656312E2,-3.250500262E-1,8.409000397E0,-7.950000167E-1
2.702680747E2,1.021950006E0,6.583950520E0,1.330500096E-1
2.702705184E2,3.718050241E0,7.705050468E0,-6.919500232E-1
2.702729620E2,9.391950607E0,8.049000740E0,-6.331050396E0
2.702754057E2,3.805950165E0,6.232050419E0,-7.803000450E0
2.702778491E2,2.820000052E-1,9.714000702E0,-7.620000243E-1
2.702802927E2,1.587000132E0,9.187050819E0,-7.360500097E-1
2.702827364E2,1.396950126E0,7.630050182E0,-7.549500465E-1
2.702851799E2,4.159950256E0,7.185000420E0,2.449500114E-1
2.702876236E2,5.686050415E0,6.816000462E0,-4.762950420E0
2.702900672E2,3.600000143E0,6.318000317E0,-2.653050184E0
2.702925107E2,2.701950073E0,9.250950813E0,-1.573950052E0
2.702949544E2,1.855050087E0,7.386000156E0,-1.453950047E0
2.702973980E2,3.994950294E0,8.904000282E0,1.369500011E-1
2.702998414E2,8.212050438E0,9.816000938E0,-5.304000378E0
2.703022851E2,2.475000143E0,8.557050705E0,-4.795950413E0
2.703047287E2,1.359000087E0,1.092705059E1,-1.413000107E0
2.703071722E2,2.167950153E0,9.678000450E0,-2.494950056E0
2.703096159E2,1.729950070E0,7.903050423E0,-2.434950113E0
2.703120596E2,6.907050133E0,7.705050468E0,-2.851950169E0
2.703145032E2,7.540950298E0,6.208050251E0,-8.056950569E0
2.703169466E2,2.728950024E0,8.563950539E0,-3.870000124E0
2.703193903E2,3.586050272E0,1.014900017E1,-4.030500054E-1
2.703218340E2,2.803050041E0,7.506000519E0,-6.679500341E-1
2.703242774E2,8.224050522E0,1.183695030E1,-1.930050135E0
2.703267211E2,7.053000450E0,8.932950020E0,-9.190050125E0
2.703291647E2,1.002000093E0,9.883950233E0,-5.874000072E0
2.703316084E2,1.929000139E0,9.838050842E0,-3.168000221E0
2.703340519E2,3.526050091E0,7.657050133E0,-2.791950226E0
2.703364956E2,2.776950121E0,8.224050522E0,-2.179500163E-1
2.703389392E2,8.329050064E0,7.602000237E0,-1.839000106E0
2.703413827E2,6.342000484E0,6.778050423E0,-5.083950043E0
2.703438264E2,3.286950111E0,1.050795078E1,-1.198050022E0
2.703462700E2,1.237050056E0,1.009395027E1,-2.512050152E0
2.703487137E2,1.024049997E0,9.436050415E0,-2.542950153E0
2.703511571E2,5.599050045E0,1.093905067E1,-4.377000332E0
2.703536007E2,5.554050446E0,6.960000515E0,-8.998050690E0
2.703560444E2,4.129500091E-1,8.464050293E0,-4.873050213E0
2.703584879E2,2.389050007E0,6.859950542E0,-1.108950019E0
2.703609315E2,3.085050106E0,6.318000317E0,-2.323050022E0
2.703633752E2,3.150000095E0,6.517050266E0,-1.060500070E-1
2.703658186E2,6.564000130E0,5.533050060E0,-2.710950136E0
2.703682622E2,4.138950348E0,5.320050240E0,-4.345950127E0
2.703707059E2,1.498050094E0,7.750050545E0,-1.201950073E0
2.703731494E2,1.266000032E0,6.052950382E0,-1.642950058E0
2.703755931E2,2.961000204E0,6.922050476E0,-5.869500041E-1
2.703780367E2,8.437050819E0,7.795950413E0,-4.225950241E0
2.703804804E2,4.207950115E0,5.377050400E0,-8.023950577E0
2.703829239E2,5.929500461E-1,6.546000481E0,-3.489000082E0
2.703853675E2,4.450050354E0,6.214950085E0,-4.012950420E0
2.703878112E2,2.815050125E0,4.633050442E0,-4.351050377E0
2.703902546E2,3.622050285E0,6.715950489E0,-1.806000113E0
2.703926983E2,6.318000317E0,3.903000116E0,-3.786000252E0
2.703951419E2,2.080049992E0,5.988000393E0,-4.588050365E0
2.703975854E2,1.927050114E0,6.081000328E0,-1.779000044E0
2.704000291E2,3.373050213E0,3.622050285E0,-2.866050243E0
2.704024727E2,5.749950409E0,6.139050484E0,-1.750950098E0
2.704049164E2,1.025205040E1,5.818050385E0,-4.111050129E0
2.704073599E2,2.371950150E0,5.808000088E0,-6.016950130E0
2.704098035E2,6.910500526E-1,8.392050743E0,3.409950256E0
2.704122472E2,3.655050278E0,6.903000355E0,1.248000026E0
2.704146906E2,2.793000221E0,7.771950245E0,1.746000051E0
2.704171343E2,3.025950193E0,9.238950729E0,2.176950216E0
2.704195779E2,5.398050308E0,8.470950127E0,-7.740000486E-1
2.704220214E2,2.266950130E0,8.683950424E0,-2.256000042E0
2.704244651E2,4.195950031E0,1.082700062E1,-2.337000132E0
2.704269087E2,3.018000126E0,1.144695091E1,-5.914050102E0
2.704293521E2,6.133050442E0,1.414500046E1,-3.229950190E0
2.704317958E2,6.004050255E0,1.635494995E1,-8.071949959E0
2.704342394E2,2.410050154E0,1.287405014E1,-1.750950098E0
2.704366829E2,1.004999995E0,1.537095070E1,1.879950047E0
2.704391266E2,2.956050158E0,1.483500099E1,-8.770500422E-1
2.704415703E2,1.407000065E0,1.149000072E1,-3.880500197E-1
2.704440139E2,1.876050115E0,1.242405033E1,4.395000264E-2
2.704464574E2,3.483000278E0,1.338405037E1,-7.882050514E0
2.704489010E2,2.407950163E0,1.240905094E1,-5.224950314E0
2.704513447E2,2.769000053E0,1.333395100E1,-5.232000351E0
2.704537883E2,2.286000013E0,1.060905075E1,-2.790000200E0
2.704562318E2,7.350000381E0,1.398495102E1,-1.032000065E0
2.704586754E2,8.920050621E0,1.324005032E1,-6.019950390E0
2.704611191E2,3.415950060E0,1.001805019E1,-4.903950214E0
2.704635628E2,2.556000233E0,1.071405029E1,-2.044950008E0
2.704660063E2,2.374050140E0,7.456050396E0,-3.702000141E0
2.704684499E2,2.302050114E0,5.176050186E0,-3.793050289E0
2.704708936E2,7.026000500E0,6.586950302E0,-4.143000126E0
2.704733370E2,3.816000223E0,4.834050179E0,-4.537950039E0
2.704757807E2,2.653950214E0,6.940950394E0,1.690500081E-1
2.704782243E2,2.038950205E0,6.667950153E0,6.190500259E-1
2.704806678E2,3.631050110E0,6.727950096E0,9.990000725E-1
2.704831114E2,6.769950390E0,1.014705086E1,-7.930500507E-1
2.704855551E2,4.984050274E0,7.132050514E0,-4.380000114E0
2.704879986E2,3.085050106E0,1.054905033E1,-1.303050041E0
2.704904422E2,4.558050156E0,1.034100056E1,-9.649500251E-1
2.704928859E2,2.884050131E0,8.020950317E0,-2.473950148E0
2.704953293E2,5.542050362E0,9.879000664E0,-3.292950153E0
2.704977730E2,7.399950504E0,8.506950378E0,-8.662950516E0
2.705002166E2,3.969000101E0,8.389050484E0,-7.846950531E0
2.705026603E2,2.797950029E0,1.095600033E1,-4.138050079E0
2.705051038E2,2.020050049E0,8.464050293E0,-4.143000126E0
2.705075474E2,2.890950203E0,8.509050369E0,-3.384000063E0
2.705099911E2,9.330000877E0,7.570950508E0,-8.919000626E0
2.705124346E2,4.066950321E0,6.060000420E0,-1.288695049E1
2.705148783E2,2.070000172E-1,5.248050213E0,-7.746000290E0
2.705173219E2,-1.498950124E0,8.049000740E0,3.289500177E-1
2.705197654E2,-1.764000058E0,3.603000164E0,1.990950108E0
2.705222090E2,1.894950032E0,2.073000193E0,4.009050369E0
2.705246526E2,5.656950474E0,1.099050045E0,1.555050015E0
2.705270963E2,3.840000153E0,-1.330500096E-1,1.192950010E0
2.705295398E2,9.009000778E0,2.113950014E0,-2.490000129E-1
2.705319835E2,1.206195068E1,4.240500331E-1,-5.352000237E0
2.705344271E2,1.284495068E1,2.377050161E0,-1.107600021E1
2.705368706E2,7.510050297E0,7.185000420E0,-1.180005074E1
2.705393143E2,7.219500542E-1,6.534000397E0,-4.000500143E-1
2.705417579E2,1.206000090E0,1.031400013E1,3.595050097E0
2.705442014E2,3.765000105E0,2.051700020E1,5.290050030E0
2.705466450E2,1.612950087E0,1.042200089E1,2.070000172E0
2.705490887E2,-3.370500207E-1,1.075305080E1,-3.736050129E0
2.705515324E2,2.013000011E0,1.392300034E1,2.725950241E0
2.705539758E2,2.389050007E0,1.401795101E1,1.069050074E0
2.705564195E2,1.747050047E0,1.414305115E1,-2.385000229E0
2.705588632E2,1.237050056E0,1.090305042E1,-6.495000422E-2
2.705613066E2,9.570000172E-1,1.177005100E1,-1.818000078E0
2.705637503E2,2.305050135E0,1.477995110E1,1.630950093E0
2.705661939E2,1.407000065E0,1.024995041E1,-1.111050010E0
2.705686376E2,8.723999977E0,8.614950180E0,-1.762950063E0
2.705710811E2,4.444950104E0,1.028595066E1,-1.711005020E1
2.705735247E2,4.771050453E0,5.167050362E0,-1.771605110E1
2.705759684E2,5.299950123E0,6.961950302E0,-1.532595062E1
2.705784118E2,4.189050198E0,5.133000374E0,-9.810000420E0
2.705808555E2,2.020050049E0,6.217950344E0,7.840500474E-1
2.705832992E2,3.901950121E0,6.093000412E0,7.939950466E0
2.705857426E2,4.278000355E0,6.784950256E0,5.461950302E0
2.705881863E2,6.841950417E0,8.998050690E0,4.392000198E0
2.705906299E2,9.804000854E0,8.313000679E0,2.962950230E0
2.705930736E2,5.977950096E0,7.702050209E0,-9.130500555E-1
2.705955171E2,8.803050041E0,1.062105083E1,-9.633000374E0
2.705979607E2,3.078000069E0,7.783950329E0,-1.273995018E1
2.706004044E2,3.861000299E0,8.751000404E0,-8.670000076E0
2.706028478E2,8.245050430E0,7.378950119E0,-1.048005009E1
2.706052915E2,5.446050167E0,7.390950203E0,-7.213950157E0
2.706077352E2,4.587000370E0,9.496050835E0,-4.095000029E-2
2.706101786E2,4.723050117E0,7.462950230E0,1.039500013E-1
2.706126223E2,5.542050362E0,1.077405071E1,9.040500522E-1
2.706150659E2,9.991050720E0,1.158795071E1,-4.545000076E0
2.706175094E2,3.526050091E0,1.002000046E1,-1.010895061E1
2.706199531E2,1.299000025E0,1.023300076E1,-5.280000210E0
2.706223967E2,3.061050177E0,9.733050346E0,-5.098050117E0
2.706248402E2,2.640000105E0,7.177950382E0,-4.207050323E0
2.706272838E2,6.412950516E0,8.373000145E0,-1.999950051E0
2.706297275E2,7.021950245E0,6.739950180E0,-4.846950054E0
2.706321712E2,3.471000195E0,7.477050304E0,-4.525950432E0
2.706346146E2,3.133050203E0,9.217950821E0,-1.000950098E0
2.706370583E2,3.733950138E0,6.109950066E0,-4.711950302E0
2.706395019E2,6.724950314E0,9.591000557E0,-1.890000105E0
2.706419454E2,9.160050392E0,7.422000408E0,-5.536050320E0
2.706443891E2,1.464000106E0,5.557050228E0,-6.817050457E0
2.706468327E2,2.899050236E0,6.550950527E0,-1.621050119E0
2.706492762E2,5.398050308E0,3.856950283E0,-3.067950249E0
2.706517199E2,2.796000242E0,5.290950298E0,4.905000329E-2
2.706541635E2,3.811050177E0,7.024950504E0,1.240950108E0
2.706566072E2,3.447000265E0,5.683950424E0,4.770000279E-1
2.706590506E2,1.536000013E0,7.531950474E0,1.464000106E0
2.706614943E2,1.204050064E0,8.631000519E0,9.829500318E-1
2.706639379E2,5.380499959E-1,7.324050426E0,-8.290500641E-1
2.706663816E2,7.750500441E-1,1.062300014E1,-1.902000070E0
2.706688251E2,1.905000091E0,1.231605053E1,2.473950148E0
2.706712687E2,1.000050068E0,7.924950600E0,5.805000290E-2
2.706737124E2,1.605000161E-2,8.296050072E0,-8.820000291E-1
2.706761558E2,1.333050013E0,9.654000282E0,8.580000401E-1
2.706785995E2,4.230000079E-1,6.406950474E0,-8.500500321E-1
2.706810431E2,2.839500010E-1,7.156050205E0,-4.650000334E-1
2.706834866E2,4.207950115E0,7.201950550E0,9.040500522E-1
2.706859302E2,2.821950197E0,5.670000076E0,-5.713050365E0
2.706883739E2,5.949000359E0,5.847000122E0,-1.014300060E1
2.706908176E2,6.673950195E0,5.563950062E0,-1.020000076E1
2.706932611E2,9.265050888E0,7.863000393E0,-8.590950012E0
2.706957047E2,5.899050236E0,8.278950691E0,-9.490950584E0
2.706981484E2,1.183950067E0,7.381050587E0,-1.404000044E0
2.707005919E2,3.394050121E0,9.274950027E0,3.007950068E0
2.707030355E2,2.311950207E0,6.727950096E0,1.062000036E0
2.707054792E2,5.913000107E0,6.678000450E0,1.135950089E0
2.707079226E2,9.001950264E0,6.634050369E0,-5.629050255E0
2.707103663E2,5.827050209E0,7.056000233E0,-8.160000801E0
2.707128099E2,3.097050190E0,1.032600021E1,-6.463050365E0
2.707152536E2,2.599050045E0,9.457050323E0,-5.980950356E0
2.707176971E2,3.853950262E0,1.062105083E1,-3.211050034E0
2.707201407E2,9.378000259E0,1.175805092E1,-5.565000057E0
2.707225844E2,2.641950130E0,9.793050766E0,-8.239050865E0
2.707250279E2,9.760500193E-1,1.105395031E1,-1.522950053E0
2.707274716E2,3.957000256E0,8.983050346E0,-1.449000120E0
2.707299152E2,4.411950111E0,8.059050560E0,-2.811000109E0
2.707323586E2,6.753000259E0,9.778050423E0,-3.115050077E0
2.707348023E2,7.831050396E0,9.046050072E0,-7.573950291E0
2.707372460E2,1.912050128E0,1.105005074E1,-3.682950258E0
2.707396894E2,-3.210000098E-1,1.261095047E1,2.557950020E0
2.707421331E2,1.480950117E0,1.014705086E1,-1.005000062E-2
2.707445767E2,1.135950089E0,1.296300030E1,-1.554000020E0
2.707470204E2,7.555950165E0,1.316805077E1,-2.854050159E0
2.707494639E2,3.028050184E0,9.880950928E0,-4.995000362E0
2.707519076E2,3.655050278E0,9.582000732E0,-2.620050192E0
2.707543512E2,4.230000019E0,1.020195007E1,-4.348950386E0
2.707567946E2,3.916050196E0,9.012000084E0,-4.030050278E0
2.707592383E2,6.390000343E0,8.401050568E0,-3.240000248E0
2.707616820E2,5.889000416E0,8.329950333E0,-6.436050415E0
2.707641257E2,2.676000118E0,9.268050194E0,-2.457000017E0
2.707665691E2,3.006000042E0,1.031700039E1,-8.220000267E-1
2.707690127E2,2.415000200E0,6.910050392E0,-2.179050207E0
2.707714565E2,5.869950294E0,6.370950222E0,-4.293000221E0
2.707738999E2,7.764000416E0,7.297950268E0,-9.369000435E0
2.707763435E2,1.939050078E0,5.197950363E0,-7.329000473E0
2.707787872E2,1.789500117E-1,5.172000408E0,-1.377000093E0
2.707812309E2,9.349500537E-1,5.764950275E0,-5.560500026E-1
2.707836743E2,2.719500065E-1,5.092950344E0,3.190500140E-1
2.707861180E2,2.503950119E0,7.306950569E0,3.942000151E0
2.707885617E2,4.182000160E0,2.490000010E0,-1.063950062E0
2.707910051E2,4.157999992E0,6.591000080E0,-1.983000040E0
2.707934488E2,1.438050032E0,6.265950203E0,-3.352050066E0
2.707958925E2,1.431000113E0,4.603950024E0,-4.080000401E0
2.707983359E2,7.231950283E0,7.171050549E0,-2.488050222E0
2.708007796E2,7.696950436E0,3.607950211E0,-7.485000134E0
2.708032232E2,-2.320500165E-1,6.916950226E0,-3.184950113E0
2.708056667E2,1.159950018E0,6.654000282E0,2.236950159E0
2.708081104E2,3.009000063E0,4.542000294E0,2.400000095E-1
2.708105540E2,3.322050095E0,6.316050529E0,7.219500542E-1
2.708129977E2,7.230000496E0,5.293950081E0,-2.530950069E0
2.708154412E2,4.159950256E0,6.235050201E0,-5.277000427E0
2.708178848E2,1.909950137E0,8.569050789E0,-7.090500593E-1
2.708203285E2,1.444950104E0,8.791950226E0,-2.245950222E0
2.708227719E2,1.725000024E0,8.571000099E0,-7.549500465E-1
2.708252156E2,6.291000366E0,1.035495090E1,-4.957050323E0
2.708276592E2,5.511000156E0,8.559000015E0,-7.815000534E0
2.708301027E2,1.813950062E0,9.301950455E0,-4.507050037E0
2.708325464E2,3.100050211E0,9.546000481E0,-2.763000250E0
2.708349900E2,2.116050005E0,7.855950356E0,-2.803950071E0
2.708374335E2,2.407950163E0,8.665050507E0,-2.299500108E-1
2.708398772E2,6.847050190E0,7.822050571E0,-2.992950201E0
2.708423208E2,4.054950237E0,7.570950508E0,-4.882050037E0
2.708447642E2,2.890950203E0,1.054200077E1,-6.160500050E-1
2.708472079E2,1.723050117E0,9.112950325E0,-2.284950018E0
2.708496515E2,2.439000130E0,9.964950562E0,9.679500461E-1
2.708520952E2,7.981950283E0,1.127700043E1,-6.025050163E0
2.708545387E2,4.350000381E0,8.947050095E0,-5.827950478E0
2.708569824E2,1.648950100E0,1.132200050E1,-2.182049990E0
2.708594260E2,4.350000381E0,1.019700050E1,-2.184000015E0
2.708618695E2,2.374050140E0,9.244050026E0,-4.477950096E0
2.708643132E2,3.871050119E0,1.114500046E1,-1.870500147E-1
2.708667568E2,7.218000412E0,8.940000534E0,-5.815950394E0
2.708692005E2,3.844050169E0,9.759000778E0,-4.971000195E0
2.708716439E2,3.813000202E0,1.142295074E1,-3.079950094E0
2.708740876E2,2.772000074E0,9.148050308E0,-3.775950193E0
2.708765312E2,4.138950348E0,1.121505070E1,-2.212949991E0
2.708789749E2,8.413050652E0,1.084395027E1,-5.980950356E0
2.708814184E2,3.484950066E0,9.606000900E0,-7.260000229E0
2.708838620E2,1.704000115E0,1.154295063E1,-7.309500575E-1
2.708863057E2,3.021000147E0,9.622950554E0,-2.610000134E0
2.708887492E2,1.536000013E0,9.562950134E0,-7.450500131E-1
2.708911928E2,5.875050068E0,9.721050262E0,-1.990500093E-1
2.708936365E2,5.695050240E0,8.026050568E0,-3.345000267E0
2.708960799E2,2.929950237E0,9.883950233E0,-3.669000149E0
2.708985235E2,3.847050190E0,9.046050072E0,-3.649050236E0
2.709009672E2,2.602050066E0,7.996950150E0,-5.617050171E0
2.709034109E2,6.514050484E0,1.030305004E1,-2.215050220E0
2.709058544E2,8.022000313E0,8.338950157E0,-9.340950012E0
2.709082980E2,2.805000067E0,8.914050102E0,-8.043000221E0
2.709107414E2,2.872050047E0,8.404050827E0,-3.877050161E0
2.709131851E2,3.250950098E0,6.751950264E0,-4.368000031E0
2.709156288E2,2.235000134E0,6.631950378E0,-2.461950064E0
2.709180724E2,6.078000069E0,6.189000130E0,-2.292000055E0
2.709205159E2,4.338000298E0,4.695000172E0,-4.582950115E0
2.709229596E2,2.535000086E0,4.702050209E0,-4.669500291E-1
2.709254032E2,2.323950052E0,5.413050175E0,-4.669500291E-1
2.709278467E2,3.114000082E0,4.674000263E0,9.705000371E-2
2.709302903E2,7.611000538E0,8.208000183E0,4.609500170E-1
2.709327340E2,4.503000259E0,7.057950497E0,-4.138050079E0
2.709351777E2,-2.419500053E-1,7.720950603E0,-7.279500365E-1
2.709376211E2,1.081050038E0,8.061000824E0,-7.210500240E-1
2.709400648E2,1.933950067E0,6.346950531E0,-2.661000013E0
2.709425084E2,2.595000029E0,6.690000534E0,-1.071000099E0
2.709449519E2,5.929950237E0,6.469050407E0,-3.988950253E0
2.709473956E2,3.622050285E0,6.838050365E0,-5.160000324E0
2.709498392E2,2.266950130E0,9.436050415E0,-2.337000132E0
2.709522829E2,2.176050186E0,7.732950211E0,-1.887000084E0
2.709547263E2,2.386050224E0,7.992000580E0,-8.620500565E-1
2.709571700E2,8.257050514E0,9.473999977E0,-3.283050060E0
2.709596136E2,5.287950039E0,7.816950321E0,-6.787950516E0
2.709620571E2,1.129050016E0,7.276050568E0,-2.497950077E0
2.709645007E2,3.514050245E0,8.983050346E0,-2.272950172E0
2.709669444E2,3.009000063E0,5.583000183E0,-4.240950108E0
2.709693881E2,4.600950241E0,8.433000565E0,-4.720500112E-1
2.709718315E2,6.817950249E0,7.329000473E0,-2.707950115E0
2.709742752E2,3.045000076E0,9.397050858E0,-2.779950142E0
2.709767189E2,1.588950038E0,9.790050507E0,-1.500000060E-2
2.709791623E2,2.128050089E0,8.976000786E0,-9.460500479E-1
2.709816059E2,4.477050304E0,9.397050858E0,-1.552050114E0
2.709840496E2,8.844000816E0,1.122000027E1,-5.883000374E0
2.709864931E2,3.753000259E0,9.370950699E0,-7.147050381E0
2.709889367E2,1.414050102E0,1.175100040E1,-1.437000036E0
2.709913804E2,3.013950109E0,9.286950111E0,-2.811000109E0
2.709938238E2,2.223000050E0,9.115050316E0,-2.758950233E0
2.709962675E2,5.089050293E0,8.887950897E0,-2.827950239E0
2.709987112E2,6.952050209E0,8.887950897E0,-6.712050438E0
2.710011548E2,3.375000238E0,8.983050346E0,-5.685000420E0
2.710035983E2,2.923050165E0,9.775950432E0,-2.158050060E0
2.710060419E2,3.615000248E0,7.185000420E0,-3.963000298E0
2.710084856E2,6.451950073E0,1.058295059E1,-5.850000381E-1
2.710109291E2,9.037950516E0,1.022400093E1,-5.584050179E0
2.710133728E2,3.049950123E0,9.919050217E0,-6.247050285E0
2.710158164E2,1.227000117E0,1.015200043E1,-8.359500170E-1
2.710182598E2,2.037000179E0,8.008950233E0,-1.068000078E0
2.710207035E2,2.355000019E0,6.001950264E0,-2.176950216E0
2.710231472E2,8.281050682E0,7.045950413E0,-2.203050137E0
2.710255906E2,6.588000298E0,6.426000118E0,-6.460050106E0
2.710280343E2,2.382000208E0,9.108000755E0,-1.549950123E0
2.710304780E2,2.560950041E0,8.361000061E0,-2.155050039E0
2.710329214E2,2.142000198E0,6.996000290E0,-3.159000158E0
2.710353651E2,7.429050446E0,9.591000557E0,-4.461000443E0
2.710378087E2,7.500000477E0,8.629050255E0,-1.020705032E1
2.710402524E2,9.139500260E-1,8.440050125E0,-8.076000214E0
2.710426959E2,1.231950045E0,6.892950535E0,-2.263050079E0
2.710451396E2,2.503950119E0,4.504050255E0,-3.763950109E0
2.710475832E2,3.769950151E0,2.691000223E0,-3.436050177E0
2.710500269E2,8.607000351E0,5.133000374E0,-2.548050165E0
2.710524703E2,5.239950180E0,2.559000015E0,-6.025050163E0
2.710549139E2,9.930000305E-1,6.670050144E0,-4.219500124E-1
2.710573576E2,2.073000193E0,4.741050243E0,1.950000077E-1
2.710598011E2,2.647050142E0,3.912000179E0,-1.798950076E0
2.710622448E2,8.034000397E0,6.796950340E0,-9.270000458E-1
2.710646884E2,6.255000114E0,3.735000134E0,-6.244950294E0
2.710671321E2,-1.399950027E0,7.233000278E0,-4.396049976E0
2.710695756E2,2.121000051E0,6.250950336E0,1.800000072E-1
2.710720192E2,3.022950172E0,4.470000267E0,-1.188000083E0
2.710744629E2,2.419950008E0,6.445050240E0,2.314050198E0
2.710769063E2,6.034950256E0,5.943000317E0,7.980000377E-1
2.710793499E2,3.502050161E0,6.007050514E0,-2.103000164E0
2.710817936E2,2.499000072E0,8.731950760E0,1.381950021E0
2.710842371E2,2.583000183E0,8.896950722E0,-1.674000025E0
2.710866808E2,2.985000134E0,8.659950256E0,-1.288950086E0
2.710891244E2,8.414999962E0,1.154295063E1,-6.451050282E0
2.710915681E2,6.472950459E0,1.020000076E1,-9.784050941E0
2.710940116E2,1.795050144E0,1.182300091E1,-5.863950253E0
2.710964552E2,1.867050052E0,1.319505024E1,-4.075950146E0
2.710988986E2,1.303950071E0,1.028295040E1,-1.096950054E0
2.711013423E2,1.327950120E0,1.007295036E1,2.467050076E0
2.711037860E2,5.367000103E0,1.093200016E1,-2.692050219E0
2.711062296E2,4.429050446E0,9.481050491E0,-4.128000259E0
2.711086731E2,3.379950047E0,1.201905060E1,-2.979000092E0
2.711111168E2,2.382000208E0,9.634950638E0,-3.460050106E0
2.711135604E2,3.604950190E0,1.094700050E1,-1.969050050E0
2.711160039E2,8.254950523E0,1.337895107E1,-4.132950306E0
2.711184475E2,4.077000141E0,1.099695015E1,-6.027000427E0
2.711208912E2,1.468950033E0,1.127205086E1,-8.100000620E-1
2.711233346E2,3.037950039E0,1.205805016E1,-7.909500599E-1
2.711257783E2,2.416950226E0,8.299050331E0,-1.372050047E0
2.711282220E2,7.042950153E0,8.820000648E0,-2.893050194E0
2.711306656E2,9.057000160E0,7.398000240E0,-6.649050236E0
2.711331091E2,3.358050108E0,8.581050873E0,-6.016950130E0
2.711355528E2,3.363000154E0,1.134600067E1,-2.392050028E0
2.711379964E2,2.607000113E0,8.029950142E0,-3.867000103E0
2.711404401E2,5.662050247E0,1.108995056E1,-2.434950113E0
2.711428835E2,7.374000549E0,9.922050476E0,-6.855000496E0
2.711453271E2,1.998000145E0,9.136950493E0,-6.466950417E0
2.711477708E2,1.077000022E0,9.204000473E0,-1.036949992E0
2.711502143E2,1.978950143E0,8.314949989E0,-1.416000009E0
2.711526580E2,1.804050088E0,5.836950302E0,-2.638950109E0
2.711551016E2,5.875050068E0,7.120950222E0,-2.668050051E0
2.711575453E2,5.449050426E0,5.452050209E0,-5.212950230E0
2.711599888E2,2.880000114E0,6.096000195E0,-3.478950262E0
2.711624324E2,2.686050177E0,7.927050591E0,-1.432050109E0
2.711648761E2,2.085000038E0,4.767000198E0,-2.898000240E0
2.711673195E2,6.507000446E0,8.515950203E0,-3.822000265E0
2.711697631E2,6.126000404E0,5.848950386E0,-8.251049995E0
2.711722068E2,2.220000178E-1,7.207050323E0,-5.461950302E0
2.711746503E2,8.200500607E-1,6.454950333E0,-1.260000110E0
2.711770939E2,2.662050009E0,2.617050171E0,-3.511050224E0
2.711795376E2,1.873950124E0,4.591950417E0,-9.490500689E-1
2.711819813E2,6.745950222E0,3.321000099E0,-4.150500298E-1
2.711844248E2,6.354000092E0,2.514000177E0,-4.918050289E0
2.711868684E2,1.419000030E0,5.872950077E0,-5.820000172E-1
2.711893118E2,1.777950048E0,4.651950359E0,-2.737050056E0
2.711917555E2,1.777950048E0,6.100950241E0,-2.397000074E0
2.711941992E2,7.354050159E0,8.173950195E0,-1.665000081E0
2.711966428E2,4.936050415E0,5.734050274E0,-5.899950504E0
2.711990863E2,-8.790000677E-1,8.398950577E0,-1.150500029E-1
2.712015300E2,1.564950109E0,7.666050434E0,1.846950054E0
2.712039736E2,1.788000107E0,6.996000290E0,-1.110000089E-1
2.712064171E2,1.687050104E0,7.566000462E0,1.581000090E0
2.712088607E2,5.764950275E0,8.149950027E0,-2.164950132E0
2.712113044E2,3.490050077E0,6.946050167E0,-4.155000210E0
2.712137481E2,3.205050230E0,9.649050713E0,-3.325950146E0
2.712161915E2,2.700000048E0,9.598950386E0,-4.416000366E0
2.712186352E2,1.789950132E0,9.164999962E0,-7.590000629E-1
2.712210788E2,5.113050461E0,1.113600063E1,-3.774000168E0
2.712235223E2,4.230000019E0,1.006095028E1,-5.931000233E0
2.712259660E2,2.053050041E0,9.289950371E0,-3.457950115E0
2.712284096E2,4.441050053E0,1.049205017E1,-4.356000423E0
2.712308531E2,3.241050243E0,8.253000259E0,-4.255050182E0
2.712332967E2,3.853950262E0,9.328050613E0,-3.190500140E-1
2.712357404E2,6.358050346E0,8.113950729E0,-3.493950129E0
2.712381840E2,3.873000145E0,8.884950638E0,-3.319050074E0
2.712406275E2,3.289050102E0,1.069500065E1,1.312950015E0
2.712430711E2,2.712000132E0,7.888950348E0,-7.710000277E-1
2.712455148E2,4.321050167E0,1.158105087E1,8.599500656E-1
2.712479585E2,9.222000122E0,1.117395020E1,-4.522950172E0
2.712504019E2,3.604950190E0,1.080495071E1,-8.692049980E0
2.712528456E2,1.821000099E0,1.322805023E1,-3.805050135E0
2.712552891E2,3.186000109E0,1.096305084E1,-5.641050339E0
2.712577328E2,9.949500561E-1,1.112400055E1,-2.349000216E0
2.712601764E2,3.226950169E0,1.142805099E1,2.410050154E0
2.712626201E2,6.706050396E0,1.092705059E1,-3.642000198E0
2.712650635E2,5.554050446E0,1.097100067E1,-3.628050089E0
2.712675071E2,5.584950447E0,1.144005013E1,-5.220000267E0
2.712699508E2,2.401050091E0,9.547950745E0,-5.956950188E0
2.712723943E2,4.512000084E0,1.222995090E1,-2.122050047E0
2.712748380E2,8.293050766E0,1.102095032E1,-6.570000172E0
2.712772816E2,3.078000069E0,1.000995064E1,-7.537950516E0
2.712797253E2,2.251950026E0,1.014000034E1,-1.461000085E0
2.712821688E2,3.595050097E0,7.992000580E0,-4.771950245E0
2.712846124E2,2.604000092E0,6.405000210E0,-4.365000248E0
2.712870561E2,6.397050381E0,7.441050529E0,-3.502950191E0
2.712894995E2,5.689950466E0,5.458950043E0,-5.634000301E0
2.712919432E2,2.455950022E0,6.739950180E0,-2.434950113E0
2.712943868E2,2.844000101E0,5.860950470E0,7.000500560E-1
2.712968303E2,3.022950172E0,3.493050098E0,-4.840500355E-1
2.712992740E2,8.377050400E0,6.961950302E0,-9.919500351E-1
2.713017176E2,5.572950363E0,6.799950123E0,-5.280000210E0
2.713041611E2,-1.319999993E-1,6.337950230E0,-1.837050080E0
2.713066048E2,2.029500157E-1,7.426950455E0,-2.299500108E-1
2.713090484E2,1.180050015E0,5.707950115E0,-2.434950113E0
2.713114921E2,1.186950088E0,6.369000435E0,-1.660500020E-1
2.713139355E2,5.689950466E0,5.806050301E0,-2.541000128E0
2.713163792E2,4.680000305E0,5.452050209E0,-4.903950214E0
2.713188228E2,1.936050057E0,7.650000572E0,-1.951950073E0
2.713212663E2,1.507950068E0,6.751950264E0,-1.887000084E0
2.713237100E2,3.112050056E0,5.776950359E0,-2.272950172E0
2.713261536E2,9.154950142E0,7.257000446E0,-6.064950466E0
2.713285973E2,5.431950092E0,5.017950058E0,-8.755949974E0
2.713310408E2,2.220000178E-1,6.630000114E0,-3.472050190E0
2.713334844E2,2.704950094E0,4.990050316E0,-6.469500065E-1
2.713359281E2,3.178950071E0,2.844000101E0,-3.124950171E0
2.713383715E2,4.195950031E0,4.089000225E0,-4.549500346E-1
2.713408152E2,7.018950462E0,4.108950138E0,-2.407050133E0
2.713432589E2,3.267000198E0,5.284050465E0,-3.690000057E0
2.713457025E2,1.819050074E0,8.251049995E0,-4.050000310E-1
2.713481460E2,1.351950049E0,5.527950287E0,-2.032950163E0
2.713505896E2,3.793950081E0,7.297950268E0,-8.980500698E-1
2.713530333E2,9.493050575E0,7.495950222E0,-5.340000153E0
2.713554768E2,3.538050175E0,5.527950287E0,-8.377950668E0
2.713579204E2,1.000500023E-1,7.875000477E0,-6.349500418E-1
2.713603641E2,3.295950174E0,6.850050449E0,1.469999999E-1
2.713628076E2,3.697950125E0,4.912950039E0,-1.279050112E0
2.713652512E2,5.674050331E0,6.751950264E0,-4.650000334E-1
2.713676949E2,7.165050507E0,7.935000420E0,-4.936950207E0
2.713701386E2,2.592000008E0,8.619000435E0,-2.673000097E0
2.713725820E2,1.146000028E0,1.175805092E1,1.519500017E-1
2.713750257E2,1.540950060E0,9.235050201E0,-1.657050133E0
2.713774691E2,3.865950108E0,1.135095024E1,-1.528050065E0
2.713799128E2,8.746050835E0,1.375695038E1,-8.146050453E0
2.713823565E2,3.708000183E0,1.137000084E1,-6.525000095E0
2.713848001E2,8.610000610E-1,1.311300087E1,-2.371050119E0
2.713872436E2,2.587050200E0,1.159800053E1,-2.323050022E0
2.713896873E2,2.355000019E0,1.064505005E1,4.320000112E-1
2.713921309E2,4.768950462E0,1.095405006E1,-1.420500129E-1
2.713945743E2,6.469050407E0,1.158105087E1,-6.838950157E0
2.713970180E2,5.010000229E0,1.128705025E1,-5.167050362E0
2.713994616E2,4.678050041E0,1.243800068E1,-5.098050117E0
2.714019053E2,2.889000177E0,1.024305058E1,-5.227050304E0
2.714043488E2,5.950950146E0,1.380105019E1,-3.217950106E0
2.714067925E2,8.410050392E0,1.265100098E1,-7.138050556E0
2.714092361E2,2.676000118E0,1.186605072E1,-4.297950268E0
2.714116796E2,2.860050201E0,1.161705017E1,2.205000073E-2
2.714141233E2,3.294000149E0,9.481050491E0,-2.260950089E0
2.714165669E2,3.139950037E0,6.984000206E0,-3.841050148E0
2.714190106E2,7.582050323E0,8.967000008E0,-5.256000042E0
2.714214540E2,5.652000427E0,7.329000473E0,-8.167050362E0
2.714238976E2,2.032050133E0,9.073950768E0,-2.148000002E0
2.714263413E2,2.632950068E0,8.184000015E0,-9.900000691E-2
2.714287848E2,2.784000158E0,6.169950485E0,-1.008000016E0
2.714312285E2,8.748000145E0,9.016950607E0,-3.874050140E0
2.714336721E2,5.881950378E0,7.294950485E0,-8.227050781E0
2.714361158E2,4.849500358E-1,6.703950405E0,-5.268000126E0
2.714385592E2,2.100000083E-1,8.002050400E0,-6.330000162E-1
2.714410029E2,7.200000286E-1,4.702050209E0,-1.782000065E0
2.714434463E2,1.357050061E0,5.253000259E0,-2.140500098E-1
2.714458900E2,5.865000248E0,4.638000011E0,-3.120000064E-1
2.714483336E2,4.407000065E0,2.884950161E0,-5.230050087E0
2.714507773E2,1.113000035E0,5.964000225E0,-3.060000181E0
2.714532208E2,2.985000134E0,2.571000099E0,-4.444050312E0
2.714556644E2,4.480950356E0,3.697050095E0,-4.705049992E0
2.714581081E2,9.478050232E0,6.409050465E0,-3.441000223E0
2.714605515E2,3.664950132E0,4.609050274E0,-6.202050209E0
2.714629952E2,-2.382000208E0,8.737050056E0,8.530500531E-1
2.714654388E2,2.263950109E0,5.701050282E0,1.639500111E-1
2.714678825E2,2.213999987E0,4.791000366E0,-2.224950075E0
2.714703260E2,5.872050285E0,4.657050133E0,-1.486950040E0
2.714727697E2,7.491000175E0,2.895000219E0,-4.959000111E0
2.714752133E2,3.865950108E0,5.539950371E0,-4.573950291E0
2.714776568E2,1.536000013E0,8.290950775E0,1.186050057E0
2.714801005E2,1.423950076E0,6.250950336E0,4.560000300E-1
2.714825441E2,2.970000029E0,8.011050224E0,-5.295000225E-2
2.714849875E2,9.684000015E0,9.330000877E0,-6.348000526E0
2.714874312E2,2.824050188E0,7.201950550E0,-9.673050880E0
2.714898749E2,-1.410000026E-1,1.023300076E1,-2.718000174E0
2.714923186E2,2.890500128E-1,8.518950462E0,-9.850500226E-1
2.714947620E2,1.570500135E-1,7.330950260E0,5.800500512E-1
2.714972057E2,3.433050156E0,7.180050373E0,1.114050031E0
2.714996493E2,7.618050575E0,7.575000286E0,-3.391050100E0
2.715020928E2,3.817950249E0,6.574950218E0,-1.633050084E0
2.715045364E2,3.538050175E0,1.084800053E1,3.240000010E-1
2.715069801E2,3.106950045E0,9.262950897E0,-2.767950058E0
2.715094238E2,4.074000359E0,1.123200035E1,-1.261950016E0
2.715118672E2,7.681950569E0,1.201005077E1,-6.111000061E0
2.715143108E2,2.902950048E0,1.000095081E1,-4.662000179E0
2.715167545E2,1.024049997E0,1.224705029E1,-1.180950046E0
2.715191980E2,2.868000031E0,1.161195087E1,-3.436050177E0
2.715216416E2,2.314050198E0,1.089600086E1,-3.049500287E-1
2.715240853E2,3.634050131E0,1.091295052E1,-3.240000010E-1
2.715265288E2,5.506050110E0,1.027905083E1,-5.344950199E0
2.715289724E2,3.885000229E0,1.110000038E1,-4.293000221E0
2.715314161E2,4.311000347E0,1.156395054E1,-4.717050076E0
2.715338598E2,2.383949995E0,9.235050201E0,-5.176950455E0
2.715363032E2,6.045000076E0,1.180905056E1,-3.429000139E0
2.715387469E2,7.612950325E0,1.085805035E1,-7.915950298E0
2.715411906E2,2.950950146E0,9.556050301E0,-5.814000130E0
2.715436340E2,3.009000063E0,1.058295059E1,-2.212949991E0
2.715460776E2,3.040050030E0,8.310000420E0,-2.707950115E0
2.715485213E2,2.797950029E0,6.843000412E0,-1.119000077E0
2.715509648E2,7.186950207E0,8.430000305E0,-3.937050104E0
2.715534085E2,5.194950104E0,6.799950123E0,-6.250050068E0
2.715558521E2,2.463000059E0,8.437050819E0,-2.541000128E0
2.715582958E2,2.464950085E0,7.678050518E0,-1.842000127E0
2.715607392E2,2.743050098E0,6.318000317E0,-8.100000620E-1
2.715631829E2,8.614050865E0,1.008495045E1,-4.159049988E0
2.715656265E2,4.872000217E0,7.120950222E0,-8.170050621E0
2.715680700E2,1.279500127E-1,8.938050270E0,-4.972950459E0
2.715705137E2,1.516950130E0,7.816950321E0,-2.907000065E0
2.715729573E2,1.632000089E0,5.332050323E0,-3.927000284E0
2.715754008E2,2.851050138E0,6.555000305E0,-2.014050007E0
2.715778444E2,6.781950474E0,4.876950264E0,-4.188000202E0
2.715802881E2,3.126000166E0,4.621050358E0,-5.340000153E0
2.715827315E2,1.215000033E0,6.910050392E0,-1.545000076E0
2.715851752E2,1.299000025E0,3.898050070E0,-9.679500461E-1
2.715876188E2,1.548000097E0,4.029000282E0,4.290000200E-1
2.715900625E2,8.737950325E0,7.372050285E0,-6.160500050E-1
2.715925060E2,4.042950153E0,2.755950212E0,-7.119000435E0
2.715949496E2,-9.670500755E-1,7.140000343E0,-1.849050045E0
2.715973933E2,8.299500346E-1,5.325000286E0,-9.370500445E-1
2.715998368E2,6.120000482E-1,3.697050095E0,-3.880500197E-1
2.716022804E2,3.070950031E0,6.433050156E0,1.441950083E0
2.716047241E2,6.648000240E0,4.237950325E0,-2.083950043E0
2.716071678E2,3.535950184E0,4.333950043E0,-3.357000113E0
2.716096112E2,4.263000011E0,7.458000183E0,-1.755000114E0
2.716120548E2,2.662050009E0,5.191050053E0,-3.589950085E0
2.716144985E2,2.968050241E0,8.551950455E0,-1.750950098E0
2.716169420E2,7.462050438E0,9.301950455E0,-4.249950409E0
2.716193857E2,2.635050058E0,8.278950691E0,-5.317950249E0
2.716218293E2,1.615050077E0,1.077705097E1,6.349500418E-1
2.716242730E2,2.511000156E0,7.453050137E0,-1.027950048E0
2.716267164E2,5.020500422E-1,8.521050453E0,-2.044950008E0
2.716291601E2,2.965950251E0,9.361950874E0,-1.114050031E0
2.716316038E2,5.728950500E0,9.061950684E0,-6.300000191E0
2.716340472E2,3.472950220E0,9.856950760E0,-3.877050161E0
2.716364908E2,3.301050186E0,1.074795055E1,-1.966050148E0
2.716389345E2,2.116050005E0,9.757050514E0,-3.048000097E0
2.716413780E2,4.690050125E0,1.261995029E1,-2.188950062E0
2.716438216E2,8.652000427E0,1.350600052E1,-7.999950409E0
2.716462653E2,3.226950169E0,1.099200058E1,-6.453000069E0
2.716487088E2,1.927050114E0,1.163595009E1,-2.467050076E0
2.716511525E2,3.676950216E0,9.448050499E0,-3.484050274E0
2.716535961E2,2.355000019E0,9.473999977E0,-2.634000063E0
2.716560395E2,6.319950104E0,1.008000088E1,-1.497000098E0
2.716584832E2,5.608950138E0,1.032900047E1,-3.048000097E0
2.716609269E2,4.177050114E0,9.709050179E0,-5.539500117E-1
2.716633705E2,4.444950104E0,1.021200085E1,-1.546950102E0
2.716658140E2,2.298000097E0,1.014495087E1,-3.016950130E0
2.716682577E2,6.676950455E0,1.357305050E1,-2.440050125E0
2.716707013E2,7.117050171E0,1.230900097E1,-6.688050270E0
2.716731448E2,1.359000087E0,1.216800022E1,-3.477000237E0
2.716755884E2,1.543950081E0,1.221105099E1,-3.049500287E-1
2.716780321E2,2.893950224E0,8.574000359E0,-3.870000124E0
2.716804758E2,2.899050236E0,8.413050652E0,-3.451050282E0
2.716829192E2,7.483950138E0,6.591000080E0,-6.786000252E0
2.716853629E2,4.723050117E0,6.603000164E0,-9.103950500E0
2.716878065E2,3.361050129E0,7.626000404E0,-3.870000124E0
2.716902500E2,3.892050266E0,5.586000443E0,-4.420050144E0
2.716926937E2,3.445050240E0,5.176050186E0,-3.633000135E0
2.716951373E2,7.524000168E0,9.148050308E0,-3.367050171E0
2.716975810E2,4.503000259E0,6.807000160E0,-6.439050198E0
2.717000245E2,-5.670000315E-1,6.064950466E0,-8.380500674E-1
2.717024681E2,3.000000119E-2,6.463950157E0,2.959950209E0
2.717049118E2,1.645950079E0,1.075049996E0,-1.317000031E0
2.717073552E2,3.088050127E0,3.895050287E0,1.920000017E-1
2.717097988E2,7.278000355E0,2.377050161E0,-2.320950031E0
2.717122425E2,3.721950293E0,2.775000095E0,-7.590000153E0
2.717146860E2,2.419950008E0,6.313950062E0,-3.087000132E0
2.717171296E2,4.012050152E0,3.430950165E0,-3.046050072E0
2.717195733E2,3.129000187E0,7.068000317E0,-2.659500241E-1
2.717220170E2,8.307000160E0,7.234950542E0,-2.280000210E0
2.717244605E2,2.745000124E0,6.124050140E0,-7.099950314E0
2.717269041E2,-8.400000334E-1,8.956950188E0,4.390500188E-1
2.717293478E2,3.634050131E0,6.184050083E0,-1.996950150E0
2.717317912E2,3.502050161E0,4.711950302E0,-2.758950233E0
2.717342348E2,4.627050400E0,6.462000370E0,3.739500046E-1
2.717366785E2,5.334000111E0,7.156050205E0,-2.770950079E0
2.717391220E2,2.190000057E0,7.789050579E0,-1.401000023E0
2.717415657E2,2.467950106E0,1.111395073E1,5.850000381E-1
2.717440093E2,2.355000019E0,9.036000252E0,-1.291050076E0
2.717464530E2,3.102000237E0,1.050105095E1,9.195000678E-2
2.717488965E2,5.104050159E0,1.348200035E1,-6.229950428E0
2.717513401E2,3.040050030E0,1.147800064E1,-5.395050049E0
2.717537838E2,1.840050101E0,1.196895027E1,-2.701050043E0
2.717562272E2,3.349050045E0,1.132695007E1,-3.442950249E0
2.717586709E2,2.446050167E0,1.053495026E1,-1.642950058E0
2.717611145E2,4.690050125E0,1.161900043E1,-2.351999998E0
2.717635580E2,5.077050209E0,1.146405029E1,-5.497950077E0
2.717660017E2,4.192049980E0,1.139895058E1,-4.143000126E0
2.717684453E2,5.044050217E0,1.156200027E1,-5.305950165E0
2.717708888E2,3.013950109E0,8.818050385E0,-4.597949982E0
2.717733324E2,6.433050156E0,1.260795021E1,-3.991950274E0
2.717757761E2,7.594050407E0,1.174905014E1,-7.914000511E0
2.717782195E2,2.767050028E0,1.082895088E1,-4.794000149E0
2.717806632E2,2.386050224E0,1.006305027E1,-1.080000043E0
2.717831068E2,2.584950209E0,8.655000687E0,-1.237950087E0
2.717855505E2,2.961000204E0,6.352050304E0,-2.365950108E0
2.717879940E2,7.450050354E0,7.996950150E0,-3.196950197E0
2.717904377E2,5.164050102E0,6.819000244E0,-5.275050163E0
2.717928813E2,3.082950115E0,9.205950737E0,-8.980500698E-1
2.717953248E2,3.294000149E0,7.599000454E0,-6.420000196E-1
2.717977684E2,3.756000280E0,7.480050564E0,-2.218050003E0
2.718002121E2,9.754050255E0,9.523950577E0,-4.546950340E0
2.718026558E2,5.914950371E0,8.641050339E0,-9.025050163E0
2.718050992E2,6.150000095E-1,9.964950562E0,-3.265950203E0
2.718075429E2,2.812050104E0,9.100950241E0,-1.681050062E0
2.718099865E2,3.166950226E0,5.185950279E0,-4.540050030E0
2.718124302E2,5.155950069E0,7.117950439E0,-4.317000389E0
2.718148737E2,7.474050522E0,5.761050224E0,-6.393000126E0
2.718173173E2,1.495950103E0,7.693050385E0,-4.525950432E0
2.718197610E2,1.327950120E0,7.942050457E0,1.236000061E0
2.718222045E2,1.692000031E0,5.121000290E0,-1.219050050E0
2.718246481E2,5.415000439E0,5.977950096E0,-1.650000095E0
2.718270918E2,7.965000153E0,8.179050446E0,-5.517000198E0
2.718295352E2,2.956050158E0,6.666000366E0,-7.561950207E0
2.718319789E2,-1.551000118E0,8.538000107E0,-1.843950033E0
2.718344226E2,6.960000396E-1,4.420050144E0,-4.240500331E-1
2.718368660E2,1.978950143E0,3.654000282E0,-3.265950203E0
2.718393097E2,5.535000324E0,4.135050297E0,-2.140500098E-1
2.718417533E2,7.189050198E0,3.244050264E0,-4.279050350E0
2.718441968E2,1.924050093E0,6.775950432E0,-2.272950172E0
2.718466405E2,-3.450000286E-1,7.405050278E0,3.616050243E0
2.718490841E2,3.000000119E-2,5.755950451E0,1.011000037E0
2.718515278E2,1.777950048E0,8.325000763E0,-1.341000080E0
2.718539713E2,7.273050308E0,9.346950531E0,-3.300000191E0
2.718564149E2,2.046000004E0,8.071050644E0,-5.260950089E0
2.718588586E2,8.470500112E-1,9.649050713E0,1.219950080E0
2.718613020E2,2.046000004E0,9.736950874E0,-1.305000067E0
2.718637457E2,2.547000170E0,8.233950615E0,-6.570000052E-1
2.718661893E2,5.523000240E0,8.788949966E0,-1.459050059E0
2.718686328E2,5.908050060E0,7.357950211E0,-6.807000160E0
2.718710765E2,5.839050293E0,8.348999977E0,-6.487050533E0
2.718735201E2,4.210950375E0,1.064700031E1,-6.108000278E0
2.718759638E2,2.188050032E0,8.389050484E0,-4.801050186E0
2.718784073E2,6.697950363E0,1.083600044E1,-3.031950235E0
2.718808509E2,7.680000305E0,1.013700008E1,-7.921050549E0
2.718832946E2,2.134950161E0,9.754050255E0,-4.621050358E0
2.718857380E2,2.212050200E0,1.085295010E1,-7.140000463E-1
2.718881817E2,2.299950123E0,8.566950798E0,-1.951950073E0
2.718906253E2,2.845950127E0,6.967050552E0,-1.003950000E0
2.718930688E2,8.326950073E0,8.586000443E0,-2.656050205E0
2.718955125E2,5.563950062E0,6.730050087E0,-6.412050247E0
2.718979561E2,3.226950169E0,1.045305061E1,-1.092000008E0
2.719003998E2,4.386000156E0,9.610950470E0,1.369500011E-1
2.719028433E2,3.124050140E0,9.627000809E0,3.409500122E-1
2.719052870E2,9.250950813E0,1.244805050E1,-4.978050232E0
2.719077306E2,7.242000580E0,1.057095051E1,-1.040400028E1
2.719101740E2,1.584000111E0,1.274205017E1,-7.923000336E0
2.719126177E2,2.227950096E0,1.159305096E1,-4.066050053E0
2.719150613E2,2.242950201E0,9.220050812E0,-3.142050266E0
2.719175050E2,2.796000242E0,1.017795086E1,-1.143000007E0
2.719199485E2,8.413050652E0,9.666000366E0,-5.266050339E0
2.719223921E2,3.876000166E0,1.001805019E1,-6.004950523E0
2.719248358E2,2.056050062E0,1.167195034E1,-2.407050133E0
2.719272793E2,2.020050049E0,8.248050690E0,-2.886000156E0
2.719297229E2,2.559000015E0,8.011050224E0,-2.059950113E0
2.719321666E2,8.455950737E0,1.063800049E1,-5.007000446E0
2.719346101E2,4.065000057E0,7.417050362E0,-7.672050476E0
2.719370537E2,1.120050073E0,7.743000507E0,-8.430000544E-1
2.719394974E2,1.500000119E0,8.026050568E0,1.888050079E0
2.719419408E2,1.747050047E0,3.081000090E0,7.690500617E-1
2.719443845E2,5.908050060E0,6.132000446E0,-6.795000285E-2
2.719468281E2,6.435000420E0,4.765050411E0,-4.818000317E0
2.719492718E2,2.178000212E0,6.088950157E0,-4.849050045E0
2.719517153E2,1.231950045E0,8.314949989E0,-2.689500153E-1
2.719541590E2,3.679500222E-1,5.547000408E0,-3.330000043E-1
2.719566026E2,3.250950098E0,8.593050003E0,-6.850500107E-1
2.719590460E2,7.564950466E0,7.651950359E0,-6.934050560E0
2.719614897E2,1.600950122E0,6.555000305E0,-8.289000511E0
2.719639334E2,-3.210000098E-1,8.100000381E0,-2.395050049E0
2.719663770E2,1.165050030E0,6.168000221E0,-1.894050121E0
2.719688205E2,1.323000073E0,4.687950134E0,-2.620050192E0
2.719712642E2,5.455950260E0,4.328999996E0,-2.665050030E0
2.719737078E2,7.078950405E0,2.839950085E0,-6.192000389E0
2.719761513E2,2.803050041E0,5.611950397E0,-2.614950180E0
2.719785950E2,2.239950180E0,4.987050056E0,2.830500007E-1
2.719810386E2,1.812000036E0,4.281000137E0,-6.919500232E-1
2.719834821E2,7.735050201E0,7.966050148E0,-8.890500665E-1
2.719859258E2,8.146950722E0,5.467950344E0,-6.484050274E0
2.719883694E2,2.430000156E-1,7.662000179E0,-5.421000481E0
2.719908128E2,-1.720500141E-1,9.010050774E0,-3.640500307E-1
2.719932565E2,3.138000250E0,5.437050343E0,-2.731950045E0
2.719957002E2,2.002950191E0,7.438950539E0,3.000000026E-3
2.719981438E2,7.693950176E0,4.875000000E0,-1.384050012E0
2.720005873E2,5.832000256E0,5.392050266E0,-6.493950367E0
2.720030309E2,2.635050058E0,8.626950264E0,-2.269950151E0
2.720054746E2,1.572000027E0,9.247050285E0,-1.477950096E0
2.720079183E2,1.405050039E0,8.662050247E0,-1.380000114E0
2.720103617E2,7.977000237E0,1.134405041E1,-4.735949993E0
2.720128054E2,8.038949966E0,1.120305061E1,-8.821050644E0
2.720152490E2,2.860050201E0,1.109700012E1,-5.694000244E0
2.720176925E2,3.078000069E0,1.254405022E1,-3.024000168E0
2.720201361E2,1.713000059E0,1.031700039E1,-2.622000217E0
2.720225798E2,1.041000009E0,1.089195061E1,2.155950069E0
2.720250233E2,5.173050404E0,9.687000275E0,-2.026050091E0
2.720274670E2,4.900050163E0,9.928950310E0,-6.529950142E0
2.720299106E2,3.751050234E0,1.122705078E1,-4.417950153E0
2.720323542E2,4.006950378E0,9.120000839E0,-7.012950420E0
2.720347977E2,2.680950165E0,1.093200016E1,-3.597000122E0
2.720372413E2,7.261050224E0,1.263900089E1,-5.289000034E0
2.720396850E2,4.603050232E0,1.010595036E1,-6.975000381E0
2.720421285E2,1.978950143E0,1.012305069E1,-1.939950109E0
2.720445721E2,2.712000132E0,1.048395061E1,-8.980500698E-1
2.720470158E2,2.143949986E0,6.868950367E0,-2.170050144E0
2.720494593E2,5.587050438E0,8.454000473E0,-1.360050082E0
2.720519029E2,7.186950207E0,6.478950500E0,-5.785050392E0
2.720543466E2,2.781000137E0,7.767000198E0,-4.080000401E0
2.720567900E2,3.126000166E0,9.199050903E0,1.399500072E-1
2.720592337E2,1.903050065E0,7.282950401E0,-4.699500203E-1
2.720616773E2,4.480950356E0,9.156000137E0,1.920000017E-1
2.720641208E2,8.310000420E0,9.280050278E0,-6.538950443E0
2.720665645E2,2.049000025E0,7.330950260E0,-7.765050411E0
2.720690082E2,3.490500152E-1,9.535950661E0,-2.497950077E0
2.720714518E2,2.515950203E0,6.682050228E0,-2.151000023E0
2.720738953E2,1.267950058E0,6.790050507E0,-2.373000145E0
2.720763390E2,5.872050285E0,7.386000156E0,-9.750000238E-1
2.720787826E2,6.379950523E0,5.856000423E0,-4.858050346E0
2.720812260E2,2.568000078E0,7.240050316E0,-2.455050230E0
2.720836697E2,1.218000054E0,7.984950542E0,-5.989500284E-1
2.720861134E2,1.041000009E0,5.401050091E0,-1.914000034E0
2.720885570E2,5.773950100E0,7.470000267E0,-2.622000217E0
2.720910005E2,6.804000378E0,5.634000301E0,-9.015000343E0
2.720934442E2,1.347000122E0,6.201000214E0,-6.877050400E0
2.720958878E2,1.171950102E0,6.028950214E0,-1.642950058E0
2.720983313E2,1.942950130E0,3.697050095E0,-2.128950119E0
2.721007750E2,1.512000084E0,4.389000416E0,-5.250000358E-1
2.721032186E2,5.494050026E0,5.284050465E0,-1.660500020E-1
2.721056621E2,4.881000042E0,2.695950031E0,-3.156000137E0
2.721081057E2,9.160500169E-1,7.231050491E0,-9.940500259E-1
2.721105494E2,1.474050045E0,4.468050003E0,-2.260950089E0
2.721129930E2,1.419000030E0,5.266950130E0,-3.159000158E0
2.721154365E2,8.487000465E0,6.235050201E0,-1.039950013E0
2.721178801E2,6.303000450E0,3.634050131E0,-7.957050323E0
2.721203238E2,1.639500111E-1,6.943050385E0,-2.586000204E0
2.721227673E2,3.427950144E0,5.719950199E0,-3.550500274E-1
2.721252109E2,3.424950123E0,4.867050171E0,-3.388050079E0
2.721276546E2,2.728950024E0,6.285000324E0,1.042050004E0
2.721300983E2,7.668000221E0,4.765050411E0,-2.220000029E0
2.721325417E2,4.756950378E0,6.541050434E0,-4.605000019E0
2.721349853E2,2.319000006E0,8.454000473E0,-1.068000078E0
2.721374290E2,4.590000212E-1,8.100000381E0,-3.139500022E-1
2.721398725E2,9.949500561E-1,8.871000290E0,-5.059500337E-1
2.721423161E2,8.428950310E0,1.145400047E1,-5.839950085E0
2.721447598E2,5.767050266E0,9.321000099E0,-8.200950623E0
2.721472033E2,8.970000148E-1,1.116705036E1,-3.400050163E0
2.721496469E2,1.684950113E0,1.063095093E1,-3.774000168E0
2.721520906E2,1.548000097E0,1.047495079E1,-1.200000048E0
2.721545343E2,3.291000128E0,1.070700073E1,1.927950144E0
2.721569777E2,4.519950390E0,1.086495018E1,-3.259050131E0
2.721594214E2,6.366000175E0,1.077195072E1,-5.215050220E0
2.721618650E2,6.124050140E0,1.151205063E1,-6.589950085E0
2.721643085E2,3.724950075E0,1.019700050E1,-7.249950409E0
2.721667522E2,3.799050093E0,1.321605110E1,-3.925050259E0
2.721691958E2,6.928050518E0,1.485900116E1,-4.449000359E0
2.721716393E2,2.920050144E0,1.255995083E1,-4.353000164E0
2.721740830E2,1.432950020E0,1.199295044E1,-1.560000032E-1
2.721765266E2,3.121050119E0,1.043400097E1,-1.674000025E0
2.721789703E2,1.189050078E0,8.977950096E0,-3.051000118E0
2.721814138E2,5.170950413E0,9.751950264E0,-1.999950051E0
2.721838574E2,5.539950371E0,8.952000618E0,-5.778000355E0
2.721863008E2,2.443950176E0,9.979050636E0,-1.891950130E0
2.721887445E2,3.816000223E0,1.035300064E1,3.169500232E-1
2.721911882E2,2.539950132E0,7.990050316E0,-4.030500054E-1
2.721936318E2,5.290950298E0,1.247700024E1,8.410500288E-1
2.721960753E2,6.409050465E0,1.102800083E1,-5.134050369E0
2.721985190E2,1.623000026E0,9.583950043E0,-4.189949989E0
2.722009626E2,1.704000115E0,9.799950600E0,-1.866000056E0
2.722034061E2,2.884050131E0,6.690000534E0,-4.059000015E0
2.722058498E2,2.323950052E0,8.004000664E0,-2.869050026E0
2.722082934E2,5.676000118E0,7.963050365E0,-2.268000126E0
2.722107371E2,4.905000210E0,7.614000320E0,-4.281000137E0
2.722131805E2,2.677950144E0,9.046050072E0,-8.359500170E-1
2.722156242E2,2.704950094E0,7.597050190E0,-2.376000166E0
2.722180678E2,2.197050095E0,6.268050194E0,-3.043950081E0
2.722205113E2,6.331950188E0,8.607000351E0,-4.300950050E0
2.722229550E2,5.745000362E0,7.372050285E0,-8.722949982E0
2.722253986E2,9.829500318E-1,5.445000172E0,-5.578950405E0
2.722278423E2,2.220000178E-1,5.643000126E0,-2.610000074E-1
2.722302858E2,1.177050114E0,2.008949995E0,-2.188950062E0
2.722327294E2,3.190950155E0,4.408050060E0,2.029050112E0
2.722351731E2,7.350000381E0,3.286950111E0,4.459500313E-1
2.722376165E2,5.281050205E0,3.481050253E0,-4.735949993E0
2.722400602E2,1.918950081E0,6.807000160E0,-2.662950039E0
2.722425038E2,3.235950232E0,3.838050127E0,-5.638950348E0
2.722449475E2,1.249050021E0,5.871000290E0,-4.459050179E0
2.722473909E2,7.927050591E0,6.751950264E0,-1.837050080E0
2.722498346E2,5.389050484E0,4.519950390E0,-6.172950268E0
2.722522783E2,-1.341000080E0,8.131050110E0,2.505000122E-2
2.722547218E2,3.643050194E0,5.350950241E0,7.500000596E-1
2.722571654E2,2.962950230E0,4.534950256E0,-2.042999983E0
2.722596091E2,4.074000359E0,5.277000427E0,8.029500246E-1
2.722620525E2,5.986950397E0,5.149950027E0,-2.626950026E0
2.722644962E2,3.514050245E0,7.884000301E0,-3.393000126E0
2.722669399E2,1.471950054E0,9.586950302E0,-2.329500169E-1
2.722693833E2,2.319000006E0,7.846050262E0,-1.605000019E0
2.722718270E2,3.684000254E0,9.943050385E0,-2.376000166E0
2.722742706E2,8.458050728E0,1.144905090E1,-8.164950371E0
2.722767141E2,4.024050236E0,1.067400074E1,-9.094050407E0
2.722791578E2,7.219500542E-1,1.143000031E1,-2.078999996E0
2.722816014E2,1.957950115E0,1.066905022E1,-2.737050056E0
2.722840451E2,2.233050108E0,8.478000641E0,-1.249500066E-1
2.722864886E2,3.313050270E0,1.032600021E1,1.179000020E0
2.722889322E2,6.358050346E0,1.026705074E1,-4.168950081E0
2.722913759E2,5.470050335E0,9.241950035E0,-4.969050407E0
2.722938193E2,5.002950191E0,1.119105053E1,-5.662950039E0
2.722962630E2,2.725950241E0,9.730050087E0,-5.301000118E0
2.722987066E2,4.891050339E0,1.303695107E1,-2.514000177E0
2.723011501E2,7.393050194E0,1.410495090E1,-4.416000366E0
2.723035938E2,2.784000158E0,1.114500046E1,-2.746950150E0
2.723060375E2,2.482050180E0,1.239495087E1,-7.429500222E-1
2.723084808E2,3.859050274E0,9.262950897E0,-4.947000027E0
2.723109245E2,2.796000242E0,9.412050247E0,-4.621050358E0
2.723133682E2,7.342050552E0,9.771000862E0,-4.152000427E0
2.723158118E2,5.179950237E0,8.791950226E0,-4.629000187E0
2.723182553E2,2.266950130E0,1.136805058E1,2.329500169E-1
2.723206990E2,3.898950100E0,1.017105007E1,-5.629500151E-1
2.723231426E2,2.628000021E0,9.994050026E0,-1.447050095E0
2.723255861E2,6.658050537E0,1.301295090E1,-2.095050097E0
2.723280298E2,5.476950169E0,1.056600094E1,-7.252950191E0
2.723304734E2,4.090500176E-1,1.116195011E1,-3.819000244E0
2.723329171E2,1.888050079E0,1.017300034E1,-6.679500341E-1
2.723353606E2,2.745000124E0,7.438950539E0,-4.102050304E0
2.723378042E2,3.883050203E0,9.007050514E0,-3.570000231E-1
2.723402479E2,7.228050232E0,7.188000202E0,-5.140950203E0
2.723426913E2,4.315950394E0,7.948950291E0,-5.779950142E0
2.723451350E2,2.941950083E0,8.775000572E0,-2.995950222E0
2.723475786E2,2.989950180E0,5.956950188E0,-5.209950447E0
2.723500223E2,3.129000187E0,5.646000385E0,-4.894050121E0
2.723524658E2,7.285050392E0,7.510950565E0,-7.155000210E0
2.723549094E2,4.222949982E0,5.455950260E0,-8.409000397E0
2.723573531E2,2.220000178E-1,4.719000340E0,-2.329500169E-1
2.723597965E2,2.461050034E0,5.380050182E0,1.702950120E0
2.723622401E2,2.932050228E0,1.638000131E0,-9.610500336E-1
2.723646838E2,4.507950306E0,5.803950310E0,3.286050081E0
2.723671275E2,6.739050388E0,3.400050163E0,-1.393950105E0
2.723695709E2,1.903050065E0,5.518950462E0,-3.889050245E0
2.723720146E2,2.032050133E0,6.952950478E0,-1.810950041E0
2.723744581E2,2.559000015E0,5.017950058E0,-3.060000181E0
2.723769018E2,4.431000233E0,8.068950653E0,6.829500198E-1
2.723793454E2,9.045000076E0,8.866050720E0,-4.258049965E0
2.723817891E2,3.342000246E0,7.698000431E0,-4.444050312E0
2.723842326E2,1.396950126E0,1.078605080E1,-6.495000422E-2
2.723866762E2,3.780000210E0,8.385000229E0,-5.191050053E0
2.723891199E2,2.350050211E0,8.473050117E0,-4.357950211E0
2.723915633E2,6.283950329E0,8.449049950E0,-5.503050327E0
2.723940070E2,5.580000401E0,7.069950104E0,-6.817050457E0
2.723964506E2,2.604000092E0,1.000095081E1,-4.936950207E0
2.723988941E2,2.764950037E0,9.511950493E0,-1.765050054E0
2.724013378E2,2.422049999E0,7.626000404E0,-2.377950191E0
2.724037814E2,7.282950401E0,9.972000122E0,-1.890000105E0
2.724062251E2,8.428950310E0,1.066200066E1,-9.228000641E0
2.724086685E2,1.702050090E0,1.054905033E1,-3.373950243E0
2.724111122E2,1.524000049E0,1.126995087E1,9.195000678E-2
2.724135558E2,2.038950205E0,8.421000481E0,-8.359500170E-1
2.724159993E2,3.460950136E0,8.097000122E0,2.760000229E-1
2.724184430E2,8.632950783E0,8.727000237E0,-2.653050184E0
2.724208866E2,6.487950325E0,8.467950821E0,-5.967000484E0
2.724233301E2,3.394050121E0,1.080795097E1,-3.822000265E0
2.724257738E2,3.892050266E0,9.879000664E0,-5.251050472E0
2.724282175E2,3.574050188E0,1.088400078E1,-2.445000172E0
2.724306608E2,7.744950294E0,1.273005104E1,-5.943000317E0
2.724331045E2,4.600950241E0,1.171800041E1,-5.809050083E0
2.724355481E2,-1.695000008E-2,1.250295067E1,-9.919500351E-1
2.724379918E2,2.443950176E0,1.014900017E1,-9.169500470E-1
2.724404353E2,3.097050190E0,8.080950737E0,-4.557000160E0
2.724428790E2,4.486050129E0,8.655000687E0,-2.701050043E0
2.724453226E2,7.393050194E0,8.797050476E0,-5.553000450E0
2.724477663E2,3.712950230E0,9.280050278E0,-3.826950073E0
2.724502097E2,2.440950155E0,1.086495018E1,6.499500275E-1
2.724526533E2,2.887050152E0,7.345950127E0,-1.054050088E0
2.724550970E2,4.390050411E0,9.505050659E0,-1.732050061E0
2.724575405E2,7.780950546E0,9.852000237E0,-6.352950096E0
2.724599841E2,3.160050154E0,8.599950790E0,-8.955000877E0
2.724624278E2,1.182000041E0,8.935050011E0,-2.203050137E0
2.724648713E2,2.578050137E0,7.333950520E0,-1.255050063E0
2.724673150E2,2.446050167E0,5.605050087E0,-5.779500008E-1
2.724697586E2,6.828000546E0,7.353000164E0,-5.130000114E-1
2.724722023E2,6.487950325E0,6.136050224E0,-4.593000412E0
2.724746456E2,1.510050058E0,7.686000347E0,-4.471050262E0
2.724770893E2,1.855050087E0,7.891050339E0,-2.554950237E0
2.724795330E2,1.897950053E0,4.068000317E0,-4.518000126E0
2.724819765E2,6.387000084E0,7.234950542E0,-2.910000086E0
2.724844201E2,7.030950546E0,6.277950287E0,-8.445000648E0
2.724868638E2,8.869500160E-1,6.454950333E0,-4.453950405E0
2.724893073E2,6.820500493E-1,7.786050320E0,1.390050054E0
2.724917509E2,2.677950144E0,3.586950064E0,-1.138050079E0
2.724941946E2,3.387000084E0,4.762050152E0,-5.509500504E-1
2.724966380E2,6.555000305E0,5.233950138E0,-7.669500113E-1
2.724990817E2,4.323000431E0,4.783950329E0,-6.562950134E0
2.725015253E2,2.100000158E-2,7.771950245E0,-2.971950054E0
2.725039690E2,2.572950125E0,4.468050003E0,-2.328000069E0
2.725064125E2,2.781000137E0,6.385050297E0,-5.580000281E-1
2.725088562E2,9.010950089E0,6.526950359E0,-1.861050129E0
2.725112998E2,6.619050503E0,7.128000259E0,-7.701000214E0
2.725137432E2,1.549500078E-1,1.008495045E1,3.409500122E-1
2.725161869E2,1.141050100E0,1.023495007E1,7.720500231E-1
2.725186306E2,1.849950075E0,7.887000561E0,-2.092950106E0
2.725210740E2,2.832000017E0,1.039800072E1,-2.373000145E0
2.725235177E2,7.510050297E0,9.478950500E0,-5.245950222E0
2.725259613E2,4.869000435E0,9.675000191E0,-5.971950054E0
2.725284050E2,4.939050198E0,1.184400082E1,-2.871000051E0
2.725308485E2,4.153050423E0,1.147095013E1,-3.994050264E0
2.725332922E2,4.816050053E0,1.171995068E1,-1.930050135E0
2.725357358E2,9.045000076E0,1.434600067E1,-8.124000549E0
2.725381792E2,4.102950096E0,1.278495026E1,-7.186050415E0
2.725406229E2,1.194000006E0,1.430805111E1,-1.863000035E0
2.725430665E2,3.057000160E0,1.196400070E1,-3.369000196E0
2.725455100E2,2.202000141E0,9.936000824E0,-3.754950285E0
2.725479537E2,6.424950123E0,1.069005013E1,-4.461000443E0
2.725503973E2,8.122950554E0,9.679950714E0,-8.779950142E0
2.725528410E2,3.174000263E0,9.649050713E0,-5.626950264E0
2.725552845E2,2.817000151E0,7.987050533E0,-2.718000174E0
2.725577281E2,2.511000156E0,5.289000034E0,-4.897050381E0
2.725601718E2,5.383950233E0,5.992950439E0,-6.501000404E0
2.725626152E2,6.283950329E0,6.414000511E0,-7.963950157E0
2.725650589E2,3.540000021E-1,3.739950180E0,-3.582000256E0
2.725675025E2,8.250000477E-1,6.352050304E0,4.645950317E0
2.725699462E2,2.061000109E0,2.569050074E0,3.645000219E0
2.725723897E2,3.496950150E0,9.619500637E-1,3.619500101E-1
2.725748333E2,7.453050137E0,3.424050093E0,1.098000050E0
2.725772770E2,6.828000546E0,7.450500131E-1,-1.911000133E0
2.725797205E2,2.592000008E0,4.273950100E0,-3.946050167E0
2.725821641E2,2.254950047E0,6.352050304E0,-1.389000058E0
2.725846078E2,4.330500066E-1,4.942050457E0,-1.593000054E0
2.725870512E2,4.414050102E0,8.095050812E0,2.176950216E0
2.725894948E2,4.077000141E0,7.437000275E0,-2.598000050E0
2.725919385E2,3.990000188E-1,6.553050518E0,-1.645050049E0
2.725943822E2,3.748950243E0,1.012800026E1,-7.860000134E-1
2.725968256E2,2.619000196E0,9.397050858E0,-3.805050135E0
2.725992693E2,4.927050114E0,8.794050217E0,-3.313950062E0
2.726017130E2,5.665950298E0,8.512050629E0,-8.359050751E0
2.726041565E2,3.166950226E0,8.554950714E0,-5.863950253E0
2.726066001E2,1.882950068E0,1.105905056E1,-4.621050358E0
2.726090438E2,2.938950062E0,1.010400009E1,-3.199050188E0
2.726114872E2,3.214950085E0,9.028950691E0,-3.309000254E0
2.726139309E2,7.744950294E0,1.090095043E1,-5.833050251E0
2.726163745E2,4.338000298E0,8.820000648E0,-8.637000084E0
2.726188180E2,1.672950029E0,7.695000172E0,-2.811000109E0
2.726212617E2,3.022950172E0,1.059705067E1,7.500000596E-1
2.726237053E2,1.644000053E0,7.183050156E0,-1.059000015E0
2.726261490E2,3.592950106E0,7.333950520E0,1.858950138E0
2.726285925E2,5.104050159E0,8.329950333E0,-9.649500251E-1
2.726310362E2,2.215950012E0,7.864950180E0,-5.779500008E-1
2.726334798E2,3.097050190E0,9.673050880E0,1.834950089E0
2.726359232E2,2.029950142E0,8.800950050E0,-6.400500536E-1
2.726383669E2,3.622050285E0,1.014900017E1,-7.450500131E-1
2.726408105E2,8.185050011E0,1.145700073E1,-8.412000656E0
2.726432540E2,3.787050247E0,9.658050537E0,-8.055000305E0
2.726456977E2,1.387950063E0,1.062105083E1,-3.217950106E0
2.726481413E2,2.653950214E0,9.843000412E0,-4.228950024E0
2.726505850E2,2.827050209E0,8.466000557E0,-2.710950136E0
2.726530285E2,5.271000385E0,8.855999947E0,-3.858000278E0
2.726554722E2,6.247950077E0,8.988000870E0,-7.210050106E0
2.726579156E2,2.467950106E0,8.896950722E0,-2.953050137E0
2.726603592E2,2.656950235E0,9.571950912E0,-1.735950112E0
2.726628029E2,2.656950235E0,6.196050167E0,-2.071950197E0
2.726652466E2,7.378050327E0,8.272050858E0,-4.054049969E0
2.726676900E2,9.402000427E0,7.597050190E0,-1.036800003E1
2.726701337E2,3.480000257E0,7.920000553E0,-8.248950005E0
2.726725773E2,3.133050203E0,8.631000519E0,-3.325950146E0
2.726750210E2,3.859050274E0,6.175050259E0,-4.027950287E0
2.726774645E2,4.230000019E0,5.799000263E0,-2.554950237E0
2.726799081E2,8.034000397E0,7.759950161E0,-2.542950153E0
2.726823518E2,5.188050270E0,5.896950245E0,-4.875000000E0
2.726847952E2,1.359000087E0,8.554950714E0,-1.581000090E0
2.726872388E2,1.728000045E0,6.277950287E0,-9.889500737E-1
2.726896825E2,3.907050133E0,5.281950474E0,-2.115000010E0
2.726921262E2,1.019895077E1,7.530000210E0,-2.811000109E0
2.726945697E2,5.902950287E0,7.357950211E0,-7.557000160E0
2.726970133E2,-1.906050086E0,1.083600044E1,1.428000093E0
2.726994570E2,-1.189950109E0,9.472050667E0,4.573950291E0
2.727019005E2,3.660000265E-1,8.072999954E0,-4.390500188E-1
2.727043441E2,7.080000043E-1,1.000605011E1,-2.656050205E0
2.727067878E2,5.524950027E0,9.445050240E0,9.250500202E-1
2.727092312E2,2.178000212E0,7.686000347E0,-4.605000019E0
2.727116749E2,1.998000145E0,8.467950821E0,-1.324950099E0
2.727141185E2,2.737950087E0,8.179050446E0,-1.875000119E0
2.727165622E2,1.807050109E0,8.464050293E0,-2.548050165E0
2.727190057E2,7.129050255E0,8.812950134E0,-3.454950094E0
2.727214493E2,2.677950144E0,7.723950386E0,-6.951000214E0
2.727238930E2,1.909500062E-1,6.828000546E0,-3.000000026E-3
2.727263365E2,1.963050127E0,7.606950283E0,-2.047950029E0
2.727287801E2,1.974000096E0,3.970050097E0,-1.960950136E0
2.727312238E2,3.888000250E0,2.823000193E0,-4.044000149E0
2.727336672E2,5.599050045E0,3.847950220E0,-5.239050388E0
2.727361109E2,1.881000042E0,2.563950062E0,-2.209950209E0
2.727385545E2,2.155950069E0,4.987050056E0,9.040500522E-1
2.727409980E2,2.254950047E0,4.765050411E0,-5.869500041E-1
2.727434417E2,6.775050163E0,4.887000084E0,-1.285950065E0
2.727458853E2,7.764000416E0,6.424050331E0,-5.767950058E0
2.727483288E2,2.398050070E0,3.843000174E0,-5.749050140E0
2.727507725E2,-6.079500318E-1,8.200050354E0,-2.284950018E0
2.727532161E2,2.925000191E0,5.109000206E0,-1.714950085E0
2.727556598E2,1.678050041E0,6.052950382E0,-4.558950424E0
2.727581032E2,5.997000217E0,5.245950222E0,-2.533950090E0
2.727605469E2,8.407950401E0,3.876000166E0,-6.285000324E0
2.727629906E2,2.331000090E0,7.611000538E0,-5.734950066E0
2.727654340E2,4.147950172E0,8.542950630E0,-2.457000017E0
2.727678777E2,3.117000103E0,7.285950184E0,-4.947000027E0
2.727703213E2,7.351950169E0,9.163050652E0,-2.412000179E0
2.727727650E2,8.305050850E0,7.702050209E0,-9.766950607E0
2.727752085E2,-3.850500286E-1,1.002000046E1,-7.819950581E0
2.727776522E2,1.765950084E0,9.967050552E0,4.870500267E-1
2.727800956E2,2.121000051E0,8.362950325E0,1.879500151E-1
2.727825392E2,3.100050211E0,8.032950401E0,2.320950031E0
2.727849829E2,9.616950035E0,8.727000237E0,-2.632050037E0
2.727874266E2,8.677950859E0,7.900950432E0,-8.779950142E0
2.727898700E2,3.105000257E0,1.013295078E1,-7.039950371E0
2.727923137E2,9.930000305E-1,1.111395073E1,-3.178050041E0
2.727947573E2,1.120050073E0,9.273000717E0,-5.560500026E-1
2.727972010E2,7.519950390E0,1.218195057E1,-2.847000122E0
2.727996445E2,6.684000492E0,1.111905098E1,-7.666950226E0
2.728020881E2,1.488000035E0,1.051305008E1,2.760000229E-1
2.728045318E2,1.894950032E0,1.040505028E1,-2.778000116E0
2.728069752E2,2.266950130E0,1.039095020E1,-1.339050055E0
2.728094188E2,1.608000040E0,1.051800060E1,1.305000018E-2
2.728118625E2,4.480950356E0,9.280050278E0,-3.007950068E0
2.728143060E2,2.547000170E0,9.390000343E0,-4.363049984E0
2.728167497E2,1.147950053E0,1.135395050E1,1.918950081E0
2.728191933E2,2.182950020E0,8.887950897E0,5.520000458E-1
2.728216370E2,8.800500631E-1,9.163050652E0,-2.269950151E0
2.728240805E2,7.896000385E0,1.053495026E1,-2.388000011E0
2.728265241E2,4.279950142E0,8.822999954E0,-8.443050385E0
2.728289678E2,1.476000071E0,7.999050617E0,-3.112950087E0
2.728314112E2,2.298000097E0,9.321000099E0,-2.185950041E0
2.728338549E2,2.218950033E0,7.267050266E0,-2.224950075E0
2.728362985E2,5.094000340E0,7.771950245E0,-8.310000300E-1
2.728387422E2,6.295950413E0,8.080950737E0,-1.104000092E0
2.728411856E2,2.707050085E0,8.064000130E0,2.550000250E-1
2.728436293E2,2.188050032E0,1.004895020E1,1.738950133E0
2.728460730E2,1.453050017E0,8.121000290E0,-1.758000135E0
2.728485165E2,5.215950012E0,8.466000557E0,-2.773050070E0
2.728509601E2,8.470050812E0,9.457050323E0,-9.478950500E0
2.728534038E2,2.887050152E0,7.743000507E0,-9.004950523E0
2.728558472E2,1.612950087E0,8.812950134E0,-3.918000221E0
2.728582909E2,3.277050257E0,8.433000565E0,-2.473950148E0
2.728607345E2,2.599050045E0,7.020000458E0,-2.905050039E0
2.728631780E2,7.251000404E0,7.101000309E0,-3.031950235E0
2.728656217E2,5.422050476E0,5.562000275E0,-6.850950241E0
2.728680653E2,1.314000010E0,6.622950077E0,-3.549000263E0
2.728705088E2,8.059500456E-1,7.257000446E0,1.639500111E-1
2.728729525E2,1.174950004E0,4.123050213E0,-4.909500182E-1
2.728753961E2,5.938950062E0,7.426950455E0,7.720500231E-1
2.728778398E2,7.635000229E0,3.577050209E0,-4.648050308E0
2.728802832E2,-1.410000026E-1,6.807000160E0,-3.501000166E0
2.728827269E2,6.720000505E-1,7.887000561E0,-3.880500197E-1
2.728851706E2,3.499950171E0,4.276050091E0,-3.505950212E0
2.728876140E2,2.650050163E0,6.876000404E0,2.430000156E-1
2.728900577E2,6.303000450E0,5.389050484E0,-7.140000463E-1
2.728925013E2,4.459950447E0,4.935000420E0,-4.542000294E0
2.728949450E2,9.589500427E-1,7.578000546E0,2.710500062E-1
2.728973885E2,1.159950018E0,6.294000149E0,1.306050062E0
2.728998322E2,2.992050171E0,5.446950436E0,-8.790000677E-1
2.729022758E2,1.000305080E1,8.635950089E0,-6.895950317E0
2.729047193E2,6.811050415E0,6.795000553E0,-9.763950348E0
2.729071629E2,9.829500318E-1,9.145950317E0,-5.802000046E0
2.729096066E2,1.297050118E0,9.769050598E0,-3.637050152E0
2.729120500E2,3.180000186E-1,7.923000336E0,-3.036000252E0
2.729144937E2,2.178000212E0,7.638000488E0,-1.629000068E0
2.729169373E2,7.423950195E0,6.886050224E0,-4.569000244E0
2.729193808E2,4.921950340E0,6.936000347E0,-5.332950115E0
2.729218245E2,2.317050219E0,1.003005028E1,-1.321950078E0
2.729242681E2,1.804050088E0,7.402950287E0,-1.540500075E-1
2.729267118E2,4.885950089E0,9.072000504E0,-1.870500147E-1
2.729291553E2,1.051305008E1,1.081695080E1,-4.063950062E0
2.729315989E2,3.460950136E0,8.072999954E0,-7.993050575E0
2.729340426E2,1.950000064E-3,1.067595005E1,-2.301000118E0
2.729364860E2,1.708950043E0,9.232050896E0,-2.646000147E0
2.729389297E2,2.152050018E0,7.507950306E0,-2.440050125E0
2.729413733E2,5.911050320E0,9.613050461E0,-3.285000086E0
2.729438170E2,7.153050423E0,8.931000710E0,-4.926000118E0
2.729462605E2,3.852000237E0,1.022100067E1,-3.451050282E0
2.729487041E2,2.890950203E0,1.302495098E1,5.100000277E-2
2.729511478E2,2.659050226E0,1.091100025E1,-1.236000061E0
2.729535912E2,1.444950104E0,1.335000038E1,1.570500135E-1
2.729560348E2,6.040050507E0,1.384800053E1,-2.871000051E0
2.729584785E2,2.140050173E0,1.151895046E1,-2.862000227E0
2.729609220E2,2.250000000E0,1.218000031E1,-9.390000701E-1
2.729633656E2,2.572950125E0,1.190400028E1,-3.622950077E0
2.729658093E2,2.295000076E0,1.130805016E1,-6.610500216E-1
2.729682528E2,3.793950081E0,1.110195065E1,-3.604050159E0
2.729706964E2,4.516950130E0,1.083900070E1,-5.092950344E0
2.729731401E2,2.266950130E0,1.192605019E1,-2.361000061E0
2.729755838E2,2.808000088E0,1.083600044E1,-2.172000170E0
2.729780272E2,1.984050035E0,8.404050827E0,-2.404050112E0
2.729804709E2,6.736950397E0,9.108000755E0,-3.630000114E0
2.729829145E2,8.257050514E0,8.245950699E0,-8.977050781E0
2.729853580E2,3.540000200E0,6.385050297E0,-7.732050419E0
2.729878017E2,2.532000065E0,7.638000488E0,-3.096000195E0
2.729902453E2,1.953000069E0,4.930050373E0,-3.565950155E0
2.729926888E2,3.076050043E0,3.019050121E0,-3.238050222E0
2.729951324E2,5.737950325E0,5.119050026E0,-4.170000255E-1
2.729975761E2,3.400950193E0,3.499950171E0,-1.648050070E0
2.730000198E2,1.960050106E0,5.671950340E0,8.200500607E-1
2.730024632E2,2.575050116E0,3.565050125E0,7.995000482E-2
2.730049069E2,3.600000143E0,3.163050175E0,-2.455050230E0
2.730073505E2,8.773950577E0,6.381000519E0,-3.574950218E0
2.730097940E2,5.704950333E0,3.373050213E0,-7.654950142E0
2.730122377E2,-7.440000176E-1,6.718050480E0,-7.120950222E0
2.730146813E2,4.326000214E0,4.915050030E0,-4.834950447E0
2.730171248E2,4.330049992E0,2.740950108E0,-6.898050308E0
2.730195685E2,5.547000408E0,4.579950333E0,-1.128000021E0
2.730220121E2,8.257050514E0,2.206950188E0,-9.970500469E-1
2.730244558E2,2.986950159E0,3.466950178E0,-3.589950085E0
2.730268992E2,4.282950401E0,5.658000469E0,1.212000012E0
2.730293428E2,4.078950405E0,3.994050264E0,-1.978050113E0
2.730317865E2,6.142950058E0,6.151050091E0,-2.967000246E0
2.730342300E2,1.047195053E1,7.081950188E0,-6.003000259E0
2.730366737E2,1.831050038E0,7.954050541E0,-9.031949997E0
2.730391173E2,-1.764000058E0,1.173000050E1,3.840000033E-1
2.730415608E2,1.500000060E-1,8.988000870E0,-1.210050106E0
2.730440045E2,8.295000345E-2,9.268050194E0,5.110500455E-1
2.730464481E2,2.346000195E0,1.003695011E1,1.624050021E0
2.730488918E2,4.174950123E0,9.160050392E0,-1.321950078E0
2.730513352E2,3.030000210E0,8.461050034E0,-2.766000032E0
2.730537789E2,5.764950275E0,1.107300091E1,-3.946050167E0
2.730562226E2,5.230950356E0,1.156695080E1,-3.748050213E0
2.730586660E2,7.918950558E0,1.387005043E1,-5.887950420E0
2.730611097E2,7.420950413E0,1.423905087E1,-7.164000511E0
2.730635533E2,1.761000037E0,1.198605061E1,-2.050050020E0
2.730659970E2,1.287000060E0,1.460295105E1,2.380500138E-1
2.730684404E2,2.944050074E0,1.429905033E1,-4.630500078E-1
2.730708841E2,2.370000124E0,1.234500027E1,-8.070000410E-1
2.730733278E2,4.789950371E0,1.222995090E1,-6.193950176E0
2.730757712E2,4.915050030E0,1.137000084E1,-8.899950027E0
2.730782148E2,2.970000029E0,1.277805042E1,-5.209950447E0
2.730806585E2,3.463950157E0,1.149705029E1,-1.971000075E0
2.730831020E2,2.403000116E0,8.818050385E0,-9.559500217E-1
2.730855456E2,9.301050186E0,1.128405094E1,-3.028950214E0
2.730879893E2,6.306000233E0,1.180605030E1,-7.044000149E0
2.730904328E2,1.636950135E0,7.486950397E0,-2.694000244E0
2.730928764E2,2.499000072E0,8.457000732E0,1.609500051E-1
2.730953201E2,1.873950124E0,7.111050129E0,-1.174050093E0
2.730977637E2,3.748950243E0,4.659000397E0,-2.111999989E0
2.731002072E2,7.000050545E0,5.533050060E0,-4.084949970E0
2.731026508E2,4.582050323E0,4.255050182E0,-5.799000263E0
2.731050945E2,3.262950182E0,7.554000378E0,-1.698000073E0
2.731075380E2,2.086950064E0,6.129000187E0,-2.929500043E-1
2.731099817E2,5.331000328E0,6.820950508E0,7.260000110E-1
2.731124253E2,9.436950684E0,9.196050644E0,-3.465000153E0
2.731148687E2,3.208050251E0,6.828000546E0,-6.654000282E0
2.731173124E2,-1.770000011E-1,1.008495045E1,-3.985050201E0
2.731197561E2,2.155950069E0,7.783950329E0,-5.787000179E0
2.731221997E2,2.853000164E0,5.562000275E0,-5.446950436E0
2.731246432E2,5.913000107E0,7.000950336E0,-3.999000072E0
2.731270869E2,6.696000099E0,5.200050354E0,-3.762000084E0
2.731295305E2,2.046000004E0,9.084000587E0,-8.890500665E-1
2.731319740E2,2.154000044E0,1.012995052E1,2.866950035E0
2.731344177E2,6.619500518E-1,9.081000328E0,-6.919500232E-1
2.731368613E2,4.386000156E0,1.225095081E1,-1.345950007E0
2.731393048E2,7.864050388E0,1.048200035E1,-9.702000618E0
2.731417484E2,1.018950105E0,1.095900059E1,-5.677050114E0
2.731441921E2,-3.880500197E-1,1.192305088E1,1.710000038E-1
2.731466355E2,1.948050141E0,8.907000542E0,1.690500081E-1
2.731490792E2,3.310050249E0,9.838050842E0,-3.070500195E-1
2.731515228E2,6.543000221E0,9.819000244E0,-2.524050236E0
2.731539665E2,6.531000137E0,8.406000137E0,-6.558000088E0
2.731564100E2,6.141000271E0,1.125105095E1,-4.252950191E0
2.731588536E2,5.161050320E0,1.275900078E1,-3.867000103E0
2.731612973E2,2.674050093E0,1.145400047E1,-2.479050159E0
2.731637408E2,5.925000191E0,1.357095051E1,-2.481000185E0
2.731661845E2,7.045950413E0,1.173405075E1,-8.064000130E0
2.731686281E2,1.138950109E0,1.166205025E1,-4.654950142E0
2.731710718E2,1.297050118E0,1.186395073E1,-2.071950197E0
2.731735152E2,1.951050043E0,8.458950043E0,-3.754950285E0
2.731759588E2,2.443950176E0,8.356050491E0,-2.874000072E0
2.731784025E2,7.410000324E0,7.698000431E0,-3.369000196E0
2.731808460E2,4.453050137E0,7.765050411E0,-5.560050488E0
2.731832897E2,2.282999992E0,8.690999985E0,5.520000458E-1
2.731857333E2,3.006000042E0,7.173000336E0,-1.576050043E0
2.731881770E2,3.898950100E0,6.049950123E0,-9.630000591E-1
2.731906205E2,9.054000854E0,9.558000565E0,-4.923000336E0
2.731930641E2,4.977000237E0,7.144050121E0,-6.874050140E0
2.731955078E2,1.702050090E0,8.980950356E0,-2.823000193E0
2.731979512E2,2.571000099E0,9.465000153E0,-1.219050050E0
2.732003948E2,2.619000196E0,5.773050308E0,-2.740050077E0
2.732028385E2,5.805000305E0,8.041950226E0,-2.851950169E0
2.732052820E2,8.350049973E0,5.980950356E0,-6.208950520E0
2.732077256E2,2.530050039E0,8.743950844E0,-4.887000084E0
2.732101693E2,2.262000084E0,9.177000046E0,-1.894050121E0
2.732126128E2,2.608950138E0,6.478950500E0,-2.935950041E0
2.732150564E2,7.608000278E0,8.125950813E0,-3.360000134E0
2.732175001E2,1.084305096E1,8.614950180E0,-8.248950005E0
2.732199436E2,2.113049984E0,8.574000359E0,-8.605950356E0
2.732223872E2,3.130500019E-1,1.059495068E1,-4.050000310E-1
2.732248309E2,2.128050089E0,8.623950005E0,-4.290000200E-1
2.732272746E2,2.281050205E0,7.020000458E0,-1.015950084E0
2.732297180E2,7.426050186E0,7.042050362E0,-2.136000156E0
2.732321616E2,6.322050095E0,5.197950363E0,-6.661050320E0
2.732346053E2,2.101050138E0,8.181000710E0,-3.238050222E0
2.732370488E2,2.038950205E0,8.121000290E0,-1.219050050E0
2.732394925E2,2.173050165E0,6.511950493E0,-1.389000058E0
2.732419361E2,7.489050388E0,9.598950386E0,-2.572050095E0
2.732443798E2,6.447000504E0,7.618950367E0,-8.644050598E0
2.732468232E2,-5.790000558E-1,8.571000099E0,-4.356000423E0
2.732492669E2,2.980500162E-1,8.381999969E0,0.000000000E0
2.732517106E2,1.464000106E0,5.145000458E0,-2.416050196E0
2.732541540E2,2.865000248E0,5.119050026E0,-2.617050171E0
2.732565977E2,6.981000423E0,4.188000202E0,-4.540050030E0
2.732590413E2,4.972050190E0,3.405000210E0,-4.186050415E0
2.732614848E2,2.125050068E0,6.559950352E0,-9.405000508E-2
2.732639285E2,2.077050209E0,5.406000137E0,-8.740500212E-1
2.732663721E2,3.274950266E0,5.065950394E0,-1.110000089E-1
2.732688156E2,8.520000458E0,8.878050804E0,-2.811000109E0
2.732712593E2,5.082000256E0,5.332050323E0,-6.052950382E0
2.732737029E2,-4.950000346E-1,8.992950439E0,-3.348000050E0
2.732761463E2,2.470050097E0,7.942050457E0,-3.171000242E0
2.732785900E2,3.052050114E0,5.404050350E0,-5.409000397E0
2.732810336E2,6.106950283E0,6.831000328E0,-3.517950058E0
2.732834773E2,8.455950737E0,5.203050137E0,-6.706950188E0
2.732859208E2,3.307950258E0,7.401000500E0,-4.990050316E0
2.732883645E2,3.528000116E0,9.073950768E0,-1.285950065E0
2.732908081E2,4.435950279E0,5.614950180E0,-4.525950432E0
2.732932516E2,6.318000317E0,8.797050476E0,-5.364000320E0
2.732956953E2,1.130700016E1,8.370000839E0,-8.425950050E0
2.732981389E2,2.365050077E0,7.968000412E0,-1.190505028E1
2.733005826E2,-6.060000062E-1,1.033395004E1,-2.931000233E0
2.733030261E2,4.960050106E0,6.594000340E0,-1.594950080E0
2.733054697E2,4.876049995E0,5.880000114E0,-8.910000324E-1
2.733079134E2,7.459950447E0,6.771000385E0,1.636050105E0
2.733103568E2,8.503950119E0,6.997950554E0,-3.313950062E0
2.733128005E2,3.463950157E0,1.080105019E1,-1.257000089E0
2.733152441E2,1.419000030E0,1.214100075E1,1.524000049E0
2.733176878E2,6.240000129E-1,1.019505024E1,-8.940000534E-1
2.733201313E2,3.592950106E0,1.301805019E1,-7.330500484E-1
2.733225749E2,6.097050190E0,1.431300068E1,-9.309000015E0
2.733250186E2,3.588000059E0,1.220100021E1,-6.123000145E0
2.733274621E2,1.977000117E0,1.203795052E1,-2.368050098E0
2.733299057E2,2.677950144E0,1.177500057E1,-1.131000042E0
2.733323494E2,2.749950171E0,1.108305073E1,3.460500240E-1
2.733347928E2,3.255000114E0,1.175595093E1,-2.437950134E0
2.733372364E2,3.265050173E0,1.114800072E1,-3.690000057E0
2.733396801E2,1.387950063E0,1.152795029E1,-1.273950100E0
2.733421236E2,2.335950136E0,1.183995056E1,-1.477950096E0
2.733445673E2,1.551000118E0,9.310950279E0,-1.669050097E0
2.733470109E2,3.805950165E0,1.087200069E1,-1.585050106E0
2.733494546E2,5.239950180E0,1.138005066E1,-5.536050320E0
2.733518981E2,2.346000195E0,8.313000679E0,-1.006049991E0
2.733543417E2,3.382050276E0,8.059050560E0,9.040500522E-1
2.733567854E2,3.399000168E0,6.304050446E0,-1.255050063E0
2.733592288E2,4.024050236E0,6.010050297E0,-2.401950121E0
2.733616724E2,6.712950230E0,7.321950436E0,-4.363049984E0
2.733641161E2,4.239000320E0,6.208050251E0,-5.404050350E0
2.733665596E2,3.603000164E0,8.203050613E0,-3.700050116E0
2.733690033E2,2.749950171E0,7.618950367E0,-3.709050179E0
2.733714469E2,3.351000071E0,6.232050419E0,-3.451050282E0
2.733738904E2,7.318950176E0,9.301950455E0,-5.734950066E0
2.733763341E2,4.077000141E0,6.577050209E0,-8.814000130E0
2.733787777E2,-1.804950118E0,8.020950317E0,-3.048000097E0
2.733812214E2,-2.220000178E-1,6.709050179E0,-2.850000262E-1
2.733836648E2,1.801950097E0,2.799000025E0,-3.472050190E0
2.733861084E2,3.997950077E0,5.121000290E0,-3.259500265E-1
2.733885521E2,7.809000492E0,1.972950101E0,-3.433950186E0
2.733909956E2,4.522050381E0,3.892950296E0,-4.759950161E0
2.733934393E2,3.856050253E0,6.115050316E0,3.900000080E-2
2.733958829E2,4.213050365E0,3.115050077E0,-2.596050024E0
2.733983263E2,4.903050423E0,6.294000149E0,-2.124000072E0
2.734007700E2,8.467950821E0,6.939000130E0,-2.455050230E0
2.734032137E2,2.254950047E0,6.249000072E0,-6.136950493E0
2.734056571E2,-9.169500470E-1,8.008950233E0,-4.120500088E-1
2.734081008E2,2.752950191E0,5.389050484E0,2.329500169E-1
2.734105445E2,2.686050177E0,4.639950275E0,-8.839500546E-1
2.734129879E2,4.678050041E0,6.141000271E0,1.014000058E0
2.734154316E2,3.978000164E0,6.193950176E0,-3.865050077E0
2.734178752E2,2.704950094E0,7.827000141E0,-1.684050083E0
2.734203189E2,2.827050209E0,1.007700062E1,-4.284000397E0
2.734227623E2,2.511000156E0,8.835000038E0,-3.922050238E0
2.734252060E2,1.443000078E0,9.807000160E0,-1.255050063E0
2.734276496E2,2.676000118E0,1.223505020E1,-3.396000147E0
2.734300931E2,2.104050159E0,1.066905022E1,-2.287050009E0
2.734325368E2,4.180500209E-1,9.835950851E0,2.194050074E0
2.734349804E2,3.069000244E0,9.927000046E0,-3.739500046E-1
2.734374239E2,2.293050051E0,7.381050587E0,-2.233950138E0
2.734398675E2,4.369050026E0,8.832000732E0,-4.485000134E0
2.734423112E2,4.596000195E0,1.024695015E1,-7.219050407E0
2.734447548E2,2.736000061E0,1.155195045E1,-3.907950163E0
2.734471983E2,3.117000103E0,1.173195076E1,-1.843950033E0
2.734496420E2,2.401050091E0,8.749050140E0,-2.875950098E0
2.734520856E2,1.735050082E0,9.714000702E0,-2.089500129E-1
2.734545291E2,5.002950191E0,1.054395008E1,-1.585050106E0
2.734569728E2,2.317050219E0,8.706000328E0,-3.496050119E0
2.734594164E2,2.805000067E0,9.201000214E0,-1.200000010E-2
2.734618601E2,7.852050304E0,8.204999924E0,-3.625050068E0
2.734643035E2,4.338000298E0,6.687000275E0,-6.361950397E0
2.734667471E2,4.972050190E0,1.049400043E1,-1.626000047E0
2.734691908E2,5.271000385E0,9.565050125E0,-2.650950193E0
2.734716345E2,1.342050076E0,1.017300034E1,-1.609500051E-1
2.734740779E2,2.932050228E0,1.070205021E1,8.560500145E-1
2.734765216E2,3.339000225E0,7.132050514E0,-4.935000420E0
2.734789651E2,2.494050026E0,7.507950306E0,-4.320000172E0
2.734814087E2,7.120050430E0,9.916950226E0,-4.269000053E0
2.734838524E2,4.576950073E0,8.413050652E0,-6.325950146E0
2.734862960E2,5.740500093E-1,1.020195007E1,-2.929500043E-1
2.734887395E2,2.428950071E0,9.888000488E0,1.035000086E0
2.734911831E2,1.630050063E0,6.915000439E0,-2.446950197E0
2.734936268E2,9.450000525E-1,6.064950466E0,9.660000205E-1
2.734960703E2,3.439950228E0,8.494950294E0,-2.449950218E0
2.734985139E2,3.478050232E0,6.129000187E0,-6.208950520E0
2.735009576E2,3.094950199E0,6.577050209E0,-3.570000172E0
2.735034011E2,5.455950260E0,5.904000282E0,-6.580050468E0
2.735058447E2,2.331000090E0,3.472050190E0,-6.289950371E0
2.735082884E2,3.217050076E0,8.686050415E0,7.140000463E-1
2.735107320E2,4.273050308E0,6.771000385E0,-2.136000156E0
2.735131755E2,1.732950091E0,5.554950237E0,-6.709500551E-1
2.735156191E2,4.639050007E0,8.071050644E0,2.947950125E0
2.735180628E2,6.306000233E0,3.214950085E0,-5.566950321E0
2.735205063E2,3.514050245E0,4.875000000E0,-5.289000034E0
2.735229499E2,2.440950155E0,7.137000561E0,-1.144950032E0
2.735253936E2,3.114000082E0,7.372050285E0,-2.002050161E0
2.735278370E2,4.849500358E-1,7.506000519E0,1.305000018E-2
2.735302807E2,3.109050035E0,8.855999947E0,6.790500283E-1
2.735327244E2,4.567049980E0,5.389050484E0,-6.343050480E0
2.735351680E2,1.831050038E0,7.896000385E0,-2.752050161E0
2.735376115E2,5.461050034E0,9.582000732E0,-3.046050072E0
2.735400551E2,4.852050304E0,8.607000351E0,-5.649000168E0
2.735424988E2,9.495000541E-2,8.911050797E0,-6.400500536E-1
2.735449423E2,2.568000078E0,9.226950645E0,1.750950098E0
2.735473859E2,4.900050163E0,6.141000271E0,-5.031000137E0
2.735498296E2,3.622050285E0,7.678050518E0,-1.899000049E0
2.735522730E2,7.627050400E0,1.014705086E1,-3.123000145E0
2.735547167E2,5.428950310E0,9.010050774E0,-5.503050327E0
2.735571604E2,7.849500179E-1,1.015605068E1,-9.250500202E-1
2.735596038E2,2.182950020E0,1.106895065E1,1.404000044E0
2.735620475E2,2.391000032E0,7.426950455E0,-2.811000109E0
2.735644911E2,8.520000577E-1,9.589050293E0,2.520000041E-1
2.735669346E2,5.563950062E0,1.161000061E1,-1.921050072E0
2.735693783E2,5.082000256E0,9.487950325E0,-6.204000473E0
2.735718220E2,1.114950061E0,1.054200077E1,-1.686000109E0
2.735742656E2,3.289050102E0,1.066395092E1,-8.119500279E-1
2.735767091E2,4.072050095E0,9.213000298E0,-6.060000420E0
2.735791527E2,1.705950022E0,1.079595089E1,-5.440500379E-1
2.735815964E2,5.599050045E0,1.104495049E1,-1.344000101E0
2.735840398E2,5.094000340E0,1.014495087E1,-5.632050037E0
2.735864835E2,8.230500221E-1,1.062300014E1,-4.240500331E-1
2.735889271E2,3.703050137E0,9.496050835E0,8.205000311E-2
2.735913706E2,5.724000454E0,7.908000469E0,-6.184950352E0
2.735938143E2,2.863050222E0,1.060395050E1,-1.818000078E0
2.735962579E2,6.787050247E0,1.100595093E1,-1.630950093E0
2.735987016E2,4.110000134E0,1.018005085E1,-5.400000095E0
2.736011450E2,4.129500091E-1,9.730050087E0,1.428000093E0
2.736035887E2,2.962950230E0,9.466950417E0,2.035950184E0
2.736060324E2,3.531000137E0,8.763000488E0,-5.251050472E0
2.736084758E2,9.210000634E-1,7.827000141E0,-3.015000105E0
2.736109195E2,4.009950161E0,8.989950180E0,-2.160000086E0
2.736133631E2,5.416950226E0,8.049000740E0,-7.408050537E0
2.736158066E2,8.730000257E-1,9.117000580E0,-1.990050077E0
2.736182503E2,3.424950123E0,8.035050392E0,-8.359500170E-1
2.736206939E2,5.583000183E0,6.663000107E0,-6.541950226E0
2.736231376E2,1.840050101E0,6.706050396E0,-4.705049992E0
2.736255811E2,3.696000099E0,8.131050110E0,-1.681050062E0
2.736280247E2,5.877000332E0,6.394950390E0,-7.423050404E0
2.736304684E2,1.453050017E0,7.282950401E0,-4.087950230E0
2.736329118E2,1.903050065E0,6.292050362E0,-4.605000094E-2
2.736353554E2,6.303000450E0,5.791950226E0,-3.324000120E0
2.736377991E2,2.109000206E0,4.198950291E0,-3.597000122E0
2.736402426E2,9.810000658E-1,8.967000008E0,3.540000200E0
2.736426863E2,5.353050232E0,5.904000282E0,-1.231050014E0
2.736451299E2,2.341050148E0,6.253950119E0,-2.332950115E0
2.736475736E2,1.420950055E0,7.626000404E0,2.239950180E0
2.736500171E2,7.074000359E0,6.342000484E0,-4.411050320E0
2.736524607E2,2.383949995E0,6.619950294E0,-6.511050224E0
2.736549044E2,7.290000319E-1,1.015605068E1,3.070500195E-1
2.736573478E2,4.942950249E0,9.036000252E0,-3.676050186E0
2.736597915E2,2.439000130E0,8.478000641E0,-5.352000237E0
2.736622351E2,-7.039500475E-1,9.685050011E0,1.660050035E0
2.736646788E2,2.736000061E0,8.907000542E0,1.866000056E0
2.736671223E2,4.419000149E0,9.204000473E0,-6.613050461E0
2.736695659E2,2.686050177E0,9.309000015E0,-2.320950031E0
2.736720096E2,5.911050320E0,9.151050568E0,-3.211050034E0
2.736744531E2,5.167950153E0,9.490950584E0,-5.919000149E0
2.736768967E2,1.002000093E0,1.001505089E1,-7.240500450E-1
2.736793404E2,4.180500209E-1,9.819000244E0,2.757000208E0
2.736817839E2,4.249050140E0,9.151050568E0,-1.957050085E0
2.736842274E2,2.644950151E0,8.314949989E0,-3.252000093E0
2.736866711E2,5.461050034E0,9.856950760E0,-2.335050106E0
2.736891146E2,7.606050491E0,9.598950386E0,-8.188950539E0
2.736915582E2,1.222950101E0,1.095900059E1,-3.661050081E0
2.736940019E2,1.450500041E-1,9.393000603E0,2.275050163E0
2.736964454E2,3.160050154E0,1.124595070E1,1.477950096E0
2.736988891E2,1.630050063E0,8.859000206E0,-3.922050238E0
2.737013327E2,1.699050069E0,1.016595078E1,-7.240500450E-1
2.737037764E2,5.914950371E0,1.073295021E1,-4.090050220E0
2.737062198E2,3.451950073E0,9.787950516E0,-3.712050200E0
2.737086634E2,6.310500503E-1,9.715950012E0,1.936050057E0
2.737111071E2,6.030000448E-1,9.237000465E0,9.660000205E-1
2.737135506E2,2.367000103E0,9.164999962E0,-9.105000645E-2
2.737159943E2,2.140050173E0,9.807000160E0,4.009500146E-1
2.737184379E2,3.889950275E0,1.186095047E1,-1.270500124E-1
2.737208816E2,7.218000412E0,1.077195072E1,-5.449950218E0
2.737233251E2,2.032050133E0,9.727950096E0,-2.926050186E0
2.737257687E2,2.202000141E0,1.133400059E1,1.585950017E0
2.737282121E2,4.065000057E0,1.177695084E1,-3.309000254E0
2.737306558E2,1.363950014E0,1.024500084E1,-3.597000122E0
2.737330995E2,1.243950009E0,1.173195076E1,-9.289500713E-1
2.737355431E2,6.205050468E0,9.828000069E0,-5.620050430E0
2.737379866E2,4.396950245E0,8.842050552E0,-7.051950455E0
2.737404303E2,2.274000168E0,9.514950752E0,-2.449950218E0
2.737428739E2,6.540000439E0,7.738050461E0,-4.606950283E0
2.737453174E2,6.306000233E0,7.767000198E0,-8.292000771E0
2.737477611E2,1.692000031E0,7.482000351E0,-2.481000185E0
2.737502047E2,5.817000389E0,7.783950329E0,-2.385000229E0
2.737526481E2,5.772000313E0,7.693050385E0,-7.305000305E0
2.737550918E2,8.160000443E-1,6.637050152E0,1.300500035E-1
2.737575354E2,-2.800500095E-1,6.759000301E0,4.251000404E0
2.737599791E2,5.130000114E0,5.406000137E0,-2.208000183E0
2.737624226E2,3.346050262E0,5.440050125E0,-4.497000217E0
2.737648663E2,1.251000047E0,7.222950459E0,5.350500345E-1
2.737673099E2,8.274000168E0,5.646000385E0,-1.083000064E0
2.737697534E2,4.012050152E0,5.880000114E0,-4.223999977E0
2.737721971E2,-1.045950055E0,8.476050377E0,4.713000298E0
2.737746407E2,3.835050106E0,6.943050385E0,5.805000290E-2
2.737770841E2,5.188050270E0,5.983050346E0,-8.320950508E0
2.737795278E2,1.596000075E0,7.810050488E0,-3.271050215E0
2.737819715E2,3.793950081E0,7.771950245E0,-2.787000179E0
2.737844149E2,4.299000263E0,8.169000626E0,-7.167000294E0
2.737868586E2,9.090000391E-1,8.196000099E0,-4.080000222E-1
2.737893022E2,6.580500603E-1,7.719000340E0,3.274050236E0
2.737917459E2,4.768950462E0,8.739000320E0,-3.007950068E0
2.737941894E2,3.439950228E0,7.258950233E0,-6.441000462E0
2.737966331E2,2.461050034E0,8.578950882E0,-8.580000401E-1
2.737990767E2,5.833950043E0,9.036000252E0,-4.288949966E0
2.738015201E2,2.638050079E0,8.935050011E0,-3.312000275E0
2.738039638E2,6.529500484E-1,8.185950279E0,2.199000120E0
2.738064074E2,4.572000027E0,9.153000832E0,1.758000135E0
2.738088509E2,3.961950302E0,8.626950264E0,-3.553950071E0
2.738112946E2,1.960050106E0,9.361950874E0,-4.800000042E-2
2.738137382E2,5.182950020E0,1.089405060E1,-1.011000037E0
2.738161819E2,5.901000500E0,1.021200085E1,-5.971950054E0
2.738186254E2,8.490000367E-1,1.122900009E1,-2.542950153E0
2.738210691E2,1.125000000E0,1.075305080E1,2.344950199E0
2.738235127E2,4.516950130E0,1.063305092E1,-5.131050110E0
2.738259561E2,2.551050186E0,1.065000057E1,-4.657050133E0
2.738283998E2,1.587000132E0,1.137495041E1,-6.280500293E-1
2.738308434E2,5.145000458E0,1.125300026E1,-3.805050135E0
2.738332869E2,4.681950092E0,1.110705090E1,-3.606000185E0
2.738357306E2,1.534050107E0,1.131795025E1,6.310500503E-1
2.738381742E2,4.648950100E0,1.047300053E1,-1.762950063E0
2.738406179E2,4.773000240E0,1.057995033E1,-6.580050468E0
2.738430614E2,1.096050024E0,9.760950089E0,-2.962050200E0
2.738455050E2,4.402050018E0,9.694050789E0,-3.859500289E-1
2.738479487E2,6.102000237E0,9.718050003E0,-5.470950127E0
2.738503921E2,1.345050097E0,8.992950439E0,-2.350500077E-1
2.738528358E2,1.408950090E0,7.410000324E0,3.037050247E0
2.738552794E2,5.113050461E0,9.630000114E0,-1.345950007E0
2.738577231E2,2.286000013E0,7.705050468E0,-3.022050142E0
2.738601666E2,1.534050107E0,7.237950325E0,1.005000062E-2
2.738626102E2,6.459000111E0,9.631950378E0,-4.699950218E0
2.738650539E2,3.394050121E0,8.358000755E0,-4.588050365E0
2.738674974E2,4.159500301E-1,8.940000534E0,-1.152000070E0
2.738699410E2,5.026950359E0,8.002050400E0,-2.092950106E0
2.738723847E2,6.409050465E0,6.589050293E0,-8.902050018E0
2.738748281E2,2.001000166E0,7.324050426E0,-6.891000271E0
2.738772718E2,4.018949986E0,8.643000603E0,-2.148000002E0
2.738797154E2,7.053000450E0,8.416049957E0,-4.636050224E0
2.738821591E2,6.550500393E-1,8.932950020E0,-1.416000009E0
2.738846025E2,1.050000042E-1,8.944950104E0,5.958000183E0
2.738870462E2,6.949950218E0,8.752950668E0,-2.529000044E0
2.738894897E2,6.724950314E0,8.217000008E0,-8.602950096E0
2.738919334E2,1.351950049E0,1.059495068E1,-2.779950142E0
2.738943770E2,4.093050003E0,1.079295063E1,-1.477950096E0
2.738968207E2,2.884050131E0,1.002195072E1,-1.758000135E0
2.738992641E2,-6.180000305E-1,1.022595024E1,2.343000174E0
2.739017078E2,1.948050141E0,9.393000603E0,1.938000083E0
2.739041514E2,6.753000259E0,9.345000267E0,-7.237950325E0
2.739065949E2,3.598050117E0,8.289000511E0,-6.337950230E0
2.739090385E2,5.473050117E0,9.733050346E0,-3.697050095E0
2.739114822E2,7.192050457E0,9.211050034E0,-7.143000126E0
2.739139257E2,1.114950061E0,9.667950630E0,-2.364000082E0
2.739163693E2,-2.220000178E-1,8.775000572E0,2.860050201E0
2.739188130E2,4.000050068E0,8.782050133E0,2.002950191E0
2.739212567E2,5.275950432E0,7.599000454E0,-6.774000168E0
2.739237002E2,2.166000128E0,6.321000099E0,-4.474950314E0
2.739261438E2,5.599050045E0,7.932000160E0,-4.246050358E0
2.739285875E2,5.005950451E0,7.177950382E0,-4.978050232E0
2.739310309E2,7.920000553E-1,7.959000587E0,1.047000051E0
2.739334745E2,3.769500256E-1,7.354950428E0,3.214050055E0
2.739359183E2,3.586050272E0,8.706000328E0,2.764050245E0
2.739383620E2,1.764000058E0,7.234950542E0,-1.762950063E0
2.739408054E2,3.342000246E0,8.908950806E0,2.505000122E-2
2.739432490E2,7.120050430E0,8.887950897E0,-5.869050503E0
2.739456927E2,2.422049999E0,1.022400093E1,-5.056950092E0
2.739481362E2,-4.120500088E-1,1.063305092E1,1.773000121E0
2.739505798E2,9.930000305E-1,1.079805088E1,2.962950230E0
2.739530235E2,3.385050058E0,1.027605057E1,-2.911950111E0
2.739554670E2,1.633950114E0,1.031205082E1,-2.895000219E0
2.739579106E2,5.793000221E0,1.120800018E1,-3.568050146E0
2.739603543E2,5.695050240E0,9.723000526E0,-7.116000175E0
2.739627977E2,2.299950123E0,1.035300064E1,-4.377000332E0
2.739652414E2,2.721000195E0,1.056600094E1,-1.096950054E0
2.739676850E2,7.990950584E0,1.042695045E1,-5.728050232E0
2.739701285E2,4.551000118E0,1.030005074E1,-6.766950130E0
2.739725722E2,1.702050090E0,9.675000191E0,4.800000191E-1
2.739750158E2,5.992050171E0,1.058295059E1,-1.846050143E0
2.739774595E2,3.820050240E0,1.004205036E1,-3.430950165E0
2.739799030E2,5.950500369E-1,9.465000153E0,2.014950037E0
2.739823467E2,2.944050074E0,8.559000015E0,1.879950047E0
2.739847903E2,6.490050316E0,7.743000507E0,-6.867000103E0
2.739872337E2,1.656000137E0,8.926050186E0,-6.682950497E0
2.739896774E2,1.872000098E0,8.758049965E0,-1.815000057E0
2.739921210E2,7.611000538E0,8.418000221E0,-4.806000233E0
2.739945645E2,1.282950044E0,9.168000221E0,-4.684050083E0
2.739970082E2,-1.395000052E-2,8.749050140E0,8.770500422E-1
2.739994518E2,6.837000370E0,7.306950569E0,-2.385000229E0
2.740018953E2,6.448950291E0,7.039050102E0,-8.275050163E0
2.740043390E2,4.090500176E-1,7.551000595E0,-4.099050045E0
2.740067827E2,4.576950073E0,8.145000458E0,-2.260950089E0
2.740092263E2,4.729950428E0,6.934050560E0,-6.937050343E0
2.740116697E2,-1.389000058E0,7.896000385E0,-2.299500108E-1
2.740141134E2,-5.890500546E-1,6.043050289E0,4.702950001E0
2.740165570E2,7.720950603E0,5.835000515E0,-2.158050060E0
2.740190005E2,5.278950214E0,4.633050442E0,-7.425000191E0
2.740214442E2,6.289500594E-1,7.180050373E0,6.760500073E-1
2.740238878E2,5.488950253E0,6.783000469E0,7.930500507E-1
2.740263313E2,3.934950113E0,7.543950558E0,-2.479050159E0
2.740287750E2,-1.246950030E0,8.035050392E0,2.659050226E0
2.740312186E2,3.049950123E0,7.080000401E0,4.440000355E-1
2.740336620E2,7.429050446E0,5.071050167E0,-1.032900047E1
2.740361057E2,9.280500412E-1,6.796950340E0,-8.050050735E0
2.740385493E2,3.586050272E0,6.454950333E0,-1.581000090E0
2.740409930E2,6.841950417E0,8.026050568E0,-3.688050270E0
2.740434365E2,6.289500594E-1,7.762050152E0,-1.518000126E0
2.740458802E2,2.097000122E0,6.748950481E0,4.018949986E0
2.740483238E2,9.969000816E0,6.646050453E0,-5.485950470E0
2.740507673E2,6.976050377E0,6.952950478E0,-1.138800049E1
2.740532110E2,-1.063050032E0,9.313950539E0,-1.918050051E0
2.740556546E2,8.659500480E-1,8.974050522E0,3.436950207E0
2.740580980E2,3.471000195E0,8.421000481E0,-2.830500007E-1
2.740605417E2,1.948050141E0,8.077950478E0,9.130500555E-1
2.740629853E2,2.379000187E0,9.069000244E0,2.280000210E0
2.740654290E2,6.351000309E0,9.874050140E0,-4.552050114E0
2.740678725E2,2.467950106E0,9.582000732E0,-4.576050282E0
2.740703162E2,1.165050030E0,1.102605057E1,1.078050017E0
2.740727598E2,2.785950184E0,1.282095051E1,-3.405000210E0
2.740752033E2,2.656950235E0,1.245000076E1,-2.218050003E0
2.740776470E2,3.100500107E-1,1.161000061E1,1.464000106E0
2.740800906E2,7.080000043E-1,1.145400047E1,1.675050020E0
2.740825340E2,5.322000027E0,1.110705090E1,-4.087950230E0
2.740849777E2,1.369050026E0,1.011300087E1,-6.706950188E0
2.740874213E2,2.961000204E0,9.940950394E0,-2.541000128E0
2.740898650E2,4.996050358E0,1.129605007E1,-5.007000446E0
2.740923085E2,1.990950108E0,1.154805088E1,-2.044950008E0
2.740947521E2,1.113000035E0,9.852000237E0,1.938000083E0
2.740971958E2,4.270950317E0,9.735000610E0,3.480000198E-1
2.740996393E2,3.744000196E0,9.759000778E0,-4.561950207E0
2.741020829E2,2.247000217E0,7.947000504E0,-1.983000040E0
2.741045266E2,5.590050220E0,8.808000565E0,-3.630000114E0
2.741069701E2,4.570050240E0,8.641050339E0,-6.028950214E0
2.741094137E2,-1.080000028E-1,8.296050072E0,-1.609500051E-1
2.741118574E2,5.790000558E-1,7.654050350E0,2.386050224E0
2.741143010E2,7.599000454E0,7.027050495E0,-4.975950241E0
2.741167445E2,4.311000347E0,7.137000561E0,-7.645050526E0
2.741191881E2,1.471950054E0,8.598000526E0,-1.341000080E0
2.741216318E2,6.538050175E0,8.131050110E0,-2.299050093E0
2.741240753E2,3.540000200E0,8.229000092E0,-4.000950336E0
2.741265190E2,-2.560500205E-1,8.035050392E0,1.023000002E0
2.741289626E2,6.672000408E0,7.522950172E0,-5.730000138E-1
2.741314063E2,7.588950157E0,6.385050297E0,-8.311050415E0
2.741338497E2,8.100000024E-2,8.836950302E0,-3.079950094E0
2.741362933E2,1.596000075E0,9.057000160E0,1.660050035E0
2.741387370E2,5.494050026E0,8.844000816E0,-3.238050222E0
2.741411805E2,6.769500375E-1,8.763000488E0,-2.111999989E0
2.741436241E2,8.805000782E-2,8.301000595E0,4.026000023E0
2.741460678E2,6.652950287E0,8.377950668E0,-3.384000063E0
2.741485113E2,6.487950325E0,9.346950531E0,-9.241950035E0
2.741509549E2,-2.749500275E-1,9.782999992E0,5.299500227E-1
2.741533985E2,1.239000082E0,1.021395016E1,7.170000076E-1
2.741558420E2,3.988050222E0,9.523950577E0,-4.078050137E0
2.741582856E2,1.125000000E0,9.639000893E0,-2.172000170E0
2.741607293E2,2.748000145E0,8.832000732E0,-8.550000191E-1
2.741631728E2,7.704000473E0,7.321950436E0,-6.534000397E0
2.741656165E2,2.203950167E0,7.573050499E0,-6.501000404E0
2.741680601E2,1.026000023E0,8.344050407E0,1.437000036E0
2.741705038E2,5.860050201E0,8.940000534E0,-1.645050049E0
2.741729472E2,3.175950050E0,8.607000351E0,-3.384000063E0
2.741753908E2,-2.820000052E-1,8.128950119E0,2.742000103E0
2.741778345E2,1.381050110E0,7.072950363E0,2.362050056E0
2.741802780E2,6.411000252E0,7.774050236E0,-6.010050297E0
2.741827216E2,1.486050129E0,6.778050423E0,-4.546950340E0
2.741851653E2,1.512000084E0,8.334000587E0,7.189500332E-1
2.741876090E2,5.182950020E0,8.204999924E0,-1.192950010E0
2.741900524E2,2.401050091E0,9.237000465E0,-2.787000179E0
2.741924961E2,-1.339500099E-1,8.718000412E0,1.828050137E0
2.741949396E2,5.338050365E0,8.818050385E0,-1.726950049E0
2.741973833E2,5.985000134E0,8.266950607E0,-8.376000404E0
2.741998269E2,1.057050109E0,9.007050514E0,-3.937050104E0
2.742022706E2,3.279000044E0,1.022805023E1,-5.370000005E-1
2.742047140E2,4.819050312E0,1.009200001E1,-3.325950146E0
2.742071576E2,1.189050078E0,1.049205017E1,3.649500310E-1
2.742096013E2,9.495000541E-2,9.117000580E0,2.488950014E0
2.742120448E2,8.311950684E0,9.541050911E0,-3.460050106E0
2.742144885E2,4.630050182E0,9.814050674E0,-7.942050457E0
2.742169321E2,2.790000141E-1,1.123905087E1,-8.580000401E-1
2.742193756E2,2.322000027E0,1.134600067E1,5.350500345E-1
2.742218192E2,3.397050142E0,1.131105042E1,-5.580000281E-1
2.742242629E2,8.659500480E-1,1.112595081E1,2.271000147E0
2.742267066E2,3.670050144E0,1.011105061E1,2.689500153E-1
2.742291500E2,7.398000240E0,1.046295071E1,-8.457000732E0
2.742315937E2,1.821000099E0,1.008900070E1,-7.344000340E0
2.742340373E2,7.890000343E-1,1.009905052E1,-2.134050131E0
2.742364808E2,5.893950462E0,1.050105095E1,-3.388050079E0
2.742389244E2,3.274950266E0,1.086300087E1,-3.271050215E0
2.742413681E2,-7.395000011E-2,8.799000740E0,3.388950109E0
2.742438116E2,5.155950069E0,7.852950573E0,-8.719500303E-1
2.742462553E2,6.430050373E0,7.932000160E0,-8.348999977E0
2.742486989E2,1.323000073E0,8.200050354E0,-6.253950119E0
2.742511424E2,2.164050102E0,6.876000404E0,-1.140000105E0
2.742535860E2,4.749000072E0,8.706000328E0,-2.140950203E0
2.742560297E2,1.510050058E0,7.471950531E0,-9.510000348E-1
2.742584733E2,1.519500017E-1,6.891000271E0,4.059000015E0
2.742609168E2,6.222000122E0,5.746050358E0,-9.850500226E-1
2.742633604E2,7.038000107E0,4.410000324E0,-7.960950375E0
2.742658041E2,1.894950032E0,5.851950169E0,-4.528050423E0
2.742682476E2,5.832000256E0,6.565050125E0,-2.767950058E0
2.742706913E2,6.175950527E0,6.421050072E0,-6.618000507E0
2.742731349E2,-1.039050102E0,8.047050476E0,2.500500083E-1
2.742755783E2,5.380499959E-1,5.502000332E0,4.212000370E0
2.742780220E2,9.744000435E0,5.586000443E0,-4.126049995E0
2.742804656E2,5.568000317E0,4.678050041E0,-9.951000214E0
2.742829091E2,-5.620500445E-1,8.314949989E0,-6.250500083E-1
2.742853528E2,5.238000393E0,6.948000431E0,-4.630500078E-1
2.742877964E2,4.906949997E0,7.753050327E0,-2.910000086E0
2.742902399E2,-6.195000187E-2,8.491950035E0,2.548050165E0
2.742926835E2,5.496000290E0,7.783950329E0,1.603050113E0
2.742951271E2,9.090000153E0,7.285950184E0,-1.042305088E1
2.742975708E2,1.687050104E0,7.623000145E0,-7.348950386E0
2.743000143E2,-1.120500043E-1,8.619000435E0,-5.779500008E-1
2.743024580E2,5.532000065E0,8.385000229E0,-3.196950197E0
2.743049016E2,3.052050114E0,7.579950333E0,-3.192000151E0
2.743073451E2,2.341050148E0,7.884000301E0,2.623050213E0
2.743097888E2,7.978950500E0,8.350950241E0,-3.052950144E0
2.743122324E2,8.236050606E0,8.986050606E0,-9.669000626E0
2.743146758E2,7.060500383E-1,1.001505089E1,-2.931000233E0
2.743171195E2,8.749500513E-1,1.144500065E1,2.626950026E0
2.743195632E2,2.395950079E0,1.239495087E1,-4.459500313E-1
2.743220066E2,1.567050099E0,1.010100079E1,4.395000264E-2
2.743244503E2,-4.095000029E-2,1.041000080E1,1.180500090E-1
2.743268940E2,2.008050203E0,1.078095055E1,2.898000240E0
2.743293376E2,4.645950317E0,1.070205021E1,-1.959000111E0
2.743317811E2,2.020050049E0,9.499950409E0,-3.517950058E0
2.743342248E2,7.218000412E0,1.179900074E1,-4.201950073E0
2.743366684E2,6.142950058E0,1.224405098E1,-8.308950424E0
2.743391119E2,7.009500265E-1,1.299105072E1,-1.747950077E0
2.743415556E2,1.177050114E0,1.232100105E1,9.510000348E-1
2.743439992E2,3.993000269E0,1.272600079E1,-2.763000250E0
2.743464426E2,2.295000076E0,1.147605038E1,-6.156000137E0
2.743488863E2,5.640000105E-1,7.575000286E0,-2.277000189E0
2.743513300E2,2.620950222E0,6.619950294E0,-2.767950058E0
2.743537736E2,3.832050085E0,7.111050129E0,-5.353950024E0
2.743562171E2,1.603050113E0,4.345950127E0,-3.618000269E0
2.743586608E2,5.152050018E0,3.952950239E0,-2.067000151E0
2.743611044E2,7.584000587E0,6.724950314E0,-7.150050163E0
2.743635479E2,3.780000210E0,3.117000103E0,-6.060000420E0
2.743659916E2,8.179500103E-1,7.159050465E0,3.645000219E0
2.743684352E2,3.487950087E0,7.645050526E0,2.302050114E0
2.743708786E2,2.712000132E0,6.261000156E0,1.399050117E0
2.743733223E2,-1.012950063E0,8.193000793E0,4.153050423E0
2.743757659E2,5.788950443E0,6.871950150E0,3.283050060E0
2.743782094E2,8.482049942E0,5.884950161E0,-7.138050556E0
2.743806531E2,2.743050098E0,5.959050179E0,-6.163050175E0
2.743830967E2,9.259500504E-1,9.550950050E0,-1.791000128E0
2.743855404E2,2.994000196E0,9.541050911E0,-4.878000259E0
2.743879838E2,2.173050165E0,1.023105049E1,-3.223050117E0
2.743904275E2,2.440950155E0,1.013505077E1,1.015950084E0
2.743928711E2,6.739050388E0,1.059000015E1,-4.284000397E0
2.743953146E2,6.528000355E0,9.670050621E0,-9.283050537E0
2.743977583E2,1.287000060E0,1.014195061E1,-5.407050133E0
2.744002019E2,2.689950228E0,1.141305065E1,-4.581000328E0
2.744026454E2,4.660950184E0,1.049895096E1,-5.064000130E0
2.744050891E2,9.520500302E-1,9.651000023E0,-6.130500436E-1
2.744075327E2,1.159950018E0,6.642000198E0,1.782000065E0
2.744099761E2,6.118950367E0,9.201000214E0,-2.323050022E0
2.744124198E2,3.628950119E0,8.548050880E0,-4.621050358E0
2.744148635E2,1.218000054E0,5.647950172E0,-1.291050076E0
2.744173071E2,2.736000061E0,7.494000435E0,-2.467050076E0
2.744197506E2,2.965950251E0,7.264050484E0,-4.750950336E0
2.744221943E2,6.900000572E-2,6.249000072E0,3.840000033E-1
2.744246379E2,3.528000116E0,6.675000191E0,2.368950129E0
2.744270814E2,7.738050461E0,6.076950073E0,-3.673050165E0
2.744295251E2,4.285050392E0,7.333950520E0,-3.862050295E0
2.744319687E2,1.594050050E0,8.512050629E0,1.930950046E0
2.744344121E2,3.817950249E0,9.453000069E0,-1.755000114E0
2.744368558E2,2.700000048E0,1.036500072E1,-3.063000202E0
2.744392994E2,6.649500132E-1,1.018500042E1,1.813050032E0
2.744417431E2,5.895000324E-2,8.169000626E0,9.010500312E-1
2.744441866E2,3.001950026E0,1.057305050E1,3.000000026E-3
2.744466302E2,2.463000059E0,1.000095081E1,-5.335050106E0
2.744490739E2,2.560950041E0,9.040950775E0,-1.735950112E0
2.744515174E2,3.313050270E0,9.571950912E0,-5.842950344E0
2.744539610E2,2.848050117E0,1.089405060E1,-4.693050385E0
2.744564047E2,4.519500136E-1,9.342000008E0,-6.490500569E-1
2.744588481E2,5.218950272E0,8.737050056E0,-1.566000104E0
2.744612918E2,7.441050529E0,9.091050148E0,-8.320950508E0
2.744637354E2,2.869950056E0,7.717050552E0,-5.661000252E0
2.744661791E2,3.658050060E0,9.333000183E0,-2.128950119E0
2.744686226E2,5.554050446E0,8.614950180E0,-4.783950329E0
2.744710662E2,1.468950033E0,8.811000824E0,-1.960950136E0
2.744735099E2,-1.200000010E-2,7.360050201E0,4.672049999E0
2.744759534E2,5.616000175E0,7.321950436E0,5.440500379E-1
2.744783971E2,7.498050213E0,7.006050110E0,-6.172950268E0
2.744808407E2,1.060050011E0,8.581050873E0,-2.713050127E0
2.744832841E2,2.520000219E0,8.923050880E0,-2.539499998E-1
2.744857278E2,5.515950203E0,8.346000671E0,-3.453000069E0
2.744881715E2,1.512000084E0,8.932950020E0,-1.995000124E0
2.744906149E2,1.837950110E0,9.046050072E0,2.163000107E0
2.744930586E2,7.831050396E0,9.936000824E0,-4.638000011E0
2.744955022E2,4.797000408E0,9.448050499E0,-6.031950474E0
2.744979459E2,3.220500052E-1,1.029105091E1,1.318050027E0
2.745003894E2,1.611000061E0,1.171995068E1,1.870950103E0
2.745028330E2,3.093000174E0,1.197600079E1,-2.458950043E0
2.745052767E2,1.888050079E0,1.042905045E1,-6.300000101E-2
2.745077201E2,-1.960500032E-1,1.022595024E1,8.479500413E-1
2.745101637E2,2.128050089E0,1.167705059E1,5.680500269E-1
2.745126074E2,3.399000168E0,1.209105015E1,-2.512050152E0
2.745150509E2,1.618050098E0,1.067100048E1,-2.596050024E0
2.745174946E2,1.713000059E0,1.143705082E1,1.177050114E0
2.745199382E2,3.234000206E0,1.340100098E1,-2.317950010E0
2.745223819E2,1.159950018E0,1.240005016E1,-2.313000202E0
2.745248254E2,2.046000004E0,9.369000435E0,5.299500227E-1
2.745272690E2,4.528950214E0,9.940950394E0,-7.036950111E0
2.745297127E2,3.081000090E0,9.037950516E0,-8.911950111E0
2.745321561E2,3.208050251E0,8.433000565E0,-4.540050030E0
2.745345997E2,7.879050255E0,9.148050308E0,-5.773050308E0
2.745370434E2,4.824000359E0,8.904000282E0,-6.016950130E0
2.745394869E2,1.254000068E0,7.611000538E0,9.919500351E-1
2.745419306E2,4.788000107E0,8.332050323E0,-1.900500059E-1
2.745443742E2,7.861950397E0,7.762050152E0,-7.225950241E0
2.745468179E2,2.335950136E0,7.470000267E0,-6.733050346E0
2.745492614E2,-3.090000153E-1,7.183050156E0,-8.910000324E-1
2.745517050E2,4.318050385E0,6.895050526E0,-3.642000198E0
2.745541487E2,3.139950037E0,6.541050434E0,-4.039950371E0
2.745565921E2,1.444950104E0,6.487950325E0,3.760050297E0
2.745590358E2,8.190000534E0,5.611950397E0,1.074000001E0
2.745614795E2,8.769000053E0,4.999050140E0,-7.168950558E0
2.745639229E2,-2.370000184E-1,6.496050358E0,-3.100950241E0
2.745663665E2,2.142000198E0,6.649050236E0,-3.880500197E-1
2.745688102E2,6.232050419E0,5.880000114E0,-5.598000050E0
2.745712537E2,2.959500253E-1,7.141950130E0,-2.923950195E0
2.745736974E2,-2.680500150E-1,6.510000229E0,4.420950413E0
2.745761410E2,7.168050289E0,6.265950203E0,-2.188950062E0
2.745785847E2,6.805950165E0,6.520050526E0,-7.734000206E0
2.745810282E2,9.520500302E-1,7.410000324E0,9.900000691E-2
2.745834718E2,1.177050114E0,8.725049973E0,5.040000081E-1
2.745859155E2,2.994000196E0,9.180000305E0,-2.518950224E0
2.745883589E2,1.138950109E0,7.686000347E0,-1.060950041E0
2.745908026E2,1.632000089E0,8.167050362E0,1.075950027E0
2.745932463E2,5.383950233E0,8.703000069E0,-5.349000454E0
2.745956897E2,4.219950199E0,7.942050457E0,-7.188000202E0
2.745981333E2,1.018950105E0,8.478000641E0,-9.319500327E-1
2.746005770E2,4.656000137E0,9.819000244E0,-2.809500098E-1
2.746030207E2,4.666050434E0,9.424050331E0,-3.669000149E0
2.746054642E2,8.989500403E-1,9.445050240E0,1.693950057E0
2.746079078E2,2.808000088E0,9.706050873E0,1.627050042E0
2.746103515E2,7.761000156E0,9.975000381E0,-5.377950191E0
2.746127949E2,3.136050224E0,9.570000648E0,-7.636050224E0
2.746152386E2,9.310500622E-1,9.927000046E0,-1.920000017E-1
2.746176823E2,3.897000074E0,1.127205086E1,-7.905000448E-2
2.746201257E2,2.704950094E0,1.115700054E1,2.700000070E-2
2.746225693E2,5.879999995E-1,1.149705029E1,2.019000053E0
2.746250130E2,3.430050135E0,9.691950798E0,1.624050021E0
2.746274565E2,7.450050354E0,1.057305050E1,-7.273950577E0
2.746299001E2,2.009999990E0,1.017300034E1,-6.096000195E0
2.746323438E2,1.663050056E0,1.101105022E1,-9.679500461E-1
2.746347873E2,4.966950417E0,1.210305023E1,-3.493950129E0
2.746372309E2,3.262950182E0,1.201695061E1,-2.110500038E-1
2.746396746E2,8.850000501E-1,9.622950554E0,9.750000238E-1
2.746421183E2,7.939500213E-1,9.843000412E0,5.370000005E-1
2.746445617E2,7.873950481E0,1.213695049E1,-5.560500026E-1
2.746470053E2,3.322050095E0,1.034595013E1,-6.193950176E0
2.746494490E2,3.531000137E0,1.026195049E1,-3.561000109E0
2.746518925E2,5.092050076E0,1.101795006E1,-5.662950039E0
2.746543361E2,1.534050107E0,1.106595039E1,-2.743950129E0
2.746567798E2,1.612950087E0,8.490000725E0,2.413950205E0
2.746592232E2,7.852050304E0,1.014000034E1,-2.806950092E0
2.746616669E2,6.445050240E0,9.562950134E0,-7.846950531E0
2.746641105E2,2.290950060E0,8.955000877E0,-5.914050102E0
2.746665542E2,3.423000097E0,7.864950180E0,-3.238050222E0
2.746689977E2,5.386050224E0,1.022595024E1,-7.078050137E0
2.746714413E2,1.041000009E0,7.647000313E0,-3.040950060E0
2.746738850E2,1.909500062E-1,7.396050453E0,1.461000085E0
2.746763285E2,7.306950569E0,6.951000214E0,-3.871950150E0
2.746787721E2,7.234950542E0,6.642000198E0,-8.830950737E0
2.746812158E2,2.170500159E-1,7.354950428E0,-2.538000107E0
2.746836592E2,3.787050247E0,7.057950497E0,1.786950111E0
2.746861028E2,5.427000046E0,5.761050224E0,-2.275050163E0
2.746885465E2,6.240000129E-1,7.843950272E0,1.416000009E0
2.746909902E2,4.564949989E0,6.103050232E0,9.730500579E-1
2.746934336E2,1.103400040E1,5.848950386E0,-7.710000515E0
2.746958773E2,2.358000040E0,5.389050484E0,-9.475050926E0
2.746983208E2,-1.101000071E0,6.607950211E0,6.190500259E-1
2.747007645E2,2.365050077E0,7.060950279E0,4.729500115E-1
2.747032081E2,3.664950132E0,7.549050331E0,-3.132000208E0
2.747056518E2,-2.269500047E-1,7.171050549E0,2.062050104E0
2.747080952E2,-6.919500232E-1,6.132000446E0,1.117050052E0
2.747105389E2,8.756999969E0,7.591950417E0,-2.494950056E0
2.747129825E2,4.720950127E0,6.105000496E0,-8.718000412E0
2.747154260E2,6.169500351E-1,7.185000420E0,-3.880500197E-1
2.747178696E2,1.936050057E0,8.844000816E0,-3.600000143E-1
2.747203133E2,2.086950064E0,9.835950851E0,3.409500122E-1
2.747227568E2,9.570000172E-1,8.706000328E0,-1.143000007E0
2.747252005E2,-8.595000207E-2,9.136950493E0,3.390000165E-1
2.747276441E2,2.179949999E0,1.069500065E1,3.006000042E0
2.747300878E2,3.864000082E0,1.036005020E1,-2.854050159E0
2.747325312E2,4.539000034E0,9.297000885E0,-3.214050055E0
2.747349748E2,8.707050323E0,1.136100101E1,-8.131050110E0
2.747374185E2,2.379000187E0,1.159305096E1,-6.060000420E0
2.747398620E2,4.695000127E-2,9.247050285E0,2.251950026E0
2.747423056E2,8.520000577E-1,1.170600033E1,2.389950037E0
2.747447493E2,3.066000223E0,1.412595081E1,2.067000151E0
2.747471928E2,2.595000029E0,1.051800060E1,-2.383050203E0
2.747496364E2,3.202950239E0,1.066905022E1,-1.915950060E0
2.747520801E2,4.977000237E0,1.080795097E1,-4.408050060E0
2.747545235E2,2.106000185E0,1.110495090E1,-3.616050243E0
2.747569672E2,3.679500222E-1,1.009905052E1,9.970500469E-1
2.747594108E2,6.325050354E0,9.859950066E0,-1.429950118E0
2.747618545E2,8.674050331E0,1.078395081E1,-9.570000648E0
2.747642980E2,2.491950035E0,1.009395027E1,-5.164950371E0
2.747667416E2,2.314050198E0,1.022400093E1,5.539500117E-1
2.747691853E2,3.580950260E0,1.191105080E1,2.430000156E-1
2.747716287E2,1.713000059E0,1.047300053E1,2.223000050E0
2.747740723E2,-3.229500055E-1,7.384050369E0,1.768050075E0
2.747765161E2,2.463000059E0,9.081000328E0,2.449950218E0
2.747789595E2,6.559950352E0,9.556050301E0,-8.431050301E0
2.747814031E2,2.017950058E0,8.049000740E0,-6.568050385E0
2.747838468E2,9.760500193E-1,1.029300022E1,-2.464050055E0
2.747862903E2,4.038000107E0,1.120800018E1,-1.210050106E0
2.747887339E2,1.933950067E0,1.123200035E1,7.429500222E-1
2.747911776E2,1.258950114E0,1.017600060E1,2.158050060E0
2.747936211E2,7.666050434E0,1.018800068E1,-3.862050295E0
2.747960648E2,7.266000271E0,9.136950493E0,-1.126995087E1
2.747985084E2,2.053050041E0,9.771000862E0,-9.642000198E0
2.748009521E2,3.399000168E0,1.071195030E1,-3.238050222E0
2.748033955E2,4.993950367E0,1.112895012E1,-3.091950178E0
2.748058391E2,1.009950042E0,9.606000900E0,-8.119500279E-1
2.748082828E2,1.227000117E0,6.856950283E0,1.741950035E0
2.748107263E2,5.488950253E0,7.008000374E0,-2.155050039E0
2.748131700E2,6.339000225E0,6.816000462E0,-9.409950256E0
2.748156136E2,1.419000030E0,5.016000271E0,-6.216000080E0
2.748180573E2,-7.060500383E-1,6.225000381E0,-7.905000448E-2
2.748205007E2,3.799500167E-1,6.607950211E0,7.789500356E-1
2.748229444E2,1.363950014E0,5.272050381E0,1.002000093E0
2.748253881E2,1.177050114E0,4.846050262E0,2.814000130E0
2.748278315E2,8.440950394E0,4.840950012E0,5.490000248E-1
2.748302751E2,9.418050766E0,4.354950428E0,-7.873050213E0
2.748327188E2,1.009950042E0,5.362950325E0,-3.204000235E0
2.748351623E2,-5.670000315E-1,8.002050400E0,3.655050278E0
2.748376059E2,2.371950150E0,5.641050339E0,1.675050020E0
2.748400496E2,5.910000205E-1,6.667950153E0,4.510500133E-1
2.748424931E2,-1.149000049E0,4.666050434E0,-4.750500321E-1
2.748449367E2,1.321050048E0,5.455950260E0,1.489950061E0
2.748473804E2,8.901000023E0,7.777050495E0,-5.230050087E0
2.748498239E2,3.030000210E0,5.626050472E0,-5.257950306E0
2.748522675E2,2.173050165E0,7.738050461E0,-1.305000067E0
2.748547112E2,2.578050137E0,9.642000198E0,-2.215050220E0
2.748571549E2,1.515000105E0,1.012305069E1,-4.840500355E-1
2.748595982E2,-2.920500040E-1,8.289000511E0,-1.129500046E-1
2.748620419E2,3.299999982E-2,8.314949989E0,1.564050078E0
2.748644856E2,5.404950142E0,9.433050156E0,1.684050083E0
2.748669291E2,2.785950184E0,7.396050453E0,-3.799950123E0
2.748693727E2,5.271000385E0,8.550000191E0,-1.119000077E0
2.748718164E2,6.112050056E0,1.019505024E1,-2.577000141E0
2.748742599E2,1.680000067E0,1.069500065E1,5.710500479E-1
2.748767035E2,-5.505000427E-2,1.075500011E1,8.599500656E-1
2.748791472E2,9.040500522E-1,1.312800026E1,1.452000022E0
2.748815906E2,5.692950249E0,1.328295040E1,6.619500518E-1
2.748840343E2,2.962950230E0,1.129605007E1,-5.668050289E0
2.748864779E2,2.422049999E0,1.173195076E1,-2.701050043E0
2.748889216E2,3.366000175E0,1.270905018E1,-4.465950012E0
2.748913651E2,1.198950052E0,1.294095039E1,-2.068950176E0
2.748938087E2,3.250500262E-1,1.117605019E1,2.785050154E0
2.748962524E2,5.259000301E0,1.093005085E1,-1.624050021E0
2.748986959E2,7.548000336E0,1.107600021E1,-6.807000160E0
2.749011395E2,3.169050217E0,9.378000259E0,-7.267050266E0
2.749035832E2,3.106950045E0,1.077195072E1,-1.786950111E0
2.749060266E2,3.793950081E0,1.311795044E1,-1.546950102E0
2.749084702E2,2.158950090E0,1.050105095E1,1.063950062E0
2.749109139E2,1.002000093E0,8.041950226E0,2.455050230E0
2.749133574E2,1.836000085E0,9.131999969E0,3.183000088E0
2.749158010E2,4.459950447E0,9.460050583E0,-3.790500164E-1
2.749182447E2,1.314000010E0,6.486000538E0,-2.907000065E0
2.749206882E2,1.869000077E0,6.642000198E0,-1.906050086E0
2.749231318E2,3.624000072E0,9.048000336E0,-5.941050053E0
2.749255755E2,1.552950025E0,9.462000847E0,-5.701050282E0
2.749280192E2,-2.869500220E-1,6.904950142E0,-1.351050019E0
2.749304626E2,3.828000069E0,6.484050274E0,-4.699500203E-1
2.749329062E2,7.570050240E0,7.599000454E0,-6.987000465E0
2.749353499E2,3.166950226E0,5.782050133E0,-7.353000164E0
2.749377934E2,1.974000096E0,7.279050350E0,-1.590000033E0
2.749402371E2,5.452950478E0,8.479949951E0,-1.831950068E0
2.749426807E2,3.427950144E0,8.605050087E0,-3.304950237E0
2.749451244E2,-8.230500221E-1,8.029950142E0,2.782950163E0
2.749475678E2,3.660000086E0,6.388050079E0,3.001050234E0
2.749500115E2,8.319000244E0,7.366950512E0,-6.690000534E0
2.749524552E2,3.469050169E0,7.671000481E0,-7.866000175E0
2.749548986E2,-5.100000501E-1,6.775950432E0,-1.758000135E0
2.749573422E2,2.536950111E0,7.542000294E0,9.829500318E-1
2.749597859E2,3.106950045E0,7.695000172E0,-2.458950043E0
2.749622294E2,3.000000119E-2,7.075050354E0,3.195000067E-2
2.749646730E2,5.278950214E0,6.630000114E0,-4.720500112E-1
2.749671167E2,9.415950775E0,7.348050117E0,-9.745050430E0
2.749695601E2,1.620000124E0,9.157950401E0,-7.473000526E0
2.749720038E2,-1.924950123E0,8.241000175E0,2.671050072E0
2.749744475E2,-7.399500608E-1,9.205950737E0,3.694950104E0
2.749768909E2,2.367000103E0,9.262950897E0,6.190500259E-1
2.749793346E2,1.384950042E0,8.779950142E0,6.979500055E-1
2.749817782E2,1.456950068E0,9.169950485E0,1.023000002E0
2.749842219E2,3.411000252E0,1.179195023E1,2.497950077E0
2.749866654E2,3.484950066E0,1.084605026E1,-3.600000143E-1
2.749891090E2,2.523000002E0,9.388050079E0,-2.293950081E0
2.749915527E2,2.560950041E0,1.180605030E1,-2.026050091E0
2.749939961E2,3.871050119E0,1.394700050E1,1.564050078E0
2.749964398E2,2.532000065E0,1.257495022E1,-1.576050043E0
2.749988835E2,-1.240500063E-1,1.239300060E1,-3.840000033E-1
2.750013269E2,1.765950084E0,1.356795025E1,2.472000122E0
2.750037705E2,3.205050230E0,1.282395077E1,-1.066050053E0
2.750062142E2,7.960500121E-1,1.088400078E1,-4.284000397E0
2.750086577E2,5.950500369E-1,1.032405090E1,1.243950009E0
2.750111014E2,1.495950103E0,1.303905106E1,9.060000181E-1
2.750135450E2,1.371000051E0,8.895000458E0,2.380500138E-1
2.750159887E2,6.700500250E-1,5.964000225E0,1.039950013E0
2.750184321E2,3.208050251E0,9.139050484E0,2.338050127E0
2.750208758E2,8.167950630E0,8.230950356E0,1.488000035E0
2.750233194E2,4.060050011E0,4.975050449E0,-9.076950073E0
2.750257629E2,4.266000271E0,7.744950294E0,-6.172950268E0
2.750282065E2,4.479000092E0,9.711000443E0,-9.324000359E0
2.750306502E2,1.467000127E0,1.000995064E1,-4.870050430E0
2.750330937E2,1.347000122E0,7.738050461E0,2.848050117E0
2.750355374E2,3.535950184E0,1.007505035E1,2.938950062E0
2.750379810E2,4.126950264E0,8.911050797E0,-2.020500153E-1
2.750404247E2,2.266950130E0,8.164050102E0,-1.035000086E0
2.750428681E2,1.560000062E0,8.926050186E0,-1.177950025E0
2.750453118E2,3.997950077E0,1.022805023E1,-4.461000443E0
2.750477552E2,2.437050104E0,1.027395058E1,-6.439050198E0
2.750501989E2,3.490500152E-1,8.113950729E0,9.060000181E-1
2.750526425E2,3.403950214E0,7.537050247E0,-1.279050112E0
2.750550862E2,8.470050812E0,9.687000275E0,-7.710000515E0
2.750575297E2,3.844050169E0,9.514950752E0,-8.958000183E0
2.750599733E2,8.659500480E-1,7.611000538E0,-1.990050077E0
2.750624170E2,3.301050186E0,9.781050682E0,-1.005000062E-2
2.750648605E2,2.166000128E0,1.158600044E1,-1.155000091E0
2.750673041E2,2.310000062E-1,8.056950569E0,2.284950018E0
2.750697478E2,7.800000310E-1,7.513050556E0,2.637000084E0
2.750721912E2,6.576000214E0,7.711950302E0,-4.711950302E0
2.750746349E2,4.744950294E0,8.406000137E0,-7.492050171E0
2.750770785E2,6.900000572E-2,7.936950207E0,-1.411050081E0
2.750795220E2,6.409500241E-1,1.011795044E1,3.178050041E0
2.750819657E2,1.504950047E0,9.493050575E0,5.200500488E-1
2.750844093E2,9.739500284E-1,9.217950821E0,-1.024950027E0
2.750868530E2,7.099500299E-1,8.836950302E0,1.198050022E0
2.750892965E2,4.945950031E0,1.167705059E1,2.503050089E0
2.750917401E2,6.631050110E0,1.248900032E1,-8.572050095E0
2.750941838E2,3.447000265E0,9.393000603E0,-6.184950352E0
2.750966272E2,1.435950041E0,1.098495007E1,-1.825050116E0
2.750990708E2,1.729950070E0,1.207695103E1,2.020500153E-1
2.751015145E2,6.460500360E-1,1.099395084E1,-5.100000277E-2
2.751039580E2,2.125050068E0,8.418000221E0,1.009500027E-1
2.751064017E2,7.338000298E0,7.599000454E0,-4.261950016E0
2.751088453E2,7.444950581E0,8.515950203E0,-8.043000221E0
2.751112888E2,2.233050108E0,7.081950188E0,-4.497000217E0
2.751137325E2,2.335950136E0,7.183050156E0,2.187000036E0
2.751161761E2,2.230950117E0,1.241400051E1,1.813050032E0
2.751186198E2,9.210000634E-1,8.842050552E0,4.927950382E0
2.751210632E2,-2.610000074E-1,5.916000366E0,5.560500026E-1
2.751235068E2,-8.760000467E-1,8.679000854E0,1.800000072E-1
2.751259505E2,1.705950022E0,8.485050201E0,3.532050133E0
2.751283940E2,4.138950348E0,5.911050320E0,-8.839500546E-1
2.751308376E2,1.165050030E0,4.446000099E0,-1.092000008E0
2.751332813E2,5.644950390E0,7.875000477E0,-4.030050278E0
2.751357248E2,3.387000084E0,8.016000748E0,-7.938000202E0
2.751381684E2,-4.500000179E-1,6.852000237E0,-4.626000404E0
2.751406121E2,8.659500480E-1,7.192050457E0,2.569500208E-1
2.751430555E2,7.357050419E0,7.530000210E0,-4.336950302E0
2.751454992E2,5.250000477E0,7.116000175E0,-5.907000065E0
2.751479428E2,8.899500370E-1,5.763000488E0,-4.150500298E-1
2.751503863E2,1.077000022E0,8.974050522E0,4.263000011E0
2.751528300E2,2.484000206E0,9.430950165E0,2.527050018E0
2.751552736E2,2.271000147E0,8.275050163E0,-2.880000174E-1
2.751577173E2,2.683050156E0,7.767000198E0,1.177050114E0
2.751601608E2,6.286950111E0,9.301950455E0,-4.118999958E0
2.751626044E2,6.813000202E0,9.892950058E0,-1.069095039E1
2.751650481E2,6.220500469E-1,9.687000275E0,-7.108950138E0
2.751674915E2,4.695000127E-2,9.828000069E0,9.060000181E-1
2.751699352E2,1.327950120E0,1.425795078E1,4.612050056E0
2.751723788E2,1.789950132E0,1.250805092E1,-5.595000088E-2
2.751748223E2,1.242000103E0,1.058700085E1,-9.340500236E-1
2.751772660E2,2.334000111E0,1.125495052E1,3.286050081E0
2.751797096E2,7.089000225E0,1.257705021E1,-3.525000095E0
2.751821531E2,4.467000008E0,1.124100018E1,-8.899950027E0
2.751845968E2,1.429050088E0,1.059495068E1,-5.263050079E0
2.751870404E2,1.588950038E0,1.205295086E1,-1.404000044E0
2.751894839E2,1.608000040E0,1.251000023E1,8.650500178E-1
2.751919276E2,2.939999998E-1,9.175050735E0,-9.060000181E-1
2.751943712E2,7.770000100E-1,8.473050117E0,1.420950055E0
2.751968149E2,5.329050064E0,1.238595104E1,3.568050146E0
2.751992583E2,7.150950432E0,1.103505039E1,-6.501000404E0
2.752017020E2,2.887050152E0,8.574000359E0,-3.874050140E0
2.752041456E2,2.461050034E0,1.079805088E1,7.980000377E-1
2.752065891E2,1.954950094E0,1.258200073E1,5.950500369E-1
2.752090328E2,2.119500041E-1,9.778050423E0,-1.900500059E-1
2.752114764E2,1.504950047E0,7.279050350E0,-6.919500232E-1
2.752139199E2,6.363000393E0,7.461000443E0,-5.919000149E0
2.752163636E2,7.009950161E0,7.228050232E0,-1.158195019E1
2.752188072E2,1.297050118E0,6.151050091E0,-7.213950157E0
2.752212506E2,1.129050016E0,5.157000065E0,1.708050132E0
2.752236943E2,-6.340500116E-1,1.222305012E1,4.387050152E0
2.752261379E2,-2.989500165E-1,5.928000450E0,8.320500255E-1
2.752285816E2,2.100000158E-2,5.842050076E0,1.545000076E0
2.752310251E2,5.879999995E-1,8.203050613E0,2.188950062E0
2.752334688E2,8.494050026E0,8.203050613E0,2.152950048E0
2.752359124E2,6.184050083E0,5.916000366E0,-8.404050827E0
2.752383558E2,1.249050021E0,6.385050297E0,-2.068950176E0
2.752407995E2,1.692000031E0,8.719950676E0,-1.915950060E0
2.752432432E2,3.741000175E0,1.034100056E1,-1.633050084E0
2.752456866E2,1.855050087E0,8.329950333E0,-1.281000018E0
2.752481303E2,2.251950026E0,8.551950455E0,5.160000324E-1
2.752505739E2,6.634050369E0,9.244050026E0,-4.234050274E0
2.752530174E2,6.064050198E0,9.192000389E0,-8.436000824E0
2.752554611E2,9.589500427E-1,9.405000687E0,-3.750000238E0
2.752579048E2,9.810000658E-1,9.526950836E0,2.332950115E0
2.752603482E2,1.906950116E0,1.375005054E1,1.308000088E0
2.752627919E2,1.924050093E0,1.172505093E1,5.059500337E-1
2.752652355E2,5.020500422E-1,8.348999977E0,-5.539500117E-1
2.752676792E2,1.414050102E0,1.120005035E1,6.430500150E-1
2.752701226E2,4.126950264E0,1.436100101E1,1.861050129E0
2.752725663E2,5.980050087E0,1.105200100E1,-4.885050297E0
2.752750099E2,2.628000021E0,8.587950706E0,-4.408050060E0
2.752774534E2,2.392950058E0,1.224900055E1,-1.687950134E0
2.752798971E2,2.137050152E0,1.292700100E1,-1.825050116E0
2.752823407E2,5.640000105E-1,1.049205017E1,-1.906050086E0
2.752847844E2,2.560950041E0,7.783950329E0,-6.280500293E-1
2.752872279E2,6.217050076E0,9.306000710E0,-3.466950178E0
2.752896715E2,5.875050068E0,9.832950592E0,-5.898000240E0
2.752921152E2,1.600950122E0,9.271050453E0,-1.195050001E0
2.752945586E2,2.584950209E0,9.579000473E0,2.833050251E0
2.752970023E2,2.434050083E0,1.318500042E1,9.349500537E-1
2.752994459E2,1.057050109E0,1.046505070E1,-3.210000098E-1
2.753018894E2,-3.970500231E-1,7.197000504E0,-5.800500512E-1
2.753043331E2,-2.250000089E-1,9.498000145E0,3.100500107E-1
2.753067767E2,1.575000048E0,1.314495087E1,2.797050238E0
2.753092202E2,2.641950130E0,1.030995083E1,1.102050066E0
2.753116639E2,2.404950142E0,7.501050472E0,-1.780500114E-1
2.753141075E2,3.198000193E0,1.119300079E1,-3.360000253E-1
2.753165510E2,3.487950087E0,1.269000053E1,2.161050081E0
2.753189947E2,1.867050052E0,9.799950600E0,-8.380500674E-1
2.753214383E2,3.610050201E0,7.828950405E0,1.873050094E0
2.753238820E2,7.759050369E0,8.830050468E0,-1.054305077E1
2.753263254E2,6.018000126E0,9.502950668E0,-1.525005054E1
2.753287691E2,1.006950021E0,7.912950516E0,-8.835000038E0
2.753312127E2,1.704000115E0,7.414950371E0,-2.490000129E-1
2.753336562E2,1.002000093E0,1.404495049E1,2.721000195E0
2.753360999E2,-2.460000068E-1,6.553050518E0,1.645950079E0
2.753385435E2,-1.258950114E0,5.908950329E0,2.716050148E0
2.753409870E2,3.937950134E0,7.396050453E0,2.886000156E0
2.753434307E2,1.032600021E1,5.643000126E0,-1.036305046E1
2.753458744E2,4.687050343E0,6.072000504E0,-1.087095070E1
2.753483177E2,-3.160500228E-1,5.683950424E0,-3.925050259E0
2.753507614E2,1.564950109E0,7.582950592E0,3.109050035E0
2.753532051E2,3.258000135E0,7.255050182E0,1.924050093E0
2.753556488E2,2.607000113E0,5.880000114E0,2.254050016E0
2.753580922E2,4.836000443E0,5.920950413E0,1.054050088E0
2.753605359E2,1.019595051E1,6.619950294E0,-7.813050270E0
2.753629795E2,4.723050117E0,6.960000515E0,-1.298700047E1
2.753654230E2,-8.740500212E-1,7.105950356E0,-3.874050140E0
2.753678667E2,-1.498950124E0,8.242950439E0,4.141050339E0
2.753703103E2,1.600500047E-1,8.550000191E0,8.205000311E-2
2.753727538E2,2.077050209E0,8.229000092E0,8.389500380E-1
2.753751974E2,1.144050002E0,6.088950157E0,1.351050019E0
2.753776410E2,5.647050381E0,7.777050495E0,1.392000079E0
2.753800847E2,9.841950417E0,8.028000832E0,-1.003995037E1
2.753825282E2,3.105000257E0,7.032000542E0,-9.412050247E0
2.753849718E2,3.079500198E-1,6.442950249E0,-1.669050097E0
2.753874153E2,1.812000036E0,9.256050110E0,4.123950005E0
2.753898590E2,1.206000090E0,9.559950829E0,2.662950039E0
2.753923026E2,4.609500170E-1,6.463950157E0,-2.089500129E-1
2.753947463E2,6.120000482E-1,6.615000248E0,1.900050044E0
2.753971897E2,7.273050308E0,7.780950546E0,-2.173950195E0
2.753996334E2,4.012050152E0,8.337000847E0,-8.566950798E0
2.754020771E2,7.650000453E-1,7.374000549E0,-1.212000012E0
2.754045205E2,7.990500331E-1,8.281949997E0,1.296000004E0
2.754069642E2,1.828050137E0,1.302495098E1,1.689000130E0
2.754094078E2,1.777950048E0,9.703950882E0,5.590500236E-1
2.754118513E2,5.929500461E-1,7.470000267E0,-4.549500346E-1
2.754142950E2,1.146000028E0,1.087695026E1,6.190500259E-1
2.754167386E2,4.171950340E0,1.320705032E1,3.102000237E0
2.754191823E2,5.611050129E0,9.057000160E0,-5.067000389E0
2.754216258E2,2.749950171E0,7.036950111E0,-3.883950233E0
2.754240694E2,4.216050148E0,1.061595058E1,-3.508050203E0
2.754265131E2,3.487950087E0,1.243800068E1,-3.694950104E0
2.754289565E2,9.310500622E-1,9.454950333E0,-5.890500546E-1
2.754314002E2,6.580500603E-1,9.034049988E0,1.891950130E0
2.754338438E2,4.900050163E0,1.048395061E1,5.470499992E-1
2.754362873E2,6.751050472E0,1.122195053E1,-6.361950397E0
2.754387310E2,2.251950026E0,9.261000633E0,-3.316950083E0
2.754411746E2,1.941000104E0,9.414000511E0,1.971000075E0
2.754436183E2,2.443950176E0,1.395105076E1,1.926000118E0
2.754460618E2,1.672950029E0,1.142805099E1,1.260000110E0
2.754485054E2,2.479500175E-1,8.368050575E0,-1.060500070E-1
2.754509490E2,-4.500000179E-2,9.313950539E0,9.730500579E-1
2.754533925E2,6.030000210E0,1.186395073E1,-7.120500207E-1
2.754558361E2,5.113050461E0,1.130805016E1,-1.112895012E1
2.754582798E2,1.438050032E0,1.003695011E1,-4.677000046E0
2.754607233E2,5.879999995E-1,1.126005077E1,1.873050094E0
2.754631669E2,1.540950060E0,1.385295105E1,1.507050037E0
2.754656106E2,1.687050104E0,1.104495049E1,-1.255050063E0
2.754680540E2,1.302000046E0,9.342000008E0,4.369500279E-1
2.754704977E2,1.759050131E0,1.069500065E1,1.983000040E0
2.754729413E2,7.066950321E0,1.305105019E1,-9.970500469E-1
2.754753848E2,4.396950245E0,1.046505070E1,-9.384000778E0
2.754778284E2,1.644000053E0,1.145700073E1,-3.118050098E0
2.754802721E2,2.559000015E0,1.421205044E1,-9.630000591E-1
2.754827158E2,2.104050159E0,1.284495068E1,-1.456050038E0
2.754851593E2,1.090950012E0,1.056405067E1,-8.860500455E-1
2.754876029E2,3.354000092E0,7.923000336E0,-5.659500360E-1
2.754900466E2,8.377050400E0,1.074495029E1,-4.818000317E0
2.754924900E2,5.749950409E0,1.027905083E1,-9.994050026E0
2.754949337E2,1.426050067E0,9.793050766E0,-2.526000023E0
2.754973773E2,1.996050119E0,9.280050278E0,3.003000259E0
2.754998208E2,1.915050149E0,1.364505100E1,3.456000090E0
2.755022645E2,1.102950096E0,1.055595016E1,2.149049997E0
2.755047081E2,-1.319999993E-1,6.310950279E0,-3.810000122E-1
2.755071518E2,3.000000119E-2,6.177000523E0,-1.009500027E-1
2.755095952E2,8.022000313E0,7.920000553E0,-4.425000191E0
2.755120389E2,3.868050098E0,5.277000427E0,-1.351605034E1
2.755144823E2,8.100000024E-2,4.554000378E0,-5.452050209E0
2.755169260E2,2.749500275E-1,7.834050179E0,0.000000000E0
2.755193696E2,1.879050136E0,7.147050381E0,7.740000486E-1
2.755218133E2,1.623000026E0,5.878050327E0,1.837050080E0
2.755242568E2,1.165050030E0,6.931050301E0,3.348000050E0
2.755267004E2,7.558050156E0,7.531950474E0,2.137050152E0
2.755291441E2,9.065999985E0,8.104949951E0,-7.179000378E0
2.755315875E2,2.213999987E0,7.942050457E0,-4.593000412E0
2.755340312E2,-2.100000158E-2,7.234950542E0,1.930950046E0
2.755364748E2,4.695000127E-2,1.146105099E1,1.660050035E0
2.755389183E2,8.610000610E-1,1.003395081E1,-3.450000286E-1
2.755413620E2,6.120000482E-1,8.466000557E0,1.519500017E-1
2.755438056E2,7.290000319E-1,6.703950405E0,1.195950031E0
2.755462493E2,3.382050276E0,9.963000298E0,1.648050070E0
2.755486928E2,6.688950539E0,9.766050339E0,-9.502950668E0
2.755511364E2,2.158950090E0,6.048000336E0,-8.188950539E0
2.755535801E2,1.516950130E0,7.831950188E0,-3.046050072E0
2.755560235E2,3.763050079E0,1.204095078E1,-1.660050035E0
2.755584671E2,1.864050031E0,8.334000587E0,-1.660050035E0
2.755609108E2,5.329500437E-1,3.418950081E0,1.248000026E0
2.755633543E2,2.809950113E0,6.667950153E0,7.260000110E-1
2.755657979E2,7.041000366E0,6.916950226E0,-6.309000492E0
2.755682416E2,3.279000044E0,5.269950390E0,-7.768050194E0
2.755706851E2,-1.171050072E0,4.249950409E0,2.163000107E0
2.755731288E2,-7.780500650E-1,5.895000458E0,5.350050449E0
2.755755724E2,1.773000121E0,7.642050266E0,2.287050009E0
2.755780161E2,3.271950245E0,7.021950245E0,1.906950116E0
2.755804595E2,2.623050213E0,6.484050274E0,2.042999983E0
2.755829031E2,2.511000156E0,9.450000763E0,1.050000072E0
2.755853468E2,3.193050146E0,1.075005054E1,2.098050117E0
2.755877903E2,3.018000126E0,8.574000359E0,1.570500135E-1
2.755902339E2,1.455000043E0,8.179050446E0,-2.719950199E0
2.755926776E2,3.423000097E0,1.115205097E1,-1.189950109E0
2.755951211E2,3.124050140E0,1.298205090E1,-5.890050411E0
2.755975647E2,2.326050043E0,9.709050179E0,-8.430000544E-1
2.756000084E2,6.460500360E-1,7.936950207E0,4.605000094E-2
2.756024518E2,3.916050196E0,1.202205086E1,-3.778950214E0
2.756048954E2,4.969950199E0,1.424100113E1,-8.305950165E0
2.756073391E2,1.570050120E0,9.855000496E0,-4.758000374E0
2.756097826E2,1.402050018E0,7.980000496E0,1.047000051E0
2.756122263E2,2.317050219E0,1.449000072E1,3.034050226E0
2.756146699E2,1.702050090E0,1.340595055E1,1.995000057E-2
2.756171136E2,2.980500162E-1,6.019050121E0,-4.410000145E-1
2.756195571E2,-8.929500580E-1,8.677050591E0,7.170000076E-1
2.756220007E2,5.214000225E0,1.346100044E1,2.179949999E0
2.756244444E2,4.345050335E0,8.824950218E0,-9.088950157E0
2.756268878E2,2.713950157E0,7.645050526E0,-5.116950035E0
2.756293315E2,2.994000196E0,1.116195011E1,-1.417950034E0
2.756317751E2,3.853950262E0,1.121205044E1,-3.139500022E-1
2.756342186E2,1.041000009E0,1.026405048E1,5.850000381E-1
2.756366623E2,8.400000334E-1,7.959000587E0,2.232000113E0
2.756391059E2,4.789950371E0,1.022805023E1,-1.576050043E0
2.756415494E2,8.995050430E0,1.296300030E1,-9.039000511E0
2.756439931E2,3.895050287E0,1.043700027E1,-9.226050377E0
2.756464367E2,5.430000424E-1,9.316050529E0,-4.800000042E-2
2.756488801E2,3.940500319E-1,1.084800053E1,2.042999983E0
2.756513238E2,-4.240500331E-1,1.308705044E1,2.042999983E0
2.756537674E2,-2.989500165E-1,7.530000210E0,-8.170500398E-1
2.756562109E2,-4.600500166E-1,6.237000465E0,9.949500561E-1
2.756586546E2,1.681950092E0,1.013505077E1,2.632050037E0
2.756610982E2,9.598050117E0,1.092000008E1,-4.753050327E0
2.756635417E2,4.893000126E0,6.529050350E0,-8.730000496E0
2.756659854E2,3.607050180E0,8.524050713E0,-3.613050222E0
2.756684291E2,3.508950233E0,1.229205036E1,-1.638000131E0
2.756708727E2,1.764000058E0,1.050600052E1,-7.470000386E-1
2.756733161E2,-2.580000162E-1,5.440050125E0,1.380000114E0
2.756757598E2,1.732950091E0,4.450950146E0,1.624050021E0
2.756782034E2,9.028050423E0,7.360050201E0,-5.244000435E0
2.756806469E2,7.339950562E0,7.024950504E0,-1.095900059E1
2.756830906E2,8.830500245E-1,6.057000160E0,-4.006050110E0
2.756855342E2,-8.070000410E-1,8.515950203E0,5.592000484E0
2.756879777E2,-5.670000315E-1,9.699000359E0,1.117050052E0
2.756904213E2,1.303950071E0,9.567000389E0,-3.120000064E-1
2.756928650E2,1.303950071E0,6.445050240E0,2.635050058E0
2.756953087E2,1.014000058E0,8.278950691E0,4.339500070E-1
2.756977521E2,3.684000254E0,1.206495094E1,1.629000068E0
2.757001958E2,4.761000156E0,1.048695087E1,3.208950043E0
2.757026394E2,2.832000017E0,6.571950436E0,-1.416000009E0
2.757050829E2,2.113049984E0,9.322950363E0,-1.032000065E0
2.757075266E2,3.322050095E0,1.102800083E1,-4.669050217E0
2.757099702E2,6.150000095E-1,8.047050476E0,-6.666000366E0
2.757124137E2,-4.309500158E-1,5.107050419E0,-1.767000079E0
2.757148573E2,5.374050140E0,6.436050415E0,-2.979000092E0
2.757173010E2,1.069905090E1,9.618000031E0,-9.156000137E0
2.757197444E2,5.511000156E0,7.389000416E0,-9.312000275E0
2.757221881E2,2.346000195E0,6.487950325E0,1.318050027E0
2.757246317E2,3.100500107E-1,1.251000023E1,3.717000246E0
2.757270752E2,-5.820000172E-1,1.182795048E1,4.753950119E0
2.757295189E2,-3.469500244E-1,7.591950417E0,1.075950027E0
2.757319625E2,-7.905000448E-2,8.509050369E0,2.604000092E0
2.757344062E2,1.552950025E0,8.368050575E0,2.424000025E0
2.757368497E2,3.595050097E0,1.298700047E1,2.014950037E0
2.757392934E2,3.868050098E0,1.002495003E1,1.179000020E0
2.757417370E2,2.704950094E0,9.108000755E0,-1.741050124E0
2.757441804E2,1.681950092E0,1.370505047E1,-2.332950115E0
2.757466241E2,2.118000031E0,1.432305050E1,6.310500503E-1
2.757490677E2,1.837950110E0,1.141800022E1,-2.260500044E-1
2.757515112E2,9.349500537E-1,1.035000038E1,-1.291050076E0
2.757539549E2,9.109500647E-1,1.267305088E1,-9.799500704E-1
2.757563985E2,3.210000038E0,1.457400036E1,9.199500680E-1
2.757588422E2,3.588000059E0,8.851950645E0,-3.879000187E0
2.757612857E2,1.018950105E0,7.081950188E0,-3.166050196E0
2.757637293E2,1.503000021E0,1.117395020E1,5.400000215E-1
2.757661730E2,2.508000135E0,1.434405041E1,-3.181950092E0
2.757686164E2,1.383000016E0,7.137000561E0,-2.296950102E0
2.757710601E2,3.180000186E-1,6.697050095E0,1.110000089E-1
2.757735037E2,4.912050247E0,1.131495094E1,-3.526950121E0
2.757759472E2,5.920050144E0,9.550950050E0,-8.923950195E0
2.757783909E2,1.627050042E0,6.286950111E0,-6.345000267E0
2.757808345E2,-6.610500216E-1,6.562950134E0,1.507050037E0
2.757832780E2,-9.000000358E-1,1.070505047E1,3.985050201E0
2.757857217E2,1.927050114E0,7.410000324E0,3.705000132E-2
2.757881653E2,3.763050079E0,6.088950157E0,1.806000113E0
2.757906090E2,5.757000446E0,7.039050102E0,-4.840500355E-1
2.757930524E2,9.175950050E0,8.674050331E0,-6.622950077E0
2.757954961E2,4.354050159E0,9.192000389E0,-9.598950386E0
2.757979398E2,4.009500146E-1,7.216050148E0,-1.363050103E0
2.758003832E2,-6.580500603E-1,9.469050407E0,3.018000126E0
2.758028268E2,-5.119500160E-1,1.234500027E1,8.250000477E-1
2.758052705E2,1.267950058E0,1.031895065E1,-6.795000285E-2
2.758077140E2,1.420950055E0,9.730050087E0,8.599500656E-1
2.758101576E2,7.960500121E-1,9.754050255E0,1.830000132E-1
2.758126013E2,4.669950008E0,1.277295017E1,1.962000132E0
2.758150448E2,5.295000076E0,1.052505016E1,-8.850000381E0
2.758174884E2,8.610000610E-1,7.918050289E0,-5.377950191E0
2.758199321E2,-6.559500098E-1,9.121950150E0,-3.000000119E-1
2.758223758E2,1.897950053E0,1.180905056E1,-1.870500147E-1
2.758248192E2,2.446050167E0,8.662050247E0,-9.940500259E-1
2.758272628E2,1.512000084E0,5.824950218E0,-4.950000439E-3
2.758297065E2,5.254950047E0,9.097949982E0,-6.300000548E-1
2.758321500E2,7.183950424E0,1.035495090E1,-6.340950489E0
2.758345936E2,3.033000231E0,8.835000038E0,-6.136950493E0
2.758370373E2,1.215000033E0,5.302950382E0,1.621950030E0
2.758394808E2,-6.439500451E-1,8.827950478E0,2.493000031E0
2.758419244E2,-8.689500690E-1,1.052505016E1,1.639050126E0
2.758443681E2,7.819500566E-1,7.068000317E0,1.228950024E0
2.758468115E2,1.000050068E0,6.441000462E0,6.709500551E-1
2.758492552E2,1.515000105E0,9.136950493E0,9.750000238E-1
2.758516988E2,7.740000248E0,1.062600040E1,1.786950111E0
2.758541425E2,4.077000141E0,7.245000362E0,-8.467050552E0
2.758565860E2,2.116050005E0,7.009950161E0,-2.638950109E0
2.758590296E2,8.659500480E-1,9.892950058E0,1.090500057E-1
2.758614733E2,2.470050097E0,1.130295086E1,3.409500122E-1
2.758639167E2,1.702050090E0,6.445050240E0,2.929500043E-1
2.758663604E2,2.389500141E-1,5.953950405E0,-7.200000435E-2
2.758688041E2,4.567049980E0,9.844950676E0,1.300950050E0
2.758712475E2,8.161050797E0,1.155195045E1,-7.984950542E0
2.758736911E2,3.315000057E0,8.494950294E0,-7.167000294E0
2.758761348E2,1.378050089E0,7.614000320E0,1.441950083E0
2.758785783E2,6.739500165E-1,1.210800076E1,1.962000132E0
2.758810219E2,1.950000064E-3,1.210500050E1,2.034000158E0
2.758834656E2,-1.339500099E-1,7.093950272E0,9.949500561E-1
2.758859091E2,-7.920000553E-1,6.639000416E0,5.230500102E-1
2.758883528E2,4.869000435E0,9.613050461E0,1.936050057E0
2.758907964E2,8.164050102E0,1.080495071E1,-9.550950050E0
2.758932401E2,4.180050373E0,6.835950375E0,-7.999950409E0
2.758956835E2,1.309050083E0,9.874050140E0,-2.329500169E-1
2.758981271E2,2.317050219E0,1.330305099E1,3.190050125E0
2.759005708E2,1.764000058E0,1.206000042E1,2.632050037E0
2.759030143E2,6.340500116E-1,7.786050320E0,1.469999999E-1
2.759054579E2,2.530499995E-1,7.911000252E0,9.405000508E-2
2.759079016E2,4.375950336E0,1.078095055E1,-1.207050085E0
2.759103451E2,5.044050217E0,1.139205074E1,-8.257950783E0
2.759127887E2,2.371950150E0,7.828950405E0,-4.981050014E0
2.759152324E2,7.200000286E-1,7.924950600E0,2.271000147E0
2.759176758E2,8.200500607E-1,1.279695034E1,7.995000482E-2
2.759201195E2,1.540950060E0,1.201200104E1,6.690000296E-1
2.759225631E2,9.229500294E-1,6.643950462E0,1.969500035E-1
2.759250066E2,8.059500456E-1,8.193000793E0,1.392000079E0
2.759274503E2,6.840000153E0,1.082895088E1,3.090000153E0
2.759298939E2,7.753950596E0,7.111050129E0,-1.077705097E1
2.759323374E2,3.526050091E0,5.542950153E0,-8.143050194E0
2.759347811E2,1.761000037E0,7.414950371E0,-1.240950108E0
2.759372247E2,2.427000046E0,1.194495010E1,2.007000208E0
2.759396681E2,1.213050008E0,9.354000092E0,2.362050056E0
2.759421118E2,5.380499959E-1,5.569050312E0,2.350050211E0
2.759445555E2,1.759500057E-1,8.713050842E0,8.389500380E-1
2.759469989E2,5.704950333E0,1.081305027E1,6.550500393E-1
2.759494426E2,5.853000164E0,9.691950798E0,-8.685000420E0
2.759518862E2,1.414050102E0,8.068950653E0,-4.449000359E0
2.759543299E2,1.909500062E-1,1.000305080E1,1.153050065E0
2.759567734E2,4.695000127E-2,1.434600067E1,1.129500046E-1
2.759592171E2,1.299000025E0,1.140900040E1,7.050000429E-1
2.759616607E2,1.603050113E0,9.337950706E0,3.000000119E-1
2.759641042E2,9.109500647E-1,1.056600094E1,1.399500072E-1
2.759665479E2,5.781000137E0,1.373400021E1,2.880000174E-1
2.759689915E2,6.612000465E0,1.151400089E1,-9.760050774E0
2.759714349E2,3.148050070E0,9.216000557E0,-5.104950428E0
2.759738786E2,1.705950022E0,1.128195095E1,1.002000093E0
2.759763223E2,1.974000096E0,1.617600060E1,7.240500450E-1
2.759787659E2,2.398050070E0,1.280505085E1,5.850000381E-1
2.759812094E2,9.330000281E-1,8.533050537E0,-7.210500240E-1
2.759836531E2,6.405000389E-2,1.121205044E1,8.820000291E-1
2.759860967E2,4.606050014E0,1.393500042E1,1.327050090E0
2.759885402E2,6.760950089E0,1.048695087E1,-8.584050179E0
2.759909838E2,2.251950026E0,8.080950737E0,-4.561950207E0
2.759934275E2,8.490000367E-1,9.271050453E0,1.918950081E0
2.759958709E2,2.560950041E0,1.358700085E1,1.846950054E0
2.759983146E2,1.927050114E0,1.053495026E1,9.679500461E-1
2.760007582E2,1.182000041E0,6.832950115E0,3.360000253E-1
2.760032017E2,3.085050106E0,9.960000038E0,-1.261950016E0
2.760056454E2,7.225050449E0,1.182105064E1,-5.898000240E0
2.760080890E2,4.339950085E0,1.012095070E1,-7.099950314E0
2.760105327E2,1.390050054E0,8.920950890E0,5.950500369E-1
2.760129762E2,9.070500135E-1,1.065000057E1,1.560000062E0
2.760154198E2,9.280500412E-1,1.594605064E1,6.979500055E-1
2.760178635E2,1.198950052E0,1.078095055E1,1.219950080E0
2.760203069E2,5.590500236E-1,8.197950363E0,-3.210000098E-1
2.760227505E2,3.769500256E-1,1.026405048E1,1.357950091E0
2.760251942E2,3.283950090E0,1.221795082E1,2.094000101E0
2.760276377E2,6.258000374E0,9.226950645E0,-9.271050453E0
2.760300814E2,3.243000269E0,5.197950363E0,-9.217950821E0
2.760325250E2,9.589500427E-1,7.744950294E0,-3.958050251E0
2.760349685E2,3.945000172E0,9.775950432E0,-2.677050114E0
2.760374122E2,3.109050035E0,5.815950394E0,-3.877050161E0
2.760398558E2,1.287000060E0,2.820000172E0,-4.819500148E-1
2.760422995E2,1.579050064E0,5.823000431E0,2.260500044E-1
2.760447429E2,5.757000446E0,6.294000149E0,-5.032950401E0
2.760471866E2,5.479950428E0,3.322950125E0,-7.030050278E0
2.760496303E2,6.739500165E-1,3.394950151E0,2.343000174E0
2.760520737E2,-1.695000008E-2,5.206950188E0,5.244000435E0
2.760545173E2,1.855050087E0,6.607950211E0,2.541000128E0
2.760569610E2,3.375000238E0,5.385000229E0,3.841050148E0
2.760594045E2,1.254000068E0,2.535000086E0,2.434050083E0
2.760618481E2,1.402050018E0,5.301000118E0,1.810950041E0
2.760642918E2,8.719050407E0,8.113950729E0,-4.404000282E0
2.760667352E2,5.494050026E0,5.670000076E0,-1.136595058E1
2.760691789E2,1.009950042E0,5.041950226E0,-3.577950239E0
2.760716225E2,2.670000196E-1,6.694050312E0,1.666950107E0
2.760740660E2,1.369050026E0,1.478505039E1,1.584000111E0
2.760765097E2,1.753950119E0,1.099695015E1,1.144950032E0
2.760789533E2,6.820500493E-1,7.030050278E0,-1.462950110E0
2.760813970E2,2.218950033E0,9.982050896E0,1.596000075E0
2.760838405E2,6.327000141E0,1.329495049E1,-5.839950085E0
2.760862841E2,6.852000237E0,1.002705002E1,-9.955950737E0
2.760887278E2,1.737000108E0,8.694000244E0,-4.738950253E0
2.760911713E2,1.138950109E0,1.045305061E1,1.813050032E0
2.760936149E2,1.836000085E0,1.655400085E1,1.063950062E0
2.760960586E2,1.690050125E0,1.267005062E1,1.078050017E0
2.760985020E2,4.710000157E-1,8.690999985E0,-3.240000010E-1
2.761009456E2,-4.600500166E-1,1.324695110E1,-1.249500066E-1
2.761033893E2,1.279950023E0,1.685805130E1,2.074050188E0
2.761058330E2,3.181050062E0,1.423605061E1,-1.510500014E-1
2.761082765E2,2.707050085E0,1.014705086E1,-3.900000080E-2
2.761107201E2,1.776000142E0,1.198605061E1,-1.417950034E0
2.761131638E2,2.110949993E0,1.567995071E1,5.560500026E-1
2.761156073E2,2.731050014E0,1.251195049E1,1.348950028E0
2.761180509E2,1.972050071E0,7.863000393E0,4.219500124E-1
2.761204946E2,1.174950004E0,1.009905052E1,-1.132950068E0
2.761229380E2,3.325050116E0,1.347300053E1,1.203000069E0
2.761253816E2,4.266000271E0,1.086795044E1,1.672050118E0
2.761278253E2,2.821950197E0,6.169950485E0,-6.010500193E-1
2.761302688E2,1.504950047E0,9.211050034E0,-1.878000140E0
2.761327124E2,3.715050220E0,1.341300106E1,1.867950082E0
2.761351561E2,4.350000381E0,9.409049988E0,-7.600050449E0
2.761375996E2,1.552950025E0,5.662050247E0,-7.684050560E0
2.761400432E2,5.590500236E-1,6.007050514E0,-4.416000366E0
2.761424869E2,5.881950378E0,1.008000088E1,-4.477950096E0
2.761449303E2,5.712000370E0,8.125950813E0,-6.604050159E0
2.761473740E2,2.251950026E0,5.808000088E0,2.910000086E-1
2.761498176E2,1.311000109E0,6.759000301E0,2.874000072E0
2.761522611E2,1.894950032E0,1.257495022E1,2.173050165E0
2.761547048E2,1.467000127E0,9.297000885E0,4.153050423E0
2.761571484E2,8.250000477E-1,6.436050415E0,1.083000064E0
2.761595918E2,3.750000298E-1,9.046050072E0,-1.200000010E-2
2.761620355E2,4.869000435E0,1.259400082E1,4.375050068E0
2.761644792E2,7.546050549E0,1.035300064E1,-9.088950157E0
2.761669228E2,3.361050129E0,7.827000141E0,-9.763950348E0
2.761693663E2,2.295000106E-2,1.135605049E1,-2.995950222E0
2.761718100E2,1.570050120E0,1.451400089E1,3.769500256E-1
2.761742536E2,2.917950153E0,1.227105045E1,-1.810950041E0
2.761766971E2,9.450000525E-1,7.732950211E0,-7.950000465E-3
2.761791408E2,1.297050118E0,9.505050659E0,6.349500418E-1
2.761815844E2,6.286950111E0,1.175805092E1,-3.937050104E0
2.761840279E2,6.627000332E0,9.735000610E0,-8.296950340E0
2.761864715E2,2.298000097E0,7.906050205E0,-4.438950062E0
2.761889152E2,9.450000525E-1,7.507950306E0,2.557950020E0
2.761913586E2,1.186950088E0,1.265595055E1,9.199500680E-1
2.761938023E2,1.230000019E0,1.162395096E1,1.468950033E0
2.761962459E2,4.249500334E-1,4.944000244E0,1.021050096E0
2.761986896E2,-4.930500090E-1,7.210950375E0,-6.090000272E-1
2.762011331E2,4.903050423E0,1.147800064E1,2.164950132E0
2.762035768E2,7.861950397E0,8.536050797E0,-9.477000237E0
2.762060204E2,3.873000145E0,5.380050182E0,-7.267050266E0
2.762084638E2,1.756950140E0,8.089950562E0,-3.190500140E-1
2.762109075E2,2.161050081E0,1.264905071E1,3.358050108E0
2.762133512E2,2.530050039E0,1.222500038E1,2.601000071E0
2.762157946E2,1.471950054E0,7.578000546E0,-1.300500035E-1
2.762182383E2,1.563000083E0,9.784950256E0,7.304999977E-2
2.762206819E2,6.660000324E0,1.273500061E1,-3.253950119E0
2.762231254E2,8.121000290E0,1.140900040E1,-9.490950584E0
2.762255691E2,3.178950071E0,9.916950226E0,-8.256000519E0
2.762280127E2,8.680500388E-1,1.018800068E1,1.428000093E0
2.762304564E2,1.069050074E0,1.341300106E1,1.171950102E0
2.762328998E2,1.476000071E0,1.520400047E1,1.102050066E0
2.762353435E2,9.190500379E-1,9.603000641E0,1.690500081E-1
2.762377872E2,-1.200000010E-2,1.063500023E1,6.430500150E-1
2.762402306E2,1.237050056E0,1.363995075E1,1.890000105E0
2.762426742E2,9.523950577E0,1.262700081E1,3.000000119E-2
2.762451179E2,5.571000099E0,7.063050270E0,-1.201305103E1
2.762475614E2,1.977000117E0,8.583000183E0,-5.533950329E0
2.762500051E2,7.990500331E-1,9.975000381E0,-8.170500398E-1
2.762524487E2,1.215000033E0,9.204000473E0,3.310500085E-1
2.762548924E2,6.940500140E-1,4.195050240E0,9.390000701E-1
2.762573358E2,-2.539499998E-1,2.824950218E0,5.470499992E-1
2.762597795E2,4.090500176E-1,7.471950531E0,9.300000668E-1
2.762622229E2,6.825000286E0,8.322000504E0,-2.317950010E0
2.762646666E2,5.104050159E0,5.263050079E0,-7.377000332E0
2.762671102E2,1.993950129E0,4.696950436E0,-6.160500050E-1
2.762695539E2,2.530499995E-1,1.123605061E1,3.508950233E0
2.762719974E2,-2.539499998E-1,9.799950600E0,3.147000074E0
2.762744410E2,2.452950001E0,6.168000221E0,-1.630500108E-1
2.762768847E2,3.126000166E0,5.880000114E0,-6.238050461E0
2.762793281E2,6.591000080E0,6.160050392E0,-7.987950325E0
2.762817718E2,8.020050049E0,6.763950348E0,-9.997050285E0
2.762842155E2,2.619000196E0,5.860950470E0,-7.878000259E0
2.762866589E2,-4.360500276E-1,6.304050446E0,1.998000145E0
2.762891026E2,-2.293950081E0,8.512050629E0,3.745950222E0
2.762915462E2,-1.195050001E0,8.836950302E0,-2.078999996E0
2.762939899E2,1.632000089E0,7.063050270E0,2.977050066E0
2.762964333E2,1.813950062E0,3.460050106E0,2.556000233E0
2.762988770E2,1.192050099E0,7.486950397E0,5.400000215E-1
2.763013207E2,2.994000196E0,1.003005028E1,2.527050018E0
2.763037642E2,4.860000134E0,7.297950268E0,2.769000053E0
2.763062078E2,4.294950008E0,2.764950037E0,-2.500050068E0
2.763086515E2,1.749000072E0,7.180050373E0,-1.720050097E0
2.763110949E2,3.988050222E0,1.073805046E1,-5.541000366E0
2.763135385E2,5.206950188E0,8.467950821E0,-6.688050270E0
2.763159822E2,2.554050207E0,8.409000397E0,-2.692050219E0
2.763184257E2,1.599000096E0,1.113105011E1,3.270000219E-1
2.763208694E2,5.881950378E0,1.260105038E1,-3.046050072E0
2.763233130E2,6.445050240E0,1.195905018E1,-6.385950089E0
2.763257567E2,3.042000055E0,1.021395016E1,-3.508050203E0
2.763282002E2,1.867050052E0,1.173195076E1,2.668050051E0
2.763306438E2,9.040500522E-1,1.467405033E1,-1.426950097E0
2.763330875E2,2.101050138E0,1.393500042E1,-5.370000005E-1
2.763355309E2,1.627050042E0,1.100895023E1,1.102050066E0
2.763379745E2,1.879500151E-1,1.153095055E1,-2.275050163E0
2.763404180E2,4.609500170E-1,1.412595081E1,-8.410500288E-1
2.763428617E2,2.595000029E0,1.478205109E1,1.156949997E0
2.763453053E2,3.544950247E0,1.185900021E1,-1.654950023E0
2.763477490E2,2.005950212E0,1.132695007E1,-1.060950041E0
2.763501925E2,6.310500503E-1,1.419600105E1,-6.679500341E-1
2.763526361E2,4.680000246E-1,1.345305061E1,-5.100000277E-2
2.763550798E2,7.270500064E-1,9.916950226E0,1.093050003E0
2.763575232E2,6.259500384E-1,1.028295040E1,2.380500138E-1
2.763599669E2,9.259500504E-1,1.158105087E1,-5.805000290E-2
2.763624105E2,2.982000113E0,1.232295036E1,3.805050135E0
2.763648540E2,4.776000023E0,8.916000366E0,2.035950184E0
2.763672977E2,4.783050060E0,6.583950520E0,1.039950013E0
2.763697413E2,5.068050385E0,1.030305004E1,-3.550500274E-1
2.763721848E2,6.339000225E0,1.020705032E1,-1.080105019E1
2.763746285E2,4.021950245E0,7.996950150E0,-1.316400051E1
2.763770722E2,3.130500019E-1,5.088000298E0,-6.934050560E0
2.763795155E2,6.310500503E-1,4.123050213E0,2.359500080E-1
2.763819592E2,5.056050301E0,9.682050705E0,8.629500270E-1
2.763844028E2,4.909950256E0,8.599950790E0,-1.678950071E0
2.763868465E2,2.914950132E0,4.366950035E0,1.540050030E0
2.763892900E2,1.419000030E0,7.342950344E0,1.263000011E0
2.763917337E2,1.773000121E0,1.146600056E1,1.689000130E0
2.763941773E2,3.210000038E0,8.662050247E0,2.527050018E0
2.763966208E2,1.849950075E0,5.542950153E0,-5.766000271E0
2.763990645E2,1.993950129E0,5.569050312E0,-7.312950134E0
2.764015081E2,8.191950798E0,6.747000217E0,-7.365000248E0
2.764039515E2,7.632000446E0,6.208050251E0,-8.685000420E0
2.764063952E2,2.131950140E0,5.928000450E0,-1.825050116E0
2.764088389E2,4.879500270E-1,8.694000244E0,3.874950171E0
2.764112823E2,-1.578000069E0,1.048395061E1,2.067000151E0
2.764137260E2,-2.029500157E-1,9.069000244E0,-1.165950060E0
2.764161697E2,6.979500055E-1,8.634000778E0,3.607050180E0
2.764186131E2,-4.305000231E-2,8.386950493E0,6.139500141E-1
2.764210568E2,1.909500062E-1,1.077900028E1,-4.630500078E-1
2.764235004E2,2.017950058E0,1.280205059E1,1.867950082E0
2.764259441E2,3.262950182E0,9.378000259E0,2.742000103E0
2.764283875E2,3.163950205E0,7.654050350E0,-1.506000042E0
2.764308312E2,1.824000120E0,1.152405071E1,-1.570950031E0
2.764332748E2,2.467950106E0,1.250805092E1,1.749000072E0
2.764357183E2,2.839050055E0,1.005105019E1,1.954950094E0
2.764381620E2,5.664000034E0,6.667950153E0,7.950000465E-3
2.764406056E2,8.683050156E0,7.992000580E0,-1.180200100E1
2.764430493E2,1.036200047E1,8.377950668E0,-1.660500145E1
2.764454928E2,4.714050293E0,9.076950073E0,-1.411695099E1
2.764479365E2,1.885950089E0,8.136000633E0,-3.501000166E0
2.764503801E2,2.523000002E0,1.154295063E1,4.701000214E0
2.764528235E2,1.287000060E0,1.377900028E1,2.599050045E0
2.764552671E2,5.640000105E-1,9.646050453E0,5.568000317E0
2.764577108E2,7.630500197E-1,6.487950325E0,2.077050209E0
2.764601543E2,1.098000050E0,9.517050743E0,1.629000068E0
2.764625980E2,1.483950019E0,9.948000908E0,1.062000036E0
2.764650416E2,6.175950527E0,9.376049995E0,3.664050102E0
2.764674851E2,7.969950199E0,7.710000515E0,-1.099500084E1
2.764699288E2,1.828050137E0,9.109950066E0,-9.736050606E0
2.764723724E2,-1.429500133E-1,1.040805054E1,-4.951950073E0
2.764748158E2,4.486050129E0,9.493050575E0,-3.300000191E0
2.764772595E2,5.046000004E0,7.975050449E0,-3.151050091E0
2.764797031E2,1.321050048E0,8.320050240E0,-5.100000501E-1
2.764821468E2,1.930950046E0,8.296050072E0,2.661000013E0
2.764845903E2,5.443950176E0,8.365950584E0,-1.293000102E0
2.764870339E2,5.074950218E0,7.140000343E0,-4.861050129E0
2.764894776E2,1.693950057E0,8.176050186E0,-5.970000029E-1
2.764919211E2,1.279950023E0,9.235050201E0,9.109500647E-1
2.764943647E2,-5.190000534E-1,1.050405025E1,1.167000055E0
2.764968084E2,-7.230000496E-1,8.011050224E0,1.612050056E0
2.764992518E2,-3.570000231E-1,8.485050201E0,3.720000088E-1
2.765016954E2,1.000500023E-1,7.930050373E0,-4.530000091E-1
2.765041391E2,1.210500076E-1,8.686050415E0,3.120000064E-1
2.765065826E2,1.323000073E0,9.081000328E0,3.769500256E-1
2.765090263E2,2.278950214E0,7.602000237E0,-1.030500084E-1
2.765114699E2,1.338000059E0,7.710000515E0,-2.143050194E0
2.765139136E2,-3.540000021E-1,7.540050507E0,-5.100000501E-1
2.765163570E2,-3.400500119E-1,7.626000404E0,1.057050109E0
2.765188007E2,1.354050040E0,7.912950516E0,9.990000725E-1
2.765212444E2,1.074000001E0,6.079050064E0,-1.120950103E0
2.765236878E2,5.209500194E-1,5.566950321E0,7.500000298E-2
2.765261314E2,3.562050104E0,7.996950150E0,1.026000023E0
2.765285751E2,6.796950340E0,6.792000294E0,-6.829050541E0
2.765310186E2,4.041000366E0,5.890050411E0,-6.166050434E0
2.765334623E2,1.575000048E0,7.294950485E0,-2.350500077E-1
2.765359059E2,2.032050133E0,8.563950539E0,1.612050056E0
2.765383494E2,3.969000101E0,8.229000092E0,-1.408050060E0
2.765407930E2,3.154950142E0,6.354000092E0,-2.962050200E0
2.765432367E2,1.402050018E0,7.729050159E0,-2.694000244E0
2.765456801E2,5.556000233E0,7.498950481E0,-3.094050169E0
2.765481238E2,9.433050156E0,8.404050827E0,-6.604050159E0
2.765505674E2,3.459000111E0,9.028950691E0,-7.360950470E0
2.765530111E2,3.889500201E-1,9.967050552E0,4.440000355E-1
2.765554546E2,-1.587000132E0,1.185195065E1,5.280000210E0
2.765578982E2,-5.599500537E-1,1.017600060E1,-4.890000224E-1
2.765603419E2,2.832000017E0,1.051800060E1,2.635050058E0
2.765627854E2,4.408950329E0,9.627000809E0,-3.946050167E0
2.765652290E2,4.728000164E0,8.998050690E0,-4.927950382E0
2.765676727E2,5.640000343E0,1.120500088E1,-6.337950230E0
2.765701164E2,4.635000229E0,1.102800083E1,-6.676050186E0
2.765725598E2,1.588950038E0,1.221600056E1,-5.509500504E-1
2.765750034E2,3.870000243E-1,1.334295082E1,1.423050046E0
2.765774471E2,-1.960500032E-1,1.210500050E1,-9.700500369E-1
2.765798906E2,6.859500408E-1,1.185900021E1,1.299000025E0
2.765823342E2,2.131950140E0,1.270605087E1,2.862000227E0
2.765847779E2,2.773950100E0,1.081995010E1,-1.939500123E-1
2.765872213E2,3.262950182E0,9.975000381E0,-8.430000544E-1
2.765896650E2,1.062300014E1,1.182105064E1,-4.269000053E0
2.765921087E2,7.057950497E0,1.107600021E1,-9.894000053E0
2.765945521E2,1.963050127E0,1.248105049E1,-2.401950121E0
2.765969958E2,1.069050074E0,1.108800030E1,1.344000101E0
2.765994394E2,2.170500159E-1,1.241205025E1,9.010500312E-1
2.766018829E2,2.430000156E-1,1.199295044E1,-7.905000448E-2
2.766043266E2,3.919500113E-1,1.003395081E1,-6.300000101E-2
2.766067702E2,2.580000162E-1,9.136950493E0,-2.400000021E-2
2.766092139E2,1.060050011E0,9.912000656E0,9.705000371E-2
2.766116574E2,3.421050072E0,1.097505093E1,7.189500332E-1
2.766141010E2,4.474050045E0,9.673050880E0,1.593000054E0
2.766165447E2,2.725950241E0,7.942050457E0,9.390000701E-1
2.766189881E2,1.813950062E0,8.980950356E0,1.651050091E0
2.766214318E2,5.212050438E0,8.083050728E0,-2.080950022E0
2.766238755E2,5.616000175E0,6.393000126E0,-9.913050652E0
2.766263189E2,2.058000088E0,6.364050388E0,-8.881050110E0
2.766287625E2,2.460000068E-1,5.440050125E0,-1.885050058E0
2.766312062E2,4.282950401E0,7.693050385E0,-2.179500163E-1
2.766336497E2,4.915050030E0,9.049950600E0,-2.778000116E0
2.766360933E2,2.688000202E0,6.436050415E0,3.900000080E-2
2.766385370E2,-1.030500084E-1,8.988000870E0,3.067950249E0
2.766409805E2,-1.156050086E0,8.266950607E0,2.282999992E0
2.766434242E2,5.377050400E0,7.267050266E0,6.690000296E-1
2.766458678E2,5.109000206E0,4.872000217E0,-6.625050545E0
2.766483112E2,3.081000090E0,6.453000069E0,-6.877050400E0
2.766507549E2,5.532000065E0,7.594950199E0,-4.936950207E0
2.766531986E2,6.088050365E0,7.582950592E0,-4.765050411E0
2.766556422E2,2.797950029E0,7.575000286E0,-3.070050240E0
2.766580857E2,-3.490500152E-1,9.544050217E0,3.070050240E0
2.766605294E2,-1.752000093E0,9.358950615E0,2.917050123E0
2.766629730E2,7.249500155E-1,8.928000450E0,-5.805000290E-2
2.766654165E2,5.113050461E0,9.550950050E0,3.760050297E0
2.766678602E2,4.821000099E0,7.474950314E0,-3.372000217E0
2.766703038E2,2.809950113E0,8.398950577E0,-3.475050211E0
2.766727472E2,3.184050083E0,9.316050529E0,-4.099050045E0
2.766751909E2,6.222000122E0,9.763950348E0,-6.922050476E0
2.766776345E2,2.218950033E0,1.022400093E1,-4.738950253E0
2.766800780E2,3.679500222E-1,1.057500076E1,2.203950167E0
2.766825217E2,2.770500183E-1,1.011105061E1,1.978950143E0
2.766849653E2,7.530000210E-1,1.059900093E1,-4.530000091E-1
2.766874088E2,2.479950190E0,1.108995056E1,2.149049997E0
2.766898525E2,5.334000111E0,9.775950432E0,-9.199500680E-1
2.766922961E2,6.030000210E0,8.557050705E0,-5.755950451E0
2.766947395E2,7.570050240E0,1.029795074E1,-8.071949959E0
2.766971832E2,3.928050280E0,1.117395020E1,-8.095950127E0
2.766996269E2,8.710500598E-1,1.151595020E1,-1.741050124E0
2.767020705E2,1.780950069E0,1.121205044E1,2.464950085E0
2.767045140E2,3.510000110E-1,1.161195087E1,1.855950117E0
2.767069577E2,3.679500222E-1,9.850050926E0,1.258050084E0
2.767094013E2,2.065050125E0,1.159305096E1,2.089050055E0
2.767118448E2,2.572950125E0,1.026900005E1,1.621950030E0
2.767142885E2,1.909950137E0,8.847000122E0,-1.099050045E0
2.767167321E2,5.560950279E0,1.105005074E1,-6.130500436E-1
2.767191756E2,7.144050121E0,1.152405071E1,-9.487050056E0
2.767216193E2,1.309050083E0,1.165305042E1,-6.397950172E0
2.767240629E2,-6.649500132E-1,8.425050735E0,2.089500129E-1
2.767265066E2,7.939500213E-1,8.421000481E0,2.572050095E0
2.767289500E2,5.556000233E0,1.062105083E1,-1.389000058E0
2.767313937E2,4.954950333E0,8.299050331E0,-4.849050045E0
2.767338373E2,1.905000091E0,9.721050262E0,-2.661000013E0
2.767362808E2,1.699050069E0,9.168000221E0,-6.495000422E-2
2.767387245E2,5.008050442E0,9.538950920E0,-3.295050144E0
2.767411681E2,4.005000114E0,9.037950516E0,-5.506950378E0
2.767436115E2,1.821000099E0,8.855999947E0,-2.170050144E0
2.767460552E2,7.870500088E-1,7.542000294E0,1.131000042E0
2.767484988E2,3.222000122E0,8.422950745E0,1.576050043E0
2.767509423E2,4.576950073E0,6.682050228E0,-3.184950113E0
2.767533860E2,4.198950291E0,7.855950356E0,-4.542000294E0
2.767558296E2,1.371000051E0,8.124000549E0,-2.574000120E0
2.767582731E2,2.748000145E0,9.049950600E0,-7.860000134E-1
2.767607168E2,5.323950291E0,8.992950439E0,-3.172950268E0
2.767631604E2,2.146950006E0,9.286950111E0,-4.189949989E0
2.767656041E2,-4.399500191E-1,9.093000412E0,4.819500148E-1
2.767680475E2,-1.020000100E0,6.876000404E0,2.742000103E0
2.767704912E2,2.310000181E0,8.513999939E0,1.768050075E0
2.767729348E2,6.805950165E0,7.900950432E0,-2.803950071E0
2.767753783E2,4.500000000E0,7.051050186E0,-4.453950405E0
2.767778220E2,1.303950071E0,8.743950844E0,-1.918050051E0
2.767802656E2,3.624000072E0,9.244050026E0,-1.525950074E0
2.767827093E2,4.189050198E0,8.883000374E0,-3.319050074E0
2.767851528E2,9.379500151E-1,9.261000633E0,-7.590000629E-1
2.767875964E2,1.395000052E-2,8.575950623E0,1.890000105E0
2.767900398E2,-3.109500110E-1,8.574000359E0,6.520500183E-1
2.767924835E2,2.539950132E0,9.184050560E0,1.726950049E0
2.767949272E2,5.434050083E0,8.208000183E0,-1.372050047E0
2.767973708E2,3.673950195E0,7.942050457E0,-3.496050119E0
2.767998143E2,2.736000061E0,9.751950264E0,-1.890000105E0
2.768022580E2,4.675050259E0,9.682050705E0,-2.899950027E0
2.768047016E2,4.678050041E0,1.071900082E1,-5.019000053E0
2.768071451E2,6.460500360E-1,1.102995014E1,-1.870050073E0
2.768095888E2,1.840500087E-1,9.349950790E0,1.720050097E0
2.768120324E2,7.459500432E-1,8.679000854E0,1.363050103E0
2.768144758E2,4.984050274E0,1.000605011E1,1.272000074E0
2.768169195E2,6.406050205E0,9.475950241E0,-3.877050161E0
2.768193632E2,3.484950066E0,9.655950546E0,-2.218050003E0
2.768218068E2,1.279950023E0,1.029105091E1,8.869500160E-1
2.768242503E2,5.070000172E0,1.117200089E1,-1.705050111E0
2.768266940E2,4.066950321E0,1.280700016E1,-5.737050056E0
2.768291374E2,8.040000200E-1,1.228500080E1,-3.252000093E0
2.768315811E2,-2.730000019E-1,1.004205036E1,7.140000463E-1
2.768340248E2,2.338050127E0,1.140405083E1,2.814000130E0
2.768364684E2,6.385050297E0,1.064700031E1,-4.537950039E0
2.768389118E2,5.295000076E0,1.012800026E1,-6.259050369E0
2.768413555E2,8.280000687E-1,1.007700062E1,-1.786950111E0
2.768437991E2,6.820500493E-1,9.862050056E0,1.411050081E0
2.768462426E2,4.684950352E0,1.018800068E1,-3.417000055E0
2.768486863E2,4.560000420E0,1.091100025E1,-5.538000107E0
2.768511299E2,1.315950036E0,8.977950096E0,-2.962050200E0
2.768535736E2,9.690000415E-1,7.686000347E0,2.232000113E0
2.768560171E2,3.868050098E0,7.558950424E0,1.840050101E0
2.768584608E2,6.550050259E0,7.621050358E0,-2.392050028E0
2.768609044E2,4.194000244E0,7.819950581E0,-4.803000450E0
2.768633478E2,1.600950122E0,8.181000710E0,-3.799950123E0
2.768657915E2,2.274000168E0,7.099050522E0,-3.343050241E0
2.768682351E2,4.909950256E0,7.549050331E0,-6.790950298E0
2.768706786E2,3.169050217E0,7.963050365E0,-7.783950329E0
2.768731223E2,-3.540000021E-1,6.229950428E0,-2.320950031E0
2.768755659E2,-1.489050031E0,4.888950348E0,3.537000179E0
2.768780094E2,3.531000137E0,4.731000423E0,2.287050009E0
2.768804531E2,8.197050095E0,4.081950188E0,-3.826950073E0
2.768828967E2,3.961950302E0,4.105950356E0,-5.023950100E0
2.768853401E2,2.869500220E-1,5.406000137E0,-7.759500146E-1
2.768877838E2,1.681950092E0,5.298000336E0,4.080000222E-1
2.768902275E2,5.275950432E0,5.566950321E0,-2.086050034E0
2.768926712E2,1.483950019E0,5.878050327E0,-2.569950104E0
2.768951146E2,-1.333050013E0,6.736950397E0,1.879950047E0
2.768975583E2,-8.400000632E-2,5.193000317E0,3.307050228E0
2.769000019E2,4.270950317E0,6.289950371E0,1.420500129E-1
2.769024454E2,6.241050243E0,6.919050217E0,-3.004950047E0
2.769048891E2,3.586050272E0,8.221950531E0,-2.821050167E0
2.769073327E2,1.186950088E0,9.747000694E0,-1.365000010E0
2.769097764E2,3.097050190E0,9.189000130E0,-3.063000202E0
2.769122198E2,5.809950352E0,1.042500019E1,-5.629050255E0
2.769146634E2,3.873000145E0,1.114995098E1,-6.910050392E0
2.769171069E2,9.900000691E-1,1.150695038E1,-2.512050152E0
2.769195506E2,1.210500076E-1,1.048395061E1,1.876050115E0
2.769219942E2,1.399950027E0,1.177695084E1,4.249500334E-1
2.769244379E2,4.840050220E0,1.337895107E1,7.120500207E-1
2.769268814E2,4.684950352E0,1.060905075E1,-3.451050282E0
2.769293251E2,1.981950045E0,9.721050262E0,-1.055999994E0
2.769317687E2,2.800950050E0,1.188300037E1,-8.500500321E-1
2.769342121E2,4.744950294E0,1.342905045E1,-2.752050161E0
2.769366558E2,2.695050240E0,1.378395081E1,-3.658950090E0
2.769390994E2,6.100500226E-1,1.099695015E1,-8.839500546E-1
2.769415429E2,4.050000105E-3,1.055205059E1,1.420950055E0
2.769439866E2,1.972050071E0,1.228500080E1,5.470499992E-1
2.769464302E2,7.018950462E0,1.165800095E1,-2.052000046E0
2.769488739E2,4.780950069E0,1.035795021E1,-4.822950363E0
2.769513174E2,1.321050048E0,1.069500065E1,-1.416000009E0
2.769537610E2,2.856000185E0,1.037700081E1,-8.700000644E-1
2.769562044E2,5.118000031E0,1.030500031E1,-4.018050194E0
2.769586481E2,3.997950077E0,1.068795013E1,-4.427999973E0
2.769610918E2,1.165050030E0,9.508050919E0,-1.180950046E0
2.769635354E2,8.920500278E-1,8.310000420E0,2.485950232E0
2.769659789E2,2.973000050E0,9.253950119E0,1.657950044E0
2.769684225E2,6.715050220E0,9.856950760E0,-2.197950125E0
2.769708662E2,3.315000057E0,9.289950371E0,-4.774950027E0
2.769733097E2,5.400000215E-1,8.257950783E0,-1.336050034E0
2.769757534E2,4.900500178E-1,7.009950161E0,8.719500303E-1
2.769781970E2,3.661950111E0,1.072605038E1,-2.521950006E0
2.769806407E2,4.005000114E0,9.784950256E0,-6.262050152E0
2.769830841E2,1.180050015E0,7.245000362E0,-4.143000126E0
2.769855277E2,6.000000052E-3,5.212050438E0,1.138050079E0
2.769879714E2,2.965950251E0,7.042050362E0,2.508000135E0
2.769904149E2,5.142000198E0,9.172050476E0,-9.769500494E-1
2.769928585E2,2.652000189E0,7.468050480E0,-1.573950052E0
2.769953022E2,1.174950004E0,8.254950523E0,-1.674000025E0
2.769977457E2,3.307950258E0,6.883050442E0,-2.340000153E0
2.770001893E2,6.615000248E0,8.289000511E0,-5.962050438E0
2.770026330E2,3.805950165E0,9.559950829E0,-7.282050133E0
2.770050767E2,9.589500427E-1,9.429000854E0,-3.321000099E0
2.770075201E2,3.559500277E-1,7.306950569E0,1.926000118E0
2.770099637E2,1.608000040E0,8.356050491E0,3.612000227E0
2.770124072E2,4.393050194E0,9.775950432E0,1.521000028E0
2.770148509E2,5.635050297E0,9.505050659E0,-2.368050098E0
2.770172945E2,2.628000021E0,7.872000217E0,-5.299050331E0
2.770197382E2,4.090500176E-1,8.200050354E0,-2.811000109E0
2.770221816E2,2.206950188E0,9.448050499E0,-2.682000160E0
2.770246253E2,3.361050129E0,1.067595005E1,-3.975000143E0
2.770270690E2,1.275000095E0,9.730050087E0,-1.777050138E0
2.770295124E2,4.729500115E-1,7.434000492E0,2.455050230E0
2.770319560E2,6.619500518E-1,7.210950375E0,2.880000174E-1
2.770343997E2,2.970000029E0,9.840000153E0,1.330500096E-1
2.770368432E2,4.318050385E0,1.185405064E1,2.074050188E0
2.770392868E2,3.093000174E0,8.794050217E0,-1.870500147E-1
2.770417305E2,1.957950115E0,7.161000252E0,-7.639500499E-1
2.770441742E2,6.088050365E0,9.036000252E0,-4.411050320E0
2.770466176E2,6.769950390E0,1.070505047E1,-8.991000175E0
2.770490613E2,2.520000219E0,1.096305084E1,-6.874050140E0
2.770515050E2,1.930500120E-1,8.842050552E0,1.369500011E-1
2.770539484E2,6.600000262E-1,8.179050446E0,2.211000204E0
2.770563920E2,2.158950090E0,1.229505062E1,1.212000012E0
2.770588357E2,3.421050072E0,1.140405083E1,7.770000100E-1
2.770612792E2,2.583000183E0,9.499950409E0,1.251000047E0
2.770637228E2,1.243950009E0,8.559000015E0,3.600000143E-1
2.770661665E2,3.318000078E0,1.038195038E1,4.560000300E-1
2.770686100E2,6.214950085E0,1.161705017E1,-7.566000462E0
2.770710536E2,2.566050053E0,1.258905029E1,-7.837050438E0
2.770734973E2,2.050500065E-1,1.024305058E1,-2.455050230E0
2.770759410E2,5.020500422E-1,9.318000793E0,2.614950180E0
2.770783844E2,2.407950163E0,1.035300064E1,1.177050114E0
2.770808280E2,5.128050327E0,1.263705063E1,1.086000085E0
2.770832715E2,4.960050106E0,1.192605019E1,-1.404000044E0
2.770857152E2,2.647050142E0,9.811950684E0,-1.372050047E0
2.770881588E2,3.246000051E0,1.036695004E1,-2.545950174E0
2.770906025E2,6.346050262E0,1.190895081E1,-6.289950371E0
2.770930460E2,4.927050114E0,1.412400055E1,-7.075950146E0
2.770954896E2,1.335000038E0,1.273800087E1,-3.664050102E0
2.770979333E2,6.769500375E-1,1.045605087E1,1.464000106E0
2.771003767E2,1.764000058E0,1.108500099E1,2.344950199E0
2.771028203E2,6.712950230E0,1.269405079E1,-1.996950150E0
2.771052640E2,5.769000053E0,1.148100090E1,-6.834000111E0
2.771077075E2,1.464000106E0,9.782999992E0,-4.690950394E0
2.771101512E2,2.029500157E-1,8.563950539E0,-2.639999986E-1
2.771125948E2,3.732000113E0,1.072605038E1,-1.822950125E0
2.771150385E2,5.302950382E0,1.131495094E1,-5.713050365E0
2.771174820E2,2.935050249E0,9.229950905E0,-3.858000278E0
2.771199256E2,9.210000634E-1,6.256050110E0,8.149500489E-1
2.771223693E2,1.912050128E0,6.543000221E0,3.568050146E0
2.771248127E2,3.888000250E0,9.193950653E0,2.980500162E-1
2.771272563E2,2.616000175E0,7.900950432E0,8.340000510E-1
2.771297000E2,1.243950009E0,6.163050175E0,2.950500250E-1
2.771321435E2,5.500500202E-1,5.334000111E0,-4.120500088E-1
2.771345871E2,2.769000053E0,6.900000095E0,-1.171050072E0
2.771370308E2,4.146000385E0,7.657050133E0,-5.023950100E0
2.771394743E2,1.941000104E0,8.161950111E0,-4.978050232E0
2.771419180E2,2.770500183E-1,6.325950146E0,-5.100000501E-1
2.771443616E2,-1.770000011E-1,4.884000301E0,2.009999990E0
2.771468053E2,1.140000075E-1,6.232050419E0,7.410000563E-1
2.771492488E2,2.539950132E0,7.291050434E0,9.750000238E-1
2.771516924E2,2.451000214E0,7.057950497E0,-2.980950117E0
2.771541361E2,3.679500222E-1,4.309950352E0,-2.790000200E0
2.771565795E2,6.529500484E-1,3.594000101E0,-1.114050031E0
2.771590232E2,3.406050205E0,6.838050365E0,-3.084000111E0
2.771614668E2,4.021950245E0,7.231050491E0,-4.485000134E0
2.771639103E2,1.872000098E0,6.136050224E0,-4.279050350E0
2.771663539E2,6.190500259E-1,4.123050213E0,-1.020000100E0
2.771687976E2,2.476950169E0,4.695000172E0,1.453950047E0
2.771712411E2,5.089050293E0,6.643950462E0,1.050000079E-3
2.771736847E2,4.795050144E0,5.839950085E0,-2.221950054E0
2.771761284E2,1.399950027E0,6.004950523E0,-1.914000034E0
2.771785718E2,2.257050037E0,4.587000370E0,-2.127000093E0
2.771810155E2,6.421050072E0,7.705050468E0,-2.602950096E0
2.771834591E2,7.759050369E0,9.586950302E0,-4.513950348E0
2.771859028E2,3.544950247E0,1.173705101E1,-4.240500331E-1
2.771883463E2,9.090000391E-1,1.275405025E1,4.144950390E0
2.771907899E2,-3.540000021E-1,1.246905041E1,-1.369500011E-1
2.771932336E2,-1.429500133E-1,1.527495098E1,-1.180950046E0
2.771956771E2,1.486050129E0,1.571400070E1,1.132950068E0
2.771981207E2,2.532000065E0,1.456395054E1,1.393950105E0
2.772005644E2,2.602050066E0,1.184205055E1,3.790500164E-1
2.772030081E2,1.752000093E0,1.190895081E1,-2.304000139E0
2.772054515E2,6.579000473E0,1.421205044E1,-2.071950197E0
2.772078951E2,5.458050251E0,1.432695103E1,-1.103295040E1
2.772103386E2,1.780950069E0,1.456395054E1,-5.311050415E0
2.772127823E2,8.869500160E-1,1.352505112E1,-1.189950109E0
2.772152259E2,1.395000100E0,1.313505077E1,1.083000064E0
2.772176696E2,2.061000109E0,1.483005047E1,5.200500488E-1
2.772201131E2,3.102000237E0,1.432995033E1,-7.695000619E-2
2.772225567E2,2.146950006E0,1.201005077E1,1.701000094E0
2.772250004E2,2.026950121E0,9.421050072E0,2.134050131E0
2.772274438E2,2.532000065E0,9.547950745E0,-1.155000091E0
2.772298875E2,3.595050097E0,9.997950554E0,-4.267050266E0
2.772323312E2,3.259950161E0,9.120000839E0,-4.810950279E0
2.772347746E2,2.097000122E0,7.651950359E0,-3.130050182E0
2.772372182E2,7.870500088E-1,5.014050007E0,-4.770000279E-1
2.772396619E2,1.174950004E0,5.878050327E0,1.348950028E0
2.772421056E2,3.010500073E-1,1.007295036E1,1.734000087E0
2.772445490E2,1.194000006E0,6.385050297E0,7.339500189E-1
2.772469927E2,2.245050192E0,5.646000385E0,-8.269500136E-1
2.772494362E2,2.194950104E0,6.189000130E0,-4.750500321E-1
2.772518798E2,3.574050188E0,7.900950432E0,-2.227050066E0
2.772543235E2,6.732000351E0,9.096000671E0,-5.272950172E0
2.772567672E2,4.627050400E0,8.109000206E0,-8.119950294E0
2.772592106E2,9.829500318E-1,7.920000553E0,-5.835000515E0
2.772616542E2,-4.305000231E-2,5.892000198E0,-1.369950056E0
2.772640979E2,1.150950074E0,7.161000252E0,3.385950089E0
2.772665414E2,5.046000004E0,8.277000427E0,1.822950125E0
2.772689851E2,4.984050274E0,6.214950085E0,-1.207050085E0
2.772714287E2,2.109000206E0,5.878050327E0,-2.605050087E0
2.772738724E2,1.522050023E0,8.107049942E0,-7.189500332E-1
2.772763159E2,3.898950100E0,9.567000389E0,-7.810500264E-1
2.772787595E2,4.021950245E0,9.661050797E0,-3.807000160E0
2.772812032E2,1.113000035E0,1.088400078E1,-2.629050016E0
2.772836466E2,-6.990000606E-1,9.547950745E0,1.759500057E-1
2.772860902E2,-6.900000572E-2,8.622000694E0,3.315000057E0
2.772885339E2,3.787050247E0,8.227050781E0,-5.659500360E-1
2.772909774E2,5.959050179E0,9.105000496E0,-2.890050173E0
2.772934210E2,2.920050144E0,8.746050835E0,-5.457000256E0
2.772958647E2,6.820500493E-1,8.229000092E0,-2.596050024E0
2.772983082E2,1.263000011E0,9.124950409E0,-7.039500475E-1
2.773007518E2,3.415950060E0,1.086495018E1,-2.775000095E0
2.773031955E2,4.009950161E0,1.145205021E1,-3.556050062E0
2.773056389E2,2.251950026E0,9.988950729E0,-1.990050077E0
2.773080826E2,1.563000083E0,9.330000877E0,1.195950031E0
2.773105262E2,1.848000050E0,9.793050766E0,-9.900000691E-2
2.773129699E2,2.422049999E0,1.112895012E1,-8.340000510E-1
2.773154134E2,2.619000196E0,1.099005032E1,-1.249500066E-1
2.773178570E2,2.134950161E0,1.022100067E1,3.889500201E-1
2.773203007E2,1.885950089E0,9.301950455E0,3.889500201E-1
2.773227442E2,2.305050135E0,9.898050308E0,-7.830000520E-1
2.773251878E2,4.527000427E0,1.124595070E1,-1.237950087E0
2.773276315E2,3.865950108E0,1.074795055E1,-4.489950180E0
2.773300749E2,2.580000162E0,1.002705002E1,-4.504050255E0
2.773325185E2,9.570000172E-1,9.060000420E0,-2.437950134E0
2.773349622E2,3.940500319E-1,8.473050117E0,9.730500579E-1
2.773374059E2,1.411950111E0,9.757050514E0,9.870000482E-1
2.773398494E2,4.510050297E0,9.460050583E0,-9.900000691E-2
2.773422930E2,4.708950043E0,7.924950600E0,-3.139050245E0
2.773447367E2,2.125050068E0,7.966050148E0,-1.996950150E0
2.773471801E2,1.443000078E0,8.581050873E0,3.840000033E-1
2.773496237E2,3.492000103E0,9.613050461E0,-1.092000008E0
2.773520674E2,5.226000309E0,8.803950310E0,-5.505000114E0
2.773545109E2,4.093050003E0,7.840950489E0,-7.240950108E0
2.773569545E2,1.867050052E0,7.183050156E0,-4.279050350E0
2.773593982E2,1.362000108E0,7.258950233E0,2.639999986E-1
2.773618417E2,3.427950144E0,8.854050636E0,2.282999992E0
2.773642853E2,3.856050253E0,8.689050674E0,2.760000229E-1
2.773667290E2,2.677950144E0,8.803950310E0,-1.924950123E0
2.773691724E2,2.022000074E0,8.289000511E0,-4.143000126E0
2.773716161E2,3.739050150E0,8.289000511E0,-4.969050407E0
2.773740598E2,6.769950390E0,9.910050392E0,-6.601950169E0
2.773765034E2,4.732950211E0,1.110000038E1,-7.440000534E0
2.773789469E2,1.243950009E0,1.143495083E1,-3.496050119E0
2.773813905E2,1.126950026E0,9.706050873E0,1.030050039E0
2.773838342E2,2.535000086E0,1.021395016E1,3.717000246E0
2.773862777E2,4.198950291E0,1.147605038E1,2.215950012E0
2.773887213E2,5.427000046E0,1.168605042E1,-1.794000030E0
2.773911650E2,3.319950104E0,1.020195007E1,-4.554000378E0
2.773936084E2,6.790500283E-1,1.078605080E1,-2.008949995E0
2.773960521E2,3.870000243E-1,1.137795067E1,4.939500093E-1
2.773984958E2,1.122000098E0,1.301805019E1,-1.192950010E0
2.774009392E2,2.077050209E0,1.264905071E1,-3.810000122E-1
2.774033829E2,2.197050095E0,1.189500046E1,2.280000150E-1
2.774058265E2,2.221050024E0,1.145205021E1,-1.729500145E-1
2.774082700E2,2.484000206E0,1.135395050E1,-9.460500479E-1
2.774107137E2,2.044049978E0,1.210995102E1,-1.483050108E0
2.774131573E2,1.429050088E0,1.159800053E1,-7.590000629E-1
2.774156010E2,7.339500189E-1,1.028100014E1,-2.880000174E-1
2.774180444E2,1.012050033E0,9.583950043E0,3.889500201E-1
2.774204881E2,2.911050081E0,9.168000221E0,-1.698000073E0
2.774229317E2,3.703050137E0,9.835950851E0,-3.147000074E0
2.774253752E2,4.338000298E0,9.238950729E0,-3.925050259E0
2.774278188E2,3.472950220E0,8.325000763E0,-3.549000263E0
2.774302625E2,2.712000132E0,8.215050697E0,-1.018050075E0
2.774327060E2,1.788000107E0,7.362000465E0,1.183950067E0
2.774351496E2,1.848000050E0,7.437000275E0,1.642950058E0
2.774375933E2,1.678050041E0,7.839000225E0,1.311000109E0
2.774400370E2,1.945950150E0,6.952950478E0,1.500000060E-2
2.774424805E2,1.749000072E0,6.663000107E0,-2.662950039E0
2.774449241E2,9.570000172E-1,6.666000366E0,-1.911000133E0
2.774473675E2,6.580500603E-1,7.249950409E0,6.300000101E-2
2.774498112E2,3.210000038E0,7.756950378E0,-3.720000088E-1
2.774522548E2,4.795050144E0,7.152000427E0,-3.580050230E0
2.774546985E2,3.231000185E0,7.555950165E0,-4.882050037E0
2.774571420E2,4.399500191E-1,7.336050510E0,-2.862000227E0
2.774595857E2,-5.205000192E-2,6.982050419E0,1.159950018E0
2.774620293E2,1.054949999E0,6.943050385E0,2.464950085E0
2.774644728E2,2.719050169E0,6.934050560E0,1.210050106E0
2.774669164E2,3.114000082E0,6.832950115E0,-1.408050060E0
2.774693601E2,1.540950060E0,6.847950459E0,-2.260950089E0
2.774718035E2,9.469500184E-1,6.736950397E0,-2.755950212E0
2.774742472E2,3.319950104E0,8.665050507E0,-3.349950075E0
2.774766908E2,3.514050245E0,8.989950180E0,-4.722000122E0
2.774791345E2,1.951050043E0,8.812950134E0,-4.417950153E0
2.774815780E2,7.249500155E-1,6.718050480E0,-2.376000166E0
2.774840216E2,1.186950088E0,5.976000309E0,1.469999999E-1
2.774864653E2,3.504000187E0,6.709050179E0,8.149500489E-1
2.774889088E2,5.652000427E0,7.246950150E0,-1.003950000E0
2.774913524E2,5.523000240E0,6.277950287E0,-3.694950104E0
2.774937961E2,2.472000122E0,6.547950268E0,-3.472050190E0
2.774962395E2,1.555050015E0,8.088000298E0,-1.327050090E0
2.774986832E2,3.045000076E0,9.574950218E0,-3.720000088E-1
2.775011268E2,6.295950413E0,9.916950226E0,-4.372050285E0
2.775035703E2,5.257050037E0,9.598950386E0,-6.640050411E0
2.775060140E2,2.413050175E0,8.911050797E0,-4.650000095E0
2.775084576E2,1.480950117E0,8.868000031E0,-4.309500158E-1
2.775109011E2,1.860000134E0,9.735000610E0,2.436000109E0
2.775133448E2,2.350050211E0,1.034295082E1,6.790500283E-1
2.775157884E2,3.871050119E0,1.008900070E1,2.505000122E-2
2.775182321E2,3.196050167E0,9.273000717E0,-2.128950119E0
2.775206755E2,2.167950153E0,1.002195072E1,-1.528050065E0
2.775231191E2,1.861950040E0,1.147605038E1,-1.261950016E0
2.775255628E2,2.212050200E0,1.309695053E1,-1.030050039E0
2.775280063E2,2.674050093E0,1.260795021E1,-4.120500088E-1
2.775304500E2,3.040050030E0,1.196400070E1,-5.100000501E-1
2.775328936E2,2.566050053E0,1.180395031E1,-1.261950016E0
2.775353371E2,2.796000242E0,1.264200020E1,-1.726950049E0
2.775377808E2,2.901000023E0,1.331895065E1,-8.119500279E-1
2.775402244E2,2.403000116E0,1.267995071E1,-4.840500355E-1
2.775426679E2,1.441050053E0,1.187805080E1,-1.159050107E0
2.775451115E2,7.339500189E-1,1.218900013E1,-6.660000086E-1
2.775475552E2,2.389500141E-1,1.307505035E1,-1.255050063E0
2.775499989E2,5.359500051E-1,1.267005062E1,-5.749500394E-1
2.775524423E2,4.230000079E-1,1.237095070E1,-9.870000482E-1
2.775548859E2,1.114950061E0,1.203795052E1,9.000000358E-2
2.775573296E2,1.426050067E0,1.209105015E1,1.879500151E-1
2.775597731E2,2.110949993E0,1.183995056E1,8.460000157E-1
2.775622167E2,2.479950190E0,1.047300053E1,1.897050142E0
2.775646604E2,2.449050188E0,9.895050049E0,1.063950062E0
2.775671039E2,1.905000091E0,1.030995083E1,1.882950068E0
2.775695476E2,1.114950061E0,1.085295010E1,3.007950068E0
2.775719912E2,9.430500269E-1,9.330000877E0,2.331000090E0
2.775744347E2,1.414050102E0,8.586000443E0,2.589000225E0
2.775768783E2,1.918950081E0,8.184000015E0,1.882950068E0
2.775793220E2,2.689950228E0,8.740950584E0,1.672050118E0
2.775817654E2,2.721000195E0,8.617050171E0,2.164950132E0
2.775842091E2,4.357050419E0,7.554000378E0,2.899950027E0
2.775866527E2,4.237050056E0,7.273950577E0,-1.020495033E1
2.775890962E2,1.693950057E0,7.834050179E0,-1.456995106E1
2.775915399E2,1.675050020E0,6.940950394E0,-1.507305050E1
2.775939835E2,2.881950140E0,8.088000298E0,-5.620050430E0
2.775964272E2,2.293050051E0,8.059050560E0,-3.070500195E-1
2.775988707E2,1.267950058E0,8.421000481E0,4.852050304E0
2.776013143E2,8.950500488E-1,7.210950375E0,3.148950100E0
2.776037580E2,2.118000031E0,7.633050442E0,9.229500294E-1
2.776062014E2,3.193050146E0,8.233950615E0,2.059950113E0
2.776086451E2,4.591050148E0,8.497050285E0,1.890000105E0
2.776110887E2,3.804000139E0,8.449049950E0,-6.148950100E0
2.776135322E2,2.317050219E0,7.875000477E0,-7.471050262E0
2.776159759E2,1.041000009E0,8.107049942E0,-4.489950180E0
2.776184195E2,1.290000081E0,8.731950760E0,1.150050044E0
2.776208632E2,1.723050117E0,9.658050537E0,1.809000134E0
2.776233067E2,2.009999990E0,9.232050896E0,4.395000264E-2
2.776257503E2,1.749000072E0,8.863950729E0,4.200000167E-1
2.776281940E2,1.788000107E0,8.277000427E0,9.510000348E-1
2.776306374E2,3.559050083E0,9.354000092E0,-1.530000091E0
2.776330810E2,5.643000126E0,1.013700008E1,-5.112000465E0
2.776355247E2,5.644950390E0,1.022100067E1,-7.344000340E0
2.776379682E2,2.523000002E0,1.022805023E1,-5.740050316E0
2.776404119E2,1.339950085E0,1.007700062E1,-1.576050043E0
2.776428555E2,1.744950056E0,1.034295082E1,2.635050058E0
2.776452989E2,2.213999987E0,1.060905075E1,1.129050016E0
2.776477426E2,2.797950029E0,1.057800007E1,-5.295000225E-2
2.776501863E2,2.908050060E0,1.017300034E1,1.468950033E0
2.776526297E2,2.566050053E0,9.460050583E0,4.605000094E-2
2.776550734E2,2.085000038E0,9.196050644E0,-1.009500027E-1
2.776575170E2,1.507950068E0,1.040100002E1,-8.340000510E-1
2.776599605E2,1.183950067E0,1.137795067E1,-6.589500308E-1
2.776624042E2,1.354050040E0,1.041300011E1,3.820500076E-1
2.776648479E2,2.398050070E0,1.021605015E1,7.170000076E-1
2.776672915E2,3.852000237E0,9.922050476E0,2.395050049E0
2.776697350E2,4.510050297E0,9.213000298E0,-4.365000248E0
2.776721786E2,2.305050135E0,9.898050308E0,-6.360000134E0
2.776746223E2,1.374000072E0,9.850050926E0,-5.412000179E0
2.776770657E2,1.797000051E0,8.749050140E0,-2.473950148E0
2.776795094E2,2.815050125E0,7.960950375E0,2.449500114E-1
2.776819531E2,3.399000168E0,7.575000286E0,1.485000014E0
2.776843965E2,3.933000088E0,8.217000008E0,1.521000028E0
2.776868402E2,4.516950130E0,8.671950340E0,-9.970500469E-1
2.776892839E2,4.318050385E0,9.256050110E0,-4.510950089E0
2.776917275E2,3.519000053E0,9.124950409E0,-6.739950180E0
2.776941710E2,1.764000058E0,8.571000099E0,-5.802000046E0
2.776966146E2,9.979500771E-1,8.610000610E0,-2.670000076E0
2.776990583E2,1.263000011E0,8.524050713E0,5.059500337E-1
2.777015017E2,1.857000113E0,8.002050400E0,2.026050091E0
2.777039454E2,3.196050167E0,7.603950500E0,1.537950039E0
2.777063890E2,3.163950205E0,7.542000294E0,-7.905000448E-2
2.777088325E2,1.323000073E0,7.828950405E0,-2.380500138E-1
2.777112762E2,8.230500221E-1,8.224050522E0,-1.540500075E-1
2.777137198E2,1.251000047E0,7.996950150E0,-1.426950097E0
2.777161633E2,3.729000092E0,7.774050236E0,-3.147000074E0
2.777186070E2,4.642050266E0,7.626000404E0,-5.092950344E0
2.777210506E2,3.208050251E0,7.906050205E0,-4.914000034E0
2.777234940E2,1.429050088E0,8.542950630E0,-1.686000109E0
2.777259377E2,1.195950031E0,8.277000427E0,1.393950105E0
2.777283814E2,1.534050107E0,8.257950783E0,1.449000120E0
2.777308250E2,2.092050076E0,8.320050240E0,1.042050004E0
2.777332685E2,2.632950068E0,7.984950542E0,3.790500164E-1
2.777357122E2,3.459000111E0,8.490000725E0,-3.079950094E0
2.777381558E2,3.624000072E0,8.605050087E0,-4.558950424E0
2.777405992E2,2.512950182E0,9.394950867E0,-3.582000256E0
2.777430429E2,2.608950138E0,9.285000801E0,-2.220000029E0
2.777454865E2,3.057000160E0,9.852000237E0,-6.640500426E-1
2.777479302E2,2.266950130E0,9.670050621E0,-3.405000269E-2
2.777503737E2,1.471950054E0,9.598950386E0,1.027950048E0
2.777528174E2,1.692000031E0,9.237000465E0,2.639999986E-1
2.777552607E2,2.104050159E0,9.574950218E0,-3.280500174E-1
2.777577044E2,2.674050093E0,9.972000122E0,-1.440000087E-1
2.777601481E2,2.994000196E0,1.135800076E1,2.449500114E-1
2.777625917E2,2.652000189E0,1.164105034E1,-1.200000010E-2
2.777650352E2,2.331000090E0,1.108800030E1,-6.040500402E-1
2.777674789E2,2.104050159E0,1.200000095E1,-1.255050063E0
2.777699225E2,2.130000114E0,1.199505043E1,-5.179499984E-1
2.777723660E2,1.900050044E0,1.188795090E1,-1.750500053E-1
2.777748097E2,2.937000036E0,1.123200035E1,7.099500299E-1
2.777772533E2,4.261050224E0,1.085595036E1,-3.412050247E0
2.777796967E2,2.941950083E0,1.065705013E1,-4.497000217E0
2.777821404E2,1.891050100E0,1.133700085E1,-2.476050138E0
2.777845840E2,1.783050060E0,1.136100101E1,-3.379500210E-1
2.777870277E2,2.499000072E0,1.200495052E1,9.870000482E-1
2.777894712E2,3.504000187E0,1.118100071E1,1.920000017E-1
2.777919149E2,4.359000206E0,1.077405071E1,-9.220500588E-1
2.777943585E2,3.253050089E0,1.084395027E1,-2.505000114E0
2.777968020E2,1.861950040E0,1.080495071E1,-6.109500527E-1
2.777992457E2,1.462050080E0,9.868950844E0,1.119000077E0
2.778016893E2,2.458050013E0,9.766050339E0,9.705000371E-2
2.778041328E2,3.612000227E0,9.088950157E0,-2.493000031E0
2.778065764E2,3.246000051E0,8.916000366E0,-4.140000343E0
2.778090201E2,2.701950073E0,8.341950417E0,-3.853050232E0
2.778114635E2,2.266950130E0,8.454000473E0,-1.111050010E0
2.778139072E2,2.938950062E0,9.244050026E0,1.435050011E0
2.778163508E2,2.496000051E0,1.004895020E1,1.432950020E0
2.778187945E2,2.044049978E0,9.782999992E0,1.147950053E0
2.778212380E2,1.845000029E0,9.181950569E0,1.654950023E0
2.778236817E2,1.785000086E0,8.171999931E0,2.910000086E-1
2.778261253E2,1.576950073E0,8.125950813E0,-1.087050080E0
2.778285688E2,1.965000153E0,7.899000168E0,-3.750000238E0
2.778310125E2,3.736950159E0,7.723950386E0,-4.693050385E0
2.778334561E2,4.318050385E0,7.096950531E0,-4.933050156E0
2.778358996E2,3.777000189E0,8.883000374E0,-3.123000145E0
2.778383432E2,3.715050220E0,1.008195019E1,5.920500159E-1
2.778407869E2,3.373050213E0,1.122195053E1,2.838000059E0
2.778432303E2,2.353049994E0,1.351095104E1,1.291050076E0
2.778456740E2,1.441050053E0,1.254405022E1,1.954950094E0
2.778481176E2,4.905000329E-2,1.256295013E1,-7.000500560E-1
2.778505611E2,1.690500081E-1,1.234005070E1,-5.509500504E-1
2.778530048E2,1.297050118E0,1.223505020E1,1.099950075E0
2.778554484E2,2.178000212E0,1.366605091E1,-1.630950093E0
2.778578921E2,2.556000233E0,1.435605049E1,-3.760500252E-1
2.778603356E2,3.138000250E0,1.532100105E1,-3.900000080E-2
2.778627792E2,3.828000069E0,1.903395081E1,4.750500321E-1
2.778652229E2,4.608000278E0,1.909200096E1,-1.240950108E0
2.778676663E2,4.639050007E0,1.957305145E1,-1.837050080E0
2.778701100E2,4.339950085E0,2.060505104E1,-7.090500593E-1
2.778725536E2,2.392950058E0,2.144100189E1,-2.257950068E0
2.778749973E2,1.855050087E0,2.186205101E1,-1.465950012E0
2.778774408E2,1.479000092E0,2.293995094E1,-1.474950075E0
2.778798844E2,1.632000089E0,2.217600060E1,-1.249950051E0
2.778823279E2,-2.749500275E-1,1.870905113E1,-3.034050226E0
2.778847716E2,-3.040500283E-1,1.853205109E1,-1.698000073E0
2.778872152E2,8.989500403E-1,1.886895180E1,2.416950226E0
2.778896589E2,1.086000085E0,1.689599991E1,-7.279500365E-1
2.778921023E2,2.404950142E0,1.564200115E1,1.081050038E0
2.778945459E2,3.373050213E0,1.557195091E1,-9.199500680E-1
2.778969896E2,2.410050154E0,1.751205063E1,2.638950109E0
2.778994331E2,7.440000176E-1,1.675005150E1,6.370050430E0
2.779018768E2,2.182950020E0,1.527795029E1,3.733950138E0
2.779043204E2,5.209050179E0,1.554105091E1,5.280000210E0
2.779067639E2,6.708000183E0,1.441395092E1,5.911950111E0
2.779092076E2,6.685950279E0,1.400205040E1,5.254050255E0
2.779116512E2,5.740950108E0,1.296300030E1,4.030950069E0
2.779140949E2,4.141050339E0,1.337700081E1,3.700050116E0
2.779165383E2,1.455000043E0,1.411905098E1,-1.617000103E0
2.779189819E2,-1.319999993E-1,1.152105045E1,-1.753050089E0
2.779214254E2,7.920000553E-1,1.116000080E1,4.155000210E0
2.779238691E2,6.166950226E0,1.103505039E1,-6.187050343E0
2.779263127E2,1.177050114E0,1.001805019E1,-1.891500092E1
2.779287564E2,1.876050115E0,7.899000168E0,-1.877595139E1
2.779311999E2,2.532000065E0,8.920950890E0,-1.214400101E1
2.779336435E2,2.767050028E0,8.707950592E0,-5.685000420E0
2.779360872E2,1.009950042E0,1.002495003E1,-3.120000064E-1
2.779385307E2,-1.848000050E0,8.896950722E0,2.365950108E0
2.779409743E2,-1.008000016E0,8.112000465E0,3.046050072E0
2.779434180E2,4.705950260E0,8.196000099E0,1.800000109E-2
2.779458617E2,8.353050232E0,6.057000160E0,-3.457950115E0
2.779483051E2,1.066800022E1,3.787950277E0,-2.622000217E0
2.779507487E2,8.734050751E0,2.743950129E0,-8.470950127E0
2.779531924E2,6.016050339E0,4.639950275E0,-9.820500612E-1
2.779556359E2,3.349050045E0,4.645050049E0,-1.540500075E-1
2.779580795E2,2.271000147E0,5.470950127E0,-1.597050071E0
2.779605232E2,1.639050126E0,5.350950241E0,-1.110000089E-1
2.779629667E2,1.564950109E0,5.209950447E0,2.830500007E-1
2.779654103E2,3.295950174E0,5.751000404E0,4.080000222E-1
2.779678540E2,3.739050150E0,5.401050091E0,-3.430500031E-1
2.779702974E2,2.290950060E0,6.702000141E0,-2.091000080E0
2.779727411E2,2.683050156E0,8.290950775E0,-3.702000141E0
2.779751847E2,5.070000172E0,7.377000332E0,-6.123000145E0
2.779776282E2,4.977000237E0,7.657050133E0,-8.304000854E0
2.779800719E2,2.271000147E0,7.537050247E0,-5.767950058E0
2.779825155E2,1.255950093E0,7.506000519E0,-4.429500103E-1
2.779849592E2,1.993950129E0,7.738050461E0,2.485950232E0
2.779874027E2,2.520000219E0,6.253950119E0,2.665950060E0
2.779898463E2,3.375000238E0,6.405000210E0,1.975950122E0
2.779922900E2,5.085000038E0,6.634050369E0,-4.360500276E-1
2.779947334E2,5.370000362E0,6.361950397E0,-4.597949982E0
2.779971770E2,3.162000179E0,7.093950272E0,-4.528050423E0
2.779996207E2,4.639500082E-1,8.016000748E0,-2.428050041E0
2.780020642E2,8.179500103E-1,8.097000122E0,-1.624050021E0
2.780045078E2,3.487950087E0,7.570950508E0,-1.453950047E0
2.780069515E2,5.056050301E0,5.368050098E0,-5.095950127E0
2.780093950E2,4.600950241E0,4.425000191E0,-4.624050140E0
2.780118387E2,3.543000221E0,5.137950420E0,-3.229950190E0
2.780142823E2,2.869950056E0,5.880000114E0,5.110500455E-1
2.780167260E2,2.638050079E0,6.025950432E0,2.323050022E0
2.780191694E2,2.398050070E0,6.153000355E0,2.050050020E0
2.780216130E2,1.723050117E0,7.305000305E0,2.017050028E0
2.780240567E2,1.575000048E0,7.209000111E0,1.131000042E0
2.780265002E2,1.849950075E0,6.000000477E0,-2.151000023E0
2.780289438E2,2.206950188E0,6.579000473E0,-3.372000217E0
2.780313875E2,1.720950127E0,6.358950138E0,-3.028950214E0
2.780338309E2,1.455000043E0,5.752950191E0,-2.134050131E0
2.780362746E2,2.632950068E0,5.775000095E0,-2.233950138E0
2.780387183E2,4.678050041E0,6.226950169E0,-3.727950096E0
2.780411617E2,5.013000011E0,7.032000542E0,-2.779950142E0
2.780436053E2,4.077000141E0,6.811950207E0,-4.152000427E0
2.780460490E2,2.970000029E0,7.027050495E0,-4.039950371E0
2.780484925E2,2.101050138E0,7.281000137E0,-1.758000135E0
2.780509362E2,2.250000000E0,7.531950474E0,-1.510500014E-1
2.780533798E2,3.612000227E0,6.229950428E0,-3.600000143E-1
2.780558235E2,3.343950272E0,5.574000359E0,-2.883000135E0
2.780582669E2,2.140050173E0,5.305950165E0,-1.801050067E0
2.780607105E2,1.078950047E0,5.575950146E0,-2.895000204E-2
2.780631542E2,3.970500231E-1,6.424050331E0,1.663050056E0
2.780655977E2,6.120000482E-1,6.417000294E0,1.035000086E0
2.780680413E2,7.270500064E-1,6.565050125E0,-1.200000010E-2
2.780704850E2,3.025950193E0,6.487950325E0,-5.805000290E-2
2.780729287E2,3.789000273E0,6.346950531E0,-4.815000057E0
2.780753721E2,2.644950151E0,6.651000500E0,-7.075950146E0
2.780778157E2,7.099500299E-1,6.943050385E0,-5.289000034E0
2.780802594E2,4.009500146E-1,6.618000507E0,-1.576050043E0
2.780827029E2,2.056050062E0,5.515950203E0,2.160000056E-1
2.780851465E2,3.567000151E0,4.765050411E0,-6.640500426E-1
2.780875902E2,3.271950245E0,4.432050228E0,-1.257000089E0
2.780900337E2,4.263000011E0,4.575000286E0,-1.573950052E0
2.780924773E2,3.283950090E0,5.037000179E0,-3.927000284E0
2.780949210E2,1.551000118E0,5.470950127E0,-3.829050064E0
2.780973644E2,1.582050085E0,5.542950153E0,-2.467050076E0
2.780998081E2,3.186000109E0,6.481050491E0,-1.681050062E0
2.781022517E2,3.751050234E0,6.481050491E0,-2.115000010E0
2.781046952E2,3.303000212E0,6.081000328E0,-2.208000183E0
2.781071388E2,2.860050201E0,5.716950417E0,-3.268950224E0
2.781095825E2,2.068050146E0,6.069000244E0,-3.295050144E0
2.781120260E2,1.804050088E0,6.007050514E0,-2.554950237E0
2.781144697E2,1.986000061E0,5.404050350E0,-2.092950106E0
2.781169133E2,2.797950029E0,5.749050140E0,-5.610000491E-1
2.781193570E2,3.105000257E0,5.931000233E0,-3.570000231E-1
2.781218004E2,1.812000036E0,5.749050140E0,-1.123050094E0
2.781242440E2,8.490000367E-1,5.518950462E0,-1.055999994E0
2.781266877E2,1.237050056E0,5.221950054E0,-1.240950108E0
2.781291312E2,2.398050070E0,4.888950348E0,-2.265000105E0
2.781315748E2,3.679050207E0,3.994050264E0,-3.478950262E0
2.781340185E2,4.126950264E0,4.159049988E0,-1.957050085E0
2.781364620E2,4.845000267E0,3.639000177E0,-2.400000095E0
2.781389057E2,4.627050400E0,4.361999989E0,-3.867000103E0
2.781413493E2,3.175950050E0,5.337000370E0,-3.040950060E0
2.781437928E2,2.449050188E0,5.854050159E0,-1.698000073E0
2.781462364E2,3.105000257E0,5.559000492E0,-1.224000096E0
2.781486801E2,4.024050236E0,5.500050068E0,-2.419050217E0
2.781511237E2,3.823050261E0,5.143050194E0,-3.646950245E0
2.781535672E2,3.331950188E0,5.116050243E0,-4.320000172E0
2.781560108E2,2.632950068E0,5.071050167E0,-4.281000137E0
2.781584545E2,1.833000064E0,5.277000427E0,-3.024000168E0
2.781608980E2,2.635050058E0,4.872000217E0,-2.533950090E0
2.781633417E2,4.279950142E0,4.650000095E0,-4.654950142E0
2.781657853E2,4.948050022E0,5.590950489E0,-2.422950029E0
2.781682288E2,4.072050095E0,4.405050278E0,-3.489000082E0
2.781706724E2,3.691050291E0,5.269950390E0,-4.036950111E0
2.781731161E2,2.832000017E0,4.687950134E0,-6.058050156E0
2.781755595E2,2.712000132E0,4.474950314E0,-4.822950363E0
2.781780032E2,3.469050169E0,4.068000317E0,-4.234050274E0
2.781804468E2,5.209050179E0,3.900000095E0,-2.752050161E0
2.781828903E2,6.616950512E0,4.006050110E0,-2.542950153E0
2.781853340E2,5.923050404E0,4.297950268E0,-2.506950140E0
2.781877776E2,2.776950121E0,5.310000420E0,-1.918050051E0
2.781902211E2,1.675050020E0,5.794050217E0,-1.005000062E-2
2.781926648E2,2.365050077E0,5.844000340E0,1.279500127E-1
2.781951084E2,4.249050140E0,6.010050297E0,-1.024950027E0
2.781975518E2,5.362050056E0,5.986050129E0,-4.162050247E0
2.781999955E2,5.683050156E0,6.004950523E0,-6.561000347E0
2.782024392E2,4.536000252E0,6.268050194E0,-6.760050297E0
2.782048828E2,1.828050137E0,7.729050159E0,-4.873050213E0
2.782073263E2,9.469500184E-1,8.169000626E0,-3.319050074E0
2.782097700E2,1.291950107E0,7.681050301E0,-2.425950050E0
2.782122136E2,1.656000137E0,7.768950462E0,-1.948950052E0
2.782146571E2,3.492000103E0,6.369000435E0,-2.493000031E0
2.782171008E2,5.062950134E0,5.788950443E0,-3.538950205E0
2.782195444E2,5.695050240E0,6.354000092E0,-4.427999973E0
2.782219878E2,3.847050190E0,6.634050369E0,-3.742950201E0
2.782244315E2,2.319000006E0,6.457050323E0,-2.658000231E0
2.782268751E2,2.512950182E0,6.274950504E0,-1.353000045E0
2.782293188E2,4.615050316E0,6.328050137E0,-1.918050051E0
2.782317623E2,6.576000214E0,5.743950367E0,-4.027950287E0
2.782342060E2,5.757000446E0,5.839950085E0,-6.127050400E0
2.782366496E2,4.435950279E0,6.496050358E0,-6.472050190E0
2.782390931E2,4.660950184E0,6.586950302E0,-5.485950470E0
2.782415368E2,4.423950195E0,6.903000355E0,-3.175050259E0
2.782439804E2,4.081050396E0,7.647000313E0,-2.806950092E0
2.782464238E2,3.283950090E0,8.076000214E0,-3.136950254E0
2.782488675E2,3.202950239E0,7.743000507E0,-4.072950363E0
2.782513112E2,2.920050144E0,7.012950420E0,-4.116000175E0
2.782537546E2,2.080049992E0,6.349950314E0,-3.168000221E0
2.782561983E2,1.611000061E0,5.353950024E0,-1.678950071E0
2.782586419E2,2.808000088E0,4.695000172E0,-1.819500029E-1
2.782610854E2,4.387950420E0,4.282950401E0,-9.510000348E-1
2.782635291E2,5.245050430E0,4.245000362E0,-2.032950163E0
2.782659727E2,4.828050137E0,4.930050373E0,-3.582000256E0
2.782684164E2,3.568950176E0,5.782050133E0,-4.894050121E0
2.782708599E2,1.996050119E0,7.201950550E0,-5.482950211E0
2.782733036E2,1.231950045E0,6.711000443E0,-4.975950241E0
2.782757472E2,1.656000137E0,6.318000317E0,-2.491050005E0
2.782781906E2,3.787050247E0,4.651950359E0,-1.605000019E0
2.782806343E2,5.319000244E0,3.766050100E0,-1.618950129E0
2.782830779E2,6.490050316E0,3.594000101E0,-3.396000147E0
2.782855214E2,6.435000420E0,3.225000143E0,-5.184000015E0
2.782879651E2,5.515950203E0,4.161000252E0,-6.453000069E0
2.782904087E2,3.994950294E0,4.765050411E0,-6.376050472E0
2.782928522E2,4.218000412E0,5.296050072E0,-5.634000301E0
2.782952959E2,6.651000500E0,5.341950417E0,-4.758000374E0
2.782977395E2,8.499000549E0,4.891050339E0,-4.765050411E0
2.783001832E2,8.334000587E0,5.277000427E0,-6.415050507E0
2.783026266E2,7.216050148E0,6.541050434E0,-7.018050194E0
2.783050703E2,8.164050102E0,7.671000481E0,-8.337000847E0
2.783075139E2,8.542050362E0,7.980000496E0,-9.220950127E0
2.783099574E2,7.129050255E0,8.626950264E0,-1.002300072E1
2.783124011E2,5.638050079E0,8.586000443E0,-8.527050018E0
2.783148447E2,4.114950180E0,7.381050587E0,-5.944950104E0
2.783172882E2,4.251000404E0,5.851950169E0,-3.036000252E0
2.783197319E2,3.636000156E0,4.255050182E0,-5.749500394E-1
2.783221755E2,4.632000446E0,2.701050043E0,4.729500115E-1
2.783246189E2,6.277050495E0,2.703000069E0,-1.699500084E-1
2.783270626E2,8.355000496E0,2.916000128E0,-2.590950012E0
2.783295062E2,8.692950249E0,4.357950211E0,-5.881050110E0
2.783319497E2,5.817000389E0,7.981950283E0,-5.670000076E0
2.783343934E2,5.074950218E0,9.637050629E0,-5.481000423E0
2.783368370E2,3.106950045E0,1.088700008E1,-3.309000254E0
2.783392807E2,1.231950045E0,1.062795067E1,-5.869500041E-1
2.783417242E2,1.765950084E0,9.313950539E0,6.599999964E-2
2.783441678E2,2.491950035E0,8.171999931E0,-3.619500101E-1
2.783466115E2,2.404950142E0,7.687950134E0,-7.000500560E-1
2.783490550E2,2.329050064E0,7.686000347E0,1.060500070E-1
2.783514986E2,3.828000069E0,7.567950249E0,-8.719500303E-1
2.783539423E2,4.678050041E0,8.835000038E0,-3.271050215E0
2.783563860E2,4.812000275E0,1.058505058E1,-3.724050283E0
2.783588294E2,3.342000246E0,1.037400055E1,-5.539500117E-1
2.783612730E2,2.191950083E0,1.225905037E1,-1.128000021E0
2.783637167E2,1.965000153E0,1.407405090E1,-2.115000010E0
2.783661602E2,1.395000100E0,1.355895042E1,-9.079500437E-1
2.783686038E2,8.440500498E-1,1.391805077E1,-1.042050004E0
2.783710475E2,1.843050122E0,1.525905037E1,1.995000057E-2
2.783734910E2,2.203950167E0,1.537605095E1,-1.489500105E-1
2.783759346E2,2.182950020E0,1.533795071E1,4.249500334E-1
2.783783783E2,1.812000036E0,1.355205059E1,9.870000482E-1
2.783808217E2,8.830500245E-1,1.131300068E1,1.596000075E0
2.783832653E2,1.000050068E0,7.492050171E0,-2.644050121E0
2.783857090E2,1.339950085E0,7.156050205E0,-6.328950405E0
2.783881525E2,2.980050087E0,6.982050419E0,-6.420000076E0
2.783905962E2,4.510050297E0,7.924950600E0,-4.320000172E0
2.783930398E2,5.070000172E0,8.665050507E0,-1.920000017E-1
2.783954835E2,7.006950378E0,1.171800041E1,5.110500455E-1
2.783979269E2,6.562050343E0,1.308705044E1,-1.138050079E0
2.784003706E2,4.840050220E0,1.371195030E1,-7.740000486E-1
2.784028143E2,4.170000076E0,1.429605103E1,4.390500188E-1
2.784052577E2,2.563050032E0,1.332405090E1,2.689950228E0
2.784077013E2,1.795050144E0,1.172205067E1,1.408950090E0
2.784101450E2,3.588000059E0,1.129095078E1,-4.060950279E0
2.784125885E2,5.827050209E0,9.565050125E0,-1.224705029E1
2.784150321E2,5.329050064E0,1.073805046E1,-1.380405045E1
2.784174758E2,1.957950115E0,1.213200092E1,-7.483050346E0
2.784199193E2,1.789500117E-1,1.291005039E1,1.363050103E0
2.784223630E2,2.131950140E0,1.508895111E1,3.532050133E0
2.784248066E2,3.415950060E0,1.757205009E1,2.194050074E0
2.784272503E2,3.816000223E0,1.642695045E1,2.038050175E0
2.784296938E2,5.142000198E0,1.523505116E1,-5.269500017E-1
2.784321374E2,4.378050327E0,1.513200092E1,-4.144950390E0
2.784345811E2,4.534049988E0,1.649700165E1,-6.196950436E0
2.784370245E2,2.644950151E0,1.517700100E1,-5.620050430E0
2.784394682E2,1.029000044E0,1.297905064E1,1.039500013E-1
2.784419118E2,-3.280500174E-1,1.075305080E1,1.902000070E0
2.784443553E2,-5.149500370E-1,1.072395039E1,1.279500127E-1
2.784467989E2,3.010500073E-1,1.193295097E1,-1.312950015E0
2.784492426E2,1.728000045E0,1.195005035E1,4.339500070E-1
2.784516861E2,2.167950153E0,1.356105042E1,-7.620000243E-1
2.784541297E2,2.851050138E0,1.494300079E1,2.040000111E-1
2.784565734E2,3.076050043E0,1.484700108E1,3.940500319E-1
2.784590168E2,2.698050022E0,1.442100048E1,-3.810000122E-1
2.784614605E2,3.511950254E0,1.560105038E1,9.180000424E-1
2.784639042E2,3.763050079E0,1.438005066E1,3.202050209E0
2.784663478E2,3.208050251E0,1.261305046E1,2.728050232E0
2.784687913E2,4.105050087E0,1.242105103E1,4.099950314E0
2.784712349E2,4.909950256E0,1.208100033E1,4.198050022E0
2.784736786E2,5.962950230E0,1.154805088E1,2.958000183E0
2.784761221E2,6.739050388E0,1.178505039E1,-1.361205101E1
2.784785658E2,3.816000223E0,1.306995106E1,-1.850400162E1
2.784810094E2,2.890950203E0,1.289295101E1,-1.391805077E1
2.784834528E2,3.193050146E0,1.257495022E1,-4.534950256E0
2.784858965E2,5.425050259E0,1.371705055E1,1.978950143E0
2.784883401E2,5.074950218E0,1.490205097E1,1.155000091E0
2.784907836E2,4.066950321E0,1.495695114E1,8.580000401E-1
2.784932273E2,3.130950212E0,1.463595104E1,2.910000086E0
2.784956709E2,1.654050112E0,1.129605007E1,3.829050064E0
2.784981144E2,1.960500032E-1,8.445000648E0,3.274050236E0
2.785005581E2,-5.479500294E-1,9.141000748E0,2.533950090E0
2.785030017E2,8.539500237E-1,8.641050339E0,2.070000172E0
2.785054451E2,5.032050133E0,7.422000408E0,-1.345950007E0
2.785078888E2,4.204050064E0,8.605050087E0,-5.550000191E0
2.785103325E2,2.905950069E0,9.019050598E0,-9.250050545E0
2.785127761E2,1.809000134E0,1.042905045E1,-6.481950283E0
2.785152196E2,2.740950108E0,1.069995022E1,-3.682950258E0
2.785176633E2,2.860050201E0,9.963000298E0,-2.244000196E0
2.785201069E2,3.298950195E0,8.629050255E0,-1.114050031E0
2.785225504E2,5.536950111E0,6.622950077E0,-3.159000158E0
2.785249941E2,6.028050423E0,4.578000069E0,-6.493950367E0
2.785274377E2,3.895050287E0,4.528050423E0,-5.914050102E0
2.785298811E2,2.631000042E0,4.963050365E0,-3.403050184E0
2.785323248E2,5.041950226E0,5.928000450E0,-2.299050093E0
2.785347684E2,5.358000278E0,6.393000126E0,-4.786950111E0
2.785372119E2,3.744000196E0,7.480050564E0,-4.741050243E0
2.785396556E2,3.436950207E0,8.017950058E0,-2.440050125E0
2.785420992E2,3.969000101E0,9.922050476E0,-2.328000069E0
2.785445429E2,2.800950050E0,1.027395058E1,-3.130050182E0
2.785469863E2,-1.339500099E-1,8.763000488E0,-2.827950239E0
2.785494300E2,-1.084050059E0,6.543000221E0,-9.490500689E-1
2.785518736E2,7.849500179E-1,6.340050220E0,5.299500227E-1
2.785543171E2,4.816050053E0,5.679000378E0,-8.980500698E-1
2.785567608E2,5.860050201E0,5.143050194E0,-4.921050072E0
2.785592044E2,4.675050259E0,5.779950142E0,-4.839000225E0
2.785616479E2,3.990000248E0,6.370950222E0,-5.098050117E0
2.785640916E2,3.496950150E0,7.495950222E0,-3.532050133E0
2.785665352E2,4.090950012E0,7.978050232E0,-3.244950056E0
2.785689789E2,4.450050354E0,7.767000198E0,-4.273950100E0
2.785714223E2,3.190950155E0,8.014050484E0,-5.103000164E0
2.785738660E2,6.540000439E0,6.610950470E0,-6.457950115E0
2.785763094E2,6.703050137E0,4.717050076E0,-8.493000031E0
2.785787531E2,2.226000071E0,4.561050415E0,-5.866050243E0
2.785811967E2,1.279950023E0,5.266950130E0,1.849500090E-1
2.785836404E2,5.202000141E0,5.385000229E0,1.135950089E0
2.785860839E2,7.375950336E0,5.578950405E0,-2.553000212E0
2.785885276E2,4.941000462E0,8.334000587E0,-2.332950115E0
2.785909712E2,4.125000000E0,9.112950325E0,-4.027950287E0
2.785934146E2,3.540000200E0,1.022595024E1,-5.569950104E0
2.785958583E2,1.969950080E0,1.087200069E1,-6.154050350E0
2.785983020E2,5.569500327E-1,9.238950729E0,-4.662000179E0
2.786007454E2,-9.930000305E-1,7.906050205E0,1.473000050E0
2.786031891E2,-1.495950103E0,6.619950294E0,2.332950115E0
2.786056327E2,9.619500637E-1,4.494000435E0,5.089499950E-1
2.786080764E2,3.058950186E0,5.373000145E0,1.360950112E0
2.786105199E2,6.162000179E0,6.783000469E0,-1.995000057E-2
2.786129635E2,5.074950218E0,6.838050365E0,-3.724050283E0
2.786154072E2,4.029000282E0,7.753050327E0,-4.027950287E0
2.786178506E2,2.286000013E0,1.020900059E1,-2.356050014E0
2.786202942E2,1.729950070E0,1.068600082E1,-1.411050081E0
2.786227379E2,2.563050032E0,9.478950500E0,-1.581000090E0
2.786251814E2,6.787050247E0,7.978050232E0,-5.361000061E0
2.786276251E2,6.375000477E0,5.169000149E0,-8.622000694E0
2.786300687E2,3.154950142E0,4.195050240E0,-6.718950272E0
2.786325121E2,3.069000244E0,4.759950161E0,-3.160950184E0
2.786349558E2,6.418050289E0,5.794050217E0,-8.340000510E-1
2.786373994E2,6.780000210E0,7.270950317E0,-2.907000065E0
2.786398431E2,3.871050119E0,7.381050587E0,-2.304000139E0
2.786422866E2,3.649950266E0,8.241000175E0,-1.356000066E0
2.786447302E2,4.929000378E0,9.723000526E0,-3.448050261E0
2.786471737E2,3.727050066E0,9.736950874E0,-5.835000515E0
2.786496174E2,8.280000687E-1,9.253950119E0,-4.344000340E0
2.786520610E2,-1.659000039E0,7.008000374E0,2.164950132E0
2.786545047E2,-2.149950027E0,6.108000278E0,4.705950260E0
2.786569481E2,2.668950081E0,5.740950108E0,2.994000196E0
2.786593917E2,8.014950752E0,5.398950100E0,-2.392050028E0
2.786618354E2,5.820000172E0,5.610000134E0,-3.879000187E0
2.786642789E2,2.665950060E0,8.155050278E0,-1.966050148E0
2.786667225E2,1.498050094E0,9.493050575E0,-9.559500217E-1
2.786691662E2,2.458050013E0,1.006500053E1,-2.400000095E0
2.786716097E2,4.033950329E0,9.486000061E0,-4.747950077E0
2.786740533E2,6.106950283E0,9.321000099E0,-6.001050472E0
2.786764970E2,5.710050106E0,6.160050392E0,-7.531050205E0
2.786789406E2,2.518050194E0,4.453050137E0,-5.694000244E0
2.786813841E2,3.049950123E0,5.739000320E0,-3.160950184E0
2.786838277E2,6.981000423E0,6.072000504E0,-2.968950033E0
2.786862714E2,8.716950417E0,6.132000446E0,-4.530000210E0
2.786887149E2,6.150000095E0,7.176000118E0,-5.136000156E0
2.786911586E2,4.966950417E0,8.614950180E0,-4.035000324E0
2.786936022E2,4.480950356E0,1.038900089E1,-4.420050144E0
2.786960459E2,1.620000124E0,1.090095043E1,-3.232950211E0
2.786984893E2,-9.259500504E-1,9.295050621E0,-8.940000534E-1
2.787009330E2,-2.695950031E0,5.983050346E0,2.275050163E0
2.787033764E2,-1.791000128E0,5.988000393E0,3.856050253E0
2.787058201E2,4.761000156E0,4.585050106E0,-3.670500219E-1
2.787082637E2,7.528950214E0,4.650000095E0,-5.308950424E0
2.787107074E2,3.856050253E0,5.707950115E0,-4.321950436E0
2.787131509E2,8.200500607E-1,7.147050381E0,1.609500051E-1
2.787155945E2,8.989500403E-1,9.466950417E0,1.350000054E-1
2.787180382E2,2.128050089E0,1.029105091E1,-2.170050144E0
2.787204817E2,3.676950216E0,8.926050186E0,-4.699950218E0
2.787229253E2,5.944050312E0,7.852950573E0,-7.621050358E0
2.787253690E2,6.703050137E0,4.975050449E0,-1.046100044E1
2.787278124E2,3.925950289E0,3.277950048E0,-9.235050201E0
2.787302561E2,4.182000160E0,4.225950241E0,-5.917050362E0
2.787326997E2,7.398000240E0,4.780950069E0,-3.979950190E0
2.787351432E2,7.726050377E0,5.811000347E0,-4.753050327E0
2.787375868E2,4.915050030E0,6.864000320E0,-3.012000084E0
2.787400305E2,3.849000216E0,8.109000206E0,-1.389000058E0
2.787424742E2,3.958950281E0,9.364050865E0,-1.633050084E0
2.787449177E2,1.927050114E0,9.967050552E0,-2.935950041E0
2.787473613E2,-6.510000229E-1,8.433000565E0,-3.925050259E0
2.787498050E2,-2.017950058E0,6.141000271E0,-1.099050045E0
2.787522484E2,2.460000068E-1,5.671950340E0,3.027000189E0
2.787546921E2,5.098950386E0,5.155050278E0,4.699500203E-1
2.787571358E2,6.897000313E0,4.762050152E0,-3.783000231E0
2.787595792E2,3.781950235E0,6.346950531E0,-2.929050207E0
2.787620229E2,8.800500631E-1,7.936950207E0,1.489500105E-1
2.787644665E2,1.447950125E0,9.586950302E0,-8.029500246E-1
2.787669100E2,3.229050159E0,1.008900070E1,-4.540050030E0
2.787693537E2,4.548000336E0,9.742050171E0,-6.144000053E0
2.787717973E2,6.484950542E0,8.125950813E0,-8.280000687E0
2.787742407E2,4.900050163E0,5.550000191E0,-8.698950768E0
2.787766844E2,2.472000122E0,4.256999969E0,-6.075000286E0
2.787791281E2,3.694050074E0,5.851950169E0,-3.345000267E0
2.787815715E2,7.789950371E0,4.975050449E0,-4.048950195E0
2.787840152E2,8.145000458E0,5.904000282E0,-4.722000122E0
2.787864588E2,5.314950466E0,6.859950542E0,-2.707950115E0
2.787889023E2,4.254000187E0,8.650050163E0,-1.128000021E0
2.787913460E2,3.138000250E0,1.014195061E1,-1.675950050E0
2.787937896E2,-1.459500045E-1,1.159800053E1,-1.143000007E0
2.787962333E2,-2.317050219E0,9.313950539E0,1.402050018E0
2.787986767E2,-2.748000145E0,6.900000095E0,3.568050146E0
2.788011204E2,-1.008000016E0,7.159050465E0,1.002000093E0
2.788035641E2,4.060050011E0,6.112950325E0,2.527050018E0
2.788060075E2,6.370050430E0,6.169950485E0,-4.102050304E0
2.788084512E2,3.388950109E0,6.496050358E0,-2.670000076E0
2.788108948E2,1.102950096E0,9.577050209E0,-1.699500084E-1
2.788133383E2,1.126950026E0,1.166700077E1,-1.210050106E0
2.788157820E2,1.807050109E0,1.067805004E1,-3.376050234E0
2.788182257E2,1.483950019E0,9.247050285E0,-3.775950193E0
2.788206691E2,1.705950022E0,5.775000095E0,-3.652050257E0
2.788231128E2,2.242950201E0,3.385050058E0,-2.557950020E0
2.788255564E2,5.722050190E0,3.247050047E0,-2.244000196E0
2.788280001E2,1.090005016E1,4.824000359E0,-6.748050213E0
2.788304435E2,1.165200043E1,5.950050354E0,-1.059495068E1
2.788328872E2,7.321050167E0,8.260050774E0,-1.105695057E1
2.788353309E2,3.880050182E0,9.285000801E0,-6.999000549E0
2.788377743E2,2.938950062E0,1.039800072E1,-3.691950083E0
2.788402180E2,1.279950023E0,1.169100094E1,-3.205950260E0
2.788426616E2,-1.369050026E0,7.438950539E0,-4.170000255E-1
2.788451051E2,-1.800000072E0,4.161000252E0,3.259950161E0
2.788475488E2,2.491950035E0,1.968000054E0,2.970000029E0
2.788499924E2,9.375000000E0,1.852950096E0,-3.178050041E0
2.788524359E2,6.234000206E0,3.249000072E0,-5.095950127E0
2.788548796E2,4.680000246E-1,5.362950325E0,-2.634000063E0
2.788573232E2,6.000000052E-3,6.820950508E0,9.829500318E-1
2.788597666E2,1.065000057E0,8.976000786E0,2.070000172E0
2.788622103E2,2.688000202E0,8.539950371E0,-2.371050119E0
2.788646539E2,3.478050232E0,7.683000565E0,-7.258050442E0
2.788670976E2,4.736999989E0,4.669050217E0,-1.135905075E1
2.788695411E2,3.451950073E0,2.734050035E0,-1.071495056E1
2.788719848E2,5.752950191E0,7.279500365E-1,-6.898050308E0
2.788744284E2,1.109700012E1,1.372050047E0,-7.473000526E0
2.788768719E2,1.160700035E1,3.675000191E0,-9.706950188E0
2.788793156E2,9.658050537E0,5.916000366E0,-7.909050465E0
2.788817592E2,1.102200031E1,5.617050171E0,-6.826950550E0
2.788842029E2,1.057200050E1,8.191050529E0,-8.706000328E0
2.788866463E2,6.363000393E0,7.924950600E0,-8.887950897E0
2.788890899E2,3.688950062E0,6.213000298E0,-1.086600018E1
2.788915334E2,7.756950378E0,1.080000028E-1,-1.237395096E1
2.788939771E2,1.171905041E1,-2.713950157E0,-1.307295036E1
2.788964207E2,1.340505028E1,-4.369500279E-1,-7.714950562E0
2.788988644E2,1.184595013E1,1.339500099E-1,-3.580050230E0
2.789013079E2,1.070895004E1,-2.190000117E-1,-4.072950363E0
2.789037515E2,1.196100044E1,5.092950344E0,-7.348950386E0
2.789061951E2,1.153695011E1,1.350600052E1,-1.451895046E1
2.789086386E2,5.520000458E0,1.277595043E1,-2.068995094E1
2.789110822E2,5.487000465E0,1.169595051E1,-1.958805084E1
2.789135259E2,1.122105026E1,5.326950073E0,-1.957095146E1
2.789159694E2,1.030395031E1,1.348050117E0,-1.754100037E1
2.789184130E2,7.651050568E0,1.942050099E0,-1.124895096E1
2.789208567E2,7.852050304E0,3.376050234E0,-2.503050089E0
2.789233004E2,9.160050392E0,3.879000187E0,5.640000105E-1
2.789257438E2,8.391000748E0,5.418000221E0,4.038000107E0
2.789281874E2,8.286000252E0,6.187050343E0,1.708050132E0
2.789306309E2,9.664950371E0,8.326950073E0,-6.007950306E0
2.789330746E2,8.287950516E0,8.149950027E0,-1.307295036E1
2.789355182E2,3.478050232E0,6.634050369E0,-1.083195019E1
2.789379619E2,1.960500032E-1,4.930050373E0,-7.044000149E0
2.789404053E2,2.415000200E0,4.836000443E0,3.181050062E0
2.789428490E2,5.250000477E0,9.663000107E0,4.519050121E0
2.789452927E2,4.848000050E0,9.583950043E0,6.172950268E0
2.789477361E2,2.707050085E0,7.210950375E0,3.700500131E-1
2.789501797E2,2.755050182E0,1.186095047E1,2.869050026E0
2.789526234E2,4.062000275E0,1.701405144E1,1.981050134E0
2.789550671E2,3.580950260E0,1.707405090E1,-2.682000160E0
2.789575106E2,4.090500176E-1,1.473000050E1,-6.738000393E0
2.789599542E2,6.000000052E-3,1.314900017E1,9.540000558E-1
2.789623979E2,3.679500222E-1,1.322595024E1,6.121050358E0
2.789648414E2,-7.279500365E-1,9.559950829E0,2.553000212E0
2.789672850E2,-1.261950016E0,1.120995045E1,1.492950082E0
2.789697287E2,1.213050008E0,1.494300079E1,2.754000187E0
2.789721721E2,1.849950075E0,1.497900105E1,4.572000027E0
2.789746157E2,9.817950249E0,1.234995079E1,8.244000435E0
2.789770594E2,2.723400116E1,1.189695072E1,-2.614605141E1
2.789795029E2,2.143995094E1,1.025895023E1,-5.195895386E1
2.789819466E2,5.062950134E0,1.489005089E1,-4.148205185E1
2.789843902E2,-7.609500289E-1,9.426000595E0,-1.827105141E1
2.789868337E2,7.219500542E-1,7.482000351E0,9.510000348E-1
2.789892774E2,3.052050114E0,1.373400021E1,1.293705082E1
2.789917210E2,3.114000082E0,1.181595039E1,4.465950012E0
2.789941647E2,2.752950191E0,8.053950310E0,4.045050144E0
2.789966081E2,4.879050255E0,1.073100090E1,5.479050159E0
2.789990517E2,6.925950527E0,1.460700035E1,2.967000246E0
2.790014954E2,6.907050133E0,1.648005104E1,4.023000240E0
2.790039389E2,4.386000156E0,1.628805161E1,3.298050165E0
2.790063825E2,1.881000042E0,1.686495018E1,1.392000079E0
2.790088262E2,2.719500065E-1,1.234005070E1,-2.268000126E0
2.790112697E2,2.889000177E0,8.032950401E0,7.560000420E0
2.790137133E2,8.299950600E0,1.025895023E1,-1.043505096E1
2.790161570E2,1.006695080E1,1.078095055E1,-2.318205070E1
2.790186005E2,9.622050285E0,1.332900047E1,-2.848500061E1
2.790210441E2,4.752000332E0,1.380795097E1,-1.902105141E1
2.790234878E2,5.677950382E0,1.563705063E1,-8.361000061E0
2.790259312E2,5.932050228E0,1.539795113E1,-2.694000244E0
2.790283749E2,1.933950067E0,1.332705021E1,7.740000486E-1
2.790308185E2,1.450500041E-1,1.172700024E1,2.505000114E0
2.790332620E2,-2.073000193E0,1.041495037E1,6.592050076E0
2.790357057E2,-2.088000059E0,6.016950130E0,1.879950047E0
2.790381493E2,5.070000291E-1,7.732950211E0,-7.210500240E-1
2.790405930E2,5.185050011E0,8.536050797E0,-4.390500188E-1
2.790430365E2,3.682050228E0,7.390950203E0,-1.969500035E-1
2.790454801E2,7.879050255E0,1.096605015E1,9.705000371E-2
2.790479238E2,8.176050186E0,1.402095032E1,-4.510950089E0
2.790503672E2,4.330049992E0,1.305405045E1,-4.405950069E0
2.790528109E2,1.069050074E0,1.116000080E1,-4.461000443E0
2.790552545E2,-5.980500579E-1,7.246950150E0,-2.965050220E0
2.790576980E2,1.813950062E0,4.372050285E0,-1.510950089E0
2.790601417E2,7.813950539E0,7.141950130E0,-4.843950272E0
2.790625853E2,1.090305042E1,5.542950153E0,-1.023405075E1
2.790650288E2,8.128050804E0,7.554000378E0,-1.108395100E1
2.790674724E2,7.066950321E0,9.613050461E0,-7.906050205E0
2.790699161E2,6.315000534E0,1.025505066E1,-7.665000439E0
2.790723596E2,2.451000214E0,9.838050842E0,-6.292950153E0
2.790748033E2,4.660500288E-1,1.099005032E1,-1.566000104E0
2.790772469E2,-3.378000259E0,9.073950768E0,7.789950371E0
2.790796906E2,-2.929950237E0,4.486950397E0,2.491050005E0
2.790821340E2,-1.905000024E-2,3.436050177E0,2.962950230E0
2.790845777E2,4.788000107E0,3.165000200E0,3.748050213E0
2.790870214E2,6.081000328E0,2.173950195E0,-3.216000080E0
2.790894648E2,4.998000145E0,6.376050472E0,-5.074050426E0
2.790919085E2,4.546050072E0,9.571950912E0,-6.013050079E0
2.790943521E2,3.220050097E0,1.046100044E1,-6.997050285E0
2.790967956E2,2.080049992E0,1.009695053E1,-8.230050087E0
2.790992393E2,-9.889500737E-1,7.245000362E0,-7.428000450E0
2.791016829E2,-1.200000010E-2,4.816950321E0,-2.541000128E0
2.791041264E2,6.745950222E0,2.554950237E0,-4.972950459E0
2.791065701E2,1.158300018E1,1.614000082E0,-1.142805099E1
2.791090137E2,7.993950367E0,3.310950041E0,-9.259050369E0
2.791114574E2,6.085050106E0,6.048000336E0,-5.281950474E0
2.791139009E2,7.333050251E0,6.606000423E0,-4.372050285E0
2.791163445E2,4.084050179E0,7.609050274E0,-3.610950232E0
2.791187882E2,-1.659000039E0,8.374950409E0,-1.783950090E0
2.791212316E2,-2.458950043E0,5.691000462E0,-2.016000032E0
2.791236753E2,5.809500217E-1,3.294000149E0,-1.921050072E0
2.791261189E2,4.836000443E0,2.497050047E0,-6.090000272E-1
2.791285624E2,5.595000267E0,1.177950025E0,-2.215050220E0
2.791310061E2,2.235000134E0,2.421000004E0,7.890000343E-1
2.791334497E2,1.879500151E-1,5.212050438E0,2.497950077E0
2.791358932E2,-1.252050042E0,9.643950462E0,3.376950264E0
2.791383368E2,2.340000123E-1,1.035495090E1,-1.648050070E0
2.791407805E2,1.153050065E0,1.118400097E1,6.000000052E-3
2.791432239E2,1.812000036E0,7.675950527E0,2.460000038E0
2.791456676E2,2.820000052E-1,4.618050098E0,2.544000149E0
2.791481113E2,6.145050526E0,5.133000374E0,-1.726950049E0
2.791505549E2,1.104405022E1,2.452050209E0,-1.617405128E1
2.791529984E2,9.202950478E0,2.167050123E0,-1.990905190E1
2.791554420E2,6.093000412E0,6.031050205E0,-1.917600060E1
2.791578857E2,9.102000237E0,5.184000015E0,-1.427295113E1
2.791603292E2,7.624950409E0,5.614950180E0,-8.215050697E0
2.791627728E2,6.460500360E-1,7.257000446E0,-6.799500585E-1
2.791652165E2,-3.370950222E0,7.555950165E0,6.172950268E0
2.791676602E2,-1.996950150E0,4.804950237E0,4.713000298E0
2.791701036E2,1.066950083E0,5.430000305E0,3.625950098E0
2.791725473E2,2.932050228E0,3.298950195E0,4.489950180E0
2.791749909E2,3.876000166E0,1.471950054E0,2.635050058E0
2.791774344E2,4.824000359E0,1.803000093E0,-2.191050053E0
2.791798780E2,7.230000496E0,7.096950531E0,-2.622000217E0
2.791823217E2,6.433050156E0,9.984000206E0,-4.753050327E0
2.791847652E2,4.338000298E0,7.012950420E0,-7.849050522E0
2.791872088E2,1.050000072E0,6.517050266E0,-7.971000195E0
2.791896525E2,-8.980500698E-1,4.237950325E0,-5.491050243E0
2.791920959E2,4.492950439E0,3.310950041E0,-2.775000095E0
2.791945395E2,1.120905018E1,2.361000061E0,-6.760050297E0
2.791969832E2,8.710050583E0,2.830050230E0,-9.535050392E0
2.791994267E2,7.845000267E0,5.382000446E0,-7.783950329E0
2.792018703E2,1.097700024E1,6.772950172E0,-7.609950542E0
2.792043140E2,8.437050819E0,7.417050362E0,-4.921050072E0
2.792067577E2,1.936050057E0,8.145000458E0,-3.558000088E0
2.792092012E2,-3.400500119E-1,6.583950520E0,-3.357000113E0
2.792116448E2,1.849950075E0,4.765050411E0,-7.576050282E0
2.792140885E2,5.295000076E0,3.376050234E0,-7.240950108E0
2.792165319E2,4.242000103E0,1.590000033E0,-3.312000275E0
2.792189756E2,1.977000117E0,2.160000086E0,1.372950077E0
2.792214193E2,1.708950043E0,4.846050262E0,1.531050086E0
2.792238627E2,3.315000057E0,8.791950226E0,2.359050035E0
2.792263063E2,4.929000378E0,1.087005043E1,1.369950056E0
2.792287500E2,5.050950050E0,8.928000450E0,-2.505000114E0
2.792311935E2,1.516950130E0,7.792950153E0,-4.291050434E0
2.792336372E2,3.229050159E0,7.396050453E0,-1.885050058E0
2.792360808E2,6.330000401E0,7.393050194E0,-6.361950397E0
2.792385243E2,9.844050407E0,5.245950222E0,-1.188300037E1
2.792409679E2,8.833950043E0,6.450000286E0,-1.492905045E1
2.792434115E2,8.995050430E0,7.305000305E0,-1.219695091E1
2.792458550E2,1.025895023E1,6.687000275E0,-1.129005051E1
2.792482987E2,4.279950142E0,6.109950066E0,-1.005600071E1
2.792507423E2,-9.600000083E-2,5.418000221E0,-2.110050201E0
2.792531858E2,4.950000346E-1,4.009950161E0,4.545000076E0
2.792556295E2,4.560000420E0,6.508050442E0,2.218050003E0
2.792580731E2,4.315950394E0,6.345000267E0,1.342050076E0
2.792605168E2,1.660950065E0,2.128050089E0,1.426050067E0
2.792629602E2,2.275950193E0,5.125950336E0,3.070050240E0
2.792654038E2,3.697950125E0,8.962050438E0,1.069050074E0
2.792678475E2,4.132050037E0,1.221105099E1,2.053050041E0
2.792702910E2,4.989000320E0,1.268505096E1,-1.389000058E0
2.792727347E2,2.896050215E0,9.481050491E0,-6.022050381E0
2.792751783E2,6.700500250E-1,7.176000118E0,-8.170500398E-1
2.792776217E2,3.756000280E0,7.384050369E0,-1.396050096E0
2.792800654E2,6.394050121E0,8.161950111E0,-8.409000397E0
2.792825091E2,8.407950401E0,5.080950260E0,-1.400895023E1
2.792849525E2,8.992050171E0,6.723000526E0,-1.484295082E1
2.792873962E2,1.182195091E1,6.522000313E0,-1.552995110E1
2.792898398E2,6.904050350E0,6.703950405E0,-1.337700081E1
2.792922833E2,1.110000014E0,6.816000462E0,-8.494950294E0
2.792947270E2,-2.629500031E-1,5.785050392E0,1.469999999E-1
2.792971707E2,4.474050045E0,7.209000111E0,1.441950083E0
2.792996143E2,2.641950130E0,7.948950291E0,-7.710000277E-1
2.793020577E2,2.170950174E0,2.980950117E0,3.082050085E0
2.793045014E2,2.832000017E0,4.207050323E0,4.858950138E0
2.793069450E2,3.628950119E0,8.047050476E0,2.737950087E0
2.793093885E2,5.677950382E0,1.051605034E1,3.087000132E0
2.793118322E2,7.867050171E0,1.095900059E1,1.630950093E0
2.793142758E2,3.940050125E0,8.811000824E0,-1.813050032E0
2.793167193E2,9.900000691E-1,8.563950539E0,-3.064950228E0
2.793191630E2,3.562050104E0,7.932000160E0,-5.521950245E0
2.793216066E2,7.888050556E0,8.539950371E0,-1.052805042E1
2.793240500E2,9.148050308E0,6.112950325E0,-1.562295055E1
2.793264937E2,6.514050484E0,5.896950245E0,-1.509600067E1
2.793289374E2,1.141305065E1,7.420050144E0,-1.248900032E1
2.793313808E2,9.531000137E0,7.936950207E0,-1.210800076E1
2.793338245E2,2.571000099E0,8.811000824E0,-9.822000504E0
2.793362682E2,7.270500064E-1,8.128950119E0,-2.115000010E0
2.793387118E2,2.977950096E0,7.032000542E0,1.690500081E-1
2.793411553E2,6.979050159E0,7.534950256E0,-2.392050028E0
2.793435990E2,6.439950466E0,5.521050453E0,-2.293950081E0
2.793460426E2,3.661950111E0,7.197000504E0,2.089050055E0
2.793484861E2,3.054000139E0,1.022400093E1,4.432950020E0
2.793509298E2,3.628950119E0,1.226100063E1,3.886950254E0
2.793533734E2,4.591050148E0,1.225095081E1,2.521950006E0
2.793558168E2,4.447950363E0,1.147095013E1,-4.807950020E0
2.793582605E2,1.548000097E0,9.153000832E0,-5.850000381E0
2.793607041E2,2.080049992E0,6.735000134E0,-2.148000002E0
2.793631478E2,4.125000000E0,1.056405067E1,-5.479050159E0
2.793655913E2,8.362050056E0,8.650050163E0,-1.083705044E1
2.793680349E2,9.235950470E0,7.711950302E0,-1.378395081E1
2.793704786E2,1.038300037E1,1.025505066E1,-1.303500080E1
2.793729220E2,7.819050312E0,1.202205086E1,-1.140900040E1
2.793753657E2,2.860050201E0,1.126305008E1,-8.245950699E0
2.793778093E2,8.779500127E-1,8.203050613E0,-3.355050087E0
2.793802528E2,2.326050043E0,7.413000584E0,1.792050123E0
2.793826965E2,6.001950264E0,9.340050697E0,-1.971000075E0
2.793851401E2,5.902950287E0,6.004950523E0,-4.930050373E0
2.793875838E2,4.038000107E0,6.840000153E0,5.899500251E-1
2.793900273E2,2.779050112E0,9.060000420E0,4.765950203E0
2.793924709E2,2.602050066E0,1.118400097E1,2.728050232E0
2.793949146E2,3.868050098E0,1.382895088E1,4.597949982E0
2.793973580E2,2.282999992E0,1.144005013E1,-2.067000151E0
2.793998016E2,3.220500052E-1,8.454000473E0,-3.178050041E0
2.794022453E2,1.668000102E0,6.679950237E0,-2.208000183E0
2.794046888E2,6.556950092E0,8.599950790E0,-8.470950127E0
2.794071324E2,1.039800072E1,5.920950413E0,-1.535700035E1
2.794095761E2,5.701950073E0,8.787000656E0,-1.422000027E1
2.794120195E2,7.704000473E0,1.279500103E1,-9.537000656E0
2.794144631E2,8.214000702E0,1.094700050E1,-1.121295071E1
2.794169068E2,2.620950222E0,9.714000702E0,-1.008495045E1
2.794193503E2,-5.340000391E-1,8.962050438E0,-2.569950104E0
2.794217939E2,1.555050015E0,7.357950211E0,1.360950112E0
2.794242376E2,7.419000149E0,6.192000389E0,-2.035950184E0
2.794266813E2,7.948050499E0,3.282000065E0,-5.028000355E0
2.794291248E2,2.512950182E0,3.711000204E0,-1.597050071E0
2.794315684E2,1.840050101E0,7.858050346E0,4.978950024E0
2.794340121E2,3.682050228E0,1.024995041E1,2.908050060E0
2.794364556E2,6.208050251E0,1.168395042E1,1.690500081E-1
2.794388992E2,4.122000217E0,9.931050301E0,-4.726950169E0
2.794413429E2,-1.402950048E0,9.310950279E0,-2.385000229E0
2.794437863E2,8.640000224E-1,9.043050766E0,-3.442950249E0
2.794462299E2,8.149050713E0,6.775950432E0,-1.019100094E1
2.794486736E2,9.595050812E0,7.149000168E0,-1.389495087E1
2.794511171E2,6.220050335E0,7.827000141E0,-1.017105007E1
2.794535608E2,7.704000473E0,8.976000786E0,-6.250050068E0
2.794560044E2,7.753950596E0,7.855950356E0,-8.447999954E0
2.794584481E2,1.845000029E0,7.048950195E0,-7.774950504E0
2.794608915E2,-3.109500110E-1,7.482000351E0,-2.794950247E0
2.794633352E2,5.080050468E0,5.988000393E0,-2.629050016E0
2.794657788E2,8.929950714E0,4.314000130E0,-6.988950253E0
2.794682223E2,5.247000217E0,1.731000066E0,-4.300950050E0
2.794706659E2,2.194950104E0,5.473050117E0,5.539500117E-1
2.794731096E2,1.306050062E0,1.020405006E1,5.437950134E0
2.794755531E2,2.695050240E0,1.191105080E1,3.280950069E0
2.794779967E2,4.728000164E0,8.488050461E0,-1.106999993E0
2.794804404E2,7.440000176E-1,8.914050102E0,-2.847000122E0
2.794828838E2,-1.939500123E-1,8.368050575E0,-1.801050067E0
2.794853275E2,4.150950432E0,7.879950523E0,-2.979000092E0
2.794877712E2,7.507950306E0,6.136050224E0,-6.513000488E0
2.794902146E2,8.263950348E0,5.518950462E0,-8.212950706E0
2.794926583E2,7.816950321E0,7.819950581E0,-7.440000534E0
2.794951019E2,1.013700008E1,9.334950447E0,-1.140900040E1
2.794975456E2,3.409050226E0,9.454950333E0,-9.739950180E0
2.794999891E2,-3.040500283E-1,1.039800072E1,-4.435050011E0
2.795024327E2,1.144050002E0,8.289000511E0,6.709500551E-1
2.795048762E2,7.503000259E0,6.948000431E0,-2.455050230E0
2.795073199E2,9.469050407E0,4.318950176E0,-8.287050247E0
2.795097635E2,5.191950321E0,2.758050203E0,-5.742000103E0
2.795122072E2,2.683050156E0,6.445050240E0,1.672050118E0
2.795146506E2,3.325050116E0,1.264395046E1,4.219950199E0
2.795170943E2,1.279950023E0,1.136595058E1,2.572050095E0
2.795195380E2,7.819500566E-1,7.353000164E0,1.519500017E-1
2.795219814E2,-1.009950042E0,1.038600063E1,1.087950110E0
2.795244251E2,2.686050177E0,8.683950424E0,-2.814000130E0
2.795268687E2,7.600950241E0,8.212050438E0,-9.037050247E0
2.795293122E2,9.595050812E0,5.631000042E0,-1.226595020E1
2.795317559E2,4.804950237E0,6.487950325E0,-1.077495098E1
2.795341995E2,6.286950111E0,9.465000153E0,-6.357000351E0
2.795366430E2,5.092050076E0,8.892000198E0,-7.689000130E0
2.795390866E2,-1.789500117E-1,6.856950283E0,-5.586000443E0
2.795415302E2,-1.170000061E-1,3.529050112E0,-1.177950025E0
2.795439737E2,5.965950489E0,4.348050117E0,-4.260000229E0
2.795464174E2,1.094805050E1,3.529050112E0,-9.160950661E0
2.795488611E2,6.130950451E0,2.037000179E0,-3.901050091E0
2.795513045E2,2.355000019E0,1.978050113E0,1.939950109E0
2.795537482E2,2.013000011E0,8.515950203E0,4.690950394E0
2.795561919E2,2.022000074E0,1.160700035E1,4.284000397E0
2.795586355E2,4.230000019E0,8.137949944E0,-2.659500241E-1
2.795610789E2,9.379500151E-1,6.973950386E0,7.579500079E-1
2.795635226E2,6.409500241E-1,7.453050137E0,-1.771950126E0
2.795659663E2,7.510050297E0,6.855000496E0,-7.288950443E0
2.795684097E2,9.967050552E0,3.117000103E0,-1.050705051E1
2.795708534E2,8.319000244E0,3.595950127E0,-9.642000198E0
2.795732970E2,5.278950214E0,8.160000801E0,-5.835000515E0
2.795757407E2,7.170000553E0,8.373000145E0,-9.223050117E0
2.795781842E2,1.654050112E0,7.197000504E0,-1.016700077E1
2.795806279E2,-1.069950104E0,6.318000317E0,-4.801050186E0
2.795830715E2,4.999500215E-1,5.638050079E0,-2.773050070E0
2.795855150E2,7.498050213E0,6.574950218E0,-7.447050571E0
2.795879586E2,7.222950459E0,2.245950222E0,-8.122050285E0
2.795904023E2,2.413050175E0,1.759950042E0,1.131000042E0
2.795928457E2,2.896050215E0,2.989950180E0,4.660050392E0
2.795952894E2,3.421050072E0,1.343205070E1,3.694950104E0
2.795977330E2,2.263950109E0,9.843000412E0,3.861000299E0
2.796001765E2,1.299000025E0,5.866050243E0,3.465000153E0
2.796026202E2,2.269500047E-1,7.975050449E0,2.263950109E0
2.796050638E2,-1.390500069E-1,9.565050125E0,-2.068950176E0
2.796075073E2,9.781949997E0,7.153950214E0,-1.558950067E0
2.796099510E2,9.847050667E0,2.815950155E0,-1.264500046E1
2.796123946E2,1.272195053E1,4.183050156E0,-1.200795078E1
2.796148383E2,7.764000416E0,7.570950508E0,-1.791195107E1
2.796172817E2,1.054949999E0,8.356050491E0,-1.322895050E1
2.796197254E2,6.599999964E-2,8.855999947E0,-3.691950083E0
2.796221690E2,2.130000114E0,9.718050003E0,4.459500313E-1
2.796246125E2,6.235950470E0,8.112000465E0,-4.669500291E-1
2.796270562E2,5.713950157E0,3.141000032E0,-7.155000210E0
2.796294998E2,2.578050137E0,1.231050014E0,-2.754000187E0
2.796319433E2,4.759050369E0,4.528050423E0,4.099500179E-1
2.796343870E2,7.450050354E0,9.172050476E0,7.890000343E-1
2.796368306E2,4.309050083E0,9.630000114E0,-4.270500243E-1
2.796392742E2,1.215000033E0,4.671000004E0,2.620050192E0
2.796417177E2,-1.651950121E0,8.023050308E0,2.248950005E0
2.796441613E2,3.378000259E0,9.819000244E0,4.219500124E-1
2.796466050E2,8.644950867E0,7.384050369E0,-1.122495079E1
2.796490485E2,1.141005039E1,4.654050350E0,-1.395195103E1
2.796514921E2,9.600000381E0,6.976950169E0,-1.338195038E1
2.796539358E2,6.708000183E0,8.878050804E0,-1.008495045E1
2.796563793E2,6.670500040E-1,8.614950180E0,-5.875950336E0
2.796588229E2,-2.749500275E-1,7.963050365E0,1.047000051E0
2.796612666E2,2.626050234E0,7.141950130E0,7.840500474E-1
2.796637100E2,8.176050186E0,6.595950127E0,-5.968950272E0
2.796661537E2,7.114950180E0,2.782050133E0,-7.356000423E0
2.796685973E2,4.285050392E0,1.923000097E0,-3.882000208E0
2.796710408E2,5.695050240E0,4.855950356E0,1.060500070E-1
2.796734845E2,6.627000332E0,9.982050896E0,-2.400000021E-2
2.796759281E2,3.568950176E0,1.072200012E1,1.660050035E0
2.796783718E2,1.630050063E0,7.461000443E0,2.244000196E0
2.796808153E2,-7.320000529E-1,9.843000412E0,-6.660000086E-1
2.796832589E2,4.249500334E-1,1.197900105E1,2.539050102E0
2.796857026E2,6.700950146E0,6.946050167E0,-5.577000141E0
2.796881460E2,7.942950249E0,6.253950119E0,-1.093800068E1
2.796905896E2,1.546395111E1,7.141950130E0,-1.348695087E1
2.796930333E2,7.302000523E0,7.305000305E0,-1.579995060E1
2.796954768E2,-1.410000026E-1,8.657999992E0,-9.475050926E0
2.796979204E2,-7.060500383E-1,8.779950142E0,-1.951950073E0
2.797003641E2,3.013950109E0,8.848950386E0,-7.810500264E-1
2.797028078E2,6.351000309E0,5.851950169E0,-3.999000072E0
2.797052512E2,4.363950253E0,2.188050032E0,-5.092950344E0
2.797076948E2,3.603000164E0,2.871000051E0,-1.504050016E0
2.797101385E2,6.484950542E0,5.859000206E0,-2.970000207E-1
2.797125820E2,7.612950325E0,1.093500042E1,-1.110000089E-1
2.797150256E2,3.451950073E0,9.289950371E0,-3.000000119E-1
2.797174693E2,7.890000343E-1,8.491950035E0,2.260950089E0
2.797199128E2,-5.389500260E-1,1.365705109E1,3.712050200E0
2.797223564E2,2.499000072E0,1.123905087E1,9.829500318E-1
2.797248001E2,5.563950062E0,1.031400013E1,-4.051949978E0
2.797272435E2,1.158495045E1,7.348050117E0,-1.103595066E1
2.797296872E2,1.264800072E1,7.030050278E0,-1.569000053E1
2.797321309E2,6.018000126E0,5.947050095E0,-1.483995056E1
2.797345743E2,9.495000541E-2,9.412050247E0,-7.921050549E0
2.797370180E2,-2.509500086E-1,8.035050392E0,-1.720050097E0
2.797394616E2,2.970000029E0,8.509050369E0,-9.559500217E-1
2.797419051E2,6.078000069E0,7.413000584E0,-3.156000137E0
2.797443488E2,4.137000084E0,3.127050161E0,-3.268950224E0
2.797467924E2,4.993950367E0,5.233950138E0,-6.450000405E-1
2.797492361E2,7.351950169E0,9.253950119E0,5.350500345E-1
2.797516796E2,6.078000069E0,1.216005039E1,-1.653000116E0
2.797541232E2,2.370000124E0,8.707950592E0,1.404000044E0
2.797565669E2,5.310000181E-1,9.148050308E0,2.850000143E0
2.797590103E2,-4.210500121E-1,1.386300087E1,3.303000212E0
2.797614540E2,1.246950030E0,1.118400097E1,4.227000237E0
2.797638977E2,6.801000118E0,9.880950928E0,-3.955950260E0
2.797663411E2,1.177005100E1,5.872950077E0,-1.296300030E1
2.797687847E2,1.247595024E1,5.682000160E0,-2.039700127E1
2.797712284E2,2.788950205E0,7.767000198E0,-1.775895119E1
2.797736719E2,-6.319500208E-1,7.750050545E0,-3.886050224E0
2.797761156E2,1.972050071E0,7.792950153E0,1.249500066E-1
2.797785592E2,6.081000328E0,8.943000793E0,-1.219050050E0
2.797810027E2,5.158950329E0,4.273950100E0,-4.653000355E0
2.797834464E2,3.289050102E0,3.450000048E0,-2.979000092E0
2.797858900E2,6.679050446E0,6.661050320E0,-1.231050014E0
2.797883337E2,7.315950394E0,1.092300034E1,-1.624050021E0
2.797907771E2,3.712950230E0,9.637050629E0,-6.060000062E-1
2.797932208E2,4.470000267E-1,7.698000431E0,2.677950144E0
2.797956642E2,-1.216050029E0,9.322950363E0,4.822950363E0
2.797981079E2,3.967050076E0,9.622950554E0,-2.542950153E0
2.798005516E2,7.656000137E0,8.397000313E0,-7.497000217E0
2.798029952E2,1.237305069E1,6.984000206E0,-1.291500092E1
2.798054387E2,1.088595009E1,6.727950096E0,-1.354500103E1
2.798078824E2,4.090950012E0,9.520050049E0,-1.076805019E1
2.798103260E2,-1.132050037E0,1.000800037E1,-2.311050177E0
2.798127694E2,-5.940000415E-1,9.694050789E0,1.239000082E0
2.798152131E2,3.054000139E0,9.606000900E0,-2.340000153E0
2.798176567E2,5.128050327E0,6.997950554E0,-5.031000137E0
2.798201002E2,3.535950184E0,3.097950220E0,-3.633000135E0
2.798225439E2,3.160050154E0,4.827000141E0,-1.590000033E0
2.798249875E2,6.901950359E0,9.940950394E0,-7.759500146E-1
2.798274312E2,5.701950073E0,1.052805042E1,5.610000491E-1
2.798298747E2,2.038950205E0,6.703950405E0,2.070000172E-1
2.798323184E2,1.462050080E0,8.590950012E0,9.510000348E-1
2.798347617E2,4.672950268E0,1.249995041E1,-2.191050053E0
2.798372054E2,6.576000214E0,9.028950691E0,-7.942050457E0
2.798396491E2,8.797950745E0,7.009950161E0,-1.018605042E1
2.798420927E2,1.165905094E1,7.671000481E0,-1.097100067E1
2.798445362E2,6.622050285E0,6.748950481E0,-1.157205009E1
2.798469799E2,1.002000093E0,7.549050331E0,-7.645050526E0
2.798494235E2,-4.020000100E-1,6.967050552E0,-1.284000039E0
2.798518670E2,5.001000404E0,6.979050159E0,-2.400000095E-1
2.798543107E2,6.496950150E0,5.313000202E0,-4.549950123E0
2.798567543E2,2.683050156E0,3.108000040E0,-2.031000137E0
2.798591980E2,3.883050203E0,3.451950073E0,8.650500178E-1
2.798616414E2,7.345050335E0,6.466950417E0,-7.810500264E-1
2.798640851E2,4.038000107E0,1.065195084E1,-2.221950054E0
2.798665288E2,-6.409500241E-1,6.888000488E0,2.625000238E0
2.798689722E2,-2.953950167E0,8.253000259E0,2.340000153E0
2.798714158E2,5.205000192E-2,9.658050537E0,2.374050140E0
2.798738595E2,7.714050293E0,1.035495090E1,-1.957050085E0
2.798763030E2,8.820000648E0,9.832950592E0,-6.084000111E0
2.798787467E2,1.190595055E1,8.659950256E0,-1.015500069E1
2.798811903E2,7.699050426E0,8.128950119E0,-1.253895092E1
2.798836338E2,2.310000062E-1,8.662050247E0,-6.903000355E0
2.798860775E2,-7.999500632E-1,6.073950291E0,7.549500465E-1
2.798885211E2,3.703050137E0,9.498000145E0,-2.661000013E0
2.798909645E2,3.781950235E0,7.654050350E0,-5.554950237E0
2.798934082E2,1.816050053E0,2.803950071E0,-3.058050156E0
2.798958518E2,2.281050205E0,2.302950144E0,-2.970000207E-1
2.798982955E2,7.414050579E0,6.301950455E0,-1.578000069E0
2.799007390E2,7.681950569E0,9.868950844E0,-4.578000069E0
2.799031826E2,2.326050043E0,6.828000546E0,-1.590000093E-1
2.799056263E2,-1.432050109E0,9.826050758E0,2.575050116E0
2.799080698E2,-2.107050180E0,9.919050217E0,6.114000320E0
2.799105134E2,4.117050171E0,9.235050201E0,-3.094050169E0
2.799129571E2,8.659049988E0,1.017105007E1,-3.952950239E0
2.799154008E2,1.227495098E1,7.318950176E0,-9.180000305E0
2.799178442E2,7.402050495E0,5.539950371E0,-1.521900082E1
2.799202879E2,-2.700000107E-1,6.663000107E0,-1.067400074E1
2.799227316E2,1.620000124E0,5.179050446E0,-2.313000202E0
2.799251750E2,7.804950237E0,5.449050426E0,-3.855000257E0
2.799276186E2,4.468950272E0,4.255050182E0,-7.317000389E0
2.799300623E2,1.515000105E0,4.791000366E0,-8.940000534E-1
2.799325058E2,4.359000206E0,2.578950167E0,4.099500179E-1
2.799349494E2,8.620950699E0,6.304050446E0,-3.678000212E0
2.799373930E2,4.201050282E0,8.902050018E0,-7.621050358E0
2.799398365E2,-2.419950008E0,8.586000443E0,-1.200000048E-1
2.799422801E2,-1.903050065E0,8.296050072E0,4.756050110E0
2.799447238E2,7.599000454E0,7.414950371E0,-1.678950071E0
2.799471673E2,1.056300068E1,7.498950481E0,-9.160950661E0
2.799496109E2,7.813950539E0,8.916000366E0,-7.926000595E0
2.799520546E2,1.054605007E1,8.167050362E0,-9.649050713E0
2.799544983E2,4.005000114E0,7.831950188E0,-1.078395081E1
2.799569417E2,-1.075049996E0,6.196050167E0,-2.974050045E0
2.799593854E2,2.547000170E0,6.778050423E0,2.425950050E0
2.799618291E2,8.923050880E0,7.317000389E0,-4.092000008E0
2.799642725E2,5.793000221E0,5.794050217E0,-5.194050312E0
2.799667161E2,1.576950073E0,5.076000214E0,4.339500070E-1
2.799691598E2,1.860000134E0,5.245950222E0,2.014950037E0
2.799716033E2,7.182000160E0,9.292050362E0,-2.826000214E0
2.799740469E2,3.547950268E0,1.040295029E1,-5.899950504E0
2.799764906E2,3.490500152E-1,7.959000587E0,1.441950083E0
2.799789341E2,7.249500155E-1,1.053705025E1,-1.255050063E0
2.799813777E2,4.486050129E0,1.250505066E1,5.179499984E-1
2.799838214E2,4.651050091E0,9.807000160E0,-2.548050165E0
2.799862648E2,1.370205021E1,1.007700062E1,-9.934050560E0
2.799887085E2,1.025595093E1,8.896950722E0,-1.513005066E1
2.799911521E2,2.257050037E0,1.042695045E1,-1.246005058E1
2.799935956E2,1.840500087E-1,9.460050583E0,-1.348050117E0
2.799960393E2,4.435950279E0,8.710050583E0,6.310500503E-1
2.799984829E2,6.082950115E0,7.780950546E0,-3.130050182E0
2.800009264E2,4.639500082E-1,6.595950127E0,-8.400000632E-2
2.800033701E2,8.520000577E-1,3.778050184E0,4.200000316E-2
2.800058137E2,7.006950378E0,5.631000042E0,-1.614000082E0
2.800082571E2,6.900000095E0,9.486000061E0,-5.910000324E0
2.800107008E2,1.543950081E0,7.140000343E0,-1.699950099E0
2.800131444E2,9.660000205E-1,1.028295040E1,2.023950100E0
2.800155881E2,5.550000072E-1,1.137795067E1,1.939950109E0
2.800180316E2,3.837000132E0,8.818050385E0,-3.360000253E-1
2.800204753E2,9.952050209E0,9.718050003E0,-4.404000282E0
2.800229187E2,1.322505093E1,7.471950531E0,-1.298205090E1
2.800253624E2,6.964050293E0,7.219050407E0,-1.730400085E1
2.800278061E2,-2.029500157E-1,7.575000286E0,-8.134050369E0
2.800302497E2,3.439950228E0,5.788950443E0,9.850500226E-1
2.800326931E2,9.885000229E0,6.085950375E0,-3.952950239E0
2.800351368E2,4.246950150E0,4.651950359E0,-5.811000347E0
2.800375804E2,1.740000099E-1,4.579950333E0,3.049500287E-1
2.800400239E2,5.188050270E0,3.912000179E0,1.192950010E0
2.800424676E2,9.880050659E0,5.049000263E0,-4.758000374E0
2.800449112E2,2.725950241E0,6.816000462E0,-6.063000202E0
2.800473549E2,-1.471950054E0,7.635000229E0,1.584000111E0
2.800497984E2,1.146000028E0,8.815950394E0,2.194050074E0
2.800522421E2,8.611050606E0,6.832950115E0,-6.592050076E0
2.800546857E2,8.237999916E0,8.521050453E0,-8.566950798E0
2.800571291E2,1.011705017E1,9.064949989E0,-8.797050476E0
2.800595728E2,9.720000267E0,8.137949944E0,-1.262295055E1
2.800620164E2,3.750000298E-1,8.883000374E0,-9.274050713E0
2.800644599E2,-7.200000286E-1,6.603000164E0,2.042999983E0
2.800669036E2,8.395950317E0,6.997950554E0,-1.732050061E0
2.800693472E2,9.094950676E0,4.606950283E0,-9.256950378E0
2.800717909E2,1.848000050E0,5.856000423E0,-3.120000124E0
2.800742343E2,2.641950130E0,4.513050079E0,7.549500465E-1
2.800766779E2,7.398000240E0,5.638050079E0,-1.936950088E0
2.800791214E2,4.836000443E0,8.713050842E0,-7.702950478E0
2.800815651E2,-3.040500283E-1,6.024000168E0,1.816050053E0
2.800840087E2,1.639500111E-1,1.051605034E1,1.093050003E0
2.800864524E2,4.455000401E0,9.285000801E0,-2.280000210E0
2.800888959E2,6.859050274E0,8.908950806E0,-6.112950325E0
2.800913396E2,8.422050476E0,9.217950821E0,-9.286050797E0
2.800937832E2,1.082400036E1,9.034049988E0,-1.085595036E1
2.800962266E2,9.859500527E-1,9.739950180E0,-8.124000549E0
2.800986703E2,-2.284050226E0,9.807000160E0,3.160950184E0
2.801011139E2,2.920050144E0,7.525050163E0,3.697950125E0
2.801035574E2,7.321050167E0,8.275050163E0,-5.821050167E0
2.801060011E2,4.500000000E0,5.281950474E0,-4.653000355E0
2.801084447E2,3.466050148E0,6.486000538E0,-1.600050092E0
2.801108884E2,5.815050125E0,6.342000484E0,-2.746950150E0
2.801133318E2,5.892000198E0,9.891000748E0,-4.267050266E0
2.801157755E2,1.965000153E0,9.043050766E0,-4.309500158E-1
2.801182192E2,9.900000691E-1,8.751000404E0,3.769500256E-1
2.801206626E2,3.064050198E0,1.324500084E1,1.287000060E0
2.801231062E2,4.989000320E0,1.048200035E1,-1.102050066E0
2.801255499E2,9.579000473E0,8.824950218E0,-7.392000198E0
2.801279934E2,1.431495094E1,9.466950417E0,-1.495005035E1
2.801304370E2,5.781000137E0,8.619000435E0,-1.567800045E1
2.801328807E2,6.259500384E-1,9.378000259E0,-4.923000336E0
2.801353242E2,3.247950077E0,8.679000854E0,1.564050078E0
2.801377679E2,6.751050472E0,6.991050243E0,-3.343050241E0
2.801402115E2,3.363000154E0,5.679000378E0,-3.819000244E0
2.801426551E2,2.821950197E0,6.249000072E0,1.636050105E0
2.801450985E2,7.105050564E0,4.551000118E0,-5.539500117E-1
2.801475422E2,5.791050434E0,7.414950371E0,-3.709050179E0
2.801499859E2,1.018950105E0,8.088000298E0,-1.680000126E-1
2.801524294E2,-8.449500203E-1,1.124805069E1,3.700050116E0
2.801548730E2,2.128050089E0,9.727950096E0,1.678950071E0
2.801573167E2,6.375000477E0,9.381000519E0,-5.749050140E0
2.801597601E2,9.495000839E0,1.020705032E1,-7.722000599E0
2.801622038E2,1.233495045E1,9.412050247E0,-1.369305038E1
2.801646475E2,2.827050209E0,8.539950371E0,-1.170105076E1
2.801670909E2,-1.162950039E0,8.989950180E0,5.879999995E-1
2.801695345E2,2.680950165E0,8.208000183E0,4.545000076E0
2.801719782E2,8.532000542E0,8.657999992E0,-5.565000057E0
2.801744217E2,4.396950245E0,5.101950169E0,-5.938050270E0
2.801768654E2,2.146950006E0,6.619950294E0,-2.172000170E0
2.801793090E2,6.310950279E0,6.067050457E0,-3.144000053E0
2.801817527E2,5.101050377E0,8.626950264E0,-6.847950459E0
2.801841962E2,7.530000210E-1,7.471950531E0,-5.179499984E-1
2.801866398E2,2.220000178E-1,1.016805077E1,9.829500318E-1
2.801890835E2,-1.905000024E-2,1.222305012E1,3.388950109E0
2.801915269E2,3.337050200E0,8.248050690E0,-7.500000596E-1
2.801939706E2,1.027095032E1,1.029495049E1,-6.762000084E0
2.801964142E2,1.224105072E1,8.386950493E0,-1.474695110E1
2.801988577E2,3.649950266E0,8.752950668E0,-1.448805046E1
2.802013013E2,-1.864950061E0,1.003005028E1,-3.961050272E0
2.802037450E2,3.748950243E0,6.370950222E0,5.490000248E-1
2.802061885E2,8.530050278E0,5.356050491E0,-5.959950447E0
2.802086322E2,3.250950098E0,4.621050358E0,-3.762000084E0
2.802110758E2,4.453050137E0,5.071050167E0,6.090000272E-1
2.802135192E2,7.717950344E0,3.808950186E0,-2.392050028E0
2.802159629E2,3.199950218E0,5.617050171E0,-5.221950054E0
2.802184066E2,-1.618050098E0,7.245000362E0,1.106999993E0
2.802208502E2,-1.290000081E-1,8.302950859E0,1.897050142E0
2.802232937E2,6.274950504E0,7.285950184E0,-6.199050426E0
2.802257373E2,5.917950153E0,7.225950241E0,-8.521950722E0
2.802281810E2,7.551000595E0,8.266950607E0,-5.256000042E0
2.802306245E2,1.054800034E1,6.567000389E0,-1.042500019E1
2.802330682E2,3.889500201E-1,7.015050411E0,-7.960950375E0
2.802355118E2,-2.382000208E0,4.852950096E0,3.031950235E0
2.802379553E2,5.892000198E0,3.085950136E0,3.858000278E0
2.802403989E2,1.070205021E1,9.240000248E-1,-6.594000340E0
2.802428426E2,5.251950264E0,1.345050097E0,-4.717050076E0
2.802452860E2,5.173050404E0,3.297000170E0,-6.495000422E-2
2.802477297E2,8.197050095E0,4.330950260E0,-2.023950100E0
2.802501733E2,4.531949997E0,7.662000179E0,-7.909500599E-1
2.802526168E2,3.460500240E-1,9.852000237E0,1.453950047E0
2.802550605E2,-1.491000056E0,1.182300091E1,1.239000082E0
2.802575041E2,1.681950092E0,1.031400013E1,-3.400500119E-1
2.802599478E2,6.282000065E0,1.194300079E1,-6.427050114E0
2.802623913E2,1.025400066E1,1.154805088E1,-1.045905018E1
2.802648350E2,8.137050629E0,9.184050560E0,-1.446705055E1
2.802672786E2,9.400500655E-1,9.598950386E0,-8.313000679E0
2.802697221E2,3.300000131E-1,1.065000057E1,1.393950105E0
2.802721658E2,5.635050297E0,1.058505058E1,-2.422950029E0
2.802746094E2,5.674050331E0,8.121000290E0,-6.937050343E0
2.802770528E2,2.230950117E0,8.176050186E0,-1.969050050E0
2.802794965E2,5.008050442E0,6.931050301E0,-2.416050196E0
2.802819401E2,7.450050354E0,7.561050415E0,-5.983950138E0
2.802843836E2,2.350050211E0,1.020405006E1,-3.190050125E0
2.802868273E2,1.227000117E0,9.972000122E0,1.732050061E0
2.802892709E2,2.982000113E0,1.376505089E1,4.180500209E-1
2.802917144E2,2.206950188E0,1.007700062E1,-1.420050025E0
2.802941580E2,8.470050812E0,9.610950470E0,-4.509000301E0
2.802966017E2,1.236795044E1,8.583000183E0,-1.249095058E1
2.802990454E2,5.293050289E0,8.785050392E0,-1.477605057E1
2.803014888E2,-1.180050015E0,8.233950615E0,-4.480050087E0
2.803039325E2,1.162950039E0,5.338950157E0,1.822950125E0
2.803063761E2,7.789950371E0,3.847950220E0,-5.127000332E0
2.803088196E2,5.005950451E0,4.075050354E0,-5.040000439E0
2.803112633E2,3.526050091E0,5.301000118E0,1.408950090E0
2.803137069E2,7.512000561E0,4.867050171E0,-1.483050108E0
2.803161503E2,5.215950012E0,6.235050201E0,-5.505000114E0
2.803185940E2,-1.474950075E0,8.269950867E0,-2.280000150E-1
2.803210377E2,-3.088050127E0,1.011600018E1,4.198050022E0
2.803234811E2,3.619050264E0,7.699950218E0,-3.793050289E0
2.803259248E2,6.126000404E0,8.461050034E0,-9.120000839E0
2.803283684E2,9.448950768E0,9.244050026E0,-9.505950928E0
2.803308121E2,9.943050385E0,7.450950146E0,-1.269000053E1
2.803332556E2,-2.029500157E-1,8.245950699E0,-8.131050110E0
2.803356992E2,-2.119050026E0,7.566000462E0,4.006950378E0
2.803381429E2,4.480950356E0,7.210950375E0,3.336000204E0
2.803405863E2,8.793000221E0,5.977950096E0,-8.212950706E0
2.803430300E2,2.587050200E0,4.654050350E0,-6.148950100E0
2.803454737E2,4.315950394E0,5.751000404E0,-3.403050184E0
2.803479171E2,7.246950150E0,4.348050117E0,-4.336950302E0
2.803503607E2,1.395000100E0,6.213000298E0,-4.540050030E0
2.803528044E2,-2.140050173E0,9.643950462E0,2.572050095E0
2.803552481E2,-4.330500066E-1,8.956950188E0,3.127950191E0
2.803576916E2,6.555000305E0,7.923000336E0,-5.296950340E0
2.803601352E2,7.423950195E0,9.184050560E0,-9.250050545E0
2.803625787E2,1.043805027E1,9.265950203E0,-9.891000748E0
2.803650223E2,4.705950260E0,8.072999954E0,-1.239795017E1
2.803674660E2,-2.626050234E0,9.532050133E0,-2.692050219E0
2.803699096E2,9.160500169E-1,8.171999931E0,5.067000389E0
2.803723531E2,8.257050514E0,5.856000423E0,-3.465000153E0
2.803747967E2,7.279950142E0,4.767000198E0,-5.172000408E0
2.803772404E2,5.575050354E0,5.878050327E0,-1.630950093E0
2.803796839E2,6.949950218E0,7.441050529E0,-3.706950188E0
2.803821276E2,3.805950165E0,7.567950249E0,-4.063950062E0
2.803845712E2,7.489500642E-1,8.332050323E0,1.354050040E0
2.803870149E2,2.170500159E-1,1.137000084E1,-6.900000572E-1
2.803894583E2,2.323950052E0,1.189695072E1,4.369500279E-1
2.803919019E2,5.050950050E0,1.059900093E1,-6.427050114E0
2.803943456E2,9.334950447E0,1.020000076E1,-1.007595062E1
2.803967891E2,9.820950508E0,9.714000702E0,-1.380405045E1
2.803992327E2,1.699050069E0,9.352050781E0,-9.417000771E0
2.804016764E2,-1.378950119E0,8.835000038E0,1.270050049E0
2.804041199E2,3.901950121E0,7.401000500E0,6.795000285E-2
2.804065635E2,5.611050129E0,4.954050064E0,-8.461950302E0
2.804090072E2,3.643050194E0,4.638000011E0,-3.715950251E0
2.804114506E2,7.948050499E0,4.068000317E0,-2.389950037E0
2.804138943E2,7.564950466E0,4.018050194E0,-5.371050358E0
2.804163379E2,2.220000178E-1,7.065000534E0,-1.329000115E0
2.804187814E2,-2.952000141E0,8.289000511E0,4.411050320E0
2.804212251E2,1.333050013E0,7.537050247E0,3.250050068E0
2.804236687E2,7.539000511E0,6.334950447E0,-6.883950233E0
2.804261122E2,8.008049965E0,8.617050171E0,-7.531050205E0
2.804285558E2,1.108995056E1,6.651000500E0,-1.239795017E1
2.804309995E2,4.599000454E0,6.898050308E0,-1.327905083E1
2.804334432E2,-2.344050169E0,7.321950436E0,-5.251050472E0
2.804358866E2,4.849950314E0,5.794050217E0,2.074050188E0
2.804383303E2,9.616950035E0,3.168000221E0,-6.010050297E0
2.804407739E2,3.151950121E0,4.666050434E0,-3.550950050E0
2.804432174E2,5.620950222E0,4.534950256E0,1.156949997E0
2.804456610E2,1.000695038E1,5.491950035E0,-5.091000080E0
2.804481047E2,2.106000185E0,6.663000107E0,-6.262050152E0
2.804505482E2,-2.740950108E0,8.703000069E0,3.535050154E0
2.804529918E2,8.350500464E-1,8.646000862E0,1.809000134E0
2.804554355E2,6.520950317E0,8.657999992E0,-8.419050217E0
2.804578789E2,5.745000362E0,1.067100048E1,-1.064100075E1
2.804603226E2,1.078800011E1,9.618000031E0,-1.179495049E1
2.804627662E2,4.732950211E0,9.520050049E0,-1.156500053E1
2.804652097E2,-2.028000116E0,1.049595070E1,-1.711950064E0
2.804676534E2,3.340500295E-1,8.305950165E0,5.416950226E0
2.804700970E2,7.137000561E0,8.200050354E0,-3.300000191E0
2.804725405E2,5.596950054E0,6.493050098E0,-5.698950291E0
2.804749842E2,5.659050465E0,6.691950321E0,-1.945050120E0
2.804774278E2,9.540000916E0,7.003050327E0,-6.939000130E0
2.804798712E2,3.768000126E0,6.862050533E0,-5.626950264E0
2.804823149E2,6.000000238E-1,8.731950760E0,1.356000066E0
2.804847585E2,1.251000047E0,1.272105026E1,1.021050096E0
2.804872022E2,2.713950157E0,1.321605110E1,-1.350000054E-1
2.804896457E2,3.424950123E0,1.096800041E1,-2.857050180E0
2.804920894E2,8.980050087E0,1.148505020E1,-9.082050323E0
2.804945330E2,8.346000671E0,9.129000664E0,-1.363395023E1
2.804969765E2,9.109500647E-1,1.069305038E1,-7.861050606E0
2.804994202E2,2.670000196E-1,9.205950737E0,2.980500162E-1
2.805018638E2,5.769000053E0,8.665050507E0,-1.614000082E0
2.805043072E2,3.904050112E0,6.598950386E0,-3.835950136E0
2.805067509E2,1.909950137E0,6.862050533E0,7.189500332E-1
2.805091945E2,7.666050434E0,6.232050419E0,-2.602950096E0
2.805116380E2,6.040050507E0,5.746050358E0,-6.853050232E0
2.805140817E2,1.041000009E0,6.730050087E0,-7.879500389E-1
2.805165254E2,-3.330000043E-1,1.107600021E1,3.214050055E0
2.805189690E2,5.040000081E-1,8.353950500E0,1.039950013E0
2.805214125E2,3.562050104E0,8.794050217E0,-4.019999981E0
2.805238562E2,8.855999947E0,8.715000153E0,-9.372000694E0
2.805262998E2,1.069395065E1,6.405000210E0,-1.522605038E1
2.805287432E2,1.632000089E0,7.518000126E0,-1.099695015E1
2.805311869E2,-1.456050038E0,7.570950508E0,9.949500561E-1
2.805336305E2,5.923050404E0,5.524050236E0,4.129500091E-1
2.805360740E2,8.098950386E0,1.381050110E0,-7.369950294E0
2.805385177E2,2.695050240E0,5.421000481E0,-8.400000632E-2
2.805409613E2,1.016100025E1,3.487950087E0,-2.639999986E-1
2.805434050E2,1.027800083E1,2.313000202E0,-9.630000114E0
2.805458485E2,-9.979500771E-1,6.132000446E0,-4.734000206E0
2.805482922E2,-1.771950126E0,6.663000107E0,8.959500194E-1
2.805507358E2,6.196050167E0,6.144000053E0,-3.642000198E0
2.805531792E2,7.237050533E0,7.353000164E0,-6.987000465E0
2.805556229E2,6.001950264E0,8.746050835E0,-3.633000135E0
2.805580666E2,1.150095081E1,7.578000546E0,-8.968950272E0
2.805605100E2,3.418050051E0,7.264050484E0,-1.273305035E1
2.805629537E2,-1.635000110E0,8.686050415E0,-8.184000015E0
2.805653973E2,6.495000362E0,6.697050095E0,-2.613000154E0
2.805678408E2,6.720000267E0,4.546950340E0,-6.640050411E0
2.805702845E2,1.240500063E-1,6.532050133E0,5.103000164E0
2.805727281E2,2.607000113E0,5.605050087E0,6.114000320E0
2.805751716E2,8.776950836E0,7.780950546E0,-2.845050097E0
2.805776152E2,2.905950069E0,6.417000294E0,-1.389000058E0
2.805800589E2,1.204050064E0,8.539950371E0,-1.540500075E-1
2.805825026E2,2.977950096E0,1.236195087E1,-1.878000140E0
2.805849460E2,2.137050152E0,1.045605087E1,-5.340000153E0
2.805873896E2,4.618050098E0,1.244100094E1,-7.581000328E0
2.805898333E2,7.804950237E0,1.033095074E1,-1.348005104E1
2.805922768E2,2.880000114E0,8.326950073E0,-1.141200066E1
2.805947205E2,-4.950000346E-1,8.950050354E0,-2.596050024E0
2.805971641E2,4.327950001E0,8.263050079E0,-8.460000157E-1
2.805996076E2,5.398050308E0,5.587950230E0,-7.213950157E0
2.806020513E2,1.833000064E0,4.707000256E0,-1.339050055E0
2.806044949E2,5.841000080E0,5.871000290E0,-7.090500593E-1
2.806069383E2,8.104050636E0,4.234950066E0,-7.380000114E0
2.806093820E2,2.254950047E0,4.606950283E0,-3.532050133E0
2.806118256E2,-1.759950042E0,9.256050110E0,3.858000278E0
2.806142693E2,-7.590000629E-1,7.558950424E0,3.616050243E0
2.806167128E2,4.644000053E0,7.341000557E0,-2.304000139E0
2.806191564E2,8.038949966E0,9.238950729E0,-7.597950459E0
2.806216001E2,1.047900009E1,6.984000206E0,-1.260195065E1
2.806240435E2,1.563000083E0,7.575000286E0,-1.223505020E1
2.806264872E2,-2.977950096E0,8.494950294E0,-1.621050119E0
2.806289308E2,5.026950359E0,6.346950531E0,3.589950085E0
2.806313743E2,8.262000084E0,2.619000196E0,-4.732050419E0
2.806338179E2,4.534049988E0,5.065950394E0,-1.011000037E0
2.806362616E2,7.062000275E0,5.575950146E0,6.760500073E-1
2.806387051E2,9.394050598E0,5.215050220E0,-7.339050293E0
2.806411487E2,9.469500184E-1,4.935000420E0,-5.332950115E0
2.806435924E2,-5.050500035E-1,9.967050552E0,2.485950232E0
2.806460361E2,2.299950123E0,9.216000557E0,4.905000329E-2
2.806484795E2,6.412950516E0,8.401050568E0,-6.463050365E0
2.806509232E2,8.761950493E0,1.046505070E1,-9.228000641E0
2.806533668E2,9.697950363E0,9.823950768E0,-1.180905056E1
2.806558103E2,1.426050067E0,9.690000534E0,-9.727950096E0
2.806582539E2,-2.047049999E0,1.006095028E1,2.443050146E0
2.806606976E2,3.667050123E0,8.196000099E0,1.924050093E0
2.806631411E2,6.958950520E0,6.541050434E0,-6.681000233E0
2.806655848E2,2.857950211E0,7.353000164E0,-2.887950182E0
2.806680284E2,6.354000092E0,5.824950218E0,-2.194050074E0
2.806704721E2,8.331000328E0,6.784950256E0,-6.853050232E0
2.806729156E2,1.302000046E0,7.822050571E0,-1.984950066E0
2.806753592E2,9.705000371E-2,1.024500084E1,2.491050005E0
2.806778029E2,5.670000315E-1,1.149000072E1,7.980000377E-1
2.806802463E2,1.396950126E0,1.203105068E1,-8.119500279E-1
2.806826900E2,7.077000141E0,1.284000015E1,-3.604050159E0
2.806851336E2,8.926950455E0,1.081995010E1,-1.295400047E1
2.806875771E2,2.982000113E0,8.875950813E0,-1.119405079E1
2.806900207E2,-5.029500127E-1,1.032405090E1,-3.199050188E0
2.806924644E2,3.412950277E0,9.309000015E0,4.180500209E-1
2.806949079E2,5.653950214E0,7.642050266E0,-6.120000362E0
2.806973515E2,1.996050119E0,5.904000282E0,-3.139500022E-1
2.806997952E2,6.154950142E0,7.279050350E0,-1.450950027E0
2.807022387E2,7.891050339E0,5.518950462E0,-6.637050152E0
2.807046823E2,2.050950050E0,5.430000305E0,-3.657000065E0
2.807071260E2,2.487000227E0,8.527950287E0,-3.739500046E-1
2.807095694E2,2.764950037E0,1.034805012E1,-1.489950061E0
2.807120131E2,3.069000244E0,7.326000214E0,-2.734950066E0
2.807144567E2,6.916050434E0,8.392050743E0,-6.325950146E0
2.807169004E2,1.084500027E1,6.345000267E0,-1.495800114E1
2.807193439E2,2.379000187E0,7.434000492E0,-1.219500065E1
2.807217875E2,-2.131050110E0,6.868950367E0,7.500000596E-1
2.807242312E2,3.688950062E0,5.503950119E0,3.085050106E0
2.807266746E2,7.603050232E0,1.666050076E0,-4.276950359E0
2.807291182E2,1.717950106E0,5.113950253E0,2.400000095E-1
2.807315619E2,8.365050316E0,4.234950066E0,1.210050106E0
2.807340054E2,1.004595089E1,2.512050152E0,-1.004505062E1
2.807364491E2,-8.350500464E-1,6.073950291E0,-5.122050285E0
2.807388927E2,-1.468050122E0,7.495950222E0,3.280950069E0
2.807413362E2,5.578050137E0,5.731950283E0,-2.341950178E0
2.807437799E2,7.804950237E0,7.324050426E0,-6.942000389E0
2.807462235E2,9.186000824E0,8.353950500E0,-6.229950428E0
2.807486669E2,8.278950691E0,6.699000359E0,-1.276905060E1
2.807511106E2,-9.580500722E-1,8.257950783E0,-9.040950775E0
2.807535543E2,-1.963050127E0,7.786050320E0,3.688050270E0
2.807559977E2,5.784000397E0,6.541050434E0,1.642950058E0
2.807584414E2,7.888050556E0,5.322000027E0,-5.778000355E0
2.807608850E2,2.334000111E0,6.000000477E0,3.480000198E-1
2.807633285E2,7.636950493E0,6.325950146E0,-1.561950088E0
2.807657722E2,7.479000568E0,5.571000099E0,-8.220000267E0
2.807682158E2,5.809500217E-1,6.678000450E0,-1.504050016E0
2.807706595E2,1.321050048E0,1.118100071E1,5.440500379E-1
2.807731030E2,2.275950193E0,1.154805088E1,-1.039950013E0
2.807755467E2,2.451000214E0,1.064700031E1,-3.357000113E0
2.807779903E2,7.375950336E0,1.154805088E1,-7.044000149E0
2.807804337E2,8.620950699E0,9.510000229E0,-1.281900024E1
2.807828774E2,1.620000124E0,9.157950401E0,-8.887950897E0
2.807853210E2,-4.930500090E-1,9.997950554E0,6.310500503E-1
2.807877645E2,4.857000351E0,8.263050079E0,1.350000054E-1
2.807902082E2,5.548950195E0,7.537050247E0,-5.730000496E0
2.807926519E2,2.500950098E0,7.834050179E0,5.539500117E-1
2.807950953E2,7.357050419E0,7.381050587E0,-3.367050171E0
2.807975390E2,5.737950325E0,6.565050125E0,-7.780050278E0
2.807999827E2,7.219500542E-1,7.944000244E0,-1.810950041E0
2.808024263E2,1.351950049E0,9.867000580E0,1.330050111E0
2.808048697E2,2.130000114E0,1.020000076E1,-1.456050038E0
2.808073134E2,2.731050014E0,8.989950180E0,-3.151050091E0
2.808097571E2,8.401050568E0,9.718050003E0,-5.775000095E0
2.808122005E2,1.013895035E1,6.840000153E0,-1.306095028E1
2.808146442E2,1.776000142E0,7.350000381E0,-9.393000603E0
2.808170878E2,-1.201950073E0,8.322000504E0,1.533000112E0
2.808195313E2,6.069000244E0,5.362950325E0,-2.449500114E-1
2.808219750E2,5.716950417E0,4.546950340E0,-5.878050327E0
2.808244186E2,1.642050028E0,5.611950397E0,-4.650000334E-1
2.808268621E2,9.957000732E0,5.193000317E0,-3.217950106E0
2.808293057E2,7.159950256E0,4.152000427E0,-9.574950218E0
2.808317494E2,-1.567950130E0,7.453050137E0,-2.104950190E0
2.808341931E2,-1.657050133E0,8.920950890E0,3.958950281E0
2.808366365E2,5.140050411E0,6.754050255E0,-2.878050089E0
2.808390802E2,5.752950191E0,8.241000175E0,-7.056000233E0
2.808415238E2,7.752000332E0,8.839950562E0,-8.227050781E0
2.808439673E2,9.295950890E0,7.015050411E0,-1.422705078E1
2.808464110E2,-3.829500079E-1,8.430000305E0,-9.039000511E0
2.808488546E2,-2.238000154E0,7.867950439E0,3.910950184E0
2.808512980E2,4.606050014E0,6.079050064E0,2.656050205E0
2.808537417E2,6.088050365E0,4.290000439E0,-4.576050282E0
2.808561853E2,3.421050072E0,6.373050213E0,1.710000038E-1
2.808586290E2,8.401050568E0,6.004950523E0,-3.841050148E0
2.808610725E2,4.465050220E0,4.899000168E0,-7.176000118E0
2.808635161E2,-8.040000200E-1,7.647000313E0,1.111950040E0
2.808659598E2,-1.210950017E0,9.630000114E0,3.403050184E0
2.808684032E2,3.313050270E0,8.626950264E0,-1.552050114E0
2.808708469E2,5.683050156E0,9.934050560E0,-6.529950142E0
2.808732905E2,8.667000771E0,1.006095028E1,-8.119950294E0
2.808757340E2,5.865000248E0,7.365000248E0,-1.200105095E1
2.808781776E2,-9.139500260E-1,8.842050552E0,-5.242050171E0
2.808806213E2,-1.261950016E0,7.408050537E0,3.700050116E0
2.808830648E2,6.634050369E0,6.220050335E0,-1.957050085E0
2.808855085E2,4.663050175E0,5.136000156E0,-5.553000450E0
2.808879521E2,3.615000248E0,5.286000252E0,2.020500153E-1
2.808903958E2,9.631050110E0,5.619000435E0,-4.837050438E0
2.808928392E2,5.235000134E0,4.792950153E0,-7.783950329E0
2.808952829E2,-3.229500055E-1,8.137949944E0,-5.595000088E-2
2.808977266E2,-4.429500103E-1,1.022100067E1,3.516000271E0
2.809001700E2,3.313050270E0,7.999050617E0,-2.694000244E0
2.809026136E2,4.444950104E0,9.511950493E0,-5.184000015E0
2.809050573E2,9.955050468E0,9.424050331E0,-8.694000244E0
2.809075008E2,8.101050377E0,6.454950333E0,-1.323600101E1
2.809099444E2,-1.233000040E0,9.148050308E0,-4.726950169E0
2.809123881E2,-1.123050094E0,7.956000328E0,6.403050423E0
2.809148316E2,6.973950386E0,7.470000267E0,4.510500133E-1
2.809172752E2,5.817000389E0,5.758050442E0,-5.421000481E0
2.809197189E2,4.002000332E0,7.834050179E0,1.800000109E-2
2.809221623E2,8.584950447E0,7.518000126E0,-5.770950317E0
2.809246060E2,4.936050415E0,6.658050537E0,-7.387050152E0
2.809270496E2,7.699500322E-1,8.470950127E0,6.210000515E-1
2.809294933E2,1.693950057E0,1.186800098E1,6.760500073E-1
2.809319368E2,3.756000280E0,1.078095055E1,-3.640050173E0
2.809343804E2,5.872050285E0,1.082205009E1,-5.304000378E0
2.809368241E2,1.120905018E1,1.071000004E1,-1.098300076E1
2.809392675E2,7.398000240E0,8.800950050E0,-1.379595089E1
2.809417112E2,4.660500288E-1,9.946050644E0,-6.118050098E0
2.809441549E2,1.407000065E0,9.370950699E0,2.665950060E0
2.809465983E2,6.283950329E0,7.839000225E0,-1.296000004E0
2.809490419E2,3.222000122E0,6.304050446E0,-3.580050230E0
2.809514856E2,4.548000336E0,8.059050560E0,4.605000094E-2
2.809539293E2,9.688950539E0,6.543000221E0,-6.216000080E0
2.809563728E2,3.274950266E0,6.508050442E0,-6.855000496E0
2.809588164E2,5.550000072E-1,9.847950935E0,4.009500146E-1
2.809612601E2,3.679500222E-1,1.159500027E1,2.959950209E0
2.809637036E2,1.350000024E0,9.610950470E0,-1.032000065E0
2.809661472E2,4.924050331E0,1.046805096E1,-2.883000135E0
2.809685908E2,1.173795033E1,8.971050262E0,-1.043700027E1
2.809710343E2,6.673950195E0,7.087050438E0,-1.308300018E1
2.809734779E2,-1.149000049E0,8.647950172E0,-4.411050320E0
2.809759216E2,7.650000453E-1,7.003050327E0,3.430050135E0
2.809783651E2,7.053000450E0,5.559000492E0,-4.118999958E0
2.809808087E2,2.202000141E0,5.631000042E0,-3.871950150E0
2.809832524E2,3.375000238E0,5.698050499E0,1.464000106E0
2.809856958E2,9.552000046E0,4.621050358E0,-5.419050217E0
2.809881395E2,3.090000153E0,5.100000381E0,-7.272000313E0
2.809905831E2,-1.719000101E0,8.164050102E0,1.983000040E0
2.809930266E2,-8.449500203E-1,7.959000587E0,3.714000225E0
2.809954703E2,4.884000301E0,6.759000301E0,-2.890050173E0
2.809979139E2,6.172050476E0,8.515950203E0,-6.312000275E0
2.810003576E2,9.469050407E0,8.221950531E0,-1.042305088E1
2.810028011E2,5.098950386E0,5.839950085E0,-1.258995056E1
2.810052447E2,-2.169000149E0,7.635000229E0,-3.072000027E0
2.810076884E2,1.906950116E0,6.421050072E0,4.143000126E0
2.810101318E2,8.335950851E0,2.808000088E0,-3.654000282E0
2.810125755E2,4.534049988E0,5.157000065E0,-3.277950048E0
2.810150191E2,5.604000092E0,5.305950165E0,9.319500327E-1
2.810174626E2,1.029900074E1,4.927050114E0,-6.676050186E0
2.810199063E2,1.873950124E0,4.975050449E0,-6.513000488E0
2.810223499E2,-9.430500269E-1,8.890050888E0,2.424000025E0
2.810247934E2,2.212050200E0,8.341950417E0,2.140500098E-1
2.810272371E2,5.707050323E0,9.259050369E0,-4.999950409E0
2.810296807E2,6.277050495E0,1.079100037E1,-4.594950199E0
2.810321242E2,9.796950340E0,8.442000389E0,-9.915000916E0
2.810345679E2,2.487000227E0,7.294950485E0,-1.192905045E1
2.810370115E2,-2.686050177E0,9.330000877E0,-2.943000078E0
2.810394549E2,9.349500537E-1,6.646050453E0,2.440950155E0
2.810418986E2,7.029000282E0,5.863950253E0,-5.443050385E0
2.810443422E2,3.958950281E0,6.237000465E0,-2.730000019E-1
2.810467857E2,5.722050190E0,6.984000206E0,2.170050144E0
2.810492294E2,7.954950333E0,7.330950260E0,-5.431050301E0
2.810516731E2,2.130000114E0,6.661050320E0,-3.400050163E0
2.810541167E2,1.456950068E0,9.975000381E0,1.384950042E0
2.810565602E2,2.583000183E0,1.155705070E1,-1.293000102E0
2.810590039E2,2.844000101E0,8.926050186E0,-3.739950180E0
2.810614475E2,5.845950127E0,1.132005024E1,-3.943950176E0
2.810638909E2,1.074495029E1,1.007295036E1,-1.198605061E1
2.810663346E2,3.085050106E0,7.954050541E0,-9.156000137E0
2.810687782E2,-3.709500134E-1,9.709050179E0,-1.195050001E0
2.810712217E2,2.869950056E0,9.064949989E0,1.026000023E0
2.810736654E2,5.548950195E0,8.337000847E0,-5.847000122E0
2.810761090E2,8.970000148E-1,7.087050438E0,-9.649500251E-1
2.810785527E2,4.524000168E0,7.875000477E0,3.150000274E-1
2.810809961E2,7.290000439E0,5.904000282E0,-6.681000233E0
2.810834398E2,1.948050141E0,6.250950336E0,-3.348000050E0
2.810858835E2,1.882950068E0,8.524050713E0,4.699500203E-1
2.810883269E2,4.156050205E0,1.067400074E1,-1.492050052E0
2.810907706E2,3.412950277E0,8.602950096E0,-2.701050043E0
2.810932142E2,6.193050385E0,1.010895061E1,-3.448050261E0
2.810956577E2,9.835050583E0,7.498950481E0,-1.083195019E1
2.810981014E2,2.467950106E0,7.420050144E0,-1.004505062E1
2.811005450E2,-1.743000031E0,8.107049942E0,2.020500153E-1
2.811029885E2,4.945950031E0,5.217000484E0,9.010500312E-1
2.811054322E2,7.231950283E0,3.796950102E0,-5.980950356E0
2.811078758E2,2.947050095E0,5.713050365E0,1.330500096E-1
2.811103192E2,7.972050190E0,6.340050220E0,3.900000080E-2
2.811127629E2,7.137000561E0,6.211050510E0,-4.975950241E0
2.811152066E2,1.165050030E0,6.820950508E0,-1.680000126E-1
2.811176502E2,-2.419500053E-1,1.115205097E1,3.219000101E0
2.811200937E2,1.584000111E0,8.713050842E0,-2.740050077E0
2.811225374E2,5.073000431E0,9.790050507E0,-6.183000088E0
2.811249810E2,8.628000259E0,9.651000023E0,-8.119950294E0
2.811274245E2,8.391000748E0,7.683000565E0,-1.218000031E1
2.811298682E2,6.379500031E-1,7.840950489E0,-6.628050327E0
2.811323118E2,-1.045950055E0,8.728950500E0,2.718000174E0
2.811347552E2,5.218950272E0,6.582000256E0,-7.450500131E-1
2.811371989E2,4.687050343E0,5.626050472E0,-5.811000347E0
2.811396425E2,2.547000170E0,5.008950233E0,-1.894050121E0
2.811420862E2,8.614050865E0,4.894050121E0,-4.906050205E0
2.811445297E2,5.452950478E0,3.567000151E0,-8.473950386E0
2.811469733E2,-1.053000093E0,7.554000378E0,1.060500070E-1
2.811494170E2,-3.660000265E-1,6.844950199E0,4.736999989E0
2.811518605E2,3.741000175E0,6.808950424E0,-1.699500084E-1
2.811543041E2,6.466050148E0,6.721050262E0,-4.174050331E0
2.811567478E2,9.733950615E0,8.638050079E0,-5.662950039E0
2.811591913E2,7.636950493E0,6.055050373E0,-1.165605068E1
2.811616349E2,-1.687950134E0,8.346000671E0,-4.948950291E0
2.811640785E2,-5.505000427E-2,7.389000416E0,3.826950073E0
2.811665220E2,7.471950531E0,6.474000454E0,-2.098050117E0
2.811689657E2,6.205050468E0,6.045000076E0,-4.518000126E0
2.811714093E2,4.888050079E0,7.816950321E0,4.219500124E-1
2.811738530E2,8.239950180E0,8.293950081E0,-5.269950390E0
2.811762965E2,4.939050198E0,6.883050442E0,-5.433000088E0
2.811787401E2,1.215000033E0,9.412050247E0,-3.790500164E-1
2.811811838E2,3.531000137E0,1.232100105E1,-1.972950101E0
2.811836272E2,5.068050385E0,1.178895092E1,-6.051000118E0
2.811860709E2,4.636950016E0,1.327905083E1,-3.798000097E0
2.811885145E2,1.013895035E1,1.244805050E1,-9.148950577E0
2.811909580E2,5.635050297E0,9.972000122E0,-1.244400024E1
2.811934016E2,1.930500120E-1,1.055595016E1,-3.028950214E0
2.811958453E2,1.456950068E0,1.030305004E1,2.404950142E0
2.811982888E2,4.936050415E0,9.345000267E0,-1.810950041E0
2.812007325E2,2.719050169E0,6.481050491E0,-2.007000208E0
2.812031761E2,5.374050140E0,8.287050247E0,-4.819500148E-1
2.812056198E2,1.006500053E1,5.815950394E0,-7.950000286E0
2.812080632E2,3.528000116E0,5.859000206E0,-6.424050331E0
2.812105069E2,1.872000098E0,8.914050102E0,7.770000100E-1
2.812129505E2,3.445050240E0,1.103805065E1,9.589500427E-1
2.812153940E2,1.486050129E0,9.874050140E0,1.666950107E0
2.812178376E2,5.238000393E0,1.123605061E1,1.750950098E0
2.812202813E2,1.051005077E1,1.008495045E1,-8.143050194E0
2.812227248E2,5.299950123E0,7.176000118E0,-1.161000061E1
2.812251685E2,1.399500072E-1,9.393000603E0,-5.182050228E0
2.812276121E2,3.138000250E0,7.891050339E0,-1.175999999E0
2.812300558E2,4.321050167E0,6.184050083E0,-6.658950329E0
2.812324992E2,8.640000224E-1,5.512050152E0,-1.759950042E0
2.812349429E2,4.261050224E0,6.010050297E0,1.129500046E-1
2.812373863E2,9.279000282E0,5.566950321E0,-6.511050224E0
2.812398300E2,3.421050072E0,4.729050159E0,-5.380050182E0
2.812422736E2,2.470050097E0,6.595950127E0,5.419500470E-1
2.812447173E2,2.383949995E0,1.015200043E1,-2.830500007E-1
2.812471608E2,1.692000031E0,6.706050396E0,-2.620050192E0
2.812496044E2,3.322050095E0,1.009200001E1,-3.241950035E0
2.812520481E2,8.815050125E0,5.914050102E0,-8.835000038E0
2.812544916E2,3.162000179E0,5.320050240E0,-1.008000088E1
2.812569352E2,-1.483950019E0,5.847000122E0,-2.802000046E0
2.812593789E2,6.082950115E0,3.712950230E0,-9.600000083E-2
2.812618223E2,8.386050224E0,1.542000055E0,-5.773050308E0
2.812642660E2,1.290000081E0,4.171050072E0,-3.190500140E-1
2.812667097E2,7.029000282E0,4.333950043E0,1.641000032E0
2.812691534E2,1.007205009E1,4.141950130E0,-6.738000393E0
2.812715968E2,1.192050099E0,5.593050480E0,-1.690950036E0
2.812740404E2,1.980000138E-1,9.436050415E0,4.111950397E0
2.812764841E2,5.146950245E0,7.153950214E0,-3.484050274E0
2.812789276E2,5.305050373E0,9.295050621E0,-5.361000061E0
2.812813712E2,9.904050827E0,9.651000023E0,-8.329950333E0
2.812838149E2,7.969950199E0,7.759950161E0,-1.325295067E1
2.812862583E2,-2.539499998E-1,9.502950668E0,-6.235050201E0
2.812887020E2,-8.670000434E-1,1.038405037E1,2.932050228E0
2.812911457E2,3.222000122E0,9.412050247E0,1.617000103E0
2.812935891E2,2.767050028E0,9.571950912E0,-3.577950239E0
2.812960328E2,2.926950216E0,9.570000648E0,2.665950060E0
2.812984764E2,6.126000404E0,1.026195049E1,-3.465000153E0
2.813009199E2,5.530050278E0,8.208000183E0,-6.762000084E0
2.813033636E2,1.974000096E0,8.503950119E0,-1.602000117E0
2.813058072E2,2.710050106E0,1.118100071E1,-2.529000044E0
2.813082507E2,4.668000221E0,1.109505081E1,-3.943950176E0
2.813106943E2,4.182000160E0,1.093005085E1,-3.369000196E0
2.813131380E2,9.751049995E0,9.867000580E0,-6.417000294E0
2.813155814E2,8.295000076E0,7.999050617E0,-1.200300026E1
2.813180251E2,2.221050024E0,7.273950577E0,-6.688050270E0
2.813204687E2,2.142000198E0,6.352050304E0,4.579500258E-1
2.813229122E2,5.221050262E0,7.246950150E0,-2.377950191E0
2.813253559E2,2.908050060E0,3.358950138E0,-3.760050297E0
2.813277995E2,2.571000099E0,4.627950191E0,1.330050111E0
2.813302432E2,8.082000732E0,5.217000484E0,-4.009050369E0
2.813326867E2,5.086950302E0,2.361000061E0,-6.040950298E0
2.813351304E2,7.510500550E-1,6.273000240E0,2.824050188E0
2.813375740E2,6.430500150E-1,8.203050613E0,4.123950005E0
2.813400174E2,3.379950047E0,6.582000256E0,-1.699500084E-1
2.813424611E2,6.241050243E0,9.508050919E0,-3.364050150E0
2.813449047E2,9.487950325E0,7.891050339E0,-7.807950497E0
2.813473482E2,4.315950394E0,6.249000072E0,-1.268100071E1
2.813497919E2,-1.752000093E0,8.284049988E0,-5.263050079E0
2.813522356E2,1.756950140E0,5.847000122E0,2.424000025E0
2.813546790E2,7.666050434E0,5.056950092E0,-4.492050171E0
2.813571227E2,4.736999989E0,5.634000301E0,-3.616050243E0
2.813595663E2,5.548950195E0,5.818050385E0,-9.030000567E-1
2.813620100E2,8.041950226E0,6.553050518E0,-6.573000431E0
2.813644534E2,1.237050056E0,5.619000435E0,-4.774950027E0
2.813668971E2,1.000500023E-1,9.048000336E0,1.761000037E0
2.813693407E2,2.149049997E0,9.216000557E0,-7.159500122E-1
2.813717842E2,3.801000118E0,9.108000755E0,-3.549000263E0
2.813742279E2,7.045950413E0,1.028805065E1,-3.649050236E0
2.813766715E2,1.015095043E1,9.187050819E0,-9.349950790E0
2.813791150E2,1.930950046E0,8.370000839E0,-7.593000412E0
2.813815587E2,-1.269000053E0,1.037205029E1,2.200950146E0
2.813840023E2,2.038950205E0,8.634000778E0,3.736050129E0
2.813864458E2,5.416950226E0,8.121000290E0,-3.534000158E0
2.813888894E2,2.950950146E0,8.229000092E0,-1.246050000E0
2.813913331E2,6.685950279E0,8.100000381E0,-2.042999983E0
2.813937765E2,6.880050182E0,7.537050247E0,-8.032950401E0
2.813962202E2,1.917000055E0,7.117950439E0,-2.491050005E0
2.813986638E2,2.070000172E0,1.031205082E1,-6.949500442E-1
2.814011075E2,4.243950367E0,1.104705048E1,-3.841050148E0
2.814035510E2,3.949950218E0,9.235050201E0,-4.369950294E0
2.814059947E2,7.917000294E0,9.988950729E0,-6.930000305E0
2.814084383E2,1.020405006E1,6.718050480E0,-1.373895073E1
2.814108817E2,3.502050161E0,5.959050179E0,-1.273095036E1
2.814133254E2,7.150500417E-1,4.606950283E0,-4.171050072E0
2.814157690E2,3.463950157E0,5.113950253E0,-4.633050442E0
2.814182127E2,1.153050065E0,2.322000027E0,-5.323050022E0
2.814206562E2,-9.340500236E-1,2.776950121E0,3.664050102E0
2.814230999E2,4.618050098E0,3.859050274E0,4.810950279E0
2.814255435E2,5.793000221E0,5.749500394E-1,-1.469999999E-1
2.814279869E2,2.347950220E0,-1.747050047E0,-1.729500145E-1
2.814304306E2,3.547950268E0,1.606050134E0,1.318050027E0
2.814328743E2,6.564000130E0,1.744950056E0,-1.914000034E0
2.814353177E2,7.905000210E0,1.080000028E-1,-4.030050278E0
2.814377614E2,9.579000473E0,3.193950176E0,-6.676050186E0
2.814402050E2,8.680950165E0,2.692950010E0,-1.003695011E1
2.814426485E2,1.894950032E0,2.703000069E0,-9.501000404E0
2.814450922E2,2.683050156E0,5.458950043E0,-1.087800026E1
2.814475358E2,8.797950745E0,4.771950245E0,-9.240000725E0
2.814499793E2,5.949000359E0,1.690050125E0,-3.718950272E0
2.814524230E2,1.204050064E0,6.001950264E0,1.045050025E0
2.814548666E2,5.776950359E0,9.046050072E0,-2.833050251E0
2.814573103E2,4.876049995E0,7.824000359E0,2.500500083E-1
2.814597537E2,2.200050116E0,7.188000202E0,3.424950123E0
2.814621974E2,1.668000102E0,1.228695011E1,1.689000130E0
2.814646410E2,2.403000116E0,1.258395100E1,1.549950123E0
2.814670845E2,1.771050096E0,1.491405106E1,-2.218050003E0
2.814695282E2,3.217050076E0,1.645605087E1,3.448950052E0
2.814719719E2,5.664000034E0,1.024695015E1,1.126049995E0
2.814744153E2,9.589500427E-1,7.173000336E0,-5.208000183E0
2.814768590E2,5.314950466E0,1.063305092E1,-8.359050751E0
2.814793026E2,5.760000229E0,1.050795078E1,-1.569000053E1
2.814817461E2,1.004999995E0,7.237950325E0,-8.482950211E0
2.814841898E2,1.215000033E0,8.005949974E0,-1.027950048E0
2.814866334E2,6.379950523E0,1.223700047E1,1.162050009E0
2.814890771E2,3.676950216E0,1.072605038E1,1.555050015E0
2.814915205E2,2.833950043E0,1.036005020E1,-4.510500133E-1
2.814939641E2,3.447000265E0,1.346805096E1,3.576000214E0
2.814964078E2,2.869950056E0,1.222005081E1,8.749500513E-1
2.814988513E2,1.060050011E0,1.336200047E1,2.596050024E0
2.815012949E2,7.231950283E0,1.171800041E1,-3.343050241E0
2.815037386E2,4.813950062E0,7.125000477E0,-1.207995033E1
2.815061821E2,6.259500384E-1,7.225950241E0,-7.528050423E0
2.815086257E2,4.048050404E0,8.398950577E0,-6.393000126E0
2.815110694E2,5.224050045E0,7.755000591E0,-8.251049995E0
2.815135128E2,7.609500289E-1,6.151050091E0,-3.259050131E0
2.815159565E2,4.929000378E0,7.948950291E0,-1.995000057E-2
2.815184001E2,6.916050434E0,9.591000557E0,-4.083000183E0
2.815208436E2,2.009999990E0,6.910050392E0,-2.103000164E0
2.815232873E2,2.695050240E0,9.091050148E0,1.773000121E0
2.815257309E2,4.113000393E0,1.092300034E1,-5.580000281E-1
2.815281746E2,4.333050251E0,9.699000359E0,-2.040000111E-1
2.815306180E2,1.119495010E1,1.208100033E1,5.179499984E-1
2.815330617E2,1.081695080E1,8.619000435E0,-8.863950729E0
2.815355054E2,3.478050232E0,8.293950081E0,-1.218000031E1
2.815379488E2,1.318050027E0,1.116900063E1,-4.471050262E0
2.815403925E2,4.347000122E0,9.805050850E0,-5.098050117E0
2.815428361E2,2.535000086E0,7.531950474E0,-7.815000534E0
2.815452798E2,-3.600000218E-2,6.013950348E0,-7.159500122E-1
2.815477233E2,6.901950359E0,6.034050465E0,-2.071950197E0
2.815501669E2,6.478050232E0,4.750050068E0,-7.495050430E0
2.815526106E2,1.455000043E0,5.059050083E0,-2.722950220E0
2.815550541E2,4.471950054E0,7.747950554E0,-2.400000021E-2
2.815574977E2,5.134950161E0,9.510000229E0,-1.510950089E0
2.815599414E2,3.150000095E0,9.473999977E0,-3.450000286E-1
2.815623848E2,6.769950390E0,1.115505028E1,-1.947000146E0
2.815648284E2,5.226000309E0,7.528050423E0,-4.363049984E0
2.815672721E2,1.095000096E-2,9.517050743E0,-2.983950138E0
2.815697156E2,-3.300000131E-1,8.646000862E0,2.979000092E0
2.815721592E2,3.921000242E0,7.438950539E0,-8.190000653E-1
2.815746029E2,2.134950161E0,4.396049976E0,-1.699950099E0
2.815770464E2,2.824050188E0,6.891000271E0,2.302050114E0
2.815794901E2,7.234950542E0,1.054200077E1,-3.361950159E0
2.815819337E2,5.278950214E0,7.012950420E0,-4.516050339E0
2.815843774E2,2.997000217E0,7.314000130E0,-3.001050234E0
2.815868208E2,4.759050369E0,1.131495094E1,-6.709050179E0
2.815892645E2,2.986950159E0,1.210305023E1,-5.959950447E0
2.815917082E2,3.058950186E0,1.177995014E1,-5.050050259E0
2.815941516E2,8.149050713E0,9.577050209E0,-8.146050453E0
2.815965952E2,6.970950127E0,7.200000286E0,-1.104795074E1
2.815990389E2,2.547000170E0,7.341000557E0,-4.870050430E0
2.816014824E2,4.672950268E0,7.213950157E0,-8.170500398E-1
2.816039260E2,6.187950134E0,5.353950024E0,-4.665000439E0
2.816063697E2,3.124050140E0,4.882050037E0,-1.593000054E0
2.816088132E2,5.029950142E0,6.816000462E0,9.280500412E-1
2.816112569E2,9.442049980E0,4.840950012E0,-5.577000141E0
2.816137005E2,3.046950102E0,3.268050194E0,-2.929050207E0
2.816161442E2,2.889000177E0,7.129950523E0,3.403050184E0
2.816185876E2,6.349050522E0,8.196000099E0,-1.534950018E0
2.816210312E2,3.981000185E0,6.916950226E0,-1.011000037E0
2.816234749E2,8.506050110E0,1.033095074E1,-1.746000051E0
2.816259184E2,1.109700012E1,6.747000217E0,-1.164600086E1
2.816283620E2,1.998000145E0,6.862050533E0,-1.151700020E1
2.816308057E2,6.619500518E-1,9.181950569E0,-1.843950033E0
2.816332492E2,5.158950329E0,7.626000404E0,2.140500098E-1
2.816356928E2,5.170950413E0,5.461050034E0,-2.887950182E0
2.816381364E2,1.833000064E0,7.693050385E0,3.979950190E0
2.816405799E2,6.205050468E0,8.707950592E0,1.906950116E0
2.816430235E2,6.148050308E0,7.765050411E0,-4.810950279E0
2.816454672E2,1.249050021E0,7.402950287E0,2.089500129E-1
2.816479107E2,1.110000014E0,9.295050621E0,-1.039950013E0
2.816503543E2,2.287950039E0,1.233795071E1,-7.759500146E-1
2.816527980E2,8.230500221E-1,1.137300014E1,-8.820000291E-1
2.816552417E2,-4.429500103E-1,1.229700089E1,-2.895000204E-2
2.816576851E2,1.972050071E0,1.109505081E1,1.933050036E0
2.816601287E2,1.306050062E0,7.732950211E0,-1.855950117E0
2.816625724E2,2.939999998E-1,1.033800030E1,-2.968950033E0
2.816650159E2,3.436950207E0,1.011795044E1,-1.350000054E-1
2.816674595E2,7.939500213E-1,8.739000320E0,-4.368000031E0
2.816699032E2,-6.889500618E-1,7.798050404E0,1.011000037E0
2.816723466E2,2.491950035E0,9.951000214E0,1.282050014E0
2.816747903E2,1.780950069E0,8.430000305E0,-3.618000269E0
2.816772339E2,6.169500351E-1,5.758050442E0,-1.654950023E0
2.816796774E2,3.370050192E0,8.822999954E0,-3.259500265E-1
2.816821211E2,2.407950163E0,1.006500053E1,-3.082050085E0
2.816845647E2,3.868050098E0,7.846050262E0,-1.213950038E0
2.816870084E2,7.732950211E0,8.871000290E0,-8.980950356E0
2.816894519E2,6.232050419E0,6.013950348E0,-9.681000710E0
2.816918955E2,2.209050179E0,6.268050194E0,-6.847950459E0
2.816943392E2,4.315950394E0,6.973950386E0,-5.074050426E0
2.816967826E2,5.050950050E0,4.492050171E0,-8.709000587E0
2.816992263E2,1.206000090E0,4.765050411E0,-5.596050262E0
2.817016699E2,3.202950239E0,6.820950508E0,-2.194050074E0
2.817041134E2,8.370000839E0,3.115050077E0,-6.244950294E0
2.817065571E2,2.092050076E0,4.720950127E0,-3.537000179E0
2.817090007E2,1.108050108E0,8.041950226E0,2.970000029E0
2.817114442E2,5.515950203E0,4.438950062E0,2.359500080E-1
2.817138879E2,6.982950211E0,7.458000183E0,-8.070000410E-1
2.817163315E2,1.025205040E1,7.858050346E0,-3.193950176E0
2.817187750E2,1.237305069E1,4.008000374E0,-7.273950577E0
2.817212187E2,6.205050468E0,3.168000221E0,-1.259700012E1
2.817236623E2,5.671050072E0,5.494950294E0,-1.675605011E1
2.817261057E2,1.303605080E1,4.510950089E0,-1.802505112E1
2.817285494E2,7.018950462E0,4.129950047E0,-1.228305054E1
2.817309930E2,1.096050024E0,6.855000496E0,-4.438950062E0
2.817334365E2,8.973000526E0,7.350000381E0,-1.897050142E0
2.817358802E2,8.125050545E0,6.627000332E0,-2.590950012E0
2.817383238E2,1.819050074E0,8.725049973E0,6.319050312E0
2.817407675E2,-9.499500394E-1,1.108500099E1,6.226050377E0
2.817432110E2,1.957950115E0,1.147095013E1,-3.600000143E-1
2.817456546E2,2.134950161E0,1.526295090E1,-5.320500135E-1
2.817480982E2,2.674050093E0,1.492605114E1,3.985050201E0
2.817505417E2,6.655050278E0,1.231395054E1,4.107000351E0
2.817529854E2,4.326000214E0,1.065000057E1,-9.975000381E0
2.817554290E2,1.054605007E1,1.132500076E1,-1.700505066E1
2.817578727E2,8.734050751E0,8.406000137E0,-2.257395172E1
2.817603162E2,2.530499995E-1,7.123050213E0,-1.002495003E1
2.817627599E2,1.747050047E0,6.915000439E0,-1.801050067E0
2.817652032E2,6.126000404E0,8.677050591E0,-2.031000137E0
2.817676469E2,3.586050272E0,7.324050426E0,3.670500219E-1
2.817700906E2,2.761950016E0,7.219050407E0,3.262050152E0
2.817725342E2,3.655050278E0,1.147305012E1,2.620500028E-1
2.817749777E2,2.623050213E0,1.165800095E1,6.690000296E-1
2.817774214E2,2.496000051E0,1.293405056E1,2.319000006E0
2.817798650E2,3.933000088E0,1.081305027E1,3.730950117E0
2.817823085E2,1.741950035E0,7.003050327E0,1.059000015E0
2.817847522E2,2.257050037E0,9.793050766E0,1.014000058E0
2.817871958E2,2.973000050E0,1.151895046E1,1.849050045E0
2.817896392E2,4.438050270E0,5.812950134E0,-3.925050259E0
2.817920829E2,9.589500427E-1,4.719000340E0,-5.212950230E0
2.817945265E2,7.813950539E0,7.558950424E0,-8.014050484E0
2.817969702E2,7.192050457E0,7.698000431E0,-1.252305031E1
2.817994137E2,5.640000105E-1,7.531950474E0,-4.744050026E0
2.818018574E2,3.042000055E0,8.065950394E0,-2.550000191E0
2.818043010E2,4.009950161E0,8.764950752E0,-1.257000089E0
2.818067445E2,5.203950405E0,8.749050140E0,-1.204950094E0
2.818091882E2,1.078095055E1,8.844000816E0,-5.773050308E0
2.818116318E2,7.668000221E0,6.181950092E0,-1.248705101E1
2.818140752E2,1.845000029E0,6.864000320E0,-7.546950340E0
2.818165189E2,2.104050159E0,6.919050217E0,-1.777050138E0
2.818189626E2,5.086950302E0,6.469050407E0,-4.669050217E0
2.818214060E2,1.266000032E0,5.023050308E0,-2.445000172E0
2.818238497E2,3.093000174E0,7.822050571E0,4.864050388E0
2.818262933E2,7.759050369E0,6.297000408E0,-2.965050220E0
2.818287370E2,3.373050213E0,3.868950129E0,-4.461000443E0
2.818311805E2,3.097050190E0,8.964000702E0,5.320500135E-1
2.818336242E2,6.568950176E0,7.386000156E0,-4.246050358E0
2.818360678E2,3.856050253E0,9.129000664E0,-4.423050404E0
2.818385112E2,6.214950085E0,1.174395084E1,-1.839000106E0
2.818409549E2,1.012005043E1,1.010100079E1,-8.138999939E0
2.818433986E2,3.303000212E0,8.707950592E0,-7.533000469E0
2.818458420E2,-3.709500134E-1,1.106400013E1,3.075000048E0
2.818482857E2,3.871050119E0,9.832950592E0,-4.890000224E-1
2.818507293E2,4.756950378E0,8.848950386E0,-5.581950188E0
2.818531728E2,3.172050238E0,1.045305061E1,-3.156000137E0
2.818556165E2,7.198950291E0,1.121205044E1,-6.598950386E0
2.818580602E2,6.418050289E0,1.054905033E1,-8.449950218E0
2.818605036E2,1.327950120E0,1.191900063E1,-2.524050236E0
2.818629473E2,2.391000032E0,1.251495075E1,-3.240000248E0
2.818653909E2,2.182950020E0,1.267500019E1,-4.873050213E0
2.818678346E2,2.491950035E0,1.281195068E1,-8.719500303E-1
2.818702781E2,1.001400089E1,1.120305061E1,-7.873050213E0
2.818727217E2,6.853950500E0,7.729050159E0,-1.474905109E1
2.818751654E2,1.066950083E0,5.895000458E0,-9.742950439E0
2.818776088E2,1.033950090E0,3.460050106E0,-1.660050035E0
2.818800525E2,4.948050022E0,5.704950333E0,-3.439050198E0
2.818824962E2,1.282950044E0,2.824950218E0,-4.186050415E0
2.818849398E2,1.330050111E0,2.622000217E0,2.626950026E0
2.818873833E2,5.857950211E0,4.324050426E0,2.623050213E0
2.818898270E2,3.928050280E0,2.539499998E-1,-1.533000112E0
2.818922706E2,2.845950127E0,3.205950260E0,1.915950060E0
2.818947141E2,4.978950024E0,5.467950344E0,-5.320500135E-1
2.818971578E2,3.294000149E0,6.426000118E0,-3.055950165E0
2.818996014E2,5.965950489E0,1.171500015E1,-5.100000277E-2
2.819020448E2,8.233050346E0,8.908950806E0,-6.879000187E0
2.819044885E2,3.502050161E0,5.626050472E0,-7.224000454E0
2.819069321E2,1.965000153E0,8.272050858E0,-1.902000070E0
2.819093756E2,5.604000092E0,8.049000740E0,-2.332950115E0
2.819118193E2,4.845000267E0,5.422950268E0,-9.052950859E0
2.819142629E2,2.745000124E0,5.923050404E0,-5.821050167E0
2.819167064E2,6.511950493E0,7.393050194E0,-7.662000179E0
2.819191501E2,4.279950142E0,4.623000145E0,-8.512050629E0
2.819215937E2,-1.905000024E-2,4.791000366E0,-2.683950186E0
2.819240374E2,3.105000257E0,6.097950459E0,3.979500234E-1
2.819264808E2,2.761950016E0,9.951000214E0,-1.180950046E0
2.819289245E2,1.594050050E0,9.859950066E0,1.432950020E0
2.819313681E2,5.439000130E0,9.169950485E0,-2.136000156E0
2.819338116E2,5.347950459E0,6.277950287E0,-6.513000488E0
2.819362553E2,-2.029500157E-1,1.023495007E1,-5.299500227E-1
2.819386989E2,-7.519500256E-1,7.501050472E0,1.513950109E0
2.819411424E2,2.923050165E0,6.180000305E0,-2.622000217E0
2.819435861E2,1.756950140E0,5.887050152E0,-4.605000094E-2
2.819460297E2,1.054949999E0,8.598000526E0,4.939950466E0
2.819484731E2,4.263000011E0,1.136100101E1,2.041050196E0
2.819509168E2,3.756000280E0,5.758050442E0,-2.232000113E0
2.819533604E2,5.170950413E0,7.486950397E0,-3.475050211E0
2.819558041E2,8.427000046E0,1.237395096E1,-9.685050011E0
2.819582476E2,5.013000011E0,1.129905033E1,-7.372050285E0
2.819606913E2,4.429050446E0,1.427505112E1,-6.010050297E0
2.819631349E2,7.711050510E0,1.249800014E1,-9.276000023E0
2.819655784E2,2.293050051E0,1.138500023E1,-6.325950146E0
2.819680221E2,1.282950044E0,1.016805077E1,-6.799500585E-1
2.819704657E2,4.627050400E0,8.418000221E0,-2.349000216E0
2.819729091E2,4.369050026E0,7.360050201E0,-9.862950325E0
2.819753528E2,2.559000015E0,5.667000294E0,-5.479050159E0
2.819777965E2,5.218950272E0,7.777050495E0,-4.236000061E0
2.819802401E2,5.278950214E0,5.595000267E0,-6.964950562E0
2.819826836E2,1.084050059E0,3.232050180E0,-4.950000439E-3
2.819851272E2,4.394999981E0,6.165000439E0,5.110050201E0
2.819875707E2,4.347000122E0,7.201950550E0,9.370500445E-1
2.819900144E2,2.653950214E0,8.683950424E0,2.809050083E0
2.819924580E2,7.014000416E0,9.565050125E0,-4.800000042E-2
2.819949017E2,7.627050400E0,4.381050110E0,-9.606000900E0
2.819973451E2,1.072050095E0,6.598950386E0,-1.071000004E1
2.819997888E2,1.965000153E0,7.338000298E0,-4.156949997E0
2.820022325E2,6.540000439E0,3.949950218E0,-6.151050091E0
2.820046759E2,2.391000032E0,4.213950157E0,-3.895950079E0
2.820071196E2,3.033000231E0,7.008000374E0,1.393950105E0
2.820095632E2,9.001950264E0,5.629050255E0,-5.653050423E0
2.820120067E2,3.958950281E0,3.939000130E0,-5.893050194E0
2.820144504E2,2.089050055E0,6.967050552E0,6.499500275E-1
2.820168940E2,3.538050175E0,7.575000286E0,-2.361000061E0
2.820193377E2,3.411000252E0,7.935000420E0,-3.288000107E0
2.820217811E2,6.481050491E0,1.022805023E1,-4.042050362E0
2.820242248E2,8.331000328E0,7.425000191E0,-1.157400036E1
2.820266685E2,1.471950054E0,7.633050442E0,-1.058595085E1
2.820291119E2,-5.340000391E-1,7.087050438E0,-3.619500101E-1
2.820315556E2,4.195950031E0,5.737050056E0,-1.249500066E-1
2.820339992E2,3.655050278E0,4.839000225E0,-3.889050245E0
2.820364427E2,1.258950114E0,6.673050404E0,2.544000149E0
2.820388864E2,7.663050175E0,5.835000515E0,-2.673000097E0
2.820413300E2,6.181050301E0,3.903000116E0,-8.038050652E0
2.820437736E2,7.510500550E-1,6.658050537E0,2.809500098E-1
2.820462171E2,1.723050117E0,9.828000069E0,1.774950027E0
2.820486607E2,1.765950084E0,9.151050568E0,-2.569500208E-1
2.820511044E2,2.310000181E0,1.085805035E1,-1.819500029E-1
2.820535479E2,9.528000832E0,1.174605083E1,-6.718950272E0
2.820559915E2,5.953950405E0,7.378950119E0,-1.044900036E1
2.820584352E2,1.789950132E0,8.657999992E0,-5.509950161E0
2.820608786E2,4.603050232E0,9.508050919E0,-2.689050198E0
2.820633222E2,7.050000191E0,8.515950203E0,-7.336950302E0
2.820657659E2,2.074949980E0,8.689050674E0,-3.654000282E0
2.820682094E2,5.367000103E0,1.059495068E1,-1.243050098E0
2.820706530E2,9.330000877E0,8.521050453E0,-7.933050156E0
2.820730967E2,3.214950085E0,8.695950508E0,-6.217950344E0
2.820755401E2,4.266000271E0,1.100895023E1,-3.405000210E0
2.820779838E2,5.061000347E0,8.980950356E0,-3.604050159E0
2.820804274E2,4.102950096E0,9.997950554E0,-2.469000101E0
2.820828711E2,9.217050552E0,1.199505043E1,-4.405950069E0
2.820853146E2,9.193050385E0,7.717050552E0,-1.214205074E1
2.820877582E2,2.416950226E0,7.602000237E0,-7.863000393E0
2.820902019E2,1.171950102E0,7.855950356E0,1.810950041E0
2.820926454E2,3.835050106E0,7.353000164E0,3.360000253E-1
2.820950890E2,1.551000118E0,5.397000313E0,-2.639999986E-1
2.820975327E2,1.531950116E0,8.143050194E0,5.380950451E0
2.820999761E2,6.835050106E0,8.761050224E0,1.426050067E0
2.821024198E2,3.892050266E0,5.953950405E0,-3.172950268E0
2.821048635E2,1.633950114E0,8.740950584E0,8.505000174E-2
2.821073071E2,3.303000212E0,1.048005009E1,-4.711950302E0
2.821097506E2,1.488000035E0,9.025950432E0,-5.826000214E0
2.821121942E2,1.486050129E0,1.072395039E1,-1.834950089E0
2.821146379E2,4.986000061E0,1.169595051E1,-6.589950085E0
2.821170814E2,3.274950266E0,7.480050564E0,-7.044000149E0
2.821195250E2,1.840500087E-1,7.923000336E0,-1.834950089E0
2.821219687E2,2.034000158E0,7.246950150E0,8.389500380E-1
2.821244121E2,3.817950249E0,6.831000328E0,-3.424050093E0
2.821268558E2,2.179949999E0,6.946050167E0,-1.641000032E0
2.821292994E2,4.861950397E0,8.679000854E0,-3.619500101E-1
2.821317429E2,4.807050228E0,6.496050358E0,-5.530950069E0
2.821341865E2,1.531950116E0,5.832000256E0,-1.915950060E0
2.821366302E2,2.923050165E0,6.760950089E0,4.080000222E-1
2.821390737E2,2.607000113E0,8.473050117E0,-2.151000023E0
2.821415174E2,1.543950081E0,7.759950161E0,-1.345950007E0
2.821439610E2,4.728000164E0,8.308050156E0,-3.598950148E0
2.821464047E2,5.812950134E0,5.104950428E0,-1.009695053E1
2.821488481E2,4.060500264E-1,7.221000195E0,-6.466950417E0
2.821512917E2,1.170000076E0,6.603000164E0,2.830500007E-1
2.821537354E2,7.171950340E0,3.946050167E0,-4.044000149E0
2.821561789E2,3.721950293E0,3.900000095E0,-5.578950405E0
2.821586225E2,5.215950012E0,6.927000523E0,2.260500044E-1
2.821610662E2,1.009605026E1,4.863000393E0,-7.474950314E0
2.821635097E2,2.652000189E0,5.385000229E0,-7.119000435E0
2.821659533E2,9.900000691E-1,8.203050613E0,6.310500503E-1
2.821683970E2,5.884050369E0,5.959050179E0,-4.741050243E0
2.821708407E2,4.102950096E0,6.619950294E0,-5.778000355E0
2.821732841E2,7.048050404E0,9.430950165E0,-3.838950157E0
2.821757277E2,1.033995056E1,6.076950073E0,-1.004700089E1
2.821781714E2,1.363950014E0,7.297950268E0,-1.007805061E1
2.821806149E2,-2.100000158E-2,7.582950592E0,-2.191050053E0
2.821830585E2,7.855050564E0,6.153000355E0,-9.630000591E-1
2.821855022E2,6.793950558E0,5.916000366E0,-4.225950241E0
2.821879457E2,2.049000025E0,8.425050735E0,3.094050169E0
2.821903893E2,6.124050140E0,8.653050423E0,-1.363050103E0
2.821928330E2,5.158950329E0,7.444050312E0,-7.533000469E0
2.821952764E2,1.980000138E-1,1.019505024E1,6.709500551E-1
2.821977200E2,1.258950114E0,9.975000381E0,-1.921050072E0
2.822001637E2,2.044049978E0,9.898050308E0,-5.505000114E0
2.822026072E2,2.130000114E0,1.197105026E1,-1.990050077E0
2.822050509E2,5.698050499E0,1.113600063E1,-3.420000076E0
2.822074945E2,5.536950111E0,1.021905041E1,-7.044000149E0
2.822099382E2,2.698050022E0,9.247050285E0,-3.793050289E0
2.822123817E2,2.893950224E0,9.709050179E0,-5.059500337E-1
2.822148253E2,4.435950279E0,9.924000740E0,-3.466950178E0
2.822172690E2,1.989000082E0,1.041000080E1,-2.275050163E0
2.822197124E2,1.453050017E0,1.131495094E1,2.077050209E0
2.822221561E2,4.759050369E0,1.002495003E1,-2.758950233E0
2.822245997E2,2.664000034E0,9.402000427E0,-3.694950104E0
2.822270432E2,2.158950090E0,9.631950378E0,-6.640500426E-1
2.822294869E2,4.338000298E0,9.567000389E0,-2.509950161E0
2.822319305E2,2.370000124E0,9.570000648E0,-3.994050264E0
2.822343742E2,2.670000196E-1,7.828950405E0,8.560500145E-1
2.822368177E2,4.294950008E0,8.884950638E0,-1.485000014E0
2.822392613E2,3.928050280E0,9.124950409E0,-4.344000340E0
2.822417050E2,1.038000107E0,7.626000404E0,-7.549500465E-1
2.822441485E2,3.471000195E0,8.751000404E0,-5.920500159E-1
2.822465921E2,7.165050507E0,9.256050110E0,-4.837050438E0
2.822490358E2,2.812050104E0,8.326950073E0,-3.577950239E0
2.822514792E2,2.143949986E0,8.509050369E0,5.350500345E-1
2.822539228E2,4.611000061E0,8.385000229E0,-2.802000046E0
2.822563665E2,1.984050035E0,8.124000549E0,-3.501000166E0
2.822588100E2,1.599000096E0,7.185000420E0,-1.818000078E0
2.822612536E2,5.712000370E0,7.828950405E0,-5.164950371E0
2.822636973E2,4.736999989E0,7.477050304E0,-8.409000397E0
2.822661408E2,1.503000021E0,7.414950371E0,-3.180000067E0
2.822685845E2,4.453050137E0,8.955000877E0,1.500000060E-2
2.822710281E2,3.760950089E0,8.161950111E0,-2.289000034E0
2.822734718E2,5.590500236E-1,7.405050278E0,1.690950036E0
2.822759152E2,-1.069950104E0,7.180050373E0,3.886950254E0
2.822783589E2,6.028050423E0,6.277950287E0,-8.839500546E-1
2.822808026E2,4.563000202E0,5.217000484E0,-8.440050125E0
2.822832460E2,3.330000162E0,6.862050533E0,-4.984950066E0
2.822856896E2,7.213050365E0,6.919050217E0,-5.412000179E0
2.822881333E2,4.089000225E0,7.243050575E0,-5.163000107E0
2.822905770E2,1.909500062E-1,8.016000748E0,1.854000092E0
2.822930204E2,2.890950203E0,8.971050262E0,2.340000153E0
2.822954641E2,5.005950451E0,7.980000496E0,-5.530950069E0
2.822979078E2,1.900050044E0,6.724950314E0,-5.692050457E0
2.823003513E2,3.588000059E0,7.915050507E0,-3.546000242E0
2.823027949E2,7.120050430E0,7.209000111E0,-8.170050621E0
2.823052386E2,1.375950098E0,7.369950294E0,-5.007000446E0
2.823076820E2,-3.349500299E-1,7.381050587E0,3.288000107E0
2.823101257E2,4.266000271E0,8.835000038E0,7.860000134E-1
2.823125694E2,4.948050022E0,7.848000526E0,-5.284950256E0
2.823150128E2,1.050000072E0,8.157000542E0,-1.055999994E0
2.823174564E2,3.082950115E0,9.280050278E0,3.100500107E-1
2.823199001E2,4.117050171E0,8.527950287E0,-2.521950006E0
2.823223436E2,7.890000343E-1,9.316050529E0,-1.177950025E0
2.823247872E2,1.764000058E0,1.008000088E1,2.350050211E0
2.823272309E2,5.500950336E0,1.059000015E1,-4.855950356E0
2.823296746E2,4.936050415E0,9.181950569E0,-6.477000237E0
2.823321180E2,3.121050119E0,9.910050392E0,-3.022050142E0
2.823345617E2,4.872000217E0,1.045800018E1,-4.042050362E0
2.823370053E2,3.291000128E0,1.102800083E1,-4.303050041E0
2.823394488E2,4.180500209E-1,1.001805019E1,1.260000110E0
2.823418924E2,1.660950065E0,8.794050217E0,2.697000027E0
2.823443361E2,7.510050297E0,9.406949997E0,-5.443050385E0
2.823467796E2,4.900050163E0,8.173950195E0,-9.265950203E0
2.823492232E2,1.684950113E0,8.940000534E0,-5.017050266E0
2.823516669E2,3.385050058E0,9.475950241E0,-1.810950041E0
2.823541103E2,2.824050188E0,9.310950279E0,-4.309500158E-1
2.823565540E2,1.656000137E0,7.360050201E0,1.873050094E0
2.823589976E2,2.982000113E0,8.196000099E0,2.113049984E0
2.823614413E2,5.668950081E0,7.923000336E0,-2.698950052E0
2.823638848E2,3.028050184E0,5.974050522E0,-6.384000301E0
2.823663284E2,2.547000170E0,7.747950554E0,-3.517950058E0
2.823687721E2,7.045950413E0,9.007050514E0,-3.778950214E0
2.823712156E2,2.664000034E0,8.224050522E0,-3.700050116E0
2.823736592E2,-6.030000448E-1,7.942050457E0,1.801050067E0
2.823761029E2,1.327950120E0,6.196050167E0,1.555050015E0
2.823785463E2,7.732950211E0,7.894050598E0,-6.264000416E0
2.823809900E2,3.696000099E0,6.613050461E0,-1.017405033E1
2.823834336E2,2.290500104E-1,5.842050076E0,-1.885050058E0
2.823858771E2,4.231950283E0,7.939050198E0,-7.879500389E-1
2.823883208E2,4.675050259E0,8.728950500E0,-2.437950134E0
2.823907644E2,3.750000298E-1,8.690999985E0,7.720500231E-1
2.823932079E2,3.801000118E0,8.278950691E0,1.200000048E0
2.823956516E2,7.828950405E0,7.072950363E0,-7.063950539E0
2.823980952E2,1.672950029E0,8.713050842E0,-6.763950348E0
2.824005389E2,-1.630500108E-1,7.494000435E0,1.294050097E0
2.824029823E2,4.672950268E0,8.092950821E0,1.009500027E-1
2.824054260E2,5.167950153E0,8.635950089E0,-2.683950186E0
2.824078696E2,6.049500108E-1,9.469050407E0,2.089050055E0
2.824103131E2,3.379950047E0,8.725049973E0,1.618950129E0
2.824127567E2,8.037000656E0,9.361950874E0,-7.558950424E0
2.824152004E2,2.484000206E0,9.963000298E0,-7.614000320E0
2.824176439E2,2.269500047E-1,1.013295078E1,-7.879500389E-1
2.824200875E2,1.488000035E0,9.337950706E0,-3.330000043E-1
2.824225312E2,2.695050240E0,8.998050690E0,-1.987950087E0
2.824249749E2,1.471950054E0,9.100950241E0,2.700000070E-2
2.824274183E2,6.106950283E0,8.832000732E0,-2.967000246E0
2.824298620E2,8.923050880E0,8.542950630E0,-8.395050049E0
2.824323056E2,3.295950174E0,9.141000748E0,-8.260950089E0
2.824347491E2,5.260500312E-1,8.689050674E0,-2.455050230E0
2.824371927E2,3.709950209E0,1.024500084E1,-8.400000632E-2
2.824396364E2,2.701950073E0,9.759000778E0,-1.858050108E0
2.824420799E2,5.700000376E-2,7.768950462E0,1.099950075E0
2.824445235E2,3.934950113E0,7.144050121E0,9.079500437E-1
2.824469672E2,1.033800030E1,8.148000717E0,-6.124950409E0
2.824494109E2,4.759050369E0,8.671950340E0,-9.822000504E0
2.824518543E2,1.395000052E-2,8.425050735E0,-2.932950258E0
2.824542979E2,1.183950067E0,9.217950821E0,1.645950079E0
2.824567416E2,3.175950050E0,7.707000256E0,-9.405000508E-2
2.824591851E2,8.130000234E-1,7.228050232E0,-5.340000391E-1
2.824616287E2,4.327950001E0,5.253000259E0,-1.387050033E0
2.824640724E2,9.540000916E0,6.214950085E0,-7.083000183E0
2.824665159E2,4.563000202E0,6.139050484E0,-9.478950500E0
2.824689595E2,0.000000000E0,6.484050274E0,-1.437000036E0
2.824714032E2,2.539950132E0,8.080950737E0,2.419050217E0
2.824738466E2,4.687050343E0,7.993950367E0,-1.638000131E0
2.824762902E2,1.140000075E-1,8.041950226E0,-9.100500345E-1
2.824787339E2,1.096050024E0,5.512050152E0,2.371050119E0
2.824811774E2,8.236050606E0,6.085950375E0,-2.560050011E0
2.824836211E2,7.426050186E0,6.520050526E0,-8.140950203E0
2.824860647E2,7.750500441E-1,6.772950172E0,-1.518000126E0
2.824885084E2,4.639500082E-1,8.188050270E0,3.348000050E0
2.824909518E2,2.479950190E0,9.766050339E0,1.738950133E0
2.824933955E2,2.757000208E0,1.082895088E1,1.800000109E-2
2.824958392E2,1.869000077E0,1.000995064E1,1.639500111E-1
2.824982826E2,3.933000088E0,1.046505070E1,5.130000114E-1
2.825007262E2,4.809000015E0,1.096305084E1,-6.058050156E0
2.825031699E2,2.662050009E0,1.010100079E1,-5.413950443E0
2.825056134E2,1.852050066E0,9.982050896E0,-1.642950058E0
2.825080570E2,4.474050045E0,1.194495010E1,-4.276950359E0
2.825105007E2,3.138000250E0,1.276095104E1,-2.329950094E0
2.825129441E2,4.330500066E-1,1.023795033E1,9.060000181E-1
2.825153878E2,1.507950068E0,9.598950386E0,2.299050093E0
2.825178314E2,6.583050251E0,1.220100021E1,-4.786950111E0
2.825202751E2,2.962950230E0,1.032195091E1,-7.689000130E0
2.825227186E2,8.970000148E-1,7.978050232E0,-2.194050074E0
2.825251622E2,3.921000242E0,9.586950302E0,-6.280500293E-1
2.825276059E2,4.012050152E0,1.067100048E1,-1.681050062E0
2.825300494E2,1.543950081E0,7.567950249E0,-4.099500179E-1
2.825324930E2,4.194000244E0,6.769050121E0,1.570500135E-1
2.825349367E2,6.655050278E0,8.928000450E0,-3.949050188E0
2.825373801E2,3.253050089E0,6.703950405E0,-5.886000156E0
2.825398238E2,1.182000041E0,5.241000175E0,-5.220000148E-1
2.825422674E2,5.158950329E0,7.495950222E0,-5.940000415E-1
2.825447109E2,6.006000519E0,7.803000450E0,-3.670950174E0
2.825471546E2,1.231950045E0,6.787950516E0,-1.882050037E0
2.825495982E2,1.134000063E0,5.919000149E0,9.060000181E-1
2.825520417E2,5.962950230E0,8.290950775E0,-1.957050085E0
2.825544854E2,6.046950340E0,8.583000183E0,-6.919950485E0
2.825569290E2,4.180500209E-1,7.449000359E0,-3.666000128E0
2.825593727E2,6.220500469E-1,8.193000793E0,1.708050132E0
2.825618162E2,4.930950165E0,9.187050819E0,-1.353000045E0
2.825642598E2,4.363950253E0,9.481050491E0,-5.017050266E0
2.825667035E2,1.390050054E0,7.987050533E0,-2.461950064E0
2.825691469E2,4.666050434E0,8.299050331E0,-3.496050119E0
2.825715906E2,7.219950199E0,9.883950233E0,-7.621050358E0
2.825740343E2,1.147950053E0,8.398950577E0,-5.352000237E0
2.825764779E2,3.220500052E-1,8.004000664E0,1.909050107E0
2.825789214E2,5.785950184E0,9.805050850E0,5.879999995E-1
2.825813650E2,5.619000435E0,8.919000626E0,-5.035950184E0
2.825838087E2,9.280500412E-1,7.714050293E0,-2.485950232E0
2.825862522E2,4.726050377E0,7.108950138E0,-1.257000089E0
2.825886958E2,9.727050781E0,8.920950890E0,-5.526000500E0
2.825911395E2,2.665950060E0,9.457050323E0,-6.502950191E0
2.825935830E2,-3.780000210E-1,8.004000664E0,1.248000026E0
2.825960266E2,2.167950153E0,9.406949997E0,2.923950195E0
2.825984703E2,5.122950077E0,9.850050926E0,-2.098050117E0
2.826009137E2,2.749950171E0,9.121950150E0,-4.614000320E0
2.826033574E2,2.725950241E0,7.482000351E0,-3.264000177E0
2.826058010E2,6.042000294E0,8.193000793E0,-4.771950245E0
2.826082445E2,4.912050247E0,9.823950768E0,-6.099000454E0
2.826106882E2,6.169500351E-1,8.329950333E0,-1.861050129E0
2.826131318E2,7.609500289E-1,9.001950264E0,2.608050108E0
2.826155755E2,5.082000256E0,1.021200085E1,-4.600500166E-1
2.826180190E2,3.952050209E0,9.145950317E0,-4.681050301E0
2.826204626E2,7.729500532E-1,7.563000202E0,-2.886000156E0
2.826229063E2,3.030000210E0,7.711950302E0,-1.942050099E0
2.826253497E2,6.556950092E0,8.998050690E0,-6.190050125E0
2.826277933E2,1.813950062E0,7.750050545E0,-5.083950043E0
2.826302370E2,3.299999982E-2,5.497050285E0,2.424000025E0
2.826326805E2,2.712000132E0,9.340050697E0,3.456000090E0
2.826351242E2,4.546050072E0,8.348999977E0,-1.722000122E0
2.826375678E2,1.618050098E0,7.258950233E0,-2.775000095E0
2.826400113E2,3.454050064E0,6.736950397E0,-2.883000135E0
2.826424550E2,9.337050438E0,7.867950439E0,-6.616050243E0
2.826448986E2,3.411000252E0,8.317950249E0,-9.168000221E0
2.826473423E2,-1.075049996E0,7.294950485E0,-8.479500413E-1
2.826497858E2,1.900050044E0,7.675950527E0,2.982000113E0
2.826522294E2,7.881000519E0,9.004950523E0,-1.723950028E0
2.826546731E2,3.403950214E0,7.717050552E0,-4.162050247E0
2.826571165E2,1.251000047E0,7.161000252E0,7.069500089E-1
2.826595602E2,5.962950230E0,7.710000515E0,-2.722950220E0
2.826620038E2,5.839050293E0,9.450000763E0,-7.747950554E0
2.826644473E2,-2.595000155E-2,8.926050186E0,-5.457000256E0
2.826668910E2,-5.719500184E-1,7.360050201E0,1.545000076E0
2.826693346E2,2.523000002E0,9.687000275E0,1.840050101E0
2.826717780E2,5.104050159E0,1.058295059E1,-1.284000039E0
2.826742217E2,3.544950247E0,8.137949944E0,-1.417950034E0
2.826766654E2,3.412950277E0,8.308050156E0,-8.719500303E-1
2.826791088E2,5.968050480E0,1.000800037E1,-3.271050215E0
2.826815525E2,3.174000263E0,1.018500042E1,-5.943000317E0
2.826839962E2,4.660500288E-1,8.884950638E0,-4.819500148E-1
2.826864398E2,6.310500503E-1,9.440999985E0,1.629000068E0
2.826888833E2,4.483950138E0,1.266300106E1,-8.719500303E-1
2.826913270E2,2.865000248E0,9.874050140E0,-3.574950218E0
2.826937706E2,1.057050109E0,8.526000023E0,4.180500209E-1
2.826962141E2,3.816000223E0,1.060200024E1,-1.279050112E0
2.826986578E2,5.638050079E0,1.223700047E1,-6.004950523E0
2.827011014E2,1.170000076E0,1.036995029E1,-5.308950424E0
2.827035451E2,-4.800000042E-2,7.575000286E0,8.890500665E-1
2.827059885E2,2.082000017E0,1.078905010E1,5.830500126E-1
2.827084322E2,2.982000113E0,1.232595062E1,-2.530950069E0
2.827108758E2,1.809000134E0,7.882050514E0,-2.392050028E0
2.827133193E2,3.772950172E0,7.417050362E0,-2.296950102E0
2.827157630E2,8.020050049E0,9.181950569E0,-5.473950386E0
2.827182066E2,4.872000217E0,8.883000374E0,-7.858950138E0
2.827206501E2,1.684950113E0,6.940950394E0,-3.067950249E0
2.827230938E2,4.113000393E0,8.977950096E0,-1.695000008E-2
2.827255374E2,6.457050323E0,8.899050713E0,-2.956950188E0
2.827279811E2,2.307000160E0,8.209950447E0,-3.381000042E0
2.827304246E2,1.924050093E0,5.839950085E0,-1.032000065E0
2.827328682E2,7.837950230E0,7.369950294E0,-2.577000141E0
2.827353117E2,8.860050201E0,7.402950287E0,-9.412050247E0
2.827377553E2,1.627050042E0,7.774050236E0,-7.879950523E0
2.827401990E2,-3.229500055E-1,6.286950111E0,1.995000057E-2
2.827426427E2,4.831050396E0,8.133000374E0,1.684050083E0
2.827450861E2,5.997000217E0,7.939050198E0,-4.810950279E0
2.827475298E2,3.150000274E-1,7.924950600E0,-1.344000101E0
2.827499734E2,3.622050285E0,6.334950447E0,1.995000057E-2
2.827524169E2,1.064400005E1,7.365000248E0,-5.695950508E0
2.827548606E2,3.367950201E0,7.839000225E0,-9.276000023E0
2.827573042E2,-2.155050039E0,7.903050423E0,9.589500427E-1
2.827597477E2,1.140000075E-1,8.041950226E0,4.047000408E0
2.827621914E2,6.274950504E0,8.955000877E0,-2.400000095E0
2.827646351E2,2.989950180E0,8.337000847E0,-3.147000074E0
2.827670787E2,-6.649500132E-1,6.898050308E0,2.128950119E0
2.827695221E2,2.515950203E0,8.039999962E0,-7.590000629E-1
2.827719658E2,5.626050472E0,1.050405025E1,-4.525950432E0
2.827744094E2,1.903050065E0,8.197950363E0,-3.907950163E0
2.827768529E2,4.905000329E-2,7.234950542E0,1.785000086E0
2.827792966E2,9.019500613E-1,1.029795074E1,1.639500111E-1
2.827817402E2,2.245050192E0,1.312995052E1,2.790000141E-1
2.827841837E2,2.793000221E0,9.273000717E0,-2.659500241E-1
2.827866274E2,2.602050066E0,7.630050182E0,-3.190500140E-1
2.827890711E2,7.591050148E0,1.044405079E1,-4.258049965E0
2.827915144E2,6.528000355E0,1.032195091E1,-8.827950478E0
2.827939581E2,1.491000056E0,8.806050301E0,-5.296950340E0
2.827964018E2,2.125050068E0,1.048200035E1,1.900500059E-1
2.827988454E2,6.066000462E0,1.245000076E1,-1.267050028E0
2.828012889E2,3.418050051E0,1.038405037E1,-4.813050270E0
2.828037326E2,1.584000111E0,7.948950291E0,-1.878000140E0
2.828061762E2,4.903050423E0,9.046050072E0,-1.413000107E0
2.828086197E2,7.504950523E0,1.044600010E1,-7.534950256E0
2.828110634E2,2.728950024E0,8.092950821E0,-8.239050865E0
2.828135070E2,1.645950079E0,6.417000294E0,-9.870000482E-1
2.828159505E2,5.722050190E0,9.963000298E0,9.630000591E-1
2.828183942E2,4.736999989E0,9.019050598E0,-1.855950117E0
2.828208378E2,1.872000098E0,8.605050087E0,-1.279050112E0
2.828232812E2,3.559050083E0,7.606950283E0,-4.699500203E-1
2.828257249E2,8.295000076E0,7.674000263E0,-4.087950230E0
2.828281686E2,3.423000097E0,7.402950287E0,-7.312950134E0
2.828306120E2,2.029500157E-1,6.205950260E0,-4.068000317E0
2.828330557E2,9.829500318E-1,6.496050358E0,1.414050102E0
2.828354994E2,5.539950371E0,7.579950333E0,-1.501950026E0
2.828379430E2,4.693950176E0,6.606000423E0,-4.902000427E0
2.828403865E2,1.740000099E-1,6.915000439E0,-9.730500579E-1
2.828428302E2,1.417050123E0,7.767000198E0,1.555050015E0
2.828452738E2,7.065000534E0,8.559000015E0,-4.116000175E0
2.828477173E2,2.953950167E0,8.368050575E0,-7.890000343E0
2.828501609E2,-1.317000031E0,6.214950085E0,4.699500203E-1
2.828526046E2,-9.580500722E-1,6.430950165E0,3.691050291E0
2.828550483E2,5.773950100E0,7.969950199E0,-3.580050230E0
2.828574917E2,4.500000000E0,6.565050125E0,-6.558000088E0
2.828599354E2,5.400000215E-1,6.052950382E0,-2.589000225E0
2.828623790E2,6.435000420E0,6.438000202E0,-2.959950209E0
2.828648225E2,7.141050339E0,8.353950500E0,-7.377000332E0
2.828672662E2,-8.400000632E-2,7.285950184E0,-3.940950155E0
2.828697098E2,-1.882050037E0,6.382950306E0,4.303050041E0
2.828721533E2,2.335950136E0,8.571000099E0,3.465000153E0
2.828745970E2,6.406050205E0,7.065000534E0,-4.528050423E0
2.828770406E2,1.873950124E0,6.043050289E0,-3.336000204E0
2.828794840E2,3.729000092E0,6.862050533E0,-1.305000067E0
2.828819277E2,7.905000210E0,8.836950302E0,-4.801050186E0
2.828843714E2,3.732000113E0,9.730050087E0,-5.977050304E0
2.828868150E2,-2.299500108E-1,7.840950489E0,1.686000109E0
2.828892585E2,-5.700000376E-2,8.770050049E0,2.292000055E0
2.828917021E2,1.857000113E0,1.157595062E1,-7.240500450E-1
2.828941458E2,5.523000240E0,1.184205055E1,7.219500542E-1
2.828965893E2,3.640950203E0,8.454000473E0,-2.589000225E0
2.828990330E2,5.725950241E0,8.887950897E0,-4.159049988E0
2.829014766E2,7.540950298E0,1.195005035E1,-8.682000160E0
2.829039200E2,2.890950203E0,1.152795029E1,-8.052000046E0
2.829063637E2,1.600500047E-1,9.454950333E0,1.690500081E-1
2.829088073E2,1.888050079E0,1.251495075E1,2.841000080E0
2.829112510E2,4.357050419E0,1.490400028E1,-1.444050074E0
2.829136945E2,1.560000062E0,9.832950592E0,-2.887950182E0
2.829161382E2,8.779500127E-1,9.465000153E0,-7.759500146E-1
2.829185818E2,4.843050003E0,1.153095055E1,-3.565950155E0
2.829210253E2,5.428950310E0,1.210800076E1,-7.885050297E0
2.829234689E2,1.668000102E0,8.998050690E0,-3.721050262E0
2.829259126E2,1.198950052E0,8.629050255E0,2.452950001E0
2.829283560E2,4.381050110E0,1.184895039E1,2.251950026E0
2.829307997E2,3.856050253E0,1.108095074E1,-8.479500413E-1
2.829332433E2,3.970950127E0,9.127050400E0,-2.644050121E0
2.829356870E2,4.054950237E0,9.426000595E0,-4.176000118E0
2.829381305E2,5.607000351E0,9.412050247E0,-5.605950356E0
2.829405741E2,4.177050114E0,8.466000557E0,-5.653050423E0
2.829430178E2,1.882950068E0,7.000950336E0,-1.581000090E0
2.829454612E2,2.382000208E0,7.378950119E0,7.530000210E-1
2.829479048E2,5.235000134E0,9.249000549E0,-1.899000049E0
2.829503485E2,3.492000103E0,6.757050514E0,-5.313000202E0
2.829527920E2,1.807050109E0,6.358950138E0,-2.814000130E0
2.829552357E2,2.644950151E0,7.458000183E0,-1.554000020E0
2.829576793E2,6.442050457E0,7.768950462E0,-6.736050129E0
2.829601230E2,1.611000061E0,6.679950237E0,-6.618000507E0
2.829625664E2,-1.579950094E0,5.497050285E0,3.007950068E0
2.829650101E2,2.382000208E0,6.157950401E0,5.188950062E0
2.829674538E2,8.305050850E0,6.436050415E0,-2.713050127E0
2.829698972E2,3.322050095E0,6.475950241E0,-4.768050194E0
2.829723408E2,1.255950093E0,6.376050472E0,-1.750500053E-1
2.829747845E2,7.480950356E0,6.490950108E0,-4.011000156E0
2.829772280E2,5.197050095E0,7.932000160E0,-8.208000183E0
2.829796716E2,-1.017000079E0,8.059050560E0,-4.000500143E-1
2.829821153E2,-1.654050112E0,7.719000340E0,4.246050358E0
2.829845588E2,3.121050119E0,9.016950607E0,3.705000132E-2
2.829870025E2,5.587050438E0,9.163050652E0,-4.047000408E0
2.829894461E2,2.152050018E0,7.132050514E0,-1.377000093E0
2.829918898E2,4.165050030E0,8.527950287E0,-2.361000061E0
2.829943332E2,7.942950249E0,1.064700031E1,-6.372000217E0
2.829967768E2,3.243000269E0,1.032600021E1,-7.521000385E0
2.829992205E2,7.800000161E-2,8.836950302E0,-3.070500195E-1
2.830016640E2,1.134000063E0,1.008900070E1,2.650950193E0
2.830041076E2,5.224050045E0,1.255995083E1,-1.216950059E0
2.830065513E2,4.657950401E0,9.402000427E0,-4.003950119E0
2.830089948E2,5.209050179E0,8.014050484E0,-3.877050161E0
2.830114384E2,8.452950478E0,9.703950882E0,-5.170050144E0
2.830138821E2,6.078000069E0,1.112895012E1,-9.407999992E0
2.830163258E2,9.450000525E-1,9.745050430E0,-6.051000118E0
2.830187691E2,1.282950044E0,8.967000008E0,1.003950000E0
2.830212128E2,4.941000462E0,1.199295044E1,8.220000267E-1
2.830236563E2,3.808050156E0,9.321000099E0,-3.268950224E0
2.830261000E2,2.416950226E0,7.884000301E0,-2.173950195E0
2.830285436E2,6.607050419E0,8.155050278E0,-2.299050093E0
2.830309873E2,1.028700066E1,9.658050537E0,-7.440000534E0
2.830334307E2,3.934950113E0,9.310950279E0,-9.903000832E0
2.830358744E2,5.040000081E-1,7.786050320E0,-1.906050086E0
2.830383181E2,1.981950045E0,7.795950413E0,1.951950073E0
2.830407615E2,4.873950005E0,8.707950592E0,-8.050500154E-1
2.830432052E2,2.535000086E0,6.739950180E0,-2.929050207E0
2.830456488E2,3.274950266E0,5.931000233E0,-1.894050121E0
2.830480925E2,8.608950615E0,6.523950100E0,-4.107000351E0
2.830505360E2,7.594050407E0,7.768950462E0,-8.104949951E0
2.830529796E2,7.249500155E-1,8.827950478E0,-3.889050245E0
2.830554233E2,-6.370500326E-1,8.835000038E0,3.649950266E0
2.830578667E2,-9.409500360E-1,1.003905010E1,2.946000099E0
2.830603104E2,8.370000124E-1,9.936000824E0,-2.260500044E-1
2.830627540E2,7.009500265E-1,7.597050190E0,1.987950087E0
2.830651975E2,3.330000162E0,6.838050365E0,-4.870500267E-1
2.830676411E2,8.464950562E0,8.686050415E0,-5.995950222E0
2.830700848E2,7.014000416E0,9.153000832E0,-1.064100075E1
2.830725283E2,5.020500422E-1,8.208000183E0,-4.897050381E0
2.830749719E2,1.500000060E-1,8.394000053E0,2.377950191E0
2.830774156E2,1.096050024E0,1.338195038E1,3.111000061E0
2.830798591E2,1.453050017E0,1.019505024E1,-7.330500484E-1
2.830823027E2,1.488000035E0,7.024950504E0,9.300000668E-1
2.830847464E2,5.860050201E0,8.278950691E0,-3.190050125E0
2.830871901E2,9.222000122E0,9.430950165E0,-9.075000763E0
2.830896335E2,2.379000187E0,8.629050255E0,-1.000605011E1
2.830920771E2,3.130500019E-1,7.111050129E0,-6.520500183E-1
2.830945208E2,1.764000058E0,1.128705025E1,3.544050217E0
2.830969643E2,2.140050173E0,9.916950226E0,7.980000377E-1
2.830994079E2,8.059500456E-1,6.988950253E0,1.746000051E0
2.831018516E2,4.182000160E0,6.916950226E0,4.630500078E-1
2.831042950E2,1.014105034E1,7.969950199E0,-5.794950485E0
2.831067387E2,6.864000320E0,8.739000320E0,-1.248705101E1
2.831091824E2,3.700500131E-1,8.305950165E0,-6.574950218E0
2.831116260E2,1.066950083E0,8.602950096E0,1.011000037E0
2.831140695E2,3.760950089E0,1.103505039E1,2.404950142E0
2.831165131E2,3.294000149E0,9.164999962E0,-6.540000439E-1
2.831189568E2,2.827050209E0,8.392050743E0,-6.640500426E-1
2.831214003E2,5.271000385E0,7.246950150E0,-4.243050098E0
2.831238439E2,8.058000565E0,9.390000343E0,-8.480999947E0
2.831262876E2,2.026950121E0,8.880000114E0,-9.709050179E0
2.831287310E2,-5.940000415E-1,7.992000580E0,-6.970500350E-1
2.831311747E2,4.710000157E-1,1.031205082E1,3.006000042E0
2.831336184E2,3.655050278E0,1.075500011E1,1.251000047E0
2.831360618E2,2.721000195E0,7.350000381E0,-6.400500536E-1
2.831385055E2,4.050000191E0,7.257000446E0,-1.024950027E0
2.831409491E2,9.157050133E0,8.071050644E0,-4.618950367E0
2.831433928E2,7.692000389E0,9.001950264E0,-1.082700062E1
2.831458363E2,5.279999971E-1,8.041950226E0,-6.783000469E0
2.831482800E2,-4.120500088E-1,7.506000519E0,1.710000038E0
2.831507236E2,2.463000059E0,9.627000809E0,2.517000198E0
2.831531671E2,4.548000336E0,7.896000385E0,-2.620050192E0
2.831556107E2,1.471950054E0,7.350000381E0,-1.380000114E0
2.831580544E2,6.129000187E0,5.956950188E0,-3.115050077E0
2.831604978E2,9.505050659E0,7.228050232E0,-7.726950169E0
2.831629415E2,2.149049997E0,8.085000038E0,-8.455050468E0
2.831653851E2,-1.585050106E0,6.067050457E0,5.230500102E-1
2.831678286E2,-6.990000606E-1,7.687950134E0,4.500000000E0
2.831702723E2,4.396950245E0,8.085000038E0,-4.429500103E-1
2.831727160E2,2.680950165E0,5.370000362E0,-2.329950094E0
2.831751596E2,3.415950060E0,5.725050449E0,1.489950061E0
2.831776030E2,9.580950737E0,5.473050117E0,-4.183050156E0
2.831800467E2,7.447950363E0,7.920000553E0,-9.417000771E0
2.831824903E2,-2.850000262E-1,7.018050194E0,-4.417950153E0
2.831849338E2,-1.747950077E0,7.056000233E0,3.499050140E0
2.831873775E2,1.522050023E0,8.370000839E0,2.565000057E0
2.831898211E2,5.362050056E0,8.554950714E0,-4.048950195E0
2.831922646E2,2.551050186E0,6.418950081E0,-4.204950333E0
2.831947082E2,3.504000187E0,6.792000294E0,-1.795950055E0
2.831971519E2,7.912050247E0,7.639950275E0,-4.762950420E0
2.831995955E2,4.867050171E0,8.788949966E0,-5.995950222E0
2.832020390E2,5.879999995E-1,8.173950195E0,1.074000001E0
2.832044827E2,3.768000126E0,1.060905075E1,1.381950021E0
2.832069261E2,6.319950104E0,1.035795021E1,-4.143000126E0
2.832093698E2,1.576950073E0,9.088950157E0,-4.372050285E0
2.832118134E2,8.370000124E-1,8.052000046E0,-9.250500202E-1
2.832142571E2,7.354050159E0,8.107049942E0,-4.000950336E0
2.832167005E2,7.515000343E0,9.682050705E0,-8.251049995E0
2.832191442E2,1.261050105E0,8.425050735E0,-1.972950101E0
2.832215878E2,1.287000060E0,8.557050705E0,4.006950378E0
2.832240313E2,5.263950348E0,1.106595039E1,1.903950095E0
2.832264750E2,5.068050385E0,1.213395023E1,-2.500050068E0
2.832289186E2,2.374050140E0,1.030995083E1,-3.484050274E0
2.832313623E2,4.444950104E0,9.771000862E0,-4.315050125E0
2.832338057E2,7.687050343E0,1.046505070E1,-8.292000771E0
2.832362493E2,2.017950058E0,1.017105007E1,-7.525950432E0
2.832386930E2,2.820000052E-1,8.911050797E0,3.769500256E-1
2.832411365E2,3.478050232E0,9.582000732E0,1.849050045E0
2.832435802E2,7.074000359E0,1.107105064E1,-1.260000110E0
2.832460238E2,3.604950190E0,7.972950459E0,-3.345000267E0
2.832484673E2,3.255000114E0,8.004000664E0,-1.779000044E0
2.832509109E2,7.897950172E0,9.876000404E0,-5.677050114E0
2.832533546E2,5.599050045E0,1.087500095E1,-9.702000618E0
2.832557982E2,7.579500079E-1,8.614950180E0,-4.510950089E0
2.832582417E2,6.070500016E-1,6.675000191E0,2.520000219E0
2.832606854E2,3.258000135E0,1.074795055E1,2.467050076E0
2.832631290E2,2.475000143E0,9.760950089E0,-6.709500551E-1
2.832655725E2,1.855050087E0,6.472050190E0,-1.851000071E0
2.832680162E2,4.543950081E0,6.727950096E0,-3.891000271E0
2.832704598E2,7.768950462E0,6.559950352E0,-8.907000542E0
2.832729035E2,1.960050106E0,7.372050285E0,-9.580050468E0
2.832753469E2,-9.480000734E-1,5.719950199E0,-7.210500240E-1
2.832777905E2,2.499000072E0,8.362950325E0,2.505000114E0
2.832802342E2,6.502050400E0,6.955050468E0,-3.538950205E0
2.832826777E2,7.249500155E-1,6.814050198E0,-2.042999983E0
2.832851213E2,2.178000212E0,6.699000359E0,2.632050037E0
2.832875650E2,9.199950218E0,6.757050514E0,-4.071000099E0
2.832900085E2,4.045950413E0,8.449049950E0,-8.242050171E0
2.832924521E2,-1.579950094E0,6.517050266E0,-1.590000093E-1
2.832948958E2,6.120000482E-1,5.883000374E0,5.149050236E0
2.832973392E2,7.654050350E0,7.453050137E0,-1.966050148E0
2.832997829E2,5.121000290E0,7.228050232E0,-7.095000267E0
2.833022265E2,1.210950017E0,7.147050381E0,-3.076950073E0
2.833046702E2,5.389050484E0,6.678000450E0,-3.964950085E0
2.833071137E2,8.508000374E0,7.468050480E0,-9.669000626E0
2.833095573E2,2.142000198E0,7.900950432E0,-8.632050514E0
2.833120010E2,3.307950258E0,8.169000626E0,-1.717050076E0
2.833144444E2,8.817000389E0,7.410000324E0,-4.375050068E0
2.833168881E2,4.165050030E0,7.923000336E0,-7.810950279E0
2.833193318E2,-1.314000010E0,7.123050213E0,-1.593000054E0
2.833217754E2,2.032050133E0,5.641050339E0,2.058000088E0
2.833242188E2,8.302950859E0,5.863950253E0,-4.234050274E0
2.833266625E2,3.009000063E0,6.274950504E0,-4.474950314E0
2.833291062E2,-1.429050088E0,5.515950203E0,3.607050180E0
2.833315497E2,1.989000082E0,6.069000244E0,4.666950226E0
2.833339933E2,7.426050186E0,7.911000252E0,-7.860000134E-1
2.833364370E2,3.226950169E0,8.179050446E0,-2.614950180E0
2.833388804E2,8.560500145E-1,8.305950165E0,1.990950108E0
2.833413240E2,4.587000370E0,8.149950027E0,-2.665050030E0
2.833437677E2,5.712000370E0,1.013700008E1,-7.087950230E0
2.833462112E2,4.222949982E0,1.033395004E1,-5.665050507E0
2.833486549E2,5.805000305E0,1.104705048E1,-6.019950390E0
2.833510985E2,6.835050106E0,1.182795048E1,-5.803950310E0
2.833535420E2,2.335950136E0,1.135095024E1,-3.532050133E0
2.833559857E2,1.909500062E-1,1.103295040E1,3.322050095E0
2.833584293E2,1.536000013E0,1.163895035E1,1.983000040E0
2.833608730E2,5.202000141E0,1.194000053E1,-4.212000370E0
2.833633164E2,2.218950033E0,9.874050140E0,-2.898000240E0
2.833657600E2,1.873950124E0,7.819950581E0,-6.400500536E-1
2.833682037E2,6.061950207E0,1.065000057E1,-2.212949991E0
2.833706472E2,5.109000206E0,1.355400085E1,-3.616050243E0
2.833730909E2,1.720950127E0,9.634950638E0,-1.665000081E0
2.833755345E2,3.781950235E0,9.382950783E0,-6.300000548E-1
2.833779780E2,5.487000465E0,1.167195034E1,-4.873050213E0
2.833804217E2,4.098000050E0,8.751000404E0,-7.413000584E0
2.833828653E2,5.074950218E0,8.932950020E0,-5.614950180E0
2.833853087E2,9.175950050E0,9.034049988E0,-8.095950127E0
2.833877524E2,3.483000278E0,9.204000473E0,-6.229950428E0
2.833901961E2,-1.659000039E0,6.811950207E0,3.001050234E0
2.833926397E2,-2.340000123E-1,6.163050175E0,6.670950413E0
2.833950832E2,6.220050335E0,7.330950260E0,-1.006049991E0
2.833975269E2,5.029950142E0,5.314950466E0,-4.846950054E0
2.833999705E2,9.829500318E-1,4.996950150E0,-1.348050117E0
2.834024140E2,4.077000141E0,5.832000256E0,-2.035950184E0
2.834048577E2,4.927050114E0,7.642050266E0,-3.439050198E0
2.834073013E2,1.639500111E-1,7.276050568E0,-2.272950172E0
2.834097447E2,-1.200000048E-1,7.755000591E0,2.047950029E0
2.834121884E2,5.532000065E0,7.027050495E0,-2.694000244E0
2.834146320E2,7.225050449E0,6.364050388E0,-9.309000015E0
2.834170755E2,4.648950100E0,7.540050507E0,-7.021050453E0
2.834195192E2,8.800950050E0,7.465050220E0,-7.890000343E0
2.834219629E2,5.695050240E0,6.103050232E0,-8.304000854E0
2.834244063E2,-1.441050053E0,7.288050175E0,-9.460500479E-1
2.834268500E2,-3.330000043E-1,4.530000210E0,4.132950306E0
2.834292937E2,7.074000359E0,5.437050343E0,-2.491050005E0
2.834317373E2,6.040050507E0,3.691950083E0,-8.529000282E0
2.834341807E2,-1.840500087E-1,5.037000179E0,-4.950000439E-3
2.834366244E2,4.668000221E0,5.425050259E0,1.818000078E0
2.834390681E2,8.386050224E0,7.840950489E0,-3.883950233E0
2.834415115E2,1.314000010E0,9.196050644E0,-2.785050154E0
2.834439552E2,-2.133000135E0,1.008705044E1,3.714000225E0
2.834463988E2,4.785000324E0,8.722050667E0,-1.156949997E0
2.834488425E2,7.479000568E0,8.545050621E0,-8.476050377E0
2.834512860E2,4.948050022E0,9.340050697E0,-7.810950279E0
2.834537297E2,9.658050537E0,7.810050488E0,-7.963950157E0
2.834561733E2,7.270950317E0,7.662000179E0,-8.737050056E0
2.834586168E2,-6.150000095E-1,9.048000336E0,-7.570500374E-1
2.834610604E2,-1.819500029E-1,8.338950157E0,5.572050095E0
2.834635041E2,7.225050449E0,9.022050858E0,-3.502950191E0
2.834659475E2,7.171950340E0,8.137949944E0,-8.122050285E0
2.834683912E2,1.528950095E0,6.823950291E0,-3.051000118E0
2.834708348E2,3.064050198E0,7.519950390E0,-1.276950002E0
2.834732785E2,6.013950348E0,9.220050812E0,-3.046050072E0
2.834757220E2,1.860000134E0,9.517050743E0,-1.210050106E0
2.834781656E2,5.710500479E-1,8.836950302E0,1.651050091E0
2.834806093E2,2.965950251E0,1.144905090E1,1.665000081E0
2.834830530E2,4.752000332E0,1.008495045E1,-2.950050116E0
2.834854964E2,5.760000229E0,1.030305004E1,-3.628050089E0
2.834879401E2,9.267000198E0,1.107105064E1,-6.754950523E0
2.834903835E2,4.736999989E0,9.721050262E0,-6.598950386E0
2.834928272E2,-1.630500108E-1,1.139400101E1,-7.570500374E-1
2.834952708E2,-6.610500216E-1,8.587950706E0,4.689000130E0
2.834977145E2,2.314050198E0,9.586950302E0,1.207950115E0
2.835001580E2,4.703999996E0,1.066905022E1,-5.164950371E0
2.835026016E2,2.662050009E0,8.310000420E0,-3.184950113E0
2.835050453E2,4.450050354E0,9.177000046E0,-3.724050283E0
2.835074887E2,6.334050179E0,1.167405033E1,-3.949050188E0
2.835099324E2,2.359950066E0,1.245300102E1,-1.000950098E0
2.835123760E2,1.213050008E0,1.115505028E1,-1.363050103E0
2.835148197E2,1.630050063E0,1.286205101E1,3.712050200E0
2.835172632E2,3.040050030E0,1.101105022E1,7.429500222E-1
2.835197068E2,5.518050194E0,8.908950806E0,-4.906050205E0
2.835221505E2,1.188195038E1,9.031050682E0,-1.129005051E1
2.835245940E2,8.443950653E0,8.690999985E0,-1.442595100E1
2.835270376E2,1.669950128E0,8.904000282E0,-8.287050247E0
2.835294813E2,6.499500275E-1,7.450950146E0,3.480000198E-1
2.835319247E2,5.470050335E0,8.863950729E0,0.000000000E0
2.835343683E2,4.048050404E0,7.437000275E0,-5.401950359E0
2.835368120E2,3.299999982E-2,7.312050343E0,2.550000250E-1
2.835392555E2,4.350000381E0,5.655000210E0,9.589500427E-1
2.835416992E2,6.684000492E0,6.517050266E0,-3.445950270E0
2.835441428E2,5.670000315E-1,7.510950565E0,-3.754950285E0
2.835465865E2,-1.711950064E0,7.402950287E0,1.660050035E0
2.835490300E2,4.759050369E0,7.201950550E0,-9.370500445E-1
2.835514736E2,6.294000149E0,6.007050514E0,-6.754950523E0
2.835539173E2,4.431000233E0,8.550000191E0,-4.861050129E0
2.835563607E2,9.853950500E0,8.005949974E0,-6.331050396E0
2.835588044E2,3.556950092E0,6.493050098E0,-7.801050186E0
2.835612480E2,-3.433050156E0,9.052950859E0,3.597000122E0
2.835636915E2,-1.960950136E0,5.617050171E0,4.906949997E0
2.835661352E2,8.662050247E0,6.598950386E0,-1.842000127E0
2.835685788E2,6.129000187E0,4.932000160E0,-6.939000130E0
2.835710223E2,2.544000149E0,6.534000397E0,-1.617000103E0
2.835734660E2,4.285050392E0,7.662000179E0,-2.497950077E0
2.835759096E2,4.768950462E0,8.643000603E0,-4.750950336E0
2.835783530E2,1.125000000E0,9.340050697E0,1.849500090E-1
2.835807967E2,3.540000021E-1,1.005105019E1,2.400000095E-1
2.835832404E2,4.885950089E0,1.161000061E1,-2.955000162E0
2.835856840E2,4.540950298E0,9.448050499E0,-6.850950241E0
2.835881275E2,8.527950287E0,9.975000381E0,-9.052950859E0
2.835905712E2,1.046895027E1,9.055050850E0,-1.307100105E1
2.835930148E2,2.728950024E0,9.237000465E0,-9.727950096E0
2.835954583E2,-1.699950099E0,9.201000214E0,1.323000073E0
2.835979020E2,2.881950140E0,7.561050415E0,4.792050362E0
2.836003456E2,8.218950272E0,6.081000328E0,-4.975950241E0
2.836027891E2,4.323000431E0,6.160050392E0,-2.662950039E0
2.836052328E2,4.471950054E0,6.112950325E0,-4.960500300E-1
2.836076764E2,7.735050201E0,6.997950554E0,-4.791000366E0
2.836101201E2,1.785000086E0,8.690999985E0,-3.931950092E0
2.836125635E2,-1.812000036E0,9.733050346E0,2.995950222E0
2.836150072E2,1.654050112E0,8.428050041E0,6.379500031E-1
2.836174508E2,7.821000576E0,7.723950386E0,-6.799950123E0
2.836198943E2,5.416950226E0,8.181000710E0,-8.725049973E0
2.836223380E2,1.063500023E1,7.899000168E0,-8.424000740E0
2.836247816E2,6.129000187E0,7.401000500E0,-8.782950401E0
2.836272253E2,-1.527000070E0,7.681050301E0,-4.980000257E-1
2.836296687E2,-1.483950019E0,5.907000065E0,6.003000259E0
2.836321123E2,7.021950245E0,5.923050404E0,1.138050079E0
2.836345560E2,7.795050144E0,4.201950073E0,-8.578950882E0
2.836369995E2,2.419950008E0,3.964950085E0,-3.730950117E0
2.836394431E2,5.089050293E0,6.229950428E0,-2.731950045E0
2.836418868E2,6.508950233E0,5.494950294E0,-3.843000174E0
2.836443305E2,1.287000060E0,6.541050434E0,-7.240500450E-1
2.836467740E2,-5.650500059E-1,9.309000015E0,1.186050057E0
2.836492176E2,1.480950117E0,8.550000191E0,3.058050156E0
2.836516613E2,6.282000065E0,7.081950188E0,-4.396049976E0
2.836541047E2,8.014950752E0,8.578950882E0,-7.774950504E0
2.836565483E2,9.793950081E0,7.723950386E0,-1.124400043E1
2.836589920E2,2.764950037E0,8.218950272E0,-9.772050858E0
2.836614355E2,-2.755950212E0,9.223050117E0,1.722000122E0
2.836638791E2,-6.079500318E-1,7.578000546E0,7.828050137E0
2.836663228E2,6.397050381E0,8.353950500E0,-2.907000065E0
2.836687665E2,4.570050240E0,6.907050133E0,-4.396049976E0
2.836712100E2,3.064050198E0,8.265000343E0,8.890500665E-1
2.836736536E2,6.193050385E0,7.621050358E0,-2.212949991E0
2.836760973E2,5.235000134E0,7.693050385E0,-6.148950100E0
2.836785407E2,6.379500031E-1,7.731000423E0,-1.606950045E0
2.836809844E2,4.102950096E0,8.992950439E0,-2.584050179E0
2.836834281E2,7.359000206E0,8.353950500E0,-8.626950264E0
2.836858715E2,4.522050381E0,8.698050499E0,-9.319050789E0
2.836883151E2,7.789950371E0,9.153000832E0,-9.082050323E0
2.836907588E2,9.186000824E0,7.185000420E0,-1.249605083E1
2.836932023E2,3.705000132E-2,8.337000847E0,-5.730000496E0
2.836956460E2,-2.968950033E0,5.842050076E0,8.371050835E0
2.836980896E2,2.335950136E0,4.318950176E0,5.872050285E0
2.837005331E2,6.648000240E0,2.928000212E0,-3.517950058E0
2.837029767E2,2.788950205E0,4.129950047E0,1.050000079E-3
2.837054204E2,5.571000099E0,4.256999969E0,6.709500551E-1
2.837078641E2,7.030950546E0,5.337000370E0,-4.530000210E0
2.837103075E2,1.302000046E0,7.984950542E0,-1.222050071E0
2.837127512E2,-2.842050076E0,1.078095055E1,2.725950241E0
2.837151948E2,4.759500325E-1,8.641050339E0,-4.189500213E-1
2.837176383E2,6.579000473E0,9.472050667E0,-4.305000305E0
2.837200820E2,7.198950291E0,8.964000702E0,-7.594950199E0
2.837225256E2,1.113300037E1,8.236050606E0,-1.183500099E1
2.837249691E2,3.969000101E0,7.104000568E0,-1.115805054E1
2.837274127E2,-4.090500176E-1,9.277950287E0,-7.260000110E-1
2.837298564E2,1.684950113E0,8.803950310E0,2.604000092E0
2.837323001E2,6.661950111E0,8.562000275E0,-4.473000050E0
2.837347435E2,3.463950157E0,7.350000381E0,-2.641050100E0
2.837371872E2,3.160050154E0,8.410950661E0,3.120000064E-1
2.837396308E2,6.514050484E0,7.975050449E0,-3.508050203E0
2.837420743E2,4.146000385E0,9.043050766E0,-5.292000294E0
2.837445180E2,4.680000246E-1,9.682050705E0,3.769500256E-1
2.837469616E2,2.061000109E0,1.175805092E1,6.829500198E-1
2.837494051E2,4.522050381E0,1.079100037E1,-3.427050114E0
2.837518487E2,5.745000362E0,1.034295082E1,-4.084949970E0
2.837542924E2,1.070895004E1,1.137300014E1,-7.437000275E0
2.837567361E2,7.552950382E0,9.607950211E0,-8.505000114E0
2.837591795E2,6.979500055E-1,1.080795097E1,-2.998050213E0
2.837616231E2,2.295000106E-2,9.928950310E0,3.826950073E0
2.837640668E2,3.520950079E0,9.028950691E0,-4.650000334E-1
2.837665103E2,4.098000050E0,8.502000809E0,-5.533950329E0
2.837689539E2,2.707050085E0,8.263050079E0,-2.758950233E0
2.837713976E2,5.602050304E0,8.338950157E0,-3.829050064E0
2.837738413E2,6.057000160E0,9.607950211E0,-4.462950230E0
2.837762847E2,1.713000059E0,1.002495003E1,9.199500680E-1
2.837787284E2,5.239500403E-1,9.967050552E0,-1.072950006E0
2.837811721E2,1.419000030E0,1.325505066E1,6.520500183E-1
2.837836155E2,2.515950203E0,9.547950745E0,4.200000167E-1
2.837860591E2,6.540000439E0,9.220050812E0,-6.120000362E0
2.837885028E2,1.164000034E1,8.835000038E0,-1.326195049E1
2.837909463E2,4.587000370E0,8.334000587E0,-1.219695091E1
2.837933900E2,-1.429500133E-1,7.561050415E0,-2.707950115E0
2.837958336E2,2.338050127E0,7.657050133E0,1.990950108E0
2.837982773E2,6.136050224E0,6.010050297E0,-3.508050203E0
2.838007207E2,2.152050018E0,5.964000225E0,-2.650950193E0
2.838031643E2,4.612950325E0,6.831000328E0,1.074000001E0
2.838056080E2,8.655000687E0,5.197950363E0,-4.815000057E0
2.838080515E2,3.274950266E0,6.876000404E0,-5.218050480E0
2.838104951E2,-1.578000069E0,7.719000340E0,2.842950106E0
2.838129388E2,3.112050056E0,8.053950310E0,6.739500165E-1
2.838153823E2,7.213050365E0,6.879000187E0,-7.308000565E0
2.838178259E2,5.074950218E0,8.593050003E0,-8.044950485E0
2.838202696E2,1.049295044E1,8.026050568E0,-9.685050011E0
2.838227131E2,6.526050091E0,7.030050278E0,-1.169700050E1
2.838251567E2,-2.617050171E0,8.461050034E0,-2.317950010E0
2.838276004E2,-9.049500227E-1,6.280050278E0,6.934950352E0
2.838300438E2,8.434050560E0,4.662000179E0,-1.593000054E0
2.838324875E2,7.225050449E0,3.622050285E0,-8.461950302E0
2.838349312E2,3.792000294E0,5.535000324E0,-2.710950136E0
2.838373748E2,8.596950531E0,4.398000240E0,-3.867000103E0
2.838398183E2,4.618050098E0,5.896950245E0,-5.545950413E0
2.838422620E2,-1.338000059E0,7.480050564E0,1.477950096E0
2.838447056E2,-2.064000130E0,8.617050171E0,4.480950356E0
2.838471491E2,6.277050495E0,6.160050392E0,-3.217950106E0
2.838495927E2,5.062950134E0,7.666050434E0,-7.777050495E0
2.838520364E2,8.425050735E0,7.924950600E0,-8.368950844E0
2.838544800E2,8.145000458E0,6.666000366E0,-1.014705086E1
2.838569235E2,-1.429050088E0,8.739000320E0,-2.449950218E0
2.838593672E2,-2.518950224E0,6.934050560E0,6.525000095E0
2.838618108E2,7.249500155E-1,7.015050411E0,1.332000017E0
2.838642543E2,3.835050106E0,8.513999939E0,1.132950068E0
2.838666980E2,3.330000162E0,7.738050461E0,2.038050175E0
2.838691416E2,5.736000061E0,7.663950443E0,-2.008949995E0
2.838715851E2,6.793950558E0,8.513999939E0,-5.989050388E0
2.838740287E2,2.656950235E0,9.213000298E0,-3.712050200E0
2.838764724E2,1.546050072E0,1.030500031E1,2.860500216E-1
2.838789158E2,3.211950064E0,1.279695034E1,-1.915950060E0
2.838813595E2,3.780000210E0,1.163100052E1,-3.570000172E0
2.838838032E2,5.779050350E0,1.074300098E1,-5.521950245E0
2.838862468E2,9.631050110E0,1.093695068E1,-1.126995087E1
2.838886903E2,5.263950348E0,9.442950249E0,-1.163700008E1
2.838911339E2,8.640000224E-1,9.235050201E0,-3.445950270E0
2.838935776E2,2.784000158E0,8.160000801E0,3.340500295E-1
2.838960213E2,4.986000061E0,8.325000763E0,-3.798000097E0
2.838984648E2,2.560950041E0,4.810050011E0,-3.565950155E0
2.839009084E2,3.492000103E0,6.450000286E0,-7.710000277E-1
2.839033521E2,7.219950199E0,5.485050201E0,-5.110050201E0
2.839057956E2,4.239000320E0,5.530950069E0,-3.541950226E0
2.839082392E2,-1.650000066E-1,8.200050354E0,3.025050163E0
2.839106829E2,1.611000061E0,8.731950760E0,3.505950212E0
2.839131263E2,5.985000134E0,6.754050255E0,-2.452050209E0
2.839155699E2,5.698050499E0,8.931000710E0,-4.396049976E0
2.839180136E2,8.941950798E0,8.217000008E0,-7.999950409E0
2.839204571E2,4.459950447E0,7.429050446E0,-8.910000801E0
2.839229008E2,-1.137000084E0,7.717050552E0,2.359500080E-1
2.839253444E2,-1.362000108E0,6.316050529E0,6.532950401E0
2.839277881E2,3.840000153E0,7.258950233E0,1.330500096E-1
2.839302316E2,5.092050076E0,6.844950199E0,-4.570950031E0
2.839326752E2,2.290950060E0,5.956950188E0,-1.771950126E0
2.839351189E2,4.125000000E0,8.365950584E0,-4.009050369E0
2.839375623E2,4.279950142E0,8.526000023E0,-4.963950157E0
2.839400059E2,1.201050043E0,9.115050316E0,-1.009500027E-1
2.839424496E2,8.850000501E-1,9.430950165E0,-9.730500579E-1
2.839448931E2,1.290000081E0,1.365000057E1,1.360950112E0
2.839473368E2,1.783050060E0,9.687000275E0,1.900050044E0
2.839497804E2,6.748950481E0,1.058700085E1,-5.512050152E0
2.839522241E2,9.612000465E0,9.297000885E0,-1.308795071E1
2.839546675E2,2.935050249E0,8.743950844E0,-1.243905067E1
2.839571112E2,7.800000161E-2,9.244050026E0,-1.794000030E0
2.839595549E2,4.527000427E0,9.955050468E0,-3.259500265E-1
2.839619983E2,3.829950094E0,6.043050289E0,-5.020950317E0
2.839644420E2,1.366050124E0,7.642050266E0,1.734000087E0
2.839668856E2,6.106950283E0,6.955050468E0,-4.950000439E-3
2.839693291E2,7.672950268E0,6.193950176E0,-5.497950077E0
2.839717728E2,1.363950014E0,7.585050583E0,-1.201950073E0
2.839742164E2,-5.740500093E-1,1.068600082E1,3.681000233E0
2.839766599E2,3.840000153E0,8.269950867E0,-1.722000122E0
2.839791036E2,5.797950268E0,8.085000038E0,-6.391050339E0
2.839815472E2,9.205050468E0,8.587950706E0,-8.292000771E0
2.839839906E2,1.084800053E1,6.723000526E0,-1.280295086E1
2.839864343E2,1.279950023E0,8.296050072E0,-8.313000679E0
2.839888780E2,-2.170950174E0,7.314000130E0,4.485000134E0
2.839913216E2,4.795050144E0,5.440050125E0,4.756050110E0
2.839937651E2,7.896000385E0,4.681050301E0,-6.265950203E0
2.839962088E2,4.261050224E0,4.884000301E0,-2.931000233E0
2.839986524E2,6.145050526E0,6.349950314E0,-1.534950018E0
2.840010961E2,6.751050472E0,5.575950146E0,-5.983950138E0
2.840035396E2,1.290000081E0,6.783000469E0,-8.290500641E-1
2.840059832E2,-1.627950072E0,9.850050926E0,3.078000069E0
2.840084269E2,-8.209500313E-1,7.558950424E0,-1.699500084E-1
2.840108703E2,4.941000462E0,8.566950798E0,9.850500226E-1
2.840133140E2,8.785950661E0,8.080950737E0,-7.096950531E0
2.840157576E2,1.040505028E1,7.774050236E0,-1.168905067E1
2.840182013E2,3.289050102E0,8.145000458E0,-1.068105030E1
2.840206448E2,-1.756950140E0,9.187050819E0,-8.500500321E-1
2.840230884E2,6.259500384E-1,6.943050385E0,5.224950314E0
2.840255321E2,5.800950050E0,7.257000446E0,-2.740050077E0
2.840279755E2,3.813000202E0,5.077950478E0,-2.449950218E0
2.840304192E2,5.833950043E0,6.982050419E0,-1.726950049E0
2.840328628E2,7.632000446E0,6.091050148E0,-5.968950272E0
2.840353063E2,1.660950065E0,7.639950275E0,-4.416000366E0
2.840377499E2,-2.539499998E-1,9.085950851E0,1.744050026E0
2.840401936E2,1.789500117E-1,1.044405079E1,1.933050036E0
2.840426371E2,5.841000080E0,9.330000877E0,-5.749500394E-1
2.840450808E2,8.592000008E0,8.986050606E0,-5.692050457E0
2.840475244E2,1.217400074E1,8.943000793E0,-1.120305061E1
2.840499678E2,5.085000038E0,7.627950191E0,-1.191000080E1
2.840524115E2,-1.072050095E0,8.503950119E0,-2.032950163E0
2.840548552E2,9.589500427E-1,7.900950432E0,4.477950096E0
2.840572988E2,6.327000141E0,7.429050446E0,-3.508050203E0
2.840597423E2,3.082950115E0,5.788950443E0,-3.336000204E0
2.840621860E2,4.582050323E0,7.786050320E0,1.420500129E-1
2.840646296E2,8.620950699E0,7.276050568E0,-6.108000278E0
2.840670731E2,3.307950258E0,7.944000244E0,-4.558950424E0
2.840695168E2,4.399500191E-1,9.318000793E0,2.608050108E0
2.840719604E2,2.029500157E-1,1.233000088E1,7.500000298E-2
2.840744040E2,2.998950243E0,9.952950478E0,4.219500124E-1
2.840768475E2,5.362050056E0,9.835950851E0,-3.906000137E0
2.840792912E2,1.090005016E1,1.039605045E1,-1.202505016E1
2.840817348E2,5.140050411E0,8.076000214E0,-1.309500027E1
2.840841783E2,-9.910500646E-1,9.346950531E0,-4.252950191E0
2.840866220E2,7.680000067E-1,7.831950188E0,2.179949999E0
2.840890656E2,5.698050499E0,7.228050232E0,-2.827950239E0
2.840915090E2,2.965950251E0,5.137950420E0,-3.223050117E0
2.840939527E2,4.876049995E0,6.682050228E0,-5.779500008E-1
2.840963963E2,9.721950531E0,5.197950363E0,-7.461000443E0
2.840988400E2,4.444950104E0,6.318000317E0,-8.826000214E0
2.841012835E2,-1.087050080E0,8.445000648E0,1.800000109E-2
2.841037271E2,-1.950000064E-3,9.595950127E0,2.389950037E0
2.841061708E2,4.726050377E0,7.707000256E0,-2.349000216E0
2.841086143E2,6.808950424E0,9.579000473E0,-2.269950151E0
2.841110579E2,1.135995007E1,8.080950737E0,-6.229950428E0
2.841135016E2,5.188050270E0,7.477050304E0,-8.821050644E0
2.841159450E2,-2.218950033E0,9.627000809E0,8.170500398E-1
2.841183887E2,-2.092050076E0,7.789050579E0,6.079950333E0
2.841208323E2,5.001000404E0,7.590000153E0,-9.700500369E-1
2.841232760E2,4.242000103E0,8.317950249E0,-3.534000158E0
2.841257195E2,4.594050407E0,7.614000320E0,-7.930500507E-1
2.841281631E2,7.669950485E0,1.013505077E1,-6.826950550E0
2.841306068E2,4.374000072E0,9.157950401E0,-4.909050465E0
2.841330503E2,1.060050011E0,1.053195095E1,-1.075950027E0
2.841354940E2,2.122950077E0,1.195500088E1,-1.573950052E0
2.841379376E2,2.499000072E0,1.233000088E1,-3.907950163E0
2.841403813E2,2.434050083E0,1.008495045E1,-5.317950249E0
2.841428247E2,7.953000546E0,1.012800026E1,-1.023600006E1
2.841452683E2,7.057950497E0,8.835000038E0,-1.154295063E1
2.841477120E2,1.098000050E0,7.729050159E0,-3.951000214E0
2.841501555E2,1.936050057E0,7.863000393E0,3.208950043E0
2.841525991E2,3.739050150E0,8.822999954E0,-8.400000632E-2
2.841550428E2,2.319000006E0,4.717050076E0,-1.036949992E0
2.841574863E2,3.484950066E0,6.615000248E0,2.776050091E0
2.841599299E2,9.187950134E0,6.298950195E0,-3.733050108E0
2.841623736E2,5.971050262E0,5.278950214E0,-6.594000340E0
2.841648171E2,4.830000103E-1,8.374950409E0,3.000000026E-3
2.841672607E2,1.065000057E0,9.400050163E0,1.675050020E0
2.841697044E2,5.556000233E0,7.362000465E0,-3.223050117E0
2.841721478E2,6.514050484E0,9.301950455E0,-5.644050121E0
2.841745915E2,1.116900063E1,8.824950218E0,-7.564050198E0
2.841770351E2,6.040050507E0,7.650000572E0,-1.093995094E1
2.841794788E2,-1.192050099E0,9.325950623E0,-3.048000097E0
2.841819223E2,-2.320500165E-1,7.954050541E0,5.947950363E0
2.841843660E2,7.231950283E0,8.071050644E0,-2.763000250E0
2.841868096E2,4.768950462E0,6.643950462E0,-6.183000088E0
2.841892531E2,3.277050257E0,7.992000580E0,5.160000324E-1
2.841916968E2,7.756950378E0,6.802050114E0,-4.746000290E0
2.841941404E2,4.843050003E0,7.456050396E0,-5.827950478E0
2.841965838E2,4.800000191E-1,8.290950775E0,2.557950020E0
2.841990275E2,-8.805000782E-2,1.142805099E1,2.070000172E-1
2.842014712E2,2.271000147E0,9.034049988E0,-5.340000391E-1
2.842039148E2,4.918950081E0,9.370950699E0,-4.096950054E0
2.842063583E2,1.107795048E1,9.216000557E0,-1.101900005E1
2.842088020E2,6.001950264E0,7.366950512E0,-1.152900028E1
2.842112456E2,-8.400000334E-1,8.530950546E0,-2.602950096E0
2.842136893E2,3.319500089E-1,7.180050373E0,5.295000076E0
2.842161328E2,6.631050110E0,5.824950218E0,-1.138050079E0
2.842185764E2,3.787050247E0,5.847000122E0,-3.148950100E0
2.842210201E2,3.484950066E0,7.084950447E0,8.719500303E-1
2.842234636E2,7.029000282E0,6.670050144E0,-3.847950220E0
2.842259073E2,3.154950142E0,7.674000263E0,-4.903950214E0
2.842283509E2,5.400000140E-2,8.842050552E0,2.029050112E0
2.842307944E2,-4.710000157E-1,1.107105064E1,2.209500074E-1
2.842332380E2,1.524000049E0,9.309000015E0,4.605000094E-2
2.842356817E2,5.689950466E0,9.820950508E0,-1.650000095E0
2.842381251E2,1.102200031E1,9.510000229E0,-9.385950089E0
2.842405688E2,6.685950279E0,7.657050133E0,-1.287495041E1
2.842430124E2,-2.220000178E-1,9.157950401E0,-6.067950249E0
2.842454561E2,1.821000099E0,8.476050377E0,6.210000515E-1
2.842478996E2,6.804000378E0,7.267050266E0,-3.513000250E0
2.842503432E2,2.512950182E0,6.016950130E0,-3.597000122E0
2.842527869E2,5.556000233E0,7.177950382E0,-5.509500504E-1
2.842552304E2,9.733950615E0,5.301000118E0,-7.252950191E0
2.842576740E2,3.094950199E0,6.888000488E0,-6.193950176E0
2.842601177E2,-8.400000632E-2,8.515950203E0,6.499500275E-1
2.842625614E2,2.868000031E0,9.313950539E0,7.740000486E-1
2.842650048E2,5.146950245E0,8.623950005E0,-3.087000132E0
2.842674484E2,4.951050282E0,1.002705002E1,-3.934050083E0
2.842698921E2,1.080495071E1,9.484050751E0,-8.171999931E0
2.842723356E2,3.559050083E0,8.470950127E0,-8.935950279E0
2.842747793E2,-2.035050154E0,9.223050117E0,1.162050009E0
2.842772229E2,8.659500480E-1,7.033950329E0,5.127000332E0
2.842796664E2,7.363950253E0,7.084950447E0,-4.894050121E0
2.842821100E2,3.619050264E0,6.406950474E0,-3.622950077E0
2.842845537E2,4.459950447E0,7.630050182E0,-2.473950148E0
2.842869974E2,7.953000546E0,7.362000465E0,-8.649000168E0
2.842894408E2,1.618050098E0,8.265000343E0,-5.497950077E0
2.842918845E2,1.395000052E-2,8.851950645E0,1.437000036E0
2.842943279E2,8.950500488E-1,1.094700050E1,-8.670000434E-1
2.842967716E2,1.680000067E0,8.878050804E0,-2.064000130E0
2.842992152E2,5.077050209E0,9.256050110E0,-2.311050177E0
2.843016589E2,9.744000435E0,8.080950737E0,-8.152950287E0
2.843041023E2,4.326000214E0,6.919050217E0,-8.368950844E0
2.843065460E2,-1.252050042E0,9.144000053E0,1.240950108E0
2.843089897E2,1.077000022E0,6.855000496E0,4.162050247E0
2.843114333E2,4.780950069E0,6.120000362E0,-3.132000208E0
2.843138768E2,1.182000041E0,7.057950497E0,-1.150500029E-1
2.843163204E2,6.172050476E0,6.538950443E0,-3.739500046E-1
2.843187641E2,8.623050690E0,6.735000134E0,-7.329000473E0
2.843212076E2,1.504950047E0,7.177950382E0,-3.690000057E0
2.843236512E2,5.040000081E-1,1.030005074E1,2.230050087E0
2.843260949E2,3.490050077E0,9.904950142E0,-2.277000189E0
2.843285386E2,3.703050137E0,9.840000153E0,-4.437000275E0
2.843309820E2,7.414050579E0,9.778050423E0,-6.694950104E0
2.843334256E2,9.627000809E0,8.101950645E0,-1.332195091E1
2.843358693E2,1.749000072E0,8.071050644E0,-8.866950035E0
2.843383128E2,-9.049500227E-1,6.778050423E0,1.162050009E0
2.843407564E2,5.382000446E0,6.019050121E0,1.726950049E0
2.843432001E2,6.094950199E0,5.173950195E0,-4.377000332E0
2.843456436E2,2.472000122E0,6.313950062E0,3.270000219E-1
2.843480872E2,8.710050583E0,6.141000271E0,-1.236000061E0
2.843505309E2,7.206000328E0,6.855000496E0,-7.252950191E0
2.843529746E2,-5.310000181E-1,9.229950905E0,-3.280500174E-1
2.843554180E2,-1.108050108E0,9.559950829E0,3.789000273E0
2.843578616E2,3.579000235E0,8.113950729E0,-1.822950125E0
2.843603051E2,5.755050182E0,9.043050766E0,-3.421950102E0
2.843627488E2,9.540000916E0,8.803950310E0,-6.405000210E0
2.843651924E2,9.265050888E0,7.911000252E0,-1.136595058E1
2.843676361E2,4.420500100E-1,8.974050522E0,-5.553000450E0
2.843700795E2,-1.396050096E0,8.998050690E0,3.700050116E0
2.843725232E2,3.397050142E0,8.902050018E0,-8.790000677E-1
2.843749668E2,3.876000166E0,8.325000763E0,-5.356050491E0
2.843774103E2,2.233050108E0,7.990050316E0,-4.120500088E-1
2.843798540E2,6.696000099E0,7.434000492E0,-3.843000174E0
2.843822976E2,5.371950150E0,7.591950417E0,-6.288000107E0
2.843847411E2,9.739500284E-1,7.975050449E0,-3.240000010E-1
2.843871847E2,1.620000124E0,1.016400051E1,1.651050091E0
2.843896284E2,2.178000212E0,1.200000095E1,-3.405000269E-2
2.843920720E2,2.056050062E0,1.041000080E1,1.159500033E-1
2.843945155E2,9.141000748E0,1.111905098E1,-5.494950294E0
2.843969592E2,8.218950272E0,8.191050529E0,-1.219905090E1
2.843994028E2,4.999500215E-1,8.920950890E0,-7.191000462E0
2.844018463E2,-9.300000221E-2,9.136950493E0,1.569000125E0
2.844042900E2,5.476950169E0,6.778050423E0,-2.230050087E0
2.844067336E2,2.893950224E0,6.613050461E0,-2.710950136E0
2.844091773E2,3.447000265E0,8.302950859E0,9.510000348E-1
2.844116207E2,1.033095074E1,7.815000534E0,-6.043950081E0
2.844140644E2,4.291950226E0,7.353000164E0,-7.684050560E0
2.844165080E2,9.040500522E-1,9.736950874E0,-6.540000439E-1
2.844189517E2,2.853000164E0,1.000800037E1,-1.131000042E0
2.844213951E2,3.982950211E0,8.655000687E0,-3.762000084E0
2.844238388E2,4.915050030E0,9.508050919E0,-3.268950224E0
2.844262825E2,1.154895020E1,7.542000294E0,-9.843000412E0
2.844287260E2,6.457050323E0,7.345950127E0,-1.286700058E1
2.844311696E2,-5.910000205E-1,8.277000427E0,-3.171000242E0
2.844336132E2,1.029000044E0,5.631000042E0,2.788050175E0
2.844360567E2,6.061950207E0,5.539950371E0,-3.055950165E0
2.844385003E2,1.680000067E0,5.679000378E0,-1.249950051E0
2.844409440E2,6.909000397E0,6.229950428E0,1.597950101E0
2.844433875E2,1.059900093E1,4.969950199E0,-7.573950291E0
2.844458312E2,1.081050038E0,7.666050434E0,-4.309950352E0
2.844482748E2,-1.957950115E0,9.499950409E0,3.688050270E0
2.844507182E2,2.037000179E0,8.263050079E0,2.520000041E-1
2.844531619E2,4.703999996E0,9.151050568E0,-4.071000099E0
2.844556055E2,7.228050232E0,9.784950256E0,-4.576050282E0
2.844580492E2,1.095495033E1,7.810050488E0,-1.093500042E1
2.844604927E2,2.700000048E0,7.702050209E0,-8.818950653E0
2.844629364E2,-1.297950029E0,8.476050377E0,2.338050127E0
2.844653800E2,2.959050179E0,7.810050488E0,1.633950114E0
2.844678235E2,5.695050240E0,8.039999962E0,-5.686950207E0
2.844702672E2,2.116050005E0,8.358000755E0,-2.341950178E0
2.844727108E2,6.688950539E0,7.768950462E0,-3.331050158E0
2.844751545E2,6.769950390E0,7.480050564E0,-8.175000191E0
2.844775979E2,3.660000265E-1,8.916000366E0,-1.344000101E0
2.844800416E2,3.850500286E-1,9.544050217E0,2.778000116E0
2.844824850E2,3.114000082E0,9.723000526E0,-7.570500374E-1
2.844849287E2,4.009950161E0,9.208050728E0,-2.437950134E0
2.844873723E2,8.992050171E0,9.570000648E0,-5.917050362E0
2.844898160E2,9.052050591E0,8.815950394E0,-1.207695103E1
2.844922595E2,3.060000241E-1,9.714000702E0,-5.722950459E0
2.844947032E2,-1.458000064E0,8.952000618E0,4.564050198E0
2.844971468E2,4.945950031E0,6.958050251E0,4.129500091E-1
2.844995905E2,3.885000229E0,7.156050205E0,-3.927000284E0
2.845020340E2,2.563050032E0,8.458950043E0,1.846950054E0
2.845044776E2,8.125050545E0,7.567950249E0,-4.522950172E0
2.845069213E2,5.496000290E0,8.476050377E0,-7.756050587E0
2.845093647E2,9.979500771E-1,1.027905083E1,3.739500046E-1
2.845118083E2,1.383000016E0,1.226100063E1,4.200000316E-2
2.845142520E2,2.278950214E0,1.188495064E1,-2.059950113E0
2.845166955E2,2.767050028E0,1.218705082E1,-5.560500026E-1
2.845191392E2,9.459000587E0,1.033095074E1,-9.721050262E0
2.845215828E2,6.409050465E0,8.776950836E0,-1.317405033E1
2.845240265E2,3.439500034E-1,8.002050400E0,-5.859000206E0
2.845264700E2,1.873950124E0,7.474950314E0,-8.100000620E-1
2.845289136E2,5.118000031E0,7.894050598E0,-4.135050297E0
2.845313573E2,1.555050015E0,6.631950378E0,-2.743950129E0
2.845338007E2,3.639000177E0,7.338000298E0,1.299000025E0
2.845362444E2,8.161050797E0,4.681050301E0,-7.501950264E0
2.845386880E2,3.052050114E0,5.562000275E0,-6.271050453E0
2.845411317E2,-8.860500455E-1,6.412050247E0,8.749500513E-1
2.845435752E2,1.788000107E0,5.683950424E0,-7.000500560E-1
2.845460189E2,3.559050083E0,6.223050117E0,-2.164950132E0
2.845484623E2,6.559950352E0,8.133000374E0,-4.720500112E-1
2.845509060E2,1.121595097E1,4.039050102E0,-6.412050247E0
2.845533497E2,2.710050106E0,5.647950172E0,-9.003000259E0
2.845557933E2,-2.044950008E0,6.016950130E0,-3.505950212E0
2.845582367E2,6.126000404E0,3.823950291E0,1.306050062E0
2.845606804E2,6.660000324E0,1.786050081E0,-4.516050339E0
2.845631240E2,6.000000238E-1,5.119050026E0,2.551050186E0
2.845655675E2,5.061000347E0,5.998050213E0,3.370050192E0
2.845680112E2,7.132050514E0,5.425050259E0,-4.546950340E0
2.845704548E2,2.487000227E0,5.310000420E0,-3.379500210E-1
2.845728985E2,2.604000092E0,1.001295090E1,-5.509500504E-1
2.845753420E2,3.424950123E0,1.020195007E1,-6.010050297E0
2.845777856E2,1.984050035E0,1.096605015E1,-4.315050125E0
2.845802293E2,6.688950539E0,1.256805038E1,-7.534950256E0
2.845826728E2,6.457050323E0,9.405000687E0,-1.043205070E1
2.845851164E2,1.669500023E-1,1.006995010E1,-5.494950294E0
2.845875601E2,7.304999977E-2,9.559950829E0,2.965050220E0
2.845900038E2,2.760000229E0,9.835950851E0,-2.412000179E0
2.845924472E2,1.909950137E0,8.872950554E0,-3.657000065E0
2.845948908E2,1.146000028E0,9.349950790E0,1.392000079E0
2.845973345E2,6.571950436E0,8.674050331E0,-3.919950247E0
2.845997780E2,4.479000092E0,7.056000233E0,-6.336000443E0
2.846022217E2,1.807050109E0,9.091050148E0,-3.400500119E-1
2.846046653E2,3.856050253E0,1.074795055E1,3.580500185E-1
2.846071090E2,4.417050362E0,1.000605011E1,-4.332000256E0
2.846095524E2,7.122000217E0,1.176795101E1,-2.152950048E0
2.846119961E2,1.133100033E1,1.063095093E1,-7.261950493E0
2.846144398E2,5.542050362E0,8.542950630E0,-1.143300056E1
2.846168832E2,5.910000205E-1,1.033395004E1,-2.878050089E0
2.846193268E2,3.217050076E0,9.040950775E0,1.258050084E0
2.846217705E2,5.736000061E0,7.506000519E0,-4.774950027E0
2.846242140E2,1.171950102E0,7.855950356E0,-1.516050100E0
2.846266577E2,4.884000301E0,9.205950737E0,-5.779500008E-1
2.846291013E2,7.816950321E0,7.317000389E0,-8.548050880E0
2.846315448E2,1.002000093E0,8.191050529E0,-4.092000008E0
2.846339885E2,5.980500579E-1,8.478000641E0,7.219500542E-1
2.846364321E2,2.803050041E0,1.021395016E1,-1.243050098E0
2.846388755E2,1.780950069E0,9.316050529E0,-6.760500073E-1
2.846413192E2,6.688950539E0,9.819000244E0,-1.126049995E0
2.846437629E2,1.018905067E1,6.787950516E0,-1.109595013E1
2.846462065E2,3.531000137E0,7.216050148E0,-9.076950073E0
2.846486500E2,9.829500318E-1,8.478000641E0,-2.287050009E0
2.846510937E2,4.098000050E0,6.120000362E0,-2.349000216E0
2.846535373E2,3.508950233E0,4.420050144E0,-4.339050293E0
2.846559808E2,1.414050102E0,6.955050468E0,2.512950182E0
2.846584245E2,8.322000504E0,5.203050137E0,-9.940500259E-1
2.846608681E2,6.631050110E0,3.190950155E0,-7.459050179E0
2.846633118E2,5.860500336E-1,5.272050381E0,-1.813050032E0
2.846657552E2,2.908050060E0,7.717050552E0,-1.570950031E0
2.846681988E2,3.765000105E0,6.265950203E0,-4.054049969E0
2.846706425E2,2.431950092E0,8.854050636E0,-3.556050062E0
2.846730860E2,7.231950283E0,8.188050270E0,-5.754000187E0
2.846755297E2,4.888050079E0,5.293950081E0,-9.135000229E0
2.846779733E2,-1.491000056E0,5.904000282E0,-2.823000193E0
2.846804170E2,2.119500041E-1,5.184000015E0,3.877050161E0
2.846828605E2,6.291000366E0,2.646000147E0,-2.917050123E0
2.846853041E2,1.291950107E0,3.196050167E0,-2.341950178E0
2.846877478E2,4.467000008E0,5.848950386E0,1.429950118E0
2.846901912E2,9.351000786E0,4.542000294E0,-6.309000492E0
2.846926349E2,1.989000082E0,4.969950199E0,-6.004950523E0
2.846950786E2,6.900000572E-2,9.868950844E0,2.704050064E0
2.846975223E2,1.000050068E0,8.679000854E0,-1.129500046E-1
2.846999656E2,2.857950211E0,8.500050545E0,-2.754000187E0
2.847024093E2,6.837000370E0,1.076205063E1,-4.200000286E0
2.847048528E2,1.081695080E1,8.822999954E0,-1.147200012E1
2.847072965E2,2.367000103E0,7.111050129E0,-9.289950371E0
2.847097401E2,-4.305000231E-2,1.039395046E1,-1.995000057E-2
2.847121838E2,3.745950222E0,9.103050232E0,2.239500135E-1
2.847146273E2,3.889950275E0,8.482950211E0,-4.459050179E0
2.847170710E2,2.532000065E0,1.021905041E1,1.576050043E0
2.847195146E2,7.716000557E0,1.053705025E1,-2.323050022E0
2.847219580E2,6.402000427E0,7.911000252E0,-7.521000385E0
2.847244017E2,2.377050161E0,9.778050423E0,-1.803000093E0
2.847268453E2,3.955050230E0,1.198800087E1,-2.698950052E0
2.847292888E2,4.378050327E0,1.077405071E1,-4.570950031E0
2.847317325E2,2.920050144E0,1.406895065E1,-2.710500062E-1
2.847341761E2,8.916000366E0,1.267305088E1,-5.182050228E0
2.847366198E2,5.587050438E0,9.963000298E0,-8.233950615E0
2.847390633E2,4.660500288E-1,1.074300098E1,-2.902050257E0
2.847415069E2,8.160000443E-1,1.030305004E1,2.641950130E0
2.847439506E2,3.301050186E0,9.417000771E0,-2.148000002E0
2.847463940E2,1.177050114E0,8.812950134E0,-7.570500374E-1
2.847488377E2,2.146950006E0,9.855000496E0,1.303050041E0
2.847512813E2,6.813000202E0,8.767950058E0,-5.184000015E0
2.847537250E2,3.033000231E0,8.275050163E0,-2.922000170E0
2.847561685E2,7.170000076E-1,9.562950134E0,1.063950062E0
2.847586122E2,2.008050203E0,1.064295006E1,-1.009500027E-1
2.847610558E2,1.560000062E0,1.003905010E1,-1.090050101E0
2.847634992E2,5.824050426E0,1.051095009E1,-1.549950123E0
2.847659429E2,9.909000397E0,8.602950096E0,-1.044900036E1
2.847683866E2,4.077000141E0,8.758049965E0,-1.073595047E1
2.847708300E2,7.890000343E-1,8.341950417E0,-1.777050138E0
2.847732737E2,3.358050108E0,7.156050205E0,-7.759500146E-1
2.847757173E2,2.968050241E0,6.916950226E0,-3.829050064E0
2.847781610E2,5.140500069E-1,5.494950294E0,1.497000098E0
2.847806045E2,5.902950287E0,7.888950348E0,-1.837050080E0
2.847830481E2,5.335950375E0,4.528050423E0,-9.208950043E0
2.847854918E2,1.146000028E0,6.133950233E0,-3.544050217E0
2.847879352E2,1.879050136E0,7.720950603E0,-1.843950033E0
2.847903788E2,2.566050053E0,6.067050457E0,-4.356000423E0
2.847928225E2,3.556950092E0,9.699000359E0,-3.084000111E0
2.847952660E2,8.935050011E0,7.864950180E0,-4.662000179E0
2.847977097E2,7.335000515E0,4.984950066E0,-9.778950691E0
2.848001533E2,-9.100500345E-1,6.955050468E0,-6.532050133E0
2.848025970E2,3.955050230E0,6.262950420E0,-2.449500114E-1
2.848050405E2,1.005000019E1,2.794050217E0,-6.787950516E0
2.848074842E2,2.271000147E0,4.019999981E0,-4.638000011E0
2.848099278E2,4.852050304E0,5.410950184E0,2.461950064E0
2.848123712E2,1.062000084E1,3.888000250E0,-6.058050156E0
2.848148149E2,3.022950172E0,4.678050041E0,-4.528050423E0
2.848172585E2,1.432950020E0,7.293000221E0,1.591050029E0
2.848197020E2,5.508000374E0,5.818050385E0,-2.425950050E0
2.848221457E2,4.443000317E0,7.915050507E0,-3.076950073E0
2.848245894E2,7.900050163E0,9.603000641E0,-3.156000137E0
2.848270328E2,8.414999962E0,7.884000301E0,-1.180395031E1
2.848294765E2,-4.140000343E-1,9.466950417E0,-7.401000500E0
2.848319202E2,-2.401050091E0,9.984000206E0,4.521000385E0
2.848343638E2,2.551050186E0,7.563000202E0,-3.450000286E-1
2.848368072E2,3.301050186E0,8.275050163E0,-1.899000049E0
2.848392509E2,2.580000162E0,9.787950516E0,2.548050165E0
2.848416945E2,6.775050163E0,1.057095051E1,-1.594950080E0
2.848441382E2,4.867050171E0,7.747950554E0,-6.238050461E0
2.848465817E2,3.744000196E0,1.038900089E1,-3.001050234E0
2.848490253E2,4.717950344E0,1.162905025E1,-4.393949986E0
2.848514690E2,3.514050245E0,1.291500092E1,-2.737050056E0
2.848539125E2,2.233050108E0,1.528695107E1,1.849050045E0
2.848563561E2,7.515000343E0,1.336005020E1,-4.846950054E0
2.848587998E2,4.024050236E0,1.064295006E1,-8.200950623E0
2.848612432E2,4.110000134E-1,1.078395081E1,-3.214050055E0
2.848636869E2,2.506050110E0,1.000305080E1,-2.530950069E0
2.848661305E2,3.319950104E0,8.631000519E0,-5.268000126E0
2.848685742E2,1.093050003E0,6.667950153E0,-1.759950042E0
2.848710177E2,4.371000290E0,7.506000519E0,1.849500090E-1
2.848734613E2,6.760950089E0,6.766050339E0,-5.146050453E0
2.848759050E2,2.788950205E0,4.338000298E0,-3.757050276E0
2.848783484E2,3.337050200E0,5.185950279E0,7.005000114E-2
2.848807921E2,4.089000225E0,7.501050472E0,-9.820500612E-1
2.848832358E2,2.733000040E0,6.313950062E0,8.700000644E-1
2.848856794E2,5.305050373E0,1.102095032E1,-2.809500098E-1
2.848881229E2,5.695050240E0,5.899050236E0,-8.239050865E0
2.848905666E2,8.370000124E-1,5.269950390E0,-4.726950169E0
2.848930102E2,1.789500117E-1,7.441050529E0,1.464000106E0
2.848954537E2,7.369050503E0,3.594000101E0,-3.646950245E0
2.848978974E2,3.811050177E0,3.004950047E0,-4.588050365E0
2.849003410E2,3.820050240E0,7.719000340E0,3.499500155E-1
2.849027844E2,8.916000366E0,6.430950165E0,-5.008950233E0
2.849052281E2,2.880000114E0,5.614950180E0,-6.589950085E0
2.849076717E2,6.649500132E-1,8.683950424E0,5.710500479E-1
2.849101152E2,3.760950089E0,8.698050499E0,-1.882050037E0
2.849125589E2,3.351000071E0,9.177000046E0,-3.264000177E0
2.849150025E2,5.829000473E0,1.147095013E1,-1.471050024E0
2.849174460E2,8.973000526E0,8.767950058E0,-9.037050247E0
2.849198897E2,1.548000097E0,8.479949951E0,-9.151050568E0
2.849223333E2,-1.093950033E0,1.078095055E1,1.186050057E0
2.849247770E2,3.745950222E0,7.516050339E0,-3.090000153E-1
2.849272204E2,5.058000088E0,8.145000458E0,-4.495050430E0
2.849296641E2,2.662050009E0,8.916000366E0,-3.379500210E-1
2.849321078E2,6.375000477E0,8.539950371E0,-3.940950155E0
2.849345514E2,5.190000057E0,8.277000427E0,-8.059950829E0
2.849369949E2,6.360000372E-1,9.034049988E0,-1.552050114E0
2.849394385E2,2.977950096E0,9.811950684E0,-1.195050001E0
2.849418822E2,4.077000141E0,8.611950874E0,-3.739950180E0
2.849443257E2,3.844050169E0,1.112400055E1,-1.506000042E0
2.849467694E2,1.072995090E1,9.994050026E0,-6.642000198E0
2.849492130E2,5.416950226E0,7.714050293E0,-1.022400093E1
2.849516567E2,2.890500128E-1,9.715950012E0,-3.171000242E0
2.849541001E2,2.170950174E0,7.990050316E0,1.437000036E0
2.849565438E2,5.149050236E0,6.850050449E0,-3.979950190E0
2.849589874E2,1.423950076E0,7.669050217E0,-9.649500251E-1
2.849614309E2,4.182000160E0,9.036000252E0,5.470499992E-1
2.849638745E2,7.395000458E0,7.282950401E0,-6.460050106E0
2.849663182E2,1.195950031E0,7.759950161E0,-2.574000120E0
2.849687617E2,1.225050092E0,9.769050598E0,7.219500542E-1
2.849712054E2,2.530050039E0,8.454000473E0,-2.601000071E0
2.849736490E2,1.915050149E0,1.020195007E1,4.129500091E-1
2.849760924E2,8.652000427E0,9.819000244E0,-3.610950232E0
2.849785361E2,9.315000534E0,6.961950302E0,-1.184295082E1
2.849809797E2,1.456950068E0,8.317950249E0,-7.368000507E0
2.849834232E2,1.479000092E0,8.171999931E0,-2.970000207E-1
2.849858669E2,6.454050541E0,5.940000057E0,-3.172950268E0
2.849883105E2,3.064050198E0,5.670000076E0,-3.115050077E0
2.849907542E2,4.279950142E0,8.052000046E0,1.051950097E0
2.849931977E2,8.884050369E0,6.151050091E0,-5.328000069E0
2.849956414E2,2.899050236E0,5.923050404E0,-7.270050526E0
2.849980850E2,1.371000051E0,7.674000263E0,-1.319999993E-1
2.850005285E2,4.165050030E0,7.482000351E0,-3.193950176E0
2.850029722E2,2.014950037E0,7.474950314E0,-2.625000238E0
2.850054158E2,4.896000385E0,9.808950424E0,-1.927950144E0
2.850078595E2,9.291000366E0,7.099050522E0,-8.257950783E0
2.850103029E2,2.391000032E0,6.891000271E0,-7.783950329E0
2.850127466E2,-5.599500537E-1,7.906050205E0,8.599500656E-1
2.850151902E2,5.737950325E0,5.626050472E0,7.380000353E-1
2.850176339E2,5.254950047E0,5.587950230E0,-4.060950279E0
2.850200774E2,1.014000058E0,8.502000809E0,1.384950042E0
2.850225210E2,5.710050106E0,8.104949951E0,-9.820500612E-1
2.850249647E2,5.190000057E0,6.223050117E0,-7.063950539E0
2.850274081E2,9.520500302E-1,8.119050026E0,6.300000101E-2
2.850298518E2,2.884050131E0,9.345000267E0,-1.624050021E0
2.850322954E2,2.992050171E0,8.473050117E0,-4.269000053E0
2.850347389E2,3.387000084E0,1.158600044E1,-1.630950093E0
2.850371825E2,9.331950188E0,1.091295052E1,-7.261950493E0
2.850396262E2,4.765950203E0,8.575950623E0,-1.013295078E1
2.850420697E2,-6.900000572E-2,9.927000046E0,-2.100000143E0
2.850445134E2,2.527950048E0,8.016000748E0,4.180500209E-1
2.850469570E2,5.128050327E0,6.460050106E0,-5.151000023E0
2.850494005E2,1.632000089E0,6.661050320E0,-1.609050035E0
2.850518441E2,6.294000149E0,8.445000648E0,-1.068000078E0
2.850542878E2,8.041950226E0,6.145950317E0,-8.311050415E0
2.850567315E2,1.516950130E0,7.863000393E0,-3.187050104E0
2.850591749E2,2.812050104E0,8.835000038E0,8.940000534E-1
2.850616186E2,3.325050116E0,8.812950134E0,-1.285950065E0
2.850640622E2,1.768950105E0,9.760950089E0,8.560500145E-1
2.850665057E2,7.423950195E0,1.150005054E1,-1.234050035E0
2.850689494E2,6.697950363E0,7.204050541E0,-8.926050186E0
2.850713930E2,6.529500484E-1,8.008950233E0,-5.524050236E0
2.850738365E2,1.560000062E0,9.072000504E0,-6.400500536E-1
2.850762802E2,4.792950153E0,7.003050327E0,-3.859950066E0
2.850787239E2,1.627050042E0,7.606950283E0,-1.461000085E0
2.850811675E2,1.941000104E0,9.826050758E0,2.671050072E0
2.850836109E2,5.932050228E0,9.283050537E0,-4.192950249E0
2.850860546E2,3.789000273E0,8.695950508E0,-3.721050262E0
2.850884982E2,2.449050188E0,1.013295078E1,-1.510500014E-1
2.850909417E2,4.669950008E0,9.208050728E0,-3.136950254E0
2.850933854E2,2.664000034E0,1.085100079E1,-2.092950106E0
2.850958290E2,3.595050097E0,1.240005016E1,-9.100500345E-1
2.850982727E2,8.145000458E0,1.063500023E1,-7.537950516E0
2.851007162E2,2.118000031E0,9.237000465E0,-5.919000149E0
2.851031598E2,1.429500133E-1,8.800950050E0,1.750950098E0
2.851056035E2,3.865950108E0,8.634000778E0,-4.630500078E-1
2.851080471E2,3.828000069E0,8.032950401E0,-4.341000080E0
2.851104905E2,2.271000147E0,9.262950897E0,-1.165950060E0
2.851129342E2,7.540950298E0,8.971050262E0,-4.231050014E0
2.851153777E2,4.311000347E0,8.088000298E0,-7.735950470E0
2.851178214E2,1.339950085E0,8.344050407E0,-2.212949991E0
2.851202650E2,4.206000328E0,8.314949989E0,-1.878000140E0
2.851227087E2,2.944050074E0,7.899000168E0,-4.393949986E0
2.851251521E2,1.608000040E0,7.573050499E0,7.140000463E-1
2.851275958E2,8.635050774E0,7.558950424E0,-3.465000153E0
2.851300395E2,6.976050377E0,5.610000134E0,-9.730950356E0
2.851324829E2,1.438050032E0,8.374950409E0,-4.381950378E0
2.851349266E2,3.439950228E0,6.958050251E0,-1.426950097E0
2.851373702E2,6.193050385E0,5.767950058E0,-4.878000259E0
2.851398137E2,8.560500145E-1,7.573050499E0,-2.140500098E-1
2.851422574E2,4.110000134E0,8.097000122E0,2.386050224E0
2.851447011E2,8.215950012E0,6.783000469E0,-6.823950291E0
2.851471447E2,1.420950055E0,7.755000591E0,-4.279050350E0
2.851495882E2,1.210950017E0,8.578950882E0,5.250000358E-1
2.851520319E2,3.552000284E0,7.920000553E0,-4.179000378E0
2.851544755E2,9.880500436E-1,9.333000183E0,-6.469500065E-1
2.851569189E2,-3.330000043E-1,1.007505035E1,1.396950126E0
2.851593626E2,5.428950310E0,9.490950584E0,-2.875950098E0
2.851618063E2,3.090000153E0,8.524050713E0,-4.549950123E0
2.851642500E2,1.864050031E0,8.617050171E0,1.320000052E0
2.851666934E2,6.082950115E0,8.433000565E0,-2.574000120E0
2.851691371E2,5.185050011E0,8.803950310E0,-7.357950211E0
2.851715807E2,9.810000658E-1,9.417000771E0,-2.254050016E0
2.851740242E2,3.490050077E0,9.603000641E0,-2.665050030E0
2.851764679E2,4.654050350E0,8.005949974E0,-5.019000053E0
2.851789115E2,4.249500334E-1,8.416049957E0,-1.114050031E0
2.851813552E2,3.756000280E0,7.480050564E0,-2.895000204E-2
2.851837987E2,7.350000381E0,7.209000111E0,-6.580050468E0
2.851862423E2,2.880000114E0,7.285950184E0,-5.529000282E0
2.851886859E2,3.391950130E0,7.543950558E0,-1.614000082E0
2.851911294E2,5.676000118E0,8.512050629E0,-5.224950314E0
2.851935730E2,1.246950030E0,7.449000359E0,-1.867950082E0
2.851960167E2,-7.759500146E-1,7.750050545E0,5.212950230E0
2.851984602E2,3.045000076E0,5.854050159E0,1.737000108E0
2.852009038E2,6.559950352E0,5.935050488E0,-5.787000179E0
2.852033475E2,3.070950031E0,7.081950188E0,-3.697050095E0
2.852057910E2,6.430050373E0,8.072999954E0,-3.265950203E0
2.852082346E2,4.534049988E0,8.229000092E0,-4.798950195E0
2.852106783E2,-9.105000645E-2,1.000995064E1,8.680500388E-1
2.852131220E2,-1.695000008E-2,9.888000488E0,2.568000078E0
2.852155654E2,4.582050323E0,9.879000664E0,-2.026050091E0
2.852180091E2,2.902950048E0,9.523950577E0,-3.871950150E0
2.852204527E2,5.130000114E0,1.055400085E1,-2.538000107E0
2.852228962E2,7.266000271E0,1.014900017E1,-8.043000221E0
2.852253399E2,2.230950117E0,9.828000069E0,-5.080950260E0
2.852277835E2,4.060500264E-1,9.453000069E0,1.995000124E0
2.852302272E2,2.899050236E0,1.195905018E1,-1.200000010E-2
2.852326707E2,3.664950132E0,1.102305031E1,-3.999000072E0
2.852351143E2,1.536000013E0,9.936000824E0,-2.416050196E0
2.852375580E2,4.771050453E0,9.406949997E0,-4.945050240E0
2.852400014E2,5.476950169E0,9.654000282E0,-7.288950443E0
2.852424451E2,1.098000050E0,9.747000694E0,-1.168950081E0
2.852448887E2,1.849950075E0,7.386000156E0,2.850000143E0
2.852473322E2,4.672950268E0,9.397050858E0,-2.626950026E0
2.852497758E2,2.463000059E0,7.768950462E0,-4.080000401E0
2.852522195E2,2.005950212E0,7.245000362E0,-5.659500360E-1
2.852546632E2,7.374000549E0,8.325000763E0,-3.472050190E0
2.852571066E2,3.607050180E0,7.246950150E0,-5.707950115E0
2.852595502E2,-2.440500110E-1,8.497050285E0,1.816050053E0
2.852619939E2,1.381050110E0,7.984950542E0,3.825000286E0
2.852644374E2,4.915050030E0,7.894050598E0,-3.132000208E0
2.852668810E2,2.844000101E0,8.485050201E0,-3.742950201E0
2.852693247E2,2.941950083E0,9.013950348E0,-6.730500460E-1
2.852717684E2,5.563950062E0,9.016950607E0,-4.066050053E0
2.852742119E2,1.633950114E0,9.120000839E0,-3.019950151E0
2.852766555E2,4.350000322E-1,9.091050148E0,2.500950098E0
2.852790992E2,4.606050014E0,9.184050560E0,-3.100950241E0
2.852815426E2,5.556000233E0,8.808000565E0,-8.895000458E0
2.852839863E2,1.354050040E0,7.990050316E0,-5.395050049E0
2.852864299E2,5.085000038E0,9.012000084E0,-2.503050089E0
2.852888734E2,6.634050369E0,9.129000664E0,-6.673050404E0
2.852913171E2,1.411950111E0,9.096000671E0,-3.513000250E0
2.852937607E2,1.318050027E0,8.358000755E0,7.960500121E-1
2.852962044E2,6.298950195E0,7.573050499E0,-3.196950197E0
2.852986479E2,4.728000164E0,7.195050240E0,-6.730950356E0
2.853010916E2,6.900000572E-2,7.930050373E0,2.929500043E-1
2.853035352E2,4.371000290E0,8.016000748E0,1.999950051E0
2.853059786E2,5.542050362E0,8.002050400E0,-1.068000078E0
2.853084223E2,8.899500370E-1,8.623950005E0,1.741950035E0
2.853108659E2,3.097050190E0,7.791000366E0,1.621950030E0
2.853133094E2,7.171950340E0,8.217000008E0,-6.400050163E0
2.853157531E2,3.729000092E0,8.047050476E0,-6.577950478E0
2.853181967E2,1.837950110E0,9.711000443E0,-1.114050031E0
2.853206402E2,6.013950348E0,9.627000809E0,-5.218050480E0
2.853230838E2,3.732000113E0,1.012800026E1,-5.857050419E0
2.853255275E2,4.420500100E-1,9.666000366E0,-5.659500360E-1
2.853279712E2,3.634050131E0,9.481050491E0,-2.541000128E0
2.853304146E2,7.860000610E0,9.952950478E0,-8.968950272E0
2.853328583E2,1.927050114E0,9.072000504E0,-6.367050171E0
2.853353019E2,7.170000076E-1,8.911050797E0,1.360950112E0
2.853377456E2,3.808050156E0,1.048395061E1,1.351050019E0
2.853401891E2,2.212050200E0,8.497050285E0,1.240950108E0
2.853426327E2,9.739500284E-1,8.943000793E0,2.155950069E0
2.853450764E2,5.764950275E0,1.059495068E1,1.324950099E0
2.853475198E2,5.635050297E0,8.586000443E0,-6.724050522E0
2.853499634E2,1.153050065E0,9.031050682E0,-5.269950390E0
2.853524071E2,3.411000252E0,1.022805023E1,-2.500050068E0
2.853548506E2,5.784000397E0,1.034805012E1,-2.698950052E0
2.853572943E2,1.704000115E0,9.847950935E0,-3.430500031E-1
2.853597379E2,7.699500322E-1,8.995050430E0,3.781050205E0
2.853621816E2,6.532950401E0,9.868950844E0,-2.152950048E0
2.853646251E2,7.884000301E0,9.985950470E0,-9.265950203E0
2.853670687E2,1.872000098E0,9.510000229E0,-6.670950413E0
2.853695123E2,2.359950066E0,9.328050613E0,-3.793050289E0
2.853719558E2,4.201050282E0,9.747000694E0,-2.722950220E0
2.853743995E2,9.280500412E-1,8.380050659E0,-1.380000114E0
2.853768431E2,2.274000168E0,6.373050213E0,1.308000088E0
2.853792866E2,7.788000584E0,7.542000294E0,-4.246050358E0
2.853817303E2,6.679050446E0,6.424050331E0,-8.491050720E0
2.853841739E2,1.909950137E0,6.739950180E0,-4.144950390E0
2.853866173E2,2.887050152E0,8.682000160E0,-1.456050038E0
2.853890610E2,3.865950108E0,7.563000202E0,-3.898050070E0
2.853915047E2,-3.660000265E-1,7.401000500E0,4.605000094E-2
2.853939481E2,-1.360500008E-1,5.485050201E0,5.259000301E0
2.853963918E2,8.619000435E0,5.554950237E0,-1.765050054E0
2.853988355E2,9.295950890E0,7.540050507E0,-8.524050713E0
2.854012791E2,1.588950038E0,8.650050163E0,3.390000165E-1
2.854037226E2,5.310000181E-1,1.158300018E1,4.066050053E0
2.854061663E2,1.138950109E0,1.123605061E1,-1.690950036E0
2.854086099E2,3.340500295E-1,1.299600029E1,-1.471050024E0
2.854110536E2,2.700000107E-1,1.089600086E1,2.176950216E0
2.854134970E2,2.094000101E0,8.410950661E0,-2.412000179E0
2.854159406E2,-2.850000262E-1,9.244050026E0,-7.023000240E0
2.854183843E2,9.760500193E-1,7.683000565E0,-2.730000019E-1
2.854208278E2,7.219950199E0,1.120305061E1,-1.068000078E0
2.854232715E2,1.087905025E1,9.631950378E0,-6.393000126E0
2.854257151E2,5.998950481E0,7.209000111E0,-1.007595062E1
2.854281588E2,5.239950180E0,9.840000153E0,-1.074405098E1
2.854306023E2,6.853950500E0,9.316050529E0,-1.406895065E1
2.854330459E2,3.162000179E0,7.060950279E0,-1.247205067E1
2.854354896E2,-2.811000109E0,7.108950138E0,-1.894050121E0
2.854379330E2,-2.940000057E0,4.486950397E0,8.884050369E0
2.854403766E2,5.620500445E-1,3.754050255E0,5.278050423E0
2.854428203E2,2.472000122E0,2.617050171E0,3.870000124E0
2.854452638E2,4.831050396E0,6.670050144E0,2.896050215E0
2.854477075E2,6.046950340E0,9.271050453E0,5.176950455E0
2.854501511E2,4.929000378E0,5.904000282E0,4.264950275E0
2.854525946E2,2.560950041E0,5.385000229E0,1.366050124E0
2.854550383E2,1.753950119E0,1.038195038E1,1.950000077E-1
2.854574819E2,7.021950245E0,8.835000038E0,-4.404000282E0
2.854599256E2,2.992050171E0,6.991050243E0,-9.739950180E0
2.854623690E2,4.693950176E0,5.634000301E0,-9.379050255E0
2.854648127E2,1.053195095E1,5.671950340E0,-1.339905071E1
2.854672563E2,3.718050241E0,5.650050163E0,-1.291500092E1
2.854696998E2,-9.769500494E-1,3.946050167E0,-4.693050385E0
2.854721435E2,1.467000127E0,3.520050049E0,-4.240500331E-1
2.854745871E2,2.527950048E0,7.099050522E0,-4.339500070E-1
2.854770306E2,3.300000131E-1,2.658000231E0,1.405950069E0
2.854794743E2,-5.790000558E-1,3.919050217E0,3.961050272E0
2.854819179E2,1.122000098E0,5.686050415E0,2.637000084E0
2.854843616E2,5.259000301E0,4.267050266E0,-6.180000305E-1
2.854868050E2,2.440950155E0,3.567000151E0,2.014950037E0
2.854892487E2,4.507950306E0,7.543950558E0,1.572000027E0
2.854916924E2,5.058000088E0,5.722050190E0,-3.775950193E0
2.854941358E2,8.730000257E-1,7.731000423E0,-1.726950049E0
2.854965795E2,9.570000172E-1,9.505050659E0,3.133050203E0
2.854990231E2,5.311950207E0,8.740950584E0,-9.130500555E-1
2.855014668E2,6.730050087E0,1.027395058E1,-7.698000431E0
2.855039103E2,6.106950283E0,9.916950226E0,-7.830000401E0
2.855063539E2,4.479000092E0,1.204305077E1,-8.644050598E0
2.855087976E2,3.511950254E0,1.289295101E1,-4.372050285E0
2.855112413E2,2.487000227E0,1.326195049E1,6.760500073E-1
2.855136847E2,8.989500403E-1,1.098705006E1,2.152950048E0
2.855161283E2,8.080500364E-1,1.140405083E1,-6.570000052E-1
2.855185720E2,4.977000237E0,1.209105015E1,-1.296000004E0
2.855210155E2,1.869000077E0,9.769050598E0,-6.726000309E0
2.855234591E2,2.961000204E0,1.140900040E1,-3.829050064E0
2.855259028E2,4.052999973E0,1.501005077E1,-5.469000340E0
2.855283463E2,2.014950037E0,1.152405071E1,-6.420000196E-1
2.855307899E2,1.939050078E0,9.565050125E0,2.479050159E0
2.855332336E2,6.913950443E0,1.295100021E1,-1.413000107E0
2.855356771E2,5.542050362E0,1.069500065E1,-4.966050148E0
2.855381208E2,2.812050104E0,9.153000832E0,-3.702000141E0
2.855405644E2,3.307950258E0,8.257950783E0,-2.359050035E0
2.855430079E2,4.608000278E0,8.674050331E0,-3.999000072E0
2.855454515E2,1.429050088E0,8.341950417E0,-1.636050105E0
2.855478952E2,1.768950105E0,5.602950096E0,3.289500177E-1
2.855503389E2,6.655050278E0,6.025950432E0,-2.196000099E0
2.855527823E2,6.805950165E0,6.904950142E0,-6.355050087E0
2.855552260E2,1.383000016E0,5.904000282E0,-4.035000324E0
2.855576696E2,2.512950182E0,6.903000355E0,6.469500065E-1
2.855601131E2,5.611050129E0,1.083195019E1,-1.228950024E0
2.855625568E2,1.860000134E0,8.392050743E0,-5.269500017E-1
2.855650004E2,7.870500088E-1,6.751950264E0,2.287050009E0
2.855674441E2,5.857950211E0,8.230950356E0,-3.022050142E0
2.855698876E2,8.086950302E0,6.201000214E0,-1.128705025E1
2.855723313E2,2.110949993E0,6.643950462E0,-1.106205082E1
2.855747749E2,1.378050089E0,5.404050350E0,-3.106050253E0
2.855772183E2,5.674050331E0,7.480050564E0,-1.348050117E0
2.855796620E2,4.225049973E0,8.152050018E0,-2.305950165E0
2.855821056E2,5.809500217E-1,8.088000298E0,2.601000071E0
2.855845493E2,4.465050220E0,7.726050377E0,1.405950069E0
2.855869928E2,6.946950436E0,8.674050331E0,-3.733050108E0
2.855894364E2,1.515000105E0,8.293950081E0,-1.945050120E0
2.855918801E2,-3.010500073E-1,1.008000088E1,3.327000141E0
2.855943236E2,5.550000072E-1,9.382950783E0,3.000000026E-3
2.855967672E2,1.450050116E0,9.946050644E0,-2.880000174E-1
2.855992109E2,1.004999995E0,8.686050415E0,5.250000358E-1
2.856016543E2,5.980500579E-1,8.574000359E0,3.619500101E-1
2.856040980E2,4.125000000E0,1.277595043E1,1.639050126E0
2.856065416E2,3.849000216E0,1.182495022E1,-6.160950184E0
2.856089851E2,2.968050241E0,9.049950600E0,-1.729050040E0
2.856114288E2,4.528950214E0,1.140195084E1,-3.463050127E0
2.856138724E2,4.635000229E0,1.203405094E1,-5.962050438E0
2.856163161E2,1.642050028E0,1.027395058E1,-1.516050100E0
2.856187596E2,1.282950044E0,8.011050224E0,-1.399050117E0
2.856212033E2,7.041000366E0,9.120000839E0,-6.367050171E0
2.856236469E2,4.222949982E0,1.060905075E1,-8.244000435E0
2.856260904E2,2.247000217E0,6.931050301E0,-4.381950378E0
2.856285340E2,6.145050526E0,8.083050728E0,-3.951000214E0
2.856309777E2,5.656950474E0,1.001295090E1,-6.367050171E0
2.856334211E2,1.516950130E0,7.534950256E0,-2.728050232E0
2.856358648E2,3.310050249E0,5.935050488E0,-5.800500512E-1
2.856383085E2,9.330000877E0,7.807950497E0,-6.882000446E0
2.856407521E2,7.783050537E0,7.068000317E0,-1.123695087E1
2.856431956E2,4.009500146E-1,6.703950405E0,-4.368000031E0
2.856456393E2,3.322050095E0,6.598950386E0,2.041050196E0
2.856480829E2,8.157000542E0,5.803950310E0,-1.324950099E0
2.856505266E2,6.298950195E0,8.337000847E0,7.240500450E-1
2.856529701E2,6.550050259E0,7.542000294E0,2.119950056E0
2.856554137E2,8.587050438E0,8.049000740E0,-3.475050211E0
2.856578574E2,4.953000069E0,1.068105030E1,-5.215050220E0
2.856603008E2,2.389500141E-1,1.228695011E1,5.200500488E-1
2.856627444E2,-4.500000179E-1,1.445895100E1,1.758000135E0
2.856651881E2,7.510500550E-1,1.379595089E1,-3.499500155E-1
2.856676316E2,6.940500140E-1,1.440900040E1,-7.549500465E-1
2.856700752E2,1.050000042E-1,1.215600014E1,-5.580000281E-1
2.856725189E2,4.159500301E-1,1.226805019E1,-9.490500689E-1
2.856749623E2,1.939050078E0,1.482495117E1,-5.869500041E-1
2.856774060E2,2.215950012E0,1.290495014E1,-6.349500418E-1
2.856798497E2,9.430500269E-1,1.043895054E1,-1.815000057E0
2.856822934E2,1.692000031E0,1.345305061E1,-2.455050230E0
2.856847368E2,1.311000109E0,1.349895096E1,-8.980500698E-1
2.856871804E2,-1.270500124E-1,9.184050560E0,-2.269950151E0
2.856896241E2,-8.520000577E-1,1.149495029E1,1.210500076E-1
2.856920676E2,-8.380500674E-1,1.185195065E1,2.539050102E0
2.856945113E2,-9.190500379E-1,7.822050571E0,-2.760000229E-1
2.856969549E2,-2.715000153E0,9.196050644E0,-3.429000139E0
2.856993986E2,-1.228050113E0,8.088000298E0,-1.666950107E0
2.857018421E2,3.150000274E-1,6.115050316E0,6.634950161E0
2.857042857E2,1.795050144E0,3.085950136E0,5.137050152E0
2.857067294E2,2.833950043E0,5.016000271E0,2.661000013E0
2.857091728E2,4.303950310E0,5.695950508E0,5.587050438E0
2.857116165E2,3.592950106E0,3.646050215E0,6.577950478E0
2.857140601E2,1.220505047E1,-3.199500144E-1,-2.164950132E0
2.857165036E2,1.667100143E1,1.891050100E0,-2.259300041E1
2.857189473E2,6.282000065E0,4.350000381E0,-2.590395164E1
2.857213909E2,-1.530000120E-1,5.100000381E0,-1.871400070E1
2.857238344E2,2.733000040E0,7.324050426E0,-1.225695038E1
2.857262780E2,6.058950424E0,7.027050495E0,-6.048000336E0
2.857287217E2,4.441050053E0,5.476050377E0,-1.914000034E0
2.857311653E2,2.953950167E0,5.932950497E0,3.954000235E0
2.857336088E2,7.647000313E0,7.671000481E0,5.200950146E0
2.857360524E2,8.149050713E0,7.501050472E0,2.152950048E0
2.857384961E2,5.290950298E0,6.541050434E0,8.800500631E-1
2.857409396E2,1.016505051E1,8.281949997E0,-3.297000170E0
2.857433833E2,1.240395069E1,7.789050579E0,-1.226895046E1
2.857458269E2,5.230950356E0,1.017105007E1,-1.065495014E1
2.857482706E2,7.920000553E-1,1.016595078E1,1.681950092E0
2.857507140E2,1.540950060E0,1.295805073E1,1.933050036E0
2.857531576E2,3.229050159E0,1.757205009E1,-4.950000439E-3
2.857556013E2,1.560000062E0,1.315395069E1,2.740500271E-1
2.857580448E2,-3.540000021E-1,9.304050446E0,5.010000467E-1
2.857604885E2,3.088050127E0,1.272600079E1,8.200500607E-1
2.857629321E2,1.801950097E0,1.415505028E1,-8.650950432E0
2.857653758E2,1.810500026E-1,9.685050011E0,-3.300000191E0
2.857678193E2,1.078950047E0,8.184000015E0,-3.445950270E0
2.857702629E2,1.785000086E0,1.295805073E1,-3.883950233E0
2.857727066E2,2.026950121E0,1.119300079E1,8.505000174E-2
2.857751500E2,1.126950026E0,8.619000435E0,1.756050110E0
2.857775937E2,2.463000059E0,1.267800045E1,1.918950081E0
2.857800373E2,6.267000198E0,1.489695072E1,-8.070000410E-1
2.857824808E2,2.413050175E0,9.996000290E0,-6.544050217E0
2.857849245E2,2.845950127E0,9.985950470E0,3.499500155E-1
2.857873681E2,3.507000208E0,1.369305038E1,-2.521950006E0
2.857898116E2,7.650000453E-1,1.204995060E1,-1.447050095E0
2.857922553E2,-3.589500189E-1,8.718000412E0,9.829500318E-1
2.857946989E2,2.809950113E0,8.500050545E0,4.168950081E0
2.857971423E2,5.572950363E0,9.385950089E0,-6.652050495E0
2.857995860E2,3.922950268E0,4.554000378E0,-6.886050224E0
2.858020296E2,4.315950394E0,4.756950378E0,-7.696050167E0
2.858044733E2,8.662050247E0,8.208000183E0,-8.617950439E0
2.858069168E2,3.346050262E0,6.285000324E0,-7.015950203E0
2.858093605E2,-1.000500023E-1,3.405000210E0,-2.254050016E0
2.858118041E2,4.426050186E0,4.029000282E0,-8.220000267E-1
2.858142478E2,7.110000134E0,8.116950035E0,-5.316000462E0
2.858166913E2,2.188050032E0,3.214950085E0,-4.914000034E0
2.858191349E2,5.070000291E-1,2.040000200E0,4.642950058E0
2.858215786E2,4.951050282E0,6.168000221E0,3.420000076E0
2.858240220E2,4.183950424E0,5.221950054E0,-8.740500212E-1
2.858264657E2,1.318050027E0,3.639000177E0,6.900000572E-1
2.858289093E2,2.583000183E0,5.014050007E0,2.623050213E0
2.858313530E2,8.530050278E0,2.761050224E0,-5.965050220E0
2.858337965E2,8.499000549E0,1.738050103E0,-1.057395077E1
2.858362401E2,2.532000065E0,4.582950115E0,-8.377950668E0
2.858386838E2,6.153000355E0,5.418000221E0,-4.681050301E0
2.858411272E2,7.909950256E0,5.317950249E0,-5.196000099E0
2.858435709E2,1.443000078E0,7.666050434E0,4.219500124E-1
2.858460146E2,4.159500301E-1,7.461000443E0,6.778950214E0
2.858484580E2,1.251000047E0,9.133950233E0,1.062000036E0
2.858509017E2,2.407950163E0,1.076205063E1,-7.950000465E-3
2.858533453E2,2.227950096E0,9.333000183E0,-7.500000298E-2
2.858557890E2,1.057050109E0,9.699000359E0,-4.290000200E-1
2.858582325E2,3.514050245E0,1.280895042E1,-2.760000229E-1
2.858606762E2,2.596950054E0,1.438005066E1,-6.297000408E0
2.858631195E2,1.198950052E0,1.191105080E1,-3.217950106E0
2.858655632E2,4.620000362E0,9.465000153E0,-6.088950157E0
2.858680069E2,1.801950097E0,1.346805096E1,-9.730950356E0
2.858704505E2,1.630050063E0,1.183995056E1,-5.503050327E0
2.858728940E2,3.198000193E0,1.071705055E1,-3.739950180E0
2.858753377E2,5.146950245E0,1.124295044E1,-5.032950401E0
2.858777813E2,2.821950197E0,1.052295017E1,-1.738950133E0
2.858802248E2,2.259000063E0,8.859000206E0,2.914950132E0
2.858826685E2,8.668950081E0,1.015905094E1,-1.753050089E0
2.858851121E2,8.769000053E0,1.053705025E1,-8.428050041E0
2.858875558E2,3.808050156E0,9.052950859E0,-6.553950310E0
2.858899993E2,3.283950090E0,1.067805004E1,-2.265000105E0
2.858924429E2,5.760000229E0,1.153995037E1,-3.478950262E0
2.858948866E2,2.791050196E0,9.985950470E0,-3.301950216E0
2.858973303E2,3.327000141E0,9.607950211E0,-5.989500284E-1
2.858997737E2,8.572950363E0,8.904000282E0,-5.482950211E0
2.859022174E2,7.285050392E0,8.629050255E0,-8.494950294E0
2.859046611E2,1.792950034E0,8.746050835E0,-4.308000088E0
2.859071045E2,3.307950258E0,8.539950371E0,-7.090500593E-1
2.859095481E2,4.654050350E0,1.000605011E1,-8.239500523E-1
2.859119918E2,7.489500642E-1,8.089950562E0,-4.909500182E-1
2.859144353E2,-1.429500133E-1,5.538000107E0,1.002000093E0
2.859168790E2,4.548000336E0,5.581050396E0,-3.388050079E0
2.859193226E2,7.254000187E0,7.209000111E0,-8.665050507E0
2.859217663E2,2.286000013E0,5.089950085E0,-7.453950405E0
2.859242098E2,6.670500040E-1,3.757050276E0,1.114050031E0
2.859266534E2,4.387950420E0,9.654000282E0,5.659500360E-1
2.859290968E2,2.307000160E0,8.902050018E0,1.657950044E0
2.859315405E2,9.709500670E-1,6.475950241E0,1.612050056E0
2.859339842E2,3.286950111E0,8.557050705E0,1.770000100E0
2.859364278E2,5.452950478E0,6.730050087E0,-5.473950386E0
2.859388713E2,2.515950203E0,7.209000111E0,-8.266050339E0
2.859413150E2,7.819500566E-1,6.558000088E0,-5.035950184E0
2.859437586E2,5.014950275E0,7.410000324E0,-3.750000238E0
2.859462021E2,4.216050148E0,8.607000351E0,-3.831000090E0
2.859486458E2,3.460500240E-1,8.080950737E0,5.899500251E-1
2.859510895E2,2.065050125E0,6.904950142E0,1.009050012E0
2.859535328E2,8.212050438E0,9.322950363E0,-5.842950344E0
2.859559765E2,4.066950321E0,9.553050041E0,-7.248000145E0
2.859584202E2,4.950000346E-1,8.503950119E0,-1.878000140E0
2.859608638E2,2.616000175E0,8.782050133E0,-5.920500159E-1
2.859633073E2,4.108050346E0,9.204000473E0,-2.473950148E0
2.859657510E2,1.186950088E0,8.348999977E0,-2.871000051E0
2.859681946E2,4.326000214E0,6.060000420E0,-1.165950060E0
2.859706383E2,9.720000267E0,6.706050396E0,-7.678950310E0
2.859730818E2,4.315950394E0,7.222950459E0,-1.024995041E1
2.859755254E2,1.395000052E-2,6.625050545E0,-2.734950066E0
2.859779691E2,2.491950035E0,8.497050285E0,2.569500208E-1
2.859804125E2,3.931050301E0,7.966050148E0,-1.930050135E0
2.859828562E2,-2.269500047E-1,6.661050320E0,-7.570500374E-1
2.859852998E2,1.299000025E0,5.578950405E0,1.729950070E0
2.859877435E2,9.013950348E0,6.016950130E0,-5.517000198E0
2.859901870E2,7.351950169E0,6.654000282E0,-1.046100044E1
2.859926306E2,-2.100000158E-2,7.270950317E0,-2.263050079E0
2.859950743E2,-3.810000122E-1,8.776950836E0,4.378050327E0
2.859975178E2,1.620000124E0,9.424050331E0,2.271000147E0
2.859999614E2,2.164050102E0,1.137300014E1,-1.192950010E0
2.860024051E2,1.747050047E0,9.448050499E0,2.089500129E-1
2.860048485E2,2.020050049E0,9.721050262E0,3.676050186E0
2.860072922E2,5.539950371E0,1.026195049E1,-3.357000113E0
2.860097358E2,3.967050076E0,8.725049973E0,-5.409000397E0
2.860121795E2,4.630050182E0,1.016595078E1,-5.470950127E0
2.860146230E2,6.502050400E0,1.093500042E1,-7.701000214E0
2.860170667E2,2.235000134E0,1.146405029E1,-5.959950447E0
2.860195101E2,-2.920500040E-1,9.510000229E0,-4.770000279E-1
2.860219538E2,2.856000185E0,8.665050507E0,-1.807950139E0
2.860243974E2,6.615000248E0,1.166505051E1,-6.622950077E0
2.860268411E2,2.950950146E0,8.718000412E0,-7.080000401E0
2.860292845E2,1.096050024E0,4.453050137E0,-4.030500054E-1
2.860317282E2,1.986000061E0,9.910050392E0,1.894950032E0
2.860341718E2,-1.480500102E-1,7.858050346E0,-2.110500038E-1
2.860366153E2,-2.400000021E-2,4.570950031E0,2.239950180E0
2.860390590E2,3.435000181E0,5.691000462E0,7.770000100E-1
2.860415026E2,9.684000015E0,4.852950096E0,-7.780050278E0
2.860439463E2,4.699050426E0,5.974050522E0,-8.095950127E0
2.860463898E2,-4.480500221E-1,6.256050110E0,1.780500114E-1
2.860488335E2,1.570050120E0,7.747950554E0,4.485000134E0
2.860512771E2,3.430050135E0,7.270950317E0,9.630000591E-1
2.860537208E2,9.430500269E-1,6.271050453E0,-7.905000448E-2
2.860561643E2,3.322050095E0,6.000000477E0,-7.090500593E-1
2.860586079E2,9.069000244E0,6.820950508E0,-8.401950836E0
2.860610516E2,5.371950150E0,5.811000347E0,-1.367700100E1
2.860634950E2,-7.830000520E-1,5.971050262E0,-7.297950268E0
2.860659386E2,-4.639500082E-1,5.677050114E0,-1.975950122E0
2.860683823E2,7.849500179E-1,5.659950256E0,-2.028000116E0
2.860708258E2,2.670000196E-1,2.679000139E0,-2.116950035E0
2.860732694E2,-5.700000376E-2,3.021000147E0,2.350050211E0
2.860757131E2,5.773950100E0,3.244050264E0,1.464000106E0
2.860781568E2,8.077950478E0,1.684950113E0,-4.914000034E0
2.860806003E2,1.396950126E0,4.882050037E0,-2.968950033E0
2.860830439E2,1.636950135E0,7.159050465E0,-8.410500288E-1
2.860854873E2,6.744000435E0,6.631950378E0,-3.811950207E0
2.860879310E2,1.759050131E0,8.290950775E0,9.919500351E-1
2.860903747E2,-1.543950081E0,8.562000275E0,5.512950420E0
2.860928183E2,3.631050110E0,8.215050697E0,2.614950180E0
2.860952618E2,9.739050865E0,1.050600052E1,-7.522950172E0
2.860977055E2,6.222000122E0,9.816000938E0,-7.594950199E0
2.861001491E2,6.009000301E0,1.087695026E1,-5.955000401E0
2.861025925E2,4.678050041E0,1.312995052E1,-7.240950108E0
2.861050362E2,3.636000156E0,1.603200150E1,-2.422950029E0
2.861074798E2,1.443000078E0,1.432005024E1,2.091000080E0
2.861099235E2,4.759500325E-1,1.051995087E1,6.570000052E-1
2.861123670E2,2.652000189E0,1.373400021E1,-7.879500389E-1
2.861148107E2,5.173050404E0,1.307805061E1,-4.303050041E0
2.861172543E2,4.729950428E0,1.124595070E1,-5.019000053E0
2.861196978E2,6.829950333E0,1.397100067E1,-7.011000156E0
2.861221415E2,4.267950058E0,1.538595104E1,-3.738000154E0
2.861245851E2,2.331000090E0,1.271805096E1,3.070500195E-1
2.861270288E2,1.747050047E0,1.193505096E1,1.722000122E0
2.861294722E2,2.401050091E0,1.239300060E1,1.507050037E0
2.861319159E2,1.612950087E0,1.057095051E1,-2.470950127E0
2.861343595E2,-3.370500207E-1,5.374950409E0,2.910000086E-1
2.861368030E2,2.539950132E0,5.920950413E0,-6.280500293E-1
2.861392467E2,4.723050117E0,8.121000290E0,-3.570000172E0
2.861416903E2,2.461050034E0,6.000000477E0,-6.166050434E0
2.861441340E2,7.819500566E-1,5.107050419E0,-4.741050243E0
2.861465774E2,4.017000198E0,6.796950340E0,-4.317000389E0
2.861490211E2,4.157999992E0,5.746050358E0,-5.850000381E0
2.861514648E2,2.719500065E-1,4.372050285E0,-6.040500402E-1
2.861539082E2,-8.209500313E-1,6.843000412E0,4.998000145E0
2.861563518E2,2.223000050E0,8.362950325E0,2.485950232E0
2.861587955E2,5.133000374E0,7.438950539E0,3.102000237E0
2.861612390E2,3.990000248E0,8.734050751E0,3.082050085E0
2.861636827E2,8.026950836E0,1.182105064E1,1.914000034E0
2.861661263E2,1.006500053E1,1.276605034E1,-7.413000584E0
2.861685698E2,4.783050060E0,1.214100075E1,-9.304950714E0
2.861710135E2,7.579500079E-1,1.288800049E1,-5.115000248E0
2.861734571E2,9.040500522E-1,1.313505077E1,-1.921050072E0
2.861759008E2,1.785000086E0,1.479705048E1,-2.170050144E0
2.861783442E2,2.395950079E0,1.040295029E1,1.174050093E0
2.861807879E2,3.373050213E0,8.242950439E0,-2.019000053E0
2.861832315E2,6.976050377E0,1.124100018E1,-7.834950447E0
2.861856750E2,3.805950165E0,1.209300041E1,-9.775950432E0
2.861881187E2,2.307000160E0,8.752950668E0,-6.546000481E0
2.861905623E2,4.174950123E0,1.093695068E1,-2.962050200E0
2.861930058E2,2.482050180E0,1.331505108E1,-3.546000242E0
2.861954495E2,-1.093950033E0,6.169950485E0,7.600500584E-1
2.861978931E2,-2.868000031E0,5.461050034E0,5.143950462E0
2.862003368E2,1.180050015E0,6.004950523E0,2.995950222E0
2.862027802E2,6.366000175E0,1.867050052E0,-5.328000069E0
2.862052239E2,5.365050316E0,4.297950268E0,-2.761050224E0
2.862076675E2,7.354050159E0,4.378950119E0,-2.038050175E0
2.862101112E2,6.367950439E0,7.317000389E0,-4.120950222E0
2.862125546E2,1.273050070E0,8.032950401E0,-1.327050090E0
2.862149983E2,-1.333050013E0,8.155050278E0,3.409950256E0
2.862174420E2,3.307950258E0,8.583000183E0,-2.629050016E0
2.862198855E2,6.718050480E0,9.277950287E0,-9.715950012E0
2.862223291E2,3.199950218E0,9.060000420E0,-5.208000183E0
2.862247728E2,2.733000040E0,9.440999985E0,-1.417950034E0
2.862272162E2,6.154950142E0,1.040295029E1,-2.287050009E0
2.862296598E2,3.967050076E0,1.117605019E1,-2.826000214E0
2.862321035E2,1.411950111E0,1.030500031E1,1.825050116E0
2.862345470E2,4.387950420E0,1.065405083E1,-2.731950045E0
2.862369907E2,5.427000046E0,1.272795105E1,-7.513950348E0
2.862394343E2,9.379500151E-1,1.275405025E1,-6.091950417E0
2.862418780E2,5.400000140E-2,1.016400051E1,-1.900500059E-1
2.862443214E2,4.062000275E0,1.109295082E1,-2.044950008E0
2.862467651E2,3.387000084E0,1.136100101E1,-4.573950291E0
2.862492087E2,2.449050188E0,8.662050247E0,-4.114050388E0
2.862516522E2,5.488950253E0,6.739950180E0,-4.063950062E0
2.862540959E2,7.357050419E0,7.615950584E0,-6.360000134E0
2.862565395E2,2.398050070E0,6.838050365E0,-3.991950274E0
2.862589830E2,3.199500144E-1,7.396050453E0,2.601000071E0
2.862614267E2,3.721950293E0,7.858050346E0,2.398050070E0
2.862638703E2,4.041000366E0,5.398950100E0,-6.010500193E-1
2.862663140E2,7.339500189E-1,5.289000034E0,2.401950121E0
2.862687574E2,4.560000420E0,5.647950172E0,3.010950089E0
2.862712011E2,7.072050571E0,8.002050400E0,-3.702000141E0
2.862736447E2,2.647050142E0,8.293950081E0,-4.600050449E0
2.862760882E2,-4.810500145E-1,7.048950195E0,2.905050039E0
2.862785319E2,-1.503000021E0,1.116000080E1,-3.090000153E-1
2.862809755E2,-1.080000028E-1,9.550950050E0,-7.909500599E-1
2.862834192E2,-8.400000334E-1,9.880950928E0,-3.139500022E-1
2.862858627E2,-9.979500771E-1,8.289000511E0,9.195000678E-2
2.862883063E2,2.119500041E-1,1.054200077E1,9.180000424E-1
2.862907500E2,2.391000032E0,1.220400047E1,1.002000093E0
2.862931935E2,2.131950140E0,8.653050423E0,-1.353000045E0
2.862956371E2,1.852050066E0,1.048905087E1,-1.246050000E0
2.862980808E2,3.282000065E0,1.261995029E1,9.919500351E-1
2.863005245E2,1.623000026E0,8.518950462E0,-2.895000204E-2
2.863029679E2,3.259950161E0,5.196000099E0,-2.539499998E-1
2.863054115E2,1.004100037E1,8.028000832E0,-1.349205017E1
2.863078552E2,1.033095074E1,8.871000290E0,-1.939395142E1
2.863102987E2,3.484950066E0,4.920000076E0,-1.719900131E1
2.863127423E2,1.218000054E0,3.412050247E0,-7.300950527E0
2.863151860E2,3.660000265E-1,9.709050179E0,-1.164000034E0
2.863176294E2,-1.003050089E0,7.863000393E0,3.529950142E0
2.863200731E2,8.590500355E-1,6.487950325E0,8.512949944E0
2.863225168E2,1.052895069E1,7.507950306E0,3.492000103E0
2.863249602E2,1.601205063E1,7.081950188E0,-7.063950539E0
2.863274039E2,8.116050720E0,5.095050335E0,-1.217505074E1
2.863298475E2,3.957000256E0,8.791950226E0,-1.093305016E1
2.863322912E2,7.771050453E0,7.908000469E0,-9.822000504E0
2.863347347E2,3.768000126E0,9.096000671E0,-6.349500418E-1
2.863371784E2,2.596950054E0,9.709050179E0,7.183950424E0
2.863396220E2,6.034950256E0,9.867000580E0,4.828050137E0
2.863420655E2,1.269105053E1,1.001295090E1,-5.826000214E0
2.863445091E2,7.852050304E0,9.354000092E0,-1.149495029E1
2.863469528E2,2.475000143E0,1.161900043E1,-8.545949936E0
2.863493962E2,1.788000107E0,1.171500015E1,-4.219050407E0
2.863518399E2,5.670000315E-1,1.158600044E1,-2.566950083E0
2.863542835E2,-2.730000019E-1,9.181950569E0,-6.400500536E-1
2.863567272E2,1.633950114E0,6.736950397E0,5.320500135E-1
2.863591707E2,6.610050201E0,8.430000305E0,-5.218050480E0
2.863616144E2,4.477050304E0,5.239050388E0,-6.376050472E0
2.863640580E2,1.014000058E0,4.432050228E0,-1.450950027E0
2.863665017E2,4.012050152E0,7.032000542E0,-1.348050117E0
2.863689451E2,4.287000179E0,1.069995022E1,-5.509500504E-1
2.863713887E2,1.234950066E0,6.187050343E0,5.470499992E-1
2.863738324E2,-5.670000315E-1,4.052999973E0,2.113049984E0
2.863762759E2,4.174950123E0,7.176000118E0,2.116950035E0
2.863787195E2,5.803050041E0,6.079050064E0,-7.717050552E0
2.863811632E2,2.860050201E0,4.276050091E0,-4.051949978E0
2.863836069E2,2.745000124E0,6.625050545E0,-1.204950094E0
2.863860503E2,5.070000172E0,8.418000221E0,-2.668050051E0
2.863884940E2,4.174950123E0,1.005405045E1,-1.854000092E0
2.863909377E2,2.499000072E0,9.406949997E0,-2.329500169E-1
2.863933811E2,4.062000275E0,9.001950264E0,-2.155050039E0
2.863958248E2,5.520000458E0,1.053195095E1,-7.720050335E0
2.863982685E2,1.249050021E0,1.021905041E1,-6.661050320E0
2.864007119E2,5.329500437E-1,7.843950272E0,-1.990500093E-1
2.864031556E2,2.235000134E0,1.047000027E1,3.910500109E-1
2.864055992E2,2.434050083E0,1.208895016E1,2.860500216E-1
2.864080427E2,1.267950058E0,9.742050171E0,4.129500091E-1
2.864104864E2,2.334000111E0,9.912000656E0,2.407050133E0
2.864129300E2,8.164050102E0,1.173195076E1,-2.170050144E0
2.864153735E2,4.338000298E0,1.123905087E1,-8.263050079E0
2.864178172E2,1.693950057E0,1.017600060E1,-2.260950089E0
2.864202608E2,3.013950109E0,1.015200043E1,-1.116000056E0
2.864227045E2,3.763050079E0,1.012500095E1,-2.148000002E0
2.864251479E2,2.772000074E0,9.085950851E0,-1.897050142E0
2.864275916E2,5.214000225E0,7.197000504E0,-2.742000103E0
2.864300352E2,1.062705040E1,9.241950035E0,-8.992950439E0
2.864324787E2,6.105000496E0,9.618000031E0,-1.197195053E1
2.864349224E2,1.546050072E0,8.866050720E0,-5.080950260E0
2.864373660E2,3.439950228E0,9.855000496E0,1.159500033E-1
2.864398097E2,4.157999992E0,1.238805103E1,4.099500179E-1
2.864422532E2,1.680000067E0,9.177000046E0,2.380950212E0
2.864446968E2,2.410500050E-1,7.590000153E0,3.777000189E0
2.864471405E2,4.783050060E0,9.927000046E0,-1.159050107E0
2.864495842E2,5.839050293E0,9.204000473E0,-1.034595013E1
2.864520276E2,2.968050241E0,9.057000160E0,-8.359050751E0
2.864544712E2,8.230500221E-1,1.039605045E1,-2.479050159E0
2.864569149E2,1.540950060E0,1.189695072E1,-5.749500394E-1
2.864593584E2,1.456950068E0,1.248600101E1,-8.430000544E-1
2.864618020E2,2.202000141E0,9.943050385E0,3.310500085E-1
2.864642457E2,4.582050323E0,9.922050476E0,-2.232000113E0
2.864666892E2,7.303950310E0,1.124595070E1,-6.676050186E0
2.864691328E2,4.567049980E0,9.934050560E0,-8.347050667E0
2.864715765E2,1.170000076E0,1.002195072E1,-2.416050196E0
2.864740199E2,2.452950001E0,1.218000031E1,1.272000074E0
2.864764636E2,2.743050098E0,1.232295036E1,-7.240500450E-1
2.864789072E2,1.159950018E0,8.911050797E0,-8.700000495E-2
2.864813507E2,1.918950081E0,7.201950550E0,1.180500090E-1
2.864837944E2,7.503000259E0,1.046295071E1,-5.470950127E0
2.864862380E2,5.833950043E0,9.816000938E0,-1.021905041E1
2.864886817E2,1.420950055E0,7.735950470E0,-4.532999992E0
2.864911251E2,2.370000124E0,6.936000347E0,1.504950047E0
2.864935688E2,4.924050331E0,1.109700012E1,-4.699500203E-1
2.864960124E2,3.082950115E0,8.916000366E0,-3.381000042E0
2.864984559E2,1.917000055E0,6.007050514E0,-2.950050116E0
2.865008996E2,5.961000443E0,6.781050205E0,-5.068950176E0
2.865033432E2,8.236050606E0,7.161000252E0,-1.089705086E1
2.865057869E2,1.824000120E0,6.784950256E0,-9.592050552E0
2.865082304E2,-1.477050066E0,6.043050289E0,-3.379500210E-1
2.865106740E2,1.132050037E0,7.707000256E0,3.316950083E0
2.865131177E2,3.801000118E0,6.577050209E0,-1.593000054E0
2.865155612E2,1.159950018E0,4.597050190E0,2.449500114E-1
2.865180049E2,4.198950291E0,4.587000370E0,2.551050186E0
2.865204485E2,9.969000816E0,5.416050434E0,-3.654000282E0
2.865228922E2,4.942950249E0,6.136050224E0,-8.910000801E0
2.865253356E2,-1.372050047E0,6.571950436E0,-7.159500122E-1
2.865277792E2,-3.589500189E-1,7.590000153E0,4.504950047E0
2.865302229E2,5.362050056E0,7.936950207E0,-1.441950083E0
2.865326664E2,4.159950256E0,7.305000305E0,-4.164000034E0
2.865351100E2,2.475000143E0,6.874050140E0,-1.726950049E0
2.865375537E2,6.732000351E0,6.606000423E0,-4.473000050E0
2.865399971E2,7.789950371E0,7.446000576E0,-8.794950485E0
2.865424408E2,1.033950090E0,6.814050198E0,-7.495050430E0
2.865448845E2,8.295000345E-2,6.486000538E0,3.120000064E-1
2.865473279E2,3.579000235E0,9.012000084E0,1.102050066E0
2.865497716E2,3.685950279E0,8.242950439E0,-2.674950123E0
2.865522152E2,5.760000348E-1,7.759950161E0,-1.312950015E0
2.865546589E2,3.286950111E0,7.354950428E0,-1.509000063E0
2.865571024E2,7.891050339E0,8.574000359E0,-5.986050129E0
2.865595461E2,2.713950157E0,8.385000229E0,-7.423050404E0
2.865619897E2,-1.909500062E-1,6.144000053E0,1.452000022E0
2.865644332E2,-7.560000420E-1,9.295050621E0,5.377950191E0
2.865668768E2,1.657950044E0,9.285000801E0,1.452000022E0
2.865693205E2,1.915050149E0,8.092950821E0,1.132950068E0
2.865717642E2,1.620000124E0,7.944000244E0,1.954950094E0
2.865742076E2,4.429050446E0,8.430000305E0,-2.076000214E0
2.865766513E2,5.439000130E0,8.890050888E0,-7.056000233E0
2.865790949E2,1.672950029E0,8.377950668E0,-5.104950428E0
2.865815384E2,4.330500066E-1,6.438000202E0,1.320000052E0
2.865839821E2,1.125000000E0,1.085100079E1,4.939500093E-1
2.865864257E2,2.566050053E0,1.167000103E1,1.207950115E0
2.865888694E2,1.591050029E0,6.328050137E0,-5.299500227E-1
2.865913128E2,2.602050066E0,6.697050095E0,2.430000156E-1
2.865937564E2,6.933000565E0,9.559950829E0,-5.586000443E0
2.865962001E2,4.351950169E0,8.617050171E0,-8.011950493E0
2.865986436E2,6.619500518E-1,5.218950272E0,-2.404050112E0
2.866010872E2,1.516950130E0,4.900950432E0,1.402050018E0
2.866035309E2,3.624000072E0,1.114800072E1,1.330500096E-1
2.866059744E2,1.771050096E0,6.931050301E0,-9.900000691E-2
2.866084180E2,1.491000056E0,3.991050243E0,8.700000495E-2
2.866108617E2,5.938950062E0,8.478000641E0,-3.532050133E0
2.866133051E2,7.483950138E0,7.482000351E0,-1.011195087E1
2.866157488E2,1.843050122E0,6.639000416E0,-7.834950447E0
2.866181925E2,-4.309500158E-1,7.410000324E0,-5.100000277E-2
2.866206361E2,4.030950069E0,8.121000290E0,1.981050134E0
2.866230796E2,5.901000500E0,7.477050304E0,-6.709500551E-1
2.866255233E2,2.961000204E0,6.960000515E0,2.103000164E0
2.866279669E2,3.042000055E0,7.804950237E0,1.509000063E0
2.866304104E2,7.273050308E0,1.004895020E1,-4.887000084E0
2.866328541E2,4.342050076E0,1.060695076E1,-7.582950592E0
2.866352977E2,4.999500215E-1,1.125300026E1,-1.813050032E0
2.866377411E2,1.740000099E-1,1.220400047E1,2.019000053E0
2.866401848E2,2.938950062E0,1.399905109E1,-8.290500641E-1
2.866426285E2,4.000050068E0,1.388700104E1,-3.522000074E0
2.866450721E2,3.708000183E0,1.165995026E1,-2.914050102E0
2.866475156E2,6.166950226E0,1.163100052E1,-5.907000065E0
2.866499593E2,6.739050388E0,1.285995102E1,-8.899950027E0
2.866524029E2,2.520000219E0,1.196205044E1,-7.710000515E0
2.866548466E2,6.460500360E-1,1.114095020E1,-3.259050131E0
2.866572901E2,3.343950272E0,1.296705055E1,-2.700000070E-2
2.866597337E2,4.399950027E0,1.272600079E1,-2.574000120E0
2.866621774E2,2.278950214E0,9.342000008E0,-1.095000029E0
2.866646208E2,2.575050116E0,9.366000175E0,-9.319500327E-1
2.866670644E2,5.556000233E0,1.075695038E1,-3.484050274E0
2.866695081E2,3.811050177E0,1.006095028E1,-4.972950459E0
2.866719518E2,9.310500622E-1,7.279050350E0,-2.071950197E0
2.866743953E2,2.068050146E0,9.337950706E0,2.065050125E0
2.866768389E2,2.233050108E0,1.172205067E1,2.151000023E0
2.866792826E2,2.086950064E0,8.374950409E0,5.370000005E-1
2.866817261E2,3.516000271E0,6.382950306E0,-2.899500132E-1
2.866841697E2,8.202000618E0,7.099050522E0,-4.674000263E0
2.866866134E2,9.022950172E0,7.288050175E0,-1.061700058E1
2.866890568E2,2.206950188E0,7.528050423E0,-9.493950844E0
2.866915005E2,1.342050076E0,7.621050358E0,-2.989050150E0
2.866939441E2,6.241050243E0,8.638050079E0,-1.351050019E0
2.866963876E2,5.110950470E0,7.453050137E0,-4.582950115E0
2.866988313E2,9.330000281E-1,6.673050404E0,-2.188950062E0
2.867012749E2,1.917000055E0,4.975050449E0,-1.008000016E0
2.867037183E2,6.958950520E0,6.172050476E0,-4.798950195E0
2.867061620E2,4.933950424E0,5.839950085E0,-8.527050018E0
2.867086057E2,-7.590000629E-1,4.300050259E0,-3.333000183E0
2.867110493E2,-5.980500579E-1,6.229950428E0,4.344000340E0
2.867134928E2,3.921000242E0,6.634050369E0,2.383050203E0
2.867159365E2,5.772000313E0,5.820000172E0,-3.330000043E-1
2.867183801E2,3.523950100E0,5.880000114E0,1.272000074E0
2.867208236E2,7.108050346E0,6.024000168E0,5.200500488E-1
2.867232673E2,8.311950684E0,6.615000248E0,-4.882050037E0
2.867257109E2,2.662050009E0,7.554000378E0,-2.859000206E0
2.867281546E2,-2.580000162E-1,6.625050545E0,8.340000510E-1
2.867305980E2,4.330500066E-1,1.067805004E1,4.030500054E-1
2.867330417E2,3.271950245E0,1.063305092E1,-2.388000011E0
2.867354853E2,2.257050037E0,8.457000732E0,-2.572050095E0
2.867379290E2,2.961000204E0,8.287050247E0,-1.662000060E0
2.867403725E2,5.793000221E0,1.122405052E1,-4.564050198E0
2.867428161E2,6.334050179E0,1.075995064E1,-9.001049995E0
2.867452598E2,8.320500255E-1,8.989950180E0,-6.846000195E0
2.867477033E2,9.300000221E-2,6.412050247E0,-5.509500504E-1
2.867501469E2,3.088050127E0,1.225905037E1,-9.529500604E-1
2.867525906E2,2.259000063E0,1.137795067E1,-1.669050097E0
2.867550340E2,1.153050065E0,5.479950428E0,1.900500059E-1
2.867574777E2,3.661950111E0,7.723950386E0,3.030000031E-1
2.867599213E2,7.663050175E0,1.002495003E1,-3.925050259E0
2.867623648E2,3.138000250E0,7.741050243E0,-6.010050297E0
2.867648085E2,1.498050094E0,8.362950325E0,5.610000491E-1
2.867672521E2,3.370050192E0,1.033095074E1,1.641000032E0
2.867696958E2,3.943050146E0,1.052505016E1,-4.170000255E-1
2.867721392E2,1.110000014E0,9.304050446E0,-2.380500138E-1
2.867745829E2,6.889500618E-1,8.479949951E0,1.777050138E0
2.867770265E2,4.219950199E0,1.109505081E1,-1.474950075E0
2.867794700E2,6.571950436E0,1.248900032E1,-7.678950310E0
2.867819137E2,3.117000103E0,9.322950363E0,-7.116000175E0
2.867843573E2,6.409500241E-1,9.736950874E0,-9.079500437E-1
2.867868008E2,2.619000196E0,1.209300041E1,-1.051950097E0
2.867892445E2,3.253050089E0,1.182495022E1,-3.750000238E0
2.867916881E2,1.833000064E0,8.622000694E0,-2.455050230E0
2.867941318E2,4.085999966E0,8.047050476E0,-2.521950006E0
2.867965752E2,8.194950104E0,1.021905041E1,-6.277950287E0
2.867990189E2,4.720950127E0,8.755949974E0,-9.123000145E0
2.868014626E2,1.833000064E0,7.492050171E0,-2.152950048E0
2.868039062E2,3.514050245E0,9.223050117E0,6.499500275E-1
2.868063497E2,3.837000132E0,1.129605007E1,-1.750950098E0
2.868087933E2,1.384950042E0,7.045950413E0,-2.803950071E0
2.868112370E2,-2.340000123E-1,5.914050102E0,1.002000093E0
2.868136805E2,5.008050442E0,7.354950428E0,-5.419500470E-1
2.868161241E2,8.302950859E0,6.153000355E0,-8.650950432E0
2.868185678E2,1.720950127E0,6.675000191E0,-7.363050461E0
2.868210112E2,-2.970000207E-1,6.898050308E0,1.324950099E0
2.868234549E2,3.238950253E0,8.655000687E0,2.392950058E0
2.868258985E2,4.716000080E0,8.559000015E0,-2.530950069E0
2.868283420E2,2.020050049E0,7.774050236E0,-5.490000248E-1
2.868307857E2,2.034000158E0,6.922050476E0,1.489950061E0
2.868332294E2,6.066000462E0,7.720950603E0,-6.252000332E0
2.868356730E2,4.668000221E0,8.299050331E0,-1.037505054E1
2.868381164E2,2.595000155E-2,7.099050522E0,-3.369000196E0
2.868405601E2,3.000000119E-2,8.935050011E0,3.091950178E0
2.868430037E2,4.732950211E0,1.092495060E1,-3.019500077E-1
2.868454472E2,4.702050209E0,8.466000557E0,-2.388000011E0
2.868478909E2,2.671050072E0,8.005949974E0,-8.400000632E-2
2.868503345E2,5.133000374E0,8.713050842E0,-1.036949992E0
2.868527780E2,8.065950394E0,9.598950386E0,-6.604050159E0
2.868552217E2,2.728950024E0,8.662050247E0,-6.124950409E0
2.868576654E2,5.760000348E-1,6.928950310E0,2.098050117E0
2.868601090E2,1.608000040E0,1.005405045E1,2.413950205E0
2.868625524E2,5.470050335E0,1.210995102E1,3.460500240E-1
2.868649961E2,3.595050097E0,8.404050827E0,-4.048950195E0
2.868674397E2,3.579000235E0,9.273000717E0,-3.561000109E0
2.868698834E2,8.185050011E0,1.083195019E1,-5.752050400E0
2.868723269E2,6.046950340E0,1.127505016E1,-8.002050400E0
2.868747705E2,4.879500270E-1,1.016595078E1,-2.344050169E0
2.868772142E2,4.639500082E-1,1.011795044E1,1.737000108E0
2.868796577E2,2.962950230E0,1.242600060E1,1.639050126E0
2.868821013E2,4.881000042E0,1.059000015E1,-3.850050211E0
2.868845450E2,2.508000135E0,7.735950470E0,-3.297000170E0
2.868869884E2,4.777950287E0,8.348999977E0,-4.015950203E0
2.868894321E2,7.194000244E0,1.132005024E1,-4.558950424E0
2.868918757E2,4.648950100E0,1.067100048E1,-4.672049999E0
2.868943194E2,1.141050100E0,7.899000168E0,1.411050081E0
2.868967629E2,3.439500034E-1,8.409000397E0,8.389500380E-1
2.868992065E2,1.917000055E0,1.048200035E1,8.010000587E-1
2.869016502E2,4.122000217E0,6.469050407E0,5.595000088E-2
2.869040937E2,3.246000051E0,4.683000088E0,-4.267050266E0
2.869065374E2,6.255000114E0,6.286950111E0,-5.146050453E0
2.869089810E2,7.398000240E0,7.827000141E0,-8.488050461E0
2.869114244E2,2.293050051E0,6.607950211E0,-6.288000107E0
2.869138681E2,9.090000391E-1,5.527950287E0,2.998950243E0
2.869163118E2,-5.620500445E-1,9.958050728E0,4.648050308E0
2.869187554E2,2.022000074E0,7.053000450E0,1.180950046E0
2.869211989E2,9.550500512E-1,4.903050423E0,-3.360000253E-1
2.869236426E2,2.326050043E0,3.733050108E0,1.009500027E-1
2.869260862E2,8.647050858E0,5.101950169E0,-5.088000298E0
2.869285297E2,7.318950176E0,6.273000240E0,-1.108800030E1
2.869309734E2,5.190000534E-1,5.253000259E0,-7.150050163E0
2.869334170E2,-8.190000653E-1,6.247050285E0,2.122050047E0
2.869358607E2,2.884050131E0,8.406000137E0,2.167950153E0
2.869383041E2,5.769000053E0,8.452050209E0,-2.163000107E0
2.869407477E2,2.086950064E0,6.334950447E0,-4.669500291E-1
2.869431914E2,2.941950083E0,6.289950371E0,1.147950053E0
2.869456349E2,9.847050667E0,7.747950554E0,-7.096950531E0
2.869480785E2,5.719050407E0,6.192000389E0,-1.197000027E1
2.869505222E2,1.570500135E-1,7.354950428E0,-5.043000221E0
2.869529657E2,1.645950079E0,7.906050205E0,-4.290000200E-1
2.869554094E2,6.516000271E0,1.018500042E1,-1.492050052E0
2.869578530E2,4.318050385E0,9.678000450E0,-7.399500608E-1
2.869602967E2,6.649500132E-1,9.814050674E0,3.664050102E0
2.869627402E2,2.176050186E0,1.103505039E1,1.927950144E0
2.869651838E2,6.274950504E0,1.371900082E1,-6.697050095E0
2.869676275E2,3.961950302E0,1.233495045E1,-7.861050606E0
2.869700709E2,8.490000367E-1,1.053495026E1,-1.674000025E0
2.869725146E2,3.940500319E-1,1.155705070E1,1.651050091E0
2.869749582E2,1.093050003E0,1.451595116E1,-1.960950136E0
2.869774017E2,2.737950087E0,1.390095043E1,3.739500046E-1
2.869798454E2,4.423950195E0,1.154505062E1,2.266050100E0
2.869822891E2,4.771050453E0,1.224900055E1,-5.586000443E0
2.869847327E2,9.244050026E0,1.386000061E1,-9.706950188E0
2.869871762E2,4.321050167E0,1.101105022E1,-1.077195072E1
2.869896198E2,1.134000063E0,1.043205070E1,-3.805050135E0
2.869920635E2,2.391000032E0,1.215795040E1,-8.910000324E-1
2.869945069E2,3.598050117E0,1.190895081E1,-3.204000235E0
2.869969506E2,1.725000024E0,5.707950115E0,-4.480500221E-1
2.869993942E2,2.604000092E0,5.473050117E0,1.291050076E0
2.870018379E2,6.145050526E0,1.008195019E1,-1.300950050E0
2.870042814E2,5.262000084E0,8.039999962E0,-6.309000492E0
2.870067250E2,9.379500151E-1,6.010050297E0,-1.321950078E0
2.870091687E2,-1.378950119E0,7.783950329E0,3.736050129E0
2.870116122E2,2.029950142E0,8.251049995E0,5.659500360E-1
2.870140558E2,5.647050381E0,6.828000546E0,-4.927950382E0
2.870164995E2,2.737950087E0,4.966050148E0,-3.712050200E0
2.870189430E2,5.887050152E0,5.878050327E0,-1.851000071E0
2.870213866E2,1.056795025E1,6.891000271E0,-6.360000134E0
2.870238303E2,4.491000175E0,6.631950378E0,-6.355050087E0
2.870262739E2,-1.750500053E-1,8.689050674E0,7.219500542E-1
2.870287174E2,1.114950061E0,8.581050873E0,1.809000134E0
2.870311610E2,6.205050468E0,9.940950394E0,-4.186050415E0
2.870336047E2,2.953950167E0,7.875000477E0,-5.632050037E0
2.870360482E2,1.210500076E-1,6.994050503E0,-7.399500608E-1
2.870384919E2,2.889000177E0,7.137000561E0,-1.566000104E0
2.870409355E2,7.515000343E0,9.723000526E0,-5.931000233E0
2.870433790E2,2.761950016E0,6.723000526E0,-3.099000216E0
2.870458226E2,2.869500220E-1,5.251050472E0,2.410050154E0
2.870482663E2,1.135950089E0,1.025505066E1,1.963950038E0
2.870507100E2,3.511950254E0,1.009395027E1,1.249500066E-1
2.870531534E2,2.281050205E0,6.711000443E0,-2.941050053E0
2.870555971E2,3.235950232E0,7.534950256E0,-3.448050261E0
2.870580407E2,8.046000481E0,8.248050690E0,-6.328950405E0
2.870604842E2,3.507000208E0,8.812950134E0,-9.214050293E0
2.870629279E2,-1.270500124E-1,6.180000305E0,-2.746950150E0
2.870653715E2,1.840500087E-1,7.372050285E0,3.916050196E0
2.870678152E2,5.073000431E0,7.783950329E0,1.294050097E0
2.870702586E2,6.457050323E0,6.265950203E0,-4.570950031E0
2.870727023E2,2.820000172E0,5.971050262E0,-2.491050005E0
2.870751459E2,5.200050354E0,7.999050617E0,-2.509950161E0
2.870775894E2,7.924050331E0,9.450000763E0,-7.726950169E0
2.870800331E2,2.215950012E0,9.562950134E0,-8.245950699E0
2.870824767E2,-5.940000415E-1,7.129950523E0,9.799500704E-1
2.870849204E2,2.100000158E-2,1.043205070E1,3.573000193E0
2.870873639E2,3.016050100E0,1.196895027E1,1.179000020E0
2.870898075E2,5.101050377E0,1.088400078E1,1.405950069E0
2.870922512E2,4.050000191E0,8.542950630E0,-1.365000010E0
2.870946946E2,7.378050327E0,1.054200077E1,-3.807000160E0
2.870971383E2,8.473050117E0,1.324995041E1,-1.007295036E1
2.870995819E2,2.980050087E0,1.242405033E1,-7.534950256E0
2.871020254E2,4.450500309E-1,1.156005096E1,1.330500096E-1
2.871044691E2,8.920500278E-1,1.354695034E1,9.109500647E-1
2.871069127E2,2.571000099E0,1.580505085E1,1.263000011E0
2.871093564E2,3.519000053E0,1.157595062E1,5.110500455E-1
2.871117999E2,4.126950264E0,9.189000130E0,-2.353950024E0
2.871142436E2,7.930950165E0,1.140600014E1,-5.656050205E0
2.871166872E2,6.933000565E0,1.170300102E1,-1.121100044E1
2.871191306E2,2.143949986E0,9.148050308E0,-7.497000217E0
2.871215743E2,1.042950034E0,6.247050285E0,9.730500579E-1
2.871240180E2,2.956050158E0,1.000095081E1,2.668050051E0
2.871264614E2,2.902950048E0,1.122405052E1,5.419500470E-1
2.871289051E2,1.684950113E0,4.052999973E0,-8.340000510E-1
2.871313487E2,1.744950056E0,3.541050196E0,-1.767000079E0
2.871337924E2,5.262000084E0,7.360050201E0,-6.568050385E0
2.871362359E2,5.118000031E0,5.983050346E0,-1.168905067E1
2.871386795E2,1.380000114E-1,4.446000099E0,-5.574000359E0
2.871411232E2,-2.218950033E0,4.747950077E0,5.548050404E0
2.871435669E2,2.074949980E0,5.037000179E0,6.612000465E0
2.871460103E2,4.752000332E0,4.024950027E0,-1.392000079E0
2.871484539E2,1.432950020E0,4.846050262E0,-2.443050146E0
2.871508976E2,4.077000141E0,3.769050121E0,-1.492050052E0
2.871533411E2,8.406000137E0,5.275050163E0,-5.782950401E0
2.871557847E2,4.282950401E0,6.886050224E0,-4.839000225E0
2.871582284E2,-5.029500127E-1,5.478000164E0,4.239000320E0
2.871606719E2,-1.198950052E0,5.557050228E0,6.430500150E-1
2.871631155E2,1.156050086E0,1.012995052E1,1.879500151E-1
2.871655592E2,3.339000225E0,1.151400089E1,1.957050085E0
2.871680026E2,4.579050064E0,7.051050186E0,-1.726950049E0
2.871704463E2,7.138950348E0,7.015050411E0,-6.811950207E0
2.871728899E2,1.099605083E1,9.472050667E0,-1.545795059E1
2.871753336E2,2.749950171E0,8.109000206E0,-1.319295025E1
2.871777771E2,-1.960500032E-1,4.594950199E0,-2.890050173E0
2.871802208E2,3.448950052E0,6.565050125E0,8.839500546E-1
2.871826644E2,4.417050362E0,1.025895023E1,-1.786950111E0
2.871851079E2,2.512950182E0,3.879000187E0,-3.544050217E0
2.871875516E2,2.599500120E-1,4.504050255E0,-2.485950232E0
2.871899952E2,2.890950203E0,5.586000443E0,-6.156000137E0
2.871924386E2,5.262000084E0,6.543000221E0,-8.650950432E0
2.871948823E2,1.381050110E0,5.172000408E0,-3.106050253E0
2.871973260E2,8.299500346E-1,5.037000179E0,7.516950130E0
2.871997694E2,3.001950026E0,6.357000351E0,4.468950272E0
2.872022131E2,5.692950249E0,1.151400089E1,3.714000225E0
2.872046568E2,5.134950161E0,9.193950653E0,3.895950079E0
2.872071004E2,3.282000065E0,8.674050331E0,3.649500310E-1
2.872095438E2,5.167950153E0,1.231395054E1,1.698000073E0
2.872119875E2,8.434050560E0,1.396095085E1,-8.938050270E0
2.872144312E2,4.552950382E0,1.275195026E1,-9.775950432E0
2.872168748E2,2.106000185E0,1.257705021E1,-4.878000259E0
2.872193183E2,2.863050222E0,1.540200043E1,-1.578000069E0
2.872217619E2,5.080050468E0,1.692000008E1,-2.728050232E0
2.872242056E2,1.759050131E0,1.251495075E1,-1.375050068E0
2.872266491E2,4.210500121E-1,7.827000141E0,1.299000025E0
2.872290927E2,3.037950039E0,1.576395035E1,-2.103000164E0
2.872315364E2,3.591000080E0,1.585695076E1,-7.858950138E0
2.872339799E2,1.215000033E0,8.398950577E0,-5.983950138E0
2.872364236E2,9.660000205E-1,7.831950188E0,2.569500208E-1
2.872388672E2,2.740950108E0,1.308705044E1,2.179949999E0
2.872413109E2,2.143949986E0,1.182300091E1,-9.460500479E-1
2.872437543E2,1.134000063E0,3.390000105E0,-2.395050049E0
2.872461980E2,1.713000059E0,5.005950451E0,-4.192950249E0
2.872486416E2,6.660000324E0,6.574950218E0,-8.791950226E0
2.872510851E2,7.843050480E0,2.149950027E0,-1.146705055E1
2.872535288E2,1.860000134E0,5.655000210E0,-4.018050194E0
2.872559724E2,2.119500041E-1,7.069950104E0,5.812050343E0
2.872584159E2,3.628950119E0,8.065950394E0,5.818950176E0
2.872608596E2,5.128050327E0,7.558950424E0,1.315050006E0
2.872633032E2,1.728000045E0,6.187050343E0,2.841000080E0
2.872657469E2,3.391950130E0,7.321950436E0,5.800500512E-1
2.872681903E2,7.420950413E0,7.738050461E0,-6.501000404E0
2.872706340E2,3.852000237E0,7.408050537E0,-9.403050423E0
2.872730776E2,1.456950068E0,5.931000233E0,-4.429950237E0
2.872755211E2,1.275000095E0,7.743000507E0,-1.248000026E0
2.872779648E2,4.749000072E0,1.303395081E1,-2.622000217E0
2.872804084E2,4.905000210E0,1.183500099E1,-3.297000170E0
2.872828521E2,1.942950130E0,9.469050407E0,2.983950138E0
2.872852956E2,2.020050049E0,1.125105095E1,1.516950130E0
2.872877392E2,7.177050114E0,1.367805099E1,-2.605050087E0
2.872901829E2,4.065000057E0,1.039395046E1,-6.760050297E0
2.872926263E2,8.659500480E-1,9.799950600E0,-5.095950127E0
2.872950699E2,9.400500655E-1,1.170300102E1,-2.140500098E-1
2.872975136E2,3.946950197E0,1.398495102E1,-1.300950050E0
2.872999571E2,2.548950195E0,1.104495049E1,-1.450950027E0
2.873024008E2,2.262000084E0,9.721050262E0,-3.600000218E-2
2.873048444E2,5.560950279E0,1.230195045E1,-1.459050059E0
2.873072881E2,8.089050293E0,1.300095081E1,-9.336000443E0
2.873097316E2,3.430050135E0,9.511950493E0,-9.159000397E0
2.873121753E2,6.670500040E-1,9.997950554E0,-1.786950111E0
2.873146189E2,2.848050117E0,1.223505020E1,6.900000572E-1
2.873170623E2,4.243950367E0,1.181595039E1,-1.911000133E0
2.873195060E2,5.218950272E0,8.962050438E0,-2.965050220E0
2.873219497E2,5.190000057E0,8.052000046E0,-2.560050011E0
2.873243934E2,8.355000496E0,8.581050873E0,-6.180000305E0
2.873268368E2,6.976050377E0,7.729050159E0,-1.255095100E1
2.873292805E2,2.905950069E0,5.398950100E0,-9.466950417E0
2.873317241E2,6.720000505E-1,4.294950008E0,-6.540000439E-1
2.873341676E2,3.756000280E0,8.358000755E0,1.207950115E0
2.873366113E2,1.891050100E0,6.811950207E0,-2.365950108E0
2.873390549E2,7.630500197E-1,2.494950056E0,1.816050053E0
2.873414984E2,1.587000132E0,6.345000267E0,5.890950203E0
2.873439420E2,8.109000206E0,5.557050228E0,-1.036949992E0
2.873463857E2,7.065000534E0,4.225950241E0,-7.486950397E0
2.873488293E2,-1.099500060E-1,4.207050323E0,-4.380000114E0
2.873512728E2,-1.483950019E0,3.120000124E0,2.311050177E0
2.873537164E2,2.049000025E0,6.165000439E0,2.038050175E0
2.873561601E2,4.975050449E0,4.747950077E0,-1.794000030E0
2.873586036E2,2.965950251E0,2.824950218E0,-8.170500398E-1
2.873610472E2,7.150500417E-1,4.153950214E0,-1.300500035E-1
2.873634909E2,3.897000074E0,6.610950470E0,-3.469950199E0
2.873659343E2,4.776000023E0,8.056950569E0,-7.711950302E0
2.873683780E2,1.084050059E0,5.334000111E0,-4.746000290E0
2.873708216E2,1.230000019E0,4.149000168E0,1.216950059E0
2.873732653E2,3.235950232E0,1.104705048E1,-1.432050109E0
2.873757088E2,3.327000141E0,7.872000217E0,-3.918000221E0
2.873781524E2,1.479000092E0,3.723000288E0,-4.444050312E0
2.873805961E2,3.910950184E0,7.183050156E0,-5.871000290E0
2.873830396E2,7.084050179E0,8.878050804E0,-8.718000412E0
2.873854833E2,3.661950111E0,8.176050186E0,-5.364000320E0
2.873879269E2,1.210950017E0,8.088000298E0,2.953050137E0
2.873903706E2,1.210950017E0,1.282095051E1,4.804050446E0
2.873928140E2,3.124050140E0,1.393200111E1,3.468000174E0
2.873952577E2,3.978000164E0,1.163595009E1,3.172950268E0
2.873977014E2,4.969950199E0,9.591000557E0,-1.353000045E0
2.874001448E2,7.869000435E0,1.126305008E1,-7.983000278E0
2.874025885E2,5.994000435E0,1.423605061E1,-1.234500027E1
2.874050321E2,1.480950117E0,1.280505085E1,-7.942050457E0
2.874074756E2,7.800000161E-2,8.491950035E0,7.770000100E-1
2.874099193E2,1.294050097E0,1.113300037E1,1.588050127E0
2.874123629E2,2.274000168E0,1.700205040E1,1.276950002E0
2.874148066E2,1.972050071E0,1.033395004E1,-1.030050039E0
2.874172500E2,2.269500047E-1,9.787950516E0,2.070000172E-1
2.874196937E2,8.899500370E-1,1.298400021E1,7.069500089E-1
2.874221373E2,6.730050087E0,1.268505096E1,-2.718000174E0
2.874245808E2,3.721950293E0,9.997950554E0,-8.694000244E0
2.874270244E2,1.852050066E0,8.545050621E0,-2.694000244E0
2.874294681E2,2.607000113E0,1.107105064E1,8.410500288E-1
2.874319118E2,5.872050285E0,1.006995010E1,-3.658950090E0
2.874343553E2,5.355000019E0,6.235050201E0,-6.007950306E0
2.874367989E2,3.646050215E0,4.534950256E0,-5.008950233E0
2.874392426E2,5.238000393E0,6.952950478E0,-4.741050243E0
2.874416860E2,5.632950306E0,7.930050373E0,-7.984950542E0
2.874441297E2,2.281050205E0,6.448050499E0,-5.673000336E0
2.874465733E2,1.699050069E0,5.859000206E0,5.320500135E-1
2.874490170E2,5.128050327E0,1.069500065E1,-1.500000060E-2
2.874514605E2,3.045000076E0,7.792950153E0,-4.441950321E0
2.874539041E2,2.119500041E-1,6.306000233E0,2.760000229E-1
2.874563478E2,8.710500598E-1,5.097000122E0,2.098050117E0
2.874587913E2,6.979050159E0,6.826050282E0,-3.111000061E0
2.874612350E2,6.715050220E0,6.076950073E0,-8.862000465E0
2.874636786E2,4.420500100E-1,4.188000202E0,-4.332000256E0
2.874661220E2,9.379500151E-1,4.888950348E0,1.822950125E0
2.874685657E2,6.435000420E0,7.104000568E0,-6.229500175E-1
2.874710093E2,5.664000034E0,7.579950333E0,-4.590000153E0
2.874734528E2,7.530000210E-1,7.270950317E0,-1.131000042E0
2.874758965E2,5.020500422E-1,7.887000561E0,1.188000083E0
2.874783401E2,6.484950542E0,1.040100002E1,-4.723950386E0
2.874807838E2,4.105050087E0,9.084000587E0,-6.805050373E0
2.874832272E2,1.240500063E-1,7.678050518E0,3.270000219E-1
2.874856709E2,-6.195000187E-2,8.065950394E0,1.492950082E0
2.874881146E2,1.800000072E0,1.253205013E1,-2.400000095E-1
2.874905582E2,2.470050097E0,8.623950005E0,-8.170500398E-1
2.874930017E2,1.138950109E0,5.092950344E0,1.090500057E-1
2.874954453E2,2.566050053E0,8.827950478E0,2.689500153E-1
2.874978890E2,9.306000710E0,1.316805077E1,-3.778950214E0
2.875003325E2,5.736000061E0,9.124950409E0,-7.726950169E0
2.875027761E2,1.749000072E0,8.356050491E0,-3.229950190E0
2.875052198E2,2.592000008E0,1.171305084E1,3.190500140E-1
2.875076632E2,4.447950363E0,1.475100040E1,-8.479500413E-1
2.875101069E2,3.211950064E0,1.119795036E1,-2.296950102E0
2.875125505E2,2.467950106E0,8.767950058E0,-1.819950104E0
2.875149942E2,6.141000271E0,1.077705097E1,-3.661050081E0
2.875174377E2,7.819050312E0,1.146600056E1,-9.958050728E0
2.875198813E2,4.134000301E0,9.328050613E0,-1.020000076E1
2.875223248E2,1.402050018E0,8.761050224E0,-2.923950195E0
2.875247685E2,4.555950165E0,1.103505039E1,8.839500546E-1
2.875272122E2,6.520950317E0,1.276605034E1,-2.188950062E0
2.875296558E2,3.801000118E0,7.281000137E0,-3.967950106E0
2.875320992E2,2.500950098E0,7.197000504E0,-1.996950150E0
2.875345429E2,7.246950150E0,9.943050385E0,-4.894050121E0
2.875369866E2,8.911050797E0,7.707000256E0,-1.131795025E1
2.875394300E2,3.093000174E0,7.948950291E0,-6.577950478E0
2.875418737E2,5.569500327E-1,7.132050514E0,2.140950203E0
2.875443173E2,4.162950039E0,9.642000198E0,5.548050404E0
2.875467610E2,5.643000126E0,9.541050911E0,2.508000135E0
2.875492045E2,5.899050236E0,7.765050411E0,-7.279500365E-1
2.875516482E2,5.656950474E0,7.498950481E0,-4.959000111E0
2.875540918E2,7.005000114E0,9.675000191E0,-8.566950798E0
2.875565355E2,2.899050236E0,1.090305042E1,-9.999000549E0
2.875589789E2,-8.595000207E-2,8.512050629E0,-1.959000111E0
2.875614225E2,2.980500162E-1,7.087050438E0,2.199000120E0
2.875638662E2,5.760000348E-1,1.371900082E1,5.490000248E-1
2.875663097E2,1.174950004E0,9.823950768E0,1.131000042E0
2.875687533E2,1.006950021E0,6.196050167E0,5.470499992E-1
2.875711970E2,3.670050144E0,7.726050377E0,-3.196950197E0
2.875736405E2,6.736950397E0,1.027605057E1,-7.878000259E0
2.875760841E2,3.564000130E0,8.332050323E0,-1.164900017E1
2.875785278E2,5.205000192E-2,5.430000305E0,-2.572050095E0
2.875809715E2,-6.870000362E-1,5.701050282E0,3.376950264E0
2.875834149E2,-1.963050127E0,1.098000050E1,3.340950251E0
2.875858585E2,7.770000100E-1,5.346000195E0,2.239500135E-1
2.875883022E2,2.065050125E0,4.942050457E0,1.981050134E0
2.875907457E2,5.698050499E0,5.326950073E0,6.070500016E-1
2.875931893E2,7.338000298E0,5.301000118E0,-6.822000504E0
2.875956330E2,3.267000198E0,5.515950203E0,-9.144000053E0
2.875980764E2,5.205000192E-2,4.237950325E0,-3.646950245E0
2.876005201E2,1.512000084E0,8.554950714E0,2.022000074E0
2.876029638E2,3.325050116E0,7.534950256E0,-7.999500632E-1
2.876054072E2,2.334000111E0,4.822050095E0,-2.325000048E0
2.876078509E2,1.407000065E0,4.981950283E0,-2.359050035E0
2.876102945E2,5.796000481E0,5.071050167E0,-4.686000347E0
2.876127382E2,7.872000217E0,6.522000313E0,-9.787950516E0
2.876151817E2,2.712000132E0,4.984950066E0,-8.038050652E0
2.876176254E2,-9.810000658E-1,4.554000378E0,1.051950097E0
2.876200690E2,1.852050066E0,7.348050117E0,5.146050453E0
2.876225124E2,7.299000263E0,7.638000488E0,-1.492050052E0
2.876249561E2,4.692000389E0,6.498000145E0,-4.300950050E0
2.876273997E2,1.696950078E0,6.826050282E0,-2.042999983E0
2.876298434E2,8.037000656E0,7.675950527E0,-5.079000473E0
2.876322869E2,7.531950474E0,9.289950371E0,-1.050405025E1
2.876347305E2,6.700500250E-1,9.567000389E0,-5.163000107E0
2.876371742E2,-7.200000286E-1,8.430000305E0,3.757950068E0
2.876396177E2,1.608000040E0,1.084605026E1,2.263950109E0
2.876420614E2,7.285050392E0,1.130805016E1,-3.817050219E0
2.876445050E2,4.189050198E0,8.811000824E0,-4.279050350E0
2.876469487E2,3.604950190E0,9.418950081E0,-3.781050205E0
2.876493921E2,7.089000225E0,9.478950500E0,-7.009050369E0
2.876518357E2,5.791050434E0,1.164105034E1,-8.859000206E0
2.876542794E2,9.019500613E-1,8.799000740E0,-3.985050201E0
2.876567229E2,2.389500141E-1,7.942050457E0,8.560500145E-1
2.876591665E2,2.950950146E0,1.425495052E1,2.947950125E0
2.876616102E2,2.920050144E0,1.282395077E1,-5.149500370E-1
2.876640539E2,3.409050226E0,8.617050171E0,-9.079500437E-1
2.876664974E2,4.426050186E0,9.675000191E0,-2.626950026E0
2.876689410E2,5.857950211E0,1.240905094E1,-4.368000031E0
2.876713845E2,4.110000134E0,1.144695091E1,-6.879000187E0
2.876738282E2,1.420950055E0,9.060000420E0,-1.480050087E0
2.876762718E2,6.169500351E-1,9.963000298E0,2.320950031E0
2.876787155E2,4.399500191E-1,1.374795055E1,-1.110000089E-1
2.876811589E2,1.939050078E0,1.166205025E1,8.200500607E-1
2.876836026E2,1.972050071E0,8.350950241E0,6.019500494E-1
2.876860462E2,1.050000072E0,9.730050087E0,-8.530500531E-1
2.876884897E2,5.439000130E0,1.199805069E1,-1.009500027E-1
2.876909334E2,4.972050190E0,1.059000015E1,-1.009005070E1
2.876933770E2,1.540950060E0,7.993950367E0,-5.541000366E0
2.876958207E2,-4.500000179E-2,7.792950153E0,1.780500114E-1
2.876982642E2,4.045950413E0,1.144695091E1,-2.520000041E-1
2.877007078E2,4.153050423E0,9.418950081E0,-3.052950144E0
2.877031515E2,2.901000023E0,6.706050396E0,-1.614000082E0
2.877055949E2,3.208050251E0,8.370000839E0,-4.750500321E-1
2.877080386E2,7.137000561E0,9.523950577E0,-4.027950287E0
2.877104822E2,5.073000431E0,7.627950191E0,-8.029050827E0
2.877129259E2,1.723050117E0,5.800950050E0,-2.803950071E0
2.877153694E2,1.812000036E0,6.462000370E0,1.270050049E0
2.877178130E2,6.166950226E0,9.201000214E0,-1.546950102E0
2.877202567E2,4.824000359E0,5.806050301E0,-5.608050346E0
2.877227002E2,2.440950155E0,5.047050476E0,-3.106050253E0
2.877251438E2,4.230000019E0,7.258950233E0,-2.074050188E0
2.877275875E2,9.164999962E0,7.827000141E0,-7.404000282E0
2.877300312E2,4.849950314E0,7.999050617E0,-9.058050156E0
2.877324746E2,-2.800500095E-1,7.606950283E0,3.499500155E-1
2.877349183E2,-4.120500088E-1,7.753050327E0,6.283950329E0
2.877373617E2,3.289050102E0,1.033095074E1,2.377950191E0
2.877398054E2,6.403950214E0,7.585050583E0,1.300500035E-1
2.877422491E2,3.046950102E0,6.478950500E0,-1.537950039E0
2.877446927E2,4.129050255E0,8.583000183E0,-1.999950051E0
2.877471362E2,7.789950371E0,9.799950600E0,-8.657999992E0
2.877495799E2,2.134950161E0,9.238950729E0,-8.127000809E0
2.877520235E2,-4.995000362E-2,7.615950584E0,5.805000290E-2
2.877544670E2,1.519500017E-1,1.110195065E1,1.117050052E0
2.877569106E2,3.400950193E0,1.429395103E1,9.010500312E-1
2.877593543E2,2.956050158E0,8.737050056E0,-3.154050112E0
2.877617980E2,2.536950111E0,6.996000290E0,-3.831000090E0
2.877642414E2,5.230950356E0,8.341950417E0,-4.894050121E0
2.877666850E2,6.768000126E0,1.018500042E1,-7.213950157E0
2.877691287E2,3.487950087E0,7.807950497E0,-7.222050190E0
2.877715722E2,7.560000420E-1,6.496050358E0,9.900000691E-2
2.877740159E2,1.258950114E0,8.818050385E0,3.078000069E0
2.877764595E2,4.093050003E0,1.134405041E1,1.708050132E0
2.877789032E2,3.898950100E0,6.904950142E0,-2.787000179E0
2.877813466E2,2.704950094E0,6.736950397E0,-4.267050266E0
2.877837903E2,4.387950420E0,9.637050629E0,-3.352050066E0
2.877862340E2,7.110000134E0,8.533050537E0,-7.123050213E0
2.877886774E2,3.319950104E0,7.822050571E0,-7.983000278E0
2.877911210E2,4.560000300E-1,7.180050373E0,-1.995000057E-2
2.877935647E2,2.832000017E0,1.018305016E1,3.079950094E0
2.877960084E2,5.017950058E0,1.093905067E1,-4.170000255E-1
2.877984519E2,3.591000080E0,6.630000114E0,-4.327050209E0
2.878008956E2,1.381050110E0,7.360050201E0,-3.367050171E0
2.878033392E2,3.684000254E0,8.998050690E0,-2.160000086E0
2.878057827E2,7.572000504E0,9.349950790E0,-7.261950493E0
2.878082264E2,3.403950214E0,7.654050350E0,-7.485000134E0
2.878106700E2,9.705000371E-2,8.164050102E0,5.989500284E-1
2.878131134E2,1.036050081E0,1.056600094E1,2.730000019E0
2.878155571E2,4.522050381E0,1.234005070E1,3.120000064E-1
2.878180008E2,3.679050207E0,7.374000549E0,-3.250050068E0
2.878204444E2,2.464950085E0,7.717050552E0,-3.537000179E0
2.878228879E2,4.291950226E0,8.690999985E0,-3.859950066E0
2.878253316E2,6.076050282E0,9.831000328E0,-6.220950127E0
2.878277752E2,3.148050070E0,7.173000336E0,-5.550000191E0
2.878302187E2,4.920000136E-1,8.002050400E0,9.610500336E-1
2.878326623E2,8.419500589E-1,1.021605015E1,1.867950082E0
2.878351060E2,3.198000193E0,1.192605019E1,1.855950117E0
2.878375495E2,4.005000114E0,7.594950199E0,-4.393949986E0
2.878399932E2,1.021950006E0,7.176000118E0,-4.328999996E0
2.878424368E2,1.843050122E0,9.286950111E0,-2.323050022E0
2.878448805E2,6.756000519E0,8.803950310E0,-5.421000481E0
2.878473239E2,4.785000324E0,6.433050156E0,-7.348950386E0
2.878497675E2,6.169500351E-1,6.526950359E0,-2.710500062E-1
2.878522112E2,2.805000171E-2,9.172050476E0,3.520950079E0
2.878546547E2,1.462050080E0,1.030500031E1,3.442050219E0
2.878570983E2,2.733000040E0,5.818050385E0,-2.644050121E0
2.878595420E2,1.411950111E0,6.606000423E0,-3.934050083E0
2.878619854E2,4.420950413E0,7.306950569E0,-3.355050087E0
2.878644291E2,7.924050331E0,7.156050205E0,-7.630950451E0
2.878668728E2,3.901950121E0,5.449050426E0,-8.017050743E0
2.878693164E2,1.050000042E-1,6.220050335E0,-1.222050071E0
2.878717599E2,-1.695000008E-2,9.283050537E0,4.567049980E0
2.878742036E2,5.133000374E0,9.250950813E0,1.761000037E0
2.878766472E2,5.676000118E0,5.509050369E0,-4.666950226E0
2.878790907E2,1.825950146E0,6.847950459E0,-3.573000193E0
2.878815344E2,2.434050083E0,7.702050209E0,-2.658000231E0
2.878839780E2,7.972050190E0,8.215050697E0,-4.969050407E0
2.878864217E2,5.848050117E0,6.397050381E0,-7.915950298E0
2.878888651E2,2.050500065E-1,6.883050442E0,-1.783950090E0
2.878913088E2,-7.110000253E-1,9.852000237E0,3.958950281E0
2.878937524E2,9.070500135E-1,1.121205044E1,7.140000463E-1
2.878961959E2,5.038950443E0,9.714000702E0,8.770500422E-1
2.878986395E2,2.724000216E0,7.681050301E0,-3.751950264E0
2.879010832E2,2.788950205E0,9.819000244E0,-2.929050207E0
2.879035269E2,6.375000477E0,1.030005074E1,-5.740050316E0
2.879059704E2,5.044050217E0,8.539950371E0,-8.116950035E0
2.879084140E2,1.038000107E0,8.242950439E0,-7.669500113E-1
2.879108577E2,6.409500241E-1,1.057500076E1,2.282999992E0
2.879133011E2,2.179949999E0,1.379100037E1,1.230000034E-1
2.879157447E2,5.290950298E0,1.055205059E1,9.919500351E-1
2.879181884E2,2.956050158E0,7.642050266E0,-3.999000072E0
2.879206319E2,3.655050278E0,1.048200035E1,-3.811950207E0
2.879230755E2,6.154950142E0,1.164600086E1,-6.010050297E0
2.879255192E2,5.443950176E0,8.968950272E0,-7.873050213E0
2.879279629E2,1.141050100E0,8.583000183E0,-2.152950048E0
2.879304063E2,8.470500112E-1,9.553050041E0,2.445000172E0
2.879328500E2,2.295000076E0,1.335495090E1,2.023950100E0
2.879352937E2,3.334050179E0,1.017105007E1,2.271000147E0
2.879377371E2,4.443000317E0,7.803000450E0,-3.268950224E0
2.879401808E2,2.712000132E0,1.011300087E1,-3.937050104E0
2.879426244E2,6.607050419E0,9.582000732E0,-5.754000187E0
2.879450679E2,5.872050285E0,8.047050476E0,-8.245950699E0
2.879475116E2,2.608950138E0,8.248050690E0,-3.750000238E0
2.879499552E2,8.590500355E-1,8.614950180E0,2.282999992E0
2.879523989E2,4.648950100E0,1.137495041E1,2.589000225E0
2.879548424E2,4.744950294E0,9.651000023E0,-2.956950188E0
2.879572860E2,2.953950167E0,7.642050266E0,-5.505000114E0
2.879597296E2,9.829500318E-1,9.229950905E0,-4.168950081E0
2.879621731E2,4.765950203E0,9.876000404E0,-3.946050167E0
2.879646168E2,6.033000469E0,8.380050659E0,-8.479050636E0
2.879670604E2,2.346000195E0,6.667950153E0,-5.653050423E0
2.879695041E2,3.580500185E-1,6.484050274E0,2.302050114E0
2.879719476E2,2.769000053E0,1.069005013E1,3.750000238E0
2.879743912E2,3.883050203E0,7.222950459E0,-1.333950043E0
2.879768349E2,3.595050097E0,5.518950462E0,-3.400050163E0
2.879792783E2,2.986950159E0,7.618950367E0,-4.345950127E0
2.879817219E2,6.490050316E0,7.824000359E0,-3.598950148E0
2.879841656E2,5.827050209E0,7.863000393E0,-6.421950340E0
2.879866093E2,2.128050089E0,6.262950420E0,-3.586950064E0
2.879890527E2,8.950500488E-1,7.882050514E0,3.046050072E0
2.879914964E2,2.104050159E0,1.069005013E1,4.087950230E0
2.879939401E2,5.836050510E0,8.715000153E0,-1.873050094E0
2.879963835E2,2.788950205E0,7.426950455E0,-6.685050488E0
2.879988272E2,5.329500437E-1,9.046050072E0,-4.570950031E0
2.880012708E2,2.415000200E0,9.778050423E0,-3.316950083E0
2.880037143E2,6.507000446E0,9.376049995E0,-5.794950485E0
2.880061580E2,4.339950085E0,7.231050491E0,-5.260950089E0
2.880086016E2,6.529500484E-1,7.744950294E0,2.533950090E0
2.880110451E2,8.950500488E-1,9.799950600E0,1.657950044E0
2.880134888E2,6.082950115E0,9.454950333E0,-5.370000005E-1
2.880159325E2,4.948050022E0,6.025950432E0,-8.152950287E0
2.880183761E2,1.771050096E0,7.365000248E0,-7.035000324E0
2.880208196E2,4.423950195E0,8.923050880E0,-4.461000443E0
2.880232632E2,7.074000359E0,7.591950417E0,-7.276950359E0
2.880257069E2,4.098000050E0,5.581050396E0,-6.585000515E0
2.880281503E2,7.939500213E-1,6.673050404E0,2.797050238E0
2.880305940E2,-8.100000024E-2,9.340050697E0,4.825050354E0
2.880330376E2,4.074000359E0,8.409000397E0,4.456950188E0
2.880354813E2,5.998950481E0,4.669050217E0,-2.638950109E0
2.880379248E2,2.560950041E0,6.337950230E0,-3.817050219E0
2.880403684E2,3.442050219E0,8.334000587E0,-2.383050203E0
2.880428121E2,6.445050240E0,8.257950783E0,-4.978050232E0
2.880452556E2,5.662050247E0,7.546950340E0,-6.652050495E0
2.880476993E2,1.495950103E0,7.963050365E0,8.940000534E-1
2.880501429E2,4.300500154E-1,1.002495003E1,9.589500427E-1
2.880525866E2,1.407000065E0,1.400895023E1,5.659500360E-1
2.880550301E2,3.543000221E0,1.113600063E1,1.852050066E0
2.880574737E2,3.540000200E0,9.325950623E0,-4.372050285E0
2.880599174E2,4.444950104E0,1.119795036E1,-4.819950104E0
2.880623608E2,8.269050598E0,1.139205074E1,-8.365950584E0
2.880648044E2,5.767050266E0,9.709050179E0,-1.032195091E1
2.880672481E2,1.000050068E0,1.044105053E1,-4.009050369E0
2.880696916E2,1.347000122E0,1.104000092E1,2.884050131E0
2.880721353E2,3.697950125E0,1.427895069E1,3.193050146E0
2.880745789E2,3.508950233E0,9.960000038E0,-1.257000089E0
2.880770223E2,3.016050100E0,7.609050274E0,-3.484050274E0
2.880794660E2,2.290950060E0,1.053195095E1,-2.794950247E0
2.880819097E2,5.568000317E0,1.023300076E1,-4.156949997E0
2.880843533E2,5.428950310E0,7.923000336E0,-6.658950329E0
2.880867968E2,2.821950197E0,7.858050346E0,-2.469000101E0
2.880892405E2,1.431000113E0,7.720950603E0,2.351999998E0
2.880916841E2,1.998000145E0,1.111905098E1,2.764050245E0
2.880941276E2,2.282999992E0,8.515950203E0,-7.090500593E-1
2.880965713E2,2.520000219E0,6.916950226E0,-3.108000040E0
2.880990149E2,2.257050037E0,7.314000130E0,-5.914050102E0
2.881014584E2,6.208050251E0,7.966050148E0,-2.770950079E0
2.881039020E2,6.877950191E0,6.727950096E0,-4.867950439E0
2.881063457E2,3.556950092E0,5.907000065E0,-2.673000097E0
2.881087893E2,1.195950031E0,7.408050537E0,3.015000105E0
2.881112328E2,8.710500598E-1,1.153305054E1,2.022000074E0
2.881136765E2,4.534049988E0,9.273000717E0,-3.000000119E-1
2.881161201E2,2.310000181E0,7.456050396E0,-6.208950520E0
2.881185638E2,-1.120500043E-1,8.890050888E0,-4.284000397E0
2.881210073E2,2.209050179E0,1.003200054E1,-1.578000069E0
2.881234509E2,6.775050163E0,1.008705044E1,-5.500050068E0
2.881258946E2,5.311950207E0,7.839000225E0,-4.633050442E0
2.881283380E2,1.419000030E0,8.671950340E0,2.434050083E0
2.881307816E2,1.780950069E0,1.242600060E1,2.497950077E0
2.881332253E2,5.086950302E0,1.184700012E1,2.929500043E-1
2.881356690E2,3.817950249E0,8.764950752E0,-6.613050461E0
2.881381125E2,2.403000116E0,9.763950348E0,-7.533000469E0
2.881405561E2,5.968050480E0,1.026900005E1,-6.550950527E0
2.881429998E2,7.480950356E0,9.333000183E0,-7.321950436E0
2.881454432E2,5.110950470E0,7.996950150E0,-4.333950043E0
2.881478869E2,1.876050115E0,8.746050835E0,1.549950123E0
2.881503306E2,2.772000074E0,1.073595047E1,3.669000149E0
2.881527740E2,4.330049992E0,1.047705078E1,5.490000248E-1
2.881552177E2,4.479000092E0,7.597050190E0,-3.970050097E0
2.881576613E2,2.563050032E0,7.959000587E0,-6.802950382E0
2.881601048E2,2.482050180E0,9.448050499E0,-4.791000366E0
2.881625485E2,6.873000145E0,7.954050541E0,-3.562950134E0
2.881649921E2,6.676950455E0,7.092000484E0,-5.323050022E0
2.881674356E2,1.414050102E0,6.927000523E0,-6.109500527E-1
2.881698793E2,4.500000179E-2,9.019050598E0,4.002000332E0
2.881723229E2,2.032050133E0,9.448050499E0,3.339000225E0
2.881747666E2,6.481050491E0,6.589050293E0,-4.032000065E0
2.881772100E2,3.211950064E0,5.908950329E0,-9.112950325E0
2.881796537E2,1.864050031E0,6.733050346E0,-6.628050327E0
2.881820973E2,6.102000237E0,6.757050514E0,-4.396049976E0
2.881845410E2,5.971050262E0,4.635000229E0,-7.282050133E0
2.881869845E2,2.038950205E0,4.563000202E0,-2.091000080E0
2.881894281E2,-8.830500245E-1,6.100950241E0,4.359000206E0
2.881918718E2,1.297050118E0,6.943050385E0,4.959000111E0
2.881943153E2,6.789000511E0,4.305000305E0,-4.210050106E0
2.881967589E2,2.676000118E0,3.763950109E0,-6.166050434E0
2.881992026E2,1.800000109E-2,4.609050274E0,-1.353000045E0
2.882016460E2,5.844000340E0,4.810050011E0,-4.510500133E-1
2.882040897E2,9.187950134E0,3.157950163E0,-5.625000477E0
2.882065334E2,1.939050078E0,3.795000076E0,-4.131000042E0
2.882089770E2,-2.080049992E0,5.497050285E0,3.961050272E0
2.882114205E2,-2.970000207E-1,7.279050350E0,3.631050110E0
2.882138642E2,6.045000076E0,7.599000454E0,-6.090000272E-1
2.882163078E2,6.064050198E0,6.313950062E0,-5.815950394E0
2.882187513E2,1.843050122E0,7.080000401E0,-2.316000223E0
2.882211949E2,2.383949995E0,9.036000252E0,-2.236950159E0
2.882236386E2,6.568950176E0,8.743950844E0,-5.340000153E0
2.882260820E2,4.315950394E0,7.291050434E0,-6.582000256E0
2.882285257E2,7.290000319E-1,7.249950409E0,-1.072950006E0
2.882309693E2,4.849500358E-1,1.071405029E1,2.413950205E0
2.882334130E2,5.203950405E0,1.260600090E1,3.700500131E-1
2.882358565E2,5.167950153E0,9.193950653E0,-5.347050190E0
2.882383001E2,3.030000210E0,9.733050346E0,-3.621000290E0
2.882407438E2,3.262950182E0,1.145895100E1,-4.087950230E0
2.882431873E2,6.949950218E0,1.264905071E1,-3.646950245E0
2.882456310E2,4.680000305E0,1.213395023E1,-4.285950184E0
2.882480746E2,1.495950103E0,1.067805004E1,2.455050230E0
2.882505183E2,8.299500346E-1,1.272600079E1,1.132950068E0
2.882529617E2,1.857000113E0,1.360395050E1,-6.370500326E-1
2.882554053E2,2.355000019E0,1.291200066E1,1.011000037E0
2.882578490E2,2.299950123E0,1.230405045E1,6.550500393E-1
2.882602925E2,3.610050201E0,1.185600090E1,-1.426950097E0
2.882627361E2,6.066000462E0,1.317600060E1,-5.068950176E0
2.882651798E2,6.732000351E0,1.119795036E1,-1.106205082E1
2.882676233E2,1.867050052E0,1.238595104E1,-7.332000256E0
2.882700670E2,6.379500031E-1,1.279305077E1,4.339500070E-1
2.882725106E2,1.900050044E0,1.348695087E1,2.593950033E0
2.882749543E2,4.759050369E0,1.224705029E1,-7.590000629E-1
2.882773977E2,3.519000053E0,8.655000687E0,-4.666950226E0
2.882798413E2,1.833000064E0,9.022050858E0,-2.791950226E0
2.882822850E2,2.250000000E0,8.988000870E0,-5.970000029E-1
2.882847285E2,5.596950054E0,6.948000431E0,-4.570950031E0
2.882871722E2,4.872000217E0,5.734050274E0,-7.465950489E0
2.882896158E2,1.624950051E0,4.659000397E0,-1.437000036E0
2.882920593E2,2.013000011E0,4.627950191E0,2.343000174E0
2.882945030E2,2.997000217E0,9.465000153E0,-1.758000135E0
2.882969467E2,3.430050135E0,3.277950048E0,-4.201950073E0
2.882993903E2,2.074949980E0,3.745050192E0,-1.894050121E0
2.883018337E2,9.589500427E-1,7.567950249E0,-6.130500436E-1
2.883042774E2,7.519950390E0,5.593050480E0,-4.413000107E0
2.883067211E2,7.753950596E0,3.807000160E0,-5.340000153E0
2.883091645E2,2.389500141E-1,6.088950157E0,-1.095000029E0
2.883116082E2,4.759500325E-1,5.740950108E0,1.951950073E0
2.883140518E2,8.707050323E0,5.986050129E0,-2.103000164E0
2.883164955E2,7.692000389E0,3.466950178E0,-8.554950714E0
2.883189390E2,8.899500370E-1,4.996950150E0,-6.420000076E0
2.883213826E2,5.520000458E-1,5.796000481E0,-1.425000072E0
2.883238263E2,5.299950123E0,6.958050251E0,-8.820000291E-1
2.883262698E2,7.852050304E0,6.690000534E0,-3.372000217E0
2.883287134E2,3.058950186E0,5.026050091E0,7.650000453E-1
2.883311571E2,4.660500288E-1,8.337000847E0,3.091950178E0
2.883336008E2,-2.220000178E-1,1.238595104E1,1.230000034E-1
2.883360442E2,1.801950097E0,1.072905064E1,2.239500135E-1
2.883384878E2,2.970000029E0,1.009905052E1,2.383050203E0
2.883409316E2,2.440950155E0,8.035050392E0,-1.711950064E0
2.883433750E2,5.370000362E0,1.037205029E1,-5.670000076E0
2.883458186E2,9.378000259E0,9.678000450E0,-1.125600052E1
2.883482623E2,4.089000225E0,8.188050270E0,-8.622000694E0
2.883507058E2,3.889500201E-1,8.551950455E0,1.360950112E0
2.883531495E2,1.182000041E0,1.233300018E1,2.211000204E0
2.883555931E2,2.989950180E0,1.536405087E1,2.005050182E0
2.883580368E2,3.967050076E0,1.024005032E1,1.009500027E-1
2.883604803E2,3.861000299E0,9.610950470E0,-4.758000374E0
2.883629240E2,6.073050499E0,1.170300102E1,-6.466950417E0
2.883653676E2,8.314949989E0,1.182105064E1,-9.349950790E0
2.883678110E2,4.102950096E0,1.028595066E1,-7.815000534E0
2.883702547E2,6.979500055E-1,1.089405060E1,-1.660500020E-1
2.883726984E2,1.354050040E0,1.151400089E1,2.932050228E0
2.883751418E2,2.571000099E0,1.393005085E1,1.864050031E0
2.883775855E2,5.275950432E0,1.006305027E1,9.990000725E-1
2.883800291E2,6.049950123E0,9.565050125E0,-6.748050213E0
2.883824726E2,4.728000164E0,1.050405025E1,-7.068000317E0
2.883849163E2,7.483950138E0,9.916950226E0,-8.445000648E0
2.883873599E2,6.193050385E0,8.124000549E0,-1.007295036E1
2.883898036E2,2.548950195E0,7.968000412E0,-3.657000065E0
2.883922470E2,1.921950102E0,7.831950188E0,3.073050261E0
2.883946907E2,2.554050207E0,1.110705090E1,3.679050207E0
2.883971343E2,3.105000257E0,7.939050198E0,1.267050028E0
2.883995780E2,3.277050257E0,6.189000130E0,3.070500195E-1
2.884020215E2,3.238950253E0,7.024950504E0,-2.104950190E0
2.884044651E2,6.004050255E0,8.242950439E0,-5.835000515E0
2.884069088E2,6.595050335E0,7.156050205E0,-7.083000183E0
2.884093523E2,2.125050068E0,7.104000568E0,-4.513950348E0
2.884117959E2,9.880500436E-1,6.151050091E0,2.376000166E0
2.884142396E2,1.279500127E-1,9.472050667E0,2.740050077E0
2.884166830E2,6.169500351E-1,9.508050919E0,1.408950090E0
2.884191267E2,2.053050041E0,6.121950150E0,1.270050049E0
2.884215704E2,2.512950182E0,7.306950569E0,-4.681050301E0
2.884240140E2,3.622050285E0,8.161950111E0,-5.500050068E0
2.884264575E2,6.487950325E0,8.892000198E0,-6.870000362E0
2.884289012E2,3.636000156E0,7.614000320E0,-7.155000210E0
2.884313448E2,3.460500240E-1,7.563000202E0,-4.480500221E-1
2.884337883E2,4.729500115E-1,9.487950325E0,2.632050037E0
2.884362320E2,3.358050108E0,1.167405033E1,1.947000146E0
2.884386756E2,4.120050430E0,6.928950310E0,-3.739950180E0
2.884411190E2,2.137050152E0,7.306950569E0,-6.697050095E0
2.884435627E2,7.680000067E-1,7.591950417E0,-4.657050133E0
2.884460063E2,3.064050198E0,8.563950539E0,-1.429950118E0
2.884484498E2,4.639050007E0,7.798050404E0,-3.895950079E0
2.884508935E2,2.676000118E0,7.434000492E0,-1.609050035E0
2.884533371E2,7.095000148E-2,9.037950516E0,2.994000196E0
2.884557808E2,-7.519500256E-1,1.035795021E1,3.280950069E0
2.884582243E2,3.040050030E0,9.103050232E0,1.878000140E0
2.884606680E2,5.310000420E0,8.454000473E0,-5.749050140E0
2.884631116E2,1.756950140E0,8.068950653E0,-6.147000313E0
2.884655553E2,3.412950277E0,8.277000427E0,-3.973050117E0
2.884679988E2,7.378050327E0,6.802050114E0,-6.721050262E0
2.884704424E2,5.632950306E0,6.625050545E0,-6.247050285E0
2.884728861E2,9.090000391E-1,8.052000046E0,3.550500274E-1
2.884753295E2,5.670000315E-1,9.318000793E0,2.448000193E0
2.884777731E2,3.603000164E0,9.892950058E0,2.077050209E0
2.884802168E2,6.105000496E0,7.414950371E0,-6.594000340E0
2.884826605E2,2.365050077E0,7.033950329E0,-7.357950211E0
2.884851040E2,3.022950172E0,8.119050026E0,-5.044950008E0
2.884875476E2,7.419000149E0,7.507950306E0,-5.280000210E0
2.884899913E2,6.124050140E0,6.631950378E0,-7.309950352E0
2.884924347E2,1.660950065E0,6.996000290E0,-5.800500512E-1
2.884948784E2,3.940500319E-1,8.044950485E0,3.385950089E0
2.884973220E2,1.074000001E0,9.283050537E0,3.918000221E0
2.884997655E2,6.160050392E0,6.271050453E0,-3.226050138E0
2.885022092E2,5.869950294E0,6.129000187E0,-7.662000179E0
2.885046528E2,3.400950193E0,7.954050541E0,-8.380050659E0
2.885070963E2,5.745000362E0,7.650000572E0,-4.269000053E0
2.885095399E2,6.741000175E0,7.492050171E0,-4.114050388E0
2.885119836E2,3.574050188E0,7.381050587E0,-1.131000042E0
2.885144270E2,-9.000000544E-3,9.702000618E0,2.517000198E0
2.885168707E2,4.590000212E-1,9.390000343E0,3.190050125E0
2.885193144E2,7.002000332E0,8.509050369E0,-3.003000259E0
2.885217580E2,5.968050480E0,7.611000538E0,-9.870000839E0
2.885242015E2,9.109500647E-1,8.128950119E0,-7.435050488E0
2.885266452E2,5.590500236E-1,8.611950874E0,-1.249950051E0
2.885290888E2,3.777000189E0,7.984950542E0,6.109500527E-1
2.885315325E2,5.676000118E0,8.727000237E0,-1.212000012E0
2.885339759E2,2.583000183E0,8.377950668E0,1.672050118E0
2.885364195E2,4.039500058E-1,9.559950829E0,1.062000036E0
2.885388632E2,1.639500111E-1,1.037205029E1,1.900500059E-1
2.885413067E2,1.522050023E0,9.639000893E0,1.207950115E0
2.885437503E2,1.848000050E0,8.871000290E0,1.026000023E0
2.885461940E2,1.002000093E0,8.962050438E0,-8.740500212E-1
2.885486377E2,1.704000115E0,9.249000549E0,1.684050083E0
2.885510811E2,6.061950207E0,9.421050072E0,-2.443050146E0
2.885535247E2,4.342050076E0,8.016000748E0,-7.255050182E0
2.885559684E2,1.078950047E0,1.027905083E1,-2.455050230E0
2.885584119E2,1.117050052E0,1.143495083E1,1.969500035E-1
2.885608555E2,3.519000053E0,1.125795078E1,-8.860500455E-1
2.885632992E2,4.147950172E0,9.919050217E0,-4.339050293E0
2.885657427E2,1.162950039E0,1.031700039E1,-2.457000017E0
2.885681863E2,1.315950036E0,1.014495087E1,1.879500151E-1
2.885706300E2,4.546050072E0,9.508050919E0,-1.686000109E0
2.885730737E2,6.226950169E0,9.481050491E0,-5.950050354E0
2.885755171E2,1.981950045E0,1.018800068E1,-3.156000137E0
2.885779607E2,6.529500484E-1,9.553050041E0,1.363050103E0
2.885804044E2,2.607000113E0,9.772950172E0,4.849500358E-1
2.885828479E2,6.313050270E0,9.084000587E0,-5.457000256E0
2.885852916E2,5.200050354E0,9.421050072E0,-8.031000137E0
2.885877352E2,3.081000090E0,9.261000633E0,-5.233950138E0
2.885901787E2,4.669950008E0,8.365950584E0,-2.376000166E0
2.885926223E2,7.230000496E0,7.642050266E0,-4.609050274E0
2.885950660E2,4.255949974E0,9.169950485E0,-4.681050301E0
2.885975097E2,1.441050053E0,9.406949997E0,-2.950500250E-1
2.885999531E2,2.635050058E0,9.187050819E0,5.730000138E-1
2.886023967E2,7.555950165E0,8.425050735E0,-3.261000156E0
2.886048404E2,5.287950039E0,6.748950481E0,-6.726000309E0
2.886072839E2,1.906950116E0,8.176050186E0,-5.139000416E0
2.886097276E2,2.631000042E0,8.035050392E0,-1.549950123E0
2.886121712E2,7.134000301E0,8.329950333E0,-2.797050238E0
2.886146149E2,4.869000435E0,6.847950459E0,-5.445000172E0
2.886170584E2,1.360500008E-1,8.302950859E0,-2.760000229E-1
2.886195020E2,-8.500500321E-1,9.742050171E0,3.918000221E0
2.886219457E2,2.760000229E0,9.049950600E0,2.329500169E-1
2.886243891E2,6.700950146E0,8.662050247E0,-6.367050171E0
2.886268328E2,2.889000177E0,7.992000580E0,-6.496050358E0
2.886292764E2,1.618050098E0,8.445000648E0,-2.565000057E0
2.886317199E2,3.423000097E0,8.737050056E0,-6.970500350E-1
2.886341636E2,6.424950123E0,8.836950302E0,-2.854050159E0
2.886366072E2,2.959050179E0,8.217000008E0,-2.980950117E0
2.886390509E2,6.220500469E-1,9.333000183E0,1.903950095E0
2.886414943E2,-3.400500119E-1,9.306000710E0,4.099500179E-1
2.886439379E2,4.546050072E0,9.172050476E0,-2.131050110E0
2.886463816E2,4.819050312E0,8.044950485E0,-7.108950138E0
2.886488251E2,2.985000134E0,8.461050034E0,-3.838950157E0
2.886512688E2,2.251950026E0,9.013950348E0,1.570500135E-1
2.886537124E2,5.839050293E0,8.887950897E0,-3.499500155E-1
2.886561558E2,5.901000500E0,8.812950134E0,-4.594950199E0
2.886585995E2,1.759050131E0,1.063095093E1,-1.569000125E0
2.886610431E2,6.599999964E-2,9.193950653E0,1.645950079E0
2.886634868E2,1.186950088E0,9.189000130E0,2.653950214E0
2.886659303E2,5.632950306E0,8.121000290E0,-2.986050129E0
2.886683739E2,6.109050274E0,7.101000309E0,-5.761050224E0
2.886708176E2,4.567049980E0,7.590000153E0,-5.227050304E0
2.886732613E2,4.603050232E0,8.698050499E0,-2.078999996E0
2.886757047E2,7.036050320E0,8.617050171E0,-4.420050144E0
2.886781484E2,3.139950037E0,1.036200047E1,-4.363049984E0
2.886805921E2,7.530000210E-1,1.067400074E1,1.500000060E-2
2.886830355E2,2.290500104E-1,9.639000893E0,1.404000044E0
2.886854792E2,4.735050201E0,8.662050247E0,-3.118050098E0
2.886879228E2,5.560950279E0,6.625050545E0,-7.717050552E0
2.886903663E2,3.576000214E0,7.384050369E0,-5.517000198E0
2.886928100E2,2.965950251E0,7.858050346E0,-4.240500331E-1
2.886952536E2,6.303000450E0,8.494950294E0,-3.400500119E-1
2.886976971E2,5.578050137E0,7.900950432E0,-3.493950129E0
2.887001408E2,1.524000049E0,9.919050217E0,-1.411050081E0
2.887025844E2,-2.010000050E-1,9.517050743E0,1.200000048E0
2.887050281E2,1.255950093E0,9.358950615E0,1.299000025E0
2.887074716E2,5.329050064E0,7.936950207E0,-4.795950413E0
2.887099152E2,6.054000378E0,7.453050137E0,-6.144000053E0
2.887123589E2,3.727050066E0,7.602000237E0,-4.963950157E0
2.887148023E2,3.093000174E0,8.554950714E0,-6.450000405E-1
2.887172460E2,5.985000134E0,7.870050430E0,-3.283050060E0
2.887196896E2,3.684000254E0,9.024000168E0,-4.456050396E0
2.887221333E2,6.259500384E-1,9.840000153E0,-1.020000100E0
2.887245768E2,6.840000153E-1,8.683950424E0,9.900000691E-2
2.887270204E2,6.046950340E0,9.072000504E0,-1.674000025E0
2.887294641E2,6.889950275E0,7.590000153E0,-6.688050270E0
2.887319076E2,2.461050034E0,8.715000153E0,-3.525000095E0
2.887343512E2,1.966950059E0,8.976000786E0,1.809000134E0
2.887367949E2,4.752000332E0,9.634950638E0,1.416000009E0
2.887392386E2,5.728950500E0,9.144000053E0,-3.088950157E0
2.887416820E2,1.692000031E0,9.946050644E0,-2.560050011E0
2.887441257E2,-4.639500082E-1,1.043205070E1,1.059000015E0
2.887465694E2,2.295000106E-2,1.082700062E1,1.507050037E0
2.887490128E2,3.877950191E0,9.445050240E0,-3.532050133E0
2.887514565E2,5.161050320E0,8.590950012E0,-7.054050446E0
2.887539001E2,4.237050056E0,8.836950302E0,-6.130050182E0
2.887563436E2,4.132050037E0,9.220050812E0,-3.534000158E0
2.887587873E2,5.164050102E0,8.746050835E0,-4.774950027E0
2.887612310E2,2.725950241E0,8.812950134E0,-3.685050249E0
2.887636743E2,8.710500598E-1,8.836950302E0,4.870500267E-1
2.887661180E2,-8.550000191E-1,7.843950272E0,2.623050213E0
2.887685617E2,1.656000137E0,6.772950172E0,-3.739500046E-1
2.887710053E2,5.314950466E0,3.903000116E0,-8.080950737E0
2.887734488E2,3.139950037E0,5.248050213E0,-6.357000351E0
2.887758925E2,1.797000051E0,5.112000465E0,-1.234050035E0
2.887783361E2,4.227000237E0,5.976000309E0,2.368950129E0
2.887807798E2,5.482050419E0,5.695950508E0,-1.042050004E0
2.887832232E2,2.595000029E0,6.745050430E0,3.000000026E-3
2.887856669E2,-1.341000080E0,7.480050564E0,3.883950233E0
2.887881105E2,-8.380500674E-1,7.651950359E0,3.292950153E0
2.887905540E2,6.508950233E0,6.931050301E0,-4.240950108E0
2.887929976E2,6.247950077E0,6.280050278E0,-8.413949966E0
2.887954413E2,2.074949980E0,7.542000294E0,-5.091000080E0
2.887978848E2,1.591050029E0,8.473050117E0,-1.485000014E0
2.888003285E2,6.295950413E0,9.859950066E0,-2.953050137E0
2.888027721E2,6.487950325E0,9.583950043E0,-4.921050072E0
2.888052158E2,3.373050213E0,1.034595013E1,-3.136950254E0
2.888076592E2,1.159950018E0,1.122405052E1,6.670500040E-1
2.888101029E2,4.471950054E0,1.146405029E1,-1.353000045E0
2.888125465E2,6.804000378E0,1.049595070E1,-6.250050068E0
2.888149900E2,3.378000259E0,1.012095070E1,-7.162050247E0
2.888174337E2,1.006950021E0,1.025895023E1,-2.622000217E0
2.888198773E2,3.052050114E0,1.077405071E1,-1.510500014E-1
2.888223208E2,6.214950085E0,1.040805054E1,-2.862000227E0
2.888247645E2,4.620000362E0,1.228005028E1,-1.578000069E0
2.888272082E2,1.741950035E0,1.198800087E1,2.764050245E0
2.888296518E2,9.859500527E-1,1.229205036E1,2.031000137E0
2.888320952E2,3.925950289E0,1.142100048E1,1.347000122E0
2.888345389E2,7.210950375E0,1.051605034E1,-7.075950146E0
2.888369825E2,4.536000252E0,1.001505089E1,-9.204000473E0
2.888394262E2,1.912050128E0,8.595000267E0,-4.369950294E0
2.888418697E2,3.955050230E0,9.081000328E0,-2.042999983E0
2.888443133E2,5.539950371E0,1.041495037E1,-3.433950186E0
2.888467570E2,2.137050152E0,1.097505093E1,-1.711950064E0
2.888492005E2,3.300000131E-1,9.939000130E0,9.750000238E-1
2.888516441E2,8.350500464E-1,9.469050407E0,1.693950057E0
2.888540878E2,5.113050461E0,8.928000450E0,-5.160000324E0
2.888565312E2,4.833000183E0,7.276050568E0,-8.292000771E0
2.888589749E2,1.210950017E0,6.792000294E0,-3.517950058E0
2.888614185E2,7.939500213E-1,5.952000141E0,1.324950099E0
2.888638620E2,4.975050449E0,8.029950142E0,-1.800000072E-1
2.888663057E2,4.560000420E0,7.075050354E0,-2.412000179E0
2.888687494E2,1.729950070E0,6.922050476E0,-2.160000056E-1
2.888711930E2,-2.869500220E-1,8.065950394E0,2.137050152E0
2.888736365E2,2.287950039E0,8.039999962E0,6.829500198E-1
2.888760802E2,5.371950150E0,7.092000484E0,-3.534000158E0
2.888785238E2,3.768000126E0,6.478950500E0,-6.058050156E0
2.888809673E2,2.271000147E0,7.438950539E0,-2.170050144E0
2.888834109E2,4.957950115E0,8.313000679E0,-1.339050055E0
2.888858546E2,6.346050262E0,7.575000286E0,-4.822950363E0
2.888882983E2,2.407950163E0,8.053950310E0,-5.184000015E0
2.888907417E2,-2.869500220E-1,9.745050430E0,-1.054050088E0
2.888931854E2,1.552950025E0,9.024000168E0,5.595000088E-2
2.888956290E2,7.165050507E0,7.302000523E0,-4.492050171E0
2.888980727E2,6.330000401E0,6.129000187E0,-6.898050308E0
2.889005162E2,2.797950029E0,7.425000191E0,-3.577950239E0
2.889029598E2,4.845000267E0,7.345950127E0,-4.650000334E-1
2.889054035E2,6.483000278E0,7.492050171E0,-2.064000130E0
2.889078469E2,5.725950241E0,8.430000305E0,-4.795950413E0
2.889102905E2,1.315950036E0,1.048905087E1,-2.895000219E0
2.889127342E2,-1.306950092E0,1.040805054E1,6.949500442E-1
2.889151777E2,1.234950066E0,9.019050598E0,2.220000029E0
2.889176214E2,5.776950359E0,8.394000053E0,-1.903950095E0
2.889200650E2,6.271950245E0,8.263050079E0,-4.312950134E0
2.889225084E2,2.965950251E0,8.169000626E0,-3.333000183E0
2.889249521E2,1.680000067E0,1.000995064E1,6.139500141E-1
2.889273958E2,4.503000259E0,1.068795013E1,-1.966050148E0
2.889298395E2,5.041950226E0,1.251195049E1,-4.108950138E0
2.889322829E2,2.977950096E0,1.218195057E1,-2.683950186E0
2.889347266E2,1.159950018E0,1.126305008E1,1.761000037E0
2.889371702E2,1.897950053E0,1.050405025E1,8.599500656E-1
2.889396137E2,5.841000080E0,1.109505081E1,-6.526950359E0
2.889420574E2,4.052999973E0,9.440999985E0,-7.345950127E0
2.889445010E2,8.610000610E-1,9.105000496E0,-3.111000061E0
2.889469447E2,2.122950077E0,9.541050911E0,-1.144950032E0
2.889493881E2,5.539950371E0,1.086495018E1,-3.979950190E0
2.889518318E2,3.286950111E0,1.034295082E1,-3.700050116E0
2.889542754E2,1.747050047E0,7.735950470E0,-6.660000086E-1
2.889567191E2,1.824000120E0,8.016000748E0,1.569000125E0
2.889591626E2,1.977000117E0,8.907000542E0,-5.940000415E-1
2.889616062E2,3.367950201E0,4.984950066E0,-4.978050232E0
2.889640499E2,3.016050100E0,5.767950058E0,-4.851000309E0
2.889664934E2,4.219950199E0,5.725050449E0,-3.565950155E0
2.889689370E2,6.435000420E0,5.811000347E0,-2.665050030E0
2.889713807E2,6.435000420E0,6.322950363E0,-4.296000004E0
2.889738241E2,1.912050128E0,7.195050240E0,-1.906050086E0
2.889762679E2,-6.100500226E-1,8.374950409E0,1.810950041E0
2.889787116E2,3.069000244E0,7.300050259E0,1.393950105E0
2.889811549E2,9.271950722E0,6.064950466E0,-3.163050175E0
2.889835986E2,5.935050488E0,6.586950302E0,-5.962050438E0
2.889860422E2,7.579500079E-1,8.028000832E0,-2.998050213E0
2.889884859E2,1.078950047E0,8.607000351E0,3.460500240E-1
2.889909294E2,4.888050079E0,7.875000477E0,-2.155050039E0
2.889933731E2,6.469050407E0,8.188050270E0,-7.672050476E0
2.889958167E2,9.589500427E-1,9.759000778E0,-4.518000126E0
2.889982604E2,-4.210500121E-1,9.532050133E0,1.038000107E0
2.890007039E2,3.403950214E0,9.031050682E0,-1.300500035E-1
2.890031475E2,7.636950493E0,8.623950005E0,-5.062050343E0
2.890055912E2,4.033950329E0,8.193000793E0,-4.396049976E0
2.890080346E2,8.680500388E-1,9.175050735E0,-1.497000098E0
2.890104783E2,2.238000154E0,1.010400009E1,-9.010500312E-1
2.890129220E2,5.676000118E0,1.025505066E1,-2.962050200E0
2.890153654E2,2.745000124E0,1.070505047E1,-1.783950090E0
2.890178091E2,7.170000076E-1,1.180905056E1,2.563050032E0
2.890202527E2,2.820000052E-1,1.152795029E1,1.995000057E-2
2.890226964E2,4.969500303E-1,1.242405033E1,-7.450500131E-1
2.890251399E2,2.596950054E0,1.297905064E1,2.971950054E0
2.890275836E2,3.073050261E0,1.215300083E1,8.170500398E-1
2.890300272E2,4.900050163E0,1.046295071E1,-5.629500151E-1
2.890324707E2,9.164999962E0,1.070700073E1,-7.959000587E0
2.890349144E2,8.152050018E0,1.246695042E1,-1.131600094E1
2.890373580E2,2.002950191E0,1.393905067E1,-8.400000572E0
2.890398017E2,3.000000119E-2,1.245705032E1,-9.340500236E-1
2.890422451E2,8.989500403E-1,1.198995018E1,3.388950109E0
2.890446888E2,1.765950084E0,1.295100021E1,1.533000112E0
2.890471324E2,2.467950106E0,1.057500076E1,5.400000215E-1
2.890495759E2,3.801000118E0,9.036000252E0,-1.408050060E0
2.890520195E2,3.898950100E0,7.719000340E0,-1.894050121E0
2.890544632E2,6.403950214E0,7.848000526E0,-4.504050255E0
2.890569069E2,6.919050217E0,9.277950287E0,-1.009500027E1
2.890593504E2,3.516000271E0,7.657050133E0,-8.830950737E0
2.890617940E2,1.303950071E0,5.908950329E0,-3.714000225E0
2.890642377E2,2.784000158E0,7.729050159E0,-1.440000087E-1
2.890666811E2,5.773950100E0,7.432050228E0,-2.188950062E0
2.890691248E2,5.190000057E0,5.370000362E0,-2.637000084E0
2.890715685E2,2.839050055E0,5.794050217E0,2.989050150E0
2.890740119E2,5.239950180E0,7.147050381E0,3.139950037E0
2.890764556E2,9.397050858E0,7.188000202E0,-1.794000030E0
2.890788993E2,6.142950058E0,6.613050461E0,-7.039950371E0
2.890813427E2,4.300500154E-1,8.149950027E0,-5.086050034E0
2.890837864E2,-5.890500546E-1,8.629050255E0,1.411050081E0
2.890862301E2,3.412950277E0,8.550000191E0,1.111950040E0
2.890886737E2,5.872050285E0,7.987050533E0,-2.833050251E0
2.890911172E2,3.639000177E0,8.077950478E0,-6.970500350E-1
2.890935608E2,1.891050100E0,9.298950195E0,-1.513950109E0
2.890960045E2,4.933950424E0,8.992950439E0,-4.066050053E0
2.890984482E2,7.639050484E0,9.164999962E0,-8.469000816E0
2.891008918E2,2.889000177E0,9.235050201E0,-9.142050743E0
2.891033352E2,-1.030500084E-1,1.002000046E1,-3.960000277E-1
2.891057789E2,7.339500189E-1,1.024995041E1,2.074050188E0
2.891082224E2,4.026000023E0,1.057800007E1,3.085050106E0
2.891106661E2,5.239950180E0,7.695000172E0,1.039950013E0
2.891131097E2,5.287950039E0,7.935000420E0,-7.260000110E-1
2.891155534E2,4.450050354E0,8.569050789E0,8.580000401E-1
2.891179968E2,2.698050022E0,1.012800026E1,5.279999971E-1
2.891204405E2,2.926950216E0,1.097805023E1,1.690500081E-1
2.891228841E2,2.044049978E0,1.190895081E1,-1.015950084E0
2.891253276E2,1.141050100E0,1.153800011E1,3.739500046E-1
2.891277713E2,5.205000192E-2,1.008495045E1,-4.150500298E-1
2.891302149E2,3.990000188E-1,1.241895103E1,-7.590000629E-1
2.891326584E2,5.097000122E0,1.450905037E1,-1.162050009E0
2.891351021E2,4.624950409E0,1.224000072E1,-4.540050030E0
2.891375457E2,3.373050213E0,1.027095032E1,-3.084000111E0
2.891399894E2,5.784000397E0,1.121700096E1,-5.068950176E0
2.891424328E2,6.949950218E0,1.188795090E1,-8.905050278E0
2.891448765E2,3.001950026E0,1.194300079E1,-9.939000130E0
2.891473201E2,1.122000098E0,8.548050880E0,-4.429950237E0
2.891497638E2,1.624950051E0,6.141000271E0,-1.252950072E0
2.891522073E2,6.387000084E0,9.108000755E0,-3.910050154E0
2.891546509E2,5.371950150E0,7.201950550E0,-5.728050232E0
2.891570946E2,2.578050137E0,5.629050255E0,-4.800000042E-2
2.891595381E2,2.479950190E0,5.416050434E0,2.400000095E0
2.891619818E2,3.196050167E0,8.593050003E0,-1.695000008E-2
2.891644254E2,5.082000256E0,5.611950397E0,-3.526950121E0
2.891668691E2,6.769500375E-1,6.565050125E0,-1.729050040E0
2.891693125E2,-1.960500032E-1,4.437000275E0,1.519500017E-1
2.891717562E2,5.227950096E0,4.834050179E0,-1.396050096E0
2.891741996E2,1.001895046E1,2.622000217E0,-7.123050213E0
2.891766433E2,5.355000019E0,3.342000246E0,-6.871950150E0
2.891790870E2,2.812050104E0,5.554950237E0,-2.910000086E0
2.891815306E2,4.548000336E0,6.141000271E0,7.930500507E-1
2.891839741E2,6.607050419E0,7.000950336E0,-2.313000202E0
2.891864178E2,5.451000214E0,6.724950314E0,-5.770950317E0
2.891888614E2,9.349500537E-1,7.633050442E0,-3.448050261E0
2.891913051E2,-1.000950098E0,7.501050472E0,-1.224000096E0
2.891937485E2,2.982000113E0,7.405050278E0,-1.566000104E0
2.891961922E2,6.507000446E0,7.513050556E0,-4.942050457E0
2.891986359E2,3.751050234E0,7.378950119E0,-3.384000063E0
2.892010795E2,3.390000165E-1,8.803950310E0,4.270500243E-1
2.892035230E2,1.759500057E-1,8.467950821E0,1.054050088E0
2.892059666E2,2.068050146E0,1.053705025E1,-7.429500222E-1
2.892084101E2,5.061000347E0,1.014900017E1,-3.799950123E0
2.892108538E2,1.243950009E0,8.715000153E0,-3.421950102E0
2.892132974E2,4.999500215E-1,8.548050880E0,2.479500175E-1
2.892157411E2,2.956050158E0,9.334950447E0,-6.210000515E-1
2.892181845E2,6.226950169E0,1.020405006E1,-2.779950142E0
2.892206282E2,5.937000275E0,8.602950096E0,-2.617050171E0
2.892230719E2,5.632950306E0,8.275050163E0,-1.240950108E0
2.892255153E2,5.290950298E0,1.057305050E1,-1.698000073E0
2.892279590E2,8.179950714E0,1.172205067E1,-5.713050365E0
2.892304026E2,3.583050251E0,1.208400059E1,-4.813050270E0
2.892328463E2,7.650000453E-1,1.233795071E1,3.430500031E-1
2.892352898E2,4.710000157E-1,1.244805050E1,1.200000048E0
2.892377335E2,1.633950114E0,1.380495071E1,4.800000191E-1
2.892401771E2,5.293050289E0,1.384800053E1,2.536050081E0
2.892426208E2,4.990950108E0,1.084605026E1,-2.127000093E0
2.892450643E2,4.299000263E0,9.502950668E0,-1.846050143E0
2.892475079E2,6.760950089E0,1.177995014E1,-2.661000013E0
2.892499516E2,6.169050217E0,1.290000057E1,-5.956950188E0
2.892523950E2,2.161050081E0,1.291200066E1,-3.610950232E0
2.892548387E2,6.360000372E-1,1.122900009E1,6.900000572E-1
2.892572823E2,1.810500026E-1,1.087200069E1,7.650000453E-1
2.892597258E2,1.813950062E0,1.161495018E1,1.165050030E0
2.892621695E2,6.141000271E0,1.097295094E1,7.050000429E-1
2.892646131E2,4.716000080E0,9.697050095E0,-4.473000050E0
2.892670568E2,1.120050073E0,8.478000641E0,-2.239050150E0
2.892695002E2,5.590500236E-1,6.393000126E0,-1.365000010E0
2.892719439E2,3.631050110E0,6.991050243E0,-6.439050198E0
2.892743875E2,3.624000072E0,7.599000454E0,-8.584050179E0
2.892768310E2,1.279950023E0,4.831950188E0,-6.501000404E0
2.892792747E2,1.951050043E0,3.466950178E0,-1.735950112E0
2.892817183E2,6.136050224E0,6.450000286E0,-1.155000091E0
2.892841620E2,5.170950413E0,5.698050499E0,-2.541000128E0
2.892866054E2,2.820000172E0,4.872000217E0,1.059000015E0
2.892890492E2,2.326050043E0,5.053950310E0,2.211000204E0
2.892914928E2,6.358050346E0,7.156050205E0,-3.930000067E-1
2.892939365E2,7.620000362E0,6.024000168E0,-5.656050205E0
2.892963799E2,3.615000248E0,4.659000397E0,-8.212950706E0
2.892988235E2,5.310000181E-1,4.705049992E0,-5.827950478E0
2.893012670E2,4.606050014E0,4.678050041E0,-2.139000177E0
2.893037107E2,9.154950142E0,4.894050121E0,-3.168000221E0
2.893061544E2,4.884000301E0,4.345950127E0,-3.154050112E0
2.893085980E2,2.920050144E0,6.157950401E0,1.156949997E0
2.893110415E2,3.397050142E0,6.721050262E0,1.315050006E0
2.893134852E2,6.765000343E0,8.374950409E0,-1.506000042E0
2.893159288E2,7.084050179E0,1.000995064E1,-4.971000195E0
2.893183725E2,1.974000096E0,1.092495060E1,-2.260950089E0
2.893208160E2,-2.970000207E-1,1.355205059E1,2.302050114E0
2.893232596E2,-2.779500186E-1,1.388205051E1,-2.490000129E-1
2.893257033E2,7.990500331E-1,1.301505089E1,1.005000062E-2
2.893281469E2,2.307000160E0,1.373595047E1,1.744050026E0
2.893305903E2,2.482050180E0,1.213395023E1,1.705950022E0
2.893330340E2,1.857000113E0,1.153605080E1,-1.012950063E0
2.893354775E2,5.824050426E0,1.396095085E1,-1.333950043E0
2.893379212E2,7.848000526E0,1.422705078E1,-9.891000748E0
2.893403649E2,2.938950062E0,1.372200108E1,-1.038000011E1
2.893428085E2,4.200000316E-2,1.370205021E1,-4.317000389E0
2.893452519E2,7.630500197E-1,1.277595043E1,2.455050230E0
2.893476956E2,2.178000212E0,1.510995102E1,1.351050019E0
2.893501392E2,2.346000195E0,1.356405067E1,-1.059000015E0
2.893525827E2,1.620000124E0,1.095405006E1,2.670000196E-1
2.893550264E2,1.004999995E0,1.000095081E1,3.769500256E-1
2.893574700E2,2.587050200E0,9.940950394E0,-1.681050062E0
2.893599137E2,3.768000126E0,9.772950172E0,-7.116000175E0
2.893623571E2,3.196050167E0,6.013950348E0,-7.678950310E0
2.893648008E2,7.800000310E-1,4.246950150E0,-5.005050182E0
2.893672445E2,2.440950155E0,4.483950138E0,-3.714000225E0
2.893696881E2,6.672000408E0,6.292050362E0,-5.179050446E0
2.893721316E2,6.138000488E0,3.895050287E0,-4.933050156E0
2.893745752E2,1.840050101E0,4.192049980E0,6.810000539E-1
2.893770189E2,2.134950161E0,5.796000481E0,2.539050102E0
2.893794624E2,3.910950184E0,8.763000488E0,1.570500135E-1
2.893819061E2,8.152050018E0,4.056000233E0,-3.958050251E0
2.893843497E2,3.334050179E0,5.332050323E0,-4.801050186E0
2.893867931E2,1.381050110E0,4.060950279E0,-4.075950146E0
2.893892368E2,6.514050484E0,4.180050373E0,-3.052950144E0
2.893916804E2,1.007895088E1,3.385050058E0,-6.613050461E0
2.893941241E2,5.671050072E0,4.087049961E0,-5.998050213E0
2.893965676E2,4.465050220E0,3.844950199E0,-2.488050222E0
2.893990113E2,5.949000359E0,4.714050293E0,5.640000105E-1
2.894014549E2,9.246000290E0,3.961950302E0,-2.787000179E0
2.894038986E2,7.096050262E0,6.156000137E0,-4.498950005E0
2.894063420E2,2.880000114E0,7.915050507E0,-3.369000196E0
2.894087857E2,6.430500150E-1,9.286950111E0,2.227950096E0
2.894112293E2,2.347950220E0,9.076950073E0,4.006950378E0
2.894136728E2,5.563950062E0,9.259050369E0,-1.055999994E0
2.894161164E2,4.656000137E0,1.036200047E1,-5.320950031E0
2.894185601E2,8.299500346E-1,1.085595036E1,-2.614950180E0
2.894210036E2,-1.819500029E-1,9.691950798E0,9.829500318E-1
2.894234473E2,5.119500160E-1,1.275195026E1,2.119500041E-1
2.894258910E2,3.325050116E0,1.350105095E1,-2.242050171E0
2.894283346E2,2.719050169E0,1.258905029E1,-3.264000177E0
2.894307781E2,2.197050095E0,1.112895012E1,1.210500076E-1
2.894332217E2,9.310500622E-1,1.150395012E1,-1.675950050E0
2.894356653E2,3.181050062E0,1.355400085E1,-1.855950117E0
2.894381090E2,5.212050438E0,1.436805058E1,-3.429000139E0
2.894405525E2,2.578050137E0,1.072395039E1,-2.020950079E0
2.894429961E2,1.021950006E0,1.241700077E1,1.204950094E0
2.894454398E2,2.167950153E0,1.372905064E1,-6.919500232E-1
2.894478832E2,3.829950094E0,1.379100037E1,-5.779500008E-1
2.894503269E2,2.266950130E0,1.344105053E1,-4.171050072E0
2.894527706E2,6.379500031E-1,1.101405048E1,-7.380000353E-1
2.894552142E2,-3.250500262E-1,9.816000938E0,1.837050080E0
2.894576577E2,1.737000108E0,9.663000107E0,1.567050099E0
2.894601013E2,4.918950081E0,9.844950676E0,-6.967950344E0
2.894625448E2,3.504000187E0,7.932000160E0,-6.798000336E0
2.894649885E2,1.170000076E0,7.606950283E0,-1.653000116E0
2.894674322E2,2.197050095E0,8.236050606E0,4.510500133E-1
2.894698758E2,5.554050446E0,8.836950302E0,-3.691950083E0
2.894723193E2,4.885950089E0,8.092950821E0,-4.532999992E0
2.894747629E2,1.183950067E0,5.526000500E0,-2.412000179E0
2.894772066E2,4.609500170E-1,3.802050114E0,3.889500201E-1
2.894796503E2,2.956050158E0,6.658050537E0,-1.390500069E-1
2.894820937E2,4.345050335E0,5.047050476E0,-4.557000160E0
2.894845374E2,2.953950167E0,3.759000063E0,-3.688050270E0
2.894869810E2,3.420000076E-1,4.492050171E0,-1.552050114E0
2.894894247E2,2.379000187E0,4.225950241E0,-2.413950205E0
2.894918682E2,6.970950127E0,4.683000088E0,-4.597949982E0
2.894943118E2,4.965000153E0,4.429050446E0,-4.629000187E0
2.894967555E2,1.515000105E0,5.023050308E0,-3.361950159E0
2.894991989E2,3.591000080E0,3.594000101E0,-3.871950150E0
2.895016426E2,9.069000244E0,3.085950136E0,-4.474950314E0
2.895040862E2,8.599050522E0,3.169950247E0,-6.682950497E0
2.895065297E2,2.094000101E0,4.027050018E0,-4.353000164E0
2.895089734E2,2.484000206E0,3.745050192E0,-1.060950041E0
2.895114171E2,6.523950100E0,3.321000099E0,-1.129500046E-1
2.895138607E2,1.006695080E1,4.579950333E0,-5.139000416E0
2.895163042E2,6.070950508E0,6.217950344E0,-7.768050194E0
2.895187479E2,1.201050043E0,8.977950096E0,-3.424050093E0
2.895211915E2,1.350000024E0,8.485050201E0,2.035950184E0
2.895236352E2,2.875050068E0,9.388050079E0,3.844050169E0
2.895260786E2,6.445050240E0,1.061895084E1,4.609500170E-1
2.895285222E2,5.298000336E0,1.081695080E1,-3.253950119E0
2.895309659E2,1.567050099E0,9.970050812E0,-1.063950062E0
2.895334094E2,3.610500097E-1,9.115050316E0,4.489500225E-1
2.895358531E2,3.294000149E0,1.183200073E1,-6.730500460E-1
2.895382967E2,5.713950157E0,1.239495087E1,-6.604050159E0
2.895407402E2,3.547950268E0,1.105905056E1,-2.938050032E0
2.895431839E2,1.024049997E0,1.160295010E1,1.642950058E0
2.895456275E2,1.723050117E0,1.320000076E1,-2.850000262E-1
2.895480712E2,4.089000225E0,1.733505058E1,-9.060000181E-1
2.895505146E2,4.057950020E0,1.386795044E1,-6.010500193E-1
2.895529583E2,1.396950126E0,9.085950851E0,-6.949500442E-1
2.895554020E2,7.609500289E-1,1.212900066E1,-2.512050152E0
2.895578456E2,1.918950081E0,1.588605118E1,-4.960500300E-1
2.895602891E2,1.498050094E0,1.433205032E1,1.500000060E-2
2.895627327E2,4.680000246E-1,1.238805103E1,-3.000000119E-1
2.895651764E2,8.590500355E-1,1.225095081E1,-7.005000114E-2
2.895676199E2,2.749500275E-1,1.436100101E1,-5.130000114E-1
2.895700636E2,1.089000106E0,1.330305099E1,1.150050044E0
2.895725072E2,9.090000391E-1,1.230900097E1,2.005050182E0
2.895749506E2,2.805000171E-2,1.153605080E1,5.470499992E-1
2.895773943E2,-2.269500047E-1,1.026900005E1,8.200500607E-1
2.895798380E2,5.160000324E-1,9.595950127E0,2.575050116E0
2.895822816E2,1.768950105E0,1.068795013E1,1.878000140E0
2.895847251E2,1.888050079E0,1.054005051E1,7.480500340E-1
2.895871688E2,1.812000036E0,8.518950462E0,1.392000079E0
2.895896124E2,1.471950054E0,7.015050411E0,1.192950010E0
2.895920561E2,2.080049992E0,7.657050133E0,1.155000091E0
2.895944996E2,1.192500019E1,6.919050217E0,2.380500138E-1
2.895969432E2,7.924050331E0,5.542950153E0,-1.749105072E1
2.895993869E2,4.057950020E0,5.811000347E0,-1.672500038E1
2.896018303E2,3.652950287E0,6.534000397E0,-1.432500076E1
2.896042740E2,7.711050510E0,7.732950211E0,-9.838950157E0
2.896067176E2,7.110000134E0,8.634000778E0,-6.229950428E0
2.896091611E2,3.270000219E0,7.828950405E0,-3.600000143E-1
2.896116048E2,3.037950039E0,7.477050304E0,4.828050137E0
2.896140484E2,6.174000263E0,8.674050331E0,5.425950050E0
2.896164921E2,1.026300049E1,8.884950638E0,-4.429500103E-1
2.896189355E2,8.944050789E0,8.527950287E0,-6.910050392E0
2.896213792E2,4.326000214E0,8.341950417E0,-9.259050369E0
2.896238228E2,2.536950111E0,8.923050880E0,-4.722000122E0
2.896262665E2,4.963050365E0,1.023105049E1,-3.142050266E0
2.896287100E2,5.602050304E0,1.105395031E1,-4.159049988E0
2.896311536E2,2.202000141E0,1.152795029E1,-1.909050107E0
2.896335973E2,6.739500165E-1,1.114500046E1,2.280000210E0
2.896360408E2,2.790000141E-1,1.316400051E1,1.920000017E-1
2.896384845E2,2.607000113E0,1.276095104E1,8.080500364E-1
2.896409281E2,3.547950268E0,1.210305023E1,1.876050115E0
2.896433718E2,2.245050192E0,1.142805099E1,-3.280500174E-1
2.896458152E2,1.699050069E0,1.040100002E1,-1.009500027E-1
2.896482589E2,1.612950087E0,1.158600044E1,-5.970000029E-1
2.896507026E2,4.074000359E0,1.319700050E1,-1.420500129E-1
2.896531460E2,3.325050116E0,1.156005096E1,-4.650000095E0
2.896555897E2,8.970000148E-1,9.486000061E0,-2.437950134E0
2.896580333E2,-2.100000158E-2,9.052950859E0,-1.680000126E-1
2.896604770E2,1.792950034E0,1.088205051E1,-9.319500327E-1
2.896629205E2,2.914950132E0,1.112400055E1,-3.814950228E0
2.896653641E2,1.258950114E0,9.249000549E0,-1.702950120E0
2.896678078E2,7.800000161E-2,5.695950508E0,2.058000088E0
2.896702512E2,1.810500026E-1,4.357950211E0,1.105050087E0
2.896726949E2,4.254000187E0,9.748950005E0,-2.287050009E0
2.896751385E2,4.696950436E0,1.120995045E1,-5.140950203E0
2.896775822E2,2.736000061E0,7.791000366E0,-3.991950274E0
2.896800257E2,3.130500019E-1,8.755949974E0,-1.827000141E0
2.896824693E2,1.182000041E0,9.583950043E0,4.750500321E-1
2.896849129E2,3.157050133E0,8.943000793E0,-9.990000725E-1
2.896873566E2,4.114950180E0,7.621050358E0,-4.758000374E0
2.896898001E2,2.884050131E0,6.414000511E0,-4.336950302E0
2.896922437E2,2.676000118E0,5.824950218E0,-2.236950159E0
2.896946874E2,5.238000393E0,7.321950436E0,-2.581950188E0
2.896971309E2,7.204050541E0,8.478000641E0,-5.062050343E0
2.896995746E2,4.500000000E0,8.133000374E0,-5.847000122E0
2.897020182E2,1.456950068E0,6.655950546E0,-2.004000187E0
2.897044619E2,1.965000153E0,5.764950275E0,1.207950115E0
2.897069053E2,5.961000443E0,7.123050213E0,1.690500081E-1
2.897093490E2,7.255950451E0,6.907050133E0,-3.630000114E0
2.897117927E2,5.197050095E0,7.554000378E0,-3.955950260E0
2.897142361E2,3.508950233E0,6.000000477E0,-4.180950165E0
2.897166798E2,4.383000374E0,8.104949951E0,-7.950000167E-1
2.897191234E2,6.817950249E0,9.598950386E0,-2.305950165E0
2.897215671E2,4.735050201E0,1.038195038E1,-3.798000097E0
2.897240106E2,1.174950004E0,1.022100067E1,-2.670000076E0
2.897264542E2,-2.419500053E-1,8.822999954E0,1.690950036E0
2.897288979E2,2.953950167E0,1.046295071E1,-3.070500195E-1
2.897313414E2,7.017000198E0,1.248405075E1,-5.088000298E0
2.897337850E2,5.443950176E0,1.177695084E1,-6.348000526E0
2.897362287E2,1.218000054E0,1.210800076E1,-1.573950052E0
2.897386724E2,4.540500343E-1,1.087500095E1,1.945050120E0
2.897411158E2,1.168050051E0,1.351305103E1,-1.666950107E0
2.897435595E2,2.626050234E0,1.464600086E1,-2.539499998E-1
2.897460031E2,2.953950167E0,1.221105099E1,6.670500040E-1
2.897484466E2,1.869000077E0,1.044405079E1,-7.330500484E-1
2.897508903E2,2.319000006E0,1.130805016E1,-2.323050022E0
2.897533339E2,4.182000160E0,1.180095100E1,-5.289000034E0
2.897557776E2,2.653950214E0,1.240005016E1,-6.364050388E0
2.897582211E2,1.134000063E0,1.109700012E1,-2.433000088E0
2.897606647E2,6.600000262E-1,8.907000542E0,1.354050040E0
2.897631084E2,3.897000074E0,7.615950584E0,1.609950066E0
2.897655521E2,6.991050243E0,6.273000240E0,-2.269950151E0
2.897679955E2,6.955050468E0,6.673050404E0,-5.953050137E0
2.897704392E2,2.947050095E0,6.973950386E0,-3.100950241E0
2.897728828E2,1.717950106E0,6.808950424E0,1.191000104E0
2.897753263E2,2.664000034E0,9.028950691E0,2.860500216E-1
2.897777700E2,2.425050020E0,1.074105072E1,-5.059500337E-1
2.897802136E2,1.170000076E0,9.742050171E0,-1.939950109E0
2.897826571E2,-2.340000123E-1,6.181950092E0,9.010500312E-1
2.897851007E2,3.180000186E-1,5.434950352E0,5.800500512E-1
2.897875444E2,2.358000040E0,9.574950218E0,-1.854000092E0
2.897899881E2,3.315000057E0,8.236050606E0,-4.135050297E0
2.897924315E2,2.929950237E0,5.832000256E0,-4.504050255E0
2.897948752E2,2.628000021E0,5.112000465E0,-3.111000061E0
2.897973188E2,2.013000011E0,5.332050323E0,-9.010500312E-1
2.897997625E2,3.306000233E0,5.932950497E0,-1.009500027E-1
2.898022060E2,3.684000254E0,5.449050426E0,-5.680500269E-1
2.898046497E2,3.283950090E0,5.200050354E0,-1.186050057E0
2.898070933E2,2.604000092E0,4.099050045E0,-1.195050001E0
2.898095368E2,3.804000139E0,4.627950191E0,-3.619500101E-1
2.898119805E2,6.076050282E0,6.196050167E0,-2.530950069E0
2.898144241E2,4.231950283E0,7.396050453E0,-3.499050140E0
2.898168678E2,1.029000044E0,7.345950127E0,-2.215050220E0
2.898193113E2,1.189500093E-1,5.761050224E0,3.705000132E-2
2.898217549E2,2.901000023E0,7.068000317E0,1.596000075E0
2.898241986E2,6.133050442E0,7.920000553E0,-1.672050118E0
2.898266420E2,5.053950310E0,7.530000210E0,-3.036000252E0
2.898290857E2,1.455000043E0,6.559950352E0,-1.528050065E0
2.898315294E2,3.769500256E-1,8.914050102E0,1.894950032E0
2.898339730E2,2.745000124E0,1.193100071E1,2.569500208E-1
2.898364165E2,4.872000217E0,1.258200073E1,-4.012950420E0
2.898388602E2,4.234950066E0,1.094400024E1,-3.937050104E0
2.898413038E2,3.109050035E0,1.060905075E1,-2.224950075E0
2.898437475E2,1.978950143E0,1.220100021E1,3.100500107E-1
2.898461909E2,3.793950081E0,1.365000057E1,3.030000031E-1
2.898486346E2,5.068050385E0,1.400895023E1,-2.416050196E0
2.898510783E2,3.994950294E0,1.171995068E1,-2.677050114E0
2.898535217E2,3.129000187E0,1.062600040E1,-1.618950129E0
2.898559654E2,5.401050091E0,1.120005035E1,-2.529000044E0
2.898584090E2,6.837000370E0,1.265100098E1,-5.329950333E0
2.898608527E2,3.997950077E0,1.375995064E1,-6.489000320E0
2.898632962E2,1.563000083E0,1.250295067E1,-2.122050047E0
2.898657399E2,7.609500289E-1,1.044405079E1,1.018050075E0
2.898681835E2,2.259000063E0,1.109295082E1,1.428000093E0
2.898706270E2,5.446050167E0,1.297200108E1,-1.075950027E0
2.898730707E2,5.599050045E0,1.057995033E1,-4.729050159E0
2.898755143E2,2.461050034E0,1.028295040E1,-3.553950071E0
2.898779580E2,1.459950089E0,9.112950325E0,-1.024950027E0
2.898804014E2,3.993000269E0,1.047495079E1,-4.150500298E-1
2.898828450E2,5.905950069E0,1.091805077E1,-4.966050148E0
2.898852887E2,3.721950293E0,9.910050392E0,-5.212950230E0
2.898877322E2,2.938950062E0,8.928000450E0,-2.886000156E0
2.898901759E2,3.910950184E0,8.173950195E0,-7.519500256E-1
2.898926195E2,5.230950356E0,8.706000328E0,9.195000678E-2
2.898950630E2,4.804950237E0,8.956950188E0,-1.630500108E-1
2.898975067E2,2.827050209E0,8.657999992E0,-4.170000255E-1
2.898999503E2,2.635050058E0,8.233950615E0,-1.027950048E0
2.899023940E2,3.615000248E0,6.826050282E0,-1.924950123E0
2.899048377E2,5.551950455E0,8.458950043E0,-2.452050209E0
2.899072811E2,6.519000530E0,9.244050026E0,-6.103950500E0
2.899097247E2,4.183950424E0,9.091050148E0,-5.992950439E0
2.899121684E2,2.839050055E0,7.851000309E0,-3.276000261E0
2.899146119E2,2.880000114E0,7.864950180E0,4.819500148E-1
2.899170556E2,5.515950203E0,9.558000565E0,1.600050092E0
2.899194992E2,5.511000156E0,1.002195072E1,-5.659500360E-1
2.899219429E2,3.430050135E0,8.923050880E0,-2.541000128E0
2.899243863E2,1.761000037E0,8.647950172E0,-3.441000223E0
2.899268300E2,1.156050086E0,8.413050652E0,-1.735950112E0
2.899292736E2,2.523000002E0,1.035000038E1,-1.545000076E0
2.899317171E2,3.805950165E0,9.754050255E0,-3.264000177E0
2.899341608E2,2.326050043E0,8.947050095E0,-2.485950232E0
2.899366044E2,1.042950034E0,8.241000175E0,-5.629500151E-1
2.899390481E2,1.219950080E0,8.569050789E0,1.549950123E0
2.899414916E2,2.614050150E0,1.023105049E1,-1.849500090E-1
2.899439352E2,6.315000534E0,1.055895042E1,-1.441950083E0
2.899463789E2,4.623000145E0,8.421000481E0,-3.778950214E0
2.899488223E2,3.238950253E0,8.871000290E0,-3.264000177E0
2.899512660E2,3.661950111E0,9.631950378E0,-2.078999996E0
2.899537096E2,5.611050129E0,1.080795097E1,-3.292950153E0
2.899561533E2,5.856000423E0,1.067595005E1,-5.436000347E0
2.899585968E2,3.040050030E0,9.790050507E0,-3.304950237E0
2.899610405E2,1.702050090E0,9.448050499E0,5.400000140E-2
2.899634841E2,4.567049980E0,1.005600071E1,6.190500259E-1
2.899659278E2,7.042950153E0,1.140405083E1,-2.950050116E0
2.899683713E2,4.948050022E0,1.142100048E1,-5.779950142E0
2.899708149E2,1.764000058E0,1.047495079E1,-3.793050289E0
2.899732586E2,1.170000076E0,9.486000061E0,-2.140500098E-1
2.899757020E2,4.630050182E0,1.068600082E1,2.950500250E-1
2.899781457E2,7.881000519E0,1.145205021E1,-4.851000309E0
2.899805893E2,5.494050026E0,1.108500099E1,-6.838950157E0
2.899830330E2,2.520000219E0,9.619950294E0,-4.189949989E0
2.899854765E2,1.795050144E0,9.160050392E0,-5.869500041E-1
2.899879202E2,3.865950108E0,9.970050812E0,4.270500243E-1
2.899903638E2,4.387950420E0,1.021395016E1,-1.981050134E0
2.899928074E2,3.061050177E0,9.699000359E0,-3.441000223E0
2.899952509E2,2.461050034E0,8.470950127E0,-2.785050154E0
2.899976945E2,3.184050083E0,8.052000046E0,-2.220000029E0
2.900001382E2,4.654050350E0,8.986050606E0,-2.914050102E0
2.900025817E2,3.550050259E0,9.807000160E0,-3.427050114E0
2.900050254E2,1.809000134E0,9.091050148E0,-2.184000015E0
2.900074690E2,1.024049997E0,6.910050392E0,2.520000041E-1
2.900099124E2,1.194000006E0,6.702000141E0,-5.595000088E-2
2.900123561E2,1.876050115E0,8.715000153E0,-1.573950052E0
2.900147998E2,2.391000032E0,7.681050301E0,-3.664050102E0
2.900172434E2,2.322000027E0,6.916950226E0,-4.942050457E0
2.900196869E2,1.114950061E0,5.944950104E0,-3.304950237E0
2.900221306E2,4.920000136E-1,6.016950130E0,4.729500115E-1
2.900245742E2,1.423950076E0,8.277000427E0,1.198050022E0
2.900270179E2,2.101050138E0,7.540050507E0,-8.670000434E-1
2.900294614E2,3.538050175E0,5.839950085E0,-3.477000237E0
2.900319051E2,3.421050072E0,4.729050159E0,-4.225950241E0
2.900343487E2,3.046950102E0,5.161950111E0,-2.929050207E0
2.900367921E2,3.262950182E0,6.261000156E0,-1.285950065E0
2.900392358E2,5.037000179E0,6.139050484E0,-1.825050116E0
2.900416794E2,5.520000458E0,5.986050129E0,-2.799000025E0
2.900441231E2,5.815050125E0,7.774050236E0,-3.853050232E0
2.900465666E2,3.639000177E0,7.996950150E0,-2.706000090E0
2.900490103E2,4.972050190E0,1.024995041E1,-1.327050090E0
2.900514539E2,6.540000439E0,1.063800049E1,-2.910000086E0
2.900538976E2,4.491000175E0,1.111395073E1,-3.736050129E0
2.900563411E2,2.338050127E0,1.060200024E1,-3.052950144E0
2.900587847E2,9.930000305E-1,9.570000648E0,-3.000000026E-3
2.900612284E2,1.612950087E0,1.136595058E1,1.191000104E0
2.900636719E2,4.714050293E0,1.352295017E1,-1.341000080E0
2.900661155E2,5.068050385E0,1.259100056E1,-3.163050175E0
2.900685592E2,3.327000141E0,1.147305012E1,-1.657050133E0
2.900710029E2,2.358000040E0,1.261500072E1,1.849500090E-1
2.900734463E2,2.134950161E0,1.432005024E1,-1.717050076E0
2.900758899E2,2.392950058E0,1.490895081E1,-1.159050107E0
2.900783336E2,2.109000206E0,1.243095016E1,6.379500031E-1
2.900807771E2,1.282950044E0,1.051995087E1,-5.749500394E-1
2.900832208E2,1.165050030E0,1.071705055E1,-3.070500195E-1
2.900856644E2,1.464000106E0,1.253400040E1,-1.995000057E-2
2.900881081E2,3.033000231E0,1.285200024E1,4.150500298E-1
2.900905516E2,2.568000078E0,1.115700054E1,6.090000272E-1
2.900929953E2,1.342050076E0,9.544050217E0,8.320500255E-1
2.900954389E2,5.929500461E-1,8.557050705E0,4.290000200E-1
2.900978823E2,1.147950053E0,9.448050499E0,3.529500067E-1
2.901003260E2,2.865000248E0,1.096800041E1,1.825050116E0
2.901027696E2,3.234000206E0,9.289950371E0,2.266050100E0
2.901052133E2,2.664000034E0,7.282950401E0,-3.190050125E0
2.901076570E2,2.331000090E0,7.390950203E0,-5.895000458E0
2.901101005E2,3.691050291E0,1.001805019E1,-7.351050377E0
2.901125441E2,3.849000216E0,1.111695099E1,-5.416050434E0
2.901149878E2,1.393050075E0,9.285000801E0,-1.119000077E0
2.901174312E2,8.710500598E-1,7.852950573E0,1.690950036E0
2.901198749E2,2.121000051E0,7.591950417E0,2.890950203E0
2.901223186E2,5.353050232E0,9.739950180E0,2.790000141E-1
2.901247620E2,7.414050579E0,8.617050171E0,-5.224950314E0
2.901272057E2,5.419950485E0,7.501050472E0,-9.052950859E0
2.901296493E2,3.307950258E0,7.894050598E0,-8.236949921E0
2.901320930E2,2.947050095E0,7.792950153E0,-4.357950211E0
2.901345365E2,3.229050159E0,9.036000252E0,-5.440500379E-1
2.901369801E2,3.646050215E0,9.364050865E0,-7.950000465E-3
2.901394238E2,3.142950058E0,7.867950439E0,8.530500531E-1
2.901418672E2,3.804000139E0,5.940000057E0,4.870500267E-1
2.901443109E2,5.038950443E0,6.223050117E0,-2.458950043E0
2.901467546E2,5.206950188E0,7.840950489E0,-4.360050201E0
2.901491982E2,3.760950089E0,9.283050537E0,-5.608050346E0
2.901516417E2,2.596950054E0,9.438000679E0,-5.143050194E0
2.901540854E2,2.425050020E0,8.188050270E0,-2.656050205E0
2.901565290E2,3.945000172E0,8.892000198E0,-7.759500146E-1
2.901589727E2,4.669950008E0,8.617050171E0,6.259500384E-1
2.901614162E2,3.624000072E0,9.910050392E0,9.195000678E-2
2.901638598E2,3.319950104E0,9.274950027E0,-2.730000019E0
2.901663035E2,1.879050136E0,9.226950645E0,-2.395050049E0
2.901687469E2,8.989500403E-1,9.196050644E0,-9.220500588E-1
2.901711906E2,1.263000011E0,1.002495003E1,7.304999977E-2
2.901736343E2,2.173050165E0,1.150395012E1,-4.510500133E-1
2.901760779E2,3.121050119E0,1.153095055E1,3.405000269E-2
2.901785214E2,4.302000046E0,9.582000732E0,-1.747950077E0
2.901809651E2,4.893000126E0,9.642000198E0,-3.063000202E0
2.901834087E2,4.005000114E0,1.088400078E1,-2.890050173E0
2.901858524E2,2.619000196E0,1.102605057E1,-9.799500704E-1
2.901882959E2,2.868000031E0,1.063995075E1,-1.156949997E0
2.901907395E2,4.216050148E0,1.018500042E1,-2.078999996E0
2.901931832E2,3.210000038E0,9.313950539E0,-2.653050184E0
2.901956266E2,2.379000187E0,9.261000633E0,-1.296000004E0
2.901980703E2,3.696000099E0,8.313000679E0,-2.590500116E-1
2.902005139E2,6.277050495E0,7.903050423E0,-2.457000017E0
2.902029576E2,6.616950512E0,9.274950027E0,-4.873050213E0
2.902054011E2,3.247950077E0,8.875950813E0,-2.610000134E0
2.902078447E2,2.527950048E0,8.764950752E0,5.470499992E-1
2.902102884E2,4.414050102E0,1.001295090E1,1.690500081E-1
2.902127321E2,5.218950272E0,1.000605011E1,-2.032950163E0
2.902151756E2,4.632000446E0,9.991050720E0,-4.891950130E0
2.902176192E2,2.547000170E0,8.513999939E0,-4.324950218E0
2.902200629E2,2.202000141E0,8.659950256E0,-1.695000008E-2
2.902225063E2,4.615050316E0,9.081000328E0,3.460500240E-1
2.902249500E2,7.048050404E0,9.691950798E0,-3.091950178E0
2.902273936E2,4.584000111E0,9.667950630E0,-5.593950272E0
2.902298371E2,1.783050060E0,9.424050331E0,-4.960950375E0
2.902322808E2,1.048050046E0,8.325000763E0,-1.317000031E0
2.902347244E2,3.016050100E0,8.653050423E0,6.550500393E-1
2.902371681E2,4.804950237E0,8.911050797E0,-7.879500389E-1
2.902396118E2,4.663050175E0,8.377950668E0,-2.847000122E0
2.902420552E2,3.226950169E0,7.369950294E0,-4.537950039E0
2.902444989E2,2.282999992E0,6.463950157E0,-2.965050220E0
2.902469426E2,3.004050255E0,7.027050495E0,-2.122050047E0
2.902493860E2,4.435950279E0,8.452050209E0,-4.593000412E0
2.902518297E2,3.799050093E0,7.719000340E0,-5.365950108E0
2.902542733E2,2.155950069E0,5.964000225E0,-4.264950275E0
2.902567168E2,1.077000022E0,4.788000107E0,-1.521000028E0
2.902591604E2,3.181050062E0,6.274950504E0,3.360000253E-1
2.902616041E2,4.684950352E0,6.952950478E0,-7.429500222E-1
2.902640478E2,5.167950153E0,6.601050377E0,-2.938050032E0
2.902664914E2,2.808000088E0,5.940000057E0,-3.240000248E0
2.902689349E2,1.077000022E0,5.485050201E0,-1.800000072E-1
2.902713785E2,2.377050161E0,7.702050209E0,2.419050217E0
2.902738222E2,4.809000015E0,8.112000465E0,7.930500507E-1
2.902762657E2,5.656950474E0,8.770050049E0,-1.489950061E0
2.902787094E2,3.921000242E0,8.097000122E0,-2.341950178E0
2.902811530E2,1.680000067E0,8.230950356E0,-1.413000107E0
2.902835965E2,5.760000348E-1,9.868950844E0,1.050000079E-3
2.902860401E2,1.275000095E0,1.311105061E1,-8.895000070E-2
2.902884838E2,3.093000174E0,1.412595081E1,-2.639999986E-1
2.902909275E2,3.097050190E0,1.310400105E1,5.920500159E-1
2.902933709E2,1.966950059E0,1.187100029E1,-3.430500031E-1
2.902958145E2,1.984050035E0,1.346295071E1,-9.169500470E-1
2.902982582E2,3.423000097E0,1.496205044E1,-1.600050092E0
2.903007017E2,3.733950138E0,1.475595093E1,-4.549500346E-1
2.903031454E2,3.387000084E0,1.410000038E1,-7.159500122E-1
2.903055891E2,2.677950144E0,1.268205070E1,-2.373000145E0
2.903080327E2,2.128050089E0,1.446105099E1,-3.396000147E0
2.903104762E2,1.809000134E0,1.537605095E1,-4.782000065E0
2.903129198E2,1.888050079E0,1.423905087E1,-3.229950190E0
2.903153635E2,1.872000098E0,1.343400097E1,-3.292950153E0
2.903178072E2,1.282950044E0,1.140600014E1,-1.518000126E0
2.903202506E2,1.132050037E0,1.024005032E1,4.990500212E-1
2.903226942E2,4.026000023E0,1.041300011E1,1.900500059E-1
2.903251379E2,7.113000393E0,9.727950096E0,-2.461950064E0
2.903275814E2,7.182000160E0,8.209950447E0,-6.142050266E0
2.903300251E2,5.188050270E0,7.422000408E0,-7.143000126E0
2.903324688E2,2.959050179E0,7.575000286E0,-4.677000046E0
2.903349124E2,2.857950211E0,6.666000366E0,-2.698950052E0
2.903373559E2,4.275000095E0,6.522000313E0,-1.284000039E0
2.903397996E2,4.318050385E0,4.594950199E0,-9.409500360E-1
2.903422432E2,5.025000095E0,4.101000309E0,-2.224950075E0
2.903446869E2,4.705950260E0,3.417000055E0,-3.654000282E0
2.903471303E2,4.804950237E0,4.495950222E0,-1.399050117E0
2.903495739E2,5.212050438E0,5.353950024E0,-1.222050071E0
2.903520176E2,5.209050179E0,5.128050327E0,-2.440050125E0
2.903544611E2,4.596000195E0,5.503950119E0,-3.633000135E0
2.903569048E2,4.736999989E0,4.414950371E0,-5.083950043E0
2.903593484E2,3.262950182E0,4.434000015E0,-4.834950447E0
2.903617921E2,4.105050087E0,4.225950241E0,-2.044950008E0
2.903642355E2,5.149050236E0,3.450000048E0,-3.760500252E-1
2.903666792E2,5.527950287E0,3.961950302E0,5.370000005E-1
2.903691229E2,3.910950184E0,3.520050049E0,1.536000013E0
2.903715665E2,3.772950172E0,5.040000439E0,2.706000090E0
2.903740100E2,4.632000446E0,6.883050442E0,1.618950129E0
2.903764536E2,3.841950178E0,7.831950188E0,9.130500555E-1
2.903788973E2,2.733000040E0,9.220050812E0,1.287000060E0
2.903813408E2,2.512950182E0,9.364050865E0,-2.152950048E0
2.903837845E2,1.515000105E0,9.487950325E0,-4.305000305E0
2.903862282E2,6.310500503E-1,1.092000008E1,-2.055000067E0
2.903886718E2,8.440500498E-1,1.206495094E1,1.513950109E0
2.903911152E2,1.620000124E0,1.334295082E1,2.089500129E-1
2.903935589E2,2.926950216E0,1.435095024E1,-4.080000222E-1
2.903960025E2,2.755050182E0,1.234995079E1,4.770000279E-1
2.903984462E2,1.789950132E0,1.087695026E1,-1.068000078E0
2.904008897E2,2.215950012E0,1.247895050E1,-2.695950031E0
2.904033334E2,3.700950146E0,1.379595089E1,-7.399500608E-1
2.904057770E2,4.219950199E0,1.152105045E1,4.680000246E-1
2.904082205E2,2.860050201E0,1.041495037E1,-3.958050251E0
2.904106642E2,4.302000046E0,1.221105099E1,-3.546000242E0
2.904131078E2,5.704950333E0,1.331205082E1,-5.541000366E0
2.904155515E2,5.362050056E0,1.493805027E1,-3.622950077E0
2.904179949E2,6.607050419E0,1.371000099E1,-2.521950006E0
2.904204385E2,4.891050339E0,1.233495045E1,-1.054050088E0
2.904228822E2,5.202000141E0,1.212195015E1,1.087950110E0
2.904253259E2,6.469050407E0,1.138200092E1,-2.782950163E0
2.904277694E2,7.468950272E0,1.041300011E1,-5.862000465E0
2.904302131E2,6.294000149E0,9.591000557E0,-7.771950245E0
2.904326567E2,3.880050182E0,8.775000572E0,-6.606000423E0
2.904351002E2,1.648950100E0,7.651950359E0,-3.328950167E0
2.904375439E2,2.451000214E0,7.699950218E0,1.270050049E0
2.904399875E2,3.603000164E0,8.350950241E0,1.962000132E0
2.904424312E2,3.753000259E0,7.669050217E0,1.177050114E0
2.904448746E2,3.574050188E0,7.882050514E0,1.318050027E0
2.904473182E2,3.223950148E0,6.760950089E0,2.095950127E0
2.904497619E2,4.612950325E0,7.177950382E0,7.549500465E-1
2.904522056E2,5.626050472E0,8.822999954E0,6.900000572E-1
2.904546491E2,4.917000294E0,9.618000031E0,-2.700000070E-2
2.904570928E2,4.431000233E0,1.118595028E1,5.659500360E-1
2.904595364E2,3.093000174E0,1.004400063E1,-6.079950333E0
2.904619799E2,1.399950027E0,8.370000839E0,-7.768050194E0
2.904644235E2,2.100000158E-2,8.806050301E0,-5.292000294E0
2.904668672E2,2.770500183E-1,9.975000381E0,-3.136950254E0
2.904693109E2,9.930000305E-1,1.093005085E1,-1.558950067E0
2.904717543E2,1.869000077E0,8.962050438E0,-4.530000091E-1
2.904741979E2,1.411950111E0,9.076950073E0,-2.040000111E-1
2.904766416E2,1.258950114E0,9.775950432E0,-1.939500123E-1
2.904790851E2,1.812000036E0,1.047300053E1,-4.890000224E-1
2.904815288E2,3.921000242E0,1.096605015E1,-1.248000026E0
2.904839724E2,4.174950123E0,9.201000214E0,-4.837050438E0
2.904864161E2,4.009950161E0,6.160050392E0,-4.935000420E0
2.904888595E2,3.784950256E0,6.667950153E0,-3.477000237E0
2.904913032E2,4.093050003E0,7.855950356E0,-3.427050114E0
2.904937469E2,4.162950039E0,7.546950340E0,-4.300950050E0
2.904961906E2,3.720000267E0,6.790050507E0,-3.811950207E0
2.904986340E2,3.837000132E0,5.236050129E0,-2.434950113E0
2.905010777E2,2.880000114E0,4.726050377E0,-2.670000076E0
2.905035213E2,2.901000023E0,5.377050400E0,-3.793050289E0
2.905059648E2,5.110950470E0,5.230950356E0,-4.741050243E0
2.905084085E2,5.805000305E0,5.248050213E0,-3.376050234E0
2.905108521E2,4.503000259E0,4.582950115E0,-2.818950176E0
2.905132958E2,3.265050173E0,3.727950096E0,-3.834000111E0
2.905157395E2,3.804000139E0,4.603950024E0,-2.434950113E0
2.905181829E2,5.032050133E0,4.573050022E0,-2.914050102E0
2.905206266E2,5.848050117E0,3.970050097E0,-4.624050140E0
2.905230702E2,3.907050133E0,2.839950085E0,-3.184950113E0
2.905255137E2,9.379500151E-1,1.237950087E0,-3.769050121E0
2.905279574E2,1.600950122E0,1.587000132E0,-3.259500265E-1
2.905304010E2,4.294950008E0,2.622000217E0,4.249500334E-1
2.905328445E2,4.693950176E0,2.634000063E0,-7.905000448E-2
2.905352882E2,3.748950243E0,2.251049995E0,1.143000007E0
2.905377319E2,2.827050209E0,3.151050091E0,1.794000030E0
2.905401755E2,4.096050262E0,5.752950191E0,6.640500426E-1
2.905426192E2,3.624000072E0,7.939050198E0,-8.890500665E-1
2.905450626E2,1.711050034E0,9.903000832E0,1.557000041E0
2.905475063E2,9.469500184E-1,9.169950485E0,3.000000119E-2
2.905499497E2,1.792950034E0,9.081000328E0,1.368000031E0
2.905523934E2,3.355950117E0,9.538950920E0,-2.767950058E0
2.905548371E2,2.748000145E0,8.919000626E0,-4.096950054E0
2.905572807E2,4.572000027E0,8.740950584E0,-4.837050438E0
2.905597242E2,4.465050220E0,9.517050743E0,-5.598000050E0
2.905621679E2,4.009950161E0,8.974050522E0,-5.550000191E0
2.905646115E2,2.512950182E0,9.046050072E0,-5.914050102E0
2.905670552E2,2.146950006E0,8.998050690E0,-1.147050023E0
2.905694987E2,1.843050122E0,8.713050842E0,-1.963950038E0
2.905719423E2,3.301050186E0,8.296050072E0,-2.038050175E0
2.905743860E2,4.210950375E0,7.329000473E0,-3.118050098E0
2.905768294E2,3.709950209E0,5.064000130E0,-8.650500178E-1
2.905792731E2,3.163950205E0,2.286000013E0,2.649000168E0
2.905817168E2,3.636000156E0,3.787950277E0,8.959500194E-1
2.905841604E2,4.828050137E0,5.044950008E0,1.969050050E0
2.905866041E2,4.570050240E0,5.607000351E0,2.151000023E0
2.905890476E2,3.169050217E0,7.353000164E0,2.271000147E0
2.905914912E2,2.532000065E0,1.135800076E1,1.026000023E0
2.905939349E2,1.093050003E0,1.071705055E1,3.195000067E-2
2.905963784E2,-3.109500110E-1,1.081305027E1,-3.310500085E-1
2.905988220E2,1.519500017E-1,1.216305065E1,1.062000036E0
2.906012657E2,8.350500464E-1,1.273005104E1,6.949500442E-1
2.906037093E2,2.491950035E0,1.290795040E1,4.560000300E-1
2.906061528E2,4.444950104E0,1.316100025E1,2.314050198E0
2.906085965E2,4.519950390E0,1.110705090E1,-6.657000542E0
2.906110401E2,1.432950020E0,1.091100025E1,-9.742950439E0
2.906134838E2,1.789950132E0,1.166505051E1,-1.081095028E1
2.906159273E2,3.366000175E0,1.225095081E1,-7.911000252E0
2.906183709E2,3.703050137E0,9.807000160E0,-7.672050476E0
2.906208146E2,4.249050140E0,7.992000580E0,-3.970050097E0
2.906232580E2,4.510050297E0,7.291050434E0,-4.762950420E0
2.906257017E2,4.374000072E0,7.599000454E0,-4.477950096E0
2.906281453E2,4.584000111E0,7.687950134E0,-4.741050243E0
2.906305888E2,4.165050030E0,6.330000401E0,-4.204950333E0
2.906330325E2,1.657950044E0,4.438950062E0,-2.227050066E0
2.906354761E2,4.900500178E-1,4.393050194E0,1.063950062E0
2.906379198E2,5.980500579E-1,5.289000034E0,5.014950275E0
2.906403633E2,5.544000149E0,3.310950041E0,3.844050169E0
2.906428070E2,9.355950356E0,2.401050091E0,-6.109500527E-1
2.906452506E2,1.032795048E1,1.525050044E0,-5.716050148E0
2.906476943E2,7.417050362E0,3.112050056E0,-7.879950523E0
2.906501377E2,4.165050030E0,5.679000378E0,-4.756050110E0
2.906525814E2,2.410050154E0,6.772950172E0,2.760000229E-1
2.906550250E2,3.154950142E0,7.719000340E0,2.517000198E0
2.906574687E2,2.749950171E0,8.509050369E0,1.987950087E0
2.906599122E2,2.458050013E0,8.670000076E0,5.989500284E-1
2.906623558E2,2.760000229E0,8.029950142E0,-2.943000078E0
2.906647995E2,5.008050442E0,8.773050308E0,-5.019000053E0
2.906672429E2,5.998950481E0,9.247050285E0,-6.807000160E0
2.906696866E2,5.425050259E0,9.832950592E0,-6.223050117E0
2.906721303E2,3.306000233E0,1.173705101E1,-3.252000093E0
2.906745739E2,1.548000097E0,1.167195034E1,2.190000117E-1
2.906770174E2,1.711050034E0,1.106400013E1,7.890000343E-1
2.906794611E2,2.097000122E0,1.038900089E1,7.909500599E-1
2.906819047E2,4.239000320E0,9.594000816E0,-1.684050083E0
2.906843484E2,5.247000217E0,8.047050476E0,-3.229950190E0
2.906867919E2,4.588950157E0,7.105950356E0,-5.044950008E0
2.906892356E2,2.841000080E0,6.864000320E0,-2.767950058E0
2.906916792E2,2.191950083E0,6.795000553E0,1.138050079E0
2.906941226E2,2.728950024E0,7.615950584E0,1.260000110E0
2.906965663E2,2.218950033E0,7.519950390E0,1.549950123E0
2.906990099E2,1.909950137E0,7.570950508E0,2.581950188E0
2.907014536E2,2.073000193E0,7.489050388E0,2.065050125E0
2.907038971E2,2.704950094E0,8.145000458E0,1.155000091E0
2.907063407E2,2.872050047E0,7.506000519E0,1.102050066E0
2.907087844E2,2.877000093E0,7.852950573E0,8.629500270E-1
2.907112279E2,2.736000061E0,9.268050194E0,-1.389000058E0
2.907136715E2,2.403000116E0,9.663000107E0,1.927950144E0
2.907161152E2,2.254950047E0,9.675000191E0,1.003950000E0
2.907185589E2,1.729950070E0,8.695950508E0,-6.469500065E-1
2.907210023E2,6.391950130E0,8.595000267E0,-2.557950020E0
2.907234460E2,6.820950508E0,8.614950180E0,-1.180695057E1
2.907258897E2,5.848050117E0,9.072000504E0,-1.481400108E1
2.907283333E2,4.177050114E0,8.971050262E0,-1.183305073E1
2.907307770E2,3.946950197E0,7.453050137E0,-5.320950031E0
2.907332204E2,5.068050385E0,7.767000198E0,-1.225950003E0
2.907356641E2,4.363950253E0,7.768950462E0,1.729950070E0
2.907381077E2,6.402000427E0,8.296050072E0,1.770000100E0
2.907405512E2,7.828950405E0,8.290950775E0,-1.735950112E0
2.907429949E2,8.230950356E0,6.961950302E0,-5.790000439E0
2.907454385E2,6.745950222E0,6.703950405E0,-7.957050323E0
2.907478822E2,6.298950195E0,7.270950317E0,-7.051950455E0
2.907503257E2,6.241050243E0,7.362000465E0,-6.706950188E0
2.907527693E2,5.278950214E0,7.342950344E0,-5.395050049E0
2.907552130E2,4.906949997E0,7.099050522E0,-2.452050209E0
2.907576564E2,5.913000107E0,6.418950081E0,-1.096950054E0
2.907601001E2,5.428950310E0,6.658050537E0,1.279500127E-1
2.907625438E2,5.869950294E0,7.030050278E0,-4.480500221E-1
2.907649874E2,5.584950447E0,7.606950283E0,-1.462950110E0
2.907674309E2,4.644000053E0,8.536050797E0,-1.321950078E0
2.907698746E2,3.325050116E0,9.321000099E0,-6.130500436E-1
2.907723182E2,2.623050213E0,9.496050835E0,-1.393950105E0
2.907747619E2,2.230950117E0,1.017600060E1,-4.960500300E-1
2.907772054E2,2.638050079E0,1.097805023E1,-9.250500202E-1
2.907796490E2,3.193050146E0,1.077705097E1,-2.680050135E0
2.907820927E2,3.627000093E0,1.045095062E1,-3.985050201E0
2.907845361E2,3.535950184E0,9.591000557E0,-3.891000271E0
2.907869798E2,2.745000124E0,9.928950310E0,-3.757050276E0
2.907894235E2,2.512950182E0,1.075005054E1,-3.927000284E0
2.907918671E2,2.370000124E0,1.072395039E1,-1.924950123E0
2.907943106E2,1.524000049E0,1.012305069E1,-1.894050121E0
2.907967543E2,7.650000453E-1,9.904950142E0,-8.700000495E-2
2.907991979E2,6.979500055E-1,9.024000168E0,1.759500057E-1
2.908016416E2,4.090500176E-1,9.036000252E0,-1.614000082E0
2.908040851E2,1.215000033E0,1.010895061E1,-4.395000264E-2
2.908065288E2,2.298000097E0,9.888000488E0,5.680500269E-1
2.908089724E2,2.724000216E0,9.201000214E0,2.059950113E0
2.908114158E2,3.198000193E0,1.018800068E1,1.957050085E0
2.908138595E2,3.547950268E0,1.176105022E1,5.089499950E-1
2.908163032E2,2.917950153E0,1.294605064E1,1.180500090E-1
2.908187468E2,2.398050070E0,1.283100033E1,3.979500234E-1
2.908211903E2,1.210950017E0,1.232805061E1,-1.381950021E0
2.908236340E2,7.650000453E-1,1.258695030E1,-8.170500398E-1
2.908260777E2,1.108050108E0,1.258695030E1,1.900050044E0
2.908285211E2,1.713000059E0,1.207905102E1,6.599999964E-2
2.908309648E2,1.582050085E0,1.200195026E1,-7.380000353E-1
2.908334084E2,1.749000072E0,1.199295044E1,-1.435050011E0
2.908358521E2,2.166000128E0,1.321905041E1,8.700000644E-1
2.908382955E2,7.149000168E0,1.112400055E1,-3.144000053E0
2.908407392E2,4.374000072E0,1.090800095E1,-1.641600037E1
2.908431828E2,4.684950352E0,8.911050797E0,-1.317900085E1
2.908456265E2,4.089000225E0,1.010400009E1,-8.911950111E0
2.908480700E2,4.716000080E0,9.370950699E0,-3.582000256E0
2.908505137E2,4.716000080E0,1.106400013E1,1.921050072E0
2.908529574E2,3.454050064E0,9.607950211E0,4.540050030E0
2.908554010E2,1.519950032E0,7.810050488E0,2.196000099E0
2.908578445E2,1.327950120E0,7.573050499E0,4.033050060E0
2.908602881E2,1.600950122E0,7.915050507E0,2.890950203E0
2.908627318E2,8.110500574E-1,9.076950073E0,-3.900000080E-2
2.908651755E2,6.409500241E-1,9.514950752E0,1.119000077E0
2.908676189E2,1.026000023E0,9.496050835E0,-3.090000153E-1
2.908700626E2,4.999500215E-1,1.026195049E1,-1.408050060E0
2.908725062E2,1.999500096E-1,8.293950081E0,-5.580000281E-1
2.908749497E2,1.669500023E-1,8.574000359E0,-2.662950039E0
2.908773934E2,3.299999982E-2,9.916950226E0,-1.150500029E-1
2.908798370E2,-9.190500379E-1,7.369950294E0,1.162050009E0
2.908822807E2,-2.260050058E0,7.575000286E0,-1.156949997E0
2.908847242E2,-2.040000200E0,7.104000568E0,-5.779500008E-1
2.908871678E2,-1.314000010E0,9.223050117E0,9.900000691E-1
2.908896114E2,-6.820500493E-1,1.120005035E1,2.449500114E-1
2.908920551E2,-1.429500133E-1,1.101600075E1,1.159500033E-1
2.908944986E2,3.270000219E-1,9.213000298E0,1.248000026E0
2.908969423E2,-5.505000427E-2,6.880950451E0,1.215000033E0
2.908993859E2,7.729500532E-1,7.233000278E0,5.089499950E-1
2.909018296E2,1.198950052E0,6.727950096E0,5.400000215E-1
2.909042731E2,1.114950061E0,6.475950241E0,2.773950100E0
2.909067167E2,2.422049999E0,7.908000469E0,3.102000237E0
2.909091604E2,2.644950151E0,5.872950077E0,2.218050003E0
2.909116038E2,8.875050545E0,3.442950249E0,2.592000008E0
2.909140475E2,1.261200047E1,1.009950042E0,-1.456500053E1
2.909164911E2,7.387950420E0,5.704950333E0,-2.041905022E1
2.909189348E2,2.896050215E0,4.741050243E0,-1.762500000E1
2.909213783E2,2.640000105E0,2.167050123E0,-1.411200047E1
2.909238220E2,3.516000271E0,3.093000174E0,-5.158050060E0
2.909262656E2,3.789000273E0,2.791950226E0,-7.039500475E-1
2.909287093E2,3.772950172E0,3.577050209E0,2.920050144E0
2.909311527E2,4.789950371E0,3.610050201E0,7.095000267E0
2.909335964E2,6.487950325E0,3.169950247E0,3.583050251E0
2.909360401E2,8.817000389E0,1.836000085E0,1.239000082E0
2.909384835E2,1.129800034E1,2.464050055E0,-5.124000072E0
2.909409272E2,9.811050415E0,2.941950083E0,-1.203405094E1
2.909433708E2,7.885950565E0,4.210950375E0,-1.497195053E1
2.909458145E2,1.016295052E1,6.024000168E0,-1.715805054E1
2.909482582E2,7.005000114E0,6.172050476E0,-1.658805084E1
2.909507017E2,3.564000130E0,7.234950542E0,-1.112400055E1
2.909531453E2,4.657950401E0,8.056950569E0,-6.810000420E0
2.909555887E2,4.512000084E0,9.547950745E0,4.699500203E-1
2.909580324E2,6.094950199E0,1.009905052E1,7.572000504E0
2.909604761E2,5.809950352E0,9.706050873E0,7.021050453E0
2.909629197E2,4.897950172E0,8.764950752E0,3.279000044E0
2.909653634E2,2.832000017E0,1.032900047E1,-1.024950027E0
2.909678069E2,3.010950089E0,1.036005020E1,6.300000101E-2
2.909702505E2,3.603000164E0,1.088205051E1,2.809500098E-1
2.909726942E2,3.199950218E0,1.035000038E1,8.050500154E-1
2.909751377E2,1.951050043E0,8.836950302E0,1.270050049E0
2.909775814E2,1.773000121E0,8.536050797E0,6.790500283E-1
2.909800250E2,3.028050184E0,9.502950668E0,-1.450950027E0
2.909824687E2,4.012050152E0,9.876000404E0,-1.906050086E0
2.909849124E2,3.448950052E0,9.856950760E0,-9.529500604E-1
2.909873557E2,2.215950012E0,7.851000309E0,-7.690500617E-1
2.909897994E2,1.230000019E0,9.622950554E0,-3.930000067E-1
2.909922431E2,2.203950167E0,9.469050407E0,3.220500052E-1
2.909946866E2,2.427000046E0,7.081950188E0,-1.047000051E0
2.909971303E2,2.274000168E0,7.036950111E0,-5.629500151E-1
2.909995739E2,3.160050154E0,8.251049995E0,4.180500209E-1
2.910020176E2,3.052050114E0,7.518000126E0,2.046000004E0
2.910044611E2,2.563050032E0,7.437000275E0,6.349500418E-1
2.910069047E2,5.170950413E0,8.104949951E0,3.000000026E-3
2.910093484E2,7.639050484E0,9.346950531E0,-7.260000229E0
2.910117918E2,7.752000332E0,9.196050644E0,-8.596050262E0
2.910142355E2,3.883050203E0,9.340050697E0,-7.576050282E0
2.910166792E2,8.560500145E-1,1.010595036E1,-2.230500132E-1
2.910191228E2,1.654050112E0,9.739950180E0,2.104950190E0
2.910215663E2,1.735050082E0,9.778050423E0,1.246050000E0
2.910240100E2,4.114950180E0,8.740950584E0,-1.222050071E0
2.910264536E2,5.410050392E0,8.266950607E0,-7.332000256E0
2.910288973E2,5.623050213E0,7.935000420E0,-6.316950321E0
2.910313407E2,4.249050140E0,8.799000740E0,-4.291050434E0
2.910337844E2,3.628950119E0,7.056000233E0,-1.477950096E0
2.910362281E2,4.969950199E0,6.784950256E0,-6.060000062E-1
2.910386715E2,5.001000404E0,7.449000359E0,-1.528050065E0
2.910411152E2,3.945000172E0,6.247050285E0,-1.972950101E0
2.910435588E2,4.644000053E0,5.241000175E0,-4.815000057E0
2.910460025E2,5.149050236E0,5.334000111E0,-6.879000187E0
2.910484462E2,3.483000278E0,6.481050491E0,-4.071000099E0
2.910508897E2,3.847050190E0,7.906050205E0,-9.580500722E-1
2.910533333E2,4.254000187E0,8.260050774E0,-6.469500065E-1
2.910557770E2,5.008050442E0,8.077950478E0,-1.669050097E0
2.910582204E2,5.737950325E0,8.389050484E0,-4.427999973E0
2.910606641E2,7.387950420E0,8.260050774E0,-7.138050556E0
2.910631077E2,6.933000565E0,9.405000687E0,-9.043950081E0
2.910655514E2,4.603050232E0,9.654000282E0,-8.509950638E0
2.910679949E2,1.326000094E0,1.017105007E1,-4.273950100E0
2.910704386E2,2.050500065E-1,9.976950645E0,1.005000062E-2
2.910728822E2,1.816050053E0,1.059495068E1,1.489500105E-1
2.910753259E2,5.185050011E0,9.049950600E0,-2.078999996E0
2.910777693E2,6.379950523E0,7.875000477E0,-5.482950211E0
2.910802130E2,4.420950413E0,9.691950798E0,-5.977050304E0
2.910826567E2,1.768950105E0,1.087695026E1,-3.628050089E0
2.910851004E2,1.219950080E0,1.018500042E1,-1.566000104E0
2.910875437E2,1.093050003E0,8.967000008E0,-1.183050036E0
2.910899874E2,2.559000015E0,8.422950745E0,-2.185950041E0
2.910924311E2,5.014950275E0,8.085000038E0,-3.451050282E0
2.910948746E2,6.997950554E0,7.300050259E0,-5.578950405E0
2.910973183E2,5.377050400E0,5.938050270E0,-6.843000412E0
2.910997619E2,3.175950050E0,6.333000183E0,-4.738950253E0
2.911022056E2,4.680000305E0,6.654000282E0,-3.526950121E0
2.911046491E2,6.418050289E0,5.497050285E0,-4.947000027E0
2.911070927E2,5.899050236E0,5.775000095E0,-4.624050140E0
2.911095364E2,7.263000488E0,6.175050259E0,-3.144000053E0
2.911119798E2,9.631050110E0,6.000000477E0,-4.509000301E0
2.911144235E2,8.784000397E0,5.926050186E0,-8.337000847E0
2.911168672E2,6.322050095E0,6.759000301E0,-9.253950119E0
2.911193108E2,2.719050169E0,6.352050304E0,-7.531050205E0
2.911217543E2,4.905000329E-2,5.164050102E0,-2.419050217E0
2.911241980E2,2.194950104E0,4.816950321E0,9.229500294E-1
2.911266416E2,5.226000309E0,4.767000198E0,4.699500203E-1
2.911290853E2,4.350000381E0,3.229950190E0,2.670000196E-1
2.911315288E2,6.162000179E0,4.639950275E0,7.930500507E-1
2.911339725E2,4.740000248E0,5.188050270E0,-1.437000036E0
2.911364161E2,2.839050055E0,6.667950153E0,-3.300000191E0
2.911388596E2,1.711050034E0,5.803950310E0,-3.819000244E0
2.911413032E2,7.630500197E-1,4.506000042E0,-2.835000038E0
2.911437469E2,1.474050045E0,3.627000093E0,-1.165950060E0
2.911461906E2,4.210950375E0,1.192050099E0,-3.937050104E0
2.911486342E2,3.703050137E0,-7.579500079E-1,-4.842000008E0
2.911510777E2,1.705950022E0,-3.299999982E-2,-2.467050076E0
2.911535213E2,4.057950020E0,3.795000166E-2,-1.497000098E0
2.911559650E2,7.576950550E0,9.979500771E-1,-3.943950176E0
2.911584085E2,7.273050308E0,1.170000061E-1,-3.654000282E0
2.911608522E2,3.094950199E0,7.477050304E0,-2.395050049E0
2.911632958E2,5.025000095E0,7.924950600E0,-2.718000174E0
2.911657395E2,5.704950333E0,6.976950169E0,-3.136950254E0
2.911681829E2,3.484950066E0,7.518000126E0,-3.451050282E0
2.911706266E2,5.430000424E-1,6.835950375E0,-3.910500109E-1
2.911730702E2,3.010500073E-1,6.273000240E0,1.866000056E0
2.911755139E2,1.026000023E0,6.675000191E0,4.120950222E0
2.911779574E2,7.870500088E-1,7.195050240E0,1.560000062E0
2.911804011E2,4.897950172E0,7.705050468E0,-1.356000066E0
2.911828447E2,5.092050076E0,7.896000385E0,-6.625050545E0
2.911852884E2,1.941000104E0,1.014900017E1,-7.665000439E0
2.911877319E2,1.816050053E0,1.076895046E1,-3.831000090E0
2.911901755E2,3.196050167E0,1.109700012E1,9.000000358E-2
2.911926192E2,2.379000187E0,1.065405083E1,7.770000100E-1
2.911950626E2,-2.250000089E-1,7.609050274E0,4.320000112E-1
2.911975063E2,-8.689500690E-1,6.076950073E0,-1.080000028E-1
2.911999499E2,-4.000500143E-1,5.509050369E0,1.600050092E0
2.912023936E2,1.114950061E0,3.976950169E0,-3.019950151E0
2.912048373E2,2.449050188E0,3.010050058E0,-2.919000149E0
2.912072808E2,6.832050323E0,3.630000114E0,-1.368900108E1
2.912097244E2,9.246000290E0,3.376050234E0,-1.434195042E1
2.912121681E2,7.516950130E0,5.818050385E0,-1.378395081E1
2.912146116E2,5.734050274E0,5.583000183E0,-9.927000046E0
2.912170553E2,3.988050222E0,5.643000126E0,-5.910000324E0
2.912194989E2,1.159950018E0,5.695950508E0,-2.761050224E0
2.912219426E2,6.120000482E-1,5.116050243E0,1.584000111E0
2.912243860E2,1.579050064E0,4.882050037E0,5.845050335E0
2.912268296E2,3.841950178E0,4.669050217E0,3.001050234E0
2.912292733E2,5.887050152E0,3.591000080E0,1.801050067E0
2.912317168E2,6.387000084E0,2.983050108E0,-4.650000334E-1
2.912341605E2,5.158950329E0,6.409050465E0,-3.943950176E0
2.912366042E2,2.179949999E0,8.527950287E0,-3.931950092E0
2.912390478E2,7.849500179E-1,8.224050522E0,-2.100000143E0
2.912414915E2,3.060000241E-1,8.104949951E0,-1.791000128E0
2.912439350E2,1.351950049E0,7.759950161E0,-2.083950043E0
2.912463786E2,2.631000042E0,7.027050495E0,-3.750000238E0
2.912488223E2,1.687050104E0,5.422950268E0,-2.746950150E0
2.912512657E2,3.208050251E0,6.390000343E0,-2.031000137E0
2.912537094E2,6.514050484E0,6.453000069E0,-4.465950012E0
2.912561531E2,7.702050209E0,7.128000259E0,-4.495050430E0
2.912585967E2,7.599000454E0,8.890050888E0,-6.301950455E0
2.912610402E2,6.792000294E0,9.721050262E0,-6.088950157E0
2.912634839E2,6.787050247E0,1.120500088E1,-5.646000385E0
2.912659275E2,4.717950344E0,1.095105076E1,-6.640050411E0
2.912683712E2,1.623000026E0,9.028950691E0,-4.827000141E0
2.912708147E2,-4.995000362E-2,7.843950272E0,-7.669500113E-1
2.912732584E2,4.249500334E-1,8.176050186E0,2.176950216E0
2.912757020E2,4.147950172E0,8.788949966E0,1.660500020E-1
2.912781455E2,6.253050327E0,7.434000492E0,-1.831950068E0
2.912805891E2,4.816050053E0,6.910050392E0,-2.862000227E0
2.912830328E2,2.881950140E0,9.955050468E0,-1.027950048E0
2.912854764E2,2.689950228E0,1.128900051E1,9.370500445E-1
2.912879199E2,2.458050013E0,1.198095036E1,7.500000298E-2
2.912903636E2,7.170000076E-1,1.050405025E1,1.729500145E-1
2.912928072E2,-9.000000358E-1,8.518950462E0,1.336950064E0
2.912952509E2,1.879500151E-1,8.011050224E0,2.745000124E0
2.912976944E2,1.941000104E0,6.376050472E0,-2.449950218E0
2.913001380E2,3.799050093E0,5.931000233E0,-4.234050274E0
2.913025817E2,5.343000412E0,8.047050476E0,-7.650000572E0
2.913050251E2,8.497050285E0,7.366950512E0,-9.819000244E0
2.913074688E2,6.550050259E0,8.104949951E0,-8.838000298E0
2.913099125E2,6.538050175E0,1.017600060E1,-5.317950249E0
2.913123561E2,6.496950150E0,9.706050873E0,-7.272000313E0
2.913147998E2,4.225049973E0,9.618000031E0,-4.497000217E0
2.913172433E2,1.029000044E0,7.305000305E0,-2.790000200E0
2.913196869E2,6.720000505E-1,6.262950420E0,1.045050025E0
2.913221306E2,3.940050125E0,8.089950562E0,1.678950071E0
2.913245743E2,6.741000175E0,8.284049988E0,-9.250500202E-1
2.913270177E2,5.449050426E0,6.031050205E0,-2.479050159E0
2.913294614E2,2.985000134E0,7.141950130E0,-1.903950095E0
2.913319051E2,1.729950070E0,8.464050293E0,9.000000358E-2
2.913343485E2,2.298000097E0,1.048005009E1,6.280500293E-1
2.913367922E2,1.534050107E0,1.078605080E1,2.809500098E-1
2.913392358E2,8.560500145E-1,8.179050446E0,7.500000298E-2
2.913416795E2,1.905000091E0,6.144000053E0,-3.889050245E0
2.913441230E2,1.390050054E0,4.954050064E0,-3.541950226E0
2.913465667E2,3.526050091E0,6.007050514E0,-4.126049995E0
2.913490103E2,6.229050159E0,7.674000263E0,-5.974050522E0
2.913514538E2,7.435950279E0,7.543950558E0,-7.396050453E0
2.913538974E2,5.962950230E0,7.891050339E0,-6.862950325E0
2.913563411E2,8.020050049E0,8.377950668E0,-4.851000309E0
2.913587848E2,8.470050812E0,9.370950699E0,-5.308950424E0
2.913612282E2,5.371950150E0,1.116705036E1,-6.253950119E0
2.913636719E2,2.698050022E0,9.630000114E0,-5.695950508E0
2.913661155E2,1.690050125E0,7.506000519E0,-3.352050066E0
2.913685592E2,5.098950386E0,7.378950119E0,-9.970500469E-1
2.913710027E2,9.138000488E0,7.357950211E0,-4.032000065E0
2.913734464E2,8.845950127E0,7.270950317E0,-6.271050453E0
2.913758900E2,4.675050259E0,8.800950050E0,-5.172000408E0
2.913783337E2,2.355000019E0,9.919050217E0,-9.199500680E-1
2.913807771E2,3.066000223E0,1.128705025E1,1.581000090E0
2.913832208E2,2.416950226E0,1.222995090E1,6.330000162E-1
2.913856644E2,1.146000028E0,1.100895023E1,1.639500111E-1
2.913881081E2,2.188050032E0,8.257950783E0,-3.553950071E0
2.913905516E2,2.353049994E0,6.499950409E0,-4.891950130E0
2.913929953E2,4.668000221E0,6.148050308E0,-3.127050161E0
2.913954389E2,7.018950462E0,7.729050159E0,-3.718950272E0
2.913978826E2,7.228050232E0,9.012000084E0,-5.376000404E0
2.914003261E2,4.393050194E0,9.898050308E0,-3.678000212E0
2.914027697E2,6.318000317E0,1.106400013E1,-1.222050071E0
2.914052134E2,7.764000416E0,1.306305027E1,-7.180950165E0
2.914076570E2,5.377050400E0,1.291005039E1,-5.851950169E0
2.914101005E2,1.524000049E0,1.194300079E1,-4.537950039E0
2.914125441E2,1.030950069E0,1.055895042E1,1.854000092E0
2.914149878E2,5.710500479E-1,1.215300083E1,1.879950047E0
2.914174313E2,2.401050091E0,1.389405060E1,-9.370500445E-1
2.914198750E2,4.204050064E0,1.489200115E1,8.629500270E-1
2.914223187E2,2.941950083E0,1.168905067E1,-1.317000031E0
2.914247623E2,2.644950151E0,1.218000031E1,-2.304000139E0
2.914272057E2,4.948050022E0,1.560600090E1,-1.048950076E0
2.914296494E2,4.836000443E0,1.624995041E1,-2.353950024E0
2.914320930E2,3.514050245E0,1.446105099E1,-2.032950163E0
2.914345367E2,1.572000027E0,1.178505039E1,-3.573000193E0
2.914369801E2,5.830500126E-1,1.092000008E1,-1.324950099E0
2.914394238E2,2.788950205E0,1.098300076E1,-2.329950094E0
2.914418675E2,5.757000446E0,1.176300049E1,-5.349000454E0
2.914443109E2,7.048050404E0,1.161195087E1,-4.960950375E0
2.914467546E2,6.433050156E0,1.144500065E1,-3.031950235E0
2.914491982E2,8.695050240E0,1.159500027E1,-3.439050198E0
2.914516419E2,9.765000343E0,1.251000023E1,-6.178050518E0
2.914540854E2,5.947050095E0,1.304205036E1,-7.486950397E0
2.914565291E2,2.319000006E0,1.073595047E1,-4.606950283E0
2.914589727E2,1.021950006E0,8.269950867E0,5.320500135E-1
2.914614164E2,4.498050213E0,1.036995029E1,7.189500332E-1
2.914638598E2,7.158000469E0,1.036005020E1,-3.309000254E0
2.914663035E2,5.334000111E0,8.940000534E0,-4.468050003E0
2.914687471E2,2.245050192E0,1.040805054E1,-6.130500436E-1
2.914711908E2,2.398050070E0,1.043205070E1,2.290050030E0
2.914736343E2,3.397050142E0,1.313700104E1,2.362050056E0
2.914760780E2,1.977000117E0,1.460295105E1,6.499500275E-1
2.914785216E2,6.030000448E-1,1.157895088E1,1.800000109E-2
2.914809653E2,-9.240000248E-1,8.430000305E0,-2.011950016E0
2.914834087E2,-8.100000024E-2,7.156050205E0,-1.693050027E0
2.914858524E2,1.390050054E0,1.062600040E1,-6.421950340E0
2.914882960E2,1.273050070E0,9.390000343E0,-6.454950333E0
2.914907397E2,6.900000572E-2,9.297000885E0,-2.935950041E0
2.914931832E2,5.205000192E-2,7.975050449E0,2.041050196E0
2.914956269E2,2.178000212E0,9.715950012E0,1.528050065E0
2.914980705E2,2.923050165E0,1.044405079E1,-1.449000120E0
2.915005142E2,1.584000111E0,7.282950401E0,-3.499500155E-1
2.915029577E2,7.609500289E-1,5.647950172E0,4.560000300E-1
2.915054013E2,8.505000174E-2,7.108950138E0,4.699500203E-1
2.915078450E2,3.030000031E-1,8.586000443E0,1.500000119E0
2.915102884E2,8.400000334E-1,7.711950302E0,2.880000174E-1
2.915127321E2,8.520000577E-1,6.748950481E0,-2.230500132E-1
2.915151757E2,2.029500157E-1,6.406950474E0,-3.499500155E-1
2.915176194E2,5.470499992E-1,9.205950737E0,5.110500455E-1
2.915200629E2,1.231950045E0,1.143495083E1,2.929500043E-1
2.915225066E2,8.200500607E-1,7.056000233E0,7.740000486E-1
2.915249502E2,-7.249500155E-1,3.205950260E0,-5.539500117E-1
2.915273939E2,-2.278950214E0,4.024950027E0,5.920500159E-1
2.915298373E2,-1.843050122E0,4.410000324E0,2.410050154E0
2.915322810E2,8.595000267E0,5.737050056E0,6.229500175E-1
2.915347247E2,7.941000462E0,4.626000404E0,-1.562295055E1
2.915371683E2,8.736000061E0,5.458950043E0,-1.503195095E1
2.915396118E2,5.463000298E0,7.381050587E0,-1.028895092E1
2.915420554E2,1.605000161E-2,5.538000107E0,-8.292000771E0
2.915444991E2,-2.329050064E0,4.927050114E0,-2.268000126E0
2.915469428E2,-1.759950042E0,2.521050215E0,4.375050068E0
2.915493863E2,3.399000168E0,1.585050106E0,1.714950085E0
2.915518300E2,4.777950287E0,1.003050089E0,7.170000076E-1
2.915542736E2,1.471950054E0,-8.250000477E-1,4.255949974E0
2.915567173E2,2.391000032E0,-6.100500226E-1,2.323050022E0
2.915591607E2,6.162000179E0,5.269500017E-1,-4.290000200E-1
2.915616043E2,9.507000923E0,1.128000021E0,-3.517950058E0
2.915640480E2,1.082400036E1,-4.489500225E-1,-6.598950386E0
2.915664915E2,3.909000158E0,1.671000123E0,-9.405000687E0
2.915689352E2,3.799050093E0,5.032950401E0,-1.234800053E1
2.915713788E2,7.615050316E0,3.723000288E0,-1.230000019E1
2.915738225E2,6.768000126E0,3.382950068E0,-7.903950214E0
2.915762660E2,1.627050042E0,4.623000145E0,-1.891950130E0
2.915787097E2,2.331000090E0,6.769050121E0,-1.429950118E0
2.915811533E2,6.801000118E0,8.338950157E0,-3.106050253E0
2.915835970E2,5.499000072E0,8.607000351E0,-5.091000080E0
2.915860404E2,1.515000105E0,6.691950321E0,-1.765050054E0
2.915884841E2,1.135950089E0,5.397000313E0,3.664050102E0
2.915909277E2,8.536950111E0,1.574700069E1,-1.767000079E0
2.915933714E2,5.494050026E0,8.410950661E0,-4.573950291E0
2.915958149E2,2.082000017E0,4.105950356E0,-1.990500093E-1
2.915982586E2,2.994000196E0,8.002050400E0,-2.059950113E0
2.916007022E2,7.615050316E0,1.034595013E1,-4.885050297E0
2.916031456E2,8.515950203E0,1.164105034E1,-1.037295055E1
2.916055893E2,2.668950081E0,1.040805054E1,-8.272950172E0
2.916080330E2,-6.529500484E-1,8.326950073E0,-4.960500300E-1
2.916104766E2,1.855050087E0,9.562950134E0,7.339500189E-1
2.916129203E2,6.708000183E0,1.350405025E1,-3.649050236E0
2.916153638E2,6.909000397E0,7.288050175E0,-6.910050392E0
2.916178074E2,4.180050373E0,6.748950481E0,-7.159050465E0
2.916202511E2,7.989000320E0,9.702000618E0,-7.092000484E0
2.916226946E2,9.018000603E0,8.746050835E0,-1.013295078E1
2.916251383E2,2.913000107E0,6.685050488E0,-7.662000179E0
2.916275819E2,1.429500133E-1,4.972950459E0,5.490000248E-1
2.916300256E2,3.808050156E0,6.571950436E0,1.360950112E0
2.916324690E2,8.329050064E0,6.429000378E0,-3.616050243E0
2.916349127E2,5.050950050E0,3.417000055E0,-2.083950043E0
2.916373564E2,2.977950096E0,4.437000275E0,4.081050396E0
2.916397998E2,3.388950109E0,9.297000885E0,2.340000153E0
2.916422435E2,4.186950207E0,1.327095032E1,1.921050072E0
2.916446871E2,3.247950077E0,9.465000153E0,4.819500148E-1
2.916471308E2,2.130000114E0,6.931050301E0,-2.124000072E0
2.916495745E2,2.476950169E0,7.827000141E0,-2.656050205E0
2.916520180E2,6.757950306E0,1.092000008E1,-6.244950294E0
2.916544617E2,9.232050896E0,7.896000385E0,-1.058295059E1
2.916569053E2,4.572000027E0,6.607950211E0,-8.449950218E0
2.916593487E2,4.800000191E0,1.056600094E1,-3.592050076E0
2.916617924E2,9.112050056E0,1.112895012E1,-6.193950176E0
2.916642360E2,4.885950089E0,1.105005074E1,-6.736050129E0
2.916666797E2,2.295000106E-2,8.068950653E0,-2.983950138E0
2.916691234E2,1.819050074E0,6.667950153E0,1.018050075E0
2.916715669E2,7.216050148E0,1.005405045E1,-1.177950025E0
2.916740106E2,7.036050320E0,5.188050270E0,-5.139000416E0
2.916764542E2,4.242000103E0,3.772950172E0,-1.948950052E0
2.916788977E2,3.823050261E0,8.657999992E0,3.987000227E0
2.916813413E2,5.371950150E0,1.394700050E1,1.909050107E0
2.916837850E2,4.366050243E0,1.159095097E1,3.372000217E0
2.916862287E2,2.440950155E0,9.859950066E0,4.339050293E0
2.916886721E2,6.240000129E-1,1.067595005E1,-2.146050215E0
2.916911158E2,5.278950214E0,1.069305038E1,-2.086050034E0
2.916935594E2,5.500950336E0,9.153000832E0,-8.056950569E0
2.916960029E2,7.065000534E0,6.742050171E0,-8.689050674E0
2.916984466E2,4.302000046E0,8.647950172E0,-8.074049950E0
2.917008902E2,6.370050430E0,1.274700069E1,-4.854000092E0
2.917033339E2,6.447000504E0,1.220805073E1,-6.898050308E0
2.917057774E2,1.374000072E0,1.087500095E1,-3.187050104E0
2.917082210E2,1.140000075E-1,8.919000626E0,8.170500398E-1
2.917106647E2,4.005000114E0,1.201200104E1,-3.400500119E-1
2.917131084E2,7.362000465E0,1.016400051E1,-5.416050434E0
2.917155520E2,4.948050022E0,6.523950100E0,-5.967000484E0
2.917179955E2,3.901950121E0,1.031895065E1,-1.225950003E0
2.917204391E2,5.512950420E0,1.420800114E1,2.046000004E0
2.917228828E2,6.154950142E0,1.300995064E1,-2.533950090E0
2.917253263E2,4.374000072E0,1.296300030E1,-4.842000008E0
2.917277699E2,2.463000059E0,1.126995087E1,-7.179000378E0
2.917302136E2,4.741950035E0,1.144200039E1,-8.581950188E0
2.917326573E2,1.270800018E1,9.862050056E0,-1.250805092E1
2.917351007E2,1.003605080E1,9.177000046E0,-1.412700081E1
2.917375444E2,5.449050426E0,1.118100071E1,-9.067950249E0
2.917399880E2,9.390000343E0,1.395105076E1,-5.686950207E0
2.917424317E2,1.001205063E1,1.422900105E1,-1.085400009E1
2.917448752E2,4.318050385E0,1.142100048E1,-1.164600086E1
2.917473189E2,2.563050032E0,9.433050156E0,-8.209950447E0
2.917497625E2,9.343950272E0,1.025700092E1,-8.221950531E0
2.917522062E2,1.390800095E1,8.878050804E0,-1.145205021E1
2.917546497E2,9.829950333E0,6.412050247E0,-5.152950287E0
2.917570933E2,4.747050285E0,6.820950508E0,3.963000298E0
2.917595370E2,6.901950359E0,1.097100067E1,8.380949974E0
2.917619804E2,8.821949959E0,1.722405052E1,4.975950241E0
2.917644241E2,3.315000057E0,1.444005108E1,3.388950109E0
2.917668677E2,1.447950125E0,1.160700035E1,-3.223050117E0
2.917693114E2,1.929000139E0,9.613050461E0,-7.588050365E0
2.917717551E2,6.004050255E0,1.264395046E1,-1.004895020E1
2.917741986E2,7.242000580E0,1.142295074E1,-1.182105064E1
2.917766423E2,2.808000088E0,1.165800095E1,-6.127050400E0
2.917790859E2,1.636950135E0,1.416000080E1,1.035000086E0
2.917815294E2,5.178000450E0,1.802205086E1,-5.100000501E-1
2.917839731E2,3.531000137E0,1.408095074E1,-2.245950222E0
2.917864167E2,9.949500561E-1,1.123200035E1,-5.389500260E-1
2.917888604E2,7.750500441E-1,1.258695030E1,-1.114050031E0
2.917913038E2,4.270950317E0,1.365900040E1,-4.507050037E0
2.917937475E2,3.615000248E0,9.052950859E0,-5.718000412E0
2.917961912E2,8.539500237E-1,6.247050285E0,-7.260000110E-1
2.917986348E2,2.836050034E0,1.163595009E1,1.131000042E0
2.918010783E2,4.807050228E0,1.838295174E1,1.672050118E0
2.918035220E2,3.909000158E0,1.582605076E1,2.950500250E-1
2.918059656E2,1.479000092E0,1.022400093E1,-1.051950097E0
2.918084093E2,-2.970000207E-1,9.840000153E0,-1.333950043E0
2.918108527E2,-4.620000124E-1,1.037400055E1,2.637000084E0
2.918132964E2,1.620000005E-1,1.132695007E1,3.729000092E0
2.918157400E2,6.865950108E0,8.751000404E0,1.524000049E0
2.918181835E2,9.058950424E0,8.200050354E0,-1.048305035E1
2.918206272E2,1.399095058E1,9.322950363E0,-1.908105087E1
2.918230709E2,4.090950012E0,1.011600018E1,-1.625100136E1
2.918255145E2,1.093050003E0,8.181000710E0,-5.794950485E0
2.918279582E2,3.076050043E0,1.101405048E1,-2.160000056E-1
2.918304017E2,2.463000059E0,1.243605042E1,-8.890500665E-1
2.918328453E2,3.769500256E-1,4.117949963E0,-8.700000644E-1
2.918352890E2,1.600950122E0,3.274950266E0,4.335000038E0
2.918377324E2,6.303000450E0,8.308050156E0,3.910950184E0
2.918401761E2,8.355000496E0,1.167705059E1,9.900000691E-1
2.918426197E2,4.026000023E0,8.839950562E0,-3.139500022E-1
2.918450634E2,8.899500370E-1,7.417050362E0,4.098000050E0
2.918475069E2,-1.329000115E0,1.112400055E1,2.137050152E0
2.918499506E2,3.978000164E0,8.808000565E0,-1.003005028E1
2.918523942E2,6.520950317E0,8.296050072E0,-1.331295109E1
2.918548379E2,4.990950108E0,7.956000328E0,-1.114305019E1
2.918572814E2,5.974950314E0,7.149000168E0,-6.757050514E0
2.918597250E2,1.117050052E0,9.153000832E0,-1.783950090E0
2.918621687E2,-1.201950073E0,8.832000732E0,2.389950037E0
2.918646124E2,-1.104000092E0,8.731950760E0,1.906950116E0
2.918670558E2,1.462050080E0,8.995050430E0,-2.590500116E-1
2.918694995E2,5.109000206E0,6.121950150E0,-4.459500313E-1
2.918719431E2,1.986000061E0,2.919000149E0,-2.850000143E0
2.918743868E2,5.853000164E0,4.228050232E0,-3.457950115E0
2.918768303E2,8.041950226E0,1.056405067E1,-3.558000088E0
2.918792739E2,3.612000227E0,9.330000877E0,-2.797050238E0
2.918817176E2,1.168050051E0,6.133950233E0,1.810950041E0
2.918841611E2,2.158950090E0,8.334000587E0,1.296000004E0
2.918866048E2,4.105050087E0,1.113600063E1,-2.505000114E0
2.918890484E2,6.100050449E0,7.590000153E0,-8.722949982E0
2.918914921E2,9.871050835E0,7.120950222E0,-1.487100029E1
2.918939357E2,8.923050880E0,4.924950123E0,-1.645905113E1
2.918963792E2,3.564000130E0,5.658000469E0,-1.304895020E1
2.918988228E2,-1.240050077E0,5.107050419E0,-4.565999985E0
2.919012665E2,1.656000137E0,6.060000420E0,1.693950057E0
2.919037100E2,7.162950516E0,4.525050163E0,-1.027950048E0
2.919061537E2,5.628000259E0,2.530950069E0,-3.669000149E0
2.919085973E2,1.251000047E0,3.180000067E0,-7.140000463E-1
2.919110410E2,6.694050312E0,4.056000233E0,-5.080500245E-1
2.919134844E2,9.871050835E0,5.980950356E0,-3.040950060E0
2.919159281E2,3.097050190E0,6.772950172E0,-4.518000126E0
2.919183718E2,1.132050037E0,4.678050041E0,-3.763950109E0
2.919208152E2,9.436950684E0,3.807000160E0,-5.658000469E0
2.919232589E2,1.393200111E1,4.210950375E0,-9.819000244E0
2.919257025E2,8.941950798E0,3.934050083E0,-9.688050270E0
2.919281462E2,8.824950218E0,5.044950008E0,-1.059795094E1
2.919305899E2,1.268205070E1,4.425000191E0,-1.162005043E1
2.919330334E2,3.901950121E0,4.267050266E0,-1.087305069E1
2.919354771E2,-1.245000005E0,3.948000193E0,-6.256950378E0
2.919379207E2,2.212050200E0,5.089950085E0,2.173050165E0
2.919403641E2,8.029950142E0,4.317000389E0,1.746000051E0
2.919428078E2,5.439000130E0,2.884950161E0,6.795000285E-2
2.919452515E2,1.708950043E0,2.302950144E0,3.958950281E0
2.919476951E2,5.556000233E0,6.594000340E0,4.849500358E-1
2.919501388E2,6.301050186E0,8.739000320E0,-3.570000172E0
2.919525823E2,1.623000026E0,9.667950630E0,-1.344000101E0
2.919550260E2,-1.563000083E0,7.678050518E0,4.477950096E0
2.919574696E2,-4.930500090E-1,7.827000141E0,2.040000111E-1
2.919599131E2,5.713950157E0,9.223050117E0,-5.494950294E0
2.919623568E2,6.238950253E0,8.398950577E0,-8.268000603E0
2.919648004E2,8.941950798E0,7.755000591E0,-9.336000443E0
2.919672441E2,7.873950481E0,6.667950153E0,-1.133295059E1
2.919696875E2,1.357050061E0,8.413050652E0,-7.867950439E0
2.919721312E2,-4.669500291E-1,6.570000172E0,1.758000135E0
2.919745748E2,1.801950097E0,9.603000641E0,-6.280500293E-1
2.919770186E2,6.282000065E0,9.826050758E0,-3.079950094E0
2.919794620E2,1.986000061E0,4.930050373E0,-3.429000139E0
2.919819056E2,1.480950117E0,3.850050211E0,2.550000250E-1
2.919843493E2,7.192050457E0,7.213950157E0,-2.026050091E0
2.919867928E2,7.726050377E0,1.036995029E1,-3.493950129E0
2.919892365E2,2.535000086E0,7.638000488E0,-9.150000215E-1
2.919916801E2,2.733000040E0,7.477050304E0,1.267050028E0
2.919941238E2,8.005949974E0,1.036005020E1,-3.324000120E0
2.919965675E2,7.942950249E0,8.626950264E0,-9.067950249E0
2.919990110E2,9.270000458E0,9.259050369E0,-1.032900047E1
2.920014546E2,1.139400101E1,8.713050842E0,-1.213005066E1
2.920038983E2,6.196050167E0,7.173000336E0,-1.175895023E1
2.920063417E2,2.509500086E-1,8.478000641E0,-4.327050209E0
2.920087854E2,2.173050165E0,6.823950291E0,3.078000069E0
2.920112291E2,9.186000824E0,7.042050362E0,-4.083000183E0
2.920136728E2,4.936050415E0,4.156050205E0,-9.843000412E0
2.920161164E2,1.030950069E0,4.276050091E0,-4.404000282E0
2.920185599E2,5.880000114E0,5.433000088E0,-8.340000510E-1
2.920210035E2,9.997950554E0,7.309950352E0,-3.360000134E0
2.920234472E2,4.703999996E0,9.285000801E0,-1.044000030E0
2.920258907E2,-4.450500309E-1,1.032600021E1,5.829000473E0
2.920283344E2,-4.740000367E-1,1.094205093E1,3.160950184E0
2.920307780E2,7.630050182E0,1.240905094E1,1.543050051E0
2.920332217E2,7.660950184E0,1.142505074E1,-6.925050259E0
2.920356651E2,9.294000626E0,1.163400078E1,-1.003005028E1
2.920381088E2,8.374050140E0,1.109505081E1,-1.293900108E1
2.920405524E2,2.556000233E0,1.029495049E1,-9.604050636E0
2.920429959E2,-1.319999993E-1,8.836950302E0,1.548000097E0
2.920454396E2,1.390050054E0,1.018305016E1,9.900000691E-2
2.920478832E2,4.219950199E0,1.506195068E1,-4.779000282E0
2.920503269E2,2.841000080E0,8.800950050E0,-3.975000143E0
2.920527704E2,1.261050105E0,5.686050415E0,-2.128950119E0
2.920552141E2,5.278950214E0,9.295050621E0,-3.003000259E0
2.920576577E2,8.230950356E0,1.642995071E1,-2.847000122E0
2.920601013E2,3.106950045E0,1.193805027E1,-4.180950165E0
2.920625448E2,2.458050013E0,9.097949982E0,-1.186050057E0
2.920649885E2,6.346050262E0,1.376205063E1,-1.237950087E0
2.920674321E2,5.956050396E0,1.263000107E1,-6.496050358E0
2.920698758E2,6.157050133E0,1.163895035E1,-8.536050797E0
2.920723193E2,9.223950386E0,1.160505009E1,-1.156500053E1
2.920747630E2,5.305050373E0,8.284049988E0,-1.436595058E1
2.920772066E2,6.430500150E-1,5.647950172E0,-7.914000511E0
2.920796503E2,-2.100000158E-2,4.951050282E0,4.009500146E-1
2.920820940E2,5.499000072E0,6.642000198E0,-2.197950125E0
2.920845374E2,4.801950455E0,3.844950199E0,-7.624050140E0
2.920869810E2,1.002000093E0,4.843950272E0,7.810500264E-1
2.920894247E2,5.994000435E0,4.810050011E0,1.737000108E0
2.920918682E2,9.607050896E0,9.694050789E0,-2.052000046E0
2.920943119E2,2.860050201E0,9.436050415E0,-2.530950069E0
2.920967555E2,-7.639500499E-1,1.148295021E1,4.195950031E0
2.920991992E2,4.783050060E0,9.417000771E0,1.393950105E0
2.921016426E2,8.599050522E0,9.487950325E0,-5.646000385E0
2.921040863E2,8.875050545E0,1.056600094E1,-7.993050575E0
2.921065300E2,1.005000019E1,1.109700012E1,-1.030095005E1
2.921089734E2,6.928050518E0,9.615000725E0,-1.142400074E1
2.921114171E2,8.989500403E-1,9.583950043E0,-6.217950344E0
2.921138607E2,-2.749500275E-1,7.135050297E0,-8.599500656E-1
2.921163044E2,4.242000103E0,1.161495018E1,-4.333950043E0
2.921187481E2,5.062950134E0,8.989950180E0,-9.199050903E0
2.921211916E2,7.680000067E-1,4.720950127E0,-5.505000114E0
2.921236353E2,2.611050129E0,3.816000223E0,-3.448050261E0
2.921260789E2,8.322000504E0,7.923000336E0,-2.316000223E0
2.921285223E2,6.793950558E0,8.617050171E0,-5.389950275E0
2.921309660E2,2.395950079E0,7.483950138E0,-1.489500105E-1
2.921334097E2,1.516950130E0,1.088895035E1,3.027000189E0
2.921358533E2,6.064050198E0,7.674000263E0,-5.131050110E0
2.921382970E2,8.950950623E0,9.690000534E0,-4.570950031E0
2.921407405E2,9.343950272E0,1.032405090E1,-3.534000158E0
2.921431842E2,8.761950493E0,6.991050243E0,-9.010050774E0
2.921456278E2,1.785000086E0,6.958050251E0,-6.025050163E0
2.921480713E2,-7.440000176E-1,5.629050255E0,1.789050102E0
2.921505150E2,5.371950150E0,6.394950390E0,-5.460000038E-1
2.921529586E2,7.447950363E0,7.942050457E0,-7.600050449E0
2.921554023E2,2.403000116E0,7.522950172E0,-3.463050127E0
2.921578457E2,1.126950026E0,7.839000225E0,1.123950005E0
2.921602894E2,4.672950268E0,8.902050018E0,-1.566000104E0
2.921627331E2,6.895050526E0,1.194300079E1,-5.263050079E0
2.921651765E2,2.278950214E0,1.079595089E1,-1.641000032E0
2.921676202E2,1.539000034E0,8.622000694E0,1.014000058E0
2.921700638E2,6.301050186E0,1.135605049E1,-3.538950205E0
2.921725075E2,7.017000198E0,8.538000107E0,-6.393000126E0
2.921749509E2,1.120695019E1,9.493050575E0,-1.095900059E1
2.921773946E2,1.096005058E1,1.025895023E1,-1.371000099E1
2.921798383E2,3.871050119E0,8.578950882E0,-1.077705097E1
2.921822819E2,-6.180000305E-1,6.522000313E0,-5.779500008E-1
2.921847256E2,-2.029500157E-1,7.543950558E0,3.805050135E0
2.921871691E2,3.447000265E0,5.353950024E0,-2.899950027E0
2.921896127E2,3.451950073E0,3.085950136E0,-3.529950142E0
2.921920564E2,1.459950089E0,2.902050257E0,9.799500704E-1
2.921944999E2,7.596000195E0,4.084949970E0,-3.259500265E-1
2.921969435E2,8.602050781E0,7.231050491E0,-3.592050076E0
2.921993872E2,1.213050008E0,7.923000336E0,2.070000172E0
2.922018309E2,-2.458950043E0,1.003005028E1,4.300950050E0
2.922042745E2,2.068050146E0,8.397000313E0,3.589950085E0
2.922067180E2,9.175950050E0,9.225000381E0,-4.528050423E0
2.922091616E2,1.014405060E1,9.736950874E0,-8.031000137E0
2.922116053E2,1.003800011E1,8.728950500E0,-1.190205097E1
2.922140488E2,3.148050070E0,6.819000244E0,-1.026195049E1
2.922164925E2,-9.499500394E-1,7.477050304E0,-2.095050097E0
2.922189361E2,6.000000238E-1,6.306000233E0,1.995000124E0
2.922213798E2,4.156050205E0,8.503950119E0,-6.136950493E0
2.922238232E2,1.759050131E0,6.852000237E0,-4.954050064E0
2.922262669E2,-7.200000435E-2,4.486950397E0,-1.469999999E-1
2.922287106E2,5.755050182E0,4.369050026E0,-3.718950272E0
2.922311540E2,6.658050537E0,8.254950523E0,-4.540050030E0
2.922335977E2,2.305050135E0,7.647000313E0,8.920500278E-1
2.922360413E2,-3.400500119E-1,1.221105099E1,1.663050056E0
2.922384850E2,1.474050045E0,9.709050179E0,3.063000202E0
2.922409285E2,6.852000237E0,9.124950409E0,-3.015000105E0
2.922433722E2,1.195605087E1,1.143705082E1,-7.188000202E0
2.922458158E2,1.186005020E1,8.392050743E0,-1.484700108E1
2.922482595E2,2.713950157E0,7.840950489E0,-1.534500027E1
2.922507029E2,-1.237950087E0,9.907050133E0,-3.499050140E0
2.922531466E2,4.414050102E0,5.686050415E0,9.199500680E-1
2.922555902E2,8.683050156E0,6.807000160E0,-4.722000122E0
2.922580339E2,3.154950142E0,6.736950397E0,-2.173950195E0
2.922604774E2,1.761000037E0,5.740950108E0,9.589500427E-1
2.922629211E2,8.158950806E0,4.579950333E0,-4.618950367E0
2.922653647E2,7.251000404E0,6.340050220E0,-9.784050941E0
2.922678084E2,-1.240500063E-1,7.645050526E0,-3.316950083E0
2.922702519E2,1.476000071E0,9.235050201E0,-1.890000105E0
2.922726955E2,7.594050407E0,7.213950157E0,-4.501950264E0
2.922751392E2,9.604950905E0,7.369950294E0,-5.989050388E0
2.922775829E2,9.556950569E0,9.511950493E0,-5.967000484E0
2.922800263E2,9.129000664E0,8.476050377E0,-8.811000824E0
2.922824700E2,5.209500194E-1,9.418950081E0,-5.974050522E0
2.922849136E2,-2.473050117E0,5.559000492E0,2.778000116E0
2.922873573E2,3.555000067E0,4.563000202E0,3.967950106E0
2.922898010E2,8.455950737E0,3.462000132E0,-7.036950111E0
2.922922444E2,3.829950094E0,2.971050024E0,-3.853050232E0
2.922946881E2,3.732000113E0,3.346950054E0,5.659500360E-1
2.922971316E2,7.438050270E0,4.135050297E0,-2.794950247E0
2.922995752E2,4.359000206E0,4.365000248E0,-5.548050404E0
2.923020189E2,-1.030500084E-1,5.593050480E0,8.820000291E-1
2.923044626E2,-3.970500231E-1,9.991050720E0,1.545000076E0
2.923069063E2,5.791050434E0,6.936000347E0,-3.178050041E0
2.923093497E2,1.026105022E1,6.318000317E0,-8.032950401E0
2.923117934E2,1.180800056E1,6.724950314E0,-1.042305088E1
2.923142370E2,9.852000237E0,5.179050446E0,-1.384695053E1
2.923166805E2,2.070000172E-1,8.643000603E0,-8.811000824E0
2.923191242E2,-1.171050072E0,5.035050392E0,8.010000587E-1
2.923215678E2,6.475950241E0,3.463950157E0,-1.177950025E0
2.923240115E2,9.037950516E0,1.999050140E0,-5.814000130E0
2.923264549E2,2.548950195E0,2.413050175E0,-1.819500029E-1
2.923288986E2,7.014000416E0,3.486000061E0,2.550000250E-1
2.923313423E2,1.069395065E1,3.277950048E0,-5.239050388E0
2.923337859E2,3.025950193E0,6.136050224E0,-6.103950500E0
2.923362294E2,-8.190000653E-1,8.097000122E0,1.063950062E0
2.923386731E2,4.531949997E0,8.799000740E0,-4.630500078E-1
2.923411167E2,8.548950195E0,8.442000389E0,-5.134050369E0
2.923435604E2,6.220050335E0,9.726000786E0,-4.375050068E0
2.923460039E2,9.588000298E0,9.922050476E0,-6.520050526E0
2.923484476E2,6.631050110E0,7.173000336E0,-9.432000160E0
2.923508913E2,-7.519500256E-1,8.956950188E0,-2.067000151E0
2.923533349E2,-1.888950109E0,7.771950245E0,5.737950325E0
2.923557784E2,1.678050041E0,8.314949989E0,9.229500294E-1
2.923582220E2,5.398050308E0,8.377950668E0,-1.818000078E0
2.923606657E2,2.683050156E0,6.214950085E0,-6.970500350E-1
2.923631091E2,6.646050453E0,6.912000179E0,-3.003000259E0
2.923655528E2,5.920050144E0,7.891050339E0,-5.515050411E0
2.923679965E2,2.740950108E0,9.679950714E0,-3.736050129E0
2.923704401E2,1.411950111E0,9.967050552E0,2.239500135E-1
2.923728838E2,2.009999990E0,1.393005085E1,-1.417950034E0
2.923753273E2,1.702050090E0,1.295295048E1,8.680500388E-1
2.923777709E2,2.446050167E0,1.120800018E1,2.722950220E0
2.923802146E2,9.358050346E0,1.340100098E1,-4.602000237E0
2.923826581E2,7.563000202E0,8.836950302E0,-1.476795101E1
2.923851017E2,1.507950068E0,9.643950462E0,-8.449950218E0
2.923875454E2,1.498050094E0,1.001295090E1,-3.396000147E0
2.923899891E2,3.358050108E0,8.800950050E0,-4.576050282E0
2.923924325E2,1.045050025E0,7.060950279E0,-3.400050163E0
2.923948762E2,9.400500655E-1,6.204000473E0,1.222050071E0
2.923973198E2,6.232050419E0,6.088950157E0,-4.480500221E-1
2.923997635E2,5.953950405E0,4.615950108E0,-4.522950172E0
2.924022070E2,2.121000051E0,4.924950123E0,1.366050124E0
2.924046507E2,3.624000072E0,8.536050797E0,1.710000038E-1
2.924070943E2,4.936050415E0,1.140195084E1,-2.718000174E0
2.924095379E2,4.159950256E0,7.200000286E0,-4.300950050E0
2.924119814E2,7.606050491E0,9.751950264E0,-8.412000656E0
2.924144251E2,1.043100071E1,8.787000656E0,-1.448805046E1
2.924168688E2,3.018000126E0,6.601050377E0,-1.260900021E1
2.924193122E2,-1.750050068E0,7.492050171E0,-2.650950193E0
2.924217559E2,5.556000233E0,5.230950356E0,1.939950109E0
2.924241995E2,1.130505085E1,4.027050018E0,-5.637000084E0
2.924266432E2,5.680950165E0,3.226950169E0,-2.911950111E0
2.924290869E2,4.860000134E0,4.807950020E0,1.519050121E0
2.924315304E2,9.804000854E0,4.990050316E0,-3.709050179E0
2.924339741E2,2.889000177E0,4.374000072E0,-6.847950459E0
2.924364177E2,-6.405000389E-2,8.068950653E0,4.060500264E-1
2.924388611E2,3.732000113E0,7.831950188E0,-6.250500083E-1
2.924413048E2,7.639050484E0,7.681050301E0,-7.417950153E0
2.924437484E2,6.319950104E0,9.502950668E0,-7.107000351E0
2.924461921E2,8.839050293E0,1.000995064E1,-6.192000389E0
2.924486356E2,6.136050224E0,9.211050034E0,-1.010700035E1
2.924510793E2,-7.780500650E-1,9.613050461E0,-5.637000084E0
2.924535229E2,-2.248050213E0,8.348999977E0,3.334050179E0
2.924559666E2,3.571050167E0,6.055050373E0,-2.050050020E0
2.924584101E2,4.740000248E0,5.035050392E0,-4.696050167E0
2.924608538E2,2.446050167E0,5.686050415E0,-6.300000101E-2
2.924632974E2,4.681950092E0,6.129000187E0,-7.309500575E-1
2.924657411E2,4.113000393E0,6.487950325E0,-1.150050044E0
2.924681845E2,1.711050034E0,7.024950504E0,-1.060500070E-1
2.924706282E2,1.069050074E0,8.566950798E0,-2.590950012E0
2.924730718E2,1.246950030E0,1.163595009E1,7.069500089E-1
2.924755155E2,1.624950051E0,9.538950920E0,-2.830500007E-1
2.924779592E2,5.032050133E0,9.819000244E0,1.615050077E0
2.924804027E2,1.048605061E1,9.340050697E0,-9.313950539E0
2.924828464E2,6.042000294E0,5.353950024E0,-1.251795101E1
2.924852898E2,1.813950062E0,7.969950199E0,-8.545949936E0
2.924877334E2,5.821950436E0,7.591950417E0,-4.690950394E0
2.924901771E2,4.954950333E0,5.808000088E0,-7.626000404E0
2.924926207E2,1.570500135E-1,4.714050293E0,-6.570000052E-1
2.924950644E2,3.555000067E0,5.157000065E0,2.220000029E0
2.924975079E2,8.317049980E0,6.199050426E0,-1.975950122E0
2.924999516E2,4.014000416E0,5.365950108E0,-1.960950136E0
2.925023952E2,2.583000183E0,5.887050152E0,2.188950062E0
2.925048387E2,4.678050041E0,9.844950676E0,-1.042050004E0
2.925072824E2,4.813950062E0,8.932950020E0,-4.435050011E0
2.925097260E2,4.371000290E0,9.378000259E0,-6.106050491E0
2.925121697E2,1.031400013E1,9.340050697E0,-1.069605064E1
2.925146131E2,7.251000404E0,7.393050194E0,-1.292505074E1
2.925170568E2,-7.420500517E-1,9.601050377E0,-2.683950186E0
2.925195004E2,1.720500141E-1,5.896950245E0,6.694950104E0
2.925219441E2,8.271000862E0,7.056000233E0,-4.939500093E-1
2.925243876E2,7.254000187E0,5.449050426E0,-4.532999992E0
2.925268313E2,5.865000248E0,6.478950500E0,-2.212949991E0
2.925292749E2,7.861950397E0,7.518000126E0,-4.561950207E0
2.925317186E2,5.695050240E0,7.963050365E0,-7.630950451E0
2.925341620E2,9.949500561E-1,8.872950554E0,-7.309500575E-1
2.925366057E2,1.927050114E0,1.086795044E1,-2.700000070E-2
2.925390494E2,4.287000179E0,1.145895100E1,-4.930050373E0
2.925414930E2,4.558050156E0,1.004205036E1,-5.533950329E0
2.925439367E2,9.715050697E0,1.049895096E1,-9.331050873E0
2.925463801E2,8.820000648E0,9.238950729E0,-1.169895077E1
2.925488238E2,2.008050203E0,9.838050842E0,-5.857050419E0
2.925512672E2,3.850500286E-1,9.301950455E0,2.413950205E0
2.925537109E2,5.121000290E0,8.701050758E0,7.995000482E-2
2.925561546E2,4.098000050E0,6.666000366E0,-4.201950073E0
2.925585982E2,1.134000063E0,6.820950508E0,-1.510500014E-1
2.925610419E2,4.785000324E0,7.068000317E0,-7.905000448E-2
2.925634854E2,5.808000088E0,7.149000168E0,-4.650000095E0
2.925659291E2,1.771050096E0,8.433000565E0,-6.660000086E-1
2.925683727E2,5.209500194E-1,8.875950813E0,5.279999971E-1
2.925708161E2,1.165050030E0,1.288395023E1,9.195000678E-2
2.925732598E2,9.949500561E-1,1.112895012E1,8.460000157E-1
2.925757034E2,2.367000103E0,1.094700050E1,1.830000043E0
2.925781471E2,8.989950180E0,1.129905033E1,-7.552050591E0
2.925805906E2,4.993950367E0,7.848000526E0,-1.137795067E1
2.925830343E2,3.079500198E-1,8.161950111E0,-5.505000114E0
2.925854779E2,2.407950163E0,6.922050476E0,-1.554000020E0
2.925879216E2,5.769000053E0,7.144050121E0,-6.598950386E0
2.925903653E2,1.263000011E0,6.378000259E0,-2.755950212E0
2.925928088E2,1.797000051E0,7.486950397E0,2.224950075E0
2.925952524E2,5.860050201E0,7.420050144E0,-1.570950031E0
2.925976961E2,3.769950151E0,7.309950352E0,-2.311050177E0
2.926001395E2,1.872000098E0,7.398000240E0,8.959500194E-1
2.926025832E2,2.382000208E0,1.139205074E1,1.693950057E0
2.926050268E2,2.902950048E0,9.805050850E0,-1.281000018E0
2.926074705E2,7.174950123E0,9.115050316E0,-4.396049976E0
2.926099142E2,1.166400051E1,9.184050560E0,-1.243200016E1
2.926123577E2,5.494050026E0,8.184000015E0,-1.415100098E1
2.926148014E2,2.959500253E-1,9.838050842E0,-6.412050247E0
2.926172450E2,1.948050141E0,8.089950562E0,9.180000424E-1
2.926196884E2,7.150950432E0,6.012000084E0,-3.895950079E0
2.926221321E2,3.571050167E0,4.614000320E0,-3.922050238E0
2.926245757E2,6.319950104E0,6.397050381E0,-9.940500259E-1
2.926270194E2,1.004100037E1,4.504050255E0,-7.296000481E0
2.926294629E2,2.326050043E0,5.667000294E0,-8.518950462E0
2.926319066E2,-1.633050084E0,7.314000130E0,-5.460000038E-1
2.926343503E2,1.620000124E0,7.599000454E0,-1.500000060E-2
2.926367939E2,6.460950375E0,6.582000256E0,-6.883950233E0
2.926392374E2,6.274950504E0,8.611950874E0,-5.493000031E0
2.926416810E2,1.071795082E1,6.627000332E0,-5.731950283E0
2.926441247E2,6.793950558E0,5.932950497E0,-9.277950287E0
2.926465681E2,-1.498950124E0,6.754050255E0,-3.546000242E0
2.926490118E2,2.755050182E0,5.121000290E0,4.219500124E-1
2.926514554E2,9.519000053E0,2.334000111E0,-4.401000023E0
2.926538991E2,4.239000320E0,1.186950088E0,-3.721050262E0
2.926563428E2,2.959050179E0,4.627950191E0,3.616050243E0
2.926587863E2,8.563950539E0,5.128050327E0,7.005000114E-2
2.926612299E2,6.481050491E0,4.408050060E0,-2.725050211E0
2.926636736E2,2.395950079E0,6.192000389E0,4.825050354E0
2.926661170E2,4.110000134E-1,1.172505093E1,-9.940500259E-1
2.926685607E2,1.444950104E0,1.035495090E1,2.119500041E-1
2.926710043E2,4.026000023E0,1.107795048E1,-3.994050264E0
2.926734480E2,8.713950157E0,1.112595081E1,-1.127805042E1
2.926758917E2,6.661950111E0,8.173950195E0,-1.363095093E1
2.926783352E2,1.503000021E0,9.148050308E0,-8.320950508E0
2.926807789E2,1.302000046E0,9.259050369E0,1.090500057E-1
2.926832225E2,5.845950127E0,7.980000496E0,-3.442950249E0
2.926856660E2,3.094950199E0,7.528050423E0,-3.688050270E0
2.926881097E2,2.797950029E0,7.342950344E0,1.537950039E0
2.926905533E2,7.884000301E0,6.508050442E0,-3.859950066E0
2.926929970E2,4.872000217E0,5.434950352E0,-5.755950451E0
2.926954407E2,1.960050106E0,6.883050442E0,-6.795000285E-2
2.926978841E2,3.490050077E0,9.855000496E0,3.480000198E-1
2.927003278E2,3.631050110E0,9.910050392E0,-1.723950028E0
2.927027714E2,4.644000053E0,8.818050385E0,-2.172000170E0
2.927052151E2,1.018200016E1,9.249000549E0,-7.813050270E0
2.927076586E2,7.002000332E0,6.948000431E0,-1.311900043E1
2.927101022E2,-1.870500147E-1,1.028100014E1,-4.510950089E0
2.927125457E2,8.295000345E-2,7.867950439E0,4.416000366E0
2.927149894E2,6.330000401E0,5.317950249E0,-1.356000066E0
2.927174331E2,4.314000130E0,5.181000233E0,-2.056950092E0
2.927198767E2,4.060050011E0,6.724950314E0,1.681950092E0
2.927223204E2,8.391000748E0,7.791000366E0,-4.324950218E0
2.927247638E2,4.771050453E0,5.728950500E0,-6.526950359E0
2.927272075E2,1.417050123E0,8.107049942E0,-7.210500240E-1
2.927296511E2,2.355000019E0,1.155000019E1,-7.789500356E-1
2.927320946E2,4.204050064E0,1.110495090E1,-3.915000200E0
2.927345383E2,5.817000389E0,1.051095009E1,-4.759950161E0
2.927369819E2,1.022295094E1,1.125300026E1,-1.003695011E1
2.927394256E2,6.895050526E0,8.818050385E0,-1.235700035E1
2.927418693E2,1.033950090E0,8.971050262E0,-5.728050232E0
2.927443127E2,1.855050087E0,8.437050819E0,1.461000085E0
2.927467564E2,6.421050072E0,7.807950497E0,-3.355050087E0
2.927492001E2,3.484950066E0,5.236050129E0,-4.569000244E0
2.927516437E2,3.624000072E0,7.446000576E0,-5.389500260E-1
2.927540872E2,8.973000526E0,5.550000191E0,-5.602950096E0
2.927565308E2,4.426050186E0,5.155050278E0,-7.486950397E0
2.927589745E2,-3.600000218E-2,7.944000244E0,1.330050111E0
2.927614182E2,-7.249500155E-1,9.649050713E0,4.074000359E0
2.927638617E2,2.857950211E0,7.690050602E0,-9.460500479E-1
2.927663054E2,8.037000656E0,8.878050804E0,-3.925050259E0
2.927687490E2,1.255695057E1,7.192050457E0,-1.087500095E1
2.927711927E2,6.636000156E0,7.434000492E0,-1.504395103E1
2.927736361E2,-1.350000024E0,8.377950668E0,-5.935950279E0
2.927760798E2,1.588950038E0,6.690000534E0,3.928050280E0
2.927785235E2,7.939050198E0,5.317950249E0,-2.752050161E0
2.927809669E2,4.900050163E0,4.990050316E0,-3.096000195E0
2.927834106E2,4.785000324E0,6.109950066E0,1.081050038E0
2.927858542E2,9.924000740E0,6.088950157E0,-6.112950325E0
2.927882979E2,3.354000092E0,5.563950062E0,-7.798950195E0
2.927907414E2,3.460500240E-1,8.377950668E0,2.980500162E-1
2.927931851E2,6.940500140E-1,1.165995026E1,4.890000224E-1
2.927956287E2,2.302050114E0,9.948000908E0,-2.422950029E0
2.927980724E2,5.701950073E0,1.243095016E1,-3.373950243E0
2.928005159E2,1.025595093E1,1.205295086E1,-9.373950005E0
2.928029595E2,4.801950455E0,9.414000511E0,-1.057800007E1
2.928054032E2,-6.630000472E-1,1.111905098E1,-2.680050135E0
2.928078468E2,1.101000071E0,1.006800079E1,2.259000063E0
2.928102903E2,5.335950375E0,9.289950371E0,-4.641000271E0
2.928127340E2,3.471000195E0,8.406000137E0,-2.337000132E0
2.928151776E2,5.566050053E0,8.574000359E0,-1.350000054E-1
2.928176213E2,8.367000580E0,8.707950592E0,-6.088950157E0
2.928200648E2,4.012050152E0,7.101000309E0,-5.838000298E0
2.928225085E2,2.494050026E0,1.081995010E1,-7.240500450E-1
2.928249521E2,2.712000132E0,1.309905052E1,-2.589000225E0
2.928273958E2,2.524950027E0,1.184400082E1,-2.670000076E0
2.928298392E2,6.873000145E0,1.320405102E1,-3.963000298E0
2.928322829E2,1.122405052E1,1.067400074E1,-1.113405037E1
2.928347265E2,4.855050087E0,9.105000496E0,-1.183995056E1
2.928371702E2,5.710500479E-1,8.527950287E0,-4.219050407E0
2.928396137E2,2.989950180E0,6.787950516E0,-4.750500321E-1
2.928420574E2,5.257050037E0,5.353950024E0,-6.685050488E0
2.928445010E2,2.200050116E0,3.370950222E0,-2.245950222E0
2.928469447E2,6.646050453E0,5.490000248E0,-1.674000025E0
2.928493882E2,1.045995045E1,2.622000217E0,-1.036800003E1
2.928518318E2,3.064050198E0,4.137000084E0,-5.304000378E0
2.928542755E2,-6.250500083E-1,8.272050858E0,2.041050196E0
2.928567189E2,1.893000126E0,7.044000149E0,1.866000056E0
2.928591626E2,3.603000164E0,7.659000397E0,-2.311050177E0
2.928616063E2,6.241050243E0,9.433050156E0,-2.953050137E0
2.928640499E2,1.025205040E1,4.225950241E0,-7.285950184E0
2.928664936E2,4.825950146E0,5.571000099E0,-1.031505013E1
2.928689371E2,7.605000585E-2,4.614000320E0,-8.335050583E0
2.928713808E2,7.134000301E0,2.895000219E0,-5.515050411E0
2.928738244E2,7.287000179E0,8.070000410E-1,-6.328950405E0
2.928762679E2,-1.750500053E-1,2.758050203E0,-1.321950078E0
2.928787115E2,5.346000195E0,4.177950382E0,3.300000191E0
2.928811552E2,8.680950165E0,2.650050163E0,-2.521950006E0
2.928835988E2,2.062950134E0,2.113950014E0,-7.740000486E-1
2.928860423E2,6.900000572E-2,8.104949951E0,1.057050109E0
2.928884860E2,3.949950218E0,5.883000374E0,-1.758000135E0
2.928909296E2,5.046000004E0,7.642050266E0,-6.372000217E0
2.928933733E2,6.406050205E0,1.016595078E1,-6.031950474E0
2.928958168E2,6.142950058E0,7.420050144E0,-1.190205097E1
2.928982605E2,-9.240000248E-1,9.430950165E0,-4.578000069E0
2.929007041E2,-1.579950094E0,8.923050880E0,4.890000343E0
2.929031478E2,3.025950193E0,9.201000214E0,-1.249500066E-1
2.929055912E2,2.404950142E0,8.149950027E0,-8.239500523E-1
2.929080349E2,3.660000086E0,9.850050926E0,2.101050138E0
2.929104785E2,9.250950813E0,1.019505024E1,-3.190050125E0
2.929129222E2,5.431950092E0,7.080000401E0,-8.881050110E0
2.929153657E2,2.443950176E0,1.004595089E1,-2.233950138E0
2.929178094E2,3.162000179E0,1.441800022E1,-2.503050089E0
2.929202530E2,3.472950220E0,1.288395023E1,-4.198050022E0
2.929226967E2,2.994000196E0,1.461000061E1,3.000000119E-2
2.929251402E2,8.736000061E0,1.422195053E1,-6.274050236E0
2.929275839E2,6.775050163E0,1.132200050E1,-1.086105061E1
2.929300275E2,1.570050120E0,1.061100006E1,-9.549000740E0
2.929324712E2,2.403000116E0,9.481050491E0,-2.572050095E0
2.929349146E2,5.329050064E0,9.466950417E0,-5.734950066E0
2.929373583E2,2.254950047E0,5.710050106E0,-6.180000305E0
2.929398019E2,2.326050043E0,4.120050430E0,-5.820000172E-1
2.929422456E2,6.880050182E0,4.759950161E0,-7.392000198E0
2.929446891E2,4.363950253E0,9.430500269E-1,-9.609000206E0
2.929471327E2,1.285050035E0,2.947050095E0,1.806000113E0
2.929495764E2,5.190000057E0,6.936000347E0,2.734950066E0
2.929520199E2,2.190000057E0,6.180000305E0,1.021050096E0
2.929544635E2,5.286000252E0,1.004895020E1,2.460000038E0
2.929569072E2,8.410050392E0,6.697050095E0,-2.797050238E0
2.929593509E2,4.210950375E0,4.492050171E0,-8.718000412E0
2.929617945E2,-8.310000300E-1,6.057000160E0,-8.341950417E0
2.929642380E2,3.604950190E0,2.851950169E0,-8.650950432E0
2.929666817E2,8.215950012E0,-6.105000153E-2,-9.289950371E0
2.929691253E2,1.387950063E0,-2.050500065E-1,-4.771950245E0
2.929715688E2,2.827050209E0,2.671950102E0,2.662950039E0
2.929740125E2,7.615050316E0,2.218950033E0,-1.201950073E0
2.929764561E2,3.639000177E0,1.150500029E-1,-7.120500207E-1
2.929788998E2,3.184050083E0,2.551950216E0,2.946000099E0
2.929813432E2,5.701950073E0,7.936950207E0,-2.754000187E0
2.929837869E2,5.659050465E0,8.962050438E0,-5.977050304E0
2.929862305E2,6.495000362E0,1.165800095E1,-4.573950291E0
2.929886742E2,7.113000393E0,8.631000519E0,-9.690000534E0
2.929911177E2,1.761000037E0,7.366950512E0,-1.156695080E1
2.929935614E2,-1.170000061E-1,1.054905033E1,-5.515050411E0
2.929960050E2,3.885000229E0,9.261000633E0,-3.550500274E-1
2.929984487E2,1.953000069E0,6.565050125E0,4.969500303E-1
2.930008922E2,9.660000205E-1,9.108000755E0,2.022000074E0
2.930033358E2,6.520950317E0,1.156200027E1,4.864050388E0
2.930057795E2,5.230950356E0,6.400050163E0,-7.296000481E0
2.930082232E2,3.454050064E0,7.690050602E0,-3.309000254E0
2.930106666E2,5.274000168E0,1.102800083E1,-8.299050331E0
2.930131103E2,3.400950193E0,1.121505070E1,-6.706950188E0
2.930155540E2,3.306000233E0,1.356600094E1,-3.052950144E0
2.930179976E2,8.335950851E0,1.303005028E1,-6.372000217E0
2.930204413E2,5.980050087E0,8.880000114E0,-7.365000248E0
2.930228848E2,1.600950122E0,1.010895061E1,-2.811000109E0
2.930253284E2,3.568950176E0,8.892000198E0,5.640000105E-1
2.930277721E2,4.897950172E0,8.398950577E0,-4.510950089E0
2.930302156E2,1.741950035E0,5.083050251E0,-3.463050127E0
2.930326593E2,2.419950008E0,4.198950291E0,1.900050044E0
2.930351029E2,6.651000500E0,4.410000324E0,-7.698000431E0
2.930375466E2,3.246000051E0,1.824000120E0,-7.317000389E0
2.930399900E2,1.399950027E0,4.336050034E0,9.199500680E-1
2.930424337E2,5.145000458E0,6.543000221E0,-7.980000377E-1
2.930448774E2,3.162000179E0,7.027050495E0,1.428000093E0
2.930473208E2,8.053950310E0,9.453000069E0,-3.210000098E-1
2.930497645E2,8.616000175E0,7.816950321E0,-9.436050415E0
2.930522081E2,4.294950008E0,6.352050304E0,-1.202505016E1
2.930546518E2,7.099500299E-1,7.525050163E0,-6.391050339E0
2.930570955E2,4.824000359E0,6.463950157E0,-2.845050097E0
2.930595390E2,6.415950298E0,3.340050220E0,-4.839000225E0
2.930619827E2,1.986000061E0,5.365950108E0,1.591050029E0
2.930644263E2,6.973950386E0,8.506950378E0,2.359050035E0
2.930668700E2,7.480950356E0,5.310000420E0,-4.249950409E0
2.930693134E2,1.953000069E0,5.049000263E0,-4.890000224E-1
2.930717571E2,2.674050093E0,9.643950462E0,7.360500097E-1
2.930742008E2,3.289050102E0,1.057500076E1,-3.273000240E0
2.930766442E2,4.459950447E0,1.193100071E1,-3.436050177E0
2.930790879E2,9.232050896E0,1.320195103E1,-9.118050575E0
2.930815316E2,6.469050407E0,1.102305031E1,-1.222305012E1
2.930839752E2,5.590500236E-1,1.185195065E1,-5.578950405E0
2.930864189E2,6.790500283E-1,1.113600063E1,6.570000052E-1
2.930888624E2,3.997950077E0,1.072200012E1,-3.997050285E0
2.930913061E2,2.914950132E0,9.117000580E0,-2.694000244E0
2.930937497E2,3.640950203E0,9.556050301E0,3.289500177E-1
2.930961934E2,7.512000561E0,9.991050720E0,-3.882000208E0
2.930986368E2,4.540950298E0,7.008000374E0,-4.963950157E0
2.931010804E2,2.346000195E0,9.285000801E0,-1.969500035E-1
2.931035241E2,4.711050034E0,1.108995056E1,-1.392000079E0
2.931059676E2,2.494050026E0,1.117200089E1,-3.679950237E0
2.931084113E2,4.299000263E0,1.427505112E1,4.080000222E-1
2.931108550E2,8.239950180E0,1.110900021E1,-6.372000217E0
2.931132986E2,2.856000185E0,8.959050179E0,-6.396000385E0
2.931157423E2,4.050000105E-3,9.754050255E0,-6.795000285E-2
2.931181857E2,2.013000011E0,8.860950470E0,7.339500189E-1
2.931206294E2,3.409050226E0,6.751950264E0,-4.495050430E0
2.931230730E2,4.759500325E-1,7.003050327E0,-5.220000148E-1
2.931255165E2,3.985950232E0,8.734050751E0,4.630500078E-1
2.931279602E2,7.038000107E0,8.164050102E0,-4.899000168E0
2.931304038E2,1.800000072E0,6.867000103E0,-1.106999993E0
2.931328475E2,2.863050222E0,1.025505066E1,2.323050022E0
2.931352910E2,2.401050091E0,1.244805050E1,-9.079500437E-1
2.931377347E2,2.452950001E0,1.308900070E1,1.500000060E-2
2.931401783E2,9.912000656E0,1.333095074E1,-6.862950325E0
2.931426220E2,8.664000511E0,9.345000267E0,-1.286295033E1
2.931450654E2,1.396950126E0,9.886050224E0,-9.541950226E0
2.931475091E2,2.671050072E0,1.063305092E1,-3.060000181E0
2.931499527E2,7.761000156E0,7.882050514E0,-6.064950466E0
2.931523964E2,3.439950228E0,6.313950062E0,-8.388000488E0
2.931548399E2,4.768950462E0,6.751950264E0,-4.308000088E0
2.931572836E2,1.077600098E1,4.812000275E0,-1.160595036E1
2.931597272E2,6.379950523E0,3.787950277E0,-1.493400097E1
2.931621709E2,1.725000024E0,4.659000397E0,-4.320000172E0
2.931646144E2,4.945950031E0,5.761050224E0,1.264950037E0
2.931670580E2,2.383949995E0,9.238950729E0,3.619500101E-1
2.931695017E2,4.450500309E-1,1.022400093E1,5.340000153E0
2.931719453E2,5.331000328E0,6.421050072E0,6.219000340E0
2.931743888E2,6.291000366E0,2.751000166E0,3.355050087E0
2.931768325E2,8.271000862E0,1.531950116E0,-4.293000221E0
2.931792761E2,1.211400032E1,1.645050049E0,-1.479195023E1
2.931817198E2,1.235805035E1,-2.202000141E0,-1.764599991E1
2.931841633E2,3.861000299E0,-8.680500388E-1,-1.580805111E1
2.931866070E2,3.622050285E0,4.635000229E0,-1.203705025E1
2.931890506E2,6.163950443E0,4.936950207E0,-6.135000229E0
2.931914943E2,3.018000126E0,3.880950212E0,-2.539499998E-1
2.931939377E2,2.737950087E0,6.322950363E0,1.983000040E0
2.931963814E2,2.665950060E0,1.056795025E1,2.380950212E0
2.931988250E2,1.584000111E0,1.309200096E1,3.489000082E0
2.932012685E2,8.470500112E-1,1.374300098E1,9.660000205E-1
2.932037122E2,6.120000482E-1,1.237395096E1,2.599050045E0
2.932061558E2,-8.260500431E-1,1.123200035E1,-8.205000311E-2
2.932085995E2,-1.128000021E0,1.086795044E1,-1.377000093E0
2.932110432E2,3.420000076E-1,1.162695026E1,1.078050017E0
2.932134866E2,1.383000016E0,1.093905067E1,1.489500105E-1
2.932159303E2,1.759500057E-1,1.122900009E1,5.320500135E-1
2.932183740E2,6.340500116E-1,1.230705070E1,3.232950211E0
2.932208174E2,1.399950027E0,8.257950783E0,3.199950218E0
2.932232611E2,1.141050100E0,9.157950401E0,-2.773050070E0
2.932257047E2,2.463000059E0,1.214400101E1,4.200000167E-1
2.932281484E2,2.209050179E0,1.223505020E1,2.812050104E0
2.932305919E2,3.330000162E0,1.197900105E1,1.999950051E0
2.932330356E2,1.635000038E1,8.356050491E0,6.874950409E0
2.932354792E2,1.710405159E1,1.800000072E0,-2.786805153E1
2.932379229E2,1.074705029E1,5.535000324E0,-3.030300140E1
2.932403666E2,6.976050377E0,7.108950138E0,-2.568600082E1
2.932428100E2,3.322050095E0,4.597050190E0,-1.632000160E1
2.932452537E2,3.334050179E0,6.735000134E0,1.327050090E0
2.932476973E2,5.377050400E0,1.020195007E1,7.339050293E0
2.932501408E2,2.737950087E0,6.349950314E0,4.018949986E0
2.932525845E2,1.825950146E0,5.227050304E0,5.218050480E0
2.932550281E2,5.179950237E0,7.314000130E0,4.969050407E0
2.932574718E2,4.588950157E0,5.209950447E0,2.599500120E-1
2.932599152E2,7.857000351E0,8.859000206E0,1.236000061E0
2.932623589E2,9.775050163E0,8.907000542E0,-4.930050373E0
2.932648025E2,5.839050293E0,3.723000288E0,-1.660500145E1
2.932672462E2,1.663050056E0,5.290950298E0,-1.693004990E1
2.932696897E2,6.865950108E0,4.872000217E0,-1.140195084E1
2.932721334E2,5.953950405E0,3.514950275E0,-8.803950310E0
2.932745770E2,8.920500278E-1,4.068000317E0,6.829500198E-1
2.932770207E2,3.178950071E0,8.008950233E0,6.658950329E0
2.932794642E2,4.453050137E0,8.167050362E0,4.147950172E0
2.932819078E2,1.596000075E0,3.321000099E0,2.806950092E0
2.932843515E2,1.869000077E0,7.326000214E0,-1.885050058E0
2.932867951E2,2.626050234E0,8.454000473E0,1.408950090E0
2.932892386E2,1.771050096E0,8.706000328E0,-8.650500178E-1
2.932916823E2,2.109000206E0,1.367100048E1,6.930000186E-1
2.932941260E2,5.293050289E0,1.245495033E1,3.223950148E0
2.932965696E2,2.440950155E0,5.445000172E0,-4.662000179E0
2.932990131E2,4.338000298E0,9.472050667E0,-7.240950108E0
2.933014568E2,7.066950321E0,9.589050293E0,-1.457700062E1
2.933039004E2,4.999500215E-1,6.723000526E0,-8.533950806E0
2.933063441E2,2.142000198E0,8.743950844E0,-3.637050152E0
2.933087876E2,6.841950417E0,9.357000351E0,-4.474950314E0
2.933112312E2,3.849000216E0,6.670050144E0,-4.332000256E0
2.933136749E2,3.985950232E0,7.348050117E0,-5.940000415E-1
2.933161186E2,5.973000050E0,8.410950661E0,-2.838000059E0
2.933185620E2,4.981950283E0,9.429000854E0,-4.485000134E0
2.933210057E2,9.997950554E0,1.208595085E1,-6.472050190E0
2.933234493E2,9.222000122E0,7.483950138E0,-1.397100067E1
2.933258928E2,2.664000034E0,7.053000450E0,-1.128495026E1
2.933283365E2,1.540950060E0,7.446000576E0,-1.602000117E0
2.933307801E2,5.905950069E0,7.140000343E0,-2.091000080E0
2.933332238E2,2.539950132E0,3.751950264E0,-3.991950274E0
2.933356675E2,4.510050297E0,6.654000282E0,5.128950119E0
2.933381109E2,9.427950859E0,5.611950397E0,-1.156949997E0
2.933405546E2,5.452950478E0,2.422950029E0,-6.688050270E0
2.933429983E2,2.125050068E0,5.868000507E0,-4.840500355E-1
2.933454420E2,5.587050438E0,5.509050369E0,-5.404050350E0
2.933478854E2,4.656000137E0,5.634000301E0,-5.191050053E0
2.933503290E2,8.470050812E0,8.995050430E0,-3.544050217E0
2.933527727E2,1.134795094E1,6.340050220E0,-7.734000206E0
2.933552164E2,3.241050243E0,6.390000343E0,-9.798000336E0
2.933576599E2,1.399500072E-1,7.840950489E0,-2.380050182E0
2.933601036E2,6.514050484E0,7.197000504E0,-2.140950203E0
2.933625472E2,5.965950489E0,3.414000273E0,-5.110050201E0
2.933649909E2,1.551000118E0,5.926050186E0,1.569000125E0
2.933674343E2,5.796000481E0,9.001950264E0,9.300000668E-1
2.933698780E2,6.733950138E0,6.631950378E0,-7.492050171E0
2.933723217E2,2.223000050E0,6.409050465E0,-2.488050222E0
2.933747653E2,1.267950058E0,8.513999939E0,3.600000143E-1
2.933772088E2,1.912050128E0,9.835950851E0,-1.851000071E0
2.933796524E2,5.571000099E0,1.330995083E1,-1.822950125E0
2.933820961E2,9.484950066E0,1.358295059E1,-7.734000206E0
2.933845396E2,4.900050163E0,9.325950623E0,-7.875000477E0
2.933869833E2,7.249500155E-1,1.044600010E1,-2.845050097E0
2.933894269E2,1.816050053E0,1.249800014E1,5.850000381E-1
2.933918706E2,3.325050116E0,9.639000893E0,-9.130500555E-1
2.933943143E2,1.146000028E0,8.679000854E0,-2.830500007E-1
2.933967577E2,1.918950081E0,1.049400043E1,2.568000078E0
2.933992014E2,6.199950218E0,1.005795002E1,-5.064000130E0
2.934016450E2,1.816050053E0,7.068000317E0,-4.669050217E0
2.934040885E2,3.775050163E0,9.160050392E0,-2.413950205E0
2.934065322E2,3.571050167E0,9.840000153E0,-4.267050266E0
2.934089758E2,3.639000177E0,1.164300060E1,-2.076000214E0
2.934114195E2,7.864050388E0,1.257495022E1,-4.626000404E0
2.934138630E2,6.382050514E0,9.189000130E0,-9.604050636E0
2.934163066E2,1.536000013E0,9.145950317E0,-5.008950233E0
2.934187503E2,2.407950163E0,7.741050243E0,-5.539500117E-1
2.934211940E2,5.298000336E0,6.811950207E0,-3.012000084E0
2.934236376E2,2.350050211E0,3.523950100E0,-3.898050070E0
2.934260811E2,4.965000153E0,5.445000172E0,1.162050009E0
2.934285247E2,9.799050331E0,5.904000282E0,-7.296000481E0
2.934309684E2,5.097000122E0,4.474950314E0,-9.337950706E0
2.934334119E2,2.335950136E0,5.691000462E0,-2.821050167E0
2.934358556E2,4.266000271E0,6.097950459E0,-4.873050213E0
2.934382992E2,3.640950203E0,7.077000141E0,-5.838000298E0
2.934407429E2,6.205050468E0,1.078605080E1,-5.779950142E0
2.934431863E2,4.831050396E0,7.768950462E0,-7.789050579E0
2.934456300E2,9.499500394E-1,5.286000252E0,-4.654950142E0
2.934480737E2,6.030000448E-1,4.947000027E0,-3.493950129E0
2.934505173E2,6.181050301E0,4.137000084E0,-2.977050066E0
2.934529608E2,4.417050362E0,-5.860500336E-1,-3.487050056E0
2.934554045E2,4.896000385E0,2.851950169E0,1.390050054E0
2.934578481E2,9.931050301E0,4.209000111E0,-1.437000036E0
2.934602918E2,8.038949966E0,0.000000000E0,-5.778000355E0
2.934627353E2,5.353050232E0,2.607000113E0,-7.791000366E0
2.934651789E2,5.956050396E0,5.956950188E0,-9.757050514E0
2.934676226E2,4.705950260E0,7.461000443E0,-8.407050133E0
2.934700663E2,6.243000507E0,9.736950874E0,-5.637000084E0
2.934725097E2,7.708950520E0,9.667950630E0,-4.885050297E0
2.934749534E2,2.203950167E0,6.867000103E0,-1.990050077E0
2.934773970E2,-3.109500110E-1,9.216000557E0,5.151000023E0
2.934798405E2,1.183950067E0,9.426000595E0,1.015950084E0
2.934822842E2,2.422049999E0,7.141950130E0,2.641950130E0
2.934847279E2,1.471950054E0,7.744950294E0,1.969500035E-1
2.934871715E2,1.132050037E0,1.044105053E1,4.920000136E-1
2.934896152E2,4.258950233E0,1.117395020E1,2.469000101E0
2.934920586E2,1.945950150E0,8.155050278E0,-4.534950256E0
2.934945023E2,3.919050217E0,9.400050163E0,-5.730000496E0
2.934969459E2,2.575050116E0,1.115205097E1,-8.911950111E0
2.934993896E2,2.614050150E0,1.289805031E1,-4.328999996E0
2.935018331E2,6.823050499E0,1.296300030E1,-5.134050369E0
2.935042767E2,3.595050097E0,9.301950455E0,-6.099000454E0
2.935067204E2,1.297050118E0,1.016595078E1,2.119950056E0
2.935091639E2,5.286000252E0,1.174905014E1,2.098050117E0
2.935116076E2,4.060050011E0,1.009200001E1,-1.758000135E0
2.935140513E2,2.953950167E0,8.728950500E0,1.071000099E0
2.935164949E2,6.892050266E0,1.181805038E1,-1.899000049E0
2.935189383E2,6.532950401E0,8.586000443E0,-8.701050758E0
2.935213820E2,6.649500132E-1,8.229000092E0,-4.155000210E0
2.935238257E2,2.286000013E0,8.049000740E0,-2.344050169E0
2.935262693E2,3.603000164E0,8.121000290E0,-2.743950129E0
2.935287130E2,5.544000149E0,8.353950500E0,-2.569950104E0
2.935311565E2,1.176495075E1,9.108000755E0,-9.190050125E0
2.935336001E2,8.776950836E0,5.646000385E0,-1.748400116E1
2.935360438E2,1.792950034E0,5.782050133E0,-1.195500088E1
2.935384873E2,1.572000027E0,5.638050079E0,-4.818000317E0
2.935409310E2,3.495000124E0,5.245950222E0,-1.495050073E0
2.935433746E2,9.210000634E-1,2.052000046E0,1.066050053E0
2.935458183E2,2.839050055E0,4.992000103E0,9.106050491E0
2.935482620E2,4.783050060E0,4.209000111E0,2.641950130E0
2.935507054E2,2.484000206E0,1.510500014E-1,8.580000401E-1
2.935531491E2,4.720950127E0,1.459950089E0,2.026050091E0
2.935555927E2,8.286000252E0,2.575950146E0,-3.570000172E0
2.935580362E2,7.735050201E0,4.879050255E0,-6.301950455E0
2.935604799E2,7.764000416E0,9.927000046E0,-7.200000286E0
2.935629235E2,6.457050323E0,7.414950371E0,-7.492050171E0
2.935653672E2,8.539500237E-1,6.840000153E0,-9.817050934E0
2.935678106E2,-1.237950087E0,7.792950153E0,-1.317000031E0
2.935702543E2,9.690000415E-1,8.908950806E0,5.167950153E0
2.935726980E2,1.981950045E0,6.646050453E0,4.339050293E0
2.935751416E2,2.293050051E0,6.883050442E0,-3.252000093E0
2.935775851E2,3.136050224E0,1.142100048E1,3.477000237E0
2.935800288E2,4.246950150E0,9.864000320E0,4.042050362E0
2.935824725E2,3.117000103E0,6.091050148E0,-4.176000118E0
2.935849161E2,7.467000484E0,8.671950340E0,-1.321905041E1
2.935873596E2,3.330000162E0,1.051800060E1,-1.480005074E1
2.935898033E2,5.563950062E0,1.349700069E1,-1.239795017E1
2.935922469E2,4.765950203E0,9.216000557E0,-1.093005085E1
2.935946906E2,5.929500461E-1,4.717050076E0,-6.934050560E0
2.935971340E2,3.607050180E0,6.745050430E0,6.330000162E-1
2.935995777E2,4.903050423E0,7.129950523E0,-5.580000281E-1
2.936020214E2,2.542050123E0,2.731950045E0,-2.419500053E-1
2.936044650E2,4.998000145E0,5.377050400E0,6.772050381E0
2.936069085E2,8.688000679E0,7.348050117E0,1.995000057E-2
2.936093522E2,4.345050335E0,3.286950111E0,-2.086050034E0
2.936117958E2,3.765000105E0,7.852950573E0,2.292000055E0
2.936142395E2,5.283000469E0,8.539950371E0,-3.088950157E0
2.936166830E2,4.639050007E0,9.465000153E0,-3.007950068E0
2.936191267E2,9.199950218E0,1.366395092E1,-5.530950069E0
2.936215703E2,8.166000366E0,1.198800087E1,-1.245300102E1
2.936240139E2,1.215000033E0,1.100205040E1,-8.653050423E0
2.936264574E2,6.580500603E-1,1.193805027E1,-1.341000080E0
2.936289011E2,3.787050247E0,1.152600098E1,-2.437950134E0
2.936313447E2,3.628950119E0,8.490000725E0,-3.778950214E0
2.936337884E2,6.418050289E0,8.728950500E0,-1.150050044E0
2.936362319E2,9.499950409E0,1.027905083E1,-6.967950344E0
2.936386755E2,4.242000103E0,8.428050041E0,-6.826950550E0
2.936411192E2,2.398050070E0,1.006995010E1,-1.945050120E0
2.936435629E2,4.315950394E0,1.004895020E1,-3.337950230E0
2.936460063E2,3.112050056E0,1.157595062E1,-1.497000098E0
2.936484500E2,8.563950539E0,1.306605053E1,-2.749050140E0
2.936508936E2,8.005949974E0,9.904950142E0,-9.535050392E0
2.936533373E2,1.642050028E0,9.000000000E0,-4.734000206E0
2.936557808E2,9.979500771E-1,8.265000343E0,2.078999996E0
2.936582245E2,4.078950405E0,7.822050571E0,1.066050053E0
2.936606681E2,2.434050083E0,5.526000500E0,-1.047000051E0
2.936631116E2,2.728950024E0,8.650050163E0,4.062000275E0
2.936655553E2,5.391000271E0,8.598000526E0,-2.002050161E0
2.936679989E2,3.160050154E0,6.819000244E0,-3.919950247E0
2.936704426E2,1.363950014E0,9.040950775E0,-3.405000269E-2
2.936728861E2,3.229050159E0,8.575950623E0,-2.766000032E0
2.936753297E2,2.631000042E0,8.028000832E0,-3.123000145E0
2.936777734E2,7.291950226E0,1.120305061E1,-4.641000271E0
2.936802170E2,8.773950577E0,8.682000160E0,-1.027200031E1
2.936826607E2,3.109050035E0,7.101000309E0,-1.003995037E1
2.936851042E2,1.713000059E0,6.532050133E0,-4.633050442E0
2.936875479E2,4.797000408E0,5.983050346E0,-5.248950481E0
2.936899915E2,3.748950243E0,3.571950197E0,-5.443050385E0
2.936924350E2,3.294000149E0,4.956000328E0,1.500000119E0
2.936948787E2,5.640000343E0,7.291050434E0,-1.648050070E0
2.936973223E2,3.646050215E0,2.679000139E0,-5.299050331E0
2.936997660E2,2.130000114E0,4.288050175E0,2.604000092E0
2.937022097E2,5.950950146E0,5.602950096E0,5.370000005E-1
2.937046531E2,4.387950420E0,5.725050449E0,-8.290500641E-1
2.937070968E2,6.186000347E0,1.130805016E1,-5.080500245E-1
2.937095404E2,6.259950161E0,7.492050171E0,-6.613050461E0
2.937119841E2,2.536950111E0,6.690000534E0,-1.081500053E1
2.937144276E2,2.022000074E0,8.184000015E0,-8.857050896E0
2.937168712E2,7.759050369E0,6.204000473E0,-7.132950306E0
2.937193149E2,3.676950216E0,3.349950075E0,-4.293000221E0
2.937217584E2,4.177050114E0,8.160000801E0,4.275000095E0
2.937242020E2,8.935050011E0,8.506950378E0,-1.566000104E0
2.937266457E2,5.494050026E0,6.991050243E0,-4.806000233E0
2.937290893E2,2.235000134E0,9.049950600E0,-3.640500307E-1
2.937315328E2,4.736999989E0,8.176050186E0,-4.954050064E0
2.937339765E2,4.444950104E0,9.100950241E0,-6.025050163E0
2.937364202E2,7.663050175E0,1.380300045E1,-6.982050419E0
2.937388638E2,6.591000080E0,1.023795033E1,-1.182105064E1
2.937413073E2,-1.339500099E-1,1.010400009E1,-5.866050243E0
2.937437509E2,1.519500017E-1,1.001505089E1,1.402050018E0
2.937461946E2,2.140050173E0,8.533050537E0,-1.060950041E0
2.937486383E2,1.534050107E0,6.025950432E0,-7.260000110E-1
2.937510817E2,3.732000113E0,9.073950768E0,1.603050113E0
2.937535254E2,6.757950306E0,9.262950897E0,-4.267050266E0
2.937559690E2,3.166950226E0,5.844000340E0,-3.858000278E0
2.937584127E2,2.094000101E0,8.035050392E0,1.615050077E0
2.937608562E2,3.459000111E0,8.586000443E0,-9.730500579E-1
2.937632999E2,3.640950203E0,9.505050659E0,-1.099050045E0
2.937657435E2,1.002195072E1,1.338900089E1,-3.673050165E0
2.937681872E2,7.366050243E0,9.639000893E0,-8.749050140E0
2.937706306E2,1.471950054E0,8.952000618E0,-7.195050240E0
2.937730743E2,1.756950140E0,1.110705090E1,-3.487050056E0
2.937755179E2,4.714050293E0,8.052000046E0,-4.654950142E0
2.937779616E2,2.899050236E0,5.835000515E0,-3.882000208E0
2.937804051E2,4.924050331E0,8.634000778E0,-8.895000070E-2
2.937828488E2,7.705950260E0,7.305000305E0,-4.854000092E0
2.937852924E2,3.235950232E0,6.109950066E0,-6.526950359E0
2.937877361E2,2.962950230E0,6.004950523E0,-1.885050058E0
2.937901796E2,4.843050003E0,4.939050198E0,-5.467050076E0
2.937926232E2,4.998000145E0,6.259050369E0,-3.654000282E0
2.937950669E2,8.158950806E0,1.038600063E1,-7.669050217E0
2.937975103E2,4.804950237E0,7.210950375E0,-1.015005016E1
2.937999540E2,-1.530000120E-1,6.214950085E0,-4.171050072E0
2.938023977E2,4.000050068E0,6.289950371E0,-1.750500053E-1
2.938048413E2,5.788950443E0,3.562950134E0,-1.483050108E0
2.938072850E2,3.001950026E0,8.239500523E-1,4.339500070E-1
2.938097285E2,7.659000397E0,4.425000191E0,3.439050198E0
2.938121722E2,1.011300087E1,3.924000263E0,-2.773050070E0
2.938146158E2,3.957000256E0,3.232050180E0,-7.168950558E0
2.938170595E2,3.883050203E0,8.203050613E0,-4.432050228E0
2.938195029E2,5.013000011E0,4.884000301E0,-5.481000423E0
2.938219466E2,4.090950012E0,9.534000397E0,-2.809500098E-1
2.938243902E2,7.891050339E0,1.248900032E1,-1.201950073E0
2.938268337E2,4.792950153E0,9.484050751E0,-3.927000284E0
2.938292774E2,1.522050023E0,1.031400013E1,1.648050070E0
2.938317211E2,3.267000198E0,1.197105026E1,8.700000644E-1
2.938341647E2,3.619050264E0,1.030995083E1,-3.964950085E0
2.938366084E2,2.560950041E0,1.010100079E1,-2.806950092E0
2.938390519E2,5.203950405E0,1.467405033E1,-6.151050091E0
2.938414956E2,4.444950104E0,1.392000103E1,-9.645000458E0
2.938439392E2,8.320500255E-1,1.124100018E1,-3.376050234E0
2.938463826E2,1.539000034E0,1.134195042E1,-1.162050009E0
2.938488263E2,2.494050026E0,1.111905098E1,-3.226050138E0
2.938512699E2,3.400950193E0,1.418805027E1,-9.439500570E-1
2.938537136E2,8.962950706E0,1.507200050E1,-8.026050568E0
2.938561571E2,5.880000114E0,9.814050674E0,-1.062405014E1
2.938586008E2,2.235000134E0,1.047495079E1,-5.028000355E0
2.938610444E2,4.891050339E0,1.232295036E1,-2.662950039E0
2.938634881E2,4.524000168E0,6.679950237E0,-6.331050396E0
2.938659315E2,2.809950113E0,5.796000481E0,-2.173950195E0
2.938683752E2,6.361050129E0,6.127050400E0,-1.855950117E0
2.938708188E2,5.214000225E0,3.735000134E0,-8.554950714E0
2.938732625E2,2.371950150E0,3.484050274E0,-3.031950235E0
2.938757060E2,2.970000029E0,3.309000254E0,-7.950000167E-1
2.938781497E2,4.443000317E0,3.043050051E0,-6.760500073E-1
2.938805933E2,7.843050480E0,6.598950386E0,7.579500079E-1
2.938830370E2,8.248050690E0,6.694050312E0,-3.795000076E0
2.938854804E2,2.719500065E-1,5.863950253E0,-7.507050514E0
2.938879241E2,-1.905000024E-2,5.047050476E0,-4.722000122E0
2.938903678E2,4.386000156E0,4.627950191E0,-5.365950108E0
2.938928114E2,5.008050442E0,6.199500561E-1,-6.994050503E0
2.938952551E2,2.479950190E0,7.420500517E-1,8.130000234E-1
2.938976986E2,7.234950542E0,3.498000145E0,1.780050039E0
2.939001422E2,6.496950150E0,8.160000443E-1,-2.931000233E0
2.939025859E2,4.736999989E0,3.193950176E0,-2.566950083E0
2.939050293E2,5.926950455E0,4.003050327E0,-3.120000124E0
2.939074730E2,6.246000290E0,4.246950150E0,-4.915950298E0
2.939099167E2,7.132050514E0,1.015605068E1,-4.096950054E0
2.939123604E2,6.615000248E0,1.066905022E1,-6.333000183E0
2.939148041E2,4.249500334E-1,8.713050842E0,-8.039999962E0
2.939172475E2,-7.729500532E-1,1.057095051E1,2.479500175E-1
2.939196912E2,2.310000181E0,7.432050228E0,-1.534950018E0
2.939221346E2,1.414050102E0,5.136000156E0,-6.109500527E-1
2.939245783E2,7.206000328E0,8.077950478E0,-1.183050036E0
2.939270219E2,8.230950356E0,7.651950359E0,-8.536050797E0
2.939294656E2,2.865000248E0,6.759000301E0,-7.341000557E0
2.939319093E2,2.185050011E0,9.225000381E0,-3.016950130E0
2.939343527E2,4.261050224E0,7.063050270E0,-4.565999985E0
2.939367964E2,3.253050089E0,1.021200085E1,-2.287050009E0
2.939392401E2,8.190000534E0,1.414305115E1,-4.276950359E0
2.939416837E2,5.070000172E0,8.131050110E0,-6.526950359E0
2.939441272E2,9.499500394E-1,8.260050774E0,-2.941050053E0
2.939465709E2,3.496950150E0,9.691950798E0,1.047000051E0
2.939490145E2,5.719050407E0,6.972000122E0,-3.421950102E0
2.939514580E2,3.763050079E0,6.426000118E0,-8.479500413E-1
2.939539017E2,6.856050491E0,9.736950874E0,-6.660000086E-1
2.939563453E2,6.423000336E0,9.012000084E0,-6.783000469E0
2.939587890E2,6.979500055E-1,8.808000565E0,-5.770950317E0
2.939612327E2,1.618050098E0,1.084395027E1,-1.297950029E0
2.939636761E2,2.484000206E0,8.442000389E0,-4.018050194E0
2.939661198E2,4.515000343E0,1.068105030E1,-2.230050087E0
2.939685635E2,1.011000061E1,1.068300056E1,-8.083950043E0
2.939710071E2,4.953000069E0,7.089000225E0,-1.010700035E1
2.939734506E2,1.390050054E0,8.296050072E0,-5.883000374E0
2.939758943E2,4.306950092E0,7.876950264E0,-3.367050171E0
2.939783379E2,3.981000185E0,3.553050280E0,-6.670950413E0
2.939807816E2,3.151950121E0,3.844950199E0,-1.789050102E0
2.939832251E2,6.532950401E0,6.448050499E0,-2.782950163E0
2.939856687E2,5.092050076E0,3.273000240E0,-7.351050377E0
2.939881124E2,4.009500146E-1,3.949950218E0,9.610500336E-1
2.939905561E2,4.903050423E0,5.037000179E0,2.706000090E0
2.939929995E2,4.120050430E0,3.304050207E0,-1.236000061E0
2.939954432E2,7.198950291E0,8.269950867E0,1.126049995E0
2.939978868E2,7.053000450E0,8.827950478E0,-2.746950150E0
2.940003303E2,1.749000072E0,4.843950272E0,-8.397000313E0
2.940027740E2,9.070500135E-1,8.100000381E0,-8.809050560E0
2.940052176E2,5.251950264E0,4.966050148E0,-7.939950466E0
2.940076613E2,2.347950220E0,3.259050131E0,-5.103000164E0
2.940101047E2,1.756950140E0,4.957950115E0,5.745000362E0
2.940125484E2,6.670050144E0,7.633050442E0,1.488000035E0
2.940149921E2,3.928050280E0,5.842050076E0,-1.897050142E0
2.940174358E2,3.667050123E0,6.988950253E0,1.690950036E0
2.940198794E2,5.341050148E0,8.023050308E0,-4.702950001E0
2.940223229E2,5.173050404E0,7.357950211E0,-5.086050034E0
2.940247666E2,9.040050507E0,1.308195019E1,-8.056950569E0
2.940272102E2,5.338050365E0,1.151205063E1,-1.108800030E1
2.940296537E2,-3.450000286E-1,9.982050896E0,-2.625000238E0
2.940320974E2,4.639500082E-1,1.028805065E1,4.905000329E-2
2.940345410E2,3.049950123E0,1.088700008E1,-2.329950094E0
2.940369847E2,2.065050125E0,5.305950165E0,-1.951950073E0
2.940394282E2,7.218000412E0,8.200050354E0,-4.461000443E0
2.940418718E2,9.085950851E0,9.055050850E0,-9.913050652E0
2.940443155E2,2.401050091E0,6.864000320E0,-6.850950241E0
2.940467592E2,2.833950043E0,8.512050629E0,-2.179050207E0
2.940492026E2,4.254000187E0,6.903000355E0,-3.606000185E0
2.940516463E2,7.285050392E0,9.097949982E0,-2.284950018E0
2.940540899E2,1.177395058E1,1.057800007E1,-6.487050533E0
2.940565336E2,5.937000275E0,7.321950436E0,-1.087995052E1
2.940589771E2,1.723050117E0,8.634000778E0,-5.007000446E0
2.940614208E2,4.696950436E0,8.914050102E0,-9.529500604E-1
2.940638644E2,4.539000034E0,5.209950447E0,-2.722950220E0
2.940663081E2,2.890950203E0,6.757050514E0,3.202050209E0
2.940687515E2,7.489050388E0,9.238950729E0,1.456950068E0
2.940711952E2,4.311000347E0,6.967050552E0,-3.345000267E0
2.940736388E2,1.054949999E0,8.926050186E0,2.194050074E0
2.940760825E2,1.797000051E0,1.043895054E1,5.590500236E-1
2.940785260E2,2.463000059E0,9.859950066E0,-1.102050066E0
2.940809697E2,3.768000126E0,1.387200069E1,-1.510500014E-1
2.940834133E2,7.402050495E0,1.469595051E1,-7.474950314E0
2.940858570E2,2.074949980E0,1.095405006E1,-5.103000164E0
2.940883005E2,1.831050038E0,1.104705048E1,-2.718000174E0
2.940907442E2,3.193050146E0,1.370505047E1,-2.850000143E0
2.940931878E2,2.856000185E0,8.550000191E0,-2.665050030E0
2.940956315E2,5.929500461E-1,9.622950554E0,1.339050055E0
2.940980749E2,3.849000216E0,1.303005028E1,-8.359500170E-1
2.941005186E2,3.106950045E0,9.703950882E0,-6.115050316E0
2.941029623E2,1.789950132E0,9.340050697E0,-5.730000138E-1
2.941054057E2,3.459000111E0,9.490950584E0,-3.232950211E0
2.941078494E2,3.046950102E0,8.871000290E0,-2.731950045E0
2.941102930E2,7.503000259E0,1.245300102E1,-3.288000107E0
2.941127367E2,6.591000080E0,9.277950287E0,-9.151050568E0
2.941151804E2,2.025000095E0,4.720950127E0,-6.573000431E0
2.941176238E2,1.906950116E0,6.274950504E0,-3.577950239E0
2.941200675E2,4.531949997E0,4.978050232E0,-7.027950287E0
2.941225112E2,2.877000093E0,1.317000031E0,-5.305950165E0
2.941249548E2,6.082950115E0,4.567950249E0,8.629500270E-1
2.941273983E2,6.387000084E0,4.365000248E0,-1.156949997E0
2.941298419E2,2.808000088E0,4.896000385E0,4.440000355E-1
2.941322856E2,3.763050079E0,6.915000439E0,1.464000106E0
2.941347291E2,3.217050076E0,4.894050121E0,-2.371050119E0
2.941371728E2,5.254950047E0,8.374950409E0,-3.493950129E0
2.941396164E2,8.215950012E0,8.815950394E0,-7.963950157E0
2.941420601E2,3.993000269E0,6.184050083E0,-1.104105091E1
2.941445036E2,8.230500221E-1,6.838050365E0,-1.161795044E1
2.941469472E2,6.057000160E0,5.338950157E0,-9.247050285E0
2.941493909E2,6.442050457E0,2.386950016E0,-8.524050713E0
2.941518346E2,3.568950176E0,5.092950344E0,-7.690500617E-1
2.941542780E2,7.759050369E0,6.304050446E0,2.127000093E0
2.941567217E2,4.588950157E0,3.871050119E0,-2.590950012E0
2.941591653E2,2.130000114E0,6.795000553E0,-1.332000017E0
2.941616090E2,5.583000183E0,4.045950413E0,-6.039000511E0
2.941640527E2,6.028050423E0,4.309950352E0,-7.771950245E0
2.941664962E2,9.535950661E0,8.808000565E0,-3.901050091E0
2.941689399E2,6.112050056E0,6.852000237E0,-5.431050301E0
2.941713835E2,-9.930000305E-1,9.096000671E0,-5.833050251E0
2.941738272E2,4.090500176E-1,9.760950089E0,-1.875000119E0
2.941762706E2,3.853950262E0,5.704950333E0,-5.074050426E0
2.941787143E2,1.246950030E0,4.744950294E0,2.275050163E0
2.941811579E2,4.350000322E-1,6.250950336E0,4.612050056E0
2.941836014E2,4.672950268E0,6.967050552E0,-5.509500504E-1
2.941860451E2,2.392950058E0,5.610000134E0,-7.905000448E-2
2.941884887E2,4.703999996E0,7.774050236E0,-1.890000105E0
2.941909324E2,4.639050007E0,6.292050362E0,-3.241950035E0
2.941933759E2,7.411950588E0,7.738050461E0,-5.356050491E0
2.941958196E2,9.217050552E0,1.303005028E1,-1.022205067E1
2.941982632E2,2.359950066E0,1.138695049E1,-7.249950409E0
2.942007069E2,-3.900000155E-1,1.121205044E1,-1.605000019E0
2.942031506E2,1.174950004E0,1.216005039E1,8.820000291E-1
2.942055940E2,1.903050065E0,8.569050789E0,-2.731950045E0
2.942080377E2,1.809000134E0,7.386000156E0,1.624050021E0
2.942104811E2,5.407950401E0,1.115700054E1,-3.430950165E0
2.942129248E2,3.664950132E0,8.695950508E0,-5.782950401E0
2.942153685E2,2.542050123E0,8.907000542E0,-1.606950045E0
2.942178121E2,4.848000050E0,7.647000313E0,-2.910000086E0
2.942202558E2,5.551950455E0,8.587950706E0,-2.328000069E0
2.942226993E2,1.001700020E1,1.261800098E1,-5.359050274E0
2.942251430E2,7.491000175E0,8.962050438E0,-1.068405056E1
2.942275866E2,2.331000090E0,8.452050209E0,-7.072950363E0
2.942300303E2,3.243000269E0,8.622000694E0,-3.388050079E0
2.942324737E2,4.765950203E0,6.193950176E0,-7.018050194E0
2.942349174E2,2.998950243E0,3.643950224E0,-4.300950050E0
2.942373610E2,8.082000732E0,7.228050232E0,-3.600000218E-2
2.942398047E2,7.399950504E0,4.650000095E0,-4.813050270E0
2.942422482E2,2.428950071E0,6.961950302E0,1.320000052E0
2.942446919E2,4.005000114E0,8.940000534E0,4.690950394E0
2.942471355E2,3.102000237E0,8.290950775E0,2.326050043E0
2.942495792E2,1.989000082E0,1.278795052E1,1.927950144E0
2.942520227E2,6.310950279E0,1.355205059E1,-2.284950018E0
2.942544663E2,1.753950119E0,1.015200043E1,-6.253950119E0
2.942569100E2,1.165050030E0,8.842050552E0,-2.763000250E0
2.942593537E2,2.596950054E0,1.136295033E1,-3.193950176E0
2.942617971E2,3.664950132E0,9.187050819E0,-3.901050091E0
2.942642407E2,5.712000370E0,9.412050247E0,-2.875950098E0
2.942666844E2,9.199950218E0,1.165800095E1,-8.601000786E0
2.942691281E2,3.495000124E0,9.274950027E0,-6.252000332E0
2.942715716E2,1.000050068E0,1.020000076E1,-4.156949997E0
2.942740153E2,3.255000114E0,7.104000568E0,-6.460050106E0
2.942764589E2,4.615050316E0,6.364050388E0,-6.460050106E0
2.942789026E2,9.411000252E0,8.169000626E0,-1.039905071E1
2.942813461E2,7.441050529E0,4.168050289E0,-1.358595085E1
2.942837897E2,1.330050111E0,3.972000122E0,-9.477000237E0
2.942862334E2,1.785000086E0,4.309950352E0,-7.140000463E-1
2.942886768E2,1.113000035E0,3.667950153E0,1.026000023E0
2.942911205E2,-6.370500326E-1,7.969500422E-1,4.156949997E0
2.942935641E2,1.474050045E0,1.776000142E0,6.556050301E0
2.942960078E2,3.705000132E-2,1.429050088E0,8.605950356E0
2.942984513E2,2.307000160E0,4.069500268E-1,5.671050072E0
2.943008950E2,9.736950874E0,-5.209500194E-1,-2.388000011E0
2.943033387E2,1.430295086E1,-2.443950176E0,-1.480695057E1
2.943057823E2,1.715700150E1,1.302000046E0,-1.719105148E1
2.943082257E2,9.993000031E0,8.446949959E0,-1.425600052E1
2.943106694E2,4.465050220E0,1.079805088E1,-1.380405045E1
2.943131130E2,4.833000183E0,1.168905067E1,-1.678695107E1
2.943155567E2,2.781000137E0,1.387005043E1,-4.411050320E0
2.943180002E2,2.580000162E0,8.773050308E0,1.043295002E1
2.943204439E2,-6.195000187E-2,7.326000214E0,4.312950134E0
2.943228875E2,2.608950138E0,1.008705044E1,1.294050097E0
2.943253312E2,8.710500598E-1,9.072000504E0,8.175000191E0
2.943277746E2,9.160500169E-1,8.281949997E0,-1.915950060E0
2.943302183E2,1.267950058E0,7.741050243E0,8.700000644E-1
2.943326620E2,1.359600067E1,9.473999977E0,-1.104000092E0
2.943351056E2,1.430700111E1,1.193100071E1,-2.501805115E1
2.943375491E2,4.227000237E0,9.181950569E0,-2.754195213E1
2.943399928E2,-1.527000070E0,6.028950214E0,-1.597800064E1
2.943424364E2,6.859500408E-1,6.802050114E0,-5.203050137E0
2.943448801E2,1.384950042E0,6.589050293E0,4.126049995E0
2.943473235E2,1.153050065E0,5.458950043E0,5.493000031E0
2.943497672E2,2.884050131E0,8.581050873E0,6.766950130E0
2.943522109E2,3.255000114E0,8.389050484E0,5.469000340E0
2.943546545E2,3.952050209E0,9.450000763E0,3.997050285E0
2.943570980E2,6.427950382E0,1.221300030E1,4.532999992E0
2.943595417E2,6.511950493E0,1.267005062E1,1.066050053E0
2.943619853E2,6.595050335E0,1.978905106E1,-1.819950104E0
2.943644290E2,5.511000156E0,2.057895088E1,5.389950275E0
2.943668725E2,3.483000278E0,1.286895084E1,4.746000290E0
2.943693162E2,1.960050106E0,1.516995049E1,-3.180000067E0
2.943717598E2,5.383950233E0,1.544805050E1,-2.350500077E-1
2.943742035E2,7.267950535E0,8.605050087E0,-7.777050495E0
2.943766469E2,6.145050526E0,1.038405037E1,-2.203695107E1
2.943790906E2,7.158000469E0,7.188000202E0,-2.824095154E1
2.943815343E2,2.050950050E0,5.763000488E0,-1.783800125E1
2.943839777E2,4.394999981E0,5.964000225E0,-1.114800072E1
2.943864214E2,4.716000080E0,8.401050568E0,-3.915000200E0
2.943888650E2,4.584000111E0,1.015200043E1,5.830500126E-1
2.943913087E2,1.906950116E0,1.012500095E1,5.697000504E0
2.943937524E2,4.200000316E-2,8.811000824E0,5.893050194E0
2.943961959E2,1.860000044E-1,8.643000603E0,4.532999992E0
2.943986395E2,3.580500185E-1,6.457050323E0,7.873050213E0
2.944010832E2,1.315950036E0,3.522000074E0,3.643050194E0
2.944035269E2,5.025000095E0,6.763950348E0,6.571050167E0
2.944059703E2,8.488950729E0,3.907050133E0,-1.722000122E0
2.944084139E2,7.053000450E0,2.454000235E0,-5.953050137E0
2.944108576E2,9.684000015E0,7.662000179E0,-1.235295105E1
2.944133011E2,4.884000301E0,6.265950203E0,-1.272405052E1
2.944157448E2,5.592000484E0,1.003395081E1,-8.171999931E0
2.944181884E2,7.149000168E0,1.187805080E1,-1.070505047E1
2.944206321E2,1.158000112E0,9.273000717E0,-9.096000671E0
2.944230755E2,-4.800000042E-2,9.337950706E0,-1.501950026E0
2.944255193E2,3.319950104E0,8.944950104E0,-4.720500112E-1
2.944279629E2,2.278950214E0,7.018050194E0,-2.851950169E0
2.944304066E2,5.367000103E0,5.727000237E0,-1.339050055E0
2.944328500E2,9.208050728E0,6.651000500E0,-6.441000462E0
2.944352937E2,3.568950176E0,6.259050369E0,-6.027000427E0
2.944377373E2,2.719050169E0,9.418950081E0,-6.090000272E-1
2.944401810E2,2.626050234E0,8.128950119E0,-2.020950079E0
2.944426245E2,3.571050167E0,7.872000217E0,-1.920000017E-1
2.944450682E2,1.027095032E1,1.164300060E1,-3.634950161E0
2.944475119E2,4.692000389E0,5.866050243E0,-8.464050293E0
2.944499555E2,1.438050032E0,7.630050182E0,-3.843000174E0
2.944523992E2,6.153000355E0,7.501050472E0,-2.926050186E0
2.944548426E2,6.931050301E0,5.145000458E0,-6.915000439E0
2.944572862E2,6.366000175E0,4.984950066E0,-3.601050138E0
2.944597299E2,9.684000015E0,5.815950394E0,-6.199050426E0
2.944621734E2,4.503000259E0,6.417000294E0,-6.475050449E0
2.944646171E2,1.408950090E0,9.067049980E0,-2.412000179E0
2.944670607E2,1.860000134E0,7.219050407E0,-2.929050207E0
2.944695044E2,3.148050070E0,6.565050125E0,-2.818950176E0
2.944719478E2,8.437050819E0,1.006500053E1,-2.887950182E0
2.944743915E2,5.935050488E0,8.428050041E0,-7.267050266E0
2.944768351E2,-1.960500032E-1,8.788949966E0,-2.212949991E0
2.944792788E2,-4.000500143E-1,8.931000710E0,2.577000141E0
2.944817223E2,8.970000148E-1,8.197950363E0,1.557000041E0
2.944841659E2,1.639500111E-1,5.224050045E0,5.160000324E-1
2.944866096E2,3.750000298E-1,6.084000111E0,-1.156949997E0
2.944890531E2,2.619000196E0,8.293950081E0,3.361950159E0
2.944914968E2,4.210500121E-1,6.736950397E0,-1.495050073E0
2.944939405E2,2.662050009E0,1.006500053E1,-2.230500132E-1
2.944963841E2,4.210950375E0,8.707950592E0,-5.160000324E0
2.944988278E2,7.383000374E0,9.975000381E0,-4.377000332E0
2.945012712E2,9.222000122E0,1.287600040E1,-9.154050827E0
2.945037149E2,3.175950050E0,8.497050285E0,-6.478950500E0
2.945061585E2,1.687050104E0,1.045605087E1,-2.341950178E0
2.945086022E2,5.032050133E0,9.670050621E0,-3.181950092E0
2.945110457E2,3.724950075E0,6.148050308E0,-4.521000385E0
2.945134894E2,7.564950466E0,7.441050529E0,-2.710950136E0
2.945159330E2,7.716000557E0,7.462950230E0,-6.979950428E0
2.945183767E2,1.978950143E0,6.844950199E0,-3.496050119E0
2.945208202E2,2.712000132E0,8.449049950E0,1.773000121E0
2.945232639E2,3.607050180E0,8.161950111E0,-6.130500436E-1
2.945257075E2,5.278950214E0,8.800950050E0,-1.288950086E0
2.945281512E2,6.226950169E0,1.143000031E1,-4.425000191E0
2.945305946E2,2.868000031E0,6.673050404E0,-8.287050247E0
2.945330383E2,4.780500233E-1,7.549050331E0,-5.179050446E0
2.945354820E2,2.733000040E0,8.251049995E0,-6.718950272E0
2.945379254E2,3.018000126E0,4.089000225E0,-7.489950180E0
2.945403691E2,5.532000065E0,6.457050323E0,-1.542000055E0
2.945428127E2,1.011705017E1,4.879050255E0,-3.295050144E0
2.945452564E2,5.632950306E0,4.963050365E0,-4.863000393E0
2.945477001E2,4.536000252E0,8.657999992E0,6.190500259E-1
2.945501436E2,5.365050316E0,6.412050247E0,-3.682950258E0
2.945525873E2,6.117000103E0,9.328050613E0,-4.303050041E0
2.945550307E2,1.288005066E1,1.132005024E1,-8.886000633E0
2.945574744E2,6.021000385E0,9.196050644E0,-1.291005039E1
2.945599181E2,1.050000072E0,1.166700077E1,-6.058050156E0
2.945623617E2,4.290000439E0,1.039800072E1,-3.891000271E0
2.945648054E2,4.429050446E0,8.677050591E0,-6.142050266E0
2.945672488E2,6.174000263E0,8.631000519E0,-2.422950029E0
2.945696925E2,9.109050751E0,9.357000351E0,-6.043950081E0
2.945721361E2,2.530050039E0,9.856950760E0,-5.989050388E0
2.945745798E2,1.524000049E0,1.131795025E1,-1.054050088E0
2.945770233E2,3.508950233E0,8.241000175E0,-5.155050278E0
2.945794670E2,4.587000370E0,9.915000916E0,-4.894050121E0
2.945819106E2,9.787050247E0,1.043895054E1,-6.769050121E0
2.945843543E2,7.021950245E0,7.896000385E0,-1.174905014E1
2.945867977E2,6.550500393E-1,8.035050392E0,-5.704050064E0
2.945892414E2,3.013950109E0,7.077000141E0,-1.104000092E0
2.945916850E2,4.291950226E0,3.919050217E0,-4.123050213E0
2.945941287E2,4.030950069E0,4.176000118E0,-7.695000619E-2
2.945965722E2,8.355000496E0,4.674000263E0,4.219500124E-1
2.945990159E2,4.816050053E0,2.593050241E0,-2.206050158E0
2.946014595E2,1.603050113E0,5.557050228E0,4.260000229E0
2.946039032E2,1.939050078E0,6.690000534E0,2.967000246E0
2.946063467E2,1.771050096E0,5.779950142E0,-9.150000215E-1
2.946087903E2,1.732950091E0,8.926050186E0,-5.989500284E-1
2.946112340E2,4.159950256E0,8.171999931E0,9.319500327E-1
2.946136777E2,8.869500160E-1,6.292050362E0,-2.761050224E0
2.946161211E2,2.305050135E0,7.738050461E0,-1.192950010E0
2.946185648E2,3.226950169E0,8.550000191E0,-4.590000153E0
2.946210084E2,3.028050184E0,5.026050091E0,-4.092000008E0
2.946234521E2,7.447950363E0,5.998050213E0,-5.428050041E0
2.946258956E2,5.133000374E0,6.474000454E0,-6.550950527E0
2.946283393E2,1.756950140E0,6.651000500E0,-2.845050097E0
2.946307829E2,3.400950193E0,8.038050652E0,-2.299050093E0
2.946332264E2,3.820050240E0,5.767950058E0,-6.132000446E0
2.946356701E2,7.122000217E0,6.618000507E0,-8.389950752E0
2.946381137E2,7.546050549E0,6.730050087E0,-1.083705044E1
2.946405574E2,8.160000443E-1,4.546950340E0,-7.996950150E0
2.946430010E2,6.190500259E-1,5.650050163E0,1.375050068E0
2.946454445E2,3.175950050E0,6.060000420E0,1.215000033E0
2.946478882E2,1.026000023E0,2.100000143E0,3.270000219E-1
2.946503318E2,2.745000124E0,2.557050228E0,3.616050243E0
2.946527755E2,7.345050335E0,2.394000053E0,2.700000070E-2
2.946552190E2,5.194950104E0,8.260500431E-1,-3.622950077E0
2.946576626E2,5.058000088E0,3.784950256E0,-6.048000336E0
2.946601063E2,7.969950199E0,1.341000080E0,-9.883950233E0
2.946625497E2,9.286950111E0,5.694000244E0,-1.118400097E1
2.946649934E2,8.511000633E0,7.518000126E0,-7.834950447E0
2.946674371E2,3.066000223E0,6.678000450E0,-6.007950306E0
2.946698807E2,2.100000158E-2,1.076505089E1,-2.265000105E0
2.946723242E2,1.821000099E0,8.457000732E0,-1.123050094E0
2.946747679E2,2.002950191E0,5.914050102E0,2.863950253E0
2.946772115E2,2.310000181E0,9.601050377E0,2.589000225E0
2.946796552E2,3.559050083E0,1.133700085E1,4.131000042E0
2.946820987E2,2.479950190E0,9.084000587E0,1.234050035E0
2.946845424E2,2.911050081E0,1.224195099E1,-3.379500210E-1
2.946869860E2,8.068050385E0,1.331505108E1,-5.503050327E0
2.946894297E2,5.355000019E0,1.203600025E1,-1.007595062E1
2.946918731E2,8.029950142E0,1.321200085E1,-1.575000095E1
2.946943168E2,1.294050097E0,1.049895096E1,-1.282695103E1
2.946967604E2,-7.905000448E-2,7.498950481E0,-4.819950104E0
2.946992041E2,5.242950439E0,8.887950897E0,-5.764050484E0
2.947016476E2,4.122000217E0,7.185000420E0,-6.838950157E0
2.947040912E2,5.097000122E0,2.361000061E0,-5.481000423E0
2.947065349E2,8.608950615E0,5.089950085E0,-7.594950199E0
2.947089786E2,2.698050022E0,4.729050159E0,-7.714950562E0
2.947114220E2,7.249500155E-1,4.413000107E0,1.930950046E0
2.947138657E2,3.457050085E0,3.924000263E0,4.876049995E0
2.947163093E2,1.918950081E0,2.598000050E0,2.280000210E0
2.947187530E2,7.125000477E0,6.984000206E0,1.974000096E0
2.947211965E2,4.078950405E0,3.306000233E0,2.881050110E0
2.947236402E2,2.745000124E0,2.374950171E0,1.063950062E0
2.947260838E2,5.056050301E0,6.129000187E0,-9.814950943E0
2.947285272E2,7.447950363E0,2.803950071E0,-1.550295067E1
2.947309709E2,4.335000038E0,2.860950232E0,-1.378005028E1
2.947334146E2,5.044050217E0,5.452050209E0,-5.943000317E0
2.947358582E2,5.254950047E0,5.083050251E0,-1.650000095E0
2.947383017E2,1.749000072E0,8.728950500E0,5.722950459E0
2.947407454E2,2.932050228E0,1.055895042E1,3.121050119E0
2.947431890E2,3.175950050E0,9.232050896E0,1.708050132E0
2.947456327E2,3.160050154E0,1.201200104E1,1.500000060E-2
2.947480764E2,4.714050293E0,1.316400051E1,4.126049995E0
2.947505198E2,4.441050053E0,8.788949966E0,-2.164950132E0
2.947529635E2,5.482050419E0,1.114500046E1,-1.030500031E1
2.947554071E2,5.214000225E0,9.697050095E0,-1.651605034E1
2.947578506E2,1.261050105E0,6.591000080E0,-1.139205074E1
2.947602943E2,4.438050270E0,7.045950413E0,-7.951950550E0
2.947627379E2,3.715050220E0,7.111050129E0,-8.335050583E0
2.947651816E2,1.029000044E0,6.292050362E0,9.000000358E-2
2.947676251E2,3.988050222E0,8.422950745E0,3.681000233E0
2.947700688E2,2.832000017E0,7.228050232E0,1.710000038E-1
2.947725124E2,4.311000347E0,8.671950340E0,2.953050137E0
2.947749561E2,8.118000031E0,1.013295078E1,1.420500129E-1
2.947773995E2,1.675050020E0,6.910050392E0,4.165050030E0
2.947798432E2,2.185050011E0,1.083405018E1,5.865000248E0
2.947822868E2,3.078000069E0,1.193295097E1,2.227950096E0
2.947847305E2,1.833000064E0,6.910050392E0,-3.223050117E0
2.947871740E2,9.109500647E-1,9.043050766E0,1.537950039E0
2.947896177E2,7.089000225E0,1.175595093E1,-8.650500178E-1
2.947920613E2,2.434050083E0,1.008705044E1,-4.807950020E0
2.947945050E2,6.697950363E0,1.223700047E1,-9.034049988E0
2.947969484E2,4.254000187E0,1.183995056E1,-1.228305054E1
2.947993921E2,4.132050037E0,1.366200066E1,-3.058050156E0
2.948018357E2,6.339000225E0,1.516800117E1,-6.427050114E0
2.948042792E2,2.247000217E0,1.148295021E1,-2.797050238E0
2.948067229E2,1.891050100E0,1.071405029E1,8.320500255E-1
2.948091666E2,4.687050343E0,1.081005096E1,-2.950050116E0
2.948116102E2,3.126000166E0,6.157950401E0,-5.803950310E0
2.948140539E2,4.702050209E0,5.635950089E0,-5.371050358E0
2.948164973E2,5.905950069E0,7.732950211E0,-7.702950478E0
2.948189410E2,1.780950069E0,6.108000278E0,-5.076000214E0
2.948213847E2,3.102000237E0,7.522950172E0,2.137050152E0
2.948238281E2,2.262000084E0,4.786050320E0,2.481000185E0
2.948262718E2,4.716000080E0,5.254950047E0,2.902950048E0
2.948287154E2,7.225050449E0,9.475950241E0,1.191000104E0
2.948311591E2,1.435950041E0,5.944950104E0,4.129500091E-1
2.948336028E2,-1.770000011E-1,8.020950317E0,1.512000084E0
2.948360463E2,1.978950143E0,7.992000580E0,-2.020950079E0
2.948384900E2,2.197050095E0,6.357000351E0,-4.926000118E0
2.948409336E2,3.864000082E0,7.792950153E0,-1.162050009E0
2.948433773E2,3.856050253E0,7.324050426E0,-4.513950348E0
2.948458207E2,7.150500417E-1,7.657050133E0,-2.248950005E0
2.948482643E2,1.702050090E0,1.081305027E1,-6.010500193E-1
2.948507080E2,3.520950079E0,9.997950554E0,-3.918000221E0
2.948531515E2,3.859050274E0,8.629050255E0,-4.642950058E0
2.948555952E2,8.379000664E0,1.017300034E1,-7.942050457E0
2.948580389E2,4.963050365E0,9.895050049E0,-8.196000099E0
2.948604825E2,1.881000042E0,1.029495049E1,-3.858000278E0
2.948629262E2,4.204050064E0,1.032600021E1,-5.233950138E0
2.948653697E2,4.222949982E0,7.942050457E0,-6.786000252E0
2.948678133E2,3.586050272E0,6.840000153E0,-6.381000519E0
2.948702570E2,7.642050266E0,7.429050446E0,-7.507050514E0
2.948727004E2,4.795050144E0,6.795000553E0,-7.624050140E0
2.948751441E2,2.197050095E0,8.100000381E0,-8.650500178E-1
2.948775877E2,4.627050400E0,7.456050396E0,-2.020500153E-1
2.948800314E2,4.861950397E0,5.811000347E0,-6.060000062E-1
2.948824749E2,1.012200069E1,1.035795021E1,-2.778000116E0
2.948849186E2,5.817000389E0,8.041950226E0,-7.600050449E0
2.948873622E2,1.090500057E-1,8.385000229E0,-5.296950340E0
2.948898059E2,2.542050123E0,9.310950279E0,-2.862000227E0
2.948922493E2,3.025950193E0,5.029950142E0,-4.554000378E0
2.948946930E2,2.536950111E0,6.129000187E0,6.949500442E-1
2.948971366E2,7.077000141E0,6.555000305E0,-8.380500674E-1
2.948995803E2,4.369050026E0,5.583000183E0,-2.553000212E0
2.949020238E2,1.441050053E0,8.380050659E0,2.800050020E0
2.949044675E2,2.575050116E0,8.437050819E0,-1.618950129E0
2.949069111E2,2.413050175E0,7.932000160E0,-2.104950190E0
2.949093548E2,5.407950401E0,1.219605064E1,-4.819950104E0
2.949117983E2,4.857000351E0,1.045095062E1,-9.349950790E0
2.949142420E2,3.700500131E-1,9.208050728E0,-3.810000181E0
2.949166856E2,1.098000050E0,9.409049988E0,-1.003950000E0
2.949191293E2,2.449050188E0,1.005600071E1,-1.597050071E0
2.949215727E2,3.913950205E0,7.273950577E0,-1.837050080E0
2.949240164E2,6.163950443E0,7.579950333E0,-3.598950148E0
2.949264600E2,5.793000221E0,7.666050434E0,-5.212950230E0
2.949289037E2,2.431950092E0,8.563950539E0,-1.875000119E0
2.949313472E2,2.887050152E0,8.976000786E0,-1.497000098E0
2.949337909E2,2.950950146E0,6.685050488E0,-3.312000275E0
2.949362345E2,7.717950344E0,9.298950195E0,-3.985050201E0
2.949386782E2,6.961950302E0,8.863950729E0,-9.172950745E0
2.949411217E2,2.202000141E0,6.321000099E0,-6.441000462E0
2.949435653E2,1.381050110E0,6.405000210E0,-1.744050026E0
2.949460090E2,2.665950060E0,5.014050007E0,-3.751950264E0
2.949484524E2,2.578050137E0,2.986050129E0,-4.143000126E0
2.949508961E2,5.710050106E0,4.800000191E0,-1.734000087E0
2.949533397E2,6.052050114E0,2.968950033E0,-3.481950283E0
2.949557834E2,1.600950122E0,4.300050259E0,-1.518000126E0
2.949582271E2,3.294000149E0,5.326950073E0,-1.540050030E0
2.949606706E2,3.910950184E0,2.017950058E0,-3.670950174E0
2.949631142E2,7.447950363E0,6.072000504E0,-2.857050180E0
2.949655579E2,9.736950874E0,3.229950190E0,-4.897050381E0
2.949680013E2,2.815050125E0,3.972000122E0,-6.673050404E0
2.949704450E2,3.904050112E0,6.541050434E0,-6.915000439E0
2.949728886E2,8.760000229E0,3.292050123E0,-8.269950867E0
2.949753323E2,5.082000256E0,3.370950222E0,-7.336950302E0
2.949777758E2,5.791050434E0,5.808000088E0,2.760000229E-1
2.949802195E2,8.949000359E0,4.024950027E0,-1.729050040E0
2.949826631E2,5.167950153E0,5.995050430E0,-2.959950209E0
2.949851068E2,4.897950172E0,9.361950874E0,9.850500226E-1
2.949875503E2,3.436950207E0,7.936950207E0,-7.879500389E-1
2.949899940E2,5.824050426E0,1.212495041E1,3.049500287E-1
2.949924376E2,8.310000420E0,1.342200089E1,-8.773050308E0
2.949948813E2,1.833000064E0,1.231395054E1,-7.993050575E0
2.949973247E2,1.120050073E0,1.295805073E1,-4.710000038E0
2.949997684E2,1.869000077E0,1.270395088E1,-6.436050415E0
2.950022121E2,2.215950012E0,9.433050156E0,-5.110050201E0
2.950046558E2,4.986000061E0,7.543950558E0,-4.384050369E0
2.950070992E2,6.804000378E0,7.635000229E0,-1.099695015E1
2.950095429E2,4.012050152E0,6.565050125E0,-9.460050583E0
2.950119865E2,3.421050072E0,8.218950272E0,-4.111050129E0
2.950144300E2,3.636000156E0,5.290950298E0,-5.710950375E0
2.950168737E2,5.353050232E0,5.076000214E0,-4.612050056E0
2.950193174E2,7.515000343E0,8.356050491E0,-6.396000385E0
2.950217610E2,2.223000050E0,4.516050339E0,-5.304000378E0
2.950242047E2,-2.800500095E-1,6.175050259E0,4.287000179E0
2.950266481E2,2.062950134E0,5.314950466E0,6.781950474E0
2.950290918E2,2.968050241E0,1.984950066E0,8.320500255E-1
2.950315355E2,5.769000053E0,3.100950241E0,2.440950155E0
2.950339789E2,9.138000488E0,5.164050102E0,-1.119000077E0
2.950364226E2,3.660000086E0,3.915000200E0,-1.774950027E0
2.950388662E2,1.941000104E0,9.256050110E0,3.774000168E0
2.950413099E2,3.447000265E0,1.069005013E1,-7.005000114E-2
2.950437534E2,3.399000168E0,1.036695004E1,-4.099500179E-1
2.950461971E2,1.009605026E1,1.431105042E1,-9.098999977E0
2.950486408E2,6.753000259E0,1.139700031E1,-1.314000034E1
2.950510844E2,2.230950117E0,1.247400093E1,-7.011000156E0
2.950535281E2,2.911050081E0,1.545495033E1,-5.677050114E0
2.950559715E2,3.646050215E0,1.336200047E1,-4.080000401E0
2.950584152E2,1.801950097E0,1.157595062E1,-9.390000701E-1
2.950608589E2,5.554050446E0,1.237605095E1,-4.702950001E0
2.950633023E2,4.612950325E0,1.097505093E1,-9.670950890E0
2.950657460E2,4.072050095E0,1.195905018E1,-6.891000271E0
2.950681896E2,5.154000282E0,1.087500095E1,-8.184000015E0
2.950706333E2,3.859050274E0,8.325000763E0,-7.510950565E0
2.950730768E2,7.873950481E0,1.271805096E1,-4.356000423E0
2.950755205E2,5.677950382E0,1.170795059E1,-6.654000282E0
2.950779641E2,3.010500073E-1,7.647000313E0,-1.389000058E0
2.950804078E2,1.261050105E0,1.074300098E1,3.849000216E0
2.950828512E2,8.730000257E-1,6.309000492E0,2.910000086E0
2.950852949E2,3.612000227E0,3.546000242E0,2.965050220E0
2.950877385E2,8.841000557E0,6.546000481E0,6.105000153E-2
2.950901822E2,6.294000149E0,3.381000042E0,-6.048000336E0
2.950926257E2,2.973000050E0,5.500050068E0,-1.489950061E0
2.950950694E2,3.163950205E0,6.835950375E0,-1.128000021E0
2.950975130E2,2.556000233E0,6.073950291E0,-3.511050224E0
2.950999567E2,3.627000093E0,1.022595024E1,-2.541000128E0
2.951024002E2,6.265050411E0,8.368050575E0,-8.529000282E0
2.951048438E2,2.109000206E0,7.707000256E0,-5.740050316E0
2.951072875E2,2.343000174E0,9.168000221E0,-2.694000244E0
2.951097312E2,4.864050388E0,8.782050133E0,-4.576050282E0
2.951121747E2,3.504000187E0,6.625050545E0,-5.017050266E0
2.951146183E2,5.596950054E0,9.117000580E0,-1.882050037E0
2.951170620E2,5.752950191E0,8.041950226E0,-6.016950130E0
2.951195057E2,9.570000172E-1,8.718000412E0,-2.569950104E0
2.951219491E2,1.459950089E0,8.434950829E0,5.659500360E-1
2.951243928E2,1.990950108E0,6.823950291E0,-3.810000181E0
2.951268364E2,4.740000248E0,9.661050797E0,-1.284000039E0
2.951292799E2,7.825950146E0,1.198305035E1,-5.368050098E0
2.951317236E2,1.552950025E0,8.718000412E0,-4.791000366E0
2.951341672E2,-2.250000089E-1,1.205295086E1,2.601000071E0
2.951366109E2,-1.395000052E-2,1.211700058E1,3.576000214E0
2.951390546E2,3.660000265E-1,6.796950340E0,-1.413000107E0
2.951414980E2,-5.670000315E-1,1.047705078E1,-6.300000101E-2
2.951439417E2,4.393050194E0,1.114500046E1,3.709950209E0
2.951463853E2,1.864050031E0,8.920950890E0,-2.002050161E0
2.951488288E2,6.226950169E0,1.170300102E1,-2.230050087E0
2.951512725E2,7.848000526E0,1.151895046E1,-8.893050194E0
2.951537161E2,6.355950356E0,1.216500092E1,-5.725050449E0
2.951561598E2,9.402000427E0,1.501005077E1,-8.620050430E0
2.951586033E2,2.853000164E0,1.290495014E1,-6.271050453E0
2.951610470E2,-4.639500082E-1,1.261095047E1,-3.979500234E-1
2.951634906E2,2.341050148E0,1.200000095E1,-3.087000132E0
2.951659343E2,3.427950144E0,9.109950066E0,-7.222050190E0
2.951683777E2,3.454050064E0,6.763950348E0,-7.882050514E0
2.951708214E2,6.082950115E0,6.936000347E0,-8.361000061E0
2.951732650E2,4.374000072E0,7.069950104E0,-8.404050827E0
2.951757087E2,3.217050076E0,7.177950382E0,-2.869050026E0
2.951781522E2,4.450050354E0,7.006050110E0,-3.120000064E-1
2.951805959E2,3.250950098E0,6.121950150E0,1.900500059E-1
2.951830395E2,1.623000026E0,1.076205063E1,6.163950443E0
2.951854832E2,2.725950241E0,5.452050209E0,2.170050144E0
2.951879266E2,1.474050045E0,4.444050312E0,8.479500413E-1
2.951903703E2,3.679050207E0,6.366000175E0,-1.030500084E-1
2.951928139E2,4.456950188E0,3.630000114E0,-5.526000500E0
2.951952576E2,2.347950220E0,4.297950268E0,-1.945050120E0
2.951977011E2,5.479950428E0,7.699950218E0,-7.200000435E-2
2.952001448E2,3.234000206E0,6.769050121E0,-4.410000145E-1
2.952025884E2,1.240500063E-1,8.251049995E0,-5.269500017E-1
2.952050321E2,1.057050109E0,1.125795078E1,7.099500299E-1
2.952074756E2,2.137050152E0,6.910050392E0,1.564050078E0
2.952099193E2,1.705950022E0,5.776950359E0,-1.035000086E0
2.952123629E2,5.326050282E0,1.006995010E1,-8.043000221E0
2.952148066E2,6.460500360E-1,6.478950500E0,-6.412050247E0
2.952172500E2,2.305050135E0,4.530000210E0,-6.706950188E0
2.952196936E2,4.096050262E0,6.496050358E0,-7.866000175E0
2.952221373E2,2.407950163E0,3.735000134E0,-7.696050167E0
2.952245808E2,3.753000259E0,5.647950172E0,-5.578950405E0
2.952270245E2,4.012050152E0,4.647000313E0,-5.017050266E0
2.952294681E2,1.966950059E0,5.358000278E0,-7.759500146E-1
2.952319118E2,3.367950201E0,6.181950092E0,3.580500185E-1
2.952343553E2,5.338050365E0,2.083050013E0,-2.791950226E0
2.952367990E2,5.980050087E0,4.767000198E0,-1.741050124E0
2.952392426E2,9.663000107E0,7.153950214E0,-1.449000120E0
2.952416863E2,5.853000164E0,4.185000420E0,-6.637050152E0
2.952441297E2,-6.889500618E-1,7.639950275E0,-6.654000282E0
2.952465734E2,3.969000101E0,6.469050407E0,-5.277000427E0
2.952490170E2,6.583050251E0,2.182950020E0,-1.004895020E1
2.952514607E2,2.353049994E0,4.747950077E0,-7.288950443E0
2.952539042E2,9.150000572E0,5.677050114E0,-2.554950237E0
2.952563479E2,6.985950470E0,5.428050041E0,-5.373000145E0
2.952587915E2,2.644950151E0,8.827950478E0,-2.014050007E0
2.952612352E2,5.484000206E0,6.607950211E0,-1.344000101E0
2.952636787E2,1.735050082E0,6.795000553E0,-2.965050220E0
2.952661223E2,6.045000076E0,9.928950310E0,2.592000008E0
2.952685660E2,7.291950226E0,8.832000732E0,-6.055950165E0
2.952710097E2,1.072050095E0,1.007700062E1,9.250500202E-1
2.952734531E2,4.695000127E-2,1.100205040E1,3.477000237E0
2.952758968E2,2.386050224E0,1.013700008E1,-1.348050117E0
2.952783404E2,2.190000057E0,9.859950066E0,-2.122050047E0
2.952807841E2,6.013950348E0,1.170795059E1,-1.927950144E0
2.952832276E2,4.726050377E0,1.285695076E1,-8.254050255E0
2.952856713E2,2.749950171E0,1.173000050E1,-4.570950031E0
2.952881149E2,2.295000076E0,1.296300030E1,-5.922000408E0
2.952905583E2,3.238950253E0,9.679950714E0,-2.107050180E0
2.952930020E2,1.255950093E0,1.010400009E1,4.560000300E-1
2.952954456E2,1.129050016E0,1.443300056E1,-2.539499998E-1
2.952978893E2,3.853950262E0,1.163100052E1,1.921050072E0
2.953003330E2,2.656950235E0,9.157950401E0,-2.790000200E0
2.953027765E2,6.817950249E0,1.093695068E1,-3.513000250E0
2.953052202E2,5.293050289E0,8.428050041E0,-7.855950356E0
2.953076638E2,2.013000011E0,6.108000278E0,-2.095050097E0
2.953101075E2,3.784950256E0,8.926050186E0,-4.000500143E-1
2.953125509E2,3.387000084E0,7.486950397E0,-3.072000027E0
2.953149946E2,2.641950130E0,7.288050175E0,-4.339500070E-1
2.953174383E2,6.112050056E0,6.643950462E0,-2.409000158E0
2.953198817E2,4.558050156E0,4.216050148E0,-5.110050201E0
2.953223254E2,5.803050041E0,9.244050026E0,-2.586000204E0
2.953247690E2,7.471950531E0,1.019505024E1,-7.570950508E0
2.953272127E2,3.552000284E0,7.314000130E0,-8.692049980E0
2.953296564E2,1.480950117E0,7.789050579E0,-3.084000111E0
2.953320999E2,4.654050350E0,8.125950813E0,-3.685050249E0
2.953345436E2,3.451950073E0,3.940950155E0,-6.361950397E0
2.953369872E2,4.126950264E0,7.993950367E0,-1.732050061E0
2.953394306E2,8.554050446E0,6.634050369E0,-3.874050140E0
2.953418743E2,3.793950081E0,6.934050560E0,-5.562000275E0
2.953443179E2,3.696000099E0,8.976000786E0,-5.320500135E-1
2.953467616E2,7.387950420E0,6.108000278E0,-4.188000202E0
2.953492051E2,3.892050266E0,7.963050365E0,-3.190050125E0
2.953516488E2,8.029950142E0,1.156395054E1,-7.999500632E-1
2.953540924E2,7.644000530E0,9.499950409E0,-6.871950150E0
2.953565361E2,-1.905000024E-2,1.030695057E1,-2.541000128E0
2.953589796E2,9.070500135E-1,1.143705082E1,2.637000084E0
2.953614233E2,4.141050339E0,8.764950752E0,-3.883950233E0
2.953638669E2,1.855050087E0,9.036000252E0,-2.718000174E0
2.953663106E2,4.294950008E0,1.090800095E1,-1.561950088E0
2.953687540E2,5.698050499E0,1.045305061E1,-6.469950199E0
2.953711977E2,1.990950108E0,1.180095100E1,-4.083000183E0
2.953736414E2,2.772000074E0,1.137300014E1,-2.155050039E0
2.953760850E2,3.235950232E0,8.880000114E0,-4.003950119E0
2.953785285E2,2.080049992E0,1.041300011E1,-2.260500044E-1
2.953809721E2,5.797950268E0,1.236405087E1,-3.123000145E0
2.953834158E2,6.301050186E0,1.018500042E1,-4.923000336E0
2.953858593E2,2.475000143E0,8.662050247E0,-3.369000196E0
2.953883030E2,4.237050056E0,1.030005074E1,-6.060000062E-1
2.953907466E2,5.551950455E0,7.618950367E0,-4.480050087E0
2.953931903E2,1.570050120E0,8.149950027E0,-1.569000125E0
2.953956339E2,3.973950148E0,1.047000027E1,7.620000243E-1
2.953980774E2,3.967050076E0,8.101950645E0,-3.855000257E0
2.954005211E2,1.026000023E0,8.794050217E0,-2.151000023E0
2.954029647E2,2.803050041E0,9.093000412E0,-1.783950090E0
2.954054082E2,2.704950094E0,7.414950371E0,-4.923000336E0
2.954078519E2,1.237050056E0,1.006305027E1,1.210500076E-1
2.954102955E2,6.634050369E0,1.243605042E1,-1.461000085E0
2.954127392E2,3.817950249E0,9.330000877E0,-6.241950512E0
2.954151826E2,6.150000095E-1,9.967050552E0,-5.730000138E-1
2.954176263E2,3.235950232E0,9.181950569E0,-9.610500336E-1
2.954200699E2,4.157999992E0,6.654000282E0,-5.907000065E0
2.954225136E2,3.226950169E0,8.449049950E0,-2.329950094E0
2.954249571E2,6.885000229E0,8.659950256E0,-2.368050098E0
2.954274008E2,5.218950272E0,9.478950500E0,-4.672049999E0
2.954298444E2,2.009999990E0,1.045095062E1,-8.029500246E-1
2.954322881E2,3.294000149E0,8.932950020E0,-6.679500341E-1
2.954347315E2,2.725950241E0,7.980000496E0,-3.987000227E0
2.954371752E2,2.595000029E0,8.478000641E0,-7.309500575E-1
2.954396189E2,7.789950371E0,9.496050835E0,-4.597949982E0
2.954420625E2,3.840000153E0,6.886050224E0,-8.482950211E0
2.954445060E2,4.369500279E-1,6.649050236E0,-2.056950092E0
2.954469497E2,4.192049980E0,6.571950436E0,-2.131050110E0
2.954493934E2,2.980050087E0,3.607950211E0,-5.944950104E0
2.954518368E2,2.740950108E0,5.916000366E0,1.609500051E-1
2.954542805E2,7.285050392E0,7.207050323E0,-2.766000032E0
2.954567241E2,3.564000130E0,4.920000076E0,-7.066050529E0
2.954591678E2,5.400000215E-1,8.406000137E0,-1.360050082E0
2.954616115E2,4.005000114E0,4.930050373E0,-2.071950197E0
2.954640549E2,3.073050261E0,3.345000267E0,-4.518000126E0
2.954664986E2,3.042000055E0,8.812950134E0,8.719500303E-1
2.954689422E2,8.134950638E0,6.895050526E0,-3.835950136E0
2.954713859E2,2.560950041E0,6.679950237E0,-7.789050579E0
2.954738294E2,2.100000158E-2,8.404050827E0,-1.425000072E0
2.954762730E2,6.282000065E0,6.721050262E0,-3.088950157E0
2.954787167E2,4.390050411E0,5.641050339E0,-7.032000542E0
2.954811601E2,1.713000059E0,8.848950386E0,-1.729500145E-1
2.954836038E2,6.888000488E0,8.562000275E0,-2.007000208E0
2.954860475E2,4.465050220E0,8.715000153E0,-7.072950363E0
2.954884911E2,1.290000081E0,1.106400013E1,6.599999964E-2
2.954909346E2,4.345050335E0,1.009395027E1,-2.974050045E0
2.954933783E2,2.472000122E0,9.358950615E0,-3.925050259E0
2.954958220E2,4.339950085E0,1.400205040E1,1.759500057E-1
2.954982656E2,6.967050552E0,1.306305027E1,-6.196950436E0
2.955007091E2,2.044049978E0,9.133950233E0,-5.574000359E0
2.955031528E2,1.369050026E0,1.020705032E1,-8.770500422E-1
2.955055964E2,3.895050287E0,1.023105049E1,-1.954050064E0
2.955080401E2,3.250950098E0,8.348999977E0,-4.107000351E0
2.955104835E2,4.420950413E0,1.060905075E1,-1.794000030E0
2.955129272E2,7.552950382E0,1.151895046E1,-3.819000244E0
2.955153709E2,4.756950378E0,1.042005062E1,-5.464050293E0
2.955178145E2,1.816050053E0,1.190205097E1,-2.530950069E0
2.955202580E2,2.094000101E0,1.044900036E1,-1.810950041E0
2.955227017E2,9.499500394E-1,9.301950455E0,-1.212000012E0
2.955251453E2,2.056050062E0,1.097805023E1,2.440950155E0
2.955275890E2,8.655000687E0,1.026195049E1,-3.781050205E0
2.955300325E2,3.765000105E0,7.723950386E0,-6.766950130E0
2.955324761E2,1.299000025E0,8.646000862E0,7.240500450E-1
2.955349198E2,4.630050182E0,9.084000587E0,-8.860500455E-1
2.955373634E2,2.536950111E0,6.868950367E0,-3.781050205E0
2.955398071E2,1.210950017E0,8.072999954E0,1.846950054E0
2.955422505E2,5.695050240E0,8.731950760E0,-1.801050067E0
2.955446942E2,3.487950087E0,7.470000267E0,-5.421000481E0
2.955471377E2,2.563050032E0,7.341000557E0,-2.782950163E0
2.955495814E2,4.588950157E0,5.788950443E0,-5.155050278E0
2.955520250E2,3.162000179E0,4.171050072E0,-5.136000156E0
2.955544687E2,3.840000153E0,7.783950329E0,-3.499500155E-1
2.955569124E2,6.741000175E0,7.699950218E0,-2.743950129E0
2.955593558E2,3.901950121E0,4.819950104E0,-5.203050137E0
2.955617995E2,7.849500179E-1,6.523950100E0,8.220000267E-1
2.955642431E2,2.841000080E0,5.643000126E0,3.049500287E-1
2.955666866E2,3.895050287E0,2.575950146E0,-5.392050266E0
2.955691303E2,-4.189500213E-1,5.350950241E0,-9.340500236E-1
2.955715739E2,5.403000355E0,6.675000191E0,1.576050043E0
2.955740176E2,5.026950359E0,3.438000202E0,-7.003950119E0
2.955764610E2,4.489500225E-1,7.264050484E0,-2.011950016E0
2.955789047E2,5.863050461E0,5.727000237E0,-2.529000044E0
2.955813484E2,2.701950073E0,4.683000088E0,-6.634950161E0
2.955837920E2,1.306050062E0,9.852000237E0,9.439500570E-1
2.955862357E2,7.656000137E0,8.442000389E0,-3.259050131E0
2.955886792E2,4.891050339E0,7.575000286E0,-7.588050365E0
2.955911228E2,6.100500226E-1,9.364050865E0,-2.299500108E-1
2.955935665E2,2.287950039E0,8.787000656E0,5.160000324E-1
2.955960100E2,4.390050411E0,8.703000069E0,-4.152000427E0
2.955984537E2,3.009000063E0,1.035300064E1,-1.228950024E0
2.956008973E2,6.145050526E0,1.203105068E1,-1.240950108E0
2.956033410E2,5.001000404E0,1.094700050E1,-6.034050465E0
2.956057847E2,2.761950016E0,1.130805016E1,-2.530950069E0
2.956082281E2,4.693950176E0,1.178505039E1,-4.863000393E0
2.956106717E2,4.303950310E0,1.092300034E1,-5.245950222E0
2.956131152E2,1.150950074E0,1.271805096E1,-6.450000405E-1
2.956155589E2,5.961000443E0,1.482495117E1,-2.182049990E0
2.956180026E2,5.821950436E0,1.134405041E1,-7.012950420E0
2.956204462E2,9.550500512E-1,1.062300014E1,-3.276000261E0
2.956228899E2,2.805000067E0,1.095405006E1,-2.520000041E-1
2.956253334E2,4.516950130E0,8.773050308E0,-4.878000259E0
2.956277771E2,1.102950096E0,9.297000885E0,-2.803950071E0
2.956302207E2,4.170000076E0,9.739950180E0,9.250500202E-1
2.956326641E2,4.081050396E0,8.791950226E0,-2.185950041E0
2.956351078E2,1.504950047E0,8.341950417E0,2.639999986E-1
2.956375514E2,2.311950207E0,6.711000443E0,-1.030500084E-1
2.956399951E2,4.539000034E0,6.607950211E0,-5.050050259E0
2.956424386E2,1.690050125E0,5.497050285E0,-5.695950508E0
2.956448823E2,1.291950107E0,4.216050148E0,5.950500369E-1
2.956473260E2,5.961000443E0,8.536050797E0,-1.693050027E0
2.956497696E2,2.062950134E0,5.101950169E0,-1.983000040E0
2.956522133E2,1.090950012E0,5.386950493E0,2.311050177E0
2.956546568E2,2.905950069E0,9.337950706E0,3.463050127E0
2.956571004E2,1.558050036E0,2.947050095E0,-4.942050457E0
2.956595441E2,1.237050056E0,7.756950378E0,-5.629500151E-1
2.956619875E2,3.531000137E0,8.449049950E0,-3.811950207E0
2.956644312E2,2.104050159E0,5.467950344E0,-5.778000355E0
2.956668749E2,-5.359500051E-1,7.707000256E0,-6.540000439E-1
2.956693185E2,3.964050293E0,5.610000134E0,-1.015950084E0
2.956717622E2,6.454050541E0,4.735949993E0,-8.076000214E0
2.956742057E2,2.494050026E0,4.398000240E0,-6.235050201E0
2.956766494E2,6.478050232E0,6.940950394E0,-3.457950115E0
2.956790930E2,7.474050522E0,4.626000404E0,-1.003305054E1
2.956815365E2,4.399500191E-1,6.160050392E0,-6.307050228E0
2.956839802E2,-1.116000056E0,5.856000423E0,3.580500185E-1
2.956864238E2,5.334000111E0,3.226950169E0,-3.642000198E0
2.956888675E2,4.225049973E0,2.073000193E0,-6.895950317E0
2.956913109E2,-1.161000013E0,3.943050146E0,-1.030050039E0
2.956937546E2,5.259000301E0,1.360050082E0,-1.729500145E-1
2.956961982E2,6.363000393E0,-1.036050081E0,-4.518000126E0
2.956986417E2,2.808000088E0,1.458000064E0,-6.760500073E-1
2.957010854E2,6.496950150E0,3.282000065E0,1.147950053E0
2.957035290E2,8.287950516E0,9.739500284E-1,-2.763000250E0
2.957059727E2,4.708950043E0,2.641050100E0,-5.893050194E0
2.957084162E2,5.026950359E0,7.204050541E0,-8.704050064E0
2.957108599E2,7.716000557E0,6.310950279E0,-1.148295021E1
2.957133035E2,-1.321050048E0,7.393050194E0,-4.945050240E0
2.957157472E2,-3.127050161E0,9.577050209E0,5.139000416E0
2.957181909E2,1.845000029E0,9.037950516E0,1.798950076E0
2.957206343E2,3.682050228E0,1.052805042E1,3.006000042E0
2.957230779E2,2.620950222E0,1.353000069E1,-1.552050114E0
2.957255216E2,3.463950157E0,1.526100063E1,3.973050117E0
2.957279653E2,3.856050253E0,1.127505016E1,-1.369500011E-1
2.957304088E2,1.594050050E0,1.399695110E1,-5.743950367E0
2.957328525E2,2.982000113E0,1.510305119E1,1.854000092E0
2.957352961E2,2.259000063E0,1.175295067E1,2.020500153E-1
2.957377398E2,6.700500250E-1,1.035795021E1,-2.341950178E0
2.957401832E2,4.300500154E-1,1.137000084E1,-8.650500178E-1
2.957426269E2,3.162000179E0,1.298400021E1,2.635050058E0
2.957450706E2,2.559000015E0,1.099695015E1,-3.853050232E0
2.957475140E2,6.840000153E-1,1.137000084E1,-8.530500531E-1
2.957499577E2,2.470050097E0,1.375305080E1,2.967000246E0
2.957524013E2,2.386050224E0,1.094400024E1,2.626950026E0
2.957548450E2,1.110000014E0,7.321950436E0,2.082000017E0
2.957572885E2,2.736000061E0,1.054695034E1,4.059000015E0
2.957597322E2,6.889950275E0,8.242950439E0,-5.995950222E0
2.957621758E2,2.323950052E0,6.558000088E0,-1.022595024E1
2.957646195E2,5.488950253E0,6.751950264E0,-9.778950691E0
2.957670630E2,4.872000217E0,6.783000469E0,-9.589950562E0
2.957695066E2,3.460500240E-1,6.924000263E0,-8.860500455E-1
2.957719503E2,1.624950051E0,9.888000488E0,2.053050041E0
2.957743938E2,4.749000072E0,1.475100040E1,2.623050213E0
2.957768374E2,2.190000057E0,8.791950226E0,1.320000052E0
2.957792811E2,6.820500493E-1,8.196000099E0,3.649500310E-1
2.957817248E2,2.185050011E0,1.414800072E1,9.900000691E-2
2.957841684E2,7.876050472E0,1.075005054E1,2.127000093E0
2.957866119E2,4.420950413E0,8.563950539E0,-7.401000500E0
2.957890556E2,1.035405064E1,1.079805088E1,-1.152405071E1
2.957914992E2,5.235000134E0,1.024500084E1,-1.557300091E1
2.957939429E2,9.190500379E-1,1.040295029E1,-7.969050407E0
2.957963864E2,2.781000137E0,8.800950050E0,-2.128950119E0
2.957988301E2,5.998950481E0,9.220050812E0,-4.939950466E0
2.958012737E2,3.351000071E0,7.743000507E0,-5.146050453E0
2.958037174E2,1.909950137E0,5.497050285E0,-1.680000126E-1
2.958061608E2,7.237050533E0,7.798050404E0,-2.787000179E0
2.958086045E2,4.150950432E0,7.899000168E0,-5.979000092E0
2.958110482E2,2.599500120E-1,5.569050312E0,2.152950048E0
2.958134916E2,-7.440000176E-1,9.706050873E0,5.242050171E0
2.958159353E2,1.603050113E0,4.948950291E0,-2.016000032E0
2.958183789E2,1.183950067E0,7.663950443E0,-1.174050093E0
2.958208226E2,3.291000128E0,7.255050182E0,-2.569500208E-1
2.958232661E2,4.443000317E0,6.919050217E0,-2.311050177E0
2.958257098E2,2.640000105E0,9.634950638E0,-9.060000181E-1
2.958281535E2,2.254950047E0,1.065000057E1,1.837050080E0
2.958305971E2,2.451000214E0,9.238950729E0,1.279050112E0
2.958330405E2,2.511000156E0,9.799950600E0,-2.341950178E0
2.958354842E2,2.512950182E0,1.032900047E1,-3.882000208E0
2.958379279E2,4.954950333E0,1.116000080E1,-4.590000153E0
2.958403715E2,5.901000500E0,1.180395031E1,-8.092950821E0
2.958428150E2,2.571000099E0,1.017300034E1,-3.703950167E0
2.958452587E2,1.311000109E0,1.067595005E1,2.332950115E0
2.958477023E2,4.599000454E0,1.260600090E1,-3.049500287E-1
2.958501460E2,4.821000099E0,1.203405094E1,-4.867950439E0
2.958525895E2,1.540950060E0,1.079595089E1,-2.682000160E0
2.958550331E2,2.773950100E0,1.008495045E1,-1.249950051E0
2.958574768E2,2.542050123E0,1.065705013E1,-6.679500341E-1
2.958599205E2,1.429050088E0,7.828950405E0,1.753950119E0
2.958623639E2,2.841000080E0,7.474950314E0,3.327000141E0
2.958648076E2,5.140050411E0,9.129000664E0,-2.124000072E0
2.958672512E2,3.354000092E0,8.008950233E0,-2.790000200E0
2.958696949E2,1.414050102E0,8.149950027E0,-6.060000062E-1
2.958721384E2,3.313050270E0,1.082205009E1,1.090500057E-1
2.958745821E2,2.056050062E0,1.179405022E1,3.000000119E-1
2.958770257E2,2.100000158E-2,8.940000534E0,-1.051950097E0
2.958794691E2,-6.490500569E-1,6.931050301E0,6.599999964E-2
2.958819128E2,3.250500262E-1,9.589050293E0,2.520000219E0
2.958843565E2,1.261050105E0,8.539950371E0,1.690500081E-1
2.958868001E2,9.570000172E-1,8.266950607E0,-1.887000084E0
2.958892436E2,1.837950110E0,9.988950729E0,7.909500599E-1
2.958916873E2,2.472000122E0,1.014705086E1,8.010000587E-1
2.958941310E2,1.299000025E0,9.004950523E0,-1.866000056E0
2.958965746E2,-3.600000218E-2,7.753050327E0,5.200500488E-1
2.958990183E2,7.060500383E-1,9.535950661E0,2.116950035E0
2.959014617E2,1.126950026E0,6.702000141E0,5.089499950E-1
2.959039054E2,-2.010000050E-1,5.562000275E0,-9.700500369E-1
2.959063491E2,3.210000038E0,9.816000938E0,4.071000099E0
2.959087925E2,7.582050323E0,6.490950108E0,-3.952950239E0
2.959112362E2,2.890950203E0,4.707000256E0,-8.886000633E0
2.959136798E2,6.214950085E0,5.890050411E0,-1.072905064E1
2.959161235E2,7.297050476E0,6.393000126E0,-1.446195030E1
2.959185670E2,2.275950193E0,5.308050156E0,-1.224195099E1
2.959210107E2,8.295000345E-2,5.310000420E0,-1.175999999E0
2.959234543E2,3.241050243E0,7.051050186E0,7.480500340E-1
2.959258980E2,2.566050053E0,5.196000099E0,-5.610000491E-1
2.959283414E2,3.424950123E0,6.057000160E0,3.721950293E0
2.959307851E2,9.414000511E0,7.027050495E0,-1.128000021E0
2.959332287E2,9.993000031E0,6.520050526E0,-8.977050781E0
2.959356724E2,1.414050102E0,9.280050278E0,-9.405000687E0
2.959381159E2,3.286950111E0,8.713050842E0,-4.293000221E0
2.959405596E2,8.310000420E0,7.555950165E0,-7.282050133E0
2.959430032E2,2.340000123E-1,8.016000748E0,-4.425000191E0
2.959454469E2,3.970500231E-1,9.081000328E0,3.480000257E0
2.959478903E2,9.040050507E0,7.140000343E0,-3.118050098E0
2.959503340E2,1.077795029E1,8.466000557E0,-1.146195030E1
2.959527776E2,3.511950254E0,1.036200047E1,-9.208950043E0
2.959552213E2,2.131950140E0,1.129605007E1,-3.570000172E0
2.959576648E2,4.807050228E0,1.254795074E1,-4.486950397E0
2.959601085E2,1.945950150E0,1.263900089E1,-4.957050323E0
2.959625521E2,1.989000082E0,1.181805038E1,-2.905050039E0
2.959649958E2,9.069000244E0,8.707950592E0,-9.484050751E0
2.959674392E2,8.206950188E0,7.888950348E0,-1.321695042E1
2.959698828E2,2.401050091E0,8.385000229E0,-7.581000328E0
2.959723265E2,3.684000254E0,8.092950821E0,-1.638000131E0
2.959747700E2,6.391950130E0,8.641050339E0,-1.750950098E0
2.959772137E2,1.780950069E0,8.394000053E0,3.769500256E-1
2.959796573E2,1.759050131E0,8.773050308E0,3.292950153E0
2.959821010E2,8.142000198E0,8.422950745E0,-2.775000095E0
2.959845445E2,5.484000206E0,6.939000130E0,-8.287050247E0
2.959869882E2,7.410000563E-1,8.977950096E0,-1.837050080E0
2.959894318E2,1.444950104E0,9.649050713E0,4.324950218E0
2.959918755E2,2.374050140E0,9.313950539E0,8.839500546E-1
2.959943189E2,2.094000101E0,1.043700027E1,-2.083950043E0
2.959967626E2,1.177050114E0,9.330000877E0,1.081050038E0
2.959992062E2,1.060050011E0,1.020405006E1,1.801050067E0
2.960016499E2,2.556000233E0,1.298400021E1,-2.280000150E-1
2.960040934E2,2.836050034E0,1.009200001E1,-1.195050001E0
2.960065371E2,1.488000035E0,1.027605057E1,-1.675950050E0
2.960089807E2,3.751050234E0,1.313295078E1,1.540500075E-1
2.960114244E2,2.959050179E0,1.107105064E1,-8.290500641E-1
2.960138678E2,6.840000153E-1,7.906050205E0,-1.321950078E0
2.960163115E2,1.024049997E0,9.678000450E0,-7.309500575E-1
2.960187551E2,3.502050161E0,1.296705055E1,1.888050079E0
2.960211988E2,2.484000206E0,8.230950356E0,1.030050039E0
2.960236423E2,9.400500655E-1,4.630050182E0,2.239500135E-1
2.960260860E2,3.543000221E0,1.060695076E1,1.681950092E0
2.960285296E2,2.461050034E0,9.958050728E0,5.374050140E0
2.960309733E2,7.939500213E-1,5.758050442E0,2.280000210E0
2.960334167E2,2.275950193E0,9.927000046E0,3.640050173E0
2.960358604E2,3.415950060E0,8.503950119E0,4.174050331E0
2.960383041E2,3.181050062E0,5.904000282E0,2.929050207E0
2.960407475E2,3.865950108E0,8.169000626E0,2.448000193E0
2.960431912E2,1.531305027E1,7.582950592E0,-2.104950190E0
2.960456348E2,4.687050343E0,9.019050598E0,-1.769205093E1
2.960480785E2,1.654050112E0,7.504050255E0,-2.209995079E1
2.960505222E2,4.795050144E0,6.370950222E0,-2.144400024E1
2.960529657E2,7.783050537E0,7.398000240E0,-1.679400063E1
2.960554093E2,1.261050105E0,7.045950413E0,-4.921050072E0
2.960578530E2,-1.234950066E0,1.093200016E1,7.741950512E0
2.960602964E2,2.137050152E0,8.035050392E0,8.805000305E0
2.960627401E2,5.176050186E0,9.819000244E0,2.460000038E0
2.960651838E2,4.620000362E0,9.397050858E0,2.617950201E0
2.960676274E2,9.828000069E0,8.242950439E0,1.174050093E0
2.960700709E2,6.514050484E0,8.437050819E0,-1.124895096E1
2.960725146E2,1.227000117E0,9.666000366E0,-1.064805031E1
2.960749582E2,1.435950041E0,8.593050003E0,-5.644050121E0
2.960774019E2,4.860000134E0,9.891000748E0,-4.465950012E0
2.960798454E2,2.013000011E0,8.626950264E0,-3.003000259E0
2.960822891E2,-4.399500191E-1,6.936000347E0,2.236950159E0
2.960847327E2,3.319950104E0,7.318950176E0,6.160500050E-1
2.960871764E2,6.042000294E0,9.223050117E0,-5.494950294E0
2.960896198E2,2.379000187E0,6.541050434E0,-3.733050108E0
2.960920635E2,4.780500233E-1,6.316050529E0,8.770500422E-1
2.960945071E2,3.526050091E0,9.642000198E0,-7.240500450E-1
2.960969508E2,2.350050211E0,9.571950912E0,-7.450500131E-1
2.960993943E2,8.160000443E-1,8.646000862E0,-2.301000118E0
2.961018379E2,2.239950180E0,8.500050545E0,2.314050198E0
2.961042816E2,4.054950237E0,9.022050858E0,-5.578950405E0
2.961067251E2,2.932050228E0,9.318000793E0,-7.552050591E0
2.961091687E2,7.750500441E-1,8.072999954E0,-2.898000240E0
2.961116124E2,4.618050098E0,9.103050232E0,-4.099050045E0
2.961140561E2,4.159950256E0,1.017105007E1,-5.068950176E0
2.961164997E2,5.710500479E-1,8.215050697E0,-1.390500069E-1
2.961189432E2,2.961000204E0,7.429050446E0,1.800000072E-1
2.961213869E2,8.022000313E0,8.631000519E0,-5.755950451E0
2.961238305E2,3.978000164E0,8.433000565E0,-9.094050407E0
2.961262740E2,9.930000305E-1,6.237000465E0,-3.931950092E0
2.961287177E2,4.560000420E0,8.265000343E0,-1.426950097E0
2.961311613E2,4.174950123E0,9.751950264E0,-2.989050150E0
2.961336050E2,1.089000106E0,8.695950508E0,-1.798950076E0
2.961360484E2,2.194950104E0,8.229000092E0,5.130000114E-1
2.961384921E2,6.579000473E0,7.980000496E0,-3.427050114E0
2.961409358E2,3.756000280E0,7.732950211E0,-6.112950325E0
2.961433794E2,3.439500034E-1,8.065950394E0,7.690500617E-1
2.961458229E2,3.187950134E0,9.283050537E0,2.404950142E0
2.961482666E2,4.989000320E0,1.002195072E1,-5.460000038E-1
2.961507102E2,1.548000097E0,1.066605091E1,5.659500360E-1
2.961531539E2,1.285050035E0,9.967050552E0,1.615050077E0
2.961555974E2,3.622050285E0,1.155000019E1,-8.700000495E-2
2.961580411E2,4.299000263E0,1.348200035E1,-5.574000359E0
2.961604847E2,2.781000137E0,1.153995037E1,-4.213950157E0
2.961629284E2,1.986000061E0,1.171305084E1,1.866000056E0
2.961653719E2,3.105000257E0,1.254600048E1,-3.499050140E0
2.961678155E2,2.701950073E0,1.400205040E1,-2.040000200E0
2.961702592E2,2.092050076E0,1.263195038E1,-1.078050017E0
2.961727029E2,3.970950127E0,1.141305065E1,-3.870000124E0
2.961751463E2,4.113000393E0,1.310895061E1,-6.955950260E0
2.961775900E2,1.242000103E0,1.216800022E1,-4.975950241E0
2.961800336E2,1.435950041E0,1.044600010E1,-1.264950037E0
2.961824773E2,3.220050097E0,1.244505024E1,-7.810500264E-1
2.961849208E2,4.290000439E0,1.098000050E1,-1.747950077E0
2.961873644E2,2.542050123E0,8.763000488E0,-4.605000094E-2
2.961898081E2,4.081050396E0,7.786050320E0,1.800000109E-2
2.961922515E2,6.828000546E0,9.709050179E0,-4.878000259E0
2.961946952E2,3.454050064E0,6.436050415E0,-6.589950085E0
2.961971388E2,5.239500403E-1,4.903050423E0,3.580500185E-1
2.961995825E2,3.210000038E0,7.753050327E0,-4.080000222E-1
2.962020260E2,4.081050396E0,5.863950253E0,-2.473950148E0
2.962044697E2,1.893000126E0,6.642000198E0,-1.606950045E0
2.962069134E2,3.436950207E0,6.478950500E0,-2.710500062E-1
2.962093570E2,7.306950569E0,7.141950130E0,-3.541950226E0
2.962118004E2,4.243950367E0,6.309000492E0,-5.899950504E0
2.962142441E2,-5.389500260E-1,6.238950253E0,-7.620000243E-1
2.962166878E2,2.061000109E0,7.377000332E0,2.268000126E0
2.962191314E2,5.494050026E0,5.677050114E0,-3.538950205E0
2.962215749E2,5.980500579E-1,6.244050503E0,-3.445950270E0
2.962240186E2,8.350500464E-1,5.433000088E0,6.949500442E-1
2.962264622E2,6.994950294E0,5.938050270E0,-4.887000084E0
2.962289059E2,4.972050190E0,6.958050251E0,-9.372000694E0
2.962313494E2,-9.840000272E-1,6.709050179E0,-2.184000015E0
2.962337930E2,-5.959500074E-1,6.412050247E0,3.403050184E0
2.962362367E2,4.189050198E0,8.193000793E0,1.243950009E0
2.962386804E2,4.477050304E0,8.065950394E0,-4.156949997E0
2.962411238E2,1.800000072E0,7.483950138E0,-3.280950069E0
2.962435675E2,6.330000401E0,8.077950478E0,-4.590000153E0
2.962460111E2,6.442050457E0,7.732950211E0,-9.265950203E0
2.962484548E2,-8.899500370E-1,7.803000450E0,-6.118050098E0
2.962508983E2,-8.070000410E-1,8.128950119E0,1.684050083E0
2.962533420E2,4.761000156E0,9.286950111E0,-4.960500300E-1
2.962557856E2,4.888050079E0,9.388050079E0,-3.417000055E0
2.962582291E2,1.230000019E0,8.290950775E0,3.600000143E-1
2.962606728E2,2.527950048E0,8.542950630E0,1.159500033E-1
2.962631164E2,6.310950279E0,1.113105011E1,-4.474950314E0
2.962655601E2,3.777000189E0,1.018005085E1,-6.562950134E0
2.962680038E2,1.189500093E-1,8.155050278E0,1.102050066E0
2.962704472E2,1.690500081E-1,9.440999985E0,1.903950095E0
2.962728909E2,3.154950142E0,1.312305069E1,1.272000074E0
2.962753345E2,3.400950193E0,9.855000496E0,-1.650000095E0
2.962777780E2,5.224050045E0,9.064949989E0,-1.717050076E0
2.962802217E2,8.331000328E0,1.042200089E1,-7.702950478E0
2.962826653E2,4.548000336E0,1.157400036E1,-8.806950569E0
2.962851090E2,4.879500270E-1,1.086495018E1,-4.557000160E0
2.962875525E2,6.840000153E-1,1.015905094E1,9.195000678E-2
2.962899962E2,3.253050089E0,1.290300083E1,2.209500074E-1
2.962924398E2,2.230950117E0,1.010100079E1,-1.495050073E0
2.962948835E2,1.630050063E0,7.128000259E0,2.260500044E-1
2.962973269E2,5.760000229E0,8.773050308E0,-3.034050226E0
2.962997706E2,7.516950130E0,9.847950935E0,-8.862000465E0
2.963022142E2,1.897950053E0,8.116950035E0,-6.178050518E0
2.963046579E2,1.503000021E0,5.061000347E0,1.239000082E0
2.963071014E2,2.937000036E0,1.085595036E1,7.500000596E-1
2.963095451E2,1.756950140E0,8.310000420E0,-3.280500174E-1
2.963119887E2,4.560000300E-1,7.255050182E0,1.672050118E0
2.963144324E2,3.193050146E0,7.111050129E0,-4.819500148E-1
2.963168759E2,8.221050262E0,7.279050350E0,-7.186050415E0
2.963193196E2,3.220050097E0,7.530000210E0,-8.325000763E0
2.963217632E2,-8.670000434E-1,6.583950520E0,-9.150000215E-1
2.963242066E2,2.116050005E0,8.095050812E0,1.677000046E0
2.963266503E2,5.607000351E0,7.896000385E0,-3.192000151E0
2.963290939E2,1.041000009E0,7.357950211E0,-2.479050159E0
2.963315376E2,2.692950010E0,6.541050434E0,-7.200000435E-2
2.963339813E2,8.416950226E0,8.413050652E0,-5.545950413E0
2.963364248E2,5.992050171E0,1.023105049E1,-1.010700035E1
2.963388685E2,-3.610500097E-1,9.012000084E0,-2.514000177E0
2.963413121E2,-8.980500698E-1,8.310000420E0,3.838950157E0
2.963437555E2,3.499950171E0,9.634950638E0,6.160500050E-1
2.963461992E2,4.630050182E0,8.842050552E0,-3.847950220E0
2.963486429E2,3.247950077E0,7.111050129E0,-3.154050112E0
2.963510865E2,7.975050449E0,8.314949989E0,-5.233950138E0
2.963535300E2,6.892050266E0,9.496050835E0,-9.613950729E0
2.963559737E2,8.130000234E-1,9.357000351E0,-5.493000031E0
2.963584173E2,1.014000058E0,9.376049995E0,6.139500141E-1
2.963608610E2,4.837950230E0,1.100595093E1,-5.059500337E-1
2.963633045E2,3.928050280E0,9.991050720E0,-3.331050158E0
2.963657482E2,1.873950124E0,7.993950367E0,-2.614950180E0
2.963681918E2,6.295950413E0,6.939000130E0,-3.549000263E0
2.963706355E2,9.160050392E0,8.989950180E0,-7.839000225E0
2.963730789E2,2.527950048E0,9.189000130E0,-7.966050148E0
2.963755226E2,-7.660500407E-1,8.299050331E0,5.779500008E-1
2.963779662E2,1.122000098E0,9.487950325E0,4.324950218E0
2.963804099E2,3.598050117E0,1.005105019E1,1.180500090E-1
2.963828534E2,3.070950031E0,9.508050919E0,-1.248000026E0
2.963852970E2,3.624000072E0,8.437050819E0,-1.144950032E0
2.963877407E2,6.451950073E0,9.156000137E0,-3.891000271E0
2.963901842E2,5.271000385E0,1.060695076E1,-7.027950287E0
2.963926278E2,1.326000094E0,9.940950394E0,-2.050050020E0
2.963950715E2,5.500500202E-1,1.006995010E1,1.437000036E0
2.963975152E2,1.936050057E0,1.276605034E1,7.429500222E-1
2.963999588E2,2.608950138E0,1.152405071E1,5.230500102E-1
2.964024023E2,1.809000134E0,8.659950256E0,3.910500109E-1
2.964048460E2,3.988050222E0,8.907000542E0,-1.092000008E0
2.964072896E2,6.174000263E0,1.067595005E1,-7.162050247E0
2.964097331E2,2.020050049E0,9.418950081E0,-8.175000191E0
2.964121768E2,2.029500157E-1,7.492050171E0,-1.329000115E0
2.964146204E2,3.030000210E0,9.553050041E0,-5.805000290E-2
2.964170641E2,3.294000149E0,1.065900040E1,-9.750000238E-1
2.964195075E2,2.194950104E0,7.486950397E0,-1.135050058E0
2.964219512E2,2.998950243E0,6.390000343E0,-1.059000015E0
2.964243949E2,7.876050472E0,8.430000305E0,-5.110050201E0
2.964268385E2,5.556000233E0,7.000950336E0,-9.798000336E0
2.964292820E2,9.495000541E-2,7.042050362E0,-3.601050138E0
2.964317257E2,1.004999995E0,7.966050148E0,7.669500113E-1
2.964341693E2,5.335950375E0,7.231050491E0,-1.662000060E0
2.964366130E2,1.254000068E0,6.895050526E0,-9.630000591E-1
2.964390565E2,1.507950068E0,6.807000160E0,3.706950188E0
2.964415001E2,7.669950485E0,7.293000221E0,-1.969050050E0
2.964439438E2,7.780950546E0,8.425050735E0,-9.180000305E0
2.964463874E2,4.830000103E-1,7.980000496E0,-6.025050163E0
2.964488309E2,-7.609500289E-1,8.308050156E0,1.093050003E0
2.964512745E2,4.210950375E0,8.967000008E0,-8.500500321E-1
2.964537182E2,4.527000427E0,9.141000748E0,-5.589000225E0
2.964561617E2,1.158000112E0,7.528050423E0,-1.612050056E0
2.964586054E2,5.302950382E0,6.946050167E0,-9.799500704E-1
2.964610490E2,9.697950363E0,8.260050774E0,-8.329950333E0
2.964634927E2,2.899050236E0,8.281949997E0,-7.423050404E0
2.964659363E2,4.999500215E-1,8.782050133E0,6.589500308E-1
2.964683798E2,3.583050251E0,1.058295059E1,1.081050038E0
2.964708235E2,3.921000242E0,9.976950645E0,-1.497000098E0
2.964732671E2,3.990000188E-1,8.830050468E0,-1.110000089E-1
2.964757106E2,1.081050038E0,7.365000248E0,9.160500169E-1
2.964781543E2,7.090950489E0,9.673050880E0,-5.062050343E0
2.964805979E2,5.937000275E0,1.005405045E1,-1.004205036E1
2.964830416E2,5.279999971E-1,8.454000473E0,-4.915950298E0
2.964854853E2,3.769500256E-1,1.002195072E1,1.203000069E0
2.964879287E2,3.174000263E0,1.316595078E1,-7.905000448E-2
2.964903724E2,2.233050108E0,1.108500099E1,-1.291050076E0
2.964928160E2,2.068050146E0,9.529050827E0,1.612050056E0
2.964952595E2,5.152050018E0,9.385950089E0,-2.445000172E0
2.964977032E2,6.945000172E0,1.029495049E1,-7.791000366E0
2.965001468E2,2.437050104E0,8.959050179E0,-8.068950653E0
2.965025905E2,2.509500086E-1,8.554950714E0,-1.726950049E0
2.965050340E2,3.130950212E0,1.148100090E1,2.500500083E-1
2.965074777E2,3.550050259E0,1.025895023E1,-2.224950075E0
2.965099213E2,9.739500284E-1,7.486950397E0,-2.950500250E-1
2.965123650E2,2.671050072E0,7.554000378E0,6.280500293E-1
2.965148084E2,7.704000473E0,8.677050591E0,-5.329950333E0
2.965172521E2,4.195950031E0,6.961950302E0,-8.179050446E0
2.965196957E2,4.969500303E-1,5.641050339E0,-1.890000105E0
2.965221394E2,2.116050005E0,7.084950447E0,5.710500479E-1
2.965245829E2,5.482050419E0,6.364050388E0,-2.677050114E0
2.965270266E2,2.977950096E0,6.180000305E0,-2.941050053E0
2.965294702E2,2.086950064E0,6.139050484E0,-3.570000231E-1
2.965319139E2,8.092050552E0,7.015050411E0,-1.866000056E0
2.965343573E2,6.688950539E0,7.000950336E0,-7.140000343E0
2.965368010E2,-6.799500585E-1,7.285950184E0,-1.653000116E0
2.965392447E2,-1.812000036E0,7.711950302E0,4.453950405E0
2.965416881E2,4.330049992E0,7.642050266E0,-4.939500093E-1
2.965441318E2,4.567049980E0,7.417050362E0,-6.726000309E0
2.965465755E2,1.302000046E0,6.543000221E0,-2.196000099E0
2.965490191E2,5.077050209E0,5.734050274E0,-3.337950230E0
2.965514628E2,8.353050232E0,7.980000496E0,-9.166050911E0
2.965539063E2,1.429050088E0,8.020950317E0,-6.750000477E0
2.965563500E2,-1.141950011E0,6.868950367E0,1.372950077E0
2.965587936E2,1.669950128E0,8.251049995E0,3.445950270E0
2.965612373E2,5.383950233E0,8.068950653E0,-2.989050150E0
2.965636807E2,1.483950019E0,6.526950359E0,-4.047000408E0
2.965661243E2,2.101050138E0,5.607000351E0,-9.799500704E-1
2.965685680E2,8.995050430E0,6.426000118E0,-4.132950306E0
2.965710115E2,4.114950180E0,6.718050480E0,-7.368000507E0
2.965734552E2,-1.288050056E0,7.159050465E0,1.765950084E0
2.965758988E2,-1.720500141E-1,8.715000153E0,4.830000401E0
2.965783425E2,4.714050293E0,1.007700062E1,-2.880000174E-1
2.965807860E2,3.751050234E0,9.361950874E0,-2.959950209E0
2.965832297E2,1.594050050E0,8.260050774E0,2.430000156E-1
2.965856733E2,3.121050119E0,8.524050713E0,-1.498950124E0
2.965881170E2,5.844000340E0,1.108095074E1,-6.171000481E0
2.965905604E2,3.199950218E0,9.473999977E0,-5.005050182E0
2.965930041E2,5.879999995E-1,8.467950821E0,2.137050152E0
2.965954478E2,2.595000029E0,1.208400059E1,1.914000034E0
2.965978914E2,4.021950245E0,1.402800083E1,-3.070050240E0
2.966003349E2,2.757000208E0,1.138200092E1,-2.917050123E0
2.966027786E2,2.688000202E0,1.022805023E1,-4.047000408E0
2.966052223E2,5.251950264E0,1.179405022E1,-6.013050079E0
2.966076657E2,2.097000122E0,1.165305042E1,-6.973050117E0
2.966101094E2,5.329500437E-1,8.181000710E0,-2.155050039E0
2.966125531E2,2.044049978E0,8.773050308E0,-2.929500043E-1
2.966149967E2,6.142950058E0,1.136805058E1,-2.770950079E0
2.966174404E2,3.607050180E0,8.149950027E0,-4.258049965E0
2.966198838E2,1.965000153E0,6.153000355E0,-9.799500704E-1
2.966223275E2,5.302950382E0,8.197950363E0,-1.135050058E0
2.966247711E2,6.817950249E0,8.181000710E0,-7.080000401E0
2.966272146E2,1.692000031E0,6.157950401E0,-4.462950230E0
2.966296583E2,-2.029500157E-1,6.313950062E0,2.974950075E0
2.966321019E2,5.154000282E0,6.856950283E0,1.090500057E-1
2.966345456E2,6.433050156E0,6.508050442E0,-4.468050003E0
2.966369891E2,1.768950105E0,6.880950451E0,-1.509000063E0
2.966394327E2,3.880050182E0,7.525050163E0,-1.900500059E-1
2.966418764E2,8.425050735E0,7.807950497E0,-4.509000301E0
2.966443201E2,2.407950163E0,8.341950417E0,-5.509950161E0
2.966467637E2,-7.710000277E-1,8.100000381E0,1.600050092E0
2.966492072E2,-3.490500152E-1,9.304050446E0,2.524050236E0
2.966516508E2,4.912050247E0,9.835950851E0,-5.044950008E0
2.966540945E2,2.212050200E0,8.863950729E0,-5.461950302E0
2.966565380E2,8.899500370E-1,8.446949959E0,7.304999977E-2
2.966589817E2,4.828050137E0,9.280050278E0,-4.051949978E0
2.966614253E2,5.917950153E0,1.142100048E1,-6.645000458E0
2.966638690E2,1.000050068E0,9.196050644E0,-2.452050209E0
2.966663127E2,1.789500117E-1,7.405050278E0,1.804050088E0
2.966687561E2,3.253050089E0,1.143300056E1,1.230000034E-1
2.966711998E2,4.069050312E0,1.044600010E1,-4.485000134E0
2.966736434E2,2.239950180E0,7.930050373E0,-4.138050079E0
2.966760869E2,5.227950096E0,9.442950249E0,-3.235050201E0
2.966785306E2,8.017950058E0,1.070205021E1,-6.427050114E0
2.966809742E2,2.029950142E0,9.733050346E0,-5.482950211E0
2.966834179E2,5.830500126E-1,8.571000099E0,2.758950233E0
2.966858614E2,3.586050272E0,1.105005074E1,2.256000042E0
2.966883051E2,5.391000271E0,1.051095009E1,-3.115050077E0
2.966907487E2,2.287950039E0,9.440999985E0,-3.841050148E0
2.966931921E2,4.491000175E0,9.321000099E0,-3.043950081E0
2.966956358E2,7.005000114E0,1.139205074E1,-4.954050064E0
2.966980794E2,5.113050461E0,1.177005100E1,-7.710000515E0
2.967005231E2,6.409500241E-1,1.086000061E1,-2.194050074E0
2.967029666E2,3.970500231E-1,1.020705032E1,3.549000263E0
2.967054103E2,1.371000051E0,1.260105038E1,1.129050016E0
2.967078539E2,4.396950245E0,1.224000072E1,-7.980000377E-1
2.967102976E2,3.409050226E0,1.037400055E1,-3.397950172E0
2.967127410E2,4.687050343E0,1.051095009E1,-3.606000185E0
2.967151847E2,6.016050339E0,1.172205067E1,-5.941050053E0
2.967176284E2,1.837950110E0,1.152600098E1,-4.770000458E0
2.967200720E2,4.420500100E-1,1.055205059E1,1.600050092E0
2.967225155E2,1.117050052E0,1.190400028E1,4.750500321E-1
2.967249592E2,4.057950020E0,1.164300060E1,8.509500623E-1
2.967274028E2,3.330000162E0,8.722050667E0,-3.280950069E0
2.967298465E2,3.898950100E0,7.591950417E0,-2.718000174E0
2.967322902E2,7.132050514E0,1.029300022E1,-4.423050404E0
2.967347337E2,5.743050098E0,9.778050423E0,-8.203050613E0
2.967371773E2,1.741950035E0,8.017950058E0,-3.646950245E0
2.967396210E2,1.905000091E0,6.900000095E0,2.532000065E0
2.967420644E2,4.881000042E0,1.081995010E1,4.939500093E-1
2.967445081E2,2.548950195E0,8.554950714E0,-2.140950203E0
2.967469517E2,1.864050031E0,6.919050217E0,-7.519500256E-1
2.967493954E2,5.080050468E0,8.002050400E0,-3.970050097E0
2.967518389E2,7.038000107E0,7.501050472E0,-8.962050438E0
2.967542826E2,1.869000077E0,8.128950119E0,-7.858950138E0
2.967567262E2,-8.520000577E-1,5.739000320E0,-8.740500212E-1
2.967591697E2,1.654050112E0,7.627950191E0,2.979000092E0
2.967616133E2,5.827050209E0,7.362000465E0,-1.999950051E0
2.967640569E2,1.468950033E0,4.957950115E0,-1.806000113E0
2.967665006E2,1.633950114E0,5.509050369E0,1.741950035E0
2.967689441E2,8.599050522E0,6.232050419E0,-4.090050220E0
2.967713878E2,5.197050095E0,6.523950100E0,-9.657000542E0
2.967738315E2,-1.666050076E0,5.944950104E0,-3.502950191E0
2.967762751E2,-1.482000113E0,6.144000053E0,4.516950130E0
2.967787186E2,3.688950062E0,6.730050087E0,1.090500057E-1
2.967811623E2,5.154000282E0,6.390000343E0,-4.921050072E0
2.967836059E2,1.687050104E0,5.302950382E0,-2.692050219E0
2.967860496E2,5.551950455E0,5.305950165E0,-3.454950094E0
2.967884930E2,8.676000595E0,6.462000370E0,-8.845050812E0
2.967909367E2,1.077000022E0,6.337950230E0,-8.026050568E0
2.967933803E2,-1.477050066E0,5.638050079E0,8.599500656E-1
2.967958240E2,2.725950241E0,6.807000160E0,2.251950026E0
2.967982675E2,6.607050419E0,6.529050350E0,-3.886050224E0
2.968007112E2,1.399950027E0,5.725050449E0,-1.996950150E0
2.968031548E2,3.289050102E0,6.675000191E0,1.324950099E0
2.968055985E2,9.164999962E0,8.197950363E0,-4.971000195E0
2.968080419E2,4.893000126E0,9.831000328E0,-8.620050430E0
2.968104856E2,-9.289500713E-1,1.023105049E1,-7.240500450E-1
2.968129293E2,-1.444050074E0,1.003395081E1,3.334050179E0
2.968153729E2,1.740000099E-1,1.196700096E1,-2.209500074E-1
2.968178164E2,2.950950146E0,1.148100090E1,-5.029500127E-1
2.968202600E2,3.823050261E0,9.532050133E0,-1.516050100E0
2.968227037E2,6.241050243E0,9.220050812E0,-2.668050051E0
2.968251474E2,8.869950294E0,1.099200058E1,-7.570950508E0
2.968275909E2,4.491000175E0,1.141305065E1,-7.612050533E0
2.968300345E2,1.077000022E0,1.110900021E1,-5.940000415E-1
2.968324782E2,1.516950130E0,1.295505047E1,1.195950031E0
2.968349219E2,1.998000145E0,1.419105053E1,2.880000174E-1
2.968373654E2,4.249500334E-1,9.342000008E0,-8.310000300E-1
2.968398090E2,1.069050074E0,7.551000595E0,1.339050055E0
2.968422527E2,7.809000492E0,1.078605080E1,-4.867950439E0
2.968446961E2,7.696950436E0,9.778050423E0,-1.203900051E1
2.968471398E2,3.223950148E0,7.270950317E0,-9.196950912E0
2.968495834E2,1.764000058E0,5.815950394E0,-2.677050114E0
2.968520271E2,2.416950226E0,1.184400082E1,-7.710000277E-1
2.968544706E2,-2.200500071E-1,5.811000347E0,-1.413000107E0
2.968569143E2,-2.299500108E-1,2.392050028E0,2.368950129E0
2.968593579E2,3.391950130E0,3.730050087E0,-3.360000253E-1
2.968618014E2,9.709950447E0,3.496050119E0,-8.115000725E0
2.968642451E2,3.841950178E0,4.012950420E0,-6.328950405E0
2.968666888E2,-9.619500637E-1,4.743000031E0,2.428950071E0
2.968691324E2,5.089499950E-1,7.429050446E0,3.784050226E0
2.968715761E2,3.136050224E0,6.538950443E0,-1.180950046E0
2.968740195E2,1.600500047E-1,5.434950352E0,-7.090500593E-1
2.968764632E2,1.527000070E0,4.096950054E0,3.390000165E-1
2.968789068E2,9.397050858E0,4.723950386E0,-5.196000099E0
2.968813505E2,8.089050293E0,5.028000355E0,-1.283400059E1
2.968837940E2,-8.550000191E-1,5.041950226E0,-7.147050381E0
2.968862377E2,7.750500441E-1,4.683000088E0,2.034000158E0
2.968886813E2,7.479000568E0,5.899050236E0,-1.939950109E0
2.968911250E2,7.000050545E0,6.904950142E0,-4.846950054E0
2.968935685E2,1.680000067E0,7.065000534E0,-7.500000596E-1
2.968960122E2,5.358000278E0,7.021950245E0,-2.530950069E0
2.968984558E2,7.528950214E0,8.964000702E0,-6.985050201E0
2.969008995E2,9.780000448E-1,9.192000389E0,-5.320950031E0
2.969033429E2,-1.300050020E0,8.539950371E0,2.841000080E0
2.969057865E2,-7.320000529E-1,1.020195007E1,6.280500293E-1
2.969082302E2,2.395950079E0,1.275900078E1,1.051950097E0
2.969106737E2,2.832000017E0,1.030305004E1,-9.799500704E-1
2.969131174E2,3.100050211E0,8.955000877E0,-3.169500232E-1
2.969155610E2,8.374050140E0,1.100400066E1,-5.347050190E0
2.969180047E2,7.351950169E0,1.167405033E1,-9.985050201E0
2.969204482E2,2.416950226E0,1.118595028E1,-4.123050213E0
2.969228919E2,1.066950083E0,9.808950424E0,2.479500175E-1
2.969253356E2,2.893950224E0,1.289295101E1,-3.810000122E-1
2.969277789E2,4.225049973E0,1.348695087E1,-6.640500426E-1
2.969302226E2,3.447000265E0,1.004400063E1,-1.380000114E0
2.969326663E2,5.013000011E0,9.934050560E0,-2.536050081E0
2.969351099E2,8.701950073E0,1.201200104E1,-7.705050468E0
2.969375536E2,3.756000280E0,1.180395031E1,-9.259050369E0
2.969399971E2,9.709500670E-1,9.544050217E0,-1.465950012E0
2.969424408E2,2.080049992E0,1.045800018E1,2.488950014E0
2.969448844E2,3.184050083E0,1.407405090E1,1.464000106E0
2.969473279E2,1.273050070E0,9.139050484E0,3.289500177E-1
2.969497716E2,4.900500178E-1,5.758050442E0,7.170000076E-1
2.969522153E2,4.453050137E0,8.467950821E0,-3.115050077E0
2.969546589E2,6.988050461E0,8.646000862E0,-9.324000359E0
2.969571026E2,1.764000058E0,7.879950523E0,-6.312000275E0
2.969595460E2,4.680000246E-1,6.570000172E0,2.167950153E0
2.969619897E2,3.214950085E0,1.014705086E1,1.816050053E0
2.969644334E2,2.817000151E0,1.101405048E1,-1.729500145E-1
2.969668770E2,1.627050042E0,6.892950535E0,-4.050000310E-1
2.969693205E2,3.253050089E0,7.396050453E0,-1.830000043E0
2.969717641E2,7.195950508E0,8.380050659E0,-5.919000149E0
2.969742078E2,3.540000200E0,8.782050133E0,-9.130050659E0
2.969766513E2,2.290500104E-1,6.505050182E0,-2.773050070E0
2.969790950E2,1.053000093E0,7.362000465E0,1.509000063E0
2.969815386E2,4.599000454E0,1.038900089E1,-5.749500394E-1
2.969839823E2,1.819050074E0,6.984000206E0,-2.638950109E0
2.969864258E2,8.590500355E-1,6.996000290E0,3.910500109E-1
2.969888694E2,5.319000244E0,7.128000259E0,-1.831950068E0
2.969913131E2,7.576950550E0,8.278950691E0,-7.765050411E0
2.969937568E2,2.242950201E0,7.506000519E0,-7.894050598E0
2.969962002E2,-2.080500126E-1,5.938050270E0,-2.520000041E-1
2.969986439E2,2.851050138E0,8.239050865E0,2.070000172E0
2.970010875E2,5.520000458E0,8.626950264E0,-3.637050152E0
2.970035312E2,2.245050192E0,7.702050209E0,-3.751950264E0
2.970059747E2,2.197050095E0,7.951050282E0,-1.114050031E0
2.970084184E2,8.307000160E0,7.824000359E0,-5.341950417E0
2.970108620E2,4.093050003E0,9.139050484E0,-8.445000648E0
2.970133057E2,-1.132050037E0,7.798050404E0,-1.726950049E0
2.970157491E2,-8.329500556E-1,7.357950211E0,3.882000208E0
2.970181928E2,5.604000092E0,8.452050209E0,-7.950000465E-3
2.970206365E2,5.913000107E0,8.155050278E0,-4.783950329E0
2.970230801E2,2.140050173E0,6.369000435E0,-3.027000189E0
2.970255236E2,4.918950081E0,7.324050426E0,-2.878050089E0
2.970279673E2,9.175950050E0,8.373000145E0,-9.195000648E0
2.970304109E2,2.656950235E0,7.786050320E0,-9.502950668E0
2.970328544E2,-5.700000525E-1,5.641050339E0,-7.120500207E-1
2.970352981E2,1.582050085E0,6.828000546E0,1.810950041E0
2.970377417E2,5.764950275E0,7.164000511E0,-3.652050257E0
2.970401853E2,3.411000252E0,5.334000111E0,-4.590000153E0
2.970426288E2,1.848000050E0,4.980000019E0,-1.432050109E0
2.970450725E2,7.036050320E0,5.583000183E0,-2.581950188E0
2.970475161E2,6.730050087E0,5.902050495E0,-6.328950405E0
2.970499598E2,-5.890500546E-1,6.025950432E0,-2.092950106E0
2.970524033E2,-1.638000131E0,6.792000294E0,5.565000057E0
2.970548470E2,1.213050008E0,7.765050411E0,2.086050034E0
2.970572906E2,3.729000092E0,8.887950897E0,1.231950045E0
2.970597343E2,2.161050081E0,7.903050423E0,1.605000019E0
2.970621777E2,1.138950109E0,7.578000546E0,-6.330000162E-1
2.970646214E2,2.875050068E0,1.061595058E1,1.615050077E0
2.970670651E2,4.852050304E0,1.260300064E1,-4.741050243E0
2.970695087E2,2.334000111E0,9.534000397E0,-3.106050253E0
2.970719522E2,1.612950087E0,9.577050209E0,7.669500113E-1
2.970743958E2,2.653950214E0,1.396305084E1,-1.827000141E0
2.970768395E2,4.702050209E0,1.452795029E1,-4.585950375E0
2.970792832E2,2.230950117E0,1.067805004E1,-2.518950224E0
2.970817267E2,2.230950117E0,1.086795044E1,-8.190000653E-1
2.970841704E2,4.435950279E0,1.449495029E1,-5.953050137E0
2.970866140E2,2.986950159E0,1.327905083E1,-6.046050072E0
2.970890577E2,8.059500456E-1,1.027605057E1,-1.404000044E0
2.970915011E2,8.989500403E-1,1.143705082E1,2.098050117E0
2.970939447E2,3.691050291E0,1.475805092E1,3.360000253E-1
2.970963884E2,2.881950140E0,1.010400009E1,-1.878000140E0
2.970988319E2,2.203950167E0,7.024950504E0,-3.570000231E-1
2.971012756E2,4.666050434E0,1.034100056E1,-2.437950134E0
2.971037192E2,6.885000229E0,9.690000534E0,-7.255050182E0
2.971061629E2,2.596950054E0,8.739000320E0,-7.602000237E0
2.971086064E2,1.110000014E0,7.341000557E0,-1.200000048E0
2.971110501E2,3.382050276E0,9.931050301E0,2.551050186E0
2.971134938E2,3.442050219E0,9.417000771E0,-4.000500143E-1
2.971159371E2,2.554050207E0,7.269000530E0,-1.630500108E-1
2.971183808E2,3.175950050E0,6.843000412E0,-8.220000267E-1
2.971208245E2,8.257050514E0,7.759950161E0,-5.163000107E0
2.971232681E2,5.431950092E0,7.635000229E0,-1.097595024E1
2.971257118E2,5.590500236E-1,6.951000214E0,-6.829050541E0
2.971281553E2,-3.180000186E-1,6.754050255E0,-4.750500321E-1
2.971305990E2,4.453050137E0,8.053950310E0,4.320000112E-1
2.971330426E2,4.162950039E0,6.816000462E0,-2.311050177E0
2.971354861E2,1.062000036E0,5.053950310E0,3.304950237E0
2.971379298E2,3.157050133E0,6.292050362E0,3.837000132E0
2.971403735E2,8.346000671E0,7.980000496E0,-3.786000252E0
2.971428171E2,3.511950254E0,8.290950775E0,-6.727950096E0
2.971452608E2,-1.027050018E0,7.314000130E0,2.239500135E-1
2.971477042E2,-2.040000200E0,8.725049973E0,2.821050167E0
2.971501479E2,2.122950077E0,9.388050079E0,-2.212949991E0
2.971525915E2,1.708950043E0,9.262950897E0,-4.048950195E0
2.971550350E2,9.310500622E-1,6.745050430E0,-3.049500287E-1
2.971574787E2,4.338000298E0,6.286950111E0,-2.763000250E0
2.971599223E2,7.243950367E0,8.353950500E0,-8.320950508E0
2.971623660E2,2.002950191E0,6.828000546E0,-8.095950127E0
2.971648096E2,6.599999964E-2,5.725050449E0,-2.686950207E0
2.971672531E2,4.756950378E0,8.635950089E0,-1.054050088E0
2.971696967E2,5.322000027E0,7.662000179E0,-5.457000256E0
2.971721404E2,1.048050046E0,5.200050354E0,-1.818000078E0
2.971745839E2,1.299000025E0,5.016000271E0,2.965050220E0
2.971770275E2,7.471950531E0,6.565050125E0,-9.970500469E-1
2.971794712E2,6.805950165E0,5.830050468E0,-7.492050171E0
2.971819149E2,1.999500096E-1,5.421000481E0,-2.284950018E0
2.971843584E2,-4.879500270E-1,6.237000465E0,3.670950174E0
2.971868020E2,4.620000362E0,7.456050396E0,4.530000091E-1
2.971892457E2,5.416950226E0,8.017950058E0,-4.684050083E0
2.971916894E2,1.504950047E0,7.410000324E0,-1.114050031E0
2.971941328E2,3.523950100E0,8.275050163E0,6.210000515E-1
2.971965765E2,8.245050430E0,9.022050858E0,-6.391050339E0
2.971990201E2,4.255949974E0,9.711000443E0,-8.497950554E0
2.972014638E2,1.048050046E0,9.574950218E0,-2.586000204E0
2.972039073E2,1.939050078E0,1.022100067E1,-1.999950051E0
2.972063510E2,5.566050053E0,1.288095093E1,-3.757050276E0
2.972087946E2,4.129050255E0,1.049205017E1,-3.159000158E0
2.972112383E2,1.800000072E0,8.763000488E0,-2.230500132E-1
2.972136818E2,3.805950165E0,1.106205082E1,-6.610500216E-1
2.972161254E2,6.781950474E0,1.342005062E1,-5.941050053E0
2.972185691E2,2.986950159E0,9.852000237E0,-5.031000137E0
2.972210125E2,3.150000274E-1,8.938050270E0,-5.080500245E-1
2.972234562E2,1.929000139E0,1.245495033E1,7.020000219E-1
2.972258998E2,3.760950089E0,1.202205086E1,-3.019950151E0
2.972283435E2,3.559050083E0,8.233950615E0,-4.107000351E0
2.972307872E2,3.615000248E0,6.895050526E0,-2.806950092E0
2.972332307E2,5.046000004E0,8.947050095E0,-3.700050116E0
2.972356743E2,4.206000328E0,8.023050308E0,-6.937050343E0
2.972381180E2,1.098000050E0,5.425050259E0,-2.488050222E0
2.972405614E2,1.660950065E0,7.204050541E0,2.351999998E0
2.972430051E2,3.088050127E0,9.100950241E0,1.179000020E0
2.972454487E2,2.329050064E0,6.088950157E0,-2.233950138E0
2.972478924E2,3.870000243E-1,4.923000336E0,9.660000205E-1
2.972503359E2,1.998000145E0,4.720950127E0,1.762950063E0
2.972527796E2,6.739050388E0,5.653050423E0,-4.969050407E0
2.972552232E2,2.824050188E0,5.263050079E0,-7.846950531E0
2.972576669E2,-8.710500598E-1,4.386000156E0,1.060500070E-1
2.972601103E2,-7.759500146E-1,6.310950279E0,3.757950068E0
2.972625540E2,4.572000027E0,7.984950542E0,9.709500670E-1
2.972649977E2,5.221050262E0,6.697050095E0,-4.152000427E0
2.972674411E2,2.106000185E0,5.148000240E0,-2.071950197E0
2.972698848E2,6.643050194E0,6.951000214E0,-3.481950283E0
2.972723285E2,7.687050343E0,8.433000565E0,-9.417000771E0
2.972747721E2,1.048050046E0,8.209950447E0,-5.626950264E0
2.972772158E2,1.095000096E-2,7.972950459E0,2.332950115E0
2.972796593E2,2.668950081E0,1.023795033E1,2.685000181E0
2.972821029E2,5.809950352E0,1.120995045E1,-3.001050234E0
2.972845466E2,2.671050072E0,9.414000511E0,-2.146050215E0
2.972869900E2,2.257050037E0,8.983050346E0,-2.256000042E0
2.972894337E2,7.345050335E0,1.099695015E1,-6.433950424E0
2.972918774E2,6.888000488E0,1.266105080E1,-1.021500015E1
2.972943210E2,1.711050034E0,1.024005032E1,-6.454950333E0
2.972967647E2,6.739500165E-1,1.070205021E1,1.513950109E0
2.972992082E2,3.640950203E0,1.394700050E1,1.411050081E0
2.973016518E2,6.753000259E0,1.377900028E1,-2.323050022E0
2.973040953E2,5.683050156E0,1.040100002E1,-4.602000237E0
2.973065390E2,4.900050163E0,1.009200001E1,-4.593000412E0
2.973089826E2,6.469050407E0,1.175295067E1,-6.472050190E0
2.973114263E2,3.612000227E0,1.040505028E1,-5.850000381E0
2.973138700E2,1.575000048E0,9.984000206E0,3.390000165E-1
2.973163134E2,1.050000072E0,1.126995087E1,1.603050113E0
2.973187571E2,2.310000181E0,1.356600094E1,4.395000264E-2
2.973212007E2,3.274950266E0,1.295100021E1,1.696050048E0
2.973236442E2,2.464950085E0,9.261000633E0,2.790000141E-1
2.973260879E2,3.030000210E0,1.030305004E1,-8.580000401E-1
2.973285315E2,5.530050278E0,1.137000084E1,-7.926000595E0
2.973309752E2,1.951050043E0,9.583950043E0,-8.457000732E0
2.973334186E2,-2.730000019E-1,6.196050167E0,6.280500293E-1
2.973358623E2,7.290000319E-1,6.487950325E0,1.231950045E0
2.973383060E2,2.848050117E0,1.263195038E1,2.452950001E0
2.973407497E2,2.515950203E0,8.145000458E0,1.621950030E0
2.973431933E2,2.440950155E0,3.526950121E0,-1.875000119E0
2.973456368E2,6.784950256E0,6.238950253E0,-6.642000198E0
2.973480804E2,6.342000484E0,8.446949959E0,-1.267800045E1
2.973505241E2,2.817000151E0,3.109950066E0,-1.035105038E1
2.973529678E2,4.905000329E-2,2.545050144E0,-1.116000056E0
2.973554113E2,4.096050262E0,7.474950314E0,1.617000103E0
2.973578550E2,3.667050123E0,5.356050491E0,-2.011950016E0
2.973602986E2,2.547000170E0,3.828000069E0,3.967950106E0
2.973627422E2,2.335950136E0,5.269950390E0,3.958950281E0
2.973651857E2,7.567950249E0,7.606950283E0,-7.710000277E-1
2.973676293E2,5.416950226E0,7.108950138E0,-5.911950111E0
2.973700730E2,-3.900000155E-1,7.920000553E0,-2.658000231E0
2.973725165E2,-5.389500260E-1,7.603950500E0,4.098000050E0
2.973749602E2,3.439950228E0,1.027905083E1,1.576050043E0
2.973774038E2,4.651050091E0,1.218705082E1,1.540500075E-1
2.973798475E2,3.631050110E0,1.012500095E1,2.569500208E-1
2.973822910E2,5.073000431E0,9.960000038E0,-2.341950178E0
2.973847346E2,9.379950523E0,1.267500019E1,-1.032900047E1
2.973871783E2,4.516950130E0,1.323795033E1,-1.402605057E1
2.973896217E2,-1.219500080E-1,1.003395081E1,-5.256000042E0
2.973920654E2,6.889500618E-1,8.820000648E0,6.040500402E-1
2.973945090E2,4.156050205E0,1.454295063E1,-3.670500219E-1
2.973969527E2,2.839050055E0,8.665050507E0,-3.499050140E0
2.973993962E2,1.728000045E0,4.903050423E0,-2.581950188E0
2.974018398E2,4.752000332E0,6.436050415E0,-5.038050175E0
2.974042835E2,7.752000332E0,8.281949997E0,-1.177305031E1
2.974067272E2,3.676950216E0,4.756950378E0,-1.303005028E1
2.974091706E2,-1.723950028E0,5.524050236E0,-2.244000196E0
2.974116143E2,-2.995050192E0,5.569050312E0,7.123950481E0
2.974140579E2,-1.150500029E-1,3.382950068E0,4.959000111E0
2.974165016E2,2.017950058E0,3.700950146E0,3.561000109E0
2.974189453E2,2.712000132E0,2.775000095E0,4.780050278E0
2.974213888E2,4.552950382E0,6.691950321E0,3.046050072E0
2.974238325E2,4.543950081E0,9.574950218E0,3.334050179E0
2.974262761E2,2.962950230E0,6.574950218E0,1.660050035E0
2.974287195E2,1.464000106E0,7.662000179E0,-2.467050076E0
2.974311632E2,4.801950455E0,1.194000053E1,-9.460500479E-1
2.974336069E2,4.108050346E0,1.348695087E1,-7.405950546E0
2.974360505E2,3.366000175E0,1.120800018E1,-4.228950024E0
2.974384940E2,3.436950207E0,1.033800030E1,-3.622950077E0
2.974409377E2,3.751050234E0,1.531905079E1,-5.779950142E0
2.974433813E2,7.318950176E0,1.665195084E1,-9.289950371E0
2.974458250E2,3.634050131E0,1.174395084E1,-5.670000076E0
2.974482685E2,1.081050038E0,1.010595036E1,2.416950226E0
2.974507121E2,1.728000045E0,1.607295036E1,1.267050028E0
2.974531558E2,2.005950212E0,1.497600079E1,-4.960500300E-1
2.974555992E2,1.239000082E0,9.723000526E0,-3.376050234E0
2.974580429E2,1.302000046E0,8.503950119E0,-3.570000172E0
2.974604865E2,4.723050117E0,1.167705059E1,-6.079950333E0
2.974629302E2,4.207950115E0,1.123605061E1,-6.313950062E0
2.974653737E2,2.836050034E0,7.585050583E0,-1.119000077E0
2.974678174E2,2.282999992E0,1.173405075E1,4.311000347E0
2.974702610E2,1.546050072E0,1.348200035E1,3.171000242E0
2.974727047E2,7.440000176E-1,8.524050713E0,3.516000271E0
2.974751482E2,6.550500393E-1,7.189950466E0,2.509950161E0
2.974775919E2,8.419500589E-1,9.814050674E0,3.150000274E-1
2.974800355E2,1.684950113E0,1.206000042E1,-8.269500136E-1
2.974824792E2,4.033950329E0,1.134900093E1,3.181050062E0
2.974849228E2,1.873950124E0,7.306950569E0,-3.715950251E0
2.974873663E2,4.407000065E0,1.111695099E1,-2.629050016E0
2.974898100E2,5.977950096E0,1.248600101E1,-9.397950172E0
2.974922536E2,4.456950188E0,9.747000694E0,-9.511050224E0
2.974946971E2,1.471950054E0,7.834050179E0,-5.553000450E0
2.974971408E2,5.233050346E0,9.417000771E0,-1.156949997E0
2.974995844E2,7.669950485E0,9.864000320E0,-5.637000084E0
2.975020281E2,4.924050331E0,7.293000221E0,-6.106050491E0
2.975044715E2,3.021000147E0,6.301950455E0,2.500500083E-1
2.975069152E2,4.596000195E0,1.040100002E1,1.722000122E0
2.975093588E2,4.531949997E0,1.227795029E1,-3.273000240E0
2.975118023E2,8.850000501E-1,5.230950356E0,7.304999977E-2
2.975142460E2,-2.395950079E0,6.654000282E0,3.607050180E0
2.975166896E2,1.086000085E0,7.173000336E0,-1.408050060E0
2.975191333E2,6.253050327E0,7.840950489E0,-7.003950119E0
2.975215768E2,2.530050039E0,5.773050308E0,-4.582950115E0
2.975240205E2,8.850000501E-1,6.639000416E0,2.005050182E0
2.975264641E2,4.456950188E0,8.416049957E0,2.383050203E0
2.975289078E2,5.833950043E0,9.535950661E0,-3.642000198E0
2.975313514E2,2.731050014E0,7.578000546E0,-2.395050049E0
2.975337949E2,2.038950205E0,7.518000126E0,-4.339500070E-1
2.975362385E2,5.017950058E0,9.306000710E0,-5.428050041E0
2.975386822E2,5.767050266E0,9.694050789E0,-8.002050400E0
2.975411259E2,1.552950025E0,7.669050217E0,-3.154050112E0
2.975435694E2,5.160000324E-1,6.790050507E0,2.151000023E0
2.975460131E2,2.121000051E0,1.246905041E1,1.251000047E0
2.975484567E2,4.206000328E0,1.182105064E1,-2.455050230E0
2.975509004E2,1.780950069E0,7.027050495E0,-2.416050196E0
2.975533438E2,2.202000141E0,8.635950089E0,-2.040000200E0
2.975557874E2,6.258000374E0,1.225905037E1,-5.092950344E0
2.975582311E2,4.306950092E0,1.018800068E1,-7.282050133E0
2.975606746E2,9.400500655E-1,6.982050419E0,-5.800500512E-1
2.975631183E2,6.289500594E-1,6.196050167E0,2.139000177E0
2.975655619E2,1.384950042E0,1.230705070E1,2.575050116E0
2.975680056E2,1.809000134E0,8.251049995E0,-1.665000081E0
2.975704493E2,6.790500283E-1,4.132050037E0,-2.683950186E0
2.975728927E2,3.751050234E0,7.504050255E0,-4.036950111E0
2.975753364E2,7.759050369E0,8.586000443E0,-9.538950920E0
2.975777798E2,3.718050241E0,6.855000496E0,-9.436050415E0
2.975802235E2,-8.595000207E-2,5.863950253E0,-1.350000054E-1
2.975826671E2,6.150000095E-1,7.960950375E0,5.005050182E0
2.975851108E2,5.389050484E0,9.013950348E0,-1.560000032E-1
2.975875543E2,4.945950031E0,5.370000362E0,-3.451050282E0
2.975899980E2,3.265050173E0,5.344050407E0,-1.825050116E0
2.975924417E2,9.402000427E0,6.370950222E0,-4.396049976E0
2.975948853E2,1.031100082E1,7.377000332E0,-1.003500080E1
2.975973288E2,3.139950037E0,6.747000217E0,-8.910000801E0
2.975997725E2,-1.015050054E0,6.490950108E0,-4.095000029E-2
2.976022161E2,1.780950069E0,8.631000519E0,4.408950329E0
2.976046598E2,5.937000275E0,9.493050575E0,-1.116000056E0
2.976071035E2,3.696000099E0,8.136000633E0,-1.815000057E0
2.976095469E2,1.435950041E0,7.195050240E0,-5.295000225E-2
2.976119906E2,4.456950188E0,9.571950912E0,-2.775000095E0
2.976144342E2,5.173050404E0,1.039395046E1,-7.128000259E0
2.976168777E2,6.480000019E-1,8.701050758E0,-1.008000016E0
2.976193214E2,-4.210500121E-1,8.430000305E0,2.143949986E0
2.976217650E2,-1.041000009E0,1.226295090E1,-1.317000031E0
2.976242087E2,5.205000192E-2,1.156005096E1,-6.900000572E-1
2.976266521E2,1.309500039E-1,8.815950394E0,1.714950085E0
2.976290958E2,-4.830000103E-1,7.870050430E0,-1.825050116E0
2.976315395E2,3.540000021E-1,1.186095047E1,6.930000186E-1
2.976339831E2,2.221050024E0,1.360905075E1,9.390000701E-1
2.976364268E2,2.331000090E0,7.860000610E0,2.160000056E-1
2.976388702E2,1.441050053E0,5.452050209E0,-1.771950126E0
2.976413139E2,2.290950060E0,1.183005047E1,-3.720000088E-1
2.976437574E2,3.808050156E0,1.317600060E1,3.090000153E0
2.976462011E2,2.992050171E0,5.791950226E0,2.187000036E0
2.976486447E2,8.827050209E0,4.662000179E0,-5.850000381E0
2.976510884E2,1.261005020E1,8.890050888E0,-1.553205109E1
2.976535321E2,7.965000153E0,7.092000484E0,-1.827795029E1
2.976559755E2,1.702050090E0,4.882050037E0,-1.039395046E1
2.976584192E2,1.900050044E0,4.507950306E0,1.609950066E0
2.976608628E2,3.652950287E0,1.249605083E1,3.967950106E0
2.976633063E2,1.915050149E0,9.646050453E0,3.148950100E0
2.976657500E2,6.460500360E-1,3.112050056E0,3.448950052E0
2.976681936E2,2.710050106E0,6.583950520E0,3.870000124E0
2.976706373E2,6.804000378E0,8.016000748E0,-3.771000147E0
2.976730807E2,4.867050171E0,7.401000500E0,-9.664050102E0
2.976755244E2,3.010500073E-1,4.816950321E0,-6.658950329E0
2.976779681E2,-6.940500140E-1,6.211050510E0,2.077050209E0
2.976804117E2,2.005950212E0,9.193950653E0,2.500950098E0
2.976828552E2,3.856050253E0,8.380050659E0,-7.500000298E-2
2.976852989E2,3.399000168E0,6.886050224E0,7.170000076E-1
2.976877425E2,3.253050089E0,7.954050541E0,7.579500079E-1
2.976901862E2,6.172050476E0,1.098300076E1,-5.791950226E0
2.976926297E2,4.785000324E0,9.975000381E0,-7.384050369E0
2.976950733E2,1.122000098E0,7.960950375E0,-1.566000104E0
2.976975170E2,7.150500417E-1,6.508050442E0,8.410500288E-1
2.976999607E2,1.153050065E0,1.378095055E1,1.009500027E-1
2.977024041E2,2.446050167E0,1.264695072E1,1.513950109E0
2.977048477E2,1.159950018E0,6.450000286E0,-3.810000122E-1
2.977072914E2,3.804000139E0,9.285000801E0,2.620500028E-1
2.977097349E2,8.743050575E0,1.384395027E1,-8.731950760E0
2.977121786E2,6.208050251E0,1.027395058E1,-1.068600082E1
2.977146223E2,1.408950090E0,8.109000206E0,-2.629050016E0
2.977170659E2,1.435950041E0,6.886050224E0,2.326050043E0
2.977195096E2,1.885950089E0,1.389195061E1,1.867950082E0
2.977219530E2,1.459950089E0,1.195005035E1,1.866000056E0
2.977243967E2,1.720500141E-1,6.108000278E0,4.530000091E-1
2.977268404E2,-6.799500585E-1,9.487950325E0,-1.252950072E0
2.977292838E2,2.050500065E-1,1.468605042E1,2.587050200E0
2.977317275E2,2.137050152E0,1.225605011E1,1.710000038E0
2.977341711E2,1.864050031E0,7.812000275E0,-6.180000305E-1
2.977366148E2,9.930000305E-1,1.076205063E1,-1.696050048E0
2.977390583E2,1.207950115E0,1.412100029E1,7.140000463E-1
2.977415020E2,1.732950091E0,1.173900032E1,3.480000257E0
2.977439457E2,1.129050016E0,6.706050396E0,7.260000110E-1
2.977463893E2,1.420950055E0,8.242950439E0,-7.450500131E-1
2.977488327E2,7.668000221E0,1.434600067E1,3.577950239E0
2.977512764E2,1.537995052E1,8.452050209E0,-1.303305054E1
2.977537200E2,5.662050247E0,5.284050465E0,-1.587495041E1
2.977561638E2,1.924050093E0,7.863000393E0,-7.225950241E0
2.977586075E2,3.184050083E0,1.086300087E1,5.040000081E-1
2.977610509E2,3.054000139E0,1.003005028E1,1.299000025E0
2.977634946E2,1.359000087E0,4.408050060E0,3.516000271E0
2.977659380E2,1.399500072E-1,1.968000054E0,1.639500111E-1
2.977683817E2,7.890000343E-1,8.275050163E0,2.038050175E0
2.977708254E2,5.535000324E0,8.524050713E0,-9.490500689E-1
2.977732690E2,1.966950059E0,3.031050205E0,-4.179000378E0
2.977757127E2,4.180500209E-1,6.157950401E0,6.859500408E-1
2.977781562E2,1.464000106E0,1.190205097E1,2.104950190E0
2.977805999E2,2.959050179E0,9.141000748E0,-4.935000420E0
2.977830435E2,2.046000004E0,7.234950542E0,-2.265000105E0
2.977854872E2,1.134000063E0,8.032950401E0,-2.194050074E0
2.977879306E2,3.423000097E0,9.811950684E0,-3.436050177E0
2.977903742E2,5.712000370E0,1.135395050E1,-5.605950356E0
2.977928179E2,3.466050148E0,8.749050140E0,-3.276000261E0
2.977952614E2,1.408950090E0,9.313950539E0,1.990950108E0
2.977977051E2,6.409500241E-1,1.271100044E1,-1.300500035E-1
2.978001487E2,1.651050091E0,1.407795048E1,-8.860500455E-1
2.978025924E2,1.491000056E0,9.562950134E0,6.109500527E-1
2.978050359E2,2.839500010E-1,9.277950287E0,-5.940000415E-1
2.978074795E2,7.095000148E-2,1.223505020E1,-1.269000053E0
2.978099232E2,1.912050128E0,1.298205090E1,2.929500043E-1
2.978123669E2,2.956050158E0,1.042500019E1,1.039500013E-1
2.978148103E2,1.843050122E0,8.266950607E0,-1.357950091E0
2.978172540E2,1.042950034E0,1.336200047E1,-6.949500442E-1
2.978196976E2,2.698050022E0,1.462905025E1,2.050050020E0
2.978221413E2,2.281050205E0,9.256050110E0,3.115950108E0
2.978245850E2,1.359000087E0,7.330950260E0,1.210500076E-1
2.978270285E2,8.970000148E-1,1.161900043E1,3.340500295E-1
2.978294721E2,8.395950317E0,1.053495026E1,1.171950102E0
2.978319158E2,7.024050236E0,6.040950298E0,-1.426995087E1
2.978343592E2,1.756950140E0,6.778050423E0,-1.123695087E1
2.978368029E2,-4.950000439E-3,8.113950729E0,-3.316950083E0
2.978392465E2,2.653950214E0,9.883950233E0,-5.100000501E-1
2.978416903E2,2.446050167E0,8.290950775E0,7.980000377E-1
2.978441337E2,1.560000062E0,4.932000160E0,1.483050108E0
2.978465774E2,9.810000658E-1,7.432050228E0,1.332000017E0
2.978490210E2,6.315000534E0,8.878050804E0,5.490000248E-1
2.978514645E2,5.065050125E0,6.354000092E0,-5.092950344E0
2.978539082E2,2.769000053E0,6.321000099E0,-2.911950111E0
2.978563518E2,1.812000036E0,8.859000206E0,-2.490000129E-1
2.978587955E2,2.638050079E0,1.251000023E1,3.910500109E-1
2.978612390E2,2.326050043E0,8.785050392E0,-2.296950102E0
2.978636826E2,8.640000224E-1,6.892950535E0,-1.630950093E0
2.978661263E2,8.230500221E-1,8.193000793E0,2.280000150E-1
2.978685700E2,4.192049980E0,9.520050049E0,-3.193950176E0
2.978710134E2,5.764950275E0,9.064949989E0,-7.849050522E0
2.978734571E2,1.572000027E0,7.408050537E0,-2.658000231E0
2.978759007E2,1.180050015E0,6.654000282E0,1.882950068E0
2.978783444E2,1.095000096E-2,1.175595093E1,1.078050017E0
2.978807879E2,2.460000068E-1,9.522000313E0,2.740500271E-1
2.978832316E2,3.919500113E-1,6.019050121E0,6.210000515E-1
2.978856753E2,-5.119500160E-1,7.444050312E0,-5.680500269E-1
2.978881189E2,2.410500050E-1,8.794050217E0,1.335000038E0
2.978905626E2,2.638050079E0,9.915000916E0,2.545950174E0
2.978930060E2,3.904050112E0,6.019050121E0,1.675050020E0
2.978954496E2,4.216050148E0,6.001950264E0,-1.092000008E0
2.978978933E2,3.682050228E0,1.055595016E1,-2.116950035E0
2.979003368E2,4.189050198E0,8.125950813E0,-7.363050461E0
2.979027805E2,1.611000061E0,7.120950222E0,-6.301950455E0
2.979052241E2,-6.000000238E-2,7.768950462E0,4.650000334E-1
2.979076678E2,4.330500066E-1,9.975000381E0,2.116950035E0
2.979101113E2,1.993950129E0,1.249800014E1,8.269500136E-1
2.979125549E2,3.567000151E0,1.089195061E1,-1.939500123E-1
2.979149986E2,3.222000122E0,9.694050789E0,-4.480500221E-1
2.979174420E2,1.852050066E0,1.318305016E1,-1.791000128E0
2.979198857E2,1.678050041E0,1.469805050E1,-2.400000095E-1
2.979223293E2,2.233050108E0,1.215105057E1,3.979500234E-1
2.979247730E2,1.725000024E0,1.036200047E1,-4.309500158E-1
2.979272165E2,9.450000525E-1,1.229700089E1,3.100500107E-1
2.979296602E2,1.941000104E0,1.348500061E1,6.259500384E-1
2.979321039E2,3.757950068E0,1.337895107E1,1.734000087E0
2.979345475E2,3.910950184E0,1.067400074E1,-2.970000207E-1
2.979369910E2,2.254950047E0,1.207395077E1,-1.264950037E0
2.979394347E2,2.109000206E0,1.395900059E1,3.979500234E-1
2.979418783E2,2.155950069E0,1.269405079E1,3.054000139E0
2.979443220E2,1.407000065E0,8.512050629E0,1.473000050E0
2.979467657E2,-1.720500141E-1,8.386950493E0,-9.060000181E-1
2.979492091E2,5.879999995E-1,1.089600086E1,2.086050034E0
2.979516528E2,1.018200016E1,9.040950775E0,-2.950050116E0
2.979540964E2,5.542050362E0,6.297000408E0,-1.602495003E1
2.979565399E2,1.338000059E0,7.707000256E0,-1.100700092E1
2.979589836E2,1.429500133E-1,9.285000801E0,-2.878050089E0
2.979614272E2,2.616000175E0,9.313950539E0,1.404000044E0
2.979638709E2,2.125050068E0,7.621050358E0,2.994000196E0
2.979663143E2,1.704000115E0,6.409050465E0,2.206050158E0
2.979687580E2,4.663050175E0,7.422000408E0,1.732050061E0
2.979712016E2,9.391950607E0,7.144050121E0,-5.272950172E0
2.979736453E2,8.676000595E0,6.642000198E0,-1.168005085E1
2.979760888E2,2.290950060E0,8.956950188E0,-9.276000023E0
2.979785324E2,7.390500307E-1,9.046050072E0,1.609500051E-1
2.979809761E2,7.030500174E-1,1.264695072E1,3.019950151E0
2.979834196E2,1.117050052E0,8.437050819E0,1.054050088E0
2.979858633E2,4.090500176E-1,7.144050121E0,2.209500074E-1
2.979883069E2,-1.270500124E-1,7.966050148E0,-8.910000324E-1
2.979907506E2,3.193050146E0,8.136000633E0,-1.243050098E0
2.979931940E2,5.034000397E0,8.875950813E0,-7.210050106E0
2.979956377E2,2.034000158E0,8.026050568E0,-2.766000032E0
2.979980813E2,7.009500265E-1,7.686000347E0,1.011000037E0
2.980005250E2,-5.389500260E-1,1.179705048E1,1.536000013E0
2.980029685E2,-1.905000024E-2,8.847000122E0,5.560500026E-1
2.980054122E2,6.670500040E-1,8.136000633E0,2.599500120E-1
2.980078558E2,6.910500526E-1,8.229000092E0,3.070500195E-1
2.980102995E2,1.009950042E0,9.012000084E0,2.356950045E0
2.980127432E2,9.409049988E0,9.019050598E0,8.370000124E-1
2.980151866E2,8.796000481E0,4.815000057E0,-1.161795044E1
2.980176303E2,3.247950077E0,6.859950542E0,-8.039999962E0
2.980200740E2,1.572000027E0,8.506950378E0,-1.795950055E0
2.980225174E2,3.078000069E0,9.795000076E0,1.651050091E0
2.980249611E2,2.086950064E0,7.698000431E0,1.219950080E0
2.980274047E2,1.126950026E0,6.168000221E0,5.320500135E-1
2.980298484E2,1.447950125E0,8.452050209E0,8.749500513E-1
2.980322919E2,4.287000179E0,8.803950310E0,-1.978050113E0
2.980347356E2,5.572950363E0,7.638000488E0,-7.270050526E0
2.980371792E2,1.660950065E0,8.731950760E0,-5.289000034E0
2.980396226E2,7.060500383E-1,7.699950218E0,1.392000079E0
2.980420663E2,-9.499500394E-1,9.556050301E0,3.118050098E0
2.980445099E2,-5.340000391E-1,6.643950462E0,4.770000279E-1
2.980469536E2,5.590500236E-1,7.081950188E0,7.189500332E-1
2.980493971E2,6.619500518E-1,7.717050552E0,8.629500270E-1
2.980518408E2,4.615050316E0,9.109950066E0,1.372950077E0
2.980542844E2,1.084500027E1,9.619950294E0,-8.718000412E0
2.980567281E2,8.125050545E0,7.920000553E0,-1.121295071E1
2.980591718E2,1.575000048E0,1.021605015E1,-1.747950077E0
2.980616152E2,2.001000166E0,1.190205097E1,2.853000164E0
2.980640588E2,1.600950122E0,1.298400021E1,3.412950277E0
2.980665025E2,9.450000525E-1,9.802050591E0,5.710500479E-1
2.980689460E2,6.859500408E-1,9.601050377E0,-1.140000105E0
2.980713897E2,2.571000099E0,1.048695087E1,2.055000067E0
2.980738333E2,3.712950230E0,1.181295013E1,-3.307050228E0
2.980762770E2,5.319000244E0,1.216995049E1,-7.902000427E0
2.980787205E2,1.888050079E0,1.269900036E1,-5.272950172E0
2.980811642E2,1.078950047E0,1.195500088E1,1.773000121E0
2.980836078E2,3.390000165E-1,1.190205097E1,-1.110000089E-1
2.980860515E2,2.070000172E-1,1.170105076E1,6.160500050E-1
2.980884949E2,6.430500150E-1,1.085595036E1,4.770000279E-1
2.980909386E2,1.453050017E0,1.105695057E1,1.005000062E-2
2.980933823E2,1.195950031E0,9.747000694E0,5.299500227E-1
2.980958259E2,2.515950203E0,1.122000027E1,4.680000246E-1
2.980982694E2,5.104050159E0,1.239795017E1,1.464000106E0
2.981007131E2,4.085999966E0,1.102605057E1,5.595000088E-2
2.981031567E2,1.693950057E0,1.012500095E1,9.195000678E-2
2.981056002E2,5.670000315E-1,1.116195011E1,1.102050066E0
2.981080439E2,1.407000065E0,1.135800076E1,2.199000120E0
2.981104876E2,1.725000024E0,9.642000198E0,2.449500114E-1
2.981129312E2,1.705950022E0,9.117000580E0,5.059500337E-1
2.981153746E2,2.677950144E0,1.093500042E1,1.138050079E0
2.981178183E2,7.294950485E0,1.145895100E1,-6.094050407E0
2.981202620E2,2.523000002E0,1.220400047E1,-1.082505035E1
2.981227056E2,-1.990500093E-1,1.110495090E1,-5.446950436E0
2.981251493E2,-4.399500191E-1,8.452050209E0,5.680500269E-1
2.981275928E2,1.077000022E0,1.169400024E1,2.137050152E0
2.981300364E2,1.792950034E0,9.772950172E0,8.029500246E-1
2.981324801E2,1.459950089E0,6.754050255E0,1.593000054E0
2.981349236E2,2.013000011E0,8.851950645E0,1.380000114E0
2.981373673E2,6.411000252E0,9.796950340E0,-1.387050033E0
2.981398109E2,6.037950516E0,8.758049965E0,-6.625050545E0
2.981422545E2,2.686050177E0,1.017105007E1,-5.658000469E0
2.981446980E2,1.333050013E0,8.539950371E0,-6.850500107E-1
2.981471417E2,5.400000140E-2,1.011300087E1,2.524050236E0
2.981495853E2,-6.079500318E-1,8.908950806E0,3.576000214E0
2.981520290E2,5.329500437E-1,6.208050251E0,-1.699500084E-1
2.981544725E2,2.194950104E0,7.318950176E0,-2.581950188E0
2.981569162E2,3.004050255E0,7.104000568E0,-3.034050226E0
2.981593598E2,6.619050503E0,9.013950348E0,-5.493000031E0
2.981618035E2,5.518050194E0,9.012000084E0,-7.890000343E0
2.981642469E2,1.596000075E0,1.030305004E1,-3.534000158E0
2.981666906E2,-1.789500117E-1,8.794050217E0,1.405950069E0
2.981691342E2,-1.318950057E0,8.052000046E0,3.958950281E0
2.981715779E2,4.090500176E-1,8.124000549E0,5.970000029E-1
2.981740214E2,4.024050236E0,8.878050804E0,1.774950027E0
2.981764651E2,4.363950253E0,7.816950321E0,-2.538000107E0
2.981789087E2,5.446050167E0,8.503950119E0,-3.802950144E0
2.981813522E2,8.437050819E0,1.071195030E1,-8.416049957E0
2.981837959E2,3.516000271E0,1.194705009E1,-8.725049973E0
2.981862395E2,5.119500160E-1,1.228995037E1,-2.376000166E0
2.981886832E2,-2.340000123E-1,1.034595013E1,2.383050203E0
2.981911266E2,-1.834050059E0,1.014000034E1,2.440950155E0
2.981935703E2,-2.779500186E-1,1.029300022E1,5.110500455E-1
2.981960139E2,1.479000092E0,1.107300091E1,1.339050055E0
2.981984576E2,1.977000117E0,9.424050331E0,8.509500623E-1
2.982009011E2,2.008050203E0,1.000995064E1,-1.336050034E0
2.982033448E2,7.747050285E0,1.318995094E1,1.099950075E0
2.982057884E2,7.029000282E0,1.164795017E1,-7.573950291E0
2.982082321E2,1.588950038E0,1.113105011E1,-3.703950167E0
2.982106755E2,3.100500107E-1,1.039095020E1,1.447050095E0
2.982131192E2,4.590000212E-1,1.099695015E1,9.990000725E-1
2.982155628E2,2.614050150E0,1.036995029E1,8.680500388E-1
2.982180065E2,3.423000097E0,9.832950592E0,5.610000491E-1
2.982204500E2,2.596950054E0,9.514950752E0,2.500500083E-1
2.982228937E2,4.117050171E0,1.039605045E1,-4.750500321E-1
2.982253373E2,4.924050331E0,1.132005024E1,-5.689050198E0
2.982277810E2,2.094000101E0,1.221300030E1,-5.107050419E0
2.982302247E2,5.020500422E-1,1.008195019E1,-3.120000064E-1
2.982326681E2,1.480500102E-1,9.400050163E0,1.900050044E0
2.982351118E2,1.219950080E0,1.013505077E1,2.031000137E0
2.982375555E2,5.133000374E0,8.715000153E0,-8.290500641E-1
2.982399989E2,3.379950047E0,7.630050182E0,-3.409950256E0
2.982424426E2,1.675050020E0,8.586000443E0,-1.449000120E0
2.982448862E2,3.148050070E0,8.533050537E0,-2.155050039E0
2.982473299E2,4.531949997E0,9.634950638E0,-5.023950100E0
2.982497734E2,3.016050100E0,9.473999977E0,-5.196000099E0
2.982522170E2,9.930000305E-1,7.128000259E0,-2.428050041E0
2.982546607E2,1.050000042E-1,6.595950127E0,1.861050129E0
2.982571042E2,7.320000529E-1,6.912000179E0,2.179949999E0
2.982595479E2,3.664950132E0,6.595950127E0,1.800000109E-2
2.982619915E2,3.175950050E0,7.204050541E0,-4.080000222E-1
2.982644352E2,1.453050017E0,7.020000458E0,7.579500079E-1
2.982668786E2,4.374000072E0,6.964950562E0,-5.659500360E-1
2.982693223E2,5.944050312E0,8.406000137E0,-6.241950512E0
2.982717660E2,1.704000115E0,9.582000732E0,-7.483050346E0
2.982742096E2,-1.396050096E0,7.939050198E0,-1.438950062E0
2.982766531E2,-2.518950224E0,6.462000370E0,3.790950298E0
2.982790968E2,-2.989500165E-1,7.329000473E0,5.419500470E-1
2.982815404E2,3.229050159E0,9.225000381E0,1.251000047E0
2.982839841E2,3.286950111E0,7.591950417E0,2.639999986E-1
2.982864276E2,1.668000102E0,6.085950375E0,-4.240500331E-1
2.982888713E2,5.061000347E0,8.542950630E0,-9.970500469E-1
2.982913149E2,5.214000225E0,1.009200001E1,-7.795950413E0
2.982937586E2,8.800500631E-1,1.030995083E1,-6.465000153E0
2.982962021E2,-5.530500412E-1,7.374000549E0,-8.119500279E-1
2.982986457E2,-3.610500097E-1,6.778050423E0,1.902000070E0
2.983010894E2,7.650000453E-1,9.667950630E0,1.095000029E0
2.983035331E2,2.358000040E0,8.370000839E0,2.140500098E-1
2.983059765E2,2.065050125E0,7.626000404E0,1.330500096E-1
2.983084202E2,1.906950116E0,9.181950569E0,1.114050031E0
2.983108638E2,3.792000294E0,1.084395027E1,1.597950101E0
2.983133075E2,6.727050304E0,1.075500011E1,-6.496050358E0
2.983157510E2,2.221050024E0,1.192800045E1,-7.830000401E0
2.983181946E2,-2.440500110E-1,1.071000004E1,-4.830000401E0
2.983206383E2,-1.410000026E-1,9.237000465E0,1.300500035E-1
2.983230818E2,2.017950058E0,9.675000191E0,2.380950212E0
2.983255255E2,4.867050171E0,1.106205082E1,3.670500219E-1
2.983279691E2,4.342050076E0,9.951000214E0,-5.509500504E-1
2.983304128E2,2.269050121E0,8.932950020E0,3.169500232E-1
2.983328562E2,2.620950222E0,1.052805042E1,-2.569500208E-1
2.983352999E2,3.595050097E0,1.197105026E1,-4.532999992E0
2.983377435E2,1.732950091E0,1.248900032E1,-5.461950302E0
2.983401872E2,2.029500157E-1,9.440999985E0,-2.392050028E0
2.983426307E2,1.120500043E-1,7.549050331E0,2.053050041E0
2.983450744E2,1.849950075E0,8.494950294E0,8.719500303E-1
2.983475180E2,4.492950439E0,9.975000381E0,1.288950086E0
2.983499617E2,3.973950148E0,9.313950539E0,1.957050085E0
2.983524054E2,2.185050011E0,8.470950127E0,1.227000117E0
2.983548488E2,1.447950125E0,9.177000046E0,1.062000036E0
2.983572925E2,4.114950180E0,1.047300053E1,-2.368050098E0
2.983597362E2,4.093050003E0,1.056405067E1,-9.520050049E0
2.983621796E2,1.338000059E0,9.034049988E0,-8.002050400E0
2.983646233E2,-3.850500286E-1,6.244050503E0,-4.800000042E-2
2.983670669E2,1.204050064E0,7.309950352E0,2.838000059E0
2.983695106E2,4.048050404E0,1.142295074E1,2.677950144E0
2.983719541E2,4.438050270E0,8.859000206E0,2.089500129E-1
2.983743978E2,1.974000096E0,7.201950550E0,-1.429950118E0
2.983768414E2,1.177050114E0,7.714050293E0,-1.453950047E0
2.983792849E2,4.423950195E0,9.093000412E0,-4.708050251E0
2.983817285E2,3.784950256E0,9.796950340E0,-8.424000740E0
2.983841722E2,1.156050086E0,7.594950199E0,-4.297950268E0
2.983866158E2,1.360500008E-1,4.171050072E0,2.484000206E0
2.983890593E2,-2.895000204E-2,7.542000294E0,2.436000109E0
2.983915030E2,1.704000115E0,8.647950172E0,1.708050132E0
2.983939466E2,3.351000071E0,8.931000710E0,1.597950101E0
2.983963903E2,1.399950027E0,8.851950645E0,1.774950027E0
2.983988338E2,7.390500307E-1,8.839950562E0,2.232000113E0
2.984012775E2,2.128050089E0,1.038900089E1,2.208000183E0
2.984037211E2,3.234000206E0,1.178700066E1,2.710500062E-1
2.984061648E2,2.757000208E0,1.143705082E1,2.319000006E0
2.984086082E2,3.184050083E0,1.003695011E1,-3.900000080E-2
2.984110519E2,2.532000065E0,9.577050209E0,-6.025050163E0
2.984134955E2,4.567049980E0,1.081995010E1,-7.999950409E0
2.984159392E2,3.946950197E0,1.320195103E1,-7.987950325E0
2.984183827E2,1.608000040E0,1.265895081E1,-2.280000210E0
2.984208263E2,7.750500441E-1,1.134900093E1,2.343000174E0
2.984232700E2,1.038000107E0,1.201200104E1,-9.510000348E-1
2.984257137E2,1.450050116E0,1.390095043E1,-8.650500178E-1
2.984281571E2,2.833950043E0,1.320195103E1,1.191000104E0
2.984306008E2,2.275950193E0,1.102995014E1,-6.570000052E-1
2.984330445E2,1.768950105E0,8.763000488E0,-1.150050044E0
2.984354881E2,2.020050049E0,9.595950127E0,-4.549500346E-1
2.984379316E2,3.388950109E0,1.102605057E1,-2.167050123E0
2.984403753E2,3.403950214E0,1.015200043E1,-1.909050107E0
2.984428189E2,2.547000170E0,9.766050339E0,-1.509000063E0
2.984452624E2,1.657950044E0,9.181950569E0,-9.130500555E-1
2.984477061E2,2.950950146E0,1.004595089E1,-2.076000214E0
2.984501497E2,3.676950216E0,1.132695007E1,-4.210050106E0
2.984525934E2,2.664000034E0,1.070205021E1,-4.530000210E0
2.984550368E2,1.399950027E0,8.629050255E0,-7.000500560E-1
2.984574805E2,1.654050112E0,6.760950089E0,2.185050011E0
2.984599241E2,1.843050122E0,8.038050652E0,2.014950037E0
2.984623678E2,3.016050100E0,9.751950264E0,2.351999998E0
2.984648113E2,2.371950150E0,8.550000191E0,-7.710000277E-1
2.984672550E2,7.750500441E-1,7.216050148E0,-2.620050192E0
2.984696986E2,2.890500128E-1,8.229000092E0,-1.177950025E0
2.984721423E2,2.760000229E0,1.057800007E1,-3.477000237E0
2.984745857E2,4.588950157E0,1.050105095E1,-6.331050396E0
2.984770294E2,3.081000090E0,9.007050514E0,-4.995000362E0
2.984794730E2,1.480950117E0,7.426950455E0,-1.039950013E0
2.984819167E2,1.462050080E0,7.087050438E0,1.720050097E0
2.984843602E2,2.166000128E0,1.061895084E1,2.424000025E0
2.984868039E2,1.534050107E0,9.310950279E0,8.200500607E-1
2.984892475E2,1.266000032E0,8.665050507E0,1.609500051E-1
2.984916912E2,1.584000111E0,8.044950485E0,-1.995000124E0
2.984941346E2,3.499950171E0,8.446949959E0,-2.428050041E0
2.984965783E2,5.832000256E0,1.083900070E1,-5.761050224E0
2.984990219E2,3.106950045E0,1.152405071E1,-5.986050129E0
2.985014654E2,5.910000205E-1,1.088895035E1,-2.392050028E0
2.985039091E2,3.010500073E-1,8.908950806E0,1.561950088E0
2.985063527E2,5.640000105E-1,1.094400024E1,2.380950212E0
2.985087964E2,1.668000102E0,1.261995029E1,5.470499992E-1
2.985112401E2,3.145050049E0,1.245705032E1,1.441950083E0
2.985136835E2,2.559000015E0,9.934050560E0,-1.618950129E0
2.985161272E2,2.607000113E0,1.037895012E1,-1.537950039E0
2.985185708E2,4.361999989E0,1.267500019E1,-4.449000359E0
2.985210143E2,4.528950214E0,1.234695053E1,-5.758950233E0
2.985234580E2,1.951050043E0,1.189500046E1,-4.078050137E0
2.985259016E2,8.370000124E-1,1.017600060E1,3.120000064E-1
2.985283453E2,8.230500221E-1,8.940000534E0,1.672050118E0
2.985307888E2,1.741950035E0,9.984000206E0,-2.520000041E-1
2.985332325E2,2.410050154E0,1.061595058E1,5.230500102E-1
2.985356761E2,2.451000214E0,9.397050858E0,2.095950127E0
2.985381197E2,1.666050076E0,8.743950844E0,1.399050117E0
2.985405632E2,2.161050081E0,8.184000015E0,2.479050159E0
2.985430069E2,3.145050049E0,9.064949989E0,-1.485000014E0
2.985454505E2,4.207950115E0,9.828000069E0,-5.188950062E0
2.985478940E2,3.238950253E0,8.574000359E0,-7.252950191E0
2.985503377E2,1.639050126E0,7.686000347E0,-2.785050154E0
2.985527813E2,1.795050144E0,7.240050316E0,1.690950036E0
2.985552250E2,2.371950150E0,9.442950249E0,2.817000151E0
2.985576687E2,2.488950014E0,1.098705006E1,1.813050032E0
2.985601121E2,1.990950108E0,1.048005009E1,-1.900500059E-1
2.985625558E2,1.315950036E0,1.012305069E1,-1.969500035E-1
2.985649994E2,7.560000420E-1,1.063800049E1,-1.680000126E-1
2.985674429E2,2.100000083E-1,1.227495098E1,-1.582950115E0
2.985698866E2,6.379500031E-1,1.347495079E1,-5.370000005E-1
2.985723302E2,1.338000059E0,1.203795052E1,8.920500278E-1
2.985747739E2,1.705950022E0,1.203105068E1,-9.105000645E-2
2.985772176E2,2.143949986E0,1.147095013E1,1.300500035E-1
2.985796611E2,2.089050055E0,1.280505085E1,-6.229500175E-1
2.985821047E2,2.191950083E0,1.333095074E1,-6.330000162E-1
2.985845484E2,1.515000105E0,1.243800068E1,1.450500041E-1
2.985869918E2,1.504950047E0,1.126500034E1,1.690500081E-1
2.985894355E2,1.756950140E0,1.120500088E1,7.000500560E-1
2.985918791E2,1.872000098E0,1.098300076E1,6.900000572E-1
2.985943228E2,4.627050400E0,1.049205017E1,-1.420500129E-1
2.985967663E2,5.233050346E0,1.036005020E1,-1.047300053E1
2.985992100E2,3.696000099E0,1.012800026E1,-9.934050560E0
2.986016536E2,1.471950054E0,9.639000893E0,-4.732050419E0
2.986040973E2,1.462050080E0,8.848950386E0,1.597950101E0
2.986065408E2,2.431950092E0,1.074300098E1,2.833050251E0
2.986089844E2,2.410050154E0,1.080105019E1,2.457000017E0
2.986114281E2,1.845000029E0,8.719950676E0,2.625000238E0
2.986138715E2,1.396950126E0,8.097000122E0,1.111950040E0
2.986163152E2,9.619500637E-1,8.677050591E0,7.500000596E-1
2.986187589E2,2.800950050E0,9.201000214E0,8.269500136E-1
2.986212025E2,5.353050232E0,8.322000504E0,-6.616050243E0
2.986236462E2,3.739050150E0,7.384050369E0,-9.264000893E0
2.986260897E2,1.171950102E0,8.254950523E0,-6.235050201E0
2.986285333E2,6.889500618E-1,7.381050587E0,-4.150500298E-1
2.986309770E2,1.144050002E0,9.292050362E0,2.125050068E0
2.986334205E2,4.590000212E-1,8.653050423E0,2.143949986E0
2.986358642E2,-1.150500029E-1,6.342000484E0,-2.830500007E-1
2.986383079E2,-7.060500383E-1,7.434000492E0,1.678950071E0
2.986407515E2,1.095000096E-2,5.586000443E0,1.903950095E0
2.986431952E2,1.230000019E0,7.522950172E0,2.980500162E-1
2.986456387E2,3.081000090E0,8.374950409E0,1.476000071E0
2.986480823E2,6.895050526E0,7.302000523E0,-2.110050201E0
2.986505260E2,3.433050156E0,7.666050434E0,-4.768050194E0
2.986529694E2,8.989500403E-1,8.137949944E0,-3.786000252E0
2.986554131E2,6.769500375E-1,8.253000259E0,-1.801050067E0
2.986578567E2,1.402050018E0,9.481050491E0,7.050000429E-1
2.986603004E2,1.783050060E0,8.758049965E0,2.190000117E-1
2.986627439E2,1.567050099E0,8.410950661E0,-7.950000465E-3
2.986651875E2,1.444950104E0,8.643000603E0,4.060500264E-1
2.986676312E2,1.453050017E0,9.424050331E0,-6.520500183E-1
2.986700747E2,1.984050035E0,1.082400036E1,-2.830500007E-1
2.986725184E2,2.142000198E0,1.037895012E1,-3.283050060E0
2.986749620E2,7.170000076E-1,1.080300045E1,-2.586000204E0
2.986774057E2,1.980000138E-1,9.175050735E0,-1.150500029E-1
2.986798494E2,1.570500135E-1,8.695950508E0,3.195000067E-2
2.986822929E2,8.470500112E-1,9.661050797E0,-6.420000196E-1
2.986847365E2,1.986000061E0,1.003905010E1,6.000000052E-3
2.986871802E2,2.623050213E0,1.020195007E1,1.050000072E0
2.986896236E2,2.389050007E0,9.541050911E0,8.250000477E-1
2.986920673E2,1.993950129E0,9.493050575E0,9.195000678E-2
2.986945109E2,2.121000051E0,1.179705048E1,-6.090000272E-1
2.986969546E2,2.796000242E0,1.244295025E1,7.189500332E-1
2.986993981E2,2.998950243E0,1.232595062E1,9.589500427E-1
2.987018418E2,2.547000170E0,1.074300098E1,8.959500194E-1
2.987042855E2,2.065050125E0,1.049205017E1,-1.230000034E-1
2.987067291E2,1.843050122E0,1.176300049E1,-6.679500341E-1
2.987091726E2,1.539000034E0,1.246200085E1,-1.396050096E0
2.987116163E2,1.564950109E0,1.304595089E1,-6.330000162E-1
2.987140599E2,2.484000206E0,1.157595062E1,-1.630500108E-1
2.987165036E2,2.620950222E0,1.059000015E1,-4.450950146E0
2.987189470E2,2.941950083E0,1.118805027E1,-3.513000250E0
2.987213907E2,3.775050163E0,1.247700024E1,-4.657050133E0
2.987238343E2,4.005000114E0,1.303200054E1,-6.271050453E0
2.987262780E2,3.720000267E0,1.133895016E1,-4.075950146E0
2.987287215E2,2.218950033E0,1.015395069E1,-1.072950006E0
2.987311651E2,2.122950077E0,9.031050682E0,1.986000061E0
2.987336088E2,2.701950073E0,1.004895020E1,2.167950153E0
2.987360523E2,2.487000227E0,1.053495026E1,1.987950087E0
2.987384960E2,1.711050034E0,9.606000900E0,2.119950056E0
2.987409396E2,4.900500178E-1,8.434950829E0,-1.995000057E-2
2.987433833E2,5.205000192E-2,8.506950378E0,2.910000086E-1
2.987458270E2,4.680000246E-1,1.051995087E1,6.300000101E-2
2.987482704E2,2.227950096E0,1.120305061E1,-3.058050156E0
2.987507140E2,3.892050266E0,1.009695053E1,-5.823000431E0
2.987531577E2,3.655050278E0,9.453000069E0,-6.331050396E0
2.987556012E2,2.149049997E0,8.835000038E0,-3.544050217E0
2.987580449E2,9.109500647E-1,8.409000397E0,7.600500584E-1
2.987604885E2,1.431000113E0,8.962050438E0,2.481000185E0
2.987629322E2,2.439000130E0,9.289950371E0,1.011000037E0
2.987653759E2,2.638050079E0,8.635950089E0,1.666950107E0
2.987678194E2,2.656950235E0,7.096950531E0,1.995000057E-2
2.987702630E2,1.606050134E0,7.032000542E0,-2.610000074E-1
2.987727067E2,1.588950038E0,9.121950150E0,3.460500240E-1
2.987751501E2,1.881000042E0,9.844950676E0,-1.284000039E0
2.987775938E2,2.302050114E0,8.713050842E0,-3.340950251E0
2.987800374E2,2.403000116E0,7.618950367E0,-4.285950184E0
2.987824811E2,1.965000153E0,6.799950123E0,-4.024950027E0
2.987849246E2,8.950500488E-1,7.422000408E0,-1.392000079E0
2.987873683E2,2.530499995E-1,8.077950478E0,1.537950039E0
2.987898119E2,9.400500655E-1,7.864950180E0,1.810950041E0
2.987922554E2,2.106000185E0,6.679950237E0,1.252950072E0
2.987946991E2,3.829950094E0,6.294000149E0,1.741950035E0
2.987971427E2,4.657950401E0,6.072000504E0,-2.332950115E0
2.987995864E2,5.053950310E0,7.654050350E0,-4.486950397E0
2.988020298E2,3.478050232E0,9.358950615E0,-6.072000504E0
2.988044735E2,2.251950026E0,9.448050499E0,-5.356050491E0
2.988069172E2,2.061000109E0,9.250950813E0,-3.606000185E0
2.988093608E2,1.366050124E0,7.968000412E0,-2.103000164E0
2.988118043E2,1.114950061E0,8.047050476E0,9.420000315E-1
2.988142480E2,2.203950167E0,7.915050507E0,1.758000135E0
2.988166916E2,3.769950151E0,7.197000504E0,3.390000165E-1
2.988191353E2,3.504000187E0,7.321950436E0,-1.119000077E0
2.988215787E2,1.396950126E0,7.948950291E0,-8.580000401E-1
2.988240224E2,9.705000371E-2,8.545050621E0,6.090000272E-1
2.988264661E2,-1.579500139E-1,9.322950363E0,-1.489500105E-1
2.988289097E2,4.200000316E-2,1.040805054E1,-1.465950012E0
2.988313532E2,8.830500245E-1,9.733050346E0,8.505000174E-2
2.988337969E2,3.967050076E0,8.956950188E0,-6.730500460E-1
2.988362405E2,4.660950184E0,8.380050659E0,-4.777050018E0
2.988386842E2,4.050000191E0,9.298950195E0,-4.534950256E0
2.988411276E2,2.025000095E0,1.105905056E1,-2.562000036E0
2.988435713E2,1.785000086E0,1.116195011E1,1.500000060E-2
2.988460149E2,1.600950122E0,1.061100006E1,4.630500078E-1
2.988484586E2,1.455000043E0,9.946050644E0,1.399500072E-1
2.988509021E2,1.804050088E0,9.782999992E0,4.750500321E-1
2.988533457E2,2.367000103E0,1.076505089E1,-1.636050105E0
2.988557894E2,2.677950144E0,1.117395020E1,-2.419050217E0
2.988582329E2,2.767050028E0,1.075695038E1,-3.022050142E0
2.988606765E2,1.836000085E0,1.106895065E1,-2.521950006E0
2.988631202E2,1.102950096E0,1.079595089E1,-1.006049991E0
2.988655638E2,6.910500526E-1,1.038900089E1,-3.139500022E-1
2.988680075E2,1.018950105E0,1.000800037E1,4.249500334E-1
2.988704510E2,1.606050134E0,9.164999962E0,-4.699500203E-1
2.988728946E2,3.175950050E0,8.464050293E0,8.599500656E-1
2.988753383E2,4.342050076E0,7.783950329E0,-7.360500097E-1
2.988777818E2,3.840000153E0,7.549050331E0,-1.966050148E0
2.988802254E2,2.511000156E0,8.920950890E0,-9.409500360E-1
2.988826691E2,1.579050064E0,1.001505089E1,-5.805000290E-2
2.988851127E2,2.110949993E0,1.026900005E1,-1.923000097E0
2.988875562E2,2.496000051E0,9.357000351E0,-4.305000305E0
2.988899999E2,2.458050013E0,8.221950531E0,-4.012950420E0
2.988924435E2,2.266950130E0,7.611000538E0,-1.927950144E0
2.988948872E2,2.479950190E0,8.136000633E0,4.819500148E-1
2.988973307E2,2.899050236E0,8.548050880E0,1.897050142E0
2.988997744E2,2.536950111E0,9.115050316E0,1.834950089E0
2.989022180E2,1.450050116E0,9.193950653E0,9.730500579E-1
2.989046617E2,1.543950081E0,8.503950119E0,-8.500500321E-1
2.989071051E2,3.114000082E0,8.718000412E0,-3.988950253E0
2.989095487E2,3.661950111E0,9.028950691E0,-5.596050262E0
2.989119924E2,3.250950098E0,9.256050110E0,-4.590000153E0
2.989144359E2,3.876000166E0,8.461050034E0,-3.171000242E0
2.989168796E2,4.231950283E0,8.653050423E0,-2.208000183E0
2.989193232E2,4.050000191E0,9.256050110E0,-1.879950047E0
2.989217669E2,3.042000055E0,9.727950096E0,-8.050500154E-1
2.989242103E2,2.359950066E0,9.840000153E0,-7.039500475E-1
2.989266540E2,1.888050079E0,9.679950714E0,-1.011000037E0
2.989290976E2,1.572000027E0,9.667950630E0,-6.330000162E-1
2.989315413E2,1.693950057E0,9.040950775E0,-2.710500062E-1
2.989339848E2,2.137050152E0,8.976000786E0,1.920000017E-1
2.989364285E2,1.399950027E0,8.623950005E0,8.340000510E-1
2.989388721E2,4.450500309E-1,8.968950272E0,-1.660500020E-1
2.989413158E2,3.490500152E-1,9.229950905E0,-9.730500579E-1
2.989437593E2,7.080000043E-1,9.268050194E0,-3.900000080E-2
2.989462030E2,3.631050110E0,8.788949966E0,-7.639500499E-1
2.989486466E2,4.431000233E0,7.705050468E0,-4.071000099E0
2.989510900E2,3.685950279E0,8.035050392E0,-3.886050224E0
2.989535337E2,1.804050088E0,8.950050354E0,-9.889500737E-1
2.989559774E2,1.453050017E0,8.902050018E0,7.429500222E-1
2.989584210E2,1.165050030E0,8.749050140E0,8.410500288E-1
2.989608647E2,9.310500622E-1,7.860000610E0,7.669500113E-1
2.989633082E2,1.510050058E0,8.404050827E0,1.047000051E0
2.989657519E2,1.998000145E0,8.890050888E0,6.259500384E-1
2.989681955E2,1.587000132E0,9.208050728E0,-4.890000224E-1
2.989706390E2,5.860500336E-1,9.460050583E0,-1.219050050E0
2.989730827E2,1.480500102E-1,9.699000359E0,6.019500494E-1
2.989755263E2,8.160000443E-1,9.385950089E0,1.051950097E0
2.989779700E2,2.857950211E0,9.390000343E0,7.930500507E-1
2.989804134E2,4.335000038E0,9.510000229E0,-4.312950134E0
2.989828571E2,3.271950245E0,9.661050797E0,-4.044000149E0
2.989853007E2,1.387950063E0,1.018500042E1,-1.143000007E0
2.989877444E2,7.650000453E-1,1.065405083E1,1.570500135E-1
2.989901881E2,1.096050024E0,1.009395027E1,-1.009500027E-1
2.989926316E2,1.504950047E0,1.049895096E1,4.489500225E-1
2.989950752E2,2.278950214E0,1.115505028E1,3.340500295E-1
2.989975189E2,2.322000027E0,1.143495083E1,-9.769500494E-1
2.989999624E2,1.339950085E0,1.239795017E1,-1.099050045E0
2.990024061E2,3.180000186E-1,1.224000072E1,-2.205000073E-2
2.990048497E2,5.089499950E-1,1.194705009E1,3.195000067E-2
2.990072934E2,4.361999989E0,1.067805004E1,-1.492050052E0
2.990097368E2,5.245050430E0,1.067805004E1,-6.834000111E0
2.990121805E2,4.029000282E0,1.138695049E1,-6.499050140E0
2.990146241E2,1.419000030E0,1.175100040E1,-1.995000124E0
2.990170678E2,1.078950047E0,1.108800030E1,1.375050068E0
2.990195113E2,5.929500461E-1,1.112595081E1,7.380000353E-1
2.990219550E2,1.101000071E0,1.093005085E1,5.850000381E-1
2.990243986E2,1.756950140E0,1.195005035E1,1.741950035E0
2.990268423E2,2.880000114E0,1.261095047E1,1.093050003E0
2.990292858E2,2.832000017E0,1.287600040E1,2.449500114E-1
2.990317295E2,2.515950203E0,1.324500084E1,4.800000191E-1
2.990341731E2,4.374000072E0,1.196700096E1,-2.206050158E0
2.990366165E2,3.330000162E0,1.151205063E1,-9.079950333E0
2.990390602E2,1.279950023E0,1.036995029E1,-8.527050018E0
2.990415038E2,3.510000110E-1,9.297000885E0,-2.584050179E0
2.990439475E2,1.090950012E0,8.362950325E0,2.220000029E0
2.990463910E2,2.355000019E0,9.273000717E0,9.349500537E-1
2.990488347E2,2.937000036E0,1.028100014E1,5.539500117E-1
2.990512783E2,3.081000090E0,1.056795025E1,1.533000112E0
2.990537220E2,2.857950211E0,1.084095097E1,1.756050110E0
2.990561654E2,2.209050179E0,1.080300045E1,2.167950153E0
2.990586091E2,1.843050122E0,1.074495029E1,1.537950039E0
2.990610528E2,-5.700000376E-2,1.137300014E1,-2.400000095E-1
2.990634964E2,-2.100000143E0,9.502950668E0,-4.530000091E-1
2.990659399E2,-1.954050064E0,7.948950291E0,3.051000118E0
2.990683836E2,7.804950237E0,7.030050278E0,-9.799500704E-1
2.990708272E2,8.692950249E0,7.426950455E0,-1.412205029E1
2.990732707E2,5.212050438E0,8.518950462E0,-1.358295059E1
2.990757144E2,1.086000085E0,9.948000908E0,-5.830950260E0
2.990781580E2,-9.000000544E-3,1.085100079E1,2.173050165E0
2.990806017E2,-1.129950047E0,9.418950081E0,5.625000477E0
2.990830454E2,2.100000158E-2,8.655000687E0,-4.000500143E-1
2.990854888E2,2.065050125E0,8.848950386E0,2.740050077E0
2.990879325E2,3.727050066E0,9.490950584E0,3.204000235E0
2.990903761E2,3.910950184E0,1.000605011E1,1.593000054E0
2.990928198E2,3.054000139E0,1.056405067E1,1.521000028E0
2.990952633E2,1.591050029E0,1.191900063E1,-2.899500132E-1
2.990977069E2,2.512950182E0,1.270200062E1,1.485000014E0
2.991001506E2,4.110000134E0,1.125105095E1,-7.971000195E0
2.991025941E2,4.171950340E0,1.060200024E1,-9.532050133E0
2.991050377E2,2.073000193E0,1.028805065E1,-6.508050442E0
2.991074814E2,8.920500278E-1,1.110000038E1,-2.730000019E-1
2.991099251E2,1.234950066E0,1.193505096E1,1.009050012E0
2.991123685E2,1.692000031E0,1.264905071E1,-1.510950089E0
2.991148122E2,2.167950153E0,1.314900017E1,4.870500267E-1
2.991172558E2,2.302050114E0,1.273800087E1,1.081050038E0
2.991196995E2,1.879050136E0,1.306800079E1,-6.450000405E-1
2.991221430E2,1.060050011E0,1.286400032E1,2.929500043E-1
2.991245866E2,2.959500253E-1,1.201395035E1,1.330500096E-1
2.991270303E2,-1.200000048E-1,1.193295097E1,-1.060500070E-1
2.991294740E2,3.370500207E-1,1.081695080E1,2.101050138E0
2.991319174E2,2.026950121E0,9.642000198E0,2.662950039E0
2.991343611E2,3.253050089E0,9.778050423E0,1.240950108E0
2.991368047E2,4.186950207E0,1.013700008E1,9.949500561E-1
2.991392482E2,4.326000214E0,1.072905064E1,8.130000234E-1
2.991416919E2,2.760000229E0,1.102995014E1,1.710000038E-1
2.991441356E2,1.227000117E0,1.187295055E1,1.090500057E-1
2.991465792E2,7.129500508E-1,1.170105076E1,-4.530000091E-1
2.991490229E2,6.889500618E-1,1.241400051E1,-1.800000072E-1
2.991514663E2,1.168050051E0,1.285005093E1,-3.480000198E-1
2.991539100E2,1.279950023E0,1.351305103E1,-9.370500445E-1
2.991563536E2,1.857000113E0,1.400400066E1,-4.770000279E-1
2.991587971E2,2.640000105E0,1.427505112E1,-5.805000290E-2
2.991612408E2,3.610050201E0,1.430805111E1,1.054050088E0
2.991636844E2,4.137000084E0,1.410000038E1,-8.503050804E0
2.991661281E2,3.628950119E0,1.653495026E1,-2.775000095E0
2.991685716E2,3.231000185E0,1.669305038E1,-2.713050127E0
2.991710153E2,3.085050106E0,1.582395077E1,-6.610500216E-1
2.991734589E2,2.259000063E0,1.756200027E1,-7.005000114E-2
2.991759025E2,1.927050114E0,1.732305145E1,-7.639500499E-1
2.991783460E2,8.040000200E-1,1.739400101E1,-1.018050075E0
2.991807897E2,2.220000178E-1,1.605795097E1,-8.359500170E-1
2.991832333E2,-8.595000207E-2,1.469595051E1,-3.480000198E-1
2.991856770E2,-2.490000129E-1,1.346295071E1,6.000000052E-3
2.991881205E2,-2.509500086E-1,1.306605053E1,1.050000079E-3
2.991905642E2,-7.399500608E-1,1.422900105E1,1.138050079E0
2.991930078E2,6.169500351E-1,1.429905033E1,9.799500704E-1
2.991954512E2,3.922950268E0,1.442100048E1,1.840050101E0
2.991978949E2,5.146950245E0,1.367100048E1,2.122050047E0
2.992003385E2,5.050950050E0,1.432305050E1,3.169050217E0
2.992027822E2,2.884050131E0,1.349700069E1,2.958000183E0
2.992052259E2,1.507950068E0,1.270395088E1,3.003000259E0
2.992076694E2,1.395000100E0,1.064700031E1,2.398050070E0
2.992101131E2,1.657950044E0,9.903000832E0,2.995950222E0
2.992125567E2,2.001000166E0,1.002000046E1,2.728050232E0
2.992150004E2,2.290950060E0,1.168395042E1,-1.510500014E-1
2.992174438E2,4.183950424E0,1.123395061E1,-2.700000070E-2
2.992198874E2,5.062950134E0,9.963000298E0,-1.461000061E1
2.992223311E2,1.096050024E0,8.871000290E0,-1.567800045E1
2.992247746E2,5.980500579E-1,8.337000847E0,-1.246800041E1
2.992272183E2,2.020050049E0,8.039999962E0,-3.865050077E0
2.992296619E2,3.516000271E0,7.518000126E0,-5.179499984E-1
2.992321056E2,2.994000196E0,8.245950699E0,2.287050009E0
2.992345491E2,2.176050186E0,8.629050255E0,3.223950148E0
2.992369927E2,1.255950093E0,9.084000587E0,2.155950069E0
2.992394364E2,5.209500194E-1,9.856950760E0,1.465950012E0
2.992418801E2,9.000000544E-3,9.661050797E0,2.224950075E0
2.992443235E2,3.495000303E-2,8.380050659E0,2.544000149E0
2.992467672E2,8.250000477E-1,6.337950230E0,1.471050024E0
2.992492108E2,2.116050005E0,5.578950405E0,2.208000183E0
2.992516545E2,4.963050365E0,5.233950138E0,-1.132950068E0
2.992540980E2,4.170000076E0,5.598000050E0,-3.384000063E0
2.992565417E2,3.760950089E0,7.032000542E0,-4.789050102E0
2.992589853E2,3.294000149E0,6.972000122E0,-9.835950851E0
2.992614290E2,3.106950045E0,7.966050148E0,-8.740050316E0
2.992638724E2,2.319000006E0,8.629050255E0,-5.028000355E0
2.992663161E2,6.340500116E-1,8.914050102E0,-6.589500308E-1
2.992687598E2,5.430000424E-1,8.035050392E0,2.730000019E0
2.992712034E2,1.551000118E0,7.117950439E0,3.412950277E0
2.992736469E2,3.202950239E0,6.402000427E0,2.355000019E0
2.992760906E2,5.347950459E0,5.836950302E0,1.093050003E0
2.992785342E2,4.069050312E0,5.089950085E0,-2.500050068E0
2.992809777E2,2.590050220E0,6.385050297E0,-4.432050228E0
2.992834214E2,1.651050091E0,6.378000259E0,-4.593000412E0
2.992858650E2,1.393050075E0,5.722050190E0,-3.457950115E0
2.992883087E2,2.098950148E0,5.932950497E0,-1.839000106E0
2.992907521E2,3.346050262E0,5.734050274E0,-9.289500713E-1
2.992931958E2,4.303950310E0,5.218950272E0,-1.243050098E0
2.992956394E2,4.474050045E0,5.682000160E0,-1.770000100E0
2.992980831E2,3.301050186E0,6.096000195E0,-2.064000130E0
2.993005266E2,2.037000179E0,6.673050404E0,-1.264950037E0
2.993029703E2,1.660950065E0,6.796950340E0,-6.349500418E-1
2.993054139E2,1.861950040E0,6.571950436E0,-6.880500317E-1
2.993078576E2,2.377050161E0,6.342000484E0,-1.542000055E0
2.993103011E2,2.539950132E0,5.988000393E0,-9.799500704E-1
2.993127448E2,2.128050089E0,5.695950508E0,1.759500057E-1
2.993151884E2,1.036050081E0,5.749050140E0,1.135950089E0
2.993176318E2,4.060500264E-1,5.605050087E0,4.099500179E-1
2.993200755E2,-1.950000064E-3,5.677050114E0,-4.170000255E-1
2.993225192E2,-2.100000158E-2,5.502000332E0,-6.010500193E-1
2.993249628E2,2.287950039E0,4.707000256E0,-1.230000034E-1
2.993274065E2,4.077000141E0,4.735949993E0,-4.408050060E0
2.993298500E2,4.503000259E0,5.437050343E0,-5.530950069E0
2.993322937E2,3.910950184E0,5.968950272E0,-5.293950081E0
2.993347373E2,2.379000187E0,7.201950550E0,-3.501000166E0
2.993371810E2,9.090000391E-1,6.799950123E0,-1.339050055E0
2.993396244E2,4.489500225E-1,5.931000233E0,-5.595000088E-2
2.993420681E2,7.459500432E-1,5.458950043E0,1.540500075E-1
2.993445117E2,2.671050072E0,4.792950153E0,1.864050031E0
2.993469552E2,4.122000217E0,2.320050001E0,-1.119000077E0
2.993493989E2,4.359000206E0,3.349950075E0,-2.562000036E0
2.993518425E2,3.286950111E0,3.424050093E0,-2.518950224E0
2.993542862E2,1.765950084E0,4.872000217E0,-1.717050076E0
2.993567297E2,1.582050085E0,5.083050251E0,6.599999964E-2
2.993591733E2,2.440950155E0,5.682000160E0,5.419500470E-1
2.993616170E2,2.965950251E0,6.973950386E0,-1.008000016E0
2.993640604E2,2.556000233E0,6.936000347E0,-3.124950171E0
2.993665041E2,2.146950006E0,7.111050129E0,-3.397950172E0
2.993689478E2,2.131950140E0,7.056000233E0,-2.719950199E0
2.993713914E2,3.037950039E0,7.089000225E0,-2.227050066E0
2.993738351E2,3.670050144E0,6.598950386E0,-2.485950232E0
2.993762786E2,3.504000187E0,6.382950306E0,-2.701050043E0
2.993787222E2,2.548950195E0,7.200000286E0,-2.119050026E0
2.993811659E2,1.435950041E0,7.396050453E0,-5.989500284E-1
2.993836096E2,1.384950042E0,7.033950329E0,-4.909500182E-1
2.993860531E2,1.725000024E0,6.631950378E0,-9.769500494E-1
2.993884967E2,1.668000102E0,5.947050095E0,-1.489950061E0
2.993909404E2,2.008050203E0,5.181000233E0,-1.645050049E0
2.993933841E2,3.040050030E0,4.819950104E0,-1.981050134E0
2.993958275E2,4.052999973E0,4.729050159E0,-2.287050009E0
2.993982711E2,4.570050240E0,5.844000340E0,-2.581950188E0
2.994007148E2,4.441050053E0,6.594000340E0,-3.393000126E0
2.994031583E2,3.700950146E0,7.021950245E0,-3.979950190E0
2.994056020E2,2.611050129E0,7.149000168E0,-3.894000292E0
2.994080456E2,1.989000082E0,6.220050335E0,-3.727950096E0
2.994104893E2,1.443000078E0,5.559000492E0,-3.522000074E0
2.994129327E2,2.274000168E0,5.728950500E0,1.947000146E0
2.994153764E2,4.540950298E0,2.734050035E0,-7.120500207E-1
2.994178200E2,6.354000092E0,3.538950205E0,-3.609000206E0
2.994202635E2,3.937950134E0,4.888950348E0,-2.512050152E0
2.994227072E2,3.403950214E0,5.200050354E0,-4.019999981E0
2.994251508E2,3.163950205E0,5.761050224E0,-3.915000200E0
2.994275945E2,1.528950095E0,6.129000187E0,-2.790000200E0
2.994300380E2,1.684950113E0,5.944950104E0,-1.357950091E0
2.994324817E2,2.662050009E0,5.743950367E0,6.109500527E-1
2.994349253E2,4.612950325E0,4.513050079E0,-1.072950006E0
2.994373690E2,5.853000164E0,4.681050301E0,-4.303050041E0
2.994398124E2,5.611050129E0,4.348050117E0,-5.569950104E0
2.994422561E2,4.828050137E0,4.828950405E0,-6.082050323E0
2.994446997E2,4.065000057E0,5.418000221E0,-6.028950214E0
2.994471434E2,2.641950130E0,6.088950157E0,-4.293000221E0
2.994495871E2,1.753950119E0,6.214950085E0,-2.076000214E0
2.994520306E2,2.644950151E0,5.284050465E0,-7.399500608E-1
2.994544743E2,3.229050159E0,4.843950272E0,-6.589500308E-1
2.994569179E2,3.928050280E0,3.982050180E0,-1.846050143E0
2.994593616E2,3.457050085E0,3.424050093E0,-3.199050188E0
2.994618050E2,2.773950100E0,3.405000210E0,-2.656050205E0
2.994642487E2,3.751050234E0,3.583950281E0,-2.376000166E0
2.994666923E2,4.258950233E0,4.015050411E0,-2.698950052E0
2.994691358E2,3.928050280E0,4.822050095E0,-3.616050243E0
2.994715795E2,4.216050148E0,5.052000046E0,-4.753050327E0
2.994740231E2,4.426050186E0,5.128050327E0,-4.935000420E0
2.994764668E2,4.227000237E0,5.397000313E0,-4.498950005E0
2.994789103E2,4.306950092E0,4.609050274E0,-4.255050182E0
2.994813539E2,3.847050190E0,4.615950108E0,-5.014050007E0
2.994837976E2,3.319950104E0,4.063050270E0,-3.798000097E0
2.994862410E2,4.824000359E0,3.603000164E0,-2.127000093E0
2.994886847E2,5.455950260E0,3.685050249E0,-3.534000158E0
2.994911283E2,3.532950163E0,4.579950333E0,-4.468050003E0
2.994935720E2,3.937950134E0,5.655000210E0,-3.646950245E0
2.994960157E2,4.975050449E0,5.752950191E0,-3.589950085E0
2.994984592E2,2.994000196E0,6.436050415E0,-3.901050091E0
2.995009028E2,2.362050056E0,5.890050411E0,-3.321000099E0
2.995033465E2,2.985000134E0,5.844000340E0,-2.292000055E0
2.995057899E2,4.684950352E0,5.236050129E0,-2.470950127E0
2.995082336E2,4.741950035E0,5.275050163E0,-3.987000227E0
2.995106773E2,4.824000359E0,5.635950089E0,-5.356050491E0
2.995131209E2,5.269050121E0,5.920950413E0,-5.569950104E0
2.995155646E2,5.041950226E0,7.183050156E0,-4.963950157E0
2.995180081E2,4.443000317E0,7.923000336E0,-4.114050388E0
2.995204518E2,3.694050074E0,7.963050365E0,-3.988950253E0
2.995228954E2,2.668950081E0,7.839000225E0,-3.238050222E0
2.995253389E2,2.343000174E0,7.183050156E0,-1.666950107E0
2.995277826E2,2.736000061E0,6.256050110E0,-1.155000091E0
2.995302262E2,2.808000088E0,5.221950054E0,-1.054050088E0
2.995326699E2,2.893950224E0,4.870050430E0,-6.780000329E-1
2.995351133E2,3.817950249E0,5.305950165E0,-1.006049991E0
2.995375570E2,5.094000340E0,6.589050293E0,-2.434950113E0
2.995400006E2,5.515950203E0,7.984950542E0,-4.468050003E0
2.995424441E2,4.369050026E0,9.280050278E0,-5.002050400E0
2.995448878E2,3.286950111E0,1.024305058E1,-4.744050026E0
2.995473314E2,2.410050154E0,1.045305061E1,-5.689050198E0
2.995497751E2,2.458050013E0,9.262950897E0,-5.977050304E0
2.995522186E2,3.559050083E0,7.480050564E0,-5.017050266E0
2.995546623E2,5.070000172E0,6.594000340E0,-4.653000355E0
2.995571059E2,5.950950146E0,5.302950382E0,-4.891950130E0
2.995595496E2,5.719050407E0,5.976000309E0,-3.439050198E0
2.995619930E2,6.174000263E0,7.353000164E0,-2.107050180E0
2.995644367E2,6.325050354E0,9.109950066E0,-3.385950089E0
2.995668803E2,4.251000404E0,1.005405045E1,-5.083950043E0
2.995693240E2,2.130000114E0,1.061400032E1,-4.741050243E0
2.995717677E2,2.760000229E0,1.009695053E1,-2.722950220E0
2.995742112E2,5.238000393E0,9.544050217E0,-2.668050051E0
2.995766549E2,5.757000446E0,9.586950302E0,-3.658950090E0
2.995790985E2,6.373050213E0,9.856950760E0,-4.510950089E0
2.995815420E2,6.925950527E0,9.703950882E0,-5.440050125E0
2.995839856E2,6.828000546E0,1.073805046E1,-5.893050194E0
2.995864293E2,6.187950134E0,1.173195076E1,-6.199050426E0
2.995888729E2,3.457050085E0,1.251000023E1,-5.230050087E0
2.995913164E2,6.190500259E-1,1.212000084E1,-2.151000023E0
2.995937601E2,-3.330000043E-1,1.033800030E1,1.408950090E0
2.995962037E2,-2.629500031E-1,7.947000504E0,1.404000044E0
2.995986474E2,7.630500197E-1,7.540050507E0,-9.679500461E-1
2.996010909E2,1.873950124E0,8.362950325E0,6.690000296E-1
2.996035345E2,2.868000031E0,1.052805042E1,1.258050084E0
2.996059782E2,7.222950459E0,1.047300053E1,-1.609050035E0
2.996084216E2,9.679050446E0,9.694050789E0,-6.793050289E0
2.996108653E2,7.881000519E0,1.245705032E1,-8.746950150E0
2.996133090E2,2.700000048E0,1.417200089E1,-5.407050133E0
2.996157526E2,1.089000106E0,1.322805023E1,-1.168950081E0
2.996181961E2,1.108050108E0,1.163595009E1,-3.379500210E-1
2.996206398E2,2.719050169E0,8.461050034E0,-2.256000042E0
2.996230834E2,5.488950253E0,7.123050213E0,-5.112000465E0
2.996255271E2,7.192050457E0,7.768950462E0,-6.511050224E0
2.996279706E2,5.920050144E0,9.465000153E0,-6.702000141E0
2.996304142E2,3.181050062E0,1.084605026E1,-3.606000185E0
2.996328579E2,2.901000023E0,1.114995098E1,6.469500065E-1
2.996353016E2,5.263950348E0,1.326195049E1,9.405000508E-2
2.996377452E2,4.788000107E0,1.475400066E1,-7.639500499E-1
2.996401887E2,5.707050323E0,1.484400082E1,-3.333000183E0
2.996426323E2,6.385050297E0,1.425105095E1,-6.799950123E0
2.996450760E2,7.258950233E0,1.409295082E1,-9.120000839E0
2.996475195E2,7.081050396E0,1.395600033E1,-9.946050644E0
2.996499632E2,4.560000420E0,1.327095032E1,-6.120000362E0
2.996524068E2,1.852050066E0,1.132500076E1,-5.806950092E0
2.996548505E2,7.030500174E-1,9.828000069E0,3.468000174E0
2.996572940E2,4.900500178E-1,8.787000656E0,3.796050072E0
2.996597376E2,1.108050108E0,1.001805019E1,-1.450950027E0
2.996621813E2,2.563050032E0,1.002000046E1,1.002000093E0
2.996646247E2,2.851050138E0,1.221795082E1,2.239500135E-1
2.996670684E2,6.105000496E0,1.270200062E1,8.820000291E-1
2.996695120E2,7.098000526E0,1.297695065E1,-4.051949978E0
2.996719558E2,5.461050034E0,1.548900032E1,-7.225950241E0
2.996743992E2,4.708950043E0,1.444695091E1,-9.352950096E0
2.996768429E2,2.887050152E0,1.419600105E1,-6.939000130E0
2.996792865E2,3.046950102E0,1.122195053E1,-5.203050137E0
2.996817302E2,5.788950443E0,8.614950180E0,-2.581950188E0
2.996841737E2,7.042950153E0,8.329950333E0,-3.489000082E0
2.996866174E2,5.257050037E0,7.726050377E0,-5.548050404E0
2.996890610E2,2.899050236E0,9.000000000E0,-3.300000191E0
2.996915047E2,4.291950226E0,1.101105022E1,-2.503050089E0
2.996939482E2,5.511000156E0,1.157895088E1,-5.287050247E0
2.996963918E2,5.427000046E0,1.326705074E1,-6.240000248E0
2.996988355E2,5.403000355E0,1.356600094E1,-6.187050343E0
2.997012789E2,6.265050411E0,1.414305115E1,-5.818950176E0
2.997037226E2,6.217050076E0,1.436295033E1,-6.502950191E0
2.997061662E2,4.302000046E0,1.316100025E1,-6.565950394E0
2.997086099E2,1.716000080E0,1.002495003E1,-4.189949989E0
2.997110536E2,2.239500135E-1,7.105950356E0,1.005000062E-2
2.997134971E2,1.764000058E0,6.268050194E0,3.223950148E0
2.997159408E2,4.378050327E0,6.928950310E0,1.399050117E0
2.997183844E2,6.916050434E0,7.300050259E0,7.950000465E-3
2.997208281E2,7.266000271E0,8.401050568E0,-2.977050066E0
2.997232715E2,5.659050465E0,1.184205055E1,-4.155000210E0
2.997257152E2,3.363000154E0,1.376505089E1,-4.686000347E0
2.997281588E2,1.788000107E0,1.427895069E1,-6.345000267E0
2.997306023E2,2.836050034E0,1.332195091E1,-6.907950401E0
2.997330460E2,4.912050247E0,1.097805023E1,-6.733050346E0
2.997354897E2,6.652950287E0,9.538950920E0,-6.309000492E0
2.997379333E2,8.248050690E0,7.627950191E0,-6.988950253E0
2.997403768E2,5.238000393E0,7.177950382E0,-5.907000065E0
2.997428205E2,2.319000006E0,7.887000561E0,-9.220500588E-1
2.997452641E2,2.560950041E0,8.827950478E0,1.897050142E0
2.997477078E2,5.631000042E0,9.606000900E0,-1.084950089E0
2.997501513E2,5.587050438E0,1.008195019E1,-5.296950340E0
2.997525949E2,3.694050074E0,1.155495071E1,-5.194050312E0
2.997550386E2,3.379950047E0,1.288605022E1,-4.557000160E0
2.997574823E2,4.258950233E0,1.394400024E1,-3.573000193E0
2.997599257E2,3.436950207E0,1.432995033E1,-4.279050350E0
2.997623693E2,1.419000030E0,1.273005104E1,-1.813050032E0
2.997648130E2,5.430000424E-1,1.044900036E1,2.532000065E0
2.997672565E2,5.895000324E-2,9.481050491E0,2.716050148E0
2.997697002E2,3.150000274E-1,8.820000648E0,5.230500102E-1
2.997721439E2,2.428950071E0,7.705050468E0,-4.960500300E-1
2.997745875E2,2.275950193E0,7.951050282E0,-3.355050087E0
2.997770312E2,4.098000050E0,9.073950768E0,-4.747950077E0
2.997794746E2,4.867050171E0,1.025205040E1,-3.906000137E0
2.997819183E2,4.703999996E0,1.195905018E1,-2.778000116E0
2.997843619E2,3.301050186E0,1.306305027E1,-1.357950091E0
2.997868054E2,3.544950247E0,1.231095028E1,-1.147050023E0
2.997892491E2,6.373050213E0,1.066605091E1,-4.360050201E0
2.997916927E2,5.140050411E0,8.665050507E0,-7.261950493E0
2.997941364E2,1.768950105E0,7.851000309E0,-4.225950241E0
2.997965801E2,7.170000076E-1,7.294950485E0,4.800000191E-1
2.997990236E2,3.325050116E0,8.140049934E0,6.880500317E-1
2.998014672E2,5.149050236E0,7.954050541E0,-1.842000127E0
2.998039109E2,5.145000458E0,8.690999985E0,-3.181950092E0
2.998063543E2,4.558050156E0,1.021395016E1,-3.943950176E0
2.998087980E2,4.390050411E0,1.147095013E1,-4.756050110E0
2.998112416E2,3.412950277E0,1.239495087E1,-5.470950127E0
2.998136853E2,1.390050054E0,1.129605007E1,-3.229950190E0
2.998161288E2,-1.032000065E0,9.782999992E0,2.764050245E0
2.998185725E2,-3.244050264E0,7.602000237E0,3.657000065E0
2.998210161E2,-2.286000013E0,5.313000202E0,-1.279050112E0
2.998234596E2,-1.030500084E-1,6.013950348E0,1.516950130E0
2.998259033E2,6.028050423E0,7.176000118E0,2.355000019E0
2.998283469E2,6.847050190E0,6.160050392E0,-4.339050293E0
2.998307906E2,6.382050514E0,6.390000343E0,-3.312000275E0
2.998332343E2,3.841950178E0,9.121950150E0,-1.936950088E0
2.998356777E2,1.879050136E0,9.970050812E0,-1.264950037E0
2.998381214E2,1.338000059E0,1.018800068E1,-1.129500046E-1
2.998405650E2,3.871050119E0,7.249950409E0,-3.088950157E0
2.998430085E2,3.591000080E0,4.729050159E0,-5.722950459E0
2.998454522E2,2.520000219E0,4.843950272E0,-3.541950226E0
2.998478958E2,3.801000118E0,6.061950207E0,-6.090000272E-1
2.998503395E2,5.125050068E0,7.171050549E0,2.880000174E-1
2.998527829E2,4.041000366E0,7.489050388E0,7.995000482E-2
2.998552266E2,2.659050226E0,8.619000435E0,4.270500243E-1
2.998576702E2,2.170950174E0,1.016100025E1,-2.449500114E-1
2.998601139E2,1.836000085E0,1.076895046E1,-3.036000252E0
2.998625574E2,1.004999995E0,1.025205040E1,-5.347050190E0
2.998650011E2,-8.929500580E-1,8.430000305E0,-2.400000095E0
2.998674447E2,-2.410950184E0,6.565050125E0,2.656050205E0
2.998698884E2,-1.554000020E0,5.551950455E0,1.693950057E0
2.998723318E2,2.592000008E0,6.754050255E0,1.384950042E0
2.998747755E2,6.765000343E0,7.461000443E0,-2.412000179E0
2.998772191E2,3.756000280E0,6.144000053E0,-3.265950203E0
2.998796626E2,8.160000443E-1,7.912950516E0,-2.179050207E0
2.998821063E2,8.320500255E-1,8.811000824E0,-1.914000034E0
2.998845499E2,2.130000114E0,8.265000343E0,-2.548050165E0
2.998869936E2,3.745950222E0,6.751950264E0,-3.175050259E0
2.998894371E2,6.469050407E0,5.341950417E0,-6.016950130E0
2.998918808E2,5.098950386E0,4.285950184E0,-7.648050308E0
2.998943245E2,2.355000019E0,4.824000359E0,-5.127000332E0
2.998967681E2,2.467950106E0,5.482950211E0,-1.662000060E0
2.998992115E2,4.828050137E0,6.163050175E0,-2.490000129E-1
2.999016553E2,4.831050396E0,5.398950100E0,-1.818000078E0
2.999040989E2,2.893950224E0,5.890050411E0,-5.850000381E-1
2.999065426E2,3.840000153E0,6.763950348E0,-6.589500308E-1
2.999089860E2,5.212050438E0,7.012950420E0,-3.187050104E0
2.999114297E2,2.097000122E0,8.049000740E0,-4.954050064E0
2.999138733E2,-8.760000467E-1,6.301950455E0,-4.606950283E0
2.999163170E2,-2.023050070E0,5.326950073E0,1.162050009E0
2.999187605E2,2.869500220E-1,5.854050159E0,4.744050026E0
2.999212042E2,4.540950298E0,5.035050392E0,1.075950027E0
2.999236478E2,5.334000111E0,5.148000240E0,-4.638000011E0
2.999260915E2,2.122950077E0,5.524050236E0,-5.695950508E0
2.999285349E2,6.739500165E-1,6.204000473E0,-4.516050339E0
2.999309786E2,2.716950178E0,6.511950493E0,-3.657000065E0
2.999334222E2,4.801950455E0,6.259050369E0,-4.854000092E0
2.999358659E2,5.247000217E0,6.072000504E0,-5.614950180E0
2.999383094E2,5.367000103E0,5.341950417E0,-7.531050205E0
2.999407530E2,4.201050282E0,3.499950171E0,-8.875950813E0
2.999431967E2,2.890950203E0,3.187050104E0,-6.244950294E0
2.999456401E2,3.913950205E0,4.372050285E0,-2.674950123E0
2.999480839E2,6.615000248E0,5.016000271E0,-1.902000070E0
2.999505275E2,6.220050335E0,4.654050350E0,-3.657000065E0
2.999529712E2,4.210950375E0,6.034050465E0,-2.344050169E0
2.999554149E2,4.543950081E0,6.223050117E0,-3.328950167E0
2.999578582E2,4.873950005E0,7.314000130E0,-4.570950031E0
2.999603020E2,1.894950032E0,7.993950367E0,-5.086050034E0
2.999627457E2,-3.660000265E-1,5.830050468E0,-5.140950203E0
2.999651891E2,-1.261950016E0,3.349950075E0,-1.902000070E0
2.999676328E2,1.972050071E0,3.697050095E0,3.504000187E0
2.999700764E2,6.064050198E0,3.052950144E0,6.760500073E-1
2.999725201E2,5.455950260E0,2.254950047E0,-1.039950013E0
2.999749636E2,3.070950031E0,4.101000309E0,-1.939500123E-1
2.999774073E2,2.319000006E0,6.772950172E0,-9.199500680E-1
2.999798509E2,3.399000168E0,8.197950363E0,-3.307050228E0
2.999822946E2,2.532000065E0,7.461000443E0,-6.064950466E0
2.999847381E2,3.076050043E0,7.959000587E0,-6.751950264E0
2.999871818E2,6.205050468E0,5.980950356E0,-9.010050774E0
2.999896254E2,3.883050203E0,4.489050388E0,-8.200950623E0
2.999920691E2,3.105000257E0,4.384050369E0,-3.570000172E0
2.999945125E2,5.689950466E0,4.872000217E0,-2.809500098E-1
2.999969562E2,7.017000198E0,7.089000225E0,-1.189950109E0
2.999993998E2,5.994000435E0,7.594950199E0,-1.915950060E0
3.000018433E2,4.054950237E0,7.390950203E0,1.005000062E-2
3.000042870E2,4.378050327E0,9.306000710E0,-2.332950115E0
3.000067306E2,3.769950151E0,1.088400078E1,-4.450950146E0
3.000091743E2,1.194000006E0,1.109700012E1,-4.261950016E0
3.000116178E2,-1.150500029E-1,8.406000137E0,-9.105000645E-2
3.000140614E2,-2.110500038E-1,6.430950165E0,1.879950047E0
3.000165051E2,-2.920500040E-1,9.958050728E0,-1.152000070E0
3.000189486E2,8.440500498E-1,8.686050415E0,8.440500498E-1
3.000213922E2,9.469500184E-1,8.791950226E0,9.850500226E-1
3.000238359E2,1.297050118E0,8.703000069E0,1.305000018E-2
3.000262795E2,1.417050123E0,9.511950493E0,-5.850000381E-1
3.000287232E2,1.797000051E0,1.083195019E1,-4.669500291E-1
3.000311667E2,6.295950413E0,9.238950729E0,-4.170000255E-1
3.000336104E2,6.346050262E0,8.157000542E0,-7.582950592E0
3.000360540E2,9.511950493E0,5.293950081E0,-1.203195095E1
3.000384974E2,5.908050060E0,3.144000053E0,-1.108605099E1
3.000409411E2,4.717950344E0,3.972000122E0,-6.388050079E0
3.000433848E2,7.447950363E0,4.681050301E0,-4.152000427E0
3.000458284E2,8.365050316E0,6.637050152E0,-4.825050354E0
3.000482721E2,5.880000114E0,7.153950214E0,-4.084949970E0
3.000507156E2,5.941950321E0,7.471950531E0,-3.190050125E0
3.000531593E2,5.767050266E0,8.296050072E0,-3.748050213E0
3.000556029E2,4.113000393E0,9.120000839E0,-4.012950420E0
3.000580464E2,1.153050065E0,8.854050636E0,-2.023950100E0
3.000604901E2,-1.501050115E0,6.931050301E0,2.326050043E0
3.000629337E2,-1.762050033E0,4.927050114E0,5.364000320E0
3.000653774E2,4.186950207E0,4.918050289E0,1.971000075E0
3.000678208E2,8.401050568E0,4.498950005E0,-4.368000031E0
3.000702645E2,5.647050381E0,5.148000240E0,-4.690950394E0
3.000727082E2,2.278950214E0,7.507950306E0,-1.462950110E0
3.000751516E2,2.341050148E0,9.417000771E0,-1.015950084E0
3.000775953E2,3.037950039E0,9.991050720E0,-3.987000227E0
3.000800389E2,3.628950119E0,9.460050583E0,-7.726950169E0
3.000824826E2,5.707050323E0,7.846050262E0,-1.168500042E1
3.000849261E2,4.081050396E0,5.674050331E0,-1.081500053E1
3.000873698E2,3.895050287E0,3.757050276E0,-6.487050533E0
3.000898134E2,6.615000248E0,4.075050354E0,-4.626000404E0
3.000922571E2,9.552000046E0,4.848000050E0,-6.253950119E0
3.000947005E2,7.960050583E0,5.605050087E0,-8.301000595E0
3.000971442E2,4.777950287E0,6.496050358E0,-4.875000000E0
3.000995878E2,5.259000301E0,6.084000111E0,-2.641050100E0
3.001020315E2,5.707050323E0,6.607950211E0,-2.359050035E0
3.001044750E2,1.584000111E0,7.057950497E0,-2.782950163E0
3.001069187E2,-3.690000176E-1,4.755000114E0,-3.154050112E0
3.001093624E2,1.423950076E0,2.574000120E0,-2.221950054E0
3.001118060E2,6.970950127E0,2.502000093E0,-1.177950025E0
3.001142495E2,7.744950294E0,2.701050043E0,-2.866050243E0
3.001166931E2,4.579050064E0,4.984950066E0,-4.890000224E-1
3.001191368E2,3.757950068E0,6.370950222E0,-1.780500114E-1
3.001215804E2,4.668000221E0,8.476050377E0,-3.718950272E0
3.001240239E2,5.377050400E0,1.063995075E1,-6.487050533E0
3.001264676E2,4.651050091E0,9.637050629E0,-9.561000824E0
3.001289112E2,5.748000145E0,9.189000130E0,-9.889050484E0
3.001313547E2,6.660000324E0,6.330000401E0,-1.129005051E1
3.001337984E2,5.530050278E0,3.655950069E0,-1.024305058E1
3.001362421E2,8.413050652E0,2.926050186E0,-1.023600006E1
3.001386857E2,1.213095093E1,4.258950233E0,-1.275000095E1
3.001411294E2,1.135305023E1,5.479950428E0,-1.546005058E1
3.001435728E2,7.363950253E0,6.733050346E0,-1.228305054E1
3.001460164E2,6.760950089E0,7.792950153E0,-3.573000193E0
3.001484601E2,6.694050312E0,1.045095062E1,1.627050042E0
3.001509036E2,4.708950043E0,9.453000069E0,2.340000153E0
3.001533473E2,5.736000061E0,6.204000473E0,2.781000137E0
3.001557909E2,6.952050209E0,2.161950111E0,-5.578950405E0
3.001582346E2,1.067805004E1,6.750000119E-1,-1.268805027E1
3.001606780E2,1.218900013E1,-7.720500231E-1,-1.502895069E1
3.001631217E2,1.022805023E1,-4.849500358E-1,-1.319295025E1
3.001655653E2,6.385050297E0,4.318950176E0,-9.690000534E0
3.001680090E2,4.954950333E0,8.104949951E0,-5.245950222E0
3.001704525E2,4.396950245E0,9.364050865E0,-3.982050180E0
3.001728961E2,3.913950205E0,1.012800026E1,-5.938050270E0
3.001753398E2,2.784000158E0,9.912000656E0,-6.396000385E0
3.001777835E2,2.122950077E0,8.152050018E0,-2.368050098E0
3.001802269E2,1.464000106E0,4.812000275E0,2.206050158E0
3.001826706E2,3.354000092E0,4.795950413E0,4.228950024E0
3.001851142E2,5.319000244E0,7.908000469E0,2.376000166E0
3.001875579E2,1.144905090E1,8.715000153E0,1.179000020E0
3.001900014E2,9.924000740E0,5.887050152E0,-9.525000572E0
3.001924450E2,8.731050491E0,9.244050026E0,-1.109295082E1
3.001948887E2,8.985000610E0,1.257195091E1,-1.477305031E1
3.001973322E2,4.089000225E0,1.589100075E1,-1.283100033E1
3.001997758E2,-4.279500246E-1,1.262505054E1,-3.661050081E0
3.002022195E2,-5.719500184E-1,8.265000343E0,2.706000090E0
3.002046632E2,8.080500364E-1,8.344050407E0,3.468000174E0
3.002071066E2,1.045050025E0,1.176105022E1,-5.130000114E-1
3.002095503E2,3.175950050E0,1.011300087E1,2.914950132E0
3.002119939E2,6.661950111E0,7.738050461E0,-3.111000061E0
3.002144376E2,8.365050316E0,8.434950829E0,-7.321950436E0
3.002168811E2,7.584000587E0,1.298400021E1,-1.024095058E1
3.002193248E2,4.833000183E0,1.358505058E1,-9.949050903E0
3.002217684E2,4.026000023E0,1.238805103E1,-6.408000469E0
3.002242121E2,5.269050121E0,1.239300060E1,-5.734950066E0
3.002266556E2,4.939050198E0,8.964000702E0,-6.171000481E0
3.002290992E2,5.869950294E0,6.004950523E0,-4.532999992E0
3.002315429E2,9.624000549E0,5.418000221E0,-3.652050257E0
3.002339863E2,1.178100014E1,6.346950531E0,-6.783000469E0
3.002364300E2,8.476950645E0,9.615000725E0,-6.871950150E0
3.002388736E2,6.373050213E0,1.096605015E1,-2.596050024E0
3.002413173E2,7.258950233E0,1.254795074E1,-1.975950122E0
3.002437610E2,5.773950100E0,1.435095024E1,-4.911000252E0
3.002462045E2,2.247000217E0,1.474605083E1,-6.178050518E0
3.002486481E2,2.029500157E-1,1.320705032E1,-3.889050245E0
3.002510918E2,-4.069500268E-1,1.035300064E1,4.180500209E-1
3.002535353E2,1.672950029E0,1.065195084E1,-2.205000073E-2
3.002559789E2,5.761950493E0,1.165305042E1,-3.340950251E0
3.002584226E2,5.959050179E0,1.067805004E1,-4.626000404E0
3.002608662E2,3.222000122E0,1.213200092E1,-2.590950012E0
3.002633099E2,2.527950048E0,1.417605114E1,-5.010000467E-1
3.002657534E2,4.584000111E0,1.490700054E1,-3.955950260E0
3.002681970E2,4.435950279E0,1.521105099E1,-6.027000427E0
3.002706407E2,5.203950405E0,1.404705048E1,-7.399050236E0
3.002730842E2,5.149050236E0,1.265100098E1,-7.870050430E0
3.002755278E2,2.250000000E0,1.088700008E1,-4.756050110E0
3.002779715E2,4.429050446E0,1.018005085E1,-2.272950172E0
3.002804152E2,8.271000862E0,1.173195076E1,-3.537000179E0
3.002828586E2,8.370000839E0,1.140600014E1,-5.838000298E0
3.002853022E2,6.057000160E0,1.116900063E1,-5.634000301E0
3.002877459E2,6.442050457E0,1.199295044E1,-5.095950127E0
3.002901894E2,6.516000271E0,1.289595032E1,-6.763950348E0
3.002926331E2,4.378050327E0,1.274505043E1,-7.344000340E0
3.002950767E2,1.941000104E0,1.087695026E1,-3.943950176E0
3.002975204E2,9.040500522E-1,7.140000343E0,1.794000030E0
3.002999638E2,1.690050125E0,7.597050190E0,3.714000225E0
3.003024075E2,3.298950195E0,8.389050484E0,1.651050091E0
3.003048512E2,5.319000244E0,5.683950424E0,-3.751950264E0
3.003072949E2,4.896000385E0,6.658050537E0,-5.862000465E0
3.003097383E2,4.246950150E0,8.578950882E0,-4.147050381E0
3.003121820E2,4.275000095E0,1.036695004E1,-3.925050259E0
3.003146256E2,3.538050175E0,9.739950180E0,-4.996950150E0
3.003170693E2,5.245050430E0,9.064949989E0,-5.935950279E0
3.003195128E2,5.913000107E0,6.712950230E0,-7.882050514E0
3.003219564E2,3.760950089E0,4.900950432E0,-6.135000229E0
3.003244001E2,4.912050247E0,4.603950024E0,-4.084949970E0
3.003268436E2,7.833000183E0,4.824000359E0,-4.930050373E0
3.003292872E2,8.700000763E0,6.061950207E0,-5.067000389E0
3.003317309E2,5.712000370E0,7.959000587E0,-3.930000305E0
3.003341745E2,5.607000351E0,8.478000641E0,-2.446950197E0
3.003366182E2,5.821950436E0,9.261000633E0,-4.879950047E0
3.003390617E2,2.901000023E0,1.027905083E1,-6.051000118E0
3.003415053E2,-2.100000158E-2,9.124950409E0,-5.658000469E0
3.003439490E2,-1.903050065E0,6.121950150E0,1.090500057E-1
3.003463925E2,-3.299999982E-2,5.907000065E0,3.360000134E0
3.003488361E2,5.323950291E0,4.906050205E0,7.810500264E-1
3.003512798E2,5.968050480E0,5.545050144E0,-1.564050078E0
3.003537235E2,3.547950268E0,6.946050167E0,-1.063950062E0
3.003561669E2,9.070500135E-1,8.464050293E0,5.805000290E-2
3.003586106E2,8.869500160E-1,1.067595005E1,-1.236000061E0
3.003610542E2,2.853000164E0,1.127700043E1,-4.255050182E0
3.003634979E2,4.723050117E0,8.872950554E0,-7.344000340E0
3.003659414E2,4.717950344E0,6.406950474E0,-1.006800079E1
3.003683851E2,2.178000212E0,3.582000256E0,-8.026050568E0
3.003708287E2,3.849000216E0,2.659950018E0,-6.319050312E0
3.003732724E2,8.105999947E0,2.887050152E0,-5.275050163E0
3.003757158E2,1.012905025E1,3.457050085E0,-7.168950558E0
3.003781595E2,7.383000374E0,5.434950352E0,-6.750000477E0
3.003806032E2,5.668950081E0,6.883050442E0,-2.233950138E0
3.003830466E2,5.983050346E0,7.707000256E0,-1.207050085E0
3.003854903E2,1.903050065E0,8.491950035E0,-3.517950058E0
3.003879339E2,-1.846050143E0,8.155050278E0,-2.068950176E0
3.003903776E2,-1.381050110E0,4.549050331E0,-7.500000298E-2
3.003928213E2,1.891050100E0,3.711000204E0,1.902000070E0
3.003952648E2,6.667050362E0,3.040950060E0,-4.219500124E-1
3.003977084E2,6.475950241E0,2.356050014E0,-3.261000156E0
3.004001521E2,2.781000137E0,5.349000454E0,-6.010500193E-1
3.004025955E2,9.900000691E-1,6.598950386E0,1.947000146E0
3.004050392E2,2.359500080E-1,1.051095009E1,-1.369500011E-1
3.004074828E2,1.996050119E0,1.051800060E1,-8.740500212E-1
3.004099265E2,2.817000151E0,9.862050056E0,-6.256950378E0
3.004123700E2,3.124050140E0,8.305950165E0,-9.103950500E0
3.004148136E2,1.960050106E0,4.252050400E0,-7.497000217E0
3.004172573E2,2.355000019E0,3.697050095E0,-5.947950363E0
3.004197008E2,7.419000149E0,3.190950155E0,-5.950050354E0
3.004221445E2,9.745950699E0,4.465050220E0,-8.098050117E0
3.004245881E2,7.447950363E0,5.658000469E0,-8.268000603E0
3.004270318E2,6.013950348E0,7.530000210E0,-3.898050070E0
3.004294755E2,5.829000473E0,8.896950722E0,-3.454950094E0
3.004319189E2,1.687050104E0,9.487950325E0,-4.507050037E0
3.004343625E2,-3.009000063E0,9.493050575E0,-5.269500017E-1
3.004368062E2,-2.941950083E0,6.196050167E0,3.063000202E0
3.004392497E2,-4.710000157E-1,4.623000145E0,3.786000252E0
3.004416934E2,5.254950047E0,4.732950211E0,2.158050060E0
3.004441370E2,7.861950397E0,3.316050053E0,-3.787950277E0
3.004465807E2,4.527000427E0,3.802050114E0,-2.488050222E0
3.004490242E2,1.843050122E0,6.454950333E0,5.010000467E-1
3.004514679E2,1.623000026E0,1.107300091E1,7.909500599E-1
3.004539115E2,3.634050131E0,1.186605072E1,-2.529000044E0
3.004563552E2,3.145050049E0,1.032195091E1,-6.798000336E0
3.004587986E2,2.506050110E0,7.719000340E0,-8.497950554E0
3.004612423E2,1.615050077E0,4.033950329E0,-7.107000351E0
3.004636859E2,4.645950317E0,2.928000212E0,-6.562950134E0
3.004661296E2,1.041900063E1,2.557050228E0,-9.508050919E0
3.004685731E2,1.154400063E1,3.421050072E0,-1.201500034E1
3.004710167E2,9.210000038E0,6.189000130E0,-9.091950417E0
3.004734604E2,8.101050377E0,7.780950546E0,-4.714950085E0
3.004759038E2,6.427950382E0,1.037895012E1,-2.944950104E0
3.004783475E2,1.608000040E0,1.194300079E1,-1.360050082E0
3.004807912E2,-2.598000050E0,9.784950256E0,-1.106999993E0
3.004832348E2,-1.420050025E0,5.752950191E0,-2.136000156E0
3.004856783E2,2.769000053E0,3.442950249E0,-2.443050146E0
3.004881220E2,7.840050220E0,3.109950066E0,-1.960950136E0
3.004905656E2,6.411000252E0,2.643000126E0,-2.491050005E0
3.004930093E2,2.097000122E0,6.309000492E0,2.641950130E0
3.004954528E2,1.417050123E0,8.812950134E0,4.323000431E0
3.004978965E2,5.049000263E0,1.059705067E1,-2.245950222E0
3.005003401E2,5.560950279E0,1.185900021E1,-6.493950367E0
3.005027838E2,3.567000151E0,1.232295036E1,-7.119000435E0
3.005052272E2,1.407000065E0,8.764950752E0,-7.027950287E0
3.005076708E2,1.041000009E0,6.376050472E0,-3.087000132E0
3.005101145E2,4.227000237E0,6.474000454E0,-3.019950151E0
3.005125580E2,1.076400089E1,6.028950214E0,-7.537950516E0
3.005150017E2,1.237305069E1,5.064000130E0,-1.193400097E1
3.005174454E2,8.680950165E0,7.719000340E0,-1.222095013E1
3.005198890E2,7.804950237E0,9.216000557E0,-1.029795074E1
3.005223327E2,5.548950195E0,1.095105076E1,-9.421950340E0
3.005247762E2,1.165050030E0,1.036500072E1,-6.271050453E0
3.005272198E2,-2.731950045E0,9.898050308E0,2.002950191E0
3.005296635E2,-2.914050102E0,4.579950333E0,7.681950569E0
3.005321069E2,-8.830500245E-1,3.796950102E0,1.336950064E0
3.005345506E2,2.050950050E0,3.679950237E0,4.354050159E0
3.005369943E2,3.246000051E0,2.883000135E0,4.450050354E0
3.005394379E2,5.980050087E0,5.020950317E0,-1.585050106E0
3.005418816E2,4.414050102E0,8.986050606E0,5.350500345E-1
3.005443250E2,4.213050365E0,1.051800060E1,4.729500115E-1
3.005467687E2,4.924050331E0,1.159095097E1,-4.629000187E0
3.005492122E2,2.580000162E0,9.940950394E0,-6.903000355E0
3.005516559E2,1.309500039E-1,5.503950119E0,-3.204000235E0
3.005540995E2,2.475000143E0,3.874050140E0,-1.803000093E0
3.005565432E2,9.615000725E0,6.567000389E0,-6.877050400E0
3.005589869E2,1.363905048E1,3.883050203E0,-1.279995060E1
3.005614303E2,9.865950584E0,6.583950520E0,-1.528095055E1
3.005638739E2,7.603050232E0,9.052950859E0,-1.319100094E1
3.005663176E2,8.532000542E0,8.989950180E0,-1.202895069E1
3.005687611E2,2.841000080E0,9.697050095E0,-1.010400009E1
3.005712048E2,-2.065950155E0,1.034805012E1,-3.352050066E0
3.005736484E2,-3.285000086E0,6.666000366E0,5.187000275E0
3.005760921E2,-8.640000224E-1,4.936950207E0,6.304950237E0
3.005785356E2,5.769000053E0,4.714050293E0,4.071000099E0
3.005809793E2,8.508000374E0,2.770050049E0,-5.250000358E-1
3.005834229E2,6.568950176E0,4.659000397E0,-2.364000082E0
3.005858666E2,4.812000275E0,9.498000145E0,-1.990500093E-1
3.005883100E2,3.579000235E0,1.133205032E1,-8.740500212E-1
3.005907537E2,1.405050039E0,1.341705036E1,-1.612050056E0
3.005931973E2,8.400000334E-1,1.159305096E1,-7.429500222E-1
3.005956408E2,3.730500042E-1,7.702050209E0,-2.869050026E0
3.005980845E2,1.759050131E0,5.641050339E0,-5.220000148E-1
3.006005281E2,5.698050499E0,6.928950310E0,-4.509000301E0
3.006029718E2,1.285395050E1,6.253950119E0,-1.249095058E1
3.006054153E2,1.221705055E1,6.163050175E0,-1.838895035E1
3.006078589E2,8.170949936E0,9.131999969E0,-1.468200111E1
3.006103026E2,9.018000603E0,1.003695011E1,-1.180395031E1
3.006127463E2,6.382050514E0,1.150905037E1,-1.083000088E1
3.006151897E2,1.500000119E0,1.118805027E1,-7.387050152E0
3.006176334E2,-1.104000092E0,1.094700050E1,-7.905000448E-2
3.006200770E2,-1.378950119E0,6.049950123E0,4.168950081E0
3.006225207E2,4.821000099E0,5.365950108E0,8.440500498E-1
3.006249642E2,9.064050674E0,3.522000074E0,-3.196950197E0
3.006274079E2,8.281050682E0,5.224050045E0,-2.042999983E0
3.006298515E2,4.788000107E0,7.951050282E0,1.071000099E0
3.006322952E2,3.484950066E0,1.215600014E1,3.091950178E0
3.006347387E2,2.194950104E0,1.180605030E1,5.010000467E-1
3.006371823E2,2.065050125E0,1.165500069E1,-3.661050081E0
3.006396260E2,1.159950018E0,8.635950089E0,-6.606000423E0
3.006420696E2,1.140000075E-1,5.953950405E0,-3.261000156E0
3.006445131E2,5.041950226E0,4.969950199E0,-4.779000282E0
3.006469568E2,1.130295086E1,5.136000156E0,-9.805050850E0
3.006494004E2,1.114005089E1,6.321000099E0,-1.252500057E1
3.006518439E2,7.948050499E0,9.105000496E0,-1.124205017E1
3.006542876E2,9.088050842E0,1.079295063E1,-7.945050240E0
3.006567312E2,7.192050457E0,1.214100075E1,-8.644050598E0
3.006591749E2,1.323000073E0,1.220100021E1,-6.894000530E0
3.006616183E2,-1.186950088E0,1.022595024E1,-1.813050032E0
3.006640620E2,-8.640000224E-1,7.603950500E0,1.780050039E0
3.006665056E2,4.420950413E0,6.733050346E0,4.560000300E-1
3.006689493E2,8.908050537E0,5.298000336E0,-3.787950277E0
3.006713928E2,5.911050320E0,7.021950245E0,-2.887950182E0
3.006738365E2,2.668950081E0,8.943000793E0,2.529000044E0
3.006762801E2,2.014950037E0,1.119300079E1,2.601000071E0
3.006787238E2,6.190500259E-1,1.330500031E1,-9.919500351E-1
3.006811672E2,1.095000096E-2,1.212705040E1,-1.477950096E0
3.006836109E2,5.590500236E-1,8.586000443E0,2.248950005E0
3.006860546E2,3.495000303E-2,5.317950249E0,-2.227050066E0
3.006884980E2,5.085000038E0,5.938050270E0,-3.478950262E0
3.006909417E2,1.117605019E1,6.220050335E0,-1.002795029E1
3.006933853E2,1.156095028E1,5.623950481E0,-1.364595032E1
3.006958290E2,7.576950550E0,9.517050743E0,-1.165605068E1
3.006982725E2,8.446050644E0,1.046100044E1,-8.554950714E0
3.007007162E2,6.306000233E0,1.029300022E1,-9.060000420E0
3.007031598E2,5.689499974E-1,9.835950851E0,-5.842950344E0
3.007056033E2,-2.562000036E0,7.947000504E0,2.323050022E0
3.007080469E2,-7.009500265E-1,5.707950115E0,5.944050312E0
3.007104906E2,8.416950226E0,4.075050354E0,-8.670000434E-1
3.007129342E2,1.025400066E1,2.527950048E0,-7.756050587E0
3.007153777E2,4.507950306E0,4.273950100E0,-5.340000153E0
3.007178214E2,1.740000129E0,7.302000523E0,-3.190500140E-1
3.007202651E2,1.603050113E0,1.040505028E1,4.198050022E0
3.007227087E2,2.263950109E0,1.158600044E1,3.346050262E0
3.007251522E2,2.815050125E0,1.084095097E1,-3.600000218E-2
3.007275959E2,9.949500561E-1,9.105000496E0,-3.016950130E0
3.007300396E2,6.240000129E-1,7.365000248E0,-2.296950102E0
3.007324832E2,5.863050461E0,6.010050297E0,-5.809050083E0
3.007349269E2,1.069005013E1,5.773050308E0,-1.167705059E1
3.007373703E2,7.884000301E0,6.816000462E0,-1.104105091E1
3.007398140E2,7.266000271E0,1.005405045E1,-7.497000217E0
3.007422576E2,1.009605026E1,1.020900059E1,-5.119050026E0
3.007447011E2,6.133050442E0,1.046295071E1,-6.283050060E0
3.007471448E2,4.129500091E-1,1.129905033E1,-3.748050213E0
3.007495884E2,-5.980500579E-1,9.589050293E0,-3.810000122E-1
3.007520321E2,2.130000114E0,8.521050453E0,-2.907000065E0
3.007544756E2,5.959050179E0,5.679000378E0,-7.546950340E0
3.007569192E2,4.302000046E0,5.317950249E0,-9.228000641E0
3.007593629E2,1.462050080E0,5.871000290E0,-3.364050150E0
3.007618063E2,1.060050011E0,8.559000015E0,3.645000219E0
3.007642500E2,2.427000046E0,1.029105091E1,4.192950249E0
3.007666936E2,5.571000099E0,1.081005096E1,1.713000059E0
3.007691373E2,4.326000214E0,8.229000092E0,-1.521000028E0
3.007715808E2,5.760000348E-1,8.149950027E0,-1.557000041E0
3.007740245E2,1.687050104E0,7.246950150E0,-2.200950146E0
3.007764681E2,8.592000008E0,5.787000179E0,-7.425000191E0
3.007789118E2,8.463000298E0,5.659950256E0,-1.253895092E1
3.007813552E2,4.716000080E0,7.432050228E0,-1.090200043E1
3.007837989E2,8.314949989E0,7.741050243E0,-6.606000423E0
3.007862426E2,8.736000061E0,7.429050446E0,-8.323050499E0
3.007886863E2,2.937000036E0,7.252050400E0,-7.336950302E0
3.007911299E2,-7.180500627E-1,6.025950432E0,-1.123050094E0
3.007935733E2,1.549500078E-1,5.362950325E0,1.690500081E-1
3.007960170E2,7.036050320E0,4.176000118E0,-3.103050232E0
3.007984605E2,7.978950500E0,2.671950102E0,-4.273950100E0
3.008009042E2,1.567050099E0,4.458000183E0,-1.930050135E0
3.008033479E2,1.399950027E0,5.959050179E0,-6.210000515E-1
3.008057915E2,4.255949974E0,7.245000362E0,3.705000132E-2
3.008082352E2,3.655050278E0,8.860950470E0,9.079500437E-1
3.008106786E2,2.583000183E0,8.776950836E0,2.236950159E0
3.008131222E2,3.370500207E-1,6.802050114E0,3.457950115E0
3.008155659E2,-5.509500504E-1,6.778050423E0,9.780000448E-1
3.008180094E2,6.670050144E0,6.807000160E0,-3.139500022E-1
3.008204531E2,1.060305023E1,5.073000431E0,-1.055895042E1
3.008228967E2,7.375950336E0,5.740950108E0,-1.324605083E1
3.008253404E2,6.166950226E0,9.201000214E0,-1.199100018E1
3.008277839E2,8.152050018E0,9.289950371E0,-1.164900017E1
3.008302276E2,4.512000084E0,1.012800026E1,-9.742950439E0
3.008326712E2,1.002000093E0,9.603000641E0,-4.308000088E0
3.008351148E2,1.492950082E0,8.539950371E0,3.400950193E0
3.008375583E2,5.512950420E0,7.791000366E0,6.070500016E-1
3.008400020E2,7.005000114E0,5.950050354E0,-3.939000130E0
3.008424456E2,4.543950081E0,6.156000137E0,-6.067950249E0
3.008448891E2,1.033950090E0,6.996000290E0,-3.646950245E0
3.008473328E2,7.099500299E-1,8.992950439E0,5.680500269E-1
3.008497764E2,1.872000098E0,1.002000046E1,1.437000036E0
3.008522201E2,4.608000278E0,9.967050552E0,-1.390500069E-1
3.008546635E2,2.797950029E0,7.840950489E0,-1.327050090E0
3.008571072E2,2.959500253E-1,7.585050583E0,2.560050011E0
3.008595509E2,3.640950203E0,8.029950142E0,-3.739500046E-1
3.008619945E2,8.652000427E0,7.900950432E0,-6.745050430E0
3.008644380E2,8.416950226E0,8.908950806E0,-1.143105030E1
3.008668817E2,5.350050449E0,1.058700085E1,-1.108605099E1
3.008693253E2,7.684950352E0,1.129605007E1,-9.823950768E0
3.008717690E2,5.983050346E0,1.049205017E1,-7.689000130E0
3.008742125E2,1.174950004E0,9.547950745E0,-2.718000174E0
3.008766562E2,-1.290000081E-1,8.136000633E0,2.167950153E0
3.008790998E2,3.121050119E0,7.884000301E0,-3.790500164E-1
3.008815432E2,8.334000587E0,5.859000206E0,-5.706000328E0
3.008839869E2,5.298000336E0,3.709050179E0,-7.525950432E0
3.008864306E2,1.114950061E0,5.674050331E0,-3.553950071E0
3.008888742E2,1.407000065E0,8.039999962E0,1.440000057E0
3.008913179E2,5.569500327E-1,1.160295010E1,2.563050032E0
3.008937614E2,1.813950062E0,6.783000469E0,-1.200000048E0
3.008962051E2,1.657950044E0,6.445050240E0,-8.239500523E-1
3.008986485E2,1.546050072E0,5.683950424E0,7.069500089E-1
3.009010922E2,6.363000393E0,6.235050201E0,-2.431050062E0
3.009035359E2,1.001700020E1,5.133000374E0,-6.750000477E0
3.009059795E2,5.793000221E0,5.434950352E0,-8.682000160E0
3.009084232E2,2.962950230E0,8.794050217E0,-6.846000195E0
3.009108666E2,8.371950150E0,8.698050499E0,-8.409000397E0
3.009133103E2,5.532000065E0,6.886050224E0,-1.025805092E1
3.009157539E2,2.119500041E-1,6.450000286E0,-6.436050415E0
3.009181974E2,7.304999977E-2,5.191050053E0,6.760500073E-1
3.009206411E2,5.926950455E0,4.470000267E0,-1.198050022E0
3.009230848E2,1.025400066E1,2.691000223E0,-7.453950405E0
3.009255284E2,4.273050308E0,1.402950048E0,-5.119050026E0
3.009279721E2,-1.189950109E0,5.454000473E0,6.280500293E-1
3.009304156E2,9.000000544E-3,8.326950073E0,8.580000401E-1
3.009328592E2,4.189050198E0,9.201000214E0,-1.140000105E0
3.009353029E2,4.584000111E0,6.964950562E0,-2.698950052E0
3.009377464E2,-2.629500031E-1,6.931050301E0,-1.485000014E0
3.009401900E2,1.869000077E0,6.409050465E0,-1.339050055E0
3.009426337E2,8.425050735E0,6.655950546E0,-3.573000193E0
3.009450773E2,9.742050171E0,5.334000111E0,-6.004950523E0
3.009475210E2,5.698050499E0,6.208050251E0,-5.614950180E0
3.009499644E2,6.199950218E0,9.040950775E0,-2.950050116E0
3.009524081E2,1.081695080E1,1.112895012E1,-1.060005093E1
3.009548516E2,5.968050480E0,9.547950745E0,-1.163895035E1
3.009572953E2,3.319500089E-1,9.577050209E0,-6.312000275E0
3.009597389E2,-4.309500158E-1,8.254950523E0,-5.560500026E-1
3.009621826E2,4.864050388E0,8.512050629E0,-2.433000088E0
3.009646263E2,8.950950623E0,7.081950188E0,-7.791000366E0
3.009670698E2,4.141050339E0,3.370950222E0,-5.059950352E0
3.009695134E2,2.073000193E0,7.021950245E0,5.130000114E-1
3.009719571E2,4.120050430E0,1.121700096E1,2.637000084E0
3.009744005E2,4.930950165E0,1.433505058E1,1.879500151E-1
3.009768442E2,3.078000069E0,1.153605080E1,-3.799950123E0
3.009792878E2,5.710500479E-1,1.128195095E1,-2.902050257E0
3.009817315E2,1.195950031E0,8.706000328E0,-1.195050001E0
3.009841750E2,4.759050369E0,9.522000313E0,-4.392000198E0
3.009866187E2,8.632950783E0,8.181000710E0,-7.782000542E0
3.009890623E2,6.813000202E0,7.939050198E0,-6.523050308E0
3.009915060E2,8.796000481E0,1.064295006E1,-6.597000122E0
3.009939494E2,8.311950684E0,1.089405060E1,-1.118700027E1
3.009963931E2,2.257050037E0,1.052295017E1,-7.923000336E0
3.009988367E2,-4.360500276E-1,8.124000549E0,-2.665050030E0
3.010012802E2,1.275000095E0,8.527950287E0,-4.650000334E-1
3.010037239E2,7.801950455E0,8.425050735E0,-5.701050282E0
3.010061675E2,6.591000080E0,3.342000246E0,-7.650000572E0
3.010086112E2,2.547000170E0,2.899050236E0,-1.285950065E0
3.010110547E2,4.287000179E0,9.646050453E0,3.427050114E0
3.010134984E2,4.102950096E0,1.394895077E1,2.533950090E0
3.010159420E2,2.415000200E0,1.004895020E1,8.410500288E-1
3.010183857E2,8.160000443E-1,7.372050285E0,1.344000101E0
3.010208292E2,-1.273950100E0,7.558950424E0,1.906950116E0
3.010232729E2,5.203950405E0,7.875000477E0,-4.351050377E0
3.010257165E2,9.351000786E0,5.425050259E0,-1.108605099E1
3.010281602E2,7.900050163E0,4.183050156E0,-1.008495045E1
3.010306036E2,3.871050119E0,8.836950302E0,-3.304950237E0
3.010330473E2,7.908000469E0,1.299795055E1,-3.355050087E0
3.010354909E2,5.290950298E0,1.141095066E1,-6.549000263E0
3.010379344E2,-4.999500215E-1,1.191105080E1,-3.597000122E0
3.010403781E2,-1.288050056E0,9.010050774E0,-2.023950100E0
3.010428217E2,4.699050426E0,8.574000359E0,-6.163050175E0
3.010452654E2,7.419000149E0,6.366000175E0,-9.520050049E0
3.010477091E2,2.836050034E0,2.380050182E0,-4.894050121E0
3.010501525E2,1.749000072E0,6.493050098E0,2.683050156E0
3.010525962E2,3.507000208E0,1.553400040E1,4.155000210E0
3.010550396E2,4.147950172E0,1.274205017E1,9.280500412E-1
3.010574833E2,3.772950172E0,1.012500095E1,-6.610500216E-1
3.010599270E2,8.869500160E-1,1.197105026E1,7.480500340E-1
3.010623707E2,4.990950108E0,1.113600063E1,-4.842000008E0
3.010648143E2,9.720000267E0,6.694050312E0,-1.345605087E1
3.010672578E2,8.998950005E0,5.184000015E0,-1.514700031E1
3.010697014E2,5.118000031E0,6.487950325E0,-1.024305058E1
3.010721451E2,9.691050529E0,9.631950378E0,-5.562000275E0
3.010745888E2,7.591050148E0,8.959050179E0,-8.779950142E0
3.010770323E2,1.384950042E0,8.491950035E0,-6.739950180E0
3.010794760E2,-1.189950109E0,8.550000191E0,1.191000104E0
3.010819196E2,3.295950174E0,9.105000496E0,-1.054050088E0
3.010843633E2,9.025950432E0,6.073950291E0,-7.461000443E0
3.010868067E2,3.808050156E0,2.512050152E0,-2.689050198E0
3.010892503E2,5.980500579E-1,3.730050087E0,2.983950138E0
3.010916940E2,2.664000034E0,1.057995033E1,6.520950317E0
3.010941375E2,5.161050320E0,1.229700089E1,2.728050232E0
3.010965812E2,4.539000034E0,9.796950340E0,-5.029500127E-1
3.010990248E2,1.009950042E0,1.021905041E1,-2.449500114E-1
3.011014685E2,2.749950171E0,1.061400032E1,-1.626000047E0
3.011039119E2,6.010950089E0,1.210500050E1,-9.016950607E0
3.011063555E2,9.367950439E0,6.876000404E0,-1.133505058E1
3.011087992E2,7.885950565E0,7.453050137E0,-9.082050323E0
3.011112427E2,7.777950287E0,1.147095013E1,-9.207000732E0
3.011136864E2,6.885000229E0,1.046295071E1,-1.179000092E1
3.011161300E2,1.009950042E0,9.187050819E0,-8.104949951E0
3.011185737E2,2.980500162E-1,6.748950481E0,-1.798950076E0
3.011210172E2,4.278000355E0,1.020705032E1,-2.538000107E0
3.011234609E2,6.402000427E0,7.666050434E0,-8.965050697E0
3.011259045E2,3.459000111E0,3.810000122E-1,-8.980950356E0
3.011283482E2,5.550000072E-1,1.465050101E0,1.557000041E0
3.011307916E2,4.519500136E-1,9.244050026E0,5.484000206E0
3.011332353E2,4.920000136E-1,7.732950211E0,2.854950190E0
3.011356790E2,1.632000089E0,4.180050373E0,5.268000126E0
3.011381224E2,6.840000153E-1,7.495950222E0,3.774000168E0
3.011405661E2,1.479000092E0,8.602950096E0,3.409950256E0
3.011430097E2,7.345050335E0,9.982050896E0,3.432000160E0
3.011454534E2,7.872000217E0,7.501050472E0,-2.923950195E0
3.011478971E2,1.259595013E1,5.488050461E0,-7.612050533E0
3.011503406E2,1.163505077E1,7.948950291E0,-1.377000046E1
3.011527842E2,4.147950172E0,9.808950424E0,-1.284795094E1
3.011552279E2,6.599999964E-2,9.376049995E0,-6.706950188E0
3.011576713E2,3.495000303E-2,7.819950581E0,-3.178050041E0
3.011601150E2,5.428950310E0,1.060905075E1,-4.507050037E0
3.011625586E2,7.168050289E0,1.057500076E1,-6.778950214E0
3.011650023E2,2.917950153E0,4.188000202E0,-4.486950397E0
3.011674458E2,1.648950100E0,4.582950115E0,1.114050031E0
3.011698894E2,6.457050323E0,1.151595020E1,6.070500016E-1
3.011723331E2,5.887050152E0,1.396095085E1,-4.789500237E-1
3.011747768E2,2.607000113E0,8.109000206E0,1.750950098E0
3.011772202E2,9.979500771E-1,8.124000549E0,8.320500255E-1
3.011796639E2,6.820500493E-1,1.598400116E1,1.489950061E0
3.011821075E2,2.451000214E0,1.302705097E1,2.893050194E0
3.011845512E2,3.483000278E0,7.611000538E0,-9.420000076E0
3.011869947E2,1.102200031E1,6.426000118E0,-1.442595100E1
3.011894383E2,9.979050636E0,6.927000523E0,-1.905705070E1
3.011918820E2,1.800000072E0,5.884950161E0,-1.523100090E1
3.011943254E2,-7.969500422E-1,4.161000252E0,-5.830950260E0
3.011967691E2,2.379000187E0,5.662050247E0,-1.380000114E0
3.011992127E2,8.152050018E0,5.076000214E0,-6.088950157E0
3.012016564E2,5.698050499E0,2.337000132E0,-5.263050079E0
3.012040999E2,5.670000315E-1,1.972950101E0,1.762950063E0
3.012065436E2,4.077000141E0,2.713050127E0,2.565000057E0
3.012089872E2,6.001950264E0,7.519950390E0,-1.630950093E0
3.012114309E2,1.993950129E0,5.325000286E0,-1.500000060E-2
3.012138743E2,6.480000019E-1,3.760950089E0,4.150050163E0
3.012163180E2,-2.220000178E-1,9.595950127E0,2.686950207E0
3.012187617E2,7.893000603E0,7.027050495E0,-4.492050171E0
3.012212051E2,9.900000572E0,5.593050480E0,-7.003950119E0
3.012236488E2,9.789000511E0,5.658000469E0,-1.031295013E1
3.012260924E2,1.204200077E1,6.013950348E0,-1.503705025E1
3.012285361E2,5.176050186E0,7.006050110E0,-1.713195038E1
3.012309796E2,-1.630050063E0,6.294000149E0,-3.333000183E0
3.012334233E2,-4.810500145E-1,6.973950386E0,1.139505100E1
3.012358670E2,-1.099050045E0,9.709050179E0,3.193050146E0
3.012383103E2,5.740500093E-1,9.181950569E0,6.090000272E-1
3.012407540E2,3.423000097E0,6.268050194E0,1.129500046E-1
3.012431976E2,4.977000237E0,4.903050423E0,-7.011000156E0
3.012456413E2,9.847050667E0,8.464050293E0,-1.009695053E1
3.012480850E2,4.860000134E0,1.180905056E1,-1.024995041E1
3.012505285E2,3.919500113E-1,8.506950378E0,-3.633000135E0
3.012529722E2,3.270000219E-1,8.101950645E0,-1.030500084E-1
3.012554158E2,-1.414950013E0,1.455195045E1,4.405950069E0
3.012578592E2,9.300000221E-2,6.862050533E0,-1.276950002E0
3.012603029E2,5.005950451E0,7.566000462E0,-3.199050188E0
3.012627466E2,1.140600014E1,5.406000137E0,-7.927950382E0
3.012651902E2,8.869950294E0,4.111050129E0,-1.305195045E1
3.012676339E2,5.569500327E-1,3.783000231E0,-8.746950150E0
3.012700774E2,-6.730500460E-1,3.412050247E0,1.867950082E0
3.012725210E2,3.282000065E0,6.301950455E0,3.102000237E0
3.012749647E2,6.555000305E0,9.606000900E0,8.509500623E-1
3.012774082E2,4.800000191E0,6.475950241E0,1.939950109E0
3.012798519E2,3.001950026E0,3.795000076E0,2.650950193E0
3.012822955E2,7.432950497E0,9.285000801E0,-3.099000216E0
3.012847392E2,6.349050522E0,1.227105045E1,-8.574000359E0
3.012871826E2,1.182000041E0,9.000000000E0,-5.929050446E0
3.012896262E2,-6.510000229E-1,6.148050308E0,1.039500013E-1
3.012920699E2,4.921950340E0,8.293950081E0,-3.136950254E0
3.012945134E2,8.901000023E0,9.475950241E0,-8.436000824E0
3.012969571E2,8.152050018E0,6.364050388E0,-9.172950745E0
3.012994007E2,9.064050674E0,9.057000160E0,-1.089900017E1
3.013018444E2,8.647050858E0,8.776950836E0,-1.300395107E1
3.013042879E2,9.280500412E-1,8.550000191E0,-9.276000023E0
3.013067315E2,-1.378950119E0,5.296050072E0,1.639500111E-1
3.013091752E2,2.346000195E0,7.993950367E0,2.449500114E-1
3.013116188E2,5.953950405E0,5.206950188E0,-6.517950535E0
3.013140623E2,2.251950026E0,4.056000233E0,-3.256950140E0
3.013165060E2,8.110500574E-1,2.161950111E0,7.500000596E-1
3.013189496E2,7.036050320E0,5.310000420E0,6.739500165E-1
3.013213933E2,7.876050472E0,7.848000526E0,-2.239050150E0
3.013238368E2,1.012050033E0,7.792950153E0,-1.741050124E0
3.013262804E2,-1.491000056E0,8.071050644E0,1.852050066E0
3.013287241E2,4.156050205E0,7.599000454E0,-1.522950053E0
3.013311675E2,9.636000633E0,7.828950405E0,-9.642000198E0
3.013336112E2,7.998000145E0,6.891000271E0,-1.230495071E1
3.013360549E2,9.030000687E0,6.934050560E0,-1.099995041E1
3.013384986E2,9.756000519E0,7.599000454E0,-1.105305099E1
3.013409420E2,6.150000095E-1,8.397000313E0,-6.124950409E0
3.013433857E2,-6.340500116E-1,8.035050392E0,2.746950150E0
3.013458293E2,3.070950031E0,6.598950386E0,-1.120950103E0
3.013482730E2,7.941000462E0,7.390950203E0,-8.275050163E0
3.013507165E2,3.556950092E0,4.812000275E0,-8.718000412E0
3.013531602E2,7.960500121E-1,2.398950100E0,-4.759950161E0
3.013556038E2,6.739050388E0,4.225950241E0,-5.835000515E0
3.013580475E2,7.666050434E0,7.984950542E0,-8.737050056E0
3.013604910E2,1.417050123E0,6.271050453E0,-2.898000240E0
3.013629346E2,-1.609050035E0,7.683000565E0,3.166050196E0
3.013653783E2,-1.147050023E0,9.702000618E0,3.240000248E0
3.013678220E2,5.950950146E0,7.578000546E0,-4.363049984E0
3.013702654E2,8.034000397E0,8.956950188E0,-3.451050282E0
3.013727090E2,1.011495018E1,7.575000286E0,-4.564050198E0
3.013751527E2,1.143705082E1,6.667950153E0,-1.042500019E1
3.013775962E2,2.383949995E0,6.667950153E0,-1.258500099E1
3.013800399E2,-1.939050078E0,7.432050228E0,1.305000018E-2
3.013824835E2,1.089000106E0,8.068950653E0,3.643050194E0
3.013849272E2,2.323950052E0,9.292050362E0,2.809500098E-1
3.013873707E2,3.945000172E0,9.309000015E0,-7.810500264E-1
3.013898143E2,3.291000128E0,5.806050301E0,4.800000191E-1
3.013922580E2,8.425050735E0,7.381050587E0,-4.333950043E0
3.013947017E2,1.223595047E1,1.220595074E1,-1.126995087E1
3.013971451E2,4.134000301E0,1.297200108E1,-6.465000153E0
3.013995888E2,1.171950102E0,1.162905025E1,-6.330000162E-1
3.014020324E2,2.599050045E0,1.405695057E1,-2.602950096E0
3.014044761E2,5.839050293E0,1.385805035E1,-5.515050411E0
3.014069196E2,7.323000431E0,1.039800072E1,-1.084200096E1
3.014093632E2,8.959050179E0,1.010400009E1,-1.255095100E1
3.014118069E2,7.969950199E0,9.984000206E0,-1.184505081E1
3.014142503E2,2.467950106E0,7.302000523E0,-7.444050312E0
3.014166940E2,1.189500093E-1,5.446950436E0,2.278050184E0
3.014191377E2,4.302000046E0,8.245950699E0,1.117050052E0
3.014215813E2,5.146950245E0,7.414950371E0,-4.447050095E0
3.014240248E2,2.073000193E0,5.059050083E0,-6.919500232E-1
3.014264685E2,3.781950235E0,5.626050472E0,1.423050046E0
3.014289121E2,7.741950512E0,8.947050095E0,5.400000215E-1
3.014313556E2,5.872050285E0,1.157895088E1,-3.280500174E-1
3.014337993E2,1.702050090E0,1.080495071E1,1.548000097E0
3.014362430E2,9.330000281E-1,1.291695023E1,1.561950088E0
3.014386866E2,3.670050144E0,1.298895073E1,-1.399050117E0
3.014411300E2,4.555950165E0,1.246905041E1,-6.721050262E0
3.014435737E2,7.897950172E0,1.056405067E1,-8.946000099E0
3.014460173E2,9.952050209E0,7.759950161E0,-1.251495075E1
3.014484610E2,6.267000198E0,6.310950279E0,-1.364595032E1
3.014509045E2,2.479500175E-1,5.943000317E0,-8.076000214E0
3.014533482E2,5.980500579E-1,5.385000229E0,-3.397950172E0
3.014557918E2,6.277050495E0,6.318000317E0,-6.738000393E0
3.014582355E2,6.046950340E0,3.888000250E0,-1.190205097E1
3.014606790E2,2.757000208E0,2.811000109E0,-4.063950062E0
3.014631226E2,3.639000177E0,5.083050251E0,8.370000124E-1
3.014655663E2,6.148050308E0,1.148505020E1,-2.659500241E-1
3.014680100E2,9.760500193E-1,9.726000786E0,7.690500617E-1
3.014704534E2,-1.848000050E0,7.135050297E0,7.414050579E0
3.014728970E2,-3.721050262E0,1.010895061E1,4.168950081E0
3.014753407E2,5.281050205E0,8.064000130E0,2.971950054E0
3.014777842E2,9.349050522E0,9.618000031E0,3.600000143E-1
3.014802279E2,1.283505058E1,9.127050400E0,-9.060000420E0
3.014826715E2,1.157295036E1,7.057950497E0,-1.295400047E1
3.014851152E2,6.064050198E0,1.058505058E1,-1.313595104E1
3.014875589E2,1.260000020E-1,1.169595051E1,-2.281949997E0
3.014900023E2,5.879999995E-1,1.183005047E1,-1.225950003E0
3.014924459E2,1.783050060E0,1.622805023E1,-3.783000231E0
3.014948896E2,2.631000042E0,1.040295029E1,-1.293000102E0
3.014973331E2,1.606050134E0,6.037950516E0,-1.305000067E0
3.014997768E2,4.503000259E0,9.654000282E0,-4.621050358E0
3.015022204E2,9.342000008E0,1.443000031E1,-4.416000366E0
3.015046641E2,4.333050251E0,1.252200031E1,-2.586000204E0
3.015071075E2,3.706050158E0,1.076700020E1,-2.443050146E0
3.015095511E2,4.903050423E0,1.382895088E1,-3.445950270E0
3.015119948E2,3.379950047E0,1.271100044E1,-6.313950062E0
3.015144383E2,2.464950085E0,1.050105095E1,-7.660050392E0
3.015168820E2,4.036050320E0,9.349950790E0,-1.138995075E1
3.015193257E2,4.761000156E0,4.872000217E0,-1.345395088E1
3.015217693E2,4.330500066E-1,2.392050028E0,-8.778000832E0
3.015242128E2,-4.999500215E-1,1.774050117E0,3.193050146E0
3.015266565E2,3.820050240E0,3.052950144E0,4.027950287E0
3.015291000E2,5.508000374E0,2.272050142E0,-4.459500313E-1
3.015315437E2,2.724000216E0,2.056950092E0,3.070050240E0
3.015339872E2,4.393050194E0,3.202950239E0,3.484950066E0
3.015364309E2,7.756950378E0,3.424050093E0,-3.364050150E0
3.015388745E2,5.013000011E0,9.385950089E0,-4.092000008E0
3.015413182E2,-6.700500250E-1,8.989950180E0,1.741950035E0
3.015437617E2,-9.550500512E-1,8.457000732E0,3.856050253E0
3.015462054E2,5.307000160E0,9.651000023E0,7.304999977E-2
3.015486490E2,7.896000385E0,9.730050087E0,-5.922000408E0
3.015510927E2,1.250205040E1,9.064949989E0,-1.085100079E1
3.015535361E2,1.039800072E1,7.057950497E0,-1.484700108E1
3.015559798E2,1.657950044E0,8.272050858E0,-1.165095043E1
3.015584234E2,-1.041000009E0,7.240050316E0,-2.490000129E-1
3.015608669E2,2.242950201E0,1.032600021E1,-9.630000591E-1
3.015633106E2,5.062950134E0,9.127050400E0,-6.015000343E0
3.015657542E2,1.108050108E0,4.225950241E0,-5.875950336E0
3.015681979E2,1.612950087E0,3.541050196E0,-2.401950121E0
3.015706413E2,7.639050484E0,6.555000305E0,-5.337000370E0
3.015730850E2,6.208050251E0,8.863950729E0,-9.007950783E0
3.015755286E2,9.570000172E-1,6.055050373E0,-3.664050102E0
3.015779721E2,-2.083050013E0,1.060200024E1,3.091950178E0
3.015804158E2,-1.530000091E0,7.522950172E0,1.921050072E0
3.015828594E2,3.709950209E0,4.234950066E0,1.018050075E0
3.015853031E2,7.279950142E0,6.973950386E0,1.330500096E-1
3.015877468E2,1.087605095E1,3.019050121E0,-5.233950138E0
3.015901903E2,8.191950798E0,-1.980000138E-1,-1.130595016E1
3.015926339E2,5.359500051E-1,1.396050096E0,-9.682950020E0
3.015950776E2,1.459950089E0,6.130500436E-1,-1.462950110E0
3.015975210E2,8.034000397E0,5.190000534E-1,-3.703950167E0
3.015999647E2,4.374000072E0,2.224050045E0,-1.638000131E0
3.016024084E2,1.630050063E0,3.868950129E0,4.111950397E0
3.016048521E2,5.311950207E0,1.028805065E1,2.592000008E0
3.016072957E2,5.595000267E0,1.180605030E1,-5.250000358E-1
3.016097392E2,2.358000040E0,1.109505081E1,-3.630000114E0
3.016121828E2,1.546050072E0,1.488000107E1,-1.150050044E0
3.016146265E2,4.085999966E0,1.166205025E1,6.829500198E-1
3.016170700E2,1.405050039E0,1.235700035E1,-4.480050087E0
3.016195137E2,7.006950378E0,1.332900047E1,-8.059950829E0
3.016219573E2,7.527000427E0,1.059000015E1,-1.201500034E1
3.016244007E2,6.952050209E0,7.401000500E0,-1.491405106E1
3.016268444E2,8.539500237E-1,1.088205051E1,-9.004950523E0
3.016292880E2,2.508000135E0,9.559950829E0,-3.931950092E0
3.016317317E2,7.120050430E0,9.522000313E0,-9.670950890E0
3.016341752E2,3.787050247E0,6.321000099E0,-1.204395103E1
3.016366189E2,-1.150500029E-1,3.304050207E0,-4.714950085E0
3.016390625E2,2.104050159E0,6.306000233E0,-2.959950209E0
3.016415062E2,4.450500309E-1,1.018500042E1,-1.521000028E0
3.016439497E2,-1.207050085E0,3.900000095E0,3.646950245E0
3.016463933E2,5.400000215E-1,2.029950142E0,4.177050114E0
3.016488370E2,1.081050038E0,5.626050472E0,4.153050423E0
3.016512807E2,3.301050186E0,5.932950497E0,3.175950050E0
3.016537241E2,9.214950562E0,8.161950111E0,6.883950233E0
3.016561678E2,1.257195091E1,6.847950459E0,-3.184950113E0
3.016586114E2,9.889950752E0,3.526950121E0,-1.556595039E1
3.016610549E2,1.692000031E0,5.731950283E0,-1.556100082E1
3.016634986E2,-1.060050011E0,5.140050411E0,-5.407050133E0
3.016659422E2,4.141050339E0,3.426000118E0,-5.289000034E0
3.016683859E2,2.122950077E0,1.111050010E0,-4.356000423E0
3.016708293E2,2.310000062E-1,3.973950148E0,2.683050156E0
3.016732730E2,4.246950150E0,3.675000191E0,1.708050132E0
3.016757166E2,8.365050316E0,3.445050240E0,-5.188950062E0
3.016781603E2,5.326050282E0,3.487950087E0,-5.488050461E0
3.016806038E2,2.154000044E0,7.828950405E0,-1.558950067E0
3.016830475E2,5.829000473E0,1.015395069E1,-6.388050079E0
3.016854911E2,4.606050014E0,8.157000542E0,-5.533950329E0
3.016879348E2,4.435950279E0,9.886050224E0,-4.993050098E0
3.016903783E2,8.710050583E0,1.020705032E1,-8.461950302E0
3.016928219E2,5.839050293E0,6.469050407E0,-1.121805096E1
3.016952656E2,1.999500096E-1,6.598950386E0,-5.847000122E0
3.016977090E2,1.584000111E0,5.526000500E0,2.407050133E0
3.017001527E2,8.200050354E0,5.944950104E0,-3.883950233E0
3.017025964E2,4.809000015E0,3.364050150E0,-5.572050095E0
3.017050400E2,1.912050128E0,5.334000111E0,9.679500461E-1
3.017074835E2,3.604950190E0,4.924950123E0,-7.069500089E-1
3.017099271E2,6.034950256E0,8.320050240E0,-5.230050087E0
3.017123708E2,4.900500178E-1,7.729050159E0,-5.272950172E0
3.017148145E2,1.711050034E0,8.191050529E0,-3.139500022E-1
3.017172580E2,6.784950256E0,1.067595005E1,-7.720050335E0
3.017197017E2,6.852000237E0,9.739950180E0,-6.388050079E0
3.017221453E2,8.065950394E0,1.083405018E1,-3.688050270E0
3.017245888E2,1.036905003E1,1.057500076E1,-8.785050392E0
3.017270324E2,3.421050072E0,8.348999977E0,-8.470950127E0
3.017294761E2,-1.789500117E-1,9.747000694E0,-1.561950088E0
3.017319198E2,3.471000195E0,7.606950283E0,-5.250000358E-1
3.017343634E2,6.804000378E0,7.192050457E0,-6.964950562E0
3.017368069E2,3.853950262E0,5.014050007E0,-5.376000404E0
3.017392505E2,1.716000080E0,6.601050377E0,-1.594950080E0
3.017416942E2,4.873950005E0,6.168000221E0,-2.124000072E0
3.017441377E2,5.146950245E0,9.247050285E0,-5.095950127E0
3.017465814E2,1.417050123E0,8.773050308E0,-1.324950099E0
3.017490250E2,7.369500399E-1,8.224050522E0,3.769500256E-1
3.017514687E2,3.330000162E0,1.301805019E1,1.305000018E-2
3.017539122E2,2.073000193E0,1.076505089E1,-3.169500232E-1
3.017563558E2,7.362000465E0,9.274950027E0,-2.574000120E0
3.017587994E2,1.045500088E1,9.702000618E0,-1.087095070E1
3.017612431E2,3.196050167E0,7.495950222E0,-1.052295017E1
3.017636866E2,-4.279500246E-1,7.650000572E0,-1.684050083E0
3.017661302E2,3.919050217E0,6.808950424E0,-1.365000010E0
3.017685739E2,7.489050388E0,6.249000072E0,-7.914000511E0
3.017710174E2,3.715050220E0,4.657050133E0,-5.637000084E0
3.017734611E2,4.054950237E0,6.543000221E0,-1.210050106E0
3.017759047E2,8.355000496E0,5.452050209E0,-3.289950132E0
3.017783484E2,4.375950336E0,7.702050209E0,-6.633000374E0
3.017807918E2,6.409500241E-1,8.038050652E0,-1.666950107E0
3.017832355E2,4.085999966E0,1.124295044E1,-8.290500641E-1
3.017856791E2,4.335000038E0,1.114500046E1,-3.846000195E0
3.017881228E2,4.570050240E0,9.273000717E0,-2.766000032E0
3.017905663E2,1.124295044E1,1.143000031E1,-5.467050076E0
3.017930099E2,9.574050903E0,8.883000374E0,-1.144305038E1
3.017954536E2,1.491000056E0,9.663000107E0,-8.826000214E0
3.017978971E2,2.295000106E-2,9.430950165E0,-3.000000026E-3
3.018003407E2,5.983050346E0,7.798050404E0,-1.753050089E0
3.018027844E2,5.841000080E0,6.285000324E0,-6.843000412E0
3.018052281E2,1.672950029E0,6.787950516E0,-2.124000072E0
3.018076715E2,2.547000170E0,6.532050133E0,8.100000620E-1
3.018101152E2,6.612000465E0,7.048950195E0,-3.343050241E0
3.018125588E2,3.877950191E0,1.009395027E1,-3.843000174E0
3.018150025E2,6.619500518E-1,8.473050117E0,6.589500308E-1
3.018174460E2,1.507950068E0,1.067805004E1,-6.919500232E-1
3.018198897E2,2.331000090E0,1.362300110E1,2.596050024E0
3.018223333E2,2.109000206E0,1.106895065E1,-5.100000277E-2
3.018247767E2,8.868000031E0,1.118400097E1,-4.437000275E0
3.018272204E2,8.026950836E0,8.988000870E0,-1.242195034E1
3.018296642E2,1.429050088E0,9.156000137E0,-7.054050446E0
3.018321078E2,1.464000106E0,9.625050545E0,3.480000198E-1
3.018345515E2,6.172050476E0,8.241000175E0,-4.666950226E0
3.018369949E2,4.144050121E0,7.168050289E0,-2.883000135E0
3.018394385E2,1.656000137E0,8.370000839E0,2.260950089E0
3.018418822E2,5.530050278E0,8.892000198E0,-1.420500129E-1
3.018443257E2,6.469050407E0,8.152050018E0,-5.811000347E0
3.018467694E2,1.572000027E0,7.887000561E0,-4.807950020E0
3.018492130E2,1.455000043E0,8.992950439E0,-1.525950074E0
3.018516567E2,4.081050396E0,1.260795021E1,-4.344000340E0
3.018541002E2,3.756000280E0,9.739950180E0,-5.706000328E0
3.018565438E2,5.496000290E0,7.429050446E0,-5.421000481E0
3.018589875E2,8.938950539E0,9.028950691E0,-9.601950645E0
3.018614309E2,3.907050133E0,7.255050182E0,-1.071300030E1
3.018638746E2,-1.225950003E0,6.694050312E0,2.550000250E-1
3.018663183E2,5.809500217E-1,7.281000137E0,3.580050230E0
3.018687619E2,5.590050220E0,2.715000153E0,-4.396049976E0
3.018712056E2,5.022000313E0,4.189949989E0,-1.296000004E0
3.018736491E2,5.863050461E0,5.305950165E0,1.665000081E0
3.018760927E2,7.917000294E0,4.822050095E0,-2.518950224E0
3.018785364E2,3.234000206E0,6.910050392E0,-3.967950106E0
3.018809799E2,9.499500394E-1,9.364050865E0,2.356950045E0
3.018834236E2,3.142950058E0,1.171500015E1,-2.802000046E0
3.018858672E2,3.828000069E0,8.920950890E0,-7.273950577E0
3.018883109E2,6.073050499E0,1.075995064E1,-7.561950207E0
3.018907543E2,1.092705059E1,1.074105072E1,-1.148595047E1
3.018931980E2,6.568950176E0,8.253000259E0,-1.139505100E1
3.018956416E2,8.680500388E-1,9.306000710E0,-4.744050026E0
3.018980853E2,3.616950274E0,9.001950264E0,-2.730000019E-1
3.019005288E2,9.319950104E0,1.011105061E1,-8.191050529E0
3.019029725E2,4.975050449E0,6.607950211E0,-9.721050262E0
3.019054161E2,2.881950140E0,7.615950584E0,-4.387050152E0
3.019078596E2,8.109000206E0,6.543000221E0,-6.664050102E0
3.019103032E2,4.990950108E0,7.470000267E0,-9.712050438E0
3.019127469E2,-8.400000632E-2,7.884000301E0,-1.315050006E0
3.019151905E2,-3.810000122E-1,9.496050835E0,2.113049984E0
3.019176340E2,2.202000141E0,8.227050781E0,-2.673000097E0
3.019200777E2,4.414050102E0,8.524050713E0,-5.068950176E0
3.019225213E2,7.456950188E0,7.522950172E0,-3.537000179E0
3.019249648E2,1.116900063E1,4.470000267E0,-5.835000515E0
3.019274085E2,1.867050052E0,6.673050404E0,-5.979000092E0
3.019298522E2,-1.627950072E0,5.521050453E0,-2.979000092E0
3.019322958E2,5.346000195E0,2.422950029E0,9.780000448E-1
3.019347395E2,6.082950115E0,1.555950046E0,-2.491050005E0
3.019371829E2,2.619000196E0,3.867000103E0,2.623050213E0
3.019396265E2,3.895050287E0,7.051050186E0,4.216950417E0
3.019420702E2,3.415950060E0,5.428050041E0,8.479500413E-1
3.019445137E2,2.500950098E0,3.691950083E0,-2.524050236E0
3.019469574E2,1.867050052E0,7.137000561E0,-1.497000098E0
3.019494010E2,3.765000105E0,1.130100060E1,6.930000186E-1
3.019518447E2,3.310050249E0,8.041950226E0,-4.854000092E0
3.019542882E2,3.739050150E0,8.478000641E0,-5.577000141E0
3.019567319E2,8.515950203E0,8.454000473E0,-1.151895046E1
3.019591755E2,3.916050196E0,6.582000256E0,-1.024305058E1
3.019616192E2,7.800000161E-2,5.998050213E0,-1.726950049E0
3.019640626E2,2.949000120E0,5.325000286E0,-3.310500085E-1
3.019665063E2,4.777950287E0,5.866050243E0,-6.511050224E0
3.019689499E2,2.134950161E0,1.294950008E0,-5.112000465E0
3.019713934E2,4.536000252E0,3.826050282E0,-4.840500355E-1
3.019738371E2,8.935050011E0,3.163050175E0,-5.617050171E0
3.019762807E2,4.138950348E0,3.844950199E0,-3.556050062E0
3.019787244E2,-6.630000472E-1,9.013950348E0,4.810950279E0
3.019811678E2,8.490000367E-1,8.176050186E0,2.275050163E0
3.019836115E2,6.016050339E0,7.422000408E0,-4.474950314E0
3.019860552E2,4.963050365E0,1.029300022E1,-6.055950165E0
3.019884988E2,1.113495064E1,8.253000259E0,-7.408050537E0
3.019909423E2,6.769950390E0,5.185950279E0,-1.246800041E1
3.019933860E2,-1.254000068E0,8.662050247E0,-9.634950638E0
3.019958296E2,2.499000072E0,6.481050491E0,8.050500154E-1
3.019982733E2,9.445050240E0,5.080950260E0,-3.640050173E0
3.020007168E2,5.676000118E0,4.063050270E0,-3.364050150E0
3.020031605E2,4.821000099E0,6.268050194E0,2.941050053E0
3.020056041E2,8.542050362E0,6.358950138E0,-2.770950079E0
3.020080476E2,4.327950001E0,6.072000504E0,-4.660050392E0
3.020104913E2,5.860500336E-1,7.558950424E0,2.011950016E0
3.020129349E2,2.650050163E0,1.064295006E1,3.190500140E-1
3.020153786E2,5.431950092E0,1.149705029E1,-7.183050156E0
3.020178223E2,4.351950169E0,1.184700012E1,-7.063950539E0
3.020202657E2,8.226000786E0,1.197105026E1,-9.955950737E0
3.020227093E2,5.154000282E0,1.047705078E1,-1.001100063E1
3.020251530E2,-2.029500157E-1,1.128705025E1,-2.107050180E0
3.020275965E2,-3.970500231E-1,1.030500031E1,5.637000084E0
3.020300402E2,2.640000105E0,9.757050514E0,1.165050030E0
3.020324838E2,3.046950102E0,7.779000282E0,-3.229950190E0
3.020349272E2,2.331000090E0,5.635950089E0,-7.830000520E-1
3.020373709E2,6.544950485E0,9.120000839E0,-5.086050034E0
3.020398146E2,7.378050327E0,8.209950447E0,-7.312950134E0
3.020422582E2,1.690050125E0,8.482950211E0,-3.855000257E0
3.020447017E2,2.748000145E0,1.147605038E1,-8.220000267E-1
3.020471454E2,3.463950157E0,1.432995033E1,-1.387050033E0
3.020495890E2,2.191950083E0,1.110195065E1,-8.239500523E-1
3.020520325E2,7.114950180E0,1.036995029E1,-5.242050171E0
3.020544762E2,8.983050346E0,8.875950813E0,-1.204095078E1
3.020569199E2,3.283950090E0,6.253950119E0,-1.042305088E1
3.020593635E2,1.596000075E0,6.175050259E0,-2.215050220E0
3.020618072E2,6.532950401E0,6.156000137E0,-4.317000389E0
3.020642506E2,4.843050003E0,3.496050119E0,-7.012950420E0
3.020666943E2,2.428950071E0,5.430000305E0,5.560500026E-1
3.020691379E2,7.716000557E0,5.539950371E0,-1.198050022E0
3.020715814E2,7.600950241E0,4.075050354E0,-5.685000420E0
3.020740251E2,1.117050052E0,7.261950493E0,1.198050022E0
3.020764688E2,-1.405050039E0,9.181950569E0,6.367050171E0
3.020789124E2,3.907050133E0,7.639950275E0,-6.829500198E-1
3.020813561E2,6.291000366E0,8.512050629E0,-7.270050526E0
3.020837996E2,9.133049965E0,9.417000771E0,-7.054050446E0
3.020862432E2,8.974950790E0,6.414000511E0,-1.428000069E1
3.020886869E2,-1.339500099E-1,8.329950333E0,-1.012395000E1
3.020911303E2,-8.899500370E-1,8.413050652E0,2.824050188E0
3.020935740E2,7.093050480E0,5.935050488E0,7.789500356E-1
3.020960176E2,6.904050350E0,5.233950138E0,-6.337950230E0
3.020984613E2,3.961950302E0,6.436050415E0,-1.630500108E-1
3.021009048E2,8.140049934E0,7.108950138E0,-3.738000154E0
3.021033484E2,6.102000237E0,6.052950382E0,-8.746950150E0
3.021057921E2,-3.180000186E-1,7.528050423E0,-6.900000572E-1
3.021082356E2,-1.312050104E0,1.110000038E1,1.749000072E0
3.021106793E2,2.793000221E0,9.253950119E0,-2.779500186E-1
3.021131229E2,6.196050167E0,1.019205093E1,-5.814000130E0
3.021155666E2,1.102995014E1,1.024500084E1,-8.935950279E0
3.021180100E2,9.724950790E0,8.911050797E0,-1.234800053E1
3.021204537E2,1.371000051E0,9.582000732E0,-8.581950188E0
3.021228973E2,-5.190000534E-1,9.164999962E0,1.411050081E0
3.021253410E2,5.769000053E0,7.984950542E0,1.950000077E-1
3.021277845E2,6.319950104E0,5.785050392E0,-6.862950325E0
3.021302282E2,3.519000053E0,4.590000153E0,-2.289000034E0
3.021326718E2,1.032600021E1,4.137000084E0,-6.987000465E0
3.021351153E2,7.564950466E0,3.931050301E0,-1.089405060E1
3.021375590E2,7.320000529E-1,5.385000229E0,-4.039950371E0
3.021400026E2,3.820500076E-1,8.430000305E0,7.950000465E-3
3.021424462E2,3.259950161E0,6.438000202E0,-2.031000137E0
3.021448899E2,4.507950306E0,7.747950554E0,-5.665050507E0
3.021473334E2,6.271950245E0,8.227050781E0,-4.699950218E0
3.021497770E2,9.697950363E0,4.258950233E0,-7.542000294E0
3.021522207E2,8.970000148E-1,6.649050236E0,-7.449000359E0
3.021546642E2,-1.360500008E-1,3.856950283E0,-4.564050198E0
3.021571079E2,8.259000778E0,2.140050173E0,-4.144950390E0
3.021595515E2,8.194950104E0,-1.464000106E0,-5.649000168E0
3.021619952E2,3.697950125E0,-6.580500603E-1,-1.248000026E0
3.021644386E2,9.136050224E0,2.461050034E0,-3.261000156E0
3.021668823E2,1.129800034E1,1.630050063E0,-5.191050053E0
3.021693259E2,3.994950294E0,-9.540000558E-1,-3.733050108E0
3.021717696E2,2.080049992E0,4.587000370E0,-3.736050129E0
3.021742131E2,6.739050388E0,6.886050224E0,-6.915000439E0
3.021766568E2,6.081000328E0,6.565050125E0,-5.818950176E0
3.021791002E2,4.720950127E0,8.641050339E0,-1.954050064E0
3.021815439E2,8.776950836E0,6.880950451E0,-5.043000221E0
3.021839875E2,3.117000103E0,5.065950394E0,-8.464050293E0
3.021864312E2,-2.760000229E0,9.832950592E0,-5.200950146E0
3.021888748E2,8.130000234E-1,7.117950439E0,5.989500284E-1
3.021913183E2,2.122950077E0,4.960950375E0,8.170500398E-1
3.021937620E2,1.519950032E0,7.551000595E0,2.656050205E0
3.021962056E2,2.142000198E0,8.655000687E0,2.116950035E0
3.021986491E2,2.920050144E0,9.484050751E0,3.769950151E0
3.022010928E2,2.712000132E0,7.245000362E0,8.580000401E-1
3.022035364E2,1.929000139E0,9.381000519E0,-4.693050385E0
3.022059801E2,2.815050125E0,1.365495110E1,4.390500188E-1
3.022084238E2,5.178000450E0,1.308195019E1,-2.040000200E0
3.022108672E2,6.279000282E0,1.367400074E1,-4.855950356E0
3.022133109E2,7.029000282E0,1.181595039E1,-8.827950478E0
3.022157545E2,1.879050136E0,1.129905033E1,-5.569950104E0
3.022181980E2,1.366050124E0,1.316400051E1,-1.129500046E-1
3.022206417E2,3.363000154E0,1.291200066E1,1.584000111E0
3.022230853E2,2.821950197E0,1.044105053E1,-1.885050058E0
3.022255290E2,1.909500062E-1,1.096605015E1,6.430500150E-1
3.022279725E2,3.382050276E0,1.238295078E1,2.721000195E0
3.022304161E2,5.535000324E0,9.526950836E0,-5.881050110E0
3.022328598E2,2.824050188E0,1.014900017E1,-2.644050121E0
3.022353032E2,3.976050138E0,1.318500042E1,-9.490500689E-1
3.022377469E2,5.086950302E0,1.259400082E1,-3.592050076E0
3.022401905E2,5.583000183E0,1.276905060E1,-4.462950230E0
3.022426342E2,9.535950661E0,1.350405025E1,-7.504050255E0
3.022450777E2,7.462050438E0,1.209600067E1,-1.097295094E1
3.022475214E2,1.462050080E0,8.938050270E0,-4.717050076E0
3.022499650E2,1.414050102E0,6.804000378E0,2.721000195E0
3.022524087E2,5.341050148E0,1.067595005E1,-4.095000029E-2
3.022548522E2,3.520950079E0,6.132000446E0,-4.019999981E0
3.022572958E2,9.739500284E-1,3.903000116E0,-6.300000548E-1
3.022597395E2,6.466050148E0,7.723950386E0,-3.154050112E0
3.022621829E2,5.992050171E0,5.911050320E0,-6.882000446E0
3.022646266E2,2.250000000E0,7.216050148E0,-1.495050073E0
3.022670703E2,3.523950100E0,9.346950531E0,1.267050028E0
3.022695139E2,2.274000168E0,1.094895077E1,-8.310000300E-1
3.022719576E2,1.345050097E0,8.494950294E0,-9.079500437E-1
3.022744011E2,6.457050323E0,1.069995022E1,-5.476050377E0
3.022768447E2,8.578050613E0,6.450000286E0,-1.145700073E1
3.022792884E2,1.558050036E0,6.586950302E0,-8.589000702E0
3.022817318E2,1.833000064E0,8.346000671E0,-1.252950072E0
3.022841755E2,8.191950798E0,5.542950153E0,-4.681050301E0
3.022866191E2,3.982950211E0,4.834050179E0,-8.348999977E0
3.022890628E2,2.602050066E0,5.794050217E0,-5.293950081E0
3.022915063E2,9.270000458E0,5.704950333E0,-4.090050220E0
3.022939500E2,4.002000332E0,2.995050192E0,-6.712050438E0
3.022963936E2,-1.257000089E0,5.743950367E0,-1.581000090E0
3.022988373E2,1.323000073E0,7.326000214E0,1.696050048E0
3.023012808E2,3.775050163E0,6.622950077E0,-4.003950119E0
3.023037245E2,5.461050034E0,8.005949974E0,-4.975950241E0
3.023061681E2,9.199950218E0,4.960950375E0,-4.072950363E0
3.023086115E2,6.636000156E0,4.750050068E0,-8.086050034E0
3.023110552E2,3.199500144E-1,5.206950188E0,-8.766000748E0
3.023134988E2,4.845000267E0,3.502950191E0,-7.720050335E0
3.023159425E2,9.612000465E0,2.293950081E0,-8.409000397E0
3.023183860E2,1.378050089E0,2.092950106E0,-4.911000252E0
3.023208297E2,-3.600000218E-2,5.338950157E0,7.533000469E0
3.023232733E2,4.195950031E0,7.714050293E0,3.327000141E0
3.023257168E2,5.559000492E0,6.430950165E0,3.214050055E0
3.023281605E2,3.583050251E0,8.284049988E0,-7.909500599E-1
3.023306041E2,2.796000242E0,1.160295010E1,3.030000031E-1
3.023330478E2,2.937000036E0,1.198800087E1,4.129500091E-1
3.023354912E2,2.989950180E0,1.389405060E1,1.009500027E-1
3.023379349E2,9.169050217E0,1.268700027E1,-9.003000259E0
3.023403785E2,4.085999966E0,8.770050049E0,-1.218495083E1
3.023428222E2,1.243950009E0,8.029950142E0,-6.558000088E0
3.023452657E2,4.570050240E0,9.643950462E0,-4.465950012E0
3.023477094E2,6.442050457E0,8.763000488E0,-7.801050186E0
3.023501530E2,1.894950032E0,8.104949951E0,-4.935000420E0
3.023525967E2,5.154000282E0,7.900950432E0,-1.995000124E0
3.023550404E2,7.350000381E0,6.763950348E0,-6.568050385E0
3.023574838E2,3.258000135E0,6.463950157E0,-4.633050442E0
3.023599275E2,3.574050188E0,8.822999954E0,3.027000189E0
3.023623710E2,4.503000259E0,1.083900070E1,2.070000172E-1
3.023648146E2,3.378000259E0,9.538950920E0,-5.805000290E-2
3.023672583E2,7.800000191E0,1.136100101E1,2.440950155E0
3.023697020E2,9.913950920E0,9.268050194E0,-6.328950405E0
3.023721454E2,3.445050240E0,7.159050465E0,-8.581950188E0
3.023745891E2,2.179949999E0,1.022805023E1,-3.051000118E0
3.023770327E2,6.370050430E0,8.770050049E0,-1.923000097E0
3.023794764E2,4.897950172E0,6.526950359E0,-6.307050228E0
3.023819199E2,2.128050089E0,6.268050194E0,9.130500555E-1
3.023843636E2,6.897000313E0,8.964000702E0,-2.170050144E0
3.023868072E2,8.226000786E0,8.143050194E0,-7.746000290E0
3.023892507E2,1.882950068E0,7.609050274E0,-2.814000130E0
3.023916944E2,2.422049999E0,8.513999939E0,-1.831950068E0
3.023941381E2,4.903050423E0,9.522000313E0,-4.993050098E0
3.023965817E2,4.354050159E0,8.820000648E0,-5.353950024E0
3.023990254E2,7.290000439E0,8.191050529E0,-5.938050270E0
3.024014689E2,8.995050430E0,6.069000244E0,-1.301295090E1
3.024039125E2,2.785950184E0,5.944950104E0,-9.127050400E0
3.024063561E2,-1.695000008E-2,6.301950455E0,2.728050232E0
3.024087996E2,1.797000051E0,5.638050079E0,5.493000031E0
3.024112433E2,2.367000103E0,1.195050001E0,-9.030000567E-1
3.024136869E2,2.049000025E0,4.341000080E0,4.924050331E0
3.024161306E2,7.893000603E0,4.519950390E0,1.543050051E0
3.024185740E2,4.632000446E0,7.180500627E-1,-6.007950306E0
3.024210177E2,1.459950089E0,3.814050198E0,2.022000074E0
3.024234614E2,2.761950016E0,9.364050865E0,1.569000125E0
3.024259050E2,1.395000100E0,7.911000252E0,3.409500122E-1
3.024283485E2,5.020500422E-1,9.442950249E0,-2.461950064E0
3.024307922E2,6.895050526E0,1.289295101E1,-1.839000106E0
3.024332358E2,3.556950092E0,7.651950359E0,-8.389950752E0
3.024356793E2,1.195950031E0,6.658050537E0,-4.612050056E0
3.024381230E2,4.246950150E0,9.139050484E0,-5.287050247E0
3.024405666E2,6.502050400E0,6.445050240E0,-8.281949997E0
3.024430103E2,1.086000085E0,5.562000275E0,-7.648050308E0
3.024454538E2,2.925000191E0,5.737050056E0,-1.855950117E0
3.024478974E2,8.596950531E0,5.205000401E0,-7.357950211E0
3.024503411E2,3.220050097E0,3.357000113E0,-8.014050484E0
3.024527845E2,1.321050048E0,4.422000408E0,-5.890500546E-1
3.024552282E2,4.723050117E0,7.645050526E0,-2.059950113E0
3.024576718E2,3.343950272E0,9.376049995E0,-2.974050045E0
3.024601155E2,5.560950279E0,9.433050156E0,-1.722000122E0
3.024625590E2,9.241050720E0,9.429000854E0,-6.379050255E0
3.024650027E2,2.949000120E0,9.523950577E0,-8.875950813E0
3.024674463E2,-1.483950019E0,9.927000046E0,-2.092950106E0
3.024698900E2,4.369050026E0,7.381050587E0,1.999500096E-1
3.024723335E2,6.880050182E0,5.406000137E0,-5.083950043E0
3.024747772E2,4.837950230E0,6.163050175E0,-2.280000150E-1
3.024772208E2,8.266950607E0,8.728950500E0,-2.089500129E-1
3.024796645E2,8.317049980E0,7.249950409E0,-6.742950439E0
3.024821079E2,3.423000097E0,7.120950222E0,-1.830000043E0
3.024845515E2,4.608000278E0,1.185195065E1,-3.850050211E0
3.024869952E2,4.618050098E0,1.181295013E1,-8.562000275E0
3.024894389E2,3.721950293E0,1.457595062E1,-7.071000099E0
3.024918824E2,9.945000648E0,1.316100025E1,-1.089900017E1
3.024943261E2,7.845000267E0,1.129095078E1,-1.297305107E1
3.024967697E2,1.462050080E0,1.204095078E1,-6.937050343E0
3.024992131E2,1.642050028E0,9.690000534E0,6.160500050E-1
3.025016568E2,6.922950268E0,8.394000053E0,-4.123050213E0
3.025041004E2,4.714050293E0,7.209000111E0,-6.336000443E0
3.025065441E2,5.050950050E0,8.077950478E0,-1.474950075E0
3.025089876E2,9.402000427E0,6.199050426E0,-5.469000340E0
3.025114313E2,4.522050381E0,5.185950279E0,-5.248950481E0
3.025138749E2,1.785000086E0,8.646000862E0,3.940050125E0
3.025163186E2,3.933000088E0,1.122000027E1,1.864050031E0
3.025187621E2,2.164050102E0,1.031400013E1,6.739500165E-1
3.025212057E2,2.009999990E0,1.203600025E1,3.790500164E-1
3.025236494E2,9.901950836E0,1.268700027E1,-3.445950270E0
3.025260931E2,3.732000113E0,7.543950558E0,-8.005050659E0
3.025285365E2,1.170000076E0,9.265950203E0,-1.576050043E0
3.025309801E2,2.547000170E0,1.084605026E1,2.790000141E-1
3.025334238E2,3.397050142E0,9.199050903E0,-3.955950260E0
3.025358673E2,1.326000094E0,7.021950245E0,1.003950000E0
3.025383110E2,3.033000231E0,9.975000381E0,1.918950081E0
3.025407546E2,7.113000393E0,1.132500076E1,-3.235050201E0
3.025431983E2,3.030000210E0,7.294950485E0,-3.823950291E0
3.025456417E2,3.463950157E0,1.039395046E1,-2.950500250E-1
3.025480854E2,3.496950150E0,1.302195072E1,-2.646000147E0
3.025505290E2,1.447950125E0,1.249605083E1,-8.980500698E-1
3.025529727E2,5.130000114E0,1.173900032E1,-9.850500226E-1
3.025554162E2,8.464950562E0,1.015905094E1,-9.274050713E0
3.025578599E2,4.345050335E0,7.210950375E0,-9.781050682E0
3.025603035E2,1.852050066E0,6.687000275E0,-4.176000118E0
3.025627470E2,5.338050365E0,7.125000477E0,-5.128950119E0
3.025651906E2,3.366000175E0,5.695950508E0,-7.171050549E0
3.025676343E2,1.918950081E0,4.657050133E0,-1.353000045E0
3.025700780E2,7.183950424E0,6.220050335E0,-2.746950150E0
3.025725216E2,6.066000462E0,3.127050161E0,-7.672050476E0
3.025749651E2,1.737000108E0,4.081950188E0,-3.019500077E-1
3.025774087E2,4.909950256E0,6.967050552E0,2.689950228E0
3.025798522E2,3.142950058E0,8.056950569E0,-7.429500222E-1
3.025822958E2,2.259000063E0,8.281949997E0,-1.609500051E-1
3.025847395E2,6.519000530E0,8.377950668E0,-1.552050114E0
3.025871832E2,7.354050159E0,3.493050098E0,-8.967000008E0
3.025896268E2,2.271000147E0,6.481050491E0,-1.063095093E1
3.025920703E2,5.542050362E0,5.253000259E0,-1.175205040E1
3.025945139E2,9.880050659E0,3.004950047E0,-1.074105072E1
3.025969576E2,2.902950048E0,4.176000118E0,-6.241950512E0
3.025994011E2,3.976050138E0,6.328050137E0,-4.369950294E0
3.026018448E2,1.100805092E1,6.871950150E0,-4.118999958E0
3.026042884E2,3.691050291E0,4.981950283E0,-1.660050035E0
3.026067319E2,7.030500174E-1,9.924000740E0,4.153050423E0
3.026091756E2,1.797000051E0,1.029300022E1,2.344950199E0
3.026116193E2,2.677950144E0,1.051305008E1,6.259500384E-1
3.026140629E2,8.544000626E0,1.481295109E1,-2.983950138E0
3.026165066E2,8.889000893E0,1.266795063E1,-1.425795078E1
3.026189500E2,2.223000050E0,1.052505016E1,-1.107405090E1
3.026213936E2,2.020050049E0,1.092705059E1,-6.204000473E0
3.026238373E2,4.660950184E0,1.229205036E1,-7.042050362E0
3.026262808E2,2.745000124E0,1.014900017E1,-7.234050274E0
3.026287245E2,2.104050159E0,9.115050316E0,1.758000135E0
3.026311681E2,6.523950100E0,1.068795013E1,-4.095000267E0
3.026336118E2,6.801000118E0,9.085950851E0,-7.114050388E0
3.026360553E2,3.883050203E0,8.221950531E0,-2.151000023E0
3.026384990E2,6.186000347E0,1.169805050E1,-1.549950123E0
3.026409426E2,4.048050404E0,1.290000057E1,-2.320950031E0
3.026433863E2,3.423000097E0,1.224705029E1,-1.699500084E-1
3.026458297E2,7.393050194E0,1.105905056E1,-4.777050018E0
3.026482734E2,5.140050411E0,8.515950203E0,-9.163050652E0
3.026507170E2,1.362000108E0,7.513050556E0,-3.640050173E0
3.026531605E2,1.849950075E0,6.733050346E0,1.099950075E0
3.026556042E2,3.255000114E0,6.976950169E0,-1.498950124E0
3.026580478E2,9.660000205E-1,5.338950157E0,3.769500256E-1
3.026604915E2,3.925950289E0,7.288050175E0,3.702000141E0
3.026629350E2,6.933000565E0,7.779000282E0,-3.565950155E0
3.026653786E2,2.464950085E0,5.677050114E0,-3.750000238E0
3.026678223E2,1.921950102E0,8.538000107E0,-6.640500426E-1
3.026702657E2,3.511950254E0,9.651000023E0,-3.324000120E0
3.026727094E2,2.415000200E0,8.763000488E0,-2.899950027E0
3.026751530E2,7.644000530E0,1.105200100E1,-3.934050083E0
3.026775967E2,8.544000626E0,6.808950424E0,-9.751950264E0
3.026800404E2,2.950950146E0,6.366000175E0,-8.376000404E0
3.026824839E2,1.600950122E0,7.465050220E0,-3.136950254E0
3.026849275E2,4.077000141E0,6.430950165E0,-3.907950163E0
3.026873712E2,1.627050042E0,4.816950321E0,-6.208950520E0
3.026898147E2,-9.070500135E-1,3.400050163E0,2.419050217E0
3.026922583E2,5.752950191E0,4.132050037E0,2.247000217E0
3.026947020E2,6.751050472E0,2.610000074E-1,-8.701050758E0
3.026971454E2,-1.170000061E-1,4.052999973E0,-1.726950049E0
3.026995891E2,2.539950132E0,4.599000454E0,1.576050043E0
3.027020327E2,6.057000160E0,3.508050203E0,-4.168950081E0
3.027044764E2,5.317050457E0,8.181000710E0,-3.664050102E0
3.027069201E2,7.600950241E0,7.567950249E0,-2.131050110E0
3.027093636E2,7.078950405E0,4.378950119E0,-7.935000420E0
3.027118073E2,1.753950119E0,6.553050518E0,-1.118700027E1
3.027142509E2,6.318000317E0,4.188000202E0,-1.456695080E1
3.027166944E2,8.752950668E0,1.980000138E0,-1.361700058E1
3.027191381E2,1.048050046E0,4.374000072E0,-5.613000393E0
3.027215817E2,3.052050114E0,5.554950237E0,5.821050167E0
3.027240254E2,5.863050461E0,8.341950417E0,3.307050228E0
3.027264688E2,4.536000252E0,6.601050377E0,4.630950451E0
3.027289124E2,3.472950220E0,9.330000877E0,3.859500289E-1
3.027313561E2,3.078000069E0,1.131495094E1,1.942950130E0
3.027337996E2,1.765950084E0,1.092705059E1,1.995000057E-2
3.027362433E2,6.157050133E0,1.382505035E1,-2.479050159E0
3.027386870E2,7.429050446E0,1.108800030E1,-1.468695068E1
3.027411306E2,1.309050083E0,8.101950645E0,-1.161000061E1
3.027435743E2,7.290000319E-1,8.299050331E0,-6.517950535E0
3.027460177E2,5.820000172E0,8.682000160E0,-5.821050167E0
3.027484613E2,2.578050137E0,6.667950153E0,-7.735950470E0
3.027509050E2,1.383000016E0,7.894050598E0,-1.288950086E0
3.027533485E2,6.694050312E0,7.104000568E0,-2.572050095E0
3.027557922E2,4.114950180E0,3.721050262E0,-8.742000580E0
3.027582358E2,1.417050123E0,5.394000053E0,-1.000950098E0
3.027606795E2,3.940050125E0,7.176000118E0,-2.260500044E-1
3.027631230E2,3.337050200E0,5.883000374E0,-3.052950144E0
3.027655667E2,5.676000118E0,7.836000443E0,-2.170050144E0
3.027680103E2,9.306000710E0,7.603950500E0,-6.441000462E0
3.027704540E2,4.026000023E0,5.746050358E0,-8.818950653E0
3.027728974E2,-1.702050090E0,8.521050453E0,-1.942050099E0
3.027753410E2,2.125050068E0,7.065000534E0,7.530000210E-1
3.027777847E2,6.825000286E0,4.771950245E0,-5.644050121E0
3.027802282E2,2.166000128E0,5.265000343E0,-1.495050073E0
3.027826719E2,5.281050205E0,7.164000511E0,2.053050041E0
3.027851155E2,7.702050209E0,7.192050457E0,-5.656050205E0
3.027875592E2,2.982000113E0,6.832950115E0,-3.709050179E0
3.027900026E2,1.756950140E0,1.087500095E1,1.774950027E0
3.027924462E2,3.913950205E0,1.115205097E1,-3.967950106E0
3.027948899E2,3.388950109E0,1.207005024E1,-4.200000286E0
3.027973334E2,7.599000454E0,1.387500095E1,-8.140950203E0
3.027997771E2,7.137000561E0,1.074795055E1,-1.285800076E1
3.028022207E2,1.018950105E0,1.015905094E1,-8.680050850E0
3.028046644E2,6.030000448E-1,1.057995033E1,-8.940000534E-1
3.028071078E2,5.508000374E0,8.221950531E0,-3.058050156E0
3.028095515E2,4.498050213E0,8.380050659E0,-5.292000294E0
3.028119952E2,4.327950001E0,9.048000336E0,4.150500298E-1
3.028144389E2,8.383950233E0,8.128950119E0,-4.309950352E0
3.028168823E2,3.603000164E0,5.919000149E0,-6.613050461E0
3.028193259E2,1.338000059E0,8.077950478E0,3.790500164E-1
3.028217696E2,2.494050026E0,1.058700085E1,-1.750500053E-1
3.028242131E2,1.072050095E0,9.289950371E0,-9.529500604E-1
3.028266568E2,3.226950169E0,1.157100010E1,2.055000067E0
3.028291004E2,9.877950668E0,1.200705051E1,-6.432000160E0
3.028315441E2,5.962950230E0,8.392050743E0,-8.803950310E0
3.028339878E2,2.125050068E0,1.167195034E1,-5.059950352E0
3.028364312E2,4.813950062E0,1.100895023E1,-3.690000057E0
3.028388748E2,4.896000385E0,8.452050209E0,-7.429950237E0
3.028413185E2,1.219950080E0,9.241950035E0,-1.771950126E0
3.028437620E2,4.957950115E0,8.952000618E0,-1.477950096E0
3.028462057E2,7.456950188E0,8.526000023E0,-7.945050240E0
3.028486493E2,2.749950171E0,6.867000103E0,-5.412000179E0
3.028510928E2,4.303950310E0,7.609050274E0,-5.578950405E0
3.028535365E2,5.827050209E0,8.317950249E0,-7.450950146E0
3.028559801E2,5.578050137E0,1.008900070E1,-5.910000324E0
3.028584238E2,8.899050713E0,1.191600037E1,-8.080950737E0
3.028608675E2,7.126950264E0,8.185950279E0,-1.086600018E1
3.028633109E2,1.207950115E0,8.542950630E0,-5.989050388E0
3.028657545E2,-7.999500632E-1,1.036695004E1,1.106999993E0
3.028681980E2,3.214950085E0,5.827950478E0,-1.008000016E0
3.028706417E2,3.270000219E0,4.839000225E0,-2.071950197E0
3.028730854E2,6.025950432E0,6.421050072E0,3.196950197E0
3.028755290E2,1.264095020E1,4.459950447E0,-4.131000042E0
3.028779727E2,5.761950493E0,4.831950188E0,-8.272950172E0
3.028804161E2,1.339950085E0,8.844000816E0,2.848050117E0
3.028828598E2,3.547950268E0,9.046050072E0,-2.388000011E0
3.028853034E2,2.370000124E0,9.414000511E0,-4.135050297E0
3.028877471E2,5.620950222E0,1.284495068E1,-5.926050186E0
3.028901906E2,9.604950905E0,1.081005096E1,-1.358295059E1
3.028926343E2,2.689950228E0,1.012800026E1,-1.161495018E1
3.028950779E2,-7.230000496E-1,1.102995014E1,-9.850500226E-1
3.028975214E2,1.584000111E0,1.057995033E1,-1.995000057E-2
3.028999651E2,2.286000013E0,8.950050354E0,-2.335050106E0
3.029024087E2,8.989500403E-1,8.976000786E0,1.738950133E0
3.029048524E2,3.978000164E0,9.850050926E0,2.239950180E0
3.029072958E2,4.195950031E0,9.349950790E0,-5.196000099E0
3.029097395E2,2.817000151E0,8.092950821E0,-2.434950113E0
3.029121831E2,7.066950321E0,1.003905010E1,-3.496050119E0
3.029146266E2,5.923050404E0,1.135800076E1,-6.487050533E0
3.029170703E2,2.695050240E0,1.394205093E1,-2.875950098E0
3.029195139E2,7.279950142E0,1.385805035E1,-9.754950523E0
3.029219576E2,4.867050171E0,9.559950829E0,-1.239600086E1
3.029244011E2,-1.290000081E-1,8.368050575E0,-2.541000128E0
3.029268448E2,2.209050179E0,8.595000267E0,3.670950174E0
3.029292884E2,2.824050188E0,7.369950294E0,1.642950058E0
3.029317321E2,5.239500403E-1,3.529050112E0,1.106999993E0
3.029341755E2,5.994000435E0,7.987050533E0,2.730000019E0
3.029366192E2,8.152050018E0,6.136050224E0,-9.440999985E0
3.029390629E2,2.377050161E0,4.783950329E0,-8.782950401E0
3.029415063E2,1.579050064E0,7.966050148E0,-4.894050121E0
3.029439500E2,2.887050152E0,1.028805065E1,-4.162050247E0
3.029463936E2,1.957950115E0,9.735000610E0,-1.711950064E0
3.029488373E2,6.466050148E0,1.148805046E1,-4.044000149E0
3.029512808E2,7.635000229E0,5.878050327E0,-1.150695038E1
3.029537245E2,2.119500041E-1,6.586950302E0,-9.376950264E0
3.029561681E2,-6.870000362E-1,5.188050270E0,-1.626000047E0
3.029586118E2,5.257050037E0,3.280500174E-1,-3.091950178E0
3.029610552E2,3.682050228E0,-1.249050021E0,-6.795000553E0
3.029634989E2,-2.299500108E-1,-7.650000453E-1,1.521000028E0
3.029659426E2,4.669950008E0,1.305000067E0,1.159950018E0
3.029683862E2,3.124050140E0,-3.559500277E-1,2.299050093E0
3.029708297E2,1.126950026E0,-5.670000315E-1,4.200000167E-1
3.029732733E2,4.374000072E0,1.278000116E0,1.369950056E0
3.029757170E2,6.457050323E0,1.731000066E0,-1.918050051E0
3.029781605E2,7.357050419E0,6.277950287E0,-7.048950195E0
3.029806042E2,9.322950363E0,1.332195091E1,-1.007295036E1
3.029830479E2,7.084050179E0,6.037950516E0,-1.232895088E1
3.029854913E2,3.028050184E0,4.092000008E0,-1.378905106E1
3.029879350E2,6.295950413E0,4.324050426E0,-1.745205116E1
3.029903786E2,5.155950069E0,2.365050077E0,-1.246800041E1
3.029928223E2,9.109500647E-1,4.324050426E0,-5.433000088E0
3.029952660E2,-3.090000153E-1,7.510950565E0,9.229500294E-1
3.029977094E2,9.190500379E-1,9.754050255E0,7.777950287E0
3.030001530E2,2.472000122E0,8.338950157E0,2.740050077E0
3.030025967E2,3.889950275E0,1.051800060E1,-2.365950108E0
3.030050402E2,4.222949982E0,1.210095024E1,3.990000248E0
3.030074839E2,2.230950117E0,1.518000031E1,-2.008949995E0
3.030099275E2,3.640950203E0,1.734705162E1,2.617950201E0
3.030123712E2,2.925000191E0,1.377705097E1,2.251950026E0
3.030148146E2,1.599000096E0,9.864000320E0,-1.108950019E0
3.030172582E2,1.189050078E0,1.312095070E1,-1.106999993E0
3.030197019E2,2.331000090E0,9.469050407E0,4.085999966E0
3.030221456E2,4.500000000E0,3.025950193E0,3.631050110E0
3.030245891E2,7.699050426E0,5.770050049E0,-1.351095104E1
3.030270328E2,1.198695087E1,1.618050098E0,-2.723295212E1
3.030294764E2,4.443000317E0,1.246950030E0,-2.357505035E1
3.030319199E2,1.848000050E0,2.452050209E0,-1.292505074E1
3.030343636E2,2.353049994E0,3.591000080E0,-4.186050415E0
3.030368072E2,1.359000087E0,6.085950375E0,5.488950253E0
3.030392509E2,3.118950129E0,1.500300026E1,4.636050224E0
3.030416943E2,1.620000124E0,9.963000298E0,6.274050236E0
3.030441380E2,6.259500384E-1,3.520050049E0,2.095950127E0
3.030465816E2,1.773000121E0,7.959000587E0,3.583050251E0
3.030490253E2,5.628000259E0,7.354950428E0,4.227000237E0
3.030514688E2,2.985000134E0,4.300050259E0,1.521000028E0
3.030539125E2,1.022295094E1,4.326000214E0,-3.930000067E-1
3.030563561E2,1.612500000E1,5.653050423E0,-1.389495087E1
3.030587996E2,5.548950195E0,5.437050343E0,-1.562100029E1
3.030612433E2,2.314050198E0,9.226950645E0,-5.488050461E0
3.030636869E2,1.417050123E0,1.074300098E1,-4.509000301E0
3.030661306E2,2.001000166E0,1.249605083E1,7.800000161E-2
3.030685740E2,7.290000439E0,1.625699997E1,-2.351999998E0
3.030710177E2,1.071105003E1,1.394700050E1,-8.929050446E0
3.030734614E2,4.359000206E0,9.904950142E0,-9.702000618E0
3.030759048E2,2.848050117E0,1.178205013E1,-6.597000122E0
3.030783485E2,6.283950329E0,1.108305073E1,-5.782950401E0
3.030807921E2,3.784950256E0,7.951050282E0,-8.200950623E0
3.030832358E2,3.205050230E0,6.538950443E0,-4.662000179E0
3.030856795E2,6.066000462E0,7.302000523E0,-5.971950054E0
3.030881230E2,3.813000202E0,4.032000065E0,-1.072905064E1
3.030905666E2,1.002000093E0,3.472050190E0,-2.503050089E0
3.030930103E2,4.456950188E0,5.634000301E0,3.705000162E0
3.030954537E2,3.124050140E0,4.719000340E0,1.497000098E0
3.030978974E2,2.070000172E0,4.342950344E0,4.581000328E0
3.031003410E2,6.330000401E0,7.855950356E0,4.236000061E0
3.031027845E2,4.405050278E0,2.286000013E0,-7.429500222E-1
3.031052282E2,3.580950260E0,1.951050043E0,5.040000081E-1
3.031076718E2,5.710050106E0,6.165000439E0,-6.604050159E0
3.031101155E2,8.097000122E0,2.197950125E0,-1.368600082E1
3.031125592E2,2.221050024E0,2.671950102E0,-7.453950405E0
3.031150026E2,5.014950275E0,9.024000168E0,1.075950027E0
3.031174463E2,3.030000210E0,7.942050457E0,-5.649000168E0
3.031198900E2,2.340000123E-1,7.072950363E0,-3.670500219E-1
3.031223334E2,3.066000223E0,9.247050285E0,3.178050041E0
3.031247771E2,3.279000044E0,9.153000832E0,-3.288000107E0
3.031272207E2,6.934950352E0,9.499950409E0,-4.087950230E0
3.031296644E2,1.176495075E1,1.186395073E1,-1.315200043E1
3.031321079E2,5.737950325E0,8.313000679E0,-1.280805016E1
3.031345515E2,1.789500117E-1,8.554950714E0,-7.686000347E0
3.031369952E2,2.392950058E0,8.844000816E0,-1.681050062E0
3.031394387E2,5.434050083E0,8.749050140E0,-4.417950153E0
3.031418824E2,3.052050114E0,6.819000244E0,-5.545950413E0
3.031443260E2,7.183950424E0,7.993950367E0,-4.842000008E0
3.031467697E2,8.896050453E0,6.819000244E0,-1.139505100E1
3.031492131E2,1.651050091E0,5.578950405E0,-8.722949982E0
3.031516568E2,2.772000074E0,7.096950531E0,3.516000271E0
3.031541004E2,4.231950283E0,7.279050350E0,1.840050101E0
3.031565441E2,3.283950090E0,7.171050549E0,3.067950249E0
3.031589876E2,6.856050491E0,1.059495068E1,5.058000088E0
3.031614312E2,9.907050133E0,5.445000172E0,-6.048000336E0
3.031638749E2,5.137050152E0,3.928950071E0,-1.360695076E1
3.031663186E2,1.491000056E0,6.555000305E0,-8.011950493E0
3.031687620E2,4.936050415E0,6.450000286E0,-5.632050037E0
3.031712057E2,1.996050119E0,5.682000160E0,2.089500129E-1
3.031736493E2,6.070500016E-1,8.071050644E0,3.171000242E0
3.031760928E2,2.440950155E0,1.007505035E1,2.472000122E0
3.031785365E2,2.721000195E0,8.080950737E0,3.130050182E0
3.031809801E2,1.800000072E0,6.900000095E0,-1.545000076E0
3.031834238E2,2.947050095E0,8.446949959E0,-3.445950270E0
3.031858672E2,3.124050140E0,9.220050812E0,1.240950108E0
3.031883109E2,4.303950310E0,1.237800026E1,5.160000324E-1
3.031907546E2,7.915050507E0,1.197600079E1,-7.453950405E0
3.031931980E2,2.061000109E0,7.570950508E0,-9.937050819E0
3.031956417E2,-2.370000184E-1,6.859950542E0,-3.925050259E0
3.031980853E2,1.468950033E0,9.625050545E0,-1.404000044E0
3.032005290E2,1.002000093E0,8.563950539E0,-2.701050043E0
3.032029725E2,-4.980000257E-1,2.983050108E0,-1.560000032E-1
3.032054162E2,9.430500269E-1,6.691950321E0,2.017050028E0
3.032078598E2,3.117000103E0,1.067400074E1,1.363050103E0
3.032103035E2,5.910000205E-1,3.388050079E0,1.369500011E-1
3.032127470E2,3.796950102E0,4.270950317E0,2.491050005E0
3.032151906E2,6.378000259E0,7.972950459E0,-5.562000275E0
3.032176343E2,7.189050198E0,1.077195072E1,-5.986050129E0
3.032200777E2,9.636000633E0,1.104705048E1,-1.228305054E1
3.032225214E2,4.896000385E0,7.747950554E0,-1.546005058E1
3.032249650E2,1.230000019E0,7.864950180E0,-9.594000816E0
3.032274087E2,4.125000000E0,8.289000511E0,-4.645050049E0
3.032298522E2,6.016050339E0,4.246950150E0,-8.304000854E0
3.032322959E2,2.263950109E0,4.647000313E0,-6.328950405E0
3.032347395E2,7.041000366E0,6.649050236E0,-2.610000074E-1
3.032371832E2,7.450050354E0,4.579950333E0,-4.939950466E0
3.032396266E2,2.440950155E0,4.009950161E0,-1.674000025E0
3.032420703E2,4.512000084E0,5.281950474E0,9.469500184E-1
3.032445139E2,5.110950470E0,3.852000237E0,-1.593000054E0
3.032469574E2,5.524950027E0,7.789050579E0,-2.292000055E0
3.032494011E2,7.603050232E0,9.013950348E0,-1.983000040E0
3.032518447E2,6.181050301E0,5.659950256E0,-4.947000027E0
3.032542884E2,1.966950059E0,4.803000450E0,-8.895000458E0
3.032567319E2,5.551950455E0,5.607000351E0,-1.119900036E1
3.032591756E2,8.916000366E0,3.085950136E0,-1.268805027E1
3.032616192E2,2.974950075E0,3.237000227E0,-7.489950180E0
3.032640626E2,3.241050243E0,7.414950371E0,-3.151050091E0
3.032665063E2,6.186000347E0,7.578000546E0,-5.067000389E0
3.032689499E2,2.221050024E0,7.021950245E0,3.468000174E0
3.032713936E2,1.657950044E0,9.100950241E0,2.580000162E0
3.032738373E2,3.349050045E0,8.524050713E0,1.504950047E0
3.032762808E2,1.728000045E0,1.168605042E1,-1.687950134E0
3.032787244E2,1.915050149E0,1.558200073E1,2.046000004E0
3.032811681E2,2.389050007E0,1.588605118E1,4.773000240E0
3.032836116E2,2.130000114E0,9.304050446E0,-2.419500053E-1
3.032860553E2,1.134000063E0,1.214595032E1,-2.356050014E0
3.032884989E2,1.316100025E1,1.254105091E1,1.375050068E0
3.032909424E2,9.777000427E0,5.707950115E0,-1.865400124E1
3.032933861E2,9.094950676E0,8.932950020E0,-2.073495102E1
3.032958297E2,6.765000343E0,1.010400009E1,-1.768695068E1
3.032982734E2,1.608000040E0,6.973950386E0,-8.493000031E0
3.033007171E2,4.261050224E0,7.948950291E0,2.308950186E0
3.033031605E2,4.462050438E0,1.151595020E1,3.043950081E0
3.033056041E2,2.647050142E0,1.095405006E1,3.135000229E0
3.033080478E2,4.893000126E0,1.536900043E1,4.974000454E0
3.033104913E2,2.880000114E0,1.131495094E1,2.443050146E0
3.033129350E2,1.321050048E0,7.020000458E0,3.505950212E0
3.033153786E2,2.223000050E0,1.065000057E1,3.501000166E0
3.033178220E2,3.112050056E0,9.796950340E0,2.224950075E0
3.033202657E2,3.769500256E-1,5.623950481E0,-4.840500355E-1
3.033227094E2,1.600950122E0,6.699000359E0,-1.558950067E0
3.033251530E2,6.958950520E0,6.634050369E0,-9.870000839E0
3.033275965E2,2.443950176E0,6.249000072E0,-9.301950455E0
3.033300402E2,1.467000127E0,7.759950161E0,-2.658000231E0
3.033324838E2,2.698050022E0,8.113950729E0,-3.043950081E0
3.033349273E2,2.640000105E0,8.751000404E0,-9.919500351E-1
3.033373710E2,8.237999916E0,1.094895077E1,-1.581000090E0
3.033398147E2,8.370000839E0,8.149950027E0,-8.254050255E0
3.033422583E2,4.768950462E0,5.878050327E0,-8.706000328E0
3.033447020E2,2.676000118E0,7.153950214E0,-4.174050331E0
3.033471454E2,4.548000336E0,5.095050335E0,-5.011950016E0
3.033495890E2,2.700000048E0,3.156000137E0,-3.670950174E0
3.033520327E2,2.556000233E0,5.737050056E0,3.010950089E0
3.033544762E2,6.162000179E0,6.922050476E0,3.427050114E0
3.033569199E2,3.208050251E0,3.013950109E0,-1.566000104E0
3.033593636E2,2.415000200E0,5.152050018E0,3.583050251E0
3.033618072E2,4.906949997E0,6.093000412E0,-1.350000054E-1
3.033642507E2,2.827050209E0,5.827950478E0,-3.160950184E0
3.033666944E2,6.640950203E0,1.152105045E1,-2.351999998E0
3.033691380E2,8.022000313E0,8.902050018E0,-8.902050018E0
3.033715817E2,1.198950052E0,7.864950180E0,-6.855000496E0
3.033740251E2,-3.060000241E-1,1.087695026E1,1.192950010E0
3.033764688E2,3.145050049E0,9.883950233E0,-3.910500109E-1
3.033789125E2,2.737950087E0,6.811950207E0,-1.699950099E0
3.033813559E2,4.620000362E0,8.196000099E0,6.760500073E-1
3.033837996E2,8.556000710E0,1.004895020E1,-5.209950447E0
3.033862433E2,6.034950256E0,7.252050400E0,-8.905050278E0
3.033886867E2,3.202950239E0,9.036000252E0,-2.673000097E0
3.033911304E2,4.330049992E0,8.752950668E0,-4.542000294E0
3.033935741E2,4.038000107E0,9.370950699E0,-3.325950146E0
3.033960177E2,5.860050201E0,1.341495037E1,-2.293950081E0
3.033984614E2,8.620950699E0,1.117395020E1,-1.011405087E1
3.034009048E2,3.037950039E0,8.794050217E0,-9.523050308E0
3.034033484E2,1.297050118E0,7.747950554E0,-2.847000122E0
3.034057921E2,3.694050074E0,7.594950199E0,-2.899500132E-1
3.034082356E2,2.656950235E0,6.081000328E0,-2.689050198E0
3.034106793E2,3.166950226E0,6.001950264E0,2.686950207E0
3.034131229E2,7.453050137E0,8.176050186E0,-8.580000401E-1
3.034155664E2,4.002000332E0,4.948950291E0,-5.566950321E0
3.034180101E2,2.298000097E0,7.309950352E0,1.469999999E-1
3.034204537E2,4.266000271E0,8.344050407E0,-1.486950040E0
3.034228974E2,2.962950230E0,8.085000038E0,-2.292000055E0
3.034253411E2,5.887050152E0,1.219605064E1,-8.620500565E-1
3.034277845E2,9.164999962E0,1.100595093E1,-7.533000469E0
3.034302281E2,4.227000237E0,7.018050194E0,-1.000905037E1
3.034326718E2,1.684950113E0,9.823950768E0,-3.726000071E0
3.034351153E2,5.736000061E0,7.309950352E0,-4.507050037E0
3.034375590E2,4.705950260E0,5.089950085E0,-7.138050556E0
3.034400026E2,4.249050140E0,6.591000080E0,-2.146050215E0
3.034424463E2,9.469050407E0,6.522000313E0,-6.183000088E0
3.034448897E2,6.399000168E0,4.369050026E0,-1.195305061E1
3.034473333E2,1.893000126E0,4.843950272E0,-5.526000500E0
3.034497770E2,3.664950132E0,4.915050030E0,-3.505950212E0
3.034522207E2,3.739050150E0,5.800950050E0,-7.140000463E-1
3.034546642E2,1.909950137E0,9.721050262E0,2.344950199E0
3.034571079E2,4.848000050E0,4.810050011E0,2.782950163E0
3.034595515E2,2.614050150E0,8.569500446E-1,7.890000343E-1
3.034619950E2,3.780000210E0,1.944000125E0,-3.445950270E0
3.034644387E2,7.789950371E0,-1.020000055E-1,-8.488050461E0
3.034668823E2,7.570050240E0,-2.946000099E0,-9.361950874E0
3.034693260E2,3.519000053E0,-3.151950121E0,-5.980950356E0
3.034717694E2,5.851050377E0,9.480000734E-1,-2.512050152E0
3.034742130E2,4.690050125E0,1.453050017E0,-1.963950038E0
3.034766567E2,1.768950105E0,3.088950157E0,-4.510500133E-1
3.034791002E2,3.442050219E0,5.989950180E0,3.487050056E0
3.034815439E2,2.757000208E0,1.149705029E1,2.026050091E0
3.034839875E2,1.237050056E0,1.048005009E1,2.448000193E0
3.034864310E2,4.339950085E0,1.227300072E1,1.822950125E0
3.034888747E2,2.425050020E0,7.695000172E0,-3.064950228E0
3.034913183E2,2.479950190E0,8.467950821E0,-7.950000167E-1
3.034937619E2,8.592000008E0,1.188000011E1,-8.315999985E0
3.034962056E2,5.784000397E0,7.690050602E0,-6.910050392E0
3.034986491E2,2.935050249E0,9.948000908E0,-1.261950016E0
3.035010927E2,5.925000191E0,1.272795105E1,-3.850050211E0
3.035035364E2,3.768000126E0,1.132005024E1,-3.771000147E0
3.035059799E2,2.595000029E0,1.075500011E1,-2.422950029E0
3.035084236E2,4.126950264E0,1.145700073E1,-4.114050388E0
3.035108672E2,3.897000074E0,1.106205082E1,-5.128950119E0
3.035133109E2,7.852050304E0,1.508205032E1,-6.099000454E0
3.035157544E2,1.021095085E1,1.241400051E1,-1.062900066E1
3.035181981E2,5.029950142E0,8.521050453E0,-1.030995083E1
3.035206417E2,3.162000179E0,7.908000469E0,-3.594000101E0
3.035230854E2,4.171950340E0,8.488050461E0,-3.024000168E0
3.035255288E2,1.951050043E0,3.358950138E0,-6.964950562E0
3.035279724E2,1.459950089E0,2.200050116E0,1.381950021E0
3.035304161E2,7.504950523E0,6.328050137E0,5.283000469E0
3.035328596E2,4.855050087E0,3.555000067E0,-1.891950130E0
3.035353033E2,3.835050106E0,5.314950466E0,4.696050167E0
3.035377469E2,6.187950134E0,7.231050491E0,1.774950027E0
3.035401904E2,3.994950294E0,7.405050278E0,1.983000040E0
3.035426341E2,6.145050526E0,1.443495083E1,2.410050154E0
3.035450777E2,8.362050056E0,1.221105099E1,-8.071949959E0
3.035475214E2,2.017950058E0,7.204050541E0,-7.618950367E0
3.035499648E2,1.198950052E0,7.695000172E0,-4.246050358E0
3.035524085E2,4.761000156E0,8.952000618E0,-6.204000473E0
3.035548521E2,2.860050201E0,4.378950119E0,-6.417000294E0
3.035572958E2,2.034000158E0,5.740950108E0,-1.746000051E0
3.035597393E2,6.363000393E0,8.799000740E0,-4.698000431E0
3.035621830E2,4.857000351E0,8.526000023E0,-5.337000370E0
3.035646266E2,9.930000305E-1,7.966050148E0,1.306050062E0
3.035670703E2,2.761950016E0,7.903050423E0,-2.716050148E0
3.035695137E2,1.869000077E0,9.582000732E0,-3.039000034E0
3.035719573E2,4.893000126E0,1.145205021E1,-3.526950121E0
3.035744010E2,6.508950233E0,8.878050804E0,-9.208950043E0
3.035768445E2,2.652000189E0,4.894050121E0,-7.444050312E0
3.035792882E2,2.410050154E0,7.234950542E0,-1.078050017E0
3.035817319E2,6.784950256E0,6.048000336E0,-2.701050043E0
3.035841755E2,4.792950153E0,3.400050163E0,-2.797050238E0
3.035866189E2,6.789000511E0,6.466950417E0,2.569950104E0
3.035890626E2,9.519000053E0,7.863000393E0,-2.749050140E0
3.035915063E2,3.763050079E0,5.593050480E0,-6.079950333E0
3.035939499E2,1.885950089E0,9.046050072E0,1.999500096E-1
3.035963934E2,4.486050129E0,7.654050350E0,-4.735949993E0
3.035988370E2,3.622050285E0,8.646000862E0,-4.890000343E0
3.036012807E2,7.014000416E0,1.302705097E1,-3.657000065E0
3.036037242E2,8.800950050E0,1.076205063E1,-1.078200054E1
3.036061679E2,1.374000072E0,9.964950562E0,-1.013295078E1
3.036086115E2,-2.080500126E-1,1.088205051E1,-5.610000491E-1
3.036110549E2,4.279950142E0,8.332050323E0,-2.866050243E0
3.036134986E2,3.682050228E0,6.430950165E0,-3.838950157E0
3.036159423E2,5.470050335E0,7.654050350E0,4.219500124E-1
3.036183859E2,9.373050690E0,7.432050228E0,-5.127000332E0
3.036208296E2,3.382050276E0,7.128000259E0,-6.096000195E0
3.036232731E2,2.143949986E0,1.009395027E1,1.204950094E0
3.036257167E2,4.471950054E0,8.562000275E0,-1.960950136E0
3.036281604E2,2.961000204E0,1.084095097E1,7.005000114E-2
3.036306039E2,6.835050106E0,1.391805077E1,-9.390000701E-1
3.036330476E2,8.595000267E0,1.144005013E1,-1.007595062E1
3.036354912E2,2.499000072E0,9.784950256E0,-7.930050373E0
3.036379346E2,1.663050056E0,1.058505058E1,-1.906050086E0
3.036403783E2,4.606050014E0,8.761050224E0,-3.843000174E0
3.036428220E2,3.298950195E0,6.816000462E0,-2.257950068E0
3.036452656E2,6.058950424E0,8.866050720E0,1.639050126E0
3.036477093E2,8.343000412E0,1.049205017E1,-4.594950199E0
3.036501528E2,3.598050117E0,7.264050484E0,-4.080000401E0
3.036525964E2,3.495000124E0,1.043700027E1,-6.180000305E-1
3.036550401E2,4.776000023E0,9.526950836E0,-4.557000160E0
3.036574836E2,2.331000090E0,1.188000011E1,-6.090000272E-1
3.036599272E2,7.567950249E0,1.456695080E1,-2.716050148E0
3.036623709E2,5.583000183E0,9.733050346E0,-7.039950371E0
3.036648143E2,2.719500065E-1,8.710050583E0,-3.925050259E0
3.036672580E2,6.405000389E-2,7.372050285E0,3.340500295E-1
3.036697016E2,1.924050093E0,6.369000435E0,-1.947000146E0
3.036721453E2,2.269500047E-1,3.997950077E0,-2.368050098E0
3.036745888E2,3.600000143E0,5.236050129E0,9.370500445E-1
3.036770325E2,5.607000351E0,6.192000389E0,-2.644050121E0
3.036794761E2,2.097000122E0,4.824000359E0,-7.980000377E-1
3.036819198E2,2.335950136E0,8.052000046E0,1.713000059E0
3.036843632E2,2.518050194E0,8.703000069E0,-5.149500370E-1
3.036868069E2,6.700500250E-1,7.675950527E0,-6.679500341E-1
3.036892505E2,3.970950127E0,1.218900013E1,-1.175999999E0
3.036916940E2,3.049950123E0,7.911000252E0,-6.357000351E0
3.036941377E2,4.830000103E-1,5.478000164E0,-3.934050083E0
3.036965813E2,3.897000074E0,7.686000347E0,-2.598000050E0
3.036990250E2,5.896050453E0,4.611000061E0,-6.120000362E0
3.037014687E2,3.342000246E0,4.341000080E0,-4.486950397E0
3.037039122E2,7.564950466E0,8.053950310E0,-3.285000086E0
3.037063558E2,7.696950436E0,6.349950314E0,-9.192000389E0
3.037087995E2,1.600950122E0,6.634050369E0,-6.799950123E0
3.037112429E2,2.832000017E0,7.534950256E0,-3.304950237E0
3.037136866E2,4.881000042E0,4.822050095E0,-6.657000542E0
3.037161302E2,6.475950241E0,8.884950638E0,-6.139050484E0
3.037185739E2,8.113050461E0,1.072200012E1,-6.427050114E0
3.037210174E2,2.781000137E0,6.706050396E0,-7.186050415E0
3.037234610E2,1.135950089E0,9.022050858E0,-4.744050026E0
3.037259047E2,4.038000107E0,7.798050404E0,-3.048000097E0
3.037283481E2,6.382050514E0,4.642050266E0,-6.526950359E0
3.037307918E2,3.538050175E0,5.346000195E0,-2.658000231E0
3.037332355E2,9.487950325E0,6.655950546E0,-2.457000017E0
3.037356789E2,9.670050621E0,4.903050423E0,-7.770000458E0
3.037381226E2,2.233050108E0,6.759000301E0,-7.068000317E0
3.037405663E2,4.564949989E0,7.879950523E0,-5.698950291E0
3.037430099E2,5.224050045E0,6.643950462E0,-2.052000046E0
3.037454536E2,4.703999996E0,1.183200073E1,4.050000191E0
3.037478971E2,7.693950176E0,1.482105064E1,4.395000264E-2
3.037503407E2,2.547000170E0,9.991050720E0,-2.064000130E0
3.037527844E2,2.178000212E0,1.128195095E1,1.476000071E0
3.037552278E2,2.956050158E0,1.135395050E1,-3.276000261E0
3.037576715E2,2.788950205E0,8.916000366E0,-3.336000204E0
3.037601152E2,3.739050150E0,1.014195061E1,-4.243050098E0
3.037625586E2,5.686050415E0,1.181805038E1,-7.353000164E0
3.037650023E2,2.719050169E0,1.093200016E1,-6.661050320E0
3.037674460E2,1.110000014E0,1.167705059E1,-9.769500494E-1
3.037698896E2,2.527950048E0,1.126305008E1,-6.540000439E-1
3.037723333E2,2.635050058E0,1.170600033E1,-1.723950028E0
3.037747768E2,1.291950107E0,1.691100121E1,2.119500041E-1
3.037772204E2,5.896050453E0,1.421700096E1,-3.090000153E-1
3.037796641E2,1.749000072E0,9.955050468E0,-4.453950405E0
3.037821076E2,2.851050138E0,9.742050171E0,-2.470950127E0
3.037845512E2,5.215950012E0,9.322950363E0,-6.688050270E0
3.037869949E2,2.833950043E0,5.394000053E0,-5.494950294E0
3.037894383E2,3.411000252E0,6.520050526E0,-2.542950153E0
3.037918820E2,5.173050404E0,6.418950081E0,-4.963950157E0
3.037943256E2,2.902950048E0,3.958050251E0,-3.522000074E0
3.037967693E2,3.018000126E0,5.647950172E0,-8.400000632E-2
3.037992128E2,4.564949989E0,4.846050262E0,-2.419050217E0
3.038016565E2,4.918950081E0,5.575950146E0,-2.163000107E0
3.038041001E2,7.504950523E0,1.052505016E1,-4.413000107E0
3.038065438E2,4.156050205E0,6.052950382E0,-8.110050201E0
3.038089873E2,-2.200500071E-1,5.023050308E0,-4.984950066E0
3.038114310E2,2.550000250E-1,8.674050331E0,-1.035000086E0
3.038138746E2,3.829950094E0,1.381050110E0,-3.790950298E0
3.038163180E2,2.592000008E0,5.389500260E-1,-3.490950108E0
3.038187617E2,5.008050442E0,2.413050175E0,2.934000254E0
3.038212053E2,7.548000336E0,1.735950112E0,-1.990500093E-1
3.038236490E2,4.213050365E0,-8.059500456E-1,-6.880500317E-1
3.038260925E2,5.269050121E0,1.168050051E0,-1.891950130E0
3.038285361E2,8.467950821E0,4.720500112E-1,-6.676050186E0
3.038309798E2,8.650050163E0,2.217000008E0,-8.697000504E0
3.038334235E2,9.423000336E0,7.954050541E0,-8.789999962E0
3.038358670E2,7.993950367E0,8.911050797E0,-9.982050896E0
3.038383106E2,4.819050312E0,9.450000763E0,-1.270500088E1
3.038407542E2,5.959050179E0,1.159995079E1,-1.686105156E1
3.038431977E2,4.747050285E0,8.641050339E0,-1.344705105E1
3.038456414E2,-3.210000098E-1,9.201000214E0,1.363050103E0
3.038480850E2,6.190500259E-1,1.525605106E1,8.556000710E0
3.038505287E2,2.791050196E0,1.320900059E1,4.966950417E0
3.038529722E2,7.579500079E-1,1.296495056E1,-5.136000156E0
3.038554158E2,2.716950178E0,1.543800068E1,4.488000393E0
3.038578595E2,3.403950214E0,1.386000061E1,3.148950100E0
3.038603030E2,3.220050097E0,1.630005074E1,-3.228000164E0
3.038627466E2,5.760000229E0,2.030595016E1,3.738000154E0
3.038651903E2,3.586050272E0,1.219395065E1,2.307000160E0
3.038676339E2,7.266000271E0,9.820950508E0,4.440000355E-1
3.038700774E2,1.599495029E1,7.666050434E0,-2.185800171E1
3.038725211E2,6.507000446E0,5.133000374E0,-2.506605148E1
3.038749647E2,4.627050400E0,4.468050003E0,-1.932000160E1
3.038774084E2,5.484000206E0,6.265950203E0,-1.478295040E1
3.038798519E2,-3.400500119E-1,4.864950180E0,-2.397000074E0
3.038822955E2,2.404950142E0,4.578000069E0,1.234095097E1
3.038847392E2,2.743050098E0,6.208050251E0,3.649500310E-1
3.038871826E2,2.353049994E0,4.063050270E0,3.279000044E0
3.038896263E2,3.880050182E0,9.079050064E0,6.031950474E0
3.038920700E2,1.825950146E0,4.969950199E0,8.500950813E0
3.038945134E2,-1.870500147E-1,2.752950191E0,4.717950344E0
3.038969571E2,2.925000191E0,6.340050220E0,2.866950035E0
3.038994008E2,2.475000143E0,5.491950035E0,3.324000120E0
3.039018444E2,3.045000076E0,6.150000095E-1,2.958000183E0
3.039042881E2,1.384800053E1,1.245000005E0,-1.169400024E1
3.039067315E2,1.098705006E1,1.413000107E0,-2.328300095E1
3.039091752E2,1.030950069E0,3.001950026E0,-2.029695129E1
3.039116189E2,1.555050015E0,4.987050056E0,-1.281705093E1
3.039140623E2,3.106950045E0,3.049950123E0,-8.148000717E0
3.039165060E2,5.494050026E0,4.333950043E0,-3.664050102E0
3.039189497E2,8.005949974E0,9.004950523E0,2.434050083E0
3.039213931E2,2.065050125E0,6.165000439E0,3.796050072E0
3.039238368E2,1.549500078E-1,5.746050358E0,3.982950211E0
3.039262804E2,3.339000225E0,7.804950237E0,3.439050198E0
3.039287241E2,3.784950256E0,1.906050086E0,-1.803000093E0
3.039311678E2,5.319000244E0,5.940000415E-1,-5.086050034E0
3.039336112E2,9.660000801E0,3.760950089E0,-9.220950127E0
3.039360548E2,7.552950382E0,3.514950275E0,-1.419900036E1
3.039384985E2,1.258950114E0,5.779950142E0,-1.257495022E1
3.039409420E2,1.096050024E0,6.498000145E0,-1.191705036E1
3.039433857E2,9.760500193E-1,6.153000355E0,-2.296950102E0
3.039458293E2,2.523000002E0,8.952000618E0,4.993050098E0
3.039482728E2,3.709950209E0,1.246005058E1,3.166050196E0
3.039507165E2,6.720000505E-1,6.904950142E0,5.335050106E0
3.039531601E2,1.017000079E0,5.952000141E0,1.834950089E0
3.039556038E2,6.354000092E0,7.032000542E0,1.468950033E0
3.039580475E2,9.763050079E0,9.720000625E-1,-8.548050880E0
3.039604909E2,9.979050636E0,2.418000221E0,-1.287495041E1
3.039629345E2,7.687050343E0,6.153000355E0,-1.456305027E1
3.039653780E2,8.805000782E-2,5.265000343E0,-9.568050385E0
3.039678217E2,1.584000111E0,7.413000584E0,-1.549950123E0
3.039702654E2,4.642050266E0,7.321950436E0,1.009050012E0
3.039727090E2,4.137000084E0,8.215050697E0,1.729950070E0
3.039751525E2,9.531000137E0,1.332195091E1,5.278050423E0
3.039775962E2,4.512000084E0,9.424050331E0,-1.485000014E0
3.039800398E2,2.070000172E-1,9.088950157E0,-1.921050072E0
3.039824835E2,2.805000067E0,1.226295090E1,-7.519500256E-1
3.039849272E2,2.652000189E0,8.133000374E0,-5.863950253E0
3.039873706E2,1.491000056E0,5.860950470E0,-1.714950085E0
3.039898142E2,5.331000328E0,1.188795090E1,-3.376050234E0
3.039922579E2,5.109000206E0,1.192305088E1,-5.086050034E0
3.039947014E2,3.859050274E0,9.637050629E0,-3.199050188E0
3.039971451E2,5.536950111E0,1.274700069E1,-5.770950317E0
3.039995887E2,3.981000185E0,1.085100079E1,-4.246050358E0
3.040020322E2,4.327950001E0,1.406595039E1,1.150050044E0
3.040044758E2,8.215950012E0,1.576395035E1,-6.163050175E0
3.040069195E2,3.343950272E0,1.029495049E1,-7.120950222E0
3.040093632E2,5.809500217E-1,9.484050751E0,-2.412000179E0
3.040118066E2,2.536950111E0,1.000605011E1,-1.393950105E0
3.040142502E2,1.857000113E0,6.594000340E0,-3.601050138E0
3.040166939E2,2.206950188E0,5.016000271E0,1.567050099E0
3.040191376E2,6.241050243E0,1.028595066E1,1.684050083E0
3.040215811E2,2.282999992E0,7.446000576E0,-4.669500291E-1
3.040240248E2,1.771050096E0,6.690000534E0,3.139950037E0
3.040264682E2,3.052050114E0,1.110000038E1,1.119000077E0
3.040289119E2,2.017950058E0,1.000995064E1,-7.020000219E-1
3.040313555E2,4.060500264E-1,1.279695034E1,-8.149500489E-1
3.040337992E2,5.049000263E0,1.344105053E1,-2.194050074E0
3.040362429E2,8.950500488E-1,8.152050018E0,-4.437000275E0
3.040386863E2,3.018000126E0,9.223050117E0,-3.319050074E0
3.040411300E2,5.698050499E0,1.033800030E1,-7.573950291E0
3.040435736E2,3.796950102E0,5.704950333E0,-8.203050613E0
3.040460173E2,5.596950054E0,7.234950542E0,-6.268950462E0
3.040484608E2,9.877950668E0,8.188050270E0,-8.977050781E0
3.040509045E2,4.216050148E0,7.390950203E0,-8.842950821E0
3.040533481E2,4.375950336E0,8.602950096E0,-4.128000259E0
3.040557915E2,6.343950272E0,7.683000565E0,-6.609000206E0
3.040582352E2,6.780000210E0,9.333000183E0,-6.585000515E0
3.040606789E2,1.035000038E1,1.278105068E1,-1.013505077E1
3.040631225E2,6.303000450E0,8.149950027E0,-1.330995083E1
3.040655660E2,1.117050052E0,8.916000366E0,-8.209950447E0
3.040680096E2,3.988050222E0,9.988950729E0,8.700000644E-1
3.040704533E2,4.978950024E0,5.770050049E0,1.849050045E0
3.040728968E2,2.767050028E0,3.814050198E0,1.393950105E0
3.040753405E2,7.431000233E0,6.141000271E0,2.577000141E0
3.040777841E2,9.303000450E0,3.534000158E0,-2.704050064E0
3.040802278E2,5.677950382E0,4.328999996E0,-6.412050247E0
3.040826712E2,7.114950180E0,7.020000458E0,-1.183500099E1
3.040851149E2,5.473050117E0,6.607950211E0,-1.231395054E1
3.040875586E2,4.972050190E0,1.155195045E1,-7.573950291E0
3.040900022E2,5.382000446E0,1.221600056E1,-1.590000093E-1
3.040924457E2,1.915050149E0,1.009395027E1,5.449950218E0
3.040948893E2,-1.290000081E-1,1.111395073E1,3.700500131E-1
3.040973330E2,1.204050064E0,1.187595081E1,-1.047000051E0
3.040997765E2,1.831050038E0,8.569050789E0,-7.500000298E-2
3.041022202E2,1.980000138E-1,7.063050270E0,-7.189500332E-1
3.041046638E2,4.350000322E-1,1.143705082E1,9.709500670E-1
3.041071075E2,2.082000017E0,1.289295101E1,2.592000008E0
3.041095510E2,2.293050051E0,1.181100082E1,-3.901050091E0
3.041119946E2,1.642050028E0,1.285500050E1,-1.020000100E0
3.041144383E2,1.998000145E0,1.031400013E1,-6.210000515E-1
3.041168817E2,1.033950090E0,1.487100029E1,-2.646000147E0
3.041193254E2,1.162950039E0,1.518900108E1,2.009999990E0
3.041217690E2,-1.257000089E0,9.958050728E0,7.429500222E-1
3.041242127E2,-4.669050217E0,1.162200069E1,1.168950081E0
3.041266562E2,-4.354950428E0,6.982050419E0,4.207950115E0
3.041290998E2,8.110500574E-1,1.009950042E0,6.070050240E0
3.041315435E2,3.763050079E0,4.326000214E0,3.372000217E0
3.041339869E2,7.048050404E0,7.611000538E0,6.849000454E0
3.041364306E2,3.961950302E0,5.167050362E0,5.565000057E0
3.041388743E2,4.813950062E0,5.935050488E0,2.304000139E0
3.041413179E2,3.163950205E0,7.374000549E0,3.018000126E0
3.041437614E2,-2.970000207E-1,9.478950500E0,2.235000134E0
3.041462051E2,-8.620500565E-1,6.735000134E0,4.521000385E0
3.041486487E2,-5.860500336E-1,1.456050038E0,3.645000219E0
3.041510924E2,-1.429500133E-1,3.072000027E0,2.059950113E0
3.041535359E2,-9.790500402E-1,5.605050087E0,1.879950047E0
3.041559796E2,1.690500081E-1,4.639500082E-1,-3.499500155E-1
3.041584232E2,5.227950096E0,-7.369500399E-1,-3.235050201E0
3.041608666E2,6.148050308E0,-7.939500213E-1,-1.291005039E1
3.041633104E2,1.244895077E1,-1.479000092E0,-1.263795090E1
3.041657540E2,1.177905083E1,1.590000033E0,-1.495995045E1
3.041681974E2,1.066605091E1,4.747950077E0,-2.369895172E1
3.041706411E2,1.100805092E1,7.021950245E0,-2.524095154E1
3.041730848E2,1.135305023E1,1.496700096E1,-2.028000069E1
3.041755284E2,1.056495094E1,1.203405094E1,-1.297995090E1
3.041779721E2,4.299000263E0,1.166205025E1,-1.177305031E1
3.041804156E2,4.408950329E0,1.443000031E1,-8.905050278E0
3.041828592E2,1.311000109E0,9.613050461E0,-4.638000011E0
3.041853029E2,-8.980500698E-1,4.513050079E0,2.710500062E-1
3.041877464E2,6.259500384E-1,9.924000740E0,7.216950417E0
3.041901901E2,2.970000029E0,2.237205124E1,1.285800076E1
3.041926337E2,2.602050066E0,6.879000187E0,2.116950035E0
3.041950771E2,9.229050636E0,8.550000191E-1,-8.397000313E0
3.041975208E2,1.133895016E1,3.163050175E0,-2.372505188E1
3.041999644E2,8.974950790E0,9.048000336E0,-2.611005211E1
3.042024081E2,7.354050159E0,1.026195049E1,-1.783305168E1
3.042048516E2,-8.790000677E-1,5.880000114E0,-1.040400028E1
3.042072953E2,1.725000024E0,8.890050888E0,5.251950264E0
3.042097389E2,1.053000093E0,1.452405071E1,9.079950333E0
3.042121826E2,-1.048950076E0,3.711000204E0,5.986950397E0
3.042146260E2,1.972050071E0,3.393000126E0,7.039950371E0
3.042170697E2,2.611050129E0,6.472050190E0,1.003305054E1
3.042195134E2,4.977000237E0,4.195050240E0,8.071949959E0
3.042219568E2,1.053900051E1,3.187050104E0,-2.044950008E0
3.042244005E2,1.689105034E1,3.747000217E0,-1.742595100E1
3.042268441E2,1.224105072E1,6.778050423E0,-2.047905159E1
3.042292878E2,7.699050426E0,1.335300064E1,-8.541000366E0
3.042317313E2,5.070000291E-1,1.274700069E1,-5.091000080E0
3.042341749E2,5.089499950E-1,8.308050156E0,-1.795950055E0
3.042366186E2,4.444950104E0,1.634595108E1,-1.576050043E0
3.042390623E2,5.323950291E0,1.350405025E1,-6.112950325E0
3.042415058E2,3.897000074E0,4.149000168E0,-2.401950121E0
3.042439494E2,9.198000908E0,6.397050381E0,-8.593950272E0
3.042463931E2,8.788949966E0,7.048950195E0,-1.153095055E1
3.042488365E2,5.532000065E0,6.823950291E0,-8.221950531E0
3.042512802E2,4.441050053E0,7.780950546E0,-6.508050442E0
3.042537238E2,2.346000195E0,5.470950127E0,-3.412050247E0
3.042561675E2,4.804950237E0,7.738050461E0,1.159950018E0
3.042586110E2,4.474050045E0,1.168605042E1,4.369950294E0
3.042610546E2,9.469500184E-1,5.904000282E0,4.473000050E0
3.042634983E2,7.249500155E-1,6.663000107E0,4.720050335E0
3.042659418E2,2.560950041E0,9.019050598E0,3.886950254E0
3.042683854E2,1.396950126E0,6.153000355E0,1.299000025E0
3.042708291E2,8.250000477E-1,8.155050278E0,-1.722000122E0
3.042732728E2,2.506050110E0,1.081695080E1,3.874950171E0
3.042757162E2,2.620950222E0,9.625050545E0,2.902950048E0
3.042781599E2,1.909950137E0,1.172505093E1,-2.613000154E0
3.042806035E2,4.246950150E0,1.299600029E1,-2.104950190E0
3.042830470E2,3.598050117E0,1.213905048E1,1.864050031E0
3.042854907E2,7.126950264E0,1.344600105E1,2.902950048E0
3.042879343E2,1.234695053E1,7.993950367E0,-1.342800045E1
3.042903780E2,6.748950481E0,7.333950520E0,-1.834800148E1
3.042928214E2,9.354000092E0,8.016000748E0,-1.969800186E1
3.042952651E2,4.879050255E0,5.023050308E0,-1.447200108E1
3.042977087E2,2.929950237E0,3.531000137E0,-4.497000217E0
3.043001522E2,8.293050766E0,8.008950233E0,1.399500072E-1
3.043025959E2,2.961000204E0,7.276050568E0,1.651050091E0
3.043050395E2,2.632950068E0,5.218950272E0,6.906000137E0
3.043074832E2,4.101000309E0,8.763000488E0,4.720050335E0
3.043099267E2,3.349050045E0,5.239050388E0,2.830500007E-1
3.043123704E2,8.282999992E0,1.097100067E1,2.527050018E0
3.043148140E2,7.849950314E0,8.617050171E0,-1.870050073E0
3.043172577E2,4.321050167E0,6.763950348E0,-1.304505062E1
3.043197011E2,5.262000084E0,1.004400063E1,-1.428705025E1
3.043221447E2,7.138950348E0,6.736950397E0,-1.266900063E1
3.043245884E2,2.191950083E0,7.549050331E0,-2.158050060E0
3.043270319E2,2.961000204E0,1.009905052E1,5.412000179E0
3.043294756E2,4.204050064E0,1.021905041E1,3.073050261E0
3.043319192E2,2.616000175E0,9.298950195E0,1.312950015E0
3.043343629E2,2.941950083E0,1.087500095E1,6.690000296E-1
3.043368064E2,4.041000366E0,9.390000343E0,-2.859000206E0
3.043392500E2,3.367950201E0,1.213395023E1,-4.861050129E0
3.043416937E2,6.325050354E0,1.451400089E1,-1.002495003E1
3.043441373E2,1.711050034E0,1.193295097E1,-9.196950912E0
3.043465808E2,-3.795000166E-2,1.045305061E1,-1.681050062E0
3.043490244E2,2.440950155E0,1.439700031E1,-2.111999989E0
3.043514681E2,1.486050129E0,9.673050880E0,-5.359050274E0
3.043539116E2,8.280000687E-1,5.392050266E0,-7.039500475E-1
3.043563552E2,3.319950104E0,1.045305061E1,-5.758950233E0
3.043587989E2,2.590050220E0,6.867000103E0,-5.998050213E0
3.043612423E2,4.150950432E0,4.803000450E0,-5.589000225E0
3.043636860E2,7.828950405E0,3.301950216E0,-9.654000282E0
3.043661296E2,8.887050629E0,4.024950027E0,-1.129200077E1
3.043685733E2,1.071405029E1,8.218950272E0,-1.186695099E1
3.043710168E2,4.816050053E0,4.804950237E0,-9.481950760E0
3.043734605E2,1.342050076E0,6.430950165E0,-1.204950094E0
3.043759041E2,5.722050190E0,8.578950882E0,1.930950046E0
3.043783478E2,5.013000011E0,6.466950417E0,-1.036949992E0
3.043807912E2,2.997000217E0,4.896000385E0,-2.160000056E-1
3.043832348E2,7.644000530E0,5.401050091E0,9.040500522E-1
3.043856785E2,8.371950150E0,5.476050377E0,-6.408000469E0
3.043881220E2,2.956050158E0,7.657050133E0,-8.794950485E0
3.043905657E2,3.442050219E0,8.964000702E0,-9.585000038E0
3.043930093E2,4.081050396E0,7.188000202E0,-1.210605049E1
3.043954530E2,5.190000057E0,1.033395004E1,-6.372000217E0
3.043978965E2,6.949950218E0,1.038195038E1,-4.176000118E0
3.044003402E2,-2.440500110E-1,9.895050049E0,-4.738950253E0
3.044027838E2,-5.050500035E-1,1.048905087E1,3.319050074E0
3.044052275E2,1.909950137E0,1.049595070E1,2.661000013E0
3.044076710E2,2.326050043E0,7.743000507E0,2.014950037E0
3.044101146E2,1.263000011E0,7.113000393E0,-1.621050119E0
3.044125583E2,2.227950096E0,9.261000633E0,1.387050033E0
3.044150017E2,2.499000072E0,8.698050499E0,2.089500129E-1
3.044174454E2,2.970000029E0,9.081000328E0,-2.610000134E0
3.044198890E2,6.241050243E0,7.768950462E0,-5.503050327E0
3.044223325E2,7.555950165E0,7.282950401E0,-6.259050369E0
3.044247762E2,1.027500057E1,1.036500072E1,-7.501950264E0
3.044272198E2,3.112050056E0,7.836000443E0,-4.114050388E0
3.044296635E2,6.700500250E-1,8.229000092E0,2.218050003E0
3.044321069E2,3.202950239E0,9.997950554E0,2.053050041E0
3.044345506E2,2.494050026E0,6.649050236E0,-1.660050035E0
3.044369942E2,3.673950195E0,6.136050224E0,-4.510500133E-1
3.044394379E2,5.695050240E0,8.530950546E0,-1.831950068E0
3.044418814E2,2.760000229E0,7.650000572E0,-3.376050234E0
3.044443251E2,1.303950071E0,8.418000221E0,1.239000082E0
3.044467687E2,2.832000017E0,9.438000679E0,-1.747950077E0
3.044492122E2,1.201050043E0,7.483950138E0,-1.558950067E0
3.044516559E2,4.813950062E0,8.607000351E0,-2.040000111E-1
3.044540995E2,5.394000053E0,1.051305008E1,-7.542000294E0
3.044565432E2,1.972050071E0,6.757050514E0,-7.060950279E0
3.044589866E2,3.078000069E0,8.703000069E0,-5.031000137E0
3.044614303E2,4.282950401E0,8.089950562E0,-7.273950577E0
3.044638740E2,1.986000061E0,4.233000278E0,-6.172950268E0
3.044663176E2,6.339000225E0,6.211050510E0,-2.886000156E0
3.044687611E2,5.619000435E0,4.570950031E0,-5.260950089E0
3.044712047E2,2.563050032E0,6.490950108E0,-4.395000264E-2
3.044736484E2,4.669950008E0,7.828950405E0,3.228000164E0
3.044760919E2,4.230000019E0,5.322000027E0,-1.510500014E-1
3.044785356E2,7.717950344E0,8.157000542E0,-1.638000131E0
3.044809792E2,8.662050247E0,9.496050835E0,-7.308000565E0
3.044834226E2,1.807050109E0,8.245950699E0,-1.057800007E1
3.044858663E2,-9.795000404E-2,9.472050667E0,-4.264950275E0
3.044883100E2,2.985000134E0,7.446000576E0,-4.036950111E0
3.044907536E2,2.472000122E0,4.365000248E0,-4.240950108E0
3.044931971E2,5.440950394E0,5.506950378E0,-5.029500127E-1
3.044956408E2,8.560950279E0,6.010050297E0,-5.425950050E0
3.044980844E2,2.508000135E0,5.701050282E0,-4.753050327E0
3.045005281E2,1.555050015E0,9.364050865E0,-3.240000010E-1
3.045029716E2,3.334050179E0,7.188000202E0,-3.823950291E0
3.045054153E2,4.141050339E0,9.117000580E0,-4.006050110E0
3.045078589E2,9.016050339E0,1.057995033E1,-7.308000565E0
3.045103024E2,3.480000257E0,9.241950035E0,-1.057395077E1
3.045127460E2,-6.610500216E-1,1.006995010E1,-4.260000229E0
3.045151897E2,1.570050120E0,8.049000740E0,-1.810950041E0
3.045176333E2,4.089000225E0,5.296050072E0,-4.429950237E0
3.045200768E2,3.768000126E0,5.590950489E0,-1.866000056E0
3.045225205E2,7.426050186E0,7.780950546E0,-2.194050074E0
3.045249641E2,4.102950096E0,7.237950325E0,-3.678000212E0
3.045274078E2,2.106000185E0,8.497050285E0,8.205000311E-2
3.045298513E2,3.909000158E0,9.466950417E0,-3.079950094E0
3.045322949E2,3.342000246E0,8.278950691E0,-4.753050327E0
3.045347386E2,7.362000465E0,1.078905010E1,-4.138050079E0
3.045371820E2,7.038000107E0,9.103050232E0,-8.946000099E0
3.045396257E2,6.820500493E-1,8.773050308E0,-4.269000053E0
3.045420694E2,1.113000035E0,9.262950897E0,2.089500129E-1
3.045445128E2,5.026950359E0,6.109950066E0,-2.763000250E0
3.045469565E2,4.357050419E0,4.450950146E0,-5.172000408E0
3.045494001E2,7.929000378E0,7.585050583E0,-3.405000210E0
3.045518438E2,5.781000137E0,6.763950348E0,-6.484050274E0
3.045542873E2,6.940500140E-1,7.386000156E0,-2.163000107E0
3.045567310E2,2.580000162E0,8.482950211E0,1.500000060E-2
3.045591746E2,3.057000160E0,6.631950378E0,-3.445950270E0
3.045616183E2,5.761950493E0,9.156000137E0,-1.600050092E0
3.045640617E2,8.307000160E0,8.944950104E0,-5.898000240E0
3.045665054E2,1.882950068E0,7.587000370E0,-6.115050316E0
3.045689490E2,5.790000558E-1,9.318000793E0,-3.690000176E-1
3.045713925E2,3.394050121E0,8.571000099E0,-3.840000033E-1
3.045738362E2,2.146950006E0,5.145000458E0,-2.802000046E0
3.045762798E2,3.552000284E0,7.720950603E0,3.340500295E-1
3.045787235E2,5.743050098E0,8.038050652E0,-3.352050066E0
3.045811670E2,2.302050114E0,6.534000397E0,-3.700050116E0
3.045836106E2,2.185050011E0,9.069000244E0,-9.750000238E-1
3.045860543E2,4.065000057E0,7.972950459E0,-4.899000168E0
3.045884979E2,5.407950401E0,7.731000423E0,-4.521000385E0
3.045909414E2,1.006695080E1,1.011795044E1,-6.745050430E0
3.045933850E2,5.511000156E0,8.524050713E0,-9.709050179E0
3.045958287E2,9.400500655E-1,8.478000641E0,-4.794000149E0
3.045982722E2,2.416950226E0,8.322000504E0,-2.284950018E0
3.046007159E2,3.832050085E0,4.827000141E0,-5.221950054E0
3.046031595E2,3.262950182E0,3.325950146E0,-3.360000134E0
3.046056030E2,8.488950729E0,5.848950386E0,-4.003950119E0
3.046080466E2,4.144050121E0,4.384050369E0,-7.416000366E0
3.046104903E2,1.174950004E0,5.794050217E0,1.384950042E0
3.046129340E2,3.612000227E0,6.670050144E0,1.762950063E0
3.046153774E2,3.684000254E0,5.020950317E0,-6.300000101E-2
3.046178211E2,7.812000275E0,9.876000404E0,6.469500065E-1
3.046202647E2,7.033950329E0,8.446949959E0,-7.594950199E0
3.046227084E2,4.300500154E-1,8.695950508E0,-4.909050465E0
3.046251519E2,2.980500162E-1,1.055400085E1,-1.717050076E0
3.046275956E2,2.464950085E0,7.314000130E0,-3.087000132E0
3.046300392E2,2.455950022E0,6.153000355E0,-1.462950110E0
3.046324826E2,5.704950333E0,7.930050373E0,-2.754000187E0
3.046349263E2,5.578050137E0,7.269000530E0,-5.263050079E0
3.046373700E2,2.482050180E0,7.372050285E0,-3.541950226E0
3.046398136E2,3.946950197E0,9.340050697E0,-4.602000237E0
3.046422571E2,5.235000134E0,7.474950314E0,-7.102050304E0
3.046447008E2,6.382050514E0,9.342000008E0,-5.031000137E0
3.046471444E2,8.250000000E0,1.072905064E1,-7.783950329E0
3.046495881E2,3.220050097E0,8.815950394E0,-6.942000389E0
3.046520316E2,1.594050050E0,9.235050201E0,-2.341950178E0
3.046544752E2,3.808050156E0,8.719950676E0,-2.245950222E0
3.046569188E2,2.992050171E0,4.542000294E0,-4.099050045E0
3.046593623E2,5.532000065E0,5.770050049E0,-8.940000534E-1
3.046618060E2,7.741950512E0,6.769050121E0,-4.201950073E0
3.046642496E2,1.594050050E0,6.766050339E0,-2.742000103E0
3.046666931E2,2.046000004E0,8.995050430E0,2.139000177E0
3.046691368E2,2.817000151E0,7.015050411E0,-9.340500236E-1
3.046715805E2,4.093050003E0,8.785050392E0,-1.698000073E0
3.046740241E2,9.616950035E0,1.075500011E1,-6.202050209E0
3.046764678E2,4.338000298E0,8.100000381E0,-1.122300053E1
3.046789112E2,-1.395000052E-2,9.979050636E0,-6.190050125E0
3.046813548E2,2.653950214E0,8.689050674E0,-3.489000082E0
3.046837985E2,4.480950356E0,5.614950180E0,-5.581950188E0
3.046862420E2,3.909000158E0,5.160000324E0,-2.206050158E0
3.046886856E2,7.453050137E0,6.376050472E0,-2.791950226E0
3.046911293E2,4.052999973E0,5.088000298E0,-4.954050064E0
3.046935728E2,1.534050107E0,6.867000103E0,-1.534950018E0
3.046960164E2,3.933000088E0,5.698050499E0,-2.980950117E0
3.046984601E2,4.210950375E0,4.434000015E0,-4.806000233E0
3.047009038E2,7.627050400E0,8.590950012E0,-3.618000269E0
3.047033472E2,6.073050499E0,6.024000168E0,-6.010050297E0
3.047057908E2,-5.410500169E-1,7.306950569E0,-3.216000080E0
3.047082345E2,9.520500302E-1,7.563000202E0,7.890000343E-1
3.047106782E2,3.499950171E0,3.775950193E0,-2.857050180E0
3.047131217E2,2.014950037E0,2.859000206E0,-1.128000021E0
3.047155653E2,6.250950336E0,6.064950466E0,7.290000319E-1
3.047180090E2,5.044050217E0,4.447950363E0,-2.526000023E0
3.047204524E2,1.053000093E0,5.935050488E0,1.879950047E0
3.047228961E2,2.391000032E0,9.100950241E0,7.005000114E-2
3.047253397E2,3.315000057E0,6.859950542E0,-3.118050098E0
3.047277832E2,6.150000095E0,1.007700062E1,-2.926050186E0
3.047302269E2,8.616000175E0,1.176300049E1,-9.886050224E0
3.047326705E2,2.970000029E0,9.754050255E0,-6.609000206E0
3.047351142E2,9.880500436E-1,1.178895092E1,-3.046050072E0
3.047375579E2,2.815050125E0,1.026405048E1,-3.360000134E0
3.047400014E2,2.227950096E0,7.674000263E0,-1.791000128E0
3.047424450E2,3.184050083E0,7.882050514E0,-9.900000691E-2
3.047448887E2,4.828050137E0,9.462000847E0,-2.100000143E0
3.047473321E2,2.656950235E0,7.879950523E0,-2.548050165E0
3.047497758E2,4.177050114E0,9.886050224E0,-2.752050161E0
3.047522194E2,4.417050362E0,7.968000412E0,-6.325950146E0
3.047546629E2,4.792950153E0,1.016100025E1,-5.284950256E0
3.047571066E2,8.236050606E0,1.267500019E1,-5.797050476E0
3.047595502E2,4.005000114E0,9.334950447E0,-7.048950195E0
3.047619937E2,8.010000587E-1,9.414000511E0,-1.396050096E0
3.047644374E2,2.584950209E0,8.386950493E0,-9.559500217E-1
3.047668810E2,3.255000114E0,4.774050236E0,-3.889050245E0
3.047693247E2,5.203950405E0,4.243050098E0,-1.564050078E0
3.047717684E2,9.052050591E0,5.245950222E0,-4.420050144E0
3.047742118E2,4.426050186E0,3.802050114E0,-4.231050014E0
3.047766554E2,2.973000050E0,7.827000141E0,1.282050014E0
3.047790991E2,3.504000187E0,6.948000431E0,-1.372050047E0
3.047815426E2,3.430050135E0,7.563000202E0,-2.566950083E0
3.047839863E2,6.829950333E0,9.871950150E0,-4.453950405E0
3.047864299E2,4.620000362E0,7.911000252E0,-1.007295036E1
3.047888733E2,2.890500128E-1,8.457000732E0,-6.193950176E0
3.047913170E2,1.315950036E0,8.064000130E0,-1.032000065E0
3.047937606E2,3.217050076E0,5.430000305E0,-2.779950142E0
3.047962043E2,2.641950130E0,3.723000288E0,-4.219500124E-1
3.047986478E2,6.946950436E0,5.794050217E0,7.005000114E-2
3.048010915E2,5.487000465E0,4.264050007E0,-3.211050034E0
3.048035351E2,1.290000081E0,6.253950119E0,-1.183050036E0
3.048059788E2,2.664000034E0,7.783950329E0,-2.893050194E0
3.048084223E2,3.045000076E0,4.381050110E0,-5.815950394E0
3.048108659E2,6.816000462E0,9.019050598E0,-4.195050240E0
3.048133096E2,7.146000385E0,7.659000397E0,-8.332950592E0
3.048157530E2,9.495000541E-2,7.348050117E0,-4.981050014E0
3.048181967E2,7.080000043E-1,8.374950409E0,-1.300500035E-1
3.048206403E2,4.146000385E0,5.176050186E0,-3.112950087E0
3.048230838E2,2.221050024E0,3.265950203E0,-3.070050240E0
3.048255275E2,6.579000473E0,6.237000465E0,-1.116000056E0
3.048279711E2,7.369050503E0,4.642050266E0,-4.605000019E0
3.048304148E2,9.210000634E-1,6.168000221E0,-1.720050097E0
3.048328583E2,1.789950132E0,9.121950150E0,2.505000122E-2
3.048353020E2,3.387000084E0,6.192000389E0,-4.066050053E0
3.048377456E2,5.632950306E0,9.277950287E0,-3.048000097E0
3.048401893E2,9.591000557E0,1.008705044E1,-7.581000328E0
3.048426327E2,2.472000122E0,8.265000343E0,-6.610950470E0
3.048450764E2,6.550500393E-1,1.142100048E1,-5.100000501E-1
3.048475200E2,2.494050026E0,9.607950211E0,-1.911000133E0
3.048499635E2,3.172050238E0,7.185000420E0,-2.446950197E0
3.048524072E2,5.287950039E0,8.470950127E0,-1.000950098E0
3.048548508E2,6.600000381E0,1.024500084E1,-2.986050129E0
3.048572945E2,3.049950123E0,9.316050529E0,-2.601000071E0
3.048597380E2,3.319950104E0,1.213695049E1,-2.002050161E0
3.048621817E2,3.888000250E0,1.093905067E1,-3.795000076E0
3.048646253E2,3.978000164E0,1.176795101E1,-1.356000066E0
3.048670690E2,8.322000504E0,1.391100025E1,-5.818950176E0
3.048695124E2,5.391000271E0,1.248405075E1,-5.032950401E0
3.048719560E2,1.132050037E0,1.171995068E1,-3.072000027E0
3.048743997E2,2.757000208E0,1.292400074E1,-1.345950007E0
3.048768432E2,2.944050074E0,9.000000000E0,-3.526950121E0
3.048792869E2,1.930950046E0,9.022050858E0,-1.971000075E0
3.048817305E2,5.832000256E0,1.033095074E1,-2.455050230E0
3.048841740E2,4.002000332E0,9.040950775E0,-3.994050264E0
3.048866176E2,2.046000004E0,1.012800026E1,2.980500162E-1
3.048890613E2,3.271950245E0,9.615000725E0,-3.190500140E-1
3.048915050E2,3.030000210E0,9.535950661E0,-9.970500469E-1
3.048939484E2,6.967050552E0,1.218000031E1,-1.423050046E0
3.048963921E2,6.661950111E0,9.946050644E0,-7.837050438E0
3.048988357E2,1.492950082E0,9.133950233E0,-4.284000397E0
3.049012794E2,1.335000038E0,9.105000496E0,8.629500270E-1
3.049037229E2,3.279000044E0,7.563000202E0,-2.710950136E0
3.049061665E2,2.355000019E0,3.318000078E0,-2.787000179E0
3.049086102E2,7.339950562E0,6.129000187E0,-3.232950211E0
3.049110537E2,6.784950256E0,3.232050180E0,-9.147000313E0
3.049134974E2,2.653950214E0,4.627950191E0,-8.335050583E0
3.049159410E2,3.049950123E0,6.165000439E0,-4.995000362E0
3.049183847E2,2.568000078E0,3.346950054E0,-4.174050331E0
3.049208282E2,7.777950287E0,6.868950367E0,-3.600000143E-1
3.049232719E2,5.178000450E0,6.321000099E0,-2.665050030E0
3.049257155E2,-1.317000031E0,4.137000084E0,-1.684050083E0
3.049281592E2,-2.487000227E0,5.254950047E0,1.251000047E0
3.049306026E2,1.503000021E0,-3.299999982E-2,-2.754000187E0
3.049330462E2,3.907050133E0,-2.199000120E0,-3.181950092E0
3.049354899E2,4.690050125E0,-1.936050057E0,-2.653050184E0
3.049379334E2,6.150000095E0,-2.194950104E0,-2.179050207E0
3.049403771E2,5.568000317E0,-3.334050179E0,-3.577950239E0
3.049428207E2,8.728950500E0,-7.390500307E-1,-6.670950413E0
3.049452642E2,9.628950119E0,1.840950131E0,-9.616050720E0
3.049477078E2,8.176050186E0,5.653050423E0,-1.098495007E1
3.049501515E2,7.234950542E0,9.223050117E0,-1.064505005E1
3.049525952E2,3.828000069E0,9.250950813E0,-8.421000481E0
3.049550386E2,4.021950245E0,8.497050285E0,-9.594000816E0
3.049574823E2,6.459000111E0,1.303905106E1,-1.176105022E1
3.049599259E2,2.476950169E0,7.699950218E0,-5.017050266E0
3.049623696E2,2.910000086E-1,7.246950150E0,4.957050323E0
3.049648131E2,2.875050068E0,1.293900108E1,5.733000278E0
3.049672567E2,3.231000185E0,1.364700031E1,5.637000084E0
3.049697004E2,1.575000048E0,1.410495090E1,-2.814000130E0
3.049721439E2,3.082950115E0,1.339095020E1,2.689500153E-1
3.049745875E2,2.307000160E0,1.152105045E1,1.159500033E-1
3.049770312E2,3.552000284E0,1.893195152E1,-1.570950031E0
3.049794746E2,3.331950188E0,1.677195168E1,3.058050156E0
3.049819183E2,8.419500589E-1,9.016950607E0,6.589500308E-1
3.049843620E2,1.672950029E0,1.396305084E1,-3.930000067E-1
3.049868056E2,2.772000074E0,1.110900021E1,6.589500308E-1
3.049892493E2,1.510050058E0,5.916000366E0,5.595000088E-2
3.049916928E2,5.104050159E0,9.445050240E0,4.822950363E0
3.049941364E2,1.149705029E1,3.229950190E0,-1.851000071E0
3.049965801E2,6.334050179E0,3.868950129E0,-1.663605118E1
3.049990236E2,5.857950211E0,5.145000458E0,-1.883400154E1
3.050014672E2,2.836050034E0,4.413000107E0,-1.049895096E1
3.050039109E2,7.405050278E0,8.491950035E0,-1.047000051E0
3.050063543E2,3.190950155E0,7.816950321E0,2.529000044E0
3.050087980E2,1.170000076E0,6.666000366E0,2.814000130E0
3.050112417E2,1.740000129E0,9.807000160E0,4.912050247E0
3.050136851E2,1.467000127E0,6.823950291E0,2.734950066E0
3.050161288E2,2.580000162E-1,4.197000027E0,-3.247050047E0
3.050185725E2,1.251000047E0,9.010050774E0,2.424000025E0
3.050210161E2,7.122000217E0,5.803950310E0,3.796050072E0
3.050234598E2,4.800000191E0,5.887050152E0,-7.023000240E0
3.050259032E2,7.579050541E0,9.105000496E0,-1.315200043E1
3.050283468E2,3.969000101E0,6.811950207E0,-1.586700058E1
3.050307905E2,6.418050289E0,9.639000893E0,-1.018095016E1
3.050332340E2,5.583000183E0,8.241000175E0,-6.526950359E0
3.050356777E2,1.303950071E0,6.973950386E0,-1.537950039E0
3.050381213E2,4.648950100E0,9.373950005E0,4.308000088E0
3.050405648E2,5.061000347E0,7.032000542E0,-8.070000410E-1
3.050430085E2,4.852050304E0,5.353950024E0,-1.590000033E0
3.050454521E2,8.896050453E0,7.935000420E0,-1.699950099E0
3.050478955E2,5.551950455E0,5.689050198E0,-8.187000275E0
3.050503392E2,1.552950025E0,8.425050735E0,-3.870000124E0
3.050527829E2,3.823050261E0,9.440999985E0,-2.464050055E0
3.050552265E2,2.890950203E0,7.063050270E0,-2.064000130E0
3.050576702E2,7.618050575E0,1.142295074E1,9.199500680E-1
3.050601137E2,8.463000298E0,1.046505070E1,-6.829050541E0
3.050625573E2,1.929000139E0,9.550950050E0,-3.874050140E0
3.050650010E2,1.323000073E0,1.231395054E1,-4.960500300E-1
3.050674445E2,3.138000250E0,1.075500011E1,-3.679950237E0
3.050698882E2,3.499950171E0,9.514950752E0,-3.316950083E0
3.050723318E2,7.266000271E0,9.748950005E0,-4.423050404E0
3.050747752E2,6.829950333E0,8.767950058E0,-8.304000854E0
3.050772189E2,2.974950075E0,1.011300087E1,-4.899000168E0
3.050796626E2,4.455000401E0,1.131105042E1,-5.706000328E0
3.050821062E2,3.034950256E0,9.711000443E0,-6.028950214E0
3.050845497E2,5.386050224E0,1.230900097E1,-2.718000174E0
3.050869934E2,8.977950096E0,1.076895046E1,-7.039950371E0
3.050894370E2,3.382050276E0,8.461050034E0,-6.810000420E0
3.050918807E2,1.147950053E0,7.779000282E0,-1.513950109E0
3.050943242E2,3.057000160E0,7.003050327E0,-1.849050045E0
3.050967678E2,1.954950094E0,4.282950401E0,-3.096000195E0
3.050992115E2,4.821000099E0,4.125000000E0,4.270500243E-1
3.051016549E2,5.323950291E0,4.906050205E0,-6.370500326E-1
3.051040986E2,1.192050099E0,3.064950228E0,1.461000085E0
3.051065422E2,3.556950092E0,6.792000294E0,4.615050316E0
3.051089857E2,2.377050161E0,5.647950172E0,1.651050091E0
3.051114294E2,1.906950116E0,7.075050354E0,-1.510500014E-1
3.051138730E2,2.391000032E0,1.165800095E1,3.667050123E0
3.051163167E2,6.820500493E-1,7.827000141E0,-1.066050053E0
3.051187601E2,-5.820000172E-1,6.547950268E0,-1.590000093E-1
3.051212038E2,1.395000100E0,8.515950203E0,-1.276950002E0
3.051236474E2,8.490000367E-1,6.253950119E0,-4.321950436E0
3.051260911E2,2.986950159E0,3.145950079E0,-1.106999993E0
3.051285346E2,4.065000057E0,6.139050484E0,-5.839950085E0
3.051309782E2,4.206000328E0,4.185000420E0,-5.785050392E0
3.051334219E2,4.302000046E0,7.662000179E0,-6.343050480E0
3.051358654E2,4.471950054E0,6.823950291E0,-9.922050476E0
3.051383090E2,6.327000141E0,6.448050499E0,-8.433000565E0
3.051407527E2,1.013895035E1,8.035050392E0,-1.211805058E1
3.051431964E2,4.192049980E0,4.518000126E0,-1.237695026E1
3.051456398E2,1.291950107E0,8.344050407E0,-2.131050110E0
3.051480835E2,3.234000206E0,7.959000587E0,7.930500507E-1
3.051505271E2,2.395950079E0,4.765050411E0,-5.340000391E-1
3.051529706E2,4.204050064E0,5.227050304E0,2.383050203E0
3.051554143E2,8.062950134E0,3.553050280E0,-1.489500105E-1
3.051578579E2,7.764000416E0,2.902050257E0,-4.822950363E0
3.051603016E2,3.619050264E0,5.916000366E0,-5.281950474E0
3.051627451E2,5.394000053E0,5.047050476E0,-9.393000603E0
3.051651888E2,9.162000656E0,5.788950443E0,-1.176405048E1
3.051676324E2,9.876000404E0,8.713050842E0,-9.429000854E0
3.051700758E2,5.560950279E0,8.041950226E0,-6.513000488E0
3.051725195E2,4.936050415E0,8.362950325E0,-6.715950489E0
3.051749631E2,8.002950668E0,7.458000183E0,-1.100700092E1
3.051774068E2,7.254000187E0,5.338950157E0,-1.168200016E1
3.051798503E2,2.242950201E0,6.843000412E0,-2.431050062E0
3.051822940E2,3.334050179E0,9.223050117E0,7.141050339E0
3.051847376E2,3.682050228E0,9.235050201E0,6.433950424E0
3.051871813E2,3.271950245E0,9.397050858E0,3.157050133E0
3.051896248E2,4.333050251E0,1.149000072E1,-1.618950129E0
3.051920684E2,3.636000156E0,1.238100052E1,-1.500000060E-2
3.051945121E2,3.492000103E0,1.567095089E1,3.790500164E-1
3.051969555E2,4.242000103E0,1.478505039E1,1.476000071E0
3.051993992E2,2.401050091E0,1.181805038E1,1.279500127E-1
3.052018428E2,3.643050194E0,1.394700050E1,-5.140950203E0
3.052042865E2,2.832000017E0,1.200495052E1,-7.813050270E0
3.052067300E2,1.447950125E0,9.505050659E0,-3.592050076E0
3.052091737E2,2.737950087E0,1.260300064E1,-4.638000011E0
3.052116173E2,2.170950174E0,1.100205040E1,-3.490950108E0
3.052140608E2,9.310500622E-1,1.173195076E1,2.134050131E0
3.052165045E2,2.779050112E0,1.300305080E1,1.729500145E-1
3.052189481E2,2.116050005E0,1.127205086E1,-1.854000092E0
3.052213918E2,4.536000252E0,1.457205105E1,1.804050088E0
3.052238352E2,5.307000160E0,1.429905033E1,-6.025050163E0
3.052262789E2,2.626050234E0,6.754050255E0,-1.770000100E0
3.052287225E2,3.054000139E0,7.389000416E0,-2.863950253E0
3.052311660E2,4.696950436E0,7.887000561E0,-7.155000210E0
3.052336097E2,4.297049999E0,5.569050312E0,-6.772050381E0
3.052360533E2,7.311000347E0,5.308050156E0,-5.842950344E0
3.052384970E2,4.740000248E0,4.803000450E0,-6.046050072E0
3.052409405E2,2.458050013E0,7.045950413E0,-4.549500346E-1
3.052433841E2,4.833000183E0,7.894050598E0,1.564050078E0
3.052458278E2,5.487000465E0,7.197000504E0,-7.930500507E-1
3.052482712E2,7.180050373E0,1.075500011E1,-3.148950100E0
3.052507149E2,4.843050003E0,8.740950584E0,-4.341000080E0
3.052531585E2,5.895000324E-2,5.482950211E0,-4.159049988E0
3.052556022E2,2.049000025E0,8.401050568E0,-2.610000134E0
3.052580457E2,4.192049980E0,5.052000046E0,-7.711950302E0
3.052604893E2,1.599000096E0,3.289950132E0,-6.292950153E0
3.052629330E2,5.500950336E0,3.727950096E0,-3.379500210E-1
3.052653767E2,6.940050125E0,1.492050052E0,-3.441000223E0
3.052678202E2,3.274950266E0,5.509050369E0,-2.364000082E0
3.052702638E2,3.354000092E0,4.092000008E0,-1.435050011E0
3.052727075E2,5.176050186E0,1.834050059E0,-3.616050243E0
3.052751509E2,9.760950089E0,5.671950340E0,-4.118999958E0
3.052775946E2,7.672950268E0,5.053950310E0,-4.819950104E0
3.052800382E2,9.160500169E-1,5.827950478E0,-5.038050175E0
3.052824817E2,1.630050063E0,7.633050442E0,-7.246050358E0
3.052849254E2,3.816000223E0,4.834050179E0,-9.166050911E0
3.052873690E2,1.218000054E0,5.230950356E0,-8.890500665E-1
3.052898127E2,2.185050011E0,6.429000378E0,6.240000248E0
3.052922561E2,2.748000145E0,6.730050087E0,3.358050108E0
3.052946997E2,2.094000101E0,8.080950737E0,1.588050127E0
3.052971434E2,3.286950111E0,9.550950050E0,4.819500148E-1
3.052995869E2,4.171950340E0,8.815950394E0,-2.857050180E0
3.053020306E2,7.489050388E0,9.960000038E0,-6.597000122E0
3.053044742E2,7.314000130E0,9.796950340E0,-1.086795044E1
3.053069179E2,1.084050059E0,9.141000748E0,-5.794950485E0
3.053093614E2,7.270500064E-1,8.920950890E0,-2.185950041E0
3.053118051E2,4.174950123E0,9.994050026E0,-3.345000267E0
3.053142487E2,3.139950037E0,6.924000263E0,-3.787950277E0
3.053166921E2,7.194000244E0,8.196000099E0,-2.785050154E0
3.053191358E2,6.586050510E0,7.465050220E0,-6.931950092E0
3.053215794E2,2.985000134E0,8.236050606E0,-2.646000147E0
3.053240231E2,3.307950258E0,9.912000656E0,-5.340000391E-1
3.053264666E2,2.395950079E0,6.694050312E0,-3.214050055E0
3.053289103E2,7.294950485E0,1.022100067E1,-1.138050079E0
3.053313539E2,6.616950512E0,1.106595039E1,-5.140950203E0
3.053337976E2,8.400000334E-1,9.010050774E0,-1.818000078E0
3.053362410E2,2.032050133E0,9.820950508E0,1.672050118E0
3.053386846E2,2.331000090E0,9.883950233E0,-3.220950127E0
3.053411283E2,1.906950116E0,7.942050457E0,-1.546950102E0
3.053435718E2,4.708950043E0,8.538000107E0,-1.429950118E0
3.053460155E2,5.311950207E0,8.233950615E0,-5.658000469E0
3.053484591E2,2.748000145E0,9.037950516E0,-2.446950197E0
3.053509026E2,3.102000237E0,9.667950630E0,-1.936950088E0
3.053533463E2,3.765000105E0,7.585050583E0,-3.598950148E0
3.053557900E2,6.226950169E0,1.022400093E1,-1.083000064E0
3.053582336E2,7.966950417E0,9.352050781E0,-7.345950127E0
3.053606770E2,3.495000124E0,8.719950676E0,-6.240000248E0
3.053631207E2,2.131950140E0,8.623950005E0,-2.368050098E0
3.053655644E2,3.495000124E0,7.915050507E0,-3.070050240E0
3.053680080E2,2.626050234E0,5.035050392E0,-3.654000282E0
3.053704515E2,4.996050358E0,6.022050381E0,-1.108950019E0
3.053728951E2,7.153050423E0,6.016950130E0,-4.902000427E0
3.053753388E2,2.341050148E0,5.193000317E0,-2.581950188E0
3.053777823E2,4.198950291E0,7.674000263E0,1.282050014E0
3.053802260E2,3.634050131E0,5.064000130E0,-6.610500216E-1
3.053826696E2,5.688000202E0,8.385000229E0,1.147950053E0
3.053851131E2,8.652000427E0,1.085595036E1,-4.255050182E0
3.053875568E2,1.611000061E0,7.582950592E0,-6.490950108E0
3.053900005E2,4.950000346E-1,9.217950821E0,-1.741050124E0
3.053924441E2,2.944050074E0,8.257950783E0,-4.039950371E0
3.053948875E2,3.322050095E0,5.109000206E0,-3.091950178E0
3.053973312E2,4.548000336E0,7.978050232E0,-8.820000291E-1
3.053997748E2,6.925950527E0,8.125950813E0,-3.730950117E0
3.054022185E2,3.775050163E0,8.478000641E0,-4.023000240E0
3.054046620E2,2.263950109E0,1.011600018E1,-1.231050014E0
3.054071056E2,2.944050074E0,8.491950035E0,-3.718950272E0
3.054095493E2,4.819050312E0,9.715950012E0,-2.328000069E0
3.054119928E2,9.126000404E0,1.044405079E1,-7.780050278E0
3.054144365E2,4.327950001E0,8.808000565E0,-8.067000389E0
3.054168802E2,8.539500237E-1,8.718000412E0,-4.138050079E0
3.054193235E2,3.799050093E0,7.930050373E0,-8.740500212E-1
3.054217672E2,5.202000141E0,4.887000084E0,-4.126049995E0
3.054242109E2,4.486050129E0,7.939050198E0,-4.170000255E-1
3.054266546E2,8.824950218E0,8.899050713E0,-1.300950050E0
3.054290980E2,3.174000263E0,7.882050514E0,-4.174050331E0
3.054315417E2,1.125000000E0,1.031895065E1,7.380000353E-1
3.054339853E2,2.213999987E0,8.634000778E0,-2.095050097E0
3.054364290E2,2.707050085E0,8.425050735E0,-2.116950035E0
3.054388725E2,9.327000618E0,1.021905041E1,-5.209950447E0
3.054413161E2,5.128050327E0,7.923000336E0,-8.617950439E0
3.054437598E2,7.060500383E-1,8.892000198E0,-2.292000055E0
3.054462032E2,3.454050064E0,8.698050499E0,-2.242050171E0
3.054486469E2,3.307950258E0,5.904000282E0,-3.955950260E0
3.054510905E2,3.126000166E0,6.811950207E0,-1.698000073E0
3.054535340E2,6.730050087E0,6.982050419E0,-3.508050203E0
3.054559777E2,4.345050335E0,6.225000381E0,-5.833050251E0
3.054584214E2,2.223000050E0,7.513050556E0,-1.344000101E0
3.054608650E2,3.186000109E0,6.016950130E0,-1.537950039E0
3.054633085E2,5.061000347E0,5.233950138E0,-2.148000002E0
3.054657521E2,8.635050774E0,8.892000198E0,-4.486950397E0
3.054681958E2,4.333050251E0,7.057950497E0,-7.042050362E0
3.054706395E2,-4.450500309E-1,7.858050346E0,-2.248950005E0
3.054730829E2,9.310500622E-1,6.855000496E0,6.090000272E-1
3.054755265E2,3.784950256E0,5.998050213E0,-2.044950008E0
3.054779702E2,2.970000029E0,4.369050026E0,-7.090500593E-1
3.054804137E2,7.045950413E0,7.501050472E0,-1.450950027E0
3.054828574E2,5.226000309E0,6.297000408E0,-5.854950428E0
3.054853010E2,1.255950093E0,8.860950470E0,-2.059950113E0
3.054877447E2,2.061000109E0,9.115050316E0,-3.685050249E0
3.054901881E2,3.367950201E0,6.607950211E0,-4.959000111E0
3.054926318E2,7.747050285E0,1.047300053E1,-3.834000111E0
3.054950755E2,7.764000416E0,8.137949944E0,-9.144000053E0
3.054975189E2,6.619500518E-1,8.215050697E0,-3.172950268E0
3.054999626E2,3.676950216E0,9.583950043E0,3.000000119E-1
3.055024062E2,5.440950394E0,4.735949993E0,-3.994050264E0
3.055048499E2,4.480950356E0,5.494950294E0,-4.039950371E0
3.055072934E2,8.712000847E0,8.401050568E0,-4.542000294E0
3.055097370E2,4.042950153E0,7.096950531E0,-5.979000092E0
3.055121807E2,9.520500302E-1,9.618000031E0,-5.269500017E-1
3.055146241E2,2.041949987E0,8.883000374E0,3.070500195E-1
3.055170679E2,3.139950037E0,7.786050320E0,-6.370500326E-1
3.055195115E2,7.335000515E0,1.074300098E1,-1.657050133E0
3.055219552E2,7.765950203E0,9.630000114E0,-6.871950150E0
3.055243986E2,1.620000124E0,1.064700031E1,-4.513950348E0
3.055268423E2,8.059500456E-1,1.022595024E1,-4.099500179E-1
3.055292860E2,2.908050060E0,9.697050095E0,-2.067000151E0
3.055317294E2,2.793000221E0,8.440050125E0,-1.822950125E0
3.055341731E2,4.002000332E0,9.991050720E0,1.452000022E0
3.055366167E2,5.539950371E0,1.105695057E1,-3.196950197E0
3.055390604E2,2.817000151E0,8.737050056E0,-2.008949995E0
3.055415039E2,4.824000359E0,1.063500023E1,-2.111999989E0
3.055439476E2,4.318050385E0,9.309000015E0,-5.536050320E0
3.055463912E2,4.455000401E0,1.120500088E1,-1.216950059E0
3.055488349E2,7.711050510E0,1.308000088E1,-6.274050236E0
3.055512783E2,1.716000080E0,9.939000130E0,-4.588050365E0
3.055537219E2,1.417050123E0,1.005105019E1,7.005000114E-2
3.055561656E2,2.476950169E0,1.056600094E1,-1.636050105E0
3.055586091E2,1.576950073E0,6.402000427E0,-1.906050086E0
3.055610528E2,5.386050224E0,7.767000198E0,-8.479500413E-1
3.055634964E2,6.789000511E0,8.338950157E0,-5.076000214E0
3.055659399E2,2.860050201E0,7.386000156E0,-4.948950291E0
3.055683836E2,2.266950130E0,8.670000076E0,-1.782000065E0
3.055708272E2,2.578050137E0,6.912000179E0,-2.341950178E0
3.055732709E2,4.951050282E0,8.470950127E0,-1.936950088E0
3.055757143E2,7.447950363E0,9.586950302E0,-5.119050026E0
3.055781580E2,3.226950169E0,7.762050152E0,-7.156950474E0
3.055806016E2,9.019500613E-1,7.354950428E0,-4.108950138E0
3.055830453E2,3.222000122E0,7.003050327E0,-3.202050209E0
3.055854888E2,3.612000227E0,4.626000404E0,-5.524050236E0
3.055879324E2,2.956050158E0,5.053950310E0,-2.313000202E0
3.055903758E2,6.970950127E0,7.156050205E0,-3.642000198E0
3.055928195E2,3.064050198E0,4.819950104E0,-5.473950386E0
3.055952632E2,2.014950037E0,7.555950165E0,-1.440000087E-1
3.055977068E2,3.733950138E0,5.638050079E0,-2.641050100E0
3.056001503E2,3.931050301E0,5.172000408E0,-2.497950077E0
3.056025940E2,8.953950882E0,9.565050125E0,-2.196000099E0
3.056050377E2,3.483000278E0,5.203050137E0,-8.008950233E0
3.056074813E2,-1.093950033E0,8.944950104E0,-2.943000078E0
3.056099248E2,2.764950037E0,6.619950294E0,-1.329000115E0
3.056123683E2,3.673950195E0,4.353000164E0,-2.935950041E0
3.056148120E2,3.837000132E0,6.591000080E0,1.354050040E0
3.056172557E2,6.190950394E0,6.253950119E0,-2.200950146E0
3.056196992E2,3.121050119E0,7.330950260E0,-4.344000340E0
3.056221428E2,1.408950090E0,8.071050644E0,-2.479050159E0
3.056245865E2,2.341050148E0,6.970050335E0,-4.219050407E0
3.056270300E2,4.972050190E0,7.113000393E0,-5.553000450E0
3.056294737E2,8.488950729E0,8.586000443E0,-6.982050419E0
3.056319173E2,4.630050182E0,8.926050186E0,-9.304950714E0
3.056343608E2,-7.090500593E-1,8.356050491E0,-3.154050112E0
3.056368045E2,9.709500670E-1,7.555950165E0,7.720500231E-1
3.056392481E2,3.841950178E0,5.149950027E0,-3.987000227E0
3.056416918E2,2.596950054E0,3.892950296E0,-1.696050048E0
3.056441352E2,8.062950134E0,7.675950527E0,-2.280000210E0
3.056465788E2,3.703050137E0,4.341000080E0,-5.638950348E0
3.056490225E2,7.729500532E-1,7.671000481E0,3.790500164E-1
3.056514660E2,2.310000181E0,7.999050617E0,-1.327050090E0
3.056539097E2,1.564950109E0,5.956950188E0,-1.293000102E0
3.056563533E2,7.282950401E0,1.071705055E1,-6.660000086E-1
3.056587970E2,6.555000305E0,7.852950573E0,-7.048950195E0
3.056612405E2,1.053000093E0,9.145950317E0,-2.701050043E0
3.056636841E2,2.428950071E0,1.075995064E1,-1.207050085E0
3.056661278E2,2.404950142E0,7.522950172E0,-4.075950146E0
3.056685712E2,2.347950220E0,9.163050652E0,-3.049500287E-1
3.056710149E2,4.954950333E0,1.099905014E1,-2.830500007E-1
3.056734585E2,4.251000404E0,1.034805012E1,-2.608050108E0
3.056759022E2,3.100050211E0,9.916950226E0,-1.339050055E0
3.056783457E2,5.305050373E0,1.104705048E1,-2.706000090E0
3.056807894E2,5.017950058E0,1.041000080E1,-4.849050045E0
3.056832330E2,8.338050842E0,1.221600056E1,-1.987950087E0
3.056856767E2,8.451000214E0,1.424805069E1,-8.806950569E0
3.056881201E2,2.142000198E0,1.221300030E1,-5.208000183E0
3.056905638E2,7.099500299E-1,1.324695110E1,-9.405000508E-2
3.056930075E2,3.859050274E0,1.293900108E1,-2.680050135E0
3.056954511E2,1.672950029E0,8.776950836E0,-4.071000099E0
3.056978946E2,6.397050381E0,1.304205036E1,-3.090000153E-1
3.057003382E2,6.568950176E0,1.014195061E1,-6.715950489E0
3.057027817E2,2.188050032E0,1.038195038E1,-3.372000217E0
3.057052254E2,4.711050034E0,1.092495060E1,-1.830000043E0
3.057076690E2,3.241050243E0,6.687000275E0,-4.387050152E0
3.057101127E2,7.378050327E0,1.119105053E1,-1.027950048E0
3.057125562E2,8.572950363E0,9.151050568E0,-7.300950527E0
3.057149999E2,2.599050045E0,7.192050457E0,-7.645050526E0
3.057174435E2,1.488000035E0,6.297000408E0,-1.921050072E0
3.057198869E2,1.891050100E0,4.879050255E0,-3.799950123E0
3.057223306E2,2.583000183E0,3.127050161E0,-5.139000416E0
3.057247742E2,2.973000050E0,3.100950241E0,-1.291050076E0
3.057272179E2,3.943050146E0,4.690050125E0,9.349500537E-1
3.057296614E2,2.202000141E0,3.922050238E0,-2.179500163E-1
3.057321051E2,2.980050087E0,6.121950150E0,2.853000164E0
3.057345487E2,3.535950184E0,4.969950199E0,-1.530000091E0
3.057369924E2,4.033950329E0,8.181000710E0,-2.191050053E0
3.057394359E2,8.446050644E0,1.100205040E1,-4.590000153E0
3.057418795E2,2.410050154E0,6.699000359E0,-8.170050621E0
3.057443232E2,-7.180500627E-1,9.654000282E0,-3.360000253E-1
3.057467666E2,2.109000206E0,9.364050865E0,-2.269950151E0
3.057492103E2,2.001000166E0,5.301000118E0,-2.518950224E0
3.057516539E2,6.937950134E0,8.149950027E0,-2.815950155E0
3.057540974E2,8.335950851E0,9.546000481E0,-5.704050064E0
3.057565411E2,5.889000416E0,6.757050514E0,-5.919000149E0
3.057589847E2,4.608000278E0,1.187595081E1,-3.127050161E0
3.057614284E2,3.916050196E0,9.868950844E0,-3.321000099E0
3.057638719E2,4.833000183E0,1.156395054E1,-1.072950006E0
3.057663156E2,7.026000500E0,1.302195072E1,-5.533950329E0
3.057687592E2,3.435000181E0,1.080300045E1,-7.714950562E0
3.057712029E2,1.009950042E0,9.631950378E0,-4.246050358E0
3.057736463E2,2.263950109E0,8.554950714E0,-2.323050022E0
3.057760899E2,4.036050320E0,6.381000519E0,-5.175000191E0
3.057785336E2,4.651050091E0,6.772950172E0,-3.252000093E0
3.057809771E2,8.197050095E0,9.064949989E0,-4.590000153E0
3.057834208E2,3.970950127E0,8.227050781E0,-6.934050560E0
3.057858644E2,2.167950153E0,8.998050690E0,5.010000467E-1
3.057883079E2,3.708000183E0,8.490000725E0,-2.040000111E-1
3.057907515E2,3.133050203E0,8.167050362E0,1.267050028E0
3.057931952E2,9.366000175E0,1.190895081E1,-5.989500284E-1
3.057956389E2,5.410050392E0,7.597050190E0,-8.163000107E0
3.057980823E2,1.429050088E0,9.433050156E0,-1.882050037E0
3.058005260E2,2.796000242E0,1.105005074E1,-2.863950253E0
3.058029696E2,2.821950197E0,8.296050072E0,-3.268950224E0
3.058054133E2,3.145050049E0,1.023495007E1,3.270000219E-1
3.058078568E2,6.040050507E0,1.166205025E1,-4.990050316E0
3.058103004E2,2.829000235E0,9.642000198E0,-3.676050186E0
3.058127441E2,1.990950108E0,1.083405018E1,-2.773050070E0
3.058151876E2,2.290950060E0,9.204000473E0,-3.537000179E0
3.058176312E2,2.982000113E0,8.039999962E0,-3.276000261E0
3.058200749E2,6.591000080E0,1.039095020E1,-4.654950142E0
3.058225186E2,6.124050140E0,8.100000381E0,-8.281949997E0
3.058249620E2,2.131950140E0,7.294950485E0,-4.449000359E0
3.058274057E2,3.385050058E0,7.300050259E0,-8.410500288E-1
3.058298493E2,3.294000149E0,7.087050438E0,-3.187050104E0
3.058322928E2,2.379000187E0,3.472050190E0,-8.860500455E-1
3.058347364E2,5.413050175E0,6.055050373E0,-1.249500066E-1
3.058371801E2,3.619050264E0,3.553050280E0,-3.850050211E0
3.058396238E2,2.848050117E0,4.846050262E0,2.569500208E-1
3.058420673E2,5.262000084E0,4.819950104E0,-8.620500565E-1
3.058445109E2,5.188050270E0,2.995050192E0,-3.522000074E0
3.058469546E2,9.339000702E0,9.151050568E0,-3.585000277E0
3.058493980E2,5.518050194E0,7.525050163E0,-9.250050545E0
3.058518417E2,3.679500222E-1,8.764950752E0,-4.839000225E0
3.058542854E2,1.021950006E0,9.001950264E0,-3.034050226E0
3.058567288E2,4.134000301E0,5.947050095E0,-5.899950504E0
3.058591725E2,4.756950378E0,5.409000397E0,-4.545000076E0
3.058616162E2,9.205050468E0,6.438000202E0,-4.866000175E0
3.058640598E2,7.635000229E0,6.156000137E0,-7.753050327E0
3.058665033E2,2.346000195E0,8.607000351E0,-4.114050388E0
3.058689470E2,4.813950062E0,8.380050659E0,-2.488050222E0
3.058713906E2,5.719050407E0,7.627950191E0,-5.898000240E0
3.058738343E2,7.924050331E0,1.125105095E1,-4.549950123E0
3.058762777E2,8.869950294E0,1.034295082E1,-1.095195007E1
3.058787214E2,-4.305000231E-2,9.577050209E0,-9.376950264E0
3.058811650E2,1.921950102E0,1.101105022E1,-7.710000277E-1
3.058836087E2,3.619050264E0,6.478950500E0,-2.056950092E0
3.058860521E2,1.480950117E0,7.006050110E0,1.794000030E0
3.058884958E2,4.927050114E0,1.082205009E1,4.785000324E0
3.058909393E2,3.955050230E0,8.257950783E0,-1.971000075E0
3.058933830E2,1.480950117E0,9.364050865E0,3.430500031E-1
3.058958266E2,2.704950094E0,1.179405022E1,1.722000122E0
3.058982703E2,2.824050188E0,9.490950584E0,-1.104000092E0
3.059007137E2,1.678050041E0,1.181595039E1,-4.087950230E0
3.059031574E2,4.038000107E0,1.330995083E1,2.908050060E0
3.059056010E2,2.044049978E0,8.221950531E0,-7.905000448E-2
3.059080445E2,2.590050220E0,8.935050011E0,-2.668050051E0
3.059104882E2,8.523000717E0,9.613050461E0,-5.574000359E0
3.059129318E2,4.386000156E0,5.830050468E0,-7.011000156E0
3.059153755E2,4.110000134E0,7.822050571E0,-2.875950098E0
3.059178189E2,4.630050182E0,8.839950562E0,-3.063000202E0
3.059202626E2,1.801950097E0,5.830050468E0,-2.078999996E0
3.059227062E2,4.471950054E0,6.289950371E0,-1.231050014E0
3.059251497E2,3.466050148E0,6.175050259E0,-4.801050186E0
3.059275934E2,5.089050293E0,4.168050289E0,-2.598000050E0
3.059300370E2,6.958950520E0,7.444050312E0,-6.067950249E0
3.059324807E2,2.647050142E0,4.492050171E0,-6.439050198E0
3.059349242E2,1.395000100E0,5.245950222E0,-1.237950087E0
3.059373679E2,2.889000177E0,6.775950432E0,-1.734000087E0
3.059398115E2,1.696950078E0,4.384050369E0,-4.960500300E-1
3.059422549E2,2.812050104E0,5.227050304E0,2.206050158E0
3.059446986E2,4.702050209E0,4.956000328E0,-7.159500122E-1
3.059471422E2,4.038000107E0,4.201950073E0,-3.958050251E0
3.059495859E2,1.717950106E0,8.695950508E0,-4.557000160E0
3.059520294E2,4.759050369E0,4.516050339E0,-7.921050549E0
3.059544731E2,7.635000229E0,6.354000092E0,-8.272950172E0
3.059569167E2,8.923050880E0,8.659950256E0,-5.401950359E0
3.059593604E2,3.162000179E0,6.856950283E0,-7.336950302E0
3.059618039E2,3.060000241E-1,1.029300022E1,-6.079950333E0
3.059642475E2,7.006950378E0,7.468050480E0,-4.171050072E0
3.059666912E2,5.391000271E0,4.635000229E0,-6.712050438E0
3.059691346E2,3.514050245E0,8.502000809E0,3.889050245E0
3.059715783E2,8.062950134E0,7.113000393E0,-2.313000202E0
3.059740219E2,3.421050072E0,7.183050156E0,-3.340950251E0
3.059764654E2,2.827050209E0,9.694050789E0,-1.861050129E0
3.059789091E2,3.037950039E0,6.759000301E0,-6.217950344E0
3.059813527E2,5.025000095E0,8.931000710E0,-3.300000191E0
3.059837964E2,9.271950722E0,1.015905094E1,-9.664050102E0
3.059862399E2,3.706050158E0,9.514950752E0,-7.534950256E0
3.059886835E2,-9.105000645E-2,1.062600040E1,-1.183050036E0
3.059911272E2,4.609500170E-1,9.787950516E0,9.660000205E-1
3.059935709E2,2.607000113E0,9.057000160E0,-2.329500169E-1
3.059960143E2,2.827050209E0,9.366000175E0,1.429950118E0
3.059984579E2,6.187950134E0,9.522000313E0,-2.031000137E0
3.060009016E2,4.278000355E0,8.358000755E0,-4.827000141E0
3.060033451E2,3.718050241E0,1.021395016E1,-1.636050105E0
3.060057888E2,4.680000305E0,1.214100075E1,-3.700050116E0
3.060082324E2,2.980050087E0,1.137795067E1,-1.570950031E0
3.060106761E2,5.094000340E0,1.564200115E1,1.086000085E0
3.060131196E2,3.895050287E0,1.500000095E1,-3.529950142E0
3.060155632E2,5.400000215E-1,1.028595066E1,-8.479500413E-1
3.060180066E2,1.948050141E0,1.451595116E1,2.239950180E0
3.060204503E2,2.865000248E0,1.124805069E1,-1.441950083E0
3.060228940E2,4.279500246E-1,9.012000084E0,-1.155000091E0
3.060253376E2,5.652000427E0,1.214400101E1,-2.280000150E-1
3.060277811E2,3.913950205E0,1.049400043E1,-7.597950459E0
3.060302248E2,4.394999981E0,1.022400093E1,-6.187050343E0
3.060326684E2,4.315950394E0,9.286950111E0,-5.221950054E0
3.060351121E2,4.456950188E0,9.199050903E0,-3.115050077E0
3.060375556E2,7.584000587E0,1.077900028E1,-2.443050146E0
3.060399992E2,6.556950092E0,9.364050865E0,-5.773050308E0
3.060424429E2,2.166000128E0,8.473050117E0,-4.104000092E0
3.060448863E2,2.701950073E0,6.673050404E0,-1.489950061E0
3.060473300E2,4.690050125E0,7.039050102E0,-5.179050446E0
3.060497736E2,2.365050077E0,4.492050171E0,-3.901050091E0
3.060522171E2,6.049950123E0,7.204050541E0,-7.210500240E-1
3.060546608E2,4.543950081E0,5.454000473E0,-3.348000050E0
3.060571045E2,1.692000031E0,5.683950424E0,-1.780500114E-1
3.060595481E2,4.206000328E0,7.575000286E0,9.510000348E-1
3.060619916E2,2.158950090E0,3.792000294E0,-2.743950129E0
3.060644353E2,6.433050156E0,8.695950508E0,-1.510950089E0
3.060668789E2,6.727050304E0,5.080950260E0,-7.581000328E0
3.060693226E2,6.289500594E-1,5.466000080E0,-9.451050758E0
3.060717660E2,2.647050142E0,6.177000523E0,-4.714950085E0
3.060742097E2,5.515950203E0,2.832000017E0,-5.758950233E0
3.060766533E2,2.974950075E0,4.361999989E0,-2.842050076E0
3.060790968E2,5.650050163E0,5.116050243E0,1.924050093E0
3.060815405E2,6.184050083E0,5.188050270E0,-1.348050117E0
3.060839841E2,1.266000032E0,6.103050232E0,-1.942050099E0
3.060864278E2,8.970000148E-1,7.468050480E0,-2.880000174E-1
3.060888713E2,2.377050161E0,4.651950359E0,-4.341000080E0
3.060913150E2,6.001950264E0,6.475950241E0,-3.906000137E0
3.060937586E2,9.088050842E0,8.554950714E0,-8.767950058E0
3.060962021E2,6.910500526E-1,6.747000217E0,-7.465950489E0
3.060986457E2,-6.730500460E-1,8.497050285E0,2.009999990E0
3.061010894E2,1.273050070E0,7.365000248E0,-1.315050006E0
3.061035328E2,1.261050105E0,5.928000450E0,-9.319500327E-1
3.061059765E2,6.154950142E0,8.659950256E0,5.490000248E-1
3.061084201E2,5.212050438E0,7.765050411E0,-5.461950302E0
3.061108638E2,2.938950062E0,7.140000343E0,-2.758950233E0
3.061133073E2,3.610050201E0,9.313950539E0,-4.167000294E0
3.061157510E2,3.259950161E0,7.348050117E0,-2.062050104E0
3.061181946E2,7.213050365E0,9.970050812E0,-3.043950081E0
3.061206383E2,8.463000298E0,1.128705025E1,-8.491050720E0
3.061230818E2,2.791050196E0,9.475950241E0,-5.689050198E0
3.061255254E2,8.440500498E-1,9.265950203E0,-2.440050125E0
3.061279690E2,4.302000046E0,8.394000053E0,-3.694950104E0
3.061304125E2,3.885000229E0,5.325000286E0,-7.597950459E0
3.061328562E2,5.133000374E0,6.804000378E0,-2.919000149E0
3.061352998E2,7.582050323E0,7.282950401E0,-5.473950386E0
3.061377435E2,1.966950059E0,6.948000431E0,-3.633000135E0
3.061401870E2,3.061050177E0,8.605050087E0,1.203000069E0
3.061426307E2,2.779050112E0,7.125000477E0,-1.708050132E0
3.061450743E2,3.933000088E0,9.370950699E0,1.738950133E0
3.061475178E2,7.162950516E0,1.164105034E1,-3.931950092E0
3.061499615E2,1.339950085E0,7.582950592E0,-4.164000034E0
3.061524051E2,4.999500215E-1,9.001950264E0,-3.360000253E-1
3.061548488E2,1.773000121E0,8.737050056E0,-1.918050051E0
3.061572922E2,2.281050205E0,5.926050186E0,-1.159050107E0
3.061597358E2,3.777000189E0,8.986050606E0,-6.540000439E-1
3.061621795E2,5.161050320E0,1.093005085E1,-1.131000042E0
3.061646230E2,3.166950226E0,9.318000793E0,-1.393950105E0
3.061670667E2,3.030000210E0,1.102605057E1,-1.863000035E0
3.061695103E2,4.366050243E0,1.216005039E1,-1.960950136E0
3.061719540E2,4.227000237E0,1.069005013E1,-1.987950087E0
3.061743975E2,8.857950211E0,1.273800087E1,-5.340000153E0
3.061768412E2,4.510050297E0,1.106400013E1,-6.799950123E0
3.061792845E2,5.040000081E-1,1.007295036E1,-1.960950136E0
3.061817282E2,3.178950071E0,1.113105011E1,-1.726950049E0
3.061841719E2,2.628000021E0,6.988950253E0,-3.877050161E0
3.061866155E2,4.498050213E0,8.964000702E0,-1.345950007E0
3.061890592E2,7.210950375E0,1.024305058E1,-5.530950069E0
3.061915027E2,4.057950020E0,8.131050110E0,-6.891000271E0
3.061939463E2,2.932050228E0,8.296050072E0,-3.304950237E0
3.061963900E2,3.370050192E0,6.783000469E0,-3.760050297E0
3.061988334E2,5.359950066E0,7.330950260E0,-3.118050098E0
3.062012771E2,9.058950424E0,9.751950264E0,-5.035950184E0
3.062037207E2,5.215950012E0,7.669050217E0,-6.907950401E0
3.062061642E2,1.219950080E0,8.356050491E0,-2.256000042E0
3.062086079E2,3.193050146E0,7.324050426E0,1.540500075E-1
3.062110515E2,4.390050411E0,5.145000458E0,-3.798000097E0
3.062134952E2,4.275000095E0,5.002050400E0,-1.324950099E0
3.062159387E2,8.383950233E0,7.128000259E0,-3.063000202E0
3.062183823E2,3.133050203E0,4.555950165E0,-7.429950237E0
3.062208260E2,2.235000134E0,7.468050480E0,-1.437000036E0
3.062232694E2,3.148050070E0,5.442000389E0,-3.958050251E0
3.062257131E2,4.227000237E0,4.707000256E0,-3.055950165E0
3.062281567E2,8.635050774E0,8.904000282E0,-2.151000023E0
3.062306004E2,3.841950178E0,4.993950367E0,-6.661050320E0
3.062330439E2,-1.050000042E-1,7.072950363E0,-2.881050110E0
3.062354876E2,1.912050128E0,7.018050194E0,-2.971950054E0
3.062379312E2,2.815050125E0,3.040950060E0,-4.564050198E0
3.062403746E2,2.592000008E0,4.800000191E0,-1.180950046E0
3.062428183E2,6.607050419E0,3.903000116E0,-7.789500356E-1
3.062452619E2,4.849950314E0,4.408050060E0,-4.522950172E0
3.062477056E2,1.162950039E0,6.586950302E0,-1.438950062E0
3.062501491E2,3.013950109E0,5.253000259E0,-1.851000071E0
3.062525928E2,4.177050114E0,6.013950348E0,-3.865050077E0
3.062550364E2,8.248050690E0,8.257950783E0,-4.223999977E0
3.062574799E2,5.889000416E0,7.219050407E0,-1.008495045E1
3.062599236E2,-5.100000501E-1,8.133000374E0,-5.686950207E0
3.062623672E2,1.996050119E0,8.398950577E0,-4.770000279E-1
3.062648106E2,3.193050146E0,3.946050167E0,-3.922050238E0
3.062672543E2,4.350000381E0,4.318950176E0,-3.840000033E-1
3.062696979E2,8.395950317E0,5.266950130E0,-5.277000427E0
3.062721416E2,4.539000034E0,4.767000198E0,-6.312000275E0
3.062745851E2,1.918950081E0,6.948000431E0,-3.802950144E0
3.062770288E2,2.508000135E0,6.064950466E0,-5.215050220E0
3.062794724E2,5.266950130E0,6.088950157E0,-4.188000202E0
3.062819161E2,8.281050682E0,8.629050255E0,-5.076000214E0
3.062843595E2,6.223950386E0,8.539950371E0,-6.952950478E0
3.062868032E2,-8.329500556E-1,1.014495087E1,-1.533000112E0
3.062892469E2,-1.770000011E-1,9.637050629E0,2.556000233E0
3.062916903E2,3.190950155E0,6.345000267E0,-1.375050068E0
3.062941340E2,2.503950119E0,6.891000271E0,6.930000186E-1
3.062965776E2,6.385050297E0,9.361950874E0,2.116950035E0
3.062990213E2,3.969000101E0,8.659950256E0,-3.733050108E0
3.063014648E2,2.499000072E0,9.460050583E0,1.332000017E0
3.063039085E2,4.390050411E0,1.350795078E1,-3.733050108E0
3.063063521E2,4.105050087E0,1.161195087E1,-3.171000242E0
3.063087956E2,7.495950222E0,1.566795063E1,-2.328000069E0
3.063112392E2,6.459000111E0,1.628595161E1,-7.609950542E0
3.063136829E2,1.243950009E0,1.178700066E1,6.599999964E-2
3.063161263E2,1.951050043E0,1.524000072E1,2.152950048E0
3.063185700E2,3.435000181E0,1.315695095E1,-2.007000208E0
3.063210136E2,1.363950014E0,8.776950836E0,-3.280500174E-1
3.063234573E2,2.212050200E0,1.245495033E1,5.850000381E-1
3.063259008E2,5.311950207E0,1.171800041E1,-5.127000332E0
3.063283444E2,2.785950184E0,1.036200047E1,-9.003000259E0
3.063307881E2,3.910950184E0,9.823950768E0,-7.270050526E0
3.063332318E2,3.643050194E0,8.076000214E0,-8.023950577E0
3.063356752E2,5.608950138E0,6.603000164E0,-6.666000366E0
3.063381188E2,6.327000141E0,8.998050690E0,-8.158050537E0
3.063405625E2,1.539000034E0,4.024950027E0,-7.887000561E0
3.063430060E2,1.965000153E0,3.855000257E0,5.560500026E-1
3.063454497E2,4.052999973E0,4.942050457E0,2.577000141E0
3.063478933E2,1.833000064E0,3.225000143E0,3.312000275E0
3.063503368E2,4.905000210E0,6.354000092E0,4.147950172E0
3.063527804E2,5.062950134E0,3.679950237E0,-5.970000029E-1
3.063552241E2,4.399950027E0,6.235050201E0,-2.124000072E0
3.063576677E2,3.267000198E0,8.983050346E0,-3.481950283E0
3.063601112E2,2.029950142E0,7.717050552E0,-4.183050156E0
3.063625549E2,4.438050270E0,1.089195061E1,-1.348050117E0
3.063649985E2,6.664950371E0,1.222800064E1,-5.083950043E0
3.063674422E2,3.808050156E0,1.170795059E1,-3.118050098E0
3.063698857E2,1.474050045E0,1.149495029E1,2.326050043E0
3.063723293E2,2.604000092E0,1.210305023E1,9.660000205E-1
3.063747730E2,4.183950424E0,1.226100063E1,-3.355050087E0
3.063772164E2,1.026600075E1,1.326195049E1,-5.208000183E0
3.063796601E2,7.144050121E0,1.137495041E1,-1.043700027E1
3.063821037E2,1.596000075E0,1.376205063E1,-3.841050148E0
3.063845472E2,2.941950083E0,1.665000153E1,-3.727950096E0
3.063869909E2,1.990950108E0,1.256505013E1,-3.181950092E0
3.063894345E2,3.322050095E0,1.313505077E1,-1.225950003E0
3.063918780E2,7.978950500E0,1.457205105E1,-9.096000671E0
3.063943217E2,4.555950165E0,1.028295040E1,-8.929050446E0
3.063967654E2,2.226000071E0,1.020000076E1,-2.265000105E0
3.063992090E2,3.859050274E0,9.826050758E0,-2.337000132E0
3.064016525E2,2.452950001E0,6.345000267E0,-2.842050076E0
3.064040962E2,3.592950106E0,5.040000439E0,-2.067000151E0
3.064065398E2,4.429050446E0,5.425050259E0,-4.144950390E0
3.064089835E2,1.939050078E0,1.168050051E0,-4.590000153E0
3.064114269E2,3.400950193E0,3.382950068E0,1.480950117E0
3.064138705E2,5.530050278E0,3.019050121E0,-9.169500470E-1
3.064163142E2,6.694050312E0,3.703950167E0,-1.246050000E0
3.064187577E2,1.012905025E1,7.741050243E0,-2.349000216E0
3.064212014E2,1.873950124E0,4.594950199E0,-6.766950130E0
3.064236450E2,-9.070500135E-1,8.683950424E0,-3.522000074E0
3.064260887E2,2.772000074E0,5.488050461E0,-4.971000195E0
3.064285322E2,1.291950107E0,3.199050188E0,-5.340000153E0
3.064309759E2,3.145050049E0,4.504050255E0,1.521000028E0
3.064334195E2,6.934950352E0,2.598000050E0,-2.419050217E0
3.064358629E2,4.761000156E0,3.538950205E0,-1.108950019E0
3.064383066E2,2.890950203E0,6.144000053E0,1.272000074E0
3.064407502E2,2.619000196E0,4.987050056E0,-9.769500494E-1
3.064431939E2,4.675050259E0,7.015050411E0,-3.658950090E0
3.064456374E2,6.921000481E0,9.225000381E0,-6.970050335E0
3.064480810E2,1.057050109E0,7.401000500E0,-7.959000587E0
3.064505247E2,-1.230000019E0,8.943000793E0,-2.208000183E0
3.064529682E2,2.817000151E0,7.791000366E0,-2.902050257E0
3.064554119E2,2.503950119E0,4.261950016E0,-5.038050175E0
3.064578555E2,6.049950123E0,6.265950203E0,-4.650000334E-1
3.064602992E2,8.695050240E0,6.117000103E0,-3.570000172E0
3.064627426E2,3.339000225E0,7.080000401E0,-1.969500035E-1
3.064651863E2,3.081000090E0,1.098705006E1,3.030000210E0
3.064676299E2,3.006000042E0,8.068950653E0,-2.007000208E0
3.064700734E2,5.046000004E0,1.075995064E1,-2.779950142E0
3.064725171E2,8.212050438E0,1.242405033E1,-8.464050293E0
3.064749607E2,4.005000114E0,9.541050911E0,-7.272000313E0
3.064774044E2,1.359000087E0,1.056795025E1,-5.230050087E0
3.064798478E2,2.779050112E0,1.175100040E1,-6.370500326E-1
3.064822915E2,4.066950321E0,1.018500042E1,-3.670950174E0
3.064847352E2,3.775050163E0,9.967050552E0,-7.639500499E-1
3.064871786E2,7.963050365E0,1.166205025E1,-4.396049976E0
3.064896223E2,3.322050095E0,9.931050301E0,-8.565000534E0
3.064920659E2,1.881000042E0,1.228500080E1,-3.312000275E0
3.064945096E2,2.026950121E0,1.036995029E1,-4.138050079E0
3.064969531E2,2.227950096E0,9.304050446E0,-8.740500212E-1
3.064993967E2,7.323000431E0,1.205295086E1,-3.324000120E0
3.065018404E2,4.642050266E0,8.920950890E0,-5.673000336E0
3.065042838E2,1.218000054E0,8.574000359E0,-2.539499998E-1
3.065067275E2,2.880000114E0,9.120000839E0,-8.580000401E-1
3.065091711E2,1.953000069E0,5.622000217E0,-1.237950087E0
3.065116146E2,3.708000183E0,5.965950489E0,3.340500295E-1
3.065140583E2,5.197050095E0,7.525050163E0,7.304999977E-2
3.065165020E2,1.969950080E0,5.269950390E0,1.590000093E-1
3.065189454E2,2.230950117E0,8.470950127E0,5.279999971E-1
3.065213891E2,2.977950096E0,6.283050060E0,-1.413000107E0
3.065238328E2,4.282950401E0,7.264050484E0,-3.985050201E0
3.065262764E2,7.860000610E0,9.544050217E0,-5.743950367E0
3.065287198E2,4.657950401E0,8.542950630E0,-8.006999969E0
3.065311635E2,1.060050011E0,8.803950310E0,-3.858000278E0
3.065336071E2,3.598050117E0,8.569050789E0,-3.685050249E0
3.065360508E2,3.907050133E0,5.052000046E0,-7.332000256E0
3.065384943E2,4.966950417E0,5.883000374E0,-6.082050323E0
3.065409379E2,8.140049934E0,5.605050087E0,-9.340950012E0
3.065433816E2,5.122950077E0,5.020950317E0,-1.044900036E1
3.065458251E2,2.982000113E0,8.104949951E0,-4.495050430E0
3.065482688E2,4.126950264E0,5.290950298E0,-4.207050323E0
3.065507124E2,5.130000114E0,6.922050476E0,-3.690000057E0
3.065531561E2,7.423950195E0,9.523950577E0,-1.246050000E0
3.065555995E2,5.034000397E0,6.187050343E0,-1.095000029E0
3.065580432E2,-2.629500031E-1,8.341950417E0,-2.230050087E0
3.065604869E2,8.056050301E0,4.741050243E0,-5.725050449E0
3.065629303E2,9.576000214E0,1.470000029E0,-1.355700111E1
3.065653740E2,7.552950382E0,1.575000048E0,-1.314495087E1
3.065678176E2,1.074000072E1,3.973950148E0,-9.715950012E0
3.065702611E2,5.716950417E0,3.619950056E0,-6.216000080E0
3.065727048E2,4.146000385E0,8.308050156E0,-3.894000292E0
3.065751485E2,5.073000431E0,5.952000141E0,-4.068000317E0
3.065775921E2,5.403000355E0,7.707000256E0,-4.504050255E0
3.065800356E2,7.273050308E0,1.026900005E1,-2.827950239E0
3.065824792E2,3.753000259E0,9.766050339E0,4.945050240E0
3.065849228E2,5.879999995E-1,1.056600094E1,5.359050274E0
3.065873665E2,1.110000014E0,1.163100052E1,-9.460500479E-1
3.065898100E2,1.675050020E0,1.164300060E1,-2.470950127E0
3.065922536E2,7.170000076E-1,9.816000938E0,-2.205000073E-2
3.065946973E2,3.460500240E-1,1.091505051E1,5.779500008E-1
3.065971408E2,2.233050108E0,1.327605057E1,1.915950060E0
3.065995844E2,2.094000101E0,1.259595013E1,-1.993050098E0
3.066020281E2,3.315000057E0,1.240905094E1,-4.980000257E-1
3.066044715E2,2.524950027E0,1.096095085E1,-2.143050194E0
3.066069152E2,1.717950106E0,1.428405094E1,-3.379500210E-1
3.066093588E2,2.559000015E0,1.364700031E1,1.878000140E0
3.066118023E2,1.182000041E0,8.842050552E0,4.099500179E-1
3.066142460E2,3.483000278E0,1.126305008E1,1.654950023E0
3.066166897E2,3.286950111E0,8.289000511E0,1.845000029E0
3.066191333E2,1.354050040E0,3.943050146E0,2.838000059E0
3.066215767E2,2.781000137E0,6.037950516E0,5.512950420E0
3.066240204E2,1.108695030E1,5.349000454E0,3.421950102E0
3.066264641E2,7.735050201E0,3.052950144E0,-1.378905106E1
3.066289077E2,5.359950066E0,7.683000565E0,-1.745205116E1
3.066313512E2,3.330000162E0,5.254950047E0,-2.131005096E1
3.066337948E2,5.865000248E0,9.117000580E0,-1.540800095E1
3.066362385E2,3.307950258E0,7.798050404E0,-7.035000324E0
3.066386820E2,-4.999500215E-1,5.476050377E0,1.428000093E0
3.066411257E2,3.528000116E0,9.855000496E0,6.396000385E0
3.066435693E2,1.405050039E0,6.502950191E0,2.107950211E0
3.066460127E2,2.166000128E0,4.702050209E0,3.901050091E0
3.066484564E2,1.059900093E1,6.145950317E0,3.436950207E0
3.066509001E2,8.716950417E0,2.083050013E0,-8.596050262E0
3.066533437E2,5.431950092E0,7.009950161E0,-1.058295059E1
3.066557872E2,3.856050253E0,5.995050430E0,-1.236495018E1
3.066582309E2,3.724950075E0,5.775000095E0,-8.164950371E0
3.066606745E2,9.463950157E0,8.137949944E0,-4.084949970E0
3.066631182E2,6.772950172E0,6.397050381E0,-3.795000076E0
3.066655617E2,-2.110500038E-1,7.582950592E0,8.460000157E-1
3.066680053E2,3.187950134E0,8.842050552E0,2.793000221E0
3.066704490E2,2.901000023E0,6.685050488E0,-1.234050035E0
3.066728924E2,1.630050063E0,6.148050308E0,1.143000007E0
3.066753361E2,5.239950180E0,6.888000488E0,-2.851950169E0
3.066777797E2,3.129000187E0,6.141000271E0,-6.714000225E0
3.066802234E2,1.090950012E0,8.914050102E0,-2.491050005E0
3.066826669E2,8.830500245E-1,9.156000137E0,-3.810000181E0
3.066851105E2,1.464000106E0,7.951050282E0,3.430500031E-1
3.066875542E2,4.216050148E0,1.105395031E1,-1.873050094E0
3.066899977E2,4.503000259E0,1.050405025E1,-5.244000435E0
3.066924414E2,3.097050190E0,8.370000839E0,-2.518950224E0
3.066948850E2,4.443000317E0,9.394950867E0,-5.329950333E0
3.066973284E2,5.098950386E0,7.863000393E0,-6.034050465E0
3.066997721E2,3.061050177E0,6.769050121E0,-6.187050343E0
3.067022158E2,5.986950397E0,7.326000214E0,-5.944950104E0
3.067046594E2,5.086950302E0,5.539950371E0,-7.282050133E0
3.067071029E2,2.443950176E0,6.397050381E0,-3.120000124E0
3.067095466E2,3.354000092E0,6.559950352E0,-2.388000011E0
3.067119902E2,3.655050278E0,3.852000237E0,-3.805050135E0
3.067144339E2,8.377050400E0,7.213950157E0,-3.843000174E0
3.067168774E2,5.496000290E0,6.808950424E0,-7.839000225E0
3.067193210E2,3.300000131E-1,6.862050533E0,-1.054050088E0
3.067217647E2,2.494050026E0,8.940000534E0,9.060000181E-1
3.067242081E2,1.563000083E0,5.871000290E0,-2.205000073E-2
3.067266518E2,2.086950064E0,5.422950268E0,4.177050114E0
3.067290954E2,5.620950222E0,7.318950176E0,6.379500031E-1
3.067315389E2,4.797000408E0,5.782050133E0,-4.019999981E0
3.067339826E2,1.930950046E0,7.590000153E0,3.550500274E-1
3.067364262E2,1.909950137E0,9.316050529E0,-1.204950094E0
3.067388697E2,2.812050104E0,8.095050812E0,-2.196000099E0
3.067413134E2,6.670050144E0,1.165095043E1,-3.040950060E0
3.067437571E2,6.615000248E0,1.134195042E1,-9.835950851E0
3.067462007E2,1.342050076E0,1.004595089E1,-4.162050247E0
3.067486441E2,1.297050118E0,1.021605015E1,-2.922000170E0
3.067510878E2,2.527950048E0,9.007050514E0,-4.249950409E0
3.067535314E2,3.022950172E0,6.615000248E0,-1.666950107E0
3.067559751E2,6.490050316E0,7.321950436E0,-5.605950356E0
3.067584186E2,5.917950153E0,6.225000381E0,-7.401000500E0
3.067608622E2,2.827050209E0,7.027050495E0,-4.618950367E0
3.067633059E2,3.124050140E0,6.025950432E0,-4.210050106E0
3.067657496E2,3.403950214E0,4.567950249E0,-3.064950228E0
3.067681930E2,6.694050312E0,7.183050156E0,-3.289950132E0
3.067706367E2,5.935050488E0,6.121950150E0,-5.244000435E0
3.067730804E2,2.430000156E-1,5.157000065E0,-1.624050021E0
3.067755238E2,1.840050101E0,6.808950424E0,3.013050079E0
3.067779675E2,3.217050076E0,3.631950140E0,-2.016000032E0
3.067804111E2,1.279950023E0,1.816950083E0,1.660500020E-1
3.067828546E2,6.040050507E0,6.096000195E0,9.799500704E-1
3.067852983E2,3.753000259E0,3.334950209E0,-2.782950163E0
3.067877419E2,9.589500427E-1,6.037950516E0,2.958000183E0
3.067901854E2,1.363950014E0,8.032950401E0,2.122050047E0
3.067926290E2,1.468950033E0,6.970050335E0,-9.060000181E-1
3.067950727E2,3.583050251E0,1.116705036E1,-3.600000218E-2
3.067975164E2,6.175950527E0,1.100205040E1,-6.673050404E0
3.067999598E2,2.455950022E0,9.642000198E0,-4.966050148E0
3.068024035E2,3.295950174E0,1.195005035E1,-3.757050276E0
3.068048471E2,3.619050264E0,1.324695110E1,-3.580050230E0
3.068072908E2,3.118950129E0,1.104495049E1,-7.090500593E-1
3.068097343E2,4.759050369E0,1.291005039E1,-4.890000224E-1
3.068121779E2,4.009950161E0,1.357605076E1,-2.395050049E0
3.068146216E2,2.680950165E0,1.245300102E1,-9.010500312E-1
3.068170650E2,4.045950413E0,1.486395073E1,-3.915000200E0
3.068195087E2,4.033950329E0,1.290000057E1,-2.797050238E0
3.068219524E2,4.078950405E0,1.633395004E1,-1.558950067E0
3.068243958E2,7.165050507E0,1.636005020E1,-9.460050583E0
3.068268395E2,2.628000021E0,1.419105053E1,-7.006050110E0
3.068292832E2,1.705950022E0,1.518900108E1,-3.451050282E0
3.068317268E2,2.941950083E0,1.242105103E1,-4.047000408E0
3.068341703E2,2.161050081E0,8.373000145E0,-4.630950451E0
3.068366140E2,5.836050510E0,9.357000351E0,-3.613050222E0
3.068390576E2,6.097050190E0,8.230950356E0,-6.514950275E0
3.068415010E2,2.536950111E0,6.354000092E0,-4.806000233E0
3.068439447E2,3.070950031E0,5.701050282E0,-1.462950110E0
3.068463884E2,2.062950134E0,2.286000013E0,-2.203050137E0
3.068488321E2,5.938950062E0,4.884000301E0,-1.417950034E0
3.068512755E2,7.084050179E0,7.606950283E0,1.690500081E-1
3.068537191E2,9.019500613E-1,2.923050165E0,-1.219050050E0
3.068561628E2,2.487000227E0,6.532050133E0,1.129050016E0
3.068586063E2,3.190950155E0,6.804000378E0,-2.955000162E0
3.068610500E2,2.109000206E0,3.405000210E0,-6.336000443E0
3.068634936E2,5.173050404E0,7.621050358E0,-2.902050257E0
3.068659371E2,6.234000206E0,3.145950079E0,-6.748050213E0
3.068683807E2,2.353049994E0,7.063050270E0,-3.204000235E0
3.068708244E2,1.582050085E0,7.774050236E0,1.276950002E0
3.068732680E2,1.930950046E0,6.060000420E0,-4.395000264E-2
3.068757115E2,5.443950176E0,8.041950226E0,-3.580050230E0
3.068781552E2,8.632950783E0,8.974050522E0,-6.211050510E0
3.068805988E2,2.395950079E0,6.772950172E0,-6.630000114E0
3.068830423E2,9.949500561E-1,9.024000168E0,-2.170050144E0
3.068854860E2,2.446050167E0,8.301000595E0,-5.761050224E0
3.068879296E2,1.407000065E0,7.831950188E0,-4.047000408E0
3.068903733E2,5.755050182E0,9.544050217E0,-3.520050049E0
3.068928170E2,6.124050140E0,7.777050495E0,-6.853050232E0
3.068952604E2,2.899050236E0,9.187050819E0,-4.032000065E0
3.068977040E2,2.401050091E0,9.799950600E0,-2.677050114E0
3.069001477E2,2.760000229E0,6.421050072E0,-2.397000074E0
3.069025912E2,7.228050232E0,8.722050667E0,-3.505950212E0
3.069050348E2,9.142950058E0,6.820950508E0,-1.022595024E1
3.069074785E2,2.650050163E0,6.325950146E0,-8.220000267E0
3.069099220E2,1.885950089E0,6.703950405E0,8.749500513E-1
3.069123657E2,5.488950253E0,5.008950233E0,4.510500133E-1
3.069148093E2,3.363000154E0,4.750050068E0,3.705000132E-2
3.069172527E2,5.527950287E0,8.622000694E0,1.420950055E0
3.069196964E2,5.932050228E0,6.639000416E0,-5.641050339E0
3.069221400E2,1.042950034E0,8.052000046E0,-2.277000189E0
3.069245835E2,5.895000324E-2,9.591000557E0,-3.499500155E-1
3.069270272E2,2.749500275E-1,7.765050411E0,-8.119500279E-1
3.069294709E2,2.367000103E0,9.919050217E0,8.700000495E-2
3.069319145E2,6.331950188E0,9.931050301E0,-5.526000500E0
3.069343582E2,2.530050039E0,9.352050781E0,-5.196000099E0
3.069368017E2,4.680000246E-1,9.769050598E0,-1.695000008E-2
3.069392453E2,1.929000139E0,8.977950096E0,2.599500120E-1
3.069416890E2,2.178000212E0,8.539950371E0,-1.023000002E0
3.069441324E2,1.309050083E0,8.607000351E0,-1.939500123E-1
3.069465761E2,1.837950110E0,9.567000389E0,2.212949991E0
3.069490197E2,1.587000132E0,8.344050407E0,-2.539499998E-1
3.069514634E2,1.323000073E0,8.248050690E0,-8.959500194E-1
3.069539069E2,2.338050127E0,7.891050339E0,-1.465950012E0
3.069563505E2,3.022950172E0,8.518950462E0,-1.296000004E0
3.069587942E2,8.604000092E0,9.985950470E0,-1.288950086E0
3.069612377E2,3.235950232E0,7.279050350E0,-4.296000004E0
3.069636814E2,3.955050230E0,8.077950478E0,-3.070050240E0
3.069661250E2,4.953000069E0,8.502000809E0,-5.923950195E0
3.069685684E2,4.183950424E0,5.298000336E0,-5.529000282E0
3.069710121E2,6.454050541E0,7.513050556E0,-5.425950050E0
3.069734557E2,7.857000351E0,6.333000183E0,-6.499050140E0
3.069758992E2,4.447950363E0,8.101950645E0,-4.341000080E0
3.069783429E2,4.390050411E0,1.003200054E1,-1.528050065E0
3.069807866E2,4.896000385E0,8.302950859E0,-2.692050219E0
3.069832302E2,9.069000244E0,1.041300011E1,-6.240000248E0
3.069856737E2,9.969000816E0,1.004595089E1,-1.258200073E1
3.069881173E2,3.744000196E0,9.168000221E0,-1.381305027E1
3.069905610E2,3.595050097E0,9.976950645E0,-9.297000885E0
3.069930047E2,5.401050091E0,8.302950859E0,-8.433000565E0
3.069954481E2,4.942950249E0,7.585050583E0,-5.155050278E0
3.069978917E2,7.504950523E0,8.248050690E0,-2.530950069E0
3.070003354E2,5.875050068E0,7.009950161E0,-2.823000193E0
3.070027789E2,2.359950066E0,8.938050270E0,-6.900000572E-1
3.070052226E2,4.587000370E0,8.650050163E0,-5.299500227E-1
3.070076662E2,5.206950188E0,6.132000446E0,-5.863950253E0
3.070101097E2,6.703050137E0,9.465000153E0,-6.204000473E0
3.070125534E2,9.652950287E0,8.607000351E0,-6.337950230E0
3.070149971E2,9.450000525E-1,8.703000069E0,-8.353950500E0
3.070174404E2,-6.150000095E-1,1.077705097E1,3.078000069E0
3.070198841E2,2.020050049E0,7.525050163E0,3.355050087E0
3.070223278E2,3.097050190E0,7.458000183E0,8.505000174E-2
3.070247714E2,3.052050114E0,9.655950546E0,-5.820000172E-1
3.070272149E2,2.323950052E0,8.083050728E0,3.583050251E0
3.070296586E2,9.690000415E-1,7.528050423E0,7.339500189E-1
3.070321022E2,1.302000046E0,1.038600063E1,-2.767950058E0
3.070345459E2,3.076050043E0,1.018500042E1,-1.060950041E0
3.070369894E2,4.896000385E0,9.505050659E0,-4.870500267E-1
3.070394330E2,7.251000404E0,1.033095074E1,-7.495050430E0
3.070418767E2,2.973000050E0,9.301950455E0,-7.855950356E0
3.070443201E2,1.231950045E0,1.102800083E1,-5.842950344E0
3.070467638E2,2.884050131E0,1.075995064E1,-5.503050327E0
3.070492074E2,1.500000119E0,6.666000366E0,-4.705049992E0
3.070516511E2,4.089000225E0,5.302950382E0,-2.979000092E0
3.070540946E2,3.817950249E0,7.228050232E0,-5.119050026E0
3.070565383E2,2.176050186E0,5.671950340E0,-2.526000023E0
3.070589819E2,2.299950123E0,5.602950096E0,-7.905000448E-2
3.070614254E2,3.318000078E0,3.991050243E0,-7.690500617E-1
3.070638690E2,9.121050835E0,6.121950150E0,-9.490500689E-1
3.070663127E2,8.793000221E0,6.939000130E0,-6.688050270E0
3.070687561E2,2.347950220E0,5.506950378E0,-4.594950199E0
3.070711998E2,1.393050075E0,7.920000553E0,-7.039500475E-1
3.070736434E2,2.178000212E0,8.143050194E0,-5.560500026E-1
3.070760871E2,1.552950025E0,4.450950146E0,-1.801050067E0
3.070785306E2,5.008050442E0,7.048950195E0,1.951950073E0
3.070809743E2,7.491000175E0,4.048950195E0,-3.879000187E0
3.070834179E2,4.333050251E0,6.864000320E0,-2.746950150E0
3.070858616E2,4.273050308E0,8.812950134E0,-1.375050068E0
3.070883051E2,3.703050137E0,6.934050560E0,-3.043950081E0
3.070907487E2,6.588000298E0,1.042695045E1,-2.598000050E0
3.070931924E2,8.414999962E0,8.926050186E0,-8.646000862E0
3.070956358E2,1.812000036E0,1.017300034E1,-5.086050034E0
3.070980795E2,7.650000453E-1,1.089600086E1,-4.939500093E-1
3.071005231E2,3.580950260E0,8.381999969E0,-1.039950013E0
3.071029668E2,3.319950104E0,8.992950439E0,-1.450950027E0
3.071054103E2,6.556950092E0,8.217000008E0,-1.648050070E0
3.071078539E2,6.837000370E0,7.602000237E0,-8.590950012E0
3.071102974E2,1.351950049E0,1.006095028E1,-4.729050159E0
3.071127411E2,1.837950110E0,1.060200024E1,-2.203050137E0
3.071151847E2,1.395000100E0,8.293950081E0,-2.542950153E0
3.071176284E2,4.456950188E0,1.109505081E1,1.216950059E0
3.071200718E2,7.474050522E0,1.163100052E1,-4.462950230E0
3.071225155E2,3.151950121E0,9.223050117E0,-2.248950005E0
3.071249591E2,2.920050144E0,1.007505035E1,-8.719500303E-1
3.071274028E2,4.144050121E0,9.226950645E0,-3.384000063E0
3.071298463E2,2.650050163E0,7.312050343E0,-3.538950205E0
3.071322899E2,6.250950336E0,7.786050320E0,-4.461000443E0
3.071347336E2,5.776950359E0,8.458950043E0,-5.749050140E0
3.071371770E2,2.358000040E0,8.593050003E0,-3.580050230E0
3.071396207E2,3.469050169E0,8.281949997E0,-7.399500608E-1
3.071420644E2,4.279950142E0,6.453000069E0,-5.503050327E0
3.071445078E2,7.942950249E0,8.902050018E0,-4.315050125E0
3.071469515E2,8.209050179E0,8.847000122E0,-1.095000076E1
3.071493951E2,1.930950046E0,7.618950367E0,-9.190050125E0
3.071518388E2,9.040500522E-1,7.338000298E0,-2.011950016E0
3.071542823E2,1.728000045E0,6.457050323E0,-3.148950100E0
3.071567260E2,2.449050188E0,4.209000111E0,-1.878000140E0
3.071591696E2,5.046000004E0,5.799000263E0,-7.570500374E-1
3.071616131E2,5.596950054E0,3.876000166E0,-2.649000168E0
3.071640567E2,1.852050066E0,6.073950291E0,-2.431050062E0
3.071665004E2,3.040050030E0,7.093950272E0,-5.580000281E-1
3.071689440E2,4.258950233E0,3.697050095E0,-3.943950176E0
3.071713875E2,7.951050282E0,8.374950409E0,-3.094050169E0
3.071738312E2,8.202000618E0,6.565050125E0,-5.790000439E0
3.071762748E2,4.800000191E-1,7.510950565E0,-6.487050533E0
3.071787185E2,1.090950012E0,8.428050041E0,5.520000458E-1
3.071811620E2,4.426050186E0,5.527950287E0,-2.004000187E0
3.071836056E2,3.480000257E0,6.670050144E0,-5.149500370E-1
3.071860493E2,5.821950436E0,6.819000244E0,-1.054050088E0
3.071884928E2,4.969950199E0,7.063050270E0,-5.859000206E0
3.071909364E2,9.430500269E-1,9.381000519E0,-2.869050026E0
3.071933801E2,5.400000215E-1,1.079805088E1,-9.870000482E-1
3.071958235E2,1.519950032E0,8.964000702E0,-8.070000410E-1
3.071982672E2,2.578050137E0,1.082700062E1,-3.739500046E-1
3.072007109E2,5.482050419E0,1.169100094E1,-6.397950172E0
3.072031545E2,2.346000195E0,9.996000290E0,-3.709050179E0
3.072055980E2,2.620950222E0,1.017795086E1,-3.136950254E0
3.072080417E2,3.307950258E0,9.831000328E0,-4.261950016E0
3.072104851E2,3.009000063E0,7.015050411E0,-2.646000147E0
3.072129288E2,5.391000271E0,9.073950768E0,-3.148950100E0
3.072153724E2,5.221050262E0,8.014050484E0,-4.315050125E0
3.072178161E2,2.247000217E0,8.065950394E0,-1.047000051E0
3.072202595E2,3.205050230E0,6.541050434E0,-4.980000257E-1
3.072227032E2,3.868050098E0,5.974050522E0,-2.943000078E0
3.072251469E2,6.331950188E0,8.296050072E0,-3.645000219E0
3.072275905E2,7.077000141E0,8.682000160E0,-5.316000462E0
3.072300340E2,1.141050100E0,9.763950348E0,-3.412050247E0
3.072324776E2,1.464000106E0,9.673050880E0,2.122050047E0
3.072349213E2,1.704000115E0,1.026705074E1,1.876050115E0
3.072373648E2,2.119500041E-1,6.097950459E0,-3.087000132E0
3.072398085E2,1.564950109E0,8.808000565E0,3.103950262E0
3.072422521E2,3.792000294E0,8.932950020E0,-2.665050030E0
3.072446958E2,3.238950253E0,6.972000122E0,-2.847000122E0
3.072471392E2,5.355000019E0,9.376049995E0,-5.218050480E0
3.072495828E2,4.017000198E0,8.551950455E0,-6.312000275E0
3.072520266E2,6.697950363E0,1.093200016E1,-3.015000105E0
3.072544700E2,7.435950279E0,1.155495071E1,-6.297000408E0
3.072569137E2,2.074949980E0,1.030500031E1,-3.733050108E0
3.072593573E2,1.441050053E0,1.031400013E1,7.099500299E-1
3.072618008E2,3.424950123E0,8.574000359E0,-2.743950129E0
3.072642445E2,3.081000090E0,6.096000195E0,-6.100950241E0
3.072666881E2,6.481050491E0,7.744950294E0,-4.285950184E0
3.072691318E2,6.279000282E0,7.492050171E0,-8.614950180E0
3.072715752E2,2.118000031E0,7.807950497E0,-3.819000244E0
3.072740189E2,2.607000113E0,9.001950264E0,5.370000005E-1
3.072764626E2,2.427000046E0,6.022050381E0,-2.042999983E0
3.072789063E2,7.354050159E0,8.703000069E0,-9.529500604E-1
3.072813497E2,7.668000221E0,7.381050587E0,-7.972950459E0
3.072837933E2,2.556000233E0,5.860950470E0,-7.108950138E0
3.072862370E2,8.539500237E-1,7.125000477E0,-3.196950197E0
3.072886805E2,4.122000217E0,5.017950058E0,-2.517000198E0
3.072911241E2,2.857950211E0,5.169000149E0,-2.778000116E0
3.072935678E2,6.058950424E0,6.745050430E0,4.609500170E-1
3.072960115E2,5.070000172E0,6.211050510E0,-3.963000298E0
3.072984550E2,2.050500065E-1,7.501050472E0,-2.512050152E0
3.073008986E2,7.030500174E-1,8.863950729E0,-2.076000214E0
3.073033423E2,1.261050105E0,5.775000095E0,-4.246050358E0
3.073057857E2,5.532000065E0,7.923000336E0,-4.150050163E0
3.073082294E2,7.776000500E0,6.433050156E0,-9.762000084E0
3.073106730E2,5.520000458E-1,6.702000141E0,-6.514950275E0
3.073131165E2,1.026000023E0,7.030050278E0,2.700000070E-2
3.073155602E2,4.540950298E0,4.104000092E0,-2.344050169E0
3.073180038E2,2.757000208E0,4.048950195E0,-4.099050045E0
3.073204475E2,6.769950390E0,5.442000389E0,-2.380050182E0
3.073228910E2,6.679050446E0,4.233000278E0,-6.025050163E0
3.073253346E2,3.540000021E-1,5.962050438E0,-4.996950150E0
3.073277783E2,1.362000108E0,6.139050484E0,4.680000246E-1
3.073302218E2,2.997000217E0,5.113950253E0,-2.316000223E0
3.073326654E2,6.499950409E0,7.213950157E0,1.500000060E-2
3.073351091E2,7.857000351E0,7.780950546E0,-5.766000271E0
3.073375526E2,8.779500127E-1,8.464050293E0,-3.994050264E0
3.073399963E2,-4.759500325E-1,1.067400074E1,1.854000092E0
3.073424399E2,1.371000051E0,7.719000340E0,-1.234050035E0
3.073448836E2,9.450000525E-1,7.789050579E0,-1.108950019E0
3.073473270E2,4.359000206E0,9.742050171E0,-1.405950069E0
3.073497706E2,5.676000118E0,1.106400013E1,-4.353000164E0
3.073522143E2,3.295950174E0,1.020705032E1,-3.601050138E0
3.073546578E2,3.480000257E0,1.129605007E1,-2.011950016E0
3.073571015E2,3.559050083E0,1.144200039E1,-3.388050079E0
3.073595451E2,5.647050381E0,1.321200085E1,-2.028000116E0
3.073619888E2,7.441050529E0,1.609395027E1,-6.187050343E0
3.073644323E2,2.317050219E0,1.255800056E1,-4.545000076E0
3.073668760E2,5.929500461E-1,1.369800091E1,8.220000267E-1
3.073693196E2,2.547000170E0,1.296705055E1,-1.104000092E0
3.073717630E2,1.872000098E0,9.613050461E0,-2.248950005E0
3.073742067E2,4.488000393E0,1.151400089E1,-3.783000231E0
3.073766503E2,5.700000286E0,1.159305096E1,-7.276950359E0
3.073790938E2,2.329050064E0,1.196895027E1,-5.256000042E0
3.073815375E2,2.592000008E0,1.122000027E1,-1.011000037E0
3.073839811E2,2.443950176E0,9.454950333E0,-1.186050057E0
3.073864248E2,4.816050053E0,1.091505051E1,-2.040000111E-1
3.073888682E2,7.756950378E0,1.282800102E1,-1.795950055E0
3.073913119E2,2.395950079E0,8.358000755E0,-4.087950230E0
3.073937555E2,2.143949986E0,8.416049957E0,-2.280000150E-1
3.073961992E2,3.199950218E0,8.904000282E0,-3.762000084E0
3.073986427E2,2.559000015E0,5.892000198E0,-4.674000263E0
3.074010863E2,4.921950340E0,8.599950790E0,-1.921050072E0
3.074035300E2,5.496000290E0,7.474950314E0,-5.200950146E0
3.074059735E2,2.161050081E0,8.421000481E0,-3.265950203E0
3.074084171E2,2.580000162E0,9.445050240E0,-3.600000143E-1
3.074108608E2,2.665950060E0,6.505050182E0,-2.707950115E0
3.074133042E2,4.972050190E0,8.350950241E0,-4.213950157E0
3.074157479E2,7.872000217E0,7.975050449E0,-8.280000687E0
3.074181915E2,2.986950159E0,6.763950348E0,-1.195305061E1
3.074206350E2,-3.795000166E-2,7.954050541E0,-5.088000298E0
3.074230787E2,2.404950142E0,6.259050369E0,-4.144950390E0
3.074255224E2,2.488950014E0,4.081950188E0,-4.945050240E0
3.074279660E2,5.548950195E0,7.432050228E0,2.196000099E0
3.074304095E2,7.170000553E0,2.578950167E0,-2.127000093E0
3.074328532E2,3.250950098E0,7.237950325E0,-2.383050203E0
3.074352968E2,2.386050224E0,5.623950481E0,-2.047950029E0
3.074377405E2,4.504950047E0,3.682050228E0,-4.621050358E0
3.074401839E2,6.892050266E0,6.736950397E0,-3.802950144E0
3.074426275E2,9.040050507E0,6.024000168E0,-4.416000366E0
3.074450712E2,7.390500307E-1,6.819000244E0,-7.381950378E0
3.074475149E2,7.605000585E-2,8.181000710E0,8.505000174E-2
3.074499583E2,5.748000145E0,6.369000435E0,-1.369950056E0
3.074524020E2,4.278000355E0,5.314950466E0,-4.285950184E0
3.074548455E2,6.751050472E0,6.463950157E0,-1.171050072E0
3.074572891E2,7.423950195E0,4.738050461E0,-7.501950264E0
3.074597328E2,2.749950171E0,7.681050301E0,-4.983000278E0
3.074621765E2,1.426050067E0,7.642050266E0,-2.446950197E0
3.074646199E2,2.275950193E0,5.811000347E0,-4.092000008E0
3.074670636E2,5.932050228E0,8.289000511E0,-4.565999985E0
3.074695072E2,7.804950237E0,8.380050659E0,-7.128000259E0
3.074719507E2,4.230000079E-1,8.787000656E0,-5.506950378E0
3.074743944E2,-8.689500690E-1,8.844000816E0,2.605950117E0
3.074768380E2,1.120050073E0,8.404050827E0,3.432000160E0
3.074792814E2,1.777950048E0,6.463950157E0,-1.492050052E0
3.074817251E2,1.455000043E0,7.530000210E0,1.399500072E-1
3.074841688E2,3.184050083E0,8.797050476E0,2.082000017E0
3.074866124E2,1.831050038E0,7.125000477E0,-2.179500163E-1
3.074890559E2,2.989950180E0,8.854050636E0,2.980500162E-1
3.074914996E2,3.612000227E0,8.725049973E0,-2.128950119E0
3.074939432E2,6.586050510E0,9.819000244E0,-3.738000154E0
3.074963869E2,1.020105076E1,1.133400059E1,-6.106050491E0
3.074988304E2,3.805950165E0,1.018800068E1,-6.658950329E0
3.075012740E2,9.229500294E-1,1.252200031E1,-1.753050089E0
3.075037177E2,2.191950083E0,1.178700066E1,-3.690000057E0
3.075061611E2,1.144050002E0,8.610000610E0,-3.148950100E0
3.075086048E2,2.880000114E0,8.818050385E0,6.599999964E-2
3.075110484E2,5.745000362E0,8.667000771E0,-5.269950390E0
3.075134921E2,3.904050112E0,7.200000286E0,-4.662000179E0
3.075159356E2,4.608000278E0,7.798050404E0,-3.721050262E0
3.075183792E2,4.486050129E0,5.173950195E0,-6.562950134E0
3.075208229E2,7.225050449E0,7.606950283E0,-4.636050224E0
3.075232664E2,8.707050323E0,9.586950302E0,-8.968950272E0
3.075257100E2,3.604950190E0,7.348050117E0,-7.546950340E0
3.075281536E2,1.783050060E0,8.092950821E0,-1.468050122E0
3.075305971E2,3.967050076E0,8.586000443E0,1.585950017E0
3.075330408E2,3.022950172E0,5.847000122E0,8.580000401E-1
3.075354844E2,5.559000492E0,6.543000221E0,3.798000097E0
3.075379281E2,7.879050255E0,5.646000385E0,-3.228000164E0
3.075403716E2,3.148050070E0,6.591000080E0,-4.084949970E0
3.075428152E2,4.078950405E0,1.093200016E1,-1.758000135E0
3.075452589E2,2.358000040E0,6.562950134E0,-2.578950167E0
3.075477023E2,3.262950182E0,1.058700085E1,2.140500098E-1
3.075501459E2,7.330050468E0,1.099200058E1,-7.201950550E0
3.075525896E2,2.401050091E0,1.014900017E1,-6.762000084E0
3.075550331E2,2.749500275E-1,1.138995075E1,-2.890050173E0
3.075574768E2,3.066000223E0,9.064949989E0,-2.887950182E0
3.075599204E2,3.034950256E0,9.802050591E0,-3.666000128E0
3.075623641E2,5.383950233E0,8.940000534E0,-1.710000038E0
3.075648076E2,6.399000168E0,1.015905094E1,-4.846950054E0
3.075672513E2,2.188050032E0,1.078605080E1,-3.514950275E0
3.075696949E2,2.263950109E0,1.163100052E1,-2.086050034E0
3.075721383E2,2.227950096E0,8.362950325E0,-4.212000370E0
3.075745820E2,2.809950113E0,1.092000008E1,5.350500345E-1
3.075770256E2,7.536000252E0,1.185405064E1,-4.971000195E0
3.075794693E2,4.041000366E0,9.412050247E0,-4.609050274E0
3.075819128E2,2.499000072E0,1.079295063E1,-1.957050085E0
3.075843565E2,4.278000355E0,8.713050842E0,-3.135000229E0
3.075868001E2,3.531000137E0,6.819000244E0,-4.954050064E0
3.075892436E2,5.302950382E0,8.370000839E0,-3.522000074E0
3.075916873E2,6.652950287E0,8.548050880E0,-6.529950142E0
3.075941309E2,2.518050194E0,8.277000427E0,-5.007000446E0
3.075965746E2,2.571000099E0,8.992950439E0,-1.426950097E0
3.075990180E2,3.061050177E0,5.908950329E0,-3.442950249E0
3.076014617E2,5.626050472E0,7.420050144E0,-2.292000055E0
3.076039053E2,9.124050140E0,8.028000832E0,-8.626950264E0
3.076063488E2,3.684000254E0,6.703950405E0,-8.766000748E0
3.076087924E2,1.800000072E0,7.762050152E0,-3.883950233E0
3.076112361E2,3.562050104E0,5.899050236E0,-1.954050064E0
3.076136798E2,4.093050003E0,5.586000443E0,-9.270000458E-1
3.076161233E2,6.331950188E0,7.269000530E0,2.095950127E0
3.076185669E2,7.213050365E0,6.771000385E0,-5.805000290E-2
3.076210106E2,1.678050041E0,6.835950375E0,-7.500000596E-1
3.076234540E2,1.560000062E0,9.553050041E0,2.011950016E0
3.076258977E2,1.279950023E0,6.538950443E0,-1.839000106E0
3.076283414E2,2.656950235E0,7.930050373E0,4.200000316E-2
3.076307848E2,7.594050407E0,9.643950462E0,-7.336950302E0
3.076332285E2,2.263950109E0,8.491950035E0,-6.634950161E0
3.076356722E2,1.279500127E-1,9.805050850E0,-3.070050240E0
3.076381156E2,1.636950135E0,8.406000137E0,-3.678000212E0
3.076405593E2,2.128050089E0,7.599000454E0,-3.633000135E0
3.076430029E2,4.444950104E0,6.907050133E0,-1.851000071E0
3.076454466E2,6.913950443E0,7.317000389E0,-5.754000187E0
3.076478901E2,3.451950073E0,6.736950397E0,-4.846950054E0
3.076503337E2,3.150000095E0,7.789050579E0,-1.698000073E0
3.076527774E2,3.076050043E0,5.446950436E0,-4.327050209E0
3.076552211E2,5.130000114E0,5.433000088E0,-3.727950096E0
3.076576645E2,8.773950577E0,6.961950302E0,-7.462950230E0
3.076601081E2,3.253050089E0,5.169000149E0,-6.529950142E0
3.076625518E2,8.800500631E-1,8.509050369E0,7.339500189E-1
3.076649953E2,2.230950117E0,5.811000347E0,1.930950046E0
3.076674389E2,2.812050104E0,5.020950317E0,1.263000011E0
3.076698826E2,5.122950077E0,7.042050362E0,1.291050076E0
3.076723260E2,7.270950317E0,7.231050491E0,-2.328000069E0
3.076747697E2,2.472000122E0,7.591950417E0,-3.493950129E0
3.076772133E2,8.280000687E-1,1.070700073E1,1.846950054E0
3.076796570E2,1.093050003E0,8.179050446E0,-1.554000020E0
3.076821005E2,2.014950037E0,1.028100014E1,-1.425000072E0
3.076845442E2,8.643000603E0,1.322595024E1,-6.043950081E0
3.076869878E2,4.759050369E0,1.031895065E1,-8.071949959E0
3.076894313E2,1.546050072E0,1.150005054E1,-3.132000208E0
3.076918749E2,2.346000195E0,1.150200081E1,-4.320000172E0
3.076943186E2,2.662050009E0,9.811950684E0,-2.716050148E0
3.076967620E2,3.006000042E0,1.002495003E1,-1.542000055E0
3.076992057E2,6.001950264E0,1.030995083E1,-4.875000000E0
3.077016494E2,2.707050085E0,1.093500042E1,-4.075950146E0
3.077040930E2,3.499950171E0,1.190895081E1,-1.175999999E0
3.077065365E2,3.646050215E0,9.067049980E0,-2.785050154E0
3.077089802E2,3.615000248E0,1.114800072E1,-2.839950085E0
3.077114238E2,6.945000172E0,1.250295067E1,-3.511050224E0
3.077138675E2,3.439950228E0,9.117000580E0,-5.344950199E0
3.077163109E2,1.512000084E0,9.535950661E0,-1.044000030E0
3.077187545E2,3.528000116E0,6.792000294E0,-4.107000351E0
3.077211982E2,3.484950066E0,5.497050285E0,-5.506950378E0
3.077236417E2,6.538050175E0,6.421050072E0,-3.760050297E0
3.077260853E2,8.355000496E0,6.378000259E0,-6.240000248E0
3.077285290E2,4.089000225E0,7.501050472E0,-7.483050346E0
3.077309725E2,2.419950008E0,8.545050621E0,-2.773050070E0
3.077334162E2,2.461050034E0,6.450000286E0,-3.843000174E0
3.077358599E2,3.418050051E0,6.148050308E0,-1.365000010E0
3.077383032E2,6.322050095E0,1.013295078E1,-1.999950051E0
3.077407469E2,2.781000137E0,4.960950375E0,-5.626950264E0
3.077431906E2,-1.695000008E-2,7.575000286E0,7.995000482E-2
3.077456342E2,5.065050125E0,3.711000204E0,-4.401000023E0
3.077480777E2,5.130000114E0,3.723000288E0,-6.831000328E0
3.077505214E2,4.912050247E0,5.440050125E0,-1.678950071E0
3.077529650E2,7.972050190E0,4.522950172E0,-2.962050200E0
3.077554087E2,3.619050264E0,5.494950294E0,-4.236000061E0
3.077578522E2,1.014000058E0,7.528050423E0,2.710950136E0
3.077602958E2,4.195950031E0,5.061000347E0,-1.765050054E0
3.077627395E2,6.001950264E0,5.478000164E0,-1.558950067E0
3.077651829E2,1.114695072E1,7.765050411E0,-5.989050388E0
3.077676266E2,3.331950188E0,6.277950287E0,-1.053105068E1
3.077700702E2,-1.374000072E0,9.832950592E0,8.629500270E-1
3.077725139E2,1.122000098E0,7.140000343E0,-2.419500053E-1
3.077749574E2,2.403000116E0,6.229950428E0,-1.801050067E0
3.077774010E2,5.077050209E0,7.887000561E0,-1.350000054E-1
3.077798447E2,6.526050091E0,7.044000149E0,-4.495050430E0
3.077822881E2,1.855050087E0,8.119050026E0,-4.939950466E0
3.077847318E2,7.200000286E-1,9.145950317E0,3.030000031E-1
3.077871755E2,8.130000234E-1,8.119050026E0,-2.470950127E0
3.077896189E2,1.326000094E0,8.449049950E0,-4.890000224E-1
3.077920626E2,7.114950180E0,1.065000057E1,-3.075000048E0
3.077945062E2,4.129050255E0,8.581050873E0,-5.668050289E0
3.077969499E2,1.498050094E0,9.754050255E0,1.033050060E0
3.077993934E2,2.889000177E0,9.730050087E0,-1.392000079E0
3.078018371E2,2.070000172E0,7.374000549E0,-2.292000055E0
3.078042805E2,3.094950199E0,7.969950199E0,-2.809500098E-1
3.078067242E2,5.880000114E0,8.686050415E0,-1.585050106E0
3.078091678E2,4.527000427E0,7.774050236E0,-3.907950163E0
3.078116115E2,3.526050091E0,8.690999985E0,-3.075000048E0
3.078140552E2,4.204050064E0,8.434950829E0,-4.746000290E0
3.078164986E2,2.856000185E0,8.602950096E0,-3.775950193E0
3.078189422E2,7.696950436E0,1.152105045E1,-2.361000061E0
3.078213859E2,4.282950401E0,8.566950798E0,-6.154050350E0
3.078238294E2,1.335000038E0,9.364050865E0,-3.450000286E-1
3.078262730E2,2.851050138E0,9.795000076E0,-1.485000014E0
3.078287167E2,2.131950140E0,6.723000526E0,-3.321000099E0
3.078311601E2,3.478050232E0,7.080000401E0,-1.920000017E-1
3.078336038E2,6.118950367E0,7.618950367E0,-2.140950203E0
3.078360474E2,3.475950241E0,7.003050327E0,-2.506950140E0
3.078384911E2,2.982000113E0,9.795000076E0,4.630500078E-1
3.078409346E2,3.664950132E0,8.550000191E0,-2.196000099E0
3.078433783E2,2.614050150E0,8.952000618E0,-2.874000072E0
3.078458219E2,7.795050144E0,1.141605091E1,-3.618000269E0
3.078482654E2,5.875050068E0,9.301950455E0,-1.072005081E1
3.078507091E2,1.351950049E0,1.068600082E1,-5.458950043E0
3.078531527E2,3.595050097E0,9.349950790E0,-4.624050140E0
3.078555962E2,3.904050112E0,6.922050476E0,-4.435050011E0
3.078580399E2,3.952050209E0,8.880000114E0,-2.131050110E0
3.078604836E2,7.002000332E0,8.578950882E0,-3.324000120E0
3.078629272E2,4.261050224E0,9.610950470E0,-5.313000202E0
3.078653706E2,2.278950214E0,9.069000244E0,-1.966050148E0
3.078678143E2,3.856050253E0,8.698050499E0,-3.136950254E0
3.078702579E2,2.494050026E0,7.542000294E0,-3.295050144E0
3.078727016E2,8.278950691E0,1.058295059E1,-1.794000030E0
3.078751451E2,4.996050358E0,8.173950195E0,-7.549950123E0
3.078775887E2,7.129500508E-1,8.904000282E0,-4.459500313E-1
3.078800324E2,2.950950146E0,8.863950729E0,7.480500340E-1
3.078824759E2,3.631050110E0,5.974050522E0,-2.461950064E0
3.078849195E2,4.206000328E0,8.266950607E0,-1.837050080E0
3.078873632E2,6.187950134E0,9.184050560E0,-3.999000072E0
3.078898066E2,2.875050068E0,9.172050476E0,-5.493000031E0
3.078922503E2,1.030950069E0,9.454950333E0,-1.783950090E0
3.078946939E2,2.463000059E0,8.418000221E0,-2.874000072E0
3.078971376E2,2.700000048E0,6.781050205E0,-4.705049992E0
3.078995811E2,7.017000198E0,8.113950729E0,-3.127050161E0
3.079020248E2,6.303000450E0,6.615000248E0,-9.769050598E0
3.079044684E2,1.480950117E0,7.173000336E0,-4.303050041E0
3.079069119E2,2.992050171E0,7.111050129E0,-1.618950129E0
3.079093556E2,3.172050238E0,4.398000240E0,-2.742000103E0
3.079117992E2,2.620950222E0,4.077000141E0,1.450500041E-1
3.079142426E2,5.796000481E0,6.096000195E0,8.920500278E-1
3.079166863E2,3.138000250E0,4.432050228E0,-9.100500345E-1
3.079191300E2,1.645950079E0,5.947050095E0,1.641000032E0
3.079215736E2,3.114000082E0,7.213950157E0,9.990000725E-1
3.079240171E2,1.951050043E0,4.731000423E0,-2.134050131E0
3.079264608E2,4.345050335E0,9.127050400E0,-1.680000126E-1
3.079289044E2,5.209050179E0,8.749050140E0,-5.863950253E0
3.079313481E2,9.469500184E-1,8.112000465E0,-2.596050024E0
3.079337916E2,8.520000577E-1,1.079595089E1,-4.939500093E-1
3.079362352E2,2.805000067E0,8.272050858E0,-2.610000134E0
3.079386789E2,1.522050023E0,7.606950283E0,-3.063000202E0
3.079411223E2,4.474050045E0,8.440050125E0,-2.622000217E0
3.079435660E2,5.559000492E0,9.414000511E0,-6.357000351E0
3.079460096E2,2.947050095E0,9.424050331E0,-4.786950111E0
3.079484531E2,3.816000223E0,1.003905010E1,-2.605050087E0
3.079508968E2,3.532950163E0,7.434000492E0,-4.638000011E0
3.079533404E2,3.864000082E0,1.067100048E1,1.039500013E-1
3.079557839E2,7.290000439E0,1.095600033E1,-3.613050222E0
3.079582276E2,3.175950050E0,8.173950195E0,-4.435050011E0
3.079606713E2,2.395950079E0,1.063305092E1,-5.149500370E-1
3.079631149E2,3.909000158E0,8.916000366E0,-2.232000113E0
3.079655584E2,2.776950121E0,7.192050457E0,-3.091950178E0
3.079680020E2,4.222949982E0,9.393000603E0,4.905000329E-2
3.079704457E2,5.901000500E0,9.016950607E0,-2.790000200E0
3.079728891E2,1.378050089E0,9.400050163E0,-2.602950096E0
3.079753328E2,3.187950134E0,1.139205074E1,-1.096950054E0
3.079777764E2,2.785950184E0,8.227050781E0,-6.297000408E0
3.079802201E2,5.160000324E-1,9.579000473E0,-8.890500665E-1
3.079826636E2,4.861950397E0,1.156005096E1,-7.549500465E-1
3.079851073E2,4.041000366E0,9.871950150E0,-4.722000122E0
3.079875509E2,2.413050175E0,1.099695015E1,1.009500027E-1
3.079899946E2,4.498050213E0,9.634950638E0,-1.878000140E0
3.079924380E2,4.390050411E0,8.739000320E0,-6.262050152E0
3.079948816E2,1.450050116E0,9.211050034E0,-7.140000463E-1
3.079973253E2,3.418050051E0,1.076700020E1,-1.162050009E0
3.079997688E2,3.496950150E0,9.462000847E0,-2.293950081E0
3.080022124E2,2.836050034E0,1.128900051E1,-7.930500507E-1
3.080046561E2,6.154950142E0,1.043700027E1,-3.802950144E0
3.080070996E2,2.749950171E0,7.834050179E0,-4.521000385E0
3.080095432E2,2.640000105E0,1.078905010E1,-2.639999986E-1
3.080119869E2,4.623000145E0,1.051095009E1,-4.288949966E0
3.080144303E2,1.948050141E0,9.642000198E0,-3.850050211E0
3.080168740E2,1.831050038E0,8.445000648E0,-5.200500488E-1
3.080193177E2,7.290000439E0,7.053000450E0,-5.629050255E0
3.080217611E2,4.195950031E0,6.366000175E0,-8.404050827E0
3.080242048E2,4.383000374E0,8.083050728E0,-4.401000023E0
3.080266485E2,5.118000031E0,7.300050259E0,-7.738950253E0
3.080290921E2,1.291950107E0,6.345000267E0,-3.537000179E0
3.080315358E2,3.469050169E0,7.876950264E0,5.100000277E-2
3.080339793E2,4.399950027E0,5.265000343E0,-2.670000076E0
3.080364229E2,3.033000231E0,3.490950108E0,-1.795950055E0
3.080388666E2,5.956050396E0,6.735000134E0,8.100000620E-1
3.080413100E2,7.159950256E0,4.309950352E0,-5.080950260E0
3.080437536E2,9.019500613E-1,5.248050213E0,-3.484050274E0
3.080461973E2,2.251950026E0,7.786050320E0,3.682950258E0
3.080486410E2,6.472950459E0,3.939000130E0,-4.276950359E0
3.080510845E2,3.184050083E0,5.047050476E0,-1.175999999E0
3.080535281E2,4.141050339E0,8.842050552E0,8.220000267E-1
3.080559718E2,3.904050112E0,5.998050213E0,-3.958050251E0
3.080584152E2,6.100500226E-1,8.308050156E0,-9.100500345E-1
3.080608589E2,7.890000343E-1,9.091050148E0,3.550500274E-1
3.080633025E2,2.757000208E0,6.739950180E0,-3.463050127E0
3.080657460E2,8.010000587E-1,6.703950405E0,-2.062050104E0
3.080681897E2,3.772950172E0,9.538950920E0,-3.859500289E-1
3.080706333E2,3.769950151E0,8.935050011E0,-4.552050114E0
3.080730767E2,1.086000085E0,7.495950222E0,-2.449950218E0
3.080755204E2,2.008050203E0,9.453000069E0,4.750500321E-1
3.080779641E2,2.733000040E0,8.542950630E0,-3.217950106E0
3.080804078E2,7.390500307E-1,7.188000202E0,-1.144950032E0
3.080828512E2,5.550000072E-1,1.025505066E1,2.182049990E0
3.080852949E2,3.765000105E0,9.583950043E0,-5.419500470E-1
3.080877385E2,1.954950094E0,8.337000847E0,-3.043950081E0
3.080901822E2,5.785950184E0,8.866050720E0,-1.846050143E0
3.080926257E2,5.050950050E0,6.277950287E0,-7.080000401E0
3.080950693E2,2.398050070E0,7.446000576E0,-2.524050236E0
3.080975130E2,5.680950165E0,1.004400063E1,-4.395000264E-2
3.080999564E2,6.054000378E0,8.290950775E0,-4.803000450E0
3.081024000E2,2.130000114E0,9.334950447E0,-3.142050266E0
3.081048437E2,3.058950186E0,9.049950600E0,-1.044000030E0
3.081072874E2,6.928050518E0,8.348999977E0,-7.521000385E0
3.081097309E2,1.893000126E0,7.453050137E0,-5.685000420E0
3.081121745E2,3.469050169E0,1.011300087E1,2.550000250E-1
3.081146182E2,4.390050411E0,8.803950310E0,-2.028000116E0
3.081170617E2,1.675050020E0,8.643000603E0,-5.659500360E-1
3.081195054E2,3.904050112E0,9.259050369E0,1.570500135E-1
3.081219490E2,5.908050060E0,6.847950459E0,-5.473950386E0
3.081243924E2,1.785000086E0,7.981950283E0,-5.091000080E0
3.081268361E2,4.552950382E0,1.093695068E1,-1.020000100E0
3.081292798E2,6.516000271E0,9.678000450E0,-4.341000080E0
3.081317232E2,1.351950049E0,9.440999985E0,-8.910000324E-1
3.081341669E2,8.280000687E-1,1.213200092E1,3.409950256E0
3.081366105E2,3.832050085E0,1.033605003E1,-1.710000038E0
3.081390542E2,7.219500542E-1,8.899050713E0,-4.960950375E0
3.081414977E2,2.398050070E0,1.101105022E1,-7.090500593E-1
3.081439413E2,4.723050117E0,1.090800095E1,-4.702950001E0
3.081463850E2,2.779050112E0,1.064505005E1,-4.672049999E0
3.081488287E2,2.704950094E0,1.198800087E1,-1.560000032E-1
3.081512721E2,5.566050053E0,1.087995052E1,-5.257950306E0
3.081537157E2,2.371950150E0,9.574950218E0,-5.325000286E0
3.081561594E2,2.800950050E0,1.125795078E1,-1.231050014E0
3.081586029E2,6.463950157E0,1.099005032E1,-5.670000076E0
3.081610465E2,3.042000055E0,9.061950684E0,-5.962050438E0
3.081634902E2,1.599000096E0,7.816950321E0,5.010000467E-1
3.081659337E2,6.928050518E0,8.109000206E0,-2.610000074E-1
3.081683774E2,4.801950455E0,5.641050339E0,-7.557000160E0
3.081708210E2,1.515000105E0,4.795950413E0,-3.586950064E0
3.081732644E2,4.840050220E0,7.222950459E0,-5.019000053E0
3.081757081E2,4.189050198E0,5.344050407E0,-8.171999931E0
3.081781518E2,6.940500140E-1,7.867950439E0,-4.030500054E-1
3.081805954E2,3.241050243E0,6.237000465E0,1.663050056E0
3.081830389E2,6.598050117E0,4.896000385E0,-1.975950122E0
3.081854826E2,1.156050086E0,6.522000313E0,9.130500555E-1
3.081879262E2,3.010950089E0,8.137949944E0,3.904050112E0
3.081903697E2,6.588000298E0,4.474950314E0,-6.067950249E0
3.081928134E2,1.012050033E0,6.682050228E0,-2.071950197E0
3.081952570E2,1.693950057E0,8.518950462E0,2.886000156E0
3.081977007E2,6.796950340E0,7.204050541E0,-5.304000378E0
3.082001441E2,3.313050270E0,9.373950005E0,-2.845050097E0
3.082025877E2,7.170000076E-1,1.155495071E1,1.509000063E0
3.082050314E2,2.209050179E0,1.135800076E1,-3.169500232E-1
3.082074751E2,1.744950056E0,1.131105042E1,-2.503050089E0
3.082099185E2,1.620000005E-1,9.607950211E0,-3.049500287E-1
3.082123622E2,2.547000170E0,9.313950539E0,4.729500115E-1
3.082148059E2,1.456950068E0,9.505050659E0,-4.486950397E0
3.082172494E2,1.764000058E0,1.012995052E1,-7.159500122E-1
3.082196930E2,5.338050365E0,1.095105076E1,-2.763000250E0
3.082221367E2,4.303950310E0,1.182105064E1,-6.228000164E0
3.082245801E2,1.627050042E0,1.203105068E1,-1.863000035E0
3.082270238E2,3.652950287E0,1.071705055E1,-8.239500523E-1
3.082294674E2,4.975050449E0,9.405000687E0,-6.001050472E0
3.082319109E2,1.741950035E0,9.031050682E0,-3.178050041E0
3.082343546E2,3.873000145E0,1.006500053E1,-3.520500064E-1
3.082367982E2,4.819050312E0,8.470950127E0,-4.056000233E0
3.082392419E2,2.757000208E0,8.602950096E0,-9.679500461E-1
3.082416854E2,4.744950294E0,8.683950424E0,3.169500232E-1
3.082441291E2,7.387950420E0,8.088000298E0,-5.898000240E0
3.082465727E2,1.933950067E0,8.049000740E0,-4.770000458E0
3.082490162E2,2.238000154E0,8.548050880E0,1.557000041E0
3.082514598E2,5.044050217E0,1.028805065E1,-2.785050154E0
3.082539035E2,1.399950027E0,7.828950405E0,-3.012000084E0
3.082563472E2,-5.310000181E-1,8.515950203E0,1.861050129E0
3.082587906E2,3.555000067E0,8.119050026E0,-9.370500445E-1
3.082612343E2,5.247000217E0,7.422000408E0,-6.484050274E0
3.082636779E2,1.656000137E0,8.513999939E0,-1.858050108E0
3.082661216E2,4.930950165E0,1.030305004E1,7.170000076E-1
3.082685651E2,5.026950359E0,1.023795033E1,-4.200000286E0
3.082710087E2,1.927050114E0,1.137300014E1,-5.080500245E-1
3.082734524E2,2.355000019E0,1.075995064E1,-1.525950074E0
3.082758959E2,2.917950153E0,1.020000076E1,-6.558000088E0
3.082783395E2,6.790500283E-1,1.057500076E1,-2.677050114E0
3.082807832E2,1.510050058E0,1.146600056E1,1.816050053E0
3.082832266E2,4.098000050E0,1.239000034E1,-3.220950127E0
3.082856703E2,2.662050009E0,1.203600025E1,-6.760500073E-1
3.082881140E2,1.678050041E0,1.164105034E1,1.099950075E0
3.082905574E2,5.575050354E0,1.295505047E1,2.310000062E-1
3.082930011E2,5.049000263E0,1.104705048E1,-7.444050312E0
3.082954447E2,2.749950171E0,1.163895035E1,-5.136000156E0
3.082978882E2,6.718050480E0,1.162905025E1,-4.902000427E0
3.083003319E2,5.070000172E0,1.082205009E1,-7.296000481E0
3.083027755E2,1.588950038E0,9.304050446E0,-2.182049990E0
3.083052192E2,4.285050392E0,7.240050316E0,3.390000165E-1
3.083076627E2,5.140050411E0,5.755950451E0,-6.690000534E0
3.083101064E2,2.749950171E0,4.256999969E0,-6.645000458E0
3.083125500E2,3.478050232E0,3.285000086E0,-5.682000160E0
3.083149937E2,6.232050419E0,3.541050196E0,-7.341000557E0
3.083174371E2,9.930000305E-1,2.734050035E0,-4.959000111E0
3.083198807E2,-7.680000067E-1,4.201950073E0,5.572050095E0
3.083223244E2,4.777950287E0,3.643950224E0,4.465950012E0
3.083247679E2,4.764000416E0,6.199500561E-1,-5.328000069E0
3.083272116E2,1.057050109E0,7.087050438E0,1.090050101E0
3.083296552E2,6.286950111E0,5.521050453E0,3.355050087E0
3.083320989E2,7.837950230E0,1.875000119E0,-4.573950291E0
3.083345423E2,3.139950037E0,6.328050137E0,-1.288950086E0
3.083369860E2,4.417050362E0,7.735950470E0,3.766950130E0
3.083394296E2,6.748950481E0,7.132050514E0,-4.633050442E0
3.083418731E2,2.266950130E0,7.132050514E0,-2.443050146E0
3.083443168E2,2.986950159E0,1.241895103E1,-2.917050123E0
3.083467604E2,3.361050129E0,1.441605091E1,-7.261950493E0
3.083492039E2,2.779050112E0,1.273305035E1,7.549500465E-1
3.083516476E2,1.132050037E0,1.171005058E1,2.089050055E0
3.083540912E2,1.611000061E0,1.231395054E1,7.890000343E-1
3.083565346E2,2.191950083E0,1.258695030E1,-4.501950264E0
3.083589783E2,3.970500231E-1,9.766050339E0,-2.749050140E0
3.083614219E2,2.901000023E0,1.016100025E1,-4.083000183E0
3.083638656E2,2.472000122E0,1.157400036E1,-8.622000694E0
3.083663091E2,6.340500116E-1,9.658050537E0,-3.724050283E0
3.083687528E2,9.520500302E-1,8.193000793E0,3.550500274E-1
3.083711964E2,2.535000086E0,1.126995087E1,1.300500035E-1
3.083736401E2,1.843050122E0,9.754050255E0,-1.035000086E0
3.083760836E2,4.411950111E0,7.258950233E0,5.200500488E-1
3.083785272E2,1.110900021E1,8.233950615E0,-4.564050198E0
3.083809709E2,5.812950134E0,5.458950043E0,-8.605950356E0
3.083834143E2,1.816050053E0,6.405000210E0,-4.427999973E0
3.083858580E2,5.767050266E0,5.455950260E0,-2.428050041E0
3.083883017E2,1.000305080E1,5.241000175E0,-6.538950443E0
3.083907453E2,2.851050138E0,4.912950039E0,-5.266050339E0
3.083931888E2,3.250950098E0,7.732950211E0,1.653000116E0
3.083956324E2,4.986000061E0,7.200000286E0,-2.160000086E0
3.083980761E2,2.238000154E0,6.117000103E0,-1.662000060E0
3.084005196E2,2.427000046E0,9.205950737E0,2.160000056E-1
3.084029633E2,4.381050110E0,7.791000366E0,-4.794000149E0
3.084054069E2,3.042000055E0,7.714050293E0,-6.829050541E0
3.084078504E2,-2.100000158E-2,8.607000351E0,-1.219050050E0
3.084102941E2,3.708000183E0,8.988000870E0,1.215000033E0
3.084127377E2,3.367950201E0,7.662000179E0,4.560000300E-1
3.084151811E2,1.086000085E0,1.028100014E1,2.484000206E0
3.084176248E2,9.859500527E-1,1.008900070E1,1.536000013E0
3.084200684E2,4.812000275E0,1.129395008E1,1.456950068E0
3.084225121E2,3.708000183E0,1.038900089E1,-6.268950462E0
3.084249556E2,3.466050148E0,1.140195084E1,-2.869050026E0
3.084273993E2,3.109050035E0,1.302195072E1,-7.851000309E0
3.084298429E2,1.897950053E0,1.232595062E1,-3.967950106E0
3.084322866E2,4.660500288E-1,1.122405052E1,3.000000119E-1
3.084347300E2,3.708000183E0,9.808950424E0,-3.055950165E0
3.084371736E2,6.030000210E0,1.060905075E1,-8.254050255E0
3.084396173E2,4.929000378E0,8.940000534E0,-7.011000156E0
3.084420608E2,8.161050797E0,9.366000175E0,-3.846000195E0
3.084445044E2,8.821949959E0,1.013505077E1,-7.291050434E0
3.084469481E2,2.845950127E0,9.505050659E0,-4.665000439E0
3.084493916E2,3.576000214E0,9.838050842E0,0.000000000E0
3.084518353E2,7.086000443E0,8.374950409E0,-5.349000454E0
3.084542789E2,7.927050591E0,8.164050102E0,-9.943950653E0
3.084567226E2,3.138000250E0,8.406000137E0,-5.467050076E0
3.084591660E2,6.193050385E0,9.454950333E0,-8.340000510E-1
3.084616097E2,5.158950329E0,8.667000771E0,-1.255050063E0
3.084640534E2,1.474050045E0,9.781050682E0,2.665950060E0
3.084664968E2,3.418050051E0,8.629050255E0,1.368000031E0
3.084689405E2,6.160050392E0,6.886050224E0,-6.280950069E0
3.084713841E2,1.752000093E0,7.551000595E0,-8.359050751E0
3.084738276E2,-2.779500186E-1,6.369000435E0,-2.242050171E0
3.084762713E2,2.716950178E0,7.621050358E0,-4.800000042E-2
3.084787150E2,2.583000183E0,6.499950409E0,6.570000052E-1
3.084811586E2,6.979500055E-1,7.161000252E0,2.310000062E-1
3.084836020E2,8.200500607E-1,8.950050354E0,1.240950108E0
3.084860456E2,2.889000177E0,9.795000076E0,9.870000482E-1
3.084884893E2,2.314050198E0,8.161950111E0,-8.839500546E-1
3.084909328E2,6.940500140E-1,9.445050240E0,-1.080000043E0
3.084933765E2,1.789950132E0,1.029300022E1,9.970500469E-1
3.084958201E2,1.468950033E0,8.770050049E0,-1.155000091E0
3.084982638E2,-6.150000095E-1,8.302950859E0,-1.521000028E0
3.085007073E2,-4.189500213E-1,9.084000587E0,6.690000296E-1
3.085031509E2,1.357050061E0,1.028295040E1,2.829000235E0
3.085055946E2,7.579500079E-1,7.120950222E0,-1.411050081E0
3.085080380E2,1.399500072E-1,8.301000595E0,-1.678950071E0
3.085104817E2,2.350050211E0,1.171800041E1,2.902950048E0
3.085129253E2,1.611000061E0,7.357950211E0,7.099500299E-1
3.085153690E2,4.050000105E-3,3.450000048E0,-1.319999993E-1
3.085178125E2,3.970500231E-1,7.342950344E0,4.492950439E0
3.085202562E2,2.608950138E0,5.803950310E0,3.892050266E0
3.085226998E2,1.702050090E0,2.614050150E0,3.448950052E0
3.085251433E2,1.247805023E1,1.798050046E0,-2.091000080E0
3.085275870E2,1.526805115E1,3.402000189E0,-2.407995033E1
3.085300306E2,3.399000168E0,4.401000023E0,-2.280405045E1
3.085324740E2,-9.979500771E-1,3.072000027E0,-1.641600037E1
3.085349177E2,1.113000035E0,3.259050131E0,-1.144800091E1
3.085373614E2,1.759050131E0,3.567000151E0,-6.183000088E0
3.085398050E2,6.220500469E-1,4.231050014E0,5.467050076E0
3.085422485E2,2.748000145E0,3.984000206E0,8.508000374E0
3.085446922E2,3.126000166E0,3.393000126E0,6.157050133E0
3.085471358E2,6.334050179E0,3.759000063E0,1.702950120E0
3.085495793E2,1.184100056E1,7.534950256E0,-7.905000448E-2
3.085520229E2,1.307400036E1,7.699950218E0,-3.610950232E0
3.085544666E2,9.136050224E0,5.385000229E0,-7.987950325E0
3.085569103E2,1.579050064E0,1.078395081E1,6.469500065E-1
3.085593537E2,2.142000198E0,1.826399994E1,3.361950159E0
3.085617974E2,4.771050453E0,1.315695095E1,3.328950167E0
3.085642410E2,1.225050092E0,1.291695023E1,-6.175050259E0
3.085666845E2,1.819050074E0,1.829700089E1,-1.744050026E0
3.085691282E2,3.081000090E0,1.956105042E1,4.822950363E0
3.085715718E2,2.640000105E0,1.643895149E1,-3.790500164E-1
3.085740153E2,1.504950047E0,1.845495033E1,-3.952950239E0
3.085764590E2,2.587050200E0,2.103105164E1,-1.911000133E0
3.085789027E2,1.390050054E0,1.827795029E1,-1.174050093E0
3.085813463E2,-8.590500355E-1,1.355205059E1,-2.215050220E0
3.085837897E2,-7.300500274E-1,1.449000072E1,-9.130500555E-1
3.085862334E2,2.082000017E0,1.650600052E1,3.010950089E0
3.085886770E2,1.627050042E0,1.024305058E1,5.970000029E-1
3.085911205E2,3.250950098E0,7.213950157E0,-3.490950108E0
3.085935642E2,2.341050148E0,1.107600021E1,-1.083900070E1
3.085960078E2,1.684950113E0,7.372050285E0,-7.921050549E0
3.085984515E2,-1.008000016E0,3.481050253E0,-8.380500674E-1
3.086008950E2,1.512000084E0,8.160000443E-1,4.270500243E-1
3.086033386E2,3.210000038E0,6.498000145E0,-6.142050266E0
3.086057823E2,4.483950138E0,1.036949992E0,-3.166050196E0
3.086082257E2,5.431950092E0,5.902050495E0,-1.168950081E0
3.086106694E2,7.222950459E0,8.056950569E0,-3.381000042E0
3.086131130E2,2.062950134E0,4.872000217E0,-2.236950159E0
3.086155567E2,4.609500170E-1,9.790050507E0,1.102050066E0
3.086180002E2,5.812950134E0,9.292050362E0,1.300500035E-1
3.086204438E2,6.861000538E0,4.128000259E0,-8.305950165E0
3.086228875E2,3.499950171E0,5.470950127E0,-5.827950478E0
3.086253310E2,5.829000473E0,7.393050194E0,-2.632050037E0
3.086277746E2,7.456950188E0,6.244050503E0,-5.515050411E0
3.086302183E2,3.487950087E0,7.594950199E0,7.005000114E-2
3.086326617E2,2.844000101E0,8.404050827E0,1.593000054E0
3.086351054E2,5.278950214E0,8.026050568E0,-2.284950018E0
3.086375490E2,3.223950148E0,9.180000305E0,-6.850950241E0
3.086399925E2,4.710000157E-1,9.081000328E0,-1.195050001E0
3.086424362E2,3.627000093E0,1.070700073E1,4.200000316E-2
3.086448799E2,2.721000195E0,1.095405006E1,-2.265000105E0
3.086473235E2,2.239500135E-1,8.373000145E0,-2.350500077E-1
3.086497669E2,6.529500484E-1,8.332050323E0,6.739500165E-1
3.086522106E2,3.849000216E0,8.171999931E0,-6.100950241E0
3.086546542E2,2.700000048E0,6.412050247E0,-8.088000298E0
3.086570979E2,-8.595000207E-2,4.777050018E0,-4.564050198E0
3.086595414E2,5.050950050E0,6.546000481E0,-2.317950010E0
3.086619850E2,4.749000072E0,4.386000156E0,-4.399050236E0
3.086644287E2,4.900500178E-1,4.884000301E0,-1.590000093E-1
3.086668722E2,5.025000095E0,3.337950230E0,2.620050192E0
3.086693158E2,9.379950523E0,1.614000082E0,-6.178050518E0
3.086717595E2,4.627050400E0,1.899000049E0,-7.531050205E0
3.086742029E2,1.881000042E0,5.526000500E0,5.040000081E-1
3.086766466E2,3.492000103E0,7.611000538E0,8.629500270E-1
3.086790903E2,2.305050135E0,8.872950554E0,1.390050054E0
3.086815339E2,9.190500379E-1,1.072905064E1,-1.969500035E-1
3.086839774E2,5.620500445E-1,9.832950592E0,8.220000267E-1
3.086864211E2,6.859500408E-1,1.135605049E1,1.512000084E0
3.086888647E2,2.524950027E0,1.252905083E1,5.850000381E-1
3.086913082E2,1.275000095E0,1.307505035E1,-1.729050040E0
3.086937519E2,9.640500546E-1,1.170795059E1,1.071000099E0
3.086961955E2,1.986000061E0,1.192605019E1,-1.008000016E0
3.086986390E2,5.449500084E-1,1.259400082E1,-2.100000143E0
3.087010826E2,1.810500026E-1,1.120995045E1,1.950000077E-1
3.087035263E2,1.318050027E0,1.305405045E1,-1.006049991E0
3.087059699E2,1.261050105E0,1.250505066E1,-1.582950115E0
3.087084134E2,-5.580000281E-1,9.891000748E0,-2.353950024E0
3.087108571E2,1.570500135E-1,1.179900074E1,-1.416000009E0
3.087133007E2,9.589500427E-1,1.189005089E1,1.428000093E0
3.087157442E2,-6.220500469E-1,6.988950253E0,-2.172000170E0
3.087181879E2,-2.659500241E-1,7.333950520E0,2.740500271E-1
3.087206315E2,1.395000100E0,8.836950302E0,-5.031000137E0
3.087230752E2,1.696950078E0,5.890050411E0,-1.018800068E1
3.087255186E2,9.049950600E0,3.352050066E0,-6.702000141E0
3.087279622E2,1.038105011E1,4.429050446E0,-1.290105057E1
3.087304059E2,6.816000462E0,5.290950298E0,-1.209195042E1
3.087328496E2,3.301050186E0,6.856950283E0,-4.272000313E0
3.087352930E2,6.502050400E0,6.958050251E0,-4.210050106E0
3.087377367E2,9.454050064E0,6.598950386E0,-6.229950428E0
3.087401801E2,6.153000355E0,7.314000130E0,-3.211050034E0
3.087426238E2,7.171950340E0,9.226950645E0,5.920500159E-1
3.087450674E2,1.093395042E1,5.497050285E0,-3.882000208E0
3.087475111E2,6.816000462E0,7.123050213E0,-5.610000134E0
3.087499546E2,7.630050182E0,8.313000679E0,-3.208950043E0
3.087523983E2,1.522005081E1,5.368050098E0,-9.376950264E0
3.087548419E2,1.298595047E1,5.710050106E0,-1.343505096E1
3.087572854E2,2.365050077E0,9.334950447E0,-6.625050545E0
3.087597291E2,3.258000135E0,1.096095085E1,1.849050045E0
3.087621727E2,5.899050236E0,1.089900017E1,-5.100000501E-1
3.087646162E2,2.631000042E0,1.207395077E1,2.232000113E0
3.087670598E2,5.980500579E-1,1.260600090E1,5.509950161E0
3.087695035E2,3.349050045E0,1.117905045E1,-4.806000233E0
3.087719472E2,3.042000055E0,1.191600037E1,-8.164950371E0
3.087743906E2,-4.095000029E-2,1.154505062E1,-1.504050016E0
3.087768343E2,1.429500133E-1,1.065900040E1,2.386050224E0
3.087792779E2,1.419000030E0,1.371195030E1,-3.235050201E0
3.087817216E2,5.689499974E-1,9.067049980E0,-6.210000515E-1
3.087841651E2,-1.221000075E0,7.674000263E0,-4.080000222E-1
3.087866087E2,-8.950500488E-1,1.359195042E1,-1.300500035E-1
3.087890524E2,1.963050127E0,1.028100014E1,7.290000319E-1
3.087914959E2,1.903050065E0,1.029300022E1,-2.191050053E0
3.087939396E2,2.005950212E0,1.277595043E1,-1.674000025E0
3.087963832E2,3.499950171E0,1.306305027E1,2.152950048E0
3.087988269E2,2.209050179E0,1.196400070E1,-6.330000162E-1
3.088012703E2,-1.530000120E-1,1.195500088E1,-2.506950140E0
3.088037139E2,5.520000458E-1,1.244505024E1,3.109050035E0
3.088061576E2,5.620500445E-1,1.195905018E1,3.220950127E0
3.088086011E2,-6.850500107E-1,7.759950161E0,-1.699500084E-1
3.088110448E2,-1.237950087E0,7.450950146E0,9.300000668E-1
3.088134884E2,6.940500140E-1,9.172050476E0,6.900000572E-1
3.088159319E2,1.198950052E0,7.197000504E0,1.138050079E0
3.088183756E2,3.300000131E-1,4.626000404E0,1.828050137E0
3.088208192E2,1.261050105E0,7.771950245E0,3.745950222E0
3.088232626E2,2.154000044E0,6.250950336E0,1.651050091E0
3.088257063E2,1.744950056E0,3.904950142E0,-1.456050038E0
3.088281500E2,2.841000080E0,7.228050232E0,1.840050101E0
3.088305936E2,3.118950129E0,5.932950497E0,1.770000100E0
3.088330371E2,2.209050179E0,3.487950087E0,1.828050137E0
3.088354807E2,8.809950829E0,2.599950075E0,2.194050074E0
3.088379244E2,1.284495068E1,4.009950161E0,-1.711695099E1
3.088403679E2,5.623050213E0,3.892950296E0,-2.132595062E1
3.088428116E2,1.885950089E0,6.105000496E0,-1.521900082E1
3.088452552E2,6.531000137E0,5.242950439E0,-1.113900089E1
3.088476989E2,3.028050184E0,2.904000044E0,-9.409950256E0
3.088501423E2,1.519950032E0,7.396050453E0,1.414050102E0
3.088525860E2,5.671050072E0,5.761050224E0,6.547050476E0
3.088550296E2,9.121050835E0,6.775950432E0,1.749000072E0
3.088574731E2,6.196050167E0,5.169000149E0,7.690500617E-1
3.088599168E2,7.321050167E0,9.579000473E0,2.569950104E0
3.088623604E2,7.432950497E0,1.117905045E1,-5.974050522E0
3.088648041E2,3.892050266E0,1.203105068E1,-5.650950432E0
3.088672476E2,5.910000205E-1,1.170600033E1,-1.971000075E0
3.088696913E2,2.650050163E0,1.245495033E1,-3.553950071E0
3.088721349E2,4.153050423E0,1.492605114E1,-1.012800026E1
3.088745783E2,1.636950135E0,1.278495026E1,-4.576050282E0
3.088770220E2,2.002950191E0,1.226100063E1,-1.248000026E0
3.088794656E2,3.061050177E0,1.503795052E1,-5.479050159E0
3.088819091E2,2.805000067E0,1.341705036E1,-3.760050297E0
3.088843528E2,2.355000019E0,1.067400074E1,6.739500165E-1
3.088867964E2,5.725950241E0,9.748950005E0,-3.429000139E0
3.088892399E2,5.038950443E0,1.189995098E1,-1.119600010E1
3.088916836E2,2.350050211E0,8.599950790E0,-3.952950239E0
3.088941272E2,1.261050105E0,8.770050049E0,1.357950091E0
3.088965709E2,3.823050261E0,1.042695045E1,7.219500542E-1
3.088990146E2,2.724000216E0,9.274950027E0,1.264950037E0
3.089014579E2,1.891050100E0,8.635950089E0,1.006950021E0
3.089039016E2,5.926950455E0,8.491950035E0,-1.750500053E-1
3.089063453E2,3.226950169E0,7.426950455E0,-1.660050035E0
3.089087888E2,1.009950042E0,8.209950447E0,8.029500246E-1
3.089112324E2,5.044050217E0,9.100950241E0,1.816050053E0
3.089136761E2,3.588000059E0,8.677050591E0,-5.500050068E0
3.089161196E2,6.550500393E-1,8.794050217E0,-1.920000017E-1
3.089185632E2,2.496000051E0,7.635000229E0,2.980500162E-1
3.089210069E2,6.421050072E0,9.475950241E0,-6.610950470E0
3.089234503E2,6.121050358E0,9.283050537E0,-1.045605087E1
3.089258940E2,7.270500064E-1,8.218950272E0,-6.682950497E0
3.089283376E2,1.885950089E0,7.116000175E0,-2.682000160E0
3.089307813E2,2.431950092E0,7.630050182E0,-2.602950096E0
3.089332248E2,1.135950089E0,4.221000195E0,4.440000355E-1
3.089356685E2,3.901950121E0,4.285950184E0,2.472000122E0
3.089381121E2,6.277050495E0,6.121950150E0,-5.455050468E0
3.089405556E2,4.321050167E0,2.677050114E0,-5.752050400E0
3.089429993E2,1.891050100E0,4.068000317E0,-1.969500035E-1
3.089454429E2,4.717950344E0,7.267050266E0,3.240000010E-1
3.089478863E2,1.945950150E0,4.623000145E0,-8.740500212E-1
3.089503300E2,-1.597050071E0,5.124000072E0,3.865050077E0
3.089527736E2,2.937000036E0,4.366950035E0,4.354050159E0
3.089552173E2,1.033500004E1,1.936950088E0,-9.796050072E0
3.089576608E2,6.375000477E0,2.281949997E0,-9.541950226E0
3.089601045E2,2.470050097E0,4.305000305E0,-2.979000092E0
3.089625481E2,6.685950279E0,4.314000130E0,-2.838000059E0
3.089649918E2,4.636950016E0,4.048950195E0,-2.002050161E0
3.089674353E2,4.849500358E-1,6.232050419E0,3.481950283E0
3.089698789E2,4.993950367E0,6.739950180E0,-1.566000104E0
3.089723226E2,5.889000416E0,3.903000116E0,-9.098999977E0
3.089747660E2,8.080500364E-1,5.868000507E0,-5.632050037E0
3.089772096E2,1.339950085E0,7.204050541E0,-1.501950026E0
3.089796533E2,4.855050087E0,7.084950447E0,-2.605050087E0
3.089820968E2,1.965000153E0,8.377950668E0,-7.470000386E-1
3.089845405E2,-9.810000658E-1,8.763000488E0,1.606950045E0
3.089869841E2,3.943050146E0,9.697050095E0,-7.090500593E-1
3.089894278E2,4.681950092E0,9.994050026E0,-7.960950375E0
3.089918713E2,1.785000086E0,8.334000587E0,-3.901050091E0
3.089943149E2,1.623000026E0,8.677050591E0,-1.416000009E0
3.089967586E2,2.989950180E0,9.156000137E0,-3.525000095E0
3.089992020E2,2.508000135E0,7.918050289E0,-1.975950122E0
3.090016457E2,2.628000021E0,6.196050167E0,5.179499984E-1
3.090040893E2,5.724000454E0,7.309950352E0,-3.634950161E0
3.090065328E2,6.394050121E0,5.980950356E0,-8.400000572E0
3.090089765E2,1.954950094E0,7.329000473E0,-2.323050022E0
3.090114202E2,3.976050138E0,9.145950317E0,-9.510000348E-1
3.090138638E2,3.457050085E0,8.800950050E0,-1.819500029E-1
3.090163072E2,1.675050020E0,6.900000095E0,3.063000202E0
3.090187509E2,2.719500065E-1,7.018050194E0,-1.300500035E-1
3.090211945E2,4.045950413E0,1.002195072E1,4.368000031E0
3.090236380E2,4.764000416E0,7.705050468E0,-5.506950378E0
3.090260817E2,2.274000168E0,7.884000301E0,-2.950050116E0
3.090285253E2,4.996050358E0,9.759000778E0,-6.922050476E0
3.090309690E2,4.462050438E0,9.163050652E0,-7.213950157E0
3.090334125E2,8.850000501E-1,1.147605038E1,9.195000678E-2
3.090358561E2,1.977000117E0,1.002195072E1,2.782950163E0
3.090382998E2,6.409050465E0,1.063305092E1,-2.188950062E0
3.090407432E2,5.298000336E0,9.499950409E0,-6.645000458E0
3.090431868E2,3.460950136E0,1.038900089E1,-3.139050245E0
3.090456305E2,6.025950432E0,1.112400055E1,-4.545000076E0
3.090480740E2,2.760000229E0,1.040505028E1,-3.589950085E0
3.090505177E2,9.019500613E-1,9.433050156E0,2.316000223E0
3.090529613E2,4.363950253E0,9.508050919E0,-3.760500252E-1
3.090554050E2,6.943050385E0,9.352050781E0,-6.007950306E0
3.090578485E2,3.082950115E0,8.698050499E0,-6.280950069E0
3.090602921E2,3.105000257E0,8.164050102E0,-5.220000148E-1
3.090627358E2,5.347950459E0,1.048905087E1,-1.863000035E0
3.090651792E2,2.311950207E0,9.361950874E0,-1.027950048E0
3.090676229E2,1.078950047E0,1.012995052E1,4.375050068E0
3.090700665E2,3.034950256E0,1.024305058E1,3.859500289E-1
3.090725102E2,3.199950218E0,8.277000427E0,-3.580050230E0
3.090749537E2,1.345050097E0,9.922050476E0,-2.695950031E0
3.090773974E2,3.231000185E0,9.298950195E0,-1.248000026E0
3.090798410E2,5.212050438E0,1.070700073E1,-3.321000099E0
3.090822845E2,2.755050182E0,1.008495045E1,-2.959950209E0
3.090847282E2,1.171950102E0,9.502950668E0,2.824050188E0
3.090871718E2,4.555950165E0,1.070505047E1,-1.131000042E0
3.090896155E2,5.065050125E0,1.094400024E1,-6.187050343E0
3.090920589E2,1.711050034E0,9.634950638E0,-6.444000244E0
3.090945025E2,1.963050127E0,9.262950897E0,-1.401000023E0
3.090969462E2,4.776000023E0,9.733050346E0,-3.939000130E0
3.090993897E2,2.074949980E0,1.040805054E1,-2.332950115E0
3.091018333E2,2.731050014E0,8.466000557E0,1.131000042E0
3.091042770E2,6.363000393E0,9.460050583E0,-2.811000109E0
3.091067205E2,4.132050037E0,7.744950294E0,-5.577000141E0
3.091091642E2,1.101000071E0,6.936000347E0,-9.199500680E-1
3.091116078E2,4.018949986E0,1.013505077E1,-1.561950088E0
3.091140512E2,2.662050009E0,9.103050232E0,-1.447050095E0
3.091164949E2,5.710500479E-1,7.024950504E0,2.425950050E0
3.091189386E2,1.447950125E0,8.218950272E0,2.979000092E0
3.091213822E2,5.998950481E0,8.617050171E0,-4.332000256E0
3.091238257E2,3.211950064E0,6.976950169E0,-8.467050552E0
3.091262694E2,3.850500286E-1,6.673050404E0,-3.664050102E0
3.091287130E2,3.435000181E0,7.281000137E0,-3.108000040E0
3.091311565E2,3.196050167E0,7.305000305E0,-3.118050098E0
3.091336002E2,4.849500358E-1,7.003050327E0,1.275000095E0
3.091360438E2,3.499950171E0,6.883050442E0,2.011950016E0
3.091384875E2,5.620950222E0,7.111050129E0,-3.858000278E0
3.091409309E2,2.130000114E0,6.795000553E0,-3.369000196E0
3.091433746E2,1.860000134E0,8.080950737E0,-2.140500098E-1
3.091458182E2,3.483000278E0,8.892000198E0,-1.978050113E0
3.091482617E2,8.520000577E-1,7.978050232E0,1.500000060E-2
3.091507054E2,-1.116000056E0,7.683000565E0,2.260950089E0
3.091531490E2,-5.740500093E-1,7.329000473E0,1.006950021E0
3.091555927E2,5.674050331E0,9.931050301E0,-1.291050076E0
3.091580362E2,1.989000082E0,8.124000549E0,-4.798950195E0
3.091604798E2,3.660000086E0,9.856950760E0,-2.083950043E0
3.091629235E2,4.036050320E0,1.045305061E1,-4.365000248E0
3.091653669E2,1.374000072E0,1.234500027E1,-1.207050085E0
3.091678105E2,5.740500093E-1,1.125105095E1,2.211000204E0
3.091702542E2,4.042950153E0,1.059000015E1,-1.411050081E0
3.091726979E2,3.579000235E0,1.066200066E1,-6.697050095E0
3.091751414E2,2.143949986E0,1.102305031E1,-4.321950436E0
3.091775850E2,5.286000252E0,1.071000004E1,-5.802000046E0
3.091800285E2,4.183950424E0,1.183005047E1,-4.686000347E0
3.091824722E2,3.700500131E-1,1.143300056E1,-1.782000065E0
3.091849159E2,9.090000391E-1,9.679950714E0,4.047000408E0
3.091873595E2,7.339950562E0,1.157595062E1,-1.480050087E0
3.091898029E2,5.434050083E0,9.196050644E0,-7.297950268E0
3.091922466E2,4.996050358E0,1.038600063E1,-4.795950413E0
3.091946902E2,6.664950371E0,9.907050133E0,-6.004950523E0
3.091971337E2,3.307950258E0,1.051995087E1,-3.967950106E0
3.091995774E2,1.897950053E0,1.031400013E1,2.239500135E-1
3.092020210E2,4.903050423E0,1.010895061E1,-1.780500114E-1
3.092044647E2,5.953950405E0,8.931000710E0,-6.229950428E0
3.092069082E2,2.146950006E0,8.224050522E0,-4.534950256E0
3.092093518E2,6.801000118E0,9.397050858E0,-1.882050037E0
3.092117955E2,6.411000252E0,8.245950699E0,-5.980950356E0
3.092142389E2,7.579500079E-1,8.677050591E0,-4.411050320E0
3.092166826E2,3.705000132E-2,6.532050133E0,5.659500360E-1
3.092191262E2,4.507950306E0,6.802050114E0,-2.797050238E0
3.092215699E2,6.040050507E0,5.458950043E0,-1.027005005E1
3.092240134E2,1.129050016E0,4.432050228E0,-6.853050232E0
3.092264570E2,1.753950119E0,7.264050484E0,-2.419500053E-1
3.092289007E2,3.733950138E0,5.239050388E0,-3.348000050E0
3.092313442E2,1.219950080E0,6.016950130E0,-4.099500179E-1
3.092337878E2,-3.060000241E-1,6.543000221E0,5.331000328E0
3.092362315E2,5.560950279E0,5.338950157E0,1.119000077E0
3.092386752E2,5.925000191E0,3.859050274E0,-6.043950081E0
3.092411186E2,1.291950107E0,5.466000080E0,-1.641000032E0
3.092435623E2,6.877950191E0,5.277000427E0,-3.001050234E0
3.092460060E2,4.216050148E0,4.444050312E0,-6.657000542E0
3.092484494E2,-1.149000049E0,7.168050289E0,1.639050126E0
3.092508931E2,3.648000240E0,5.704950333E0,1.603050113E0
3.092533367E2,9.979050636E0,5.923050404E0,-8.657999992E0
3.092557802E2,2.880000114E0,5.767950058E0,-8.814000130E0
3.092582239E2,1.219950080E0,7.858050346E0,-9.900000691E-2
3.092606676E2,5.269050121E0,7.489050388E0,-2.416050196E0
3.092631110E2,2.803050041E0,6.715950489E0,-3.783000231E0
3.092655547E2,5.359500051E-1,7.657050133E0,2.187000036E0
3.092679983E2,7.804950237E0,6.225000381E0,-4.223999977E0
3.092704420E2,9.591000557E0,5.437050343E0,-1.095195007E1
3.092728854E2,3.187950134E0,7.864950180E0,-7.126050472E0
3.092753291E2,5.710050106E0,8.715000153E0,-3.180000067E0
3.092777728E2,5.233050346E0,7.729050159E0,-5.038050175E0
3.092802164E2,-1.135050058E0,8.155050278E0,5.899500251E-1
3.092826599E2,-1.015050054E0,5.751000404E0,7.143000126E0
3.092851035E2,7.134000301E0,5.221950054E0,-2.791950226E0
3.092875472E2,6.655050278E0,3.369000196E0,-9.355050087E0
3.092899907E2,1.515000105E0,5.860950470E0,-1.183050036E0
3.092924343E2,5.791050434E0,5.641050339E0,-1.621050119E0
3.092948780E2,4.788000107E0,5.964000225E0,-2.419050217E0
3.092973215E2,-1.695000008E-2,6.712950230E0,7.500000596E-1
3.092997652E2,-2.110500038E-1,7.927050591E0,2.757000208E0
3.093022088E2,4.587000370E0,5.083050251E0,-5.742000103E0
3.093046524E2,2.563050032E0,2.799000025E0,-6.681000233E0
3.093070959E2,3.897000074E0,2.583000183E0,-4.473000050E0
3.093095395E2,7.738050461E0,1.495950103E0,-7.696050167E0
3.093119832E2,1.861950040E0,1.314000010E0,-5.601000309E0
3.093144267E2,-1.210950017E0,1.300050020E0,2.356950045E0
3.093168704E2,1.405050039E0,8.020500541E-1,3.535050154E0
3.093193140E2,4.692000389E0,2.322000027E0,-3.771000147E0
3.093217574E2,1.395000100E0,1.599000096E0,-1.380000114E0
3.093242011E2,2.559000015E0,7.312050343E0,3.801000118E0
3.093266448E2,4.066950321E0,6.340050220E0,-1.887000084E0
3.093290882E2,2.596950054E0,1.227300072E1,2.014950037E0
3.093315319E2,1.464000106E0,1.286400032E1,3.475050211E0
3.093339756E2,4.498050213E0,1.225605011E1,1.971000075E0
3.093364192E2,4.825950146E0,1.295100021E1,-5.320950031E0
3.093388627E2,8.949000359E0,1.496205044E1,-7.867950439E0
3.093413064E2,1.143000031E1,1.620705032E1,-1.416000080E1
3.093437500E2,7.627050400E0,1.429605103E1,-1.130895042E1
3.093461937E2,1.953000069E0,1.807395172E1,-3.448050261E0
3.093486372E2,4.150950432E0,1.994205093E1,2.496000051E0
3.093510808E2,5.310000420E0,1.877805138E1,-3.739950180E0
3.093535245E2,2.832000017E0,1.909200096E1,-4.542000294E0
3.093559679E2,2.077050209E0,1.775100136E1,-2.349000216E0
3.093584115E2,5.698050499E0,1.787295151E1,-6.915000439E0
3.093608552E2,4.021950245E0,1.820595169E1,-8.485950470E0
3.093632987E2,2.164050102E0,1.638600159E1,-1.906050086E0
3.093657424E2,3.667050123E0,1.726005173E1,-9.900000691E-2
3.093681860E2,4.651050091E0,1.595295048E1,3.840000033E-1
3.093706297E2,2.881950140E0,1.377900028E1,2.215950012E0
3.093730732E2,4.171950340E0,1.341495037E1,2.794950247E0
3.093755168E2,4.678050041E0,1.224900055E1,6.709500551E-1
3.093779605E2,3.130950212E0,1.147305012E1,3.384000063E0
3.093804039E2,6.649500132E-1,8.977950096E0,-7.360500097E-1
3.093828476E2,8.100000024E-2,8.257950783E0,1.255950093E0
3.093852912E2,2.097000122E0,7.780950546E0,-3.570000231E-1
3.093877347E2,6.150000095E-1,6.165000439E0,-4.320000172E0
3.093901784E2,2.254950047E0,6.508050442E0,-4.899000168E0
3.093926220E2,3.483000278E0,6.148050308E0,-8.755949974E0
3.093950655E2,1.953000069E0,4.699950218E0,-6.043950081E0
3.093975092E2,2.614050150E0,4.510950089E0,-2.554950237E0
3.093999529E2,6.945000172E0,7.177950382E0,-4.861050129E0
3.094023965E2,4.299000263E0,4.378950119E0,-6.051000118E0
3.094048399E2,2.221050024E0,6.670050144E0,1.902000070E0
3.094072836E2,5.298000336E0,1.197105026E1,2.814000130E0
3.094097273E2,3.286950111E0,8.266950607E0,9.900000691E-2
3.094121709E2,2.719050169E0,1.011600018E1,4.320000172E0
3.094146144E2,1.431000113E0,1.144695091E1,3.085050106E0
3.094170580E2,5.085000038E0,8.473050117E0,-6.109500527E-1
3.094195017E2,2.808000088E0,7.558950424E0,-7.183050156E0
3.094219454E2,3.694050074E0,9.313950539E0,-5.548050404E0
3.094243889E2,6.013950348E0,9.484050751E0,-6.151050091E0
3.094268325E2,3.567000151E0,1.104705048E1,-2.694000244E0
3.094292762E2,8.710500598E-1,1.031400013E1,1.785000086E0
3.094317196E2,3.628950119E0,1.149495029E1,9.709500670E-1
3.094341633E2,4.390050411E0,1.052805042E1,-4.207050323E0
3.094366070E2,2.913000107E0,8.662050247E0,-4.807950020E0
3.094390504E2,3.952050209E0,8.605050087E0,-3.184950113E0
3.094414940E2,5.628000259E0,1.012800026E1,-6.534000397E0
3.094439377E2,2.170950174E0,9.057000160E0,-4.897050381E0
3.094463812E2,-3.090000153E-1,6.766050339E0,1.381950021E0
3.094488248E2,4.165050030E0,8.095050812E0,1.489500105E-1
3.094512685E2,6.574050426E0,6.390000343E0,-4.444050312E0
3.094537119E2,1.182000041E0,9.297000885E0,-2.395050049E0
3.094561556E2,1.809000134E0,8.847000122E0,-3.790500164E-1
3.094585992E2,2.167950153E0,9.426000595E0,-1.120950103E0
3.094610429E2,3.270000219E-1,1.150395012E1,4.969500303E-1
3.094634864E2,1.036050081E0,9.522000313E0,2.434050083E0
3.094659301E2,3.070950031E0,8.824950218E0,-2.845050097E0
3.094683737E2,2.632950068E0,1.034100056E1,-3.513000250E0
3.094708171E2,1.395000100E0,1.038405037E1,-1.969500035E-1
3.094732608E2,1.447950125E0,1.011795044E1,-3.480000198E-1
3.094757045E2,3.069000244E0,1.030500031E1,-1.389000058E0
3.094781479E2,9.739500284E-1,7.848000526E0,-1.495050073E0
3.094805916E2,-1.960500032E-1,4.245000362E0,-1.084950089E0
3.094830353E2,-1.396050096E0,8.938050270E0,-7.740000486E-1
3.094854789E2,-6.649500132E-1,4.756950378E0,1.986000061E0
3.094879224E2,-5.599500537E-1,2.490000010E0,-5.580000281E-1
3.094903661E2,-1.257000089E0,2.322000027E0,-1.585050106E0
3.094928097E2,-1.237950087E0,6.100500226E-1,-5.263050079E0
3.094952534E2,-1.890000105E-1,-2.170500159E-1,-1.360050082E0
3.094976968E2,-1.410000026E-1,-1.309500039E-1,-2.779500186E-1
3.095001405E2,-2.895000204E-2,-2.340000123E-1,2.520000041E-1
3.095025841E2,-7.200000435E-2,-1.740000099E-1,1.009050012E0
3.095050276E2,-1.390500069E-1,-1.519500017E-1,8.505000174E-2
3.095074712E2,6.000000052E-3,-2.100000158E-2,7.890000343E-1
3.095099149E2,-3.184050083E0,1.024305058E1,4.279950142E0
3.095123584E2,-5.430000305E0,1.837095070E1,5.970000267E0
3.095148021E2,-8.110500574E-1,1.585050106E0,-6.795000285E-2
3.095172457E2,-3.526950121E0,5.734050274E0,-1.800000072E-1
3.095196892E2,-4.195050240E0,1.303695107E1,3.928050280E0
3.095221329E2,3.319395065E1,2.537895203E1,1.002105045E1
3.095245766E2,3.194595146E1,1.075005054E1,-3.703305054E1
3.095270202E2,3.189600182E1,2.574000120E0,-3.309405136E1
3.095294636E2,1.886595154E1,8.899050713E0,-4.985400391E1
3.095319073E2,1.558605099E1,1.380495071E1,-3.981300354E1
3.095343509E2,1.227705097E1,9.124950409E0,-2.107305145E1
3.095367944E2,5.404950142E0,8.466000557E0,-3.312000275E0
3.095392381E2,7.888050556E0,8.536050797E0,8.224950790E0
3.095416817E2,9.415950775E0,1.097295094E1,7.798950195E0
3.095441254E2,3.898950100E0,7.123050213E0,5.362050056E0
3.095465689E2,2.805000067E0,5.581050396E0,6.736050129E0
3.095490125E2,4.157999992E0,8.734050751E0,4.432950020E0
3.095514562E2,3.655050278E0,7.698000431E0,9.829500318E-1
3.095538996E2,2.530050039E0,3.577050209E0,-1.063950062E0
3.095563433E2,9.495000541E-2,7.317000389E0,-1.351050019E0
3.095587869E2,-4.377000332E0,1.284000015E1,5.019000053E0
3.095612306E2,-3.495000124E0,8.119050026E0,1.282050014E0
3.095636741E2,-3.001950026E0,6.478950500E0,-2.503050089E0
3.095661177E2,-3.916950226E0,6.927000523E0,-4.497000217E0
3.095685614E2,-4.096050262E0,9.237000465E0,1.540500075E-1
3.095710048E2,-3.832950115E0,8.935050011E0,-9.970500469E-1
3.095734484E2,-5.619000435E0,1.092300034E1,-6.180000305E-1
3.095758921E2,-4.008000374E0,1.573500061E1,1.120950103E0
3.095783356E2,1.029000044E0,1.764300156E1,-8.119500279E-1
3.095807793E2,2.029950142E0,1.343895054E1,-2.409000158E0
3.095832229E2,1.110000014E0,1.858695030E1,2.842950106E0
3.095856666E2,4.074000359E0,1.634595108E1,1.720050097E0
3.095881101E2,3.616950274E0,1.351305103E1,-2.230050087E0
3.095905538E2,4.785000324E0,1.490205097E1,1.596000075E0
3.095929974E2,5.037000179E0,1.524000072E1,1.332000017E0
3.095954408E2,1.918950081E0,1.405695057E1,1.050000079E-3
3.095978845E2,-3.400050163E0,1.024005032E1,6.252000332E0
3.096003281E2,-2.278950214E0,3.091050148E0,6.793950558E0
3.096027716E2,4.759500325E-1,3.565050125E0,5.167950153E0
3.096052153E2,1.414050102E0,3.811950207E0,1.891950130E0
3.096076589E2,3.274950266E0,4.554000378E0,4.684050083E0
3.096101026E2,5.310000420E0,7.336050510E0,3.403050184E0
3.096125461E2,2.142000198E0,4.972950459E0,1.876050115E0
3.096149897E2,-4.260000288E-1,6.912000179E0,3.825000286E0
3.096174334E2,-7.369500399E-1,7.645050526E0,5.364000320E0
3.096198768E2,2.932050228E0,5.722050190E0,6.042000294E0
3.096223205E2,2.719050169E0,4.197000027E0,2.553000212E0
3.096247641E2,4.591050148E0,9.550950050E0,6.925050259E0
3.096272078E2,5.689950466E0,1.039605045E1,6.913050175E0
3.096296513E2,4.749000072E0,7.077000141E0,5.151000023E0
3.096320949E2,2.869950056E0,5.614950180E0,5.364000320E0
3.096345386E2,1.915050149E0,9.988950729E0,5.701950073E0
3.096369821E2,7.029000282E0,9.369000435E0,1.516200066E1
3.096394257E2,2.153805161E1,5.212050438E0,-1.248705101E1
3.096418694E2,2.955405235E1,8.640000224E-1,-4.030605316E1
3.096443131E2,2.576205063E1,8.950500488E-1,-6.308505249E1
3.096467565E2,9.223950386E0,5.590950489E0,-5.727705383E1
3.096492002E2,2.748000145E0,7.458000183E0,-3.707400131E1
3.096516438E2,2.013000011E0,7.113000393E0,-2.413995171E1
3.096540873E2,5.086950302E0,1.253895092E1,8.122050285E0
3.096565309E2,7.444950581E0,2.605200195E1,9.049050331E0
3.096589746E2,3.732000113E0,9.117000580E0,5.923950195E0
3.096614181E2,8.130000234E-1,8.296050072E0,-7.210500240E-1
3.096638618E2,-5.691000462E0,2.520900154E1,8.302050591E0
3.096663054E2,-4.534950256E0,1.184400082E1,4.135950089E0
3.096687488E2,-2.611950159E0,6.081000328E0,5.419500470E-1
3.096711925E2,-4.651950359E0,1.156200027E1,-7.123050213E0
3.096736362E2,-3.475950241E0,9.040950775E0,-8.413949966E0
3.096760798E2,-5.784000397E0,1.577295113E1,5.407050133E0
3.096785233E2,-1.822050095E0,8.773050308E0,4.003950119E0
3.096809670E2,-1.738050103E0,9.793050766E0,-2.068950176E0
3.096834106E2,-4.149000168E0,1.257195091E1,7.174050331E0
3.096858541E2,-1.788000107E0,9.658050537E0,1.023195076E1
3.096882977E2,1.105050087E0,9.742050171E0,9.001049995E0
3.096907414E2,2.098950148E0,8.635950089E0,1.050000095E1
3.096931851E2,3.097050190E0,4.920000076E0,8.496000290E0
3.096956285E2,3.061050177E0,2.677050114E0,1.211805058E1
3.096980721E2,2.788950205E0,2.779950142E0,5.476950169E0
3.097005158E2,2.836050034E0,4.863000393E0,2.151000023E0
3.097029593E2,1.939050078E0,2.623950243E0,7.633950233E0
3.097054030E2,7.939500213E-1,9.739500284E-1,4.930950165E0
3.097078466E2,3.079500198E-1,5.910000205E-1,1.011000037E0
3.097102903E2,5.302950382E0,2.251095200E1,-1.469999999E-1
3.097127337E2,7.159950256E0,2.635905075E1,6.930000305E0
3.097151773E2,2.119500041E-1,1.657050133E0,1.894950032E0
3.097176210E2,-5.620500445E-1,7.180500627E-1,-1.990500093E-1
3.097200645E2,-9.580500722E-1,2.872950077E0,6.244950294E0
3.097225081E2,2.029500157E-1,3.792000294E0,7.960050583E0
3.097249518E2,8.701950073E0,5.389050484E0,5.604000092E0
3.097273953E2,3.741195297E1,9.187050819E0,-2.362500191E1
3.097298389E2,1.808805084E1,-9.195000678E-2,-3.709995270E1
3.097322826E2,1.509300041E1,4.326000214E0,-3.777000046E1
3.097347260E2,8.587050438E0,2.679000139E0,-5.197305298E1
3.097371697E2,6.226950169E0,6.019050121E0,-2.403705025E1
3.097396134E2,-1.120500043E-1,2.770050049E0,1.870950103E0
3.097420570E2,3.330000162E0,1.283805084E1,9.252000809E0
3.097445005E2,8.070000648E0,2.315295029E1,1.288950086E0
3.097469442E2,3.709950209E0,6.558000088E0,5.781000137E0
3.097493878E2,6.190500259E-1,2.008949995E0,-1.420500129E-1
3.097518312E2,8.059500456E-1,8.160000801E0,-4.279050350E0
3.097542749E2,4.290000439E0,1.706595039E1,2.671050072E0
3.097567186E2,4.495950222E0,1.154295063E1,3.508950233E0
3.097591620E2,8.970000148E-1,4.159049988E0,-2.854050159E0
3.097616057E2,2.158950090E0,7.683000565E0,-1.068000078E0
3.097640494E2,5.046000004E0,1.649205017E1,3.549000263E0
3.097664930E2,2.653950214E0,1.086795044E1,-1.350000054E-1
3.097689365E2,6.405000389E-2,5.260050297E0,-6.280500293E-1
3.097713802E2,2.430000156E-1,1.169100094E1,2.212949991E0
3.097738238E2,-2.101950169E0,1.312800026E1,3.508950233E0
3.097762675E2,-1.708950043E0,3.232050180E0,5.539500117E-1
3.097787109E2,-4.506000042E0,8.326950073E0,4.920000136E-1
3.097811546E2,-3.031050205E0,8.967000008E0,9.730500579E-1
3.097835982E2,-3.510000229E0,9.793050766E0,7.650000453E-1
3.097860417E2,-4.603950024E0,1.175805092E1,2.224950075E0
3.097884853E2,-3.603000164E0,9.514950752E0,3.400950193E0
3.097909290E2,-3.409050226E0,1.007505035E1,1.528050065E0
3.097933725E2,-3.639000177E0,8.734050751E0,4.920000136E-1
3.097958161E2,-3.736950159E0,8.217000008E0,6.109500527E-1
3.097982598E2,-5.340000391E-1,1.175100040E1,-3.550500274E-1
3.098007032E2,4.287000179E0,1.379295063E1,4.605000019E0
3.098031469E2,6.178950310E0,1.107105064E1,3.019950151E0
3.098055905E2,6.579000473E0,8.526000023E0,6.351000309E0
3.098080342E2,5.977950096E0,5.533050060E0,5.497950077E0
3.098104777E2,7.101000309E0,6.091050148E0,9.040500522E-1
3.098129214E2,6.421050072E0,9.727950096E0,5.283000469E0
3.098153650E2,5.695050240E0,8.674050331E0,5.031000137E0
3.098178085E2,3.246000051E0,6.685050488E0,8.479500413E-1
3.098202521E2,2.680950165E0,8.944950104E0,4.135950089E0
3.098226957E2,3.993000269E0,1.232295036E1,3.121050119E0
3.098251394E2,3.708000183E0,1.136295033E1,1.222050071E0
3.098275829E2,2.580000162E0,9.895050049E0,-3.640500307E-1
3.098300266E2,1.254000092E1,1.249605083E1,3.270000219E-1
3.098324702E2,2.780895042E1,6.811950207E0,-2.285205078E1
3.098349136E2,1.144050002E0,6.052950382E0,-4.014105225E1
3.098373573E2,9.045000076E0,7.159050465E0,-3.945105362E1
3.098398009E2,3.579000235E0,8.536050797E0,-2.579400063E1
3.098422444E2,1.359000087E0,8.650050163E0,-9.930000305E0
3.098446881E2,4.528950214E0,1.112100029E1,4.888050079E0
3.098471317E2,5.863050461E0,1.900605011E1,4.564050198E0
3.098495754E2,3.801000118E0,1.167705059E1,1.369500011E-1
3.098520189E2,9.310500622E-1,5.454000473E0,1.360950112E0
3.098544625E2,1.879050136E0,1.032900047E1,1.773000121E0
3.098569062E2,6.877950191E0,1.482495117E1,2.031000137E0
3.098593496E2,3.166950226E0,9.271050453E0,-1.144950032E0
3.098617933E2,6.430500150E-1,3.997950077E0,1.927950144E0
3.098642369E2,2.274000168E0,8.344050407E0,1.195950031E0
3.098666804E2,3.021000147E0,1.110495090E1,5.284950256E0
3.098691241E2,1.407000065E0,7.141950130E0,1.188000083E0
3.098715677E2,8.350500464E-1,6.673050404E0,-1.042050004E0
3.098740114E2,2.403000116E0,9.469050407E0,4.390050411E0
3.098764549E2,3.033000231E0,8.464050293E0,3.540000200E0
3.098788985E2,1.315950036E0,5.995050430E0,-1.525950074E0
3.098813422E2,2.508000135E0,9.682050705E0,7.170000076E-1
3.098837856E2,6.370050430E0,9.390000343E0,-1.159605026E1
3.098862293E2,7.510500550E-1,5.197950363E0,-9.376950264E0
3.098886729E2,2.226000071E0,2.992950201E0,-3.352050066E0
3.098911166E2,5.008050442E0,8.928000450E0,-1.021695042E1
3.098935601E2,2.653950214E0,8.566950798E0,-6.247050285E0
3.098960037E2,4.759500325E-1,4.444050312E0,-5.970000029E-1
3.098984474E2,3.400950193E0,6.550950527E0,-1.249950051E0
3.099008909E2,4.081050396E0,8.943000793E0,1.690500081E-1
3.099033346E2,1.464000106E0,7.141950130E0,1.858950138E0
3.099057782E2,2.403000116E0,5.878050327E0,1.477950096E0
3.099082216E2,6.817950249E0,7.003050327E0,-5.827950478E0
3.099106653E2,1.836000085E0,6.177000523E0,-6.031950474E0
3.099131089E2,7.080000043E-1,6.297000408E0,-2.887950182E0
3.099155524E2,4.572000027E0,8.622000694E0,-4.975950241E0
3.099179961E2,3.763050079E0,8.016000748E0,-5.368050098E0
3.099204397E2,-8.100000024E-2,6.642000198E0,-5.779500008E-1
3.099228834E2,3.223950148E0,6.472050190E0,9.990000725E-1
3.099253269E2,7.918950558E0,9.007050514E0,-7.087950230E0
3.099277705E2,3.421050072E0,7.753050327E0,-6.891000271E0
3.099302142E2,1.210500076E-1,6.306000233E0,-5.490000248E-1
3.099326579E2,3.660000086E0,8.072999954E0,-1.180500090E-1
3.099351013E2,3.580950260E0,1.060395050E1,-2.761050224E0
3.099375449E2,1.632000089E0,7.759950161E0,2.700000070E-2
3.099399886E2,4.270950317E0,7.255050182E0,-4.000500143E-1
3.099424321E2,7.893000603E0,8.989950180E0,-8.124000549E0
3.099448757E2,2.695050240E0,9.124950409E0,-7.345950127E0
3.099473194E2,1.060050011E0,8.254950523E0,-1.380000114E0
3.099497629E2,3.768000126E0,1.044900036E1,-1.798950076E0
3.099522066E2,4.323000431E0,1.092705059E1,-3.654000282E0
3.099546502E2,1.423950076E0,8.683950424E0,-4.605000094E-2
3.099570939E2,3.780000210E0,7.621050358E0,3.270000219E-1
3.099595373E2,8.956050873E0,9.043050766E0,-8.329950333E0
3.099619809E2,3.861000299E0,9.345000267E0,-1.096395016E1
3.099644246E2,1.950000064E-3,6.982050419E0,-2.008949995E0
3.099668681E2,2.776950121E0,7.129950523E0,-6.660000086E-1
3.099693118E2,4.120050430E0,9.844950676E0,-2.944950104E0
3.099717554E2,2.335950136E0,7.021950245E0,-1.546950102E0
3.099741989E2,3.844050169E0,5.695950508E0,2.359500080E-1
3.099766426E2,8.737950325E0,5.907000065E0,-5.938050270E0
3.099790862E2,4.096050262E0,5.394000053E0,-8.163000107E0
3.099815296E2,3.705000132E-2,3.586950064E0,-2.517000198E0
3.099839733E2,4.213050365E0,6.093000412E0,6.379500031E-1
3.099864169E2,3.739050150E0,8.449049950E0,-2.730000019E-1
3.099888604E2,9.810000658E-1,3.868950129E0,1.806000113E0
3.099913041E2,2.959500253E-1,2.180999994E0,1.416000009E0
3.099937478E2,7.410000324E0,7.021950245E0,-2.488050222E0
3.099961914E2,4.162950039E0,7.036950111E0,-4.999950409E0
3.099986349E2,3.630000055E-1,3.763950109E0,-1.609050035E0
3.100010786E2,2.190000057E0,5.581050396E0,-1.474950075E0
3.100035222E2,3.124050140E0,1.040100002E1,-1.918050051E0
3.100059659E2,1.785000086E0,9.187050819E0,-8.620500565E-1
3.100084093E2,3.118950129E0,7.920000553E0,1.818000078E0
3.100108530E2,5.563950062E0,9.076950073E0,-3.682950258E0
3.100132967E2,4.948050022E0,9.093000412E0,-7.753050327E0
3.100157401E2,1.705950022E0,8.278950691E0,-4.480050087E0
3.100181838E2,3.198000193E0,1.059705067E1,-1.008000016E0
3.100206274E2,4.789950371E0,1.256805038E1,-1.492050052E0
3.100230711E2,2.676000118E0,1.098705006E1,-6.679500341E-1
3.100255146E2,2.128050089E0,9.096000671E0,2.272950172E0
3.100279582E2,5.614050388E0,9.310950279E0,-3.235050201E0
3.100304019E2,5.452950478E0,1.086300087E1,-1.024995041E1
3.100328454E2,8.295000345E-2,8.017950058E0,-4.966050148E0
3.100352890E2,8.320500255E-1,4.498950005E0,8.170500398E-1
3.100377327E2,4.524000168E0,9.673050880E0,-7.789500356E-1
3.100401761E2,2.935050249E0,1.072200012E1,-8.380500674E-1
3.100426198E2,8.370000124E-1,4.099050045E0,1.335000038E0
3.100450634E2,5.422050476E0,4.795950413E0,-1.257000089E0
3.100475069E2,5.832000256E0,8.944950104E0,-9.565950394E0
3.100499506E2,3.138000250E0,3.796950102E0,-5.335050106E0
3.100523943E2,3.129000187E0,4.614000320E0,-1.111050010E0
3.100548379E2,6.684000492E0,7.111050129E0,-1.708050132E0
3.100572814E2,3.492000103E0,5.169000149E0,-4.605000094E-2
3.100597250E2,2.629500031E-1,4.851000309E0,2.902950048E0
3.100621687E2,3.246000051E0,5.406000137E0,2.199000120E0
3.100646122E2,6.757950306E0,7.518000126E0,-6.546000481E0
3.100670559E2,1.740000129E0,5.904000282E0,-5.754000187E0
3.100694995E2,4.560000300E-1,4.353000164E0,5.989500284E-1
3.100719429E2,4.041000366E0,8.341950417E0,-7.860000134E-1
3.100743866E2,2.686050177E0,1.002000046E1,-1.665000081E0
3.100768302E2,6.259500384E-1,5.880000114E0,6.300000101E-2
3.100792739E2,2.382000208E0,4.753050327E0,-1.654950023E0
3.100817174E2,4.347000122E0,7.800000191E0,-7.435050488E0
3.100841611E2,2.068050146E0,6.187050343E0,-7.971000195E0
3.100866047E2,2.805000171E-2,3.912000179E0,-1.222050071E0
3.100890484E2,4.101000309E0,6.751950264E0,-2.590500116E-1
3.100914919E2,3.861000299E0,1.018500042E1,-1.336050034E0
3.100939355E2,1.000050068E0,4.896000385E0,-2.400000095E-1
3.100963792E2,2.725950241E0,3.238950253E0,1.453950047E0
3.100988226E2,7.879050255E0,8.052000046E0,-4.878000259E0
3.101012662E2,4.761000156E0,6.583950520E0,-7.416000366E0
3.101037099E2,-1.770000011E-1,5.349000454E0,-1.767000079E0
3.101061534E2,2.535000086E0,8.077950478E0,2.605950117E0
3.101085971E2,3.756000280E0,1.242105103E1,1.663050056E0
3.101110407E2,2.506050110E0,1.038405037E1,-3.450000286E-1
3.101134842E2,1.146000028E0,9.702000618E0,5.470499992E-1
3.101159278E2,6.232050419E0,1.181100082E1,3.397950172E0
3.101183715E2,3.937950134E0,1.138500023E1,-9.538950920E0
3.101208152E2,2.887050152E0,9.844950676E0,-6.826950550E0
3.101232586E2,2.194950104E0,1.179900074E1,-6.952950478E0
3.101257022E2,4.050000191E0,1.200000095E1,-6.420000076E0
3.101281459E2,1.042950034E0,1.049895096E1,-3.321000099E0
3.101305894E2,1.708950043E0,9.868950844E0,2.950500250E-1
3.101330331E2,6.508950233E0,1.088700008E1,-1.978050113E0
3.101354767E2,6.370050430E0,1.222005081E1,-8.275050163E0
3.101379202E2,1.825950146E0,9.261000633E0,-2.301000118E0
3.101403638E2,1.656000137E0,6.766050339E0,2.122050047E0
3.101428075E2,3.901950121E0,1.111395073E1,1.200000048E0
3.101452512E2,3.154950142E0,1.137000084E1,2.400000095E0
3.101476946E2,1.004999995E0,7.402950287E0,1.296000004E0
3.101501383E2,1.144050002E0,8.478000641E0,8.320500255E-1
3.101525819E2,1.921950102E0,1.165305042E1,1.818000078E0
3.101550254E2,2.347950220E0,9.963000298E0,3.580500185E-1
3.101574691E2,2.092050076E0,9.037950516E0,-4.480500221E-1
3.101599127E2,3.531000137E0,1.362300110E1,5.250000358E-1
3.101623562E2,3.337050200E0,1.419105053E1,1.720050097E0
3.101647998E2,1.480950117E0,9.358950615E0,-1.849500090E-1
3.101672435E2,1.522050023E0,1.049595070E1,-1.180500090E-1
3.101696871E2,3.727050066E0,1.544505119E1,1.047000051E0
3.101721306E2,4.639050007E0,1.502205086E1,1.804050088E0
3.101745743E2,2.616000175E0,8.617050171E0,-1.240950108E0
3.101770179E2,2.464950085E0,8.509050369E0,-1.087050080E0
3.101794614E2,3.334050179E0,1.310400105E1,1.119000077E0
3.101819051E2,2.506050110E0,1.028100014E1,-6.400500536E-1
3.101843487E2,3.220500052E-1,6.133950233E0,2.089500129E-1
3.101867924E2,-4.839000225E0,1.578105068E1,1.726950049E0
3.101892358E2,-1.128000021E0,4.149000168E0,1.879950047E0
3.101916795E2,-3.850500286E-1,6.100500226E-1,4.200000167E-1
3.101941231E2,-5.892000198E0,1.256505013E1,-1.461000085E0
3.101965666E2,-4.173000336E0,1.043700027E1,-1.468050122E0
3.101990102E2,-5.310000181E-1,7.441050529E0,4.699500203E-1
3.102014539E2,3.196050167E0,7.675950527E0,4.270500243E-1
3.102038976E2,4.879500270E-1,9.013950348E0,-1.054050088E0
3.102063410E2,2.644950151E0,1.046100044E1,-7.654950142E0
3.102087847E2,6.922950268E0,8.884950638E0,-1.280505085E1
3.102112282E2,8.239950180E0,6.961950302E0,-7.333950520E0
3.102136718E2,4.644000053E0,9.727950096E0,-8.209950447E0
3.102161155E2,5.548950195E0,1.133895016E1,-8.899950027E0
3.102185591E2,6.660000324E0,8.655000687E0,-6.823950291E0
3.102210026E2,6.379950523E0,6.156000137E0,-4.252950191E0
3.102234463E2,4.761000156E0,8.683950424E0,-5.500050068E0
3.102258899E2,5.926950455E0,8.100000381E0,-3.120000124E0
3.102283334E2,5.434050083E0,7.293000221E0,-1.315050006E0
3.102307771E2,6.664950371E0,1.025205040E1,4.489500225E-1
3.102332207E2,4.266000271E0,1.169805050E1,-3.520500064E-1
3.102356644E2,1.204050064E0,8.425050735E0,1.117050052E0
3.102381079E2,8.299500346E-1,8.242950439E0,9.610500336E-1
3.102405516E2,3.070950031E0,1.237395096E1,2.328000069E0
3.102429952E2,2.203950167E0,1.157895088E1,-2.032950163E0
3.102454386E2,4.849500358E-1,4.978050232E0,-2.272950172E0
3.102478823E2,4.710000157E-1,5.200050354E0,1.780500114E-1
3.102503259E2,3.388950109E0,1.260105038E1,6.520500183E-1
3.102527694E2,1.431000113E0,8.992950439E0,-5.464050293E0
3.102552131E2,6.000000238E-1,3.354000092E0,3.030000031E-1
3.102576567E2,1.426050067E0,9.216000557E0,-3.135000229E0
3.102601002E2,2.956050158E0,1.114305019E1,-4.834950447E0
3.102625438E2,1.183950067E0,5.281950474E0,-2.737050056E0
3.102649875E2,9.450000525E-1,2.764950037E0,1.156949997E0
3.102674312E2,3.172050238E0,9.247050285E0,-8.149500489E-1
3.102698746E2,1.234950066E0,6.694050312E0,-4.042050362E0
3.102723182E2,1.504950047E0,1.870500147E-1,8.080500364E-1
3.102747619E2,2.875050068E0,5.509050369E0,-1.047000051E0
3.102772054E2,3.313050270E0,1.521795082E1,-5.083950043E0
3.102796491E2,2.781000137E0,9.105000496E0,-4.705049992E0
3.102820927E2,5.710500479E-1,6.675000191E0,-7.005000114E-2
3.102845364E2,3.423000097E0,1.243605042E1,1.744050026E0
3.102869799E2,1.395000100E0,1.190205097E1,4.680000246E-1
3.102894235E2,-2.400000021E-2,7.633050442E0,-1.561950088E0
3.102918672E2,4.419000149E0,9.390000343E0,3.319050074E0
3.102943106E2,5.470050335E0,1.081995010E1,-5.815950394E0
3.102967543E2,4.594050407E0,9.879000664E0,-8.275050163E0
3.102991979E2,5.676000118E0,1.102095032E1,-7.260000229E0
3.103016416E2,6.202950478E0,1.326195049E1,-3.700050116E0
3.103040851E2,4.002000332E0,1.463400078E1,-1.963950038E0
3.103065287E2,1.768950105E0,1.132200050E1,8.749500513E-1
3.103089724E2,2.475000143E0,8.911050797E0,1.773000121E0
3.103114159E2,5.343000412E0,1.060905075E1,-3.919950247E0
3.103138595E2,3.799050093E0,1.036695004E1,-8.598000526E0
3.103163032E2,1.773000121E0,7.396050453E0,-4.528050423E0
3.103187466E2,1.729950070E0,7.992000580E0,-9.940500259E-1
3.103211903E2,3.081000090E0,1.005600071E1,-1.047000051E0
3.103236339E2,1.206000090E0,7.530000210E0,-1.095000029E0
3.103260774E2,1.041000009E0,5.497050285E0,1.258050084E0
3.103285211E2,5.899050236E0,8.005949974E0,-4.170000255E-1
3.103309647E2,5.250000477E0,6.775950432E0,-6.345000267E0
3.103334082E2,3.568950176E0,5.290950298E0,-1.969050050E0
3.103358519E2,5.134950161E0,8.181000710E0,5.010000467E-1
3.103382955E2,6.129000187E0,1.005795002E1,-1.642950058E0
3.103407392E2,2.518050194E0,1.084605026E1,-1.945050120E0
3.103431826E2,1.045050025E0,9.996000290E0,-8.860500455E-1
3.103456263E2,4.824000359E0,1.042500019E1,-3.289950132E0
3.103480699E2,7.527000427E0,1.250295067E1,-9.748050690E0
3.103505134E2,3.001950026E0,1.003200054E1,-8.488050461E0
3.103529571E2,4.519500136E-1,1.017600060E1,-1.459050059E0
3.103554007E2,2.262000084E0,1.193295097E1,2.292000055E0
3.103578444E2,3.622050285E0,1.388400078E1,7.140000463E-1
3.103602879E2,2.404950142E0,1.001295090E1,-8.700000495E-2
3.103627315E2,4.492950439E0,8.563950539E0,-2.376000166E0
3.103651752E2,6.931050301E0,1.244295025E1,-8.341950417E0
3.103676186E2,5.166000366E0,9.520050049E0,-9.690000534E0
3.103700623E2,2.155950069E0,8.100000381E0,-3.147000074E0
3.103725059E2,3.540000200E0,7.293000221E0,-2.230500132E-1
3.103749496E2,3.943050146E0,8.065950394E0,-2.116950035E0
3.103773931E2,1.333050013E0,4.573050022E0,-2.494950056E0
3.103798367E2,2.013000011E0,2.835000038E0,-2.806950092E0
3.103822804E2,8.098950386E0,6.510000229E0,-7.831950188E0
3.103847239E2,7.516950130E0,3.703950167E0,-1.163700008E1
3.103871675E2,2.029950142E0,1.860000134E0,-4.747950077E0
3.103896112E2,1.002000093E0,4.531949997E0,1.236000061E0
3.103920546E2,3.387000084E0,7.990050316E0,2.580000162E0
3.103944982E2,1.912050128E0,6.073950291E0,1.267050028E0
3.103969419E2,8.110500574E-1,3.349950075E0,1.258050084E0
3.103993854E2,5.227950096E0,5.181000233E0,1.701000094E0
3.104018291E2,5.977950096E0,5.665050507E0,-3.586950064E0
3.104042727E2,5.382000446E0,2.848950148E0,-3.963000298E0
3.104067164E2,3.861000299E0,5.904000282E0,-4.051949978E0
3.104091599E2,4.114950180E0,8.659950256E0,-2.932950258E0
3.104116035E2,2.820000172E0,1.123905087E1,-1.281000018E0
3.104140472E2,2.314050198E0,1.233495045E1,3.147000074E0
3.104164906E2,3.736950159E0,1.173705101E1,1.291050076E0
3.104189343E2,4.189050198E0,1.219905090E1,-3.043950081E0
3.104213779E2,3.025950193E0,1.493295097E1,-4.135050297E0
3.104238214E2,3.844050169E0,1.357800102E1,-2.710500062E-1
3.104262651E2,3.421050072E0,1.313295078E1,-2.830950022E0
3.104287088E2,2.484000206E0,1.559895039E1,-3.840000033E-1
3.104311524E2,2.178000212E0,1.510500050E1,5.680500269E-1
3.104335958E2,3.231000185E0,1.283805084E1,2.164950132E0
3.104360395E2,4.857000351E0,1.465500069E1,-9.460500479E-1
3.104384832E2,4.953000069E0,1.526805115E1,-8.128950119E0
3.104409266E2,1.954950094E0,1.342905045E1,-6.403050423E0
3.104433703E2,1.906950116E0,1.260300064E1,-1.755000114E0
3.104458139E2,2.116050005E0,1.531905079E1,-2.265000105E0
3.104482574E2,9.210000634E-1,1.093695068E1,1.009050012E0
3.104507011E2,3.030000031E-1,6.627000332E0,1.167000055E0
3.104531447E2,9.709500670E-1,8.569050789E0,3.034050226E0
3.104555884E2,2.721000195E0,1.065705013E1,3.705000162E0
3.104580318E2,2.203950167E0,8.614950180E0,-2.059950113E0
3.104604754E2,9.660000205E-1,7.033950329E0,-3.490950108E0
3.104629191E2,4.927050114E0,1.118400097E1,-9.319500327E-1
3.104653626E2,3.294000149E0,1.254405022E1,-5.827950478E0
3.104678063E2,8.800500631E-1,8.938050270E0,-3.091950178E0
3.104702499E2,5.205000192E-2,7.834050179E0,-1.807950139E0
3.104726936E2,4.543950081E0,9.164999962E0,-4.339050293E0
3.104751371E2,4.575000286E0,9.619950294E0,-6.910050392E0
3.104775807E2,2.935050249E0,7.312050343E0,-2.734950066E0
3.104800244E2,4.318050385E0,1.006305027E1,1.174050093E0
3.104824678E2,5.607000351E0,1.325700092E1,-2.134050131E0
3.104849114E2,3.325050116E0,1.036500072E1,-2.638950109E0
3.104873551E2,2.604000092E0,6.895050526E0,-2.584050179E0
3.104897986E2,5.113050461E0,9.364050865E0,-5.136000156E0
3.104922423E2,4.869000435E0,1.101600075E1,-9.027000427E0
3.104946859E2,2.259000063E0,7.923000336E0,-3.324000120E0
3.104971296E2,1.278000116E0,6.663000107E0,1.095000029E0
3.104995731E2,3.415950060E0,1.124595070E1,2.211000204E0
3.105020167E2,3.337050200E0,1.332705021E1,1.335000038E0
3.105044604E2,1.522050023E0,8.265000343E0,1.513950109E0
3.105069038E2,2.158950090E0,8.602950096E0,1.469999999E-1
3.105093475E2,6.081000328E0,1.120995045E1,-5.778000355E0
3.105117911E2,1.828050137E0,9.273000717E0,-7.662000179E0
3.105142346E2,1.210500076E-1,7.519950390E0,-1.795950055E0
3.105166783E2,1.299000025E0,9.115050316E0,-1.261950016E0
3.105191219E2,2.857950211E0,1.074795055E1,-6.090000272E-1
3.105215654E2,1.599000096E0,8.014050484E0,-1.066050053E0
3.105240091E2,2.392950058E0,6.924000263E0,1.600050092E0
3.105264527E2,3.805950165E0,1.008000088E1,-2.505000114E0
3.105288961E2,4.510050297E0,1.154295063E1,-6.649050236E0
3.105313398E2,1.684950113E0,6.976950169E0,-4.140000343E0
3.105337835E2,9.469500184E-1,6.073950291E0,1.660050035E0
3.105362271E2,3.457050085E0,1.037205029E1,4.770000279E-1
3.105386706E2,2.494050026E0,1.168395042E1,-6.250500083E-1
3.105411143E2,1.342050076E0,6.253950119E0,0.000000000E0
3.105435579E2,3.721950293E0,7.012950420E0,-2.802000046E0
3.105460014E2,6.138000488E0,1.116195011E1,-6.549000263E0
3.105484451E2,3.117000103E0,8.634000778E0,-8.524050713E0
3.105508887E2,4.849500358E-1,8.325000763E0,-1.878000140E0
3.105533324E2,2.213999987E0,1.124100018E1,2.469000101E0
3.105557759E2,3.241050243E0,1.220805073E1,1.267050028E0
3.105582195E2,1.764000058E0,8.470950127E0,-3.330000043E-1
3.105606632E2,9.880500436E-1,6.502950191E0,1.086000085E0
3.105631066E2,3.931050301E0,9.816000938E0,1.138050079E0
3.105655503E2,3.174000263E0,1.124805069E1,-5.674950123E0
3.105679939E2,1.134000063E0,6.699000359E0,-2.340000153E0
3.105704376E2,1.246950030E0,5.169000149E0,7.960500121E-1
3.105728811E2,2.434050083E0,1.003395081E1,7.429500222E-1
3.105753247E2,2.407950163E0,1.090095043E1,1.675050020E0
3.105777684E2,8.659500480E-1,3.898050070E0,-1.800000072E-1
3.105802119E2,9.000000544E-3,2.551950216E0,-1.084950089E0
3.105826555E2,1.006950021E0,9.196050644E0,9.319500327E-1
3.105850992E2,2.247000217E0,8.646000862E0,1.339050055E0
3.105875427E2,9.259500504E-1,2.808000088E0,-1.324950099E0
3.105899863E2,8.040000200E-1,5.650050163E0,-1.441950083E0
3.105924300E2,2.331000090E0,1.248600101E1,3.496950150E0
3.105948734E2,1.657950044E0,6.292050362E0,9.300000668E-1
3.105973171E2,3.000000119E-2,7.999500632E-1,-1.819500029E-1
3.105997607E2,6.448950291E0,8.212050438E0,1.344000101E0
3.106022044E2,2.137050152E0,1.245300102E1,-6.196950436E0
3.106046479E2,1.825950146E0,2.992950201E0,-4.240950108E0
3.106070915E2,2.439000130E0,4.501049995E0,-4.918050289E0
3.106095352E2,5.218950272E0,7.884000301E0,-1.147395039E1
3.106119786E2,7.405050278E0,5.059050083E0,-1.093305016E1
3.106144223E2,2.788950205E0,5.707950115E0,-1.213005066E1
3.106168660E2,7.266000271E0,6.831000328E0,-9.609000206E0
3.106193094E2,1.033500004E1,6.630000114E0,-9.877050400E0
3.106217531E2,2.413050175E0,5.764950275E0,-8.742000580E0
3.106241968E2,6.529500484E-1,7.681050301E0,-1.903950095E0
3.106266404E2,4.645950317E0,7.707000256E0,1.900500059E-1
3.106290839E2,5.923050404E0,9.330000877E0,-1.767000079E0
3.106315276E2,3.760950089E0,7.573050499E0,1.086000085E0
3.106339712E2,3.234000206E0,5.773050308E0,1.327050090E0
3.106364146E2,7.090950489E0,8.482950211E0,-2.632050037E0
3.106388583E2,7.182000160E0,8.883000374E0,-7.720050335E0
3.106413020E2,2.358000040E0,7.441050529E0,-3.903000116E0
3.106437454E2,5.569500327E-1,9.465000153E0,5.680500269E-1
3.106461891E2,3.789000273E0,1.394205093E1,8.629500270E-1
3.106486327E2,3.229050159E0,1.281405067E1,-2.280000150E-1
3.106510764E2,8.560500145E-1,8.944950104E0,-7.860000134E-1
3.106535199E2,2.206950188E0,9.733050346E0,1.726950049E0
3.106559635E2,5.173050404E0,1.251495075E1,-4.542000294E0
3.106584072E2,2.251950026E0,1.089900017E1,-4.927950382E0
3.106608506E2,1.857000113E0,8.562000275E0,3.910500109E-1
3.106632943E2,3.976050138E0,9.690000534E0,-1.951950073E0
3.106657380E2,3.184050083E0,1.412100029E1,6.520500183E-1
3.106681816E2,1.809000134E0,1.045605087E1,-7.005000114E-2
3.106706251E2,6.480000019E-1,6.045000076E0,-1.585050106E0
3.106730687E2,1.321050048E0,1.080105019E1,1.366050124E0
3.106755124E2,3.550050259E0,1.369305038E1,2.295000076E0
3.106779559E2,2.257050037E0,7.882050514E0,-7.090500593E-1
3.106803995E2,4.330500066E-1,2.394000053E0,5.089499950E-1
3.106828432E2,2.770500183E-1,6.951000214E0,3.600000143E-1
3.106852866E2,2.254950047E0,1.305405045E1,2.484000206E0
3.106877303E2,1.783050060E0,7.165950298E0,8.749500513E-1
3.106901739E2,2.379000187E0,3.439950228E0,-1.578000069E0
3.106926176E2,4.627050400E0,1.155705070E1,-5.325000286E0
3.106950611E2,3.751050234E0,1.000605011E1,-8.452050209E0
3.106975047E2,5.449500084E-1,4.269000053E0,-2.947950125E0
3.106999484E2,1.315950036E0,4.293000221E0,8.050500154E-1
3.107023919E2,2.536950111E0,1.084395027E1,-1.319999993E-1
3.107048355E2,1.453050017E0,7.000950336E0,-1.708050132E0
3.107072792E2,7.270500064E-1,1.654050112E0,1.315050006E0
3.107097227E2,5.370000362E0,5.670000076E0,2.160000056E-1
3.107121663E2,3.567000151E0,1.315395069E1,-7.507050514E0
3.107146100E2,5.542050362E0,4.147050381E0,-4.092000008E0
3.107170537E2,6.922950268E0,2.835000038E0,-5.329950333E0
3.107194971E2,1.071105003E1,6.702000141E0,-4.722000122E0
3.107219407E2,5.977950096E0,8.203050613E0,-5.325000286E0
3.107243844E2,9.040500522E-1,6.924000263E0,2.140500098E-1
3.107268279E2,1.800000072E0,7.522950172E0,1.392000079E0
3.107292716E2,7.261050224E0,8.719950676E0,-2.770950079E0
3.107317152E2,4.052999973E0,9.088950157E0,-6.300000191E0
3.107341587E2,6.700500250E-1,8.746050835E0,-6.540000439E-1
3.107366023E2,6.940500140E-1,9.189000130E0,-2.350500077E-1
3.107390460E2,3.093000174E0,1.169805050E1,-3.115050077E0
3.107414894E2,2.755050182E0,1.096095085E1,-3.076950073E0
3.107439331E2,2.056050062E0,8.791950226E0,-1.990500093E-1
3.107463767E2,3.969000101E0,9.091050148E0,-2.184000015E0
3.107488202E2,4.888050079E0,1.230405045E1,-6.975000381E0
3.107512639E2,2.998950243E0,1.127505016E1,-3.336000204E0
3.107537076E2,1.618050098E0,7.216050148E0,2.500500083E-1
3.107561512E2,3.010950089E0,8.974050522E0,2.140500098E-1
3.107585946E2,3.093000174E0,1.377195072E1,4.969500303E-1
3.107610383E2,1.620000124E0,9.124950409E0,-1.564050078E0
3.107634819E2,8.659500480E-1,5.634000301E0,1.465950012E0
3.107659256E2,3.544950247E0,1.144695091E1,-4.030050278E0
3.107683691E2,3.322050095E0,1.234995079E1,-7.489950180E0
3.107708127E2,1.210950017E0,6.733050346E0,-3.106050253E0
3.107732564E2,3.300000131E-1,4.888950348E0,2.009999990E0
3.107756999E2,2.631000042E0,1.052505016E1,1.105050087E0
3.107781435E2,2.494050026E0,1.297005081E1,-1.285950065E0
3.107805872E2,1.183950067E0,5.767950058E0,3.700500131E-1
3.107830309E2,3.379950047E0,6.843000412E0,6.139500141E-1
3.107854743E2,4.761000156E0,1.538100052E1,-3.930000305E0
3.107879179E2,3.724950075E0,1.108305073E1,-5.950050354E0
3.107903616E2,9.640500546E-1,6.001950264E0,-3.259500265E-1
3.107928051E2,1.393050075E0,8.185950279E0,4.680000246E-1
3.107952487E2,3.559050083E0,1.349895096E1,1.672050118E0
3.107976924E2,2.451000214E0,1.126695061E1,5.279999971E-1
3.108001359E2,6.310500503E-1,6.886050224E0,-2.760000229E-1
3.108025795E2,4.282950401E0,8.683950424E0,5.850000381E-1
3.108050232E2,3.781950235E0,1.513200092E1,-9.685050011E0
3.108074666E2,2.221050024E0,8.377950668E0,-6.511050224E0
3.108099103E2,-1.530000120E-1,5.938050270E0,-1.044000030E0
3.108123539E2,2.118000031E0,9.220050812E0,8.290500641E-1
3.108147976E2,2.635050058E0,1.201005077E1,-1.015950084E0
3.108172411E2,1.195950031E0,5.916000366E0,1.710000038E-1
3.108196847E2,1.969950080E0,3.280050039E0,1.513950109E0
3.108221282E2,4.876049995E0,9.591000557E0,-4.248000145E0
3.108245718E2,4.117050171E0,1.127895069E1,-8.922000885E0
3.108270155E2,1.657950044E0,5.416050434E0,-3.810000181E0
3.108294592E2,4.330500066E-1,4.906050205E0,1.356000066E0
3.108319026E2,2.994000196E0,1.009905052E1,1.974000096E0
3.108343463E2,1.717950106E0,1.022100067E1,-5.179499984E-1
3.108367900E2,6.460500360E-1,3.936000109E0,1.023000002E0
3.108392334E2,2.491950035E0,2.931000233E0,1.299000025E0
3.108416771E2,4.386000156E0,9.571950912E0,-4.936950207E0
3.108441207E2,3.583050251E0,8.964000702E0,-8.254050255E0
3.108465644E2,1.651050091E0,3.112050056E0,-4.849050045E0
3.108490079E2,8.710500598E-1,5.950050354E0,-6.280500293E-1
3.108514516E2,2.239950180E0,1.007295036E1,2.430000156E-1
3.108538952E2,1.654050112E0,7.413000584E0,-5.989500284E-1
3.108563386E2,3.940500319E-1,5.161950111E0,3.270000219E-1
3.108587822E2,8.520000577E-1,1.017300034E1,2.319000006E0
3.108612259E2,2.947050095E0,1.455495071E1,7.000500560E-1
3.108636696E2,3.112050056E0,1.163400078E1,1.741950035E0
3.108661131E2,1.747050047E0,5.868000507E0,-1.143000007E0
3.108685567E2,1.182000041E0,1.088895035E1,-1.806000113E0
3.108710004E2,3.394050121E0,1.660395050E1,2.496000051E0
3.108734439E2,2.844000101E0,1.434600067E1,1.195950031E0
3.108758876E2,1.351950049E0,1.105395031E1,1.147950053E0
3.108783312E2,2.334000111E0,1.628295135E1,3.312000275E0
3.108807749E2,7.555950165E0,2.172795105E1,5.625000477E0
3.108832183E2,7.749000549E0,1.309695053E1,-6.798000336E0
3.108856620E2,9.090000391E-1,1.132995033E1,-3.585000277E0
3.108881054E2,1.594050050E0,1.704495049E1,-4.192950249E0
3.108905491E2,1.732950091E0,1.354905033E1,-1.817295074E1
3.108929927E2,-6.889500618E-1,4.756950378E0,-4.927950382E0
3.108954364E2,-7.159500122E-1,1.105949998E0,7.650000453E-1
3.108978799E2,4.110000134E-1,-4.680000246E-1,8.250000477E-1
3.109003235E2,4.470000267E-1,3.586950064E0,-3.565950155E0
3.109027672E2,2.443950176E0,8.590950012E0,-4.099050045E0
3.109052106E2,4.780500233E-1,1.027050018E0,3.619500101E-1
3.109076543E2,2.383949995E0,1.756950140E0,1.270050049E0
3.109100979E2,2.494050026E0,1.458405113E1,-2.299500108E-1
3.109125416E2,2.877000093E0,1.305105019E1,4.608000278E0
3.109149851E2,5.740500093E-1,6.666000366E0,3.204000235E0
3.109174287E2,1.500000060E-1,1.010595036E1,2.905050039E0
3.109198724E2,1.942950130E0,1.450905037E1,4.378050327E0
3.109223158E2,2.688000202E0,1.017600060E1,4.464000225E0
3.109247595E2,2.097000122E0,8.770050049E0,1.119000077E0
3.109272032E2,8.428950310E0,1.370505047E1,1.986000061E0
3.109296466E2,1.188405037E1,1.528500080E1,-1.473705101E1
3.109320903E2,8.719050407E0,9.426000595E0,-1.726095009E1
3.109345339E2,6.169500351E-1,9.016950607E0,-1.242195034E1
3.109369774E2,2.178000212E0,1.165500069E1,-3.846000195E0
3.109394211E2,4.132050037E0,1.555605030E1,-5.580000281E-1
3.109418648E2,3.739050150E0,1.030005074E1,-1.138050079E0
3.109443082E2,2.556000233E0,8.344050407E0,-1.629000068E0
3.109467519E2,3.718050241E0,1.428900051E1,-3.169500232E-1
3.109491955E2,2.985000134E0,1.279500103E1,1.525950074E0
3.109516392E2,8.350500464E-1,5.671950340E0,-2.205000073E-2
3.109540826E2,-2.494950056E0,1.541400051E1,1.710000038E-1
3.109565263E2,-4.305000305E0,1.512705040E1,3.259950161E0
3.109589699E2,-3.640500307E-1,5.599500537E-1,2.380950212E0
3.109614136E2,-2.749500275E-1,-1.810500026E-1,6.412950516E0
3.109638571E2,-1.258950114E0,3.414000273E0,9.370050430E0
3.109663007E2,-3.610050201E0,1.980300140E1,-7.069500089E-1
3.109687444E2,1.705950022E0,9.814050674E0,5.879999995E-1
3.109711879E2,2.959500253E-1,4.450950146E0,1.653000116E0
3.109736315E2,7.455000401E0,1.003200054E1,2.460000038E0
3.109760752E2,1.366800022E1,1.257000065E1,-2.318700027E1
3.109785188E2,1.144905090E1,2.346000195E0,-2.134095192E1
3.109809622E2,2.428950071E0,5.746050358E0,-1.007295036E1
3.109834059E2,4.014000416E0,8.566950798E0,2.259000063E0
3.109858496E2,4.261050224E0,1.351095104E1,3.595050097E0
3.109882931E2,2.518050194E0,9.691950798E0,-1.230000034E-1
3.109907367E2,1.210500076E-1,3.850050211E0,1.545000076E0
3.109931804E2,2.340000123E-1,1.106400013E1,2.575050116E0
3.109956238E2,5.190000057E0,1.634295082E1,2.078999996E0
3.109980675E2,2.496000051E0,6.991050243E0,1.098000050E0
3.110005112E2,5.449500084E-1,4.012950420E0,-1.072950006E0
3.110029546E2,2.212050200E0,1.257195091E1,1.500000060E-2
3.110053982E2,2.965950251E0,1.280205059E1,3.516000271E0
3.110078419E2,7.369500399E-1,4.422000408E0,-1.750500053E-1
3.110102854E2,-1.390500069E-1,4.300050259E0,-1.276950002E0
3.110127291E2,9.912000656E0,1.351800060E1,-3.739500046E-1
3.110151727E2,6.094950199E0,1.127895069E1,-1.348695087E1
3.110176164E2,1.633950114E0,5.854050159E0,-6.694950104E0
3.110200599E2,-2.250000089E-1,7.566000462E0,-8.700000495E-2
3.110225036E2,3.492000103E0,1.388400078E1,7.000500560E-1
3.110249472E2,2.571000099E0,1.285695076E1,2.517000198E0
3.110273906E2,8.590500355E-1,6.748950481E0,4.369500279E-1
3.110298343E2,3.079500198E-1,9.556050301E0,6.190500259E-1
3.110322779E2,4.393050194E0,1.507905102E1,2.589000225E0
3.110347216E2,3.724950075E0,1.122900009E1,-4.594950199E0
3.110371651E2,1.402050018E0,5.940000057E0,-2.389950037E0
3.110396088E2,1.266000032E0,8.470950127E0,3.820500076E-1
3.110420521E2,2.674050093E0,1.416900063E1,-4.800000042E-2
3.110444958E2,2.257050037E0,9.900000572E0,2.146050215E0
3.110469395E2,2.890500128E-1,4.052999973E0,-1.231050014E0
3.110493831E2,-8.070000410E-1,8.362950325E0,-1.978050113E0
3.110518266E2,1.323000073E0,1.744005013E1,1.834950089E0
3.110542703E2,2.761950016E0,1.395405102E1,2.625000238E0
3.110567139E2,1.471950054E0,4.731000423E0,5.419500470E-1
3.110591576E2,2.149500102E-1,7.839000225E0,-1.753050089E0
3.110616011E2,7.530000210E-1,1.554600048E1,6.160500050E-1
3.110640447E2,9.139500260E-1,8.029950142E0,2.371050119E0
3.110664884E2,4.060500264E-1,2.952000141E0,2.668050051E0
3.110689319E2,8.215950012E0,5.728950500E0,1.039500013E-1
3.110713755E2,5.820000172E0,1.216305065E1,-1.756005096E1
3.110738192E2,1.005000019E1,4.374000072E0,-2.279595184E1
3.110762626E2,3.840000153E0,6.189000130E0,-1.398300076E1
3.110787063E2,2.484000206E0,7.264050484E0,-3.079950094E0
3.110811499E2,4.519950390E0,1.086000061E1,2.355000019E0
3.110835936E2,1.801950097E0,8.761050224E0,2.469000101E0
3.110860371E2,1.360500008E-1,2.547000170E0,1.804050088E0
3.110884807E2,3.109050035E0,5.542950153E0,3.300000191E0
3.110909244E2,7.608000278E0,1.357800102E1,-8.269500136E-1
3.110933679E2,6.163950443E0,8.047050476E0,-2.400000021E-2
3.110958115E2,3.543000221E0,6.241950512E0,1.519050121E0
3.110982552E2,2.109000206E0,9.910050392E0,4.890000224E-1
3.111006989E2,2.154000044E0,1.648005104E1,-1.219050050E0
3.111031424E2,2.767050028E0,1.156005096E1,1.270050049E0
3.111055860E2,-4.305000231E-2,7.513050556E0,2.710500062E-1
3.111080297E2,2.359500080E-1,1.030995083E1,-1.930050135E0
3.111104731E2,2.002950191E0,1.771500015E1,-7.260000110E-1
3.111129168E2,3.400950193E0,1.250295067E1,-4.095000029E-2
3.111153604E2,1.885950089E0,7.816950321E0,-2.116950035E0
3.111178039E2,7.099500299E-1,1.100205040E1,-3.211050034E0
3.111202476E2,1.078950047E0,1.750200081E1,-1.474950075E0
3.111226912E2,1.327950120E0,1.288095093E1,1.222050071E0
3.111251349E2,-1.699500084E-1,8.928000450E0,-8.530500531E-1
3.111275784E2,-1.266000032E0,1.170105076E1,-1.614000082E0
3.111300220E2,-7.900500298E-1,1.625699997E1,2.176950216E0
3.111324654E2,1.402050018E0,1.315905094E1,1.639050126E0
3.111349091E2,1.771050096E0,8.855999947E0,-7.950000465E-3
3.111373527E2,3.150000274E-1,1.105200100E1,-1.693050027E0
3.111397964E2,-5.700000525E-1,1.452105045E1,-8.890500665E-1
3.111422399E2,7.819500566E-1,8.938050270E0,5.059500337E-1
3.111446836E2,-4.740000367E-1,9.634950638E0,5.428950310E0
3.111471272E2,1.777950048E0,1.162695026E1,2.917050123E0
3.111495709E2,4.645950317E0,1.132695007E1,1.978950143E0
3.111520143E2,5.544000149E0,8.332050323E0,5.244000435E0
3.111544579E2,4.764000416E0,5.296050072E0,3.111000061E0
3.111569016E2,4.150950432E0,5.464050293E0,-8.700000495E-2
3.111593451E2,4.785000324E0,1.009200001E1,4.174050331E0
3.111617887E2,3.961950302E0,8.377950668E0,3.736050129E0
3.111642324E2,1.708950043E0,4.149000168E0,1.797000051E0
3.111666761E2,8.215950012E0,6.658050537E0,1.717950106E0
3.111691196E2,1.320795059E1,9.361950874E0,-2.476005173E1
3.111715632E2,5.065050125E0,7.956000328E0,-2.881605148E1
3.111740069E2,-9.790500402E-1,5.635950089E0,-1.382505035E1
3.111764503E2,-9.105000645E-2,3.763950109E0,1.420950055E0
3.111788940E2,2.173050165E0,1.423605061E1,5.283000469E0
3.111813377E2,1.615050077E0,1.308195019E1,6.097050190E0
3.111837811E2,4.249500334E-1,2.482950211E0,2.179949999E0
3.111862247E2,-1.393050075E0,8.446949959E0,-1.072950006E0
3.111886684E2,-1.245000005E0,1.417200089E1,-4.417950153E0
3.111911121E2,8.590500355E-1,1.054200077E1,2.103000164E0
3.111935556E2,2.131950140E0,8.763000488E0,1.564050078E0
3.111959992E2,1.594050050E0,7.044000149E0,4.990500212E-1
3.111984427E2,5.670000315E-1,1.100595093E1,-1.350000054E-1
3.112008863E2,1.054949999E0,1.184700012E1,1.561950088E0
3.112033300E2,1.432950020E0,6.795000553E0,1.231950045E0
3.112057737E2,6.720000505E-1,6.922050476E0,6.795000285E-2
3.112082171E2,1.930500120E-1,1.119795036E1,-4.579500258E-1
3.112106608E2,1.582050085E0,1.215600014E1,1.693950057E0
3.112131044E2,1.974000096E0,7.518000126E0,7.860000134E-1
3.112155479E2,1.255950093E0,4.353000164E0,-6.300000101E-2
3.112179916E2,8.350500464E-1,7.221000195E0,4.650000334E-1
3.112204352E2,1.186950088E0,9.915000916E0,6.190500259E-1
3.112228787E2,1.989000082E0,8.044950485E0,1.536000013E0
3.112253224E2,1.528950095E0,6.546000481E0,-3.930000067E-1
3.112277660E2,7.920000553E-1,1.103805065E1,-2.056950092E0
3.112302097E2,2.520000219E0,1.390605068E1,1.818000078E0
3.112326531E2,3.028050184E0,9.771000862E0,1.369950056E0
3.112350968E2,1.632000089E0,6.832950115E0,-2.455050230E0
3.112375405E2,5.879999995E-1,1.084605026E1,-2.919000149E0
3.112399841E2,1.524000049E0,1.270200062E1,1.914000034E0
3.112424276E2,2.640000105E0,9.687000275E0,2.047950029E0
3.112448712E2,1.611000061E0,7.573050499E0,-1.899000049E0
3.112473149E2,3.030000210E0,1.029495049E1,6.790500283E-1
3.112497584E2,7.873950481E0,1.124595070E1,-8.827950478E0
3.112522021E2,5.170950413E0,1.129095078E1,-1.262100029E1
3.112546457E2,1.789950132E0,9.754050255E0,-5.685000420E0
3.112570894E2,1.126950026E0,8.370000839E0,2.457000017E0
3.112595328E2,2.346000195E0,1.246500015E1,2.134050131E0
3.112619764E2,2.428950071E0,1.279305077E1,1.540050030E0
3.112644201E2,1.192050099E0,8.904000282E0,-5.370000005E-1
3.112668636E2,-4.279500246E-1,9.687000275E0,1.005000062E-2
3.112693072E2,3.580500185E-1,1.306605053E1,2.199000120E0
3.112717509E2,2.623050213E0,1.318995094E1,1.903950095E0
3.112741944E2,2.914950132E0,9.304050446E0,-4.980000257E-1
3.112766381E2,1.789950132E0,1.019700050E1,-2.265000105E0
3.112790817E2,1.567050099E0,1.231605053E1,5.659500360E-1
3.112815251E2,2.070000172E0,1.153305054E1,1.798950076E0
3.112839688E2,2.281050205E0,9.642000198E0,1.519500017E-1
3.112864125E2,1.534050107E0,9.615000725E0,-1.561950088E0
3.112888559E2,6.430500150E-1,1.173705101E1,-3.360000253E-1
3.112912996E2,1.840050101E0,1.204995060E1,7.140000463E-1
3.112937432E2,3.733950138E0,1.149195099E1,-1.087050080E0
3.112961869E2,2.656950235E0,1.076505089E1,-1.119000077E0
3.112986304E2,1.429500133E-1,9.618000031E0,-1.164000034E0
3.113010741E2,2.595000155E-2,1.147095013E1,5.970000029E-1
3.113035177E2,1.483950019E0,1.189005089E1,1.191000104E0
3.113059611E2,1.666050076E0,1.059495068E1,-1.489500105E-1
3.113084048E2,1.357050061E0,1.098705006E1,8.290500641E-1
3.113108484E2,1.869000077E0,1.237800026E1,2.191950083E0
3.113132921E2,2.997000217E0,1.169595051E1,1.075950027E0
3.113157356E2,3.042000055E0,9.072000504E0,-1.842000127E0
3.113181793E2,2.247000217E0,9.508050919E0,-1.552050114E0
3.113206229E2,2.068050146E0,9.571950912E0,-3.372000217E0
3.113230666E2,4.303950310E0,7.990050316E0,-7.645050526E0
3.113255101E2,1.984050035E0,6.436050415E0,-6.714000225E0
3.113279537E2,-1.200000048E-1,6.156000137E0,1.357950091E0
3.113303974E2,5.279999971E-1,8.143050194E0,1.204950094E0
3.113328408E2,5.106000423E0,1.029300022E1,-9.730500579E-1
3.113352844E2,3.696000099E0,7.065000534E0,-1.387050033E0
3.113377281E2,1.930950046E0,4.377000332E0,-8.220000267E-1
3.113401716E2,1.246950030E0,6.514950275E0,2.223000050E0
3.113426153E2,4.936050415E0,7.489050388E0,-1.897050142E0
3.113450589E2,3.375000238E0,5.092950344E0,-2.293950081E0
3.113475024E2,3.463950157E0,4.354950428E0,-2.260950089E0
3.113499461E2,7.066950321E0,6.703950405E0,-4.047000408E0
3.113523897E2,9.871050835E0,7.350000381E0,-5.740050316E0
3.113548331E2,6.406050205E0,7.960950375E0,-6.384000301E0
3.113572768E2,2.428950071E0,7.602000237E0,2.160000056E-1
3.113597204E2,2.178000212E0,9.453000069E0,1.432950020E0
3.113621641E2,1.812000036E0,1.390605068E1,1.288950086E0
3.113646076E2,1.004999995E0,1.171800041E1,1.476000071E0
3.113670513E2,-6.060000062E-1,9.453000069E0,7.500000298E-2
3.113694949E2,-8.380500674E-1,1.218195057E1,1.066050053E0
3.113719383E2,8.059500456E-1,1.455000114E1,3.289500177E-1
3.113743820E2,3.154950142E0,1.423605061E1,-1.990500093E-1
3.113768257E2,3.634050131E0,1.282395077E1,-1.485000014E0
3.113792694E2,1.611000061E0,1.240200043E1,-1.114050031E0
3.113817128E2,8.505000174E-2,1.118100071E1,-5.730000138E-1
3.113841565E2,-2.080500126E-1,1.217205048E1,-1.530000091E0
3.113866001E2,7.849500179E-1,1.013295078E1,1.813050032E0
3.113890438E2,7.770000100E-1,9.259050369E0,-1.168950081E0
3.113914873E2,1.383000016E0,1.095900059E1,-4.309500158E-1
3.113939309E2,2.626050234E0,1.269900036E1,1.300500035E-1
3.113963746E2,5.293050289E0,1.149195099E1,-1.336050034E0
3.113988181E2,2.584950209E0,1.076700020E1,-4.498950005E0
3.114012617E2,1.761000037E0,1.148295021E1,-1.581000090E0
3.114037054E2,2.899050236E0,1.180905056E1,3.817050219E0
3.114061488E2,3.061050177E0,1.088205051E1,-1.200000048E0
3.114085925E2,1.692000031E0,7.165950298E0,-2.400000095E0
3.114110361E2,2.590050220E0,7.578000546E0,-1.399050117E0
3.114134796E2,4.696950436E0,9.975000381E0,-2.074050188E0
3.114159233E2,5.311950207E0,1.025895023E1,-5.026050091E0
3.114183670E2,3.460950136E0,8.775000572E0,-3.408000231E0
3.114208104E2,2.098950148E0,7.935000420E0,1.252950072E0
3.114232541E2,1.843050122E0,9.852000237E0,1.999500096E-1
3.114256977E2,1.936050057E0,1.204800034E1,1.794000030E0
3.114281413E2,2.065050125E0,1.040505028E1,2.800050020E0
3.114305848E2,8.869500160E-1,8.409000397E0,5.850000381E-1
3.114330285E2,6.649500132E-1,1.022100067E1,9.559500217E-1
3.114354721E2,2.362050056E0,1.340805054E1,1.690950036E0
3.114379156E2,4.045950413E0,1.138200092E1,2.059950113E0
3.114403593E2,4.065000057E0,8.667000771E0,-2.422950029E0
3.114428029E2,9.379500151E-1,1.012305069E1,-4.735949993E0
3.114452466E2,8.350500464E-1,9.211050034E0,-4.027950287E0
3.114476900E2,2.973000050E0,8.847000122E0,-6.352950096E0
3.114501337E2,2.068050146E0,8.305950165E0,-4.669050217E0
3.114525773E2,7.440000176E-1,8.281949997E0,3.340500295E-1
3.114550210E2,2.041949987E0,9.160050392E0,1.666950107E0
3.114574645E2,6.028050423E0,9.982050896E0,-2.584050179E0
3.114599081E2,4.129050255E0,8.326950073E0,-1.249950051E0
3.114623518E2,2.785950184E0,6.682050228E0,1.938000083E0
3.114647952E2,1.207950115E0,8.470950127E0,8.370000124E-1
3.114672389E2,5.830500126E-1,8.169000626E0,1.414050102E0
3.114696826E2,5.470499992E-1,7.542000294E0,2.529000044E0
3.114721260E2,4.680000246E-1,7.510950565E0,2.209500074E-1
3.114745697E2,4.618050098E0,8.566950798E0,-5.580000281E-1
3.114770133E2,4.929000378E0,9.330000877E0,-7.662000179E0
3.114794570E2,7.576950550E0,8.184000015E0,-1.152900028E1
3.114819005E2,1.456950068E0,9.397050858E0,-8.752050400E0
3.114843441E2,3.420000076E-1,7.381050587E0,5.989500284E-1
3.114867875E2,8.989500403E-1,7.137000561E0,2.647050142E0
3.114892312E2,7.750500441E-1,9.997950554E0,2.163000107E0
3.114916749E2,8.590500355E-1,7.543950558E0,4.435050011E0
3.114941185E2,1.860000044E-1,5.872950077E0,-1.648050070E0
3.114965620E2,2.749500275E-1,8.203050613E0,-3.324000120E0
3.114990057E2,1.065000057E0,9.670050621E0,5.419500470E-1
3.115014493E2,2.755050182E0,1.054005051E1,1.714950085E0
3.115038928E2,2.310000181E0,8.029950142E0,1.155000091E0
3.115063364E2,4.729500115E-1,6.727950096E0,-1.162050009E0
3.115087801E2,-9.300000221E-2,7.324050426E0,-1.281000018E0
3.115112238E2,1.170000076E0,8.992950439E0,2.623050213E0
3.115136675E2,2.353049994E0,1.024005032E1,3.154050112E0
3.115161109E2,1.855050087E0,8.752950668E0,-8.400000632E-2
3.115185545E2,3.064050198E0,1.055595016E1,6.670500040E-1
3.115209982E2,1.228395081E1,1.240500069E1,-1.039950013E0
3.115234417E2,7.222950459E0,8.788949966E0,-1.263795090E1
3.115258853E2,1.642050028E0,1.104705048E1,-8.914050102E0
3.115283290E2,-2.920500040E-1,1.035000038E1,-4.155000210E0
3.115307725E2,1.290000081E0,9.598950386E0,9.180000424E-1
3.115332161E2,2.640000105E0,1.055205059E1,1.696050048E0
3.115356598E2,3.025950193E0,8.761050224E0,4.990500212E-1
3.115381033E2,2.314050198E0,8.011050224E0,1.042050004E0
3.115405469E2,2.760000229E0,1.025895023E1,2.950500250E-1
3.115429906E2,5.254950047E0,1.015605068E1,-2.313000202E0
3.115454342E2,3.627000093E0,1.061100006E1,-4.819950104E0
3.115478777E2,1.263000011E0,8.646000862E0,-3.307050228E0
3.115503214E2,5.790000558E-1,6.699000359E0,1.380000114E0
3.115527650E2,8.320500255E-1,8.643000603E0,2.455050230E0
3.115552085E2,8.440500498E-1,9.079050064E0,7.459500432E-1
3.115576522E2,9.280500412E-1,7.618950367E0,-4.170000255E-1
3.115600958E2,1.636950135E0,7.816950321E0,-1.480050087E0
3.115625395E2,4.198950291E0,8.148000717E0,-1.947000146E0
3.115649829E2,6.064050198E0,8.646000862E0,-6.271050453E0
3.115674265E2,3.178950071E0,9.679950714E0,-6.964950562E0
3.115698702E2,6.169500351E-1,1.013505077E1,-1.582950115E0
3.115723137E2,4.999500215E-1,8.593050003E0,2.398050070E0
3.115747573E2,1.042950034E0,1.005405045E1,1.962000132E0
3.115772010E2,1.668000102E0,1.067595005E1,1.696050048E0
3.115796447E2,1.792950034E0,8.088000298E0,-1.165950060E0
3.115820881E2,1.488000035E0,7.329000473E0,-6.490500569E-1
3.115845318E2,1.456950068E0,9.091050148E0,1.999500096E-1
3.115869755E2,2.110949993E0,1.069305038E1,-1.200000010E-2
3.115894189E2,1.744950056E0,1.014495087E1,-2.419500053E-1
3.115918625E2,4.729500115E-1,8.425050735E0,-1.027950048E0
3.115943062E2,-2.490000129E-1,7.317000389E0,-6.495000422E-2
3.115967497E2,3.250500262E-1,8.545050621E0,5.520000458E-1
3.115991934E2,3.907050133E0,1.015905094E1,-1.858050108E0
3.116016371E2,3.226950169E0,9.559950829E0,-3.343050241E0
3.116040807E2,3.102000237E0,8.077950478E0,-1.246050000E0
3.116065241E2,4.996050358E0,8.233950615E0,-1.933050036E0
3.116089678E2,6.913950443E0,9.462000847E0,-6.070050240E0
3.116114115E2,3.006000042E0,1.003905010E1,-6.135000229E0
3.116138549E2,8.040000200E-1,8.476050377E0,1.050000079E-3
3.116162986E2,6.120000482E-1,6.862050533E0,2.282999992E0
3.116187422E2,1.146000028E0,9.886050224E0,2.545950174E0
3.116211859E2,1.666050076E0,1.068105030E1,2.074050188E0
3.116236294E2,1.651050091E0,8.575950623E0,-1.612050056E0
3.116260730E2,1.201050043E0,8.377950668E0,3.405000269E-2
3.116285167E2,2.676000118E0,1.026705074E1,1.248000026E0
3.116309601E2,5.989950180E0,1.154505062E1,-5.341950417E0
3.116334038E2,3.544950247E0,1.171305084E1,-9.336000443E0
3.116358475E2,8.419500589E-1,9.948000908E0,-6.352950096E0
3.116382909E2,-3.105000220E-2,8.872950554E0,-3.240000010E-1
3.116407346E2,1.582050085E0,9.997950554E0,1.966950059E0
3.116431782E2,4.029000282E0,1.226595020E1,3.195000067E-2
3.116456219E2,4.351950169E0,1.219905090E1,-4.579500258E-1
3.116480654E2,1.776000142E0,9.405000687E0,6.795000285E-2
3.116505091E2,2.917950153E0,1.001505089E1,7.410000563E-1
3.116529527E2,4.210950375E0,1.172700024E1,-3.939000130E0
3.116553961E2,2.452950001E0,1.264905071E1,-4.369950294E0
3.116578398E2,5.430000424E-1,1.039395046E1,-5.749500394E-1
3.116602835E2,3.750000298E-1,7.978050232E0,2.122050047E0
3.116627271E2,1.002000093E0,1.076505089E1,1.489950061E0
3.116651706E2,3.102000237E0,1.422705078E1,9.490500689E-1
3.116676143E2,3.913950205E0,1.205505085E1,3.580500185E-1
3.116700579E2,1.978950143E0,9.325950623E0,-7.279500365E-1
3.116725014E2,2.403000116E0,1.124805069E1,3.529500067E-1
3.116749450E2,3.634050131E0,1.246695042E1,-5.481000423E0
3.116773887E2,1.633950114E0,1.145895100E1,-6.922050476E0
3.116798324E2,2.629500031E-1,8.806050301E0,-2.351999998E0
3.116822759E2,-2.010000050E-1,6.622950077E0,2.515050173E0
3.116847195E2,1.084050059E0,8.193000793E0,1.969500035E-1
3.116871632E2,4.162950039E0,1.051095009E1,-3.210000098E-1
3.116896066E2,3.600000143E0,9.342000008E0,1.465950012E0
3.116920502E2,2.202000141E0,7.774050236E0,9.469500184E-1
3.116944939E2,3.046950102E0,6.678000450E0,8.770500422E-1
3.116969374E2,5.668950081E0,8.044950485E0,-3.649050236E0
3.116993811E2,5.599050045E0,8.394000053E0,-6.130050182E0
3.117018247E2,2.872050047E0,7.123050213E0,-8.497950554E0
3.117042684E2,9.000000544E-3,4.068000317E0,-4.590000153E0
3.117067118E2,1.192050099E0,4.294950008E0,1.734000087E0
3.117091555E2,3.703050137E0,8.695950508E0,2.314050198E0
3.117115991E2,3.375000238E0,8.176050186E0,1.468950033E0
3.117140426E2,1.503000021E0,5.920950413E0,2.212949991E0
3.117164863E2,8.419500589E-1,6.421050072E0,3.649500310E-1
3.117189299E2,1.230000019E0,9.285000801E0,2.020500153E-1
3.117213734E2,2.257050037E0,1.037205029E1,1.279500127E-1
3.117238171E2,1.807050109E0,9.763950348E0,-6.060000062E-1
3.117262607E2,1.081050038E0,7.659000397E0,-8.959500194E-1
3.117287044E2,4.519500136E-1,7.453050137E0,1.090500057E-1
3.117311478E2,8.899500370E-1,1.065195084E1,-6.880500317E-1
3.117335915E2,2.050950050E0,1.222500038E1,-7.309500575E-1
3.117360351E2,2.239950180E0,1.032405090E1,3.960000277E-1
3.117384788E2,1.186950088E0,9.534000397E0,-3.520500064E-1
3.117409223E2,1.251000047E0,1.122195053E1,-1.030500084E-1
3.117433659E2,4.990950108E0,1.304895020E1,-5.509500504E-1
3.117458096E2,3.399000168E0,1.242900085E1,-7.080000401E0
3.117482531E2,8.779500127E-1,1.009695053E1,-2.922000170E0
3.117506967E2,-4.800000042E-2,8.485050201E0,8.080500364E-1
3.117531404E2,4.039500058E-1,1.091505051E1,8.599500656E-1
3.117555838E2,2.938950062E0,1.309200096E1,4.150500298E-1
3.117580275E2,2.698050022E0,1.055895042E1,-2.008949995E0
3.117604711E2,1.759050131E0,8.020950317E0,4.939500093E-1
3.117629148E2,3.028050184E0,1.013295078E1,8.130000234E-1
3.117653583E2,5.154000282E0,1.217505074E1,-4.855950356E0
3.117678020E2,3.568950176E0,1.151400089E1,-5.974050522E0
3.117702456E2,1.456950068E0,9.001950264E0,-2.761050224E0
3.117726891E2,3.850500286E-1,7.267050266E0,1.636050105E0
3.117751328E2,1.837950110E0,8.392050743E0,2.248950005E0
3.117775764E2,5.323950291E0,9.559950829E0,-1.444050074E0
3.117800201E2,5.029950142E0,8.728950500E0,-3.091950178E0
3.117824635E2,2.788950205E0,8.314949989E0,-2.821050167E0
3.117849072E2,2.073000193E0,6.694050312E0,-1.336050034E0
3.117873509E2,3.847050190E0,7.839000225E0,-2.838000059E0
3.117897945E2,4.222949982E0,9.460050583E0,-5.155050278E0
3.117922380E2,1.891050100E0,8.326950073E0,-3.810000181E0
3.117946816E2,5.329500437E-1,4.623000145E0,1.453950047E0
3.117971253E2,-1.170000061E-1,5.655000210E0,2.152950048E0
3.117995688E2,-4.279500246E-1,9.706050873E0,1.306050062E0
3.118020124E2,1.275000095E0,7.522950172E0,1.669950128E0
3.118044561E2,1.588950038E0,6.847950459E0,1.512000084E0
3.118068995E2,6.049500108E-1,5.380050182E0,8.700000495E-2
3.118093432E2,9.109500647E-1,8.494950294E0,2.205000073E-2
3.118117869E2,2.458050013E0,1.145400047E1,7.960500121E-1
3.118142303E2,5.200050354E0,9.145950317E0,-7.330500484E-1
3.118166740E2,2.452950001E0,6.322950363E0,-5.473950386E0
3.118191176E2,3.058950186E0,6.964950562E0,-5.787000179E0
3.118215611E2,3.484950066E0,8.089950562E0,-5.869050503E0
3.118240048E2,3.049950123E0,1.063800049E1,-2.016000032E0
3.118264484E2,1.447950125E0,9.334950447E0,3.790500164E-1
3.118288921E2,1.174950004E0,7.723950386E0,1.939950109E0
3.118313356E2,3.306000233E0,8.583000183E0,-7.500000298E-2
3.118337793E2,5.899050236E0,1.001805019E1,-5.353950024E0
3.118362229E2,3.640950203E0,1.112400055E1,-6.930000305E0
3.118386666E2,1.000050068E0,9.888000488E0,-3.525000095E0
3.118411100E2,7.699500322E-1,6.895050526E0,2.070000172E0
3.118435536E2,7.609500289E-1,8.092950821E0,1.879950047E0
3.118459973E2,1.267950058E0,1.118595028E1,1.618950129E0
3.118484408E2,1.801950097E0,1.048005009E1,1.083000064E0
3.118508845E2,1.720950127E0,9.394950867E0,1.773000121E0
3.118533281E2,1.474050045E0,9.153000832E0,-2.209500074E-1
3.118557718E2,2.008050203E0,1.204305077E1,-8.359500170E-1
3.118582153E2,4.648950100E0,1.490400028E1,4.630500078E-1
3.118606589E2,4.030950069E0,1.265595055E1,-5.974050522E0
3.118631026E2,2.074949980E0,9.727950096E0,-3.517950058E0
3.118655460E2,8.299500346E-1,9.618000031E0,-1.606950045E0
3.118679897E2,1.776000142E0,1.209600067E1,3.790500164E-1
3.118704333E2,3.964050293E0,1.370205021E1,-1.018050075E0
3.118728768E2,3.603000164E0,1.332705021E1,-1.552050114E0
3.118753205E2,2.329050064E0,1.067100048E1,7.000500560E-1
3.118777641E2,1.021950006E0,1.138005066E1,-3.450000286E-1
3.118802078E2,1.596000075E0,1.392300034E1,-2.350500077E-1
3.118826513E2,3.463950157E0,1.377195072E1,-3.135000229E0
3.118850949E2,2.257050037E0,1.158300018E1,-5.131050110E0
3.118875386E2,9.259500504E-1,8.743950844E0,-2.413950205E0
3.118899822E2,1.491000056E0,1.003200054E1,6.109500527E-1
3.118924257E2,5.491950035E0,1.157895088E1,-1.675950050E0
3.118948693E2,6.313050270E0,1.006305027E1,-4.023000240E0
3.118973130E2,3.375000238E0,8.974050522E0,-2.718000174E0
3.118997565E2,1.294050097E0,7.381050587E0,2.140500098E-1
3.119022001E2,2.536950111E0,7.506000519E0,-1.333950043E0
3.119046438E2,4.495950222E0,9.109950066E0,-4.435050011E0
3.119070873E2,3.306000233E0,7.863000393E0,-5.014050007E0
3.119095310E2,1.447950125E0,5.473050117E0,-2.042999983E0
3.119119746E2,1.456950068E0,5.065950394E0,9.829500318E-1
3.119144180E2,3.514050245E0,7.003050327E0,9.280500412E-1
3.119168617E2,4.291950226E0,8.140049934E0,-4.980000257E-1
3.119193054E2,2.559000015E0,7.804950237E0,3.670500219E-1
3.119217490E2,1.606050134E0,6.472050190E0,4.939500093E-1
3.119241925E2,1.618050098E0,5.875050068E0,-5.820000172E-1
3.119266362E2,5.347950459E0,7.414950371E0,-4.672049999E0
3.119290798E2,4.776000023E0,8.409000397E0,-7.995000362E0
3.119315235E2,1.753950119E0,7.978050232E0,-7.282050133E0
3.119339669E2,4.660500288E-1,6.148050308E0,-2.197950125E0
3.119364106E2,2.463000059E0,6.637050152E0,1.777050138E0
3.119388543E2,4.879050255E0,9.064949989E0,1.584000111E0
3.119412977E2,5.233050346E0,9.462000847E0,-1.114050031E0
3.119437414E2,1.156050086E0,8.016000748E0,-2.100000143E0
3.119461850E2,-2.200500071E-1,7.563000202E0,-2.160000056E-1
3.119486285E2,-1.480500102E-1,9.442950249E0,4.560000300E-1
3.119510722E2,2.745000124E0,1.007505035E1,-3.379050255E0
3.119535158E2,3.433050156E0,9.649050713E0,-6.039000511E0
3.119559595E2,1.656000137E0,8.253000259E0,-2.878050089E0
3.119584029E2,5.689499974E-1,7.839000225E0,1.387050033E0
3.119608466E2,1.768950105E0,9.748950005E0,7.380000353E-1
3.119632902E2,3.253050089E0,1.192605019E1,-1.469999999E-1
3.119657337E2,4.282950401E0,1.068105030E1,-4.459500313E-1
3.119681774E2,2.647050142E0,8.221950531E0,-1.246050000E0
3.119706210E2,4.078950405E0,8.171999931E0,-2.464050055E0
3.119730647E2,6.673950195E0,9.948000908E0,-6.633000374E0
3.119755082E2,5.310000420E0,1.199505043E1,-8.353950500E0
3.119779518E2,1.278000116E0,1.141800022E1,-5.706000328E0
3.119803955E2,4.279500246E-1,9.309000015E0,3.820500076E-1
3.119828392E2,1.060050011E0,8.971050262E0,2.781000137E0
3.119852826E2,1.965000153E0,1.123905087E1,9.199500680E-1
3.119877263E2,4.237050056E0,1.099905014E1,1.630950093E0
3.119901700E2,3.466050148E0,8.160000801E0,-3.424050093E0
3.119926134E2,1.723050117E0,7.171050549E0,-2.995950222E0
3.119950570E2,2.013000011E0,7.920000553E0,-1.870050073E0
3.119975007E2,4.210950375E0,9.304050446E0,-3.331050158E0
3.119999442E2,4.105050087E0,8.855999947E0,-3.774000168E0
3.120023879E2,3.049950123E0,7.426950455E0,-2.557950020E0
3.120048315E2,2.829000235E0,7.018050194E0,-7.189500332E-1
3.120072749E2,3.082950115E0,7.836000443E0,5.350500345E-1
3.120097186E2,3.301050186E0,8.690999985E0,-2.179500163E-1
3.120121623E2,2.500950098E0,8.896950722E0,-4.120500088E-1
3.120146059E2,1.657950044E0,8.449049950E0,-1.011000037E0
3.120170494E2,2.508000135E0,7.650000572E0,-2.277000189E0
3.120194931E2,4.972050190E0,8.859000206E0,-3.633000135E0
3.120219367E2,5.688000202E0,1.049400043E1,-4.983000278E0
3.120243804E2,3.066000223E0,1.107300091E1,-4.144950390E0
3.120268239E2,6.100500226E-1,1.043400097E1,-1.152000070E0
3.120292675E2,1.960500032E-1,9.673050880E0,1.654950023E0
3.120317112E2,3.250500262E-1,1.082700062E1,5.490000248E-1
3.120341546E2,4.443000317E0,1.151895046E1,-9.390000701E-1
3.120365982E2,5.065050125E0,9.072000504E0,-6.250050068E0
3.120390419E2,2.403000116E0,7.437000275E0,-5.644050121E0
3.120414854E2,4.470000267E-1,8.740950584E0,-1.909050107E0
3.120439291E2,2.592000008E0,1.087995052E1,-4.095000029E-2
3.120463727E2,3.508950233E0,1.080105019E1,-2.011950016E0
3.120488164E2,2.620950222E0,8.835000038E0,-1.849050045E0
3.120512598E2,1.702050090E0,7.267050266E0,-8.670000434E-1
3.120537035E2,1.282950044E0,6.835950375E0,4.530000091E-1
3.120561472E2,3.355950117E0,8.197950363E0,-4.800000042E-2
3.120585906E2,3.241050243E0,7.815000534E0,-1.198050022E0
3.120610343E2,2.310000181E0,7.461000443E0,-1.080000043E0
3.120634779E2,1.326000094E0,6.697050095E0,-3.450000286E-1
3.120659216E2,3.342000246E0,7.791000366E0,2.190000117E-1
3.120683651E2,4.579050064E0,9.205950737E0,-1.861050129E0
3.120708087E2,4.407000065E0,1.031400013E1,-3.489000082E0
3.120732524E2,1.795050144E0,9.927000046E0,-2.464050055E0
3.120756961E2,2.719500065E-1,9.366000175E0,4.579500258E-1
3.120781395E2,3.769500256E-1,9.960000038E0,7.549500465E-1
3.120805831E2,1.279950023E0,1.209300041E1,-3.480000198E-1
3.120830268E2,3.981000185E0,1.236900043E1,-2.445000172E0
3.120854703E2,3.001950026E0,1.018500042E1,-3.082050085E0
3.120879139E2,1.516950130E0,9.781050682E0,-1.465950012E0
3.120903576E2,1.321050048E0,1.171995068E1,-2.089500129E-1
3.120928011E2,2.560950041E0,1.302195072E1,-1.363050103E0
3.120952448E2,3.940050125E0,1.228695011E1,-3.565950155E0
3.120976884E2,3.607050180E0,1.068795013E1,-2.895000219E0
3.121001318E2,2.389050007E0,9.934050560E0,-1.933050036E0
3.121025755E2,2.197050095E0,1.095105076E1,-7.159500122E-1
3.121050191E2,2.925000191E0,1.210800076E1,-6.130500436E-1
3.121074628E2,4.219950199E0,1.124295044E1,-1.300950050E0
3.121099063E2,3.363000154E0,1.025700092E1,-1.576050043E0
3.121123500E2,2.578050137E0,1.001805019E1,-1.546950102E0
3.121147936E2,3.841950178E0,1.057800007E1,-1.758000135E0
3.121172373E2,5.203950405E0,1.135605049E1,-4.258049965E0
3.121196807E2,4.062000275E0,1.129905033E1,-5.596050262E0
3.121221244E2,1.924050093E0,1.003905010E1,-3.028950214E0
3.121245680E2,9.330000281E-1,8.928000450E0,1.545000076E0
3.121270115E2,1.612950087E0,9.394950867E0,2.035950184E0
3.121294551E2,4.812000275E0,1.112100029E1,-7.980000377E-1
3.121318988E2,3.751050234E0,9.237000465E0,-4.357950211E0
3.121343425E2,1.326000094E0,8.587950706E0,-3.975000143E0
3.121367860E2,5.040000081E-1,7.494000435E0,-6.180000305E-1
3.121392296E2,1.057050109E0,8.239050865E0,1.404000044E0
3.121416733E2,2.805000067E0,9.907050133E0,-1.008000016E0
3.121441167E2,3.231000185E0,7.906050205E0,-2.389950037E0
3.121465604E2,2.674050093E0,6.454950333E0,-2.775000095E0
3.121490040E2,1.869000077E0,6.498000145E0,-1.624050021E0
3.121514475E2,2.073000193E0,7.681050301E0,-8.550000191E-1
3.121538912E2,2.712000132E0,8.428050041E0,-1.534950018E0
3.121563348E2,2.614050150E0,7.963050365E0,-1.902000070E0
3.121587785E2,2.383949995E0,6.982050419E0,-2.173950195E0
3.121612220E2,2.889000177E0,5.953950405E0,-2.977050066E0
3.121636656E2,4.297049999E0,7.117950439E0,-4.192950249E0
3.121661093E2,4.893000126E0,8.071050644E0,-5.620050430E0
3.121685527E2,3.319950104E0,8.113950729E0,-6.193950176E0
3.121709964E2,8.520000577E-1,7.891050339E0,-2.617050171E0
3.121734400E2,1.189050078E0,7.554000378E0,8.220000267E-1
3.121758837E2,3.082950115E0,8.446949959E0,1.915950060E0
3.121783272E2,5.206950188E0,9.316050529E0,2.880000174E-1
3.121807708E2,4.417050362E0,8.014050484E0,-3.214050055E0
3.121832145E2,1.536000013E0,7.815000534E0,-3.160950184E0
3.121856580E2,1.095000096E-2,8.302950859E0,-4.080000222E-1
3.121881017E2,8.295000345E-2,1.003395081E1,3.619500101E-1
3.121905453E2,3.033000231E0,1.117605019E1,-1.882050037E0
3.121929887E2,3.777000189E0,1.041495037E1,-3.379050255E0
3.121954324E2,2.539950132E0,9.867000580E0,-1.930050135E0
3.121978761E2,1.773000121E0,9.832950592E0,2.479500175E-1
3.122003197E2,1.732950091E0,1.132500076E1,-4.030500054E-1
3.122027632E2,2.415000200E0,1.213200092E1,-1.297950029E0
3.122052069E2,2.338050127E0,1.168200016E1,-9.405000508E-2
3.122076505E2,2.143949986E0,1.079100037E1,5.560500026E-1
3.122100942E2,1.660950065E0,1.008495045E1,-4.290000200E-1
3.122125377E2,1.891050100E0,1.181805038E1,-5.970000029E-1
3.122149813E2,5.034000397E0,1.315395069E1,-1.686000109E0
3.122174250E2,3.412950277E0,1.249800014E1,-6.352950096E0
3.122198685E2,1.009950042E0,1.163400078E1,-5.311050415E0
3.122223122E2,1.789500117E-1,1.066605091E1,-1.308000088E0
3.122247558E2,3.300000131E-1,1.081305027E1,7.050000429E-1
3.122271992E2,2.355000019E0,1.131495094E1,6.469500065E-1
3.122296429E2,5.122950077E0,9.541050911E0,-1.945050120E0
3.122320866E2,3.349050045E0,7.147050381E0,-2.505000114E0
3.122345302E2,1.675050020E0,7.516050339E0,-3.840000033E-1
3.122369737E2,2.323950052E0,8.095050812E0,3.000000119E-2
3.122394174E2,4.060050011E0,8.787000656E0,-2.068950176E0
3.122418610E2,3.744000196E0,6.742050171E0,-4.092000008E0
3.122443045E2,2.580000162E0,5.691000462E0,-4.204950333E0
3.122467482E2,1.711050034E0,5.490000248E0,-2.938050032E0
3.122491918E2,2.131950140E0,5.571000099E0,-1.815000057E0
3.122516355E2,2.671050072E0,6.297000408E0,-1.506000042E0
3.122540790E2,2.346000195E0,5.629050255E0,-7.309500575E-1
3.122565226E2,3.744000196E0,5.269950390E0,1.249500066E-1
3.122589663E2,4.311000347E0,4.434000015E0,-1.483050108E0
3.122614100E2,4.122000217E0,6.294000149E0,-2.494950056E0
3.122638534E2,3.001950026E0,7.132050514E0,-4.537950039E0
3.122662970E2,2.428950071E0,6.577050209E0,-4.423050404E0
3.122687407E2,1.740000129E0,6.000000477E0,-2.115000010E0
3.122711842E2,8.899500370E-1,5.872950077E0,1.131000042E0
3.122736279E2,9.859500527E-1,6.867000103E0,2.836050034E0
3.122760715E2,1.861950040E0,7.777050495E0,6.670500040E-1
3.122785150E2,1.642050028E0,8.617050171E0,2.505000122E-2
3.122809587E2,1.785000086E0,8.490000725E0,1.318050027E0
3.122834024E2,1.231950045E0,9.168000221E0,-1.060950041E0
3.122858457E2,5.329500437E-1,1.070505047E1,-1.474950075E0
3.122882895E2,4.230000079E-1,1.227795029E1,-7.999500632E-1
3.122907331E2,1.672950029E0,1.254405022E1,3.979500234E-1
3.122931768E2,2.307000160E0,1.345095062E1,-2.299500108E-1
3.122956202E2,2.875050068E0,1.258395100E1,3.649500310E-1
3.122980639E2,2.796000242E0,1.289295101E1,-1.000950098E0
3.123005076E2,2.503950119E0,1.369800091E1,-1.935000062E0
3.123029512E2,1.939050078E0,1.369995022E1,-1.296000004E0
3.123053947E2,1.387950063E0,1.271595097E1,-8.380500674E-1
3.123078383E2,5.910000205E-1,1.188795090E1,-7.639500499E-1
3.123102820E2,8.040000200E-1,1.084800053E1,-1.270500124E-1
3.123127255E2,1.570050120E0,1.277100086E1,-5.059500337E-1
3.123151692E2,2.884050131E0,1.445400047E1,-8.790000677E-1
3.123176128E2,2.877000093E0,1.265400028E1,1.894950032E0
3.123200565E2,3.969000101E0,8.947050095E0,1.501950026E0
3.123224999E2,5.278950214E0,9.334950447E0,-7.261950493E0
3.123249437E2,3.840000153E0,8.782050133E0,-8.967000008E0
3.123273873E2,3.567000151E0,7.125000477E0,-9.183000565E0
3.123298307E2,3.768000126E0,6.895050526E0,-6.079950333E0
3.123322744E2,2.784000158E0,6.261000156E0,-1.842000127E0
3.123347180E2,1.788000107E0,5.686050415E0,2.923950195E0
3.123371617E2,2.572950125E0,6.522000313E0,3.544050217E0
3.123396052E2,3.588000059E0,7.756950378E0,2.671050072E0
3.123420488E2,3.463950157E0,6.570000172E0,8.010000587E-1
3.123444925E2,2.880000114E0,6.120000362E0,7.099500299E-1
3.123469360E2,2.269050121E0,5.281950474E0,8.509500623E-1
3.123493797E2,1.515000105E0,6.100950241E0,-1.614000082E0
3.123518233E2,1.326000094E0,6.417000294E0,-5.116950035E0
3.123542667E2,1.504950047E0,5.272050381E0,-3.499050140E0
3.123567104E2,1.399950027E0,5.100000381E0,-1.175999999E0
3.123591541E2,1.687050104E0,5.284050465E0,3.889500201E-1
3.123615977E2,2.005950212E0,5.722050190E0,5.560500026E-1
3.123640412E2,2.458050013E0,7.707000256E0,-9.169500470E-1
3.123664849E2,3.226950169E0,7.717050552E0,-3.760050297E0
3.123689285E2,2.896050215E0,7.441050529E0,-5.521950245E0
3.123713720E2,1.086000085E0,7.864950180E0,-4.441950321E0
3.123738157E2,2.310000062E-1,7.261950493E0,-5.659500360E-1
3.123762593E2,7.249500155E-1,7.768950462E0,1.744050026E0
3.123787030E2,1.021950006E0,8.449049950E0,9.109500647E-1
3.123811464E2,1.945950150E0,8.136000633E0,9.679500461E-1
3.123835901E2,2.776950121E0,7.314000130E0,-1.554000020E0
3.123860337E2,1.765950084E0,7.330950260E0,-1.279050112E0
3.123884774E2,2.559000015E0,9.534000397E0,-1.537950039E0
3.123909209E2,4.371000290E0,1.079805088E1,-3.783000231E0
3.123933645E2,5.185050011E0,1.126995087E1,-4.726950169E0
3.123958082E2,4.138950348E0,1.162200069E1,-4.180950165E0
3.123982516E2,3.090000153E0,1.149195099E1,-1.626000047E0
3.124006953E2,2.317050219E0,1.247400093E1,6.570000052E-1
3.124031389E2,2.443950176E0,1.296300030E1,-2.089500129E-1
3.124055824E2,3.499950171E0,1.308900070E1,-3.600000143E-1
3.124080261E2,3.271950245E0,1.328595066E1,-2.956950188E0
3.124104698E2,2.695050240E0,1.309395027E1,-3.379050255E0
3.124129132E2,2.166000128E0,1.235700035E1,-3.751950264E0
3.124153568E2,2.959050179E0,1.382505035E1,-2.244000196E0
3.124178005E2,3.190950155E0,1.496400070E1,-1.156949997E0
3.124202441E2,2.800950050E0,1.515600109E1,-1.696050048E0
3.124226878E2,1.939050078E0,1.393500042E1,-1.645050049E0
3.124251313E2,8.560500145E-1,1.210305023E1,-1.102050066E0
3.124275749E2,4.609500170E-1,1.152405071E1,1.009500027E-1
3.124300186E2,1.110000014E0,1.147095013E1,3.000000119E-1
3.124324621E2,2.554050207E0,1.074300098E1,3.220500052E-1
3.124349057E2,3.466050148E0,1.030695057E1,1.105050087E0
3.124373494E2,2.817000151E0,8.643000603E0,-9.600000083E-2
3.124397928E2,1.630050063E0,9.061950684E0,-5.730000138E-1
3.124422365E2,9.810000658E-1,1.024005032E1,-1.300500035E-1
3.124446801E2,9.259500504E-1,1.135395050E1,-2.470500171E-1
3.124471236E2,1.792950034E0,1.071705055E1,8.440500498E-1
3.124495673E2,1.824000120E0,8.586000443E0,1.057050109E0
3.124520109E2,2.749950171E0,7.896000385E0,1.588050127E0
3.124544546E2,2.511000156E0,7.750050545E0,9.370500445E-1
3.124568981E2,2.548950195E0,9.321000099E0,6.139500141E-1
3.124593417E2,1.942950130E0,9.631950378E0,1.126049995E0
3.124617854E2,2.833950043E0,8.269950867E0,-5.029500127E-1
3.124642291E2,3.993000269E0,8.061000824E0,-7.866000175E0
3.124666725E2,4.165050030E0,8.418000221E0,-9.721050262E0
3.124691161E2,3.243000269E0,9.831000328E0,-7.863000393E0
3.124715598E2,2.623050213E0,9.453000069E0,-4.138050079E0
3.124740033E2,2.370000124E0,8.599950790E0,-1.416000009E0
3.124764470E2,1.879050136E0,7.846050262E0,1.195950031E0
3.124788906E2,1.339950085E0,6.946050167E0,2.326050043E0
3.124813343E2,1.000050068E0,8.284049988E0,2.998950243E0
3.124837777E2,2.017950058E0,7.417050362E0,1.207950115E0
3.124862214E2,3.922950268E0,7.285950184E0,-1.449000120E0
3.124886650E2,2.728950024E0,6.915000439E0,-3.973050117E0
3.124911085E2,6.960000396E-1,7.456050396E0,-3.115050077E0
3.124935522E2,1.950000064E-3,8.457000732E0,2.520000041E-1
3.124959958E2,1.237050056E0,8.995050430E0,4.290000200E-1
3.124984393E2,4.668000221E0,8.830050468E0,-2.589000225E0
3.125008830E2,6.552000523E0,7.906050205E0,-5.538000107E0
3.125033266E2,4.282950401E0,7.551000595E0,-6.288000107E0
3.125057703E2,1.534050107E0,9.097949982E0,-3.088950157E0
3.125082137E2,8.059500456E-1,9.805050850E0,1.390050054E0
3.125106574E2,1.156050086E0,1.020000076E1,7.480500340E-1
3.125131010E2,1.588950038E0,8.610000610E0,-8.029500246E-1
3.125155447E2,1.512000084E0,8.500050545E0,1.015950084E0
3.125179882E2,1.824000120E0,9.277950287E0,1.347000122E0
3.125204318E2,2.572950125E0,9.583950043E0,-1.582950115E0
3.125228755E2,3.706050158E0,1.018800068E1,-3.283050060E0
3.125253189E2,4.282950401E0,1.008195019E1,-4.369950294E0
3.125277627E2,3.282000065E0,9.418950081E0,-3.405000210E0
3.125302063E2,1.572000027E0,1.018305016E1,-1.123050094E0
3.125326497E2,9.829500318E-1,1.026900005E1,7.219500542E-1
3.125350934E2,1.339950085E0,9.393000603E0,4.870500267E-1
3.125375371E2,1.402050018E0,8.977950096E0,-1.131000042E0
3.125399807E2,2.085000038E0,8.674050331E0,-1.995000057E-2
3.125424242E2,2.652000189E0,8.926050186E0,9.130500555E-1
3.125448678E2,2.338050127E0,8.737050056E0,2.449500114E-1
3.125473115E2,1.555050015E0,8.956950188E0,-1.060500070E-1
3.125497552E2,1.042950034E0,9.309000015E0,-6.490500569E-1
3.125521986E2,1.036050081E0,9.426000595E0,-4.080000222E-1
3.125546423E2,2.725950241E0,9.124950409E0,7.020000219E-1
3.125570860E2,3.339000225E0,8.914050102E0,-4.699950218E0
3.125595294E2,2.551050186E0,8.758049965E0,-4.959000111E0
3.125619730E2,1.146000028E0,8.112000465E0,-2.263050079E0
3.125644167E2,1.912050128E0,7.570950508E0,1.495050073E0
3.125668602E2,2.857950211E0,8.860950470E0,2.479050159E0
3.125693039E2,1.789950132E0,8.083050728E0,2.517000198E0
3.125717476E2,1.693950057E0,8.650050163E0,2.469000101E0
3.125741910E2,2.223000050E0,8.575950623E0,1.224000096E0
3.125766346E2,1.764000058E0,9.886050224E0,-8.290500641E-1
3.125790783E2,1.600950122E0,1.151595020E1,-5.100000501E-1
3.125815220E2,9.949500561E-1,1.079295063E1,-3.424050093E0
3.125839654E2,8.989500403E-1,1.120005035E1,-3.079950094E0
3.125864091E2,5.239500403E-1,1.091295052E1,-1.839000106E0
3.125888527E2,6.379500031E-1,1.114500046E1,7.890000343E-1
3.125912964E2,1.294050097E0,1.126695061E1,-7.950000167E-1
3.125937399E2,1.666050076E0,1.122405052E1,-1.164000034E0
3.125961835E2,1.323000073E0,1.119105053E1,-5.805000290E-2
3.125986272E2,7.990500331E-1,1.029300022E1,-5.320500135E-1
3.126010707E2,4.279500246E-1,9.675000191E0,-4.600500166E-1
3.126035144E2,7.680000067E-1,9.421050072E0,-1.560000032E-1
3.126059580E2,1.041000009E0,9.814050674E0,-4.960500300E-1
3.126084017E2,2.158950090E0,9.694050789E0,8.010000587E-1
3.126108451E2,2.274000168E0,9.685050011E0,1.669950128E0
3.126132888E2,2.167950153E0,8.808000565E0,2.580000162E0
3.126157324E2,1.941000104E0,7.987050533E0,2.365950108E0
3.126181759E2,1.929000139E0,8.104949951E0,1.914000034E0
3.126206196E2,1.918950081E0,8.289000511E0,1.921050072E0
3.126230632E2,2.404950142E0,7.777050495E0,2.970000029E0
3.126255069E2,7.038000107E0,5.172000408E0,-1.855950117E0
3.126279504E2,5.677950382E0,6.505050182E0,-1.176105022E1
3.126303940E2,4.669950008E0,6.570000172E0,-1.841505051E1
3.126328377E2,2.836050034E0,7.942050457E0,-1.533300114E1
3.126352811E2,2.994000196E0,7.659000397E0,-7.914000511E0
3.126377248E2,2.721000195E0,8.473050117E0,-1.224000096E0
3.126401684E2,2.068050146E0,7.671000481E0,4.576050282E0
3.126426121E2,2.997000217E0,7.774050236E0,5.367000103E0
3.126450556E2,4.339950085E0,7.699950218E0,2.436000109E0
3.126474993E2,4.251000404E0,8.473050117E0,1.432950020E0
3.126499429E2,3.238950253E0,9.493050575E0,1.393950105E0
3.126523863E2,1.848000050E0,1.011300087E1,1.054050088E0
3.126548300E2,1.642050028E0,1.015605068E1,-1.710000038E0
3.126572736E2,1.026000023E0,1.027395058E1,-4.972950459E0
3.126597173E2,3.820500076E-1,1.021200085E1,-4.108950138E0
3.126621608E2,4.609500170E-1,1.000995064E1,-2.977050066E0
3.126646045E2,1.168050051E0,9.706050873E0,-2.566950083E0
3.126670481E2,1.213050008E0,9.438000679E0,-6.540000439E-1
3.126694915E2,9.780000448E-1,9.286950111E0,4.579500258E-1
3.126719352E2,2.098950148E0,8.943000793E0,-1.590000093E-1
3.126743788E2,2.595000029E0,9.097949982E0,-7.570500374E-1
3.126768225E2,2.499000072E0,9.382950783E0,1.129500046E-1
3.126792660E2,2.544000149E0,9.499950409E0,1.015950084E0
3.126817096E2,2.370000124E0,9.790050507E0,1.485000014E0
3.126841533E2,2.073000193E0,1.009695053E1,1.516950130E0
3.126865968E2,1.879050136E0,9.742050171E0,5.350500345E-1
3.126890404E2,1.765950084E0,9.721050262E0,-4.390500188E-1
3.126914841E2,1.807050109E0,9.370950699E0,8.479500413E-1
3.126939275E2,4.912050247E0,9.193950653E0,-1.801050067E0
3.126963712E2,3.579000235E0,1.055595016E1,-7.665000439E0
3.126988149E2,2.452950001E0,1.045800018E1,-7.072950363E0
3.127012585E2,7.890000343E-1,1.003905010E1,-2.116950035E0
3.127037020E2,1.399950027E0,9.711000443E0,1.497000098E0
3.127061456E2,1.567050099E0,1.152795029E1,-5.010000467E-1
3.127085893E2,1.789950132E0,1.071195030E1,-7.905000448E-2
3.127110330E2,2.037000179E0,9.879000664E0,2.287050009E0
3.127134764E2,2.287950039E0,9.690000534E0,1.516950130E0
3.127159200E2,2.455950022E0,1.002000046E1,-5.595000088E-2
3.127183637E2,2.221050024E0,1.054005051E1,-1.440000087E-1
3.127208072E2,1.989000082E0,1.101105022E1,1.612050056E0
3.127232509E2,1.936050057E0,1.212195015E1,2.614950180E0
3.127256945E2,1.879050136E0,1.179705048E1,2.673000097E0
3.127281380E2,2.379000187E0,1.078095055E1,2.268000126E0
3.127305816E2,2.929950237E0,1.138695049E1,-8.410500288E-1
3.127330253E2,2.566050053E0,1.189500046E1,-1.099050045E0
3.127354690E2,1.666050076E0,1.152105045E1,3.499500155E-1
3.127379124E2,2.980050087E0,1.003200054E1,-7.759500146E-1
3.127403561E2,2.608950138E0,9.958050728E0,-7.617000580E0
3.127427997E2,3.234000206E0,1.051305008E1,-8.719950676E0
3.127452434E2,1.833000064E0,1.141305065E1,-5.437950134E0
3.127476869E2,1.299000025E0,1.201905060E1,-1.332000017E0
3.127501306E2,1.953000069E0,1.170105076E1,1.236000061E0
3.127525742E2,3.696000099E0,1.155705070E1,6.499500275E-1
3.127550179E2,4.174950123E0,1.037400055E1,-2.026050091E0
3.127574613E2,2.662050009E0,9.505050659E0,-2.758950233E0
3.127599050E2,2.235000134E0,9.034049988E0,-1.885050058E0
3.127623484E2,2.880000114E0,9.283050537E0,-8.650500178E-1
3.127647921E2,3.741000175E0,9.934050560E0,-1.699500084E-1
3.127672357E2,4.414050102E0,9.931050301E0,-8.890500665E-1
3.127696794E2,3.190950155E0,1.104195023E1,-2.422950029E0
3.127721229E2,1.623000026E0,1.092300034E1,-2.845050097E0
3.127745666E2,1.171950102E0,1.050600052E1,-1.831950068E0
3.127770102E2,2.614050150E0,9.535950661E0,-3.046050072E0
3.127794537E2,4.017000198E0,9.067049980E0,-4.609050274E0
3.127818974E2,4.503000259E0,8.080950737E0,-5.574000359E0
3.127843410E2,4.693950176E0,7.642050266E0,-5.232000351E0
3.127867847E2,3.271950245E0,8.526000023E0,-2.950050116E0
3.127892284E2,2.587050200E0,8.800950050E0,2.599500120E-1
3.127916717E2,2.500950098E0,9.739950180E0,1.335000038E0
3.127941154E2,1.225050092E0,9.782999992E0,1.867950082E0
3.127965591E2,6.240000129E-1,7.972950459E0,2.910000086E0
3.127990026E2,2.188050032E0,8.434950829E0,1.327050090E0
3.128014462E2,4.101000309E0,8.433000565E0,-2.184000015E0
3.128038899E2,3.825000286E0,8.289000511E0,-5.716050148E0
3.128063333E2,2.607000113E0,8.581050873E0,-7.305000305E0
3.128087770E2,3.274950266E0,9.024000168E0,-4.630950451E0
3.128112206E2,3.721950293E0,9.603000641E0,-2.230050087E0
3.128136641E2,3.009000063E0,9.511950493E0,-1.111050010E0
3.128161078E2,2.029950142E0,9.085950851E0,5.010000467E-1
3.128185514E2,1.576950073E0,9.201000214E0,1.255950093E0
3.128209951E2,1.644000053E0,9.532050133E0,2.950500250E-1
3.128234386E2,1.467000127E0,1.005795002E1,-4.699500203E-1
3.128258823E2,1.660950065E0,1.030005074E1,-5.299500227E-1
3.128283259E2,2.041949987E0,9.997950554E0,5.250000358E-1
3.128307696E2,2.062950134E0,9.699000359E0,-1.111050010E0
3.128332130E2,1.333050013E0,1.009395027E1,-1.516050100E0
3.128356567E2,4.590000212E-1,1.024995041E1,-4.360500276E-1
3.128381004E2,3.559500277E-1,1.054695034E1,2.790000141E-1
3.128405438E2,7.510500550E-1,1.046505070E1,1.110000089E-1
3.128429875E2,2.146950006E0,1.047705078E1,5.040000081E-1
3.128454312E2,3.262950182E0,1.055895042E1,1.543050051E0
3.128478746E2,3.555000067E0,9.855000496E0,3.150000274E-1
3.128503183E2,3.217050076E0,1.011300087E1,1.849500090E-1
3.128527619E2,2.479950190E0,9.787950516E0,1.210050106E0
3.128552056E2,1.657950044E0,9.131999969E0,1.428000093E0
3.128576491E2,1.309050083E0,8.587950706E0,9.060000181E-1
3.128600928E2,1.843050122E0,9.036000252E0,6.349500418E-1
3.128625364E2,2.223000050E0,9.046050072E0,2.760000229E-1
3.128649801E2,1.921950102E0,9.378000259E0,-3.019950151E0
3.128674235E2,1.198950052E0,9.625050545E0,-4.012950420E0
3.128698672E2,1.660950065E0,9.442950249E0,-4.035000324E0
3.128723109E2,2.686050177E0,9.085950851E0,-2.955000162E0
3.128747543E2,2.692950010E0,8.938050270E0,-9.750000238E-1
3.128771980E2,2.491950035E0,8.995050430E0,4.920000136E-1
3.128796416E2,1.930950046E0,8.599950790E0,1.129050016E0
3.128820853E2,1.444950104E0,8.530950546E0,7.860000134E-1
3.128845288E2,1.639050126E0,8.701050758E0,1.015950084E0
3.128869725E2,2.563050032E0,9.124950409E0,1.749000072E0
3.128894161E2,3.492000103E0,8.787000656E0,1.050000079E-3
3.128918595E2,2.760000229E0,8.458950043E0,-3.168000221E0
3.128943032E2,1.237050056E0,9.109950066E0,-4.365000248E0
3.128967469E2,4.350000322E-1,8.974050522E0,-3.364050150E0
3.128991903E2,1.339950085E0,7.992000580E0,-2.461950064E0
3.129016340E2,3.639000177E0,7.309950352E0,-2.461950064E0
3.129040776E2,4.162950039E0,7.234950542E0,-2.464050055E0
3.129065213E2,3.246000051E0,8.044950485E0,-1.000950098E0
3.129089648E2,2.872050047E0,8.497050285E0,7.050000429E-1
3.129114084E2,2.683050156E0,8.887950897E0,1.098000050E0
3.129138521E2,1.897950053E0,9.979050636E0,1.746000051E0
3.129162958E2,4.230000079E-1,9.361950874E0,1.572000027E0
3.129187393E2,-6.010500193E-1,8.358000755E0,-4.429500103E-1
3.129211829E2,-5.029500127E-1,8.538000107E0,3.720000088E-1
3.129236263E2,4.900500178E-1,8.892000198E0,5.089499950E-1
3.129260700E2,1.359000087E0,9.880950928E0,-8.149500489E-1
3.129285137E2,3.118950129E0,9.900000572E0,-1.423050046E0
3.129309573E2,2.817000151E0,9.637050629E0,-4.071000099E0
3.129334008E2,3.526050091E0,1.038600063E1,-5.032950401E0
3.129358445E2,2.413050175E0,1.072905064E1,-4.083000183E0
3.129382882E2,9.949500561E-1,1.060395050E1,-6.589500308E-1
3.129407318E2,1.101000071E0,1.004895020E1,1.009050012E0
3.129431755E2,7.579500079E-1,9.943050385E0,-4.510500133E-1
3.129456189E2,5.260500312E-1,9.571950912E0,-3.739500046E-1
3.129480625E2,1.120050073E0,8.977950096E0,1.062000036E0
3.129505062E2,2.329050064E0,9.409049988E0,1.327050090E0
3.129529497E2,2.749950171E0,8.971050262E0,1.035000086E0
3.129553933E2,1.837950110E0,7.827000141E0,6.810000539E-1
3.129578370E2,8.350500464E-1,7.759950161E0,2.809500098E-1
3.129602805E2,1.669500023E-1,7.966050148E0,1.330500096E-1
3.129627241E2,3.568950176E0,6.948000431E0,1.660500020E-1
3.129651678E2,5.106000423E0,6.201000214E0,-7.612050533E0
3.129676112E2,5.431950092E0,6.535950184E0,-7.945050240E0
3.129700549E2,3.490050077E0,8.049000740E0,-4.870050430E0
3.129724985E2,2.401050091E0,8.104949951E0,-8.890500665E-1
3.129749422E2,1.741950035E0,8.854050636E0,2.863950253E0
3.129773857E2,8.080500364E-1,9.213000298E0,2.533950090E0
3.129798293E2,1.018950105E0,8.421000481E0,2.128950119E0
3.129822730E2,2.140050173E0,8.752950668E0,2.094000101E0
3.129847165E2,2.062950134E0,8.602950096E0,7.600500584E-1
3.129871602E2,2.154000044E0,9.967050552E0,5.710500479E-1
3.129896038E2,3.781950235E0,1.073100090E1,1.590000093E-1
3.129920475E2,3.259950161E0,1.008000088E1,-6.819000244E0
3.129944909E2,2.929950237E0,1.024500084E1,-7.951950550E0
3.129969346E2,2.949000120E0,1.045800018E1,-6.276000500E0
3.129993782E2,2.013000011E0,1.035495090E1,-2.011950016E0
3.130018217E2,1.579050064E0,1.002705002E1,1.540050030E0
3.130042654E2,2.488950014E0,9.924000740E0,1.605000019E0
3.130067090E2,2.944050074E0,9.739950180E0,3.430500031E-1
3.130091527E2,2.791050196E0,9.816000938E0,1.890000105E0
3.130115962E2,3.172050238E0,9.843000412E0,1.987950087E0
3.130140399E2,3.442050219E0,1.103505039E1,1.416000009E0
3.130164835E2,3.397050142E0,1.173900032E1,1.890000105E0
3.130189272E2,2.812050104E0,1.102800083E1,-2.047950029E0
3.130213706E2,1.594050050E0,1.033395004E1,-5.893050194E0
3.130238142E2,1.672950029E0,1.048395061E1,-6.144000053E0
3.130262579E2,3.028050184E0,9.457050323E0,-5.263050079E0
3.130287014E2,2.853000164E0,9.052950859E0,-1.861050129E0
3.130311451E2,3.163950205E0,9.430950165E0,4.605000094E-2
3.130335887E2,3.442050219E0,1.003200054E1,5.710500479E-1
3.130360321E2,3.117000103E0,9.799950600E0,1.380000114E0
3.130384758E2,2.676000118E0,9.715950012E0,8.170500398E-1
3.130409194E2,1.981950045E0,1.024695015E1,9.970500469E-1
3.130433631E2,9.040500522E-1,9.715950012E0,1.698000073E0
3.130458066E2,3.580500185E-1,8.737050056E0,6.019500494E-1
3.130482503E2,9.979500771E-1,9.069000244E0,7.860000134E-1
3.130506939E2,2.688000202E0,9.610950470E0,-3.241950035E0
3.130531376E2,3.411000252E0,9.295050621E0,-4.815000057E0
3.130555810E2,2.896050215E0,8.923050880E0,-4.995000362E0
3.130580247E2,2.347950220E0,9.402000427E0,-2.701050043E0
3.130604683E2,3.090000153E0,9.429000854E0,-1.027950048E0
3.130629118E2,3.648000240E0,9.306000710E0,-1.590000033E0
3.130653555E2,3.636000156E0,8.923050880E0,-8.860500455E-1
3.130677991E2,2.815050125E0,9.148050308E0,-3.480000198E-1
3.130702428E2,1.773000121E0,1.009200001E1,5.920500159E-1
3.130726863E2,1.183950067E0,1.031895065E1,5.539500117E-1
3.130751300E2,1.045050025E0,9.871950150E0,5.440500379E-1
3.130775736E2,1.728000045E0,1.002495003E1,1.830000132E-1
3.130800171E2,3.531000137E0,1.053495026E1,-2.176950216E0
3.130824607E2,3.247950077E0,9.948000908E0,-4.261950016E0
3.130849044E2,1.359000087E0,9.553050041E0,-3.202050209E0
3.130873481E2,3.660000265E-1,9.076950073E0,-5.560500026E-1
3.130897915E2,1.345050097E0,9.144000053E0,-1.200000048E-1
3.130922351E2,3.604950190E0,7.852950573E0,-2.197950125E0
3.130946788E2,4.966950417E0,7.221000195E0,-3.582000256E0
3.130971223E2,5.623050213E0,7.744950294E0,-4.375050068E0
3.130995660E2,4.915050030E0,9.790050507E0,-4.000950336E0
3.131020096E2,2.998950243E0,1.040505028E1,-2.344050169E0
3.131044533E2,1.776000142E0,1.097100067E1,1.086000085E0
3.131068967E2,8.250000477E-1,1.128705025E1,3.456000090E0
3.131093404E2,-3.600000218E-2,1.081005096E1,1.543050051E0
3.131117840E2,3.799500167E-1,1.049205017E1,1.324950099E0
3.131142275E2,1.089000106E0,9.733050346E0,1.645950079E0
3.131166712E2,1.752000093E0,1.043205070E1,4.849500358E-1
3.131191148E2,3.871050119E0,1.159800053E1,4.219500124E-1
3.131215585E2,5.322000027E0,1.183005047E1,-5.707950115E0
3.131240020E2,5.554050446E0,1.127895069E1,-6.283050060E0
3.131264456E2,4.455000401E0,1.249995041E1,-5.232000351E0
3.131288893E2,3.358050108E0,1.337400055E1,-1.822950125E0
3.131313327E2,2.536950111E0,1.340100098E1,6.229500175E-1
3.131337764E2,2.464950085E0,1.329105091E1,6.259500384E-1
3.131362200E2,2.170950174E0,1.314900017E1,-7.639500499E-1
3.131386637E2,1.777950048E0,1.384800053E1,3.289500177E-1
3.131411072E2,1.669950128E0,1.470300102E1,2.790000141E-1
3.131435509E2,2.058000088E0,1.505805111E1,1.540500075E-1
3.131459945E2,2.664000034E0,1.603005028E1,5.089499950E-1
3.131484380E2,4.108050346E0,1.528005028E1,1.350000054E-1
3.131508817E2,3.303000212E0,1.441095066E1,-5.128950119E0
3.131533253E2,1.869000077E0,1.344405079E1,-4.200000286E0
3.131557690E2,9.400500655E-1,1.270605087E1,-1.930050135E0
3.131582125E2,1.399950027E0,1.175805092E1,-2.639999986E-1
3.131606561E2,2.053050041E0,1.112400055E1,-4.870500267E-1
3.131630998E2,3.154950142E0,1.172700024E1,-2.569500208E-1
3.131655435E2,4.132050037E0,1.240500069E1,-1.200000010E-2
3.131679868E2,3.427950144E0,1.314495087E1,-5.805000290E-2
3.131704305E2,2.002950191E0,1.323600101E1,-3.760500252E-1
3.131728740E2,1.684950113E0,1.339395046E1,-1.111050010E0
3.131753177E2,1.516950130E0,1.518900108E1,3.840000033E-1
3.131777614E2,1.125000000E0,1.553895092E1,4.339500070E-1
3.131802050E2,1.084050059E0,1.383600044E1,3.700500131E-1
3.131826485E2,1.315950036E0,1.599600029E1,8.389500380E-1
3.131850921E2,1.843050122E0,1.610895157E1,6.810000539E-1
3.131875358E2,2.188050032E0,1.732500076E1,-3.930000067E-1
3.131899792E2,3.295950174E0,1.866795158E1,9.780000448E-1
3.131924229E2,3.069000244E0,1.833105087E1,4.905000329E-2
3.131948665E2,2.415000200E0,1.844295120E1,-1.005000062E-2
3.131973102E2,1.480950117E0,1.997505188E1,-2.850000262E-1
3.131997537E2,1.558050036E0,1.949400139E1,1.920000017E-1
3.132021974E2,1.464000106E0,1.812900162E1,3.460500240E-1
3.132046410E2,1.042950034E0,1.971705055E1,-1.156949997E0
3.132070847E2,1.146000028E0,1.735605049E1,2.070000172E-1
3.132095282E2,2.530499995E-1,1.712400055E1,-4.890000224E-1
3.132119718E2,-7.969500422E-1,1.525605106E1,7.960500121E-1
3.132144155E2,-2.257950068E0,1.374600029E1,7.380000353E-1
3.132168589E2,-1.969950080E0,1.244505024E1,-3.760500252E-1
3.132193026E2,1.140000075E-1,1.124805069E1,-8.400000632E-2
3.132217462E2,2.146950006E0,1.070205021E1,3.814950228E0
3.132241897E2,4.363950253E0,9.241950035E0,2.605950117E0
3.132266334E2,5.310000420E0,8.820000648E0,4.135950089E0
3.132290771E2,5.473050117E0,8.587950706E0,4.252950191E0
3.132315207E2,5.167950153E0,7.948950291E0,4.033050060E0
3.132339644E2,4.807050228E0,7.896000385E0,2.934000254E0
3.132364079E2,4.339950085E0,8.871000290E0,3.291000128E0
3.132388515E2,3.931050301E0,9.567000389E0,3.564000130E0
3.132412952E2,9.877950668E0,9.238950729E0,-1.061700058E1
3.132437386E2,3.531000137E0,8.107049942E0,-2.422605133E1
3.132461823E2,-1.319999993E-1,6.577050209E0,-2.337795067E1
3.132486259E2,-8.640000224E-1,6.511950493E0,-1.090905094E1
3.132510694E2,1.147950053E0,5.140050411E0,-2.578950167E0
3.132535131E2,1.201050043E0,5.559000492E0,2.641950130E0
3.132559567E2,4.159500301E-1,7.377000332E0,4.030950069E0
3.132584002E2,-1.630500108E-1,4.771950245E0,1.729950070E0
3.132608438E2,1.054949999E0,6.229950428E0,-1.200000048E-1
3.132632875E2,2.235000134E0,6.715950489E0,2.260500044E-1
3.132657312E2,2.472000122E0,6.024000168E0,1.690950036E0
3.132681748E2,1.471950054E0,7.723950386E0,2.508000135E0
3.132706183E2,1.387950063E0,7.558950424E0,3.178050041E0
3.132730619E2,2.551050186E0,7.744950294E0,2.413950205E0
3.132755056E2,3.190950155E0,7.587000370E0,3.022950172E0
3.132779491E2,3.733950138E0,8.077950478E0,3.865050077E0
3.132803927E2,4.924050331E0,6.721050262E0,-1.336050034E0
3.132828364E2,1.828050137E0,5.932950497E0,-5.940000415E-1
3.132852799E2,2.700000048E0,8.884950638E0,-3.561000109E0
3.132877236E2,2.319000006E0,5.533050060E0,-9.745050430E0
3.132901672E2,6.360000372E-1,3.021000147E0,-8.971950531E0
3.132926109E2,4.005000368E-2,5.157000065E0,-5.163000107E0
3.132950543E2,4.200000316E-2,5.416050434E0,-2.305950165E0
3.132974980E2,8.040000200E-1,6.615000248E0,-1.630950093E0
3.132999416E2,1.551000118E0,8.928000450E0,4.180500209E-1
3.133023853E2,1.165050030E0,7.321950436E0,-5.730000138E-1
3.133048288E2,1.029000044E0,7.855950356E0,-4.395000264E-2
3.133072724E2,8.130000234E-1,9.726000786E0,1.986000061E0
3.133097161E2,8.200500607E-1,8.554950714E0,2.413950205E0
3.133121596E2,1.153050065E0,8.299050331E0,7.240500450E-1
3.133146032E2,1.906950116E0,8.137949944E0,1.519050121E0
3.133170469E2,1.905000091E0,7.233000278E0,2.125050068E0
3.133194903E2,1.575000048E0,6.217950344E0,1.447050095E0
3.133219340E2,1.942950130E0,6.043050289E0,1.714950085E0
3.133243776E2,2.077050209E0,6.205950260E0,4.390500188E-1
3.133268213E2,2.446050167E0,6.393000126E0,-2.734950066E0
3.133292648E2,2.331000090E0,6.247050285E0,-5.898000240E0
3.133317085E2,8.800500631E-1,6.702000141E0,-4.842000008E0
3.133341521E2,6.499500275E-1,7.245000362E0,-9.820500612E-1
3.133365955E2,1.584000111E0,8.124000549E0,3.900000080E-2
3.133390392E2,1.756950140E0,8.348999977E0,1.469999999E-1
3.133414828E2,1.572000027E0,7.420050144E0,2.260500044E-1
3.133439265E2,1.777950048E0,8.755949974E0,8.410500288E-1
3.133463700E2,1.678050041E0,9.133950233E0,1.356000066E0
3.133488137E2,1.479000092E0,7.756950378E0,1.399050117E0
3.133512573E2,1.777950048E0,7.915050507E0,1.663050056E0
3.133537010E2,1.989000082E0,8.016000748E0,1.095000029E0
3.133561445E2,2.106000185E0,7.698000431E0,7.380000353E-1
3.133585881E2,1.524000049E0,8.808000565E0,3.100500107E-1
3.133610318E2,1.120050073E0,8.356050491E0,-2.404050112E0
3.133634752E2,3.220500052E-1,6.970050335E0,-3.469950199E0
3.133659189E2,1.600500047E-1,6.948000431E0,-1.641000032E0
3.133683626E2,7.699500322E-1,6.964950562E0,-3.280500174E-1
3.133708060E2,8.920500278E-1,6.610950470E0,-1.249500066E-1
3.133732497E2,4.159500301E-1,6.193950176E0,1.009500027E-1
3.133756933E2,-3.300000131E-1,6.927000523E0,5.279999971E-1
3.133781370E2,-5.050500035E-1,7.069950104E0,8.269500136E-1
3.133805805E2,3.495000303E-2,7.116000175E0,3.960000277E-1
3.133830241E2,1.603050113E0,7.812000275E0,-2.490000129E-1
3.133854678E2,5.949000359E0,6.211050510E0,1.759500057E-1
3.133879115E2,4.801950455E0,5.554950237E0,-5.209950447E0
3.133903549E2,3.294000149E0,6.534000397E0,-2.847000122E0
3.133927985E2,1.986000061E0,5.155050278E0,-5.443050385E0
3.133952422E2,2.487000227E0,4.906050205E0,-3.321000099E0
3.133976857E2,3.325050116E0,4.386000156E0,-3.400500119E-1
3.134001294E2,2.500950098E0,5.269950390E0,1.243950009E0
3.134025730E2,2.140050173E0,6.388050079E0,1.480950117E0
3.134050165E2,2.319000006E0,7.669050217E0,1.477950096E0
3.134074601E2,2.097000122E0,8.026050568E0,3.940500319E-1
3.134099038E2,2.358000040E0,7.927050591E0,-2.220000029E0
3.134123475E2,2.334000111E0,6.972000122E0,-5.020950317E0
3.134147911E2,2.595000029E0,7.171050549E0,-5.746950150E0
3.134172346E2,3.496950150E0,6.840000153E0,-4.677000046E0
3.134196782E2,3.295950174E0,7.630050182E0,-2.694000244E0
3.134221219E2,3.385050058E0,7.896000385E0,-1.128000021E0
3.134245654E2,3.520950079E0,8.646000862E0,-4.870500267E-1
3.134270090E2,2.926950216E0,9.295050621E0,-7.189500332E-1
3.134294527E2,1.936050057E0,9.013950348E0,-1.681050062E0
3.134318962E2,1.170000076E0,8.548050880E0,-1.867950082E0
3.134343399E2,1.642050028E0,7.791000366E0,-1.477950096E0
3.134367835E2,2.194950104E0,6.856950283E0,-1.288950086E0
3.134392269E2,3.045000076E0,6.000000477E0,-2.008949995E0
3.134416706E2,3.499950171E0,5.490000248E0,-2.227050066E0
3.134441142E2,3.085050106E0,5.964000225E0,-2.119050026E0
3.134465579E2,2.808000088E0,6.333000183E0,-2.351999998E0
3.134490016E2,3.246000051E0,6.108000278E0,-2.572050095E0
3.134514450E2,3.751050234E0,5.860950470E0,-3.328950167E0
3.134538887E2,4.723050117E0,5.254950047E0,-4.297950268E0
3.134563324E2,4.570050240E0,6.060000420E0,-3.478950262E0
3.134587759E2,4.504950047E0,5.860950470E0,-1.822950125E0
3.134612195E2,4.824000359E0,5.275050163E0,-2.698950052E0
3.134636632E2,3.916050196E0,5.728950500E0,-3.372000217E0
3.134661066E2,3.910950184E0,5.152050018E0,-3.148950100E0
3.134685503E2,4.045950413E0,4.719000340E0,-5.014050007E0
3.134709939E2,5.002950191E0,4.686000347E0,-3.417000055E0
3.134734374E2,5.097000122E0,4.846050262E0,-4.171050072E0
3.134758811E2,4.150950432E0,5.338950157E0,-4.126049995E0
3.134783247E2,4.156050205E0,5.221950054E0,-4.102050304E0
3.134807684E2,4.182000160E0,5.433000088E0,-3.082050085E0
3.134832119E2,2.857950211E0,5.169000149E0,-3.654000282E0
3.134856556E2,3.001950026E0,5.476050377E0,-2.437950134E0
3.134880992E2,4.419000149E0,4.549050331E0,-2.292000055E0
3.134905428E2,5.512950420E0,4.792950153E0,-3.067950249E0
3.134929863E2,4.948050022E0,5.026050091E0,-3.688050270E0
3.134954299E2,4.540950298E0,5.842050076E0,-3.922050238E0
3.134978736E2,4.267950058E0,6.718050480E0,-4.164000034E0
3.135003171E2,3.166950226E0,7.111050129E0,-3.769050121E0
3.135027608E2,2.281050205E0,7.330950260E0,-3.087000132E0
3.135052044E2,2.226000071E0,6.898050308E0,-2.677050114E0
3.135076479E2,3.214950085E0,5.875050068E0,-1.995000124E0
3.135100915E2,3.691050291E0,4.978050232E0,-1.969050050E0
3.135125352E2,4.396950245E0,4.381050110E0,-2.277000189E0
3.135149789E2,4.359000206E0,3.928950071E0,-3.108000040E0
3.135174223E2,3.040050030E0,3.898050070E0,-2.689050198E0
3.135198660E2,2.982000113E0,3.658050060E0,-1.720050097E0
3.135223096E2,4.797000408E0,3.948000193E0,-1.861050129E0
3.135247533E2,5.245050430E0,4.827000141E0,-3.393000126E0
3.135271968E2,3.981000185E0,5.361000061E0,-4.734000206E0
3.135296404E2,3.861000299E0,6.337950230E0,-6.202050209E0
3.135320841E2,3.958950281E0,6.619950294E0,-5.814000130E0
3.135345276E2,3.388950109E0,6.201000214E0,-4.699950218E0
3.135369713E2,2.938950062E0,5.794050217E0,-3.048000097E0
3.135394149E2,3.885000229E0,5.193000317E0,-1.690950036E0
3.135418586E2,4.066950321E0,5.167050362E0,-1.861050129E0
3.135443020E2,4.953000069E0,4.252050400E0,-1.831950068E0
3.135467457E2,5.230950356E0,4.780950069E0,-3.384000063E0
3.135491894E2,3.412950277E0,5.145000458E0,-5.620050430E0
3.135516328E2,3.982950211E0,5.904000282E0,-5.158050060E0
3.135540765E2,4.105050087E0,5.689050198E0,-2.821050167E0
3.135565201E2,3.567000151E0,5.569050312E0,-2.529000044E0
3.135589638E2,3.732000113E0,5.533050060E0,-2.452050209E0
3.135614073E2,4.588950157E0,5.160000324E0,-3.550950050E0
3.135638509E2,5.592000484E0,5.382000446E0,-5.023950100E0
3.135662946E2,4.623000145E0,5.136000156E0,-5.356050491E0
3.135687383E2,4.359000206E0,5.413050175E0,-5.227050304E0
3.135711817E2,4.828050137E0,5.904000282E0,-3.457950115E0
3.135736254E2,4.642050266E0,5.767950058E0,-2.356050014E0
3.135760691E2,3.897000074E0,5.992950439E0,-1.863000035E0
3.135785125E2,4.218000412E0,5.968950272E0,-1.576050043E0
3.135809562E2,4.374000072E0,5.467950344E0,-2.670000076E0
3.135833998E2,4.321050167E0,5.752950191E0,-3.130050182E0
3.135858433E2,3.964050293E0,5.401050091E0,-3.973050117E0
3.135882870E2,3.246000051E0,5.172000408E0,-4.107000351E0
3.135907306E2,2.776950121E0,5.148000240E0,-2.755950212E0
3.135931743E2,2.803050041E0,4.944000244E0,-1.858050108E0
3.135956178E2,3.768000126E0,4.968000412E0,-2.232000113E0
3.135980614E2,4.108050346E0,5.452050209E0,-2.752050161E0
3.136005051E2,4.041000366E0,6.061950207E0,-4.228950024E0
3.136029485E2,4.189050198E0,5.868000507E0,-5.601000309E0
3.136053922E2,3.823050261E0,6.369000435E0,-5.743950367E0
3.136078358E2,3.138000250E0,6.322950363E0,-4.999950409E0
3.136102795E2,2.554050207E0,5.938050270E0,-2.767950058E0
3.136127230E2,3.037950039E0,5.161950111E0,-1.240950108E0
3.136151667E2,4.455000401E0,4.390950203E0,-8.430000544E-1
3.136176103E2,5.820000172E0,3.874050140E0,-2.325000048E0
3.136200538E2,5.274000168E0,4.177950382E0,-4.309950352E0
3.136224975E2,3.270000219E0,5.040000439E0,-4.204950333E0
3.136249411E2,3.568950176E0,5.617050171E0,-2.965050220E0
3.136273848E2,3.507000208E0,5.551950455E0,-2.740050077E0
3.136298282E2,2.347950220E0,5.904000282E0,-2.536050081E0
3.136322718E2,2.641950130E0,5.731950283E0,-2.203050137E0
3.136347155E2,4.186950207E0,5.236050129E0,-2.230050087E0
3.136371592E2,4.795050144E0,5.191050053E0,-2.809050083E0
3.136396027E2,4.017000198E0,5.149950027E0,-3.496050119E0
3.136420463E2,4.108050346E0,5.788950443E0,-3.546000242E0
3.136444900E2,3.595050097E0,6.472050190E0,-2.407050133E0
3.136469334E2,3.013950109E0,6.994050503E0,-1.168950081E0
3.136493771E2,2.338050127E0,7.516050339E0,-5.179499984E-1
3.136518208E2,1.893000126E0,8.497050285E0,-4.339500070E-1
3.136542642E2,2.425050020E0,9.306000710E0,-3.310500085E-1
3.136567079E2,3.411000252E0,1.063800049E1,-1.377000093E0
3.136591515E2,4.680000305E0,1.214595032E1,-2.811000109E0
3.136615952E2,4.002000332E0,1.237800026E1,-2.428050041E0
3.136640387E2,3.460950136E0,1.217505074E1,-1.849050045E0
3.136664823E2,3.571050167E0,1.243305016E1,-1.513950109E0
3.136689260E2,3.993000269E0,1.238805103E1,-2.265000105E0
3.136713694E2,5.503950119E0,1.222500038E1,-4.126049995E0
3.136738131E2,6.619050503E0,1.211700058E1,-5.277000427E0
3.136762568E2,8.698050499E0,1.177500057E1,-8.088000298E0
3.136787004E2,5.808000088E0,1.268205070E1,-7.744050503E0
3.136811439E2,3.853950262E0,1.356405067E1,-5.155050278E0
3.136835876E2,3.406050205E0,1.210095024E1,-2.947950125E0
3.136860312E2,3.603000164E0,1.075005054E1,-1.653000116E0
3.136884747E2,3.808050156E0,1.024695015E1,-1.426950097E0
3.136909184E2,3.220050097E0,9.562950134E0,-9.730500579E-1
3.136933620E2,2.275950193E0,7.092000484E0,-1.614000082E0
3.136958057E2,1.764000058E0,6.091050148E0,-1.630950093E0
3.136982491E2,2.899050236E0,7.699950218E0,-1.249950051E0
3.137006928E2,3.181050062E0,8.203050613E0,7.290000319E-1
3.137031364E2,2.973000050E0,8.595000267E0,3.319050074E0
3.137055801E2,1.548000097E0,9.631950378E0,1.039950013E0
3.137080236E2,4.540500343E-1,1.097295094E1,-6.799500585E-1
3.137104672E2,5.950500369E-1,1.025205040E1,3.049500287E-1
3.137129109E2,2.865000248E0,1.055895042E1,2.752050161E0
3.137153544E2,4.800000191E0,1.117905045E1,-4.384050369E0
3.137177980E2,7.467000484E0,1.156695080E1,-7.806000233E0
3.137202416E2,6.777000427E0,1.239000034E1,-1.146405029E1
3.137226851E2,3.100050211E0,1.377705097E1,-4.483050346E0
3.137251288E2,1.030950069E0,1.470795059E1,-2.293950081E0
3.137275724E2,2.001000166E0,1.466295052E1,1.710000038E0
3.137300159E2,4.510050297E0,1.460295105E1,-2.760000229E-1
3.137324596E2,7.270950317E0,1.459500027E1,-2.731950045E0
3.137349032E2,6.318000317E0,1.460700035E1,-4.951950073E0
3.137373469E2,3.598050117E0,1.589295101E1,-5.577000141E0
3.137397906E2,2.164050102E0,1.513200092E1,-3.103050232E0
3.137422340E2,1.390050054E0,1.352805042E1,-5.440500379E-1
3.137446776E2,1.807050109E0,1.252395058E1,-2.400000021E-2
3.137471213E2,3.736950159E0,1.231095028E1,-7.500000596E-1
3.137495648E2,6.078000069E0,1.139700031E1,-2.377950191E0
3.137520085E2,6.892050266E0,1.223505020E1,-3.786000252E0
3.137544521E2,5.010000229E0,1.392495060E1,-3.862050295E0
3.137568958E2,3.946950197E0,1.502400112E1,-2.047950029E0
3.137593393E2,3.142950058E0,1.516800117E1,-1.072950006E0
3.137617829E2,2.512950182E0,1.545000076E1,-4.189500213E-1
3.137642265E2,2.002950191E0,1.436100101E1,-7.210500240E-1
3.137666700E2,3.387000084E0,1.191405010E1,-3.348000050E0
3.137691137E2,4.884000301E0,1.049895096E1,-5.881050110E0
3.137715573E2,5.326050282E0,1.008705044E1,-6.190050125E0
3.137740010E2,4.960050106E0,1.098705006E1,-4.240950108E0
3.137764445E2,3.708000183E0,1.251000023E1,-1.734000087E0
3.137788881E2,2.230950117E0,1.293405056E1,-1.390500069E-1
3.137813318E2,1.588950038E0,1.300605106E1,1.249500066E-1
3.137837752E2,3.721950293E0,1.321200085E1,-2.388000011E0
3.137862189E2,6.727050304E0,1.254405022E1,-6.499050140E0
3.137886626E2,6.909000397E0,1.212705040E1,-1.034100056E1
3.137911060E2,4.306950092E0,1.277100086E1,-6.930000305E0
3.137935497E2,2.713950157E0,1.180905056E1,-2.974050045E0
3.137959934E2,2.446050167E0,1.153305054E1,1.219950080E0
3.137984370E2,2.902950048E0,1.152600098E1,2.488950014E0
3.138008805E2,3.931050301E0,1.154505062E1,1.926000118E0
3.138033242E2,5.653950214E0,1.066395092E1,5.899500251E-1
3.138057678E2,8.269050598E0,1.057995033E1,-4.195050240E0
3.138082112E2,7.663050175E0,1.062795067E1,-8.257950783E0
3.138106549E2,3.022950172E0,1.229505062E1,-8.541000366E0
3.138130985E2,1.036050081E0,1.210095024E1,-4.665000439E0
3.138155422E2,1.395000100E0,1.061400032E1,1.759500057E-1
3.138179857E2,2.271000147E0,8.962050438E0,1.095000029E0
3.138204294E2,3.763050079E0,7.888950348E0,1.300500035E-1
3.138228730E2,6.049950123E0,7.188000202E0,-2.899950027E0
3.138253167E2,7.275000572E0,7.555950165E0,-6.898050308E0
3.138277602E2,6.916050434E0,8.739000320E0,-8.436000824E0
3.138302039E2,4.777950287E0,1.002495003E1,-7.689000130E0
3.138326475E2,3.076050043E0,1.065900040E1,-4.873050213E0
3.138350909E2,3.112050056E0,1.095105076E1,-1.981050134E0
3.138375346E2,3.961950302E0,9.828000069E0,-6.400500536E-1
3.138399783E2,5.827050209E0,8.209950447E0,-1.147050023E0
3.138424217E2,6.777000427E0,6.607950211E0,-3.324000120E0
3.138448654E2,6.550050259E0,6.175050259E0,-4.903950214E0
3.138473090E2,6.054000378E0,7.408050537E0,-5.320950031E0
3.138497527E2,4.666050434E0,9.388050079E0,-4.657050133E0
3.138521962E2,2.752950191E0,1.106595039E1,-3.115050077E0
3.138546398E2,1.510050058E0,1.159800053E1,-1.662000060E0
3.138570835E2,1.339950085E0,1.222005081E1,-1.459050059E0
3.138595272E2,1.957950115E0,1.176105022E1,-2.146050215E0
3.138619706E2,2.901000023E0,1.117200089E1,-3.508050203E0
3.138644142E2,3.511950254E0,1.014000034E1,-3.871950150E0
3.138668579E2,3.210000038E0,9.844950676E0,-2.188950062E0
3.138693014E2,3.054000139E0,9.874050140E0,-5.560500026E-1
3.138717451E2,3.459000111E0,1.033800030E1,-3.139500022E-1
3.138741887E2,3.267000198E0,1.114500046E1,1.129500046E-1
3.138766322E2,3.255000114E0,1.195200062E1,-3.090000153E-1
3.138790759E2,4.455000401E0,1.224195099E1,-1.693050027E0
3.138815195E2,4.837950230E0,1.155495071E1,-3.850050211E0
3.138839632E2,4.110000134E0,1.144200039E1,-4.843950272E0
3.138864066E2,2.134950161E0,1.133400059E1,-3.352050066E0
3.138888503E2,1.006950021E0,1.115700054E1,-3.670500219E-1
3.138912939E2,6.790500283E-1,1.069800091E1,3.720000088E-1
3.138937376E2,1.789500117E-1,1.044900036E1,-7.020000219E-1
3.138961811E2,2.890500128E-1,1.095105076E1,3.600000143E-1
3.138986247E2,3.535950184E0,1.131105042E1,-7.039500475E-1
3.139010684E2,5.719050407E0,1.194495010E1,-4.369950294E0
3.139035119E2,4.102950096E0,1.291005039E1,-4.015950203E0
3.139059556E2,1.977000117E0,1.350105095E1,-2.028000116E0
3.139083993E2,9.760500193E-1,1.270605087E1,-6.795000285E-2
3.139108426E2,6.499500275E-1,1.180095100E1,9.000000358E-2
3.139132863E2,1.800000072E0,9.690000534E0,-1.042050004E0
3.139157300E2,3.375000238E0,8.554950714E0,-2.047950029E0
3.139181736E2,3.781950235E0,8.542950630E0,-2.221950054E0
3.139206171E2,4.038000107E0,9.151050568E0,-1.636050105E0
3.139230608E2,2.853000164E0,1.047705078E1,-1.099050045E0
3.139255044E2,1.273050070E0,1.120500088E1,4.009500146E-1
3.139279481E2,4.540500343E-1,1.090800095E1,-2.760000229E-1
3.139303916E2,1.605000161E-2,1.097295094E1,-1.150050044E0
3.139328352E2,1.210500076E-1,1.091505051E1,4.030500054E-1
3.139352789E2,7.560000420E-1,1.014900017E1,9.010500312E-1
3.139377223E2,2.149049997E0,9.972000122E0,6.090000272E-1
3.139401660E2,3.840000153E0,1.008705044E1,-6.589500308E-1
3.139426096E2,3.367950201E0,9.963000298E0,-1.843950033E0
3.139450531E2,2.080049992E0,1.096605015E1,-2.280000210E0
3.139474968E2,8.010000587E-1,1.149000072E1,-8.770500422E-1
3.139499405E2,5.279999971E-1,1.123395061E1,-1.870500147E-1
3.139523841E2,2.082000017E0,1.088205051E1,-1.794000030E0
3.139548276E2,3.825000286E0,9.703950882E0,-4.377000332E0
3.139572713E2,2.785950184E0,9.184050560E0,-4.485000134E0
3.139597149E2,9.090000391E-1,8.815950394E0,-1.530000091E0
3.139621586E2,3.559500277E-1,7.591950417E0,8.959500194E-1
3.139646020E2,1.024049997E0,6.630000114E0,4.849500358E-1
3.139670456E2,1.375950098E0,6.280050278E0,8.509500623E-1
3.139694893E2,1.350000024E0,6.229950428E0,1.834950089E0
3.139719328E2,2.398050070E0,6.546000481E0,7.410000563E-1
3.139743765E2,2.889000177E0,5.965950489E0,-3.049500287E-1
3.139768201E2,3.703050137E0,7.381050587E0,9.799500704E-1
3.139792638E2,2.805000067E0,8.875950813E0,8.719500303E-1
3.139817072E2,1.359000087E0,9.028950691E0,1.579050064E0
3.139841509E2,4.230000079E-1,9.532050133E0,1.027950048E0
3.139865945E2,2.719500065E-1,8.617050171E0,-7.279500365E-1
3.139890380E2,1.354050040E0,7.674000263E0,7.260000110E-1
3.139914817E2,1.672950029E0,6.706050396E0,-2.469000101E0
3.139939253E2,3.997950077E0,6.001950264E0,-4.549950123E0
3.139963690E2,3.145050049E0,5.950050354E0,-5.152950287E0
3.139988125E2,1.474050045E0,6.871950150E0,-2.950050116E0
3.140012561E2,1.540950060E0,7.507950306E0,-9.370500445E-1
3.140036998E2,2.034000158E0,8.005949974E0,-2.689500153E-1
3.140061432E2,1.147950053E0,7.875000477E0,-1.237950087E0
3.140085869E2,7.489500642E-1,6.334950447E0,-1.437000036E0
3.140110305E2,1.462050080E0,5.334000111E0,2.160000056E-1
3.140134742E2,1.981950045E0,5.695950508E0,8.700000495E-2
3.140159177E2,2.760000229E0,5.137950420E0,-3.600000218E-2
3.140183614E2,2.880000114E0,5.196000099E0,1.873050094E0
3.140208050E2,3.571050167E0,6.571950436E0,1.888050079E0
3.140232485E2,5.073000431E0,7.245000362E0,-7.090500593E-1
3.140256921E2,4.735050201E0,7.528050423E0,-4.744050026E0
3.140281358E2,1.768950105E0,7.888950348E0,-6.288000107E0
3.140305792E2,-5.580000281E-1,7.671000481E0,-4.159049988E0
3.140330229E2,-1.483950019E0,7.377000332E0,-4.050000310E-1
3.140354666E2,-9.300000221E-2,6.553050518E0,4.369500279E-1
3.140379102E2,1.407000065E0,5.952000141E0,1.469999999E-1
3.140403539E2,2.347950220E0,5.848950386E0,2.239500135E-1
3.140427973E2,3.145050049E0,6.474000454E0,-6.679500341E-1
3.140452410E2,2.680950165E0,7.566000462E0,-1.405950069E0
3.140476847E2,1.792950034E0,8.536050797E0,-2.245950222E0
3.140501281E2,6.070500016E-1,8.416049957E0,-1.140000105E0
3.140525718E2,2.890500128E-1,7.786050320E0,-3.910500109E-1
3.140550155E2,2.009999990E0,6.397050381E0,-1.417950034E0
3.140574589E2,3.940050125E0,5.344050407E0,-3.826950073E0
3.140599026E2,3.265050173E0,5.040000439E0,-4.345950127E0
3.140623462E2,3.126000166E0,5.119050026E0,-4.047000408E0
3.140647897E2,3.193050146E0,5.418000221E0,-3.511050224E0
3.140672334E2,3.030000210E0,6.790050507E0,-1.846050143E0
3.140696770E2,1.725000024E0,7.461000443E0,-1.540500075E-1
3.140721207E2,9.379500151E-1,8.358000755E0,6.105000153E-2
3.140745641E2,1.303950071E0,8.554950714E0,-1.365000010E0
3.140770078E2,1.651050091E0,8.100000381E0,-3.882000208E0
3.140794515E2,1.258950114E0,7.717050552E0,-4.771950245E0
3.140818949E2,1.912050128E0,7.300050259E0,-3.855000257E0
3.140843386E2,2.652000189E0,7.456050396E0,-2.530950069E0
3.140867822E2,4.258950233E0,7.645050526E0,-1.351050019E0
3.140892259E2,5.488950253E0,8.860950470E0,-2.518950224E0
3.140916694E2,4.720950127E0,9.618000031E0,-4.513950348E0
3.140941131E2,2.671050072E0,1.012995052E1,-5.811000347E0
3.140965568E2,1.369050026E0,9.666000366E0,-6.051000118E0
3.140990001E2,7.129500508E-1,8.299050331E0,-4.842000008E0
3.141014438E2,9.379500151E-1,6.535950184E0,-2.598000050E0
3.141038874E2,1.588950038E0,5.197950363E0,2.700000070E-2
3.141063311E2,3.607050180E0,4.585050106E0,5.800500512E-1
3.141087746E2,5.973000050E0,4.378950119E0,-1.437000036E0
3.141112183E2,5.632950306E0,6.120000362E0,-3.220950127E0
3.141136619E2,3.793950081E0,8.595000267E0,-4.011000156E0
3.141161056E2,1.876050115E0,9.915000916E0,-4.183050156E0
3.141185491E2,5.470499992E-1,1.037700081E1,-2.526000023E0
3.141209927E2,1.950000064E-3,9.730050087E0,-2.293950081E0
3.141234364E2,1.611000061E0,8.128950119E0,-2.221950054E0
3.141258798E2,3.247950077E0,5.986050129E0,-2.500050068E0
3.141283235E2,3.840000153E0,4.786050320E0,-1.614000082E0
3.141307671E2,4.657950401E0,3.748950243E0,-7.930500507E-1
3.141332106E2,4.693950176E0,4.872000217E0,-1.618950129E0
3.141356543E2,3.934950113E0,7.033950329E0,-2.713050127E0
3.141380979E2,3.706050158E0,7.744950294E0,-2.718000174E0
3.141405416E2,1.882950068E0,8.530950546E0,-1.642950058E0
3.141429850E2,5.359500051E-1,8.799000740E0,-1.606950045E0
3.141454287E2,1.206000090E0,9.069000244E0,-2.215050220E0
3.141478724E2,3.342000246E0,9.610950470E0,-3.205950260E0
3.141503160E2,3.427950144E0,9.511950493E0,-4.171050072E0
3.141527595E2,2.282999992E0,9.229950905E0,-3.135000229E0
3.141552031E2,1.219950080E0,9.073950768E0,-1.080000028E-1
3.141576468E2,9.229500294E-1,9.304050446E0,1.705950022E0
3.141600903E2,1.234950066E0,9.429000854E0,1.729950070E0
3.141625340E2,1.374000072E0,9.352050781E0,6.400500536E-1
3.141649776E2,1.362000108E0,7.603950500E0,-5.850000381E-1
3.141674213E2,1.180050015E0,7.152000427E0,-5.440500379E-1
3.141698647E2,1.668000102E0,7.183050156E0,-6.109500527E-1
3.141723084E2,2.635050058E0,8.526000023E0,-7.189500332E-1
3.141747520E2,4.219950199E0,9.406949997E0,-1.152000070E0
3.141771955E2,5.329050064E0,8.815950394E0,-2.775000095E0
3.141796392E2,6.006000519E0,8.976000786E0,-3.715950251E0
3.141820828E2,4.821000099E0,1.007295036E1,-4.717050076E0
3.141845263E2,3.607050180E0,1.058295059E1,-4.437000275E0
3.141869700E2,2.743050098E0,9.769050598E0,-3.271050215E0
3.141894136E2,2.326050043E0,8.430000305E0,-1.360050082E0
3.141918573E2,3.151950121E0,7.774050236E0,-6.640500426E-1
3.141943007E2,4.600950241E0,7.534950256E0,-1.078050017E0
3.141967444E2,4.663050175E0,7.735950470E0,-2.221950054E0
3.141991881E2,4.105050087E0,8.698050499E0,-2.047950029E0
3.142016317E2,3.469050169E0,9.036000252E0,-2.092950106E0
3.142040752E2,2.755050182E0,1.006095028E1,-2.107050180E0
3.142065188E2,2.395950079E0,1.029105091E1,-1.546950102E0
3.142089623E2,2.194950104E0,1.056795025E1,-6.900000572E-1
3.142114060E2,3.313050270E0,1.036005020E1,-1.594950080E0
3.142138497E2,4.347000122E0,9.465000153E0,-3.778950214E0
3.142162933E2,4.222949982E0,9.625050545E0,-4.984950066E0
3.142187368E2,4.326000214E0,1.033395004E1,-4.204950333E0
3.142211804E2,4.243950367E0,1.108095074E1,-3.204000235E0
3.142236241E2,3.679050207E0,1.153800011E1,-2.074050188E0
3.142260678E2,3.145050049E0,1.144500065E1,-2.275050163E0
3.142285112E2,2.890950203E0,1.142505074E1,-2.596050024E0
3.142309548E2,2.607000113E0,1.132500076E1,-3.160950184E0
3.142333985E2,2.230950117E0,1.049895096E1,-2.682000160E0
3.142358422E2,1.675050020E0,9.610950470E0,-1.087050080E0
3.142382857E2,1.488000035E0,9.330000877E0,7.810500264E-1
3.142407293E2,2.611050129E0,9.703950882E0,7.219500542E-1
3.142431730E2,4.905000210E0,1.010400009E1,-1.165950060E0
3.142456164E2,6.054000378E0,9.642000198E0,-3.570000172E0
3.142480601E2,5.737950325E0,1.074105072E1,-5.218050480E0
3.142505038E2,3.865950108E0,1.195500088E1,-5.755950451E0
3.142529472E2,2.749950171E0,1.149495029E1,-4.690950394E0
3.142553909E2,2.005950212E0,1.057995033E1,-3.168000221E0
3.142578345E2,2.245050192E0,9.900000572E0,-1.858050108E0
3.142602780E2,3.724950075E0,8.571000099E0,-2.433000088E0
3.142627217E2,4.567049980E0,7.599000454E0,-3.144000053E0
3.142651653E2,4.570050240E0,7.779000282E0,-3.570000172E0
3.142676090E2,3.684000254E0,8.619000435E0,-3.546000242E0
3.142700525E2,2.118000031E0,9.298950195E0,-2.146050215E0
3.142724961E2,1.741950035E0,8.743950844E0,-6.400500536E-1
3.142749398E2,1.627050042E0,9.297000885E0,2.760000229E-1
3.142773834E2,1.408950090E0,9.567000389E0,4.650000334E-1
3.142798269E2,3.337050200E0,8.827950478E0,-2.044950008E0
3.142822705E2,4.972050190E0,8.848950386E0,-4.602000237E0
3.142847142E2,4.050000191E0,8.940000534E0,-4.648050308E0
3.142871577E2,2.911050081E0,9.661050797E0,-2.862000227E0
3.142896014E2,3.598050117E0,1.010895061E1,-9.250500202E-1
3.142920450E2,3.049950123E0,1.042695045E1,-2.020500153E-1
3.142944887E2,2.202000141E0,1.058295059E1,-1.072950006E0
3.142969322E2,1.873950124E0,9.940950394E0,-1.711950064E0
3.142993759E2,1.333050013E0,8.707950592E0,-2.710950136E0
3.143018195E2,5.950500369E-1,7.800000191E0,-1.305000067E0
3.143042629E2,4.680000246E-1,7.546950340E0,1.995000057E-2
3.143067066E2,1.323000073E0,8.583000183E0,3.049500287E-1
3.143091502E2,4.270950317E0,9.145950317E0,-6.540000439E-1
3.143115939E2,5.259000301E0,8.872950554E0,-2.445000172E0
3.143140374E2,4.909950256E0,9.055050850E0,-3.181950092E0
3.143164810E2,3.528000116E0,1.018005085E1,-3.405000210E0
3.143189247E2,2.305050135E0,9.465000153E0,-2.632050037E0
3.143213682E2,1.620000124E0,8.866050720E0,-1.699950099E0
3.143238118E2,2.278950214E0,7.792950153E0,-1.533000112E0
3.143262555E2,4.378050327E0,6.438000202E0,-1.509000063E0
3.143286992E2,5.109000206E0,6.273000240E0,-1.960950136E0
3.143311426E2,4.576950073E0,7.024950504E0,-1.450950027E0
3.143335863E2,3.112050056E0,8.097000122E0,-1.413000107E0
3.143360299E2,1.603050113E0,8.773050308E0,-1.576050043E0
3.143384734E2,1.078950047E0,8.812950134E0,-1.453950047E0
3.143409171E2,1.180050015E0,8.695950508E0,-1.164000034E0
3.143433607E2,2.620950222E0,8.610000610E0,-1.699950099E0
3.143458044E2,3.837000132E0,8.124000549E0,-3.669000149E0
3.143482478E2,3.598050117E0,7.846050262E0,-4.468050003E0
3.143506915E2,3.102000237E0,8.068950653E0,-3.517950058E0
3.143531352E2,3.670050144E0,8.593050003E0,-2.301000118E0
3.143555789E2,4.045950413E0,8.839950562E0,-2.080950022E0
3.143580223E2,3.415950060E0,9.313950539E0,-2.542950153E0
3.143604659E2,2.121000051E0,8.647950172E0,-2.629050016E0
3.143629096E2,1.531950116E0,7.894050598E0,-1.441950083E0
3.143653531E2,1.492950082E0,6.534000397E0,-3.090000153E-1
3.143677967E2,9.499500394E-1,5.524050236E0,1.800000109E-2
3.143702404E2,1.618050098E0,5.521050453E0,5.059500337E-1
3.143726839E2,3.154950142E0,5.796000481E0,-2.449500114E-1
3.143751275E2,4.396950245E0,6.220050335E0,-1.363050103E0
3.143775711E2,3.973950148E0,7.210950375E0,-2.835000038E0
3.143800148E2,2.676000118E0,8.755949974E0,-3.043950081E0
3.143824583E2,1.405050039E0,9.567000389E0,-2.907000065E0
3.143849020E2,4.590000212E-1,9.115050316E0,-2.605050087E0
3.143873456E2,7.849500179E-1,8.302950859E0,-2.433000088E0
3.143897891E2,2.881950140E0,7.045950413E0,-3.139050245E0
3.143922327E2,4.299000263E0,5.571000099E0,-4.128000259E0
3.143946764E2,4.486050129E0,4.963050365E0,-3.843000174E0
3.143971201E2,3.685950279E0,5.382000446E0,-2.905050039E0
3.143995635E2,2.602050066E0,6.019050121E0,-2.152950048E0
3.144020071E2,1.587000132E0,6.301950455E0,-1.722000122E0
3.144044508E2,8.200500607E-1,6.787950516E0,-1.222050071E0
3.144068943E2,1.323000073E0,6.579000473E0,-1.600050092E0
3.144093380E2,2.887050152E0,5.770050049E0,-2.111999989E0
3.144117816E2,3.793950081E0,5.943000317E0,-3.292950153E0
3.144142253E2,4.290000439E0,6.217950344E0,-3.043950081E0
3.144166688E2,4.126950264E0,5.911050320E0,-3.549000263E0
3.144191124E2,3.013950109E0,5.968950272E0,-4.557000160E0
3.144215561E2,3.016050100E0,5.779950142E0,-2.794950247E0
3.144239995E2,2.793000221E0,5.035050392E0,-3.355050087E0
3.144264432E2,2.323950052E0,4.755000114E0,-2.914050102E0
3.144288868E2,1.860000134E0,3.025950193E0,-2.569950104E0
3.144313303E2,9.619500637E-1,2.194950104E0,-2.842050076E0
3.144337740E2,2.395950079E0,1.350000024E0,-2.349000216E0
3.144362176E2,4.558050156E0,1.786050081E0,-3.514950275E0
3.144386613E2,6.421050072E0,2.767950058E0,-5.646000385E0
3.144411050E2,8.034000397E0,2.539950132E0,-8.922000885E0
3.144435484E2,5.902950287E0,4.024950027E0,-1.040595055E1
3.144459921E2,6.600000381E0,4.483950138E0,-9.118050575E0
3.144484355E2,7.309050560E0,4.633050442E0,-8.020950317E0
3.144508792E2,8.607000351E0,3.960000277E0,-3.238050222E0
3.144533228E2,9.001950264E0,2.361000061E0,-2.728050232E0
3.144557665E2,1.004595089E1,1.105949998E0,-7.636050224E0
3.144582100E2,1.041705036E1,9.000000358E-1,-1.081305027E1
3.144606537E2,1.096695042E1,6.919500232E-1,-1.213005066E1
3.144630973E2,1.081695080E1,1.477050066E0,-1.467495060E1
3.144655408E2,1.024395084E1,1.087050080E0,-1.589595032E1
3.144679845E2,8.596950531E0,3.069000244E0,-1.428195095E1
3.144704281E2,8.515950203E0,4.984950066E0,-1.067895031E1
3.144728718E2,9.481050491E0,6.496050358E0,-1.049505043E1
3.144753152E2,7.893000603E0,8.598000526E0,-1.105305099E1
3.144777588E2,8.097000122E0,8.041950226E0,-1.136400032E1
3.144802025E2,6.085050106E0,8.121000290E0,-1.279605103E1
3.144826460E2,5.331000328E0,8.346000671E0,-1.298700047E1
3.144850897E2,5.760000229E0,6.784950256E0,-1.114605045E1
3.144875333E2,5.089050293E0,4.741050243E0,-7.672050476E0
3.144899770E2,3.595050097E0,2.980950117E0,-3.895950079E0
3.144924204E2,1.744950056E0,9.649500251E-1,-8.290500641E-1
3.144948641E2,1.591050029E0,1.903050065E0,3.774000168E0
3.144973078E2,3.354000092E0,4.350000381E0,6.046050072E0
3.144997512E2,3.808050156E0,4.185000420E0,5.188950062E0
3.145021949E2,4.219950199E0,7.767000198E0,-6.919500232E-1
3.145046385E2,3.574050188E0,1.104195023E1,3.472950220E0
3.145070822E2,3.163950205E0,1.101405048E1,4.335000038E0
3.145095257E2,4.915050030E0,1.222500038E1,8.200500607E-1
3.145119694E2,5.452950478E0,1.325205040E1,1.633950114E0
3.145144130E2,4.195950031E0,1.104000092E1,2.176950216E0
3.145168567E2,2.856000185E0,9.472050667E0,1.630950093E0
3.145193002E2,1.168050051E0,1.031205082E1,-9.439500570E-1
3.145217438E2,2.080049992E0,8.727000237E0,-5.110050201E0
3.145241875E2,8.722050667E0,9.972000122E0,3.928050280E0
3.145266309E2,4.134000301E0,1.185600090E1,-1.538100052E1
3.145290745E2,2.472000122E0,1.156695080E1,-9.889050484E0
3.145315182E2,2.701950073E0,1.368300056E1,-1.225905037E1
3.145339617E2,4.948050022E0,1.558395100E1,-9.417000771E0
3.145364054E2,6.708000183E0,1.574700069E1,-7.486950397E0
3.145388490E2,6.289050102E0,1.527300072E1,-7.432050228E0
3.145412927E2,7.930950165E0,1.294095039E1,-4.219050407E0
3.145437361E2,8.737950325E0,1.261305046E1,-6.271050453E0
3.145461798E2,7.594050407E0,1.122195053E1,-7.468050480E0
3.145486232E2,5.499000072E0,1.181100082E1,-7.327050209E0
3.145510669E2,3.351000071E0,1.137300014E1,-4.150050163E0
3.145535106E2,1.785000086E0,9.073950768E0,3.430500031E-1
3.145559542E2,2.674050093E0,8.986050606E0,4.026000023E0
3.145583979E2,5.041950226E0,1.060200024E1,2.728050232E0
3.145608414E2,5.737950325E0,1.317795086E1,7.480500340E-1
3.145632851E2,6.804000378E0,1.337895107E1,-2.542950153E0
3.145657287E2,5.707050323E0,1.501200104E1,-6.025050163E0
3.145681724E2,4.270950317E0,1.650105095E1,-8.959950447E0
3.145706158E2,2.880000114E0,1.669995117E1,-8.320950508E0
3.145730595E2,2.026950121E0,1.609905052E1,-5.007000446E0
3.145755031E2,2.041949987E0,1.427205086E1,-1.909050107E0
3.145779466E2,4.077000141E0,1.235700035E1,-2.866050243E0
3.145803902E2,5.959050179E0,1.064700031E1,-3.496050119E0
3.145828339E2,7.381050587E0,1.068600082E1,-4.843950272E0
3.145852774E2,6.270000458E0,1.105395031E1,-4.305000305E0
3.145877211E2,3.495000124E0,1.401105022E1,-2.644050121E0
3.145901647E2,2.037000179E0,1.437300110E1,3.580500185E-1
3.145926082E2,2.335950136E0,1.472505093E1,-1.513950109E0
3.145950519E2,3.483000278E0,1.580700111E1,-4.118999958E0
3.145974955E2,4.912050247E0,1.538595104E1,-7.677000523E0
3.145999392E2,4.084050179E0,1.389405060E1,-8.686950684E0
3.146023827E2,3.760950089E0,1.344105053E1,-6.613050461E0
3.146048263E2,3.865950108E0,1.317795086E1,-3.556050062E0
3.146072700E2,3.433050156E0,1.256295013E1,-1.030050039E0
3.146097134E2,2.089050055E0,1.080495071E1,5.800500512E-1
3.146121571E2,9.690000415E-1,8.830050468E0,1.846950054E0
3.146146007E2,8.320500255E-1,7.342950344E0,1.845000029E0
3.146170444E2,1.785000086E0,7.800000191E0,-1.005000062E-2
3.146194879E2,3.483000278E0,8.542950630E0,-1.564050078E0
3.146219315E2,5.511000156E0,9.157950401E0,-2.304000139E0
3.146243752E2,5.767050266E0,1.003395081E1,-3.874050140E0
3.146268187E2,4.572000027E0,1.080300045E1,-5.164950371E0
3.146292624E2,3.375000238E0,1.148805046E1,-5.361000061E0
3.146317060E2,2.695050240E0,1.048005009E1,-4.534950256E0
3.146341497E2,3.078000069E0,9.024000168E0,-4.408050060E0
3.146365931E2,3.363000154E0,7.561050415E0,-4.830000401E0
3.146390368E2,4.792950153E0,5.088000298E0,-5.337000370E0
3.146414804E2,6.112050056E0,3.757050276E0,-5.923950195E0
3.146439239E2,4.747050285E0,4.084949970E0,-4.996950150E0
3.146463676E2,2.695050240E0,4.374000072E0,-2.031000137E0
3.146488112E2,2.889000177E0,5.155050278E0,7.909500599E-1
3.146512549E2,4.687050343E0,6.381000519E0,2.979000092E0
3.146536984E2,4.726050377E0,7.666050434E0,1.440000057E0
3.146561420E2,3.925950289E0,8.799000740E0,1.129500046E-1
3.146585857E2,2.877000093E0,9.208050728E0,-3.525000095E0
3.146610292E2,2.494050026E0,9.012000084E0,-7.995000362E0
3.146634728E2,2.511000156E0,9.226950645E0,-1.018095016E1
3.146659165E2,2.146950006E0,8.638050079E0,-7.582950592E0
3.146683602E2,1.182000041E0,7.240050316E0,-2.325000048E0
3.146708036E2,4.180500209E-1,5.679000378E0,3.451050282E0
3.146732473E2,8.419500589E-1,5.005950451E0,2.824050188E0
3.146756909E2,2.626050234E0,5.017950058E0,6.709500551E-1
3.146781344E2,3.028050184E0,5.806050301E0,1.131000042E0
3.146805781E2,2.425050020E0,7.216050148E0,6.760500073E-1
3.146830217E2,2.820000172E0,8.715000153E0,2.380500138E-1
3.146854652E2,3.649950266E0,9.277950287E0,-4.135050297E0
3.146879088E2,2.250000000E0,9.334950447E0,-5.895000458E0
3.146903525E2,1.146000028E0,8.740950584E0,-5.413950443E0
3.146927961E2,1.788000107E0,7.876950264E0,-3.088950157E0
3.146952398E2,3.379950047E0,6.502950191E0,-1.735950112E0
3.146976832E2,5.250000477E0,5.346000195E0,-1.957050085E0
3.147001269E2,6.811050415E0,4.531949997E0,-2.356050014E0
3.147025706E2,6.459000111E0,3.457050085E0,-4.213950157E0
3.147050141E2,3.940050125E0,4.597050190E0,-3.439050198E0
3.147074577E2,2.422049999E0,6.163050175E0,-1.075950027E0
3.147099014E2,3.181050062E0,7.209000111E0,-1.528050065E0
3.147123448E2,3.508950233E0,8.155050278E0,-2.344050169E0
3.147147885E2,3.382050276E0,8.548050880E0,-3.795000076E0
3.147172321E2,2.724000216E0,8.368050575E0,-3.465000153E0
3.147196756E2,3.033000231E0,8.811000824E0,-2.233950138E0
3.147221193E2,3.052050114E0,9.493050575E0,-1.948950052E0
3.147245629E2,1.948050141E0,9.073950768E0,-1.891950130E0
3.147270064E2,8.830500245E-1,7.774050236E0,-6.300000101E-2
3.147294501E2,1.395000052E-2,6.025950432E0,1.255950093E0
3.147318937E2,-7.050000131E-3,4.824000359E0,2.050050020E0
3.147343374E2,2.233050108E0,4.896000385E0,-1.420500129E-1
3.147367809E2,4.263000011E0,5.272050381E0,-2.305950165E0
3.147392246E2,5.182950020E0,6.256050110E0,-3.762000084E0
3.147416682E2,4.480950356E0,6.961950302E0,-4.714950085E0
3.147441119E2,3.076050043E0,8.563950539E0,-4.261950016E0
3.147465553E2,2.254950047E0,9.031050682E0,-2.749050140E0
3.147489990E2,2.568000078E0,8.503950119E0,-2.349000216E0
3.147514427E2,3.640950203E0,7.267050266E0,-3.898050070E0
3.147538862E2,4.965000153E0,5.590950489E0,-5.233950138E0
3.147563298E2,6.646050453E0,4.012950420E0,-7.143000126E0
3.147587735E2,6.378000259E0,3.736950159E0,-8.263050079E0
3.147612171E2,3.409050226E0,3.972000122E0,-5.701050282E0
3.147636606E2,1.812000036E0,4.579950333E0,-1.921050072E0
3.147661043E2,3.922950268E0,5.515950203E0,-4.270500243E-1
3.147685479E2,5.643000126E0,6.448050499E0,-1.923000097E0
3.147709914E2,5.242950439E0,6.795000553E0,-3.597000122E0
3.147734350E2,4.990950108E0,6.936000347E0,-4.648050308E0
3.147758787E2,5.086950302E0,7.282950401E0,-6.991950512E0
3.147783224E2,4.371000290E0,8.028000832E0,-8.518950462E0
3.147807658E2,2.998950243E0,7.195050240E0,-8.055000305E0
3.147832094E2,8.470500112E-1,5.904000282E0,-5.115000248E0
3.147856531E2,2.220000178E-1,4.009950161E0,5.250000358E-1
3.147880965E2,1.756950140E0,3.294000149E0,4.270050049E0
3.147905402E2,4.555950165E0,3.499950171E0,3.276000261E0
3.147929839E2,7.017000198E0,3.405000210E0,6.109500527E-1
3.147954275E2,6.769950390E0,4.567950249E0,-3.004950047E0
3.147978710E2,5.547000408E0,6.241950512E0,-5.313000202E0
3.148003146E2,3.378000259E0,8.539950371E0,-5.811000347E0
3.148027583E2,1.773000121E0,9.714000702E0,-4.861050129E0
3.148052018E2,1.642050028E0,9.205950737E0,-4.363049984E0
3.148076455E2,2.592000008E0,7.771950245E0,-3.879000187E0
3.148100891E2,4.507950306E0,6.462000370E0,-3.147000074E0
3.148125325E2,6.496950150E0,5.808000088E0,-4.564050198E0
3.148149762E2,6.198000431E0,3.910050154E0,-5.328000069E0
3.148174199E2,3.748950243E0,5.112000465E0,-3.151050091E0
3.148198635E2,2.559000015E0,6.943050385E0,-5.805000290E-2
3.148223070E2,4.915050030E0,7.468050480E0,-1.653000116E0
3.148247506E2,6.136050224E0,9.796950340E0,-3.244950056E0
3.148271943E2,4.575000286E0,9.862050056E0,-4.537950039E0
3.148296380E2,3.330000162E0,1.022100067E1,-4.128000259E0
3.148320815E2,3.849000216E0,1.109505081E1,-4.629000187E0
3.148345251E2,4.840050220E0,1.099905014E1,-4.612050056E0
3.148369688E2,2.752950191E0,9.679950714E0,-4.573950291E0
3.148394122E2,7.729500532E-1,8.500050545E0,-1.387050033E0
3.148418558E2,4.230000079E-1,6.924000263E0,1.258050084E0
3.148442995E2,2.688000202E0,5.734050274E0,5.179499984E-1
3.148467430E2,5.635050297E0,5.956950188E0,-2.308950186E0
3.148491867E2,6.868050098E0,6.844950199E0,-3.442950249E0
3.148516303E2,5.860050201E0,7.489050388E0,-3.534000158E0
3.148540740E2,3.727050066E0,9.181950569E0,-2.569950104E0
3.148565174E2,2.737950087E0,1.034595013E1,-1.777050138E0
3.148589611E2,2.446050167E0,1.030305004E1,-1.486950040E0
3.148614048E2,3.885000229E0,9.787950516E0,-2.421000004E0
3.148638482E2,5.914950371E0,8.032950401E0,-4.324950218E0
3.148662919E2,7.608000278E0,7.045950413E0,-6.906000137E0
3.148687355E2,5.724000454E0,5.914050102E0,-6.709050179E0
3.148711790E2,2.197050095E0,6.241950512E0,-3.360000134E0
3.148736227E2,2.338050127E0,6.687000275E0,2.550000250E-1
3.148760663E2,4.807050228E0,7.492050171E0,1.800000109E-2
3.148785100E2,6.102000237E0,8.980950356E0,-3.187050104E0
3.148809535E2,4.693950176E0,8.866050720E0,-5.899950504E0
3.148833971E2,3.442050219E0,9.874050140E0,-6.166050434E0
3.148858408E2,4.498050213E0,1.106895065E1,-5.500050068E0
3.148882842E2,5.010000229E0,1.073595047E1,-5.100000381E0
3.148907279E2,3.090000153E0,9.691950798E0,-5.719950199E0
3.148931715E2,1.146000028E0,8.485050201E0,-3.312000275E0
3.148956152E2,6.529500484E-1,7.000950336E0,-3.480000198E-1
3.148980587E2,2.650050163E0,5.356050491E0,-7.360500097E-1
3.149005024E2,5.607000351E0,4.402950287E0,-3.163050175E0
3.149029460E2,6.555000305E0,4.777050018E0,-4.489950180E0
3.149053895E2,4.564949989E0,6.724950314E0,-4.696050167E0
3.149078331E2,3.487950087E0,7.137000561E0,-3.694950104E0
3.149102768E2,3.202950239E0,8.299050331E0,-2.445000172E0
3.149127205E2,3.322050095E0,8.389050484E0,-2.239050150E0
3.149151639E2,4.254000187E0,8.257950783E0,-2.953050137E0
3.149176076E2,6.022950172E0,7.093950272E0,-4.578000069E0
3.149200512E2,7.017000198E0,5.932950497E0,-8.124000549E0
3.149224949E2,3.112050056E0,6.096000195E0,-7.588050365E0
3.149249384E2,1.504950047E0,5.416050434E0,-1.480050087E0
3.149273820E2,3.643050194E0,6.084000111E0,6.210000515E-1
3.149298257E2,7.050000191E0,7.516050339E0,-1.387050033E0
3.149322691E2,6.736950397E0,8.653050423E0,-5.742000103E0
3.149347127E2,4.036050320E0,9.169950485E0,-6.726000309E0
3.149371564E2,3.070950031E0,1.030005074E1,-7.345950127E0
3.149395999E2,4.716000080E0,1.070700073E1,-8.586000443E0
3.149420436E2,4.029000282E0,1.024695015E1,-7.734000206E0
3.149444872E2,7.990500331E-1,9.283050537E0,-4.107000351E0
3.149469306E2,1.720500141E-1,7.860000610E0,7.240500450E-1
3.149493743E2,2.578050137E0,7.173000336E0,1.888050079E0
3.149518180E2,6.940050125E0,6.450000286E0,-1.921050072E0
3.149542616E2,7.726050377E0,6.642000198E0,-4.654950142E0
3.149567051E2,4.876049995E0,8.020950317E0,-5.677050114E0
3.149591488E2,2.817000151E0,9.510000229E0,-4.320000172E0
3.149615924E2,2.257050037E0,9.775950432E0,-2.734950066E0
3.149640359E2,3.174000263E0,9.939000130E0,-2.773050070E0
3.149664795E2,4.540950298E0,9.646050453E0,-3.220950127E0
3.149689232E2,6.531000137E0,8.430000305E0,-4.497000217E0
3.149713669E2,9.235950470E0,7.125000477E0,-7.176000118E0
3.149738105E2,6.937950134E0,6.273000240E0,-8.911950111E0
3.149762539E2,2.815050125E0,6.868950367E0,-6.232950211E0
3.149786976E2,2.941950083E0,6.622950077E0,-2.284950018E0
3.149811413E2,5.583000183E0,6.285000324E0,-2.275050163E0
3.149835848E2,5.875050068E0,6.555000305E0,-4.423050404E0
3.149860284E2,3.897000074E0,6.699000359E0,-5.268000126E0
3.149884721E2,3.106950045E0,6.586950302E0,-4.618950367E0
3.149909156E2,4.563000202E0,7.446000576E0,-3.550950050E0
3.149933593E2,5.707050323E0,8.422950745E0,-3.973050117E0
3.149958029E2,3.492000103E0,8.137949944E0,-4.336950302E0
3.149982463E2,4.249500334E-1,7.590000153E0,-7.470000386E-1
3.150006900E2,4.470000267E-1,6.462000370E0,2.392950058E0
3.150031336E2,1.122000098E0,6.852000237E0,2.545950174E0
3.150055771E2,2.341050148E0,6.651000500E0,-9.600000083E-2
3.150080208E2,3.210000038E0,6.322950363E0,-2.446950197E0
3.150104644E2,3.496950150E0,6.196050167E0,-2.830950022E0
3.150129081E2,2.668950081E0,6.769050121E0,-2.380050182E0
3.150153515E2,2.704950094E0,9.172050476E0,-2.172000170E0
3.150177952E2,3.696000099E0,1.025205040E1,-3.063000202E0
3.150202389E2,3.957000256E0,1.005600071E1,-3.043950081E0
3.150226825E2,4.741950035E0,9.654000282E0,-3.865050077E0
3.150251260E2,4.906949997E0,7.999050617E0,-5.821050167E0
3.150275696E2,2.737950087E0,7.414950371E0,-5.622000217E0
3.150300133E2,1.998000145E0,7.489050388E0,-4.368000031E0
3.150324568E2,5.194950104E0,7.494000435E0,-1.890000105E0
3.150349005E2,7.447950363E0,7.705050468E0,-3.208950043E0
3.150373441E2,5.914950371E0,7.918050289E0,-3.865050077E0
3.150397878E2,3.531000137E0,8.218950272E0,-3.532050133E0
3.150422312E2,3.262950182E0,8.938050270E0,-3.361950159E0
3.150446749E2,4.012050152E0,9.550950050E0,-4.171050072E0
3.150471185E2,3.018000126E0,9.304050446E0,-5.301000118E0
3.150495620E2,8.779500127E-1,6.946050167E0,-2.649000168E0
3.150520057E2,1.669500023E-1,5.308050156E0,8.269500136E-1
3.150544493E2,2.982000113E0,6.024000168E0,-5.340000391E-1
3.150568928E2,6.499950409E0,5.392050266E0,-2.883000135E0
3.150593364E2,5.856000423E0,5.314950466E0,-5.707950115E0
3.150617801E2,3.591000080E0,6.493050098E0,-5.602950096E0
3.150642237E2,2.472000122E0,6.637050152E0,-4.489950180E0
3.150666672E2,2.353049994E0,6.493050098E0,-3.142050266E0
3.150691108E2,4.125000000E0,5.892000198E0,-2.620050192E0
3.150715545E2,4.645950317E0,4.920000076E0,-3.549000263E0
3.150739982E2,5.065050125E0,3.816000223E0,-4.389000416E0
3.150764416E2,5.865000248E0,2.449050188E0,-5.775000095E0
3.150788853E2,5.116050243E0,2.205000162E0,-4.996950150E0
3.150813290E2,3.313050270E0,4.135050297E0,-2.407050133E0
3.150837724E2,3.897000074E0,4.413000107E0,-1.513950109E0
3.150862161E2,4.258950233E0,4.860000134E0,-2.203050137E0
3.150886597E2,3.291000128E0,5.473050117E0,-3.223050117E0
3.150911032E2,1.942950130E0,5.707950115E0,-4.936950207E0
3.150935469E2,1.297050118E0,4.788000107E0,-6.441000462E0
3.150959905E2,2.461050034E0,3.184050083E0,-6.973050117E0
3.150984340E2,3.400950193E0,1.834050059E0,-6.204000473E0
3.151008777E2,3.334050179E0,9.430500269E-1,-4.999950409E0
3.151033213E2,2.568000078E0,9.940500259E-1,-2.646000147E0
3.151057650E2,4.381050110E0,1.993950129E0,-9.799500704E-1
3.151082085E2,5.185050011E0,3.337950230E0,3.705000132E-2
3.151106522E2,5.235000134E0,5.964000225E0,1.131000042E0
3.151130958E2,5.359950066E0,8.157000542E0,7.720500231E-1
3.151155395E2,2.844000101E0,1.010895061E1,1.110000089E-1
3.151179829E2,1.476000071E0,1.242405033E1,1.348950028E0
3.151204266E2,2.086950064E0,1.196700096E1,4.729500115E-1
3.151228702E2,3.175950050E0,1.260300064E1,-3.405000269E-2
3.151253137E2,4.857000351E0,1.317600060E1,-1.894050121E0
3.151277573E2,5.479950428E0,1.243800068E1,-4.602000237E0
3.151302010E2,5.680950165E0,1.360395050E1,-1.013805008E1
3.151326447E2,6.430050373E0,1.372395039E1,-1.125600052E1
3.151350882E2,3.628950119E0,1.393695068E1,-1.070295048E1
3.151375318E2,2.307000160E0,1.559400082E1,-3.220950127E0
3.151399755E2,1.867050052E0,1.493100071E1,-2.091000080E0
3.151424189E2,2.322000027E0,1.240500069E1,-2.067000151E0
3.151448626E2,1.042950034E0,1.071405029E1,-3.501000166E0
3.151473063E2,1.315950036E0,8.859000206E0,-3.321000099E0
3.151497497E2,2.650050163E0,8.737050056E0,-2.749050140E0
3.151521934E2,4.045950413E0,8.035050392E0,-3.448050261E0
3.151546370E2,3.708000183E0,7.720950603E0,-1.765050054E0
3.151570805E2,1.785000086E0,5.907000065E0,2.869050026E0
3.151595242E2,1.558050036E0,6.361950397E0,4.141050339E0
3.151619678E2,3.279000044E0,6.838050365E0,1.912050128E0
3.151644115E2,4.261050224E0,7.207050323E0,3.820050240E0
3.151668549E2,4.736999989E0,7.609050274E0,4.159950256E0
3.151692986E2,4.399950027E0,1.016805077E1,2.541000128E0
3.151717422E2,4.411950111E0,1.186605072E1,1.186050057E0
3.151741859E2,2.989950180E0,1.183995056E1,-5.100000501E-1
3.151766294E2,1.930950046E0,1.349700069E1,8.580000401E-1
3.151790730E2,2.287950039E0,1.320900059E1,7.290000319E-1
3.151815167E2,2.451000214E0,1.327395058E1,-5.149500370E-1
3.151839602E2,2.767050028E0,1.347000027E1,-5.800500512E-1
3.151864038E2,4.302000046E0,1.318995094E1,1.239000082E0
3.151888475E2,1.087200069E1,1.103295040E1,-8.943000793E0
3.151912909E2,6.366000175E0,1.236600018E1,-1.753095055E1
3.151937346E2,4.263000011E0,1.427700043E1,-1.543200111E1
3.151961783E2,3.370050192E0,1.267305088E1,-6.609000206E0
3.151986219E2,5.500950336E0,1.243605042E1,-8.430000544E-1
3.152010654E2,5.394000053E0,1.372200108E1,1.495050073E0
3.152035090E2,4.338000298E0,1.175295067E1,1.131000042E0
3.152059527E2,4.291950226E0,1.050600052E1,2.740500271E-1
3.152083962E2,4.479000092E0,1.037895012E1,5.950500369E-1
3.152108399E2,4.423950195E0,1.033095074E1,1.086000085E0
3.152132835E2,3.567000151E0,1.000095081E1,-1.369500011E-1
3.152157272E2,3.199950218E0,7.935000420E0,-5.413950443E0
3.152181706E2,3.211950064E0,7.192050457E0,-8.794950485E0
3.152206142E2,2.884050131E0,7.573050499E0,-5.062050343E0
3.152230579E2,2.305050135E0,7.279050350E0,2.400000095E-1
3.152255014E2,2.347950220E0,7.960950375E0,1.914000034E0
3.152279450E2,4.024050236E0,9.579000473E0,1.666950107E0
3.152303887E2,5.530050278E0,1.047495079E1,-6.970500350E-1
3.152328324E2,6.061950207E0,1.017300034E1,-3.193950176E0
3.152352759E2,6.286950111E0,1.094700050E1,-6.448050499E0
3.152377195E2,4.335000038E0,1.237095070E1,-6.799950123E0
3.152401632E2,2.350050211E0,1.229205036E1,-4.132950306E0
3.152426066E2,1.837950110E0,1.114995098E1,-1.890000105E0
3.152450503E2,3.856050253E0,1.067400074E1,-2.641050100E0
3.152474939E2,4.788000107E0,1.056405067E1,-3.739950180E0
3.152499374E2,4.728000164E0,1.023495007E1,-3.525000095E0
3.152523811E2,3.138000250E0,9.982050896E0,-1.612050056E0
3.152548247E2,2.131950140E0,1.022595024E1,-1.171050072E0
3.152572682E2,2.793000221E0,1.014900017E1,-1.417950034E0
3.152597119E2,3.957000256E0,9.828000069E0,-3.063000202E0
3.152621556E2,5.719050407E0,8.855999947E0,-4.674000263E0
3.152645992E2,7.390050411E0,8.320050240E0,-5.950050354E0
3.152670429E2,6.406050205E0,8.799000740E0,-5.743950367E0
3.152694864E2,5.061000347E0,9.217950821E0,-2.895000219E0
3.152719300E2,4.594050407E0,9.733050346E0,2.910000086E-1
3.152743737E2,4.777950287E0,1.036500072E1,1.212000012E0
3.152768171E2,5.805000305E0,1.027095032E1,-8.400000632E-2
3.152792607E2,5.796000481E0,9.615000725E0,-2.620050192E0
3.152817044E2,5.104050159E0,9.473999977E0,-4.863000393E0
3.152841479E2,3.811050177E0,1.005105019E1,-4.926000118E0
3.152865916E2,2.379000187E0,1.066905022E1,-3.337950230E0
3.152890352E2,2.287950039E0,1.090605068E1,-1.732050061E0
3.152914787E2,3.648000240E0,1.062105083E1,-1.945050120E0
3.152939224E2,5.290950298E0,9.709050179E0,-4.662000179E0
3.152963660E2,5.247000217E0,9.117000580E0,-6.853050232E0
3.152988097E2,4.465050220E0,9.406949997E0,-6.609000206E0
3.153012531E2,3.538050175E0,9.199050903E0,-4.564050198E0
3.153036968E2,3.286950111E0,8.755949974E0,-1.497000098E0
3.153061404E2,3.210000038E0,8.413050652E0,6.210000515E-1
3.153085839E2,3.883050203E0,8.490000725E0,1.513950109E0
3.153110276E2,4.879050255E0,8.358000755E0,1.204950094E0
3.153134712E2,6.085050106E0,8.071050644E0,-1.080000043E0
3.153159149E2,5.812950134E0,8.538000107E0,-3.289950132E0
3.153183583E2,3.744000196E0,9.322950363E0,-3.514950275E0
3.153208020E2,1.954950094E0,1.002495003E1,-2.625000238E0
3.153232457E2,1.444950104E0,9.831000328E0,-1.423050046E0
3.153256893E2,2.170950174E0,9.235050201E0,-2.674950123E0
3.153281328E2,3.033000231E0,8.763000488E0,-3.913050175E0
3.153305764E2,3.394050121E0,8.623950005E0,-3.727950096E0
3.153330201E2,2.989950180E0,8.832000732E0,-2.380050182E0
3.153354636E2,2.262000084E0,9.440999985E0,-5.749500394E-1
3.153379072E2,2.286000013E0,9.807000160E0,1.920000017E-1
3.153403509E2,2.833950043E0,1.020000076E1,5.970000029E-1
3.153427943E2,3.751050234E0,1.003395081E1,1.159500033E-1
3.153452380E2,3.496950150E0,9.273000717E0,-1.830000043E0
3.153476816E2,2.503950119E0,8.703000069E0,-2.407050133E0
3.153501251E2,2.338050127E0,8.188050270E0,-2.353950024E0
3.153525688E2,3.682050228E0,7.978050232E0,-2.104950190E0
3.153550124E2,5.191950321E0,7.365000248E0,-3.075000048E0
3.153574559E2,5.101050377E0,7.756950378E0,-3.799950123E0
3.153598996E2,4.732950211E0,8.218950272E0,-4.030050278E0
3.153623433E2,3.615000248E0,8.515950203E0,-3.472050190E0
3.153647869E2,2.386050224E0,8.296050072E0,-2.122050047E0
3.153672304E2,2.101050138E0,7.582950592E0,-1.138050079E0
3.153696740E2,2.188050032E0,8.385000229E0,4.939500093E-1
3.153721177E2,2.109000206E0,8.593050003E0,9.850500226E-1
3.153745613E2,2.935050249E0,7.816950321E0,-6.610500216E-1
3.153770048E2,4.386000156E0,8.145000458E0,-2.151000023E0
3.153794484E2,4.528950214E0,9.069000244E0,-2.589000225E0
3.153818921E2,3.151950121E0,9.261000633E0,-3.276000261E0
3.153843358E2,1.251000047E0,9.955050468E0,-1.959000111E0
3.153867793E2,6.240000129E-1,9.522000313E0,-7.860000134E-1
3.153892229E2,2.166000128E0,8.466000557E0,-1.288950086E0
3.153916666E2,4.419000149E0,8.224050522E0,-4.858050346E0
3.153941100E2,4.740000248E0,7.594950199E0,-6.451050282E0
3.153965536E2,3.331950188E0,7.396050453E0,-5.662950039E0
3.153989973E2,1.656000137E0,8.136000633E0,-2.932950258E0
3.154014408E2,1.636950135E0,8.136000633E0,-2.400000095E-1
3.154038845E2,2.346000195E0,8.221950531E0,3.580500185E-1
3.154063281E2,3.448950052E0,8.254950523E0,5.299500227E-1
3.154087716E2,4.026000023E0,8.305950165E0,-5.200500488E-1
3.154112153E2,3.784950256E0,7.279050350E0,-2.569950104E0
3.154136589E2,2.956050158E0,6.634050369E0,-3.726000071E0
3.154161024E2,2.161050081E0,6.613050461E0,-2.425950050E0
3.154185461E2,2.752950191E0,6.651000500E0,-6.000000238E-2
3.154209897E2,5.106000423E0,6.393000126E0,-4.219500124E-1
3.154234333E2,5.671050072E0,5.923050404E0,-1.444050074E0
3.154258770E2,4.740000248E0,6.553050518E0,-3.070050240E0
3.154283205E2,3.106950045E0,7.900950432E0,-3.690000057E0
3.154307641E2,1.576950073E0,8.832000732E0,-3.345000267E0
3.154332078E2,5.620500445E-1,9.232050896E0,-2.287050009E0
3.154356513E2,3.495000303E-2,9.508050919E0,-9.889500737E-1
3.154380949E2,8.200500607E-1,8.662050247E0,-3.760500252E-1
3.154405386E2,2.500950098E0,7.771950245E0,-9.370500445E-1
3.154429820E2,4.084050179E0,7.936950207E0,-2.251049995E0
3.154454257E2,3.664950132E0,7.173000336E0,-3.271050215E0
3.154478693E2,1.833000064E0,7.374000549E0,-2.625000238E0
3.154503130E2,2.029950142E0,7.159050465E0,-7.380000353E-1
3.154527565E2,3.973950148E0,6.634050369E0,-5.179499984E-1
3.154552001E2,6.339000225E0,6.603000164E0,-2.215050220E0
3.154576438E2,5.302950382E0,6.651000500E0,-3.771000147E0
3.154600872E2,3.516000271E0,7.449000359E0,-3.712050200E0
3.154625309E2,2.278950214E0,7.360050201E0,-2.634000063E0
3.154649746E2,1.194000006E0,8.023050308E0,-2.179500163E-1
3.154674180E2,1.338000059E0,8.380050659E0,2.569500208E-1
3.154698617E2,2.326050043E0,8.466000557E0,-8.190000653E-1
3.154723054E2,3.634050131E0,8.581050873E0,-2.766000032E0
3.154747488E2,2.857950211E0,8.041950226E0,-3.714000225E0
3.154771925E2,1.206000090E0,7.936950207E0,-2.581950188E0
3.154796361E2,5.089499950E-1,7.449000359E0,-1.030050039E0
3.154820798E2,1.297050118E0,6.784950256E0,-7.549500465E-1
3.154845235E2,3.696000099E0,6.180000305E0,-1.578000069E0
3.154869669E2,6.337050438E0,4.963050365E0,-3.307050228E0
3.154894106E2,5.872050285E0,4.972950459E0,-3.859950066E0
3.154918542E2,4.242000103E0,6.460050106E0,-2.863950253E0
3.154942977E2,2.896050215E0,7.501050472E0,-2.008949995E0
3.154967413E2,1.906950116E0,8.346000671E0,-1.315050006E0
3.154991850E2,1.375950098E0,8.530950546E0,-7.309500575E-1
3.155016285E2,1.813950062E0,7.863000393E0,-1.798950076E0
3.155040722E2,3.205050230E0,7.810050488E0,-3.316950083E0
3.155065158E2,3.358050108E0,8.080950737E0,-3.289950132E0
3.155089595E2,2.817000151E0,7.972950459E0,-2.074050188E0
3.155114029E2,2.005950212E0,8.104949951E0,-3.880500197E-1
3.155138466E2,1.885950089E0,8.437050819E0,-5.940000415E-1
3.155162903E2,3.433050156E0,8.052000046E0,-3.429000139E0
3.155187337E2,4.848000050E0,7.674000263E0,-6.336000443E0
3.155211774E2,3.840000153E0,7.101000309E0,-6.709050179E0
3.155236210E2,2.590050220E0,7.549050331E0,-4.759950161E0
3.155260645E2,1.651050091E0,7.333950520E0,-1.345950007E0
3.155285082E2,1.524000049E0,7.972950459E0,1.066050053E0
3.155309518E2,3.229050159E0,8.196000099E0,1.560000062E0
3.155333955E2,5.776950359E0,8.454000473E0,-7.260000110E-1
3.155358390E2,6.009000301E0,8.875950813E0,-4.018050194E0
3.155382826E2,4.042950153E0,9.556050301E0,-4.918050289E0
3.155407263E2,2.022000074E0,1.005405045E1,-3.943950176E0
3.155431697E2,8.400000334E-1,1.009695053E1,-1.477950096E0
3.155456133E2,1.315950036E0,9.285000801E0,-1.219050050E0
3.155480570E2,3.612000227E0,8.289000511E0,-2.941050053E0
3.155505007E2,6.600000381E0,7.336050510E0,-5.506950378E0
3.155529442E2,7.207950115E0,6.985950470E0,-6.718950272E0
3.155553878E2,5.037000179E0,7.513050556E0,-5.677050114E0
3.155578315E2,3.226950169E0,8.967000008E0,-3.430950165E0
3.155602749E2,2.680950165E0,9.694050789E0,-1.020000100E0
3.155627185E2,2.743050098E0,1.016805077E1,-1.255050063E0
3.155651622E2,2.911050081E0,9.358950615E0,-1.843950033E0
3.155676057E2,3.777000189E0,8.494950294E0,-3.430950165E0
3.155700494E2,4.273050308E0,8.221950531E0,-4.708050251E0
3.155724931E2,4.357050419E0,7.546950340E0,-4.408050060E0
3.155749365E2,3.583050251E0,7.432050228E0,-2.821050167E0
3.155773802E2,3.223950148E0,7.638000488E0,-1.248000026E0
3.155798239E2,4.006950378E0,7.720950603E0,-2.179500163E-1
3.155822675E2,5.796000481E0,7.210950375E0,-2.173950195E0
3.155847109E2,4.708950043E0,7.396050453E0,-5.254050255E0
3.155871546E2,2.953950167E0,7.264050484E0,-5.373000145E0
3.155895982E2,1.905000091E0,7.237950325E0,-2.526000023E0
3.155920417E2,1.989000082E0,7.726050377E0,1.083000064E0
3.155944854E2,2.721000195E0,7.851000309E0,1.629000068E0
3.155969290E2,2.686050177E0,8.509050369E0,4.770000279E-1
3.155993727E2,2.353049994E0,9.678000450E0,-1.489500105E-1
3.156018162E2,1.663050056E0,1.018995094E1,3.619500101E-1
3.156042599E2,1.024049997E0,1.017300034E1,-4.410000145E-1
3.156067035E2,4.560000300E-1,9.565050125E0,-9.700500369E-1
3.156091472E2,1.069500074E-1,8.998050690E0,-1.207050085E0
3.156115906E2,-1.990500093E-1,1.005600071E1,-7.590000629E-1
3.156140343E2,3.100500107E-1,9.189000130E0,7.500000596E-1
3.156164779E2,5.470499992E-1,8.373000145E0,-2.929500043E-1
3.156189214E2,1.318050027E0,9.181950569E0,-1.319999993E-1
3.156213651E2,2.143949986E0,9.934050560E0,-4.360500276E-1
3.156238087E2,1.740000129E0,1.088895035E1,-9.799500704E-1
3.156262522E2,1.189050078E0,1.012305069E1,-7.980000377E-1
3.156286959E2,8.520000577E-1,8.299050331E0,-1.051950097E0
3.156311395E2,-1.030500084E-1,8.260050774E0,5.320500135E-1
3.156335832E2,-3.010500073E-1,5.674050331E0,3.324000120E0
3.156360266E2,2.086950064E0,5.587950230E0,3.592050076E0
3.156384703E2,3.820050240E0,6.642000198E0,3.480000257E0
3.156409137E2,4.069050312E0,6.250950336E0,3.568050146E0
3.156433574E2,3.523950100E0,5.734050274E0,4.315050125E0
3.156458011E2,1.625205040E1,4.590000153E0,2.629950047E0
3.156482447E2,1.907205009E1,2.200050116E0,-2.384805107E1
3.156506884E2,1.051005077E1,5.085000038E0,-3.249300003E1
3.156531319E2,3.763050079E0,5.356050491E0,-2.777700043E1
3.156555755E2,6.109050274E0,6.330000401E0,-1.737300110E1
3.156580192E2,7.287000179E0,6.781050205E0,-8.778000832E0
3.156604626E2,8.824950218E0,6.639000416E0,8.650500178E-1
3.156629063E2,8.227950096E0,6.952950478E0,8.756999969E0
3.156653500E2,8.287950516E0,7.281000137E0,7.857000351E0
3.156677934E2,1.156095028E1,6.232050419E0,-1.039950013E0
3.156702371E2,1.092000008E1,7.729050159E0,-1.134000015E1
3.156726807E2,6.945000172E0,8.703000069E0,-1.616400146E1
3.156751244E2,5.182950020E0,7.300050259E0,-1.853894997E1
3.156775679E2,5.365050316E0,7.249950409E0,-1.611600113E1
3.156800115E2,5.764950275E0,8.248050690E0,-1.095405006E1
3.156824552E2,4.222949982E0,1.012305069E1,5.737950325E0
3.156848986E2,5.496000290E0,1.113105011E1,7.009050369E0
3.156873423E2,3.871050119E0,1.303200054E1,2.955000162E0
3.156897860E2,9.070500135E-1,1.271805096E1,-1.774950027E0
3.156922294E2,5.209500194E-1,1.150695038E1,-3.000000026E-3
3.156946731E2,8.040000200E-1,1.250805092E1,-2.659500241E-1
3.156971167E2,1.378050089E0,1.282800102E1,3.720000088E-1
3.156995604E2,2.341050148E0,1.079295063E1,9.510000348E-1
3.157020039E2,1.644000053E0,9.168000221E0,-9.169500470E-1
3.157044476E2,1.488000035E0,1.034100056E1,-1.291050076E0
3.157068912E2,2.461050034E0,1.222005081E1,1.995000057E-2
3.157093346E2,3.543000221E0,1.410195065E1,5.920500159E-1
3.157117783E2,4.147950172E0,1.564395046E1,-3.169500232E-1
3.157142219E2,4.459950447E0,1.501200104E1,-1.140000105E0
3.157166656E2,3.772950172E0,1.717695045E1,-1.675950050E0
3.157191091E2,2.226000071E0,1.800300026E1,-2.308950186E0
3.157215528E2,1.429500133E-1,1.592400074E1,-1.456050038E0
3.157239964E2,1.467000127E0,1.606095123E1,-2.479050159E0
3.157264401E2,3.363000154E0,1.435395050E1,-6.976950169E0
3.157288835E2,3.148050070E0,1.254795074E1,-6.385950089E0
3.157313272E2,2.560950041E0,1.245705032E1,-5.917050362E0
3.157337707E2,2.121000051E0,1.314195061E1,0.000000000E0
3.157362144E2,1.362000108E0,1.277100086E1,1.335000038E0
3.157386580E2,2.346000195E0,1.137495041E1,1.512000084E0
3.157411017E2,5.689950466E0,1.287900066E1,-3.072000027E0
3.157435451E2,6.339000225E0,1.281195068E1,-6.063000202E0
3.157459888E2,5.868000507E0,9.256050110E0,-6.739950180E0
3.157484324E2,5.731050491E0,1.038600063E1,-8.100000381E0
3.157508759E2,7.129050255E0,1.113300037E1,-5.365950108E0
3.157533196E2,6.294000149E0,9.904950142E0,-3.793050289E0
3.157557632E2,6.466050148E0,9.747000694E0,-2.179050207E0
3.157582067E2,7.287000179E0,9.607950211E0,-1.497000098E0
3.157606504E2,6.318000317E0,9.156000137E0,-2.340000153E0
3.157630940E2,3.619050264E0,9.760950089E0,-3.012000084E0
3.157655377E2,3.514050245E0,1.000095081E1,-2.560050011E0
3.157679811E2,3.660000086E0,9.496050835E0,-2.763000250E0
3.157704248E2,4.915050030E0,9.280050278E0,-2.761050224E0
3.157728684E2,5.917950153E0,8.895000458E0,-1.723950028E0
3.157753119E2,5.752950191E0,9.493050575E0,-1.456050038E0
3.157777556E2,5.571000099E0,1.057800007E1,-1.660050035E0
3.157801992E2,4.467000008E0,1.162395096E1,-2.574000120E0
3.157826429E2,3.061050177E0,1.212195015E1,-3.496050119E0
3.157850864E2,2.611050129E0,1.204605103E1,-4.416000366E0
3.157875300E2,2.716950178E0,1.111905098E1,-4.753050327E0
3.157899737E2,3.202950239E0,9.055050850E0,-4.549950123E0
3.157924173E2,2.724000216E0,6.891000271E0,-2.770950079E0
3.157948607E2,1.510050058E0,5.719950199E0,-3.619500101E-1
3.157973044E2,1.611000061E0,5.542950153E0,2.910000086E-1
3.157997481E2,3.516000271E0,5.467950344E0,-5.890500546E-1
3.158021916E2,5.310000420E0,4.908000469E0,-2.614950180E0
3.158046352E2,7.005000114E0,5.731950283E0,-4.075950146E0
3.158070789E2,5.797950268E0,7.176000118E0,-3.001050234E0
3.158095223E2,4.096050262E0,7.156050205E0,-3.034050226E0
3.158119660E2,2.463000059E0,8.032950401E0,-1.039950013E0
3.158144097E2,2.920050144E0,7.302000523E0,4.849500358E-1
3.158168531E2,4.186950207E0,6.306000233E0,3.405000269E-2
3.158192968E2,5.350050449E0,5.629050255E0,-4.171050072E0
3.158217405E2,5.407950401E0,5.263050079E0,-5.842950344E0
3.158241839E2,5.359950066E0,6.061950207E0,-5.799000263E0
3.158266276E2,3.672000170E0,6.988950253E0,-4.030050278E0
3.158290712E2,1.159950018E0,8.454000473E0,-7.470000386E-1
3.158315149E2,7.800000161E-2,8.478000641E0,9.850500226E-1
3.158339583E2,2.869500220E-1,7.948950291E0,1.015950084E0
3.158364020E2,2.535000086E0,7.522950172E0,-1.720050097E0
3.158388457E2,3.271950245E0,5.818050385E0,-4.387050152E0
3.158412893E2,2.848050117E0,6.346950531E0,-4.285950184E0
3.158437328E2,1.633950114E0,7.695000172E0,-2.650950193E0
3.158461764E2,1.407000065E0,8.563950539E0,-7.999500632E-1
3.158486201E2,1.708950043E0,9.241950035E0,1.950000077E-1
3.158510636E2,1.765950084E0,9.366000175E0,1.296000004E0
3.158535073E2,1.558050036E0,9.625050545E0,4.579500258E-1
3.158559509E2,1.210950017E0,8.422950745E0,-3.310500085E-1
3.158583946E2,9.469500184E-1,6.802050114E0,-8.580000401E-1
3.158608380E2,3.630000055E-1,6.148050308E0,7.120500207E-1
3.158632816E2,5.550000072E-1,5.848950386E0,6.520500183E-1
3.158657253E2,1.684950113E0,6.448050499E0,6.300000101E-2
3.158681688E2,2.662050009E0,7.707000256E0,-1.143000007E0
3.158706125E2,3.102000237E0,8.305950165E0,-2.026050091E0
3.158730561E2,3.342000246E0,9.508050919E0,-2.694000244E0
3.158754996E2,3.495000124E0,1.111395073E1,-2.242050171E0
3.158779432E2,2.377050161E0,1.111695099E1,-1.782000065E0
3.158803869E2,7.699500322E-1,9.550950050E0,-4.750500321E-1
3.158828303E2,3.340500295E-1,8.904000282E0,-6.130500436E-1
3.158852740E2,1.194000006E0,8.689050674E0,-2.248950005E0
3.158877177E2,2.680950165E0,7.003050327E0,-3.862050295E0
3.158901611E2,3.279000044E0,6.517050266E0,-4.699950218E0
3.158926048E2,3.220050097E0,6.691950321E0,-3.192000151E0
3.158950484E2,2.868000031E0,6.225000381E0,-2.308950186E0
3.158974921E2,3.052050114E0,6.022050381E0,-2.923950195E0
3.158999356E2,4.275000095E0,6.189000130E0,-3.843000174E0
3.159023793E2,4.321050167E0,6.289950371E0,-5.067000389E0
3.159048229E2,3.993000269E0,6.393000126E0,-4.461000443E0
3.159072666E2,3.868050098E0,6.649050236E0,-2.368050098E0
3.159097100E2,3.363000154E0,6.651000500E0,-2.011950016E0
3.159121536E2,3.435000181E0,7.282950401E0,-1.009500027E-1
3.159145973E2,2.911050081E0,7.432050228E0,-1.005000062E-2
3.159170408E2,3.768000126E0,7.008000374E0,-1.363050103E0
3.159194845E2,3.391950130E0,5.338950157E0,-4.249950409E0
3.159219281E2,2.322000027E0,4.468050003E0,-6.205950260E0
3.159243718E2,2.503950119E0,3.526950121E0,-5.622000217E0
3.159268152E2,3.720000267E0,2.638050079E0,-2.545950174E0
3.159292588E2,5.451000214E0,3.259050131E0,-2.230500132E-1
3.159317025E2,6.085050106E0,3.639000177E0,7.500000596E-1
3.159341460E2,5.845950127E0,5.143050194E0,3.960000277E-1
3.159365897E2,5.152050018E0,6.903000355E0,-1.449000120E0
3.159390333E2,3.169050217E0,8.518950462E0,-3.733050108E0
3.159414768E2,1.177050114E0,8.880000114E0,-4.051949978E0
3.159439205E2,6.379500031E-1,8.983050346E0,-4.393949986E0
3.159463641E2,1.455000043E0,8.164050102E0,-4.984950066E0
3.159488078E2,2.496000051E0,6.273000240E0,-4.783950329E0
3.159512512E2,3.504000187E0,5.440050125E0,-4.054049969E0
3.159536949E2,4.624950409E0,5.835000515E0,-3.400050163E0
3.159561386E2,4.453050137E0,6.274950504E0,-3.514950275E0
3.159585820E2,3.706050158E0,6.838050365E0,-3.295050144E0
3.159610257E2,2.893950224E0,7.077000141E0,-2.074050188E0
3.159634693E2,3.643050194E0,7.228050232E0,-3.010050058E0
3.159659128E2,4.486050129E0,7.453050137E0,-4.420050144E0
3.159683565E2,4.776000023E0,7.510950565E0,-5.730000496E0
3.159708001E2,4.354050159E0,8.059050560E0,-5.428050041E0
3.159732438E2,3.150000095E0,8.449049950E0,-3.012000084E0
3.159756873E2,2.470050097E0,8.808000565E0,-1.480050087E0
3.159781310E2,2.322000027E0,9.040950775E0,-1.023000002E0
3.159805746E2,2.496000051E0,9.229950905E0,-1.236000061E0
3.159830183E2,2.487000227E0,8.368050575E0,-1.959000111E0
3.159854617E2,1.405050039E0,6.769050121E0,-1.324950099E0
3.159879054E2,1.020000055E-1,6.852000237E0,-1.270500124E-1
3.159903490E2,6.150000095E-1,6.586950302E0,6.450000405E-1
3.159927925E2,2.026950121E0,7.065000534E0,-5.659500360E-1
3.159952361E2,4.024050236E0,7.896000385E0,-2.263050079E0
3.159976798E2,4.218000412E0,8.647950172E0,-2.373000145E0
3.160001235E2,5.536950111E0,7.891050339E0,-3.955950260E0
3.160025670E2,5.665950298E0,8.445000648E0,-4.650000095E0
3.160050106E2,4.077000141E0,9.562950134E0,-3.526950121E0
3.160074540E2,2.419950008E0,9.238950729E0,-2.176950216E0
3.160098977E2,2.358000040E0,8.077950478E0,-1.759950042E0
3.160123414E2,2.965950251E0,6.838050365E0,-2.743950129E0
3.160147850E2,4.836000443E0,5.725050449E0,-4.176000118E0
3.160172285E2,5.647050381E0,6.180000305E0,-4.978050232E0
3.160196722E2,3.736950159E0,6.625050545E0,-5.151000023E0
3.160221158E2,1.945950150E0,7.152000427E0,-3.240000248E0
3.160245593E2,1.588950038E0,7.369950294E0,-8.220000267E-1
3.160270030E2,2.290950060E0,8.124000549E0,-6.010500193E-1
3.160294466E2,3.325050116E0,8.513999939E0,-1.405950069E0
3.160318901E2,4.246950150E0,7.899000168E0,-3.163050175E0
3.160343338E2,5.607000351E0,8.334000587E0,-5.095950127E0
3.160367774E2,4.648950100E0,8.583000183E0,-5.596050262E0
3.160392211E2,3.193050146E0,8.962050438E0,-4.525950432E0
3.160416645E2,3.078000069E0,9.487950325E0,-2.770950079E0
3.160441082E2,4.369050026E0,8.622000694E0,-2.078999996E0
3.160465518E2,4.945950031E0,7.852950573E0,-3.070050240E0
3.160489955E2,3.769950151E0,7.282950401E0,-3.190050125E0
3.160514390E2,2.451000214E0,7.188000202E0,-3.115050077E0
3.160538826E2,1.491000056E0,7.863000393E0,-1.803000093E0
3.160563263E2,1.725000024E0,8.944950104E0,-1.300950050E0
3.160587698E2,3.094950199E0,9.546000481E0,-1.803000093E0
3.160612134E2,4.933950424E0,1.031700039E1,-3.616050243E0
3.160636571E2,5.941950321E0,1.024305058E1,-5.826000214E0
3.160661008E2,4.333050251E0,1.093005085E1,-3.979950190E0
3.160685442E2,2.848050117E0,1.090800095E1,-2.743950129E0
3.160709878E2,2.455950022E0,1.041000080E1,-1.063950062E0
3.160734313E2,2.656950235E0,9.772950172E0,-3.019950151E0
3.160758750E2,3.721950293E0,9.109950066E0,-2.248950005E0
3.160783187E2,3.933000088E0,8.365950584E0,-2.752050161E0
3.160807623E2,3.787050247E0,8.071050644E0,-2.500050068E0
3.160832058E2,5.872050285E0,8.968950272E0,-3.573000193E0
3.160856494E2,5.920050144E0,1.027095032E1,-5.622000217E0
3.160880931E2,3.181050062E0,1.059000015E1,-5.098050117E0
3.160905365E2,1.618050098E0,1.069005013E1,-3.349950075E0
3.160929802E2,2.427000046E0,1.106205082E1,-2.470950127E0
3.160954238E2,3.472950220E0,1.094700050E1,-3.427050114E0
3.160978673E2,3.780000210E0,1.061100006E1,-4.104000092E0
3.161003110E2,4.242000103E0,1.048005009E1,-3.003000259E0
3.161027546E2,5.221050262E0,1.055400085E1,-1.899000049E0
3.161051983E2,5.355000019E0,1.137300014E1,-1.798950076E0
3.161076418E2,4.933950424E0,1.176795101E1,-2.665050030E0
3.161100855E2,3.997950077E0,1.237395096E1,-3.087000132E0
3.161125291E2,2.650050163E0,1.205805016E1,-1.951950073E0
3.161149728E2,1.335000038E0,1.107795048E1,-5.497950077E0
3.161174162E2,1.230000019E0,1.127700043E1,9.420000315E-1
3.161198598E2,1.033950090E0,1.030005074E1,1.251000047E0
3.161223035E2,1.266000032E0,1.087200069E1,-1.140000105E0
3.161247470E2,3.508950233E0,1.149705029E1,7.069500089E-1
3.161271907E2,5.587050438E0,1.217505074E1,-3.835950136E0
3.161296343E2,5.527950287E0,1.201395035E1,-5.773050308E0
3.161320780E2,4.620000362E0,1.242900085E1,-7.377000332E0
3.161345214E2,2.125050068E0,1.320405102E1,-5.164950371E0
3.161369651E2,1.026000023E0,1.173000050E1,-1.051950097E0
3.161394088E2,1.654050112E0,1.048200035E1,-1.150500029E-1
3.161418522E2,4.563000202E0,8.365950584E0,-1.699950099E0
3.161442958E2,7.159950256E0,7.807950497E0,-4.023000240E0
3.161467395E2,6.922950268E0,7.177950382E0,-5.665050507E0
3.161491830E2,4.716000080E0,8.254950523E0,-5.869050503E0
3.161516267E2,2.760000229E0,8.773050308E0,-3.664050102E0
3.161540703E2,2.392950058E0,9.181950569E0,-2.206050158E0
3.161565137E2,3.492000103E0,9.550950050E0,-2.433000088E0
3.161589574E2,3.652950287E0,9.594000816E0,-3.385950089E0
3.161614011E2,2.590050220E0,8.752950668E0,-2.890050173E0
3.161638445E2,2.398050070E0,8.509050369E0,-1.959000111E0
3.161662882E2,3.463950157E0,8.995050430E0,-2.014050007E0
3.161687318E2,4.728000164E0,9.057000160E0,-2.163000107E0
3.161711755E2,4.812000275E0,8.611950874E0,-3.139050245E0
3.161736190E2,2.914950132E0,7.996950150E0,-3.762000084E0
3.161760626E2,1.558050036E0,7.575000286E0,-2.443050146E0
3.161785063E2,5.550000072E-1,6.646050453E0,-2.205000073E-2
3.161809500E2,8.749500513E-1,6.294000149E0,3.289500177E-1
3.161833934E2,1.840050101E0,6.040950298E0,-6.130500436E-1
3.161858370E2,3.361050129E0,5.752950191E0,-1.300950050E0
3.161882807E2,5.568000317E0,6.129000187E0,-3.645000219E0
3.161907242E2,6.651000500E0,6.394950390E0,-5.281950474E0
3.161931679E2,5.482050419E0,8.052000046E0,-5.431050301E0
3.161956115E2,2.827050209E0,9.237000465E0,-4.195050240E0
3.161980552E2,2.013000011E0,8.839950562E0,-2.554950237E0
3.162004986E2,2.662050009E0,8.322000504E0,-2.610000134E0
3.162029422E2,4.402050018E0,6.426000118E0,-3.919950247E0
3.162053859E2,5.899050236E0,4.896000385E0,-5.292000294E0
3.162078294E2,6.016050339E0,4.345950127E0,-6.051000118E0
3.162102730E2,5.017950058E0,4.762050152E0,-5.152950287E0
3.162127167E2,3.373050213E0,5.212050438E0,-3.478950262E0
3.162151602E2,3.162000179E0,6.097950459E0,-1.396050096E0
3.162176038E2,5.020050049E0,7.899000168E0,-1.621050119E0
3.162200475E2,5.797950268E0,8.200050354E0,-3.669000149E0
3.162224909E2,4.591050148E0,9.151050568E0,-5.821050167E0
3.162249346E2,3.978000164E0,9.232050896E0,-6.721050262E0
3.162273783E2,3.136050224E0,9.582000732E0,-5.910000324E0
3.162298217E2,3.151950121E0,9.505050659E0,-4.399050236E0
3.162322654E2,4.558050156E0,8.334000587E0,-3.304950237E0
3.162347090E2,5.022000313E0,7.975050449E0,-2.706000090E0
3.162371527E2,4.141050339E0,6.555000305E0,-1.681050062E0
3.162395962E2,2.638050079E0,7.018050194E0,-2.040000111E-1
3.162420398E2,1.455000043E0,8.242950439E0,4.219500124E-1
3.162444835E2,2.263950109E0,9.031050682E0,-1.054050088E0
3.162469269E2,4.351950169E0,9.946050644E0,-4.059000015E0
3.162493706E2,5.512950420E0,1.038600063E1,-6.625050545E0
3.162518142E2,5.002950191E0,1.069995022E1,-7.600050449E0
3.162542579E2,3.399000168E0,1.159995079E1,-6.400050163E0
3.162567014E2,2.398050070E0,1.187805080E1,-3.906000137E0
3.162591451E2,1.921950102E0,1.158105087E1,-1.759950042E0
3.162615887E2,2.628000021E0,1.040505028E1,-1.219050050E0
3.162640324E2,3.871050119E0,9.457050323E0,-2.353950024E0
3.162664759E2,4.884000301E0,8.986050606E0,-3.430950165E0
3.162689195E2,4.837950230E0,9.133950233E0,-5.215050220E0
3.162713632E2,2.515950203E0,1.007700062E1,-4.827000141E0
3.162738066E2,9.070500135E-1,1.018800068E1,-1.585050106E0
3.162762502E2,2.650500238E-1,1.034295082E1,7.309500575E-1
3.162786939E2,1.110000014E0,1.144200039E1,6.670500040E-1
3.162811374E2,2.383949995E0,1.166700077E1,-1.309950113E0
3.162835810E2,3.579000235E0,1.112895012E1,-3.300000191E0
3.162860247E2,3.478050232E0,1.079805088E1,-4.044000149E0
3.162884682E2,2.680950165E0,1.060395050E1,-3.597000122E0
3.162909119E2,1.915050149E0,1.058295059E1,-1.753050089E0
3.162933555E2,1.759050131E0,1.082205009E1,-1.521000028E0
3.162957989E2,1.945950150E0,9.795000076E0,-5.800500512E-1
3.162982426E2,1.375950098E0,8.911050797E0,8.220000267E-1
3.163006863E2,1.347000122E0,8.418000221E0,4.630500078E-1
3.163031299E2,1.237050056E0,8.749050140E0,-5.130000114E-1
3.163055734E2,1.258950114E0,8.622000694E0,-7.639500499E-1
3.163080171E2,1.266000032E0,8.677050591E0,-6.495000422E-2
3.163104607E2,2.298000097E0,9.514950752E0,-5.100000277E-2
3.163129042E2,3.160050154E0,1.010595036E1,1.171950102E0
3.163153479E2,3.330000162E0,8.791950226E0,7.459500432E-1
3.163177915E2,3.789000273E0,8.737050056E0,8.410500288E-1
3.163202352E2,4.213050365E0,8.155050278E0,1.993050098E0
3.163226786E2,4.483950138E0,7.719000340E0,-4.171050072E0
3.163251223E2,4.108050346E0,6.541050434E0,-6.847950459E0
3.163275659E2,5.197050095E0,5.301000118E0,-8.934000015E0
3.163300094E2,4.429050446E0,6.132000446E0,-7.507050514E0
3.163324531E2,1.831050038E0,6.595950127E0,-3.886050224E0
3.163348967E2,2.032050133E0,6.615000248E0,1.665000081E0
3.163373404E2,3.508950233E0,8.860950470E0,2.821050167E0
3.163397839E2,3.516000271E0,9.550950050E0,1.609950066E0
3.163422275E2,3.040050030E0,9.955050468E0,2.259000063E0
3.163446712E2,3.205050230E0,9.772950172E0,7.429500222E-1
3.163471146E2,3.885000229E0,9.915000916E0,-1.705050111E0
3.163495582E2,4.507950306E0,9.883950233E0,-6.208950520E0
3.163520019E2,3.361050129E0,9.364050865E0,-9.718950272E0
3.163544456E2,1.558050036E0,8.293950081E0,-7.425000191E0
3.163568891E2,9.379500151E-1,6.204000473E0,-2.349000216E0
3.163593327E2,1.768950105E0,5.545050144E0,6.280500293E-1
3.163617762E2,3.070950031E0,5.530950069E0,1.030050039E0
3.163642199E2,4.816050053E0,6.037950516E0,9.709500670E-1
3.163666635E2,5.692950249E0,7.281000137E0,-7.710000277E-1
3.163691072E2,5.209050179E0,7.498950481E0,-3.850050211E0
3.163715506E2,3.864000082E0,8.329950333E0,-5.431050301E0
3.163739943E2,2.527950048E0,8.479949951E0,-5.593950272E0
3.163764379E2,2.656950235E0,7.843950272E0,-3.907950163E0
3.163788814E2,3.840000153E0,7.018050194E0,-2.802000046E0
3.163813251E2,4.374000072E0,6.069000244E0,-2.601000071E0
3.163837687E2,5.452950478E0,5.100000381E0,-2.641050100E0
3.163862122E2,6.093000412E0,5.088000298E0,-4.711950302E0
3.163886559E2,3.745950222E0,5.995050430E0,-5.742000103E0
3.163910995E2,1.371000051E0,7.176000118E0,-4.152000427E0
3.163935432E2,7.510500550E-1,7.987050533E0,-2.455050230E0
3.163959866E2,2.503950119E0,8.799000740E0,-1.303050041E0
3.163984303E2,4.006950378E0,9.759000778E0,-2.955000162E0
3.164008739E2,4.017000198E0,9.679950714E0,-5.038050175E0
3.164033176E2,2.194950104E0,1.021395016E1,-5.803950310E0
3.164057611E2,1.183950067E0,1.010100079E1,-5.127000332E0
3.164082047E2,2.860050201E0,9.687000275E0,-4.356000423E0
3.164106484E2,3.480000257E0,8.976000786E0,-3.961050272E0
3.164130919E2,2.227950096E0,8.293950081E0,-2.589000225E0
3.164155356E2,1.792950034E0,6.603000164E0,-7.380000353E-1
3.164179792E2,1.873950124E0,5.926050186E0,-6.850500107E-1
3.164204229E2,3.634050131E0,6.072000504E0,-1.417950034E0
3.164228663E2,5.307000160E0,6.787950516E0,-3.496050119E0
3.164253100E2,5.005950451E0,7.681050301E0,-4.801050186E0
3.164277536E2,3.366000175E0,9.061950684E0,-5.086050034E0
3.164301971E2,2.422049999E0,9.247050285E0,-3.846000195E0
3.164326407E2,1.912050128E0,9.523950577E0,-2.578950167E0
3.164350844E2,2.475000143E0,8.940000534E0,-1.654950023E0
3.164375279E2,3.978000164E0,8.536050797E0,-2.308950186E0
3.164399715E2,4.441050053E0,7.389000416E0,-3.637050152E0
3.164424152E2,5.194950104E0,6.004950523E0,-4.328999996E0
3.164448586E2,4.789950371E0,6.910050392E0,-4.699950218E0
3.164473023E2,2.227950096E0,7.609050274E0,-3.586950064E0
3.164497459E2,2.869500220E-1,8.542950630E0,-1.699500084E-1
3.164521894E2,-5.190000534E-1,8.739000320E0,1.411050081E0
3.164546331E2,1.243950009E0,9.558000565E0,1.039500013E-1
3.164570768E2,4.800000191E0,9.466950417E0,-4.066050053E0
3.164595204E2,5.614050388E0,9.613050461E0,-6.132000446E0
3.164619638E2,3.670050144E0,1.035000038E1,-5.845050335E0
3.164644075E2,2.467950106E0,1.060200024E1,-2.979000092E0
3.164668512E2,2.472000122E0,1.021605015E1,-1.605000019E0
3.164692946E2,2.077050209E0,9.864000320E0,-1.020000100E0
3.164717383E2,1.576950073E0,8.218950272E0,5.640000105E-1
3.164741819E2,2.235000134E0,5.947050095E0,7.480500340E-1
3.164766256E2,3.721950293E0,5.248050213E0,-4.939500093E-1
3.164790691E2,5.701950073E0,5.842050076E0,-2.277000189E0
3.164815128E2,6.069000244E0,6.244050503E0,-2.577000141E0
3.164839564E2,6.199950218E0,7.923000336E0,-2.409000158E0
3.164863998E2,4.896000385E0,9.277950287E0,-2.743950129E0
3.164888435E2,3.447000265E0,1.008495045E1,-2.224950075E0
3.164912872E2,2.511000156E0,1.018800068E1,-1.830000043E0
3.164937308E2,3.094950199E0,9.043050766E0,-1.312950015E0
3.164961743E2,5.206950188E0,7.444050312E0,-2.782950163E0
3.164986179E2,6.202950478E0,6.783000469E0,-4.075950146E0
3.165010616E2,7.005000114E0,6.117000103E0,-4.975950241E0
3.165035051E2,5.178000450E0,6.622950077E0,-4.911000252E0
3.165059487E2,2.422049999E0,8.203050613E0,-2.469000101E0
3.165083924E2,1.953000069E0,9.333000183E0,-5.220000148E-1
3.165108358E2,3.271950245E0,1.008495045E1,-4.530000091E-1
3.165132795E2,5.109000206E0,9.831000328E0,-2.707950115E0
3.165157232E2,5.295000076E0,1.010595036E1,-4.879950047E0
3.165181668E2,4.026000023E0,1.045095062E1,-5.488050461E0
3.165206103E2,4.570050240E0,1.080105019E1,-4.111050129E0
3.165230539E2,5.281050205E0,1.071195030E1,-2.716050148E0
3.165254976E2,3.928050280E0,1.020195007E1,-1.779000044E0
3.165279411E2,2.062950134E0,9.201000214E0,-6.400500536E-1
3.165303848E2,2.226000071E0,7.408050537E0,5.130000114E-1
3.165328284E2,3.331950188E0,6.832950115E0,-7.519500256E-1
3.165352718E2,5.307000160E0,7.360050201E0,-2.419050217E0
3.165377155E2,6.021000385E0,7.819950581E0,-3.297000170E0
3.165401592E2,6.175950527E0,8.782050133E0,-3.951000214E0
3.165426028E2,4.897950172E0,9.828000069E0,-3.442950249E0
3.165450463E2,3.205050230E0,1.116705036E1,-2.100000143E0
3.165474900E2,2.089050055E0,1.157400036E1,-1.023000002E0
3.165499336E2,2.797950029E0,1.039605045E1,-1.666950107E0
3.165523771E2,4.486050129E0,8.938050270E0,-3.949050188E0
3.165548208E2,5.556000233E0,7.233000278E0,-4.624050140E0
3.165572644E2,6.684000492E0,6.502950191E0,-5.554950237E0
3.165597078E2,5.640000343E0,7.044000149E0,-5.673000336E0
3.165621515E2,2.817000151E0,8.265000343E0,-3.775950193E0
3.165645951E2,2.098950148E0,9.357000351E0,-9.750000238E-1
3.165670388E2,3.997950077E0,9.891000748E0,-9.169500470E-1
3.165694823E2,5.262000084E0,9.715950012E0,-4.717050076E0
3.165719259E2,4.693950176E0,9.718050003E0,-6.730950356E0
3.165743696E2,4.357050419E0,9.787950516E0,-6.082050323E0
3.165768133E2,4.576950073E0,9.514950752E0,-5.206050396E0
3.165792568E2,4.536000252E0,9.649050713E0,-4.168950081E0
3.165817004E2,4.060050011E0,9.337950706E0,-3.762000084E0
3.165841441E2,2.583000183E0,8.542950630E0,-1.858050108E0
3.165865876E2,1.642050028E0,7.252050400E0,5.490000248E-1
3.165890312E2,2.884050131E0,5.590950489E0,7.549500465E-1
3.165914749E2,5.209050179E0,6.402000427E0,-7.740000486E-1
3.165939183E2,6.070950508E0,6.703950405E0,-3.757050276E0
3.165963619E2,4.864050388E0,8.038050652E0,-5.221950054E0
3.165988056E2,4.077000141E0,8.782050133E0,-5.469000340E0
3.166012491E2,2.905950069E0,9.856950760E0,-4.554000378E0
3.166036928E2,2.238000154E0,1.069500065E1,-3.100950241E0
3.166061364E2,3.415950060E0,1.013295078E1,-2.790000200E0
3.166085801E2,4.474050045E0,9.036000252E0,-3.891000271E0
3.166110235E2,4.825950146E0,8.056950569E0,-5.148000240E0
3.166134672E2,5.713950157E0,6.181950092E0,-6.505950451E0
3.166159109E2,3.895050287E0,7.398000240E0,-6.051000118E0
3.166183543E2,2.311950207E0,8.128950119E0,-3.228000164E0
3.166207980E2,2.917950153E0,8.557050705E0,-1.528050065E0
3.166232416E2,4.102950096E0,9.457050323E0,-2.845050097E0
3.166256851E2,3.727050066E0,9.511950493E0,-4.891950130E0
3.166281288E2,3.403950214E0,9.979050636E0,-5.311050415E0
3.166305724E2,3.451950073E0,1.051995087E1,-5.269950390E0
3.166330159E2,3.865950108E0,1.060395050E1,-4.246050358E0
3.166354596E2,4.396950245E0,1.026405048E1,-4.047000408E0
3.166379032E2,3.315000057E0,9.295050621E0,-3.616050243E0
3.166403469E2,1.314000010E0,9.177000046E0,-1.027950048E0
3.166427903E2,1.929000139E0,7.261950493E0,8.700000644E-1
3.166452340E2,3.145050049E0,6.583950520E0,1.800000109E-2
3.166476776E2,4.819050312E0,6.991050243E0,-1.237950087E0
3.166501211E2,5.551950455E0,7.762050152E0,-3.975000143E0
3.166525648E2,5.298000336E0,9.091050148E0,-5.625000477E0
3.166550084E2,4.405050278E0,9.781050682E0,-5.773050308E0
3.166574521E2,2.491950035E0,1.108095074E1,-4.198050022E0
3.166598956E2,1.645950079E0,1.118100071E1,-1.978050113E0
3.166623392E2,3.811050177E0,9.625050545E0,-1.983000040E0
3.166647829E2,5.647050381E0,8.641050339E0,-4.360050201E0
3.166672265E2,6.399000168E0,7.470000267E0,-5.895000458E0
3.166696700E2,5.034000397E0,6.766050339E0,-6.178050518E0
3.166721136E2,3.303000212E0,7.506000519E0,-4.279050350E0
3.166745573E2,2.346000195E0,7.882050514E0,-1.051950097E0
3.166770008E2,3.054000139E0,8.844000816E0,-6.540000439E-1
3.166794444E2,4.066950321E0,9.196050644E0,-2.289000034E0
3.166818881E2,3.234000206E0,9.402000427E0,-4.321950436E0
3.166843316E2,2.683050156E0,9.805050850E0,-4.698000431E0
3.166867752E2,2.817000151E0,1.015905094E1,-3.688050270E0
3.166892188E2,3.361050129E0,1.050795078E1,-2.136000156E0
3.166916625E2,3.756000280E0,1.042500019E1,-1.106999993E0
3.166941060E2,2.118000031E0,9.586950302E0,-6.250500083E-1
3.166965496E2,1.090950012E0,8.569050789E0,5.440500379E-1
3.166989933E2,1.351950049E0,7.201950550E0,7.170000076E-1
3.167014368E2,2.641950130E0,6.826050282E0,-1.900500059E-1
3.167038804E2,4.455000401E0,7.213950157E0,-2.610000134E0
3.167063241E2,5.025000095E0,7.176000118E0,-3.858000278E0
3.167087675E2,5.152050018E0,7.899000168E0,-4.252950191E0
3.167112112E2,4.024050236E0,8.746050835E0,-4.118999958E0
3.167136549E2,2.350050211E0,1.018500042E1,-2.289000034E0
3.167160983E2,1.539000034E0,1.009695053E1,-5.779500008E-1
3.167185420E2,2.353049994E0,9.364050865E0,-3.169500232E-1
3.167209856E2,4.177050114E0,8.173950195E0,-2.032950163E0
3.167234291E2,5.689950466E0,7.279050350E0,-4.269000053E0
3.167258728E2,5.560950279E0,6.807000160E0,-5.842950344E0
3.167283164E2,3.567000151E0,7.024950504E0,-4.542000294E0
3.167307601E2,2.499000072E0,6.850050449E0,-2.220000029E0
3.167332035E2,2.683050156E0,7.516050339E0,-7.380000353E-1
3.167356472E2,4.888050079E0,7.987050533E0,-1.807950139E0
3.167380909E2,5.322000027E0,8.088000298E0,-4.183050156E0
3.167405345E2,4.857000351E0,8.998050690E0,-4.617000103E0
3.167429780E2,3.181050062E0,8.944950104E0,-4.686000347E0
3.167454216E2,2.713950157E0,9.397050858E0,-3.070050240E0
3.167478653E2,3.303000212E0,1.021605015E1,-2.412000179E0
3.167503088E2,2.482050180E0,1.009695053E1,-1.990050077E0
3.167527524E2,1.747050047E0,9.346950531E0,-1.219050050E0
3.167551961E2,1.297050118E0,7.483950138E0,2.400000095E-1
3.167576398E2,1.572000027E0,7.177950382E0,4.030500054E-1
3.167600832E2,3.700950146E0,7.243050575E0,-1.143000007E0
3.167625268E2,5.611050129E0,7.693050385E0,-3.199050188E0
3.167649705E2,5.917950153E0,8.266950607E0,-4.545000076E0
3.167674140E2,4.848000050E0,8.449049950E0,-4.030050278E0
3.167698576E2,3.970950127E0,9.603000641E0,-3.256950140E0
3.167723013E2,3.022950172E0,1.016805077E1,-2.308950186E0
3.167747447E2,2.638050079E0,9.763950348E0,-1.528050065E0
3.167771884E2,3.721950293E0,8.926050186E0,-2.328000069E0
3.167796320E2,4.345050335E0,8.032950401E0,-3.190050125E0
3.167820755E2,4.309050083E0,8.164050102E0,-3.670950174E0
3.167845192E2,3.799050093E0,8.458950043E0,-4.087950230E0
3.167869628E2,1.848000050E0,9.397050858E0,-2.797050238E0
3.167894063E2,4.879500270E-1,9.466950417E0,1.060500070E-1
3.167918500E2,4.519500136E-1,9.295050621E0,9.319500327E-1
3.167942936E2,2.908050060E0,9.646050453E0,-2.026050091E0
3.167967373E2,5.566050053E0,9.103050232E0,-5.347050190E0
3.167991807E2,5.383950233E0,9.019050598E0,-5.601000309E0
3.168016244E2,3.277050257E0,9.196050644E0,-4.729050159E0
3.168040680E2,2.185050011E0,9.466950417E0,-2.680050135E0
3.168065115E2,2.068050146E0,9.715950012E0,-8.070000410E-1
3.168089552E2,3.631050110E0,9.201000214E0,1.800000109E-2
3.168113988E2,4.860000134E0,8.049000740E0,-1.516050100E0
3.168138423E2,3.793950081E0,7.698000431E0,-3.475050211E0
3.168162860E2,2.929950237E0,8.196000099E0,-3.357000113E0
3.168187296E2,2.674050093E0,8.986050606E0,-2.107050180E0
3.168211733E2,1.684950113E0,9.517050743E0,-8.599500656E-1
3.168236167E2,2.134950161E0,9.093000412E0,-1.485000014E0
3.168260604E2,2.962950230E0,8.758049965E0,-2.835000038E0
3.168285040E2,3.331950188E0,8.634000778E0,-3.963000298E0
3.168309475E2,3.550050259E0,8.377950668E0,-4.903950214E0
3.168333912E2,3.291000128E0,8.089950562E0,-4.056000233E0
3.168358348E2,3.082950115E0,7.911000252E0,-2.269950151E0
3.168382785E2,3.516000271E0,7.828950405E0,-1.612050056E0
3.168407220E2,3.832050085E0,7.297950268E0,-2.388000011E0
3.168431656E2,3.009000063E0,7.779000282E0,-3.091950178E0
3.168456093E2,2.665950060E0,7.804950237E0,-3.196950197E0
3.168480528E2,2.278950214E0,7.432050228E0,-2.944950104E0
3.168504964E2,2.238000154E0,7.197000504E0,-3.019950151E0
3.168529401E2,3.471000195E0,7.129950523E0,-3.834000111E0
3.168553835E2,3.849000216E0,7.723950386E0,-5.509950161E0
3.168578272E2,2.779050112E0,7.615950584E0,-5.550000191E0
3.168602708E2,1.813950062E0,7.638000488E0,-3.214050055E0
3.168627145E2,9.310500622E-1,7.432050228E0,-1.401000023E0
3.168651580E2,1.540950060E0,7.671000481E0,-2.040000111E-1
3.168676016E2,3.078000069E0,8.052000046E0,-1.320000052E0
3.168700453E2,5.034000397E0,7.458000183E0,-4.060950279E0
3.168724888E2,4.978950024E0,7.650000572E0,-6.472050190E0
3.168749324E2,1.981950045E0,7.834050179E0,-5.992950439E0
3.168773761E2,4.420500100E-1,8.097000122E0,-2.917050123E0
3.168798195E2,1.999500096E-1,7.981950283E0,-3.570000231E-1
3.168822632E2,1.327950120E0,8.445000648E0,-2.569500208E-1
3.168847068E2,3.937950134E0,7.377000332E0,-2.163000107E0
3.168871505E2,6.612000465E0,6.790050507E0,-5.220000267E0
3.168895940E2,6.190950394E0,7.072950363E0,-6.441000462E0
3.168920377E2,3.094950199E0,8.478000641E0,-5.344950199E0
3.168944813E2,1.042950034E0,9.313950539E0,-2.443050146E0
3.168969248E2,3.970500231E-1,1.011795044E1,-2.899500132E-1
3.168993685E2,9.829500318E-1,1.070700073E1,-3.760500252E-1
3.169018121E2,2.218950033E0,9.579000473E0,-2.845050097E0
3.169042555E2,4.114950180E0,9.133950233E0,-5.328000069E0
3.169066992E2,4.981950283E0,9.079050064E0,-6.898050308E0
3.169091428E2,2.853000164E0,9.490950584E0,-5.818950176E0
3.169115863E2,1.291950107E0,1.005405045E1,-2.292000055E0
3.169140300E2,1.375950098E0,9.852000237E0,-7.830000520E-1
3.169164736E2,2.365050077E0,9.975000381E0,-2.452050209E0
3.169189173E2,3.370050192E0,9.450000763E0,-3.925050259E0
3.169213608E2,4.002000332E0,8.767950058E0,-4.360050201E0
3.169238045E2,4.213050365E0,9.096000671E0,-4.594950199E0
3.169262481E2,3.387000084E0,9.988950729E0,-3.568050146E0
3.169286915E2,2.548950195E0,1.037400055E1,-3.739950180E0
3.169311352E2,2.391000032E0,1.004895020E1,-2.953050137E0
3.169335788E2,2.178000212E0,9.583950043E0,-1.957050085E0
3.169360225E2,1.737000108E0,8.880000114E0,-1.624050021E0
3.169384660E2,1.651050091E0,8.230950356E0,-1.450950027E0
3.169409096E2,2.298000097E0,7.540050507E0,-1.987950087E0
3.169433533E2,3.508950233E0,7.008000374E0,-2.425950050E0
3.169457968E2,4.371000290E0,6.358950138E0,-3.525000095E0
3.169482405E2,4.090950012E0,6.663000107E0,-4.573950291E0
3.169506841E2,3.354000092E0,7.234950542E0,-4.750950336E0
3.169531278E2,2.559000015E0,7.530000210E0,-3.991950274E0
3.169555712E2,1.989000082E0,7.666050434E0,-2.845050097E0
3.169580148E2,2.512950182E0,7.846050262E0,-2.107050180E0
3.169604585E2,4.050000191E0,7.558950424E0,-2.809050083E0
3.169629020E2,4.504950047E0,7.084950447E0,-4.078050137E0
3.169653456E2,3.793950081E0,7.537050247E0,-4.626000404E0
3.169677893E2,2.736000061E0,7.072950363E0,-3.894000292E0
3.169702328E2,1.717950106E0,6.972000122E0,-2.601000071E0
3.169726765E2,2.029950142E0,6.214950085E0,-2.055000067E0
3.169751201E2,3.780000210E0,5.899050236E0,-2.791950226E0
3.169775635E2,5.524950027E0,5.485050201E0,-4.818000317E0
3.169800072E2,4.504950047E0,5.947050095E0,-6.007950306E0
3.169824508E2,3.105000257E0,6.747000217E0,-4.495050430E0
3.169848945E2,1.921950102E0,7.135050297E0,-1.729050040E0
3.169873380E2,2.611050129E0,7.591950417E0,5.320500135E-1
3.169897817E2,3.025950193E0,9.229950905E0,-8.700000495E-2
3.169922253E2,3.435000181E0,8.799000740E0,-2.392050028E0
3.169946688E2,4.396950245E0,8.610000610E0,-5.224950314E0
3.169971124E2,3.375000238E0,8.092950821E0,-5.646000385E0
3.169995561E2,1.921950102E0,7.839000225E0,-3.381000042E0
3.170019995E2,1.125000000E0,7.875000477E0,-9.079500437E-1
3.170044432E2,1.882950068E0,8.284049988E0,-3.600000143E-1
3.170068868E2,4.125000000E0,7.981950283E0,-2.098050117E0
3.170093305E2,5.985000134E0,7.513050556E0,-4.066050053E0
3.170117740E2,6.519000530E0,7.210950375E0,-6.075000286E0
3.170142177E2,4.896000385E0,8.137949944E0,-6.670950413E0
3.170166613E2,2.452950001E0,9.469050407E0,-4.759950161E0
3.170191047E2,1.347000122E0,1.023105049E1,-1.486950040E0
3.170215484E2,1.548000097E0,1.044900036E1,-5.200500488E-1
3.170239920E2,2.508000135E0,9.487950325E0,-8.860500455E-1
3.170264355E2,4.381050110E0,9.108000755E0,-3.261000156E0
3.170288792E2,4.462050438E0,8.822999954E0,-5.275050163E0
3.170313228E2,2.733000040E0,8.695950508E0,-5.461950302E0
3.170337663E2,1.681950092E0,8.230950356E0,-2.914050102E0
3.170362100E2,2.668950081E0,8.313000679E0,-1.255050063E0
3.170386536E2,5.425050259E0,8.301000595E0,-2.020950079E0
3.170410973E2,5.479950428E0,8.275050163E0,-4.150050163E0
3.170435407E2,3.508950233E0,9.037950516E0,-4.416000366E0
3.170459844E2,3.231000185E0,9.904950142E0,-3.618000269E0
3.170484280E2,3.535950184E0,1.071405029E1,-4.135050297E0
3.170508717E2,4.242000103E0,1.152600098E1,-4.249950409E0
3.170533152E2,3.433050156E0,1.065195084E1,-4.477950096E0
3.170557588E2,2.077050209E0,1.035495090E1,-3.550950050E0
3.170582025E2,1.861950040E0,9.490950584E0,-2.188950062E0
3.170606459E2,1.729950070E0,8.690999985E0,-1.380000114E0
3.170630896E2,1.723050117E0,8.242950439E0,-6.469500065E-1
3.170655332E2,2.197050095E0,7.582950592E0,-1.870500147E-1
3.170679767E2,3.591000080E0,7.449000359E0,-1.633050084E0
3.170704204E2,6.258000374E0,7.756950378E0,-5.002050400E0
3.170728640E2,5.997000217E0,9.115050316E0,-6.205950260E0
3.170753077E2,2.965950251E0,1.064295006E1,-4.699950218E0
3.170777512E2,1.270950079E0,1.040805054E1,-1.710000038E0
3.170801948E2,1.062000036E0,9.397050858E0,-1.110000089E-1
3.170826385E2,2.755050182E0,8.302950859E0,-1.558950067E0
3.170850819E2,4.836000443E0,7.081950188E0,-4.461000443E0
3.170875256E2,5.944050312E0,6.031050205E0,-6.879000187E0
3.170899692E2,5.740950108E0,5.854050159E0,-7.255050182E0
3.170924127E2,3.765000105E0,5.806050301E0,-6.372000217E0
3.170948564E2,1.495950103E0,6.175050259E0,-2.665050030E0
3.170973000E2,1.804050088E0,6.169950485E0,-5.509500504E-1
3.170997435E2,3.342000246E0,6.517050266E0,-2.467050076E0
3.171021872E2,4.347000122E0,6.208050251E0,-3.727950096E0
3.171046308E2,6.355950356E0,6.589050293E0,-4.899000168E0
3.171070745E2,6.667050362E0,6.727950096E0,-6.421950340E0
3.171095180E2,4.764000416E0,7.900950432E0,-6.934050560E0
3.171119617E2,2.961000204E0,8.694000244E0,-4.480050087E0
3.171144053E2,1.270950079E0,7.935000420E0,-2.773050070E0
3.171168487E2,2.460000068E-1,7.153950214E0,-4.530000091E-1
3.171192924E2,3.610500097E-1,5.533050060E0,1.669950128E0
3.171217361E2,9.640500546E-1,4.374000072E0,2.599050045E0
3.171241795E2,2.836050034E0,4.006050110E0,8.530500531E-1
3.171266232E2,4.630050182E0,4.519950390E0,-9.199500680E-1
3.171290668E2,5.712000370E0,6.766050339E0,-3.858000278E0
3.171315103E2,5.239950180E0,8.296050072E0,-4.971000195E0
3.171339540E2,2.820000172E0,1.102305031E1,-4.923000336E0
3.171363977E2,1.077000022E0,1.164300060E1,-3.763950109E0
3.171388413E2,2.037000179E0,1.045605087E1,-2.524050236E0
3.171412848E2,4.090950012E0,9.129000664E0,-4.456050396E0
3.171437285E2,5.772000313E0,8.281949997E0,-4.894050121E0
3.171461721E2,7.144050121E0,6.169950485E0,-7.006050110E0
3.171486155E2,6.145050526E0,5.281950474E0,-8.047950745E0
3.171510592E2,3.520950079E0,6.691950321E0,-5.251050472E0
3.171535029E2,2.803050041E0,8.370000839E0,-1.794000030E0
3.171559465E2,3.495000124E0,8.971050262E0,-1.269000053E0
3.171583900E2,3.100050211E0,1.003200054E1,-1.642950058E0
3.171608336E2,3.001950026E0,1.043895054E1,-2.710950136E0
3.171632773E2,2.997000217E0,1.095900059E1,-3.336000204E0
3.171657208E2,3.318000078E0,1.171500015E1,-4.152000427E0
3.171681645E2,3.835050106E0,1.193505096E1,-4.174050331E0
3.171706081E2,3.745950222E0,1.149000072E1,-4.288949966E0
3.171730518E2,2.130000114E0,1.020195007E1,-2.658000231E0
3.171754952E2,1.207950115E0,9.292050362E0,1.449000120E0
3.171779389E2,1.429050088E0,7.420050144E0,2.211000204E0
3.171803825E2,2.719050169E0,7.843950272E0,-1.800000072E-1
3.171828260E2,4.792950153E0,8.500050545E0,-2.179050207E0
3.171852696E2,5.805000305E0,8.346000671E0,-4.570950031E0
3.171877133E2,6.544950485E0,8.695950508E0,-6.441000462E0
3.171901568E2,4.495950222E0,1.034595013E1,-5.815950394E0
3.171926004E2,2.213999987E0,1.132995033E1,-3.562950134E0
3.171950441E2,1.942950130E0,1.112400055E1,-1.351050019E0
3.171974878E2,2.712000132E0,1.015200043E1,-7.669500113E-1
3.171999312E2,4.443000317E0,8.293950081E0,-2.344050169E0
3.172023749E2,7.285050392E0,7.021950245E0,-5.754000187E0
3.172048183E2,6.543000221E0,6.378000259E0,-9.019950867E0
3.172072620E2,3.052050114E0,6.309000492E0,-6.508050442E0
3.172097057E2,8.470500112E-1,5.938050270E0,-1.044000030E0
3.172121493E2,2.641950130E0,6.903000355E0,6.930000186E-1
3.172145928E2,4.736999989E0,8.410950661E0,-2.083950043E0
3.172170365E2,5.190000057E0,7.948950291E0,-3.859950066E0
3.172194801E2,5.062950134E0,8.503950119E0,-4.863000393E0
3.172219236E2,4.620000362E0,9.105000496E0,-5.929050446E0
3.172243672E2,3.801000118E0,1.028100014E1,-6.034050465E0
3.172268109E2,1.990950108E0,9.598950386E0,-4.798950195E0
3.172292546E2,4.129500091E-1,8.124000549E0,-1.051950097E0
3.172316980E2,-4.860000312E-1,6.555000305E0,2.541000128E0
3.172341417E2,5.140500069E-1,4.788000107E0,2.896050215E0
3.172365853E2,5.317050457E0,4.522950172E0,-1.339050055E0
3.172390288E2,7.453050137E0,4.354950428E0,-4.747950077E0
3.172414725E2,6.298950195E0,5.482950211E0,-4.365000248E0
3.172439161E2,4.093050003E0,6.691950321E0,-4.090050220E0
3.172463596E2,2.170950174E0,8.763000488E0,-1.851000071E0
3.172488032E2,3.117000103E0,9.685050011E0,-1.380000114E0
3.172512469E2,3.643050194E0,8.908950806E0,-3.718950272E0
3.172536903E2,4.888050079E0,7.611000538E0,-5.197950363E0
3.172561340E2,7.009950161E0,5.952000141E0,-6.721050262E0
3.172585777E2,5.805000305E0,4.639950275E0,-8.136000633E0
3.172610213E2,2.463000059E0,6.328050137E0,-5.373000145E0
3.172634648E2,2.668950081E0,6.334950447E0,-8.700000495E-2
3.172659084E2,5.748000145E0,7.396050453E0,-7.830000520E-1
3.172683521E2,5.121000290E0,8.193000793E0,-4.249950409E0
3.172707956E2,3.627000093E0,9.298950195E0,-6.084000111E0
3.172732393E2,4.249050140E0,9.807000160E0,-7.341000557E0
3.172756829E2,4.374000072E0,9.994050026E0,-7.356000423E0
3.172781266E2,3.796950102E0,9.819000244E0,-6.123000145E0
3.172805701E2,1.687050104E0,8.445000648E0,-3.159000158E0
3.172830137E2,6.100500226E-1,7.293000221E0,1.323000073E0
3.172854574E2,1.507950068E0,6.759000301E0,3.291000128E0
3.172879008E2,3.598050117E0,5.779950142E0,1.801050067E0
3.172903445E2,5.740950108E0,6.226950169E0,-1.924950123E0
3.172927881E2,5.074950218E0,6.751950264E0,-3.562950134E0
3.172952318E2,3.435000181E0,8.670000076E0,-3.180000067E0
3.172976753E2,2.530050039E0,9.424050331E0,-2.707950115E0
3.173001189E2,2.532000065E0,1.053495026E1,-3.373950243E0
3.173025626E2,3.231000185E0,1.044600010E1,-3.927000284E0
3.173050060E2,4.582050323E0,9.529050827E0,-3.858000278E0
3.173074497E2,7.528950214E0,8.899050713E0,-5.695950508E0
3.173098933E2,6.985950470E0,7.477050304E0,-7.188000202E0
3.173123368E2,3.064050198E0,6.784950256E0,-5.593950272E0
3.173147804E2,1.942950130E0,7.219050407E0,-8.740500212E-1
3.173172241E2,5.668950081E0,7.942050457E0,-4.219500124E-1
3.173196676E2,7.006950378E0,9.013950348E0,-4.648050308E0
3.173221112E2,3.780000210E0,1.008000088E1,-6.196950436E0
3.173245549E2,3.112050056E0,1.012305069E1,-5.023950100E0
3.173269983E2,4.204050064E0,1.145895100E1,-5.155050278E0
3.173294420E2,3.775050163E0,1.216995049E1,-5.431050301E0
3.173318856E2,2.154000044E0,1.146105099E1,-4.468050003E0
3.173343293E2,3.100500107E-1,9.262950897E0,-8.100000620E-1
3.173367728E2,-1.080000028E-1,7.599000454E0,2.167950153E0
3.173392165E2,2.152050018E0,7.675950527E0,1.165050030E0
3.173416601E2,5.689950466E0,6.642000198E0,-4.012950420E0
3.173441036E2,6.150000095E0,6.675000191E0,-5.554950237E0
3.173465472E2,3.520950079E0,8.457000732E0,-5.139000416E0
3.173489909E2,2.740950108E0,8.458950043E0,-2.842050076E0
3.173514346E2,3.832050085E0,9.871950150E0,-2.248950005E0
3.173538780E2,4.966950417E0,9.250950813E0,-3.882000208E0
3.173563217E2,4.747050285E0,8.799000740E0,-4.438950062E0
3.173587651E2,6.852000237E0,6.577050209E0,-6.288000107E0
3.173612088E2,6.214950085E0,4.786050320E0,-8.140950203E0
3.173636525E2,3.499950171E0,4.135050297E0,-5.770950317E0
3.173660961E2,3.310050249E0,5.263050079E0,-2.356050014E0
3.173685396E2,6.310950279E0,5.691000462E0,-2.200950146E0
3.173709832E2,6.286950111E0,6.814050198E0,-4.963950157E0
3.173734269E2,3.718050241E0,7.666050434E0,-5.373000145E0
3.173758706E2,3.315000057E0,9.469050407E0,-5.056950092E0
3.173783140E2,3.559050083E0,9.795000076E0,-6.010050297E0
3.173807576E2,2.371950150E0,9.715950012E0,-5.074050426E0
3.173832011E2,1.690500081E-1,7.848000526E0,-2.578950167E0
3.173856448E2,-4.789500237E-1,6.157950401E0,1.509000063E0
3.173880884E2,2.511000156E0,5.824950218E0,2.022000074E0
3.173905321E2,6.603000164E0,4.414950371E0,-1.332000017E0
3.173929756E2,7.242000580E0,4.633050442E0,-4.894050121E0
3.173954192E2,4.141050339E0,6.441000462E0,-3.625050068E0
3.173978629E2,1.735050082E0,8.440050125E0,-2.625000238E0
3.174003063E2,1.633950114E0,9.714000702E0,-2.598000050E0
3.174027500E2,3.466050148E0,1.011105061E1,-4.204950333E0
3.174051936E2,5.155950069E0,8.785050392E0,-6.466950417E0
3.174076373E2,6.136050224E0,8.109000206E0,-6.754950523E0
3.174100808E2,6.519000530E0,5.458950043E0,-8.206049919E0
3.174125245E2,4.278000355E0,4.980000019E0,-5.581950188E0
3.174149681E2,3.955050230E0,5.976000309E0,-2.148000002E0
3.174174116E2,6.291000366E0,6.088950157E0,-3.259500265E-1
3.174198552E2,7.632000446E0,7.899000168E0,-2.677050114E0
3.174222989E2,5.305050373E0,8.101950645E0,-6.403050423E0
3.174247426E2,3.118950129E0,1.004400063E1,-6.027000427E0
3.174271860E2,2.844000101E0,1.063095093E1,-5.775000095E0
3.174296296E2,2.808000088E0,1.052295017E1,-5.136000156E0
3.174320733E2,1.219950080E0,9.273000717E0,-3.241950035E0
3.174345168E2,1.090500057E-1,7.750050545E0,1.195950031E0
3.174369604E2,8.440500498E-1,6.772950172E0,3.175950050E0
3.174394041E2,4.165050030E0,6.558000088E0,1.203000069E0
3.174418478E2,7.102950573E0,5.728950500E0,-3.907950163E0
3.174442912E2,5.370000362E0,6.352050304E0,-5.622000217E0
3.174467348E2,2.326050043E0,8.104949951E0,-4.285950184E0
3.174491783E2,1.414050102E0,8.755949974E0,-2.224950075E0
3.174516220E2,3.423000097E0,9.328050613E0,-2.536050081E0
3.174540656E2,6.466050148E0,9.049950600E0,-4.423050404E0
3.174565093E2,8.520000458E0,8.653050423E0,-5.433000088E0
3.174589527E2,6.358050346E0,7.027050495E0,-6.943950176E0
3.174613964E2,3.082950115E0,6.433050156E0,-4.903950214E0
3.174638400E2,3.511950254E0,6.405000210E0,-2.163000107E0
3.174662835E2,6.552000523E0,7.222950459E0,-3.108000040E0
3.174687271E2,7.159950256E0,7.477050304E0,-5.266050339E0
3.174711708E2,4.447950363E0,8.289000511E0,-5.731950283E0
3.174736143E2,3.631050110E0,8.815950394E0,-4.047000408E0
3.174760580E2,4.723050117E0,1.028805065E1,-3.958050251E0
3.174785016E2,3.507000208E0,1.040505028E1,-5.232000351E0
3.174809451E2,1.234950066E0,9.714000702E0,-3.321000099E0
3.174833888E2,-3.040500283E-1,7.578000546E0,1.141050100E0
3.174858324E2,1.330050111E0,7.209000111E0,3.061050177E0
3.174882761E2,5.925000191E0,6.687000275E0,-1.147050023E0
3.174907195E2,7.479000568E0,5.752950191E0,-5.380050182E0
3.174931632E2,3.763050079E0,6.948000431E0,-5.968950272E0
3.174956068E2,1.555050015E0,8.370000839E0,-3.088950157E0
3.174980503E2,1.729950070E0,9.334950447E0,-7.000500560E-1
3.175004940E2,4.219950199E0,9.634950638E0,-2.578950167E0
3.175029376E2,5.631000042E0,8.872950554E0,-4.963950157E0
3.175053811E2,6.226950169E0,8.518950462E0,-6.259050369E0
3.175078248E2,4.399950027E0,6.855000496E0,-6.898050308E0
3.175102684E2,2.913000107E0,5.722050190E0,-4.393949986E0
3.175127121E2,5.086950302E0,6.328050137E0,-2.589000225E0
3.175151555E2,7.522050381E0,7.101000309E0,-4.336950302E0
3.175175992E2,6.550050259E0,7.812000275E0,-5.232000351E0
3.175200426E2,4.752000332E0,8.047050476E0,-5.260950089E0
3.175224863E2,5.133000374E0,9.226950645E0,-5.227050304E0
3.175249300E2,4.651050091E0,1.063095093E1,-5.443050385E0
3.175273736E2,2.266950130E0,9.964950562E0,-5.095950127E0
3.175298171E2,2.430000156E-1,7.920000553E0,-1.710000038E0
3.175322608E2,-4.069500268E-1,5.977950096E0,1.516950130E0
3.175347044E2,2.821950197E0,6.453000069E0,9.540000558E-1
3.175371478E2,7.062000275E0,5.290950298E0,-2.233950138E0
3.175395915E2,6.295950413E0,5.827950478E0,-4.878000259E0
3.175420352E2,2.970000029E0,7.231050491E0,-2.548050165E0
3.175444789E2,7.170000076E-1,8.931000710E0,5.400000140E-2
3.175469223E2,1.680000067E0,1.030500031E1,-7.789500356E-1
3.175493660E2,5.323950291E0,9.782999992E0,-4.459050179E0
3.175518096E2,6.909000397E0,8.598000526E0,-7.396050453E0
3.175542531E2,6.897000313E0,6.843000412E0,-9.751950264E0
3.175566968E2,3.612000227E0,4.755000114E0,-7.657050133E0
3.175591404E2,4.246950150E0,4.422000408E0,-3.622950077E0
3.175615841E2,7.393050194E0,5.707950115E0,-1.990050077E0
3.175640275E2,8.926950455E0,6.148050308E0,-3.919950247E0
3.175664712E2,6.318000317E0,7.602000237E0,-5.239050388E0
3.175689148E2,5.383950233E0,8.325000763E0,-4.542000294E0
3.175713583E2,5.167950153E0,1.015905094E1,-4.851000309E0
3.175738020E2,2.962950230E0,1.104195023E1,-5.187000275E0
3.175762456E2,5.310000181E-1,1.014495087E1,-4.207050323E0
3.175786893E2,-1.108050108E0,7.294950485E0,3.000000119E-2
3.175811327E2,-1.411950111E0,6.598950386E0,3.351000071E0
3.175835764E2,3.298950195E0,6.541050434E0,6.190500259E-1
3.175860201E2,7.339950562E0,5.796000481E0,-4.305000305E0
3.175884635E2,5.053950310E0,6.940950394E0,-4.768050194E0
3.175909072E2,2.251950026E0,8.410950661E0,-1.135050058E0
3.175933509E2,1.294050097E0,1.046805096E1,7.950000465E-3
3.175957943E2,3.676950216E0,1.102305031E1,-3.019950151E0
3.175982379E2,5.218950272E0,9.595950127E0,-5.967000484E0
3.176006816E2,6.709950447E0,8.125950813E0,-7.894050598E0
3.176031253E2,6.109050274E0,5.467950344E0,-8.447999954E0
3.176055687E2,4.884000301E0,4.762050152E0,-4.783950329E0
3.176080124E2,5.997000217E0,5.658000469E0,-2.173950195E0
3.176104559E2,8.032050133E0,6.613050461E0,-2.950050116E0
3.176128995E2,7.417050362E0,8.812950134E0,-4.309950352E0
3.176153432E2,5.185050011E0,8.542950630E0,-5.335050106E0
3.176177868E2,4.623000145E0,1.019700050E1,-5.397000313E0
3.176202303E2,3.595050097E0,1.109700012E1,-6.706950188E0
3.176226739E2,1.134000063E0,1.079295063E1,-5.538000107E0
3.176251176E2,-7.590000629E-1,8.203050613E0,-1.036949992E0
3.176275611E2,-2.097000122E0,5.920950413E0,3.304950237E0
3.176300048E2,1.078950047E0,6.292050362E0,2.332950115E0
3.176324484E2,7.744950294E0,5.476050377E0,-3.525000095E0
3.176348921E2,8.203949928E0,5.629050255E0,-6.136950493E0
3.176373356E2,3.844050169E0,7.326000214E0,-3.385950089E0
3.176397792E2,1.438050032E0,9.097949982E0,-2.350500077E-1
3.176422229E2,2.434050083E0,1.090800095E1,-1.351050019E0
3.176446663E2,4.906949997E0,1.004205036E1,-5.497950077E0
3.176471100E2,6.403950214E0,8.513999939E0,-8.035950661E0
3.176495536E2,5.962950230E0,5.394000053E0,-8.938050270E0
3.176519971E2,4.242000103E0,3.189000130E0,-6.193950176E0
3.176544408E2,5.680950165E0,4.129950047E0,-3.240000248E0
3.176568844E2,8.809950829E0,4.947000027E0,-4.630950451E0
3.176593279E2,8.262000084E0,7.483950138E0,-4.978050232E0
3.176617715E2,5.086950302E0,8.916000366E0,-4.035000324E0
3.176642152E2,5.154000282E0,1.003695011E1,-4.465950012E0
3.176666586E2,3.853950262E0,1.190400028E1,-6.235050201E0
3.176691023E2,7.170000076E-1,1.234005070E1,-5.553000450E0
3.176715459E2,-9.769500494E-1,9.595950127E0,-1.993050098E0
3.176739896E2,-1.390950084E0,6.192000389E0,2.371050119E0
3.176764331E2,1.230000019E0,6.622950077E0,3.244950056E0
3.176788768E2,7.101000309E0,5.823000431E0,-1.837050080E0
3.176813204E2,8.326950073E0,5.899050236E0,-5.716050148E0
3.176837639E2,4.335000038E0,7.566000462E0,-3.625050068E0
3.176862075E2,1.138950109E0,9.958050728E0,-1.368000031E0
3.176886512E2,1.930950046E0,1.205295086E1,-1.344000101E0
3.176910948E2,4.198950291E0,1.220595074E1,-5.164950371E0
3.176935383E2,5.155950069E0,1.035495090E1,-6.967950344E0
3.176959820E2,5.833950043E0,7.827000141E0,-7.782000542E0
3.176984254E2,4.816050053E0,5.478000164E0,-5.943000317E0
3.177008691E2,4.756950378E0,5.140050411E0,-3.226050138E0
3.177033128E2,7.624950409E0,6.529050350E0,-3.502950191E0
3.177057564E2,8.917950630E0,7.843950272E0,-4.320000172E0
3.177081998E2,6.423000336E0,8.590950012E0,-5.743950367E0
3.177106435E2,4.872000217E0,9.457050323E0,-5.533950329E0
3.177130871E2,5.200050354E0,1.085100079E1,-6.604050159E0
3.177155306E2,3.136050224E0,1.154295063E1,-7.450950146E0
3.177179743E2,3.940500319E-1,1.010895061E1,-4.285950184E0
3.177204179E2,-1.195050001E0,7.234950542E0,9.490500689E-1
3.177228616E2,-7.039500475E-1,6.199050426E0,3.997050285E0
3.177253051E2,5.128050327E0,6.127050400E0,3.430500031E-1
3.177277487E2,8.230950356E0,5.269950390E0,-4.341000080E0
3.177301924E2,4.503000259E0,6.856950283E0,-4.372050285E0
3.177326358E2,1.795050144E0,8.470950127E0,-1.131000042E0
3.177350795E2,1.258950114E0,1.009395027E1,1.005000062E-2
3.177375231E2,2.731050014E0,1.100895023E1,-3.442950249E0
3.177399668E2,4.426050186E0,9.168000221E0,-5.754000187E0
3.177424103E2,5.350050449E0,7.591950417E0,-7.155000210E0
3.177448539E2,4.231950283E0,5.002050400E0,-6.598950386E0
3.177472976E2,4.218000412E0,3.988950253E0,-3.166050196E0
3.177497411E2,7.351950169E0,5.073000431E0,-3.010050058E0
3.177521847E2,9.973950386E0,6.325950146E0,-5.404050350E0
3.177546284E2,7.431000233E0,7.651950359E0,-7.312950134E0
3.177570718E2,5.428950310E0,8.686050415E0,-7.288950443E0
3.177595155E2,5.947050095E0,1.024305058E1,-7.528050423E0
3.177619591E2,3.784950256E0,1.149000072E1,-8.068950653E0
3.177644028E2,5.860500336E-1,1.067595005E1,-5.104950428E0
3.177668463E2,-1.771950126E0,6.631950378E0,1.126049995E0
3.177692899E2,-1.828950047E0,4.804950237E0,5.224950314E0
3.177717336E2,4.807050228E0,4.846050262E0,1.732050061E0
3.177741771E2,9.775050163E0,4.486950397E0,-4.461000443E0
3.177766207E2,5.377050400E0,6.301950455E0,-5.158050060E0
3.177790644E2,1.078950047E0,8.161950111E0,8.320500255E-1
3.177815078E2,-1.870500147E-1,1.140900040E1,8.460000157E-1
3.177839514E2,1.311000109E0,1.400895023E1,-1.135050058E0
3.177863951E2,2.484000206E0,1.200000095E1,-5.407050133E0
3.177888386E2,3.460950136E0,1.041300011E1,-6.369000435E0
3.177912823E2,3.081000090E0,6.804000378E0,-5.218050480E0
3.177937259E2,4.014000416E0,5.344050407E0,-3.454950094E0
3.177961696E2,8.485050201E0,6.022050381E0,-5.062050343E0
3.177986131E2,1.246095085E1,6.985950470E0,-8.107950211E0
3.178010567E2,1.030905056E1,7.828950405E0,-9.376950264E0
3.178035004E2,5.451000214E0,1.029300022E1,-7.084950447E0
3.178059438E2,5.743050098E0,1.122000027E1,-6.196950436E0
3.178083874E2,5.166000366E0,1.272300053E1,-6.973050117E0
3.178108311E2,2.287950039E0,1.224705029E1,-5.637000084E0
3.178132746E2,-5.700000376E-2,9.247050285E0,-1.990500093E-1
3.178157182E2,-2.049000025E0,6.754050255E0,4.756050110E0
3.178181619E2,-1.393050075E0,6.964950562E0,2.062050104E0
3.178206054E2,6.883050442E0,5.698050499E0,3.430500031E-1
3.178230491E2,6.628950119E0,6.876000404E0,-6.180000305E0
3.178254927E2,2.680950165E0,8.461050034E0,-2.293950081E0
3.178279364E2,1.249050021E0,1.164600086E1,5.350500345E-1
3.178303798E2,1.761000037E0,1.233495045E1,-1.498950124E0
3.178328234E2,3.030000210E0,1.172700024E1,-4.638000011E0
3.178352671E2,4.278000355E0,9.010050774E0,-6.727950096E0
3.178377106E2,2.929950237E0,5.574000359E0,-5.503050327E0
3.178401543E2,3.612000227E0,3.223050117E0,-2.694000244E0
3.178425979E2,8.476950645E0,4.666050434E0,-4.747950077E0
3.178450414E2,1.094595051E1,5.212050438E0,-7.213950157E0
3.178474851E2,7.809000492E0,5.904000282E0,-8.545949936E0
3.178499287E2,5.761950493E0,8.503950119E0,-7.450950146E0
3.178523724E2,7.098000526E0,8.820000648E0,-7.858950138E0
3.178548158E2,4.237050056E0,1.069995022E1,-7.894050598E0
3.178572595E2,-3.420000076E-1,1.069800091E1,-3.673050165E0
3.178597029E2,-2.617050171E0,6.196050167E0,3.813000202E0
3.178621466E2,-1.776000142E0,4.183050156E0,5.769000053E0
3.178645903E2,4.207950115E0,4.425000191E0,3.882000208E0
3.178670339E2,9.114000320E0,3.271050215E0,-3.277950048E0
3.178694774E2,3.981000185E0,6.096000195E0,-4.495050430E0
3.178719211E2,1.939050078E0,7.654050350E0,4.800000191E-1
3.178743647E2,8.490000367E-1,1.098705006E1,2.355000019E0
3.178768082E2,1.303950071E0,1.332705021E1,7.500000298E-2
3.178792519E2,3.205050230E0,1.244295025E1,-4.284000397E0
3.178816955E2,2.767050028E0,9.796950340E0,-6.094050407E0
3.178841389E2,1.560000062E0,4.996950150E0,-2.791950226E0
3.178865826E2,4.998000145E0,3.973950148E0,-4.921050072E0
3.178890263E2,1.200705051E1,4.777050018E0,-9.606000900E0
3.178914699E2,1.220505047E1,5.155050278E0,-1.288395023E1
3.178939134E2,6.949950218E0,8.940000534E0,-1.046595097E1
3.178963571E2,7.323000431E0,9.454950333E0,-7.465950489E0
3.178988007E2,7.158000469E0,1.143705082E1,-7.711950302E0
3.179012442E2,2.305050135E0,1.302495098E1,-6.745050430E0
3.179036879E2,-2.044950008E0,1.189995098E1,-1.063950062E0
3.179061315E2,-3.177000046E0,6.639000416E0,5.203950405E0
3.179085750E2,-1.530000091E0,5.776950359E0,3.382050276E0
3.179110186E2,7.054950237E0,4.738050461E0,2.448000193E0
3.179134623E2,9.141000748E0,4.530000210E0,-6.855000496E0
3.179159060E2,4.318050385E0,7.321950436E0,-3.829050064E0
3.179183494E2,1.717950106E0,9.816000938E0,1.533000112E0
3.179207930E2,1.438050032E0,1.294800091E1,1.159950018E0
3.179232367E2,2.082000017E0,1.290000057E1,-1.729050040E0
3.179256802E2,3.034950256E0,1.142505074E1,-5.433000088E0
3.179281239E2,1.933950067E0,7.815000534E0,-5.275050163E0
3.179305675E2,2.434050083E0,4.587000370E0,-4.272000313E0
3.179330110E2,8.701950073E0,3.927000284E0,-6.396000385E0
3.179354546E2,1.222905064E1,4.429050446E0,-1.019295025E1
3.179378983E2,8.674050331E0,6.334950447E0,-1.136100101E1
3.179403420E2,6.046950340E0,8.418000221E0,-8.806950569E0
3.179427854E2,6.507000446E0,8.770050049E0,-6.634950161E0
3.179452290E2,4.048050404E0,1.007505035E1,-6.859950542E0
3.179476727E2,-5.530500412E-1,1.065000057E1,-3.522000074E0
3.179501162E2,-2.926050186E0,7.032000542E0,2.592000008E0
3.179525598E2,-6.370500326E-1,4.642050266E0,4.936050415E0
3.179550035E2,6.117000103E0,3.748950243E0,-3.019500077E-1
3.179574472E2,7.918950558E0,3.067050219E0,-4.489950180E0
3.179598906E2,2.331000090E0,5.497050285E0,-3.934050083E0
3.179623342E2,9.880500436E-1,7.987050533E0,2.430000156E-1
3.179647779E2,1.729950070E0,1.062300014E1,2.776050091E0
3.179672214E2,2.317050219E0,1.195695019E1,8.560500145E-1
3.179696650E2,3.562050104E0,1.082700062E1,-2.682000160E0
3.179721087E2,1.855050087E0,8.302950859E0,-4.981050014E0
3.179745522E2,5.209500194E-1,5.442000389E0,-2.608050108E0
3.179769959E2,5.755050182E0,3.190950155E0,-4.612050056E0
3.179794395E2,1.206900024E1,4.345950127E0,-1.061895084E1
3.179818832E2,1.027995014E1,5.290950298E0,-1.386795044E1
3.179843266E2,6.592950344E0,9.253950119E0,-9.058050156E0
3.179867703E2,7.908000469E0,9.157950401E0,-5.794950485E0
3.179892139E2,7.744950294E0,1.130595016E1,-7.933050156E0
3.179916574E2,1.930950046E0,1.224900055E1,-5.218050480E0
3.179941010E2,-2.539950132E0,1.263195038E1,4.699500203E-1
3.179965447E2,-3.345000267E0,6.972000122E0,4.624050140E0
3.179989882E2,6.940500140E-1,5.836950302E0,2.479050159E0
3.180014318E2,8.820000648E0,3.690000057E0,-5.854950428E0
3.180038755E2,6.583050251E0,4.939050198E0,-7.672050476E0
3.180063190E2,1.882950068E0,7.594950199E0,-2.254050016E0
3.180087627E2,1.096050024E0,1.025505066E1,3.612000227E0
3.180112063E2,2.563050032E0,1.207395077E1,1.999950051E0
3.180136497E2,3.859050274E0,1.159305096E1,-1.180950046E0
3.180160934E2,3.205050230E0,9.273000717E0,-4.815000057E0
3.180185370E2,8.110500574E-1,6.565050125E0,-3.514950275E0
3.180209807E2,3.933000088E0,4.836000443E0,-4.188000202E0
3.180234242E2,1.009605026E1,5.236050129E0,-8.742000580E0
3.180258678E2,1.062300014E1,4.783950329E0,-1.030095005E1
3.180283115E2,6.799050331E0,7.456050396E0,-8.953050613E0
3.180307550E2,7.381050587E0,8.722050667E0,-5.443050385E0
3.180331986E2,7.113000393E0,9.646050453E0,-5.634000301E0
3.180356422E2,1.813950062E0,1.055895042E1,-5.497950077E0
3.180380857E2,-1.888950109E0,9.685050011E0,-5.595000088E-2
3.180405294E2,-2.193000078E0,6.214950085E0,3.685950279E0
3.180429730E2,3.859050274E0,4.954050064E0,-3.960000277E-1
3.180454167E2,9.763050079E0,3.654000282E0,-8.182050705E0
3.180478602E2,4.180050373E0,5.286000252E0,-8.233950615E0
3.180503039E2,-1.770000011E-1,7.458000183E0,-9.679500461E-1
3.180527475E2,7.440000176E-1,9.169950485E0,4.642950058E0
3.180551909E2,2.274000168E0,1.131300068E1,2.580000162E0
3.180576346E2,3.868050098E0,1.131105042E1,1.279050112E0
3.180600782E2,3.535950184E0,8.485050201E0,-3.283050060E0
3.180625217E2,1.077000022E0,7.270950317E0,-3.361950159E0
3.180649654E2,3.721950293E0,5.478000164E0,-4.152000427E0
3.180674090E2,1.005795002E1,6.301950455E0,-8.731950760E0
3.180698525E2,9.967050552E0,6.934050560E0,-1.172805023E1
3.180722961E2,5.602050304E0,8.835000038E0,-8.629050255E0
3.180747398E2,6.033000469E0,9.699000359E0,-4.092000008E0
3.180771832E2,8.539950371E0,1.042695045E1,-4.878000259E0
3.180796269E2,4.125000000E0,1.111200047E1,-7.597950459E0
3.180820706E2,-4.095000029E-2,1.009695053E1,-3.751950264E0
3.180845142E2,-4.330500066E-1,7.687950134E0,-7.950000167E-1
3.180869577E2,3.334050179E0,7.578000546E0,-1.827000141E0
3.180894014E2,6.991050243E0,5.868000507E0,-6.412050247E0
3.180918450E2,3.885000229E0,7.858050346E0,-6.786000252E0
3.180942884E2,8.505000174E-2,8.787000656E0,-4.219500124E-1
3.180967321E2,8.370000124E-1,1.049205017E1,4.190999985E0
3.180991758E2,2.607000113E0,1.146405029E1,2.091000080E0
3.181016194E2,6.025950432E0,1.151400089E1,-1.849500090E-1
3.181040629E2,4.192049980E0,8.928000450E0,-5.134050369E0
3.181065066E2,1.432950020E0,7.507950306E0,-3.309000254E0
3.181089502E2,4.740000248E0,6.309000492E0,-3.384000063E0
3.181113937E2,1.028505039E1,6.772950172E0,-8.809050560E0
3.181138374E2,9.306000710E0,6.924000263E0,-1.124895096E1
3.181162810E2,5.599050045E0,9.364050865E0,-8.385000229E0
3.181187245E2,6.868050098E0,9.417000771E0,-5.203050137E0
3.181211681E2,7.897950172E0,9.121950150E0,-7.179000378E0
3.181236118E2,3.081000090E0,9.093000412E0,-6.865050316E0
3.181260552E2,-3.690000176E-1,8.263050079E0,-1.116000056E0
3.181284989E2,-4.789500237E-1,6.649050236E0,2.107950211E0
3.181309425E2,4.837950230E0,5.791950226E0,-1.554000020E0
3.181333862E2,7.270950317E0,4.429050446E0,-7.522950172E0
3.181358297E2,1.891050100E0,5.818050385E0,-6.067950249E0
3.181382733E2,-5.890500546E-1,6.405000210E0,-4.000500143E-1
3.181407170E2,1.656000137E0,8.977950096E0,4.051949978E0
3.181431605E2,3.952050209E0,9.334950447E0,2.082000017E0
3.181456041E2,4.729950428E0,8.457000732E0,3.000000119E-1
3.181480478E2,1.234950066E0,6.850050449E0,-1.900500059E-1
3.181504914E2,8.989500403E-1,5.587950230E0,7.309500575E-1
3.181529349E2,7.915050507E0,4.707000256E0,-5.419050217E0
3.181553785E2,1.157595062E1,5.386950493E0,-1.276905060E1
3.181578222E2,4.515000343E0,6.649050236E0,-1.408605099E1
3.181602657E2,2.757000208E0,9.131999969E0,-9.091950417E0
3.181627094E2,8.667000771E0,7.996950150E0,-5.835000515E0
3.181651530E2,7.659000397E0,8.281949997E0,-6.001050472E0
3.181675964E2,1.036050081E0,8.643000603E0,-2.059950113E0
3.181700401E2,-4.759500325E-1,7.762050152E0,2.926950216E0
3.181724838E2,4.393050194E0,6.103050232E0,-6.000000238E-2
3.181749274E2,8.824950218E0,4.803000450E0,-8.104949951E0
3.181773709E2,4.563000202E0,5.380050182E0,-1.077705097E1
3.181798145E2,-1.339500099E-1,6.412050247E0,-6.490950108E0
3.181822582E2,-1.611000061E0,8.657999992E0,1.348950028E0
3.181847017E2,7.960500121E-1,9.781050682E0,4.204950333E0
3.181871453E2,4.732950211E0,1.047705078E1,2.481000185E0
3.181895890E2,6.073050499E0,8.659950256E0,-2.574000120E0
3.181920324E2,1.596000075E0,8.737050056E0,-2.437950134E0
3.181944760E2,2.167950153E0,8.634000778E0,-1.645050049E0
3.181969197E2,6.970950127E0,7.969950199E0,-6.511050224E0
3.181993632E2,7.390050411E0,1.051800060E1,-9.131999969E0
3.182018069E2,4.783050060E0,1.114095020E1,-6.726000309E0
3.182042505E2,5.137050152E0,1.101105022E1,-3.015000105E0
3.182066942E2,6.121050358E0,1.178505039E1,-5.254050255E0
3.182091377E2,6.234000206E0,1.068300056E1,-5.316000462E0
3.182115813E2,3.037950039E0,1.006500053E1,-4.645050049E0
3.182140250E2,1.816050053E0,1.073100090E1,-1.906050086E0
3.182164684E2,5.128050327E0,1.008900070E1,-2.541000128E0
3.182189120E2,7.359000206E0,1.054905033E1,-7.485000134E0
3.182213557E2,3.922950268E0,1.106595039E1,-7.051950455E0
3.182237992E2,8.320500255E-1,1.207695103E1,-9.900000691E-2
3.182262428E2,2.041949987E0,1.311300087E1,2.500950098E0
3.182286865E2,2.482050180E0,1.324500084E1,1.210050106E0
3.182311302E2,2.848050117E0,9.721050262E0,-2.433000088E0
3.182335736E2,2.131950140E0,5.743950367E0,-4.966050148E0
3.182360173E2,1.560000062E0,4.065000057E0,-4.152000427E0
3.182384610E2,6.588000298E0,4.645050049E0,-6.439050198E0
3.182409044E2,1.029000092E1,3.898050070E0,-1.024095058E1
3.182433480E2,7.435950279E0,5.502000332E0,-1.183800030E1
3.182457917E2,4.038000107E0,8.434950829E0,-6.019950390E0
3.182482352E2,5.089050293E0,8.140049934E0,-3.688050270E0
3.182506788E2,4.243950367E0,7.068000317E0,-3.726000071E0
3.182531225E2,-1.600500047E-1,6.973950386E0,4.650000334E-1
3.182555662E2,-9.120000601E-1,4.858050346E0,5.050050259E0
3.182580096E2,5.415000439E0,3.807000160E0,1.999950051E0
3.182604533E2,1.056495094E1,2.229000092E0,-4.465950012E0
3.182628970E2,5.824050426E0,1.896000147E0,-6.658950329E0
3.182653404E2,-2.490000129E-1,6.522000313E0,-3.673050165E0
3.182677840E2,8.899500370E-1,8.386950493E0,1.252950072E0
3.182702277E2,5.077050209E0,8.490000725E0,-1.995000057E-2
3.182726712E2,3.483000278E0,1.006500053E1,-1.513950109E0
3.182751149E2,-5.149500370E-1,9.268050194E0,6.499500275E-1
3.182775585E2,-5.890500546E-1,5.433000088E0,2.599500120E-1
3.182800020E2,5.275950432E0,8.824950218E0,-2.673000097E0
3.182824456E2,9.921000481E0,7.671000481E0,-8.922000885E0
3.182848893E2,8.020050049E0,7.129950523E0,-1.342305088E1
3.182873327E2,4.606050014E0,1.046805096E1,-1.048500061E1
3.182897764E2,7.170000553E0,1.285695076E1,-7.027950287E0
3.182922200E2,5.893950462E0,1.219605064E1,-7.204950333E0
3.182946637E2,8.590500355E-1,1.141305065E1,-2.127000093E0
3.182971072E2,-1.080000028E-1,9.574950218E0,2.754000187E0
3.182995509E2,2.403000116E0,8.386950493E0,1.174050093E0
3.183019945E2,7.735050201E0,7.525050163E0,-4.585950375E0
3.183044380E2,5.743050098E0,5.800950050E0,-6.727950096E0
3.183068817E2,1.716000080E0,8.670000076E0,-3.297000170E0
3.183093253E2,2.220000178E-1,1.208400059E1,1.441950083E0
3.183117688E2,1.492950082E0,1.420500088E1,-5.059500337E-1
3.183142125E2,3.100050211E0,1.382700062E1,-1.261950016E0
3.183166561E2,2.592000008E0,1.110495090E1,-3.132000208E0
3.183190995E2,1.342050076E0,9.273000717E0,-8.820000291E-1
3.183215432E2,4.117050171E0,7.848000526E0,5.299500227E-1
3.183239869E2,7.915050507E0,8.416049957E0,-6.493950367E0
3.183264305E2,9.105000496E0,7.492050171E0,-1.083705044E1
3.183288740E2,5.190000057E0,1.015200043E1,-1.047105026E1
3.183313177E2,6.931050301E0,1.038405037E1,-7.984950542E0
3.183337613E2,6.784950256E0,9.520050049E0,-9.718950272E0
3.183362048E2,2.395950079E0,8.350950241E0,-6.244950294E0
3.183386485E2,1.033950090E0,6.936000347E0,5.989500284E-1
3.183410921E2,3.504000187E0,6.217950344E0,4.870500267E-1
3.183435355E2,6.346050262E0,5.184000015E0,-4.363049984E0
3.183459792E2,5.643000126E0,1.882050037E0,-5.361000061E0
3.183484228E2,9.379500151E-1,3.988950253E0,-9.990000725E-1
3.183508663E2,-4.690500200E-1,8.361000061E0,2.596050024E0
3.183533100E2,2.049000025E0,9.237000465E0,2.050050020E0
3.183557537E2,3.555000067E0,7.639950275E0,-1.795950055E0
3.183581971E2,7.095000148E-2,7.180050373E0,-1.341000080E0
3.183606408E2,8.560500145E-1,5.835000515E0,6.900000572E-1
3.183630845E2,7.648950577E0,6.502950191E0,-2.098050117E0
3.183655281E2,1.076595020E1,4.804950237E0,-8.586000443E0
3.183679715E2,4.939050198E0,5.368050098E0,-9.250050545E0
3.183704152E2,3.037950039E0,7.915050507E0,-4.887000084E0
3.183728588E2,8.580000877E0,8.629050255E0,-7.096950531E0
3.183753023E2,5.767050266E0,7.357950211E0,-1.049895096E1
3.183777460E2,-1.029000044E0,8.662050247E0,-5.413950443E0
3.183801896E2,2.029500157E-1,7.225950241E0,9.199500680E-1
3.183826333E2,6.118950367E0,6.855000496E0,1.129500046E-1
3.183850768E2,1.101300049E1,5.286000252E0,-7.075950146E0
3.183875205E2,4.006950378E0,4.093950272E0,-4.516050339E0
3.183899641E2,3.510000110E-1,7.104000568E0,1.165050030E0
3.183924076E2,-1.015050054E0,1.322100067E1,2.941050053E0
3.183948512E2,1.189050078E0,1.151400089E1,5.040000081E-1
3.183972949E2,2.197050095E0,1.082700062E1,-4.693050385E0
3.183997386E2,3.030000031E-1,9.400050163E0,-3.541950226E0
3.184021820E2,1.587000132E0,8.362950325E0,4.009500146E-1
3.184046256E2,4.492950439E0,9.747000694E0,-2.881050110E0
3.184070693E2,8.877000809E0,8.381999969E0,-6.718950272E0
3.184095128E2,8.791049957E0,7.393050194E0,-7.569000244E0
3.184119564E2,6.730050087E0,1.054905033E1,-6.478950500E0
3.184144001E2,8.722050667E0,1.067100048E1,-9.874950409E0
3.184168436E2,4.122000217E0,1.112595081E1,-9.232950211E0
3.184192872E2,3.390000165E-1,7.654050350E0,-3.889050245E0
3.184217309E2,1.468950033E0,7.663950443E0,5.110500455E-1
3.184241746E2,7.896000385E0,7.261950493E0,-2.809050083E0
3.184266180E2,8.583000183E0,3.747000217E0,-8.637000084E0
3.184290616E2,2.713950157E0,3.405000210E0,-4.801050186E0
3.184315053E2,1.906950116E0,5.743950367E0,1.315050006E0
3.184339488E2,1.024049997E0,1.411905098E1,2.838000059E0
3.184363924E2,9.190500379E-1,9.201000214E0,3.720000088E-1
3.184388361E2,1.648950100E0,8.032950401E0,-3.412050247E0
3.184412796E2,-3.450000286E-1,7.537050247E0,-2.146050215E0
3.184437232E2,4.492950439E0,6.306000233E0,-3.724050283E0
3.184461669E2,1.035405064E1,5.935050488E0,-6.016950130E0
3.184486106E2,9.519000053E0,4.674000263E0,-7.566000462E0
3.184510540E2,3.910950184E0,7.354950428E0,-2.365950108E0
3.184534976E2,6.117000103E0,9.481050491E0,-2.203050137E0
3.184559413E2,8.085000038E0,9.211050034E0,-9.274050713E0
3.184583848E2,2.173050165E0,8.860950470E0,-1.082700062E1
3.184608284E2,-1.372050047E0,7.863000393E0,-4.143000126E0
3.184632721E2,3.042000055E0,7.645050526E0,-9.030000567E-1
3.184657156E2,9.141000748E0,6.145950317E0,-4.744050026E0
3.184681592E2,6.166950226E0,2.358000040E0,-5.364000320E0
3.184706029E2,1.596000075E0,4.930050373E0,2.448000193E0
3.184730463E2,7.750500441E-1,1.034295082E1,5.251950264E0
3.184754899E2,1.048050046E0,1.341705036E1,9.970500469E-1
3.184779336E2,2.965950251E0,1.216005039E1,-2.931000233E0
3.184803771E2,6.049500108E-1,1.018500042E1,-5.598000050E0
3.184828208E2,7.990500331E-1,9.385950089E0,-2.608050108E0
3.184852644E2,3.166950226E0,1.015395069E1,-3.220950127E0
3.184877081E2,7.933950424E0,9.364050865E0,-6.136950493E0
3.184901515E2,7.996050358E0,7.513050556E0,-5.686950207E0
3.184925951E2,8.053950310E0,9.438000679E0,-2.919000149E0
3.184950388E2,1.111305046E1,1.259400082E1,-9.592050552E0
3.184974823E2,4.809000015E0,1.222305012E1,-9.642000198E0
3.184999259E2,4.759500325E-1,1.076205063E1,-4.099050045E0
3.185023696E2,-6.559500098E-1,9.570000648E0,6.040500402E-1
3.185048131E2,3.490050077E0,1.153995037E1,-2.167050123E0
3.185072567E2,6.627000332E0,7.092000484E0,-6.874050140E0
3.185097004E2,3.058950186E0,3.666000128E0,-3.787950277E0
3.185121441E2,2.668950081E0,6.618000507E0,1.761000037E0
3.185145875E2,3.427950144E0,1.402995110E1,2.665950060E0
3.185170311E2,1.939050078E0,1.270605087E1,2.070000172E0
3.185194748E2,1.636950135E0,8.706000328E0,9.300000668E-1
3.185219183E2,-1.377000093E0,8.476050377E0,1.950000077E-1
3.185243619E2,2.479950190E0,8.977950096E0,-1.368000031E0
3.185268056E2,8.416950226E0,6.393000126E0,-9.894000053E0
3.185292491E2,1.026600075E1,3.730050087E0,-1.220400047E1
3.185316928E2,4.117050171E0,6.388050079E0,-6.439050198E0
3.185341364E2,6.720000267E0,9.559950829E0,-2.890050173E0
3.185365799E2,6.769950390E0,8.401050568E0,-8.797050476E0
3.185390235E2,1.198950052E0,8.326950073E0,-8.215050697E0
3.185414672E2,-1.575000048E0,5.617050171E0,-3.052950144E0
3.185439109E2,1.681950092E0,7.396050453E0,-2.574000120E0
3.185463543E2,6.643050194E0,4.558950424E0,-7.090050220E0
3.185487979E2,3.571050167E0,1.314000010E0,-2.695950031E0
3.185512416E2,4.090500176E-1,1.923000097E0,6.208950520E0
3.185536851E2,1.408950090E0,5.550000191E0,4.396950245E0
3.185561288E2,4.405050278E0,8.559000015E0,1.275000095E0
3.185585724E2,3.090000153E0,7.072950363E0,-1.570950031E0
3.185610159E2,-3.010500073E-1,1.014705086E1,1.207950115E0
3.185634596E2,3.114000082E0,7.578000546E0,-2.371050119E0
3.185659032E2,8.901000023E0,7.923000336E0,-1.019295025E1
3.185683466E2,9.286950111E0,4.510950089E0,-1.066200066E1
3.185707903E2,5.860050201E0,5.530950069E0,-6.855000496E0
3.185732340E2,5.527950287E0,8.370000839E0,-2.349000216E0
3.185756776E2,8.662050247E0,8.337000847E0,-7.863000393E0
3.185781211E2,3.682050228E0,6.309000492E0,-9.274050713E0
3.185805648E2,7.270500064E-1,8.440050125E0,-4.714950085E0
3.185830084E2,4.498050213E0,1.008000088E1,-5.086050034E0
3.185854519E2,8.880000114E0,9.963000298E0,-6.903000355E0
3.185878956E2,4.002000332E0,4.197000027E0,-6.166050434E0
3.185903392E2,6.769500375E-1,3.700950146E0,1.117050052E0
3.185927826E2,3.214950085E0,8.041950226E0,2.617950201E0
3.185952263E2,2.815050125E0,1.460700035E1,1.180950046E0
3.185976699E2,1.594050050E0,9.726000786E0,-1.279050112E0
3.186001136E2,-3.970500231E-1,8.109000206E0,-9.630000591E-1
3.186025571E2,-8.980500698E-1,1.103805065E1,5.040000081E-1
3.186050007E2,3.910950184E0,1.046295071E1,-5.158050060E0
3.186074442E2,5.683050156E0,8.563950539E0,-8.802000046E0
3.186098879E2,7.162950516E0,6.661050320E0,-6.939000130E0
3.186123316E2,7.941000462E0,9.747000694E0,-4.083000183E0
3.186147752E2,9.615000725E0,1.065195084E1,-7.735950470E0
3.186172186E2,4.311000347E0,8.406000137E0,-9.333000183E0
3.186196623E2,6.550500393E-1,1.007295036E1,-2.839950085E0
3.186221059E2,1.498050094E0,9.982050896E0,-1.600050092E0
3.186245494E2,8.614050865E0,1.024500084E1,-8.152950287E0
3.186269931E2,6.211950302E0,4.609050274E0,-8.989050865E0
3.186294367E2,2.827050209E0,4.185000420E0,-3.585000277E0
3.186318802E2,5.278950214E0,8.416049957E0,8.340000510E-1
3.186343239E2,6.940050125E0,1.372605038E1,-4.170000255E-1
3.186367676E2,4.903050423E0,1.198095036E1,-3.843000174E0
3.186392112E2,1.168050051E0,9.673050880E0,-1.039950013E0
3.186416546E2,-1.063050032E0,1.147800064E1,-2.742000103E0
3.186440983E2,6.852000237E0,9.232050896E0,-1.262595081E1
3.186465419E2,9.327000618E0,7.128000259E0,-1.659794998E1
3.186489854E2,4.732950211E0,7.483950138E0,-1.028205013E1
3.186514291E2,7.206000328E0,8.071050644E0,-1.690950036E0
3.186538727E2,8.723999977E0,9.850050926E0,-2.377950191E0
3.186563162E2,2.359950066E0,8.988000870E0,-4.993050098E0
3.186587599E2,-5.670000315E-1,8.782050133E0,-9.919500351E-1
3.186612036E2,2.584950209E0,9.586950302E0,-2.644050121E0
3.186636472E2,7.819050312E0,7.966050148E0,-7.975950241E0
3.186660907E2,3.978000164E0,5.539950371E0,-5.088000298E0
3.186685343E2,5.209500194E-1,4.744950294E0,2.706000090E0
3.186709780E2,1.438050032E0,8.385000229E0,1.678950071E0
3.186734214E2,2.009999990E0,1.265595055E1,9.469500184E-1
3.186758651E2,2.623050213E0,1.285995102E1,-3.169500232E-1
3.186783087E2,1.852050066E0,9.771000862E0,-3.019500077E-1
3.186807522E2,-2.560500205E-1,1.094895077E1,-1.225950003E0
3.186831959E2,5.895000324E-2,1.414995098E1,1.660500020E-1
3.186856395E2,1.479000092E0,1.043700027E1,2.596050024E0
3.186880830E2,1.551000118E0,8.466000557E0,2.425950050E0
3.186905266E2,6.643050194E0,1.057995033E1,6.640500426E-1
3.186929703E2,1.538505077E1,1.079595089E1,-1.472505093E1
3.186954140E2,8.974950790E0,6.682050228E0,-2.131695175E1
3.186978574E2,1.186950088E0,8.619000435E0,-1.149495029E1
3.187003011E2,2.578050137E0,9.574950218E0,-2.371050119E0
3.187027447E2,4.843050003E0,1.225605011E1,-7.005000114E-2
3.187051882E2,1.381050110E0,6.180000305E0,3.600000143E-1
3.187076319E2,-3.600000218E-2,1.147050023E0,3.664050102E0
3.187100755E2,6.148050308E0,3.958050251E0,-8.550000191E-1
3.187125192E2,6.907050133E0,1.168905067E1,-4.909050465E0
3.187149626E2,4.564949989E0,7.483950138E0,-6.304950237E0
3.187174063E2,5.310000181E-1,7.563000202E0,-3.205950260E0
3.187198500E2,4.540500343E-1,1.116900063E1,-1.990050077E0
3.187222934E2,4.945950031E0,9.199050903E0,-7.878000259E0
3.187247370E2,7.069950104E0,8.326950073E0,-1.079895020E1
3.187271807E2,5.971050262E0,7.504050255E0,-6.432000160E0
3.187296242E2,6.945000172E0,7.981950283E0,-4.401000023E0
3.187320679E2,5.887050152E0,7.659000397E0,-7.357950211E0
3.187345115E2,1.504950047E0,6.262950420E0,-5.839950085E0
3.187369552E2,2.122950077E0,5.794050217E0,-2.293950081E0
3.187393986E2,8.728950500E0,6.460050106E0,-4.399050236E0
3.187418423E2,8.580000877E0,5.883000374E0,-9.052950859E0
3.187442860E2,8.640000224E-1,3.562950134E0,-6.343050480E0
3.187467294E2,-4.789500237E-1,4.357950211E0,4.290000200E-1
3.187491730E2,4.524000168E0,7.033950329E0,1.867950082E0
3.187516167E2,5.889000416E0,9.460050583E0,-2.875950098E0
3.187540602E2,6.120000482E-1,7.875000477E0,-3.208950043E0
3.187565038E2,-2.370000124E0,9.025950432E0,2.505000114E0
3.187589475E2,4.744950294E0,8.827950478E0,-2.979000092E0
3.187613910E2,9.258000374E0,8.955000877E0,-9.700050354E0
3.187638346E2,4.821000099E0,7.408050537E0,-9.190050125E0
3.187662782E2,2.736000061E0,8.623950005E0,-4.918050289E0
3.187687217E2,4.675050259E0,8.422950745E0,-3.276000261E0
3.187711654E2,3.291000128E0,7.900950432E0,-5.203050137E0
3.187736090E2,4.849500358E-1,5.547000408E0,-7.069500089E-1
3.187760527E2,2.530499995E-1,6.076950073E0,8.509500623E-1
3.187784962E2,4.546050072E0,9.301950455E0,-4.839000225E0
3.187809398E2,5.647050381E0,8.883000374E0,-8.067000389E0
3.187833835E2,1.837950110E0,3.955050230E0,-3.312000275E0
3.187858269E2,1.524000049E0,4.891050339E0,-5.100000501E-1
3.187882706E2,5.113050461E0,1.227795029E1,-1.192950010E0
3.187907143E2,3.535950184E0,1.261995029E1,3.670500219E-1
3.187931579E2,1.366050124E0,5.902050495E0,1.119000077E0
3.187956014E2,-5.860500336E-1,6.904950142E0,-4.530000091E-1
3.187980450E2,3.021000147E0,1.464105034E1,2.050050020E0
3.188004887E2,4.606050014E0,7.968000412E0,-8.926050186E0
3.188029322E2,7.687050343E0,6.151050091E0,-1.099695015E1
3.188053758E2,8.950950623E0,9.046050072E0,-1.193400097E1
3.188078195E2,6.277050495E0,9.010050774E0,-1.086300087E1
3.188102629E2,2.295000106E-2,7.039050102E0,-7.657050133E0
3.188127066E2,-1.657050133E0,5.461050034E0,2.310000062E-1
3.188151503E2,2.773950100E0,6.505050182E0,1.380000114E0
3.188175937E2,1.009800053E1,7.285950184E0,-7.308000565E0
3.188200373E2,5.113050461E0,3.510000229E0,-8.814000130E0
3.188224810E2,1.500000060E-1,3.799950123E0,-7.039500475E-1
3.188249245E2,1.741950035E0,6.478950500E0,3.883950233E0
3.188273682E2,3.921000242E0,8.635950089E0,-8.205000311E-2
3.188298118E2,1.414050102E0,8.044950485E0,-1.675950050E0
3.188322555E2,-1.374000072E0,7.896000385E0,3.235950232E0
3.188346989E2,3.322050095E0,8.344050407E0,-5.220000148E-1
3.188371426E2,1.048395061E1,7.204050541E0,-7.677000523E0
3.188395862E2,6.849000454E0,6.907050133E0,-9.328950882E0
3.188420297E2,4.729950428E0,8.617050171E0,-6.154050350E0
3.188444733E2,5.176050186E0,9.064949989E0,-4.156949997E0
3.188469170E2,1.759050131E0,8.145000458E0,-3.621000290E0
3.188493607E2,-7.905000448E-2,6.168000221E0,-1.102050066E0
3.188518042E2,1.725000024E0,3.405000210E0,-1.237950087E0
3.188542478E2,7.765950203E0,6.709050179E0,-8.224950790E0
3.188566912E2,7.663050175E0,6.316050529E0,-1.125600052E1
3.188591349E2,1.213050008E0,4.108950138E0,-3.919950247E0
3.188615786E2,8.280000687E-1,4.516050339E0,3.100500107E-1
3.188640222E2,4.654050350E0,1.270200062E1,-4.429500103E-1
3.188664657E2,2.812050104E0,1.123200035E1,-1.780500114E-1
3.188689093E2,9.139500260E-1,8.599950790E0,1.597950101E0
3.188713530E2,-1.993950129E0,9.538950920E0,6.619500518E-1
3.188737965E2,4.009500146E-1,1.030995083E1,1.525950074E0
3.188762401E2,3.210000038E0,8.887950897E0,-6.384000301E0
3.188786838E2,9.361050606E0,6.088950157E0,-8.701050758E0
3.188811272E2,9.808950424E0,6.843000412E0,-1.005195045E1
3.188835709E2,4.965000153E0,8.325000763E0,-1.117200089E1
3.188860145E2,-1.321050048E0,7.360050201E0,-6.919950485E0
3.188884582E2,-1.426950097E0,5.683950424E0,2.700000070E-2
3.188909017E2,2.266950130E0,8.506950378E0,5.130000114E-1
3.188933453E2,8.185050011E0,8.557050705E0,-4.176000118E0
3.188957888E2,4.210950375E0,4.273950100E0,-5.862000465E0
3.188982325E2,1.596000075E0,3.871050119E0,4.459500313E-1
3.189006762E2,5.326050282E0,7.159050465E0,9.900000691E-2
3.189031198E2,6.294000149E0,1.003695011E1,-4.180950165E0
3.189055632E2,2.329050064E0,8.646000862E0,-4.485000134E0
3.189080069E2,-8.209500313E-1,8.173950195E0,-3.550500274E-1
3.189104505E2,2.793000221E0,9.079050064E0,-2.440050125E0
3.189128940E2,8.062950134E0,8.430000305E0,-9.301950455E0
3.189153377E2,6.034950256E0,6.352050304E0,-1.045905018E1
3.189177813E2,7.278000355E0,7.693050385E0,-6.616050243E0
3.189202250E2,8.841000557E0,8.539950371E0,-6.076950073E0
3.189226684E2,2.014950037E0,8.281949997E0,-5.589000225E0
3.189251121E2,-1.270950079E0,7.075050354E0,6.599999964E-2
3.189275558E2,3.471000195E0,6.345000267E0,-1.800000072E-1
3.189299992E2,9.418050766E0,8.410950661E0,-8.605950356E0
3.189324429E2,3.034950256E0,7.666050434E0,-9.895950317E0
3.189348865E2,-1.330950022E0,5.173950195E0,-1.578000069E0
3.189373300E2,4.900500178E-1,6.586950302E0,2.104950190E0
3.189397737E2,4.507950306E0,1.071195030E1,-3.280500174E-1
3.189422173E2,4.408950329E0,9.484050751E0,-4.102050304E0
3.189446608E2,7.605000585E-2,9.096000671E0,6.349500418E-1
3.189471045E2,1.540950060E0,9.117000580E0,6.000000052E-3
3.189495481E2,7.146000385E0,1.069995022E1,-6.312000275E0
3.189519915E2,6.627000332E0,9.310950279E0,-9.465000153E0
3.189544352E2,7.018950462E0,8.085000038E0,-8.473950386E0
3.189568788E2,9.343950272E0,9.109950066E0,-8.199000359E0
3.189593225E2,3.514050245E0,9.117000580E0,-7.416000366E0
3.189617660E2,-6.700500250E-1,7.606950283E0,-1.954050064E0
3.189642097E2,8.850000501E-1,6.310950279E0,1.366050124E0
3.189666533E2,7.177050114E0,7.302000523E0,-5.277000427E0
3.189690968E2,7.132050514E0,6.955050468E0,-9.352950096E0
3.189715405E2,1.450050116E0,4.080000401E0,-4.435050011E0
3.189739841E2,2.266950130E0,3.322950125E0,1.999500096E-1
3.189764278E2,7.303950310E0,9.144000053E0,-4.270500243E-1
3.189788712E2,4.093050003E0,8.524050713E0,-4.090050220E0
3.189813149E2,-9.000000544E-3,8.101950645E0,1.300500035E-1
3.189837583E2,-1.210950017E0,8.171999931E0,2.356950045E0
3.189862020E2,6.709950447E0,7.711950302E0,-5.838000298E0
3.189886457E2,9.054000854E0,8.164050102E0,-1.295400047E1
3.189910893E2,5.803050041E0,6.529050350E0,-9.799950600E0
3.189935328E2,9.900000572E0,7.756950378E0,-5.035950184E0
3.189959765E2,7.363950253E0,7.164000511E0,-5.529000282E0
3.189984201E2,-1.089000106E0,9.321000099E0,1.005000062E-2
3.190008638E2,1.279500127E-1,7.839000225E0,2.965050220E0
3.190033072E2,6.916050434E0,8.072999954E0,-3.886050224E0
3.190057509E2,8.947050095E0,8.731950760E0,-1.284300041E1
3.190081943E2,2.640000105E0,5.677050114E0,-7.131000519E0
3.190106380E2,4.900500178E-1,4.081950188E0,-5.850000381E-1
3.190130816E2,6.042000294E0,8.955000877E0,-2.020950079E0
3.190155253E2,5.989950180E0,1.305405045E1,-2.821050167E0
3.190179688E2,2.037000179E0,8.832000732E0,-6.850500107E-1
3.190204125E2,7.459500432E-1,9.121950150E0,2.247000217E0
3.190228561E2,3.955050230E0,1.251195049E1,-2.746950150E0
3.190252995E2,5.671050072E0,1.208595085E1,-8.256000519E0
3.190277432E2,5.319000244E0,9.177000046E0,-1.049505043E1
3.190301869E2,8.370000839E0,9.157950401E0,-9.961050034E0
3.190326303E2,6.454050541E0,9.760950089E0,-9.649050713E0
3.190350740E2,4.519500136E-1,8.701050758E0,-5.859000206E0
3.190375176E2,-1.270500124E-1,6.180000305E0,-1.060500070E-1
3.190399613E2,4.522050381E0,6.667950153E0,4.605000094E-2
3.190424048E2,8.632950783E0,7.480050564E0,-6.192000389E0
3.190448484E2,3.969000101E0,4.975050449E0,-4.642950058E0
3.190472921E2,1.065000057E0,3.820950270E0,-1.200000048E-1
3.190497356E2,5.470050335E0,7.204050541E0,-6.589500308E-1
3.190521792E2,5.266950130E0,9.283050537E0,-4.392000198E0
3.190546229E2,4.159500301E-1,8.350950241E0,-3.714000225E0
3.190570663E2,-1.147050023E0,7.417050362E0,1.399050117E0
3.190595100E2,4.680000305E0,8.602950096E0,-1.461000085E0
3.190619536E2,8.677950859E0,8.971050262E0,-8.388000488E0
3.190643973E2,5.299950123E0,8.293950081E0,-7.759950161E0
3.190668408E2,7.038000107E0,8.224050522E0,-5.716050148E0
3.190692844E2,7.234950542E0,7.846050262E0,-6.925050259E0
3.190717281E2,-3.450000286E-1,9.318000793E0,-5.464050293E0
3.190741716E2,-2.032950163E0,6.847950459E0,-7.380000353E-1
3.190766152E2,1.675050020E0,6.297000408E0,-2.361000061E0
3.190790589E2,7.309050560E0,7.075050354E0,-7.923000336E0
3.190815026E2,5.274000168E0,5.221950054E0,-7.629000187E0
3.190839459E2,1.165050030E0,2.578950167E0,-7.309500575E-1
3.190863896E2,3.781950235E0,4.810050011E0,5.730000138E-1
3.190888333E2,7.230000496E0,9.903000832E0,-2.116950035E0
3.190912768E2,2.745000124E0,7.483950138E0,-2.275050163E0
3.190937204E2,-9.139500260E-1,8.052000046E0,2.683050156E0
3.190961641E2,8.059500456E-1,9.782999992E0,3.240000010E-1
3.190986076E2,6.801000118E0,8.782050133E0,-9.622950554E0
3.191010512E2,5.439000130E0,8.956950188E0,-1.042005062E1
3.191034949E2,6.904050350E0,7.534950256E0,-8.539050102E0
3.191059383E2,8.643000603E0,6.831000328E0,-7.726950169E0
3.191083820E2,8.250000477E-1,7.765050411E0,-4.035000324E0
3.191108256E2,-1.840500087E-1,6.778050423E0,2.922000170E0
3.191132693E2,5.515950203E0,6.297000408E0,-1.039950013E0
3.191157128E2,8.479949951E0,7.072950363E0,-7.435050488E0
3.191181564E2,2.242950201E0,6.013950348E0,-7.168950558E0
3.191206001E2,-4.360500276E-1,4.413000107E0,-3.070500195E-1
3.191230436E2,3.097050190E0,6.354000092E0,2.860500216E-1
3.191254872E2,5.431950092E0,1.044105053E1,-3.241950035E0
3.191279309E2,1.396950126E0,7.498950481E0,-1.846050143E0
3.191303744E2,-8.710500598E-1,7.626000404E0,2.167950153E0
3.191328180E2,2.614050150E0,7.935000420E0,1.098000050E0
3.191352616E2,8.899050713E0,9.610950470E0,-8.055000305E0
3.191377051E2,5.401050091E0,7.579950333E0,-9.039000511E0
3.191401488E2,6.327000141E0,9.919050217E0,-7.789050579E0
3.191425924E2,7.941000462E0,8.272050858E0,-8.164950371E0
3.191450361E2,1.147950053E0,8.767950058E0,-3.592050076E0
3.191474796E2,-2.028000116E0,5.916000366E0,2.932050228E0
3.191499232E2,1.599000096E0,5.016000271E0,6.979500055E-1
3.191523669E2,8.314949989E0,5.020950317E0,-6.642000198E0
3.191548103E2,4.693950176E0,3.816000223E0,-6.979950428E0
3.191572540E2,1.582050085E0,3.376050234E0,7.120500207E-1
3.191596976E2,3.964050293E0,5.940000057E0,2.191950083E0
3.191621411E2,5.767050266E0,1.155000019E1,-1.099050045E0
3.191645847E2,2.212050200E0,9.334950447E0,-1.005000062E-2
3.191670284E2,-5.310000181E-1,1.026705074E1,9.229500294E-1
3.191694718E2,-1.314000010E0,1.044600010E1,7.579500079E-1
3.191719155E2,4.441050053E0,1.081995010E1,-4.669050217E0
3.191743592E2,4.945950031E0,9.406949997E0,-9.762000084E0
3.191768028E2,9.121050835E0,7.590000153E0,-1.098105049E1
3.191792463E2,8.863050461E0,7.288050175E0,-1.092795086E1
3.191816899E2,1.230000019E0,8.338950157E0,-7.279050350E0
3.191841336E2,-5.910000205E-1,7.312050343E0,-1.621050119E0
3.191865771E2,2.695050240E0,8.518950462E0,-2.779500186E-1
3.191890208E2,7.462050438E0,7.932000160E0,-5.673000336E0
3.191914644E2,2.725950241E0,5.076000214E0,-6.003000259E0
3.191939081E2,6.910500526E-1,4.140000343E0,-5.389500260E-1
3.191963515E2,5.073000431E0,6.019050121E0,-5.419500470E-1
3.191987952E2,5.724000454E0,8.677050591E0,-3.522000074E0
3.192012389E2,5.569500327E-1,7.276050568E0,-1.513950109E0
3.192036823E2,-4.380000234E-1,7.104000568E0,2.371050119E0
3.192061259E2,5.520000458E0,7.810050488E0,-2.368050098E0
3.192085696E2,7.567950249E0,7.860000610E0,-1.009500027E1
3.192110131E2,3.516000271E0,8.938050270E0,-7.522950172E0
3.192134567E2,7.261050224E0,8.278950691E0,-5.943000317E0
3.192159004E2,7.831050396E0,6.115050316E0,-7.750950336E0
3.192183438E2,-1.195050001E0,7.935000420E0,-2.742000103E0
3.192207875E2,-7.639500499E-1,5.358000278E0,3.324000120E0
3.192232312E2,7.029000282E0,5.539950371E0,-3.372000217E0
3.192256746E2,7.492950439E0,5.916000366E0,-1.048695087E1
3.192281183E2,3.630000055E-1,6.028950214E0,-3.988950253E0
3.192305619E2,-4.995000362E-2,3.667950153E0,3.472950220E0
3.192330056E2,4.903050423E0,8.083050728E0,-1.560000032E-1
3.192354491E2,5.382000446E0,1.110495090E1,-4.140000343E0
3.192378927E2,1.338000059E0,8.401050568E0,-6.229500175E-1
3.192403364E2,-6.700500250E-1,9.163050652E0,1.339050055E0
3.192427798E2,3.058950186E0,1.012500095E1,-3.265950203E0
3.192452234E2,5.082000256E0,1.169805050E1,-7.861050606E0
3.192476671E2,6.279000282E0,9.675000191E0,-7.600050449E0
3.192501108E2,9.739050865E0,9.237000465E0,-7.875000477E0
3.192525543E2,6.145050526E0,9.121950150E0,-1.096605015E1
3.192549979E2,2.295000106E-2,9.426000595E0,-3.513000250E0
3.192574414E2,-3.010500073E-1,7.662000179E0,1.588050127E0
3.192598850E2,6.001950264E0,1.036695004E1,-1.830000043E0
3.192623287E2,5.626050472E0,7.803000450E0,-6.915000439E0
3.192647724E2,9.979500771E-1,7.326000214E0,-3.034050226E0
3.192672158E2,2.287950039E0,5.488050461E0,-4.120500088E-1
3.192696595E2,5.547000408E0,1.002195072E1,-1.561950088E0
3.192721031E2,3.531000137E0,1.131105042E1,-3.811950207E0
3.192745466E2,2.220000178E-1,8.381999969E0,-4.030500054E-1
3.192769903E2,1.879050136E0,9.699000359E0,8.269500136E-1
3.192794339E2,5.671050072E0,1.014900017E1,-4.156949997E0
3.192818774E2,5.761950493E0,8.629050255E0,-8.050050735E0
3.192843211E2,6.330000401E0,8.245950699E0,-7.336950302E0
3.192867647E2,1.010295010E1,7.920000553E0,-8.455050468E0
3.192892084E2,5.532000065E0,6.991050243E0,-7.858950138E0
3.192916518E2,-1.909500062E-1,8.167050362E0,4.099500179E-1
3.192940954E2,3.013950109E0,6.441000462E0,2.647050142E0
3.192965389E2,8.827050209E0,7.161000252E0,-4.690950394E0
3.192989826E2,3.835050106E0,6.244050503E0,-7.770000458E0
3.193014263E2,-4.069500268E-1,5.047050476E0,-2.098050117E0
3.193038699E2,2.215950012E0,4.908000469E0,5.879999995E-1
3.193063134E2,5.926950455E0,8.904000282E0,-3.091950178E0
3.193087571E2,3.145050049E0,7.981950283E0,-2.431050062E0
3.193112007E2,2.149500102E-1,7.032000542E0,2.203950167E0
3.193136441E2,3.765000105E0,9.421050072E0,1.663050056E0
3.193160878E2,7.350000381E0,8.731950760E0,-6.027000427E0
3.193185314E2,5.017950058E0,8.998050690E0,-9.288000107E0
3.193209752E2,7.005000114E0,9.060000420E0,-9.357000351E0
3.193234186E2,9.025950432E0,7.264050484E0,-1.165800095E1
3.193258623E2,1.476000071E0,8.512050629E0,-7.480050564E0
3.193283059E2,-1.150950074E0,6.582000256E0,2.872050047E0
3.193307494E2,5.026950359E0,6.622950077E0,2.520000219E0
3.193331931E2,9.676950455E0,7.108950138E0,-6.553950310E0
3.193356367E2,1.654050112E0,6.105000496E0,-4.501950264E0
3.193380802E2,4.800000191E-1,4.978050232E0,-5.800500512E-1
3.193405238E2,6.124050140E0,6.723000526E0,-3.136950254E0
3.193429675E2,5.121000290E0,1.027095032E1,-8.116950035E0
3.193454109E2,-9.120000601E-1,8.116950035E0,-1.831950068E0
3.193478546E2,-2.269950151E0,8.719950676E0,4.129050255E0
3.193502982E2,4.981950283E0,8.583000183E0,-1.513950109E0
3.193527417E2,9.526050568E0,9.085950851E0,-8.752050400E0
3.193551854E2,6.255000114E0,8.386950493E0,-7.393950462E0
3.193576290E2,9.555000305E0,8.272050858E0,-7.744050503E0
3.193600727E2,4.792950153E0,8.193000793E0,-7.039950371E0
3.193625162E2,-4.309500158E-1,8.875950813E0,6.190500259E-1
3.193649598E2,7.729500532E-1,7.249950409E0,4.603050232E0
3.193674035E2,7.291950226E0,8.835000038E0,-4.951950073E0
3.193698469E2,6.315000534E0,8.392050743E0,-7.540050507E0
3.193722906E2,1.050000072E0,6.811950207E0,-7.879500389E-1
3.193747342E2,9.550500512E-1,6.019050121E0,1.315050006E0
3.193771777E2,5.350050449E0,1.068795013E1,-2.401950121E0
3.193796214E2,4.599000454E0,1.268700027E1,-4.612050056E0
3.193820650E2,9.589500427E-1,1.012800026E1,-4.360500276E-1
3.193845085E2,1.894950032E0,9.274950027E0,1.489500105E-1
3.193869522E2,5.166000366E0,1.359900093E1,-5.838000298E0
3.193893959E2,5.961000443E0,1.057305050E1,-8.315999985E0
3.193918395E2,7.357050419E0,9.946050644E0,-9.361950874E0
3.193942829E2,8.233050346E0,9.895050049E0,-1.028595066E1
3.193967266E2,3.061050177E0,9.309000015E0,-7.068000317E0
3.193991702E2,1.395000052E-2,6.487950325E0,9.750000238E-1
3.194016137E2,4.435950279E0,7.720950603E0,1.258050084E0
3.194040574E2,7.917000294E0,6.844950199E0,-6.433950424E0
3.194065010E2,3.373050213E0,5.758050442E0,-5.335050106E0
3.194089445E2,2.395950079E0,4.887000084E0,-8.205000311E-2
3.194113882E2,6.994950294E0,6.742050171E0,-1.813050032E0
3.194138319E2,5.358000278E0,9.247050285E0,-5.194050312E0
3.194162755E2,-4.360500276E-1,8.020950317E0,-8.400000632E-2
3.194187190E2,-1.003050089E0,7.888950348E0,3.228000164E0
3.194211627E2,6.961950302E0,7.441050529E0,-4.834950447E0
3.194236063E2,7.849950314E0,6.745050430E0,-1.219200039E1
3.194260497E2,4.171950340E0,7.635000229E0,-8.128950119E0
3.194284934E2,8.965950012E0,6.498000145E0,-6.312000275E0
3.194309371E2,6.187950134E0,3.634050131E0,-7.660050392E0
3.194333807E2,-2.191050053E0,6.132000446E0,6.760500073E-1
3.194358242E2,2.185050011E0,4.638000011E0,6.504000187E0
3.194382678E2,1.090305042E1,4.720950127E0,-4.734000206E0
3.194407115E2,5.793000221E0,3.952950239E0,-1.046400070E1
3.194431550E2,-1.213950038E0,4.543950081E0,-2.340000153E0
3.194455986E2,1.371000051E0,3.819000244E0,1.180500090E-1
3.194480423E2,5.901000500E0,7.051050186E0,-3.826950073E0
3.194504857E2,1.309500039E-1,7.474950314E0,-3.118050098E0
3.194529294E2,-2.851050138E0,7.321950436E0,4.512000084E0
3.194553731E2,2.518050194E0,6.400050163E0,1.165050030E0
3.194578168E2,9.391950607E0,6.796950340E0,-9.046050072E0
3.194602602E2,4.984050274E0,8.193000793E0,-9.999000549E0
3.194627038E2,5.971050262E0,8.398950577E0,-7.237950325E0
3.194651475E2,6.588000298E0,7.378950119E0,-6.910050392E0
3.194675910E2,-5.700000376E-2,8.670000076E0,-4.750500321E-1
3.194700346E2,-1.305000067E0,6.852000237E0,6.472950459E0
3.194724783E2,6.061950207E0,7.717050552E0,-2.224950075E0
3.194749218E2,8.680950165E0,7.302000523E0,-9.913050652E0
3.194773654E2,1.957950115E0,6.784950256E0,-7.083000183E0
3.194798091E2,1.069050074E0,6.496050358E0,-2.923950195E0
3.194822527E2,4.684950352E0,8.690999985E0,-3.727950096E0
3.194846962E2,3.889950275E0,1.115505028E1,-5.373000145E0
3.194871398E2,1.980000138E-1,9.682050705E0,-4.819500148E-1
3.194895835E2,2.158950090E0,1.073100090E1,6.450000405E-1
3.194920270E2,5.275950432E0,1.121505070E1,-2.929050207E0
3.194944706E2,5.578050137E0,9.622950554E0,-5.536050320E0
3.194969143E2,7.246950150E0,9.997950554E0,-8.340000153E0
3.194993577E2,9.483000755E0,9.145950317E0,-1.023795033E1
3.195018014E2,2.467950106E0,8.875950813E0,-6.589950085E0
3.195042450E2,-5.430000424E-1,8.212050438E0,2.959950209E0
3.195066885E2,2.154000044E0,7.461000443E0,3.769950151E0
3.195091321E2,7.987050533E0,9.787950516E0,-5.847000122E0
3.195115758E2,4.102950096E0,7.831950188E0,-5.110050201E0
3.195140195E2,1.668000102E0,7.092000484E0,-9.700500369E-1
3.195164630E2,2.848050117E0,8.260050774E0,-1.063950062E0
3.195189066E2,4.528950214E0,1.201005077E1,-3.786000252E0
3.195213503E2,1.459950089E0,1.153800011E1,-1.222050071E0
3.195237937E2,-1.630500108E-1,1.049400043E1,1.300500035E-1
3.195262374E2,3.061050177E0,1.242105103E1,1.849050045E0
3.195286810E2,4.495950222E0,1.158300018E1,-3.658950090E0
3.195311245E2,8.989950180E0,8.977950096E0,-7.420050144E0
3.195335681E2,1.120395088E1,9.364050865E0,-9.774000168E0
3.195360118E2,5.278950214E0,9.109950066E0,-1.038495064E1
3.195384553E2,1.759500057E-1,8.944950104E0,-3.478950262E0
3.195408990E2,2.973000050E0,7.633050442E0,4.290000200E-1
3.195433426E2,8.434050560E0,8.638050079E0,-7.597950459E0
3.195457863E2,4.705950260E0,6.622950077E0,-1.037505054E1
3.195482297E2,7.849500179E-1,4.822050095E0,-3.532050133E0
3.195506734E2,3.840000153E0,4.290000439E0,-1.819950104E0
3.195531170E2,5.856000423E0,8.787000656E0,-5.325000286E0
3.195555605E2,1.480500102E-1,6.076950073E0,-1.321950078E0
3.195580041E2,-1.666050076E0,4.630050182E0,6.271950245E0
3.195604478E2,2.389050007E0,6.151050091E0,3.388950109E0
3.195628913E2,7.692000389E0,3.961950302E0,-6.144000053E0
3.195653349E2,6.322050095E0,6.208050251E0,-6.072000504E0
3.195677786E2,8.266950607E0,5.571000099E0,-7.024950504E0
3.195702220E2,9.615000725E0,4.080000401E0,-1.245105076E1
3.195726657E2,1.072050095E0,5.863950253E0,-9.319050789E0
3.195751094E2,-1.290000081E-1,5.206950188E0,2.034000158E0
3.195775528E2,7.125000477E0,6.283050060E0,1.531050086E0
3.195799965E2,7.503000259E0,5.356050491E0,-2.287050009E0
3.195824401E2,2.383949995E0,6.747000217E0,3.436950207E0
3.195848838E2,3.187950134E0,7.903050423E0,1.512000084E0
3.195873273E2,5.382000446E0,8.365950584E0,-5.377950191E0
3.195897710E2,2.142000198E0,1.153305054E1,-7.344000340E0
3.195922146E2,5.879999995E-1,1.012095070E1,-9.030000567E-1
3.195946580E2,3.544950247E0,1.044405079E1,-1.771950126E0
3.195971017E2,4.134000301E0,1.335300064E1,-8.244000435E0
3.195995453E2,4.321050167E0,1.275405025E1,-6.304950237E0
3.196019890E2,6.933000565E0,1.108095074E1,-1.009695053E1
3.196044325E2,4.648950100E0,1.057500076E1,-1.127295017E1
3.196068761E2,-1.960500032E-1,1.098000050E1,-3.397950172E0
3.196093198E2,6.000000052E-3,8.020950317E0,3.031950235E0
3.196117632E2,5.500950336E0,1.005795002E1,-8.620500565E-1
3.196142069E2,5.824050426E0,6.898050308E0,-6.561000347E0
3.196166505E2,1.936050057E0,5.626050472E0,-2.028000116E0
3.196190940E2,4.210950375E0,6.472050190E0,2.205000073E-2
3.196215377E2,7.546050549E0,7.414950371E0,-4.192950249E0
3.196239813E2,3.289050102E0,8.614950180E0,-4.222050190E0
3.196264248E2,7.849500179E-1,7.305000305E0,6.550500393E-1
3.196288685E2,2.920050144E0,9.136950493E0,-8.670000434E-1
3.196313121E2,4.989000320E0,7.810050488E0,-4.801050186E0
3.196337556E2,4.812000275E0,7.243050575E0,-5.617050171E0
3.196361992E2,7.773000240E0,8.320050240E0,-5.749050140E0
3.196386429E2,7.060050488E0,7.342950344E0,-7.549950123E0
3.196410866E2,4.399500191E-1,7.993950367E0,-3.108000040E0
3.196435300E2,-2.970000207E-1,7.144050121E0,4.734000206E0
3.196459737E2,5.677950382E0,7.573050499E0,-8.460000157E-1
3.196484173E2,7.054950237E0,8.169000626E0,-8.710950851E0
3.196508608E2,1.692000031E0,7.381050587E0,-4.240950108E0
3.196533045E2,1.419000030E0,7.774050236E0,-7.189500332E-1
3.196557481E2,5.941950321E0,7.729050159E0,-3.883950233E0
3.196581915E2,2.901000023E0,9.928950310E0,-5.746950150E0
3.196606352E2,-3.600000218E-2,8.820000648E0,5.805000290E-2
3.196630788E2,3.484950066E0,9.642000198E0,-7.005000114E-2
3.196655225E2,7.314000130E0,8.815950394E0,-6.798000336E0
3.196679660E2,6.481050491E0,7.987050533E0,-8.365950584E0
3.196704097E2,9.042000771E0,8.160000801E0,-1.078200054E1
3.196728533E2,8.844000816E0,7.044000149E0,-1.523295116E1
3.196752968E2,9.280500412E-1,7.450950146E0,-9.357000351E0
3.196777404E2,-2.011049986E0,5.169000149E0,2.488950014E0
3.196801841E2,4.632000446E0,3.325950146E0,4.384950161E0
3.196826275E2,9.241050720E0,1.915050149E0,-4.261950016E0
3.196850712E2,3.868050098E0,2.302950144E0,-7.519500256E-1
3.196875148E2,4.062000275E0,2.406000137E0,1.132950068E0
3.196899583E2,7.789950371E0,2.715000153E0,-4.875000000E0
3.196924020E2,1.066950083E0,7.276050568E0,-6.640050411E0
3.196948456E2,-3.061950207E0,7.542000294E0,8.100000620E-1
3.196972893E2,-4.810500145E-1,6.613050461E0,3.139950037E0
3.196997328E2,6.349050522E0,5.761050224E0,-4.807950020E0
3.197021764E2,6.073050499E0,7.899000168E0,-4.744050026E0
3.197046201E2,7.504950523E0,7.792950153E0,-4.324950218E0
3.197070635E2,8.178000450E0,6.217950344E0,-8.569950104E0
3.197095072E2,1.066950083E0,7.233000278E0,-5.071950436E0
3.197119508E2,-8.899500370E-1,8.599950790E0,2.493000031E0
3.197143943E2,4.222949982E0,7.365000248E0,-1.660050035E0
3.197168380E2,6.136050224E0,9.273000717E0,-8.491050720E0
3.197192816E2,2.977950096E0,6.910050392E0,-3.465000153E0
3.197217253E2,2.202000141E0,7.935000420E0,-7.695000619E-2
3.197241688E2,4.462050438E0,1.051095009E1,-3.217950106E0
3.197266125E2,3.604950190E0,1.222995090E1,-3.934050083E0
3.197290561E2,1.681950092E0,1.124595070E1,6.900000572E-1
3.197314995E2,9.229500294E-1,1.126305008E1,4.270500243E-1
3.197339432E2,3.700950146E0,1.341495037E1,2.205000073E-2
3.197363868E2,4.977000237E0,1.250805092E1,-5.260950089E0
3.197388303E2,8.271000862E0,1.240905094E1,-9.439050674E0
3.197412740E2,7.030950546E0,1.107105064E1,-1.269495106E1
3.197437176E2,7.960500121E-1,1.112595081E1,-5.959950447E0
3.197461613E2,-1.630500108E-1,8.064000130E0,3.456000090E0
3.197486048E2,3.820050240E0,8.470950127E0,4.320000112E-1
3.197510484E2,6.504000187E0,7.354950428E0,-6.112950325E0
3.197534921E2,2.179949999E0,6.274950504E0,-2.131050110E0
3.197559355E2,4.002000332E0,6.820950508E0,3.499500155E-1
3.197583791E2,6.684000492E0,6.907050133E0,-2.674950123E0
3.197608228E2,2.986950159E0,8.952000618E0,-2.850000143E0
3.197632663E2,1.749000072E0,7.755000591E0,-6.450000405E-1
3.197657100E2,2.619000196E0,1.052805042E1,-1.506000042E0
3.197681536E2,4.263000011E0,6.579000473E0,-6.397950172E0
3.197705973E2,4.546050072E0,5.502000332E0,-1.027200031E1
3.197730407E2,8.748000145E0,7.693050385E0,-9.810000420E0
3.197754844E2,8.074950218E0,5.667000294E0,-1.099305058E1
3.197779280E2,6.169500351E-1,6.570000172E0,-5.485950470E0
3.197803715E2,-6.580500603E-1,5.551950455E0,4.327050209E0
3.197828151E2,7.350000381E0,4.312050343E0,1.654950023E0
3.197852588E2,9.685950279E0,2.842050076E0,-7.120950222E0
3.197877023E2,1.849950075E0,5.137950420E0,-2.943000078E0
3.197901459E2,4.708950043E0,4.267050266E0,-2.509950161E0
3.197925896E2,8.635050774E0,4.891050339E0,-7.147050381E0
3.197950333E2,4.200000316E-2,7.092000484E0,-5.895000458E0
3.197974767E2,-2.478000164E0,8.919000626E0,3.829050064E0
3.197999204E2,4.222949982E0,7.944000244E0,-1.192950010E0
3.198023640E2,7.768950462E0,8.715000153E0,-7.711950302E0
3.198048075E2,3.907050133E0,1.022805023E1,-5.554950237E0
3.198072511E2,8.050950050E0,9.579000473E0,-7.261950493E0
3.198096948E2,5.736000061E0,8.497050285E0,-1.056195068E1
3.198121383E2,-1.482000113E0,9.948000908E0,-1.393950105E0
3.198145819E2,-1.264050007E0,8.131050110E0,4.857000351E0
3.198170256E2,7.093050480E0,8.715000153E0,-5.389950275E0
3.198194693E2,7.237050533E0,7.255050182E0,-8.488050461E0
3.198219127E2,1.972050071E0,6.880950451E0,-2.364000082E0
3.198243563E2,2.809950113E0,7.321950436E0,-5.220000148E-1
3.198268000E2,4.192049980E0,9.907050133E0,-3.238050222E0
3.198292435E2,2.235000134E0,1.102305031E1,-1.803000093E0
3.198316871E2,1.620000005E-1,9.091050148E0,1.047000051E0
3.198341308E2,5.040000081E-1,1.139895058E1,-4.410000145E-1
3.198365742E2,4.171950340E0,1.193100071E1,1.335000038E0
3.198390179E2,7.611000538E0,9.910050392E0,-4.453950405E0
3.198414616E2,1.193505096E1,9.535950661E0,-1.182300091E1
3.198439050E2,6.018000126E0,9.481050491E0,-1.282395077E1
3.198463487E2,1.210500076E-1,1.031700039E1,-4.405950069E0
3.198487923E2,1.026000023E0,9.283050537E0,2.232000113E0
3.198512358E2,6.664950371E0,9.400050163E0,-2.662950039E0
3.198536795E2,4.117050171E0,7.789050579E0,-5.826000214E0
3.198561231E2,6.600000262E-1,8.452050209E0,7.980000377E-1
3.198585668E2,5.145000458E0,7.474950314E0,-2.692050219E0
3.198610103E2,6.490050316E0,8.526000023E0,-6.781050205E0
3.198634540E2,1.687050104E0,8.454000473E0,-3.738000154E0
3.198658976E2,3.030000210E0,7.437000275E0,-1.336050034E0
3.198683410E2,6.313050270E0,1.124595070E1,-3.811950207E0
3.198707847E2,5.005950451E0,7.140000343E0,-7.557000160E0
3.198732283E2,5.683050156E0,8.005949974E0,-8.026050568E0
3.198756718E2,9.058950424E0,7.657050133E0,-1.104105091E1
3.198781155E2,3.354000092E0,7.117950439E0,-1.024800014E1
3.198805591E2,-1.597050071E0,5.763000488E0,8.370000124E-1
3.198830026E2,2.604000092E0,5.002050400E0,6.328950405E0
3.198854463E2,1.045695019E1,3.490950108E0,-3.147000074E0
3.198878899E2,5.827050209E0,5.017950058E0,-5.445000172E0
3.198903336E2,1.587000132E0,5.397000313E0,-4.429500103E-1
3.198927770E2,7.510050297E0,4.705049992E0,-4.660050392E0
3.198952207E2,3.520950079E0,5.500050068E0,-8.020950317E0
3.198976643E2,-2.124000072E0,8.968950272E0,7.005000114E-2
3.199001078E2,-8.590500355E-1,8.203050613E0,3.883950233E0
3.199025515E2,7.398000240E0,6.631950378E0,-5.203050137E0
3.199049951E2,5.911050320E0,7.627950191E0,-7.480050564E0
3.199074385E2,5.128050327E0,8.457000732E0,-4.237950325E0
3.199098822E2,7.539000511E0,7.990050316E0,-9.226050377E0
3.199123259E2,7.630500197E-1,8.121000290E0,-7.540050507E0
3.199147693E2,-2.269950151E0,7.510950565E0,3.439050198E0
3.199172130E2,8.520000577E-1,6.283050060E0,3.451050282E0
3.199196567E2,5.926950455E0,7.993950367E0,-7.513950348E0
3.199221001E2,4.146000385E0,4.875000000E0,-4.353000164E0
3.199245438E2,3.097050190E0,6.508050442E0,-1.819950104E0
3.199269874E2,6.355950356E0,6.502950191E0,-4.213950157E0
3.199294311E2,3.270000219E0,9.244050026E0,-5.493000031E0
3.199318745E2,3.559500277E-1,7.836000443E0,2.089500129E-1
3.199343182E2,2.269050121E0,9.601050377E0,1.507050037E0
3.199367618E2,4.216050148E0,9.891000748E0,-3.846000195E0
3.199392053E2,5.463000298E0,6.543000221E0,-4.399050236E0
3.199416490E2,1.077105045E1,7.944000244E0,-7.875000477E0
3.199440926E2,8.791049957E0,6.153000355E0,-1.150995064E1
3.199465363E2,1.291950107E0,6.735000134E0,-6.589950085E0
3.199489798E2,-1.120500043E-1,7.201950550E0,2.797050238E0
3.199514235E2,5.731050491E0,7.197000504E0,-8.340000510E-1
3.199538671E2,6.424950123E0,5.823000431E0,-6.046050072E0
3.199563105E2,1.122000098E0,6.675000191E0,-5.749500394E-1
3.199587542E2,2.334000111E0,7.719000340E0,1.440000057E0
3.199611978E2,5.803050041E0,8.587950706E0,-2.737050056E0
3.199636413E2,1.672950029E0,9.097949982E0,-2.602950096E0
3.199660850E2,-6.700500250E-1,9.625050545E0,6.790500283E-1
3.199685286E2,8.899500370E-1,1.147305012E1,1.537950039E0
3.199709723E2,3.631050110E0,8.629050255E0,-6.645000458E0
3.199734158E2,4.603050232E0,8.466000557E0,-5.668050289E0
3.199758594E2,8.644950867E0,9.582000732E0,-7.750950336E0
3.199783031E2,5.566050053E0,7.489050388E0,-7.344000340E0
3.199807465E2,3.769500256E-1,8.059050560E0,-6.109500527E-1
3.199831901E2,1.519950032E0,7.750050545E0,3.571050167E0
3.199856338E2,7.843050480E0,7.461000443E0,-5.452050209E0
3.199880775E2,5.512950420E0,4.927050114E0,-9.124950409E0
3.199905210E2,1.420950055E0,6.103050232E0,-3.043950081E0
3.199929646E2,4.759050369E0,6.354000092E0,-2.320950031E0
3.199954083E2,5.122950077E0,6.792000294E0,-4.906050205E0
3.199978518E2,1.251000047E0,6.955050468E0,-1.276950002E0
3.200002954E2,-2.580000162E-1,1.000095081E1,2.686950207E0
3.200027391E2,2.938950062E0,6.469050407E0,-3.280950069E0
3.200051826E2,6.646050453E0,5.478000164E0,-9.051000595E0
3.200076262E2,5.914950371E0,7.645050526E0,-9.609000206E0
3.200100699E2,9.685950279E0,6.951000214E0,-1.118895054E1
3.200125136E2,2.560950041E0,6.510000229E0,-8.977050781E0
3.200149570E2,-2.736000061E0,6.883050442E0,2.860050201E0
3.200174007E2,2.832000017E0,5.421000481E0,6.693000317E0
3.200198443E2,1.102200031E1,4.192049980E0,-6.307050228E0
3.200222878E2,6.655050278E0,5.662050247E0,-8.791950226E0
3.200247314E2,1.081050038E0,7.540050507E0,-2.308950186E0
3.200271751E2,4.402050018E0,7.426950455E0,-1.195050001E0
3.200296186E2,2.970000029E0,8.227050781E0,-4.638000011E0
3.200320622E2,-4.260000288E-1,8.895000458E0,5.590500236E-1
3.200345059E2,4.729500115E-1,1.063995075E1,-5.539500117E-1
3.200369494E2,6.612000465E0,7.750050545E0,-9.058050156E0
3.200393930E2,5.221050262E0,9.060000420E0,-9.726000786E0
3.200418367E2,6.730050087E0,8.830050468E0,-7.261950493E0
3.200442801E2,7.642050266E0,8.482950211E0,-8.380050659E0
3.200467238E2,3.660000265E-1,9.213000298E0,-4.341000080E0
3.200491674E2,-1.999050140E0,7.401000500E0,3.573000193E0
3.200516111E2,2.760000229E0,7.386000156E0,1.299000025E0
3.200540546E2,7.297050476E0,5.746050358E0,-8.665050507E0
3.200564982E2,3.516000271E0,5.205000401E0,-4.126049995E0
3.200589419E2,1.690050125E0,6.787950516E0,9.589500427E-1
3.200613854E2,3.958950281E0,7.615950584E0,-1.939500123E-1
3.200638291E2,2.836050034E0,8.854050636E0,-3.400500119E-1
3.200662727E2,5.700000376E-2,7.984950542E0,6.000000052E-3
3.200687164E2,-3.450000286E-1,1.065000057E1,-1.222050071E0
3.200711598E2,2.724000216E0,9.583950043E0,3.240000248E0
3.200736034E2,5.620950222E0,7.972950459E0,-3.252000093E0
3.200760471E2,1.111095047E1,8.731950760E0,-8.613000870E0
3.200784906E2,9.145050049E0,7.009950161E0,-1.314000034E1
3.200809343E2,8.010000587E-1,7.519950390E0,-9.183000565E0
3.200833779E2,-2.595000155E-2,7.036950111E0,1.131000042E0
3.200858214E2,6.334050179E0,9.424050331E0,-3.421950102E0
3.200882651E2,6.232050419E0,5.509050369E0,-7.236000538E0
3.200907087E2,1.843050122E0,6.735000134E0,-1.174050093E0
3.200931521E2,5.425050259E0,6.522000313E0,-1.087050080E0
3.200955958E2,7.435950279E0,6.634050369E0,-5.650950432E0
3.200980394E2,1.837950110E0,8.377950668E0,-4.384050369E0
3.201004829E2,7.339500189E-1,1.031400013E1,2.070000172E-1
3.201029266E2,3.823050261E0,9.499950409E0,-3.604050159E0
3.201053702E2,5.404950142E0,8.026050568E0,-8.613000870E0
3.201078139E2,5.182950020E0,9.103050232E0,-7.078050137E0
3.201102574E2,9.514050484E0,8.077950478E0,-9.955950737E0
3.201127011E2,3.721950293E0,7.755000591E0,-7.638000488E0
3.201151447E2,-1.708950043E0,7.369950294E0,3.822000265E0
3.201175882E2,3.880050182E0,6.229950428E0,5.659050465E0
3.201200318E2,1.107000065E1,4.483950138E0,-5.787000179E0
3.201224755E2,5.869950294E0,4.851000309E0,-6.451050282E0
3.201249189E2,2.395950079E0,6.438000202E0,-6.349500418E-1
3.201273626E2,5.449050426E0,6.769050121E0,-2.245950222E0
3.201298062E2,3.805950165E0,8.515950203E0,-4.890000343E0
3.201322497E2,3.510000110E-1,8.513999939E0,-1.995000057E-2
3.201346934E2,6.190500259E-1,1.263495064E1,-1.180950046E0
3.201371371E2,2.743050098E0,9.289950371E0,-6.250050068E0
3.201395807E2,2.640000105E0,1.071000004E1,-4.605000019E0
3.201420242E2,6.478050232E0,1.136805058E1,-5.292000294E0
3.201444679E2,7.246950150E0,1.097505093E1,-8.006999969E0
3.201469115E2,2.106000185E0,8.791950226E0,-4.960950375E0
3.201493549E2,3.030000031E-1,9.703950882E0,4.414050102E0
3.201517986E2,2.808000088E0,1.151205063E1,5.920500159E-1
3.201542422E2,4.761000156E0,1.111905098E1,-5.701050282E0
3.201566859E2,1.759050131E0,9.888000488E0,-3.673050165E0
3.201591294E2,3.033000231E0,9.301950455E0,-9.799500704E-1
3.201615730E2,4.062000275E0,1.106595039E1,-4.108950138E0
3.201640167E2,2.704950094E0,1.308900070E1,-5.038050175E0
3.201664602E2,1.363950014E0,1.210500050E1,-2.020500153E-1
3.201689039E2,1.963050127E0,1.326900101E1,-3.822000265E0
3.201713475E2,2.575050116E0,1.293405056E1,-6.016950130E0
3.201737910E2,3.897000074E0,1.014705086E1,-5.256000042E0
3.201762346E2,8.413050652E0,9.828000069E0,-7.356000423E0
3.201786783E2,7.275000572E0,7.990050316E0,-8.938050270E0
3.201811217E2,1.572000027E0,8.310000420E0,-3.172950268E0
3.201835654E2,1.402050018E0,6.766050339E0,2.461950064E0
3.201860090E2,7.435950279E0,5.860950470E0,-2.602950096E0
3.201884527E2,5.743050098E0,4.932000160E0,-6.463050365E0
3.201908962E2,3.457050085E0,7.197000504E0,-1.687950134E0
3.201933398E2,6.651000500E0,5.641050339E0,-3.220950127E0
3.201957835E2,5.343000412E0,7.042050362E0,-6.403050423E0
3.201982269E2,-5.719500184E-1,7.389000416E0,-7.999500632E-1
3.202006706E2,-1.162950039E0,8.200050354E0,2.280000210E0
3.202031142E2,5.098950386E0,7.081950188E0,-4.423050404E0
3.202055579E2,6.022950172E0,6.486000538E0,-8.095950127E0
3.202080014E2,6.841950417E0,8.397000313E0,-4.666950226E0
3.202104450E2,9.651000023E0,5.302950382E0,-1.065300083E1
3.202128887E2,1.342050076E0,6.630000114E0,-8.095950127E0
3.202153322E2,-2.923050165E0,6.879000187E0,4.480950356E0
3.202177758E2,5.394000053E0,4.753050327E0,4.761000156E0
3.202202195E2,1.050105095E1,4.063050270E0,-6.783000469E0
3.202226629E2,4.651050091E0,5.368050098E0,-2.662950039E0
3.202251066E2,2.370000124E0,5.992950439E0,1.402050018E0
3.202275502E2,5.520000458E0,6.534000397E0,-2.737050056E0
3.202299939E2,2.142000198E0,8.361000061E0,-4.435050011E0
3.202324374E2,-8.520000577E-1,9.358950615E0,7.120500207E-1
3.202348810E2,8.970000148E-1,9.718050003E0,-2.809500098E-1
3.202373247E2,3.421050072E0,8.872950554E0,-7.597950459E0
3.202397682E2,6.265050411E0,9.440999985E0,-9.190050125E0
3.202422118E2,9.148050308E0,7.587000370E0,-1.149795055E1
3.202446555E2,4.216050148E0,7.093950272E0,-1.110795021E1
3.202470989E2,-1.266000032E0,7.276050568E0,-3.790950298E0
3.202495425E2,8.779500127E-1,5.737050056E0,3.331050158E0
3.202519862E2,6.672000408E0,3.807000160E0,-4.564050198E0
3.202544297E2,6.220050335E0,2.016000032E0,-6.393000126E0
3.202568733E2,4.642050266E0,3.306000233E0,3.195000067E-2
3.202593170E2,6.250950336E0,4.480050087E0,-1.087050080E0
3.202617605E2,4.170000076E0,6.318000317E0,-1.767000079E0
3.202642041E2,-7.200000286E-1,7.918050289E0,4.509000301E0
3.202666478E2,-2.349000216E0,1.010595036E1,2.038050175E0
3.202690915E2,5.086950302E0,9.012000084E0,-2.311050177E0
3.202715349E2,5.367000103E0,9.643950462E0,-8.104949951E0
3.202739785E2,7.552950382E0,1.003005028E1,-1.042995071E1
3.202764222E2,6.969000340E0,9.129000664E0,-1.278600025E1
3.202788657E2,-1.459500045E-1,9.735000610E0,-5.670000076E0
3.202813094E2,-1.498950124E0,7.993950367E0,6.781950474E0
3.202837530E2,2.959050179E0,8.539950371E0,-1.080000028E-1
3.202861967E2,6.925950527E0,1.041705036E1,-7.614000320E0
3.202886402E2,4.101000309E0,7.101000309E0,-3.292950153E0
3.202910838E2,6.475950241E0,7.269000530E0,-3.751950264E0
3.202935273E2,6.921000481E0,8.746050835E0,-6.229950428E0
3.202959710E2,2.508000135E0,9.922050476E0,-4.747950077E0
3.202984147E2,1.000050068E0,1.049895096E1,1.279500127E-1
3.203008583E2,3.409050226E0,1.394895077E1,-1.063950062E0
3.203033017E2,1.909950137E0,1.251705074E1,-1.705050111E0
3.203057454E2,5.467950344E0,1.178895092E1,-8.239500523E-1
3.203081890E2,9.076050758E0,1.174095058E1,-7.846950531E0
3.203106325E2,4.623000145E0,1.025205040E1,-1.001595020E1
3.203130762E2,6.499500275E-1,1.104495049E1,-8.190000653E-1
3.203155198E2,9.709500670E-1,9.723000526E0,3.963000298E0
3.203179633E2,2.851050138E0,8.236050606E0,-2.857050180E0
3.203204070E2,3.069000244E0,6.766050339E0,-2.107050180E0
3.203228506E2,5.013000011E0,8.131050110E0,-1.351050019E0
3.203252943E2,7.572000504E0,8.329950333E0,-6.070050240E0
3.203277377E2,3.555000067E0,9.244050026E0,-4.996950150E0
3.203301814E2,2.239500135E-1,1.007295036E1,-1.995000057E-2
3.203326248E2,2.202000141E0,1.185195065E1,-9.100500345E-1
3.203350685E2,2.614050150E0,1.127205086E1,-5.308950424E0
3.203375122E2,3.672000170E0,8.530950546E0,-6.328950405E0
3.203399558E2,8.671050072E0,7.896000385E0,-9.220950127E0
3.203423993E2,7.978950500E0,6.235050201E0,-1.227405071E1
3.203448430E2,1.318050027E0,6.001950264E0,-7.072950363E0
3.203472866E2,-2.539499998E-1,5.370000362E0,2.896050215E0
3.203497300E2,5.097000122E0,4.597050190E0,-1.914000034E0
3.203521737E2,4.740000248E0,3.579000235E0,-6.670950413E0
3.203546173E2,1.663050056E0,4.390950203E0,1.974000096E0
3.203570610E2,6.880050182E0,2.964000225E0,1.464000106E0
3.203595045E2,5.805000305E0,3.093000174E0,-4.923000336E0
3.203619482E2,-1.483950019E0,5.892000198E0,-2.110050201E0
3.203643918E2,-1.219050050E0,5.914050102E0,7.189500332E-1
3.203668352E2,6.568950176E0,4.489050388E0,-4.801050186E0
3.203692789E2,4.660950184E0,6.121950150E0,-7.042050362E0
3.203717226E2,5.578050137E0,7.915050507E0,-3.511050224E0
3.203741662E2,9.514050484E0,4.045950413E0,-9.577950478E0
3.203766097E2,2.202000141E0,6.393000126E0,-1.128705025E1
3.203790533E2,-1.162950039E0,3.792000294E0,-6.939000130E0
3.203814970E2,4.986000061E0,2.191050053E0,-1.200000048E0
3.203839405E2,9.330000877E0,8.160000443E-1,-5.521950245E0
3.203863842E2,2.416950226E0,2.482950211E0,1.203000069E0
3.203888278E2,3.820050240E0,4.875000000E0,4.234050274E0
3.203912712E2,7.407000542E0,3.892950296E0,-4.126049995E0
3.203937149E2,5.520000458E-1,7.461000443E0,-4.336950302E0
3.203961585E2,-2.502000093E0,1.025205040E1,2.721000195E0
3.203986022E2,4.462050438E0,7.918050289E0,-4.095000267E0
3.204010457E2,6.286950111E0,9.393000603E0,-1.177800083E1
3.204034893E2,4.612950325E0,1.087500095E1,-8.598000526E0
3.204059330E2,7.453050137E0,8.988000870E0,-8.670000076E0
3.204083767E2,3.910950184E0,7.710000515E0,-6.397950172E0
3.204108201E2,-4.570500255E-1,1.020900059E1,1.393950105E0
3.204132637E2,1.024049997E0,9.453000069E0,5.268000126E0
3.204157072E2,2.487000227E0,1.095900059E1,-4.380000114E0
3.204181509E2,3.349050045E0,8.005949974E0,1.305000018E-2
3.204205945E2,3.700950146E0,5.593050480E0,9.370500445E-1
3.204230382E2,6.085050106E0,7.980000496E0,-5.694000244E0
3.204254817E2,7.386000156E0,7.402950287E0,-9.685050011E0
3.204279253E2,1.752000093E0,8.509050369E0,-7.618950367E0
3.204303690E2,4.287000179E0,9.187050819E0,-7.411050320E0
3.204328125E2,6.081000328E0,8.196000099E0,-9.739950180E0
3.204352561E2,6.045000076E0,6.534000397E0,-9.814950943E0
3.204376998E2,9.925950050E0,7.414950371E0,-1.010400009E1
3.204401432E2,6.889950275E0,5.155050278E0,-1.230195045E1
3.204425868E2,-1.186950088E0,6.390000343E0,-1.813050032E0
3.204450305E2,-2.542950153E0,4.408050060E0,9.607050896E0
3.204474742E2,5.628000259E0,2.791950226E0,5.773950100E0
3.204499177E2,6.799050331E0,1.345050097E0,-9.529500604E-1
3.204523613E2,5.470050335E0,4.177950382E0,4.713000298E0
3.204548048E2,9.472949982E0,6.727950096E0,1.648050070E0
3.204572485E2,6.535950184E0,5.310000420E0,-5.115000248E0
3.204596921E2,2.358000040E0,9.109950066E0,1.999950051E0
3.204621358E2,1.660950065E0,1.356795025E1,-3.139500022E-1
3.204645792E2,2.403000116E0,1.570605087E1,1.005000062E-2
3.204670229E2,7.890000343E-1,1.576905060E1,-9.990000725E-1
3.204694665E2,4.534049988E0,1.738005066E1,6.520500183E-1
3.204719100E2,4.354050159E0,1.524705029E1,-1.020705032E1
3.204743537E2,8.370000124E-1,1.369995022E1,-9.112950325E0
3.204767973E2,2.472000122E0,1.324500084E1,-5.026050091E0
3.204792410E2,5.530050278E0,1.458105087E1,-9.958050728E0
3.204816844E2,2.944050074E0,1.103505039E1,-1.014495087E1
3.204841280E2,-6.900000572E-2,6.855000496E0,-5.589000225E0
3.204865717E2,3.552000284E0,6.304050446E0,-2.242050171E0
3.204890152E2,7.065000534E0,1.100595093E1,-5.347050190E0
3.204914589E2,3.780000210E0,7.279050350E0,-7.570950508E0
3.204939025E2,9.949500561E-1,1.063995075E1,-1.924950123E0
3.204963460E2,-1.669050097E0,1.231605053E1,-2.698950052E0
3.204987897E2,9.330000281E-1,4.354950428E0,-3.181950092E0
3.205012333E2,2.832000017E0,1.171500015E1,5.734950066E0
3.205036770E2,9.787050247E0,7.329000473E0,-1.590000093E-1
3.205061204E2,8.487000465E0,5.397000313E0,-3.391050100E0
3.205085641E2,2.269050121E0,7.777050495E0,1.038000107E0
3.205110075E2,5.676000118E0,8.301000595E0,7.410000563E-1
3.205134512E2,7.204050541E0,5.944950104E0,-6.295050144E0
3.205158948E2,3.130950212E0,7.870050430E0,-3.694950104E0
3.205183385E2,2.749950171E0,1.008000088E1,-1.854000092E0
3.205207820E2,5.929950237E0,8.551950455E0,-7.204950333E0
3.205232257E2,2.769000053E0,1.071195030E1,-7.267050266E0
3.205256693E2,1.498050094E0,1.035300064E1,-2.103000164E0
3.205281128E2,4.338000298E0,1.110705090E1,-5.296950340E0
3.205305564E2,4.869000435E0,1.024005032E1,-6.159000397E0
3.205330001E2,6.411000252E0,1.014705086E1,-5.550000191E0
3.205354435E2,1.060095024E1,1.004895020E1,-9.172950745E0
3.205378872E2,7.441050529E0,8.128950119E0,-1.197900105E1
3.205403309E2,2.416950226E0,8.502000809E0,-6.381000519E0
3.205427745E2,1.764000058E0,7.159050465E0,-3.915000200E0
3.205452180E2,3.151950121E0,8.083050728E0,-1.010895061E1
3.205476617E2,-4.399500191E-1,5.739000320E0,-9.280950546E0
3.205501053E2,1.600500047E-1,5.655000210E0,4.509000301E0
3.205525488E2,6.868050098E0,2.550000191E0,2.199000120E0
3.205549924E2,7.228050232E0,1.482000113E0,-2.569500208E-1
3.205574361E2,3.961950302E0,4.381050110E0,2.593950033E0
3.205598795E2,6.919050217E0,7.314000130E0,-1.150500029E-1
3.205623232E2,7.477050304E0,8.269950867E0,-5.746950150E0
3.205647669E2,3.049950123E0,1.005600071E1,-4.056000233E0
3.205672105E2,5.560950279E0,8.797050476E0,-5.457000256E0
3.205696540E2,5.560950279E0,7.501050472E0,-1.056600094E1
3.205720976E2,5.470499992E-1,1.016805077E1,-2.818950176E0
3.205745413E2,1.837950110E0,8.839950562E0,4.423050404E0
3.205769848E2,3.955050230E0,9.586950302E0,-4.159049988E0
3.205794284E2,5.487000465E0,9.472050667E0,-5.353950024E0
3.205818721E2,9.169050217E0,9.345000267E0,-8.019000053E0
3.205843157E2,9.454050064E0,9.073950768E0,-9.616050720E0
3.205867592E2,3.379950047E0,9.838050842E0,-9.391050339E0
3.205892028E2,1.620000005E-1,1.133895016E1,-1.392000079E0
3.205916465E2,1.759050131E0,1.134900093E1,1.347000122E0
3.205940900E2,2.392950058E0,1.350795078E1,1.366050124E0
3.205965336E2,4.680000246E-1,1.066905022E1,1.837050080E0
3.205989773E2,5.523000240E0,9.840000153E0,1.549950123E0
3.206014208E2,7.198950291E0,8.967000008E0,-8.943000793E0
3.206038644E2,4.110000134E0,7.980000496E0,-5.560050488E0
3.206063081E2,2.467950106E0,1.014195061E1,-6.880500317E-1
3.206087515E2,5.518050194E0,8.332050323E0,-2.529000044E0
3.206111952E2,2.773950100E0,7.996950150E0,-2.773050070E0
3.206136388E2,1.311000109E0,8.047050476E0,3.444000244E0
3.206160825E2,6.166950226E0,8.683950424E0,4.680000246E-1
3.206185260E2,4.801950455E0,7.993950367E0,-4.047000408E0
3.206209696E2,2.202000141E0,8.767950058E0,-2.038050175E0
3.206234133E2,1.780950069E0,1.045095062E1,-1.453950047E0
3.206258570E2,3.150000095E0,9.615000725E0,-5.625000477E0
3.206283003E2,3.286950111E0,9.378000259E0,-7.291050434E0
3.206307440E2,7.017000198E0,8.173950195E0,-7.480050564E0
3.206331875E2,9.076050758E0,6.964950562E0,-1.222305012E1
3.206356312E2,3.154950142E0,5.488050461E0,-1.013805008E1
3.206380748E2,8.805000782E-2,3.900000095E0,5.400000140E-2
3.206405185E2,3.235950232E0,5.586000443E0,7.840500474E-1
3.206429620E2,3.004050255E0,3.904950142E0,-3.604050159E0
3.206454056E2,2.070000172E-1,3.852000237E0,2.881050110E0
3.206478493E2,5.359950066E0,4.723950386E0,4.416000366E0
3.206502927E2,7.333050251E0,1.867050052E0,-3.220950127E0
3.206527363E2,1.089000106E0,5.061000347E0,-3.477000237E0
3.206551800E2,-1.444050074E0,7.566000462E0,1.459050059E0
3.206576235E2,5.065050125E0,5.188050270E0,-2.373000145E0
3.206600672E2,5.698050499E0,7.522950172E0,-5.847000122E0
3.206625108E2,7.369050503E0,8.872950554E0,-3.055950165E0
3.206649545E2,8.449049950E0,6.466950417E0,-8.320950508E0
3.206673980E2,3.100500107E-1,7.494000435E0,-6.867000103E0
3.206698416E2,-2.770050049E0,8.047050476E0,4.396950245E0
3.206722850E2,3.451950073E0,6.016950130E0,1.710000038E-1
3.206747287E2,7.330050468E0,5.479950428E0,-1.021005058E1
3.206771723E2,2.644950151E0,4.051050186E0,-4.759950161E0
3.206796160E2,5.899050236E0,5.428050041E0,-5.209950447E0
3.206820595E2,6.555000305E0,5.188050270E0,-7.660050392E0
3.206845032E2,2.910000086E-1,6.498000145E0,-2.256000042E0
3.206869468E2,-2.460000068E-1,8.023050308E0,6.090000272E-1
3.206893903E2,-1.579500139E-1,1.143300056E1,3.085050106E0
3.206918339E2,1.500000060E-1,8.457000732E0,-3.621000290E0
3.206942776E2,5.082000256E0,9.775950432E0,-3.349950075E0
3.206967212E2,9.876000404E0,6.900000095E0,-9.834000587E0
3.206991647E2,2.154000044E0,4.987050056E0,-8.473950386E0
3.207016084E2,-2.116050005E0,8.416049957E0,8.479500413E-1
3.207040520E2,2.508000135E0,5.887050152E0,1.657950044E0
3.207064955E2,7.018950462E0,7.324050426E0,-5.467050076E0
3.207089392E2,3.576000214E0,7.369950294E0,-1.249950051E0
3.207113828E2,5.044050217E0,8.101950645E0,2.101050138E0
3.207138262E2,5.559000492E0,8.509050369E0,-4.279050350E0
3.207162699E2,3.150000095E0,9.168000221E0,-3.961050272E0
3.207187136E2,1.831050038E0,1.240695095E1,-1.786950111E0
3.207211570E2,3.142950058E0,1.189500046E1,-4.870050430E0
3.207236007E2,3.576000214E0,1.034595013E1,-8.116950035E0
3.207260443E2,5.926950455E0,1.191600037E1,-8.055000305E0
3.207284878E2,1.023495007E1,9.330000877E0,-1.263495064E1
3.207309315E2,5.628000259E0,9.229950905E0,-1.163895035E1
3.207333751E2,9.859500527E-1,8.445000648E0,-3.190050125E0
3.207358188E2,3.736950159E0,8.634000778E0,-4.030500054E-1
3.207382623E2,4.998000145E0,9.131999969E0,-6.597000122E0
3.207407060E2,1.326000094E0,5.832000256E0,-4.641000271E0
3.207431496E2,3.531000137E0,6.453000069E0,-1.200000010E-2
3.207455931E2,8.800950050E0,5.011050224E0,-3.736050129E0
3.207480367E2,4.516950130E0,5.953950405E0,1.660500020E-1
3.207504804E2,3.610500097E-1,1.013700008E1,5.323050022E0
3.207529241E2,8.800500631E-1,9.586950302E0,2.185050011E0
3.207553675E2,3.241050243E0,9.840000153E0,4.650000334E-1
3.207578112E2,7.831050396E0,1.169805050E1,-3.666000128E0
3.207602548E2,9.169050217E0,1.003695011E1,-1.188300037E1
3.207626983E2,2.985000134E0,9.073950768E0,-1.110795021E1
3.207651420E2,-1.819500029E-1,9.478950500E0,-1.375050068E0
3.207675856E2,2.938950062E0,9.060000420E0,2.248950005E0
3.207700293E2,6.045000076E0,9.997950554E0,-6.490950108E0
3.207724727E2,5.286000252E0,6.529050350E0,-4.427999973E0
3.207749164E2,7.132050514E0,6.996000290E0,-5.421000481E0
3.207773600E2,8.680950165E0,7.477050304E0,-7.957050323E0
3.207798035E2,3.139950037E0,7.567950249E0,-5.005050182E0
3.207822471E2,2.008050203E0,7.366950512E0,-1.995000057E-2
3.207846908E2,3.526050091E0,1.130805016E1,-1.092000008E0
3.207871343E2,2.302050114E0,1.062795067E1,-1.486950040E0
3.207895779E2,2.310000181E0,7.510950565E0,-1.525950074E0
3.207920216E2,7.594050407E0,8.329950333E0,-9.022050858E0
3.207944650E2,4.945950031E0,5.350950241E0,-1.316895103E1
3.207969088E2,-1.282950044E0,6.586950302E0,-3.453000069E0
3.207993524E2,4.519500136E-1,4.405050278E0,3.691050291E0
3.208017961E2,6.829950333E0,2.980950117E0,-2.601000071E0
3.208042395E2,3.933000088E0,4.093950272E0,-3.228000164E0
3.208066832E2,4.503000259E0,4.132050037E0,2.728050232E0
3.208091269E2,1.019400024E1,3.238950253E0,-4.710000038E0
3.208115703E2,3.358050108E0,5.401050091E0,-6.481950283E0
3.208140140E2,-2.380050182E0,9.675000191E0,4.243950367E0
3.208164576E2,1.417050123E0,6.642000198E0,1.356000066E0
3.208189013E2,6.697950363E0,6.706050396E0,-6.942000389E0
3.208213447E2,7.735050201E0,9.286950111E0,-8.110050201E0
3.208237884E2,1.229595089E1,7.767000198E0,-1.144995022E1
3.208262321E2,4.582050323E0,7.314000130E0,-1.389900112E1
3.208286755E2,-1.888950109E0,1.029300022E1,-2.341950178E0
3.208311192E2,-2.059500068E-1,7.875000477E0,4.453950405E0
3.208335629E2,7.468950272E0,7.650000572E0,-5.239050388E0
3.208360063E2,4.660950184E0,7.216050148E0,-6.621000290E0
3.208384499E2,6.639000416E0,7.426950455E0,-2.182049990E0
3.208408936E2,9.993000031E0,7.603950500E0,-7.794000149E0
3.208433371E2,2.359950066E0,8.710050583E0,-6.010050297E0
3.208457807E2,-1.390500069E-1,1.094205093E1,1.330500096E-1
3.208482244E2,1.390050054E0,1.144200039E1,5.130000114E-1
3.208506679E2,3.748950243E0,1.064295006E1,-5.076000214E0
3.208531116E2,5.662050247E0,1.228305054E1,-4.744050026E0
3.208555552E2,1.099395084E1,1.001295090E1,-1.066005039E1
3.208579989E2,5.626050472E0,7.951050282E0,-1.010700035E1
3.208604423E2,3.300000131E-1,1.035300064E1,-2.775000095E0
3.208628859E2,1.495950103E0,8.907000542E0,4.132950306E0
3.208653296E2,5.779050350E0,9.763950348E0,-6.108000278E0
3.208677731E2,4.354050159E0,7.887000561E0,-2.457000017E0
3.208702167E2,5.614050388E0,7.956000328E0,-6.250500083E-1
3.208726604E2,6.592950344E0,9.180000305E0,-6.015000343E0
3.208751039E2,4.366050243E0,9.711000443E0,-4.156949997E0
3.208775476E2,1.615050077E0,1.183200073E1,-1.305000067E0
3.208799912E2,2.086950064E0,1.302705097E1,-6.450000405E-1
3.208824347E2,1.756950140E0,1.234695053E1,-1.501950026E0
3.208848784E2,1.978950143E0,1.372395039E1,1.588050127E0
3.208873220E2,8.414999962E0,1.247205067E1,-6.943950176E0
3.208897657E2,6.088050365E0,8.392050743E0,-9.867000580E0
3.208922091E2,1.201050043E0,8.004000664E0,-7.095000267E0
3.208946528E2,2.110949993E0,6.643950462E0,-2.601000071E0
3.208970964E2,5.901000500E0,7.468050480E0,-6.142050266E0
3.208995399E2,2.592000008E0,4.446000099E0,-6.082050323E0
3.209019836E2,4.390050411E0,4.396049976E0,-6.330000162E-1
3.209044272E2,8.947050095E0,6.772950172E0,-4.660050392E0
3.209068707E2,5.341050148E0,4.069950104E0,-6.795000553E0
3.209093144E2,1.663050056E0,5.137950420E0,2.275050163E0
3.209117580E2,6.070500016E-1,1.027395058E1,4.452000141E0
3.209142017E2,8.730000257E-1,6.742050171E0,-3.259500265E-1
3.209166451E2,1.006950021E0,9.151050568E0,-1.150500029E-1
3.209190888E2,7.804950237E0,7.911000252E0,-4.818000317E0
3.209215322E2,8.022000313E0,4.804950237E0,-1.172295094E1
3.209239759E2,-1.954050064E0,7.681050301E0,-7.581000328E0
3.209264196E2,-1.317000031E0,5.571000099E0,3.871950150E0
3.209288632E2,6.367950439E0,3.904950142E0,-1.744050026E0
3.209313066E2,4.785000324E0,4.645050049E0,-5.104950428E0
3.209337503E2,2.772000074E0,6.735000134E0,1.842000127E0
3.209361939E2,6.469050407E0,6.442950249E0,-2.923950195E0
3.209386374E2,4.024050236E0,7.056000233E0,-4.087950230E0
3.209410811E2,8.040000200E-1,9.440999985E0,5.899500251E-1
3.209435247E2,5.760000348E-1,1.014495087E1,-1.630500108E-1
3.209459682E2,3.255000114E0,1.104495049E1,1.969500035E-1
3.209484119E2,5.434050083E0,9.904950142E0,-4.084949970E0
3.209508556E2,1.027800083E1,9.472050667E0,-1.042305088E1
3.209532992E2,6.492000103E0,8.512050629E0,-1.438800049E1
3.209557427E2,5.879999995E-1,9.337950706E0,-8.445000648E0
3.209581863E2,1.213050008E0,7.645050526E0,-1.612050056E0
3.209606300E2,5.221050262E0,9.289950371E0,-5.218050480E0
3.209630734E2,1.831050038E0,7.312050343E0,-5.710950375E0
3.209655171E2,2.901000023E0,6.661050320E0,-4.339500070E-1
3.209679607E2,7.251000404E0,5.854050159E0,-3.871950150E0
3.209704042E2,4.129050255E0,5.884950161E0,-5.413950443E0
3.209728479E2,1.207950115E0,7.321950436E0,1.492950082E0
3.209752915E2,1.711050034E0,1.050600052E1,1.108950019E0
3.209777352E2,2.641950130E0,9.097949982E0,-3.072000027E0
3.209801787E2,4.893000126E0,1.088400078E1,-2.881050110E0
3.209826223E2,1.011300087E1,9.802050591E0,-9.216000557E0
3.209850660E2,4.113000393E0,8.986050606E0,-1.022595024E1
3.209875094E2,-1.984950066E0,1.037700081E1,-1.165950060E0
3.209899531E2,-9.259500504E-1,7.867950439E0,5.220000267E0
3.209923967E2,6.325050354E0,6.571950436E0,-4.753050327E0
3.209948404E2,4.714050293E0,6.342000484E0,-6.846000195E0
3.209972839E2,6.342000484E0,6.478950500E0,-3.882000208E0
3.209997275E2,9.117000580E0,7.128000259E0,-8.011950493E0
3.210021712E2,3.057000160E0,6.438000202E0,-6.013050079E0
3.210046147E2,6.430500150E-1,8.136000633E0,8.389500380E-1
3.210070583E2,2.511000156E0,1.028805065E1,-1.686000109E0
3.210095020E2,4.174950123E0,9.541050911E0,-5.473950386E0
3.210119454E2,3.685950279E0,8.674050331E0,-5.251050472E0
3.210143890E2,9.004050255E0,7.699950218E0,-9.037050247E0
3.210168327E2,6.946950436E0,5.641050339E0,-1.260900021E1
3.210192764E2,-1.630500108E-1,8.133000374E0,-3.433950186E0
3.210217199E2,-1.683000088E0,5.787000179E0,6.247950077E0
3.210241635E2,4.165050030E0,5.200050354E0,7.189500332E-1
3.210266072E2,3.435000181E0,5.473050117E0,-2.014050007E0
3.210290507E2,4.162950039E0,6.211050510E0,3.481950283E0
3.210314943E2,8.710050583E0,6.373050213E0,-4.126049995E0
3.210339380E2,3.523950100E0,6.582000256E0,-2.196000099E0
3.210363814E2,-8.329500556E-1,1.129095078E1,2.650950193E0
3.210388251E2,-7.489500642E-1,1.063995075E1,-3.330000043E-1
3.210412687E2,3.769500256E-1,1.009200001E1,-1.597050071E0
3.210437124E2,4.699050426E0,1.302195072E1,3.529500067E-1
3.210461559E2,8.166000366E0,1.078605080E1,-8.299050331E0
3.210485995E2,7.141050339E0,7.686000347E0,-1.466805077E1
3.210510432E2,1.528950095E0,7.333950520E0,-1.105695057E1
3.210534867E2,2.611050129E0,6.582000256E0,-4.558950424E0
3.210559303E2,6.247950077E0,6.775950432E0,-7.435050488E0
3.210583740E2,2.548950195E0,3.759000063E0,-7.753050327E0
3.210608174E2,3.175950050E0,2.409000158E0,-1.449000120E0
3.210632610E2,7.507950306E0,3.223050117E0,-4.321950436E0
3.210657047E2,5.293050289E0,2.137950182E0,-6.148950100E0
3.210681482E2,-2.899500132E-1,5.203050137E0,4.593000412E0
3.210705918E2,-1.029000044E0,5.488050461E0,6.846000195E0
3.210730355E2,1.567050099E0,5.968950272E0,3.480000257E0
3.210754789E2,4.596000195E0,6.802050114E0,1.396950126E0
3.210779226E2,9.001950264E0,7.408050537E0,-2.514000177E0
3.210803662E2,7.420950413E0,3.079050064E0,-1.086795044E1
3.210828099E2,-1.339500099E-1,5.581050396E0,-1.118205070E1
3.210852534E2,-4.950000439E-3,5.026050091E0,-5.425950050E0
3.210876970E2,7.738050461E0,2.227050066E0,-5.871000290E0
3.210901407E2,4.567049980E0,1.666050076E0,-5.245950222E0
3.210925842E2,1.065000057E0,5.995050430E0,5.745000362E0
3.210950279E2,8.560950279E0,6.400050163E0,-1.675950050E0
3.210974715E2,6.262950420E0,5.137950420E0,-4.672049999E0
3.210999149E2,1.849950075E0,8.072999954E0,1.708050132E0
3.211023586E2,2.626050234E0,1.133700085E1,-2.047950029E0
3.211048022E2,3.241050243E0,1.119300079E1,-6.685050488E0
3.211072459E2,4.216050148E0,1.327395058E1,-5.842950344E0
3.211096894E2,9.367950439E0,1.293405056E1,-1.076295090E1
3.211121330E2,4.848000050E0,9.984000206E0,-1.070505047E1
3.211145767E2,-2.595000155E-2,1.090605068E1,-3.388050079E0
3.211170202E2,1.627050042E0,1.112400055E1,3.172950268E0
3.211194639E2,4.254000187E0,1.097100067E1,-5.056950092E0
3.211219075E2,3.789000273E0,1.021905041E1,-4.051949978E0
3.211243509E2,4.306950092E0,9.655950546E0,-1.426950097E0
3.211267946E2,6.178950310E0,8.799000740E0,-5.529000282E0
3.211292382E2,4.078950405E0,8.368050575E0,-5.187000275E0
3.211316817E2,2.062950134E0,1.173405075E1,-1.246050000E0
3.211341254E2,3.732000113E0,1.289100075E1,-8.269500136E-1
3.211365690E2,4.399950027E0,1.184700012E1,-2.962050200E0
3.211390127E2,5.920050144E0,1.364295101E1,-1.914000034E0
3.211414562E2,1.055295086E1,1.178505039E1,-7.267050266E0
3.211438998E2,4.747050285E0,9.622950554E0,-8.875950813E0
3.211463435E2,1.170000061E-1,9.994050026E0,-3.136950254E0
3.211487869E2,4.450500309E-1,8.731950760E0,1.621950030E0
3.211512306E2,3.780000210E0,8.526000023E0,-3.558000088E0
3.211536742E2,1.879050136E0,5.583000183E0,-3.943950176E0
3.211561177E2,2.803050041E0,7.077000141E0,-6.280500293E-1
3.211585614E2,8.170949936E0,7.200000286E0,-4.914000034E0
3.211610050E2,4.420950413E0,7.080000401E0,-5.416050434E0
3.211634484E2,1.888050079E0,7.333950520E0,1.548000097E0
3.211658921E2,2.518050194E0,1.091295052E1,-8.205000311E-2
3.211683358E2,2.068050146E0,1.077405071E1,-7.909500599E-1
3.211707794E2,2.403000116E0,8.619000435E0,-1.195050001E0
3.211732229E2,9.358050346E0,7.798050404E0,-9.325950623E0
3.211756666E2,7.081050396E0,4.899000168E0,-1.481895065E1
3.211781102E2,1.066950083E0,7.105950356E0,-1.015695095E1
3.211805537E2,1.291950107E0,5.653050423E0,-2.227050066E0
3.211829974E2,6.303000450E0,5.155050278E0,-4.870050430E0
3.211854410E2,8.520000577E-1,4.699950218E0,-3.393000126E0
3.211878844E2,2.767050028E0,6.678000450E0,6.427050114E0
3.211903281E2,9.279000282E0,3.888000250E0,-1.449000120E0
3.211927718E2,5.724000454E0,4.080000401E0,-5.548050404E0
3.211952152E2,-1.750500053E-1,8.776950836E0,2.089500129E-1
3.211976589E2,3.211950064E0,7.470000267E0,-1.152000070E0
3.212001025E2,6.478050232E0,7.530000210E0,-7.999950409E0
3.212025462E2,5.233050346E0,9.603000641E0,-6.316950321E0
3.212049897E2,1.070595074E1,9.034049988E0,-9.022050858E0
3.212074334E2,4.062000275E0,8.020950317E0,-1.063095093E1
3.212098770E2,-2.242950201E0,1.018305016E1,1.357950091E0
3.212123204E2,1.996050119E0,7.164000511E0,4.564050198E0
3.212147641E2,9.315000534E0,6.709050179E0,-7.509000301E0
3.212172078E2,4.663050175E0,6.292050362E0,-5.485950470E0
3.212196512E2,5.559000492E0,5.779950142E0,-3.630000114E0
3.212220949E2,1.007400036E1,5.184000015E0,-1.012605095E1
3.212245385E2,1.957950115E0,6.582000256E0,-6.616050243E0
3.212269822E2,5.205000192E-2,6.916950226E0,3.900000080E-2
3.212294257E2,2.896050215E0,9.141000748E0,-2.766000032E0
3.212318694E2,3.400950193E0,8.035050392E0,-5.494950294E0
3.212343130E2,3.670050144E0,8.794050217E0,-5.356050491E0
3.212367565E2,8.635050774E0,6.298950195E0,-1.060995007E1
3.212392002E2,4.881000042E0,5.301000118E0,-1.061400032E1
3.212416438E2,-1.840950131E0,6.781050205E0,-1.000950098E0
3.212440875E2,2.580000162E-1,4.486950397E0,7.003950119E0
3.212465309E2,6.112050056E0,2.290950060E0,1.243950009E0
3.212489745E2,3.634050131E0,3.313950062E0,-1.162050009E0
3.212514182E2,5.218950272E0,5.694000244E0,3.231000185E0
3.212538617E2,7.150950432E0,5.137950420E0,-4.495050430E0
3.212563053E2,3.057000160E0,5.049000263E0,-2.236950159E0
3.212587490E2,4.420500100E-1,9.879000664E0,3.405000269E-2
3.212611925E2,1.654050112E0,1.287600040E1,5.539500117E-1
3.212636361E2,2.725950241E0,9.505050659E0,-1.948950052E0
3.212660798E2,4.611000061E0,1.240905094E1,-2.530950069E0
3.212685235E2,8.998950005E0,1.247205067E1,-1.262100029E1
3.212709669E2,5.680950165E0,9.445050240E0,-1.443795109E1
3.212734105E2,1.279950023E0,1.132695007E1,-8.494950294E0
3.212758542E2,3.436950207E0,9.859950066E0,-1.915950060E0
3.212782977E2,4.897950172E0,9.736950874E0,-6.147000313E0
3.212807413E2,2.298000097E0,8.148000717E0,-3.910500109E-1
3.212831850E2,5.548950195E0,9.084000587E0,1.987950087E0
3.212856285E2,7.663050175E0,8.085000038E0,-4.963950157E0
3.212880721E2,3.220050097E0,7.996950150E0,-3.831000090E0
3.212905158E2,2.908050060E0,9.760950089E0,1.039950013E0
3.212929595E2,2.935050249E0,1.308195019E1,-4.309500158E-1
3.212954029E2,6.150000095E-1,1.233300018E1,-5.970000029E-1
3.212978465E2,9.229500294E-1,1.139700031E1,2.089500129E-1
3.213002902E2,6.840000153E0,9.936000824E0,-6.985050201E0
3.213027337E2,3.457050085E0,8.677050591E0,-8.208000183E0
3.213051773E2,-6.919500232E-1,9.790050507E0,-6.640500426E-1
3.213076210E2,2.604000092E0,6.595950127E0,1.198050022E0
3.213100645E2,4.644000053E0,7.252050400E0,-4.243050098E0
3.213125081E2,1.411950111E0,5.691000462E0,-9.439500570E-1
3.213149518E2,3.480000257E0,5.962050438E0,1.639500111E-1
3.213173955E2,6.229050159E0,6.016950130E0,-5.103000164E0
3.213198389E2,2.247000217E0,5.104950428E0,-4.264950275E0
3.213222826E2,1.074000001E0,6.318000317E0,3.859500289E-1
3.213247260E2,2.781000137E0,9.691950798E0,-1.557000041E0
3.213271696E2,3.090000153E0,7.441050529E0,-3.582000256E0
3.213296133E2,3.520950079E0,8.476050377E0,-4.384050369E0
3.213320570E2,7.869000435E0,6.642000198E0,-1.014705086E1
3.213345005E2,4.591050148E0,4.894050121E0,-1.040805054E1
3.213369441E2,-1.551000118E0,6.631950378E0,-1.753050089E0
3.213393878E2,8.749500513E-1,4.282950401E0,4.489950180E0
3.213418313E2,5.977950096E0,1.459950089E0,-2.902050257E0
3.213442749E2,2.641950130E0,3.496050119E0,-2.464050055E0
3.213467186E2,6.081000328E0,5.026050091E0,4.179000378E0
3.213491620E2,1.063005066E1,2.655000210E0,-8.031000137E0
3.213516057E2,1.906950116E0,6.271050453E0,-6.496050358E0
3.213540494E2,-2.725050211E0,1.009695053E1,2.541000128E0
3.213564930E2,2.700000048E0,8.077950478E0,-1.827000141E0
3.213589365E2,6.253050327E0,8.956950188E0,-7.119000435E0
3.213613801E2,6.909000397E0,1.042905045E1,-5.995950222E0
3.213638238E2,1.016505051E1,7.908000469E0,-1.128495026E1
3.213662673E2,2.274000168E0,8.731950760E0,-1.109100056E1
3.213687109E2,-2.301000118E0,8.822999954E0,2.683050156E0
3.213711546E2,3.469050169E0,7.306950569E0,2.764050245E0
3.213735980E2,9.148050308E0,7.767000198E0,-9.156000137E0
3.213760416E2,3.756000280E0,8.065950394E0,-3.541950226E0
3.213784853E2,6.639000416E0,7.338000298E0,-3.259050131E0
3.213809288E2,7.632000446E0,8.023050308E0,-7.995000362E0
3.213833725E2,1.582050085E0,9.421050072E0,-2.809050083E0
3.213858161E2,5.640000105E-1,1.230405045E1,3.000000119E-2
3.213882598E2,1.624950051E0,1.390800095E1,2.766000032E0
3.213907033E2,1.924050093E0,1.209105015E1,-9.405000508E-2
3.213931469E2,4.390050411E0,1.407105064E1,-6.250500083E-1
3.213955906E2,6.646050453E0,1.245705032E1,-8.151000023E0
3.213980340E2,3.346050262E0,9.595950127E0,-1.008795071E1
3.214004776E2,1.114950061E0,1.072200012E1,-2.196000099E0
3.214029213E2,3.270000219E0,1.102605057E1,3.910500109E-1
3.214053648E2,4.548000336E0,1.011795044E1,-6.240000248E0
3.214078085E2,1.419000030E0,9.180000305E0,-1.072950006E0
3.214102521E2,3.631050110E0,9.835950851E0,-8.770500422E-1
3.214126956E2,5.410050392E0,9.216000557E0,-4.866000175E0
3.214151393E2,3.496950150E0,9.782999992E0,-2.233950138E0
3.214175829E2,2.638050079E0,1.085595036E1,1.469999999E-1
3.214200263E2,3.466050148E0,1.181595039E1,-2.421000004E0
3.214224700E2,2.805000067E0,1.049400043E1,-1.915950060E0
3.214249137E2,6.046950340E0,9.000000000E0,-5.008950233E0
3.214273573E2,1.049805069E1,6.502950191E0,-1.357095051E1
3.214298008E2,5.551950455E0,5.061000347E0,-1.469400024E1
3.214322445E2,9.690000415E-1,5.136000156E0,-5.842950344E0
3.214346881E2,2.604000092E0,4.828950405E0,-2.325000048E0
3.214371316E2,5.050950050E0,2.647950172E0,-3.829050064E0
3.214395753E2,1.543950081E0,3.691950083E0,1.801050067E0
3.214420189E2,6.208050251E0,5.176050186E0,4.560000420E0
3.214444626E2,8.986950874E0,1.270500124E-1,-4.557000160E0
3.214469060E2,2.425050020E0,1.924950123E0,-5.979000092E0
3.214493496E2,-6.799500585E-1,5.088000298E0,2.430000156E-1
3.214517933E2,4.038000107E0,3.390000105E0,-2.470500171E-1
3.214542368E2,7.720950603E0,2.835000038E0,-1.999950051E0
3.214566805E2,7.924050331E0,4.173000336E0,-1.897050142E0
3.214591241E2,8.824950218E0,3.907050133E0,-3.685050249E0
3.214615676E2,5.440950394E0,1.803000093E0,-1.053795052E1
3.214640112E2,2.167950153E0,2.854050159E0,-1.310895061E1
3.214664549E2,5.496000290E0,3.322950125E0,-1.378005028E1
3.214688983E2,6.612000465E0,1.270500124E-1,-1.156995010E1
3.214713420E2,2.149500102E-1,3.546000242E0,-4.648050308E0
3.214737856E2,1.972050071E0,7.330950260E0,-3.000000026E-3
3.214762291E2,4.090950012E0,8.959050179E0,4.792050362E0
3.214786728E2,3.955050230E0,8.562000275E0,4.162050247E0
3.214811164E2,2.155950069E0,1.504305077E1,1.399500072E-1
3.214835601E2,2.464950085E0,1.658505058E1,-1.138050079E0
3.214860035E2,1.144050002E0,1.604895020E1,-6.040500402E-1
3.214884472E2,3.460500240E-1,1.623300171E1,1.276950002E0
3.214908908E2,2.121000051E0,1.466295052E1,3.235950232E0
3.214933343E2,2.287950039E0,1.228305054E1,8.749500513E-1
3.214957780E2,1.186950088E0,9.832950592E0,-3.930000067E-1
3.214982216E2,1.429050088E0,1.391805077E1,-1.390500069E-1
3.215006651E2,3.193050146E0,1.376505089E1,3.190500140E-1
3.215031088E2,2.038950205E0,7.288050175E0,1.894950032E0
3.215055524E2,7.153050423E0,1.052295017E1,1.111950040E0
3.215079958E2,1.238205051E1,9.946050644E0,-2.117295074E1
3.215104395E2,5.287950039E0,7.846050262E0,-2.293800163E1
3.215128832E2,4.113000393E0,8.728950500E0,-1.783305168E1
3.215153268E2,2.767050028E0,7.495950222E0,-1.026705074E1
3.215177703E2,2.046000004E0,8.976000786E0,-3.718950272E0
3.215202140E2,5.226000309E0,1.292400074E1,3.271950245E0
3.215226576E2,3.592950106E0,9.670050621E0,3.990000248E0
3.215251011E2,2.008050203E0,4.765050411E0,7.516950130E0
3.215275447E2,2.287950039E0,8.406000137E0,2.941050053E0
3.215299884E2,7.054950237E0,9.184050560E0,3.312000275E0
3.215324318E2,6.006000519E0,4.800000191E0,-4.404000282E0
3.215348755E2,4.113000393E0,6.940950394E0,-4.489950180E0
3.215373191E2,8.353050232E0,7.438950539E0,-9.144000053E0
3.215397626E2,6.496950150E0,7.221000195E0,-1.023600006E1
3.215422063E2,1.125000000E0,9.085950851E0,-2.151000023E0
3.215446500E2,2.077050209E0,1.056600094E1,-2.493000031E0
3.215470936E2,4.361999989E0,1.210500050E1,-3.609000206E0
3.215495371E2,3.117000103E0,1.156695080E1,-3.103050232E0
3.215519807E2,7.900050163E0,1.137495041E1,-4.942050457E0
3.215544244E2,6.415950298E0,8.808000565E0,-9.664050102E0
3.215568678E2,1.564950109E0,8.842050552E0,-5.164950371E0
3.215593115E2,9.109500647E-1,6.996000290E0,1.156949997E0
3.215617551E2,4.468950272E0,8.253000259E0,-1.702950120E0
3.215641986E2,2.044049978E0,6.735000134E0,-2.518950224E0
3.215666423E2,1.560000062E0,6.165000439E0,4.699500203E-1
3.215690859E2,4.975050449E0,6.490950108E0,-3.879000187E0
3.215715296E2,3.220050097E0,4.549050331E0,-7.167000294E0
3.215739731E2,1.450500041E-1,6.754050255E0,-6.490500569E-1
3.215764167E2,-4.210500121E-1,7.201950550E0,3.798000097E0
3.215788604E2,3.433050156E0,3.499950171E0,1.078050017E0
3.215813038E2,7.599000454E0,6.079050064E0,-2.212949991E0
3.215837475E2,1.254000092E1,6.139050484E0,-6.420000076E0
3.215861911E2,8.032050133E0,3.751950264E0,-1.338705063E1
3.215886346E2,-2.820000052E-1,6.378000259E0,-9.915000916E0
3.215910783E2,-1.630500108E-1,6.795000553E0,-1.972950101E0
3.215935219E2,4.459950447E0,5.026050091E0,-5.254050255E0
3.215959656E2,2.125050068E0,4.135050297E0,-3.846000195E0
3.215984090E2,2.911050081E0,4.884000301E0,2.340000153E0
3.216008527E2,9.279000282E0,3.895050287E0,-2.971950054E0
3.216032964E2,5.623050213E0,3.634050131E0,-7.012950420E0
3.216057398E2,-2.200500071E-1,6.958050251E0,5.250000358E-1
3.216081834E2,2.335950136E0,7.200000286E0,-1.441950083E0
3.216106271E2,6.741000175E0,6.976950169E0,-5.755950451E0
3.216130706E2,4.102950096E0,9.570000648E0,-4.272000313E0
3.216155143E2,9.430050850E0,8.397000313E0,-4.957050323E0
3.216179579E2,4.335000038E0,7.149000168E0,-7.711950302E0
3.216204014E2,-2.064000130E0,1.041705036E1,7.980000377E-1
3.216228450E2,-1.390500069E-1,8.039999962E0,4.240950108E0
3.216252887E2,5.743050098E0,7.461000443E0,-3.568050146E0
3.216277324E2,3.840000153E0,8.014050484E0,-3.168000221E0
3.216301758E2,6.283950329E0,8.931000710E0,-1.039950013E0
3.216326195E2,7.477050304E0,9.739950180E0,-6.610950470E0
3.216350631E2,4.218000412E0,8.860950470E0,-4.186050415E0
3.216375066E2,3.639000177E0,1.312800026E1,-3.733050108E0
3.216399503E2,5.104050159E0,1.252695084E1,-4.648050308E0
3.216423939E2,4.057950020E0,1.304205036E1,-3.985050201E0
3.216448376E2,5.808000088E0,1.512900066E1,-3.750000238E0
3.216472810E2,9.933000565E0,1.177305031E1,-8.421000481E0
3.216497246E2,4.242000103E0,1.011795044E1,-1.156995010E1
3.216521683E2,2.629500031E-1,1.087500095E1,-4.746000290E0
3.216546118E2,2.121000051E0,1.006500053E1,2.670000196E-1
3.216570555E2,2.938950062E0,1.023495007E1,-2.649000168E0
3.216594991E2,1.476000071E0,7.719000340E0,1.180500090E-1
3.216619426E2,6.282000065E0,9.325950623E0,1.198050022E0
3.216643862E2,7.315950394E0,7.024950504E0,-6.108000278E0
3.216668299E2,2.695050240E0,7.879950523E0,-2.758950233E0
3.216692733E2,2.464950085E0,8.515950203E0,1.311000109E0
3.216717170E2,2.719050169E0,1.021905041E1,1.999500096E-1
3.216741607E2,1.096050024E0,9.886050224E0,9.919500351E-1
3.216766043E2,2.374050140E0,9.322950363E0,6.160500050E-1
3.216790478E2,7.096050262E0,7.956000328E0,-7.462950230E0
3.216814914E2,2.652000189E0,6.025950432E0,-7.605000496E0
3.216839351E2,-3.105000220E-2,7.747950554E0,-1.180950046E0
3.216863786E2,2.631000042E0,7.141950130E0,1.540500075E-1
3.216888222E2,3.949950218E0,5.515950203E0,-4.798950195E0
3.216912659E2,2.839500010E-1,6.177000523E0,-5.080500245E-1
3.216937093E2,3.013950109E0,5.791950226E0,-5.509500504E-1
3.216961530E2,6.469050407E0,4.606950283E0,-7.276950359E0
3.216985967E2,2.428950071E0,4.768950462E0,-6.003000259E0
3.217010404E2,2.173050165E0,5.703000069E0,-1.849050045E0
3.217034838E2,4.057950020E0,6.948000431E0,-4.411050320E0
3.217059274E2,3.169050217E0,7.822050571E0,-5.376000404E0
3.217083711E2,4.093050003E0,8.430000305E0,-3.783000231E0
3.217108146E2,7.536000252E0,4.908000469E0,-7.171050549E0
3.217132582E2,2.479950190E0,4.599000454E0,-8.815950394E0
3.217157019E2,-1.434000015E0,5.239050388E0,-4.368000031E0
3.217181454E2,5.434050083E0,2.473050117E0,-4.050000310E-1
3.217205890E2,8.449049950E0,-8.080500364E-1,-6.706950188E0
3.217230327E2,3.472950220E0,1.285950065E0,-1.413000107E0
3.217254761E2,7.648950577E0,2.953950167E0,-1.011000037E0
3.217279198E2,1.057995033E1,2.722050190E0,-2.356050014E0
3.217303634E2,4.057950020E0,4.614000320E0,-3.349950075E0
3.217328071E2,-1.699500084E-1,8.866050720E0,-5.797050476E0
3.217352506E2,5.074950218E0,7.963050365E0,-1.033905029E1
3.217376942E2,3.375000238E0,8.221950531E0,-9.963000298E0
3.217401379E2,6.013950348E0,8.305950165E0,-2.269950151E0
3.217425814E2,9.733950615E0,6.757050514E0,-5.695950508E0
3.217450250E2,1.666050076E0,7.402950287E0,-3.355050087E0
3.217474687E2,-1.384050012E0,9.547950745E0,5.532000065E0
3.217499121E2,2.082000017E0,8.076000214E0,6.709500551E-1
3.217523558E2,3.775050163E0,9.790050507E0,1.879950047E0
3.217547994E2,3.985950232E0,9.916950226E0,1.252950072E0
3.217572429E2,8.583000183E0,1.022400093E1,-6.252000332E0
3.217596865E2,5.809950352E0,8.392050743E0,-1.006605053E1
3.217621302E2,1.479000092E0,9.799950600E0,-3.649050236E0
3.217645739E2,2.583000183E0,1.311105061E1,-2.929500043E-1
3.217670174E2,3.454050064E0,1.500000095E1,3.390000165E-1
3.217694610E2,2.212050200E0,1.410000038E1,-1.866000056E0
3.217719047E2,3.214950085E0,1.557195091E1,1.786950111E0
3.217743481E2,4.455000401E0,1.369995022E1,-4.264950275E0
3.217767917E2,1.984050035E0,1.078605080E1,-3.343050241E0
3.217792354E2,2.401050091E0,1.294095039E1,-4.356000423E0
3.217816789E2,5.476950169E0,1.249305058E1,-6.082050323E0
3.217841226E2,1.668000102E0,1.067805004E1,-8.035950661E0
3.217865662E2,4.159500301E-1,8.377950668E0,-4.050000310E-1
3.217890099E2,4.156050205E0,8.920950890E0,-5.577000141E0
3.217914533E2,5.925000191E0,7.482000351E0,-6.645000458E0
3.217938970E2,2.944050074E0,6.112950325E0,-2.578950167E0
3.217963407E2,4.627050400E0,6.061950207E0,-1.195050001E0
3.217987842E2,5.113050461E0,6.294000149E0,-4.600050449E0
3.218012278E2,4.924050331E0,6.225000381E0,-5.782950401E0
3.218036715E2,8.286000252E0,7.386000156E0,-3.453000069E0
3.218061149E2,6.399000168E0,3.199050188E0,-7.561950207E0
3.218085586E2,2.700000107E-1,4.669050217E0,-3.783000231E0
3.218110022E2,7.320000529E-1,7.422000408E0,1.083000064E0
3.218134457E2,5.631000042E0,1.771950126E0,-6.490500569E-1
3.218158893E2,2.992050171E0,2.136000156E0,-2.098050117E0
3.218183330E2,3.342000246E0,4.822050095E0,3.094050169E0
3.218207765E2,9.861000061E0,3.187050104E0,-1.717050076E0
3.218232202E2,5.896050453E0,1.482000113E0,-7.612050533E0
3.218256638E2,1.090500057E-1,5.470950127E0,-3.585000277E0
3.218281075E2,2.271000147E0,7.852950573E0,-1.851000071E0
3.218305509E2,3.198000193E0,5.320050240E0,-4.483050346E0
3.218329946E2,4.606050014E0,8.803950310E0,-3.520500064E-1
3.218354382E2,8.857950211E0,8.377950668E0,-5.221950054E0
3.218378817E2,3.907050133E0,6.843000412E0,-8.461950302E0
3.218403253E2,-3.900000155E-1,9.189000130E0,-1.315050006E0
3.218427690E2,1.672950029E0,9.105000496E0,2.505000122E-2
3.218452127E2,4.876049995E0,8.787000656E0,-6.994050503E0
3.218476561E2,1.867050052E0,8.503950119E0,-3.951000214E0
3.218500998E2,3.660000086E0,8.386950493E0,-2.104950190E0
3.218525433E2,6.141000271E0,8.362950325E0,-7.272000313E0
3.218549869E2,2.389050007E0,9.057000160E0,-4.372050285E0
3.218574306E2,1.150950074E0,1.108500099E1,7.050000429E-1
3.218598742E2,3.712950230E0,1.093200016E1,-2.031000137E0
3.218623177E2,2.733000040E0,1.222800064E1,-3.460050106E0
3.218647613E2,7.555950165E0,1.362600040E1,-1.887000084E0
3.218672050E2,9.933000565E0,1.101600075E1,-9.175050735E0
3.218696485E2,4.681950092E0,8.362950325E0,-1.007595062E1
3.218720921E2,1.147950053E0,1.189695072E1,-1.771950126E0
3.218745358E2,4.156050205E0,1.055205059E1,2.479500175E-1
3.218769792E2,4.936050415E0,9.208050728E0,-5.272950172E0
3.218794229E2,2.185050011E0,8.968950272E0,-7.380000353E-1
3.218818665E2,6.706050396E0,8.751000404E0,-2.401950121E0
3.218843102E2,7.608000278E0,6.649050236E0,-9.202050209E0
3.218867537E2,1.963050127E0,8.590950012E0,-4.530000210E0
3.218891973E2,1.660950065E0,9.253950119E0,-8.820000291E-1
3.218916408E2,3.496950150E0,1.030695057E1,-2.494950056E0
3.218940845E2,2.803050041E0,8.734050751E0,-2.269950151E0
3.218965281E2,6.652950287E0,8.728950500E0,-4.198050022E0
3.218989718E2,9.423000336E0,6.057000160E0,-1.196205044E1
3.219014153E2,3.504000187E0,5.185950279E0,-9.202050209E0
3.219038589E2,7.459500432E-1,5.566950321E0,1.651050091E0
3.219063026E2,4.636950016E0,5.278950214E0,2.116950035E0
3.219087460E2,3.307950258E0,3.238950253E0,-1.353000045E0
3.219111897E2,1.756950140E0,4.846050262E0,3.814950228E0
3.219136333E2,7.072050571E0,5.842050076E0,-6.520500183E-1
3.219160770E2,5.662050247E0,3.085950136E0,-7.525950432E0
3.219185205E2,4.005000368E-2,5.365950108E0,-2.922000170E0
3.219209641E2,1.261050105E0,7.815000534E0,-4.650000334E-1
3.219234078E2,2.736000061E0,6.904950142E0,-2.718000174E0
3.219258512E2,2.122950077E0,8.059050560E0,-3.831000090E0
3.219282949E2,6.700950146E0,8.611950874E0,-5.359050274E0
3.219307386E2,6.922950268E0,5.341950417E0,-9.745050430E0
3.219331820E2,-4.305000231E-2,6.871950150E0,-5.910000324E0
3.219356257E2,-1.294950008E0,6.988950253E0,3.714000225E0
3.219380693E2,5.215950012E0,4.666050434E0,-3.280500174E-1
3.219405128E2,5.106000423E0,4.129950047E0,-4.803000450E0
3.219429565E2,2.695050240E0,5.674050331E0,1.347000122E0
3.219454001E2,8.398050308E0,5.254950047E0,-4.300950050E0
3.219478435E2,5.080050468E0,5.011050224E0,-6.027000427E0
3.219502872E2,6.030000448E-1,7.693050385E0,9.799500704E-1
3.219527309E2,9.379500151E-1,1.086000061E1,1.618950129E0
3.219551745E2,1.849950075E0,8.950050354E0,-1.873050094E0
3.219576180E2,4.105050087E0,1.033800030E1,-2.743950129E0
3.219600617E2,9.424950600E0,9.687000275E0,-7.858950138E0
3.219625053E2,6.679050446E0,6.586950302E0,-1.114305019E1
3.219649488E2,1.600500047E-1,8.713050842E0,-5.280000210E0
3.219673925E2,1.077000022E0,7.702050209E0,2.383050203E0
3.219698361E2,5.499000072E0,7.200000286E0,-4.108950138E0
3.219722797E2,3.040050030E0,7.104000568E0,-2.682000160E0
3.219747232E2,3.574050188E0,7.767000198E0,1.102050066E0
3.219771668E2,7.311000347E0,6.988950253E0,-5.493000031E0
3.219796103E2,3.571050167E0,7.093950272E0,-4.714950085E0
3.219820540E2,1.053000093E0,8.952000618E0,1.476000071E0
3.219844976E2,2.092050076E0,1.073595047E1,7.410000563E-1
3.219869413E2,3.058950186E0,1.080105019E1,-1.597050071E0
3.219893847E2,4.990950108E0,1.163895035E1,-1.506000042E0
3.219918284E2,9.555000305E0,1.096305084E1,-8.199000359E0
3.219942720E2,4.528950214E0,8.551950455E0,-9.106050491E0
3.219967155E2,-9.600000083E-2,9.967050552E0,-2.380050182E0
3.219991592E2,1.612950087E0,1.014705086E1,4.078050137E0
3.220016028E2,3.741000175E0,1.021200085E1,-3.373950243E0
3.220040463E2,3.172050238E0,9.361950874E0,-8.149500489E-1
3.220064900E2,5.788950443E0,1.028295040E1,-1.011000037E0
3.220089336E2,8.275950432E0,1.042500019E1,-6.514950275E0
3.220113773E2,4.017000198E0,9.156000137E0,-4.444050312E0
3.220138207E2,2.809950113E0,1.231605053E1,-1.711950064E0
3.220162644E2,2.551050186E0,1.352295017E1,-1.890000105E0
3.220187078E2,1.503000021E0,1.359900093E1,-4.950000439E-3
3.220211515E2,5.626050472E0,1.303905106E1,-2.713050127E0
3.220235952E2,1.032105064E1,1.075995064E1,-1.170405102E1
3.220260388E2,4.195950031E0,9.028950691E0,-1.118205070E1
3.220284823E2,5.119500160E-1,7.944000244E0,-2.412000179E0
3.220309260E2,3.294000149E0,8.179050446E0,4.729500115E-1
3.220333696E2,2.920050144E0,8.989950180E0,-2.821050167E0
3.220358131E2,6.220500469E-1,4.447950363E0,1.186050057E0
3.220382567E2,5.383950233E0,6.093000412E0,-6.280500293E-1
3.220407004E2,5.820000172E0,4.510950089E0,-7.219050407E0
3.220431441E2,2.599050045E0,4.216050148E0,-3.870000124E0
3.220455875E2,2.404950142E0,7.519950390E0,7.890000343E-1
3.220480312E2,1.861950040E0,6.535950184E0,-3.360000253E-1
3.220504748E2,3.198000193E0,6.196050167E0,-1.423050046E0
3.220529183E2,7.843050480E0,8.350950241E0,-1.111050010E0
3.220553620E2,9.085950851E0,3.642000198E0,-9.217950821E0
3.220578056E2,1.204050064E0,5.338950157E0,-8.371050835E0
3.220602491E2,-1.266000032E0,6.330000401E0,7.069500089E-1
3.220626927E2,6.789000511E0,3.745050192E0,-2.245950222E0
3.220651364E2,5.689950466E0,3.832950115E0,-6.862950325E0
3.220675801E2,2.143949986E0,6.658050537E0,2.020500153E-1
3.220700235E2,7.957950592E0,5.679000378E0,-4.222050190E0
3.220724672E2,5.884050369E0,5.133000374E0,-8.280000687E0
3.220749106E2,-3.600000218E-2,8.119050026E0,-4.290000200E-1
3.220773543E2,2.353049994E0,9.145950317E0,-3.400500119E-1
3.220797979E2,5.748000145E0,7.003050327E0,-5.269950390E0
3.220822416E2,4.402050018E0,1.032405090E1,-4.870050430E0
3.220846850E2,1.056000042E1,7.827000141E0,-8.710950851E0
3.220871287E2,7.390050411E0,6.988950253E0,-1.267305088E1
3.220895723E2,-6.409500241E-1,8.701050758E0,-5.923950195E0
3.220920158E2,1.414050102E0,6.655950546E0,3.801000118E0
3.220944595E2,7.765950203E0,5.715000153E0,-2.827950239E0
3.220969031E2,3.976050138E0,5.662050247E0,-1.870050073E0
3.220993466E2,3.931050301E0,6.511950493E0,3.508950233E0
3.221017903E2,1.013400078E1,5.445000172E0,-6.171000481E0
3.221042339E2,4.287000179E0,6.153000355E0,-5.071950436E0
3.221066774E2,3.150000274E-1,9.385950089E0,2.307000160E0
3.221091210E2,3.870000243E-1,1.047000027E1,7.930500507E-1
3.221115647E2,1.369050026E0,9.369000435E0,-8.149500489E-1
3.221140084E2,3.672000170E0,1.188000011E1,-1.200000048E-1
3.221164518E2,7.872000217E0,1.185900021E1,-7.594950199E0
3.221188955E2,3.952050209E0,7.711950302E0,-8.044950485E0
3.221213391E2,1.069050074E0,8.458950043E0,-2.550000191E0
3.221237826E2,2.757000208E0,9.532050133E0,1.042050004E0
3.221262263E2,4.263000011E0,9.250950813E0,-5.163000107E0
3.221286700E2,1.275000095E0,7.936950207E0,-1.372050047E0
3.221311134E2,2.520000219E0,8.595000267E0,1.432950020E0
3.221335571E2,5.106000423E0,8.171999931E0,-5.449950218E0
3.221360007E2,1.936050057E0,7.906050205E0,-3.970050097E0
3.221384444E2,1.645950079E0,8.334000587E0,-4.099500179E-1
3.221408878E2,2.998950243E0,1.010595036E1,-2.668050051E0
3.221433315E2,2.070000172E0,9.440999985E0,-3.499500155E-1
3.221457751E2,5.428950310E0,9.145950317E0,-1.708050132E0
3.221482186E2,7.297050476E0,7.611000538E0,-9.108000755E0
3.221506623E2,3.787050247E0,4.504050255E0,-8.827950478E0
3.221531059E2,5.569500327E-1,7.602000237E0,-3.027000189E0
3.221555494E2,4.800000191E0,3.802050114E0,-3.669000149E0
3.221579931E2,5.941950321E0,3.180000067E0,-6.345000267E0
3.221604367E2,2.077050209E0,5.820000172E0,1.356000066E0
3.221628801E2,9.229050636E0,6.132000446E0,5.200500488E-1
3.221653238E2,7.896000385E0,4.117949963E0,-6.786000252E0
3.221677675E2,8.869500160E-1,8.085000038E0,1.203000069E0
3.221702111E2,2.130000114E0,8.494950294E0,1.279050112E0
3.221726546E2,6.193050385E0,7.393050194E0,-5.764050484E0
3.221750983E2,3.487950087E0,1.019205093E1,-6.514950275E0
3.221775419E2,9.763050079E0,1.046805096E1,-7.162050247E0
3.221799854E2,5.926950455E0,6.742050171E0,-1.185195065E1
3.221824291E2,-1.420050025E0,9.168000221E0,-6.570000052E-1
3.221848727E2,-9.379500151E-1,8.662050247E0,6.444000244E0
3.221873161E2,6.880050182E0,7.723950386E0,-6.660000086E-1
3.221897598E2,4.620000362E0,8.133000374E0,-3.118050098E0
3.221922035E2,2.275950193E0,9.180000305E0,1.476000071E0
3.221946471E2,6.403950214E0,8.248050690E0,-7.405950546E0
3.221970906E2,2.688000202E0,7.960950375E0,-6.304950237E0
3.221995343E2,6.499500275E-1,9.922050476E0,7.720500231E-1
3.222019779E2,2.130000114E0,1.156905079E1,-1.873050094E0
3.222044214E2,1.441050053E0,1.067805004E1,-2.208000183E0
3.222068650E2,3.186000109E0,1.183695030E1,-1.506000042E0
3.222093087E2,7.347000122E0,1.021395016E1,-9.015000343E0
3.222117521E2,4.492950439E0,7.417050362E0,-9.726000786E0
3.222141958E2,8.400000334E-1,9.304050446E0,-3.100950241E0
3.222166395E2,4.639050007E0,7.032000542E0,5.989500284E-1
3.222190829E2,6.253050327E0,5.743950367E0,-4.698000431E0
3.222215266E2,2.455950022E0,6.915000439E0,-1.545000076E0
3.222239702E2,6.564000130E0,7.444050312E0,-6.799500585E-1
3.222264137E2,8.032050133E0,5.145000458E0,-7.071000099E0
3.222288574E2,2.439000130E0,6.225000381E0,-3.805050135E0
3.222313010E2,2.899050236E0,8.854050636E0,-2.299500108E-1
3.222337447E2,3.646050215E0,1.018995094E1,-2.269950151E0
3.222361881E2,2.370000124E0,9.538950920E0,-7.999500632E-1
3.222386318E2,7.575000286E0,1.007700062E1,-2.632050037E0
3.222410755E2,1.010100079E1,7.342950344E0,-1.182600021E1
3.222435189E2,1.678050041E0,8.442000389E0,-8.971950531E0
3.222459626E2,-3.130500019E-1,7.920000553E0,6.259500384E-1
3.222484062E2,6.655050278E0,5.670000076E0,-3.900000080E-2
3.222508499E2,5.323950291E0,6.322950363E0,-4.216950417E0
3.222532934E2,2.311950207E0,8.169000626E0,2.910000086E0
3.222557371E2,7.612950325E0,7.582950592E0,-2.220000029E0
3.222581807E2,5.566050053E0,6.939000130E0,-6.886050224E0
3.222606242E2,1.399950027E0,9.571950912E0,2.790000141E-1
3.222630678E2,2.149049997E0,1.140600014E1,-6.210000515E-1
3.222655115E2,3.102000237E0,9.337950706E0,-4.264950275E0
3.222679549E2,2.800950050E0,1.196700096E1,-1.237950087E0
3.222703986E2,8.467950821E0,1.151895046E1,-7.372050285E0
3.222728422E2,6.088050365E0,8.410950661E0,-1.097595024E1
3.222752857E2,5.449500084E-1,9.337950706E0,-5.538000107E0
3.222777294E2,1.374000072E0,7.992000580E0,1.305000018E-2
3.222801730E2,5.140050411E0,6.939000130E0,-3.285000086E0
3.222826167E2,2.104050159E0,7.317000389E0,-2.002050161E0
3.222850602E2,4.138950348E0,7.201950550E0,3.340500295E-1
3.222875038E2,8.755050659E0,6.136050224E0,-6.645000458E0
3.222899475E2,3.363000154E0,6.322950363E0,-5.091000080E0
3.222923909E2,2.310000181E0,7.695000172E0,7.459500432E-1
3.222948346E2,2.638050079E0,1.036005020E1,-1.012950063E0
3.222972782E2,1.129050016E0,8.818050385E0,-4.605000094E-2
3.222997217E2,3.901950121E0,1.082205009E1,2.449500114E-1
3.223021654E2,9.736950874E0,7.317000389E0,-9.622950554E0
3.223046090E2,4.309050083E0,6.958050251E0,-1.029105091E1
3.223070525E2,-4.950000346E-1,9.426000595E0,-2.637000084E0
3.223094962E2,5.653950214E0,5.794050217E0,5.040000081E-1
3.223119398E2,6.049950123E0,6.025950432E0,-4.273950100E0
3.223143835E2,1.687050104E0,8.362950325E0,2.304000139E0
3.223168269E2,6.682050228E0,6.984000206E0,-1.000950098E0
3.223192706E2,7.797000408E0,7.615950584E0,-8.577000618E0
3.223217142E2,1.297050118E0,8.740950584E0,-3.352050066E0
3.223241577E2,2.271000147E0,1.048200035E1,-1.462950110E0
3.223266014E2,3.301050186E0,8.752950668E0,-4.791000366E0
3.223290450E2,1.986000061E0,1.098000050E1,-2.758950233E0
3.223314885E2,7.359000206E0,1.034100056E1,-4.921050072E0
3.223339322E2,6.768000126E0,6.943050385E0,-1.172505093E1
3.223363758E2,9.210000634E-1,7.710000515E0,-6.436050415E0
3.223388192E2,-3.300000131E-1,5.289000034E0,8.010000587E-1
3.223412629E2,4.528950214E0,3.346950054E0,-2.649000168E0
3.223437066E2,3.009000063E0,3.309000254E0,-5.131050110E0
3.223461502E2,2.346000195E0,4.743000031E0,-5.539500117E-1
3.223485937E2,9.490050316E0,3.108000040E0,-3.304950237E0
3.223510373E2,4.807050228E0,1.936950088E0,-6.357000351E0
3.223534810E2,-1.815000057E0,6.807000160E0,1.858950138E0
3.223559245E2,1.321050048E0,4.318950176E0,4.219950199E0
3.223583681E2,4.516950130E0,2.434950113E0,-1.755000114E0
3.223608118E2,5.014950275E0,7.210950375E0,-1.590000033E0
3.223632553E2,8.683050156E0,3.607950211E0,-6.199050426E0
3.223656989E2,4.186950207E0,3.132000208E0,-1.110795021E1
3.223681426E2,-2.028000116E0,4.908000469E0,-2.773050070E0
3.223705860E2,1.656000137E0,4.867050171E0,3.403050184E0
3.223730297E2,6.193050385E0,3.436050177E0,-3.208950043E0
3.223754733E2,2.815050125E0,5.004000187E0,8.800500631E-1
3.223779170E2,4.576950073E0,9.172050476E0,4.009050369E0
3.223803605E2,7.009950161E0,9.442950249E0,-5.212950230E0
3.223828042E2,2.689950228E0,8.791950226E0,-1.498950124E0
3.223852478E2,2.725950241E0,1.396095085E1,-1.462950110E0
3.223876913E2,4.407000065E0,1.453095055E1,-4.186050415E0
3.223901349E2,3.697950125E0,1.496895027E1,-2.673000097E0
3.223925786E2,4.912050247E0,1.720005035E1,-3.733050108E0
3.223950220E2,5.274000168E0,1.546905041E1,-7.210050106E0
3.223974657E2,8.490000367E-1,1.215300083E1,-6.670950413E0
3.223999093E2,2.247000217E0,1.326900101E1,2.536050081E0
3.224023530E2,4.021950245E0,1.483695030E1,-4.144950390E0
3.224047965E2,4.060050011E0,1.283295059E1,-6.573000431E0
3.224072401E2,2.049000025E0,1.254600048E1,-4.897050381E0
3.224096838E2,5.707050323E0,1.297500038E1,-7.456050396E0
3.224121272E2,5.845950127E0,1.061595058E1,-8.469000816E0
3.224145709E2,3.090000153E0,1.081005096E1,-3.273000240E0
3.224170146E2,5.073000431E0,1.072200012E1,5.130000114E-1
3.224194580E2,4.531949997E0,1.024695015E1,-1.794000030E0
3.224219017E2,3.847050190E0,9.007050514E0,1.330500096E-1
3.224243453E2,7.546050549E0,9.976950645E0,-2.929050207E0
3.224267888E2,6.424950123E0,5.835000515E0,-1.024095058E1
3.224292325E2,1.480950117E0,4.278000355E0,-4.726950169E0
3.224316761E2,-3.829500079E-1,5.832000256E0,1.966950059E0
3.224341198E2,2.475000143E0,2.752950191E0,3.169500232E-1
3.224365633E2,1.096050024E0,3.400050163E0,5.470499992E-1
3.224390069E2,1.788000107E0,5.890050411E0,4.927950382E0
3.224414506E2,9.270000458E0,4.360050201E0,-4.131000042E0
3.224438941E2,3.864000082E0,3.903000116E0,-7.885050297E0
3.224463377E2,1.630050063E0,9.163050652E0,-6.229500175E-1
3.224487814E2,1.512000084E0,8.381999969E0,1.210050106E0
3.224512248E2,1.101000071E0,9.919050217E0,1.110000089E-1
3.224536685E2,5.239950180E0,1.365195084E1,-1.132950068E0
3.224561121E2,9.082950592E0,1.060695076E1,-8.833050728E0
3.224585556E2,3.682050228E0,6.538950443E0,-8.629050255E0
3.224609993E2,1.903050065E0,8.337000847E0,-4.023000240E0
3.224634429E2,6.741000175E0,7.939050198E0,-5.494950294E0
3.224658866E2,4.849950314E0,7.087050438E0,-7.686000347E0
3.224683300E2,1.299000025E0,7.321950436E0,-1.564050078E0
3.224707737E2,7.218000412E0,7.824000359E0,-3.309000254E0
3.224732174E2,6.700950146E0,7.123050213E0,-8.911950111E0
3.224756608E2,2.635050058E0,7.744950294E0,-5.275050163E0
3.224781045E2,2.700000048E0,9.598950386E0,-1.834950089E0
3.224805481E2,8.610000610E-1,7.987050533E0,-3.787950277E0
3.224829916E2,3.559500277E-1,8.647950172E0,-2.524050236E0
3.224854352E2,5.757000446E0,7.297950268E0,-5.659500360E-1
3.224878789E2,1.016295052E1,2.458950043E0,-8.919000626E0
3.224903224E2,2.635050058E0,5.518950462E0,-7.012950420E0
3.224927660E2,2.985000134E0,3.735000134E0,1.095000029E0
3.224952097E2,9.330000877E0,2.065950155E0,-3.490950108E0
3.224976534E2,3.933000088E0,3.244050264E0,5.830500126E-1
3.225000968E2,1.395000100E0,7.662000179E0,7.306050301E0
3.225025404E2,5.305050373E0,8.392050743E0,2.212949991E0
3.225049841E2,4.062000275E0,7.306950569E0,-2.931000233E0
3.225074276E2,1.273050070E0,9.745050430E0,-3.570000231E-1
3.225098712E2,3.691050291E0,1.171005058E1,-4.723950386E0
3.225123149E2,2.017950058E0,1.124295044E1,-6.094050407E0
3.225147584E2,4.534049988E0,1.351605034E1,-3.955950260E0
3.225172020E2,6.957000256E0,1.348005104E1,-1.018605042E1
3.225196457E2,3.628950119E0,1.000305080E1,-9.601950645E0
3.225220894E2,6.379500031E-1,1.045095062E1,2.260500044E-1
3.225245328E2,4.672950268E0,1.222800064E1,2.254050016E0
3.225269764E2,3.334050179E0,1.124805069E1,-7.015950203E0
3.225294201E2,1.849950075E0,1.065705013E1,-2.347050190E0
3.225318636E2,5.592000484E0,9.487950325E0,-4.756050110E0
3.225343072E2,8.322000504E0,8.184000015E0,-1.012095070E1
3.225367509E2,3.337050200E0,7.803000450E0,-5.269950390E0
3.225391944E2,4.483950138E0,8.059050560E0,-4.960500300E-1
3.225416380E2,4.201050282E0,1.021605015E1,-2.407050133E0
3.225440817E2,2.698050022E0,8.242950439E0,-1.320000052E0
3.225465254E2,4.792950153E0,9.574950218E0,-3.015000105E0
3.225489688E2,7.480950356E0,4.056000233E0,-9.586950302E0
3.225514124E2,1.261050105E0,5.704950333E0,-5.602950096E0
3.225538561E2,1.045050025E0,6.238950253E0,3.894000292E0
3.225562996E2,6.694050312E0,2.887050152E0,7.740000486E-1
3.225587432E2,4.330049992E0,2.209950209E0,-1.533000112E0
3.225611869E2,3.258000135E0,7.594950199E0,4.906949997E0
3.225636303E2,7.014000416E0,6.454950333E0,-1.204950094E0
3.225660740E2,3.037950039E0,4.792950153E0,-2.907000065E0
3.225685176E2,4.950000346E-1,8.437050819E0,1.693950057E0
3.225709611E2,3.940500319E-1,1.029795074E1,4.099500179E-1
3.225734047E2,5.089499950E-1,7.852950573E0,-7.549500465E-1
3.225758484E2,5.710500479E-1,1.230195045E1,-2.970000207E-1
3.225782919E2,5.415000439E0,1.065000057E1,-6.340950489E0
3.225807356E2,1.153050065E0,7.018050194E0,-6.975000381E0
3.225831792E2,-9.600000083E-2,5.641050339E0,-2.755950212E0
3.225856227E2,2.470050097E0,8.574000359E0,-2.074050188E0
3.225880664E2,3.313050270E0,7.060950279E0,-6.520050526E0
3.225905100E2,3.439500034E-1,6.948000431E0,-3.027000189E0
3.225929537E2,4.168050289E0,7.168050289E0,-1.648050070E0
3.225953971E2,7.282950401E0,6.181950092E0,-8.578950882E0
3.225978407E2,3.478050232E0,6.088950157E0,-8.287050247E0
3.226002844E2,1.860000134E0,9.622950554E0,-4.144950390E0
3.226027279E2,3.610050201E0,7.309950352E0,-7.012950420E0
3.226051716E2,4.029000282E0,8.884950638E0,-4.498950005E0
3.226076152E2,9.214950562E0,9.838050842E0,-3.570000172E0
3.226100587E2,1.278495026E1,4.195050240E0,-9.997050285E0
3.226125024E2,3.832050085E0,9.511950493E0,-8.006999969E0
3.226149460E2,4.636950016E0,8.614950180E0,-2.040000111E-1
3.226173894E2,1.162305069E1,5.251050472E0,-6.664050102E0
3.226198331E2,5.305050373E0,5.677050114E0,-1.010400009E1
3.226222767E2,5.425050259E0,7.867950439E0,-1.018050075E0
3.226247204E2,1.290405083E1,5.406000137E0,-4.336950302E0
3.226271639E2,6.064050198E0,6.790050507E0,-7.135050297E0
3.226296075E2,3.298950195E0,9.346950531E0,-1.300950050E0
3.226320512E2,6.334050179E0,8.731950760E0,-2.827950239E0
3.226344946E2,5.286000252E0,1.036200047E1,-5.854950428E0
3.226369382E2,5.281050205E0,1.342005062E1,-1.945050120E0
3.226393819E2,9.378000259E0,1.113105011E1,-8.236949921E0
3.226418254E2,2.611050129E0,1.066200066E1,-6.337950230E0
3.226442691E2,-2.025000095E0,1.087005043E1,5.613000393E0
3.226467127E2,-6.769500375E-1,9.757050514E0,-2.299500108E-1
3.226491564E2,2.203950167E0,1.046505070E1,-1.831950068E0
3.226515998E2,2.764950037E0,9.807000160E0,2.139000177E0
3.226540435E2,1.414050102E0,1.010400009E1,1.945050120E0
3.226564872E2,1.420950055E0,1.232100105E1,-1.540500075E-1
3.226589306E2,3.145050049E0,1.053195095E1,-2.574000120E0
3.226613742E2,2.707050085E0,1.199805069E1,-2.257950068E0
3.226638179E2,3.978000164E0,1.248105049E1,2.500500083E-1
3.226662614E2,2.551050186E0,1.241205025E1,-3.630000114E0
3.226687051E2,7.750500441E-1,1.487805080E1,-1.365000010E0
3.226711487E2,3.093000174E0,1.300995064E1,4.597949982E0
3.226735922E2,2.938950062E0,9.658050537E0,-4.308000088E0
3.226760359E2,2.920050144E0,8.638050079E0,-5.500050068E0
3.226784795E2,5.700000286E0,9.582000732E0,-1.112205029E1
3.226809229E2,3.612000227E0,6.646050453E0,-9.265950203E0
3.226833666E2,9.430500269E-1,3.472050190E0,-3.036000252E0
3.226858102E2,4.249050140E0,5.670000076E0,-2.565000057E0
3.226882539E2,5.001000404E0,3.481050253E0,-4.677000046E0
3.226906974E2,2.704950094E0,2.599950075E0,-1.695000008E-2
3.226931410E2,6.406050205E0,6.016950130E0,-1.750500053E-1
3.226955847E2,4.849950314E0,7.141950130E0,-9.169500470E-1
3.226980281E2,3.394050121E0,9.208050728E0,9.780000448E-1
3.227004718E2,1.381050110E0,1.180605030E1,-9.370500445E-1
3.227029155E2,1.624950051E0,4.108950138E0,-8.361000061E0
3.227053589E2,-2.454000235E0,7.980000496E0,-3.264000177E0
3.227078026E2,2.341050148E0,4.627950191E0,-2.716050148E0
3.227102462E2,7.486050129E0,1.513050079E0,-8.569950104E0
3.227126897E2,4.417050362E0,1.776000142E0,-5.668050289E0
3.227151334E2,7.089000225E0,3.358950138E0,2.194050074E0
3.227175770E2,1.095795059E1,2.767950058E0,-4.024950027E0
3.227200207E2,4.471950054E0,3.715950251E0,-5.385000229E0
3.227224641E2,3.145050049E0,6.646050453E0,-1.032000065E0
3.227249078E2,7.098000526E0,4.762050152E0,-5.983950138E0
3.227273515E2,4.891050339E0,7.372050285E0,-7.963950157E0
3.227297949E2,7.639050484E0,8.124000549E0,-4.570950031E0
3.227322386E2,1.031400013E1,6.376050472E0,-9.493950844E0
3.227346822E2,2.509500086E-1,6.565050125E0,-1.100205040E1
3.227371257E2,-1.606050134E0,8.449049950E0,-1.674000025E0
3.227395694E2,7.267950535E0,5.206950188E0,-4.264950275E0
3.227420130E2,4.090950012E0,5.892000198E0,-6.340950489E0
3.227444564E2,-6.580500603E-1,8.703000069E0,6.583050251E0
3.227469001E2,4.716000080E0,7.048950195E0,2.110050201E0
3.227493438E2,5.817000389E0,7.089000225E0,-5.589000225E0
3.227517872E2,6.889500618E-1,1.054395008E1,4.609500170E-1
3.227542309E2,1.980000138E-1,1.049400043E1,-5.179499984E-1
3.227566745E2,8.200500607E-1,1.086300087E1,-3.846000195E0
3.227591182E2,3.346050262E0,1.414095020E1,-3.619500101E-1
3.227615617E2,5.652000427E0,1.380105019E1,-4.345950127E0
3.227640054E2,3.006000042E0,1.037895012E1,-5.526000500E0
3.227664490E2,1.651050091E0,1.164795017E1,-1.605000019E0
3.227688924E2,5.049000263E0,1.375305080E1,5.400000215E-1
3.227713361E2,4.251000404E0,1.139700031E1,-4.413000107E0
3.227737797E2,1.881000042E0,1.067400074E1,-8.050500154E-1
3.227762232E2,4.134000301E0,1.390395069E1,2.910000086E0
3.227786669E2,5.443950176E0,1.192095089E1,-8.407050133E0
3.227811105E2,1.801950097E0,1.035000038E1,-4.441950321E0
3.227835540E2,1.558050036E0,1.209795094E1,-1.945050120E0
3.227859977E2,2.311950207E0,1.291695023E1,-2.473950148E0
3.227884413E2,1.867050052E0,1.157895088E1,-9.340500236E-1
3.227908850E2,8.065950394E0,1.269000053E1,-3.168000221E0
3.227933284E2,7.942950249E0,9.301950455E0,-8.934000015E0
3.227957721E2,3.526050091E0,7.228050232E0,-8.278050423E0
3.227982157E2,2.395950079E0,8.287050247E0,-3.096000195E0
3.228006592E2,4.066950321E0,8.617050171E0,-2.851950169E0
3.228031029E2,1.687050104E0,6.144000053E0,-2.500050068E0
3.228055465E2,1.936050057E0,6.294000149E0,2.686950207E0
3.228079900E2,6.684000492E0,7.789050579E0,-2.151000023E0
3.228104336E2,5.500950336E0,5.433000088E0,-5.926050186E0
3.228128773E2,3.274950266E0,7.357950211E0,-8.740500212E-1
3.228153210E2,4.431000233E0,8.446949959E0,-1.842000127E0
3.228177644E2,2.809950113E0,7.891050339E0,-3.865050077E0
3.228202080E2,3.672000170E0,1.106205082E1,-3.484050274E0
3.228226515E2,7.998000145E0,7.738050461E0,-8.670000076E0
3.228250952E2,3.694050074E0,5.844000340E0,-1.148100090E1
3.228275388E2,-6.559500098E-1,6.103050232E0,-3.460050106E0
3.228299825E2,1.801950097E0,5.488050461E0,2.067000151E0
3.228324260E2,5.932050228E0,3.667950153E0,-1.516050100E0
3.228348696E2,2.511000156E0,5.040000439E0,2.040000111E-1
3.228373133E2,6.724950314E0,6.828000546E0,3.520950079E0
3.228397567E2,8.985000610E0,4.759950161E0,-6.597000122E0
3.228422004E2,6.649500132E-1,7.231050491E0,-5.328000069E0
3.228446440E2,-5.430000424E-1,8.928000450E0,4.905000329E-2
3.228470875E2,3.162000179E0,6.883050442E0,-4.174050331E0
3.228495312E2,2.404950142E0,9.757050514E0,-1.951950073E0
3.228519748E2,6.967050552E0,9.595950127E0,-2.967000246E0
3.228544185E2,8.980050087E0,7.093950272E0,-9.730950356E0
3.228568620E2,1.764000058E0,8.281949997E0,-7.462950230E0
3.228593057E2,8.040000200E-1,8.947050095E0,1.915950060E0
3.228617493E2,5.238000393E0,6.699000359E0,-3.490950108E0
3.228641928E2,3.789000273E0,8.116950035E0,-3.070050240E0
3.228666364E2,4.345050335E0,8.197950363E0,3.070500195E-1
3.228690801E2,8.406000137E0,7.281000137E0,-7.696050167E0
3.228715235E2,3.876000166E0,6.486000538E0,-9.622950554E0
3.228739672E2,1.218000054E0,7.123050213E0,-4.201950073E0
3.228764108E2,4.194000244E0,7.140000343E0,-4.708050251E0
3.228788543E2,4.150950432E0,7.216050148E0,-4.771950245E0
3.228812980E2,5.887050152E0,8.815950394E0,-2.550000191E0
3.228837416E2,8.941950798E0,7.030050278E0,-6.790950298E0
3.228861853E2,3.685950279E0,5.617050171E0,-7.119000435E0
3.228886288E2,-1.204050064E0,5.418000221E0,-3.049500287E-1
3.228910724E2,3.600000143E0,5.092950344E0,3.724050283E0
3.228935161E2,6.090000153E0,1.057950020E0,-4.353000164E0
3.228959595E2,1.857000113E0,4.630050182E0,1.372950077E0
3.228984032E2,7.687050343E0,4.779000282E0,1.813050032E0
3.229008468E2,8.422050476E0,4.177950382E0,-6.463050365E0
3.229032903E2,3.145050049E0,5.143050194E0,7.290000319E-1
3.229057340E2,1.246950030E0,9.726000786E0,2.089050055E0
3.229081776E2,1.443000078E0,9.487950325E0,9.705000371E-2
3.229106211E2,1.242000103E0,9.960000038E0,-7.740000486E-1
3.229130648E2,6.753000259E0,1.272105026E1,-5.574000359E0
3.229155085E2,6.330000401E0,9.795000076E0,-1.240500069E1
3.229179519E2,1.963050127E0,7.840950489E0,-8.419050217E0
3.229203955E2,2.548950195E0,1.030305004E1,-3.409950256E0
3.229228392E2,4.869000435E0,8.061000824E0,-5.665050507E0
3.229252829E2,1.363950014E0,7.693050385E0,-2.364000082E0
3.229277263E2,2.869950056E0,9.709050179E0,1.576050043E0
3.229301700E2,7.723050594E0,7.791000366E0,-5.980950356E0
3.229326136E2,3.898950100E0,6.751950264E0,-7.708050251E0
3.229350571E2,2.767050028E0,7.033950329E0,-2.491050005E0
3.229375008E2,3.961950302E0,9.855000496E0,-3.376050234E0
3.229399444E2,3.580500185E-1,9.682050705E0,-1.516050100E0
3.229423881E2,2.460000068E-1,1.132200050E1,3.291000128E0
3.229448315E2,4.941000462E0,7.135050297E0,-4.546950340E0
3.229472752E2,4.903050423E0,6.160050392E0,-3.412050247E0
3.229497186E2,1.893000126E0,8.587950706E0,2.800050020E0
3.229521623E2,5.239950180E0,6.364050388E0,-1.489500105E-1
3.229546060E2,4.606050014E0,5.119050026E0,-3.790950298E0
3.229570496E2,1.249050021E0,8.442000389E0,1.224000096E0
3.229594931E2,4.801950455E0,9.630000114E0,-2.221950054E0
3.229619368E2,5.880000114E0,8.755949974E0,-9.064949989E0
3.229643804E2,2.041949987E0,9.475950241E0,-2.833050251E0
3.229668239E2,3.016050100E0,1.085595036E1,-2.268000126E0
3.229692676E2,3.649950266E0,9.180000305E0,-5.791950226E0
3.229717112E2,4.420950413E0,1.074105072E1,-3.987000227E0
3.229741546E2,9.526050568E0,1.117605019E1,-8.565000534E0
3.229765983E2,6.871050358E0,8.923050880E0,-1.279995060E1
3.229790419E2,1.522050023E0,9.556050301E0,-5.083950043E0
3.229814856E2,2.310000181E0,8.476050377E0,-5.010000467E-1
3.229839291E2,3.828000069E0,8.242950439E0,-3.208950043E0
3.229863727E2,1.180050015E0,7.570950508E0,-1.312950015E0
3.229888162E2,3.463950157E0,7.474950314E0,2.980500162E-1
3.229912599E2,8.659049988E0,5.421000481E0,-7.365000248E0
3.229937036E2,3.985950232E0,5.848950386E0,-6.846000195E0
3.229961472E2,1.186950088E0,7.899000168E0,1.849500090E-1
3.229985906E2,4.213050365E0,7.000950336E0,-1.570950031E0
3.230010343E2,4.085999966E0,8.581050873E0,-1.155000091E0
3.230034779E2,7.861950397E0,1.012500095E1,-1.225950003E0
3.230059214E2,1.036200047E1,6.948000431E0,-1.006800079E1
3.230083651E2,1.765950084E0,7.246950150E0,-8.911950111E0
3.230108087E2,-6.700500250E-1,8.373000145E0,1.642950058E0
3.230132524E2,5.808000088E0,4.819950104E0,1.014000058E0
3.230156959E2,6.334050179E0,5.440050125E0,-4.935000420E0
3.230181395E2,2.785950184E0,7.578000546E0,-1.500000060E-2
3.230205832E2,6.472950459E0,8.039999962E0,-3.469950199E0
3.230230266E2,5.784000397E0,7.137000561E0,-9.307050705E0
3.230254703E2,4.369500279E-1,8.583000183E0,6.400500536E-1
3.230279140E2,1.459950089E0,1.006500053E1,4.249500334E-1
3.230303574E2,1.978950143E0,1.004400063E1,-2.004000187E0
3.230328011E2,2.050950050E0,1.134900093E1,-3.000000119E-1
3.230352447E2,7.845000267E0,1.116705036E1,-6.340950489E0
3.230376882E2,4.471950054E0,7.767000198E0,-1.042995071E1
3.230401319E2,3.299999982E-2,9.711000443E0,-3.277950048E0
3.230425755E2,1.660950065E0,8.200050354E0,8.050500154E-1
3.230450189E2,4.582050323E0,6.852000237E0,-3.276000261E0
3.230474626E2,1.528950095E0,7.711950302E0,-4.605000094E-2
3.230499063E2,4.951050282E0,8.023050308E0,1.990950108E0
3.230523499E2,8.820000648E0,6.199050426E0,-7.087950230E0
3.230547934E2,3.040050030E0,6.661050320E0,-5.277000427E0
3.230572370E2,2.713950157E0,8.719950676E0,-1.855950117E0
3.230596807E2,4.182000160E0,8.641050339E0,-4.333950043E0
3.230621242E2,3.223950148E0,9.213000298E0,-2.593050241E0
3.230645679E2,7.282950401E0,1.027905083E1,-2.878050089E0
3.230670115E2,1.006200027E1,6.577050209E0,-1.035105038E1
3.230694552E2,3.022950172E0,6.555000305E0,-8.043000221E0
3.230718985E2,5.329500437E-1,7.312050343E0,9.730500579E-1
3.230743422E2,7.153050423E0,4.069950104E0,-1.188000083E0
3.230767859E2,3.627000093E0,4.992000103E0,-4.234050274E0
3.230792294E2,1.414050102E0,7.333950520E0,2.617950201E0
3.230816730E2,9.945000648E0,6.157950401E0,-4.156949997E0
3.230841167E2,5.233050346E0,5.554950237E0,-7.143000126E0
3.230865602E2,-9.910500646E-1,9.654000282E0,2.263950109E0
3.230890038E2,8.680500388E-1,8.629050255E0,1.801050067E0
3.230914475E2,2.298000097E0,7.599000454E0,-2.359050035E0
3.230938909E2,2.602050066E0,1.157595062E1,-5.940000415E-1
3.230963345E2,8.668950081E0,9.169950485E0,-7.296000481E0
3.230987782E2,3.652950287E0,7.591950417E0,-1.051905060E1
3.231012217E2,-5.719500184E-1,1.013505077E1,-1.504050016E0
3.231036653E2,9.810000658E-1,8.313000679E0,1.734000087E0
3.231061090E2,2.499000072E0,7.123050213E0,-3.859950066E0
3.231085527E2,1.285050035E0,8.398950577E0,1.144950032E0
3.231109961E2,4.227000237E0,8.875950813E0,9.300000668E-1
3.231134398E2,6.961950302E0,8.008950233E0,-7.588050365E0
3.231158835E2,2.367000103E0,6.787950516E0,-4.019999981E0
3.231183269E2,2.452950001E0,8.731950760E0,-2.275050163E0
3.231207705E2,3.351000071E0,8.650050163E0,-5.581950188E0
3.231232142E2,2.434050083E0,9.687000275E0,-2.257950068E0
3.231256577E2,6.069000244E0,1.068795013E1,-4.783950329E0
3.231281013E2,6.574050426E0,5.995050430E0,-1.009695053E1
3.231305450E2,1.690050125E0,5.614950180E0,-5.233950138E0
3.231329885E2,-2.250000089E-1,5.953950405E0,2.022000074E0
3.231354321E2,4.636950016E0,3.618000269E0,-8.700000644E-1
3.231378758E2,2.668950081E0,5.641050339E0,-7.090500593E-1
3.231403195E2,2.733000040E0,6.961950302E0,2.718000174E0
3.231427629E2,8.520000458E0,6.840000153E0,-3.120000124E0
3.231452065E2,4.239000320E0,6.759000301E0,-5.577000141E0
3.231476502E2,-5.530500412E-1,1.009200001E1,2.484000206E0
3.231500937E2,3.300000131E-1,9.469050407E0,1.123950005E0
3.231525373E2,1.699050069E0,8.940000534E0,-2.212949991E0
3.231549810E2,5.322000027E0,1.207200050E1,-3.345000267E0
3.231574245E2,1.115205097E1,1.048200035E1,-1.056195068E1
3.231598681E2,6.001950264E0,8.011050224E0,-1.278405094E1
3.231623118E2,1.207950115E0,1.059000015E1,-4.389000416E0
3.231647552E2,2.953950167E0,8.599950790E0,-1.096950054E0
3.231671989E2,4.752000332E0,8.308050156E0,-4.059000015E0
3.231696425E2,2.511000156E0,9.433050156E0,1.009500027E-1
3.231720860E2,7.285050392E0,8.193000793E0,-2.898000240E0
3.231745297E2,7.510050297E0,6.934050560E0,-1.116495037E1
3.231769733E2,2.116050005E0,8.239050865E0,-4.948950291E0
3.231794170E2,3.076050043E0,8.586000443E0,-1.747950077E0
3.231818605E2,2.632950068E0,1.090095043E1,-2.083950043E0
3.231843041E2,2.119500041E-1,9.711000443E0,1.533000112E0
3.231867478E2,4.789950371E0,1.049400043E1,4.390500188E-1
3.231891912E2,7.410000324E0,4.963050365E0,-8.032950401E0
3.231916348E2,2.218950033E0,6.711000443E0,-3.454950094E0
3.231940785E2,2.772000074E0,7.075050354E0,1.555050015E0
3.231965220E2,6.994950294E0,5.527950287E0,-2.809050083E0
3.231989657E2,2.536950111E0,6.334950447E0,2.430000156E-1
3.232014093E2,1.335000038E0,9.924000740E0,3.658950090E0
3.232038530E2,6.423000336E0,9.819000244E0,-3.232950211E0
3.232062965E2,3.102000237E0,7.687950134E0,-5.104950428E0
3.232087401E2,2.098950148E0,1.045305061E1,8.800500631E-1
3.232111838E2,3.868050098E0,1.048395061E1,-4.729050159E0
3.232136272E2,2.686050177E0,9.675000191E0,-2.847000122E0
3.232160709E2,5.329050064E0,1.257195091E1,-3.709050179E0
3.232185146E2,8.650050163E0,1.025205040E1,-1.000095081E1
3.232209580E2,2.926950216E0,9.108000755E0,-7.657050133E0
3.232234016E2,8.800500631E-1,9.466950417E0,-7.710000277E-1
3.232258453E2,3.649950266E0,8.272050858E0,-9.405000508E-2
3.232282888E2,2.164050102E0,7.132050514E0,-2.584050179E0
3.232307325E2,2.815050125E0,6.558000088E0,1.573950052E0
3.232331761E2,7.498050213E0,8.044950485E0,-3.192000151E0
3.232356195E2,5.554050446E0,5.662050247E0,-7.552050591E0
3.232380632E2,2.506050110E0,7.599000454E0,-1.783950090E0
3.232405069E2,4.072050095E0,8.650050163E0,-1.447050095E0
3.232429505E2,2.250000000E0,8.373000145E0,-2.131050110E0
3.232453940E2,2.341050148E0,1.038600063E1,1.798950076E0
3.232478376E2,9.052050591E0,7.920000553E0,-5.803950310E0
3.232502813E2,6.841950417E0,5.143050194E0,-1.071000004E1
3.232527248E2,2.479500175E-1,8.373000145E0,-3.925050259E0
3.232551684E2,4.885950089E0,4.606950283E0,6.430500150E-1
3.232576121E2,7.278000355E0,4.410000324E0,-4.027950287E0
3.232600556E2,1.915050149E0,5.824950218E0,-5.059500337E-1
3.232624992E2,4.888050079E0,7.894050598E0,-8.400000632E-2
3.232649429E2,7.306950569E0,6.019050121E0,-7.485000134E0
3.232673863E2,1.618050098E0,6.709050179E0,-4.819950104E0
3.232698300E2,9.570000172E-1,8.416049957E0,5.970000029E-1
3.232722737E2,3.643050194E0,7.015050411E0,-2.854050159E0
3.232747171E2,3.130950212E0,8.967000008E0,-1.918050051E0
3.232771608E2,7.042950153E0,9.445050240E0,-4.104000092E0
3.232796044E2,7.504950523E0,7.030050278E0,-1.189995098E1
3.232820481E2,1.450500041E-1,8.179050446E0,-6.408000469E0
3.232844916E2,-9.000000358E-1,6.694050312E0,2.437950134E0
3.232869353E2,5.121000290E0,4.555950165E0,4.510500133E-1
3.232893787E2,4.009950161E0,5.854050159E0,-2.625000238E0
3.232918224E2,3.058950186E0,7.507950306E0,2.019000053E0
3.232942660E2,8.286000252E0,6.618000507E0,-4.279050350E0
3.232967097E2,4.996050358E0,6.831000328E0,-7.902000427E0
3.232991531E2,4.519500136E-1,1.021200085E1,-2.950500250E-1
3.233015968E2,8.850000501E-1,1.003200054E1,-9.490500689E-1
3.233040404E2,1.498050094E0,9.663000107E0,-2.119050026E0
3.233064839E2,4.369050026E0,1.164600086E1,-7.909500599E-1
3.233089276E2,9.921000481E0,9.793050766E0,-7.894050598E0
3.233113712E2,4.906949997E0,6.663000107E0,-9.412050247E0
3.233138147E2,1.084050059E0,8.839950562E0,-2.461950064E0
3.233162584E2,4.849950314E0,7.474950314E0,-5.200500488E-1
3.233187020E2,5.554050446E0,7.225950241E0,-4.612050056E0
3.233211457E2,1.837950110E0,9.670050621E0,6.090000272E-1
3.233235891E2,5.451000214E0,9.346950531E0,-1.219050050E0
3.233260328E2,5.599050045E0,7.494000435E0,-6.238050461E0
3.233284762E2,1.069050074E0,9.369000435E0,-1.175999999E0
3.233309199E2,1.444950104E0,1.012800026E1,1.110000089E-1
3.233333636E2,2.845950127E0,8.433000565E0,-3.120000124E0
3.233358072E2,2.721000195E0,1.099395084E1,4.605000094E-2
3.233382507E2,9.636000633E0,9.904950142E0,-5.569950104E0
3.233406944E2,6.643050194E0,8.380050659E0,-1.139700031E1
3.233431380E2,5.209500194E-1,9.010050774E0,-5.323050022E0
3.233455815E2,1.725000024E0,7.923000336E0,1.609500051E-1
3.233480251E2,5.736000061E0,5.502000332E0,-4.624050140E0
3.233504688E2,2.535000086E0,6.328050137E0,-2.938050032E0
3.233529125E2,6.358050346E0,7.281000137E0,-4.699500203E-1
3.233553559E2,1.046895027E1,4.900950432E0,-8.971950531E0
3.233577996E2,3.813000202E0,6.373050213E0,-7.746000290E0
3.233602432E2,2.094000101E0,8.020950317E0,-1.794000030E0
3.233626867E2,3.255000114E0,7.216050148E0,-3.132000208E0
3.233651304E2,1.519950032E0,8.088000298E0,-1.035000086E0
3.233675740E2,5.302950382E0,1.020705032E1,-7.999500632E-1
3.233700175E2,8.556000710E0,6.285000324E0,-7.926000595E0
3.233724611E2,1.792950034E0,7.225950241E0,-5.251050472E0
3.233749048E2,-4.500000179E-2,7.468050480E0,2.661000013E0
3.233773482E2,5.611050129E0,5.209950447E0,6.880500317E-1
3.233797919E2,4.773000240E0,5.943000317E0,-2.332950115E0
3.233822355E2,1.785000086E0,9.318000793E0,2.307000160E0
3.233846790E2,5.524950027E0,8.085000038E0,-2.445000172E0
3.233871227E2,4.795050144E0,7.446000576E0,-7.059000492E0
3.233895663E2,6.310500503E-1,9.864000320E0,-6.760500073E-1
3.233920100E2,2.259000063E0,1.055400085E1,-1.960950136E0
3.233944534E2,2.638050079E0,9.871950150E0,-3.858000278E0
3.233968971E2,4.005000114E0,1.211295033E1,-1.609050035E0
3.233993407E2,8.920050621E0,1.162395096E1,-8.373000145E0
3.234017842E2,4.584000111E0,8.289000511E0,-1.018305016E1
3.234042279E2,3.340500295E-1,9.799950600E0,-3.172950268E0
3.234066715E2,2.956050158E0,8.406000137E0,2.760000229E-1
3.234091152E2,5.686050415E0,7.506000519E0,-3.766950130E0
3.234115587E2,2.161050081E0,8.394000053E0,1.920000017E-1
3.234140023E2,6.009000301E0,9.285000801E0,7.579500079E-1
3.234164457E2,7.498050213E0,7.209000111E0,-6.072000504E0
3.234188894E2,2.295000076E0,8.224050522E0,-3.580050230E0
3.234213330E2,3.282000065E0,9.607950211E0,-8.670000434E-1
3.234237767E2,3.535950184E0,9.553050041E0,-2.349000216E0
3.234262202E2,2.503950119E0,9.970050812E0,-4.939500093E-1
3.234286638E2,7.584000587E0,1.101600075E1,-2.919000149E0
3.234311075E2,7.963050365E0,7.900950432E0,-9.484050751E0
3.234335510E2,1.963050127E0,8.278950691E0,-6.487050533E0
3.234359946E2,2.158950090E0,9.412050247E0,2.205000073E-2
3.234384383E2,5.808000088E0,6.541050434E0,-4.188000202E0
3.234408817E2,1.656000137E0,7.039050102E0,-2.821050167E0
3.234433253E2,3.708000183E0,7.848000526E0,1.533000112E0
3.234457690E2,9.706050873E0,6.388050079E0,-6.309000492E0
3.234482127E2,4.138950348E0,5.916000366E0,-6.859950542E0
3.234506562E2,1.918950081E0,8.695950508E0,-1.066050053E0
3.234530998E2,4.254000187E0,8.095050812E0,-2.869050026E0
3.234555432E2,2.518050194E0,8.329950333E0,-2.337000132E0
3.234579869E2,5.508000374E0,1.117395020E1,-1.024950027E0
3.234604306E2,8.293050766E0,7.269000530E0,-9.178050041E0
3.234628742E2,2.200050116E0,7.273950577E0,-7.783950329E0
3.234653177E2,-9.120000601E-1,6.832950115E0,4.729500115E-1
3.234677613E2,4.110000134E0,3.670050144E0,1.567050099E0
3.234702050E2,4.492950439E0,4.231050014E0,-3.802950144E0
3.234726485E2,1.524000049E0,6.546000481E0,1.399050117E0
3.234750922E2,7.845000267E0,6.144000053E0,-2.553000212E0
3.234775358E2,5.767050266E0,5.401050091E0,-8.875950813E0
3.234799795E2,-7.519500256E-1,8.770050049E0,-1.212000012E0
3.234824229E2,-9.000000544E-3,8.049000740E0,1.035000086E0
3.234848665E2,1.963050127E0,7.281000137E0,-2.239050150E0
3.234873102E2,3.897000074E0,9.440999985E0,-1.324950099E0
3.234897537E2,9.967050552E0,7.827000141E0,-6.867000103E0
3.234921973E2,5.832000256E0,5.502000332E0,-1.156500053E1
3.234946410E2,-8.400000334E-1,8.322000504E0,-3.703950167E0
3.234970844E2,1.939050078E0,5.422950268E0,4.939500093E-1
3.234995281E2,5.841000080E0,5.203050137E0,-3.520050049E0
3.235019717E2,9.949500561E-1,6.261000156E0,-2.710500062E-1
3.235044152E2,4.927050114E0,6.271050453E0,1.429950118E0
3.235068588E2,9.351000786E0,5.433000088E0,-7.657050133E0
3.235093025E2,1.777950048E0,6.433050156E0,-5.653050423E0
3.235117460E2,-9.795000404E-2,8.598000526E0,9.630000591E-1
3.235141897E2,3.868050098E0,7.381050587E0,-2.755950212E0
3.235166333E2,3.424950123E0,9.610950470E0,-2.313000202E0
3.235190770E2,6.439950466E0,1.057800007E1,-2.731950045E0
3.235215204E2,7.359000206E0,7.518000126E0,-8.871000290E0
3.235239640E2,-1.319999993E-1,7.980000496E0,-4.794000149E0
3.235264077E2,-7.609500289E-1,7.698000431E0,3.327000141E0
3.235288512E2,7.021950245E0,5.076000214E0,-2.052000046E0
3.235312948E2,4.986000061E0,6.214950085E0,-5.268000126E0
3.235337385E2,3.988050222E0,8.911050797E0,-4.699500203E-1
3.235361820E2,8.734050751E0,8.947050095E0,-5.874000072E0
3.235386256E2,3.997950077E0,7.923000336E0,-6.532050133E0
3.235410693E2,8.560500145E-1,1.137795067E1,1.504950047E0
3.235435127E2,2.500950098E0,1.168905067E1,-3.910500109E-1
3.235459564E2,2.287950039E0,1.031400013E1,-2.461950064E0
3.235484001E2,4.540950298E0,1.355400085E1,-6.829500198E-1
3.235508435E2,9.496950150E0,1.099695015E1,-7.747950554E0
3.235532872E2,3.784950256E0,8.751000404E0,-8.698950768E0
3.235557308E2,6.460500360E-1,1.147305012E1,-1.236000061E0
3.235581745E2,2.902950048E0,1.028295040E1,1.234050035E0
3.235606180E2,3.034950256E0,9.213000298E0,-3.580050230E0
3.235630616E2,6.100500226E-1,1.140600014E1,1.806000113E0
3.235655053E2,2.427000046E0,1.195005035E1,2.863950253E0
3.235679487E2,5.365050316E0,1.072605038E1,-3.943950176E0
3.235703924E2,3.181050062E0,1.024305058E1,-2.827950239E0
3.235728361E2,4.350000381E0,1.175100040E1,-3.163050175E0
3.235752795E2,2.776950121E0,1.126500034E1,-4.317000389E0
3.235777231E2,2.029950142E0,1.259100056E1,4.390500188E-1
3.235801668E2,8.680950165E0,1.238100052E1,-4.698000431E0
3.235826103E2,5.893950462E0,9.595950127E0,-9.685050011E0
3.235850540E2,1.488000035E0,9.181950569E0,-4.933050156E0
3.235874976E2,2.362050056E0,7.666050434E0,-1.042050004E0
3.235899411E2,4.984050274E0,6.979050159E0,-4.189949989E0
3.235923847E2,2.382000208E0,6.790050507E0,-3.082050085E0
3.235948284E2,5.935050488E0,7.444050312E0,-8.410500288E-1
3.235972718E2,8.889000893E0,5.785050392E0,-7.509000301E0
3.235997155E2,4.249050140E0,5.844000340E0,-6.136950493E0
3.236021592E2,3.154950142E0,6.703950405E0,3.340500295E-1
3.236046026E2,4.359000206E0,7.477050304E0,-2.239050150E0
3.236070463E2,2.140050173E0,7.291050434E0,-8.790000677E-1
3.236094900E2,5.070000172E0,9.915000916E0,-1.192950010E0
3.236119336E2,8.500950813E0,5.125950336E0,-7.815000534E0
3.236143771E2,1.821000099E0,6.160050392E0,-8.292000771E0
3.236168208E2,-3.850500286E-1,5.739000320E0,-1.759950042E0
3.236192644E2,5.839050293E0,3.904950142E0,-8.820000291E-1
3.236217078E2,3.958950281E0,2.188050032E0,-4.546950340E0
3.236241515E2,2.532000065E0,5.670000076E0,1.311000109E0
3.236265951E2,9.406050682E0,4.137000084E0,-1.899000049E0
3.236290386E2,4.860000134E0,3.807000160E0,-8.095950127E0
3.236314823E2,4.050000105E-3,6.675000191E0,-1.381950021E0
3.236339260E2,3.820050240E0,5.442000389E0,-2.554950237E0
3.236363696E2,2.923050165E0,5.346000195E0,-5.409000397E0
3.236388131E2,3.925950289E0,8.059050560E0,-7.240500450E-1
3.236412568E2,9.615000725E0,4.731000423E0,-6.156000137E0
3.236437001E2,2.227950096E0,4.458000183E0,-8.637000084E0
3.236461438E2,-1.096050024E0,5.695950508E0,9.195000678E-2
3.236485875E2,5.371950150E0,4.019999981E0,1.420500129E-1
3.236510311E2,5.856000423E0,2.611950159E0,-5.706000328E0
3.236534746E2,-6.220500469E-1,5.704950333E0,2.377950191E0
3.236559183E2,4.351950169E0,6.429000378E0,1.464000106E0
3.236583619E2,6.777000427E0,4.256999969E0,-6.336000443E0
3.236608054E2,1.807050109E0,5.494950294E0,-2.649000168E0
3.236632491E2,2.082000017E0,8.422950745E0,1.204950094E0
3.236656927E2,2.749950171E0,6.517050266E0,-3.226050138E0
3.236681361E2,1.639050126E0,9.271050453E0,-1.180950046E0
3.236705798E2,6.153000355E0,1.071000004E1,-2.385000229E0
3.236730235E2,6.246000290E0,8.266950607E0,-8.171999931E0
3.236754671E2,1.081050038E0,8.683950424E0,-2.725050211E0
3.236779106E2,1.290000081E0,1.037895012E1,2.290050030E0
3.236803542E2,3.412950277E0,9.012000084E0,-1.377000093E0
3.236827979E2,1.821000099E0,9.799950600E0,-1.971000075E0
3.236852414E2,4.912050247E0,1.193295097E1,1.621950030E0
3.236876851E2,6.700950146E0,1.252005100E1,-4.678950310E0
3.236901287E2,4.408950329E0,1.035795021E1,-5.062050343E0
3.236925724E2,3.291000128E0,1.387005043E1,-2.989050150E0
3.236950158E2,4.024050236E0,1.312800026E1,-3.730950117E0
3.236974595E2,2.110949993E0,1.285005093E1,-6.250500083E-1
3.236999031E2,2.488950014E0,1.446105099E1,1.390050054E0
3.237023466E2,7.182000160E0,1.266600037E1,-5.602950096E0
3.237047902E2,3.732000113E0,1.059900093E1,-8.677050591E0
3.237072339E2,1.297050118E0,1.075500011E1,-4.473000050E0
3.237096774E2,3.859050274E0,1.058700085E1,-2.871000051E0
3.237121210E2,3.492000103E0,9.826050758E0,-5.550000191E0
3.237145647E2,1.330050111E0,7.992000580E0,1.710000038E-1
3.237170082E2,6.433050156E0,1.038405037E1,6.430500150E-1
3.237194518E2,5.515950203E0,8.670000076E0,-3.544050217E0
3.237218955E2,2.182950020E0,7.152000427E0,-4.030500054E-1
3.237243389E2,4.608000278E0,8.976000786E0,-7.210500240E-1
3.237267825E2,4.122000217E0,7.972950459E0,-5.974050522E0
3.237292262E2,1.246950030E0,6.073950291E0,-2.389950037E0
3.237316699E2,3.592950106E0,7.282950401E0,-1.542000055E0
3.237341133E2,5.323950291E0,5.728950500E0,-6.285000324E0
3.237365570E2,1.882950068E0,4.918050289E0,-4.662000179E0
3.237390007E2,2.650050163E0,5.808000088E0,7.339500189E-1
3.237414441E2,7.747050285E0,5.455950260E0,-3.621000290E0
3.237438878E2,4.038000107E0,5.385000229E0,-4.753050327E0
3.237463314E2,1.584000111E0,1.087500095E1,1.174050093E0
3.237487749E2,5.929950237E0,8.440050125E0,-3.736050129E0
3.237512185E2,3.579000235E0,7.446000576E0,-5.980950356E0
3.237536622E2,5.790000558E-1,9.204000473E0,-2.350500077E-1
3.237561057E2,5.089050293E0,6.136050224E0,-2.799000025E0
3.237585494E2,5.065050125E0,6.462000370E0,-5.953050137E0
3.237609930E2,3.370050192E0,8.401050568E0,-1.344000101E0
3.237634367E2,8.560950279E0,7.936950207E0,-4.234050274E0
3.237658801E2,4.836000443E0,8.061000824E0,-8.968950272E0
3.237683238E2,1.549500078E-1,9.742050171E0,-3.120000064E-1
3.237707674E2,6.600000262E-1,9.694050789E0,1.746000051E0
3.237732109E2,4.635000229E0,8.875950813E0,-4.375050068E0
3.237756545E2,1.548000097E0,8.671950340E0,-3.048000097E0
3.237780982E2,2.997000217E0,7.959000587E0,2.710500062E-1
3.237805417E2,7.987050533E0,7.530000210E0,-5.080950260E0
3.237829853E2,4.864050388E0,7.312050343E0,-3.409950256E0
3.237854290E2,3.082950115E0,9.232050896E0,1.489950061E0
3.237878724E2,4.857000351E0,8.764950752E0,-1.059000015E0
3.237903161E2,3.105000257E0,8.964000702E0,-2.755950212E0
3.237927598E2,2.250000000E0,1.094700050E1,1.108950019E0
3.237952032E2,6.547950268E0,9.579000473E0,-4.207050323E0
3.237976469E2,4.783050060E0,9.184050560E0,-6.348000526E0
3.238000905E2,1.357050061E0,9.460050583E0,-1.054050088E0
3.238025340E2,2.793000221E0,1.005405045E1,6.499500275E-1
3.238049777E2,5.587050438E0,1.124295044E1,-3.691950083E0
3.238074213E2,2.484000206E0,9.891000748E0,-2.923950195E0
3.238098647E2,2.857950211E0,1.152600098E1,7.170000076E-1
3.238123084E2,5.404950142E0,1.100595093E1,-4.083000183E0
3.238147521E2,1.893000126E0,1.037700081E1,-3.324000120E0
3.238171955E2,1.873950124E0,1.098495007E1,1.969500035E-1
3.238196392E2,5.853000164E0,1.041000080E1,-4.609050274E0
3.238220828E2,2.938950062E0,9.292050362E0,-6.214050293E0
3.238245265E2,1.503000021E0,8.923050880E0,-2.140500098E-1
3.238269700E2,5.880000114E0,8.641050339E0,-2.835000038E0
3.238294137E2,4.146000385E0,7.420050144E0,-4.887000084E0
3.238318573E2,1.069050074E0,5.743950367E0,1.306050062E0
3.238343007E2,4.345050335E0,6.409050465E0,7.099500299E-1
3.238367444E2,6.391950130E0,7.633050442E0,-5.031000137E0
3.238391881E2,3.463950157E0,5.728950500E0,-4.822950363E0
3.238416315E2,1.986000061E0,6.448050499E0,-1.401000023E0
3.238440752E2,3.844050169E0,7.939050198E0,-3.810000181E0
3.238465188E2,1.600950122E0,7.623000145E0,-3.241950035E0
3.238489623E2,-9.360000491E-1,6.412050247E0,1.873050094E0
3.238514060E2,2.475000143E0,4.699950218E0,-5.440500379E-1
3.238538497E2,5.395950317E0,3.667950153E0,-6.763950348E0
3.238562930E2,1.462050080E0,4.441050053E0,-4.018050194E0
3.238587367E2,5.731050491E0,4.788000107E0,-1.710000038E0
3.238611804E2,6.253050327E0,4.852950096E0,-4.417950153E0
3.238636241E2,-6.580500603E-1,6.559950352E0,6.709500551E-1
3.238660675E2,-2.337000132E0,6.985950470E0,3.561000109E0
3.238685112E2,5.022000313E0,7.120950222E0,-7.810500264E-1
3.238709548E2,4.429050446E0,6.823950291E0,-8.313000679E0
3.238733983E2,1.026000023E0,7.245000362E0,-1.309950113E0
3.238758420E2,3.363000154E0,7.185000420E0,-2.293950081E0
3.238782856E2,3.837000132E0,7.597050190E0,-4.387050152E0
3.238807293E2,1.507950068E0,8.410950661E0,1.027950048E0
3.238831727E2,3.451950073E0,9.049950600E0,8.440500498E-1
3.238856163E2,6.868050098E0,1.038405037E1,-6.829050541E0
3.238880600E2,4.096050262E0,8.690999985E0,-6.028950214E0
3.238905035E2,3.301050186E0,1.009395027E1,-3.745050192E0
3.238929471E2,5.008050442E0,1.088700008E1,-5.634000301E0
3.238953908E2,1.093050003E0,1.076700020E1,-2.689050198E0
3.238978343E2,5.430000424E-1,9.904950142E0,3.187950134E0
3.239002779E2,5.638050079E0,1.039605045E1,1.005000062E-2
3.239027216E2,9.226950645E0,1.004400063E1,-8.730000496E0
3.239051650E2,3.910950184E0,9.484050751E0,-7.459050179E0
3.239076086E2,4.096050262E0,1.100895023E1,-2.482950211E0
3.239100523E2,4.831050396E0,1.112400055E1,-2.194050074E0
3.239124958E2,1.596000075E0,1.067400074E1,6.070500016E-1
3.239149395E2,2.856000185E0,1.038900089E1,2.469000101E0
3.239173831E2,7.158000469E0,9.421050072E0,-3.454950094E0
3.239198268E2,5.614050388E0,7.480050564E0,-8.566950798E0
3.239222703E2,1.720950127E0,8.425050735E0,-5.710950375E0
3.239247139E2,5.724000454E0,9.034049988E0,-2.895000219E0
3.239271576E2,4.134000301E0,8.952000618E0,-4.237950325E0
3.239296010E2,2.650500238E-1,7.374000549E0,1.878000140E0
3.239320446E2,1.927050114E0,6.157950401E0,1.726950049E0
3.239344883E2,6.214950085E0,7.285950184E0,-4.237950325E0
3.239369318E2,4.669950008E0,4.915050030E0,-8.911950111E0
3.239393754E2,1.441050053E0,5.032950401E0,-3.229950190E0
3.239418191E2,3.646050215E0,6.907050133E0,-8.410500288E-1
3.239442626E2,2.724000216E0,6.723000526E0,-9.870000482E-1
3.239467063E2,1.840500087E-1,7.306950569E0,3.097050190E0
3.239491499E2,-5.860500336E-1,6.694050312E0,3.997050285E0
3.239515936E2,5.118000031E0,7.057950497E0,-1.249500066E-1
3.239540370E2,3.829950094E0,7.087050438E0,-3.280950069E0
3.239564807E2,1.105050087E0,7.786050320E0,1.801050067E0
3.239589243E2,1.192050099E0,1.014000034E1,1.117050052E0
3.239613678E2,2.947050095E0,1.158795071E1,5.590500236E-1
3.239638114E2,2.359950066E0,1.038900089E1,-1.722000122E0
3.239662551E2,1.162950039E0,1.138995075E1,7.579500079E-1
3.239686986E2,5.073000431E0,1.330995083E1,2.338050127E0
3.239711422E2,3.181050062E0,1.124805069E1,-7.401000500E0
3.239735859E2,4.624950409E0,1.119105053E1,-4.882050037E0
3.239760293E2,6.375000477E0,1.243305016E1,-8.287050247E0
3.239784730E2,3.745950222E0,1.404705048E1,-5.998050213E0
3.239809167E2,7.270500064E-1,1.306305027E1,-6.349500418E-1
3.239833601E2,5.206950188E0,1.313295078E1,-9.970500469E-1
3.239858038E2,7.038000107E0,1.246695042E1,-6.802950382E0
3.239882474E2,3.337050200E0,1.106895065E1,-5.814000130E0
3.239906911E2,3.703050137E0,9.828000069E0,-3.408000231E0
3.239931346E2,5.358000278E0,1.204995060E1,-4.321950436E0
3.239955782E2,2.602050066E0,9.811950684E0,-3.228000164E0
3.239980219E2,1.086000085E0,6.972000122E0,1.969050050E0
3.240004654E2,3.022950172E0,8.314949989E0,5.110500455E-1
3.240029090E2,6.703050137E0,7.195050240E0,-6.196950436E0
3.240053527E2,2.926950216E0,5.947050095E0,-5.304000378E0
3.240077962E2,1.038000107E0,6.226950169E0,3.340500295E-1
3.240102398E2,4.393050194E0,6.333000183E0,1.710000038E-1
3.240126835E2,3.258000135E0,5.101950169E0,-2.373000145E0
3.240151269E2,1.113000035E0,4.666050434E0,7.120500207E-1
3.240175706E2,7.021950245E0,5.326950073E0,-7.470000386E-1
3.240200142E2,7.668000221E0,4.087049961E0,-8.409000397E0
3.240224577E2,1.624950051E0,6.201000214E0,-4.000950336E0
3.240249014E2,1.534050107E0,9.103050232E0,4.531050205E0
3.240273450E2,4.570050240E0,8.988000870E0,-6.300000548E-1
3.240297885E2,2.872050047E0,1.018005085E1,-1.071000099E0
3.240322322E2,4.350000322E-1,1.117605019E1,1.873050094E0
3.240346758E2,4.396950245E0,9.097949982E0,-3.010050058E0
3.240371192E2,7.078950405E0,1.050105095E1,-9.802950859E0
3.240395629E2,3.427950144E0,1.051800060E1,-7.758000374E0
3.240420066E2,8.730000257E-1,1.088895035E1,-6.880500317E-1
3.240444502E2,2.341050148E0,1.206495094E1,-6.280500293E-1
3.240468937E2,2.719050169E0,1.236405087E1,-3.960000277E-1
3.240493374E2,1.206000090E0,1.005405045E1,1.369500011E-1
3.240517810E2,4.255949974E0,8.005949974E0,-3.403050184E0
3.240542245E2,5.965950489E0,9.559950829E0,-8.862000465E0
3.240566682E2,2.049000025E0,8.071050644E0,-6.586950302E0
3.240591118E2,1.981950045E0,5.791950226E0,1.264950037E0
3.240615552E2,5.425050259E0,1.063800049E1,-2.895000204E-2
3.240639989E2,2.170950174E0,7.578000546E0,-7.380000353E-1
3.240664426E2,1.117050052E0,6.466950417E0,5.278050423E0
3.240688860E2,4.263000011E0,8.041950226E0,4.111950397E0
3.240713297E2,7.843050480E0,6.156000137E0,-6.661050320E0
3.240737733E2,2.860050201E0,6.721050262E0,-8.092950821E0
3.240762168E2,9.930000305E-1,6.370950222E0,-2.650950193E0
3.240786605E2,5.568000317E0,6.565050125E0,-2.050050020E0
3.240811041E2,3.636000156E0,8.188050270E0,-3.441000223E0
3.240835478E2,9.499500394E-1,8.491950035E0,6.930000186E-1
3.240859913E2,5.499000072E0,6.948000431E0,-2.866050243E0
3.240884349E2,7.917000294E0,7.747950554E0,-8.802000046E0
3.240908786E2,1.795050144E0,8.092950821E0,-7.261950493E0
3.240933220E2,6.910500526E-1,8.176050186E0,-1.011000037E0
3.240957656E2,5.251950264E0,9.108000755E0,-7.240500450E-1
3.240982093E2,4.014000416E0,8.320050240E0,-3.460050106E0
3.241006530E2,7.200000286E-1,7.129950523E0,7.800000161E-2
3.241030965E2,6.163950443E0,6.847950459E0,-1.510950089E0
3.241055401E2,1.033995056E1,8.449049950E0,-9.379050255E0
3.241079838E2,3.100050211E0,7.947000504E0,-8.899950027E0
3.241104273E2,-1.390950084E0,7.948950291E0,2.125050068E0
3.241128709E2,1.156050086E0,9.472050667E0,5.010000229E0
3.241153146E2,4.357050419E0,8.184000015E0,7.669500113E-1
3.241177580E2,3.343950272E0,8.430000305E0,2.009999990E0
3.241202016E2,6.864000320E0,8.513999939E0,-5.490000248E-1
3.241226453E2,8.499000549E0,9.084000587E0,-7.978050232E0
3.241250888E2,2.338050127E0,9.591000557E0,-6.826950550E0
3.241275324E2,-1.339500099E-1,1.003005028E1,1.106999993E0
3.241299761E2,1.168050051E0,1.266600037E1,1.512000084E0
3.241324196E2,2.419950008E0,1.213695049E1,-3.195000067E-2
3.241348632E2,1.426050067E0,1.079295063E1,-6.420000196E-1
3.241373069E2,1.060050011E0,9.469050407E0,9.229500294E-1
3.241397506E2,1.939050078E0,1.217205048E1,6.259500384E-1
3.241421940E2,3.765000105E0,1.316400051E1,-6.040500402E-1
3.241446376E2,2.547000170E0,9.141000748E0,-8.460000157E-1
3.241470813E2,2.298000097E0,1.037400055E1,-1.471050024E0
3.241495248E2,3.526050091E0,1.283295059E1,-4.534950256E0
3.241519684E2,7.699500322E-1,1.112595081E1,-3.525000095E0
3.241544121E2,4.500000179E-2,8.047050476E0,-1.039950013E0
3.241568556E2,3.448950052E0,8.623950005E0,-4.498950005E0
3.241592992E2,4.273050308E0,9.634950638E0,-5.734950066E0
3.241617429E2,1.696950078E0,6.855000496E0,-2.011950016E0
3.241641863E2,4.254000187E0,6.180000305E0,-1.249500066E-1
3.241666300E2,5.653950214E0,9.148050308E0,-3.340950251E0
3.241690736E2,2.082000017E0,6.606000423E0,-1.365000010E0
3.241715171E2,1.512000084E0,4.780950069E0,9.079500437E-1
3.241739608E2,7.465050220E0,6.697050095E0,-4.341000080E0
3.241764044E2,9.463950157E0,5.464050293E0,-1.208895016E1
3.241788479E2,3.229050159E0,5.662050247E0,-8.833050728E0
3.241812916E2,1.986000061E0,5.353950024E0,-2.215050220E0
3.241837352E2,6.949950218E0,6.852000237E0,-2.842050076E0
3.241861786E2,5.556000233E0,7.663950443E0,-3.982050180E0
3.241886223E2,3.492000103E0,7.864950180E0,-4.189500213E-1
3.241910659E2,1.010100079E1,5.974050522E0,-2.743950129E0
3.241935096E2,1.290705109E1,5.161950111E0,-1.071495056E1
3.241959531E2,1.623000026E0,6.193950176E0,-8.905050278E0
3.241983967E2,2.121000051E0,6.180000305E0,-2.265000105E0
3.242008404E2,1.002195072E1,5.550000191E0,-2.179050207E0
3.242032839E2,6.478050232E0,6.781050205E0,-1.018050075E0
3.242057276E2,2.082000017E0,8.020950317E0,6.877050400E0
3.242081712E2,6.106950283E0,7.566000462E0,3.231000185E0
3.242106146E2,8.820000648E0,9.625050545E0,-5.277000427E0
3.242130583E2,2.974950075E0,1.091295052E1,-5.175000191E0
3.242155019E2,-3.490500152E-1,1.059900093E1,1.066050053E0
3.242179454E2,-1.294950008E0,1.376505089E1,4.339500070E-1
3.242203891E2,-5.389500260E-1,1.256295013E1,-2.586000204E0
3.242228327E2,-2.440500110E-1,1.241205025E1,9.709500670E-1
3.242252762E2,-6.390000582E-1,1.204605103E1,6.109500527E-1
3.242277198E2,2.428950071E0,1.258395100E1,2.308950186E0
3.242301635E2,4.507950306E0,1.343205070E1,-7.131000519E0
3.242326071E2,3.627000093E0,1.143000031E1,-3.940950155E0
3.242350506E2,2.559000015E0,1.198305035E1,-6.666000366E0
3.242374943E2,3.508950233E0,1.305795097E1,-4.150050163E0
3.242399379E2,1.062000036E0,1.079805088E1,2.830500007E-1
3.242423814E2,-3.760500252E-1,8.458950043E0,1.057050109E0
3.242448251E2,2.009999990E0,1.124595070E1,2.239950180E0
3.242472687E2,5.839050293E0,1.307805061E1,-2.947950125E0
3.242497121E2,2.317050219E0,8.385000229E0,-5.377950191E0
3.242521558E2,4.101000309E0,5.458950043E0,-2.373000145E0
3.242545995E2,5.146950245E0,6.286950111E0,-4.554000378E0
3.242570429E2,3.523950100E0,6.948000431E0,-5.296950340E0
3.242594866E2,1.900050044E0,3.730050087E0,-4.156949997E0
3.242619302E2,5.614050388E0,4.207050323E0,-2.349000216E0
3.242643737E2,7.681950569E0,5.989950180E0,-3.775950193E0
3.242668174E2,2.944050074E0,4.812000275E0,-2.740050077E0
3.242692610E2,2.500950098E0,5.064000130E0,2.548050165E0
3.242717047E2,3.909000158E0,1.005405045E1,3.790500164E-1
3.242741481E2,2.128050089E0,6.378000259E0,-1.557000041E0
3.242765918E2,-2.920500040E-1,5.623950481E0,2.014950037E0
3.242790355E2,1.644000053E0,5.476050377E0,-2.400000021E-2
3.242814789E2,9.823050499E0,4.839000225E0,-8.500050545E0
3.242839225E2,5.326050282E0,5.032950401E0,-1.052805042E1
3.242863662E2,6.100500226E-1,5.088000298E0,-4.750500321E-1
3.242888099E2,6.138000488E0,6.117000103E0,2.374050140E0
3.242912534E2,8.158950806E0,8.002050400E0,-3.319050074E0
3.242936970E2,1.963050127E0,1.037895012E1,-2.737050056E0
3.242961407E2,1.366050124E0,9.325950623E0,-9.490500689E-1
3.242985841E2,6.586050510E0,9.354000092E0,-5.802000046E0
3.243010278E2,4.783050060E0,9.201000214E0,-7.284000397E0
3.243034714E2,-8.100000024E-2,1.018305016E1,-5.179499984E-1
3.243059149E2,-1.055999994E0,1.041705036E1,2.038050175E0
3.243083585E2,2.911050081E0,1.173705101E1,-1.392000079E0
3.243108022E2,2.293050051E0,1.057500076E1,-2.797050238E0
3.243132457E2,1.050000072E0,1.009395027E1,1.369500011E-1
3.243156893E2,3.448950052E0,9.735000610E0,-2.566950083E0
3.243181330E2,5.415000439E0,1.251000023E1,-7.842000484E0
3.243205764E2,1.857000113E0,1.000605011E1,-4.758000374E0
3.243230201E2,3.970500231E-1,8.281949997E0,2.967000246E0
3.243254638E2,1.678050041E0,1.104195023E1,1.368000031E0
3.243279074E2,2.674050093E0,1.198605061E1,-3.169500232E-1
3.243303509E2,3.109050035E0,8.569050789E0,3.979500234E-1
3.243327945E2,6.057000160E0,7.942050457E0,-2.617050171E0
3.243352382E2,1.023495007E1,9.517050743E0,-7.903950214E0
3.243376817E2,4.114950180E0,9.309000015E0,-8.134050369E0
3.243401253E2,1.042950034E0,8.430000305E0,-7.020000219E-1
3.243425690E2,3.126000166E0,1.095600033E1,1.660500020E-1
3.243450124E2,3.427950144E0,1.080105019E1,-1.348050117E0
3.243474561E2,1.249050021E0,8.245950699E0,-1.807950139E0
3.243498997E2,2.631000042E0,7.522950172E0,-2.052000046E0
3.243523432E2,7.752000332E0,9.546000481E0,-5.734950066E0
3.243547869E2,5.914950371E0,9.321000099E0,-9.811950684E0
3.243572305E2,1.314000010E0,7.390950203E0,-3.573000193E0
3.243596740E2,2.106000185E0,6.318000317E0,2.697000027E0
3.243621177E2,5.166000366E0,1.017300034E1,7.500000298E-2
3.243645613E2,2.716950178E0,7.911000252E0,-1.156949997E0
3.243670048E2,1.963050127E0,5.799000263E0,1.138050079E0
3.243694484E2,6.004050255E0,7.165950298E0,-4.365000248E0
3.243718921E2,8.293050766E0,6.879000187E0,-1.067205048E1
3.243743355E2,1.450050116E0,6.816000462E0,-7.807950497E0
3.243767792E2,-1.282950044E0,6.943050385E0,2.608050108E0
3.243792229E2,1.713000059E0,7.449000359E0,4.549950123E0
3.243816663E2,3.792000294E0,7.342950344E0,2.830500007E-1
3.243841100E2,1.267950058E0,6.322950363E0,1.947000146E0
3.243865536E2,3.598050117E0,5.350950241E0,2.287050009E0
3.243889973E2,6.832050323E0,7.147050381E0,-5.263050079E0
3.243914408E2,2.427000046E0,7.686000347E0,-7.630950451E0
3.243938845E2,-6.409500241E-1,6.237000465E0,1.009050012E0
3.243963281E2,-9.810000658E-1,8.503950119E0,6.330000162E-1
3.243987715E2,7.729500532E-1,9.838050842E0,2.209500074E-1
3.244012152E2,1.498050094E0,9.115050316E0,2.520000041E-1
3.244036588E2,1.486050129E0,7.659000397E0,5.539500117E-1
3.244061023E2,4.426050186E0,9.001950264E0,2.479500175E-1
3.244085460E2,6.222000122E0,9.169950485E0,-8.148000717E0
3.244109896E2,2.467950106E0,7.719000340E0,-7.404000282E0
3.244134331E2,1.159950018E0,8.281949997E0,-2.479050159E0
3.244158768E2,5.797950268E0,9.349950790E0,-2.518950224E0
3.244183205E2,3.540000200E0,8.827950478E0,-4.408050060E0
3.244207641E2,8.200500607E-1,7.422000408E0,7.459500432E-1
3.244232075E2,4.318050385E0,7.258950233E0,5.400000215E-1
3.244256513E2,7.867050171E0,8.902050018E0,-4.336950302E0
3.244280949E2,3.508950233E0,8.752950668E0,-6.405000210E0
3.244305383E2,1.065000057E0,6.385050297E0,-5.490000248E-1
3.244329820E2,4.089000225E0,8.824950218E0,5.830500126E-1
3.244354256E2,4.431000233E0,9.919050217E0,-1.008000016E0
3.244378691E2,2.355000019E0,9.405000687E0,-9.610500336E-1
3.244403128E2,3.729000092E0,9.084000587E0,-6.400500536E-1
3.244427564E2,7.021950245E0,9.787950516E0,-2.863950253E0
3.244452001E2,5.779050350E0,1.055205059E1,-7.312950134E0
3.244476436E2,1.837950110E0,1.053705025E1,-5.139000416E0
3.244500872E2,6.960000396E-1,1.100400066E1,4.080000222E-1
3.244525307E2,3.841950178E0,1.194000053E1,-9.730500579E-1
3.244549744E2,4.455000401E0,1.261305046E1,-4.345950127E0
3.244574180E2,2.877000093E0,1.027905083E1,-1.549950123E0
3.244598617E2,4.230000019E0,1.065195084E1,-1.510950089E0
3.244623051E2,7.387950420E0,1.210500050E1,-4.806000233E0
3.244647488E2,3.303000212E0,1.166700077E1,-6.216000080E0
3.244671924E2,6.409500241E-1,1.092300034E1,-5.295000225E-2
3.244696359E2,1.603050113E0,1.164600086E1,1.816050053E0
3.244720795E2,2.413050175E0,1.317105103E1,5.520000458E-1
3.244745232E2,3.196050167E0,1.049205017E1,-2.056950092E0
3.244769667E2,3.694050074E0,8.962050438E0,-3.502950191E0
3.244794104E2,6.472950459E0,1.004205036E1,-3.967950106E0
3.244818540E2,4.030950069E0,1.040505028E1,-6.319050312E0
3.244842977E2,1.644000053E0,9.297000885E0,-8.500500321E-1
3.244867412E2,2.476950169E0,9.619950294E0,3.472950220E0
3.244891848E2,4.800000191E0,1.137795067E1,1.800000072E-1
3.244916285E2,2.259000063E0,1.009905052E1,-1.558950067E0
3.244940719E2,1.608000040E0,8.200050354E0,-1.984950066E0
3.244965155E2,4.383000374E0,8.880000114E0,-3.609000206E0
3.244989592E2,6.820950508E0,9.007050514E0,-8.158050537E0
3.245014027E2,2.131950140E0,8.752950668E0,-7.993050575E0
3.245038463E2,7.510500550E-1,5.301000118E0,-8.220000267E-1
3.245062900E2,3.435000181E0,8.719950676E0,1.356000066E0
3.245087335E2,4.263000011E0,7.042050362E0,-3.975000143E0
3.245111771E2,2.282999992E0,6.136050224E0,-4.474950314E0
3.245136208E2,2.982000113E0,4.834050179E0,-4.417950153E0
3.245160645E2,7.912050247E0,5.521050453E0,-8.431050301E0
3.245185079E2,4.771050453E0,5.409000397E0,-8.626950264E0
3.245209515E2,-6.630000472E-1,4.426949978E0,-1.066050053E0
3.245233952E2,2.446050167E0,4.258950233E0,3.954000235E0
3.245258387E2,7.599000454E0,3.967050076E0,6.139500141E-1
3.245282823E2,4.828050137E0,4.207050323E0,-2.905050039E0
3.245307260E2,1.468950033E0,3.004950047E0,-7.090500593E-1
3.245331695E2,8.371950150E0,2.880000114E0,-3.379050255E0
3.245356131E2,9.970950127E0,4.039050102E0,-1.057395077E1
3.245380568E2,-1.170000061E-1,5.313000202E0,-6.709050179E0
3.245405002E2,-1.788000107E0,4.932000160E0,4.693950176E0
3.245429438E2,2.616000175E0,5.434950352E0,4.605000019E0
3.245453876E2,6.258000374E0,7.618950367E0,-1.750500053E-1
3.245478310E2,4.057950020E0,7.192050457E0,1.465950012E0
3.245502747E2,4.417050362E0,7.342950344E0,-5.179499984E-1
3.245527183E2,8.056050301E0,7.996950150E0,-8.512050629E0
3.245551618E2,5.259000301E0,8.883000374E0,-9.787950516E0
3.245576055E2,1.108050108E0,9.892950058E0,-5.092950344E0
3.245600491E2,3.010500073E-1,1.013700008E1,-8.220000267E-1
3.245624925E2,1.833000064E0,1.244295025E1,-2.539499998E-1
3.245649362E2,2.724000216E0,1.246905041E1,-1.270500124E-1
3.245673799E2,1.918950081E0,9.678000450E0,1.270050049E0
3.245698233E2,3.528000116E0,9.847950935E0,1.663050056E0
3.245722670E2,4.873950005E0,1.288800049E1,-6.991950512E0
3.245747106E2,3.997950077E0,1.090800095E1,-6.894000530E0
3.245771543E2,7.939500213E-1,8.655000687E0,-1.770000100E0
3.245795978E2,1.464000106E0,1.058505058E1,1.624050021E0
3.245820415E2,3.217050076E0,1.332195091E1,3.340500295E-1
3.245844851E2,2.544000149E0,9.511950493E0,-1.902000070E0
3.245869285E2,3.552000284E0,7.831950188E0,-8.599500656E-1
3.245893722E2,8.089050293E0,1.010100079E1,-4.048950195E0
3.245918158E2,5.133000374E0,9.181950569E0,-6.817050457E0
3.245942593E2,1.060050011E0,7.008000374E0,-1.144950032E0
3.245967030E2,1.669950128E0,8.052000046E0,9.060000181E-1
3.245991466E2,3.703050137E0,1.090800095E1,-6.210000515E-1
3.246015901E2,1.678050041E0,8.218950272E0,-2.349000216E0
3.246040337E2,5.710500479E-1,6.000000477E0,-8.220000267E-1
3.246064774E2,3.259950161E0,7.156050205E0,-1.849050045E0
3.246089208E2,6.532950401E0,8.779950142E0,-6.799950123E0
3.246113645E2,3.231000185E0,7.756950378E0,-7.237950325E0
3.246138081E2,5.140500069E-1,5.097000122E0,6.520500183E-1
3.246162518E2,3.138000250E0,6.702000141E0,5.850000381E-1
3.246186953E2,4.414050102E0,1.044600010E1,-1.348050117E0
3.246211390E2,2.527950048E0,6.675000191E0,-8.670000434E-1
3.246235826E2,2.539950132E0,6.145950317E0,-6.130500436E-1
3.246260260E2,8.206950188E0,7.393050194E0,-4.990050316E0
3.246284697E2,5.896050453E0,7.318950176E0,-9.658950806E0
3.246309133E2,1.090950012E0,7.045950413E0,-4.890000343E0
3.246333570E2,1.668000102E0,7.068000317E0,3.790500164E-1
3.246358005E2,5.877000332E0,8.844000816E0,-9.270000458E-1
3.246382441E2,2.752950191E0,7.780950546E0,-2.905050039E0
3.246406878E2,1.066950083E0,8.107049942E0,9.319500327E-1
3.246431313E2,5.532000065E0,8.512050629E0,-2.068950176E0
3.246455750E2,7.908000469E0,9.594000816E0,-7.401000500E0
3.246480186E2,1.516950130E0,9.529050827E0,-6.646950245E0
3.246504620E2,-8.329500556E-1,7.927050591E0,2.116950035E0
3.246529056E2,-7.350000143E-1,9.790050507E0,2.974950075E0
3.246553493E2,2.827050209E0,9.964950562E0,-9.559500217E-1
3.246577928E2,3.064050198E0,7.936950207E0,-1.854000092E0
3.246602365E2,3.397050142E0,7.024950504E0,-1.753050089E0
3.246626801E2,7.126950264E0,8.530950546E0,-4.762950420E0
3.246651235E2,7.444950581E0,9.172050476E0,-8.293950081E0
3.246675672E2,1.414050102E0,7.566000462E0,-3.501000166E0
3.246700109E2,1.215000033E0,8.392050743E0,2.338050127E0
3.246724545E2,3.375000238E0,1.126305008E1,5.920500159E-1
3.246748980E2,2.865000248E0,9.715950012E0,-3.111000061E0
3.246773416E2,1.708950043E0,7.195050240E0,-4.890000224E-1
3.246797853E2,3.685950279E0,7.996950150E0,-2.103000164E0
3.246822288E2,8.082000732E0,9.526950836E0,-6.637050152E0
3.246846724E2,3.562050104E0,8.871000290E0,-7.786950588E0
3.246871161E2,4.519500136E-1,7.935000420E0,7.189500332E-1
3.246895595E2,1.893000126E0,8.842050552E0,3.015000105E0
3.246920032E2,4.180050373E0,1.145400047E1,-7.669500113E-1
3.246944468E2,3.385050058E0,9.193950653E0,-2.716050148E0
3.246968903E2,3.460950136E0,7.615950584E0,-2.919000149E0
3.246993340E2,7.354050159E0,9.076950073E0,-4.822950363E0
3.247017776E2,6.325050354E0,1.022595024E1,-9.265950203E0
3.247042213E2,1.321050048E0,8.822999954E0,-4.565999985E0
3.247066648E2,1.570050120E0,8.409000397E0,1.375050068E0
3.247091084E2,6.229050159E0,1.054695034E1,1.203000069E0
3.247115521E2,5.791050434E0,9.622950554E0,-2.991000175E0
3.247139956E2,2.863050222E0,8.370000839E0,-1.807950139E0
3.247164392E2,3.964050293E0,7.635000229E0,-1.207050085E0
3.247188829E2,8.467950821E0,1.020705032E1,-5.818950176E0
3.247213263E2,3.520950079E0,9.736950874E0,-8.613000870E0
3.247237700E2,1.570500135E-1,8.296050072E0,-3.430500031E-1
3.247262136E2,1.480950117E0,7.753050327E0,2.644050121E0
3.247286571E2,4.021950245E0,1.203105068E1,1.108950019E0
3.247311007E2,3.130950212E0,9.900000572E0,-1.459050059E0
3.247335444E2,1.917000055E0,8.575950623E0,-1.285950065E0
3.247359878E2,3.684000254E0,9.304050446E0,-2.392050028E0
3.247384315E2,4.960050106E0,1.077705097E1,-6.250050068E0
3.247408752E2,1.053000093E0,1.025505066E1,-4.369950294E0
3.247433188E2,3.300000131E-1,8.068950653E0,2.671050072E0
3.247457623E2,8.350500464E-1,1.047495079E1,1.078050017E0
3.247482059E2,3.703050137E0,1.253400040E1,-6.589500308E-1
3.247506496E2,2.389050007E0,9.108000755E0,-2.212949991E0
3.247530931E2,2.122950077E0,7.450950146E0,-3.190500140E-1
3.247555367E2,4.314000130E0,1.079295063E1,-1.650000095E0
3.247579804E2,4.717950344E0,1.130805016E1,-6.232950211E0
3.247604238E2,1.114950061E0,8.425050735E0,-3.436050177E0
3.247628675E2,4.039500058E-1,5.823000431E0,2.230050087E0
3.247653111E2,2.949000120E0,1.026405048E1,1.381950021E0
3.247677546E2,3.355950117E0,9.772950172E0,-3.397950172E0
3.247701983E2,1.998000145E0,4.735949993E0,-2.553000212E0
3.247726419E2,3.898950100E0,6.309000492E0,-3.256950140E0
3.247750854E2,8.058000565E0,7.132050514E0,-6.484050274E0
3.247775291E2,4.126950264E0,6.682050228E0,-8.830950737E0
3.247799727E2,7.290000319E-1,5.253000259E0,-1.966050148E0
3.247824161E2,2.668950081E0,8.241000175E0,8.580000401E-1
3.247848598E2,4.893000126E0,6.997950554E0,-3.514950275E0
3.247873035E2,2.185050011E0,6.742050171E0,-3.331050158E0
3.247897471E2,1.393050075E0,4.963050365E0,-2.400000021E-2
3.247921906E2,7.705950260E0,5.908950329E0,-2.560050011E0
3.247946343E2,8.053950310E0,6.739950180E0,-9.987000465E0
3.247970777E2,8.230500221E-1,6.792000294E0,-4.903950214E0
3.247995214E2,-5.479500294E-1,5.473050117E0,1.947000146E0
3.248019651E2,5.523000240E0,6.390000343E0,1.630950093E0
3.248044087E2,6.564000130E0,8.571000099E0,-5.236950397E0
3.248068522E2,8.539500237E-1,7.870050430E0,-2.950050116E0
3.248092958E2,1.588950038E0,6.625050545E0,-1.510500014E-1
3.248117395E2,8.416950226E0,7.374000549E0,-5.268000126E0
3.248141829E2,4.831050396E0,9.120000839E0,-8.677050591E0
3.248166266E2,-7.879500389E-1,8.041950226E0,2.031000137E0
3.248190702E2,-1.666050076E0,8.044950485E0,2.575050116E0
3.248215137E2,2.235000134E0,1.019505024E1,-5.730000138E-1
3.248239574E2,4.891050339E0,1.103295040E1,6.070500016E-1
3.248264010E2,2.134950161E0,7.903050423E0,-1.123050094E0
3.248288447E2,4.390050411E0,8.710050583E0,-2.514000177E0
3.248312881E2,6.390000343E0,1.059705067E1,-6.976950169E0
3.248337318E2,2.662050009E0,1.113105011E1,-5.617050171E0
3.248361754E2,4.969500303E-1,8.029950142E0,1.701000094E0
3.248386189E2,8.899500370E-1,9.651000023E0,1.062000036E0
3.248410626E2,2.554050207E0,1.393005085E1,1.729500145E-1
3.248435062E2,3.162000179E0,1.123905087E1,6.760500073E-1
3.248459499E2,3.319950104E0,8.215050697E0,-2.365950108E0
3.248483934E2,6.957000256E0,1.084095097E1,-5.452050209E0
3.248508370E2,6.430050373E0,1.171995068E1,-1.097595024E1
3.248532804E2,1.669950128E0,9.886050224E0,-5.505000114E0
3.248557241E2,1.036050081E0,8.016000748E0,1.252950072E0
3.248581678E2,4.254000187E0,1.046805096E1,1.782000065E0
3.248606114E2,4.366050243E0,1.003905010E1,-2.752050161E0
3.248630549E2,2.415000200E0,6.892950535E0,-2.452050209E0
3.248654985E2,3.112050056E0,6.610950470E0,-2.871000051E0
3.248679422E2,7.189050198E0,8.830050468E0,-5.950050354E0
3.248703857E2,4.651050091E0,8.346000671E0,-1.019505024E1
3.248728293E2,9.259500504E-1,5.938050270E0,-2.598000050E0
3.248752730E2,3.820500076E-1,7.494000435E0,3.433950186E0
3.248777164E2,1.615050077E0,8.362950325E0,1.705950022E0
3.248801600E2,3.523950100E0,5.334000111E0,-1.795950055E0
3.248826037E2,2.287950039E0,5.776950359E0,7.290000319E-1
3.248850474E2,7.158000469E0,5.193000317E0,-1.732050061E0
3.248874908E2,8.728950500E0,5.428050041E0,-8.778000832E0
3.248899345E2,1.927050114E0,6.919050217E0,-5.368050098E0
3.248923780E2,-3.160500228E-1,6.961950302E0,2.926950216E0
3.248948217E2,3.673950195E0,8.137949944E0,3.588000059E0
3.248972653E2,5.800950050E0,9.247050285E0,-2.955000162E0
3.248997090E2,2.034000158E0,9.369000435E0,-7.549500465E-1
3.249021524E2,3.870000243E-1,8.269950867E0,9.829500318E-1
3.249045961E2,4.390050411E0,9.289950371E0,-3.754950285E0
3.249070397E2,5.968050480E0,1.138200092E1,-9.388050079E0
3.249094832E2,1.135950089E0,9.406949997E0,-4.636050224E0
3.249119269E2,5.400000140E-2,8.587950706E0,2.110050201E0
3.249143705E2,1.905000091E0,1.279305077E1,9.630000591E-1
3.249168142E2,3.391950130E0,1.321395016E1,-1.902000070E0
3.249192577E2,3.241050243E0,9.582000732E0,-3.096000195E0
3.249217013E2,4.807050228E0,9.304050446E0,-2.863950253E0
3.249241450E2,7.753950596E0,1.155000019E1,-7.324950218E0
3.249265885E2,5.068050385E0,1.022595024E1,-8.919000626E0
3.249290321E2,1.438050032E0,8.916000366E0,-2.212949991E0
3.249314758E2,3.199950218E0,1.030695057E1,2.194050074E0
3.249339192E2,5.518050194E0,1.206705093E1,8.505000174E-2
3.249363628E2,3.490050077E0,9.424050331E0,-1.195050001E0
3.249388065E2,2.853000164E0,8.434950829E0,-3.690000176E-1
3.249412500E2,5.298000336E0,1.032900047E1,-1.957050085E0
3.249436936E2,6.628950119E0,1.093500042E1,-7.996950150E0
3.249461373E2,1.552950025E0,1.013295078E1,-5.910000324E0
3.249485808E2,3.100500107E-1,8.167050362E0,1.593000054E0
3.249510245E2,5.260500312E-1,1.016595078E1,1.974000096E0
3.249534681E2,3.487950087E0,1.191405010E1,2.520000041E-1
3.249559115E2,4.230000019E0,8.950050354E0,-3.199050188E0
3.249583552E2,4.789950371E0,6.972000122E0,-3.115050077E0
3.249607989E2,8.319000244E0,8.944950104E0,-6.004950523E0
3.249632425E2,6.202950478E0,1.027605057E1,-1.009995079E1
3.249656860E2,1.656000137E0,8.878050804E0,-4.987950325E0
3.249681296E2,1.632000089E0,7.603950500E0,-3.480000198E-1
3.249705733E2,5.263950348E0,1.011105061E1,-2.895000204E-2
3.249730168E2,4.435950279E0,8.674050331E0,-4.726950169E0
3.249754604E2,1.618050098E0,5.041950226E0,-3.015000105E0
3.249779041E2,2.286000013E0,4.669050217E0,-2.545950174E0
3.249803475E2,5.997000217E0,8.044950485E0,-6.376050472E0
3.249827912E2,3.868050098E0,6.211050510E0,-1.015695095E1
3.249852348E2,-7.879500389E-1,4.350000381E0,-2.155050039E0
3.249876783E2,-6.750000119E-1,5.626050472E0,5.095950127E0
3.249901220E2,3.591000080E0,6.919050217E0,3.037050247E0
3.249925656E2,4.672950268E0,6.511950493E0,-1.095000029E0
3.249950091E2,2.439000130E0,5.215050220E0,1.471050024E0
3.249974527E2,7.041000366E0,5.374950409E0,-6.679500341E-1
3.249998964E2,8.587050438E0,7.048950195E0,-7.729050159E0
3.250023398E2,2.269050121E0,8.679000854E0,-3.385950089E0
3.250047835E2,-9.105000645E-2,7.494000435E0,3.862950087E0
3.250072271E2,4.695000127E-2,1.061595058E1,5.560500026E-1
3.250096706E2,1.804050088E0,1.376205063E1,1.050000079E-3
3.250121143E2,3.471000195E0,1.170795059E1,1.477950096E0
3.250145579E2,3.658050060E0,9.606000900E0,-3.360000253E-1
3.250170016E2,6.163950443E0,1.167195034E1,-6.817050457E0
3.250194450E2,9.646050453E0,1.358505058E1,-1.424400043E1
3.250218887E2,3.129000187E0,1.192305088E1,-1.040100002E1
3.250243324E2,-1.720500141E-1,9.076950073E0,-1.207050085E0
3.250267758E2,2.809950113E0,1.297695065E1,1.239000082E0
3.250292195E2,3.777000189E0,1.544805050E1,-1.336050034E0
3.250316631E2,2.191950083E0,7.654050350E0,-1.437000036E0
3.250341068E2,2.311950207E0,5.986050129E0,-3.253950119E0
3.250365503E2,5.839050293E0,9.904950142E0,-6.703950405E0
3.250389939E2,4.753950119E0,7.623000145E0,-1.157205009E1
3.250414374E2,9.640500546E-1,3.484050274E0,-6.727950096E0
3.250438811E2,-5.719500184E-1,6.153000355E0,2.830500007E-1
3.250463247E2,3.571050167E0,5.598000050E0,-1.450950027E0
3.250487684E2,4.338000298E0,4.048950195E0,-2.074050188E0
3.250512118E2,1.639050126E0,2.977950096E0,4.774950027E0
3.250536555E2,4.606050014E0,4.426949978E0,3.991950274E0
3.250560991E2,9.883050919E0,5.740950108E0,-1.815000057E0
3.250585426E2,5.647050381E0,4.195050240E0,-6.285000324E0
3.250609863E2,3.079500198E-1,5.421000481E0,-1.246050000E0
3.250634299E2,1.512000084E0,6.121950150E0,1.156949997E0
3.250658734E2,5.350050449E0,7.563000202E0,-4.267050266E0
3.250683171E2,3.901950121E0,8.302950859E0,-3.882000208E0
3.250707607E2,6.000000238E-1,7.767000198E0,-4.579500258E-1
3.250732044E2,3.355950117E0,7.650000572E0,-2.356050014E0
3.250756478E2,6.973950386E0,1.003905010E1,-6.838950157E0
3.250780915E2,3.550050259E0,8.643000603E0,-4.750950336E0
3.250805349E2,3.460500240E-1,7.939050198E0,3.529500067E-1
3.250829786E2,1.584000111E0,1.129395008E1,6.430500150E-1
3.250854222E2,3.805950165E0,1.333095074E1,-3.015000105E0
3.250878659E2,1.974000096E0,8.782050133E0,-2.170050144E0
3.250903094E2,1.057050109E0,8.482950211E0,-1.729050040E0
3.250927530E2,4.615050316E0,1.148295021E1,-4.375050068E0
3.250951967E2,5.128050327E0,1.233795071E1,-7.618950367E0
3.250976401E2,1.101000071E0,8.290950775E0,-2.787000179E0
3.251000838E2,6.405000389E-2,6.478950500E0,3.219000101E0
3.251025274E2,2.080049992E0,1.073595047E1,1.318050027E0
3.251049711E2,4.078950405E0,1.025895023E1,-2.151000023E0
3.251074146E2,3.199950218E0,5.392050266E0,-2.674950123E0
3.251098582E2,5.869950294E0,6.523950100E0,-2.778000116E0
3.251123019E2,8.881950378E0,7.116000175E0,-6.130050182E0
3.251147453E2,4.479000092E0,7.057950497E0,-8.352000237E0
3.251171890E2,9.280500412E-1,6.108000278E0,-1.315050006E0
3.251196327E2,1.737000108E0,8.137949944E0,2.886000156E0
3.251220761E2,3.282000065E0,1.036200047E1,1.162050009E0
3.251245197E2,1.741950035E0,6.904950142E0,-1.267050028E0
3.251269634E2,1.266000032E0,6.742050171E0,-9.319500327E-1
3.251294069E2,5.452950478E0,7.573050499E0,-4.048950195E0
3.251318505E2,8.977950096E0,9.466950417E0,-9.568050385E0
3.251342942E2,3.018000126E0,8.755949974E0,-8.778000832E0
3.251367377E2,-1.600500047E-1,6.196050167E0,3.460500240E-1
3.251391814E2,1.093050003E0,8.836950302E0,3.597000122E0
3.251416250E2,1.929000139E0,1.146600056E1,-4.120500088E-1
3.251440686E2,2.781000137E0,8.148000717E0,-8.740500212E-1
3.251465121E2,3.736950159E0,7.245000362E0,-1.969050050E0
3.251489557E2,8.655000687E0,7.839000225E0,-5.977050304E0
3.251513994E2,7.069950104E0,9.079050064E0,-1.169205093E1
3.251538429E2,1.215000033E0,8.049000740E0,-8.026050568E0
3.251562865E2,5.070000291E-1,6.781050205E0,2.400000095E-1
3.251587302E2,2.674050093E0,1.121505070E1,3.031950235E0
3.251611736E2,3.876000166E0,8.926050186E0,-4.909500182E-1
3.251636173E2,3.315000057E0,7.177950382E0,1.504950047E0
3.251660610E2,4.378050327E0,6.996000290E0,-1.849050045E0
3.251685044E2,7.527000427E0,8.602950096E0,-5.257950306E0
3.251709481E2,5.479950428E0,9.835950851E0,-1.016400051E1
3.251733917E2,2.700000107E-1,8.571000099E0,-4.801050186E0
3.251758352E2,1.120500043E-1,7.173000336E0,3.477000237E0
3.251782789E2,4.210500121E-1,1.219905090E1,1.732050061E0
3.251807225E2,1.812000036E0,1.303005028E1,6.690000296E-1
3.251831660E2,1.989000082E0,9.535950661E0,7.650000453E-1
3.251856097E2,2.118000031E0,8.836950302E0,8.130000234E-1
3.251880533E2,8.395950317E0,1.095600033E1,-3.034050226E0
3.251904970E2,8.401050568E0,1.025505066E1,-1.046100044E1
3.251929404E2,2.659050226E0,8.634000778E0,-7.477950573E0
3.251953841E2,2.410500050E-1,9.108000755E0,-1.440000087E-1
3.251978278E2,2.323950052E0,1.223205090E1,1.078050017E0
3.252002712E2,2.836050034E0,1.143000031E1,-1.885050058E0
3.252027148E2,1.159950018E0,6.460050106E0,-9.060000181E-1
3.252051585E2,5.470499992E-1,6.487950325E0,8.680500388E-1
3.252076020E2,5.002950191E0,1.068105030E1,-2.434950113E0
3.252100457E2,4.900050163E0,8.461050034E0,-7.570950508E0
3.252124893E2,1.273050070E0,4.173000336E0,-3.348000050E0
3.252149327E2,9.660000205E-1,3.610050201E0,1.885050058E0
3.252173764E2,2.278950214E0,9.352050781E0,1.228950024E0
3.252198200E2,3.619050264E0,3.807000160E0,-4.030050278E0
3.252222635E2,2.997000217E0,2.418000221E0,-3.193950176E0
3.252247072E2,3.970950127E0,4.819950104E0,-1.693050027E0
3.252271508E2,8.855999947E0,5.310000420E0,-6.553950310E0
3.252295945E2,5.949000359E0,4.939050198E0,-8.926050186E0
3.252320380E2,7.770000100E-1,4.695000172E0,-3.369000196E0
3.252344817E2,6.240000129E-1,4.990050316E0,1.071000099E0
3.252369253E2,6.700950146E0,7.494000435E0,-2.680050135E0
3.252393688E2,4.002000332E0,5.370000362E0,-6.337950230E0
3.252418124E2,-7.900500298E-1,5.373000145E0,-1.708050132E0
3.252442561E2,4.756950378E0,4.590000153E0,-8.239500523E-1
3.252466995E2,1.035195065E1,6.723000526E0,-8.008950233E0
3.252491432E2,3.684000254E0,5.646000385E0,-9.975000381E0
3.252515868E2,-1.338000059E0,5.413050175E0,-8.359500170E-1
3.252540303E2,2.611050129E0,6.727950096E0,4.159950256E0
3.252564740E2,7.165050507E0,1.014900017E1,-1.096950054E0
3.252589177E2,5.647050381E0,9.325950623E0,-3.352050066E0
3.252613613E2,1.374000072E0,9.057000160E0,-1.369950056E0
3.252638048E2,1.663050056E0,1.009905052E1,-1.558950067E0
3.252662484E2,4.290000439E0,1.186395073E1,-6.646950245E0
3.252686921E2,2.508000135E0,1.079100037E1,-4.116000175E0
3.252711355E2,1.000050068E0,9.220050812E0,1.936050057E0
3.252735792E2,5.590500236E-1,1.156905079E1,2.550000250E-1
3.252760228E2,2.191950083E0,1.521105099E1,-9.439500570E-1
3.252784663E2,3.090000153E0,1.256295013E1,1.390050054E0
3.252809100E2,1.716000080E0,9.364050865E0,8.370000124E-1
3.252833536E2,1.783050060E0,1.449000072E1,-1.830000043E0
3.252857971E2,6.861000538E0,1.722900009E1,-2.425950050E0
3.252882408E2,3.655050278E0,1.181595039E1,-6.316950321E0
3.252906844E2,7.170000076E-1,1.134900093E1,-3.376050234E0
3.252931278E2,2.121000051E0,1.569195080E1,1.023000002E0
3.252955715E2,3.136050224E0,1.534695053E1,-1.252950072E0
3.252980152E2,2.944050074E0,1.138500023E1,-3.898050070E0
3.253004588E2,2.190000057E0,1.179195023E1,-2.467050076E0
3.253029023E2,3.852000237E0,1.257000065E1,-2.208000183E0
3.253053460E2,5.892000198E0,1.060395050E1,-6.829050541E0
3.253077896E2,4.333050251E0,8.755949974E0,-5.766000271E0
3.253102331E2,3.658050060E0,1.098300076E1,-1.156949997E0
3.253126767E2,6.684000492E0,1.157895088E1,-2.428050041E0
3.253151204E2,4.714050293E0,1.021605015E1,-5.833050251E0
3.253175641E2,1.759050131E0,7.990050316E0,-2.380050182E0
3.253200075E2,3.136050224E0,6.871950150E0,-1.497000098E0
3.253224511E2,6.387000084E0,9.892950058E0,-4.948950291E0
3.253248948E2,5.110950470E0,5.815950394E0,-8.605950356E0
3.253273383E2,1.159950018E0,5.085000038E0,-3.088950157E0
3.253297819E2,2.520000219E0,6.699000359E0,7.690500617E-1
3.253322256E2,6.277050495E0,7.246950150E0,-2.421000004E0
3.253346691E2,3.733950138E0,6.759000301E0,-3.538950205E0
3.253371127E2,9.570000172E-1,5.659950256E0,5.520000458E-1
3.253395564E2,5.298000336E0,4.918050289E0,4.939500093E-1
3.253419998E2,9.471000671E0,4.549050331E0,-7.441950321E0
3.253444435E2,2.844000101E0,3.357000113E0,-8.530950546E0
3.253468871E2,-2.659500241E-1,3.168000221E0,-2.533950090E0
3.253493306E2,7.105050564E0,3.208050251E0,-9.169500470E-1
3.253517742E2,7.860000610E0,4.120050430E0,-4.902000427E0
3.253542179E2,-1.840500087E-1,5.101950169E0,-5.700000525E-1
3.253566616E2,-9.580500722E-1,5.035050392E0,4.915950298E0
3.253591050E2,6.970950127E0,6.595950127E0,-1.875000119E0
3.253615487E2,6.133050442E0,6.771000385E0,-9.388050079E0
3.253639924E2,-1.357050061E0,6.405000210E0,-1.084950089E0
3.253664358E2,-2.935050249E0,5.890050411E0,3.106050253E0
3.253688794E2,2.863050222E0,7.819950581E0,-1.224000096E0
3.253713231E2,5.341050148E0,9.028950691E0,-6.214050293E0
3.253737666E2,2.355000019E0,5.152050018E0,-2.707950115E0
3.253762102E2,2.443950176E0,6.196050167E0,-4.980000257E-1
3.253786539E2,6.351000309E0,9.157950401E0,-5.823000431E0
3.253810974E2,4.407000065E0,7.729050159E0,-6.630000114E0
3.253835411E2,7.320000529E-1,7.717050552E0,-8.620500565E-1
3.253859847E2,3.619050264E0,8.358000755E0,-1.546950102E0
3.253884284E2,7.879050255E0,8.116950035E0,-6.333000183E0
3.253908718E2,2.362050056E0,7.674000263E0,-4.351050377E0
3.253933155E2,5.790000558E-1,6.406950474E0,3.172950268E0
3.253957591E2,5.061000347E0,8.308050156E0,-2.059500068E-1
3.253982026E2,7.383000374E0,9.157950401E0,-6.549000263E0
3.254006462E2,1.711050034E0,8.344050407E0,-4.285950184E0
3.254030899E2,1.669500023E-1,6.424050331E0,2.896050215E0
3.254055334E2,2.740950108E0,9.615000725E0,-1.095000029E0
3.254079770E2,5.491950035E0,1.313505077E1,-3.325950146E0
3.254104207E2,3.178950071E0,9.440999985E0,-3.466950178E0
3.254128642E2,2.938950062E0,8.967000008E0,1.465950012E0
3.254153078E2,6.301050186E0,1.052295017E1,-6.501000404E0
3.254177515E2,5.595000267E0,1.152795029E1,-7.513950348E0
3.254201949E2,2.986950159E0,1.132200050E1,-5.799000263E0
3.254226386E2,4.510050297E0,1.106895065E1,-2.875950098E0
3.254250822E2,7.299000263E0,1.247400093E1,-4.236000061E0
3.254275257E2,2.451000214E0,1.222305012E1,-2.359050035E0
3.254299694E2,5.710500479E-1,9.745050430E0,3.501000166E0
3.254324130E2,1.053000093E0,1.042200089E1,1.909050107E0
3.254348567E2,5.734050274E0,1.351305103E1,-3.727950096E0
3.254373002E2,2.721000195E0,1.028100014E1,-5.895000458E0
3.254397438E2,4.249500334E-1,8.227050781E0,-4.240500331E-1
3.254421875E2,2.314050198E0,1.076895046E1,-3.195000067E-2
3.254446309E2,3.361050129E0,1.304595089E1,-2.140950203E0
3.254470746E2,1.728000045E0,9.511950493E0,-1.350000054E-1
3.254495183E2,2.101050138E0,8.100000381E0,1.114050031E0
3.254519617E2,6.969000340E0,9.220050812E0,-1.720050097E0
3.254544054E2,4.927050114E0,7.932000160E0,-6.798000336E0
3.254568490E2,1.876050115E0,7.219050407E0,-3.277950048E0
3.254592925E2,4.113000393E0,7.446000576E0,-1.426950097E0
3.254617362E2,6.579000473E0,7.099050522E0,-5.830950260E0
3.254641798E2,2.080049992E0,6.961950302E0,-5.542950153E0
3.254666232E2,5.500500202E-1,3.811950207E0,1.519500017E-1
3.254690669E2,5.113050461E0,6.328050137E0,-1.336050034E0
3.254715106E2,5.688000202E0,6.474000454E0,-7.068000317E0
3.254739540E2,1.423950076E0,5.056950092E0,-5.083950043E0
3.254763977E2,-8.380500674E-1,4.297950268E0,1.902000070E0
3.254788414E2,3.688950062E0,5.811000347E0,3.190500140E-1
3.254812848E2,5.431950092E0,5.755950451E0,-5.215050220E0
3.254837285E2,-3.370500207E-1,6.547950268E0,-1.554000020E0
3.254861722E2,9.259500504E-1,5.308050156E0,-1.609500051E-1
3.254886158E2,8.206950188E0,5.278950214E0,-3.664050102E0
3.254910592E2,5.563950062E0,5.124000072E0,-7.441950321E0
3.254935029E2,9.930000305E-1,7.104000568E0,-3.297000170E0
3.254959465E2,7.552950382E0,5.988000393E0,-3.171000242E0
3.254983900E2,7.594050407E0,7.111050129E0,-5.673000336E0
3.255008337E2,-4.500000179E-1,8.380050659E0,-5.820000172E-1
3.255032773E2,-6.010500193E-1,7.651950359E0,5.425950050E0
3.255057208E2,6.934950352E0,7.494000435E0,-4.066050053E0
3.255081645E2,7.611000538E0,8.358000755E0,-1.155795097E1
3.255106082E2,8.280000687E-1,8.208000183E0,-5.716050148E0
3.255130518E2,-4.399500191E-1,7.080000401E0,-2.380500138E-1
3.255154952E2,3.472950220E0,1.087200069E1,-1.513950109E0
3.255179389E2,3.840000153E0,1.096605015E1,-2.797050238E0
3.255203826E2,2.503950119E0,8.683950424E0,-3.499500155E-1
3.255228260E2,4.468950272E0,8.571000099E0,-1.918050051E0
3.255252697E2,8.655000687E0,9.220050812E0,-7.051950455E0
3.255277133E2,5.800950050E0,8.545050621E0,-9.973050117E0
3.255301568E2,4.306950092E0,9.654000282E0,-4.708050251E0
3.255326005E2,8.889000893E0,8.878050804E0,-4.558950424E0
3.255350441E2,6.319950104E0,1.018500042E1,-6.798000336E0
3.255374878E2,4.639500082E-1,9.820950508E0,-6.420000196E-1
3.255399312E2,1.242000103E0,8.650050163E0,2.517000198E0
3.255423749E2,7.972050190E0,9.778050423E0,-3.783000231E0
3.255448185E2,6.801000118E0,9.976950645E0,-8.409000397E0
3.255472620E2,1.072050095E0,8.892000198E0,-2.787000179E0
3.255497056E2,4.710000157E-1,8.911050797E0,1.855950117E0
3.255521493E2,4.500000000E0,1.105695057E1,-3.880500197E-1
3.255545928E2,3.543000221E0,1.195695019E1,-1.957050085E0
3.255570364E2,1.326000094E0,1.020705032E1,8.940000534E-1
3.255594801E2,4.426050186E0,8.725049973E0,-2.280000210E0
3.255619236E2,7.402050495E0,1.033800030E1,-7.693050385E0
3.255643672E2,2.755050182E0,1.001295090E1,-5.929050446E0
3.255668109E2,3.373050213E0,9.496050835E0,-2.134050131E0
3.255692543E2,7.134000301E0,1.020705032E1,-3.160950184E0
3.255716979E2,3.753000259E0,1.091505051E1,-3.441000223E0
3.255741416E2,5.879999995E-1,8.313000679E0,1.782000065E0
3.255765853E2,-4.500000179E-2,7.365000248E0,1.765950084E0
3.255790288E2,6.481050491E0,9.868950844E0,-4.384050369E0
3.255814724E2,4.522050381E0,8.005949974E0,-8.737050056E0
3.255839161E2,1.000050068E0,5.583000183E0,-3.217950106E0
3.255863595E2,2.785950184E0,5.455950260E0,-7.500000298E-2
3.255888032E2,5.713950157E0,9.726000786E0,-2.203050137E0
3.255912468E2,3.208050251E0,8.121000290E0,-3.316950083E0
3.255936903E2,9.210000634E-1,5.968950272E0,8.149500489E-1
3.255961339E2,2.616000175E0,6.322950363E0,-1.279050112E0
3.255985776E2,7.552950382E0,4.615950108E0,-7.885050297E0
3.256010211E2,3.169050217E0,6.108000278E0,-7.830000401E0
3.256034648E2,4.246950150E0,6.883050442E0,-2.488050222E0
3.256059084E2,8.299950600E0,6.498000145E0,-3.388050079E0
3.256083521E2,1.761000037E0,7.732950211E0,-2.104950190E0
3.256107955E2,-2.353049994E0,7.173000336E0,4.998000145E0
3.256132391E2,1.857000113E0,6.964950562E0,3.196950197E0
3.256156828E2,9.430050850E0,7.780950546E0,-9.393000603E0
3.256181263E2,3.325050116E0,7.365000248E0,-8.577000618E0
3.256205699E2,-4.549500346E-1,6.103050232E0,1.159950018E0
3.256230136E2,2.688000202E0,8.179050446E0,-5.700000525E-1
3.256254570E2,4.504950047E0,1.105905056E1,-3.930000305E0
3.256279007E2,8.610000610E-1,9.852000237E0,-5.680500269E-1
3.256303444E2,2.650500238E-1,8.301000595E0,2.091000080E0
3.256327878E2,6.198000431E0,8.775000572E0,-3.439050198E0
3.256352314E2,7.825950146E0,8.149950027E0,-9.601950645E0
3.256376751E2,5.707050323E0,8.266950607E0,-8.637000084E0
3.256401186E2,8.923050880E0,8.361000061E0,-6.826950550E0
3.256425623E2,6.363000393E0,8.083050728E0,-6.871950150E0
3.256450059E2,-3.330000043E-1,8.977950096E0,-6.610500216E-1
3.256474496E2,4.519500136E-1,8.076000214E0,4.675050259E0
3.256498930E2,5.155950069E0,9.157950401E0,-1.186050057E0
3.256523366E2,6.339000225E0,7.681050301E0,-6.694950104E0
3.256547803E2,8.059500456E-1,7.137000561E0,-5.625000477E0
3.256572238E2,9.550500512E-1,5.931000233E0,-2.092950106E0
3.256596674E2,5.190000057E0,8.605050087E0,-2.115000010E0
3.256621111E2,3.270000219E0,9.247050285E0,-2.167050123E0
3.256645546E2,6.670500040E-1,7.750050545E0,1.429950118E0
3.256669983E2,3.196050167E0,8.248050690E0,8.800500631E-1
3.256694419E2,7.699050426E0,7.936950207E0,-5.473950386E0
3.256718853E2,4.551000118E0,6.532050133E0,-8.457000732E0
3.256743290E2,4.018949986E0,7.330950260E0,-5.766000271E0
3.256767726E2,9.109050751E0,6.397050381E0,-5.878050327E0
3.256792161E2,4.129050255E0,6.723000526E0,-6.172950268E0
3.256816598E2,-7.800000310E-1,6.421050072E0,9.130500555E-1
3.256841034E2,1.644000053E0,5.820000172E0,2.929050207E0
3.256865469E2,8.985000610E0,6.832950115E0,-5.596050262E0
3.256889906E2,4.941000462E0,5.998050213E0,-9.039000511E0
3.256914342E2,-6.250500083E-1,6.763950348E0,3.030000031E-1
3.256938776E2,1.000500023E-1,7.870050430E0,3.291000128E0
3.256963213E2,2.631000042E0,9.385950089E0,-2.329500169E-1
3.256987650E2,1.222950101E0,9.496050835E0,-3.640500307E-1
3.257012086E2,-1.269000053E0,8.713050842E0,2.077050209E0
3.257036521E2,5.572950363E0,8.686050415E0,-1.008000016E0
3.257060958E2,7.357050419E0,9.168000221E0,-8.044950485E0
3.257085394E2,4.054950237E0,9.297000885E0,-5.943000317E0
3.257109829E2,5.038950443E0,1.048905087E1,-4.995000362E0
3.257134266E2,6.442050457E0,1.128900051E1,-5.281950474E0
3.257158702E2,2.263950109E0,1.045800018E1,-3.276000261E0
3.257183136E2,3.870000243E-1,1.035795021E1,4.363049984E0
3.257207573E2,3.472950220E0,1.046295071E1,1.039950013E0
3.257232009E2,5.173050404E0,1.173705101E1,-9.502950668E0
3.257256446E2,2.058000088E0,9.582000732E0,-6.064950466E0
3.257280881E2,2.939999998E-1,7.282950401E0,-2.775000095E0
3.257305318E2,4.216050148E0,1.024995041E1,-2.602950096E0
3.257329754E2,3.526050091E0,1.229205036E1,-2.581950188E0
3.257354189E2,1.756950140E0,8.149950027E0,-1.319999993E-1
3.257378626E2,2.653950214E0,8.575950623E0,3.030000031E-1
3.257403062E2,5.829000473E0,8.694000244E0,-5.347050190E0
3.257427496E2,5.167950153E0,6.294000149E0,-7.918050289E0
3.257451933E2,4.417050362E0,6.376050472E0,-5.661000252E0
3.257476369E2,8.650050163E0,6.337950230E0,-6.930000305E0
3.257500804E2,6.745950222E0,5.719950199E0,-7.138050556E0
3.257525241E2,-4.879500270E-1,5.437050343E0,1.570500135E-1
3.257549677E2,1.531950116E0,3.912000179E0,4.998000145E0
3.257574112E2,8.920050621E0,5.818050385E0,-1.927950144E0
3.257598549E2,6.721950531E0,4.920000076E0,-8.467050552E0
3.257622985E2,-4.429500103E-1,6.168000221E0,-1.795950055E0
3.257647422E2,7.030500174E-1,6.250950336E0,2.625000238E0
3.257671856E2,5.740950108E0,7.489050388E0,-2.203050137E0
3.257696293E2,1.069050074E0,8.995050430E0,-3.814950228E0
3.257720729E2,-2.044950008E0,8.155050278E0,3.219000101E0
3.257745164E2,3.567000151E0,7.252050400E0,3.769500256E-1
3.257769601E2,7.897950172E0,7.948950291E0,-9.247050285E0
3.257794037E2,2.890950203E0,7.956000328E0,-4.234050274E0
3.257818472E2,2.178000212E0,8.524050713E0,-6.210000515E-1
3.257842909E2,6.366000175E0,9.072000504E0,-3.657000065E0
3.257867345E2,3.544950247E0,9.577050209E0,-3.247050047E0
3.257891782E2,6.649500132E-1,9.321000099E0,2.271000147E0
3.257916217E2,2.623050213E0,9.127050400E0,-1.150500029E-1
3.257940653E2,7.125000477E0,1.098000050E1,-7.104000568E0
3.257965090E2,3.418050051E0,9.591000557E0,-5.871000290E0
3.257989524E2,4.039500058E-1,8.239050865E0,-9.889500737E-1
3.258013961E2,2.721000195E0,1.087995052E1,-1.204950094E0
3.258038398E2,3.706050158E0,1.329300022E1,-2.470500171E-1
3.258062832E2,1.387950063E0,1.051995087E1,-1.870500147E-1
3.258087268E2,1.096050024E0,1.006800079E1,2.368950129E0
3.258111705E2,5.559000492E0,1.136805058E1,-3.297000170E0
3.258136140E2,4.386000156E0,1.068300056E1,-6.340950489E0
3.258160576E2,3.279000044E0,9.823950768E0,-4.435050011E0
3.258185013E2,6.580950260E0,1.109505081E1,-5.356050491E0
3.258209448E2,5.659050465E0,1.162695026E1,-4.834950447E0
3.258233885E2,1.086000085E0,9.646050453E0,-2.518950224E0
3.258258321E2,8.779500127E-1,8.571000099E0,2.592000008E0
3.258282758E2,6.643050194E0,1.019505024E1,-2.337000132E0
3.258307192E2,6.250950336E0,1.068105030E1,-7.882050514E0
3.258331629E2,1.587000132E0,8.920950890E0,-4.618950367E0
3.258356066E2,1.524000049E0,7.860000610E0,-1.660500020E-1
3.258380500E2,4.587000370E0,1.087005043E1,-1.947000146E0
3.258404936E2,3.691050291E0,1.028100014E1,-4.009050369E0
3.258429373E2,1.729950070E0,7.390950203E0,-1.072950006E0
3.258453808E2,4.278000355E0,8.277000427E0,-2.182049990E0
3.258478244E2,5.949000359E0,7.120950222E0,-6.594000340E0
3.258502681E2,1.960050106E0,6.603000164E0,-5.020950317E0
3.258527118E2,2.980050087E0,6.769050121E0,-4.080000222E-1
3.258551552E2,1.000005054E1,7.267050266E0,-4.369950294E0
3.258575989E2,5.488950253E0,6.891000271E0,-7.720050335E0
3.258600426E2,-4.240500331E-1,6.381000519E0,1.710000038E-1
3.258624860E2,4.524000168E0,6.274950504E0,1.011000037E0
3.258649296E2,1.002900028E1,6.706050396E0,-7.981050491E0
3.258673733E2,1.483950019E0,8.176050186E0,-8.171999931E0
3.258698168E2,-1.153950095E0,5.611950397E0,5.440500379E-1
3.258722604E2,4.740000248E0,6.034050465E0,-1.005000062E-2
3.258747041E2,5.974950314E0,8.121000290E0,-6.432000160E0
3.258771476E2,-1.446000099E0,8.290950775E0,-7.000500560E-1
3.258795912E2,5.400000140E-2,7.561050415E0,3.303000212E0
3.258820349E2,7.419000149E0,6.534000397E0,-3.925050259E0
3.258844783E2,4.656000137E0,7.501050472E0,-7.696050167E0
3.258869219E2,1.227000117E0,6.555000305E0,-2.467050076E0
3.258893656E2,7.819050312E0,6.283050060E0,-3.601050138E0
3.258918093E2,6.435000420E0,6.175050259E0,-8.080950737E0
3.258942528E2,-1.389000058E0,7.036950111E0,-2.103000164E0
3.258966964E2,1.720500141E-1,5.571000099E0,3.184950113E0
3.258991401E2,7.792950153E0,6.558000088E0,-4.425000191E0
3.259015836E2,6.342000484E0,7.177950382E0,-8.809050560E0
3.259040272E2,-7.849500179E-1,6.615000248E0,-1.566000104E0
3.259064709E2,-6.799500585E-1,6.558000088E0,3.832050085E0
3.259089143E2,3.715050220E0,7.858050346E0,3.240000010E-1
3.259113579E2,2.472000122E0,8.788949966E0,-3.385950089E0
3.259138016E2,-1.045950055E0,8.064000130E0,1.537950039E0
3.259162451E2,2.665950060E0,7.246950150E0,1.050000079E-3
3.259186888E2,7.237050533E0,8.551950455E0,-7.056000233E0
3.259211324E2,4.486050129E0,7.438950539E0,-6.819000244E0
3.259235759E2,4.551000118E0,8.844000816E0,-3.273000240E0
3.259260196E2,8.500950813E0,8.614950180E0,-6.064950466E0
3.259284632E2,3.322050095E0,8.583000183E0,-5.494950294E0
3.259309066E2,-3.090000153E-1,7.468050480E0,1.927950144E0
3.259333503E2,3.937950134E0,8.065950394E0,4.699500203E-1
3.259357939E2,1.013700008E1,9.060000420E0,-9.525000572E0
3.259382374E2,3.520950079E0,7.683000565E0,-8.661000252E0
3.259406811E2,8.250000477E-1,7.759950161E0,-1.662000060E0
3.259431248E2,5.110950470E0,9.129000664E0,-5.850000381E-1
3.259455684E2,4.972050190E0,1.059495068E1,-2.986050129E0
3.259480118E2,9.690000415E-1,9.769050598E0,8.389500380E-1
3.259504555E2,6.790500283E-1,9.304050446E0,4.042050362E0
3.259528992E2,7.144050121E0,8.278950691E0,-3.526950121E0
3.259553426E2,6.129000187E0,8.751000404E0,-9.456000328E0
3.259577863E2,4.630050182E0,9.309000015E0,-5.959950447E0
3.259602299E2,9.775050163E0,9.472050667E0,-5.301000118E0
3.259626734E2,5.659050465E0,9.814050674E0,-5.641050339E0
3.259651170E2,-6.010500193E-1,1.029795074E1,1.461000085E0
3.259675607E2,-6.705000252E-2,8.755949974E0,4.123950005E0
3.259700041E2,5.247000217E0,1.022100067E1,-3.469950199E0
3.259724478E2,5.857950211E0,9.570000648E0,-7.353000164E0
3.259748914E2,1.453050017E0,8.707950592E0,-2.803950071E0
3.259773351E2,1.278000116E0,8.751000404E0,-7.549500465E-1
3.259797786E2,4.381050110E0,1.159095097E1,-1.552050114E0
3.259822223E2,1.728000045E0,1.164300060E1,-1.296000004E0
3.259846657E2,3.679500222E-1,9.012000084E0,1.159500033E-1
3.259871093E2,2.596950054E0,9.369000435E0,-1.123050094E0
3.259895530E2,4.969950199E0,9.940950394E0,-6.546000481E0
3.259919967E2,3.105000257E0,7.531950474E0,-7.035000324E0
3.259944401E2,4.627050400E0,8.113950729E0,-3.666000128E0
3.259968838E2,6.982950211E0,7.357950211E0,-5.566950321E0
3.259993274E2,1.924050093E0,7.834050179E0,-3.144000053E0
3.260017709E2,-1.159050107E0,5.124000072E0,4.059000015E0
3.260042146E2,2.440950155E0,6.790050507E0,2.716050148E0
3.260066582E2,6.981000423E0,5.953950405E0,-6.436050415E0
3.260091019E2,1.318050027E0,6.253950119E0,-5.509950161E0
3.260115453E2,-6.405000389E-2,5.242950439E0,6.599999964E-2
3.260139890E2,4.635000229E0,6.397050381E0,-8.100000620E-1
3.260164327E2,3.550050259E0,8.314949989E0,-6.007950306E0
3.260188761E2,-6.559500098E-1,7.101000309E0,-1.135050058E0
3.260213198E2,2.278950214E0,6.226950169E0,7.219500542E-1
3.260237634E2,9.478050232E0,5.322000027E0,-7.561950207E0
3.260262069E2,6.217050076E0,5.878050327E0,-9.658950806E0
3.260286506E2,3.571050167E0,6.678000450E0,-5.031000137E0
3.260310942E2,1.101300049E1,6.250950336E0,-7.015950203E0
3.260335376E2,5.626050472E0,5.962050438E0,-8.590950012E0
3.260359813E2,-2.289000034E0,7.563000202E0,6.790500283E-1
3.260384250E2,3.550050259E0,5.839950085E0,3.730950117E0
3.260408684E2,1.150095081E1,6.690000534E0,-6.379050255E0
3.260433121E2,3.922950268E0,7.033950329E0,-8.110050201E0
3.260457557E2,-1.201950073E0,7.732950211E0,3.171000242E0
3.260481994E2,1.936050057E0,8.442000389E0,2.326050043E0
3.260506429E2,5.305050373E0,1.118400097E1,-3.343050241E0
3.260530865E2,1.153050065E0,1.316400051E1,-1.300500035E-1
3.260555302E2,-6.220500469E-1,1.111200047E1,1.504950047E0
3.260579736E2,2.764950037E0,1.179705048E1,-1.747950077E0
3.260604172E2,4.660950184E0,1.278300095E1,-4.959000111E0
3.260628609E2,6.037950516E0,1.141095066E1,-4.441950321E0
3.260653046E2,7.941000462E0,1.198605061E1,-6.748050213E0
3.260677481E2,6.600000381E0,1.112595081E1,-7.477950573E0
3.260701917E2,2.029950142E0,1.141800022E1,-2.068950176E0
3.260726352E2,1.735050082E0,1.071405029E1,2.343000174E0
3.260750789E2,5.194950104E0,1.176495075E1,-2.425950050E0
3.260775225E2,6.271950245E0,1.239495087E1,-5.431050301E0
3.260799662E2,1.558050036E0,1.006800079E1,-1.834950089E0
3.260824096E2,9.190500379E-1,9.280050278E0,7.500000596E-1
3.260848532E2,4.017000198E0,1.346505070E1,-7.380000353E-1
3.260872969E2,2.725950241E0,1.224705029E1,-2.364000082E0
3.260897404E2,1.060050011E0,7.699950218E0,-1.044000030E0
3.260921840E2,4.065000057E0,9.220050812E0,-3.007950068E0
3.260946277E2,5.058000088E0,9.511950493E0,-5.826000214E0
3.260970712E2,3.967050076E0,6.010050297E0,-7.471050262E0
3.260995148E2,6.430050373E0,6.619950294E0,-5.719950199E0
3.261019585E2,8.796000481E0,6.238950253E0,-8.530950546E0
3.261044022E2,2.845950127E0,6.816000462E0,-5.665050507E0
3.261068456E2,-7.279500365E-1,4.486950397E0,2.685000181E0
3.261092892E2,3.853950262E0,5.368050098E0,3.589950085E0
3.261117327E2,9.065999985E0,4.908000469E0,-6.879000187E0
3.261141764E2,2.238000154E0,5.569050312E0,-6.160950184E0
3.261166200E2,-7.009500265E-1,5.482950211E0,1.215000033E0
3.261190637E2,4.749000072E0,5.962050438E0,6.160500050E-1
3.261215072E2,3.568950176E0,6.771000385E0,-3.895950079E0
3.261239508E2,-2.047049999E0,7.824000359E0,-4.699500203E-1
3.261263945E2,2.338050127E0,6.546000481E0,1.344000101E0
3.261288379E2,9.337050438E0,4.834050179E0,-7.738950253E0
3.261312816E2,4.654050350E0,6.382950306E0,-9.979950905E0
3.261337253E2,5.125050068E0,6.847950459E0,-5.818950176E0
3.261361689E2,1.048905087E1,6.139050484E0,-7.594950199E0
3.261386123E2,2.616000175E0,7.117950439E0,-4.240950108E0
3.261410560E2,-2.265000105E0,8.064000130E0,6.135000229E0
3.261434997E2,4.165050030E0,6.093000412E0,2.995950222E0
3.261459432E2,1.063905048E1,6.601050377E0,-1.012095070E1
3.261483868E2,2.677950144E0,7.051050186E0,-9.562950134E0
3.261508305E2,-1.654050112E0,6.333000183E0,-1.102050066E0
3.261532739E2,1.275000095E0,8.125950813E0,-1.234050035E0
3.261557176E2,3.006000042E0,9.922050476E0,-3.748050213E0
3.261581613E2,-2.400000021E-2,9.807000160E0,-7.950000465E-3
3.261606047E2,-9.169500470E-1,8.389050484E0,1.770000100E0
3.261630483E2,5.731050491E0,9.151050568E0,-2.656050205E0
3.261654920E2,6.141000271E0,9.277950287E0,-5.197950363E0
3.261679355E2,4.990950108E0,8.536050797E0,-2.701050043E0
3.261703792E2,6.805950165E0,1.038900089E1,-4.108950138E0
3.261728228E2,4.801950455E0,9.754050255E0,-5.055000305E0
3.261752663E2,9.880500436E-1,9.285000801E0,-7.399500608E-1
3.261777099E2,1.134000063E0,8.148000717E0,2.556000233E0
3.261801536E2,7.479000568E0,1.199805069E1,-5.352000237E0
3.261825970E2,6.363000393E0,1.092000008E1,-8.220000267E0
3.261850407E2,1.450050116E0,1.055205059E1,-2.485950232E0
3.261874843E2,2.370000124E0,1.183005047E1,-8.650500178E-1
3.261899278E2,5.496000290E0,1.365900040E1,-1.425000072E0
3.261923715E2,2.307000160E0,1.491600037E1,-3.199050188E0
3.261948151E2,3.799500167E-1,1.229505062E1,5.400000140E-2
3.261972588E2,3.571050167E0,1.124100018E1,-2.754000187E0
3.261997023E2,6.133050442E0,1.161495018E1,-9.037050247E0
3.262021459E2,3.871050119E0,1.036500072E1,-7.054050446E0
3.262045896E2,6.460950375E0,1.071900082E1,-4.813050270E0
3.262070330E2,7.267950535E0,1.023300076E1,-5.119050026E0
3.262094767E2,1.957950115E0,1.085295010E1,-1.126049995E0
3.262119203E2,1.326000094E0,8.569050789E0,4.465950012E0
3.262143638E2,5.689950466E0,1.004895020E1,1.654950023E0
3.262168075E2,4.657950401E0,9.541050911E0,-4.624050140E0
3.262192511E2,9.829500318E-1,8.764950752E0,-3.172950268E0
3.262216948E2,1.290000081E0,7.698000431E0,-1.537950039E0
3.262241383E2,3.685950279E0,9.567000389E0,-1.381950021E0
3.262265819E2,1.773000121E0,9.409049988E0,-2.541000128E0
3.262290254E2,3.730500042E-1,8.104949951E0,2.670000196E-1
3.262314691E2,3.190950155E0,7.633050442E0,-4.630500078E-1
3.262339127E2,6.270000458E0,6.028950214E0,-6.544050217E0
3.262363564E2,3.885000229E0,4.401000023E0,-8.718000412E0
3.262387998E2,3.736950159E0,5.962050438E0,-6.277950287E0
3.262412436E2,7.218000412E0,5.926050186E0,-8.421000481E0
3.262436872E2,2.745000124E0,5.755950451E0,-7.393950462E0
3.262461306E2,-1.780950069E0,5.035050392E0,1.014000058E0
3.262485743E2,9.520500302E-1,5.017950058E0,6.030000210E0
3.262510179E2,6.648000240E0,3.961950302E0,-9.409500360E-1
3.262534614E2,3.649950266E0,4.695000172E0,-2.284950018E0
3.262559051E2,2.389500141E-1,3.928950071E0,1.708050132E0
3.262583487E2,6.922950268E0,3.253950119E0,-2.503050089E0
3.262607922E2,5.254950047E0,5.053950310E0,-7.324950218E0
3.262632359E2,-1.848000050E0,6.445050240E0,-4.461000443E0
3.262656796E2,8.830500245E-1,6.808950424E0,-6.210000515E-1
3.262681232E2,8.643000603E0,5.301000118E0,-6.586950302E0
3.262705667E2,4.644000053E0,7.594950199E0,-6.526950359E0
3.262730104E2,2.626050234E0,8.454000473E0,-3.169500232E-1
3.262754540E2,8.101050377E0,7.152000427E0,-2.425950050E0
3.262778974E2,5.698050499E0,7.446000576E0,-6.271050453E0
3.262803411E2,-8.100000024E-2,8.677050591E0,5.800500512E-1
3.262827848E2,3.391950130E0,7.441050529E0,6.640500426E-1
3.262852282E2,9.556950569E0,8.434950829E0,-9.280950546E0
3.262876719E2,5.728950500E0,8.241000175E0,-7.834950447E0
3.262901155E2,8.419500589E-1,8.988000870E0,-1.234050035E0
3.262925592E2,2.974950075E0,1.109295082E1,-1.612050056E0
3.262950027E2,4.726050377E0,1.297005081E1,-2.622000217E0
3.262974463E2,1.618050098E0,1.271100044E1,-8.980500698E-1
3.262998898E2,-8.595000207E-2,1.047300053E1,1.404000044E0
3.263023335E2,3.346050262E0,1.125795078E1,6.829500198E-1
3.263047771E2,4.813950062E0,1.031205082E1,-6.621000290E0
3.263072208E2,5.743050098E0,8.986050606E0,-8.464050293E0
3.263096642E2,9.934950829E0,9.514950752E0,-9.300000191E0
3.263121079E2,5.724000454E0,1.012995052E1,-9.022050858E0
3.263145516E2,2.550000250E-1,1.032600021E1,-9.919500351E-1
3.263169950E2,1.455000043E0,8.296050072E0,3.090000153E0
3.263194386E2,6.298950195E0,9.505050659E0,-2.613000154E0
3.263218823E2,5.002950191E0,8.820000648E0,-6.979950428E0
3.263243258E2,8.320500255E-1,7.762050152E0,-2.317950010E0
3.263267695E2,3.151950121E0,7.201950550E0,-9.409500360E-1
3.263292131E2,4.251000404E0,9.034049988E0,-2.814000130E0
3.263316568E2,1.780950069E0,9.097949982E0,-7.759500146E-1
3.263341003E2,3.850500286E-1,9.567000389E0,2.351999998E0
3.263365439E2,2.314050198E0,8.647950172E0,7.579500079E-1
3.263389876E2,4.845000267E0,8.832000732E0,-3.994050264E0
3.263414310E2,3.220050097E0,8.161950111E0,-3.028950214E0
3.263438747E2,6.913950443E0,8.911050797E0,-3.823950291E0
3.263463183E2,6.787050247E0,8.559000015E0,-5.905050278E0
3.263487620E2,3.870000243E-1,9.148050308E0,-3.187050104E0
3.263512054E2,-1.339500099E-1,7.618950367E0,3.472950220E0
3.263536491E2,4.282950401E0,8.904000282E0,-1.387050033E0
3.263560928E2,6.805950165E0,9.057000160E0,-8.574000359E0
3.263585363E2,2.407950163E0,8.101950645E0,-5.682000160E0
3.263609799E2,2.274000168E0,8.325000763E0,-2.479050159E0
3.263634236E2,6.070950508E0,9.364050865E0,-4.171050072E0
3.263658671E2,2.242950201E0,1.102800083E1,-4.320000172E0
3.263683107E2,8.130000234E-1,8.401050568E0,5.490000248E-1
3.263707544E2,2.902950048E0,9.630000114E0,-5.460000038E-1
3.263731978E2,5.938950062E0,7.161000252E0,-7.243050575E0
3.263756414E2,2.968050241E0,7.695000172E0,-6.715950489E0
3.263780851E2,6.238950253E0,7.030050278E0,-5.494950294E0
3.263805286E2,9.435000420E0,7.045950413E0,-9.433950424E0
3.263829723E2,1.278000116E0,8.815950394E0,-4.693050385E0
3.263854159E2,-2.128050089E0,6.781050205E0,5.677950382E0
3.263878594E2,4.081050396E0,6.553050518E0,4.501950264E0
3.263903030E2,1.012500095E1,6.979050159E0,-6.760050297E0
3.263927467E2,3.139950037E0,6.844950199E0,-6.301950455E0
3.263951901E2,1.474050045E0,7.249950409E0,-3.259500265E-1
3.263976338E2,5.965950489E0,7.659000397E0,-2.839950085E0
3.264000775E2,4.033950329E0,9.670050621E0,-4.999950409E0
3.264025211E2,-4.039500058E-1,1.032600021E1,5.779500008E-1
3.264049646E2,2.512950182E0,8.968950272E0,-9.679500461E-1
3.264074082E2,7.486050129E0,8.171999931E0,-7.102050304E0
3.264098519E2,5.122950077E0,7.228050232E0,-8.469000816E0
3.264122954E2,6.052050114E0,7.863000393E0,-5.989050388E0
3.264147391E2,9.349050522E0,6.586950302E0,-8.850000381E0
3.264171827E2,2.700000048E0,7.860000610E0,-8.220000267E0
3.264196261E2,-9.259500504E-1,7.246950150E0,1.141050100E0
3.264220698E2,2.551050186E0,7.255050182E0,2.062050104E0
3.264245134E2,8.728950500E0,6.771000385E0,-6.769050121E0
3.264269569E2,2.554050207E0,6.874050140E0,-5.719950199E0
3.264294006E2,-1.198950052E0,6.160050392E0,1.720050097E0
3.264318442E2,4.159950256E0,7.204050541E0,2.302050114E0
3.264342877E2,5.188050270E0,7.462950230E0,-3.103050232E0
3.264367313E2,-7.090500593E-1,8.157000542E0,-7.240500450E-1
3.264391750E2,1.735050082E0,8.028000832E0,6.810000539E-1
3.264416184E2,8.719050407E0,7.420050144E0,-7.324950218E0
3.264440621E2,5.425050259E0,8.125950813E0,-7.741050243E0
3.264465057E2,2.221050024E0,9.714000702E0,-1.819500029E-1
3.264489494E2,4.984050274E0,9.529050827E0,-2.388000011E0
3.264513929E2,4.144050121E0,1.031205082E1,-4.066050053E0
3.264538366E2,9.739500284E-1,1.030005074E1,1.411050081E0
3.264562802E2,1.069050074E0,8.806050301E0,2.776050091E0
3.264587236E2,5.257050037E0,1.155705070E1,-3.691950083E0
3.264611673E2,4.906949997E0,1.094205093E1,-7.090050220E0
3.264636109E2,1.756950140E0,1.000305080E1,-2.371050119E0
3.264660544E2,3.331950188E0,1.177695084E1,-1.408050060E0
3.264684981E2,4.444950104E0,1.367595100E1,-2.931000233E0
3.264709417E2,2.029950142E0,1.341000080E1,3.150000274E-1
3.264733851E2,5.929500461E-1,1.166505051E1,-7.279500365E-1
3.264758288E2,9.900000691E-1,1.296495056E1,2.958000183E0
3.264782724E2,3.447000265E0,1.171305084E1,-1.687950134E0
3.264807161E2,4.788000107E0,9.736950874E0,-6.096000195E0
3.264831596E2,9.391950607E0,9.613050461E0,-1.044405079E1
3.264856033E2,5.965950489E0,1.028595066E1,-1.184295082E1
3.264880469E2,6.889500618E-1,7.963050365E0,-3.811950207E0
3.264904904E2,1.639050126E0,5.811000347E0,1.356000066E0
3.264929340E2,4.849950314E0,8.179050446E0,-3.144000053E0
3.264953777E2,4.876049995E0,4.104000092E0,-7.138050556E0
3.264978211E2,7.129500508E-1,4.269000053E0,-2.517000198E0
3.265002648E2,2.638050079E0,5.217000484E0,-1.830000043E0
3.265027084E2,5.269050121E0,5.686050415E0,-4.297950268E0
3.265051519E2,2.389500141E-1,6.274950504E0,-2.119050026E0
3.265075956E2,-1.065000057E0,5.880000114E0,4.204950333E0
3.265100392E2,5.278950214E0,5.310000420E0,-1.630500108E-1
3.265124826E2,7.804950237E0,2.883000135E0,-7.590000153E0
3.265149263E2,1.807050109E0,5.799000263E0,-5.425950050E0
3.265173699E2,7.576950550E0,4.674000263E0,-4.510950089E0
3.265198136E2,1.127595043E1,2.308050156E0,-9.060000420E0
3.265222571E2,8.200500607E-1,5.497050285E0,-8.424000740E0
3.265247007E2,-1.101000071E0,4.705049992E0,-1.933050036E0
3.265271444E2,7.831050396E0,3.574950218E0,-1.717050076E0
3.265295879E2,8.680950165E0,2.109000206E0,-6.475050449E0
3.265320316E2,3.439500034E-1,4.530000210E0,5.680500269E-1
3.265344752E2,3.105000257E0,4.824000359E0,4.858950138E0
3.265369189E2,6.658050537E0,5.257950306E0,-3.424050093E0
3.265393623E2,2.808000088E0,9.523950577E0,-4.734000206E0
3.265418059E2,-1.216050029E0,9.370950699E0,6.690000296E-1
3.265442496E2,2.863050222E0,9.100950241E0,-5.236950397E0
3.265466931E2,5.142000198E0,8.859000206E0,-1.076805019E1
3.265491367E2,5.809500217E-1,1.029495049E1,-5.526000500E0
3.265515804E2,3.532950163E0,7.870050430E0,-4.063950062E0
3.265540239E2,5.362050056E0,7.360050201E0,-7.297950268E0
3.265564675E2,1.327950120E0,7.173000336E0,-3.036000252E0
3.265589112E2,5.400000140E-2,5.763000488E0,4.524000168E0
3.265613546E2,4.488000393E0,7.543950558E0,-1.252950072E0
3.265637983E2,7.120050430E0,7.657050133E0,-5.586000443E0
3.265662419E2,3.162000179E0,5.092950344E0,-1.423050046E0
3.265686854E2,2.779050112E0,7.360050201E0,1.042050004E0
3.265711291E2,7.108050346E0,1.156005096E1,-1.377000093E0
3.265735727E2,3.937950134E0,1.044405079E1,-2.026050091E0
3.265760164E2,1.218000054E0,1.095405006E1,6.810000539E-1
3.265784598E2,2.923050165E0,1.204605103E1,2.725950241E0
3.265809035E2,5.046000004E0,1.263705063E1,-5.232000351E0
3.265833472E2,4.177050114E0,1.136595058E1,-4.557000160E0
3.265857906E2,7.840050220E0,1.215795040E1,-7.923000336E0
3.265882342E2,7.318950176E0,1.217700100E1,-9.676050186E0
3.265906779E2,1.323000073E0,1.228695011E1,-4.201950073E0
3.265931214E2,3.420000076E-1,1.182105064E1,2.500950098E0
3.265955650E2,3.571050167E0,1.249605083E1,1.105050087E0
3.265980087E2,5.572950363E0,1.130295086E1,-8.191050529E0
3.266004522E2,1.893000126E0,9.582000732E0,-6.882000446E0
3.266028958E2,1.302000046E0,7.591950417E0,-2.965050220E0
3.266053395E2,5.484000206E0,9.232050896E0,-3.999000072E0
3.266077829E2,4.405050278E0,9.634950638E0,-5.407050133E0
3.266102266E2,3.112050056E0,7.033950329E0,-1.224000096E0
3.266126702E2,5.346000195E0,8.710050583E0,-9.510000348E-1
3.266151137E2,5.443950176E0,7.480050564E0,-4.363049984E0
3.266175574E2,3.439950228E0,5.682000160E0,6.795000285E-2
3.266200010E2,6.660000324E0,9.004950523E0,1.828050137E0
3.266224447E2,8.221050262E0,8.425050735E0,-7.210500240E-1
3.266248881E2,3.661950111E0,8.527950287E0,1.339050055E0
3.266273317E2,-1.240500063E-1,9.727950096E0,3.846000195E0
3.266297754E2,7.099500299E-1,9.333000183E0,1.894950032E0
3.266322189E2,3.435000181E0,1.068300056E1,-4.606950283E0
3.266346625E2,1.408950090E0,1.066605091E1,-4.389000416E0
3.266371062E2,2.851050138E0,1.103295040E1,-1.687950134E0
3.266395497E2,4.302000046E0,1.366605091E1,-4.789050102E0
3.266419934E2,4.990950108E0,1.457205105E1,-7.261950493E0
3.266444370E2,2.020050049E0,1.495500088E1,-4.276950359E0
3.266468804E2,1.315950036E0,1.434900093E1,-3.361950159E0
3.266493241E2,3.708000183E0,1.422195053E1,-3.048000097E0
3.266517678E2,2.026950121E0,1.220595074E1,-4.915950298E0
3.266542112E2,3.799050093E0,9.088950157E0,-5.353950024E0
3.266566549E2,6.318000317E0,7.585050583E0,-8.886000633E0
3.266590985E2,3.840000153E0,6.520050526E0,-1.081305027E1
3.266615420E2,2.340000123E-1,2.410950184E0,-5.076000214E0
3.266639857E2,1.507950068E0,3.523950100E0,-1.600050092E0
3.266664293E2,9.229500294E-1,6.031050205E0,-4.047000408E0
3.266688730E2,1.419000030E0,2.749500275E-1,2.829000235E0
3.266713165E2,2.290950060E0,2.145000219E0,6.906000137E0
3.266737601E2,6.220050335E0,3.385050058E0,-6.180000305E-1
3.266762038E2,6.610050201E0,1.843950033E0,-2.590950012E0
3.266786472E2,4.266000271E0,3.766050100E0,1.276950002E0
3.266810909E2,2.281050205E0,5.694000244E0,-2.091000080E0
3.266835345E2,8.566050529E0,2.500050068E0,-1.039905071E1
3.266859780E2,7.977000237E0,6.010500193E-1,-8.854949951E0
3.266884217E2,6.291000366E0,4.164000034E0,-8.256000519E0
3.266908653E2,9.093000412E0,5.004000187E0,-1.048305035E1
3.266933088E2,6.141000271E0,2.868000031E0,-7.984950542E0
3.266957525E2,-3.090000153E-1,5.787000179E0,-1.842000127E0
3.266981961E2,1.749000072E0,7.635000229E0,5.635050297E0
3.267006395E2,7.386000156E0,7.461000443E0,-1.240950108E0
3.267030832E2,4.939050198E0,6.583950520E0,-2.806950092E0
3.267055268E2,3.367950201E0,9.168000221E0,1.621950030E0
3.267079705E2,5.206950188E0,1.041495037E1,-4.427999973E0
3.267104140E2,4.534049988E0,1.223505020E1,-6.412050247E0
3.267128576E2,1.198950052E0,1.434405041E1,-2.008949995E0
3.267153013E2,8.779500127E-1,1.316100025E1,1.890000105E0
3.267177448E2,8.200500607E-1,1.275900078E1,8.170500398E-1
3.267201884E2,1.675050020E0,1.332705021E1,-5.269500017E-1
3.267226321E2,7.630500197E-1,1.024500084E1,6.259500384E-1
3.267250755E2,2.664000034E0,1.041705036E1,-5.629500151E-1
3.267275192E2,2.599050045E0,1.402095032E1,-7.120950222E0
3.267299628E2,2.323950052E0,1.174095058E1,-2.953050137E0
3.267324063E2,1.374000072E0,8.794050217E0,2.140500098E-1
3.267348500E2,4.591050148E0,1.057800007E1,-4.687950134E0
3.267372936E2,4.327950001E0,1.422405052E1,-6.465000153E0
3.267397373E2,3.117000103E0,1.087995052E1,-2.983950138E0
3.267421808E2,3.447000265E0,1.021200085E1,-3.670500219E-1
3.267446244E2,4.668000221E0,1.206000042E1,-1.935000062E0
3.267470680E2,2.652000189E0,1.131495094E1,-2.164950132E0
3.267495115E2,3.162000179E0,9.730050087E0,-1.369500011E-1
3.267519551E2,5.563950062E0,1.086795044E1,-3.562950134E0
3.267543988E2,6.421050072E0,9.619950294E0,-5.890050411E0
3.267568423E2,1.855050087E0,8.124000549E0,-3.192000151E0
3.267592860E2,1.855050087E0,9.108000755E0,-5.419500470E-1
3.267617296E2,3.325050116E0,1.205505085E1,-1.055999994E0
3.267641733E2,1.342050076E0,9.136950493E0,3.070500195E-1
3.267666167E2,1.879500151E-1,4.480050087E0,5.160000324E-1
3.267690604E2,3.054000139E0,5.799000263E0,-3.900000080E-2
3.267715040E2,5.710050106E0,1.108305073E1,-5.071950436E0
3.267739475E2,3.430050135E0,6.165000439E0,-4.798950195E0
3.267763911E2,1.435950041E0,3.460050106E0,-7.470000386E-1
3.267788348E2,4.066950321E0,8.710050583E0,-1.200000048E-1
3.267812783E2,3.583050251E0,1.127505016E1,-1.843950033E0
3.267837219E2,2.218950033E0,6.607950211E0,-1.660050035E0
3.267861656E2,3.073050261E0,7.623000145E0,-1.674000025E0
3.267886090E2,7.807050228E0,8.047050476E0,-6.151050091E0
3.267910527E2,4.171950340E0,7.705050468E0,-7.858950138E0
3.267934963E2,1.776000142E0,8.502000809E0,-1.516050100E0
3.267959398E2,4.387950420E0,9.736950874E0,-5.419500470E-1
3.267983835E2,5.880000114E0,9.442950249E0,-3.405000210E0
3.268008271E2,2.590050220E0,9.619950294E0,-2.341950178E0
3.268032706E2,1.741950035E0,8.634000778E0,-1.339050055E0
3.268057143E2,6.247950077E0,1.020405006E1,-5.143050194E0
3.268081579E2,5.022000313E0,1.121505070E1,-8.308950424E0
3.268106014E2,5.310000181E-1,1.049205017E1,-1.918050051E0
3.268130450E2,2.599500120E-1,9.544050217E0,5.899500251E-1
3.268154887E2,3.448950052E0,1.117395020E1,-1.705050111E0
3.268179321E2,3.255000114E0,1.055595016E1,-2.854050159E0
3.268203758E2,3.283950090E0,7.705050468E0,-2.677050114E0
3.268228195E2,7.732950211E0,7.413000584E0,-5.818950176E0
3.268252631E2,6.378000259E0,8.365950584E0,-8.605950356E0
3.268277066E2,1.510050058E0,7.045950413E0,-5.542950153E0
3.268301503E2,1.716000080E0,5.719950199E0,-1.009500027E-1
3.268325939E2,4.765950203E0,7.582950592E0,-7.570500374E-1
3.268350374E2,1.948050141E0,5.478000164E0,-2.731950045E0
3.268374810E2,1.500000060E-1,3.826050282E0,1.525950074E0
3.268399247E2,4.500000000E0,5.221950054E0,-5.869500041E-1
3.268423681E2,8.098950386E0,5.992950439E0,-5.440050125E0
3.268448118E2,3.081000090E0,4.342950344E0,-6.846000195E0
3.268472554E2,2.770500183E-1,5.101950169E0,-1.000950098E0
3.268496989E2,2.820000172E0,7.681050301E0,9.280500412E-1
3.268521426E2,2.752950191E0,6.091050148E0,-1.012950063E0
3.268545862E2,1.699050069E0,5.959050179E0,7.120500207E-1
3.268570296E2,3.600000143E0,6.129000187E0,2.070000172E-1
3.268594733E2,9.763050079E0,7.000950336E0,-6.355050087E0
3.268619170E2,8.134950638E0,6.060000420E0,-1.155495071E1
3.268643606E2,1.716000080E0,7.494000435E0,-5.317950249E0
3.268668041E2,3.217050076E0,9.072000504E0,-7.570500374E-1
3.268692478E2,6.567000389E0,9.024000168E0,-2.617050171E0
3.268716914E2,2.659050226E0,8.787000656E0,-2.055000067E0
3.268741349E2,2.539950132E0,8.491950035E0,4.800000191E-1
3.268765786E2,9.945000648E0,7.213950157E0,-6.604050159E0
3.268790222E2,9.319950104E0,9.213000298E0,-1.318605042E1
3.268814659E2,1.399950027E0,8.563950539E0,-7.885050297E0
3.268839093E2,8.490000367E-1,6.670050144E0,1.005000062E-2
3.268863530E2,3.354000092E0,1.057095051E1,2.254050016E0
3.268887967E2,1.879050136E0,9.153000832E0,2.520000041E-1
3.268912401E2,6.169500351E-1,7.495950222E0,4.294050217E0
3.268936837E2,4.408950329E0,7.096950531E0,-1.096950054E0
3.268961274E2,7.498050213E0,7.875000477E0,-5.176950455E0
3.268985709E2,2.949000120E0,8.602950096E0,-4.249950409E0
3.269010145E2,8.640000224E-1,7.711950302E0,2.176950216E0
3.269034582E2,9.550500512E-1,1.074105072E1,9.160500169E-1
3.269059017E2,1.831050038E0,1.191405010E1,-1.621050119E0
3.269083453E2,1.267950058E0,9.900000572E0,-1.695000008E-2
3.269107890E2,-8.400000632E-2,8.959050179E0,5.640000105E-1
3.269132324E2,9.949500561E-1,1.114305019E1,-4.189500213E-1
3.269156760E2,2.784000158E0,1.516500092E1,1.759500057E-1
3.269181197E2,2.953950167E0,1.171305084E1,3.190500140E-1
3.269205634E2,1.711050034E0,8.701050758E0,-1.854000092E0
3.269230069E2,1.606050134E0,1.393500042E1,-3.690000176E-1
3.269254505E2,1.812000036E0,1.329300022E1,1.090500057E-1
3.269278942E2,4.660500288E-1,9.895050049E0,-4.840500355E-1
3.269303377E2,-5.220000148E-1,7.848000526E0,-4.309500158E-1
3.269327813E2,7.095000148E-2,1.029300022E1,2.053050041E0
3.269352250E2,1.540950060E0,1.006095028E1,2.614950180E0
3.269376685E2,1.074000001E0,4.894050121E0,9.799500704E-1
3.269401121E2,6.198000431E0,6.766050339E0,1.978950143E0
3.269425558E2,1.580100060E1,7.948950291E0,-1.319100094E1
3.269449992E2,5.275950432E0,6.832950115E0,-2.086005020E1
3.269474429E2,2.173050165E0,5.131050110E0,-1.571700096E1
3.269498865E2,5.829000473E0,6.607950211E0,-1.450500107E1
3.269523300E2,5.977950096E0,6.579000473E0,-1.219200039E1
3.269547737E2,7.200000286E-1,5.418000221E0,-1.984950066E0
3.269572173E2,6.739500165E-1,6.711000443E0,9.288000107E0
3.269596608E2,5.911050320E0,5.539950371E0,6.810000420E0
3.269621045E2,1.050495052E1,7.732950211E0,8.820000291E-1
3.269645481E2,8.827050209E0,5.679000378E0,-4.530000091E-1
3.269669918E2,8.986950874E0,6.081000328E0,-5.625000477E0
3.269694352E2,1.005000019E1,7.906050205E0,-1.120305061E1
3.269718788E2,4.524000168E0,8.536050797E0,-7.473000526E0
3.269743225E2,1.444950104E0,8.794050217E0,5.022000313E0
3.269767660E2,1.978950143E0,1.014495087E1,1.722000122E0
3.269792096E2,2.365050077E0,1.437495041E1,-1.485000014E0
3.269816533E2,2.470050097E0,1.183995056E1,6.349500418E-1
3.269840968E2,1.134000063E0,1.099005032E1,1.798950076E0
3.269865405E2,5.025000095E0,1.339605045E1,-8.959500194E-1
3.269889841E2,5.719050407E0,1.587405109E1,-1.383195019E1
3.269914276E2,8.299500346E-1,1.285500050E1,-9.790950775E0
3.269938712E2,-5.719500184E-1,8.109000206E0,-2.244000196E0
3.269963149E2,1.672950029E0,1.178895092E1,4.200000316E-2
3.269987583E2,2.185050011E0,1.337400055E1,-2.377950191E0
3.270012020E2,1.275000095E0,6.511950493E0,-1.300500035E-1
3.270036456E2,2.185050011E0,5.269950390E0,-1.545000076E0
3.270060891E2,5.974950314E0,1.043205070E1,-5.337000370E0
3.270085328E2,5.869950294E0,8.239050865E0,-9.407999992E0
3.270109765E2,1.936050057E0,4.693050385E0,-3.846000195E0
3.270134201E2,3.076050043E0,6.151050091E0,1.660050035E0
3.270158636E2,3.457050085E0,7.731000423E0,-6.610500216E-1
3.270183072E2,1.644000053E0,4.731000423E0,-1.018050075E0
3.270207509E2,1.347000122E0,3.804000139E0,2.575050116E0
3.270231943E2,6.910950184E0,5.859000206E0,-1.150500029E-1
3.270256380E2,9.889950752E0,6.487950325E0,-7.023000240E0
3.270280816E2,4.777950287E0,5.512050152E0,-6.654000282E0
3.270305251E2,7.390500307E-1,6.546000481E0,-1.200000010E-2
3.270329688E2,3.102000237E0,9.691950798E0,3.195000172E0
3.270354124E2,2.395950079E0,1.094205093E1,3.739500046E-1
3.270378559E2,3.616950274E0,8.574000359E0,-1.734000087E0
3.270402995E2,3.436950207E0,7.188000202E0,-2.151000023E0
3.270427432E2,7.053000450E0,8.657999992E0,-4.732050419E0
3.270451866E2,6.976050377E0,1.013700008E1,-8.977050781E0
3.270476303E2,2.506050110E0,1.027905083E1,-2.845050097E0
3.270500739E2,1.371000051E0,1.094400024E1,3.006000042E0
3.270525176E2,1.723050117E0,1.432995033E1,9.160500169E-1
3.270549611E2,2.793000221E0,1.350795078E1,7.000500560E-1
3.270574047E2,1.867050052E0,1.043895054E1,-1.800000072E-1
3.270598484E2,3.451950073E0,1.012305069E1,6.210000515E-1
3.270622919E2,4.869000435E0,1.333605099E1,-6.915000439E0
3.270647355E2,3.106950045E0,1.271400070E1,-8.797050476E0
3.270671792E2,1.860000044E-1,9.262950897E0,-2.042999983E0
3.270696226E2,8.080500364E-1,8.956950188E0,1.159950018E0
3.270720663E2,2.350050211E0,1.382505035E1,-3.880500197E-1
3.270745099E2,2.556000233E0,1.006500053E1,-2.151000023E0
3.270769536E2,2.173050165E0,7.125000477E0,-1.629000068E0
3.270793971E2,4.632000446E0,8.875950813E0,-2.341950178E0
3.270818407E2,6.148050308E0,9.769050598E0,-6.736050129E0
3.270842844E2,2.893950224E0,7.470000267E0,-4.252950191E0
3.270867279E2,2.218950033E0,5.563950062E0,7.260000110E-1
3.270891715E2,4.705950260E0,7.911000252E0,-3.760500252E-1
3.270916152E2,4.033950329E0,8.028000832E0,-4.498950005E0
3.270940587E2,1.575000048E0,2.974050045E0,-2.361000061E0
3.270965023E2,8.830500245E-1,3.129000187E0,-5.629500151E-1
3.270989460E2,5.620950222E0,6.250950336E0,-4.120950222E0
3.271013896E2,6.282000065E0,4.888950348E0,-9.453000069E0
3.271038331E2,2.509500086E-1,4.621050358E0,-4.300950050E0
3.271062767E2,-1.705050111E0,5.083050251E0,4.713000298E0
3.271087204E2,2.295000076E0,6.418950081E0,4.002000332E0
3.271111639E2,4.675050259E0,6.151050091E0,-1.815000057E0
3.271136075E2,6.460500360E-1,5.020950317E0,-1.509000063E0
3.271160512E2,3.021000147E0,4.281000137E0,-3.210000098E-1
3.271184946E2,9.484950066E0,4.714050293E0,-7.803000450E0
3.271209382E2,2.949000120E0,5.296050072E0,-1.002300072E1
3.271233819E2,-1.681050062E0,5.938050270E0,1.878000140E0
3.271258254E2,8.250000477E-1,5.871000290E0,4.833000183E0
3.271282690E2,7.407000542E0,7.429050446E0,-3.585000277E0
3.271307127E2,4.222949982E0,7.068000317E0,-3.829050064E0
3.271331562E2,7.290000319E-1,7.756950378E0,-2.380500138E-1
3.271355998E2,4.450050354E0,8.254950523E0,-3.549000263E0
3.271380435E2,7.273050308E0,1.049895096E1,-7.417950153E0
3.271404869E2,2.154000044E0,1.000305080E1,-4.770000458E0
3.271429306E2,7.605000585E-2,8.305950165E0,1.519050121E0
3.271453742E2,1.036050081E0,1.150905037E1,2.053050041E0
3.271478177E2,3.118950129E0,1.245000076E1,-3.132000208E0
3.271502614E2,3.166950226E0,9.787950516E0,-3.598950148E0
3.271527050E2,3.088050127E0,7.786050320E0,-3.430950165E0
3.271551485E2,6.235950470E0,9.424050331E0,-5.917050362E0
3.271575922E2,6.370050430E0,1.024695015E1,-9.407999992E0
3.271600358E2,1.965000153E0,8.052000046E0,-5.244000435E0
3.271624795E2,1.612950087E0,7.489050388E0,3.430500031E-1
3.271649229E2,4.789950371E0,1.029300022E1,5.010000467E-1
3.271673666E2,3.840000153E0,9.345000267E0,-1.273950100E0
3.271698102E2,2.365050077E0,5.818050385E0,-6.160500050E-1
3.271722537E2,3.837000132E0,8.473050117E0,-3.330000043E-1
3.271746974E2,7.516950130E0,8.380050659E0,-4.939950466E0
3.271771410E2,4.060050011E0,7.996950150E0,-7.048950195E0
3.271795845E2,6.070500016E-1,6.163050175E0,-3.139500022E-1
3.271820281E2,5.895000324E-2,7.651950359E0,3.433950186E0
3.271844718E2,2.098950148E0,9.409049988E0,1.909050107E0
3.271869152E2,3.574050188E0,8.181000710E0,-1.690950036E0
3.271893589E2,2.676000118E0,5.866050243E0,-1.474950075E0
3.271918025E2,4.321050167E0,7.639950275E0,-2.119050026E0
3.271942460E2,6.145050526E0,9.595950127E0,-6.589950085E0
3.271966897E2,2.733000040E0,8.602950096E0,-5.967000484E0
3.271991333E2,3.150000274E-1,6.582000256E0,7.410000563E-1
3.272015770E2,1.495950103E0,8.914050102E0,2.413950205E0
3.272040205E2,4.804950237E0,1.176795101E1,-2.011950016E0
3.272064641E2,3.234000206E0,6.795000553E0,-3.420000076E0
3.272089078E2,2.472000122E0,6.366000175E0,-2.521950006E0
3.272113512E2,6.100050449E0,8.049000740E0,-4.018050194E0
3.272137949E2,5.986950397E0,9.535950661E0,-8.767950058E0
3.272162385E2,2.401050091E0,6.577050209E0,-5.931000233E0
3.272186820E2,8.640000224E-1,4.711950302E0,6.709500551E-1
3.272211256E2,2.950950146E0,9.382950783E0,1.873050094E0
3.272235693E2,3.478050232E0,8.353950500E0,-2.173950195E0
3.272260128E2,3.157050133E0,5.830050468E0,-1.429950118E0
3.272284565E2,2.628000021E0,6.148050308E0,1.060500070E-1
3.272309001E2,7.783050537E0,7.246950150E0,-3.204000235E0
3.272333438E2,4.996050358E0,8.008950233E0,-7.288950443E0
3.272357872E2,2.310000062E-1,6.109950066E0,-2.746950150E0
3.272382308E2,-5.505000427E-2,5.740950108E0,3.676050186E0
3.272406745E2,5.793000221E0,8.020950317E0,-1.469999999E-1
3.272431180E2,6.286950111E0,7.815000534E0,-6.481950283E0
3.272455616E2,1.752000093E0,6.381000519E0,-2.146050215E0
3.272480053E2,4.230000079E-1,7.237950325E0,2.082000017E0
3.272504488E2,5.146950245E0,9.313950539E0,-3.051000118E0
3.272528924E2,5.029950142E0,1.054005051E1,-5.728050232E0
3.272553361E2,1.456950068E0,7.365000248E0,-3.550500274E-1
3.272577795E2,5.359500051E-1,6.397050381E0,2.023950100E0
3.272602231E2,1.150950074E0,1.288800049E1,-3.070500195E-1
3.272626668E2,3.265050173E0,1.240500069E1,1.920000017E-1
3.272651103E2,2.544000149E0,7.602000237E0,-2.313000202E0
3.272675540E2,3.712950230E0,8.416049957E0,-2.902050257E0
3.272699976E2,6.571950436E0,1.220400047E1,-7.296000481E0
3.272724413E2,4.146000385E0,1.124805069E1,-7.714950562E0
3.272748847E2,7.650000453E-1,9.169950485E0,-3.783000231E0
3.272773284E2,1.576950073E0,1.109505081E1,3.049050093E0
3.272797721E2,4.668000221E0,1.420800114E1,-1.576050043E0
3.272822155E2,4.936050415E0,1.065705013E1,-5.692050457E0
3.272846591E2,2.701950073E0,8.028000832E0,-4.843950272E0
3.272871028E2,4.114950180E0,1.050405025E1,-3.040950060E0
3.272895463E2,7.240050316E0,1.155705070E1,-7.510950565E0
3.272919900E2,5.086950302E0,8.919000626E0,-8.311050415E0
3.272944336E2,2.034000158E0,6.424050331E0,-2.170050144E0
3.272968771E2,4.084050179E0,8.842050552E0,2.326050043E0
3.272993208E2,6.676950455E0,1.121205044E1,-1.981050134E0
3.273017644E2,4.468950272E0,7.939050198E0,-3.879000187E0
3.273042078E2,2.365050077E0,7.176000118E0,-1.657050133E0
3.273066515E2,5.536950111E0,8.248050690E0,-8.290500641E-1
3.273090952E2,7.648950577E0,9.304050446E0,-7.071000099E0
3.273115386E2,2.695050240E0,8.089950562E0,-5.617050171E0
3.273139823E2,9.229500294E-1,7.633050442E0,1.837050080E0
3.273164259E2,3.363000154E0,9.939000130E0,2.692050219E0
3.273188694E2,5.295000076E0,1.125105095E1,-2.881050110E0
3.273213131E2,1.881000042E0,8.722050667E0,-2.514000177E0
3.273237567E2,3.820500076E-1,8.538000107E0,3.769500256E-1
3.273262002E2,1.539000034E0,1.006500053E1,-1.075950027E0
3.273286439E2,3.106950045E0,1.289805031E1,-5.614950180E0
3.273310876E2,2.242950201E0,8.410950661E0,-2.617050171E0
3.273335312E2,5.400000215E-1,6.019050121E0,8.700000644E-1
3.273359746E2,1.195950031E0,1.101600075E1,1.066050053E0
3.273384183E2,1.684950113E0,1.348005104E1,-1.006049991E0
3.273408619E2,1.669950128E0,7.492050171E0,7.995000482E-2
3.273433054E2,1.009950042E0,6.208050251E0,-1.710000038E0
3.273457491E2,4.168050289E0,9.943050385E0,-3.288000107E0
3.273481927E2,5.997000217E0,9.370950699E0,-8.365950584E0
3.273506364E2,3.969000101E0,5.467950344E0,-7.353000164E0
3.273530799E2,1.765950084E0,5.167050362E0,-1.321950078E0
3.273555235E2,5.092050076E0,8.895000458E0,-8.700000495E-2
3.273579672E2,5.319000244E0,6.567000389E0,-5.412000179E0
3.273604106E2,2.182950020E0,4.894050121E0,-3.415050268E0
3.273628543E2,6.340500116E-1,5.842050076E0,9.079500437E-1
3.273652979E2,5.797950268E0,7.279050350E0,-1.236000061E0
3.273677414E2,7.852050304E0,6.316050529E0,-9.025050163E0
3.273701850E2,1.623000026E0,4.693050385E0,-4.939950466E0
3.273726287E2,-1.905000024E-2,4.882050037E0,1.129050016E0
3.273750722E2,5.394000053E0,7.980000496E0,2.359500080E-1
3.273775158E2,6.813000202E0,6.895050526E0,-4.947000027E0
3.273799595E2,8.440500498E-1,6.001950264E0,-2.107050180E0
3.273824030E2,4.705950260E0,5.916000366E0,4.369500279E-1
3.273848466E2,1.143000031E1,7.168050289E0,-6.882000446E0
3.273872903E2,5.263950348E0,7.441050529E0,-9.705000877E0
3.273897340E2,-6.490500569E-1,6.982050419E0,5.920500159E-1
3.273921774E2,4.519500136E-1,7.450950146E0,4.687050343E0
3.273946210E2,5.166000366E0,1.117200089E1,-4.459500313E-1
3.273970647E2,4.864050388E0,1.087695026E1,-3.112950087E0
3.273995082E2,1.126950026E0,1.038195038E1,3.000000119E-2
3.274019518E2,1.338000059E0,9.781050682E0,-2.899500132E-1
3.274043955E2,4.632000446E0,1.416495037E1,-4.248000145E0
3.274068390E2,5.086950302E0,1.411695099E1,-6.022050381E0
3.274092826E2,2.034000158E0,9.726000786E0,-2.218050003E0
3.274117263E2,1.189050078E0,9.745050430E0,1.710000038E0
3.274141697E2,8.539500237E-1,1.487100029E1,-1.899000049E0
3.274166134E2,2.592000008E0,1.338195038E1,4.939500093E-1
3.274190570E2,1.869000077E0,9.583950043E0,4.489500225E-1
3.274215007E2,2.185050011E0,1.079100037E1,-1.051950097E0
3.274239442E2,6.153000355E0,1.401405048E1,-4.369950294E0
3.274263878E2,4.735050201E0,1.114305019E1,-1.048995018E1
3.274288313E2,1.339950085E0,9.781050682E0,-5.232000351E0
3.274312750E2,1.093050003E0,1.052805042E1,9.370500445E-1
3.274337186E2,5.010000229E0,1.346805096E1,-5.059500337E-1
3.274361623E2,4.052999973E0,7.803000450E0,-2.284950018E0
3.274386057E2,1.929000139E0,4.879050255E0,-1.441950083E0
3.274410494E2,4.002000332E0,8.923050880E0,3.100500107E-1
3.274434931E2,6.519000530E0,9.486000061E0,-2.313000202E0
3.274459365E2,3.436950207E0,7.690050602E0,-5.232000351E0
3.274483801E2,1.089000106E0,7.077000141E0,1.920000017E-1
3.274508238E2,7.530000210E-1,9.370950699E0,2.488950014E0
3.274532673E2,2.463000059E0,1.164600086E1,1.897050142E0
3.274557110E2,2.626050234E0,8.647950172E0,-2.269950151E0
3.274581546E2,1.860000134E0,7.279050350E0,-4.131000042E0
3.274605980E2,4.608000278E0,8.752950668E0,-4.565999985E0
3.274630417E2,7.002000332E0,9.931050301E0,-7.744050503E0
3.274654854E2,3.231000185E0,8.052000046E0,-7.315050125E0
3.274679288E2,7.650000453E-1,6.550950527E0,-1.369950056E0
3.274703725E2,2.062950134E0,8.935050011E0,2.434050083E0
3.274728161E2,4.896000385E0,8.962050438E0,-2.644050121E0
3.274752596E2,3.880050182E0,5.806050301E0,-4.183050156E0
3.274777033E2,9.259500504E-1,6.547950268E0,-1.657050133E0
3.274801470E2,2.992050171E0,7.747950554E0,-8.580000401E-1
3.274825904E2,6.178950310E0,8.085000038E0,-5.764050484E0
3.274850340E2,2.659050226E0,6.685050488E0,-5.589000225E0
3.274874777E2,-1.068000078E0,5.650050163E0,1.633950114E0
3.274899213E2,1.549500078E-1,7.993950367E0,4.477950096E0
3.274923648E2,5.346000195E0,8.896950722E0,-2.078999996E0
3.274948084E2,4.338000298E0,6.934050560E0,-5.257950306E0
3.274972521E2,1.279950023E0,5.824950218E0,-2.686950207E0
3.274996956E2,6.078000069E0,6.862050533E0,-2.661000013E0
3.275021393E2,7.411950588E0,9.667950630E0,-7.348950386E0
3.275045829E2,2.731050014E0,6.898050308E0,-4.870050430E0
3.275070266E2,2.295000106E-2,7.482000351E0,2.971950054E0
3.275094700E2,1.168050051E0,9.919050217E0,2.047950029E0
3.275119136E2,6.619050503E0,1.192305088E1,-4.401000023E0
3.275143573E2,3.646050215E0,7.836000443E0,-5.182050228E0
3.275168008E2,1.318050027E0,8.622000694E0,-2.371050119E0
3.275192444E2,3.222000122E0,1.052805042E1,-1.542000055E0
3.275216881E2,5.748000145E0,1.182495022E1,-4.897050381E0
3.275241316E2,2.707050085E0,8.527950287E0,-3.550950050E0
3.275265752E2,8.280000687E-1,7.836000443E0,2.581950188E0
3.275290189E2,9.739500284E-1,1.117605019E1,6.310500503E-1
3.275314623E2,4.740000248E0,1.253895092E1,3.049500287E-1
3.275339059E2,4.888050079E0,8.072999954E0,-5.469000340E0
3.275363496E2,3.129000187E0,8.217000008E0,-4.080000401E0
3.275387931E2,5.022000313E0,1.130100060E1,-2.962050200E0
3.275412368E2,7.279950142E0,1.017600060E1,-6.151050091E0
3.275436804E2,3.805950165E0,7.843950272E0,-5.548050404E0
3.275461241E2,1.279950023E0,9.157950401E0,5.970000029E-1
3.275485675E2,3.535950184E0,1.140900040E1,2.473950148E0
3.275510112E2,6.514050484E0,1.078095055E1,-3.373950243E0
3.275534548E2,3.255000114E0,7.372050285E0,-5.719950199E0
3.275558983E2,9.880500436E-1,8.593050003E0,-2.296950102E0
3.275583419E2,2.848050117E0,9.378000259E0,-1.240950108E0
3.275607856E2,6.202950478E0,9.084000587E0,-6.360000134E0
3.275632291E2,3.385050058E0,5.883000374E0,-5.775000095E0
3.275656727E2,1.138950109E0,5.169000149E0,1.126049995E0
3.275681164E2,3.604950190E0,9.250950813E0,1.834950089E0
3.275705598E2,4.371000290E0,8.562000275E0,-2.071950197E0
3.275730035E2,3.415950060E0,5.940000057E0,-3.405000210E0
3.275754472E2,1.467000127E0,6.844950199E0,-2.596050024E0
3.275778906E2,6.004050255E0,7.956000328E0,-3.094050169E0
3.275803343E2,7.669950485E0,7.843950272E0,-7.300950527E0
3.275827779E2,1.993950129E0,6.550950527E0,-4.453950405E0
3.275852214E2,-2.419500053E-1,7.258950233E0,3.621000290E0
3.275876651E2,2.140050173E0,1.002195072E1,3.445950270E0
3.275901087E2,6.684000492E0,1.018800068E1,-3.408000231E0
3.275925522E2,2.970000029E0,7.729050159E0,-5.413950443E0
3.275949958E2,4.330500066E-1,8.887950897E0,-1.036949992E0
3.275974395E2,1.623000026E0,1.113300037E1,-1.630950093E0
3.275998829E2,5.212050438E0,1.211505032E1,-5.124000072E0
3.276023266E2,3.436950207E0,9.013950348E0,-4.006050110E0
3.276047702E2,1.315950036E0,8.800950050E0,9.799500704E-1
3.276072139E2,1.258950114E0,1.285995102E1,7.219500542E-1
3.276096574E2,4.318050385E0,1.371900082E1,1.500000060E-2
3.276121011E2,4.813950062E0,1.008900070E1,-5.047950268E0
3.276145445E2,2.647050142E0,9.816000938E0,-4.453950405E0
3.276169881E2,5.499000072E0,1.234995079E1,-4.530000210E0
3.276194318E2,8.074950218E0,1.118805027E1,-8.602950096E0
3.276218755E2,3.616950274E0,8.719950676E0,-7.150050163E0
3.276243189E2,1.156050086E0,9.450000763E0,1.639050126E0
3.276267626E2,2.875050068E0,1.171800041E1,3.147000074E0
3.276292062E2,4.840050220E0,1.231905079E1,-5.220000148E-1
3.276316497E2,2.791050196E0,7.125000477E0,-3.739950180E0
3.276340934E2,1.668000102E0,7.747950554E0,-3.264000177E0
3.276365370E2,4.747050285E0,9.781050682E0,-4.174050331E0
3.276389807E2,7.459950447E0,8.559000015E0,-8.176950455E0
3.276414241E2,3.784950256E0,6.912000179E0,-5.718000412E0
3.276438678E2,1.797000051E0,7.461000443E0,2.938950062E0
3.276463114E2,2.737950087E0,1.118100071E1,3.963000298E0
3.276487549E2,3.970950127E0,9.337950706E0,1.471050024E0
3.276511985E2,3.315000057E0,5.986050129E0,-2.434950113E0
3.276536422E2,3.781950235E0,5.689050198E0,-8.143050194E0
3.276560857E2,6.859050274E0,6.730050087E0,-9.015000343E0
3.276585293E2,7.800000191E0,6.601050377E0,-1.160805035E1
3.276609730E2,3.607050180E0,4.504050255E0,-8.164950371E0
3.276634165E2,8.320500255E-1,5.251050472E0,1.606950045E0
3.276658601E2,8.505000174E-2,1.005600071E1,5.995950222E0
3.276683038E2,4.703999996E0,7.477050304E0,1.560000062E0
3.276707472E2,4.582050323E0,5.002050400E0,-3.585000277E0
3.276731909E2,9.709500670E-1,6.289950371E0,-1.269000053E0
3.276756345E2,3.187950134E0,6.934050560E0,-1.842000127E0
3.276780782E2,7.897950172E0,6.807000160E0,-6.505950451E0
3.276805217E2,3.327000141E0,5.044950008E0,-5.608050346E0
3.276829653E2,-9.580500722E-1,5.844000340E0,4.038000107E0
3.276854090E2,-7.590000629E-1,8.203050613E0,2.718000174E0
3.276878525E2,2.282999992E0,9.670050621E0,-4.309500158E-1
3.276902961E2,3.652950287E0,8.791950226E0,2.122050047E0
3.276927398E2,2.125050068E0,7.425000191E0,6.280500293E-1
3.276951832E2,4.752000332E0,9.583950043E0,-1.497000098E0
3.276976268E2,9.025950432E0,1.027605057E1,-9.798000336E0
3.277000705E2,4.582050323E0,7.237950325E0,-1.021905041E1
3.277025140E2,6.289500594E-1,7.621050358E0,-1.636050105E0
3.277049577E2,1.552950025E0,1.046295071E1,2.989050150E0
3.277074013E2,2.451000214E0,1.502205086E1,1.629000068E0
3.277098448E2,2.235000134E0,9.709050179E0,-2.659500241E-1
3.277122885E2,1.113000035E0,9.316050529E0,-5.010000467E-1
3.277147321E2,3.175950050E0,1.155705070E1,-2.899500132E-1
3.277171755E2,6.484950542E0,1.248405075E1,-6.424050331E0
3.277196192E2,5.743050098E0,9.919050217E0,-9.582000732E0
3.277220628E2,1.042950034E0,1.041705036E1,-3.139050245E0
3.277245063E2,8.779500127E-1,1.151595020E1,2.410050154E0
3.277269500E2,1.170000076E0,1.361400032E1,1.279500127E-1
3.277293937E2,2.298000097E0,1.083195019E1,7.410000563E-1
3.277318371E2,3.777000189E0,9.819000244E0,7.005000114E-2
3.277342808E2,3.909000158E0,1.119795036E1,-2.512050152E0
3.277367244E2,7.747050285E0,1.101405048E1,-5.718000412E0
3.277391681E2,7.150950432E0,8.758049965E0,-9.432000160E0
3.277416115E2,2.520000219E0,1.032405090E1,-4.638000011E0
3.277440552E2,1.375950098E0,1.038195038E1,1.939950109E0
3.277464988E2,2.080049992E0,1.191600037E1,2.680050135E0
3.277489423E2,3.094950199E0,1.054200077E1,2.929050207E0
3.277513860E2,2.326050043E0,7.635000229E0,-2.224950075E0
3.277538296E2,1.752000093E0,8.452050209E0,-3.015000105E0
3.277562733E2,5.868000507E0,8.980950356E0,-5.127000332E0
3.277587168E2,7.407000542E0,8.341950417E0,-9.015000343E0
3.277611604E2,2.769000053E0,7.594950199E0,-6.300000191E0
3.277636038E2,1.162950039E0,5.503950119E0,1.621950030E0
3.277660475E2,-6.799500585E-1,1.041300011E1,3.061050177E0
3.277684911E2,-4.240500331E-1,7.767000198E0,2.875950098E0
3.277709348E2,2.482050180E0,4.483950138E0,-1.090050101E0
3.277733783E2,1.438050032E0,6.831000328E0,-3.454950094E0
3.277758219E2,6.021000385E0,6.670050144E0,-4.087950230E0
3.277782656E2,8.704950333E0,7.602000237E0,-7.732050419E0
3.277807091E2,4.258950233E0,6.826050282E0,-7.753050327E0
3.277831527E2,-2.850000262E-1,9.318000793E0,3.649500310E-1
3.277855964E2,-1.933950067E0,1.024695015E1,5.083950043E0
3.277880398E2,2.698050022E0,9.924000740E0,8.820000291E-1
3.277904835E2,5.671050072E0,7.659000397E0,-5.818950176E0
3.277929271E2,2.191950083E0,7.384050369E0,-5.359050274E0
3.277953708E2,8.800500631E-1,8.008950233E0,-2.119050026E0
3.277978142E2,4.338000298E0,8.430000305E0,-1.909050107E0
3.278002579E2,5.008050442E0,8.425050735E0,-2.953050137E0
3.278027014E2,2.443950176E0,7.147050381E0,-1.560000032E-1
3.278051451E2,1.084050059E0,9.523950577E0,9.990000725E-1
3.278075887E2,3.079500198E-1,1.111695099E1,-1.119000077E0
3.278100324E2,1.359000087E0,9.394950867E0,5.899500251E-1
3.278124758E2,7.960500121E-1,8.446949959E0,4.630500078E-1
3.278149195E2,-2.895000204E-2,8.218950272E0,-9.100500345E-1
3.278173632E2,9.330000281E-1,9.589050293E0,1.011000037E0
3.278198066E2,7.219950199E0,9.790050507E0,2.836050034E0
3.278222502E2,5.901000500E0,5.587950230E0,-8.629050255E0
3.278246939E2,3.118950129E0,8.140049934E0,-5.802000046E0
3.278271374E2,2.536950111E0,1.000305080E1,-3.786000252E0
3.278295811E2,5.500950336E0,8.782050133E0,-4.822950363E0
3.278320247E2,1.596000075E0,8.361000061E0,-4.054049969E0
3.278344682E2,8.490000367E-1,8.215050697E0,7.600500584E-1
3.278369119E2,4.029000282E0,9.409049988E0,2.416950226E0
3.278393555E2,8.077950478E0,9.511950493E0,-3.160950184E0
3.278417989E2,5.994000435E0,7.582950592E0,-6.361950397E0
3.278442426E2,1.974000096E0,9.699000359E0,-2.236950159E0
3.278466863E2,1.519950032E0,1.069305038E1,2.457000017E0
3.278491297E2,2.017950058E0,1.196205044E1,8.700000644E-1
3.278515734E2,2.329050064E0,8.923050880E0,-3.637050152E0
3.278540170E2,3.289050102E0,9.502950668E0,-5.038050175E0
3.278564607E2,4.840050220E0,9.400050163E0,-4.759950161E0
3.278589041E2,7.213050365E0,1.029300022E1,-4.660050392E0
3.278613478E2,7.144050121E0,9.556050301E0,-6.805050373E0
3.278637912E2,3.196050167E0,1.106895065E1,-2.413950205E0
3.278662349E2,1.423950076E0,1.115700054E1,1.597950101E0
3.278686786E2,8.989500403E-1,1.164300060E1,2.553000212E0
3.278711222E2,3.037950039E0,1.032195091E1,-1.585050106E0
3.278735657E2,4.216050148E0,8.690999985E0,-7.315050125E0
3.278760094E2,2.539950132E0,8.775000572E0,-6.786000252E0
3.278784530E2,3.210000038E0,8.665050507E0,-1.570950031E0
3.278808964E2,5.914950371E0,8.872950554E0,-1.894050121E0
3.278833401E2,3.849000216E0,8.569050789E0,-1.528050065E0
3.278857838E2,1.765950084E0,9.402000427E0,2.127000093E0
3.278882272E2,-1.905000024E-2,8.650050163E0,2.950950146E0
3.278906709E2,-1.137000084E0,7.063050270E0,-9.529500604E-1
3.278931145E2,1.419000030E0,6.795000553E0,1.837050080E0
3.278955582E2,3.004050255E0,6.012000084E0,-4.870050430E0
3.278980017E2,3.163950205E0,5.716950417E0,-3.843000174E0
3.279004453E2,6.154950142E0,7.501050472E0,-3.232950211E0
3.279028890E2,6.837000370E0,7.177950382E0,-6.001050472E0
3.279053325E2,3.169050217E0,7.726050377E0,-4.272000313E0
3.279077762E2,1.639500111E-1,1.060905075E1,2.263950109E0
3.279102198E2,-1.105949998E0,8.806050301E0,3.669000149E0
3.279126635E2,4.515000343E0,8.253000259E0,-1.024950027E0
3.279151069E2,3.670050144E0,6.310950279E0,-7.171050549E0
3.279175505E2,1.999500096E-1,6.754050255E0,-2.995950222E0
3.279199942E2,1.503000021E0,6.334950447E0,8.890500665E-1
3.279224377E2,5.391000271E0,7.006050110E0,-1.231050014E0
3.279248813E2,4.833000183E0,6.859950542E0,-2.932950258E0
3.279273250E2,6.769500375E-1,8.410950661E0,1.258050084E0
3.279297685E2,-1.894050121E0,8.171999931E0,2.340000153E0
3.279322121E2,-2.029950142E0,8.136000633E0,-1.846050143E0
3.279346558E2,7.009500265E-1,7.650000572E0,2.572050095E0
3.279370993E2,2.367000103E0,6.547950268E0,1.516950130E0
3.279395429E2,4.555950165E0,6.735000134E0,-1.437000036E0
3.279419866E2,7.654050350E0,6.019050121E0,-4.975950241E0
3.279444300E2,8.476950645E0,5.502000332E0,-1.036305046E1
3.279468737E2,2.449050188E0,6.795000553E0,-8.397000313E0
3.279493173E2,2.749500275E-1,8.145000458E0,-3.810000122E-1
3.279517608E2,-2.939999998E-1,9.562950134E0,4.473000050E0
3.279542044E2,2.688000202E0,8.113950729E0,1.417950034E0
3.279566481E2,5.161050320E0,7.698000431E0,-3.424050093E0
3.279590916E2,2.583000183E0,7.966050148E0,-4.328999996E0
3.279615353E2,3.604950190E0,7.924950600E0,-4.465950012E0
3.279639789E2,5.908050060E0,8.611950874E0,-5.140950203E0
3.279664223E2,4.989000320E0,9.172050476E0,-6.048000336E0
3.279688660E2,8.110500574E-1,1.009395027E1,-7.909500599E-1
3.279713096E2,-2.460000068E-1,1.132695007E1,4.456950188E0
3.279737533E2,-5.100000501E-1,9.625050545E0,-1.063950062E0
3.279761968E2,1.384950042E0,1.151595020E1,1.428000093E0
3.279786405E2,4.405050278E0,1.243800068E1,1.159950018E0
3.279810841E2,3.610050201E0,9.862050056E0,-2.955000162E0
3.279835276E2,5.185050011E0,9.943050385E0,-2.578950167E0
3.279859712E2,8.020050049E0,1.198800087E1,-6.538950443E0
3.279884149E2,6.009000301E0,1.251495075E1,-6.787950516E0
3.279908583E2,1.627050042E0,1.275705051E1,-4.051949978E0
3.279933020E2,5.910000205E-1,1.249800014E1,7.020000219E-1
3.279957456E2,4.920000136E-1,1.446600056E1,2.083950043E0
3.279981891E2,2.743050098E0,1.444500065E1,1.677000046E0
3.280006328E2,3.586050272E0,1.178895092E1,-3.169500232E-1
3.280030764E2,3.006000042E0,1.111905098E1,-2.677050114E0
3.280055199E2,5.098950386E0,1.090605068E1,-4.279050350E0
3.280079636E2,5.707050323E0,1.218900013E1,-7.480050564E0
3.280104072E2,2.440950155E0,1.260105038E1,-5.356050491E0
3.280128509E2,1.090950012E0,9.745050430E0,1.633950114E0
3.280152943E2,1.278000116E0,9.163050652E0,2.034000158E0
3.280177379E2,1.939050078E0,1.067805004E1,2.656050205E0
3.280201816E2,3.289050102E0,9.109950066E0,9.040500522E-1
3.280226251E2,3.366000175E0,8.509050369E0,-2.251049995E0
3.280250687E2,1.897950053E0,7.594950199E0,-1.924950123E0
3.280275124E2,3.379950047E0,7.030050278E0,-2.898000240E0
3.280299559E2,4.696950436E0,7.918050289E0,-6.436050415E0
3.280323995E2,2.604000092E0,7.870050430E0,-5.566950321E0
3.280348432E2,5.620500445E-1,6.687000275E0,-4.099500179E-1
3.280372866E2,-1.060050011E0,7.495950222E0,3.667050123E0
3.280397303E2,2.190000057E0,6.100950241E0,9.949500561E-1
3.280421740E2,5.638050079E0,6.333000183E0,-2.719950199E0
3.280446176E2,2.767050028E0,5.823000431E0,-3.130050182E0
3.280470611E2,1.680000067E0,5.365950108E0,-1.945050120E0
3.280495047E2,5.458050251E0,6.454950333E0,-4.155000210E0
3.280519482E2,6.331950188E0,5.494950294E0,-7.851000309E0
3.280543919E2,1.177050114E0,6.369000435E0,-5.493000031E0
3.280568355E2,-1.900950074E0,5.004000187E0,7.690500617E-1
3.280592790E2,-6.199500561E-1,4.309950352E0,4.081050396E0
3.280617227E2,5.755050182E0,5.418000221E0,-7.000500560E-1
3.280641663E2,7.053000450E0,4.834050179E0,-4.798950195E0
3.280666097E2,1.498050094E0,5.796000481E0,-2.287050009E0
3.280690534E2,3.013950109E0,6.354000092E0,5.089499950E-1
3.280714970E2,7.635000229E0,7.518000126E0,-2.944950104E0
3.280739407E2,5.094000340E0,8.607000351E0,-4.681050301E0
3.280763842E2,-5.959500074E-1,9.775950432E0,1.315050006E0
3.280788279E2,-1.897950053E0,9.730050087E0,2.473950148E0
3.280812715E2,-7.320000529E-1,1.054395008E1,-1.492050052E0
3.280837150E2,2.869950056E0,1.217700100E1,2.424000025E0
3.280861587E2,4.699050426E0,1.165305042E1,-1.825050116E0
3.280886023E2,2.872050047E0,8.677050591E0,-2.301000118E0
3.280910457E2,4.651050091E0,9.718050003E0,-2.524050236E0
3.280934894E2,7.162950516E0,1.147095013E1,-6.393000126E0
3.280959330E2,4.897950172E0,1.202205086E1,-9.202050209E0
3.280983765E2,1.294050097E0,1.335300064E1,-2.620050192E0
3.281008202E2,5.239500403E-1,1.173195076E1,1.330050111E0
3.281032638E2,1.041000009E0,1.274700069E1,1.489500105E-1
3.281057075E2,3.325050116E0,1.361595058E1,1.579050064E0
3.281081509E2,6.457050323E0,1.219395065E1,-1.072950006E0
3.281105946E2,4.246950150E0,1.142100048E1,-3.319050074E0
3.281130382E2,3.538050175E0,1.162695026E1,-4.102050304E0
3.281154817E2,5.209050179E0,1.162200069E1,-7.104000568E0
3.281179253E2,4.006950378E0,1.257705021E1,-7.363050461E0
3.281203690E2,1.800000072E0,1.074795055E1,-2.662950039E0
3.281228125E2,1.459950089E0,7.990050316E0,2.635050058E0
3.281252561E2,1.351950049E0,9.172050476E0,2.749950171E0
3.281276998E2,3.250950098E0,1.062600040E1,3.244950056E0
3.281301432E2,3.454050064E0,8.530950546E0,1.234050035E0
3.281325868E2,1.864050031E0,6.748950481E0,-1.429950118E0
3.281350305E2,2.194950104E0,7.273950577E0,-3.592050076E0
3.281374740E2,5.089050293E0,9.529050827E0,-5.785050392E0
3.281399177E2,4.728000164E0,9.369000435E0,-7.875000477E0
3.281423613E2,1.651050091E0,8.437050819E0,-4.219050407E0
3.281448050E2,8.730000257E-1,7.753050327E0,1.666950107E0
3.281472485E2,1.849950075E0,9.358950615E0,4.059000015E0
3.281496921E2,4.801950455E0,9.322950363E0,1.584000111E0
3.281521358E2,4.636950016E0,8.919000626E0,-1.005000062E-2
3.281545792E2,2.314050198E0,9.721050262E0,-2.584050179E0
3.281570229E2,1.570050120E0,9.156000137E0,-4.648050308E0
3.281594665E2,5.359950066E0,8.575950623E0,-7.387050152E0
3.281619100E2,2.925000191E0,9.721050262E0,-7.815000534E0
3.281643536E2,4.279500246E-1,1.071000004E1,-2.698950052E0
3.281667973E2,7.129500508E-1,9.619950294E0,3.184950113E0
3.281692408E2,1.062000036E0,1.035000038E1,2.254050016E0
3.281716845E2,3.030000210E0,1.146900082E1,1.524000049E0
3.281741281E2,4.285050392E0,1.120305061E1,2.115000010E0
3.281765715E2,2.899050236E0,1.035795021E1,1.452000022E0
3.281790152E2,1.338000059E0,1.092495060E1,3.030000031E-1
3.281814589E2,8.920500278E-1,1.163400078E1,-7.309500575E-1
3.281839023E2,1.180050015E0,1.279500103E1,1.489500105E-1
3.281863460E2,2.760000229E0,1.157100010E1,-1.144950032E0
3.281887896E2,1.903050065E0,9.687000275E0,-4.260000229E0
3.281912331E2,2.568000078E0,9.055050850E0,-3.355050087E0
3.281936768E2,4.045950413E0,1.090095043E1,-4.486950397E0
3.281961204E2,4.041000366E0,1.221300030E1,-3.988950253E0
3.281985641E2,1.657950044E0,1.139205074E1,-4.390500188E-1
3.282010075E2,1.206000090E0,1.005600071E1,1.231950045E0
3.282034511E2,4.282950401E0,1.012800026E1,-1.035000086E0
3.282058948E2,5.029950142E0,1.177995014E1,-5.446950436E0
3.282083383E2,2.929950237E0,1.138005066E1,-4.629000187E0
3.282107820E2,1.062000036E0,8.670000076E0,2.239500135E-1
3.282132256E2,1.263000011E0,7.270950317E0,2.884050131E0
3.282156690E2,3.016050100E0,1.095900059E1,2.533950090E0
3.282181127E2,3.828000069E0,1.078095055E1,-1.030500084E-1
3.282205563E2,2.041949987E0,8.377950668E0,-2.351999998E0
3.282229998E2,7.920000553E-1,7.698000431E0,-1.509000063E0
3.282254435E2,1.828050137E0,8.488050461E0,-8.500500321E-1
3.282278871E2,5.034000397E0,1.006500053E1,-5.317950249E0
3.282303306E2,3.030000210E0,9.453000069E0,-5.521950245E0
3.282327743E2,9.589500427E-1,6.876000404E0,-6.300000548E-1
3.282352179E2,6.940500140E-1,5.370000362E0,2.575050116E0
3.282376616E2,2.080049992E0,8.275050163E0,9.679500461E-1
3.282401050E2,4.833000183E0,8.674050331E0,7.500000596E-1
3.282425487E2,2.868000031E0,6.615000248E0,-1.786950111E0
3.282449923E2,1.396950126E0,6.574950218E0,-2.078999996E0
3.282474358E2,3.271950245E0,5.647950172E0,-4.945050240E0
3.282498794E2,7.398000240E0,7.405050278E0,-9.349950790E0
3.282523231E2,4.645950317E0,7.822050571E0,-1.121505070E1
3.282547666E2,-9.300000221E-2,6.946050167E0,-6.553950310E0
3.282572102E2,-8.899500370E-1,5.808000088E0,5.779500008E-1
3.282596539E2,3.186000109E0,6.522000313E0,2.544000149E0
3.282620976E2,7.149000168E0,7.575000286E0,-1.111050010E0
3.282645411E2,5.631000042E0,6.097950459E0,-1.803000093E0
3.282669847E2,1.053000093E0,5.064000130E0,-6.109500527E-1
3.282694281E2,4.024050236E0,4.396049976E0,-1.155000091E0
3.282718718E2,9.454050064E0,5.812950134E0,-7.329000473E0
3.282743155E2,4.627050400E0,7.255050182E0,-9.307050705E0
3.282767591E2,-6.750000119E-1,7.413000584E0,-2.886000156E0
3.282792026E2,6.000000052E-3,6.771000385E0,2.902950048E0
3.282816462E2,4.785000324E0,7.848000526E0,2.520000219E0
3.282840899E2,8.500950813E0,9.787950516E0,-3.135000229E0
3.282865334E2,5.692950249E0,1.025700092E1,-4.066050053E0
3.282889770E2,1.053000093E0,1.101405048E1,7.304999977E-2
3.282914207E2,5.950500369E-1,1.106205082E1,2.740500271E-1
3.282938642E2,3.732000113E0,1.168395042E1,-2.931000233E0
3.282963078E2,5.085000038E0,1.349205017E1,-5.914050102E0
3.282987515E2,3.294000149E0,1.245300102E1,-3.726000071E0
3.283011949E2,1.600950122E0,1.100595093E1,1.596000075E0
3.283036386E2,1.117050052E0,1.114305019E1,1.450500041E-1
3.283060823E2,2.041949987E0,1.377705097E1,-2.055000067E0
3.283085257E2,3.397050142E0,1.473705101E1,-2.209500074E-1
3.283109694E2,2.962950230E0,1.215105057E1,-2.209500074E-1
3.283134130E2,9.550500512E-1,1.111395073E1,-2.361000061E0
3.283158565E2,1.189050078E0,1.402995110E1,-1.200000010E-2
3.283183002E2,2.226000071E0,1.627095032E1,-4.939500093E-1
3.283207439E2,2.191950083E0,1.441395092E1,1.420500129E-1
3.283231875E2,1.086000085E0,1.231095028E1,-7.639500499E-1
3.283256310E2,3.390000165E-1,1.139895058E1,3.430500031E-1
3.283280747E2,7.200000286E-1,1.316400051E1,3.100500107E-1
3.283305183E2,1.989000082E0,1.264905071E1,1.131000042E0
3.283329617E2,2.170950174E0,9.955050468E0,2.127000093E0
3.283354054E2,1.270950079E0,8.461050034E0,7.000500560E-1
3.283378490E2,1.785000086E0,8.974050522E0,1.432950020E0
3.283402925E2,3.334050179E0,9.250950813E0,8.170500398E-1
3.283427362E2,3.342000246E0,7.863000393E0,1.288950086E0
3.283451798E2,2.122950077E0,6.478950500E0,2.400000095E0
3.283476233E2,2.773950100E0,3.759000063E0,-4.579500258E-1
3.283500670E2,4.455000401E0,5.470950127E0,-6.324000359E0
3.283525106E2,8.488950729E0,6.226950169E0,-1.056900024E1
3.283549541E2,5.149050236E0,5.808000088E0,-1.532205105E1
3.283573978E2,2.595000155E-2,4.729050159E0,-8.821050644E0
3.283598414E2,-1.819050074E0,5.035050392E0,9.405000508E-2
3.283622851E2,1.089000106E0,5.578950405E0,1.629000068E0
3.283647285E2,4.717950344E0,5.488050461E0,-1.143000007E0
3.283671722E2,4.519950390E0,2.952000141E0,-1.092000008E0
3.283696159E2,3.118950129E0,2.538000107E0,3.240000010E-1
3.283720593E2,5.796000481E0,2.203050137E0,-2.042999983E0
3.283745029E2,9.658050537E0,2.931000233E0,-6.175050259E0
3.283769466E2,5.644950390E0,5.191050053E0,-6.048000336E0
3.283793901E2,1.194000006E0,5.538000107E0,-3.355050087E0
3.283818337E2,3.102000237E0,6.378000259E0,8.010000587E-1
3.283842774E2,7.693950176E0,8.088000298E0,-6.919500232E-1
3.283867208E2,8.872050285E0,1.099905014E1,-3.553950071E0
3.283891645E2,6.222000122E0,1.125795078E1,-4.542000294E0
3.283916082E2,9.810000658E-1,1.172700024E1,-1.381950021E0
3.283940518E2,-7.060500383E-1,1.190205097E1,-3.670500219E-1
3.283964953E2,1.765950084E0,1.242600060E1,-1.518000126E0
3.283989389E2,4.263000011E0,1.329300022E1,-6.946050167E0
3.284013824E2,3.619050264E0,1.262505054E1,-4.981050014E0
3.284038261E2,1.215000033E0,1.071195030E1,-1.375050068E0
3.284062697E2,1.242000103E0,9.313950539E0,-3.790500164E-1
3.284087134E2,1.194000006E0,1.224900055E1,-2.833050251E0
3.284111569E2,3.229050159E0,1.299405098E1,-6.040500402E-1
3.284136005E2,1.656000137E0,1.031700039E1,-2.221950054E0
3.284160439E2,8.779500127E-1,9.886050224E0,-5.749500394E-1
3.284184876E2,9.780000448E-1,1.084605026E1,3.769500256E-1
3.284209313E2,1.656000137E0,1.110495090E1,-1.264950037E0
3.284233749E2,2.098950148E0,1.116405010E1,7.000500560E-1
3.284258184E2,1.732950091E0,9.832950592E0,-3.210000098E-1
3.284282621E2,1.204050064E0,8.683950424E0,1.063950062E0
3.284307057E2,1.645950079E0,8.832000732E0,1.471050024E0
3.284331492E2,2.733000040E0,7.611000538E0,4.516950130E0
3.284355929E2,9.544950485E0,7.056000233E0,-4.612050056E0
3.284380365E2,6.057000160E0,8.044950485E0,-1.072395039E1
3.284404799E2,1.527000070E0,8.053950310E0,-7.441950321E0
3.284429236E2,4.129500091E-1,8.341950417E0,-2.566950083E0
3.284453672E2,2.068050146E0,9.843000412E0,5.800500512E-1
3.284478109E2,2.209050179E0,1.000305080E1,9.949500561E-1
3.284502544E2,1.204050064E0,6.157950401E0,1.132950068E0
3.284526980E2,7.170000076E-1,4.195050240E0,-1.200000010E-2
3.284551417E2,2.013000011E0,7.401000500E0,8.080500364E-1
3.284575852E2,4.361999989E0,1.110495090E1,2.235000134E0
3.284600288E2,4.066950321E0,8.016000748E0,-3.070500195E-1
3.284624725E2,2.584950209E0,6.888000488E0,-1.990050077E0
3.284649159E2,2.683050156E0,7.149000168E0,1.009050012E0
3.284673595E2,3.775050163E0,9.655950546E0,-1.192950010E0
3.284698032E2,5.590050220E0,8.293950081E0,-7.741050243E0
3.284722467E2,3.763050079E0,9.994050026E0,-7.416000366E0
3.284746903E2,3.466050148E0,9.630000114E0,-4.747950077E0
3.284771340E2,4.833000183E0,8.974050522E0,-2.127000093E0
3.284795775E2,6.580950260E0,1.101105022E1,-2.550000191E0
3.284820211E2,6.339000225E0,1.289805031E1,-6.532050133E0
3.284844648E2,2.803050041E0,1.238595104E1,-5.698950291E0
3.284869085E2,1.618050098E0,1.066395092E1,-2.779950142E0
3.284893519E2,2.247000217E0,9.900000572E0,9.850500226E-1
3.284917955E2,4.852050304E0,1.115205097E1,-4.410000145E-1
3.284942392E2,5.980050087E0,1.123605061E1,-4.321950436E0
3.284966827E2,2.752950191E0,1.024305058E1,-3.814950228E0
3.284991263E2,4.660500288E-1,9.826050758E0,5.100000277E-2
3.285015700E2,3.990000188E-1,9.301950455E0,1.002000093E0
3.285040134E2,1.222950101E0,1.251000023E1,-1.449000120E0
3.285064571E2,2.287950039E0,1.305795097E1,7.600500584E-1
3.285089008E2,2.757000208E0,1.060695076E1,1.596000075E0
3.285113442E2,2.032050133E0,8.128950119E0,-9.889500737E-1
3.285137879E2,3.100050211E0,8.727000237E0,-1.023000002E0
3.285162315E2,5.158950329E0,1.031400013E1,-4.473000050E0
3.285186750E2,4.165050030E0,9.535950661E0,-4.336950302E0
3.285211187E2,1.768950105E0,9.177000046E0,-1.909050107E0
3.285235623E2,2.025000095E0,7.738050461E0,3.739500046E-1
3.285260058E2,4.263000011E0,8.932950020E0,-5.320500135E-1
3.285284494E2,5.917950153E0,1.023495007E1,-3.076950073E0
3.285308930E2,4.528950214E0,9.571950912E0,-3.973050117E0
3.285333365E2,1.893000126E0,9.226950645E0,-3.691950083E0
3.285357802E2,6.499500275E-1,7.069950104E0,-1.939500123E-1
3.285382239E2,9.330000281E-1,7.321950436E0,7.240500450E-1
3.285406673E2,2.968050241E0,1.038600063E1,-7.500000596E-1
3.285431110E2,3.186000109E0,9.643950462E0,-1.837050080E0
3.285455546E2,1.909950137E0,6.790050507E0,-2.293950081E0
3.285479983E2,9.310500622E-1,6.796950340E0,-3.960000277E-1
3.285504417E2,1.861950040E0,7.888950348E0,-1.099050045E0
3.285528854E2,3.274950266E0,8.887950897E0,-2.941050053E0
3.285553290E2,2.710050106E0,6.985950470E0,-4.357950211E0
3.285577725E2,1.869000077E0,3.976950169E0,-4.092000008E0
3.285602162E2,2.269050121E0,4.096950054E0,-2.584050179E0
3.285626598E2,2.881950140E0,5.380050182E0,-1.582950115E0
3.285651032E2,4.009950161E0,5.731950283E0,-1.650000095E0
3.285675469E2,2.476950169E0,5.629050255E0,-2.059500068E-1
3.285699906E2,1.741950035E0,4.642050266E0,1.014000058E0
3.285724340E2,1.711050034E0,4.384050369E0,4.390500188E-1
3.285748777E2,2.520000219E0,5.473050117E0,-7.690500617E-1
3.285773213E2,3.787050247E0,6.409050465E0,-2.851950169E0
3.285797650E2,3.226950169E0,6.505050182E0,-4.557000160E0
3.285822085E2,2.415000200E0,5.518950462E0,-4.176000118E0
3.285846521E2,1.699050069E0,5.629050255E0,-1.798950076E0
3.285870958E2,8.010000587E-1,7.540050507E0,1.573950052E0
3.285895393E2,9.859500527E-1,9.430950165E0,1.078050017E0
3.285919829E2,2.961000204E0,9.816000938E0,-1.200000048E-1
3.285944266E2,2.800950050E0,8.815950394E0,-1.534950018E0
3.285968700E2,2.254950047E0,8.797050476E0,-2.179050207E0
3.285993137E2,2.890950203E0,1.132005024E1,-2.661000013E0
3.286017573E2,4.768950462E0,1.271400070E1,-5.335050106E0
3.286042010E2,4.848000050E0,1.201005077E1,-6.550950527E0
3.286066445E2,3.934950113E0,1.162395096E1,-4.854000092E0
3.286090881E2,2.592000008E0,1.121505070E1,-1.759950042E0
3.286115316E2,1.623000026E0,1.245705032E1,9.010500312E-1
3.286139753E2,2.362050056E0,1.283595085E1,3.705000132E-2
3.286164189E2,4.821000099E0,1.132005024E1,-3.847950220E0
3.286188626E2,4.426050186E0,1.162395096E1,-4.525950432E0
3.286213060E2,3.916050196E0,9.748950005E0,-4.260000229E0
3.286237496E2,4.354050159E0,1.099395084E1,-2.625000238E0
3.286261933E2,6.097050190E0,1.200705051E1,-2.857050180E0
3.286286368E2,6.871050358E0,1.247700024E1,-3.982050180E0
3.286310804E2,4.969950199E0,1.169595051E1,-3.865050077E0
3.286335241E2,2.961000204E0,1.029495049E1,-1.699950099E0
3.286359676E2,2.737950087E0,1.043895054E1,1.060500070E-1
3.286384112E2,3.751050234E0,9.646050453E0,-1.360050082E0
3.286408549E2,5.257050037E0,9.316050529E0,-4.171050072E0
3.286432983E2,3.502050161E0,7.354950428E0,-5.245950222E0
3.286457420E2,1.369050026E0,5.866050243E0,-1.545000076E0
3.286481856E2,1.150950074E0,5.530950069E0,1.500000119E0
3.286506291E2,1.725000024E0,8.416049957E0,2.398050070E0
3.286530728E2,1.939050078E0,8.599950790E0,1.585950017E0
3.286555164E2,1.351950049E0,6.679950237E0,9.900000691E-1
3.286579598E2,7.219500542E-1,5.437050343E0,1.147950053E0
3.286604035E2,-1.080000028E-1,5.739000320E0,-2.419500053E-1
3.286628472E2,-9.720000625E-1,7.575000286E0,-9.250500202E-1
3.286652908E2,-4.879500270E-1,8.171999931E0,3.859500289E-1
3.286677343E2,6.190500259E-1,7.362000465E0,4.920000136E-1
3.286701780E2,1.153050065E0,6.699000359E0,7.189500332E-1
3.286726216E2,8.130000234E-1,4.810050011E0,8.050500154E-1
3.286750651E2,8.130000234E-1,6.757050514E0,-8.740500212E-1
3.286775087E2,1.417050123E0,8.998050690E0,2.860500216E-1
3.286799524E2,1.156050086E0,6.486000538E0,1.150050044E0
3.286823958E2,7.129500508E-1,5.109000206E0,1.276950002E0
3.286848395E2,8.440500498E-1,5.037000179E0,8.010000587E-1
3.286872831E2,2.523000002E0,6.625050545E0,1.336950064E0
3.286897266E2,7.519950390E0,8.761050224E0,-3.642000198E0
3.286921703E2,4.972050190E0,8.452050209E0,-1.019805050E1
3.286946139E2,2.365050077E0,7.936950207E0,-1.039395046E1
3.286970574E2,1.110000014E0,6.571950436E0,-5.845050335E0
3.286995011E2,3.181050062E0,8.416049957E0,-1.984950066E0
3.287019447E2,5.317050457E0,9.577050209E0,-7.905000448E-2
3.287043884E2,5.439000130E0,9.049950600E0,-4.240500331E-1
3.287068318E2,5.137050152E0,8.581050873E0,-2.064000130E0
3.287092755E2,3.046950102E0,8.227050781E0,-3.261000156E0
3.287117191E2,2.350050211E0,9.487950325E0,-2.919000149E0
3.287141626E2,4.012050152E0,9.538950920E0,-1.770000100E0
3.287166062E2,4.122000217E0,8.791950226E0,-2.269950151E0
3.287190499E2,2.848050117E0,8.916000366E0,-2.233950138E0
3.287214934E2,2.527950048E0,8.646000862E0,-6.949500442E-1
3.287239370E2,2.137050152E0,8.782050133E0,-3.049500287E-1
3.287263807E2,2.656950235E0,1.059195042E1,-7.759500146E-1
3.287288242E2,4.785000324E0,1.066605091E1,-3.012000084E0
3.287312679E2,5.377050400E0,9.778050423E0,-4.807950020E0
3.287337115E2,3.010950089E0,9.277950287E0,-5.308950424E0
3.287361549E2,1.435950041E0,8.947050095E0,-2.980950117E0
3.287385986E2,2.257050037E0,8.722050667E0,-8.070000410E-1
3.287410423E2,2.698050022E0,9.081000328E0,-3.600000143E-1
3.287434857E2,4.114950180E0,8.398950577E0,-1.606950045E0
3.287459294E2,2.880000114E0,7.675950527E0,-2.413950205E0
3.287483730E2,1.110000014E0,8.418000221E0,2.190000117E-1
3.287508165E2,1.053000093E0,9.109950066E0,2.140500098E-1
3.287532602E2,1.218000054E0,9.454950333E0,-1.954050064E0
3.287557038E2,1.456950068E0,8.863950729E0,7.909500599E-1
3.287581473E2,1.024049997E0,7.900950432E0,-2.040000111E-1
3.287605910E2,1.476000071E0,7.671000481E0,5.279999971E-1
3.287630346E2,1.456950068E0,7.183050156E0,-1.911000133E0
3.287654783E2,1.491000056E0,6.478950500E0,-2.335050106E0
3.287679217E2,2.185050011E0,5.401050091E0,-1.996950150E0
3.287703654E2,2.917950153E0,7.177950382E0,-9.889500737E-1
3.287728090E2,2.508000135E0,8.047050476E0,6.379500031E-1
3.287752525E2,2.482050180E0,7.711950302E0,9.919500351E-1
3.287776962E2,3.208050251E0,8.740950584E0,-9.769500494E-1
3.287801398E2,5.097000122E0,1.051305008E1,-3.841050148E0
3.287825833E2,5.293050289E0,9.838050842E0,-6.858000278E0
3.287850270E2,3.552000284E0,9.679950714E0,-7.048950195E0
3.287874706E2,1.576950073E0,9.522000313E0,-3.664050102E0
3.287899143E2,2.463000059E0,9.910050392E0,3.405000269E-2
3.287923577E2,3.955050230E0,1.066905022E1,1.618950129E0
3.287948013E2,4.006950378E0,9.876000404E0,1.294050097E0
3.287972450E2,3.820050240E0,9.574950218E0,-1.438950062E0
3.287996885E2,2.608950138E0,9.871950150E0,-2.586000204E0
3.288021321E2,2.877000093E0,1.018005085E1,-2.541000128E0
3.288045758E2,3.649950266E0,1.048695087E1,-2.356050014E0
3.288070193E2,4.170000076E0,1.111200047E1,-3.376050234E0
3.288094629E2,3.102000237E0,1.127700043E1,-3.007950068E0
3.288119066E2,3.040050030E0,1.008195019E1,-2.317950010E0
3.288143500E2,2.893950224E0,9.484050751E0,-2.028000116E0
3.288167937E2,2.443950176E0,9.915000916E0,-9.150000215E-1
3.288192373E2,3.166950226E0,1.006500053E1,-2.239050150E0
3.288216808E2,3.358050108E0,9.405000687E0,-3.268950224E0
3.288241244E2,3.306000233E0,8.977950096E0,-3.550950050E0
3.288265681E2,2.865000248E0,8.017950058E0,-2.641050100E0
3.288290118E2,2.353049994E0,7.765050411E0,-1.437000036E0
3.288314553E2,2.515950203E0,8.052000046E0,1.710000038E-1
3.288338989E2,3.931050301E0,7.486950397E0,-1.609050035E0
3.288363426E2,3.595050097E0,7.927050591E0,-2.506950140E0
3.288387860E2,2.596950054E0,6.685050488E0,-2.694000244E0
3.288412297E2,1.555050015E0,6.460050106E0,-6.210000515E-1
3.288436734E2,1.606050134E0,7.495950222E0,5.920500159E-1
3.288461168E2,3.054000139E0,8.598000526E0,-6.400500536E-1
3.288485604E2,3.478050232E0,8.799000740E0,-2.634000063E0
3.288510041E2,1.737000108E0,8.044950485E0,-2.734950066E0
3.288534476E2,1.207950115E0,7.405050278E0,-1.305000067E0
3.288558913E2,1.930950046E0,7.159050465E0,1.129500046E-1
3.288583349E2,4.339950085E0,8.314949989E0,-9.010500312E-1
3.288607784E2,4.773000240E0,8.016000748E0,-3.694950104E0
3.288632221E2,2.844000101E0,7.810050488E0,-3.874050140E0
3.288656657E2,2.917950153E0,7.156050205E0,-2.518950224E0
3.288681092E2,3.085050106E0,8.457000732E0,-6.540000439E-1
3.288705528E2,3.094950199E0,9.847950935E0,6.640500426E-1
3.288729965E2,3.460950136E0,1.033395004E1,-9.900000691E-2
3.288754399E2,2.875050068E0,1.067595005E1,-1.327050090E0
3.288778836E2,2.716950178E0,1.034100056E1,-2.209950209E0
3.288803272E2,2.257050037E0,1.001295090E1,-3.040950060E0
3.288827707E2,2.451000214E0,1.166700077E1,-2.763000250E0
3.288852144E2,3.751050234E0,1.248405075E1,-3.634950161E0
3.288876580E2,4.195950031E0,1.248600101E1,-3.879000187E0
3.288901014E2,3.610050201E0,1.120305061E1,-4.075950146E0
3.288925451E2,1.954950094E0,1.083900070E1,-1.696050048E0
3.288949888E2,1.420950055E0,1.160295010E1,6.139500141E-1
3.288974324E2,2.695050240E0,1.168905067E1,-7.710000277E-1
3.288998759E2,4.345050335E0,1.184400082E1,-3.472050190E0
3.289023195E2,4.192049980E0,1.110495090E1,-4.291050434E0
3.289047632E2,2.487000227E0,1.001805019E1,-2.826000214E0
3.289072067E2,1.611000061E0,1.051095009E1,1.330500096E-1
3.289096504E2,1.474050045E0,1.106400013E1,5.040000081E-1
3.289120940E2,1.687050104E0,1.153995037E1,-6.589500308E-1
3.289145377E2,1.918950081E0,1.100595093E1,1.318050027E0
3.289169811E2,3.784950256E0,9.402000427E0,-2.710500062E-1
3.289194248E2,3.792000294E0,8.317950249E0,-4.267050266E0
3.289218684E2,2.161050081E0,8.674050331E0,-4.212000370E0
3.289243119E2,1.540950060E0,9.505050659E0,-2.160000086E0
3.289267555E2,1.599000096E0,8.005949974E0,-6.900000572E-1
3.289291992E2,2.662050009E0,7.768950462E0,6.810000539E-1
3.289316427E2,4.396950245E0,6.924000263E0,-1.087050080E0
3.289340863E2,4.623000145E0,7.495950222E0,-3.421950102E0
3.289365300E2,5.050950050E0,9.330000877E0,-4.171050072E0
3.289389734E2,4.891050339E0,9.856950760E0,-4.693050385E0
3.289414170E2,3.628950119E0,9.814050674E0,-4.420050144E0
3.289438607E2,2.092050076E0,9.781050682E0,-1.960950136E0
3.289463042E2,1.335000038E0,8.932950020E0,3.529500067E-1
3.289487478E2,2.202000141E0,9.907050133E0,2.094000101E0
3.289511915E2,2.836050034E0,9.984000206E0,2.242050171E0
3.289536350E2,4.468950272E0,9.927000046E0,-7.000500560E-1
3.289560786E2,4.528950214E0,9.823950768E0,-3.841050148E0
3.289585223E2,3.118950129E0,1.093695068E1,-3.994050264E0
3.289609657E2,1.479000092E0,1.193805027E1,-1.155000091E0
3.289634094E2,1.194000006E0,1.267005062E1,4.200000316E-2
3.289658530E2,2.508000135E0,1.247205067E1,-8.190000653E-1
3.289682965E2,3.580950260E0,1.114800072E1,-2.469000101E0
3.289707402E2,4.090950012E0,9.690000534E0,-3.771000147E0
3.289731838E2,3.466050148E0,9.478950500E0,-3.546000242E0
3.289756273E2,2.158950090E0,1.097505093E1,-2.170050144E0
3.289780710E2,2.749950171E0,1.182105064E1,-7.570500374E-1
3.289805146E2,2.752950191E0,1.165500069E1,7.810500264E-1
3.289829583E2,2.559000015E0,1.169595051E1,8.389500380E-1
3.289854017E2,2.407950163E0,1.055205059E1,-7.519500256E-1
3.289878454E2,1.555050015E0,9.754050255E0,-2.830500007E-1
3.289902890E2,1.309050083E0,9.354000092E0,-3.280500174E-1
3.289927325E2,2.635050058E0,8.710050583E0,-2.542950153E0
3.289951762E2,2.686050177E0,8.164050102E0,-3.831000090E0
3.289976198E2,2.949000120E0,7.405050278E0,-3.373950243E0
3.290000633E2,1.744950056E0,7.185000420E0,-1.333950043E0
3.290025070E2,1.876050115E0,7.426950455E0,1.276950002E0
3.290049506E2,1.885950089E0,8.634000778E0,1.360950112E0
3.290073940E2,1.279950023E0,8.254950523E0,1.444950104E0
3.290098377E2,4.350000322E-1,7.318950176E0,7.530000210E-1
3.290122813E2,5.860500336E-1,5.320050240E0,-1.533000112E0
3.290147250E2,9.900000691E-1,5.386950493E0,-1.461000085E0
3.290171685E2,2.080049992E0,6.493050098E0,-5.539500117E-1
3.290196121E2,4.132050037E0,6.951000214E0,-1.969050050E0
3.290220558E2,3.825000286E0,6.618000507E0,-3.585000277E0
3.290244993E2,2.938950062E0,6.832950115E0,-4.425000191E0
3.290269429E2,2.439000130E0,5.482950211E0,-4.534950256E0
3.290293866E2,7.579500079E-1,6.064950466E0,-2.593050241E0
3.290318300E2,2.939999998E-1,6.598950386E0,1.450500041E-1
3.290342736E2,1.471950054E0,6.843000412E0,9.610500336E-1
3.290367173E2,2.757000208E0,6.274950504E0,-1.005000062E-2
3.290391610E2,4.339950085E0,6.055050373E0,-3.430500031E-1
3.290416044E2,3.913950205E0,6.292050362E0,-1.032000065E0
3.290440481E2,2.278950214E0,7.963050365E0,-2.710500062E-1
3.290464915E2,2.992050171E0,9.421050072E0,-1.144950032E0
3.290489352E2,5.367000103E0,8.892000198E0,-5.043000221E0
3.290513788E2,4.780950069E0,8.899050713E0,-8.039999962E0
3.290538225E2,4.357050419E0,8.715000153E0,-6.454950333E0
3.290562660E2,3.102000237E0,9.262950897E0,-3.196950197E0
3.290587096E2,1.978950143E0,1.156005096E1,6.570000052E-1
3.290611533E2,2.440950155E0,1.291695023E1,2.058000088E0
3.290635968E2,3.712950230E0,1.310400105E1,-7.069500089E-1
3.290660405E2,2.844000101E0,1.202595043E1,-1.999950051E0
3.290684841E2,1.636950135E0,1.214895058E1,-5.370000005E-1
3.290709275E2,1.633950114E0,1.218000031E1,1.060500070E-1
3.290733711E2,1.555050015E0,1.312095070E1,-1.225950003E0
3.290758148E2,2.227950096E0,1.459305096E1,-8.380500674E-1
3.290782583E2,2.628000021E0,1.389195061E1,-1.729500145E-1
3.290807020E2,2.560950041E0,1.295295048E1,1.519500017E-1
3.290831456E2,3.574050188E0,1.280700016E1,-1.542000055E0
3.290855891E2,2.614050150E0,1.285695076E1,-3.324000120E0
3.290880328E2,1.474050045E0,1.281195068E1,-1.774950027E0
3.290904764E2,8.370000124E-1,1.186395073E1,-1.537950039E0
3.290929198E2,4.210500121E-1,1.125300026E1,-9.679500461E-1
3.290953635E2,9.499500394E-1,9.739950180E0,5.350500345E-1
3.290978071E2,1.891050100E0,9.462000847E0,5.299500227E-1
3.291002506E2,2.571000099E0,9.745050430E0,5.659500360E-1
3.291026943E2,2.539950132E0,1.020195007E1,4.200000167E-1
3.291051379E2,4.656000137E0,8.988000870E0,1.797000051E0
3.291075814E2,4.527000427E0,7.848000526E0,-3.783000231E0
3.291100251E2,2.872050047E0,6.570000172E0,-4.401000023E0
3.291124687E2,1.702050090E0,6.232050419E0,-3.586950064E0
3.291149124E2,1.828050137E0,6.172050476E0,-8.190000653E-1
3.291173558E2,2.484000206E0,7.534950256E0,9.079500437E-1
3.291197994E2,2.779050112E0,7.753050327E0,1.519500017E-1
3.291222431E2,2.911050081E0,6.333000183E0,-1.665000081E0
3.291246866E2,2.578050137E0,5.725050449E0,-2.806950092E0
3.291271303E2,2.299950123E0,6.342000484E0,-3.618000269E0
3.291295739E2,2.869950056E0,7.291050434E0,-4.815000057E0
3.291320176E2,2.926950216E0,7.075050354E0,-5.914050102E0
3.291344610E2,3.106950045E0,5.928000450E0,-7.012950420E0
3.291369047E2,3.471000195E0,4.978050232E0,-7.024950504E0
3.291393481E2,3.457050085E0,4.330950260E0,-3.805050135E0
3.291417918E2,3.214950085E0,5.358000278E0,1.183950067E0
3.291442354E2,3.037950039E0,5.133000374E0,3.540000200E0
3.291466791E2,5.410050392E0,5.349000454E0,2.308950186E0
3.291491226E2,5.556000233E0,5.631000042E0,-7.470000386E-1
3.291515662E2,4.165050030E0,5.401050091E0,-3.561000109E0
3.291540099E2,3.406050205E0,6.177000523E0,-4.441950321E0
3.291564534E2,2.475000143E0,7.896000385E0,-3.372000217E0
3.291588970E2,2.247000217E0,9.301950455E0,-1.429950118E0
3.291613407E2,2.740950108E0,9.091050148E0,-6.660000086E-1
3.291637841E2,3.033000231E0,8.690999985E0,-1.285950065E0
3.291662278E2,1.861950040E0,8.631000519E0,-1.558950067E0
3.291686714E2,8.560500145E-1,8.935050011E0,-9.100500345E-1
3.291711149E2,1.459950089E0,1.009905052E1,-7.210500240E-1
3.291735585E2,2.992050171E0,1.097805023E1,-1.020000100E0
3.291760022E2,3.751050234E0,1.132500076E1,-2.482950211E0
3.291784457E2,3.378000259E0,1.048695087E1,-3.067950249E0
3.291808894E2,2.118000031E0,1.061100006E1,-2.076000214E0
3.291833330E2,2.415000200E0,1.223505020E1,5.800500512E-1
3.291857764E2,2.956050158E0,1.344405079E1,3.150000274E-1
3.291882201E2,3.343950272E0,1.323795033E1,-8.959500194E-1
3.291906637E2,4.857000351E0,1.233495045E1,-9.079500437E-1
3.291931074E2,3.880050182E0,1.109505081E1,-5.457000256E0
3.291955509E2,1.234950066E0,1.151205063E1,-4.863000393E0
3.291979946E2,2.509500086E-1,1.131495094E1,-2.626950026E0
3.292004380E2,6.120000482E-1,1.145205021E1,-4.000500143E-1
3.292028817E2,9.619500637E-1,1.126995087E1,3.460500240E-1
3.292053254E2,1.438050032E0,9.268050194E0,7.770000100E-1
3.292077690E2,3.258000135E0,8.989950180E0,1.855950117E0
3.292102124E2,4.531949997E0,9.124950409E0,-1.384050012E0
3.292126561E2,4.249050140E0,8.731950760E0,-4.720500112E-1
3.292150997E2,4.125000000E0,9.579000473E0,-1.192950010E0
3.292175432E2,4.668000221E0,1.016595078E1,-4.432050228E0
3.292199869E2,4.033950329E0,9.538950920E0,-5.934000492E0
3.292224305E2,3.400950193E0,8.638050079E0,-5.245950222E0
3.292248740E2,2.868000031E0,8.184000015E0,-3.139050245E0
3.292273177E2,2.178000212E0,7.498950481E0,1.469999999E-1
3.292297613E2,2.949000120E0,7.381050587E0,2.071950197E0
3.292322050E2,4.528950214E0,9.057000160E0,6.040500402E-1
3.292346484E2,4.045950413E0,8.767950058E0,-1.351050019E0
3.292370921E2,3.094950199E0,7.789050579E0,-3.774000168E0
3.292395355E2,2.218950033E0,6.739950180E0,-4.019999981E0
3.292419792E2,2.038950205E0,6.481050491E0,-2.578950167E0
3.292444228E2,2.880000114E0,7.978050232E0,-3.738000154E0
3.292468665E2,4.157999992E0,7.899000168E0,-4.902000427E0
3.292493100E2,5.161050320E0,6.247050285E0,-5.943000317E0
3.292517536E2,5.068050385E0,6.232050419E0,-5.665050507E0
3.292541973E2,4.339950085E0,6.667950153E0,-4.648050308E0
3.292566408E2,1.945950150E0,7.671000481E0,-1.147050023E0
3.292590845E2,1.438050032E0,8.208000183E0,1.444950104E0
3.292615281E2,3.078000069E0,7.611000538E0,2.430000156E-1
3.292639718E2,3.528000116E0,7.594950199E0,-2.545950174E0
3.292664152E2,4.335000038E0,6.844950199E0,-3.973050117E0
3.292688589E2,4.504950047E0,6.442950249E0,-4.252950191E0
3.292713026E2,2.281050205E0,7.899000168E0,-2.730000019E0
3.292737460E2,2.158950090E0,7.942050457E0,-1.350000054E-1
3.292761896E2,3.997950077E0,7.720950603E0,-1.902000070E0
3.292786331E2,3.817950249E0,8.466000557E0,-3.409950256E0
3.292810768E2,2.701950073E0,8.317950249E0,-2.694000244E0
3.292835205E2,2.824050188E0,8.016000748E0,-1.851000071E0
3.292859639E2,3.937950134E0,8.842050552E0,-2.139000177E0
3.292884076E2,4.503000259E0,9.787950516E0,-2.305950165E0
3.292908512E2,5.121000290E0,9.805050850E0,-3.691950083E0
3.292932949E2,3.775050163E0,9.709050179E0,-3.076950073E0
3.292957383E2,1.546050072E0,1.007700062E1,-5.820000172E-1
3.292981820E2,1.207950115E0,9.939000130E0,1.275000095E0
3.293006256E2,2.089050055E0,9.876000404E0,2.449500114E-1
3.293030691E2,3.550050259E0,9.835950851E0,-1.939950109E0
3.293055128E2,3.768000126E0,8.808000565E0,-3.714000225E0
3.293079564E2,4.036050320E0,8.581050873E0,-4.714950085E0
3.293103999E2,2.743050098E0,9.337950706E0,-4.123050213E0
3.293128436E2,1.315950036E0,9.862050056E0,-1.281000018E0
3.293152872E2,1.345050097E0,9.204000473E0,9.060000181E-1
3.293177306E2,1.486050129E0,8.944950104E0,5.730000138E-1
3.293201743E2,1.383000016E0,8.725049973E0,6.589500308E-1
3.293226180E2,2.680950165E0,8.337000847E0,2.110050201E0
3.293250616E2,4.350000381E0,7.318950176E0,-1.201950073E0
3.293275051E2,3.817950249E0,7.137000561E0,-3.252000093E0
3.293299487E2,4.125000000E0,7.057950497E0,-5.110050201E0
3.293323924E2,4.282950401E0,7.164000511E0,-4.981050014E0
3.293348359E2,4.129050255E0,8.143050194E0,-4.120950222E0
3.293372795E2,4.405050278E0,8.169000626E0,-2.719950199E0
3.293397232E2,3.664950132E0,7.609050274E0,-2.067000151E0
3.293421667E2,2.764950037E0,7.795950413E0,-1.309950113E0
3.293446104E2,2.377050161E0,8.143050194E0,-2.610000074E-1
3.293470540E2,2.710050106E0,8.374950409E0,-5.490000248E-1
3.293494977E2,2.647050142E0,8.145000458E0,-6.090000272E-1
3.293519410E2,3.234000206E0,8.161950111E0,-1.183050036E0
3.293543847E2,3.313050270E0,7.951050282E0,-1.477950096E0
3.293568282E2,1.977000117E0,9.124950409E0,-2.710500062E-1
3.293592719E2,1.239000082E0,1.016595078E1,2.740500271E-1
3.293617155E2,2.880000114E0,9.867000580E0,-1.329000115E0
3.293641592E2,4.552950382E0,9.795000076E0,-4.641000271E0
3.293666027E2,4.809000015E0,9.943050385E0,-5.293950081E0
3.293690463E2,4.615050316E0,1.062795067E1,-5.409000397E0
3.293714900E2,2.803050041E0,1.184895039E1,-3.970050097E0
3.293739334E2,1.263000011E0,1.251195049E1,5.130000114E-1
3.293763770E2,1.362000108E0,1.099005032E1,9.540000558E-1
3.293788207E2,1.113000035E0,1.150695038E1,-1.047000051E0
3.293812642E2,9.880500436E-1,1.142805099E1,5.659500360E-1
3.293837079E2,1.864050031E0,1.054200077E1,1.039500013E-1
3.293861515E2,2.935050249E0,1.140600014E1,4.680000246E-1
3.293885949E2,3.175950050E0,1.153800011E1,-2.880000174E-1
3.293910386E2,2.415000200E0,1.074495029E1,-1.131000042E0
3.293934823E2,2.851050138E0,1.126695061E1,1.060500070E-1
3.293959257E2,4.213050365E0,1.100205040E1,-3.132000208E0
3.293983694E2,3.925950289E0,1.093695068E1,-5.469000340E0
3.294008130E2,3.082950115E0,1.015905094E1,-5.505000114E0
3.294032565E2,2.640000105E0,1.031400013E1,-3.123000145E0
3.294057002E2,1.807050109E0,1.060905075E1,6.090000272E-1
3.294081438E2,2.110949993E0,1.036500072E1,1.714950085E0
3.294105875E2,2.560950041E0,1.043205070E1,1.867950082E0
3.294130310E2,4.255949974E0,9.598950386E0,6.070500016E-1
3.294154746E2,4.054950237E0,9.562950134E0,-2.809050083E0
3.294179183E2,2.536950111E0,9.340050697E0,-3.697050095E0
3.294203617E2,1.408950090E0,8.682000160E0,-2.086050034E0
3.294228054E2,1.594050050E0,8.559000015E0,-1.509000063E0
3.294252490E2,2.422049999E0,8.655000687E0,-1.887000084E0
3.294276925E2,3.820050240E0,7.434000492E0,-3.321000099E0
3.294301362E2,4.576950073E0,6.912000179E0,-4.585950375E0
3.294325798E2,3.793950081E0,7.173000336E0,-4.387050152E0
3.294350233E2,2.544000149E0,6.958050251E0,-2.305950165E0
3.294374670E2,2.877000093E0,7.249950409E0,-1.660500020E-1
3.294399106E2,1.927050114E0,8.242950439E0,1.071000099E0
3.294423540E2,1.096050024E0,6.462000370E0,1.792050123E0
3.294447977E2,2.902950048E0,5.310000420E0,2.140500098E-1
3.294472414E2,5.101050377E0,6.373050213E0,-2.650950193E0
3.294496850E2,3.612000227E0,6.436050415E0,-4.855950356E0
3.294521284E2,1.705950022E0,7.506000519E0,-3.730950117E0
3.294545721E2,2.130000114E0,7.390950203E0,-1.669050097E0
3.294570158E2,4.359000206E0,7.159050465E0,-2.695950031E0
3.294594593E2,4.624950409E0,7.888950348E0,-3.649050236E0
3.294619029E2,3.916050196E0,7.546950340E0,-4.159049988E0
3.294643466E2,3.670050144E0,7.482000351E0,-3.700050116E0
3.294667900E2,2.166000128E0,8.398950577E0,-9.820500612E-1
3.294692337E2,1.162950039E0,8.446949959E0,9.829500318E-1
3.294716773E2,1.408950090E0,9.064949989E0,4.009500146E-1
3.294741208E2,2.491950035E0,9.145950317E0,-1.678950071E0
3.294765645E2,2.985000134E0,9.726000786E0,-2.754000187E0
3.294790081E2,2.443950176E0,9.145950317E0,-2.277000189E0
3.294814516E2,1.704000115E0,9.393000603E0,-8.770500422E-1
3.294838953E2,1.771050096E0,9.868950844E0,4.530000091E-1
3.294863389E2,2.002950191E0,9.473999977E0,2.569500208E-1
3.294887823E2,4.078950405E0,9.522000313E0,-1.474950075E0
3.294912260E2,5.748000145E0,8.743950844E0,-4.530000210E0
3.294936696E2,5.299950123E0,8.743950844E0,-5.917050362E0
3.294961131E2,2.482050180E0,1.045305061E1,-4.123050213E0
3.294985568E2,1.576950073E0,1.085805035E1,-5.890500546E-1
3.295010004E2,1.339950085E0,1.072200012E1,7.189500332E-1
3.295034439E2,1.098000050E0,1.086795044E1,-4.390500188E-1
3.295058876E2,1.711050034E0,9.964950562E0,9.439500570E-1
3.295083312E2,2.500950098E0,1.053195095E1,1.315050006E0
3.295107749E2,3.399000168E0,1.098300076E1,8.509500623E-1
3.295132183E2,3.480000257E0,1.001295090E1,5.989500284E-1
3.295156620E2,3.367950201E0,9.892950058E0,-1.039950013E0
3.295181056E2,2.140050173E0,1.002195072E1,-3.709050179E0
3.295205491E2,2.113049984E0,9.469050407E0,-4.066050053E0
3.295229928E2,4.170000076E0,9.148050308E0,-4.617000103E0
3.295254364E2,4.792950153E0,9.001950264E0,-4.102050304E0
3.295278799E2,2.974950075E0,9.739950180E0,-1.486950040E0
3.295303235E2,2.395950079E0,9.844950676E0,1.548000097E0
3.295327672E2,2.689950228E0,1.083405018E1,1.429950118E0
3.295352106E2,2.584950209E0,1.188795090E1,1.549950123E0
3.295376543E2,2.506050110E0,1.106400013E1,7.995000482E-2
3.295400979E2,3.852000237E0,1.081005096E1,-3.514950275E0
3.295425416E2,3.877950191E0,9.898050308E0,-5.730000496E0
3.295449851E2,1.788000107E0,9.594000816E0,-4.600050449E0
3.295474287E2,6.259500384E-1,9.131999969E0,-1.195050001E0
3.295498724E2,1.090950012E0,8.401050568E0,1.155000091E0
3.295523159E2,3.739050150E0,8.470950127E0,5.595000088E-2
3.295547595E2,5.994000435E0,7.812000275E0,-3.427050114E0
3.295572032E2,5.014950275E0,8.719950676E0,-5.469000340E0
3.295596466E2,3.406050205E0,9.586950302E0,-4.099050045E0
3.295620902E2,2.737950087E0,9.406949997E0,-1.936950088E0
3.295645339E2,2.319000006E0,9.448050499E0,2.860500216E-1
3.295669774E2,8.779500127E-1,9.277950287E0,2.419050217E0
3.295694210E2,-4.549500346E-1,7.492050171E0,2.793000221E0
3.295718647E2,1.924050093E0,7.321950436E0,7.339500189E-1
3.295743082E2,4.644000053E0,7.137000561E0,-3.706950188E0
3.295767519E2,4.747050285E0,6.910050392E0,-6.324000359E0
3.295791955E2,2.467950106E0,8.485050201E0,-6.196950436E0
3.295816389E2,1.431000113E0,9.096000671E0,-3.051000118E0
3.295840826E2,2.392950058E0,8.513999939E0,-1.140000105E0
3.295865262E2,3.463950157E0,7.863000393E0,-6.829500198E-1
3.295889697E2,4.644000053E0,7.381050587E0,-2.091000080E0
3.295914134E2,4.085999966E0,7.492050171E0,-3.096000195E0
3.295938570E2,1.696950078E0,7.948950291E0,-2.086050034E0
3.295963005E2,1.177050114E0,8.326950073E0,-2.639999986E-1
3.295987442E2,1.777950048E0,8.820000648E0,3.049500287E-1
3.296011878E2,2.599050045E0,8.974050522E0,-7.020000219E-1
3.296036315E2,3.547950268E0,8.779950142E0,-1.392000079E0
3.296060749E2,3.418050051E0,9.052950859E0,-2.608050108E0
3.296085186E2,2.479950190E0,8.799000740E0,-3.238050222E0
3.296109623E2,1.431000113E0,8.263050079E0,-2.047950029E0
3.296134057E2,1.656000137E0,7.923000336E0,-3.960000277E-1
3.296158494E2,4.048050404E0,8.104949951E0,-1.303050041E0
3.296182930E2,5.956050396E0,8.454000473E0,-4.260000229E0
3.296207365E2,5.130000114E0,7.863000393E0,-5.617050171E0
3.296231802E2,3.114000082E0,9.682050705E0,-3.679950237E0
3.296256238E2,2.140050173E0,1.030500031E1,-1.545000076E0
3.296280673E2,1.600950122E0,1.015605068E1,3.000000119E-1
3.296305110E2,1.147950053E0,9.916950226E0,1.081050038E0
3.296329546E2,1.183950067E0,9.373950005E0,1.200000048E0
3.296353980E2,3.033000231E0,9.109950066E0,-6.330000162E-1
3.296378417E2,3.969000101E0,9.309000015E0,-3.517950058E0
3.296402853E2,3.169050217E0,9.249000549E0,-3.175050259E0
3.296427290E2,2.202000141E0,9.922050476E0,-1.549950123E0
3.296451725E2,2.085000038E0,1.023300076E1,-4.390500188E-1
3.296476161E2,2.856000185E0,1.019205093E1,-1.018050075E0
3.296500598E2,3.832050085E0,9.450000763E0,-2.533950090E0
3.296525033E2,4.761000156E0,9.237000465E0,-3.513000250E0
3.296549469E2,5.049000263E0,9.417000771E0,-4.435050011E0
3.296573906E2,3.375000238E0,9.622950554E0,-4.032000065E0
3.296598340E2,1.630050063E0,1.011600018E1,-7.980000377E-1
3.296622776E2,1.527000070E0,9.927000046E0,1.347000122E0
3.296647213E2,1.555050015E0,1.034805012E1,1.279050112E0
3.296671648E2,1.897950053E0,9.369000435E0,9.799500704E-1
3.296696085E2,3.054000139E0,8.950050354E0,-1.246050000E0
3.296720521E2,4.057950020E0,8.964000702E0,-3.396000147E0
3.296744956E2,3.994950294E0,9.109950066E0,-4.669050217E0
3.296769392E2,2.419950008E0,8.397000313E0,-3.217950106E0
3.296793829E2,1.488000035E0,7.594950199E0,-8.700000495E-2
3.296818263E2,3.310050249E0,7.549050331E0,1.090050101E0
3.296842700E2,6.033000469E0,7.042050362E0,-1.846050143E0
3.296867137E2,6.418050289E0,6.418950081E0,-5.446950436E0
3.296891571E2,4.873950005E0,7.056000233E0,-6.142050266E0
3.296916008E2,3.574050188E0,7.633050442E0,-4.462950230E0
3.296940444E2,2.542050123E0,8.631000519E0,-1.807950139E0
3.296964881E2,1.558050036E0,9.526950836E0,2.040000111E-1
3.296989316E2,4.399500191E-1,8.557050705E0,1.986000061E0
3.297013752E2,4.660500288E-1,7.954050541E0,2.532000065E0
3.297038189E2,3.694050074E0,7.819950581E0,-7.140000463E-1
3.297062624E2,4.732950211E0,7.156050205E0,-4.019999981E0
3.297087061E2,2.689950228E0,7.540050507E0,-4.662000179E0
3.297111497E2,2.070000172E0,8.080950737E0,-3.220950127E0
3.297135932E2,2.494050026E0,7.918050289E0,-1.672050118E0
3.297160368E2,3.045000076E0,7.176000118E0,-1.087050080E0
3.297184804E2,3.981000185E0,7.209000111E0,-1.372050047E0
3.297209239E2,4.816050053E0,7.348050117E0,-2.658000231E0
3.297233676E2,5.133000374E0,7.432050228E0,-4.267050266E0
3.297258112E2,3.196050167E0,8.490000725E0,-3.534000158E0
3.297282547E2,1.491000056E0,8.719950676E0,-1.477950096E0
3.297306984E2,1.531950116E0,9.610950470E0,2.479500175E-1
3.297331420E2,2.310000181E0,1.012305069E1,-4.240500331E-1
3.297355857E2,2.559000015E0,8.955000877E0,-2.155050039E0
3.297380291E2,1.819050074E0,9.201000214E0,-2.032950163E0
3.297404728E2,1.921950102E0,9.024000168E0,-1.119000077E0
3.297429164E2,2.494050026E0,7.968000412E0,-6.829500198E-1
3.297453599E2,2.254950047E0,7.060950279E0,-8.580000401E-1
3.297478035E2,1.339950085E0,6.783000469E0,8.220000267E-1
3.297502472E2,1.069050074E0,6.747000217E0,8.269500136E-1
3.297526907E2,2.632950068E0,7.113000393E0,2.950500250E-1
3.297551343E2,5.283000469E0,7.810050488E0,-3.111000061E0
3.297575780E2,4.989000320E0,7.480050564E0,-5.401950359E0
3.297600214E2,3.229050159E0,9.043050766E0,-5.353950024E0
3.297624651E2,2.350050211E0,9.972000122E0,-3.793050289E0
3.297649088E2,2.098950148E0,9.591000557E0,-2.431050062E0
3.297673522E2,1.666050076E0,9.229950905E0,-7.999500632E-1
3.297697959E2,1.375950098E0,8.758049965E0,4.009500146E-1
3.297722395E2,2.302050114E0,7.996950150E0,-8.700000495E-2
3.297746830E2,4.453050137E0,6.835950375E0,-2.839950085E0
3.297771267E2,4.258950233E0,7.152000427E0,-3.894000292E0
3.297795703E2,2.641950130E0,8.269950867E0,-2.602950096E0
3.297820137E2,2.178000212E0,8.698050499E0,-8.650500178E-1
3.297844574E2,2.749950171E0,8.566950798E0,-4.459500313E-1
3.297869010E2,2.833950043E0,8.895000458E0,-1.039950013E0
3.297893445E2,2.512950182E0,9.141000748E0,-1.492050052E0
3.297917882E2,3.028050184E0,9.241950035E0,-2.170050144E0
3.297942318E2,4.062000275E0,9.211050034E0,-3.349950075E0
3.297966755E2,3.040050030E0,9.799950600E0,-3.288000107E0
3.297991189E2,1.620000124E0,1.008900070E1,-1.377000093E0
3.298015626E2,1.294050097E0,1.033800030E1,4.009500146E-1
3.298040063E2,2.262000084E0,9.831000328E0,7.380000353E-1
3.298064497E2,2.808000088E0,9.634950638E0,-3.480000198E-1
3.298088934E2,2.755050182E0,9.406949997E0,-1.372050047E0
3.298113370E2,2.470050097E0,8.959050179E0,-1.564050078E0
3.298137805E2,2.200050116E0,8.775000572E0,-1.456050038E0
3.298162242E2,1.881000042E0,8.536050797E0,-4.939500093E-1
3.298186678E2,1.905000091E0,8.830050468E0,7.995000482E-2
3.298211115E2,1.584000111E0,9.085950851E0,-8.770500422E-1
3.298235549E2,1.483950019E0,9.091050148E0,-1.560000032E-1
3.298259985E2,2.131950140E0,9.570000648E0,6.550500393E-1
3.298284422E2,5.014950275E0,9.952950478E0,-5.509500504E-1
3.298308857E2,4.249050140E0,9.895050049E0,-4.978050232E0
3.298333293E2,2.760000229E0,1.053705025E1,-5.062050343E0
3.298357730E2,2.041949987E0,1.027095032E1,-3.538950205E0
3.298382165E2,1.963050127E0,1.000995064E1,-1.650000095E0
3.298406601E2,2.149049997E0,9.603000641E0,-1.995000057E-2
3.298431038E2,3.267000198E0,7.966050148E0,3.649500310E-1
3.298455472E2,4.656000137E0,7.884000301E0,-7.639500499E-1
3.298479908E2,4.596000195E0,8.337000847E0,-2.749050140E0
3.298504345E2,3.210000038E0,9.498000145E0,-3.319050074E0
3.298528780E2,1.813950062E0,9.879000664E0,-2.044950008E0
3.298553216E2,1.297050118E0,9.678000450E0,-3.930000067E-1
3.298577653E2,2.568000078E0,8.971050262E0,1.090500057E-1
3.298602088E2,3.849000216E0,8.964000702E0,-1.216950059E0
3.298626525E2,3.988050222E0,9.001950264E0,-2.574000120E0
3.298650961E2,2.899050236E0,9.286950111E0,-2.950050116E0
3.298675395E2,2.887050152E0,9.697050095E0,-2.589000225E0
3.298699832E2,3.418050051E0,1.055205059E1,-1.915950060E0
3.298724268E2,3.388950109E0,1.115505028E1,-1.554000020E0
3.298748703E2,2.844000101E0,1.121205044E1,-1.248000026E0
3.298773140E2,2.094000101E0,1.116195011E1,-6.610500216E-1
3.298797576E2,2.190000057E0,1.077405071E1,-8.170500398E-1
3.298822010E2,3.531000137E0,1.071705055E1,-2.761050224E0
3.298846447E2,3.885000229E0,1.063500023E1,-4.068000317E0
3.298870883E2,2.359950066E0,1.009395027E1,-2.649000168E0
3.298895320E2,1.498050094E0,9.955050468E0,-2.280000150E-1
3.298919755E2,1.498050094E0,1.020405006E1,3.769500256E-1
3.298944192E2,2.539950132E0,1.040295029E1,-4.600500166E-1
3.298968628E2,3.093000174E0,1.032600021E1,-3.175050259E0
3.298993063E2,3.367950201E0,9.958050728E0,-3.918000221E0
3.299017500E2,3.931050301E0,9.876000404E0,-4.056000233E0
3.299041936E2,4.302000046E0,1.019700050E1,-3.463050127E0
3.299066370E2,3.844050169E0,1.026195049E1,-2.610000134E0
3.299090807E2,2.760000229E0,9.967050552E0,-9.289500713E-1
3.299115243E2,2.213999987E0,9.511950493E0,3.340500295E-1
3.299139678E2,3.634050131E0,8.896950722E0,-4.650000334E-1
3.299164114E2,5.401050091E0,8.599950790E0,-2.707950115E0
3.299188551E2,4.465050220E0,8.569050789E0,-4.267050266E0
3.299212986E2,2.992050171E0,8.653050423E0,-2.847000122E0
3.299237423E2,2.785950184E0,9.211050034E0,-8.719500303E-1
3.299261859E2,3.334050179E0,9.589050293E0,-1.071000099E0
3.299286296E2,3.046950102E0,9.814050674E0,-2.968950033E0
3.299310730E2,1.864050031E0,9.180000305E0,-3.843000174E0
3.299335167E2,2.437050104E0,8.370000839E0,-3.565950155E0
3.299359604E2,3.472950220E0,8.149950027E0,-3.472050190E0
3.299384038E2,3.457050085E0,8.626950264E0,-3.217950106E0
3.299408474E2,3.118950129E0,8.533050537E0,-2.443050146E0
3.299432911E2,2.977950096E0,8.385000229E0,-9.100500345E-1
3.299457346E2,3.282000065E0,8.392050743E0,-1.590000093E-1
3.299481783E2,4.198950291E0,8.622000694E0,-6.130500436E-1
3.299506219E2,4.182000160E0,8.928000450E0,-2.071950197E0
3.299530654E2,2.947050095E0,8.848950386E0,-2.790000200E0
3.299555090E2,2.899050236E0,8.410950661E0,-1.936950088E0
3.299579527E2,3.121050119E0,7.936950207E0,-1.432050109E0
3.299603961E2,3.081000090E0,7.975050449E0,-1.621050119E0
3.299628398E2,2.611050129E0,8.203050613E0,-1.987950087E0
3.299652834E2,2.082000017E0,8.385000229E0,-1.747950077E0
3.299677269E2,2.161050081E0,8.171999931E0,-1.566000104E0
3.299701706E2,2.994000196E0,8.398950577E0,-2.383050203E0
3.299726142E2,3.751050234E0,9.262950897E0,-3.472050190E0
3.299750577E2,3.403950214E0,9.598950386E0,-4.288949966E0
3.299775014E2,2.836050034E0,9.369000435E0,-3.654000282E0
3.299799450E2,2.949000120E0,9.211050034E0,-2.139000177E0
3.299823884E2,3.466050148E0,9.457050323E0,-1.222050071E0
3.299848321E2,3.792000294E0,9.538950920E0,-1.317000031E0
3.299872757E2,3.592950106E0,9.145950317E0,-1.188000083E0
3.299897194E2,4.057950020E0,8.610000610E0,-9.289500713E-1
3.299921629E2,4.342050076E0,8.713050842E0,-9.529500604E-1
3.299946065E2,3.895050287E0,9.828000069E0,-1.636050105E0
3.299970502E2,3.451950073E0,1.086495018E1,-2.584050179E0
3.299994937E2,3.448950052E0,1.108305073E1,-3.703950167E0
3.300019373E2,3.054000139E0,1.123605061E1,-4.080000401E0
3.300043810E2,2.860050201E0,1.097505093E1,-3.598950148E0
3.300068244E2,3.214950085E0,1.084800053E1,-2.910000086E0
3.300092681E2,3.421050072E0,1.057095051E1,-3.058050156E0
3.300117118E2,2.827050209E0,1.023795033E1,-3.454950094E0
3.300141555E2,2.721000195E0,9.514950752E0,-3.063000202E0
3.300165989E2,2.944050074E0,9.120000839E0,-2.062050104E0
3.300190425E2,3.337050200E0,9.204000473E0,-1.162050009E0
3.300214862E2,3.943050146E0,9.168000221E0,-1.293000102E0
3.300239297E2,4.021950245E0,8.974050522E0,-1.495050073E0
3.300263733E2,3.411000252E0,8.995050430E0,-9.820500612E-1
3.300288170E2,3.721950293E0,8.587950706E0,-1.365000010E0
3.300312605E2,4.399950027E0,8.290950775E0,-2.646000147E0
3.300337041E2,3.480000257E0,8.032950401E0,-3.589950085E0
3.300361478E2,2.571000099E0,7.381050587E0,-3.181950092E0
3.300385913E2,1.929000139E0,6.703950405E0,-1.375050068E0
3.300410349E2,2.235000134E0,6.205950260E0,-4.339500070E-1
3.300434783E2,3.294000149E0,6.109950066E0,-1.213950038E0
3.300459220E2,3.799050093E0,6.156000137E0,-2.959950209E0
3.300483657E2,3.910950184E0,6.016950130E0,-4.297950268E0
3.300508093E2,3.865950108E0,5.716950417E0,-4.528050423E0
3.300532528E2,3.138000250E0,6.625050545E0,-3.930000305E0
3.300556965E2,2.371950150E0,7.353000164E0,-3.349950075E0
3.300581401E2,1.396950126E0,7.177950382E0,-1.687950134E0
3.300605836E2,1.222950101E0,6.393000126E0,-7.905000448E-2
3.300630273E2,2.334000111E0,5.799000263E0,7.789500356E-1
3.300654709E2,4.351950169E0,5.908950329E0,2.700000070E-2
3.300679143E2,5.407950401E0,5.349000454E0,-1.147050023E0
3.300703580E2,4.273050308E0,6.289950371E0,-1.831950068E0
3.300728016E2,2.689950228E0,7.458000183E0,-1.072950006E0
3.300752453E2,2.776950121E0,7.839000225E0,-1.882050037E0
3.300776888E2,3.342000246E0,8.631000519E0,-4.408050060E0
3.300801324E2,2.815050125E0,8.337000847E0,-5.752050400E0
3.300825761E2,1.948050141E0,7.519950390E0,-5.280000210E0
3.300850195E2,2.282999992E0,6.760950089E0,-3.192000151E0
3.300874632E2,3.400950193E0,6.772950172E0,-2.163000107E0
3.300899068E2,4.258950233E0,7.879950523E0,-1.317000031E0
3.300923503E2,4.572000027E0,8.233950615E0,-7.570500374E-1
3.300947939E2,4.335000038E0,8.824950218E0,-1.120950103E0
3.300972376E2,3.748950243E0,9.358950615E0,-2.185950041E0
3.300996811E2,2.179949999E0,9.958050728E0,-2.806950092E0
3.301021248E2,1.483950019E0,1.014000034E1,-2.248950005E0
3.301045684E2,2.073000193E0,9.544050217E0,-1.449000120E0
3.301070119E2,2.382000208E0,8.521050453E0,-1.044000030E0
3.301094555E2,2.896050215E0,8.112000465E0,-1.138050079E0
3.301118992E2,3.457050085E0,7.915050507E0,-1.681050062E0
3.301143426E2,3.199950218E0,8.361000061E0,-1.234050035E0
3.301167863E2,3.250950098E0,8.701050758E0,-1.248000026E0
3.301192299E2,2.868000031E0,8.943000793E0,-1.441950083E0
3.301216734E2,2.689950228E0,8.851950645E0,-1.987950087E0
3.301241171E2,3.130950212E0,9.232050896E0,-3.027000189E0
3.301265607E2,4.057950020E0,9.625050545E0,-4.401000023E0
3.301290041E2,4.108050346E0,9.370950699E0,-5.209950447E0
3.301314479E2,3.313050270E0,9.328050613E0,-4.006050110E0
3.301338915E2,2.488950014E0,8.563950539E0,-1.854000092E0
3.301363352E2,2.215950012E0,8.554950714E0,-3.195000067E-2
3.301387786E2,2.134950161E0,8.683950424E0,9.250500202E-1
3.301412223E2,3.592950106E0,8.109000206E0,-2.419500053E-1
3.301436659E2,4.606050014E0,7.810050488E0,-2.521950006E0
3.301461094E2,3.667050123E0,8.348999977E0,-4.216950417E0
3.301485531E2,4.062000275E0,8.976000786E0,-4.638000011E0
3.301509967E2,3.451950073E0,9.880950928E0,-4.162050247E0
3.301534402E2,2.094000101E0,1.007700062E1,-3.015000105E0
3.301558839E2,2.271000147E0,9.168000221E0,-1.257000089E0
3.301583275E2,3.100050211E0,8.119050026E0,-8.580000401E-1
3.301607710E2,3.955050230E0,8.109000206E0,-1.945050120E0
3.301632146E2,3.852000237E0,8.052000046E0,-3.802950144E0
3.301656583E2,3.868050098E0,8.072999954E0,-4.624050140E0
3.301681020E2,3.741000175E0,8.350950241E0,-3.751950264E0
3.301705454E2,3.643050194E0,8.706000328E0,-2.296950102E0
3.301729890E2,3.066000223E0,9.405000687E0,-1.285950065E0
3.301754327E2,2.293050051E0,9.967050552E0,-7.399500608E-1
3.301778762E2,2.158950090E0,1.003200054E1,-6.280500293E-1
3.301803198E2,2.701950073E0,9.466950417E0,-1.501950026E0
3.301827635E2,3.751050234E0,9.004950523E0,-2.922000170E0
3.301852070E2,3.528000116E0,8.485050201E0,-4.087950230E0
3.301876506E2,2.191950083E0,8.803950310E0,-3.172950268E0
3.301900943E2,1.510050058E0,8.619000435E0,-1.492050052E0
3.301925377E2,1.572000027E0,8.761050224E0,-7.279500365E-1
3.301949813E2,2.427000046E0,9.016950607E0,-1.281000018E0
3.301974250E2,3.586050272E0,9.085950851E0,-2.742000103E0
3.301998685E2,4.386000156E0,9.034049988E0,-4.269000053E0
3.302023122E2,4.117050171E0,9.235050201E0,-5.512050152E0
3.302047558E2,3.424950123E0,9.502950668E0,-4.971000195E0
3.302071993E2,2.713950157E0,9.244050026E0,-3.118050098E0
3.302096430E2,2.029950142E0,8.822999954E0,-8.580000401E-1
3.302120866E2,1.942950130E0,8.457000732E0,4.009500146E-1
3.302145300E2,3.210000038E0,7.939050198E0,4.200000316E-2
3.302169737E2,5.013000011E0,7.702050209E0,-2.032950163E0
3.302194173E2,4.716000080E0,8.263050079E0,-3.714000225E0
3.302218608E2,3.883050203E0,8.875950813E0,-3.487050056E0
3.302243045E2,3.592950106E0,9.847950935E0,-2.787000179E0
3.302267481E2,3.445050240E0,1.042200089E1,-3.142050266E0
3.302291918E2,2.881950140E0,1.047705078E1,-3.793050289E0
3.302316352E2,2.875050068E0,9.679950714E0,-3.787950277E0
3.302340789E2,3.138000250E0,8.855999947E0,-3.769050121E0
3.302365226E2,3.508950233E0,8.506950378E0,-3.051000118E0
3.302389660E2,3.649950266E0,8.381999969E0,-2.257950068E0
3.302414096E2,3.652950287E0,8.605050087E0,-1.930050135E0
3.302438533E2,3.253050089E0,9.250950813E0,-1.387050033E0
3.302462968E2,2.848050117E0,9.358950615E0,-1.228950024E0
3.302487404E2,2.913000107E0,1.006500053E1,-1.590000033E0
3.302511841E2,4.108050346E0,1.067400074E1,-2.383050203E0
3.302536276E2,4.900050163E0,1.042500019E1,-3.964950085E0
3.302560712E2,4.507950306E0,1.029300022E1,-5.095950127E0
3.302585149E2,3.423000097E0,9.589050293E0,-4.855950356E0
3.302609583E2,2.263950109E0,9.034049988E0,-2.209950209E0
3.302634020E2,1.432950020E0,8.494950294E0,3.960000277E-1
3.302658457E2,1.450050116E0,7.900950432E0,1.143000007E0
3.302682894E2,2.530050039E0,7.573050499E0,-5.659500360E-1
3.302707328E2,4.255949974E0,7.528050423E0,-3.391050100E0
3.302731764E2,4.455000401E0,8.398950577E0,-5.388000488E0
3.302756201E2,3.576000214E0,9.639000893E0,-5.344950199E0
3.302780636E2,2.911050081E0,1.057305050E1,-4.332000256E0
3.302805072E2,2.371950150E0,1.055595016E1,-2.320950031E0
3.302829509E2,1.645950079E0,1.044105053E1,-1.044000030E0
3.302853944E2,1.171950102E0,8.527950287E0,-5.320500135E-1
3.302878380E2,2.839050055E0,6.859950542E0,-1.108950019E0
3.302902817E2,5.311950207E0,5.689050198E0,-3.144000053E0
3.302927251E2,6.709950447E0,5.329950333E0,-3.939000130E0
3.302951688E2,5.476950169E0,6.309000492E0,-3.541950226E0
3.302976124E2,3.907050133E0,8.233950615E0,-2.526000023E0
3.303000559E2,2.551050186E0,9.651000023E0,-1.723950028E0
3.303024996E2,1.680000067E0,9.799950600E0,-1.686000109E0
3.303049432E2,1.840050101E0,9.619950294E0,-2.509950161E0
3.303073867E2,2.950950146E0,9.117000580E0,-4.222050190E0
3.303098304E2,3.351000071E0,8.581050873E0,-4.971000195E0
3.303122740E2,3.186000109E0,8.145000458E0,-3.795000076E0
3.303147175E2,2.638050079E0,7.948950291E0,-1.546950102E0
3.303171612E2,2.475000143E0,8.380050659E0,2.620500028E-1
3.303196048E2,2.887050152E0,8.457000732E0,-6.795000285E-2
3.303220482E2,2.809950113E0,8.659950256E0,-8.980500698E-1
3.303244919E2,2.628000021E0,8.872950554E0,-1.818000078E0
3.303269355E2,3.543000221E0,8.361000061E0,-2.632050037E0
3.303293792E2,4.741950035E0,8.293950081E0,-3.823950291E0
3.303318227E2,4.893000126E0,8.418000221E0,-4.281000137E0
3.303342663E2,3.868050098E0,8.763000488E0,-3.525000095E0
3.303367100E2,2.731050014E0,9.108000755E0,-2.413950205E0
3.303391535E2,2.155950069E0,8.863950729E0,-1.480050087E0
3.303415971E2,2.295000076E0,8.293950081E0,-1.708050132E0
3.303440408E2,2.560950041E0,7.920000553E0,-2.244000196E0
3.303464842E2,2.829000235E0,7.437000275E0,-3.079950094E0
3.303489278E2,2.868000031E0,7.030050278E0,-3.328950167E0
3.303513715E2,2.914950132E0,7.120950222E0,-2.397000074E0
3.303538152E2,3.220050097E0,7.611000538E0,-1.606950045E0
3.303562587E2,3.403950214E0,8.242950439E0,-1.024950027E0
3.303587023E2,2.761950016E0,8.410950661E0,-7.450500131E-1
3.303611460E2,2.769000053E0,8.071050644E0,-8.530500531E-1
3.303635894E2,3.349050045E0,7.530000210E0,-1.569000125E0
3.303660331E2,3.406050205E0,6.972000122E0,-2.032950163E0
3.303684768E2,4.407000065E0,6.796950340E0,-2.167050123E0
3.303709202E2,4.869000435E0,6.757050514E0,-2.680050135E0
3.303733638E2,4.263000011E0,7.164000511E0,-3.369000196E0
3.303758075E2,2.989950180E0,7.824000359E0,-2.862000227E0
3.303782510E2,1.732950091E0,8.670000076E0,-1.485000014E0
3.303806946E2,1.867050052E0,9.163050652E0,-1.588050127E0
3.303831383E2,2.512950182E0,9.295050621E0,-2.763000250E0
3.303855818E2,2.341050148E0,9.196050644E0,-3.634950161E0
3.303880254E2,2.074949980E0,8.647950172E0,-2.941050053E0
3.303904691E2,2.061000109E0,8.227050781E0,-1.468050122E0
3.303929125E2,2.326050043E0,8.136000633E0,-2.689500153E-1
3.303953562E2,2.365050077E0,8.260050774E0,1.260000110E0
3.303977998E2,3.199950218E0,8.446949959E0,8.629500270E-1
3.304002433E2,4.624950409E0,8.470950127E0,-1.255050063E0
3.304026870E2,5.524950027E0,8.464050293E0,-4.059000015E0
3.304051306E2,4.429050446E0,8.512050629E0,-5.176950455E0
3.304075741E2,2.781000137E0,9.148050308E0,-3.561000109E0
3.304100177E2,1.500000119E0,9.153000832E0,-9.799500704E-1
3.304124614E2,1.342050076E0,8.622000694E0,1.110000089E-1
3.304149050E2,2.580000162E0,7.783950329E0,-1.020000100E0
3.304173485E2,3.895050287E0,7.858050346E0,-2.811000109E0
3.304197921E2,4.302000046E0,7.738050461E0,-4.825050354E0
3.304222358E2,3.480000257E0,8.416049957E0,-4.447050095E0
3.304246793E2,2.865000248E0,8.938050270E0,-2.452050209E0
3.304271229E2,2.479950190E0,9.108000755E0,-7.830000520E-1
3.304295666E2,1.807050109E0,9.760950089E0,3.480000198E-1
3.304320100E2,9.229500294E-1,8.416049957E0,1.555050015E0
3.304344537E2,2.749950171E0,7.405050278E0,4.729500115E-1
3.304368973E2,5.652000427E0,6.760950089E0,-2.359050035E0
3.304393408E2,6.343950272E0,6.529050350E0,-4.315050125E0
3.304417845E2,5.559000492E0,7.444050312E0,-5.503050327E0
3.304442281E2,3.799050093E0,8.605050087E0,-4.590000153E0
3.304466716E2,2.001000166E0,9.337950706E0,-2.127000093E0
3.304491152E2,1.255950093E0,9.526950836E0,-2.730000019E-1
3.304515589E2,2.074949980E0,9.457050323E0,-4.770000279E-1
3.304540023E2,4.408950329E0,8.980950356E0,-3.144000053E0
3.304564460E2,4.239000320E0,8.593050003E0,-5.032950401E0
3.304588896E2,2.638050079E0,8.466000557E0,-4.843950272E0
3.304613331E2,2.097000122E0,8.428050041E0,-2.620050192E0
3.304637768E2,2.530050039E0,8.425050735E0,-1.192950010E0
3.304662204E2,3.492000103E0,8.926050186E0,-9.820500612E-1
3.304686638E2,3.817950249E0,9.164999962E0,-1.128000021E0
3.304711075E2,4.522050381E0,9.189000130E0,-1.834950089E0
3.304735511E2,5.133000374E0,8.559000015E0,-3.348000050E0
3.304759946E2,4.261050224E0,8.358000755E0,-3.724050283E0
3.304784383E2,3.217050076E0,8.208000183E0,-2.184000015E0
3.304808820E2,2.167950153E0,8.041950226E0,3.270000219E-1
3.304833256E2,1.848000050E0,7.591950417E0,1.320000052E0
3.304857691E2,3.058950186E0,7.836000443E0,-2.089500129E-1
3.304882127E2,4.795050144E0,8.296050072E0,-3.586950064E0
3.304906564E2,5.190000057E0,9.072000504E0,-5.898000240E0
3.304930998E2,3.394050121E0,1.048005009E1,-6.597000122E0
3.304955435E2,2.398050070E0,1.091805077E1,-5.376000404E0
3.304979871E2,1.879050136E0,1.086300087E1,-2.632050037E0
3.305004306E2,1.681950092E0,1.015395069E1,-5.779500008E-1
3.305028743E2,2.251950026E0,8.989950180E0,3.070500195E-1
3.305053179E2,4.230000019E0,7.398000240E0,-4.240500331E-1
3.305077616E2,6.163950443E0,6.778050423E0,-2.395050049E0
3.305102050E2,6.198000431E0,6.754050255E0,-3.939000130E0
3.305126486E2,5.086950302E0,8.245950699E0,-3.814950228E0
3.305150923E2,4.069050312E0,9.795000076E0,-2.536050081E0
3.305175358E2,2.725950241E0,1.094700050E1,-1.249950051E0
3.305199794E2,2.154000044E0,1.108095074E1,-1.381950021E0
3.305224231E2,2.290950060E0,1.075995064E1,-2.293950081E0
3.305248666E2,3.523950100E0,1.054695034E1,-4.009050369E0
3.305273102E2,4.594050407E0,9.721050262E0,-5.404050350E0
3.305297539E2,4.242000103E0,9.400050163E0,-4.827000141E0
3.305321973E2,3.076050043E0,9.370950699E0,-2.541000128E0
3.305346410E2,3.016050100E0,9.574950218E0,-3.070500195E-1
3.305370846E2,3.388950109E0,9.547950745E0,2.040000111E-1
3.305395281E2,3.856050253E0,9.679950714E0,-6.040500402E-1
3.305419718E2,4.146000385E0,9.838050842E0,-1.810950041E0
3.305444154E2,4.669950008E0,9.559950829E0,-3.429000139E0
3.305468589E2,5.202000141E0,9.559950829E0,-4.353000164E0
3.305493026E2,5.422050476E0,9.799950600E0,-4.546950340E0
3.305517462E2,4.171950340E0,1.015905094E1,-3.556050062E0
3.305541896E2,2.443950176E0,1.006095028E1,-1.741050124E0
3.305566333E2,1.881000042E0,9.394950867E0,-5.920500159E-1
3.305590769E2,2.404950142E0,8.751000404E0,-1.528050065E0
3.305615204E2,3.459000111E0,8.326950073E0,-3.360000134E0
3.305639641E2,4.347000122E0,8.014050484E0,-5.172000408E0
3.305664077E2,4.419000149E0,8.353950500E0,-5.163000107E0
3.305688514E2,4.455000401E0,8.740950584E0,-3.819000244E0
3.305712949E2,3.933000088E0,9.297000885E0,-2.818950176E0
3.305737386E2,3.016050100E0,9.670050621E0,-1.483050108E0
3.305761822E2,2.149049997E0,9.726000786E0,-4.480500221E-1
3.305786256E2,2.836050034E0,8.397000313E0,-6.760500073E-1
3.305810692E2,5.347950459E0,7.374000549E0,-2.722950220E0
3.305835129E2,5.865000248E0,6.867000103E0,-4.321950436E0
3.305859564E2,5.323950291E0,7.057950497E0,-4.213950157E0
3.305884000E2,4.675050259E0,7.816950321E0,-2.802000046E0
3.305908437E2,3.733950138E0,8.926050186E0,-1.762950063E0
3.305932872E2,2.784000158E0,9.472050667E0,-1.762950063E0
3.305957308E2,2.527950048E0,9.487950325E0,-2.658000231E0
3.305981745E2,3.547950268E0,9.330000877E0,-4.348950386E0
3.306006180E2,4.138950348E0,8.920950890E0,-5.719950199E0
3.306030616E2,2.961000204E0,8.755949974E0,-5.244000435E0
3.306055053E2,2.803050041E0,8.655000687E0,-3.448050261E0
3.306079490E2,2.970000029E0,8.425050735E0,-1.471050024E0
3.306103923E2,3.351000071E0,8.559000015E0,-5.029500127E-1
3.306128360E2,3.658050060E0,8.623950005E0,-3.169500232E-1
3.306152797E2,4.216050148E0,8.908950806E0,-1.102050066E0
3.306177232E2,5.824050426E0,8.855999947E0,-3.348000050E0
3.306201668E2,5.616000175E0,8.907000542E0,-5.716050148E0
3.306226105E2,4.081050396E0,8.827950478E0,-5.797050476E0
3.306250540E2,2.353049994E0,8.725049973E0,-2.505000114E0
3.306274976E2,1.255950093E0,8.289000511E0,1.039950013E0
3.306299413E2,1.347000122E0,7.566000462E0,1.435050011E0
3.306323847E2,2.902950048E0,7.317000389E0,-9.010500312E-1
3.306348284E2,4.965000153E0,7.000950336E0,-4.201950073E0
3.306372721E2,5.037000179E0,7.750050545E0,-6.573000431E0
3.306397155E2,3.769950151E0,8.988000870E0,-6.666000366E0
3.306421592E2,2.745000124E0,9.409049988E0,-4.468050003E0
3.306446028E2,1.905000091E0,1.008495045E1,-1.557000041E0
3.306470463E2,6.310500503E-1,1.028595066E1,1.093050003E0
3.306494900E2,8.080500364E-1,8.253000259E0,1.509000063E0
3.306519336E2,4.183950424E0,6.601050377E0,-7.039500475E-1
3.306543771E2,7.845000267E0,5.389050484E0,-4.465950012E0
3.306568208E2,7.615050316E0,5.277000427E0,-6.208950520E0
3.306592644E2,5.331000328E0,6.847950459E0,-5.668050289E0
3.306617079E2,3.540000200E0,8.512050629E0,-2.524050236E0
3.306641515E2,2.122950077E0,9.951000214E0,-4.219500124E-1
3.306665952E2,1.396950126E0,1.011795044E1,-1.030500084E-1
3.306690389E2,1.675050020E0,9.747000694E0,-1.672050118E0
3.306714823E2,3.271950245E0,9.193950653E0,-4.300950050E0
3.306739259E2,3.835050106E0,8.457000732E0,-5.761050224E0
3.306763694E2,3.045000076E0,8.422950745E0,-4.825050354E0
3.306788131E2,2.176050186E0,8.731950760E0,-1.923000097E0
3.306812567E2,2.520000219E0,8.348999977E0,-7.200000435E-2
3.306837004E2,2.887050152E0,8.890050888E0,2.689500153E-1
3.306861438E2,2.905950069E0,9.262950897E0,0.000000000E0
3.306885875E2,4.314000130E0,9.325950623E0,-1.444050074E0
3.306910311E2,6.271950245E0,8.763000488E0,-4.510950089E0
3.306934746E2,5.901000500E0,8.842050552E0,-6.379050255E0
3.306959183E2,3.691050291E0,9.310950279E0,-5.083950043E0
3.306983619E2,1.824000120E0,9.028950691E0,-1.590000033E0
3.307008056E2,9.709500670E-1,9.175050735E0,1.147950053E0
3.307032491E2,1.096050024E0,8.301000595E0,1.030050039E0
3.307056927E2,2.379000187E0,7.731000423E0,-1.044000030E0
3.307081361E2,4.069050312E0,7.234950542E0,-3.568050146E0
3.307105798E2,4.110000134E0,7.729050159E0,-5.596050262E0
3.307130235E2,3.361050129E0,8.119050026E0,-5.388000488E0
3.307154669E2,2.821950197E0,8.707950592E0,-3.628050089E0
3.307179106E2,2.125050068E0,9.562950134E0,-9.769500494E-1
3.307203542E2,1.065000057E0,9.175050735E0,3.649500310E-1
3.307227977E2,1.728000045E0,7.518000126E0,5.179499984E-1
3.307252414E2,4.813950062E0,6.072000504E0,-2.497950077E0
3.307276850E2,6.390000343E0,5.269950390E0,-4.030050278E0
3.307301287E2,5.542050362E0,5.242950439E0,-3.951000214E0
3.307325722E2,4.927050114E0,6.436050415E0,-2.512050152E0
3.307350159E2,3.684000254E0,7.437000275E0,-1.630950093E0
3.307374593E2,2.202000141E0,8.718000412E0,-4.819500148E-1
3.307399029E2,1.633950114E0,8.710050583E0,-1.090050101E0
3.307423466E2,1.963050127E0,8.634000778E0,-2.719950199E0
3.307447902E2,2.520000219E0,8.301000595E0,-4.954050064E0
3.307472337E2,2.404950142E0,7.870050430E0,-5.080950260E0
3.307496774E2,2.410050154E0,7.516050339E0,-3.118050098E0
3.307521210E2,3.259950161E0,7.506000519E0,-1.393950105E0
3.307545645E2,3.652950287E0,7.446000576E0,-8.119500279E-1
3.307570082E2,3.151950121E0,7.650000572E0,-6.570000052E-1
3.307594518E2,2.401050091E0,8.551950455E0,-6.780000329E-1
3.307618955E2,3.160050154E0,8.358000755E0,-1.492050052E0
3.307643389E2,4.897950172E0,8.100000381E0,-2.304000139E0
3.307667826E2,5.986950397E0,8.056950569E0,-4.032000065E0
3.307692263E2,4.957950115E0,7.948950291E0,-4.564050198E0
3.307716697E2,2.563050032E0,8.128950119E0,-3.556050062E0
3.307741133E2,1.294050097E0,7.777050495E0,-1.372050047E0
3.307765570E2,2.049000025E0,7.555950165E0,-8.980500698E-1
3.307790005E2,2.853000164E0,7.555950165E0,-2.042999983E0
3.307814441E2,3.223950148E0,7.669050217E0,-3.361950159E0
3.307838878E2,3.610050201E0,7.446000576E0,-4.483050346E0
3.307863313E2,3.412950277E0,7.831950188E0,-4.114050388E0
3.307887749E2,2.817000151E0,8.284049988E0,-2.380050182E0
3.307912186E2,2.044049978E0,8.719950676E0,-6.520500183E-1
3.307936620E2,1.278000116E0,8.208000183E0,8.170500398E-1
3.307961057E2,2.262000084E0,7.816950321E0,6.790500283E-1
3.307985493E2,5.194950104E0,6.766050339E0,-1.807950139E0
3.308009928E2,6.318000317E0,6.298950195E0,-3.598950148E0
3.308034365E2,5.608950138E0,6.804000378E0,-4.339050293E0
3.308058801E2,4.560000420E0,7.506000519E0,-3.894000292E0
3.308083236E2,2.635050058E0,8.421000481E0,-2.425950050E0
3.308107673E2,1.081050038E0,9.013950348E0,-1.609500051E-1
3.308132109E2,1.345050097E0,8.971050262E0,-4.360500276E-1
3.308156543E2,3.210000038E0,9.262950897E0,-2.560050011E0
3.308180980E2,4.431000233E0,9.217950821E0,-4.885050297E0
3.308205417E2,4.018949986E0,9.004950523E0,-5.983950138E0
3.308229853E2,2.707050085E0,9.639000893E0,-4.594950199E0
3.308254288E2,1.891050100E0,9.714000702E0,-1.897050142E0
3.308278724E2,2.146950006E0,9.666000366E0,-1.699500084E-1
3.308303161E2,2.536950111E0,9.325950623E0,9.705000371E-2
3.308327596E2,3.373050213E0,8.779950142E0,-6.880500317E-1
3.308352032E2,4.921950340E0,8.269950867E0,-2.425950050E0
3.308376469E2,5.908050060E0,8.032950401E0,-4.155000210E0
3.308400903E2,5.962950230E0,8.752950668E0,-4.855950356E0
3.308425339E2,4.644000053E0,9.637050629E0,-4.150050163E0
3.308449776E2,2.901000023E0,9.922050476E0,-2.638950109E0
3.308474213E2,1.909950137E0,9.658050537E0,-1.404000044E0
3.308498647E2,1.990950108E0,9.232050896E0,-1.224000096E0
3.308523084E2,3.258000135E0,8.602950096E0,-2.325000048E0
3.308547519E2,3.823050261E0,8.293950081E0,-3.970050097E0
3.308571955E2,3.592950106E0,8.287050247E0,-4.341000080E0
3.308596392E2,3.828000069E0,8.171999931E0,-3.975000143E0
3.308620826E2,3.406050205E0,8.542950630E0,-2.431050062E0
3.308645262E2,2.767050028E0,9.069000244E0,-1.008000016E0
3.308669699E2,2.568000078E0,9.237000465E0,-3.240000010E-1
3.308694134E2,3.112050056E0,8.698050499E0,-6.570000052E-1
3.308718571E2,4.630050182E0,8.143050194E0,-2.428050041E0
3.308743007E2,4.872000217E0,7.237950325E0,-4.084949970E0
3.308767442E2,5.407950401E0,7.540050507E0,-4.420050144E0
3.308791879E2,4.860000134E0,7.851000309E0,-4.035000324E0
3.308816315E2,3.639000177E0,8.562000275E0,-3.226050138E0
3.308840750E2,2.463000059E0,8.662050247E0,-2.341950178E0
3.308865187E2,2.520000219E0,8.703000069E0,-2.103000164E0
3.308889623E2,3.861000299E0,8.350950241E0,-3.640050173E0
3.308914060E2,3.744000196E0,8.184000015E0,-4.930050373E0
3.308938494E2,3.334050179E0,7.987050533E0,-4.795950413E0
3.308962930E2,3.078000069E0,7.753050327E0,-3.396000147E0
3.308987367E2,3.199950218E0,7.710000515E0,-1.629000068E0
3.309011802E2,3.540000200E0,7.587000370E0,-1.504050016E0
3.309036239E2,3.223950148E0,7.858050346E0,-1.339050055E0
3.309060675E2,3.475950241E0,7.635000229E0,-1.594950080E0
3.309085112E2,4.678050041E0,7.333950520E0,-2.152950048E0
3.309109546E2,5.085000038E0,7.243050575E0,-3.039000034E0
3.309133982E2,4.599000454E0,7.606950283E0,-3.091950178E0
3.309158417E2,3.658050060E0,8.056950569E0,-2.227050066E0
3.309182854E2,3.442050219E0,8.348999977E0,-2.074050188E0
3.309207290E2,3.933000088E0,8.203050613E0,-3.355050087E0
3.309231727E2,4.249050140E0,8.023050308E0,-5.095950127E0
3.309256161E2,3.897000074E0,7.864950180E0,-5.613000393E0
3.309280598E2,3.330000162E0,8.023050308E0,-5.112000465E0
3.309305035E2,2.518050194E0,8.136000633E0,-3.907950163E0
3.309329469E2,2.439000130E0,7.935000420E0,-2.706000090E0
3.309353906E2,2.508000135E0,7.908000469E0,-1.903950095E0
3.309378343E2,2.463000059E0,8.029950142E0,-1.308000088E0
3.309402777E2,3.097050190E0,7.894050598E0,-1.698000073E0
3.309427213E2,4.150950432E0,7.492050171E0,-2.725050211E0
3.309451650E2,4.419000149E0,7.657050133E0,-3.562950134E0
3.309476085E2,3.622050285E0,7.651950359E0,-3.240000248E0
3.309500521E2,4.375950336E0,7.848000526E0,-2.083950043E0
3.309524958E2,4.764000416E0,7.591950417E0,-1.978050113E0
3.309549393E2,4.222949982E0,7.972950459E0,-2.440050125E0
3.309573830E2,4.030950069E0,7.626000404E0,-3.826950073E0
3.309598266E2,4.054950237E0,7.795950413E0,-4.930050373E0
3.309622700E2,4.157999992E0,8.038050652E0,-5.503050327E0
3.309647137E2,3.306000233E0,8.410950661E0,-5.368050098E0
3.309671573E2,2.106000185E0,8.892000198E0,-3.736050129E0
3.309696010E2,1.894950032E0,8.932950020E0,-1.842000127E0
3.309720445E2,2.536950111E0,8.854050636E0,-1.195050001E0
3.309744881E2,3.129000187E0,8.788949966E0,-1.638000131E0
3.309769316E2,3.301050186E0,8.719950676E0,-2.491050005E0
3.309793753E2,3.952050209E0,8.526000023E0,-2.967000246E0
3.309818189E2,4.050000191E0,8.325000763E0,-2.821050167E0
3.309842626E2,4.101000309E0,8.100000381E0,-2.404050112E0
3.309867060E2,4.246950150E0,8.109000206E0,-1.983000040E0
3.309891496E2,3.799050093E0,8.314949989E0,-1.564050078E0
3.309915933E2,3.892050266E0,8.623950005E0,-2.437950134E0
3.309940368E2,3.757950068E0,8.892000198E0,-3.570000172E0
3.309964804E2,3.535950184E0,8.863950729E0,-4.171050072E0
3.309989241E2,3.415950060E0,9.136950493E0,-4.219050407E0
3.310013676E2,2.872050047E0,9.615000725E0,-3.937050104E0
3.310038112E2,2.530050039E0,9.862050056E0,-3.760050297E0
3.310062549E2,2.404950142E0,9.547950745E0,-3.202050209E0
3.310086983E2,2.307000160E0,9.589050293E0,-2.332950115E0
3.310111419E2,2.329050064E0,9.096000671E0,-1.492050052E0
3.310135856E2,2.743050098E0,8.506950378E0,-1.207050085E0
3.310160291E2,4.066950321E0,7.875000477E0,-1.636050105E0
3.310184728E2,4.989000320E0,7.666050434E0,-2.305950165E0
3.310209164E2,4.777950287E0,7.744950294E0,-2.917050123E0
3.310233599E2,4.833000183E0,8.287050247E0,-2.743950129E0
3.310258036E2,4.711050034E0,8.599950790E0,-2.931000233E0
3.310282472E2,3.469050169E0,9.340050697E0,-2.923950195E0
3.310306906E2,2.407950163E0,9.571950912E0,-2.863950253E0
3.310331343E2,2.215950012E0,9.298950195E0,-2.842050076E0
3.310355779E2,2.965950251E0,9.061950684E0,-3.241950035E0
3.310380214E2,3.727050066E0,8.871000290E0,-3.952950239E0
3.310404651E2,2.868000031E0,8.995050430E0,-3.846000195E0
3.310429087E2,2.061000109E0,9.172050476E0,-2.434950113E0
3.310453524E2,2.310000181E0,8.832000732E0,-1.425000072E0
3.310477959E2,2.680950165E0,9.016950607E0,-1.200000048E0
3.310502395E2,2.559000015E0,8.896950722E0,-9.580500722E-1
3.310526832E2,3.684000254E0,8.878050804E0,-9.529500604E-1
3.310551266E2,6.181050301E0,8.275050163E0,-2.869050026E0
3.310575702E2,6.484950542E0,8.458950043E0,-5.167050362E0
3.310600139E2,4.186950207E0,9.064949989E0,-5.469000340E0
3.310624574E2,2.377050161E0,9.301950455E0,-3.036000252E0
3.310649010E2,1.338000059E0,9.232050896E0,-3.379500210E-1
3.310673447E2,1.242000103E0,8.920950890E0,3.529500067E-1
3.310697882E2,2.379000187E0,8.404050827E0,-1.144950032E0
3.310722318E2,4.000050068E0,8.179050446E0,-3.391050100E0
3.310746755E2,4.843050003E0,8.212050438E0,-5.359050274E0
3.310771189E2,3.550050259E0,9.201000214E0,-5.476050377E0
3.310795626E2,2.571000099E0,9.538950920E0,-4.000950336E0
3.310820062E2,1.989000082E0,9.697050095E0,-1.890000105E0
3.310844497E2,1.957950115E0,9.442950249E0,-6.450000405E-1
3.310868934E2,2.009999990E0,8.931000710E0,-2.490000129E-1
3.310893370E2,3.813000202E0,7.032000542E0,-1.483050108E0
3.310917805E2,6.042000294E0,6.297000408E0,-3.799950123E0
3.310942242E2,5.920050144E0,6.177000523E0,-4.819950104E0
3.310966678E2,4.977000237E0,7.101000309E0,-3.949050188E0
3.310991112E2,4.309050083E0,8.137949944E0,-2.638950109E0
3.311015549E2,2.704950094E0,9.475950241E0,-8.500500321E-1
3.311039985E2,1.459950089E0,9.658050537E0,-1.300500035E-1
3.311064422E2,1.575000048E0,9.440999985E0,-1.189950109E0
3.311088857E2,3.322050095E0,9.193950653E0,-3.955950260E0
3.311113294E2,4.122000217E0,8.806050301E0,-6.067950249E0
3.311137730E2,3.250950098E0,8.370000839E0,-5.941050053E0
3.311162164E2,2.392950058E0,8.442000389E0,-3.328950167E0
3.311186601E2,2.134950161E0,8.476050377E0,-1.152000070E0
3.311211038E2,2.779050112E0,8.365950584E0,-6.795000285E-2
3.311235472E2,3.066000223E0,8.518950462E0,-3.619500101E-1
3.311259908E2,3.526050091E0,8.635950089E0,-1.423050046E0
3.311284345E2,4.333050251E0,8.140049934E0,-3.477000237E0
3.311308780E2,4.345050335E0,7.876950264E0,-4.762950420E0
3.311333216E2,3.295950174E0,8.113950729E0,-4.501950264E0
3.311357653E2,2.346000195E0,8.221950531E0,-2.586000204E0
3.311382087E2,2.311950207E0,8.035050392E0,-2.209500074E-1
3.311406524E2,3.205050230E0,7.759950161E0,3.390000165E-1
3.311430960E2,4.147950172E0,7.836000443E0,-1.981050134E0
3.311455397E2,3.861000299E0,8.136000633E0,-4.834950447E0
3.311479832E2,2.812050104E0,8.301000595E0,-6.108000278E0
3.311504268E2,2.614050150E0,8.266950607E0,-5.248950481E0
3.311528705E2,2.728950024E0,8.137949944E0,-3.661050081E0
3.311553140E2,2.218950033E0,8.221950531E0,-2.400000095E0
3.311577576E2,1.759050131E0,7.899000168E0,-1.104000092E0
3.311602013E2,2.452950001E0,7.030050278E0,-7.950000167E-1
3.311626447E2,4.090950012E0,6.799950123E0,-1.389000058E0
3.311650883E2,4.636950016E0,6.994050503E0,-2.325000048E0
3.311675320E2,3.550050259E0,7.630050182E0,-2.518950224E0
3.311699755E2,3.339000225E0,8.041950226E0,-1.723950028E0
3.311724192E2,3.318000078E0,8.749050140E0,-1.213950038E0
3.311748628E2,3.375000238E0,9.060000420E0,-2.545950174E0
3.311773063E2,3.294000149E0,9.105000496E0,-3.769050121E0
3.311797500E2,2.989950180E0,8.971050262E0,-3.943950176E0
3.311821936E2,3.126000166E0,8.446949959E0,-3.738000154E0
3.311846370E2,3.627000093E0,8.341950417E0,-3.589950085E0
3.311870807E2,3.556950092E0,8.581050873E0,-3.309000254E0
3.311895243E2,3.355950117E0,8.677050591E0,-2.863950253E0
3.311919678E2,2.607000113E0,9.057000160E0,-2.167050123E0
3.311944115E2,2.434050083E0,9.301950455E0,-1.693050027E0
3.311968551E2,2.659050226E0,9.579000473E0,-1.618950129E0
3.311992986E2,2.431950092E0,9.903000832E0,-1.717050076E0
3.312017423E2,2.487000227E0,9.823950768E0,-1.438950062E0
3.312041859E2,3.535950184E0,9.402000427E0,-1.806000113E0
3.312066296E2,4.656000137E0,8.902050018E0,-2.734950066E0
3.312090730E2,5.094000340E0,8.854050636E0,-3.441000223E0
3.312115166E2,4.270950317E0,8.880000114E0,-3.415050268E0
3.312139603E2,3.342000246E0,8.883000374E0,-2.455050230E0
3.312164038E2,2.853000164E0,8.706000328E0,-1.899000049E0
3.312188474E2,2.959050179E0,8.690999985E0,-1.902000070E0
3.312212911E2,3.658050060E0,8.488050461E0,-3.082050085E0
3.312237346E2,3.649950266E0,8.310000420E0,-3.922050238E0
3.312261782E2,3.210000038E0,8.659950256E0,-3.895950079E0
3.312286219E2,2.805000067E0,9.169950485E0,-3.241950035E0
3.312310653E2,2.353049994E0,9.373950005E0,-1.993050098E0
3.312335090E2,2.190000057E0,9.153000832E0,-7.810500264E-1
3.312359526E2,2.584950209E0,8.992950439E0,-9.820500612E-1
3.312383961E2,3.307950258E0,8.133000374E0,-1.945050120E0
3.312408398E2,4.347000122E0,7.494000435E0,-3.036000252E0
3.312432834E2,5.026950359E0,6.996000290E0,-3.769050121E0
3.312457269E2,5.487000465E0,7.222950459E0,-3.570000172E0
3.312481706E2,5.073000431E0,7.342950344E0,-3.220950127E0
3.312506142E2,4.408950329E0,7.744950294E0,-2.605050087E0
3.312530576E2,3.615000248E0,7.984950542E0,-2.014050007E0
3.312555013E2,3.330000162E0,8.488050461E0,-2.674950123E0
3.312579450E2,3.679050207E0,8.467950821E0,-4.183050156E0
3.312603886E2,2.712000132E0,8.725049973E0,-4.654950142E0
3.312628321E2,2.094000101E0,8.956950188E0,-3.952950239E0
3.312652757E2,1.978950143E0,8.859000206E0,-2.008949995E0
3.312677194E2,2.350050211E0,9.321000099E0,-6.349500418E-1
3.312701629E2,2.743050098E0,9.163050652E0,-3.000000119E-1
3.312726065E2,2.986950159E0,8.847000122E0,-1.114050031E0
3.312750502E2,3.604950190E0,8.799000740E0,-2.412000179E0
3.312774937E2,4.414050102E0,8.530950546E0,-3.517950058E0
3.312799373E2,5.041950226E0,8.193000793E0,-4.243050098E0
3.312823810E2,4.837950230E0,8.101950645E0,-3.811950207E0
3.312848244E2,4.263000011E0,8.562000275E0,-2.530950069E0
3.312872680E2,3.588000059E0,8.911050797E0,-1.915950060E0
3.312897117E2,3.351000071E0,8.866050720E0,-2.173950195E0
3.312921552E2,3.274950266E0,9.072000504E0,-2.923950195E0
3.312945989E2,2.908050060E0,9.357000351E0,-3.742950201E0
3.312970425E2,3.148050070E0,9.462000847E0,-4.107000351E0
3.312994862E2,3.100050211E0,9.466950417E0,-4.387050152E0
3.313019297E2,2.626050234E0,9.534000397E0,-3.384000063E0
3.313043733E2,2.322000027E0,9.309000015E0,-1.903950095E0
3.313068170E2,2.556000233E0,8.646000862E0,-9.820500612E-1
3.313092604E2,3.427950144E0,8.301000595E0,-8.940000534E-1
3.313117040E2,4.861950397E0,7.714050293E0,-1.981050134E0
3.313141475E2,5.857950211E0,7.389000416E0,-3.697050095E0
3.313165912E2,5.479950428E0,7.243050575E0,-4.710000038E0
3.313190348E2,5.058000088E0,7.851000309E0,-4.525950432E0
3.313214785E2,4.732950211E0,8.212050438E0,-3.568050146E0
3.313239220E2,3.658050060E0,8.811000824E0,-3.076950073E0
3.313263657E2,2.299950123E0,9.177000046E0,-1.641000032E0
3.313288093E2,2.611050129E0,8.727000237E0,-2.874000072E0
3.313312528E2,3.378000259E0,9.022050858E0,-3.408000231E0
3.313336965E2,3.006000042E0,8.698050499E0,-4.699950218E0
3.313361401E2,1.969950080E0,9.241950035E0,-3.412050247E0
3.313385835E2,2.314050198E0,8.281949997E0,-2.380050182E0
3.313410272E2,2.179949999E0,8.812950134E0,-8.029500246E-1
3.313434709E2,2.853000164E0,8.196000099E0,-1.084950089E0
3.313459143E2,3.451950073E0,8.497050285E0,-9.100500345E-1
3.313483580E2,4.761000156E0,7.731000423E0,-1.854000092E0
3.313508016E2,5.604000092E0,8.200050354E0,-3.460050106E0
3.313532451E2,5.416950226E0,7.843950272E0,-5.172000408E0
3.313556888E2,4.074000359E0,8.803950310E0,-5.277000427E0
3.313581324E2,2.743050098E0,8.739000320E0,-3.319050074E0
3.313605761E2,1.891050100E0,9.121950150E0,-1.483050108E0
3.313630195E2,1.780950069E0,8.157000542E0,-1.023000002E0
3.313654632E2,2.233050108E0,7.978050232E0,-2.341950178E0
3.313679069E2,3.363000154E0,7.639950275E0,-3.244950056E0
3.313703503E2,3.483000278E0,7.719000340E0,-4.629000187E0
3.313727939E2,3.139950037E0,8.253000259E0,-4.135050297E0
3.313752376E2,3.129000187E0,8.185950279E0,-3.355050087E0
3.313776811E2,2.884050131E0,8.725049973E0,-1.791000128E0
3.313801247E2,2.917950153E0,8.619000435E0,-1.332000017E0
3.313825684E2,2.982000113E0,8.209950447E0,-1.224000096E0
3.313850119E2,4.759050369E0,6.967050552E0,-2.713050127E0
3.313874556E2,5.745000362E0,6.433050156E0,-4.201950073E0
3.313898992E2,5.116050243E0,6.438000202E0,-4.474950314E0
3.313923427E2,5.251950264E0,7.365000248E0,-3.502950191E0
3.313947863E2,4.254000187E0,7.920000553E0,-2.320950031E0
3.313972300E2,2.350050211E0,9.280050278E0,-1.393950105E0
3.313996734E2,1.249050021E0,9.883950233E0,-1.030050039E0
3.314021171E2,1.378050089E0,1.018005085E1,-2.127000093E0
3.314045607E2,2.484000206E0,1.040505028E1,-3.831000090E0
3.314070042E2,2.808000088E0,1.047705078E1,-4.621050358E0
3.314094479E2,2.488950014E0,1.023495007E1,-3.604050159E0
3.314118915E2,2.041949987E0,1.020000076E1,-1.866000056E0
3.314143350E2,2.202000141E0,1.016400051E1,-5.700000525E-1
3.314167787E2,3.217050076E0,9.922050476E0,-8.790000677E-1
3.314192223E2,3.817950249E0,9.699000359E0,-1.200000048E0
3.314216660E2,4.357050419E0,9.571950912E0,-2.038050175E0
3.314241094E2,4.548000336E0,9.226950645E0,-3.340950251E0
3.314265530E2,4.419000149E0,9.057000160E0,-4.528050423E0
3.314289967E2,3.787050247E0,9.385950089E0,-5.044950008E0
3.314314402E2,2.917950153E0,9.187050819E0,-3.879000187E0
3.314338838E2,2.404950142E0,8.667000771E0,-2.040000200E0
3.314363275E2,2.410050154E0,7.876950264E0,-1.156949997E0
3.314387710E2,2.736000061E0,7.495950222E0,-1.471050024E0
3.314412146E2,3.346050262E0,7.056000233E0,-2.907000065E0
3.314436583E2,3.832050085E0,7.008000374E0,-3.985050201E0
3.314461020E2,3.796950102E0,7.081950188E0,-4.114050388E0
3.314485454E2,3.571050167E0,7.495950222E0,-3.156000137E0
3.314509891E2,2.719050169E0,8.095050812E0,-1.126049995E0
3.314534325E2,2.245050192E0,7.942050457E0,2.980500162E-1
3.314558762E2,2.887050152E0,7.663950443E0,8.629500270E-1
3.314583198E2,3.943050146E0,7.506000519E0,-2.179500163E-1
3.314607633E2,4.567049980E0,7.219050407E0,-1.960950136E0
3.314632070E2,3.937950134E0,7.674000263E0,-3.558000088E0
3.314656506E2,3.129000187E0,8.434950829E0,-3.739950180E0
3.314680943E2,2.760000229E0,8.883000374E0,-3.477000237E0
3.314705377E2,2.203950167E0,9.951000214E0,-2.500050068E0
3.314729814E2,2.140050173E0,1.002195072E1,-1.674000025E0
3.314754248E2,2.374050140E0,9.655950546E0,-2.139000177E0
3.314778685E2,3.282000065E0,9.498000145E0,-3.477000237E0
3.314803121E2,3.367950201E0,8.752950668E0,-4.747950077E0
3.314827556E2,2.992050171E0,7.824000359E0,-5.407050133E0
3.314851993E2,3.138000250E0,7.579950333E0,-4.176000118E0
3.314876430E2,3.475950241E0,7.510950565E0,-2.518950224E0
3.314900866E2,4.290000439E0,7.389000416E0,-1.489950061E0
3.314925301E2,4.279950142E0,7.534950256E0,-7.020000219E-1
3.314949738E2,3.861000299E0,7.999050617E0,-2.329500169E-1
3.314974174E2,3.519000053E0,8.374950409E0,-1.131000042E0
3.314998608E2,3.349050045E0,8.500050545E0,-2.185950041E0
3.315023045E2,3.226950169E0,8.302950859E0,-2.983950138E0
3.315047482E2,2.535000086E0,8.109000206E0,-1.614000082E0
3.315071916E2,1.840050101E0,7.633050442E0,6.109500527E-1
3.315096353E2,1.362000108E0,7.647000313E0,1.059000015E0
3.315120789E2,2.235000134E0,7.714050293E0,-4.939500093E-1
3.315145226E2,3.864000082E0,8.787000656E0,-2.752050161E0
3.315169661E2,4.903050423E0,9.121950150E0,-4.782000065E0
3.315194097E2,4.375950336E0,9.454950333E0,-5.926050186E0
3.315218534E2,2.700000048E0,1.023795033E1,-4.987950325E0
3.315242969E2,1.915050149E0,1.061100006E1,-2.277000189E0
3.315267405E2,2.140050173E0,1.038900089E1,-7.789500356E-1
3.315291842E2,3.138000250E0,9.184050560E0,-4.840500355E-1
3.315316276E2,4.596000195E0,8.365950584E0,-1.600050092E0
3.315340713E2,4.693950176E0,8.346000671E0,-3.355050087E0
3.315365149E2,3.828000069E0,8.830050468E0,-3.678000212E0
3.315389584E2,3.042000055E0,9.241950035E0,-2.653050184E0
3.315414020E2,2.656950235E0,9.757050514E0,-6.970500350E-1
3.315438457E2,3.354000092E0,9.781050682E0,-3.360000253E-1
3.315462892E2,3.303000212E0,9.667950630E0,-1.055999994E0
3.315487329E2,3.064050198E0,9.430950165E0,-1.762950063E0
3.315511765E2,3.418050051E0,8.599950790E0,-2.577000141E0
3.315536200E2,4.138950348E0,8.449049950E0,-2.979000092E0
3.315560636E2,4.144050121E0,8.571000099E0,-2.995950222E0
3.315585073E2,3.943050146E0,8.938050270E0,-2.710950136E0
3.315609507E2,3.736950159E0,9.418950081E0,-2.280000210E0
3.315633944E2,3.262950182E0,9.627000809E0,-2.419050217E0
3.315658380E2,2.925000191E0,9.735000610E0,-2.440050125E0
3.315682815E2,2.371950150E0,9.772950172E0,-2.248950005E0
3.315707252E2,2.616000175E0,9.733050346E0,-1.602000117E0
3.315731688E2,3.849000216E0,9.156000137E0,-1.830000043E0
3.315756125E2,4.531949997E0,8.842050552E0,-2.458950043E0
3.315780559E2,4.969950199E0,8.827950478E0,-3.451050282E0
3.315804996E2,3.475950241E0,9.052950859E0,-3.448050261E0
3.315829432E2,2.209050179E0,9.052950859E0,-1.990050077E0
3.315853867E2,2.074949980E0,8.635950089E0,-4.189500213E-1
3.315878303E2,2.559000015E0,8.169000626E0,3.340500295E-1
3.315902740E2,3.603000164E0,7.695000172E0,-2.639999986E-1
3.315927175E2,4.888050079E0,7.377000332E0,-2.128950119E0
3.315951611E2,4.921950340E0,7.804950237E0,-4.284000397E0
3.315976048E2,4.192049980E0,8.911050797E0,-4.565999985E0
3.316000485E2,2.856000185E0,9.553050041E0,-3.478950262E0
3.316024919E2,2.176050186E0,9.510000229E0,-1.825050116E0
3.316049355E2,1.897950053E0,9.862050056E0,-1.000950098E0
3.316073790E2,2.020050049E0,9.534000397E0,-1.257000089E0
3.316098227E2,4.105050087E0,8.209950447E0,-2.905050039E0
3.316122663E2,4.888050079E0,7.597050190E0,-4.653000355E0
3.316147098E2,4.936050415E0,7.377000332E0,-4.578000069E0
3.316171535E2,4.500000000E0,7.698000431E0,-3.556050062E0
3.316195971E2,3.361050129E0,8.119050026E0,-2.152950048E0
3.316220406E2,2.796000242E0,8.029950142E0,-7.669500113E-1
3.316244842E2,3.451950073E0,8.119050026E0,-1.140000105E0
3.316269279E2,4.852050304E0,8.218950272E0,-3.217950106E0
3.316293713E2,4.419000149E0,8.266950607E0,-4.698000431E0
3.316318150E2,3.049950123E0,8.466000557E0,-3.874050140E0
3.316342587E2,2.748000145E0,8.617050171E0,-1.674000025E0
3.316367021E2,3.081000090E0,9.069000244E0,-1.129500046E-1
3.316391458E2,3.034950256E0,9.201000214E0,-1.920000017E-1
3.316415895E2,2.683050156E0,9.196050644E0,-1.237950087E0
3.316440331E2,3.399000168E0,9.192000389E0,-2.155050039E0
3.316464766E2,4.503000259E0,9.211050034E0,-3.397950172E0
3.316489203E2,4.897950172E0,9.268050194E0,-4.521000385E0
3.316513639E2,3.864000082E0,9.450000763E0,-3.894000292E0
3.316538073E2,2.452950001E0,9.394950867E0,-1.585050106E0
3.316562510E2,1.996050119E0,8.899050713E0,3.405000269E-2
3.316586947E2,2.815050125E0,8.434950829E0,-4.000500143E-1
3.316611383E2,3.646050215E0,8.266950607E0,-1.533000112E0
3.316635818E2,4.531949997E0,7.903050423E0,-3.046050072E0
3.316660254E2,4.680000305E0,8.506950378E0,-4.296000004E0
3.316684689E2,4.138950348E0,9.328050613E0,-4.260000229E0
3.316709126E2,3.331950188E0,9.862050056E0,-2.806950092E0
3.316733562E2,2.887050152E0,9.984000206E0,-1.260000110E0
3.316757999E2,2.695050240E0,9.883950233E0,-4.270500243E-1
3.316782433E2,2.440950155E0,9.163050652E0,-4.870500267E-1
3.316806870E2,3.670050144E0,7.999050617E0,-1.927950144E0
3.316831306E2,5.394000053E0,7.575000286E0,-3.970050097E0
3.316855741E2,5.118000031E0,7.618950367E0,-4.345950127E0
3.316880177E2,4.788000107E0,8.197950363E0,-2.955000162E0
3.316904614E2,4.504950047E0,8.536050797E0,-1.921050072E0
3.316929049E2,3.579000235E0,9.466950417E0,-1.126049995E0
3.316953485E2,3.073050261E0,9.481050491E0,-1.363050103E0
3.316977922E2,3.250950098E0,9.169950485E0,-2.509950161E0
3.317002357E2,3.832050085E0,9.069000244E0,-3.487050056E0
3.317026793E2,3.703050137E0,8.617050171E0,-4.044000149E0
3.317051229E2,2.911050081E0,8.992950439E0,-3.103050232E0
3.317075664E2,2.860050201E0,8.967000008E0,-1.606950045E0
3.317100101E2,2.986950159E0,9.196050644E0,-8.650500178E-1
3.317124537E2,3.250950098E0,9.277950287E0,-1.333950043E0
3.317148972E2,2.833950043E0,9.298950195E0,-1.581000090E0
3.317173409E2,3.715050220E0,9.108000755E0,-2.026050091E0
3.317197845E2,4.888050079E0,8.737050056E0,-3.040950060E0
3.317222282E2,5.002950191E0,8.992950439E0,-3.783000231E0
3.317246716E2,4.860000134E0,8.986050606E0,-3.882000208E0
3.317271153E2,3.753000259E0,8.892000198E0,-2.919000149E0
3.317295587E2,2.970000029E0,8.740950584E0,-1.858050108E0
3.317320024E2,2.905950069E0,8.215050697E0,-1.972950101E0
3.317344461E2,3.004050255E0,8.056950569E0,-2.488050222E0
3.317368897E2,3.580950260E0,7.651950359E0,-3.156000137E0
3.317393331E2,3.964050293E0,7.627950191E0,-3.855000257E0
3.317417767E2,3.829950094E0,7.924950600E0,-3.799950123E0
3.317442204E2,3.337050200E0,8.221950531E0,-2.902050257E0
3.317466639E2,3.073050261E0,8.506950378E0,-2.091000080E0
3.317491075E2,2.455950022E0,9.061950684E0,-1.054050088E0
3.317515512E2,2.170950174E0,8.377950668E0,-7.710000277E-1
3.317539947E2,3.516000271E0,7.780950546E0,-1.438950062E0
3.317564383E2,5.149050236E0,6.994050503E0,-3.223050117E0
3.317588820E2,4.986000061E0,6.784950256E0,-3.763950109E0
3.317613257E2,5.367000103E0,7.216050148E0,-3.112950087E0
3.317637691E2,4.572000027E0,7.450950146E0,-2.650950193E0
3.317662127E2,3.247950077E0,7.981950283E0,-2.050050020E0
3.317686562E2,2.461050034E0,8.341950417E0,-1.606950045E0
3.317710999E2,2.580000162E0,8.610000610E0,-1.726950049E0
3.317735435E2,4.213050365E0,8.422950745E0,-3.577950239E0
3.317759872E2,4.297049999E0,8.338950157E0,-4.771950245E0
3.317784307E2,2.707050085E0,8.348999977E0,-3.867000103E0
3.317808743E2,2.131950140E0,8.479949951E0,-1.903950095E0
3.317833180E2,2.311950207E0,8.607000351E0,-4.699500203E-1
3.317857614E2,3.004050255E0,8.593050003E0,-3.190500140E-1
3.317882051E2,3.856050253E0,8.554950714E0,-8.430000544E-1
3.317906487E2,4.624950409E0,8.626950264E0,-2.356050014E0
3.317930922E2,4.728000164E0,8.650050163E0,-4.003950119E0
3.317955359E2,4.297049999E0,8.440050125E0,-4.486950397E0
3.317979795E2,3.286950111E0,8.671950340E0,-2.827950239E0
3.318004230E2,2.118000031E0,8.665050507E0,-3.400500119E-1
3.318028667E2,1.789950132E0,7.840950489E0,6.349500418E-1
3.318053103E2,3.100050211E0,7.374000549E0,-7.240500450E-1
3.318077537E2,4.660950184E0,7.243050575E0,-3.685050249E0
3.318101974E2,4.960050106E0,7.563000202E0,-5.649000168E0
3.318126410E2,3.729000092E0,8.301000595E0,-5.629050255E0
3.318150845E2,3.247950077E0,8.643000603E0,-4.011000156E0
3.318175282E2,3.052050114E0,8.820000648E0,-2.115000010E0
3.318199718E2,2.623050213E0,9.036000252E0,-8.860500455E-1
3.318224153E2,2.128050089E0,8.299050331E0,-1.420500129E-1
3.318248589E2,3.016050100E0,7.116000175E0,-3.019500077E-1
3.318273026E2,5.130000114E0,6.369000435E0,-1.765050054E0
3.318297460E2,6.010950089E0,5.971050262E0,-2.922000170E0
3.318321897E2,5.089050293E0,6.718050480E0,-3.015000105E0
3.318346333E2,3.982950211E0,8.503950119E0,-1.819950104E0
3.318370770E2,3.378000259E0,9.426000595E0,-1.738950133E0
3.318395205E2,2.785950184E0,1.007700062E1,-2.521950006E0
3.318419642E2,2.166000128E0,9.864000320E0,-3.217950106E0
3.318444078E2,2.032050133E0,9.481050491E0,-3.171000242E0
3.318468512E2,3.093000174E0,8.638050079E0,-3.606000185E0
3.318492949E2,3.913950205E0,8.185950279E0,-4.027950287E0
3.318517385E2,3.483000278E0,8.056950569E0,-3.573000193E0
3.318541822E2,3.298950195E0,8.005949974E0,-2.550000191E0
3.318566257E2,3.439950228E0,8.080950737E0,-1.765050054E0
3.318590693E2,3.331950188E0,8.518950462E0,-1.150050044E0
3.318615130E2,2.740950108E0,8.617050171E0,-5.749500394E-1
3.318639565E2,2.707050085E0,8.943000793E0,-2.179500163E-1
3.318664001E2,4.201050282E0,8.445000648E0,-1.465950012E0
3.318688438E2,5.041950226E0,7.852950573E0,-3.333000183E0
3.318712872E2,4.177050114E0,7.882050514E0,-4.252950191E0
3.318737308E2,3.190950155E0,8.085000038E0,-2.910000086E0
3.318761745E2,2.539950132E0,8.413050652E0,-1.011000037E0
3.318786180E2,2.590050220E0,8.605050087E0,-8.269500136E-1
3.318810616E2,3.873000145E0,8.634000778E0,-2.734950066E0
3.318835053E2,4.969950199E0,8.683950424E0,-5.220000267E0
3.318859487E2,4.270950317E0,8.643000603E0,-6.436050415E0
3.318883924E2,3.142950058E0,8.607000351E0,-5.790000439E0
3.318908360E2,2.419950008E0,8.478000641E0,-3.178050041E0
3.318932795E2,1.888050079E0,8.245950699E0,-7.690500617E-1
3.318957232E2,1.558050036E0,7.855950356E0,3.409500122E-1
3.318981668E2,2.653950214E0,6.721050262E0,5.440500379E-1
3.319006103E2,5.346000195E0,6.262950420E0,-9.630000591E-1
3.319030539E2,6.313050270E0,6.736950397E0,-3.015000105E0
3.319054976E2,4.741950035E0,7.900950432E0,-3.817050219E0
3.319079410E2,4.072050095E0,9.043050766E0,-3.649050236E0
3.319103847E2,3.385050058E0,9.426000595E0,-3.028950214E0
3.319128283E2,2.472000122E0,9.682050705E0,-2.673000097E0
3.319152720E2,2.737950087E0,9.010050774E0,-2.830950022E0
3.319177155E2,3.649950266E0,7.743000507E0,-3.505950212E0
3.319201592E2,4.735050201E0,7.324050426E0,-4.650000095E0
3.319226028E2,4.539000034E0,6.816000462E0,-4.779000282E0
3.319250463E2,3.495000124E0,7.137000561E0,-3.846000195E0
3.319274899E2,2.851050138E0,7.827000141E0,-1.995000124E0
3.319299336E2,2.584950209E0,8.611950874E0,-7.399500608E-1
3.319323770E2,3.343950272E0,9.177000046E0,-5.389500260E-1
3.319348207E2,4.696950436E0,9.702000618E0,-2.044950008E0
3.319372643E2,4.996050358E0,9.982050896E0,-4.083000183E0
3.319397080E2,4.396950245E0,9.675000191E0,-5.470950127E0
3.319421515E2,3.093000174E0,8.902050018E0,-4.437000275E0
3.319445951E2,2.389050007E0,8.169000626E0,-1.738950133E0
3.319470386E2,1.905000091E0,7.317000389E0,1.212000012E0
3.319494823E2,2.482050180E0,6.565050125E0,1.402050018E0
3.319519259E2,3.679050207E0,6.766050339E0,-2.059500068E-1
3.319543696E2,4.855050087E0,7.117950439E0,-3.621000290E0
3.319568130E2,5.121000290E0,8.334000587E0,-5.773050308E0
3.319592567E2,3.655050278E0,9.655950546E0,-7.012950420E0
3.319617003E2,2.178000212E0,1.086300087E1,-5.107050419E0
3.319641438E2,1.642050028E0,1.093695068E1,-2.854050159E0
3.319665874E2,1.219950080E0,1.046505070E1,-2.590500116E-1
3.319690311E2,2.058000088E0,7.602000237E0,-1.150500029E-1
3.319714746E2,4.531949997E0,7.048950195E0,-1.023000002E0
3.319739182E2,6.933000565E0,4.816950321E0,-4.116000175E0
3.319763619E2,7.552950382E0,5.014050007E0,-4.999950409E0
3.319788056E2,6.556950092E0,6.565050125E0,-4.806000233E0
3.319812490E2,5.479950428E0,8.847000122E0,-3.967950106E0
3.319836926E2,4.018949986E0,1.006500053E1,-2.914050102E0
3.319861363E2,1.933950067E0,1.052805042E1,-3.268950224E0
3.319885798E2,1.953000069E0,1.003200054E1,-2.272950172E0
3.319910234E2,3.801000118E0,9.265950203E0,-4.116000175E0
3.319934669E2,5.049000263E0,9.546000481E0,-5.212950230E0
3.319959106E2,4.675050259E0,8.626950264E0,-5.835000515E0
3.319983542E2,3.664950132E0,9.273000717E0,-4.056000233E0
3.320007979E2,3.139950037E0,9.598950386E0,-2.059950113E0
3.320032413E2,2.998950243E0,1.009695053E1,-5.220000148E-1
3.320056850E2,2.992050171E0,9.931050301E0,-1.297950029E0
3.320081284E2,2.736000061E0,9.697050095E0,-1.849050045E0
3.320105721E2,3.112050056E0,8.053950310E0,-2.254050016E0
3.320130158E2,4.246950150E0,6.025950432E0,-2.661000013E0
3.320154594E2,4.278000355E0,6.109950066E0,-2.062050104E0
3.320179029E2,4.222949982E0,6.811950207E0,-1.177950025E0
3.320203466E2,4.825950146E0,7.582950592E0,-1.128000021E0
3.320227902E2,5.056050301E0,8.488050461E0,-2.821050167E0
3.320252337E2,3.856050253E0,8.938050270E0,-4.606950283E0
3.320276774E2,2.884050131E0,9.781050682E0,-5.458950043E0
3.320301210E2,2.764950037E0,9.745050430E0,-5.529000282E0
3.320325644E2,2.583000183E0,8.457000732E0,-5.136000156E0
3.320350081E2,2.278950214E0,7.314000130E0,-3.178050041E0
3.320374518E2,3.166950226E0,6.297000408E0,-2.076000214E0
3.320398954E2,5.061000347E0,5.775000095E0,-2.056950092E0
3.320423389E2,5.251950264E0,6.000000477E0,-2.686950207E0
3.320447825E2,5.130000114E0,6.922050476E0,-3.087000132E0
3.320472260E2,4.680000305E0,7.168050289E0,-3.934050083E0
3.320496697E2,3.331950188E0,7.714050293E0,-4.213950157E0
3.320521133E2,2.698050022E0,7.176000118E0,-3.226050138E0
3.320545570E2,3.823050261E0,7.309950352E0,-1.783950090E0
3.320570004E2,6.037950516E0,6.852000237E0,-3.642000198E0
3.320594441E2,6.604950428E0,7.786050320E0,-5.632050037E0
3.320618878E2,5.704950333E0,8.209950447E0,-7.176000118E0
3.320643312E2,4.596000195E0,8.686050415E0,-4.744050026E0
3.320667749E2,3.793950081E0,9.205950737E0,-4.756050110E0
3.320692185E2,2.911050081E0,9.453000069E0,-3.951000214E0
3.320716622E2,2.295000076E0,9.085950851E0,-2.412000179E0
3.320741056E2,1.780950069E0,7.426950455E0,-1.228950024E0
3.320765493E2,1.282950044E0,6.574950218E0,8.290500641E-1
3.320789930E2,1.222950101E0,5.646000385E0,2.464950085E0
3.320814365E2,1.939050078E0,5.100000381E0,8.250000477E-1
3.320838801E2,3.997950077E0,5.482950211E0,-1.990500093E-1
3.320863238E2,5.760000229E0,7.092000484E0,-3.264000177E0
3.320887673E2,6.483000278E0,8.305950165E0,-5.092950344E0
3.320912109E2,5.535000324E0,9.406949997E0,-6.214050293E0
3.320936546E2,3.796950102E0,1.036200047E1,-5.778000355E0
3.320960980E2,2.496000051E0,1.080795097E1,-4.746000290E0
3.320985416E2,2.206950188E0,1.006095028E1,-3.967950106E0
3.321009853E2,3.430050135E0,7.840950489E0,-4.866000175E0
3.321034288E2,4.522050381E0,6.723000526E0,-5.572050095E0
3.321058725E2,4.660950184E0,5.788950443E0,-5.503050327E0
3.321083161E2,4.893000126E0,6.346950531E0,-4.308000088E0
3.321107596E2,3.739050150E0,6.898050308E0,-3.630000114E0
3.321132032E2,1.924050093E0,7.321950436E0,-1.234050035E0
3.321156469E2,1.447950125E0,8.185950279E0,2.359500080E-1
3.321180903E2,1.528950095E0,9.703950882E0,1.800000109E-2
3.321205340E2,3.787050247E0,8.890050888E0,-2.749050140E0
3.321229776E2,5.194950104E0,9.184050560E0,-5.881050110E0
3.321254211E2,5.896050453E0,8.820000648E0,-7.396050453E0
3.321278648E2,5.022000313E0,8.526000023E0,-6.118050098E0
3.321303084E2,4.765950203E0,9.127050400E0,-3.703950167E0
3.321327521E2,4.942950249E0,8.476050377E0,-2.320950031E0
3.321351956E2,4.479000092E0,8.028000832E0,-9.990000725E-1
3.321376393E2,2.769000053E0,7.759950161E0,-2.160000056E-1
3.321400829E2,1.273050070E0,7.324050426E0,7.459500432E-1
3.321425263E2,5.119500160E-1,7.273950577E0,6.760500073E-1
3.321449700E2,9.760500193E-1,7.333950520E0,-6.250500083E-1
3.321474137E2,2.604000092E0,8.428050041E0,-3.060000181E0
3.321498571E2,4.780950069E0,8.968950272E0,-5.143050194E0
3.321523008E2,5.085000038E0,9.553050041E0,-6.277950287E0
3.321547444E2,3.157050133E0,1.041705036E1,-5.091000080E0
3.321571879E2,3.106950045E0,1.065195084E1,-3.610950232E0
3.321596316E2,3.576000214E0,9.900000572E0,-2.914050102E0
3.321620752E2,4.239000320E0,8.860950470E0,-3.304950237E0
3.321645186E2,4.933950424E0,7.294950485E0,-4.677000046E0
3.321669623E2,5.619000435E0,5.878050327E0,-5.802000046E0
3.321694059E2,6.102000237E0,5.524050236E0,-6.091950417E0
3.321718496E2,5.487000465E0,6.297000408E0,-5.673000336E0
3.321742931E2,2.599050045E0,7.798050404E0,-2.554950237E0
3.321767368E2,2.190000117E-1,7.966050148E0,1.906950116E0
3.321791804E2,8.010000587E-1,8.473050117E0,2.292000055E0
3.321816239E2,3.603000164E0,9.510000229E0,-1.159050107E0
3.321840675E2,5.065050125E0,9.475950241E0,-6.561000347E0
3.321865112E2,3.532950163E0,1.024695015E1,-8.887950897E0
3.321889549E2,2.949000120E0,9.916950226E0,-7.411050320E0
3.321913983E2,3.318000078E0,9.903000832E0,-4.075950146E0
3.321938419E2,3.910950184E0,9.237000465E0,-2.028000116E0
3.321962854E2,3.895050287E0,8.119050026E0,-6.130500436E-1
3.321987291E2,3.673950195E0,6.040950298E0,2.160000056E-1
3.322011727E2,3.202950239E0,4.614000320E0,1.402050018E0
3.322036164E2,3.592950106E0,4.507950306E0,8.890500665E-1
3.322060599E2,4.720950127E0,5.689050198E0,-1.638000131E0
3.322085035E2,4.963050365E0,7.312050343E0,-3.100950241E0
3.322109472E2,5.206950188E0,8.248050690E0,-5.068950176E0
3.322133906E2,4.354050159E0,9.562950134E0,-5.577000141E0
3.322158342E2,2.584950209E0,1.143705082E1,-5.175000191E0
3.322182779E2,1.512000084E0,1.122000027E1,-4.219050407E0
3.322207214E2,1.435950041E0,1.081695080E1,-3.036000252E0
3.322231650E2,3.037950039E0,8.988000870E0,-3.676050186E0
3.322256087E2,4.113000393E0,6.927000523E0,-5.277000427E0
3.322280524E2,4.869000435E0,5.524050236E0,-5.233950138E0
3.322304958E2,5.595000267E0,5.551950455E0,-4.705049992E0
3.322329395E2,4.807050228E0,6.414000511E0,-3.754950285E0
3.322353829E2,2.358000040E0,7.123050213E0,-6.160500050E-1
3.322378266E2,1.903050065E0,7.947000504E0,1.654950023E0
3.322402702E2,4.321050167E0,7.996950150E0,-2.850000262E-1
3.322427139E2,5.881950378E0,9.007050514E0,-4.357950211E0
3.322451574E2,4.953000069E0,9.436050415E0,-7.171050549E0
3.322476010E2,3.895050287E0,9.691950798E0,-7.822950363E0
3.322500447E2,3.175950050E0,9.742050171E0,-4.723950386E0
3.322524882E2,3.643050194E0,9.874050140E0,-1.633050084E0
3.322549318E2,4.048050404E0,9.157950401E0,-1.138050079E0
3.322573755E2,3.442050219E0,8.659950256E0,-1.473000050E0
3.322598189E2,3.193050146E0,6.838050365E0,-2.152950048E0
3.322622625E2,2.743050098E0,6.496050358E0,-2.068950176E0
3.322647062E2,2.122950077E0,7.152000427E0,-1.123050094E0
3.322671497E2,2.628000021E0,7.780950546E0,-1.276950002E0
3.322695934E2,4.648950100E0,7.858050346E0,-2.397000074E0
3.322720370E2,6.442050457E0,8.490000725E0,-4.048950195E0
3.322744805E2,5.812950134E0,9.034049988E0,-4.650000095E0
3.322769241E2,4.153050423E0,9.304050446E0,-4.746000290E0
3.322793678E2,3.139950037E0,9.639000893E0,-3.952950239E0
3.322818112E2,3.265050173E0,9.631950378E0,-2.530950069E0
3.322842549E2,4.114950180E0,8.595000267E0,-3.051000118E0
3.322866985E2,4.342050076E0,7.324050426E0,-3.592050076E0
3.322891422E2,4.227000237E0,7.113000393E0,-3.930000305E0
3.322915857E2,3.873000145E0,7.449000359E0,-4.132950306E0
3.322940294E2,1.974000096E0,7.978050232E0,-2.184000015E0
3.322964728E2,9.880500436E-1,7.759950161E0,1.009500027E-1
3.322989165E2,1.951050043E0,8.029950142E0,4.099500179E-1
3.323013601E2,4.491000175E0,8.464050293E0,-2.740050077E0
3.323038038E2,4.965000153E0,8.763000488E0,-5.881050110E0
3.323062472E2,4.318050385E0,9.318000793E0,-6.712050438E0
3.323086909E2,3.777000189E0,9.289950371E0,-5.473950386E0
3.323111346E2,3.279000044E0,8.835000038E0,-2.883000135E0
3.323135780E2,3.793950081E0,8.464050293E0,-1.119000077E0
3.323160217E2,4.972050190E0,7.549050331E0,-8.980500698E-1
3.323184653E2,5.511000156E0,6.916950226E0,-1.699950099E0
3.323209088E2,5.266950130E0,5.470950127E0,-2.983950138E0
3.323233525E2,3.892050266E0,5.883000374E0,-2.713050127E0
3.323257961E2,2.427000046E0,7.147050381E0,-1.327050090E0
3.323282398E2,1.788000107E0,7.956000328E0,-5.389500260E-1
3.323306832E2,2.857950211E0,8.337000847E0,-1.348050117E0
3.323331269E2,4.330049992E0,8.847000122E0,-3.918000221E0
3.323355705E2,4.821000099E0,8.868000031E0,-5.404050350E0
3.323380140E2,3.619050264E0,9.321000099E0,-5.989050388E0
3.323404577E2,2.475000143E0,9.406949997E0,-4.474950314E0
3.323429013E2,2.131950140E0,8.944950104E0,-2.305950165E0
3.323453448E2,3.174000263E0,7.944000244E0,-9.460500479E-1
3.323477885E2,4.299000263E0,7.273950577E0,-1.426950097E0
3.323502321E2,4.872000217E0,6.733050346E0,-2.803950071E0
3.323526756E2,5.299950123E0,6.819000244E0,-3.991950274E0
3.323551193E2,3.994950294E0,7.630050182E0,-3.871950150E0
3.323575629E2,1.984050035E0,8.356050491E0,-1.629000068E0
3.323600066E2,1.963050127E0,8.176050186E0,-4.150500298E-1
3.323624500E2,3.631050110E0,8.526000023E0,-1.240950108E0
3.323648936E2,5.104050159E0,9.184050560E0,-4.285950184E0
3.323673373E2,4.711050034E0,8.785050392E0,-6.478950500E0
3.323697808E2,3.781950235E0,9.454950333E0,-6.163050175E0
3.323722244E2,2.764950037E0,9.436050415E0,-3.733050108E0
3.323746681E2,2.271000147E0,8.964000702E0,-1.341000080E0
3.323771116E2,2.472000122E0,8.749050140E0,-3.280500174E-1
3.323795552E2,3.615000248E0,8.344050407E0,-7.810500264E-1
3.323819989E2,4.777950287E0,7.567950249E0,-3.052950144E0
3.323844423E2,4.306950092E0,7.506000519E0,-4.698000431E0
3.323868859E2,2.791050196E0,7.638000488E0,-3.429000139E0
3.323893296E2,1.564950109E0,7.852950573E0,-7.639500499E-1
3.323917733E2,1.576950073E0,8.305950165E0,9.130500555E-1
3.323942168E2,4.081050396E0,7.978050232E0,-5.610000491E-1
3.323966604E2,7.311000347E0,7.779000282E0,-4.108950138E0
3.323991041E2,7.165050507E0,7.647000313E0,-6.124950409E0
3.324015476E2,4.876049995E0,8.551950455E0,-6.417000294E0
3.324039912E2,3.298950195E0,9.352050781E0,-5.281950474E0
3.324064349E2,2.082000017E0,9.358950615E0,-2.617050171E0
3.324088783E2,1.359000087E0,9.256050110E0,-3.790500164E-1
3.324113220E2,1.623000026E0,8.605050087E0,-1.150500029E-1
3.324137656E2,3.418050051E0,7.812000275E0,-2.083950043E0
3.324162093E2,3.817950249E0,7.951050282E0,-3.895950079E0
3.324186528E2,2.965950251E0,8.377950668E0,-3.883950233E0
3.324210964E2,2.167950153E0,8.830050468E0,-2.440050125E0
3.324235399E2,1.488000035E0,9.115050316E0,-4.909500182E-1
3.324259836E2,1.953000069E0,8.928000450E0,3.480000198E-1
3.324284272E2,3.337050200E0,8.245950699E0,-6.829500198E-1
3.324308709E2,5.548950195E0,7.627950191E0,-3.453000069E0
3.324333143E2,6.499950409E0,7.305000305E0,-6.199050426E0
3.324357580E2,5.760000229E0,7.483950138E0,-7.143000126E0
3.324382017E2,4.524000168E0,8.368050575E0,-5.493000031E0
3.324406451E2,3.580950260E0,9.016950607E0,-2.932950258E0
3.324430887E2,3.181050062E0,9.121950150E0,-1.393950105E0
3.324455324E2,2.737950087E0,9.169950485E0,-1.159050107E0
3.324479759E2,2.815050125E0,8.518950462E0,-2.088000059E0
3.324504196E2,2.724000216E0,7.803000450E0,-3.304950237E0
3.324528632E2,1.873950124E0,7.293000221E0,-2.874000072E0
3.324553067E2,1.702050090E0,7.045950413E0,-1.180950046E0
3.324577504E2,2.728950024E0,6.919050217E0,3.405000269E-2
3.324601940E2,4.399950027E0,7.125000477E0,-6.880500317E-1
3.324626374E2,5.829000473E0,7.486950397E0,-3.202050209E0
3.324650811E2,5.653950214E0,7.780950546E0,-5.719950199E0
3.324675247E2,4.588950157E0,8.554950714E0,-6.772050381E0
3.324699684E2,4.275000095E0,8.914050102E0,-5.785050392E0
3.324724119E2,3.592950106E0,8.457000732E0,-3.760050297E0
3.324748555E2,3.199950218E0,8.164050102E0,-1.726950049E0
3.324772992E2,4.171950340E0,7.252050400E0,-1.135050058E0
3.324797427E2,5.347950459E0,6.855000496E0,-2.433000088E0
3.324821863E2,4.089000225E0,7.615950584E0,-3.622950077E0
3.324846299E2,3.220050097E0,8.530950546E0,-3.424050093E0
3.324870734E2,2.767050028E0,9.013950348E0,-3.321000099E0
3.324895171E2,1.357050061E0,9.816000938E0,-1.978050113E0
3.324919607E2,5.070000291E-1,9.558000565E0,-1.276950002E0
3.324944042E2,1.843050122E0,8.995050430E0,-8.029500246E-1
3.324968479E2,4.587000370E0,8.245950699E0,-2.449950218E0
3.324992915E2,6.567000389E0,7.449000359E0,-4.444050312E0
3.325017349E2,6.402000427E0,7.125000477E0,-5.983950138E0
3.325041786E2,4.809000015E0,7.968000412E0,-4.855950356E0
3.325066223E2,3.696000099E0,8.818050385E0,-2.068950176E0
3.325090657E2,3.538050175E0,8.986050606E0,-2.850000262E-1
3.325115094E2,3.469050169E0,8.911050797E0,-2.830500007E-1
3.325139530E2,2.812050104E0,9.061950684E0,-1.375050068E0
3.325163967E2,2.785950184E0,8.356050491E0,-2.632050037E0
3.325188402E2,3.034950256E0,7.872000217E0,-3.171000242E0
3.325212839E2,2.713950157E0,7.872000217E0,-2.620050192E0
3.325237275E2,2.371950150E0,7.996950150E0,-1.106999993E0
3.325261709E2,2.568000078E0,8.381999969E0,-7.090500593E-1
3.325286146E2,3.660000086E0,8.239050865E0,-1.885050058E0
3.325310583E2,4.429050446E0,8.842050552E0,-3.481950283E0
3.325335020E2,4.528950214E0,8.896950722E0,-5.196000099E0
3.325359454E2,4.736999989E0,8.875950813E0,-6.154050350E0
3.325383891E2,4.699050426E0,8.694000244E0,-5.758950233E0
3.325408325E2,4.062000275E0,8.185950279E0,-4.411050320E0
3.325432762E2,3.519000053E0,7.518000126E0,-2.584050179E0
3.325457199E2,3.685950279E0,7.177950382E0,-7.930500507E-1
3.325481635E2,4.693950176E0,6.856950283E0,-7.069500089E-1
3.325506069E2,5.104050159E0,6.888000488E0,-2.461950064E0
3.325530506E2,4.062000275E0,8.191050529E0,-3.417000055E0
3.325554943E2,3.511950254E0,8.478000641E0,-3.721050262E0
3.325579377E2,2.476950169E0,9.352050781E0,-3.253950119E0
3.325603814E2,2.121000051E0,8.887950897E0,-1.758000135E0
3.325628250E2,2.809950113E0,8.707950592E0,-1.288950086E0
3.325652685E2,4.273050308E0,7.920000553E0,-2.040000200E0
3.325677122E2,4.933950424E0,7.846050262E0,-4.497000217E0
3.325701558E2,4.975050449E0,7.975050449E0,-4.936950207E0
3.325725995E2,4.717950344E0,8.077950478E0,-5.332950115E0
3.325750430E2,3.823050261E0,9.388050079E0,-3.075000048E0
3.325774866E2,3.129000187E0,9.730050087E0,-2.209950209E0
3.325799303E2,2.392950058E0,1.009905052E1,-6.760500073E-1
3.325823737E2,2.317050219E0,9.951000214E0,-1.255050063E0
3.325848174E2,2.808000088E0,9.589050293E0,-1.717050076E0
3.325872610E2,3.945000172E0,8.265000343E0,-3.075000048E0
3.325897045E2,3.877950191E0,8.148000717E0,-3.027000189E0
3.325921482E2,2.899050236E0,7.633050442E0,-1.936950088E0
3.325945918E2,2.353049994E0,8.064000130E0,-4.789500237E-1
3.325970353E2,3.021000147E0,8.160000801E0,-1.080000043E0
3.325994790E2,3.612000227E0,8.437050819E0,-2.625000238E0
3.326019226E2,4.156050205E0,9.153000832E0,-4.557000160E0
3.326043663E2,4.195950031E0,9.100950241E0,-5.725050449E0
3.326068097E2,4.122000217E0,9.381000519E0,-6.010050297E0
3.326092533E2,3.588000059E0,8.956950188E0,-4.978050232E0
3.326116970E2,2.890950203E0,8.743950844E0,-3.043950081E0
3.326141405E2,2.707050085E0,8.128950119E0,-1.309950113E0
3.326165842E2,3.670050144E0,7.366950512E0,-6.640500426E-1
3.326190278E2,4.873950005E0,7.044000149E0,-1.497000098E0
3.326214713E2,4.885950089E0,7.324050426E0,-2.446950197E0
3.326239149E2,4.261050224E0,7.759950161E0,-3.325950146E0
3.326263586E2,3.957000256E0,8.365950584E0,-3.405000210E0
3.326288020E2,2.827050209E0,8.734050751E0,-2.728050232E0
3.326312457E2,2.592000008E0,8.674050331E0,-1.678950071E0
3.326336893E2,3.358050108E0,8.583000183E0,-1.779000044E0
3.326361328E2,4.993950367E0,8.710050583E0,-3.505950212E0
3.326385765E2,5.179950237E0,8.509050369E0,-5.305950165E0
3.326410201E2,3.733950138E0,9.084000587E0,-5.220000267E0
3.326434638E2,2.683050156E0,9.376049995E0,-3.345000267E0
3.326459072E2,2.491950035E0,1.018500042E1,-1.291050076E0
3.326483509E2,3.234000206E0,1.042200089E1,-1.312950015E0
3.326507945E2,3.361050129E0,1.006095028E1,-2.191050053E0
3.326532380E2,3.319950104E0,9.745050430E0,-2.968950033E0
3.326556816E2,3.412950277E0,9.088950157E0,-3.175050259E0
3.326581253E2,3.516000271E0,8.746050835E0,-3.148950100E0
3.326605688E2,3.160050154E0,8.131050110E0,-1.981050134E0
3.326630124E2,2.346000195E0,8.014050484E0,-1.560000032E-1
3.326654561E2,2.464950085E0,7.780950546E0,8.509500623E-1
3.326678998E2,4.045950413E0,7.269000530E0,-3.619500101E-1
3.326703433E2,5.274000168E0,7.738050461E0,-2.725050211E0
3.326727869E2,4.977000237E0,8.203050613E0,-4.878000259E0
3.326752306E2,4.273050308E0,9.309000015E0,-5.566950321E0
3.326776741E2,3.592950106E0,9.361950874E0,-5.305950165E0
3.326801177E2,2.668950081E0,9.637050629E0,-3.355050087E0
3.326825614E2,1.900050044E0,9.085950851E0,-1.867950082E0
3.326850048E2,1.788000107E0,8.571000099E0,-9.700500369E-1
3.326874484E2,3.105000257E0,7.678050518E0,-1.332000017E0
3.326898921E2,4.642050266E0,6.936000347E0,-2.931000233E0
3.326923356E2,4.684950352E0,6.760950089E0,-4.032000065E0
3.326947793E2,4.255949974E0,7.828950405E0,-3.403050184E0
3.326972229E2,4.074000359E0,7.948950291E0,-2.553000212E0
3.326996666E2,3.094950199E0,8.430000305E0,-1.702950120E0
3.327021101E2,2.362050056E0,8.290950775E0,-8.740500212E-1
3.327045537E2,3.307950258E0,7.827000141E0,-1.333950043E0
3.327069974E2,5.245050430E0,7.705050468E0,-3.565950155E0
3.327094408E2,5.250000477E0,7.501050472E0,-5.257950306E0
3.327118845E2,3.981000185E0,8.076000214E0,-5.175000191E0
3.327143282E2,2.937000036E0,8.815950394E0,-3.216000080E0
3.327167716E2,2.527950048E0,9.736950874E0,-9.169500470E-1
3.327192152E2,2.812050104E0,1.035795021E1,-6.570000052E-1
3.327216589E2,3.082950115E0,1.021605015E1,-2.179050207E0
3.327241024E2,2.632950068E0,1.036695004E1,-3.736050129E0
3.327265460E2,2.784000158E0,9.448050499E0,-4.246050358E0
3.327289897E2,3.034950256E0,8.824950218E0,-4.035000324E0
3.327314334E2,2.596950054E0,8.479949951E0,-2.740050077E0
3.327338768E2,2.002950191E0,8.049000740E0,-7.590000629E-1
3.327363204E2,2.038950205E0,7.786050320E0,4.060500264E-1
3.327387641E2,3.199950218E0,7.462950230E0,-2.419500053E-1
3.327412076E2,4.747050285E0,7.551000595E0,-2.200950146E0
3.327436512E2,4.824000359E0,8.224050522E0,-3.886050224E0
3.327460949E2,4.246950150E0,8.986050606E0,-4.684050083E0
3.327485384E2,3.487950087E0,9.462000847E0,-4.909050465E0
3.327509820E2,2.652000189E0,9.472050667E0,-3.517950058E0
3.327534257E2,1.969950080E0,9.040950775E0,-2.127000093E0
3.327558691E2,1.837950110E0,8.221950531E0,-1.267050028E0
3.327583128E2,2.508000135E0,7.690050602E0,-1.353000045E0
3.327607564E2,4.227000237E0,7.018050194E0,-2.257950068E0
3.327632001E2,4.729950428E0,7.048950195E0,-3.300000191E0
3.327656436E2,3.873000145E0,8.124000549E0,-3.597000122E0
3.327680872E2,3.439950228E0,9.073950768E0,-3.144000053E0
3.327705309E2,2.628000021E0,9.601050377E0,-2.731950045E0
3.327729744E2,1.873950124E0,9.438000679E0,-2.419050217E0
3.327754180E2,2.113049984E0,9.019050598E0,-2.134050131E0
3.327778617E2,3.612000227E0,8.277000427E0,-3.292950153E0
3.327803051E2,5.182950020E0,7.804950237E0,-4.308000088E0
3.327827487E2,5.218950272E0,8.011050224E0,-4.741050243E0
3.327851924E2,4.171950340E0,8.491950035E0,-4.120950222E0
3.327876359E2,3.495000124E0,9.262950897E0,-2.634000063E0
3.327900795E2,2.644950151E0,9.726000786E0,-1.444050074E0
3.327925232E2,2.041949987E0,9.745050430E0,-1.128000021E0
3.327949666E2,1.903050065E0,9.473999977E0,-1.404000044E0
3.327974103E2,2.857950211E0,8.752950668E0,-1.842000127E0
3.327998539E2,4.017000198E0,7.824000359E0,-3.082050085E0
3.328022976E2,3.676950216E0,7.291050434E0,-3.606000185E0
3.328047411E2,2.584950209E0,7.354950428E0,-2.649000168E0
3.328071847E2,1.764000058E0,7.887000561E0,-5.269500017E-1
3.328096284E2,2.109000206E0,8.083050728E0,-2.400000021E-2
3.328120719E2,3.028050184E0,8.039999962E0,-1.630950093E0
3.328145155E2,3.624000072E0,8.104949951E0,-3.898050070E0
3.328169592E2,3.784950256E0,8.032950401E0,-5.304000378E0
3.328194029E2,3.715050220E0,7.981950283E0,-5.383050442E0
3.328218463E2,3.235950232E0,8.026050568E0,-4.090050220E0
3.328242899E2,2.676000118E0,7.911000252E0,-1.951950073E0
3.328267336E2,2.221050024E0,7.633050442E0,-5.659500360E-1
3.328291771E2,3.021000147E0,7.087050438E0,-4.050000310E-1
3.328316207E2,4.323000431E0,6.874050140E0,-1.819950104E0
3.328340644E2,4.539000034E0,7.092000484E0,-3.391050100E0
3.328365079E2,3.478050232E0,7.804950237E0,-3.775950193E0
3.328389515E2,3.385050058E0,8.350950241E0,-3.337950230E0
3.328413952E2,2.884050131E0,8.593050003E0,-2.871000051E0
3.328438386E2,2.128050089E0,8.559000015E0,-2.019000053E0
3.328462822E2,2.334000111E0,8.112000465E0,-1.380000114E0
3.328487259E2,4.126950264E0,7.630050182E0,-2.455050230E0
3.328511694E2,4.600950241E0,7.456050396E0,-4.228950024E0
3.328536130E2,4.110000134E0,7.795950413E0,-5.221950054E0
3.328560567E2,3.847050190E0,8.136000633E0,-4.621050358E0
3.328585003E2,3.811050177E0,8.943000793E0,-2.980950117E0
3.328609438E2,3.295950174E0,9.373950005E0,-1.830000043E0
3.328633874E2,2.833950043E0,9.473999977E0,-1.897050142E0
3.328658311E2,2.809950113E0,9.310950279E0,-2.167050123E0
3.328682746E2,2.994000196E0,8.667000771E0,-2.380050182E0
3.328707182E2,3.231000185E0,7.876950264E0,-2.341950178E0
3.328731619E2,2.899050236E0,7.153950214E0,-2.044950008E0
3.328756053E2,2.130000114E0,7.012950420E0,-7.090500593E-1
3.328780490E2,2.143949986E0,6.973950386E0,2.239500135E-1
3.328804926E2,3.382050276E0,7.362000465E0,-5.940000415E-1
3.328829363E2,4.981950283E0,7.959000587E0,-3.070050240E0
3.328853798E2,4.660950184E0,8.682000160E0,-4.891950130E0
3.328878234E2,3.552000284E0,9.505050659E0,-5.179050446E0
3.328902671E2,2.695050240E0,1.014705086E1,-4.677000046E0
3.328927106E2,2.200050116E0,9.757050514E0,-3.289950132E0
3.328951542E2,1.986000061E0,9.156000137E0,-2.103000164E0
3.328975979E2,2.512950182E0,8.326950073E0,-1.843950033E0
3.329000413E2,3.876000166E0,7.555950165E0,-2.674950123E0
3.329024849E2,4.735050201E0,7.003050327E0,-4.120950222E0
3.329049286E2,4.014000416E0,7.519950390E0,-4.164000034E0
3.329073721E2,3.442050219E0,8.667000771E0,-2.743950129E0
3.329098157E2,3.295950174E0,8.899050713E0,-1.842000127E0
3.329122594E2,2.278950214E0,9.232050896E0,-1.614000082E0
3.329147029E2,2.143949986E0,8.728950500E0,-1.260000110E0
3.329171465E2,3.727050066E0,8.026050568E0,-1.722000122E0
3.329195902E2,5.884050369E0,7.690050602E0,-3.778950214E0
3.329220339E2,5.535000324E0,7.875000477E0,-5.608050346E0
3.329244773E2,4.129050255E0,8.502000809E0,-5.376000404E0
3.329269209E2,3.636000156E0,9.060000420E0,-3.043950081E0
3.329293646E2,3.796950102E0,9.903000832E0,-1.426950097E0
3.329318081E2,3.550050259E0,1.053000069E1,-1.570950031E0
3.329342517E2,2.853000164E0,1.063800049E1,-2.959950209E0
3.329366954E2,2.122950077E0,1.044600010E1,-3.870000124E0
3.329391389E2,2.131950140E0,9.595950127E0,-3.649050236E0
3.329415825E2,2.251950026E0,8.713050842E0,-2.799000025E0
3.329440262E2,2.062950134E0,8.155050278E0,-1.666950107E0
3.329464699E2,1.833000064E0,8.049000740E0,7.950000465E-3
3.329489133E2,2.626050234E0,8.085000038E0,2.710500062E-1
3.329513569E2,4.663050175E0,8.044950485E0,-1.468050122E0
3.329538006E2,5.710050106E0,8.289000511E0,-3.442950249E0
3.329562441E2,4.819050312E0,9.181950569E0,-4.645050049E0
3.329586877E2,3.871050119E0,1.020705032E1,-4.854000092E0
3.329611314E2,3.082950115E0,1.009905052E1,-3.985050201E0
3.329635749E2,2.568000078E0,9.454950333E0,-2.586000204E0
3.329660185E2,2.458050013E0,8.655000687E0,-1.617000103E0
3.329684622E2,3.562050104E0,7.614000320E0,-1.546950102E0
3.329709056E2,5.104050159E0,7.168050289E0,-2.898000240E0
3.329733492E2,4.761000156E0,7.060950279E0,-4.179000378E0
3.329757930E2,4.012050152E0,8.131050110E0,-3.975000143E0
3.329782364E2,3.274950266E0,8.677050591E0,-3.226050138E0
3.329806800E2,1.965000153E0,9.025950432E0,-1.999950051E0
3.329831237E2,1.648950100E0,8.679000854E0,-9.319500327E-1
3.329855674E2,2.554050207E0,8.509050369E0,-8.500500321E-1
3.329880109E2,4.627050400E0,7.924950600E0,-2.826000214E0
3.329904545E2,5.394000053E0,7.470000267E0,-4.960950375E0
3.329928982E2,5.188050270E0,7.630050182E0,-5.421000481E0
3.329953417E2,4.726050377E0,8.430000305E0,-3.834000111E0
3.329977853E2,4.183950424E0,9.172050476E0,-1.975950122E0
3.330002290E2,3.921000242E0,9.349950790E0,-1.162050009E0
3.330026724E2,3.492000103E0,9.594000816E0,-1.192950010E0
3.330051160E2,3.052050114E0,9.490950584E0,-1.987950087E0
3.330075597E2,3.306000233E0,8.859000206E0,-2.799000025E0
3.330100034E2,3.303000212E0,8.410950661E0,-3.241950035E0
3.330124469E2,2.539950132E0,8.148000717E0,-2.095050097E0
3.330148905E2,1.929000139E0,8.239050865E0,-5.080500245E-1
3.330173342E2,2.341050148E0,8.758049965E0,1.489500105E-1
3.330197777E2,3.643050194E0,9.156000137E0,-1.216950059E0
3.330222213E2,4.564949989E0,9.153000832E0,-2.959950209E0
3.330246650E2,4.407000065E0,9.742050171E0,-4.669050217E0
3.330271084E2,3.313050270E0,1.040295029E1,-5.325000286E0
3.330295521E2,2.989950180E0,1.006095028E1,-4.669050217E0
3.330319958E2,2.881950140E0,9.577050209E0,-3.241950035E0
3.330344392E2,2.989950180E0,9.093000412E0,-1.534950018E0
3.330368829E2,4.153050423E0,8.188050270E0,-9.649500251E-1
3.330393265E2,5.566050053E0,7.366950512E0,-1.770000100E0
3.330417700E2,5.140050411E0,7.468050480E0,-2.835000038E0
3.330442137E2,3.736950159E0,8.464050293E0,-2.586000204E0
3.330466573E2,4.006950378E0,8.643000603E0,-2.220000029E0
3.330491010E2,3.117000103E0,8.983050346E0,-2.170050144E0
3.330515444E2,2.733000040E0,8.775000572E0,-1.837050080E0
3.330539881E2,3.579000235E0,8.527950287E0,-2.095050097E0
3.330564318E2,4.660950184E0,8.682000160E0,-2.874000072E0
3.330588752E2,4.840050220E0,8.296050072E0,-4.150050163E0
3.330613188E2,3.841950178E0,8.758049965E0,-4.168950081E0
3.330637625E2,3.745950222E0,8.971050262E0,-2.557950020E0
3.330662060E2,4.411950111E0,9.429000854E0,-1.882050037E0
3.330686496E2,4.323000431E0,1.008000088E1,-2.457000017E0
3.330710933E2,3.361050129E0,9.868950844E0,-3.745050192E0
3.330735370E2,2.982000113E0,9.703950882E0,-3.678000212E0
3.330759804E2,2.890950203E0,9.273000717E0,-2.632050037E0
3.330784241E2,2.641950130E0,8.409000397E0,-1.576050043E0
3.330808678E2,2.274000168E0,7.609050274E0,-6.060000062E-1
3.330833112E2,1.996050119E0,6.939000130E0,3.580500185E-1
3.330857548E2,2.583000183E0,7.105950356E0,3.430500031E-1
3.330881985E2,4.354050159E0,7.228050232E0,-1.426950097E0
3.330906420E2,5.455950260E0,7.867950439E0,-3.292950153E0
3.330930857E2,4.756950378E0,8.787000656E0,-4.261950016E0
3.330955293E2,3.526050091E0,9.541050911E0,-4.072950363E0
3.330979730E2,3.114000082E0,9.357000351E0,-3.241950035E0
3.331004164E2,2.953950167E0,8.421000481E0,-2.911950111E0
3.331028601E2,3.367950201E0,7.768950462E0,-2.554950237E0
3.331053035E2,4.351950169E0,7.338000298E0,-2.509950161E0
3.331077472E2,5.683050156E0,6.730050087E0,-3.391050100E0
3.331101908E2,5.014950275E0,6.790050507E0,-3.714000225E0
3.331126345E2,3.262950182E0,8.310000420E0,-2.503050089E0
3.331150780E2,2.641950130E0,8.770050049E0,-1.246050000E0
3.331175216E2,1.957950115E0,8.887950897E0,-1.020000100E0
3.331199653E2,1.809000134E0,8.533050537E0,-1.276950002E0
3.331224087E2,2.761950016E0,8.125950813E0,-1.612050056E0
3.331248524E2,4.563000202E0,7.762050152E0,-3.379050255E0
3.331272960E2,4.873950005E0,7.864950180E0,-4.389000416E0
3.331297395E2,4.207950115E0,8.473050117E0,-4.320000172E0
3.331321832E2,4.105050087E0,8.986050606E0,-3.397950172E0
3.331346268E2,3.550050259E0,9.715950012E0,-2.194050074E0
3.331370705E2,3.193050146E0,9.453000069E0,-1.356000066E0
3.331395140E2,3.210000038E0,9.213000298E0,-1.072950006E0
3.331419576E2,3.166950226E0,8.671950340E0,-1.377000093E0
3.331444013E2,3.765000105E0,8.265000343E0,-2.245950222E0
3.331468448E2,4.138950348E0,7.678050518E0,-2.803950071E0
3.331492884E2,3.448950052E0,7.720950603E0,-2.335050106E0
3.331517321E2,2.484000206E0,8.185950279E0,-9.130500555E-1
3.331541755E2,2.152050018E0,8.847000122E0,-7.500000298E-2
3.331566192E2,2.997000217E0,8.749050140E0,-1.080000043E0
3.331590628E2,3.976050138E0,8.782050133E0,-2.505000114E0
3.331615063E2,4.192049980E0,9.201000214E0,-4.486950397E0
3.331639500E2,3.871050119E0,9.702000618E0,-4.735949993E0
3.331663936E2,3.670050144E0,9.172050476E0,-4.711950302E0
3.331688373E2,2.923050165E0,9.046050072E0,-3.285000086E0
3.331712808E2,2.290950060E0,8.314949989E0,-1.164000034E0
3.331737244E2,2.500950098E0,8.053950310E0,-2.040000111E-1
3.331761681E2,4.432950020E0,7.173000336E0,-5.010000467E-1
3.331786115E2,5.511000156E0,7.108950138E0,-2.758950233E0
3.331810552E2,4.361999989E0,7.465050220E0,-3.166050196E0
3.331834988E2,4.014000416E0,7.966050148E0,-3.763950109E0
3.331859423E2,3.205050230E0,8.421000481E0,-3.076950073E0
3.331883860E2,2.674050093E0,8.442000389E0,-2.368050098E0
3.331908296E2,3.034950256E0,8.107049942E0,-8.170500398E-1
3.331932730E2,4.254000187E0,7.906050205E0,-1.996950150E0
3.331957167E2,5.022000313E0,7.888950348E0,-2.701050043E0
3.331981604E2,4.182000160E0,7.510950565E0,-4.180950165E0
3.332006038E2,3.685950279E0,8.064000130E0,-3.265950203E0
3.332030475E2,4.065000057E0,8.779950142E0,-1.878000140E0
3.332054911E2,4.606050014E0,9.031050682E0,-1.552050114E0
3.332079348E2,4.393050194E0,9.022050858E0,-3.084000111E0
3.332103783E2,3.378000259E0,9.867000580E0,-3.834000111E0
3.332128220E2,2.721000195E0,9.121950150E0,-3.352050066E0
3.332152656E2,2.890950203E0,8.944950104E0,-2.850000143E0
3.332177091E2,2.764950037E0,8.482950211E0,-1.605000019E0
3.332201528E2,1.917000055E0,7.659000397E0,-8.479500413E-1
3.332225964E2,1.528950095E0,7.590000153E0,4.510500133E-1
3.332250401E2,2.560950041E0,7.209000111E0,7.995000482E-2
3.332274835E2,4.552950382E0,7.188000202E0,-2.100000143E0
3.332299272E2,5.080050468E0,7.984950542E0,-3.775950193E0
3.332323706E2,4.394999981E0,8.827950478E0,-4.365000248E0
3.332348143E2,3.411000252E0,9.079050064E0,-4.222050190E0
3.332372580E2,2.815050125E0,8.800950050E0,-3.001050234E0
3.332397016E2,2.671050072E0,8.373000145E0,-1.959000111E0
3.332421451E2,3.076050043E0,7.386000156E0,-1.024950027E0
3.332445888E2,4.438050270E0,6.948000431E0,-1.447050095E0
3.332470324E2,6.229050159E0,6.364050388E0,-3.333000183E0
3.332494758E2,5.191950321E0,6.748950481E0,-4.578000069E0
3.332519195E2,3.736950159E0,8.173950195E0,-4.035000324E0
3.332543632E2,2.998950243E0,8.854050636E0,-3.007950068E0
3.332568066E2,1.678050041E0,9.213000298E0,-1.435050011E0
3.332592503E2,1.311000109E0,8.381999969E0,-7.399500608E-1
3.332616939E2,2.155950069E0,8.227050781E0,-1.012950063E0
3.332641376E2,4.519950390E0,7.468050480E0,-3.312000275E0
3.332665811E2,5.358000278E0,7.486950397E0,-5.436000347E0
3.332690248E2,4.399950027E0,8.457000732E0,-5.401950359E0
3.332714682E2,3.895050287E0,8.763000488E0,-4.375050068E0
3.332739119E2,3.154950142E0,1.000800037E1,-2.014050007E0
3.332763556E2,2.728950024E0,9.888000488E0,-6.709500551E-1
3.332787992E2,3.066000223E0,9.301950455E0,-7.740000486E-1
3.332812426E2,3.358050108E0,9.049950600E0,-1.401000023E0
3.332836863E2,4.012050152E0,8.002050400E0,-2.662950039E0
3.332861300E2,4.207950115E0,7.210950375E0,-3.633000135E0
3.332885734E2,3.210000038E0,7.060950279E0,-2.740050077E0
3.332910171E2,2.317050219E0,7.992000580E0,-1.102050066E0
3.332934607E2,2.113049984E0,8.694000244E0,-1.900500059E-1
3.332959044E2,3.178950071E0,9.148050308E0,-1.408050060E0
3.332983479E2,4.060050011E0,9.397050858E0,-3.367050171E0
3.333007916E2,3.823050261E0,9.637050629E0,-4.945050240E0
3.333032352E2,3.598050117E0,9.943050385E0,-5.245950222E0
3.333056787E2,3.421050072E0,9.709050179E0,-5.167050362E0
3.333081223E2,3.016050100E0,8.907000542E0,-3.951000214E0
3.333105660E2,2.379000187E0,8.365950584E0,-1.957050085E0
3.333130094E2,2.932050228E0,7.501050472E0,-9.150000215E-1
3.333154531E2,4.527000427E0,6.934050560E0,-1.186050057E0
3.333178967E2,4.953000069E0,7.201950550E0,-2.754000187E0
3.333203402E2,3.837000132E0,7.858050346E0,-3.300000191E0
3.333227839E2,3.937950134E0,8.164050102E0,-3.397950172E0
3.333252276E2,3.373050213E0,8.779950142E0,-3.072000027E0
3.333276710E2,2.365050077E0,8.689050674E0,-2.257950068E0
3.333301147E2,2.956050158E0,8.566950798E0,-1.201950073E0
3.333325583E2,4.740000248E0,8.179050446E0,-2.220000029E0
3.333350020E2,4.764000416E0,7.956000328E0,-3.706950188E0
3.333374454E2,3.945000172E0,8.014050484E0,-4.993050098E0
3.333398891E2,4.050000191E0,8.157000542E0,-4.018050194E0
3.333423327E2,4.551000118E0,8.764950752E0,-2.388000011E0
3.333447762E2,4.108050346E0,9.337950706E0,-1.827000141E0
3.333472199E2,3.412950277E0,9.223050117E0,-2.026050091E0
3.333496635E2,2.674050093E0,9.646050453E0,-2.506950140E0
3.333521072E2,2.403000116E0,9.490950584E0,-2.632050037E0
3.333545507E2,2.665950060E0,9.000000000E0,-3.079950094E0
3.333569944E2,2.524950027E0,8.362950325E0,-3.058050156E0
3.333594380E2,1.708950043E0,8.080950737E0,-1.225950003E0
3.333618814E2,1.618050098E0,8.029950142E0,5.710500479E-1
3.333643251E2,3.070950031E0,7.501050472E0,-1.420500129E-1
3.333667687E2,4.855050087E0,7.875000477E0,-2.119050026E0
3.333692122E2,5.014950275E0,8.370000839E0,-3.949050188E0
3.333716559E2,4.052999973E0,9.037950516E0,-4.741050243E0
3.333740995E2,3.708000183E0,9.321000099E0,-4.918050289E0
3.333765430E2,3.411000252E0,9.189000130E0,-4.126049995E0
3.333789867E2,2.970000029E0,8.785050392E0,-2.529000044E0
3.333814303E2,3.070950031E0,8.044950485E0,-1.351050019E0
3.333838740E2,4.170000076E0,7.231050491E0,-9.289500713E-1
3.333863174E2,5.125050068E0,6.735000134E0,-1.879950047E0
3.333887610E2,4.645950317E0,7.057950497E0,-2.835000038E0
3.333912047E2,4.066950321E0,8.275050163E0,-2.962050200E0
3.333936482E2,3.460950136E0,8.617050171E0,-3.123000145E0
3.333960919E2,2.287950039E0,8.836950302E0,-2.740050077E0
3.333985355E2,1.861950040E0,8.880000114E0,-1.135050058E0
3.334009790E2,3.013950109E0,8.373000145E0,-1.281000018E0
3.334034227E2,5.227950096E0,8.131050110E0,-2.847000122E0
3.334058663E2,5.020050049E0,7.650000572E0,-5.244000435E0
3.334083097E2,3.744000196E0,8.152050018E0,-5.725050449E0
3.334107534E2,4.018949986E0,8.611950874E0,-3.609000206E0
3.334131971E2,4.014000416E0,9.304050446E0,-1.636050105E0
3.334156407E2,3.990000248E0,9.526950836E0,-6.210000515E-1
3.334180842E2,3.459000111E0,9.888000488E0,-1.123050094E0
3.334205279E2,3.267000198E0,9.256050110E0,-2.215050220E0
3.334229715E2,3.639000177E0,9.000000000E0,-3.340950251E0
3.334254150E2,3.777000189E0,8.296050072E0,-3.879000187E0
3.334278587E2,2.803050041E0,8.029950142E0,-2.707950115E0
3.334303023E2,1.720950127E0,7.789050579E0,-7.500000298E-2
3.334327458E2,1.696950078E0,7.528050423E0,1.035000086E0
3.334351895E2,3.604950190E0,7.549050331E0,-3.670500219E-1
3.334376331E2,5.254950047E0,8.230950356E0,-2.557950020E0
3.334400768E2,4.917000294E0,8.657999992E0,-4.260000229E0
3.334425202E2,4.101000309E0,9.442950249E0,-4.885050297E0
3.334449639E2,3.435000181E0,9.694050789E0,-4.423050404E0
3.334474076E2,2.692950010E0,9.465000153E0,-3.355050087E0
3.334498510E2,2.347950220E0,9.163050652E0,-2.091000080E0
3.334522947E2,2.805000067E0,8.356050491E0,-1.344000101E0
3.334547383E2,4.684950352E0,7.195050240E0,-2.140950203E0
3.334571818E2,5.371950150E0,6.778050423E0,-3.574950218E0
3.334596255E2,3.952050209E0,7.534950256E0,-3.453000069E0
3.334620691E2,4.144050121E0,8.131050110E0,-2.847000122E0
3.334645128E2,3.366000175E0,8.629050255E0,-2.098050117E0
3.334669562E2,2.290950060E0,8.703000069E0,-1.497000098E0
3.334693998E2,2.623050213E0,8.646000862E0,-1.216950059E0
3.334718435E2,3.955050230E0,8.418000221E0,-1.960950136E0
3.334742870E2,5.178000450E0,7.918050289E0,-4.099050045E0
3.334767307E2,4.483950138E0,8.032950401E0,-4.794000149E0
3.334791743E2,4.361999989E0,8.442000389E0,-3.934050083E0
3.334816180E2,4.699050426E0,8.610000610E0,-2.701050043E0
3.334840614E2,4.030950069E0,9.366000175E0,-1.590000033E0
3.334865050E2,3.805950165E0,9.436050415E0,-1.710000038E0
3.334889487E2,3.327000141E0,9.498000145E0,-2.359050035E0
3.334913922E2,3.136050224E0,9.321000099E0,-2.787000179E0
3.334938358E2,3.010950089E0,8.770050049E0,-3.292950153E0
3.334962795E2,2.419950008E0,8.278950691E0,-2.851950169E0
3.334987230E2,1.467000127E0,7.959000587E0,-1.054050088E0
3.335011666E2,1.156050086E0,7.963050365E0,7.600500584E-1
3.335036103E2,2.676000118E0,7.743000507E0,8.205000311E-2
3.335060537E2,4.809000015E0,7.948950291E0,-2.230050087E0
3.335084974E2,4.897950172E0,8.265000343E0,-4.102050304E0
3.335109410E2,4.054950237E0,8.775000572E0,-4.870050430E0
3.335133847E2,3.568950176E0,8.964000702E0,-4.794000149E0
3.335158281E2,3.001950026E0,8.892000198E0,-3.568050146E0
3.335182718E2,2.944050074E0,8.197950363E0,-2.080950022E0
3.335207155E2,3.676950216E0,7.836000443E0,-1.284000039E0
3.335231590E2,4.998000145E0,7.008000374E0,-1.897050142E0
3.335256026E2,5.773950100E0,6.844950199E0,-3.136950254E0
3.335280463E2,4.407000065E0,7.336050510E0,-3.229950190E0
3.335304897E2,3.706050158E0,8.569050789E0,-2.122050047E0
3.335329334E2,3.720000267E0,8.428050041E0,-1.618950129E0
3.335353770E2,2.440950155E0,9.225000381E0,-1.573950052E0
3.335378205E2,1.981950045E0,8.764950752E0,-1.234050035E0
3.335402641E2,3.270000219E0,8.254950523E0,-1.759950042E0
3.335427078E2,5.298000336E0,8.266950607E0,-3.319050074E0
3.335451513E2,4.801950455E0,8.230950356E0,-5.023950100E0
3.335475950E2,3.607050180E0,8.983050346E0,-4.762950420E0
3.335500386E2,3.472950220E0,9.265950203E0,-3.115050077E0
3.335524823E2,3.993000269E0,9.690000534E0,-1.914000034E0
3.335549257E2,4.218000412E0,9.775950432E0,-2.110050201E0
3.335573694E2,3.825000286E0,9.562950134E0,-2.907000065E0
3.335598130E2,3.781950235E0,9.091050148E0,-2.857050180E0
3.335622565E2,3.739050150E0,8.614950180E0,-2.548050165E0
3.335647002E2,3.840000153E0,7.944000244E0,-2.325000048E0
3.335671438E2,3.100050211E0,7.920000553E0,-1.990050077E0
3.335695875E2,2.077050209E0,7.846050262E0,-3.090000153E-1
3.335720309E2,2.085000038E0,7.635000229E0,6.640500426E-1
3.335744746E2,3.540000200E0,7.465050220E0,-6.130500436E-1
3.335769183E2,5.058000088E0,7.827000141E0,-2.632050037E0
3.335793617E2,4.821000099E0,8.281949997E0,-4.315050125E0
3.335818054E2,4.242000103E0,8.791950226E0,-4.909050465E0
3.335842490E2,3.733950138E0,9.001950264E0,-4.212000370E0
3.335866925E2,2.985000134E0,8.550000191E0,-3.276000261E0
3.335891361E2,2.721000195E0,8.362950325E0,-1.746000051E0
3.335915798E2,3.142950058E0,7.860000610E0,-1.119000077E0
3.335940233E2,4.693950176E0,6.991050243E0,-1.923000097E0
3.335964669E2,5.386050224E0,6.702000141E0,-3.076950073E0
3.335989106E2,3.988050222E0,7.281000137E0,-3.271050215E0
3.336013540E2,4.005000114E0,8.095050812E0,-2.779950142E0
3.336037977E2,3.394050121E0,8.290950775E0,-2.830950022E0
3.336062413E2,2.335950136E0,8.707950592E0,-2.050050020E0
3.336086850E2,2.329050064E0,8.348999977E0,-1.272000074E0
3.336111285E2,3.739050150E0,7.978050232E0,-1.798950076E0
3.336135721E2,5.092050076E0,7.930050373E0,-3.415050268E0
3.336160158E2,4.093050003E0,7.908000469E0,-4.722000122E0
3.336184592E2,3.961950302E0,8.076000214E0,-4.279050350E0
3.336209028E2,4.435950279E0,8.659950256E0,-2.683950186E0
3.336233465E2,4.666050434E0,8.920950890E0,-1.818000078E0
3.336257902E2,4.615050316E0,9.285000801E0,-1.957050085E0
3.336282336E2,3.649950266E0,9.364050865E0,-2.694000244E0
3.336306773E2,3.142950058E0,9.096000671E0,-2.766000032E0
3.336331208E2,3.196050167E0,8.581050873E0,-2.605050087E0
3.336355645E2,3.289050102E0,7.923000336E0,-2.209950209E0
3.336380081E2,2.683050156E0,7.525050163E0,-1.558950067E0
3.336404517E2,1.941000104E0,7.698000431E0,1.759500057E-1
3.336428952E2,2.599050045E0,7.860000610E0,-9.900000691E-2
3.336453388E2,4.101000309E0,8.224050522E0,-2.019000053E0
3.336477825E2,4.407000065E0,8.830050468E0,-3.762000084E0
3.336502260E2,3.784950256E0,9.613050461E0,-4.813050270E0
3.336526696E2,3.100050211E0,9.876000404E0,-4.770000458E0
3.336551133E2,3.088050127E0,9.591000557E0,-4.315050125E0
3.336575568E2,3.070950031E0,8.952000618E0,-3.573000193E0
3.336600005E2,2.977950096E0,8.230950356E0,-2.782950163E0
3.336624441E2,3.535950184E0,7.396050453E0,-2.104950190E0
3.336648878E2,4.852050304E0,6.607950211E0,-2.871000051E0
3.336673312E2,4.612950325E0,6.751950264E0,-2.895000219E0
3.336697749E2,4.038000107E0,7.638000488E0,-1.987950087E0
3.336722183E2,3.873000145E0,7.855950356E0,-2.268000126E0
3.336746620E2,2.644950151E0,8.586000443E0,-2.062050104E0
3.336771057E2,2.122950077E0,8.310000420E0,-1.504050016E0
3.336795493E2,3.303000212E0,8.049000740E0,-1.617000103E0
3.336819928E2,5.029950142E0,8.173950195E0,-3.088950157E0
3.336844365E2,4.582050323E0,7.875000477E0,-4.702950001E0
3.336868801E2,3.916050196E0,7.918050289E0,-4.914000034E0
3.336893236E2,4.174950123E0,8.104949951E0,-3.304950237E0
3.336917672E2,4.627050400E0,8.502000809E0,-1.903950095E0
3.336942109E2,4.444950104E0,9.049950600E0,-1.678950071E0
3.336966545E2,4.017000198E0,9.157950401E0,-2.521950006E0
3.336990980E2,3.484950066E0,9.306000710E0,-3.502950191E0
3.337015416E2,2.980050087E0,9.414000511E0,-3.508050203E0
3.337039853E2,2.713950157E0,8.785050392E0,-3.277950048E0
3.337064288E2,1.741950035E0,8.695950508E0,-2.019000053E0
3.337088725E2,9.109500647E-1,8.185950279E0,9.900000691E-2
3.337113161E2,1.342050076E0,7.906050205E0,5.730000138E-1
3.337137595E2,3.769950151E0,7.408050537E0,-1.114050031E0
3.337162032E2,5.614050388E0,7.710000515E0,-3.726000071E0
3.337186469E2,4.837950230E0,8.344050407E0,-5.055000305E0
3.337210903E2,3.921000242E0,9.037950516E0,-5.221950054E0
3.337235340E2,3.306000233E0,9.310950279E0,-4.427999973E0
3.337259776E2,2.815050125E0,8.902050018E0,-2.919000149E0
3.337284211E2,2.821950197E0,8.196000099E0,-1.516050100E0
3.337308648E2,3.919050217E0,7.705050468E0,-9.490500689E-1
3.337333084E2,5.745000362E0,6.595950127E0,-2.281949997E0
3.337357521E2,5.956050396E0,6.517050266E0,-3.657000065E0
3.337381956E2,4.153050423E0,7.288050175E0,-3.247050047E0
3.337406393E2,3.933000088E0,8.365950584E0,-2.428050041E0
3.337430829E2,3.387000084E0,8.671950340E0,-1.630950093E0
3.337455263E2,2.056050062E0,8.787000656E0,-1.504050016E0
3.337479700E2,2.182950020E0,8.844000816E0,-8.719500303E-1
3.337504136E2,3.847050190E0,8.317950249E0,-1.894050121E0
3.337528573E2,5.317050457E0,7.999050617E0,-3.829050064E0
3.337553008E2,4.503000259E0,8.365950584E0,-4.794000149E0
3.337577445E2,3.969000101E0,8.674050331E0,-4.341000080E0
3.337601879E2,4.363950253E0,9.445050240E0,-3.079950094E0
3.337626316E2,4.122000217E0,9.903000832E0,-2.610000134E0
3.337650753E2,3.660000086E0,9.871950150E0,-2.566950083E0
3.337675189E2,3.202950239E0,9.730050087E0,-2.608050108E0
3.337699623E2,3.052050114E0,9.048000336E0,-2.232000113E0
3.337724060E2,3.631050110E0,8.394000053E0,-2.332950115E0
3.337748496E2,3.696000099E0,7.504050255E0,-2.445000172E0
3.337772931E2,2.947050095E0,7.234950542E0,-1.558950067E0
3.337797368E2,2.275950193E0,7.570950508E0,2.020500153E-1
3.337821804E2,3.018000126E0,7.659000397E0,6.000000052E-3
3.337846239E2,4.771050453E0,7.956000328E0,-2.050050020E0
3.337870676E2,5.074950218E0,8.461050034E0,-3.616050243E0
3.337895112E2,4.354050159E0,8.944950104E0,-4.120950222E0
3.337919549E2,3.933000088E0,8.947050095E0,-4.822950363E0
3.337943983E2,3.579000235E0,8.974050522E0,-3.442950249E0
3.337968420E2,3.574050188E0,8.061000824E0,-3.022050142E0
3.337992856E2,3.478050232E0,8.218950272E0,-2.095050097E0
3.338017291E2,4.456950188E0,7.104000568E0,-2.409000158E0
3.338041728E2,5.116050243E0,6.910050392E0,-3.244950056E0
3.338066164E2,4.345050335E0,7.137000561E0,-3.580050230E0
3.338090599E2,3.661950111E0,8.457000732E0,-2.785050154E0
3.338115036E2,3.706050158E0,7.951050282E0,-3.007950068E0
3.338139472E2,2.860050201E0,8.890050888E0,-2.626950026E0
3.338163906E2,2.203950167E0,8.350950241E0,-2.292000055E0
3.338188343E2,2.635050058E0,8.053950310E0,-1.981050134E0
3.338212779E2,4.575000286E0,8.049000740E0,-2.689050198E0
3.338237216E2,4.780950069E0,7.621050358E0,-3.913050175E0
3.338261651E2,4.864050388E0,7.822050571E0,-4.441950321E0
3.338286088E2,5.034000397E0,8.236050606E0,-4.213950157E0
3.338310524E2,4.249050140E0,8.959050179E0,-3.172950268E0
3.338334959E2,4.339950085E0,8.892000198E0,-2.449950218E0
3.338359395E2,3.799050093E0,8.968950272E0,-1.518000126E0
3.338383832E2,2.985000134E0,9.022050858E0,-1.554000020E0
3.338408266E2,3.009000063E0,8.788949966E0,-1.806000113E0
3.338432703E2,3.556950092E0,7.872000217E0,-3.196950197E0
3.338457139E2,2.986950159E0,7.744950294E0,-2.565000057E0
3.338481576E2,2.056050062E0,7.780950546E0,-9.510000348E-1
3.338506011E2,2.167950153E0,8.377950668E0,-2.230500132E-1
3.338530447E2,3.543000221E0,8.710050583E0,-1.686000109E0
3.338554884E2,4.213050365E0,9.280050278E0,-3.166050196E0
3.338579318E2,3.873000145E0,9.820950508E0,-4.902000427E0
3.338603754E2,3.624000072E0,1.012500095E1,-5.773050308E0
3.338628191E2,3.343950272E0,9.685050011E0,-5.497950077E0
3.338652628E2,2.769000053E0,8.811000824E0,-4.396049976E0
3.338677063E2,2.383949995E0,7.891050339E0,-2.803950071E0
3.338701499E2,2.926950216E0,7.149000168E0,-1.711950064E0
3.338725936E2,4.845000267E0,6.429000378E0,-1.654950023E0
3.338750371E2,5.434050083E0,6.442950249E0,-2.044950008E0
3.338774807E2,4.351950169E0,7.759950161E0,-2.016000032E0
3.338799244E2,3.976050138E0,8.392050743E0,-3.028950214E0
3.338823678E2,2.632950068E0,9.487950325E0,-3.460050106E0
3.338848114E2,1.450050116E0,9.309000015E0,-2.857050180E0
3.338872551E2,2.653950214E0,8.764950752E0,-2.042999983E0
3.338896986E2,4.921950340E0,8.071050644E0,-2.907000065E0
3.338921423E2,5.391000271E0,7.711950302E0,-4.080000401E0
3.338945859E2,4.680000305E0,7.681050301E0,-4.392000198E0
3.338970296E2,4.669950008E0,7.707000256E0,-3.514950275E0
3.338994731E2,5.038950443E0,8.605050087E0,-3.028950214E0
3.339019167E2,4.455000401E0,9.442950249E0,-2.893050194E0
3.339043604E2,3.720000267E0,9.714000702E0,-3.634950161E0
3.339068038E2,2.769000053E0,9.852000237E0,-3.673050165E0
3.339092475E2,2.290950060E0,9.880950928E0,-2.754000187E0
3.339116911E2,2.310000181E0,8.770050049E0,-1.534950018E0
3.339141346E2,1.705950022E0,7.858050346E0,-5.269500017E-1
3.339165783E2,1.383000016E0,7.441050529E0,2.929500043E-1
3.339190219E2,2.116050005E0,7.429050446E0,2.670000196E-1
3.339214654E2,3.985950232E0,7.501050472E0,-1.839000106E0
3.339239091E2,5.155950069E0,7.743000507E0,-4.309950352E0
3.339263527E2,4.231950283E0,8.718000412E0,-4.747950077E0
3.339287964E2,3.301050186E0,9.577050209E0,-4.384050369E0
3.339312398E2,3.049950123E0,9.318000793E0,-3.534000158E0
3.339336834E2,3.540000200E0,8.583000183E0,-2.598000050E0
3.339361272E2,4.483950138E0,7.798050404E0,-2.682000160E0
3.339385706E2,5.118000031E0,7.354950428E0,-3.319050074E0
3.339410142E2,5.599050045E0,6.145950317E0,-3.433950186E0
3.339434579E2,5.068050385E0,6.670050144E0,-3.441000223E0
3.339459014E2,3.868050098E0,7.651950359E0,-2.260950089E0
3.339483450E2,3.318000078E0,8.005949974E0,-1.831950068E0
3.339507887E2,2.212050200E0,8.380050659E0,-1.027950048E0
3.339532324E2,1.747050047E0,8.356050491E0,-9.150000215E-1
3.339556758E2,2.700000048E0,7.932000160E0,-1.465950012E0
3.339581195E2,4.813950062E0,8.224050522E0,-3.280950069E0
3.339605632E2,4.945950031E0,8.068950653E0,-4.714950085E0
3.339630066E2,4.507950306E0,8.638050079E0,-4.726950169E0
3.339654502E2,4.723050117E0,8.554950714E0,-3.943950176E0
3.339678939E2,4.216050148E0,9.238950729E0,-2.950050116E0
3.339703374E2,3.784950256E0,9.475950241E0,-1.777050138E0
3.339727810E2,3.823050261E0,8.959050179E0,-1.687950134E0
3.339752247E2,3.478050232E0,8.992950439E0,-1.855950117E0
3.339776682E2,3.258000135E0,8.029950142E0,-2.389950037E0
3.339801118E2,3.214950085E0,7.753050327E0,-2.701050043E0
3.339825555E2,2.428950071E0,7.654050350E0,-1.839000106E0
3.339849991E2,1.696950078E0,7.992000580E0,-6.970500350E-1
3.339874426E2,2.080049992E0,8.229000092E0,-1.540500075E-1
3.339898862E2,3.574050188E0,8.722050667E0,-1.351050019E0
3.339923299E2,4.792950153E0,8.859000206E0,-2.910000086E0
3.339947734E2,4.726050377E0,9.141000748E0,-3.742950201E0
3.339972170E2,4.219950199E0,9.603000641E0,-4.267050266E0
3.339996607E2,4.042950153E0,9.574950218E0,-4.135050297E0
3.340021042E2,3.904050112E0,8.871000290E0,-3.997050285E0
3.340045478E2,3.358050108E0,8.242950439E0,-2.815950155E0
3.340069915E2,3.784950256E0,7.510950565E0,-1.789050102E0
3.340094349E2,5.049000263E0,7.087050438E0,-2.284950018E0
3.340118786E2,4.692000389E0,7.438950539E0,-2.905050039E0
3.340143222E2,3.708000183E0,8.124000549E0,-2.413950205E0
3.340167659E2,3.856050253E0,8.287050247E0,-2.646000147E0
3.340192094E2,2.917950153E0,8.980950356E0,-2.536050081E0
3.340216530E2,1.996050119E0,8.902050018E0,-2.170050144E0
3.340240967E2,2.282999992E0,8.695950508E0,-1.887000084E0
3.340265402E2,3.933000088E0,8.788949966E0,-2.833050251E0
3.340289838E2,4.732950211E0,7.908000469E0,-4.498950005E0
3.340314275E2,4.041000366E0,7.674000263E0,-4.866000175E0
3.340338709E2,4.078950405E0,7.456050396E0,-3.144000053E0
3.340363146E2,5.346000195E0,7.951050282E0,-1.732050061E0
3.340387582E2,5.620950222E0,8.337000847E0,-1.759950042E0
3.340412019E2,4.744950294E0,8.619000435E0,-2.632050037E0
3.340436454E2,3.816000223E0,9.144000053E0,-3.214050055E0
3.340460890E2,3.006000042E0,9.354000092E0,-2.998050213E0
3.340485327E2,2.571000099E0,8.988000870E0,-2.845050097E0
3.340509762E2,1.885950089E0,8.788949966E0,-1.686000109E0
3.340534199E2,1.162950039E0,7.843950272E0,2.809500098E-1
3.340558635E2,1.171950102E0,7.626000404E0,6.190500259E-1
3.340583069E2,3.634050131E0,7.528050423E0,-3.405000269E-2
3.340607506E2,5.329050064E0,7.777050495E0,-3.123000145E0
3.340631942E2,5.700000286E0,7.996950150E0,-4.866000175E0
3.340656377E2,4.444950104E0,9.337950706E0,-5.779950142E0
3.340680814E2,3.243000269E0,9.642000198E0,-4.839000225E0
3.340705250E2,2.461050034E0,9.349950790E0,-3.511050224E0
3.340729685E2,1.984050035E0,8.100000381E0,-1.819950104E0
3.340754122E2,2.836050034E0,7.465050220E0,-1.092000008E0
3.340778558E2,5.713950157E0,6.496050358E0,-2.905050039E0
3.340802995E2,7.090950489E0,5.977950096E0,-4.825050354E0
3.340827429E2,4.912050247E0,7.105950356E0,-4.717050076E0
3.340851866E2,3.564000130E0,8.611950874E0,-3.673050165E0
3.340876302E2,2.395950079E0,9.052950859E0,-2.332950115E0
3.340900737E2,1.315950036E0,8.919000626E0,-1.128000021E0
3.340925173E2,1.692000031E0,8.442000389E0,-3.310500085E-1
3.340949610E2,3.430050135E0,7.489050388E0,-1.404000044E0
3.340974046E2,5.386050224E0,7.326000214E0,-3.867000103E0
3.340998481E2,5.257050037E0,7.537050247E0,-4.497000217E0
3.341022918E2,4.347000122E0,8.348999977E0,-4.324950218E0
3.341047354E2,3.466050148E0,9.424050331E0,-3.031950235E0
3.341071789E2,2.905950069E0,1.016400051E1,-1.665000081E0
3.341096226E2,2.925000191E0,9.876000404E0,-1.183050036E0
3.341120662E2,3.243000269E0,9.445050240E0,-1.906050086E0
3.341145096E2,3.535950184E0,8.657999992E0,-2.349000216E0
3.341169533E2,4.510050297E0,7.606950283E0,-3.436050177E0
3.341193969E2,4.546050072E0,7.101000309E0,-3.697050095E0
3.341218404E2,3.199950218E0,7.345950127E0,-2.695950031E0
3.341242841E2,1.941000104E0,8.233950615E0,-5.320500135E-1
3.341267277E2,2.322000027E0,8.583000183E0,-2.209500074E-1
3.341291712E2,3.178950071E0,8.737050056E0,-2.011950016E0
3.341316148E2,3.520950079E0,8.935050011E0,-3.750000238E0
3.341340585E2,3.736950159E0,9.124950409E0,-5.493000031E0
3.341365022E2,3.994950294E0,8.818050385E0,-5.938050270E0
3.341389456E2,3.943050146E0,8.380050659E0,-5.220000267E0
3.341413893E2,3.394050121E0,8.404050827E0,-4.066050053E0
3.341438329E2,2.578050137E0,8.161950111E0,-2.004000187E0
3.341462764E2,2.785950184E0,7.566000462E0,-5.580000281E-1
3.341487201E2,4.456950188E0,7.252050400E0,-8.190000653E-1
3.341511637E2,4.747050285E0,7.446000576E0,-2.425950050E0
3.341536072E2,3.387000084E0,7.651950359E0,-3.357000113E0
3.341560508E2,3.901950121E0,8.121000290E0,-3.421950102E0
3.341584945E2,3.535950184E0,8.445000648E0,-3.508050203E0
3.341609379E2,2.602050066E0,8.653050423E0,-2.917050123E0
3.341633816E2,2.836050034E0,8.686050415E0,-1.806000113E0
3.341658252E2,4.098000050E0,8.473050117E0,-1.747950077E0
3.341682689E2,4.630050182E0,8.145000458E0,-3.012000084E0
3.341707124E2,3.820050240E0,7.920000553E0,-4.219050407E0
3.341731561E2,3.880050182E0,7.483950138E0,-4.396049976E0
3.341755997E2,3.504000187E0,8.077950478E0,-3.313950062E0
3.341780432E2,3.241050243E0,8.310000420E0,-1.581000090E0
3.341804869E2,4.153050423E0,8.317950249E0,-1.066050053E0
3.341829305E2,4.645950317E0,9.217950821E0,-1.935000062E0
3.341853739E2,4.371000290E0,9.675000191E0,-3.417000055E0
3.341878176E2,3.703050137E0,9.730050087E0,-4.521000385E0
3.341902612E2,2.578050137E0,9.583950043E0,-4.126049995E0
3.341927049E2,1.231950045E0,9.378000259E0,-2.163000107E0
3.341951484E2,6.120000482E-1,8.701050758E0,6.795000285E-2
3.341975921E2,1.720950127E0,7.657050133E0,7.995000482E-2
3.342000357E2,4.081050396E0,7.153950214E0,-1.597050071E0
3.342024792E2,5.518050194E0,7.471950531E0,-3.730950117E0
3.342049228E2,5.092050076E0,8.100000381E0,-4.990050316E0
3.342073665E2,4.009950161E0,9.330000877E0,-5.175000191E0
3.342098099E2,3.097050190E0,9.976950645E0,-4.032000065E0
3.342122536E2,2.520000219E0,9.924000740E0,-2.500050068E0
3.342146972E2,2.326050043E0,9.001950264E0,-1.614000082E0
3.342171407E2,3.274950266E0,7.827000141E0,-1.405950069E0
3.342195844E2,5.110950470E0,6.783000469E0,-2.514000177E0
3.342220280E2,6.451950073E0,5.713050365E0,-3.273000240E0
3.342244717E2,5.740950108E0,6.366000175E0,-3.240000248E0
3.342269152E2,4.749000072E0,7.753050327E0,-2.248950005E0
3.342293588E2,4.041000366E0,8.710050583E0,-2.269950151E0
3.342318025E2,2.475000143E0,9.610950470E0,-2.470950127E0
3.342342459E2,1.639050126E0,9.625050545E0,-2.706000090E0
3.342366896E2,2.487000227E0,8.995050430E0,-3.238050222E0
3.342391332E2,4.218000412E0,8.617050171E0,-4.147050381E0
3.342415769E2,4.420950413E0,8.430000305E0,-4.107000351E0
3.342440204E2,3.736950159E0,8.743950844E0,-3.496050119E0
3.342464640E2,2.829000235E0,8.878050804E0,-2.206050158E0
3.342489077E2,2.805000067E0,9.261000633E0,-1.363050103E0
3.342513512E2,3.175950050E0,9.826050758E0,-1.188000083E0
3.342537948E2,4.315950394E0,9.970050812E0,-2.281949997E0
3.342562385E2,5.194950104E0,9.952950478E0,-4.048950195E0
3.342586819E2,5.185050011E0,9.678000450E0,-5.110050201E0
3.342611255E2,4.048050404E0,9.121950150E0,-4.782000065E0
3.342635692E2,2.200050116E0,8.977950096E0,-2.044950008E0
3.342660127E2,8.560500145E-1,8.739000320E0,7.360500097E-1
3.342684564E2,9.619500637E-1,8.005949974E0,1.038000107E0
3.342709000E2,3.298950195E0,7.300050259E0,-2.899500132E-1
3.342733437E2,5.503950119E0,7.111050129E0,-3.604050159E0
3.342757872E2,5.638050079E0,7.566000462E0,-5.347050190E0
3.342782308E2,4.623000145E0,8.872950554E0,-5.833050251E0
3.342806745E2,3.433050156E0,9.745050430E0,-4.582950115E0
3.342831180E2,2.370000124E0,9.876000404E0,-2.265000105E0
3.342855616E2,1.620000124E0,9.388050079E0,-5.460000038E-1
3.342880053E2,2.110949993E0,7.791000366E0,-4.360500276E-1
3.342904487E2,4.978950024E0,6.358950138E0,-2.428050041E0
3.342928924E2,7.018950462E0,5.289000034E0,-4.722000122E0
3.342953361E2,6.562050343E0,5.727000237E0,-5.005050182E0
3.342977797E2,4.869000435E0,7.008000374E0,-3.654000282E0
3.343002232E2,3.354000092E0,8.554950714E0,-2.577000141E0
3.343026668E2,1.852050066E0,9.769050598E0,-1.513950109E0
3.343051105E2,1.180050015E0,9.547950745E0,-1.576050043E0
3.343075540E2,2.500950098E0,8.890050888E0,-2.854050159E0
3.343099976E2,4.327950001E0,8.406000137E0,-4.447050095E0
3.343124413E2,3.958950281E0,8.179050446E0,-4.954050064E0
3.343148847E2,3.652950287E0,8.149950027E0,-3.661050081E0
3.343173284E2,3.576000214E0,8.310000420E0,-1.795950055E0
3.343197721E2,4.444950104E0,8.955000877E0,-1.054050088E0
3.343222157E2,4.747050285E0,9.144000053E0,-1.918050051E0
3.343246592E2,3.745950222E0,9.292050362E0,-2.581950188E0
3.343271028E2,3.337050200E0,9.085950851E0,-2.634000063E0
3.343295465E2,3.478050232E0,8.409000397E0,-2.086050034E0
3.343319900E2,4.045950413E0,7.987050533E0,-2.074050188E0
3.343344336E2,3.990000248E0,7.846050262E0,-1.744050026E0
3.343368773E2,3.361050129E0,7.903050423E0,-7.860000134E-1
3.343393207E2,3.085050106E0,8.101950645E0,-1.420500129E-1
3.343417644E2,3.424950123E0,8.485050201E0,-1.432050109E0
3.343442080E2,3.708000183E0,9.037950516E0,-2.614950180E0
3.343466515E2,3.387000084E0,9.835950851E0,-3.975000143E0
3.343490951E2,3.150000095E0,9.679950714E0,-4.684050083E0
3.343515388E2,3.046950102E0,9.426000595E0,-4.449000359E0
3.343539823E2,3.049950123E0,8.818050385E0,-3.610950232E0
3.343564260E2,2.857950211E0,8.301000595E0,-2.220000029E0
3.343588696E2,3.172050238E0,7.626000404E0,-1.237950087E0
3.343613133E2,4.342050076E0,6.898050308E0,-9.169500470E-1
3.343637567E2,5.491950035E0,6.712950230E0,-1.755000114E0
3.343662003E2,4.696950436E0,7.458000183E0,-2.292000055E0
3.343686440E2,3.811050177E0,8.377950668E0,-2.155050039E0
3.343710875E2,3.712950230E0,9.061950684E0,-1.971000075E0
3.343735311E2,3.205050230E0,9.378000259E0,-2.569950104E0
3.343759748E2,2.472000122E0,9.333000183E0,-2.923950195E0
3.343784182E2,3.154950142E0,8.822999954E0,-2.625000238E0
3.343808618E2,4.278000355E0,8.377950668E0,-3.046050072E0
3.343833055E2,4.876049995E0,8.038050652E0,-3.553950071E0
3.343857492E2,4.266000271E0,7.815000534E0,-3.477000237E0
3.343881927E2,3.757950068E0,8.124000549E0,-3.295050144E0
3.343906363E2,3.696000099E0,8.476050377E0,-1.906050086E0
3.343930800E2,3.520950079E0,8.350950241E0,-1.801050067E0
3.343955235E2,4.219950199E0,8.581050873E0,-1.509000063E0
3.343979671E2,5.140050411E0,8.932950020E0,-2.494950056E0
3.344004108E2,5.491950035E0,9.109950066E0,-3.481950283E0
3.344028543E2,4.736999989E0,8.899050713E0,-4.699950218E0
3.344052979E2,3.184050083E0,9.129000664E0,-3.369000196E0
3.344077416E2,1.893000126E0,8.482950211E0,-1.255050063E0
3.344101850E2,1.138950109E0,8.677050591E0,1.417950034E0
3.344126286E2,2.029950142E0,7.192050457E0,6.570000052E-1
3.344150723E2,3.615000248E0,7.108950138E0,-1.987950087E0
3.344175158E2,4.888050079E0,7.365000248E0,-4.047000408E0
3.344199594E2,4.736999989E0,8.301000595E0,-5.512050152E0
3.344224031E2,3.255000114E0,9.487950325E0,-4.854000092E0
3.344248468E2,2.278950214E0,1.017795086E1,-3.163050175E0
3.344272902E2,1.725000024E0,1.010100079E1,-8.190000653E-1
3.344297339E2,1.567050099E0,8.895000458E0,-3.310500085E-1
3.344321775E2,2.812050104E0,7.792950153E0,-5.340000391E-1
3.344346210E2,5.044050217E0,6.523950100E0,-2.907000065E0
3.344370646E2,6.076050282E0,6.115050316E0,-4.051949978E0
3.344395083E2,5.227950096E0,6.184050083E0,-3.774000168E0
3.344419518E2,4.048050404E0,8.077950478E0,-1.897050142E0
3.344443955E2,3.306000233E0,8.646000862E0,-1.140000105E0
3.344468391E2,2.215950012E0,9.769050598E0,-1.198050022E0
3.344492828E2,2.073000193E0,9.109950066E0,-1.830000043E0
3.344517262E2,3.021000147E0,8.428050041E0,-3.321000099E0
3.344541699E2,4.540950298E0,8.266950607E0,-4.116000175E0
3.344566136E2,4.522050381E0,7.972950459E0,-4.357950211E0
3.344590570E2,3.478050232E0,8.346000671E0,-3.694950104E0
3.344615006E2,3.319950104E0,9.124950409E0,-2.191050053E0
3.344639443E2,2.949000120E0,8.983050346E0,-1.887000084E0
3.344663878E2,2.580000162E0,9.145950317E0,-1.786950111E0
3.344688314E2,2.512950182E0,9.424050331E0,-1.987950087E0
3.344712751E2,3.535950184E0,8.944950104E0,-2.529000044E0
3.344737185E2,4.623000145E0,8.526000023E0,-2.662950039E0
3.344761622E2,5.463000298E0,8.305950165E0,-3.415050268E0
3.344786059E2,5.176050186E0,8.974050522E0,-4.156949997E0
3.344810493E2,3.049950123E0,9.105000496E0,-3.769050121E0
3.344834930E2,1.306050062E0,9.424050331E0,-1.834950089E0
3.344859366E2,9.739500284E-1,8.734050751E0,-5.700000525E-1
3.344883803E2,1.459950089E0,8.302950859E0,-9.799500704E-1
3.344908238E2,3.423000097E0,7.774050236E0,-2.275050163E0
3.344932674E2,5.137050152E0,7.602000237E0,-4.465950012E0
3.344957111E2,4.669950008E0,7.992000580E0,-5.143050194E0
3.344981545E2,3.765000105E0,8.967000008E0,-4.179000378E0
3.345005982E2,2.851050138E0,9.499950409E0,-2.584050179E0
3.345030419E2,1.831050038E0,9.421050072E0,-1.152000070E0
3.345054853E2,1.431000113E0,9.430950165E0,7.800000161E-2
3.345079290E2,2.968050241E0,8.137949944E0,-9.370500445E-1
3.345103726E2,4.918950081E0,7.057950497E0,-2.874000072E0
3.345128163E2,5.419950485E0,6.466950417E0,-3.859950066E0
3.345152598E2,5.287950039E0,7.087050438E0,-3.865050077E0
3.345177034E2,4.359000206E0,7.894050598E0,-3.228000164E0
3.345201471E2,3.004050255E0,8.995050430E0,-2.883000135E0
3.345225905E2,2.101050138E0,9.310950279E0,-2.236950159E0
3.345250342E2,2.305050135E0,9.109950066E0,-3.022050142E0
3.345274779E2,3.246000051E0,8.959050179E0,-3.511050224E0
3.345299213E2,3.160050154E0,8.422950745E0,-4.200000286E0
3.345323650E2,3.082950115E0,8.143050194E0,-3.733050108E0
3.345348086E2,3.667050123E0,7.891050339E0,-3.385950089E0
3.345372521E2,3.423000097E0,8.218950272E0,-2.536050081E0
3.345396958E2,2.959050179E0,8.497050285E0,-1.525950074E0
3.345421394E2,2.752950191E0,8.638050079E0,-1.284000039E0
3.345445831E2,3.114000082E0,9.043050766E0,-1.147050023E0
3.345470266E2,3.760950089E0,8.791950226E0,-1.578000069E0
3.345494702E2,3.888000250E0,8.428050041E0,-2.473950148E0
3.345519139E2,3.748950243E0,8.245950699E0,-3.256950140E0
3.345543574E2,2.755050182E0,8.404050827E0,-2.268000126E0
3.345568011E2,2.809950113E0,8.332050323E0,-1.408050060E0
3.345592447E2,4.303950310E0,8.575950623E0,-2.554950237E0
3.345616881E2,4.965000153E0,8.854050636E0,-3.622950077E0
3.345641318E2,4.657950401E0,8.749050140E0,-4.427999973E0
3.345665755E2,3.307950258E0,9.283050537E0,-4.444050312E0
3.345690189E2,2.377050161E0,9.192000389E0,-3.487050056E0
3.345714626E2,2.247000217E0,8.734050751E0,-2.317950010E0
3.345739062E2,2.257050037E0,8.346000671E0,-1.782000065E0
3.345763499E2,2.461050034E0,7.791000366E0,-1.770000100E0
3.345787934E2,3.202950239E0,7.072950363E0,-1.654950023E0
3.345812371E2,4.599000454E0,7.233000278E0,-2.419050217E0
3.345836807E2,4.752000332E0,7.915050507E0,-3.259050131E0
3.345861241E2,3.442050219E0,8.329950333E0,-2.412000179E0
3.345885678E2,3.658050060E0,8.734050751E0,-1.699950099E0
3.345910115E2,3.909000158E0,8.727000237E0,-2.098050117E0
3.345934549E2,3.507000208E0,8.430000305E0,-2.935950041E0
3.345958986E2,3.736950159E0,7.437000275E0,-3.489000082E0
3.345983422E2,4.243950367E0,7.153950214E0,-3.939000130E0
3.346007857E2,4.594050407E0,7.302000523E0,-4.504050255E0
3.346032294E2,3.718050241E0,7.630050182E0,-4.815000057E0
3.346056730E2,2.665950060E0,8.643000603E0,-3.343050241E0
3.346081165E2,2.058000088E0,9.187050819E0,-1.794000030E0
3.346105601E2,1.618050098E0,9.261000633E0,-1.213950038E0
3.346130038E2,1.507950068E0,9.220050812E0,-1.059000015E0
3.346154475E2,2.050950050E0,9.072000504E0,-1.260000110E0
3.346178909E2,3.358050108E0,8.500050545E0,-2.091000080E0
3.346203346E2,4.386000156E0,8.071050644E0,-2.742000103E0
3.346227782E2,4.986000061E0,8.004000664E0,-3.091950178E0
3.346252217E2,4.809000015E0,8.251049995E0,-3.180000067E0
3.346276654E2,3.616950274E0,8.800950050E0,-2.218050003E0
3.346301090E2,2.743050098E0,9.028950691E0,-1.375050068E0
3.346325524E2,2.761950016E0,8.758049965E0,-1.633050084E0
3.346349961E2,3.580950260E0,8.116950035E0,-2.878050089E0
3.346374398E2,4.468950272E0,8.071050644E0,-4.128000259E0
3.346398834E2,4.225049973E0,8.251049995E0,-4.684050083E0
3.346423269E2,3.463950157E0,8.571000099E0,-4.554000378E0
3.346447706E2,2.944050074E0,9.055050850E0,-3.577950239E0
3.346472142E2,2.203950167E0,9.462000847E0,-1.978050113E0
3.346496577E2,2.062950134E0,9.406949997E0,-7.690500617E-1
3.346521013E2,2.176050186E0,9.256050110E0,-1.012950063E0
3.346545450E2,2.989950180E0,8.203050613E0,-2.122050047E0
3.346569884E2,4.267950058E0,7.587000370E0,-3.400050163E0
3.346594321E2,5.121000290E0,6.958050251E0,-3.822000265E0
3.346618758E2,5.556000233E0,7.342950344E0,-3.264000177E0
3.346643192E2,4.804950237E0,7.843950272E0,-2.644050121E0
3.346667629E2,3.739050150E0,8.299050331E0,-2.064000130E0
3.346692065E2,3.178950071E0,8.550000191E0,-1.732050061E0
3.346716502E2,3.298950195E0,8.703000069E0,-3.048000097E0
3.346740937E2,3.523950100E0,8.926050186E0,-4.461000443E0
3.346765374E2,3.009000063E0,8.883000374E0,-4.849050045E0
3.346789810E2,2.416950226E0,8.815950394E0,-4.096950054E0
3.346814244E2,2.587050200E0,9.196050644E0,-2.593050241E0
3.346838681E2,2.856000185E0,9.402000427E0,-2.020950079E0
3.346863118E2,2.382000208E0,9.421050072E0,-1.711950064E0
3.346887552E2,2.077050209E0,9.295050621E0,-1.387050033E0
3.346911989E2,2.856000185E0,8.797050476E0,-1.666950107E0
3.346936425E2,3.504000187E0,8.260050774E0,-2.610000134E0
3.346960860E2,4.005000114E0,7.204050541E0,-2.983950138E0
3.346985297E2,3.433050156E0,6.835950375E0,-2.316000223E0
3.347009734E2,3.016050100E0,7.116000175E0,-6.090000272E-1
3.347034170E2,3.544950247E0,7.092000484E0,-3.570000231E-1
3.347058605E2,4.162950039E0,7.405050278E0,-1.978050113E0
3.347083042E2,4.642050266E0,7.927050591E0,-3.553950071E0
3.347107478E2,4.168050289E0,8.779950142E0,-5.136000156E0
3.347131912E2,3.325050116E0,9.249000549E0,-5.806950092E0
3.347156349E2,2.523000002E0,9.177000046E0,-4.642950058E0
3.347180786E2,1.912050128E0,8.647950172E0,-2.505000114E0
3.347205220E2,1.732950091E0,8.124000549E0,-1.188000083E0
3.347229657E2,2.560950041E0,7.185000420E0,-1.192950010E0
3.347254093E2,4.402050018E0,6.385050297E0,-2.458950043E0
3.347278530E2,4.966950417E0,6.448050499E0,-4.248000145E0
3.347302965E2,3.990000248E0,7.246950150E0,-4.118999958E0
3.347327401E2,4.591050148E0,7.888950348E0,-3.393000126E0
3.347351838E2,4.237050056E0,8.542950630E0,-3.235050201E0
3.347376272E2,2.680950165E0,8.907000542E0,-2.850000143E0
3.347400709E2,2.728950024E0,8.822999954E0,-2.020950079E0
3.347425145E2,3.715050220E0,8.389050484E0,-2.325000048E0
3.347449580E2,4.290000439E0,8.241000175E0,-3.703950167E0
3.347474017E2,3.820050240E0,8.406000137E0,-4.995000362E0
3.347498453E2,3.097050190E0,8.657999992E0,-4.921050072E0
3.347522888E2,2.604000092E0,9.393000603E0,-3.561000109E0
3.347547325E2,1.881000042E0,9.721050262E0,-1.918050051E0
3.347571761E2,1.450050116E0,1.005405045E1,-1.168950081E0
3.347596198E2,1.170000076E0,9.912000656E0,-6.210000515E-1
3.347620632E2,1.894950032E0,9.472050667E0,-1.210050106E0
3.347645068E2,3.220050097E0,8.646000862E0,-2.605050087E0
3.347669505E2,3.832050085E0,7.747950554E0,-3.489000082E0
3.347693940E2,3.466050148E0,7.317000389E0,-3.348000050E0
3.347718377E2,2.929950237E0,7.662000179E0,-1.351050019E0
3.347742813E2,3.342000246E0,7.674000263E0,-3.070500195E-1
3.347767248E2,4.361999989E0,7.887000561E0,-1.432050109E0
3.347791685E2,4.606050014E0,8.277000427E0,-3.337950230E0
3.347816121E2,4.110000134E0,8.868000031E0,-5.230050087E0
3.347840558E2,3.552000284E0,9.397050858E0,-6.064950466E0
3.347864992E2,2.817000151E0,9.522000313E0,-5.329950333E0
3.347889429E2,2.188050032E0,9.232050896E0,-3.307050228E0
3.347913866E2,1.800000072E0,8.775000572E0,-1.477950096E0
3.347938300E2,2.536950111E0,8.097000122E0,-1.104000092E0
3.347962736E2,3.880050182E0,7.831950188E0,-2.380050182E0
3.347987173E2,4.510050297E0,7.720950603E0,-4.075950146E0
3.348011608E2,3.579000235E0,8.229000092E0,-4.801050186E0
3.348036045E2,3.322050095E0,8.409000397E0,-4.336950302E0
3.348060481E2,3.102000237E0,8.646000862E0,-3.352050066E0
3.348084916E2,2.434050083E0,8.470950127E0,-2.164950132E0
3.348109352E2,3.210000038E0,7.999050617E0,-6.420000196E-1
3.348133789E2,4.491000175E0,7.522950172E0,-1.249950051E0
3.348158226E2,5.382000446E0,7.638000488E0,-3.060000181E0
3.348182660E2,4.267950058E0,8.215050697E0,-4.605000019E0
3.348207096E2,3.006000042E0,8.671950340E0,-4.621050358E0
3.348231533E2,2.167950153E0,9.763950348E0,-2.883000135E0
3.348255968E2,1.869000077E0,1.029795074E1,-1.825050116E0
3.348280405E2,2.227950096E0,1.021200085E1,-2.014050007E0
3.348304841E2,2.416950226E0,1.006305027E1,-2.461950064E0
3.348329276E2,2.614050150E0,9.247050285E0,-2.766000032E0
3.348353713E2,2.968050241E0,8.707950592E0,-2.677050114E0
3.348378149E2,3.466050148E0,7.867950439E0,-3.028950214E0
3.348402586E2,2.977950096E0,7.615950584E0,-2.562000036E0
3.348427020E2,2.307000160E0,7.495950222E0,-1.036949992E0
3.348451457E2,2.520000219E0,7.432050228E0,-2.689500153E-1
3.348475894E2,3.691050291E0,7.501050472E0,-1.453950047E0
3.348500328E2,4.363950253E0,7.978050232E0,-3.463050127E0
3.348524764E2,4.363950253E0,8.643000603E0,-4.819950104E0
3.348549201E2,4.050000191E0,9.036000252E0,-5.584050179E0
3.348573636E2,3.286950111E0,9.256050110E0,-4.972950459E0
3.348598073E2,2.607000113E0,9.076950073E0,-3.589950085E0
3.348622509E2,1.752000093E0,8.779950142E0,-2.080950022E0
3.348646946E2,1.728000045E0,7.960950375E0,-1.080000043E0
3.348671380E2,3.142950058E0,7.219050407E0,-1.483050108E0
3.348695817E2,4.594050407E0,6.715950489E0,-2.902050257E0
3.348720254E2,4.098000050E0,7.185000420E0,-3.778950214E0
3.348744688E2,3.760950089E0,8.080950737E0,-3.706950188E0
3.348769124E2,4.041000366E0,8.466000557E0,-3.561000109E0
3.348793561E2,2.725950241E0,8.890050888E0,-3.337950230E0
3.348817996E2,2.704950094E0,8.944950104E0,-2.232000113E0
3.348842432E2,3.840000153E0,8.410950661E0,-2.215050220E0
3.348866869E2,5.137050152E0,8.478000641E0,-3.280950069E0
3.348891303E2,5.167950153E0,8.410950661E0,-4.927950382E0
3.348915740E2,4.213050365E0,9.131999969E0,-5.419050217E0
3.348940176E2,3.211950064E0,9.462000847E0,-4.219050407E0
3.348964611E2,2.374050140E0,1.006995010E1,-2.293950081E0
3.348989048E2,1.599000096E0,1.034595013E1,-7.549500465E-1
3.349013484E2,1.004999995E0,1.039395046E1,-3.330000043E-1
3.349037921E2,1.194000006E0,9.840000153E0,-6.280500293E-1
3.349062356E2,2.721000195E0,9.370950699E0,-2.335050106E0
3.349086792E2,4.081050396E0,8.329950333E0,-3.963000298E0
3.349111229E2,3.624000072E0,8.131050110E0,-3.946050167E0
3.349135663E2,2.239950180E0,8.230950356E0,-1.810950041E0
3.349160100E2,2.580000162E0,8.310000420E0,-1.695000008E-2
3.349184536E2,3.703050137E0,8.109000206E0,-6.520500183E-1
3.349208973E2,4.795050144E0,7.836000443E0,-2.775000095E0
3.349233408E2,5.689950466E0,7.243050575E0,-4.480050087E0
3.349257844E2,5.425050259E0,7.603950500E0,-6.274050236E0
3.349282281E2,4.357050419E0,8.518950462E0,-5.754000187E0
3.349306716E2,2.989950180E0,8.314949989E0,-3.373950243E0
3.349331152E2,1.531950116E0,8.791950226E0,-5.419500470E-1
3.349355589E2,1.384950042E0,8.611950874E0,7.840500474E-1
3.349380023E2,2.839050055E0,8.167050362E0,-4.395000264E-2
3.349404460E2,4.419000149E0,7.510950565E0,-2.670000076E0
3.349428896E2,4.206000328E0,7.879950523E0,-3.940950155E0
3.349453331E2,4.042950153E0,8.155050278E0,-4.019999981E0
3.349477767E2,3.823050261E0,8.548050880E0,-4.078050137E0
3.349502204E2,2.997000217E0,8.643000603E0,-3.400050163E0
3.349526639E2,2.845950127E0,8.488050461E0,-2.206050158E0
3.349551076E2,3.895050287E0,8.072999954E0,-1.729050040E0
3.349575512E2,5.152050018E0,7.621050358E0,-2.637000084E0
3.349599949E2,4.785000324E0,7.426950455E0,-4.156949997E0
3.349624383E2,4.090950012E0,8.083050728E0,-3.997050285E0
3.349648819E2,4.141050339E0,8.811000824E0,-2.818950176E0
3.349673256E2,4.030950069E0,9.445050240E0,-2.100000143E0
3.349697691E2,3.508950233E0,9.828000069E0,-1.972950101E0
3.349722127E2,2.494050026E0,9.952950478E0,-2.163000107E0
3.349746564E2,1.888050079E0,9.976950645E0,-1.570950031E0
3.349770998E2,2.070000172E0,9.024000168E0,-1.317000031E0
3.349795435E2,2.020050049E0,7.791000366E0,-1.039950013E0
3.349819872E2,1.917000055E0,6.804000378E0,-7.905000448E-2
3.349844308E2,2.188050032E0,6.543000221E0,4.890000224E-1
3.349868743E2,4.120050430E0,6.630000114E0,-2.490000129E-1
3.349893179E2,5.863050461E0,7.039050102E0,-2.866050243E0
3.349917616E2,6.030000210E0,7.669050217E0,-4.681050301E0
3.349942051E2,3.835050106E0,9.412050247E0,-5.148000240E0
3.349966487E2,2.370000124E0,1.004205036E1,-4.660050392E0
3.349990924E2,1.963050127E0,1.006800079E1,-3.577950239E0
3.350015359E2,2.097000122E0,9.244050026E0,-3.135000229E0
3.350039795E2,2.350050211E0,8.326950073E0,-2.596050024E0
3.350064232E2,3.733950138E0,6.654000282E0,-2.574000120E0
3.350088666E2,4.720950127E0,6.322950363E0,-3.220950127E0
3.350113104E2,4.153050423E0,6.739950180E0,-2.605050087E0
3.350137540E2,4.108050346E0,7.767000198E0,-2.602950096E0
3.350161977E2,3.387000084E0,8.566950798E0,-2.422950029E0
3.350186411E2,2.395950079E0,8.638050079E0,-2.809050083E0
3.350210847E2,1.852050066E0,8.527950287E0,-1.971000075E0
3.350235284E2,3.627000093E0,7.944000244E0,-2.452050209E0
3.350259719E2,5.556000233E0,7.372050285E0,-3.751950264E0
3.350284155E2,5.611050129E0,8.095050812E0,-4.401000023E0
3.350308592E2,5.085000038E0,8.635950089E0,-5.371050358E0
3.350333027E2,4.929000378E0,8.467950821E0,-5.554950237E0
3.350357463E2,3.610050201E0,1.032600021E1,-4.569000244E0
3.350381900E2,2.235000134E0,1.023105049E1,-2.980950117E0
3.350406337E2,8.659500480E-1,1.042500019E1,-1.936950088E0
3.350430771E2,1.069050074E0,9.862050056E0,-8.550000191E-1
3.350455207E2,1.237050056E0,8.727000237E0,-5.179499984E-1
3.350479644E2,1.594050050E0,7.032000542E0,-2.329500169E-1
3.350504079E2,1.797000051E0,6.571950436E0,-7.690500617E-1
3.350528515E2,2.839050055E0,6.655950546E0,-1.102050066E0
3.350552952E2,5.173050404E0,6.939000130E0,-2.814000130E0
3.350577387E2,6.315000534E0,7.795950413E0,-4.741050243E0
3.350601823E2,4.692000389E0,9.436050415E0,-5.203050137E0
3.350626260E2,2.779050112E0,1.040805054E1,-5.160000324E0
3.350650694E2,1.783050060E0,1.066605091E1,-5.131050110E0
3.350675131E2,1.900050044E0,9.598950386E0,-4.705049992E0
3.350699567E2,2.221050024E0,8.737050056E0,-4.018050194E0
3.350724004E2,2.844000101E0,7.518000126E0,-3.096000195E0
3.350748439E2,3.550050259E0,6.475950241E0,-2.902050257E0
3.350772875E2,3.817950249E0,6.759000301E0,-1.609050035E0
3.350797310E2,4.137000084E0,7.669050217E0,-1.911000133E0
3.350821746E2,3.246000051E0,8.179050446E0,-2.641050100E0
3.350846183E2,1.852050066E0,8.986050606E0,-2.799000025E0
3.350870620E2,1.551000118E0,8.566950798E0,-2.967000246E0
3.350895054E2,3.520950079E0,8.428050041E0,-3.124950171E0
3.350919490E2,5.109000206E0,8.072999954E0,-4.702950001E0
3.350943927E2,5.650050163E0,8.706000328E0,-5.965050220E0
3.350968362E2,5.688000202E0,8.559000015E0,-6.199050426E0
3.350992798E2,4.471950054E0,8.890050888E0,-6.058050156E0
3.351017235E2,3.741000175E0,9.511950493E0,-4.729050159E0
3.351041670E2,2.374050140E0,9.655950546E0,-3.244950056E0
3.351066107E2,8.400000334E-1,9.748950005E0,-1.590000033E0
3.351090543E2,1.050000042E-1,8.602950096E0,3.030000031E-1
3.351114980E2,1.240500063E-1,7.149000168E0,1.492950082E0
3.351139414E2,8.800500631E-1,6.069000244E0,2.182049990E0
3.351163850E2,3.042000055E0,5.698050499E0,-7.380000353E-1
3.351188287E2,5.677950382E0,6.426000118E0,-3.642000198E0
3.351212722E2,6.484950542E0,7.231050491E0,-6.193950176E0
3.351237158E2,4.768950462E0,8.863950729E0,-6.597000122E0
3.351261595E2,3.724950075E0,1.003200054E1,-5.244000435E0
3.351286032E2,2.218950033E0,1.078605080E1,-4.450950146E0
3.351310466E2,1.575000048E0,1.075995064E1,-3.775950193E0
3.351334903E2,1.795050144E0,9.727950096E0,-3.297000170E0
3.351359337E2,2.440950155E0,8.409000397E0,-4.096950054E0
3.351383774E2,3.174000263E0,7.192050457E0,-3.499050140E0
3.351408210E2,3.957000256E0,7.377000332E0,-2.581950188E0
3.351432647E2,3.673950195E0,7.924950600E0,-1.320000052E0
3.351457082E2,2.082000017E0,8.815950394E0,-3.640500307E-1
3.351481518E2,1.450050116E0,8.518950462E0,5.830500126E-1
3.351505955E2,3.612000227E0,9.426000595E0,-1.339050055E0
3.351530389E2,4.942950249E0,9.795000076E0,-4.626000404E0
3.351554826E2,5.106000423E0,9.952950478E0,-6.742950439E0
3.351579262E2,5.914950371E0,1.041495037E1,-8.092950821E0
3.351603697E2,5.319000244E0,1.022805023E1,-7.237950325E0
3.351628133E2,4.251000404E0,1.039800072E1,-5.530950069E0
3.351652570E2,4.237050056E0,1.003395081E1,-3.199050188E0
3.351677007E2,2.575050116E0,1.030695057E1,-1.837050080E0
3.351701441E2,1.606050134E0,9.034049988E0,-1.995000057E-2
3.351725878E2,1.315950036E0,7.804950237E0,1.722000122E0
3.351750313E2,7.410000563E-1,7.219050407E0,2.176950216E0
3.351774750E2,1.423950076E0,7.444050312E0,3.649500310E-1
3.351799186E2,4.279950142E0,7.516050339E0,-7.810500264E-1
3.351823623E2,6.370050430E0,8.452050209E0,-5.248950481E0
3.351848057E2,6.540000439E0,9.498000145E0,-6.778950214E0
3.351872493E2,4.703999996E0,9.297000885E0,-6.606000423E0
3.351896930E2,3.859050274E0,9.637050629E0,-5.221950054E0
3.351921365E2,3.325050116E0,9.469050407E0,-3.634950161E0
3.351945802E2,3.322050095E0,8.827950478E0,-2.506950140E0
3.351970238E2,3.583050251E0,7.348050117E0,-3.024000168E0
3.351994675E2,4.528950214E0,6.121950150E0,-2.874000072E0
3.352019110E2,5.619000435E0,6.121950150E0,-2.668050051E0
3.352043545E2,4.579050064E0,6.952950478E0,-2.203050137E0
3.352067982E2,1.882950068E0,8.053950310E0,-6.709500551E-1
3.352092417E2,1.069050074E0,8.425050735E0,9.850500226E-1
3.352116853E2,1.969950080E0,8.962050438E0,1.143000007E0
3.352141290E2,5.185050011E0,8.701050758E0,-3.265950203E0
3.352165725E2,6.033000469E0,8.728950500E0,-7.399050236E0
3.352190161E2,5.580000401E0,8.986050606E0,-8.613000870E0
3.352214598E2,5.022000313E0,9.024000168E0,-7.078050137E0
3.352239033E2,4.444950104E0,9.031050682E0,-3.894000292E0
3.352263469E2,3.852000237E0,7.987050533E0,-1.465950012E0
3.352287906E2,2.755050182E0,7.780950546E0,-4.800000042E-2
3.352312340E2,1.588950038E0,6.579000473E0,2.161050081E0
3.352336777E2,2.001000166E0,5.092950344E0,3.051000118E0
3.352361213E2,2.767050028E0,5.452050209E0,1.768050075E0
3.352385650E2,4.407000065E0,6.237000465E0,7.860000134E-1
3.352410085E2,5.536950111E0,7.936950207E0,-3.664050102E0
3.352434521E2,4.765950203E0,9.481050491E0,-5.035950184E0
3.352458958E2,3.760950089E0,9.922050476E0,-6.202050209E0
3.352483393E2,2.857950211E0,1.033605003E1,-5.389950275E0
3.352507829E2,4.171950340E0,9.805050850E0,-3.799950123E0
3.352532266E2,4.864050388E0,8.749050140E0,-3.256950140E0
3.352556703E2,4.174950123E0,7.992000580E0,-3.333000183E0
3.352581137E2,4.327950001E0,6.927000523E0,-3.538950205E0
3.352605573E2,5.608950138E0,5.667000294E0,-3.397950172E0
3.352630010E2,4.690050125E0,6.970050335E0,-3.238050222E0
3.352654445E2,2.619000196E0,7.816950321E0,-1.822950125E0
3.352678881E2,2.194950104E0,8.703000069E0,4.290000200E-1
3.352703318E2,4.117050171E0,9.237000465E0,7.005000114E-2
3.352727753E2,6.343950272E0,9.711000443E0,-3.859950066E0
3.352752189E2,5.892000198E0,1.004895020E1,-7.296000481E0
3.352776626E2,4.480950356E0,1.093200016E1,-8.232000351E0
3.352801061E2,3.765000105E0,1.057095051E1,-5.995950222E0
3.352825497E2,4.465050220E0,1.012095070E1,-3.898050070E0
3.352849934E2,4.045950413E0,9.148050308E0,-3.139050245E0
3.352874368E2,1.933950067E0,8.373000145E0,-2.160000056E-1
3.352898805E2,1.510050058E0,6.151050091E0,2.536050081E0
3.352923242E2,2.235000134E0,5.866050243E0,2.443050146E0
3.352947678E2,3.805950165E0,6.322950363E0,1.402050018E0
3.352972112E2,5.998950481E0,7.309950352E0,-2.767950058E0
3.352996549E2,5.757000446E0,8.290950775E0,-5.353950024E0
3.353020986E2,3.562050104E0,1.027605057E1,-4.791000366E0
3.353045421E2,2.464950085E0,1.047000027E1,-4.059000015E0
3.353069857E2,3.279000044E0,9.663000107E0,-3.223050117E0
3.353094294E2,4.600950241E0,8.928000450E0,-2.935950041E0
3.353118729E2,5.322000027E0,7.723950386E0,-4.059000015E0
3.353143165E2,4.681950092E0,6.751950264E0,-4.357950211E0
3.353167602E2,6.295950413E0,5.241000175E0,-4.783950329E0
3.353192036E2,5.257050037E0,6.250950336E0,-4.207050323E0
3.353216473E2,1.900050044E0,7.027050495E0,-1.435050011E0
3.353240910E2,1.314000010E0,7.360050201E0,2.380950212E0
3.353265346E2,3.499950171E0,8.302950859E0,1.573950052E0
3.353289781E2,5.226000309E0,9.406949997E0,-2.098050117E0
3.353314217E2,5.722050190E0,9.574950218E0,-6.712050438E0
3.353338654E2,5.215950012E0,9.985950470E0,-9.772050858E0
3.353363089E2,4.432950020E0,1.027395058E1,-8.517000198E0
3.353387525E2,3.435000181E0,1.061595058E1,-6.082050323E0
3.353411962E2,2.176050186E0,9.385950089E0,-3.606000185E0
3.353436396E2,6.700500250E-1,6.871950150E0,2.310000062E-1
3.353460833E2,7.605000585E-2,4.975050449E0,3.657000065E0
3.353485270E2,2.410050154E0,4.008000374E0,4.099950314E0
3.353509704E2,6.085050106E0,5.029950142E0,-3.430500031E-1
3.353534141E2,7.171950340E0,4.687950134E0,-3.373950243E0
3.353558577E2,6.897000313E0,6.654000282E0,-5.698950291E0
3.353583012E2,4.693950176E0,9.642000198E0,-4.834950447E0
3.353607449E2,2.817000151E0,1.126500034E1,-4.288949966E0
3.353631885E2,2.068050146E0,1.062300014E1,-3.111000061E0
3.353656322E2,3.301050186E0,9.915000916E0,-2.814000130E0
3.353680757E2,5.298000336E0,8.140049934E0,-4.345950127E0
3.353705193E2,6.318000317E0,7.105950356E0,-5.529000282E0
3.353729630E2,6.808950424E0,5.266950130E0,-6.625050545E0
3.353754064E2,3.898950100E0,5.398950100E0,-4.630950451E0
3.353778501E2,1.615050077E0,7.219050407E0,1.153050065E0
3.353802937E2,1.752000093E0,7.627950191E0,2.290050030E0
3.353827372E2,4.237050056E0,8.818050385E0,1.681950092E0
3.353851808E2,6.652950287E0,9.187050819E0,-3.171000242E0
3.353876245E2,4.582050323E0,1.074300098E1,-7.404000282E0
3.353900682E2,3.676950216E0,1.131795025E1,-8.292000771E0
3.353925117E2,4.405050278E0,1.136595058E1,-7.291050434E0
3.353949553E2,4.077000141E0,1.128705025E1,-5.821050167E0
3.353973990E2,1.696950078E0,1.003905010E1,-3.637050152E0
3.353998424E2,1.605000161E-2,7.338000298E0,1.525950074E0
3.354022860E2,-2.869500220E-1,5.682000160E0,3.825000286E0
3.354047297E2,3.052050114E0,4.836000443E0,1.720050097E0
3.354071732E2,6.796950340E0,5.638050079E0,-2.160000086E0
3.354096168E2,6.748950481E0,5.962050438E0,-4.369950294E0
3.354120605E2,5.935050488E0,7.269000530E0,-5.353950024E0
3.354145040E2,4.225049973E0,9.505050659E0,-3.979950190E0
3.354169477E2,2.868000031E0,1.152600098E1,-2.962050200E0
3.354193913E2,2.440950155E0,1.109505081E1,-2.941050053E0
3.354218350E2,3.697950125E0,9.699000359E0,-3.786000252E0
3.354242784E2,5.662050247E0,8.035050392E0,-5.311050415E0
3.354267221E2,6.736950397E0,6.784950256E0,-7.830000401E0
3.354291657E2,4.237050056E0,4.647000313E0,-6.610950470E0
3.354316092E2,1.725000024E0,4.992000103E0,-9.460500479E-1
3.354340528E2,3.306000233E0,6.622950077E0,2.890950203E0
3.354364965E2,6.823050499E0,7.441050529E0,5.370000005E-1
3.354389400E2,6.483000278E0,8.482950211E0,-3.661050081E0
3.354413836E2,4.101000309E0,9.795000076E0,-6.505950451E0
3.354438273E2,3.745950222E0,1.090605068E1,-7.300950527E0
3.354462708E2,3.994950294E0,1.150200081E1,-6.499050140E0
3.354487144E2,3.436950207E0,1.024500084E1,-5.874000072E0
3.354511581E2,1.576950073E0,9.049950600E0,-3.430950165E0
3.354536015E2,2.100000158E-2,7.249950409E0,9.660000205E-1
3.354560452E2,9.070500135E-1,5.871000290E0,2.461950064E0
3.354584889E2,4.620000362E0,4.405050278E0,1.519500017E-1
3.354609323E2,6.421050072E0,5.205000401E0,-2.725050211E0
3.354633760E2,5.242950439E0,7.036950111E0,-4.261950016E0
3.354658196E2,3.945000172E0,8.208000183E0,-4.015950203E0
3.354682633E2,2.929950237E0,9.164999962E0,-3.417000055E0
3.354707068E2,3.058950186E0,1.055895042E1,-3.585000277E0
3.354731504E2,3.997950077E0,1.069005013E1,-3.859950066E0
3.354755941E2,4.897950172E0,9.204000473E0,-5.467050076E0
3.354780376E2,6.651000500E0,8.296050072E0,-6.963000298E0
3.354804813E2,5.145000458E0,6.799950123E0,-8.608050346E0
3.354829249E2,1.435950041E0,5.799000263E0,-4.747950077E0
3.354853683E2,1.435950041E0,5.667000294E0,1.207950115E0
3.354878120E2,5.580000401E0,6.096000195E0,1.267050028E0
3.354902556E2,9.093000412E0,7.662000179E0,-2.851950169E0
3.354926991E2,6.057000160E0,8.773050308E0,-5.203050137E0
3.354951428E2,4.021950245E0,1.003905010E1,-6.082050323E0
3.354975864E2,3.322050095E0,1.133700085E1,-5.656050205E0
3.355000301E2,2.868000031E0,1.200495052E1,-4.926000118E0
3.355024736E2,1.716000080E0,1.084800053E1,-4.554000378E0
3.355049172E2,-4.305000231E-2,8.179050446E0,-1.008000016E0
3.355073609E2,-2.680500150E-1,6.639000416E0,2.188950062E0
3.355098043E2,2.544000149E0,5.782050133E0,1.858950138E0
3.355122479E2,6.532950401E0,5.569050312E0,-2.545950174E0
3.355146916E2,6.910950184E0,6.193950176E0,-4.630950451E0
3.355171351E2,5.773950100E0,8.290950775E0,-3.877050161E0
3.355195788E2,3.864000082E0,9.565050125E0,-3.520050049E0
3.355220224E2,2.434050083E0,1.062105083E1,-2.610000134E0
3.355244659E2,3.157050133E0,1.082400036E1,-3.216000080E0
3.355269095E2,4.657950401E0,9.828000069E0,-4.416000366E0
3.355293532E2,6.865950108E0,7.993950367E0,-6.361950397E0
3.355317966E2,7.081050396E0,6.928950310E0,-8.416049957E0
3.355342403E2,3.928050280E0,5.902050495E0,-6.855000496E0
3.355366839E2,1.711050034E0,7.276050568E0,-1.612050056E0
3.355391276E2,3.531000137E0,7.579950333E0,1.639050126E0
3.355415711E2,6.928050518E0,8.614950180E0,-6.280500293E-1
3.355440148E2,5.604000092E0,9.486000061E0,-4.660050392E0
3.355464584E2,3.628950119E0,1.004205036E1,-5.914050102E0
3.355489018E2,3.001950026E0,1.003695011E1,-5.328000069E0
3.355513455E2,4.165050030E0,1.027095032E1,-4.273950100E0
3.355537891E2,4.081050396E0,9.481050491E0,-4.360050201E0
3.355562326E2,1.974000096E0,7.852950573E0,-2.428050041E0
3.355586763E2,1.234950066E0,6.514950275E0,1.126049995E0
3.355611199E2,3.186000109E0,5.863950253E0,2.412000179E0
3.355635634E2,6.445050240E0,5.611950397E0,-8.770500422E-1
3.355660071E2,7.318950176E0,6.124050140E0,-3.826950073E0
3.355684507E2,5.446050167E0,7.647000313E0,-4.542000294E0
3.355708944E2,3.708000183E0,8.962050438E0,-3.979950190E0
3.355733378E2,2.985000134E0,9.273000717E0,-3.268950224E0
3.355757814E2,3.543000221E0,1.000995064E1,-3.349950075E0
3.355782251E2,4.041000366E0,9.556050301E0,-3.877050161E0
3.355806686E2,4.612950325E0,8.281949997E0,-4.207050323E0
3.355831123E2,6.030000210E0,7.111050129E0,-5.134050369E0
3.355855559E2,4.435950279E0,5.358000278E0,-5.445000172E0
3.355879994E2,1.819050074E0,6.718050480E0,-1.890000105E0
3.355904430E2,3.552000284E0,6.595950127E0,1.212000012E0
3.355928867E2,7.603050232E0,8.039999962E0,-3.930000067E-1
3.355953304E2,8.002950668E0,9.180000305E0,-5.538000107E0
3.355977738E2,5.104050159E0,1.023495007E1,-7.825050354E0
3.356002175E2,3.439950228E0,1.083195019E1,-7.758000374E0
3.356026611E2,2.719050169E0,1.065405083E1,-5.050050259E0
3.356051046E2,3.382050276E0,9.759000778E0,-3.709050179E0
3.356075483E2,2.556000233E0,7.626000404E0,-2.842050076E0
3.356099919E2,9.259500504E-1,5.365950108E0,5.130000114E-1
3.356124353E2,1.560000062E0,4.183050156E0,3.042000055E0
3.356148790E2,5.563950062E0,3.952950239E0,1.564050078E0
3.356173226E2,8.422050476E0,4.546950340E0,-1.849050045E0
3.356197661E2,7.921950340E0,5.880000114E0,-3.913050175E0
3.356222098E2,5.571000099E0,8.401050568E0,-4.444050312E0
3.356246534E2,3.169050217E0,9.637050629E0,-4.486950397E0
3.356270971E2,2.520000219E0,9.960000038E0,-3.223050117E0
3.356295405E2,3.864000082E0,9.321000099E0,-3.067950249E0
3.356319841E2,5.058000088E0,7.471950531E0,-4.369950294E0
3.356344276E2,5.544000149E0,6.783000469E0,-4.678950310E0
3.356368713E2,6.576000214E0,4.615950108E0,-6.463050365E0
3.356393150E2,4.515000343E0,4.069950104E0,-5.455050468E0
3.356417586E2,2.896050215E0,5.847000122E0,-6.060000062E-1
3.356442020E2,4.026000023E0,7.378950119E0,1.156949997E0
3.356466457E2,6.556950092E0,8.008950233E0,-8.220000267E-1
3.356490894E2,5.764950275E0,8.943000793E0,-4.179000378E0
3.356515328E2,3.682050228E0,9.582000732E0,-5.782950401E0
3.356539765E2,3.286950111E0,9.766050339E0,-5.251050472E0
3.356564201E2,4.407000065E0,1.000095081E1,-4.348950386E0
3.356588638E2,4.972050190E0,8.776950836E0,-5.232000351E0
3.356613073E2,3.504000187E0,7.450950146E0,-3.694950104E0
3.356637509E2,1.981950045E0,5.830050468E0,-4.650000334E-1
3.356661946E2,2.992050171E0,4.807950020E0,2.185050011E0
3.356686380E2,5.611050129E0,4.219050407E0,6.790500283E-1
3.356710817E2,7.216050148E0,5.800950050E0,-1.744050026E0
3.356735253E2,5.932050228E0,6.952950478E0,-4.284000397E0
3.356759688E2,3.660000086E0,7.486950397E0,-4.972950459E0
3.356784125E2,2.890950203E0,8.454000473E0,-4.830000401E0
3.356808561E2,2.190000057E0,9.440999985E0,-2.778000116E0
3.356832995E2,3.291000128E0,8.344050407E0,-1.537950039E0
3.356857432E2,5.452950478E0,7.542000294E0,-1.921050072E0
3.356881868E2,6.250950336E0,7.219050407E0,-3.810000181E0
3.356906305E2,5.428950310E0,6.378000259E0,-5.926050186E0
3.356930740E2,3.801000118E0,5.883000374E0,-5.401950359E0
3.356955176E2,2.404950142E0,6.678000450E0,-7.429500222E-1
3.356979613E2,2.911050081E0,7.710000515E0,1.006950021E0
3.357004048E2,4.993950367E0,8.227050781E0,-7.020000219E-1
3.357028484E2,5.407950401E0,8.671950340E0,-5.458950043E0
3.357052921E2,4.157999992E0,9.223050117E0,-7.285950184E0
3.357077358E2,3.622050285E0,9.721050262E0,-6.709050179E0
3.357101793E2,3.885000229E0,1.020195007E1,-4.582950115E0
3.357126229E2,3.934950113E0,9.615000725E0,-3.007950068E0
3.357150666E2,2.203950167E0,8.719950676E0,-2.111999989E0
3.357175100E2,1.021950006E0,8.253000259E0,4.560000300E-1
3.357199536E2,1.663050056E0,5.695950508E0,1.177050114E0
3.357223973E2,4.467000008E0,5.337000370E0,-3.210000098E-1
3.357248408E2,7.069950104E0,5.430000305E0,-3.501000166E0
3.357272845E2,5.899050236E0,7.645050526E0,-5.151000023E0
3.357297281E2,4.314000130E0,8.334000587E0,-5.299050331E0
3.357321718E2,3.069000244E0,9.429000854E0,-4.039950371E0
3.357346152E2,1.960050106E0,1.006995010E1,-2.506950140E0
3.357370589E2,2.662050009E0,9.975000381E0,-1.336050034E0
3.357395025E2,4.624950409E0,8.512050629E0,-3.100950241E0
3.357419460E2,5.154000282E0,7.707000256E0,-4.906050205E0
3.357443896E2,5.698050499E0,6.283050060E0,-6.178050518E0
3.357468333E2,4.678050041E0,6.129000187E0,-5.977050304E0
3.357492768E2,2.085000038E0,6.583950520E0,-1.521000028E0
3.357517204E2,2.125050068E0,8.310000420E0,1.621950030E0
3.357541641E2,4.266000271E0,9.378000259E0,3.859500289E-1
3.357566075E2,5.142000198E0,9.840000153E0,-4.501950264E0
3.357590512E2,3.528000116E0,1.022100067E1,-7.923000336E0
3.357614949E2,3.169050217E0,1.032195091E1,-7.753050327E0
3.357639383E2,3.313050270E0,1.003395081E1,-5.445000172E0
3.357663820E2,3.796950102E0,9.685050011E0,-3.034050226E0
3.357688256E2,2.959050179E0,8.643000603E0,-1.542000055E0
3.357712693E2,2.209050179E0,7.336050510E0,-6.300000101E-2
3.357737128E2,2.101050138E0,5.121000290E0,1.095000029E0
3.357761564E2,3.799050093E0,5.277000427E0,-1.300500035E-1
3.357786001E2,5.698050499E0,5.824950218E0,-2.661000013E0
3.357810435E2,5.310000420E0,7.116000175E0,-4.698000431E0
3.357834872E2,4.383000374E0,8.212050438E0,-5.446950436E0
3.357859309E2,3.162000179E0,9.081000328E0,-4.746000290E0
3.357883743E2,1.852050066E0,9.295050621E0,-3.028950214E0
3.357908180E2,3.013950109E0,8.445000648E0,-1.791000128E0
3.357932616E2,5.116050243E0,7.771950245E0,-2.467050076E0
3.357957053E2,5.713950157E0,6.868950367E0,-4.510950089E0
3.357981488E2,5.518050194E0,5.722050190E0,-5.521950245E0
3.358005924E2,5.860050201E0,5.023050308E0,-6.154050350E0
3.358030361E2,3.346050262E0,6.559950352E0,-4.471050262E0
3.358054795E2,1.536000013E0,7.666050434E0,-6.520500183E-1
3.358079232E2,1.443000078E0,8.313000679E0,1.188000083E0
3.358103669E2,3.574050188E0,8.458950043E0,-7.189500332E-1
3.358128103E2,4.996050358E0,8.646000862E0,-5.401950359E0
3.358152540E2,4.309050083E0,8.928000450E0,-7.987950325E0
3.358176976E2,3.619050264E0,9.457050323E0,-7.497000217E0
3.358201413E2,4.165050030E0,9.943050385E0,-4.461000443E0
3.358225848E2,4.237050056E0,9.541050911E0,-3.312000275E0
3.358250285E2,2.752950191E0,8.943000793E0,-2.766000032E0
3.358274721E2,1.480950117E0,8.152050018E0,-1.204950094E0
3.358299155E2,1.417050123E0,6.145950317E0,2.280000150E-1
3.358323592E2,3.421050072E0,5.193000317E0,-2.160000056E-1
3.358348029E2,5.002950191E0,6.076950073E0,-2.236950159E0
3.358372463E2,5.560950279E0,6.306000233E0,-4.600050449E0
3.358396900E2,4.812000275E0,7.546950340E0,-5.542950153E0
3.358421336E2,3.306000233E0,8.923050880E0,-4.126049995E0
3.358445771E2,2.299950123E0,1.020195007E1,-2.395050049E0
3.358470208E2,3.009000063E0,9.862050056E0,-1.495050073E0
3.358494644E2,4.795050144E0,9.256050110E0,-3.075000048E0
3.358519078E2,4.960050106E0,8.976000786E0,-5.661000252E0
3.358543515E2,4.381050110E0,7.743000507E0,-6.670950413E0
3.358567952E2,5.635050297E0,6.274950504E0,-7.260000229E0
3.358592388E2,3.136050224E0,7.188000202E0,-4.653000355E0
3.358616823E2,1.069050074E0,7.681050301E0,2.639999986E-1
3.358641260E2,1.998000145E0,8.425050735E0,2.017050028E0
3.358665696E2,4.648950100E0,8.575950623E0,-4.770000279E-1
3.358690131E2,5.887050152E0,9.453000069E0,-5.905050278E0
3.358714568E2,3.993000269E0,1.041705036E1,-7.837050438E0
3.358739004E2,2.677950144E0,1.146900082E1,-7.537950516E0
3.358763441E2,3.339000225E0,1.158600044E1,-5.311050415E0
3.358787875E2,3.880050182E0,1.084095097E1,-4.030050278E0
3.358812312E2,3.295950174E0,9.916950226E0,-3.490950108E0
3.358836748E2,2.073000193E0,8.301000595E0,-1.144950032E0
3.358861183E2,1.699050069E0,6.217950344E0,6.790500283E-1
3.358885620E2,4.204050064E0,4.864950180E0,-2.205000073E-2
3.358910056E2,6.178950310E0,5.599950314E0,-2.127000093E0
3.358934493E2,6.220050335E0,6.771000385E0,-4.437000275E0
3.358958927E2,5.154000282E0,8.242950439E0,-4.963950157E0
3.358983364E2,3.564000130E0,9.301950455E0,-3.943950176E0
3.359007800E2,2.137050152E0,1.054695034E1,-2.425950050E0
3.359032235E2,2.736000061E0,1.040295029E1,-1.681050062E0
3.359056671E2,5.014950275E0,9.238950729E0,-3.448050261E0
3.359081108E2,5.431950092E0,8.662050247E0,-5.799000263E0
3.359105543E2,4.705950260E0,7.374000549E0,-6.891000271E0
3.359129979E2,5.221050262E0,6.214950085E0,-6.715950489E0
3.359154416E2,2.844000101E0,6.808950424E0,-3.763950109E0
3.359178850E2,1.195950031E0,7.282950401E0,8.130000234E-1
3.359203288E2,2.032050133E0,8.004000664E0,2.131950140E0
3.359227724E2,5.001000404E0,8.121000290E0,-7.279500365E-1
3.359252161E2,6.447000504E0,8.017950058E0,-6.244950294E0
3.359276595E2,5.121000290E0,9.430950165E0,-8.119950294E0
3.359301031E2,4.009950161E0,1.051605034E1,-7.381950378E0
3.359325468E2,4.261050224E0,1.042500019E1,-4.957050323E0
3.359349903E2,4.459950447E0,9.709050179E0,-3.855000257E0
3.359374340E2,2.635050058E0,8.986050606E0,-2.332950115E0
3.359398776E2,1.306050062E0,7.486950397E0,6.640500426E-1
3.359423211E2,1.993950129E0,5.037000179E0,2.359050035E0
3.359447648E2,4.989000320E0,4.518000126E0,7.360500097E-1
3.359472084E2,7.302000523E0,5.301000118E0,-2.167050123E0
3.359496521E2,7.126950264E0,6.400050163E0,-4.906050205E0
3.359520955E2,5.524950027E0,7.951050282E0,-6.154050350E0
3.359545392E2,2.913000107E0,1.006500053E1,-5.148000240E0
3.359569828E2,1.558050036E0,1.131300068E1,-3.285000086E0
3.359594263E2,2.415000200E0,1.038900089E1,-2.377950191E0
3.359618700E2,4.393050194E0,9.040950775E0,-3.280950069E0
3.359643136E2,5.262000084E0,7.804950237E0,-4.798950195E0
3.359667571E2,5.419950485E0,6.217950344E0,-5.707950115E0
3.359692008E2,5.668950081E0,5.422950268E0,-5.313000202E0
3.359716444E2,3.193050146E0,6.271050453E0,-2.103000164E0
3.359740881E2,2.077050209E0,7.483950138E0,1.519050121E0
3.359765315E2,3.241050243E0,8.064000130E0,1.758000135E0
3.359789752E2,5.130000114E0,9.261000633E0,-1.075950027E0
3.359814188E2,5.631000042E0,9.466950417E0,-6.108000278E0
3.359838623E2,3.871050119E0,1.009395027E1,-7.866000175E0
3.359863060E2,2.785950184E0,1.049895096E1,-6.309000492E0
3.359887496E2,4.266000271E0,9.952950478E0,-3.349950075E0
3.359911933E2,4.789950371E0,9.169950485E0,-2.821050167E0
3.359936368E2,2.631000042E0,9.205950737E0,-1.059000015E0
3.359960804E2,1.359000087E0,7.092000484E0,9.870000482E-1
3.359985241E2,2.254950047E0,5.149950027E0,1.528050065E0
3.360009676E2,4.012050152E0,5.800950050E0,-1.780500114E-1
3.360034112E2,5.206950188E0,6.535950184E0,-3.325950146E0
3.360058549E2,5.455950260E0,7.378950119E0,-5.392050266E0
3.360082986E2,4.551000118E0,8.133000374E0,-5.980950356E0
3.360107420E2,3.073050261E0,9.751950264E0,-4.486950397E0
3.360131856E2,2.323950052E0,1.010595036E1,-2.446950197E0
3.360156293E2,3.957000256E0,8.848950386E0,-2.124000072E0
3.360180728E2,5.382000446E0,8.338950157E0,-3.393000126E0
3.360205164E2,5.428950310E0,6.888000488E0,-5.284950256E0
3.360229601E2,5.128050327E0,5.514000416E0,-5.842950344E0
3.360254036E2,5.331000328E0,4.759950161E0,-5.689050198E0
3.360278473E2,3.460950136E0,5.775000095E0,-2.233950138E0
3.360302909E2,2.452950001E0,7.210950375E0,1.228950024E0
3.360327343E2,3.306000233E0,7.795950413E0,1.741950035E0
3.360351780E2,4.903050423E0,8.629050255E0,-1.297950029E0
3.360376216E2,4.222949982E0,9.567000389E0,-6.172950268E0
3.360400651E2,3.720000267E0,1.031700039E1,-8.479050636E0
3.360425088E2,2.449050188E0,1.051605034E1,-7.569000244E0
3.360449524E2,2.263950109E0,9.943050385E0,-4.114050388E0
3.360473961E2,2.865000248E0,9.414000511E0,-2.356050014E0
3.360498396E2,3.222000122E0,8.926050186E0,-9.130500555E-1
3.360522833E2,2.575050116E0,6.859950542E0,-2.490000129E-1
3.360547269E2,2.530050039E0,5.623950481E0,3.529500067E-1
3.360571703E2,3.184050083E0,6.328050137E0,1.800000072E-1
3.360596140E2,4.132050037E0,7.348050117E0,-2.257950068E0
3.360620577E2,5.365050316E0,7.747950554E0,-4.497000217E0
3.360645013E2,4.966950417E0,8.622000694E0,-5.566950321E0
3.360669448E2,3.526050091E0,9.823950768E0,-4.114050388E0
3.360693885E2,3.025950193E0,1.005600071E1,-2.470950127E0
3.360718321E2,3.519000053E0,9.004950523E0,-2.224950075E0
3.360742758E2,3.865950108E0,9.024000168E0,-2.038050175E0
3.360767193E2,4.306950092E0,8.377950668E0,-3.694950104E0
3.360791629E2,4.596000195E0,6.996000290E0,-4.698000431E0
3.360816066E2,4.519950390E0,7.213950157E0,-4.600050449E0
3.360840500E2,3.448950052E0,8.101950645E0,-3.493950129E0
3.360864936E2,1.600950122E0,9.031050682E0,-1.066050053E0
3.360889373E2,4.399500191E-1,9.208050728E0,8.389500380E-1
3.360913808E2,7.219500542E-1,9.289950371E0,1.106999993E0
3.360938245E2,3.615000248E0,9.225000381E0,-3.226050138E0
3.360962681E2,5.463000298E0,9.156000137E0,-6.205950260E0
3.360987116E2,4.702050209E0,9.187050819E0,-6.654000282E0
3.361011553E2,3.624000072E0,9.187050819E0,-5.128950119E0
3.361035989E2,3.100050211E0,9.313950539E0,-1.923000097E0
3.361060423E2,3.792000294E0,8.952000618E0,-8.650500178E-1
3.361084860E2,4.642050266E0,8.569050789E0,-1.131000042E0
3.361109297E2,5.005950451E0,7.246950150E0,-2.566950083E0
3.361133733E2,4.012050152E0,6.378000259E0,-3.712050200E0
3.361158168E2,3.319950104E0,6.649050236E0,-2.883000135E0
3.361182605E2,2.805000067E0,7.147050381E0,-1.750950098E0
3.361207041E2,3.178950071E0,7.401000500E0,-3.910500109E-1
3.361231476E2,4.285050392E0,7.855950356E0,-9.799500704E-1
3.361255912E2,4.990950108E0,7.984950542E0,-3.130050182E0
3.361280349E2,4.744950294E0,8.464050293E0,-4.890000343E0
3.361304786E2,3.499950171E0,9.129000664E0,-6.079950333E0
3.361329220E2,2.359950066E0,8.955000877E0,-4.474950314E0
3.361353657E2,1.957950115E0,8.296050072E0,-2.131050110E0
3.361378093E2,2.793000221E0,7.401000500E0,-1.140000105E0
3.361402530E2,4.279950142E0,6.868950367E0,-1.606950045E0
3.361426965E2,5.194950104E0,6.241950512E0,-3.148950100E0
3.361451401E2,4.801950455E0,7.468050480E0,-4.044000149E0
3.361475838E2,2.662050009E0,8.016000748E0,-3.409950256E0
3.361500272E2,1.098000050E0,8.634000778E0,-1.822950125E0
3.361524709E2,1.450050116E0,8.890050888E0,-6.280500293E-1
3.361549146E2,3.217050076E0,9.043050766E0,-2.292000055E0
3.361573580E2,5.374050140E0,8.204999924E0,-4.686000347E0
3.361598017E2,5.548950195E0,8.017950058E0,-6.484050274E0
3.361622453E2,4.096050262E0,8.410950661E0,-6.226050377E0
3.361646890E2,2.590050220E0,8.638050079E0,-3.714000225E0
3.361671325E2,2.611050129E0,8.440050125E0,-9.559500217E-1
3.361695761E2,3.331950188E0,8.641050339E0,-1.500000060E-2
3.361720198E2,3.574050188E0,8.454000473E0,-1.071000099E0
3.361744633E2,3.004050255E0,7.960950375E0,-2.790000200E0
3.361769070E2,2.213999987E0,7.731000423E0,-3.147000074E0
3.361793506E2,1.225050092E0,7.743000507E0,-1.830000043E0
3.361817940E2,1.060050011E0,7.786050320E0,-3.859500289E-1
3.361842377E2,2.800950050E0,7.555950165E0,-1.027950048E0
3.361866813E2,5.479950428E0,7.671000481E0,-3.561000109E0
3.361891250E2,6.849000454E0,7.839000225E0,-5.613000393E0
3.361915685E2,5.239950180E0,8.386950493E0,-6.331050396E0
3.361940121E2,3.409050226E0,9.295050621E0,-5.325000286E0
3.361964558E2,2.158950090E0,9.259050369E0,-3.048000097E0
3.361988993E2,1.536000013E0,8.679000854E0,-8.430000544E-1
3.362013429E2,2.137050152E0,7.717050552E0,-1.129500046E-1
3.362037866E2,4.060050011E0,6.973950386E0,-1.777050138E0
3.362062303E2,4.825950146E0,7.021950245E0,-3.907950163E0
3.362086737E2,3.919050217E0,7.767000198E0,-4.375050068E0
3.362111173E2,2.572950125E0,8.590950012E0,-3.285000086E0
3.362135610E2,1.134000063E0,9.402000427E0,-1.204950094E0
3.362160045E2,1.066950083E0,9.229950905E0,-1.900500059E-1
3.362184481E2,2.793000221E0,9.172050476E0,-1.465950012E0
3.362208918E2,5.631000042E0,8.713050842E0,-5.470950127E0
3.362233353E2,5.632950306E0,8.257950783E0,-8.076000214E0
3.362257790E2,4.419000149E0,7.911000252E0,-7.612050533E0
3.362282226E2,3.138000250E0,8.020950317E0,-3.976950169E0
3.362306663E2,2.803050041E0,8.281949997E0,-2.419500053E-1
3.362331098E2,3.109050035E0,8.346000671E0,1.153050065E0
3.362355534E2,3.528000116E0,8.047050476E0,6.040500402E-1
3.362379971E2,3.768000126E0,7.939050198E0,-2.529000044E0
3.362404405E2,2.791050196E0,7.930050373E0,-4.300950050E0
3.362428842E2,1.723050117E0,7.792950153E0,-3.673050165E0
3.362453278E2,7.459500432E-1,8.028000832E0,-8.149500489E-1
3.362477713E2,1.387950063E0,7.705050468E0,8.100000620E-1
3.362502150E2,3.603000164E0,7.738050461E0,-9.105000645E-2
3.362526586E2,6.481050491E0,7.461000443E0,-3.277950048E0
3.362551023E2,6.378000259E0,7.494000435E0,-6.070050240E0
3.362575457E2,4.085999966E0,8.164050102E0,-7.186050415E0
3.362599894E2,2.499000072E0,9.001950264E0,-5.572050095E0
3.362624330E2,1.606050134E0,8.701050758E0,-2.839950085E0
3.362648767E2,1.207950115E0,8.467950821E0,-1.680000126E-1
3.362673202E2,2.635050058E0,7.935000420E0,3.289500177E-1
3.362697638E2,4.447950363E0,7.591950417E0,-1.783950090E0
3.362722075E2,4.102950096E0,7.774050236E0,-3.841050148E0
3.362746510E2,2.925000191E0,8.425050735E0,-4.288949966E0
3.362770946E2,1.633950114E0,9.346950531E0,-2.698950052E0
3.362795383E2,8.970000148E-1,9.433050156E0,-9.529500604E-1
3.362819817E2,1.263000011E0,9.124950409E0,3.670500219E-1
3.362844254E2,3.483000278E0,8.590950012E0,-8.190000653E-1
3.362868690E2,5.803050041E0,8.136000633E0,-4.078050137E0
3.362893125E2,5.745000362E0,7.867950439E0,-6.307050228E0
3.362917562E2,4.465050220E0,8.301000595E0,-5.899950504E0
3.362941998E2,3.406050205E0,9.205950737E0,-3.238050222E0
3.362966435E2,2.833950043E0,9.769050598E0,-1.032000065E0
3.362990870E2,3.025950193E0,9.856950760E0,-6.090000272E-1
3.363015307E2,3.258000135E0,1.004595089E1,-7.669500113E-1
3.363039743E2,2.937000036E0,9.807000160E0,-2.971950054E0
3.363064178E2,2.235000134E0,9.807000160E0,-3.700050116E0
3.363088614E2,1.642050028E0,9.061950684E0,-3.148950100E0
3.363113051E2,6.739500165E-1,8.928000450E0,-7.090500593E-1
3.363137488E2,5.620500445E-1,8.421000481E0,1.021050096E0
3.363161922E2,2.496000051E0,8.398950577E0,7.800000161E-2
3.363186358E2,5.713950157E0,8.926050186E0,-2.341950178E0
3.363210795E2,5.680950165E0,9.031050682E0,-3.894000292E0
3.363235230E2,4.843050003E0,8.892000198E0,-4.705049992E0
3.363259667E2,3.636000156E0,1.041300011E1,-4.935000420E0
3.363284103E2,2.853000164E0,1.018005085E1,-3.288000107E0
3.363308540E2,2.607000113E0,9.430950165E0,-1.815000057E0
3.363332974E2,3.378000259E0,8.184000015E0,-7.570500374E-1
3.363357410E2,4.620000362E0,8.397000313E0,-1.165950060E0
3.363381847E2,4.612950325E0,7.993950367E0,-2.155050039E0
3.363406282E2,3.636000156E0,8.590950012E0,-2.514000177E0
3.363430719E2,3.151950121E0,9.127050400E0,-1.966050148E0
3.363455155E2,2.494050026E0,9.673050880E0,-1.702950120E0
3.363479590E2,2.134950161E0,9.316050529E0,-1.293000102E0
3.363504026E2,2.431950092E0,9.000000000E0,-1.308000088E0
3.363528463E2,3.873000145E0,8.836950302E0,-2.413950205E0
3.363552897E2,4.788000107E0,7.984950542E0,-4.210050106E0
3.363577334E2,4.837950230E0,8.254950523E0,-4.573950291E0
3.363601771E2,4.512000084E0,8.272050858E0,-3.585000277E0
3.363626207E2,4.062000275E0,8.638050079E0,-2.455050230E0
3.363650642E2,4.029000282E0,9.097949982E0,-1.228950024E0
3.363675079E2,3.507000208E0,8.919000626E0,-1.042050004E0
3.363699515E2,3.397050142E0,9.172050476E0,-9.889500737E-1
3.363723952E2,3.580950260E0,8.755949974E0,-9.730500579E-1
3.363748387E2,3.315000057E0,8.527950287E0,-1.411050081E0
3.363772823E2,2.592000008E0,7.978050232E0,-8.790000677E-1
3.363797260E2,1.684950113E0,8.053950310E0,5.179499984E-1
3.363821694E2,1.909950137E0,8.088000298E0,4.290000200E-1
3.363846130E2,2.602050066E0,8.539950371E0,-3.859500289E-1
3.363870567E2,4.414050102E0,9.274950027E0,1.920000017E-1
3.363895002E2,5.166000366E0,8.859000206E0,-3.388050079E0
3.363919439E2,5.626050472E0,8.794050217E0,-4.786950111E0
3.363943875E2,3.832050085E0,1.013295078E1,-5.467050076E0
3.363968312E2,2.386050224E0,1.065900040E1,-3.846000195E0
3.363992747E2,2.158950090E0,1.002495003E1,-1.438950062E0
3.364017184E2,2.757000208E0,9.627000809E0,-9.600000083E-2
3.364041620E2,4.394999981E0,8.785050392E0,-8.910000324E-1
3.364066054E2,4.435950279E0,7.908000469E0,-2.007000208E0
3.364090491E2,3.469050169E0,8.614950180E0,-3.001050234E0
3.364114927E2,3.109050035E0,9.163050652E0,-1.981050134E0
3.364139364E2,2.463000059E0,9.031050682E0,-1.375050068E0
3.364163799E2,2.343000174E0,8.907000542E0,-7.500000298E-2
3.364188236E2,3.169050217E0,8.928000450E0,8.700000495E-2
3.364212672E2,4.314000130E0,9.037950516E0,-9.700500369E-1
3.364237106E2,4.726050377E0,9.469050407E0,-2.955000162E0
3.364261543E2,3.670050144E0,9.735000610E0,-3.771000147E0
3.364285979E2,3.334050179E0,9.879000664E0,-2.968950033E0
3.364310416E2,3.327000141E0,1.027395058E1,-1.594950080E0
3.364334851E2,3.531000137E0,1.018005085E1,-1.102050066E0
3.364359287E2,3.483000278E0,9.856950760E0,-1.420050025E0
3.364383724E2,3.066000223E0,9.723000526E0,-1.834950089E0
3.364408158E2,3.399000168E0,9.223050117E0,-2.569950104E0
3.364432595E2,3.172050238E0,9.199050903E0,-3.040950060E0
3.364457031E2,2.343000174E0,8.818050385E0,-2.376000166E0
3.364481466E2,1.366050124E0,8.908950806E0,1.050000079E-3
3.364505903E2,1.182000041E0,8.785050392E0,5.850000381E-1
3.364530339E2,1.720950127E0,8.385000229E0,-1.680000126E-1
3.364554774E2,2.845950127E0,8.473050117E0,1.255950093E0
3.364579211E2,5.062950134E0,8.488050461E0,-1.248000026E0
3.364603647E2,5.287950039E0,8.551950455E0,-5.007000446E0
3.364628084E2,4.117050171E0,9.000000000E0,-6.115050316E0
3.364652518E2,2.803050041E0,8.950050354E0,-4.602000237E0
3.364676955E2,1.929000139E0,8.743950844E0,-1.345950007E0
3.364701391E2,2.032050133E0,8.758049965E0,6.790500283E-1
3.364725828E2,3.058950186E0,8.539950371E0,8.389500380E-1
3.364750263E2,4.572000027E0,7.759950161E0,-6.210000515E-1
3.364774699E2,5.221050262E0,7.779000282E0,-3.151050091E0
3.364799136E2,4.729950428E0,8.812950134E0,-3.799950123E0
3.364823571E2,3.322050095E0,9.544050217E0,-3.478950262E0
3.364848008E2,1.527000070E0,1.016805077E1,-1.399050117E0
3.364872444E2,1.012050033E0,9.682050705E0,2.639999986E-1
3.364896881E2,1.596000075E0,9.085950851E0,5.250000358E-1
3.364921315E2,3.499950171E0,8.751000404E0,-1.324950099E0
3.364945751E2,4.915050030E0,8.527950287E0,-3.943950176E0
3.364970188E2,4.588950157E0,8.710050583E0,-4.684050083E0
3.364994623E2,3.136050224E0,9.747000694E0,-3.223050117E0
3.365019060E2,2.416950226E0,1.018305016E1,-1.024950027E0
3.365043496E2,2.226000071E0,1.033095074E1,5.130000114E-1
3.365067931E2,2.002950191E0,1.020405006E1,4.249500334E-1
3.365092368E2,2.401050091E0,1.010100079E1,-2.610000074E-1
3.365116804E2,3.469050169E0,8.690999985E0,-2.328000069E0
3.365141241E2,3.904050112E0,8.005949974E0,-3.970050097E0
3.365165675E2,2.908050060E0,7.635000229E0,-3.357000113E0
3.365190112E2,1.648950100E0,8.056950569E0,-8.980500698E-1
3.365214549E2,1.564950109E0,8.310000420E0,8.869500160E-1
3.365238983E2,2.824050188E0,8.866050720E0,1.090500057E-1
3.365263420E2,4.582050323E0,8.977950096E0,-2.111999989E0
3.365287856E2,4.749000072E0,8.512050629E0,-4.210050106E0
3.365312293E2,4.180050373E0,9.199050903E0,-5.079000473E0
3.365336728E2,3.403950214E0,9.508050919E0,-3.963000298E0
3.365361164E2,2.793000221E0,9.145950317E0,-2.031000137E0
3.365385601E2,2.484000206E0,8.872950554E0,-2.230500132E-1
3.365410038E2,2.370000124E0,8.820000648E0,1.030050039E0
3.365434472E2,2.403000116E0,8.392050743E0,1.200000048E0
3.365458908E2,3.142950058E0,7.827000141E0,-5.179499984E-1
3.365483345E2,3.528000116E0,8.068950653E0,-2.392050028E0
3.365507780E2,3.154950142E0,8.749050140E0,-2.787000179E0
3.365532217E2,2.547000170E0,9.036000252E0,-2.541000128E0
3.365556653E2,1.930950046E0,9.522000313E0,-1.807950139E0
3.365581087E2,1.824000120E0,8.988000870E0,-1.152000070E0
3.365605524E2,2.571000099E0,8.650050163E0,-1.075950027E0
3.365629961E2,3.640950203E0,8.524050713E0,-2.305950165E0
3.365654397E2,3.741000175E0,8.338950157E0,-2.914050102E0
3.365678832E2,3.016050100E0,8.566950798E0,-2.911950111E0
3.365703269E2,2.347950220E0,8.832000732E0,-1.552050114E0
3.365727705E2,2.716950178E0,8.977950096E0,-6.540000439E-1
3.365752140E2,3.138000250E0,9.121950150E0,-8.359500170E-1
3.365776576E2,3.093000174E0,9.187050819E0,-1.495050073E0
3.365801013E2,2.761950016E0,9.316050529E0,-1.849050045E0
3.365825447E2,2.632950068E0,9.085950851E0,-2.351999998E0
3.365849884E2,2.425050020E0,8.401050568E0,-2.488050222E0
3.365874321E2,1.699050069E0,7.671000481E0,-1.381950021E0
3.365898757E2,1.237050056E0,7.077000141E0,2.599500120E-1
3.365923192E2,1.654050112E0,7.045950413E0,7.810500264E-1
3.365947629E2,2.977950096E0,7.297950268E0,-4.030500054E-1
3.365972065E2,4.555950165E0,7.353000164E0,-2.821050167E0
3.365996500E2,4.651050091E0,8.176050186E0,-4.095000267E0
3.366020937E2,3.636000156E0,9.109950066E0,-4.753050327E0
3.366045374E2,2.841000080E0,9.172050476E0,-3.970050097E0
3.366069810E2,2.488950014E0,9.001950264E0,-2.433000088E0
3.366094244E2,2.230950117E0,8.890050888E0,-9.610500336E-1
3.366118681E2,1.741950035E0,8.574000359E0,1.180500090E-1
3.366143117E2,1.552950025E0,7.639950275E0,-2.929500043E-1
3.366167552E2,2.880000114E0,7.209000111E0,-2.040000200E0
3.366191989E2,4.582050323E0,7.410000324E0,-4.210050106E0
3.366216425E2,5.005950451E0,8.398950577E0,-5.055000305E0
3.366240862E2,3.315000057E0,9.426000595E0,-4.456050396E0
3.366265297E2,1.678050041E0,9.526950836E0,-2.782950163E0
3.366289733E2,1.531950116E0,9.313950539E0,-4.120500088E-1
3.366314170E2,2.788950205E0,9.088950157E0,-3.910500109E-1
3.366338604E2,4.150950432E0,8.521050453E0,-2.488050222E0
3.366363041E2,4.552950382E0,8.143050194E0,-4.545000076E0
3.366387477E2,3.472950220E0,8.137949944E0,-5.028000355E0
3.366411914E2,2.815050125E0,9.136950493E0,-3.487050056E0
3.366436349E2,2.194950104E0,9.982050896E0,-1.219050050E0
3.366460786E2,1.857000113E0,1.020000076E1,-4.390500188E-1
3.366485222E2,1.507950068E0,1.051305008E1,-3.619500101E-1
3.366509656E2,1.860000134E0,1.054200077E1,-1.297950029E0
3.366534094E2,3.184050083E0,9.273000717E0,-3.388050079E0
3.366558530E2,3.334050179E0,8.329950333E0,-4.873050213E0
3.366582964E2,2.274000168E0,7.671000481E0,-3.522000074E0
3.366607401E2,1.836000085E0,7.671000481E0,-9.510000348E-1
3.366631837E2,2.326050043E0,7.597050190E0,7.069500089E-1
3.366656274E2,3.511950254E0,7.483950138E0,-1.249500066E-1
3.366680709E2,5.034000397E0,7.519950390E0,-2.743950129E0
3.366705146E2,5.358000278E0,8.011050224E0,-5.212950230E0
3.366729582E2,4.564949989E0,8.566950798E0,-6.100950241E0
3.366754019E2,3.448950052E0,8.944950104E0,-5.146050453E0
3.366778454E2,2.530050039E0,8.989950180E0,-3.666000128E0
3.366802890E2,1.651050091E0,9.022050858E0,-1.339050055E0
3.366827327E2,1.942950130E0,8.457000732E0,-5.149500370E-1
3.366851761E2,3.217050076E0,7.951050282E0,-1.143000007E0
3.366876198E2,4.318050385E0,7.042050362E0,-3.022050142E0
3.366900634E2,3.579000235E0,7.516050339E0,-4.225950241E0
3.366925071E2,3.607050180E0,8.044950485E0,-4.179000378E0
3.366949506E2,3.610050201E0,8.101950645E0,-3.661050081E0
3.366973943E2,2.686050177E0,8.221950531E0,-2.578950167E0
3.366998379E2,3.154950142E0,8.157000542E0,-1.426950097E0
3.367022813E2,3.876000166E0,7.867950439E0,-2.242050171E0
3.367047250E2,4.884000301E0,7.791000366E0,-3.360000134E0
3.367071687E2,4.495950222E0,7.824000359E0,-4.272000313E0
3.367096123E2,3.864000082E0,8.136000633E0,-4.746000290E0
3.367120558E2,3.993000269E0,8.554950714E0,-3.826950073E0
3.367144994E2,3.640950203E0,8.818050385E0,-3.046050072E0
3.367169431E2,2.920050144E0,9.163050652E0,-2.397000074E0
3.367193866E2,2.008050203E0,9.373950005E0,-1.875000119E0
3.367218303E2,1.833000064E0,9.153000832E0,-1.914000034E0
3.367242739E2,2.556000233E0,8.638050079E0,-2.421000004E0
3.367267174E2,3.145050049E0,7.834050179E0,-3.144000053E0
3.367291610E2,2.851050138E0,7.360050201E0,-3.460050106E0
3.367316047E2,2.527950048E0,6.988950253E0,-2.212949991E0
3.367340481E2,2.662050009E0,7.480050564E0,-1.042050004E0
3.367364918E2,3.583050251E0,7.864950180E0,-1.708050132E0
3.367389354E2,4.407000065E0,8.188050270E0,-3.436050177E0
3.367413791E2,4.126950264E0,8.047050476E0,-4.902000427E0
3.367438228E2,3.765000105E0,8.524050713E0,-5.482950211E0
3.367462663E2,3.727050066E0,8.239050865E0,-4.914000034E0
3.367487099E2,3.246000051E0,7.855950356E0,-3.661050081E0
3.367511536E2,2.556000233E0,7.836000443E0,-1.887000084E0
3.367535971E2,2.695050240E0,7.519950390E0,-4.980000257E-1
3.367560407E2,3.913950205E0,7.281000137E0,-1.048950076E0
3.367584844E2,4.606050014E0,7.465050220E0,-2.787000179E0
3.367609278E2,3.421050072E0,8.265000343E0,-3.831000090E0
3.367633715E2,3.370050192E0,8.956950188E0,-4.204950333E0
3.367658152E2,3.712950230E0,9.049950600E0,-4.602000237E0
3.367682588E2,2.944050074E0,9.325950623E0,-4.633050442E0
3.367707023E2,2.841000080E0,8.875950813E0,-3.652050257E0
3.367731460E2,3.765000105E0,8.322000504E0,-2.775000095E0
3.367755896E2,5.146950245E0,8.290950775E0,-3.154050112E0
3.367780331E2,5.299950123E0,8.287050247E0,-4.437000275E0
3.367804768E2,4.500000000E0,8.629050255E0,-4.858050346E0
3.367829204E2,3.600000143E0,9.313950539E0,-3.991950274E0
3.367853641E2,2.887050152E0,9.916950226E0,-2.577000141E0
3.367878076E2,2.416950226E0,1.021395016E1,-1.858050108E0
3.367902512E2,2.149049997E0,1.038600063E1,-1.878000140E0
3.367926949E2,2.334000111E0,1.038900089E1,-2.019000053E0
3.367951383E2,3.157050133E0,9.904950142E0,-2.821050167E0
3.367975820E2,3.877950191E0,9.358950615E0,-3.265950203E0
3.368000256E2,3.172050238E0,8.868000031E0,-2.893050194E0
3.368024693E2,2.182950020E0,8.776950836E0,-1.044000030E0
3.368049128E2,2.544000149E0,8.107049942E0,2.070000172E-1
3.368073565E2,3.648000240E0,7.798050404E0,-2.230500132E-1
3.368098001E2,4.788000107E0,7.939050198E0,-2.665050030E0
3.368122436E2,5.200050354E0,7.992000580E0,-5.152950287E0
3.368146872E2,4.761000156E0,8.545050621E0,-5.866050243E0
3.368171309E2,3.729000092E0,9.261000633E0,-4.983000278E0
3.368195745E2,3.016050100E0,9.067049980E0,-2.799000025E0
3.368220180E2,2.415000200E0,8.822999954E0,-8.580000401E-1
3.368244617E2,2.470050097E0,8.635950089E0,1.279500127E-1
3.368269053E2,3.466050148E0,8.204999924E0,-7.189500332E-1
3.368293490E2,4.896000385E0,7.354950428E0,-3.046050072E0
3.368317925E2,4.797000408E0,7.518000126E0,-4.614000320E0
3.368342361E2,3.792000294E0,8.362950325E0,-4.156949997E0
3.368366798E2,3.600000143E0,9.016950607E0,-3.513000250E0
3.368391233E2,2.494050026E0,8.967000008E0,-2.361000061E0
3.368415669E2,2.155950069E0,8.506950378E0,-1.264950037E0
3.368440105E2,3.379950047E0,7.750050545E0,-1.054050088E0
3.368464540E2,5.419950485E0,7.422000408E0,-2.863950253E0
3.368488977E2,5.461050034E0,7.504050255E0,-4.806000233E0
3.368513413E2,4.618050098E0,7.852950573E0,-5.376000404E0
3.368537848E2,3.772950172E0,8.374950409E0,-4.138050079E0
3.368562285E2,3.210000038E0,9.334950447E0,-2.143050194E0
3.368586722E2,2.914950132E0,9.714000702E0,-1.830000043E0
3.368611158E2,2.326050043E0,9.742050171E0,-2.203050137E0
3.368635592E2,2.482050180E0,9.538950920E0,-2.790000200E0
3.368660029E2,2.872050047E0,9.040950775E0,-3.240000248E0
3.368684465E2,3.471000195E0,8.380050659E0,-3.348000050E0
3.368708902E2,2.887050152E0,8.113950729E0,-2.578950167E0
3.368733337E2,1.836000085E0,8.004000664E0,-2.610000074E-1
3.368757773E2,1.354050040E0,8.112000465E0,9.780000448E-1
3.368782210E2,1.833000064E0,8.171999931E0,8.440500498E-1
3.368806647E2,4.033950329E0,8.017950058E0,-1.710000038E0
3.368831082E2,5.032050133E0,8.179050446E0,-4.308000088E0
3.368855518E2,4.278000355E0,8.739000320E0,-5.221950054E0
3.368879952E2,3.148050070E0,9.547950745E0,-5.031000137E0
3.368904389E2,2.781000137E0,9.232050896E0,-3.630000114E0
3.368928826E2,2.086950064E0,9.124950409E0,-1.441950083E0
3.368953262E2,2.355000019E0,8.641050339E0,-2.179500163E-1
3.368977697E2,3.178950071E0,8.241000175E0,-6.900000572E-1
3.369002134E2,4.315950394E0,7.669050217E0,-2.239050150E0
3.369026570E2,4.117050171E0,8.035050392E0,-3.630000114E0
3.369051007E2,3.667050123E0,8.169000626E0,-3.783000231E0
3.369075441E2,3.673950195E0,9.076950073E0,-3.265950203E0
3.369099878E2,2.596950054E0,9.376049995E0,-2.698950052E0
3.369124315E2,2.307000160E0,8.932950020E0,-1.842000127E0
3.369148749E2,2.785950184E0,8.646000862E0,-1.381950021E0
3.369173186E2,4.627050400E0,8.326950073E0,-2.565000057E0
3.369197622E2,5.473050117E0,8.179050446E0,-4.861050129E0
3.369222057E2,4.660950184E0,8.458950043E0,-5.536050320E0
3.369246494E2,3.658050060E0,8.665050507E0,-4.662000179E0
3.369270930E2,3.358050108E0,8.980950356E0,-2.620050192E0
3.369295367E2,2.515950203E0,9.131999969E0,-1.131000042E0
3.369319801E2,2.116050005E0,9.120000839E0,-7.069500089E-1
3.369344238E2,2.053050041E0,9.361950874E0,-7.639500499E-1
3.369368675E2,2.845950127E0,8.752950668E0,-1.818000078E0
3.369393111E2,3.684000254E0,8.365950584E0,-3.261000156E0
3.369417546E2,3.433050156E0,7.936950207E0,-4.108950138E0
3.369441982E2,2.282999992E0,8.236050606E0,-2.814000130E0
3.369466419E2,1.824000120E0,8.538000107E0,-6.060000062E-1
3.369490854E2,2.329050064E0,8.586000443E0,-3.550500274E-1
3.369515290E2,3.262950182E0,8.548050880E0,-1.753050089E0
3.369539727E2,3.763050079E0,8.470950127E0,-3.367050171E0
3.369564164E2,4.050000191E0,8.737050056E0,-4.936950207E0
3.369588598E2,3.415950060E0,9.238950729E0,-5.172000408E0
3.369613035E2,3.073050261E0,8.995050430E0,-4.477950096E0
3.369637471E2,2.425050020E0,8.557050705E0,-2.124000072E0
3.369661906E2,2.034000158E0,8.068950653E0,-2.639999986E-1
3.369686343E2,3.178950071E0,7.350000381E0,2.160000056E-1
3.369710779E2,4.785000324E0,7.231050491E0,-1.602000117E0
3.369735214E2,4.369050026E0,7.245000362E0,-3.534000158E0
3.369759650E2,3.744000196E0,7.711950302E0,-3.817050219E0
3.369784087E2,4.113000393E0,7.959000587E0,-3.700050116E0
3.369808523E2,3.169050217E0,8.586000443E0,-2.971950054E0
3.369832958E2,2.065050125E0,8.542950630E0,-1.885050058E0
3.369857395E2,2.299950123E0,8.374950409E0,-1.140000105E0
3.369881831E2,3.801000118E0,8.398950577E0,-2.244000196E0
3.369906268E2,3.736950159E0,8.155050278E0,-4.003950119E0
3.369930703E2,3.832050085E0,8.287050247E0,-4.746000290E0
3.369955140E2,3.145050049E0,8.377950668E0,-3.982050180E0
3.369979576E2,2.764950037E0,8.935050011E0,-1.921050072E0
3.370004010E2,2.920050144E0,9.453000069E0,-9.799500704E-1
3.370028447E2,2.893950224E0,9.376049995E0,-1.942050099E0
3.370052883E2,3.022950172E0,9.757050514E0,-3.094050169E0
3.370077318E2,3.082950115E0,9.711000443E0,-4.296000004E0
3.370101755E2,3.105000257E0,9.204000473E0,-4.806000233E0
3.370126191E2,2.488950014E0,8.575950623E0,-3.430950165E0
3.370150628E2,1.795050144E0,7.879950523E0,-9.970500469E-1
3.370175065E2,2.305050135E0,7.365000248E0,4.320000112E-1
3.370199500E2,3.277050257E0,7.084950447E0,1.540500075E-1
3.370223936E2,4.024050236E0,7.650000572E0,-2.115000010E0
3.370248373E2,3.691050291E0,8.317950249E0,-4.557000160E0
3.370272807E2,3.543000221E0,9.067049980E0,-6.232950211E0
3.370297243E2,2.686050177E0,1.003905010E1,-6.058050156E0
3.370321680E2,2.065050125E0,9.903000832E0,-4.714950085E0
3.370346115E2,1.606050134E0,9.442950249E0,-2.514000177E0
3.370370552E2,1.917000055E0,8.734050751E0,-1.432050109E0
3.370394988E2,3.193050146E0,7.834050179E0,-1.789050102E0
3.370419425E2,4.504950047E0,7.306950569E0,-3.501000166E0
3.370443860E2,4.474050045E0,7.144050121E0,-4.528050423E0
3.370468296E2,3.069000244E0,8.248050690E0,-4.019999981E0
3.370492733E2,3.523950100E0,8.964000702E0,-2.521950006E0
3.370517170E2,3.196050167E0,9.520050049E0,-1.885050058E0
3.370541603E2,2.158950090E0,9.442950249E0,-2.155050039E0
3.370566040E2,2.740950108E0,8.988000870E0,-2.766000032E0
3.370590477E2,4.098000050E0,8.290950775E0,-4.104000092E0
3.370614912E2,5.170950413E0,7.791000366E0,-4.870050430E0
3.370639348E2,4.239000320E0,8.169000626E0,-4.638000011E0
3.370663785E2,3.483000278E0,8.248050690E0,-3.532050133E0
3.370688220E2,3.054000139E0,8.818050385E0,-1.927950144E0
3.370712656E2,2.392950058E0,9.579000473E0,-1.150050044E0
3.370737093E2,2.689950228E0,9.919050217E0,-1.522950053E0
3.370761527E2,3.643050194E0,1.022100067E1,-3.010050058E0
3.370785964E2,3.943050146E0,1.028295040E1,-5.124000072E0
3.370810401E2,3.741000175E0,9.658050537E0,-5.878050327E0
3.370834837E2,2.733000040E0,8.586000443E0,-4.818000317E0
3.370859272E2,1.026000023E0,7.981950283E0,-1.468050122E0
3.370883709E2,1.873950124E0,7.063050270E0,1.248000026E0
3.370908145E2,3.138000250E0,6.661050320E0,7.930500507E-1
3.370932582E2,4.299000263E0,6.694050312E0,-1.003950000E0
3.370957017E2,4.231950283E0,7.623000145E0,-3.795000076E0
3.370981453E2,4.138950348E0,8.049000740E0,-6.135000229E0
3.371005890E2,3.495000124E0,9.273000717E0,-6.355050087E0
3.371030327E2,2.032050133E0,9.787950516E0,-4.861050129E0
3.371054761E2,1.002000093E0,9.571950912E0,-2.111999989E0
3.371079197E2,1.251000047E0,8.847000122E0,-9.439500570E-1
3.371103634E2,2.800950050E0,7.578000546E0,-1.954050064E0
3.371128069E2,4.510050297E0,6.678000450E0,-4.509000301E0
3.371152506E2,4.809000015E0,6.397050381E0,-5.842950344E0
3.371176942E2,3.732000113E0,6.787950516E0,-4.312950134E0
3.371201377E2,4.117050171E0,7.462950230E0,-2.212949991E0
3.371225813E2,2.989950180E0,8.653050423E0,-1.441950083E0
3.371250250E2,2.176050186E0,8.787000656E0,-1.762950063E0
3.371274687E2,2.788950205E0,8.503950119E0,-2.779950142E0
3.371299121E2,4.399950027E0,7.972950459E0,-3.841050148E0
3.371323557E2,4.960050106E0,7.495950222E0,-4.738950253E0
3.371347994E2,4.524000168E0,7.707000256E0,-4.497000217E0
3.371372429E2,3.610050201E0,8.095050812E0,-3.007950068E0
3.371396866E2,2.902950048E0,8.445000648E0,-8.460000157E-1
3.371421302E2,2.131950140E0,9.139050484E0,2.380500138E-1
3.371445737E2,1.713000059E0,9.562950134E0,9.900000691E-2
3.371470174E2,2.293050051E0,9.943050385E0,-1.660050035E0
3.371494611E2,4.110000134E0,9.782999992E0,-3.775950193E0
3.371519047E2,5.130000114E0,9.886050224E0,-5.851950169E0
3.371543481E2,4.303950310E0,9.172050476E0,-5.917050362E0
3.371567918E2,2.121000051E0,8.598000526E0,-3.130050182E0
3.371592354E2,1.374000072E0,7.923000336E0,4.290000200E-1
3.371616791E2,2.271000147E0,7.420050144E0,1.357950091E0
3.371641226E2,4.048050404E0,7.000950336E0,-4.605000094E-2
3.371665662E2,4.975050449E0,7.350000381E0,-2.256000042E0
3.371690099E2,4.263000011E0,7.714050293E0,-4.461000443E0
3.371714536E2,3.427950144E0,8.698050499E0,-5.044950008E0
3.371738971E2,2.572950125E0,9.460050583E0,-4.176000118E0
3.371763407E2,1.510050058E0,9.433050156E0,-2.031000137E0
3.371787844E2,3.420000076E-1,9.421050072E0,3.120000064E-1
3.371812278E2,5.279999971E-1,8.590950012E0,2.479500175E-1
3.371836715E2,2.938950062E0,7.711950302E0,-2.385000229E0
3.371861151E2,4.369050026E0,7.065000534E0,-5.826000214E0
3.371885586E2,3.732000113E0,6.907050133E0,-6.055950165E0
3.371910023E2,3.775050163E0,7.614000320E0,-4.741050243E0
3.371934459E2,3.255000114E0,8.107049942E0,-2.680050135E0
3.371958896E2,2.407950163E0,8.803950310E0,-1.462950110E0
3.371983331E2,2.602050066E0,8.848950386E0,-1.774950027E0
3.372007767E2,3.808050156E0,8.698050499E0,-3.805050135E0
3.372032204E2,4.054950237E0,8.647950172E0,-5.610000134E0
3.372056638E2,3.852000237E0,8.703000069E0,-5.859000206E0
3.372081075E2,3.069000244E0,8.839950562E0,-4.351050377E0
3.372105511E2,2.659050226E0,9.172050476E0,-1.806000113E0
3.372129948E2,2.530050039E0,9.523950577E0,-5.460000038E-1
3.372154383E2,2.002950191E0,9.546000481E0,-9.199500680E-1
3.372178820E2,1.894950032E0,9.709050179E0,-2.044950008E0
3.372203256E2,2.568000078E0,1.000305080E1,-3.645000219E0
3.372227691E2,4.096050262E0,9.579000473E0,-5.467050076E0
3.372252128E2,4.797000408E0,8.926050186E0,-6.196950436E0
3.372276564E2,3.301050186E0,9.088950157E0,-4.813050270E0
3.372301001E2,1.522050023E0,9.160050392E0,-1.726950049E0
3.372325435E2,1.215000033E0,8.779950142E0,4.969500303E-1
3.372349872E2,2.104050159E0,8.171999931E0,1.950000077E-1
3.372374308E2,3.627000093E0,7.597050190E0,-1.666950107E0
3.372398745E2,4.350000381E0,7.681050301E0,-4.048950195E0
3.372423180E2,4.366050243E0,8.287050247E0,-5.146050453E0
3.372447616E2,4.266000271E0,8.686050415E0,-4.779000282E0
3.372472053E2,3.097050190E0,9.306000710E0,-3.384000063E0
3.372496488E2,1.977000117E0,9.637050629E0,-1.237950087E0
3.372520925E2,1.986000061E0,9.208050728E0,-5.749500394E-1
3.372545361E2,3.343950272E0,8.386950493E0,-2.098050117E0
3.372569795E2,4.315950394E0,7.401000500E0,-4.678950310E0
3.372594232E2,4.282950401E0,6.880950451E0,-5.998050213E0
3.372618668E2,4.548000336E0,6.646050453E0,-5.064000130E0
3.372643106E2,4.242000103E0,6.939000130E0,-3.372000217E0
3.372667540E2,2.851050138E0,8.314949989E0,-1.597050071E0
3.372691977E2,1.620000124E0,8.695950508E0,-9.060000181E-1
3.372716413E2,1.828050137E0,9.328050613E0,-1.999950051E0
3.372740850E2,2.950950146E0,9.103050232E0,-4.183050156E0
3.372765285E2,2.712000132E0,9.069000244E0,-6.051000118E0
3.372789721E2,2.568000078E0,8.815950394E0,-5.938050270E0
3.372814158E2,2.415000200E0,8.674050331E0,-3.763950109E0
3.372838593E2,2.575050116E0,8.787000656E0,-1.071000099E0
3.372863030E2,2.568000078E0,9.157950401E0,3.820500076E-1
3.372887466E2,2.590050220E0,8.682000160E0,-8.170500398E-1
3.372911903E2,3.688950062E0,8.578950882E0,-3.208950043E0
3.372936337E2,4.234950066E0,8.956950188E0,-5.437950134E0
3.372960774E2,3.871050119E0,9.016950607E0,-6.348000526E0
3.372985210E2,3.307950258E0,9.007050514E0,-5.136000156E0
3.373009645E2,2.640000105E0,9.381000519E0,-3.175050259E0
3.373034082E2,2.499000072E0,9.667950630E0,-2.080950022E0
3.373058518E2,2.785950184E0,9.120000839E0,-2.260950089E0
3.373082955E2,2.980050087E0,8.787000656E0,-2.907000065E0
3.373107390E2,2.992050171E0,8.855999947E0,-3.805050135E0
3.373131826E2,3.009000063E0,9.313950539E0,-3.931950092E0
3.373156263E2,2.760000229E0,9.663000107E0,-3.451050282E0
3.373180698E2,2.542050123E0,9.484050751E0,-2.859000206E0
3.373205134E2,2.179949999E0,9.523950577E0,-1.983000040E0
3.373229571E2,2.314050198E0,9.216000557E0,-1.396050096E0
3.373254008E2,3.157050133E0,8.773050308E0,-1.927950144E0
3.373278442E2,3.909000158E0,8.251049995E0,-3.280950069E0
3.373302879E2,3.442050219E0,7.960950375E0,-3.823950291E0
3.373327313E2,3.520950079E0,7.702050209E0,-3.357000113E0
3.373351750E2,4.108050346E0,7.573050499E0,-2.605050087E0
3.373376187E2,3.708000183E0,7.456050396E0,-2.365950108E0
3.373400623E2,3.162000179E0,7.585050583E0,-1.734000087E0
3.373425060E2,3.325050116E0,7.743000507E0,-1.942050099E0
3.373449494E2,4.290000439E0,8.112000465E0,-3.163050175E0
3.373473931E2,4.147950172E0,8.590950012E0,-3.939000130E0
3.373498368E2,3.267000198E0,8.923050880E0,-3.063000202E0
3.373522802E2,3.133050203E0,8.872950554E0,-1.485000014E0
3.373547239E2,3.457050085E0,8.940000534E0,-6.919500232E-1
3.373571675E2,3.223950148E0,8.926050186E0,-1.175999999E0
3.373596112E2,2.808000088E0,8.866050720E0,-1.885050058E0
3.373620547E2,3.282000065E0,8.767950058E0,-2.230050087E0
3.373644984E2,3.945000172E0,8.413050652E0,-2.802000046E0
3.373669420E2,4.227000237E0,8.224050522E0,-3.264000177E0
3.373693855E2,3.331950188E0,8.470950127E0,-2.740050077E0
3.373718292E2,2.487000227E0,8.674050331E0,-1.504050016E0
3.373742728E2,3.325050116E0,8.353950500E0,-9.580500722E-1
3.373767165E2,4.498050213E0,8.290950775E0,-2.368050098E0
3.373791599E2,4.903050423E0,8.143050194E0,-4.234050274E0
3.373816035E2,4.018949986E0,8.332050323E0,-4.771950245E0
3.373840472E2,3.379950047E0,8.773050308E0,-4.071000099E0
3.373864909E2,2.935050249E0,9.211050034E0,-2.035950184E0
3.373889343E2,2.559000015E0,9.072000504E0,-4.579500258E-1
3.373913780E2,2.194950104E0,9.000000000E0,3.100500107E-1
3.373938215E2,2.737950087E0,8.515950203E0,-4.050000310E-1
3.373962651E2,3.969000101E0,8.208000183E0,-2.734950066E0
3.373987088E2,4.624950409E0,8.239050865E0,-4.438950062E0
3.374011525E2,3.423000097E0,8.607000351E0,-4.662000179E0
3.374035959E2,3.009000063E0,8.926050186E0,-2.899950027E0
3.374060396E2,3.720000267E0,8.808000565E0,-1.807950139E0
3.374084832E2,3.544950247E0,8.878050804E0,-2.059950113E0
3.374109269E2,3.346050262E0,8.329950333E0,-3.123000145E0
3.374133704E2,3.409050226E0,7.956000328E0,-3.642000198E0
3.374158140E2,4.299000263E0,8.032950401E0,-4.087950230E0
3.374182577E2,4.351950169E0,7.900950432E0,-4.212000370E0
3.374207012E2,3.210000038E0,8.794050217E0,-3.427050114E0
3.374231449E2,2.599050045E0,9.502950668E0,-1.483050108E0
3.374255885E2,2.347950220E0,9.643950462E0,-4.410000145E-1
3.374280322E2,2.295000076E0,9.582000732E0,-1.099050045E0
3.374304756E2,2.233050108E0,9.440999985E0,-2.088000059E0
3.374329193E2,2.704950094E0,9.229950905E0,-3.028950214E0
3.374353629E2,3.343950272E0,8.920950890E0,-3.505950212E0
3.374378064E2,3.823050261E0,8.554950714E0,-3.397950172E0
3.374402501E2,3.649950266E0,8.353950500E0,-2.682000160E0
3.374426937E2,3.073050261E0,8.097000122E0,-1.702950120E0
3.374451374E2,2.620950222E0,8.181000710E0,-8.650500178E-1
3.374475809E2,2.902950048E0,8.026050568E0,-1.071000099E0
3.374500245E2,4.009950161E0,7.750050545E0,-2.569950104E0
3.374524682E2,4.726050377E0,7.489050388E0,-3.879000187E0
3.374549119E2,4.840050220E0,7.579950333E0,-4.399050236E0
3.374573553E2,4.378050327E0,8.389050484E0,-4.176000118E0
3.374597989E2,3.958950281E0,8.866050720E0,-3.046050072E0
3.374622426E2,3.196050167E0,9.216000557E0,-1.858050108E0
3.374646861E2,2.620950222E0,9.141000748E0,-6.160500050E-1
3.374671298E2,2.619000196E0,8.578950882E0,-1.000950098E0
3.374695734E2,3.660000086E0,8.143050194E0,-2.221950054E0
3.374720168E2,4.788000107E0,7.645050526E0,-3.763950109E0
3.374744605E2,4.596000195E0,7.609050274E0,-4.474950314E0
3.374769041E2,4.431000233E0,7.930050373E0,-2.986050129E0
3.374793476E2,4.456950188E0,7.959000587E0,-2.239050150E0
3.374817913E2,3.430050135E0,8.476050377E0,-1.600050092E0
3.374842349E2,3.052050114E0,8.217000008E0,-1.450950027E0
3.374866786E2,3.045000076E0,7.855950356E0,-1.168950081E0
3.374891223E2,3.994950294E0,7.843950272E0,-2.361000061E0
3.374915657E2,4.366050243E0,8.038050652E0,-3.216000080E0
3.374940093E2,3.934950113E0,8.281949997E0,-3.493950129E0
3.374964530E2,2.880000114E0,9.253950119E0,-2.268000126E0
3.374988965E2,2.616000175E0,9.316050529E0,-5.100000501E-1
3.375013401E2,2.640000105E0,9.805050850E0,-2.179500163E-1
3.375037838E2,3.423000097E0,9.253950119E0,-1.300950050E0
3.375062273E2,3.439950228E0,9.618000031E0,-2.677050114E0
3.375086709E2,4.231950283E0,8.485050201E0,-3.762000084E0
3.375111146E2,4.210950375E0,8.109000206E0,-3.841050148E0
3.375135583E2,4.216050148E0,7.798050404E0,-2.878050089E0
3.375160017E2,3.423000097E0,7.420050144E0,-1.363050103E0
3.375184454E2,2.851050138E0,7.437000275E0,1.210500076E-1
3.375208890E2,3.435000181E0,7.386000156E0,1.900500059E-1
3.375233327E2,4.371000290E0,7.405050278E0,-1.180950046E0
3.375257762E2,5.544000149E0,7.219050407E0,-2.850000143E0
3.375282198E2,6.112050056E0,7.980000496E0,-4.672049999E0
3.375306635E2,4.741950035E0,8.839950562E0,-4.899000168E0
3.375331070E2,3.411000252E0,9.157950401E0,-3.166050196E0
3.375355506E2,2.548950195E0,9.388050079E0,-1.269000053E0
3.375379943E2,2.250000000E0,8.707950592E0,-4.510500133E-1
3.375404377E2,2.506050110E0,8.149950027E0,-4.819500148E-1
3.375428814E2,3.988050222E0,7.137000561E0,-1.762950063E0
3.375453250E2,5.338050365E0,6.586950302E0,-3.783000231E0
3.375477687E2,5.013000011E0,6.796950340E0,-4.155000210E0
3.375502122E2,4.548000336E0,8.191050529E0,-2.902050257E0
3.375526559E2,3.949950218E0,8.329950333E0,-1.906050086E0
3.375550995E2,3.085050106E0,8.860950470E0,-1.329000115E0
3.375575429E2,2.737950087E0,8.569050789E0,-1.032000065E0
3.375599866E2,3.612000227E0,8.047050476E0,-1.891950130E0
3.375624302E2,4.600950241E0,8.145000458E0,-3.204000235E0
3.375648739E2,4.543950081E0,8.302950859E0,-3.490950108E0
3.375673174E2,3.757950068E0,8.610000610E0,-2.661000013E0
3.375697610E2,3.540000200E0,9.081000328E0,-1.108950019E0
3.375722047E2,3.994950294E0,9.754050255E0,-8.860500455E-1
3.375746484E2,3.753000259E0,1.031205082E1,-1.642950058E0
3.375770919E2,3.010950089E0,9.871950150E0,-2.167050123E0
3.375795355E2,2.319000006E0,9.948000908E0,-2.064000130E0
3.375819792E2,2.832000017E0,8.968950272E0,-1.573950052E0
3.375844226E2,3.516000271E0,8.089950562E0,-2.344050169E0
3.375868663E2,3.519000053E0,7.603950500E0,-1.921050072E0
3.375893099E2,3.190950155E0,7.201950550E0,-8.220000267E-1
3.375917534E2,3.439950228E0,7.386000156E0,-3.619500101E-1
3.375941971E2,4.426050186E0,7.602000237E0,-1.372050047E0
3.375966407E2,5.362050056E0,8.005949974E0,-2.980950117E0
3.375990844E2,5.185050011E0,8.494950294E0,-4.353000164E0
3.376015278E2,4.486050129E0,9.216000557E0,-4.791000366E0
3.376039715E2,3.550050259E0,9.052950859E0,-3.958050251E0
3.376064152E2,2.985000134E0,8.310000420E0,-2.811000109E0
3.376088586E2,2.701950073E0,8.080950737E0,-1.138050079E0
3.376113023E2,3.198000193E0,7.269000530E0,-5.730000138E-1
3.376137459E2,4.636950016E0,6.223050117E0,-1.399050117E0
3.376161896E2,5.833950043E0,6.177000523E0,-2.871000051E0
3.376186331E2,4.819050312E0,7.338000298E0,-3.574950218E0
3.376210768E2,3.864000082E0,8.373000145E0,-3.171000242E0
3.376235204E2,3.603000164E0,8.860950470E0,-2.826000214E0
3.376259638E2,3.229050159E0,8.854050636E0,-2.356050014E0
3.376284075E2,3.339000225E0,8.667000771E0,-2.317950010E0
3.376308512E2,4.807050228E0,8.337000847E0,-3.007950068E0
3.376332948E2,5.923050404E0,8.350950241E0,-4.483050346E0
3.376357383E2,4.936050415E0,8.296050072E0,-5.164950371E0
3.376381820E2,4.141050339E0,8.907000542E0,-4.147050381E0
3.376406256E2,3.435000181E0,9.354000092E0,-2.038050175E0
3.376430693E2,3.078000069E0,9.532050133E0,-6.780000329E-1
3.376455128E2,3.033000231E0,9.619950294E0,-5.779500008E-1
3.376479564E2,2.914950132E0,9.487950325E0,-1.024950027E0
3.376504001E2,3.433050156E0,9.022050858E0,-2.107050180E0
3.376528435E2,4.429050446E0,8.770050049E0,-3.787950277E0
3.376552872E2,4.453050137E0,8.718000412E0,-4.510950089E0
3.376577308E2,3.231000185E0,8.617050171E0,-3.316950083E0
3.376601743E2,2.832000017E0,8.935050011E0,-9.010500312E-1
3.376626180E2,3.873000145E0,8.539950371E0,-4.170000255E-1
3.376650616E2,4.777950287E0,8.374950409E0,-1.858050108E0
3.376675053E2,5.106000423E0,8.179050446E0,-4.015950203E0
3.376699488E2,5.760000229E0,8.181000710E0,-5.929050446E0
3.376723924E2,5.559000492E0,8.434950829E0,-6.415050507E0
3.376748361E2,4.527000427E0,8.844000816E0,-4.717050076E0
3.376772798E2,3.603000164E0,8.866050720E0,-2.056950092E0
3.376797232E2,2.764950037E0,8.542950630E0,4.560000300E-1
3.376821669E2,3.768000126E0,8.430000305E0,9.280500412E-1
3.376846106E2,4.884000301E0,8.064000130E0,-8.170500398E-1
3.376870540E2,5.230950356E0,7.792950153E0,-3.582000256E0
3.376894977E2,4.138950348E0,8.434950829E0,-4.842000008E0
3.376919413E2,3.880050182E0,8.911050797E0,-4.176000118E0
3.376943848E2,3.556950092E0,9.382950783E0,-2.887950182E0
3.376968285E2,2.716950178E0,9.424050331E0,-1.411050081E0
3.376992721E2,2.740950108E0,9.208050728E0,-6.250500083E-1
3.377017158E2,3.841950178E0,8.665050507E0,-2.059950113E0
3.377041593E2,5.062950134E0,8.047050476E0,-4.128000259E0
3.377066029E2,4.299000263E0,8.014050484E0,-4.744050026E0
3.377090466E2,3.090000153E0,8.085000038E0,-3.241950035E0
3.377114903E2,3.294000149E0,8.485050201E0,-7.810500264E-1
3.377139337E2,3.670050144E0,8.892000198E0,9.195000678E-2
3.377163773E2,4.029000282E0,8.764950752E0,-5.610000491E-1
3.377188210E2,3.516000271E0,8.923050880E0,-1.678950071E0
3.377212645E2,3.054000139E0,8.554950714E0,-2.299050093E0
3.377237081E2,3.387000084E0,8.334000587E0,-2.775000095E0
3.377261518E2,2.985000134E0,7.819950581E0,-2.083950043E0
3.377285953E2,2.014950037E0,7.398000240E0,-6.795000285E-2
3.377310390E2,1.455000043E0,7.345950127E0,1.540050030E0
3.377334826E2,1.969950080E0,7.281000137E0,7.720500231E-1
3.377359263E2,4.431000233E0,7.128000259E0,-3.670500219E-1
3.377383697E2,5.065050125E0,7.474950314E0,-3.357000113E0
3.377408134E2,4.531949997E0,8.313000679E0,-4.662000179E0
3.377432570E2,3.531000137E0,8.967000008E0,-4.236000061E0
3.377457007E2,2.628000021E0,9.297000885E0,-3.007950068E0
3.377481442E2,2.250000000E0,8.935050011E0,-9.940500259E-1
3.377505878E2,2.173050165E0,8.356050491E0,2.089500129E-1
3.377530315E2,3.037950039E0,7.864950180E0,3.619500101E-1
3.377554750E2,4.579050064E0,6.412050247E0,-8.719500303E-1
3.377579186E2,5.463000298E0,6.298950195E0,-2.644050121E0
3.377603623E2,4.419000149E0,7.249950409E0,-2.932950258E0
3.377628060E2,3.898950100E0,8.167050362E0,-2.083950043E0
3.377652494E2,3.436950207E0,8.344050407E0,-1.426950097E0
3.377676931E2,2.985000134E0,8.653050423E0,-1.114050031E0
3.377701367E2,2.695050240E0,8.619000435E0,-1.106999993E0
3.377725802E2,4.251000404E0,8.137949944E0,-2.095050097E0
3.377750239E2,6.054000378E0,7.887000561E0,-3.894000292E0
3.377774675E2,5.094000340E0,8.185950279E0,-4.593000412E0
3.377799110E2,3.688950062E0,8.548050880E0,-2.799000025E0
3.377823547E2,3.388950109E0,8.907000542E0,-1.630500108E-1
3.377847983E2,3.294000149E0,9.028950691E0,6.829500198E-1
3.377872420E2,2.953950167E0,9.144000053E0,9.195000678E-2
3.377896854E2,2.532000065E0,9.120000839E0,-1.438950062E0
3.377921290E2,2.844000101E0,8.914050102E0,-2.677050114E0
3.377945727E2,3.748950243E0,8.275050163E0,-3.592050076E0
3.377970164E2,3.940050125E0,7.966050148E0,-3.172950268E0
3.377994599E2,3.162000179E0,8.107049942E0,-1.144950032E0
3.378019035E2,2.680950165E0,8.016000748E0,5.659500360E-1
3.378043472E2,3.406050205E0,7.822050571E0,1.038000107E0
3.378067907E2,4.498050213E0,7.611000538E0,-8.460000157E-1
3.378092344E2,4.864050388E0,7.470000267E0,-3.079950094E0
3.378116780E2,4.930950165E0,7.792950153E0,-4.534950256E0
3.378141214E2,4.675050259E0,7.980000496E0,-4.993050098E0
3.378165651E2,4.339950085E0,8.254950523E0,-3.420000076E0
3.378190087E2,4.012050152E0,8.083050728E0,-2.131050110E0
3.378214524E2,3.121050119E0,8.290950775E0,-4.939500093E-1
3.378238959E2,3.172050238E0,7.906050205E0,-5.295000225E-2
3.378263395E2,4.357050419E0,7.558950424E0,-1.284000039E0
3.378287832E2,4.941000462E0,7.471950531E0,-3.475050211E0
3.378312269E2,4.201050282E0,7.633050442E0,-4.702950001E0
3.378336704E2,4.492950439E0,7.972950459E0,-4.474950314E0
3.378361140E2,4.552950382E0,8.041950226E0,-3.762000084E0
3.378385577E2,3.697950125E0,8.242950439E0,-3.052950144E0
3.378410011E2,3.388950109E0,8.143050194E0,-2.275050163E0
3.378434448E2,4.266000271E0,7.947000504E0,-2.287050009E0
3.378458884E2,5.310000420E0,7.699950218E0,-3.520050049E0
3.378483319E2,4.852050304E0,7.815000534E0,-4.648050308E0
3.378507756E2,4.246950150E0,8.131050110E0,-4.521000385E0
3.378532192E2,3.885000229E0,8.607000351E0,-2.389950037E0
3.378556629E2,3.817950249E0,9.034049988E0,-9.270000458E-1
3.378581064E2,3.580950260E0,9.445050240E0,-1.320000052E0
3.378605501E2,3.118950129E0,9.790050507E0,-2.713050127E0
3.378629937E2,2.571000099E0,9.772950172E0,-3.430950165E0
3.378654372E2,2.575050116E0,9.579000473E0,-3.574950218E0
3.378678808E2,2.923050165E0,9.313950539E0,-3.669000149E0
3.378703245E2,2.974950075E0,8.907000542E0,-3.115050077E0
3.378727682E2,2.403000116E0,8.701050758E0,-2.050050020E0
3.378752116E2,2.197050095E0,8.454000473E0,-6.610500216E-1
3.378776553E2,3.004050255E0,8.305950165E0,-8.860500455E-1
3.378800989E2,4.201050282E0,8.662050247E0,-2.373000145E0
3.378825424E2,4.948050022E0,8.926050186E0,-4.023000240E0
3.378849861E2,3.856050253E0,9.450000763E0,-5.047950268E0
3.378874297E2,3.009000063E0,1.015905094E1,-5.191050053E0
3.378898731E2,2.482050180E0,1.006305027E1,-4.363049984E0
3.378923168E2,1.969950080E0,9.907050133E0,-2.710950136E0
3.378947605E2,1.789950132E0,9.280050278E0,-1.261950016E0
3.378972041E2,2.572950125E0,8.397000313E0,-9.990000725E-1
3.378996476E2,4.000050068E0,7.647000313E0,-2.524050236E0
3.379020913E2,4.227000237E0,7.635000229E0,-4.288949966E0
3.379045349E2,3.447000265E0,8.149950027E0,-4.404000282E0
3.379069786E2,3.627000093E0,8.581050873E0,-3.669000149E0
3.379094220E2,3.148050070E0,8.683950424E0,-3.355050087E0
3.379118656E2,2.592000008E0,8.635950089E0,-2.601000071E0
3.379143093E2,2.631000042E0,7.942050457E0,-1.842000127E0
3.379167528E2,3.768000126E0,7.711950302E0,-1.867950082E0
3.379191965E2,4.690050125E0,7.237950325E0,-3.304950237E0
3.379216401E2,4.275000095E0,7.330950260E0,-3.901050091E0
3.379240838E2,3.550050259E0,7.549050331E0,-3.223050117E0
3.379265272E2,3.006000042E0,8.028000832E0,-1.546950102E0
3.379289709E2,2.551050186E0,8.454000473E0,-7.309500575E-1
3.379314146E2,2.282999992E0,8.713050842E0,-7.549500465E-1
3.379338580E2,2.539950132E0,9.004950523E0,-1.423050046E0
3.379363017E2,3.724950075E0,8.896950722E0,-2.740050077E0
3.379387453E2,4.785000324E0,8.647950172E0,-4.756050110E0
3.379411890E2,4.234950066E0,8.497050285E0,-5.716050148E0
3.379436325E2,2.563050032E0,8.269950867E0,-4.377000332E0
3.379460761E2,1.338000059E0,8.056950569E0,-4.309500158E-1
3.379485198E2,1.455000043E0,7.305000305E0,1.822950125E0
3.379509632E2,2.712000132E0,6.747000217E0,1.150050044E0
3.379534068E2,5.206950188E0,6.133950233E0,-1.389000058E0
3.379558505E2,6.331950188E0,6.462000370E0,-4.297950268E0
3.379582940E2,5.484000206E0,7.540050507E0,-5.814000130E0
3.379607377E2,3.916050196E0,8.719950676E0,-5.040000439E0
3.379631813E2,2.506050110E0,9.534000397E0,-2.533950090E0
3.379656250E2,1.672950029E0,9.298950195E0,4.200000316E-2
3.379680685E2,2.098950148E0,8.986050606E0,7.980000377E-1
3.379705122E2,2.953950167E0,8.224050522E0,-6.610500216E-1
3.379729558E2,4.872000217E0,6.976950169E0,-3.496050119E0
3.379753992E2,5.224050045E0,6.406950474E0,-5.275050163E0
3.379778429E2,5.185050011E0,6.769050121E0,-4.867950439E0
3.379802866E2,4.933950424E0,7.812000275E0,-3.379050255E0
3.379827302E2,3.460950136E0,8.763000488E0,-1.495050073E0
3.379851737E2,2.677950144E0,8.956950188E0,-4.630500078E-1
3.379876174E2,3.243000269E0,8.911050797E0,-1.212000012E0
3.379900610E2,4.972050190E0,8.358000755E0,-3.379050255E0
3.379925047E2,5.437050343E0,8.109000206E0,-5.542950153E0
3.379949482E2,3.990000248E0,8.356050491E0,-5.020950317E0
3.379973918E2,3.148050070E0,8.631000519E0,-2.494950056E0
3.379998355E2,2.968050241E0,9.088950157E0,3.430500031E-1
3.380022790E2,3.154950142E0,9.241950035E0,8.080500364E-1
3.380047226E2,3.319950104E0,9.457050323E0,-5.269500017E-1
3.380071663E2,3.258000135E0,9.823950768E0,-2.059950113E0
3.380096097E2,3.318000078E0,9.598950386E0,-4.023000240E0
3.380120534E2,3.765000105E0,9.262950897E0,-4.528050423E0
3.380144970E2,3.835050106E0,8.883000374E0,-4.267050266E0
3.380169407E2,3.670050144E0,9.019050598E0,-2.728050232E0
3.380193842E2,3.828000069E0,9.148050308E0,-1.509000063E0
3.380218279E2,4.249050140E0,8.799000740E0,-1.794000030E0
3.380242715E2,4.069050312E0,8.348999977E0,-2.554950237E0
3.380267152E2,3.538050175E0,8.513999939E0,-3.211050034E0
3.380291586E2,3.622050285E0,8.665050507E0,-3.786000252E0
3.380316023E2,3.255000114E0,8.751000404E0,-3.709050179E0
3.380340459E2,2.653950214E0,8.923050880E0,-2.802000046E0
3.380364894E2,2.358000040E0,9.049950600E0,-1.698000073E0
3.380389331E2,2.331000090E0,8.967000008E0,-1.485000014E0
3.380413767E2,2.464950085E0,8.875950813E0,-1.834950089E0
3.380438204E2,2.817000151E0,8.737050056E0,-3.055950165E0
3.380462638E2,2.844000101E0,8.346000671E0,-4.078050137E0
3.380487075E2,3.070950031E0,8.071050644E0,-4.255050182E0
3.380511511E2,4.078950405E0,7.990050316E0,-3.982050180E0
3.380535946E2,4.591050148E0,7.558950424E0,-4.143000126E0
3.380560383E2,3.673950195E0,7.324050426E0,-3.496050119E0
3.380584819E2,3.520950079E0,7.092000484E0,-2.116950035E0
3.380609254E2,4.515000343E0,6.985950470E0,-2.239050150E0
3.380633691E2,4.278000355E0,7.405050278E0,-3.442950249E0
3.380658127E2,3.301050186E0,8.008950233E0,-4.372050285E0
3.380682564E2,2.595000029E0,8.289000511E0,-4.032000065E0
3.380706998E2,2.419950008E0,8.518950462E0,-2.742000103E0
3.380731434E2,2.097000122E0,8.878050804E0,-1.924950123E0
3.380755871E2,1.666050076E0,9.220050812E0,-1.665000081E0
3.380780306E2,1.237050056E0,9.571950912E0,-1.261950016E0
3.380804743E2,1.741950035E0,9.559950829E0,-1.801050067E0
3.380829179E2,2.737950087E0,9.238950729E0,-3.244950056E0
3.380853614E2,3.277050257E0,8.968950272E0,-4.389000416E0
3.380878051E2,2.914950132E0,8.533050537E0,-4.051949978E0
3.380902488E2,2.353049994E0,8.476050377E0,-1.909050107E0
3.380926924E2,2.841000080E0,8.593050003E0,-1.189950109E0
3.380951358E2,4.048050404E0,8.641050339E0,-2.526000023E0
3.380975795E2,4.432950020E0,8.650050163E0,-4.036950111E0
3.381000231E2,3.463950157E0,8.425050735E0,-4.435050011E0
3.381024668E2,2.488950014E0,8.892000198E0,-4.027950287E0
3.381049103E2,2.122950077E0,9.010050774E0,-2.992950201E0
3.381073539E2,1.680000067E0,9.280050278E0,-1.807950139E0
3.381097976E2,1.459950089E0,8.952000618E0,-9.610500336E-1
3.381122413E2,1.984050035E0,8.647950172E0,-9.060000181E-1
3.381146848E2,3.081000090E0,8.706000328E0,-1.705050111E0
3.381171284E2,3.631050110E0,8.404050827E0,-3.742950201E0
3.381195721E2,2.869950056E0,8.794050217E0,-4.183050156E0
3.381220156E2,2.326050043E0,8.998050690E0,-3.217950106E0
3.381244592E2,3.346050262E0,8.614950180E0,-2.536050081E0
3.381269029E2,3.876000166E0,8.368050575E0,-2.560050011E0
3.381293463E2,3.624000072E0,7.960950375E0,-2.787000179E0
3.381317900E2,3.709950209E0,7.651950359E0,-2.719950199E0
3.381342336E2,3.888000250E0,7.930050373E0,-2.758950233E0
3.381366771E2,4.134000301E0,7.621050358E0,-4.032000065E0
3.381391208E2,2.805000067E0,8.550000191E0,-3.597000122E0
3.381415644E2,1.917000055E0,9.037950516E0,-2.566950083E0
3.381440081E2,1.690050125E0,9.084000587E0,-1.423050046E0
3.381464516E2,2.185050011E0,8.938050270E0,-1.392000079E0
3.381488953E2,1.957950115E0,9.175050735E0,-1.614000082E0
3.381513389E2,2.334000111E0,9.400050163E0,-2.115000010E0
3.381537826E2,4.255949974E0,9.313950539E0,-3.001050234E0
3.381562260E2,4.560000420E0,9.421050072E0,-5.206050396E0
3.381586697E2,3.528000116E0,9.024000168E0,-5.329950333E0
3.381611133E2,2.286000013E0,8.233950615E0,-3.867000103E0
3.381635568E2,1.807050109E0,7.939050198E0,-1.063950062E0
3.381660005E2,2.440950155E0,7.267050266E0,7.005000114E-2
3.381684441E2,3.090000153E0,7.294950485E0,-6.160500050E-1
3.381708878E2,4.363950253E0,6.781050205E0,-2.943000078E0
3.381733313E2,4.783050060E0,7.329000473E0,-5.031000137E0
3.381757750E2,3.433050156E0,8.614950180E0,-5.455050468E0
3.381782186E2,2.319000006E0,9.874050140E0,-4.427999973E0
3.381806621E2,1.134000063E0,1.039800072E1,-2.445000172E0
3.381831057E2,7.150500417E-1,9.733050346E0,-5.509500504E-1
3.381855494E2,7.920000553E-1,9.534000397E0,-4.219500124E-1
3.381879930E2,2.185050011E0,8.218950272E0,-2.368050098E0
3.381904365E2,4.572000027E0,6.924000263E0,-5.473950386E0
3.381928801E2,4.696950436E0,6.606000423E0,-6.159000397E0
3.381953238E2,4.705950260E0,6.847950459E0,-4.578000069E0
3.381977673E2,3.841950178E0,7.888950348E0,-2.577000141E0
3.382002110E2,2.692950010E0,8.524050713E0,-1.339050055E0
3.382026546E2,2.287950039E0,8.928000450E0,-1.212000012E0
3.382050980E2,3.339000225E0,8.767950058E0,-2.974050045E0
3.382075417E2,4.021950245E0,8.931000710E0,-5.098050117E0
3.382099854E2,3.265050173E0,8.955000877E0,-6.051000118E0
3.382124290E2,2.089050055E0,9.373950005E0,-5.170050144E0
3.382148725E2,1.591050029E0,9.606000900E0,-2.746950150E0
3.382173162E2,1.788000107E0,9.544050217E0,-8.220000267E-1
3.382197598E2,2.104050159E0,9.345000267E0,-4.669500291E-1
3.382222033E2,2.290950060E0,9.310950279E0,-1.485000014E0
3.382246470E2,2.641950130E0,9.241950035E0,-2.881050110E0
3.382270906E2,3.378000259E0,9.025950432E0,-4.309950352E0
3.382295343E2,3.649950266E0,8.743950844E0,-4.777050018E0
3.382319777E2,3.102000237E0,8.527950287E0,-3.429000139E0
3.382344214E2,2.623050213E0,8.725049973E0,-1.887000084E0
3.382368650E2,3.379950047E0,8.689050674E0,-1.285950065E0
3.382393087E2,4.383000374E0,8.671950340E0,-3.271050215E0
3.382417522E2,3.844050169E0,8.694000244E0,-4.183050156E0
3.382441958E2,2.772000074E0,8.928000450E0,-4.633050442E0
3.382466395E2,2.242950201E0,9.238950729E0,-4.108950138E0
3.382490830E2,1.882950068E0,9.268050194E0,-3.027000189E0
3.382515267E2,1.560000062E0,9.046050072E0,-2.227050066E0
3.382539703E2,1.603050113E0,8.569050789E0,-1.642950058E0
3.382564137E2,2.062950134E0,8.233950615E0,-1.858050108E0
3.382588574E2,3.160050154E0,7.879950523E0,-2.926050186E0
3.382613011E2,3.817950249E0,7.767000198E0,-4.276950359E0
3.382637445E2,3.109050035E0,8.119050026E0,-4.522950172E0
3.382661882E2,2.865000248E0,8.329950333E0,-3.417000055E0
3.382686318E2,3.780000210E0,7.966050148E0,-2.980950117E0
3.382710755E2,4.005000114E0,7.990050316E0,-3.106050253E0
3.382735192E2,3.382050276E0,7.483950138E0,-3.430950165E0
3.382759627E2,3.313050270E0,7.270950317E0,-3.072000027E0
3.382784063E2,4.153050423E0,7.437000275E0,-3.421950102E0
3.382808500E2,3.354000092E0,7.783950329E0,-4.056000233E0
3.382832935E2,2.335950136E0,8.506950378E0,-3.831000090E0
3.382857371E2,1.747050047E0,8.761050224E0,-2.746950150E0
3.382881808E2,1.876050115E0,8.746050835E0,-1.846050143E0
3.382906242E2,2.098950148E0,8.851950645E0,-1.825050116E0
3.382930679E2,2.365050077E0,8.947050095E0,-2.080950022E0
3.382955116E2,2.494050026E0,9.064949989E0,-2.481000185E0
3.382979550E2,3.484950066E0,8.764950752E0,-3.469950199E0
3.383003987E2,4.797000408E0,9.013950348E0,-4.525950432E0
3.383028423E2,4.824000359E0,8.698050499E0,-5.656050205E0
3.383052860E2,2.757000208E0,8.728950500E0,-4.606950283E0
3.383077295E2,1.660950065E0,8.464050293E0,-1.588050127E0
3.383101732E2,1.737000108E0,8.092950821E0,4.530000091E-1
3.383126168E2,2.656950235E0,7.870050430E0,-5.149500370E-1
3.383150605E2,4.101000309E0,7.666050434E0,-2.947950125E0
3.383175039E2,4.692000389E0,7.683000565E0,-5.170050144E0
3.383199475E2,3.508950233E0,8.707950592E0,-5.677050114E0
3.383223912E2,2.146950006E0,9.991050720E0,-4.492050171E0
3.383248347E2,1.654050112E0,1.028595066E1,-2.644050121E0
3.383272784E2,1.086000085E0,9.939000130E0,-7.039500475E-1
3.383297220E2,1.290000081E0,9.627000809E0,-3.405000269E-2
3.383321657E2,3.571050167E0,8.095050812E0,-2.146050215E0
3.383346092E2,5.407950401E0,7.183050156E0,-5.473950386E0
3.383370528E2,5.278950214E0,6.781050205E0,-6.348000526E0
3.383394965E2,4.801950455E0,7.506000519E0,-4.549950123E0
3.383419399E2,4.192049980E0,7.872000217E0,-2.554950237E0
3.383443836E2,2.779050112E0,8.892000198E0,-7.950000167E-1
3.383468272E2,2.391000032E0,8.883000374E0,-7.210500240E-1
3.383492707E2,3.427950144E0,8.758049965E0,-2.548050165E0
3.383517144E2,4.084050179E0,8.895000458E0,-4.801050186E0
3.383541580E2,3.243000269E0,8.884950638E0,-5.761050224E0
3.383566017E2,2.389050007E0,9.052950859E0,-4.650000095E0
3.383590451E2,2.013000011E0,9.405000687E0,-2.422950029E0
3.383614888E2,2.134950161E0,9.400050163E0,-7.570500374E-1
3.383639324E2,2.266950130E0,9.310950279E0,-6.469500065E-1
3.383663761E2,2.712000132E0,9.061950684E0,-1.600050092E0
3.383688195E2,3.306000233E0,8.919000626E0,-3.412050247E0
3.383712632E2,3.976050138E0,8.662050247E0,-4.605000019E0
3.383737069E2,4.255949974E0,8.049000740E0,-4.565999985E0
3.383761503E2,3.496950150E0,8.052000046E0,-3.204000235E0
3.383785940E2,2.833950043E0,8.365950584E0,-1.240950108E0
3.383810377E2,3.354000092E0,8.527950287E0,-9.289500713E-1
3.383834813E2,4.399950027E0,8.341950417E0,-3.118050098E0
3.383859248E2,3.844050169E0,8.458950043E0,-4.927950382E0
3.383883685E2,2.845950127E0,8.751000404E0,-5.047950268E0
3.383908119E2,2.503950119E0,8.943000793E0,-4.189949989E0
3.383932556E2,2.014950037E0,8.907000542E0,-2.593050241E0
3.383956993E2,1.848000050E0,8.773050308E0,-1.593000054E0
3.383981429E2,2.106000185E0,8.689050674E0,-1.552050114E0
3.384005863E2,2.488950014E0,8.320050240E0,-2.220000029E0
3.384030300E2,3.255000114E0,7.923000336E0,-3.550950050E0
3.384054736E2,3.765000105E0,7.963050365E0,-4.565999985E0
3.384079173E2,3.040050030E0,8.072999954E0,-4.497000217E0
3.384103608E2,2.887050152E0,8.100000381E0,-3.166050196E0
3.384128044E2,4.201050282E0,8.016000748E0,-2.269950151E0
3.384152481E2,3.627000093E0,8.184000015E0,-2.818950176E0
3.384176916E2,3.018000126E0,7.695000172E0,-2.917050123E0
3.384201353E2,3.078000069E0,7.594950199E0,-2.971950054E0
3.384225789E2,3.435000181E0,7.726050377E0,-3.508050203E0
3.384250223E2,2.839050055E0,8.332050323E0,-4.059000015E0
3.384274660E2,2.013000011E0,8.902050018E0,-3.805050135E0
3.384299097E2,1.716000080E0,9.004950523E0,-3.007950068E0
3.384323534E2,1.924050093E0,9.247050285E0,-2.428050041E0
3.384347968E2,2.074949980E0,9.349950790E0,-2.313000202E0
3.384372405E2,1.704000115E0,9.357000351E0,-2.280000210E0
3.384396841E2,1.639050126E0,9.328050613E0,-2.227050066E0
3.384421278E2,2.652000189E0,9.012000084E0,-2.803950071E0
3.384445713E2,3.531000137E0,8.806050301E0,-3.846000195E0
3.384470149E2,3.817950249E0,8.449049950E0,-4.653000355E0
3.384494586E2,3.013950109E0,8.254950523E0,-3.979950190E0
3.384519020E2,2.724000216E0,8.289000511E0,-2.203050137E0
3.384543457E2,2.935050249E0,8.575950623E0,-1.708050132E0
3.384567893E2,2.890950203E0,8.770050049E0,-2.608050108E0
3.384592330E2,2.689950228E0,8.710050583E0,-3.841050148E0
3.384616765E2,2.532000065E0,8.776950836E0,-4.372050285E0
3.384641202E2,2.298000097E0,9.007050514E0,-4.417950153E0
3.384665638E2,1.918950081E0,9.169950485E0,-3.408000231E0
3.384690072E2,1.654050112E0,9.361950874E0,-2.826000214E0
3.384714509E2,1.663050056E0,9.052950859E0,-2.100000143E0
3.384738946E2,2.097000122E0,8.727000237E0,-1.981050134E0
3.384763380E2,3.142950058E0,8.409000397E0,-2.959950209E0
3.384787817E2,3.898950100E0,8.149950027E0,-4.243050098E0
3.384812253E2,3.294000149E0,8.157000542E0,-4.653000355E0
3.384836690E2,3.306000233E0,8.242950439E0,-3.694950104E0
3.384861125E2,4.201050282E0,7.984950542E0,-3.319050074E0
3.384885562E2,3.454050064E0,8.061000824E0,-3.163050175E0
3.384909998E2,2.566050053E0,7.999050617E0,-2.839950085E0
3.384934435E2,3.298950195E0,7.932000160E0,-2.802000046E0
3.384958869E2,3.772950172E0,8.023050308E0,-3.484050274E0
3.384983305E2,2.901000023E0,8.260050774E0,-4.492050171E0
3.385007742E2,1.965000153E0,8.755949974E0,-4.296000004E0
3.385032177E2,1.740000129E0,8.835000038E0,-3.430950165E0
3.385056614E2,1.941000104E0,9.127050400E0,-2.409000158E0
3.385081050E2,2.218950033E0,9.285000801E0,-2.368050098E0
3.385105487E2,1.812000036E0,9.043050766E0,-2.440050125E0
3.385129922E2,3.058950186E0,9.046050072E0,-2.902050257E0
3.385154358E2,4.560000420E0,8.808000565E0,-4.123050213E0
3.385178795E2,4.524000168E0,8.998050690E0,-5.436000347E0
3.385203229E2,3.448950052E0,8.485050201E0,-5.811000347E0
3.385227666E2,2.074949980E0,8.191050529E0,-3.469950199E0
3.385252103E2,1.468950033E0,8.140049934E0,-3.019500077E-1
3.385276539E2,1.813950062E0,7.839000225E0,7.380000353E-1
3.385300974E2,3.246000051E0,7.674000263E0,-1.578000069E0
3.385325410E2,3.993000269E0,7.855950356E0,-4.600050449E0
3.385349847E2,3.591000080E0,8.289000511E0,-6.112950325E0
3.385374282E2,2.760000229E0,9.097949982E0,-5.809050083E0
3.385398719E2,2.377050161E0,9.790050507E0,-4.399050236E0
3.385423155E2,1.429050088E0,1.012305069E1,-2.349000216E0
3.385447589E2,9.859500527E-1,9.751950264E0,-5.200500488E-1
3.385472026E2,2.282999992E0,8.682000160E0,-1.111050010E0
3.385496463E2,4.345050335E0,7.498950481E0,-3.490950108E0
3.385520897E2,5.254950047E0,7.153950214E0,-5.670000076E0
3.385545334E2,4.491000175E0,6.711000443E0,-5.542950153E0
3.385569771E2,4.156050205E0,7.365000248E0,-3.384000063E0
3.385594207E2,4.456950188E0,7.675950527E0,-1.744050026E0
3.385618642E2,3.466050148E0,8.815950394E0,-1.333950043E0
3.385643079E2,2.281050205E0,9.057000160E0,-1.951950073E0
3.385667515E2,2.200050116E0,9.093000412E0,-3.024000168E0
3.385691952E2,3.001950026E0,8.908950806E0,-4.437000275E0
3.385716387E2,3.286950111E0,8.770050049E0,-5.344950199E0
3.385740823E2,2.427000046E0,9.097949982E0,-4.552050114E0
3.385765260E2,2.142000198E0,8.868000031E0,-2.638950109E0
3.385789696E2,2.827050209E0,8.559000015E0,-1.150050044E0
3.385814131E2,3.322050095E0,8.761050224E0,-9.319500327E-1
3.385838567E2,2.733000040E0,8.722050667E0,-1.825050116E0
3.385863004E2,2.671050072E0,8.822999954E0,-2.794950247E0
3.385887439E2,3.555000067E0,8.538000107E0,-3.534000158E0
3.385911875E2,4.347000122E0,8.065950394E0,-3.817050219E0
3.385936312E2,4.620000362E0,8.065950394E0,-3.538950205E0
3.385960747E2,4.021950245E0,7.959000587E0,-2.986050129E0
3.385985184E2,3.492000103E0,8.251049995E0,-2.100000143E0
3.386009620E2,3.130950212E0,8.434950829E0,-2.111999989E0
3.386034054E2,2.784000158E0,8.313000679E0,-2.677050114E0
3.386058491E2,3.034950256E0,8.284049988E0,-3.285000086E0
3.386082927E2,3.600000143E0,8.265000343E0,-3.592050076E0
3.386107364E2,3.366000175E0,8.425050735E0,-3.951000214E0
3.386131799E2,3.271950245E0,8.374950409E0,-3.604050159E0
3.386156236E2,2.938950062E0,8.467950821E0,-2.983950138E0
3.386180672E2,2.500950098E0,8.617050171E0,-1.861050129E0
3.386205109E2,2.712000132E0,8.265000343E0,-1.666950107E0
3.386229543E2,3.709950209E0,7.908000469E0,-2.517000198E0
3.386253980E2,4.527000427E0,7.579950333E0,-3.831000090E0
3.386278416E2,4.387950420E0,7.461000443E0,-4.380000114E0
3.386302851E2,4.825950146E0,7.449000359E0,-3.814950228E0
3.386327288E2,5.049000263E0,7.615950584E0,-3.429000139E0
3.386351724E2,3.940050125E0,8.374950409E0,-2.730000019E0
3.386376159E2,3.175950050E0,8.337000847E0,-2.529000044E0
3.386400596E2,2.881950140E0,8.478000641E0,-2.560050011E0
3.386425032E2,3.259950161E0,8.545050621E0,-3.525000095E0
3.386449469E2,3.294000149E0,8.512050629E0,-4.252950191E0
3.386473904E2,2.652000189E0,8.899050713E0,-3.810000181E0
3.386498340E2,2.190000057E0,8.727000237E0,-2.845050097E0
3.386522777E2,2.580000162E0,8.740950584E0,-1.966050148E0
3.386547214E2,3.013950109E0,8.799000740E0,-2.143050194E0
3.386571648E2,3.439950228E0,9.060000420E0,-2.947950125E0
3.386596084E2,3.661950111E0,9.345000267E0,-3.829050064E0
3.386620521E2,3.598050117E0,9.177000046E0,-4.510950089E0
3.386644956E2,3.775050163E0,8.880000114E0,-4.399050236E0
3.386669393E2,3.487950087E0,8.440050125E0,-3.750000238E0
3.386693829E2,2.761950016E0,8.011050224E0,-2.485950232E0
3.386718266E2,2.282999992E0,7.812000275E0,-9.510000348E-1
3.386742700E2,2.937000036E0,7.434000492E0,-1.048950076E0
3.386767137E2,3.946950197E0,7.291050434E0,-2.919000149E0
3.386791571E2,4.153050423E0,7.711950302E0,-4.489950180E0
3.386816008E2,3.433050156E0,8.655000687E0,-5.245950222E0
3.386840445E2,2.620950222E0,9.131999969E0,-4.585950375E0
3.386864881E2,1.941000104E0,9.412050247E0,-3.046050072E0
3.386889316E2,1.948050141E0,9.136950493E0,-1.957050085E0
3.386913753E2,2.319000006E0,8.548050880E0,-1.911000133E0
3.386938189E2,3.246000051E0,7.446000576E0,-2.854050159E0
3.386962626E2,4.540950298E0,6.685050488E0,-4.138050079E0
3.386987060E2,5.266950130E0,6.357000351E0,-4.723950386E0
3.387011497E2,4.479000092E0,6.847950459E0,-4.071000099E0
3.387035933E2,4.085999966E0,7.783950329E0,-2.707950115E0
3.387060370E2,4.381050110E0,8.299050331E0,-2.236950159E0
3.387084805E2,3.271950245E0,8.818050385E0,-2.965050220E0
3.387109241E2,2.749950171E0,8.527950287E0,-3.349950075E0
3.387133678E2,2.968050241E0,8.221950531E0,-3.549000263E0
3.387158113E2,3.279000044E0,8.530950546E0,-3.915000200E0
3.387182549E2,3.391950130E0,8.587950706E0,-3.994050264E0
3.387206986E2,2.632950068E0,8.818050385E0,-3.814950228E0
3.387231420E2,2.251950026E0,8.610000610E0,-2.977050066E0
3.387255857E2,2.395950079E0,9.181950569E0,-2.236950159E0
3.387280294E2,2.863050222E0,8.967000008E0,-2.292000055E0
3.387304730E2,2.200050116E0,8.947050095E0,-2.845050097E0
3.387329165E2,2.491950035E0,8.806050301E0,-2.413950205E0
3.387353601E2,3.274950266E0,8.491950035E0,-2.586000204E0
3.387378038E2,4.560000420E0,8.251049995E0,-3.357000113E0
3.387402475E2,5.032050133E0,8.217000008E0,-4.441950321E0
3.387426909E2,3.658050060E0,8.482950211E0,-3.883950233E0
3.387451345E2,2.440950155E0,8.173950195E0,-2.164950132E0
3.387475782E2,2.592000008E0,8.449049950E0,-1.450950027E0
3.387500217E2,3.697950125E0,8.041950226E0,-2.275050163E0
3.387524654E2,4.450050354E0,8.173950195E0,-3.943950176E0
3.387549090E2,4.477050304E0,8.470950127E0,-5.124000072E0
3.387573525E2,3.928050280E0,8.844000816E0,-5.646000385E0
3.387597962E2,2.977950096E0,8.844000816E0,-4.258049965E0
3.387622398E2,2.082000017E0,9.259050369E0,-2.163000107E0
3.387646833E2,1.789950132E0,8.926050186E0,-1.083000064E0
3.387671270E2,2.143949986E0,7.936950207E0,-9.610500336E-1
3.387695706E2,3.919050217E0,7.129950523E0,-2.251049995E0
3.387720143E2,5.809950352E0,6.574950218E0,-4.297950268E0
3.387744580E2,5.476950169E0,6.685050488E0,-5.512050152E0
3.387769014E2,4.108050346E0,7.927050591E0,-4.006050110E0
3.387793450E2,4.057950020E0,8.302950859E0,-2.850000143E0
3.387817887E2,3.454050064E0,8.566950798E0,-1.954050064E0
3.387842322E2,2.953950167E0,8.269950867E0,-1.696050048E0
3.387866758E2,3.627000093E0,7.683000565E0,-2.392050028E0
3.387891195E2,4.765950203E0,7.516050339E0,-4.300950050E0
3.387915629E2,4.192049980E0,7.441050529E0,-5.067000389E0
3.387940066E2,3.199950218E0,8.011050224E0,-4.083000183E0
3.387964502E2,2.434050083E0,8.112000465E0,-2.538000107E0
3.387988939E2,2.335950136E0,9.031050682E0,-1.111050010E0
3.388013374E2,2.868000031E0,8.977950096E0,-1.225950003E0
3.388037811E2,2.475000143E0,8.706000328E0,-1.861050129E0
3.388062247E2,2.710050106E0,8.839950562E0,-2.434950113E0
3.388086682E2,3.615000248E0,8.457000732E0,-3.384000063E0
3.388111119E2,4.630050182E0,8.155050278E0,-4.339050293E0
3.388135555E2,4.788000107E0,8.176050186E0,-4.423050404E0
3.388159992E2,4.157999992E0,8.418000221E0,-3.726000071E0
3.388184426E2,3.295950174E0,8.229000092E0,-2.743950129E0
3.388208863E2,2.968050241E0,8.107049942E0,-2.248950005E0
3.388233299E2,3.088050127E0,7.980000496E0,-2.329950094E0
3.388257734E2,3.624000072E0,7.828950405E0,-3.433950186E0
3.388282171E2,4.101000309E0,7.860000610E0,-3.774000168E0
3.388306607E2,3.744000196E0,8.322000504E0,-4.450950146E0
3.388331044E2,3.580950260E0,8.452050209E0,-4.345950127E0
3.388355479E2,2.827050209E0,9.145950317E0,-3.324000120E0
3.388379916E2,2.005950212E0,9.378000259E0,-1.947000146E0
3.388404352E2,1.819050074E0,8.935050011E0,-9.580500722E-1
3.388428787E2,2.712000132E0,8.361000061E0,-1.602000117E0
3.388453223E2,4.182000160E0,7.894050598E0,-3.205950260E0
3.388477660E2,4.759050369E0,7.164000511E0,-4.963950157E0
3.388502096E2,4.744950294E0,7.137000561E0,-4.768050194E0
3.388526531E2,5.118000031E0,7.336050510E0,-3.831000090E0
3.388550968E2,4.447950363E0,7.863000393E0,-2.883000135E0
3.388575404E2,3.105000257E0,8.152050018E0,-2.095050097E0
3.388599841E2,2.781000137E0,8.397000313E0,-1.966050148E0
3.388624276E2,3.532950163E0,8.299050331E0,-3.211050034E0
3.388648712E2,4.065000057E0,8.358000755E0,-4.441950321E0
3.388673149E2,3.163950205E0,8.587950706E0,-4.444050312E0
3.388697583E2,2.688000202E0,8.527950287E0,-3.517950058E0
3.388722020E2,2.731050014E0,8.839950562E0,-2.008949995E0
3.388746456E2,2.833950043E0,9.081000328E0,-1.705050111E0
3.388770891E2,2.464950085E0,8.635950089E0,-1.935000062E0
3.388795328E2,2.616000175E0,8.719950676E0,-1.909050107E0
3.388819764E2,3.406050205E0,8.574000359E0,-2.577000141E0
3.388844199E2,4.378050327E0,8.233950615E0,-3.700050116E0
3.388868635E2,4.753950119E0,7.978050232E0,-4.171050072E0
3.388893072E2,4.146000385E0,7.908000469E0,-3.430950165E0
3.388917509E2,3.090000153E0,7.930050373E0,-1.894050121E0
3.388941945E2,3.016050100E0,7.698000431E0,-1.119000077E0
3.388966379E2,4.009950161E0,7.471950531E0,-2.265000105E0
3.388990816E2,4.432950020E0,7.546950340E0,-3.754950285E0
3.389015253E2,4.126950264E0,8.035050392E0,-4.144950390E0
3.389039688E2,3.586050272E0,8.682000160E0,-4.144950390E0
3.389064124E2,3.451950073E0,9.084000587E0,-3.451050282E0
3.389088561E2,2.869950056E0,9.440999985E0,-2.742000103E0
3.389112996E2,2.386050224E0,9.376049995E0,-2.002050161E0
3.389137432E2,2.355000019E0,8.767950058E0,-2.100000143E0
3.389161869E2,3.093000174E0,8.136000633E0,-2.656050205E0
3.389186303E2,4.195950031E0,7.647000313E0,-3.529950142E0
3.389210740E2,4.479000092E0,7.638000488E0,-3.501000166E0
3.389235177E2,4.165050030E0,7.984950542E0,-3.574950218E0
3.389259613E2,4.386000156E0,8.322000504E0,-1.831950068E0
3.389284048E2,4.648950100E0,8.718000412E0,-1.920000017E-1
3.389308485E2,3.612000227E0,8.770050049E0,-1.972950101E0
3.389332921E2,2.791050196E0,8.698050499E0,-3.063000202E0
3.389357358E2,2.793000221E0,7.930050373E0,-3.964950085E0
3.389381793E2,4.009950161E0,7.848000526E0,-4.759950161E0
3.389406229E2,3.756000280E0,7.978050232E0,-3.678000212E0
3.389430666E2,3.223950148E0,8.452050209E0,-2.917050123E0
3.389455100E2,3.388950109E0,8.956950188E0,-1.606950045E0
3.389479537E2,3.385050058E0,9.204000473E0,-9.799500704E-1
3.389503973E2,3.222000122E0,9.655950546E0,-1.854000092E0
3.389528408E2,2.640000105E0,9.814050674E0,-2.449950218E0
3.389552845E2,2.623050213E0,9.888000488E0,-3.051000118E0
3.389577281E2,3.808050156E0,9.591000557E0,-3.288000107E0
3.389601718E2,4.321050167E0,9.153000832E0,-4.143000126E0
3.389626152E2,3.709950209E0,8.575950623E0,-4.413000107E0
3.389650589E2,2.901000023E0,8.112000465E0,-2.002050161E0
3.389675025E2,2.142000198E0,7.573050499E0,-6.000000238E-2
3.389699462E2,2.449050188E0,7.338000298E0,-2.160000056E-1
3.389723897E2,3.868050098E0,7.030050278E0,-1.972950101E0
3.389748333E2,4.897950172E0,7.117950439E0,-4.894050121E0
3.389772770E2,4.444950104E0,7.959000587E0,-5.289000034E0
3.389797205E2,3.934950113E0,8.739000320E0,-5.035950184E0
3.389821642E2,3.496950150E0,9.793050766E0,-3.568050146E0
3.389846078E2,2.905950069E0,1.016100025E1,-2.173950195E0
3.389870515E2,2.094000101E0,1.038195038E1,-1.573950052E0
3.389894949E2,2.343000174E0,9.610950470E0,-2.272950172E0
3.389919386E2,3.849000216E0,8.827950478E0,-3.373950243E0
3.389943822E2,4.491000175E0,8.233950615E0,-4.843950272E0
3.389968257E2,3.837000132E0,7.683000565E0,-4.705049992E0
3.389992694E2,3.378000259E0,7.843950272E0,-2.956950188E0
3.390017130E2,3.733950138E0,8.257950783E0,-1.839000106E0
3.390041565E2,3.202950239E0,8.818050385E0,-1.441950083E0
3.390066002E2,2.683050156E0,8.365950584E0,-1.948950052E0
3.390090438E2,3.105000257E0,7.951050282E0,-3.060000181E0
3.390114875E2,4.089000225E0,7.947000504E0,-4.465950012E0
3.390139312E2,4.468950272E0,7.783950329E0,-5.349000454E0
3.390163746E2,4.117050171E0,8.257950783E0,-4.594950199E0
3.390188182E2,3.579000235E0,8.749050140E0,-2.779950142E0
3.390212619E2,3.058950186E0,9.285000801E0,-1.201950073E0
3.390237054E2,2.829000235E0,9.922050476E0,-1.237950087E0
3.390261491E2,2.371950150E0,1.026900005E1,-2.344050169E0
3.390285927E2,1.909950137E0,1.043400097E1,-3.336000204E0
3.390310361E2,1.812000036E0,1.009695053E1,-3.570000172E0
3.390334798E2,1.945950150E0,9.826050758E0,-3.285000086E0
3.390359235E2,2.767050028E0,8.959050179E0,-3.465000153E0
3.390383669E2,2.869950056E0,8.655000687E0,-3.726000071E0
3.390408106E2,2.118000031E0,8.764950752E0,-3.166050196E0
3.390432542E2,1.936050057E0,8.301000595E0,-2.809050083E0
3.390456979E2,2.749950171E0,7.750050545E0,-2.869050026E0
3.390481414E2,3.399000168E0,7.570950508E0,-3.301950216E0
3.390505850E2,4.230000019E0,7.434000492E0,-4.176000118E0
3.390530287E2,4.648950100E0,7.804950237E0,-4.348950386E0
3.390554724E2,4.510050297E0,8.610000610E0,-4.363049984E0
3.390579158E2,3.471000195E0,9.297000885E0,-3.925050259E0
3.390603595E2,2.440950155E0,9.453000069E0,-2.617050171E0
3.390628031E2,1.861950040E0,9.682050705E0,-1.810950041E0
3.390652466E2,2.190000057E0,9.321000099E0,-1.981050134E0
3.390676903E2,2.515950203E0,8.788949966E0,-3.123000145E0
3.390701339E2,2.836050034E0,8.083050728E0,-4.432050228E0
3.390725776E2,2.602050066E0,8.029950142E0,-3.985050201E0
3.390750211E2,2.213999987E0,7.815000534E0,-3.360000134E0
3.390774648E2,2.596950054E0,7.936950207E0,-3.064950228E0
3.390799084E2,2.899050236E0,7.819950581E0,-3.277950048E0
3.390823519E2,2.428950071E0,7.336050510E0,-3.064950228E0
3.390847955E2,3.037950039E0,6.835950375E0,-2.740050077E0
3.390872392E2,4.543950081E0,6.630000114E0,-3.309000254E0
3.390896826E2,4.419000149E0,7.096950531E0,-4.291050434E0
3.390921263E2,3.430050135E0,7.671000481E0,-4.120950222E0
3.390945699E2,2.856000185E0,8.179050446E0,-3.178050041E0
3.390970136E2,2.772000074E0,8.818050385E0,-2.038050175E0
3.390994571E2,2.748000145E0,9.594000816E0,-2.710950136E0
3.391019008E2,2.106000185E0,9.958050728E0,-3.982050180E0
3.391043444E2,1.342050076E0,9.781050682E0,-3.999000072E0
3.391067879E2,1.038000107E0,9.060000420E0,-3.256950140E0
3.391092316E2,1.330050111E0,8.583000183E0,-3.096000195E0
3.391116752E2,1.942950130E0,7.659000397E0,-3.511050224E0
3.391141186E2,2.008050203E0,6.912000179E0,-3.586950064E0
3.391165623E2,1.797000051E0,6.586950302E0,-2.977050066E0
3.391190060E2,2.317050219E0,6.424050331E0,-2.935950041E0
3.391214496E2,2.749950171E0,6.939000130E0,-3.712050200E0
3.391238933E2,3.175950050E0,7.234950542E0,-4.213950157E0
3.391263368E2,3.009000063E0,7.963050365E0,-4.404000282E0
3.391287804E2,3.126000166E0,8.533050537E0,-4.786950111E0
3.391312241E2,3.106950045E0,8.617050171E0,-4.987950325E0
3.391336678E2,2.590050220E0,8.944950104E0,-4.444050312E0
3.391361112E2,1.954950094E0,8.787000656E0,-4.075950146E0
3.391385549E2,2.215950012E0,8.023050308E0,-3.570000172E0
3.391409983E2,2.965950251E0,7.465050220E0,-3.597000122E0
3.391434420E2,3.366000175E0,7.045950413E0,-4.248000145E0
3.391458857E2,3.042000055E0,7.477050304E0,-4.729050159E0
3.391483293E2,2.449050188E0,7.920000553E0,-4.875000000E0
3.391507728E2,2.824050188E0,8.257950783E0,-4.806000233E0
3.391532165E2,2.131950140E0,8.083050728E0,-4.528050423E0
3.391556601E2,1.780950069E0,7.726050377E0,-3.513000250E0
3.391581038E2,3.049950123E0,7.585050583E0,-2.521950006E0
3.391605472E2,3.811050177E0,7.750050545E0,-3.007950068E0
3.391629909E2,3.484950066E0,8.064000130E0,-3.826950073E0
3.391654346E2,3.057000160E0,8.277000427E0,-4.779000282E0
3.391678780E2,2.202000141E0,8.788949966E0,-5.182050228E0
3.391703216E2,1.417050123E0,9.357000351E0,-4.420050144E0
3.391727653E2,1.375950098E0,9.321000099E0,-2.992950201E0
3.391752088E2,1.141050100E0,9.414000511E0,-1.975950122E0
3.391776525E2,1.570050120E0,9.535950661E0,-1.890000105E0
3.391800961E2,3.022950172E0,9.153000832E0,-3.256950140E0
3.391825398E2,3.768000126E0,8.950050354E0,-4.969050407E0
3.391849832E2,2.659050226E0,8.830050468E0,-5.428050041E0
3.391874269E2,6.529500484E-1,8.751000404E0,-3.544050217E0
3.391898706E2,5.670000315E-1,8.373000145E0,-1.381950021E0
3.391923140E2,1.588950038E0,7.414950371E0,-6.760500073E-1
3.391947577E2,3.124050140E0,7.252050400E0,-1.618950129E0
3.391972013E2,4.594050407E0,7.432050228E0,-3.420000076E0
3.391996450E2,4.026000023E0,7.978050232E0,-5.119050026E0
3.392020885E2,2.896050215E0,9.000000000E0,-5.910000324E0
3.392045322E2,1.960050106E0,9.418950081E0,-4.963950157E0
3.392069758E2,8.200500607E-1,9.754050255E0,-3.396000147E0
3.392094195E2,1.330500096E-1,9.670050621E0,-2.191050053E0
3.392118629E2,1.294050097E0,8.610000610E0,-2.007000208E0
3.392143066E2,2.961000204E0,7.507950306E0,-4.212000370E0
3.392167502E2,3.823050261E0,7.152000427E0,-5.340000153E0
3.392191937E2,3.544950247E0,7.210950375E0,-4.818000317E0
3.392216374E2,2.980050087E0,7.771950245E0,-3.151050091E0
3.392240810E2,3.136050224E0,8.004000664E0,-2.227050066E0
3.392265245E2,2.980050087E0,8.478000641E0,-2.095050097E0
3.392289682E2,2.721000195E0,8.028000832E0,-2.919000149E0
3.392314118E2,3.454050064E0,7.185000420E0,-3.429000139E0
3.392338555E2,4.620000362E0,6.991050243E0,-4.248000145E0
3.392362990E2,4.195950031E0,7.075050354E0,-5.272950172E0
3.392387426E2,3.162000179E0,7.699950218E0,-4.498950005E0
3.392411863E2,2.443950176E0,8.026050568E0,-2.932950258E0
3.392436300E2,2.200050116E0,8.406000137E0,-1.902000070E0
3.392460734E2,2.317050219E0,8.959050179E0,-2.136000156E0
3.392485170E2,1.972050071E0,9.262950897E0,-3.058050156E0
3.392509607E2,2.037000179E0,9.241950035E0,-3.702000141E0
3.392534042E2,2.887050152E0,8.835000038E0,-4.495050430E0
3.392558479E2,3.363000154E0,8.755949974E0,-4.558950424E0
3.392582915E2,3.568950176E0,8.454000473E0,-4.192950249E0
3.392607352E2,3.514050245E0,8.167050362E0,-3.151050091E0
3.392631787E2,3.459000111E0,8.344050407E0,-2.620050192E0
3.392656223E2,3.661950111E0,8.152050018E0,-2.886000156E0
3.392680660E2,3.777000189E0,7.738050461E0,-3.951000214E0
3.392705094E2,3.876000166E0,7.504050255E0,-4.678950310E0
3.392729531E2,4.326000214E0,7.348050117E0,-4.561950207E0
3.392753967E2,4.548000336E0,7.522950172E0,-4.198050022E0
3.392778404E2,4.012050152E0,7.882050514E0,-3.379050255E0
3.392802839E2,2.947050095E0,8.479949951E0,-2.221950054E0
3.392827275E2,1.903050065E0,8.998050690E0,-1.590000033E0
3.392851712E2,2.101050138E0,9.025950432E0,-2.086050034E0
3.392876147E2,3.454050064E0,8.773050308E0,-3.930000305E0
3.392900584E2,3.157050133E0,8.569050789E0,-5.457000256E0
3.392925020E2,2.923050165E0,8.470950127E0,-5.224950314E0
3.392949454E2,4.117050171E0,8.148000717E0,-4.111050129E0
3.392973891E2,4.918950081E0,7.990050316E0,-3.496050119E0
3.392998328E2,3.888000250E0,7.980000496E0,-2.926050186E0
3.393022762E2,3.739050150E0,8.059050560E0,-2.650950193E0
3.393047199E2,4.291950226E0,7.824000359E0,-3.163050175E0
3.393071635E2,4.447950363E0,7.993950367E0,-3.795000076E0
3.393096072E2,4.393050194E0,7.810050488E0,-4.200000286E0
3.393120509E2,3.385050058E0,8.196000099E0,-3.472050190E0
3.393144944E2,2.820000172E0,8.542950630E0,-2.548050165E0
3.393169380E2,2.596950054E0,8.536050797E0,-2.206050158E0
3.393193817E2,2.659050226E0,9.129000664E0,-2.550000191E0
3.393218252E2,2.551050186E0,9.168000221E0,-2.473950148E0
3.393242688E2,2.523000002E0,9.012000084E0,-2.373000145E0
3.393267125E2,3.211950064E0,9.091050148E0,-3.058050156E0
3.393291559E2,3.339000225E0,9.310950279E0,-3.975000143E0
3.393315996E2,2.899050236E0,8.710050583E0,-3.771000147E0
3.393340432E2,2.213999987E0,8.822999954E0,-2.661000013E0
3.393364869E2,2.713950157E0,8.394000053E0,-1.549950123E0
3.393389304E2,4.114950180E0,8.241000175E0,-2.111999989E0
3.393413741E2,4.936050415E0,8.053950310E0,-4.024950027E0
3.393438177E2,4.744950294E0,8.039999962E0,-5.311050415E0
3.393462614E2,3.697950125E0,8.236050606E0,-5.218050480E0
3.393487048E2,3.283950090E0,8.176050186E0,-4.068000317E0
3.393511484E2,2.749950171E0,8.763000488E0,-2.548050165E0
3.393535921E2,2.383949995E0,8.293950081E0,-1.612050056E0
3.393560356E2,2.073000193E0,8.161950111E0,-1.231050014E0
3.393584792E2,3.603000164E0,7.401000500E0,-1.890000105E0
3.393609229E2,4.218000412E0,7.326000214E0,-3.514950275E0
3.393633664E2,3.940050125E0,7.450950146E0,-4.759950161E0
3.393658101E2,2.571000099E0,8.167050362E0,-3.630000114E0
3.393682537E2,3.430050135E0,8.212050438E0,-2.254050016E0
3.393706974E2,3.442050219E0,8.430000305E0,-2.185950041E0
3.393731408E2,3.190950155E0,8.611950874E0,-2.578950167E0
3.393755845E2,3.208050251E0,7.987050533E0,-3.075000048E0
3.393780281E2,3.825000286E0,7.896000385E0,-3.364050150E0
3.393804716E2,4.645950317E0,7.671000481E0,-4.296000004E0
3.393829153E2,3.757950068E0,7.627950191E0,-4.542000294E0
3.393853589E2,2.884050131E0,7.855950356E0,-4.051949978E0
3.393878026E2,2.419950008E0,8.509050369E0,-2.139000177E0
3.393902461E2,2.353049994E0,8.467950821E0,-1.357950091E0
3.393926898E2,2.347950220E0,8.586000443E0,-1.504050016E0
3.393951334E2,2.652000189E0,9.025950432E0,-2.443050146E0
3.393975771E2,2.997000217E0,9.229950905E0,-3.373950243E0
3.394000205E2,3.892050266E0,9.301950455E0,-4.770000458E0
3.394024641E2,4.157999992E0,9.598950386E0,-5.905050278E0
3.394049078E2,2.590050220E0,9.390000343E0,-5.127000332E0
3.394073513E2,1.420950055E0,9.001950264E0,-3.004950047E0
3.394097950E2,1.702050090E0,8.622000694E0,-3.280500174E-1
3.394122386E2,2.962950230E0,7.980000496E0,-3.169500232E-1
3.394146820E2,4.294950008E0,7.599000454E0,-2.778000116E0
3.394171257E2,4.716000080E0,7.633050442E0,-5.277000427E0
3.394195694E2,4.311000347E0,8.350950241E0,-6.487050533E0
3.394220130E2,3.387000084E0,8.605050087E0,-6.048000336E0
3.394244565E2,2.389050007E0,9.558000565E0,-4.243050098E0
3.394269002E2,1.234950066E0,9.655950546E0,-2.557950020E0
3.394293438E2,9.589500427E-1,9.393000603E0,-7.980000377E-1
3.394317875E2,2.970000029E0,8.530950546E0,-1.309950113E0
3.394342309E2,4.606050014E0,7.615950584E0,-4.276950359E0
3.394366745E2,4.510050297E0,7.408050537E0,-6.264000416E0
3.394391182E2,3.708000183E0,7.518000126E0,-5.577000141E0
3.394415617E2,3.949950218E0,8.173950195E0,-3.775950193E0
3.394440054E2,3.186000109E0,8.317950249E0,-2.263050079E0
3.394464490E2,2.520000219E0,8.434950829E0,-1.588050127E0
3.394488925E2,3.373050213E0,8.398950577E0,-2.042999983E0
3.394513362E2,4.471950054E0,7.888950348E0,-3.700050116E0
3.394537798E2,4.749000072E0,7.807950497E0,-5.764050484E0
3.394562235E2,4.030950069E0,8.145000458E0,-5.706000328E0
3.394586669E2,2.805000067E0,8.269950867E0,-4.758000374E0
3.394611105E2,2.200050116E0,8.764950752E0,-2.656050205E0
3.394635542E2,2.403000116E0,8.980950356E0,-1.696050048E0
3.394659979E2,2.190000057E0,8.938050270E0,-2.064000130E0
3.394684414E2,2.580000162E0,8.763000488E0,-2.835000038E0
3.394708850E2,3.157050133E0,8.530950546E0,-3.795000076E0
3.394733286E2,3.523950100E0,8.634000778E0,-4.255050182E0
3.394757721E2,3.480000257E0,8.337000847E0,-4.180950165E0
3.394782158E2,2.619000196E0,8.164050102E0,-3.192000151E0
3.394806594E2,2.269050121E0,8.002050400E0,-1.423050046E0
3.394831029E2,2.604000092E0,8.097000122E0,-7.189500332E-1
3.394855466E2,3.753000259E0,7.942050457E0,-1.791000128E0
3.394879903E2,4.516950130E0,7.932000160E0,-4.662000179E0
3.394904339E2,4.066950321E0,8.278950691E0,-6.259050369E0
3.394928774E2,3.640950203E0,8.653050423E0,-6.147000313E0
3.394953210E2,2.970000029E0,8.542950630E0,-4.819950104E0
3.394977646E2,2.282999992E0,8.755949974E0,-2.992950201E0
3.395002083E2,1.905000091E0,8.605050087E0,-1.444050074E0
3.395026518E2,2.664000034E0,7.918050289E0,-1.106999993E0
3.395050954E2,4.017000198E0,7.381050587E0,-2.433000088E0
3.395075391E2,4.206000328E0,7.353000164E0,-4.018050194E0
3.395099826E2,3.660000086E0,7.767000198E0,-4.830000401E0
3.395124262E2,3.112050056E0,8.112000465E0,-4.255050182E0
3.395148699E2,3.303000212E0,8.820000648E0,-2.859000206E0
3.395173133E2,3.150000095E0,8.868000031E0,-2.395050049E0
3.395197570E2,2.575050116E0,8.428050041E0,-2.481000185E0
3.395222006E2,3.349050045E0,7.969950199E0,-2.787000179E0
3.395246441E2,4.074000359E0,7.422000408E0,-3.637050152E0
3.395270878E2,4.732950211E0,7.228050232E0,-4.465950012E0
3.395295315E2,3.658050060E0,7.417050362E0,-4.540050030E0
3.395319751E2,2.422049999E0,8.085000038E0,-3.064950228E0
3.395344186E2,2.239950180E0,8.334000587E0,-1.783950090E0
3.395368622E2,2.239950180E0,8.770050049E0,-1.530000091E0
3.395393059E2,2.664000034E0,8.986050606E0,-2.470950127E0
3.395417496E2,3.199950218E0,9.424050331E0,-3.790950298E0
3.395441930E2,4.072050095E0,9.358950615E0,-5.256000042E0
3.395466366E2,3.423000097E0,9.522000313E0,-5.983950138E0
3.395490803E2,2.568000078E0,8.818050385E0,-4.855950356E0
3.395515240E2,1.636950135E0,8.344050407E0,-2.320950031E0
3.395539675E2,1.615050077E0,7.723950386E0,-4.095000029E-2
3.395564112E2,2.745000124E0,6.964950562E0,5.250000358E-1
3.395588548E2,3.682050228E0,6.733050346E0,-1.399050117E0
3.395612982E2,4.651050091E0,6.991050243E0,-4.237950325E0
3.395637419E2,4.423950195E0,7.744950294E0,-6.300000191E0
3.395661855E2,3.238950253E0,8.638050079E0,-6.445950508E0
3.395686290E2,2.098950148E0,9.322950363E0,-4.498950005E0
3.395710727E2,1.089000106E0,9.493050575E0,-2.373000145E0
3.395735163E2,1.054949999E0,9.028950691E0,-9.730500579E-1
3.395759600E2,2.674050093E0,8.173950195E0,-1.417950034E0
3.395784035E2,4.720950127E0,7.228050232E0,-4.353000164E0
3.395808471E2,4.867050171E0,7.084950447E0,-6.316950321E0
3.395832908E2,3.741000175E0,6.991050243E0,-5.425950050E0
3.395857342E2,3.679050207E0,7.984950542E0,-3.412050247E0
3.395881779E2,3.283950090E0,8.362950325E0,-1.585050106E0
3.395906216E2,2.097000122E0,8.803950310E0,-1.261950016E0
3.395930652E2,2.652000189E0,8.554950714E0,-1.734000087E0
3.395955087E2,4.000050068E0,7.720950603E0,-3.142050266E0
3.395979524E2,5.062950134E0,7.810050488E0,-4.666950226E0
3.396003960E2,4.227000237E0,8.061000824E0,-5.818950176E0
3.396028395E2,2.913000107E0,8.478000641E0,-5.304000378E0
3.396052832E2,2.167950153E0,8.866050720E0,-3.297000170E0
3.396077268E2,1.978950143E0,9.192000389E0,-1.705050111E0
3.396101705E2,2.266950130E0,9.156000137E0,-1.648050070E0
3.396126139E2,2.089050055E0,9.088950157E0,-2.344050169E0
3.396150576E2,2.461050034E0,9.001950264E0,-2.910000086E0
3.396175013E2,3.471000195E0,8.890050888E0,-3.898050070E0
3.396199449E2,3.628950119E0,8.752950668E0,-4.714950085E0
3.396223884E2,2.863050222E0,8.464050293E0,-4.123050213E0
3.396248320E2,1.869000077E0,8.635950089E0,-2.042999983E0
3.396272757E2,2.200050116E0,8.503950119E0,-6.709500551E-1
3.396297192E2,3.006000042E0,7.956000328E0,-1.138050079E0
3.396321629E2,4.074000359E0,7.906050205E0,-3.072000027E0
3.396346065E2,4.921950340E0,8.035050392E0,-5.220000267E0
3.396370499E2,4.207950115E0,8.761050224E0,-6.645000458E0
3.396394936E2,3.375000238E0,9.067049980E0,-6.238050461E0
3.396419373E2,2.554050207E0,8.956950188E0,-4.588050365E0
3.396443809E2,1.623000026E0,8.779950142E0,-2.649000168E0
3.396468244E2,1.660950065E0,8.313000679E0,-1.200000048E0
3.396492681E2,2.929950237E0,7.582950592E0,-1.261950016E0
3.396517117E2,4.551000118E0,7.060950279E0,-3.111000061E0
3.396541554E2,4.225049973E0,7.173000336E0,-4.984950066E0
3.396565989E2,3.435000181E0,7.741050243E0,-4.843950272E0
3.396590425E2,3.634050131E0,8.497050285E0,-4.066050053E0
3.396614862E2,2.896050215E0,8.827950478E0,-3.019950151E0
3.396639297E2,2.440950155E0,8.722050667E0,-2.325000048E0
3.396663733E2,2.760000229E0,8.265000343E0,-2.188950062E0
3.396688170E2,4.174950123E0,7.573050499E0,-3.046050072E0
3.396712604E2,4.912050247E0,7.210950375E0,-4.770000458E0
3.396737041E2,3.973950148E0,7.465050220E0,-5.287050247E0
3.396761478E2,2.800950050E0,7.815000534E0,-4.353000164E0
3.396785914E2,2.322000027E0,8.317950249E0,-2.722950220E0
3.396810349E2,2.061000109E0,8.737050056E0,-1.981050134E0
3.396834785E2,1.600950122E0,9.145950317E0,-1.825050116E0
3.396859222E2,1.717950106E0,9.306000710E0,-2.389950037E0
3.396883659E2,2.776950121E0,8.908950806E0,-3.589950085E0
3.396908093E2,4.263000011E0,8.928000450E0,-4.779000282E0
3.396932529E2,4.531949997E0,9.129000664E0,-6.052950382E0
3.396956966E2,2.832000017E0,8.875950813E0,-5.542950153E0
3.396981401E2,1.455000043E0,8.940000534E0,-2.883000135E0
3.397005838E2,1.984050035E0,8.418000221E0,-2.380500138E-1
3.397030274E2,2.731050014E0,7.899000168E0,7.005000114E-2
3.397054709E2,3.697950125E0,7.437000275E0,-2.584050179E0
3.397079145E2,4.122000217E0,7.615950584E0,-5.140950203E0
3.397103582E2,4.057950020E0,7.645050526E0,-6.229950428E0
3.397128016E2,3.349050045E0,8.236050606E0,-5.689050198E0
3.397152453E2,2.491950035E0,9.141000748E0,-3.999000072E0
3.397176890E2,1.194000006E0,9.601050377E0,-2.364000082E0
3.397201326E2,7.960500121E-1,9.445050240E0,-1.186050057E0
3.397225763E2,2.604000092E0,8.623950005E0,-1.798950076E0
3.397250198E2,4.270950317E0,7.812000275E0,-4.786950111E0
3.397274634E2,4.242000103E0,7.438950539E0,-6.271050453E0
3.397299071E2,3.856050253E0,7.489050388E0,-5.074050426E0
3.397323506E2,4.315950394E0,7.599000454E0,-3.781050205E0
3.397347942E2,3.174000263E0,8.313000679E0,-1.981050134E0
3.397372379E2,2.428950071E0,8.314949989E0,-1.561950088E0
3.397396816E2,3.025950193E0,8.389050484E0,-1.791000128E0
3.397421250E2,4.041000366E0,8.385000229E0,-3.208950043E0
3.397445686E2,4.345050335E0,8.109000206E0,-5.293950081E0
3.397470123E2,3.172050238E0,8.454000473E0,-5.731950283E0
3.397494558E2,2.290950060E0,8.290950775E0,-4.795950413E0
3.397518995E2,2.227950096E0,8.839950562E0,-2.842050076E0
3.397543431E2,2.326050043E0,8.818050385E0,-1.831950068E0
3.397567866E2,2.365050077E0,8.806050301E0,-1.495050073E0
3.397592303E2,2.578050137E0,8.947050095E0,-2.389950037E0
3.397616739E2,3.102000237E0,9.040950775E0,-3.601050138E0
3.397641176E2,3.649950266E0,9.582000732E0,-4.666950226E0
3.397665610E2,3.973950148E0,9.265950203E0,-5.605950356E0
3.397690047E2,3.021000147E0,8.791950226E0,-5.122050285E0
3.397714483E2,1.891050100E0,8.866050720E0,-2.977050066E0
3.397738918E2,1.855050087E0,8.322000504E0,-8.029500246E-1
3.397763355E2,2.941950083E0,7.531950474E0,-8.119500279E-1
3.397787791E2,3.868050098E0,7.306950569E0,-2.683950186E0
3.397812228E2,4.072050095E0,7.495950222E0,-4.803000450E0
3.397836663E2,3.757950068E0,7.626000404E0,-5.871000290E0
3.397861100E2,3.295950174E0,8.026050568E0,-5.469000340E0
3.397885536E2,2.503950119E0,8.872950554E0,-4.048950195E0
3.397909971E2,1.435950041E0,9.238950729E0,-2.248950005E0
3.397934407E2,1.279950023E0,8.884950638E0,-1.051950097E0
3.397958843E2,3.021000147E0,8.239050865E0,-1.759950042E0
3.397983280E2,3.739050150E0,7.884000301E0,-4.387050152E0
3.398007715E2,3.765000105E0,7.714050293E0,-5.512050152E0
3.398032152E2,4.018949986E0,7.720950603E0,-5.221950054E0
3.398056588E2,3.765000105E0,7.863000393E0,-4.207050323E0
3.398081025E2,2.568000078E0,7.975050449E0,-2.542950153E0
3.398105460E2,2.470050097E0,8.092950821E0,-1.696050048E0
3.398129896E2,3.306000233E0,7.912950516E0,-1.855950117E0
3.398154333E2,4.342050076E0,7.780950546E0,-3.634950161E0
3.398178767E2,4.157999992E0,7.812000275E0,-5.365950108E0
3.398203204E2,2.829000235E0,7.996950150E0,-5.251050472E0
3.398227640E2,2.382000208E0,8.322000504E0,-3.930000305E0
3.398252075E2,2.391000032E0,8.763000488E0,-2.683950186E0
3.398276512E2,2.128050089E0,9.007050514E0,-1.801050067E0
3.398300948E2,2.058000088E0,9.097949982E0,-1.747950077E0
3.398325385E2,2.508000135E0,8.971050262E0,-2.541000128E0
3.398349820E2,3.126000166E0,9.244050026E0,-3.834000111E0
3.398374257E2,3.138000250E0,9.289950371E0,-4.951950073E0
3.398398693E2,2.760000229E0,8.731950760E0,-4.485000134E0
3.398423130E2,2.274000168E0,8.818050385E0,-2.734950066E0
3.398447564E2,2.985000134E0,8.494950294E0,-1.807950139E0
3.398472001E2,3.673950195E0,8.473050117E0,-2.673000097E0
3.398496437E2,3.603000164E0,8.137949944E0,-4.351050377E0
3.398520872E2,3.435000181E0,7.963050365E0,-4.995000362E0
3.398545309E2,3.679050207E0,7.981950283E0,-4.978050232E0
3.398569745E2,3.271950245E0,8.145000458E0,-4.267050266E0
3.398594180E2,2.449050188E0,8.368050575E0,-3.285000086E0
3.398618617E2,2.142000198E0,8.478000641E0,-2.323050022E0
3.398643054E2,2.401050091E0,8.374950409E0,-2.062050104E0
3.398667490E2,3.235950232E0,8.049000740E0,-2.779950142E0
3.398691924E2,3.744000196E0,7.999050617E0,-4.131000042E0
3.398716361E2,3.030000210E0,8.265000343E0,-4.942050457E0
3.398740798E2,2.784000158E0,8.454000473E0,-4.427999973E0
3.398765234E2,3.721950293E0,8.466000557E0,-3.475050211E0
3.398789669E2,3.555000067E0,8.337000847E0,-3.160950184E0
3.398814105E2,2.968050241E0,7.906050205E0,-3.175050259E0
3.398838542E2,3.361050129E0,7.578000546E0,-3.039000034E0
3.398862977E2,4.407000065E0,7.630050182E0,-3.288000107E0
3.398887414E2,4.608000278E0,7.458000183E0,-4.489950180E0
3.398911850E2,3.469050169E0,7.903050423E0,-4.630950451E0
3.398936284E2,2.392950058E0,8.200050354E0,-3.874050140E0
3.398960721E2,2.290950060E0,8.551950455E0,-2.644050121E0
3.398985158E2,2.587050200E0,8.503950119E0,-2.530950069E0
3.399009592E2,2.619000196E0,8.599950790E0,-2.898000240E0
3.399034029E2,2.455950022E0,8.779950142E0,-3.091950178E0
3.399058466E2,2.779050112E0,8.818050385E0,-3.316950083E0
3.399082902E2,3.490050077E0,8.827950478E0,-3.637050152E0
3.399107339E2,3.504000187E0,8.947050095E0,-4.237950325E0
3.399131774E2,3.133050203E0,8.715000153E0,-4.135050297E0
3.399156210E2,2.383949995E0,9.046050072E0,-3.280950069E0
3.399180646E2,2.082000017E0,8.743950844E0,-2.232000113E0
3.399205081E2,2.532000065E0,8.265000343E0,-1.791000128E0
3.399229517E2,3.480000257E0,7.645050526E0,-2.878050089E0
3.399253954E2,4.338000298E0,7.522950172E0,-4.063950062E0
3.399278389E2,3.997950077E0,7.575000286E0,-5.230050087E0
3.399302826E2,3.442050219E0,8.011050224E0,-4.890000343E0
3.399327263E2,2.899050236E0,8.607000351E0,-4.195050240E0
3.399351699E2,2.009999990E0,9.144000053E0,-2.670000076E0
3.399376133E2,1.678050041E0,9.010050774E0,-2.038050175E0
3.399400570E2,2.464950085E0,8.670000076E0,-2.368050098E0
3.399425007E2,3.346050262E0,8.362950325E0,-3.754950285E0
3.399449441E2,3.157050133E0,8.305950165E0,-4.899000168E0
3.399473878E2,3.507000208E0,7.690050602E0,-4.444050312E0
3.399498314E2,4.014000416E0,7.863000393E0,-3.622950077E0
3.399522751E2,3.463950157E0,8.302950859E0,-2.646000147E0
3.399547186E2,2.382000208E0,8.171999931E0,-1.996950150E0
3.399571623E2,2.860050201E0,8.236050606E0,-1.942050099E0
3.399596059E2,3.949950218E0,8.218950272E0,-2.971950054E0
3.399620496E2,4.327950001E0,7.975050449E0,-4.498950005E0
3.399644931E2,3.220050097E0,8.197950363E0,-5.244000435E0
3.399669367E2,2.532000065E0,8.191050529E0,-4.678950310E0
3.399693804E2,2.712000132E0,8.140049934E0,-3.475050211E0
3.399718238E2,2.641950130E0,8.690999985E0,-2.749050140E0
3.399742675E2,2.437050104E0,8.822999954E0,-2.518950224E0
3.399767111E2,1.618050098E0,8.940000534E0,-2.296950102E0
3.399791546E2,2.358000040E0,8.818050385E0,-2.716050148E0
3.399815983E2,2.887050152E0,9.565050125E0,-3.469950199E0
3.399840419E2,3.010950089E0,8.916000366E0,-4.351050377E0
3.399864856E2,2.176050186E0,8.776950836E0,-3.850050211E0
3.399889291E2,2.556000233E0,8.928000450E0,-2.614950180E0
3.399913727E2,2.362050056E0,8.401050568E0,-1.914000034E0
3.399938164E2,3.190950155E0,8.011050224E0,-2.104950190E0
3.399962600E2,3.532950163E0,7.852950573E0,-3.120000124E0
3.399987035E2,4.359000206E0,7.687950134E0,-4.642950058E0
3.400011471E2,3.679050207E0,7.800000191E0,-5.212950230E0
3.400035908E2,3.258000135E0,8.164050102E0,-4.708050251E0
3.400060343E2,3.829950094E0,8.133000374E0,-3.766950130E0
3.400084780E2,2.419950008E0,8.440050125E0,-3.076950073E0
3.400109216E2,1.833000064E0,8.956950188E0,-1.918050051E0
3.400133651E2,2.872050047E0,8.490000725E0,-2.401950121E0
3.400158087E2,2.985000134E0,8.526000023E0,-3.642000198E0
3.400182524E2,2.740950108E0,8.590950012E0,-4.779000282E0
3.400206961E2,2.965950251E0,8.278950691E0,-4.213950157E0
3.400231395E2,3.627000093E0,8.136000633E0,-3.307050228E0
3.400255832E2,4.045950413E0,8.374950409E0,-2.341950178E0
3.400280268E2,2.911050081E0,8.164050102E0,-2.245950222E0
3.400304705E2,3.100050211E0,8.185950279E0,-2.086050034E0
3.400329140E2,3.724950075E0,8.392050743E0,-2.239050150E0
3.400353576E2,4.294950008E0,7.969950199E0,-3.939000130E0
3.400378013E2,3.607050180E0,8.095050812E0,-5.068950176E0
3.400402447E2,2.607000113E0,8.490000725E0,-4.842000008E0
3.400426883E2,2.668950081E0,8.176050186E0,-3.558000088E0
3.400451320E2,2.941950083E0,8.308050156E0,-2.713050127E0
3.400475755E2,2.853000164E0,8.887950897E0,-2.404050112E0
3.400500192E2,2.451000214E0,9.177000046E0,-2.281949997E0
3.400524628E2,2.479950190E0,9.330000877E0,-3.199050188E0
3.400549063E2,2.961000204E0,9.781050682E0,-4.351050377E0
3.400573500E2,3.136050224E0,9.337950706E0,-5.239050388E0
3.400597937E2,2.499000072E0,8.703000069E0,-4.176000118E0
3.400622373E2,1.836000085E0,8.586000443E0,-1.863000035E0
3.400646808E2,1.888050079E0,7.747950554E0,-7.950000465E-3
3.400671245E2,3.279000044E0,7.153950214E0,-3.019500077E-1
3.400695681E2,4.792950153E0,7.093950272E0,-2.706000090E0
3.400720118E2,4.990950108E0,7.341000557E0,-4.899000168E0
3.400744552E2,4.050000191E0,7.678050518E0,-6.148950100E0
3.400768988E2,3.516000271E0,8.457000732E0,-5.517000198E0
3.400793425E2,2.992050171E0,8.908950806E0,-3.870000124E0
3.400817862E2,1.954950094E0,8.947050095E0,-2.598000050E0
3.400842297E2,1.974000096E0,8.694000244E0,-1.459050059E0
3.400866734E2,3.346050262E0,7.944000244E0,-2.476050138E0
3.400891170E2,3.859050274E0,7.786050320E0,-3.943950176E0
3.400915605E2,3.639000177E0,7.719000340E0,-5.014050007E0
3.400940042E2,3.198000193E0,7.741050243E0,-4.320000172E0
3.400964478E2,3.076050043E0,8.380050659E0,-2.176950216E0
3.400988912E2,3.355950117E0,8.962050438E0,-1.320000052E0
3.401013349E2,2.992050171E0,9.022050858E0,-2.103000164E0
3.401037785E2,3.028050184E0,8.763000488E0,-3.328950167E0
3.401062222E2,3.388950109E0,8.635950089E0,-3.460050106E0
3.401086657E2,3.931050301E0,7.924950600E0,-3.927000284E0
3.401111093E2,4.021950245E0,8.065950394E0,-3.903000116E0
3.401135530E2,3.241050243E0,8.302950859E0,-3.709050179E0
3.401159965E2,2.869950056E0,8.197950363E0,-3.087000132E0
3.401184402E2,2.905950069E0,8.758049965E0,-2.995950222E0
3.401208838E2,2.428950071E0,9.145950317E0,-3.075000048E0
3.401233275E2,2.082000017E0,9.283050537E0,-2.911950111E0
3.401257709E2,1.885950089E0,9.421050072E0,-2.742000103E0
3.401282146E2,1.672950029E0,9.487950325E0,-2.646000147E0
3.401306582E2,2.779050112E0,9.217950821E0,-3.352050066E0
3.401331017E2,3.543000221E0,8.551950455E0,-4.099050045E0
3.401355454E2,3.090000153E0,8.513999939E0,-3.348000050E0
3.401379890E2,2.286000013E0,8.314949989E0,-1.578000069E0
3.401404327E2,2.551050186E0,7.888950348E0,-7.810500264E-1
3.401428762E2,3.162000179E0,7.858050346E0,-1.510950089E0
3.401453198E2,3.640950203E0,7.908000469E0,-3.489000082E0
3.401477635E2,3.982950211E0,7.744950294E0,-5.100000381E0
3.401502072E2,4.216050148E0,7.903050423E0,-5.922000408E0
3.401526506E2,3.946950197E0,8.080950737E0,-5.356050491E0
3.401550942E2,3.223950148E0,8.683950424E0,-4.309950352E0
3.401575379E2,2.560950041E0,8.860950470E0,-2.998050213E0
3.401599814E2,2.314050198E0,8.662050247E0,-2.215050220E0
3.401624251E2,3.013950109E0,8.254950523E0,-2.740050077E0
3.401648687E2,3.604950190E0,7.923000336E0,-3.774000168E0
3.401673122E2,3.562050104E0,7.645050526E0,-4.473000050E0
3.401697558E2,2.973000050E0,7.710000515E0,-3.775950193E0
3.401721995E2,3.753000259E0,8.020950317E0,-2.440050125E0
3.401746429E2,3.109050035E0,8.149950027E0,-1.975950122E0
3.401770866E2,2.712000132E0,8.289000511E0,-1.963950038E0
3.401795302E2,3.190950155E0,8.296050072E0,-2.044950008E0
3.401819739E2,3.859050274E0,8.341950417E0,-2.910000086E0
3.401844176E2,4.057950020E0,8.251049995E0,-4.240950108E0
3.401868611E2,3.181050062E0,8.290950775E0,-4.734000206E0
3.401893047E2,2.880000114E0,8.068950653E0,-4.351050377E0
3.401917484E2,2.815050125E0,8.325000763E0,-3.301950216E0
3.401941919E2,2.925000191E0,8.224050522E0,-2.823000193E0
3.401966356E2,2.863050222E0,8.524050713E0,-2.596050024E0
3.401990792E2,2.580000162E0,8.767950058E0,-2.737050056E0
3.402015226E2,2.422049999E0,9.069000244E0,-3.019950151E0
3.402039663E2,2.761950016E0,9.406949997E0,-3.384000063E0
3.402064100E2,2.890950203E0,9.412050247E0,-3.907950163E0
3.402088536E2,2.518050194E0,8.725049973E0,-3.918000221E0
3.402112971E2,2.050950050E0,8.646000862E0,-2.506950140E0
3.402137408E2,2.641950130E0,8.136000633E0,-1.444050074E0
3.402161844E2,4.426050186E0,7.908000469E0,-1.996950150E0
3.402186281E2,4.588950157E0,7.827000141E0,-4.758000374E0
3.402210716E2,3.940050125E0,8.518950462E0,-5.779950142E0
3.402235152E2,3.379950047E0,8.743950844E0,-5.998050213E0
3.402259589E2,2.913000107E0,8.976000786E0,-4.705049992E0
3.402284023E2,2.038950205E0,9.120000839E0,-3.292950153E0
3.402308460E2,1.759050131E0,8.940000534E0,-2.457000017E0
3.402332896E2,2.329050064E0,8.296050072E0,-1.906050086E0
3.402357333E2,3.130950212E0,7.996950150E0,-3.015000105E0
3.402381768E2,3.990000248E0,7.867950439E0,-4.951950073E0
3.402406204E2,3.184050083E0,8.566950798E0,-5.176950455E0
3.402430641E2,2.724000216E0,8.617050171E0,-4.518000126E0
3.402455076E2,3.592950106E0,9.073950768E0,-2.881050110E0
3.402479513E2,3.270000219E0,8.908950806E0,-2.497950077E0
3.402503949E2,2.641950130E0,8.653050423E0,-2.605050087E0
3.402528383E2,3.445050240E0,7.855950356E0,-2.620050192E0
3.402552820E2,4.996050358E0,7.342950344E0,-3.241950035E0
3.402577256E2,5.137050152E0,7.269000530E0,-3.781050205E0
3.402601693E2,4.137000084E0,7.288050175E0,-4.138050079E0
3.402626128E2,3.366000175E0,7.582950592E0,-3.760050297E0
3.402650564E2,2.977950096E0,7.939050198E0,-2.557950020E0
3.402675001E2,2.632950068E0,8.313000679E0,-2.167050123E0
3.402699438E2,2.464950085E0,8.710050583E0,-2.308950186E0
3.402723873E2,2.452950001E0,9.131999969E0,-2.280000210E0
3.402748309E2,3.361050129E0,9.084000587E0,-3.715950251E0
3.402772746E2,3.898950100E0,9.579000473E0,-4.947000027E0
3.402797180E2,2.745000124E0,9.292050362E0,-5.536050320E0
3.402821617E2,1.957950115E0,8.533050537E0,-3.795000076E0
3.402846053E2,1.680000067E0,8.076000214E0,-1.168950081E0
3.402870488E2,2.298000097E0,7.398000240E0,6.640500426E-1
3.402894925E2,3.880050182E0,6.760950089E0,-2.760000229E-1
3.402919361E2,4.831050396E0,6.697050095E0,-2.833050251E0
3.402943798E2,5.149050236E0,7.269000530E0,-5.208000183E0
3.402968233E2,4.450050354E0,7.695000172E0,-6.681000233E0
3.402992669E2,3.487950087E0,8.554950714E0,-5.622000217E0
3.403017106E2,2.203950167E0,9.081000328E0,-3.429000139E0
3.403041540E2,1.290000081E0,9.133950233E0,-1.324950099E0
3.403065977E2,1.998000145E0,8.518950462E0,-5.850000381E-1
3.403090413E2,3.885000229E0,7.744950294E0,-2.167050123E0
3.403114850E2,4.536000252E0,7.353000164E0,-4.779000282E0
3.403139285E2,3.385050058E0,7.687950134E0,-5.778000355E0
3.403163722E2,3.391950130E0,8.076000214E0,-4.228950024E0
3.403188158E2,3.667050123E0,8.659950256E0,-2.151000023E0
3.403212593E2,2.251950026E0,9.285000801E0,-1.228950024E0
3.403237030E2,1.900050044E0,9.085950851E0,-1.405950069E0
3.403261466E2,3.322050095E0,8.725049973E0,-2.677050114E0
3.403285900E2,4.375950336E0,8.457000732E0,-4.518000126E0
3.403310337E2,4.411950111E0,7.819950581E0,-5.826000214E0
3.403334773E2,3.757950068E0,7.990050316E0,-5.608050346E0
3.403359210E2,3.174000263E0,8.097000122E0,-3.762000084E0
3.403383645E2,2.989950180E0,8.478000641E0,-1.767000079E0
3.403408082E2,2.689950228E0,8.818050385E0,-1.420050025E0
3.403432518E2,2.662050009E0,8.719950676E0,-1.915950060E0
3.403456955E2,2.263950109E0,9.345000267E0,-2.122050047E0
3.403481390E2,2.428950071E0,9.301950455E0,-3.513000250E0
3.403505826E2,3.033000231E0,9.103050232E0,-4.401000023E0
3.403530263E2,2.982000113E0,8.928000450E0,-4.456050396E0
3.403554697E2,2.403000116E0,8.308050156E0,-2.601000071E0
3.403579134E2,2.410050154E0,8.101950645E0,-6.229500175E-1
3.403603570E2,2.925000191E0,7.804950237E0,-1.440000087E-1
3.403628007E2,3.958950281E0,7.492050171E0,-1.510950089E0
3.403652442E2,4.681950092E0,7.542000294E0,-3.906000137E0
3.403676879E2,4.881000042E0,7.573050499E0,-5.565000057E0
3.403701315E2,4.189050198E0,8.072999954E0,-5.971950054E0
3.403725750E2,3.789000273E0,8.421000481E0,-4.923000336E0
3.403750187E2,3.310050249E0,8.727000237E0,-3.537000179E0
3.403774623E2,2.689950228E0,8.746050835E0,-2.335050106E0
3.403799060E2,2.868000031E0,8.322000504E0,-1.951950073E0
3.403823494E2,3.619050264E0,7.923000336E0,-2.730000019E0
3.403847930E2,4.048050404E0,7.726050377E0,-3.970050097E0
3.403872367E2,3.459000111E0,7.711950302E0,-4.315050125E0
3.403896802E2,3.330000162E0,8.101950645E0,-2.881050110E0
3.403921239E2,4.054950237E0,8.002050400E0,-2.203050137E0
3.403945675E2,3.540000200E0,8.275050163E0,-1.810950041E0
3.403970110E2,2.998950243E0,8.196000099E0,-2.020950079E0
3.403994546E2,3.816000223E0,8.251049995E0,-2.164950132E0
3.404018983E2,4.699050426E0,8.289000511E0,-3.250050068E0
3.404043420E2,4.564949989E0,8.056950569E0,-4.690950394E0
3.404067854E2,3.640950203E0,8.334000587E0,-4.554000378E0
3.404092291E2,3.391950130E0,7.996950150E0,-3.513000250E0
3.404116727E2,3.694050074E0,8.088000298E0,-2.289000034E0
3.404141164E2,3.559050083E0,8.425050735E0,-1.996950150E0
3.404165599E2,3.238950253E0,8.482950211E0,-2.196000099E0
3.404190035E2,3.028050184E0,8.971050262E0,-2.296950102E0
3.404214472E2,3.399000168E0,8.995050430E0,-3.060000181E0
3.404238906E2,3.325050116E0,9.369000435E0,-3.754950285E0
3.404263343E2,3.058950186E0,9.342000008E0,-3.460050106E0
3.404287779E2,2.710050106E0,8.907000542E0,-2.230050087E0
3.404312216E2,2.370000124E0,8.550000191E0,-1.096950054E0
3.404336651E2,3.073050261E0,7.863000393E0,-9.529500604E-1
3.404361088E2,4.405050278E0,7.579950333E0,-2.026050091E0
3.404385524E2,5.226000309E0,7.461000443E0,-3.718950272E0
3.404409959E2,5.065050125E0,7.705050468E0,-4.532999992E0
3.404434395E2,4.387950420E0,8.289000511E0,-4.813050270E0
3.404458832E2,4.159950256E0,8.694000244E0,-3.937050104E0
3.404483269E2,3.555000067E0,8.911050797E0,-3.205950260E0
3.404507703E2,2.781000137E0,8.851950645E0,-2.425950050E0
3.404532139E2,2.853000164E0,8.289000511E0,-1.708050132E0
3.404556576E2,4.002000332E0,7.687950134E0,-2.007000208E0
3.404581011E2,4.681950092E0,7.354950428E0,-3.139050245E0
3.404605447E2,3.784950256E0,7.522950172E0,-3.511050224E0
3.404629884E2,3.744000196E0,7.791000366E0,-2.397000074E0
3.404654318E2,4.291950226E0,8.026050568E0,-1.696050048E0
3.404678756E2,3.151950121E0,8.626950264E0,-1.657050133E0
3.404703193E2,2.899050236E0,8.430000305E0,-1.851000071E0
3.404727629E2,3.418050051E0,8.143050194E0,-2.191050053E0
3.404752063E2,4.587000370E0,7.896000385E0,-3.048000097E0
3.404776500E2,4.948050022E0,7.377000332E0,-4.264950275E0
3.404800936E2,4.108050346E0,7.578000546E0,-4.404000282E0
3.404825371E2,3.607050180E0,7.687950134E0,-3.163050175E0
3.404849808E2,3.556950092E0,7.719000340E0,-1.617000103E0
3.404874244E2,3.358050108E0,8.157000542E0,-1.204950094E0
3.404898681E2,2.986950159E0,8.370000839E0,-1.660050035E0
3.404923115E2,2.908050060E0,8.643000603E0,-2.230050087E0
3.404947552E2,3.295950174E0,8.743950844E0,-3.075000048E0
3.404971989E2,3.543000221E0,8.878050804E0,-3.642000198E0
3.404996425E2,3.640950203E0,8.690999985E0,-3.384000063E0
3.405020860E2,3.106950045E0,8.131050110E0,-2.665050030E0
3.405045296E2,2.652000189E0,8.370000839E0,-9.970500469E-1
3.405069733E2,3.480000257E0,7.767000198E0,-7.500000596E-1
3.405094168E2,4.669950008E0,7.494000435E0,-2.146050215E0
3.405118605E2,5.140050411E0,7.453050137E0,-4.075950146E0
3.405143041E2,4.917000294E0,7.597050190E0,-5.317950249E0
3.405167475E2,4.435950279E0,8.083050728E0,-5.230050087E0
3.405191912E2,4.089000225E0,8.370000839E0,-3.819000244E0
3.405216348E2,3.243000269E0,8.457000732E0,-2.413950205E0
3.405240785E2,2.773950100E0,8.513999939E0,-1.083000064E0
3.405265220E2,3.291000128E0,8.049000740E0,-7.210500240E-1
3.405289657E2,4.326000214E0,7.812000275E0,-1.786950111E0
3.405314093E2,4.692000389E0,7.729050159E0,-3.697050095E0
3.405338530E2,3.634050131E0,8.167050362E0,-4.375050068E0
3.405362964E2,3.904050112E0,8.452050209E0,-3.223050117E0
3.405387401E2,4.570050240E0,8.719950676E0,-2.172000170E0
3.405411838E2,3.507000208E0,9.091050148E0,-1.863000035E0
3.405436272E2,3.160050154E0,8.847000122E0,-2.032950163E0
3.405460709E2,4.005000114E0,8.409000397E0,-2.461950064E0
3.405485145E2,5.182950020E0,8.039999962E0,-3.858000278E0
3.405509580E2,5.017950058E0,7.789050579E0,-4.765050411E0
3.405534017E2,3.961950302E0,7.954050541E0,-4.711950302E0
3.405558454E2,3.586050272E0,8.290950775E0,-2.899950027E0
3.405582890E2,3.712950230E0,8.113950729E0,-1.020000100E0
3.405607325E2,3.765000105E0,8.634000778E0,-1.246050000E0
3.405631762E2,3.922950268E0,9.136950493E0,-2.040000200E0
3.405656198E2,4.018949986E0,9.046050072E0,-3.193950176E0
3.405680635E2,3.793950081E0,9.325950623E0,-4.176000118E0
3.405705069E2,3.733950138E0,9.393000603E0,-3.940950155E0
3.405729505E2,3.615000248E0,8.526000023E0,-3.024000168E0
3.405753942E2,2.566050053E0,8.338950157E0,-1.131000042E0
3.405778377E2,2.631000042E0,8.229000092E0,2.260500044E-1
3.405802813E2,3.354000092E0,7.231050491E0,3.739500046E-1
3.405827250E2,4.450050354E0,7.125000477E0,-1.806000113E0
3.405851685E2,5.197050095E0,7.425000191E0,-4.195050240E0
3.405876122E2,4.912050247E0,7.659000397E0,-5.979000092E0
3.405900558E2,3.940050125E0,8.473050117E0,-5.440050125E0
3.405924993E2,3.562050104E0,8.815950394E0,-3.427050114E0
3.405949430E2,3.054000139E0,8.569050789E0,-2.050050020E0
3.405973866E2,3.021000147E0,8.113950729E0,-1.204950094E0
3.405998303E2,3.796950102E0,8.002050400E0,-1.236000061E0
3.406022737E2,4.948050022E0,6.828000546E0,-2.737050056E0
3.406047174E2,4.611000061E0,7.293000221E0,-4.231050014E0
3.406071610E2,4.527000427E0,7.120950222E0,-3.913050175E0
3.406096047E2,3.592950106E0,8.020950317E0,-2.514000177E0
3.406120482E2,3.721950293E0,8.803950310E0,-1.174050093E0
3.406144918E2,3.139950037E0,8.884950638E0,-1.084950089E0
3.406169355E2,3.172050238E0,8.674050331E0,-1.945050120E0
3.406193792E2,3.667050123E0,8.329950333E0,-2.668050051E0
3.406218226E2,4.848000050E0,8.044950485E0,-3.882000208E0
3.406242663E2,4.603050232E0,7.848000526E0,-4.710000038E0
3.406267100E2,3.808050156E0,8.179050446E0,-4.234050274E0
3.406291534E2,3.504000187E0,8.281949997E0,-1.924950123E0
3.406315971E2,3.721950293E0,8.230950356E0,-1.177950025E0
3.406340407E2,3.837000132E0,8.571000099E0,-1.819950104E0
3.406364842E2,3.214950085E0,9.055050850E0,-2.173950195E0
3.406389279E2,2.899050236E0,9.096000671E0,-2.626950026E0
3.406413715E2,3.451950073E0,8.931000710E0,-2.953050137E0
3.406438152E2,4.201050282E0,9.091050148E0,-3.429000139E0
3.406462586E2,4.201050282E0,8.602950096E0,-3.508050203E0
3.406487023E2,2.968050241E0,8.694000244E0,-2.596050024E0
3.406511460E2,2.395950079E0,8.944950104E0,-8.269500136E-1
3.406535894E2,3.109050035E0,7.912950516E0,-5.340000391E-1
3.406560331E2,3.801000118E0,7.993950367E0,-1.653000116E0
3.406584767E2,4.396950245E0,7.960950375E0,-3.553950071E0
3.406609204E2,5.257050037E0,7.860000610E0,-5.526000500E0
3.406633639E2,5.299950123E0,8.452050209E0,-6.295050144E0
3.406658076E2,4.299000263E0,8.848950386E0,-4.882050037E0
3.406682512E2,3.148050070E0,8.674050331E0,-3.156000137E0
3.406706946E2,2.547000170E0,8.727000237E0,-1.039950013E0
3.406731383E2,2.914950132E0,8.272050858E0,-1.080000028E-1
3.406755819E2,4.239000320E0,7.462950230E0,-1.165950060E0
3.406780256E2,4.873950005E0,7.453050137E0,-3.357000113E0
3.406804691E2,4.195950031E0,7.450950146E0,-4.411050320E0
3.406829128E2,3.777000189E0,7.671000481E0,-3.597000122E0
3.406853564E2,4.085999966E0,8.563950539E0,-2.185950041E0
3.406878001E2,3.282000065E0,8.914050102E0,-1.525950074E0
3.406902436E2,2.319000006E0,8.799000740E0,-1.660050035E0
3.406926872E2,3.058950186E0,8.548050880E0,-2.092950106E0
3.406951309E2,4.414050102E0,7.900950432E0,-3.678000212E0
3.406975743E2,4.732950211E0,7.408050537E0,-5.196000099E0
3.407000179E2,3.832050085E0,7.506000519E0,-5.055000305E0
3.407024616E2,3.370050192E0,7.531950474E0,-2.730000019E0
3.407049051E2,3.430050135E0,7.711950302E0,-1.048950076E0
3.407073488E2,3.519000053E0,8.101950645E0,-6.010500193E-1
3.407097924E2,3.058950186E0,8.341950417E0,-1.249950051E0
3.407122359E2,2.479950190E0,8.788949966E0,-1.923000097E0
3.407146795E2,3.310050249E0,8.583000183E0,-2.902050257E0
3.407171232E2,4.354050159E0,8.578950882E0,-3.810000181E0
3.407195669E2,4.267950058E0,8.686050415E0,-4.368000031E0
3.407220103E2,3.354000092E0,8.562000275E0,-3.421950102E0
3.407244540E2,2.640000105E0,8.557050705E0,-1.798950076E0
3.407268976E2,2.884050131E0,8.155050278E0,-7.360500097E-1
3.407293413E2,2.977950096E0,7.887000561E0,-9.510000348E-1
3.407317848E2,3.607050180E0,7.659000397E0,-2.893050194E0
3.407342284E2,4.282950401E0,7.501050472E0,-4.369950294E0
3.407366721E2,4.576950073E0,7.635000229E0,-5.409000397E0
3.407391156E2,4.294950008E0,7.942050457E0,-4.650000095E0
3.407415592E2,3.406050205E0,8.290950775E0,-3.103050232E0
3.407440028E2,2.583000183E0,8.473050117E0,-1.426950097E0
3.407464465E2,2.781000137E0,8.389050484E0,-5.100000501E-1
3.407488900E2,3.607050180E0,7.984950542E0,-1.413000107E0
3.407513337E2,4.560000420E0,7.741050243E0,-3.319050074E0
3.407537773E2,4.528950214E0,7.678050518E0,-4.879950047E0
3.407562208E2,4.339950085E0,7.870050430E0,-4.590000153E0
3.407586645E2,4.443000317E0,8.085000038E0,-3.316950083E0
3.407611081E2,3.363000154E0,8.458950043E0,-2.095050097E0
3.407635518E2,2.920050144E0,8.422950745E0,-1.285950065E0
3.407659952E2,3.459000111E0,8.530950546E0,-1.561950088E0
3.407684389E2,4.225049973E0,8.647950172E0,-3.172950268E0
3.407708825E2,4.393050194E0,8.209950447E0,-5.191050053E0
3.407733262E2,3.841950178E0,8.296050072E0,-5.481000423E0
3.407757697E2,3.411000252E0,8.513999939E0,-3.855000257E0
3.407782133E2,3.616950274E0,8.332050323E0,-2.140950203E0
3.407806568E2,3.562050104E0,8.713050842E0,-1.300950050E0
3.407831004E2,3.042000055E0,8.758049965E0,-1.224000096E0
3.407855441E2,3.222000122E0,8.683950424E0,-1.669050097E0
3.407879878E2,3.997950077E0,8.788949966E0,-3.348000050E0
3.407904312E2,4.114950180E0,9.085950851E0,-4.549950123E0
3.407928749E2,3.439950228E0,9.112950325E0,-4.570950031E0
3.407953185E2,2.889000177E0,8.835000038E0,-2.692050219E0
3.407977622E2,2.235000134E0,8.868000031E0,-7.789500356E-1
3.408002057E2,2.443950176E0,8.526000023E0,-1.990500093E-1
3.408026493E2,3.412950277E0,8.173950195E0,-1.581000090E0
3.408050930E2,4.090950012E0,7.951050282E0,-4.042050362E0
3.408075367E2,4.444950104E0,7.968000412E0,-5.449950218E0
3.408099801E2,4.052999973E0,8.377950668E0,-5.518950462E0
3.408124238E2,3.864000082E0,8.494950294E0,-4.213950157E0
3.408148674E2,3.291000128E0,8.599950790E0,-2.686950207E0
3.408173109E2,2.829000235E0,8.551950455E0,-1.285950065E0
3.408197546E2,3.145050049E0,8.145000458E0,-9.970500469E-1
3.408221982E2,4.255949974E0,7.477050304E0,-2.208000183E0
3.408246417E2,4.864050388E0,7.606950283E0,-4.071000099E0
3.408270854E2,4.186950207E0,7.836000443E0,-5.031000137E0
3.408295290E2,3.310050249E0,7.992000580E0,-3.922050238E0
3.408319727E2,3.516000271E0,8.230950356E0,-2.221950054E0
3.408344162E2,3.283950090E0,8.410950661E0,-1.432050109E0
3.408368598E2,2.611050129E0,8.278950691E0,-1.957050085E0
3.408393035E2,3.016050100E0,8.041950226E0,-2.356050014E0
3.408417469E2,3.748950243E0,7.542000294E0,-3.597000122E0
3.408441906E2,4.090950012E0,7.483950138E0,-4.561950207E0
3.408466342E2,3.670050144E0,7.551000595E0,-4.532999992E0
3.408490779E2,3.105000257E0,7.804950237E0,-3.460050106E0
3.408515214E2,3.303000212E0,7.699950218E0,-1.513950109E0
3.408539651E2,3.277050257E0,7.887000561E0,-1.279050112E0
3.408564087E2,3.090000153E0,8.149950027E0,-1.732050061E0
3.408588522E2,2.851050138E0,8.128950119E0,-2.292000055E0
3.408612958E2,3.447000265E0,8.502000809E0,-3.328950167E0
3.408637395E2,4.465050220E0,8.641050339E0,-4.320000172E0
3.408661829E2,4.195950031E0,8.629050255E0,-4.753050327E0
3.408686266E2,2.917950153E0,8.634000778E0,-3.700050116E0
3.408710702E2,1.800000072E0,8.593050003E0,-1.666950107E0
3.408735139E2,1.735050082E0,8.188050270E0,1.060500070E-1
3.408759574E2,2.614050150E0,7.939050198E0,-4.789500237E-1
3.408784011E2,3.757950068E0,7.558950424E0,-2.491050005E0
3.408808447E2,5.008050442E0,7.201950550E0,-5.284950256E0
3.408832884E2,5.167950153E0,7.611000538E0,-6.645000458E0
3.408857319E2,4.102950096E0,8.595000267E0,-5.686950207E0
3.408881755E2,3.234000206E0,9.201000214E0,-3.621000290E0
3.408906192E2,2.496000051E0,9.131999969E0,-1.750950098E0
3.408930626E2,2.499000072E0,9.037950516E0,-1.000950098E0
3.408955063E2,3.787050247E0,8.233950615E0,-2.115000010E0
3.408979499E2,5.295000076E0,7.549050331E0,-4.510950089E0
3.409003936E2,5.311950207E0,7.401000500E0,-6.100950241E0
3.409028371E2,3.916050196E0,7.663950443E0,-4.699950218E0
3.409052808E2,4.180050373E0,8.634000778E0,-2.349000216E0
3.409077244E2,3.688950062E0,8.971050262E0,-1.449000120E0
3.409101679E2,2.689950228E0,9.457050323E0,-1.710000038E0
3.409126116E2,2.551050186E0,9.175050735E0,-2.974050045E0
3.409150552E2,3.586050272E0,8.974050522E0,-4.425000191E0
3.409174989E2,4.330049992E0,8.353950500E0,-5.670000076E0
3.409199423E2,3.988050222E0,8.260050774E0,-5.115000248E0
3.409223859E2,3.478050232E0,8.239050865E0,-3.309000254E0
3.409248296E2,3.342000246E0,8.317950249E0,-1.513950109E0
3.409272731E2,3.670050144E0,8.404050827E0,-1.128000021E0
3.409297168E2,3.478050232E0,8.623950005E0,-2.007000208E0
3.409321604E2,3.150000095E0,8.878050804E0,-2.943000078E0
3.409346041E2,3.163950205E0,9.247050285E0,-3.609000206E0
3.409370475E2,4.054950237E0,9.177000046E0,-4.011000156E0
3.409394912E2,4.800000191E0,9.052950859E0,-4.843950272E0
3.409419348E2,3.556950092E0,8.955000877E0,-4.447050095E0
3.409443783E2,1.941000104E0,8.559000015E0,-2.677050114E0
3.409468220E2,2.022000074E0,8.169000626E0,-7.620000243E-1
3.409492656E2,3.045000076E0,7.630050182E0,-4.000500143E-1
3.409517093E2,3.670050144E0,7.180050373E0,-2.281949997E0
3.409541528E2,4.759050369E0,6.951000214E0,-4.923000336E0
3.409565965E2,5.404950142E0,7.012950420E0,-6.726000309E0
3.409590401E2,4.591050148E0,7.750050545E0,-5.967000484E0
3.409614838E2,3.564000130E0,8.272050858E0,-4.096950054E0
3.409639272E2,2.463000059E0,8.536050797E0,-1.609050035E0
3.409663708E2,1.903050065E0,8.513999939E0,-6.799500585E-1
3.409688145E2,3.580950260E0,7.587000370E0,-1.698000073E0
3.409712580E2,5.398050308E0,6.898050308E0,-4.164000034E0
3.409737017E2,5.287950039E0,6.892950535E0,-5.911950111E0
3.409761453E2,4.186950207E0,6.850050449E0,-4.959000111E0
3.409785888E2,4.708950043E0,7.566000462E0,-3.216000080E0
3.409810324E2,3.925950289E0,7.993950367E0,-2.437950134E0
3.409834761E2,2.812050104E0,8.722050667E0,-2.284950018E0
3.409859198E2,3.178950071E0,8.491950035E0,-2.953050137E0
3.409883632E2,4.026000023E0,8.275050163E0,-4.035000324E0
3.409908068E2,4.290000439E0,7.966050148E0,-5.245950222E0
3.409932505E2,4.062000275E0,7.690050602E0,-5.632050037E0
3.409956942E2,3.643050194E0,7.798050404E0,-3.961050272E0
3.409981376E2,3.556950092E0,7.947000504E0,-1.894050121E0
3.410005813E2,3.700950146E0,8.136000633E0,-1.000950098E0
3.410030248E2,3.445050240E0,8.418000221E0,-1.353000045E0
3.410054685E2,3.781950235E0,9.012000084E0,-2.550000191E0
3.410079122E2,4.528950214E0,9.679950714E0,-4.753050327E0
3.410103558E2,4.462050438E0,9.781050682E0,-6.295050144E0
3.410127992E2,3.066000223E0,9.574950218E0,-5.775000095E0
3.410152429E2,2.014950037E0,8.761050224E0,-3.100950241E0
3.410176865E2,1.512000084E0,8.368050575E0,1.729500145E-1
3.410201300E2,2.167950153E0,7.896000385E0,1.120950103E0
3.410225737E2,3.780000210E0,7.312050343E0,-5.250000358E-1
3.410250173E2,5.311950207E0,6.666000366E0,-3.549000263E0
3.410274610E2,5.607000351E0,7.065000534E0,-6.132000446E0
3.410299047E2,4.666050434E0,8.454000473E0,-6.991950512E0
3.410323482E2,3.210000038E0,9.330000877E0,-5.244000435E0
3.410347918E2,2.009999990E0,9.409049988E0,-2.947950125E0
3.410372355E2,1.749000072E0,9.295050621E0,-6.450000405E-1
3.410396789E2,2.623050213E0,8.791950226E0,-5.490000248E-1
3.410421225E2,4.441050053E0,7.465050220E0,-2.967000246E0
3.410445662E2,5.559000492E0,7.032000542E0,-5.529000282E0
3.410470099E2,4.630050182E0,7.042050362E0,-5.436000347E0
3.410494534E2,4.132050037E0,7.645050526E0,-3.355050087E0
3.410518970E2,4.194000244E0,8.097000122E0,-1.887000084E0
3.410543405E2,2.530050039E0,8.695950508E0,-1.315050006E0
3.410567842E2,2.515950203E0,8.878050804E0,-1.351050019E0
3.410592278E2,4.000050068E0,8.215050697E0,-3.031950235E0
3.410616715E2,4.788000107E0,7.710000515E0,-4.879950047E0
3.410641149E2,4.503000259E0,7.441050529E0,-5.905050278E0
3.410665586E2,3.670050144E0,7.693050385E0,-4.687950134E0
3.410690022E2,3.439950228E0,8.038050652E0,-2.062050104E0
3.410714459E2,3.478050232E0,8.136000633E0,-8.700000495E-2
3.410738894E2,3.303000212E0,8.446949959E0,-4.459500313E-1
3.410763330E2,2.680950165E0,8.851950645E0,-1.617000103E0
3.410787767E2,2.620950222E0,9.139050484E0,-2.977050066E0
3.410812202E2,3.471000195E0,9.049950600E0,-3.973050117E0
3.410836638E2,3.931050301E0,8.725049973E0,-4.606950283E0
3.410861075E2,3.271950245E0,8.341950417E0,-3.561000109E0
3.410885511E2,2.595000029E0,8.008950233E0,-1.423050046E0
3.410909946E2,2.595000029E0,8.039999962E0,0.000000000E0
3.410934383E2,3.595050097E0,7.900950432E0,-6.709500551E-1
3.410958819E2,4.333050251E0,7.732950211E0,-3.070050240E0
3.410983254E2,4.387950420E0,7.759950161E0,-5.215050220E0
3.411007691E2,4.471950054E0,8.171999931E0,-6.025050163E0
3.411032127E2,3.916050196E0,8.670000076E0,-5.419050217E0
3.411056564E2,3.211950064E0,8.830050468E0,-3.592050076E0
3.411080998E2,2.700000048E0,8.539950371E0,-1.885050058E0
3.411105435E2,2.944050074E0,8.595000267E0,-7.879500389E-1
3.411129871E2,4.287000179E0,8.038050652E0,-1.807950139E0
3.411154306E2,5.439000130E0,7.800000191E0,-4.066050053E0
3.411178743E2,4.657950401E0,7.771950245E0,-5.431050301E0
3.411203179E2,3.291000128E0,8.149950027E0,-4.324950218E0
3.411227616E2,3.514050245E0,7.972950459E0,-2.464050055E0
3.411252051E2,3.342000246E0,8.047050476E0,-1.104000092E0
3.411276488E2,2.932050228E0,7.930050373E0,-7.590000629E-1
3.411300924E2,3.751050234E0,7.848000526E0,-1.735950112E0
3.411325359E2,4.254000187E0,7.855950356E0,-3.834000111E0
3.411349796E2,4.603050232E0,7.762050152E0,-5.500050068E0
3.411374232E2,3.547950268E0,8.092950821E0,-5.593950272E0
3.411398669E2,2.389050007E0,8.770050049E0,-3.445950270E0
3.411423103E2,2.326050043E0,8.563950539E0,-1.438950062E0
3.411447540E2,2.665950060E0,8.513999939E0,-7.140000463E-1
3.411471976E2,3.018000126E0,8.233950615E0,-1.758000135E0
3.411496411E2,3.262950182E0,8.449049950E0,-2.998050213E0
3.411520848E2,4.429050446E0,7.960950375E0,-4.143000126E0
3.411545284E2,5.286000252E0,8.380050659E0,-4.875000000E0
3.411569721E2,4.611000061E0,8.854050636E0,-5.128950119E0
3.411594156E2,2.710050106E0,8.728950500E0,-3.658950090E0
3.411618593E2,1.708950043E0,8.703000069E0,-1.156949997E0
3.411643029E2,2.286000013E0,8.173950195E0,3.739500046E-1
3.411667463E2,3.286950111E0,7.575000286E0,-6.760500073E-1
3.411691900E2,4.323000431E0,7.200000286E0,-3.522000074E0
3.411716336E2,4.596000195E0,7.104000568E0,-6.022050381E0
3.411740773E2,4.390050411E0,7.755000591E0,-6.283050060E0
3.411765208E2,3.780000210E0,8.513999939E0,-4.540050030E0
3.411789645E2,2.710050106E0,9.121950150E0,-2.197950125E0
3.411814081E2,1.816050053E0,9.164999962E0,-9.100500345E-1
3.411838518E2,2.038950205E0,8.952000618E0,-6.490500569E-1
3.411862953E2,3.817950249E0,8.089950562E0,-2.637000084E0
3.411887389E2,5.061000347E0,7.453050137E0,-5.428050041E0
3.411911826E2,4.419000149E0,7.374000549E0,-5.839950085E0
3.411936260E2,4.491000175E0,7.369950294E0,-3.891000271E0
3.411960696E2,3.997950077E0,7.968000412E0,-1.966050148E0
3.411985133E2,2.853000164E0,8.521050453E0,-7.399500608E-1
3.412009568E2,2.520000219E0,8.904000282E0,-9.010500312E-1
3.412034005E2,3.241050243E0,8.599950790E0,-2.787000179E0
3.412058441E2,3.883050203E0,8.485050201E0,-4.843950272E0
3.412082876E2,4.347000122E0,8.188050270E0,-6.052950382E0
3.412107313E2,3.448950052E0,8.227050781E0,-5.179050446E0
3.412131750E2,3.145050049E0,8.133000374E0,-2.839950085E0
3.412156186E2,3.331950188E0,8.470950127E0,-1.175999999E0
3.412180623E2,3.250950098E0,8.623950005E0,-8.029500246E-1
3.412205057E2,3.021000147E0,8.574000359E0,-1.612050056E0
3.412229493E2,3.279000044E0,8.763000488E0,-3.070050240E0
3.412253930E2,3.729000092E0,8.956950188E0,-4.243050098E0
3.412278365E2,3.679050207E0,8.880000114E0,-5.040000439E0
3.412302801E2,2.980050087E0,8.698050499E0,-3.679950237E0
3.412327238E2,2.544000149E0,8.236050606E0,-1.530000091E0
3.412351675E2,2.701950073E0,8.373000145E0,-3.670500219E-1
3.412376109E2,4.036050320E0,8.203050613E0,-1.456050038E0
3.412400546E2,4.735050201E0,7.870050430E0,-4.393949986E0
3.412424980E2,4.282950401E0,8.116950035E0,-6.546000481E0
3.412449417E2,4.174950123E0,8.409000397E0,-6.673050404E0
3.412473854E2,3.294000149E0,8.452050209E0,-4.369950294E0
3.412498290E2,2.998950243E0,7.939050198E0,-2.425950050E0
3.412522727E2,3.073050261E0,8.005949974E0,-8.620500565E-1
3.412547162E2,3.619050264E0,7.378950119E0,-6.949500442E-1
3.412571598E2,4.275000095E0,7.063050270E0,-1.842000127E0
3.412596035E2,4.824000359E0,7.152000427E0,-3.886050224E0
3.412620470E2,3.718050241E0,7.812000275E0,-4.783950329E0
3.412644906E2,3.009000063E0,8.314949989E0,-4.072950363E0
3.412669343E2,3.732000113E0,8.763000488E0,-2.473950148E0
3.412693777E2,3.105000257E0,8.787000656E0,-2.032950163E0
3.412718214E2,2.559000015E0,8.569050789E0,-1.981050134E0
3.412742651E2,3.259950161E0,8.290950775E0,-2.814000130E0
3.412767085E2,4.249050140E0,7.900950432E0,-4.164000034E0
3.412791522E2,4.168050289E0,7.744950294E0,-5.209950447E0
3.412815958E2,3.832050085E0,7.800000191E0,-5.124000072E0
3.412840395E2,3.262950182E0,8.245950699E0,-3.622950077E0
3.412864830E2,3.214950085E0,8.370000839E0,-1.858050108E0
3.412889267E2,3.519000053E0,8.308050156E0,-1.423050046E0
3.412913703E2,3.282000065E0,8.548050880E0,-2.095050097E0
3.412938140E2,2.926950216E0,8.884950638E0,-2.830950022E0
3.412962575E2,3.427950144E0,8.776950836E0,-3.525000095E0
3.412987011E2,3.958950281E0,8.847000122E0,-3.841050148E0
3.413011448E2,4.177050114E0,9.061950684E0,-4.084949970E0
3.413035882E2,2.941950083E0,9.192000389E0,-3.847950220E0
3.413060319E2,2.046000004E0,9.064949989E0,-2.325000048E0
3.413084755E2,2.293050051E0,8.855999947E0,-1.155000091E0
3.413109192E2,2.556000233E0,8.605050087E0,-1.516050100E0
3.413133627E2,3.487950087E0,8.095050812E0,-3.589950085E0
3.413158064E2,3.922950268E0,7.972950459E0,-5.440050125E0
3.413182500E2,4.314000130E0,8.059050560E0,-6.048000336E0
3.413206934E2,4.147950172E0,8.497050285E0,-5.212950230E0
3.413231371E2,3.330000162E0,8.989950180E0,-3.859950066E0
3.413255808E2,2.440950155E0,9.433050156E0,-2.139000177E0
3.413280244E2,2.317050219E0,9.112950325E0,-1.558950067E0
3.413304679E2,3.085050106E0,8.690999985E0,-2.443050146E0
3.413329115E2,4.093050003E0,8.241000175E0,-4.387050152E0
3.413353552E2,4.102950096E0,7.932000160E0,-5.742000103E0
3.413377987E2,3.361050129E0,7.876950264E0,-4.666950226E0
3.413402424E2,3.853950262E0,8.446949959E0,-2.602950096E0
3.413426860E2,3.241050243E0,8.454000473E0,-1.803000093E0
3.413451297E2,2.082000017E0,8.955000877E0,-1.894050121E0
3.413475731E2,2.788950205E0,8.719950676E0,-3.214050055E0
3.413500168E2,3.688950062E0,8.377950668E0,-4.696050167E0
3.413524604E2,3.733950138E0,8.425050735E0,-5.749050140E0
3.413549039E2,3.447000265E0,8.197950363E0,-5.506950378E0
3.413573476E2,3.211950064E0,8.053950310E0,-3.817050219E0
3.413597912E2,2.961000204E0,8.308050156E0,-1.983000040E0
3.413622349E2,3.310050249E0,8.557050705E0,-1.477950096E0
3.413646784E2,2.881950140E0,8.782050133E0,-2.296950102E0
3.413671221E2,2.302050114E0,8.727000237E0,-3.319050074E0
3.413695657E2,2.832000017E0,8.974050522E0,-3.867000103E0
3.413720094E2,3.796950102E0,9.117000580E0,-4.084949970E0
3.413744528E2,3.639000177E0,8.904000282E0,-4.320000172E0
3.413768964E2,2.503950119E0,8.830050468E0,-3.537000179E0
3.413793401E2,1.708950043E0,8.454000473E0,-1.993050098E0
3.413817836E2,1.845000029E0,8.095050812E0,-8.220000267E-1
3.413842272E2,2.590050220E0,7.633050442E0,-1.405950069E0
3.413866709E2,3.378000259E0,7.317000389E0,-3.331050158E0
3.413891144E2,4.009950161E0,7.249950409E0,-5.218050480E0
3.413915580E2,4.122000217E0,7.920000553E0,-5.695950508E0
3.413940017E2,3.933000088E0,8.236050606E0,-4.987950325E0
3.413964451E2,3.142950058E0,8.657999992E0,-3.096000195E0
3.413988888E2,1.567050099E0,9.385950089E0,-2.146050215E0
3.414013325E2,1.575000048E0,8.968950272E0,-2.056950092E0
3.414037761E2,2.482050180E0,8.473050117E0,-2.845050097E0
3.414062196E2,3.306000233E0,8.218950272E0,-4.351050377E0
3.414086632E2,3.319950104E0,8.020950317E0,-4.803000450E0
3.414111069E2,2.851050138E0,7.756950378E0,-3.703950167E0
3.414135506E2,3.375000238E0,8.080950737E0,-1.789050102E0
3.414159940E2,3.229050159E0,8.406000137E0,-1.522950053E0
3.414184376E2,2.194950104E0,8.643000603E0,-2.500050068E0
3.414208813E2,2.146950006E0,8.722050667E0,-3.285000086E0
3.414233248E2,2.704950094E0,8.278950691E0,-4.131000042E0
3.414257685E2,3.346050262E0,8.230950356E0,-4.650000095E0
3.414282121E2,3.210000038E0,7.852950573E0,-4.662000179E0
3.414306556E2,2.716950178E0,8.263050079E0,-3.466950178E0
3.414330993E2,2.664000034E0,8.305950165E0,-2.376000166E0
3.414355430E2,2.827050209E0,8.635950089E0,-1.978050113E0
3.414379866E2,2.772000074E0,8.938050270E0,-2.533950090E0
3.414404300E2,2.286000013E0,9.235050201E0,-2.998050213E0
3.414428737E2,2.559000015E0,9.586950302E0,-3.625050068E0
3.414453173E2,2.644950151E0,9.796950340E0,-3.927000284E0
3.414477610E2,2.635050058E0,9.370950699E0,-3.903000116E0
3.414502045E2,2.209050179E0,8.866050720E0,-3.235050201E0
3.414526481E2,1.740000129E0,8.341950417E0,-1.990050077E0
3.414550918E2,1.705950022E0,7.828950405E0,-1.039950013E0
3.414575353E2,2.322000027E0,7.645050526E0,-9.319500327E-1
3.414599790E2,3.559050083E0,7.273950577E0,-2.656050205E0
3.414624226E2,4.285050392E0,7.417050362E0,-4.665000439E0
3.414648660E2,4.041000366E0,8.112000465E0,-5.859000206E0
3.414673097E2,3.255000114E0,8.785050392E0,-5.505000114E0
3.414697533E2,2.607000113E0,9.085950851E0,-4.248000145E0
3.414721970E2,1.969950080E0,8.955000877E0,-3.028950214E0
3.414746405E2,1.864050031E0,8.839950562E0,-2.260950089E0
3.414770842E2,2.677950144E0,8.085000038E0,-2.851950169E0
3.414795278E2,3.688950062E0,7.551000595E0,-3.958050251E0
3.414819712E2,3.895050287E0,7.470000267E0,-4.747950077E0
3.414844149E2,3.310050249E0,7.498950481E0,-3.939000130E0
3.414868585E2,3.277050257E0,8.171999931E0,-2.437950134E0
3.414893022E2,3.411000252E0,8.434950829E0,-2.148000002E0
3.414917457E2,2.298000097E0,8.943000793E0,-2.707950115E0
3.414941894E2,2.077050209E0,8.683950424E0,-3.247050047E0
3.414966330E2,2.785950184E0,8.116950035E0,-3.843000174E0
3.414990767E2,3.708000183E0,7.894050598E0,-4.279050350E0
3.415015202E2,3.880050182E0,7.741050243E0,-4.633050442E0
3.415039638E2,3.298950195E0,8.100000381E0,-3.742950201E0
3.415064075E2,3.064050198E0,8.229000092E0,-3.058050156E0
3.415088509E2,2.926950216E0,8.643000603E0,-2.718000174E0
3.415112946E2,2.455950022E0,9.131999969E0,-3.039000034E0
3.415137382E2,1.777950048E0,9.225000381E0,-3.445950270E0
3.415161817E2,1.311000109E0,9.469050407E0,-2.959950209E0
3.415186254E2,1.849950075E0,9.430950165E0,-2.641050100E0
3.415210690E2,2.784000158E0,9.193950653E0,-3.058050156E0
3.415235127E2,3.490050077E0,8.208000183E0,-3.855000257E0
3.415259562E2,3.235950232E0,8.157000542E0,-3.814950228E0
3.415283999E2,2.215950012E0,8.337000847E0,-2.662950039E0
3.415308435E2,1.840050101E0,8.289000511E0,-1.411050081E0
3.415332872E2,2.532000065E0,8.095050812E0,-1.927950144E0
3.415357306E2,3.454050064E0,8.203050613E0,-3.235050201E0
3.415381742E2,3.703050137E0,8.269950867E0,-4.975950241E0
3.415406179E2,3.487950087E0,8.308050156E0,-5.524050236E0
3.415430614E2,3.595050097E0,8.548050880E0,-4.954050064E0
3.415455051E2,3.138000250E0,8.727000237E0,-4.171050072E0
3.415479487E2,2.506050110E0,8.740950584E0,-3.015000105E0
3.415503922E2,2.482050180E0,8.559000015E0,-2.359050035E0
3.415528359E2,2.889000177E0,8.185950279E0,-2.842050076E0
3.415552795E2,3.298950195E0,8.221950531E0,-3.783000231E0
3.415577229E2,3.547950268E0,8.209950447E0,-4.171050072E0
3.415601666E2,3.706050158E0,8.136000633E0,-3.918000221E0
3.415626103E2,3.643050194E0,8.293950081E0,-3.568050146E0
3.415650539E2,3.568950176E0,8.619000435E0,-3.168000221E0
3.415674976E2,2.949000120E0,9.010050774E0,-3.139050245E0
3.415699411E2,2.415000200E0,8.494950294E0,-3.171000242E0
3.415723847E2,2.607000113E0,8.476050377E0,-3.292950153E0
3.415748284E2,3.069000244E0,8.160000801E0,-3.783000231E0
3.415772719E2,3.600000143E0,8.044950485E0,-3.867000103E0
3.415797155E2,3.370050192E0,8.433000565E0,-3.906000137E0
3.415821592E2,3.018000126E0,8.725049973E0,-3.393000126E0
3.415846029E2,3.085050106E0,8.638050079E0,-2.634000063E0
3.415870463E2,2.832000017E0,8.667000771E0,-2.689050198E0
3.415894900E2,2.547000170E0,8.832000732E0,-3.024000168E0
3.415919336E2,3.025950193E0,8.710050583E0,-3.168000221E0
3.415943771E2,3.427950144E0,9.025950432E0,-3.292950153E0
3.415968207E2,3.351000071E0,9.418950081E0,-3.835950136E0
3.415992644E2,3.490050077E0,9.004950523E0,-4.497000217E0
3.416017079E2,2.809950113E0,8.394000053E0,-4.188000202E0
3.416041516E2,1.407000065E0,8.739000320E0,-2.421000004E0
3.416065952E2,9.450000525E-1,8.521050453E0,-8.239500523E-1
3.416090389E2,2.161050081E0,7.681050301E0,-1.060950041E0
3.416114823E2,4.093050003E0,7.542000294E0,-3.280950069E0
3.416139260E2,5.446050167E0,7.611000538E0,-5.662950039E0
3.416163696E2,4.465050220E0,8.410950661E0,-6.481950283E0
3.416188131E2,3.466050148E0,8.998050690E0,-5.644050121E0
3.416212568E2,2.530050039E0,9.469050407E0,-3.609000206E0
3.416237004E2,1.675050020E0,9.414000511E0,-1.518000126E0
3.416261441E2,2.041949987E0,8.160000801E0,-6.949500442E-1
3.416285876E2,3.982950211E0,7.434000492E0,-2.251049995E0
3.416310313E2,4.998000145E0,7.314000130E0,-5.031000137E0
3.416334749E2,3.897000074E0,7.087050438E0,-5.581950188E0
3.416359183E2,3.136050224E0,7.920000553E0,-4.107000351E0
3.416383620E2,3.448950052E0,8.446949959E0,-2.191050053E0
3.416408056E2,2.518050194E0,9.217950821E0,-1.534950018E0
3.416432493E2,1.711050034E0,9.136950493E0,-2.437950134E0
3.416456928E2,1.941000104E0,9.088950157E0,-3.625050068E0
3.416481364E2,3.480000257E0,8.072999954E0,-4.759950161E0
3.416505801E2,4.394999981E0,7.798050404E0,-6.022050381E0
3.416530238E2,3.351000071E0,8.104949951E0,-5.080950260E0
3.416554673E2,2.949000120E0,8.209950447E0,-3.172950268E0
3.416579109E2,3.082950115E0,8.526000023E0,-1.648050070E0
3.416603545E2,3.615000248E0,8.494950294E0,-1.537950039E0
3.416627980E2,3.910950184E0,8.145000458E0,-2.569950104E0
3.416652417E2,3.591000080E0,8.602950096E0,-4.176000118E0
3.416676853E2,3.112050056E0,8.593050003E0,-4.624050140E0
3.416701288E2,3.202950239E0,8.518950462E0,-3.850050211E0
3.416725725E2,3.202950239E0,8.314949989E0,-2.815950155E0
3.416750161E2,2.143949986E0,8.188050270E0,-1.585050106E0
3.416774596E2,1.618050098E0,7.840950489E0,-4.189500213E-1
3.416799033E2,1.963050127E0,7.780950546E0,-6.520500183E-1
3.416823469E2,2.994000196E0,7.836000443E0,-2.887950182E0
3.416847905E2,4.093050003E0,7.864950180E0,-5.215050220E0
3.416872340E2,4.323000431E0,8.338950157E0,-6.417000294E0
3.416896777E2,3.295950174E0,9.318000793E0,-5.778000355E0
3.416921213E2,2.901000023E0,9.304050446E0,-4.507050037E0
3.416945650E2,2.680950165E0,9.120000839E0,-2.977050066E0
3.416970085E2,2.724000216E0,8.566950798E0,-1.983000040E0
3.416994521E2,3.331950188E0,7.474950314E0,-1.698000073E0
3.417018958E2,4.804950237E0,6.840000153E0,-2.842050076E0
3.417043392E2,5.226000309E0,6.828000546E0,-4.210050106E0
3.417067829E2,4.180050373E0,7.180050373E0,-3.817050219E0
3.417092265E2,3.403950214E0,8.275050163E0,-2.598000050E0
3.417116702E2,3.640950203E0,8.830050468E0,-1.758000135E0
3.417141137E2,2.443950176E0,9.187050819E0,-1.906050086E0
3.417165574E2,2.152050018E0,8.788949966E0,-2.641050100E0
3.417190010E2,2.893950224E0,8.844000816E0,-3.541950226E0
3.417214445E2,4.018949986E0,8.080950737E0,-4.570950031E0
3.417238882E2,4.219950199E0,8.109000206E0,-4.971000195E0
3.417263318E2,3.334050179E0,8.278950691E0,-4.048950195E0
3.417287755E2,2.914950132E0,8.728950500E0,-2.115000010E0
3.417312189E2,2.973000050E0,8.938050270E0,-1.207050085E0
3.417336625E2,3.130950212E0,8.707950592E0,-1.279050112E0
3.417361062E2,3.081000090E0,8.254950523E0,-1.795950055E0
3.417385497E2,3.676950216E0,8.196000099E0,-2.704050064E0
3.417409934E2,4.134000301E0,7.932000160E0,-3.561000109E0
3.417434370E2,4.009950161E0,8.204999924E0,-3.367050171E0
3.417458807E2,3.643050194E0,8.266950607E0,-3.096000195E0
3.417483242E2,2.839050055E0,8.655000687E0,-1.969050050E0
3.417507679E2,2.728950024E0,8.657999992E0,-8.860500455E-1
3.417532115E2,3.069000244E0,8.204999924E0,-1.849050045E0
3.417556549E2,3.688950062E0,7.609050274E0,-3.532050133E0
3.417580986E2,3.784950256E0,7.594950199E0,-4.710000038E0
3.417605423E2,3.928050280E0,7.693050385E0,-4.609050274E0
3.417629859E2,3.904050112E0,8.023050308E0,-3.985050201E0
3.417654294E2,3.736950159E0,8.059050560E0,-2.673000097E0
3.417678731E2,3.246000051E0,8.185950279E0,-2.004000187E0
3.417703167E2,3.160050154E0,8.179050446E0,-1.609050035E0
3.417727604E2,3.729000092E0,7.413000584E0,-1.924950123E0
3.417752038E2,4.603050232E0,7.180050373E0,-3.355050087E0
3.417776475E2,4.675050259E0,7.185000420E0,-4.180950165E0
3.417800912E2,3.841950178E0,7.345950127E0,-3.726000071E0
3.417825346E2,4.294950008E0,7.990050316E0,-2.731950045E0
3.417849783E2,4.033950329E0,8.188050270E0,-2.779950142E0
3.417874220E2,2.959050179E0,8.569050789E0,-2.209950209E0
3.417898654E2,3.006000042E0,8.299050331E0,-2.260950089E0
3.417923091E2,3.787050247E0,8.284049988E0,-3.312000275E0
3.417947527E2,4.321050167E0,8.305950165E0,-4.578000069E0
3.417971962E2,4.038000107E0,8.065950394E0,-5.280000210E0
3.417996399E2,3.715050220E0,8.406000137E0,-3.889050245E0
3.418020835E2,3.660000086E0,8.490000725E0,-2.574000120E0
3.418045272E2,3.708000183E0,8.710050583E0,-1.570950031E0
3.418069706E2,3.576000214E0,8.770050049E0,-1.411050081E0
3.418094142E2,3.607050180E0,8.230950356E0,-1.873050094E0
3.418118579E2,4.192049980E0,8.631000519E0,-2.505000114E0
3.418143016E2,4.342050076E0,8.683950424E0,-3.520050049E0
3.418167451E2,3.946950197E0,8.911050797E0,-3.625050068E0
3.418191887E2,3.322050095E0,9.024000168E0,-3.475050211E0
3.418216324E2,2.238000154E0,9.256050110E0,-1.978050113E0
3.418240759E2,2.065050125E0,9.076950073E0,-5.659500360E-1
3.418265196E2,2.745000124E0,8.473050117E0,-1.485000014E0
3.418289632E2,3.777000189E0,8.641050339E0,-3.292950153E0
3.418314066E2,4.660950184E0,7.951050282E0,-5.206050396E0
3.418338503E2,4.837950230E0,8.440050125E0,-6.094050407E0
3.418362939E2,4.378050327E0,8.872950554E0,-5.545950413E0
3.418387376E2,3.964050293E0,9.081000328E0,-3.733050108E0
3.418411811E2,3.535950184E0,8.988000870E0,-2.787000179E0
3.418436248E2,3.388950109E0,8.860950470E0,-1.437000036E0
3.418460684E2,3.864000082E0,7.606950283E0,-1.686000109E0
3.418485121E2,4.861950397E0,7.365000248E0,-2.977050066E0
3.418509556E2,5.334000111E0,7.077000141E0,-4.102050304E0
3.418533992E2,4.282950401E0,7.161000252E0,-3.874050140E0
3.418558429E2,4.052999973E0,7.681050301E0,-2.479050159E0
3.418582863E2,4.447950363E0,8.208000183E0,-2.004000187E0
3.418607299E2,3.988050222E0,8.464050293E0,-2.665050030E0
3.418631736E2,3.322050095E0,8.731950760E0,-3.640050173E0
3.418656173E2,3.813000202E0,8.670000076E0,-4.413000107E0
3.418680608E2,4.222949982E0,8.002050400E0,-4.720050335E0
3.418705044E2,4.630050182E0,7.543950558E0,-4.966050148E0
3.418729481E2,4.177050114E0,7.959000587E0,-3.445950270E0
3.418753916E2,4.369050026E0,7.453050137E0,-2.407050133E0
3.418778352E2,5.089050293E0,7.627950191E0,-1.813050032E0
3.418802789E2,5.467950344E0,8.068950653E0,-2.773050070E0
3.418827223E2,4.171950340E0,8.204999924E0,-4.168950081E0
3.418851660E2,3.480000257E0,8.916000366E0,-3.733050108E0
3.418876096E2,3.777000189E0,8.731950760E0,-2.598000050E0
3.418900533E2,3.174000263E0,8.899050713E0,-1.444050074E0
3.418924968E2,2.674050093E0,8.557050705E0,-1.032000065E0
3.418949404E2,2.391000032E0,7.968000412E0,-8.149500489E-1
3.418973841E2,2.458050013E0,7.543950558E0,-7.690500617E-1
3.418998278E2,3.106950045E0,7.330950260E0,-1.198050022E0
3.419022712E2,4.089000225E0,7.951050282E0,-2.416050196E0
3.419047149E2,4.917000294E0,8.011050224E0,-4.168950081E0
3.419071585E2,4.351950169E0,8.530950546E0,-5.461950302E0
3.419096020E2,3.823050261E0,8.890050888E0,-4.903950214E0
3.419120457E2,3.583050251E0,8.779950142E0,-4.023000240E0
3.419144893E2,3.552000284E0,8.502000809E0,-2.332950115E0
3.419169328E2,3.658050060E0,8.049000740E0,-1.381950021E0
3.419193765E2,4.387950420E0,7.258950233E0,-1.276950002E0
3.419218201E2,5.446050167E0,7.365000248E0,-2.416050196E0
3.419242638E2,5.070000172E0,7.528050423E0,-3.465000153E0
3.419267072E2,3.913950205E0,7.900950432E0,-3.436050177E0
3.419291508E2,3.567000151E0,8.878050804E0,-2.032950163E0
3.419315945E2,3.319950104E0,9.205950737E0,-2.020950079E0
3.419340382E2,2.935050249E0,9.247050285E0,-2.409000158E0
3.419364817E2,3.009000063E0,8.842050552E0,-2.818950176E0
3.419389253E2,3.763050079E0,8.494950294E0,-3.433950186E0
3.419413690E2,4.918950081E0,8.373000145E0,-3.982050180E0
3.419438125E2,4.524000168E0,8.221950531E0,-4.552050114E0
3.419462561E2,3.763050079E0,8.586000443E0,-3.918000221E0
3.419486998E2,3.837000132E0,8.740950584E0,-2.706000090E0
3.419511432E2,3.888000250E0,8.344050407E0,-1.839000106E0
3.419535869E2,4.012050152E0,8.358000755E0,-2.115000010E0
3.419560305E2,3.499950171E0,8.229000092E0,-2.593050241E0
3.419584740E2,4.054950237E0,8.314949989E0,-2.802000046E0
3.419609177E2,4.570050240E0,8.233950615E0,-2.605050087E0
3.419633613E2,4.414050102E0,8.599950790E0,-2.956950188E0
3.419658050E2,3.684000254E0,8.911050797E0,-2.670000076E0
3.419682487E2,2.614050150E0,8.782050133E0,-2.035950184E0
3.419706922E2,2.020050049E0,8.749050140E0,-1.495050073E0
3.419731358E2,2.506050110E0,8.350950241E0,-1.795950055E0
3.419755794E2,3.697950125E0,8.188050270E0,-3.307050228E0
3.419780229E2,4.408950329E0,8.028000832E0,-4.288949966E0
3.419804665E2,4.462050438E0,8.224050522E0,-5.064000130E0
3.419829102E2,4.371000290E0,8.365950584E0,-4.636050224E0
3.419853537E2,4.069050312E0,8.526000023E0,-3.625050068E0
3.419877974E2,3.519000053E0,8.569050789E0,-3.084000111E0
3.419902410E2,2.961000204E0,8.662050247E0,-1.621050119E0
3.419926847E2,3.166950226E0,8.026050568E0,-1.453950047E0
3.419951281E2,4.414050102E0,7.717050552E0,-2.196000099E0
3.419975718E2,4.717950344E0,7.597050190E0,-3.736050129E0
3.420000154E2,3.433050156E0,8.109000206E0,-3.831000090E0
3.420024589E2,3.835050106E0,8.422950745E0,-2.572050095E0
3.420049026E2,4.582050323E0,8.479949951E0,-2.560050011E0
3.420073462E2,3.198000193E0,9.067049980E0,-2.943000078E0
3.420097899E2,2.314050198E0,8.904000282E0,-3.106050253E0
3.420122334E2,2.784000158E0,8.217000008E0,-2.661000013E0
3.420146770E2,3.816000223E0,7.540050507E0,-2.710950136E0
3.420171207E2,4.516950130E0,7.042050362E0,-3.244950056E0
3.420195641E2,4.117050171E0,7.501050472E0,-3.645000219E0
3.420220078E2,4.005000114E0,7.261950493E0,-2.919000149E0
3.420244515E2,4.171950340E0,7.860000610E0,-2.449950218E0
3.420268949E2,3.520950079E0,8.824950218E0,-2.124000072E0
3.420293386E2,3.253050089E0,8.818050385E0,-1.875000119E0
3.420317823E2,2.887050152E0,9.318000793E0,-2.400000095E0
3.420342259E2,3.327000141E0,9.160050392E0,-2.926050186E0
3.420366694E2,3.673950195E0,9.127050400E0,-3.295050144E0
3.420391131E2,3.739050150E0,8.317950249E0,-3.634950161E0
3.420415567E2,3.033000231E0,7.786050320E0,-2.725050211E0
3.420440002E2,2.437050104E0,7.791000366E0,-1.055999994E0
3.420464438E2,2.985000134E0,7.657050133E0,-3.139500022E-1
3.420488874E2,3.757950068E0,7.425000191E0,-1.368000031E0
3.420513311E2,4.804950237E0,7.267050266E0,-3.688050270E0
3.420537748E2,5.503950119E0,7.350000381E0,-5.718000412E0
3.420562183E2,4.801950455E0,8.038050652E0,-5.797050476E0
3.420586619E2,3.820050240E0,8.449049950E0,-4.155000210E0
3.420611056E2,3.196050167E0,8.670000076E0,-2.269950151E0
3.420635491E2,2.890950203E0,8.715000153E0,-5.779500008E-1
3.420659927E2,3.603000164E0,8.136000633E0,-5.659500360E-1
3.420684364E2,4.759050369E0,7.618950367E0,-2.479050159E0
3.420708798E2,5.001000404E0,7.413000584E0,-4.225950241E0
3.420733235E2,4.029000282E0,7.618950367E0,-4.198050022E0
3.420757671E2,3.861000299E0,8.682000160E0,-2.601000071E0
3.420782106E2,3.840000153E0,8.707950592E0,-1.300950050E0
3.420806543E2,2.680950165E0,9.274950027E0,-1.152000070E0
3.420830979E2,2.317050219E0,8.859000206E0,-1.849050045E0
3.420855416E2,3.318000078E0,8.385000229E0,-2.662950039E0
3.420879851E2,4.486050129E0,7.935000420E0,-3.690000057E0
3.420904287E2,4.699050426E0,7.768950462E0,-4.171050072E0
3.420928724E2,4.234950066E0,8.128950119E0,-3.408000231E0
3.420953161E2,3.823050261E0,8.326950073E0,-2.078999996E0
3.420977595E2,3.622050285E0,8.634000778E0,-1.684050083E0
3.421002032E2,3.205050230E0,8.964000702E0,-1.341000080E0
3.421026469E2,2.346000195E0,9.181950569E0,-1.369950056E0
3.421050903E2,2.233050108E0,9.208050728E0,-1.312950015E0
3.421075339E2,3.148050070E0,8.737050056E0,-1.662000060E0
3.421099776E2,3.847050190E0,8.791950226E0,-2.706000090E0
3.421124211E2,3.241050243E0,8.473050117E0,-3.096000195E0
3.421148648E2,2.278950214E0,8.032950401E0,-1.930050135E0
3.421173085E2,2.455950022E0,7.978050232E0,-3.169500232E-1
3.421197521E2,3.255000114E0,7.540050507E0,8.700000495E-2
3.421221955E2,4.113000393E0,6.997950554E0,-1.509000063E0
3.421246392E2,4.666050434E0,7.105950356E0,-3.985050201E0
3.421270828E2,4.933950424E0,7.377000332E0,-5.686950207E0
3.421295263E2,4.480950356E0,7.681050301E0,-5.536050320E0
3.421319700E2,3.805950165E0,7.947000504E0,-3.975000143E0
3.421344136E2,3.166950226E0,8.169000626E0,-2.104950190E0
3.421368573E2,2.496000051E0,8.032950401E0,-5.940000415E-1
3.421393008E2,3.315000057E0,7.390950203E0,-4.219500124E-1
3.421417444E2,4.900050163E0,6.646050453E0,-2.038050175E0
3.421441881E2,5.269050121E0,6.582000256E0,-3.859950066E0
3.421466315E2,4.357050419E0,7.197000504E0,-4.380000114E0
3.421490752E2,4.156050205E0,7.753050327E0,-3.261000156E0
3.421515188E2,4.675050259E0,7.966050148E0,-2.457000017E0
3.421539623E2,3.198000193E0,8.635950089E0,-1.588050127E0
3.421564060E2,2.913000107E0,8.242950439E0,-1.231050014E0
3.421588497E2,4.254000187E0,7.831950188E0,-2.023950100E0
3.421612933E2,5.419950485E0,7.398000240E0,-4.042050362E0
3.421637367E2,4.675050259E0,7.695000172E0,-4.996950150E0
3.421661804E2,4.114950180E0,7.903050423E0,-3.973050117E0
3.421686241E2,3.859050274E0,8.065950394E0,-2.151000023E0
3.421710678E2,3.466050148E0,8.928000450E0,-7.380000353E-1
3.421735112E2,3.235950232E0,9.235050201E0,-9.610500336E-1
3.421759549E2,2.716950178E0,9.424050331E0,-1.933050036E0
3.421783985E2,2.785950184E0,9.520050049E0,-2.674950123E0
3.421808420E2,3.628950119E0,9.031050682E0,-3.163050175E0
3.421832857E2,4.552950382E0,8.818050385E0,-3.700050116E0
3.421857293E2,4.407000065E0,8.607000351E0,-3.622950077E0
3.421881730E2,3.387000084E0,8.952000618E0,-1.755000114E0
3.421906165E2,3.034950256E0,8.964000702E0,-3.880500197E-1
3.421930601E2,3.508950233E0,8.502000809E0,-5.890500546E-1
3.421955038E2,3.978000164E0,8.278950691E0,-2.124000072E0
3.421979472E2,4.393050194E0,8.026050568E0,-4.118999958E0
3.422003909E2,4.735050201E0,8.032950401E0,-5.200950146E0
3.422028346E2,4.503000259E0,8.263050079E0,-4.779000282E0
3.422052780E2,4.174950123E0,8.421000481E0,-3.190050125E0
3.422077217E2,3.636000156E0,8.650050163E0,-1.758000135E0
3.422101653E2,3.480000257E0,8.779950142E0,-1.171050072E0
3.422126090E2,3.676950216E0,8.610000610E0,-1.509000063E0
3.422150525E2,4.018949986E0,8.314949989E0,-3.060000181E0
3.422174961E2,4.309050083E0,7.972950459E0,-4.441950321E0
3.422199398E2,4.287000179E0,7.966050148E0,-4.392000198E0
3.422223835E2,4.089000225E0,8.064000130E0,-3.297000170E0
3.422248269E2,4.479000092E0,8.161950111E0,-2.191050053E0
3.422272705E2,3.709950209E0,8.377950668E0,-2.028000116E0
3.422297143E2,3.282000065E0,8.265000343E0,-2.233950138E0
3.422321577E2,3.897000074E0,7.996950150E0,-2.461950064E0
3.422346014E2,4.660950184E0,7.615950584E0,-3.550950050E0
3.422370450E2,4.726050377E0,7.603950500E0,-4.312950134E0
3.422394885E2,4.153050423E0,7.756950378E0,-3.690000057E0
3.422419322E2,4.258950233E0,7.549050331E0,-2.308950186E0
3.422443759E2,4.246950150E0,8.032950401E0,-1.156949997E0
3.422468193E2,3.889950275E0,8.467950821E0,-1.495050073E0
3.422492630E2,3.040050030E0,8.707950592E0,-2.416050196E0
3.422517067E2,2.713950157E0,8.943000793E0,-2.538000107E0
3.422541503E2,3.873000145E0,8.418000221E0,-2.794950247E0
3.422565937E2,4.315950394E0,8.554950714E0,-3.016950130E0
3.422590374E2,4.120050430E0,8.302950859E0,-3.211050034E0
3.422614811E2,3.391950130E0,8.251049995E0,-2.529000044E0
3.422639247E2,2.635050058E0,8.277000427E0,-1.309950113E0
3.422663682E2,2.769000053E0,8.068950653E0,-5.320500135E-1
3.422688118E2,3.816000223E0,7.747950554E0,-1.375050068E0
3.422712555E2,4.632000446E0,7.570950508E0,-3.489000082E0
3.422736990E2,4.977000237E0,7.647000313E0,-4.657050133E0
3.422761427E2,4.503000259E0,7.911000252E0,-4.866000175E0
3.422785863E2,4.098000050E0,8.239050865E0,-3.427050114E0
3.422810298E2,3.520950079E0,8.458950043E0,-2.040000200E0
3.422834734E2,2.982000113E0,8.562000275E0,-7.980000377E-1
3.422859171E2,3.298950195E0,8.196000099E0,-8.290500641E-1
3.422883608E2,4.218000412E0,7.635000229E0,-1.951950073E0
3.422908042E2,4.681950092E0,7.461000443E0,-3.223050117E0
3.422932479E2,4.302000046E0,7.645050526E0,-3.604050159E0
3.422956915E2,3.610050201E0,7.930050373E0,-2.719950199E0
3.422981352E2,4.050000191E0,8.293950081E0,-1.882050037E0
3.423005787E2,3.760950089E0,8.392050743E0,-1.870050073E0
3.423030223E2,3.190950155E0,8.320050240E0,-2.347050190E0
3.423054660E2,3.162000179E0,8.125950813E0,-2.317950010E0
3.423079094E2,4.261050224E0,7.522950172E0,-2.871000051E0
3.423103531E2,4.669950008E0,7.609050274E0,-3.570000172E0
3.423127968E2,4.273050308E0,7.578000546E0,-3.727950096E0
3.423152404E2,4.065000057E0,7.920000553E0,-2.661000013E0
3.423176839E2,4.113000393E0,8.101950645E0,-1.705050111E0
3.423201276E2,3.643050194E0,8.437050819E0,-1.621050119E0
3.423225712E2,3.270000219E0,8.931000710E0,-1.794000030E0
3.423250147E2,3.163950205E0,8.653050423E0,-2.056950092E0
3.423274584E2,3.925950289E0,8.689050674E0,-2.305950165E0
3.423299020E2,4.275000095E0,8.827950478E0,-2.716050148E0
3.423323455E2,4.780950069E0,8.526000023E0,-3.642000198E0
3.423347891E2,4.359000206E0,8.665050507E0,-4.189949989E0
3.423372328E2,2.839050055E0,8.718000412E0,-3.072000027E0
3.423396765E2,2.496000051E0,8.434950829E0,-9.199500680E-1
3.423421199E2,3.172050238E0,7.932000160E0,1.330500096E-1
3.423445636E2,3.994950294E0,7.674000263E0,-7.260000110E-1
3.423470072E2,4.680000305E0,7.755000591E0,-3.115050077E0
3.423494509E2,5.218950272E0,7.767000198E0,-4.959000111E0
3.423518944E2,4.978950024E0,8.289000511E0,-5.209950447E0
3.423543380E2,4.065000057E0,9.036000252E0,-4.236000061E0
3.423567817E2,2.773950100E0,9.618000031E0,-2.376000166E0
3.423592251E2,2.286000013E0,9.440999985E0,-5.490000248E-1
3.423616688E2,3.303000212E0,8.659950256E0,-5.490000248E-1
3.423641124E2,4.600950241E0,7.968000412E0,-2.316000223E0
3.423665559E2,5.209050179E0,7.666050434E0,-4.246050358E0
3.423689996E2,4.411950111E0,7.687950134E0,-4.561950207E0
3.423714432E2,3.955050230E0,8.200050354E0,-3.087000132E0
3.423738869E2,3.958950281E0,8.638050079E0,-1.698000073E0
3.423763304E2,2.809950113E0,9.193950653E0,-1.128000021E0
3.423787740E2,2.281050205E0,8.746050835E0,-1.753050089E0
3.423812177E2,3.235950232E0,8.181000710E0,-2.803950071E0
3.423836613E2,4.684950352E0,7.645050526E0,-4.365000248E0
3.423861048E2,4.438050270E0,7.726050377E0,-4.653000355E0
3.423885484E2,4.333050251E0,7.774050236E0,-3.817050219E0
3.423909921E2,4.078950405E0,8.107049942E0,-2.293950081E0
3.423934356E2,3.139950037E0,8.797050476E0,-1.054050088E0
3.423958792E2,2.749950171E0,8.895000458E0,-1.192950010E0
3.423983229E2,3.085050106E0,8.581050873E0,-2.323050022E0
3.424007663E2,3.397050142E0,8.512050629E0,-3.285000086E0
3.424032100E2,3.835050106E0,8.140049934E0,-3.700050116E0
3.424056536E2,4.558050156E0,8.029950142E0,-3.424050093E0
3.424080973E2,4.615050316E0,7.968000412E0,-3.088950157E0
3.424105408E2,3.217050076E0,8.083050728E0,-2.494950056E0
3.424129844E2,2.631000042E0,8.128950119E0,-1.450950027E0
3.424154281E2,2.905950069E0,7.767000198E0,-1.200000048E0
3.424178716E2,3.424950123E0,7.591950417E0,-2.076000214E0
3.424203152E2,4.180050373E0,7.365000248E0,-3.669000149E0
3.424227589E2,4.876049995E0,7.549050331E0,-4.870050430E0
3.424252025E2,4.825950146E0,8.023050308E0,-4.746000290E0
3.424276460E2,4.495950222E0,8.394000053E0,-4.056000233E0
3.424300896E2,3.315000057E0,9.016950607E0,-2.692050219E0
3.424325333E2,2.788950205E0,8.952000618E0,-1.813050032E0
3.424349768E2,3.054000139E0,8.811000824E0,-1.530000091E0
3.424374205E2,4.089000225E0,7.767000198E0,-2.376000166E0
3.424398641E2,4.572000027E0,7.558950424E0,-3.487050056E0
3.424423078E2,4.527000427E0,7.561050415E0,-3.520050049E0
3.424447512E2,4.078950405E0,8.097000122E0,-2.646000147E0
3.424471949E2,3.697950125E0,8.550000191E0,-2.091000080E0
3.424496385E2,3.259950161E0,9.289950371E0,-1.813050032E0
3.424520820E2,2.997000217E0,9.373950005E0,-2.902050257E0
3.424545257E2,2.431950092E0,9.169950485E0,-4.219050407E0
3.424569693E2,3.178950071E0,8.665050507E0,-4.429950237E0
3.424594128E2,3.813000202E0,8.185950279E0,-4.450950146E0
3.424618564E2,4.041000366E0,8.085000038E0,-3.220950127E0
3.424643001E2,4.222949982E0,8.005949974E0,-2.340000153E0
3.424667438E2,3.676950216E0,8.506950378E0,-1.915950060E0
3.424691874E2,3.379950047E0,8.581050873E0,-2.239050150E0
3.424716309E2,3.430050135E0,8.667000771E0,-2.728050232E0
3.424740745E2,3.175950050E0,8.538000107E0,-3.027000189E0
3.424765182E2,3.093000174E0,8.611950874E0,-2.862000227E0
3.424789617E2,3.925950289E0,8.356050491E0,-2.737050056E0
3.424814053E2,4.477050304E0,8.128950119E0,-2.572050095E0
3.424838489E2,4.102950096E0,7.944000244E0,-3.256950140E0
3.424862924E2,3.210000038E0,7.899000168E0,-2.931000233E0
3.424887361E2,2.776950121E0,7.735950470E0,-2.122050047E0
3.424911797E2,2.908050060E0,7.699950218E0,-1.726950049E0
3.424936232E2,3.504000187E0,7.597050190E0,-2.377950191E0
3.424960669E2,4.009950161E0,7.414950371E0,-3.685050249E0
3.424985105E2,4.885950089E0,7.585050583E0,-4.815000057E0
3.425009542E2,4.896000385E0,8.290950775E0,-5.091000080E0
3.425033976E2,3.982950211E0,8.617050171E0,-4.969050407E0
3.425058413E2,2.998950243E0,8.725049973E0,-3.445950270E0
3.425082849E2,2.719050169E0,8.569050789E0,-2.076000214E0
3.425107286E2,3.361050129E0,7.884000301E0,-1.540050030E0
3.425131721E2,4.488000393E0,7.129950523E0,-2.440050125E0
3.425156157E2,5.335950375E0,6.844950199E0,-3.397950172E0
3.425180594E2,4.636950016E0,6.951000214E0,-3.810000181E0
3.425205029E2,4.009950161E0,7.477050304E0,-3.235050201E0
3.425229465E2,4.357050419E0,8.233950615E0,-2.425950050E0
3.425253902E2,3.058950186E0,9.049950600E0,-2.400000095E0
3.425278336E2,1.747050047E0,9.057000160E0,-3.181950092E0
3.425302773E2,2.257050037E0,8.539950371E0,-3.526950121E0
3.425327210E2,3.988050222E0,8.047050476E0,-4.438950062E0
3.425351646E2,4.450050354E0,8.028000832E0,-4.747950077E0
3.425376081E2,3.864000082E0,8.064000130E0,-3.988950253E0
3.425400518E2,3.471000195E0,8.478000641E0,-2.718000174E0
3.425424954E2,3.222000122E0,8.806050301E0,-1.717050076E0
3.425449389E2,3.246000051E0,9.093000412E0,-2.197950125E0
3.425473826E2,2.884050131E0,8.989950180E0,-3.142050266E0
3.425498262E2,2.901000023E0,8.943000793E0,-3.277950048E0
3.425522699E2,3.997950077E0,8.361000061E0,-3.472050190E0
3.425547133E2,4.977000237E0,8.164050102E0,-3.688050270E0
3.425571570E2,4.852050304E0,8.011050224E0,-3.727950096E0
3.425596007E2,3.421050072E0,8.161950111E0,-2.977050066E0
3.425620441E2,2.788950205E0,8.440050125E0,-1.849050045E0
3.425644878E2,2.899050236E0,8.289000511E0,-2.055000067E0
3.425669314E2,3.399000168E0,8.253000259E0,-3.381000042E0
3.425693751E2,3.852000237E0,8.017950058E0,-4.918050289E0
3.425718186E2,4.540950298E0,7.960950375E0,-5.650950432E0
3.425742623E2,4.408950329E0,8.473050117E0,-5.650950432E0
3.425767059E2,3.928050280E0,8.502000809E0,-4.453950405E0
3.425791494E2,3.583050251E0,8.562000275E0,-3.184950113E0
3.425815931E2,3.186000109E0,8.428050041E0,-2.361000061E0
3.425840367E2,3.463950157E0,8.145000458E0,-2.416050196E0
3.425864801E2,4.237050056E0,7.540050507E0,-3.091950178E0
3.425889238E2,4.986000061E0,7.159050465E0,-4.296000004E0
3.425913675E2,4.632000446E0,7.200000286E0,-4.486950397E0
3.425938112E2,3.646050215E0,7.549050331E0,-3.106050253E0
3.425962548E2,4.195950031E0,7.915050507E0,-2.047950029E0
3.425986983E2,3.568950176E0,8.337000847E0,-2.155050039E0
3.426011419E2,2.299950123E0,8.587950706E0,-2.979000092E0
3.426035856E2,2.427000046E0,8.251049995E0,-3.499050140E0
3.426060291E2,3.351000071E0,7.827000141E0,-4.291050434E0
3.426084727E2,3.907050133E0,8.137949944E0,-4.260000229E0
3.426109164E2,3.226950169E0,8.445000648E0,-3.738000154E0
3.426133598E2,2.944050074E0,8.275050163E0,-2.689050198E0
3.426158035E2,2.992050171E0,8.490000725E0,-1.779000044E0
3.426182472E2,3.052050114E0,8.690999985E0,-1.897050142E0
3.426206906E2,2.865000248E0,8.689050674E0,-2.716050148E0
3.426231343E2,2.653950214E0,8.389050484E0,-2.830950022E0
3.426255779E2,3.682050228E0,8.289000511E0,-2.734950066E0
3.426280216E2,4.963050365E0,8.338950157E0,-3.522000074E0
3.426304651E2,4.702050209E0,8.476050377E0,-4.222050190E0
3.426329088E2,3.045000076E0,8.506950378E0,-4.080000401E0
3.426353524E2,1.848000050E0,8.653050423E0,-2.317950010E0
3.426377961E2,1.657950044E0,8.275050163E0,-1.080000043E0
3.426402395E2,2.215950012E0,7.944000244E0,-8.070000410E-1
3.426426832E2,3.214950085E0,7.510950565E0,-2.176950216E0
3.426451268E2,4.447950363E0,7.470000267E0,-3.919950247E0
3.426475703E2,4.594050407E0,8.215050697E0,-5.689050198E0
3.426500139E2,3.940050125E0,8.776950836E0,-5.722950459E0
3.426524576E2,3.142950058E0,9.043050766E0,-4.405950069E0
3.426549013E2,2.379000187E0,9.268050194E0,-2.329950094E0
3.426573448E2,2.431950092E0,8.920950890E0,-1.537950039E0
3.426597885E2,3.603000164E0,7.935000420E0,-1.890000105E0
3.426622321E2,5.230950356E0,7.057950497E0,-3.349950075E0
3.426646756E2,5.683050156E0,6.958050251E0,-4.425000191E0
3.426671192E2,4.500000000E0,7.180050373E0,-3.879000187E0
3.426695629E2,3.852000237E0,8.398950577E0,-2.553000212E0
3.426720063E2,3.370050192E0,8.844000816E0,-1.945050120E0
3.426744500E2,2.106000185E0,9.430950165E0,-2.482950211E0
3.426768936E2,1.486050129E0,9.325950623E0,-3.388050079E0
3.426793373E2,2.614050150E0,8.562000275E0,-4.427999973E0
3.426817808E2,4.057950020E0,8.148000717E0,-4.744050026E0
3.426842244E2,3.916050196E0,8.137949944E0,-4.408050060E0
3.426866681E2,3.088050127E0,8.289000511E0,-3.003000259E0
3.426891116E2,3.387000084E0,8.248050690E0,-1.902000070E0
3.426915553E2,3.241050243E0,8.808000565E0,-1.570950031E0
3.426939989E2,2.809950113E0,9.163050652E0,-2.356050014E0
3.426964426E2,2.104050159E0,9.043050766E0,-3.180000067E0
3.426988860E2,2.476950169E0,8.988000870E0,-3.229950190E0
3.427013297E2,3.538050175E0,8.416049957E0,-3.072000027E0
3.427037734E2,4.467000008E0,8.149950027E0,-3.268950224E0
3.427062168E2,4.411950111E0,8.169000626E0,-3.408000231E0
3.427086605E2,2.926950216E0,8.466000557E0,-3.046050072E0
3.427111041E2,1.998000145E0,8.348999977E0,-2.140950203E0
3.427135476E2,1.891050100E0,8.179050446E0,-1.686000109E0
3.427159913E2,2.479950190E0,8.212050438E0,-2.227050066E0
3.427184350E2,3.061050177E0,8.008950233E0,-3.372000217E0
3.427208786E2,3.889950275E0,8.160000801E0,-4.497000217E0
3.427233220E2,3.816000223E0,8.473050117E0,-5.080950260E0
3.427257657E2,3.528000116E0,8.629050255E0,-4.765050411E0
3.427282093E2,2.982000113E0,8.955000877E0,-3.534000158E0
3.427306530E2,2.266950130E0,9.117000580E0,-2.236950159E0
3.427330965E2,2.413050175E0,8.562000275E0,-2.040000200E0
3.427355401E2,3.712950230E0,7.756950378E0,-2.542950153E0
3.427379838E2,4.753950119E0,7.353000164E0,-3.822000265E0
3.427404273E2,4.603050232E0,7.333950520E0,-4.212000370E0
3.427428710E2,3.784950256E0,7.657050133E0,-3.424050093E0
3.427453146E2,3.727050066E0,8.401050568E0,-2.476050138E0
3.427477583E2,3.078000069E0,8.947050095E0,-2.265000105E0
3.427502017E2,1.881000042E0,9.136950493E0,-2.694000244E0
3.427526453E2,1.800000072E0,8.899050713E0,-3.412050247E0
3.427550890E2,2.902950048E0,8.433000565E0,-4.296000004E0
3.427575325E2,3.816000223E0,8.196000099E0,-4.408050060E0
3.427599762E2,3.433050156E0,8.212050438E0,-3.967950106E0
3.427624198E2,3.186000109E0,8.320050240E0,-2.682000160E0
3.427648633E2,3.307950258E0,8.610000610E0,-2.128950119E0
3.427673070E2,3.126000166E0,8.851950645E0,-2.347050190E0
3.427697506E2,2.845950127E0,8.950050354E0,-3.160950184E0
3.427721943E2,2.827050209E0,9.049950600E0,-3.466950178E0
3.427746377E2,3.459000111E0,8.595000267E0,-3.652050257E0
3.427770814E2,4.168050289E0,8.401050568E0,-3.525000095E0
3.427795251E2,4.089000225E0,8.143050194E0,-3.223050117E0
3.427819687E2,2.884050131E0,7.843950272E0,-2.589000225E0
3.427844122E2,2.170950174E0,7.774050236E0,-1.432050109E0
3.427868558E2,2.518050194E0,7.530000210E0,-6.679500341E-1
3.427892995E2,2.865000248E0,7.710000515E0,-1.735950112E0
3.427917430E2,3.400950193E0,7.615950584E0,-3.393000126E0
3.427941866E2,3.615000248E0,8.394000053E0,-4.903950214E0
3.427966303E2,3.298950195E0,9.022050858E0,-5.566950321E0
3.427990737E2,2.748000145E0,9.187050819E0,-5.148000240E0
3.428015174E2,2.451000214E0,9.034049988E0,-3.865050077E0
3.428039610E2,2.202000141E0,8.803950310E0,-2.340000153E0
3.428064045E2,2.767050028E0,7.987050533E0,-1.618950129E0
3.428088482E2,4.168050289E0,7.152000427E0,-1.993050098E0
3.428112918E2,5.203950405E0,6.946050167E0,-3.019950151E0
3.428137355E2,4.491000175E0,7.030050278E0,-3.505950212E0
3.428161792E2,3.385050058E0,7.918050289E0,-3.151050091E0
3.428186226E2,3.270000219E0,8.800950050E0,-2.485950232E0
3.428210663E2,2.431950092E0,9.385950089E0,-2.356050014E0
3.428235100E2,1.552950025E0,9.241950035E0,-2.617050171E0
3.428259534E2,1.702050090E0,8.707950592E0,-3.268950224E0
3.428283970E2,2.937000036E0,8.368050575E0,-3.585000277E0
3.428308407E2,3.816000223E0,8.410950661E0,-4.131000042E0
3.428332842E2,3.325050116E0,8.569050789E0,-4.078050137E0
3.428357279E2,2.926950216E0,9.024000168E0,-3.466950178E0
3.428381715E2,2.479950190E0,9.306000710E0,-1.890000105E0
3.428406149E2,1.897950053E0,9.679950714E0,-2.625000238E0
3.428430586E2,2.182950020E0,9.394950867E0,-3.754950285E0
3.428455023E2,2.439000130E0,9.301950455E0,-3.361950159E0
3.428479459E2,2.953950167E0,8.607000351E0,-2.809050083E0
3.428503894E2,4.351950169E0,8.088000298E0,-2.773050070E0
3.428528331E2,5.440950394E0,8.092950821E0,-3.312000275E0
3.428552767E2,4.117050171E0,8.581050873E0,-3.910050154E0
3.428577202E2,2.347950220E0,8.761050224E0,-3.048000097E0
3.428601639E2,1.732950091E0,8.500050545E0,-2.035950184E0
3.428626075E2,2.110949993E0,8.193000793E0,-1.578000069E0
3.428650512E2,3.262950182E0,7.690050602E0,-2.742000103E0
3.428674946E2,4.471950054E0,7.621050358E0,-4.636050224E0
3.428699383E2,4.486050129E0,8.334000587E0,-5.713050365E0
3.428723819E2,3.945000172E0,8.818050385E0,-5.734950066E0
3.428748256E2,3.291000128E0,9.112950325E0,-5.020950317E0
3.428772691E2,2.161050081E0,9.595950127E0,-3.618000269E0
3.428797127E2,1.906950116E0,9.232050896E0,-2.481000185E0
3.428821564E2,2.887050152E0,8.253000259E0,-2.461950064E0
3.428845998E2,4.294950008E0,7.341000557E0,-3.658950090E0
3.428870435E2,4.843050003E0,6.973950386E0,-4.684050083E0
3.428894872E2,4.342050076E0,7.057950497E0,-4.339050293E0
3.428919306E2,3.469050169E0,7.948950291E0,-2.919000149E0
3.428943743E2,3.409050226E0,8.808000565E0,-2.026050091E0
3.428968179E2,2.527950048E0,9.393000603E0,-2.517000198E0
3.428992616E2,1.795050144E0,9.124950409E0,-3.907950163E0
3.429017051E2,2.377050161E0,8.799000740E0,-4.669050217E0
3.429041487E2,3.562050104E0,8.265000343E0,-5.098050117E0
3.429065924E2,3.636000156E0,8.236050606E0,-4.489950180E0
3.429090361E2,3.174000263E0,8.518950462E0,-3.147000074E0
3.429114795E2,2.419950008E0,8.932950020E0,-2.140950203E0
3.429139231E2,2.626050234E0,9.153000832E0,-1.890000105E0
3.429163668E2,2.764950037E0,9.606000900E0,-3.321000099E0
3.429188103E2,2.662050009E0,9.634950638E0,-4.957050323E0
3.429212539E2,2.451000214E0,9.571950912E0,-4.894050121E0
3.429236976E2,2.676000118E0,9.067049980E0,-4.285950184E0
3.429261411E2,3.145050049E0,8.545050621E0,-3.220950127E0
3.429285848E2,3.054000139E0,8.028000832E0,-2.458950043E0
3.429310284E2,2.428950071E0,7.504050255E0,-1.755000114E0
3.429334718E2,2.170950174E0,7.437000275E0,-1.392000079E0
3.429359155E2,2.760000229E0,7.402950287E0,-2.040000200E0
3.429383592E2,2.985000134E0,7.960950375E0,-4.000950336E0
3.429408028E2,3.567000151E0,7.726050377E0,-5.170050144E0
3.429432463E2,3.907050133E0,8.779950142E0,-6.027000427E0
3.429456900E2,3.021000147E0,9.373950005E0,-6.700050354E0
3.429481336E2,2.290950060E0,9.120000839E0,-5.187000275E0
3.429505773E2,2.106000185E0,8.662050247E0,-3.727950096E0
3.429530207E2,2.077050209E0,8.308050156E0,-2.196000099E0
3.429554644E2,2.947050095E0,7.663950443E0,-2.107050180E0
3.429579081E2,4.396950245E0,6.892950535E0,-3.039000034E0
3.429603515E2,4.703999996E0,6.723000526E0,-4.179000378E0
3.429627951E2,3.648000240E0,7.309950352E0,-3.979950190E0
3.429652388E2,3.066000223E0,8.513999939E0,-3.241950035E0
3.429676823E2,2.743050098E0,9.072000504E0,-2.701050043E0
3.429701259E2,1.795050144E0,9.358950615E0,-2.965050220E0
3.429725696E2,1.258950114E0,9.285000801E0,-2.929050207E0
3.429750133E2,2.152050018E0,9.120000839E0,-3.634950161E0
3.429774567E2,3.325050116E0,8.728950500E0,-4.629000187E0
3.429799004E2,3.058950186E0,8.346000671E0,-5.092950344E0
3.429823440E2,2.707050085E0,8.635950089E0,-4.341000080E0
3.429847875E2,2.452950001E0,8.775000572E0,-3.229950190E0
3.429872312E2,2.233050108E0,8.822999954E0,-2.116950035E0
3.429896748E2,1.759050131E0,9.430950165E0,-1.984950066E0
3.429921185E2,1.204050064E0,9.457050323E0,-2.091000080E0
3.429945620E2,1.357050061E0,9.450000763E0,-2.092950106E0
3.429970057E2,2.547000170E0,8.928000450E0,-3.136950254E0
3.429994493E2,3.706050158E0,8.593050003E0,-4.260000229E0
3.430018930E2,3.423000097E0,8.386950493E0,-4.399050236E0
3.430043364E2,2.037000179E0,8.566950798E0,-2.638950109E0
3.430067800E2,1.921950102E0,8.421000481E0,-9.340500236E-1
3.430092237E2,2.518050194E0,8.044950485E0,-1.246050000E0
3.430116672E2,2.760000229E0,8.385000229E0,-3.048000097E0
3.430141108E2,3.439950228E0,8.575950623E0,-5.023950100E0
3.430165545E2,3.856050253E0,8.524050713E0,-6.466950417E0
3.430189980E2,3.124050140E0,8.980950356E0,-6.070050240E0
3.430214417E2,2.109000206E0,9.220050812E0,-4.087950230E0
3.430238853E2,1.375950098E0,9.072000504E0,-1.983000040E0
3.430263287E2,1.096050024E0,8.698050499E0,-4.150500298E-1
3.430287724E2,2.065050125E0,8.107049942E0,-7.909500599E-1
3.430312160E2,3.100050211E0,7.516050339E0,-2.680050135E0
3.430336597E2,3.685950279E0,7.279050350E0,-4.468050003E0
3.430361032E2,3.030000210E0,7.767000198E0,-5.215050220E0
3.430385468E2,3.081000090E0,8.488050461E0,-3.919950247E0
3.430409905E2,2.764950037E0,8.884950638E0,-3.364050150E0
3.430434342E2,1.627050042E0,9.346950531E0,-2.400000095E0
3.430458777E2,1.471950054E0,8.863950729E0,-2.967000246E0
3.430483213E2,2.206950188E0,8.191050529E0,-3.871950150E0
3.430507650E2,3.222000122E0,7.852950573E0,-4.987950325E0
3.430532084E2,2.767050028E0,7.686000347E0,-5.677050114E0
3.430556521E2,2.652000189E0,8.059050560E0,-4.504050255E0
3.430580957E2,1.960050106E0,8.368050575E0,-2.695950031E0
3.430605392E2,1.681950092E0,8.775000572E0,-1.497000098E0
3.430629829E2,1.603050113E0,9.127050400E0,-1.993050098E0
3.430654266E2,2.062950134E0,9.091050148E0,-3.295050144E0
3.430678702E2,2.908050060E0,9.055050850E0,-5.196000099E0
3.430703137E2,3.379950047E0,9.013950348E0,-6.268950462E0
3.430727573E2,2.748000145E0,8.464050293E0,-6.321000099E0
3.430752010E2,1.740000129E0,8.322000504E0,-4.332000256E0
3.430776444E2,9.859500527E-1,8.004000664E0,-1.042050004E0
3.430800881E2,1.669950128E0,7.353000164E0,-1.200000010E-2
3.430825317E2,2.542050123E0,7.077000141E0,-1.000950098E0
3.430849754E2,2.863050222E0,7.092000484E0,-3.577950239E0
3.430874189E2,3.715050220E0,7.611000538E0,-6.055950165E0
3.430898625E2,3.733950138E0,8.437050819E0,-7.566000462E0
3.430923062E2,2.889000177E0,9.330000877E0,-7.219050407E0
3.430947497E2,1.824000120E0,9.855000496E0,-5.251050472E0
3.430971934E2,1.134000063E0,9.546000481E0,-3.004950047E0
3.430996370E2,1.669950128E0,8.887950897E0,-2.503050089E0
3.431020807E2,2.938950062E0,7.774050236E0,-3.283050060E0
3.431045241E2,4.407000065E0,7.113000393E0,-5.353950024E0
3.431069678E2,4.309050083E0,6.610950470E0,-6.408000469E0
3.431094114E2,3.454050064E0,7.437000275E0,-5.269950390E0
3.431118549E2,3.820050240E0,8.152050018E0,-3.616050243E0
3.431142986E2,2.532000065E0,9.285000801E0,-2.397000074E0
3.431167422E2,1.480950117E0,9.393000603E0,-2.031000137E0
3.431191857E2,1.471950054E0,9.475950241E0,-2.665050030E0
3.431216294E2,2.829000235E0,9.241950035E0,-4.537950039E0
3.431240730E2,3.757950068E0,8.890050888E0,-6.040950298E0
3.431265167E2,3.507000208E0,8.808000565E0,-6.262050152E0
3.431289601E2,2.695050240E0,9.229950905E0,-4.959000111E0
3.431314038E2,2.194950104E0,9.505050659E0,-2.851950169E0
3.431338474E2,1.819050074E0,9.924000740E0,-1.854000092E0
3.431362911E2,1.728000045E0,9.927000046E0,-2.004000187E0
3.431387346E2,1.669950128E0,9.826050758E0,-2.850000143E0
3.431411782E2,2.152050018E0,9.607950211E0,-3.919950247E0
3.431436219E2,2.785950184E0,9.131999969E0,-4.477950096E0
3.431460653E2,2.973000050E0,8.737050056E0,-4.807950020E0
3.431485090E2,2.358000040E0,9.085950851E0,-3.610950232E0
3.431509527E2,1.551000118E0,9.253950119E0,-1.545000076E0
3.431533964E2,1.476000071E0,8.761050224E0,-5.220000148E-1
3.431558398E2,2.230950117E0,8.325000763E0,-2.055000067E0
3.431582834E2,3.157050133E0,8.290950775E0,-4.155000210E0
3.431607269E2,3.772950172E0,8.509050369E0,-6.175050259E0
3.431631706E2,3.658050060E0,8.623950005E0,-6.766950130E0
3.431656143E2,3.274950266E0,8.683950424E0,-5.560050488E0
3.431680579E2,2.455950022E0,8.967000008E0,-3.522000074E0
3.431705014E2,1.801950097E0,8.657999992E0,-2.242050171E0
3.431729450E2,1.792950034E0,8.128950119E0,-1.653000116E0
3.431753887E2,2.680950165E0,7.543950558E0,-2.731950045E0
3.431778323E2,3.367950201E0,7.233000278E0,-4.545000076E0
3.431802758E2,3.351000071E0,6.912000179E0,-5.389950275E0
3.431827194E2,2.997000217E0,7.398000240E0,-4.552050114E0
3.431851631E2,3.282000065E0,8.100000381E0,-3.493950129E0
3.431876066E2,2.520000219E0,8.662050247E0,-3.012000084E0
3.431900503E2,1.729950070E0,8.479949951E0,-2.962050200E0
3.431924939E2,2.070000172E0,7.978050232E0,-3.268950224E0
3.431949376E2,2.761950016E0,7.578000546E0,-3.913050175E0
3.431973810E2,3.253050089E0,7.507950306E0,-4.435050011E0
3.431998247E2,3.469050169E0,7.276050568E0,-4.653000355E0
3.432022684E2,3.385050058E0,7.542000294E0,-3.997050285E0
3.432047118E2,3.375000238E0,7.767000198E0,-3.292950153E0
3.432071555E2,2.731050014E0,8.065950394E0,-3.084000111E0
3.432095991E2,2.319000006E0,8.301000595E0,-3.297000170E0
3.432120426E2,1.909950137E0,8.434950829E0,-3.313950062E0
3.432144863E2,1.912050128E0,8.218950272E0,-3.123000145E0
3.432169299E2,2.556000233E0,8.242950439E0,-3.798000097E0
3.432193736E2,2.764950037E0,8.385000229E0,-4.423050404E0
3.432218171E2,2.322000027E0,7.908000469E0,-4.207050323E0
3.432242607E2,1.407000065E0,7.947000504E0,-2.854050159E0
3.432267044E2,1.476000071E0,8.116950035E0,-1.642950058E0
3.432291481E2,2.167950153E0,8.239050865E0,-2.164950132E0
3.432315915E2,3.270000219E0,7.828950405E0,-3.670950174E0
3.432340351E2,3.976050138E0,8.083050728E0,-5.719950199E0
3.432364788E2,4.057950020E0,8.275050163E0,-7.000950336E0
3.432389223E2,3.531000137E0,8.551950455E0,-6.457950115E0
3.432413660E2,2.869950056E0,8.602950096E0,-4.537950039E0
3.432438096E2,2.331000090E0,8.566950798E0,-2.569950104E0
3.432462531E2,2.250000000E0,8.157000542E0,-1.303050041E0
3.432486968E2,3.624000072E0,7.489050388E0,-1.851000071E0
3.432511404E2,4.824000359E0,7.255050182E0,-3.834000111E0
3.432535838E2,4.105050087E0,7.599000454E0,-5.344950199E0
3.432560275E2,3.223950148E0,8.413050652E0,-5.028000355E0
3.432584712E2,3.562050104E0,9.145950317E0,-3.930000305E0
3.432609148E2,2.590050220E0,9.574950218E0,-3.193950176E0
3.432633585E2,1.966950059E0,9.733050346E0,-2.851950169E0
3.432658020E2,2.425050020E0,9.262950897E0,-3.196950197E0
3.432682456E2,3.712950230E0,8.962050438E0,-4.353000164E0
3.432706893E2,4.122000217E0,8.974050522E0,-5.698950291E0
3.432731328E2,3.354000092E0,8.855999947E0,-5.440050125E0
3.432755764E2,2.607000113E0,9.096000671E0,-3.702000141E0
3.432780201E2,2.608950138E0,9.522000313E0,-1.710000038E0
3.432804635E2,2.911050081E0,9.268050194E0,-1.237950087E0
3.432829072E2,3.001950026E0,8.827950478E0,-1.530000091E0
3.432853508E2,3.399000168E0,8.770050049E0,-3.012000084E0
3.432877943E2,3.844050169E0,8.674050331E0,-4.285950184E0
3.432902380E2,4.108050346E0,8.513999939E0,-4.585950375E0
3.432926817E2,3.445050240E0,8.614950180E0,-3.925050259E0
3.432951253E2,2.134950161E0,8.916000366E0,-2.040000200E0
3.432975688E2,1.255950093E0,8.605050087E0,-5.295000225E-2
3.433000125E2,1.503000021E0,7.900950432E0,2.500500083E-1
3.433024561E2,2.781000137E0,7.575000286E0,-1.372050047E0
3.433048995E2,4.105050087E0,7.420050144E0,-3.585000277E0
3.433073432E2,4.294950008E0,7.798050404E0,-5.197950363E0
3.433097869E2,4.050000191E0,8.425050735E0,-5.491050243E0
3.433122305E2,3.397050142E0,8.506950378E0,-4.320000172E0
3.433146740E2,2.298000097E0,8.800950050E0,-2.440050125E0
3.433171176E2,1.939050078E0,8.275050163E0,-7.399500608E-1
3.433195613E2,2.676000118E0,7.269000530E0,-5.800500512E-1
3.433220048E2,4.261050224E0,6.381000519E0,-2.152950048E0
3.433244485E2,5.178000450E0,6.277950287E0,-4.303050041E0
3.433268921E2,4.339950085E0,6.385050297E0,-4.750950336E0
3.433293358E2,3.592950106E0,7.185000420E0,-3.609000206E0
3.433317793E2,3.849000216E0,7.920000553E0,-2.467050076E0
3.433342229E2,2.532000065E0,8.782050133E0,-1.750950098E0
3.433366666E2,1.990950108E0,8.308050156E0,-1.858050108E0
3.433391100E2,3.033000231E0,7.924950600E0,-2.845050097E0
3.433415537E2,4.480950356E0,7.494000435E0,-4.582950115E0
3.433439973E2,4.159950256E0,7.312050343E0,-5.740050316E0
3.433464408E2,3.733950138E0,7.609050274E0,-4.396049976E0
3.433488845E2,3.885000229E0,7.413000584E0,-2.080950022E0
3.433513282E2,3.600000143E0,7.981950283E0,-2.160000056E-1
3.433537718E2,3.624000072E0,8.287050247E0,-4.630500078E-1
3.433562155E2,3.162000179E0,8.622000694E0,-1.983000040E0
3.433586590E2,3.150000095E0,9.012000084E0,-3.349950075E0
3.433611026E2,3.769950151E0,9.369000435E0,-4.951950073E0
3.433635463E2,4.204050064E0,9.211050034E0,-5.886000156E0
3.433659897E2,3.661950111E0,8.706000328E0,-5.220000267E0
3.433684333E2,2.341050148E0,8.866050720E0,-2.569950104E0
3.433708770E2,1.737000108E0,8.764950752E0,1.110000089E-1
3.433733205E2,2.080049992E0,8.193000793E0,3.000000119E-1
3.433757642E2,3.373050213E0,7.699950218E0,-1.411050081E0
3.433782078E2,4.648950100E0,7.768950462E0,-4.068000317E0
3.433806513E2,5.121000290E0,8.047050476E0,-5.953050137E0
3.433830950E2,4.885950089E0,8.410950661E0,-6.268950462E0
3.433855386E2,3.744000196E0,9.001950264E0,-4.387050152E0
3.433879820E2,2.608950138E0,9.103050232E0,-1.624050021E0
3.433904257E2,2.319000006E0,8.923050880E0,-1.200000048E-1
3.433928694E2,3.334050179E0,8.265000343E0,-5.419500470E-1
3.433953130E2,5.098950386E0,7.486950397E0,-3.309000254E0
3.433977567E2,5.464950085E0,7.141950130E0,-5.806950092E0
3.434002002E2,4.492950439E0,6.976950169E0,-5.881050110E0
3.434026438E2,4.736999989E0,7.800000191E0,-4.083000183E0
3.434050875E2,3.898950100E0,8.449049950E0,-2.610000134E0
3.434075310E2,2.641950130E0,9.022050858E0,-1.771950126E0
3.434099746E2,2.812050104E0,8.911050797E0,-2.068950176E0
3.434124183E2,4.429050446E0,8.299050331E0,-4.015950203E0
3.434148620E2,5.134950161E0,7.923000336E0,-5.782950401E0
3.434173054E2,4.941000462E0,7.498950481E0,-6.529950142E0
3.434197490E2,4.552950382E0,7.683000565E0,-4.705049992E0
3.434221927E2,4.183950424E0,7.803000450E0,-2.257950068E0
3.434246362E2,4.198950291E0,7.743000507E0,-3.979500234E-1
3.434270799E2,4.267950058E0,7.912950516E0,-5.059500337E-1
3.434295235E2,4.029000282E0,8.061000824E0,-1.957050085E0
3.434319669E2,4.443000317E0,8.305950165E0,-3.550950050E0
3.434344106E2,4.531949997E0,8.655000687E0,-5.110050201E0
3.434368543E2,3.667050123E0,8.836950302E0,-4.978050232E0
3.434392979E2,2.908050060E0,8.569050789E0,-3.118050098E0
3.434417414E2,2.338050127E0,8.503950119E0,-1.213950038E0
3.434441850E2,2.631000042E0,8.191050529E0,-4.360500276E-1
3.434466287E2,3.988050222E0,7.903050423E0,-1.734000087E0
3.434490722E2,4.936050415E0,7.789050579E0,-3.918000221E0
3.434515159E2,4.845000267E0,7.972950459E0,-5.359050274E0
3.434539595E2,4.872000217E0,8.181000710E0,-5.476050377E0
3.434564032E2,4.684950352E0,8.566950798E0,-4.392000198E0
3.434588466E2,3.739050150E0,8.773050308E0,-2.455050230E0
3.434612902E2,3.253050089E0,8.980950356E0,-8.220000267E-1
3.434637339E2,3.744000196E0,8.602950096E0,-9.700500369E-1
3.434661774E2,4.644000053E0,8.233950615E0,-2.562000036E0
3.434686211E2,4.951050282E0,8.124000549E0,-4.507050037E0
3.434710647E2,4.012050152E0,8.173950195E0,-5.023950100E0
3.434735082E2,3.703050137E0,8.569050789E0,-3.562950134E0
3.434759519E2,3.955050230E0,8.551950455E0,-1.995000124E0
3.434783956E2,3.042000055E0,8.944950104E0,-1.483050108E0
3.434808392E2,2.844000101E0,8.445000648E0,-2.349000216E0
3.434832826E2,3.745950222E0,8.128950119E0,-3.573000193E0
3.434857263E2,4.563000202E0,8.004000664E0,-4.846950054E0
3.434881699E2,5.191950321E0,7.264050484E0,-5.436000347E0
3.434906136E2,4.917000294E0,7.621050358E0,-5.115000248E0
3.434930571E2,3.934950113E0,7.899000168E0,-3.388050079E0
3.434955007E2,3.325050116E0,8.088000298E0,-1.324950099E0
3.434979444E2,3.864000082E0,8.208000183E0,-6.130500436E-1
3.435003879E2,3.660000086E0,8.004000664E0,-1.909050107E0
3.435028315E2,3.684000254E0,8.218950272E0,-2.854050159E0
3.435052752E2,4.611000061E0,7.738050461E0,-3.894000292E0
3.435077186E2,4.645950317E0,8.077950478E0,-4.128000259E0
3.435101623E2,3.801000118E0,8.550000191E0,-3.469950199E0
3.435126059E2,2.914950132E0,8.421000481E0,-2.167050123E0
3.435150494E2,2.446050167E0,8.173950195E0,-9.220500588E-1
3.435174931E2,2.803050041E0,7.992000580E0,-9.580500722E-1
3.435199368E2,3.658050060E0,7.800000191E0,-2.991000175E0
3.435223804E2,4.146000385E0,8.004000664E0,-4.926000118E0
3.435248239E2,4.375950336E0,7.591950417E0,-5.377950191E0
3.435272675E2,3.885000229E0,8.695950508E0,-4.480050087E0
3.435297112E2,3.349050045E0,9.129000664E0,-3.301950216E0
3.435321549E2,2.733000040E0,9.414000511E0,-1.801050067E0
3.435345983E2,2.440950155E0,9.499950409E0,-1.320000052E0
3.435370419E2,2.800950050E0,8.995050430E0,-2.019000053E0
3.435394856E2,3.670050144E0,8.193000793E0,-3.277950048E0
3.435419293E2,4.531949997E0,7.732950211E0,-3.997050285E0
3.435443728E2,4.299000263E0,7.530000210E0,-3.613050222E0
3.435468164E2,3.382050276E0,8.092950821E0,-1.866000056E0
3.435492601E2,3.709950209E0,8.385000229E0,-1.015950084E0
3.435517035E2,3.346050262E0,8.872950554E0,-1.732050061E0
3.435541471E2,2.556000233E0,8.650050163E0,-3.217950106E0
3.435565908E2,2.203950167E0,8.643000603E0,-4.273950100E0
3.435590343E2,3.258000135E0,8.290950775E0,-4.461000443E0
3.435614780E2,4.096050262E0,7.884000301E0,-4.260000229E0
3.435639216E2,3.631050110E0,8.104949951E0,-3.594000101E0
3.435663651E2,3.169050217E0,8.263050079E0,-2.500050068E0
3.435688088E2,2.974950075E0,8.260050774E0,-1.518000126E0
3.435712524E2,3.448950052E0,8.358000755E0,-1.618950129E0
3.435736961E2,3.255000114E0,8.559000015E0,-2.719950199E0
3.435761395E2,2.932050228E0,8.622000694E0,-3.688050270E0
3.435785832E2,3.700950146E0,8.200050354E0,-3.472050190E0
3.435810268E2,4.929000378E0,8.305950165E0,-3.412050247E0
3.435834705E2,4.929000378E0,8.230950356E0,-3.913050175E0
3.435859140E2,3.220050097E0,8.290950775E0,-3.985050201E0
3.435883576E2,2.008050203E0,8.302950859E0,-2.830950022E0
3.435908013E2,2.314050198E0,7.848000526E0,-1.267050028E0
3.435932448E2,3.258000135E0,7.329000473E0,-1.633050084E0
3.435956884E2,4.194000244E0,7.093950272E0,-2.989050150E0
3.435981321E2,4.783050060E0,7.582950592E0,-4.684050083E0
3.436005755E2,4.584000111E0,8.157000542E0,-5.716050148E0
3.436030192E2,3.733950138E0,8.767950058E0,-4.947000027E0
3.436054628E2,2.527950048E0,9.352050781E0,-3.240000248E0
3.436079066E2,2.022000074E0,9.445050240E0,-1.630950093E0
3.436103500E2,2.524950027E0,8.835000038E0,-1.212000012E0
3.436127937E2,3.628950119E0,7.908000469E0,-1.885050058E0
3.436152373E2,5.056050301E0,7.269000530E0,-3.481950283E0
3.436176808E2,5.226000309E0,7.045950413E0,-4.365000248E0
3.436201245E2,4.500000000E0,7.386000156E0,-3.352050066E0
3.436225681E2,3.922950268E0,8.440050125E0,-2.203050137E0
3.436250118E2,2.926950216E0,9.156000137E0,-1.690950036E0
3.436274552E2,1.972050071E0,9.163050652E0,-2.116950035E0
3.436298989E2,1.953000069E0,8.904000282E0,-2.634000063E0
3.436323426E2,3.298950195E0,8.598000526E0,-3.690000057E0
3.436347860E2,4.417050362E0,8.272050858E0,-4.702950001E0
3.436372296E2,3.961950302E0,8.326950073E0,-4.662000179E0
3.436396733E2,3.279000044E0,8.494950294E0,-3.424050093E0
3.436421170E2,3.028050184E0,8.824950218E0,-1.360050082E0
3.436445605E2,3.265050173E0,8.812950134E0,-9.060000181E-1
3.436470042E2,3.028050184E0,9.144000053E0,-1.516050100E0
3.436494478E2,2.889000177E0,9.000000000E0,-2.514000177E0
3.436518913E2,3.568950176E0,8.647950172E0,-3.384000063E0
3.436543349E2,4.465050220E0,8.457000732E0,-3.915000200E0
3.436567786E2,4.821000099E0,8.263050079E0,-4.072950363E0
3.436592220E2,3.805950165E0,8.241000175E0,-3.372000217E0
3.436616657E2,2.695050240E0,8.467950821E0,-1.791000128E0
3.436641093E2,2.853000164E0,8.263050079E0,-1.308000088E0
3.436665530E2,3.427950144E0,8.038050652E0,-1.972950101E0
3.436689965E2,3.898950100E0,7.731000423E0,-4.200000286E0
3.436714402E2,4.486050129E0,7.800000191E0,-5.167050362E0
3.436738838E2,4.675050259E0,8.128950119E0,-5.644050121E0
3.436763275E2,4.374000072E0,8.124000549E0,-4.549950123E0
3.436787709E2,4.038000107E0,8.409000397E0,-3.252000093E0
3.436812146E2,3.295950174E0,8.634000778E0,-1.803000093E0
3.436836582E2,3.274950266E0,8.257950783E0,-1.384050012E0
3.436861017E2,4.084050179E0,7.767000198E0,-1.696050048E0
3.436885453E2,5.254950047E0,7.176000118E0,-3.415050268E0
3.436909890E2,4.845000267E0,7.330950260E0,-4.080000401E0
3.436934325E2,4.512000084E0,7.554000378E0,-3.859950066E0
3.436958762E2,4.018949986E0,8.184000015E0,-2.289000034E0
3.436983198E2,3.691050291E0,8.749050140E0,-2.212949991E0
3.437007632E2,3.118950129E0,9.261000633E0,-2.404050112E0
3.437032069E2,2.607000113E0,8.782050133E0,-3.786000252E0
3.437056506E2,2.776950121E0,8.610000610E0,-4.258049965E0
3.437080942E2,4.141050339E0,8.077950478E0,-4.114050388E0
3.437105377E2,4.213050365E0,8.017950058E0,-3.373950243E0
3.437129814E2,3.552000284E0,8.101950645E0,-2.340000153E0
3.437154250E2,3.246000051E0,8.392050743E0,-1.405950069E0
3.437178687E2,3.454050064E0,8.562000275E0,-1.008000016E0
3.437203121E2,3.652950287E0,8.727000237E0,-1.966050148E0
3.437227558E2,3.799050093E0,9.076950073E0,-3.012000084E0
3.437251995E2,3.969000101E0,8.944950104E0,-3.417000055E0
3.437276429E2,4.323000431E0,8.655000687E0,-3.453000069E0
3.437300866E2,4.294950008E0,8.605050087E0,-3.252000093E0
3.437325302E2,3.448950052E0,8.440050125E0,-2.455050230E0
3.437349739E2,2.590050220E0,7.987050533E0,-1.486950040E0
3.437374174E2,2.299950123E0,7.903050423E0,-4.720500112E-1
3.437398610E2,3.034950256E0,7.528050423E0,-7.980000377E-1
3.437423047E2,3.670050144E0,7.530000210E0,-2.746950150E0
3.437447482E2,4.512000084E0,7.743000507E0,-4.167000294E0
3.437471919E2,4.884000301E0,8.464050293E0,-5.383050442E0
3.437496355E2,3.772950172E0,8.859000206E0,-5.359050274E0
3.437520790E2,3.148050070E0,8.983050346E0,-3.702000141E0
3.437545226E2,2.917950153E0,8.557050705E0,-1.948950052E0
3.437569663E2,3.327000141E0,8.097000122E0,-1.111050010E0
3.437594100E2,4.660950184E0,7.180050373E0,-1.485000014E0
3.437618534E2,6.229050159E0,6.532050133E0,-3.043950081E0
3.437642971E2,6.052050114E0,6.526950359E0,-4.594950199E0
3.437667407E2,4.703999996E0,6.951000214E0,-3.682950258E0
3.437691844E2,4.552950382E0,8.224050522E0,-1.978050113E0
3.437716279E2,3.994950294E0,8.521050453E0,-1.825050116E0
3.437740715E2,2.467950106E0,9.022050858E0,-2.293950081E0
3.437765152E2,2.254950047E0,8.586000443E0,-2.458950043E0
3.437789586E2,3.751050234E0,8.121000290E0,-3.604050159E0
3.437814022E2,5.026950359E0,7.867950439E0,-3.727950096E0
3.437838459E2,4.359000206E0,7.804950237E0,-3.913050175E0
3.437862894E2,4.078950405E0,7.948950291E0,-2.473950148E0
3.437887331E2,3.889950275E0,8.341950417E0,-1.405950069E0
3.437911767E2,3.117000103E0,8.932950020E0,-8.029500246E-1
3.437936202E2,2.698050022E0,9.306000710E0,-1.080000043E0
3.437960638E2,2.464950085E0,8.995050430E0,-1.708050132E0
3.437985075E2,3.109050035E0,8.847000122E0,-2.056950092E0
3.438009511E2,4.374000072E0,8.464050293E0,-2.682000160E0
3.438033946E2,5.049000263E0,8.140049934E0,-3.211050034E0
3.438058383E2,4.258950233E0,8.380050659E0,-2.826000214E0
3.438082819E2,2.737950087E0,8.562000275E0,-1.030050039E0
3.438107254E2,2.374050140E0,8.338950157E0,1.369500011E-1
3.438131691E2,2.965950251E0,7.815000534E0,-8.530500531E-1
3.438156127E2,3.727050066E0,7.768950462E0,-2.467050076E0
3.438180564E2,4.702050209E0,7.687950134E0,-3.841050148E0
3.438204998E2,4.672950268E0,8.089950562E0,-4.722000122E0
3.438229435E2,4.375950336E0,8.422950745E0,-4.328999996E0
3.438253871E2,4.006950378E0,8.503950119E0,-3.232950211E0
3.438278308E2,3.330000162E0,8.397000313E0,-1.825050116E0
3.438302743E2,3.283950090E0,8.125950813E0,-1.090050101E0
3.438327179E2,3.961950302E0,7.618950367E0,-1.377000093E0
3.438351616E2,4.996050358E0,6.936000347E0,-2.529000044E0
3.438376051E2,5.245050430E0,6.742050171E0,-3.546000242E0
3.438400488E2,4.527000427E0,6.852000237E0,-3.216000080E0
3.438424924E2,4.656000137E0,7.638000488E0,-2.473950148E0
3.438449358E2,4.503000259E0,7.879950523E0,-2.220000029E0
3.438473795E2,3.591000080E0,8.548050880E0,-2.209950209E0
3.438498231E2,2.779050112E0,8.464050293E0,-2.208000183E0
3.438522666E2,3.471000195E0,7.755000591E0,-2.613000154E0
3.438547103E2,5.134950161E0,7.494000435E0,-3.537000179E0
3.438571540E2,4.339950085E0,7.438950539E0,-4.328999996E0
3.438595976E2,4.227000237E0,7.633050442E0,-3.229950190E0
3.438620411E2,4.291950226E0,7.609050274E0,-1.801050067E0
3.438644847E2,4.081050396E0,7.984950542E0,-8.239500523E-1
3.438669284E2,3.697950125E0,8.406000137E0,-1.068000078E0
3.438693721E2,3.511950254E0,8.646000862E0,-2.044950008E0
3.438718155E2,4.394999981E0,8.746050835E0,-3.637050152E0
3.438742591E2,5.025000095E0,8.761050224E0,-5.104950428E0
3.438767028E2,4.374000072E0,8.839950562E0,-5.143050194E0
3.438791463E2,3.253050089E0,8.392050743E0,-3.502950191E0
3.438815900E2,2.608950138E0,8.047050476E0,-9.030000567E-1
3.438840336E2,2.740950108E0,7.681050301E0,1.050000072E0
3.438864773E2,3.640950203E0,7.048950195E0,4.009500146E-1
3.438889207E2,4.639050007E0,6.745050430E0,-2.200950146E0
3.438913644E2,5.167950153E0,7.350000381E0,-4.485000134E0
3.438938080E2,5.110950470E0,8.365950584E0,-5.838000298E0
3.438962515E2,3.973950148E0,9.019050598E0,-5.344950199E0
3.438986952E2,2.803050041E0,9.475950241E0,-3.429000139E0
3.439011388E2,2.472000122E0,9.325950623E0,-1.375050068E0
3.439035823E2,2.857950211E0,8.478000641E0,-6.679500341E-1
3.439060260E2,4.708950043E0,7.294950485E0,-1.650000095E0
3.439084696E2,6.492000103E0,6.721050262E0,-3.661050081E0
3.439109133E2,5.901000500E0,6.567000389E0,-4.972950459E0
3.439133568E2,4.420950413E0,7.461000443E0,-4.048950195E0
3.439158004E2,4.783050060E0,8.506950378E0,-2.233950138E0
3.439182441E2,3.603000164E0,9.216000557E0,-1.528050065E0
3.439206875E2,1.929000139E0,9.487950325E0,-1.495050073E0
3.439231312E2,2.295000076E0,8.848950386E0,-2.287050009E0
3.439255748E2,4.361999989E0,7.968000412E0,-3.400050163E0
3.439280185E2,5.784000397E0,7.659000397E0,-4.284000397E0
3.439304620E2,5.017950058E0,7.594950199E0,-4.429950237E0
3.439329057E2,4.125000000E0,8.029950142E0,-2.706000090E0
3.439353493E2,3.955050230E0,8.569050789E0,-4.309500158E-1
3.439377927E2,3.523950100E0,8.832000732E0,1.009500027E-1
3.439402364E2,3.162000179E0,9.256050110E0,-1.083000064E0
3.439426800E2,3.004050255E0,9.330000877E0,-2.694000244E0
3.439451237E2,3.411000252E0,9.168000221E0,-3.517950058E0
3.439475672E2,4.483950138E0,8.533050537E0,-3.877050161E0
3.439500109E2,4.836000443E0,8.422950745E0,-3.589950085E0
3.439524545E2,3.916050196E0,8.494950294E0,-2.215050220E0
3.439548980E2,2.721000195E0,8.686050415E0,-5.340000391E-1
3.439573417E2,2.998950243E0,8.542950630E0,3.900000080E-2
3.439597853E2,3.969000101E0,8.263050079E0,-1.738950133E0
3.439622290E2,4.444950104E0,8.072999954E0,-4.071000099E0
3.439646724E2,4.735050201E0,8.155050278E0,-5.347050190E0
3.439671161E2,4.684950352E0,8.421000481E0,-5.014050007E0
3.439695598E2,4.354050159E0,8.217000008E0,-3.190050125E0
3.439720032E2,3.957000256E0,8.169000626E0,-1.588050127E0
3.439744469E2,3.391950130E0,8.224050522E0,-6.060000062E-1
3.439768905E2,3.531000137E0,7.732950211E0,-5.779500008E-1
3.439793340E2,4.611000061E0,7.281000137E0,-1.818000078E0
3.439817777E2,5.281050205E0,7.068000317E0,-3.556050062E0
3.439842214E2,4.635000229E0,7.234950542E0,-4.437000275E0
3.439866650E2,4.018949986E0,7.807950497E0,-3.505950212E0
3.439891085E2,4.443000317E0,8.171999931E0,-2.407050133E0
3.439915521E2,3.612000227E0,8.425050735E0,-2.185950041E0
3.439939958E2,2.863050222E0,8.275050163E0,-2.122050047E0
3.439964392E2,3.274950266E0,7.671000481E0,-2.248950005E0
3.439988829E2,4.492950439E0,7.333950520E0,-2.803950071E0
3.440013265E2,4.645950317E0,7.549050331E0,-3.546000242E0
3.440037702E2,4.270950317E0,7.659000397E0,-3.192000151E0
3.440062137E2,3.781950235E0,7.870050430E0,-1.966050148E0
3.440086574E2,3.424950123E0,8.409000397E0,-5.560500026E-1
3.440111010E2,3.433050156E0,8.611950874E0,-7.519500256E-1
3.440135447E2,3.727050066E0,8.803950310E0,-2.200950146E0
3.440159882E2,3.892050266E0,8.892000198E0,-3.472050190E0
3.440184318E2,4.120050430E0,8.545050621E0,-4.071000099E0
3.440208755E2,4.736999989E0,8.346000671E0,-3.829050064E0
3.440233189E2,4.222949982E0,8.406000137E0,-2.725050211E0
3.440257626E2,2.701950073E0,8.215050697E0,-1.108950019E0
3.440282062E2,2.251950026E0,8.041950226E0,3.889500201E-1
3.440306497E2,3.106950045E0,7.518000126E0,3.220500052E-1
3.440330934E2,4.168050289E0,7.396050453E0,-1.710000038E0
3.440355371E2,4.620000362E0,7.402950287E0,-3.991950274E0
3.440379805E2,4.948050022E0,8.200050354E0,-5.206050396E0
3.440404242E2,4.522050381E0,8.920950890E0,-5.325000286E0
3.440428678E2,3.283950090E0,9.502950668E0,-4.048950195E0
3.440453115E2,2.929950237E0,9.108000755E0,-2.080950022E0
3.440477549E2,3.102000237E0,8.690999985E0,-1.159050107E0
3.440501986E2,3.993000269E0,8.017950058E0,-1.372050047E0
3.440526422E2,5.239950180E0,7.213950157E0,-2.782950163E0
3.440550859E2,5.805000305E0,6.742050171E0,-4.267050266E0
3.440575294E2,5.121000290E0,7.044000149E0,-4.212000370E0
3.440599730E2,4.345050335E0,8.289000511E0,-2.626950026E0
3.440624167E2,4.333050251E0,9.049950600E0,-1.839000106E0
3.440648602E2,3.016050100E0,9.699000359E0,-1.975950122E0
3.440673039E2,2.113049984E0,9.529050827E0,-2.505000114E0
3.440697475E2,3.424950123E0,8.872950554E0,-3.451050282E0
3.440721912E2,5.097000122E0,8.398950577E0,-4.456050396E0
3.440746346E2,4.717950344E0,8.155050278E0,-4.672049999E0
3.440770783E2,3.994950294E0,8.416049957E0,-3.336000204E0
3.440795219E2,3.733950138E0,8.428050041E0,-1.597050071E0
3.440819654E2,3.391950130E0,8.842050552E0,-4.600500166E-1
3.440844091E2,3.066000223E0,9.168000221E0,-9.580500722E-1
3.440868527E2,2.820000172E0,9.345000267E0,-2.026050091E0
3.440892962E2,2.853000164E0,9.490950584E0,-3.001050234E0
3.440917399E2,3.627000093E0,8.866050720E0,-3.657000065E0
3.440941835E2,4.435950279E0,8.598000526E0,-4.176000118E0
3.440966272E2,4.512000084E0,8.683950424E0,-3.871950150E0
3.440990706E2,3.418050051E0,8.623950005E0,-2.218050003E0
3.441015143E2,2.733000040E0,8.734050751E0,-1.066050053E0
3.441039579E2,3.121050119E0,8.072999954E0,-9.889500737E-1
3.441064016E2,3.223950148E0,7.678050518E0,-1.902000070E0
3.441088450E2,4.096050262E0,7.221000195E0,-3.031950235E0
3.441112887E2,4.942950249E0,7.093950272E0,-4.167000294E0
3.441137324E2,4.599000454E0,7.474950314E0,-4.357950211E0
3.441161759E2,4.206000328E0,7.525050163E0,-3.232950211E0
3.441186195E2,3.511950254E0,7.810050488E0,-2.323050022E0
3.441210632E2,3.073050261E0,8.112000465E0,-1.213950038E0
3.441235066E2,3.208050251E0,8.005949974E0,-1.375050068E0
3.441259503E2,4.026000023E0,7.449000359E0,-2.944950104E0
3.441283939E2,4.251000404E0,7.357950211E0,-4.480050087E0
3.441308374E2,4.132050037E0,7.540050507E0,-4.693050385E0
3.441332811E2,5.032050133E0,7.213950157E0,-4.614000320E0
3.441357248E2,4.255949974E0,7.486950397E0,-3.760050297E0
3.441381684E2,3.271950245E0,7.567950249E0,-2.521950006E0
3.441406119E2,3.399000168E0,7.876950264E0,-1.357950091E0
3.441430555E2,4.105050087E0,7.824000359E0,-1.779000044E0
3.441454992E2,4.623000145E0,7.918050289E0,-3.127050161E0
3.441479429E2,4.275000095E0,8.136000633E0,-4.260000229E0
3.441503863E2,3.861000299E0,7.795950413E0,-3.865050077E0
3.441528299E2,3.880050182E0,7.912950516E0,-2.224950075E0
3.441552736E2,3.415950060E0,8.368050575E0,-1.008000016E0
3.441577173E2,3.378000259E0,8.569050789E0,-9.850500226E-1
3.441601607E2,3.355950117E0,8.935050011E0,-1.746000051E0
3.441626044E2,3.799050093E0,9.012000084E0,-2.782950163E0
3.441650479E2,4.503000259E0,9.475950241E0,-3.988950253E0
3.441674916E2,4.189050198E0,9.859950066E0,-5.080950260E0
3.441699352E2,3.234000206E0,9.843000412E0,-4.666950226E0
3.441723789E2,2.056050062E0,9.886050224E0,-2.722950220E0
3.441748223E2,1.912050128E0,9.025950432E0,-1.035000086E0
3.441772660E2,2.623050213E0,8.452050209E0,-6.919500232E-1
3.441797097E2,3.499950171E0,7.800000191E0,-1.746000051E0
3.441821531E2,4.749000072E0,7.474950314E0,-3.247050047E0
3.441845968E2,5.121000290E0,7.444050312E0,-4.468050003E0
3.441870404E2,4.570050240E0,7.915050507E0,-3.738000154E0
3.441894841E2,3.610050201E0,8.602950096E0,-3.100950241E0
3.441919276E2,2.773950100E0,8.611950874E0,-1.473000050E0
3.441943712E2,2.805000067E0,8.368050575E0,-5.920500159E-1
3.441968149E2,3.864000082E0,7.978050232E0,-1.954050064E0
3.441992584E2,4.219950199E0,7.864950180E0,-3.903000116E0
3.442017020E2,3.990000248E0,7.875000477E0,-5.007000446E0
3.442041457E2,4.222949982E0,7.804950237E0,-4.935000420E0
3.442065893E2,3.787050247E0,7.935000420E0,-4.147050381E0
3.442090328E2,2.923050165E0,7.717050552E0,-2.622000217E0
3.442114764E2,2.925000191E0,7.815000534E0,-1.216950059E0
3.442139201E2,4.052999973E0,7.908000469E0,-1.594950080E0
3.442163636E2,4.467000008E0,7.729050159E0,-3.562950134E0
3.442188073E2,4.030950069E0,7.711950302E0,-4.735949993E0
3.442212509E2,4.141050339E0,7.240050316E0,-4.143000126E0
3.442236946E2,3.934950113E0,7.567950249E0,-2.452050209E0
3.442261380E2,3.592950106E0,8.080950737E0,-1.293000102E0
3.442285817E2,3.576000214E0,8.016000748E0,-9.340500236E-1
3.442310254E2,3.487950087E0,8.329950333E0,-1.537950039E0
3.442334688E2,3.853950262E0,8.634000778E0,-2.907000065E0
3.442359125E2,3.895050287E0,8.971050262E0,-4.686000347E0
3.442383561E2,2.935050249E0,9.025950432E0,-5.299050331E0
3.442407998E2,1.965000153E0,9.103050232E0,-3.666000128E0
3.442432433E2,1.732950091E0,8.932950020E0,-1.666950107E0
3.442456869E2,3.214950085E0,8.590950012E0,-1.461000085E0
3.442481306E2,4.969950199E0,8.365950584E0,-3.613050222E0
3.442505740E2,4.800000191E0,8.209950447E0,-5.404050350E0
3.442530177E2,3.816000223E0,8.398950577E0,-5.419050217E0
3.442554614E2,3.421050072E0,8.277000427E0,-3.925050259E0
3.442579050E2,3.385050058E0,8.171999931E0,-1.903950095E0
3.442603485E2,3.081000090E0,7.981950283E0,-8.119500279E-1
3.442627921E2,3.373050213E0,7.951050282E0,-6.540000439E-1
3.442652356E2,4.335000038E0,7.573050499E0,-1.918050051E0
3.442676793E2,4.753950119E0,7.702050209E0,-3.939000130E0
3.442701229E2,3.694050074E0,8.253000259E0,-4.911000252E0
3.442725666E2,2.914950132E0,9.052950859E0,-4.144950390E0
3.442750101E2,2.785950184E0,9.261000633E0,-2.752050161E0
3.442774538E2,2.779050112E0,9.417000771E0,-3.223050117E0
3.442798974E2,2.578050137E0,8.739000320E0,-3.277950048E0
3.442823411E2,3.205050230E0,7.858050346E0,-3.994050264E0
3.442847845E2,4.078950405E0,7.767000198E0,-4.011000156E0
3.442872281E2,4.450050354E0,7.141950130E0,-4.123050213E0
3.442896718E2,3.777000189E0,7.647000313E0,-3.610950232E0
3.442921153E2,3.421050072E0,7.671000481E0,-2.467050076E0
3.442945590E2,3.142950058E0,8.089950562E0,-1.240950108E0
3.442970026E2,3.586050272E0,7.899000168E0,-1.947000146E0
3.442994463E2,2.935050249E0,8.263050079E0,-2.605050087E0
3.443018898E2,3.337050200E0,8.148000717E0,-3.226050138E0
3.443043334E2,3.612000227E0,8.313000679E0,-3.586950064E0
3.443067771E2,4.315950394E0,8.284049988E0,-4.019999981E0
3.443092205E2,3.937950134E0,8.956950188E0,-3.862050295E0
3.443116642E2,3.243000269E0,8.916000366E0,-4.114050388E0
3.443141078E2,2.343000174E0,8.959050179E0,-3.096000195E0
3.443165513E2,2.404950142E0,8.346000671E0,-2.656050205E0
3.443189950E2,2.719050169E0,7.702050209E0,-2.383050203E0
3.443214386E2,3.373050213E0,7.009950161E0,-2.899950027E0
3.443238823E2,4.390050411E0,7.032000542E0,-3.436050177E0
3.443263257E2,4.812000275E0,7.045950413E0,-3.951000214E0
3.443287694E2,4.723050117E0,7.231050491E0,-4.048950195E0
3.443312131E2,3.579000235E0,8.185950279E0,-3.088950157E0
3.443336568E2,2.662050009E0,8.682000160E0,-2.397000074E0
3.443361002E2,2.523000002E0,8.797050476E0,-1.951950073E0
3.443385438E2,3.712950230E0,8.224050522E0,-2.874000072E0
3.443409875E2,4.290000439E0,7.896000385E0,-4.654950142E0
3.443434310E2,3.724950075E0,7.951050282E0,-5.242050171E0
3.443458747E2,4.600950241E0,7.993950367E0,-4.554000378E0
3.443483183E2,4.210950375E0,7.860000610E0,-4.032000065E0
3.443507620E2,2.860050201E0,8.518950462E0,-2.887950182E0
3.443532054E2,2.824050188E0,8.503950119E0,-1.887000084E0
3.443556491E2,3.721950293E0,8.434950829E0,-2.653050184E0
3.443580925E2,4.390050411E0,8.334000587E0,-4.200000286E0
3.443605362E2,4.206000328E0,8.502000809E0,-5.308950424E0
3.443629799E2,4.009950161E0,8.029950142E0,-4.867950439E0
3.443654235E2,3.765000105E0,8.422950745E0,-2.883000135E0
3.443678670E2,3.586050272E0,8.623950005E0,-1.356000066E0
3.443703107E2,3.166950226E0,8.665050507E0,-1.075950027E0
3.443727543E2,3.306000233E0,8.980950356E0,-1.672050118E0
3.443751980E2,3.780000210E0,9.163050652E0,-3.108000040E0
3.443776414E2,4.017000198E0,9.262950897E0,-4.576050282E0
3.443800850E2,3.679050207E0,9.160050392E0,-4.914000034E0
3.443825287E2,2.398050070E0,9.454950333E0,-3.412050247E0
3.443849724E2,1.623000026E0,9.201000214E0,-1.054050088E0
3.443874158E2,1.881000042E0,8.932950020E0,-5.100000501E-1
3.443898595E2,3.652950287E0,8.665050507E0,-1.645050049E0
3.443923030E2,5.310000420E0,8.394000053E0,-4.474950314E0
3.443947467E2,4.972050190E0,8.362950325E0,-5.809050083E0
3.443971903E2,4.227000237E0,8.907000542E0,-5.764050484E0
3.443996340E2,3.610050201E0,8.653050423E0,-4.107000351E0
3.444020774E2,2.973000050E0,8.581050873E0,-2.152950048E0
3.444045211E2,2.631000042E0,8.368050575E0,-6.280500293E-1
3.444069647E2,3.223950148E0,7.582950592E0,-7.500000596E-1
3.444094082E2,4.311000347E0,6.958050251E0,-2.328000069E0
3.444118519E2,4.849950314E0,6.888000488E0,-3.835950136E0
3.444142955E2,4.231950283E0,7.396050453E0,-4.356000423E0
3.444167392E2,3.751050234E0,8.005949974E0,-3.678000212E0
3.444191826E2,3.454050064E0,8.872950554E0,-3.193950176E0
3.444216263E2,2.455950022E0,9.100950241E0,-2.785050154E0
3.444240700E2,2.251950026E0,8.428050041E0,-3.112950087E0
3.444265136E2,3.255000114E0,7.935000420E0,-3.757050276E0
3.444289571E2,4.495950222E0,7.269000530E0,-4.705049992E0
3.444314007E2,4.351950169E0,6.856950283E0,-5.209950447E0
3.444338444E2,4.153050423E0,6.835950375E0,-4.219050407E0
3.444362879E2,3.532950163E0,7.180050373E0,-2.268000126E0
3.444387315E2,3.928050280E0,7.188000202E0,-5.940000415E-1
3.444411752E2,4.153050423E0,7.756950378E0,-8.599500656E-1
3.444436186E2,4.309050083E0,8.433000565E0,-2.730000019E0
3.444460623E2,4.227000237E0,8.956950188E0,-4.914000034E0
3.444485060E2,3.751050234E0,8.863950729E0,-5.815950394E0
3.444509496E2,3.319950104E0,8.767950058E0,-4.753050327E0
3.444533931E2,2.203950167E0,8.488050461E0,-2.365950108E0
3.444558368E2,1.456950068E0,8.002050400E0,1.009500027E-1
3.444582802E2,2.032050133E0,7.705050468E0,9.250500202E-1
3.444607238E2,3.480000257E0,7.305000305E0,-9.730500579E-1
3.444631675E2,4.732950211E0,7.233000278E0,-3.943950176E0
3.444656112E2,4.696950436E0,7.947000504E0,-5.722950459E0
3.444680546E2,4.134000301E0,8.728950500E0,-5.935950279E0
3.444704983E2,3.082950115E0,9.481050491E0,-4.827000141E0
3.444729419E2,2.026950121E0,9.808950424E0,-2.955000162E0
3.444753856E2,1.893000126E0,9.241950035E0,-7.810500264E-1
3.444778291E2,2.815050125E0,8.377950668E0,-8.430000544E-1
3.444802727E2,4.192049980E0,7.863000393E0,-2.100000143E0
3.444827164E2,5.286000252E0,7.270950317E0,-4.261950016E0
3.444851601E2,4.873950005E0,7.165950298E0,-5.128950119E0
3.444876035E2,3.781950235E0,8.290950775E0,-3.522000074E0
3.444900471E2,3.801000118E0,9.181950569E0,-1.842000127E0
3.444924908E2,2.608950138E0,9.639000893E0,-1.192950010E0
3.444949343E2,1.564950109E0,9.685050011E0,-1.417950034E0
3.444973780E2,2.676000118E0,9.184050560E0,-2.833050251E0
3.444998216E2,4.361999989E0,8.521050453E0,-5.020950317E0
3.445022653E2,4.218000412E0,8.344050407E0,-5.838000298E0
3.445047088E2,3.688950062E0,8.457000732E0,-4.791000366E0
3.445071524E2,3.427950144E0,8.239050865E0,-2.737050056E0
3.445095958E2,3.579000235E0,8.361000061E0,-6.160500050E-1
3.445120395E2,3.508950233E0,8.562000275E0,-3.330000043E-1
3.445144831E2,2.949000120E0,8.562000275E0,-1.914000034E0
3.445169268E2,2.956050158E0,8.824950218E0,-3.232950211E0
3.445193703E2,3.727050066E0,8.605050087E0,-4.095000267E0
3.445218140E2,4.134000301E0,8.548050880E0,-4.468050003E0
3.445242576E2,3.367950201E0,8.401050568E0,-4.027950287E0
3.445267013E2,2.386050224E0,8.524050713E0,-2.136000156E0
3.445291447E2,2.173050165E0,8.513999939E0,-5.539500117E-1
3.445315883E2,2.977950096E0,8.184000015E0,-9.370500445E-1
3.445340320E2,3.876000166E0,7.810050488E0,-2.871000051E0
3.445364755E2,4.599000454E0,7.980000496E0,-5.143050194E0
3.445389192E2,5.370000362E0,8.121000290E0,-7.006050110E0
3.445413628E2,4.807050228E0,8.559000015E0,-6.778950214E0
3.445438063E2,3.564000130E0,8.457000732E0,-4.588050365E0
3.445462499E2,2.664000034E0,8.230950356E0,-1.687950134E0
3.445486936E2,2.155950069E0,7.996950150E0,2.040000111E-1
3.445511373E2,3.235950232E0,7.270950317E0,1.129500046E-1
3.445535807E2,5.014950275E0,6.697050095E0,-1.947000146E0
3.445560244E2,5.278950214E0,6.723000526E0,-4.686000347E0
3.445584680E2,3.978000164E0,7.606950283E0,-5.518950462E0
3.445609115E2,3.970950127E0,8.485050201E0,-4.495050430E0
3.445633552E2,3.459000111E0,9.028950691E0,-3.345000267E0
3.445657988E2,2.128050089E0,9.388050079E0,-2.491050005E0
3.445682425E2,2.431950092E0,9.043050766E0,-2.257950068E0
3.445706859E2,4.024050236E0,7.803000450E0,-3.280950069E0
3.445731296E2,5.200050354E0,7.362000465E0,-4.867950439E0
3.445755732E2,4.599000454E0,6.946050167E0,-5.694000244E0
3.445780169E2,3.685950279E0,7.551000595E0,-3.697050095E0
3.445804604E2,3.538050175E0,7.750050545E0,-1.120950103E0
3.445829040E2,2.745000124E0,8.662050247E0,8.560500145E-1
3.445853477E2,2.482050180E0,8.955000877E0,1.780500114E-1
3.445877912E2,2.580000162E0,9.096000671E0,-1.525950074E0
3.445902349E2,3.469050169E0,8.931000710E0,-3.586950064E0
3.445926785E2,4.756950378E0,8.907000542E0,-5.383050442E0
3.445951219E2,5.013000011E0,8.722050667E0,-5.968950272E0
3.445975656E2,4.060050011E0,8.815950394E0,-5.140950203E0
3.446000092E2,2.797950029E0,8.923050880E0,-2.854050159E0
3.446024529E2,2.140050173E0,8.977950096E0,-6.850500107E-1
3.446048964E2,2.341050148E0,8.623950005E0,-5.595000088E-2
3.446073401E2,2.829000235E0,8.314949989E0,-1.573950052E0
3.446097837E2,3.514050245E0,8.014050484E0,-3.819000244E0
3.446122274E2,3.940050125E0,7.969950199E0,-5.040000439E0
3.446146709E2,4.005000114E0,7.993950367E0,-4.732050419E0
3.446171145E2,3.805950165E0,8.248050690E0,-3.285000086E0
3.446195582E2,2.869950056E0,8.677050591E0,-1.564050078E0
3.446220016E2,2.334000111E0,8.610000610E0,6.000000052E-3
3.446244452E2,3.229050159E0,8.428050041E0,-4.240500331E-1
3.446268889E2,4.606050014E0,7.795950413E0,-3.055950165E0
3.446293326E2,4.231950283E0,7.884000301E0,-5.481000423E0
3.446317760E2,3.793950081E0,8.160000801E0,-5.749050140E0
3.446342197E2,4.516950130E0,7.768950462E0,-4.578000069E0
3.446366634E2,3.363000154E0,8.265000343E0,-2.991000175E0
3.446391069E2,2.503950119E0,8.338950157E0,-1.087050080E0
3.446415505E2,2.559000015E0,8.442000389E0,-9.460500479E-1
3.446439942E2,3.780000210E0,8.365950584E0,-2.704050064E0
3.446464376E2,4.101000309E0,7.903050423E0,-4.935000420E0
3.446488813E2,3.816000223E0,7.498950481E0,-5.650950432E0
3.446513249E2,3.801000118E0,7.441050529E0,-4.420050144E0
3.446537684E2,3.475950241E0,7.695000172E0,-2.124000072E0
3.446562121E2,3.598050117E0,7.566000462E0,-5.560500026E-1
3.446586557E2,3.604950190E0,7.798050404E0,-2.880000174E-1
3.446610994E2,3.801000118E0,8.325000763E0,-2.042999983E0
3.446635429E2,4.078950405E0,8.634000778E0,-3.982050180E0
3.446659865E2,4.101000309E0,9.057000160E0,-5.740050316E0
3.446684302E2,3.652950287E0,9.285000801E0,-6.295050144E0
3.446708736E2,2.896050215E0,8.977950096E0,-4.851000309E0
3.446733173E2,2.215950012E0,8.631000519E0,-2.260950089E0
3.446757609E2,2.439000130E0,8.289000511E0,-4.290000200E-1
3.446782046E2,3.082950115E0,7.444050312E0,-8.719500303E-1
3.446806481E2,3.928050280E0,7.123050213E0,-2.835000038E0
3.446830918E2,4.498050213E0,7.084950447E0,-4.674000263E0
3.446855354E2,4.165050030E0,7.408050537E0,-5.020950317E0
3.446879789E2,3.889950275E0,7.891050339E0,-3.958050251E0
3.446904225E2,3.028050184E0,8.737050056E0,-2.248950005E0
3.446928662E2,2.520000219E0,8.859000206E0,-5.989500284E-1
3.446953099E2,2.833950043E0,8.718000412E0,-7.330500484E-1
3.446977533E2,3.610050201E0,8.418000221E0,-2.734950066E0
3.447001970E2,3.483000278E0,8.397000313E0,-4.818000317E0
3.447026406E2,3.595050097E0,8.665050507E0,-5.494950294E0
3.447050841E2,3.849000216E0,8.230950356E0,-4.885050297E0
3.447075278E2,2.872050047E0,8.832000732E0,-3.058050156E0
3.447099714E2,2.322000027E0,8.358000755E0,-1.417950034E0
3.447124151E2,2.827050209E0,8.488050461E0,-1.042050004E0
3.447148586E2,3.676950216E0,8.394000053E0,-2.626950026E0
3.447173022E2,3.957000256E0,8.196000099E0,-4.672049999E0
3.447197459E2,3.958950281E0,7.936950207E0,-5.605950356E0
3.447221893E2,3.418050051E0,7.947000504E0,-4.032000065E0
3.447246330E2,3.720000267E0,7.968000412E0,-1.837050080E0
3.447270766E2,3.631050110E0,8.041950226E0,-8.479500413E-1
3.447295203E2,3.175950050E0,8.527950287E0,-5.800500512E-1
3.447319638E2,3.397050142E0,8.839950562E0,-1.710000038E0
3.447344075E2,3.508950233E0,8.980950356E0,-3.561000109E0
3.447368511E2,3.514050245E0,9.301950455E0,-5.044950008E0
3.447392946E2,2.803050041E0,9.148050308E0,-5.148000240E0
3.447417383E2,1.996050119E0,9.097949982E0,-3.076950073E0
3.447441819E2,1.905000091E0,8.848950386E0,-8.890500665E-1
3.447466253E2,2.484000206E0,8.513999939E0,-5.490000248E-1
3.447490690E2,3.865950108E0,8.112000465E0,-2.421000004E0
3.447515127E2,4.972050190E0,7.851000309E0,-4.972950459E0
3.447539563E2,4.978950024E0,8.212050438E0,-6.493950367E0
3.447563998E2,4.560000420E0,8.629050255E0,-6.307050228E0
3.447588434E2,4.052999973E0,8.919000626E0,-4.606950283E0
3.447612871E2,3.451950073E0,8.964000702E0,-2.692050219E0
3.447637308E2,2.938950062E0,8.641050339E0,-1.255050063E0
3.447661743E2,3.118950129E0,8.161950111E0,-8.430000544E-1
3.447686179E2,4.110000134E0,7.528050423E0,-2.347050190E0
3.447710616E2,4.113000393E0,7.513050556E0,-3.961050272E0
3.447735051E2,3.370050192E0,7.693050385E0,-4.351050377E0
3.447759488E2,3.780000210E0,8.368050575E0,-3.745050192E0
3.447783924E2,3.550050259E0,8.682000160E0,-3.511050224E0
3.447808358E2,2.608950138E0,9.148050308E0,-3.324000120E0
3.447832795E2,2.796000242E0,8.920950890E0,-3.415050268E0
3.447857231E2,3.631050110E0,8.344050407E0,-3.871950150E0
3.447881666E2,4.429050446E0,7.683000565E0,-4.606950283E0
3.447906103E2,4.206000328E0,7.461000443E0,-5.035950184E0
3.447930539E2,3.684000254E0,7.482000351E0,-4.164000034E0
3.447954976E2,3.745950222E0,7.456050396E0,-2.388000011E0
3.447979411E2,3.784950256E0,7.698000431E0,-9.250500202E-1
3.448003848E2,3.175950050E0,8.289000511E0,-1.024950027E0
3.448028284E2,2.512950182E0,8.694000244E0,-1.837050080E0
3.448052721E2,3.045000076E0,9.175050735E0,-3.064950228E0
3.448077155E2,4.378050327E0,9.417000771E0,-4.903950214E0
3.448101591E2,4.018949986E0,9.204000473E0,-6.460050106E0
3.448126028E2,2.587050200E0,8.855999947E0,-5.521950245E0
3.448150463E2,1.515000105E0,8.397000313E0,-2.400000095E0
3.448174899E2,1.692000031E0,7.993950367E0,1.230000034E-1
3.448199336E2,2.899050236E0,7.378950119E0,-2.539499998E-1
3.448223773E2,4.474050045E0,6.900000095E0,-2.761050224E0
3.448248208E2,4.930950165E0,7.104000568E0,-5.167050362E0
3.448272645E2,4.183950424E0,8.035050392E0,-6.324000359E0
3.448297081E2,3.307950258E0,9.046050072E0,-5.239050388E0
3.448321515E2,2.218950033E0,9.466950417E0,-3.348000050E0
3.448345952E2,1.339950085E0,9.417000771E0,-9.700500369E-1
3.448370388E2,1.849950075E0,9.049950600E0,-1.350000054E-1
3.448394823E2,3.366000175E0,8.113950729E0,-1.972950101E0
3.448419260E2,4.575000286E0,7.719000340E0,-4.846950054E0
3.448443696E2,3.816000223E0,7.662000179E0,-6.127050400E0
3.448468133E2,3.445050240E0,8.149950027E0,-4.801050186E0
3.448492568E2,3.619050264E0,8.398950577E0,-3.031950235E0
3.448517005E2,2.487000227E0,9.144000053E0,-1.827000141E0
3.448541441E2,1.864050031E0,9.136950493E0,-1.636050105E0
3.448565878E2,2.839050055E0,8.854050636E0,-2.863950253E0
3.448590312E2,4.159950256E0,8.548050880E0,-5.059950352E0
3.448614749E2,3.897000074E0,8.239050865E0,-6.180000305E0
3.448639185E2,3.196050167E0,8.191050529E0,-5.047950268E0
3.448663620E2,2.890950203E0,8.557050705E0,-2.763000250E0
3.448688057E2,2.740950108E0,8.896950722E0,-9.010500312E-1
3.448712493E2,2.700000048E0,8.974050522E0,-5.800500512E-1
3.448736928E2,2.578050137E0,9.012000084E0,-1.633050084E0
3.448761365E2,3.022950172E0,9.049950600E0,-3.525000095E0
3.448785801E2,3.928050280E0,8.956950188E0,-5.266050339E0
3.448810236E2,4.315950394E0,8.998050690E0,-6.204000473E0
3.448834673E2,3.337050200E0,8.830050468E0,-5.220000267E0
3.448859109E2,2.242950201E0,8.812950134E0,-2.905050039E0
3.448883546E2,1.636950135E0,8.763000488E0,-5.340000391E-1
3.448907980E2,2.143949986E0,7.963050365E0,-6.010500193E-1
3.448932417E2,2.791050196E0,7.726050377E0,-2.206050158E0
3.448956853E2,3.919050217E0,7.233000278E0,-4.753050327E0
3.448981290E2,3.970950127E0,8.137949944E0,-5.550000191E0
3.449005725E2,3.757950068E0,7.951050282E0,-5.461950302E0
3.449030161E2,2.989950180E0,9.012000084E0,-3.843000174E0
3.449054598E2,2.179949999E0,8.641050339E0,-1.873050094E0
3.449079033E2,1.819050074E0,8.751000404E0,-4.549500346E-1
3.449103469E2,2.925000191E0,7.906050205E0,-1.269000053E0
3.449127906E2,3.981000185E0,7.518000126E0,-3.546000242E0
3.449152342E2,3.732000113E0,7.492050171E0,-5.428050041E0
3.449176777E2,3.198000193E0,8.028000832E0,-5.481000423E0
3.449201214E2,3.624000072E0,7.864950180E0,-4.450950146E0
3.449225650E2,2.401050091E0,8.638050079E0,-2.974050045E0
3.449250085E2,1.315950036E0,8.657999992E0,-1.381950021E0
3.449274522E2,2.056050062E0,8.599950790E0,-1.696050048E0
3.449298958E2,3.463950157E0,8.401050568E0,-3.328950167E0
3.449323392E2,3.661950111E0,7.654050350E0,-5.413950443E0
3.449347829E2,3.600000143E0,7.456050396E0,-5.923950195E0
3.449372265E2,2.998950243E0,7.783950329E0,-4.116000175E0
3.449396702E2,2.869950056E0,7.846050262E0,-1.645050049E0
3.449421137E2,2.985000134E0,7.860000610E0,-8.620500565E-1
3.449445573E2,2.568000078E0,8.433000565E0,-5.419500470E-1
3.449470010E2,2.755050182E0,8.598000526E0,-1.999950051E0
3.449494445E2,2.896050215E0,8.836950302E0,-3.666000128E0
3.449518881E2,2.877000093E0,9.322950363E0,-5.071950436E0
3.449543318E2,2.202000141E0,9.105000496E0,-5.014050007E0
3.449567755E2,1.345050097E0,8.824950218E0,-2.854050159E0
3.449592189E2,1.363950014E0,8.863950729E0,-1.257000089E0
3.449616625E2,2.710050106E0,8.701050758E0,-2.128950119E0
3.449641063E2,4.375950336E0,8.610000610E0,-4.300950050E0
3.449665497E2,4.843050003E0,8.599950790E0,-6.127050400E0
3.449689934E2,3.519000053E0,9.096000671E0,-5.755950451E0
3.449714370E2,2.491950035E0,9.192000389E0,-4.540050030E0
3.449738805E2,2.190000057E0,9.112950325E0,-2.778000116E0
3.449763242E2,2.142000198E0,8.788949966E0,-1.183050036E0
3.449787679E2,2.475000143E0,8.056950569E0,-1.171050072E0
3.449812115E2,3.793950081E0,7.729050159E0,-2.196000099E0
3.449836550E2,4.969950199E0,7.336050510E0,-4.188000202E0
3.449860986E2,4.306950092E0,7.990050316E0,-5.629050255E0
3.449885422E2,2.905950069E0,8.976000786E0,-5.059950352E0
3.449909859E2,2.512950182E0,9.292050362E0,-3.778950214E0
3.449934294E2,2.640000105E0,9.361950874E0,-3.028950214E0
3.449958730E2,2.743050098E0,9.031050682E0,-3.610950232E0
3.449983167E2,3.337050200E0,8.325000763E0,-3.946050167E0
3.450007602E2,3.715050220E0,7.969950199E0,-4.858050346E0
3.450032039E2,3.990000248E0,7.645050526E0,-5.032950401E0
3.450056475E2,3.793950081E0,7.743000507E0,-4.684050083E0
3.450080909E2,2.935050249E0,8.248050690E0,-3.232950211E0
3.450105346E2,2.632950068E0,8.695950508E0,-1.590000033E0
3.450129782E2,2.631000042E0,8.755949974E0,-1.018050075E0
3.450154219E2,2.676000118E0,8.773050308E0,-2.028000116E0
3.450178654E2,2.890950203E0,9.117000580E0,-2.874000072E0
3.450203091E2,3.343950272E0,8.614950180E0,-4.179000378E0
3.450227527E2,3.909000158E0,8.743950844E0,-4.605000019E0
3.450251962E2,3.958950281E0,8.718000412E0,-4.617000103E0
3.450276399E2,3.697950125E0,8.983050346E0,-4.048950195E0
3.450300835E2,2.772000074E0,8.923050880E0,-3.202050209E0
3.450325272E2,2.266950130E0,8.725049973E0,-2.400000095E0
3.450349706E2,2.566050053E0,8.350950241E0,-2.701050043E0
3.450374143E2,2.518050194E0,8.161950111E0,-3.364050150E0
3.450398579E2,3.298950195E0,7.723950386E0,-3.712050200E0
3.450423016E2,3.729000092E0,7.578000546E0,-4.156949997E0
3.450447451E2,3.511950254E0,7.720950603E0,-3.622950077E0
3.450471887E2,3.162000179E0,7.980000496E0,-2.641050100E0
3.450496324E2,2.752950191E0,8.397000313E0,-1.711950064E0
3.450520759E2,2.973000050E0,8.149950027E0,-1.143000007E0
3.450545196E2,3.532950163E0,7.900950432E0,-2.163000107E0
3.450569632E2,3.820050240E0,7.723950386E0,-3.739950180E0
3.450594066E2,3.813000202E0,7.717050552E0,-4.768050194E0
3.450618503E2,4.230000019E0,7.864950180E0,-4.677000046E0
3.450642939E2,3.852000237E0,7.887000561E0,-4.351050377E0
3.450667374E2,3.129000187E0,7.959000587E0,-3.277950048E0
3.450691811E2,3.034950256E0,8.101950645E0,-2.092950106E0
3.450716247E2,3.172050238E0,8.128950119E0,-2.221950054E0
3.450740684E2,3.528000116E0,8.346000671E0,-3.367050171E0
3.450765119E2,3.282000065E0,8.353950500E0,-4.389000416E0
3.450789555E2,3.064050198E0,8.049000740E0,-4.377000332E0
3.450813992E2,2.776950121E0,8.112000465E0,-2.980950117E0
3.450838429E2,2.149049997E0,8.494950294E0,-1.291050076E0
3.450862863E2,2.713950157E0,8.590950012E0,-9.510000348E-1
3.450887299E2,4.954950333E0,9.060000420E0,-2.206050158E0
3.450911736E2,6.721950531E0,9.487950325E0,-4.906050205E0
3.450936171E2,4.879050255E0,9.907050133E0,-6.682950497E0
3.450960607E2,2.755050182E0,9.760950089E0,-6.448050499E0
3.450985044E2,1.309050083E0,9.012000084E0,-2.955000162E0
3.451009479E2,5.279999971E-1,8.563950539E0,3.889500201E-1
3.451033915E2,1.323000073E0,7.735950470E0,8.389500380E-1
3.451058352E2,3.114000082E0,6.867000103E0,-1.162050009E0
3.451082789E2,4.942950249E0,6.333000183E0,-4.104000092E0
3.451107223E2,5.616000175E0,6.984000206E0,-5.890050411E0
3.451131660E2,4.420950413E0,8.770050049E0,-5.662950039E0
3.451156096E2,2.736000061E0,9.570000648E0,-3.847950220E0
3.451180531E2,1.459950089E0,9.754050255E0,-1.303050041E0
3.451204968E2,1.548000097E0,9.220050812E0,-1.680000126E-1
3.451229404E2,3.318000078E0,7.999050617E0,-1.698000073E0
3.451253841E2,5.068050385E0,7.032000542E0,-4.851000309E0
3.451278275E2,5.203950405E0,6.361950397E0,-6.466950417E0
3.451302712E2,4.702050209E0,6.948000431E0,-5.589000225E0
3.451327148E2,4.194000244E0,7.591950417E0,-3.721050262E0
3.451351583E2,2.812050104E0,8.859000206E0,-1.834950089E0
3.451376019E2,1.618050098E0,9.157950401E0,-1.303050041E0
3.451400456E2,2.392950058E0,9.189000130E0,-2.167050123E0
3.451424893E2,4.057950020E0,8.662050247E0,-4.581000328E0
3.451449328E2,4.201050282E0,8.053950310E0,-6.309000492E0
3.451473765E2,3.712950230E0,7.927050591E0,-5.614950180E0
3.451498201E2,3.133050203E0,8.053950310E0,-3.151050091E0
3.451522635E2,2.929950237E0,8.185950279E0,-3.139500022E-1
3.451547072E2,3.579000235E0,8.433000565E0,3.220500052E-1
3.451571508E2,5.311950207E0,8.943000793E0,-1.933050036E0
3.451595943E2,5.844000340E0,9.589050293E0,-5.773050308E0
3.451620380E2,3.888000250E0,1.031400013E1,-7.678950310E0
3.451644817E2,2.311950207E0,9.907050133E0,-6.481950283E0
3.451669253E2,9.520500302E-1,8.955000877E0,-2.557950020E0
3.451693687E2,2.340000123E-1,8.215050697E0,1.572000027E0
3.451718124E2,4.159500301E-1,7.710000515E0,1.741950035E0
3.451742561E2,2.805000067E0,7.003050327E0,1.519500017E-1
3.451766998E2,5.566050053E0,6.553050518E0,-3.130050182E0
3.451791432E2,6.141000271E0,6.553050518E0,-5.395050049E0
3.451815868E2,5.032050133E0,8.482950211E0,-6.063000202E0
3.451840305E2,2.949000120E0,9.586950302E0,-4.665000439E0
3.451864740E2,1.837950110E0,9.517050743E0,-2.251049995E0
3.451889176E2,1.615050077E0,9.385950089E0,-7.020000219E-1
3.451913613E2,2.286000013E0,8.254950523E0,-7.740000486E-1
3.451938048E2,4.333050251E0,6.943050385E0,-3.214050055E0
3.451962484E2,5.202000141E0,6.165000439E0,-5.344950199E0
3.451986921E2,4.657950401E0,6.354000092E0,-5.221950054E0
3.452011355E2,4.371000290E0,7.432050228E0,-4.372050285E0
3.452035792E2,3.106950045E0,8.428050041E0,-3.205950260E0
3.452060229E2,1.807050109E0,9.157950401E0,-1.732050061E0
3.452084665E2,2.161050081E0,9.213000298E0,-1.585050106E0
3.452109100E2,3.817950249E0,8.557050705E0,-3.490950108E0
3.452133537E2,4.735050201E0,7.693050385E0,-5.662950039E0
3.452157973E2,4.394999981E0,7.300050259E0,-6.022050381E0
3.452182410E2,3.792000294E0,7.429050446E0,-4.219050407E0
3.452206844E2,3.897000074E0,7.621050358E0,-1.396050096E0
3.452231281E2,4.338000298E0,7.563000202E0,2.809500098E-1
3.452255717E2,5.262000084E0,8.233950615E0,-4.720500112E-1
3.452280154E2,5.614050388E0,9.237000465E0,-3.633000135E0
3.452304589E2,4.855050087E0,9.856950760E0,-6.637050152E0
3.452329025E2,3.246000051E0,9.807000160E0,-7.120950222E0
3.452353462E2,1.587000132E0,9.034049988E0,-4.629000187E0
3.452377897E2,7.800000310E-1,8.490000725E0,-1.800000072E-1
3.452402333E2,6.430500150E-1,8.100000381E0,1.702950120E0
3.452426770E2,2.299950123E0,7.063050270E0,8.700000644E-1
3.452451205E2,5.046000004E0,6.334950447E0,-1.935000062E0
3.452475641E2,6.342000484E0,6.840000153E0,-4.708050251E0
3.452500078E2,6.097050190E0,7.903050423E0,-5.971950054E0
3.452524512E2,3.703050137E0,9.529050827E0,-5.002050400E0
3.452548949E2,2.044049978E0,9.883950233E0,-2.668050051E0
3.452573385E2,1.393050075E0,9.819000244E0,-7.519500256E-1
3.452597822E2,1.776000142E0,8.959050179E0,2.449500114E-1
3.452622257E2,4.038000107E0,7.353000164E0,-1.672050118E0
3.452646693E2,5.724000454E0,6.702000141E0,-4.933050156E0
3.452671130E2,5.178000450E0,6.454950333E0,-5.653050423E0
3.452695567E2,4.714050293E0,7.438950539E0,-4.392000198E0
3.452720002E2,4.054950237E0,8.406000137E0,-2.818950176E0
3.452744438E2,2.245050192E0,9.241950035E0,-1.741050124E0
3.452768875E2,1.930950046E0,9.553050041E0,-1.168950081E0
3.452793309E2,3.018000126E0,9.096000671E0,-2.649000168E0
3.452817745E2,4.387950420E0,8.229000092E0,-4.798950195E0
3.452842183E2,4.543950081E0,7.390950203E0,-6.211050510E0
3.452866617E2,4.017000198E0,7.402950287E0,-5.388000488E0
3.452891054E2,3.922950268E0,7.510950565E0,-2.719950199E0
3.452915490E2,3.520950079E0,7.492050171E0,6.300000101E-2
3.452939927E2,3.946950197E0,7.911000252E0,1.018050075E0
3.452964362E2,3.949950218E0,8.502000809E0,-3.139500022E-1
3.452988799E2,5.022000313E0,9.301950455E0,-3.094050169E0
3.453013235E2,6.052050114E0,9.418950081E0,-6.867000103E0
3.453037669E2,4.528950214E0,9.295050621E0,-8.677050591E0
3.453062106E2,2.515950203E0,9.057000160E0,-6.264000416E0
3.453086542E2,1.426050067E0,8.386950493E0,-9.970500469E-1
3.453110979E2,1.582050085E0,7.819950581E0,2.308950186E0
3.453135414E2,2.428950071E0,7.030050278E0,1.417950034E0
3.453159851E2,4.444950104E0,6.156000137E0,-1.423050046E0
3.453184287E2,6.130950451E0,6.028950214E0,-4.581000328E0
3.453208724E2,5.515950203E0,7.177950382E0,-5.962050438E0
3.453233159E2,3.664950132E0,8.670000076E0,-4.909050465E0
3.453257595E2,2.322000027E0,9.189000130E0,-2.596050024E0
3.453282032E2,1.737000108E0,9.286950111E0,-2.179500163E-1
3.453306466E2,2.434050083E0,8.940000534E0,4.489500225E-1
3.453330903E2,4.311000347E0,7.750050545E0,-1.777050138E0
3.453355339E2,5.547000408E0,7.189950466E0,-4.726950169E0
3.453379774E2,5.350050449E0,7.116000175E0,-5.907000065E0
3.453404211E2,4.921950340E0,6.973950386E0,-5.095950127E0
3.453428647E2,4.002000332E0,7.693050385E0,-4.056000233E0
3.453453082E2,3.238950253E0,8.377950668E0,-2.119050026E0
3.453477519E2,3.126000166E0,9.055050850E0,-1.114050031E0
3.453501955E2,3.792000294E0,8.971050262E0,-2.320950031E0
3.453526392E2,4.486050129E0,8.181000710E0,-4.585950375E0
3.453550829E2,4.558050156E0,7.578000546E0,-5.593950272E0
3.453575262E2,4.062000275E0,8.008950233E0,-4.369950294E0
3.453599699E2,3.643050194E0,8.100000381E0,-1.914000034E0
3.453624136E2,3.988050222E0,8.217000008E0,4.395000264E-2
3.453648571E2,4.234950066E0,8.398950577E0,1.009500027E-1
3.453673007E2,4.519950390E0,8.797050476E0,-1.618950129E0
3.453697444E2,5.200050354E0,9.238950729E0,-4.285950184E0
3.453721879E2,5.185050011E0,9.711000443E0,-6.391050339E0
3.453746315E2,4.480950356E0,9.703950882E0,-6.562950134E0
3.453770752E2,2.929950237E0,9.453000069E0,-4.411050320E0
3.453795186E2,2.029950142E0,9.180000305E0,-1.054050088E0
3.453819623E2,2.020050049E0,8.578950882E0,3.769500256E-1
3.453844060E2,2.716950178E0,8.143050194E0,-5.460000038E-1
3.453868496E2,4.237050056E0,7.456050396E0,-2.521950006E0
3.453892931E2,5.182950020E0,7.089000225E0,-4.083000183E0
3.453917368E2,4.953000069E0,7.827000141E0,-4.416000366E0
3.453941804E2,3.925950289E0,8.694000244E0,-3.642000198E0
3.453966239E2,2.721000195E0,8.964000702E0,-1.899000049E0
3.453990676E2,2.494050026E0,9.273000717E0,-4.789500237E-1
3.454015112E2,3.184050083E0,8.986050606E0,-8.790000677E-1
3.454039549E2,4.414050102E0,8.197950363E0,-2.767950058E0
3.454063983E2,4.642050266E0,8.004000664E0,-4.738950253E0
3.454088420E2,4.702050209E0,7.911000252E0,-5.119050026E0
3.454112857E2,4.717950344E0,7.597050190E0,-4.690950394E0
3.454137291E2,3.841950178E0,8.095050812E0,-3.367050171E0
3.454161727E2,3.220050097E0,8.269950867E0,-2.042999983E0
3.454186164E2,2.998950243E0,8.842050552E0,-1.528050065E0
3.454210601E2,3.346050262E0,8.761050224E0,-2.610000134E0
3.454235036E2,3.700950146E0,8.056950569E0,-3.963000298E0
3.454259473E2,3.741000175E0,7.543950558E0,-4.473000050E0
3.454283909E2,3.531000137E0,7.690050602E0,-3.244950056E0
3.454308343E2,3.568950176E0,7.614000320E0,-1.669050097E0
3.454332780E2,3.672000170E0,7.710000515E0,-4.770000279E-1
3.454357216E2,4.132050037E0,7.923000336E0,-2.689500153E-1
3.454381651E2,4.468950272E0,8.124000549E0,-1.948950052E0
3.454406088E2,4.611000061E0,8.500050545E0,-4.083000183E0
3.454430525E2,4.078950405E0,8.950050354E0,-5.248950481E0
3.454454961E2,4.052999973E0,8.859000206E0,-4.768050194E0
3.454479396E2,4.536000252E0,8.848950386E0,-3.877050161E0
3.454503832E2,4.026000023E0,8.875950813E0,-3.367050171E0
3.454528269E2,2.968050241E0,8.690999985E0,-3.139050245E0
3.454552706E2,2.659050226E0,8.059050560E0,-2.629050016E0
3.454577140E2,3.190950155E0,7.738050461E0,-2.248950005E0
3.454601576E2,3.076050043E0,7.522950172E0,-2.191050053E0
3.454626013E2,3.106950045E0,7.317000389E0,-2.401950121E0
3.454650448E2,3.448950052E0,7.374000549E0,-2.371050119E0
3.454674885E2,3.777000189E0,7.354950428E0,-1.875000119E0
3.454699321E2,4.297049999E0,7.812000275E0,-1.717050076E0
3.454723756E2,4.302000046E0,8.164050102E0,-2.373000145E0
3.454748193E2,3.516000271E0,8.320050240E0,-2.826000214E0
3.454772629E2,3.694050074E0,8.797050476E0,-3.034050226E0
3.454797063E2,4.156050205E0,8.872950554E0,-3.985050201E0
3.454821500E2,3.978000164E0,8.694000244E0,-4.353000164E0
3.454845936E2,3.865950108E0,7.810050488E0,-4.240950108E0
3.454870373E2,4.183950424E0,7.780950546E0,-3.451050282E0
3.454894808E2,4.736999989E0,7.720950603E0,-3.208950043E0
3.454919245E2,3.559050083E0,8.196000099E0,-3.451050282E0
3.454943681E2,3.100050211E0,8.607000351E0,-2.634000063E0
3.454968118E2,3.346050262E0,8.072999954E0,-2.092950106E0
3.454992552E2,3.615000248E0,7.927050591E0,-1.978050113E0
3.455016989E2,3.243000269E0,8.353950500E0,-1.947000146E0
3.455041425E2,3.729000092E0,7.942050457E0,-2.227050066E0
3.455065860E2,4.618050098E0,8.088000298E0,-2.625000238E0
3.455090297E2,5.269050121E0,8.521050453E0,-3.012000084E0
3.455114733E2,5.484000206E0,8.827950478E0,-3.661050081E0
3.455139170E2,4.891050339E0,9.037950516E0,-4.483050346E0
3.455163605E2,3.706050158E0,9.429000854E0,-4.186050415E0
3.455188042E2,2.875050068E0,9.286950111E0,-3.132000208E0
3.455212478E2,2.800950050E0,8.787000656E0,-1.966050148E0
3.455236912E2,3.040050030E0,8.140049934E0,-1.684050083E0
3.455261349E2,3.385050058E0,7.855950356E0,-2.529000044E0
3.455285785E2,3.238950253E0,8.348999977E0,-2.704050064E0
3.455310220E2,3.792000294E0,8.016000748E0,-3.463050127E0
3.455334657E2,3.445050240E0,8.023050308E0,-3.336000204E0
3.455359093E2,2.472000122E0,9.196050644E0,-2.272950172E0
3.455383530E2,2.743050098E0,8.815950394E0,-1.066050053E0
3.455407965E2,3.697950125E0,8.385000229E0,-9.270000458E-1
3.455432401E2,4.848000050E0,7.990050316E0,-2.038050175E0
3.455456838E2,5.022000313E0,7.566000462E0,-3.690000057E0
3.455481275E2,5.037000179E0,7.804950237E0,-4.243050098E0
3.455505709E2,4.797000408E0,7.594950199E0,-4.341000080E0
3.455530145E2,3.768000126E0,8.314949989E0,-2.992950201E0
3.455554582E2,3.148050070E0,8.008950233E0,-1.624050021E0
3.455579017E2,3.166950226E0,8.751000404E0,-1.219050050E0
3.455603454E2,3.922950268E0,8.536050797E0,-2.683950186E0
3.455627890E2,3.876000166E0,8.377950668E0,-4.578000069E0
3.455652325E2,3.664950132E0,7.840950489E0,-4.993050098E0
3.455676762E2,3.172050238E0,7.774050236E0,-3.259050131E0
3.455701199E2,3.411000252E0,7.506000519E0,-1.978050113E0
3.455725634E2,3.660000086E0,7.911000252E0,-1.030500084E-1
3.455750069E2,4.234950066E0,7.345950127E0,-2.419500053E-1
3.455774506E2,5.034000397E0,7.618950367E0,-1.231050014E0
3.455798942E2,5.358000278E0,7.755000591E0,-3.466950178E0
3.455823379E2,4.500000000E0,8.348999977E0,-4.854000092E0
3.455847814E2,3.160050154E0,8.358000755E0,-4.351050377E0
3.455872250E2,3.187950134E0,8.446949959E0,-1.936950088E0
3.455896687E2,4.021950245E0,8.646000862E0,-1.297950029E0
3.455921121E2,4.321050167E0,8.521050453E0,-2.412000179E0
3.455945558E2,4.005000114E0,8.326950073E0,-4.207050323E0
3.455969995E2,3.607050180E0,8.197950363E0,-4.477950096E0
3.455994429E2,3.174000263E0,8.299050331E0,-3.247050047E0
3.456018866E2,3.172050238E0,7.723950386E0,-2.455050230E0
3.456043302E2,3.339000225E0,7.735950470E0,-1.480050087E0
3.456067737E2,3.595050097E0,7.377000332E0,-1.216950059E0
3.456092174E2,4.144050121E0,7.261950493E0,-1.066050053E0
3.456116611E2,5.358000278E0,7.101000309E0,-2.023950100E0
3.456141047E2,5.085000038E0,7.705050468E0,-3.666000128E0
3.456165481E2,3.732000113E0,8.578950882E0,-3.385950089E0
3.456189918E2,3.619050264E0,9.199050903E0,-2.728050232E0
3.456214355E2,4.009950161E0,8.737050056E0,-2.661000013E0
3.456238791E2,4.183950424E0,8.578950882E0,-3.268950224E0
3.456263226E2,3.922950268E0,8.119050026E0,-3.040950060E0
3.456287662E2,4.515000343E0,7.822050571E0,-3.285000086E0
3.456312099E2,4.596000195E0,8.133000374E0,-3.645000219E0
3.456336536E2,3.913950205E0,8.317950249E0,-3.760050297E0
3.456360971E2,3.744000196E0,8.157000542E0,-3.417000055E0
3.456385407E2,3.673950195E0,8.428050041E0,-2.356050014E0
3.456409844E2,3.445050240E0,8.599950790E0,-1.530000091E0
3.456434278E2,3.793950081E0,8.145000458E0,-1.696050048E0
3.456458715E2,4.117050171E0,8.097000122E0,-1.909050107E0
3.456483152E2,4.624950409E0,7.887000561E0,-2.280000210E0
3.456507586E2,5.176050186E0,8.500050545E0,-3.340950251E0
3.456532023E2,4.624950409E0,8.476050377E0,-3.748050213E0
3.456556459E2,3.475950241E0,8.694000244E0,-3.052950144E0
3.456580894E2,2.836050034E0,8.671950340E0,-1.492050052E0
3.456605331E2,2.752950191E0,8.950050354E0,-7.000500560E-1
3.456629767E2,3.567000151E0,8.464050293E0,-1.806000113E0
3.456654204E2,4.768950462E0,8.242950439E0,-3.886050224E0
3.456678638E2,5.343000412E0,8.284049988E0,-5.863950253E0
3.456703075E2,4.381050110E0,8.842050552E0,-5.731950283E0
3.456727512E2,3.208050251E0,8.643000603E0,-3.979950190E0
3.456751948E2,2.821950197E0,8.452050209E0,-1.849050045E0
3.456776383E2,2.458050013E0,8.350950241E0,-1.630500108E-1
3.456800819E2,2.929950237E0,7.908000469E0,4.270500243E-1
3.456825256E2,4.773000240E0,6.775950432E0,-6.829500198E-1
3.456849691E2,6.010950089E0,6.565050125E0,-3.475050211E0
3.456874127E2,4.797000408E0,7.453050137E0,-4.762950420E0
3.456898564E2,3.946950197E0,8.218950272E0,-3.934050083E0
3.456922999E2,3.796950102E0,8.574000359E0,-2.476050138E0
3.456947435E2,3.018000126E0,9.226950645E0,-1.732050061E0
3.456971872E2,2.607000113E0,9.129000664E0,-1.936950088E0
3.456996309E2,3.427950144E0,8.334000587E0,-2.826000214E0
3.457020743E2,4.963050365E0,7.384050369E0,-4.078050137E0
3.457045180E2,4.909950256E0,7.045950413E0,-5.026050091E0
3.457069616E2,4.207950115E0,6.748950481E0,-4.882050037E0
3.457094051E2,3.756000280E0,6.895050526E0,-2.716050148E0
3.457118488E2,3.777000189E0,7.092000484E0,-7.260000110E-1
3.457142924E2,3.595050097E0,7.582950592E0,-2.539499998E-1
3.457167361E2,3.427950144E0,7.828950405E0,-6.280500293E-1
3.457191796E2,3.508950233E0,8.275050163E0,-1.882050037E0
3.457216233E2,4.455000401E0,8.497050285E0,-3.187050104E0
3.457240669E2,5.383950233E0,8.622000694E0,-5.128950119E0
3.457265106E2,4.417050362E0,8.722050667E0,-5.638950348E0
3.457289539E2,3.130950212E0,8.454000473E0,-3.987000227E0
3.457313976E2,2.437050104E0,8.442000389E0,-1.339050055E0
3.457338413E2,2.745000124E0,8.053950310E0,4.729500115E-1
3.457362848E2,3.277050257E0,7.518000126E0,-3.190500140E-1
3.457387284E2,4.419000149E0,7.267050266E0,-2.497950077E0
3.457411721E2,5.194950104E0,7.188000202E0,-4.806000233E0
3.457436156E2,4.488000393E0,7.495950222E0,-5.458950043E0
3.457460593E2,4.105050087E0,7.947000504E0,-4.585950375E0
3.457485029E2,3.196050167E0,8.629050255E0,-2.694000244E0
3.457509463E2,2.334000111E0,8.944950104E0,-5.940000415E-1
3.457533900E2,2.841000080E0,8.365950584E0,5.320500135E-1
3.457558336E2,4.567049980E0,7.923000336E0,-9.889500737E-1
3.457582773E2,4.996050358E0,7.698000431E0,-3.814950228E0
3.457607208E2,4.728000164E0,7.753050327E0,-5.151000023E0
3.457631644E2,5.214000225E0,7.633050442E0,-4.834950447E0
3.457656081E2,4.459950447E0,8.072999954E0,-3.786000252E0
3.457680516E2,2.980050087E0,8.513999939E0,-1.480050087E0
3.457704952E2,2.761950016E0,8.908950806E0,-5.269500017E-1
3.457729389E2,3.765000105E0,9.108000755E0,-1.906050086E0
3.457753826E2,4.333050251E0,8.710050583E0,-4.150050163E0
3.457778260E2,4.132050037E0,8.254950523E0,-5.320950031E0
3.457802697E2,4.026000023E0,7.935000420E0,-4.642950058E0
3.457827133E2,3.801000118E0,8.035050392E0,-2.728050232E0
3.457851568E2,3.729000092E0,8.413050652E0,-7.639500499E-1
3.457876005E2,3.949950218E0,8.017950058E0,-2.700000070E-2
3.457900441E2,4.261050224E0,7.870050430E0,-8.239500523E-1
3.457924878E2,4.905000210E0,8.361000061E0,-2.610000134E0
3.457949313E2,5.250000477E0,8.962050438E0,-4.590000153E0
3.457973750E2,4.840050220E0,9.007050514E0,-5.778000355E0
3.457998186E2,3.676950216E0,9.016950607E0,-4.906050205E0
3.458022620E2,2.266950130E0,9.055050850E0,-2.311050177E0
3.458047057E2,2.143949986E0,8.626950264E0,-2.040000111E-1
3.458071493E2,2.896050215E0,7.687950134E0,-4.080000222E-1
3.458095930E2,3.961950302E0,7.329000473E0,-2.196000099E0
3.458120365E2,5.014950275E0,6.903000355E0,-3.853050232E0
3.458144801E2,4.681950092E0,7.626000404E0,-4.807950020E0
3.458169238E2,4.018949986E0,8.173950195E0,-4.180950165E0
3.458193673E2,3.279000044E0,8.587950706E0,-2.785050154E0
3.458218110E2,2.640000105E0,8.773050308E0,-1.224000096E0
3.458242546E2,2.899050236E0,8.394000053E0,-6.880500317E-1
3.458266983E2,4.386000156E0,7.618950367E0,-1.782000065E0
3.458291417E2,5.002950191E0,7.276050568E0,-3.397950172E0
3.458315854E2,4.741950035E0,7.621050358E0,-4.545000076E0
3.458340290E2,5.203950405E0,7.243050575E0,-4.411050320E0
3.458364725E2,4.624950409E0,7.774050236E0,-3.865050077E0
3.458389162E2,3.267000198E0,8.131050110E0,-2.770950079E0
3.458413598E2,2.827050209E0,8.563950539E0,-1.672050118E0
3.458438032E2,3.636000156E0,8.478000641E0,-2.377950191E0
3.458462469E2,4.267950058E0,8.113950729E0,-3.670950174E0
3.458486906E2,4.267950058E0,7.731000423E0,-4.542000294E0
3.458511343E2,3.946950197E0,7.396050453E0,-3.937050104E0
3.458535777E2,3.777000189E0,7.783950329E0,-2.158050060E0
3.458560213E2,3.817950249E0,7.840950489E0,-7.309500575E-1
3.458584650E2,3.916050196E0,7.795950413E0,-4.080000222E-1
3.458609087E2,4.290000439E0,8.284049988E0,-1.317000031E0
3.458633522E2,4.591050148E0,8.727000237E0,-2.602950096E0
3.458657958E2,5.527950287E0,9.292050362E0,-4.641000271E0
3.458682395E2,5.197050095E0,9.120000839E0,-6.312000275E0
3.458706829E2,3.160050154E0,9.366000175E0,-5.227050304E0
3.458731266E2,1.845000029E0,8.989950180E0,-2.148000002E0
3.458755702E2,1.849950075E0,8.409000397E0,7.304999977E-2
3.458780137E2,2.745000124E0,7.450950146E0,-8.895000070E-2
3.458804574E2,4.399950027E0,6.766050339E0,-1.996950150E0
3.458829011E2,5.911050320E0,6.148050308E0,-4.156949997E0
3.458853445E2,5.559000492E0,6.952950478E0,-4.909050465E0
3.458877882E2,4.375950336E0,7.738050461E0,-4.114050388E0
3.458902318E2,3.040050030E0,8.943000793E0,-2.458950043E0
3.458926755E2,2.197050095E0,9.156000137E0,-6.210000515E-1
3.458951189E2,2.547000170E0,8.971050262E0,-4.309500158E-1
3.458975626E2,4.153050423E0,8.218950272E0,-1.969050050E0
3.459000063E2,5.251950264E0,7.528050423E0,-4.261950016E0
3.459024499E2,5.463000298E0,7.377000332E0,-5.059950352E0
3.459048934E2,5.659050465E0,6.615000248E0,-4.618950367E0
3.459073370E2,4.399950027E0,7.398000240E0,-3.493950129E0
3.459097807E2,3.543000221E0,7.366950512E0,-2.023950100E0
3.459122242E2,3.837000132E0,8.184000015E0,-1.675950050E0
3.459146679E2,4.258950233E0,8.358000755E0,-2.910000086E0
3.459171115E2,4.474050045E0,7.744950294E0,-4.732050419E0
3.459195552E2,4.369050026E0,7.827000141E0,-4.834950447E0
3.459219987E2,4.114950180E0,7.444050312E0,-3.532050133E0
3.459244423E2,4.261050224E0,7.579950333E0,-1.662000060E0
3.459268860E2,4.210950375E0,7.993950367E0,-4.909500182E-1
3.459293294E2,4.546050072E0,7.981950283E0,-3.930000067E-1
3.459317731E2,5.142000198E0,8.694000244E0,-1.722000122E0
3.459342167E2,6.052050114E0,9.333000183E0,-4.420050144E0
3.459366602E2,4.972050190E0,9.874050140E0,-6.475050449E0
3.459391039E2,2.689950228E0,9.603000641E0,-6.046050072E0
3.459415475E2,1.363950014E0,8.808000565E0,-2.296950102E0
3.459439912E2,1.159950018E0,8.076000214E0,5.989500284E-1
3.459464346E2,2.017950058E0,7.389000416E0,8.680500388E-1
3.459488783E2,4.953000069E0,6.313950062E0,-1.570950031E0
3.459513219E2,6.720000267E0,6.097950459E0,-4.324950218E0
3.459537656E2,6.334050179E0,6.582000256E0,-5.152950287E0
3.459562090E2,4.618050098E0,8.229000092E0,-5.064000130E0
3.459586527E2,3.070950031E0,9.625050545E0,-3.529950142E0
3.459610964E2,1.917000055E0,9.939000130E0,-1.438950062E0
3.459635399E2,1.693950057E0,9.493050575E0,-3.720000088E-1
3.459659835E2,2.977950096E0,8.479949951E0,-1.006049991E0
3.459684272E2,5.164050102E0,7.317000389E0,-3.577950239E0
3.459708706E2,6.058950424E0,6.457050323E0,-5.112000465E0
3.459733143E2,6.196050167E0,6.565050125E0,-4.686000347E0
3.459757580E2,4.939050198E0,7.461000443E0,-3.891000271E0
3.459782014E2,3.591000080E0,8.023050308E0,-3.181950092E0
3.459806451E2,2.781000137E0,8.854050636E0,-2.452050209E0
3.459830887E2,3.271950245E0,8.626950264E0,-2.674950123E0
3.459855324E2,4.359000206E0,7.744950294E0,-4.095000267E0
3.459879758E2,4.687050343E0,7.221000195E0,-4.392000198E0
3.459904195E2,4.792950153E0,6.673050404E0,-3.829050064E0
3.459928632E2,4.314000130E0,7.495950222E0,-1.939950109E0
3.459953068E2,4.447950363E0,8.104949951E0,-6.210000515E-1
3.459977503E2,5.808000088E0,8.773050308E0,-1.126049995E0
3.460001939E2,6.559950352E0,9.658050537E0,-4.223999977E0
3.460026376E2,5.041950226E0,1.053000069E1,-6.871950150E0
3.460050813E2,2.508000135E0,1.035300064E1,-6.622950077E0
3.460075247E2,1.084050059E0,9.192000389E0,-3.640050173E0
3.460099684E2,8.590500355E-1,7.357950211E0,1.230000034E-1
3.460124118E2,1.254000068E0,6.382950306E0,1.630950093E0
3.460148555E2,3.109050035E0,5.140050411E0,1.071000099E0
3.460172992E2,6.045000076E0,5.782050133E0,-2.301000118E0
3.460197429E2,7.057950497E0,5.907000065E0,-4.147050381E0
3.460221863E2,5.880000114E0,6.430950165E0,-5.275050163E0
3.460246300E2,4.024050236E0,9.473999977E0,-4.966050148E0
3.460270736E2,2.215950012E0,1.047000027E1,-3.280950069E0
3.460295171E2,1.108050108E0,1.008495045E1,-1.533000112E0
3.460319608E2,9.469500184E-1,8.976000786E0,-7.069500089E-1
3.460344044E2,3.102000237E0,7.674000263E0,-2.371050119E0
3.460368481E2,5.403000355E0,6.522000313E0,-4.684050083E0
3.460392916E2,7.237050533E0,5.614950180E0,-4.368000031E0
3.460417353E2,7.524000168E0,6.181950092E0,-4.162050247E0
3.460441789E2,5.524950027E0,7.630050182E0,-4.789050102E0
3.460466226E2,3.166950226E0,8.986050606E0,-4.222050190E0
3.460490660E2,2.049000025E0,9.460050583E0,-3.336000204E0
3.460515096E2,2.668950081E0,9.229950905E0,-3.597000122E0
3.460539533E2,4.189050198E0,7.996950150E0,-4.186050415E0
3.460563968E2,5.508000374E0,7.438950539E0,-4.474950314E0
3.460588405E2,6.054000378E0,7.053000450E0,-3.787950277E0
3.460612841E2,4.884000301E0,7.501050472E0,-2.164950132E0
3.460637276E2,4.387950420E0,8.143050194E0,-9.490500689E-1
3.460661713E2,3.990000248E0,8.550000191E0,-4.890000224E-1
3.460686149E2,3.315000057E0,9.057000160E0,-1.413000107E0
3.460710586E2,2.455950022E0,9.655950546E0,-2.421000004E0
3.460735020E2,1.740000129E0,9.091050148E0,-2.613000154E0
3.460759457E2,1.873950124E0,7.948950291E0,-2.272950172E0
3.460783893E2,3.289050102E0,6.514950275E0,-2.160000086E0
3.460808328E2,4.543950081E0,7.171050549E0,-2.493000031E0
3.460832764E2,5.887050152E0,7.297950268E0,-3.678000212E0
3.460857201E2,6.130950451E0,7.507950306E0,-4.720050335E0
3.460881638E2,5.026950359E0,7.966050148E0,-4.981050014E0
3.460906073E2,4.072050095E0,8.719950676E0,-5.076000214E0
3.460930509E2,2.749950171E0,9.073950768E0,-4.039950371E0
3.460954946E2,1.981950045E0,8.464050293E0,-2.869050026E0
3.460979380E2,2.223000050E0,8.053950310E0,-1.693050027E0
3.461003817E2,3.114000082E0,7.599000454E0,-2.134050131E0
3.461028253E2,4.294950008E0,6.723000526E0,-2.704050064E0
3.461052690E2,5.494050026E0,7.075050354E0,-3.361950159E0
3.461077125E2,5.145000458E0,8.208000183E0,-4.423050404E0
3.461101562E2,3.586050272E0,8.974050522E0,-4.870050430E0
3.461125998E2,2.389050007E0,9.304050446E0,-4.108950138E0
3.461150433E2,2.293050051E0,8.788949966E0,-3.427050114E0
3.461174870E2,3.877950191E0,7.968000412E0,-3.757050276E0
3.461199306E2,4.680000305E0,7.465050220E0,-4.444050312E0
3.461223740E2,6.543000221E0,7.336050510E0,-4.212000370E0
3.461248177E2,8.025000572E0,7.582950592E0,-4.795950413E0
3.461272614E2,5.971050262E0,8.530950546E0,-4.708050251E0
3.461297050E2,4.402050018E0,9.522000313E0,-4.798950195E0
3.461321485E2,3.355950117E0,9.805050850E0,-3.606000185E0
3.461345921E2,1.627050042E0,9.511950493E0,-2.899950027E0
3.461370358E2,8.710500598E-1,8.677050591E0,-6.490500569E-1
3.461394795E2,9.900000691E-1,7.000950336E0,-1.469999999E-1
3.461419230E2,9.469500184E-1,5.659950256E0,1.177050114E0
3.461443666E2,3.187950134E0,5.500050068E0,-2.830500007E-1
3.461468103E2,6.412950516E0,5.773050308E0,-2.670000076E0
3.461492537E2,7.318950176E0,7.767000198E0,-5.437950134E0
3.461516974E2,4.921950340E0,9.298950195E0,-6.901050091E0
3.461541411E2,2.805000067E0,1.051095009E1,-5.968950272E0
3.461565845E2,1.744950056E0,1.048395061E1,-4.459050179E0
3.461590282E2,1.833000064E0,1.000800037E1,-3.901050091E0
3.461614718E2,2.880000114E0,8.968950272E0,-4.606950283E0
3.461639153E2,3.514050245E0,6.874050140E0,-4.525950432E0
3.461663590E2,4.330049992E0,5.065950394E0,-3.229950190E0
3.461688026E2,6.508950233E0,5.581050396E0,-2.707950115E0
3.461712463E2,6.367950439E0,6.352050304E0,-3.316950083E0
3.461736900E2,2.773950100E0,8.305950165E0,-3.508050203E0
3.461761334E2,7.489500642E-1,8.623950005E0,-2.140950203E0
3.461785770E2,1.399950027E0,9.031050682E0,-2.617050171E0
3.461810207E2,3.628950119E0,8.806050301E0,-5.361000061E0
3.461834642E2,5.341050148E0,9.283050537E0,-5.698950291E0
3.461859078E2,7.144050121E0,9.297000885E0,-7.750950336E0
3.461883515E2,6.208050251E0,9.900000572E0,-6.963000298E0
3.461907950E2,5.331000328E0,9.286950111E0,-5.893050194E0
3.461932387E2,4.663050175E0,8.883000374E0,-4.545000076E0
3.461956823E2,1.498050094E0,9.049950600E0,-3.130050182E0
3.461981260E2,2.719500065E-1,7.747950554E0,9.799500704E-1
3.462005695E2,-2.269500047E-1,5.818050385E0,3.286050081E0
3.462030132E2,6.670500040E-1,5.686050415E0,2.259000063E0
3.462054568E2,3.976050138E0,4.981950283E0,-1.018050075E0
3.462079002E2,6.174000263E0,6.505050182E0,-4.768050194E0
3.462103439E2,5.947050095E0,8.341950417E0,-6.633000374E0
3.462127875E2,4.239000320E0,1.042200089E1,-6.429000378E0
3.462152312E2,2.784000158E0,1.117605019E1,-5.425950050E0
3.462176747E2,1.972050071E0,1.106400013E1,-4.866000175E0
3.462201183E2,2.929950237E0,1.069500065E1,-4.399050236E0
3.462225620E2,3.811050177E0,8.406000137E0,-4.948950291E0
3.462250054E2,3.661950111E0,6.618000507E0,-5.151000023E0
3.462274491E2,5.242950439E0,4.795950413E0,-4.849050045E0
3.462298927E2,5.488950253E0,4.927050114E0,-5.590950489E0
3.462323364E2,2.113049984E0,6.091050148E0,-3.754950285E0
3.462347799E2,7.459500432E-1,8.221950531E0,-1.420500129E-1
3.462372235E2,2.710050106E0,8.797050476E0,-1.210050106E0
3.462396672E2,3.580950260E0,1.063800049E1,-2.986050129E0
3.462421107E2,4.255949974E0,1.107600021E1,-7.078050137E0
3.462445543E2,5.247000217E0,1.163595009E1,-9.606000900E0
3.462469980E2,4.680000305E0,1.157595062E1,-9.465000153E0
3.462494414E2,4.171950340E0,1.105695057E1,-6.525000095E0
3.462518851E2,2.980050087E0,7.872000217E0,-4.408050060E0
3.462543288E2,9.570000172E-1,5.598000050E0,-1.920000017E-1
3.462567724E2,6.599999964E-2,4.816950321E0,4.891950130E0
3.462592159E2,3.495000124E0,3.627000093E0,4.189050198E0
3.462616596E2,7.243950367E0,4.183050156E0,-1.234050035E0
3.462641032E2,6.853950500E0,4.663950443E0,-4.389000416E0
3.462665469E2,4.953000069E0,7.863000393E0,-5.260950089E0
3.462689903E2,3.066000223E0,1.081305027E1,-6.274050236E0
3.462714340E2,1.357050061E0,1.232595062E1,-5.581950188E0
3.462738776E2,9.310500622E-1,1.298400021E1,-5.151000023E0
3.462763211E2,2.905950069E0,1.144500065E1,-4.993050098E0
3.462787647E2,4.254000187E0,8.602950096E0,-4.935000420E0
3.462812084E2,5.499000072E0,6.658050537E0,-4.915950298E0
3.462836519E2,5.902950287E0,3.949950218E0,-5.871000290E0
3.462860956E2,3.172050238E0,3.939000130E0,-3.937050104E0
3.462885392E2,2.242950201E0,5.185950279E0,-8.670000434E-1
3.462909826E2,4.479000092E0,7.108950138E0,-1.813050032E0
3.462934263E2,5.749950409E0,9.024000168E0,-5.383050442E0
3.462958700E2,4.639050007E0,1.071900082E1,-6.055950165E0
3.462983136E2,2.992050171E0,1.256805038E1,-6.766950130E0
3.463007571E2,2.074949980E0,1.301805019E1,-8.059950829E0
3.463032008E2,1.704000115E0,1.249305058E1,-7.588050365E0
3.463056444E2,2.959500253E-1,9.831000328E0,-4.150050163E0
3.463080881E2,-4.519500136E-1,6.613050461E0,4.699500203E-1
3.463105316E2,6.105000153E-2,4.361999989E0,4.612050056E0
3.463129752E2,4.732950211E0,3.112050056E0,3.223950148E0
3.463154189E2,8.518050194E0,4.164000034E0,-3.028950214E0
3.463178623E2,7.732950211E0,4.342950344E0,-4.269000053E0
3.463203060E2,5.371950150E0,6.888000488E0,-5.028000355E0
3.463227496E2,3.130950212E0,9.997950554E0,-6.123000145E0
3.463251933E2,1.903050065E0,1.230195045E1,-4.825050354E0
3.463276368E2,9.859500527E-1,1.289595032E1,-4.948950291E0
3.463300805E2,2.154000044E0,1.052505016E1,-4.708050251E0
3.463325241E2,4.951050282E0,8.329950333E0,-5.023950100E0
3.463349676E2,6.945000172E0,6.072000504E0,-6.802950382E0
3.463374113E2,4.374000072E0,4.153950214E0,-5.814000130E0
3.463398549E2,2.341050148E0,4.927050114E0,-8.790000677E-1
3.463422983E2,4.893000126E0,5.547000408E0,5.950500369E-1
3.463447420E2,6.760950089E0,7.954050541E0,-3.376050234E0
3.463471856E2,4.756950378E0,9.898050308E0,-7.099950314E0
3.463496293E2,2.974950075E0,1.076505089E1,-6.703950405E0
3.463520728E2,2.155950069E0,1.295100021E1,-7.327050209E0
3.463545165E2,1.314000010E0,1.351305103E1,-7.822950363E0
3.463569601E2,1.020000055E-1,1.153305054E1,-5.992950439E0
3.463594038E2,-1.633050084E0,7.288050175E0,-1.210050106E0
3.463618473E2,-1.270950079E0,4.851000309E0,4.260000229E0
3.463642909E2,2.407950163E0,4.314000130E0,3.556050062E0
3.463667346E2,8.371950150E0,4.372050285E0,-1.411050081E0
3.463691780E2,8.389050484E0,4.513050079E0,-3.919950247E0
3.463716217E2,5.920050144E0,6.259050369E0,-3.405000210E0
3.463740654E2,4.069050312E0,9.934050560E0,-4.558950424E0
3.463765088E2,2.584950209E0,1.132500076E1,-4.960950375E0
3.463789525E2,2.331000090E0,1.197105026E1,-6.096000195E0
3.463813962E2,2.379000187E0,1.060395050E1,-5.091000080E0
3.463838396E2,5.410050392E0,8.229000092E0,-4.978050232E0
3.463862832E2,6.544950485E0,5.433000088E0,-6.745050430E0
3.463887269E2,3.892050266E0,4.222949982E0,-4.842000008E0
3.463911706E2,4.219950199E0,5.028000355E0,-1.552050114E0
3.463936140E2,6.484950542E0,5.677050114E0,-8.770500422E-1
3.463960577E2,6.817950249E0,7.944000244E0,-4.210050106E0
3.463985013E2,4.036050320E0,1.018500042E1,-6.159000397E0
3.464009450E2,3.009000063E0,1.097100067E1,-6.163050175E0
3.464033885E2,2.688000202E0,1.209600067E1,-7.344000340E0
3.464058321E2,9.829500318E-1,1.218405056E1,-7.096950531E0
3.464082758E2,-1.234950066E0,9.900000572E0,-3.952950239E0
3.464107193E2,-2.571000099E0,5.764950275E0,3.247950077E0
3.464131629E2,-1.246950030E0,5.502000332E0,4.540050030E0
3.464156066E2,5.653950214E0,4.851000309E0,1.636050105E0
3.464180500E2,9.876000404E0,4.438950062E0,-4.305000305E0
3.464204937E2,8.038949966E0,4.072950363E0,-4.213950157E0
3.464229373E2,5.587050438E0,7.798050404E0,-3.757050276E0
3.464253810E2,3.829950094E0,1.076895046E1,-4.272000313E0
3.464278245E2,3.318000078E0,1.125795078E1,-4.485000134E0
3.464302682E2,3.331950188E0,1.082205009E1,-5.352000237E0
3.464327118E2,5.311950207E0,9.259050369E0,-5.668050289E0
3.464351555E2,6.066000462E0,6.259050369E0,-7.023000240E0
3.464375989E2,3.346050262E0,5.023050308E0,-4.660050392E0
3.464400426E2,4.287000179E0,4.615950108E0,-1.044000030E0
3.464424862E2,7.282950401E0,5.928000450E0,-1.831950068E0
3.464449297E2,7.443000317E0,7.707000256E0,-3.915000200E0
3.464473733E2,5.101050377E0,1.058505058E1,-5.317950249E0
3.464498170E2,4.072050095E0,1.101105022E1,-6.628050327E0
3.464522607E2,3.037950039E0,1.252695084E1,-7.267050266E0
3.464547042E2,9.880500436E-1,1.294800091E1,-7.116000175E0
3.464571478E2,-6.529500484E-1,1.083195019E1,-3.666000128E0
3.464595915E2,-2.274000168E0,7.164000511E0,3.549000263E0
3.464620350E2,-2.490000010E0,5.161950111E0,3.310050249E0
3.464644786E2,2.227950096E0,5.479950428E0,1.186050057E0
3.464669223E2,8.772000313E0,5.119050026E0,-1.630950093E0
3.464693657E2,8.072999954E0,4.798050404E0,-3.063000202E0
3.464718094E2,7.467000484E0,7.293000221E0,-4.018050194E0
3.464742530E2,4.795050144E0,1.098000050E1,-2.854050159E0
3.464766967E2,3.363000154E0,1.142295074E1,-3.934050083E0
3.464791402E2,2.619000196E0,1.125105095E1,-4.413000107E0
3.464815839E2,5.214000225E0,9.048000336E0,-6.136950493E0
3.464840275E2,5.745000362E0,5.425050259E0,-7.188000202E0
3.464864712E2,3.138000250E0,4.504050255E0,-4.339050293E0
3.464889146E2,4.833000183E0,3.934050083E0,-1.080000043E0
3.464913582E2,8.785950661E0,5.184000015E0,-2.485950232E0
3.464938019E2,8.677950859E0,6.603000164E0,-5.002050400E0
3.464962454E2,5.425050259E0,9.493050575E0,-6.115050316E0
3.464986890E2,3.919050217E0,1.018500042E1,-7.047000408E0
3.465011327E2,2.698050022E0,1.104195023E1,-6.472050190E0
3.465035762E2,1.158000112E0,1.006305027E1,-5.670000076E0
3.465060199E2,-6.100500226E-1,9.309000015E0,-9.390000701E-1
3.465084635E2,-2.095050097E0,5.518950462E0,5.167950153E0
3.465109069E2,-1.411950111E0,5.047050476E0,3.055950165E0
3.465133506E2,5.857950211E0,5.179050446E0,1.873050094E0
3.465157943E2,9.552000046E0,4.285950184E0,-4.474950314E0
3.465182380E2,7.953000546E0,4.768950462E0,-5.280000210E0
3.465206814E2,4.736999989E0,9.131999969E0,-4.118999958E0
3.465231251E2,3.082950115E0,1.055895042E1,-2.761050224E0
3.465255687E2,3.057000160E0,1.063095093E1,-2.962050200E0
3.465280124E2,5.010000229E0,9.565050125E0,-4.770000458E0
3.465304559E2,7.345050335E0,6.904950142E0,-8.006999969E0
3.465328995E2,4.872000217E0,5.149950027E0,-6.810000420E0
3.465353432E2,3.801000118E0,4.209000111E0,-2.304000139E0
3.465377866E2,6.895050526E0,5.173950195E0,-9.510000348E-1
3.465402303E2,8.334000587E0,7.176000118E0,-3.136950254E0
3.465426739E2,6.940050125E0,8.512050629E0,-4.830000401E0
3.465451176E2,5.176050186E0,9.814050674E0,-5.614950180E0
3.465475611E2,4.612950325E0,1.114995098E1,-7.384050369E0
3.465500047E2,2.953950167E0,1.212195015E1,-7.293000221E0
3.465524484E2,4.350000322E-1,1.070700073E1,-4.891950130E0
3.465548919E2,-5.890500546E-1,7.659000397E0,1.332000017E0
3.465573355E2,-6.649500132E-1,5.346000195E0,4.179000378E0
3.465597792E2,1.132050037E0,6.133950233E0,1.765950084E0
3.465622226E2,6.451950073E0,6.168000221E0,1.768050075E0
3.465646663E2,7.651050568E0,4.591950417E0,-3.408000231E0
3.465671099E2,8.692950249E0,5.752950191E0,-4.186050415E0
3.465695536E2,6.378000259E0,9.514950752E0,-3.931950092E0
3.465719971E2,4.546050072E0,1.185405064E1,-2.998050213E0
3.465744407E2,3.322050095E0,1.147605038E1,-3.408000231E0
3.465768844E2,4.528950214E0,9.805050850E0,-4.044000149E0
3.465793281E2,5.602050304E0,6.670050144E0,-5.035950184E0
3.465817715E2,4.668000221E0,4.587000370E0,-3.634950161E0
3.465842152E2,6.607050419E0,4.249950409E0,-2.452050209E0
3.465866589E2,8.688000679E0,6.220050335E0,-3.565950155E0
3.465891023E2,7.969950199E0,7.555950165E0,-4.879950047E0
3.465915459E2,6.265050411E0,9.088950157E0,-5.803950310E0
3.465939896E2,5.227950096E0,9.964950562E0,-5.947950363E0
3.465964331E2,4.906949997E0,1.122405052E1,-6.561000347E0
3.465988768E2,3.303000212E0,1.112100029E1,-6.640050411E0
3.466013205E2,1.230000019E0,9.369000435E0,-2.818950176E0
3.466037641E2,2.869500220E-1,6.169950485E0,3.451050282E0
3.466062076E2,1.500000119E0,5.779950142E0,4.914000034E0
3.466086513E2,6.379950523E0,6.601050377E0,1.228950024E0
3.466110949E2,8.365050316E0,4.153950214E0,-3.388050079E0
3.466135383E2,7.738050461E0,5.286000252E0,-5.509950161E0
3.466159820E2,4.921950340E0,8.647950172E0,-4.035000324E0
3.466184256E2,3.325050116E0,1.053195095E1,-1.590000033E0
3.466208693E2,3.624000072E0,1.076505089E1,-1.963950038E0
3.466233128E2,5.532000065E0,9.297000885E0,-3.879000187E0
3.466257564E2,7.963050365E0,7.567950249E0,-7.240950108E0
3.466282001E2,5.319000244E0,5.707950115E0,-6.360000134E0
3.466306436E2,4.552950382E0,4.563000202E0,-2.509950161E0
3.466330872E2,8.085000038E0,5.971050262E0,-2.392050028E0
3.466355309E2,7.879050255E0,7.606950283E0,-3.561000109E0
3.466379743E2,5.394000053E0,8.943000793E0,-4.878000259E0
3.466404180E2,4.393050194E0,9.532050133E0,-4.075950146E0
3.466428617E2,5.689950466E0,9.964950562E0,-5.719950199E0
3.466453053E2,4.488000393E0,1.114800072E1,-8.005050659E0
3.466477488E2,1.510050058E0,1.002705002E1,-5.656050205E0
3.466501925E2,-8.595000207E-2,7.398000240E0,3.220500052E-1
3.466526361E2,4.180500209E-1,5.820000172E0,3.786000252E0
3.466550796E2,2.848050117E0,7.618950367E0,3.087000132E0
3.466575232E2,5.764950275E0,6.189000130E0,-3.400500119E-1
3.466599669E2,6.793950558E0,4.939050198E0,-3.930000305E0
3.466624106E2,5.680950165E0,7.161000252E0,-5.419050217E0
3.466648543E2,3.957000256E0,8.868000031E0,-3.400050163E0
3.466672977E2,3.868050098E0,1.037205029E1,-3.240000248E0
3.466697413E2,4.663050175E0,9.694050789E0,-4.750950336E0
3.466721850E2,5.959050179E0,9.277950287E0,-6.501000404E0
3.466746285E2,4.984050274E0,6.579000473E0,-7.327050209E0
3.466770721E2,3.658050060E0,4.662000179E0,-3.831000090E0
3.466795158E2,6.909000397E0,4.305000305E0,-2.428050041E0
3.466819593E2,9.303000450E0,5.218950272E0,-4.420050144E0
3.466844029E2,7.153050423E0,6.400050163E0,-4.248000145E0
3.466868466E2,5.367000103E0,7.069950104E0,-4.200000286E0
3.466892900E2,5.767050266E0,8.008950233E0,-5.136000156E0
3.466917337E2,5.176050186E0,9.595950127E0,-6.676050186E0
3.466941773E2,1.813950062E0,1.001505089E1,-5.407050133E0
3.466966210E2,2.070000172E-1,8.287050247E0,-1.653000116E0
3.466990645E2,0.000000000E0,6.354000092E0,3.259950161E0
3.467015082E2,9.469500184E-1,6.499950409E0,3.886950254E0
3.467039518E2,5.224050045E0,6.924000263E0,1.381950021E0
3.467063955E2,6.259950161E0,5.386950493E0,-2.926050186E0
3.467088389E2,5.761950493E0,6.072000504E0,-4.425000191E0
3.467112826E2,4.443000317E0,8.533050537E0,-3.748050213E0
3.467137262E2,3.367950201E0,1.004595089E1,-2.650950193E0
3.467161697E2,4.378050327E0,1.003395081E1,-3.465000153E0
3.467186133E2,6.511950493E0,9.124950409E0,-5.509950161E0
3.467210570E2,6.066000462E0,7.353000164E0,-7.416000366E0
3.467235005E2,3.852000237E0,5.173950195E0,-3.235050201E0
3.467259442E2,5.902950287E0,4.810050011E0,-1.174050093E0
3.467283879E2,9.021000862E0,5.313000202E0,-3.913050175E0
3.467308315E2,8.191950798E0,6.679950237E0,-4.753050327E0
3.467332749E2,5.386050224E0,8.647950172E0,-5.248950481E0
3.467357186E2,5.068050385E0,9.073950768E0,-5.044950008E0
3.467381623E2,5.238000393E0,9.916950226E0,-6.151050091E0
3.467406057E2,2.203950167E0,1.052505016E1,-6.525000095E0
3.467430494E2,3.769500256E-1,9.342000008E0,-2.974050045E0
3.467454930E2,-2.400000021E-2,7.144050121E0,2.635050058E0
3.467479367E2,-3.690000176E-1,6.898050308E0,3.718950272E0
3.467503802E2,2.154000044E0,7.546950340E0,2.326050043E0
3.467528239E2,5.914950371E0,6.337950230E0,-2.092950106E0
3.467552675E2,6.184050083E0,6.040950298E0,-4.813050270E0
3.467577110E2,4.969950199E0,7.609050274E0,-4.597949982E0
3.467601546E2,3.727050066E0,9.840000153E0,-3.420000076E0
3.467625983E2,4.347000122E0,1.022100067E1,-3.610950232E0
3.467650417E2,5.695050240E0,9.763950348E0,-5.112000465E0
3.467674854E2,5.994000435E0,8.302950859E0,-7.726950169E0
3.467699291E2,3.124050140E0,5.385000229E0,-4.471050262E0
3.467723727E2,4.845000267E0,4.875000000E0,-2.040000200E0
3.467748162E2,8.455950737E0,5.337000370E0,-3.610950232E0
3.467772599E2,8.128050804E0,7.045950413E0,-4.984950066E0
3.467797035E2,5.700000286E0,8.028000832E0,-6.232950211E0
3.467821470E2,4.588950157E0,8.380050659E0,-5.530950069E0
3.467845907E2,5.155950069E0,8.851950645E0,-6.625050545E0
3.467870343E2,2.869950056E0,1.024005032E1,-6.592050076E0
3.467894780E2,3.319500089E-1,9.598950386E0,-3.151050091E0
3.467919214E2,-7.399500608E-1,7.710000515E0,2.410050154E0
3.467943651E2,-8.740500212E-1,5.583000183E0,4.617000103E0
3.467968087E2,3.447000265E0,6.474000454E0,2.431050062E0
3.467992524E2,8.310000420E0,6.109950066E0,-2.701050043E0
3.468016959E2,6.583050251E0,5.149950027E0,-4.513950348E0
3.468041395E2,4.426050186E0,7.495950222E0,-3.393000126E0
3.468065832E2,3.412950277E0,9.031050682E0,-2.550000191E0
3.468090267E2,4.275000095E0,1.042200089E1,-3.202050209E0
3.468114703E2,5.686050415E0,9.028950691E0,-5.517000198E0
3.468139140E2,5.419950485E0,7.840950489E0,-7.720050335E0
3.468163574E2,3.709950209E0,5.497050285E0,-5.847000122E0
3.468188011E2,4.752000332E0,4.104000092E0,-2.758950233E0
3.468212447E2,7.816950321E0,4.819950104E0,-3.682950258E0
3.468236882E2,6.981000423E0,6.703950405E0,-4.427999973E0
3.468261319E2,4.680000305E0,7.699950218E0,-4.513950348E0
3.468285756E2,3.354000092E0,7.744950294E0,-3.673050165E0
3.468310192E2,4.194000244E0,8.847000122E0,-4.507050037E0
3.468334627E2,3.277050257E0,1.034805012E1,-5.758950233E0
3.468359064E2,6.430500150E-1,1.036695004E1,-4.851000309E0
3.468383500E2,-7.159500122E-1,8.971050262E0,-1.593000054E0
3.468407937E2,-7.230000496E-1,6.511950493E0,1.042050004E0
3.468432371E2,3.222000122E0,6.735000134E0,-5.989500284E-1
3.468456807E2,7.153050423E0,7.561050415E0,-4.480050087E0
3.468481244E2,6.030000210E0,7.305000305E0,-5.584050179E0
3.468505679E2,3.066000223E0,7.626000404E0,-3.328950167E0
3.468530116E2,1.171950102E0,9.318000793E0,-9.105000645E-2
3.468554552E2,3.114000082E0,1.003395081E1,-1.096950054E0
3.468578989E2,5.980050087E0,9.076950073E0,-5.803950310E0
3.468603423E2,4.948050022E0,8.004000664E0,-7.558950424E0
3.468627860E2,3.958950281E0,6.232050419E0,-5.658000469E0
3.468652297E2,4.488000393E0,4.513050079E0,-3.582000256E0
3.468676731E2,5.233050346E0,5.389050484E0,-1.741050124E0
3.468701168E2,5.245050430E0,7.879950523E0,-1.717050076E0
3.468725604E2,4.801950455E0,7.882050514E0,-2.586000204E0
3.468750041E2,3.703050137E0,8.698050499E0,-3.592050076E0
3.468774476E2,2.604000092E0,8.962050438E0,-4.099050045E0
3.468798913E2,3.018000126E0,9.805050850E0,-4.107000351E0
3.468823349E2,3.109050035E0,1.123605061E1,-4.486950397E0
3.468847786E2,2.599050045E0,9.964950562E0,-4.320000172E0
3.468872220E2,1.945950150E0,7.389000416E0,-2.601000071E0
3.468896656E2,2.020050049E0,6.637050152E0,3.220500052E-1
3.468921093E2,3.291000128E0,7.240050316E0,1.138050079E0
3.468945528E2,5.190000057E0,7.321950436E0,-9.610500336E-1
3.468969964E2,6.322050095E0,6.900000095E0,-3.522000074E0
3.468994401E2,5.524950027E0,7.542000294E0,-4.621050358E0
3.469018836E2,3.789000273E0,8.868000031E0,-4.201950073E0
3.469043273E2,2.254950047E0,9.517050743E0,-3.477000237E0
3.469067709E2,2.251950026E0,9.457050323E0,-2.826000214E0
3.469092143E2,3.531000137E0,8.822999954E0,-2.806950092E0
3.469116580E2,5.128050327E0,7.828950405E0,-3.216000080E0
3.469141016E2,5.511000156E0,7.513050556E0,-3.610950232E0
3.469165453E2,4.432950020E0,7.590000153E0,-3.412050247E0
3.469189888E2,2.980050087E0,8.101950645E0,-2.127000093E0
3.469214324E2,2.535000086E0,8.962050438E0,-1.083000064E0
3.469238761E2,3.412950277E0,8.779950142E0,-1.954050064E0
3.469263198E2,3.540000200E0,8.992950439E0,-4.399050236E0
3.469287632E2,2.640000105E0,8.563950539E0,-4.995000362E0
3.469312069E2,2.680950165E0,8.164050102E0,-3.586950064E0
3.469336505E2,3.982950211E0,7.645050526E0,-1.549950123E0
3.469360940E2,4.957950115E0,7.582950592E0,-8.340000510E-1
3.469385377E2,5.899050236E0,8.023050308E0,-1.269000053E0
3.469409813E2,4.876049995E0,7.969950199E0,-3.132000208E0
3.469434248E2,2.686050177E0,8.026050568E0,-2.742000103E0
3.469458685E2,2.602050066E0,7.417050362E0,-1.462950110E0
3.469483121E2,3.175950050E0,7.743000507E0,-1.617000103E0
3.469507558E2,4.066950321E0,7.915050507E0,-2.383050203E0
3.469531992E2,4.929000378E0,7.930050373E0,-3.120000124E0
3.469556429E2,5.281050205E0,8.052000046E0,-4.188000202E0
3.469580866E2,4.189050198E0,8.253000259E0,-4.720050335E0
3.469605300E2,3.105000257E0,8.844000816E0,-4.368000031E0
3.469629737E2,2.560950041E0,9.406949997E0,-3.012000084E0
3.469654173E2,2.413050175E0,9.244050026E0,-1.393950105E0
3.469678610E2,3.684000254E0,8.373000145E0,-1.462950110E0
3.469703045E2,5.037000179E0,7.710000515E0,-2.886000156E0
3.469727481E2,5.190000057E0,7.566000462E0,-3.915000200E0
3.469751918E2,3.772950172E0,7.389000416E0,-3.679950237E0
3.469776352E2,2.506050110E0,7.525050163E0,-1.744050026E0
3.469800789E2,3.471000195E0,7.750050545E0,-8.550000191E-1
3.469825225E2,4.989000320E0,8.322000504E0,-1.762950063E0
3.469849662E2,5.058000088E0,8.682000160E0,-4.234050274E0
3.469874097E2,4.290000439E0,9.001950264E0,-5.838000298E0
3.469898534E2,3.787050247E0,9.366000175E0,-5.256000042E0
3.469922970E2,2.767050028E0,9.168000221E0,-3.625050068E0
3.469947405E2,3.199950218E0,9.127050400E0,-1.212000012E0
3.469971841E2,4.038000107E0,8.740950584E0,-4.000500143E-1
3.469996278E2,4.339950085E0,8.502000809E0,-9.079500437E-1
3.470020712E2,4.420950413E0,7.590000153E0,-2.593050241E0
3.470045149E2,3.532950163E0,7.429050446E0,-3.100950241E0
3.470069586E2,2.740950108E0,7.846050262E0,-2.500050068E0
3.470094022E2,2.580000162E0,8.317950249E0,-1.545000076E0
3.470118459E2,3.955050230E0,8.125950813E0,-1.408050060E0
3.470142894E2,5.755050182E0,8.272050858E0,-3.058050156E0
3.470167330E2,5.875050068E0,8.353950500E0,-4.328999996E0
3.470191767E2,5.110950470E0,8.595000267E0,-4.933050156E0
3.470216201E2,4.038000107E0,9.108000755E0,-4.042050362E0
3.470240638E2,2.767050028E0,9.060000420E0,-1.744050026E0
3.470265075E2,2.668950081E0,8.566950798E0,8.505000174E-2
3.470289509E2,4.090950012E0,7.992000580E0,-5.595000088E-2
3.470313946E2,5.233050346E0,7.429050446E0,-1.744050026E0
3.470338382E2,5.338050365E0,7.762050152E0,-3.333000183E0
3.470362817E2,4.077000141E0,7.662000179E0,-4.123050213E0
3.470387254E2,2.331000090E0,8.574000359E0,-2.962050200E0
3.470411690E2,1.876050115E0,8.425050735E0,-1.312950015E0
3.470436127E2,3.235950232E0,8.617050171E0,-1.095000029E0
3.470460562E2,5.391000271E0,8.362950325E0,-2.883000135E0
3.470484998E2,5.491950035E0,8.085000038E0,-5.011950016E0
3.470509435E2,5.230950356E0,8.559000015E0,-5.572050095E0
3.470533872E2,3.955050230E0,8.587950706E0,-4.588050365E0
3.470558306E2,3.093000174E0,8.758049965E0,-2.317950010E0
3.470582742E2,3.013950109E0,8.703000069E0,-7.279500365E-1
3.470607179E2,3.460950136E0,8.409000397E0,-3.430500031E-1
3.470631614E2,4.243950367E0,7.858050346E0,-1.732050061E0
3.470656050E2,3.949950218E0,7.297950268E0,-2.682000160E0
3.470680487E2,3.010950089E0,7.159050465E0,-2.124000072E0
3.470704922E2,2.242950201E0,7.222950459E0,-7.330500484E-1
3.470729358E2,2.353049994E0,7.495950222E0,3.270000219E-1
3.470753795E2,3.600000143E0,7.828950405E0,-7.279500365E-1
3.470778232E2,5.488950253E0,7.779000282E0,-2.955000162E0
3.470802666E2,6.112050056E0,7.771950245E0,-5.176950455E0
3.470827103E2,4.821000099E0,8.562000275E0,-5.401950359E0
3.470851539E2,3.892050266E0,9.180000305E0,-4.485000134E0
3.470875974E2,2.877000093E0,9.067049980E0,-2.421000004E0
3.470900411E2,2.470050097E0,8.836950302E0,-5.509500504E-1
3.470924847E2,3.556950092E0,8.476050377E0,-3.640500307E-1
3.470949284E2,4.893000126E0,7.483950138E0,-1.650000095E0
3.470973718E2,4.857000351E0,7.480050564E0,-3.181950092E0
3.470998155E2,4.002000332E0,8.121000290E0,-3.015000105E0
3.471022592E2,3.199950218E0,8.416049957E0,-2.923950195E0
3.471047026E2,1.615050077E0,8.967000008E0,-1.867950082E0
3.471071463E2,1.606050134E0,9.115050316E0,-1.435050011E0
3.471095899E2,3.370050192E0,8.785050392E0,-2.014050007E0
3.471120336E2,5.583000183E0,8.527950287E0,-4.102050304E0
3.471144771E2,5.728950500E0,8.413050652E0,-5.275050163E0
3.471169208E2,4.918950081E0,8.854050636E0,-5.059950352E0
3.471193644E2,3.837000132E0,8.727000237E0,-3.943950176E0
3.471218079E2,3.042000055E0,9.036000252E0,-2.244000196E0
3.471242515E2,2.784000158E0,9.105000496E0,-1.165950060E0
3.471266952E2,3.331950188E0,8.551950455E0,-1.471050024E0
3.471291386E2,3.861000299E0,8.020950317E0,-2.560050011E0
3.471315823E2,3.222000122E0,7.906050205E0,-2.778000116E0
3.471340260E2,2.548950195E0,7.662000179E0,-2.031000137E0
3.471364696E2,2.106000185E0,7.438950539E0,-1.039950013E0
3.471389133E2,2.353049994E0,7.567950249E0,-1.729500145E-1
3.471413568E2,3.574050188E0,7.650000572E0,-1.120950103E0
3.471438004E2,5.140050411E0,7.698000431E0,-3.043950081E0
3.471462441E2,5.524950027E0,7.915050507E0,-4.801050186E0
3.471486875E2,4.531949997E0,8.502000809E0,-5.146050453E0
3.471511311E2,4.195950031E0,8.868000031E0,-4.532999992E0
3.471535748E2,3.492000103E0,8.728950500E0,-3.654000282E0
3.471560183E2,2.868000031E0,8.571000099E0,-2.215050220E0
3.471584620E2,3.289050102E0,8.080950737E0,-1.534950018E0
3.471609056E2,4.740000248E0,7.507950306E0,-1.933050036E0
3.471633491E2,4.836000443E0,7.621050358E0,-2.938050032E0
3.471657928E2,3.616950274E0,8.257950783E0,-3.036000252E0
3.471682364E2,3.519000053E0,8.868000031E0,-2.991000175E0
3.471706798E2,2.182950020E0,9.129000664E0,-2.826000214E0
3.471731235E2,1.737000108E0,9.249000549E0,-2.230050087E0
3.471755672E2,2.977950096E0,8.430000305E0,-2.251049995E0
3.471780108E2,4.761000156E0,8.008950233E0,-3.477000237E0
3.471804545E2,5.724000454E0,7.968000412E0,-4.770000458E0
3.471828980E2,4.977000237E0,8.404050827E0,-4.831950188E0
3.471853416E2,4.702050209E0,8.728950500E0,-4.497000217E0
3.471877853E2,3.840000153E0,9.694050789E0,-3.385950089E0
3.471902288E2,2.725950241E0,1.012995052E1,-2.221950054E0
3.471926724E2,2.331000090E0,1.024995041E1,-2.026050091E0
3.471951161E2,2.520000219E0,1.003395081E1,-2.275050163E0
3.471975598E2,2.731050014E0,9.582000732E0,-2.755950212E0
3.472000032E2,2.737950087E0,8.977950096E0,-2.907000065E0
3.472024469E2,2.191950083E0,8.386950493E0,-2.517000198E0
3.472048906E2,1.572000027E0,8.346000671E0,-1.269000053E0
3.472073340E2,2.182950020E0,8.124000549E0,-9.460500479E-1
3.472097777E2,3.684000254E0,8.184000015E0,-2.139000177E0
3.472122213E2,4.729950428E0,8.358000755E0,-3.513000250E0
3.472146648E2,4.207950115E0,8.643000603E0,-4.600050449E0
3.472171085E2,3.568950176E0,9.084000587E0,-4.960950375E0
3.472195522E2,2.992050171E0,9.164999962E0,-4.564050198E0
3.472219958E2,2.367000103E0,8.749050140E0,-3.598950148E0
3.472244392E2,2.020050049E0,8.265000343E0,-2.332950115E0
3.472268829E2,2.641950130E0,7.999050617E0,-1.927950144E0
3.472293266E2,4.186950207E0,7.525050163E0,-2.136000156E0
3.472317700E2,4.729950428E0,7.674000263E0,-3.192000151E0
3.472342137E2,3.250950098E0,8.578950882E0,-3.022050142E0
3.472366573E2,3.139950037E0,9.699000359E0,-2.827950239E0
3.472391010E2,3.186000109E0,9.760950089E0,-4.327050209E0
3.472415445E2,2.080049992E0,9.607950211E0,-5.215050220E0
3.472439882E2,1.215000033E0,8.593050003E0,-3.831000090E0
3.472464318E2,2.554050207E0,7.906050205E0,-2.392050028E0
3.472488752E2,4.491000175E0,7.791000366E0,-2.850000143E0
3.472513189E2,5.085000038E0,8.109000206E0,-3.604050159E0
3.472537626E2,4.552950382E0,8.832000732E0,-4.332000256E0
3.472562060E2,3.825000286E0,9.934050560E0,-4.317000389E0
3.472586497E2,2.659050226E0,1.087200069E1,-4.099050045E0
3.472610933E2,1.575000048E0,1.066605091E1,-3.433950186E0
3.472635370E2,1.362000108E0,1.065705013E1,-3.031950235E0
3.472659805E2,8.490000367E-1,9.703950882E0,-1.720050097E0
3.472684242E2,4.300500154E-1,8.218950272E0,-5.440500379E-1
3.472708678E2,6.120000482E-1,7.033950329E0,-9.439500570E-1
3.472733115E2,1.752000093E0,6.607950211E0,-1.404000044E0
3.472757550E2,3.367950201E0,6.603000164E0,-1.960950136E0
3.472781986E2,4.630050182E0,7.753050327E0,-2.962050200E0
3.472806423E2,5.167950153E0,8.683950424E0,-4.690950394E0
3.472830857E2,3.688950062E0,9.036000252E0,-5.412000179E0
3.472855294E2,2.701950073E0,9.574950218E0,-5.689050198E0
3.472879730E2,2.282999992E0,9.181950569E0,-5.236950397E0
3.472904167E2,2.044049978E0,7.924950600E0,-4.351050377E0
3.472928602E2,2.058000088E0,7.255050182E0,-3.381000042E0
3.472953039E2,2.596950054E0,6.607950211E0,-2.409000158E0
3.472977475E2,3.652950287E0,5.535000324E0,-1.698000073E0
3.473001910E2,4.876049995E0,6.766050339E0,-1.915950060E0
3.473026347E2,4.570050240E0,8.029950142E0,-2.743950129E0
3.473050783E2,1.930950046E0,9.001950264E0,-3.285000086E0
3.473075220E2,4.950000346E-1,9.201000214E0,-2.230050087E0
3.473099654E2,7.939500213E-1,1.029105091E1,-2.124000072E0
3.473124090E2,1.326000094E0,9.547950745E0,-3.499050140E0
3.473148527E2,2.913000107E0,9.117000580E0,-4.879950047E0
3.473172962E2,5.221050262E0,8.638050079E0,-5.521950245E0
3.473197398E2,6.378000259E0,8.904000282E0,-5.598000050E0
3.473221835E2,6.057000160E0,9.405000687E0,-5.254050255E0
3.473246272E2,4.669950008E0,1.002495003E1,-4.653000355E0
3.473270706E2,1.972050071E0,1.072905064E1,-3.609000206E0
3.473295143E2,-3.370500207E-1,1.048905087E1,-9.679500461E-1
3.473319580E2,-7.969500422E-1,8.513999939E0,1.047000051E0
3.473344014E2,-7.540500164E-1,6.916950226E0,8.460000157E-1
3.473368451E2,8.899500370E-1,5.482950211E0,-1.066050053E0
3.473392887E2,3.591000080E0,6.069000244E0,-3.372000217E0
3.473417322E2,6.520950317E0,7.249950409E0,-4.411050320E0
3.473441759E2,6.307950497E0,8.461050034E0,-5.653050423E0
3.473466196E2,3.892050266E0,1.036695004E1,-4.789050102E0
3.473490632E2,2.017950058E0,1.117395020E1,-3.702000141E0
3.473515066E2,1.326000094E0,1.100400066E1,-2.967000246E0
3.473539503E2,1.930950046E0,1.017105007E1,-3.787950277E0
3.473563939E2,3.945000172E0,8.233950615E0,-5.596050262E0
3.473588376E2,4.855050087E0,6.819000244E0,-5.835000515E0
3.473612811E2,5.671050072E0,5.140050411E0,-6.894000530E0
3.473637247E2,3.880050182E0,5.695950508E0,-6.312000275E0
3.473661684E2,1.303950071E0,6.855000496E0,-2.752050161E0
3.473686119E2,1.146000028E0,8.317950249E0,6.599999964E-2
3.473710556E2,2.865000248E0,8.626950264E0,-1.320000052E0
3.473734992E2,3.718050241E0,9.541050911E0,-4.063950062E0
3.473759426E2,3.406050205E0,9.850050926E0,-6.835950375E0
3.473783863E2,3.250950098E0,1.111695099E1,-7.581000328E0
3.473808299E2,3.837000132E0,1.007700062E1,-7.843950272E0
3.473832734E2,3.603000164E0,9.819000244E0,-5.847000122E0
3.473857171E2,2.944050074E0,8.265000343E0,-4.201950073E0
3.473881607E2,1.266000032E0,7.246950150E0,-4.410000145E-1
3.473906044E2,1.498050094E0,5.635950089E0,2.272950172E0
3.473930478E2,3.307950258E0,5.148000240E0,2.128950119E0
3.473954915E2,4.408950329E0,5.746050358E0,-1.333950043E0
3.473979352E2,4.468950272E0,6.064950466E0,-3.606000185E0
3.474003788E2,3.943050146E0,7.719000340E0,-5.790000439E0
3.474028223E2,2.700000048E0,9.498000145E0,-6.853050232E0
3.474052659E2,1.189050078E0,1.103295040E1,-5.827950478E0
3.474077096E2,1.297050118E0,1.114800072E1,-5.424000263E0
3.474101531E2,3.415950060E0,9.595950127E0,-4.525950432E0
3.474125968E2,3.784950256E0,8.728950500E0,-5.008950233E0
3.474150404E2,4.495950222E0,7.954050541E0,-4.381950378E0
3.474174841E2,4.833000183E0,6.189000130E0,-5.919000149E0
3.474199275E2,3.370050192E0,6.277950287E0,-4.617000103E0
3.474223712E2,1.546050072E0,6.745050430E0,-2.569950104E0
3.474248148E2,1.684950113E0,7.858050346E0,-1.312950015E0
3.474272583E2,3.319950104E0,8.272050858E0,-3.223050117E0
3.474297020E2,3.744000196E0,9.280050278E0,-3.766950130E0
3.474321456E2,3.093000174E0,1.000305080E1,-5.236950397E0
3.474345893E2,2.173050165E0,1.106895065E1,-5.713050365E0
3.474370328E2,2.614050150E0,1.105905056E1,-5.754000187E0
3.474394764E2,2.736000061E0,1.037895012E1,-4.648050308E0
3.474419201E2,1.414050102E0,8.533050537E0,-3.487050056E0
3.474443635E2,7.219500542E-1,6.967050552E0,-5.800500512E-1
3.474468072E2,2.221050024E0,5.638050079E0,1.174050093E0
3.474492508E2,5.082000256E0,5.386950493E0,2.809500098E-1
3.474516945E2,6.993000507E0,5.631000042E0,-2.526000023E0
3.474541380E2,6.295950413E0,6.429000378E0,-3.709050179E0
3.474565817E2,4.807050228E0,8.392050743E0,-5.074050426E0
3.474590253E2,2.644950151E0,9.538950920E0,-5.452050209E0
3.474614687E2,1.431000113E0,1.069500065E1,-4.353000164E0
3.474639124E2,1.954950094E0,1.036200047E1,-3.939000130E0
3.474663561E2,4.089000225E0,8.904000282E0,-3.979950190E0
3.474687995E2,5.547000408E0,7.911000252E0,-4.783950329E0
3.474712432E2,6.619050503E0,7.305000305E0,-6.300000191E0
3.474736869E2,4.500000000E0,6.297000408E0,-6.726000309E0
3.474761305E2,1.462050080E0,7.057950497E0,-2.932950258E0
3.474785740E2,1.045050025E0,7.482000351E0,1.780500114E-1
3.474810176E2,2.827050209E0,8.799000740E0,-1.590000033E0
3.474834613E2,3.612000227E0,8.659950256E0,-5.266050339E0
3.474859050E2,3.889950275E0,8.773050308E0,-6.658950329E0
3.474883484E2,4.462050438E0,8.851950645E0,-6.925050259E0
3.474907920E2,4.098000050E0,9.342000008E0,-6.178050518E0
3.474932357E2,3.610050201E0,8.860950470E0,-4.779000282E0
3.474956792E2,1.587000132E0,8.029950142E0,-2.557950020E0
3.474981229E2,2.910000086E-1,6.642000198E0,1.762950063E0
3.475005665E2,2.233050108E0,5.428050041E0,3.244950056E0
3.475030100E2,5.662050247E0,4.992000103E0,6.589500308E-1
3.475054536E2,7.486050129E0,5.361000061E0,-4.387050152E0
3.475078973E2,5.295000076E0,5.710050106E0,-4.590000153E0
3.475103407E2,3.331950188E0,7.633050442E0,-3.585000277E0
3.475127844E2,2.602050066E0,8.169000626E0,-3.633000135E0
3.475152280E2,3.124050140E0,9.196050644E0,-3.022050142E0
3.475176717E2,4.318050385E0,8.932950020E0,-4.665000439E0
3.475201152E2,4.468950272E0,8.029950142E0,-5.409000397E0
3.475225589E2,5.623050213E0,7.377000332E0,-5.883000374E0
3.475250025E2,5.062950134E0,6.096000195E0,-6.489000320E0
3.475274462E2,2.017950058E0,6.424050331E0,-4.236000061E0
3.475298897E2,2.379000187E0,6.325950146E0,-7.810500264E-1
3.475323333E2,5.094000340E0,6.904950142E0,-1.267050028E0
3.475347770E2,5.973000050E0,7.771950245E0,-4.995000362E0
3.475372204E2,4.216050148E0,8.764950752E0,-7.255050182E0
3.475396641E2,2.494050026E0,1.046505070E1,-5.826000214E0
3.475421077E2,1.789950132E0,1.132500076E1,-4.722000122E0
3.475445514E2,2.142000198E0,1.056600094E1,-4.030050278E0
3.475469949E2,1.845000029E0,8.758049965E0,-3.562950134E0
3.475494386E2,5.329500437E-1,6.709050179E0,-3.190500140E-1
3.475518822E2,8.040000200E-1,5.713050365E0,2.826000214E0
3.475543257E2,4.761000156E0,4.714050293E0,2.041050196E0
3.475567693E2,8.343000412E0,4.567950249E0,-2.926050186E0
3.475592130E2,7.431000233E0,5.061000347E0,-4.246050358E0
3.475616566E2,5.179950237E0,7.048950195E0,-3.577950239E0
3.475641001E2,3.202950239E0,8.989950180E0,-3.163050175E0
3.475665437E2,3.028050184E0,9.924000740E0,-2.629050016E0
3.475689874E2,4.326000214E0,9.730050087E0,-4.042050362E0
3.475714309E2,5.449050426E0,8.665050507E0,-5.598000050E0
3.475738746E2,7.053000450E0,7.531950474E0,-6.493950367E0
3.475763182E2,5.926950455E0,6.193950176E0,-7.140000343E0
3.475787619E2,2.440950155E0,5.590950489E0,-3.850050211E0
3.475812053E2,2.143949986E0,6.421050072E0,-4.395000264E-2
3.475836491E2,4.456950188E0,6.694050312E0,1.800000072E-1
3.475860927E2,5.688000202E0,8.241000175E0,-2.560050011E0
3.475885361E2,3.825000286E0,7.956000328E0,-5.019000053E0
3.475909798E2,2.865000248E0,9.594000816E0,-4.791000366E0
3.475934234E2,3.685950279E0,1.047000027E1,-5.833050251E0
3.475958669E2,3.703050137E0,1.088400078E1,-6.967950344E0
3.475983106E2,1.696950078E0,9.472050667E0,-5.785050392E0
3.476007542E2,-9.795000404E-2,7.551000595E0,-1.336050034E0
3.476031979E2,1.033950090E0,5.518950462E0,3.034050226E0
3.476056414E2,5.295000076E0,4.816950321E0,1.102050066E0
3.476080850E2,8.655000687E0,4.390950203E0,-2.421000004E0
3.476105287E2,7.837950230E0,4.549050331E0,-4.164000034E0
3.476129724E2,5.155950069E0,6.294000149E0,-2.790000200E0
3.476154158E2,3.325050116E0,8.275050163E0,-2.301000118E0
3.476178594E2,3.106950045E0,9.534000397E0,-3.268950224E0
3.476203031E2,3.792000294E0,9.742050171E0,-5.392050266E0
3.476227466E2,4.126950264E0,8.952000618E0,-5.656050205E0
3.476251903E2,5.997000217E0,7.245000362E0,-6.132000446E0
3.476276339E2,5.367000103E0,5.586000443E0,-6.127050400E0
3.476300776E2,3.222000122E0,5.239050388E0,-2.755950212E0
3.476325210E2,5.695050240E0,5.787000179E0,-5.179499984E-1
3.476349647E2,8.142000198E0,6.043050289E0,-2.443050146E0
3.476374081E2,6.037950516E0,7.546950340E0,-5.392050266E0
3.476398518E2,2.965950251E0,9.112950325E0,-5.512050152E0
3.476422954E2,2.395950079E0,1.011105061E1,-4.447050095E0
3.476447391E2,3.303000212E0,1.040295029E1,-5.797050476E0
3.476471828E2,2.769000053E0,9.859950066E0,-5.959950447E0
3.476496263E2,1.113000035E0,7.561050415E0,-4.356000423E0
3.476520699E2,8.749500513E-1,6.103050232E0,5.520000458E-1
3.476545136E2,4.126950264E0,6.036000252E0,2.017050028E0
3.476569570E2,8.041950226E0,5.962050438E0,-1.630950093E0
3.476594006E2,7.812000275E0,5.704950333E0,-4.846950054E0
3.476618443E2,4.315950394E0,6.886050224E0,-4.201950073E0
3.476642878E2,2.829000235E0,8.671950340E0,-2.449950218E0
3.476667315E2,2.769000053E0,9.691950798E0,-2.787000179E0
3.476691751E2,4.171950340E0,9.538950920E0,-5.052000046E0
3.476716188E2,5.008050442E0,8.145000458E0,-6.799950123E0
3.476740623E2,5.809950352E0,7.540050507E0,-6.517950535E0
3.476765060E2,5.518050194E0,6.286950111E0,-5.923950195E0
3.476789496E2,3.925950289E0,6.529050350E0,-3.343050241E0
3.476813931E2,3.733950138E0,7.089000225E0,-6.540000439E-1
3.476838367E2,5.712000370E0,7.408050537E0,-8.100000620E-1
3.476862804E2,5.056050301E0,8.119050026E0,-3.388050079E0
3.476887241E2,3.511950254E0,8.176050186E0,-6.051000118E0
3.476911675E2,3.334050179E0,8.722050667E0,-6.208950520E0
3.476936111E2,4.290000439E0,9.448050499E0,-5.179050446E0
3.476960548E2,4.612950325E0,9.273000717E0,-4.279050350E0
3.476984985E2,3.054000139E0,7.999050617E0,-3.429000139E0
3.477009420E2,1.213050008E0,6.892950535E0,-1.018050075E0
3.477033856E2,3.046950102E0,6.939000130E0,1.414050102E0
3.477058293E2,5.539950371E0,7.093950272E0,-4.939500093E-1
3.477082727E2,6.559950352E0,6.759000301E0,-4.131000042E0
3.477107164E2,4.764000416E0,7.563000202E0,-6.307050228E0
3.477131600E2,3.220050097E0,8.650050163E0,-5.008950233E0
3.477156035E2,2.829000235E0,9.490950584E0,-3.925050259E0
3.477180472E2,3.394050121E0,9.606000900E0,-3.601050138E0
3.477204908E2,4.114950180E0,9.297000885E0,-4.150050163E0
3.477229343E2,3.982950211E0,8.088000298E0,-4.183050156E0
3.477253780E2,4.539000034E0,7.006050110E0,-3.229950190E0
3.477278216E2,5.343000412E0,6.007050514E0,-3.385950089E0
3.477302653E2,4.089000225E0,6.261000156E0,-1.945050120E0
3.477327087E2,4.393050194E0,6.754050255E0,-8.700000644E-1
3.477351524E2,5.343000412E0,8.035050392E0,-1.906050086E0
3.477375960E2,4.552950382E0,8.764950752E0,-4.114050388E0
3.477400397E2,3.025950193E0,9.558000565E0,-5.650950432E0
3.477424832E2,2.014950037E0,9.919050217E0,-4.576050282E0
3.477449268E2,2.154000044E0,1.056105042E1,-3.288000107E0
3.477473705E2,3.897000074E0,9.721050262E0,-2.562000036E0
3.477498140E2,4.699050426E0,8.155050278E0,-4.063950062E0
3.477522577E2,3.330000162E0,7.543950558E0,-3.592050076E0
3.477547013E2,2.599050045E0,7.474950314E0,-1.195050001E0
3.477571450E2,3.700950146E0,6.699000359E0,-5.560500026E-1
3.477595884E2,4.777950287E0,7.807950497E0,-2.239050150E0
3.477620321E2,4.488000393E0,8.694000244E0,-3.807000160E0
3.477644757E2,3.703050137E0,9.352050781E0,-4.530000210E0
3.477669192E2,3.064050198E0,9.457050323E0,-5.886000156E0
3.477693629E2,2.143949986E0,9.129000664E0,-4.882050037E0
3.477718065E2,2.500950098E0,8.715000153E0,-2.802000046E0
3.477742502E2,3.799050093E0,8.002050400E0,-1.369950056E0
3.477766936E2,5.343000412E0,6.936000347E0,-2.316000223E0
3.477791373E2,5.997000217E0,6.876000404E0,-3.682950258E0
3.477815810E2,5.371950150E0,6.723000526E0,-4.705049992E0
3.477840244E2,3.469050169E0,7.765050411E0,-4.059000015E0
3.477864680E2,2.263950109E0,9.012000084E0,-1.842000127E0
3.477889118E2,2.604000092E0,9.199050903E0,-1.641000032E0
3.477913554E2,3.358050108E0,9.238950729E0,-3.666000128E0
3.477937989E2,3.387000084E0,9.108000755E0,-5.955000401E0
3.477962426E2,2.970000029E0,8.500050545E0,-5.902050495E0
3.477986862E2,3.034950256E0,8.530950546E0,-4.729050159E0
3.478011297E2,2.977950096E0,8.818050385E0,-2.449950218E0
3.478035734E2,3.592950106E0,9.096000671E0,-1.807950139E0
3.478060170E2,3.667050123E0,9.193950653E0,-3.012000084E0
3.478084605E2,2.773950100E0,8.679000854E0,-4.015950203E0
3.478109042E2,2.607000113E0,8.260050774E0,-4.104000092E0
3.478133479E2,2.911050081E0,8.353950500E0,-2.818950176E0
3.478157915E2,3.037950039E0,8.088000298E0,-2.351999998E0
3.478182349E2,3.511950254E0,7.963050365E0,-2.380050182E0
3.478206786E2,4.603050232E0,7.906050205E0,-3.628050089E0
3.478231222E2,4.354050159E0,8.116950035E0,-4.593000412E0
3.478255659E2,3.769950151E0,8.230950356E0,-4.546950340E0
3.478280094E2,2.779050112E0,8.880000114E0,-3.181950092E0
3.478304530E2,2.379000187E0,9.072000504E0,-1.729050040E0
3.478328967E2,3.082950115E0,8.935050011E0,-1.765050054E0
3.478353402E2,4.146000385E0,8.583000183E0,-3.376050234E0
3.478377839E2,4.483950138E0,8.049000740E0,-4.921050072E0
3.478402275E2,4.387950420E0,8.409000397E0,-5.578950405E0
3.478426709E2,2.542050123E0,8.497050285E0,-4.408050060E0
3.478451146E2,9.880500436E-1,9.025950432E0,-1.224000096E0
3.478475582E2,2.005950212E0,8.470950127E0,6.000000052E-3
3.478500017E2,3.922950268E0,8.401050568E0,-2.052000046E0
3.478524454E2,5.130000114E0,8.133000374E0,-4.827000141E0
3.478548890E2,4.383000374E0,8.233950615E0,-5.838000298E0
3.478573327E2,3.058950186E0,8.500050545E0,-5.272950172E0
3.478597762E2,2.704950094E0,9.084000587E0,-2.955000162E0
3.478622198E2,3.049950123E0,9.069000244E0,-1.108950019E0
3.478646635E2,3.741000175E0,9.052950859E0,-9.150000215E-1
3.478671072E2,4.408950329E0,8.425050735E0,-2.554950237E0
3.478695506E2,3.876000166E0,7.693050385E0,-4.054049969E0
3.478719942E2,2.905950069E0,7.645050526E0,-3.240000248E0
3.478744379E2,2.329050064E0,7.273950577E0,-1.477950096E0
3.478768814E2,2.434050083E0,7.429050446E0,-4.429500103E-1
3.478793251E2,4.157999992E0,7.221000195E0,-1.231050014E0
3.478817687E2,5.584950447E0,7.786050320E0,-3.216000080E0
3.478842124E2,5.061000347E0,7.932000160E0,-5.100000381E0
3.478866559E2,3.751050234E0,8.377950668E0,-5.469000340E0
3.478890995E2,2.695050240E0,8.952000618E0,-4.201950073E0
3.478915432E2,1.680000067E0,9.024000168E0,-1.605000019E0
3.478939866E2,2.110949993E0,8.293950081E0,-3.640500307E-1
3.478964303E2,4.108050346E0,7.269000530E0,-2.040000200E0
3.478988739E2,5.367000103E0,6.567000389E0,-4.308000088E0
3.479013176E2,4.819050312E0,6.757050514E0,-5.023950100E0
3.479037611E2,3.552000284E0,6.763950348E0,-4.072950363E0
3.479062047E2,1.821000099E0,7.341000557E0,-1.291050076E0
3.479086484E2,2.155950069E0,7.413000584E0,5.279999971E-1
3.479110919E2,3.919050217E0,7.449000359E0,-6.109500527E-1
3.479135356E2,5.640000343E0,6.994050503E0,-3.609000206E0
3.479159792E2,4.954950333E0,6.961950302E0,-5.838000298E0
3.479184229E2,4.137000084E0,7.546950340E0,-5.413950443E0
3.479208663E2,3.598050117E0,7.827000141E0,-3.106050253E0
3.479233100E2,3.283950090E0,8.215050697E0,-5.460000038E-1
3.479257536E2,3.835050106E0,8.377950668E0,-1.500000060E-2
3.479281971E2,4.036050320E0,7.999050617E0,-1.686000109E0
3.479306408E2,4.147950172E0,7.816950321E0,-4.019999981E0
3.479330844E2,3.487950087E0,7.468050480E0,-4.734000206E0
3.479355279E2,2.146950006E0,7.968000412E0,-2.740050077E0
3.479379716E2,1.263000011E0,7.956000328E0,-8.700000495E-2
3.479404152E2,1.785000086E0,8.121000290E0,8.220000267E-1
3.479428589E2,4.216050148E0,7.762050152E0,-1.471050024E0
3.479453026E2,5.827050209E0,8.068950653E0,-4.351050377E0
3.479477460E2,5.370000362E0,7.674000263E0,-5.461950302E0
3.479501896E2,3.733950138E0,8.824950218E0,-5.172000408E0
3.479526333E2,2.779050112E0,9.613050461E0,-3.084000111E0
3.479550768E2,2.410050154E0,9.366000175E0,-7.309500575E-1
3.479575204E2,3.094950199E0,9.004950523E0,3.550500274E-1
3.479599641E2,4.711050034E0,8.442000389E0,-1.195050001E0
3.479624076E2,5.539950371E0,8.044950485E0,-3.847950220E0
3.479648513E2,4.963050365E0,8.185950279E0,-5.032950401E0
3.479672949E2,4.033950329E0,8.634000778E0,-4.485000134E0
3.479697384E2,2.226000071E0,9.093000412E0,-2.040000200E0
3.479721820E2,1.612950087E0,8.855999947E0,-2.639999986E-1
3.479746257E2,2.743050098E0,8.513999939E0,1.279500127E-1
3.479770694E2,5.307000160E0,8.260050774E0,-3.223050117E0
3.479795128E2,5.980050087E0,8.278950691E0,-5.767950058E0
3.479819564E2,4.630050182E0,8.899050713E0,-6.817050457E0
3.479844001E2,2.998950243E0,9.613050461E0,-4.528050423E0
3.479868438E2,2.632950068E0,9.591000557E0,-1.810950041E0
3.479892873E2,2.962950230E0,9.760950089E0,8.959500194E-1
3.479917309E2,3.576000214E0,9.412050247E0,-2.970000207E-1
3.479941745E2,4.302000046E0,9.472050667E0,-1.437000036E0
3.479966180E2,4.242000103E0,8.184000015E0,-4.405950069E0
3.479990616E2,3.054000139E0,8.325000763E0,-3.771000147E0
3.480015053E2,1.780950069E0,7.804950237E0,-1.155000091E0
3.480039488E2,1.291950107E0,8.080950737E0,6.190500259E-1
3.480063925E2,2.701950073E0,7.872000217E0,-3.000000026E-3
3.480088361E2,4.860000134E0,8.545050621E0,-2.351999998E0
3.480112798E2,5.559000492E0,8.208000183E0,-5.005050182E0
3.480137232E2,4.567049980E0,8.299050331E0,-5.806950092E0
3.480161669E2,3.109050035E0,9.469050407E0,-5.139000416E0
3.480186105E2,2.437050104E0,9.247050285E0,-2.926050186E0
3.480210540E2,1.972050071E0,8.458950043E0,-1.080000028E-1
3.480234977E2,3.330000162E0,8.097000122E0,4.249500334E-1
3.480259413E2,5.065050125E0,7.324050426E0,-3.190500140E-1
3.480283850E2,5.932050228E0,6.510000229E0,-3.204000235E0
3.480308285E2,5.227950096E0,7.555950165E0,-3.778950214E0
3.480332721E2,4.009950161E0,8.406000137E0,-4.420050144E0
3.480357158E2,2.973000050E0,9.175050735E0,-3.142050266E0
3.480381595E2,1.608000040E0,9.223050117E0,-1.626000047E0
3.480406029E2,1.666050076E0,9.453000069E0,-1.750500053E-1
3.480430465E2,3.909000158E0,8.428050041E0,-1.810950041E0
3.480454902E2,5.245050430E0,8.698050499E0,-4.597949982E0
3.480479337E2,4.801950455E0,9.117000580E0,-5.380050182E0
3.480503774E2,4.411950111E0,9.649050713E0,-4.798950195E0
3.480528210E2,3.840000153E0,1.047300053E1,-2.409000158E0
3.480552645E2,4.201050282E0,1.074300098E1,-1.368000031E0
3.480577082E2,3.828000069E0,1.038900089E1,-1.303050041E0
3.480601518E2,3.397050142E0,9.603000641E0,-2.236950159E0
3.480625955E2,2.839050055E0,8.611950874E0,-1.903950095E0
3.480650389E2,2.644950151E0,7.197000504E0,-1.585050106E0
3.480674826E2,2.161050081E0,6.928950310E0,-5.100000501E-1
3.480699263E2,2.644950151E0,7.101000309E0,2.380500138E-1
3.480723697E2,3.673950195E0,8.374950409E0,-5.059500337E-1
3.480748133E2,5.620950222E0,9.010050774E0,-2.188950062E0
3.480772571E2,6.547950268E0,9.304050446E0,-4.353000164E0
3.480797007E2,5.817000389E0,9.369000435E0,-5.980950356E0
3.480821442E2,2.970000029E0,1.172700024E1,-5.518950462E0
3.480845879E2,1.702050090E0,1.137495041E1,-3.004950047E0
3.480870315E2,1.723050117E0,9.856950760E0,-1.489950061E0
3.480894750E2,3.169050217E0,8.409000397E0,-2.293950081E0
3.480919187E2,5.133000374E0,6.991050243E0,-4.036950111E0
3.480943623E2,6.057000160E0,6.888000488E0,-4.380000114E0
3.480968058E2,5.947050095E0,8.076000214E0,-5.301000118E0
3.480992494E2,3.424950123E0,8.844000816E0,-4.192950249E0
3.481016931E2,1.588950038E0,8.503950119E0,-1.462950110E0
3.481041368E2,3.006000042E0,9.069000244E0,-3.979500234E-1
3.481065802E2,4.189050198E0,9.915000916E0,-1.348050117E0
3.481090239E2,4.405050278E0,9.772950172E0,-2.875950098E0
3.481114675E2,6.109050274E0,1.045095062E1,-4.750950336E0
3.481139112E2,5.860050201E0,1.117200089E1,-5.689050198E0
3.481163547E2,5.674050331E0,1.210800076E1,-5.728050232E0
3.481187983E2,5.487000465E0,1.212900066E1,-6.289950371E0
3.481212420E2,3.262950182E0,1.164795017E1,-5.266050339E0
3.481236854E2,1.369050026E0,1.038600063E1,-1.368000031E0
3.481261291E2,1.050000042E-1,8.490000725E0,1.677000046E0
3.481285728E2,7.304999977E-2,6.952950478E0,1.477950096E0
3.481310162E2,9.190500379E-1,6.984000206E0,7.380000353E-1
3.481334599E2,2.491950035E0,6.727950096E0,-1.353000045E0
3.481359035E2,5.725950241E0,8.109000206E0,-4.545000076E0
3.481383472E2,7.090950489E0,8.908950806E0,-6.031950474E0
3.481407907E2,5.056050301E0,1.022100067E1,-5.598000050E0
3.481432344E2,3.430050135E0,1.071900082E1,-3.751950264E0
3.481456780E2,3.199950218E0,1.086495018E1,-2.845050097E0
3.481481214E2,3.306000233E0,1.027395058E1,-2.886000156E0
3.481505651E2,4.432950020E0,7.377000332E0,-4.252950191E0
3.481530087E2,7.137000561E0,5.782050133E0,-6.688050270E0
3.481554524E2,6.294000149E0,4.597050190E0,-8.160000801E0
3.481578959E2,3.600000143E0,4.093950272E0,-5.292000294E0
3.481603395E2,2.233050108E0,6.019050121E0,1.005000062E-2
3.481627832E2,3.415950060E0,7.341000557E0,1.744050026E0
3.481652269E2,4.029000282E0,7.852950573E0,1.210500076E-1
3.481676703E2,3.847050190E0,8.899050713E0,-3.424050093E0
3.481701140E2,3.718050241E0,1.008000088E1,-7.329000473E0
3.481725577E2,3.897000074E0,1.139895058E1,-9.196950912E0
3.481750011E2,3.817950249E0,1.112595081E1,-9.484050751E0
3.481774448E2,2.269050121E0,1.059000015E1,-6.336000443E0
3.481798884E2,7.459500432E-1,8.655000687E0,-1.533000112E0
3.481823319E2,2.550000250E-1,7.120950222E0,3.753000259E0
3.481847756E2,1.408950090E0,5.557050228E0,4.189050198E0
3.481872192E2,4.479000092E0,4.978050232E0,2.304000139E0
3.481896629E2,6.567000389E0,4.723950386E0,-2.665050030E0
3.481921064E2,5.752950191E0,5.263050079E0,-4.048950195E0
3.481945500E2,4.144050121E0,7.053000450E0,-4.993050098E0
3.481969937E2,2.484000206E0,8.728950500E0,-3.439050198E0
3.481994371E2,2.202000141E0,1.078605080E1,-2.790000200E0
3.482018808E2,2.997000217E0,1.057095051E1,-3.688050270E0
3.482043244E2,3.780000210E0,8.695950508E0,-3.712050200E0
3.482067681E2,6.141000271E0,7.471950531E0,-5.971950054E0
3.482092116E2,6.660000324E0,5.914050102E0,-7.297950268E0
3.482116553E2,3.208050251E0,5.779950142E0,-6.238050461E0
3.482140989E2,1.579050064E0,5.551950455E0,-1.228950024E0
3.482165424E2,3.090000153E0,6.250950336E0,1.513950109E0
3.482189861E2,5.511000156E0,7.522950172E0,-1.080000043E0
3.482214297E2,4.696950436E0,8.445000648E0,-3.657000065E0
3.482238732E2,3.013950109E0,1.031400013E1,-4.498950005E0
3.482263168E2,2.725950241E0,1.157100010E1,-5.995950222E0
3.482287605E2,2.596950054E0,1.161195087E1,-7.095000267E0
3.482312042E2,1.540950060E0,1.073100090E1,-5.440050125E0
3.482336479E2,8.505000174E-2,8.947050095E0,-1.297950029E0
3.482360913E2,-3.280500174E-1,7.369950294E0,2.686950207E0
3.482385349E2,1.120050073E0,6.631950378E0,2.548050165E0
3.482409786E2,6.187950134E0,5.574000359E0,-3.379500210E-1
3.482434221E2,8.401050568E0,5.068950176E0,-4.269000053E0
3.482458657E2,6.910950184E0,6.019050121E0,-5.182050228E0
3.482483094E2,3.310050249E0,8.767950058E0,-3.609000206E0
3.482507529E2,2.262000084E0,9.316050529E0,-1.939950109E0
3.482531966E2,2.707050085E0,9.886050224E0,-2.287050009E0
3.482556402E2,3.052050114E0,9.748950005E0,-2.955000162E0
3.482580837E2,4.921950340E0,8.442000389E0,-4.092000008E0
3.482605274E2,6.931050301E0,6.181950092E0,-6.609000206E0
3.482629710E2,3.667050123E0,5.782050133E0,-6.616050243E0
3.482654147E2,1.966950059E0,6.250950336E0,-1.945050120E0
3.482678581E2,4.048050404E0,7.180050373E0,5.779500008E-1
3.482703018E2,6.303000450E0,7.756950378E0,-1.875000119E0
3.482727454E2,4.771050453E0,8.338950157E0,-4.839000225E0
3.482751891E2,3.403950214E0,9.541050911E0,-5.452050209E0
3.482776326E2,3.511950254E0,1.047705078E1,-5.811000347E0
3.482800762E2,3.439950228E0,1.023795033E1,-5.965050220E0
3.482825199E2,1.915050149E0,8.812950134E0,-4.174050331E0
3.482849633E2,-3.600000218E-2,7.522950172E0,1.500000060E-2
3.482874069E2,3.679500222E-1,6.414000511E0,3.148950100E0
3.482898506E2,3.238950253E0,6.193950176E0,2.539050102E0
3.482922943E2,7.534050465E0,4.759950161E0,-2.610000134E0
3.482947378E2,7.249050140E0,5.209950447E0,-5.790000439E0
3.482971815E2,3.691050291E0,8.020950317E0,-4.846950054E0
3.482996251E2,1.642050028E0,8.740950584E0,-3.028950214E0
3.483020686E2,2.455950022E0,8.892000198E0,-1.842000127E0
3.483045122E2,4.749000072E0,7.741050243E0,-2.728050232E0
3.483069559E2,6.241050243E0,6.687000275E0,-5.112000465E0
3.483093996E2,7.174950123E0,5.590950489E0,-7.903950214E0
3.483118430E2,5.413050175E0,4.063050270E0,-7.999950409E0
3.483142866E2,4.085999966E0,4.401000023E0,-3.853050232E0
3.483167303E2,4.872000217E0,6.639000416E0,3.529500067E-1
3.483191738E2,5.571000099E0,7.042050362E0,-2.299500108E-1
3.483216174E2,5.262000084E0,7.855950356E0,-2.625000238E0
3.483240611E2,3.526050091E0,8.559000015E0,-4.528050423E0
3.483265048E2,3.483000278E0,9.766050339E0,-5.383050442E0
3.483289482E2,5.283000469E0,9.306000710E0,-7.168950558E0
3.483313919E2,3.706050158E0,8.727000237E0,-6.867000103E0
3.483338356E2,6.769500375E-1,7.446000576E0,-2.320950031E0
3.483362790E2,9.660000205E-1,6.594000340E0,3.087000132E0
3.483387227E2,4.168050289E0,6.553050518E0,3.268950224E0
3.483411663E2,7.582050323E0,5.935050488E0,-6.490500569E-1
3.483436098E2,7.206000328E0,5.421000481E0,-4.078050137E0
3.483460535E2,4.522050381E0,7.927050591E0,-4.842000008E0
3.483484971E2,2.282999992E0,9.079050064E0,-2.566950083E0
3.483509408E2,2.034000158E0,9.910050392E0,-1.609050035E0
3.483533842E2,3.946950197E0,1.004595089E1,-3.372000217E0
3.483558279E2,5.812950134E0,8.806050301E0,-5.140950203E0
3.483582716E2,7.060050488E0,8.752950668E0,-6.295050144E0
3.483607152E2,5.463000298E0,6.574950218E0,-6.217950344E0
3.483631587E2,3.636000156E0,6.654000282E0,-3.598950148E0
3.483656023E2,6.082950115E0,7.200000286E0,-1.669050097E0
3.483680460E2,7.531950474E0,7.551000595E0,-2.895000219E0
3.483704895E2,5.563950062E0,8.524050713E0,-5.158050060E0
3.483729332E2,3.552000284E0,8.775000572E0,-4.617000103E0
3.483753768E2,4.630050182E0,9.139050484E0,-3.906000137E0
3.483778205E2,5.938950062E0,1.001805019E1,-4.429950237E0
3.483802639E2,3.531000137E0,1.002495003E1,-4.641000271E0
3.483827075E2,1.000050068E0,9.223050117E0,-2.601000071E0
3.483851510E2,3.270000219E-1,8.071050644E0,1.165050030E0
3.483875947E2,2.544000149E0,8.719950676E0,1.633950114E0
3.483900383E2,5.674050331E0,8.160000801E0,-1.942050099E0
3.483924820E2,6.114000320E0,7.450950146E0,-5.787000179E0
3.483949257E2,3.568950176E0,8.800950050E0,-5.815950394E0
3.483973692E2,2.379000187E0,9.450000763E0,-1.870050073E0
3.483998128E2,3.556950092E0,9.097949982E0,-2.205000073E-2
3.484022565E2,6.133050442E0,8.653050423E0,-2.503050089E0
3.484046999E2,6.859050274E0,8.416049957E0,-5.548050404E0
3.484071436E2,6.397050381E0,8.181000710E0,-6.925050259E0
3.484095872E2,4.963050365E0,6.742050171E0,-7.155000210E0
3.484120307E2,2.547000170E0,6.469050407E0,-4.128000259E0
3.484144744E2,4.072050095E0,6.961950302E0,9.705000371E-2
3.484169181E2,6.373050213E0,7.188000202E0,-7.159500122E-1
3.484193617E2,6.028050423E0,7.729050159E0,-3.082050085E0
3.484218051E2,4.267950058E0,8.119050026E0,-4.819950104E0
3.484242488E2,4.120050430E0,9.144000053E0,-5.100000381E0
3.484266924E2,5.001000404E0,9.867000580E0,-5.881050110E0
3.484291359E2,3.910950184E0,1.014705086E1,-5.385000229E0
3.484315796E2,1.363950014E0,9.205950737E0,-3.259050131E0
3.484340232E2,2.220000178E-1,7.840950489E0,1.357950091E0
3.484364669E2,3.013950109E0,7.492050171E0,3.102000237E0
3.484389103E2,7.000050545E0,7.650000572E0,-8.070000410E-1
3.484413539E2,7.564950466E0,6.886050224E0,-5.107050419E0
3.484437976E2,5.104050159E0,7.803000450E0,-6.556050301E0
3.484462411E2,2.652000189E0,9.574950218E0,-3.703950167E0
3.484486848E2,2.299950123E0,1.048200035E1,-2.242050171E0
3.484511284E2,4.150950432E0,1.005600071E1,-3.829050064E0
3.484535721E2,4.989000320E0,9.019050598E0,-5.704050064E0
3.484560155E2,5.950950146E0,8.698050499E0,-6.025050163E0
3.484584592E2,5.686050415E0,6.706050396E0,-6.385950089E0
3.484609029E2,3.459000111E0,6.678000450E0,-4.240950108E0
3.484633463E2,4.057950020E0,7.021950245E0,-1.363050103E0
3.484657900E2,5.587050438E0,7.590000153E0,-1.080000043E0
3.484682336E2,5.274000168E0,8.085000038E0,-3.301950216E0
3.484706773E2,3.760950089E0,8.353950500E0,-4.906050205E0
3.484731208E2,3.354000092E0,9.274950027E0,-3.997050285E0
3.484755644E2,5.179950237E0,9.781050682E0,-4.296000004E0
3.484780081E2,4.747050285E0,9.655950546E0,-4.495050430E0
3.484804516E2,2.335950136E0,9.103050232E0,-3.405000210E0
3.484828952E2,1.195950031E0,8.056950569E0,-8.700000644E-1
3.484853388E2,2.913000107E0,7.468050480E0,9.610500336E-1
3.484877825E2,6.040050507E0,6.787950516E0,-2.026050091E0
3.484902260E2,6.145050526E0,5.830050468E0,-5.847000122E0
3.484926696E2,3.382050276E0,7.135050297E0,-6.364050388E0
3.484951133E2,2.278950214E0,8.113950729E0,-2.838000059E0
3.484975568E2,2.094000101E0,8.788949966E0,4.395000264E-2
3.485000005E2,3.847050190E0,9.072000504E0,-9.409500360E-1
3.485024441E2,5.604000092E0,8.623950005E0,-4.384050369E0
3.485048878E2,5.580000401E0,9.220050812E0,-6.943950176E0
3.485073312E2,5.389050484E0,7.663950443E0,-8.215050697E0
3.485097749E2,2.851050138E0,7.185000420E0,-6.031950474E0
3.485122185E2,3.780000210E0,6.583950520E0,-2.413950205E0
3.485146620E2,6.591000080E0,7.056000233E0,-7.500000596E-1
3.485171057E2,6.753000259E0,7.233000278E0,-3.265950203E0
3.485195493E2,4.720950127E0,7.305000305E0,-5.269950390E0
3.485219930E2,3.970950127E0,8.005949974E0,-5.119050026E0
3.485244365E2,4.407000065E0,8.923050880E0,-5.028000355E0
3.485268801E2,3.649950266E0,8.695950508E0,-5.167050362E0
3.485293238E2,1.768950105E0,8.245950699E0,-3.964950085E0
3.485317672E2,3.820500076E-1,6.880950451E0,-1.365000010E0
3.485342109E2,1.540950060E0,7.048950195E0,8.560500145E-1
3.485366545E2,4.740000248E0,6.514950275E0,-6.450000405E-1
3.485390980E2,6.106950283E0,5.494950294E0,-4.024950027E0
3.485415417E2,3.990000248E0,6.895050526E0,-5.923950195E0
3.485439854E2,2.221050024E0,7.300050259E0,-3.730950117E0
3.485464290E2,1.903050065E0,7.747950554E0,-5.749500394E-1
3.485488725E2,4.338000298E0,7.366950512E0,-1.260000110E0
3.485513161E2,6.052050114E0,6.996000290E0,-4.243050098E0
3.485537598E2,5.302950382E0,7.698000431E0,-6.640050411E0
3.485562035E2,5.166000366E0,6.651000500E0,-7.629000187E0
3.485586469E2,3.142950058E0,5.643000126E0,-5.674950123E0
3.485610905E2,2.868000031E0,6.316050529E0,-2.232000113E0
3.485635342E2,4.740000248E0,7.233000278E0,-6.280500293E-1
3.485659779E2,5.584950447E0,7.222950459E0,-2.851950169E0
3.485684213E2,3.579000235E0,7.366950512E0,-5.874000072E0
3.485708650E2,2.536950111E0,8.155050278E0,-4.911000252E0
3.485733085E2,4.005000114E0,8.727000237E0,-4.495050430E0
3.485757521E2,4.036050320E0,9.199050903E0,-4.375050068E0
3.485781958E2,1.885950089E0,8.839950562E0,-3.760050297E0
3.485806394E2,-1.695000008E-2,7.984950542E0,-1.011000037E0
3.485830829E2,9.550500512E-1,7.369950294E0,1.813050032E0
3.485855266E2,5.355000019E0,6.961950302E0,1.570500135E-1
3.485879702E2,7.462050438E0,6.441000462E0,-5.965050220E0
3.485904139E2,4.041000366E0,7.123050213E0,-9.208950043E0
3.485928574E2,1.419000030E0,8.221950531E0,-5.553000450E0
3.485953010E2,1.291950107E0,8.839950562E0,-1.308000088E0
3.485977447E2,2.527950048E0,8.623950005E0,3.390000165E-1
3.486001881E2,5.476950169E0,8.562000275E0,-3.369000196E0
3.486026317E2,6.586050510E0,8.092950821E0,-5.076000214E0
3.486050754E2,5.692950249E0,7.645050526E0,-7.861050606E0
3.486075189E2,2.343000174E0,7.312050343E0,-5.682000160E0
3.486099626E2,2.584950209E0,7.147050381E0,-1.894050121E0
3.486124062E2,5.101050377E0,8.196000099E0,1.399500072E-1
3.486148499E2,7.005000114E0,8.233950615E0,-2.491050005E0
3.486172934E2,5.242950439E0,9.136950493E0,-4.819950104E0
3.486197370E2,4.165050030E0,9.189000130E0,-5.224950314E0
3.486221807E2,4.792950153E0,1.038195038E1,-4.356000423E0
3.486246241E2,4.479000092E0,1.000605011E1,-4.744050026E0
3.486270678E2,2.491950035E0,9.745050430E0,-3.997050285E0
3.486295114E2,4.900500178E-1,8.157000542E0,-1.150050044E0
3.486319551E2,-7.050000131E-3,8.161950111E0,2.011950016E0
3.486343986E2,3.163950205E0,7.233000278E0,7.549500465E-1
3.486368423E2,8.089050293E0,6.619950294E0,-5.469000340E0
3.486392859E2,6.061950207E0,7.882050514E0,-7.660050392E0
3.486417296E2,2.650050163E0,9.103050232E0,-6.168000221E0
3.486441730E2,9.780000448E-1,9.763950348E0,-2.421000004E0
3.486466167E2,2.608950138E0,9.745050430E0,-5.010000467E-1
3.486490604E2,4.729950428E0,8.320050240E0,-1.807950139E0
3.486515038E2,6.436950207E0,6.769050121E0,-4.593000412E0
3.486539475E2,7.354050159E0,5.968950272E0,-6.508050442E0
3.486563911E2,5.371950150E0,4.912950039E0,-6.919950485E0
3.486588346E2,3.354000092E0,5.169000149E0,-2.718000174E0
3.486612783E2,4.942950249E0,6.804000378E0,9.705000371E-2
3.486637219E2,6.460950375E0,7.398000240E0,-5.269500017E-1
3.486661656E2,5.274000168E0,8.500050545E0,-3.156000137E0
3.486686090E2,3.385050058E0,9.631950378E0,-4.504050255E0
3.486710527E2,2.941950083E0,9.795000076E0,-5.895000458E0
3.486734963E2,3.253050089E0,1.005405045E1,-7.605000496E0
3.486759400E2,2.299950123E0,9.069000244E0,-6.634950161E0
3.486783835E2,-1.200000010E-2,7.630050182E0,-2.377950191E0
3.486808271E2,-2.490000129E-1,6.247050285E0,3.079950094E0
3.486832708E2,2.998950243E0,5.863950253E0,3.283050060E0
3.486857143E2,7.777950287E0,4.774050236E0,-1.051950097E0
3.486881579E2,7.921950340E0,5.317950249E0,-5.389950275E0
3.486906016E2,4.231950283E0,7.237950325E0,-6.415050507E0
3.486930453E2,2.022000074E0,8.509050369E0,-4.957050323E0
3.486954887E2,2.512950182E0,8.440050125E0,-3.393000126E0
3.486979324E2,4.915050030E0,7.710000515E0,-4.024950027E0
3.487003760E2,5.290950298E0,7.036950111E0,-4.774950027E0
3.487028195E2,5.698050499E0,6.175050259E0,-4.926000118E0
3.487052632E2,4.101000309E0,4.990050316E0,-5.019000053E0
3.487077068E2,2.329050064E0,4.687950134E0,-1.890000105E0
3.487101502E2,4.066950321E0,5.610000134E0,-1.780500114E-1
3.487125939E2,6.243000507E0,6.097950459E0,-1.317000031E0
3.487150375E2,4.420950413E0,7.765050411E0,-2.938050032E0
3.487174812E2,2.961000204E0,8.690999985E0,-4.471050262E0
3.487199247E2,4.479000092E0,9.316050529E0,-5.469000340E0
3.487223683E2,4.708950043E0,9.963000298E0,-7.080000401E0
3.487248120E2,3.363000154E0,9.625050545E0,-7.240950108E0
3.487272555E2,8.800500631E-1,7.717050552E0,-4.351050377E0
3.487296992E2,-1.390500069E-1,6.274950504E0,1.525950074E0
3.487321429E2,2.602050066E0,5.728950500E0,3.772050142E0
3.487345863E2,6.853950500E0,4.674000263E0,4.339500070E-1
3.487370299E2,7.251000404E0,4.935000420E0,-3.642000198E0
3.487394736E2,4.267950058E0,6.840000153E0,-4.198050022E0
3.487419172E2,2.334000111E0,9.184050560E0,-2.257950068E0
3.487443607E2,2.146950006E0,1.005105019E1,-2.470950127E0
3.487468044E2,4.177050114E0,1.026705074E1,-5.413950443E0
3.487492480E2,4.945950031E0,9.900000572E0,-6.952950478E0
3.487516917E2,5.932050228E0,8.854050636E0,-7.714950562E0
3.487541352E2,4.909950256E0,6.169950485E0,-6.997050285E0
3.487565788E2,3.358050108E0,5.563950062E0,-2.173950195E0
3.487590225E2,4.648950100E0,5.863950253E0,9.900000691E-2
3.487614662E2,8.056050301E0,4.939050198E0,-1.123050094E0
3.487639096E2,7.708950520E0,5.947050095E0,-3.445950270E0
3.487663532E2,4.891050339E0,7.863000393E0,-4.537950039E0
3.487687969E2,3.540000200E0,9.880950928E0,-4.075950146E0
3.487712404E2,3.543000221E0,1.071000004E1,-4.978050232E0
3.487736841E2,2.764950037E0,1.094205093E1,-6.039000511E0
3.487761277E2,6.169500351E-1,1.003695011E1,-3.814950228E0
3.487785712E2,2.719500065E-1,8.353950500E0,3.190500140E-1
3.487810149E2,3.655050278E0,7.528050423E0,1.701000094E0
3.487834586E2,7.594050407E0,7.144050121E0,-2.038050175E0
3.487859022E2,7.057950497E0,5.943000317E0,-5.989050388E0
3.487883457E2,3.964050293E0,7.003050327E0,-6.541950226E0
3.487907893E2,1.996050119E0,8.020950317E0,-2.092950106E0
3.487932330E2,2.692950010E0,8.416049957E0,4.219500124E-1
3.487956764E2,6.117000103E0,7.707000256E0,-2.704050064E0
3.487981201E2,7.552950382E0,7.465050220E0,-6.420000076E0
3.488005637E2,6.550050259E0,7.795950413E0,-7.630950451E0
3.488030074E2,4.540950298E0,6.723000526E0,-7.465950489E0
3.488054509E2,3.246000051E0,7.270950317E0,-3.760050297E0
3.488078946E2,4.456950188E0,8.137949944E0,-4.189500213E-1
3.488103382E2,6.409050465E0,7.963050365E0,-1.288950086E0
3.488127817E2,6.034950256E0,8.670000076E0,-5.301000118E0
3.488152254E2,4.335000038E0,8.341950417E0,-7.401000500E0
3.488176690E2,4.084050179E0,9.109950066E0,-6.834000111E0
3.488201124E2,4.450050354E0,9.100950241E0,-6.238050461E0
3.488225561E2,3.349050045E0,8.559000015E0,-4.732050419E0
3.488249998E2,9.400500655E-1,7.377000332E0,-1.819950104E0
3.488274434E2,1.740000099E-1,6.361950397E0,2.304000139E0
3.488298869E2,2.635050058E0,6.402000427E0,3.418050051E0
3.488323306E2,7.105050564E0,6.108000278E0,-4.099500179E-1
3.488347742E2,8.683050156E0,6.010050297E0,-5.770950317E0
3.488372179E2,5.913000107E0,7.675950527E0,-8.452050209E0
3.488396614E2,3.208050251E0,9.429000854E0,-6.496050358E0
3.488421050E2,2.653950214E0,1.057995033E1,-4.059000015E0
3.488445487E2,5.167950153E0,9.730050087E0,-4.597949982E0
3.488469921E2,5.554050446E0,8.647950172E0,-6.501000404E0
3.488494358E2,6.078000069E0,7.444050312E0,-6.589950085E0
3.488518794E2,5.191950321E0,5.148000240E0,-5.899950504E0
3.488543231E2,3.514050245E0,4.819950104E0,-3.118050098E0
3.488567666E2,4.441050053E0,5.434950352E0,5.419500470E-1
3.488592103E2,6.105000496E0,6.057000160E0,5.899500251E-1
3.488616539E2,6.985950470E0,7.321950436E0,-2.926050186E0
3.488640974E2,4.801950455E0,8.590950012E0,-5.344950199E0
3.488665411E2,4.066950321E0,1.089600086E1,-5.782950401E0
3.488689847E2,5.212050438E0,1.186095047E1,-6.526950359E0
3.488714284E2,5.527950287E0,1.132500076E1,-7.116000175E0
3.488738719E2,2.791050196E0,1.074795055E1,-6.621000290E0
3.488763155E2,9.660000205E-1,8.121000290E0,-2.548050165E0
3.488787592E2,3.054000139E0,7.318950176E0,1.600050092E0
3.488812026E2,6.624000549E0,5.971050262E0,-3.600000143E-1
3.488836463E2,7.174950123E0,4.990050316E0,-3.664050102E0
3.488860899E2,3.909000158E0,6.535950184E0,-4.837050438E0
3.488885336E2,2.413050175E0,8.167050362E0,-1.393950105E0
3.488909771E2,2.230950117E0,9.448050499E0,-1.510500014E-1
3.488934208E2,4.048050404E0,9.790050507E0,-2.332950115E0
3.488958644E2,4.945950031E0,1.014195061E1,-5.464050293E0
3.488983079E2,5.398050308E0,9.975000381E0,-6.642000198E0
3.489007516E2,5.149050236E0,8.016000748E0,-7.534950256E0
3.489031952E2,3.234000206E0,7.456050396E0,-4.972950459E0
3.489056389E2,4.210950375E0,7.336050510E0,-1.279050112E0
3.489080823E2,6.495000362E0,7.549050331E0,-5.629500151E-1
3.489105260E2,7.294950485E0,7.200000286E0,-2.935950041E0
3.489129697E2,4.857000351E0,7.093950272E0,-4.705049992E0
3.489154133E2,4.147950172E0,8.787000656E0,-4.501950264E0
3.489178568E2,5.022000313E0,9.345000267E0,-4.552050114E0
3.489203004E2,4.159950256E0,9.472050667E0,-4.765050411E0
3.489227441E2,1.957950115E0,8.461050034E0,-3.987000227E0
3.489251876E2,2.790000141E-1,7.288050175E0,-1.308000088E0
3.489276313E2,1.699050069E0,7.207050323E0,5.400000215E-1
3.489300749E2,6.157050133E0,6.235050201E0,-2.184000015E0
3.489325183E2,6.946950436E0,5.842050076E0,-5.782950401E0
3.489349620E2,4.965000153E0,7.180050373E0,-5.947950363E0
3.489374056E2,4.246950150E0,7.009950161E0,-5.136000156E0
3.489398491E2,4.194000244E0,8.643000603E0,-2.389950037E0
3.489422928E2,5.467950344E0,8.248050690E0,-4.042050362E0
3.489447364E2,4.903050423E0,8.185950279E0,-5.488050461E0
3.489471801E2,4.965000153E0,6.958050251E0,-5.895000458E0
3.489496238E2,5.796000481E0,5.382000446E0,-5.746950150E0
3.489520672E2,3.840000153E0,5.227050304E0,-3.379050255E0
3.489545109E2,4.311000347E0,5.607000351E0,-5.659500360E-1
3.489569546E2,5.841000080E0,6.462000370E0,7.500000298E-2
3.489593980E2,5.980050087E0,7.518000126E0,-3.544050217E0
3.489618417E2,4.219950199E0,7.822050571E0,-7.672050476E0
3.489642854E2,3.736950159E0,9.330000877E0,-7.102050304E0
3.489667288E2,4.966950417E0,9.922050476E0,-6.493950367E0
3.489691725E2,4.816050053E0,1.023300076E1,-5.196000099E0
3.489716162E2,3.547950268E0,9.199050903E0,-4.102050304E0
3.489740596E2,1.147950053E0,7.717050552E0,-1.914000034E0
3.489765032E2,3.295950174E0,6.438000202E0,6.160500050E-1
3.489789469E2,6.763050556E0,6.232050419E0,-1.786950111E0
3.489813906E2,5.815050125E0,6.220050335E0,-5.244000435E0
3.489838340E2,3.030000210E0,7.176000118E0,-5.373000145E0
3.489862777E2,2.001000166E0,8.406000137E0,-2.289000034E0
3.489887213E2,1.153050065E0,9.556050301E0,6.760500073E-1
3.489911650E2,2.992050171E0,9.976950645E0,-1.120950103E0
3.489936085E2,5.536950111E0,9.615000725E0,-5.352000237E0
3.489960521E2,5.935050488E0,9.819000244E0,-6.871950150E0
3.489984958E2,6.651000500E0,8.365950584E0,-7.815000534E0
3.490009392E2,3.334050179E0,7.803000450E0,-5.718000412E0
3.490033829E2,3.085050106E0,7.771950245E0,-1.120950103E0
3.490058265E2,6.267000198E0,8.350950241E0,-5.299500227E-1
3.490082700E2,8.200050354E0,8.904000282E0,-4.260000229E0
3.490107137E2,5.359950066E0,8.559000015E0,-6.642000198E0
3.490131573E2,4.636950016E0,9.615000725E0,-5.826000214E0
3.490156010E2,4.800000191E0,1.046295071E1,-4.762950420E0
3.490180445E2,4.366050243E0,1.105905056E1,-4.492050171E0
3.490204882E2,2.317050219E0,9.819000244E0,-4.096950054E0
3.490229318E2,8.100000024E-2,8.418000221E0,-1.435050011E0
3.490253755E2,3.100500107E-1,7.783950329E0,1.366050124E0
3.490278189E2,3.847050190E0,7.228050232E0,3.240000010E-1
3.490302625E2,7.620000362E0,6.565050125E0,-3.706950188E0
3.490327062E2,6.342000484E0,7.587000370E0,-5.257950306E0
3.490351497E2,3.069000244E0,8.914050102E0,-3.004950047E0
3.490375934E2,1.951050043E0,1.000800037E1,-4.219500124E-1
3.490400370E2,4.339950085E0,1.089195061E1,-1.341000080E0
3.490424807E2,6.295950413E0,1.051095009E1,-5.296950340E0
3.490449242E2,5.857950211E0,9.718050003E0,-7.369950294E0
3.490473679E2,5.961000443E0,8.136000633E0,-7.011000156E0
3.490498115E2,3.354000092E0,6.658050537E0,-4.756050110E0
3.490522549E2,3.397050142E0,6.151050091E0,-1.762950063E0
3.490546986E2,5.572950363E0,7.006050110E0,-1.305000067E0
3.490571422E2,6.301050186E0,7.678050518E0,-2.826000214E0
3.490595857E2,4.957950115E0,7.614000320E0,-4.389000416E0
3.490620294E2,3.502050161E0,8.334000587E0,-3.774000168E0
3.490644730E2,3.883050203E0,9.852000237E0,-3.763950109E0
3.490669167E2,3.841950178E0,1.066200066E1,-4.948950291E0
3.490693601E2,2.908050060E0,1.027905083E1,-4.534950256E0
3.490718038E2,1.062000036E0,8.173950195E0,-2.668050051E0
3.490742474E2,1.335000038E0,6.973950386E0,1.105050087E0
3.490766911E2,5.410050392E0,6.619950294E0,5.299500227E-1
3.490791346E2,8.518050194E0,6.127050400E0,-4.066050053E0
3.490815783E2,5.935050488E0,6.939000130E0,-6.070050240E0
3.490840219E2,2.760000229E0,8.104949951E0,-4.126049995E0
3.490864654E2,2.013000011E0,8.851950645E0,-7.999500632E-1
3.490889091E2,3.073050261E0,9.418950081E0,-2.730000019E-1
3.490913527E2,4.543950081E0,9.226950645E0,-3.381000042E0
3.490937961E2,4.687050343E0,8.758049965E0,-5.200950146E0
3.490962398E2,5.836050510E0,7.000950336E0,-6.421950340E0
3.490986835E2,4.195950031E0,5.739000320E0,-5.481000423E0
3.491011272E2,2.989950180E0,6.499950409E0,-1.480050087E0
3.491035708E2,4.821000099E0,7.638000488E0,-3.499500155E-1
3.491060142E2,7.243950367E0,7.720950603E0,-2.550000191E0
3.491084579E2,5.512950420E0,8.305950165E0,-5.710950375E0
3.491109016E2,3.636000156E0,8.607000351E0,-4.999950409E0
3.491133451E2,4.936050415E0,9.007050514E0,-4.990050316E0
3.491157887E2,5.319000244E0,9.760950089E0,-5.725050449E0
3.491182324E2,3.526050091E0,9.120000839E0,-4.783950329E0
3.491206758E2,1.395000100E0,7.591950417E0,-1.722000122E0
3.491231195E2,1.516950130E0,6.543000221E0,2.272950172E0
3.491255631E2,4.108050346E0,6.579000473E0,1.468950033E0
3.491280066E2,6.531000137E0,6.057000160E0,-2.649000168E0
3.491304503E2,4.357050419E0,6.795000553E0,-5.863950253E0
3.491328940E2,1.836000085E0,7.839000225E0,-4.240950108E0
3.491353376E2,9.949500561E-1,8.208000183E0,-7.570500374E-1
3.491377813E2,2.724000216E0,8.044950485E0,1.639500111E-1
3.491402247E2,6.202950478E0,7.389000416E0,-2.131050110E0
3.491426684E2,7.660950184E0,7.420050144E0,-4.846950054E0
3.491451118E2,6.643050194E0,7.164000511E0,-7.116000175E0
3.491475555E2,3.514050245E0,5.992950439E0,-6.108000278E0
3.491499991E2,2.908050060E0,6.426000118E0,-2.947950125E0
3.491524428E2,5.941950321E0,6.982050419E0,-1.444050074E0
3.491548863E2,7.057950497E0,7.221000195E0,-3.261000156E0
3.491573300E2,4.669950008E0,8.023050308E0,-6.027000427E0
3.491597736E2,3.130950212E0,8.101950645E0,-4.822950363E0
3.491622171E2,4.062000275E0,9.453000069E0,-4.012950420E0
3.491646607E2,4.327950001E0,9.538950920E0,-5.163000107E0
3.491671044E2,2.755050182E0,9.208050728E0,-4.624050140E0
3.491695481E2,5.950500369E-1,7.972950459E0,-2.802000046E0
3.491719915E2,2.269500047E-1,6.823950291E0,6.589500308E-1
3.491744352E2,3.756000280E0,6.436050415E0,1.525950074E0
3.491768788E2,7.318950176E0,5.538000107E0,-2.268000126E0
3.491793225E2,6.934950352E0,6.349950314E0,-5.248950481E0
3.491817660E2,4.048050404E0,7.506000519E0,-5.098050117E0
3.491842096E2,2.712000132E0,8.908950806E0,-1.729050040E0
3.491866533E2,4.354050159E0,9.153000832E0,-2.260950089E0
3.491890968E2,6.358050346E0,9.313950539E0,-5.605950356E0
3.491915404E2,5.494050026E0,8.614950180E0,-8.128950119E0
3.491939841E2,5.383950233E0,7.846050262E0,-7.689000130E0
3.491964278E2,3.925950289E0,5.394000053E0,-5.470950127E0
3.491988712E2,3.238950253E0,5.737050056E0,-2.553000212E0
3.492013148E2,5.149050236E0,6.625050545E0,1.729500145E-1
3.492037585E2,6.979050159E0,6.979050159E0,-2.104950190E0
3.492062020E2,5.010000229E0,7.357950211E0,-4.899000168E0
3.492086457E2,2.833950043E0,8.341950417E0,-5.467050076E0
3.492110893E2,3.234000206E0,9.220050812E0,-4.978050232E0
3.492135330E2,3.610050201E0,1.034295082E1,-5.266050339E0
3.492159764E2,2.797950029E0,9.997950554E0,-3.597000122E0
3.492184201E2,2.980500162E-1,7.767000198E0,-1.513950109E0
3.492208638E2,7.270500064E-1,6.663000107E0,2.842950106E0
3.492233072E2,4.198950291E0,6.378000259E0,1.363050103E0
3.492257509E2,7.930950165E0,6.574950218E0,-3.115050077E0
3.492281946E2,6.805950165E0,6.081000328E0,-7.051950455E0
3.492306382E2,4.206000328E0,8.554950714E0,-4.777050018E0
3.492330817E2,2.371950150E0,8.797050476E0,-1.837050080E0
3.492355254E2,3.028050184E0,9.631950378E0,-2.200950146E0
3.492379690E2,5.302950382E0,9.475950241E0,-5.095950127E0
3.492404125E2,5.323950291E0,8.728950500E0,-7.309950352E0
3.492428562E2,5.668950081E0,7.690050602E0,-7.066050529E0
3.492452998E2,4.069050312E0,6.012000084E0,-6.967950344E0
3.492477435E2,2.001000166E0,6.232050419E0,-2.050050020E0
3.492501869E2,4.393050194E0,6.832950115E0,-3.790500164E-1
3.492526305E2,6.531000137E0,7.333950520E0,-7.500000596E-1
3.492550742E2,5.008050442E0,7.630050182E0,-4.015950203E0
3.492575177E2,3.286950111E0,8.421000481E0,-4.276950359E0
3.492599614E2,3.787050247E0,9.939000130E0,-4.399050236E0
3.492624050E2,4.369050026E0,1.080495071E1,-5.479050159E0
3.492648487E2,3.547950268E0,9.898050308E0,-5.197950363E0
3.492672922E2,1.680000067E0,8.641050339E0,-2.802000046E0
3.492697359E2,1.255950093E0,7.732950211E0,1.375050068E0
3.492721795E2,3.289050102E0,7.816950321E0,2.472000122E0
3.492746229E2,7.582050323E0,7.183050156E0,-2.646000147E0
3.492770666E2,7.122000217E0,6.678000450E0,-6.561000347E0
3.492795102E2,3.552000284E0,7.815000534E0,-5.517000198E0
3.492819539E2,2.098950148E0,9.208050728E0,-2.842050076E0
3.492843974E2,2.137050152E0,9.772950172E0,-1.963950038E0
3.492868410E2,4.108050346E0,8.992950439E0,-3.171000242E0
3.492892847E2,4.546050072E0,8.302950859E0,-4.273950100E0
3.492917281E2,5.865000248E0,7.281000137E0,-5.485950470E0
3.492941718E2,4.855050087E0,5.931000233E0,-6.043950081E0
3.492966155E2,2.748000145E0,6.778050423E0,-3.082050085E0
3.492990591E2,3.163950205E0,7.681050301E0,-1.270500124E-1
3.493015026E2,4.749000072E0,7.495950222E0,-8.580000401E-1
3.493039463E2,4.978950024E0,8.076000214E0,-3.570000172E0
3.493063899E2,4.242000103E0,8.014050484E0,-5.661000252E0
3.493088334E2,4.386000156E0,9.265950203E0,-6.526950359E0
3.493112771E2,5.214000225E0,9.579000473E0,-6.511050224E0
3.493137207E2,4.386000156E0,8.974050522E0,-5.728050232E0
3.493161644E2,1.675050020E0,7.942050457E0,-3.454950094E0
3.493186078E2,7.369500399E-1,6.867000103E0,7.930500507E-1
3.493210515E2,3.214950085E0,6.678000450E0,2.005050182E0
3.493234952E2,6.142950058E0,5.385000229E0,-1.593000054E0
3.493259388E2,5.335950375E0,5.107050419E0,-4.321950436E0
3.493283823E2,3.897000074E0,6.105000496E0,-5.670000076E0
3.493308259E2,2.890950203E0,6.847950459E0,-3.285000086E0
3.493332694E2,2.887050152E0,8.112000465E0,-1.486950040E0
3.493357131E2,5.230950356E0,7.843950272E0,-1.381950021E0
3.493381568E2,5.809950352E0,7.999050617E0,-4.066050053E0
3.493406004E2,5.437050343E0,8.401050568E0,-6.817050457E0
3.493430438E2,4.054950237E0,6.654000282E0,-7.827000141E0
3.493454875E2,2.191950083E0,6.820950508E0,-4.223999977E0
3.493479312E2,3.624000072E0,6.457050323E0,7.800000161E-2
3.493503748E2,6.571950436E0,6.985950470E0,8.205000311E-2
3.493528183E2,6.841950417E0,7.213950157E0,-3.811950207E0
3.493552620E2,4.216050148E0,8.662050247E0,-5.461950302E0
3.493577056E2,4.018949986E0,9.433050156E0,-5.293950081E0
3.493601493E2,4.381050110E0,1.108500099E1,-5.790000439E0
3.493625928E2,3.484950066E0,1.103505039E1,-6.193950176E0
3.493650364E2,6.430500150E-1,1.021605015E1,-4.438950062E0
3.493674801E2,-3.300000131E-1,8.916000366E0,4.249500334E-1
3.493699235E2,1.150950074E0,8.023050308E0,2.686950207E0
3.493723671E2,5.398050308E0,7.309950352E0,1.900500059E-1
3.493748108E2,8.343000412E0,7.149000168E0,-3.895950079E0
3.493772545E2,5.664000034E0,8.005949974E0,-5.197950363E0
3.493796980E2,2.680950165E0,9.862050056E0,-2.707950115E0
3.493821417E2,1.836000085E0,1.043205070E1,-1.492050052E0
3.493845851E2,3.172050238E0,1.071405029E1,-2.830950022E0
3.493870288E2,4.126950264E0,1.045605087E1,-5.146050453E0
3.493894725E2,4.761000156E0,9.997950554E0,-5.353950024E0
3.493919161E2,5.101050377E0,8.224050522E0,-5.905050278E0
3.493943595E2,3.139950037E0,7.213950157E0,-3.906000137E0
3.493968032E2,4.242000103E0,7.185000420E0,-1.990050077E0
3.493992469E2,6.718050480E0,8.016000748E0,-3.148950100E0
3.494016905E2,6.730050087E0,8.908950806E0,-6.192000389E0
3.494041340E2,4.371000290E0,9.256050110E0,-6.814950466E0
3.494065776E2,3.580950260E0,8.872950554E0,-5.923950195E0
3.494090213E2,4.077000141E0,9.453000069E0,-6.028950214E0
3.494114648E2,3.639000177E0,8.890050888E0,-6.007950306E0
3.494139085E2,1.467000127E0,7.398000240E0,-3.894000292E0
3.494163522E2,1.480500102E-1,5.209950447E0,3.550500274E-1
3.494187956E2,9.280500412E-1,5.002050400E0,3.058050156E0
3.494212392E2,5.020050049E0,5.325000286E0,3.223950148E0
3.494236829E2,8.053950310E0,4.822050095E0,-2.476050138E0
3.494261265E2,5.190000057E0,6.292050362E0,-4.914000034E0
3.494285700E2,1.323000073E0,7.324050426E0,-3.951000214E0
3.494310137E2,7.200000286E-1,8.617050171E0,-2.763000250E0
3.494334573E2,3.331950188E0,8.083050728E0,-3.427050114E0
3.494359010E2,5.626050472E0,7.693050385E0,-5.505000114E0
3.494383447E2,5.568000317E0,7.912950516E0,-5.767950058E0
3.494407881E2,5.403000355E0,4.542000294E0,-7.024950504E0
3.494432318E2,2.737950087E0,3.832950115E0,-5.512050152E0
3.494456752E2,4.656000137E0,4.252050400E0,-3.283050060E0
3.494481189E2,7.144050121E0,5.164050102E0,-3.256950140E0
3.494505626E2,5.692950249E0,6.583950520E0,-5.056950092E0
3.494530062E2,2.938950062E0,6.895050526E0,-3.103050232E0
3.494554497E2,3.100050211E0,6.603000164E0,-2.151000023E0
3.494578934E2,4.606050014E0,8.397000313E0,-5.364000320E0
3.494603370E2,2.863050222E0,9.160050392E0,-7.525950432E0
3.494627805E2,8.419500589E-1,8.310000420E0,-6.172950268E0
3.494652241E2,3.940500319E-1,5.752950191E0,-2.521950006E0
3.494676678E2,2.817000151E0,5.445000172E0,1.785000086E0
3.494701115E2,6.466050148E0,5.704950333E0,1.590000093E-1
3.494725549E2,7.618050575E0,6.352050304E0,-4.075950146E0
3.494749985E2,4.369050026E0,7.410000324E0,-4.825050354E0
3.494774422E2,1.656000137E0,7.822050571E0,-2.890050173E0
3.494798857E2,1.627050042E0,8.811000824E0,-1.072950006E0
3.494823294E2,4.411950111E0,8.513999939E0,-3.633000135E0
3.494847730E2,6.117000103E0,8.871000290E0,-6.616050243E0
3.494872167E2,5.578050137E0,8.695950508E0,-7.015950203E0
3.494896601E2,5.046000004E0,6.678000450E0,-6.886050224E0
3.494921038E2,3.504000187E0,6.345000267E0,-4.549950123E0
3.494945475E2,3.849000216E0,6.936000347E0,-1.225950003E0
3.494969909E2,5.523000240E0,8.332050323E0,-1.095000029E0
3.494994346E2,5.535000324E0,9.067049980E0,-4.083000183E0
3.495018782E2,3.502050161E0,8.734050751E0,-5.533950329E0
3.495043219E2,3.399000168E0,9.418950081E0,-4.104000092E0
3.495067654E2,5.235000134E0,1.014900017E1,-5.758950233E0
3.495092091E2,3.448950052E0,1.118805027E1,-5.767950058E0
3.495116527E2,1.420950055E0,1.000995064E1,-4.071000099E0
3.495140964E2,4.999500215E-1,8.065950394E0,-1.500000060E-2
3.495165398E2,1.612950087E0,7.510950565E0,2.830950022E0
3.495189834E2,4.912050247E0,8.145000458E0,-3.379500210E-1
3.495214271E2,7.612950325E0,7.450950146E0,-5.148000240E0
3.495238706E2,4.243950367E0,7.507950306E0,-7.108950138E0
3.495263143E2,1.849950075E0,8.413050652E0,-4.186050415E0
3.495287579E2,2.725950241E0,8.629050255E0,-1.437000036E0
3.495312014E2,5.242950439E0,8.815950394E0,-2.340000153E0
3.495336451E2,5.713950157E0,8.631000519E0,-5.019000053E0
3.495360887E2,5.362050056E0,8.749050140E0,-6.349950314E0
3.495385324E2,5.359950066E0,7.243050575E0,-7.669050217E0
3.495409758E2,2.989950180E0,6.583950520E0,-5.436000347E0
3.495434195E2,2.851050138E0,6.019050121E0,-1.405950069E0
3.495458632E2,5.638050079E0,7.225950241E0,-1.083000064E0
3.495483068E2,6.736950397E0,7.390950203E0,-4.392000198E0
3.495507503E2,4.909950256E0,7.144050121E0,-6.628050327E0
3.495531939E2,4.096050262E0,8.646000862E0,-5.731950283E0
3.495556376E2,4.795050144E0,9.193950653E0,-6.015000343E0
3.495580811E2,4.117050171E0,9.859950066E0,-6.385950089E0
3.495605248E2,1.576950073E0,9.591000557E0,-5.670000076E0
3.495629684E2,-4.549500346E-1,7.045950413E0,-1.720050097E0
3.495654118E2,1.516950130E0,5.871000290E0,1.945050120E0
3.495678555E2,6.175950527E0,5.682000160E0,-2.569500208E-1
3.495702992E2,7.921950340E0,4.966050148E0,-3.955950260E0
3.495727428E2,4.756950378E0,5.899050236E0,-4.711950302E0
3.495751863E2,2.821950197E0,7.060950279E0,-2.287050009E0
3.495776300E2,1.912050128E0,8.682000160E0,1.005000062E-2
3.495800736E2,3.082950115E0,9.091050148E0,-1.891950130E0
3.495825173E2,4.500000000E0,8.782050133E0,-5.871000290E0
3.495849608E2,3.574050188E0,8.811000824E0,-7.521000385E0
3.495874044E2,4.102950096E0,7.341000557E0,-7.183050156E0
3.495898481E2,4.174950123E0,6.061950207E0,-5.505000114E0
3.495922915E2,4.855050087E0,6.613050461E0,-3.445950270E0
3.495947352E2,5.401050091E0,7.426950455E0,-2.059950113E0
3.495971788E2,4.903050423E0,8.655000687E0,-3.511050224E0
3.495996223E2,3.909000158E0,8.346000671E0,-5.067000389E0
3.496020660E2,3.763050079E0,8.788949966E0,-5.404050350E0
3.496045097E2,4.548000336E0,8.674050331E0,-6.982050419E0
3.496069533E2,4.134000301E0,9.357000351E0,-6.364050388E0
3.496093967E2,2.793000221E0,8.265000343E0,-4.825050354E0
3.496118404E2,1.717950106E0,6.421050072E0,-1.966050148E0
3.496142840E2,3.040050030E0,6.049950123E0,1.773000121E0
3.496167277E2,6.399000168E0,6.124050140E0,5.850000381E-1
3.496191712E2,7.869000435E0,6.475950241E0,-3.015000105E0
3.496216148E2,5.049000263E0,7.075050354E0,-5.779950142E0
3.496240585E2,3.670050144E0,8.466000557E0,-4.471050262E0
3.496265020E2,3.061050177E0,9.301950455E0,-1.413000107E0
3.496289457E2,3.078000069E0,9.778050423E0,-3.480000198E-1
3.496313893E2,4.041000366E0,9.643950462E0,-2.265000105E0
3.496338327E2,4.575000286E0,9.295050621E0,-4.261950016E0
3.496362764E2,3.861000299E0,8.595000267E0,-4.068000317E0
3.496387201E2,3.600000143E0,7.132050514E0,-3.175050259E0
3.496411637E2,2.857950211E0,7.390950203E0,-1.405950069E0
3.496436072E2,3.760950089E0,8.457000732E0,-1.164000034E0
3.496460509E2,5.133000374E0,8.389050484E0,-2.557950020E0
3.496484945E2,5.520000458E0,8.191050529E0,-4.489950180E0
3.496509382E2,4.768950462E0,8.587950706E0,-4.903950214E0
3.496533817E2,3.435000181E0,9.994050026E0,-5.311050415E0
3.496558253E2,2.827050209E0,1.117605019E1,-3.244950056E0
3.496582690E2,3.516000271E0,1.041000080E1,-2.959950209E0
3.496607124E2,4.306950092E0,1.006995010E1,-3.841050148E0
3.496631561E2,3.718050241E0,8.659950256E0,-4.972950459E0
3.496655998E2,2.109000206E0,8.160000801E0,-2.815950155E0
3.496680434E2,2.626050234E0,7.482000351E0,-1.653000116E0
3.496704869E2,4.764000416E0,6.772950172E0,-2.122050047E0
3.496729305E2,6.006000519E0,7.249950409E0,-3.606000185E0
3.496753742E2,4.381050110E0,8.133000374E0,-4.066050053E0
3.496778177E2,3.114000082E0,9.223050117E0,-4.363049984E0
3.496802614E2,2.475000143E0,9.040950775E0,-4.281000137E0
3.496827050E2,2.752950191E0,9.274950027E0,-3.300000191E0
3.496851487E2,3.724950075E0,9.115050316E0,-2.574000120E0
3.496875921E2,4.299000263E0,7.876950264E0,-2.692050219E0
3.496900358E2,5.245050430E0,7.381050587E0,-3.385950089E0
3.496924795E2,5.413050175E0,7.314000130E0,-4.495050430E0
3.496949229E2,3.337050200E0,7.762050152E0,-3.538950205E0
3.496973665E2,2.887050152E0,8.143050194E0,-1.293000102E0
3.496998102E2,4.052999973E0,8.491950035E0,-1.200000048E0
3.497022539E2,4.242000103E0,8.956950188E0,-3.553950071E0
3.497046974E2,3.744000196E0,9.084000587E0,-6.052950382E0
3.497071411E2,3.876000166E0,8.358000755E0,-5.742000103E0
3.497095847E2,3.504000187E0,8.212050438E0,-4.111050129E0
3.497120282E2,3.528000116E0,8.713050842E0,-2.167050123E0
3.497144719E2,4.299000263E0,8.883000374E0,-2.392050028E0
3.497169155E2,3.799050093E0,8.787000656E0,-3.586950064E0
3.497193589E2,1.941000104E0,8.746050835E0,-3.367050171E0
3.497218026E2,1.387950063E0,7.951050282E0,-1.954050064E0
3.497242462E2,2.166000128E0,7.903050423E0,-1.180950046E0
3.497266899E2,3.289050102E0,7.549050331E0,-2.494950056E0
3.497291336E2,3.661950111E0,7.534950256E0,-3.573000193E0
3.497315771E2,3.492000103E0,7.908000469E0,-4.036950111E0
3.497340207E2,3.516000271E0,8.097000122E0,-3.721050262E0
3.497364644E2,3.354000092E0,8.047050476E0,-3.051000118E0
3.497389078E2,2.524950027E0,8.526000023E0,-2.365950108E0
3.497413515E2,3.423000097E0,8.076000214E0,-1.887000084E0
3.497437951E2,4.386000156E0,7.810050488E0,-2.905050039E0
3.497462386E2,5.094000340E0,6.931050301E0,-4.096950054E0
3.497486823E2,5.287950039E0,7.317000389E0,-4.284000397E0
3.497511259E2,3.658050060E0,7.213950157E0,-3.646950245E0
3.497535696E2,2.245050192E0,8.193000793E0,-1.008000016E0
3.497560131E2,2.623050213E0,7.956000328E0,7.950000465E-3
3.497584567E2,3.129000187E0,8.595000267E0,-1.660050035E0
3.497609004E2,3.544950247E0,8.731950760E0,-4.690950394E0
3.497633439E2,4.117050171E0,8.277000427E0,-6.870000362E0
3.497657875E2,3.957000256E0,8.179050446E0,-6.039000511E0
3.497682312E2,3.199950218E0,8.260050774E0,-3.082050085E0
3.497706749E2,4.189050198E0,8.647950172E0,-2.329500169E-1
3.497731183E2,4.600950241E0,9.280050278E0,-9.799500704E-1
3.497755620E2,3.325050116E0,9.040950775E0,-3.490950108E0
3.497780056E2,3.013950109E0,8.614950180E0,-5.404050350E0
3.497804491E2,2.608950138E0,7.413000584E0,-4.525950432E0
3.497828928E2,2.290950060E0,7.510950565E0,-1.204950094E0
3.497853364E2,2.716950178E0,7.540050507E0,4.390500188E-1
3.497877799E2,3.994950294E0,7.855950356E0,9.405000508E-2
3.497902236E2,5.647050381E0,7.674000263E0,-1.791000128E0
3.497926673E2,5.494050026E0,7.627950191E0,-4.552050114E0
3.497951109E2,3.586050272E0,8.551950455E0,-5.601000309E0
3.497975546E2,2.341050148E0,8.683950424E0,-4.156949997E0
3.497999980E2,2.037000179E0,8.737050056E0,-2.196000099E0
3.498024416E2,3.475950241E0,8.527950287E0,-5.989500284E-1
3.498048853E2,4.690050125E0,7.362000465E0,-1.518000126E0
3.498073288E2,5.056050301E0,7.707000256E0,-2.859000206E0
3.498097725E2,4.467000008E0,7.822050571E0,-3.441000223E0
3.498122161E2,2.182950020E0,7.855950356E0,-3.453000069E0
3.498146596E2,1.138950109E0,8.026050568E0,-3.210000098E-1
3.498171033E2,2.398050070E0,8.101950645E0,1.234050035E0
3.498195469E2,5.238000393E0,8.161950111E0,-2.328000069E0
3.498219903E2,6.540000439E0,8.080950737E0,-5.941050053E0
3.498244340E2,5.002950191E0,8.619000435E0,-7.237950325E0
3.498268777E2,3.457050085E0,8.682000160E0,-5.553000450E0
3.498293213E2,3.211950064E0,9.334950447E0,-2.787000179E0
3.498317650E2,3.373050213E0,9.163050652E0,-4.395000264E-2
3.498342085E2,4.054950237E0,8.791950226E0,-1.368000031E0
3.498366521E2,4.543950081E0,7.887000561E0,-2.545950174E0
3.498390958E2,3.652950287E0,7.767000198E0,-4.231050014E0
3.498415393E2,2.314050198E0,7.185000420E0,-2.091000080E0
3.498439829E2,2.710050106E0,7.053000450E0,-1.063950062E0
3.498464266E2,3.363000154E0,7.990050316E0,6.160500050E-1
3.498488700E2,4.006950378E0,7.092000484E0,-1.317000031E0
3.498513137E2,5.602050304E0,7.884000301E0,-2.980950117E0
3.498537574E2,5.491950035E0,7.348050117E0,-5.164950371E0
3.498562010E2,3.616950274E0,8.836950302E0,-5.421000481E0
3.498586445E2,2.494050026E0,8.871000290E0,-3.855000257E0
3.498610882E2,2.293050051E0,8.815950394E0,-1.633050084E0
3.498635318E2,2.772000074E0,8.325000763E0,-2.040000111E-1
3.498659755E2,4.326000214E0,8.104949951E0,-1.456050038E0
3.498684190E2,5.341050148E0,7.240050316E0,-3.180000067E0
3.498708626E2,3.964050293E0,8.152050018E0,-4.593000412E0
3.498733063E2,2.773950100E0,7.915050507E0,-3.961050272E0
3.498757497E2,1.567050099E0,8.773050308E0,-2.284950018E0
3.498781933E2,7.320000529E-1,8.773050308E0,-3.960000277E-1
3.498806370E2,2.073000193E0,8.571000099E0,1.800000072E-1
3.498830805E2,4.491000175E0,8.227050781E0,-2.457000017E0
3.498855242E2,5.197050095E0,7.300050259E0,-6.184950352E0
3.498879678E2,4.828050137E0,7.870050430E0,-6.379050255E0
3.498904115E2,3.864000082E0,8.080950737E0,-4.669050217E0
3.498928550E2,3.150000095E0,8.348999977E0,-1.854000092E0
3.498952987E2,2.875050068E0,8.538000107E0,-4.360500276E-1
3.498977423E2,3.457050085E0,8.635950089E0,-2.569500208E-1
3.499001857E2,4.261050224E0,8.121000290E0,-2.517000198E0
3.499026294E2,3.808050156E0,7.779000282E0,-4.015950203E0
3.499050730E2,2.209050179E0,8.394000053E0,-2.646000147E0
3.499075167E2,1.459950089E0,7.935000420E0,-1.264950037E0
3.499099602E2,1.840050101E0,7.597050190E0,-4.360500276E-1
3.499124038E2,3.856050253E0,7.812000275E0,-1.741050124E0
3.499148475E2,5.965950489E0,7.864950180E0,-4.768050194E0
3.499172912E2,5.704950333E0,7.753050327E0,-6.739950180E0
3.499197346E2,3.667050123E0,9.394950867E0,-6.111000061E0
3.499221783E2,2.929950237E0,9.376049995E0,-3.907950163E0
3.499246220E2,2.278950214E0,9.226950645E0,-1.279050112E0
3.499270654E2,2.464950085E0,8.916000366E0,4.905000329E-2
3.499295091E2,4.278000355E0,8.095050812E0,-1.935000062E0
3.499319527E2,5.331000328E0,7.060950279E0,-5.011950016E0
3.499343964E2,4.635000229E0,7.357950211E0,-5.995950222E0
3.499368399E2,3.682050228E0,7.666050434E0,-4.413000107E0
3.499392835E2,2.392950058E0,8.488050461E0,-1.782000065E0
3.499417272E2,1.788000107E0,8.812950134E0,1.162050009E0
3.499441706E2,2.479950190E0,9.280050278E0,7.140000463E-1
3.499466142E2,4.548000336E0,8.773050308E0,-3.831000090E0
3.499490579E2,5.335950375E0,8.631000519E0,-7.597950459E0
3.499515014E2,4.570050240E0,8.665050507E0,-8.494950294E0
3.499539451E2,3.166950226E0,8.638050079E0,-5.775000095E0
3.499563887E2,3.475950241E0,8.619000435E0,-1.576050043E0
3.499588324E2,3.040050030E0,8.892000198E0,3.480000198E-1
3.499612759E2,3.082950115E0,8.464050293E0,1.540500075E-1
3.499637195E2,4.134000301E0,8.356050491E0,-2.373000145E0
3.499661632E2,3.840000153E0,7.561050415E0,-4.621050358E0
3.499686066E2,2.680950165E0,7.711950302E0,-5.335050106E0
3.499710503E2,1.891050100E0,7.978050232E0,-2.536050081E0
3.499734939E2,1.531950116E0,7.786050320E0,4.459500313E-1
3.499759376E2,2.427000046E0,7.852950573E0,1.552050114E0
3.499783813E2,4.255949974E0,7.365000248E0,-8.890500665E-1
3.499808248E2,5.785950184E0,7.362000465E0,-4.518000126E0
3.499832684E2,4.213050365E0,7.711950302E0,-6.790950298E0
3.499857121E2,2.923050165E0,8.746050835E0,-5.461950302E0
3.499881555E2,2.377050161E0,8.818050385E0,-2.871000051E0
3.499905991E2,1.612950087E0,8.806050301E0,-4.720500112E-1
3.499930428E2,2.298000097E0,8.571000099E0,2.205000073E-2
3.499954863E2,4.014000416E0,7.819950581E0,-2.347050190E0
3.499979300E2,4.816050053E0,7.200000286E0,-4.654950142E0
3.500003736E2,4.066950321E0,7.297950268E0,-5.301000118E0
3.500028171E2,3.037950039E0,8.014050484E0,-3.991950274E0
3.500052608E2,1.735050082E0,8.587950706E0,-2.376000166E0
3.500077044E2,1.395000100E0,8.506950378E0,-4.459500313E-1
3.500101481E2,2.793000221E0,8.277000427E0,-6.229500175E-1
3.500125915E2,4.897950172E0,7.789050579E0,-3.628050089E0
3.500150351E2,5.422050476E0,7.321950436E0,-6.403050423E0
3.500174788E2,4.612950325E0,7.789050579E0,-6.987000465E0
3.500199225E2,4.093050003E0,8.260050774E0,-5.104950428E0
3.500223660E2,3.354000092E0,8.155050278E0,-2.944950104E0
3.500248097E2,2.695050240E0,8.844000816E0,-1.011000037E0
3.500272533E2,3.229050159E0,8.695950508E0,-1.039950013E0
3.500296968E2,3.580950260E0,8.623950005E0,-3.094050169E0
3.500321404E2,3.397050142E0,8.478000641E0,-4.672049999E0
3.500345841E2,2.704950094E0,7.939050198E0,-4.360050201E0
3.500370275E2,2.142000198E0,7.534950256E0,-1.795950055E0
3.500394712E2,1.761000037E0,7.357950211E0,3.070500195E-1
3.500419149E2,2.458050013E0,7.831950188E0,2.449500114E-1
3.500443585E2,4.519950390E0,7.606950283E0,-2.182049990E0
3.500468020E2,5.554050446E0,7.807950497E0,-5.445000172E0
3.500492457E2,4.089000225E0,8.301000595E0,-6.288000107E0
3.500516893E2,2.857950211E0,9.105000496E0,-5.092950344E0
3.500541330E2,2.017950058E0,9.438000679E0,-2.926050186E0
3.500565764E2,1.824000120E0,9.232050896E0,-1.308000088E0
3.500590201E2,2.451000214E0,8.566950798E0,-1.377000093E0
3.500614638E2,3.916050196E0,7.810050488E0,-3.039000034E0
3.500639072E2,4.275000095E0,7.386000156E0,-4.854000092E0
3.500663509E2,3.315000057E0,7.807950497E0,-4.525950432E0
3.500687946E2,2.532000065E0,8.551950455E0,-3.159000158E0
3.500712380E2,1.903050065E0,9.084000587E0,-1.276950002E0
3.500736817E2,1.836000085E0,8.842050552E0,-9.130500555E-1
3.500761253E2,2.776950121E0,8.725049973E0,-1.336050034E0
3.500785690E2,4.374000072E0,8.334000587E0,-4.297950268E0
3.500810127E2,4.572000027E0,8.026050568E0,-6.003000259E0
3.500834561E2,4.147950172E0,8.239050865E0,-5.424000263E0
3.500858998E2,4.302000046E0,8.362950325E0,-3.606000185E0
3.500883434E2,3.394050121E0,9.052950859E0,-1.837050080E0
3.500907869E2,2.611050129E0,9.910050392E0,-6.330000162E-1
3.500932305E2,2.721000195E0,1.013295078E1,-1.456050038E0
3.500956742E2,3.322050095E0,1.000995064E1,-3.499050140E0
3.500981177E2,3.169050217E0,9.685050011E0,-5.100000381E0
3.501005614E2,2.635050058E0,9.385950089E0,-5.239050388E0
3.501030050E2,1.423950076E0,8.832000732E0,-3.589950085E0
3.501054485E2,9.400500655E-1,8.284049988E0,-7.039500475E-1
3.501078921E2,1.663050056E0,8.002050400E0,1.710000038E-1
3.501103358E2,4.018949986E0,7.963050365E0,-1.237950087E0
3.501127795E2,6.307950497E0,7.863000393E0,-4.060950279E0
3.501152231E2,5.458050251E0,8.334000587E0,-5.811000347E0
3.501176666E2,3.792000294E0,9.409049988E0,-5.752050400E0
3.501201102E2,2.446050167E0,9.735000610E0,-4.168950081E0
3.501225539E2,1.291950107E0,9.349950790E0,-1.432050109E0
3.501249974E2,1.050000072E0,8.914050102E0,3.499500155E-1
3.501274410E2,2.512950182E0,8.092950821E0,-8.650500178E-1
3.501298847E2,4.192049980E0,7.710000515E0,-3.549000263E0
3.501323282E2,3.859050274E0,7.372050285E0,-5.110050201E0
3.501347718E2,3.849000216E0,8.176050186E0,-4.068000317E0
3.501372155E2,3.217050076E0,8.409000397E0,-2.854050159E0
3.501396592E2,1.702050090E0,9.241950035E0,-1.380000114E0
3.501421026E2,1.417050123E0,8.526000023E0,-9.100500345E-1
3.501445463E2,2.941950083E0,7.932000160E0,-1.269000053E0
3.501469899E2,5.190000057E0,7.293000221E0,-3.814950228E0
3.501494336E2,5.817000389E0,6.666000366E0,-5.959950447E0
3.501518771E2,4.998000145E0,7.291050434E0,-5.886000156E0
3.501543207E2,3.667050123E0,7.699950218E0,-3.799950123E0
3.501567644E2,3.409050226E0,8.361000061E0,-1.372050047E0
3.501592078E2,3.322050095E0,8.962050438E0,-2.899500132E-1
3.501616515E2,2.773950100E0,9.025950432E0,-1.140000105E0
3.501640951E2,3.409050226E0,8.952000618E0,-2.871000051E0
3.501665386E2,3.796950102E0,8.578950882E0,-4.509000301E0
3.501689823E2,3.528000116E0,8.041950226E0,-4.332000256E0
3.501714259E2,2.839050055E0,7.156050205E0,-2.320950031E0
3.501738696E2,2.257050037E0,6.721050262E0,-6.495000422E-2
3.501763131E2,2.439000130E0,7.309950352E0,1.059000015E0
3.501787568E2,4.084050179E0,7.650000572E0,-4.270500243E-1
3.501812004E2,5.950950146E0,7.678050518E0,-3.682950258E0
3.501836441E2,5.346000195E0,7.828950405E0,-5.400000095E0
3.501860876E2,3.772950172E0,9.088950157E0,-5.005050182E0
3.501885312E2,2.671050072E0,9.946050644E0,-2.953050137E0
3.501909749E2,1.735050082E0,9.714000702E0,-5.269500017E-1
3.501934183E2,2.098950148E0,9.237000465E0,1.294050097E0
3.501958620E2,3.873000145E0,8.610000610E0,-1.222050071E0
3.501983056E2,4.972050190E0,8.980950356E0,-2.173950195E0
3.502007493E2,4.668000221E0,8.590950012E0,-3.910050154E0
3.502031928E2,4.357050419E0,9.024000168E0,-3.400050163E0
3.502056365E2,4.150950432E0,9.856950760E0,-3.067950249E0
3.502080801E2,3.412950277E0,9.997950554E0,-2.124000072E0
3.502105236E2,3.387000084E0,9.440999985E0,-3.669000149E0
3.502129672E2,3.712950230E0,9.256050110E0,-2.119050026E0
3.502154109E2,4.972050190E0,9.229950905E0,-2.713050127E0
3.502178546E2,5.425050259E0,9.199050903E0,-4.096950054E0
3.502202980E2,4.732950211E0,9.714000702E0,-4.258049965E0
3.502227416E2,3.616950274E0,1.041495037E1,-3.573000193E0
3.502251853E2,3.190950155E0,1.072605038E1,-1.585050106E0
3.502276288E2,3.421050072E0,1.086300087E1,-3.979500234E-1
3.502300725E2,3.612000227E0,1.077195072E1,-9.970500469E-1
3.502325161E2,4.002000332E0,1.027395058E1,-2.359050035E0
3.502349598E2,4.157999992E0,9.655950546E0,-3.376050234E0
3.502374032E2,3.648000240E0,8.703000069E0,-3.585000277E0
3.502398469E2,2.518050194E0,7.846050262E0,-2.353950024E0
3.502422906E2,2.475000143E0,7.930050373E0,-3.979500234E-1
3.502447340E2,3.388950109E0,8.014050484E0,1.540500075E-1
3.502471777E2,4.840050220E0,8.193000793E0,-1.317000031E0
3.502496213E2,5.110950470E0,7.659000397E0,-3.385950089E0
3.502520650E2,5.061000347E0,8.188050270E0,-5.055000305E0
3.502545085E2,4.050000191E0,9.579000473E0,-5.119050026E0
3.502569522E2,2.941950083E0,9.466950417E0,-3.652050257E0
3.502593958E2,2.431950092E0,8.643000603E0,-1.609050035E0
3.502618395E2,2.238000154E0,7.947000504E0,-5.805000290E-2
3.502642830E2,3.040050030E0,7.875000477E0,-3.330000043E-1
3.502667266E2,4.678050041E0,6.936000347E0,-2.500050068E0
3.502691702E2,4.765950203E0,6.880950451E0,-4.131000042E0
3.502716137E2,3.961950302E0,7.402950287E0,-4.126049995E0
3.502740574E2,3.382050276E0,7.923000336E0,-3.216000080E0
3.502765010E2,2.572950125E0,8.145000458E0,-2.208000183E0
3.502789445E2,2.631000042E0,7.683000565E0,-1.732050061E0
3.502813882E2,3.523950100E0,7.374000549E0,-2.124000072E0
3.502838318E2,5.053950310E0,7.402950287E0,-3.831000090E0
3.502862755E2,4.918950081E0,7.369950294E0,-4.891950130E0
3.502887189E2,4.768950462E0,7.912950516E0,-5.245950222E0
3.502911626E2,3.861000299E0,8.149950027E0,-4.102050304E0
3.502936063E2,2.890950203E0,8.808000565E0,-2.716050148E0
3.502960499E2,2.733000040E0,8.557050705E0,-1.879950047E0
3.502984934E2,2.956050158E0,8.119050026E0,-1.660050035E0
3.503009370E2,3.744000196E0,7.755000591E0,-2.269950151E0
3.503033807E2,3.931050301E0,7.168050289E0,-2.968950033E0
3.503058242E2,3.652950287E0,6.385050297E0,-3.019950151E0
3.503082679E2,3.109050035E0,5.884950161E0,-1.404000044E0
3.503107115E2,3.069000244E0,6.487950325E0,3.739500046E-1
3.503131549E2,3.081000090E0,7.123050213E0,4.180500209E-1
3.503155986E2,4.012050152E0,7.318950176E0,-9.490500689E-1
3.503180423E2,5.022000313E0,7.200000286E0,-3.918000221E0
3.503204859E2,4.753950119E0,7.903050423E0,-5.910000324E0
3.503229296E2,3.586050272E0,8.368050575E0,-5.488050461E0
3.503253731E2,2.644950151E0,8.734050751E0,-3.268950224E0
3.503278167E2,2.602050066E0,8.464050293E0,-1.260000110E0
3.503302604E2,2.926950216E0,8.124000549E0,-3.720000088E-1
3.503327039E2,3.901950121E0,7.786050320E0,-9.199500680E-1
3.503351475E2,5.443950176E0,7.152000427E0,-2.530950069E0
3.503375912E2,5.358000278E0,7.504050255E0,-4.276950359E0
3.503400346E2,4.227000237E0,8.467950821E0,-3.787950277E0
3.503424783E2,3.502050161E0,9.022050858E0,-2.446950197E0
3.503449219E2,2.221050024E0,9.131999969E0,-1.260000110E0
3.503473656E2,2.061000109E0,8.848950386E0,-3.280500174E-1
3.503498091E2,3.394050121E0,8.433000565E0,-7.639500499E-1
3.503522527E2,5.539950371E0,8.737050056E0,-2.785050154E0
3.503546964E2,6.141000271E0,8.871000290E0,-4.890000343E0
3.503571401E2,4.443000317E0,9.417000771E0,-5.187000275E0
3.503595835E2,3.451950073E0,1.034295082E1,-3.079950094E0
3.503620272E2,3.073050261E0,1.063305092E1,-1.284000039E0
3.503644709E2,3.247950077E0,1.091100025E1,-5.659500360E-1
3.503669143E2,3.070950031E0,1.080495071E1,-1.216950059E0
3.503693580E2,3.229050159E0,1.015395069E1,-2.620050192E0
3.503718016E2,3.538050175E0,9.394950867E0,-3.466950178E0
3.503742451E2,3.223950148E0,8.727000237E0,-2.704050064E0
3.503766888E2,2.788950205E0,8.269950867E0,-1.273950100E0
3.503791324E2,2.668950081E0,8.509050369E0,3.499500155E-1
3.503815761E2,3.484950066E0,8.610000610E0,-2.260500044E-1
3.503840195E2,4.801950455E0,8.581050873E0,-2.419050217E0
3.503864632E2,4.455000401E0,8.758049965E0,-4.273950100E0
3.503889068E2,4.206000328E0,9.405000687E0,-4.777050018E0
3.503913505E2,3.442050219E0,9.514950752E0,-4.375050068E0
3.503937940E2,2.607000113E0,9.117000580E0,-3.487050056E0
3.503962376E2,2.382000208E0,8.348999977E0,-2.107050180E0
3.503986813E2,2.743050098E0,7.650000572E0,-1.341000080E0
3.504011248E2,4.036050320E0,6.936000347E0,-2.293950081E0
3.504035685E2,5.010000229E0,6.441000462E0,-3.369000196E0
3.504060121E2,4.765950203E0,6.615000248E0,-3.846000195E0
3.504084558E2,3.955050230E0,7.207050323E0,-3.835950136E0
3.504108992E2,2.455950022E0,7.681050301E0,-2.766000032E0
3.504133429E2,1.735050082E0,7.426950455E0,-1.807950139E0
3.504157865E2,2.026950121E0,6.951000214E0,-1.003950000E0
3.504182300E2,3.246000051E0,6.615000248E0,-2.194050074E0
3.504206736E2,4.845000267E0,6.523950100E0,-3.642000198E0
3.504231173E2,4.800000191E0,6.223050117E0,-4.738950253E0
3.504255610E2,4.030950069E0,6.883050442E0,-4.210050106E0
3.504280044E2,3.355950117E0,7.279050350E0,-2.562000036E0
3.504304481E2,2.590050220E0,7.978050232E0,-1.198050022E0
3.504328918E2,2.281050205E0,7.981950283E0,-1.210050106E0
3.504353352E2,2.482050180E0,8.176050186E0,-1.617000103E0
3.504377789E2,3.022950172E0,7.599000454E0,-3.420000076E0
3.504402225E2,2.701950073E0,7.353000164E0,-2.917050123E0
3.504426660E2,1.978950143E0,6.618000507E0,-1.231050014E0
3.504451097E2,1.599000096E0,6.622950077E0,2.569500208E-1
3.504475534E2,1.342050076E0,7.326000214E0,9.180000424E-1
3.504499970E2,2.985000134E0,7.579950333E0,-7.005000114E-2
3.504524404E2,4.867050171E0,8.718000412E0,-2.905050039E0
3.504548841E2,5.311950207E0,8.313000679E0,-4.521000385E0
3.504573277E2,4.078950405E0,9.249000549E0,-5.124000072E0
3.504597714E2,2.650050163E0,1.003905010E1,-4.344000340E0
3.504622149E2,1.773000121E0,1.000095081E1,-2.244000196E0
3.504646585E2,1.663050056E0,1.009395027E1,-6.540000439E-1
3.504671022E2,2.713950157E0,1.012995052E1,-7.519500256E-1
3.504695459E2,4.467000008E0,9.253950119E0,-3.522000074E0
3.504719893E2,4.693950176E0,9.438000679E0,-3.835950136E0
3.504744330E2,4.234950066E0,9.337950706E0,-3.726000071E0
3.504768764E2,3.061050177E0,1.024500084E1,-2.818950176E0
3.504793201E2,2.038950205E0,1.056405067E1,-1.654950023E0
3.504817637E2,1.881000042E0,9.879000664E0,-1.164000034E0
3.504842074E2,3.033000231E0,9.000000000E0,-2.349000216E0
3.504866511E2,5.056050301E0,9.093000412E0,-3.726000071E0
3.504890946E2,5.623050213E0,8.667000771E0,-5.311050415E0
3.504915382E2,4.807050228E0,9.381000519E0,-4.624050140E0
3.504939819E2,3.520950079E0,9.856950760E0,-2.052000046E0
3.504964253E2,3.270000219E0,9.991050720E0,-5.869500041E-1
3.504988690E2,3.004050255E0,1.018995094E1,-7.810500264E-1
3.505013127E2,2.821950197E0,1.025700092E1,-1.858050108E0
3.505037561E2,3.139950037E0,9.486000061E0,-3.108000040E0
3.505061998E2,2.896050215E0,8.794050217E0,-3.403050184E0
3.505086435E2,2.068050146E0,8.071050644E0,-1.767000079E0
3.505110869E2,1.444950104E0,7.420050144E0,-4.800000042E-2
3.505135306E2,1.531950116E0,7.195050240E0,4.510500133E-1
3.505159742E2,2.757000208E0,7.630050182E0,1.330500096E-1
3.505184179E2,4.275000095E0,7.935000420E0,-2.148000002E0
3.505208616E2,4.776000023E0,7.489050388E0,-3.802950144E0
3.505233050E2,3.997950077E0,7.711950302E0,-3.805050135E0
3.505257486E2,3.391950130E0,9.271050453E0,-4.510950089E0
3.505281923E2,2.656950235E0,9.010050774E0,-3.769050121E0
3.505306358E2,1.824000120E0,8.545050621E0,-2.227050066E0
3.505330794E2,1.612950087E0,8.377950668E0,-7.830000520E-1
3.505355231E2,2.422049999E0,8.361000061E0,-1.003950000E0
3.505379666E2,3.945000172E0,7.855950356E0,-2.932950258E0
3.505404103E2,3.724950075E0,7.789050579E0,-3.883950233E0
3.505428539E2,3.289050102E0,8.380050659E0,-3.955950260E0
3.505452976E2,2.310000181E0,8.530950546E0,-2.991000175E0
3.505477410E2,1.915050149E0,8.494950294E0,-1.717050076E0
3.505501847E2,2.061000109E0,7.882050514E0,-1.332000017E0
3.505526283E2,2.817000151E0,7.674000263E0,-1.396050096E0
3.505550720E2,4.242000103E0,7.504050255E0,-2.553000212E0
3.505575155E2,5.515950203E0,7.422000408E0,-3.951000214E0
3.505599591E2,5.070000172E0,8.124000549E0,-4.648050308E0
3.505624028E2,3.997950077E0,9.358950615E0,-3.738000154E0
3.505648463E2,2.572950125E0,9.883950233E0,-2.068950176E0
3.505672899E2,1.728000045E0,9.991050720E0,-1.047000051E0
3.505697336E2,1.915050149E0,1.024500084E1,-1.099050045E0
3.505721770E2,2.425050020E0,9.603000641E0,-2.023950100E0
3.505746207E2,2.307000160E0,8.907000542E0,-2.923950195E0
3.505770643E2,1.929000139E0,7.456050396E0,-2.578950167E0
3.505795080E2,1.168050051E0,7.377000332E0,-1.480050087E0
3.505819515E2,1.528950095E0,8.064000130E0,-1.800000072E-1
3.505843952E2,2.764950037E0,8.782050133E0,-1.044000030E0
3.505868388E2,4.081050396E0,9.306000710E0,-2.629050016E0
3.505892825E2,4.836000443E0,9.211050034E0,-4.039950371E0
3.505917260E2,4.144050121E0,9.570000648E0,-4.258049965E0
3.505941696E2,3.154950142E0,1.002195072E1,-3.879000187E0
3.505966133E2,3.094950199E0,9.164999962E0,-2.383050203E0
3.505990567E2,2.235000134E0,8.695950508E0,-3.565950155E0
3.506015004E2,1.552950025E0,8.964000702E0,1.090500057E-1
3.506039440E2,2.374050140E0,8.679000854E0,3.070500195E-1
3.506063877E2,4.012050152E0,8.707950592E0,-7.000500560E-1
3.506088312E2,4.045950413E0,9.556050301E0,-2.661000013E0
3.506112749E2,3.337050200E0,9.799950600E0,-4.099050045E0
3.506137185E2,1.708950043E0,9.975000381E0,-3.373950243E0
3.506161620E2,9.859500527E-1,9.426000595E0,-1.933050036E0
3.506186057E2,1.812000036E0,8.715000153E0,-1.075950027E0
3.506210493E2,3.199950218E0,8.575950623E0,-2.131050110E0
3.506234930E2,5.152050018E0,8.550000191E0,-2.979000092E0
3.506259364E2,5.329050064E0,8.667000771E0,-3.295050144E0
3.506283800E2,3.694050074E0,9.670050621E0,-2.842050076E0
3.506308237E2,2.752950191E0,1.030305004E1,-1.168950081E0
3.506332672E2,2.257050037E0,1.065900040E1,1.800000109E-2
3.506357109E2,2.221050024E0,1.010400009E1,-5.179499984E-1
3.506381545E2,2.494050026E0,9.453000069E0,-1.798950076E0
3.506405982E2,3.361050129E0,8.266950607E0,-2.269950151E0
3.506430417E2,3.054000139E0,7.516050339E0,-2.541000128E0
3.506454854E2,1.965000153E0,7.269000530E0,-1.518000126E0
3.506479290E2,1.318050027E0,7.434000492E0,7.810500264E-1
3.506503727E2,1.374000072E0,8.097000122E0,5.200500488E-1
3.506528162E2,1.705950022E0,8.647950172E0,-6.040500402E-1
3.506552598E2,3.375000238E0,9.535950661E0,1.308000088E0
3.506577035E2,6.235950470E0,9.910050392E0,-3.661050081E0
3.506601469E2,5.740950108E0,8.641050339E0,-5.979000092E0
3.506625906E2,4.246950150E0,9.598950386E0,-6.807000160E0
3.506650342E2,2.389050007E0,8.848950386E0,-3.967950106E0
3.506674779E2,1.765950084E0,8.056950569E0,-5.800500512E-1
3.506699214E2,2.428950071E0,8.518950462E0,8.509500623E-1
3.506723651E2,3.709950209E0,7.542000294E0,9.799500704E-1
3.506748087E2,4.948050022E0,7.312050343E0,-1.108950019E0
3.506772522E2,4.687050343E0,7.470000267E0,-3.550950050E0
3.506796959E2,3.367950201E0,8.916000366E0,-4.032000065E0
3.506821395E2,1.918950081E0,9.547950745E0,-2.602950096E0
3.506845832E2,1.393050075E0,9.627000809E0,-9.940500259E-1
3.506870266E2,1.645950079E0,9.064949989E0,3.600000143E-1
3.506894702E2,3.889950275E0,8.473050117E0,-7.020000219E-1
3.506919139E2,5.560950279E0,8.530950546E0,-3.573000193E0
3.506943574E2,4.522050381E0,8.406000137E0,-5.050050259E0
3.506968011E2,3.088050127E0,9.601050377E0,-3.903000116E0
3.506992447E2,2.282999992E0,1.043700027E1,-9.340500236E-1
3.507016884E2,1.729950070E0,1.057500076E1,4.990500212E-1
3.507041319E2,1.606050134E0,1.047300053E1,0.000000000E0
3.507065755E2,2.194950104E0,1.037895012E1,-8.770500422E-1
3.507090192E2,3.507000208E0,9.730050087E0,-2.941050053E0
3.507114626E2,3.768000126E0,9.376049995E0,-3.771000147E0
3.507139063E2,2.829000235E0,8.883000374E0,-2.752050161E0
3.507163499E2,1.611000061E0,9.105000496E0,-5.610000491E-1
3.507187936E2,1.258950114E0,9.097949982E0,9.540000558E-1
3.507212371E2,1.942950130E0,8.513999939E0,2.140500098E-1
3.507236808E2,3.868050098E0,7.717050552E0,-2.605050087E0
3.507261244E2,4.921950340E0,7.812000275E0,-5.170050144E0
3.507285681E2,4.723050117E0,8.413050652E0,-6.025050163E0
3.507310116E2,3.571050167E0,9.192000389E0,-4.399050236E0
3.507334552E2,2.587050200E0,9.253950119E0,-1.861050129E0
3.507358989E2,2.113049984E0,9.445050240E0,3.390000165E-1
3.507383424E2,2.056050062E0,9.526950836E0,1.227000117E0
3.507407860E2,2.653950214E0,9.354000092E0,5.400000215E-1
3.507432297E2,3.756000280E0,8.614950180E0,-1.732050061E0
3.507456731E2,3.556950092E0,8.233950615E0,-4.413000107E0
3.507481168E2,3.145050049E0,8.337000847E0,-4.456050396E0
3.507505604E2,2.712000132E0,8.575950623E0,-3.384000063E0
3.507530041E2,1.753950119E0,9.163050652E0,-1.918050051E0
3.507554476E2,1.708950043E0,8.863950729E0,-3.840000033E-1
3.507578912E2,3.033000231E0,9.012000084E0,-2.490000129E-1
3.507603349E2,4.687050343E0,8.868000031E0,-2.068950176E0
3.507627786E2,4.632000446E0,8.667000771E0,-4.401000023E0
3.507652221E2,3.555000067E0,8.895000458E0,-5.044950008E0
3.507676657E2,2.724000216E0,9.103050232E0,-3.669000149E0
3.507701092E2,2.821950197E0,8.722050667E0,-2.256000042E0
3.507725528E2,2.476950169E0,8.464050293E0,-7.470000386E-1
3.507749965E2,2.740950108E0,8.485050201E0,-2.160000056E-1
3.507774402E2,3.100050211E0,8.128950119E0,-7.039500475E-1
3.507798836E2,3.069000244E0,8.002050400E0,-1.039950013E0
3.507823273E2,2.293050051E0,8.365950584E0,-2.254050016E0
3.507847709E2,1.249050021E0,8.482950211E0,-1.806000113E0
3.507872146E2,8.989500403E-1,8.200050354E0,5.595000088E-2
3.507896581E2,1.459950089E0,8.358000755E0,1.660500020E-1
3.507921018E2,3.727050066E0,8.703000069E0,-2.401950121E0
3.507945454E2,5.245050430E0,8.442000389E0,-4.831950188E0
3.507969891E2,5.056050301E0,8.217000008E0,-5.509950161E0
3.507994325E2,3.472950220E0,9.007050514E0,-4.665000439E0
3.508018762E2,2.578050137E0,8.479949951E0,-2.127000093E0
3.508043199E2,2.491950035E0,8.125950813E0,-6.300000101E-2
3.508067633E2,2.475000143E0,8.131050110E0,7.189500332E-1
3.508092070E2,2.857950211E0,7.693050385E0,-3.195000067E-2
3.508116506E2,4.539000034E0,7.774050236E0,-2.437950134E0
3.508140941E2,4.162950039E0,8.224050522E0,-4.522950172E0
3.508165378E2,2.737950087E0,9.156000137E0,-4.108950138E0
3.508189815E2,2.803050041E0,9.637050629E0,-2.682000160E0
3.508214251E2,2.893950224E0,9.991050720E0,-1.633050084E0
3.508238688E2,2.745000124E0,9.390000343E0,-1.726950049E0
3.508263122E2,3.294000149E0,7.711950302E0,-2.434950113E0
3.508287558E2,3.475950241E0,7.759950161E0,-3.154050112E0
3.508311993E2,3.634050131E0,8.083050728E0,-2.593050241E0
3.508336430E2,3.520950079E0,7.932000160E0,-2.458950043E0
3.508360867E2,2.872050047E0,8.940000534E0,-1.273950100E0
3.508385303E2,2.712000132E0,9.771000862E0,-2.449500114E-1
3.508409737E2,2.335950136E0,1.039800072E1,-3.360000253E-1
3.508434174E2,2.350050211E0,1.045605087E1,-1.095000029E0
3.508458610E2,2.322000027E0,1.049400043E1,-2.356050014E0
3.508483047E2,2.628000021E0,9.634950638E0,-2.983950138E0
3.508507482E2,2.683050156E0,8.947050095E0,-3.046050072E0
3.508531918E2,2.341050148E0,7.872000217E0,-2.122050047E0
3.508556355E2,1.728000045E0,7.366950512E0,-7.950000465E-3
3.508580792E2,1.515000105E0,7.822050571E0,1.177050114E0
3.508605227E2,1.879050136E0,8.476050377E0,-1.500000060E-2
3.508629663E2,3.406050205E0,8.827950478E0,3.649500310E-1
3.508654100E2,4.548000336E0,8.715000153E0,-3.955950260E0
3.508678535E2,5.532000065E0,8.653050423E0,-5.917050362E0
3.508702971E2,4.129050255E0,1.000800037E1,-6.151050091E0
3.508727408E2,2.824050188E0,1.002705002E1,-3.709050179E0
3.508751842E2,2.470050097E0,9.283050537E0,-6.010500193E-1
3.508776279E2,2.347950220E0,8.583000183E0,9.829500318E-1
3.508800716E2,2.524950027E0,8.782050133E0,1.054050088E0
3.508825152E2,2.805000067E0,8.329950333E0,-5.970000029E-1
3.508849589E2,3.174000263E0,7.609050274E0,-2.349000216E0
3.508874024E2,3.670050144E0,8.193000793E0,-3.883950233E0
3.508898460E2,3.078000069E0,8.689050674E0,-4.351050377E0
3.508922897E2,2.005950212E0,9.478950500E0,-3.424050093E0
3.508947331E2,1.575000048E0,9.421050072E0,-1.392000079E0
3.508971768E2,2.539950132E0,9.261000633E0,-5.580000281E-1
3.508996204E2,4.230000019E0,9.019050598E0,-1.420050025E0
3.509020639E2,5.070000172E0,8.515950203E0,-4.042050362E0
3.509045076E2,3.574050188E0,8.683950424E0,-4.815000057E0
3.509069512E2,2.322000027E0,9.238950729E0,-3.490950108E0
3.509093949E2,1.897950053E0,9.373950005E0,-1.404000044E0
3.509118384E2,1.684950113E0,9.124950409E0,2.689500153E-1
3.509142820E2,1.728000045E0,9.169950485E0,8.839500546E-1
3.509167257E2,2.239950180E0,9.160050392E0,2.809500098E-1
3.509191694E2,2.596950054E0,9.261000633E0,-1.261950016E0
3.509216128E2,2.530050039E0,9.241950035E0,-2.902050257E0
3.509240565E2,1.993950129E0,8.650050163E0,-2.919000149E0
3.509265002E2,1.033950090E0,8.690999985E0,-1.303050041E0
3.509289436E2,1.282950044E0,8.959050179E0,-5.080500245E-1
3.509313873E2,2.956050158E0,8.497050285E0,-1.770000100E0
3.509338309E2,5.154000282E0,8.265000343E0,-4.248000145E0
3.509362744E2,5.416950226E0,8.530950546E0,-5.043000221E0
3.509387181E2,4.266000271E0,9.163050652E0,-4.357950211E0
3.509411618E2,2.877000093E0,9.273000717E0,-2.754000187E0
3.509436054E2,1.825950146E0,8.703000069E0,-6.660000086E-1
3.509460488E2,1.476000071E0,8.095050812E0,1.252950072E0
3.509484925E2,1.729950070E0,8.145000458E0,1.708050132E0
3.509509362E2,2.737950087E0,8.064000130E0,6.599999964E-2
3.509533798E2,4.560000420E0,7.597050190E0,-2.803950071E0
3.509558233E2,5.062950134E0,8.017950058E0,-5.218050480E0
3.509582669E2,4.000050068E0,9.091050148E0,-5.917050362E0
3.509607106E2,2.680950165E0,9.915000916E0,-4.258049965E0
3.509631541E2,2.218950033E0,9.655950546E0,-2.682000160E0
3.509655978E2,2.362050056E0,9.081000328E0,-1.225950003E0
3.509680414E2,3.612000227E0,8.497050285E0,-1.678950071E0
3.509704848E2,3.967050076E0,7.579950333E0,-3.420000076E0
3.509729285E2,3.532950163E0,7.711950302E0,-4.223999977E0
3.509753722E2,2.890950203E0,7.828950405E0,-2.485950232E0
3.509778158E2,2.311950207E0,9.048000336E0,1.300500035E-1
3.509802595E2,1.807050109E0,9.450000763E0,1.323000073E0
3.509827029E2,1.690050125E0,1.016595078E1,7.740000486E-1
3.509851466E2,1.821000099E0,1.030305004E1,-9.900000691E-2
3.509875903E2,2.392950058E0,9.778050423E0,-2.215050220E0
3.509900338E2,2.832000017E0,9.637050629E0,-3.826950073E0
3.509924774E2,2.440950155E0,8.892000198E0,-3.537000179E0
3.509949211E2,2.154000044E0,8.631000519E0,-2.031000137E0
3.509973645E2,2.170950174E0,9.163050652E0,-2.929500043E-1
3.509998082E2,2.638050079E0,9.286950111E0,2.929500043E-1
3.510022519E2,3.634050131E0,9.354000092E0,-1.798950076E0
3.510046953E2,4.390050411E0,9.412050247E0,-4.324950218E0
3.510071390E2,3.961950302E0,9.499950409E0,-6.400050163E0
3.510095826E2,2.452950001E0,1.001505089E1,-5.668050289E0
3.510120263E2,1.668000102E0,9.603000641E0,-2.802000046E0
3.510144700E2,2.077050209E0,9.570000648E0,-5.295000225E-2
3.510169135E2,2.937000036E0,9.081000328E0,5.179499984E-1
3.510193571E2,4.078950405E0,8.611950874E0,-4.459500313E-1
3.510218008E2,5.128050327E0,8.449049950E0,-2.895000219E0
3.510242443E2,4.773000240E0,8.611950874E0,-5.203050137E0
3.510266879E2,4.052999973E0,9.405000687E0,-5.577000141E0
3.510291316E2,2.745000124E0,9.256050110E0,-3.841050148E0
3.510315750E2,1.608000040E0,8.989950180E0,-2.004000187E0
3.510340187E2,1.852050066E0,8.083050728E0,-6.229500175E-1
3.510364623E2,3.516000271E0,7.714050293E0,-1.602000117E0
3.510389060E2,4.486050129E0,6.948000431E0,-3.736050129E0
3.510413495E2,4.000050068E0,7.990050316E0,-4.849050045E0
3.510437931E2,3.033000231E0,7.920000553E0,-3.397950172E0
3.510462368E2,2.530050039E0,8.989950180E0,-1.714950085E0
3.510486803E2,2.683050156E0,9.019050598E0,3.000000119E-2
3.510511240E2,2.745000124E0,9.369000435E0,-4.360500276E-1
3.510535676E2,2.793000221E0,9.559950829E0,-7.810500264E-1
3.510560112E2,4.150950432E0,8.752950668E0,-3.238050222E0
3.510584547E2,4.081050396E0,9.055050850E0,-5.008950233E0
3.510608984E2,2.803050041E0,8.647950172E0,-5.148000240E0
3.510633420E2,1.749000072E0,8.434950829E0,-1.837050080E0
3.510657855E2,1.450050116E0,8.374950409E0,2.239500135E-1
3.510682292E2,1.692000031E0,8.524050713E0,7.000500560E-1
3.510706728E2,3.375000238E0,8.466000557E0,-2.308950186E0
3.510731165E2,4.438050270E0,8.491950035E0,-4.284000397E0
3.510755599E2,4.093050003E0,8.569050789E0,-6.313950062E0
3.510780036E2,3.457050085E0,9.397050858E0,-5.730000496E0
3.510804472E2,2.908050060E0,9.184050560E0,-4.321950436E0
3.510828909E2,2.370000124E0,8.923050880E0,-1.710000038E0
3.510853344E2,2.539950132E0,8.562000275E0,-3.169500232E-1
3.510877780E2,3.045000076E0,8.358000755E0,-1.350000054E-1
3.510902217E2,4.285050392E0,7.599000454E0,-2.349000216E0
3.510926652E2,4.539000034E0,6.919050217E0,-4.557000160E0
3.510951089E2,3.973950148E0,7.281000137E0,-4.662000179E0
3.510975525E2,3.745950222E0,7.729050159E0,-4.296000004E0
3.510999959E2,2.926950216E0,8.224050522E0,-2.566950083E0
3.511024396E2,2.086950064E0,8.196000099E0,-7.309500575E-1
3.511048833E2,2.880000114E0,8.385000229E0,-4.800000042E-2
3.511073269E2,4.572000027E0,8.161950111E0,-2.185950041E0
3.511097704E2,4.414050102E0,8.515950203E0,-4.498950005E0
3.511122141E2,3.757950068E0,8.653050423E0,-5.230050087E0
3.511146577E2,3.222000122E0,9.164999962E0,-3.475050211E0
3.511171014E2,2.860050201E0,9.709050179E0,-7.429500222E-1
3.511195449E2,2.677950144E0,1.000095081E1,4.849500358E-1
3.511219885E2,3.415950060E0,9.655950546E0,-4.530000091E-1
3.511244322E2,4.126950264E0,1.011795044E1,-3.001050234E0
3.511268756E2,3.952050209E0,9.994050026E0,-5.107050419E0
3.511293193E2,2.923050165E0,9.859950066E0,-5.509950161E0
3.511317629E2,1.965000153E0,9.465000153E0,-3.898050070E0
3.511342066E2,9.859500527E-1,9.322950363E0,-6.130500436E-1
3.511366501E2,8.490000367E-1,9.235050201E0,1.489950061E0
3.511390938E2,1.927050114E0,8.855999947E0,6.310500503E-1
3.511415374E2,5.233050346E0,8.242950439E0,-7.240500450E-1
3.511439811E2,6.181050301E0,7.285950184E0,-5.182050228E0
3.511464245E2,5.950950146E0,7.839000225E0,-7.236000538E0
3.511488682E2,4.572000027E0,8.539950371E0,-6.187050343E0
3.511513118E2,3.448950052E0,8.562000275E0,-3.372000217E0
3.511537553E2,2.719050169E0,8.751000404E0,-4.080000222E-1
3.511561990E2,2.062950134E0,8.832000732E0,1.378050089E0
3.511586426E2,2.599050045E0,8.289000511E0,6.640500426E-1
3.511610861E2,4.183950424E0,7.525050163E0,-2.064000130E0
3.511635298E2,3.864000082E0,7.093950272E0,-4.648050308E0
3.511659734E2,3.544950247E0,7.482000351E0,-4.714950085E0
3.511684171E2,3.957000256E0,7.884000301E0,-3.091950178E0
3.511708606E2,3.058950186E0,8.764950752E0,-1.425000072E0
3.511733042E2,2.902950048E0,8.515950203E0,-5.389500260E-1
3.511757478E2,3.978000164E0,8.610000610E0,-1.501950026E0
3.511781915E2,4.560000420E0,8.299050331E0,-3.742950201E0
3.511806350E2,4.492950439E0,7.738050461E0,-6.172950268E0
3.511830786E2,4.101000309E0,7.633050442E0,-5.359050274E0
3.511855223E2,3.799050093E0,7.795950413E0,-2.716050148E0
3.511879658E2,3.496950150E0,7.546950340E0,9.405000508E-2
3.511904095E2,3.612000227E0,8.100000381E0,8.920500278E-1
3.511928531E2,3.478050232E0,8.787000656E0,1.920000017E-1
3.511952965E2,3.109050035E0,9.627000809E0,-2.140950203E0
3.511977402E2,2.865000248E0,9.579000473E0,-4.293000221E0
3.512001839E2,2.482050180E0,9.670050621E0,-4.954050064E0
3.512026275E2,2.772000074E0,9.007050514E0,-4.593000412E0
3.512050712E2,3.081000090E0,8.358000755E0,-2.173950195E0
3.512075147E2,2.949000120E0,8.145000458E0,-2.970000207E-1
3.512099583E2,3.591000080E0,7.525050163E0,5.110500455E-1
3.512124020E2,4.270950317E0,7.777050495E0,-1.200000048E0
3.512148454E2,4.417050362E0,8.080950737E0,-3.091950178E0
3.512172891E2,3.889950275E0,8.485050201E0,-4.030050278E0
3.512197327E2,2.872050047E0,9.237000465E0,-3.175050259E0
3.512221762E2,2.614050150E0,9.481050491E0,-1.837050080E0
3.512246199E2,2.568000078E0,9.565050125E0,-6.330000162E-1
3.512270636E2,2.755050182E0,9.691950798E0,1.110000089E-1
3.512295072E2,3.148050070E0,9.430950165E0,-1.195050001E0
3.512319507E2,3.397050142E0,8.923050880E0,-3.676050186E0
3.512343944E2,3.247950077E0,8.928000450E0,-4.590000153E0
3.512368380E2,3.873000145E0,8.986050606E0,-4.035000324E0
3.512392817E2,4.062000275E0,9.217950821E0,-3.031950235E0
3.512417251E2,3.145050049E0,9.337950706E0,-1.650000095E0
3.512441687E2,2.736000061E0,9.547950745E0,-6.799500585E-1
3.512466124E2,3.009000063E0,9.502950668E0,-1.854000092E0
3.512490559E2,3.532950163E0,9.390000343E0,-4.195050240E0
3.512514996E2,3.241050243E0,9.369000435E0,-4.942050457E0
3.512539432E2,3.250950098E0,8.872950554E0,-3.640050173E0
3.512563867E2,3.330000162E0,8.868000031E0,-1.111050010E0
3.512588304E2,3.373050213E0,8.686050415E0,6.450000405E-1
3.512612740E2,3.547950268E0,9.028950691E0,4.699500203E-1
3.512637177E2,3.286950111E0,9.699000359E0,-1.636050105E0
3.512661612E2,3.082950115E0,9.615000725E0,-4.003950119E0
3.512686048E2,3.205050230E0,9.655950546E0,-5.449950218E0
3.512710485E2,2.887050152E0,9.189000130E0,-4.855950356E0
3.512734922E2,2.401050091E0,8.655000687E0,-2.184000015E0
3.512759356E2,2.607000113E0,8.401050568E0,4.390500188E-1
3.512783792E2,3.901950121E0,8.308050156E0,2.980500162E-1
3.512808229E2,5.532000065E0,7.980000496E0,-2.601000071E0
3.512832664E2,4.785000324E0,8.071050644E0,-5.349000454E0
3.512857101E2,3.655050278E0,8.242950439E0,-6.333000183E0
3.512881537E2,2.653950214E0,8.433000565E0,-4.747950077E0
3.512905974E2,2.104050159E0,8.191050529E0,-1.675950050E0
3.512930408E2,2.173050165E0,7.888950348E0,4.180500209E-1
3.512954845E2,2.371950150E0,7.615950584E0,1.014000058E0
3.512979281E2,3.526050091E0,7.386000156E0,2.310000062E-1
3.513003718E2,5.025000095E0,6.888000488E0,-1.954050064E0
3.513028153E2,5.224050045E0,6.796950340E0,-4.273950100E0
3.513052589E2,4.474050045E0,7.374000549E0,-4.723950386E0
3.513077026E2,3.808050156E0,8.143050194E0,-4.210050106E0
3.513101461E2,3.289050102E0,8.836950302E0,-2.482950211E0
3.513125897E2,2.677950144E0,8.830050468E0,-5.580000281E-1
3.513150334E2,2.641950130E0,8.629050255E0,-6.709500551E-1
3.513174768E2,3.871050119E0,8.485050201E0,-2.376000166E0
3.513199205E2,4.309050083E0,8.100000381E0,-4.216950417E0
3.513223641E2,3.696000099E0,7.984950542E0,-4.333950043E0
3.513248078E2,3.052050114E0,8.293950081E0,-3.055950165E0
3.513272513E2,2.476950169E0,8.718000412E0,-8.500500321E-1
3.513296950E2,2.176050186E0,8.811000824E0,6.690000296E-1
3.513321386E2,2.500950098E0,8.775000572E0,7.189500332E-1
3.513345823E2,4.009950161E0,8.956950188E0,-3.690000176E-1
3.513370258E2,5.427000046E0,9.168000221E0,-2.995950222E0
3.513394694E2,5.365050316E0,9.289950371E0,-5.296950340E0
3.513419131E2,4.204050064E0,9.109950066E0,-5.893050194E0
3.513443565E2,2.785950184E0,8.586000443E0,-3.760050297E0
3.513468002E2,2.275950193E0,8.133000374E0,-4.120500088E-1
3.513492438E2,2.797950029E0,7.732950211E0,1.143000007E0
3.513516875E2,4.234950066E0,7.786050320E0,4.320000112E-1
3.513541310E2,4.921950340E0,7.767000198E0,-1.846050143E0
3.513565747E2,5.022000313E0,7.956000328E0,-4.135050297E0
3.513590183E2,4.186950207E0,9.369000435E0,-5.356050491E0
3.513614618E2,2.692950010E0,1.014000034E1,-4.107000351E0
3.513639055E2,1.345050097E0,1.026705074E1,-1.936950088E0
3.513663491E2,9.949500561E-1,9.663000107E0,8.080500364E-1
3.513687928E2,1.651050091E0,9.184050560E0,2.067000151E0
3.513712362E2,3.859050274E0,8.061000824E0,3.360000253E-1
3.513736799E2,6.097050190E0,7.221000195E0,-3.184950113E0
3.513761235E2,6.282000065E0,7.446000576E0,-5.244000435E0
3.513785670E2,4.954950333E0,8.381999969E0,-5.542950153E0
3.513810107E2,3.166950226E0,8.968950272E0,-4.072950363E0
3.513834543E2,2.125050068E0,9.013950348E0,-2.299050093E0
3.513858978E2,1.783050060E0,8.719950676E0,-1.204950094E0
3.513883415E2,3.391950130E0,7.803000450E0,-1.882050037E0
3.513907852E2,4.534049988E0,7.140000343E0,-3.691950083E0
3.513932288E2,4.456950188E0,6.939000130E0,-4.393949986E0
3.513956725E2,3.805950165E0,6.916950226E0,-3.823950291E0
3.513981159E2,3.030000210E0,7.324050426E0,-1.770000100E0
3.514005596E2,2.422049999E0,7.669050217E0,7.005000114E-2
3.514030033E2,2.614050150E0,8.056950569E0,3.270000219E-1
3.514054467E2,3.391950130E0,8.287050247E0,-9.319500327E-1
3.514078904E2,4.374000072E0,7.911000252E0,-3.348000050E0
3.514103340E2,4.504950047E0,8.133000374E0,-5.206050396E0
3.514127775E2,3.868050098E0,7.603950500E0,-4.717050076E0
3.514152212E2,2.686050177E0,7.956000328E0,-1.662000060E0
3.514176649E2,1.728000045E0,8.518950462E0,1.231950045E0
3.514201085E2,1.717950106E0,8.461050034E0,1.414050102E0
3.514225520E2,3.097050190E0,8.334000587E0,-1.059000015E0
3.514249956E2,4.596000195E0,8.797050476E0,-4.078050137E0
3.514274393E2,4.645950317E0,9.342000008E0,-5.347050190E0
3.514298829E2,3.334050179E0,1.053000069E1,-5.577000141E0
3.514323264E2,1.708950043E0,1.097505093E1,-3.408000231E0
3.514347700E2,1.168050051E0,1.058505058E1,-1.155000091E0
3.514372137E2,1.639050126E0,9.349950790E0,-1.995000057E-2
3.514396572E2,3.277050257E0,7.767000198E0,-8.910000324E-1
3.514421009E2,5.496000290E0,7.132050514E0,-4.332000256E0
3.514445445E2,5.559000492E0,6.985950470E0,-5.799000263E0
3.514469879E2,4.278000355E0,8.148000717E0,-4.462950230E0
3.514494316E2,4.290000439E0,8.932950020E0,-2.548050165E0
3.514518752E2,3.483000278E0,9.931050301E0,-1.305000067E0
3.514543189E2,2.401050091E0,1.006800079E1,-1.249950051E0
3.514567626E2,2.247000217E0,9.886050224E0,-1.708050132E0
3.514592061E2,3.670050144E0,8.571000099E0,-2.842050076E0
3.514616497E2,5.121000290E0,8.188050270E0,-4.225950241E0
3.514640934E2,4.078950405E0,8.818050385E0,-3.843000174E0
3.514665369E2,3.412950277E0,9.802050591E0,-1.576050043E0
3.514689805E2,2.410050154E0,1.032900047E1,5.230500102E-1
3.514714242E2,1.600950122E0,1.100400066E1,1.033050060E0
3.514738676E2,2.650050163E0,1.093500042E1,-7.189500332E-1
3.514763113E2,4.788000107E0,1.079595089E1,-4.327050209E0
3.514787550E2,5.331000328E0,1.099695015E1,-6.649050236E0
3.514811986E2,3.825000286E0,1.060905075E1,-6.642000198E0
3.514836421E2,2.443950176E0,9.721050262E0,-3.988950253E0
3.514860858E2,1.773000121E0,8.779950142E0,-5.560500026E-1
3.514885294E2,2.182950020E0,7.530000210E0,1.591050029E0
3.514909731E2,4.054950237E0,6.747000217E0,8.149500489E-1
3.514934166E2,5.487000465E0,5.938050270E0,-2.617050171E0
3.514958602E2,5.769000053E0,5.707950115E0,-5.110050201E0
3.514983039E2,5.209050179E0,6.948000431E0,-6.003000259E0
3.515007474E2,3.520950079E0,7.956000328E0,-4.722000122E0
3.515031911E2,2.223000050E0,8.197950363E0,-2.074050188E0
3.515056347E2,1.567050099E0,8.287050247E0,2.880000174E-1
3.515080781E2,1.327950120E0,9.180000305E0,1.156949997E0
3.515105218E2,1.800000072E0,7.731000423E0,8.050500154E-1
3.515129655E2,4.285050392E0,6.273000240E0,-2.104950190E0
3.515154091E2,5.271000385E0,6.271050453E0,-4.546950340E0
3.515178528E2,5.032050133E0,6.547950268E0,-5.368050098E0
3.515202963E2,4.594050407E0,7.507950306E0,-4.897050381E0
3.515227399E2,3.306000233E0,8.389050484E0,-3.513000250E0
3.515251836E2,2.166000128E0,8.971050262E0,-1.315050006E0
3.515276271E2,2.331000090E0,8.779950142E0,-2.659500241E-1
3.515300707E2,3.241050243E0,8.386950493E0,-1.300950050E0
3.515325144E2,3.351000071E0,8.052000046E0,-3.585000277E0
3.515349578E2,3.331950188E0,7.495950222E0,-5.026050091E0
3.515374015E2,3.205050230E0,7.939050198E0,-3.337950230E0
3.515398452E2,3.969000101E0,8.506950378E0,-7.360500097E-1
3.515422888E2,6.078000069E0,9.301950455E0,-1.834950089E0
3.515447323E2,6.507000446E0,1.028805065E1,-4.746000290E0
3.515471760E2,3.567000151E0,1.110495090E1,-6.031950474E0
3.515496196E2,1.105050087E0,1.091805077E1,-4.288949966E0
3.515520633E2,4.050000105E-3,9.703950882E0,-1.357950091E0
3.515545067E2,-6.900000572E-2,8.302950859E0,1.227000117E0
3.515569504E2,8.130000234E-1,7.183050156E0,8.269500136E-1
3.515593940E2,3.579000235E0,6.139050484E0,4.410000145E-1
3.515618375E2,5.779050350E0,6.985950470E0,-2.833050251E0
3.515642812E2,6.763050556E0,7.474950314E0,-5.182050228E0
3.515667249E2,4.539000034E0,9.595950127E0,-5.361000061E0
3.515691683E2,2.524950027E0,1.042200089E1,-3.931950092E0
3.515716120E2,1.872000098E0,1.062105083E1,-1.990050077E0
3.515740556E2,1.395000100E0,1.037400055E1,-4.630500078E-1
3.515764993E2,2.194950104E0,8.623950005E0,-9.150000215E-1
3.515789430E2,5.166000366E0,7.389000416E0,-4.018050194E0
3.515813864E2,6.220050335E0,7.249950409E0,-6.843000412E0
3.515838300E2,5.700000286E0,6.939000130E0,-6.870000362E0
3.515862737E2,4.113000393E0,8.203050613E0,-5.148000240E0
3.515887172E2,1.849950075E0,9.000000000E0,-1.650000095E0
3.515911609E2,7.750500441E-1,9.838050842E0,1.642950058E0
3.515936045E2,2.631000042E0,9.199050903E0,1.545000076E0
3.515960479E2,5.425050259E0,8.389050484E0,-1.588050127E0
3.515984916E2,6.502050400E0,8.290950775E0,-6.106050491E0
3.516009352E2,4.726050377E0,9.022050858E0,-7.545000553E0
3.516033789E2,3.973950148E0,9.334950447E0,-5.737050056E0
3.516058224E2,4.138950348E0,9.831000328E0,-2.601000071E0
3.516082661E2,3.643050194E0,9.556050301E0,-7.930500507E-1
3.516107097E2,2.908050060E0,9.025950432E0,-9.679500461E-1
3.516131534E2,2.733000040E0,8.418000221E0,-1.794000030E0
3.516155969E2,1.879050136E0,7.984950542E0,-2.139000177E0
3.516180405E2,8.470500112E-1,6.888000488E0,-5.560500026E-1
3.516204842E2,7.200000286E-1,6.880950451E0,1.330500096E-1
3.516229276E2,2.310000181E0,7.372050285E0,-1.020000100E0
3.516253713E2,4.977000237E0,8.041950226E0,-2.218050003E0
3.516278149E2,6.097050190E0,8.578950882E0,-3.943950176E0
3.516302584E2,4.699050426E0,9.187050819E0,-4.305000305E0
3.516327021E2,3.025950193E0,9.682050705E0,-3.384000063E0
3.516351457E2,2.608950138E0,8.971050262E0,-2.998050213E0
3.516375894E2,3.451950073E0,8.217000008E0,-2.955000162E0
3.516400329E2,4.012050152E0,7.690050602E0,-3.601050138E0
3.516424765E2,3.547950268E0,6.996000290E0,-3.436050177E0
3.516449202E2,4.279950142E0,6.273000240E0,-2.821050167E0
3.516473639E2,4.447950363E0,6.685050488E0,-2.704050064E0
3.516498073E2,2.839050055E0,7.765050411E0,-2.032950163E0
3.516522510E2,1.333050013E0,8.101950645E0,-5.080500245E-1
3.516546946E2,2.104050159E0,7.987050533E0,-5.800500512E-1
3.516571381E2,4.120050430E0,7.954050541E0,-3.379050255E0
3.516595818E2,4.930950165E0,7.534950256E0,-6.597000122E0
3.516620254E2,5.037000179E0,7.177950382E0,-8.752050400E0
3.516644691E2,4.560000420E0,7.281000137E0,-7.308000565E0
3.516669126E2,4.366050243E0,7.662000179E0,-5.766000271E0
3.516693562E2,4.515000343E0,7.365000248E0,-4.156949997E0
3.516717999E2,4.171950340E0,7.282950401E0,-3.276000261E0
3.516742436E2,2.343000174E0,6.706050396E0,-1.329000115E0
3.516766870E2,1.033950090E0,6.007050514E0,3.840000033E-1
3.516791306E2,1.029000044E0,5.494950294E0,2.431050062E0
3.516815743E2,1.929000139E0,5.169000149E0,2.155950069E0
3.516840178E2,3.496950150E0,5.350950241E0,6.520500183E-1
3.516864615E2,4.736999989E0,5.605050087E0,-3.016950130E0
3.516889051E2,5.575050354E0,6.145950317E0,-5.917050362E0
3.516913485E2,4.813950062E0,6.709050179E0,-6.826950550E0
3.516937922E2,3.471000195E0,8.197950363E0,-4.768050194E0
3.516962358E2,2.140050173E0,8.820000648E0,-1.750950098E0
3.516986795E2,2.074949980E0,9.634950638E0,-2.089500129E-1
3.517011230E2,2.689950228E0,9.000000000E0,-1.882050037E0
3.517035666E2,4.081050396E0,8.727000237E0,-4.332000256E0
3.517060102E2,4.297049999E0,8.536050797E0,-4.945050240E0
3.517084539E2,3.162000179E0,8.647950172E0,-4.521000385E0
3.517108974E2,1.294050097E0,9.583950043E0,-9.439500570E-1
3.517133411E2,5.895000324E-2,9.982050896E0,1.572000027E0
3.517157847E2,1.588950038E0,1.016400051E1,1.062000036E0
3.517182282E2,6.298950195E0,1.018995094E1,-2.452050209E0
3.517206718E2,7.543950558E0,9.967050552E0,-7.147050381E0
3.517231155E2,4.596000195E0,1.016400051E1,-7.051950455E0
3.517255592E2,3.241050243E0,1.180395031E1,-3.775950193E0
3.517280026E2,4.636950016E0,1.126005077E1,-2.208000183E0
3.517304462E2,5.374050140E0,1.096305084E1,-2.088000059E0
3.517328899E2,4.052999973E0,1.042200089E1,-2.479050159E0
3.517353334E2,2.748000145E0,9.285000801E0,-2.533950090E0
3.517377771E2,2.209050179E0,8.064000130E0,-1.368000031E0
3.517402207E2,2.377050161E0,7.951050282E0,-8.460000157E-1
3.517426644E2,3.502050161E0,8.229000092E0,-1.729500145E-1
3.517451078E2,4.524000168E0,9.196050644E0,-1.180950046E0
3.517475515E2,4.930950165E0,1.009695053E1,-2.743950129E0
3.517499952E2,3.969000101E0,1.059900093E1,-3.810000181E0
3.517524386E2,2.346000195E0,1.097100067E1,-3.970050097E0
3.517548823E2,2.085000038E0,1.073805046E1,-2.979000092E0
3.517573259E2,3.064050198E0,9.397050858E0,-2.328000069E0
3.517597696E2,4.831050396E0,8.320050240E0,-3.235050201E0
3.517622131E2,5.772000313E0,7.542000294E0,-3.385950089E0
3.517646568E2,6.700950146E0,6.541050434E0,-3.787950277E0
3.517671004E2,5.290950298E0,6.991050243E0,-3.204000235E0
3.517695441E2,3.138000250E0,7.729050159E0,-2.208000183E0
3.517719875E2,2.013000011E0,7.920000553E0,-5.749500394E-1
3.517744312E2,2.535000086E0,7.879950523E0,-7.879500389E-1
3.517768749E2,4.606050014E0,7.441050529E0,-2.719950199E0
3.517793183E2,5.350050449E0,7.417050362E0,-5.641050339E0
3.517817620E2,5.338050365E0,7.528050423E0,-6.988950253E0
3.517842056E2,4.668000221E0,8.284049988E0,-5.494950294E0
3.517866493E2,4.036050320E0,8.545050621E0,-4.152000427E0
3.517890928E2,4.323000431E0,7.899000168E0,-3.345000267E0
3.517915364E2,3.013950109E0,7.756950378E0,-2.710950136E0
3.517939801E2,1.651050091E0,6.679950237E0,-1.939500123E-1
3.517964235E2,1.939050078E0,5.095050335E0,1.521000028E0
3.517988672E2,3.246000051E0,4.863000393E0,1.087950110E0
3.518013109E2,5.209050179E0,4.812000275E0,-1.588050127E0
3.518037546E2,5.239950180E0,5.740950108E0,-4.015950203E0
3.518061980E2,4.675050259E0,6.915000439E0,-5.292000294E0
3.518086417E2,3.544950247E0,7.606950283E0,-5.167050362E0
3.518110853E2,2.611050129E0,8.092950821E0,-3.925050259E0
3.518135290E2,2.902950048E0,7.611000538E0,-2.694000244E0
3.518159725E2,4.708950043E0,6.450000286E0,-2.458950043E0
3.518184161E2,5.209050179E0,5.622000217E0,-3.987000227E0
3.518208598E2,5.134950161E0,4.992000103E0,-4.729050159E0
3.518233033E2,5.559000492E0,4.426949978E0,-5.007000446E0
3.518257469E2,4.126950264E0,5.488050461E0,-3.685050249E0
3.518281906E2,1.797000051E0,6.984000206E0,6.105000153E-2
3.518306343E2,1.849950075E0,7.828950405E0,2.401950121E0
3.518330777E2,3.579000235E0,7.966050148E0,7.140000463E-1
3.518355214E2,4.279950142E0,8.545050621E0,-3.135000229E0
3.518379650E2,4.012050152E0,8.389050484E0,-6.163050175E0
3.518404085E2,3.715050220E0,8.868000031E0,-6.277950287E0
3.518428522E2,3.118950129E0,9.081000328E0,-3.691950083E0
3.518452958E2,3.700950146E0,9.603000641E0,-1.261950016E0
3.518477395E2,4.795050144E0,1.010895061E1,-1.717050076E0
3.518501829E2,4.906949997E0,1.081995010E1,-1.942050099E0
3.518526265E2,3.640950203E0,1.054395008E1,-1.614000082E0
3.518550702E2,2.140050173E0,1.035000038E1,-2.590500116E-1
3.518575137E2,2.137050152E0,1.071900082E1,-1.800000072E-1
3.518599574E2,2.764950037E0,1.091295052E1,-6.330000162E-1
3.518624010E2,4.825950146E0,1.119795036E1,-2.517000198E0
3.518648447E2,6.643050194E0,1.073295021E1,-5.332950115E0
3.518672882E2,6.792000294E0,1.057500076E1,-6.163050175E0
3.518697318E2,3.871050119E0,1.172700024E1,-5.746950150E0
3.518721755E2,2.761950016E0,1.203795052E1,-3.871950150E0
3.518746192E2,1.551000118E0,1.198800087E1,-2.548050165E0
3.518770626E2,2.962950230E0,1.090095043E1,9.589500427E-1
3.518795062E2,3.615000248E0,1.010595036E1,9.850500226E-1
3.518819499E2,5.013000011E0,9.361950874E0,-9.970500469E-1
3.518843934E2,5.404950142E0,9.297000885E0,-3.052950144E0
3.518868371E2,3.694050074E0,9.241950035E0,-3.541950226E0
3.518892807E2,3.081000090E0,9.298950195E0,-2.293950081E0
3.518917244E2,4.174950123E0,9.742050171E0,-1.219050050E0
3.518941679E2,5.202000141E0,1.003395081E1,-2.524050236E0
3.518966116E2,4.789950371E0,1.025700092E1,-4.427999973E0
3.518990552E2,4.282950401E0,1.051305008E1,-5.673000336E0
3.519014989E2,3.187950134E0,1.044105053E1,-5.196000099E0
3.519039423E2,2.688000202E0,1.036005020E1,-2.695950031E0
3.519063860E2,2.997000217E0,9.864000320E0,-1.291050076E0
3.519088296E2,3.406050205E0,9.295050621E0,-1.356000066E0
3.519112731E2,3.922950268E0,8.136000633E0,-2.491050005E0
3.519137168E2,3.628950119E0,7.009950161E0,-3.333000183E0
3.519161604E2,2.965950251E0,6.610950470E0,-3.051000118E0
3.519186039E2,2.884050131E0,6.541050434E0,-1.392000079E0
3.519210475E2,3.756000280E0,6.912000179E0,-5.490000248E-1
3.519234912E2,4.114950180E0,7.165950298E0,-1.546950102E0
3.519259348E2,5.113050461E0,6.475950241E0,-3.232950211E0
3.519283783E2,5.743050098E0,6.108000278E0,-5.461950302E0
3.519308220E2,4.990950108E0,7.048950195E0,-6.556050301E0
3.519332656E2,3.694050074E0,7.305000305E0,-4.887000084E0
3.519357093E2,2.395950079E0,7.864950180E0,-1.055999994E0
3.519381528E2,2.719050169E0,7.735950470E0,7.099500299E-1
3.519405964E2,4.038000107E0,7.036950111E0,-1.144950032E0
3.519430401E2,3.765000105E0,7.027050495E0,-3.843000174E0
3.519454835E2,3.234000206E0,6.109950066E0,-5.598000050E0
3.519479272E2,1.894950032E0,6.553050518E0,-4.222050190E0
3.519503709E2,1.204050064E0,6.493050098E0,-8.650500178E-1
3.519528145E2,2.844000101E0,6.541050434E0,3.979500234E-1
3.519552580E2,4.703999996E0,6.907050133E0,-6.919500232E-1
3.519577017E2,5.491950035E0,7.522950172E0,-3.951000214E0
3.519601453E2,4.666050434E0,7.846050262E0,-5.815950394E0
3.519625890E2,3.604950190E0,8.181000710E0,-5.833050251E0
3.519650325E2,2.619000196E0,8.430000305E0,-4.042050362E0
3.519674761E2,2.704950094E0,8.581050873E0,-1.312950015E0
3.519699198E2,3.175950050E0,8.088000298E0,4.060500264E-1
3.519723634E2,4.263000011E0,8.191050529E0,-2.639999986E-1
3.519748069E2,4.623000145E0,7.249950409E0,-2.665050030E0
3.519772505E2,3.310050249E0,7.657050133E0,-3.216000080E0
3.519796942E2,1.591050029E0,8.361000061E0,-1.669050097E0
3.519821377E2,5.740500093E-1,9.088950157E0,5.440500379E-1
3.519845813E2,1.183950067E0,9.024000168E0,6.795000285E-2
3.519870250E2,4.222949982E0,9.085950851E0,-8.340000510E-1
3.519894687E2,6.006000519E0,9.306000710E0,-3.786000252E0
3.519919121E2,6.454050541E0,8.457000732E0,-4.873050213E0
3.519943557E2,5.575050354E0,9.373950005E0,-5.197950363E0
3.519967994E2,3.382050276E0,1.072605038E1,-3.171000242E0
3.519992429E2,2.389050007E0,1.056405067E1,-5.100000501E-1
3.520016866E2,3.078000069E0,1.032900047E1,3.000000026E-3
3.520041302E2,4.644000053E0,9.160050392E0,-1.971000075E0
3.520065737E2,4.989000320E0,8.586000443E0,-4.485000134E0
3.520090174E2,4.194000244E0,8.445000648E0,-5.200950146E0
3.520114611E2,2.781000137E0,8.449049950E0,-3.594000101E0
3.520139047E2,1.849950075E0,8.773050308E0,-4.290000200E-1
3.520163484E2,2.683050156E0,8.806050301E0,1.414050102E0
3.520187918E2,3.901950121E0,9.012000084E0,1.381950021E0
3.520212354E2,5.017950058E0,8.863950729E0,-7.140000463E-1
3.520236791E2,5.191950321E0,8.887950897E0,-3.645000219E0
3.520261226E2,4.615050316E0,9.189000130E0,-5.586000443E0
3.520285663E2,3.820050240E0,9.796950340E0,-4.951950073E0
3.520310099E2,3.331950188E0,9.778050423E0,-2.922000170E0
3.520334536E2,3.447000265E0,9.582000732E0,-1.521000028E0
3.520358971E2,3.957000256E0,9.397050858E0,-1.168950081E0
3.520383408E2,4.314000130E0,8.545050621E0,-2.035950184E0
3.520407844E2,3.660000086E0,8.289000511E0,-3.063000202E0
3.520432281E2,2.247000217E0,8.008950233E0,-2.656050205E0
3.520456715E2,1.062000036E0,7.894050598E0,-8.719500303E-1
3.520481151E2,1.351950049E0,7.686000347E0,4.249500334E-1
3.520505588E2,3.627000093E0,7.345950127E0,-7.999500632E-1
3.520530023E2,5.929950237E0,6.994050503E0,-3.099000216E0
3.520554460E2,5.908050060E0,7.638000488E0,-4.837050438E0
3.520578896E2,4.756950378E0,8.449049950E0,-5.316000462E0
3.520603331E2,3.592950106E0,8.647950172E0,-4.039950371E0
3.520627768E2,2.491950035E0,8.548050880E0,-1.806000113E0
3.520652204E2,2.367000103E0,8.329950333E0,-1.819500029E-1
3.520676641E2,3.490050077E0,8.478000641E0,6.599999964E-2
3.520701075E2,5.239950180E0,7.717050552E0,-1.918050051E0
3.520725512E2,5.178000450E0,8.004000664E0,-3.874050140E0
3.520749948E2,4.029000282E0,8.611950874E0,-4.015950203E0
3.520774385E2,2.524950027E0,9.235050201E0,-2.874000072E0
3.520798820E2,8.110500574E-1,9.919050217E0,-8.149500489E-1
3.520823257E2,3.660000265E-1,9.703950882E0,2.040000111E-1
3.520847693E2,2.371950150E0,8.751000404E0,-1.317000031E0
3.520872128E2,5.689950466E0,8.032950401E0,-4.396049976E0
3.520896564E2,6.295950413E0,7.896000385E0,-6.379050255E0
3.520921001E2,4.572000027E0,8.500050545E0,-6.010050297E0
3.520945438E2,3.507000208E0,9.261000633E0,-4.264950275E0
3.520969872E2,3.343950272E0,9.577050209E0,-1.449000120E0
3.520994309E2,3.291000128E0,9.249000549E0,-5.010000467E-1
3.521018745E2,3.835050106E0,8.080950737E0,-9.169500470E-1
3.521043182E2,4.195950031E0,7.918050289E0,-2.497950077E0
3.521067617E2,3.616950274E0,7.585050583E0,-3.393000126E0
3.521092054E2,2.977950096E0,6.382950306E0,-2.292000055E0
3.521116490E2,2.319000006E0,6.610950470E0,3.000000119E-2
3.521140925E2,1.929000139E0,7.129950523E0,1.729950070E0
3.521165361E2,2.829000235E0,7.261950493E0,1.576050043E0
3.521189798E2,5.080050468E0,7.326000214E0,-1.459050059E0
3.521214234E2,5.965950489E0,7.681050301E0,-5.127000332E0
3.521238669E2,4.366050243E0,8.476050377E0,-6.781050205E0
3.521263105E2,2.965950251E0,9.241950035E0,-5.881050110E0
3.521287542E2,2.367000103E0,8.662050247E0,-3.163050175E0
3.521311977E2,2.458050013E0,7.959000587E0,-2.539499998E-1
3.521336414E2,4.144050121E0,7.410000324E0,3.409500122E-1
3.521360850E2,6.166950226E0,6.402000427E0,-1.036949992E0
3.521385287E2,6.646050453E0,6.304050446E0,-2.941050053E0
3.521409722E2,5.133000374E0,7.840950489E0,-3.349950075E0
3.521434159E2,3.777000189E0,8.737050056E0,-3.361950159E0
3.521458595E2,2.295000076E0,8.995050430E0,-2.565000057E0
3.521483032E2,1.702050090E0,9.229950905E0,-4.840500355E-1
3.521507466E2,2.334000111E0,8.536050797E0,2.040000111E-1
3.521531902E2,4.387950420E0,8.059050560E0,-1.051950097E0
3.521556339E2,5.974950314E0,7.912950516E0,-4.602000237E0
3.521580774E2,5.239950180E0,8.344050407E0,-6.352950096E0
3.521605211E2,4.042950153E0,9.235050201E0,-5.553000450E0
3.521629647E2,3.435000181E0,9.782999992E0,-2.938050032E0
3.521654084E2,3.823050261E0,1.025700092E1,-5.389500260E-1
3.521678519E2,4.072050095E0,1.014900017E1,-3.900000080E-2
3.521702955E2,4.222949982E0,9.811950684E0,-1.360050082E0
3.521727392E2,3.660000086E0,9.112950325E0,-3.130050182E0
3.521751829E2,2.901000023E0,7.561050415E0,-3.429000139E0
3.521776263E2,2.134950161E0,7.137000561E0,-1.971000075E0
3.521800699E2,2.535000086E0,6.994050503E0,-6.420000196E-1
3.521825136E2,3.691050291E0,7.896000385E0,-1.729500145E-1
3.521849571E2,5.197050095E0,8.602950096E0,-1.285950065E0
3.521874008E2,6.169050217E0,9.069000244E0,-2.839950085E0
3.521898444E2,4.966950417E0,1.008495045E1,-3.807000160E0
3.521922879E2,2.911050081E0,1.152600098E1,-4.027950287E0
3.521947316E2,1.744950056E0,1.066905022E1,-3.004950047E0
3.521971752E2,2.178000212E0,9.424050331E0,-1.921050072E0
3.521996189E2,3.672000170E0,8.125950813E0,-2.878050089E0
3.522020623E2,5.239950180E0,6.481050491E0,-3.975000143E0
3.522045060E2,6.121050358E0,6.547950268E0,-3.882000208E0
3.522069496E2,6.093000412E0,6.868950367E0,-3.574950218E0
3.522093933E2,4.282950401E0,8.449049950E0,-2.991000175E0
3.522118368E2,2.322000027E0,8.527950287E0,-1.789050102E0
3.522142805E2,1.531950116E0,8.659950256E0,-4.530000091E-1
3.522167241E2,3.040050030E0,8.322000504E0,-1.417950034E0
3.522191676E2,5.026950359E0,7.966050148E0,-4.236000061E0
3.522216112E2,6.267000198E0,7.755000591E0,-6.927000523E0
3.522240549E2,5.800950050E0,7.710000515E0,-7.048950195E0
3.522264986E2,4.918950081E0,8.269950867E0,-5.044950008E0
3.522289420E2,4.705950260E0,9.084000587E0,-2.485950232E0
3.522313857E2,4.132050037E0,9.181950569E0,-1.183050036E0
3.522338293E2,2.449050188E0,9.040950775E0,-6.180000305E-1
3.522362730E2,1.600950122E0,7.870050430E0,2.670000196E-1
3.522387165E2,1.441050053E0,6.196050167E0,7.429500222E-1
3.522411602E2,2.365050077E0,5.143050194E0,4.320000112E-1
3.522436038E2,4.297049999E0,4.975050449E0,-1.686000109E0
3.522460472E2,5.686050415E0,6.184050083E0,-3.336000204E0
3.522484909E2,5.962950230E0,7.606950283E0,-4.729050159E0
3.522509345E2,4.888050079E0,9.025950432E0,-5.098050117E0
3.522533782E2,3.114000082E0,1.010895061E1,-4.642950058E0
3.522558217E2,1.623000026E0,1.022100067E1,-3.123000145E0
3.522582654E2,1.752000093E0,9.574950218E0,-2.293950081E0
3.522607090E2,3.375000238E0,8.128950119E0,-2.859000206E0
3.522631525E2,4.869000435E0,7.140000343E0,-4.234050274E0
3.522655962E2,6.435000420E0,6.274950504E0,-4.228950024E0
3.522680398E2,6.567000389E0,7.453050137E0,-3.939000130E0
3.522704835E2,3.199950218E0,8.116950035E0,-1.104000092E0
3.522729269E2,1.291950107E0,8.974050522E0,1.366050124E0
3.522753706E2,7.920000553E-1,9.469050407E0,2.302050114E0
3.522778142E2,3.655050278E0,9.747000694E0,-2.395050049E0
3.522802579E2,6.471000195E0,9.655950546E0,-6.429000378E0
3.522827014E2,6.274950504E0,1.078605080E1,-9.357000351E0
3.522851451E2,4.045950413E0,1.188000011E1,-6.441000462E0
3.522875887E2,4.350000381E0,1.279695034E1,-4.624050140E0
3.522900322E2,5.001000404E0,1.249800014E1,-2.488050222E0
3.522924759E2,2.982000113E0,1.187595081E1,-3.238050222E0
3.522949195E2,6.240000129E-1,1.123395061E1,-1.156949997E0
3.522973632E2,1.840500087E-1,7.840950489E0,7.480500340E-1
3.522998066E2,1.417050123E0,7.542000294E0,-1.800000072E-1
3.523022503E2,4.189050198E0,6.088950157E0,-1.849050045E0
3.523046940E2,6.556950092E0,6.510000229E0,-3.870000124E0
3.523071377E2,6.274950504E0,7.422000408E0,-3.877050161E0
3.523095811E2,3.967050076E0,9.148050308E0,-2.562000036E0
3.523120248E2,3.447000265E0,9.079050064E0,-1.972950101E0
3.523144684E2,3.528000116E0,8.866050720E0,-2.694000244E0
3.523169119E2,3.636000156E0,9.157950401E0,-3.678000212E0
3.523193556E2,4.078950405E0,7.438950539E0,-5.974050522E0
3.523217993E2,5.263950348E0,6.667950153E0,-6.645000458E0
3.523242429E2,5.997000217E0,5.815950394E0,-7.602000237E0
3.523266866E2,3.793950081E0,5.257950306E0,-5.395050049E0
3.523291300E2,1.201050043E0,4.975050449E0,-7.999500632E-1
3.523315736E2,1.891050100E0,5.919000149E0,2.050050020E0
3.523340173E2,5.592000484E0,6.049950123E0,-7.279500365E-1
3.523364608E2,5.512950420E0,6.642000198E0,-3.348000050E0
3.523389045E2,3.825000286E0,7.233000278E0,-5.803950310E0
3.523413481E2,4.984050274E0,7.525050163E0,-7.288950443E0
3.523437916E2,5.379000187E0,8.116950035E0,-8.470950127E0
3.523462353E2,3.022950172E0,8.703000069E0,-8.287050247E0
3.523486789E2,5.140500069E-1,6.666000366E0,-4.954050064E0
3.523511226E2,-7.680000067E-1,5.683950424E0,4.489500225E-1
3.523535663E2,5.860500336E-1,4.647000313E0,5.259000301E0
3.523560097E2,5.140050411E0,3.462000132E0,4.015950203E0
3.523584533E2,6.715050220E0,3.237000227E0,-8.620500565E-1
3.523608970E2,6.448950291E0,4.635000229E0,-2.313000202E0
3.523633405E2,5.170950413E0,6.997950554E0,-2.809050083E0
3.523657842E2,2.977950096E0,8.911050797E0,-2.707950115E0
3.523682278E2,2.235000134E0,1.085295010E1,-2.272950172E0
3.523706712E2,2.548950195E0,1.179705048E1,-3.694950104E0
3.523731149E2,3.568950176E0,1.090800095E1,-4.830000401E0
3.523755586E2,5.109000206E0,9.424050331E0,-6.262050152E0
3.523780022E2,5.089050293E0,8.269950867E0,-6.901050091E0
3.523804457E2,3.094950199E0,7.111050129E0,-6.256950378E0
3.523828894E2,1.210950017E0,7.602000237E0,-3.064950228E0
3.523853330E2,2.659050226E0,8.746050835E0,9.180000424E-1
3.523877767E2,5.182950020E0,9.796950340E0,-2.289000034E0
3.523902202E2,5.719050407E0,1.103805065E1,-3.750000238E0
3.523926639E2,5.056050301E0,1.139895058E1,-4.405950069E0
3.523951075E2,6.030000210E0,1.301805019E1,-4.735949993E0
3.523975512E2,4.896000385E0,1.359195042E1,-9.633000374E0
3.523999946E2,2.338050127E0,1.266105080E1,-6.556050301E0
3.524024382E2,1.549500078E-1,9.784950256E0,-2.067000151E0
3.524048819E2,-4.500000179E-2,7.426950455E0,2.248950005E0
3.524073254E2,6.049500108E-1,9.666000366E0,2.505000114E0
3.524097691E2,3.211950064E0,7.812000275E0,1.288950086E0
3.524122127E2,5.335950375E0,6.487950325E0,-2.566950083E0
3.524146562E2,6.229050159E0,8.536050797E0,-4.885050297E0
3.524170999E2,4.963050365E0,1.025505066E1,-5.209950447E0
3.524195435E2,2.863050222E0,1.114095020E1,-3.537000179E0
3.524219872E2,2.781000137E0,1.192800045E1,-2.874000072E0
3.524244309E2,3.523950100E0,1.100400066E1,-3.661050081E0
3.524268743E2,5.833950043E0,8.787000656E0,-6.280950069E0
3.524293179E2,6.732000351E0,6.400050163E0,-9.877050400E0
3.524317616E2,4.156050205E0,4.623000145E0,-8.440050125E0
3.524342051E2,3.078000069E0,3.784950256E0,-2.815950155E0
3.524366488E2,4.966950417E0,3.984000206E0,1.849500090E-1
3.524390924E2,7.060050488E0,4.386000156E0,-1.413000107E0
3.524415361E2,5.053950310E0,5.779950142E0,-1.774950027E0
3.524439796E2,3.720000267E0,6.357000351E0,-1.384050012E0
3.524464232E2,4.771050453E0,7.705050468E0,-3.313950062E0
3.524488669E2,3.313050270E0,8.707950592E0,-6.211050510E0
3.524513106E2,5.790000558E-1,8.647950172E0,-6.634950161E0
3.524537540E2,-1.189950109E0,7.402950287E0,-3.478950262E0
3.524561976E2,8.710500598E-1,5.535000324E0,3.240000010E-1
3.524586413E2,6.592950344E0,4.618050098E0,2.205000073E-2
3.524610848E2,8.002950668E0,2.911050081E0,-3.841050148E0
3.524635285E2,4.534049988E0,4.255050182E0,-4.747950077E0
3.524659721E2,3.034950256E0,5.083050251E0,-2.566950083E0
3.524684158E2,2.326050043E0,6.321000099E0,-5.800500512E-1
3.524708593E2,4.170000076E0,6.337950230E0,-1.416000009E0
3.524733029E2,5.359950066E0,6.321000099E0,-5.103000164E0
3.524757466E2,5.530050278E0,7.425000191E0,-7.935000420E0
3.524781900E2,5.662050247E0,5.595000267E0,-9.469950676E0
3.524806337E2,2.070000172E0,5.488050461E0,-6.763950348E0
3.524830774E2,4.081050396E0,5.356050491E0,-8.170500398E-1
3.524855210E2,7.182000160E0,6.474000454E0,9.405000508E-2
3.524879645E2,8.575950623E0,8.562000275E0,-2.526000023E0
3.524904082E2,5.791050434E0,8.878050804E0,-4.380000114E0
3.524928518E2,4.632000446E0,1.012995052E1,-4.999950409E0
3.524952954E2,5.800950050E0,1.099395084E1,-7.894050598E0
3.524977389E2,3.502050161E0,1.124805069E1,-9.046050072E0
3.525001826E2,-7.050000131E-3,1.055400085E1,-5.977050304E0
3.525026262E2,-1.924950123E0,7.906050205E0,1.030050039E0
3.525050699E2,-1.135050058E0,6.916950226E0,3.268950224E0
3.525075134E2,4.492950439E0,8.119050026E0,-5.179499984E-1
3.525099571E2,8.389050484E0,5.785050392E0,-5.266050339E0
3.525124007E2,7.564950466E0,6.153000355E0,-7.368000507E0
3.525148444E2,3.538050175E0,8.872950554E0,-5.554950237E0
3.525172878E2,2.314050198E0,1.012800026E1,-1.578000069E0
3.525197315E2,3.172050238E0,1.044900036E1,-1.561950088E0
3.525221752E2,4.168050289E0,9.639000893E0,-3.372000217E0
3.525246186E2,6.045000076E0,8.554950714E0,-5.560050488E0
3.525270623E2,5.355000019E0,5.779950142E0,-7.237950325E0
3.525295059E2,3.385050058E0,3.883050203E0,-3.994050264E0
3.525319496E2,5.724000454E0,4.324050426E0,-1.252950072E0
3.525343931E2,7.302000523E0,5.085000038E0,-1.863000035E0
3.525368367E2,6.591000080E0,6.436050415E0,-3.574950218E0
3.525392804E2,4.350000381E0,8.260050774E0,-3.790950298E0
3.525417238E2,4.311000347E0,8.808000565E0,-4.399050236E0
3.525441675E2,5.194950104E0,9.345000267E0,-7.048950195E0
3.525466112E2,2.752950191E0,9.381000519E0,-7.552050591E0
3.525490548E2,-5.070000291E-1,8.583000183E0,-4.138050079E0
3.525514983E2,-1.987050056E0,5.547000408E0,9.990000725E-1
3.525539420E2,8.370000124E-1,4.851000309E0,4.393949986E0
3.525563856E2,7.504950523E0,3.864000082E0,-3.810000122E-1
3.525588293E2,8.197050095E0,3.040950060E0,-3.846000195E0
3.525612728E2,5.128050327E0,5.263050079E0,-2.419050217E0
3.525637164E2,3.211950064E0,7.189950466E0,1.009050012E0
3.525661601E2,3.133050203E0,9.985950470E0,-1.660500020E-1
3.525686035E2,5.398050308E0,1.065900040E1,-4.356000423E0
3.525710472E2,5.829000473E0,1.058295059E1,-8.079000473E0
3.525734909E2,4.906949997E0,9.522000313E0,-1.017600060E1
3.525759345E2,2.415000200E0,7.006050110E0,-6.580050468E0
3.525783782E2,3.202950239E0,7.080000401E0,-1.849050045E0
3.525808217E2,5.025000095E0,9.133950233E0,6.795000285E-2
3.525832653E2,6.349050522E0,1.006305027E1,7.669500113E-1
3.525857090E2,9.184050560E0,9.613050461E0,-2.188950062E0
3.525881524E2,8.413050652E0,9.286950111E0,-4.528050423E0
3.525905961E2,7.405050278E0,1.316805077E1,-7.198050499E0
3.525930398E2,4.692000389E0,1.477500057E1,-8.413949966E0
3.525954832E2,7.819500566E-1,1.355595112E1,-5.911950111E0
3.525979269E2,1.120500043E-1,1.066200066E1,9.420000315E-1
3.526003705E2,4.969500303E-1,9.879000664E0,2.623050213E0
3.526028142E2,8.920500278E-1,1.314495087E1,2.830500007E-1
3.526052579E2,6.136050224E0,1.112400055E1,7.800000161E-2
3.526077014E2,5.094000340E0,8.646000862E0,-6.396000385E0
3.526101450E2,4.231950283E0,1.018500042E1,-5.803950310E0
3.526125887E2,2.776950121E0,1.306995106E1,-2.791950226E0
3.526150322E2,3.117000103E0,1.267800045E1,-2.548050165E0
3.526174758E2,4.054950237E0,1.068300056E1,-4.930050373E0
3.526199195E2,6.519000530E0,9.370950699E0,-7.210050106E0
3.526223632E2,5.038950443E0,7.948950291E0,-7.195050240E0
3.526248066E2,4.552950382E0,6.916950226E0,-3.409950256E0
3.526272503E2,7.881000519E0,5.646000385E0,-2.080950022E0
3.526296939E2,8.568000793E0,6.478950500E0,-3.862050295E0
3.526321376E2,6.294000149E0,7.647000313E0,-5.047950268E0
3.526345811E2,5.872050285E0,6.438000202E0,-4.636050224E0
3.526370248E2,7.896000385E0,6.505050182E0,-5.680050373E0
3.526394684E2,6.847050190E0,7.462950230E0,-7.918050289E0
3.526419118E2,2.893950224E0,7.354950428E0,-5.196000099E0
3.526443555E2,6.940500140E-1,5.497050285E0,-3.210000098E-1
3.526467992E2,-9.120000601E-1,6.582000256E0,6.051000118E0
3.526492428E2,5.980500579E-1,5.269950390E0,5.127000332E0
3.526516863E2,6.709950447E0,4.744950294E0,-2.140950203E0
3.526541300E2,5.652000427E0,5.026050091E0,-7.240950108E0
3.526565736E2,3.367950201E0,5.727000237E0,-7.722000599E0
3.526590171E2,3.823050261E0,7.018050194E0,-6.156000137E0
3.526614608E2,4.357050419E0,7.531950474E0,-3.889050245E0
3.526639044E2,3.243000269E0,7.884000301E0,-1.972950101E0
3.526663481E2,5.176050186E0,5.773050308E0,-3.534000158E0
3.526687915E2,4.703999996E0,2.928000212E0,-5.397000313E0
3.526712352E2,3.880050182E0,1.764000058E0,-2.421000004E0
3.526736788E2,8.068050385E0,2.386950016E0,-2.287050009E0
3.526761225E2,8.877000809E0,3.073950052E0,-4.746000290E0
3.526785660E2,5.371950150E0,5.350950241E0,-3.937050104E0
3.526810097E2,4.804950237E0,7.510950565E0,-1.240950108E0
3.526834533E2,7.632000446E0,8.401050568E0,-2.806950092E0
3.526858970E2,6.100050449E0,1.075500011E1,-6.942000389E0
3.526883405E2,1.303950071E0,1.079805088E1,-9.100950241E0
3.526907841E2,-1.623000026E0,8.824950218E0,-5.311050415E0
3.526932278E2,-2.695950031E0,7.044000149E0,1.696050048E0
3.526956712E2,1.198950052E0,5.635950089E0,8.410500288E-1
3.526981149E2,6.741000175E0,4.539000034E0,-4.617000103E0
3.527005586E2,6.547950268E0,5.181000233E0,-5.244000435E0
3.527030022E2,3.768000126E0,6.532050133E0,-3.132000208E0
3.527054457E2,2.872050047E0,8.746050835E0,1.690500081E-1
3.527078894E2,5.382000446E0,1.083900070E1,-2.071950197E0
3.527103330E2,7.813950539E0,1.177305031E1,-6.369000435E0
3.527127767E2,5.623050213E0,1.173195076E1,-9.973050117E0
3.527152202E2,2.149049997E0,8.967000008E0,-9.618000031E0
3.527176638E2,1.915050149E0,6.661050320E0,-5.139000416E0
3.527201075E2,6.136050224E0,5.904000282E0,-4.087950230E0
3.527225509E2,7.534050465E0,6.979050159E0,-3.445950270E0
3.527249946E2,6.130950451E0,5.860950470E0,-2.923950195E0
3.527274383E2,4.840050220E0,7.408050537E0,-3.810000122E-1
3.527298819E2,6.682050228E0,9.144000053E0,-1.297950029E0
3.527323256E2,6.217050076E0,9.814050674E0,-5.919000149E0
3.527347691E2,2.213999987E0,1.030005074E1,-6.922050476E0
3.527372127E2,-3.210000098E-1,9.187050819E0,-3.835950136E0
3.527396564E2,-1.890000105E-1,7.942050457E0,2.209500074E-1
3.527420998E2,4.052999973E0,6.939000130E0,-2.164950132E0
3.527445435E2,8.362050056E0,5.854050159E0,-7.542000294E0
3.527469872E2,5.473050117E0,6.615000248E0,-8.131050110E0
3.527494308E2,2.844000101E0,7.123050213E0,-3.142050266E0
3.527518743E2,4.024050236E0,7.702050209E0,5.970000029E-1
3.527543179E2,5.359950066E0,8.638050079E0,-9.199500680E-1
3.527567616E2,4.608000278E0,8.859000206E0,-4.966050148E0
3.527592053E2,5.578050137E0,7.827000141E0,-8.412000656E0
3.527616488E2,1.420950055E0,6.322950363E0,-7.729050159E0
3.527640925E2,2.041949987E0,4.603950024E0,-2.032950163E0
3.527665361E2,6.808950424E0,4.219050407E0,-2.209500074E-1
3.527689798E2,8.307000160E0,5.808000088E0,-2.974050045E0
3.527714232E2,4.477050304E0,6.856950283E0,-3.810000181E0
3.527738668E2,4.642050266E0,7.398000240E0,-1.975950122E0
3.527763105E2,8.712000847E0,6.844950199E0,-4.735949993E0
3.527787540E2,5.968050480E0,9.043050766E0,-7.863000393E0
3.527811977E2,3.940500319E-1,1.017300034E1,-5.280000210E0
3.527836413E2,-1.594050050E0,7.968000412E0,2.190000117E-1
3.527860850E2,-5.389500260E-1,6.655950546E0,4.102050304E0
3.527885284E2,3.652950287E0,6.771000385E0,2.830500007E-1
3.527909721E2,6.334050179E0,6.381000519E0,-5.413950443E0
3.527934158E2,3.105000257E0,6.673050404E0,-5.694000244E0
3.527958592E2,5.879999995E-1,7.474950314E0,-9.679500461E-1
3.527983029E2,1.255950093E0,8.113950729E0,-2.700000070E-2
3.528007466E2,5.197050095E0,9.484050751E0,-4.024950027E0
3.528031902E2,7.438050270E0,9.292050362E0,-8.233950615E0
3.528056337E2,5.305050373E0,9.175050735E0,-9.834000587E0
3.528080774E2,2.266950130E0,7.147050381E0,-8.929050446E0
3.528105210E2,3.580950260E0,4.638000011E0,-6.508050442E0
3.528129647E2,7.909950256E0,4.551000118E0,-6.301950455E0
3.528154081E2,8.359950066E0,5.061000347E0,-7.813050270E0
3.528178518E2,4.563000202E0,5.866050243E0,-4.789050102E0
3.528202955E2,3.961950302E0,6.811950207E0,1.357950091E0
3.528227389E2,6.865950108E0,6.019050121E0,1.155000091E0
3.528251826E2,5.044050217E0,7.087050438E0,-1.534950018E0
3.528276263E2,-7.090500593E-1,8.269950867E0,-1.267050028E0
3.528300699E2,-2.686050177E0,7.438950539E0,1.792050123E0
3.528325136E2,2.389500141E-1,7.036950111E0,2.854950190E0
3.528349571E2,7.369050503E0,5.583000183E0,-3.871950150E0
3.528374007E2,7.512000561E0,5.959050179E0,-8.622000694E0
3.528398444E2,4.675050259E0,7.891050339E0,-7.381950378E0
3.528422878E2,2.808000088E0,8.820000648E0,-3.867000103E0
3.528447315E2,2.743050098E0,1.041000080E1,-2.304000139E0
3.528471752E2,5.259000301E0,1.035000038E1,-5.104950428E0
3.528496189E2,5.628000259E0,9.883950233E0,-7.756050587E0
3.528520625E2,4.657950401E0,9.273000717E0,-8.830950737E0
3.528545060E2,3.739050150E0,7.647000313E0,-5.986050129E0
3.528569496E2,4.777950287E0,6.169950485E0,-3.550950050E0
3.528593933E2,6.220050335E0,7.056000233E0,-2.455050230E0
3.528618368E2,6.282000065E0,7.915050507E0,-1.120950103E0
3.528642805E2,5.295000076E0,7.972950459E0,-8.170500398E-1
3.528667241E2,4.090950012E0,8.476050377E0,1.059000015E0
3.528691678E2,5.271000385E0,1.017600060E1,-1.969500035E-1
3.528716112E2,6.615000248E0,1.194705009E1,-3.463050127E0
3.528740548E2,4.126950264E0,1.187100029E1,-8.079000473E0
3.528764985E2,1.599000096E0,1.255095100E1,-2.598000050E0
3.528789420E2,1.090500057E-1,1.103505039E1,0.000000000E0
3.528813857E2,2.110949993E0,1.271595097E1,1.117050052E0
3.528838293E2,4.606050014E0,1.177305031E1,-4.489950180E0
3.528862730E2,3.748950243E0,1.144695091E1,-3.757050276E0
3.528887165E2,3.973950148E0,1.002195072E1,-6.025050163E0
3.528911602E2,2.170950174E0,1.131795025E1,-2.638950109E0
3.528936038E2,3.757950068E0,1.150905037E1,-2.752050161E0
3.528960475E2,5.185050011E0,1.036005020E1,-4.738950253E0
3.528984909E2,4.237050056E0,9.304050446E0,-4.726950169E0
3.529009346E2,3.889950275E0,7.579950333E0,-4.159049988E0
3.529033782E2,4.891050339E0,6.274950504E0,-2.847000122E0
3.529058217E2,6.526050091E0,6.895050526E0,-3.337950230E0
3.529082654E2,7.210950375E0,7.482000351E0,-3.513000250E0
3.529107090E2,6.085050106E0,7.702050209E0,-3.748050213E0
3.529131527E2,3.988050222E0,8.643000603E0,-2.443050146E0
3.529155964E2,2.815050125E0,7.896000385E0,-9.340500236E-1
3.529180399E2,2.511000156E0,7.683000565E0,-1.416000009E0
3.529204835E2,3.021000147E0,8.397000313E0,-3.313950062E0
3.529229272E2,3.178950071E0,6.559950352E0,-4.957050323E0
3.529253706E2,2.475000143E0,5.559000492E0,-5.476050377E0
3.529278143E2,1.744950056E0,5.776950359E0,-3.241950035E0
3.529302579E2,3.411000252E0,6.040950298E0,-1.711950064E0
3.529327016E2,4.194000244E0,6.294000149E0,-3.051000118E0
3.529351451E2,3.607050180E0,6.060000420E0,-4.339050293E0
3.529375888E2,3.502050161E0,5.863950253E0,-5.581950188E0
3.529400324E2,3.787050247E0,5.533050060E0,-4.971000195E0
3.529424758E2,3.319950104E0,5.092950344E0,-4.248000145E0
3.529449195E2,3.295950174E0,5.398950100E0,-2.806950092E0
3.529473631E2,5.503950119E0,4.759950161E0,-2.413950205E0
3.529498068E2,6.672000408E0,4.993950367E0,-4.629000187E0
3.529522505E2,5.463000298E0,5.317950249E0,-4.990050316E0
3.529546940E2,4.174950123E0,5.500050068E0,-6.082050323E0
3.529571377E2,2.604000092E0,5.545050144E0,-5.698950291E0
3.529595813E2,2.515950203E0,5.167050362E0,-2.706000090E0
3.529620248E2,5.149050236E0,4.999050140E0,-7.810500264E-1
3.529644685E2,5.310000420E0,6.048000336E0,-4.150500298E-1
3.529669121E2,3.949950218E0,7.060950279E0,-4.240500331E-1
3.529693558E2,3.045000076E0,7.372050285E0,-7.200000435E-2
3.529717992E2,2.902950048E0,8.251049995E0,-7.759500146E-1
3.529742429E2,4.651050091E0,9.526950836E0,-2.799000025E0
3.529766866E2,5.863050461E0,1.000800037E1,-5.893050194E0
3.529791302E2,3.961950302E0,1.092705059E1,-6.076950073E0
3.529815737E2,2.392950058E0,1.104000092E1,-4.525950432E0
3.529840174E2,1.881000042E0,1.053705025E1,-1.552050114E0
3.529864610E2,1.681950092E0,1.102995014E1,-1.273950100E0
3.529889047E2,2.377050161E0,1.196700096E1,-9.799500704E-1
3.529913482E2,3.430050135E0,1.165995026E1,-3.379050255E0
3.529937919E2,4.243950367E0,1.143705082E1,-4.525950432E0
3.529962355E2,4.330049992E0,1.206705093E1,-6.028950214E0
3.529986789E2,3.499950171E0,1.195005035E1,-6.931950092E0
3.530011226E2,2.281050205E0,1.182105064E1,-4.554000378E0
3.530035663E2,1.819050074E0,1.083195019E1,-2.670000076E0
3.530060100E2,3.160050154E0,8.442000389E0,-1.630950093E0
3.530084534E2,6.294000149E0,8.281949997E0,-2.397000074E0
3.530108970E2,6.454050541E0,7.602000237E0,-4.047000408E0
3.530133407E2,4.201050282E0,7.048950195E0,-2.605050087E0
3.530157844E2,2.659050226E0,7.836000443E0,-1.939500123E-1
3.530182279E2,3.430050135E0,8.356050491E0,4.699500203E-1
3.530206716E2,5.245050430E0,8.269950867E0,-5.749500394E-1
3.530231152E2,5.173050404E0,6.679950237E0,-3.163050175E0
3.530255589E2,3.864000082E0,6.952950478E0,-5.452050209E0
3.530280023E2,3.222000122E0,5.923050404E0,-5.962050438E0
3.530304460E2,2.263950109E0,6.012000084E0,-4.336950302E0
3.530328896E2,2.583000183E0,6.417000294E0,-2.452050209E0
3.530353331E2,3.205050230E0,6.466950417E0,-8.980500698E-1
3.530377768E2,3.315000057E0,5.740950108E0,-2.659500241E-1
3.530402205E2,2.896050215E0,5.670000076E0,3.619500101E-1
3.530426641E2,2.829000235E0,4.812000275E0,5.595000088E-2
3.530451078E2,3.174000263E0,4.906050205E0,-1.090050101E0
3.530475513E2,3.373050213E0,4.516050339E0,-3.115050077E0
3.530499949E2,2.949000120E0,4.132050037E0,-3.907950163E0
3.530524386E2,4.408950329E0,4.159049988E0,-3.783000231E0
3.530548820E2,4.600950241E0,4.966050148E0,-3.409950256E0
3.530573257E2,3.955050230E0,6.048000336E0,-1.987950087E0
3.530597693E2,2.800950050E0,6.330000401E0,-6.520500183E-1
3.530622130E2,1.168050051E0,7.401000500E0,1.311000109E0
3.530646565E2,1.723050117E0,7.285950184E0,7.740000486E-1
3.530671002E2,2.980050087E0,7.372050285E0,-2.047950029E0
3.530695438E2,3.729000092E0,7.432050228E0,-4.674000263E0
3.530719872E2,3.231000185E0,7.405050278E0,-4.759950161E0
3.530744309E2,1.744950056E0,7.888950348E0,-3.490950108E0
3.530768745E2,6.480000019E-1,8.381999969E0,-8.959500194E-1
3.530793182E2,1.129050016E0,8.923050880E0,5.610000491E-1
3.530817619E2,3.169050217E0,9.532050133E0,-7.860000134E-1
3.530842054E2,5.014950275E0,1.096800041E1,-2.890050173E0
3.530866490E2,6.046950340E0,1.022400093E1,-5.481000423E0
3.530890927E2,5.914950371E0,9.927000046E0,-6.433950424E0
3.530915361E2,3.694050074E0,1.153095055E1,-6.216000080E0
3.530939798E2,1.929000139E0,1.292895031E1,-3.417000055E0
3.530964235E2,1.261050105E0,1.237395096E1,-7.710000277E-1
3.530988671E2,1.396950126E0,1.220400047E1,-6.000000238E-2
3.531013106E2,2.491950035E0,1.087200069E1,-1.669050097E0
3.531037543E2,2.805000067E0,9.723000526E0,-3.532050133E0
3.531061979E2,2.293050051E0,9.526950836E0,-3.802950144E0
3.531086416E2,1.860000134E0,9.091050148E0,-3.463050127E0
3.531110851E2,2.287950039E0,9.618000031E0,-2.617050171E0
3.531135288E2,4.536000252E0,9.667950630E0,-2.529000044E0
3.531159724E2,6.114000320E0,9.622950554E0,-3.360000134E0
3.531184161E2,4.885950089E0,9.496050835E0,-3.787950277E0
3.531208596E2,3.457050085E0,9.225000381E0,-3.148950100E0
3.531233032E2,2.595000029E0,8.707950592E0,-2.185950041E0
3.531257469E2,2.461050034E0,7.981950283E0,-9.889500737E-1
3.531281903E2,3.306000233E0,7.575000286E0,3.405000269E-2
3.531306340E2,5.215950012E0,7.008000374E0,-5.440500379E-1
3.531330776E2,5.140050411E0,7.324050426E0,-1.863000035E0
3.531355213E2,4.159950256E0,8.607000351E0,-2.995950222E0
3.531379648E2,2.202000141E0,9.285000801E0,-2.634000063E0
3.531404085E2,1.045050025E0,9.280050278E0,-7.159500122E-1
3.531428522E2,1.138950109E0,9.823950768E0,5.779500008E-1
3.531452958E2,1.054949999E0,9.847950935E0,-2.569500208E-1
3.531477393E2,3.010950089E0,8.389050484E0,-3.745050192E0
3.531501829E2,4.230000019E0,8.320050240E0,-6.088950157E0
3.531526266E2,3.753000259E0,8.479949951E0,-5.799000263E0
3.531550703E2,2.044049978E0,9.715950012E0,-2.172000170E0
3.531575137E2,1.558050036E0,1.037400055E1,9.370500445E-1
3.531599574E2,1.996050119E0,1.059000015E1,1.507050037E0
3.531624010E2,3.001950026E0,1.003695011E1,-3.790500164E-1
3.531648447E2,3.471000195E0,8.872950554E0,-3.139050245E0
3.531672882E2,2.452950001E0,8.028000832E0,-3.031950235E0
3.531697319E2,1.431000113E0,7.518000126E0,-1.212000012E0
3.531721755E2,9.880500436E-1,7.954050541E0,8.719500303E-1
3.531746192E2,7.030500174E-1,9.076950073E0,-1.699500084E-1
3.531770626E2,1.426050067E0,8.725049973E0,-2.230500132E-1
3.531795063E2,4.326000214E0,1.013505077E1,1.801050067E0
3.531819499E2,6.217050076E0,1.060695076E1,-4.006050110E0
3.531843934E2,5.568000317E0,9.544050217E0,-6.055950165E0
3.531868371E2,2.998950243E0,1.080795097E1,-6.055950165E0
3.531892807E2,1.564950109E0,9.619950294E0,-2.557950020E0
3.531917244E2,1.528950095E0,9.069000244E0,-9.900000691E-2
3.531941678E2,3.100050211E0,8.089950562E0,-1.111050010E0
3.531966115E2,4.960050106E0,7.305000305E0,-2.590950012E0
3.531990551E2,4.539000034E0,7.570950508E0,-3.297000170E0
3.532014986E2,2.776950121E0,8.524050713E0,-3.565950155E0
3.532039423E2,1.303950071E0,9.000000000E0,-1.084950089E0
3.532063860E2,1.567050099E0,9.526950836E0,-4.095000029E-2
3.532088296E2,1.744950056E0,1.056105042E1,2.809500098E-1
3.532112733E2,2.391000032E0,1.013295078E1,-1.143000007E0
3.532137168E2,4.207950115E0,9.301950455E0,-4.317000389E0
3.532161605E2,4.492950439E0,9.558000565E0,-5.383050442E0
3.532186041E2,3.519000053E0,1.030695057E1,-4.698000431E0
3.532210475E2,2.464950085E0,1.126305008E1,-2.514000177E0
3.532234912E2,2.578050137E0,1.090305042E1,-9.970500469E-1
3.532259348E2,3.129000187E0,1.077195072E1,-1.369950056E0
3.532283785E2,3.246000051E0,1.052505016E1,-3.181950092E0
3.532308222E2,2.662050009E0,1.010595036E1,-3.088950157E0
3.532332657E2,1.543950081E0,9.283050537E0,-2.533950090E0
3.532357094E2,6.379500031E-1,8.485050201E0,7.304999977E-2
3.532381530E2,1.279500127E-1,8.236050606E0,9.195000678E-2
3.532405965E2,4.350000322E-1,8.998050690E0,-3.090000153E-1
3.532430401E2,3.448950052E0,8.740950584E0,-1.249500066E-1
3.532454838E2,6.093000412E0,9.309000015E0,-4.510950089E0
3.532479275E2,7.030950546E0,8.872950554E0,-4.765050411E0
3.532503709E2,5.322000027E0,1.006095028E1,-3.988950253E0
3.532528146E2,3.313050270E0,1.045800018E1,-2.196000099E0
3.532552582E2,1.867050052E0,1.021200085E1,2.070000172E-1
3.532577019E2,1.414050102E0,9.559950829E0,-7.500000298E-2
3.532601454E2,2.440950155E0,8.358000755E0,-2.341950178E0
3.532625891E2,3.976050138E0,7.393050194E0,-4.474950314E0
3.532650327E2,3.817950249E0,8.026050568E0,-4.513950348E0
3.532674764E2,2.338050127E0,9.517050743E0,-2.553000212E0
3.532699199E2,1.144050002E0,1.023105049E1,5.595000088E-2
3.532723636E2,1.029000044E0,9.967050552E0,8.100000620E-1
3.532748072E2,2.641950130E0,9.721050262E0,4.030500054E-1
3.532772509E2,5.343000412E0,9.960000038E0,-2.565000057E0
3.532796943E2,5.350050449E0,9.828000069E0,-4.321950436E0
3.532821379E2,3.634050131E0,9.799950600E0,-3.750000238E0
3.532845816E2,2.271000147E0,1.032195091E1,-1.882050037E0
3.532870251E2,1.579050064E0,1.042200089E1,2.550000250E-1
3.532894688E2,1.524000049E0,1.042005062E1,6.349500418E-1
3.532919125E2,2.620950222E0,9.726000786E0,-1.135050058E0
3.532943561E2,2.949000120E0,9.699000359E0,-3.441000223E0
3.532967998E2,2.061000109E0,9.292050362E0,-4.027950287E0
3.532992432E2,1.122000098E0,8.325000763E0,-2.197950125E0
3.533016869E2,5.809500217E-1,6.943050385E0,-1.200000010E-2
3.533041305E2,9.930000305E-1,6.229950428E0,4.390500188E-1
3.533065740E2,3.634050131E0,6.043050289E0,-1.657050133E0
3.533090177E2,5.868000507E0,5.842050076E0,-4.258049965E0
3.533114613E2,5.523000240E0,6.607950211E0,-5.365950108E0
3.533139050E2,3.849000216E0,7.807950497E0,-4.669050217E0
3.533163485E2,2.239950180E0,7.951050282E0,-2.440050125E0
3.533187922E2,1.905000091E0,8.068950653E0,2.950500250E-1
3.533212358E2,2.278950214E0,8.643000603E0,9.319500327E-1
3.533236795E2,1.804050088E0,8.947050095E0,1.141050100E0
3.533261229E2,2.155950069E0,7.542000294E0,-7.669500113E-1
3.533285666E2,3.781950235E0,7.273950577E0,-3.843000174E0
3.533310102E2,4.098000050E0,8.361000061E0,-4.585950375E0
3.533334539E2,2.619000196E0,9.124950409E0,-3.280950069E0
3.533358974E2,7.290000319E-1,1.012095070E1,-8.269500136E-1
3.533383411E2,6.960000396E-1,1.017105007E1,1.105050087E0
3.533407847E2,1.444950104E0,1.004205036E1,7.500000298E-2
3.533432282E2,3.094950199E0,9.475950241E0,-9.460500479E-1
3.533456718E2,3.301050186E0,9.826050758E0,-2.674950123E0
3.533481155E2,4.648950100E0,9.595950127E0,-3.075000048E0
3.533505592E2,5.334000111E0,9.850050926E0,-3.465000153E0
3.533530026E2,4.024050236E0,1.097295094E1,-2.245950222E0
3.533554463E2,2.331000090E0,1.191600037E1,-3.379500210E-1
3.533578900E2,1.666050076E0,1.162905025E1,3.430500031E-1
3.533603334E2,1.735050082E0,1.239795017E1,0.000000000E0
3.533627771E2,2.068050146E0,1.225095081E1,-1.878000140E0
3.533652208E2,1.860000134E0,1.138500023E1,-3.669000149E0
3.533676644E2,1.036050081E0,1.037400055E1,-2.550000191E0
3.533701081E2,5.670000315E-1,9.556050301E0,-1.350000054E-1
3.533725515E2,1.279950023E0,8.866050720E0,9.870000482E-1
3.533749952E2,3.598050117E0,8.530950546E0,-2.071950197E0
3.533774388E2,6.001950264E0,9.001950264E0,-3.499050140E0
3.533798825E2,5.503950119E0,9.550950050E0,-3.645000219E0
3.533823260E2,3.385050058E0,1.162905025E1,-2.775000095E0
3.533847697E2,2.286000013E0,1.228995037E1,-1.320000052E0
3.533872133E2,1.654050112E0,1.150695038E1,-3.210000098E-1
3.533896570E2,1.069050074E0,1.055205059E1,-3.480000198E-1
3.533921005E2,6.340500116E-1,9.667950630E0,1.210500076E-1
3.533945442E2,1.174950004E0,8.743950844E0,-7.620000243E-1
3.533969878E2,3.295950174E0,8.611950874E0,-2.625000238E0
3.533994315E2,4.090950012E0,8.703000069E0,-3.180000067E0
3.534018749E2,3.418050051E0,9.406949997E0,-2.986050129E0
3.534043185E2,2.281050205E0,1.006305027E1,-1.641000032E0
3.534067622E2,1.953000069E0,1.006500053E1,-1.240950108E0
3.534092057E2,2.154000044E0,9.655950546E0,-1.537950039E0
3.534116494E2,3.181050062E0,8.413050652E0,-2.184000015E0
3.534140930E2,5.134950161E0,7.461000443E0,-3.343050241E0
3.534165367E2,5.556000233E0,6.658050537E0,-4.581000328E0
3.534189804E2,4.393050194E0,6.697050095E0,-4.083000183E0
3.534214238E2,2.961000204E0,7.639950275E0,-1.353000045E0
3.534238675E2,2.286000013E0,7.911000252E0,8.010000587E-1
3.534263109E2,2.523000002E0,8.449049950E0,1.339050055E0
3.534287546E2,1.843050122E0,9.520050049E0,1.750950098E0
3.534311983E2,8.610000610E-1,1.008705044E1,1.651050091E0
3.534336419E2,4.729500115E-1,9.807000160E0,-7.330500484E-1
3.534360856E2,9.379500151E-1,8.797050476E0,-3.046050072E0
3.534385291E2,6.720000505E-1,8.112000465E0,-3.496050119E0
3.534409728E2,1.570500135E-1,7.233000278E0,-1.462950110E0
3.534434164E2,2.479500175E-1,7.591950417E0,5.400000215E-1
3.534458601E2,3.970500231E-1,7.504050255E0,-2.400000095E-1
3.534483035E2,8.779500127E-1,7.291050434E0,-1.080000028E-1
3.534507472E2,2.583000183E0,8.643000603E0,-8.410500288E-1
3.534531908E2,2.917950153E0,9.984000206E0,-1.702950120E0
3.534556345E2,4.836000443E0,9.430950165E0,-1.281000018E0
3.534580780E2,5.044050217E0,9.352050781E0,-1.099050045E0
3.534605217E2,3.619050264E0,9.867000580E0,7.170000076E-1
3.534629653E2,2.443950176E0,1.005795002E1,1.476000071E0
3.534654088E2,1.285050035E0,9.991050720E0,4.870500267E-1
3.534678525E2,1.210950017E0,9.216000557E0,1.305000018E-2
3.534702961E2,1.315950036E0,9.163050652E0,-3.424050093E0
3.534727398E2,2.197050095E0,9.505050659E0,-3.763950109E0
3.534751832E2,1.717950106E0,9.867000580E0,-3.160950184E0
3.534776269E2,6.979500055E-1,1.023495007E1,-1.546950102E0
3.534800706E2,7.150500417E-1,9.823950768E0,4.129500091E-1
3.534825142E2,1.462050080E0,9.808950424E0,9.919500351E-1
3.534849579E2,3.298950195E0,1.044600010E1,9.900000691E-2
3.534874013E2,4.516950130E0,1.071705055E1,-4.789500237E-1
3.534898450E2,4.363950253E0,9.687000275E0,-9.940500259E-1
3.534922887E2,4.141050339E0,1.092495060E1,-7.759500146E-1
3.534947321E2,4.567049980E0,1.153800011E1,-5.890500546E-1
3.534971758E2,2.968050241E0,1.165305042E1,-4.732050419E0
3.534996195E2,2.209050179E0,1.239495087E1,7.789500356E-1
3.535020631E2,1.771050096E0,1.244100094E1,-5.149500370E-1
3.535045066E2,1.053000093E0,1.195005035E1,-8.479500413E-1
3.535069503E2,4.590000212E-1,1.036005020E1,-3.379500210E-1
3.535093939E2,4.180500209E-1,1.079295063E1,-8.580000401E-1
3.535118376E2,-6.900000572E-2,9.457050323E0,-8.340000510E-1
3.535142811E2,-1.240500063E-1,9.036000252E0,4.770000279E-1
3.535167248E2,2.259000063E0,8.725049973E0,-2.590500116E-1
3.535191684E2,4.624950409E0,8.835000038E0,-3.979950190E0
3.535216121E2,6.457050323E0,7.735950470E0,-4.666950226E0
3.535240555E2,6.579000473E0,8.409000397E0,-2.967000246E0
3.535264992E2,5.596950054E0,9.100950241E0,-2.140950203E0
3.535289428E2,3.697950125E0,9.448050499E0,1.230000034E-1
3.535313865E2,2.791050196E0,9.316050529E0,1.605000019E0
3.535338300E2,2.784000158E0,9.781050682E0,1.573950052E0
3.535362736E2,2.392950058E0,9.714000702E0,8.170500398E-1
3.535387173E2,2.323950052E0,9.301950455E0,-7.519500256E-1
3.535411608E2,1.897950053E0,9.847950935E0,-2.956950188E0
3.535436045E2,1.795050144E0,1.028595066E1,-2.826000214E0
3.535460482E2,1.572000027E0,1.055895042E1,-2.596050024E0
3.535484918E2,1.192050099E0,1.002495003E1,-1.614000082E0
3.535509352E2,1.579050064E0,9.156000137E0,-3.570000231E-1
3.535533789E2,2.698050022E0,1.009200001E1,1.009500027E-1
3.535558225E2,4.182000160E0,1.116705036E1,-2.179500163E-1
3.535582662E2,5.121000290E0,1.049595070E1,-1.204950094E0
3.535607097E2,4.788000107E0,1.074105072E1,-1.152000070E0
3.535631534E2,4.017000198E0,1.195500088E1,-5.890500546E-1
3.535655970E2,4.129050255E0,1.171800041E1,-3.384000063E0
3.535680407E2,2.401050091E0,1.194495010E1,-1.686000109E0
3.535704842E2,1.108050108E0,1.195200062E1,-1.329000115E0
3.535729279E2,5.449500084E-1,1.117905045E1,1.230000034E-1
3.535753715E2,3.490500152E-1,1.028595066E1,2.880000174E-1
3.535778152E2,1.999500096E-1,9.390000343E0,-1.319999993E-1
3.535802586E2,-4.069500268E-1,7.530000210E0,-5.100000277E-2
3.535827023E2,-3.370500207E-1,7.398000240E0,-9.150000215E-1
3.535851459E2,6.960000396E-1,9.265950203E0,-1.680000126E-1
3.535875896E2,1.294050097E0,8.983050346E0,5.710500479E-1
3.535900331E2,2.578050137E0,9.313950539E0,4.390500188E-1
3.535924768E2,4.836000443E0,1.072200012E1,9.799500704E-1
3.535949204E2,6.636000156E0,1.057500076E1,1.861050129E0
3.535973641E2,8.556000710E0,9.799950600E0,-2.227050066E0
3.535998075E2,4.690050125E0,1.045605087E1,-6.450000405E-1
3.536022511E2,3.318000078E0,1.160505009E1,2.508000135E0
3.536046948E2,1.408950090E0,1.039095020E1,-2.902050257E0
3.536071385E2,-3.330000043E-1,8.670000076E0,-4.285950184E0
3.536095820E2,-3.589500189E-1,7.888950348E0,-3.181950092E0
3.536120257E2,2.959500253E-1,1.018800068E1,-3.439050198E0
3.536144693E2,1.042950034E0,1.052805042E1,-1.714950085E0
3.536169128E2,8.560500145E-1,9.052950859E0,-1.066050053E0
3.536193564E2,1.285050035E0,9.382950783E0,4.270500243E-1
3.536218001E2,2.560950041E0,9.201000214E0,8.340000510E-1
3.536242437E2,3.909000158E0,8.659950256E0,6.019500494E-1
3.536266872E2,4.759050369E0,7.461000443E0,-8.890500665E-1
3.536291309E2,4.800000191E0,7.587000370E0,-1.123050094E0
3.536315745E2,4.171950340E0,8.140049934E0,-2.380500138E-1
3.536340182E2,3.118950129E0,8.980950356E0,1.078050017E0
3.536364619E2,2.614050150E0,9.651000023E0,8.205000311E-2
3.536389054E2,1.849950075E0,1.034595013E1,0.000000000E0
3.536413490E2,7.750500441E-1,1.042200089E1,-4.240500331E-1
3.536437927E2,-3.299999982E-2,1.002495003E1,-1.771950126E0
3.536462361E2,-6.130500436E-1,9.292050362E0,-3.199050188E0
3.536486798E2,-3.090000153E-1,8.461050034E0,-3.118050098E0
3.536511234E2,8.520000577E-1,8.209950447E0,-2.662950039E0
3.536535671E2,2.068050146E0,7.341000557E0,-1.981050134E0
3.536560106E2,2.829000235E0,7.585050583E0,-1.612050056E0
3.536584543E2,4.330049992E0,8.404050827E0,-4.750500321E-1
3.536608979E2,5.371950150E0,8.485050201E0,-1.489500105E-1
3.536633416E2,5.860050201E0,8.509050369E0,-6.760500073E-1
3.536657851E2,4.840050220E0,9.373950005E0,-4.720500112E-1
3.536682287E2,3.306000233E0,9.646050453E0,3.169500232E-1
3.536706724E2,2.322000027E0,9.948000908E0,7.360500097E-1
3.536731161E2,1.435950041E0,1.025205040E1,1.627050042E0
3.536755595E2,4.729500115E-1,1.016100025E1,2.209500074E-1
3.536780032E2,-1.170000061E-1,9.109950066E0,-6.000000238E-2
3.536804468E2,-1.720500141E-1,9.256050110E0,-1.110000089E-1
3.536828905E2,5.700000376E-2,1.039095020E1,-3.028950214E0
3.536853340E2,1.429050088E0,1.008000088E1,-4.870050430E0
3.536877776E2,1.675050020E0,9.361950874E0,-5.146050453E0
3.536902213E2,1.560000062E0,8.710050583E0,-2.755950212E0
3.536926647E2,1.675050020E0,9.046050072E0,-4.605000094E-2
3.536951084E2,1.941000104E0,9.787950516E0,1.800000072E-1
3.536975521E2,3.037950039E0,9.772950172E0,8.650500178E-1
3.536999957E2,4.350000381E0,8.847000122E0,3.910500109E-1
3.537024394E2,4.939050198E0,8.800950050E0,-1.510500014E-1
3.537048829E2,3.801000118E0,9.048000336E0,5.400000140E-2
3.537073265E2,3.016050100E0,1.018995094E1,3.940500319E-1
3.537097702E2,2.359950066E0,1.156905079E1,8.530500531E-1
3.537122137E2,1.575000048E0,1.113795090E1,1.549950123E0
3.537146573E2,5.140500069E-1,9.963000298E0,-1.180500090E-1
3.537171010E2,-3.450000286E-1,8.665050507E0,-3.007950068E0
3.537195447E2,-9.979500771E-1,8.458950043E0,-4.465950012E0
3.537219881E2,-4.999500215E-1,7.969950199E0,-3.955950260E0
3.537244318E2,1.210950017E0,6.961950302E0,-2.500050068E0
3.537268754E2,2.935050249E0,7.483950138E0,-2.503050089E0
3.537293191E2,5.676000118E0,8.265000343E0,-2.277000189E0
3.537317626E2,5.896050453E0,7.506000519E0,-3.024000168E0
3.537342063E2,4.969950199E0,8.855999947E0,-1.738950133E0
3.537366499E2,3.253050089E0,9.675000191E0,-1.099050045E0
3.537390936E2,1.915050149E0,9.852000237E0,-4.669500291E-1
3.537415370E2,6.739500165E-1,9.076950073E0,7.304999977E-2
3.537439807E2,1.363950014E0,8.611950874E0,-1.236000061E0
3.537464243E2,3.684000254E0,8.322000504E0,-3.361950159E0
3.537488680E2,4.157999992E0,8.002050400E0,-4.348950386E0
3.537513115E2,3.904050112E0,8.401050568E0,-4.344000340E0
3.537537551E2,3.057000160E0,8.800950050E0,-4.056000233E0
3.537561988E2,2.664000034E0,8.908950806E0,-4.012950420E0
3.537586425E2,3.294000149E0,7.920000553E0,-3.882000208E0
3.537610860E2,4.515000343E0,7.555950165E0,-3.841050148E0
3.537635296E2,5.704950333E0,7.177950382E0,-3.955950260E0
3.537659733E2,5.109000206E0,7.528050423E0,-3.903000116E0
3.537684170E2,3.768000126E0,8.706000328E0,-2.601000071E0
3.537708604E2,3.265050173E0,9.523950577E0,-1.417950034E0
3.537733041E2,2.989950180E0,1.004595089E1,-1.102050066E0
3.537757477E2,2.719050169E0,1.076700020E1,-2.139000177E0
3.537781912E2,2.767050028E0,1.173705101E1,-3.147000074E0
3.537806349E2,3.148050070E0,1.201905060E1,-4.693050385E0
3.537830785E2,2.749950171E0,1.203405094E1,-5.716050148E0
3.537855222E2,1.813950062E0,1.083195019E1,-5.512050152E0
3.537879656E2,1.089000106E0,8.755949974E0,-3.319050074E0
3.537904093E2,5.520000458E-1,7.422000408E0,-6.400500536E-1
3.537928530E2,1.450050116E0,6.235050201E0,8.680500388E-1
3.537952966E2,4.648950100E0,4.863000393E0,-1.570950031E0
3.537977403E2,7.021950245E0,4.570950031E0,-4.375050068E0
3.538001838E2,6.639000416E0,4.987050056E0,-5.503050327E0
3.538026274E2,5.449050426E0,6.211050510E0,-5.718000412E0
3.538050711E2,4.267950058E0,8.039999962E0,-5.107050419E0
3.538075146E2,2.190000057E0,8.976000786E0,-3.610950232E0
3.538099583E2,6.649500132E-1,9.532050133E0,-1.309950113E0
3.538124019E2,1.141050100E0,9.189000130E0,-5.970000029E-1
3.538148456E2,3.552000284E0,8.374950409E0,-2.272950172E0
3.538172890E2,5.167950153E0,6.844950199E0,-5.055000305E0
3.538197327E2,4.966950417E0,6.226950169E0,-6.058050156E0
3.538221763E2,4.492950439E0,6.127050400E0,-5.593950272E0
3.538246200E2,4.017000198E0,6.703950405E0,-4.099050045E0
3.538270635E2,4.335000038E0,7.197000504E0,-3.070050240E0
3.538295072E2,4.144050121E0,7.329000473E0,-2.847000122E0
3.538319508E2,4.387950420E0,7.887000561E0,-3.562950134E0
3.538343945E2,5.407950401E0,7.516050339E0,-4.875000000E0
3.538368380E2,5.394000053E0,7.999050617E0,-5.947950363E0
3.538392817E2,4.930950165E0,8.863950729E0,-5.617050171E0
3.538417253E2,4.239000320E0,9.651000023E0,-4.090050220E0
3.538441690E2,3.490050077E0,1.009905052E1,-1.758000135E0
3.538466124E2,2.176050186E0,1.035000038E1,6.109500527E-1
3.538490560E2,1.825950146E0,1.008900070E1,-6.300000101E-2
3.538514998E2,1.960050106E0,9.994050026E0,-1.429950118E0
3.538539432E2,1.657950044E0,9.405000687E0,-3.016950130E0
3.538563869E2,1.966950059E0,7.314000130E0,-3.076950073E0
3.538588306E2,2.353049994E0,6.703950405E0,-2.725050211E0
3.538612742E2,3.030000210E0,6.823950291E0,-2.287050009E0
3.538637179E2,4.740000248E0,6.565050125E0,-2.485950232E0
3.538661614E2,6.105000496E0,6.703950405E0,-3.060000181E0
3.538686050E2,5.779050350E0,7.021950245E0,-3.799950123E0
3.538710487E2,5.407950401E0,6.996000290E0,-4.200000286E0
3.538734921E2,4.723050117E0,6.702000141E0,-4.681050301E0
3.538759358E2,3.739050150E0,6.610950470E0,-4.114050388E0
3.538783795E2,2.161050081E0,6.730050087E0,-2.158050060E0
3.538808232E2,1.534050107E0,6.924000263E0,5.400000215E-1
3.538832666E2,2.698050022E0,7.228050232E0,1.188000083E0
3.538857103E2,4.066950321E0,6.972000122E0,1.969500035E-1
3.538881539E2,3.955050230E0,7.779000282E0,-2.325000048E0
3.538905976E2,3.162000179E0,9.046050072E0,-3.970050097E0
3.538930411E2,2.698050022E0,9.376049995E0,-4.720050335E0
3.538954848E2,2.065050125E0,9.204000473E0,-5.092950344E0
3.538979284E2,1.939050078E0,8.788949966E0,-3.316950083E0
3.539003721E2,2.832000017E0,8.503950119E0,-2.083950043E0
3.539028155E2,4.069050312E0,8.112000465E0,-2.257950068E0
3.539052592E2,5.488950253E0,7.698000431E0,-3.111000061E0
3.539077028E2,5.419950485E0,8.406000137E0,-3.994050264E0
3.539101465E2,3.691050291E0,9.421050072E0,-3.544050217E0
3.539125902E2,2.302050114E0,9.916950226E0,-2.397000074E0
3.539150336E2,2.101050138E0,1.031400013E1,-6.610500216E-1
3.539174773E2,1.761000037E0,1.038405037E1,-5.629500151E-1
3.539199208E2,1.900050044E0,9.852000237E0,-1.363050103E0
3.539223645E2,2.182950020E0,8.140049934E0,-2.023950100E0
3.539248082E2,2.221050024E0,7.449000359E0,-1.981050134E0
3.539272518E2,3.102000237E0,6.661050320E0,-2.221950054E0
3.539296955E2,4.351950169E0,7.008000374E0,-3.003000259E0
3.539321389E2,5.271000385E0,7.461000443E0,-3.748050213E0
3.539345826E2,5.010000229E0,8.088000298E0,-4.427999973E0
3.539370263E2,4.752000332E0,8.374950409E0,-4.878000259E0
3.539394699E2,4.183950424E0,8.995050430E0,-5.119050026E0
3.539419134E2,2.925000191E0,9.334950447E0,-4.774950027E0
3.539443570E2,2.005950212E0,8.488050461E0,-3.408000231E0
3.539468007E2,1.869000077E0,7.354950428E0,-2.248950005E0
3.539492442E2,2.917950153E0,6.538950443E0,-2.292000055E0
3.539516879E2,4.204050064E0,5.811000347E0,-3.142050266E0
3.539541315E2,5.166000366E0,6.502950191E0,-3.937050104E0
3.539565752E2,5.086950302E0,7.048950195E0,-4.528050423E0
3.539590189E2,3.648000240E0,7.990050316E0,-4.348950386E0
3.539614623E2,2.484000206E0,8.100000381E0,-3.214050055E0
3.539639059E2,2.998950243E0,8.017950058E0,-2.110050201E0
3.539663496E2,4.884000301E0,7.795950413E0,-2.536050081E0
3.539687931E2,5.548950195E0,7.537050247E0,-3.367050171E0
3.539712368E2,5.767050266E0,7.516050339E0,-3.865050077E0
3.539736805E2,5.992050171E0,7.840950489E0,-4.030050278E0
3.539761241E2,5.656950474E0,8.815950394E0,-3.702000141E0
3.539785678E2,4.600950241E0,9.594000816E0,-2.926050186E0
3.539810112E2,2.728950024E0,1.029795074E1,-1.993050098E0
3.539834549E2,9.190500379E-1,1.022595024E1,-6.330000162E-1
3.539858985E2,-3.610500097E-1,9.910050392E0,6.550500393E-1
3.539883422E2,-4.120500088E-1,8.583000183E0,6.139500141E-1
3.539907857E2,5.910000205E-1,7.147050381E0,-8.530500531E-1
3.539932293E2,1.632000089E0,7.036950111E0,-2.700000070E-2
3.539956730E2,4.783050060E0,8.536050797E0,6.709500551E-1
3.539981165E2,6.868050098E0,8.566950798E0,-3.589950085E0
3.540005602E2,7.680000305E0,7.621050358E0,-4.851000309E0
3.540030038E2,5.359950066E0,9.931050301E0,-5.725050449E0
3.540054475E2,3.094950199E0,1.091505051E1,-3.810000181E0
3.540078909E2,2.098950148E0,9.691950798E0,-1.444050074E0
3.540103346E2,2.310000181E0,8.533050537E0,-1.960950136E0
3.540127782E2,3.718050241E0,6.927000523E0,-3.360000134E0
3.540152217E2,5.905950069E0,6.084000111E0,-4.243050098E0
3.540176654E2,6.037950516E0,7.161000252E0,-3.937050104E0
3.540201090E2,3.255000114E0,8.204999924E0,-2.821050167E0
3.540225527E2,1.606050134E0,7.992000580E0,-7.759500146E-1
3.540249964E2,2.623050213E0,8.467950821E0,9.970500469E-1
3.540274398E2,3.412950277E0,1.004595089E1,-3.720000088E-1
3.540298835E2,4.864050388E0,8.610000610E0,-3.738000154E0
3.540323271E2,6.327000141E0,9.079050064E0,-8.017050743E0
3.540347708E2,6.229050159E0,1.003695011E1,-9.094050407E0
3.540372143E2,5.239950180E0,1.031700039E1,-7.435050488E0
3.540396579E2,4.564949989E0,1.059705067E1,-4.942050457E0
3.540421016E2,3.018000126E0,1.040295029E1,-2.479050159E0
3.540445453E2,6.840000153E-1,9.654000282E0,5.440500379E-1
3.540469887E2,-9.300000221E-2,7.429050446E0,3.082050085E0
3.540494324E2,1.174950004E0,6.031050205E0,2.613000154E0
3.540518761E2,3.363000154E0,5.775000095E0,-4.309500158E-1
3.540543197E2,5.194950104E0,5.557050228E0,-4.140000343E0
3.540567632E2,6.018000126E0,7.456050396E0,-5.838000298E0
3.540592068E2,4.402050018E0,9.304050446E0,-4.983000278E0
3.540616505E2,3.796950102E0,1.013295078E1,-5.068950176E0
3.540640940E2,3.540000200E0,1.031700039E1,-3.490950108E0
3.540665377E2,3.379950047E0,1.041705036E1,-3.451050282E0
3.540689813E2,4.157999992E0,9.040950775E0,-4.401000023E0
3.540714250E2,4.797000408E0,7.269000530E0,-4.273950100E0
3.540738687E2,5.760000229E0,6.120000362E0,-5.425950050E0
3.540763121E2,5.068050385E0,4.590000153E0,-5.254050255E0
3.540787558E2,3.262950182E0,5.440050125E0,-1.963950038E0
3.540811994E2,2.247000217E0,6.285000324E0,1.792050123E0
3.540836431E2,3.910950184E0,7.981950283E0,2.533950090E0
3.540860866E2,5.662050247E0,8.203050613E0,-1.606950045E0
3.540885302E2,5.218950272E0,9.639000893E0,-7.315050125E0
3.540909739E2,4.594050407E0,1.112895012E1,-1.084395027E1
3.540934173E2,4.054950237E0,1.203105068E1,-1.041600037E1
3.540958610E2,4.456950188E0,1.141605091E1,-8.704050064E0
3.540983046E2,3.100050211E0,1.102095032E1,-5.371050358E0
3.541007483E2,1.222950101E0,8.884950638E0,-1.281000018E0
3.541031918E2,1.480500102E-1,6.811950207E0,3.043950081E0
3.541056355E2,2.178000212E0,4.453050137E0,4.810950279E0
3.541080792E2,6.274950504E0,4.717050076E0,-2.809500098E-1
3.541105228E2,6.970950127E0,4.579950333E0,-1.915950060E0
3.541129662E2,6.160050392E0,5.521050453E0,-4.806000233E0
3.541154099E2,4.227000237E0,8.446949959E0,-4.071000099E0
3.541178535E2,2.970000029E0,9.852000237E0,-3.253950119E0
3.541202972E2,2.307000160E0,1.147800064E1,-2.545950174E0
3.541227407E2,2.202000141E0,1.044900036E1,-2.773050070E0
3.541251844E2,4.195950031E0,8.569050789E0,-3.745050192E0
3.541276280E2,6.796950340E0,6.757050514E0,-6.618000507E0
3.541300717E2,6.598050117E0,6.583950520E0,-7.258050442E0
3.541325152E2,3.898950100E0,4.386000156E0,-5.578950405E0
3.541349588E2,1.836000085E0,5.896950245E0,6.900000572E-1
3.541374025E2,3.937950134E0,6.388050079E0,2.826000214E0
3.541398462E2,5.808000088E0,7.783950329E0,1.106999993E0
3.541422896E2,5.592000484E0,8.533050537E0,-3.175050259E0
3.541447333E2,4.705950260E0,9.144000053E0,-6.642000198E0
3.541471769E2,4.584000111E0,1.043895054E1,-9.051000595E0
3.541496206E2,3.789000273E0,1.084095097E1,-7.947000504E0
3.541520641E2,3.478050232E0,9.919050217E0,-6.385950089E0
3.541545078E2,1.230000019E0,8.923050880E0,-2.280000210E0
3.541569514E2,6.619500518E-1,7.519950390E0,2.119950056E0
3.541593949E2,2.875050068E0,6.856950283E0,2.848050117E0
3.541618386E2,7.417050362E0,4.732950211E0,-1.024950027E0
3.541642822E2,7.801950455E0,4.800000191E0,-4.885050297E0
3.541667259E2,5.403000355E0,7.053000450E0,-6.465000153E0
3.541691696E2,3.366000175E0,8.032950401E0,-3.763950109E0
3.541716130E2,2.689950228E0,8.293950081E0,-1.798950076E0
3.541740567E2,3.853950262E0,9.979050636E0,-9.559500217E-1
3.541765003E2,4.251000404E0,8.884950638E0,-2.826000214E0
3.541789440E2,5.074950218E0,8.595000267E0,-3.750000238E0
3.541813875E2,7.660950184E0,7.084950447E0,-6.372000217E0
3.541838312E2,5.134950161E0,6.691950321E0,-7.762950420E0
3.541862748E2,1.792950034E0,6.850050449E0,-3.628050089E0
3.541887183E2,2.449050188E0,6.874050140E0,1.123950005E0
3.541911620E2,6.018000126E0,6.685050488E0,9.010500312E-1
3.541936056E2,6.093000412E0,7.846050262E0,-3.216000080E0
3.541960493E2,3.793950081E0,9.081000328E0,-5.257950306E0
3.541984930E2,4.399950027E0,9.526950836E0,-5.941050053E0
3.542009364E2,5.305050373E0,9.997950554E0,-6.577950478E0
3.542033801E2,3.781950235E0,1.073100090E1,-5.512050152E0
3.542058237E2,1.303950071E0,9.163050652E0,-3.421950102E0
3.542082674E2,-4.995000362E-2,7.803000450E0,7.690500617E-1
3.542107109E2,1.201050043E0,7.015050411E0,2.793000221E0
3.542131545E2,4.954950333E0,5.503950119E0,-2.110500038E-1
3.542155982E2,7.050000191E0,5.218950272E0,-4.614000320E0
3.542180416E2,5.140050411E0,6.165000439E0,-5.746950150E0
3.542204853E2,3.220050097E0,7.936950207E0,-2.929050207E0
3.542229290E2,2.935050249E0,8.167050362E0,-1.165950060E0
3.542253727E2,4.512000084E0,9.337950706E0,-1.653000116E0
3.542278161E2,4.857000351E0,9.055050850E0,-3.987000227E0
3.542302598E2,4.375950336E0,9.217950821E0,-5.401950359E0
3.542327034E2,5.815050125E0,7.168050289E0,-7.593000412E0
3.542351471E2,4.042950153E0,6.109950066E0,-7.377000332E0
3.542375906E2,2.377050161E0,5.239050388E0,-3.300000191E0
3.542400343E2,3.100050211E0,6.511950493E0,1.102050066E0
3.542424779E2,6.433050156E0,6.004950523E0,4.969500303E-1
3.542449216E2,6.301050186E0,6.895050526E0,-3.120000124E0
3.542473650E2,4.456950188E0,8.578950882E0,-5.637000084E0
3.542498087E2,4.303950310E0,9.864000320E0,-7.180950165E0
3.542522524E2,4.591050148E0,1.051095009E1,-7.959000587E0
3.542546960E2,2.827050209E0,1.061595058E1,-6.688050270E0
3.542571397E2,3.970500231E-1,9.366000175E0,-2.376000166E0
3.542595831E2,-1.699500084E-1,7.402950287E0,2.484000206E0
3.542620268E2,1.680000067E0,6.582000256E0,3.552000284E0
3.542644705E2,6.483000278E0,5.428050041E0,7.500000298E-2
3.542669140E2,8.005949974E0,4.954050064E0,-5.662950039E0
3.542693577E2,5.247000217E0,6.487950325E0,-6.015000343E0
3.542718013E2,2.578050137E0,9.229950905E0,-3.043950081E0
3.542742450E2,1.684950113E0,9.934050560E0,-1.416000009E0
3.542766885E2,2.844000101E0,1.121700096E1,-2.325000048E0
3.542791321E2,4.162950039E0,1.067100048E1,-3.574950218E0
3.542815758E2,5.257050037E0,1.027395058E1,-4.993050098E0
3.542840192E2,6.205050468E0,7.357950211E0,-7.447050571E0
3.542864629E2,3.124050140E0,6.757050514E0,-6.681000233E0
3.542889065E2,2.784000158E0,5.947050095E0,-3.232950211E0
3.542913502E2,5.773950100E0,6.487950325E0,-1.758000135E0
3.542937937E2,7.419000149E0,7.864950180E0,-3.397950172E0
3.542962374E2,5.584950447E0,8.657999992E0,-5.011950016E0
3.542986810E2,4.225049973E0,9.567000389E0,-4.696050167E0
3.543011247E2,3.922950268E0,1.092000008E1,-5.385000229E0
3.543035684E2,3.136050224E0,1.034805012E1,-6.082050323E0
3.543060118E2,1.572000027E0,9.334950447E0,-4.686000347E0
3.543084556E2,-6.510000229E-1,7.192050457E0,-1.066050053E0
3.543108992E2,-7.920000553E-1,6.438000202E0,4.342050076E0
3.543133429E2,4.195950031E0,5.092950344E0,1.437000036E0
3.543157863E2,9.222000122E0,3.651000261E0,-3.676050186E0
3.543182300E2,6.907050133E0,5.277000427E0,-7.027950287E0
3.543206737E2,2.913000107E0,7.240050316E0,-4.150050163E0
3.543231174E2,1.849950075E0,8.148000717E0,-1.654950023E0
3.543255608E2,3.354000092E0,8.788949966E0,-1.432050109E0
3.543280045E2,4.900050163E0,8.806050301E0,-3.580050230E0
3.543304481E2,5.757000446E0,8.212050438E0,-5.917050362E0
3.543328916E2,5.800950050E0,7.045950413E0,-8.128950119E0
3.543353353E2,3.520950079E0,5.490000248E0,-7.861050606E0
3.543377789E2,3.270000219E0,5.278950214E0,-3.811950207E0
3.543402226E2,5.710050106E0,6.952950478E0,-9.889500737E-1
3.543426661E2,7.240050316E0,7.582950592E0,-2.620050192E0
3.543451098E2,5.559000492E0,9.121950150E0,-5.115000248E0
3.543475534E2,3.648000240E0,9.850050926E0,-6.156000137E0
3.543499971E2,3.580950260E0,1.131105042E1,-6.606000423E0
3.543524408E2,3.457050085E0,1.094700050E1,-7.486950397E0
3.543548842E2,1.692000031E0,9.814050674E0,-6.367050171E0
3.543573279E2,-6.270000339E-1,7.348050117E0,-1.710000038E0
3.543597715E2,3.889500201E-1,5.598000050E0,3.463050127E0
3.543622150E2,5.571000099E0,5.344050407E0,1.549950123E0
3.543646587E2,9.748950005E0,4.318950176E0,-4.228950024E0
3.543671023E2,6.507000446E0,5.674050331E0,-5.761050224E0
3.543695460E2,2.274000168E0,7.954050541E0,-3.211050034E0
3.543719895E2,1.371000051E0,9.253950119E0,-9.250500202E-1
3.543744331E2,2.956050158E0,9.618000031E0,-2.373000145E0
3.543768768E2,4.180050373E0,8.847000122E0,-5.782950401E0
3.543793204E2,4.747050285E0,8.171999931E0,-7.104000568E0
3.543817639E2,5.014950275E0,6.637050152E0,-8.233950615E0
3.543842076E2,2.736000061E0,4.690050125E0,-5.898000240E0
3.543866512E2,2.857950211E0,4.693050385E0,-1.317000031E0
3.543890949E2,5.487000465E0,6.034050465E0,-5.700000525E-1
3.543915384E2,6.612000465E0,6.711000443E0,-2.376000166E0
3.543939821E2,4.618050098E0,7.681050301E0,-4.131000042E0
3.543964257E2,4.323000431E0,8.287050247E0,-4.753050327E0
3.543988694E2,5.311950207E0,9.784950256E0,-6.235050201E0
3.544013128E2,3.880050182E0,1.036200047E1,-8.263050079E0
3.544037565E2,1.338000059E0,9.886050224E0,-7.465950489E0
3.544062002E2,-2.629500031E-1,6.985950470E0,-3.060000181E0
3.544086438E2,8.179500103E-1,5.953950405E0,1.605000019E0
3.544110873E2,5.551950455E0,5.308050156E0,-4.950000439E-3
3.544135309E2,8.161050797E0,3.445050240E0,-3.822000265E0
3.544159746E2,4.840050220E0,5.467950344E0,-4.140000343E0
3.544184183E2,2.539950132E0,7.422000408E0,-1.971000075E0
3.544208618E2,1.831050038E0,8.947050095E0,-8.205000311E-2
3.544233054E2,3.976050138E0,9.784950256E0,-3.415050268E0
3.544257491E2,5.416950226E0,9.862050056E0,-8.026050568E0
3.544281928E2,5.262000084E0,9.784950256E0,-9.712050438E0
3.544306362E2,4.354050159E0,8.125950813E0,-9.348000526E0
3.544330799E2,2.359950066E0,6.204000473E0,-4.702950001E0
3.544355235E2,3.363000154E0,5.947050095E0,-8.205000311E-2
3.544379670E2,6.451950073E0,5.125950336E0,-5.250000358E-1
3.544404107E2,8.419950485E0,5.430000305E0,-2.344050169E0
3.544428543E2,6.610050201E0,6.100950241E0,-4.594950199E0
3.544452980E2,5.769000053E0,8.152050018E0,-4.653000355E0
3.544477414E2,5.971050262E0,9.639000893E0,-5.674950123E0
3.544501851E2,3.307950258E0,1.074495029E1,-6.630000114E0
3.544526288E2,3.340500295E-1,1.035795021E1,-4.732050419E0
3.544550724E2,-8.350500464E-1,8.476050377E0,3.030000031E-1
3.544575161E2,5.329500437E-1,7.510950565E0,2.769000053E0
3.544599596E2,5.290950298E0,6.654000282E0,-1.189950109E0
3.544624032E2,7.054950237E0,5.125950336E0,-5.080950260E0
3.544648469E2,4.512000084E0,5.832000256E0,-6.075000286E0
3.544672904E2,2.286000013E0,7.743000507E0,-1.954050064E0
3.544697340E2,1.906950116E0,1.018005085E1,-1.489500105E-1
3.544721777E2,4.536000252E0,1.038600063E1,-3.309000254E0
3.544746214E2,5.776950359E0,1.029795074E1,-6.622950077E0
3.544770650E2,5.638050079E0,9.109950066E0,-8.938050270E0
3.544795085E2,3.363000154E0,7.053000450E0,-6.901050091E0
3.544819521E2,2.845950127E0,5.842050076E0,-2.661000013E0
3.544843958E2,5.122950077E0,6.699000359E0,-9.460500479E-1
3.544868393E2,8.311950684E0,5.986050129E0,-2.641050100E0
3.544892830E2,7.489050388E0,6.510000229E0,-4.473000050E0
3.544917266E2,6.229050159E0,7.695000172E0,-4.939950466E0
3.544941703E2,6.667050362E0,8.943000793E0,-6.001050472E0
3.544966137E2,5.113050461E0,1.059705067E1,-7.372050285E0
3.544990574E2,1.836000085E0,1.083405018E1,-6.397950172E0
3.545015010E2,-5.509500504E-1,8.752950668E0,-2.446950197E0
3.545039447E2,-7.759500146E-1,6.952950478E0,2.134050131E0
3.545063882E2,4.174950123E0,5.908950329E0,8.959500194E-1
3.545088319E2,8.346000671E0,4.900950432E0,-4.427999973E0
3.545112755E2,5.986950397E0,5.200050354E0,-6.592050076E0
3.545137192E2,3.367950201E0,6.481050491E0,-3.630000114E0
3.545161627E2,1.939050078E0,8.718000412E0,4.939500093E-1
3.545186064E2,3.208050251E0,1.005600071E1,-6.090000272E-1
3.545210500E2,6.013950348E0,9.820950508E0,-5.047950268E0
3.545234936E2,6.745950222E0,9.397050858E0,-8.148000717E0
3.545259371E2,4.195950031E0,6.958050251E0,-8.431050301E0
3.545283808E2,2.635050058E0,5.727000237E0,-3.940950155E0
3.545308244E2,4.411950111E0,6.414000511E0,-1.246050000E0
3.545332681E2,6.615000248E0,6.823950291E0,-2.644050121E0
3.545357116E2,6.567000389E0,7.365000248E0,-2.850000143E0
3.545381552E2,4.965000153E0,7.954050541E0,-3.036000252E0
3.545405989E2,5.757000446E0,9.216000557E0,-4.132950306E0
3.545430426E2,5.724000454E0,1.062105083E1,-6.523050308E0
3.545454860E2,2.370000124E0,1.138500023E1,-6.763950348E0
3.545479296E2,-8.805000782E-2,9.426000595E0,-3.727950096E0
3.545503733E2,-1.201950073E0,7.081950188E0,1.938000083E0
3.545528170E2,8.299500346E-1,6.723000526E0,2.449950218E0
3.545552605E2,6.412950516E0,5.298000336E0,-2.185950041E0
3.545577042E2,8.413050652E0,4.879050255E0,-5.586000443E0
3.545601478E2,5.257050037E0,6.160050392E0,-5.368050098E0
3.545625912E2,2.844000101E0,9.100950241E0,-2.152950048E0
3.545650349E2,3.373050213E0,1.044600010E1,-9.439500570E-1
3.545674785E2,4.687050343E0,1.068105030E1,-4.183050156E0
3.545699222E2,4.491000175E0,9.985950470E0,-7.023000240E0
3.545723657E2,4.026000023E0,7.714050293E0,-8.822999954E0
3.545748094E2,2.130000114E0,5.227050304E0,-5.874000072E0
3.545772531E2,4.351950169E0,5.206950188E0,-2.179050207E0
3.545796967E2,6.684000492E0,5.875050068E0,-1.948950052E0
3.545821404E2,7.386000156E0,6.792000294E0,-2.641050100E0
3.545845839E2,5.298000336E0,7.369950294E0,-2.349000216E0
3.545870275E2,5.218950272E0,8.812950134E0,-2.359050035E0
3.545894712E2,6.427950382E0,9.630000114E0,-5.440050125E0
3.545919146E2,3.193050146E0,1.064505005E1,-8.043000221E0
3.545943583E2,2.599500120E-1,9.559950829E0,-6.175050259E0
3.545968019E2,-6.769500375E-1,7.081950188E0,-4.960500300E-1
3.545992456E2,1.941000104E0,6.181950092E0,1.938000083E0
3.546016893E2,7.918950558E0,4.756950378E0,-2.059950113E0
3.546041328E2,8.451000214E0,5.205000401E0,-5.731950283E0
3.546065765E2,4.029000282E0,6.675000191E0,-4.935000420E0
3.546090201E2,2.110949993E0,8.943000793E0,-2.170050144E0
3.546114635E2,3.049950123E0,9.850050926E0,-1.966050148E0
3.546139072E2,5.022000313E0,1.020195007E1,-5.590950489E0
3.546163509E2,5.029950142E0,9.675000191E0,-8.038050652E0
3.546187945E2,4.381050110E0,7.855950356E0,-8.614950180E0
3.546212380E2,2.245050192E0,5.677050114E0,-4.276950359E0
3.546236817E2,3.490050077E0,5.418000221E0,3.405000269E-2
3.546261253E2,6.700950146E0,5.482950211E0,-7.279500365E-1
3.546285690E2,8.917950630E0,6.381000519E0,-2.317950010E0
3.546310125E2,6.685950279E0,7.048950195E0,-2.814000130E0
3.546334562E2,5.404950142E0,8.638050079E0,-2.910000086E0
3.546358998E2,6.255000114E0,1.056405067E1,-5.799000263E0
3.546383432E2,4.060050011E0,1.219200039E1,-8.052000046E0
3.546407869E2,6.700500250E-1,1.154295063E1,-6.883950233E0
3.546432306E2,-1.128000021E0,8.467950821E0,-1.135050058E0
3.546456742E2,-9.619500637E-1,7.210950375E0,1.618950129E0
3.546481179E2,3.949950218E0,6.642000198E0,-1.834950089E0
3.546505614E2,7.386000156E0,6.103050232E0,-5.407050133E0
3.546530051E2,5.896050453E0,5.919000149E0,-5.242050171E0
3.546554487E2,3.162000179E0,7.566000462E0,-2.613000154E0
3.546578924E2,2.857950211E0,9.867000580E0,-1.469999999E-1
3.546603358E2,5.254950047E0,1.057800007E1,-3.316950083E0
3.546627795E2,6.052050114E0,9.828000069E0,-6.058050156E0
3.546652232E2,4.456950188E0,9.145950317E0,-7.633050442E0
3.546676668E2,2.092050076E0,6.603000164E0,-5.187000275E0
3.546701103E2,3.756000280E0,5.221950054E0,-1.432050109E0
3.546725540E2,6.733950138E0,5.659950256E0,-1.825050116E0
3.546749976E2,7.824000359E0,6.151050091E0,-3.441000223E0
3.546774413E2,5.122950077E0,7.129950523E0,-3.853050232E0
3.546798848E2,4.888050079E0,8.521050453E0,-3.063000202E0
3.546823285E2,6.849000454E0,9.067049980E0,-5.059950352E0
3.546847721E2,4.740000248E0,1.029300022E1,-7.783950329E0
3.546872158E2,9.760500193E-1,1.102995014E1,-5.632050037E0
3.546896592E2,-7.060500383E-1,8.148000717E0,-4.390500188E-1
3.546921028E2,-2.749500275E-1,6.721050262E0,2.227950096E0
3.546945465E2,5.179950237E0,5.920950413E0,-9.340500236E-1
3.546969900E2,8.233050346E0,5.196000099E0,-5.493000031E0
3.546994337E2,5.044050217E0,6.406950474E0,-5.869050503E0
3.547018773E2,2.496000051E0,7.824000359E0,-1.276950002E0
3.547043210E2,2.323950052E0,9.646050453E0,1.335000038E0
3.547067647E2,5.214000225E0,1.028595066E1,-2.610000134E0
3.547092081E2,6.387000084E0,1.038600063E1,-6.738000393E0
3.547116518E2,4.833000183E0,9.388050079E0,-1.004205036E1
3.547140954E2,1.723050117E0,7.471950531E0,-7.617000580E0
3.547165389E2,1.620000124E0,7.267050266E0,-1.177950025E0
3.547189826E2,4.045950413E0,7.969950199E0,-1.350000054E-1
3.547214262E2,6.760950089E0,8.749050140E0,-1.300950050E0
3.547238699E2,5.974950314E0,8.554950714E0,-1.473000050E0
3.547263134E2,5.683050156E0,8.583000183E0,-2.320950031E0
3.547287571E2,8.038949966E0,9.972000122E0,-6.343050480E0
3.547312007E2,5.491950035E0,1.120500088E1,-8.614950180E0
3.547336444E2,1.266000032E0,1.145205021E1,-7.282050133E0
3.547360881E2,-6.970500350E-1,8.524050713E0,-1.660050035E0
3.547385315E2,-4.450500309E-1,6.960000515E0,1.806000113E0
3.547409752E2,3.789000273E0,7.402950287E0,-1.435050011E0
3.547434188E2,6.354000092E0,5.071050167E0,-4.894050121E0
3.547458623E2,5.214000225E0,5.859000206E0,-5.371050358E0
3.547483060E2,3.235950232E0,7.177950382E0,-1.750950098E0
3.547507496E2,3.576000214E0,8.275050163E0,-9.105000645E-2
3.547531933E2,5.226000309E0,9.043050766E0,-2.380050182E0
3.547556368E2,5.994000435E0,9.627000809E0,-5.239050388E0
3.547580804E2,5.950950146E0,8.245950699E0,-9.183000565E0
3.547605241E2,2.188050032E0,6.724950314E0,-7.855950356E0
3.547629678E2,3.676950216E0,5.346000195E0,-2.481000185E0
3.547654114E2,8.121000290E0,5.325000286E0,-3.003000259E0
3.547678549E2,7.297050476E0,5.761050224E0,-3.445950270E0
3.547702985E2,3.985950232E0,6.286950111E0,-4.012950420E0
3.547727422E2,4.402050018E0,7.243050575E0,-2.850000143E0
3.547751857E2,8.173049927E0,7.606950283E0,-6.285000324E0
3.547776294E2,4.812000275E0,9.859950066E0,-8.038050652E0
3.547800730E2,-3.730500042E-1,1.039800072E1,-6.075000286E0
3.547825167E2,-2.217000008E0,7.966050148E0,1.057050109E0
3.547849601E2,2.650500238E-1,7.393050194E0,3.391050100E0
3.547874038E2,6.652950287E0,5.887050152E0,-1.630950093E0
3.547898475E2,7.479000568E0,5.266950130E0,-7.588050365E0
3.547922912E2,3.124050140E0,6.163050175E0,-6.541950226E0
3.547947346E2,2.365050077E0,5.992950439E0,-2.179050207E0
3.547971783E2,3.306000233E0,7.698000431E0,9.750000238E-1
3.547996219E2,5.523000240E0,8.430000305E0,-3.570000231E-1
3.548020656E2,6.162000179E0,8.287050247E0,-4.921050072E0
3.548045091E2,4.753950119E0,7.053000450E0,-8.196000099E0
3.548069528E2,1.891050100E0,6.285000324E0,-6.694950104E0
3.548093964E2,3.910950184E0,5.803950310E0,-2.311050177E0
3.548118401E2,6.145050526E0,6.847950459E0,-1.576050043E0
3.548142835E2,6.406050205E0,8.397000313E0,-2.598000050E0
3.548167272E2,4.213050365E0,7.960950375E0,-1.486950040E0
3.548191708E2,3.220050097E0,9.085950851E0,1.800000072E-1
3.548216143E2,6.030000210E0,9.454950333E0,-3.934050083E0
3.548240580E2,5.755050182E0,1.037895012E1,-7.159050465E0
3.548265016E2,9.739500284E-1,1.018500042E1,-6.184950352E0
3.548289453E2,-1.186950088E0,8.739000320E0,2.190000117E-1
3.548313890E2,5.700000376E-2,8.281949997E0,1.828050137E0
3.548338325E2,5.305050373E0,9.012000084E0,-3.798000097E0
3.548362762E2,7.228050232E0,8.035050392E0,-6.886050224E0
3.548387198E2,4.138950348E0,8.171999931E0,-7.152000427E0
3.548411635E2,1.503000021E0,9.181950569E0,-2.569950104E0
3.548436069E2,2.451000214E0,9.910050392E0,7.620000243E-1
3.548460505E2,4.680000305E0,1.018500042E1,-1.087050080E0
3.548484942E2,6.445050240E0,9.381000519E0,-3.733050108E0
3.548509377E2,5.668950081E0,7.951050282E0,-6.730950356E0
3.548533814E2,3.085050106E0,6.772950172E0,-5.254050255E0
3.548558251E2,5.404950142E0,7.104000568E0,-2.524050236E0
3.548582687E2,7.243950367E0,7.968000412E0,-2.176950216E0
3.548607124E2,5.416950226E0,9.334950447E0,-2.881050110E0
3.548631559E2,3.010950089E0,9.204000473E0,-2.644050121E0
3.548655996E2,4.195950031E0,9.558000565E0,-2.400000095E0
3.548680432E2,6.934950352E0,9.637050629E0,-5.188950062E0
3.548704866E2,3.895050287E0,1.100595093E1,-7.188000202E0
3.548729303E2,2.749500275E-1,1.030695057E1,-4.156949997E0
3.548753739E2,-7.950000167E-1,8.113950729E0,2.194050074E0
3.548778176E2,-6.799500585E-1,8.437050819E0,1.945050120E0
3.548802611E2,3.957000256E0,9.153000832E0,5.760000348E-1
3.548827048E2,7.453050137E0,7.984950542E0,-5.485950470E0
3.548851484E2,5.884050369E0,7.221000195E0,-7.887000561E0
3.548875921E2,2.887050152E0,8.808000565E0,-5.898000240E0
3.548900356E2,3.526050091E0,9.354000092E0,-2.814000130E0
3.548924792E2,5.334000111E0,8.794050217E0,-3.544050217E0
3.548949229E2,6.058950424E0,8.185950279E0,-4.626000404E0
3.548973666E2,5.575050354E0,6.709050179E0,-6.349950314E0
3.548998100E2,2.965950251E0,5.811000347E0,-4.513950348E0
3.549022537E2,4.291950226E0,5.943000317E0,-2.136000156E0
3.549046973E2,6.981000423E0,5.992950439E0,-3.558000088E0
3.549071410E2,5.346000195E0,7.887000561E0,-4.966050148E0
3.549095845E2,2.680950165E0,7.711950302E0,-4.389000416E0
3.549120282E2,4.002000332E0,8.026050568E0,-3.400050163E0
3.549144718E2,6.588000298E0,8.394000053E0,-5.941050053E0
3.549169155E2,3.430050135E0,9.462000847E0,-7.084950447E0
3.549193592E2,-4.000500143E-1,8.209950447E0,-4.018050194E0
3.549218026E2,-1.462950110E0,6.694050312E0,1.725000024E0
3.549242462E2,2.656950235E0,5.896950245E0,3.015000105E0
3.549266899E2,7.732950211E0,5.497050285E0,-2.718000174E0
3.549291334E2,5.476950169E0,6.007050514E0,-6.975000381E0
3.549315771E2,3.142950058E0,6.694050312E0,-5.656050205E0
3.549340207E2,2.499000072E0,7.579950333E0,-1.846050143E0
3.549364644E2,3.145050049E0,8.976000786E0,-6.160500050E-1
3.549389079E2,5.880000114E0,9.211050034E0,-4.605000019E0
3.549413516E2,6.141000271E0,9.318000793E0,-9.075000763E0
3.549437952E2,4.134000301E0,7.879950523E0,-1.110000038E1
3.549462388E2,1.125000000E0,6.582000256E0,-7.789050579E0
3.549486825E2,3.664950132E0,5.181000233E0,-2.428050041E0
3.549511259E2,6.397050381E0,5.716950417E0,-1.936950088E0
3.549535696E2,6.262950420E0,5.731950283E0,-4.192950249E0
3.549560133E2,3.550050259E0,6.436050415E0,-4.300950050E0
3.549584568E2,4.447950363E0,7.470000267E0,-3.168000221E0
3.549609005E2,6.307950497E0,8.442000389E0,-4.720050335E0
3.549633441E2,3.337050200E0,9.820950508E0,-6.214050293E0
3.549657878E2,-1.039050102E0,9.615000725E0,-3.420000076E0
3.549682312E2,-1.024950027E0,7.789050579E0,2.310000062E-1
3.549706749E2,2.671050072E0,6.907050133E0,9.490500689E-1
3.549731186E2,7.323000431E0,5.641050339E0,-4.549950123E0
3.549755620E2,4.996050358E0,5.926050186E0,-9.460050583E0
3.549780057E2,2.712000132E0,5.539950371E0,-9.208950043E0
3.549804493E2,2.515950203E0,6.229950428E0,-4.411050320E0
3.549828930E2,3.307950258E0,7.510950565E0,-5.970000029E-1
3.549853364E2,3.981000185E0,8.346000671E0,-1.909050107E0
3.549877801E2,3.796950102E0,8.032950401E0,-4.702950001E0
3.549902238E2,3.864000082E0,6.871950150E0,-8.257950783E0
3.549926674E2,2.134950161E0,5.137950420E0,-7.851000309E0
3.549951111E2,3.823050261E0,4.080000401E0,-5.473950386E0
3.549975546E2,6.235950470E0,5.176050186E0,-5.107050419E0
3.549999983E2,5.539950371E0,5.370000362E0,-6.609000206E0
3.550024419E2,3.223950148E0,6.426000118E0,-2.932950258E0
3.550048856E2,5.134950161E0,5.847000122E0,-1.995000124E0
3.550073291E2,6.430050373E0,6.778050423E0,-4.914000034E0
3.550097728E2,2.134950161E0,7.860000610E0,-6.381000519E0
3.550122164E2,-1.417050123E0,7.719000340E0,-5.359050274E0
3.550146601E2,-1.458000064E0,5.677050114E0,-1.521000028E0
3.550171035E2,1.201050043E0,5.848950386E0,1.657950044E0
3.550195472E2,5.722050190E0,4.942050457E0,-2.148000002E0
3.550219908E2,6.454050541E0,5.260050297E0,-5.512050152E0
3.550244345E2,3.504000187E0,6.880950451E0,-4.641000271E0
3.550268780E2,1.624950051E0,7.542000294E0,-2.755950212E0
3.550293216E2,2.209050179E0,8.803950310E0,-1.960950136E0
3.550317653E2,5.259000301E0,9.117000580E0,-6.448050499E0
3.550342088E2,6.246000290E0,8.164050102E0,-9.586950302E0
3.550366525E2,5.322000027E0,6.510000229E0,-1.122300053E1
3.550390961E2,2.736000061E0,4.228050232E0,-8.239050865E0
3.550415398E2,3.516000271E0,3.831000090E0,-2.479050159E0
3.550439835E2,6.214950085E0,5.923050404E0,-1.435050011E0
3.550464269E2,7.182000160E0,6.448050499E0,-1.710000038E0
3.550488706E2,5.134950161E0,8.088000298E0,-1.662000060E0
3.550513142E2,4.471950054E0,8.622000694E0,-8.100000620E-1
3.550537577E2,5.326050282E0,1.023105049E1,-3.997050285E0
3.550562014E2,3.595050097E0,1.129095078E1,-8.289000511E0
3.550586450E2,5.310000181E-1,1.137495041E1,-8.128950119E0
3.550610887E2,-1.015050054E0,8.574000359E0,-4.621050358E0
3.550635322E2,6.070500016E-1,7.012950420E0,3.409500122E-1
3.550659759E2,5.286000252E0,5.587950230E0,-1.138050079E0
3.550684195E2,8.182950020E0,5.491950035E0,-4.223999977E0
3.550708632E2,5.760000229E0,5.137950420E0,-4.099050045E0
3.550733066E2,2.451000214E0,6.024000168E0,-1.243050098E0
3.550757503E2,2.911050081E0,7.113000393E0,1.660500020E-1
3.550781940E2,5.719050407E0,7.065000534E0,-3.106050253E0
3.550806376E2,6.804000378E0,7.639950275E0,-5.596050262E0
3.550830811E2,5.875050068E0,7.024950504E0,-6.963000298E0
3.550855248E2,3.424950123E0,6.262950420E0,-4.947000027E0
3.550879684E2,4.278000355E0,6.010050297E0,-5.299500227E-1
3.550904121E2,7.006950378E0,6.345000267E0,-3.379500210E-1
3.550928555E2,8.013000488E0,6.627000332E0,-3.159000158E0
3.550952992E2,4.816050053E0,7.599000454E0,-4.807950020E0
3.550977428E2,4.137000084E0,6.910050392E0,-4.459050179E0
3.551001865E2,7.041000366E0,7.543950558E0,-4.774950027E0
3.551026300E2,4.996050358E0,8.767950058E0,-5.308950424E0
3.551050737E2,1.077000022E0,8.764950752E0,-3.421950102E0
3.551075173E2,-8.020500541E-1,6.823950291E0,1.179000020E0
3.551099610E2,-1.177950025E0,6.811950207E0,2.778000116E0
3.551124045E2,1.957950115E0,7.318950176E0,1.114050031E0
3.551148482E2,6.651000500E0,6.771000385E0,-2.560050011E0
3.551172918E2,5.632950306E0,6.759000301E0,-4.633050442E0
3.551197355E2,2.877000093E0,7.276050568E0,-2.815950155E0
3.551221789E2,3.337050200E0,8.806050301E0,-7.549500465E-1
3.551246226E2,6.142950058E0,9.034049988E0,-2.557950020E0
3.551270662E2,6.745950222E0,9.120000839E0,-5.764050484E0
3.551295099E2,6.484950542E0,7.798050404E0,-7.861050606E0
3.551319534E2,4.157999992E0,5.832000256E0,-6.373950481E0
3.551343970E2,3.532950163E0,5.691000462E0,-2.629050016E0
3.551368407E2,5.748000145E0,6.607950211E0,-1.192950010E0
3.551392844E2,6.208050251E0,7.495950222E0,-2.862000227E0
3.551417278E2,4.206000328E0,8.310000420E0,-3.297000170E0
3.551441715E2,3.535950184E0,8.253000259E0,-2.524050236E0
3.551466152E2,5.479950428E0,9.297000885E0,-3.657000065E0
3.551490588E2,5.110950470E0,1.106895065E1,-5.809050083E0
3.551515023E2,1.575000048E0,1.187805080E1,-5.481000423E0
3.551539460E2,-5.410500169E-1,1.013505077E1,-2.080950022E0
3.551563896E2,-6.559500098E-1,8.136000633E0,1.830000043E0
3.551588331E2,3.864000082E0,7.669050217E0,-8.430000544E-1
3.551612768E2,8.133000374E0,7.216050148E0,-6.610950470E0
3.551637204E2,6.660000324E0,6.535950184E0,-8.304000854E0
3.551661641E2,3.094950199E0,7.213950157E0,-4.393949986E0
3.551686075E2,1.339950085E0,8.571000099E0,1.477950096E0
3.551710512E2,3.660000086E0,9.220050812E0,9.109500647E-1
3.551734948E2,7.720950603E0,9.187050819E0,-4.147050381E0
3.551759385E2,7.843050480E0,9.097949982E0,-7.887000561E0
3.551783822E2,3.411000252E0,7.537050247E0,-8.541000366E0
3.551808257E2,1.780950069E0,7.006050110E0,-4.269000053E0
3.551832694E2,4.572000027E0,7.318950176E0,-1.344000101E0
3.551857130E2,7.228050232E0,7.537050247E0,-3.043950081E0
3.551881565E2,5.949000359E0,8.527950287E0,-4.746000290E0
3.551906002E2,4.390050411E0,8.016000748E0,-5.268000126E0
3.551930438E2,5.508000374E0,8.812950134E0,-4.945050240E0
3.551954875E2,6.436950207E0,9.244050026E0,-7.447050571E0
3.551979312E2,3.387000084E0,9.583950043E0,-8.017050743E0
3.552003746E2,-4.800000042E-2,8.287050247E0,-2.938050032E0
3.552028183E2,-1.309050083E0,6.105000496E0,2.977050066E0
3.552052619E2,1.993950129E0,6.361950397E0,2.890950203E0
3.552077056E2,7.741950512E0,4.948950291E0,-3.226050138E0
3.552101491E2,7.231950283E0,6.004950523E0,-7.009050369E0
3.552125927E2,3.258000135E0,7.288050175E0,-5.340000153E0
3.552150364E2,1.374000072E0,8.296050072E0,-1.012950063E0
3.552174799E2,3.318000078E0,9.390000343E0,-6.010500193E-1
3.552199235E2,6.627000332E0,9.352050781E0,-3.943950176E0
3.552223672E2,7.819050312E0,8.473050117E0,-8.596050262E0
3.552248108E2,6.045000076E0,6.828000546E0,-1.031700039E1
3.552272543E2,2.595000029E0,5.761050224E0,-6.877050400E0
3.552296980E2,5.776950359E0,5.799000263E0,-3.120000124E0
3.552321417E2,7.933950424E0,6.067050457E0,-3.478950262E0
3.552345851E2,6.202950478E0,7.282950401E0,-3.805050135E0
3.552370288E2,3.700950146E0,7.602000237E0,-3.613050222E0
3.552394725E2,4.716000080E0,8.124000549E0,-2.835000038E0
3.552419161E2,5.803050041E0,8.920950890E0,-5.242050171E0
3.552443598E2,2.821950197E0,1.022100067E1,-6.088950157E0
3.552468032E2,-6.390000582E-1,9.510000229E0,-2.746950150E0
3.552492469E2,-1.590000033E0,6.769050121E0,2.199000120E0
3.552516905E2,1.342050076E0,6.811950207E0,3.573000193E0
3.552541342E2,8.017950058E0,6.354000092E0,-2.881050110E0
3.552565777E2,8.200050354E0,5.658000469E0,-8.341950417E0
3.552590214E2,3.784950256E0,6.831000328E0,-7.533000469E0
3.552614651E2,2.968050241E0,8.056950569E0,-1.887000084E0
3.552639087E2,4.294950008E0,9.436050415E0,6.709500551E-1
3.552663521E2,6.829950333E0,9.406949997E0,-2.767950058E0
3.552687958E2,6.523950100E0,9.268050194E0,-6.511050224E0
3.552712395E2,4.639050007E0,8.188050270E0,-9.067950249E0
3.552736832E2,2.392950058E0,6.718050480E0,-6.634950161E0
3.552761266E2,3.729000092E0,5.928000450E0,-2.907000065E0
3.552785703E2,6.114000320E0,6.598950386E0,-1.650000095E0
3.552810139E2,6.382050514E0,6.988950253E0,-4.462950230E0
3.552834576E2,4.074000359E0,7.717050552E0,-4.427999973E0
3.552859011E2,4.423950195E0,7.747950554E0,-4.066050053E0
3.552883448E2,5.665950298E0,8.764950752E0,-5.227050304E0
3.552907884E2,4.093050003E0,1.012095070E1,-6.285000324E0
3.552932319E2,4.300500154E-1,9.823950768E0,-4.540050030E0
3.552956756E2,-6.919500232E-1,7.080000401E0,-4.510500133E-1
3.552981192E2,2.721000195E0,5.623950481E0,1.569000125E0
3.553005629E2,8.683050156E0,5.398950100E0,-2.803950071E0
3.553030066E2,7.795050144E0,5.362950325E0,-7.801050186E0
3.553054500E2,3.682050228E0,6.157950401E0,-6.745050430E0
3.553078937E2,2.467950106E0,7.060950279E0,-2.470950127E0
3.553103373E2,4.117050171E0,8.464050293E0,-1.198050022E0
3.553127810E2,5.844000340E0,9.189000130E0,-3.034050226E0
3.553152245E2,4.645950317E0,9.487950325E0,-7.935000420E0
3.553176681E2,5.082000256E0,8.008950233E0,-8.560050011E0
3.553201118E2,2.997000217E0,6.148050308E0,-9.594000816E0
3.553225555E2,3.583050251E0,5.452050209E0,-1.887000084E0
3.553249989E2,6.718050480E0,5.695950508E0,-6.160500050E-1
3.553274426E2,6.301050186E0,7.293000221E0,-3.790500164E-1
3.553298863E2,3.847050190E0,7.201950550E0,-4.705049992E0
3.553323300E2,2.686050177E0,8.971050262E0,-1.762950063E0
3.553347734E2,6.495000362E0,7.783950329E0,-4.744050026E0
3.553372171E2,5.002950191E0,1.128705025E1,-5.320950031E0
3.553396607E2,1.444950104E0,9.972000122E0,-5.866050243E0
3.553421042E2,-1.326000094E0,9.934050560E0,1.050000079E-3
3.553445479E2,-2.899500132E-1,8.113950729E0,2.235000134E0
3.553469915E2,5.025000095E0,7.555950165E0,-2.032950163E0
3.553494352E2,8.182950020E0,8.365950584E0,-7.938000202E0
3.553518786E2,4.636950016E0,8.509050369E0,-8.449950218E0
3.553543223E2,1.195950031E0,9.273000717E0,-3.156000137E0
3.553567660E2,4.279500246E-1,1.014000034E1,9.250500202E-1
3.553592096E2,3.849000216E0,1.077900028E1,-1.174050093E0
3.553616533E2,7.417050362E0,9.691950798E0,-6.235050201E0
3.553640968E2,6.531000137E0,9.630000114E0,-7.380000114E0
3.553665405E2,3.294000149E0,6.826050282E0,-7.131000519E0
3.553689841E2,2.440950155E0,6.931050301E0,-2.787000179E0
3.553714276E2,5.382000446E0,6.940950394E0,-3.310500085E-1
3.553738713E2,6.921000481E0,8.425050735E0,-1.540500075E-1
3.553763149E2,4.848000050E0,8.719950676E0,-1.447050095E0
3.553787586E2,3.049950123E0,9.193950653E0,-1.051950097E0
3.553812020E2,5.082000256E0,9.378000259E0,-3.300000191E0
3.553836457E2,6.469050407E0,1.001505089E1,-6.364050388E0
3.553860893E2,3.151950121E0,1.093005085E1,-7.375050545E0
3.553885330E2,3.370500207E-1,1.001805019E1,-3.472050190E0
3.553909765E2,-6.000000238E-2,7.804950237E0,7.480500340E-1
3.553934202E2,2.353049994E0,8.434950829E0,1.015950084E0
3.553958638E2,7.849950314E0,8.133000374E0,-4.528050423E0
3.553983075E2,7.480950356E0,8.215050697E0,-7.803000450E0
3.554007510E2,3.049950123E0,8.679000854E0,-6.664050102E0
3.554031946E2,1.849950075E0,8.932950020E0,-2.899950027E0
3.554056383E2,4.378050327E0,8.743950844E0,-2.224950075E0
3.554080820E2,6.367950439E0,8.242950439E0,-3.691950083E0
3.554105256E2,5.394000053E0,7.123050213E0,-5.244000435E0
3.554129691E2,4.821000099E0,5.479950428E0,-5.028000355E0
3.554154128E2,4.945950031E0,4.887000084E0,-3.024000168E0
3.554178564E2,5.548950195E0,5.907000065E0,-4.699500203E-1
3.554202999E2,5.820000172E0,5.953950405E0,-1.123050094E0
3.554227436E2,4.881000042E0,6.951000214E0,-2.449950218E0
3.554251872E2,3.343950272E0,7.381050587E0,-3.148950100E0
3.554276309E2,2.913000107E0,6.874050140E0,-2.869050026E0
3.554300744E2,5.190000057E0,7.609050274E0,-3.259050131E0
3.554325180E2,4.951050282E0,9.013950348E0,-4.144950390E0
3.554349617E2,3.052050114E0,8.988000870E0,-6.055950165E0
3.554374053E2,1.773000121E0,7.671000481E0,-4.618950367E0
3.554398488E2,1.311000109E0,7.393050194E0,7.950000465E-3
3.554422925E2,3.514050245E0,7.417050362E0,-6.060000062E-1
3.554447361E2,6.126000404E0,6.961950302E0,-2.887950182E0
3.554471796E2,5.566050053E0,6.910050392E0,-5.991000175E0
3.554496233E2,3.837000132E0,6.534000397E0,-5.412000179E0
3.554520669E2,3.267000198E0,7.414950371E0,-3.204000235E0
3.554545106E2,3.073050261E0,8.107049942E0,-1.423050046E0
3.554569540E2,3.694050074E0,8.791950226E0,-5.509500504E-1
3.554593977E2,4.267950058E0,8.230950356E0,-1.423050046E0
3.554618414E2,4.227000237E0,8.128950119E0,-2.004000187E0
3.554642850E2,3.937950134E0,7.674000263E0,-2.767950058E0
3.554667287E2,3.181050062E0,7.915050507E0,-2.683950186E0
3.554691722E2,2.331000090E0,8.976000786E0,-1.068000078E0
3.554716159E2,2.619000196E0,9.136950493E0,-1.240950108E0
3.554740595E2,3.667050123E0,8.683950424E0,-2.637000084E0
3.554765032E2,3.607050180E0,8.983050346E0,-2.842050076E0
3.554789466E2,3.547950268E0,8.863950729E0,-3.376050234E0
3.554813903E2,3.175950050E0,9.982050896E0,-3.805050135E0
3.554838339E2,3.852000237E0,1.074105072E1,-3.181950092E0
3.554862776E2,4.299000263E0,1.021395016E1,-3.415050268E0
3.554887211E2,3.828000069E0,9.217950821E0,-4.561950207E0
3.554911648E2,2.202000141E0,9.169950485E0,-2.328000069E0
3.554936084E2,2.058000088E0,8.919000626E0,-3.019500077E-1
3.554960519E2,2.911050081E0,9.229950905E0,1.249500066E-1
3.554984955E2,4.390050411E0,8.904000282E0,-1.066050053E0
3.555009392E2,5.142000198E0,8.775000572E0,-3.360000134E0
3.555033829E2,4.885950089E0,8.689050674E0,-5.160000324E0
3.555058263E2,4.311000347E0,8.607000351E0,-5.316000462E0
3.555082700E2,3.823050261E0,9.091050148E0,-3.922050238E0
3.555107137E2,4.183950424E0,9.361950874E0,-2.317950010E0
3.555131573E2,4.648950100E0,9.289950371E0,-2.590950012E0
3.555156010E2,4.756950378E0,8.785050392E0,-3.357000113E0
3.555180445E2,4.672950268E0,8.416049957E0,-3.847950220E0
3.555204882E2,3.736950159E0,8.682000160E0,-3.766950130E0
3.555229318E2,2.793000221E0,9.120000839E0,-2.742000103E0
3.555253752E2,3.367950201E0,9.187050819E0,-1.770000100E0
3.555278189E2,4.819050312E0,9.265950203E0,-3.058050156E0
3.555302625E2,4.984050274E0,9.520050049E0,-3.901050091E0
3.555327062E2,4.052999973E0,9.481050491E0,-4.654950142E0
3.555351497E2,3.532950163E0,1.016805077E1,-4.783950329E0
3.555375934E2,3.040050030E0,1.061595058E1,-3.915000200E0
3.555400370E2,3.661950111E0,1.068795013E1,-3.070050240E0
3.555424807E2,4.483950138E0,9.735000610E0,-3.276000261E0
3.555449241E2,3.433050156E0,9.208050728E0,-2.785050154E0
3.555473678E2,2.607000113E0,8.539950371E0,-2.014050007E0
3.555498115E2,2.386050224E0,8.302950859E0,-7.710000277E-1
3.555522551E2,2.556000233E0,8.868000031E0,-6.180000305E-1
3.555546986E2,4.483950138E0,8.986050606E0,-2.127000093E0
3.555571423E2,5.458050251E0,9.345000267E0,-3.967950106E0
3.555595859E2,4.843050003E0,9.898050308E0,-4.867950439E0
3.555620296E2,3.054000139E0,1.050405025E1,-4.084949970E0
3.555644731E2,1.785000086E0,1.056600094E1,-2.124000072E0
3.555669168E2,2.257050037E0,1.004895020E1,-1.078050017E0
3.555693604E2,3.729000092E0,8.992950439E0,-1.666950107E0
3.555718041E2,5.347950459E0,7.852950573E0,-3.694950104E0
3.555742475E2,5.925000191E0,7.261950493E0,-5.122050285E0
3.555766912E2,4.989000320E0,7.791000366E0,-4.281000137E0
3.555791348E2,3.157050133E0,8.289000511E0,-2.500050068E0
3.555815785E2,2.106000185E0,8.241000175E0,1.350000054E-1
3.555840220E2,3.094950199E0,8.277000427E0,-2.520000041E-1
3.555864657E2,4.002000332E0,8.245950699E0,-2.182049990E0
3.555889093E2,4.816050053E0,7.870050430E0,-4.012950420E0
3.555913530E2,4.455000401E0,7.918050289E0,-4.681050301E0
3.555937965E2,3.543000221E0,8.128950119E0,-2.871000051E0
3.555962402E2,2.841000080E0,8.871000290E0,-6.520500183E-1
3.555986838E2,3.283950090E0,8.988000870E0,3.240000010E-1
3.556011272E2,3.720000267E0,8.989950180E0,-5.080500245E-1
3.556035709E2,3.472950220E0,8.241000175E0,-1.279050112E0
3.556060145E2,3.198000193E0,7.398000240E0,-1.581000090E0
3.556084582E2,2.800950050E0,6.802050114E0,-1.806000113E0
3.556109019E2,2.343000174E0,7.293000221E0,-1.114050031E0
3.556133454E2,2.524950027E0,7.635000229E0,-6.090000272E-1
3.556157891E2,3.282000065E0,7.804950237E0,-1.027950048E0
3.556182327E2,4.084050179E0,8.524050713E0,-1.473000050E0
3.556206764E2,4.420950413E0,8.746050835E0,-2.062050104E0
3.556231198E2,3.274950266E0,9.268050194E0,-1.569000125E0
3.556255635E2,1.918950081E0,9.934050560E0,-2.970000207E-1
3.556280071E2,1.210950017E0,9.510000229E0,1.063950062E0
3.556304506E2,1.528950095E0,9.052950859E0,4.530000091E-1
3.556328943E2,3.112050056E0,8.605050087E0,2.520000041E-1
3.556353379E2,3.949950218E0,8.643000603E0,-1.734000087E0
3.556377816E2,4.753950119E0,8.485050201E0,-2.440050125E0
3.556402251E2,4.194000244E0,8.707950592E0,-2.572050095E0
3.556426688E2,2.439000130E0,9.766050339E0,-8.580000401E-1
3.556451124E2,1.531950116E0,9.751950264E0,4.699500203E-1
3.556475561E2,1.747050047E0,9.589050293E0,8.205000311E-2
3.556499998E2,4.435950279E0,8.947050095E0,-1.903950095E0
3.556524432E2,5.443950176E0,8.635950089E0,-4.044000149E0
3.556548868E2,4.771050453E0,9.295050621E0,-4.023000240E0
3.556573305E2,3.154950142E0,9.625050545E0,-2.155050039E0
3.556597740E2,2.680950165E0,9.997950554E0,4.530000091E-1
3.556622177E2,3.150000095E0,1.003695011E1,5.490000248E-1
3.556646614E2,2.905950069E0,9.685050011E0,-7.669500113E-1
3.556671050E2,2.452950001E0,8.992950439E0,-2.227050066E0
3.556695487E2,1.996050119E0,7.555950165E0,-2.629050016E0
3.556719921E2,1.732950091E0,6.847950459E0,-1.902000070E0
3.556744358E2,2.218950033E0,7.111050129E0,-1.339050055E0
3.556768795E2,3.763050079E0,6.751950264E0,-8.620500565E-1
3.556793229E2,5.757000446E0,6.690000534E0,-2.071950197E0
3.556817666E2,6.373050213E0,6.571950436E0,-4.080000401E0
3.556842102E2,4.836000443E0,7.125000477E0,-4.771950245E0
3.556866539E2,3.409050226E0,7.149000168E0,-4.363049984E0
3.556890974E2,2.808000088E0,6.481050491E0,-3.283050060E0
3.556915411E2,2.596950054E0,5.965950489E0,-2.554950237E0
3.556939848E2,3.217050076E0,5.026050091E0,-2.332950115E0
3.556964284E2,4.684950352E0,3.883050203E0,-3.099000216E0
3.556988721E2,5.587050438E0,4.551000118E0,-4.293000221E0
3.557013155E2,4.678050041E0,5.016000271E0,-4.392000198E0
3.557037592E2,2.785950184E0,5.494950294E0,-2.698950052E0
3.557062026E2,2.046000004E0,5.302950382E0,-1.722000122E0
3.557086463E2,1.215000033E0,6.321000099E0,6.599999964E-2
3.557110900E2,1.894950032E0,5.956950188E0,-4.980000257E-1
3.557135336E2,4.447950363E0,5.629050255E0,-4.167000294E0
3.557159773E2,5.242950439E0,5.667000294E0,-6.100950241E0
3.557184208E2,4.512000084E0,5.433000088E0,-7.036950111E0
3.557208645E2,3.904050112E0,6.187050343E0,-4.891950130E0
3.557233081E2,3.796950102E0,6.985950470E0,-1.048950076E0
3.557257518E2,3.615000248E0,7.702050209E0,5.970000029E-1
3.557281952E2,3.624000072E0,7.804950237E0,-9.850500226E-1
3.557306389E2,3.088050127E0,7.426950455E0,-2.806950092E0
3.557330825E2,2.188050032E0,7.360050201E0,-2.814000130E0
3.557355262E2,1.491000056E0,7.200000286E0,-2.134050131E0
3.557379697E2,1.633950114E0,7.723950386E0,-1.686000109E0
3.557404134E2,2.899050236E0,8.734050751E0,-2.826000214E0
3.557428570E2,4.728000164E0,9.505050659E0,-4.015950203E0
3.557453007E2,6.133050442E0,9.679950714E0,-5.187000275E0
3.557477442E2,5.911050320E0,9.678000450E0,-6.096000195E0
3.557501878E2,3.484950066E0,1.138995075E1,-6.063000202E0
3.557526315E2,1.306050062E0,1.203105068E1,-3.241950035E0
3.557550752E2,1.089000106E0,1.147800064E1,-4.459500313E-1
3.557575186E2,2.479950190E0,1.014705086E1,-1.075950027E0
3.557599623E2,4.752000332E0,8.794050217E0,-3.858000278E0
3.557624059E2,5.974950314E0,8.155050278E0,-5.653050423E0
3.557648496E2,5.772000313E0,8.322000504E0,-5.449950218E0
3.557672931E2,3.729000092E0,8.515950203E0,-4.558950424E0
3.557697367E2,1.729950070E0,9.213000298E0,-1.530000091E0
3.557721804E2,2.197050095E0,9.285000801E0,3.529500067E-1
3.557746241E2,4.809000015E0,1.013700008E1,-1.144950032E0
3.557770675E2,5.310000420E0,1.057305050E1,-4.698000431E0
3.557795112E2,3.919050217E0,1.078095055E1,-6.850950241E0
3.557819548E2,3.969000101E0,1.037205029E1,-6.357000351E0
3.557843983E2,4.303950310E0,1.080300045E1,-4.786950111E0
3.557868420E2,3.940050125E0,1.024005032E1,-3.319050074E0
3.557892856E2,2.635050058E0,9.984000206E0,-1.246050000E0
3.557917293E2,1.453050017E0,8.848950386E0,-4.840500355E-1
3.557941730E2,5.430000424E-1,7.626000404E0,6.450000405E-1
3.557966164E2,4.759500325E-1,6.499950409E0,-6.495000422E-2
3.557990601E2,1.384950042E0,6.496050358E0,-8.359500170E-1
3.558015037E2,3.150000095E0,7.113000393E0,-2.014050007E0
3.558039474E2,4.419000149E0,8.269950867E0,-3.436050177E0
3.558063909E2,4.960050106E0,9.843000412E0,-3.301950216E0
3.558088345E2,4.153050423E0,1.055205059E1,-2.649000168E0
3.558112782E2,2.793000221E0,1.129395008E1,-2.224950075E0
3.558137217E2,2.346000195E0,1.122000027E1,-2.461950064E0
3.558161654E2,3.424950123E0,9.631950378E0,-3.640050173E0
3.558186090E2,4.960050106E0,8.085000038E0,-5.266050339E0
3.558210527E2,5.614050388E0,7.258950233E0,-6.160950184E0
3.558234964E2,6.544950485E0,6.892950535E0,-6.208950520E0
3.558259398E2,5.202000141E0,7.554000378E0,-5.814000130E0
3.558283835E2,2.628000021E0,8.940000534E0,-3.376050234E0
3.558308271E2,2.851050138E0,8.943000793E0,-2.529000044E0
3.558332706E2,4.383000374E0,1.028595066E1,-3.688050270E0
3.558357143E2,4.807050228E0,1.138695049E1,-6.601950169E0
3.558381579E2,4.620000362E0,1.149195099E1,-8.491050720E0
3.558406016E2,4.335000038E0,1.155195045E1,-7.068000317E0
3.558430451E2,4.527000427E0,1.181595039E1,-4.051949978E0
3.558454888E2,5.523000240E0,1.150005054E1,-1.642950058E0
3.558479324E2,3.744000196E0,1.081995010E1,-1.140000105E0
3.558503761E2,1.381050110E0,9.639000893E0,4.290000200E-1
3.558528195E2,1.146000028E0,7.678050518E0,2.083950043E0
3.558552632E2,2.137050152E0,6.084000111E0,1.701000094E0
3.558577069E2,3.993000269E0,7.530000210E0,-1.404000044E0
3.558601506E2,5.287950039E0,8.641050339E0,-3.336000204E0
3.558625940E2,5.947050095E0,1.037205029E1,-4.558950424E0
3.558650377E2,5.038950443E0,1.158300018E1,-4.858050346E0
3.558674813E2,3.037950039E0,1.300800037E1,-2.689050198E0
3.558699250E2,1.792950034E0,1.349895096E1,-1.183050036E0
3.558723685E2,2.994000196E0,1.235400105E1,-2.197950125E0
3.558748122E2,4.825950146E0,1.027605057E1,-4.356000423E0
3.558772558E2,6.025950432E0,8.860950470E0,-6.501000404E0
3.558796995E2,6.088050365E0,6.484050274E0,-6.183000088E0
3.558821432E2,5.161050320E0,6.165000439E0,-5.538000107E0
3.558845866E2,5.262000084E0,6.175050259E0,-3.999000072E0
3.558870302E2,6.555000305E0,8.020950317E0,-2.754000187E0
3.558894739E2,5.965950489E0,9.649050713E0,-3.874050140E0
3.558919174E2,4.110000134E0,1.099005032E1,-3.384000063E0
3.558943611E2,3.535950184E0,1.207905102E1,-2.473950148E0
3.558968047E2,4.383000374E0,1.326900101E1,-3.316950083E0
3.558992484E2,5.503950119E0,1.333395100E1,-6.091950417E0
3.559016919E2,4.042950153E0,1.269000053E1,-7.786950588E0
3.559041356E2,1.552950025E0,1.044105053E1,-4.959000111E0
3.559065792E2,7.390500307E-1,8.169000626E0,-6.829500198E-1
3.559090229E2,2.592000008E0,7.336050510E0,1.548000097E0
3.559114663E2,6.375000477E0,6.484050274E0,2.119500041E-1
3.559139100E2,7.306950569E0,7.003050327E0,-1.806000113E0
3.559163537E2,5.271000385E0,8.221950531E0,-3.043950081E0
3.559187971E2,3.649950266E0,1.007505035E1,-3.159000158E0
3.559212408E2,2.282999992E0,1.215300083E1,-1.650000095E0
3.559236844E2,2.640000105E0,1.349895096E1,-1.590000033E0
3.559261281E2,3.427950144E0,1.270200062E1,-2.593050241E0
3.559285718E2,4.972050190E0,1.210095024E1,-2.851950169E0
3.559310153E2,7.195950508E0,1.022400093E1,-5.905050278E0
3.559334590E2,5.022000313E0,9.169950485E0,-7.051950455E0
3.559359026E2,1.680000067E0,9.292050362E0,-3.381000042E0
3.559383463E2,3.306000233E0,8.710050583E0,-1.246050000E0
3.559407897E2,8.130000114E0,1.033395004E1,-3.630000114E0
3.559432334E2,6.871050358E0,1.028295040E1,-7.420050144E0
3.559456770E2,4.951050282E0,1.117605019E1,-6.891000271E0
3.559481207E2,4.531949997E0,1.227495098E1,-4.164000034E0
3.559505642E2,4.243950367E0,1.312800026E1,-5.023950100E0
3.559530079E2,3.760950089E0,1.351305103E1,-6.147000313E0
3.559554515E2,1.660950065E0,1.115700054E1,-2.698950052E0
3.559578952E2,6.790500283E-1,8.020950317E0,7.290000319E-1
3.559603387E2,6.900000572E-2,7.546950340E0,2.115000010E0
3.559627823E2,3.370050192E0,7.690050602E0,-1.300950050E0
3.559652260E2,5.338050365E0,7.042050362E0,-3.517950058E0
3.559676694E2,5.413050175E0,6.997950554E0,-6.715950489E0
3.559701131E2,2.841000080E0,1.075005054E1,-2.047950029E0
3.559725567E2,2.707050085E0,9.703950882E0,-1.429950118E0
3.559750004E2,3.214950085E0,1.228500080E1,-2.400000021E-2
3.559774441E2,4.408950329E0,1.042200089E1,-2.107050180E0
3.559798876E2,5.704950333E0,1.027095032E1,-2.160000086E0
3.559823313E2,5.856000423E0,6.280050278E0,-7.969050407E0
3.559847749E2,3.375000238E0,6.189000130E0,-5.955000401E0
3.559872184E2,3.133050203E0,5.605050087E0,-4.855950356E0
3.559896621E2,5.536950111E0,7.183050156E0,-2.349000216E0
3.559921057E2,6.202950478E0,7.935000420E0,-4.377000332E0
3.559945494E2,4.201050282E0,9.538950920E0,-4.269000053E0
3.559969928E2,3.898950100E0,9.289950371E0,-4.135050297E0
3.559994365E2,4.333050251E0,1.193505096E1,-4.756050110E0
3.560018801E2,2.748000145E0,1.132005024E1,-5.313000202E0
3.560043238E2,7.560000420E-1,1.035000038E1,-3.645000219E0
3.560067673E2,-6.630000472E-1,7.426950455E0,-2.179500163E-1
3.560092110E2,-2.730000019E-1,6.735000134E0,3.082050085E0
3.560116546E2,5.269050121E0,6.045000076E0,-7.879500389E-1
3.560140983E2,8.635050774E0,5.446950436E0,-5.545950413E0
3.560165417E2,5.379000187E0,6.061950207E0,-5.395050049E0
3.560189854E2,2.512950182E0,7.626000404E0,-1.939950109E0
3.560214291E2,2.164050102E0,9.265950203E0,-4.099500179E-1
3.560238728E2,4.435950279E0,9.088950157E0,-3.039000034E0
3.560263162E2,5.278950214E0,9.196050644E0,-5.325000286E0
3.560287599E2,6.205050468E0,8.266950607E0,-8.359050751E0
3.560312035E2,5.503950119E0,6.040950298E0,-9.131999969E0
3.560336472E2,3.202950239E0,4.720950127E0,-7.087950230E0
3.560360907E2,4.347000122E0,5.710050106E0,-3.072000027E0
3.560385344E2,6.744000435E0,5.374950409E0,-4.048950195E0
3.560409780E2,6.045000076E0,6.666000366E0,-4.216950417E0
3.560434217E2,4.054950237E0,6.603000164E0,-3.645000219E0
3.560458651E2,4.888050079E0,7.812000275E0,-1.855950117E0
3.560483088E2,4.471950054E0,8.317950249E0,-4.480050087E0
3.560507524E2,1.366050124E0,9.486000061E0,-5.875950336E0
3.560531961E2,-9.840000272E-1,7.494000435E0,-3.652050257E0
3.560556396E2,-1.642050028E0,4.860000134E0,-7.519500256E-1
3.560580833E2,1.090950012E0,5.482950211E0,2.380950212E0
3.560605269E2,6.406050205E0,3.868950129E0,-7.140000463E-1
3.560629704E2,6.117000103E0,4.361999989E0,-3.670950174E0
3.560654140E2,2.748000145E0,5.860950470E0,-2.008949995E0
3.560678577E2,6.739500165E-1,7.519950390E0,4.060500264E-1
3.560703014E2,1.503000021E0,8.500050545E0,-1.594950080E0
3.560727448E2,4.018949986E0,8.855999947E0,-4.870050430E0
3.560751885E2,5.500950336E0,9.013950348E0,-8.029050827E0
3.560776322E2,4.026000023E0,7.057950497E0,-1.002795029E1
3.560800758E2,2.496000051E0,3.567000151E0,-6.489000320E0
3.560825195E2,4.539000034E0,3.016950130E0,-2.694000244E0
3.560849630E2,8.353050232E0,3.373050213E0,-3.987000227E0
3.560874066E2,8.013000488E0,5.049000263E0,-5.308950424E0
3.560898503E2,4.366050243E0,7.048950195E0,-4.281000137E0
3.560922937E2,6.306000233E0,7.093950272E0,-4.123050213E0
3.560947374E2,7.267950535E0,9.454950333E0,-7.176000118E0
3.560971810E2,1.804050088E0,1.149495029E1,-7.540050507E0
3.560996247E2,-2.301000118E0,1.030500031E1,-4.063950062E0
3.561020682E2,-3.165000200E0,7.324050426E0,2.310000062E-1
3.561045119E2,8.970000148E-1,5.598000050E0,1.050000072E0
3.561069555E2,6.399000168E0,4.626000404E0,-4.143000126E0
3.561093992E2,5.511000156E0,3.910050154E0,-5.778000355E0
3.561118426E2,3.157050133E0,4.980000019E0,-3.060000181E0
3.561142863E2,2.319000006E0,6.760950089E0,1.378050089E0
3.561167299E2,3.741000175E0,8.506950378E0,4.729500115E-1
3.561191736E2,7.177050114E0,9.216000557E0,-4.963950157E0
3.561216171E2,6.064050198E0,9.951000214E0,-9.160950661E0
3.561240608E2,2.536950111E0,8.344050407E0,-1.064505005E1
3.561265044E2,1.678050041E0,5.878050327E0,-6.598950386E0
3.561289481E2,5.695050240E0,3.868950129E0,-4.878000259E0
3.561313916E2,8.723999977E0,4.626000404E0,-5.731950283E0
3.561338353E2,6.166950226E0,5.866050243E0,-5.401950359E0
3.561362789E2,4.483950138E0,7.053000450E0,-2.632050037E0
3.561387226E2,6.250950336E0,7.651950359E0,-2.188950062E0
3.561411660E2,5.884050369E0,9.814050674E0,-4.677000046E0
3.561436097E2,4.330500066E-1,1.133400059E1,-4.902000427E0
3.561460533E2,-3.469050169E0,9.462000847E0,-1.875000119E0
3.561484970E2,-3.766050100E0,7.959000587E0,3.844050169E0
3.561509405E2,-4.069500268E-1,6.304050446E0,1.129050016E0
3.561533842E2,5.712000370E0,4.542000294E0,-5.943000317E0
3.561558278E2,5.161050320E0,5.677050114E0,-6.610950470E0
3.561582715E2,1.455000043E0,6.690000534E0,-6.420000196E-1
3.561607149E2,3.300000131E-1,8.386950493E0,2.757000208E0
3.561631586E2,4.594050407E0,1.093695068E1,4.099500179E-1
3.561656023E2,7.963050365E0,1.086000061E1,-3.810000181E0
3.561680459E2,7.186950207E0,8.773050308E0,-9.250050545E0
3.561704894E2,2.824050188E0,6.418950081E0,-9.778950691E0
3.561729330E2,2.437050104E0,4.483950138E0,-6.943950176E0
3.561753767E2,8.008049965E0,3.277950048E0,-9.058050156E0
3.561778204E2,9.375000000E0,3.229950190E0,-1.011195087E1
3.561802638E2,5.650050163E0,5.353950024E0,-6.537000179E0
3.561827075E2,4.383000374E0,6.807000160E0,-1.108950019E0
3.561851511E2,7.453050137E0,7.732950211E0,-2.704050064E0
3.561875948E2,5.394000053E0,1.006995010E1,-5.136000156E0
3.561900383E2,-1.197000027E0,1.098495007E1,-2.016000032E0
3.561924819E2,-4.197000027E0,9.283050537E0,1.531050086E0
3.561949256E2,-2.547000170E0,6.474000454E0,3.946950197E0
3.561973691E2,3.117000103E0,5.835000515E0,-2.004000187E0
3.561998128E2,6.270000458E0,3.484050274E0,-7.284000397E0
3.562022565E2,2.890950203E0,4.459950447E0,-4.072950363E0
3.562047001E2,2.098950148E0,5.095050335E0,1.936050057E0
3.562071438E2,3.508950233E0,7.461000443E0,1.600050092E0
3.562095872E2,7.387950420E0,9.196050644E0,-3.819000244E0
3.562120309E2,8.530050278E0,9.790050507E0,-7.461000443E0
3.562144745E2,4.330049992E0,7.810050488E0,-1.025505066E1
3.562169182E2,1.278000116E0,6.151050091E0,-6.760050297E0
3.562193617E2,4.108050346E0,4.426949978E0,-6.453000069E0
3.562218053E2,9.622050285E0,4.044000149E0,-9.421950340E0
3.562242490E2,8.133000374E0,5.100000381E0,-1.013505077E1
3.562266927E2,5.134950161E0,5.956950188E0,-6.163050175E0
3.562291361E2,6.648000240E0,6.712950230E0,-2.905050039E0
3.562315798E2,7.447950363E0,7.992000580E0,-4.258049965E0
3.562340234E2,1.354050040E0,9.940950394E0,-6.709500551E-1
3.562364671E2,-3.607950211E0,1.012800026E1,2.689950228E0
3.562389106E2,-3.615000248E0,8.101950645E0,4.234050274E0
3.562413543E2,1.002000093E0,7.699950218E0,1.075950027E0
3.562437979E2,6.436950207E0,5.631000042E0,-8.452050209E0
3.562462414E2,4.085999966E0,6.337950230E0,-9.175050735E0
3.562486851E2,3.799500167E-1,7.546950340E0,-3.250050068E0
3.562511287E2,4.500000179E-2,8.868000031E0,6.760500073E-1
3.562535723E2,4.194000244E0,1.056105042E1,-1.746000051E0
3.562560158E2,9.235950470E0,1.090800095E1,-5.052000046E0
3.562584595E2,7.456950188E0,7.543950558E0,-9.013050079E0
3.562609031E2,2.767050028E0,6.144000053E0,-8.689050674E0
3.562633468E2,4.285050392E0,4.470000267E0,-5.526000500E0
3.562657905E2,8.827050209E0,4.113000393E0,-7.597950459E0
3.562682340E2,8.401050568E0,5.104950428E0,-8.992950439E0
3.562706776E2,4.608000278E0,5.776950359E0,-5.986050129E0
3.562731213E2,5.085000038E0,7.201950550E0,-2.002050161E0
3.562755648E2,7.357050419E0,7.651950359E0,-4.179000378E0
3.562780085E2,3.744000196E0,8.788949966E0,-6.123000145E0
3.562804521E2,-1.290000081E0,9.747000694E0,-2.257950068E0
3.562828958E2,-3.517050266E0,7.609050274E0,2.247000217E0
3.562853392E2,1.639500111E-1,6.570000172E0,1.095000029E0
3.562877829E2,6.969000340E0,5.095050335E0,-7.236000538E0
3.562902266E2,4.986000061E0,4.444050312E0,-9.439050674E0
3.562926702E2,2.785950184E0,6.096000195E0,-4.356000423E0
3.562951137E2,4.780950069E0,6.828000546E0,-5.970000029E-1
3.562975574E2,6.799050331E0,7.939050198E0,-7.450500131E-1
3.563000010E2,7.420950413E0,9.510000229E0,-4.309950352E0
3.563024447E2,5.881950378E0,8.677050591E0,-8.689050674E0
3.563048882E2,2.869950056E0,7.216050148E0,-1.012605095E1
3.563073318E2,3.502050161E0,5.482950211E0,-7.437000275E0
3.563097755E2,8.013000488E0,4.348050117E0,-8.251049995E0
3.563122192E2,7.540950298E0,4.803000450E0,-1.008300018E1
3.563146626E2,4.386000156E0,5.679000378E0,-7.995000362E0
3.563171063E2,5.029950142E0,5.076000214E0,-3.502950191E0
3.563195499E2,7.789950371E0,5.241000175E0,-3.565950155E0
3.563219934E2,5.512950420E0,6.832950115E0,-3.424050093E0
3.563244371E2,-3.540000021E-1,7.570950508E0,-1.710000038E0
3.563268807E2,-1.711950064E0,6.586950302E0,-1.465950012E0
3.563293244E2,2.997000217E0,4.366950035E0,-3.703950167E0
3.563317681E2,7.867050171E0,4.389000416E0,-5.898000240E0
3.563342115E2,6.049950123E0,4.294950008E0,-7.531050205E0
3.563366552E2,2.046000004E0,5.670000076E0,-4.897050381E0
3.563390989E2,2.334000111E0,5.667000294E0,-1.188000083E0
3.563415425E2,3.238950253E0,6.739950180E0,1.143000007E0
3.563439860E2,5.218950272E0,8.284049988E0,-6.000000238E-2
3.563464296E2,6.970950127E0,7.579950333E0,-3.870000124E0
3.563488733E2,5.437050343E0,7.053000450E0,-8.062050819E0
3.563513168E2,4.009950161E0,7.530000210E0,-6.525000095E0
3.563537605E2,4.524000168E0,6.643950462E0,-6.682950497E0
3.563562042E2,7.587000370E0,7.197000504E0,-8.545949936E0
3.563586478E2,6.343950272E0,9.226950645E0,-8.115000725E0
3.563610915E2,3.325050116E0,1.041000080E1,-5.139000416E0
3.563635350E2,4.216050148E0,9.840000153E0,-3.171000242E0
3.563659786E2,6.976050377E0,9.831000328E0,-5.661000252E0
3.563684223E2,4.323000431E0,1.144500065E1,-6.805050373E0
3.563708657E2,3.630000055E-1,1.144905090E1,-3.148950100E0
3.563733094E2,-4.549500346E-1,9.280050278E0,1.021050096E0
3.563757530E2,6.979500055E-1,9.462000847E0,1.108950019E0
3.563781967E2,5.434050083E0,9.916950226E0,-4.618950367E0
3.563806402E2,7.351950169E0,1.045800018E1,-7.425000191E0
3.563830839E2,4.867050171E0,9.976950645E0,-3.453000069E0
3.563855275E2,2.700000048E0,1.028595066E1,-3.039000034E0
3.563879712E2,3.820050240E0,1.175595093E1,-1.116000056E0
3.563904149E2,5.857950211E0,1.196400070E1,-3.558000088E0
3.563928584E2,5.515950203E0,1.126695061E1,-6.034050465E0
3.563953020E2,4.134000301E0,8.410950661E0,-6.943950176E0
3.563977457E2,3.052050114E0,7.338000298E0,-5.719950199E0
3.564001891E2,5.383950233E0,6.634050369E0,-5.317950249E0
3.564026328E2,7.522050381E0,6.931050301E0,-6.337950230E0
3.564050764E2,7.005000114E0,7.507950306E0,-6.562950134E0
3.564075201E2,4.570050240E0,7.438950539E0,-4.497000217E0
3.564099636E2,4.551000118E0,9.022050858E0,-1.357950091E0
3.564124073E2,6.076050282E0,9.532050133E0,-3.463050127E0
3.564148510E2,3.696000099E0,1.016595078E1,-5.005050182E0
3.564172946E2,8.490000367E-1,9.127050400E0,-2.349000216E0
3.564197381E2,-2.629500031E-1,7.036950111E0,1.216950059E0
3.564221817E2,9.829500318E-1,7.159050465E0,5.130000114E-1
3.564246254E2,4.807050228E0,6.601050377E0,-3.556050062E0
3.564270691E2,6.732000351E0,6.642000198E0,-6.436050415E0
3.564295125E2,4.065000057E0,8.242950439E0,-4.822950363E0
3.564319562E2,2.602050066E0,9.721050262E0,-1.413000107E0
3.564343998E2,4.085999966E0,1.072395039E1,-2.047950029E0
3.564368435E2,6.022950172E0,1.207695103E1,-5.509950161E0
3.564392870E2,5.494050026E0,1.182495022E1,-8.055000305E0
3.564417307E2,4.495950222E0,9.112950325E0,-9.040950775E0
3.564441743E2,3.436950207E0,6.931050301E0,-6.502950191E0
3.564466178E2,5.668950081E0,6.385050297E0,-5.086050034E0
3.564490615E2,7.684950352E0,7.024950504E0,-4.827000141E0
3.564515051E2,7.387950420E0,7.597050190E0,-5.220000267E0
3.564539488E2,4.753950119E0,8.442000389E0,-3.855000257E0
3.564563925E2,4.222949982E0,8.964000702E0,-2.763000250E0
3.564588359E2,4.690050125E0,1.045305061E1,-3.859950066E0
3.564612796E2,3.682050228E0,1.191105080E1,-4.861050129E0
3.564637232E2,1.420950055E0,1.155495071E1,-3.577950239E0
3.564661669E2,1.620000005E-1,9.726000786E0,-2.490000129E-1
3.564686104E2,5.700000376E-2,8.935050011E0,2.638950109E0
3.564710540E2,2.619000196E0,8.683950424E0,5.370000005E-1
3.564734977E2,6.583050251E0,8.509050369E0,-5.002050400E0
3.564759411E2,5.868000507E0,7.779000282E0,-5.910000324E0
3.564783848E2,3.676950216E0,8.128950119E0,-3.787950277E0
3.564808285E2,3.556950092E0,8.434950829E0,-1.779000044E0
3.564832721E2,5.848050117E0,9.948000908E0,-2.722950220E0
3.564857158E2,6.187950134E0,9.757050514E0,-5.011950016E0
3.564881593E2,3.811050177E0,8.497050285E0,-4.054049969E0
3.564906030E2,4.314000130E0,6.670050144E0,-4.095000267E0
3.564930466E2,4.675050259E0,5.503950119E0,-3.766950130E0
3.564954900E2,4.872000217E0,5.884950161E0,-3.396000147E0
3.564979337E2,4.795050144E0,6.378000259E0,-3.277950048E0
3.565003774E2,3.933000088E0,6.217950344E0,-2.245950222E0
3.565028210E2,2.820000172E0,5.980950356E0,-1.189950109E0
3.565052645E2,2.463000059E0,6.891000271E0,-2.179500163E-1
3.565077082E2,3.001950026E0,8.107049942E0,-5.800500512E-1
3.565101518E2,2.781000137E0,8.610000610E0,-8.460000157E-1
3.565125955E2,2.262000084E0,8.377950668E0,-9.390000701E-1
3.565150390E2,1.443000078E0,6.757050514E0,-1.803000093E0
3.565174827E2,8.299500346E-1,5.776950359E0,-5.059500337E-1
3.565199263E2,2.389050007E0,6.225000381E0,-1.590000093E-1
3.565223700E2,4.623000145E0,6.402000427E0,-2.866050243E0
3.565248134E2,5.026950359E0,6.277950287E0,-4.213950157E0
3.565272571E2,3.889950275E0,6.357000351E0,-4.995000362E0
3.565297007E2,2.554050207E0,7.606950283E0,-3.625050068E0
3.565321444E2,2.022000074E0,7.471950531E0,-2.815950155E0
3.565345879E2,2.994000196E0,8.434950829E0,-3.372000217E0
3.565370316E2,4.503000259E0,7.413000584E0,-4.698000431E0
3.565394752E2,5.137050152E0,5.977950096E0,-5.397000313E0
3.565419189E2,5.197050095E0,5.430000305E0,-4.878000259E0
3.565443623E2,5.496000290E0,5.514000416E0,-4.939950466E0
3.565468060E2,3.784950256E0,6.301950455E0,-2.625000238E0
3.565492497E2,3.964050293E0,7.393050194E0,-5.869500041E-1
3.565516933E2,5.314950466E0,7.378950119E0,-2.503050089E0
3.565541368E2,3.661950111E0,8.008950233E0,-4.786950111E0
3.565565805E2,2.700000048E0,8.527950287E0,-5.208000183E0
3.565590241E2,2.817000151E0,8.940000534E0,-3.589950085E0
3.565614678E2,2.929950237E0,8.269950867E0,-3.264000177E0
3.565639112E2,4.159950256E0,1.028805065E1,-2.127000093E0
3.565663549E2,3.832050085E0,7.767000198E0,-4.243050098E0
3.565687986E2,1.860000134E0,9.976950645E0,-3.621000290E0
3.565712420E2,8.779500127E-1,8.461050034E0,-1.939500123E-1
3.565736857E2,1.564950109E0,9.514950752E0,-2.098050117E0
3.565761293E2,3.241050243E0,8.310000420E0,-1.456050038E0
3.565785730E2,4.635000229E0,9.924000740E0,-4.602000237E0
3.565810167E2,4.749000072E0,1.023300076E1,-3.232950211E0
3.565834602E2,3.342000246E0,9.131999969E0,-5.874000072E0
3.565859039E2,2.307000160E0,1.055205059E1,-2.281949997E0
3.565883475E2,2.050950050E0,9.306000710E0,-1.411050081E0
3.565907912E2,2.020050049E0,1.025895023E1,-1.918050051E0
3.565932346E2,3.088050127E0,9.297000885E0,-1.036949992E0
3.565956782E2,3.274950266E0,9.879000664E0,-9.100500345E-1
3.565981219E2,2.985000134E0,7.345950127E0,-3.348000050E0
3.566005654E2,2.808000088E0,8.872950554E0,-1.674000025E0
3.566030091E2,2.503950119E0,8.011050224E0,-3.673050165E0
3.566054527E2,2.152050018E0,8.650050163E0,-2.650950193E0
3.566078964E2,1.696950078E0,8.433000565E0,-2.313000202E0
3.566103401E2,1.954950094E0,8.992950439E0,-9.370500445E-1
3.566127835E2,2.644950151E0,7.735950470E0,-1.080000043E0
3.566152272E2,3.330000162E0,9.972000122E0,-2.469000101E0
3.566176709E2,3.655050278E0,7.789050579E0,-2.754000187E0
3.566201143E2,2.809950113E0,8.727000237E0,-3.549000263E0
3.566225580E2,1.921950102E0,8.143050194E0,-2.682000160E0
3.566250016E2,1.249050021E0,7.270950317E0,-9.600000083E-2
3.566274453E2,1.500000119E0,6.712950230E0,5.830500126E-1
3.566298890E2,2.980050087E0,7.350000381E0,-7.860000134E-1
3.566323325E2,4.066950321E0,7.135050297E0,-2.992950201E0
3.566347761E2,4.066950321E0,6.406950474E0,-4.987950325E0
3.566372198E2,3.580950260E0,7.135050297E0,-4.297950268E0
3.566396634E2,2.464950085E0,6.787950516E0,-3.403050184E0
3.566421069E2,1.230000019E0,6.441000462E0,-9.730500579E-1
3.566445506E2,2.491950035E0,6.273000240E0,-2.520000041E-1
3.566469942E2,3.760950089E0,6.904950142E0,-8.460000157E-1
3.566494377E2,4.192049980E0,5.392050266E0,-2.935950041E0
3.566518814E2,4.681950092E0,6.013950348E0,-4.258049965E0
3.566543250E2,3.820050240E0,5.823000431E0,-5.194050312E0
3.566567687E2,2.235000134E0,6.553050518E0,-3.805050135E0
3.566592122E2,1.912050128E0,6.832950115E0,-9.630000591E-1
3.566616559E2,3.370050192E0,6.835950375E0,-6.970500350E-1
3.566640995E2,3.789000273E0,5.623950481E0,-2.020950079E0
3.566665432E2,4.048050404E0,5.907000065E0,-3.261000156E0
3.566689869E2,5.419950485E0,6.595950127E0,-4.084949970E0
3.566714302E2,4.018949986E0,6.994050503E0,-4.779000282E0
3.566738739E2,3.342000246E0,8.587950706E0,-2.767950058E0
3.566763176E2,3.274950266E0,8.389050484E0,-1.582950115E0
3.566787611E2,1.599000096E0,9.163050652E0,-4.770000279E-1
3.566812048E2,8.299500346E-1,8.695950508E0,2.620500028E-1
3.566836484E2,8.659500480E-1,9.229950905E0,-1.319999993E-1
3.566860921E2,2.271000147E0,8.381999969E0,-2.052000046E0
3.566885355E2,3.859050274E0,8.478000641E0,-3.901050091E0
3.566909792E2,4.654050350E0,8.827950478E0,-4.861050129E0
3.566934229E2,3.868050098E0,8.947050095E0,-4.686000347E0
3.566958665E2,2.784000158E0,9.811950684E0,-3.505950212E0
3.566983100E2,1.909950137E0,1.019505024E1,-1.506000042E0
3.567007537E2,2.575050116E0,1.010595036E1,-1.261950016E0
3.567031973E2,4.548000336E0,9.637050629E0,-2.617050171E0
3.567056410E2,5.836050510E0,9.189000130E0,-4.926000118E0
3.567080845E2,5.317050457E0,8.176050186E0,-5.541000366E0
3.567105282E2,4.246950150E0,8.667000771E0,-5.110050201E0
3.567129718E2,2.944050074E0,8.880000114E0,-2.485950232E0
3.567154155E2,2.461050034E0,8.208000183E0,-3.019500077E-1
3.567178589E2,4.138950348E0,8.181000710E0,-1.732050061E0
3.567203025E2,5.440950394E0,7.903050423E0,-5.317950249E0
3.567227462E2,5.125050068E0,7.312050343E0,-7.614000320E0
3.567251897E2,4.002000332E0,7.279050350E0,-6.558000088E0
3.567276334E2,3.306000233E0,7.774050236E0,-3.739950180E0
3.567300771E2,3.430050135E0,8.230950356E0,-1.779000044E0
3.567325207E2,3.751050234E0,8.386950493E0,-1.626000047E0
3.567349644E2,3.841950178E0,8.434950829E0,-1.554000020E0
3.567374079E2,3.202950239E0,7.519950390E0,-1.975950122E0
3.567398516E2,2.698050022E0,7.264050484E0,-1.978050113E0
3.567422952E2,3.768000126E0,7.080000401E0,-2.215050220E0
3.567447389E2,4.156050205E0,7.639950275E0,-2.758950233E0
3.567471823E2,3.639000177E0,7.969950199E0,-2.638950109E0
3.567496260E2,3.391950130E0,8.251049995E0,-2.790000200E0
3.567520696E2,2.851050138E0,8.868000031E0,-3.123000145E0
3.567545131E2,1.845000029E0,9.583950043E0,-3.082050085E0
3.567569568E2,1.450050116E0,9.871950150E0,-2.260950089E0
3.567594005E2,1.981950045E0,9.714000702E0,-2.506950140E0
3.567618441E2,2.941950083E0,9.187050819E0,-2.505000114E0
3.567642878E2,4.431000233E0,9.241950035E0,-2.361000061E0
3.567667313E2,5.046000004E0,9.120000839E0,-3.324000120E0
3.567691749E2,3.757950068E0,9.172050476E0,-3.247050047E0
3.567716186E2,2.056050062E0,9.325950623E0,-1.305000067E0
3.567740621E2,2.500950098E0,9.334950447E0,-8.940000534E-1
3.567765057E2,4.795050144E0,9.337950706E0,-3.622950077E0
3.567789494E2,5.037000179E0,8.607000351E0,-6.076950073E0
3.567813931E2,4.408950329E0,8.548050880E0,-4.921050072E0
3.567838365E2,6.037950516E0,9.160050392E0,-3.793050289E0
3.567862802E2,6.253050327E0,1.035495090E1,-3.817050219E0
3.567887238E2,5.134950161E0,1.139205074E1,-4.389000416E0
3.567911675E2,2.994000196E0,1.075005054E1,-3.802950144E0
3.567936110E2,6.550500393E-1,9.667950630E0,-1.126049995E0
3.567960547E2,3.820500076E-1,8.095050812E0,1.369950056E0
3.567984983E2,1.606050134E0,7.908000469E0,5.419500470E-1
3.568009420E2,3.864000082E0,7.330950260E0,-1.807950139E0
3.568033854E2,4.579050064E0,7.372050285E0,-2.974050045E0
3.568058291E2,4.146000385E0,8.121000290E0,-3.159000158E0
3.568082727E2,3.540000200E0,9.189000130E0,-2.268000126E0
3.568107164E2,2.382000208E0,1.032600021E1,-2.632050037E0
3.568131599E2,1.888050079E0,1.066200066E1,-2.452050209E0
3.568156036E2,3.243000269E0,8.847000122E0,-2.083950043E0
3.568180473E2,5.203950405E0,7.482000351E0,-4.234050274E0
3.568204907E2,7.599000454E0,6.667950153E0,-6.058050156E0
3.568229344E2,6.664950371E0,6.088950157E0,-7.261950493E0
3.568253780E2,3.010950089E0,7.105950356E0,-4.489950180E0
3.568278217E2,2.128050089E0,7.293000221E0,-3.480000198E-1
3.568302653E2,4.548000336E0,8.260050774E0,-4.429500103E-1
3.568327088E2,5.800950050E0,8.866050720E0,-4.665000439E0
3.568351525E2,5.257050037E0,9.409049988E0,-7.222050190E0
3.568375961E2,5.032050133E0,9.766050339E0,-7.516050339E0
3.568400398E2,5.817000389E0,9.843000412E0,-7.200000286E0
3.568424833E2,5.616000175E0,1.024305058E1,-6.445950508E0
3.568449270E2,3.421050072E0,1.025505066E1,-5.227050304E0
3.568473706E2,3.750000298E-1,9.192000389E0,-9.150000215E-1
3.568498140E2,-5.269500017E-1,7.317000389E0,3.778950214E0
3.568522577E2,2.314050198E0,6.220050335E0,3.235950232E0
3.568547013E2,6.688950539E0,6.429000378E0,-1.300950050E0
3.568571450E2,6.457050323E0,6.826050282E0,-4.839000225E0
3.568595885E2,4.239000320E0,7.852950573E0,-4.960950375E0
3.568620322E2,2.440950155E0,9.556050301E0,-3.690000057E0
3.568644759E2,2.056050062E0,1.122405052E1,-2.752050161E0
3.568669195E2,3.961950302E0,1.149195099E1,-3.546000242E0
3.568693632E2,5.218950272E0,1.065705013E1,-5.485950470E0
3.568718066E2,6.235950470E0,9.979050636E0,-6.616050243E0
3.568742503E2,6.399000168E0,7.471950531E0,-8.461950302E0
3.568766940E2,3.160050154E0,5.919000149E0,-6.376050472E0
3.568791374E2,2.664000034E0,5.976000309E0,-2.479050159E0
3.568815811E2,5.668950081E0,5.064000130E0,-6.919500232E-1
3.568840248E2,7.089000225E0,7.030050278E0,-2.991000175E0
3.568864684E2,5.743050098E0,7.875000477E0,-5.356050491E0
3.568889121E2,4.168050289E0,8.815950394E0,-5.650950432E0
3.568913556E2,3.856050253E0,1.015200043E1,-5.955000401E0
3.568937993E2,3.448950052E0,1.027095032E1,-6.264000416E0
3.568962429E2,1.809000134E0,9.694050789E0,-5.634000301E0
3.568986863E2,-2.800500095E-1,7.638000488E0,-2.052000046E0
3.569011300E2,-2.920500040E-1,5.952000141E0,1.618950129E0
3.569035736E2,4.645950317E0,5.004000187E0,-1.129500046E-1
3.569060173E2,8.299950600E0,3.193950176E0,-4.417950153E0
3.569084610E2,5.326050282E0,4.798050404E0,-6.256950378E0
3.569109045E2,3.433050156E0,6.036000252E0,-3.220950127E0
3.569133481E2,3.223950148E0,6.591000080E0,-1.987950087E0
3.569157918E2,3.210000038E0,7.780950546E0,-1.474950075E0
3.569182353E2,3.667050123E0,8.184000015E0,-3.490950108E0
3.569206789E2,5.086950302E0,7.309950352E0,-6.019950390E0
3.569231226E2,6.289050102E0,6.193950176E0,-8.734950066E0
3.569255662E2,3.085050106E0,4.177950382E0,-7.819950581E0
3.569280097E2,1.795050144E0,3.649050236E0,-2.281949997E0
3.569304534E2,5.440950394E0,4.198950291E0,-4.549500346E-1
3.569328970E2,8.248050690E0,4.882050037E0,-2.503050089E0
3.569353407E2,5.947050095E0,6.373050213E0,-4.189949989E0
3.569377842E2,3.495000124E0,7.438950539E0,-3.349950075E0
3.569402278E2,3.574050188E0,9.261000633E0,-2.752050161E0
3.569426715E2,3.753000259E0,1.050105095E1,-5.281950474E0
3.569451152E2,1.579050064E0,9.766050339E0,-5.698950291E0
3.569475586E2,-7.710000277E-1,8.008950233E0,-2.778000116E0
3.569500023E2,-1.306950092E0,6.936000347E0,3.256950140E0
3.569524459E2,2.343000174E0,6.313950062E0,1.600050092E0
3.569548896E2,8.560950279E0,5.107050419E0,-4.605000019E0
3.569573331E2,7.018950462E0,6.060000420E0,-6.769050121E0
3.569597768E2,2.631000042E0,7.702050209E0,-3.879000187E0
3.569622204E2,6.049500108E-1,9.001950264E0,-8.149500489E-1
3.569646640E2,1.918950081E0,1.059495068E1,-1.305000067E0
3.569671075E2,4.948050022E0,1.025700092E1,-4.059000015E0
3.569695512E2,5.530050278E0,1.015200043E1,-5.064000130E0
3.569719948E2,5.698050499E0,8.334000587E0,-7.231050491E0
3.569744385E2,2.901000023E0,5.752950191E0,-5.103000164E0
3.569768820E2,2.568000078E0,6.259050369E0,-1.257000089E0
3.569793257E2,5.254950047E0,7.501050472E0,-1.246050000E0
3.569817693E2,7.699050426E0,7.699950218E0,-3.718950272E0
3.569842130E2,5.677950382E0,8.381999969E0,-3.546000242E0
3.569866564E2,3.801000118E0,9.763950348E0,-2.536050081E0
3.569891001E2,5.065050125E0,1.051605034E1,-4.495050430E0
3.569915437E2,3.949950218E0,1.153095055E1,-6.763950348E0
3.569939874E2,9.499500394E-1,1.058505058E1,-4.930050373E0
3.569964309E2,-8.110500574E-1,7.635000229E0,-9.900000691E-2
3.569988745E2,-7.710000277E-1,6.349950314E0,2.089050055E0
3.570013182E2,3.370050192E0,6.673050404E0,-1.369950056E0
3.570037617E2,8.053950310E0,5.263050079E0,-4.999950409E0
3.570062054E2,5.098950386E0,5.908950329E0,-5.586000443E0
3.570086491E2,2.221050024E0,7.468050480E0,-1.071000099E0
3.570110927E2,2.887050152E0,8.401050568E0,7.290000319E-1
3.570135364E2,5.221050262E0,9.727950096E0,-2.412000179E0
3.570159798E2,5.044050217E0,9.409049988E0,-6.052950382E0
3.570184235E2,5.101050377E0,8.128950119E0,-8.791950226E0
3.570208672E2,4.072050095E0,5.320050240E0,-8.455050468E0
3.570233106E2,3.445050240E0,4.879050255E0,-4.140000343E0
3.570257543E2,5.713950157E0,5.212050438E0,-1.867950082E0
3.570281979E2,6.421050072E0,6.211050510E0,-1.930050135E0
3.570306416E2,5.140050411E0,7.048950195E0,-3.388050079E0
3.570330851E2,5.140050411E0,6.970050335E0,-3.793050289E0
3.570355288E2,6.331950188E0,8.473050117E0,-5.529000282E0
3.570379724E2,5.130000114E0,1.026900005E1,-8.176950455E0
3.570404161E2,5.700000376E-2,1.116195011E1,-6.211050510E0
3.570428595E2,-2.374950171E0,8.791950226E0,-1.405950069E0
3.570453032E2,-1.618050098E0,6.085950375E0,3.094050169E0
3.570477468E2,4.050000191E0,5.763000488E0,6.330000162E-1
3.570501905E2,8.580000877E0,6.342000484E0,-5.299050331E0
3.570526340E2,5.688000202E0,5.547000408E0,-7.021050453E0
3.570550777E2,2.508000135E0,7.221000195E0,-2.632050037E0
3.570575213E2,1.062000036E0,8.217000008E0,1.416000009E0
3.570599650E2,3.337050200E0,9.189000130E0,-4.150500298E-1
3.570624084E2,5.338050365E0,9.493050575E0,-4.890000343E0
3.570648521E2,6.262950420E0,8.703000069E0,-7.630950451E0
3.570672957E2,5.053950310E0,6.601050377E0,-9.525000572E0
3.570697394E2,2.820000172E0,4.714050293E0,-6.106050491E0
3.570721829E2,5.029950142E0,5.646000385E0,-1.846050143E0
3.570746266E2,7.093050480E0,7.654050350E0,-1.456050038E0
3.570770702E2,6.900000095E0,8.017950058E0,-3.439050198E0
3.570795139E2,4.249050140E0,8.500050545E0,-4.363049984E0
3.570819574E2,4.929000378E0,9.205950737E0,-5.269950390E0
3.570844011E2,6.136050224E0,1.011300087E1,-7.909050465E0
3.570868447E2,1.666050076E0,1.146105099E1,-7.561950207E0
3.570892884E2,-1.507950068E0,9.610950470E0,-2.076000214E0
3.570917318E2,-2.242950201E0,6.378000259E0,3.688050270E0
3.570941755E2,5.470499992E-1,6.238950253E0,3.316950083E0
3.570966192E2,7.977000237E0,5.884950161E0,-3.918000221E0
3.570990626E2,8.032050133E0,5.428050041E0,-8.289000511E0
3.571015063E2,2.578050137E0,6.715950489E0,-5.931000233E0
3.571039499E2,6.430500150E-1,8.416049957E0,5.805000290E-2
3.571063936E2,2.965950251E0,9.250950813E0,8.680500388E-1
3.571088373E2,6.490050316E0,9.273000717E0,-3.457950115E0
3.571112808E2,6.367950439E0,9.105000496E0,-6.726000309E0
3.571137245E2,4.797000408E0,5.761050224E0,-9.781050682E0
3.571161681E2,3.246000051E0,3.811950207E0,-6.436050415E0
3.571186118E2,6.250950336E0,3.780000210E0,-3.187050104E0
3.571210552E2,8.314949989E0,5.044950008E0,-3.003000259E0
3.571234988E2,6.186000347E0,6.984000206E0,-2.694000244E0
3.571259425E2,3.325050116E0,7.063050270E0,-1.345950007E0
3.571283860E2,5.125050068E0,8.308050156E0,-1.621050119E0
3.571308297E2,6.520950317E0,1.006095028E1,-6.385950089E0
3.571332733E2,1.122000098E0,1.170300102E1,-7.681050301E0
3.571357170E2,-2.476050138E0,1.002495003E1,-2.965050220E0
3.571381605E2,-3.385050058E0,7.233000278E0,3.822000265E0
3.571406042E2,-7.200000435E-2,6.237000465E0,1.942950130E0
3.571430478E2,7.347000122E0,6.594000340E0,-4.726950169E0
3.571454915E2,8.005949974E0,6.133950233E0,-7.063950539E0
3.571479349E2,3.433050156E0,7.176000118E0,-5.035950184E0
3.571503786E2,1.917000055E0,8.334000587E0,-2.230500132E-1
3.571528222E2,3.775050163E0,9.828000069E0,-7.695000619E-2
3.571552659E2,6.997950554E0,9.462000847E0,-4.699950218E0
3.571577094E2,7.338000298E0,9.295050621E0,-7.702950478E0
3.571601531E2,4.560000420E0,5.944950104E0,-9.975000381E0
3.571625968E2,3.628950119E0,4.846050262E0,-6.196950436E0
3.571650404E2,7.548000336E0,4.876950264E0,-2.574000120E0
3.571674841E2,8.476950645E0,6.358950138E0,-5.590950489E0
3.571699275E2,5.116050243E0,9.180000305E0,-2.775000095E0
3.571723712E2,3.009000063E0,8.145000458E0,-2.313000202E0
3.571748148E2,4.813950062E0,8.884950638E0,-1.188000083E0
3.571772583E2,5.407950401E0,9.928950310E0,-7.588050365E0
3.571797020E2,1.528950095E0,1.114995098E1,-5.929050446E0
3.571821456E2,-1.458000064E0,8.227050781E0,-3.819000244E0
3.571845893E2,-2.274000168E0,7.501050472E0,5.259000301E0
3.571870328E2,4.375950336E0,5.236050129E0,-4.095000029E-2
3.571894765E2,9.229050636E0,6.769050121E0,-4.717050076E0
3.571919201E2,6.586050510E0,6.196050167E0,-6.175050259E0
3.571943635E2,2.307000160E0,9.117000580E0,-1.456050038E0
3.571968072E2,1.708950043E0,9.031050682E0,-1.780500114E-1
3.571992508E2,3.784950256E0,1.163100052E1,-1.110000089E-1
3.572016945E2,7.893000603E0,1.119300079E1,-7.024950504E0
3.572041380E2,7.417050362E0,1.142805099E1,-8.476050377E0
3.572065817E2,3.078000069E0,8.452050209E0,-9.079950333E0
3.572090254E2,1.192050099E0,7.477050304E0,-3.514950275E0
3.572114690E2,5.125050068E0,7.618950367E0,-2.188950062E0
3.572139127E2,8.439000130E0,9.013950348E0,-2.359050035E0
3.572163561E2,6.528000355E0,8.977950096E0,-5.023950100E0
3.572187998E2,4.644000053E0,9.486000061E0,-3.337950230E0
3.572212434E2,5.949000359E0,9.997950554E0,-5.400000095E0
3.572236871E2,6.349050522E0,1.176495075E1,-7.771950245E0
3.572261306E2,2.487000227E0,1.189200020E1,-7.735950470E0
3.572285743E2,-2.370000184E-1,9.643950462E0,-6.210000515E-1
3.572310179E2,-1.306950092E0,8.952000618E0,4.780050278E0
3.572334616E2,7.270500064E-1,8.020950317E0,1.852050066E0
3.572359051E2,7.398000240E0,7.449000359E0,-3.714000225E0
3.572383488E2,7.354050159E0,6.034050465E0,-7.537950516E0
3.572407924E2,3.682050228E0,7.513050556E0,-5.239050388E0
3.572432361E2,3.712950230E0,8.749050140E0,-2.232000113E0
3.572456795E2,5.824050426E0,9.499950409E0,-3.027000189E0
3.572481231E2,5.209050179E0,9.465000153E0,-5.151000023E0
3.572505668E2,4.287000179E0,7.900950432E0,-7.401000500E0
3.572530103E2,3.688950062E0,4.504050255E0,-7.219050407E0
3.572554540E2,5.022000313E0,3.997950077E0,-6.082050323E0
3.572578976E2,7.117050171E0,3.526950121E0,-6.100950241E0
3.572603413E2,6.102000237E0,4.884000301E0,-6.505950451E0
3.572627850E2,3.001950026E0,5.623950481E0,-3.975000143E0
3.572652285E2,4.345050335E0,5.344050407E0,-3.195000067E-2
3.572676721E2,7.395000458E0,6.115050316E0,-9.870000482E-1
3.572701155E2,4.639050007E0,7.756950378E0,-3.742950201E0
3.572725592E2,-7.780500650E-1,8.413050652E0,-3.072000027E0
3.572750029E2,-1.075049996E0,5.349000454E0,-2.464050055E0
3.572774465E2,2.503950119E0,5.017950058E0,-9.105000645E-2
3.572798902E2,7.024050236E0,3.985950232E0,-1.630950093E0
3.572823337E2,6.603000164E0,5.257950306E0,-5.139000416E0
3.572847774E2,2.851050138E0,6.615000248E0,-2.068950176E0
3.572872210E2,9.660000205E-1,6.796950340E0,4.219500124E-1
3.572896647E2,2.389050007E0,7.843950272E0,-1.249950051E0
3.572921081E2,5.902950287E0,8.527950287E0,-5.875950336E0
3.572945518E2,6.796950340E0,9.544050217E0,-9.075000763E0
3.572969954E2,4.381050110E0,7.546950340E0,-1.042005062E1
3.572994391E2,2.251950026E0,5.911050320E0,-7.602000237E0
3.573018826E2,5.848050117E0,6.454950333E0,-4.423050404E0
3.573043263E2,7.696950436E0,7.635000229E0,-3.586950064E0
3.573067699E2,7.359000206E0,9.843000412E0,-3.601050138E0
3.573092136E2,4.419000149E0,9.618000031E0,-4.744050026E0
3.573116571E2,5.062950134E0,1.079805088E1,-1.834950089E0
3.573141007E2,5.499000072E0,1.136595058E1,-4.236000061E0
3.573165444E2,3.267000198E0,1.182795048E1,-4.140000343E0
3.573189878E2,-3.300000131E-1,1.072395039E1,-3.405000269E-2
3.573214315E2,-7.489500642E-1,8.916000366E0,2.359050035E0
3.573238752E2,-5.290500522E-1,1.003695011E1,3.859500289E-1
3.573263188E2,4.546050072E0,1.093905067E1,3.360000253E-1
3.573287625E2,5.944050312E0,1.004595089E1,-7.522950172E0
3.573312060E2,5.257050037E0,9.582000732E0,-6.205950260E0
3.573336497E2,5.500950336E0,1.052805042E1,-5.802000046E0
3.573360933E2,5.848050117E0,1.187805080E1,-7.341000557E0
3.573385370E2,4.503000259E0,1.276605034E1,-4.248000145E0
3.573409804E2,4.261050224E0,1.082400036E1,-4.984950066E0
3.573434240E2,3.490050077E0,7.276050568E0,-4.782000065E0
3.573458677E2,4.611000061E0,4.579950333E0,-3.295050144E0
3.573483112E2,7.849950314E0,4.831950188E0,-5.251050472E0
3.573507549E2,9.117000580E0,4.951050282E0,-8.566950798E0
3.573531985E2,5.731050491E0,6.879000187E0,-6.922050476E0
3.573556422E2,3.775050163E0,7.294950485E0,-1.605000019E0
3.573580857E2,5.707050323E0,7.563000202E0,-1.681050062E0
3.573605293E2,5.463000298E0,7.975050449E0,-4.198050022E0
3.573629730E2,1.113000035E0,8.986050606E0,-1.995000124E0
3.573654167E2,-2.349000216E0,7.450950146E0,3.163950205E0
3.573678601E2,-2.377050161E0,5.931000233E0,5.220000267E0
3.573703038E2,4.441050053E0,5.191050053E0,1.378050089E0
3.573727474E2,7.492950439E0,4.563000202E0,-5.749050140E0
3.573751911E2,3.121050119E0,7.108950138E0,-5.731950283E0
3.573776346E2,1.519500017E-1,7.225950241E0,1.489500105E-1
3.573800783E2,3.630000055E-1,8.554950714E0,2.460000038E0
3.573825219E2,4.204050064E0,9.667950630E0,-1.486950040E0
3.573849656E2,6.160050392E0,9.904950142E0,-5.755950451E0
3.573874090E2,4.251000404E0,7.638000488E0,-8.039999962E0
3.573898527E2,1.785000086E0,4.711950302E0,-5.457000256E0
3.573922963E2,5.329050064E0,3.679950237E0,-5.203050137E0
3.573947400E2,8.817000389E0,4.908000469E0,-8.340000153E0
3.573971835E2,7.714050293E0,6.136050224E0,-9.903000832E0
3.573996272E2,5.355000019E0,7.594950199E0,-7.969050407E0
3.574020708E2,6.607050419E0,6.867000103E0,-4.798950195E0
3.574045145E2,6.805950165E0,8.526000023E0,-5.934000492E0
3.574069580E2,1.339950085E0,9.697050095E0,-3.745050192E0
3.574094016E2,-2.137950182E0,8.470950127E0,1.966950059E0
3.574118453E2,-1.696950078E0,5.490000248E0,3.762000084E0
3.574142887E2,3.832050085E0,5.298000336E0,2.754000187E0
3.574167324E2,8.683050156E0,3.654000282E0,-3.652050257E0
3.574191760E2,5.046000004E0,4.990050316E0,-6.192000389E0
3.574216197E2,7.849500179E-1,7.369950294E0,-9.060000181E-1
3.574240634E2,1.690500081E-1,8.155050278E0,2.709000111E0
3.574265069E2,2.986950159E0,1.092495060E1,-5.700000525E-1
3.574289506E2,5.856000423E0,1.036200047E1,-6.226050377E0
3.574313942E2,4.096050262E0,1.000095081E1,-8.011950493E0
3.574338379E2,9.070500135E-1,6.405000210E0,-5.593950272E0
3.574362813E2,2.346000195E0,3.934050083E0,-2.782950163E0
3.574387250E2,8.347949982E0,4.990050316E0,-6.214050293E0
3.574411686E2,1.134105015E1,5.193000317E0,-8.967000008E0
3.574436121E2,8.167950630E0,7.800000191E0,-9.673050880E0
3.574460558E2,6.532950401E0,8.820000648E0,-7.684050560E0
3.574484995E2,7.441050529E0,9.406949997E0,-5.706000328E0
3.574509431E2,3.277050257E0,1.110705090E1,-5.863950253E0
3.574533866E2,-1.888950109E0,1.127700043E1,-1.404000044E0
3.574558302E2,-3.691950083E0,6.850050449E0,4.617000103E0
3.574582739E2,-2.149950027E0,5.445000172E0,3.702000141E0
3.574607176E2,6.187950134E0,4.096950054E0,4.489500225E-1
3.574631610E2,8.592000008E0,3.060000181E0,-7.741050243E0
3.574656047E2,3.694050074E0,6.558000088E0,-4.570950031E0
3.574680483E2,8.899500370E-1,8.548050880E0,4.270500243E-1
3.574704920E2,5.020500422E-1,1.159995079E1,2.445000172E0
3.574729355E2,2.362050056E0,1.129905033E1,-2.128950119E0
3.574753792E2,3.564000130E0,1.163895035E1,-4.870050430E0
3.574778228E2,2.218950033E0,8.173950195E0,-6.300000191E0
3.574802665E2,1.326000094E0,4.957950115E0,-3.846000195E0
3.574827099E2,6.817950249E0,3.493050098E0,-4.720050335E0
3.574851536E2,1.185105038E1,3.397050142E0,-9.216000557E0
3.574875973E2,1.119000053E1,4.606950283E0,-1.120605087E1
3.574900410E2,6.775050163E0,8.512050629E0,-7.995000362E0
3.574924844E2,6.232050419E0,8.562000275E0,-4.339050293E0
3.574949281E2,5.238000393E0,1.004595089E1,-5.128950119E0
3.574973717E2,1.279500127E-1,1.100895023E1,-3.913050175E0
3.574998154E2,-3.205950260E0,8.253000259E0,-3.480000198E-1
3.575022591E2,-2.569050074E0,5.749050140E0,4.485000134E0
3.575047026E2,4.393050194E0,4.366950035E0,4.890000224E-1
3.575071462E2,8.608950615E0,3.711000204E0,-6.877050400E0
3.575095896E2,3.118950129E0,5.302950382E0,-6.444000244E0
3.575120333E2,2.670000196E-1,8.404050827E0,5.800500512E-1
3.575144770E2,1.447950125E0,9.244050026E0,2.473950148E0
3.575169206E2,2.902950048E0,1.179705048E1,4.320000112E-1
3.575193643E2,4.021950245E0,1.153605080E1,-3.204000235E0
3.575218078E2,3.193050146E0,9.164999962E0,-5.787000179E0
3.575242515E2,1.227000117E0,6.117000103E0,-4.810950279E0
3.575266951E2,4.575000286E0,4.429050446E0,-4.272000313E0
3.575291388E2,1.010805035E1,4.111050129E0,-7.351050377E0
3.575315823E2,1.193895054E1,4.317000389E0,-1.172805023E1
3.575340259E2,6.864000320E0,8.358000755E0,-9.535050392E0
3.575364696E2,5.245050430E0,8.988000870E0,-5.653050423E0
3.575389130E2,6.366000175E0,9.225000381E0,-5.443050385E0
3.575413567E2,3.202950239E0,1.044900036E1,-6.204000473E0
3.575438004E2,-1.105949998E0,1.027395058E1,-2.802000046E0
3.575462441E2,-3.028950214E0,6.330000401E0,3.537000179E0
3.575486875E2,1.600500047E-1,5.005950451E0,4.131000042E0
3.575511312E2,7.828950405E0,3.903000116E0,-4.150050163E0
3.575535749E2,6.964050293E0,4.417050362E0,-7.381950378E0
3.575560185E2,1.359000087E0,7.104000568E0,-2.895000219E0
3.575584620E2,5.830500126E-1,8.851950645E0,3.376950264E0
3.575609057E2,1.357050061E0,1.117905045E1,2.866950035E0
3.575633494E2,3.691050291E0,1.122405052E1,-3.859500289E-1
3.575657930E2,3.480000257E0,1.014000034E1,-4.690950394E0
3.575682366E2,1.599000096E0,6.973950386E0,-4.336950302E0
3.575706801E2,2.959050179E0,4.954050064E0,-3.442950249E0
3.575731238E2,7.735050201E0,5.205000401E0,-6.694950104E0
3.575755674E2,1.085205078E1,4.911000252E0,-1.112700081E1
3.575780111E2,6.736950397E0,7.738050461E0,-1.131600094E1
3.575804546E2,3.643050194E0,8.956950188E0,-5.718000412E0
3.575828982E2,6.412950516E0,8.269950867E0,-4.777050018E0
3.575853419E2,5.274000168E0,9.823950768E0,-6.016950130E0
3.575877853E2,1.390050054E0,9.057000160E0,-4.365000248E0
3.575902290E2,-1.234950066E0,7.900950432E0,3.220500052E-1
3.575926726E2,7.095000148E-2,5.217000484E0,2.982000113E0
3.575951163E2,7.048050404E0,5.037000179E0,-2.845050097E0
3.575975598E2,8.140049934E0,5.200050354E0,-7.999950409E0
3.576000035E2,2.623050213E0,7.063050270E0,-6.160950184E0
3.576024472E2,4.950000346E-1,8.703000069E0,1.119000077E0
3.576048906E2,2.164050102E0,9.618000031E0,4.593000412E0
3.576073343E2,3.849000216E0,1.010595036E1,3.169500232E-1
3.576097779E2,3.969000101E0,9.546000481E0,-3.379050255E0
3.576122216E2,2.484000206E0,7.735950470E0,-4.594950199E0
3.576146653E2,3.220050097E0,4.414950371E0,-5.433000088E0
3.576171087E2,6.913950443E0,4.690050125E0,-7.159050465E0
3.576195524E2,8.230950356E0,5.830050468E0,-9.003000259E0
3.576219960E2,4.648950100E0,7.354950428E0,-7.690950394E0
3.576244397E2,2.563050032E0,8.193000793E0,-2.749050140E0
3.576268832E2,3.484950066E0,8.161950111E0,-2.449500114E-1
3.576293269E2,6.013950348E0,9.229950905E0,-1.653000116E0
3.576317705E2,4.951050282E0,8.986050606E0,-4.104000092E0
3.576342142E2,1.198950052E0,8.776950836E0,-3.565950155E0
3.576366577E2,8.539500237E-1,7.243050575E0,-5.749500394E-1
3.576391014E2,4.052999973E0,7.372050285E0,-1.345950007E0
3.576415450E2,7.246950150E0,8.458950043E0,-4.641000271E0
3.576439887E2,5.554050446E0,9.031050682E0,-4.810950279E0
3.576464321E2,1.729950070E0,9.268050194E0,-1.854000092E0
3.576488758E2,-3.180000186E-1,1.038900089E1,2.115000010E0
3.576513194E2,6.670500040E-1,1.054005051E1,1.282050014E0
3.576537629E2,4.884000301E0,1.308705044E1,-2.014050007E0
3.576562066E2,6.741000175E0,1.161705017E1,-6.397950172E0
3.576586502E2,3.792000294E0,9.112950325E0,-5.692050457E0
3.576610939E2,3.037950039E0,8.503950119E0,-5.026050091E0
3.576635374E2,4.084050179E0,1.004205036E1,-5.218050480E0
3.576659810E2,3.612000227E0,1.074795055E1,-4.810950279E0
3.576684247E2,2.038950205E0,1.028100014E1,-2.914050102E0
3.576708684E2,1.576950073E0,8.478000641E0,-1.849500090E-1
3.576733120E2,2.170950174E0,6.769050121E0,3.000000119E-2
3.576757555E2,4.717950344E0,8.287050247E0,-9.889500737E-1
3.576781991E2,4.386000156E0,8.698050499E0,-3.111000061E0
3.576806428E2,2.005950212E0,7.633050442E0,-2.470950127E0
3.576830863E2,5.070000291E-1,6.201000214E0,8.959500194E-1
3.576855300E2,1.062000036E0,7.285950184E0,2.449950218E0
3.576879736E2,4.048050404E0,1.035000038E1,5.490000248E-1
3.576904173E2,4.639050007E0,9.322950363E0,-3.052950144E0
3.576928607E2,3.528000116E0,8.433000565E0,-2.610000134E0
3.576953044E2,2.310000181E0,7.942050457E0,-1.525950074E0
3.576977480E2,2.508000135E0,8.959050179E0,-1.327050090E0
3.577001918E2,4.801950455E0,1.060695076E1,-3.436050177E0
3.577026352E2,4.381050110E0,1.025700092E1,-5.301000118E0
3.577050789E2,2.278950214E0,9.450000763E0,-4.990050316E0
3.577075225E2,1.837950110E0,7.483950138E0,-3.160950184E0
3.577099662E2,3.508950233E0,7.888950348E0,-3.139050245E0
3.577124097E2,5.233050346E0,9.955050468E0,-5.191050053E0
3.577148534E2,4.768950462E0,1.061100006E1,-5.707950115E0
3.577172970E2,3.397050142E0,8.437050819E0,-5.098050117E0
3.577197407E2,2.701950073E0,6.555000305E0,-2.506950140E0
3.577221841E2,4.620000362E0,8.265000343E0,-2.254050016E0
3.577246277E2,6.411000252E0,8.764950752E0,-5.493000031E0
3.577270714E2,4.198950291E0,8.706000328E0,-4.890000343E0
3.577295151E2,1.857000113E0,6.189000130E0,-1.438950062E0
3.577319586E2,3.472950220E0,4.470000267E0,7.860000134E-1
3.577344023E2,7.500000477E0,5.701050282E0,-7.140000463E-1
3.577368459E2,6.994950294E0,7.258950233E0,-3.070050240E0
3.577392896E2,2.769000053E0,7.471950531E0,-3.343050241E0
3.577417330E2,5.380499959E-1,7.590000153E0,-2.020500153E-1
3.577441767E2,1.135950089E0,8.044950485E0,9.559500217E-1
3.577466203E2,3.919050217E0,9.388050079E0,-2.004000187E0
3.577490638E2,4.503000259E0,9.739950180E0,-4.819950104E0
3.577515075E2,2.106000185E0,9.936000824E0,-4.534950256E0
3.577539511E2,4.060500264E-1,8.208000183E0,-1.732050061E0
3.577563948E2,1.129050016E0,7.642050266E0,5.440500379E-1
3.577588383E2,4.251000404E0,9.900000572E0,-1.747950077E0
3.577612820E2,5.920050144E0,1.105200100E1,-4.875000000E0
3.577637257E2,3.556950092E0,1.000605011E1,-4.449000359E0
3.577661693E2,1.327950120E0,9.180000305E0,-9.100500345E-1
3.577686127E2,2.226000071E0,9.330000877E0,5.805000290E-2
3.577710564E2,4.864050388E0,1.165305042E1,-4.801050186E0
3.577735001E2,4.411950111E0,1.153095055E1,-5.325000286E0
3.577759438E2,1.612950087E0,9.131999969E0,-3.168000221E0
3.577783872E2,4.560000300E-1,7.519950390E0,-2.020500153E-1
3.577808309E2,2.134950161E0,7.848000526E0,-2.659500241E-1
3.577832745E2,5.367000103E0,8.356050491E0,-4.588050365E0
3.577857182E2,4.921950340E0,9.283050537E0,-6.118050098E0
3.577881617E2,2.784000158E0,7.365000248E0,-4.935000420E0
3.577906054E2,8.160000443E-1,5.659950256E0,-1.144950032E0
3.577930490E2,1.882950068E0,6.879000187E0,4.066050053E0
3.577954927E2,5.238000393E0,8.734050751E0,-2.407050133E0
3.577979361E2,3.112050056E0,8.787000656E0,-4.800000042E-2
3.578003798E2,2.719050169E0,6.457050323E0,-4.236000061E0
3.578028235E2,3.040050030E0,6.040950298E0,-2.668050051E0
3.578052671E2,4.174950123E0,6.048000336E0,-5.557950497E0
3.578077106E2,4.567049980E0,8.305950165E0,-4.803000450E0
3.578101543E2,2.437050104E0,7.633050442E0,-5.103000164E0
3.578125979E2,1.314000010E0,8.230950356E0,-1.767000079E0
3.578150414E2,1.669950128E0,7.027050495E0,-1.210050106E0
3.578174851E2,5.793000221E0,7.851000309E0,-1.863000035E0
3.578199287E2,5.760000229E0,8.490000725E0,-4.693050385E0
3.578223724E2,1.663050056E0,9.553050041E0,-6.103950500E0
3.578248159E2,-3.600000218E-2,7.657050133E0,-3.960000277E-1
3.578272595E2,9.430500269E-1,7.705050468E0,-8.220000267E-1
3.578297032E2,2.554050207E0,8.992950439E0,-9.130500555E-1
3.578321469E2,5.422050476E0,9.010050774E0,-6.727950096E0
3.578345906E2,3.049950123E0,9.361950874E0,-6.490950108E0
3.578370340E2,6.310500503E-1,7.312050343E0,-2.716050148E0
3.578394776E2,7.249500155E-1,7.779000282E0,1.363050103E0
3.578419213E2,2.583000183E0,9.583950043E0,5.100000277E-2
3.578443648E2,5.749950409E0,1.089900017E1,-3.181950092E0
3.578468085E2,5.074950218E0,9.520050049E0,-5.146050453E0
3.578492521E2,2.322000027E0,9.180000305E0,-2.773050070E0
3.578516958E2,1.407000065E0,7.561050415E0,-1.186050057E0
3.578541395E2,3.121050119E0,8.919000626E0,-2.088000059E0
3.578565829E2,4.081050396E0,1.142505074E1,-4.144950390E0
3.578590266E2,2.728950024E0,9.694050789E0,-4.404000282E0
3.578614703E2,2.098950148E0,9.532050133E0,-2.196000099E0
3.578639137E2,3.289050102E0,8.752950668E0,-3.087000132E0
3.578663574E2,4.480950356E0,9.702000618E0,-3.826950073E0
3.578688010E2,3.856050253E0,1.132995033E1,-4.758000374E0
3.578712447E2,1.393050075E0,1.077195072E1,-3.819000244E0
3.578736882E2,-7.395000011E-2,8.559000015E0,-1.444050074E0
3.578761319E2,1.393050075E0,7.663950443E0,-7.930500507E-1
3.578785755E2,5.215950012E0,8.437050819E0,-4.068000317E0
3.578810192E2,5.317050457E0,8.623950005E0,-6.561000347E0
3.578834626E2,2.893950224E0,8.179050446E0,-5.779950142E0
3.578859063E2,1.347000122E0,7.834050179E0,-1.432050109E0
3.578883499E2,2.149049997E0,9.049950600E0,1.090050101E0
3.578907936E2,3.612000227E0,9.958050728E0,-5.340000391E-1
3.578932371E2,2.856000185E0,9.216000557E0,-2.814000130E0
3.578956808E2,2.827050209E0,8.296050072E0,-3.703950167E0
3.578981244E2,2.890950203E0,7.585050583E0,-2.581950188E0
3.579005681E2,2.956050158E0,7.654050350E0,-1.687950134E0
3.579030116E2,3.471000195E0,9.402000427E0,-2.392050028E0
3.579054552E2,4.486050129E0,9.723000526E0,-4.674000263E0
3.579078989E2,2.644950151E0,9.649050713E0,-3.895950079E0
3.579103423E2,1.282950044E0,8.844000816E0,-8.310000300E-1
3.579127860E2,2.281050205E0,9.283050537E0,-7.309500575E-1
3.579152297E2,4.029000282E0,1.079595089E1,-2.773050070E0
3.579176733E2,4.210950375E0,1.086000061E1,-4.801050186E0
3.579201170E2,2.451000214E0,9.081000328E0,-4.281000137E0
3.579225605E2,9.930000305E-1,8.136000633E0,-1.303050041E0
3.579250042E2,2.037000179E0,8.758049965E0,4.440000355E-1
3.579274478E2,5.362050056E0,9.558000565E0,-1.966050148E0
3.579298912E2,5.476950169E0,1.028595066E1,-4.320000172E0
3.579323349E2,2.149049997E0,9.151050568E0,-3.963000298E0
3.579347786E2,5.929500461E-1,7.942050457E0,-1.249950051E0
3.579372222E2,1.093050003E0,8.008950233E0,-8.700000495E-2
3.579396657E2,3.697950125E0,9.187050819E0,-1.281000018E0
3.579421094E2,5.422050476E0,8.100000381E0,-3.336000204E0
3.579445530E2,3.331950188E0,7.906050205E0,-3.894000292E0
3.579469967E2,2.190000057E0,8.161950111E0,-2.242050171E0
3.579494402E2,3.196050167E0,7.915050507E0,-1.759950042E0
3.579518838E2,3.583050251E0,9.112950325E0,-1.269000053E0
3.579543275E2,3.454050064E0,9.457050323E0,-2.542950153E0
3.579567712E2,2.595000029E0,8.500050545E0,-2.938050032E0
3.579592146E2,3.532950163E0,7.414950371E0,-2.574000120E0
3.579616583E2,5.089050293E0,8.602950096E0,-1.183050036E0
3.579641019E2,5.653950214E0,9.754050255E0,-3.352050066E0
3.579665456E2,3.685950279E0,9.565050125E0,-5.412000179E0
3.579689891E2,8.899500370E-1,8.713050842E0,-3.568050146E0
3.579714328E2,4.159500301E-1,7.702050209E0,-9.600000083E-2
3.579738764E2,2.968050241E0,8.719950676E0,-2.639999986E-1
3.579763201E2,5.659050465E0,1.037700081E1,-2.625000238E0
3.579787636E2,5.566050053E0,9.295050621E0,-5.443050385E0
3.579812073E2,2.470050097E0,8.983050346E0,-4.498950005E0
3.579836509E2,1.306050062E0,8.694000244E0,-9.799500704E-1
3.579860946E2,2.736000061E0,9.963000298E0,9.780000448E-1
3.579885380E2,5.050950050E0,9.793050766E0,-2.104950190E0
3.579909817E2,4.776000023E0,9.607950211E0,-4.638000011E0
3.579934253E2,2.487000227E0,8.365950584E0,-4.393949986E0
3.579958690E2,3.447000265E0,6.001950264E0,-2.577000141E0
3.579983125E2,4.491000175E0,7.345950127E0,-1.252950072E0
3.580007561E2,4.729950428E0,9.334950447E0,-8.430000544E-1
3.580031998E2,4.195950031E0,9.550950050E0,-2.256000042E0
3.580056432E2,2.494050026E0,8.530950546E0,-3.405000210E0
3.580080869E2,1.939050078E0,7.852950573E0,-3.481950283E0
3.580105306E2,3.610050201E0,8.533050537E0,-2.875950098E0
3.580129742E2,4.369050026E0,9.424050331E0,-2.806950092E0
3.580154179E2,3.649950266E0,9.325950623E0,-2.509950161E0
3.580178614E2,1.663050056E0,8.361000061E0,-1.453950047E0
3.580203051E2,1.467000127E0,7.579950333E0,7.549500465E-1
3.580227487E2,3.841950178E0,8.365950584E0,-4.000500143E-1
3.580251922E2,6.154950142E0,9.148050308E0,-3.870000124E0
3.580276358E2,4.033950329E0,9.378000259E0,-5.938050270E0
3.580300795E2,1.402050018E0,8.698050499E0,-3.180000067E0
3.580325232E2,6.910500526E-1,8.428050041E0,-8.895000070E-2
3.580349666E2,1.018950105E0,9.571950912E0,7.459500432E-1
3.580374103E2,3.475950241E0,1.072200012E1,5.130000114E-1
3.580398540E2,6.054000378E0,1.079595089E1,-1.240950108E0
3.580422976E2,3.885000229E0,8.265000343E0,-3.400050163E0
3.580447411E2,4.450050354E0,8.179050446E0,-2.397000074E0
3.580471848E2,4.945950031E0,9.678000450E0,-3.649050236E0
3.580496284E2,4.507950306E0,1.197900105E1,-4.542000294E0
3.580520721E2,3.864000082E0,1.157595062E1,-4.510950089E0
3.580545156E2,3.435000181E0,1.055895042E1,-3.811950207E0
3.580569592E2,2.797950029E0,9.465000153E0,-3.316950083E0
3.580594029E2,4.318050385E0,1.008900070E1,-1.645050049E0
3.580618465E2,5.434050083E0,1.075005054E1,-2.967000246E0
3.580642900E2,3.973950148E0,1.021605015E1,-4.708050251E0
3.580667336E2,2.154000044E0,8.662050247E0,-3.496050119E0
3.580691773E2,1.563000083E0,6.934050560E0,-8.820000291E-1
3.580716208E2,3.805950165E0,8.061000824E0,-2.350500077E-1
3.580740645E2,5.226000309E0,9.145950317E0,-1.585050106E0
3.580765081E2,4.206000328E0,8.076000214E0,-3.766950130E0
3.580789518E2,2.880000114E0,7.068000317E0,-4.090050220E0
3.580813955E2,2.029950142E0,5.662050247E0,-3.316950083E0
3.580838390E2,2.803050041E0,6.309000492E0,-2.227050066E0
3.580862827E2,4.684950352E0,6.783000469E0,-2.944950104E0
3.580887263E2,5.611050129E0,5.710050106E0,-3.307050228E0
3.580911697E2,4.519950390E0,5.514000416E0,-2.638950109E0
3.580936134E2,3.655050278E0,4.732950211E0,-2.494950056E0
3.580960570E2,5.017950058E0,5.800950050E0,-2.533950090E0
3.580985007E2,4.623000145E0,6.931050301E0,-3.766950130E0
3.581009442E2,2.650050163E0,7.381050587E0,-4.144950390E0
3.581033879E2,1.242000103E0,5.902050495E0,-3.324000120E0
3.581058316E2,1.378050089E0,4.887000084E0,-8.380500674E-1
3.581082752E2,3.952050209E0,5.878050327E0,-4.150500298E-1
3.581107189E2,5.671050072E0,6.787950516E0,-2.538000107E0
3.581131623E2,4.468950272E0,7.015050411E0,-4.558950424E0
3.581156060E2,1.339950085E0,6.711000443E0,-4.264950275E0
3.581180496E2,1.050000072E0,6.013950348E0,-1.942050099E0
3.581204931E2,3.343950272E0,6.939000130E0,-8.740500212E-1
3.581229368E2,5.133000374E0,7.249950409E0,-2.361000061E0
3.581253804E2,4.407000065E0,7.036950111E0,-4.126049995E0
3.581278241E2,4.120050430E0,6.388050079E0,-4.626000404E0
3.581302676E2,3.973950148E0,5.796000481E0,-4.258049965E0
3.581327113E2,4.194000244E0,6.799950123E0,-2.098050117E0
3.581351549E2,4.495950222E0,8.503950119E0,-1.858050108E0
3.581375984E2,3.543000221E0,8.779950142E0,-3.481950283E0
3.581400421E2,2.527950048E0,7.609050274E0,-2.950050116E0
3.581424857E2,2.520000219E0,7.132050514E0,-2.263050079E0
3.581449294E2,2.791050196E0,7.732950211E0,-1.581000090E0
3.581473730E2,3.576000214E0,9.217950821E0,-2.505000114E0
3.581498165E2,4.303950310E0,9.117000580E0,-3.819000244E0
3.581522602E2,2.761950016E0,8.868000031E0,-3.051000118E0
3.581547038E2,1.713000059E0,8.038050652E0,-1.003950000E0
3.581571475E2,1.963050127E0,8.734050751E0,7.339500189E-1
3.581595910E2,4.237050056E0,1.012800026E1,-5.940000415E-1
3.581620346E2,6.025950432E0,1.093005085E1,-2.785050154E0
3.581644783E2,4.383000374E0,9.220050812E0,-4.198050022E0
3.581669220E2,2.416950226E0,8.337000847E0,-2.971950054E0
3.581693654E2,2.358000040E0,9.583950043E0,-1.923000097E0
3.581718091E2,3.639000177E0,1.021905041E1,-2.425950050E0
3.581742527E2,4.906949997E0,1.048395061E1,-3.393000126E0
3.581766964E2,4.371000290E0,1.023300076E1,-3.526950121E0
3.581791399E2,2.772000074E0,9.310950279E0,-2.740050077E0
3.581815835E2,1.965000153E0,9.595950127E0,-1.542000055E0
3.581840272E2,2.863050222E0,9.955050468E0,-4.219500124E-1
3.581864706E2,4.105050087E0,1.005795002E1,-1.759950042E0
3.581889143E2,4.321050167E0,9.076950073E0,-3.870000124E0
3.581913579E2,4.147950172E0,8.518950462E0,-3.405000210E0
3.581938016E2,4.327950001E0,8.020950317E0,-3.417000055E0
3.581962451E2,3.741000175E0,8.413050652E0,-2.542950153E0
3.581986888E2,3.697950125E0,8.526000023E0,-1.887000084E0
3.582011324E2,3.552000284E0,7.939050198E0,-1.894050121E0
3.582035761E2,3.196050167E0,7.525050163E0,-2.011950016E0
3.582060196E2,2.932050228E0,7.096950531E0,-1.918050051E0
3.582084632E2,3.964050293E0,7.767000198E0,-1.915950060E0
3.582109069E2,4.998000145E0,7.623000145E0,-3.309000254E0
3.582133505E2,3.901950121E0,7.852950573E0,-4.465950012E0
3.582157940E2,2.077050209E0,7.705050468E0,-4.078050137E0
3.582182377E2,8.320500255E-1,6.675000191E0,-1.240950108E0
3.582206813E2,2.398050070E0,6.931050301E0,1.330500096E-1
3.582231250E2,4.299000263E0,7.549050331E0,-1.252950072E0
3.582255685E2,4.443000317E0,6.259050369E0,-3.721050262E0
3.582280121E2,3.004050255E0,5.812950134E0,-4.819950104E0
3.582304558E2,1.749000072E0,5.263050079E0,-2.351999998E0
3.582328995E2,1.219950080E0,6.016950130E0,-6.780000329E-1
3.582353429E2,2.769000053E0,7.084950447E0,-2.040000111E-1
3.582377866E2,3.463950157E0,6.345000267E0,-7.120500207E-1
3.582402302E2,3.130950212E0,6.081000328E0,-1.606950045E0
3.582426739E2,2.772000074E0,5.764950275E0,-2.763000250E0
3.582451174E2,2.641950130E0,6.448050499E0,-2.257950068E0
3.582475611E2,3.172050238E0,8.550000191E0,-2.163000107E0
3.582500047E2,4.159950256E0,9.213000298E0,-3.502950191E0
3.582524482E2,4.371000290E0,9.639000893E0,-3.649050236E0
3.582548918E2,3.769950151E0,8.974050522E0,-3.430950165E0
3.582573355E2,2.737950087E0,9.091050148E0,-2.845050097E0
3.582597792E2,2.317050219E0,1.063305092E1,-2.067000151E0
3.582622226E2,3.700950146E0,1.105005074E1,-2.682000160E0
3.582646663E2,4.516950130E0,1.088700008E1,-3.070050240E0
3.582671100E2,3.736950159E0,9.876000404E0,-3.208950043E0
3.582695536E2,3.439950228E0,9.811950684E0,-1.582950115E0
3.582719971E2,3.993000269E0,1.101600075E1,-4.786950111E0
3.582744408E2,3.694050074E0,1.257495022E1,-2.151000023E0
3.582768844E2,2.809950113E0,1.243800068E1,-2.028000116E0
3.582793281E2,2.370000124E0,1.146600056E1,-1.300950050E0
3.582817715E2,2.743050098E0,1.098300076E1,-1.495050073E0
3.582842152E2,3.628950119E0,1.089405060E1,-2.752050161E0
3.582866588E2,5.050950050E0,1.069305038E1,-3.264000177E0
3.582891025E2,5.038950443E0,1.088205051E1,-3.513000250E0
3.582915460E2,3.973950148E0,1.022805023E1,-3.106050253E0
3.582939897E2,3.181050062E0,9.745050430E0,-2.344050169E0
3.582964333E2,3.226950169E0,9.301950455E0,-1.497000098E0
3.582988770E2,4.081050396E0,9.855000496E0,-1.513950109E0
3.583013205E2,4.474050045E0,9.666000366E0,-2.959950209E0
3.583037641E2,4.101000309E0,8.938050270E0,-3.685050249E0
3.583062078E2,3.435000181E0,8.269950867E0,-3.891000271E0
3.583086515E2,2.511000156E0,8.215050697E0,-2.977050066E0
3.583110949E2,3.555000067E0,8.779950142E0,-1.975950122E0
3.583135386E2,4.596000195E0,8.878050804E0,-2.323050022E0
3.583159822E2,4.495950222E0,8.149950027E0,-3.601050138E0
3.583184257E2,2.668950081E0,7.293000221E0,-4.015950203E0
3.583208694E2,1.330050111E0,6.000000477E0,-1.413000107E0
3.583233130E2,2.829000235E0,6.601050377E0,-9.580500722E-1
3.583257567E2,4.414050102E0,7.434000492E0,-2.923950195E0
3.583282004E2,5.010000229E0,6.357000351E0,-5.163000107E0
3.583306438E2,4.054950237E0,5.566950321E0,-6.076950073E0
3.583330875E2,3.160050154E0,4.827000141E0,-4.842000008E0
3.583355311E2,2.242950201E0,5.413050175E0,-2.091000080E0
3.583379748E2,3.114000082E0,6.049950123E0,-1.461000085E0
3.583404183E2,4.085999966E0,6.237000465E0,-2.883000135E0
3.583428619E2,3.526050091E0,5.731950283E0,-4.147050381E0
3.583453056E2,2.974950075E0,5.083050251E0,-4.525950432E0
3.583477491E2,1.900050044E0,4.551000118E0,-4.144950390E0
3.583501928E2,1.014000058E0,5.770050049E0,-2.506950140E0
3.583526364E2,2.869950056E0,5.956950188E0,-1.200000048E0
3.583550801E2,4.060050011E0,5.169000149E0,-2.704050064E0
3.583575235E2,4.287000179E0,5.683950424E0,-4.223999977E0
3.583599672E2,3.211950064E0,4.755000114E0,-5.395050049E0
3.583624108E2,3.148050070E0,5.623950481E0,-3.894000292E0
3.583648545E2,2.893950224E0,5.950050354E0,-1.891950130E0
3.583672980E2,2.953950167E0,5.503950119E0,-7.159500122E-1
3.583697417E2,2.254950047E0,4.908000469E0,-9.100500345E-1
3.583721853E2,3.538050175E0,4.990050316E0,-1.381950021E0
3.583746290E2,5.463000298E0,5.734050274E0,-4.213950157E0
3.583770725E2,4.692000389E0,6.583950520E0,-7.071000099E0
3.583795162E2,2.428950071E0,6.874050140E0,-6.630000114E0
3.583819598E2,5.809500217E-1,7.312050343E0,-3.319050074E0
3.583844035E2,7.609500289E-1,7.300050259E0,-1.225950003E0
3.583868469E2,1.836000085E0,7.063050270E0,-1.377000093E0
3.583892906E2,4.266000271E0,6.627000332E0,-2.874000072E0
3.583917342E2,5.923050404E0,5.550000191E0,-6.040950298E0
3.583941779E2,4.945950031E0,4.851000309E0,-8.409000397E0
3.583966214E2,2.476950169E0,5.665050507E0,-6.822000504E0
3.583990651E2,1.275000095E0,6.418950081E0,-1.681050062E0
3.584015087E2,2.494050026E0,7.314000130E0,1.119000077E0
3.584039524E2,4.705950260E0,9.796950340E0,1.924050093E0
3.584063958E2,6.033000469E0,1.051305008E1,5.989500284E-1
3.584088395E2,5.106000423E0,1.180905056E1,-5.629500151E-1
3.584112832E2,3.403950214E0,1.252695084E1,-2.182049990E0
3.584137266E2,2.899050236E0,1.392300034E1,-2.373000145E0
3.584161703E2,2.082000017E0,1.333605099E1,-6.385950089E0
3.584186139E2,2.917950153E0,1.260795021E1,-3.001050234E0
3.584210576E2,1.918950081E0,1.188795090E1,-3.738000154E0
3.584235011E2,1.126950026E0,1.250295067E1,6.795000285E-2
3.584259448E2,3.490050077E0,1.336695099E1,-3.600000143E-1
3.584283885E2,4.536000252E0,1.625505066E1,-3.325950146E0
3.584308321E2,4.021950245E0,1.599105072E1,-6.228000164E0
3.584332755E2,2.463000059E0,1.685295105E1,-6.534000397E0
3.584357192E2,1.114950061E0,1.730294991E1,-3.319050074E0
3.584381628E2,3.870000243E-1,1.557705116E1,9.660000205E-1
3.584406065E2,5.070000291E-1,1.362795067E1,3.499500155E-1
3.584430502E2,2.200050116E0,1.291005039E1,-1.762950063E0
3.584454937E2,3.130950212E0,9.808950424E0,-5.254050255E0
3.584479374E2,3.399000168E0,8.370000839E0,-6.937050343E0
3.584503810E2,3.574050188E0,6.711000443E0,-4.461000443E0
3.584528245E2,3.250950098E0,4.144050121E0,-2.493000031E0
3.584552682E2,3.649950266E0,6.025950432E0,-7.860000134E-1
3.584577118E2,4.062000275E0,7.161000252E0,5.279999971E-1
3.584601554E2,3.799050093E0,6.643950462E0,2.139000177E0
3.584625989E2,3.643050194E0,8.916000366E0,1.150050044E0
3.584650426E2,3.610050201E0,9.819000244E0,-1.711950064E0
3.584674862E2,4.189050198E0,9.591000557E0,-4.240950108E0
3.584699299E2,4.231950283E0,1.146900082E1,-5.227050304E0
3.584723734E2,3.919050217E0,1.073595047E1,-6.132000446E0
3.584748170E2,2.740950108E0,1.099200058E1,-2.269950151E0
3.584772607E2,1.704000115E0,1.078395081E1,-9.030000567E-1
3.584797041E2,2.008050203E0,9.697050095E0,-2.296950102E0
3.584821478E2,3.018000126E0,9.784950256E0,-5.830950260E0
3.584845914E2,3.853950262E0,9.168000221E0,-6.331050396E0
3.584870351E2,3.148050070E0,9.376049995E0,-4.633050442E0
3.584894788E2,9.160500169E-1,1.126305008E1,-4.549500346E-1
3.584919223E2,1.299000025E0,1.144200039E1,1.035000086E0
3.584943660E2,2.563050032E0,1.209600067E1,-7.210500240E-1
3.584968096E2,2.781000137E0,1.350405025E1,1.347000122E0
3.584992531E2,2.607000113E0,1.241700077E1,3.619500101E-1
3.585016968E2,1.825950146E0,1.157100010E1,1.540500075E-1
3.585041404E2,2.407950163E0,1.117395020E1,8.560500145E-1
3.585065840E2,2.700000048E0,1.094400024E1,1.465950012E0
3.585090277E2,3.073050261E0,1.118805027E1,4.680000246E-1
3.585114712E2,6.466050148E0,1.111695099E1,-1.996950150E0
3.585139149E2,6.514050484E0,1.082400036E1,-7.284000397E0
3.585163585E2,3.853950262E0,1.085100079E1,-9.040950775E0
3.585188022E2,1.765950084E0,1.077405071E1,-5.839950085E0
3.585212457E2,1.789950132E0,1.117200089E1,-1.735950112E0
3.585236893E2,2.020050049E0,1.172505093E1,-3.690000176E-1
3.585261330E2,1.408950090E0,1.115700054E1,-1.390500069E-1
3.585285764E2,6.670500040E-1,1.027395058E1,4.219500124E-1
3.585310201E2,1.033950090E0,9.340050697E0,-1.420500129E-1
3.585334638E2,2.965950251E0,8.959050179E0,-3.748050213E0
3.585359074E2,3.865950108E0,9.088950157E0,-6.205950260E0
3.585383509E2,2.889000177E0,8.545050621E0,-4.140000343E0
3.585407946E2,2.707050085E0,7.867950439E0,-1.807950139E0
3.585432382E2,2.515950203E0,8.731950760E0,1.210050106E0
3.585456817E2,3.061050177E0,9.666000366E0,2.089050055E0
3.585481254E2,3.199950218E0,9.538950920E0,7.410000563E-1
3.585505690E2,2.901000023E0,9.013950348E0,-2.292000055E0
3.585530126E2,2.449050188E0,9.163050652E0,-5.245950222E0
3.585554563E2,2.032050133E0,7.663950443E0,-5.388000488E0
3.585578998E2,1.819050074E0,8.358000755E0,-2.008949995E0
3.585603435E2,2.511000156E0,9.217950821E0,-1.522950053E0
3.585627871E2,3.703050137E0,8.578950882E0,-2.878050089E0
3.585652306E2,4.122000217E0,8.839950562E0,-4.425000191E0
3.585676743E2,1.941000104E0,9.238950729E0,-5.203050137E0
3.585701180E2,1.194000006E0,9.333000183E0,-4.171050072E0
3.585725616E2,2.560950041E0,9.136950493E0,-2.989050150E0
3.585750053E2,4.572000027E0,9.019050598E0,-3.024000168E0
3.585774487E2,4.186950207E0,7.795950413E0,-4.513950348E0
3.585798924E2,2.464950085E0,7.587000370E0,-3.549000263E0
3.585823361E2,2.206950188E0,7.176000118E0,-1.948950052E0
3.585847797E2,3.318000078E0,6.864000320E0,-2.088000059E0
3.585872232E2,4.432950020E0,7.144050121E0,-3.730950117E0
3.585896668E2,4.347000122E0,7.405050278E0,-4.444050312E0
3.585921105E2,3.799050093E0,7.044000149E0,-4.765050411E0
3.585945542E2,3.001950026E0,7.192050457E0,-3.858000278E0
3.585969977E2,2.656950235E0,7.827000141E0,-2.529000044E0
3.585994414E2,2.427000046E0,7.675950527E0,-2.224950075E0
3.586018850E2,2.230950117E0,7.437000275E0,-2.479050159E0
3.586043284E2,2.278950214E0,6.697050095E0,-2.503050089E0
3.586067721E2,2.911050081E0,5.674050331E0,-3.144000053E0
3.586092158E2,2.701950073E0,6.493050098E0,-8.269500136E-1
3.586116594E2,3.418050051E0,7.273950577E0,4.800000191E-1
3.586141029E2,4.122000217E0,7.408050537E0,-1.566000104E0
3.586165466E2,2.809950113E0,8.337000847E0,-3.336000204E0
3.586189902E2,1.065000057E0,8.820000648E0,-2.665050030E0
3.586214339E2,9.810000658E-1,8.803950310E0,-1.078050017E0
3.586238774E2,2.293050051E0,8.746050835E0,-2.332950115E0
3.586263211E2,4.615050316E0,8.647950172E0,-4.078050137E0
3.586287647E2,4.648950100E0,8.301000595E0,-4.525950432E0
3.586312081E2,2.061000109E0,7.180050373E0,-2.337000132E0
3.586336518E2,5.950500369E-1,7.674000263E0,9.040500522E-1
3.586360955E2,1.158000112E0,7.867950439E0,4.530000091E-1
3.586385391E2,4.309050083E0,7.249950409E0,-1.063950062E0
3.586409828E2,4.773000240E0,7.333950520E0,-4.162050247E0
3.586434263E2,2.937000036E0,7.152000427E0,-5.122050285E0
3.586458700E2,1.014000058E0,6.105000496E0,-2.389950037E0
3.586483136E2,1.192050099E0,5.356050491E0,9.439500570E-1
3.586507573E2,3.555000067E0,6.667950153E0,1.653000116E0
3.586532008E2,3.859050274E0,6.400050163E0,-1.750500053E-1
3.586556444E2,4.921950340E0,6.385050297E0,-1.404000044E0
3.586580881E2,4.426050186E0,6.157950401E0,-3.196950197E0
3.586605318E2,2.674050093E0,7.201950550E0,-3.172950268E0
3.586629752E2,1.891050100E0,8.149950027E0,-1.360050082E0
3.586654189E2,2.554050207E0,7.518000126E0,-1.935000062E0
3.586678625E2,3.004050255E0,7.204050541E0,-3.220950127E0
3.586703062E2,2.005950212E0,6.538950443E0,-4.075950146E0
3.586727497E2,3.445050240E0,6.285000324E0,-2.292000055E0
3.586751934E2,3.994950294E0,6.565050125E0,-1.387050033E0
3.586776370E2,3.550050259E0,6.868950367E0,-1.612050056E0
3.586800805E2,2.761950016E0,6.735000134E0,-3.549000263E0
3.586825242E2,1.065000057E0,6.280050278E0,-3.019950151E0
3.586849678E2,4.759500325E-1,5.749050140E0,-9.990000725E-1
3.586874115E2,2.901000023E0,6.100950241E0,-5.419500470E-1
3.586898549E2,5.566050053E0,4.234950066E0,-4.056000233E0
3.586922986E2,4.927050114E0,4.504050255E0,-5.590950489E0
3.586947422E2,3.967050076E0,3.472050190E0,-4.939950466E0
3.586971859E2,3.427950144E0,2.976000071E0,-3.664050102E0
3.586996294E2,2.788950205E0,4.198950291E0,-2.413950205E0
3.587020730E2,4.285050392E0,4.338000298E0,-2.838000059E0
3.587045167E2,4.909950256E0,4.159049988E0,-2.569950104E0
3.587069604E2,4.455000401E0,4.702050209E0,-3.099000216E0
3.587094038E2,3.769950151E0,5.500050068E0,-2.914050102E0
3.587118475E2,3.508950233E0,7.729050159E0,1.726950049E0
3.587142912E2,2.595000029E0,8.791950226E0,4.792050362E0
3.587167348E2,4.078950405E0,1.037400055E1,2.139000177E0
3.587191783E2,5.815050125E0,1.062105083E1,-3.940950155E0
3.587216220E2,4.342050076E0,1.061895084E1,-6.613050461E0
3.587240656E2,3.054000139E0,1.057995033E1,-6.570000172E0
3.587265093E2,3.181050062E0,1.139700031E1,-6.076950073E0
3.587289528E2,3.499950171E0,1.241700077E1,-6.265950203E0
3.587313965E2,3.649950266E0,1.291500092E1,-4.942050457E0
3.587338401E2,2.998950243E0,1.226100063E1,-3.679950237E0
3.587362838E2,1.696950078E0,1.238595104E1,-8.100000620E-1
3.587387272E2,6.769500375E-1,1.233795071E1,1.110000089E-1
3.587411709E2,2.764950037E0,1.220100021E1,-8.220000267E-1
3.587436145E2,3.910950184E0,1.175805092E1,-5.323050022E0
3.587460580E2,4.789950371E0,1.001805019E1,-6.514950275E0
3.587485017E2,5.038950443E0,8.859000206E0,-5.412000179E0
3.587509453E2,3.982950211E0,7.591950417E0,-3.499050140E0
3.587533890E2,3.856050253E0,7.711950302E0,-1.008000016E0
3.587558324E2,4.204050064E0,7.030050278E0,5.370000005E-1
3.587582761E2,4.813950062E0,5.215050220E0,2.103000164E0
3.587607198E2,5.266950130E0,5.782050133E0,1.987950087E0
3.587631634E2,4.009950161E0,4.462950230E0,1.074000001E0
3.587656069E2,3.526050091E0,4.578000069E0,1.120950103E0
3.587680505E2,4.627050400E0,6.205950260E0,-6.589500308E-1
3.587704942E2,4.468950272E0,6.859950542E0,-2.055000067E0
3.587729379E2,3.130950212E0,8.679000854E0,-3.907950163E0
3.587753813E2,1.093050003E0,9.493050575E0,-1.564050078E0
3.587778250E2,4.780500233E-1,9.936000824E0,7.840500474E-1
3.587802687E2,5.809500217E-1,1.192305088E1,5.830500126E-1
3.587827124E2,1.464000106E0,1.438695049E1,-3.240000010E-1
3.587851558E2,2.905950069E0,1.395900059E1,1.230000034E-1
3.587875995E2,2.869950056E0,1.252005100E1,3.190500140E-1
3.587900431E2,1.467000127E0,1.092000008E1,3.619500101E-1
3.587924868E2,5.119500160E-1,1.054005051E1,-2.088000059E0
3.587949303E2,4.210500121E-1,1.283295059E1,-2.040000200E0
3.587973740E2,5.689499974E-1,1.215300083E1,8.220000267E-1
3.587998176E2,-3.105000220E-2,1.110000038E1,-6.229500175E-1
3.588022613E2,4.905000329E-2,1.215600014E1,-1.012950063E0
3.588047048E2,1.570500135E-1,1.208895016E1,-1.396050096E0
3.588071485E2,1.810500026E-1,1.470795059E1,-2.710500062E-1
3.588095921E2,2.790000141E-1,1.389600086E1,1.339050055E0
3.588120355E2,2.310000062E-1,1.005795002E1,2.328000069E0
3.588144792E2,-2.179500163E-1,1.020705032E1,8.290500641E-1
3.588169228E2,8.400000334E-1,1.098705006E1,2.410050154E0
3.588193665E2,3.469050169E0,9.522000313E0,4.344000340E0
3.588218102E2,1.409895039E1,6.651000500E0,-7.339050293E0
3.588242537E2,1.153995037E1,7.579950333E0,-2.340705109E1
3.588266974E2,5.530050278E0,8.959050179E0,-2.525295067E1
3.588291410E2,1.599000096E0,6.840000153E0,-1.714800072E1
3.588315845E2,2.050950050E0,7.258950233E0,-7.738950253E0
3.588340282E2,2.221050024E0,1.183005047E1,3.979500234E-1
3.588364718E2,2.089050055E0,6.799950123E0,5.950500369E-1
3.588389155E2,5.077050209E0,6.217950344E0,1.155000091E0
3.588413589E2,7.539000511E0,5.631000042E0,-1.545000076E0
3.588438026E2,1.134795094E1,4.839000225E0,-2.677050114E0
3.588462462E2,9.454050064E0,6.436050415E0,-7.903950214E0
3.588486899E2,5.796000481E0,6.022050381E0,-7.827000141E0
3.588511334E2,8.089050293E0,4.414950371E0,-5.838000298E0
3.588535771E2,8.173049927E0,3.214950085E0,-5.550000191E0
3.588560207E2,1.008900070E1,2.236050129E0,-6.634950161E0
3.588584644E2,1.114005089E1,2.716950178E0,-6.964950562E0
3.588609078E2,8.917950630E0,3.706050158E0,-6.228000164E0
3.588633515E2,8.085000038E0,5.356050491E0,-5.553000450E0
3.588657952E2,6.720000267E0,6.453000069E0,-5.859000206E0
3.588682388E2,4.408950329E0,7.362000465E0,-6.991950512E0
3.588706823E2,3.889950275E0,1.042005062E1,-5.842950344E0
3.588731260E2,3.649950266E0,1.198995018E1,8.521950722E0
3.588755696E2,4.153050423E0,1.162695026E1,5.089050293E0
3.588780131E2,3.100050211E0,1.271595097E1,-8.400000632E-2
3.588804568E2,4.969500303E-1,1.575195122E1,-6.370500326E-1
3.588829004E2,1.207950115E0,1.567095089E1,1.144950032E0
3.588853441E2,5.464950085E0,1.584105110E1,-1.492050052E0
3.588877878E2,3.351000071E0,1.355895042E1,-6.616050243E0
3.588902312E2,2.242950201E0,1.117200089E1,-2.349000216E0
3.588926749E2,2.176050186E0,1.144200039E1,6.310500503E-1
3.588951185E2,2.202000141E0,1.266600037E1,-1.459050059E0
3.588975620E2,3.282000065E0,1.381500053E1,-4.000500143E-1
3.589000057E2,2.664000034E0,1.543800068E1,-1.990500093E-1
3.589024493E2,1.816050053E0,1.446600056E1,-2.811000109E0
3.589048930E2,1.680000067E0,1.464600086E1,-1.135050058E0
3.589073365E2,3.073050261E0,1.770300102E1,-6.850500107E-1
3.589097802E2,2.362050056E0,1.651995087E1,4.729500115E-1
3.589122238E2,5.329500437E-1,6.357000351E0,2.805000067E0
3.589146675E2,-8.350500464E-1,3.682050228E0,2.565000057E0
3.589171109E2,3.612000227E0,8.348999977E0,2.967000246E0
3.589195546E2,4.635000229E0,4.228050232E0,-8.221950531E0
3.589219982E2,1.278705025E1,2.088000059E0,-1.218495083E1
3.589244419E2,9.639000893E0,8.880000114E0,-1.655700111E1
3.589268854E2,5.286000252E0,1.114800072E1,-1.074600029E1
3.589293291E2,4.773000240E0,1.053000069E1,-5.197950363E0
3.589317727E2,4.560000420E0,1.207695103E1,-3.003000259E0
3.589342164E2,3.223950148E0,1.373805046E1,-2.989050150E0
3.589366599E2,2.266950130E0,1.268205070E1,-1.174050093E0
3.589391035E2,2.805000171E-2,8.923050880E0,2.282999992E0
3.589415472E2,-4.240500331E-1,5.779950142E0,4.489950180E0
3.589439906E2,3.259950161E0,7.069950104E0,3.832050085E0
3.589464343E2,8.343000412E0,5.224050045E0,-1.918050051E0
3.589488780E2,5.905950069E0,7.096950531E0,-5.143050194E0
3.589513216E2,2.206950188E0,9.840000153E0,-4.449000359E0
3.589537653E2,-1.990500093E-1,1.324305058E1,-2.893050194E0
3.589562088E2,-1.479000092E0,1.354395103E1,-2.401950121E0
3.589586525E2,-8.805000782E-2,1.228005028E1,-6.070050240E0
3.589610961E2,3.483000278E0,1.153095055E1,-8.268000603E0
3.589635396E2,4.090950012E0,9.253950119E0,-1.003995037E1
3.589659833E2,2.334000111E0,5.964000225E0,-7.332000256E0
3.589684269E2,4.114950180E0,2.971050024E0,-2.775000095E0
3.589708706E2,9.454050064E0,3.682050228E0,-4.009050369E0
3.589733140E2,1.246905041E1,5.758050442E0,-6.649050236E0
3.589757577E2,1.068000031E1,6.417000294E0,-8.184000015E0
3.589782013E2,9.615000725E0,8.358000755E0,-5.922000408E0
3.589806450E2,8.596950531E0,9.687000275E0,-4.966050148E0
3.589830885E2,5.692950249E0,1.056105042E1,-7.159050465E0
3.589855322E2,3.445050240E0,8.035050392E0,-8.789999962E0
3.589879758E2,2.130000114E0,4.996950150E0,-2.163000107E0
3.589904195E2,2.563050032E0,3.787950277E0,2.842950106E0
3.589928629E2,6.733950138E0,4.565999985E0,1.902000070E0
3.589953066E2,7.237050533E0,3.736950159E0,-1.459050059E0
3.589977502E2,5.997000217E0,4.000950336E0,-1.284000039E0
3.590001939E2,3.504000187E0,8.152050018E0,1.653000116E0
3.590026374E2,1.156050086E0,1.136595058E1,-7.005000114E-2
3.590050811E2,7.729500532E-1,1.340595055E1,-2.100000143E0
3.590075247E2,1.077000022E0,1.211295033E1,-4.677000046E0
3.590099684E2,1.980000138E-1,9.778050423E0,-5.428050041E0
3.590124118E2,-5.479500294E-1,6.057000160E0,-4.300950050E0
3.590148555E2,-3.970500231E-1,3.157950163E0,-6.229500175E-1
3.590172991E2,2.176050186E0,5.254950047E0,-1.675950050E0
3.590197428E2,6.865950108E0,4.807950020E0,-2.689050198E0
3.590221863E2,9.655050278E0,5.049000263E0,-3.453000069E0
3.590246300E2,9.604950905E0,7.458000183E0,-4.036950111E0
3.590270736E2,8.005949974E0,9.298950195E0,-3.202050209E0
3.590295171E2,6.535950184E0,1.075500011E1,1.800000072E-1
3.590319607E2,3.808050156E0,1.127895069E1,2.242050171E0
3.590344044E2,1.603050113E0,8.638050079E0,2.388000011E0
3.590368480E2,-5.740500093E-1,5.277000427E0,2.520000041E-1
3.590392915E2,-1.828950047E0,6.639000416E0,-1.600050092E0
3.590417352E2,-2.010000050E-1,7.240050316E0,2.200950146E0
3.590441788E2,1.299000025E0,7.717050552E0,1.957050085E0
3.590466225E2,2.508000135E0,8.787000656E0,-1.011000037E0
3.590490660E2,3.307950258E0,1.111200047E1,2.980500162E-1
3.590515097E2,3.817950249E0,1.230405045E1,1.288950086E0
3.590539533E2,2.401050091E0,1.130295086E1,9.610500336E-1
3.590563970E2,1.429050088E0,9.739950180E0,4.180950165E0
3.590588404E2,3.457050085E0,3.631950140E0,2.422049999E0
3.590612841E2,4.773000240E0,1.222950101E0,-1.017900085E1
3.590637277E2,1.093200016E1,-1.450500041E-1,-1.543200111E1
3.590661714E2,9.787050247E0,2.623950243E0,-1.794105148E1
3.590686149E2,6.459000111E0,5.521050453E0,-1.162500095E1
3.590710586E2,2.707050085E0,7.069950104E0,1.288950086E0
3.590735022E2,1.801950097E0,7.768950462E0,7.183950424E0
3.590759459E2,4.048050404E0,9.649050713E0,6.396000385E0
3.590783894E2,4.972050190E0,8.694000244E0,3.784050226E0
3.590808331E2,2.202000141E0,6.546000481E0,4.663050175E0
3.590832767E2,5.500500202E-1,6.001950264E0,5.800050259E0
3.590857204E2,7.729500532E-1,5.551950455E0,-7.429500222E-1
3.590881638E2,2.370000124E0,5.365950108E0,2.718000174E0
3.590906075E2,2.595000029E0,5.863950253E0,-1.200000048E-1
3.590930511E2,1.534050107E0,8.542950630E0,2.239500135E-1
3.590954946E2,1.321050048E0,1.118595028E1,-2.320950031E0
3.590979383E2,7.030500174E-1,1.197105026E1,-1.192950010E0
3.591003819E2,6.889500618E-1,1.271595097E1,4.395000264E-2
3.591028256E2,1.759500057E-1,1.245000076E1,-5.299500227E-1
3.591052693E2,-6.559500098E-1,8.440050125E0,-6.589500308E-1
3.591077128E2,-8.880000710E-1,5.839950085E0,5.610000491E-1
3.591101564E2,2.451000214E0,6.691950321E0,2.833050251E0
3.591126001E2,1.071105003E1,6.340050220E0,-8.578950882E0
3.591150435E2,1.282305050E1,3.511950254E0,-2.193900108E1
3.591174872E2,1.645995140E1,4.233000278E0,-2.846595192E1
3.591199308E2,1.340505028E1,6.931050301E0,-2.675895119E1
3.591223745E2,7.735050201E0,7.288050175E0,-1.842705154E1
3.591248180E2,-2.380050182E0,1.040100002E1,-2.959950209E0
3.591272617E2,-3.649050236E0,7.510950565E0,7.705950260E0
3.591297053E2,-2.130000144E-1,3.349950075E0,8.923950195E0
3.591321490E2,3.508950233E0,5.143050194E0,5.464950085E0
3.591345925E2,4.002000332E0,5.209950447E0,7.311000347E0
3.591370362E2,7.045950413E0,1.305000067E0,4.093050003E0
3.591394798E2,7.891050339E0,2.509500086E-1,-5.433000088E0
3.591419235E2,1.032600021E1,4.170000255E-1,-3.508050203E0
3.591443669E2,1.579695034E1,-7.095000148E-2,-7.660050392E0
3.591468106E2,1.499205112E1,6.052950382E0,-1.671300125E1
3.591492542E2,9.721950531E0,6.583950520E0,-1.477605057E1
3.591516979E2,3.439950228E0,3.972000122E0,-1.320300102E1
3.591541414E2,2.106000185E0,2.701050043E0,-1.153605080E1
3.591565851E2,5.656950474E0,3.667950153E0,1.279500127E-1
3.591590287E2,4.981950283E0,4.474950314E0,6.055950165E0
3.591614722E2,3.909000158E0,4.554000378E0,5.862000465E0
3.591639159E2,4.635000229E0,6.306000233E0,4.396950245E0
3.591663595E2,1.240395069E1,1.593900108E1,-1.830000043E0
3.591688032E2,6.610050201E0,1.129095078E1,-6.379050255E0
3.591712469E2,1.054949999E0,7.008000374E0,5.970000029E-1
3.591736903E2,1.480950117E0,5.284050465E0,6.379500031E-1
3.591761340E2,1.611000061E0,7.075050354E0,-2.364000082E0
3.591785776E2,1.096050024E0,9.772950172E0,-2.308950186E0
3.591810211E2,1.435950041E0,6.711000443E0,3.832050085E0
3.591834648E2,1.749000072E0,6.378000259E0,3.190500140E-1
3.591859084E2,1.777950048E0,1.047705078E1,-7.000500560E-1
3.591883521E2,4.206000328E0,1.493295097E1,-8.740500212E-1
3.591907956E2,4.909950256E0,1.547700119E1,2.203950167E0
3.591932393E2,3.970950127E0,1.280505085E1,1.392000079E0
3.591956829E2,1.836000085E0,9.868950844E0,-6.540000439E-1
3.591981266E2,8.710500598E-1,9.145950317E0,-2.124000072E0
3.592005701E2,6.487950325E0,8.866050720E0,3.358050108E0
3.592030138E2,1.072095013E1,7.267050266E0,-9.501000404E0
3.592054574E2,7.438050270E0,7.779000282E0,-1.542000103E1
3.592079011E2,9.556950569E0,8.362950325E0,-1.489305115E1
3.592103445E2,9.366000175E0,9.091050148E0,-1.063095093E1
3.592127882E2,6.871050358E0,7.638000488E0,-9.709050179E0
3.592152319E2,2.911050081E0,7.573050499E0,-3.847950220E0
3.592176755E2,2.287950039E0,5.635950089E0,5.833050251E0
3.592201190E2,1.378050089E0,4.594950199E0,5.749950409E0
3.592225627E2,2.686050177E0,5.719950199E0,3.940050125E0
3.592250063E2,5.464950085E0,4.486950397E0,3.307050228E0
3.592274500E2,4.182000160E0,4.305000305E0,1.111950040E0
3.592298935E2,3.346050262E0,6.543000221E0,2.275050163E0
3.592323372E2,3.274950266E0,8.715000153E0,1.672050118E0
3.592347808E2,4.594050407E0,1.327905083E1,3.790500164E-1
3.592372245E2,2.713950157E0,1.412895107E1,1.536000013E0
3.592396679E2,2.595000155E-2,8.056950569E0,-2.617050171E0
3.592421116E2,-3.330000043E-1,3.036000252E0,1.794000030E0
3.592445552E2,2.652000189E0,9.988950729E0,4.236000061E0
3.592469987E2,8.524950027E0,1.151595020E1,-8.388000488E0
3.592494424E2,4.153050423E0,9.072000504E0,-1.049505043E1
3.592518860E2,5.743050098E0,1.280700016E1,-1.599195099E1
3.592543297E2,8.713950157E0,1.280700016E1,-1.766595078E1
3.592567732E2,7.663050175E0,1.295805073E1,-1.534500027E1
3.592592169E2,2.559000015E0,1.276605034E1,-1.135905075E1
3.592616605E2,4.729500115E-1,8.575950623E0,-4.987950325E0
3.592641042E2,1.699050069E0,6.550950527E0,-5.299500227E-1
3.592665476E2,6.691050529E0,8.770050049E0,-5.989500284E-1
3.592689913E2,1.009395027E1,5.313000202E0,-7.684050560E0
3.592714349E2,7.776000500E0,4.908000469E0,-7.993050575E0
3.592738786E2,4.219950199E0,1.021905041E1,-2.509950161E0
3.592763221E2,4.703999996E0,1.274505043E1,1.786950111E0
3.592787658E2,4.612950325E0,1.291905022E1,2.788050175E0
3.592812094E2,3.270000219E0,1.322805023E1,1.816050053E0
3.592836531E2,1.419000030E0,1.124595070E1,8.320500255E-1
3.592860965E2,1.098000050E0,4.887000084E0,-1.450950027E0
3.592885402E2,3.945000172E0,2.643000126E0,-1.495050073E0
3.592909839E2,9.865950584E0,4.894050121E0,-9.882000923E0
3.592934275E2,1.375200081E1,3.385050058E0,-1.422705078E1
3.592958710E2,8.359950066E0,8.458950043E0,-1.216095066E1
3.592983147E2,6.463950157E0,1.001505089E1,-7.708050251E0
3.593007583E2,6.660000324E0,1.038900089E1,-5.281950474E0
3.593032020E2,4.218000412E0,1.076700020E1,-4.774950027E0
3.593056455E2,1.279950023E0,7.566000462E0,-2.007000208E0
3.593080892E2,1.795050144E0,5.950050354E0,2.533950090E0
3.593105328E2,5.956050396E0,6.534000397E0,1.015950084E0
3.593129763E2,6.535950184E0,4.939050198E0,-1.789050102E0
3.593154199E2,6.555000305E0,3.649050236E0,-1.786950111E0
3.593178636E2,4.237050056E0,5.320050240E0,1.603050113E0
3.593203072E2,3.664950132E0,8.763000488E0,1.914000034E0
3.593227507E2,2.733000040E0,1.221795082E1,2.527050018E0
3.593251944E2,9.780000448E-1,1.206195068E1,-7.930500507E-1
3.593276381E2,6.910500526E-1,8.583000183E0,7.219500542E-1
3.593300817E2,-8.805000782E-2,4.006050110E0,-3.280500174E-1
3.593325252E2,3.279000044E0,2.467950106E0,-6.400500536E-1
3.593349689E2,6.861000538E0,7.839000225E0,-6.702000141E0
3.593374125E2,9.823050499E0,5.904000282E0,-9.646950722E0
3.593398562E2,6.313050270E0,8.155050278E0,-1.068600082E1
3.593422996E2,7.536000252E0,9.037950516E0,-8.500050545E0
3.593447433E2,7.761000156E0,8.452050209E0,-7.993050575E0
3.593471869E2,3.061050177E0,7.980000496E0,-6.585000515E0
3.593496306E2,-1.240500063E-1,7.080000401E0,5.730000138E-1
3.593520741E2,8.505000174E-2,5.224050045E0,4.600050449E0
3.593545178E2,3.469050169E0,6.226950169E0,3.408000231E0
3.593569614E2,5.856000423E0,4.852950096E0,1.224000096E0
3.593594051E2,6.129000187E0,2.125950098E0,-2.110050201E0
3.593618485E2,4.085999966E0,5.851950169E0,-1.363050103E0
3.593642922E2,3.211950064E0,1.018800068E1,8.839500546E-1
3.593667358E2,2.044049978E0,1.124595070E1,3.859500289E-1
3.593691795E2,1.648950100E0,1.048695087E1,-3.015000105E0
3.593716230E2,1.980000138E-1,8.602950096E0,-3.999000072E0
3.593740667E2,-1.905000024E-2,4.585050106E0,-1.360050082E0
3.593765103E2,4.361999989E0,3.976950169E0,-3.385950089E0
3.593789538E2,1.061100006E1,4.887000084E0,-7.594950199E0
3.593813974E2,8.449049950E0,4.606950283E0,-1.028205013E1
3.593838410E2,4.498050213E0,8.397000313E0,-9.154050827E0
3.593862847E2,6.469050407E0,8.277000427E0,-6.333000183E0
3.593887284E2,6.832050323E0,8.872950554E0,-5.806950092E0
3.593911719E2,2.455950022E0,8.689050674E0,-4.276950359E0
3.593936156E2,8.490000367E-1,8.728950500E0,2.613000154E0
3.593960592E2,1.599000096E0,7.912950516E0,4.858950138E0
3.593985026E2,2.968050241E0,9.493050575E0,3.714000225E0
3.594009463E2,4.801950455E0,7.530000210E0,-1.312950015E0
3.594033899E2,3.346050262E0,6.855000496E0,-4.164000034E0
3.594058336E2,9.349500537E-1,9.535950661E0,-8.820000291E-1
3.594082771E2,8.419500589E-1,1.187295055E1,8.170500398E-1
3.594107208E2,1.716000080E0,1.273005104E1,-1.213950038E0
3.594131644E2,1.740000129E0,1.251495075E1,-2.400000021E-2
3.594156081E2,1.362000108E0,1.044105053E1,8.629500270E-1
3.594180516E2,6.340500116E-1,8.422950745E0,-4.939500093E-1
3.594204952E2,9.690000415E-1,9.964950562E0,-1.231050014E0
3.594229389E2,6.066000462E0,1.151400089E1,4.560000300E-1
3.594253826E2,5.662050247E0,9.615000725E0,-9.676050186E0
3.594278260E2,4.635000229E0,1.007505035E1,-9.838950157E0
3.594302697E2,7.591050148E0,1.057995033E1,-9.520050049E0
3.594327133E2,7.006950378E0,8.860950470E0,-6.681000233E0
3.594351570E2,2.805000067E0,6.642000198E0,-4.461000443E0
3.594376005E2,7.680000067E-1,6.265950203E0,3.529500067E-1
3.594400441E2,3.354000092E0,6.289950371E0,2.556000233E0
3.594424878E2,7.351950169E0,6.337950230E0,-2.071950197E0
3.594449312E2,5.164050102E0,4.045950413E0,-4.345950127E0
3.594473749E2,1.894950032E0,4.828950405E0,2.260500044E-1
3.594498185E2,2.419950008E0,7.120950222E0,2.581950188E0
3.594522622E2,2.659050226E0,1.036005020E1,2.196000099E0
3.594547059E2,1.807050109E0,1.021200085E1,2.788050175E0
3.594571494E2,1.198950052E0,8.536050797E0,3.288000107E0
3.594595930E2,1.930950046E0,7.096950531E0,-7.549500465E-1
3.594620367E2,5.056050301E0,6.273000240E0,-5.740050316E0
3.594644802E2,9.519000053E0,5.559000492E0,-1.186905098E1
3.594669239E2,8.386050224E0,5.052000046E0,-1.516095066E1
3.594693675E2,3.258000135E0,7.273950577E0,-1.032195091E1
3.594718112E2,7.386000156E0,7.819950581E0,-4.171050072E0
3.594742546E2,1.137705040E1,6.936000347E0,-5.050050259E0
3.594766983E2,7.687050343E0,5.635950089E0,-5.359050274E0
3.594791420E2,1.960050106E0,6.486000538E0,-1.720050097E0
3.594815856E2,3.913950205E0,5.796000481E0,2.310000062E-1
3.594840291E2,9.901950836E0,6.498000145E0,-3.408000231E0
3.594864728E2,8.511000633E0,4.860000134E0,-5.802000046E0
3.594889164E2,2.712000132E0,4.246950150E0,-4.339050293E0
3.594913601E2,1.564950109E0,5.767950058E0,-3.952950239E0
3.594938035E2,5.719050407E0,7.468050480E0,-1.918050051E0
3.594962472E2,9.093000412E0,7.348050117E0,-2.923950195E0
3.594986909E2,4.294950008E0,7.245000362E0,-3.882000208E0
3.595011346E2,2.359500080E-1,7.858050346E0,2.179949999E0
3.595035780E2,1.240500063E-1,7.077000141E0,3.754950285E0
3.595060216E2,8.226000786E0,6.565050125E0,-8.170500398E-1
3.595084653E2,1.228395081E1,6.249000072E0,-9.172950745E0
3.595109088E2,6.748950481E0,7.168050289E0,-1.278405094E1
3.595133525E2,3.064050198E0,9.739950180E0,-9.259050369E0
3.595157962E2,7.740000248E0,8.914050102E0,-8.851950645E0
3.595182398E2,6.640950203E0,7.855950356E0,-7.071000099E0
3.595206835E2,6.409500241E-1,6.723000526E0,-9.610500336E-1
3.595231269E2,4.660500288E-1,4.930050373E0,1.483050108E0
3.595255705E2,5.749950409E0,4.968000412E0,1.609500051E-1
3.595280142E2,1.043805027E1,3.381000042E0,-6.223050117E0
3.595304577E2,6.448950291E0,1.111050010E0,-8.196000099E0
3.595329014E2,1.771050096E0,3.880950212E0,-1.156949997E0
3.595353450E2,2.664000034E0,7.519950390E0,2.797050238E0
3.595377887E2,3.100050211E0,9.049950600E0,1.300950050E0
3.595402324E2,2.014950037E0,7.639950275E0,3.552000284E0
3.595426759E2,7.650000453E-1,8.005949974E0,3.997050285E0
3.595451195E2,3.990000188E-1,7.077000141E0,-1.657050133E0
3.595475632E2,9.379500151E-1,8.200050354E0,4.630500078E-1
3.595500066E2,3.327000141E0,1.038900089E1,3.385950089E0
3.595524503E2,9.081000328E0,9.076950073E0,1.840050101E0
3.595548939E2,1.072605038E1,8.373000145E0,-1.062195015E1
3.595573376E2,1.268895054E1,9.859950066E0,-1.540095043E1
3.595597811E2,7.912050247E0,1.134900093E1,-1.727505112E1
3.595622248E2,7.800000310E-1,1.024500084E1,-5.188950062E0
3.595646684E2,-1.950000064E-3,7.618950367E0,1.786950111E0
3.595671119E2,2.568000078E0,9.748950005E0,1.264950037E0
3.595695556E2,7.390050411E0,9.670050621E0,-6.469500065E-1
3.595719992E2,6.928050518E0,5.028000355E0,-6.489000320E0
3.595744429E2,4.587000370E0,6.405000210E0,-7.444050312E0
3.595768863E2,4.666050434E0,1.081995010E1,-3.795000076E0
3.595793300E2,5.176050186E0,1.338195038E1,-1.054050088E0
3.595817737E2,3.667050123E0,1.234995079E1,1.639500111E-1
3.595842173E2,1.713000059E0,9.639000893E0,2.101050138E0
3.595866610E2,-6.870000362E-1,7.498950481E0,4.936050415E0
3.595891045E2,6.430500150E-1,6.346950531E0,1.861050129E0
3.595915481E2,7.240050316E0,6.193950176E0,-4.866000175E0
3.595939918E2,9.469050407E0,4.401000023E0,-9.562950134E0
3.595964353E2,7.231950283E0,6.661050320E0,-1.068405056E1
3.595988789E2,6.346050262E0,9.994050026E0,-8.122050285E0
3.596013226E2,7.773000240E0,1.003395081E1,-7.684050560E0
3.596037663E2,2.869950056E0,9.153000832E0,-4.870050430E0
3.596062099E2,9.709500670E-1,8.233950615E0,-9.919500351E-1
3.596086534E2,3.703050137E0,6.859950542E0,5.800500512E-1
3.596110970E2,9.406050682E0,7.824000359E0,-3.754950285E0
3.596135407E2,8.877000809E0,5.206950188E0,-7.791000366E0
3.596159842E2,4.174950123E0,8.121000290E0,-5.962050438E0
3.596184279E2,1.620000124E0,1.039800072E1,-3.210000098E-1
3.596208715E2,2.937000036E0,1.098705006E1,-4.720500112E-1
3.596233152E2,3.643050194E0,1.134900093E1,-6.160500050E-1
3.596257586E2,2.290950060E0,8.974050522E0,-1.486950040E0
3.596282023E2,1.531950116E0,6.478950500E0,-1.416000009E0
3.596306460E2,4.543950081E0,5.257950306E0,-1.135050058E0
3.596330894E2,1.064700031E1,5.704950333E0,-5.722950459E0
3.596355331E2,1.143000031E1,6.429000378E0,-1.012800026E1
3.596379767E2,5.065050125E0,9.594000816E0,-9.664050102E0
3.596404204E2,3.883050203E0,1.159095097E1,-5.287050247E0
3.596428641E2,5.989950180E0,1.103805065E1,-5.767950058E0
3.596453076E2,3.703050137E0,7.836000443E0,-5.194050312E0
3.596477513E2,8.320500255E-1,5.518950462E0,2.359500080E-1
3.596501949E2,2.113049984E0,4.029000282E0,2.581950188E0
3.596526386E2,8.532000542E0,3.949950218E0,-1.504050016E0
3.596550820E2,1.030395031E1,2.356050014E0,-7.336950302E0
3.596575256E2,4.788000107E0,3.973950148E0,-4.815000057E0
3.596599693E2,2.173050165E0,8.293950081E0,2.040000111E-1
3.596624128E2,2.769000053E0,1.013700008E1,2.009999990E0
3.596648565E2,1.869000077E0,1.166205025E1,3.360000134E0
3.596673002E2,3.889500201E-1,1.108500099E1,3.111000061E0
3.596697438E2,-3.589500189E-1,7.354950428E0,-2.830500007E-1
3.596721875E2,-3.010500073E-1,5.646000385E0,-1.522950053E0
3.596746309E2,3.300000131E-1,1.111200047E1,2.496000051E0
3.596770746E2,2.578050137E0,1.248600101E1,1.804050088E0
3.596795183E2,2.721000195E0,1.133700085E1,-1.617000103E0
3.596819617E2,2.839050055E0,1.532805061E1,-6.109500527E-1
3.596844054E2,6.148050308E0,1.812000084E1,2.517000198E0
3.596868490E2,6.508950233E0,1.342200089E1,-6.967950344E0
3.596892927E2,2.640000105E0,1.052295017E1,-4.951950073E0
3.596917362E2,2.013000011E0,1.201005077E1,-4.027950287E0
3.596941799E2,5.428950310E0,1.314495087E1,-2.232000113E0
3.596966235E2,7.435950279E0,1.129095078E1,-4.657050133E0
3.596990669E2,3.868050098E0,1.116705036E1,-4.602000237E0
3.597015106E2,2.620950222E0,1.194705009E1,6.859500408E-1
3.597039543E2,4.192049980E0,1.418595028E1,7.459500432E-1
3.597063979E2,4.888050079E0,1.682895088E1,-1.500000060E-2
3.597088416E2,3.337050200E0,1.244505024E1,1.144950032E0
3.597112851E2,-1.579500139E-1,6.730050087E0,-7.930500507E-1
3.597137288E2,-2.939999998E-1,3.010050058E0,7.890000343E-1
3.597161724E2,3.154950142E0,5.191050053E0,-4.558950424E0
3.597186159E2,7.045950413E0,4.101000309E0,-8.184000015E0
3.597210595E2,6.535950184E0,2.265000105E0,-8.146050453E0
3.597235032E2,5.700000286E0,7.654050350E0,-7.846950531E0
3.597259469E2,6.970950127E0,8.052000046E0,-8.140950203E0
3.597283906E2,2.652000189E0,6.804000378E0,-6.052950382E0
3.597308340E2,-6.130500436E-1,7.657050133E0,8.320500255E-1
3.597332777E2,-2.823000193E0,9.440999985E0,8.553000450E0
3.597357213E2,1.249050021E0,4.618050098E0,3.670950174E0
3.597381648E2,8.772000313E0,4.546950340E0,-2.662950039E0
3.597406085E2,5.511000156E0,4.669500291E-1,-6.373950481E0
3.597430521E2,3.921000242E0,2.964000225E0,-5.827950478E0
3.597454958E2,8.097000122E0,7.420050144E0,-7.617000580E0
3.597479392E2,6.619050503E0,9.711000443E0,-7.798950195E0
3.597503829E2,7.009500265E-1,8.938050270E0,-4.930050373E0
3.597528266E2,-1.513050079E0,7.510950565E0,1.279500127E-1
3.597552702E2,2.893950224E0,7.626000404E0,1.110000089E-1
3.597577137E2,1.147005081E1,7.336050510E0,-7.168950558E0
3.597601573E2,1.066305065E1,4.326000214E0,-9.235050201E0
3.597626010E2,5.662050247E0,8.635950089E0,-8.778000832E0
3.597650445E2,8.632950783E0,1.086795044E1,-6.997050285E0
3.597674882E2,8.620950699E0,1.016805077E1,-9.823950768E0
3.597699319E2,1.168050051E0,1.164600086E1,-8.260950089E0
3.597723755E2,-9.930000305E-1,9.064949989E0,-1.420050025E0
3.597748192E2,4.402050018E0,7.015050411E0,-7.590000629E-1
3.597772626E2,1.029900074E1,4.846050262E0,-6.766950130E0
3.597797063E2,7.033950329E0,2.221950054E0,-3.240000248E0
3.597821499E2,2.619000196E0,4.386000156E0,2.950950146E0
3.597845934E2,2.491950035E0,1.127700043E1,1.822950125E0
3.597870371E2,3.397050142E0,1.571400070E1,2.638950109E0
3.597894807E2,2.458050013E0,1.266105080E1,-1.035000086E0
3.597919244E2,1.042950034E0,1.395600033E1,-4.297950268E0
3.597943681E2,6.340500116E-1,1.312995052E1,-1.693050027E0
3.597968115E2,3.253050089E0,1.318500042E1,-2.485950232E0
3.597992552E2,3.499950171E0,1.078095055E1,-2.172000170E0
3.598016989E2,3.487950087E0,9.010050774E0,-2.332950115E0
3.598041423E2,6.114000320E0,1.215300083E1,-5.479050159E0
3.598065860E2,1.132200050E1,1.312500095E1,-9.726000786E0
3.598090296E2,7.443000317E0,8.184000015E0,-1.103295040E1
3.598114733E2,1.711050034E0,9.714000702E0,-5.115000248E0
3.598139168E2,1.522050023E0,9.313950539E0,3.000000119E-1
3.598163605E2,5.992050171E0,1.042005062E1,-9.600000083E-2
3.598188041E2,6.871050358E0,6.996000290E0,-5.008950233E0
3.598212478E2,3.841950178E0,2.380050182E0,-3.787950277E0
3.598236913E2,3.030000210E0,3.151050091E0,-7.450500131E-1
3.598261349E2,5.491950035E0,7.594950199E0,-2.469000101E0
3.598285786E2,5.776950359E0,7.876950264E0,-3.937050104E0
3.598310223E2,2.209050179E0,4.173000336E0,-6.490950108E0
3.598334657E2,-1.672950029E0,1.582950115E0,1.453950047E0
3.598359094E2,-3.349050045E0,5.527950287E0,6.259950161E0
3.598383530E2,2.875050068E0,2.382000208E0,-1.473000050E0
3.598407967E2,9.507000923E0,1.177950025E0,-2.802000046E0
3.598432402E2,7.186950207E0,5.184000015E0,-3.790950298E0
3.598456838E2,8.394000053E0,8.749050140E0,-7.060950279E0
3.598481275E2,9.733950615E0,1.053000069E1,-8.196000099E0
3.598505709E2,2.034000158E0,1.365000057E1,-4.758000374E0
3.598530146E2,-1.281000018E0,1.342500019E1,1.449000120E0
3.598554583E2,1.570500135E-1,1.342200089E1,8.320500255E-1
3.598579019E2,4.120050430E0,1.318500042E1,-3.558000088E0
3.598603456E2,4.986000061E0,1.127895069E1,-4.435050011E0
3.598627891E2,4.998000145E0,7.635000229E0,-2.919000149E0
3.598652328E2,8.029950142E0,1.210800076E1,-1.528050065E0
3.598676764E2,8.845950127E0,1.387200069E1,-8.518950462E0
3.598701199E2,3.769950151E0,1.387005043E1,-7.111950397E0
3.598725636E2,2.100000083E-1,1.237800026E1,-3.096000195E0
3.598750072E2,6.670500040E-1,1.267995071E1,-1.498950124E0
3.598774509E2,2.386050224E0,1.782299995E1,-5.269950390E0
3.598798946E2,3.508950233E0,1.025895023E1,-7.978050232E0
3.598823380E2,1.836000085E0,6.445050240E0,-5.968950272E0
3.598847817E2,3.547950268E0,7.279050350E0,-4.951950073E0
3.598872251E2,4.681950092E0,1.146600056E1,-9.175050735E0
3.598896688E2,1.981950045E0,5.500050068E0,-1.222305012E1
3.598921125E2,-2.131050110E0,6.144000053E0,-1.248000026E0
3.598945561E2,8.350500464E-1,1.851000071E0,5.884050369E0
3.598969998E2,5.689950466E0,3.223050117E0,3.262050152E0
3.598994432E2,8.176050186E0,3.376050234E0,1.920000017E-1
3.599018869E2,5.740950108E0,1.939050078E0,1.347000122E0
3.599043306E2,4.450050354E0,2.880000114E0,3.094050169E0
3.599067742E2,5.446050167E0,4.080000401E0,-3.690000176E-1
3.599092177E2,6.988050461E0,1.189005089E1,-6.517950535E0
3.599116613E2,3.586050272E0,1.060695076E1,-7.981050491E0
3.599141050E2,6.240000129E-1,9.759000778E0,-5.086050034E0
3.599165485E2,3.283950090E0,1.067805004E1,-7.780050278E0
3.599189922E2,5.737950325E0,1.022100067E1,-8.578950882E0
3.599214359E2,4.884000301E0,8.217000008E0,-6.622950077E0
3.599238795E2,4.234950066E0,9.406949997E0,-4.087950230E0
3.599263232E2,8.068050385E0,1.065900040E1,-7.099950314E0
3.599287666E2,5.401050091E0,9.529050827E0,-1.061400032E1
3.599312103E2,9.160500169E-1,8.023050308E0,-4.462950230E0
3.599336539E2,5.929500461E-1,6.895050526E0,-1.255050063E0
3.599360974E2,6.322050095E0,9.795000076E0,-6.520050526E0
3.599385411E2,6.733950138E0,4.932000160E0,-1.146405029E1
3.599409847E2,1.966950059E0,3.775950193E0,-5.056950092E0
3.599434284E2,2.377050161E0,4.675950050E0,4.822950363E0
3.599458721E2,4.989000320E0,9.802050591E0,3.808050156E0
3.599483156E2,3.720000267E0,8.634000778E0,2.557950020E0
3.599507592E2,1.816050053E0,6.304050446E0,5.338050365E0
3.599532029E2,-3.280500174E-1,7.504050255E0,2.009999990E0
3.599556463E2,6.960000396E-1,1.034295082E1,3.331050158E0
3.599580900E2,3.864000082E0,8.855999947E0,1.561950088E0
3.599605336E2,4.785000324E0,6.330000401E0,-3.012000084E0
3.599629773E2,7.957950592E0,7.911000252E0,-7.111950397E0
3.599654208E2,7.000050545E0,8.800950050E0,-1.012605095E1
3.599678645E2,2.295000076E0,9.436050415E0,-9.417000771E0
3.599703081E2,-6.870000362E-1,6.936000347E0,-2.026050091E0
3.599727515E2,1.090950012E0,8.761050224E0,1.545000076E0
3.599751952E2,3.550050259E0,1.338405037E1,-2.883000135E0
3.599776388E2,3.579000235E0,8.275050163E0,-6.004950523E0
3.599800825E2,1.582050085E0,3.036000252E0,-3.106050253E0
3.599825260E2,3.057000160E0,6.238950253E0,-6.130500436E-1
3.599849697E2,6.492000103E0,1.334295082E1,-4.339500070E-1
3.599874134E2,4.311000347E0,1.113300037E1,-2.064000130E0
3.599898570E2,1.488000035E0,6.675000191E0,-5.659500360E-1
3.599923007E2,-2.029500157E-1,7.693050385E0,2.683050156E0
3.599947442E2,1.170000061E-1,1.117200089E1,-1.602000117E0
3.599971878E2,3.616950274E0,5.263050079E0,-6.850950241E0
3.599996315E2,4.419000149E0,5.593050480E0,-6.465000153E0
3.600020749E2,4.536000252E0,6.819000244E0,-2.707950115E0
3.600045186E2,3.880050182E0,7.630050182E0,-2.482950211E0
3.600069623E2,6.599999964E-2,6.843000412E0,-1.168950081E0
3.600094059E2,-1.033950090E0,6.535950184E0,2.776050091E0
3.600118496E2,1.438050032E0,8.185950279E0,4.870500267E-1
3.600142931E2,6.265050411E0,7.042050362E0,-7.387050152E0
3.600167367E2,3.118950129E0,4.852950096E0,-6.193950176E0
3.600191804E2,9.330000281E-1,4.305000305E0,1.780500114E-1
3.600216238E2,3.495000124E0,7.920000553E0,1.914000034E0
3.600240675E2,6.627000332E0,8.776950836E0,-2.377950191E0
3.600265111E2,3.745950222E0,7.195050240E0,-4.693050385E0
3.600289548E2,1.261050105E0,6.310950279E0,-5.115000248E0
3.600313983E2,4.060050011E0,7.072950363E0,-7.702950478E0
3.600338420E2,8.839050293E0,7.089000225E0,-1.473705101E1
3.600362856E2,6.535950184E0,5.308050156E0,-1.579305077E1
3.600387291E2,5.278950214E0,5.782050133E0,-8.661000252E0
3.600411728E2,8.764950752E0,6.192000389E0,-8.032950401E0
3.600436164E2,7.195950508E0,6.378000259E0,-9.178050041E0
3.600460601E2,7.369500399E-1,5.679000378E0,-3.132000208E0
3.600485035E2,3.423000097E0,5.353950024E0,8.320500255E-1
3.600509472E2,1.035705090E1,6.589050293E0,-2.614950180E0
3.600533909E2,1.122405052E1,3.148050070E0,-2.838000059E0
3.600558345E2,5.427000046E0,1.702050090E0,-5.698950291E0
3.600582780E2,7.741950512E0,3.144000053E0,-1.083495045E1
3.600607217E2,1.312005043E1,4.210950375E0,-1.380600071E1
3.600631653E2,6.793950558E0,7.630050182E0,-1.123200035E1
3.600656090E2,2.910000086E-1,7.338000298E0,-8.107950211E0
3.600680527E2,2.953950167E0,8.626950264E0,-7.320000172E0
3.600704962E2,1.051005077E1,9.868950844E0,-9.625950813E0
3.600729398E2,7.242000580E0,8.599950790E0,-5.392050266E0
3.600753835E2,6.900000572E-2,8.041950226E0,-5.497950077E0
3.600778269E2,-1.377000093E0,1.122000027E1,3.046050072E0
3.600802706E2,1.771050096E0,1.200000095E1,2.982000113E0
3.600827142E2,3.301050186E0,9.313950539E0,1.744050026E0
3.600851579E2,4.009500146E-1,9.508050919E0,-1.617000103E0
3.600876014E2,-7.560000420E-1,9.790050507E0,1.900050044E0
3.600900451E2,7.290000319E-1,1.208400059E1,-6.829500198E-1
3.600924887E2,3.049950123E0,1.076700020E1,9.780000448E-1
3.600949324E2,1.479000092E0,5.374950409E0,5.520000458E-1
3.600973759E2,1.567050099E0,8.293950081E0,-5.421000481E0
3.600998195E2,4.251000404E0,1.676205063E1,-1.293000102E0
3.601022632E2,3.162000179E0,1.226295090E1,3.219000101E0
3.601047066E2,9.330000281E-1,4.264050007E0,-1.791000128E0
3.601071503E2,6.960000396E-1,9.639000893E0,-3.067950249E0
3.601095939E2,4.090950012E0,1.734705162E1,5.149050236E0
3.601120376E2,2.443950176E0,8.703000069E0,1.678950071E0
3.601144813E2,9.946950912E0,2.061000109E0,1.801050067E0
3.601169248E2,1.315605068E1,6.594000340E0,-1.315905094E1
3.601193684E2,1.157295036E1,7.168050289E0,-2.235405159E1
3.601218121E2,3.507000208E0,4.798050404E0,-2.302200127E1
3.601242556E2,4.002000332E0,1.515000105E0,-1.280805016E1
3.601266992E2,7.812000275E0,6.670050144E0,-7.729050159E0
3.601291429E2,7.297050476E0,7.542000294E0,-3.834000111E0
3.601315866E2,2.773950100E0,3.667950153E0,5.376000404E0
3.601340302E2,4.993950367E0,5.440050125E0,6.961050510E0
3.601364737E2,9.267000198E0,1.039605045E1,6.430500150E-1
3.601389173E2,5.760000229E0,1.088400078E1,-3.400500119E-1
3.601413610E2,2.073000193E0,9.658050537E0,-4.579500258E-1
3.601438045E2,1.380000114E-1,6.931050301E0,-5.461950302E0
3.601462482E2,6.109050274E0,8.524050713E0,-1.293195057E1
3.601486918E2,8.655000687E0,7.516050339E0,-1.620300102E1
3.601511355E2,4.024050236E0,6.691950321E0,-1.090395069E1
3.601535789E2,4.812000275E0,8.020950317E0,3.859500289E-1
3.601560226E2,6.129000187E0,9.466950417E0,2.647050142E0
3.601584662E2,3.361050129E0,1.044600010E1,2.557950020E0
3.601609099E2,7.579500079E-1,9.184050560E0,2.704050064E0
3.601633534E2,1.879500151E-1,9.583950043E0,-3.139500022E-1
3.601657970E2,2.257050037E0,1.252395058E1,-3.739500046E-1
3.601682407E2,3.981000185E0,9.582000732E0,-1.435050011E0
3.601706842E2,8.520000577E-1,5.077950478E0,-2.203050137E0
3.601731279E2,3.163950205E0,7.717050552E0,-3.831000090E0
3.601755716E2,5.985000134E0,1.420305061E1,-6.846000195E0
3.601780152E2,3.634050131E0,9.922050476E0,-8.244000435E0
3.601804589E2,-3.105000220E-2,7.077000141E0,-9.889500737E-1
3.601829023E2,1.795050144E0,8.410950661E0,-4.669500291E-1
3.601853459E2,5.178000450E0,1.508205032E1,-3.673050165E0
3.601877896E2,6.457050323E0,8.908950806E0,-6.513000488E0
3.601902331E2,6.940050125E0,6.072000504E0,-7.024950504E0
3.601926768E2,9.829950333E0,6.820950508E0,-9.313950539E0
3.601951205E2,5.832000256E0,7.590000153E0,-1.308495045E1
3.601975641E2,6.499500275E-1,6.057000160E0,-6.205950260E0
3.602000078E2,-1.290000081E-1,4.935000420E0,1.131000042E0
3.602024513E2,4.504950047E0,7.437000275E0,-1.609500051E-1
3.602048949E2,6.106950283E0,5.947050095E0,-3.396000147E0
3.602073386E2,2.398050070E0,4.048950195E0,9.300000668E-1
3.602097820E2,4.129050255E0,4.522950172E0,2.469000101E0
3.602122257E2,5.824050426E0,9.996000290E0,-1.710000038E0
3.602146694E2,1.900050044E0,9.718050003E0,-3.975000143E0
3.602171130E2,-9.529500604E-1,7.461000443E0,-2.923950195E0
3.602195567E2,1.909500062E-1,7.405050278E0,-4.050000310E-1
3.602220002E2,8.410050392E0,8.381999969E0,-7.918050289E0
3.602244438E2,7.432950497E0,7.551000595E0,-9.439050674E0
3.602268873E2,3.769950151E0,7.657050133E0,-2.821050167E0
3.602293310E2,6.724950314E0,7.546950340E0,-1.654950023E0
3.602317746E2,6.732000351E0,8.191050529E0,-5.356050491E0
3.602342183E2,1.227000117E0,8.365950584E0,-2.416050196E0
3.602366620E2,-5.389500260E-1,5.578950405E0,3.655050278E0
3.602391054E2,4.327950001E0,6.583950520E0,-9.150000215E-1
3.602415491E2,1.026105022E1,8.242950439E0,-8.035950661E0
3.602439927E2,4.321050167E0,4.366950035E0,-5.802000046E0
3.602464362E2,9.709500670E-1,4.855950356E0,-1.830000043E0
3.602488799E2,4.612950325E0,8.026050568E0,-1.246050000E0
3.602513235E2,5.839050293E0,1.153800011E1,-3.082050085E0
3.602537672E2,1.986000061E0,8.425050735E0,-2.143050194E0
3.602562107E2,7.579500079E-1,6.582000256E0,2.782950163E0
3.602586543E2,3.763050079E0,1.114995098E1,-2.686950207E0
3.602610980E2,5.464950085E0,9.037950516E0,-6.760050297E0
3.602635417E2,5.098950386E0,7.621050358E0,-7.188000202E0
3.602659853E2,7.492950439E0,6.739950180E0,-6.853050232E0
3.602684288E2,7.110000134E0,6.406950474E0,-7.495050430E0
3.602708724E2,3.679500222E-1,7.153950214E0,-5.245950222E0
3.602733161E2,-1.446000099E0,4.128000259E0,2.038050175E0
3.602757596E2,3.550050259E0,4.936950207E0,1.675050020E0
3.602782033E2,9.493050575E0,5.667000294E0,-3.963000298E0
3.602806469E2,5.086950302E0,4.123050213E0,-3.795000076E0
3.602830906E2,9.949500561E-1,4.029000282E0,1.402050018E0
3.602855340E2,4.764000416E0,7.480050564E0,1.033050060E0
3.602879777E2,4.780950069E0,1.042500019E1,-1.710000038E0
3.602904213E2,1.120050073E0,1.049400043E1,-4.095000029E-2
3.602928648E2,-1.093950033E0,7.774050236E0,2.722950220E0
3.602953085E2,5.359500051E-1,9.469050407E0,-7.500000298E-2
3.602977522E2,7.089000225E0,1.043205070E1,-7.684050560E0
3.603001958E2,6.117000103E0,8.464050293E0,-7.411050320E0
3.603026395E2,6.789000511E0,8.657999992E0,-6.087000370E0
3.603050830E2,6.880050182E0,1.055595016E1,-5.301000118E0
3.603075266E2,4.042950153E0,1.051995087E1,-5.778000355E0
3.603099703E2,7.510500550E-1,1.046505070E1,5.400000140E-2
3.603124138E2,7.960500121E-1,9.120000839E0,3.825000286E0
3.603148574E2,3.349050045E0,1.024005032E1,-2.608050108E0
3.603173011E2,5.499000072E0,9.982050896E0,-6.553950310E0
3.603197447E2,2.812050104E0,6.487950325E0,-2.731950045E0
3.603221882E2,4.323000431E0,8.071050644E0,-2.614950180E0
3.603246319E2,8.125050545E0,1.404000092E1,-2.233950138E0
3.603270756E2,5.235000134E0,1.303905106E1,-3.762000084E0
3.603295192E2,2.212050200E0,1.078095055E1,-1.437000036E0
3.603319627E2,2.254950047E0,1.139895058E1,-9.490500689E-1
3.603344064E2,4.479000092E0,1.405200100E1,-6.580050468E0
3.603368500E2,3.270000219E0,1.102800083E1,-7.947000504E0
3.603392937E2,3.720000267E0,8.188050270E0,-6.604050159E0
3.603417371E2,7.747050285E0,8.023050308E0,-7.540050507E0
3.603441808E2,5.461050034E0,7.360050201E0,-9.405000687E0
3.603466245E2,5.279999971E-1,6.673050404E0,-2.613000154E0
3.603490679E2,2.796000242E0,6.091050148E0,2.982000113E0
3.603515116E2,8.500950813E0,7.803000450E0,-1.006049991E0
3.603539552E2,6.976050377E0,4.792950153E0,-6.693000317E0
3.603563989E2,1.704000115E0,5.767950058E0,-5.800500512E-1
3.603588424E2,2.977950096E0,5.695950508E0,1.005000062E-2
3.603612861E2,6.198000431E0,8.289000511E0,-2.351999998E0
3.603637298E2,3.250950098E0,9.394950867E0,-4.404000282E0
3.603661734E2,-2.779500186E-1,7.630050182E0,-1.441950083E0
3.603686171E2,9.190500379E-1,6.967050552E0,-1.390500069E-1
3.603710605E2,8.089050293E0,7.165950298E0,-7.741050243E0
3.603735041E2,5.341050148E0,6.687000275E0,-1.036800003E1
3.603759478E2,2.281050205E0,7.281000137E0,-4.648050308E0
3.603783913E2,7.552950382E0,6.073950291E0,-3.742950201E0
3.603808350E2,6.378000259E0,5.179050446E0,-6.039000511E0
3.603832786E2,-1.399950027E0,6.541050434E0,-1.897050142E0
3.603857223E2,1.455000043E0,4.075050354E0,1.801050067E0
3.603881657E2,1.015800095E1,4.674000263E0,-5.140950203E0
3.603906094E2,9.382050514E0,3.282000065E0,-1.135695076E1
3.603930531E2,4.420500100E-1,3.712950230E0,-5.026050091E0
3.603954967E2,1.729950070E0,3.687000275E0,1.155000091E0
3.603979402E2,8.584950447E0,5.410950184E0,-2.646000147E0
3.604003839E2,5.688000202E0,7.257000446E0,-5.257950306E0
3.604028275E2,-6.649500132E-1,6.220050335E0,1.995000057E-2
3.604052712E2,1.450500041E-1,5.788950443E0,1.885050058E0
3.604077147E2,8.908050537E0,7.171050549E0,-6.573000431E0
3.604101583E2,7.504950523E0,6.967050552E0,-1.032705021E1
3.604126020E2,1.728000045E0,8.209950447E0,-7.063950539E0
3.604150454E2,7.002000332E0,6.061950207E0,-6.151050091E0
3.604174891E2,7.419000149E0,7.342950344E0,-6.574950218E0
3.604199327E2,-1.111050010E0,8.065950394E0,-7.830000520E-1
3.604223764E2,-1.966050148E0,7.245000362E0,6.433950424E0
3.604248201E2,4.117050171E0,7.582950592E0,-2.539499998E-1
3.604272636E2,8.518050194E0,7.321950436E0,-8.052000046E0
3.604297073E2,2.817000151E0,6.366000175E0,-3.700050116E0
3.604321509E2,1.038000107E0,5.374950409E0,2.550000250E-1
3.604345943E2,4.078950405E0,9.436050415E0,-2.373000145E0
3.604370380E2,4.318050385E0,1.400595093E1,-1.192950010E0
3.604394816E2,2.628000021E0,1.042695045E1,-8.359500170E-1
3.604419253E2,3.769500256E-1,9.469050407E0,6.640500426E-1
3.604443688E2,2.257050037E0,1.319205093E1,1.011000037E0
3.604468125E2,5.664000034E0,1.485900116E1,-3.501000166E0
3.604492561E2,4.812000275E0,1.229205036E1,-5.128950119E0
3.604516998E2,7.917000294E0,1.194495010E1,-1.012605095E1
3.604541432E2,5.194950104E0,1.293900108E1,-8.887950897E0
3.604565869E2,4.489500225E-1,1.126995087E1,-2.725050211E0
3.604590305E2,-2.419500053E-1,9.148050308E0,3.658950090E0
3.604614742E2,4.345050335E0,1.185600090E1,1.519500017E-1
3.604639177E2,7.081050396E0,9.273000717E0,-7.389000416E0
3.604663614E2,3.222000122E0,5.361000061E0,-5.368050098E0
3.604688050E2,3.639000177E0,6.196050167E0,-1.758000135E0
3.604712487E2,8.194950104E0,1.083600044E1,-2.215050220E0
3.604736922E2,6.114000320E0,1.152405071E1,-2.512050152E0
3.604761358E2,3.102000237E0,8.281949997E0,2.880000174E-1
3.604785795E2,2.764950037E0,1.004895020E1,2.248950005E0
3.604810229E2,3.411000252E0,1.031895065E1,-2.617050171E0
3.604834666E2,3.604950190E0,8.646000862E0,-6.256950378E0
3.604859103E2,3.744000196E0,9.265950203E0,-6.700050354E0
3.604883539E2,7.876050472E0,7.180050373E0,-8.569950104E0
3.604907976E2,6.523950100E0,5.401050091E0,-8.782950401E0
3.604932411E2,6.720000505E-1,7.627950191E0,-1.684050083E0
3.604956847E2,2.386050224E0,5.964000225E0,3.877050161E0
3.604981284E2,7.821000576E0,8.016000748E0,3.889500201E-1
3.605005718E2,6.363000393E0,5.578950405E0,-6.681000233E0
3.605030155E2,8.800500631E-1,4.900950432E0,-5.056950092E0
3.605054591E2,2.367000103E0,4.302000046E0,-9.799500704E-1
3.605079028E2,6.868050098E0,6.133950233E0,-3.670950174E0
3.605103463E2,2.191950083E0,6.369000435E0,-5.436000347E0
3.605127900E2,-1.678050041E0,5.953950405E0,-4.890000224E-1
3.605152336E2,2.452950001E0,6.376050472E0,2.959950209E0
3.605176773E2,8.829000473E0,6.555000305E0,-5.220000267E0
3.605201208E2,6.172050476E0,5.914050102E0,-7.441950321E0
3.605225644E2,2.518050194E0,8.133000374E0,-3.241950035E0
3.605250081E2,8.350049973E0,6.393000126E0,-5.289000034E0
3.605274518E2,6.889950275E0,3.582000256E0,-8.863950729E0
3.605298952E2,-1.840500087E-1,3.486000061E0,-5.131050110E0
3.605323389E2,2.953950167E0,3.658050060E0,-1.729500145E-1
3.605347826E2,1.036395073E1,3.364050150E0,-3.031950235E0
3.605372260E2,7.347000122E0,3.297000170E0,-5.998050213E0
3.605396697E2,1.125000000E0,5.260050297E0,1.222050071E0
3.605421133E2,1.077000022E0,7.326000214E0,4.564050198E0
3.605445570E2,7.026000500E0,1.050795078E1,-2.095050097E0
3.605470007E2,3.472950220E0,1.124100018E1,-3.706950188E0
3.605494441E2,-3.349500299E-1,1.120005035E1,1.426050067E0
3.605518878E2,8.440500498E-1,9.366000175E0,-5.970000029E-1
3.605543314E2,4.029000282E0,1.143000031E1,-6.525000095E0
3.605567751E2,5.662050247E0,1.116705036E1,-7.617000580E0
3.605592186E2,7.761000156E0,1.045095062E1,-8.718000412E0
3.605616622E2,7.921950340E0,1.034805012E1,-9.565950394E0
3.605641059E2,2.359950066E0,1.150200081E1,-7.339050293E0
3.605665494E2,-3.570000231E-1,1.087200069E1,9.390000701E-1
3.605689931E2,3.420000076E-1,1.101600075E1,4.252950191E0
3.605714367E2,3.457050085E0,1.230405045E1,-1.320000052E0
3.605738804E2,2.668950081E0,8.065950394E0,-5.625000477E0
3.605763238E2,2.149500102E-1,5.389050484E0,-1.417950034E0
3.605787675E2,3.624000072E0,5.593050480E0,-3.304950237E0
3.605812111E2,8.374050140E0,8.899050713E0,-4.617000103E0
3.605836548E2,3.339000225E0,6.517050266E0,-2.854050159E0
3.605860983E2,1.539000034E0,6.747000217E0,-1.369500011E-1
3.605885420E2,1.785000086E0,8.701050758E0,-8.820000291E-1
3.605909856E2,5.200050354E0,4.843950272E0,-6.585000515E0
3.605934293E2,2.779050112E0,7.360050201E0,-7.044000149E0
3.605958728E2,3.061050177E0,7.300050259E0,-5.665050507E0
3.605983165E2,7.050000191E0,4.899000168E0,-8.220000267E0
3.606007601E2,2.551050186E0,4.338000298E0,-6.633000374E0
3.606032035E2,-2.250000089E-1,3.463950157E0,1.902000070E0
3.606056472E2,6.586050510E0,3.655950069E0,3.607050180E0
3.606080908E2,1.000005054E1,3.736950159E0,-3.891000271E0
3.606105345E2,4.210950375E0,3.976950169E0,-4.516050339E0
3.606129782E2,9.430500269E-1,4.156050205E0,-1.119000077E0
3.606154217E2,7.393050194E0,4.747950077E0,-2.866050243E0
3.606178654E2,9.090000153E0,5.458950043E0,-6.538950443E0
3.606203090E2,6.840000153E-1,6.934050560E0,-5.542950153E0
3.606227525E2,1.033950090E0,7.354950428E0,-3.501000166E0
3.606251961E2,9.697950363E0,6.189000130E0,-4.408050060E0
3.606276398E2,1.125495052E1,6.247050285E0,-7.365000248E0
3.606300835E2,5.635050297E0,8.322000504E0,-4.462950230E0
3.606325269E2,7.857000351E0,9.706050873E0,-8.364000320E0
3.606349706E2,1.037595081E1,9.508050919E0,-1.091400051E1
3.606374142E2,1.171950102E0,9.619950294E0,-1.047105026E1
3.606398579E2,-1.717050076E0,8.554950714E0,-1.576050043E0
3.606423014E2,2.839050055E0,1.011795044E1,6.565950394E0
3.606447451E2,4.929000378E0,1.012800026E1,-3.000000026E-3
3.606471887E2,3.226950169E0,8.398950577E0,1.842000127E0
3.606496324E2,2.431950092E0,6.867000103E0,3.298050165E0
3.606520759E2,4.516950130E0,9.856950760E0,-1.180950046E0
3.606545196E2,8.403000832E0,1.192095089E1,-3.634950161E0
3.606569632E2,3.550050259E0,1.054905033E1,-4.807950020E0
3.606594069E2,2.247000217E0,1.263705063E1,-4.909500182E-1
3.606618503E2,4.587000370E0,1.454805088E1,-3.946050167E0
3.606642939E2,4.703999996E0,1.489500046E1,-7.549950123E0
3.606667376E2,2.379000187E0,1.370700073E1,-6.220950127E0
3.606691811E2,3.483000278E0,1.363995075E1,-6.910050392E0
3.606716248E2,3.130950212E0,1.220100021E1,-4.815000057E0
3.606740685E2,-4.800000042E-2,9.121950150E0,-1.042050004E0
3.606765121E2,6.000000052E-3,6.558000088E0,4.009050369E0
3.606789558E2,3.439950228E0,1.037700081E1,-8.740500212E-1
3.606813993E2,5.251950264E0,6.529050350E0,-6.489000320E0
3.606838429E2,1.984050035E0,2.682000160E0,-5.895000458E0
3.606862866E2,3.799050093E0,5.205000401E0,-2.244000196E0
3.606887300E2,7.819050312E0,8.599950790E0,-9.679500461E-1
3.606911737E2,5.379000187E0,8.107049942E0,-8.740500212E-1
3.606936173E2,2.449050188E0,7.222950459E0,1.606950045E0
3.606960610E2,2.665950060E0,1.204305077E1,2.497950077E0
3.606985045E2,2.641950130E0,9.460050583E0,-1.549950123E0
3.607009482E2,3.571050167E0,8.887950897E0,-6.289950371E0
3.607033918E2,3.706050158E0,1.004895020E1,-1.009005070E1
3.607058355E2,6.772950172E0,7.501050472E0,-1.117200089E1
3.607082789E2,2.370000124E0,7.168050289E0,-9.508050919E0
3.607107226E2,-2.653050184E0,7.252050400E0,-9.820500612E-1
3.607131662E2,1.030950069E0,5.839950085E0,4.858950138E0
3.607156099E2,6.130950451E0,7.020000458E0,-1.092000008E0
3.607180534E2,5.010000229E0,5.121000290E0,-5.713050365E0
3.607204971E2,1.879500151E-1,4.543950081E0,-2.421000004E0
3.607229407E2,4.896000385E0,5.332050323E0,-1.720050097E0
3.607253842E2,7.267950535E0,6.646050453E0,-4.786950111E0
3.607278278E2,7.750500441E-1,7.180050373E0,-4.435050011E0
3.607302715E2,-2.560500205E-1,6.286950111E0,9.160500169E-1
3.607327152E2,7.528950214E0,6.445050240E0,1.710000038E-1
3.607351588E2,1.130505085E1,6.898050308E0,-7.474950314E0
3.607376023E2,5.121000290E0,8.755949974E0,-9.192000389E0
3.607400460E2,6.342000484E0,9.409049988E0,-6.865050316E0
3.607424896E2,7.596000195E0,7.858050346E0,-7.789050579E0
3.607449331E2,1.690500081E-1,7.956000328E0,-8.188950539E0
3.607473768E2,-6.439500451E-1,6.984000206E0,6.310500503E-1
3.607498204E2,6.271950245E0,7.045950413E0,3.310500085E-1
3.607522641E2,9.160050392E0,5.695950508E0,-6.100950241E0
3.607547075E2,2.776950121E0,6.091050148E0,-5.530950069E0
3.607571512E2,3.580500185E-1,5.662050247E0,1.320000052E0
3.607595948E2,6.030000210E0,7.300050259E0,-5.080500245E-1
3.607620385E2,7.632000446E0,9.310950279E0,-5.292000294E0
3.607644820E2,1.225050092E0,9.390000343E0,-2.572050095E0
3.607669257E2,1.347000122E0,1.026195049E1,1.210500076E-1
3.607693693E2,6.757950306E0,1.056795025E1,-5.445000172E0
3.607718130E2,6.114000320E0,1.026195049E1,-8.047950745E0
3.607742565E2,4.552950382E0,1.104000092E1,-5.232000351E0
3.607767002E2,6.913950443E0,1.037400055E1,-5.914050102E0
3.607791438E2,4.536000252E0,9.220050812E0,-4.593000412E0
3.607815875E2,9.000000358E-2,9.502950668E0,-7.810500264E-1
3.607840309E2,1.366050124E0,7.566000462E0,3.670950174E0
3.607864745E2,5.566050053E0,9.313950539E0,-1.759950042E0
3.607889182E2,6.295950413E0,6.924000263E0,-6.472050190E0
3.607913619E2,2.343000174E0,5.161950111E0,-3.795000076E0
3.607938054E2,4.285050392E0,5.803950310E0,-1.533000112E0
3.607962491E2,7.026000500E0,8.578950882E0,-1.612050056E0
3.607986927E2,4.237050056E0,9.637050629E0,-2.488050222E0
3.608011364E2,1.419000030E0,7.117950439E0,6.019500494E-1
3.608035799E2,3.082950115E0,9.631950378E0,1.432950020E0
3.608060235E2,4.000050068E0,1.026705074E1,-1.291050076E0
3.608084672E2,3.361050129E0,8.140049934E0,-4.417950153E0
3.608109106E2,6.303000450E0,9.473999977E0,-5.443050385E0
3.608133543E2,7.189050198E0,7.981950283E0,-7.155000210E0
3.608157979E2,1.978950143E0,8.476050377E0,-4.807950020E0
3.608182416E2,-9.979500771E-1,8.101950645E0,1.732050061E0
3.608206851E2,2.212050200E0,6.892950535E0,2.887950182E0
3.608231288E2,7.771050453E0,7.432050228E0,-4.699950218E0
3.608255725E2,2.698050022E0,4.896000385E0,-6.721050262E0
3.608280161E2,2.770500183E-1,4.654050350E0,-1.309950113E0
3.608304596E2,5.185050011E0,5.707950115E0,-7.669500113E-1
3.608329033E2,7.635000229E0,7.561050415E0,-3.156000137E0
3.608353469E2,1.957950115E0,7.207050323E0,-4.219500124E-1
3.608377906E2,9.829500318E-1,8.812950134E0,2.596050024E0
3.608402340E2,5.496000290E0,9.024000168E0,-6.490500569E-1
3.608426777E2,6.150000095E0,6.994050503E0,-7.315050125E0
3.608451213E2,4.333050251E0,9.433050156E0,-9.391050339E0
3.608475648E2,7.765950203E0,7.912950516E0,-9.594000816E0
3.608500085E2,5.461050034E0,7.650000572E0,-8.737050056E0
3.608524522E2,-5.620500445E-1,8.394000053E0,-1.597050071E0
3.608548958E2,-2.010000050E-1,7.159050465E0,6.175950527E0
3.608573395E2,6.793950558E0,8.109000206E0,1.369950056E0
3.608597829E2,8.367000580E0,6.226950169E0,-5.917050362E0
3.608622266E2,2.761950016E0,6.478950500E0,-3.712050200E0
3.608646702E2,2.455950022E0,6.450000286E0,-3.360000253E-1
3.608671139E2,6.034950256E0,7.774050236E0,-2.488050222E0
3.608695574E2,2.736000061E0,9.400050163E0,-3.333000183E0
3.608720010E2,4.639500082E-1,8.278950691E0,-7.905000448E-2
3.608744447E2,3.172050238E0,9.193950653E0,-1.669050097E0
3.608768882E2,7.048050404E0,8.722050667E0,-6.967950344E0
3.608793319E2,3.616950274E0,9.378000259E0,-7.513950348E0
3.608817755E2,4.896000385E0,1.024005032E1,-4.684050083E0
3.608842192E2,7.390050411E0,8.229000092E0,-6.976950169E0
3.608866629E2,2.074949980E0,9.168000221E0,-3.465000153E0
3.608891063E2,-1.183050036E0,8.137949944E0,3.540000200E0
3.608915500E2,-2.730000019E-1,8.131050110E0,4.729950428E0
3.608939936E2,5.929950237E0,8.944950104E0,-5.083950043E0
3.608964371E2,3.385050058E0,6.850050449E0,-6.271050453E0
3.608988808E2,7.095000148E-2,6.397050381E0,5.590500236E-1
3.609013244E2,1.957950115E0,7.501050472E0,1.828050137E0
3.609037681E2,4.486050129E0,1.149495029E1,-2.103000164E0
3.609062116E2,2.559000015E0,9.883950233E0,-6.250500083E-1
3.609086553E2,-1.840500087E-1,1.026705074E1,-5.539500117E-1
3.609110989E2,2.250000000E0,1.132200050E1,2.042999983E0
3.609135423E2,5.302950382E0,1.013295078E1,-7.546950340E0
3.609159860E2,6.114000320E0,9.385950089E0,-8.002050400E0
3.609184297E2,9.909000397E0,9.594000816E0,-1.173705101E1
3.609208733E2,6.421050072E0,8.931000710E0,-1.150995064E1
3.609233170E2,1.002000093E0,7.651950359E0,-6.364050388E0
3.609257605E2,4.950000346E-1,6.847950459E0,-3.619500101E-1
3.609282042E2,8.449049950E0,5.707950115E0,-4.501950264E0
3.609306478E2,7.929000378E0,4.891050339E0,-1.045905018E1
3.609330913E2,1.267950058E0,5.593050480E0,-4.042050362E0
3.609355350E2,3.502050161E0,4.756950378E0,3.250050068E0
3.609379786E2,7.927050591E0,6.028950214E0,-1.102050066E0
3.609404223E2,4.800000191E0,7.321950436E0,-2.218050003E0
3.609428657E2,-6.010500193E-1,7.720950603E0,2.380950212E0
3.609453094E2,4.438050270E0,8.655000687E0,3.352950096E0
3.609477531E2,1.147500038E1,6.031050205E0,-6.345000267E0
3.609501967E2,5.173050404E0,8.743950844E0,-9.192000389E0
3.609526402E2,5.463000298E0,8.971050262E0,-7.972950459E0
3.609550839E2,9.271950722E0,7.453050137E0,-9.328950882E0
3.609575275E2,1.930950046E0,7.966050148E0,-4.665000439E0
3.609599712E2,-1.750050068E0,6.948000431E0,4.396950245E0
3.609624147E2,1.036050081E0,7.993950367E0,4.687050343E0
3.609648583E2,9.769950867E0,9.325950623E0,-9.940500259E-1
3.609673020E2,4.953000069E0,4.519950390E0,-4.930050373E0
3.609697456E2,3.367950201E0,5.440050125E0,-5.419500470E-1
3.609721891E2,5.860050201E0,6.922050476E0,-1.771950126E0
3.609746327E2,6.787050247E0,9.520050049E0,-6.274050236E0
3.609770764E2,1.963050127E0,1.005405045E1,-1.288950086E0
3.609795201E2,3.270000219E-1,8.478000641E0,1.828050137E0
3.609819636E2,2.431950092E0,1.390095043E1,7.600500584E-1
3.609844073E2,4.170000076E0,1.220100021E1,-5.364000320E0
3.609868509E2,2.887050152E0,1.050105095E1,-5.233950138E0
3.609892946E2,7.330050468E0,1.154505062E1,-1.124895096E1
3.609917380E2,5.227950096E0,1.071405029E1,-1.112700081E1
3.609941816E2,-1.650000066E-1,1.058700085E1,-3.112950087E0
3.609966253E2,-2.200500071E-1,8.068950653E0,2.539050102E0
3.609990688E2,5.014950275E0,8.713050842E0,-9.169500470E-1
3.610015125E2,5.695050240E0,6.979050159E0,-5.874000072E0
3.610039561E2,2.310000181E0,5.397000313E0,-2.686950207E0
3.610063998E2,5.166000366E0,6.309000492E0,-2.364000082E0
3.610088433E2,7.639050484E0,8.281949997E0,-3.834000111E0
3.610112869E2,3.211950064E0,8.920950890E0,-2.052000046E0
3.610137306E2,2.382000208E0,8.389050484E0,8.580000401E-1
3.610161742E2,3.181050062E0,1.196700096E1,-3.900000080E-2
3.610186177E2,4.812000275E0,8.971050262E0,-3.628050089E0
3.610210614E2,3.555000067E0,8.490000725E0,-8.067000389E0
3.610235050E2,6.427950382E0,8.989950180E0,-9.558000565E0
3.610259487E2,8.061000824E0,7.369950294E0,-1.226205063E1
3.610283922E2,1.134000063E0,7.243050575E0,-7.782000542E0
3.610308359E2,-2.044950008E0,6.318000317E0,3.973050117E0
3.610332795E2,3.378000259E0,5.179050446E0,5.197050095E0
3.610357229E2,9.820950508E0,4.738050461E0,-4.071000099E0
3.610381666E2,5.274000168E0,3.601050138E0,-5.128950119E0
3.610406103E2,1.789950132E0,4.507950306E0,6.259500384E-1
3.610430539E2,7.591050148E0,4.671000004E0,-5.179499984E-1
3.610454976E2,5.146950245E0,6.414000511E0,-4.387050152E0
3.610479411E2,5.400000215E-1,7.927050591E0,8.389500380E-1
3.610503848E2,3.100500107E-1,8.890050888E0,4.552050114E0
3.610528284E2,6.979050159E0,7.731000423E0,-3.448050261E0
3.610552719E2,7.072050571E0,7.578000546E0,-9.440999985E0
3.610577156E2,5.326050282E0,9.229950905E0,-6.577950478E0
3.610601592E2,8.941950798E0,8.587950706E0,-7.818000317E0
3.610626029E2,4.699050426E0,7.530000210E0,-6.819000244E0
3.610650463E2,-6.679500341E-1,8.677050591E0,1.059000015E0
3.610674900E2,1.072050095E0,8.160000801E0,4.324950218E0
3.610699336E2,7.963050365E0,8.998050690E0,-3.927000284E0
3.610723773E2,6.018000126E0,6.010050297E0,-8.767950058E0
3.610748208E2,1.402050018E0,6.304050446E0,-2.313000202E0
3.610772645E2,4.201050282E0,6.097950459E0,-1.468050122E0
3.610797081E2,7.738050461E0,6.876000404E0,-2.692050219E0
3.610821518E2,3.243000269E0,6.498000145E0,-9.799500704E-1
3.610845952E2,2.137050152E0,8.296050072E0,2.314050198E0
3.610870389E2,4.603050232E0,1.018995094E1,7.140000463E-1
3.610894826E2,3.777000189E0,8.377950668E0,-3.511050224E0
3.610919262E2,3.102000237E0,9.394950867E0,-4.947000027E0
3.610943697E2,7.843050480E0,9.859950066E0,-7.056000233E0
3.610968133E2,6.504000187E0,7.222950459E0,-9.937050819E0
3.610992570E2,-1.939500123E-1,8.140049934E0,-3.280950069E0
3.611017007E2,-1.405050039E0,7.567950249E0,5.962950230E0
3.611041442E2,3.223950148E0,7.065000534E0,2.761950016E0
3.611065879E2,6.327000141E0,6.876000404E0,-4.855950356E0
3.611090315E2,4.207950115E0,4.446000099E0,-2.146050215E0
3.611114752E2,3.673950195E0,6.181950092E0,1.800000109E-2
3.611139186E2,6.760950089E0,6.871950150E0,-1.959000111E0
3.611163622E2,3.921000242E0,9.721050262E0,-3.727950096E0
3.611188059E2,5.400000215E-1,9.286950111E0,1.605000019E0
3.611212494E2,2.194950104E0,1.038195038E1,7.380000353E-1
3.611236931E2,5.395950317E0,9.268050194E0,-5.967000484E0
3.611261367E2,4.420950413E0,9.358950615E0,-7.684050560E0
3.611285804E2,7.611000538E0,1.060905075E1,-8.344950676E0
3.611310238E2,7.855050564E0,9.691950798E0,-9.550950050E0
3.611334675E2,1.713000059E0,9.775950432E0,-5.950050354E0
3.611359111E2,-5.860500336E-1,8.844000816E0,2.236950159E0
3.611383548E2,4.243950367E0,8.740950584E0,9.829500318E-1
3.611407983E2,7.879050255E0,7.786050320E0,-7.774950504E0
3.611432420E2,2.982000113E0,6.310950279E0,-8.665050507E0
3.611456856E2,1.282950044E0,5.281950474E0,-4.243050098E0
3.611481293E2,5.829000473E0,6.463950157E0,-2.172000170E0
3.611505728E2,5.239950180E0,6.912000179E0,-2.728050232E0
3.611530165E2,1.666050076E0,6.967050552E0,1.914000034E0
3.611554601E2,1.491000056E0,9.357000351E0,4.864050388E0
3.611579036E2,5.980050087E0,9.220050812E0,1.132950068E0
3.611603473E2,5.737950325E0,8.113950729E0,-3.751950264E0
3.611627909E2,7.429050446E0,1.041300011E1,-8.151000023E0
3.611652346E2,8.872050285E0,9.421050072E0,-1.078695011E1
3.611676783E2,3.907050133E0,9.907050133E0,-1.034100056E1
3.611701217E2,-9.430500269E-1,1.010100079E1,-2.569500208E-1
3.611725654E2,1.210500076E-1,9.490950584E0,4.531050205E0
3.611750090E2,6.153000355E0,9.951000214E0,-2.686950207E0
3.611774525E2,5.974950314E0,8.779950142E0,-6.247050285E0
3.611798962E2,3.229050159E0,7.389000416E0,-2.100000143E0
3.611823398E2,3.978000164E0,8.020950317E0,-1.111050010E0
3.611847835E2,6.555000305E0,9.487950325E0,-3.484050274E0
3.611872270E2,4.147950172E0,1.162695026E1,-1.696050048E0
3.611896707E2,1.906950116E0,1.099395084E1,1.483050108E0
3.611921143E2,4.611000061E0,1.015395069E1,-1.717050076E0
3.611945579E2,6.817950249E0,1.090305042E1,-6.277950287E0
3.611970014E2,4.447950363E0,1.227300072E1,-5.919000149E0
3.611994450E2,8.773950577E0,1.222305012E1,-8.373000145E0
3.612018887E2,6.126000404E0,1.136100101E1,-1.018605042E1
3.612043324E2,1.512000084E0,1.037205029E1,-3.562950134E0
3.612067759E2,4.420500100E-1,9.187050819E0,3.468000174E0
3.612092196E2,2.427000046E0,1.000800037E1,1.852050066E0
3.612116632E2,3.307950258E0,7.819950581E0,-3.763950109E0
3.612141069E2,1.125000000E0,5.056950092E0,-2.353950024E0
3.612165503E2,3.172050238E0,5.662050247E0,-1.168950081E0
3.612189940E2,7.558050156E0,6.745050430E0,-2.941050053E0
3.612214376E2,3.864000082E0,7.783950329E0,-4.176000118E0
3.612238811E2,9.810000658E-1,6.670050144E0,6.280500293E-1
3.612263248E2,2.329050064E0,1.020195007E1,2.386050224E0
3.612287685E2,5.707050323E0,8.080950737E0,-3.202050209E0
3.612312121E2,4.813950062E0,7.137000561E0,-6.465000153E0
3.612336558E2,5.623050213E0,8.341950417E0,-5.851950169E0
3.612360993E2,1.030905056E1,6.936000347E0,-9.400050163E0
3.612385429E2,4.206000328E0,6.699000359E0,-8.929050446E0
3.612409866E2,-2.040000200E0,6.523950100E0,7.020000219E-1
3.612434300E2,2.536950111E0,4.720950127E0,3.856050253E0
3.612458737E2,9.736950874E0,3.414000273E0,-5.337000370E0
3.612483173E2,3.775050163E0,3.613050222E0,-7.329000473E0
3.612507610E2,4.969500303E-1,4.417050362E0,1.336950064E0
3.612532045E2,6.624000549E0,3.409050226E0,7.720500231E-1
3.612556482E2,8.017950058E0,4.687950134E0,-3.709050179E0
3.612580918E2,6.499500275E-1,7.753050327E0,-4.980000257E-1
3.612605352E2,-7.420500517E-1,9.064949989E0,5.311050415E0
3.612629789E2,7.153050423E0,7.185000420E0,-6.250500083E-1
3.612654226E2,7.050000191E0,8.538000107E0,-7.621050358E0
3.612678662E2,3.289050102E0,1.116000080E1,-6.333000183E0
3.612703099E2,6.247950077E0,9.069000244E0,-6.190050125E0
3.612727534E2,3.703050137E0,7.417050362E0,-7.162050247E0
3.612751971E2,-1.150950074E0,8.866050720E0,1.264950037E0
3.612776407E2,-5.620500445E-1,8.325000763E0,5.770950317E0
3.612800842E2,5.728950500E0,9.748950005E0,-1.461000085E0
3.612825279E2,6.700950146E0,6.394950390E0,-7.867950439E0
3.612849715E2,3.540000200E0,4.896000385E0,-4.831950188E0
3.612874152E2,3.696000099E0,7.762050152E0,-2.968950033E0
3.612898589E2,6.301050186E0,8.518950462E0,-6.859950542E0
3.612923023E2,1.692000031E0,9.357000351E0,-4.048950195E0
3.612947460E2,8.749500513E-1,8.667000771E0,8.460000157E-1
3.612971896E2,3.568950176E0,1.186095047E1,-9.079500437E-1
3.612996331E2,4.290000439E0,9.922050476E0,-4.803000450E0
3.613020768E2,2.913000107E0,8.787000656E0,-5.038050175E0
3.613045204E2,5.743050098E0,9.321000099E0,-5.260950089E0
3.613069641E2,6.732000351E0,8.325000763E0,-8.935950279E0
3.613094076E2,3.970500231E-1,8.836950302E0,-4.588050365E0
3.613118512E2,-1.432050109E0,7.531950474E0,3.714000225E0
3.613142949E2,3.199950218E0,6.678000450E0,1.356000066E0
3.613167385E2,7.149000168E0,7.642050266E0,-7.384050369E0
3.613191820E2,3.049950123E0,6.256050110E0,-3.703950167E0
3.613216256E2,1.381050110E0,7.542000294E0,2.857050180E0
3.613240693E2,5.065050125E0,7.836000443E0,-1.066050053E0
3.613265128E2,5.082000256E0,9.963000298E0,-3.613050222E0
3.613289565E2,1.201050043E0,1.043205070E1,-1.180500090E-1
3.613314002E2,3.078000069E0,1.044600010E1,-1.510500014E-1
3.613338438E2,7.669950485E0,9.570000648E0,-8.493000031E0
3.613362875E2,4.809000015E0,1.039095020E1,-9.381000519E0
3.613387309E2,5.662050247E0,1.184700012E1,-5.791950226E0
3.613411745E2,8.748000145E0,1.019700050E1,-1.003500080E1
3.613436182E2,2.959050179E0,1.060200024E1,-5.017050266E0
3.613460617E2,-4.909500182E-1,9.739950180E0,2.556000233E0
3.613485054E2,2.701950073E0,8.208000183E0,2.296950102E0
3.613509490E2,7.642050266E0,8.266950607E0,-6.084000111E0
3.613533927E2,3.615000248E0,6.261000156E0,-8.383049965E0
3.613558364E2,1.279950023E0,6.442950249E0,-1.506000042E0
3.613582799E2,6.346050262E0,6.610950470E0,-9.130500555E-1
3.613607235E2,6.009000301E0,7.291050434E0,-2.173950195E0
3.613631672E2,1.954950094E0,7.378950119E0,1.545000076E0
3.613656106E2,2.098950148E0,9.490950584E0,3.691050291E0
3.613680543E2,7.807050228E0,7.156050205E0,-2.578950167E0
3.613704979E2,6.255000114E0,7.015050411E0,-7.903950214E0
3.613729416E2,4.357050419E0,9.352050781E0,-6.846000195E0
3.613753851E2,8.692950249E0,8.356050491E0,-8.668050766E0
3.613778288E2,4.290000439E0,8.008950233E0,-8.785050392E0
3.613802724E2,-1.609050035E0,7.743000507E0,3.340500295E-1
3.613827158E2,-6.850500107E-1,5.740950108E0,6.030000210E0
3.613851595E2,8.544000626E0,6.250950336E0,-3.613050222E0
3.613876032E2,6.876000404E0,4.956000328E0,-9.961050034E0
3.613900468E2,-5.790000558E-1,5.064000130E0,-1.947000146E0
3.613924905E2,3.387000084E0,4.330950260E0,-2.639999986E-1
3.613949340E2,8.962950706E0,5.539950371E0,-4.180950165E0
3.613973777E2,2.238000154E0,6.160050392E0,-2.922000170E0
3.613998213E2,-1.021950006E0,7.822050571E0,3.406050205E0
3.614022648E2,6.670050144E0,6.376050472E0,-9.079500437E-1
3.614047085E2,9.198000908E0,6.393000126E0,-8.043000221E0
3.614071521E2,2.046000004E0,9.253950119E0,-6.582000256E0
3.614095958E2,5.793000221E0,8.575950623E0,-4.653000355E0
3.614120392E2,8.101050377E0,6.748950481E0,-9.288000107E0
3.614144829E2,-6.439500451E-1,9.120000839E0,-5.646000385E0
3.614169266E2,-2.527950048E0,6.852000237E0,3.777000189E0
3.614193702E2,5.191950321E0,6.661050320E0,1.123950005E0
3.614218137E2,8.817000389E0,6.306000233E0,-8.242050171E0
3.614242574E2,2.188050032E0,6.838050365E0,-3.240000248E0
3.614267010E2,7.939500213E-1,6.229950428E0,3.267000198E0
3.614291447E2,6.169050217E0,6.769050121E0,-1.059000015E0
3.614315882E2,6.033000469E0,9.394950867E0,-5.650950432E0
3.614340318E2,1.572000027E0,1.075995064E1,3.240000010E-1
3.614364755E2,2.929950237E0,1.010595036E1,7.995000482E-2
3.614389192E2,8.080050468E0,1.003905010E1,-6.952950478E0
3.614413626E2,6.214950085E0,1.074105072E1,-7.272000313E0
3.614438062E2,7.263000488E0,1.226595020E1,-7.107000351E0
3.614462499E2,8.689949989E0,1.071705055E1,-9.529950142E0
3.614486934E2,1.690050125E0,1.097295094E1,-6.130050182E0
3.614511371E2,-7.830000520E-1,1.112400055E1,1.240950108E0
3.614535808E2,2.508000135E0,8.557050705E0,1.693950057E0
3.614560244E2,7.644000530E0,9.562950134E0,-7.188000202E0
3.614584681E2,3.310050249E0,5.832000256E0,-7.638000488E0
3.614609116E2,1.278000116E0,4.846050262E0,-2.790000200E0
3.614633552E2,7.018950462E0,6.955050468E0,-3.793050289E0
3.614657989E2,5.793000221E0,7.413000584E0,-5.086050034E0
3.614682423E2,1.453050017E0,5.289000034E0,-9.900000691E-2
3.614706860E2,1.800000072E0,8.695950508E0,2.272950172E0
3.614731296E2,6.018000126E0,8.052000046E0,-2.365950108E0
3.614755733E2,5.985000134E0,5.787000179E0,-5.826000214E0
3.614780170E2,2.551050186E0,8.032950401E0,-3.430950165E0
3.614804605E2,8.286000252E0,7.603950500E0,-4.545000076E0
3.614829042E2,6.097050190E0,6.517050266E0,-7.255050182E0
3.614853478E2,-1.786050081E0,6.283050060E0,-3.343050241E0
3.614877912E2,-6.079500318E-1,3.736950159E0,2.104950190E0
3.614902349E2,8.164050102E0,4.401000023E0,-1.377000093E0
3.614926786E2,6.775050163E0,2.836950064E0,-8.898000717E0
3.614951222E2,-5.910000205E-1,4.159049988E0,-2.995950222E0
3.614975657E2,4.234950066E0,3.487950087E0,1.660050035E0
3.615000094E2,9.141000748E0,3.835950136E0,-2.740050077E0
3.615024530E2,2.863050222E0,6.205950260E0,-3.436050177E0
3.615048967E2,-1.302000046E0,6.843000412E0,3.588000059E0
3.615073402E2,4.096050262E0,7.401000500E0,1.414050102E0
3.615097838E2,9.612000465E0,6.747000217E0,-7.080000401E0
3.615122275E2,3.676950216E0,7.792950153E0,-7.909050465E0
3.615146709E2,5.094000340E0,9.859950066E0,-4.207050323E0
3.615171146E2,6.789000511E0,7.422000408E0,-7.570950508E0
3.615195583E2,-2.920500040E-1,1.008705044E1,-4.369950294E0
3.615220020E2,-1.683000088E0,9.823950768E0,4.366050243E0
3.615244454E2,8.110500574E-1,9.333000183E0,3.154050112E0
3.615268891E2,4.134000301E0,1.128900051E1,-6.193950176E0
3.615293327E2,9.330000281E-1,9.141000748E0,-2.992950201E0
3.615317764E2,1.072050095E0,7.839000225E0,2.728050232E0
3.615342199E2,1.723050117E0,1.074105072E1,2.310000062E-1
3.615366636E2,4.663050175E0,1.250295067E1,-4.723950386E0
3.615391072E2,2.877000093E0,1.115505028E1,-1.641000032E0
3.615415508E2,3.081000090E0,1.232595062E1,6.810000539E-1
3.615439943E2,6.112050056E0,1.274700069E1,-6.124950409E0
3.615464380E2,5.731050491E0,1.325895023E1,-6.333000183E0
3.615488816E2,5.547000408E0,1.385100079E1,-4.720050335E0
3.615513253E2,8.767050743E0,1.449000072E1,-7.738950253E0
3.615537688E2,4.156050205E0,1.464795113E1,-5.550000191E0
3.615562125E2,6.289500594E-1,1.216995049E1,1.392000079E0
3.615586561E2,6.550500393E-1,1.121700096E1,5.982000351E0
3.615610998E2,3.184050083E0,1.401405048E1,-6.229500175E-1
3.615635432E2,1.882950068E0,1.031700039E1,-6.843000412E0
3.615659868E2,7.170000076E-1,7.900950432E0,-5.092950344E0
3.615684305E2,3.969000101E0,8.959050179E0,-5.275050163E0
3.615708742E2,5.857950211E0,1.285200024E1,-5.176950455E0
3.615733177E2,2.680950165E0,1.115700054E1,-2.392050028E0
3.615757613E2,2.941950083E0,1.346805096E1,2.908050060E0
3.615782050E2,3.397050142E0,1.342905045E1,1.143000007E0
3.615806487E2,4.552950382E0,1.097505093E1,-1.260000110E0
3.615830921E2,5.580000401E0,1.212195015E1,-2.605050087E0
3.615855358E2,8.877000809E0,1.031895065E1,-6.568050385E0
3.615879794E2,5.719050407E0,1.010595036E1,-8.388000488E0
3.615904229E2,1.000500023E-1,9.840000153E0,-5.014050007E0
3.615928666E2,-1.530000120E-1,6.274950504E0,1.702950120E0
3.615953102E2,6.391950130E0,8.799000740E0,-7.210500240E-1
3.615977539E2,6.816000462E0,7.053000450E0,-8.296950340E0
3.616001974E2,5.400000215E-1,7.618950367E0,-3.348000050E0
3.616026411E2,3.532950163E0,7.390950203E0,1.098000050E0
3.616050847E2,7.399950504E0,8.602950096E0,-1.480050087E0
3.616075281E2,3.427950144E0,9.084000587E0,-3.094050169E0
3.616099718E2,1.279500127E-1,1.099905014E1,1.593000054E0
3.616124155E2,5.359950066E0,9.622950554E0,-3.960000277E-1
3.616148592E2,7.872000217E0,7.633050442E0,-8.227050781E0
3.616173028E2,3.160050154E0,1.000995064E1,-9.223050117E0
3.616197463E2,6.013950348E0,8.521050453E0,-6.838950157E0
3.616221900E2,7.467000484E0,8.016000748E0,-9.171000481E0
3.616246336E2,5.550000072E-1,8.119050026E0,-5.548050404E0
3.616270771E2,-1.276050091E0,5.902050495E0,2.692050219E0
3.616295208E2,5.338050365E0,6.357000351E0,1.360950112E0
3.616319645E2,1.005300045E1,5.542950153E0,-7.012950420E0
3.616344081E2,1.584000111E0,5.145000458E0,-7.042050362E0
3.616368518E2,6.430500150E-1,5.563950062E0,-3.120000064E-1
3.616392952E2,8.149050713E0,5.626050472E0,-2.388000011E0
3.616417389E2,4.072050095E0,7.099050522E0,-6.520050526E0
3.616441825E2,-1.312050104E0,7.579950333E0,-1.212000012E0
3.616466260E2,3.154950142E0,8.635950089E0,1.809000134E0
3.616490697E2,8.968050003E0,6.409050465E0,-4.948950291E0
3.616515133E2,2.800950050E0,8.095050812E0,-6.520050526E0
3.616539570E2,3.124050140E0,8.740950584E0,-2.778000116E0
3.616564005E2,7.989000320E0,6.904950142E0,-6.193950176E0
3.616588442E2,1.534050107E0,6.277950287E0,-7.681050301E0
3.616612878E2,-2.836950064E0,5.466000080E0,6.400500536E-1
3.616637315E2,2.902950048E0,3.973950148E0,2.782950163E0
3.616661749E2,1.111800098E1,3.304050207E0,-8.802000046E0
3.616686185E2,4.407000065E0,3.208050251E0,-9.529950142E0
3.616710622E2,-6.270000339E-1,4.365000248E0,-1.308000088E0
3.616735057E2,6.382050514E0,5.344050407E0,-1.213950038E0
3.616759494E2,6.813000202E0,7.210950375E0,-4.513950348E0
3.616783931E2,-1.669500023E-1,8.470950127E0,-7.330500484E-1
3.616808367E2,-5.029500127E-1,9.330000877E0,2.826000214E0
3.616832801E2,8.236050606E0,8.072999954E0,-4.047000408E0
3.616857238E2,5.949000359E0,7.923000336E0,-9.859950066E0
3.616881675E2,3.499950171E0,8.884950638E0,-6.745050430E0
3.616906111E2,9.049950600E0,7.959000587E0,-7.267050266E0
3.616930548E2,2.662050009E0,7.966050148E0,-7.578000546E0
3.616954983E2,-2.704950094E0,9.076950073E0,-3.139500022E-1
3.616979420E2,1.623000026E0,6.306000233E0,3.475050211E0
3.617003856E2,9.844050407E0,7.894050598E0,-4.771950245E0
3.617028293E2,7.069950104E0,6.970050335E0,-9.678000450E0
3.617052728E2,1.930500120E-1,7.675950527E0,-2.064000130E0
3.617077164E2,2.166000128E0,6.876000404E0,9.630000591E-1
3.617101601E2,6.579000473E0,8.254950523E0,-1.906050086E0
3.617126035E2,3.403950214E0,1.002495003E1,-1.438950062E0
3.617150472E2,9.210000634E-1,1.011105061E1,1.737000108E0
3.617174908E2,3.792000294E0,1.035300064E1,-1.377000093E0
3.617199345E2,5.797950268E0,1.088205051E1,-7.168950558E0
3.617223780E2,3.459000111E0,1.098495007E1,-5.656050205E0
3.617248216E2,6.313050270E0,1.132005024E1,-4.135050297E0
3.617272653E2,5.422050476E0,1.134405041E1,-6.724050522E0
3.617297088E2,5.400000215E-1,1.218705082E1,-1.417950034E0
3.617321525E2,-1.096050024E0,8.971050262E0,4.705950260E0
3.617345961E2,-9.960000515E-1,9.880950928E0,1.545000076E0
3.617370398E2,4.855050087E0,1.138005066E1,-1.645050049E0
3.617394835E2,1.969950080E0,7.398000240E0,-4.645050049E0
3.617419269E2,2.070000172E0,5.782050133E0,-1.492050052E0
3.617443706E2,6.769950390E0,7.836000443E0,-5.584050179E0
3.617468142E2,5.389050484E0,9.139050484E0,-4.462950230E0
3.617492577E2,1.402050018E0,8.253000259E0,6.829500198E-1
3.617517014E2,1.117050052E0,1.065000057E1,2.227950096E0
3.617541450E2,3.064050198E0,9.715950012E0,-6.640500426E-1
3.617565887E2,2.839050055E0,8.931000710E0,-5.686950207E0
3.617590324E2,3.627000093E0,1.007700062E1,-5.827950478E0
3.617614758E2,6.715050220E0,8.653050423E0,-9.232950211E0
3.617639195E2,2.143949986E0,8.253000259E0,-7.212000370E0
3.617663631E2,-2.892000198E0,8.437050819E0,6.859500408E-1
3.617688066E2,-1.779000044E0,4.171050072E0,5.797050476E0
3.617712503E2,4.843050003E0,3.601050138E0,-1.236000061E0
3.617736939E2,3.696000099E0,2.868000031E0,-7.285950184E0
3.617761376E2,6.700500250E-1,3.967050076E0,-1.011000037E0
3.617785811E2,5.748000145E0,3.840000153E0,1.488000035E0
3.617810248E2,5.659050465E0,5.698050499E0,-3.786000252E0
3.617834684E2,1.999500096E-1,8.491950035E0,-2.200950146E0
3.617859118E2,1.189500093E-1,8.659950256E0,2.002950191E0
3.617883555E2,6.460950375E0,8.607000351E0,-2.124000072E0
3.617907991E2,6.006000519E0,8.470950127E0,-7.782000542E0
3.617932428E2,2.656950235E0,1.024005032E1,-7.039950371E0
3.617956863E2,8.190000534E0,8.293950081E0,-6.858000278E0
3.617981300E2,5.824050426E0,6.424050331E0,-9.360000610E0
3.618005737E2,-2.317050219E0,7.887000561E0,-4.942050457E0
3.618030173E2,1.978950143E0,5.691000462E0,1.507050037E0
3.618054607E2,9.925950050E0,6.724950314E0,-4.993050098E0
3.618079044E2,8.343000412E0,5.904000282E0,-9.867000580E0
3.618103481E2,4.849500358E-1,6.783000469E0,-2.139000177E0
3.618127917E2,2.737950087E0,7.723950386E0,9.510000348E-1
3.618152352E2,7.309050560E0,8.623950005E0,-4.545000076E0
3.618176789E2,1.237050056E0,8.536050797E0,-6.610950470E0
3.618201226E2,-9.000000544E-3,8.593050003E0,-1.060950041E0
3.618225662E2,8.482049942E0,7.132050514E0,-5.028000355E0
3.618250097E2,9.040050507E0,7.719000340E0,-9.807000160E0
3.618274534E2,2.128050089E0,8.832000732E0,-4.894050121E0
3.618298970E2,7.093050480E0,8.386950493E0,-2.251049995E0
3.618323407E2,8.815050125E0,7.267050266E0,-6.649050236E0
3.618347842E2,-6.409500241E-1,1.017600060E1,-4.219050407E0
3.618372278E2,-1.273950100E0,7.729050159E0,2.287050009E0
3.618396715E2,7.455000401E0,6.571950436E0,-2.050050020E0
3.618421152E2,9.379950523E0,6.349950314E0,-1.128000069E1
3.618445586E2,1.239000082E0,5.842050076E0,-7.084950447E0
3.618470022E2,2.238000154E0,5.659950256E0,1.507050037E0
3.618494459E2,8.590050697E0,6.085950375E0,-1.281000018E0
3.618518894E2,7.837950230E0,8.457000732E0,-4.858050346E0
3.618543331E2,1.378050089E0,9.084000587E0,-7.810500264E-1
3.618567767E2,6.901950359E0,9.807000160E0,-3.007950068E0
3.618592204E2,1.085505009E1,7.657050133E0,-9.570000648E0
3.618616641E2,3.994950294E0,1.001805019E1,-1.159605026E1
3.618641076E2,4.266000271E0,1.038195038E1,-7.120950222E0
3.618665512E2,1.022295094E1,8.248050690E0,-7.770000458E0
3.618689949E2,3.385050058E0,8.241000175E0,-7.971000195E0
3.618714383E2,-9.859500527E-1,7.425000191E0,-4.339500070E-1
3.618738820E2,5.716950417E0,5.491950035E0,1.818000078E0
3.618763256E2,1.160205078E1,5.686050415E0,-7.243050575E0
3.618787693E2,2.757000208E0,5.421000481E0,-7.465950489E0
3.618812130E2,3.390000165E-1,5.320050240E0,-3.280500174E-1
3.618836565E2,6.877950191E0,6.292050362E0,2.020500153E-1
3.618861001E2,6.913950443E0,8.236050606E0,-2.371050119E0
3.618885438E2,1.251000047E0,8.752950668E0,5.110500455E-1
3.618909872E2,7.200000286E-1,1.067400074E1,3.762000084E0
3.618934309E2,4.918950081E0,1.016805077E1,-8.149500489E-1
3.618958746E2,5.764950275E0,1.004400063E1,-5.572050095E0
3.618983182E2,3.828000069E0,1.061400032E1,-3.553950071E0
3.619007617E2,5.832000256E0,1.163595009E1,-4.783950329E0
3.619032053E2,3.469050169E0,1.086795044E1,-5.127000332E0
3.619056490E2,8.490000367E-1,1.045605087E1,-8.479500413E-1
3.619080925E2,4.005000368E-2,8.362950325E0,3.118050098E0
3.619105362E2,1.852050066E0,1.214895058E1,7.260000110E-1
3.619129798E2,4.315950394E0,1.086795044E1,-5.515050411E0
3.619154235E2,3.420000076E-1,6.618000507E0,-2.730000019E0
3.619178669E2,2.235000134E0,5.145000458E0,-2.148000002E0
3.619203106E2,5.520000458E0,1.079100037E1,-6.475050449E0
3.619227543E2,4.206000328E0,7.884000301E0,-4.123050213E0
3.619251979E2,1.504950047E0,4.822050095E0,-1.897050142E0
3.619276414E2,2.917950153E0,1.046100044E1,-1.654950023E0
3.619300851E2,3.603000164E0,9.844950676E0,-3.967950106E0
3.619325287E2,3.595050097E0,5.193000317E0,-3.537000179E0
3.619349724E2,4.828050137E0,9.754050255E0,-3.276000261E0
3.619374159E2,7.498050213E0,7.747950554E0,-8.260950089E0
3.619398596E2,2.098950148E0,7.932000160E0,-7.084950447E0
3.619423032E2,-2.203050137E0,6.069000244E0,5.130000114E-1
3.619447467E2,1.785000086E0,4.474950314E0,2.905050039E0
3.619471904E2,7.627050400E0,5.473050117E0,-4.328999996E0
3.619496341E2,4.030950069E0,4.189949989E0,-5.766000271E0
3.619520777E2,1.120500043E-1,5.356050491E0,1.236000061E0
3.619545214E2,5.992050171E0,4.708950043E0,3.480000198E-1
3.619569648E2,6.069000244E0,6.835950375E0,-4.096950054E0
3.619594085E2,-9.960000515E-1,7.449000359E0,-3.192000151E0
3.619618521E2,1.999500096E-1,7.087050438E0,2.520000041E-1
3.619642956E2,8.722050667E0,6.862050533E0,-2.782950163E0
3.619667393E2,7.054950237E0,7.293000221E0,-8.620050430E0
3.619691829E2,2.527950048E0,9.133950233E0,-6.958050251E0
3.619716266E2,8.959050179E0,8.550000191E0,-5.550000191E0
3.619740701E2,8.049000740E0,7.606950283E0,-7.357950211E0
3.619765137E2,-1.609050035E0,9.649050713E0,-5.506950378E0
3.619789574E2,-6.100500226E-1,8.562000275E0,3.240000248E0
3.619814011E2,8.226000786E0,8.773050308E0,-6.850500107E-1
3.619838445E2,6.780000210E0,7.650000572E0,-6.718950272E0
3.619862882E2,1.941000104E0,8.143050194E0,-4.669500291E-1
3.619887318E2,2.037000179E0,7.474950314E0,1.636050105E0
3.619911755E2,6.334050179E0,9.385950089E0,-3.598950148E0
3.619936190E2,4.666050434E0,1.119600010E1,-6.088950157E0
3.619960627E2,2.413050175E0,1.135095024E1,-3.790500164E-1
3.619985063E2,5.736000061E0,1.012305069E1,-3.415050268E0
3.620009500E2,8.607000351E0,1.070505047E1,-9.463050842E0
3.620033934E2,3.433050156E0,1.266600037E1,-7.329000473E0
3.620058371E2,4.303950310E0,1.264695072E1,-5.602950096E0
3.620082807E2,6.069000244E0,1.070205021E1,-6.727950096E0
3.620107244E2,1.864050031E0,9.124950409E0,-2.470950127E0
3.620131679E2,-1.909500062E-1,6.775950432E0,3.291000128E0
3.620156116E2,1.906950116E0,7.470000267E0,4.327050209E0
3.620180552E2,4.474050045E0,7.039050102E0,-2.494950056E0
3.620204989E2,1.267950058E0,4.104000092E0,-3.855000257E0
3.620229423E2,9.949500561E-1,5.823000431E0,2.083950043E0
3.620253859E2,4.297049999E0,7.498950481E0,3.550500274E-1
3.620278296E2,4.201050282E0,8.348999977E0,2.020500153E-1
3.620302731E2,1.345050097E0,7.489050388E0,3.405000269E-2
3.620327168E2,-1.819500029E-1,9.745050430E0,-4.605000094E-2
3.620351604E2,1.675050020E0,1.014900017E1,1.801050067E0
3.620376041E2,2.044049978E0,8.076000214E0,1.263000011E0
3.620400475E2,3.538050175E0,8.005949974E0,1.039950013E0
3.620424912E2,1.145805073E1,8.896950722E0,-4.681050301E0
3.620449349E2,5.965950489E0,6.927000523E0,-1.011405087E1
3.620473786E2,4.200000316E-2,7.528050423E0,-6.772050381E0
3.620498220E2,-2.895000204E-2,5.490000248E0,-1.984950066E0
3.620522657E2,5.614050388E0,7.222950459E0,-3.802950144E0
3.620547093E2,4.596000195E0,3.571950197E0,-7.837050438E0
3.620571530E2,-6.195000187E-2,3.697050095E0,-1.780500114E-1
3.620595965E2,4.213050365E0,5.089950085E0,2.371050119E0
3.620620401E2,8.536950111E0,5.253000259E0,-2.236950159E0
3.620644838E2,3.781950235E0,5.844000340E0,-4.576050282E0
3.620669272E2,-9.790500402E-1,8.143050194E0,2.310000062E-1
3.620693709E2,3.583050251E0,7.711950302E0,-1.092000008E0
3.620718146E2,7.885950565E0,6.862050533E0,-7.075950146E0
3.620742583E2,1.747050047E0,8.100000381E0,-7.353000164E0
3.620767019E2,4.026000023E0,7.759950161E0,-2.886000156E0
3.620791454E2,8.731050491E0,4.582950115E0,-5.742000103E0
3.620815891E2,1.816050053E0,5.296050072E0,-6.561000347E0
3.620840327E2,-8.860500455E-1,3.502950191E0,-2.799000025E0
3.620864762E2,6.765000343E0,3.852000237E0,8.440500498E-1
3.620889199E2,9.897000313E0,3.220050097E0,-3.568050146E0
3.620913635E2,3.463950157E0,4.707000256E0,-2.209950209E0
3.620938072E2,9.379500151E-1,5.527950287E0,4.608000278E0
3.620962507E2,5.808000088E0,6.292050362E0,1.818000078E0
3.620986943E2,7.033950329E0,8.782050133E0,-4.729050159E0
3.621011380E2,1.603050113E0,9.493050575E0,-1.489950061E0
3.621035817E2,1.584000111E0,1.011600018E1,-2.380500138E-1
3.621060251E2,4.150950432E0,9.208050728E0,-4.875000000E0
3.621084688E2,3.658050060E0,9.898050308E0,-5.002050400E0
3.621109124E2,5.752950191E0,1.109505081E1,-3.726000071E0
3.621133561E2,7.797000408E0,1.091295052E1,-7.108950138E0
3.621157996E2,3.861000299E0,1.066200066E1,-7.071000099E0
3.621182433E2,-1.150500029E-1,1.198305035E1,-1.734000087E0
3.621206869E2,7.290000319E-1,1.044600010E1,1.978950143E0
3.621231306E2,3.421050072E0,1.271100044E1,-3.889050245E0
3.621255740E2,2.626050234E0,9.876000404E0,-5.893050194E0
3.621280176E2,-7.395000011E-2,7.149000168E0,-1.600050092E0
3.621304613E2,2.992050171E0,7.663950443E0,-2.980950117E0
3.621329048E2,6.777000427E0,1.126005077E1,-3.226050138E0
3.621353485E2,3.243000269E0,8.919000626E0,-7.740000486E-1
3.621377922E2,3.058950186E0,9.337950706E0,1.813050032E0
3.621402358E2,6.214950085E0,1.179405022E1,-1.566000104E0
3.621426795E2,4.408950329E0,8.989950180E0,-2.351999998E0
3.621451229E2,3.532950163E0,1.032405090E1,-2.797050238E0
3.621475665E2,7.459950447E0,1.021200085E1,-6.040950298E0
3.621500103E2,6.574050426E0,9.826050758E0,-8.458950043E0
3.621524537E2,1.207950115E0,9.862050056E0,-6.417000294E0
3.621548974E2,2.595000155E-2,7.300050259E0,3.070500195E-1
3.621573410E2,3.994950294E0,8.694000244E0,-3.280500174E-1
3.621597847E2,5.872050285E0,7.360050201E0,-6.736050129E0
3.621622282E2,1.004999995E0,6.214950085E0,-5.799000263E0
3.621646719E2,2.353049994E0,6.060000420E0,-4.939500093E-1
3.621671155E2,7.693950176E0,6.072000504E0,-3.421950102E0
3.621695592E2,5.394000053E0,6.493050098E0,-6.685050488E0
3.621720027E2,-4.549500346E-1,6.318000317E0,-1.698000073E0
3.621744464E2,3.544950247E0,7.647000313E0,2.491050005E0
3.621768900E2,1.072605038E1,5.397000313E0,-3.331050158E0
3.621793337E2,6.556950092E0,7.582950592E0,-6.391050339E0
3.621817771E2,1.986000061E0,9.103050232E0,-4.116000175E0
3.621842207E2,9.358050346E0,7.566000462E0,-5.395050049E0
3.621866644E2,5.061000347E0,6.898050308E0,-7.236000538E0
3.621891079E2,-2.337000132E0,6.856950283E0,-5.254050255E0
3.621915516E2,7.320000529E-1,6.031050205E0,2.292000055E0
3.621939952E2,7.990950584E0,6.381000519E0,-2.239050150E0
3.621964389E2,5.062950134E0,6.193950176E0,-3.685050249E0
3.621988826E2,8.250000477E-1,6.013950348E0,3.477000237E0
3.622013260E2,1.540950060E0,6.850050449E0,3.238050222E0
3.622037696E2,5.893950462E0,9.745050430E0,-1.156949997E0
3.622062131E2,3.544950247E0,9.904950142E0,-3.388050079E0
3.622086568E2,1.471950054E0,9.187050819E0,1.291050076E0
3.622111005E2,4.564949989E0,1.073805046E1,-3.598950148E0
3.622135441E2,6.070950508E0,1.146600056E1,-9.348000526E0
3.622159878E2,3.049950123E0,1.117905045E1,-8.361000061E0
3.622184313E2,6.318000317E0,1.196700096E1,-9.967950821E0
3.622208750E2,5.449050426E0,1.153305054E1,-8.043000221E0
3.622233186E2,4.420500100E-1,1.071405029E1,-5.100000501E-1
3.622257623E2,-4.950000346E-1,7.981950283E0,4.195950031E0
3.622282057E2,2.508000135E0,1.063095093E1,2.143949986E0
3.622306494E2,4.989000320E0,7.402950287E0,-7.377000332E0
3.622330930E2,1.515000105E0,5.751000404E0,-8.128950119E0
3.622355367E2,3.100050211E0,6.642000198E0,-4.618950367E0
3.622379802E2,7.620000362E0,8.434950829E0,-4.405950069E0
3.622404239E2,4.147950172E0,8.820000648E0,-3.421950102E0
3.622428675E2,1.441050053E0,9.381000519E0,1.255950093E0
3.622453110E2,2.335950136E0,1.071405029E1,2.122050047E0
3.622477547E2,8.853000641E0,7.846050262E0,-5.019000053E0
3.622501983E2,5.647050381E0,9.627000809E0,-9.264000893E0
3.622526420E2,5.524950027E0,9.361950874E0,-8.299050331E0
3.622550854E2,7.431000233E0,9.358950615E0,-9.666000366E0
3.622575291E2,1.114950061E0,8.418000221E0,-6.307050228E0
3.622599728E2,-2.799000025E0,7.932000160E0,3.742950201E0
3.622624162E2,3.069000244E0,5.698050499E0,5.260950089E0
3.622648599E2,9.402000427E0,6.208050251E0,-1.255050063E0
3.622673035E2,5.755050182E0,5.317950249E0,-4.819950104E0
3.622697472E2,1.954950094E0,6.052950382E0,2.517000198E0
3.622721909E2,4.285050392E0,6.859950542E0,4.650000334E-1
3.622746344E2,3.958950281E0,9.460050583E0,-2.668050051E0
3.622770780E2,3.130500019E-1,9.475950241E0,-9.130500555E-1
3.622795217E2,1.663050056E0,1.070700073E1,-2.400000021E-2
3.622819653E2,5.118000031E0,1.088700008E1,-5.461950302E0
3.622844088E2,3.990000248E0,9.976950645E0,-7.164000511E0
3.622868525E2,4.540950298E0,1.075500011E1,-5.317950249E0
3.622892961E2,8.098950386E0,1.137495041E1,-6.772050381E0
3.622917398E2,3.888000250E0,9.951000214E0,-5.059950352E0
3.622941832E2,-5.389500260E-1,1.038195038E1,-1.609500051E-1
3.622966269E2,5.569500327E-1,8.890050888E0,3.918000221E0
3.622990706E2,4.483950138E0,8.926050186E0,-3.676050186E0
3.623015140E2,4.432950020E0,7.042050362E0,-9.007950783E0
3.623039577E2,1.821000099E0,4.723950386E0,-3.703950167E0
3.623064013E2,4.912050247E0,5.389050484E0,-2.148000002E0
3.623088450E2,7.417050362E0,7.326000214E0,-2.500050068E0
3.623112885E2,3.391950130E0,7.732950211E0,-1.035000086E0
3.623137322E2,2.122950077E0,8.634000778E0,1.879950047E0
3.623161758E2,3.415950060E0,9.553050041E0,4.849500358E-1
3.623186195E2,4.642050266E0,6.961950302E0,-5.005050182E0
3.623210629E2,1.744950056E0,9.277950287E0,-6.529950142E0
3.623235065E2,5.176050186E0,8.242950439E0,-6.276000500E0
3.623259502E2,7.729950428E0,6.334950447E0,-9.573000908E0
3.623283937E2,-2.749500275E-1,7.519950390E0,-4.518000126E0
3.623308374E2,-2.914050102E0,5.887050152E0,5.685000420E0
3.623332810E2,3.580950260E0,4.912950039E0,5.400000095E0
3.623357247E2,9.648000717E0,4.614000320E0,-5.088000298E0
3.623381684E2,1.836000085E0,4.365000248E0,-5.413950443E0
3.623406118E2,1.930500120E-1,4.585050106E0,2.082000017E0
3.623430555E2,8.085000038E0,3.988950253E0,-1.293000102E0
3.623454992E2,6.519000530E0,5.902050495E0,-4.489950180E0
3.623479426E2,7.440000176E-1,7.117950439E0,7.099500299E-1
3.623503863E2,2.020050049E0,8.461050034E0,4.300950050E0
3.623528299E2,8.293050766E0,7.872000217E0,-4.947000027E0
3.623552736E2,4.845000267E0,8.029950142E0,-1.003695011E1
3.623577173E2,3.495000124E0,1.031895065E1,-6.184950352E0
3.623601608E2,7.885950565E0,8.470950127E0,-8.356950760E0
3.623626045E2,2.161050081E0,8.394000053E0,-6.499050140E0
3.623650481E2,-2.077950001E0,8.398950577E0,1.390050054E0
3.623674915E2,-9.000000544E-3,7.294950485E0,5.137050152E0
3.623699352E2,7.917000294E0,8.032950401E0,-4.936950207E0
3.623723788E2,5.137050152E0,5.860950470E0,-8.171999931E0
3.623748225E2,5.070000291E-1,5.872950077E0,-6.900000572E-1
3.623772662E2,4.314000130E0,6.730050087E0,-1.363050103E0
3.623797097E2,6.223950386E0,8.044950485E0,-3.019950151E0
3.623821534E2,1.611000061E0,8.916000366E0,-9.250500202E-1
3.623845968E2,1.189050078E0,9.394950867E0,1.497000098E0
3.623870405E2,5.479950428E0,1.045605087E1,-1.947000146E0
3.623894841E2,4.927050114E0,8.056950569E0,-5.055000305E0
3.623919278E2,3.223950148E0,1.057500076E1,-4.545000076E0
3.623943712E2,8.209050179E0,1.023300076E1,-5.164950371E0
3.623968149E2,5.692950249E0,9.915000916E0,-5.827950478E0
3.623992586E2,-1.395000052E-2,1.059495068E1,-2.665050030E0
3.624017022E2,-6.559500098E-1,8.191050529E0,3.394050121E0
3.624041457E2,5.202000141E0,9.702000618E0,-9.169500470E-1
3.624065894E2,7.026000500E0,1.000800037E1,-7.128000259E0
3.624090330E2,2.580000162E0,7.326000214E0,-3.420000076E0
3.624114767E2,1.981950045E0,7.258950233E0,-9.700500369E-1
3.624139201E2,6.004050255E0,9.394950867E0,-1.909050107E0
3.624163638E2,5.551950455E0,1.079805088E1,-4.726950169E0
3.624188075E2,2.370000124E0,9.663000107E0,-1.885050058E0
3.624212511E2,4.723050117E0,1.032405090E1,-1.570950031E0
3.624236946E2,7.977000237E0,1.001805019E1,-6.247050285E0
3.624261383E2,4.177050114E0,1.070205021E1,-6.829050541E0
3.624285819E2,4.627050400E0,1.036005020E1,-4.411050320E0
3.624310256E2,7.017000198E0,1.014000034E1,-6.312000275E0
3.624334691E2,2.009999990E0,9.757050514E0,-3.775950193E0
3.624359128E2,-8.140500188E-1,7.693050385E0,2.941050053E0
3.624383564E2,1.906950116E0,6.225000381E0,2.929050207E0
3.624408001E2,7.105050564E0,6.559950352E0,-4.201950073E0
3.624432435E2,2.998950243E0,4.504050255E0,-4.795950413E0
3.624456871E2,1.282950044E0,6.160050392E0,1.557000041E0
3.624481308E2,5.215950012E0,6.241950512E0,1.581000090E0
3.624505745E2,5.254950047E0,8.116950035E0,-1.710000038E0
3.624530180E2,1.606050134E0,8.374950409E0,5.320500135E-1
3.624554616E2,2.560950041E0,9.627000809E0,1.452000022E0
3.624579053E2,8.371950150E0,9.115050316E0,-5.328000069E0
3.624603487E2,4.867050171E0,7.789050579E0,-9.628050804E0
3.624627924E2,4.090950012E0,1.013295078E1,-7.417950153E0
3.624652360E2,9.289050102E0,8.755949974E0,-7.818000317E0
3.624676797E2,5.542050362E0,8.634000778E0,-7.047000408E0
3.624701232E2,-5.310000181E-1,9.369000435E0,-6.540000439E-1
3.624725669E2,7.579500079E-1,6.310950279E0,3.670950174E0
3.624750105E2,7.783050537E0,7.429050446E0,-3.300000191E0
3.624774542E2,5.487000465E0,6.891000271E0,-8.713050842E0
3.624798976E2,4.090500176E-1,6.831000328E0,-2.470950127E0
3.624823413E2,4.666050434E0,6.699000359E0,6.090000272E-1
3.624847850E2,7.294950485E0,8.602950096E0,-1.696050048E0
3.624872286E2,2.319000006E0,1.020705032E1,-1.135050058E0
3.624896721E2,1.644000053E0,1.035000038E1,1.123950005E0
3.624921158E2,4.579050064E0,1.100205040E1,-2.433000088E0
3.624945594E2,6.172050476E0,1.102605057E1,-8.023950577E0
3.624970031E2,3.351000071E0,1.221105099E1,-6.034050465E0
3.624994466E2,7.393050194E0,1.195200062E1,-6.187050343E0
3.625018903E2,5.149050236E0,1.107300091E1,-7.344000340E0
3.625043339E2,-5.839500427E-1,1.238295078E1,-1.156949997E0
3.625067773E2,-1.044000030E0,9.867000580E0,5.101050377E0
3.625092210E2,1.467000127E0,1.058505058E1,2.041050196E0
3.625116647E2,5.461050034E0,9.936000824E0,-5.416050434E0
3.625141083E2,2.773950100E0,7.635000229E0,-5.385000229E0
3.625165520E2,5.551950455E0,6.349950314E0,-4.171050072E0
3.625189955E2,8.604000092E0,8.085000038E0,-6.003000259E0
3.625214392E2,4.681950092E0,1.083195019E1,-3.580050230E0
3.625238828E2,1.657950044E0,1.020705032E1,2.670000196E-1
3.625263263E2,3.114000082E0,1.323300076E1,9.730500579E-1
3.625287699E2,4.327950001E0,1.181100082E1,-1.128000021E0
3.625312136E2,4.018949986E0,9.891000748E0,-5.305950165E0
3.625336572E2,7.527000427E0,1.058700085E1,-8.626950264E0
3.625361007E2,8.338050842E0,9.097949982E0,-1.309995079E1
3.625385444E2,2.191950083E0,9.007050514E0,-1.074105072E1
3.625409880E2,-2.476050138E0,6.912000179E0,-1.210050106E0
3.625434317E2,1.579050064E0,4.539000034E0,2.626950026E0
3.625458752E2,7.086000443E0,5.278950214E0,-4.368000031E0
3.625483189E2,5.956050396E0,5.016000271E0,-4.243050098E0
3.625507625E2,4.054950237E0,5.284050465E0,1.452000022E0
3.625532062E2,7.855050564E0,4.777050018E0,-9.799500704E-1
3.625556496E2,4.845000267E0,7.993950367E0,-5.602950096E0
3.625580933E2,-1.513050079E0,7.762050152E0,-2.232000113E0
3.625605369E2,2.025000095E0,8.171999931E0,1.816050053E0
3.625629804E2,1.033095074E1,6.139050484E0,-2.566950083E0
3.625654241E2,6.781950474E0,5.626050472E0,-7.861050606E0
3.625678677E2,3.892050266E0,8.703000069E0,-5.512050152E0
3.625703114E2,1.046205044E1,6.888000488E0,-7.309950352E0
3.625727549E2,3.033000231E0,6.522000313E0,-8.380050659E0
3.625751986E2,-2.851050138E0,6.352050304E0,-4.669050217E0
3.625776423E2,1.168050051E0,4.306950092E0,3.150000274E-1
3.625800859E2,8.868000031E0,2.605050087E0,-3.712050200E0
3.625825296E2,3.624000072E0,1.570950031E0,-5.488050461E0
3.625849731E2,8.230500221E-1,2.739000082E0,-6.795000285E-2
3.625874167E2,7.333050251E0,3.586950064E0,-1.200000048E-1
3.625898604E2,7.468950272E0,3.226950169E0,-4.099050045E0
3.625923038E2,9.949500561E-1,4.434000015E0,-2.194050074E0
3.625947475E2,1.395000052E-2,9.097949982E0,4.021049976E0
3.625971911E2,5.548950195E0,7.780950546E0,-8.029500246E-1
3.625996348E2,6.016050339E0,8.272050858E0,-8.958000183E0
3.626020783E2,3.484950066E0,9.226950645E0,-9.211050034E0
3.626045220E2,8.710050583E0,8.350950241E0,-7.794000149E0
3.626069656E2,3.100050211E0,7.345950127E0,-8.248950005E0
3.626094093E2,-3.199050188E0,9.076950073E0,-2.160000056E-1
3.626118527E2,-3.733050108E0,8.176050186E0,5.577000141E0
3.626142964E2,4.620000362E0,8.554950714E0,8.389500380E-1
3.626167400E2,5.137050152E0,8.275050163E0,-4.843950272E0
3.626191837E2,4.807050228E0,6.358950138E0,-1.375050068E0
3.626216272E2,5.262000084E0,7.795950413E0,-2.100000143E0
3.626240708E2,6.243000507E0,1.035300064E1,-6.283050060E0
3.626265145E2,2.032050133E0,1.047495079E1,-1.120950103E0
3.626289580E2,1.033950090E0,1.003200054E1,1.198050022E0
3.626314017E2,3.837000132E0,1.415295029E1,1.842000127E0
3.626338453E2,6.028050423E0,1.237095070E1,-5.809050083E0
3.626362890E2,8.524950027E0,1.198095036E1,-6.630000114E0
3.626387327E2,1.156395054E1,1.221105099E1,-1.348005104E1
3.626411762E2,3.760950089E0,1.295295048E1,-1.152195072E1
3.626436198E2,-1.939500123E-1,1.154505062E1,-2.299500108E-1
3.626460635E2,1.519500017E-1,1.235205078E1,5.509950161E0
3.626485070E2,1.672950029E0,1.179195023E1,1.003950000E0
3.626509506E2,1.218000054E0,8.428050041E0,-3.048000097E0
3.626533943E2,2.592000008E0,6.201000214E0,-1.396050096E0
3.626558379E2,7.206000328E0,6.337950230E0,-6.063000202E0
3.626582814E2,7.693950176E0,8.470950127E0,-6.841050148E0
3.626607251E2,2.587050200E0,8.641050339E0,-1.449000120E0
3.626631687E2,3.102000237E0,1.082700062E1,1.026000023E0
3.626656124E2,3.781950235E0,1.077405071E1,-1.000950098E0
3.626680559E2,4.378050327E0,7.377000332E0,-2.907000065E0
3.626704996E2,8.226000786E0,1.034100056E1,-5.266050339E0
3.626729432E2,1.023705006E1,7.918050289E0,-1.180695057E1
3.626753869E2,3.684000254E0,7.429050446E0,-1.047495079E1
3.626778303E2,-2.650050163E0,6.859950542E0,-8.895000070E-2
3.626802740E2,-4.999500215E-1,3.844950199E0,5.742000103E0
3.626827177E2,7.527000427E0,3.385050058E0,-7.639500499E-1
3.626851611E2,5.416950226E0,2.559000015E0,-5.542950153E0
3.626876048E2,5.520000458E-1,3.631950140E0,6.019500494E-1
3.626900484E2,7.912050247E0,2.851950169E0,-1.522950053E0
3.626924921E2,6.967050552E0,2.377050161E0,-6.445950508E0
3.626949356E2,-9.979500771E-1,5.550000191E0,-4.035000324E0
3.626973793E2,-5.100000501E-1,7.269000530E0,2.151000023E0
3.626998229E2,7.072050571E0,5.278950214E0,-1.329000115E0
3.627022666E2,7.395000458E0,5.488050461E0,-4.879950047E0
3.627047101E2,5.985000134E0,8.422950745E0,-3.988950253E0
3.627071537E2,1.038795090E1,6.895050526E0,-6.762000084E0
3.627095974E2,3.367950201E0,7.044000149E0,-7.327050209E0
3.627120411E2,-3.306000233E0,8.072999954E0,-3.700050116E0
3.627144845E2,1.773000121E0,5.844000340E0,5.920500159E-1
3.627169282E2,7.869000435E0,4.567950249E0,-5.649000168E0
3.627193718E2,2.086950064E0,4.333950043E0,-7.012950420E0
3.627218153E2,8.680500388E-1,6.555000305E0,8.749500513E-1
3.627242590E2,5.467950344E0,5.808000088E0,-9.060000181E-1
3.627267027E2,4.462050438E0,7.264050484E0,-3.316950083E0
3.627291463E2,8.230500221E-1,7.719000340E0,9.199500680E-1
3.627315900E2,2.772000074E0,9.838050842E0,1.081050038E0
3.627340334E2,7.504950523E0,1.089900017E1,-6.352950096E0
3.627364771E2,4.345050335E0,8.574000359E0,-8.278050423E0
3.627389207E2,6.243000507E0,1.013505077E1,-8.469000816E0
3.627413642E2,9.399000168E0,8.370000839E0,-1.143795013E1
3.627438079E2,1.354050040E0,8.844000816E0,-6.862950325E0
3.627462515E2,-1.513050079E0,9.577050209E0,3.463050127E0
3.627486952E2,1.717950106E0,7.980000496E0,3.822000265E0
3.627511387E2,6.259950161E0,8.169000626E0,-4.171050072E0
3.627535824E2,3.394050121E0,5.349000454E0,-4.269000053E0
3.627560260E2,3.121050119E0,7.036950111E0,-3.210000098E-1
3.627584694E2,6.174000263E0,7.537050247E0,-3.264000177E0
3.627609131E2,3.066000223E0,8.145000458E0,-5.088000298E0
3.627633568E2,5.569500327E-1,7.972950459E0,9.589500427E-1
3.627658004E2,5.080050468E0,1.076895046E1,-1.585050106E0
3.627682441E2,7.905000210E0,9.782999992E0,-6.994050503E0
3.627706876E2,6.442050457E0,9.658050537E0,-6.838950157E0
3.627731313E2,9.660000801E0,1.087995052E1,-7.092000484E0
3.627755749E2,9.286950111E0,1.008195019E1,-1.183095074E1
3.627780186E2,1.156050086E0,1.059495068E1,-6.084000111E0
3.627804621E2,-2.095050097E0,1.000305080E1,4.212000370E0
3.627829057E2,3.406050205E0,8.370000839E0,2.488950014E0
3.627853494E2,7.555950165E0,6.771000385E0,-6.264000416E0
3.627877928E2,3.528000116E0,7.168050289E0,-3.799950123E0
3.627902365E2,3.459000111E0,6.627000332E0,2.077050209E0
3.627926802E2,5.580000401E0,8.181000710E0,-1.594950080E0
3.627951238E2,3.567000151E0,9.702000618E0,-1.882050037E0
3.627975675E2,9.379500151E-1,1.050795078E1,1.605000019E0
3.628000109E2,3.777000189E0,1.168395042E1,-5.100000277E-2
3.628024546E2,6.022950172E0,1.057995033E1,-6.051000118E0
3.628048983E2,5.856000423E0,1.057095051E1,-5.518950462E0
3.628073417E2,1.130505085E1,1.210800076E1,-9.460050583E0
3.628097854E2,6.724950314E0,1.116900063E1,-1.016700077E1
3.628122291E2,3.319500089E-1,1.145400047E1,-3.235050201E0
3.628146727E2,-2.370000184E-1,9.286950111E0,3.439050198E0
3.628171162E2,3.856050253E0,1.040805054E1,6.229500175E-1
3.628195599E2,3.447000265E0,6.721050262E0,-6.930000305E0
3.628220035E2,1.438050032E0,6.441000462E0,-3.465000153E0
3.628244470E2,4.945950031E0,5.437050343E0,-2.935950041E0
3.628268907E2,6.451950073E0,6.103050232E0,-5.368050098E0
3.628293343E2,1.668000102E0,6.034050465E0,-2.031000137E0
3.628317780E2,1.492950082E0,1.029300022E1,2.437950134E0
3.628342217E2,2.149049997E0,1.046100044E1,2.698950052E0
3.628366651E2,4.069050312E0,6.703950405E0,-1.099050045E0
3.628391087E2,5.986950397E0,1.003395081E1,-5.248950481E0
3.628415524E2,1.017300034E1,9.093000412E0,-8.946000099E0
3.628439959E2,5.358000278E0,7.743000507E0,-1.296105099E1
3.628464396E2,-2.547000170E0,9.289950371E0,-4.969050407E0
3.628488832E2,-2.236050129E0,5.559000492E0,3.808050156E0
3.628513269E2,4.773000240E0,3.949950218E0,-1.714950085E0
3.628537706E2,5.214000225E0,3.334950209E0,-5.866050243E0
3.628562140E2,2.230950117E0,3.816000223E0,3.910500109E-1
3.628586577E2,7.483950138E0,3.292050123E0,1.330500096E-1
3.628611011E2,7.797000408E0,2.533050060E0,-6.927000523E0
3.628635448E2,-8.470500112E-1,5.928000450E0,-4.702950001E0
3.628659885E2,-4.500000179E-1,7.719000340E0,1.260000110E0
3.628684321E2,7.230000496E0,7.021950245E0,-3.172950268E0
3.628708758E2,7.465050220E0,7.860000610E0,-8.138999939E0
3.628733193E2,5.295000076E0,9.670050621E0,-5.755950451E0
3.628757630E2,1.052400017E1,8.325000763E0,-7.669050217E0
3.628782066E2,4.258950233E0,7.462950230E0,-8.989050865E0
3.628806500E2,-3.160050154E0,8.890050888E0,-4.159049988E0
3.628830937E2,3.301050186E0,6.721050262E0,1.195950031E0
3.628855373E2,9.322950363E0,5.518950462E0,-4.609050274E0
3.628879810E2,5.458050251E0,4.954050064E0,-4.411050320E0
3.628904247E2,2.404950142E0,7.924950600E0,2.932050228E0
3.628928682E2,6.685950279E0,7.783950329E0,-6.780000329E-1
3.628953119E2,4.383000374E0,8.974050522E0,-3.939000130E0
3.628977555E2,1.041000009E0,1.056405067E1,8.100000620E-1
3.629001990E2,3.010950089E0,1.123605061E1,3.739500046E-1
3.629026426E2,7.615050316E0,1.164105034E1,-7.983000278E0
3.629050863E2,5.566050053E0,1.099395084E1,-8.577000618E0
3.629075300E2,9.351000786E0,1.183995056E1,-1.045605087E1
3.629099734E2,7.888050556E0,1.114095020E1,-1.038495064E1
3.629124171E2,1.171950102E0,1.148805046E1,-3.733050108E0
3.629148608E2,-1.600500047E-1,1.046805096E1,4.105050087E0
3.629173044E2,3.130500019E-1,1.243605042E1,3.601950169E0
3.629197479E2,2.767050028E0,1.010100079E1,-1.327050090E0
3.629221916E2,4.920000136E-1,5.296050072E0,-2.062050104E0
3.629246352E2,4.681950092E0,6.358950138E0,-2.098050117E0
3.629270789E2,7.726050377E0,6.454950333E0,-7.437000275E0
3.629295223E2,2.281050205E0,6.736950397E0,-4.192950249E0
3.629319660E2,1.156050086E0,7.996950150E0,1.938000083E0
3.629344096E2,3.238950253E0,1.149495029E1,2.296950102E0
3.629368531E2,3.375000238E0,7.587000370E0,-9.750000238E-1
3.629392968E2,6.511950493E0,7.279050350E0,-4.179000378E0
3.629417404E2,1.114905071E1,8.623950005E0,-9.967950821E0
3.629441841E2,6.646050453E0,6.441000462E0,-1.305405045E1
3.629466276E2,-2.088000059E0,8.191050529E0,-3.088950157E0
3.629490713E2,-2.617050171E0,4.864950180E0,5.211000443E0
3.629515149E2,4.338000298E0,3.771000147E0,-2.610000074E-1
3.629539586E2,5.200050354E0,2.452050209E0,-5.977050304E0
3.629564020E2,1.186950088E0,4.675950050E0,1.086000085E0
3.629588457E2,6.721950531E0,3.112050056E0,6.520500183E-1
3.629612893E2,6.447000504E0,3.115050077E0,-5.740050316E0
3.629637330E2,-1.479000092E0,5.482950211E0,-2.907000065E0
3.629661765E2,-7.780500650E-1,7.219050407E0,1.969050050E0
3.629686202E2,7.084050179E0,6.771000385E0,-1.533000112E0
3.629710638E2,6.592950344E0,6.555000305E0,-7.392000198E0
3.629735075E2,5.275950432E0,9.241950035E0,-3.400050163E0
3.629759509E2,9.646050453E0,7.936950207E0,-6.616050243E0
3.629783946E2,2.628000021E0,7.711950302E0,-8.878050804E0
3.629808383E2,-3.828000069E0,8.416049957E0,-2.160000086E0
3.629832819E2,8.470500112E-1,6.733050346E0,3.682950258E0
3.629857254E2,7.171950340E0,6.040950298E0,-4.959000111E0
3.629881691E2,3.789000273E0,6.265950203E0,-3.925050259E0
3.629906127E2,3.949950218E0,8.902050018E0,2.761950016E0
3.629930564E2,6.166950226E0,8.494950294E0,-2.670000076E0
3.629954999E2,2.733000040E0,9.505050659E0,-2.605050087E0
3.629979435E2,1.306050062E0,1.148100090E1,8.410500288E-1
3.630003872E2,1.797000051E0,1.430295086E1,8.940000534E-1
3.630028307E2,4.780950069E0,1.332900047E1,-4.594950199E0
3.630052743E2,2.827050209E0,1.237395096E1,-5.989050388E0
3.630077180E2,6.579000473E0,1.246695042E1,-6.477000237E0
3.630101617E2,7.327950478E0,1.217505074E1,-9.550950050E0
3.630126051E2,1.587000132E0,1.158105087E1,-4.698000431E0
3.630150487E2,8.680500388E-1,1.240905094E1,3.537000179E0
3.630174924E2,3.073050261E0,1.476105022E1,1.627050042E0
3.630199361E2,2.347950220E0,1.119795036E1,-3.040950060E0
3.630223796E2,2.629500031E-1,9.406949997E0,-1.711950064E0
3.630248233E2,2.295000076E0,9.144000053E0,-1.923000097E0
3.630272669E2,4.681950092E0,1.021395016E1,-5.469000340E0
3.630297106E2,1.630050063E0,1.080495071E1,-3.007950068E0
3.630321540E2,1.582050085E0,1.026705074E1,1.540050030E0
3.630345977E2,4.720950127E0,1.201200104E1,3.360000253E-1
3.630370413E2,3.817950249E0,8.686050415E0,-2.533950090E0
3.630394848E2,5.722050190E0,8.430000305E0,-3.742950201E0
3.630419285E2,1.060305023E1,1.019205093E1,-7.801050186E0
3.630443722E2,6.253050327E0,8.657999992E0,-1.057095051E1
3.630468158E2,3.769500256E-1,9.390000343E0,-2.755950212E0
3.630492595E2,-6.270000339E-1,7.123050213E0,2.677950144E0
3.630517030E2,6.046950340E0,6.352050304E0,-4.708050251E0
3.630541466E2,5.551950455E0,4.621050358E0,-1.072200012E1
3.630565903E2,1.375950098E0,6.766050339E0,-2.883000135E0
3.630590337E2,6.274950504E0,4.662000179E0,5.299500227E-1
3.630614774E2,6.022950172E0,4.267050266E0,-3.490950108E0
3.630639210E2,-6.990000606E-1,6.577050209E0,-1.465950012E0
3.630663647E2,1.263000011E0,8.044950485E0,2.422049999E0
3.630688082E2,9.193050385E0,4.831950188E0,-3.252000093E0
3.630712519E2,4.807050228E0,4.984950066E0,-8.017050743E0
3.630736955E2,2.142000198E0,6.679950237E0,-5.256000042E0
3.630761390E2,9.889950752E0,6.321000099E0,-5.233950138E0
3.630785826E2,5.106000423E0,5.109000206E0,-7.722000599E0
3.630810263E2,-2.578050137E0,6.402000427E0,-4.240950108E0
3.630834700E2,2.094000101E0,4.755000114E0,1.159500033E-1
3.630859136E2,9.736950874E0,2.784000158E0,-3.051000118E0
3.630883571E2,7.029000282E0,3.300000131E-1,-6.961050510E0
3.630908008E2,1.240500063E-1,4.666050434E0,-2.479050159E0
3.630932444E2,6.130950451E0,4.309950352E0,-1.981050134E0
3.630956879E2,6.901950359E0,2.808000088E0,-5.251050472E0
3.630981316E2,-6.180000305E-1,4.468050003E0,-2.740050077E0
3.631005752E2,1.146000028E0,7.141950130E0,2.115000010E0
3.631030189E2,8.044050217E0,5.196000099E0,-2.959950209E0
3.631054626E2,4.062000275E0,5.515950203E0,-7.267050266E0
3.631079060E2,8.710500598E-1,7.237950325E0,-5.320500135E-1
3.631103497E2,7.036050320E0,6.619950294E0,-2.469000101E0
3.631127933E2,5.599050045E0,7.261950493E0,-7.201950550E0
3.631152368E2,-7.660500407E-1,9.892950058E0,1.677000046E0
3.631176805E2,-1.551000118E0,8.526000023E0,3.643050194E0
3.631201241E2,1.147950053E0,9.589050293E0,4.890000224E-1
3.631225678E2,3.804000139E0,1.018800068E1,-7.470000386E-1
3.631250113E2,2.242950201E0,7.924950600E0,-1.090050101E0
3.631274550E2,7.552950382E0,1.033395004E1,-4.810950279E0
3.631298986E2,6.469050407E0,1.040805054E1,-8.653050423E0
3.631323422E2,1.891050100E0,1.167900085E1,-4.019999981E0
3.631347857E2,1.860000134E0,1.188495064E1,2.070000172E-1
3.631372293E2,5.542050362E0,1.295100021E1,-5.680050373E0
3.631396730E2,3.715050220E0,1.194300079E1,-5.160000324E0
3.631421167E2,1.042950034E0,1.087500095E1,-1.690950036E0
3.631445602E2,5.202000141E0,1.119600010E1,-2.050050020E0
3.631470039E2,6.283950329E0,1.140195084E1,-5.959950447E0
3.631494475E2,2.170950174E0,9.345000267E0,-3.501000166E0
3.631518912E2,2.392950058E0,7.590000153E0,-5.820000172E-1
3.631543346E2,6.976050377E0,8.989950180E0,-4.237950325E0
3.631567782E2,4.560000420E0,7.768950462E0,-8.392050743E0
3.631592219E2,1.006950021E0,6.013950348E0,-1.794000030E0
3.631616654E2,4.432950020E0,7.245000362E0,1.833000064E0
3.631641091E2,6.520950317E0,8.125950813E0,-3.480000198E-1
3.631665528E2,2.982000113E0,7.092000484E0,-7.200000435E-2
3.631689964E2,2.926950216E0,8.896950722E0,9.370500445E-1
3.631714401E2,5.923050404E0,8.494950294E0,-1.516050100E0
3.631738836E2,5.022000313E0,7.341000557E0,-6.409950256E0
3.631763272E2,7.489500642E-1,7.848000526E0,-3.661050081E0
3.631787708E2,1.675050020E0,8.907000542E0,1.078050017E0
3.631812143E2,5.190000057E0,8.803950310E0,-1.753050089E0
3.631836580E2,1.030950069E0,8.622000694E0,-3.031950235E0
3.631861016E2,-1.032000065E0,8.176050186E0,2.797050238E0
3.631885453E2,2.494050026E0,9.052950859E0,4.410000145E-1
3.631909888E2,6.145050526E0,1.087695026E1,-6.379050255E0
3.631934324E2,2.371950150E0,9.532050133E0,-4.246050358E0
3.631958761E2,7.605000585E-2,9.022050858E0,2.860050201E0
3.631983195E2,1.426050067E0,1.182105064E1,7.960500121E-1
3.632007632E2,2.875050068E0,1.207395077E1,-1.959000111E0
3.632032069E2,2.317050219E0,9.795000076E0,-1.822950125E0
3.632056505E2,3.430050135E0,1.015395069E1,-2.316000223E0
3.632080942E2,5.760000229E0,1.183500099E1,-5.554950237E0
3.632105377E2,3.331950188E0,1.000305080E1,-6.582000256E0
3.632129813E2,6.529500484E-1,8.686050415E0,-9.799500704E-1
3.632154250E2,2.923050165E0,1.086795044E1,-5.749500394E-1
3.632178685E2,4.339950085E0,1.053000069E1,-3.558000088E0
3.632203122E2,1.237050056E0,8.076000214E0,-3.372000217E0
3.632227558E2,1.759050131E0,8.011050224E0,-1.609500051E-1
3.632251995E2,7.395000458E0,9.280050278E0,-4.444050312E0
3.632276429E2,5.298000336E0,8.643000603E0,-9.666000366E0
3.632300866E2,7.939500213E-1,6.385050297E0,-4.987950325E0
3.632325302E2,1.426050067E0,8.563950539E0,5.640000105E-1
3.632349739E2,2.053050041E0,7.810050488E0,-2.127000093E0
3.632374174E2,2.595000029E0,5.806050301E0,-4.593000412E0
3.632398611E2,1.857000113E0,6.522000313E0,-2.098050117E0
3.632423047E2,7.165050507E0,6.271050453E0,-2.497950077E0
3.632447484E2,7.459950447E0,5.386950493E0,-6.393000126E0
3.632471919E2,-2.130000144E-1,6.892950535E0,-3.096000195E0
3.632496355E2,2.578050137E0,5.800950050E0,1.612050056E0
3.632520791E2,9.973950386E0,5.425050259E0,-2.100000143E0
3.632545226E2,4.648950100E0,5.787000179E0,-5.440050125E0
3.632569663E2,-8.550000191E-1,6.037950516E0,-2.910000086E0
3.632594099E2,6.921000481E0,5.005950451E0,-1.831950068E0
3.632618536E2,1.171005058E1,5.526000500E0,-5.899950504E0
3.632642973E2,2.713950157E0,6.529050350E0,-6.274050236E0
3.632667408E2,-1.378950119E0,8.200050354E0,3.070050240E0
3.632691845E2,3.388950109E0,7.540050507E0,2.137050152E0
3.632716281E2,6.985950470E0,8.515950203E0,-4.717050076E0
3.632740715E2,3.763050079E0,8.617050171E0,-2.397000074E0
3.632765152E2,3.646050215E0,9.466950417E0,-9.250500202E-1
3.632789589E2,6.805950165E0,9.891000748E0,-4.849050045E0
3.632814025E2,4.527000427E0,9.022050858E0,-7.375050545E0
3.632838460E2,1.540950060E0,9.876000404E0,-3.585000277E0
3.632862897E2,3.253050089E0,1.021605015E1,-1.849050045E0
3.632887333E2,4.939050198E0,1.122900009E1,-5.035950184E0
3.632911768E2,1.660950065E0,1.134600067E1,-3.964950085E0
3.632936205E2,1.570500135E-1,8.578950882E0,9.490500689E-1
3.632960642E2,3.442050219E0,8.662050247E0,-1.365000010E0
3.632985078E2,5.853000164E0,1.084395027E1,-6.994050503E0
3.633009515E2,2.134950161E0,7.234950542E0,-5.148000240E0
3.633033949E2,1.182000041E0,6.127050400E0,8.505000174E-2
3.633058386E2,5.290950298E0,8.305950165E0,-3.550500274E-1
3.633082822E2,3.612000227E0,7.750050545E0,-1.729050040E0
3.633107257E2,2.179949999E0,6.691950321E0,-5.970000029E-1
3.633131694E2,3.639000177E0,8.218950272E0,1.570500135E-1
3.633156130E2,7.126950264E0,7.563000202E0,-4.441950321E0
3.633180567E2,2.142000198E0,7.231050491E0,-6.783000469E0
3.633205002E2,-1.395000052E-2,7.566000462E0,9.300000668E-1
3.633229438E2,3.361050129E0,8.254950523E0,1.360950112E0
3.633253875E2,6.427950382E0,7.864950180E0,-3.148950100E0
3.633278312E2,1.488000035E0,7.396050453E0,-4.114050388E0
3.633302746E2,1.138950109E0,8.047050476E0,2.260500044E-1
3.633327183E2,6.559950352E0,8.421000481E0,-3.325950146E0
3.633351619E2,4.654050350E0,8.944950104E0,-7.711950302E0
3.633376056E2,-1.669500023E-1,9.249000549E0,-2.194050074E0
3.633400491E2,2.190000117E-1,8.337000847E0,3.127950191E0
3.633424928E2,4.510050297E0,9.787950516E0,-8.070000410E-1
3.633449364E2,3.969000101E0,7.555950165E0,-5.602950096E0
3.633473801E2,1.426050067E0,8.191050529E0,-1.842000127E0
3.633498235E2,5.503950119E0,9.052950859E0,6.105000153E-2
3.633522671E2,7.381050587E0,7.947000504E0,-5.232000351E0
3.633547108E2,7.939500213E-1,8.593050003E0,-4.653000355E0
3.633571545E2,4.800000191E-1,9.400050163E0,1.435050011E0
3.633595980E2,4.720950127E0,9.778050423E0,-6.760500073E-1
3.633620417E2,5.200050354E0,9.163050652E0,-6.139050484E0
3.633644853E2,2.820000052E-1,9.895050049E0,-1.516050100E0
3.633669288E2,-7.050000131E-3,9.643950462E0,2.509950161E0
3.633693725E2,4.045950413E0,9.985950470E0,-1.981050134E0
3.633718161E2,6.070950508E0,1.024305058E1,-8.433000565E0
3.633742598E2,2.109000206E0,8.566950798E0,-4.092000008E0
3.633767032E2,1.275000095E0,9.100950241E0,8.010000587E-1
3.633791469E2,5.046000004E0,1.030695057E1,-2.047950029E0
3.633815906E2,4.945950031E0,9.994050026E0,-5.341950417E0
3.633840342E2,3.301050186E0,9.661050797E0,-2.536050081E0
3.633864779E2,5.215950012E0,9.499950409E0,-2.359050035E0
3.633889214E2,6.436950207E0,8.751000404E0,-7.164000511E0
3.633913650E2,2.146950006E0,8.155050278E0,-5.566950321E0
3.633938087E2,2.550000250E-1,7.180050373E0,1.426050067E0
3.633962522E2,3.454050064E0,7.930050373E0,1.830000043E0
3.633986959E2,4.657950401E0,6.412050247E0,-2.887950182E0
3.634011395E2,7.960500121E-1,7.080000401E0,-5.100000501E-1
3.634035832E2,4.114950180E0,7.258950233E0,3.720000088E-1
3.634060266E2,9.628950119E0,7.200000286E0,-6.244950294E0
3.634084702E2,2.977950096E0,8.595000267E0,-9.645000458E0
3.634109139E2,-1.417050123E0,7.288050175E0,-7.879500389E-1
3.634133574E2,-1.162950039E0,7.077000141E0,5.236950397E0
3.634158011E2,4.896000385E0,6.310950279E0,-1.080000028E-1
3.634182447E2,4.309050083E0,5.983050346E0,-4.404000282E0
3.634206884E2,1.579050064E0,5.641050339E0,-8.239500523E-1
3.634231321E2,6.982950211E0,5.995050430E0,-1.890000105E0
3.634255755E2,7.489050388E0,5.803950310E0,-7.758000374E0
3.634280192E2,-4.500000179E-1,7.726050377E0,-3.810000181E0
3.634304628E2,-1.951050043E0,8.023050308E0,4.675050259E0
3.634329063E2,-2.440500110E-1,8.029950142E0,1.081050038E0
3.634353500E2,4.041000366E0,7.326000214E0,-6.060000062E-1
3.634377936E2,1.606050134E0,6.615000248E0,-2.680050135E0
3.634402373E2,4.299000263E0,7.258950233E0,-2.023950100E0
3.634426808E2,9.259950638E0,7.243050575E0,-7.894050598E0
3.634451245E2,4.048050404E0,7.482000351E0,-1.093005085E1
3.634475681E2,-9.190500379E-1,7.948950291E0,-2.479050159E0
3.634500118E2,3.010500073E-1,8.020950317E0,3.765000105E0
3.634524552E2,5.590050220E0,7.984950542E0,-8.479500413E-1
3.634548989E2,4.539000034E0,7.366950512E0,-6.115050316E0
3.634573425E2,2.002950191E0,7.606950283E0,-3.534000158E0
3.634597862E2,8.568000793E0,7.918050289E0,-5.464050293E0
3.634622297E2,8.176050186E0,8.059050560E0,-1.034100056E1
3.634646734E2,-3.520500064E-1,9.460050583E0,-6.079950333E0
3.634671170E2,-1.266000032E0,9.799950600E0,4.252950191E0
3.634695605E2,5.062950134E0,9.759000778E0,3.709950209E0
3.634720042E2,7.788000584E0,9.996000290E0,-4.152000427E0
3.634744478E2,2.839050055E0,9.784950256E0,-3.372000217E0
3.634768915E2,3.478050232E0,8.908950806E0,-1.119000077E0
3.634793349E2,6.916050434E0,9.816000938E0,-4.624050140E0
3.634817786E2,4.345050335E0,9.855000496E0,-7.851000309E0
3.634842223E2,9.349500537E-1,1.007700062E1,-1.240950108E0
3.634866660E2,1.170000061E-1,1.046505070E1,2.472000122E0
3.634891094E2,2.733000040E0,1.258905029E1,5.879999995E-1
3.634915531E2,4.122000217E0,1.201395035E1,-3.586950064E0
3.634939967E2,3.006000042E0,1.065195084E1,-2.335050106E0
3.634964404E2,4.018949986E0,1.114500046E1,-2.152950048E0
3.634988839E2,4.957950115E0,1.195005035E1,-5.349000454E0
3.635013276E2,1.438050032E0,1.010595036E1,-4.899000168E0
3.635037712E2,3.730500042E-1,8.695950508E0,4.099500179E-1
3.635062149E2,1.642050028E0,1.062105083E1,1.452000022E0
3.635086583E2,4.795050144E0,1.005405045E1,-1.846050143E0
3.635111020E2,2.182950020E0,6.510000229E0,-3.024000168E0
3.635135456E2,2.784000158E0,7.606950283E0,-1.909050107E0
3.635159893E2,7.228050232E0,8.623950005E0,-3.391050100E0
3.635184328E2,6.289050102E0,6.586950302E0,-8.902050018E0
3.635208765E2,7.630500197E-1,5.386950493E0,-4.903950214E0
3.635233201E2,5.470499992E-1,4.678050041E0,1.867950082E0
3.635257635E2,3.630000055E-1,8.227050781E0,3.720000088E-1
3.635282072E2,2.575050116E0,4.492050171E0,-5.337000370E0
3.635306509E2,2.223000050E0,4.039050102E0,-4.303050041E0
3.635330946E2,3.861000299E0,6.852000237E0,-2.944950104E0
3.635355383E2,7.618050575E0,6.001950264E0,-4.605000019E0
3.635379817E2,1.960050106E0,8.445000648E0,-4.413000107E0
3.635404253E2,-1.468050122E0,7.318950176E0,5.110500455E-1
3.635428688E2,4.108050346E0,7.123050213E0,3.709950209E0
3.635453125E2,9.310950279E0,5.722050190E0,-2.919000149E0
3.635477562E2,3.129000187E0,6.895050526E0,-5.254050255E0
3.635501998E2,2.347950220E0,6.406950474E0,-1.803000093E0
3.635526435E2,9.277050018E0,6.816000462E0,-4.602000237E0
3.635550870E2,7.594050407E0,8.607000351E0,-9.300000191E0
3.635575306E2,6.310500503E-1,9.823950768E0,-3.336000204E0
3.635599742E2,-1.365000010E0,8.863950729E0,4.330049992E0
3.635624177E2,3.270000219E-1,1.038405037E1,1.347000122E0
3.635648614E2,2.508000135E0,1.201005077E1,-1.459050059E0
3.635673050E2,3.576000214E0,1.021905041E1,-1.909050107E0
3.635697487E2,5.283000469E0,9.357000351E0,-2.919000149E0
3.635721924E2,8.074950218E0,1.017795086E1,-9.739950180E0
3.635746359E2,4.093050003E0,1.097295094E1,-8.589000702E0
3.635770796E2,8.320500255E-1,1.096095085E1,-1.284000039E0
3.635795232E2,9.280500412E-1,1.194300079E1,2.710500062E-1
3.635819666E2,1.522050023E0,1.443705082E1,8.629500270E-1
3.635844103E2,1.678050041E0,1.075305080E1,1.500000060E-2
3.635868539E2,7.099500299E-1,8.989950180E0,3.120000064E-1
3.635892976E2,6.397050381E0,1.088700008E1,-8.359500170E-1
3.635917411E2,7.443000317E0,9.771000862E0,-9.321000099E0
3.635941848E2,3.097050190E0,7.623000145E0,-1.012605095E1
3.635966285E2,1.194000006E0,8.253000259E0,-2.572050095E0
3.635990721E2,3.708000183E0,9.856950760E0,1.653000116E0
3.636015155E2,2.668950081E0,9.454950333E0,-1.995000057E-2
3.636039592E2,1.849950075E0,8.682000160E0,9.469500184E-1
3.636064029E2,4.711050034E0,9.955050468E0,-8.359500170E-1
3.636088463E2,8.713950157E0,7.537050247E0,-6.432000160E0
3.636112900E2,4.483950138E0,7.137000561E0,-1.050405025E1
3.636137337E2,1.579050064E0,7.030050278E0,-5.887950420E0
3.636161773E2,2.556000233E0,7.687950134E0,-1.123050094E0
3.636186210E2,2.479950190E0,8.670000076E0,-2.301000118E0
3.636210645E2,8.130000234E-1,6.271050453E0,-2.755950212E0
3.636235081E2,1.468950033E0,6.505050182E0,2.232000113E0
3.636259518E2,8.251950264E0,6.630000114E0,-1.212000012E0
3.636283952E2,9.973950386E0,7.147050381E0,-8.782950401E0
3.636308389E2,6.150000095E-1,8.039999962E0,-6.211050510E0
3.636332825E2,-1.438950062E0,6.139050484E0,3.100500107E-1
3.636357262E2,5.398050308E0,6.289950371E0,2.400000095E0
3.636381699E2,7.963050365E0,6.649050236E0,-3.814950228E0
3.636406134E2,1.548000097E0,6.460050106E0,-3.397950172E0
3.636430570E2,3.910950184E0,6.916950226E0,3.190500140E-1
3.636455007E2,1.067295074E1,6.298950195E0,-5.989050388E0
3.636479441E2,4.837950230E0,7.659000397E0,-8.815950394E0
3.636503878E2,-3.709500134E-1,8.808000565E0,-5.100000277E-2
3.636528314E2,-3.690000176E-1,9.247050285E0,3.517950058E0
3.636552751E2,4.393050194E0,9.751950264E0,-8.860500455E-1
3.636577186E2,4.171950340E0,9.337950706E0,-5.230050087E0
3.636601623E2,2.664000034E0,8.653050423E0,-2.239050150E0
3.636626059E2,3.480000257E0,8.689050674E0,-2.689050198E0
3.636650494E2,5.275950432E0,1.054200077E1,-5.577000141E0
3.636674931E2,1.941000104E0,1.002705002E1,-4.699950218E0
3.636699367E2,6.150000095E-1,8.217000008E0,1.912050128E0
3.636723804E2,6.289500594E-1,9.429000854E0,1.030050039E0
3.636748241E2,2.362050056E0,1.368600082E1,8.505000174E-2
3.636772675E2,3.519000053E0,1.079595089E1,-3.112950087E0
3.636797112E2,2.977950096E0,8.955000877E0,-2.875950098E0
3.636821548E2,5.587050438E0,1.041495037E1,-3.505950212E0
3.636845983E2,4.207950115E0,1.135395050E1,-5.424000263E0
3.636870420E2,9.430500269E-1,9.414000511E0,-3.544050217E0
3.636894856E2,3.340500295E-1,8.160000801E0,2.773950100E0
3.636919293E2,5.260500312E-1,1.155705070E1,1.762950063E0
3.636943727E2,2.233050108E0,1.172205067E1,-4.720500112E-1
3.636968164E2,3.069000244E0,9.622950554E0,-4.339500070E-1
3.636992601E2,3.471000195E0,8.988000870E0,-1.072950006E0
3.637017038E2,8.142000198E0,1.140900040E1,-3.445950270E0
3.637041472E2,6.105000496E0,1.112595081E1,-9.774000168E0
3.637065909E2,1.687050104E0,9.115050316E0,-5.380050182E0
3.637090345E2,2.092050076E0,7.911000252E0,4.560000300E-1
3.637114782E2,4.491000175E0,1.111200047E1,-4.840500355E-1
3.637139217E2,3.289050102E0,8.509050369E0,-3.939000130E0
3.637163654E2,2.817000151E0,8.089950562E0,-2.521950006E0
3.637188090E2,5.062950134E0,8.266950607E0,-1.755000114E0
3.637212525E2,7.237050533E0,8.998050690E0,-7.210050106E0
3.637236961E2,2.884050131E0,7.930050373E0,-8.107950211E0
3.637261398E2,-4.189500213E-1,7.434000492E0,-9.370500445E-1
3.637285834E2,2.094000101E0,7.999050617E0,2.938950062E0
3.637310269E2,5.788950443E0,7.471950531E0,-2.287050009E0
3.637334706E2,2.398050070E0,6.952950478E0,-2.668050051E0
3.637359143E2,2.652000189E0,6.526950359E0,8.170500398E-1
3.637383579E2,9.555000305E0,7.024950504E0,-4.846950054E0
3.637408014E2,7.084050179E0,8.433000565E0,-1.264200020E1
3.637432451E2,-7.605000585E-2,7.768950462E0,-7.915950298E0
3.637456887E2,-4.860000312E-1,6.682050228E0,1.785000086E0
3.637481324E2,5.125050068E0,7.140000343E0,1.720050097E0
3.637505759E2,5.341050148E0,7.152000427E0,-4.019999981E0
3.637530195E2,1.339950085E0,6.475950241E0,-1.971000075E0
3.637554632E2,5.652000427E0,5.302950382E0,-1.839000106E0
3.637579066E2,1.089795017E1,5.763000488E0,-8.020950317E0
3.637603503E2,3.487950087E0,6.948000431E0,-1.012605095E1
3.637627940E2,-2.212050200E0,6.342000484E0,-1.602000117E0
3.637652376E2,-3.010500073E-1,6.763950348E0,4.684050083E0
3.637676813E2,5.101050377E0,7.117950439E0,2.070000172E-1
3.637701248E2,4.335000038E0,7.021950245E0,-4.084949970E0
3.637725685E2,6.360000372E-1,6.754050255E0,1.075950027E0
3.637750121E2,3.676950216E0,7.171050549E0,8.250000477E-1
3.637774556E2,8.935050011E0,9.175050735E0,-8.266050339E0
3.637798992E2,2.796000242E0,8.513999939E0,-8.673000336E0
3.637823429E2,-1.161000013E0,8.488050461E0,2.227950096E0
3.637847866E2,-1.956000090E0,9.297000885E0,3.528000116E0
3.637872300E2,-5.190000534E-1,1.142295074E1,-7.980000377E-1
3.637896737E2,2.959050179E0,1.047495079E1,-9.940500259E-1
3.637921173E2,2.869950056E0,7.774050236E0,-2.151000023E0
3.637945610E2,5.065050125E0,8.607000351E0,-3.688050270E0
3.637970045E2,7.411950588E0,1.158600044E1,-8.586000443E0
3.637994482E2,2.733000040E0,8.725049973E0,-5.983950138E0
3.638018918E2,8.230500221E-1,7.987050533E0,1.323000073E0
3.638043355E2,1.546050072E0,1.215300083E1,3.099000216E0
3.638067789E2,2.592000008E0,1.318305016E1,2.205000073E-2
3.638092226E2,2.209050179E0,8.217000008E0,-2.071950197E0
3.638116662E2,4.168050289E0,8.773050308E0,-1.774950027E0
3.638141099E2,9.270000458E0,1.149195099E1,-5.236950397E0
3.638165534E2,7.207950115E0,1.069305038E1,-1.023105049E1
3.638189970E2,1.740000129E0,9.891000748E0,-5.710950375E0
3.638214407E2,1.567050099E0,8.404050827E0,3.091950178E0
3.638238844E2,1.510050058E0,1.356105042E1,4.725000381E0
3.638263279E2,2.025000095E0,1.000305080E1,-1.389000058E0
3.638287716E2,3.411000252E0,8.734050751E0,-3.925050259E0
3.638312152E2,5.556000233E0,8.365950584E0,-5.823000431E0
3.638336589E2,8.425050735E0,1.011600018E1,-9.262050629E0
3.638361023E2,4.219950199E0,9.084000587E0,-9.286050797E0
3.638385460E2,8.080500364E-1,8.266950607E0,-2.617050171E0
3.638409896E2,1.488000035E0,9.342000008E0,3.753000259E0
3.638434331E2,5.275950432E0,9.385950089E0,-1.389000058E0
3.638458768E2,4.327950001E0,7.210950375E0,-6.799950123E0
3.638483204E2,2.500950098E0,6.117000103E0,-3.987000227E0
3.638507641E2,6.136050224E0,5.856000423E0,-3.276000261E0
3.638532076E2,7.912050247E0,7.482000351E0,-8.866950035E0
3.638556513E2,1.311000109E0,5.655000210E0,-6.931950092E0
3.638580949E2,-1.573050022E0,4.686000347E0,3.480000257E0
3.638605386E2,2.379000187E0,5.125950336E0,6.195000172E0
3.638629820E2,6.172050476E0,6.232050419E0,-1.957050085E0
3.638654257E2,2.542050123E0,5.598000050E0,-2.091000080E0
3.638678693E2,1.020000055E-1,4.788000107E0,-4.120500088E-1
3.638703130E2,6.295950413E0,5.799000263E0,-2.280000210E0
3.638727565E2,5.856000423E0,5.764950275E0,-8.755949974E0
3.638752001E2,-1.120050073E0,5.298000336E0,-3.901050091E0
3.638776438E2,-1.575000048E0,5.578950405E0,5.890950203E0
3.638800872E2,4.144050121E0,5.950050354E0,2.749950171E0
3.638825309E2,7.620000362E0,7.582950592E0,-5.356050491E0
3.638849746E2,2.944050074E0,5.928000450E0,-2.814000130E0
3.638874182E2,8.400000334E-1,7.231050491E0,2.343000174E0
3.638898619E2,5.853000164E0,9.622950554E0,-3.894000292E0
3.638923053E2,5.856000423E0,9.627000809E0,-9.019950867E0
3.638947490E2,7.560000420E-1,8.227050781E0,-4.291050434E0
3.638971927E2,-2.730000019E-1,7.008000374E0,1.879950047E0
3.638996362E2,3.247950077E0,1.040100002E1,-9.750000238E-1
3.639020799E2,5.620950222E0,1.008195019E1,-5.658000469E0
3.639045235E2,2.803050041E0,7.156050205E0,-4.561950207E0
3.639069672E2,2.944050074E0,9.112950325E0,-1.915950060E0
3.639094106E2,7.311000347E0,9.292050362E0,-5.755950451E0
3.639118543E2,4.102950096E0,8.707950592E0,-8.409000397E0
3.639142979E2,5.449500084E-1,7.039050102E0,-1.449000120E0
3.639167416E2,1.660950065E0,8.344050407E0,3.451050282E0
3.639191851E2,3.270000219E0,1.191600037E1,2.137050152E0
3.639216288E2,1.894950032E0,8.896950722E0,-1.377000093E0
3.639240724E2,9.859500527E-1,8.895000458E0,-1.300500035E-1
3.639265161E2,2.496000051E0,9.852000237E0,-3.000000119E-1
3.639289596E2,5.785950184E0,1.199505043E1,-4.243050098E0
3.639314032E2,4.302000046E0,1.094400024E1,-6.096000195E0
3.639338469E2,1.711050034E0,9.177000046E0,-4.720500112E-1
3.639362903E2,4.399500191E-1,1.040295029E1,2.256000042E0
3.639387340E2,2.230950117E0,1.333095074E1,6.040500402E-1
3.639411777E2,5.383950233E0,1.219905090E1,-3.610950232E0
3.639436213E2,4.285050392E0,8.827950478E0,-4.332000256E0
3.639460648E2,4.636950016E0,1.023495007E1,-4.501950264E0
3.639485085E2,8.314949989E0,1.303695107E1,-6.867000103E0
3.639509521E2,4.708950043E0,1.008495045E1,-8.731950760E0
3.639533956E2,8.989500403E-1,9.922050476E0,-1.744050026E0
3.639558393E2,1.564950109E0,9.673050880E0,2.884050131E0
3.639582829E2,3.889950275E0,1.322805023E1,-8.839500546E-1
3.639607266E2,3.409050226E0,8.868000031E0,-4.698000431E0
3.639631702E2,1.060050011E0,6.325950146E0,-2.428050041E0
3.639656137E2,2.226000071E0,7.678050518E0,1.300500035E-1
3.639680574E2,6.784950256E0,7.819950581E0,-5.152950287E0
3.639705010E2,4.744950294E0,5.641050339E0,-8.923950195E0
3.639729445E2,8.710500598E-1,6.723000526E0,-1.897050142E0
3.639753882E2,1.728000045E0,7.432050228E0,4.806000233E0
3.639778318E2,5.745000362E0,9.571950912E0,3.000000119E-1
3.639802755E2,3.682050228E0,8.575950623E0,-3.727950096E0
3.639827192E2,3.610500097E-1,8.077950478E0,-1.071000099E0
3.639851626E2,3.016050100E0,8.131050110E0,-4.050000310E-1
3.639876063E2,7.717950344E0,9.000000000E0,-4.741050243E0
3.639900499E2,4.183950424E0,6.948000431E0,-6.312000275E0
3.639924934E2,1.536000013E0,7.060950279E0,2.449500114E-1
3.639949371E2,2.113049984E0,9.121950150E0,2.376000166E0
3.639973807E2,7.407000542E0,1.139205074E1,-2.823000193E0
3.639998244E2,5.314950466E0,9.048000336E0,-5.682000160E0
3.640022681E2,1.939050078E0,8.839950562E0,-2.944950104E0
3.640047115E2,1.759050131E0,1.051800060E1,-9.580500722E-1
3.640071552E2,5.299950123E0,1.294305038E1,-4.030050278E0
3.640095986E2,3.988050222E0,1.001295090E1,-4.993050098E0
3.640120423E2,1.423950076E0,8.509050369E0,-3.210000098E-1
3.640144859E2,8.659500480E-1,1.114500046E1,2.340000153E0
3.640169296E2,4.423950195E0,1.339395046E1,-1.600050092E0
3.640193731E2,3.712950230E0,1.040295029E1,-5.079000473E0
3.640218168E2,1.740000129E0,9.440999985E0,-4.794000149E0
3.640242604E2,1.717950106E0,9.472050667E0,-1.678950071E0
3.640267041E2,4.819050312E0,9.139050484E0,-4.552050114E0
3.640291475E2,4.744950294E0,5.512050152E0,-6.328950405E0
3.640315912E2,1.924050093E0,4.762050152E0,-1.231050014E0
3.640340348E2,3.684000254E0,7.765050411E0,3.049050093E0
3.640364785E2,6.615000248E0,9.606000900E0,-6.090000272E-1
3.640389220E2,3.913950205E0,6.442950249E0,-4.774950027E0
3.640413657E2,1.267950058E0,6.891000271E0,-1.617000103E0
3.640438093E2,1.819050074E0,8.646000862E0,-1.231050014E0
3.640462530E2,5.719050407E0,7.707000256E0,-6.502950191E0
3.640486964E2,4.045950413E0,4.408050060E0,-9.397950172E0
3.640511401E2,-2.800500095E-1,3.024000168E0,-1.897050142E0
3.640535837E2,4.230000079E-1,5.305950165E0,4.111950397E0
3.640560274E2,7.194000244E0,5.263050079E0,-1.492050052E0
3.640584709E2,5.269050121E0,3.804000139E0,-6.883950233E0
3.640609146E2,-4.950000439E-3,4.077000141E0,-3.193950176E0
3.640633583E2,3.727050066E0,6.297000408E0,-2.541000128E0
3.640658017E2,8.488950729E0,7.000950336E0,-6.067950249E0
3.640682454E2,2.920050144E0,6.040950298E0,-7.930050373E0
3.640706890E2,-1.330950022E0,4.939050198E0,-4.071000099E0
3.640731327E2,2.926950216E0,6.144000053E0,1.855950117E0
3.640755764E2,8.173049927E0,7.615950584E0,-1.175999999E0
3.640780198E2,6.114000320E0,7.099050522E0,-3.657000065E0
3.640804635E2,1.843050122E0,7.111050129E0,-7.695000619E-2
3.640829072E2,1.966950059E0,9.679950714E0,3.079950094E0
3.640853506E2,6.397050381E0,1.225605011E1,-5.325000286E0
3.640877943E2,6.109050274E0,1.144905090E1,-6.829050541E0
3.640902379E2,3.030000210E0,9.250950813E0,-2.512050152E0
3.640926816E2,1.383000016E0,1.150200081E1,1.548000097E0
3.640951251E2,3.178950071E0,1.520100117E1,-5.539500117E-1
3.640975687E2,4.726050377E0,1.469805050E1,-4.830000401E0
3.641000123E2,3.045000076E0,1.174095058E1,-5.794950485E0
3.641024560E2,1.860000134E0,1.280700016E1,-4.554000378E0
3.641048995E2,4.579050064E0,1.518900108E1,-5.017050266E0
3.641073432E2,3.745950222E0,1.261800098E1,-8.778000832E0
3.641097868E2,6.820500493E-1,1.143300056E1,-3.846000195E0
3.641122305E2,1.183950067E0,1.038600063E1,1.909050107E0
3.641146740E2,1.857000113E0,1.536900043E1,3.121050119E0
3.641171177E2,1.657950044E0,1.257705021E1,-7.069500089E-1
3.641195613E2,7.770000100E-1,5.554950237E0,-7.309500575E-1
3.641220047E2,1.000050068E0,7.498950481E0,1.930950046E0
3.641244484E2,4.471950054E0,1.137300014E1,-3.024000168E0
3.641268920E2,5.523000240E0,6.115050316E0,-7.801050186E0
3.641293357E2,1.869000077E0,4.555950165E0,-3.202050209E0
3.641317792E2,1.026000023E0,6.771000385E0,2.604000092E0
3.641342229E2,1.000050068E0,1.149195099E1,3.724050283E0
3.641366666E2,2.245050192E0,8.952000618E0,8.220000267E-1
3.641391102E2,2.689950228E0,5.392050266E0,1.834950089E0
3.641415536E2,2.392950058E0,7.768950462E0,3.820500076E-1
3.641439973E2,6.652950287E0,9.096000671E0,-5.055000305E0
3.641464409E2,6.070950508E0,6.670050144E0,-1.249605083E1
3.641488846E2,1.807050109E0,4.894050121E0,-8.344950676E0
3.641513281E2,-8.520000577E-1,6.259050369E0,-1.699500084E-1
3.641537718E2,2.331000090E0,7.996950150E0,6.810000539E-1
3.641562154E2,6.235950470E0,5.368050098E0,-6.454950333E0
3.641586591E2,1.813950062E0,3.763950109E0,-4.198050022E0
3.641611026E2,4.330500066E-1,4.824000359E0,2.718000174E0
3.641635462E2,6.424950123E0,5.181000233E0,1.305000018E-2
3.641659899E2,9.006000519E0,4.543950081E0,-6.730950356E0
3.641684336E2,2.974950075E0,2.844000101E0,-3.913050175E0
3.641708770E2,-1.021950006E0,3.531000137E0,2.380500138E-1
3.641733207E2,3.957000256E0,6.342000484E0,1.639500111E-1
3.641757643E2,6.988050461E0,6.072000504E0,-4.525950432E0
3.641782080E2,1.125000000E0,5.943000317E0,-4.851000309E0
3.641806515E2,-2.629500031E-1,6.520050526E0,-4.510500133E-1
3.641830951E2,5.215950012E0,7.920000553E0,-2.256000042E0
3.641855388E2,8.068050385E0,8.428050041E0,-6.115050316E0
3.641879823E2,3.511950254E0,6.025950432E0,-3.082050085E0
3.641904260E2,2.295000106E-2,6.376050472E0,4.978950024E0
3.641928696E2,8.805000782E-2,9.131999969E0,7.789500356E-1
3.641953133E2,2.985000134E0,1.265400028E1,1.653000116E0
3.641977567E2,5.446050167E0,1.031205082E1,-1.801050067E0
3.642002004E2,3.006000042E0,7.816950321E0,-3.925050259E0
3.642026440E2,6.603000164E0,1.244805050E1,-6.513000488E0
3.642050877E2,7.801950455E0,1.514100075E1,-9.784050941E0
3.642075312E2,3.150000095E0,1.179705048E1,-6.939000130E0
3.642099749E2,9.229500294E-1,1.029300022E1,7.500000596E-1
3.642124185E2,1.918950081E0,1.433505058E1,1.243950009E0
3.642148622E2,2.140050173E0,1.630994987E1,6.949500442E-1
3.642173056E2,8.250000477E-1,1.176495075E1,-7.360500097E-1
3.642197492E2,-3.010500073E-1,1.079295063E1,7.600500584E-1
3.642221929E2,5.740500093E-1,1.283595085E1,1.408950090E0
3.642246364E2,8.041950226E0,1.387995052E1,-5.197950363E0
3.642270801E2,5.452950478E0,8.536050797E0,-1.267605019E1
3.642295238E2,2.688000202E0,8.164050102E0,-8.227050781E0
3.642319674E2,1.936050057E0,1.091295052E1,-5.440500379E-1
3.642344111E2,5.305050373E0,1.173195076E1,1.701000094E0
3.642368545E2,3.492000103E0,8.715000153E0,-1.453950047E0
3.642392982E2,1.239000082E0,8.737050056E0,5.560500026E-1
3.642417419E2,2.226000071E0,9.838050842E0,1.591050029E0
3.642441854E2,5.554050446E0,1.054905033E1,-2.428050041E0
3.642466290E2,4.563000202E0,8.317950249E0,-6.682950497E0
3.642490727E2,1.600950122E0,7.354950428E0,-1.906050086E0
3.642515164E2,1.278000116E0,7.470000267E0,2.377950191E0
3.642539598E2,7.819500566E-1,1.292895031E1,3.063000202E0
3.642564035E2,2.511000156E0,7.546950340E0,-1.969500035E-1
3.642588471E2,2.367000103E0,5.770050049E0,-4.532999992E0
3.642612908E2,2.607000113E0,7.879950523E0,-5.457000256E0
3.642637343E2,5.941950321E0,8.923050880E0,-7.573950291E0
3.642661780E2,6.640950203E0,6.043050289E0,-1.222305012E1
3.642686216E2,2.125050068E0,5.887050152E0,-6.520050526E0
3.642710653E2,3.010500073E-1,6.627000332E0,1.597950101E0
3.642735088E2,5.202000141E0,8.209950447E0,9.610500336E-1
3.642759524E2,9.519000053E0,4.731000423E0,-6.963000298E0
3.642783961E2,2.452950001E0,5.482950211E0,-4.528050423E0
3.642808395E2,6.649500132E-1,5.047050476E0,-1.933050036E0
3.642832832E2,7.845000267E0,5.599950314E0,-4.222050190E0
3.642857268E2,1.029195023E1,4.611000061E0,-9.613950729E0
3.642881705E2,1.438050032E0,4.198950291E0,-6.337950230E0
3.642906142E2,-9.169500470E-1,3.474000216E0,-1.175999999E0
3.642930576E2,4.984050274E0,5.989950180E0,1.417950034E0
3.642955013E2,6.789000511E0,6.682050228E0,-3.034050226E0
3.642979448E2,1.098000050E0,5.334000111E0,-4.842000008E0
3.643003884E2,-1.219500080E-1,5.044950008E0,-2.695950031E0
3.643028321E2,6.430050373E0,6.868950367E0,-3.178050041E0
3.643052758E2,9.414000511E0,6.076950073E0,-7.770000458E0
3.643077194E2,1.761000037E0,4.824000359E0,-5.716050148E0
3.643101629E2,-1.483950019E0,5.004000187E0,3.508950233E0
3.643126065E2,-1.939500123E-1,7.599000454E0,4.773000240E0
3.643150502E2,3.148050070E0,8.926050186E0,2.880000174E-1
3.643174939E2,3.888000250E0,9.627000809E0,3.652050257E0
3.643199374E2,2.206950188E0,8.104949951E0,2.282999992E0
3.643223811E2,1.134000063E0,1.001805019E1,-2.305950165E0
3.643248247E2,4.896000385E0,1.501200104E1,3.940500319E-1
3.643272684E2,5.815050125E0,1.264905071E1,-6.403050423E0
3.643297118E2,2.146950006E0,9.577050209E0,-4.150050163E0
3.643321554E2,2.602050066E0,1.260105038E1,-1.273950100E0
3.643345991E2,3.487950087E0,1.712100029E1,-9.409500360E-1
3.643370426E2,3.126000166E0,1.308495045E1,-4.565999985E0
3.643394863E2,5.760000348E-1,1.341000080E1,-5.140950203E0
3.643419299E2,2.650500238E-1,1.333395100E1,-2.869050026E0
3.643443736E2,4.174950123E0,1.382895088E1,-4.963950157E0
3.643468171E2,5.146950245E0,1.171500015E1,-1.205805016E1
3.643492607E2,2.713950157E0,8.039999962E0,-6.970050335E0
3.643517044E2,1.644000053E0,8.595000267E0,-8.650500178E-1
3.643541478E2,7.122000217E0,1.119300079E1,-8.400000632E-2
3.643565915E2,7.558050156E0,9.892950058E0,-3.417000055E0
3.643590351E2,3.880050182E0,7.804950237E0,-4.449000359E0
3.643614788E2,1.917000055E0,8.868000031E0,-1.570950031E0
3.643639225E2,3.709950209E0,1.018005085E1,-1.387050033E0
3.643663660E2,4.942950249E0,8.410950661E0,-5.704050064E0
3.643688096E2,3.337050200E0,7.104000568E0,-4.328999996E0
3.643712533E2,1.129050016E0,6.946050167E0,7.549500465E-1
3.643736967E2,1.026000023E0,8.575950623E0,4.509000301E0
3.643761404E2,4.876049995E0,8.473050117E0,1.131000042E0
3.643785840E2,6.025950432E0,6.840000153E0,-3.877050161E0
3.643810277E2,2.500950098E0,7.458000183E0,-4.902000427E0
3.643834714E2,1.630050063E0,9.292050362E0,-2.851950169E0
3.643859149E2,6.040050507E0,8.329950333E0,-5.614950180E0
3.643883585E2,5.592000484E0,7.053000450E0,-5.983950138E0
3.643908022E2,1.861950040E0,7.627950191E0,-1.528050065E0
3.643932457E2,-3.660000265E-1,9.241950035E0,4.284000397E0
3.643956893E2,1.231950045E0,1.186605072E1,1.428000093E0
3.643981330E2,6.483000278E0,1.094700050E1,-4.662000179E0
3.644005767E2,4.954950333E0,9.280050278E0,-7.708050251E0
3.644030201E2,2.077050209E0,9.594000816E0,-6.202050209E0
3.644054637E2,3.411000252E0,1.030305004E1,-5.230050087E0
3.644079074E2,4.321050167E0,8.446949959E0,-6.228000164E0
3.644103509E2,1.771050096E0,7.987050533E0,-2.806950092E0
3.644127946E2,3.199500144E-1,7.402950287E0,2.544000149E0
3.644152383E2,9.379500151E-1,9.151050568E0,1.473000050E0
3.644176819E2,2.608950138E0,9.022050858E0,2.017050028E0
3.644201253E2,3.664950132E0,6.502950191E0,-7.020000219E-1
3.644225690E2,2.692950010E0,5.764950275E0,-3.124950171E0
3.644250126E2,4.012050152E0,6.187050343E0,-1.975950122E0
3.644274563E2,6.804000378E0,5.803950310E0,-6.610950470E0
3.644298998E2,3.721950293E0,4.498950005E0,-5.371050358E0
3.644323435E2,1.129050016E0,6.751950264E0,2.161050081E0
3.644347871E2,2.269500047E-1,1.182300091E1,2.611050129E0
3.644372308E2,-7.090500593E-1,1.122195053E1,3.360000253E-1
3.644396742E2,1.395000052E-2,9.414000511E0,6.619500518E-1
3.644421179E2,2.959500253E-1,9.004950523E0,8.770500422E-1
3.644445616E2,9.349500537E-1,8.713050842E0,8.170500398E-1
3.644470050E2,4.792950153E0,8.677050591E0,-3.136950254E0
3.644494487E2,7.000050545E0,8.131050110E0,-1.071705055E1
3.644518924E2,4.383000374E0,6.828000546E0,-8.728050232E0
3.644543360E2,5.569500327E-1,8.377950668E0,1.005000062E-2
3.644567797E2,1.687050104E0,1.153095055E1,1.003950000E0
3.644592232E2,4.431000233E0,1.087005043E1,-1.468050122E0
3.644616668E2,3.282000065E0,7.594950199E0,-4.708050251E0
3.644641105E2,2.022000074E0,7.594950199E0,-3.276000261E0
3.644665540E2,4.321050167E0,7.312050343E0,-3.091950178E0
3.644689976E2,8.128050804E0,6.175050259E0,-9.088950157E0
3.644714412E2,5.853000164E0,5.458950043E0,-8.779950142E0
3.644738849E2,1.345050097E0,8.587950706E0,-9.130500555E-1
3.644763284E2,1.114950061E0,1.066395092E1,4.006950378E0
3.644787721E2,5.926950455E0,1.017600060E1,6.000000052E-3
3.644812158E2,4.993950367E0,9.742050171E0,-5.364000320E0
3.644836594E2,5.400000140E-2,9.603000641E0,-2.521950006E0
3.644861029E2,6.940500140E-1,9.460050583E0,2.467050076E0
3.644885466E2,4.903050423E0,8.854050636E0,-3.280500174E-1
3.644909902E2,6.820950508E0,8.047050476E0,-4.237950325E0
3.644934339E2,4.768950462E0,7.888950348E0,-3.144000053E0
3.644958774E2,1.882950068E0,1.135395050E1,1.770000100E0
3.644983210E2,1.981950045E0,1.446600056E1,4.530000091E-1
3.645007647E2,5.041950226E0,1.378605080E1,-3.349950075E0
3.645032081E2,3.772950172E0,1.377900028E1,-7.723950386E0
3.645056518E2,1.945950150E0,1.262505054E1,-3.715950251E0
3.645080954E2,2.887050152E0,1.230195045E1,-8.149500489E-1
3.645105391E2,5.029950142E0,1.118805027E1,-5.218050480E0
3.645129826E2,3.777000189E0,1.029795074E1,-6.915000439E0
3.645154263E2,1.897950053E0,9.876000404E0,-2.076000214E0
3.645178699E2,1.788000107E0,8.502000809E0,-4.870500267E-1
3.645203136E2,4.998000145E0,9.678000450E0,-3.951000214E0
3.645227570E2,4.467000008E0,7.123050213E0,-8.176950455E0
3.645252007E2,1.453050017E0,4.324050426E0,-4.387050152E0
3.645276444E2,1.656000137E0,4.129950047E0,8.460000157E-1
3.645300881E2,5.893950462E0,5.037000179E0,-2.503050089E0
3.645325315E2,6.808950424E0,3.610050201E0,-4.261950016E0
3.645349752E2,3.528000116E0,3.543000221E0,2.035950184E0
3.645374188E2,3.300000131E-1,7.207050323E0,5.650950432E0
3.645398625E2,1.045050025E0,8.755949974E0,2.866950035E0
3.645423060E2,5.190000057E0,7.975050449E0,-2.208000183E0
3.645447497E2,1.507950068E0,6.709050179E0,-5.091000080E0
3.645471933E2,7.339500189E-1,5.875050068E0,-4.564050198E0
3.645496370E2,5.080050468E0,5.812950134E0,-5.991000175E0
3.645520805E2,8.166000366E0,6.036000252E0,-7.878000259E0
3.645545241E2,3.030000210E0,4.887000084E0,-4.071000099E0
3.645569678E2,-6.820500493E-1,7.285950184E0,5.206050396E0
3.645594112E2,-8.760000467E-1,9.225000381E0,1.263000011E0
3.645618549E2,1.639050126E0,1.113600063E1,-8.190000653E-1
3.645642986E2,4.921950340E0,1.129605007E1,3.219000101E0
3.645667423E2,3.400950193E0,9.043050766E0,-5.116950035E0
3.645691857E2,4.612950325E0,1.046100044E1,-5.392050266E0
3.645716294E2,6.097050190E0,1.018800068E1,-9.316950798E0
3.645740730E2,4.663050175E0,8.100000381E0,-7.698000431E0
3.645765165E2,1.102950096E0,7.731000423E0,-1.404000044E0
3.645789602E2,1.215000033E0,9.199050903E0,2.185050011E0
3.645814039E2,1.666050076E0,1.261800098E1,2.078999996E0
3.645838475E2,2.764950037E0,1.140195084E1,1.746000051E0
3.645862912E2,3.892050266E0,9.193950653E0,-4.363049984E0
3.645887347E2,2.937000036E0,8.473050117E0,-5.673000336E0
3.645911784E2,3.837000132E0,7.987050533E0,-5.232000351E0
3.645936220E2,6.040050507E0,4.923000336E0,-6.180000305E0
3.645960654E2,4.726050377E0,5.116050243E0,-5.665050507E0
3.645985091E2,2.391000032E0,6.060000420E0,2.569500208E-1
3.646009527E2,3.909000158E0,8.229000092E0,3.589950085E0
3.646033964E2,6.342000484E0,9.742050171E0,9.405000508E-2
3.646058401E2,4.524000168E0,8.803950310E0,-5.176950455E0
3.646082836E2,1.339950085E0,9.654000282E0,-6.274050236E0
3.646107273E2,7.320000529E-1,8.104949951E0,-4.116000175E0
3.646131709E2,5.110950470E0,8.353950500E0,-4.231050014E0
3.646156144E2,6.712950230E0,6.816000462E0,-7.435050488E0
3.646180580E2,2.656950235E0,6.057000160E0,-2.421000004E0
3.646205017E2,2.155950069E0,8.101950645E0,3.778950214E0
3.646229454E2,5.844000340E0,9.117000580E0,9.750000238E-1
3.646253888E2,7.492950439E0,8.773050308E0,-6.264000416E0
3.646278325E2,2.853000164E0,8.923050880E0,-8.710950851E0
3.646302761E2,1.096050024E0,9.517050743E0,-6.355050087E0
3.646327196E2,4.050000191E0,9.304050446E0,-2.401950121E0
3.646351633E2,6.394050121E0,9.025950432E0,-1.516050100E0
3.646376069E2,4.765950203E0,7.912950516E0,3.550500274E-1
3.646400506E2,2.038950205E0,9.274950027E0,3.409950256E0
3.646424943E2,6.960000396E-1,1.165095043E1,1.545000076E0
3.646449377E2,3.672000170E0,1.217700100E1,-3.619500101E-1
3.646473814E2,5.872050285E0,1.149705029E1,-7.987950325E0
3.646498250E2,2.796000242E0,1.022400093E1,-7.576050282E0
3.646522685E2,9.589500427E-1,1.058505058E1,-2.931000233E0
3.646547122E2,2.203950167E0,1.058295059E1,-7.590000629E-1
3.646571558E2,4.306950092E0,1.072905064E1,-3.259050131E0
3.646595995E2,3.967050076E0,1.036500072E1,-3.442950249E0
3.646620430E2,1.824000120E0,9.787950516E0,6.619500518E-1
3.646644867E2,2.223000050E0,1.092000008E1,1.854000092E0
3.646669304E2,4.828050137E0,1.142295074E1,-1.284000039E0
3.646693740E2,5.218950272E0,1.043895054E1,-5.313000202E0
3.646718174E2,3.130950212E0,9.903000832E0,-3.970050097E0
3.646742611E2,1.966950059E0,7.437000275E0,-4.390500188E-1
3.646767047E2,4.804950237E0,7.587000370E0,-4.390500188E-1
3.646791484E2,6.088050365E0,7.027050495E0,-3.955950260E0
3.646815919E2,2.817000151E0,9.057000160E0,-2.064000130E0
3.646840356E2,1.618050098E0,9.453000069E0,1.069050074E0
3.646864792E2,1.495950103E0,1.167705059E1,2.101050138E0
3.646889226E2,2.451000214E0,1.148100090E1,-2.728050232E0
3.646913663E2,2.680950165E0,9.510000229E0,-5.740050316E0
3.646938100E2,5.790000558E-1,8.571000099E0,-3.570000172E0
3.646962536E2,1.354050040E0,7.494000435E0,-6.520500183E-1
3.646986971E2,5.731050491E0,8.332050323E0,-4.147050381E0
3.647011408E2,6.355950356E0,7.249950409E0,-4.902000427E0
3.647035845E2,2.070000172E0,7.477050304E0,-2.148000002E0
3.647060281E2,6.580500603E-1,9.237000465E0,2.445000172E0
3.647084716E2,2.082000017E0,8.956950188E0,4.680000246E-1
3.647109153E2,4.809000015E0,7.129950523E0,-6.238050461E0
3.647133589E2,4.141050339E0,6.816000462E0,-6.645000458E0
3.647158026E2,2.086950064E0,5.449050426E0,-3.700050116E0
3.647182460E2,4.656000137E0,5.557050228E0,-8.740500212E-1
3.647206897E2,7.014000416E0,4.068000317E0,-4.438950062E0
3.647231333E2,3.660000086E0,5.085000038E0,-4.375050068E0
3.647255768E2,-5.220000148E-1,6.781050205E0,2.620500028E-1
3.647280205E2,7.095000148E-2,6.424050331E0,3.327000141E0
3.647304642E2,7.668000221E0,6.819000244E0,-2.304000139E0
3.647329078E2,6.157050133E0,5.140050411E0,-7.207050323E0
3.647353515E2,-3.040500283E-1,7.501050472E0,-2.550000191E0
3.647377949E2,5.520000458E-1,6.819000244E0,2.479050159E0
3.647402386E2,6.117000103E0,7.177950382E0,-2.350500077E-1
3.647426822E2,7.237050533E0,6.553050518E0,-5.341950417E0
3.647451257E2,2.427000046E0,7.372050285E0,-3.561000109E0
3.647475694E2,-3.900000155E-1,8.855999947E0,1.797000051E0
3.647500130E2,-3.949500322E-1,1.119600010E1,-2.899500132E-1
3.647524567E2,3.334050179E0,1.162695026E1,-7.950000465E-3
3.647549002E2,3.864000082E0,1.054200077E1,-4.597949982E0
3.647573438E2,3.841950178E0,1.059495068E1,-4.565999985E0
3.647597875E2,3.982950211E0,1.071195030E1,-3.829050064E0
3.647622311E2,5.686050415E0,1.030305004E1,-5.752050400E0
3.647646746E2,5.097000122E0,9.886050224E0,-6.478950500E0
3.647671183E2,1.399950027E0,1.011300087E1,-3.961050272E0
3.647695619E2,6.480000019E-1,1.077705097E1,1.897050142E0
3.647720056E2,3.889500201E-1,1.179900074E1,9.679500461E-1
3.647744491E2,4.821000099E0,1.194000053E1,6.880500317E-1
3.647768928E2,5.125050068E0,9.217950821E0,-5.649000168E0
3.647793364E2,3.528000116E0,8.988000870E0,-4.483050346E0
3.647817798E2,3.895050287E0,1.002000046E1,-2.548050165E0
3.647842235E2,5.638050079E0,9.844950676E0,-3.762000084E0
3.647866671E2,3.559050083E0,9.940950394E0,-4.195050240E0
3.647891108E2,1.342050076E0,9.213000298E0,-6.540000439E-1
3.647915545E2,9.090000391E-1,8.940000534E0,3.061050177E0
3.647939980E2,1.366050124E0,1.029495049E1,3.822000265E0
3.647964417E2,4.084050179E0,1.027905083E1,-1.875000119E0
3.647988853E2,4.546050072E0,8.200050354E0,-5.560050488E0
3.648013287E2,2.568000078E0,7.851000309E0,-4.344000340E0
3.648037724E2,2.106000185E0,9.357000351E0,-2.191050053E0
3.648062161E2,3.718050241E0,1.008705044E1,-2.857050180E0
3.648086597E2,2.359950066E0,9.535950661E0,-3.010050058E0
3.648111032E2,6.670500040E-1,1.006095028E1,9.610500336E-1
3.648135469E2,-4.930500090E-1,9.529050827E0,-4.950000439E-3
3.648159905E2,-3.709500134E-1,9.912000656E0,-3.900000080E-2
3.648184340E2,1.921950102E0,9.088950157E0,2.292000055E0
3.648208777E2,2.812050104E0,7.963050365E0,-1.755000114E0
3.648233213E2,1.242000103E0,5.971050262E0,-8.820000291E-1
3.648257650E2,2.044049978E0,6.985950470E0,6.589500308E-1
3.648282087E2,4.852050304E0,7.294950485E0,-4.432050228E0
3.648306521E2,3.733950138E0,6.105000496E0,-5.151000023E0
3.648330958E2,1.158000112E0,6.445050240E0,-1.927950144E0
3.648355394E2,7.249500155E-1,4.846050262E0,1.267050028E0
3.648379829E2,3.784950256E0,5.380050182E0,2.689500153E-1
3.648404266E2,4.777950287E0,4.543950081E0,-3.891000271E0
3.648428702E2,2.791050196E0,6.481050491E0,-3.369000196E0
3.648453139E2,9.229500294E-1,6.330000401E0,-1.441950083E0
3.648477574E2,2.494050026E0,5.727000237E0,-1.791000128E0
3.648502011E2,6.969000340E0,5.827950478E0,-7.195050240E0
3.648526447E2,4.657950401E0,6.675000191E0,-8.280000687E0
3.648550884E2,-4.039500058E-1,7.590000153E0,-1.885050058E0
3.648575318E2,-6.940500140E-1,7.410000324E0,3.148950100E0
3.648599755E2,5.554050446E0,7.518000126E0,1.255950093E0
3.648624191E2,9.658050537E0,5.253000259E0,-5.493000031E0
3.648648628E2,4.042950153E0,5.872950077E0,-4.044000149E0
3.648673063E2,1.339950085E0,5.386950493E0,-6.495000422E-2
3.648697500E2,3.895050287E0,5.824950218E0,1.615050077E0
3.648721936E2,6.820950508E0,7.063050270E0,-2.481000185E0
3.648746373E2,4.311000347E0,9.168000221E0,-2.452050209E0
3.648770807E2,1.014000058E0,1.022100067E1,2.182049990E0
3.648795244E2,-3.229500055E-1,1.105005074E1,-1.489500105E-1
3.648819681E2,-4.399500191E-1,1.189995098E1,-1.746000051E0
3.648844115E2,6.619500518E-1,1.253595066E1,7.650000453E-1
3.648868552E2,2.212050200E0,1.215795040E1,-7.500000298E-2
3.648892989E2,2.476950169E0,1.092300034E1,-4.939500093E-1
3.648917425E2,2.106000185E0,1.033395004E1,7.304999977E-2
3.648941862E2,2.143949986E0,1.215105057E1,-2.068950176E0
3.648966297E2,3.286950111E0,1.413105106E1,-4.030500054E-1
3.648990733E2,2.755050182E0,1.258395100E1,-7.380000353E-1
3.649015170E2,2.140050173E0,1.078905010E1,2.380500138E-1
3.649039604E2,1.053000093E0,1.303395081E1,-1.954050064E0
3.649064041E2,2.415000200E0,1.364295101E1,1.075950027E0
3.649088477E2,2.973000050E0,1.256505013E1,-1.027950048E0
3.649112914E2,2.242950201E0,9.259050369E0,3.120000064E-1
3.649137349E2,3.970500231E-1,7.543950558E0,-1.819500029E-1
3.649161785E2,4.041000366E0,8.955000877E0,-6.520500183E-1
3.649186222E2,5.458050251E0,1.031400013E1,-7.726950169E0
3.649210659E2,4.608000278E0,8.545050621E0,-7.710000515E0
3.649235094E2,8.920500278E-1,8.848950386E0,-1.468050122E0
3.649259531E2,6.670500040E-1,8.047050476E0,2.620050192E0
3.649283967E2,2.305050135E0,1.041495037E1,4.750500321E-1
3.649308404E2,2.829000235E0,9.718050003E0,2.115000010E0
3.649332838E2,1.606050134E0,7.018050194E0,5.010000467E-1
3.649357274E2,1.624950051E0,7.618950367E0,1.372950077E0
3.649381711E2,5.977950096E0,8.059050560E0,1.306050062E0
3.649406146E2,7.867050171E0,9.225000381E0,-3.441000223E0
3.649430583E2,5.092050076E0,1.056405067E1,-4.231050014E0
3.649455019E2,1.894950032E0,1.053495026E1,-4.972950459E0
3.649479456E2,4.830000103E-1,9.213000298E0,2.380500138E-1
3.649503893E2,9.829500318E-1,1.081695080E1,2.343000174E0
3.649528327E2,8.320500255E-1,1.211505032E1,-1.150050044E0
3.649552764E2,1.347000122E0,1.076205063E1,-2.589000225E0
3.649577200E2,9.859500527E-1,7.911000252E0,-9.030000567E-1
3.649601635E2,1.333050013E0,6.958050251E0,-2.059500068E-1
3.649626072E2,3.751050234E0,9.646050453E0,-4.072950363E0
3.649650508E2,5.323950291E0,1.087500095E1,-7.224000454E0
3.649674945E2,3.126000166E0,9.072000504E0,-5.625000477E0
3.649699380E2,5.470499992E-1,6.892950535E0,4.849500358E-1
3.649723816E2,6.619500518E-1,6.430950165E0,1.942950130E0
3.649748253E2,2.190000057E0,1.118805027E1,7.620000243E-1
3.649772687E2,3.106950045E0,9.544050217E0,8.599500656E-1
3.649797124E2,2.140050173E0,7.389000416E0,-6.919500232E-1
3.649821561E2,2.853000164E0,6.960000515E0,-6.060000062E-1
3.649845997E2,6.631050110E0,7.843950272E0,-4.935000420E0
3.649870434E2,7.692000389E0,1.073805046E1,-8.220000267E0
3.649894869E2,2.499000072E0,1.220595074E1,-6.910050392E0
3.649919305E2,1.759500057E-1,1.051800060E1,3.859500289E-1
3.649943742E2,4.470000267E-1,9.546000481E0,3.448950052E0
3.649968177E2,8.350500464E-1,1.155195045E1,1.732050061E0
3.649992614E2,2.803050041E0,1.257000065E1,4.890000224E-1
3.650017050E2,3.976050138E0,1.199805069E1,-3.949050188E0
3.650041487E2,2.488950014E0,8.761050224E0,-3.040950060E0
3.650065921E2,1.867050052E0,8.437050819E0,-1.537950039E0
3.650090358E2,2.970000029E0,1.111395073E1,-2.695950031E0
3.650114794E2,3.459000111E0,1.273005104E1,-2.967000246E0
3.650139231E2,2.118000031E0,1.212195015E1,5.595000088E-2
3.650163666E2,1.168050051E0,8.832000732E0,1.417950034E0
3.650188103E2,6.550500393E-1,8.157000542E0,-9.889500737E-1
3.650212539E2,1.347000122E0,1.173000050E1,-6.949500442E-1
3.650236976E2,2.299950123E0,1.194495010E1,1.993050098E0
3.650261411E2,1.183950067E0,9.826050758E0,1.263000011E0
3.650285847E2,4.609500170E-1,7.305000305E0,1.306050062E0
3.650310284E2,2.038950205E0,8.595000267E0,1.794000030E0
3.650334718E2,7.201050282E0,1.027395058E1,3.252000093E0
3.650359155E2,7.987050533E0,8.353950500E0,-6.493950367E0
3.650383591E2,3.607050180E0,8.832000732E0,-6.055950165E0
3.650408028E2,1.443000078E0,8.770050049E0,-6.826950550E0
3.650432463E2,2.692950010E0,1.026900005E1,-3.841050148E0
3.650456900E2,5.044050217E0,1.231395054E1,-2.173950195E0
3.650481336E2,2.335950136E0,1.235400105E1,-1.288950086E0
3.650505773E2,7.099500299E-1,1.068795013E1,4.939500093E-1
3.650530208E2,4.639500082E-1,8.665050507E0,9.349500537E-1
3.650554644E2,1.227000117E0,9.358950615E0,8.170500398E-1
3.650579081E2,5.149050236E0,1.086300087E1,-3.247050047E0
3.650603518E2,4.426050186E0,9.868950844E0,-4.698000431E0
3.650627952E2,1.740000129E0,9.105000496E0,-2.351999998E0
3.650652388E2,1.371000051E0,9.321000099E0,1.381950021E0
3.650676825E2,3.751050234E0,1.057305050E1,2.520000041E-1
3.650701262E2,4.069050312E0,1.234695053E1,-2.881050110E0
3.650725697E2,1.729950070E0,1.159095097E1,-1.545000076E0
3.650750134E2,4.249500334E-1,8.797050476E0,-8.149500489E-1
3.650774570E2,4.639500082E-1,8.157000542E0,2.710500062E-1
3.650799007E2,4.729950428E0,9.301950455E0,-3.352050066E0
3.650823441E2,7.297050476E0,9.292050362E0,-6.304950237E0
3.650847878E2,3.330000162E0,9.790050507E0,-4.918050289E0
3.650872314E2,8.059500456E-1,8.890050888E0,-2.490000129E-1
3.650896749E2,1.359000087E0,7.542000294E0,2.383050203E0
3.650921186E2,3.081000090E0,1.077195072E1,1.950000077E-1
3.650945622E2,3.682050228E0,1.073595047E1,-3.001050234E0
3.650970059E2,1.603050113E0,8.242950439E0,-4.957050323E0
3.650994494E2,-4.095000029E-2,6.910050392E0,-1.212000012E0
3.651018931E2,1.840500087E-1,6.835950375E0,1.521000028E0
3.651043367E2,2.779050112E0,9.828000069E0,-9.150000215E-1
3.651067801E2,4.948050022E0,9.280050278E0,-3.010050058E0
3.651092238E2,2.628000021E0,8.167050362E0,-3.099000216E0
3.651116675E2,1.096050024E0,6.838050365E0,-5.080500245E-1
3.651141111E2,8.160000443E-1,6.048000336E0,8.920500278E-1
3.651165548E2,3.021000147E0,8.563950539E0,-3.000000119E-1
3.651189983E2,2.974950075E0,8.017950058E0,-1.686000109E0
3.651214419E2,1.788000107E0,7.210950375E0,-2.026050091E0
3.651238856E2,2.116050005E0,5.551950455E0,-6.730500460E-1
3.651263291E2,4.668000221E0,5.332050323E0,-1.249950051E0
3.651287728E2,6.994950294E0,7.446000576E0,-4.309950352E0
3.651312165E2,4.840050220E0,9.322950363E0,-4.722000122E0
3.651336601E2,1.287000060E0,9.613050461E0,-2.533950090E0
3.651361038E2,2.119500041E-1,9.313950539E0,4.369500279E-1
3.651385472E2,4.450500309E-1,9.598950386E0,1.641000032E0
3.651409909E2,5.689499974E-1,1.063095093E1,-2.400000021E-2
3.651434345E2,2.377050161E0,1.155705070E1,-5.029500127E-1
3.651458780E2,1.986000061E0,1.002195072E1,-2.111999989E0
3.651483217E2,1.651050091E0,8.830050468E0,4.819500148E-1
3.651507653E2,1.570050120E0,9.457050323E0,-3.190500140E-1
3.651532090E2,2.134950161E0,1.111905098E1,-1.341000080E0
3.651556525E2,2.472000122E0,1.204800034E1,-2.205000073E-2
3.651580962E2,2.131950140E0,1.157595062E1,4.699500203E-1
3.651605398E2,1.696950078E0,9.622950554E0,-1.198050022E0
3.651629832E2,2.190000057E0,1.001505089E1,-7.710000277E-1
3.651654269E2,2.578050137E0,1.178700066E1,1.009500027E-1
3.651678705E2,2.671050072E0,1.121205044E1,0.000000000E0
3.651703142E2,1.705950022E0,1.077705097E1,8.340000510E-1
3.651727579E2,1.411950111E0,9.862050056E0,6.400500536E-1
3.651752014E2,1.491000056E0,8.728950500E0,7.020000219E-1
3.651776450E2,1.737000108E0,9.856950760E0,9.900000691E-1
3.651800887E2,3.174000263E0,1.114095020E1,1.296000004E0
3.651825322E2,2.815050125E0,9.808950424E0,2.236950159E0
3.651849758E2,2.251950026E0,9.988950729E0,7.240500450E-1
3.651874195E2,1.678050041E0,1.018500042E1,4.605000094E-2
3.651898631E2,2.434050083E0,9.919050217E0,-1.560000032E-1
3.651923066E2,4.465050220E0,9.268050194E0,-8.029050827E0
3.651947503E2,4.560000420E0,9.097949982E0,-8.979000092E0
3.651971939E2,1.504950047E0,8.035050392E0,-5.605950356E0
3.651996376E2,2.820000052E-1,7.141950130E0,8.560500145E-1
3.652020811E2,2.104050159E0,8.080950737E0,1.999950051E0
3.652045248E2,4.836000443E0,9.840000153E0,9.199500680E-1
3.652069684E2,5.202000141E0,7.633050442E0,-2.802000046E0
3.652094121E2,4.117050171E0,7.582950592E0,-3.460050106E0
3.652118555E2,1.978950143E0,7.828950405E0,-3.457950115E0
3.652142992E2,1.708950043E0,6.826050282E0,-1.296000004E0
3.652167428E2,1.201050043E0,8.173950195E0,7.930500507E-1
3.652191863E2,8.059500456E-1,6.996000290E0,7.360500097E-1
3.652216300E2,1.620000124E0,6.559950352E0,1.465950012E0
3.652240736E2,3.427950144E0,6.048000336E0,-1.489500105E-1
3.652265173E2,4.753950119E0,7.123050213E0,-1.705050111E0
3.652289607E2,5.640000343E0,9.034049988E0,-4.164000034E0
3.652314044E2,3.888000250E0,9.607950211E0,-5.818950176E0
3.652338480E2,3.079500198E-1,1.082895088E1,-2.529000044E0
3.652362917E2,-7.519500256E-1,1.080105019E1,1.284000039E0
3.652387352E2,-2.920500040E-1,9.879000664E0,5.710500479E-1
3.652411789E2,2.239500135E-1,1.005600071E1,-1.210050106E0
3.652436225E2,1.536000013E0,1.118595028E1,1.560000062E0
3.652460662E2,3.166950226E0,1.230405045E1,1.009050012E0
3.652485097E2,2.700000048E0,1.084395027E1,-2.569950104E0
3.652509534E2,2.863050222E0,1.057995033E1,-2.275050163E0
3.652533970E2,4.077000141E0,1.182105064E1,-2.740050077E0
3.652558404E2,4.522050381E0,1.207695103E1,-3.666000128E0
3.652582841E2,3.415950060E0,1.283295059E1,-3.166050196E0
3.652607278E2,2.290950060E0,1.196205044E1,-1.714950085E0
3.652631715E2,1.680000067E0,1.139400101E1,-1.660500020E-1
3.652656151E2,1.603050113E0,1.228305054E1,-2.659500241E-1
3.652680586E2,1.872000098E0,1.259400082E1,1.969500035E-1
3.652705023E2,1.918950081E0,1.218405056E1,4.009500146E-1
3.652729459E2,1.912050128E0,1.221600056E1,-1.071000099E0
3.652753894E2,2.641950130E0,9.742050171E0,-2.209950209E0
3.652778331E2,3.451950073E0,8.904000282E0,-2.586000204E0
3.652802767E2,5.278950214E0,9.093000412E0,-3.381000042E0
3.652827204E2,5.965950489E0,9.136950493E0,-4.923000336E0
3.652851638E2,4.635000229E0,9.759000778E0,-4.047000408E0
3.652876075E2,2.647050142E0,9.625050545E0,-1.216950059E0
3.652900511E2,2.767050028E0,1.011600018E1,1.320000052E0
3.652924948E2,2.733000040E0,1.071900082E1,1.399050117E0
3.652949383E2,2.215950012E0,1.077705097E1,4.009500146E-1
3.652973820E2,1.996050119E0,9.469050407E0,-1.653000116E0
3.652998256E2,1.215000033E0,8.485050201E0,-3.613050222E0
3.653022693E2,7.770000100E-1,7.042050362E0,-2.932950258E0
3.653047128E2,1.255950093E0,7.389000416E0,-1.806000113E0
3.653071565E2,4.000050068E0,8.181000710E0,-2.827950239E0
3.653096001E2,5.560950279E0,6.892950535E0,-4.573950291E0
3.653120435E2,4.194000244E0,7.173000336E0,-5.742000103E0
3.653144872E2,2.518050194E0,6.819000244E0,-4.078050137E0
3.653169309E2,1.596000075E0,6.739950180E0,-9.130500555E-1
3.653193745E2,1.342050076E0,7.381050587E0,4.630500078E-1
3.653218182E2,2.167950153E0,5.758050442E0,3.700500131E-1
3.653242617E2,4.120050430E0,4.602000237E0,4.030500054E-1
3.653267054E2,4.255949974E0,4.887000084E0,-1.234050035E0
3.653291490E2,3.547950268E0,4.052999973E0,-2.959950209E0
3.653315925E2,2.803050041E0,4.903050423E0,-2.479050159E0
3.653340362E2,3.679050207E0,5.196000099E0,-2.179050207E0
3.653364798E2,4.249050140E0,6.040950298E0,-3.487050056E0
3.653389235E2,2.230950117E0,6.342000484E0,-4.308000088E0
3.653413669E2,4.489500225E-1,6.532050133E0,-1.569000125E0
3.653438106E2,8.899500370E-1,6.498000145E0,5.419500470E-1
3.653462542E2,2.245050192E0,6.721050262E0,1.606950045E0
3.653486979E2,4.009950161E0,7.036950111E0,-3.960000277E-1
3.653511414E2,3.544950247E0,7.152000427E0,-3.151050091E0
3.653535851E2,1.432950020E0,7.306950569E0,-2.586000204E0
3.653560287E2,6.769500375E-1,7.719000340E0,-1.143000007E0
3.653584724E2,2.085000038E0,7.714050293E0,-6.180000305E-1
3.653609159E2,3.595050097E0,8.251049995E0,-2.670000076E0
3.653633596E2,3.459000111E0,8.185950279E0,-3.123000145E0
3.653658032E2,2.527950048E0,8.305950165E0,-2.446950197E0
3.653682467E2,1.891050100E0,8.418000221E0,-2.182049990E0
3.653706903E2,8.419500589E-1,8.326950073E0,-1.213950038E0
3.653731340E2,4.330500066E-1,8.397000313E0,4.680000246E-1
3.653755777E2,8.059500456E-1,8.413050652E0,-6.589500308E-1
3.653780211E2,1.986000061E0,7.690050602E0,7.960500121E-1
3.653804648E2,2.053050041E0,7.710000515E0,-1.047000051E0
3.653829084E2,2.323950052E0,7.486950397E0,-1.710000038E0
3.653853519E2,2.653950214E0,7.291050434E0,-1.429950118E0
3.653877956E2,3.148050070E0,7.530000210E0,-1.911000133E0
3.653902392E2,4.251000404E0,8.155050278E0,-2.746950150E0
3.653926829E2,3.781950235E0,8.242950439E0,-2.983950138E0
3.653951263E2,1.882950068E0,8.904000282E0,-1.183050036E0
3.653975700E2,8.250000477E-1,9.345000267E0,1.198050022E0
3.654000137E2,7.960500121E-1,9.891000748E0,-5.869500041E-1
3.654024573E2,1.041000009E0,1.053495026E1,-1.111050010E0
3.654049008E2,1.540950060E0,1.128195095E1,9.130500555E-1
3.654073445E2,2.374050140E0,1.109505081E1,7.840500474E-1
3.654097882E2,2.472000122E0,1.115505028E1,-4.150500298E-1
3.654122318E2,2.515950203E0,1.100400066E1,-7.159500122E-1
3.654146755E2,2.077050209E0,1.193505096E1,-6.829500198E-1
3.654171190E2,1.486050129E0,1.167705059E1,-1.939500123E-1
3.654195627E2,2.994000196E0,1.063995075E1,-1.175999999E0
3.654220063E2,3.600000143E0,9.673050880E0,-5.431050301E0
3.654244497E2,3.118950129E0,1.014705086E1,-5.364000320E0
3.654268934E2,1.642050028E0,1.019700050E1,-3.508050203E0
3.654293370E2,1.471950054E0,9.991050720E0,2.430000156E-1
3.654317807E2,1.813950062E0,1.044405079E1,7.530000210E-1
3.654342242E2,2.034000158E0,9.436050415E0,2.190000117E-1
3.654366679E2,2.698050022E0,8.065950394E0,-7.759500146E-1
3.654391115E2,3.114000082E0,7.209000111E0,-1.246050000E0
3.654415550E2,3.418050051E0,6.832950115E0,-1.606950045E0
3.654439987E2,4.402050018E0,7.258950233E0,-1.861050129E0
3.654464423E2,4.977000237E0,8.385000229E0,-1.483050108E0
3.654488860E2,4.359000206E0,1.004895020E1,-9.150000215E-1
3.654513294E2,2.632950068E0,1.106595039E1,-4.579500258E-1
3.654537731E2,1.345050097E0,1.189200020E1,1.063950062E0
3.654562167E2,1.090950012E0,1.269405079E1,-1.300500035E-1
3.654586604E2,1.879500151E-1,1.137300014E1,-8.910000324E-1
3.654611039E2,-2.659500241E-1,1.085100079E1,2.790000141E-1
3.654635476E2,-3.330000043E-1,1.122405052E1,1.050000079E-3
3.654659912E2,3.889500201E-1,1.154505062E1,-9.580500722E-1
3.654684349E2,1.258950114E0,1.193295097E1,-8.269500136E-1
3.654708783E2,1.869000077E0,1.325700092E1,-1.357950091E0
3.654733220E2,2.518050194E0,1.527495098E1,-1.006049991E0
3.654757657E2,2.820000172E0,1.620405006E1,-2.110500038E-1
3.654782091E2,3.235950232E0,1.673805046E1,7.669500113E-1
3.654806528E2,2.932050228E0,1.475400066E1,3.619500101E-1
3.654830964E2,2.724000216E0,1.396305084E1,-2.610000074E-1
3.654855401E2,2.415000200E0,1.398300076E1,-1.390500069E-1
3.654879838E2,1.354050040E0,1.328805065E1,-3.979500234E-1
3.654904272E2,3.340500295E-1,1.213395023E1,5.400000140E-2
3.654928709E2,6.900000572E-2,1.036200047E1,5.419500470E-1
3.654953146E2,2.550000250E-1,1.040100002E1,-4.630500078E-1
3.654977580E2,1.062000036E0,1.120305061E1,-2.970000207E-1
3.655002017E2,1.225050092E0,1.102800083E1,-8.269500136E-1
3.655026453E2,2.482050180E0,9.814050674E0,-1.900500059E-1
3.655050890E2,3.286950111E0,9.177000046E0,-5.473950386E0
3.655075325E2,4.765950203E0,8.218950272E0,-7.096950531E0
3.655099762E2,5.298000336E0,9.028950691E0,-5.329950333E0
3.655124198E2,4.114950180E0,9.310950279E0,-4.080000222E-1
3.655148635E2,2.829000235E0,9.402000427E0,2.989050150E0
3.655173069E2,2.250000000E0,1.139700031E1,1.606950045E0
3.655197506E2,2.080049992E0,1.242405033E1,1.512000084E0
3.655221942E2,1.555050015E0,1.180605030E1,1.579050064E0
3.655246379E2,1.462050080E0,1.251195049E1,-1.060500070E-1
3.655270814E2,3.756000280E0,1.223205090E1,1.351050019E0
3.655295251E2,3.943050146E0,1.152405071E1,-5.340000153E0
3.655319687E2,3.504000187E0,1.254795074E1,-7.561950207E0
3.655344122E2,1.929000139E0,1.190700054E1,-6.838950157E0
3.655368558E2,2.146950006E0,1.108095074E1,-2.710950136E0
3.655392995E2,1.801950097E0,1.173195076E1,1.050000079E-3
3.655417432E2,2.868000031E0,1.168200016E1,1.396950126E0
3.655441866E2,3.538050175E0,1.187805080E1,1.306050062E0
3.655466303E2,3.696000099E0,1.218195057E1,6.400500536E-1
3.655490740E2,2.733000040E0,1.251495075E1,1.095000029E0
3.655515176E2,2.262000084E0,1.131300068E1,1.159950018E0
3.655539611E2,2.844000101E0,1.046100044E1,5.520000458E-1
3.655564048E2,3.093000174E0,1.111395073E1,-1.621050119E0
3.655588484E2,3.472950220E0,1.011300087E1,-6.217950344E0
3.655612921E2,4.708950043E0,9.579000473E0,-7.521000385E0
3.655637355E2,5.110950470E0,9.795000076E0,-8.059950829E0
3.655661792E2,3.568950176E0,1.088400078E1,-7.012950420E0
3.655686228E2,2.587050200E0,1.062300014E1,-2.107050180E0
3.655710663E2,2.488950014E0,1.039800072E1,3.007950068E0
3.655735100E2,2.371950150E0,1.319505024E1,2.862000227E0
3.655759537E2,1.927050114E0,1.467195034E1,8.389500380E-1
3.655783973E2,1.390050054E0,1.371705055E1,-1.930050135E0
3.655808410E2,1.540950060E0,1.506000042E1,1.572000027E0
3.655832845E2,2.347950220E0,1.526595116E1,9.490500689E-1
3.655857281E2,2.455950022E0,1.404495049E1,-1.248000026E0
3.655881718E2,2.200050116E0,1.400400066E1,-3.880500197E-1
3.655906152E2,1.036050081E0,1.399005032E1,-9.220500588E-1
3.655930589E2,-2.869500220E-1,1.336995029E1,-1.269000053E0
3.655955025E2,2.890500128E-1,1.343700027E1,8.050500154E-1
3.655979462E2,2.058000088E0,1.437495041E1,7.020000219E-1
3.656003897E2,3.231000185E0,1.403505039E1,-5.920500159E-1
3.656028334E2,3.889950275E0,1.495695114E1,-1.933050036E0
3.656052770E2,3.211950064E0,1.598400116E1,-1.111050010E0
3.656077207E2,1.371000051E0,1.562295055E1,-1.813050032E0
3.656101641E2,1.639500111E-1,1.461705112E1,-1.080000028E-1
3.656126078E2,1.098000050E0,1.457595062E1,-3.790500164E-1
3.656150515E2,3.688950062E0,1.362600040E1,-3.616050243E0
3.656174951E2,4.443000317E0,1.252395058E1,-3.793050289E0
3.656199386E2,4.309050083E0,1.218000031E1,-3.127050161E0
3.656223823E2,3.883050203E0,1.253895092E1,-2.565000057E0
3.656248259E2,4.177050114E0,1.311300087E1,-1.767000079E0
3.656272696E2,4.207950115E0,1.371405029E1,-1.368000031E0
3.656297131E2,4.468950272E0,1.366905022E1,-3.550500274E-1
3.656321567E2,3.445050240E0,1.379595089E1,7.950000465E-3
3.656346004E2,2.793000221E0,1.378605080E1,6.880500317E-1
3.656370441E2,2.353049994E0,1.384800053E1,-3.600000218E-2
3.656394875E2,2.458050013E0,1.410195065E1,-4.909500182E-1
3.656419312E2,2.704950094E0,1.391295052E1,5.100000277E-2
3.656443748E2,2.992050171E0,1.350795078E1,-8.310000300E-1
3.656468183E2,2.638050079E0,1.262505054E1,-2.042999983E0
3.656492620E2,1.765950084E0,1.279005051E1,-1.360050082E0
3.656517056E2,2.230950117E0,1.253205013E1,-2.637000084E0
3.656541493E2,3.217050076E0,1.157895088E1,-4.063950062E0
3.656565927E2,3.186000109E0,1.030305004E1,-3.522000074E0
3.656590364E2,3.355950117E0,9.450000763E0,-1.545000076E0
3.656614800E2,3.463950157E0,9.606000900E0,-1.319999993E-1
3.656639238E2,3.033000231E0,9.630000114E0,6.570000052E-1
3.656663672E2,2.686050177E0,9.382950783E0,8.340000510E-1
3.656688109E2,1.713000059E0,9.330000877E0,1.083000064E0
3.656712545E2,9.310500622E-1,8.619000435E0,1.138050079E0
3.656736982E2,7.770000100E-1,8.670000076E0,1.260000110E0
3.656761417E2,8.850000501E-1,8.221950531E0,7.069500089E-1
3.656785854E2,2.092050076E0,6.442950249E0,1.258050084E0
3.656810290E2,3.033000231E0,6.189000130E0,-2.412000179E0
3.656834724E2,3.142950058E0,5.989950180E0,-2.127000093E0
3.656859162E2,4.764000416E0,6.747000217E0,-4.009050369E0
3.656883598E2,4.663050175E0,6.490950108E0,-9.037050247E0
3.656908035E2,2.808000088E0,7.096950531E0,-6.586950302E0
3.656932472E2,1.989000082E0,7.408050537E0,-2.209950209E0
3.656956906E2,1.632000089E0,8.513999939E0,2.067000151E0
3.656981343E2,1.570050120E0,9.510000229E0,3.063000202E0
3.657005779E2,1.669950128E0,9.096000671E0,1.800000109E-2
3.657030214E2,1.387950063E0,9.136950493E0,1.591050029E0
3.657054650E2,2.391000032E0,7.744950294E0,-1.060500070E-1
3.657079087E2,1.849950075E0,6.631950378E0,-3.919950247E0
3.657103522E2,1.096050024E0,6.670050144E0,-4.630950451E0
3.657127958E2,9.900000691E-1,6.541050434E0,-2.617050171E0
3.657152395E2,2.841000080E0,7.183050156E0,-1.705050111E0
3.657176832E2,3.799050093E0,6.429000378E0,-2.062050104E0
3.657201266E2,3.337050200E0,6.802050114E0,-1.779000044E0
3.657225703E2,3.106950045E0,7.188000202E0,-1.947000146E0
3.657250139E2,1.599000096E0,7.558950424E0,-9.850500226E-1
3.657274576E2,2.959500253E-1,6.268050194E0,1.018050075E0
3.657299011E2,-4.669500291E-1,4.896000385E0,2.031000137E0
3.657323447E2,3.630000055E-1,5.374950409E0,1.572000027E0
3.657347884E2,3.106950045E0,4.741050243E0,-5.749500394E-1
3.657372320E2,3.652950287E0,4.396049976E0,-2.197950125E0
3.657396755E2,1.788000107E0,5.926050186E0,-2.016000032E0
3.657421192E2,1.309500039E-1,6.784950256E0,1.900500059E-1
3.657445628E2,-4.519500136E-1,6.694050312E0,-1.009500027E-1
3.657470065E2,-9.049500227E-1,6.316050529E0,-4.579500258E-1
3.657494500E2,-4.000500143E-1,6.196050167E0,2.830500007E-1
3.657518937E2,3.435000181E0,5.374950409E0,2.078999996E0
3.657543374E2,5.524950027E0,4.300050259E0,-3.751950264E0
3.657567807E2,3.679050207E0,4.824000359E0,-5.176950455E0
3.657592244E2,1.608000040E0,5.124000072E0,-3.070050240E0
3.657616681E2,1.323000073E0,5.112000465E0,-1.281000018E0
3.657641117E2,2.134950161E0,5.433000088E0,-4.530000091E-1
3.657665554E2,1.893000126E0,6.201000214E0,-1.249500066E-1
3.657689989E2,8.850000501E-1,6.019050121E0,5.595000088E-2
3.657714425E2,-5.505000427E-2,5.775000095E0,7.140000463E-1
3.657738862E2,-3.850500286E-1,6.010050297E0,3.094050169E0
3.657763297E2,3.420000076E-1,3.982050180E0,6.619500518E-1
3.657787734E2,2.494050026E0,4.198950291E0,-1.008000016E0
3.657812170E2,3.925950289E0,3.493050098E0,-4.246050358E0
3.657836607E2,3.736950159E0,3.175050259E0,-6.142050266E0
3.657861041E2,2.467950106E0,3.424050093E0,-5.634000301E0
3.657885478E2,1.894950032E0,4.210950375E0,-3.205950260E0
3.657909914E2,1.462050080E0,4.531949997E0,-1.935000062E0
3.657934351E2,1.218000054E0,4.699950218E0,4.099500179E-1
3.657958786E2,1.584000111E0,4.317000389E0,5.920500159E-1
3.657983223E2,3.375000238E0,4.204050064E0,2.401950121E0
3.658007659E2,4.054950237E0,3.304050207E0,-2.280000210E0
3.658032096E2,3.586050272E0,4.245000362E0,-4.261950016E0
3.658056530E2,2.440950155E0,3.807000160E0,-5.011950016E0
3.658080967E2,1.447950125E0,3.867000103E0,-4.590000153E0
3.658105403E2,1.438050032E0,3.711000204E0,-2.434950113E0
3.658129838E2,2.914950132E0,4.314000130E0,6.105000153E-2
3.658154275E2,5.484000206E0,3.523950100E0,-1.726950049E0
3.658178711E2,5.446050167E0,3.808950186E0,-4.387050152E0
3.658203148E2,3.124050140E0,4.777050018E0,-5.055000305E0
3.658227583E2,2.422049999E0,6.004950523E0,-4.317000389E0
3.658252020E2,2.254950047E0,5.703000069E0,-3.312000275E0
3.658276457E2,2.520000219E0,5.806050301E0,-2.167050123E0
3.658300893E2,3.685950279E0,5.482950211E0,-2.443050146E0
3.658325327E2,4.126950264E0,4.896000385E0,-4.870050430E0
3.658349764E2,3.952050209E0,4.519950390E0,-6.742950439E0
3.658374201E2,2.889000177E0,4.149000168E0,-7.051950455E0
3.658398637E2,2.188050032E0,3.991050243E0,-4.258049965E0
3.658423072E2,3.289050102E0,3.121950150E0,-3.034050226E0
3.658447509E2,5.026950359E0,3.153000116E0,-3.228000164E0
3.658471945E2,5.341050148E0,3.297000170E0,-4.321950436E0
3.658496382E2,5.628000259E0,3.349950075E0,-4.485000134E0
3.658520817E2,5.355000019E0,3.579000235E0,-5.245950222E0
3.658545254E2,3.943050146E0,3.811950207E0,-6.118050098E0
3.658569690E2,3.184050083E0,3.850050211E0,-4.626000404E0
3.658594127E2,3.682050228E0,3.349950075E0,-3.883950233E0
3.658618561E2,5.962950230E0,3.345000267E0,-4.549950123E0
3.658642998E2,6.483000278E0,3.156000137E0,-4.983000278E0
3.658667435E2,5.394000053E0,3.436050177E0,-5.112000465E0
3.658691869E2,4.749000072E0,3.844950199E0,-5.464050293E0
3.658716306E2,4.231950283E0,4.198950291E0,-6.819000244E0
3.658740742E2,2.494050026E0,4.735949993E0,-7.243050575E0
3.658765179E2,9.930000305E-1,4.659000397E0,-6.537000179E0
3.658789614E2,1.752000093E0,4.075050354E0,-2.170050144E0
3.658814051E2,3.600000143E0,4.176000118E0,3.817050219E0
3.658838487E2,4.801950455E0,3.675000191E0,2.983950138E0
3.658862924E2,5.341050148E0,3.835950136E0,1.759500057E-1
3.658887359E2,4.567049980E0,5.611950397E0,-3.427050114E0
3.658911796E2,3.804000139E0,6.321000099E0,-5.730000496E0
3.658936232E2,2.539950132E0,6.238950253E0,-6.855000496E0
3.658960669E2,1.471950054E0,6.457050323E0,-6.625050545E0
3.658985103E2,1.074000001E0,6.378000259E0,-5.127000332E0
3.659009540E2,1.540950060E0,5.397000313E0,-3.879000187E0
3.659033976E2,1.383000016E0,3.618000269E0,-1.866000056E0
3.659058411E2,1.033950090E0,2.787000179E0,-2.089500129E-1
3.659082848E2,1.852050066E0,2.686050177E0,3.190500140E-1
3.659107284E2,3.603000164E0,2.040000200E0,-9.889500737E-1
3.659131721E2,4.620000362E0,1.891050100E0,-2.943000078E0
3.659156158E2,5.464950085E0,2.827950239E0,-4.935000420E0
3.659180593E2,5.149050236E0,3.522000074E0,-6.787950516E0
3.659205030E2,3.615000248E0,4.360050201E0,-7.032000542E0
3.659229466E2,2.676000118E0,4.954050064E0,-5.598000050E0
3.659253901E2,2.587050200E0,4.702050209E0,-4.162050247E0
3.659278337E2,2.935050249E0,4.246950150E0,-2.842050076E0
3.659302774E2,4.089000225E0,3.292050123E0,-2.991000175E0
3.659327211E2,5.377050400E0,2.353049994E0,-4.630950451E0
3.659351645E2,5.179950237E0,2.113950014E0,-5.517000198E0
3.659376082E2,6.057000160E0,2.791950226E0,-3.919950247E0
3.659400518E2,5.668950081E0,2.827950239E0,-3.973050117E0
3.659424955E2,4.120050430E0,3.103050232E0,-6.360000134E0
3.659449390E2,4.726050377E0,2.974050045E0,-7.621050358E0
3.659473827E2,7.599000454E0,2.566950083E0,-7.425000191E0
3.659498263E2,7.150950432E0,2.500050068E0,-7.669050217E0
3.659522700E2,6.226950169E0,3.088950157E0,-7.191000462E0
3.659547134E2,6.574050426E0,3.739950180E0,-6.453000069E0
3.659571571E2,6.865950108E0,4.824000359E0,-6.700050354E0
3.659596008E2,5.145000458E0,5.563950062E0,-7.255050182E0
3.659620442E2,4.239000320E0,6.112950325E0,-6.703950405E0
3.659644879E2,3.982950211E0,6.535950184E0,-7.903950214E0
3.659669315E2,4.645950317E0,6.475950241E0,-7.717050552E0
3.659693752E2,1.680000067E0,6.876000404E0,-4.291050434E0
3.659718187E2,7.510500550E-1,6.484050274E0,6.633000374E0
3.659742624E2,2.635050058E0,6.199050426E0,3.130050182E0
3.659767061E2,3.045000076E0,7.065000534E0,1.360950112E0
3.659791497E2,2.263950109E0,7.723950386E0,5.419500470E-1
3.659815931E2,1.939050078E0,8.097000122E0,1.936050057E0
3.659840368E2,1.690050125E0,9.582000732E0,4.270500243E-1
3.659864805E2,1.326000094E0,1.148295021E1,8.080500364E-1
3.659889242E2,2.104050159E0,1.228695011E1,9.829500318E-1
3.659913676E2,2.748000145E0,1.276905060E1,-2.230500132E-1
3.659938113E2,8.656949997E0,1.231605053E1,5.130000114E-1
3.659962549E2,7.062000275E0,1.192605019E1,-1.387995052E1
3.659986984E2,2.580000162E0,1.356405067E1,-1.537905025E1
3.660011421E2,1.429050088E0,1.264200020E1,-1.362600040E1
3.660035857E2,9.810000658E-1,1.148505020E1,-5.979000092E0
3.660060294E2,2.359950066E0,1.107105064E1,-1.900500059E-1
3.660084731E2,4.450050354E0,1.129095078E1,2.641950130E0
3.660109166E2,4.924050331E0,1.024995041E1,6.690000296E-1
3.660133602E2,5.925000191E0,9.679950714E0,-1.581000090E0
3.660158039E2,5.566050053E0,9.991050720E0,-3.427050114E0
3.660182473E2,5.494050026E0,1.144695091E1,-5.349000454E0
3.660206910E2,4.234950066E0,1.148100090E1,-6.553950310E0
3.660231346E2,3.492000103E0,1.139205074E1,-5.110050201E0
3.660255783E2,4.204050064E0,1.175100040E1,-3.700050116E0
3.660280218E2,5.499000072E0,1.151895046E1,-2.650950193E0
3.660304655E2,5.025000095E0,1.100895023E1,-2.701050043E0
3.660329091E2,3.538050175E0,1.163100052E1,-1.702950120E0
3.660353528E2,3.226950169E0,1.175595093E1,-7.309500575E-1
3.660377962E2,3.295950174E0,1.151895046E1,-5.560500026E-1
3.660402398E2,2.154000044E0,1.144905090E1,-1.285950065E0
3.660426835E2,1.227000117E0,1.110000038E1,-5.419500470E-1
3.660451270E2,3.940500319E-1,9.831000328E0,1.800000072E-1
3.660475707E2,3.870000243E-1,9.462000847E0,8.010000587E-1
3.660500143E2,9.330000281E-1,9.996000290E0,1.849500090E-1
3.660524580E2,2.266950130E0,1.077900028E1,2.639999986E-1
3.660549017E2,4.726050377E0,1.273995018E1,-1.959000111E0
3.660573451E2,5.821950436E0,1.351605034E1,-4.192950249E0
3.660597888E2,6.744000435E0,1.323300076E1,-6.532050133E0
3.660622325E2,4.267950058E0,1.556505108E1,-7.329000473E0
3.660646759E2,2.371950150E0,1.604400063E1,-3.970050097E0
3.660671196E2,1.492950082E0,1.567995071E1,-6.610500216E-1
3.660695632E2,1.639050126E0,1.464300060E1,4.579500258E-1
3.660720069E2,3.277050257E0,1.294305038E1,-8.460000157E-1
3.660744504E2,4.819050312E0,1.190205097E1,-4.332000256E0
3.660768941E2,4.558050156E0,1.161705017E1,-5.128950119E0
3.660793377E2,4.182000160E0,1.218000031E1,-3.403050184E0
3.660817814E2,3.528000116E0,1.275705051E1,-2.232000113E0
3.660842248E2,2.815050125E0,1.313700104E1,-1.317000031E0
3.660866685E2,2.965950251E0,1.292700100E1,-6.900000572E-1
3.660891121E2,3.574050188E0,1.279305077E1,-1.279050112E0
3.660915558E2,4.243950367E0,1.289595032E1,-2.862000227E0
3.660939993E2,3.889950275E0,1.286205101E1,-3.714000225E0
3.660964429E2,3.627000093E0,1.340100098E1,-2.151000023E0
3.660988866E2,4.548000336E0,1.373595047E1,-7.930500507E-1
3.661013301E2,5.290950298E0,1.417605114E1,-1.504050016E0
3.661037737E2,4.873950005E0,1.471305084E1,-3.070050240E0
3.661062174E2,3.745950222E0,1.452405071E1,-3.714000225E0
3.661086610E2,3.013950109E0,1.382205105E1,-3.783000231E0
3.661111045E2,2.568000078E0,1.215600014E1,-7.489950180E0
3.661135482E2,1.582050085E0,1.192800045E1,-3.075000048E0
3.661159918E2,2.550000250E-1,9.975000381E0,-2.569500208E-1
3.661184355E2,1.017000079E0,9.499950409E0,1.372950077E0
3.661208790E2,4.977000237E0,1.050795078E1,2.190000117E-1
3.661233227E2,7.831050396E0,1.094700050E1,-3.003000259E0
3.661257663E2,7.417050362E0,1.073805046E1,-4.863000393E0
3.661282097E2,6.028050423E0,1.336500072E1,-4.909050465E0
3.661306534E2,4.749000072E0,1.403295040E1,-3.292950153E0
3.661330970E2,3.793950081E0,1.357800102E1,-2.131050110E0
3.661355407E2,2.902950048E0,1.224900055E1,-2.194050074E0
3.661379842E2,2.992050171E0,1.088895035E1,-2.526000023E0
3.661404279E2,4.611000061E0,8.859000206E0,-4.774950027E0
3.661428716E2,6.411000252E0,7.935000420E0,-5.878050327E0
3.661453152E2,7.246950150E0,8.413050652E0,-4.614000320E0
3.661477589E2,5.805000305E0,1.035495090E1,-3.786000252E0
3.661502023E2,3.865950108E0,1.081500053E1,-3.726000071E0
3.661526459E2,2.179949999E0,9.772950172E0,-2.493000031E0
3.661550896E2,2.851050138E0,9.760950089E0,-1.477950096E0
3.661575331E2,4.423950195E0,9.912000656E0,-2.208000183E0
3.661599768E2,3.961950302E0,1.004895020E1,-2.910000086E0
3.661624204E2,3.655050278E0,1.043700027E1,-2.131050110E0
3.661648641E2,4.624950409E0,1.097100067E1,-2.335050106E0
3.661673078E2,5.839050293E0,1.216995049E1,-3.076950073E0
3.661697512E2,5.074950218E0,1.371705055E1,-4.393949986E0
3.661721949E2,2.953950167E0,1.279500103E1,-3.930000305E0
3.661746386E2,1.026000023E0,1.090605068E1,-1.147050023E0
3.661770820E2,1.519500017E-1,9.316050529E0,1.509000063E0
3.661795257E2,1.429500133E-1,8.904000282E0,2.104950190E0
3.661819693E2,4.680000246E-1,7.456050396E0,1.903950095E0
3.661844130E2,1.030950069E0,8.284049988E0,1.288950086E0
3.661868565E2,2.566050053E0,1.062795067E1,1.195950031E0
3.661893001E2,5.152050018E0,1.279500103E1,-4.015950203E0
3.661917438E2,5.911050320E0,1.342500019E1,-6.264000416E0
3.661941872E2,4.582050323E0,1.507005024E1,-6.001050472E0
3.661966309E2,2.082000017E0,1.586400032E1,-2.206050158E0
3.661990745E2,1.147950053E0,1.493100071E1,-8.430000544E-1
3.662015182E2,1.591050029E0,1.245300102E1,-2.383050203E0
3.662039619E2,3.943050146E0,9.127050400E0,-4.612050056E0
3.662064054E2,5.511000156E0,8.421000481E0,-6.304950237E0
3.662088490E2,4.273050308E0,6.792000294E0,-4.648050308E0
3.662112927E2,2.038950205E0,6.028950214E0,2.700000070E-2
3.662137361E2,2.721000195E0,7.879950523E0,4.591050148E0
3.662161798E2,4.942950249E0,1.073805046E1,2.770950079E0
3.662186235E2,5.446050167E0,1.098300076E1,3.220500052E-1
3.662210671E2,4.891050339E0,1.153305054E1,-9.559500217E-1
3.662235106E2,4.881000042E0,1.322400093E1,-3.907950163E0
3.662259542E2,5.628000259E0,1.577295113E1,-7.660050392E0
3.662283979E2,3.526050091E0,1.607805061E1,-8.641050339E0
3.662308416E2,6.739500165E-1,1.301295090E1,-4.582950115E0
3.662332851E2,-6.990000606E-1,7.432050228E0,1.009500027E-1
3.662357288E2,-3.040500283E-1,4.990050316E0,3.415050268E0
3.662381724E2,-8.899500370E-1,8.305950165E0,-2.089500129E-1
3.662406161E2,1.201050043E0,3.406950235E0,-1.642950058E0
3.662430595E2,1.135950089E0,4.603950024E0,-4.192950249E0
3.662455031E2,2.950950146E0,4.690050125E0,-3.372000217E0
3.662479468E2,3.777000189E0,6.229950428E0,-1.510950089E0
3.662503903E2,3.801000118E0,7.120950222E0,5.590500236E-1
3.662528340E2,2.488950014E0,7.912950516E0,1.879500151E-1
3.662552776E2,1.029000044E0,9.754050255E0,1.645950079E0
3.662577213E2,2.233050108E0,8.859000206E0,2.431050062E0
3.662601648E2,4.255949974E0,7.255050182E0,1.609500051E-1
3.662626084E2,2.563050032E0,6.759000301E0,-1.800000072E-1
3.662650521E2,1.195950031E0,7.822050571E0,-1.260000110E0
3.662674958E2,1.263000011E0,7.717050552E0,-1.920000017E-1
3.662699392E2,2.803050041E0,8.409000397E0,-1.573950052E0
3.662723829E2,4.170000076E0,9.496050835E0,-2.503050089E0
3.662748265E2,4.029000282E0,1.125795078E1,-3.112950087E0
3.662772702E2,4.927050114E0,1.250295067E1,-4.693050385E0
3.662797137E2,4.060050011E0,1.414095020E1,-8.115000725E0
3.662821573E2,1.270950079E0,1.173900032E1,-7.188000202E0
3.662846010E2,-1.909500062E-1,8.479949951E0,-8.359500170E-1
3.662870444E2,1.360500008E-1,7.968000412E0,1.708050132E0
3.662894881E2,-7.320000529E-1,9.558000565E0,-1.200000048E-1
3.662919318E2,7.920000553E-1,6.685050488E0,8.269500136E-1
3.662943754E2,2.487000227E0,5.791950226E0,2.194050074E0
3.662968191E2,3.655050278E0,6.766050339E0,6.709500551E-1
3.662992626E2,5.188050270E0,7.486950397E0,-5.149500370E-1
3.663017062E2,4.291950226E0,9.591000557E0,1.005000062E-2
3.663041499E2,3.768000126E0,1.094700050E1,-1.729500145E-1
3.663065933E2,1.527000070E0,1.009395027E1,3.705000132E-2
3.663090370E2,1.093050003E0,8.566950798E0,-3.090000153E-1
3.663114807E2,1.294050097E0,6.678000450E0,-4.690950394E0
3.663139243E2,1.102950096E0,4.051050186E0,-8.112000465E0
3.663163678E2,3.246000051E0,3.337950230E0,-8.170050621E0
3.663188114E2,6.142950058E0,4.354950428E0,-7.602000237E0
3.663212551E2,5.674050331E0,3.997950077E0,-5.935950279E0
3.663236986E2,4.684950352E0,4.225950241E0,-2.718000174E0
3.663261423E2,6.877950191E0,4.911000252E0,-4.770000279E-1
3.663285860E2,6.849000454E0,7.326000214E0,-2.497950077E0
3.663310296E2,2.190000057E0,7.092000484E0,-2.359050035E0
3.663334733E2,-5.460000038E-1,5.004000187E0,1.210500076E-1
3.663359167E2,4.660500288E-1,3.298950195E0,1.630950093E0
3.663383604E2,4.387950420E0,3.643950224E0,1.444950104E0
3.663408040E2,6.315000534E0,4.450950146E0,-9.370500445E-1
3.663432475E2,4.954950333E0,4.750050068E0,-5.440500379E-1
3.663456912E2,1.957950115E0,7.396050453E0,1.954950094E0
3.663481348E2,9.780000448E-1,9.289950371E0,2.416950226E0
3.663505785E2,1.612950087E0,1.269705105E1,-1.096950054E0
3.663530222E2,5.961000443E0,1.417200089E1,-3.304950237E0
3.663554657E2,4.927050114E0,1.432695103E1,-8.052000046E0
3.663579093E2,3.969000101E0,1.237395096E1,-9.280950546E0
3.663603530E2,1.611000061E0,8.245950699E0,-6.202050209E0
3.663627964E2,3.385050058E0,7.051050186E0,-8.458950043E0
3.663652401E2,7.620000362E0,8.313000679E0,-1.164900017E1
3.663676837E2,7.114950180E0,7.675950527E0,-1.228800011E1
3.663701274E2,6.094950199E0,5.635950089E0,-1.286505032E1
3.663725709E2,7.965000153E0,6.907050133E0,-1.016895008E1
3.663750146E2,7.138950348E0,8.983050346E0,-9.610950470E0
3.663774582E2,2.791050196E0,9.769050598E0,-6.253950119E0
3.663799017E2,-2.692950010E0,9.277950287E0,4.212000370E0
3.663823454E2,-1.648950100E0,5.848950386E0,1.107705021E1
3.663847890E2,1.101000071E0,2.251049995E0,3.951000214E0
3.663872327E2,3.094950199E0,3.073950052E0,4.090050220E0
3.663896761E2,3.117000103E0,3.385050058E0,6.613950253E0
3.663921198E2,5.142000198E0,1.912950039E0,3.388950109E0
3.663945635E2,7.132050514E0,2.338950157E0,-3.181950092E0
3.663970072E2,7.113000393E0,5.389050484E0,-8.280000687E0
3.663994506E2,5.098950386E0,1.046295071E1,-1.027005005E1
3.664018943E2,2.737950087E0,1.214895058E1,-9.288000107E0
3.664043379E2,4.969500303E-1,1.061895084E1,-6.982050419E0
3.664067816E2,-3.690000176E-1,5.308050156E0,-1.771950126E0
3.664092251E2,1.933950067E0,2.931000233E0,9.160500169E-1
3.664116688E2,5.269050121E0,6.120000362E0,-2.422950029E0
3.664141124E2,1.069905090E1,2.586000204E0,-9.043950081E0
3.664165561E2,8.061000824E0,2.926050186E0,-1.218000031E1
3.664189995E2,7.113000393E0,6.103050232E0,-9.046050072E0
3.664214432E2,8.785950661E0,6.072000504E0,-9.313950539E0
3.664238868E2,5.146950245E0,7.669050217E0,-8.071949959E0
3.664263305E2,9.640500546E-1,8.314949989E0,-5.610000491E-1
3.664287740E2,-3.256050110E0,9.919050217E0,7.288950443E0
3.664312177E2,-2.526000023E0,2.902050257E0,2.929050207E0
3.664336613E2,-1.645050049E0,3.358950138E0,2.581950188E0
3.664361048E2,1.459950089E0,2.185950041E0,4.971000195E0
3.664385485E2,1.981950045E0,1.981950045E0,4.212000370E0
3.664409921E2,4.093050003E0,2.908950090E0,-4.170000255E-1
3.664434357E2,6.502050400E0,1.090800095E1,-4.030050278E0
3.664458792E2,5.950950146E0,9.862050056E0,-5.056950092E0
3.664483229E2,4.800000191E0,9.484050751E0,-7.705050468E0
3.664507665E2,1.933950067E0,9.855000496E0,-8.086050034E0
3.664532102E2,1.141050100E0,6.643950462E0,-2.845050097E0
3.664556537E2,2.917950153E0,5.650050163E0,-3.412050247E0
3.664580974E2,7.945950508E0,6.049950123E0,-6.288000107E0
3.664605410E2,8.845950127E0,4.492050171E0,-1.100205040E1
3.664629847E2,6.670050144E0,7.255050182E0,-9.180000305E0
3.664654281E2,7.813950539E0,7.285950184E0,-7.320000172E0
3.664678718E2,7.246950150E0,8.035050392E0,-6.927000523E0
3.664703155E2,1.852050066E0,8.682000160E0,-2.905050039E0
3.664727589E2,-2.550000191E0,9.855000496E0,4.299000263E0
3.664752026E2,-3.775950193E0,8.275050163E0,5.473950386E0
3.664776462E2,-2.515950203E0,7.030050278E0,1.009500027E-1
3.664800899E2,3.580500185E-1,5.767950058E0,2.734950066E0
3.664825336E2,2.137050152E0,4.350000381E0,3.049050093E0
3.664849771E2,2.568000078E0,5.526000500E0,7.480500340E-1
3.664874208E2,2.218950033E0,8.467950821E0,2.160000056E-1
3.664898644E2,2.227950096E0,1.066395092E1,7.600500584E-1
3.664923078E2,1.579050064E0,1.105695057E1,-8.310000300E-1
3.664947515E2,1.785000086E0,1.010100079E1,5.920500159E-1
3.664971952E2,1.600950122E0,8.557050705E0,9.870000482E-1
3.664996388E2,6.940500140E-1,7.420050144E0,-3.049500287E-1
3.665020823E2,3.150000274E-1,6.712950230E0,1.215000033E0
3.665045260E2,6.163950443E0,5.992950439E0,5.187000275E0
3.665069697E2,1.172400093E1,3.948000193E0,-1.662195015E1
3.665094131E2,1.318500042E1,4.189949989E0,-2.042400169E1
3.665118568E2,8.595000267E0,7.815000534E0,-1.922400093E1
3.665143005E2,4.162950039E0,7.318950176E0,-1.294395065E1
3.665167441E2,4.129500091E-1,6.888000488E0,-1.284000039E0
3.665191878E2,-1.300050020E0,1.004400063E1,9.181050301E0
3.665216313E2,-3.037950039E0,5.907000065E0,6.730950356E0
3.665240749E2,-4.305000231E-2,3.852000237E0,-1.405950069E0
3.665265186E2,1.615050077E0,4.822050095E0,6.025050163E0
3.665289620E2,2.532000065E0,2.562000036E0,4.579050064E0
3.665314057E2,4.207950115E0,5.968950272E0,3.511050224E0
3.665338493E2,7.821000576E0,6.766050339E0,-2.668050051E0
3.665362930E2,7.060050488E0,6.241950512E0,-5.557950497E0
3.665387365E2,3.339000225E0,7.270950317E0,-1.149300098E1
3.665411802E2,7.320000529E-1,5.467950344E0,-1.160805035E1
3.665436238E2,3.016050100E0,1.786050081E0,-1.120605087E1
3.665460675E2,8.014950752E0,4.930500090E-1,-9.778950691E0
3.665485109E2,9.631050110E0,7.129500508E-1,-6.523050308E0
3.665509546E2,9.303000450E0,1.680000126E-1,-2.670000076E0
3.665533982E2,8.911050797E0,9.289500713E-1,-3.774000168E0
3.665558419E2,1.352505112E1,1.900950074E0,-6.409950256E0
3.665582854E2,1.434795094E1,3.709500134E-1,-9.187050819E0
3.665607291E2,9.351000786E0,-1.666050076E0,-1.415295029E1
3.665631727E2,8.323950768E0,-1.957950115E0,-2.056305122E1
3.665656162E2,1.302705097E1,-4.309050083E0,-2.411595154E1
3.665680598E2,1.670205116E1,-5.479950428E0,-2.134800148E1
3.665705035E2,1.189200020E1,-3.937950134E0,-1.569495106E1
3.665729472E2,8.149050713E0,1.000500023E-1,-1.151205063E1
3.665753908E2,2.986950159E0,5.779950142E0,-7.594950199E0
3.665778343E2,4.090950012E0,7.528050423E0,-5.218050480E0
3.665802780E2,5.161050320E0,1.323795033E1,-5.754000187E0
3.665827216E2,4.948050022E0,2.243400192E1,-3.714000225E0
3.665851653E2,3.222000122E0,9.526950836E0,-5.521950245E0
3.665876088E2,3.832050085E0,5.722050190E0,-9.409950256E0
3.665900524E2,5.962950230E0,5.896950245E0,-1.578405094E1
3.665924961E2,8.855999947E0,4.317000389E0,-1.641105080E1
3.665949395E2,5.857950211E0,4.401000023E0,-1.000395012E1
3.665973832E2,3.646050215E0,4.003050327E0,-4.537950039E0
3.665998268E2,8.419950485E0,4.693050385E0,1.356000066E0
3.666022705E2,1.205895042E1,6.340050220E0,-1.177950025E0
3.666047140E2,9.994950294E0,3.196050167E0,-3.175050259E0
3.666071577E2,4.455000401E0,3.490950108E0,-3.223050117E0
3.666096013E2,4.318050385E0,4.534950256E0,-8.038050652E0
3.666120450E2,6.864000320E0,3.991050243E0,-8.200950623E0
3.666144885E2,5.155950069E0,2.962050200E0,-1.609500051E-1
3.666169322E2,4.036050320E0,2.100000143E0,1.867950082E0
3.666193758E2,3.046950102E0,5.334000111E0,2.457000017E0
3.666218195E2,3.243000269E0,9.994050026E0,2.926950216E0
3.666242629E2,3.046950102E0,1.104000092E1,1.713000059E0
3.666267065E2,2.463000059E0,1.108800030E1,-6.280500293E-1
3.666291502E2,1.441050053E0,1.224405098E1,-1.003950000E0
3.666315937E2,-1.549500078E-1,9.442950249E0,1.866000056E0
3.666340374E2,-5.290500522E-1,1.086495018E1,-2.490000129E-1
3.666364811E2,1.227000117E0,1.066200066E1,3.580050230E0
3.666389247E2,1.636950135E0,9.295050621E0,4.050000191E0
3.666413682E2,1.363950014E0,8.346000671E0,4.729950428E0
3.666438118E2,2.086095047E1,1.239300060E1,-7.576050282E0
3.666462555E2,2.229000092E1,6.673050404E0,-3.826800156E1
3.666486992E2,1.177395058E1,7.590000153E0,-3.954705048E1
3.666511426E2,2.235000134E0,7.551000595E0,-2.083095169E1
3.666535863E2,3.210000038E0,8.406000137E0,-9.319500327E-1
3.666560299E2,3.847050190E0,1.392300034E1,8.935950279E0
3.666584736E2,1.977000117E0,1.007505035E1,4.612050056E0
3.666609171E2,-1.339500099E-1,5.160000324E0,7.023000240E0
3.666633607E2,9.090000391E-1,1.037700081E1,4.834950447E0
3.666658044E2,2.463000059E0,1.371900082E1,1.998000145E0
3.666682479E2,3.985950232E0,1.364700031E1,2.911950111E0
3.666706916E2,3.801000118E0,1.513905048E1,3.841050148E0
3.666731352E2,7.555950165E0,1.344600105E1,2.875950098E0
3.666755789E2,1.687050104E0,9.985950470E0,-3.196950197E0
3.666780226E2,6.730050087E0,1.122405052E1,-1.456305027E1
3.666804660E2,1.271505070E1,5.803950310E0,-2.992905235E1
3.666829096E2,8.098950386E0,5.823000431E0,-3.200699997E1
3.666853533E2,9.124050140E0,7.774050236E0,-1.895400047E1
3.666877968E2,1.175505066E1,8.284049988E0,-8.929050446E0
3.666902405E2,1.196100044E1,9.820950508E0,-4.480050087E0
3.666926841E2,9.832950592E0,1.168200016E1,6.900000572E-1
3.666951278E2,6.442050457E0,1.069500065E1,5.362050056E0
3.666975715E2,6.409050465E0,1.042005062E1,6.481950283E0
3.667000149E2,8.161050797E0,1.132005024E1,2.529000044E0
3.667024585E2,7.426050186E0,9.903000832E0,-3.466950178E0
3.667049022E2,4.744950294E0,9.679950714E0,-7.396050453E0
3.667073457E2,2.032050133E0,1.158300018E1,-6.634950161E0
3.667097894E2,1.419000030E0,1.354005051E1,-4.978050232E0
3.667122330E2,3.451950073E0,1.560795116E1,-4.565999985E0
3.667146767E2,5.367000103E0,1.611300087E1,-6.235050201E0
3.667171202E2,3.627000093E0,1.374300098E1,-7.396050453E0
3.667195638E2,1.303950071E0,1.259400082E1,-2.617050171E0
3.667220075E2,3.009000063E0,1.219605064E1,4.990500212E-1
3.667244509E2,5.367000103E0,1.281705093E1,-2.710950136E0
3.667268946E2,5.793000221E0,1.279995060E1,-5.898000240E0
3.667293382E2,5.484000206E0,1.329795074E1,-5.340000153E0
3.667317819E2,8.998950005E0,1.375695038E1,-3.241950035E0
3.667342256E2,1.033995056E1,1.420500088E1,-5.959950447E0
3.667366691E2,5.137050152E0,1.383405113E1,-6.223050117E0
3.667391127E2,1.725000024E0,1.268205070E1,3.070500195E-1
3.667415564E2,2.170950174E0,1.159500027E1,1.263000011E0
3.667439998E2,1.885950089E0,1.487100029E1,2.190000117E-1
3.667464435E2,5.590500236E-1,1.312995052E1,1.957050085E0
3.667488872E2,-2.389500141E-1,9.306000710E0,2.910000086E-1
3.667513308E2,-6.180000305E-1,1.100400066E1,-9.990000725E-1
3.667537743E2,-1.767000079E0,1.666905022E1,2.880000174E-1
3.667562180E2,-1.690050125E0,1.106595039E1,1.062000036E0
3.667586616E2,2.346000195E0,1.162200069E1,-9.030000567E-1
3.667611053E2,1.282950044E0,1.024005032E1,-9.550950050E0
3.667635488E2,5.086950302E0,2.605050087E0,-1.281900024E1
3.667659925E2,6.889950275E0,5.227050304E0,-1.535295105E1
3.667684361E2,1.012500095E1,1.591950059E0,-1.794600105E1
3.667708798E2,7.675050259E0,3.325950146E0,-1.137105083E1
3.667733232E2,3.154950142E0,3.772950172E0,-1.746000051E0
3.667757669E2,3.748950243E0,6.031050205E0,2.671050072E0
3.667782106E2,5.506050110E0,4.693050385E0,3.493950129E0
3.667806540E2,6.639000416E0,4.827000141E0,4.552050114E0
3.667830977E2,4.909950256E0,5.478000164E0,4.359000206E0
3.667855413E2,3.720000267E0,4.609050274E0,6.400500536E-1
3.667879850E2,7.315950394E0,3.864000082E0,-5.245950222E0
3.667904285E2,7.150950432E0,2.215050220E0,-8.569950104E0
3.667928722E2,4.572000027E0,2.338950157E0,-1.071705055E1
3.667953158E2,3.664950132E0,3.373050213E0,-1.044405079E1
3.667977595E2,6.102000237E0,5.509050369E0,-6.313950062E0
3.668002029E2,7.546050549E0,6.253950119E0,-4.248000145E0
3.668026466E2,5.905950069E0,7.942050457E0,-1.558950067E0
3.668050902E2,3.544950247E0,6.867000103E0,-3.733050108E0
3.668075339E2,1.704000115E0,5.298000336E0,-8.910000801E0
3.668099774E2,4.132050037E0,3.163050175E0,-9.112950325E0
3.668124210E2,8.317049980E0,2.209950209E0,-8.503050804E0
3.668148647E2,5.989950180E0,3.297000170E0,-5.256000042E0
3.668173082E2,4.282950401E0,2.902050257E0,-1.092000008E0
3.668197519E2,9.619050026E0,3.964950085E0,-3.669000149E0
3.668221956E2,1.301700020E1,3.697050095E0,-6.694950104E0
3.668246392E2,8.463000298E0,7.999500632E-1,-8.967000008E0
3.668270829E2,3.181050062E0,3.310950041E0,-1.336800098E1
3.668295263E2,4.804950237E0,2.500050068E0,-1.638000107E1
3.668319699E2,5.749950409E0,2.569050074E0,-1.438305092E1
3.668344136E2,3.375000238E0,3.871050119E0,-5.917050362E0
3.668368571E2,4.180500209E-1,3.121950150E0,-1.642950058E0
3.668393008E2,6.220500469E-1,5.140050411E0,8.509500623E-1
3.668417444E2,-1.483950019E0,1.354695034E1,4.063950062E0
3.668441881E2,1.789500117E-1,9.828000069E0,2.055000067E0
3.668466318E2,9.979500771E-1,1.184205055E1,5.200500488E-1
3.668490752E2,1.303950071E0,1.064700031E1,1.342050076E0
3.668515189E2,4.470000267E-1,8.361000061E0,1.042050004E0
3.668539623E2,-1.270500124E-1,8.892000198E0,-1.236000061E0
3.668564060E2,1.666050076E0,9.261000633E0,2.206050158E0
3.668588496E2,2.595000029E0,8.749050140E0,3.517950058E0
3.668612933E2,2.800950050E0,7.915050507E0,1.603050113E0
3.668637370E2,3.736950159E0,9.253950119E0,1.810950041E0
3.668661805E2,5.200050354E0,9.526950836E0,4.180950165E0
3.668686242E2,5.539950371E0,8.361000061E0,2.698950052E0
3.668710678E2,4.900050163E0,5.040000439E0,3.316950083E0
3.668735112E2,2.616000175E0,5.538000107E0,1.488000035E0
3.668759549E2,6.066000462E0,7.033950329E0,-8.883000374E0
3.668783985E2,4.726050377E0,4.891050339E0,-1.896300125E1
3.668808422E2,4.230000079E-1,3.739950180E0,-1.371000099E1
3.668832857E2,-7.090500593E-1,1.702050090E0,-1.807950139E0
3.668857294E2,8.920500278E-1,7.384050369E0,2.766000032E0
3.668881730E2,2.213999987E0,1.368105030E1,1.219950080E0
3.668906167E2,1.213050008E0,8.938050270E0,1.363050103E0
3.668930601E2,9.019500613E-1,6.831000328E0,4.375050068E0
3.668955038E2,5.020500422E-1,6.955050468E0,-1.942050099E0
3.668979475E2,2.939999998E-1,5.977950096E0,4.150500298E-1
3.669003911E2,2.499000072E0,8.740950584E0,3.307050228E0
3.669028346E2,3.229050159E0,7.209000111E0,4.978950024E0
3.669052783E2,2.167950153E0,6.397050381E0,3.139950037E0
3.669077219E2,1.544700050E1,8.466000557E0,2.119950056E0
3.669101654E2,1.584195042E1,6.139050484E0,-1.784700012E1
3.669126091E2,8.482049942E0,6.960000515E0,-2.574105072E1
3.669150527E2,5.089499950E-1,8.764950752E0,-1.753605080E1
3.669174964E2,-5.530500412E-1,7.345950127E0,-3.039000034E0
3.669199398E2,3.990000248E0,8.626950264E0,4.500000000E0
3.669223835E2,3.358050108E0,9.627000809E0,4.543050289E0
3.669248272E2,1.254000068E0,5.598000050E0,4.030950069E0
3.669272708E2,1.327950120E0,6.804000378E0,9.630000591E-1
3.669297143E2,1.897950053E0,1.080300045E1,1.111950040E0
3.669321580E2,3.231000185E0,1.244100094E1,1.255950093E0
3.669346016E2,6.013950348E0,1.238805103E1,3.160950184E0
3.669370453E2,7.002000332E0,7.732950211E0,-1.154595089E1
3.669394888E2,1.309050083E0,7.183050156E0,-1.093500042E1
3.669419324E2,5.734050274E0,5.904000282E0,-1.280805016E1
3.669443761E2,1.116900063E1,4.072950363E0,-1.541700077E1
3.669468198E2,8.065950394E0,5.148000240E0,-1.412700081E1
3.669492632E2,3.528000116E0,6.784950256E0,-6.826950550E0
3.669517069E2,6.610050201E0,7.978050232E0,1.399500072E-1
3.669541505E2,8.542050362E0,6.414000511E0,3.529500067E-1
3.669565942E2,5.499000072E0,4.519950390E0,1.428000093E0
3.669590377E2,7.920000553E-1,3.546000242E0,1.983000040E0
3.669614814E2,1.845000029E0,3.994050264E0,-5.440500379E-1
3.669639250E2,6.436950207E0,3.498000145E0,-4.456050396E0
3.669663685E2,6.619050503E0,5.770500302E-1,-5.146050453E0
3.669688121E2,4.429050446E0,7.729500532E-1,-4.690950394E0
3.669712558E2,2.961000204E0,5.670000076E0,-4.144950390E0
3.669736995E2,6.175950527E0,8.260050774E0,-8.071949959E0
3.669761429E2,5.845950127E0,1.022595024E1,-4.854000092E0
3.669785866E2,3.471000195E0,1.199805069E1,-2.020500153E-1
3.669810302E2,7.099500299E-1,1.075500011E1,-2.035950184E0
3.669834739E2,-7.180500627E-1,8.358000755E0,1.393950105E0
3.669859174E2,1.804050088E0,7.075050354E0,4.381950378E0
3.669883611E2,8.503950119E0,8.181000710E0,-2.941050053E0
3.669908047E2,1.245405102E1,6.627000332E0,-1.355895042E1
3.669932484E2,8.983050346E0,6.735000134E0,-1.917405128E1
3.669956918E2,7.417050362E0,8.394000053E0,-1.660200119E1
3.669981355E2,6.823050499E0,8.638050079E0,-1.161495018E1
3.670005792E2,3.574050188E0,8.313000679E0,-9.034049988E0
3.670030226E2,5.089499950E-1,7.044000149E0,-6.970500350E-1
3.670054663E2,2.455950022E0,7.137000561E0,4.069050312E0
3.670079099E2,3.286950111E0,8.859000206E0,1.437000036E0
3.670103536E2,2.785950184E0,6.490950108E0,2.539050102E0
3.670127973E2,2.074949980E0,4.683000088E0,3.861000299E0
3.670152408E2,1.728000045E0,6.919050217E0,1.986000061E0
3.670176845E2,2.419950008E0,1.144005013E1,6.949500442E-1
3.670201281E2,1.894950032E0,1.157595062E1,4.530000091E-1
3.670225716E2,1.486050129E0,1.006095028E1,-5.490000248E-1
3.670250153E2,1.303950071E0,6.619950294E0,2.614950180E0
3.670274589E2,4.330500066E-1,3.634050131E0,7.429500222E-1
3.670299026E2,1.620000124E0,7.096950531E0,-7.879500389E-1
3.670323460E2,8.652000427E0,8.478000641E0,-4.669050217E0
3.670347897E2,9.562050819E0,3.826050282E0,-1.448100090E1
3.670372333E2,1.051500034E1,5.896950245E0,-1.582695103E1
3.670396770E2,9.651000023E0,9.217950821E0,-1.335105038E1
3.670421205E2,6.889950275E0,9.304050446E0,-1.093800068E1
3.670445642E2,2.185050011E0,7.963050365E0,-4.351050377E0
3.670470078E2,8.160000443E-1,7.614000320E0,4.275000095E0
3.670494515E2,1.785000086E0,7.714050293E0,5.280000210E0
3.670518950E2,5.407950401E0,8.764950752E0,1.645950079E0
3.670543387E2,3.409050226E0,5.428050041E0,3.220500052E-1
3.670567823E2,3.672000170E0,5.440050125E0,1.912050128E0
3.670592257E2,3.873000145E0,9.808950424E0,-2.809500098E-1
3.670616694E2,5.034000397E0,1.206000042E1,-2.955000162E0
3.670641130E2,5.914950371E0,1.224705029E1,-4.666950226E0
3.670665567E2,3.382050276E0,1.165800095E1,-8.529000282E0
3.670690002E2,-2.400000021E-2,7.839000225E0,-3.208950043E0
3.670714439E2,1.455000043E0,4.087049961E0,-6.850500107E-1
3.670738876E2,1.035000038E1,6.523950100E0,-7.392000198E0
3.670763310E2,1.442205048E1,5.011050224E0,-1.346595097E1
3.670787747E2,8.962950706E0,6.448050499E0,-1.733295059E1
3.670812183E2,6.627000332E0,9.426000595E0,-1.354305077E1
3.670836620E2,8.190000534E0,9.321000099E0,-1.224495029E1
3.670861057E2,5.164050102E0,9.079050064E0,-7.873050213E0
3.670885491E2,1.696950078E0,8.272050858E0,8.340000510E-1
3.670909928E2,-9.409500360E-1,8.728950500E0,9.412950516E0
3.670934364E2,7.870500088E-1,4.563000202E0,7.500000477E0
3.670958801E2,8.820000648E0,5.535000324E0,3.027000189E0
3.670983236E2,9.655050278E0,1.744950056E0,-2.605050087E0
3.671007673E2,7.338000298E0,3.382950068E0,-6.858000278E0
3.671032109E2,6.030000210E0,9.028950691E0,-1.267305088E1
3.671056546E2,4.090950012E0,1.099905014E1,-1.306605053E1
3.671080980E2,2.431950092E0,1.227300072E1,-6.514950275E0
3.671105417E2,1.393050075E0,1.056105042E1,2.125050068E0
3.671129853E2,6.310500503E-1,8.839950562E0,3.973050117E0
3.671154288E2,1.021950006E0,8.253000259E0,-6.400500536E-1
3.671178725E2,2.176050186E0,1.121205044E1,-8.400000632E-2
3.671203161E2,1.279200077E1,9.682050705E0,3.853050232E0
3.671227598E2,1.195095062E1,7.200000286E0,-1.595595074E1
3.671252033E2,1.348905087E1,9.426000595E0,-2.013600159E1
3.671276470E2,9.567000389E0,1.118400097E1,-2.031795120E1
3.671300906E2,3.519000053E0,1.192095089E1,-1.232595062E1
3.671325341E2,6.480000019E-1,8.253000259E0,-3.925050259E0
3.671349777E2,8.370000124E-1,7.498950481E0,4.288949966E0
3.671374214E2,3.294000149E0,8.254950523E0,4.078050137E0
3.671398650E2,5.431950092E0,7.537050247E0,6.300000101E-2
3.671423085E2,3.945000172E0,4.446000099E0,1.924050093E0
3.671447522E2,3.106950045E0,7.204050541E0,3.409950256E0
3.671471959E2,4.065000057E0,1.232595062E1,9.829500318E-1
3.671496395E2,3.543000221E0,1.502400112E1,1.930950046E0
3.671520830E2,2.323950052E0,1.259100056E1,-3.690000057E0
3.671545266E2,-1.530000120E-1,9.064949989E0,-4.759950161E0
3.671569703E2,7.800000161E-2,4.468050003E0,-6.300000101E-2
3.671594139E2,3.829950094E0,7.707000256E0,-1.971000075E0
3.671618576E2,8.323950768E0,9.310950279E0,-6.505950451E0
3.671643011E2,1.072095013E1,4.147050381E0,-1.108395100E1
3.671667448E2,7.969950199E0,9.153000832E0,-1.143300056E1
3.671691884E2,8.425050735E0,1.014495087E1,-1.066500092E1
3.671716318E2,6.934950352E0,9.643950462E0,-1.287495041E1
3.671740755E2,2.761950016E0,8.554950714E0,-9.180000305E0
3.671765192E2,0.000000000E0,6.678000450E0,-2.368050098E0
3.671789628E2,1.606050134E0,5.467950344E0,2.880000174E-1
3.671814063E2,4.090950012E0,6.820950508E0,3.394050121E0
3.671838500E2,3.490050077E0,3.438000202E0,3.487050056E0
3.671862936E2,3.895050287E0,2.763000250E0,2.790000200E0
3.671887371E2,3.627000093E0,7.153950214E0,3.291000128E0
3.671911808E2,3.222000122E0,1.068105030E1,2.467050076E0
3.671936244E2,2.845950127E0,1.078395081E1,-5.200500488E-1
3.671960681E2,1.599000096E0,1.061895084E1,-4.080000401E0
3.671985115E2,-9.649500251E-1,7.317000389E0,-1.308000088E0
3.672009552E2,-1.909500062E-1,5.344050407E0,1.873050094E0
3.672033989E2,2.239950180E0,8.605050087E0,-1.698000073E0
3.672058425E2,5.772000313E0,6.574950218E0,-7.660050392E0
3.672082860E2,8.353050232E0,6.694050312E0,-1.092795086E1
3.672107297E2,6.835050106E0,8.521050453E0,-1.015005016E1
3.672131733E2,7.833000183E0,9.606000900E0,-9.108000755E0
3.672156170E2,3.909000158E0,1.022100067E1,-8.138999939E0
3.672180605E2,3.420000076E-1,8.855999947E0,-4.866000175E0
3.672205041E2,-1.410000026E-1,8.253000259E0,-6.229500175E-1
3.672229478E2,4.218000412E0,6.946050167E0,-3.022050142E0
3.672253915E2,7.192050457E0,5.193000317E0,-6.685050488E0
3.672278349E2,4.170000076E0,4.900950432E0,-4.677000046E0
3.672302785E2,3.510000110E-1,7.197000504E0,2.778000116E0
3.672327222E2,-7.879500389E-1,1.032900047E1,5.650950432E0
3.672351659E2,9.829500318E-1,1.101795006E1,4.395000264E-2
3.672376094E2,3.306000233E0,9.799950600E0,1.465950012E0
3.672400531E2,2.343000174E0,6.334950447E0,3.784050226E0
3.672424967E2,2.119500041E-1,6.277950287E0,-3.520500064E-1
3.672449401E2,3.343950272E0,8.445000648E0,-1.005000062E-2
3.672473838E2,9.888000488E0,5.832000256E0,-9.385950089E0
3.672498275E2,4.632000446E0,5.776950359E0,-1.225395012E1
3.672522711E2,3.109050035E0,8.533050537E0,-1.018605042E1
3.672547146E2,6.148050308E0,7.993950367E0,-9.730950356E0
3.672571583E2,5.461050034E0,5.743950367E0,-1.127805042E1
3.672596019E2,3.540000021E-1,5.266950130E0,-5.284950256E0
3.672620456E2,-1.360050082E0,4.185000420E0,1.315050006E0
3.672644891E2,5.170950413E0,4.108950138E0,1.392000079E0
3.672669328E2,8.911050797E0,2.727000237E0,-2.139000177E0
3.672693764E2,5.233050346E0,2.580000162E-1,-3.259500265E-1
3.672718201E2,2.797950029E0,2.485050201E0,-7.695000619E-2
3.672742635E2,4.471950054E0,8.952000618E0,-3.814950228E0
3.672767072E2,6.580950260E0,1.029300022E1,-6.810000420E0
3.672791508E2,3.684000254E0,8.197950363E0,-6.436050415E0
3.672815943E2,2.949000120E0,6.721050262E0,-7.042050362E0
3.672840380E2,2.353049994E0,6.406950474E0,-8.171999931E0
3.672864816E2,7.819050312E0,6.550950527E0,-1.771950126E0
3.672889253E2,1.284000015E1,6.345000267E0,-3.127050161E0
3.672913688E2,1.030395031E1,5.569050312E0,-7.042050362E0
3.672938125E2,7.183950424E0,9.691950798E0,-8.730000496E0
3.672962561E2,8.013000488E0,1.034100056E1,-1.163205051E1
3.672986998E2,6.481050491E0,9.625050545E0,-1.412700081E1
3.673011432E2,1.860000134E0,8.145000458E0,-9.697050095E0
3.673035869E2,-2.595000155E-2,5.892000198E0,-3.070050240E0
3.673060305E2,5.947050095E0,5.514000416E0,-3.915000200E0
3.673084742E2,9.291000366E0,3.330000162E0,-6.208950520E0
3.673109177E2,5.905950069E0,2.454000235E0,-3.526950121E0
3.673133614E2,2.998950243E0,4.846050262E0,1.057050109E0
3.673158050E2,1.974000096E0,1.124595070E1,1.999950051E0
3.673182487E2,4.999500215E-1,1.120305061E1,3.220500052E-1
3.673206921E2,1.879500151E-1,1.068105030E1,-2.413950205E0
3.673231358E2,5.449500084E-1,7.863000393E0,-4.573950291E0
3.673255794E2,-7.470000386E-1,5.689050198E0,-1.444050074E0
3.673280231E2,3.033000231E0,6.484050274E0,1.200000048E0
3.673304666E2,5.343000412E0,8.171999931E0,-2.670000076E0
3.673329103E2,7.410000324E0,5.851950169E0,-3.276000261E0
3.673353537E2,8.877000809E0,7.615950584E0,-7.116000175E0
3.673377974E2,9.469050407E0,9.508050919E0,-1.022895050E1
3.673402411E2,6.088050365E0,9.262950897E0,-1.195005035E1
3.673426847E2,1.038000107E0,1.054200077E1,-6.867000103E0
3.673451284E2,-6.130500436E-1,8.197950363E0,7.500000298E-2
3.673475718E2,4.204050064E0,7.494000435E0,-1.770000100E0
3.673500155E2,9.102000237E0,6.289950371E0,-6.823950291E0
3.673524592E2,4.462050438E0,2.707950115E0,-5.050050259E0
3.673549026E2,3.199950218E0,6.736950397E0,-1.317000031E0
3.673573463E2,4.729950428E0,1.094700050E1,2.007000208E0
3.673597900E2,4.570050240E0,1.355205059E1,-9.370500445E-1
3.673622336E2,3.186000109E0,1.243305016E1,-2.260500044E-1
3.673646773E2,7.800000161E-2,9.358950615E0,1.057050109E0
3.673671208E2,-2.200500071E-1,7.314000130E0,1.050000079E-3
3.673695645E2,3.507000208E0,8.943000793E0,-4.140000343E0
3.673720081E2,7.828950405E0,6.775950432E0,-1.154100037E1
3.673744515E2,5.772000313E0,6.001950264E0,-1.278105068E1
3.673768952E2,5.142000198E0,1.007700062E1,-8.625000000E0
3.673793389E2,8.740950584E0,1.039095020E1,-9.247050285E0
3.673817825E2,5.266950130E0,9.277950287E0,-1.180005074E1
3.673842262E2,3.540000021E-1,8.799000740E0,-7.285950184E0
3.673866697E2,1.140000075E-1,7.192050457E0,-9.850500226E-1
3.673891134E2,5.869950294E0,7.149000168E0,-1.332000017E0
3.673915570E2,8.956050873E0,5.185950279E0,-2.740050077E0
3.673940005E2,5.998950481E0,2.976000071E0,1.282050014E0
3.673964441E2,3.082950115E0,7.314000130E0,2.188950062E0
3.673988878E2,4.182000160E0,1.140405083E1,2.716050148E0
3.674013315E2,5.266950130E0,1.148295021E1,-2.874000072E0
3.674037749E2,3.267000198E0,1.272795105E1,-7.000950336E0
3.674062186E2,-5.460000038E-1,1.045800018E1,-3.751950264E0
3.674086622E2,7.095000148E-2,7.159050465E0,2.362050056E0
3.674111057E2,3.210000038E0,1.005105019E1,-2.434950113E0
3.674135494E2,8.206950188E0,7.378950119E0,-7.842000484E0
3.674159930E2,9.823050499E0,6.844950199E0,-1.141395092E1
3.674184367E2,7.129050255E0,1.062600040E1,-1.035795021E1
3.674208802E2,5.568000317E0,1.016595078E1,-1.150695038E1
3.674233239E2,3.114000082E0,1.035495090E1,-8.494950294E0
3.674257675E2,1.201050043E0,8.995050430E0,-5.469000340E0
3.674282112E2,1.515000105E0,9.685050011E0,-1.291050076E0
3.674306546E2,6.895050526E0,7.020000458E0,-3.714000225E0
3.674330983E2,7.182000160E0,3.376050234E0,-7.159050465E0
3.674355419E2,3.202950239E0,4.314000130E0,-2.449950218E0
3.674379856E2,1.716000080E0,8.014050484E0,6.906000137E0
3.674404293E2,2.274000168E0,1.054005051E1,5.917050362E0
3.674428728E2,3.145050049E0,1.063500023E1,3.159000158E0
3.674453165E2,2.827050209E0,9.337950706E0,-6.679500341E-1
3.674477598E2,-1.000500023E-1,7.543950558E0,-1.969050050E0
3.674502035E2,1.809000134E0,7.896000385E0,-3.499050140E0
3.674526472E2,7.134000301E0,6.679950237E0,-9.088950157E0
3.674550908E2,6.640950203E0,4.267050266E0,-1.055895042E1
3.674575345E2,2.832000017E0,5.562000275E0,-6.601950169E0
3.674599780E2,4.776000023E0,9.187050819E0,-3.253950119E0
3.674624217E2,6.382050514E0,7.981950283E0,-8.657999992E0
3.674648653E2,1.672950029E0,8.485050201E0,-9.573000908E0
3.674673088E2,-1.159050107E0,6.486000538E0,-4.711950302E0
3.674697525E2,2.713950157E0,5.764950275E0,-2.718000174E0
3.674721961E2,7.884000301E0,4.621050358E0,-4.975950241E0
3.674746398E2,6.373050213E0,2.338950157E0,-8.029500246E-1
3.674770832E2,2.302050114E0,2.413050175E0,4.263000011E0
3.674795269E2,1.620000124E0,6.838050365E0,5.344950199E0
3.674819705E2,1.861950040E0,9.936000824E0,3.564000130E0
3.674844142E2,5.017950058E0,8.131050110E0,-8.100000620E-1
3.674868577E2,6.600000262E-1,7.077000141E0,-3.894000292E0
3.674893014E2,-7.639500499E-1,7.546950340E0,-5.610000491E-1
3.674917450E2,3.934950113E0,7.096950531E0,-4.609050274E0
3.674941887E2,9.301050186E0,5.301000118E0,-9.369000435E0
3.674966321E2,6.943050385E0,2.968950033E0,-9.547050476E0
3.674990758E2,4.138950348E0,7.626000404E0,-5.775000095E0
3.675015194E2,6.873000145E0,1.004205036E1,-6.301950455E0
3.675039629E2,3.840000153E0,7.401000500E0,-8.709000587E0
3.675064066E2,-9.139500260E-1,7.834050179E0,-6.484050274E0
3.675088502E2,-1.032000065E0,6.763950348E0,-2.232000113E0
3.675112939E2,5.401050091E0,5.964000225E0,-4.807950020E0
3.675137376E2,9.065999985E0,2.284050226E0,-1.031505013E1
3.675161810E2,3.967050076E0,-4.695000127E-2,-1.783950090E0
3.675186247E2,6.000000052E-3,2.863050222E0,4.951950073E0
3.675210684E2,3.030000031E-1,8.964000702E0,6.118050098E0
3.675235118E2,1.930500120E-1,8.155050278E0,1.825050116E0
3.675259555E2,7.060500383E-1,7.222950459E0,2.974950075E0
3.675283991E2,-1.350000024E0,4.446000099E0,2.758950233E0
3.675308428E2,-1.189950109E0,5.943000317E0,1.087950110E0
3.675332863E2,8.182950020E0,6.019050121E0,-3.421950102E0
3.675357299E2,8.695050240E0,1.996950150E0,-1.188105011E1
3.675381736E2,7.299000263E0,3.253950119E0,-1.150995064E1
3.675406173E2,4.528950214E0,6.394950390E0,-7.702950478E0
3.675430607E2,3.397050142E0,7.750050545E0,-6.697050095E0
3.675455044E2,-4.710000157E-1,5.337000370E0,-3.187050104E0
3.675479481E2,-5.700000525E-1,6.607950211E0,9.660000205E-1
3.675503917E2,6.214950085E0,8.047050476E0,-7.810500264E-1
3.675528352E2,8.620950699E0,3.784950256E0,-8.789999962E0
3.675552789E2,4.492950439E0,-1.800000109E-2,-8.677050591E0
3.675577225E2,7.060500383E-1,1.474950075E0,2.070000172E-1
3.675601660E2,2.551050186E0,5.466000080E0,3.559050083E0
3.675626097E2,4.012050152E0,8.682000160E0,7.120500207E-1
3.675650533E2,2.631000042E0,3.598950148E0,-2.767950058E0
3.675674970E2,-1.324050069E0,5.815950394E0,-2.862000227E0
3.675699404E2,-1.840950131E0,3.927000284E0,-3.616050243E0
3.675723841E2,3.058950186E0,3.388050079E0,-7.116000175E0
3.675748277E2,8.875050545E0,2.104050159E0,-8.826000214E0
3.675772714E2,6.457050323E0,1.899000049E0,-5.349000454E0
3.675797149E2,4.299000263E0,4.915050030E0,-3.487050056E0
3.675821586E2,7.659000397E0,6.274950504E0,-5.931000233E0
3.675846022E2,4.150950432E0,7.056000233E0,-2.857050180E0
3.675870459E2,1.999500096E-1,8.623950005E0,-2.351999998E0
3.675894893E2,6.519000530E0,8.509050369E0,-8.305950165E0
3.675919329E2,1.057200050E1,7.471950531E0,-1.152705097E1
3.675943766E2,3.255000114E0,4.735949993E0,-1.016895008E1
3.675968201E2,4.330500066E-1,3.675000191E0,4.432950020E0
3.675992638E2,1.840500087E-1,1.097805023E1,6.436950207E0
3.676017075E2,3.246000051E0,1.246695042E1,2.448000193E0
3.676041511E2,4.371000290E0,1.041705036E1,-3.070500195E-1
3.676065948E2,2.274000168E0,8.416049957E0,1.693950057E0
3.676090383E2,3.030000210E0,1.155495071E1,-2.089500129E-1
3.676114819E2,7.575000286E0,1.584795094E1,-1.155105019E1
3.676139256E2,5.623050213E0,1.288800049E1,-1.599195099E1
3.676163690E2,2.701950073E0,7.270950317E0,-1.526595116E1
3.676188127E2,5.218950272E0,8.847000122E0,-9.010050774E0
3.676212563E2,5.556000233E0,9.085950851E0,-9.472050667E0
3.676237000E2,1.912050128E0,6.994050503E0,-9.739950180E0
3.676261435E2,5.260500312E-1,4.558950424E0,-4.399050236E0
3.676285871E2,1.708950043E0,9.196050644E0,5.419500470E-1
3.676310308E2,5.824050426E0,5.824950218E0,-2.341950178E0
3.676334745E2,3.069000244E0,2.530950069E0,3.169050217E0
3.676359179E2,2.263950109E0,2.677050114E0,7.299000263E0
3.676383616E2,4.837950230E0,3.429000139E0,4.404000282E0
3.676408053E2,1.050795078E1,8.088000298E0,-3.793050289E0
3.676432489E2,5.062950134E0,1.029795074E1,3.765000105E0
3.676456924E2,1.393050075E0,6.951000214E0,5.761950493E0
3.676481360E2,6.499500275E-1,1.114995098E1,-1.453950047E0
3.676505797E2,5.002950191E0,1.556805038E1,-1.780500114E-1
3.676530232E2,8.326950073E0,9.460050583E0,-8.929050446E0
3.676554669E2,4.989000320E0,6.414000511E0,-1.016205025E1
3.676579105E2,1.111605072E1,9.910050392E0,-1.453605080E1
3.676603542E2,5.359950066E0,1.063800049E1,-1.637505150E1
3.676627976E2,-4.500000179E-2,8.521050453E0,-1.276005077E1
3.676652413E2,-4.279500246E-1,6.690000534E0,-4.312950134E0
3.676676850E2,5.152050018E0,1.013700008E1,-2.455050230E0
3.676701284E2,8.287950516E0,9.265950203E0,-6.870000362E0
3.676725721E2,4.957950115E0,4.256999969E0,-6.475050449E0
3.676750157E2,3.106950045E0,5.133000374E0,-1.332000017E0
3.676774594E2,5.287950039E0,8.287050247E0,8.989500403E-1
3.676799031E2,7.036050320E0,1.355595112E1,2.479500175E-1
3.676823466E2,3.849000216E0,9.473999977E0,-3.259500265E-1
3.676847902E2,1.347000122E0,6.235050201E0,4.215000153E0
3.676872339E2,-2.370000184E-1,1.099695015E1,3.183000088E0
3.676896774E2,1.906950116E0,1.206000042E1,3.184950113E0
3.676921211E2,2.563050032E0,6.385050297E0,1.090500057E-1
3.676945647E2,8.476950645E0,6.898050308E0,-6.499050140E0
3.676970084E2,1.359405041E1,8.121000290E0,-1.672005081E1
3.676994521E2,4.759050369E0,8.719950676E0,-1.816394997E1
3.677018956E2,-6.270000339E-1,8.703000069E0,-1.086600018E1
3.677043392E2,4.590000212E-1,8.607000351E0,-2.143050194E0
3.677067829E2,7.054950237E0,1.350405025E1,-9.510000348E-1
3.677092263E2,8.583000183E0,1.072395039E1,-3.906000137E0
3.677116700E2,7.125000477E0,5.658000469E0,-4.690950394E0
3.677141136E2,8.381999969E0,7.645050526E0,-2.446950197E0
3.677165573E2,7.450050354E0,1.179195023E1,-3.886050224E0
3.677190008E2,6.418050289E0,1.505295086E1,-6.763950348E0
3.677214444E2,1.981950045E0,1.260795021E1,-6.015000343E0
3.677238881E2,-5.550000072E-1,9.036000252E0,-1.866000056E0
3.677263316E2,1.270950079E0,1.061595058E1,2.040000111E-1
3.677287752E2,4.759050369E0,1.479195023E1,-5.601000309E0
3.677312189E2,8.322000504E0,8.598000526E0,-6.822000504E0
3.677336625E2,7.848000526E0,8.797050476E0,-8.385000229E0
3.677361060E2,5.848050117E0,1.219200039E1,-7.569000244E0
3.677385497E2,2.299950123E0,1.360395050E1,-6.168000221E0
3.677409933E2,2.170500159E-1,1.197600079E1,-1.612050056E0
3.677434370E2,3.460500240E-1,1.152405071E1,9.750000238E-1
3.677458805E2,1.972050071E0,1.425300026E1,1.063950062E0
3.677483242E2,4.177050114E0,1.138200092E1,-1.473000050E0
3.677507678E2,3.514050245E0,6.742050171E0,-2.206050158E0
3.677532115E2,3.769950151E0,6.844950199E0,1.188000083E0
3.677556550E2,7.275000572E0,1.318305016E1,-1.138050079E0
3.677580986E2,8.233050346E0,1.445205116E1,-2.881050110E0
3.677605423E2,2.760000229E0,1.044105053E1,-7.210500240E-1
3.677629857E2,8.320500255E-1,1.112400055E1,-7.020000219E-1
3.677654294E2,1.102950096E0,1.596495056E1,2.271000147E0
3.677678731E2,3.580950260E0,1.189500046E1,-1.300950050E0
3.677703167E2,3.622050285E0,1.051305008E1,-7.195050240E0
3.677727604E2,5.779050350E0,9.843000412E0,-7.945050240E0
3.677752039E2,6.186000347E0,1.157400036E1,-1.148100090E1
3.677776475E2,2.053050041E0,1.059495068E1,-7.504050255E0
3.677800912E2,5.190000534E-1,6.025950432E0,1.800000109E-2
3.677825347E2,2.844000101E0,1.112895012E1,2.548050165E0
3.677849784E2,2.302050114E0,1.420500088E1,2.098050117E0
3.677874220E2,6.190500259E-1,7.450950146E0,1.756050110E0
3.677898657E2,7.890000343E-1,5.734050274E0,4.200000286E0
3.677923094E2,2.602050066E0,1.070700073E1,6.520500183E-1
3.677947528E2,7.240050316E0,1.545705032E1,8.820000291E-1
3.677971964E2,3.480000257E0,1.139205074E1,-1.092000008E0
3.677996401E2,1.500000119E0,9.904950142E0,-3.810000122E-1
3.678020836E2,2.001000166E0,1.127895069E1,-2.517000198E0
3.678045273E2,4.608000278E0,1.279500103E1,-7.674000263E0
3.678069709E2,5.002950191E0,9.226950645E0,-8.638950348E0
3.678094146E2,9.640950203E0,7.920000553E0,-9.319050789E0
3.678118581E2,7.942950249E0,9.180000305E0,-1.007295036E1
3.678143017E2,2.884050131E0,7.815000534E0,-8.079000473E0
3.678167454E2,9.930000305E-1,4.747950077E0,-4.648050308E0
3.678191888E2,2.845950127E0,9.534000397E0,-4.071000099E0
3.678216325E2,1.029000044E0,8.341950417E0,-7.810950279E0
3.678240761E2,-8.710500598E-1,3.237000227E0,-4.618950367E0
3.678265198E2,-1.147050023E0,4.549500346E-1,4.633950233E0
3.678289635E2,2.506050110E0,2.002050161E0,5.481000423E0
3.678314070E2,3.298950195E0,5.599950314E0,2.380950212E0
3.678338506E2,2.326050043E0,3.976950169E0,4.584000111E0
3.678362943E2,3.777000189E0,1.843950033E0,5.211000443E0
3.678387378E2,7.102950573E0,3.226950169E0,-2.128950119E0
3.678411814E2,1.047195053E1,5.265000343E0,-1.006800079E1
3.678436250E2,8.005949974E0,6.241950512E0,-1.228305054E1
3.678460687E2,7.089000225E0,8.619000435E0,-1.271895027E1
3.678485122E2,7.266000271E0,5.466000080E0,-1.469700050E1
3.678509558E2,5.380499959E-1,6.357000351E0,-1.350405025E1
3.678533995E2,-2.491950035E0,5.899050236E0,8.200500607E-1
3.678558432E2,-3.144000053E0,8.277000427E0,7.069050312E0
3.678582866E2,2.427000046E0,5.133000374E0,2.734950066E0
3.678607303E2,2.949000120E0,5.433000088E0,8.989500403E-1
3.678631740E2,2.146950006E0,4.144050121E0,3.781050205E0
3.678656176E2,2.341050148E0,5.551950455E0,1.098000050E0
3.678680611E2,4.977000237E0,9.634950638E0,1.636050105E0
3.678705047E2,3.472950220E0,1.264905071E1,-9.559500217E-1
3.678729484E2,1.564950109E0,9.589050293E0,-3.376050234E0
3.678753919E2,1.239000082E0,9.730050087E0,-5.440050125E0
3.678778356E2,7.650000453E-1,1.073295021E1,-7.662000179E0
3.678802791E2,2.836050034E0,9.487950325E0,-6.973050117E0
3.678827228E2,6.808950424E0,8.955000877E0,-4.806000233E0
3.678851663E2,4.909950256E0,5.107050419E0,-6.918000221E0
3.678876100E2,8.040000200E-1,3.916950226E0,-3.781050205E0
3.678900536E2,2.319000006E0,1.305000067E0,4.009500146E-1
3.678924973E2,9.226950645E0,3.763950109E0,-5.172000408E0
3.678949408E2,8.323950768E0,3.079050064E0,-1.245600033E1
3.678973845E2,1.024049997E0,1.579500139E-1,-8.859000206E0
3.678998281E2,1.441050053E0,2.598000050E0,7.120500207E-1
3.679022718E2,6.238950253E0,6.472050190E0,-4.240500331E-1
3.679047152E2,3.351000071E0,8.562000275E0,-1.504050016E0
3.679071589E2,-1.068000078E0,5.899050236E0,4.324950218E0
3.679096025E2,-4.041000366E0,8.749050140E0,4.890000343E0
3.679120460E2,4.206000328E0,5.965950489E0,-9.390000701E-1
3.679144897E2,9.720000267E0,4.681050301E0,-8.946000099E0
3.679169334E2,9.235950470E0,7.305000305E0,-9.051000595E0
3.679193770E2,1.276095104E1,4.804950237E0,-1.086105061E1
3.679218207E2,7.611000538E0,2.341950178E0,-1.566600037E1
3.679242642E2,7.369500399E-1,3.630000114E0,-1.440495110E1
3.679267078E2,4.246950150E0,1.339500099E-1,-1.187100029E1
3.679291515E2,1.058700085E1,1.890000105E-1,-7.573950291E0
3.679315949E2,6.109050274E0,-1.572000027E0,-3.463050127E0
3.679340386E2,2.875050068E0,-2.652000189E0,6.949500442E-1
3.679364822E2,6.483000278E0,-5.980500579E-1,-1.978050113E0
3.679389259E2,9.675000191E0,4.090500176E-1,-4.552050114E0
3.679413694E2,8.371950150E0,-1.468950033E0,-5.871000290E0
3.679438130E2,7.149000168E0,5.119500160E-1,-7.803000450E0
3.679462567E2,9.643050194E0,5.986050129E0,-9.963000298E0
3.679487002E2,8.338050842E0,9.465000153E0,-1.246305084E1
3.679511439E2,5.518050194E0,1.004400063E1,-1.537905025E1
3.679535875E2,6.610050201E0,1.158300018E1,-1.140195084E1
3.679560312E2,5.671050072E0,1.185900021E1,-1.166100025E1
3.679584748E2,-2.659500241E-1,8.461050034E0,-1.018095016E1
3.679609183E2,-1.807950139E0,5.310000420E0,-7.180950165E0
3.679633619E2,-9.460500479E-1,6.819000244E0,3.010950089E0
3.679658056E2,2.512950182E0,1.407105064E1,9.087000847E0
3.679682491E2,4.263000011E0,9.934050560E0,4.777950287E0
3.679706928E2,3.796950102E0,6.330000401E0,-3.310500085E-1
3.679731364E2,5.583000183E0,8.053950310E0,2.200950146E0
3.679755801E2,7.905000210E0,1.076505089E1,2.026050091E0
3.679780238E2,4.201050282E0,7.630050182E0,-2.992950201E0
3.679804672E2,3.283950090E0,1.005600071E1,-2.038050175E0
3.679829108E2,3.451950073E0,1.210995102E1,9.390000701E-1
3.679853545E2,1.819050074E0,7.429050446E0,1.243950009E0
3.679877980E2,8.970000148E-1,7.141950130E0,8.130000234E-1
3.679902417E2,2.860050201E0,9.793050766E0,6.330000162E-1
3.679926853E2,6.106950283E0,4.045950413E0,-3.169500232E-1
3.679951290E2,-1.600500047E-1,3.940950155E0,-9.511050224E0
3.679975725E2,1.498050094E0,2.743950129E0,-6.460050106E0
3.680000162E2,2.652000189E0,5.458950043E0,-9.814950943E0
3.680024598E2,2.100000083E-1,3.900000095E0,-6.858000278E0
3.680049032E2,-1.650000066E-1,3.759000063E0,1.672050118E0
3.680073469E2,3.492000103E0,1.030305004E1,4.948050022E0
3.680097905E2,6.412950516E0,1.192800045E1,2.440950155E0
3.680122342E2,5.346000195E0,9.412050247E0,2.493000031E0
3.680146777E2,3.267000198E0,1.191900063E1,-1.630950093E0
3.680171214E2,1.009395027E1,1.363305092E1,7.810500264E-1
3.680195650E2,9.823050499E0,1.218195057E1,-1.389900112E1
3.680220087E2,1.077795029E1,1.289805031E1,-1.925805092E1
3.680244522E2,1.225800037E1,1.257900047E1,-2.365605164E1
3.680268958E2,4.744950294E0,1.334805107E1,-1.636095047E1
3.680293395E2,1.708950043E0,1.008705044E1,-7.780050278E0
3.680317832E2,3.540000200E0,8.815950394E0,-8.050500154E-1
3.680342266E2,7.423950195E0,1.113600063E1,-2.052000046E0
3.680366703E2,5.997000217E0,8.377950668E0,-1.035600090E1
3.680391140E2,2.077050209E0,4.573050022E0,-8.883000374E0
3.680415576E2,3.471000195E0,5.131050110E0,-2.209950209E0
3.680440011E2,7.000050545E0,8.959050179E0,-4.669500291E-1
3.680464448E2,5.413050175E0,8.559000015E0,1.770000100E0
3.680488884E2,3.112050056E0,8.272050858E0,3.238050222E0
3.680513321E2,1.534050107E0,1.093200016E1,4.465950012E0
3.680537756E2,1.318050027E0,1.170600033E1,4.438050270E0
3.680562192E2,-6.705000252E-2,1.114800072E1,8.940000534E-1
3.680586629E2,-9.289500713E-1,1.083195019E1,-3.879000187E0
3.680611064E2,4.608000278E0,1.177305031E1,4.035000324E0
3.680635501E2,1.996050119E0,9.574950218E0,-2.803950071E0
3.680659937E2,1.867050052E0,7.330950260E0,6.589500308E-1
3.680684374E2,5.515950203E0,7.875000477E0,-2.586000204E0
3.680708808E2,5.767050266E0,1.181805038E1,-1.144995022E1
3.680733245E2,7.632000446E0,9.631950378E0,-1.303695107E1
3.680757681E2,3.385050058E0,9.196050644E0,-8.389950752E0
3.680782118E2,3.199950218E0,1.221600056E1,-5.332950115E0
3.680806553E2,5.536950111E0,1.571595097E1,-5.461950302E0
3.680830990E2,2.650050163E0,1.690605164E1,-1.642950058E0
3.680855426E2,3.763050079E0,1.571595097E1,1.035000086E0
3.680879863E2,4.354050159E0,1.641300011E1,-2.040000111E-1
3.680904298E2,2.230950117E0,1.690605164E1,-4.939500093E-1
3.680928734E2,3.721950293E0,1.292205048E1,-4.513950348E0
3.680953171E2,6.961950302E0,1.226295090E1,-1.253895092E1
3.680977605E2,5.428950310E0,1.046505070E1,-1.567095089E1
3.681002042E2,1.321050048E0,7.389000416E0,-9.787950516E0
3.681026478E2,2.317050219E0,4.839000225E0,-4.179000378E0
3.681050915E2,5.458050251E0,7.362000465E0,-4.672049999E0
3.681075352E2,4.900050163E0,5.239050388E0,-4.861050129E0
3.681099787E2,1.879050136E0,4.899000168E0,4.906949997E0
3.681124223E2,4.632000446E0,6.180000305E0,5.722950459E0
3.681148660E2,7.990950584E0,8.332050323E0,8.890500665E-1
3.681173094E2,4.036050320E0,6.927000523E0,2.062050104E0
3.681197531E2,2.652000189E0,9.988950729E0,3.571050167E0
3.681221967E2,3.397050142E0,1.100595093E1,6.736050129E0
3.681246404E2,4.828050137E0,7.735950470E0,-9.649500251E-1
3.681270839E2,7.194000244E0,1.056795025E1,-1.225950003E0
3.681295276E2,1.147995090E1,7.762050152E0,-1.640400124E1
3.681319712E2,4.833000183E0,7.719000340E0,-1.864500046E1
3.681344146E2,-8.190000653E-1,6.711000443E0,-7.795950413E0
3.681368583E2,-4.909500182E-1,4.623000145E0,2.042999983E0
3.681393020E2,4.572000027E0,9.759000778E0,6.760500073E-1
3.681417456E2,3.090000153E0,6.366000175E0,-1.770000100E0
3.681441893E2,1.260000020E-1,5.016000271E0,2.706000090E0
3.681466328E2,3.784950256E0,6.852000237E0,-7.740000486E-1
3.681490765E2,7.773000240E0,8.381999969E0,-5.400000095E0
3.681515201E2,2.736000061E0,9.862050056E0,-5.491050243E0
3.681539636E2,6.900000572E-2,1.068300056E1,-3.178050041E0
3.681564073E2,9.780000448E-1,1.212000084E1,-1.815000057E0
3.681588509E2,1.756950140E0,1.022805023E1,-5.754000187E0
3.681612946E2,4.371000290E0,9.349950790E0,-7.075950146E0
3.681637380E2,7.977000237E0,8.263050079E0,-9.714000702E0
3.681661817E2,5.677950382E0,4.156050205E0,-1.125795078E1
3.681686253E2,7.459500432E-1,3.867000103E0,-5.269950390E0
3.681710690E2,2.463000059E0,1.987050056E0,1.675050020E0
3.681735125E2,9.291000366E0,2.344050169E0,-2.380050182E0
3.681759562E2,8.314949989E0,2.458950043E0,-7.150050163E0
3.681783998E2,4.609500170E-1,3.285000086E0,-1.626000047E0
3.681808435E2,4.639050007E0,4.779000282E0,-8.460000157E-1
3.681832869E2,8.929950714E0,6.097950459E0,-4.995000362E0
3.681857306E2,7.990500331E-1,8.193000793E0,-5.364000320E0
3.681881742E2,-2.527950048E0,9.157950401E0,-4.950000439E-3
3.681906177E2,4.186950207E0,8.173950195E0,-2.578950167E0
3.681930614E2,9.447000504E0,7.756950378E0,-9.597000122E0
3.681955050E2,7.375950336E0,7.269000530E0,-9.183000565E0
3.681979487E2,8.137050629E0,6.856950283E0,-1.031700039E1
3.682003924E2,2.997000217E0,6.424050331E0,-1.024995041E1
3.682028359E2,-2.835000038E0,6.144000053E0,-3.441000223E0
3.682052796E2,-6.510000229E-1,3.582000256E0,6.934950352E0
3.682077232E2,6.721950531E0,1.369050026E0,-1.504050016E0
3.682101666E2,6.636000156E0,1.723950028E0,-8.200950623E0
3.682126103E2,1.668000102E0,2.173950195E0,-3.867000103E0
3.682150540E2,5.275950432E0,2.308050156E0,-2.245950222E0
3.682174976E2,5.779050350E0,3.151050091E0,-4.066050053E0
3.682199411E2,6.739500165E-1,4.798050404E0,-5.220000148E-1
3.682223848E2,-3.205950260E0,9.394950867E0,3.286050081E0
3.682248284E2,-7.560000420E-1,7.956000328E0,3.613950253E0
3.682272718E2,1.459950089E0,8.245950699E0,9.679500461E-1
3.682297155E2,5.745000362E0,8.812950134E0,8.479500413E-1
3.682321592E2,9.181050301E0,9.129000664E0,-4.447050095E0
3.682346028E2,5.725950241E0,6.165000439E0,-8.734950066E0
3.682370465E2,1.459950089E0,8.988000870E0,-1.416000009E0
3.682394900E2,2.901000023E0,1.031400013E1,4.069050312E0
3.682419337E2,5.287950039E0,1.280700016E1,-3.463050127E0
3.682443773E2,4.194000244E0,1.165095043E1,-4.666950226E0
3.682468208E2,1.623000026E0,1.108500099E1,-1.564050078E0
3.682492645E2,3.423000097E0,1.294095039E1,-1.222050071E0
3.682517081E2,4.021950245E0,1.407105064E1,-6.277950287E0
3.682541518E2,2.757000208E0,1.318500042E1,-4.890000343E0
3.682565952E2,2.116050005E0,1.377705097E1,-2.188950062E0
3.682590389E2,4.756950378E0,1.294305038E1,-6.247050285E0
3.682614826E2,6.133050442E0,1.063305092E1,-9.919950485E0
3.682639262E2,8.677950859E0,1.220595074E1,-9.778950691E0
3.682663697E2,9.745950699E0,9.723000526E0,-1.256595039E1
3.682688134E2,4.998000145E0,5.851950169E0,-1.158900070E1
3.682712570E2,-4.090500176E-1,4.827000141E0,-2.328000069E0
3.682737007E2,-1.426950097E0,4.372050285E0,2.647050142E0
3.682761442E2,-2.962050200E0,5.394000053E0,6.532950401E0
3.682785878E2,-9.619500637E-1,-6.049500108E-1,6.268950462E0
3.682810315E2,-9.000000544E-3,-1.980000138E-1,4.818000317E0
3.682834749E2,1.678050041E0,2.409000158E0,3.861000299E0
3.682859186E2,5.833950043E0,1.525050044E0,3.460500240E-1
3.682883622E2,4.630050182E0,4.429500103E-1,-2.742000103E0
3.682908059E2,6.603000164E0,1.266000032E0,1.009050012E0
3.682932494E2,8.998950005E0,5.583000183E0,-6.786000252E0
3.682956931E2,1.201395035E1,1.660395050E1,-1.453095055E1
3.682981368E2,1.258800030E1,1.113300037E1,-7.477950573E0
3.683005804E2,7.347000122E0,5.358000278E0,-7.116000175E0
3.683030241E2,-7.905000448E-2,5.983050346E0,-1.597050071E0
3.683054675E2,6.000000238E-1,9.915000916E0,5.520000458E0
3.683079112E2,7.800000191E0,1.225605011E1,4.957050323E0
3.683103548E2,5.992050171E0,4.140000343E0,-7.519050121E0
3.683127983E2,4.326000214E0,6.988950253E0,-1.113405037E1
3.683152420E2,8.068050385E0,7.032000542E0,-1.427505112E1
3.683176856E2,7.651050568E0,6.706050396E0,-1.710494995E1
3.683201293E2,2.472000122E0,7.273950577E0,-1.340805054E1
3.683225728E2,5.029950142E0,7.834050179E0,-4.223999977E0
3.683250165E2,5.986950397E0,1.249605083E1,-1.699950099E0
3.683274601E2,3.202950239E0,9.103050232E0,-3.148950100E0
3.683299038E2,4.201050282E0,6.931050301E0,4.609500170E-1
3.683323472E2,7.263000488E0,1.263000107E1,3.082050085E0
3.683347909E2,4.692000389E0,7.003050327E0,-4.939500093E-1
3.683372345E2,1.636950135E0,5.959050179E0,-1.882050037E0
3.683396782E2,6.286950111E0,5.409000397E0,-1.807950139E0
3.683421217E2,1.102500057E1,4.927050114E0,-6.622950077E0
3.683445653E2,7.747050285E0,3.534000158E0,-9.187050819E0
3.683470090E2,2.596950054E0,7.252050400E0,-3.606000185E0
3.683494525E2,1.960050106E0,9.334950447E0,1.287000060E0
3.683518961E2,3.070950031E0,1.047000027E1,-2.059500068E-1
3.683543398E2,4.218000412E0,1.217700100E1,-1.222050071E0
3.683567835E2,3.694050074E0,1.142505074E1,1.821000099E0
3.683592269E2,5.106000423E0,1.131300068E1,-4.624050140E0
3.683616706E2,6.624000549E0,1.105695057E1,-9.229950905E0
3.683641142E2,1.151100063E1,9.955050468E0,-1.344195080E1
3.683665579E2,9.433050156E0,8.575950623E0,-1.605195045E1
3.683690014E2,2.230950117E0,8.551950455E0,-1.099005032E1
3.683714451E2,-7.129500508E-1,4.009950161E0,-1.150050044E0
3.683738887E2,3.988050222E0,5.743950367E0,-1.230000034E-1
3.683763324E2,6.532950401E0,7.389000416E0,-6.046050072E0
3.683787759E2,1.447950125E0,1.623000026E0,-3.934050083E0
3.683812195E2,1.321050048E0,3.711000204E0,4.204950333E0
3.683836631E2,6.736950397E0,7.350000381E0,2.134050131E0
3.683861068E2,4.611000061E0,5.682000160E0,2.380950212E0
3.683885503E2,3.793950081E0,7.200000286E0,4.504950047E0
3.683909940E2,2.298000097E0,1.151400089E1,3.457950115E0
3.683934376E2,1.378050089E0,1.061400032E1,5.730000138E-1
3.683958813E2,1.941000104E0,1.125495052E1,2.055000067E0
3.683983248E2,8.497050285E0,1.140900040E1,-5.778000355E0
3.684007684E2,6.109050274E0,1.011795044E1,-1.203900051E1
3.684032121E2,4.660950184E0,9.843000412E0,-1.086795044E1
3.684056555E2,3.994950294E0,8.761050224E0,-5.385000229E0
3.684080992E2,7.261050224E0,9.283050537E0,-1.036800003E1
3.684105429E2,4.239000320E0,9.907050133E0,-1.020000076E1
3.684129866E2,4.420500100E-1,8.896950722E0,-3.408000231E0
3.684154300E2,3.865950108E0,7.197000504E0,-3.489000082E0
3.684178736E2,5.614050388E0,7.245000362E0,-4.791000366E0
3.684203173E2,2.583000183E0,6.904950142E0,-4.642950058E0
3.684227610E2,5.014950275E0,7.410000324E0,-2.866050243E0
3.684252045E2,7.339950562E0,1.073100090E1,-5.167050362E0
3.684276482E2,4.407000065E0,7.540050507E0,-8.517000198E0
3.684300918E2,3.016050100E0,8.872950554E0,-5.622000217E0
3.684325355E2,4.021950245E0,9.177000046E0,-4.783950329E0
3.684349790E2,5.929500461E-1,5.626050472E0,-1.605000019E0
3.684374226E2,-1.755000114E0,3.678000212E0,3.688050270E0
3.684398663E2,-7.159500122E-1,1.920000076E0,3.850950241E0
3.684423097E2,2.568000078E0,-9.859500527E-1,-6.420000196E-1
3.684447534E2,1.644000053E0,-2.431950092E0,-3.600000143E-1
3.684471971E2,7.290000319E-1,-2.817000151E0,3.390000165E-1
3.684496407E2,3.913950205E0,-3.376950264E0,-4.357950211E0
3.684520844E2,4.771050453E0,-4.096050262E0,-7.975950241E0
3.684545279E2,2.607000113E0,-3.265050173E0,-7.224000454E0
3.684569715E2,2.962950230E0,-2.532000065E0,-3.373950243E0
3.684594152E2,4.813950062E0,-2.809950113E0,-2.184000015E0
3.684618586E2,7.587000370E0,-3.502050161E0,-7.387050152E0
3.684643023E2,1.379295063E1,-3.102000237E0,-1.157400036E1
3.684667459E2,1.799700165E1,-1.711050034E0,-1.577205086E1
3.684691896E2,1.278495026E1,4.942050457E0,-1.755105019E1
3.684716333E2,5.203950405E0,7.867950439E0,-8.789999962E0
3.684740767E2,5.632950306E0,9.634950638E0,-1.320000076E1
3.684765204E2,-2.389500141E-1,6.859950542E0,-7.921050549E0
3.684789638E2,-1.258950114E0,2.476050138E0,-1.540050030E0
3.684814075E2,-2.179500163E-1,1.699500084E-1,6.000000052E-3
3.684838512E2,2.877000093E0,2.902800179E1,2.650950193E0
3.684862948E2,2.347800064E1,6.667800140E1,1.498005104E1
3.684887385E2,2.203950167E0,8.005949974E0,7.732050419E0
3.684911820E2,-2.610000074E-1,-1.450500041E-1,-8.620500565E-1
3.684936256E2,-1.099500060E-1,-1.759500057E-1,-5.595000088E-2
3.684960693E2,7.530000210E-1,6.069000244E0,-2.557950020E0
3.684985128E2,2.226000071E0,4.662405396E1,-2.139105034E1
3.685009565E2,4.005000368E-2,1.266600037E1,6.030000210E0
3.685034001E2,-6.079500318E-1,4.401000023E0,4.800000191E-1
3.685058438E2,-6.511950493E0,2.005200005E1,2.830500007E-1
3.685082875E2,-1.423950076E0,3.675000191E0,4.410000145E-1
3.685107309E2,-2.595000155E-2,-3.199500144E-1,-8.700000495E-2
3.685131745E2,-3.349500299E-1,4.995000362E-2,4.074000359E0
3.685156182E2,-1.795950055E0,3.268050194E0,1.017705059E1
3.685180617E2,-2.716950178E0,4.459950447E0,2.046000004E0
3.685205054E2,-3.760500252E-1,4.740000367E-1,2.224950075E0
3.685229490E2,-1.678050041E0,2.257950068E0,-5.539500117E-1
3.685253927E2,-8.110500574E-1,7.090500593E-1,1.027950048E0
3.685278362E2,-1.027050018E0,2.113950014E0,4.666950226E0
3.685302798E2,-1.341000080E0,7.477050304E0,3.600000143E0
3.685327235E2,1.165050030E0,8.188050270E0,1.252095032E1
3.685351669E2,2.358000040E0,7.669050217E0,1.126395035E1
3.685376106E2,1.569405079E1,3.970050097E0,1.207095051E1
3.685400542E2,3.677295303E1,4.663950443E0,-3.265095139E1
3.685424979E2,4.876605225E1,1.128000021E0,-6.430605316E1
3.685449414E2,2.287905121E1,-1.900050044E0,-6.295605469E1
3.685473851E2,7.666050434E0,4.741050243E0,-4.104300308E1
3.685498288E2,2.451000214E0,7.213950157E0,-2.186805153E1
3.685522724E2,9.619500637E-1,5.160000324E0,-4.042050362E0
3.685547159E2,4.038000107E0,2.004000092E1,1.194405079E1
3.685571595E2,2.032050133E0,1.896000099E1,8.362050056E0
3.685596032E2,-2.473050117E0,1.161495018E1,-4.789050102E0
3.685620469E2,-8.892000198E0,2.257095146E1,2.115000010E0
3.685644903E2,-6.181950092E0,1.140405083E1,5.388000488E0
3.685669340E2,-3.157950163E0,1.012995052E1,5.551050186E0
3.685693776E2,-3.274950266E0,1.535400105E1,2.065050125E0
3.685718213E2,-3.349500299E-1,1.362105083E1,7.039950371E0
3.685742648E2,3.319950104E0,1.139205074E1,7.810950279E0
3.685767085E2,3.568950176E0,5.782050133E0,7.588050365E0
3.685791521E2,4.765950203E0,9.666000366E0,6.388950348E0
3.685815958E2,6.330000401E0,1.302705097E1,8.869050026E0
3.685840392E2,5.889000416E0,9.049950600E0,4.942950249E0
3.685864829E2,4.180500209E-1,1.248600101E1,6.625950336E0
3.685889266E2,-3.739950180E0,1.348500061E1,6.736050129E0
3.685913700E2,-2.382000208E0,1.266795063E1,5.292000294E0
3.685938137E2,-2.250000089E-1,1.221105099E1,7.117050171E0
3.685962573E2,3.933000088E0,1.011600018E1,8.379000664E0
3.685987010E2,6.210000515E0,6.928950310E0,7.047000408E0
3.686011445E2,4.942950249E0,6.340050220E0,3.183000088E0
3.686035882E2,3.499950171E0,6.661050320E0,3.223950148E0
3.686060318E2,2.311950207E0,8.610000610E0,6.087000370E0
3.686084755E2,-9.000000544E-3,5.428050041E0,-1.071000099E0
3.686109190E2,-5.290500522E-1,8.260500431E-1,-1.456050038E0
3.686133626E2,-1.909500062E-1,3.474000216E0,1.686000109E0
3.686158063E2,1.193505096E1,1.116405010E1,1.285095024E1
3.686182500E2,2.570400047E1,5.281950474E0,-2.936400223E1
3.686206934E2,1.904100037E1,4.531949997E0,-4.637295151E1
3.686231371E2,1.096995068E1,6.034050465E0,-5.689095306E1
3.686255807E2,4.584000111E0,5.437050343E0,-3.681705093E1
3.686280242E2,6.142950058E0,9.924000740E0,-1.402095032E1
3.686304679E2,1.684950113E0,9.127050400E0,2.139000177E0
3.686329115E2,3.643050194E0,1.401600075E1,1.062195015E1
3.686353552E2,1.954950094E0,8.500050545E0,2.805000067E0
3.686377989E2,2.781000137E0,7.633050442E0,4.300950050E0
3.686402424E2,4.026000023E0,8.272050858E0,5.944050312E0
3.686426860E2,2.290950060E0,5.932950497E0,3.085050106E0
3.686451297E2,4.006950378E0,9.031050682E0,4.051949978E0
3.686475731E2,4.540950298E0,8.433000565E0,4.315050125E0
3.686500168E2,3.808050156E0,6.699000359E0,9.319500327E-1
3.686524604E2,3.033000231E0,9.631950378E0,1.195950031E0
3.686549041E2,3.033000231E0,1.281900024E1,2.592000008E0
3.686573476E2,2.647050142E0,9.192000389E0,1.476000071E0
3.686597913E2,6.796950340E0,8.968950272E0,-1.657050133E0
3.686622349E2,9.832950592E0,1.062105083E1,-1.999500084E1
3.686646786E2,5.701950073E0,7.657050133E0,-2.626605034E1
3.686671220E2,-1.950000064E-3,6.679950237E0,-1.306605053E1
3.686695657E2,2.041949987E0,7.408050537E0,-2.689050198E0
3.686720094E2,3.910950184E0,6.498000145E0,-2.458950043E0
3.686744530E2,2.713950157E0,5.100000381E0,-1.175999999E0
3.686768965E2,5.080050468E0,7.492050171E0,4.699500203E-1
3.686793402E2,8.644950867E0,8.193000793E0,-2.569950104E0
3.686817838E2,5.755050182E0,6.787950516E0,-2.488050222E0
3.686842273E2,4.243950367E0,8.626950264E0,2.323050022E0
3.686866710E2,3.901950121E0,1.093695068E1,3.769500256E-1
3.686891146E2,2.097000122E0,1.176105022E1,-1.063950062E0
3.686915583E2,1.462050080E0,1.035300064E1,1.042050004E0
3.686940017E2,2.065050125E0,8.610000610E0,-3.910050154E0
3.686964454E2,5.119500160E-1,7.117950439E0,-3.379050255E0
3.686988891E2,7.390500307E-1,6.610950470E0,2.127000093E0
3.687013327E2,8.040000200E-1,7.141950130E0,2.046000004E0
3.687037764E2,9.880500436E-1,8.638050079E0,-6.040500402E-1
3.687062198E2,6.169500351E-1,6.249000072E0,-3.499500155E-1
3.687086635E2,2.509500086E-1,6.832950115E0,-2.445000172E0
3.687111072E2,1.567050099E0,1.389900112E1,2.599500120E-1
3.687135507E2,3.760950089E0,1.109700012E1,8.479500413E-1
3.687159944E2,1.414050102E0,8.530950546E0,-4.018050194E0
3.687184380E2,1.360500008E-1,1.343700027E1,-4.035000324E0
3.687208817E2,-1.707000136E0,1.826399994E1,2.638950109E0
3.687233251E2,-5.563950062E0,1.504095078E1,2.698950052E0
3.687257688E2,-5.659950256E0,1.232100105E1,6.259500384E-1
3.687282124E2,-4.156050205E0,1.016595078E1,3.720000088E-1
3.687306561E2,-4.186950207E0,1.244295025E1,-1.822950125E0
3.687330996E2,-1.534950018E0,8.317950249E0,-3.247050047E0
3.687355433E2,6.940500140E-1,9.100950241E0,9.648000717E0
3.687379869E2,4.297049999E0,1.132200050E1,9.621000290E0
3.687404306E2,4.492950439E0,8.320050240E0,5.058000088E0
3.687428740E2,4.309050083E0,6.523950100E0,1.098600006E1
3.687453176E2,3.736950159E0,4.006050110E0,6.625950336E0
3.687477613E2,2.434050083E0,2.008949995E0,6.810000539E-1
3.687502048E2,1.533900070E1,1.732950091E0,4.605000094E-2
3.687526485E2,1.839000130E1,4.731000423E0,-2.440800095E1
3.687550921E2,1.860000038E1,-1.359000087E0,-2.372100067E1
3.687575358E2,1.771905136E1,-5.760000348E-1,-3.061905098E1
3.687599795E2,1.393395042E1,-2.511000156E0,-3.072900200E1
3.687624229E2,9.885000229E0,-3.808050156E0,-2.489400101E1
3.687648665E2,1.372305107E1,-4.546050072E0,-1.948305130E1
3.687673100E2,1.742700005E1,-3.922950268E0,-1.118400097E1
3.687697537E2,8.817000389E0,-5.334000111E0,-3.940950155E0
3.687721974E2,7.149000168E0,-2.282999992E0,-1.150050044E0
3.687746410E2,1.153005028E1,2.494950056E0,-4.827000141E0
3.687770847E2,6.591000080E0,2.286000013E0,-1.665000081E0
3.687795282E2,1.894950032E0,3.418950081E0,-1.003950000E0
3.687819718E2,2.944050074E0,6.298950195E0,-4.080000401E0
3.687844155E2,5.439000130E0,1.711905098E1,-7.702950478E0
3.687868592E2,3.706050158E0,1.735800171E1,-9.846000671E0
3.687893026E2,6.840000153E-1,7.966050148E0,-6.004950523E0
3.687917463E2,-4.450500309E-1,5.880000114E0,-1.066905022E1
3.687941899E2,-1.266000032E0,6.429000378E0,-1.452900028E1
3.687966336E2,-5.290500522E-1,4.594950199E0,3.270000219E-1
3.687990771E2,6.259500384E-1,7.932000160E0,7.042950153E0
3.688015208E2,8.850000501E-1,7.294950485E0,4.468950272E0
3.688039644E2,1.279500127E-1,3.792000294E0,-1.200000010E-2
3.688064078E2,-6.000000238E-2,8.299050331E0,-1.285950065E0
3.688088515E2,2.689950228E0,1.097505093E1,1.066050053E0
3.688112951E2,5.326050282E0,7.819950581E0,-4.030500054E-1
3.688137388E2,6.057000160E0,9.814050674E0,1.330500096E-1
3.688161823E2,7.012050152E0,1.033095074E1,1.047000051E0
3.688186260E2,6.730050087E0,9.736950874E0,2.022000074E0
3.688210696E2,6.153000355E0,1.122405052E1,6.667050362E0
3.688235131E2,4.134000301E0,8.761050224E0,5.299050331E0
3.688259567E2,1.897950053E0,5.691000462E0,9.439500570E-1
3.688284004E2,1.773000121E0,8.095050812E0,3.361950159E0
3.688308441E2,2.725950241E0,8.674050331E0,6.046050072E0
3.688332875E2,6.430500150E-1,3.445050240E0,4.258049965E0
3.688357312E2,1.527000070E0,3.589050055E0,4.666950226E0
3.688381749E2,1.680000114E1,5.404050350E0,-6.951000214E0
3.688406186E2,6.174000263E0,2.746050119E0,-1.463400078E1
3.688430620E2,5.383950233E0,1.003695011E1,-1.071705055E1
3.688455057E2,5.620950222E0,9.454950333E0,-2.638605118E1
3.688479494E2,6.313050270E0,8.808000565E0,-2.510205078E1
3.688503930E2,6.993000507E0,1.168905067E1,-1.023795033E1
3.688528367E2,9.502050400E0,1.112100029E1,-4.532999992E0
3.688552802E2,6.105000496E0,7.789050579E0,-3.430500031E-1
3.688577239E2,2.446050167E0,7.410000324E0,6.264000416E0
3.688601675E2,3.670050144E0,8.751000404E0,6.604050159E0
3.688626109E2,5.857950211E0,8.593050003E0,4.902000427E0
3.688650546E2,2.323950052E0,4.768950462E0,-2.071950197E0
3.688674983E2,3.652950287E0,6.417000294E0,-6.646950245E0
3.688699419E2,9.451950073E0,7.522950172E0,-1.289100075E1
3.688723854E2,2.443950176E0,7.795950413E0,-1.029600048E1
3.688748291E2,4.969500303E-1,7.249950409E0,-1.344000101E0
3.688772728E2,3.001950026E0,1.194495010E1,1.015950084E0
3.688797164E2,4.153050423E0,1.428900051E1,1.633950114E0
3.688821599E2,2.278950214E0,1.124805069E1,2.983950138E0
3.688846035E2,1.327950120E0,1.365900040E1,3.649500310E-1
3.688870472E2,4.486050129E0,1.418595028E1,2.119950056E0
3.688894906E2,3.622050285E0,9.838050842E0,-6.163050175E0
3.688919343E2,4.347000122E0,9.892950058E0,-2.770950079E0
3.688943779E2,6.619050503E0,9.924000740E0,-8.779950142E0
3.688968216E2,1.551000118E0,9.763950348E0,-8.449950218E0
3.688992653E2,1.468950033E0,9.571950912E0,-9.460500479E-1
3.689017088E2,4.728000164E0,1.163895035E1,-3.465000153E0
3.689041524E2,3.970950127E0,1.119600010E1,-5.079000473E0
3.689065961E2,2.254950047E0,1.187595081E1,3.340500295E-1
3.689090396E2,3.267000198E0,1.305105019E1,1.071000099E0
3.689114833E2,4.255949974E0,1.518705082E1,-1.722000122E0
3.689139270E2,2.827050209E0,1.447800064E1,-4.260000229E0
3.689163706E2,7.768950462E0,1.365000057E1,-8.281949997E0
3.689188143E2,7.234950542E0,1.264905071E1,-1.404105091E1
3.689212577E2,2.092050076E0,1.030995083E1,-7.960950375E0
3.689237013E2,8.730000257E-1,7.884000301E0,7.980000377E-1
3.689261450E2,4.057950020E0,8.239050865E0,2.430000156E-1
3.689285885E2,4.795050144E0,6.526950359E0,-5.304000378E0
3.689310322E2,4.771050453E0,3.345000267E0,-3.144000053E0
3.689334758E2,8.824950218E0,6.888000488E0,-2.026050091E0
3.689359195E2,6.864000320E0,5.830050468E0,-4.471050262E0
3.689383632E2,2.671050072E0,7.077000141E0,2.380950212E0
3.689408066E2,3.667050123E0,1.005405045E1,3.757950068E0
3.689432503E2,3.885000229E0,1.342905045E1,9.079500437E-1
3.689456937E2,1.287000060E0,1.227495098E1,3.405000269E-2
3.689481374E2,4.030950069E0,1.206195068E1,-1.111050010E0
3.689505811E2,5.881950378E0,1.008495045E1,-1.016895008E1
3.689530248E2,1.096050024E0,9.271050453E0,-8.553000450E0
3.689554682E2,2.451000214E0,9.211050034E0,-3.544050217E0
3.689579119E2,5.394000053E0,9.177000046E0,-6.183000088E0
3.689603555E2,4.657950401E0,7.501050472E0,-8.026050568E0
3.689627992E2,1.134000063E0,7.566000462E0,-2.710950136E0
3.689652427E2,5.350050449E0,8.844000816E0,-3.369000196E0
3.689676864E2,6.001950264E0,9.376049995E0,-4.396049976E0
3.689701300E2,1.716000080E0,7.863000393E0,-1.686000109E0
3.689725737E2,2.707050085E0,9.109950066E0,-9.030000567E-1
3.689750171E2,3.691050291E0,1.247400093E1,-4.525950432E0
3.689774608E2,3.277050257E0,9.586950302E0,-4.734000206E0
3.689799044E2,6.459000111E0,8.686050415E0,-6.949050426E0
3.689823479E2,9.282000542E0,7.080000401E0,-1.332705021E1
3.689847916E2,2.704950094E0,6.498000145E0,-9.841050148E0
3.689872353E2,-4.600500166E-1,5.107050419E0,1.300500035E-1
3.689896789E2,4.426050186E0,4.666050434E0,1.854000092E0
3.689921226E2,5.686050415E0,2.263050079E0,-4.738950253E0
3.689945661E2,3.057000160E0,2.503950119E0,4.890000224E-1
3.689970098E2,8.302950859E0,2.950050116E0,7.260000110E-1
3.689994534E2,9.859050751E0,8.790000677E-1,-8.325000763E0
3.690018968E2,3.102000237E0,3.594000101E0,-5.311050415E0
3.690043405E2,2.938950062E0,7.045950413E0,-3.090000153E-1
3.690067842E2,5.101050377E0,7.743000507E0,-3.630000114E0
3.690092278E2,3.631050110E0,8.482950211E0,-2.586000204E0
3.690116715E2,6.615000248E0,9.864000320E0,-2.098050117E0
3.690141150E2,8.506050110E0,6.808950424E0,-8.533950806E0
3.690165586E2,8.179500103E-1,7.048950195E0,-9.681000710E0
3.690190023E2,-6.180000305E-1,7.408050537E0,3.346050262E0
3.690214457E2,1.144050002E0,6.658050537E0,3.264000177E0
3.690238894E2,2.367000103E0,6.733050346E0,-1.939950109E0
3.690263331E2,3.508950233E0,5.533050060E0,5.110500455E-1
3.690287767E2,7.647000313E0,7.021950245E0,-4.246050358E0
3.690312202E2,6.258000374E0,6.859950542E0,-6.891000271E0
3.690336639E2,2.238000154E0,8.350950241E0,-2.520000041E-1
3.690361075E2,3.279000044E0,1.232100105E1,9.420000315E-1
3.690385512E2,4.333050251E0,1.398000050E1,6.280500293E-1
3.690409946E2,2.101050138E0,1.355400085E1,-2.880000174E-1
3.690434383E2,2.749500275E-1,1.366395092E1,-1.750500053E-1
3.690458820E2,1.807050109E0,1.169805050E1,2.434050083E0
3.690483256E2,8.010000587E-1,1.128195095E1,-5.959950447E0
3.690507691E2,3.390000165E-1,1.004400063E1,1.420500129E-1
3.690532128E2,2.941950083E0,9.936000824E0,-1.770000100E0
3.690556564E2,1.393050075E0,1.021905041E1,-5.731950283E0
3.690580999E2,-4.909500182E-1,7.482000351E0,1.519500017E-1
3.690605436E2,2.913000107E0,9.526950836E0,-1.273950100E0
3.690629872E2,3.616950274E0,1.153605080E1,-5.881050110E0
3.690654309E2,1.512000084E0,8.599950790E0,-2.151000023E0
3.690678743E2,1.579050064E0,7.360050201E0,2.457000017E0
3.690703180E2,3.214950085E0,9.666000366E0,-3.328950167E0
3.690727617E2,3.579000235E0,9.484050751E0,-3.373950243E0
3.690752053E2,7.048050404E0,8.638050079E0,-8.509950638E0
3.690776488E2,9.322950363E0,6.898050308E0,-1.560900116E1
3.690800925E2,4.258950233E0,3.916950226E0,-1.298205090E1
3.690825361E2,1.953000069E0,5.923050404E0,-6.592050076E0
3.690849798E2,4.642050266E0,6.538950443E0,-1.297950029E0
3.690874233E2,3.283950090E0,1.573050022E0,-3.673050165E0
3.690898670E2,1.500000119E0,4.513050079E0,2.113049984E0
3.690923106E2,5.254950047E0,4.923000336E0,5.568000317E0
3.690947540E2,7.318950176E0,2.550000191E0,-5.440500379E-1
3.690971977E2,5.227950096E0,1.120500043E-1,2.190000117E-1
3.690996413E2,3.804000139E0,4.870050430E0,-2.277000189E0
3.691020850E2,9.145050049E0,5.241000175E0,-7.023000240E0
3.691045287E2,6.967050552E0,4.360050201E0,-1.022895050E1
3.691069722E2,8.338050842E0,7.288050175E0,-8.701050758E0
3.691094159E2,1.069005013E1,4.471950054E0,-9.100950241E0
3.691118595E2,4.125000000E0,3.991050243E0,-1.362600040E1
3.691143032E2,9.660000205E-1,5.844000340E0,-1.267800045E1
3.691167467E2,7.965000153E0,4.686000347E0,-8.377950668E0
3.691191903E2,7.024050236E0,2.299500108E-1,-6.163050175E0
3.691216340E2,5.879999995E-1,4.884000301E0,-1.558950067E0
3.691240774E2,5.314950466E0,6.462000370E0,-3.235050201E0
3.691265211E2,8.929950714E0,3.460050106E0,-3.409950256E0
3.691289648E2,2.547000170E0,3.982050180E0,-3.127050161E0
3.691314084E2,1.539000034E0,9.285000801E0,-4.353000164E0
3.691338519E2,4.884000301E0,9.304050446E0,-6.654000282E0
3.691362956E2,3.607050180E0,1.029300022E1,-3.379050255E0
3.691387392E2,6.001950264E0,9.808950424E0,2.773950100E0
3.691411829E2,8.074950218E0,8.143050194E0,-4.305000305E0
3.691436264E2,2.001000166E0,7.990050316E0,-2.770950079E0
3.691460701E2,1.512000084E0,9.067049980E0,2.512950182E0
3.691485137E2,3.873000145E0,9.285000801E0,-2.152950048E0
3.691509574E2,3.319950104E0,6.879000187E0,-4.983000278E0
3.691534008E2,2.382000208E0,7.173000336E0,-8.220000267E-1
3.691558444E2,4.699050426E0,8.169000626E0,-3.525000095E0
3.691582881E2,5.074950218E0,7.951050282E0,-4.396049976E0
3.691607316E2,1.848000050E0,8.313000679E0,-4.410000145E-1
3.691631753E2,2.520000219E0,1.019700050E1,6.070500016E-1
3.691656190E2,2.890950203E0,1.138005066E1,5.110500455E-1
3.691680626E2,2.389050007E0,1.210995102E1,1.045050025E0
3.691705063E2,6.106950283E0,1.143000031E1,-2.206050158E0
3.691729497E2,5.611050129E0,1.000800037E1,-1.237200069E1
3.691753934E2,1.918950081E0,7.903050423E0,-8.230050087E0
3.691778370E2,1.869000077E0,8.734050751E0,-1.849050045E0
3.691802805E2,6.540000439E0,8.844000816E0,-3.466950178E0
3.691827242E2,3.616950274E0,5.770050049E0,-4.545000076E0
3.691851678E2,2.614050150E0,6.910050392E0,9.660000205E-1
3.691876115E2,8.311950684E0,7.258950233E0,-1.540050030E0
3.691900550E2,6.421050072E0,4.210950375E0,-6.766950130E0
3.691924986E2,3.343950272E0,6.373050213E0,-3.600000218E-2
3.691949423E2,4.375950336E0,9.523950577E0,-5.595000088E-2
3.691973859E2,5.185050011E0,8.550000191E0,-4.246050358E0
3.691998294E2,5.259000301E0,9.730050087E0,-3.855000257E0
3.692022731E2,1.089300060E1,1.119600010E1,-7.303050518E0
3.692047167E2,9.052050591E0,8.104949951E0,-1.293195057E1
3.692071604E2,1.345050097E0,9.175050735E0,-7.303050518E0
3.692096039E2,1.792950034E0,9.438000679E0,1.867950082E0
3.692120475E2,5.319000244E0,9.702000618E0,4.060500264E-1
3.692144912E2,2.602050066E0,6.145950317E0,-2.929050207E0
3.692169347E2,2.554050207E0,7.204050541E0,-1.123050094E0
3.692193784E2,7.383000374E0,7.456050396E0,-3.985050201E0
3.692218220E2,6.349050522E0,7.413000584E0,-7.036950111E0
3.692242657E2,1.350000024E0,8.302950859E0,5.110500455E-1
3.692267094E2,1.861950040E0,1.083195019E1,1.255950093E0
3.692291528E2,2.335950136E0,1.419105053E1,-1.528050065E0
3.692315965E2,2.022000074E0,1.249605083E1,7.995000482E-2
3.692340399E2,4.278000355E0,1.175595093E1,-2.871000051E0
3.692364836E2,3.820050240E0,1.186395073E1,-7.332000256E0
3.692389273E2,1.752000093E0,9.522000313E0,-5.895000458E0
3.692413709E2,1.156050086E0,7.698000431E0,-2.572050095E0
3.692438146E2,3.151950121E0,7.525050163E0,-2.706000090E0
3.692462581E2,2.247000217E0,6.655950546E0,-6.183000088E0
3.692487017E2,8.610000610E-1,4.401000023E0,-1.801050067E0
3.692511454E2,5.662050247E0,5.623950481E0,-2.826000214E0
3.692535890E2,5.803050041E0,5.535000324E0,-6.883950233E0
3.692560325E2,2.571000099E0,4.345950127E0,-1.345950007E0
3.692584762E2,3.279000044E0,6.934050560E0,5.179499984E-1
3.692609198E2,4.006950378E0,8.160000801E0,-2.280000210E0
3.692633635E2,2.575050116E0,7.789050579E0,-1.738950133E0
3.692658070E2,4.414050102E0,9.069000244E0,-2.694000244E0
3.692682507E2,6.270000458E0,5.899050236E0,-7.830000401E0
3.692706943E2,1.033950090E0,4.525050163E0,-7.360950470E0
3.692731378E2,5.879999995E-1,5.502000332E0,-2.364000082E0
3.692755814E2,5.961000443E0,4.786050320E0,-3.817050219E0
3.692780251E2,4.339950085E0,1.759950042E0,-8.196000099E0
3.692804688E2,1.090950012E0,4.563000202E0,-2.074050188E0
3.692829122E2,8.056050301E0,5.488050461E0,-2.269950151E0
3.692853559E2,9.748950005E0,2.878050089E0,-8.332950592E0
3.692877995E2,1.753950119E0,6.769050121E0,-5.581950188E0
3.692902432E2,3.745950222E0,9.292050362E0,-1.822950125E0
3.692926867E2,8.170949936E0,8.188050270E0,-4.447050095E0
3.692951303E2,6.796950340E0,9.895050049E0,-5.218050480E0
3.692975740E2,9.157050133E0,1.087995052E1,-4.909050465E0
3.693000175E2,1.024905014E1,8.728950500E0,-1.161795044E1
3.693024611E2,6.120000482E-1,8.914050102E0,-1.107405090E1
3.693049048E2,-1.669500023E-1,9.874050140E0,4.392000198E0
3.693073484E2,3.682050228E0,9.216000557E0,7.459500432E-1
3.693097921E2,3.931050301E0,8.241000175E0,-2.494950056E0
3.693122356E2,4.171950340E0,8.035050392E0,-8.290500641E-1
3.693146792E2,7.606050491E0,9.010050774E0,-4.981050014E0
3.693171229E2,6.076050282E0,8.409000397E0,-6.277950287E0
3.693195666E2,2.662050009E0,1.072395039E1,-2.790000200E0
3.693220100E2,2.230950117E0,1.215300083E1,-5.130000114E-1
3.693244537E2,2.809950113E0,1.400400066E1,-1.168950081E0
3.693268973E2,2.353049994E0,1.326900101E1,-6.180000305E-1
3.693293410E2,5.425050259E0,1.326405048E1,-4.720500112E-1
3.693317845E2,4.990950108E0,1.287600040E1,-6.847950459E0
3.693342281E2,1.435950041E0,9.679950714E0,-4.174050331E0
3.693366718E2,1.323000073E0,9.556050301E0,2.041050196E0
3.693391153E2,2.923050165E0,1.078095055E1,2.395050049E0
3.693415590E2,2.500950098E0,9.226950645E0,-1.284000039E0
3.693440026E2,9.709500670E-1,5.848950386E0,4.770000279E-1
3.693464463E2,4.426050186E0,8.727000237E0,-4.030500054E-1
3.693488897E2,5.544000149E0,8.302950859E0,-4.606950283E0
3.693513333E2,2.461050034E0,6.736950397E0,-1.741050124E0
3.693537770E2,3.138000250E0,9.285000801E0,-1.030050039E0
3.693562205E2,3.610050201E0,1.155000019E1,-2.434950113E0
3.693586642E2,2.461050034E0,9.139050484E0,-7.039500475E-1
3.693611078E2,3.988050222E0,9.766050339E0,-3.645000219E0
3.693635515E2,6.373050213E0,8.038050652E0,-8.344950676E0
3.693659952E2,3.085050106E0,5.298000336E0,-8.421000481E0
3.693684387E2,8.130000234E-1,5.907000065E0,-1.540050030E0
3.693708823E2,3.619050264E0,6.156000137E0,-2.610000074E-1
3.693733260E2,2.941950083E0,3.298950195E0,-3.649050236E0
3.693757694E2,2.595000029E0,2.179050207E0,-1.200000048E-1
3.693782131E2,6.343950272E0,5.968950272E0,-2.850000262E-1
3.693806567E2,5.602050304E0,4.128000259E0,-5.521950245E0
3.693831004E2,2.230950117E0,4.233000278E0,-1.339050055E0
3.693855439E2,2.463000059E0,7.116000175E0,1.995000124E0
3.693879875E2,2.568000078E0,8.641050339E0,-2.827950239E0
3.693904312E2,1.158000112E0,8.104949951E0,-3.348000050E0
3.693928749E2,2.880000114E0,9.069000244E0,-2.529000044E0
3.693953183E2,8.020050049E0,6.448050499E0,-7.906050205E0
3.693977620E2,3.877950191E0,5.080950260E0,-1.051905060E1
3.694002056E2,-9.769500494E-1,7.149000168E0,-3.276000261E0
3.694026493E2,5.523000240E0,4.923000336E0,-7.830000520E-1
3.694050928E2,7.390050411E0,3.474000216E0,-6.570000172E0
3.694075364E2,3.106950045E0,5.878050327E0,-1.939500123E-1
3.694099801E2,5.058000088E0,6.508050442E0,1.180950046E0
3.694124236E2,7.347000122E0,6.919050217E0,-3.858000278E0
3.694148673E2,2.404950142E0,7.759950161E0,-3.169500232E-1
3.694173110E2,1.359000087E0,9.997950554E0,1.180950046E0
3.694197546E2,2.523000002E0,1.149195099E1,-3.831000090E0
3.694221981E2,2.686050177E0,9.586950302E0,-5.574000359E0
3.694246418E2,6.160050392E0,1.128195095E1,-7.933050156E0
3.694270854E2,7.921950340E0,8.892000198E0,-1.201500034E1
3.694295291E2,1.419000030E0,8.703000069E0,-7.933050156E0
3.694319725E2,7.605000585E-2,8.056950569E0,-2.569500208E-1
3.694344162E2,4.234950066E0,8.449049950E0,-1.075950027E0
3.694368598E2,5.281050205E0,7.578000546E0,-5.122050285E0
3.694393035E2,2.218950033E0,6.811950207E0,-3.520050049E0
3.694417470E2,5.745000362E0,4.912950039E0,-3.063000202E0
3.694441907E2,7.194000244E0,4.333950043E0,-7.867950439E0
3.694466343E2,2.620950222E0,5.703000069E0,-2.553000212E0
3.694490778E2,2.008050203E0,8.026050568E0,3.267000198E0
3.694515214E2,3.447000265E0,7.969950199E0,1.618950129E0
3.694539651E2,4.335000038E0,8.097000122E0,2.047950029E0
3.694564087E2,8.482049942E0,9.760950089E0,-1.132950068E0
3.694588524E2,1.023495007E1,8.029950142E0,-9.712050438E0
3.694612959E2,2.652000189E0,7.714050293E0,-9.490950584E0
3.694637396E2,1.069500074E-1,9.951000214E0,-1.449000120E0
3.694661832E2,2.583000183E0,8.536050797E0,5.200500488E-1
3.694686267E2,4.512000084E0,6.996000290E0,-4.140000343E0
3.694710704E2,4.491000175E0,7.657050133E0,-3.360000134E0
3.694735140E2,7.491000175E0,7.870050430E0,-3.949050188E0
3.694759577E2,7.002000332E0,8.278950691E0,-7.288950443E0
3.694784014E2,2.793000221E0,9.795000076E0,-2.653050184E0
3.694808448E2,2.061000109E0,1.032195091E1,2.089500129E-1
3.694832885E2,1.455000043E0,1.214595032E1,-7.690500617E-1
3.694857321E2,9.690000415E-1,1.289100075E1,1.369500011E-1
3.694881756E2,4.474050045E0,1.174095058E1,-2.589000225E0
3.694906193E2,7.594050407E0,1.018005085E1,-1.000095081E1
3.694930629E2,3.571050167E0,8.521050453E0,-8.524050713E0
3.694955066E2,3.559500277E-1,9.414000511E0,-1.642950058E0
3.694979500E2,2.037000179E0,8.296050072E0,2.158050060E0
3.695003937E2,3.202950239E0,8.406000137E0,-5.200500488E-1
3.695028374E2,1.993950129E0,7.630050182E0,1.236000061E0
3.695052808E2,4.242000103E0,7.546950340E0,1.399500072E-1
3.695077245E2,6.615000248E0,7.345950127E0,-4.495050430E0
3.695101681E2,2.872050047E0,7.261950493E0,-2.694000244E0
3.695126118E2,2.446050167E0,8.911050797E0,3.070500195E-1
3.695150553E2,3.301050186E0,9.828000069E0,-1.537950039E0
3.695174990E2,3.004050255E0,8.971050262E0,-2.866050243E0
3.695199427E2,5.595000267E0,9.547950745E0,-4.921050072E0
3.695223863E2,9.676950455E0,8.107049942E0,-1.072200012E1
3.695248297E2,4.327950001E0,7.645050526E0,-1.027905083E1
3.695272734E2,1.006950021E0,6.814050198E0,-1.051950097E0
3.695297170E2,3.415950060E0,6.211050510E0,5.350500345E-1
3.695321607E2,4.756950378E0,5.725050449E0,-3.999000072E0
3.695346042E2,2.113049984E0,5.847000122E0,-3.321000099E0
3.695370479E2,5.266950130E0,5.533050060E0,-2.911950111E0
3.695394915E2,9.208050728E0,3.883050203E0,-8.620050430E0
3.695419352E2,2.413050175E0,5.868000507E0,-5.385000229E0
3.695443787E2,-1.266000032E0,8.085000038E0,2.461950064E0
3.695468224E2,4.180050373E0,6.436050415E0,1.002000093E0
3.695492660E2,6.801000118E0,6.661050320E0,-5.335050106E0
3.695517097E2,5.311950207E0,8.595000267E0,-5.389950275E0
3.695541531E2,1.145295048E1,6.595950127E0,-7.435050488E0
3.695565968E2,5.947050095E0,6.598950386E0,-1.227600098E1
3.695590404E2,-1.918050051E0,8.203050613E0,-7.566000462E0
3.695614841E2,3.136050224E0,6.226950169E0,9.130500555E-1
3.695639276E2,8.443950653E0,4.123050213E0,-3.360000134E0
3.695663712E2,4.254000187E0,6.274950504E0,-7.005000114E-2
3.695688149E2,5.182950020E0,6.936000347E0,2.611050129E0
3.695712584E2,9.282000542E0,6.247050285E0,-5.242050171E0
3.695737020E2,3.640950203E0,7.602000237E0,-3.754950285E0
3.695761457E2,1.077000022E0,9.499950409E0,1.459050059E0
3.695785894E2,3.318000078E0,1.135800076E1,-3.550950050E0
3.695810328E2,3.028050184E0,1.091505051E1,-5.413950443E0
3.695834765E2,3.760950089E0,1.382505035E1,-5.146050453E0
3.695859201E2,6.253050327E0,1.091505051E1,-9.778950691E0
3.695883638E2,1.660950065E0,9.927000046E0,-6.795000553E0
3.695908073E2,3.990000188E-1,9.678000450E0,1.126049995E0
3.695932510E2,1.945950150E0,9.273000717E0,3.157050133E0
3.695956946E2,3.130950212E0,9.538950920E0,-4.135050297E0
3.695981383E2,2.062950134E0,8.409000397E0,-2.047950029E0
3.696005817E2,3.579000235E0,6.960000515E0,-8.700000495E-2
3.696030254E2,5.194950104E0,8.085000038E0,-6.264000416E0
3.696054690E2,3.427950144E0,8.638050079E0,-2.778000116E0
3.696079127E2,2.401050091E0,9.487950325E0,2.359500080E-1
3.696103562E2,2.295000076E0,1.049595070E1,-7.639500499E-1
3.696127999E2,2.551050186E0,9.598950386E0,-7.240500450E-1
3.696152435E2,4.072050095E0,9.046050072E0,-1.609050035E0
3.696176872E2,9.663000107E0,8.204999924E0,-7.899000168E0
3.696201306E2,5.845950127E0,6.268050194E0,-1.047105026E1
3.696225742E2,1.455000043E0,7.081950188E0,-3.253950119E0
3.696250179E2,2.203950167E0,7.465050220E0,5.539500117E-1
3.696274614E2,4.765950203E0,5.026050091E0,-4.128000259E0
3.696299051E2,2.125050068E0,6.022050381E0,-3.805050135E0
3.696323487E2,4.302000046E0,6.060000420E0,-2.639999986E-1
3.696347924E2,8.607000351E0,5.179050446E0,-7.000950336E0
3.696372359E2,3.787050247E0,5.370000362E0,-6.690000534E0
3.696396795E2,-5.550000072E-1,8.466000557E0,1.435050011E0
3.696421232E2,2.524950027E0,6.844950199E0,8.205000311E-2
3.696445669E2,6.303000450E0,6.574950218E0,-5.610000134E0
3.696470103E2,3.196050167E0,8.317950249E0,-6.664050102E0
3.696494540E2,7.747050285E0,7.113000393E0,-6.252000332E0
3.696518976E2,5.299950123E0,5.847000122E0,-9.786000252E0
3.696543413E2,-1.930050135E0,7.599000454E0,-1.641000032E0
3.696567848E2,-6.405000389E-2,5.289000034E0,6.202050209E0
3.696592284E2,7.330050468E0,3.622050285E0,-6.540000439E-1
3.696616721E2,7.150950432E0,4.309950352E0,-4.522950172E0
3.696641158E2,3.409050226E0,5.209950447E0,1.021050096E0
3.696665592E2,6.727050304E0,5.835000515E0,-3.429000139E0
3.696690029E2,3.849000216E0,5.782050133E0,-5.245950222E0
3.696714466E2,-5.190000534E-1,8.689050674E0,3.013050079E0
3.696738902E2,-1.453050017E0,9.883950233E0,2.817000151E0
3.696763337E2,1.915050149E0,7.975050449E0,-5.026050091E0
3.696787773E2,1.882950068E0,9.855000496E0,-3.633000135E0
3.696812210E2,5.803050041E0,9.726000786E0,-4.795950413E0
3.696836645E2,5.542050362E0,9.153000832E0,-6.862950325E0
3.696861082E2,1.182000041E0,9.661050797E0,-2.950050116E0
3.696885518E2,9.139500260E-1,9.760950089E0,4.810950279E0
3.696909955E2,2.836050034E0,9.775950432E0,1.276950002E0
3.696934389E2,2.779050112E0,9.673050880E0,-4.774950027E0
3.696958826E2,1.953000069E0,9.679950714E0,-6.900000572E-1
3.696983262E2,4.654050350E0,8.950050354E0,-2.446950197E0
3.697007697E2,2.994000196E0,1.121505070E1,-4.966050148E0
3.697032134E2,2.623050213E0,1.201905060E1,-3.775950193E0
3.697056571E2,2.623050213E0,1.128900051E1,-3.379500210E-1
3.697081007E2,4.524000168E0,1.153800011E1,-3.751950264E0
3.697105444E2,2.710050106E0,1.191900063E1,-5.248950481E0
3.697129879E2,4.394999981E0,1.126995087E1,-1.948950052E0
3.697154316E2,8.200050354E0,1.101405048E1,-6.886050224E0
3.697178752E2,4.906949997E0,9.703950882E0,-7.846950531E0
3.697203186E2,2.185050011E0,8.812950134E0,-1.104000092E0
3.697227623E2,3.720000267E0,9.544050217E0,-4.960500300E-1
3.697252060E2,5.287950039E0,8.310000420E0,-5.907000065E0
3.697276496E2,2.938950062E0,6.088950157E0,-4.887000084E0
3.697300933E2,5.233050346E0,7.762050152E0,-1.261950016E0
3.697325368E2,7.363950253E0,6.655950546E0,-4.789050102E0
3.697349805E2,3.571050167E0,6.871950150E0,-1.846050143E0
3.697374241E2,2.049000025E0,7.366950512E0,2.545950174E0
3.697398676E2,4.672950268E0,7.819950581E0,-1.387050033E0
3.697423113E2,4.603050232E0,6.988950253E0,-5.779950142E0
3.697447549E2,2.097000122E0,7.201950550E0,-3.396000147E0
3.697471986E2,7.993950367E0,7.611000538E0,-4.188000202E0
3.697496420E2,5.824050426E0,6.792000294E0,-7.126050472E0
3.697520857E2,-3.250500262E-1,8.944950104E0,-7.695000619E-2
3.697545293E2,-1.711950064E0,6.943050385E0,4.813050270E0
3.697569730E2,3.724950075E0,7.381050587E0,-1.180950046E0
3.697594165E2,3.997950077E0,7.786050320E0,-8.158050537E0
3.697618601E2,1.669950128E0,7.128000259E0,-1.807950139E0
3.697643038E2,3.928050280E0,6.607950211E0,-3.253950119E0
3.697667475E2,4.134000301E0,7.446000576E0,-4.546950340E0
3.697691910E2,7.410000563E-1,8.185950279E0,1.677000046E0
3.697716346E2,-3.490500152E-1,8.473050117E0,1.162050009E0
3.697740783E2,3.841950178E0,8.381999969E0,-2.230050087E0
3.697765217E2,2.009999990E0,7.642050266E0,-4.996950150E0
3.697789654E2,3.538050175E0,7.437000275E0,-3.127050161E0
3.697814090E2,7.225050449E0,7.525050163E0,-6.333000183E0
3.697838527E2,3.387000084E0,8.208000183E0,-5.320950031E0
3.697862962E2,-3.180000186E-1,6.831000328E0,2.094000101E0
3.697887399E2,1.872000098E0,5.446950436E0,1.950000048E0
3.697911835E2,7.623000145E0,6.475950241E0,-5.707950115E0
3.697936272E2,3.475950241E0,5.587950230E0,-5.859000206E0
3.697960707E2,3.622050285E0,6.939000130E0,-1.818000078E0
3.697985143E2,7.096050262E0,7.480050564E0,-3.669000149E0
3.698009580E2,2.452950001E0,8.773050308E0,-2.239050150E0
3.698034017E2,-1.630500108E-1,9.217950821E0,2.485950232E0
3.698058451E2,4.579050064E0,7.978050232E0,-2.268000126E0
3.698082888E2,5.686050415E0,8.764950752E0,-7.903950214E0
3.698107324E2,7.750500441E-1,7.537050247E0,-4.501950264E0
3.698131761E2,2.784000158E0,7.888950348E0,-1.138050079E0
3.698156196E2,6.492000103E0,9.112950325E0,-4.687950134E0
3.698180633E2,2.403000116E0,9.715950012E0,-1.518000126E0
3.698205069E2,6.169500351E-1,8.908950806E0,3.580050230E0
3.698229506E2,4.159950256E0,9.352050781E0,-5.629500151E-1
3.698253940E2,6.928050518E0,1.096095085E1,-7.236000538E0
3.698278377E2,2.785950184E0,9.067049980E0,-5.574000359E0
3.698302813E2,1.861950040E0,1.004400063E1,-1.861050129E0
3.698327248E2,2.176050186E0,1.101600075E1,-2.512050152E0
3.698351685E2,1.522050023E0,9.481050491E0,-1.005000062E-2
3.698376121E2,1.645950079E0,9.393000603E0,1.866000056E0
3.698400558E2,6.214950085E0,1.062105083E1,-3.076950073E0
3.698424993E2,6.058950424E0,9.229950905E0,-7.483050346E0
3.698449429E2,2.623050213E0,8.731950760E0,-4.264950275E0
3.698473866E2,3.772950172E0,1.081500053E1,-1.303050041E0
3.698498303E2,3.445050240E0,1.079595089E1,-8.620500565E-1
3.698522737E2,9.379500151E-1,9.316050529E0,2.190000117E-1
3.698547173E2,1.219950080E0,8.569050789E0,2.113049984E0
3.698571610E2,5.523000240E0,8.887950897E0,-2.164950132E0
3.698596045E2,6.270000458E0,7.101000309E0,-8.887950897E0
3.698620482E2,1.725000024E0,7.288050175E0,-6.252000332E0
3.698644919E2,2.274000168E0,8.662050247E0,5.110500455E-1
3.698669355E2,3.615000248E0,1.017300034E1,9.130500555E-1
3.698693792E2,1.582050085E0,9.103050232E0,1.545000076E0
3.698718226E2,1.536000013E0,8.602950096E0,2.077050209E0
3.698742663E2,4.703999996E0,8.626950264E0,-2.413950205E0
3.698767099E2,5.998950481E0,7.920000553E0,-9.321000099E0
3.698791534E2,1.761000037E0,7.285950184E0,-6.925050259E0
3.698815971E2,2.508000135E0,8.334000587E0,-1.423050046E0
3.698840408E2,5.287950039E0,9.508050919E0,-5.269500017E-1
3.698864844E2,2.073000193E0,8.739000320E0,-8.029500246E-1
3.698889281E2,6.000000238E-1,8.020950317E0,1.320000052E0
3.698913715E2,4.632000446E0,8.104949951E0,-1.059000015E0
3.698938152E2,7.326000214E0,8.602950096E0,-8.146050453E0
3.698962588E2,2.190000057E0,8.029950142E0,-6.781050205E0
3.698987023E2,8.560500145E-1,8.239050865E0,-2.205000073E-2
3.699011460E2,3.910950184E0,1.011600018E1,9.079500437E-1
3.699035896E2,3.457050085E0,9.028950691E0,-7.905000448E-2
3.699060333E2,1.729950070E0,8.677050591E0,8.749500513E-1
3.699084768E2,4.432950020E0,7.633050442E0,-3.345000267E0
3.699109205E2,7.005000114E0,7.932000160E0,-8.974050522E0
3.699133641E2,2.056050062E0,6.940950394E0,-8.839950562E0
3.699158076E2,1.240500063E-1,6.460050106E0,-3.600000143E-1
3.699182512E2,3.208050251E0,8.557050705E0,5.590500236E-1
3.699206949E2,3.868050098E0,7.249950409E0,-2.506950140E0
3.699231386E2,2.959500253E-1,7.587000370E0,1.894950032E0
3.699255822E2,4.732950211E0,7.513050556E0,8.389500380E-1
3.699280257E2,1.062300014E1,7.579950333E0,-7.336950302E0
3.699304693E2,3.423000097E0,8.193000793E0,-8.006999969E0
3.699329130E2,-1.305000067E0,8.554950714E0,-7.240500450E-1
3.699353565E2,2.170950174E0,7.888950348E0,1.690950036E0
3.699378002E2,5.956050396E0,8.301000595E0,-3.139050245E0
3.699402438E2,3.415950060E0,8.125950813E0,-3.055950165E0
3.699426875E2,5.086950302E0,7.711950302E0,-2.020950079E0
3.699451311E2,8.692950249E0,8.145000458E0,-7.605000496E0
3.699475746E2,4.405050278E0,8.044950485E0,-8.095950127E0
3.699500182E2,7.410000563E-1,9.169950485E0,-1.726950049E0
3.699524619E2,2.868000031E0,1.033395004E1,5.419500470E-1
3.699549054E2,4.872000217E0,1.026900005E1,-2.134050131E0
3.699573491E2,1.819050074E0,9.334950447E0,-1.255050063E0
3.699597927E2,3.363000154E0,8.253000259E0,-9.409500360E-1
3.699622364E2,1.005795002E1,8.794050217E0,-7.186050415E0
3.699646799E2,6.385050297E0,9.181950569E0,-1.059795094E1
3.699671236E2,1.038000107E0,9.409049988E0,-4.192950249E0
3.699695672E2,1.098000050E0,9.778050423E0,1.248000026E0
3.699720106E2,2.476950169E0,1.032900047E1,1.585950017E0
3.699744543E2,7.369500399E-1,9.390000343E0,5.899500251E-1
3.699768979E2,7.320000529E-1,8.317950249E0,-1.660500020E-1
3.699793416E2,5.322000027E0,7.774050236E0,-3.646950245E0
3.699817851E2,6.172050476E0,6.603000164E0,-7.521000385E0
3.699842288E2,1.266000032E0,7.152000427E0,-2.947950125E0
3.699866725E2,1.323000073E0,9.345000267E0,2.116950035E0
3.699891161E2,3.591000080E0,1.167405033E1,1.300950050E0
3.699915596E2,3.028050184E0,1.024695015E1,8.170500398E-1
3.699940032E2,1.084050059E0,9.378000259E0,-2.329500169E-1
3.699964469E2,1.275000095E0,8.452050209E0,1.093050003E0
3.699988906E2,6.475950241E0,9.960000038E0,-4.684050083E0
3.700013340E2,3.544950247E0,8.526000023E0,-7.626000404E0
3.700037777E2,8.539500237E-1,7.602000237E0,-1.801050067E0
3.700062213E2,3.514050245E0,9.342000008E0,-8.290500641E-1
3.700086650E2,5.973000050E0,1.048905087E1,-2.440050125E0
3.700111085E2,2.650050163E0,1.038600063E1,-2.397000074E0
3.700135522E2,1.954950094E0,9.922050476E0,-8.740500212E-1
3.700159958E2,6.009000301E0,9.919050217E0,-3.736050129E0
3.700184395E2,3.603000164E0,9.448050499E0,-6.831000328E0
3.700208830E2,1.237050056E0,8.008950233E0,-2.256000042E0
3.700233267E2,3.406050205E0,9.277950287E0,-2.419500053E-1
3.700257703E2,5.520000458E0,1.000605011E1,-2.224950075E0
3.700282137E2,1.690050125E0,9.622950554E0,-1.921050072E0
3.700306574E2,1.417050123E0,8.128950119E0,9.010500312E-1
3.700331010E2,5.887050152E0,8.932950020E0,-3.570000231E-1
3.700355447E2,6.664950371E0,9.726000786E0,-6.154050350E0
3.700379882E2,1.066950083E0,9.136950493E0,-4.837050438E0
3.700404319E2,1.639500111E-1,7.219050407E0,4.489500225E-1
3.700428755E2,4.113000393E0,7.792950153E0,-1.417950034E0
3.700453192E2,4.717950344E0,7.437000275E0,-6.700050354E0
3.700477627E2,7.579500079E-1,8.125950813E0,-4.744050026E0
3.700502063E2,3.471000195E0,7.305000305E0,-8.620500565E-1
3.700526500E2,8.032050133E0,7.089000225E0,-3.979950190E0
3.700550937E2,2.935050249E0,7.390950203E0,-5.566950321E0
3.700575371E2,-5.239500403E-1,7.306950569E0,1.794000030E0
3.700599808E2,3.744000196E0,7.125000477E0,1.023000002E0
3.700624244E2,6.769950390E0,7.120950222E0,-5.731950283E0
3.700648681E2,6.649500132E-1,7.027050495E0,-4.212000370E0
3.700673116E2,3.820500076E-1,5.140050411E0,1.653000116E0
3.700697552E2,7.527000427E0,6.565050125E0,-1.252950072E0
3.700721989E2,6.214950085E0,7.522950172E0,-6.838950157E0
3.700746426E2,-2.419500053E-1,7.906050205E0,1.459050059E0
3.700770861E2,-5.205000192E-2,7.420050144E0,4.071000099E0
3.700795297E2,6.415950298E0,8.619000435E0,-1.530000091E0
3.700819734E2,5.025000095E0,9.582000732E0,-6.649050236E0
3.700844171E2,1.788000107E0,9.448050499E0,-1.866000056E0
3.700868605E2,4.777950287E0,9.322950363E0,-3.835950136E0
3.700893042E2,6.805950165E0,1.065000057E1,-8.119950294E0
3.700917478E2,1.351950049E0,9.985950470E0,-5.584050179E0
3.700941913E2,2.430000156E-1,9.334950447E0,1.195950031E0
3.700966350E2,2.607000113E0,1.099005032E1,-1.995000057E-2
3.700990786E2,4.210950375E0,1.026405048E1,-4.090050220E0
3.701015223E2,2.343000174E0,8.542950630E0,-2.095050097E0
3.701039658E2,4.821000099E0,7.666050434E0,-6.060000062E-1
3.701064094E2,9.106950760E0,9.414000511E0,-5.134050369E0
3.701088531E2,5.247000217E0,9.711000443E0,-8.919000626E0
3.701112967E2,1.335000038E0,8.743950844E0,-9.940500259E-1
3.701137402E2,2.724000216E0,9.465000153E0,2.026050091E0
3.701161839E2,4.042950153E0,1.100205040E1,-9.220500588E-1
3.701186275E2,3.567000151E0,9.922050476E0,-1.861050129E0
3.701210712E2,3.748950243E0,8.193000793E0,-2.078999996E0
3.701235147E2,7.797000408E0,7.783950329E0,-3.823950291E0
3.701259583E2,6.390000343E0,8.822999954E0,-8.887950897E0
3.701284020E2,1.552950025E0,8.818050385E0,-6.034050465E0
3.701308454E2,1.267950058E0,8.329950333E0,1.204950094E0
3.701332891E2,3.478050232E0,8.959050179E0,6.810000539E-1
3.701357328E2,4.144050121E0,8.751000404E0,-2.823000193E0
3.701381764E2,9.829500318E-1,7.735950470E0,-1.711950064E0
3.701406201E2,2.319000006E0,7.309950352E0,-1.188000083E0
3.701430636E2,7.077000141E0,7.650000572E0,-5.538000107E0
3.701455072E2,3.624000072E0,8.950050354E0,-7.600050449E0
3.701479509E2,-1.530000120E-1,7.618950367E0,8.869500160E-1
3.701503944E2,-1.099500060E-1,8.373000145E0,3.367050171E0
3.701528380E2,1.989000082E0,9.735000610E0,7.120500207E-1
3.701552816E2,3.801000118E0,9.586950302E0,4.200000316E-2
3.701577253E2,1.737000108E0,6.868950367E0,-1.059000015E0
3.701601688E2,5.503950119E0,7.483950138E0,-2.758950233E0
3.701626125E2,6.315000534E0,9.076950073E0,-8.433000565E0
3.701650561E2,9.310500622E-1,8.824950218E0,-6.321000099E0
3.701674996E2,-2.340000123E-1,7.932000160E0,1.203000069E0
3.701699433E2,3.931050301E0,1.039605045E1,1.045050025E0
3.701723870E2,4.929000378E0,9.622950554E0,-2.301000118E0
3.701748306E2,1.684950113E0,8.773050308E0,-6.040500402E-1
3.701772743E2,2.427000046E0,7.437000275E0,-5.080500245E-1
3.701797177E2,8.638050079E0,9.204000473E0,-5.287050247E0
3.701821613E2,4.576950073E0,9.613050461E0,-9.757050514E0
3.701846050E2,9.070500135E-1,8.227050781E0,-2.185950041E0
3.701870485E2,2.446050167E0,8.125950813E0,1.408950090E0
3.701894922E2,6.550050259E0,1.057995033E1,-8.380500674E-1
3.701919358E2,3.729000092E0,1.077900028E1,-2.577000141E0
3.701943795E2,2.077050209E0,9.105000496E0,-2.040000200E0
3.701968232E2,5.209050179E0,8.029950142E0,-3.991950274E0
3.701992666E2,6.768000126E0,1.008495045E1,-8.895000458E0
3.702017102E2,1.572000027E0,9.325950623E0,-6.292950153E0
3.702041539E2,8.370000124E-1,8.904000282E0,8.050500154E-1
3.702065974E2,4.125000000E0,9.085950851E0,1.050000072E0
3.702090411E2,5.686050415E0,9.991050720E0,-2.785050154E0
3.702114847E2,1.507950068E0,9.342000008E0,-1.957050085E0
3.702139284E2,1.588950038E0,7.638000488E0,-1.071000099E0
3.702163719E2,6.664950371E0,8.950050354E0,-4.546950340E0
3.702188156E2,5.017950058E0,9.726000786E0,-8.175000191E0
3.702212592E2,1.395000052E-2,8.275050163E0,-2.359050035E0
3.702237029E2,1.330500096E-1,6.388050079E0,3.102000237E0
3.702261463E2,3.796950102E0,9.440999985E0,1.074000001E0
3.702285900E2,5.341050148E0,9.850050926E0,-3.367050171E0
3.702310336E2,2.143949986E0,7.743000507E0,-1.684050083E0
3.702334773E2,4.009950161E0,7.261950493E0,-8.580000401E-1
3.702359208E2,8.227950096E0,8.830050468E0,-5.608050346E0
3.702383644E2,2.923050165E0,9.181950569E0,-6.982050419E0
3.702408081E2,1.480500102E-1,7.774050236E0,3.240000010E-1
3.702432516E2,2.554050207E0,8.422950745E0,1.849050045E0
3.702456952E2,6.703050137E0,9.747000694E0,-2.931000233E0
3.702481389E2,2.925000191E0,8.421000481E0,-3.748050213E0
3.702505825E2,5.640000105E-1,7.635000229E0,-6.400500536E-1
3.702530260E2,5.536950111E0,7.864950180E0,-2.742000103E0
3.702554697E2,6.298950195E0,1.043700027E1,-8.515049934E0
3.702579133E2,8.560500145E-1,9.400050163E0,-3.702000141E0
3.702603568E2,-3.610500097E-1,6.871950150E0,2.908050060E0
3.702628005E2,3.627000093E0,8.076000214E0,8.650500178E-1
3.702652441E2,5.425050259E0,9.697050095E0,-4.044000149E0
3.702676878E2,1.692000031E0,7.932000160E0,-2.737050056E0
3.702701315E2,3.076050043E0,6.031050205E0,-1.576050043E0
3.702725749E2,8.334000587E0,6.751950264E0,-5.431050301E0
3.702750186E2,3.238950253E0,8.866050720E0,-8.257950783E0
3.702774622E2,4.050000105E-3,6.406950474E0,-1.471050024E0
3.702799057E2,1.263000011E0,6.543000221E0,2.983950138E0
3.702823494E2,6.208050251E0,8.392050743E0,-1.753050089E0
3.702847931E2,3.748950243E0,8.204999924E0,-3.898050070E0
3.702872367E2,3.340500295E-1,6.699000359E0,1.062000036E0
3.702896804E2,3.382050276E0,6.406950474E0,9.370500445E-1
3.702921238E2,8.038949966E0,8.679000854E0,-5.898000240E0
3.702945675E2,2.034000158E0,8.619000435E0,-6.192000389E0
3.702970111E2,-8.520000577E-1,6.654000282E0,1.603050113E0
3.702994546E2,-3.795000166E-2,6.940950394E0,1.927950144E0
3.703018983E2,5.772000313E0,1.046100044E1,-2.215050220E0
3.703043419E2,4.552950382E0,9.177000046E0,-4.018050194E0
3.703067856E2,2.061000109E0,7.723950386E0,-9.030000567E-1
3.703092291E2,4.447950363E0,8.072999954E0,-2.364000082E0
3.703116728E2,5.941950321E0,1.088895035E1,-6.466950417E0
3.703141164E2,1.333050013E0,8.718000412E0,-4.132950306E0
3.703165598E2,2.869500220E-1,8.233950615E0,1.569000125E0
3.703190035E2,3.544950247E0,1.060905075E1,4.200000316E-2
3.703214471E2,6.117000103E0,1.182795048E1,-4.762950420E0
3.703238908E2,2.106000185E0,9.709050179E0,-2.566950083E0
3.703263343E2,1.453050017E0,9.061950684E0,-1.110000089E-1
3.703287780E2,6.076050282E0,1.115700054E1,-3.265950203E0
3.703312216E2,5.959050179E0,1.151400089E1,-7.465950489E0
3.703336653E2,1.174950004E0,9.181950569E0,-2.376000166E0
3.703361088E2,5.400000215E-1,8.128950119E0,3.018000126E0
3.703385524E2,4.765950203E0,1.152795029E1,5.805000290E-2
3.703409961E2,6.648000240E0,1.167705059E1,-4.437000275E0
3.703434398E2,3.796950102E0,8.980950356E0,-4.684050083E0
3.703458832E2,4.467000008E0,9.028950691E0,-2.431050062E0
3.703483269E2,7.519950390E0,1.178205013E1,-5.467050076E0
3.703507706E2,3.472950220E0,1.022805023E1,-6.400050163E0
3.703532142E2,1.464000106E0,9.297000885E0,3.700500131E-1
3.703556577E2,3.555000067E0,8.385000229E0,6.760500073E-1
3.703581013E2,6.712950230E0,1.067805004E1,-4.252950191E0
3.703605450E2,3.265050173E0,8.410950661E0,-6.268950462E0
3.703629887E2,1.347000122E0,5.962050438E0,-2.989050150E0
3.703654321E2,3.231000185E0,6.649050236E0,-1.648050070E0
3.703678758E2,4.785000324E0,9.055050850E0,-5.206050396E0
3.703703194E2,1.981950045E0,6.475950241E0,-3.180000067E0
3.703727631E2,3.970500231E-1,4.777050018E0,2.323050022E0
3.703752066E2,3.327000141E0,6.663000107E0,2.452950001E0
3.703776502E2,4.744950294E0,8.758049965E0,-3.172950268E0
3.703800939E2,1.488000035E0,6.784950256E0,-3.163050175E0
3.703825374E2,-3.660000265E-1,4.708950043E0,1.759500057E-1
3.703849811E2,4.330049992E0,5.815950394E0,-1.030050039E0
3.703874247E2,6.901950359E0,6.294000149E0,-6.621000290E0
3.703898684E2,1.192050099E0,4.765050411E0,-3.967950106E0
3.703923118E2,-1.510500014E-1,4.992000103E0,2.232000113E0
3.703947555E2,5.370000362E0,6.892950535E0,1.780500114E-1
3.703971991E2,6.799050331E0,7.231050491E0,-6.136950493E0
3.703996428E2,5.569500327E-1,6.223050117E0,-3.703950167E0
3.704020863E2,-3.570000231E-1,5.683950424E0,7.429500222E-1
3.704045300E2,6.076050282E0,8.314949989E0,-4.264950275E0
3.704069736E2,6.751050472E0,7.858050346E0,-7.990050316E0
3.704094173E2,6.100500226E-1,6.013950348E0,-1.516050100E0
3.704118607E2,8.590500355E-1,6.555000305E0,2.955000162E0
3.704143043E2,6.811050415E0,1.003200054E1,-2.042999983E0
3.704167480E2,5.487000465E0,9.742050171E0,-5.917050362E0
3.704191915E2,8.779500127E-1,8.554950714E0,-2.770950079E0
3.704216352E2,3.259950161E0,7.258950233E0,-1.588050127E0
3.704240789E2,9.343950272E0,1.055205059E1,-7.015950203E0
3.704265225E2,3.859050274E0,9.048000336E0,-8.215050697E0
3.704289662E2,5.700000376E-2,8.287050247E0,-7.950000465E-3
3.704314097E2,1.177050114E0,9.060000420E0,2.215950012E0
3.704338533E2,6.873000145E0,1.162200069E1,-1.939950109E0
3.704362970E2,5.101050377E0,1.057095051E1,-3.288000107E0
3.704387404E2,2.009999990E0,9.333000183E0,1.300500035E-1
3.704411842E2,3.150000095E0,1.076205063E1,-5.749500394E-1
3.704436278E2,6.667050362E0,1.401105022E1,-5.124000072E0
3.704460715E2,3.744000196E0,1.220595074E1,-4.565999985E0
3.704485149E2,1.381050110E0,9.405000687E0,4.699500203E-1
3.704509586E2,4.900500178E-1,1.108500099E1,6.739500165E-1
3.704534022E2,1.552950025E0,1.443000031E1,-5.920500159E-1
3.704558459E2,4.026000023E0,1.203795052E1,7.600500584E-1
3.704582894E2,2.704950094E0,8.992950439E0,-1.150050044E0
3.704607331E2,4.942950249E0,1.045305061E1,-3.277950048E0
3.704631767E2,6.780000210E0,1.378095055E1,-6.570000172E0
3.704656204E2,2.856000185E0,1.017105007E1,-5.067000389E0
3.704680638E2,1.113000035E0,9.460050583E0,5.850000381E-1
3.704705075E2,1.435950041E0,1.264395046E1,1.228950024E0
3.704729511E2,2.242950201E0,1.463400078E1,2.047950029E0
3.704753946E2,1.801950097E0,8.610000610E0,9.060000181E-1
3.704778383E2,1.479000092E0,6.286950111E0,-3.280500174E-1
3.704802819E2,4.795050144E0,1.015605068E1,-3.760050297E0
3.704827256E2,6.973950386E0,1.056795025E1,-1.001100063E1
3.704851693E2,3.313050270E0,5.667000294E0,-7.954050541E0
3.704876128E2,9.349500537E-1,4.765050411E0,-2.179500163E-1
3.704900564E2,3.397050142E0,1.029495049E1,1.533000112E0
3.704925001E2,3.796950102E0,8.416049957E0,-3.028950214E0
3.704949435E2,3.289050102E0,4.876950264E0,-3.307050228E0
3.704973872E2,2.275950193E0,5.437050343E0,-1.795950055E0
3.704998308E2,7.414050579E0,6.277950287E0,-6.136950493E0
3.705022746E2,6.985950470E0,6.828000546E0,-1.011195087E1
3.705047180E2,8.869500160E-1,4.345950127E0,-5.188950062E0
3.705071616E2,-6.060000062E-1,4.800000191E0,3.492000103E0
3.705096053E2,5.346000195E0,6.687000275E0,2.982000113E0
3.705120490E2,6.961950302E0,6.069000244E0,-4.588050365E0
3.705144925E2,5.710500479E-1,4.891050339E0,-2.469000101E0
3.705169362E2,1.984050035E0,4.189949989E0,-4.650000334E-1
3.705193798E2,9.487950325E0,6.424050331E0,-5.424000263E0
3.705218235E2,4.915050030E0,6.478950500E0,-9.123000145E0
3.705242670E2,-1.417050123E0,4.795950413E0,-1.384050012E0
3.705267106E2,3.889500201E-1,4.981950283E0,5.533950329E0
3.705291543E2,6.676950455E0,7.597050190E0,-5.749500394E-1
3.705315977E2,6.208050251E0,8.785050392E0,-5.064000130E0
3.705340414E2,3.889500201E-1,6.679950237E0,-1.920000017E-1
3.705364850E2,-7.800000310E-1,8.065950394E0,9.250500202E-1
3.705389287E2,5.401050091E0,9.988950729E0,-5.950050354E0
3.705413722E2,4.009950161E0,8.392050743E0,-7.059000492E0
3.705438159E2,2.100000158E-2,7.285950184E0,-1.039950013E0
3.705462595E2,-2.629500031E-1,8.049000740E0,2.062050104E0
3.705487032E2,3.136050224E0,1.302495098E1,-8.269500136E-1
3.705511467E2,3.556950092E0,1.060695076E1,-2.044950008E0
3.705535904E2,3.114000082E0,7.540050507E0,-1.084950089E0
3.705560340E2,4.753950119E0,1.004205036E1,-1.461000085E0
3.705584777E2,7.761000156E0,1.370205021E1,-7.270050526E0
3.705609211E2,4.990950108E0,1.132200050E1,-5.797050476E0
3.705633648E2,1.981950045E0,8.385000229E0,-1.023000002E0
3.705658084E2,1.254000068E0,1.099005032E1,9.540000558E-1
3.705682521E2,3.733950138E0,1.456905079E1,-9.060000181E-1
3.705706956E2,4.660950184E0,1.143495083E1,-3.099000216E0
3.705731393E2,3.298950195E0,8.421000481E0,-3.778950214E0
3.705755829E2,5.121000290E0,1.070205021E1,-3.328950167E0
3.705780266E2,7.942950249E0,1.258695030E1,-8.076000214E0
3.705804701E2,4.042950153E0,1.010895061E1,-7.357950211E0
3.705829137E2,1.756950140E0,8.454000473E0,-9.105000645E-2
3.705853571E2,4.714050293E0,1.128705025E1,1.075950027E0
3.705878008E2,5.821950436E0,1.393005085E1,-2.289000034E0
3.705902445E2,3.412950277E0,8.394000053E0,-3.118050098E0
3.705926881E2,1.362000108E0,6.417000294E0,-4.429500103E-1
3.705951318E2,4.491000175E0,8.643000603E0,-1.791000128E0
3.705975753E2,6.844050407E0,9.052950859E0,-6.676050186E0
3.706000190E2,3.049950123E0,5.883000374E0,-4.993050098E0
3.706024627E2,1.551000118E0,5.824950218E0,1.854000092E0
3.706049063E2,4.060050011E0,8.293950081E0,1.828050137E0
3.706073498E2,4.419000149E0,9.790050507E0,-1.234050035E0
3.706097935E2,1.795050144E0,7.410000324E0,-6.495000422E-2
3.706122371E2,8.470500112E-1,6.924000263E0,-9.220500588E-1
3.706146808E2,3.255000114E0,9.108000755E0,-2.766000032E0
3.706171242E2,5.643000126E0,9.466950417E0,-7.168950558E0
3.706195679E2,1.974000096E0,6.505050182E0,-5.064000130E0
3.706220115E2,3.799500167E-1,6.916950226E0,2.254050016E0
3.706244550E2,3.351000071E0,1.020705032E1,1.357950091E0
3.706268987E2,5.098950386E0,1.081305027E1,-2.275050163E0
3.706293424E2,2.213999987E0,7.021950245E0,-2.574000120E0
3.706317860E2,9.229500294E-1,7.425000191E0,-2.155050039E0
3.706342297E2,4.788000107E0,9.735000610E0,-4.936950207E0
3.706366731E2,5.530050278E0,9.262950897E0,-8.407050133E0
3.706391168E2,1.362000108E0,6.583950520E0,-4.024950027E0
3.706415602E2,2.700000107E-1,5.569050312E0,2.134050131E0
3.706440039E2,2.535000086E0,1.174395084E1,1.777050138E0
3.706464475E2,4.126950264E0,8.665050507E0,-2.059950113E0
3.706488912E2,2.353049994E0,7.540050507E0,-2.368050098E0
3.706513349E2,2.080049992E0,7.372050285E0,-3.100950241E0
3.706537784E2,6.555000305E0,9.727950096E0,-5.122050285E0
3.706562221E2,4.455000401E0,8.788949966E0,-7.741050243E0
3.706586657E2,5.160000324E-1,6.310950279E0,-2.775000095E0
3.706611092E2,1.570500135E-1,6.687000275E0,3.276000261E0
3.706635528E2,5.820000172E0,9.879000664E0,7.810500264E-1
3.706659965E2,7.966950417E0,8.212050438E0,-4.806000233E0
3.706684402E2,2.839050055E0,6.679950237E0,-3.787950277E0
3.706708836E2,2.748000145E0,8.752950668E0,-2.111999989E0
3.706733273E2,7.303950310E0,1.073100090E1,-5.541000366E0
3.706757710E2,4.171950340E0,9.160050392E0,-8.196000099E0
3.706782146E2,-2.400000021E-2,6.892950535E0,-3.055950165E0
3.706806581E2,3.630000055E-1,7.482000351E0,3.019950151E0
3.706831018E2,4.500000000E0,1.131495094E1,6.640500426E-1
3.706855454E2,5.889000416E0,8.619000435E0,-2.650950193E0
3.706879891E2,2.824050188E0,7.693050385E0,-2.956950188E0
3.706904328E2,2.889000177E0,8.590950012E0,-1.411050081E0
3.706928762E2,6.399000168E0,1.072395039E1,-5.035950184E0
3.706953199E2,3.471000195E0,9.358950615E0,-6.220950127E0
3.706977635E2,8.250000477E-1,7.501050472E0,9.900000691E-2
3.707002070E2,4.090500176E-1,8.149950027E0,2.206050158E0
3.707026507E2,2.848050117E0,1.304400063E1,2.830500007E-1
3.707050943E2,5.077050209E0,9.418950081E0,-2.517000198E0
3.707075378E2,2.665950060E0,6.426000118E0,-2.526000023E0
3.707099814E2,3.574050188E0,8.983050346E0,-3.028950214E0
3.707124251E2,7.273050308E0,1.081305027E1,-7.071000099E0
3.707148688E2,3.334050179E0,9.024000168E0,-7.542000294E0
3.707173124E2,4.660500288E-1,5.883000374E0,-1.516050100E0
3.707197559E2,1.903050065E0,5.728950500E0,2.224950075E0
3.707221995E2,6.670050144E0,1.081005096E1,-9.100500345E-1
3.707246432E2,4.495950222E0,7.141950130E0,-2.653050184E0
3.707270866E2,3.198000193E0,4.827000141E0,-2.545950174E0
3.707295303E2,4.170000076E0,7.231050491E0,-3.132000208E0
3.707319739E2,7.399950504E0,8.842050552E0,-6.669000149E0
3.707344176E2,3.688950062E0,7.393050194E0,-7.183050156E0
3.707368611E2,3.420000076E-1,5.619000435E0,4.605000094E-2
3.707393048E2,-1.909500062E-1,7.990050316E0,5.296950340E0
3.707417484E2,4.690050125E0,1.024005032E1,2.824050188E0
3.707441921E2,5.785950184E0,7.671000481E0,-2.067000151E0
3.707466356E2,2.391000032E0,6.409050465E0,-1.417950034E0
3.707490793E2,1.993950129E0,9.747000694E0,-8.910000324E-1
3.707515230E2,5.146950245E0,1.215300083E1,-5.668050289E0
3.707539666E2,4.189050198E0,9.514950752E0,-6.726000309E0
3.707564100E2,8.200500607E-1,7.807950497E0,-7.950000167E-1
3.707588536E2,9.090000391E-1,9.919050217E0,1.251000047E0
3.707612973E2,1.699050069E0,1.543800068E1,-5.149500370E-1
3.707637410E2,3.492000103E0,1.108500099E1,6.829500198E-1
3.707661845E2,1.804050088E0,7.981950283E0,-1.557000041E0
3.707686282E2,3.246000051E0,1.053000069E1,-1.831950068E0
3.707710718E2,6.576000214E0,1.259895039E1,-7.039950371E0
3.707735155E2,4.093050003E0,9.450000763E0,-6.814950466E0
3.707759589E2,1.189050078E0,8.193000793E0,-1.285950065E0
3.707784026E2,1.531950116E0,1.016805077E1,1.132950068E0
3.707808462E2,4.809000015E0,1.549800110E1,1.780050039E0
3.707832897E2,2.725950241E0,9.694050789E0,-4.789500237E-1
3.707857334E2,1.426050067E0,5.836950302E0,6.229500175E-1
3.707881770E2,4.311000347E0,9.964950562E0,-1.351050019E0
3.707906207E2,7.228050232E0,1.074795055E1,-7.104000568E0
3.707930642E2,4.491000175E0,6.784950256E0,-9.625950813E0
3.707955079E2,1.162950039E0,5.245950222E0,-3.814950228E0
3.707979515E2,2.491950035E0,8.701050758E0,-3.360000253E-1
3.708003952E2,4.821000099E0,1.024500084E1,-2.385000229E0
3.708028386E2,3.696000099E0,7.089000225E0,-3.487050056E0
3.708052823E2,5.830500126E-1,7.006050110E0,-1.486950040E0
3.708077259E2,4.258950233E0,7.270950317E0,-1.210050106E0
3.708101696E2,8.599050522E0,8.071050644E0,-7.564050198E0
3.708126133E2,4.189050198E0,4.843950272E0,-8.713050842E0
3.708150567E2,7.170000076E-1,4.317000389E0,-1.887000084E0
3.708175004E2,3.499950171E0,6.630000114E0,1.402050018E0
3.708199439E2,8.475000381E0,7.426950455E0,-2.938050032E0
3.708223876E2,4.072050095E0,4.843950272E0,-5.131050110E0
3.708248312E2,-4.995000362E-2,5.164050102E0,-3.859500289E-1
3.708272749E2,3.997950077E0,7.015050411E0,-7.200000435E-2
3.708297185E2,8.812950134E0,7.891050339E0,-7.887000561E0
3.708321620E2,3.409050226E0,6.211050510E0,-7.192950249E0
3.708346056E2,-1.276050091E0,5.227050304E0,2.046000004E0
3.708370493E2,-1.648950100E0,7.932000160E0,3.597000122E0
3.708394928E2,3.294000149E0,1.010400009E1,4.939500093E-1
3.708419365E2,7.086000443E0,8.502000809E0,-3.805050135E0
3.708443801E2,2.781000137E0,7.504050255E0,-1.911000133E0
3.708468238E2,3.138000250E0,9.702000618E0,-2.914050102E0
3.708492672E2,6.901950359E0,1.093200016E1,-8.188950539E0
3.708517109E2,3.768000126E0,8.602950096E0,-6.463050365E0
3.708541546E2,9.019500613E-1,7.432050228E0,1.531050086E0
3.708565982E2,7.870500088E-1,1.070505047E1,8.220000267E-1
3.708590417E2,1.158000112E0,1.456905079E1,-4.189500213E-1
3.708614854E2,1.965000153E0,1.019205093E1,2.098050117E0
3.708639290E2,2.121000051E0,9.297000885E0,-3.960000277E-1
3.708663727E2,1.327950120E0,1.267995071E1,-1.675950050E0
3.708688162E2,4.338000298E0,1.496205044E1,1.171950102E0
3.708712598E2,5.098950386E0,1.204095078E1,-4.435050011E0
3.708737035E2,1.426050067E0,8.377950668E0,-3.454950094E0
3.708761469E2,1.488000035E0,1.183995056E1,3.720000088E-1
3.708785906E2,2.997000217E0,1.635494995E1,9.870000482E-1
3.708810342E2,2.547000170E0,1.064295006E1,-2.572050095E0
3.708834779E2,7.990500331E-1,9.946050644E0,-3.688050270E0
3.708859214E2,2.034000158E0,1.173405075E1,-2.890050173E0
3.708883651E2,5.311950207E0,1.255800056E1,-6.841050148E0
3.708908087E2,5.631000042E0,9.442950249E0,-7.851000309E0
3.708932524E2,2.200050116E0,7.531950474E0,-1.111050010E0
3.708956959E2,1.879050136E0,9.450000763E0,1.933050036E0
3.708981395E2,3.255000114E0,1.397100067E1,3.079950094E0
3.709005832E2,3.382050276E0,8.512050629E0,3.289500177E-1
3.709030269E2,2.082000017E0,5.868000507E0,4.819500148E-1
3.709054703E2,3.910950184E0,8.727000237E0,-2.304000139E0
3.709079140E2,6.876000404E0,9.184050560E0,-7.990050316E0
3.709103576E2,6.066000462E0,7.075050354E0,-9.598950386E0
3.709128011E2,1.572000027E0,4.911000252E0,-4.966050148E0
3.709152448E2,-4.879500270E-1,6.165000439E0,2.022000074E0
3.709176885E2,3.750000298E-1,1.037400055E1,4.798950195E0
3.709201321E2,5.133000374E0,6.253950119E0,-1.597050071E0
3.709225758E2,3.961950302E0,6.888000488E0,-2.494950056E0
3.709250193E2,1.122000098E0,7.951050282E0,-9.169500470E-1
3.709274630E2,5.467950344E0,8.836950302E0,-2.578950167E0
3.709299066E2,5.281050205E0,7.789050579E0,-6.898050308E0
3.709323500E2,9.570000172E-1,6.091050148E0,-1.914000034E0
3.709347937E2,-8.569500446E-1,7.510950565E0,2.890950203E0
3.709372373E2,-7.609500289E-1,1.005600071E1,-2.700000070E-2
3.709396810E2,1.924050093E0,1.000995064E1,7.500000298E-2
3.709421245E2,3.454050064E0,9.016950607E0,1.689000130E0
3.709445682E2,1.945950150E0,8.679000854E0,-1.594950080E0
3.709470118E2,4.567049980E0,1.010100079E1,-4.324950218E0
3.709494555E2,5.773950100E0,1.014495087E1,-9.475050926E0
3.709518990E2,2.371950150E0,7.329000473E0,-8.779950142E0
3.709543426E2,-1.669500023E-1,6.442950249E0,2.599500120E-1
3.709567863E2,4.420500100E-1,9.181950569E0,1.900050044E0
3.709592300E2,5.160000324E-1,9.891000748E0,2.556000233E0
3.709616734E2,2.109000206E0,6.469050407E0,2.143949986E0
3.709641171E2,2.068050146E0,7.855950356E0,6.160500050E-1
3.709665607E2,4.678050041E0,8.389050484E0,-1.947000146E0
3.709690042E2,7.273050308E0,7.855950356E0,-7.252950191E0
3.709714479E2,3.940050125E0,7.045950413E0,-9.939000130E0
3.709738915E2,6.889500618E-1,6.670050144E0,-1.035000086E0
3.709763352E2,-1.297950029E0,1.017600060E1,5.235000134E0
3.709787789E2,-5.340000391E-1,9.352050781E0,5.059500337E-1
3.709812223E2,2.877000093E0,8.137949944E0,2.926950216E0
3.709836660E2,2.827050209E0,7.906050205E0,1.957050085E0
3.709861094E2,1.657950044E0,8.161950111E0,-4.789500237E-1
3.709885531E2,6.471000195E0,1.031700039E1,-5.131050110E0
3.709909968E2,6.343950272E0,8.203050613E0,-9.463050842E0
3.709934404E2,1.642050028E0,7.531950474E0,-4.669050217E0
3.709958841E2,6.430500150E-1,8.326950073E0,2.623050213E0
3.709983276E2,1.359000087E0,1.249995041E1,4.870500267E-1
3.710007713E2,2.056050062E0,1.187805080E1,5.710500479E-1
3.710032149E2,1.848000050E0,9.919050217E0,-6.180000305E-1
3.710056583E2,7.609500289E-1,1.050795078E1,-5.389500260E-1
3.710081020E2,1.098000050E0,1.107795048E1,1.585950017E0
3.710105457E2,6.789000511E0,1.123200035E1,-5.304000378E0
3.710129893E2,4.050000191E0,9.052950859E0,-8.809050560E0
3.710154330E2,1.845000029E0,1.043400097E1,-3.702000141E0
3.710178765E2,1.939050078E0,1.127700043E1,5.010000467E-1
3.710203202E2,5.431950092E0,1.047495079E1,-3.259500265E-1
3.710227638E2,4.069050312E0,9.208050728E0,-2.802000046E0
3.710252073E2,2.025000095E0,9.778050423E0,-1.092000008E0
3.710276509E2,3.478050232E0,9.328050613E0,-1.210050106E0
3.710300946E2,8.188050270E0,9.237000465E0,-5.242050171E0
3.710325383E2,5.829000473E0,8.931000710E0,-7.339050293E0
3.710349817E2,1.809000134E0,9.745050430E0,-2.289000034E0
3.710374254E2,5.070000291E-1,1.144905090E1,2.596050024E0
3.710398691E2,-7.540500164E-1,1.107105064E1,3.280950069E0
3.710423127E2,2.269500047E-1,9.948000908E0,5.400000140E-2
3.710447562E2,3.484950066E0,9.330000877E0,-1.486950040E0
3.710471998E2,2.274000168E0,8.035050392E0,-4.023000240E0
3.710496435E2,4.420950413E0,7.939050198E0,-4.063950062E0
3.710520872E2,5.452950478E0,7.506000519E0,-5.170050144E0
3.710545306E2,3.490050077E0,7.312050343E0,-1.818000078E0
3.710569743E2,1.879050136E0,8.305950165E0,1.624050021E0
3.710594179E2,-1.170000061E-1,9.715950012E0,-2.760000229E-1
3.710618616E2,-1.471950054E0,9.286950111E0,5.440500379E-1
3.710643051E2,-7.249500155E-1,8.832000732E0,1.606950045E0
3.710667487E2,-8.805000782E-2,8.386950493E0,-1.660500020E-1
3.710691924E2,5.860500336E-1,8.995050430E0,5.950500369E-1
3.710716359E2,6.433050156E0,9.787950516E0,1.686000109E0
3.710740796E2,8.461050034E0,7.246950150E0,-7.981050491E0
3.710765232E2,3.940050125E0,7.678050518E0,-6.396000385E0
3.710789669E2,1.113000035E0,9.259050369E0,-6.130500436E-1
3.710814103E2,1.660950065E0,1.079805088E1,1.963950038E0
3.710838540E2,1.611000061E0,9.985950470E0,4.200000167E-1
3.710862976E2,1.096050024E0,9.357000351E0,-7.240500450E-1
3.710887413E2,1.444950104E0,9.546000481E0,-1.009500027E-1
3.710911848E2,3.487950087E0,9.856950760E0,-1.039950013E0
3.710936285E2,5.832000256E0,1.098000050E1,-5.641050339E0
3.710960721E2,3.969000101E0,9.615000725E0,-6.700050354E0
3.710985158E2,1.426050067E0,1.060905075E1,-4.890000224E-1
3.711009592E2,1.122000098E0,1.156905079E1,1.311000109E0
3.711034029E2,2.629500031E-1,1.273005104E1,1.950000077E-1
3.711058466E2,5.569500327E-1,1.005600071E1,1.525950074E0
3.711082902E2,6.169500351E-1,9.085950851E0,3.790500164E-1
3.711107337E2,2.980050087E0,8.575950623E0,3.120000064E-1
3.711131773E2,6.739050388E0,9.223050117E0,-6.748050213E0
3.711156210E2,8.559000015E0,8.428050041E0,-1.064805031E1
3.711180647E2,3.145050049E0,9.546000481E0,-6.601950169E0
3.711205082E2,1.242000103E0,9.520050049E0,1.641000032E0
3.711229518E2,-4.399500191E-1,1.194000053E1,4.348950386E0
3.711253955E2,1.399950027E0,9.168000221E0,3.013050079E0
3.711278390E2,5.037000179E0,9.117000580E0,-8.980500698E-1
3.711302826E2,4.972050190E0,7.887000561E0,-5.902050495E0
3.711327263E2,5.809950352E0,8.655000687E0,-5.584050179E0
3.711351700E2,6.976050377E0,7.887000561E0,-7.183050156E0
3.711376134E2,3.286950111E0,8.653050423E0,-4.401000023E0
3.711400570E2,2.890500128E-1,1.060905075E1,1.501950026E0
3.711425007E2,-1.281000018E0,1.045800018E1,3.051000118E0
3.711449444E2,-5.340000391E-1,9.457050323E0,-7.279500365E-1
3.711473879E2,2.863050222E0,1.060395050E1,3.525000095E0
3.711498316E2,4.660950184E0,9.048000336E0,-1.047000051E0
3.711522752E2,3.117000103E0,7.903050423E0,-3.079950094E0
3.711547189E2,6.691050529E0,9.136950493E0,-4.810950279E0
3.711571623E2,6.580950260E0,8.935050011E0,-7.072950363E0
3.711596059E2,2.233050108E0,9.646050453E0,-4.851000309E0
3.711620496E2,9.780000448E-1,1.008705044E1,1.155000091E0
3.711644931E2,3.660000265E-1,1.155000019E1,2.469000101E0
3.711669368E2,1.950000064E-3,9.256050110E0,8.820000291E-1
3.711693805E2,6.289500594E-1,9.544050217E0,1.207950115E0
3.711718241E2,2.416950226E0,8.928000450E0,1.924050093E0
3.711742678E2,4.029000282E0,7.603950500E0,-2.893050194E0
3.711767113E2,7.884000301E0,7.063050270E0,-7.609950542E0
3.711791549E2,4.966950417E0,7.441050529E0,-8.946000099E0
3.711815986E2,1.402050018E0,8.404050827E0,-2.209950209E0
3.711840420E2,-2.110500038E-1,9.871950150E0,3.726000071E0
3.711864857E2,-1.936950088E0,8.485050201E0,7.069500089E-1
3.711889293E2,-4.980000257E-1,9.352050781E0,5.470499992E-1
3.711913730E2,1.678050041E0,8.899050713E0,3.448950052E0
3.711938165E2,2.544000149E0,7.996950150E0,1.417950034E0
3.711962602E2,4.077000141E0,8.145000458E0,1.192950010E0
3.711987038E2,1.001895046E1,8.181000710E0,-6.325950146E0
3.712011473E2,5.559000492E0,8.245950699E0,-1.209900093E1
3.712035910E2,8.400000334E-1,9.440999985E0,-8.257950783E0
3.712060347E2,-3.300000131E-1,8.197950363E0,-3.450000286E-1
3.712084783E2,6.190500259E-1,9.888000488E0,3.511050224E0
3.712109220E2,2.082000017E0,8.943000793E0,2.215950012E0
3.712133654E2,4.314000130E0,9.022050858E0,1.147950053E0
3.712158090E2,3.502050161E0,8.131050110E0,-1.971000075E0
3.712182527E2,3.282000065E0,8.005949974E0,-2.653050184E0
3.712206962E2,5.002950191E0,9.064949989E0,-4.471050262E0
3.712231399E2,3.469050169E0,1.028595066E1,-6.076950073E0
3.712255835E2,5.190000534E-1,1.115505028E1,-1.972950101E0
3.712280272E2,5.400000140E-2,1.094895077E1,1.597950101E0
3.712304709E2,-3.730500042E-1,1.050600052E1,1.132950068E0
3.712329143E2,3.013950109E0,1.002000046E1,1.567050099E0
3.712353579E2,3.789000273E0,9.247050285E0,-2.071950197E0
3.712378016E2,2.203950167E0,6.718050480E0,-1.542000055E0
3.712402451E2,2.592000008E0,7.674000263E0,-1.360050082E0
3.712426888E2,5.527950287E0,8.855999947E0,-4.162050247E0
3.712451324E2,4.014000416E0,9.718050003E0,-5.754000187E0
3.712475761E2,7.320000529E-1,9.046050072E0,-1.317000031E0
3.712500195E2,2.479500175E-1,7.831950188E0,8.770500422E-1
3.712524632E2,-1.575000048E0,1.004400063E1,9.439500570E-1
3.712549069E2,-3.730500042E-1,7.741050243E0,-1.800000072E-1
3.712573503E2,1.819050074E0,8.350950241E0,2.898000240E0
3.712597940E2,3.202950239E0,6.651000500E0,1.651050091E0
3.712622376E2,7.186950207E0,6.211050510E0,-2.932950258E0
3.712646813E2,9.399000168E0,6.579000473E0,-9.288000107E0
3.712671250E2,4.819050312E0,8.422950745E0,-1.122705078E1
3.712695685E2,8.505000174E-2,8.397000313E0,-5.404050350E0
3.712720122E2,-3.001950026E0,7.137000561E0,2.794950247E0
3.712744558E2,-2.257950068E0,6.852000237E0,4.399050236E0
3.712768993E2,5.745000362E0,6.876000404E0,1.047000051E0
3.712793429E2,7.666050434E0,7.105950356E0,-2.743950129E0
3.712817866E2,3.732000113E0,6.249000072E0,-1.129500046E-1
3.712842302E2,3.888000250E0,8.137949944E0,4.849500358E-1
3.712866737E2,5.949000359E0,9.406949997E0,-4.312950134E0
3.712891174E2,2.914950132E0,1.033395004E1,-8.008950233E0
3.712915611E2,-4.159500301E-1,9.619950294E0,-3.622950077E0
3.712940047E2,-1.128000021E0,8.916000366E0,1.660050035E0
3.712964482E2,2.295000106E-2,9.000000000E0,2.505000122E-2
3.712988919E2,2.860050201E0,9.085950851E0,1.324950099E0
3.713013355E2,3.016050100E0,9.747000694E0,1.705950022E0
3.713037792E2,2.428950071E0,8.442000389E0,-5.250000358E-1
3.713062226E2,2.170950174E0,8.128950119E0,-1.510500014E-1
3.713086663E2,7.576950550E0,9.840000153E0,-2.316000223E0
3.713111099E2,4.789950371E0,1.083405018E1,-8.488050461E0
3.713135534E2,9.109500647E-1,1.126995087E1,-4.638000011E0
3.713159971E2,-1.650000066E-1,9.241950035E0,-3.880500197E-1
3.713184407E2,-2.850000262E-1,9.699000359E0,1.264950037E0
3.713208844E2,2.086950064E0,1.129395008E1,1.983000040E0
3.713233278E2,3.106950045E0,9.405000687E0,9.610500336E-1
3.713257715E2,2.797950029E0,7.968000412E0,-3.600000143E-1
3.713282152E2,2.863050222E0,9.232050896E0,2.689500153E-1
3.713306588E2,7.038000107E0,1.136595058E1,2.430000156E-1
3.713331023E2,5.748000145E0,1.133205032E1,-7.765050411E0
3.713355460E2,1.527000070E0,1.188300037E1,-4.641000271E0
3.713379896E2,-2.029500157E-1,1.020195007E1,-4.530000091E-1
3.713404333E2,1.810500026E-1,9.799950600E0,1.461000085E0
3.713428768E2,2.583000183E0,1.224195099E1,9.610500336E-1
3.713453204E2,4.957950115E0,1.134195042E1,-1.155000091E0
3.713477641E2,3.639000177E0,9.301950455E0,-1.624050021E0
3.713502077E2,2.797950029E0,9.754050255E0,-1.068000078E0
3.713526512E2,5.544000149E0,1.036995029E1,-3.463050127E0
3.713550949E2,4.338000298E0,1.190205097E1,-6.036000252E0
3.713575385E2,1.366050124E0,1.194705009E1,-1.878000140E0
3.713599822E2,8.470500112E-1,9.523950577E0,2.007000208E0
3.713624257E2,4.450500309E-1,9.502950668E0,5.440500379E-1
3.713648694E2,1.813950062E0,1.166700077E1,1.572000027E0
3.713673130E2,3.612000227E0,1.061400032E1,1.141050100E0
3.713697565E2,2.074949980E0,9.262950897E0,-2.707950115E0
3.713722001E2,1.207950115E0,7.984950542E0,-1.168950081E0
3.713746438E2,2.530050039E0,8.683950424E0,-3.465000153E0
3.713770874E2,3.679050207E0,1.011300087E1,-7.858950138E0
3.713795309E2,1.930950046E0,9.711000443E0,-5.530950069E0
3.713819746E2,3.390000165E-1,6.840000153E0,-4.950000439E-3
3.713844182E2,1.122000098E0,6.004950523E0,1.480950117E0
3.713868617E2,3.583050251E0,8.931000710E0,1.942950130E0
3.713893054E2,5.428950310E0,7.887000561E0,1.816050053E0
3.713917491E2,3.844050169E0,6.622950077E0,-4.390500188E-1
3.713941927E2,2.815050125E0,7.161000252E0,-2.590950012E0
3.713966364E2,5.214000225E0,6.690000534E0,-7.063950539E0
3.713990798E2,5.500950336E0,7.990050316E0,-1.011600018E1
3.714015235E2,3.030000210E0,8.602950096E0,-7.870050430E0
3.714039671E2,2.939999998E-1,8.643000603E0,-1.504050016E0
3.714064106E2,-1.192050099E0,7.984950542E0,5.067000389E0
3.714088543E2,2.410500050E-1,7.824000359E0,1.846950054E0
3.714112979E2,3.664950132E0,9.579000473E0,1.102050066E0
3.714137416E2,4.402050018E0,1.000800037E1,3.286050081E0
3.714161853E2,1.941000104E0,7.510950565E0,-3.670500219E-1
3.714186288E2,6.859500408E-1,8.775000572E0,-1.722000122E0
3.714210725E2,2.800950050E0,1.150200081E1,9.919500351E-1
3.714235161E2,4.699050426E0,1.205295086E1,-4.722000122E0
3.714259595E2,2.779050112E0,1.110900021E1,-4.305000305E0
3.714284032E2,7.489500642E-1,1.005795002E1,-1.849500090E-1
3.714308468E2,1.050000072E0,1.135395050E1,-3.400500119E-1
3.714332905E2,2.131950140E0,1.228305054E1,-7.830000520E-1
3.714357340E2,2.641950130E0,1.351095104E1,2.190000117E-1
3.714381777E2,2.365050077E0,1.161495018E1,4.395000264E-2
3.714406213E2,8.520000577E-1,1.019505024E1,-8.790000677E-1
3.714430650E2,2.832000017E0,1.108995056E1,6.690000296E-1
3.714455085E2,4.627050400E0,1.230900097E1,-6.288000107E0
3.714479521E2,4.278000355E0,1.215600014E1,-8.136000633E0
3.714503957E2,1.906950116E0,9.840000153E0,-4.188000202E0
3.714528392E2,9.930000305E-1,7.792950153E0,1.252950072E0
3.714552829E2,2.563050032E0,9.465000153E0,1.591050029E0
3.714577266E2,3.448950052E0,1.058505058E1,1.129050016E0
3.714601702E2,2.712000132E0,8.196000099E0,1.330500096E-1
3.714626137E2,1.543950081E0,6.394950390E0,1.011000037E0
3.714650574E2,2.061000109E0,6.273000240E0,1.545000076E0
3.714675010E2,4.575000286E0,8.404050827E0,-6.349500418E-1
3.714699447E2,5.182950020E0,9.157950401E0,-3.160950184E0
3.714723882E2,2.034000158E0,8.217000008E0,-4.305000305E0
3.714748319E2,4.210500121E-1,6.294000149E0,2.860500216E-1
3.714772755E2,-6.000000238E-2,7.072950363E0,1.378050089E0
3.714797189E2,1.810500026E-1,9.606000900E0,2.380500138E-1
3.714821626E2,1.297050118E0,9.934050560E0,5.899500251E-1
3.714846063E2,1.239000082E0,9.322950363E0,-6.370500326E-1
3.714870499E2,2.223000050E0,7.234950542E0,-2.639999986E-1
3.714894936E2,4.137000084E0,7.800000191E0,-3.280950069E0
3.714919371E2,6.258000374E0,1.006095028E1,-5.779950142E0
3.714943808E2,3.093000174E0,1.070205021E1,-4.606950283E0
3.714968244E2,8.830500245E-1,9.591000557E0,9.160500169E-1
3.714992679E2,6.379500031E-1,9.088950157E0,1.669950128E0
3.715017116E2,7.009500265E-1,1.046805096E1,-1.609500051E-1
3.715041552E2,1.879050136E0,1.228995037E1,9.589500427E-1
3.715065989E2,2.728950024E0,1.244100094E1,1.890000105E0
3.715090426E2,2.125050068E0,9.594000816E0,1.800000072E-1
3.715114860E2,1.321050048E0,9.603000641E0,-1.798950076E0
3.715139297E2,1.777950048E0,1.170105076E1,7.720500231E-1
3.715163733E2,5.326050282E0,1.180395031E1,-3.484050274E0
3.715188168E2,2.671050072E0,1.125105095E1,-7.542000294E0
3.715212605E2,1.456950068E0,8.593050003E0,-4.293000221E0
3.715237041E2,7.990500331E-1,8.740950584E0,4.605000094E-2
3.715261478E2,2.632950068E0,1.006500053E1,1.983000040E0
3.715285913E2,5.053950310E0,1.086795044E1,1.105050087E0
3.715310350E2,3.448950052E0,8.701050758E0,-3.120000064E-1
3.715334786E2,2.086950064E0,7.578000546E0,-1.267050028E0
3.715359223E2,1.891050100E0,6.024000168E0,-2.658000231E0
3.715383657E2,3.691050291E0,7.542000294E0,-4.353000164E0
3.715408093E2,4.467000008E0,9.376049995E0,-5.400000095E0
3.715432530E2,2.434050083E0,7.129950523E0,-3.985050201E0
3.715456965E2,4.450500309E-1,6.757050514E0,7.890000343E-1
3.715481402E2,8.299500346E-1,6.582000256E0,3.540000200E0
3.715505839E2,2.607000113E0,8.569050789E0,1.866000056E0
3.715530275E2,4.432950020E0,8.503950119E0,1.461000085E0
3.715554712E2,2.821950197E0,6.057000160E0,-2.221950054E0
3.715579147E2,1.134000063E0,5.377050400E0,-1.605000019E0
3.715603583E2,1.953000069E0,6.081000328E0,-1.783950090E0
3.715628020E2,4.812000275E0,8.430000305E0,-3.324000120E0
3.715652454E2,5.250000477E0,1.046505070E1,-4.087950230E0
3.715676891E2,2.488950014E0,9.838050842E0,-5.749500394E-1
3.715701328E2,6.619500518E-1,8.916000366E0,1.453950047E0
3.715725765E2,8.805000782E-2,8.904000282E0,-1.168950081E0
3.715750199E2,-4.069500268E-1,1.226805019E1,-2.100000143E0
3.715774636E2,5.205000192E-2,1.229205036E1,6.670500040E-1
3.715799072E2,-1.319999993E-1,1.045605087E1,-3.070500195E-1
3.715823509E2,5.620500445E-1,9.820950508E0,-2.950500250E-1
3.715847944E2,1.510050058E0,1.025205040E1,2.505000122E-2
3.715872381E2,2.434050083E0,1.386795044E1,-3.739500046E-1
3.715896817E2,3.379950047E0,1.430595112E1,2.830500007E-1
3.715921254E2,2.743050098E0,1.127205086E1,1.710000038E0
3.715945688E2,1.993950129E0,1.003200054E1,2.251950026E0
3.715970125E2,1.512000084E0,9.760950089E0,1.311000109E0
3.715994561E2,1.716000080E0,1.118595028E1,1.177050114E0
3.716018996E2,1.855050087E0,1.170300102E1,1.300950050E0
3.716043433E2,1.488000035E0,8.655000687E0,1.276950002E0
3.716067869E2,1.170000076E0,7.683000565E0,6.599999964E-2
3.716092306E2,1.026000023E0,8.722050667E0,-1.237950087E0
3.716116743E2,7.263000488E0,9.526950836E0,-1.360050082E0
3.716141178E2,6.813000202E0,9.691950798E0,-1.360500050E1
3.716165614E2,3.885000229E0,8.212050438E0,-1.325295067E1
3.716190051E2,1.156050086E0,6.448050499E0,-6.637050152E0
3.716214485E2,1.000050068E0,6.856950283E0,-2.539499998E-1
3.716238922E2,1.809000134E0,8.788949966E0,4.890000343E0
3.716263358E2,2.733000040E0,8.482950211E0,2.407050133E0
3.716287795E2,3.490050077E0,7.573050499E0,2.527050018E0
3.716312232E2,3.138000250E0,7.425000191E0,2.686950207E0
3.716336667E2,2.556000233E0,7.698000431E0,1.252950072E0
3.716361103E2,2.520000219E0,1.038405037E1,-1.164000034E0
3.716385540E2,4.615050316E0,1.070205021E1,-3.441000223E0
3.716409975E2,2.641950130E0,9.237000465E0,-6.658950329E0
3.716434411E2,8.040000200E-1,8.824950218E0,-4.935000420E0
3.716458848E2,0.000000000E0,8.398950577E0,-1.075950027E0
3.716483285E2,1.516950130E0,1.120005035E1,7.770000100E-1
3.716507719E2,2.347950220E0,1.252695084E1,-1.819500029E-1
3.716532155E2,2.434050083E0,1.000995064E1,-5.320500135E-1
3.716556592E2,1.881000042E0,8.707950592E0,4.270500243E-1
3.716581027E2,1.540950060E0,9.103050232E0,-2.400000095E-1
3.716605464E2,1.495950103E0,1.063095093E1,-7.570500374E-1
3.716629900E2,2.512950182E0,1.117395020E1,5.010000467E-1
3.716654336E2,3.028050184E0,1.048905087E1,1.710000038E0
3.716678771E2,2.733000040E0,9.295050621E0,1.921050072E0
3.716703208E2,2.776950121E0,8.832000732E0,1.645950079E0
3.716727644E2,2.395950079E0,1.039095020E1,-4.738950253E0
3.716752081E2,1.326000094E0,1.055205059E1,-4.861050129E0
3.716776516E2,7.890000343E-1,1.055595016E1,-3.736050129E0
3.716800953E2,1.009950042E0,8.962050438E0,-8.700000644E-1
3.716825389E2,2.458050013E0,8.959050179E0,3.700500131E-1
3.716849826E2,3.658050060E0,9.691950798E0,-1.150500029E-1
3.716874260E2,5.427000046E0,1.048395061E1,-1.236000061E0
3.716898697E2,5.437050343E0,1.015605068E1,-3.682950258E0
3.716923133E2,3.531000137E0,1.051305008E1,-5.541000366E0
3.716947568E2,2.020050049E0,1.048005009E1,-3.171000242E0
3.716972005E2,1.789950132E0,1.007295036E1,1.399500072E-1
3.716996442E2,2.158950090E0,1.115700054E1,8.370000124E-1
3.717020878E2,2.596950054E0,1.124100018E1,1.126049995E0
3.717045315E2,3.901950121E0,9.757050514E0,-1.657050133E0
3.717069749E2,2.599050045E0,9.352050781E0,-3.561000109E0
3.717094186E2,4.639500082E-1,9.982050896E0,-7.279500365E-1
3.717118623E2,3.660000265E-1,9.103050232E0,-8.205000311E-2
3.717143057E2,5.929500461E-1,1.054200077E1,-1.102050066E0
3.717167494E2,1.789950132E0,1.124595070E1,6.019500494E-1
3.717191930E2,2.053050041E0,9.715950012E0,1.054050088E0
3.717216367E2,1.966950059E0,8.101950645E0,4.630500078E-1
3.717240802E2,2.401050091E0,8.302950859E0,2.190000117E-1
3.717265239E2,1.930950046E0,8.914050102E0,-2.859000206E0
3.717289675E2,1.582050085E0,8.643000603E0,-2.203050137E0
3.717314109E2,1.357050061E0,8.215050697E0,-6.880500317E-1
3.717338546E2,2.451000214E0,8.659950256E0,-4.950000439E-3
3.717362983E2,3.576000214E0,8.458950043E0,-6.570000052E-1
3.717387419E2,4.447950363E0,9.349950790E0,-8.620500565E-1
3.717411856E2,5.008050442E0,9.844950676E0,-3.337950230E0
3.717436291E2,3.709950209E0,1.026195049E1,-4.552050114E0
3.717460727E2,2.736000061E0,1.016100025E1,-4.873050213E0
3.717485164E2,1.765950084E0,9.157950401E0,-2.613000154E0
3.717509598E2,1.522050023E0,9.426000595E0,5.440500379E-1
3.717534035E2,2.281050205E0,9.960000038E0,3.480000198E-1
3.717558471E2,3.562050104E0,1.026195049E1,-2.329500169E-1
3.717582908E2,3.574050188E0,9.807000160E0,-2.610000134E0
3.717607345E2,1.977000117E0,9.589050293E0,-2.503050089E0
3.717631780E2,8.040000200E-1,1.084800053E1,7.500000298E-2
3.717656216E2,7.560000420E-1,1.143495083E1,-3.690000176E-1
3.717680653E2,2.271000147E0,1.111395073E1,7.995000482E-2
3.717705088E2,4.603050232E0,1.085100079E1,-3.433950186E0
3.717729525E2,4.807050228E0,9.571950912E0,-4.849050045E0
3.717753961E2,2.932050228E0,1.005105019E1,-4.578000069E0
3.717778398E2,1.309050083E0,1.034295082E1,-3.910500109E-1
3.717802832E2,1.539000034E0,9.946050644E0,1.995000124E0
3.717827269E2,1.135950089E0,1.050405025E1,-2.160000056E-1
3.717851706E2,6.859500408E-1,9.268050194E0,8.580000401E-1
3.717876142E2,8.130000234E-1,9.265950203E0,1.203000069E0
3.717900577E2,1.729950070E0,9.354000092E0,2.670000196E-1
3.717925013E2,2.815050125E0,9.820950508E0,-7.950000465E-3
3.717949450E2,2.800950050E0,9.979050636E0,-3.070500195E-1
3.717973887E2,2.379000187E0,9.370950699E0,1.780500114E-1
3.717998322E2,1.492950082E0,8.919000626E0,6.790500283E-1
3.718022758E2,1.024049997E0,8.196000099E0,-1.780500114E-1
3.718047195E2,3.510000110E-1,6.934050560E0,-2.845050097E0
3.718071629E2,1.441050053E0,7.726050377E0,-2.767950058E0
3.718096066E2,3.277050257E0,7.831950188E0,-3.372000217E0
3.718120502E2,4.347000122E0,8.152050018E0,-2.887950182E0
3.718144939E2,2.437050104E0,8.299050331E0,-6.280500293E-1
3.718169374E2,1.309050083E0,7.798050404E0,1.335000038E0
3.718193810E2,1.467000127E0,8.634000778E0,1.102050066E0
3.718218248E2,2.824050188E0,9.475950241E0,1.057050109E0
3.718242684E2,3.298950195E0,7.882050514E0,-3.301950216E0
3.718267119E2,3.457050085E0,6.369000435E0,-6.349950314E0
3.718291555E2,3.136050224E0,6.088950157E0,-6.721050262E0
3.718315992E2,2.037000179E0,6.916950226E0,-4.107000351E0
3.718340428E2,9.330000281E-1,8.301000595E0,1.102050066E0
3.718364863E2,9.379500151E-1,8.677050591E0,3.877050161E0
3.718389300E2,2.058000088E0,7.870050430E0,9.280500412E-1
3.718413736E2,3.342000246E0,7.720950603E0,2.227950096E0
3.718438171E2,4.656000137E0,7.168050289E0,-2.773050070E0
3.718462608E2,3.780000210E0,7.978050232E0,-4.774950027E0
3.718487044E2,2.760000229E0,1.017600060E1,-5.349000454E0
3.718511481E2,3.198000193E0,9.330000877E0,-5.221950054E0
3.718535918E2,4.234950066E0,9.241950035E0,-3.628050089E0
3.718560352E2,2.926950216E0,9.321000099E0,-9.460500479E-1
3.718584788E2,1.990950108E0,1.006095028E1,2.083950043E0
3.718609225E2,1.455000043E0,1.045605087E1,1.810950041E0
3.718633660E2,1.026000023E0,1.059000015E1,-9.700500369E-1
3.718658097E2,1.033950090E0,9.871950150E0,3.499500155E-1
3.718682533E2,1.170000076E0,9.163050652E0,4.030500054E-1
3.718706970E2,1.831050038E0,9.409049988E0,-1.075950027E0
3.718731405E2,2.479950190E0,9.679950714E0,-7.639500499E-1
3.718755842E2,2.463000059E0,1.045800018E1,-1.755000114E0
3.718780278E2,1.873950124E0,1.139895058E1,-1.249950051E0
3.718804712E2,1.171950102E0,1.173900032E1,-1.609500051E-1
3.718829149E2,5.260500312E-1,1.172505093E1,-4.720500112E-1
3.718853585E2,2.820000052E-1,1.089600086E1,2.950500250E-1
3.718878022E2,5.980500579E-1,1.137300014E1,1.279500127E-1
3.718902459E2,9.640500546E-1,1.149195099E1,-7.789500356E-1
3.718926894E2,8.899500370E-1,1.172700024E1,-6.330000162E-1
3.718951331E2,8.440500498E-1,1.084800053E1,-1.200000010E-2
3.718975767E2,1.014000058E0,1.007295036E1,7.005000114E-2
3.719000202E2,1.492950082E0,9.795000076E0,6.760500073E-1
3.719024639E2,2.293050051E0,1.042500019E1,5.595000088E-2
3.719049075E2,3.034950256E0,1.037700081E1,4.219500124E-1
3.719073511E2,3.837000132E0,9.940950394E0,1.063950062E0
3.719097948E2,6.193050385E0,8.919000626E0,9.799500704E-1
3.719122383E2,4.299000263E0,8.884950638E0,-8.047950745E0
3.719146820E2,2.398050070E0,8.035050392E0,-7.770000458E0
3.719171254E2,1.000050068E0,6.852000237E0,-4.921050072E0
3.719195691E2,7.459500432E-1,7.132050514E0,-1.132950068E0
3.719220128E2,-2.340000123E-1,8.433000565E0,3.013050079E0
3.719244564E2,4.660500288E-1,6.951000214E0,1.666950107E0
3.719269001E2,3.516000271E0,7.312050343E0,1.660050035E0
3.719293435E2,3.765000105E0,6.847950459E0,2.620500028E-1
3.719317872E2,3.600000143E0,7.540050507E0,6.619500518E-1
3.719342309E2,3.607050180E0,9.424050331E0,-1.351050019E0
3.719366743E2,3.958950281E0,8.952000618E0,-5.436000347E0
3.719391180E2,4.414050102E0,6.820950508E0,-9.618000031E0
3.719415616E2,3.880050182E0,4.990050316E0,-1.001295090E1
3.719440053E2,2.227950096E0,4.019999981E0,-7.813050270E0
3.719464488E2,1.855050087E0,5.047050476E0,-2.401950121E0
3.719488925E2,1.812000036E0,5.623950481E0,2.449950218E0
3.719513361E2,2.692950010E0,5.416050434E0,3.765000105E0
3.719537798E2,4.471950054E0,5.386950493E0,2.131950140E0
3.719562232E2,4.873950005E0,5.731950283E0,-7.470000386E-1
3.719586669E2,2.215950012E0,6.334950447E0,-3.205950260E0
3.719611105E2,2.359500080E-1,7.096950531E0,-2.107050180E0
3.719635542E2,-2.539499998E-1,7.111050129E0,-1.653000116E0
3.719659977E2,2.142000198E0,6.286950111E0,-2.874000072E0
3.719684414E2,4.741950035E0,5.746050358E0,-4.018050194E0
3.719708850E2,3.622050285E0,5.791950226E0,-2.898000240E0
3.719733285E2,1.126950026E0,6.670050144E0,-5.100000277E-2
3.719757721E2,1.980000138E-1,7.843950272E0,1.986000061E0
3.719782158E2,8.200500607E-1,9.055050850E0,-5.179499984E-1
3.719806594E2,1.696950078E0,1.014495087E1,5.470499992E-1
3.719831029E2,2.305050135E0,1.054695034E1,1.469999999E-1
3.719855466E2,2.773950100E0,1.060395050E1,1.305000018E-2
3.719879903E2,2.299950123E0,9.733050346E0,-3.859500289E-1
3.719904339E2,2.197050095E0,1.132200050E1,-2.548050165E0
3.719928774E2,2.355000019E0,1.350795078E1,-1.489950061E0
3.719953211E2,2.226000071E0,1.379295063E1,-7.500000298E-2
3.719977647E2,1.282950044E0,1.291905022E1,-7.500000596E-1
3.720002084E2,1.048050046E0,1.317795086E1,5.400000140E-2
3.720026518E2,1.423950076E0,1.413795090E1,-2.160000056E-1
3.720050955E2,1.384950042E0,1.360200024E1,-3.120000064E-1
3.720075391E2,9.880500436E-1,1.314495087E1,-2.830500007E-1
3.720099828E2,8.320500255E-1,1.493805027E1,1.588050127E0
3.720124263E2,-4.980000257E-1,1.558200073E1,8.290500641E-1
3.720148700E2,1.309500039E-1,1.391805077E1,2.740500271E-1
3.720173136E2,1.732950091E0,1.469100094E1,2.730000019E0
3.720197573E2,3.603000164E0,1.330305099E1,2.077050209E0
3.720222008E2,4.528950214E0,1.230900097E1,3.303000212E0
3.720246444E2,4.735050201E0,1.109700012E1,3.112950087E0
3.720270881E2,4.528950214E0,1.037205029E1,4.555050373E0
3.720295317E2,4.018949986E0,9.598950386E0,3.520950079E0
3.720319752E2,2.805000067E0,9.493050575E0,1.243950009E0
3.720344188E2,3.688950062E0,1.006095028E1,2.910000086E-1
3.720368625E2,3.459000111E0,9.385950089E0,-1.372500038E1
3.720393060E2,1.741950035E0,8.338950157E0,-1.358100033E1
3.720417497E2,3.705000132E-2,9.085950851E0,-8.497950554E0
3.720441933E2,5.119500160E-1,8.433000565E0,-7.669500113E-1
3.720466370E2,1.591050029E0,9.400050163E0,8.389500380E-1
3.720490807E2,1.807050109E0,9.618000031E0,1.938000083E0
3.720515242E2,1.141050100E0,8.281949997E0,6.160500050E-1
3.720539678E2,1.516950130E0,1.032600021E1,2.101050138E0
3.720564115E2,3.349050045E0,1.067400074E1,3.135000229E0
3.720588549E2,6.615000248E0,9.019050598E0,-1.312950015E0
3.720612986E2,4.986000061E0,9.723000526E0,-1.890000105E0
3.720637422E2,3.202950239E0,1.243305016E1,-1.351050019E0
3.720661859E2,1.756950140E0,1.109700012E1,-6.858000278E0
3.720686294E2,2.220000178E-1,1.159305096E1,-4.155000210E0
3.720710730E2,4.369500279E-1,1.084395027E1,-1.450950027E0
3.720735167E2,6.379500031E-1,1.044405079E1,-7.200000435E-2
3.720759604E2,2.013000011E0,1.114995098E1,3.550500274E-1
3.720784038E2,3.130950212E0,1.035795021E1,-1.119000077E0
3.720808475E2,2.947050095E0,9.955050468E0,-1.750500053E-1
3.720832911E2,1.905000091E0,9.369000435E0,7.800000161E-2
3.720857348E2,2.149049997E0,9.337950706E0,-6.300000101E-2
3.720881783E2,4.390050411E0,1.023300076E1,-3.661050081E0
3.720906219E2,5.953950405E0,1.001805019E1,-6.118050098E0
3.720930656E2,4.687050343E0,9.706050873E0,-6.123000145E0
3.720955091E2,2.869950056E0,9.169950485E0,-3.364050150E0
3.720979528E2,1.696950078E0,9.156000137E0,9.000000358E-2
3.721003964E2,1.237050056E0,1.084095097E1,1.642950058E0
3.721028401E2,3.490500152E-1,9.445050240E0,2.809050083E0
3.721052835E2,2.322000027E0,8.131050110E0,2.359050035E0
3.721077272E2,4.390050411E0,8.272050858E0,-1.930050135E0
3.721101708E2,4.989000320E0,7.591950417E0,-4.858050346E0
3.721126145E2,3.685950279E0,9.345000267E0,-5.919000149E0
3.721150580E2,1.993950129E0,9.759000778E0,-5.209950447E0
3.721175017E2,1.266000032E0,9.108000755E0,-3.448050261E0
3.721199453E2,2.044049978E0,7.707000256E0,-1.525950074E0
3.721223890E2,3.246000051E0,6.787950516E0,-1.269000053E0
3.721248324E2,2.791050196E0,7.233000278E0,-1.597050071E0
3.721272761E2,1.170000076E0,6.934050560E0,-1.660500020E-1
3.721297197E2,1.201050043E0,6.250950336E0,1.311000109E0
3.721321632E2,6.859500408E-1,7.341000557E0,9.040500522E-1
3.721346069E2,5.040000081E-1,6.690000534E0,-1.680000126E-1
3.721370506E2,1.624950051E0,6.922050476E0,1.224000096E0
3.721394942E2,2.209050179E0,7.546950340E0,1.129050016E0
3.721419379E2,2.779050112E0,7.483950138E0,1.042050004E0
3.721443813E2,4.648950100E0,6.970050335E0,1.801050067E0
3.721468250E2,5.592000484E0,6.637050152E0,-3.637050152E0
3.721492687E2,4.824000359E0,7.149000168E0,-7.504050255E0
3.721517122E2,3.564000130E0,7.420050144E0,-9.475050926E0
3.721541558E2,1.639050126E0,7.657050133E0,-7.011000156E0
3.721565995E2,1.785000086E0,7.618950367E0,-2.095050097E0
3.721590432E2,1.881000042E0,9.001950264E0,1.669950128E0
3.721614866E2,7.890000343E-1,9.466950417E0,2.943000078E0
3.721639303E2,3.799500167E-1,9.607950211E0,5.989500284E-1
3.721663739E2,1.014000058E0,9.928950310E0,0.000000000E0
3.721688176E2,1.504950047E0,1.168605042E1,1.437000036E0
3.721712611E2,2.970000029E0,1.190700054E1,3.390000165E-1
3.721737048E2,2.512950182E0,1.119300079E1,-1.492050052E0
3.721761484E2,2.700000048E0,1.071195030E1,6.000000052E-3
3.721785921E2,2.398050070E0,1.041705036E1,-1.369500011E-1
3.721810356E2,1.693950057E0,1.026195049E1,-5.059500337E-1
3.721834792E2,1.527000070E0,1.073805046E1,-4.120500088E-1
3.721859229E2,2.146950006E0,1.122900009E1,6.330000162E-1
3.721883666E2,4.453050137E0,1.254405022E1,-1.405950069E0
3.721908100E2,3.085050106E0,1.331205082E1,-4.614000320E0
3.721932537E2,1.776000142E0,1.450200081E1,-3.709050179E0
3.721956973E2,1.189050078E0,1.365000057E1,-1.123050094E0
3.721981410E2,7.150500417E-1,1.284495068E1,-3.550500274E-1
3.722005844E2,1.000500023E-1,1.254600048E1,1.500000060E-2
3.722030281E2,-4.000500143E-1,1.025505066E1,8.920500278E-1
3.722054716E2,-9.600000083E-2,9.040950775E0,3.940500319E-1
3.722079153E2,1.540950060E0,9.096000671E0,1.248000026E0
3.722103589E2,3.354000092E0,8.011050224E0,-4.309500158E-1
3.722128026E2,4.231950283E0,7.225950241E0,-4.273950100E0
3.722152463E2,5.680950165E0,7.015050411E0,-5.280000210E0
3.722176897E2,4.273050308E0,7.137000561E0,-4.798950195E0
3.722201333E2,2.757000208E0,6.951000214E0,-3.115050077E0
3.722225770E2,1.977000117E0,7.908000469E0,-2.929500043E-1
3.722250205E2,1.885950089E0,8.173950195E0,6.349500418E-1
3.722274642E2,1.345050097E0,8.677050591E0,2.503050089E0
3.722299079E2,4.210500121E-1,8.488050461E0,1.501950026E0
3.722323515E2,2.869500220E-1,8.955000877E0,8.389500380E-1
3.722347952E2,1.066950083E0,8.097000122E0,1.918950081E0
3.722372386E2,1.632000089E0,7.240050316E0,1.102050066E0
3.722396823E2,1.777950048E0,6.405000210E0,-1.870500147E-1
3.722421260E2,1.624950051E0,6.453000069E0,-3.880500197E-1
3.722445694E2,1.555050015E0,6.787950516E0,1.500000060E-2
3.722470131E2,1.773000121E0,6.622950077E0,-1.942050099E0
3.722494567E2,2.539950132E0,8.080950737E0,-3.930000305E0
3.722519004E2,3.330000162E0,8.690999985E0,-2.524050236E0
3.722543441E2,3.139950037E0,1.020705032E1,-3.790500164E-1
3.722567875E2,2.353049994E0,1.075695038E1,1.495050073E0
3.722592312E2,2.009999990E0,1.155705070E1,-2.895000204E-2
3.722616746E2,9.810000658E-1,1.333605099E1,-8.070000410E-1
3.722641183E2,-1.650000066E-1,1.177995014E1,4.060500264E-1
3.722665620E2,-8.140500188E-1,1.065705013E1,3.360000253E-1
3.722690056E2,3.750000298E-1,1.055595016E1,8.410500288E-1
3.722714491E2,2.235000134E0,1.224000072E1,1.011000037E0
3.722738928E2,4.797000408E0,1.196205044E1,-1.096950054E0
3.722763364E2,4.182000160E0,1.084800053E1,-4.939950466E0
3.722787801E2,3.672000170E0,1.154505062E1,-5.811000347E0
3.722812236E2,1.441050053E0,1.140600014E1,-3.324000120E0
3.722836673E2,4.230000079E-1,1.065405083E1,-1.495050073E0
3.722861109E2,8.080500364E-1,1.077405071E1,3.000000119E-1
3.722885546E2,2.281050205E0,1.198800087E1,1.192950010E0
3.722909981E2,3.988050222E0,1.346100044E1,7.429500222E-1
3.722934417E2,4.468950272E0,1.408800030E1,8.890500665E-1
3.722958854E2,4.479000092E0,1.399200058E1,1.255950093E0
3.722983291E2,4.254000187E0,1.504095078E1,1.026000023E0
3.723007725E2,3.243000269E0,1.518405056E1,8.719500303E-1
3.723032162E2,2.335950136E0,1.396305084E1,-1.618950129E0
3.723056598E2,1.453050017E0,1.157595062E1,-4.626000404E0
3.723081035E2,2.190000117E-1,9.685050011E0,-3.739950180E0
3.723105470E2,-6.000000238E-2,7.348050117E0,-1.075950027E0
3.723129906E2,3.000000119E-2,6.091050148E0,1.260000110E0
3.723154343E2,4.039500058E-1,7.647000313E0,-8.380500674E-1
3.723178777E2,1.414050102E0,9.627000809E0,-9.730500579E-1
3.723203214E2,3.105000257E0,1.088205051E1,-6.300000101E-2
3.723227650E2,4.069050312E0,1.132500076E1,1.060500070E-1
3.723252087E2,4.278000355E0,1.273800087E1,2.505000122E-2
3.723276524E2,4.054950237E0,1.446105099E1,2.247000217E0
3.723300959E2,3.646050215E0,1.482795048E1,3.525000095E0
3.723325395E2,2.757000208E0,1.430595112E1,3.015000105E0
3.723349832E2,2.440950155E0,1.338405037E1,2.680050135E0
3.723374266E2,2.872050047E0,1.273305035E1,3.211950064E0
3.723398703E2,2.752950191E0,1.263900089E1,3.019950151E0
3.723423139E2,3.895050287E0,1.234500027E1,-2.811000109E0
3.723447576E2,3.622050285E0,1.249605083E1,-1.341795063E1
3.723472011E2,1.030950069E0,1.350795078E1,-9.456000328E0
3.723496447E2,1.330500096E-1,1.429095078E1,-6.180000305E0
3.723520884E2,1.852050066E0,1.394205093E1,4.180500209E-1
3.723545321E2,3.495000124E0,1.630500031E1,2.014950037E0
3.723569756E2,3.720000267E0,1.664295006E1,-2.895000204E-2
3.723594193E2,3.907050133E0,1.570605087E1,8.170500398E-1
3.723618629E2,4.002000332E0,1.668600082E1,4.969500303E-1
3.723643066E2,3.069000244E0,1.659705162E1,8.479500413E-1
3.723667500E2,1.560000062E0,1.593900108E1,1.459050059E0
3.723691936E2,-1.750500053E-1,1.762200165E1,9.439500570E-1
3.723716373E2,-1.105949998E0,1.565400028E1,7.579500079E-1
3.723740808E2,-7.660500407E-1,1.420305061E1,2.863950253E0
3.723765245E2,6.480000019E-1,1.440900040E1,1.818000078E0
3.723789681E2,1.723050117E0,1.546200085E1,2.194050074E0
3.723814118E2,2.086950064E0,1.492800045E1,1.629000068E0
3.723838552E2,2.419950008E0,1.457595062E1,7.669500113E-1
3.723862989E2,3.046950102E0,1.397295094E1,3.480000198E-1
3.723887426E2,3.208050251E0,1.365000057E1,1.734000087E0
3.723911862E2,3.724950075E0,1.326900101E1,9.490500689E-1
3.723936297E2,4.627050400E0,1.315200043E1,-8.205000311E-2
3.723960734E2,6.988050461E0,1.183200073E1,-5.638950348E0
3.723985170E2,4.113000393E0,1.222995090E1,-9.988950729E0
3.724009607E2,2.797950029E0,1.186800098E1,-7.444050312E0
3.724034042E2,2.197050095E0,1.052505016E1,-2.095050097E0
3.724058478E2,2.616000175E0,1.105200100E1,1.569000125E0
3.724082915E2,2.254950047E0,1.020000076E1,1.300950050E0
3.724107349E2,2.061000109E0,8.112000465E0,8.560500145E-1
3.724131786E2,2.716950178E0,7.966050148E0,6.259500384E-1
3.724156223E2,4.266000271E0,7.639950275E0,-1.327050090E0
3.724180659E2,5.110950470E0,6.982050419E0,-3.091950178E0
3.724205096E2,5.608950138E0,7.173000336E0,-3.589950085E0
3.724229531E2,5.065050125E0,6.603000164E0,-6.952950478E0
3.724253967E2,3.241050243E0,6.409050465E0,-5.992950439E0
3.724278404E2,2.977950096E0,7.200000286E0,-1.213950038E0
3.724302839E2,2.046000004E0,8.614950180E0,1.845000029E0
3.724327276E2,1.965000153E0,8.039999962E0,2.457000017E0
3.724351712E2,3.921000242E0,7.846050262E0,1.912050128E0
3.724376149E2,4.540950298E0,7.795950413E0,-7.279500365E-1
3.724400583E2,2.656950235E0,8.583000183E0,-3.960000277E-1
3.724425020E2,1.147950053E0,8.479949951E0,-1.023000002E0
3.724449456E2,9.000000358E-2,7.747950554E0,-5.820000172E-1
3.724473893E2,-1.840500087E-1,6.859950542E0,3.270000219E-1
3.724498328E2,8.299500346E-1,5.856000423E0,-7.759500146E-1
3.724522765E2,2.202000141E0,5.476050377E0,-1.822950125E0
3.724547201E2,2.587050200E0,5.907000065E0,-1.978050113E0
3.724571638E2,2.350050211E0,7.426950455E0,-4.390500188E-1
3.724596072E2,2.070000172E0,8.764950752E0,3.940500319E-1
3.724620508E2,1.978950143E0,8.899050713E0,-5.580000281E-1
3.724644945E2,1.239000082E0,9.376049995E0,-7.399500608E-1
3.724669380E2,8.640000224E-1,9.960000038E0,-1.032000065E0
3.724693817E2,9.349500537E-1,1.051095009E1,8.440500498E-1
3.724718253E2,1.072050095E0,9.855000496E0,3.390000165E-1
3.724742690E2,1.411950111E0,9.619950294E0,7.500000298E-2
3.724767127E2,1.675050020E0,8.866050720E0,5.320500135E-1
3.724791561E2,1.579050064E0,8.430000305E0,3.070500195E-1
3.724815998E2,1.603050113E0,7.798050404E0,6.040500402E-1
3.724840433E2,1.690050125E0,6.922050476E0,6.450000405E-1
3.724864869E2,1.690050125E0,6.429000378E0,2.479500175E-1
3.724889307E2,3.016050100E0,6.261000156E0,1.260000110E0
3.724913743E2,5.793000221E0,5.143050194E0,-5.740050316E0
3.724938180E2,3.829950094E0,5.650050163E0,-8.665050507E0
3.724962614E2,2.857950211E0,5.755950451E0,-6.628050327E0
3.724987050E2,2.917950153E0,5.658000469E0,-2.650950193E0
3.725011487E2,4.113000393E0,7.470000267E0,7.740000486E-1
3.725035924E2,3.166950226E0,9.067049980E0,1.576050043E0
3.725060359E2,2.121000051E0,9.000000000E0,1.794000030E0
3.725084796E2,1.591050029E0,9.007050514E0,2.137050152E0
3.725109232E2,2.551050186E0,7.506000519E0,3.100500107E-1
3.725133669E2,2.632950068E0,6.450000286E0,-5.295000225E-2
3.725158103E2,2.334000111E0,6.421050072E0,-3.810000122E-1
3.725182540E2,2.896050215E0,4.810050011E0,-4.083000183E0
3.725206977E2,2.917950153E0,4.501049995E0,-4.339050293E0
3.725231411E2,2.464950085E0,4.434000015E0,-2.782950163E0
3.725255848E2,1.848000050E0,4.951050282E0,-6.300000548E-1
3.725280284E2,1.833000064E0,5.776950359E0,1.804050088E0
3.725304721E2,2.752950191E0,6.426000118E0,4.530000091E-1
3.725329156E2,3.274950266E0,6.426000118E0,8.149500489E-1
3.725353592E2,3.727050066E0,7.360050201E0,5.610000491E-1
3.725378029E2,3.208050251E0,8.113950729E0,-1.987950087E0
3.725402463E2,2.322000027E0,8.491950035E0,-2.232000113E0
3.725426900E2,1.768950105E0,8.761050224E0,-2.629050016E0
3.725451336E2,1.747050047E0,8.911050797E0,-1.995000124E0
3.725475773E2,1.515000105E0,9.004950523E0,-1.054050088E0
3.725500208E2,1.354050040E0,7.554000378E0,-1.540500075E-1
3.725524645E2,1.354050040E0,6.819000244E0,5.659500360E-1
3.725549081E2,1.354050040E0,6.598950386E0,-9.340500236E-1
3.725573518E2,1.429050088E0,7.116000175E0,-1.723950028E0
3.725597952E2,1.981950045E0,6.265950203E0,-1.674000025E0
3.725622389E2,2.266950130E0,6.718050480E0,-2.014050007E0
3.725646826E2,2.905950069E0,7.039050102E0,-1.530000091E0
3.725671263E2,3.459000111E0,6.952950478E0,-1.770000100E0
3.725695699E2,3.451950073E0,7.498950481E0,-1.878000140E0
3.725720133E2,3.382050276E0,7.642050266E0,-2.407050133E0
3.725744570E2,3.612000227E0,6.915000439E0,-4.056000233E0
3.725769007E2,2.829000235E0,7.489050388E0,-3.778950214E0
3.725793442E2,1.648950100E0,7.279050350E0,-2.833050251E0
3.725817879E2,1.282950044E0,6.381000519E0,-1.594950080E0
3.725842315E2,1.326000094E0,6.124050140E0,-6.180000305E-1
3.725866752E2,2.158950090E0,5.542950153E0,3.043950081E0
3.725891186E2,3.102000237E0,4.996950150E0,1.744050026E0
3.725915622E2,4.717950344E0,5.293950081E0,2.639999986E-1
3.725940059E2,4.536000252E0,5.610000134E0,-1.593000054E0
3.725964494E2,3.282000065E0,5.815950394E0,-3.646950245E0
3.725988931E2,2.416950226E0,6.145950317E0,-4.039950371E0
3.726013367E2,2.092050076E0,6.475950241E0,-3.750000238E0
3.726037804E2,2.226000071E0,6.250950336E0,-2.629050016E0
3.726062239E2,2.872050047E0,5.623950481E0,-1.698000073E0
3.726086676E2,3.469050169E0,5.350950241E0,-2.155050039E0
3.726111112E2,4.093050003E0,5.332050323E0,-3.147000074E0
3.726135549E2,2.812050104E0,6.733050346E0,-1.930050135E0
3.726159983E2,2.905950069E0,6.294000149E0,-6.660000086E-1
3.726184420E2,3.222000122E0,6.622950077E0,-3.088950157E0
3.726208856E2,1.740000129E0,6.532050133E0,-5.040000439E0
3.726233293E2,2.580000162E0,5.904000282E0,-4.126049995E0
3.726257728E2,2.620950222E0,5.334000111E0,-4.164000034E0
3.726282164E2,3.109050035E0,4.798050404E0,-3.697050095E0
3.726306601E2,3.586050272E0,4.623000145E0,-2.991000175E0
3.726331036E2,4.138950348E0,4.381050110E0,-3.043950081E0
3.726355473E2,4.860000134E0,4.525050163E0,-3.939000130E0
3.726379909E2,4.900050163E0,4.671000004E0,-5.136000156E0
3.726404346E2,3.535950184E0,4.390950203E0,-5.245950222E0
3.726428783E2,2.370000124E0,4.732950211E0,-4.152000427E0
3.726453217E2,3.061050177E0,4.216050148E0,-2.052000046E0
3.726477653E2,4.447950363E0,4.171050072E0,-2.577000141E0
3.726502090E2,4.708950043E0,4.422000408E0,-2.955000162E0
3.726526525E2,3.976050138E0,4.707000256E0,-4.344000340E0
3.726550962E2,3.612000227E0,5.112000465E0,-4.492050171E0
3.726575398E2,3.303000212E0,4.999050140E0,-4.411050320E0
3.726599835E2,2.626050234E0,5.704950333E0,-3.522000074E0
3.726624269E2,2.713950157E0,5.557050228E0,-1.930050135E0
3.726648706E2,2.989950180E0,5.842050076E0,-5.389500260E-1
3.726673142E2,4.014000416E0,5.779950142E0,-6.540000439E-1
3.726697579E2,5.215950012E0,5.298000336E0,-2.883000135E0
3.726722014E2,4.495950222E0,5.037000179E0,-5.392050266E0
3.726746451E2,2.587050200E0,4.942050457E0,-5.127000332E0
3.726770887E2,1.966950059E0,5.044950008E0,-3.027000189E0
3.726795324E2,3.049950123E0,4.662000179E0,-1.777050138E0
3.726819758E2,4.411950111E0,4.642050266E0,-2.790000200E0
3.726844194E2,5.520000458E0,5.040000439E0,-4.936950207E0
3.726868631E2,5.665950298E0,5.260050297E0,-7.261950493E0
3.726893066E2,4.570050240E0,6.828000546E0,-7.789050579E0
3.726917503E2,3.349050045E0,7.360050201E0,-6.918000221E0
3.726941939E2,2.299950123E0,6.915000439E0,-4.866000175E0
3.726966376E2,1.966950059E0,6.475950241E0,-3.100950241E0
3.726990811E2,2.985000134E0,5.227050304E0,-2.341950178E0
3.727015248E2,5.001000404E0,3.639000177E0,-2.421000004E0
3.727039684E2,6.382050514E0,3.081000090E0,-3.541950226E0
3.727064121E2,5.734050274E0,2.787000179E0,-3.541950226E0
3.727088555E2,4.717950344E0,3.631950140E0,-2.296950102E0
3.727112992E2,4.816050053E0,4.225950241E0,-2.127000093E0
3.727137428E2,5.094000340E0,5.203050137E0,-2.790000200E0
3.727161866E2,4.524000168E0,5.374950409E0,-3.973050117E0
3.727186300E2,3.499950171E0,5.167050362E0,-4.477950096E0
3.727210736E2,3.409050226E0,5.320050240E0,-3.609000206E0
3.727235173E2,3.775050163E0,5.023050308E0,-2.625000238E0
3.727259608E2,3.211950064E0,5.514000416E0,-1.767000079E0
3.727284045E2,2.452950001E0,5.607000351E0,-1.110000089E-1
3.727308482E2,2.302050114E0,5.653050423E0,5.760000348E-1
3.727332918E2,2.551050186E0,5.926050186E0,-3.960000277E-1
3.727357355E2,2.182950020E0,6.667950153E0,-1.272000074E0
3.727381790E2,1.807050109E0,7.984950542E0,-1.966050148E0
3.727406226E2,2.619000196E0,8.808000565E0,-3.160950184E0
3.727430663E2,3.876000166E0,8.575950623E0,-5.263050079E0
3.727455097E2,4.038000107E0,7.666050434E0,-6.156000137E0
3.727479534E2,2.190000057E0,6.205950260E0,-4.438950062E0
3.727503970E2,2.530499995E-1,4.906050205E0,-1.260000110E0
3.727528407E2,4.660500288E-1,3.727950096E0,3.169500232E-1
3.727552842E2,3.235950232E0,2.313000202E0,-1.473000050E0
3.727577279E2,5.155950069E0,1.683000088E0,-3.472050190E0
3.727601715E2,5.844000340E0,1.816950083E0,-4.357950211E0
3.727626149E2,5.377050400E0,4.338000298E0,-4.747950077E0
3.727650586E2,3.777000189E0,6.136050224E0,-3.454950094E0
3.727675023E2,1.189050078E0,7.912950516E0,-1.032000065E0
3.727699459E2,-1.587000132E0,8.803950310E0,6.469500065E-1
3.727723896E2,-2.569050074E0,7.978050232E0,-4.270500243E-1
3.727748331E2,8.320500255E-1,5.557050228E0,-4.132950306E0
3.727772768E2,4.122000217E0,3.294000149E0,-7.921050549E0
3.727797204E2,5.659050465E0,2.377050161E0,-8.755949974E0
3.727821639E2,7.231950283E0,2.413050175E0,-7.413000584E0
3.727846076E2,7.623000145E0,2.887050152E0,-4.483050346E0
3.727870512E2,5.676000118E0,4.587000370E0,-1.822950125E0
3.727894949E2,4.975050449E0,6.808950424E0,6.400500536E-1
3.727919386E2,6.382050514E0,8.224050522E0,-1.143000007E0
3.727943820E2,9.658050537E0,9.510000229E0,-7.035000324E0
3.727968257E2,9.337050438E0,1.125795078E1,-9.709050179E0
3.727992693E2,5.238000393E0,1.227795029E1,-1.079595089E1
3.728017128E2,3.193050146E0,1.373595047E1,-5.589000225E0
3.728041565E2,3.600000143E0,1.452105045E1,-2.416050196E0
3.728066001E2,4.837950230E0,1.562505054E1,-2.613000154E0
3.728090438E2,5.389050484E0,1.636005020E1,-3.307050228E0
3.728114873E2,3.627000093E0,1.527105045E1,-3.250050068E0
3.728139310E2,1.942950130E0,1.409295082E1,-2.577000141E0
3.728163746E2,1.201050043E0,1.211295033E1,-2.074050188E0
3.728188181E2,9.780000448E-1,1.162200069E1,-2.038050175E0
3.728212617E2,1.575000048E0,1.026195049E1,-3.369000196E0
3.728237053E2,2.962950230E0,1.004205036E1,-5.293950081E0
3.728261490E2,3.684000254E0,1.044900036E1,-5.304000378E0
3.728285927E2,3.234000206E0,1.099905014E1,-4.143000126E0
3.728310362E2,2.656950235E0,1.186395073E1,-6.300000548E-1
3.728334799E2,2.595000029E0,1.091505051E1,-1.936950088E0
3.728359235E2,2.395950079E0,9.802050591E0,4.579500258E-1
3.728383670E2,1.315950036E0,9.131999969E0,2.187000036E0
3.728408107E2,5.929500461E-1,6.493050098E0,4.129050255E0
3.728432543E2,1.435950041E0,8.662050247E0,2.713950157E0
3.728456980E2,3.109050035E0,1.080495071E1,3.589950085E0
3.728481414E2,3.528000116E0,1.017300034E1,3.394050121E0
3.728505851E2,4.843050003E0,1.209795094E1,3.742950201E0
3.728530288E2,6.223950386E0,1.557000065E1,3.346050262E0
3.728554724E2,7.872000217E0,1.570200062E1,3.331050158E0
3.728579159E2,9.808950424E0,1.410495090E1,-5.356050491E0
3.728603596E2,7.993950367E0,1.617600060E1,-1.720095062E1
3.728628032E2,6.187950134E0,1.605795097E1,-2.125500107E1
3.728652469E2,7.905000210E0,1.589805031E1,-1.671000099E1
3.728676904E2,5.908050060E0,1.580505085E1,-9.891000748E0
3.728701340E2,5.215950012E0,1.504305077E1,-4.582950115E0
3.728725777E2,4.498050213E0,1.429605103E1,2.344950199E0
3.728750211E2,3.976050138E0,1.380105019E1,3.861000299E0
3.728774648E2,2.614050150E0,1.207905102E1,2.560050011E0
3.728799085E2,1.387950063E0,1.126500034E1,3.616050243E0
3.728823521E2,2.176050186E0,1.424100113E1,4.183950424E0
3.728847956E2,2.415000200E0,1.532100105E1,1.216950059E0
3.728872393E2,3.442050219E0,1.470300102E1,1.645950079E0
3.728896829E2,4.441050053E0,1.612500000E1,1.476000071E0
3.728921266E2,5.179950237E0,1.656405067E1,1.476000071E0
3.728945701E2,4.378050327E0,1.511700058E1,-6.799500585E-1
3.728970137E2,3.982950211E0,1.420800114E1,1.584000111E0
3.728994574E2,7.728000164E0,1.158300018E1,-9.538950920E0
3.729019011E2,8.116050720E0,8.944950104E0,-1.909995079E1
3.729043445E2,7.033950329E0,8.974050522E0,-1.879305077E1
3.729067882E2,4.338000298E0,8.683950424E0,-1.280505085E1
3.729092318E2,3.282000065E0,8.502000809E0,-4.914000034E0
3.729116753E2,5.305050373E0,1.051800060E1,-6.919500232E-1
3.729141190E2,6.639000416E0,1.165800095E1,-2.329500169E-1
3.729165627E2,6.828000546E0,1.164105034E1,-2.917050123E0
3.729190063E2,6.436950207E0,1.124595070E1,-4.705049992E0
3.729214499E2,6.789000511E0,1.155705070E1,-6.445950508E0
3.729238934E2,6.009000301E0,1.208100033E1,-7.819950581E0
3.729263371E2,4.014000416E0,1.151205063E1,-6.688050270E0
3.729287807E2,1.608000040E0,9.570000648E0,-3.352050066E0
3.729312242E2,7.170000076E-1,6.886050224E0,8.340000510E-1
3.729336679E2,1.893000126E0,6.265950203E0,2.424000025E0
3.729361115E2,4.408950329E0,6.369000435E0,7.960500121E-1
3.729385552E2,6.571950436E0,8.148000717E0,-3.724050283E0
3.729409986E2,6.009000301E0,9.972000122E0,-7.303050518E0
3.729434423E2,4.207950115E0,1.163595009E1,-8.838000298E0
3.729458860E2,2.362050056E0,1.252695084E1,-8.938050270E0
3.729483297E2,1.606050134E0,1.243800068E1,-6.910050392E0
3.729507731E2,3.337050200E0,1.120005035E1,-4.843950272E0
3.729532168E2,4.639050007E0,8.542950630E0,-5.197950363E0
3.729556604E2,6.022950172E0,6.381000519E0,-5.503050327E0
3.729581041E2,7.792950153E0,5.454000473E0,-5.634000301E0
3.729605476E2,7.002000332E0,4.075050354E0,-5.779950142E0
3.729629913E2,4.477050304E0,5.037000179E0,-1.878000140E0
3.729654349E2,4.048050404E0,5.617050171E0,1.416000009E0
3.729678786E2,7.113000393E0,7.117950439E0,6.520500183E-1
3.729703220E2,8.224050522E0,8.593050003E0,-3.598950148E0
3.729727656E2,6.379950523E0,9.757050514E0,-8.593950272E0
3.729752093E2,5.302950382E0,1.022400093E1,-1.152705097E1
3.729776528E2,7.030950546E0,1.130595016E1,-1.184505081E1
3.729800965E2,6.888000488E0,1.167000103E1,-1.073895073E1
3.729825402E2,1.857000113E0,1.070505047E1,-7.234050274E0
3.729849838E2,-8.110500574E-1,7.846050262E0,6.400500536E-1
3.729874273E2,-3.900000155E-1,5.133000374E0,4.756050110E0
3.729898709E2,2.554050207E0,4.855950356E0,2.500950098E0
3.729923146E2,7.132050514E0,3.678000212E0,-1.327050090E0
3.729947583E2,7.170000553E0,3.025950193E0,-4.468050003E0
3.729972017E2,5.713950157E0,4.726050377E0,-5.203050137E0
3.729996454E2,3.852000237E0,7.477050304E0,-3.156000137E0
3.730020890E2,2.968050241E0,9.567000389E0,-1.018050075E0
3.730045327E2,3.298950195E0,1.190400028E1,-1.317000031E0
3.730069762E2,1.929000139E0,1.210995102E1,-8.839500546E-1
3.730094198E2,2.817000151E0,1.059000015E1,-1.171050072E0
3.730118635E2,4.771050453E0,9.208050728E0,-4.492050171E0
3.730143072E2,5.101050377E0,5.931000233E0,-6.589950085E0
3.730167506E2,4.157999992E0,4.225950241E0,-5.083950043E0
3.730191943E2,4.873950005E0,5.836950302E0,-2.473950148E0
3.730216379E2,7.242000580E0,6.031050205E0,-1.855950117E0
3.730240814E2,7.018950462E0,6.517050266E0,-3.955950260E0
3.730265251E2,5.190000057E0,8.068950653E0,-4.654950142E0
3.730289687E2,4.327950001E0,8.880000114E0,-4.741050243E0
3.730314124E2,5.202000141E0,1.072605038E1,-5.124000072E0
3.730338558E2,3.667050123E0,1.107300091E1,-5.308950424E0
3.730362995E2,1.393050075E0,8.836950302E0,-3.336000204E0
3.730387432E2,-2.490000129E-1,7.591950417E0,1.653000116E0
3.730411868E2,-2.401050091E0,7.537050247E0,4.216950417E0
3.730436305E2,1.570500135E-1,5.161950111E0,7.800000161E-2
3.730460740E2,7.053000450E0,5.325000286E0,-3.297000170E0
3.730485176E2,6.172050476E0,6.529050350E0,-5.503050327E0
3.730509613E2,4.990950108E0,7.702050209E0,-4.693050385E0
3.730534048E2,3.631050110E0,9.298950195E0,-3.409950256E0
3.730558485E2,2.932050228E0,1.047705078E1,-2.351999998E0
3.730582921E2,2.149049997E0,1.048395061E1,-3.630000114E0
3.730607358E2,2.143949986E0,9.081000328E0,-3.721050262E0
3.730631792E2,4.291950226E0,6.627000332E0,-5.148000240E0
3.730656228E2,4.666050434E0,4.638000011E0,-6.070050240E0
3.730680665E2,3.042000055E0,4.092000008E0,-3.240000248E0
3.730705100E2,3.040050030E0,6.886050224E0,1.468950033E0
3.730729537E2,5.628000259E0,7.864950180E0,2.718000174E0
3.730753974E2,8.041950226E0,9.414000511E0,-5.059500337E-1
3.730778410E2,5.932050228E0,9.486000061E0,-3.144000053E0
3.730802847E2,4.201050282E0,1.163100052E1,-6.034050465E0
3.730827281E2,3.283950090E0,1.342500019E1,-9.079950333E0
3.730851717E2,1.867050052E0,1.255995083E1,-8.799000740E0
3.730876154E2,-3.210000098E-1,8.980950356E0,-5.437950134E0
3.730900589E2,-1.297950029E0,5.217000484E0,1.708050132E0
3.730925026E2,1.879500151E-1,5.920950413E0,3.561000109E0
3.730949462E2,2.370000124E0,7.936950207E0,5.470499992E-1
3.730973899E2,4.891050339E0,5.665050507E0,-1.564050078E0
3.730998334E2,5.191950321E0,5.358000278E0,-4.779000282E0
3.731022771E2,3.313050270E0,7.353000164E0,-4.657050133E0
3.731047207E2,2.281050205E0,8.977950096E0,-2.956950188E0
3.731071644E2,2.937000036E0,1.004895020E1,-2.542950153E0
3.731096078E2,2.860050201E0,9.438000679E0,-2.146050215E0
3.731120515E2,5.230950356E0,8.491950035E0,-3.349950075E0
3.731144952E2,6.777000427E0,6.876000404E0,-6.154050350E0
3.731169388E2,4.394999981E0,4.602000237E0,-7.284000397E0
3.731193823E2,2.566050053E0,4.052999973E0,-3.499050140E0
3.731218259E2,3.283950090E0,5.245950222E0,1.249500066E-1
3.731242696E2,4.905000210E0,6.145950317E0,1.675050020E0
3.731267131E2,4.503000259E0,7.129950523E0,1.027950048E0
3.731291568E2,4.192049980E0,7.051050186E0,-2.520000041E-1
3.731316004E2,4.354050159E0,9.642000198E0,-2.401950121E0
3.731340441E2,4.057950020E0,1.197105026E1,-6.870000362E0
3.731364878E2,1.636950135E0,1.104705048E1,-8.680050850E0
3.731389312E2,-7.590000629E-1,8.614950180E0,-3.622950077E0
3.731413749E2,-3.730500042E-1,7.101000309E0,1.120950103E0
3.731438185E2,1.042950034E0,1.077705097E1,1.150050044E0
3.731462620E2,3.346050262E0,7.024950504E0,-1.846050143E0
3.731487057E2,3.885000229E0,6.430950165E0,-4.903950214E0
3.731511493E2,3.649950266E0,6.565050125E0,-4.507050037E0
3.731535930E2,3.198000193E0,7.711950302E0,-3.072000027E0
3.731560365E2,3.255000114E0,9.250950813E0,-1.978050113E0
3.731584801E2,2.437050104E0,8.767950058E0,-1.609050035E0
3.731609238E2,2.839050055E0,9.036000252E0,-1.140000105E0
3.731633672E2,4.915050030E0,8.799000740E0,-2.905050039E0
3.731658109E2,4.636950016E0,7.432050228E0,-4.875000000E0
3.731682545E2,2.563050032E0,8.088000298E0,-2.227050066E0
3.731706982E2,2.959050179E0,8.758049965E0,3.000000119E-2
3.731731419E2,4.993950367E0,9.685050011E0,1.609500051E-1
3.731755854E2,3.897000074E0,1.018305016E1,-1.044000030E0
3.731780291E2,3.169050217E0,8.599950790E0,-2.055000067E0
3.731804727E2,3.469050169E0,9.952950478E0,-2.476050138E0
3.731829161E2,3.736950159E0,1.153305054E1,-4.144950390E0
3.731853598E2,3.078000069E0,1.121700096E1,-4.971000195E0
3.731878035E2,1.125000000E0,8.737050056E0,-1.459050059E0
3.731902471E2,3.130500019E-1,7.501050472E0,2.223000050E0
3.731926906E2,2.749500275E-1,1.065900040E1,-4.510500133E-1
3.731951343E2,1.804050088E0,1.104495049E1,1.215000033E0
3.731975780E2,4.030950069E0,8.773050308E0,-2.692050219E0
3.732000216E2,2.130000114E0,9.321000099E0,-5.068950176E0
3.732024651E2,1.600950122E0,9.976950645E0,-4.459050179E0
3.732049088E2,1.966950059E0,1.059195042E1,-3.618000269E0
3.732073524E2,3.076050043E0,8.895000458E0,-4.035000324E0
3.732097960E2,4.102950096E0,7.972950459E0,-2.443050146E0
3.732122395E2,5.133000374E0,6.976950169E0,-3.178050041E0
3.732146832E2,4.792950153E0,4.282950401E0,-4.534950256E0
3.732171268E2,4.146000385E0,3.321000099E0,-3.216000080E0
3.732195705E2,3.715050220E0,5.346000195E0,-6.640500426E-1
3.732220140E2,5.796000481E0,5.527950287E0,-6.660000086E-1
3.732244576E2,7.162950516E0,6.709050179E0,-1.770000100E0
3.732269013E2,5.851050377E0,7.654050350E0,-2.332950115E0
3.732293447E2,5.305050373E0,8.317950249E0,-2.220000029E0
3.732317884E2,4.570050240E0,1.008195019E1,-3.621000290E0
3.732342321E2,1.789950132E0,1.067805004E1,-5.095950127E0
3.732366757E2,-1.159050107E0,8.421000481E0,-1.573950052E0
3.732391194E2,-2.631000042E0,6.430950165E0,3.985050201E0
3.732415629E2,-2.382000208E0,6.844950199E0,-2.179500163E-1
3.732440065E2,2.868000031E0,6.939000130E0,5.659500360E-1
3.732464502E2,6.751050472E0,7.831950188E0,-7.032000542E0
3.732488937E2,4.366050243E0,7.341000557E0,-4.750950336E0
3.732513374E2,2.044049978E0,9.286950111E0,-3.181950092E0
3.732537810E2,2.700000048E0,1.105905056E1,-2.136000156E0
3.732562247E2,2.925000191E0,1.136805058E1,-3.265950203E0
3.732586684E2,3.166950226E0,9.985950470E0,-5.416050434E0
3.732611118E2,4.893000126E0,7.747950554E0,-7.228950500E0
3.732635554E2,3.820050240E0,4.924950123E0,-7.887000561E0
3.732659991E2,2.101050138E0,4.060950279E0,-3.738000154E0
3.732684426E2,2.784000158E0,4.183050156E0,-3.790500164E-1
3.732708863E2,5.776950359E0,6.322950363E0,5.059500337E-1
3.732733299E2,6.928050518E0,8.385000229E0,1.009050012E0
3.732757736E2,4.764000416E0,9.019050598E0,1.324950099E0
3.732782171E2,3.781950235E0,1.026195049E1,3.169500232E-1
3.732806608E2,4.085999966E0,1.197600079E1,-3.487050056E0
3.732831044E2,1.345050097E0,1.368600082E1,-7.360950470E0
3.732855479E2,-1.228050113E0,9.952950478E0,-4.213950157E0
3.732879915E2,-2.593050241E0,6.012000084E0,3.220500052E-1
3.732904352E2,-9.529500604E-1,7.237950325E0,3.190500140E-1
3.732928789E2,4.587000370E0,6.409050465E0,-4.837050438E0
3.732953225E2,6.265050411E0,7.353000164E0,-7.839000225E0
3.732977660E2,3.634050131E0,7.149000168E0,-4.035000324E0
3.733002097E2,2.592000008E0,8.916000366E0,-7.240500450E-1
3.733026533E2,4.138950348E0,1.118100071E1,-5.080500245E-1
3.733050968E2,4.989000320E0,1.057500076E1,-2.718000174E0
3.733075405E2,4.516950130E0,1.040100002E1,-4.530000210E0
3.733099841E2,5.395950317E0,7.920000553E0,-7.453950405E0
3.733124278E2,4.261050224E0,5.160000324E0,-7.818000317E0
3.733148712E2,3.684000254E0,4.542000294E0,-5.371050358E0
3.733173149E2,5.182950020E0,4.771950245E0,-3.786000252E0
3.733197585E2,6.175950527E0,6.381000519E0,-3.934050083E0
3.733222022E2,4.978950024E0,5.959050179E0,-3.858000278E0
3.733246457E2,4.225049973E0,6.028950214E0,-7.380000353E-1
3.733270894E2,4.852050304E0,6.784950256E0,5.539500117E-1
3.733295330E2,3.129000187E0,9.261000633E0,-1.129500046E-1
3.733319767E2,-4.570500255E-1,9.570000648E0,4.290000200E-1
3.733344201E2,-1.894050121E0,6.718050480E0,3.373950243E0
3.733368638E2,1.800000109E-2,5.851950169E0,3.367050171E0
3.733393075E2,6.334050179E0,6.610950470E0,-2.505000114E0
3.733417512E2,7.678050518E0,6.928950310E0,-7.909050465E0
3.733441946E2,3.928050280E0,6.735000134E0,-6.718950272E0
3.733466383E2,5.400000140E-2,7.954050541E0,-9.079500437E-1
3.733490819E2,-2.820000052E-1,9.081000328E0,1.596000075E0
3.733515254E2,2.535000086E0,1.092000008E1,1.180500090E-1
3.733539691E2,5.269050121E0,9.466950417E0,-2.167050123E0
3.733564127E2,6.925950527E0,8.416049957E0,-5.947950363E0
3.733588564E2,6.238950253E0,5.040000439E0,-8.251049995E0
3.733613001E2,4.948050022E0,5.073000431E0,-6.508050442E0
3.733637436E2,3.964050293E0,7.171050549E0,-2.233950138E0
3.733661872E2,6.090000153E0,8.041950226E0,-2.979000092E0
3.733686309E2,6.166950226E0,8.787000656E0,-4.600050449E0
3.733710744E2,4.749000072E0,9.322950363E0,-4.636050224E0
3.733735180E2,4.857000351E0,8.827950478E0,-3.429000139E0
3.733759617E2,5.391000271E0,9.883950233E0,-2.986050129E0
3.733784053E2,3.385050058E0,1.055595016E1,-2.100000143E0
3.733808488E2,-1.099500060E-1,8.631000519E0,1.258050084E0
3.733832925E2,-2.095050097E0,4.765050411E0,5.881050110E0
3.733857361E2,-1.527000070E0,4.872000217E0,2.533950090E0
3.733881798E2,3.208050251E0,5.746050358E0,2.082000017E0
3.733906233E2,6.682050228E0,5.365950108E0,-2.380050182E0
3.733930670E2,3.787050247E0,5.181000233E0,-2.329950094E0
3.733955106E2,1.761000037E0,7.984950542E0,-3.670500219E-1
3.733979543E2,2.680950165E0,1.229505062E1,1.399500072E-1
3.734003977E2,5.877000332E0,1.258695030E1,-4.261950016E0
3.734028414E2,5.674050331E0,1.228995037E1,-7.942050457E0
3.734052851E2,3.639000177E0,1.052505016E1,-9.016950607E0
3.734077285E2,1.321050048E0,7.549050331E0,-7.248000145E0
3.734101722E2,2.282999992E0,5.701050282E0,-4.936950207E0
3.734126158E2,4.736999989E0,5.622000217E0,-4.630950451E0
3.734150595E2,7.048050404E0,5.377050400E0,-5.767950058E0
3.734175030E2,6.301050186E0,5.953950405E0,-5.038050175E0
3.734199467E2,6.478050232E0,4.522950172E0,-2.686950207E0
3.734223904E2,7.872000217E0,5.590950489E0,-1.935000062E0
3.734248340E2,5.725950241E0,8.310000420E0,-2.518950224E0
3.734272777E2,1.788000107E0,1.017795086E1,-9.630000591E-1
3.734297211E2,-2.180999994E0,8.548050880E0,4.806000233E0
3.734321648E2,-3.321000099E0,6.811950207E0,3.580050230E0
3.734346084E2,-7.279500365E-1,7.069950104E0,2.227950096E0
3.734370519E2,7.503000259E0,6.081000328E0,-1.399050117E0
3.734394956E2,6.418050289E0,5.622000217E0,-8.019000053E0
3.734419392E2,1.941000104E0,6.567000389E0,-3.819000244E0
3.734443829E2,-8.400000632E-2,8.746050835E0,1.429950118E0
3.734468266E2,2.209050179E0,9.334950447E0,-1.099050045E0
3.734492701E2,5.008050442E0,1.005795002E1,-3.669000149E0
3.734517137E2,6.117000103E0,8.682000160E0,-7.123050213E0
3.734541574E2,3.496950150E0,5.908950329E0,-7.279050350E0
3.734566008E2,4.074000359E0,3.832950115E0,-5.578950405E0
3.734590445E2,6.337050438E0,5.236050129E0,-5.239050388E0
3.734614881E2,8.157000542E0,6.025950432E0,-6.865050316E0
3.734639318E2,7.351950169E0,7.240050316E0,-8.388000488E0
3.734663753E2,4.939050198E0,7.092000484E0,-6.324000359E0
3.734688190E2,4.231950283E0,8.038050652E0,-3.180000067E0
3.734712626E2,4.417050362E0,8.554950714E0,-1.240950108E0
3.734737063E2,1.894950032E0,8.728950500E0,8.205000311E-2
3.734761497E2,-1.353000045E0,7.045950413E0,1.572000027E0
3.734785933E2,-1.237950087E0,4.501049995E0,4.159950256E0
3.734810370E2,4.189050198E0,4.377000332E0,1.840050101E0
3.734834807E2,8.020050049E0,4.009950161E0,-3.822000265E0
3.734859242E2,5.305050373E0,6.241950512E0,-5.176950455E0
3.734883679E2,8.370000124E-1,6.337950230E0,3.580500185E-1
3.734908115E2,-1.402950048E0,9.164999962E0,2.455050230E0
3.734932550E2,-1.365000010E0,1.048905087E1,-9.439500570E-1
3.734956986E2,1.126950026E0,1.049205017E1,1.570500135E-1
3.734981423E2,4.881000042E0,8.657999992E0,-4.723950386E0
3.735005859E2,3.097050190E0,5.230950356E0,-6.465000153E0
3.735030294E2,2.494050026E0,2.619000196E0,-5.007000446E0
3.735054731E2,4.966950417E0,3.496050119E0,-5.163000107E0
3.735079168E2,7.447950363E0,5.191050053E0,-5.503050327E0
3.735103602E2,7.146000385E0,6.273000240E0,-7.201950550E0
3.735128041E2,4.318050385E0,5.887050152E0,-6.606000423E0
3.735152476E2,3.411000252E0,5.488050461E0,-4.261950016E0
3.735176912E2,2.583000183E0,6.313950062E0,-3.031950235E0
3.735201349E2,3.660000265E-1,5.704950333E0,-3.295050144E0
3.735225784E2,-1.411950111E0,4.875000000E0,-1.995000057E-2
3.735250221E2,-1.257000089E0,2.452050209E0,4.138050079E0
3.735274657E2,3.370050192E0,4.399500191E-1,7.189500332E-1
3.735299094E2,9.198000908E0,-1.830000132E-1,-8.710950851E0
3.735323528E2,7.090950489E0,1.963050127E0,-9.118050575E0
3.735347965E2,1.869000077E0,4.639950275E0,-7.131000519E0
3.735372401E2,3.271950245E0,3.678000212E0,-5.626950264E0
3.735396838E2,4.768950462E0,6.808950424E0,-5.617050171E0
3.735421273E2,6.124050140E0,4.815000057E0,-6.553950310E0
3.735445710E2,9.349050522E0,3.156000137E0,-8.151000023E0
3.735470146E2,1.345305061E1,2.440500110E-1,-1.100700092E1
3.735494583E2,1.431705093E1,-2.202000141E0,-1.546500111E1
3.735519017E2,1.716405106E1,-4.170000076E0,-1.890600014E1
3.735543454E2,2.103795052E1,-4.660950184E0,-2.060100174E1
3.735567890E2,2.318505096E1,-5.122950077E0,-2.303595161E1
3.735592325E2,2.017305183E1,-3.514050245E0,-2.389500046E1
3.735616762E2,1.618905067E1,2.215050220E0,-2.295705032E1
3.735641198E2,1.844205093E1,4.396049976E0,-2.431395149E1
3.735665635E2,1.243500042E1,6.057000160E0,-2.262600136E1
3.735690070E2,1.909950137E0,3.832950115E0,-1.633905029E1
3.735714507E2,1.204050064E0,1.561050057E0,-7.945050240E0
3.735738943E2,4.693950176E0,4.579950333E0,-2.512050152E0
3.735763380E2,4.402050018E0,5.350950241E0,1.087950110E0
3.735787817E2,3.804000139E0,4.565999985E0,7.536000252E0
3.735812251E2,3.295950174E0,3.712950230E0,9.532950401E0
3.735836687E2,1.921950102E0,1.378605080E1,-1.333695030E1
3.735861124E2,2.290500104E-1,1.010400009E1,-1.734195137E1
3.735885559E2,-1.494000077E0,4.494000435E0,-9.262050629E0
3.735909996E2,-2.970000207E-1,9.538950920E0,4.699050426E0
3.735934432E2,6.409500241E-1,7.342950344E0,6.613950253E0
3.735958869E2,9.469500184E-1,6.601050377E0,4.605000094E-2
3.735983303E2,3.042000055E0,1.064295006E1,-2.767950058E0
3.736007740E2,5.323950291E0,1.291695023E1,5.019000053E0
3.736032176E2,6.538050175E0,9.043050766E0,1.750950098E0
3.736056613E2,7.998000145E0,9.832950592E0,3.588000059E0
3.736081048E2,9.220050812E0,1.210995102E1,4.239000320E0
3.736105485E2,9.718050003E0,1.249800014E1,3.846000195E0
3.736129921E2,9.121050835E0,1.270905018E1,4.144950390E0
3.736154358E2,6.175950527E0,1.326900101E1,4.423050404E0
3.736178793E2,3.760950089E0,1.273800087E1,2.625000238E0
3.736203229E2,3.181050062E0,1.135395050E1,4.849500358E-1
3.736227666E2,7.510500550E-1,1.675304985E1,-5.805000290E-2
3.736252100E2,-7.560000420E-1,1.348200035E1,-5.586000443E0
3.736276537E2,5.790000558E-1,9.481050491E0,3.042000055E0
3.736300973E2,3.186000109E0,1.762905121E1,4.330049992E0
3.736325410E2,2.041949987E0,1.705695152E1,1.519500017E-1
3.736349847E2,3.196050167E0,1.487805080E1,-4.075950146E0
3.736374282E2,4.278000355E0,1.734900093E1,-1.875000000E1
3.736398719E2,4.098000050E0,1.321395016E1,-2.298300171E1
3.736423155E2,6.235950470E0,8.077950478E0,-2.311305046E1
3.736447592E2,6.667050362E0,9.532050133E0,-1.565205097E1
3.736472026E2,1.052895069E1,6.871950150E0,-1.389705086E1
3.736496463E2,1.253805065E1,9.574950218E0,-1.037295055E1
3.736520899E2,7.714050293E0,1.268700027E1,-7.042050362E0
3.736545334E2,3.729000092E0,1.407405090E1,-3.388050079E0
3.736569771E2,3.535950184E0,1.564200115E1,1.227000117E0
3.736594207E2,6.639000416E0,1.599600029E1,1.444950104E0
3.736618644E2,5.997000217E0,1.459095097E1,-3.001050234E0
3.736643079E2,2.097000122E0,1.136100101E1,-6.345000267E0
3.736667516E2,3.025950193E0,7.791000366E0,-5.524050236E0
3.736691952E2,7.251000404E0,8.113950729E0,-6.625050545E0
3.736716389E2,7.966950417E0,8.533050537E0,-6.004950523E0
3.736740823E2,3.796950102E0,1.132500076E1,-1.654950023E0
3.736765260E2,8.850000501E-1,1.328805065E1,4.270050049E0
3.736789696E2,1.338000059E0,1.383900070E1,8.820000291E-1
3.736814133E2,4.534049988E0,1.712895012E1,-1.035000086E0
3.736838568E2,8.105999947E0,1.705200005E1,-3.163050175E0
3.736863005E2,4.335000038E0,1.401795101E1,-8.734950066E0
3.736887441E2,2.674050093E0,9.747000694E0,-7.191000462E0
3.736911878E2,1.273050070E0,8.581050873E0,-4.593000412E0
3.736936313E2,5.665950298E0,1.090305042E1,-2.794950247E0
3.736960749E2,9.685950279E0,1.098000050E1,-5.557950497E0
3.736985186E2,8.381999969E0,9.546000481E0,-7.075950146E0
3.737009622E2,7.330050468E0,1.021905041E1,-5.469000340E0
3.737034057E2,8.566050529E0,1.215300083E1,-5.110050201E0
3.737058494E2,7.666050434E0,1.325895023E1,-6.939000130E0
3.737082930E2,4.258950233E0,1.276605034E1,-5.383050442E0
3.737107367E2,1.879050136E0,9.402000427E0,7.860000134E-1
3.737131802E2,-3.880500197E-1,6.241950512E0,6.496950150E0
3.737156239E2,-1.921950102E0,6.055050373E0,4.501950264E0
3.737180675E2,4.399950027E0,4.414950371E0,1.780500114E-1
3.737205109E2,6.559950352E0,6.685050488E0,-5.397000313E0
3.737229546E2,2.923050165E0,7.711950302E0,-2.710950136E0
3.737253982E2,1.930950046E0,8.839950562E0,-1.939950109E0
3.737278419E2,1.399950027E0,1.066395092E1,-4.935000420E0
3.737302854E2,1.531950116E0,1.008195019E1,-6.669000149E0
3.737327291E2,3.676950216E0,7.300050259E0,-8.167050362E0
3.737351728E2,4.591050148E0,4.666050434E0,-8.649000168E0
3.737376164E2,4.993950367E0,3.081000090E0,-6.292950153E0
3.737400598E2,8.134950638E0,3.028950214E0,-3.082050085E0
3.737425035E2,1.024005032E1,2.974050045E0,-3.316950083E0
3.737449471E2,9.045000076E0,3.745050192E0,-1.699500084E-1
3.737473908E2,6.946950436E0,3.040950060E0,1.710000038E0
3.737498343E2,8.282999992E0,2.940000057E0,1.596000075E0
3.737522780E2,8.491950035E0,3.280050039E0,-2.071950197E0
3.737547216E2,5.338050365E0,4.618050098E0,-9.319500327E-1
3.737571653E2,2.200050116E0,3.598950148E0,-3.700050116E0
3.737596088E2,2.122950077E0,1.225950003E0,-1.122705078E1
3.737620524E2,3.733950138E0,1.183050036E0,-1.396395111E1
3.737644961E2,3.277050257E0,2.818050146E0,-7.803000450E0
3.737669398E2,1.555050015E0,3.280050039E0,-3.961050272E0
3.737693832E2,1.321050048E0,4.117949963E0,-4.471050262E0
3.737718269E2,-5.029500127E-1,7.987050533E0,-9.100500345E-1
3.737742705E2,-4.240500331E-1,7.401000500E0,5.922000408E0
3.737767142E2,1.029000044E0,6.886050224E0,4.006950378E0
3.737791577E2,2.977950096E0,7.021950245E0,2.295000076E0
3.737816014E2,3.433050156E0,4.108950138E0,-3.598950148E0
3.737840450E2,4.606050014E0,3.061950207E0,-6.642000198E0
3.737864885E2,8.221050262E0,3.235050201E0,-9.127050400E0
3.737889321E2,8.209050179E0,3.598950148E0,-1.116705036E1
3.737913758E2,5.266950130E0,5.253000259E0,-9.013050079E0
3.737938194E2,5.178000450E0,7.065000534E0,-4.957050323E0
3.737962629E2,6.651000500E0,6.642000198E0,-3.309000254E0
3.737987066E2,4.663050175E0,7.258950233E0,-3.319050074E0
3.738011503E2,9.760500193E-1,6.390000343E0,-1.171050072E0
3.738035939E2,-3.420000076E-1,7.003050327E0,2.698950052E0
3.738060376E2,-1.129950047E0,8.065950394E0,3.805050135E0
3.738084811E2,1.849950075E0,5.169000149E0,6.109500527E-1
3.738109248E2,5.779050350E0,4.872000217E0,-3.702000141E0
3.738133684E2,1.989000082E0,5.590950489E0,-3.525000095E0
3.738158118E2,5.359500051E-1,6.871950150E0,-1.171050072E0
3.738182555E2,1.414050102E0,8.230950356E0,-1.387050033E0
3.738206991E2,4.438050270E0,1.045605087E1,-1.593000054E0
3.738231428E2,5.839050293E0,1.027395058E1,-4.328999996E0
3.738255863E2,3.580950260E0,7.876950264E0,-6.958050251E0
3.738280300E2,1.893000126E0,5.452050209E0,-5.847000122E0
3.738304736E2,5.737950325E0,5.722050190E0,-5.806950092E0
3.738329173E2,9.169050217E0,6.394950390E0,-6.633000374E0
3.738353608E2,6.607050419E0,7.125000477E0,-6.664050102E0
3.738378045E2,5.305050373E0,8.125950813E0,-3.886050224E0
3.738402481E2,7.125000477E0,7.912950516E0,-1.684050083E0
3.738426918E2,7.606050491E0,9.232050896E0,-4.305000305E0
3.738451352E2,3.160050154E0,1.020195007E1,-6.367050171E0
3.738475789E2,-3.520500064E-1,9.084000587E0,-2.115000010E0
3.738500225E2,-1.858050108E0,7.975050449E0,3.472950220E0
3.738524662E2,2.790000141E-1,8.016000748E0,3.721950293E0
3.738549099E2,7.326000214E0,7.468050480E0,-2.953050137E0
3.738573534E2,7.792950153E0,6.382950306E0,-7.654950142E0
3.738597970E2,4.536000252E0,7.693050385E0,-3.622950077E0
3.738622407E2,2.638050079E0,1.018005085E1,-2.206050158E0
3.738646841E2,4.225049973E0,1.198305035E1,-2.158050060E0
3.738671278E2,6.184050083E0,1.232295036E1,-5.613000393E0
3.738695714E2,5.880000114E0,1.119795036E1,-7.866000175E0
3.738720151E2,2.359950066E0,7.999050617E0,-6.637050152E0
3.738744586E2,1.716000080E0,4.756950378E0,-3.775950193E0
3.738769023E2,7.036050320E0,4.767000198E0,-5.425950050E0
3.738793460E2,1.016100025E1,4.954050064E0,-8.029050827E0
3.738817896E2,6.985950470E0,5.725050449E0,-7.510950565E0
3.738842331E2,5.370000362E0,6.214950085E0,-3.738000154E0
3.738866768E2,7.351950169E0,6.666000366E0,-2.995950222E0
3.738891204E2,6.496950150E0,8.610000610E0,-4.564050198E0
3.738915638E2,2.512950182E0,7.966050148E0,-1.813050032E0
3.738940075E2,-1.626000047E0,8.076000214E0,4.792050362E0
3.738964511E2,-2.521050215E0,4.372050285E0,5.185050011E0
3.738988948E2,8.370000124E-1,3.663000107E0,1.513950109E0
3.739013385E2,8.499000549E0,4.621050358E0,2.191950083E0
3.739037820E2,6.672000408E0,4.177950382E0,-5.436000347E0
3.739062257E2,3.367950201E0,6.028950214E0,-2.505000114E0
3.739086693E2,1.957950115E0,9.357000351E0,-1.498950124E0
3.739111128E2,5.262000084E0,1.136100101E1,-4.255050182E0
3.739135565E2,8.190000534E0,1.207905102E1,-6.124950409E0
3.739160001E2,6.247950077E0,1.020705032E1,-8.943000793E0
3.739184438E2,3.181050062E0,7.281000137E0,-5.416050434E0
3.739208875E2,4.558050156E0,5.823000431E0,-4.048950195E0
3.739233309E2,1.055805016E1,5.638050079E0,-7.923000336E0
3.739257746E2,1.061100006E1,4.948950291E0,-1.368900108E1
3.739282182E2,5.932050228E0,6.613050461E0,-1.134705067E1
3.739306619E2,5.619000435E0,6.285000324E0,-7.210050106E0
3.739331054E2,9.025950432E0,7.149000168E0,-6.760050297E0
3.739355490E2,6.765000343E0,7.990050316E0,-5.008950233E0
3.739379927E2,2.932050228E0,7.750050545E0,2.428950071E0
3.739404364E2,-1.752000093E0,1.129395008E1,8.730000496E0
3.739428799E2,-3.763950109E0,7.051050186E0,3.367050171E0
3.739453235E2,-1.105949998E0,6.421050072E0,1.770000100E0
3.739477672E2,2.740950108E0,5.119050026E0,5.764050484E0
3.739502108E2,5.781000137E0,6.342000484E0,7.500000596E-1
3.739526543E2,4.740000248E0,7.582950592E0,-4.132950306E0
3.739550980E2,4.636950016E0,9.840000153E0,-5.515050411E0
3.739575416E2,4.323000431E0,1.021200085E1,-7.012950420E0
3.739599853E2,5.251950264E0,9.649050713E0,-7.011000156E0
3.739624288E2,3.721950293E0,8.104949951E0,-6.910050392E0
3.739648724E2,3.670050144E0,6.010050297E0,-3.670950174E0
3.739673161E2,7.717950344E0,5.713050365E0,-5.553000450E0
3.739697595E2,1.214805031E1,5.185950279E0,-1.103100014E1
3.739722032E2,8.173049927E0,6.912000179E0,-1.353495026E1
3.739746469E2,5.572950363E0,7.567950249E0,-9.142050743E0
3.739770906E2,7.977000237E0,6.883050442E0,-6.276000500E0
3.739795342E2,8.680950165E0,8.161950111E0,-6.063000202E0
3.739819777E2,4.680000305E0,9.337950706E0,-2.593050241E0
3.739844214E2,2.302050114E0,8.513999939E0,3.705000162E0
3.739868650E2,-1.353000045E0,9.349950790E0,8.388000488E0
3.739893085E2,-1.029000044E0,6.001950264E0,3.070050240E0
3.739917522E2,5.710050106E0,5.629050255E0,-2.620050192E0
3.739941958E2,4.411950111E0,4.245000362E0,-1.013295078E1
3.739966395E2,2.259000063E0,5.515950203E0,-7.594950199E0
3.739990830E2,3.793950081E0,7.273950577E0,-1.735950112E0
3.740015266E2,5.037000179E0,8.995050430E0,5.730000138E-1
3.740039703E2,6.768000126E0,1.069305038E1,-1.285950065E0
3.740064139E2,7.366050243E0,1.028295040E1,-6.573000431E0
3.740088574E2,3.816000223E0,8.671950340E0,-8.376000404E0
3.740113011E2,4.156050205E0,7.042050362E0,-7.882050514E0
3.740137447E2,8.098950386E0,6.402000427E0,-8.436000824E0
3.740161884E2,8.237999916E0,7.365000248E0,-8.506950378E0
3.740186318E2,5.482050419E0,8.548050880E0,-5.316000462E0
3.740210755E2,6.655050278E0,7.918050289E0,-1.935000062E0
3.740235192E2,9.511950493E0,8.133000374E0,-4.351050377E0
3.740259628E2,6.784950256E0,1.028805065E1,-7.927950382E0
3.740284063E2,1.654050112E0,1.009695053E1,-7.791000366E0
3.740308500E2,-3.420000076E-1,7.669050217E0,-2.400000095E-1
3.740332936E2,-1.270950079E0,1.016100025E1,2.332950115E0
3.740357373E2,-4.429500103E-1,7.495950222E0,1.272000074E0
3.740381808E2,4.060050011E0,6.076950073E0,-1.942050099E0
3.740406245E2,3.556950092E0,6.727950096E0,-3.469950199E0
3.740430681E2,2.607000113E0,7.747950554E0,1.639500111E-1
3.740455118E2,3.796950102E0,9.763950348E0,-5.220000148E-1
3.740479552E2,6.568950176E0,1.119600010E1,-2.485950232E0
3.740503989E2,7.443000317E0,9.546000481E0,-5.694000244E0
3.740528425E2,4.318050385E0,8.494950294E0,-8.977050781E0
3.740552862E2,2.998950243E0,7.075050354E0,-5.992950439E0
3.740577297E2,5.556000233E0,6.156000137E0,-4.798950195E0
3.740601734E2,8.359950066E0,6.781050205E0,-4.444050312E0
3.740626171E2,7.812000275E0,6.823950291E0,-5.694000244E0
3.740650605E2,6.118950367E0,8.128950119E0,-4.558950424E0
3.740675041E2,7.263000488E0,7.884000301E0,-3.898050070E0
3.740699478E2,8.173049927E0,8.290950775E0,-6.772050381E0
3.740723915E2,3.847050190E0,9.706050873E0,-6.748050213E0
3.740748349E2,5.689499974E-1,9.318000793E0,-1.705050111E0
3.740772786E2,-6.130500436E-1,8.682000160E0,3.018000126E0
3.740797223E2,-1.204050064E0,8.104949951E0,3.733950138E0
3.740821659E2,5.452950478E0,6.772950172E0,-2.524050236E0
3.740846096E2,6.592950344E0,6.934050560E0,-8.566950798E0
3.740870531E2,3.436950207E0,7.092000484E0,-5.170050144E0
3.740894968E2,2.520000219E0,8.811000824E0,-7.740000486E-1
3.740919404E2,4.222949982E0,1.048005009E1,-1.408050060E0
3.740943838E2,6.844050407E0,1.008195019E1,-4.144950390E0
3.740968275E2,6.271950245E0,8.065950394E0,-7.293000221E0
3.740992712E2,2.836050034E0,4.635000229E0,-6.859950542E0
3.741017148E2,3.532950163E0,2.883000135E0,-5.446950436E0
3.741041583E2,9.157050133E0,3.531000137E0,-7.060950279E0
3.741066020E2,9.768000603E0,4.149000168E0,-8.713050842E0
3.741090456E2,5.710050106E0,5.907000065E0,-6.184950352E0
3.741114893E2,4.969950199E0,5.707950115E0,-1.255050063E0
3.741139330E2,8.140049934E0,5.983050346E0,-1.510950089E0
3.741163765E2,5.592000484E0,7.117950439E0,-2.164950132E0
3.741188201E2,4.249500334E-1,8.116950035E0,-1.332000017E0
3.741212638E2,-8.350500464E-1,5.530950069E0,-2.590950012E0
3.741237073E2,4.369500279E-1,3.778050184E0,-2.649000168E0
3.741261510E2,4.657950401E0,3.069000244E0,-1.509000063E0
3.741285947E2,6.691050529E0,3.208050251E0,-2.116950035E0
3.741310383E2,2.805000067E0,5.350950241E0,6.979500055E-1
3.741334820E2,8.295000345E-2,6.778050423E0,2.986950159E0
3.741359254E2,-9.720000625E-1,9.085950851E0,4.920000136E-1
3.741383691E2,1.192050099E0,1.091505051E1,-1.300950050E0
3.741408127E2,5.443950176E0,1.085595036E1,-4.353000164E0
3.741432564E2,3.571050167E0,9.164999962E0,-6.511050224E0
3.741456999E2,2.674050093E0,6.072000504E0,-6.312000275E0
3.741481435E2,6.298950195E0,6.096000195E0,-7.729050159E0
3.741505872E2,1.075200081E1,7.353000164E0,-8.773050308E0
3.741530307E2,8.997000694E0,8.530950546E0,-9.582000732E0
3.741554744E2,6.294000149E0,1.060905075E1,-5.790000439E0
3.741579180E2,5.524950027E0,9.702000618E0,-5.749050140E0
3.741603617E2,6.925950527E0,1.125495052E1,-4.569000244E0
3.741628051E2,3.691050291E0,1.003395081E1,-2.529000044E0
3.741652488E2,5.550000072E-1,9.835950851E0,7.690500617E-1
3.741676925E2,-1.207050085E0,9.097949982E0,4.948050022E0
3.741701361E2,-1.816950083E0,7.671000481E0,1.366050124E0
3.741725798E2,1.651050091E0,8.128950119E0,2.359500080E-1
3.741750232E2,7.729950428E0,8.137949944E0,-4.717050076E0
3.741774669E2,4.350000381E0,7.939050198E0,-4.320000172E0
3.741799106E2,2.275950193E0,1.018305016E1,-1.699950099E0
3.741823541E2,2.913000107E0,1.156395054E1,-3.694950104E0
3.741847977E2,5.370000362E0,1.102305031E1,-4.996950150E0
3.741872414E2,4.824000359E0,1.030695057E1,-6.975000381E0
3.741896851E2,2.446050167E0,7.671000481E0,-7.222050190E0
3.741921285E2,3.442050219E0,5.008950233E0,-4.095000267E0
3.741945722E2,7.278000355E0,5.361000061E0,-3.946050167E0
3.741970158E2,1.004100037E1,5.181000233E0,-6.091950417E0
3.741994595E2,8.239950180E0,6.034050465E0,-7.198050499E0
3.742019030E2,4.740000248E0,7.285950184E0,-4.032000065E0
3.742043467E2,6.852000237E0,7.293000221E0,-3.645000219E0
3.742067903E2,6.448950291E0,7.551000595E0,-5.221950054E0
3.742092340E2,1.366050124E0,8.314949989E0,-2.787000179E0
3.742116775E2,-2.320050001E0,7.441050529E0,6.400500536E-1
3.742141211E2,-1.791000128E0,6.373050213E0,3.901050091E0
3.742165648E2,5.227950096E0,5.073000431E0,-1.320000052E0
3.742190084E2,6.661950111E0,4.731000423E0,-6.216000080E0
3.742214519E2,1.230000019E0,6.037950516E0,-3.939000130E0
3.742238956E2,2.029500157E-1,6.547950268E0,9.250500202E-1
3.742263392E2,1.441050053E0,8.551950455E0,1.473000050E0
3.742287829E2,3.676950216E0,9.414000511E0,-2.320950031E0
3.742312264E2,5.508000374E0,9.354000092E0,-6.184950352E0
3.742336701E2,3.403950214E0,6.562950134E0,-7.617000580E0
3.742361137E2,1.369050026E0,3.622050285E0,-4.677000046E0
3.742385574E2,5.098950386E0,2.350950003E0,-4.525950432E0
3.742410009E2,1.073295021E1,3.088950157E0,-7.317000389E0
3.742434446E2,1.137000084E1,3.526950121E0,-1.197705078E1
3.742458882E2,7.873950481E0,5.892000198E0,-1.206795025E1
3.742483319E2,7.125000477E0,7.414950371E0,-7.843950272E0
3.742507753E2,7.954950333E0,8.326950073E0,-4.642950058E0
3.742532189E2,2.520000219E0,1.009905052E1,-2.850000262E-1
3.742556626E2,-2.274000168E0,9.177000046E0,4.780050278E0
3.742581061E2,-1.875000119E0,6.223050117E0,2.893050194E0
3.742605498E2,1.335000038E0,5.655000210E0,-1.183050036E0
3.742629934E2,6.763050556E0,3.891000271E0,-6.139050484E0
3.742654371E2,3.706050158E0,3.168000221E0,-7.689000130E0
3.742678808E2,8.989500403E-1,5.562000275E0,-1.606950045E0
3.742703243E2,3.313050270E0,8.464050293E0,-2.209500074E-1
3.742727680E2,6.718050480E0,1.028100014E1,-3.654000282E0
3.742752116E2,8.077950478E0,1.207695103E1,-6.481950283E0
3.742776553E2,5.941950321E0,1.209300041E1,-1.123005009E1
3.742800987E2,2.503950119E0,9.742050171E0,-8.359050751E0
3.742825424E2,3.646050215E0,6.012000084E0,-5.349000454E0
3.742849860E2,8.808000565E0,3.982050180E0,-8.052000046E0
3.742874295E2,1.302705097E1,4.528050423E0,-1.302795029E1
3.742898732E2,1.069005013E1,4.189949989E0,-1.575195122E1
3.742923168E2,9.928050041E0,6.691950321E0,-1.215900040E1
3.742947605E2,8.712000847E0,7.614000320E0,-7.128000259E0
3.742972039E2,4.723050117E0,8.422950745E0,-1.846050143E0
3.742996476E2,-3.829500079E-1,9.667950630E0,3.750000238E0
3.743020913E2,-2.428050041E0,7.966050148E0,4.969050407E0
3.743045349E2,2.953950167E0,5.509050369E0,-9.079500437E-1
3.743069786E2,9.164999962E0,3.202950239E0,-4.638000011E0
3.743094221E2,7.993950367E0,1.750050068E0,-7.542000294E0
3.743118657E2,5.053950310E0,4.558950424E0,-7.213950157E0
3.743143094E2,4.635000229E0,6.939000130E0,-4.399050236E0
3.743167528E2,3.799050093E0,9.891000748E0,-2.998050213E0
3.743191965E2,2.410050154E0,1.188000011E1,2.557950020E0
3.743216402E2,2.524950027E0,1.107300091E1,1.639500111E-1
3.743240838E2,1.129050016E0,9.808950424E0,-2.830500007E-1
3.743265275E2,1.435950041E0,5.950050354E0,2.752050161E0
3.743289710E2,4.017000198E0,5.374950409E0,-5.370000005E-1
3.743314147E2,8.020050049E0,7.558950424E0,-8.625000000E0
3.743338583E2,1.128105068E1,6.361950397E0,-1.384200096E1
3.743363020E2,9.946950912E0,7.053000450E0,-1.351395035E1
3.743387454E2,8.416950226E0,1.017795086E1,-1.027395058E1
3.743411891E2,5.889000416E0,1.300305080E1,-7.078050137E0
3.743436327E2,2.338050127E0,1.114995098E1,-3.019950151E0
3.743460762E2,1.444950104E0,1.156905079E1,3.544050217E0
3.743485199E2,-2.217000008E0,1.229505062E1,5.304000378E0
3.743509635E2,-3.993000269E0,8.725049973E0,8.080500364E-1
3.743534072E2,-2.832000017E0,5.422950268E0,2.929500043E-1
3.743558509E2,-2.356050014E0,5.653050423E0,1.903950095E0
3.743582943E2,-3.880500197E-1,1.000095081E1,1.780050039E0
3.743607380E2,7.618050575E0,1.311795044E1,-1.231050014E0
3.743631816E2,1.172400093E1,1.068795013E1,-8.685000420E0
3.743656253E2,1.052205086E1,7.978050232E0,-1.293705082E1
3.743680688E2,3.198000193E0,1.057500076E1,-1.163895035E1
3.743705125E2,1.266000032E0,7.426950455E0,-4.746000290E0
3.743729561E2,5.166000366E0,6.378000259E0,-4.260000229E0
3.743753996E2,1.062000084E1,5.512050152E0,-7.849050522E0
3.743778433E2,8.097000122E0,6.309000492E0,-9.439050674E0
3.743802869E2,5.953950405E0,7.729050159E0,-6.609000206E0
3.743827306E2,1.016805077E1,6.670050144E0,-4.525950432E0
3.743851740E2,9.957000732E0,7.822050571E0,-4.059000015E0
3.743876177E2,3.066000223E0,8.689050674E0,-3.463050127E0
3.743900614E2,-1.348050117E0,7.900950432E0,3.790500164E-1
3.743925050E2,5.310000181E-1,5.071050167E0,8.560500145E-1
3.743949487E2,6.339000225E0,4.687950134E0,-1.324950099E0
3.743973922E2,6.679050446E0,4.192049980E0,-4.140000343E0
3.743998358E2,1.849950075E0,5.896950245E0,-3.853050232E0
3.744022795E2,1.065000057E0,7.803000450E0,2.563050032E0
3.744047230E2,3.355950117E0,8.976000786E0,1.236000061E0
3.744071666E2,3.552000284E0,1.178205013E1,-7.909500599E-1
3.744096103E2,3.528000116E0,1.212705040E1,-4.521000385E0
3.744120540E2,8.610000610E-1,9.988950729E0,-6.175050259E0
3.744144974E2,-2.779500186E-1,5.595000267E0,-1.099050045E0
3.744169411E2,2.118000031E0,5.574000359E0,-2.899500132E-1
3.744193848E2,6.612000465E0,4.939050198E0,-7.959000587E0
3.744218284E2,1.045995045E1,3.409050226E0,-1.276395035E1
3.744242721E2,9.652950287E0,5.169000149E0,-1.235700035E1
3.744267156E2,1.044300079E1,6.730050087E0,-1.142595100E1
3.744291592E2,8.499000549E0,8.023050308E0,-9.384000778E0
3.744316029E2,2.700000107E-1,1.108095074E1,-4.648050308E0
3.744340463E2,-3.097950220E0,8.815950394E0,4.597949982E0
3.744364900E2,-2.704950094E0,6.844950199E0,5.776050091E0
3.744389336E2,4.110000134E-1,5.595000267E0,1.813050032E0
3.744413773E2,2.949000120E0,5.695950508E0,3.516000271E0
3.744438208E2,4.207950115E0,5.197950363E0,4.444950104E0
3.744462645E2,3.235950232E0,6.330000401E0,9.829500318E-1
3.744487081E2,4.728000164E0,1.010595036E1,7.530000210E-1
3.744511517E2,6.511950493E0,1.267305088E1,-5.308950424E0
3.744535954E2,4.407000065E0,1.230900097E1,-1.123005009E1
3.744560389E2,-9.600000083E-2,9.244050026E0,-6.891000271E0
3.744584826E2,6.259500384E-1,5.824950218E0,-5.580000281E-1
3.744609262E2,3.733950138E0,1.102305031E1,-2.124000072E0
3.744633697E2,9.030000687E0,7.504050255E0,-7.693050385E0
3.744658133E2,1.013700008E1,5.329950333E0,-1.289895058E1
3.744682570E2,9.811050415E0,8.404050827E0,-1.149795055E1
3.744707007E2,9.648000717E0,9.187050819E0,-1.170105076E1
3.744731441E2,6.267000198E0,1.029495049E1,-1.007100010E1
3.744755878E2,2.460000068E-1,9.309000015E0,-4.066050053E0
3.744780315E2,-2.800950050E0,7.720950603E0,5.812050343E0
3.744804751E2,-1.759950042E0,5.844000340E0,6.975000381E0
3.744829188E2,3.792000294E0,5.554950237E0,3.424950123E0
3.744853623E2,7.905000210E0,3.526950121E0,-3.240000010E-1
3.744878059E2,4.147950172E0,4.647000313E0,-3.640050173E0
3.744902496E2,2.700000048E0,8.203050613E0,-9.010500312E-1
3.744926932E2,1.432950020E0,1.028595066E1,3.820500076E-1
3.744951367E2,8.749500513E-1,1.187100029E1,-7.330500484E-1
3.744975803E2,2.041949987E0,1.110195065E1,-4.405950069E0
3.745000240E2,2.650500238E-1,8.854050636E0,-2.821050167E0
3.745024675E2,2.299950123E0,6.204000473E0,-3.600000218E-2
3.745049112E2,5.224050045E0,8.065950394E0,-4.183050156E0
3.745073548E2,1.153695011E1,5.514000416E0,-9.742950439E0
3.745097985E2,1.048605061E1,6.204000473E0,-1.273305035E1
3.745122420E2,6.543000221E0,8.533050537E0,-9.681000710E0
3.745146856E2,7.630050182E0,8.341950417E0,-9.190050125E0
3.745171293E2,3.658050060E0,8.204999924E0,-8.289000511E0
3.745195730E2,-1.360500008E-1,7.137000561E0,-1.585050106E0
3.745220166E2,-1.867050052E0,5.341950417E0,3.031950235E0
3.745244601E2,1.309500039E-1,6.076950073E0,2.323050022E0
3.745269037E2,6.064050198E0,3.165000200E0,-3.823950291E0
3.745293474E2,4.426050186E0,2.478000164E0,-5.758950233E0
3.745317909E2,8.230500221E-1,6.417000294E0,-3.120000064E-1
3.745342346E2,1.429050088E0,9.532050133E0,3.094050169E0
3.745366782E2,4.029000282E0,9.795000076E0,-3.550500274E-1
3.745391219E2,2.901000023E0,1.030005074E1,-2.452050209E0
3.745415656E2,4.090500176E-1,8.248050690E0,-3.477000237E0
3.745440091E2,-5.290500522E-1,5.851950169E0,-8.430000544E-1
3.745464528E2,6.046950340E0,5.185950279E0,-1.843950033E0
3.745488964E2,1.349100018E1,4.932000160E0,-9.376950264E0
3.745513401E2,1.055595016E1,3.936000109E0,-1.268100071E1
3.745537835E2,6.082950115E0,9.378000259E0,-9.855000496E0
3.745562272E2,9.006000519E0,8.977950096E0,-8.581950188E0
3.745586708E2,7.357050419E0,8.629050255E0,-8.754000664E0
3.745611143E2,9.379500151E-1,9.031050682E0,-5.602950096E0
3.745635580E2,-1.615950108E0,6.876000404E0,-7.399500608E-1
3.745660016E2,2.580000162E0,6.148050308E0,2.500500083E-1
3.745684453E2,9.186000824E0,4.510950089E0,-6.532050133E0
3.745708887E2,6.042000294E0,3.364050150E0,-7.681050301E0
3.745733324E2,1.315950036E0,7.246950150E0,-1.693050027E0
3.745757761E2,9.520500302E-1,1.054695034E1,5.071950436E0
3.745782197E2,1.941000104E0,1.288800049E1,2.218050003E0
3.745806634E2,1.639050126E0,1.392495060E1,6.880500317E-1
3.745831069E2,9.450000525E-1,1.394895077E1,1.260000110E0
3.745855506E2,1.924050093E0,1.032405090E1,1.567050099E0
3.745879942E2,3.174000263E0,8.623950005E0,-9.250500202E-1
3.745904379E2,5.482050419E0,8.800950050E0,-5.481000423E0
3.745928814E2,9.490050316E0,8.896950722E0,-1.226595020E1
3.745953250E2,1.002900028E1,8.830050468E0,-1.429905033E1
3.745977687E2,8.203949928E0,9.642000198E0,-1.219500065E1
3.746002124E2,7.084050179E0,1.000800037E1,-1.151895046E1
3.746026558E2,3.433050156E0,8.761050224E0,-7.726950169E0
3.746050995E2,1.618050098E0,5.715000153E0,-3.199050188E0
3.746075432E2,3.187950134E0,7.413000584E0,2.449500114E-1
3.746099868E2,5.302950382E0,6.457050323E0,-3.766950130E0
3.746124303E2,5.650050163E0,2.236050129E0,-6.630000114E0
3.746148740E2,2.476950169E0,3.780000210E0,-1.654950023E0
3.746173176E2,1.101000071E0,7.792950153E0,4.359000206E0
3.746197613E2,1.242000103E0,1.015200043E1,5.302050114E0
3.746222048E2,1.165050030E0,1.057095051E1,2.802000046E0
3.746246485E2,2.130000114E0,9.651000023E0,5.098050117E0
3.746270921E2,3.390000165E-1,6.072000504E0,6.379500031E-1
3.746295355E2,2.865000248E0,7.008000374E0,-2.124000072E0
3.746319792E2,9.313050270E0,5.515950203E0,-9.147000313E0
3.746344228E2,1.078995037E1,3.160050154E0,-1.389195061E1
3.746368665E2,7.534050465E0,7.506000519E0,-1.218705082E1
3.746393102E2,6.435000420E0,1.079100037E1,-6.541950226E0
3.746417537E2,9.006000519E0,1.111905098E1,-7.408050537E0
3.746441974E2,3.186000109E0,1.062105083E1,-6.466950417E0
3.746466410E2,-1.579500139E-1,8.539950371E0,-4.108950138E0
3.746490847E2,3.222000122E0,5.896950245E0,-2.644050121E0
3.746515282E2,1.026300049E1,5.467950344E0,-9.183000565E0
3.746539719E2,8.020050049E0,3.567000151E0,-1.161495018E1
3.746564155E2,1.678050041E0,5.746050358E0,-5.554950237E0
3.746588592E2,7.339500189E-1,9.571950912E0,3.601950169E0
3.746613028E2,1.189050078E0,1.444200039E1,5.737950325E0
3.746637462E2,3.255000114E0,1.214595032E1,2.356950045E0
3.746661899E2,1.860000134E0,1.237395096E1,-1.569000125E0
3.746686336E2,7.609500289E-1,8.583000183E0,-2.974050045E0
3.746710771E2,1.515000105E0,7.200000286E0,-2.317950010E0
3.746735208E2,7.206000328E0,6.721050262E0,-7.300950527E0
3.746759644E2,1.050105095E1,3.883050203E0,-1.146000099E1
3.746784081E2,6.373050213E0,7.575000286E0,-1.099500084E1
3.746808516E2,7.821000576E0,9.997950554E0,-8.521950722E0
3.746832953E2,8.206950188E0,8.835000038E0,-9.379050255E0
3.746857389E2,1.986000061E0,8.908950806E0,-6.472050190E0
3.746881826E2,-8.100000024E-2,8.855999947E0,1.110000089E-1
3.746906260E2,3.346050262E0,6.816000462E0,1.083000064E0
3.746930697E2,8.872050285E0,5.155050278E0,-7.510950565E0
3.746955133E2,5.767050266E0,2.215050220E0,-7.897050381E0
3.746979568E2,9.469500184E-1,3.526950121E0,-1.807950139E0
3.747004005E2,8.490000367E-1,8.121000290E0,4.363049984E0
3.747028441E2,1.596000075E0,1.032900047E1,3.750000238E0
3.747052878E2,3.163950205E0,1.205505085E1,2.140950203E0
3.747077315E2,1.656000137E0,9.445050240E0,-1.116000056E0
3.747101750E2,-3.829500079E-1,9.891000748E0,1.186050057E0
3.747126187E2,3.679050207E0,9.736950874E0,-2.068950176E0
3.747150623E2,8.130000114E0,9.040950775E0,-8.500050545E0
3.747175060E2,9.102000237E0,7.875000477E0,-1.113195038E1
3.747199494E2,5.452950478E0,1.029795074E1,-8.910000801E0
3.747223931E2,5.503950119E0,1.126995087E1,-8.155050278E0
3.747248367E2,4.381050110E0,1.067805004E1,-7.561950207E0
3.747272804E2,9.160500169E-1,1.098705006E1,-2.260950089E0
3.747297241E2,1.309500039E-1,8.634000778E0,-3.619500101E-1
3.747321676E2,5.686050415E0,7.546950340E0,-2.980950117E0
3.747346113E2,8.707050323E0,4.690050125E0,-1.060995007E1
3.747370549E2,4.237050056E0,1.990050077E0,-8.979000092E0
3.747394983E2,1.620000124E0,3.522000074E0,-2.373000145E0
3.747419420E2,1.915050149E0,1.229505062E1,1.224000096E0
3.747443856E2,7.099500299E-1,9.811950684E0,2.400000095E-1
3.747468293E2,1.669950128E0,6.766050339E0,-4.819500148E-1
3.747492728E2,-1.465050101E0,8.113950729E0,2.131950140E0
3.747517165E2,1.741950035E0,7.495950222E0,4.492950439E0
3.747541601E2,9.481050491E0,8.083050728E0,-4.144950390E0
3.747566038E2,9.567000389E0,4.516050339E0,-7.684050560E0
3.747590475E2,4.765950203E0,4.750050068E0,-6.577950478E0
3.747614909E2,4.764000416E0,6.826050282E0,-4.791000366E0
3.747639346E2,6.889950275E0,7.249950409E0,-7.660050392E0
3.747663782E2,1.363950014E0,5.392050266E0,-7.950000286E0
3.747688219E2,-1.585050106E0,4.417050362E0,-3.379500210E-1
3.747712654E2,2.041949987E0,4.396049976E0,8.505000174E-2
3.747737091E2,9.093000412E0,5.827950478E0,-7.528050423E0
3.747761527E2,6.913950443E0,6.030000448E-1,-7.858950138E0
3.747785962E2,1.687050104E0,1.585050106E0,-5.940000415E-1
3.747810399E2,3.186000109E0,6.946050167E0,3.457950115E0
3.747834835E2,2.377050161E0,1.338195038E1,2.769000053E0
3.747859272E2,1.381050110E0,9.440999985E0,1.284000039E0
3.747883706E2,-6.460500360E-1,1.045800018E1,3.034050226E0
3.747908143E2,-2.811000109E0,1.010400009E1,4.320000112E-1
3.747932579E2,3.250950098E0,7.876950264E0,5.710500479E-1
3.747957016E2,5.041950226E0,7.137000561E0,-9.072000504E0
3.747981453E2,9.958950043E0,2.647950172E0,-1.171095085E1
3.748005888E2,8.203949928E0,5.854050159E0,-1.334895039E1
3.748030325E2,5.416950226E0,6.900000095E0,-1.278105068E1
3.748054761E2,1.957950115E0,4.876950264E0,-1.122495079E1
3.748079198E2,-7.180500627E-1,5.353950024E0,-4.711950302E0
3.748103632E2,1.891050100E0,7.330950260E0,-6.520500183E-1
3.748128069E2,1.024395084E1,6.690000534E0,-4.369950294E0
3.748152506E2,9.148050308E0,4.305000305E0,-4.687950134E0
3.748176940E2,2.668950081E0,1.582950115E0,3.637950182E0
3.748201377E2,3.058950186E0,5.437050343E0,4.141050339E0
3.748225814E2,3.021000147E0,1.185195065E1,2.760000229E-1
3.748250250E2,2.937000036E0,8.943000793E0,-3.235050201E0
3.748274687E2,4.129500091E-1,5.641050339E0,-2.911950111E0
3.748299122E2,-2.130000144E-1,8.296050072E0,-2.637000084E0
3.748323559E2,7.984050274E0,6.570000172E0,-1.036305046E1
3.748347995E2,1.173105049E1,4.614000320E0,-1.165305042E1
3.748372432E2,6.697950363E0,3.031050205E0,-9.436050415E0
3.748396866E2,4.996050358E0,7.116000175E0,-5.775000095E0
3.748421303E2,5.608950138E0,5.839950085E0,-6.609000206E0
3.748445739E2,1.960500032E-1,5.253000259E0,-8.311050415E0
3.748470176E2,-2.939999998E-1,6.096000195E0,-1.135050058E0
3.748494611E2,5.628000259E0,6.301950455E0,8.340000510E-1
3.748519048E2,9.612000465E0,5.397000313E0,-5.268000126E0
3.748543484E2,7.630050182E0,2.824950218E0,-3.700050116E0
3.748567919E2,2.737950087E0,1.894050121E0,1.891950130E0
3.748592356E2,3.544950247E0,5.263050079E0,2.959950209E0
3.748616792E2,5.547000408E0,1.333095074E1,-5.370000005E-1
3.748641229E2,2.665950060E0,9.760950089E0,-1.152000070E0
3.748665665E2,-6.195000187E-2,8.121000290E0,2.500500083E-1
3.748690100E2,-4.360500276E-1,1.140195084E1,-2.689500153E-1
3.748714537E2,2.925000191E0,1.457205105E1,-6.661050320E0
3.748738973E2,4.998000145E0,1.133205032E1,-8.251049995E0
3.748763410E2,3.178950071E0,9.622950554E0,-6.151050091E0
3.748787845E2,8.032050133E0,1.088895035E1,-6.550950527E0
3.748812282E2,9.172050476E0,1.028595066E1,-1.322400093E1
3.748836719E2,2.230950117E0,9.393000603E0,-1.324605083E1
3.748861155E2,-4.570500255E-1,7.195050240E0,-5.893050194E0
3.748885592E2,2.725950241E0,9.760950089E0,-3.568050146E0
3.748910026E2,5.407950401E0,8.218950272E0,-1.046100044E1
3.748934463E2,3.793950081E0,2.476050138E0,-1.168905067E1
3.748958899E2,4.021950245E0,3.337950230E0,-1.969050050E0
3.748983334E2,5.299950123E0,6.529050350E0,3.150000274E-1
3.749007771E2,5.836050510E0,9.472050667E0,1.914000034E0
3.749032207E2,2.733000040E0,6.589050293E0,5.686950207E0
3.749056644E2,9.900000691E-1,7.201950550E0,8.005050659E0
3.749081078E2,2.583000183E0,1.196895027E1,3.046050072E0
3.749105515E2,9.646050453E0,8.119050026E0,-7.831950188E0
3.749129951E2,9.636000633E0,6.136050224E0,-1.365495110E1
3.749154388E2,8.017950058E0,6.388050079E0,-1.315200043E1
3.749178823E2,6.970950127E0,9.649050713E0,-9.058050156E0
3.749203260E2,1.620000124E0,7.314000130E0,-4.813050270E0
3.749227697E2,-7.350000143E-1,5.302950382E0,2.086050034E0
3.749252133E2,3.682050228E0,7.036950111E0,-1.680000126E-1
3.749276570E2,9.540000916E0,8.739000320E0,-8.056950569E0
3.749301005E2,6.196050167E0,5.851950169E0,-1.364295101E1
3.749325442E2,1.756950140E0,4.393050194E0,-7.282050133E0
3.749349878E2,4.201050282E0,6.040950298E0,8.479500413E-1
3.749374315E2,7.246950150E0,1.103295040E1,-5.869500041E-1
3.749398749E2,5.869950294E0,1.162395096E1,-8.719500303E-1
3.749423186E2,1.615050077E0,9.220050812E0,9.349500537E-1
3.749447623E2,-2.149500102E-1,9.586950302E0,1.786950111E0
3.749472060E2,1.996050119E0,1.438005066E1,-1.461000085E0
3.749496494E2,3.997950077E0,1.046505070E1,-6.690000534E0
3.749520931E2,6.448950291E0,7.480050564E0,-8.196000099E0
3.749545367E2,8.451000214E0,7.942050457E0,-1.015200043E1
3.749569804E2,6.009000301E0,8.290950775E0,-1.037505054E1
3.749594239E2,1.669500023E-1,7.707000256E0,-5.685000420E0
3.749618676E2,-7.830000520E-1,5.305950165E0,1.698000073E0
3.749643112E2,3.270000219E0,9.618000031E0,4.510500133E-1
3.749667549E2,7.050000191E0,1.022100067E1,-4.042050362E0
3.749691983E2,4.702050209E0,4.498950005E0,-5.316000462E0
3.749716420E2,5.109000206E0,4.852950096E0,-3.003000259E0
3.749740856E2,8.855999947E0,7.975050449E0,-2.416050196E0
3.749765293E2,7.144050121E0,1.174095058E1,-3.601050138E0
3.749789728E2,2.752950191E0,1.078095055E1,-2.337000132E0
3.749814165E2,3.540000021E-1,8.847000122E0,1.878000140E0
3.749838601E2,1.951050043E0,1.109505081E1,-1.387050033E0
3.749863038E2,7.864050388E0,1.070700073E1,-1.061895084E1
3.749887473E2,7.843050480E0,7.426950455E0,-1.401195049E1
3.749911910E2,6.820950508E0,8.140049934E0,-1.172505093E1
3.749936346E2,7.036050320E0,9.124950409E0,-9.144000053E0
3.749960783E2,1.708950043E0,9.120000839E0,-5.503050327E0
3.749985217E2,-1.669500023E-1,7.855950356E0,1.258050084E0
3.750009654E2,3.361050129E0,7.288050175E0,2.206050158E0
3.750034090E2,7.402050495E0,8.440050125E0,-6.369000435E0
3.750058527E2,4.642050266E0,5.392050266E0,-9.490950584E0
3.750082964E2,2.020050049E0,3.946050167E0,-2.064000130E0
3.750107399E2,5.227950096E0,5.619000435E0,2.103000164E0
3.750131835E2,6.214950085E0,1.013295078E1,1.797000051E0
3.750156272E2,3.241050243E0,1.022400093E1,-8.550000191E-1
3.750180709E2,7.304999977E-2,8.956950188E0,2.041050196E0
3.750205143E2,-5.170500278E-1,9.868950844E0,2.101050138E0
3.750229580E2,3.904050112E0,1.219395065E1,-6.130050182E0
3.750254016E2,7.074000359E0,1.050405025E1,-8.845050812E0
3.750278453E2,7.845000267E0,9.286950111E0,-9.324000359E0
3.750302888E2,7.219950199E0,9.465000153E0,-9.628050804E0
3.750327324E2,2.227950096E0,9.189000130E0,-8.364000320E0
3.750351761E2,-8.350500464E-1,7.333950520E0,-2.505000114E0
3.750376196E2,4.660500288E-1,5.988000393E0,-8.170500398E-1
3.750400633E2,6.114000320E0,7.840950489E0,-5.593950272E0
3.750425069E2,6.808950424E0,5.140050411E0,-8.380050659E0
3.750449506E2,2.724000216E0,3.163050175E0,-3.232950211E0
3.750473943E2,4.414050102E0,4.597050190E0,2.479500175E-1
3.750498377E2,8.980050087E0,8.257950783E0,-2.023950100E0
3.750522814E2,3.808050156E0,9.795000076E0,-4.735949993E0
3.750547251E2,-7.519500256E-1,7.302000523E0,1.593000054E0
3.750571687E2,-1.848000050E0,8.197950363E0,5.106000423E0
3.750596122E2,4.342050076E0,9.496050835E0,-2.584050179E0
3.750620559E2,8.923050880E0,1.040295029E1,-6.385950089E0
3.750644995E2,8.916000366E0,8.671950340E0,-5.935950279E0
3.750669432E2,7.582050323E0,8.338950157E0,-8.517000198E0
3.750693867E2,1.113000035E0,8.626950264E0,-7.447050571E0
3.750718304E2,-2.310000181E0,8.065950394E0,7.500000596E-1
3.750742740E2,-6.919500232E-1,5.566950321E0,1.962000132E0
3.750767177E2,4.294950008E0,7.935000420E0,-4.698000431E0
3.750791611E2,5.932050228E0,7.314000130E0,-7.441950321E0
3.750816048E2,3.169050217E0,3.826050282E0,-1.710000038E0
3.750840485E2,3.049950123E0,4.978050232E0,-1.617000103E0
3.750864921E2,7.201050282E0,8.824950218E0,-2.332950115E0
3.750889356E2,3.540000200E0,1.131105042E1,-2.067000151E0
3.750913793E2,1.483950019E0,7.908000469E0,3.340500295E-1
3.750938229E2,-7.999500632E-1,1.220100021E1,2.103000164E0
3.750962666E2,-6.559500098E-1,1.055895042E1,1.153050065E0
3.750987103E2,2.721000195E0,1.135800076E1,-1.189950109E0
3.751011537E2,6.058950424E0,9.478950500E0,-4.552050114E0
3.751035974E2,1.010295010E1,6.274950504E0,-1.087800026E1
3.751060411E2,4.219950199E0,5.425050259E0,-1.174905014E1
3.751084847E2,-1.063050032E0,3.757050276E0,-3.151050091E0
3.751109282E2,1.021950006E0,2.976000071E0,1.483050108E0
3.751133719E2,4.897950172E0,4.120050430E0,-2.076000214E0
3.751158155E2,4.684950352E0,3.541050196E0,-1.506000042E0
3.751182592E2,2.544000149E0,3.402000189E0,2.296950102E0
3.751207027E2,5.619000435E0,4.860000134E0,1.252950072E0
3.751231463E2,9.745950699E0,9.727950096E0,-3.324000120E0
3.751255900E2,3.214950085E0,9.991050720E0,-1.106999993E0
3.751280334E2,2.595000155E-2,1.204095078E1,2.716050148E0
3.751304771E2,1.189500093E-1,1.024305058E1,6.795000285E-2
3.751329208E2,3.034950256E0,1.025505066E1,-7.327050209E0
3.751353644E2,5.458050251E0,1.089900017E1,-9.658950806E0
3.751378081E2,9.283950806E0,7.804950237E0,-1.209900093E1
3.751402516E2,6.085050106E0,6.081000328E0,-1.166100025E1
3.751426953E2,-5.050500035E-1,5.992950439E0,-5.412000179E0
3.751451389E2,-7.320000529E-1,2.986050129E0,2.869050026E0
3.751475826E2,5.571000099E0,6.306000233E0,-3.379500210E-1
3.751500260E2,9.751049995E0,4.720950127E0,-9.424050331E0
3.751524697E2,1.953000069E0,3.792000294E0,-5.778000355E0
3.751549133E2,3.940500319E-1,4.216050148E0,1.698000073E0
3.751573570E2,6.066000462E0,6.354000092E0,5.100000277E-2
3.751598007E2,6.117000103E0,7.384050369E0,-3.802950144E0
3.751622441E2,-8.569500446E-1,7.008000374E0,1.590000093E-1
3.751646878E2,-3.250500262E-1,5.989950180E0,4.825050354E0
3.751671313E2,9.013950348E0,5.253000259E0,-4.162050247E0
3.751695749E2,1.096305084E1,5.623950481E0,-1.154295063E1
3.751720186E2,7.654050350E0,7.462950230E0,-7.758000374E0
3.751744623E2,9.322950363E0,6.666000366E0,-8.694000244E0
3.751769059E2,2.559000015E0,6.390000343E0,-1.194300079E1
3.751793494E2,-2.535000086E0,7.183050156E0,-4.047000408E0
3.751817931E2,2.518050194E0,5.667000294E0,2.697000027E0
3.751842367E2,7.989000320E0,5.923050404E0,-5.182050228E0
3.751866804E2,4.447950363E0,5.473050117E0,-6.067950249E0
3.751891239E2,9.979500771E-1,4.731000423E0,8.599500656E-1
3.751915676E2,4.147950172E0,4.719000340E0,2.040000111E-1
3.751940112E2,1.106595039E1,6.976950169E0,-9.295050621E0
3.751964549E2,3.639000177E0,8.695950508E0,-7.441950321E0
3.751988986E2,1.170000061E-1,8.539950371E0,4.770000279E-1
3.752013420E2,3.801000118E0,1.163400078E1,-3.204000235E0
3.752037857E2,5.725950241E0,1.054395008E1,-5.301000118E0
3.752062293E2,6.888000488E0,1.136595058E1,-4.863000393E0
3.752086731E2,9.754050255E0,1.186395073E1,-1.062900066E1
3.752111165E2,5.584950447E0,9.610950470E0,-1.046805096E1
3.752135602E2,-1.905000024E-2,9.164999962E0,-4.213950157E0
3.752160038E2,-3.300000131E-1,7.045950413E0,1.777050138E0
3.752184473E2,5.793000221E0,7.474950314E0,-1.933050036E0
3.752208910E2,6.447000504E0,6.120000362E0,-8.980950356E0
3.752233346E2,1.789950132E0,4.534950256E0,-3.709050179E0
3.752257783E2,5.428950310E0,3.543000221E0,-1.075950027E0
3.752282217E2,1.019595051E1,7.987050533E0,-5.650950432E0
3.752306654E2,5.068050385E0,9.414000511E0,-4.429950237E0
3.752331090E2,1.474050045E0,8.329950333E0,1.501950026E0
3.752355527E2,4.575000286E0,1.144005013E1,1.090500057E-1
3.752379964E2,5.644950390E0,1.006095028E1,-2.986050129E0
3.752404399E2,7.270950317E0,9.321000099E0,-5.476050377E0
3.752428836E2,1.070895004E1,9.589050293E0,-9.739950180E0
3.752453272E2,7.524000168E0,7.338000298E0,-1.093995094E1
3.752477709E2,8.730000257E-1,6.924000263E0,-4.666950226E0
3.752502143E2,-1.017000079E0,5.358000278E0,3.556050062E0
3.752526580E2,3.526050091E0,5.818050385E0,1.344000101E0
3.752551016E2,6.544950485E0,5.986050129E0,-6.436050415E0
3.752575453E2,1.351950049E0,4.884000301E0,-3.027000189E0
3.752599890E2,1.933950067E0,5.137950420E0,1.210050106E0
3.752624324E2,6.306000233E0,6.735000134E0,-2.316000223E0
3.752648761E2,5.329050064E0,9.910050392E0,-3.682950258E0
3.752673196E2,1.077000022E0,8.956950188E0,1.606950045E0
3.752697633E2,9.660000205E-1,1.254795074E1,3.529500067E-1
3.752722070E2,3.544950247E0,1.412595081E1,8.320500255E-1
3.752746506E2,4.114950180E0,1.173195076E1,-3.094050169E0
3.752770943E2,9.145050049E0,1.269405079E1,-7.593000412E0
3.752795377E2,9.883050919E0,1.027095032E1,-1.444305038E1
3.752819814E2,2.413050175E0,1.031895065E1,-1.087305069E1
3.752844250E2,-4.120500088E-1,9.057000160E0,2.830500007E-1
3.752868687E2,3.507000208E0,8.800950050E0,1.384950042E0
3.752893122E2,7.575000286E0,1.073100090E1,-7.011000156E0
3.752917559E2,2.800950050E0,6.778050423E0,-5.799000263E0
3.752941995E2,2.439000130E0,5.289000034E0,-3.589950085E0
3.752966432E2,6.946950436E0,7.252050400E0,-4.480050087E0
3.752990869E2,6.142950058E0,9.658050537E0,-6.712050438E0
3.753015304E2,2.475000143E0,7.969950199E0,-2.577000141E0
3.753039740E2,3.969000101E0,1.116405010E1,-1.995000057E-2
3.753064177E2,4.174950123E0,1.067100048E1,-3.597000122E0
3.753088614E2,5.809950352E0,8.337000847E0,-5.277000427E0
3.753113048E2,7.417050362E0,9.900000572E0,-4.532999992E0
3.753137484E2,7.867050171E0,7.968000412E0,-9.553950310E0
3.753161921E2,1.374000072E0,7.354950428E0,-7.368000507E0
3.753186356E2,-7.830000520E-1,3.912000179E0,1.476000071E0
3.753210793E2,6.354000092E0,3.754050255E0,2.055000067E0
3.753235229E2,1.059900093E1,3.088950157E0,-7.015950203E0
3.753259666E2,3.181050062E0,4.915050030E0,-5.337000370E0
3.753284100E2,1.089000106E0,5.203050137E0,4.699500203E-1
3.753308537E2,6.097050190E0,5.344050407E0,-2.019000053E0
3.753332973E2,3.768000126E0,7.006050110E0,-6.606000423E0
3.753357410E2,-6.559500098E-1,6.156000137E0,9.195000678E-2
3.753381847E2,2.805000171E-2,1.040295029E1,-3.430500031E-1
3.753406282E2,5.382000446E0,6.936000347E0,-4.911000252E0
3.753430719E2,7.831050396E0,8.503950119E0,-7.795950413E0
3.753455155E2,7.905000210E0,9.610950470E0,-7.282050133E0
3.753479592E2,6.813000202E0,7.774050236E0,-7.333950520E0
3.753504027E2,1.215000033E0,8.502000809E0,-5.151000023E0
3.753528464E2,-8.929500580E-1,8.305950165E0,3.130050182E0
3.753552900E2,3.412950277E0,6.034050465E0,-2.639999986E-1
3.753577337E2,6.235950470E0,5.944950104E0,-7.741050243E0
3.753601774E2,2.829000235E0,5.248050213E0,-3.906000137E0
3.753626208E2,3.073050261E0,6.781050205E0,-2.158050060E0
3.753650644E2,6.976050377E0,6.376050472E0,-3.139050245E0
3.753675081E2,3.139950037E0,9.069000244E0,-2.953050137E0
3.753699516E2,6.100500226E-1,8.827950478E0,5.899500251E-1
3.753723953E2,1.681950092E0,1.161495018E1,2.449950218E0
3.753748389E2,5.413050175E0,8.602950096E0,-6.501000404E0
3.753772826E2,6.765000343E0,9.306000710E0,-7.063950539E0
3.753797260E2,1.015095043E1,1.024500084E1,-8.268000603E0
3.753821697E2,6.847050190E0,8.935050011E0,-9.268950462E0
3.753846133E2,7.510500550E-1,9.465000153E0,-4.216950417E0
3.753870570E2,-1.096050024E0,8.215050697E0,5.268000126E0
3.753895005E2,3.235950232E0,8.617050171E0,1.234050035E0
3.753919442E2,5.949000359E0,7.864950180E0,-4.552050114E0
3.753943878E2,2.239950180E0,5.962050438E0,-1.951950073E0
3.753968315E2,1.627050042E0,6.879000187E0,3.169500232E-1
3.753992752E2,4.500000000E0,7.458000183E0,-2.376000166E0
3.754017186E2,3.052050114E0,1.038195038E1,-2.871000051E0
3.754041623E2,8.830500245E-1,9.871950150E0,1.393950105E0
3.754066059E2,2.020050049E0,1.028595066E1,1.800000072E-1
3.754090496E2,5.542050362E0,1.083900070E1,-3.111000061E0
3.754114931E2,8.179950714E0,9.357000351E0,-5.661000252E0
3.754139368E2,1.049805069E1,9.675000191E0,-1.134705067E1
3.754163804E2,5.736000061E0,8.646000862E0,-1.159605026E1
3.754188241E2,5.119500160E-1,7.024950504E0,-2.977050066E0
3.754212675E2,1.411950111E0,5.593050480E0,2.596050024E0
3.754237112E2,6.307950497E0,7.354950428E0,-3.235050201E0
3.754261549E2,4.471950054E0,3.177000046E0,-6.292950153E0
3.754285985E2,1.512000084E0,5.667000294E0,-9.150000215E-1
3.754310420E2,5.068050385E0,5.053950310E0,-2.089500129E-1
3.754334857E2,5.800950050E0,5.434950352E0,-4.155000210E0
3.754359293E2,8.419500589E-1,6.558000088E0,1.090500057E-1
3.754383730E2,-1.264050007E0,8.988000870E0,2.686950207E0
3.754408165E2,5.142000198E0,7.297950268E0,-5.518950462E0
3.754432602E2,5.905950069E0,8.137949944E0,-9.669000626E0
3.754457038E2,7.330050468E0,8.989950180E0,-7.791000366E0
3.754481475E2,9.211950302E0,7.279050350E0,-1.015005016E1
3.754505909E2,1.998000145E0,7.894050598E0,-9.582000732E0
3.754530346E2,-1.840950131E0,5.629050255E0,1.729950070E0
3.754554782E2,4.471950054E0,4.234950066E0,4.114050388E0
3.754579219E2,1.080495071E1,1.792950034E0,-7.285950184E0
3.754603654E2,5.998950481E0,4.243050098E0,-6.084000111E0
3.754628091E2,4.548000336E0,4.294950008E0,-2.389950037E0
3.754652528E2,7.393050194E0,4.317000389E0,-4.818000317E0
3.754676964E2,2.235000134E0,5.686050415E0,-3.421950102E0
3.754701398E2,-7.320000529E-1,8.764950752E0,2.070000172E0
3.754725835E2,8.400000334E-1,8.899050713E0,9.349500537E-1
3.754750272E2,6.022950172E0,7.918050289E0,-8.644050598E0
3.754774708E2,5.692950249E0,8.866050720E0,-8.344950676E0
3.754799145E2,7.957950592E0,9.237000465E0,-7.722000599E0
3.754823580E2,4.438050270E0,8.155050278E0,-7.858950138E0
3.754848017E2,-1.341000080E0,9.313950539E0,-1.468050122E0
3.754872453E2,-2.850000262E-1,6.771000385E0,4.335000038E0
3.754896890E2,6.709950447E0,7.549050331E0,-2.194050074E0
3.754921325E2,6.303000450E0,5.707950115E0,-6.220950127E0
3.754945761E2,4.611000061E0,5.164050102E0,-4.770000279E-1
3.754970198E2,6.196050167E0,6.666000366E0,-1.771950126E0
3.754994635E2,5.953950405E0,8.551950455E0,-4.096950054E0
3.755019069E2,1.560000062E0,1.009905052E1,-6.469500065E-1
3.755043506E2,1.453050017E0,1.176105022E1,1.054050088E0
3.755067942E2,3.184050083E0,1.247205067E1,-1.518000126E0
3.755092379E2,3.265050173E0,1.285005093E1,-3.223050117E0
3.755116814E2,7.465050220E0,1.272105026E1,-5.742000103E0
3.755141251E2,8.628000259E0,1.098705006E1,-1.143795013E1
3.755165687E2,3.499950171E0,1.130100060E1,-1.053495026E1
3.755190124E2,5.380499959E-1,1.065405083E1,-1.315050006E0
3.755214559E2,3.571050167E0,8.674050331E0,7.360500097E-1
3.755238995E2,6.355950356E0,8.683950424E0,-5.419050217E0
3.755263432E2,3.775050163E0,6.340050220E0,-2.718000174E0
3.755287869E2,6.090000153E0,7.216050148E0,-1.660050035E0
3.755312303E2,7.162950516E0,5.670000076E0,-4.722000122E0
3.755336740E2,3.406050205E0,7.615950584E0,-2.260950089E0
3.755361176E2,2.287950039E0,9.216000557E0,2.545950174E0
3.755385613E2,2.607000113E0,1.253205013E1,7.480500340E-1
3.755410050E2,2.034000158E0,9.160050392E0,-1.140000105E0
3.755434485E2,5.757000446E0,8.866050720E0,-3.166050196E0
3.755458922E2,1.148505020E1,9.493050575E0,-1.178805065E1
3.755483358E2,6.412950516E0,8.088000298E0,-1.255905056E1
3.755507795E2,2.149500102E-1,9.129000664E0,-3.295050144E0
3.755532229E2,1.632000089E0,6.334950447E0,2.943000078E0
3.755556666E2,8.311950684E0,5.977950096E0,-4.372050285E0
3.755581102E2,5.326050282E0,5.124000072E0,-6.682950497E0
3.755605539E2,4.558050156E0,4.867050171E0,-1.629000068E0
3.755629974E2,9.568950653E0,5.320050240E0,-5.584050179E0
3.755654411E2,4.156050205E0,6.670050144E0,-6.178050518E0
3.755678847E2,-7.129500508E-1,8.373000145E0,4.990500212E-1
3.755703284E2,-9.600000381E-1,8.677050591E0,1.978950143E0
3.755727719E2,5.416950226E0,8.230950356E0,-6.433950424E0
3.755752156E2,6.892050266E0,8.758049965E0,-1.004700089E1
3.755776592E2,8.323950768E0,8.908950806E0,-7.963950157E0
3.755801029E2,6.141000271E0,8.272050858E0,-9.693000793E0
3.755825463E2,-1.389000058E0,1.044105053E1,-3.091950178E0
3.755849900E2,-2.037000179E0,7.839000225E0,6.274050236E0
3.755874336E2,5.146950245E0,6.172050476E0,6.619500518E-1
3.755898773E2,6.910950184E0,4.803000450E0,-8.064000130E0
3.755923208E2,3.729000092E0,5.740950108E0,-2.886000156E0
3.755947645E2,6.172050476E0,5.173950195E0,-3.321000099E0
3.755972081E2,5.959050179E0,5.962050438E0,-4.485000134E0
3.755996518E2,1.159950018E0,8.272050858E0,2.227950096E0
3.756020953E2,-1.087050080E0,1.157100010E1,-8.359500170E-1
3.756045389E2,-2.595000155E-2,9.972000122E0,-1.900500059E-1
3.756069826E2,3.808050156E0,1.095105076E1,-1.174050093E0
3.756094263E2,7.702050209E0,1.030995083E1,-8.385000229E0
3.756118699E2,9.769950867E0,8.940000534E0,-1.322400093E1
3.756143134E2,3.004050255E0,9.904950142E0,-1.075305080E1
3.756167571E2,-6.649500132E-1,9.663000107E0,9.660000205E-1
3.756192007E2,2.305050135E0,7.573050499E0,2.782950163E0
3.756216444E2,5.643000126E0,7.132050514E0,-4.462950230E0
3.756240879E2,4.402050018E0,6.196050167E0,-2.449950218E0
3.756265316E2,7.872000217E0,5.278950214E0,-2.469000101E0
3.756289752E2,8.755050659E0,6.463950157E0,-7.557000160E0
3.756314189E2,1.684950113E0,8.301000595E0,-1.288950086E0
3.756338623E2,-9.649500251E-1,1.414305115E1,4.030950069E0
3.756363060E2,-3.919500113E-1,9.922050476E0,8.749500513E-1
3.756387497E2,3.763050079E0,1.284495068E1,-4.669050217E0
3.756411933E2,8.821949959E0,1.202205086E1,-8.665050507E0
3.756436368E2,1.047195053E1,1.036005020E1,-1.262805080E1
3.756460805E2,3.351000071E0,1.024005032E1,-1.042005062E1
3.756485241E2,-4.399500191E-1,1.080795097E1,1.605000019E0
3.756509678E2,2.812050104E0,8.655000687E0,3.730950117E0
3.756534113E2,6.519000530E0,7.996950150E0,-4.975950241E0
3.756558550E2,5.695050240E0,7.080000401E0,-3.463050127E0
3.756582986E2,8.604000092E0,6.345000267E0,-3.712050200E0
3.756607423E2,9.222000122E0,7.261950493E0,-8.206049919E0
3.756631857E2,2.116050005E0,8.065950394E0,-3.003000259E0
3.756656294E2,1.666050076E0,1.011600018E1,1.123950005E0
3.756680730E2,1.582050085E0,1.349205017E1,1.369500011E-1
3.756705167E2,1.455000043E0,1.078905010E1,-3.124950171E0
3.756729604E2,4.804950237E0,1.092300034E1,-4.966050148E0
3.756754039E2,1.012500095E1,9.223050117E0,-1.193805027E1
3.756778476E2,5.616000175E0,7.450950146E0,-1.020495033E1
3.756802912E2,-4.930500090E-1,1.000995064E1,-4.980000257E-1
3.756827349E2,2.719050169E0,7.039050102E0,2.766000032E0
3.756851784E2,6.412950516E0,5.061000347E0,-5.184000015E0
3.756876220E2,2.688000202E0,6.469050407E0,-3.621000290E0
3.756900657E2,6.540000439E0,3.091050148E0,-1.128000021E0
3.756925094E2,1.101495075E1,4.678050041E0,-8.239050865E0
3.756949528E2,2.962950230E0,5.610000134E0,-4.582950115E0
3.756973965E2,-2.193000078E0,9.823950768E0,5.220000267E0
3.756998401E2,-1.819500029E-1,6.787950516E0,2.365950108E0
3.757022838E2,5.901000500E0,8.008950233E0,-7.453950405E0
3.757047273E2,7.153050423E0,8.967000008E0,-1.251300049E1
3.757071710E2,8.992050171E0,7.606950283E0,-1.080795097E1
3.757096146E2,4.120050430E0,6.393000126E0,-1.203195095E1
3.757120583E2,-2.230950117E0,8.176050186E0,-3.568050146E0
3.757145017E2,1.294050097E0,5.053950310E0,4.560000420E0
3.757169454E2,7.459950447E0,1.732950091E0,-2.694000244E0
3.757193890E2,4.480950356E0,4.128000259E0,-4.510950089E0
3.757218327E2,6.373050213E0,3.214950085E0,9.829500318E-1
3.757242762E2,1.113000011E1,2.169000149E0,-6.493950367E0
3.757267199E2,3.385050058E0,4.153950214E0,-7.246050358E0
3.757291635E2,-3.454950094E0,9.847950935E0,4.579050064E0
3.757316072E2,-6.919500232E-1,8.791950226E0,1.600050092E0
3.757340507E2,5.305050373E0,7.948950291E0,-5.488050461E0
3.757364943E2,7.228050232E0,9.916950226E0,-6.715950489E0
3.757389380E2,9.250950813E0,9.205950737E0,-1.032495022E1
3.757413816E2,2.704950094E0,8.860950470E0,-1.042800045E1
3.757438251E2,-2.497050047E0,1.075695038E1,5.760000348E-1
3.757462688E2,-6.559500098E-1,8.032950401E0,6.208950520E0
3.757487124E2,2.635050058E0,8.072999954E0,-3.645000219E0
3.757511561E2,2.868000031E0,9.037950516E0,-1.399050117E0
3.757535998E2,5.793000221E0,7.555950165E0,1.630950093E0
3.757560433E2,7.105050564E0,7.396050453E0,-7.887000561E0
3.757584870E2,6.514050484E0,7.489050388E0,-7.650000572E0
3.757609306E2,2.347950220E0,1.051995087E1,-2.139000177E0
3.757633743E2,2.520000219E0,1.273995018E1,-2.347050190E0
3.757658177E2,1.444950104E0,1.243095016E1,-3.760500252E-1
3.757682614E2,2.949000120E0,1.323795033E1,-1.123050094E0
3.757707050E2,7.596000195E0,1.080105019E1,-7.459050179E0
3.757731487E2,6.660000324E0,7.237950325E0,-1.180200100E1
3.757755922E2,2.656950235E0,8.860950470E0,-5.349000454E0
3.757780359E2,5.176050186E0,8.287050247E0,-2.227050066E0
3.757804795E2,6.780000210E0,6.610950470E0,-6.490950108E0
3.757829232E2,2.788950205E0,6.816000462E0,-2.719950199E0
3.757853666E2,4.117050171E0,6.259050369E0,1.909050107E0
3.757878103E2,9.460950851E0,5.230950356E0,-5.493000031E0
3.757902539E2,3.739050150E0,5.908950329E0,-2.706000090E0
3.757926976E2,2.695050240E0,8.464050293E0,3.772050142E0
3.757951411E2,3.552000284E0,9.670050621E0,-4.080000222E-1
3.757975848E2,3.682050228E0,1.049895096E1,-3.682950258E0
3.758000284E2,6.937950134E0,1.160700035E1,-6.501000404E0
3.758024721E2,8.913000107E0,9.951000214E0,-1.350705051E1
3.758049156E2,2.101050138E0,1.010400009E1,-1.154595089E1
3.758073592E2,-2.218950033E0,1.039605045E1,2.671050072E0
3.758098029E2,7.605000585E-2,7.768950462E0,5.527050495E0
3.758122466E2,5.736000061E0,7.069950104E0,-4.981050014E0
3.758146902E2,4.848000050E0,5.701050282E0,-3.676050186E0
3.758171337E2,6.286950111E0,5.583000183E0,-3.622950077E0
3.758195774E2,8.667000771E0,6.487950325E0,-9.124950409E0
3.758220210E2,1.467000127E0,7.249950409E0,-3.795000076E0
3.758244647E2,1.459950089E0,9.424050331E0,1.513950109E0
3.758269082E2,9.160500169E-1,1.330995083E1,-9.105000645E-2
3.758293519E2,7.095000148E-2,1.066395092E1,-1.369950056E0
3.758317955E2,3.837000132E0,1.128900051E1,-2.542950153E0
3.758342392E2,8.152050018E0,8.269950867E0,-1.090395069E1
3.758366826E2,3.756000280E0,6.682050228E0,-9.811950684E0
3.758391263E2,-3.540000021E-1,9.001950264E0,-5.820000172E-1
3.758415700E2,5.242950439E0,5.037000179E0,1.537950039E0
3.758440137E2,7.084050179E0,4.963050365E0,-4.966050148E0
3.758464571E2,2.676000118E0,7.173000336E0,-1.162050009E0
3.758489008E2,5.635050297E0,5.334000111E0,-9.510000348E-1
3.758513444E2,8.065950394E0,5.655000210E0,-8.754000664E0
3.758537881E2,1.012050033E0,7.129950523E0,-2.164950132E0
3.758562316E2,-6.769500375E-1,1.088700008E1,2.275050163E0
3.758586753E2,5.929500461E-1,7.702050209E0,-1.710000038E0
3.758611189E2,4.836000443E0,9.874050140E0,-3.502950191E0
3.758635626E2,9.958950043E0,8.551950455E0,-9.420000076E0
3.758660060E2,9.955050468E0,6.802050114E0,-1.501305103E1
3.758684497E2,1.125000000E0,8.728950500E0,-1.075095081E1
3.758708933E2,-2.083050013E0,7.798050404E0,9.730500579E-1
3.758733370E2,3.574050188E0,5.671950340E0,2.344950199E0
3.758757807E2,5.109000206E0,3.079050064E0,-5.086050034E0
3.758782242E2,3.934950113E0,6.409050465E0,1.129050016E0
3.758806679E2,1.017000008E1,3.651000261E0,-1.495050073E0
3.758831115E2,9.382050514E0,3.306000233E0,-9.693000793E0
3.758855552E2,1.432950020E0,7.633050442E0,8.010000587E-1
3.758879986E2,-5.620500445E-1,1.132695007E1,4.519050121E0
3.758904423E2,2.251950026E0,9.157950401E0,-2.227050066E0
3.758928859E2,5.632950306E0,1.246200085E1,-4.024950027E0
3.758953296E2,8.893950462E0,1.222800064E1,-9.060000420E0
3.758977731E2,6.888000488E0,9.571950912E0,-1.316895103E1
3.759002168E2,8.230500221E-1,1.017795086E1,-6.598950386E0
3.759026604E2,1.347000122E0,1.081500053E1,1.224000096E0
3.759051041E2,4.723050117E0,9.010050774E0,-3.739950180E0
3.759075476E2,4.153050423E0,9.429000854E0,-6.115050316E0
3.759099912E2,4.201050282E0,7.200000286E0,-7.189500332E-1
3.759124349E2,8.203949928E0,8.404050827E0,-6.811950207E0
3.759148786E2,5.566050053E0,7.458000183E0,-7.894050598E0
3.759173220E2,1.546050072E0,9.697050095E0,-3.858000278E0
3.759197657E2,2.760000229E0,1.242900085E1,-1.570950031E0
3.759222093E2,1.879050136E0,1.224405098E1,-2.308950186E0
3.759246530E2,3.739050150E0,1.216500092E1,-2.377950191E0
3.759270965E2,8.707050323E0,9.622950554E0,-8.242050171E0
3.759295402E2,6.322050095E0,7.222950459E0,-1.304895020E1
3.759319838E2,3.300000131E-1,9.582000732E0,-6.204000473E0
3.759344275E2,4.680000246E-1,6.204000473E0,-3.930000067E-1
3.759368709E2,4.611000061E0,4.687950134E0,-5.005050182E0
3.759393146E2,2.704950094E0,3.112050056E0,-3.360000134E0
3.759417582E2,5.635050297E0,5.143050194E0,3.789000273E0
3.759442019E2,1.105605030E1,2.446950197E0,-3.964950085E0
3.759466456E2,5.191950321E0,2.167050123E0,-5.469000340E0
3.759490891E2,1.696950078E0,7.626000404E0,3.856050253E0
3.759515328E2,3.658050060E0,6.712950230E0,-2.758950233E0
3.759539764E2,4.849950314E0,7.693050385E0,-7.432050228E0
3.759564201E2,6.532950401E0,8.787000656E0,-6.778950214E0
3.759588636E2,1.011000061E1,6.498000145E0,-1.228995037E1
3.759613072E2,2.155950069E0,7.312050343E0,-1.143795013E1
3.759637509E2,-1.981950045E0,8.233950615E0,5.110500455E-1
3.759661946E2,3.643050194E0,6.261000156E0,4.150050163E0
3.759686380E2,7.012050152E0,4.197000027E0,-5.473950386E0
3.759710816E2,2.446050167E0,6.745050430E0,-2.148000002E0
3.759735253E2,6.178950310E0,6.555000305E0,1.249500066E-1
3.759759688E2,8.227950096E0,5.799000263E0,-9.268950462E0
3.759784125E2,1.050000072E0,6.654000282E0,-2.581950188E0
3.759808562E2,-6.900000572E-2,1.067400074E1,3.115950108E0
3.759832998E2,1.279950023E0,1.235700035E1,-1.897050142E0
3.759857435E2,1.249050021E0,1.120500088E1,-3.690000057E0
3.759881869E2,4.753950119E0,1.312305069E1,-4.791000366E0
3.759906306E2,5.797950268E0,1.085295010E1,-1.057395077E1
3.759930743E2,2.530050039E0,9.340050697E0,-8.572050095E0
3.759955179E2,1.243950009E0,1.119795036E1,-1.189950109E0
3.759979614E2,6.355950356E0,9.595950127E0,-3.118050098E0
3.760004051E2,4.795050144E0,7.800000191E0,-7.437000275E0
3.760028487E2,2.704950094E0,8.763000488E0,-1.132950068E0
3.760052924E2,8.041950226E0,6.601050377E0,-4.279050350E0
3.760077359E2,6.624000549E0,6.013950348E0,-8.788050652E0
3.760101795E2,2.299950123E0,7.615950584E0,-1.606950045E0
3.760126232E2,3.210000038E0,1.016805077E1,5.100000277E-2
3.760150669E2,3.418050051E0,9.358950615E0,-2.526000023E0
3.760175106E2,4.474050045E0,1.207005024E1,7.950000465E-3
3.760199540E2,1.056000042E1,9.654000282E0,-7.248000145E0
3.760223977E2,6.025950432E0,8.490000725E0,-1.232895088E1
3.760248413E2,-4.860000312E-1,1.117200089E1,-4.858050346E0
3.760272848E2,-6.850500107E-1,9.016950607E0,3.685950279E0
3.760297285E2,6.184050083E0,7.063050270E0,-1.710000038E0
3.760321721E2,3.265050173E0,6.651000500E0,-3.637050152E0
3.760346158E2,3.685950279E0,7.420050144E0,1.180950046E0
3.760370592E2,8.425050735E0,6.381000519E0,-6.481950283E0
3.760395029E2,4.560000420E0,6.838050365E0,-7.477950573E0
3.760419466E2,4.090500176E-1,8.794050217E0,2.199000120E0
3.760443902E2,1.576950073E0,1.140195084E1,9.000000358E-2
3.760468339E2,2.532000065E0,9.073950768E0,-2.995950222E0
3.760492774E2,6.277050495E0,1.145400047E1,-5.112000465E0
3.760517211E2,9.394050598E0,8.713050842E0,-1.200495052E1
3.760541647E2,4.381050110E0,6.916950226E0,-1.448595047E1
3.760566084E2,-4.000500143E-1,9.055050850E0,-3.793050289E0
3.760590518E2,1.158000112E0,7.414950371E0,8.650500178E-1
3.760614955E2,3.946950197E0,5.176050186E0,-4.408050060E0
3.760639392E2,1.669950128E0,5.851950169E0,-8.190000653E-1
3.760663828E2,5.203950405E0,4.650000095E0,1.098000050E0
3.760688263E2,9.775050163E0,2.704950094E0,-7.003950119E0
3.760712700E2,3.166950226E0,4.510950089E0,-4.882050037E0
3.760737136E2,-6.970500350E-1,7.816950321E0,3.540000200E0
3.760761573E2,8.110500574E-1,7.803000450E0,3.720000088E-1
3.760786010E2,4.455000401E0,8.940000534E0,-1.270500124E-1
3.760810444E2,8.590050697E0,9.108000755E0,-5.284950256E0
3.760834881E2,8.072999954E0,7.237950325E0,-1.432095051E1
3.760859318E2,-5.269500017E-1,8.598000526E0,-1.155795097E1
3.760883752E2,-2.467950106E0,8.583000183E0,8.250000477E-1
3.760908189E2,4.455000401E0,4.888950348E0,1.282050014E0
3.760932625E2,6.483000278E0,4.843950272E0,-3.841050148E0
3.760957062E2,5.539950371E0,6.912000179E0,4.969500303E-1
3.760981497E2,9.409049988E0,6.679950237E0,-4.653000355E0
3.761005934E2,5.350050449E0,5.767950058E0,-9.718950272E0
3.761030371E2,1.810500026E-1,8.394000053E0,-2.880000174E-1
3.761054807E2,7.080000043E-1,1.156395054E1,-4.600500166E-1
3.761079244E2,1.237050056E0,1.042695045E1,-4.729050159E0
3.761103678E2,3.009000063E0,1.197600079E1,-4.990050316E0
3.761128115E2,8.740950584E0,1.077405071E1,-8.164950371E0
3.761152551E2,5.925000191E0,8.056950569E0,-1.136895084E1
3.761176988E2,-4.860000312E-1,1.100895023E1,-3.361950159E0
3.761201423E2,8.659500480E-1,9.274950027E0,3.813000202E0
3.761225860E2,5.628000259E0,8.803950310E0,-2.239050150E0
3.761250296E2,3.129000187E0,8.734050751E0,-2.950050116E0
3.761274733E2,4.206000328E0,8.233950615E0,1.990950108E0
3.761299167E2,7.174950123E0,7.461000443E0,-5.641050339E0
3.761323604E2,3.222000122E0,6.619950294E0,-5.191050053E0
3.761348041E2,1.546050072E0,1.010100079E1,9.660000205E-1
3.761372477E2,3.361050129E0,1.142295074E1,-2.574000120E0
3.761396912E2,3.406050205E0,9.748950005E0,-5.910000324E0
3.761421349E2,6.519000530E0,1.344405079E1,-5.590950489E0
3.761445785E2,9.262950897E0,9.164999962E0,-1.182105064E1
3.761470222E2,3.604950190E0,8.482950211E0,-1.106895065E1
3.761494657E2,3.439500034E-1,8.866050720E0,-1.540050030E0
3.761519094E2,2.266950130E0,6.438000202E0,-1.336050034E0
3.761543530E2,4.089000225E0,4.137000084E0,-7.711950302E0
3.761567967E2,1.402050018E0,4.846050262E0,-4.861050129E0
3.761592401E2,6.777000427E0,3.184050083E0,-2.055000067E0
3.761616838E2,9.370050430E0,3.450000286E-1,-7.356000423E0
3.761641275E2,1.969950080E0,3.984000206E0,-2.269950151E0
3.761665711E2,-5.070000291E-1,5.278950214E0,3.910950184E0
3.761690149E2,4.278000355E0,4.405050278E0,2.290050030E0
3.761714583E2,5.109000206E0,7.374000549E0,-2.871000051E0
3.761739020E2,7.455000401E0,7.504050255E0,-3.360000134E0
3.761763456E2,7.438050270E0,4.906050205E0,-7.305000305E0
3.761787893E2,2.290950060E0,6.661050320E0,-1.095900059E1
3.761812328E2,2.923050165E0,6.057000160E0,-1.310205078E1
3.761836765E2,8.379000664E0,4.045950413E0,-1.307595062E1
3.761861201E2,2.566050053E0,3.619950056E0,-6.645000458E0
3.761885638E2,-4.380000234E-1,6.273000240E0,6.424950123E0
3.761910072E2,2.146950006E0,7.132050514E0,5.304000378E0
3.761934509E2,4.903050423E0,6.843000412E0,3.966000080E0
3.761958945E2,3.913950205E0,7.264050484E0,1.816050053E0
3.761983380E2,3.435000181E0,1.034295082E1,2.005050182E0
3.762007817E2,5.578050137E0,1.046805096E1,-4.267050266E0
3.762032254E2,6.259950161E0,1.224195099E1,-9.778950691E0
3.762056690E2,7.090950489E0,1.102995014E1,-1.565700054E1
3.762081127E2,1.447950125E0,8.670000076E0,-1.299405098E1
3.762105562E2,-4.800000042E-2,8.617050171E0,-3.082050085E0
3.762129998E2,3.555000067E0,9.723000526E0,1.147950053E0
3.762154435E2,3.649950266E0,7.663950443E0,-3.688050270E0
3.762178872E2,2.118000031E0,6.823950291E0,-8.149500489E-1
3.762203306E2,6.033000469E0,7.578000546E0,-2.115000010E0
3.762227743E2,6.837000370E0,5.658000469E0,-1.013505077E1
3.762252180E2,1.642050028E0,5.907000065E0,-3.982050180E0
3.762276616E2,1.500000119E0,7.036950111E0,2.881050110E0
3.762301053E2,2.938950062E0,7.594950199E0,-1.506000042E0
3.762325488E2,4.014000416E0,9.261000633E0,1.050000079E-3
3.762349925E2,9.916050911E0,8.287050247E0,-3.831000090E0
3.762374361E2,8.109000206E0,6.301950455E0,-1.276200104E1
3.762398798E2,4.500000179E-2,8.752950668E0,-7.545000553E0
3.762423233E2,-5.719500184E-1,8.839950562E0,1.270050049E0
3.762447669E2,5.896050453E0,5.205000401E0,-3.319050074E0
3.762472106E2,3.820050240E0,6.022050381E0,-5.505000114E0
3.762496543E2,2.938950062E0,6.607950211E0,1.615050077E0
3.762520977E2,9.267000198E0,5.494950294E0,-4.684050083E0
3.762545414E2,5.281050205E0,5.535000324E0,-8.440050125E0
3.762569850E2,1.033950090E0,8.533050537E0,1.950000077E-1
3.762594285E2,1.354050040E0,9.637050629E0,-7.909500599E-1
3.762618722E2,2.857950211E0,9.369000435E0,-3.922050238E0
3.762643159E2,5.749950409E0,1.215600014E1,-3.544050217E0
3.762667595E2,9.306000710E0,1.108095074E1,-9.208950043E0
3.762692032E2,4.222949982E0,8.236050606E0,-1.048500061E1
3.762716467E2,1.380000114E-1,1.057995033E1,-2.068950176E0
3.762740903E2,3.399000168E0,8.281949997E0,1.417950034E0
3.762765340E2,5.275950432E0,7.173000336E0,-4.083000183E0
3.762789777E2,3.142950058E0,9.034049988E0,-1.018050075E0
3.762814211E2,6.331950188E0,8.133000374E0,-1.432050109E0
3.762838648E2,6.001950264E0,7.762050152E0,-7.072950363E0
3.762863085E2,1.512000084E0,8.140049934E0,-3.031950235E0
3.762887521E2,1.468950033E0,1.061595058E1,-4.510500133E-1
3.762911958E2,2.391000032E0,1.137300014E1,-3.475050211E0
3.762936393E2,1.725000024E0,1.240200043E1,-2.719950199E0
3.762960830E2,6.574050426E0,1.244295025E1,-5.701050282E0
3.762985266E2,7.045950413E0,8.353950500E0,-1.090605068E1
3.763009703E2,1.282950044E0,9.192000389E0,-6.087000370E0
3.763034138E2,4.249500334E-1,7.812000275E0,1.675050020E0
3.763058574E2,5.170950413E0,5.260050297E0,-5.680500269E-1
3.763083011E2,3.732000113E0,5.193000317E0,-3.688050270E0
3.763107445E2,5.242950439E0,4.690050125E0,-6.349500418E-1
3.763131882E2,1.061295033E1,3.780000210E0,-7.051950455E0
3.763156318E2,5.209050179E0,4.417050362E0,-8.673000336E0
3.763180755E2,6.120000482E-1,6.687000275E0,1.773000121E0
3.763205190E2,6.430500150E-1,8.385000229E0,6.379500031E-1
3.763229627E2,1.077000022E0,6.622950077E0,-1.498950124E0
3.763254064E2,4.990950108E0,9.534000397E0,-2.134050131E0
3.763278500E2,1.033995056E1,6.763950348E0,-9.463050842E0
3.763302937E2,4.714050293E0,5.835000515E0,-1.231005096E1
3.763327371E2,-1.350000024E0,7.791000366E0,-5.779950142E0
3.763351808E2,3.334050179E0,5.776950359E0,-1.542000055E0
3.763376244E2,6.460950375E0,3.844950199E0,-5.665050507E0
3.763400681E2,-6.799500585E-1,5.643000126E0,3.900000080E-2
3.763425116E2,6.081000328E0,5.590950489E0,2.698950052E0
3.763449553E2,1.092405033E1,3.783000231E0,-8.424000740E0
3.763473990E2,2.554050207E0,5.623950481E0,-4.453950405E0
3.763498426E2,-2.179500163E-1,8.452050209E0,4.090050220E0
3.763522863E2,2.038950205E0,8.212050438E0,-1.983000040E0
3.763547297E2,5.415000439E0,1.034100056E1,-5.649000168E0
3.763571733E2,8.851050377E0,1.160295010E1,-8.980950356E0
3.763596170E2,7.026000500E0,9.534000397E0,-1.613100052E1
3.763620605E2,-2.370000184E-1,9.760950089E0,-9.514950752E0
3.763645042E2,-7.609500289E-1,1.064505005E1,1.428000093E0
3.763669478E2,4.204050064E0,7.222950459E0,-1.261950016E0
3.763693915E2,4.467000008E0,7.068000317E0,-4.597949982E0
3.763718349E2,4.338000298E0,7.498950481E0,-5.560500026E-1
3.763742786E2,9.057000160E0,5.703000069E0,-5.938050270E0
3.763767223E2,5.584950447E0,5.860950470E0,-9.034049988E0
3.763791659E2,1.105050087E0,8.515950203E0,3.289500177E-1
3.763816094E2,3.073050261E0,9.342000008E0,-1.780500114E-1
3.763840531E2,2.713950157E0,1.027395058E1,-2.395050049E0
3.763864968E2,3.399000168E0,1.300605106E1,-4.750500321E-1
3.763889404E2,8.650050163E0,9.759000778E0,-8.011950493E0
3.763913841E2,3.433050156E0,8.149950027E0,-1.136100101E1
3.763938276E2,-9.409500360E-1,9.180000305E0,-1.710000038E0
3.763962713E2,-3.299999982E-2,7.630050182E0,3.481950283E0
3.763987149E2,3.811050177E0,6.298950195E0,-1.047000051E0
3.764011586E2,2.628000021E0,7.108950138E0,-4.819500148E-1
3.764036020E2,5.197050095E0,7.623000145E0,5.850000381E-1
3.764060457E2,6.748950481E0,6.373050213E0,-5.967000484E0
3.764084893E2,3.253050089E0,6.328050137E0,-4.339050293E0
3.764109328E2,2.137050152E0,9.808950424E0,-5.560500026E-1
3.764133765E2,2.149049997E0,9.321000099E0,-3.985050201E0
3.764158201E2,2.038950205E0,9.105000496E0,-3.442950249E0
3.764182638E2,7.110000134E0,1.078095055E1,-4.791000366E0
3.764207075E2,8.319000244E0,6.385050297E0,-1.219005013E1
3.764231510E2,2.797950029E0,7.501050472E0,-9.493950844E0
3.764255947E2,1.215000033E0,7.342950344E0,-1.690950036E0
3.764280383E2,4.536000252E0,5.004000187E0,-3.106050253E0
3.764304820E2,3.342000246E0,4.911000252E0,-4.746000290E0
3.764329254E2,2.058000088E0,5.716950417E0,3.670500219E-1
3.764353691E2,8.358000755E0,4.195050240E0,-3.645000219E0
3.764378127E2,7.375950336E0,4.052999973E0,-6.520050526E0
3.764402564E2,2.959500253E-1,6.268050194E0,8.599500656E-1
3.764426999E2,2.640000105E0,6.663000107E0,2.170050144E0
3.764451435E2,4.843050003E0,6.108000278E0,-4.447050095E0
3.764475872E2,2.856000185E0,9.253950119E0,-2.778000116E0
3.764500308E2,9.210000038E0,7.113000393E0,-4.984950066E0
3.764524745E2,5.161050320E0,6.591000080E0,-1.146705055E1
3.764549180E2,-2.824950218E0,8.914050102E0,-1.126049995E0
3.764573616E2,-2.205000162E0,7.354950428E0,6.307050228E0
3.764598053E2,4.915050030E0,5.491950035E0,-1.717050076E0
3.764622488E2,4.060050011E0,6.864000320E0,-3.367050171E0
3.764646924E2,3.400950193E0,6.940950394E0,8.680500388E-1
3.764671361E2,5.130000114E0,6.565050125E0,-5.689050198E0
3.764695797E2,2.213999987E0,6.642000198E0,-4.468050003E0
3.764720232E2,1.215000033E0,9.541050911E0,1.545000076E0
3.764744669E2,2.752950191E0,9.844950676E0,-1.981050134E0
3.764769105E2,2.142000198E0,1.022100067E1,-5.256000042E0
3.764793542E2,1.729950070E0,1.189200020E1,1.081050038E0
3.764817979E2,4.114950180E0,1.029105091E1,-4.123050213E0
3.764842414E2,2.932050228E0,9.910050392E0,-6.151050091E0
3.764866850E2,9.109500647E-1,1.002495003E1,-1.279050112E0
3.764891287E2,2.721000195E0,8.457000732E0,4.330049992E0
3.764915724E2,4.684950352E0,9.333000183E0,-4.518000126E0
3.764940158E2,2.623050213E0,8.598000526E0,-3.277950048E0
3.764964595E2,4.231950283E0,9.385950089E0,-2.260500044E-1
3.764989031E2,7.587000370E0,9.262950897E0,-5.694000244E0
3.765013468E2,3.547950268E0,8.988000870E0,-5.349000454E0
3.765037903E2,1.311000109E0,1.000995064E1,4.129500091E-1
3.765062339E2,3.496950150E0,1.126695061E1,-2.076000214E0
3.765086776E2,3.595050097E0,9.726000786E0,-5.380050182E0
3.765111213E2,1.608000040E0,1.001805019E1,-1.518000126E0
3.765135647E2,6.739050388E0,8.788949966E0,-4.291050434E0
3.765160083E2,6.973950386E0,8.356050491E0,-8.854949951E0
3.765184520E2,1.891050100E0,8.698050499E0,-2.232000113E0
3.765208957E2,3.550050259E0,7.948950291E0,1.135950089E0
3.765233392E2,7.050000191E0,8.437050819E0,-5.134050369E0
3.765257829E2,3.439950228E0,6.687000275E0,-4.795950413E0
3.765282265E2,1.993950129E0,6.558000088E0,6.709500551E-1
3.765306702E2,5.473050117E0,6.469050407E0,-2.602950096E0
3.765331137E2,3.142950058E0,7.000950336E0,-4.056000233E0
3.765355573E2,8.560500145E-1,6.048000336E0,2.638950109E0
3.765380010E2,3.598050117E0,7.393050194E0,3.480000198E-1
3.765404447E2,4.378050327E0,7.824000359E0,-4.174050331E0
3.765428881E2,1.251000047E0,7.306950569E0,-3.159000158E0
3.765453318E2,1.242000103E0,7.959000587E0,8.410500288E-1
3.765477755E2,3.898950100E0,9.523950577E0,-1.353000045E0
3.765502191E2,2.070000172E0,9.160050392E0,-1.339050055E0
3.765526628E2,2.050500065E-1,8.812950134E0,1.003950000E0
3.765551063E2,1.552950025E0,8.329950333E0,3.166050196E0
3.765575499E2,4.243950367E0,9.453000069E0,-6.712050438E0
3.765599936E2,1.450050116E0,8.430000305E0,-5.955000401E0
3.765624370E2,2.164050102E0,7.876950264E0,-2.541000128E0
3.765648807E2,3.871050119E0,1.043205070E1,-5.694000244E0
3.765673244E2,2.760000229E0,1.084095097E1,-4.576050282E0
3.765697680E2,7.990500331E-1,8.490000725E0,1.372950077E0
3.765722117E2,3.712950230E0,9.097949982E0,-1.899000049E0
3.765746552E2,5.065050125E0,1.001505089E1,-8.697000504E0
3.765770989E2,2.080049992E0,7.630050182E0,-7.078050137E0
3.765795425E2,4.102950096E0,7.732950211E0,-2.752050161E0
3.765819862E2,6.265050411E0,9.364050865E0,-5.850000381E0
3.765844297E2,1.639050126E0,8.734050751E0,-4.261950016E0
3.765868734E2,3.420000076E-1,7.573050499E0,2.042999983E0
3.765893170E2,6.354000092E0,7.666050434E0,-1.918050051E0
3.765917607E2,7.489050388E0,7.024950504E0,-7.879950523E0
3.765942041E2,1.623000026E0,8.176050186E0,-2.694000244E0
3.765966478E2,4.986000061E0,7.618950367E0,6.795000285E-2
3.765990914E2,6.652950287E0,8.085000038E0,-1.674000025E0
3.766015351E2,1.720950127E0,8.728950500E0,7.950000465E-3
3.766039786E2,1.512000084E0,8.623950005E0,9.060000181E-1
3.766064222E2,7.062000275E0,8.253000259E0,-7.285950184E0
3.766088659E2,5.475000381E0,7.978050232E0,-1.192905045E1
3.766113096E2,2.269500047E-1,7.240050316E0,-4.456050396E0
3.766137530E2,7.890000343E-1,7.768950462E0,4.129500091E-1
3.766161967E2,3.409050226E0,8.832000732E0,-6.760500073E-1
3.766186404E2,2.070000172E0,6.382950306E0,1.696050048E0
3.766210840E2,6.070500016E-1,7.153950214E0,1.131000042E0
3.766235275E2,7.438050270E0,8.752950668E0,-1.072950006E0
3.766259712E2,6.457050323E0,6.775950432E0,-8.874000549E0
3.766284148E2,1.888050079E0,7.686000347E0,-4.582950115E0
3.766308585E2,1.639050126E0,1.045800018E1,1.153050065E0
3.766333022E2,2.491950035E0,1.072605038E1,2.209500074E-1
3.766357457E2,1.587000132E0,1.018800068E1,9.610500336E-1
3.766381894E2,5.950500369E-1,8.787000656E0,2.605950117E0
3.766406330E2,4.897950172E0,1.013700008E1,7.410000563E-1
3.766430767E2,5.737950325E0,9.393000603E0,-9.700050354E0
3.766455201E2,3.151950121E0,8.509050369E0,-6.640050411E0
3.766479638E2,3.532950163E0,1.111695099E1,-4.618950367E0
3.766504074E2,5.343000412E0,1.194000053E1,-5.433000088E0
3.766528511E2,7.680000067E-1,1.030500031E1,-2.197950125E0
3.766552946E2,1.042950034E0,8.844000816E0,1.263000011E0
3.766577383E2,6.162000179E0,9.960000038E0,-1.441950083E0
3.766601819E2,7.510050297E0,9.649050713E0,-8.991000175E0
3.766626254E2,2.215950012E0,8.137949944E0,-6.745050430E0
3.766650691E2,2.182950020E0,7.140000343E0,3.100500107E-1
3.766675127E2,4.062000275E0,1.107795048E1,-5.220000148E-1
3.766699564E2,1.612950087E0,8.782050133E0,-4.650000334E-1
3.766724001E2,1.140000075E-1,8.160000801E0,3.649950266E0
3.766748435E2,4.797000408E0,7.378950119E0,-7.789500356E-1
3.766772872E2,7.507950306E0,7.683000565E0,-7.557000160E0
3.766797308E2,2.026950121E0,7.149000168E0,-6.112950325E0
3.766821745E2,1.438050032E0,7.864950180E0,9.160500169E-1
3.766846180E2,5.283000469E0,9.903000832E0,3.979500234E-1
3.766870617E2,2.764950037E0,9.390000343E0,-7.740000486E-1
3.766895053E2,6.670500040E-1,8.955000877E0,8.509500623E-1
3.766919490E2,2.863050222E0,8.803950310E0,9.199500680E-1
3.766943925E2,6.373050213E0,1.082700062E1,-7.642950535E0
3.766968362E2,3.291000128E0,9.975000381E0,-7.423050404E0
3.766992799E2,1.500000060E-1,1.006305027E1,1.155000091E0
3.767017235E2,2.086950064E0,1.120995045E1,5.779500008E-1
3.767041672E2,2.595000029E0,1.117200089E1,-1.714950085E0
3.767066106E2,1.864050031E0,1.033395004E1,2.809500098E-1
3.767090543E2,3.696000099E0,1.003905010E1,-6.280500293E-1
3.767114979E2,7.156050205E0,1.081995010E1,-8.050050735E0
3.767139414E2,3.691050291E0,1.002195072E1,-8.799000740E0
3.767163851E2,1.014000058E0,9.028950691E0,-1.132950068E0
3.767188287E2,4.563000202E0,1.022400093E1,-7.950000167E-1
3.767212724E2,4.741950035E0,1.078605080E1,-3.586950064E0
3.767237158E2,1.347000122E0,8.682000160E0,-1.168950081E0
3.767261595E2,2.182950020E0,6.843000412E0,4.849500358E-1
3.767286032E2,6.447000504E0,8.734050751E0,-4.168950081E0
3.767310468E2,5.347950459E0,7.618950367E0,-8.947950363E0
3.767334905E2,2.029500157E-1,7.051050186E0,-2.305950165E0
3.767359340E2,2.568000078E0,7.956000328E0,2.469000101E0
3.767383777E2,6.519000530E0,8.293950081E0,-9.580500722E-1
3.767408213E2,4.294950008E0,8.203050613E0,-2.272950172E0
3.767432650E2,2.772000074E0,7.666050434E0,-4.360500276E-1
3.767457085E2,8.130000114E0,8.229000092E0,-5.467050076E0
3.767481522E2,6.718050480E0,8.646000862E0,-8.140950203E0
3.767505958E2,7.770000100E-1,8.920950890E0,-3.666000128E0
3.767530395E2,-6.990000606E-1,1.023495007E1,1.320000052E0
3.767554829E2,3.652950287E0,1.151400089E1,-9.150000215E-1
3.767579266E2,3.756000280E0,1.173000050E1,-2.521950006E0
3.767603703E2,1.579050064E0,1.029105091E1,-5.920500159E-1
3.767628140E2,2.470050097E0,9.358950615E0,-2.089500129E-1
3.767652574E2,4.576950073E0,1.208895016E1,-6.139050484E0
3.767677011E2,3.471000195E0,1.165800095E1,-5.935950279E0
3.767701447E2,6.000000238E-1,9.919050217E0,-8.860500455E-1
3.767725884E2,1.354050040E0,1.062300014E1,9.660000205E-1
3.767750319E2,3.078000069E0,1.306800079E1,-8.959500194E-1
3.767774756E2,2.425050020E0,1.006500053E1,-2.863950253E0
3.767799192E2,2.326050043E0,8.169000626E0,-2.328000069E0
3.767823629E2,4.960050106E0,9.180000305E0,-5.128950119E0
3.767848066E2,3.864000082E0,9.886050224E0,-6.501000404E0
3.767872500E2,9.280500412E-1,6.112950325E0,-1.380000114E0
3.767896937E2,1.753950119E0,6.787950516E0,1.521000028E0
3.767921374E2,3.322050095E0,8.374950409E0,-1.771950126E0
3.767945808E2,2.202000141E0,6.409050465E0,-3.478950262E0
3.767970245E2,6.430500150E-1,5.422950268E0,2.500500083E-1
3.767994682E2,6.544950485E0,5.832000256E0,-1.681050062E0
3.768019118E2,9.211950302E0,7.137000561E0,-8.485950470E0
3.768043555E2,1.029000044E0,8.100000381E0,-6.112950325E0
3.768067990E2,-4.519500136E-1,5.791950226E0,1.930950046E0
3.768092426E2,5.664000034E0,6.493050098E0,-2.830500007E-1
3.768116863E2,8.080050468E0,8.028000832E0,-6.058050156E0
3.768141297E2,1.654050112E0,7.638000488E0,-3.790950298E0
3.768165734E2,3.817950249E0,6.912000179E0,-1.624050021E0
3.768190171E2,9.411000252E0,8.251049995E0,-6.343050480E0
3.768214607E2,3.070950031E0,9.334950447E0,-7.711950302E0
3.768239044E2,-1.128000021E0,8.490000725E0,-1.060500070E-1
3.768263479E2,2.494050026E0,9.208050728E0,6.070500016E-1
3.768287916E2,6.808950424E0,1.044600010E1,-5.550000191E0
3.768312352E2,1.414050102E0,1.048695087E1,-5.500050068E0
3.768336789E2,8.110500574E-1,9.535950661E0,9.195000678E-2
3.768361224E2,5.167950153E0,1.022400093E1,-3.265950203E0
3.768385661E2,6.451950073E0,1.153095055E1,-5.095950127E0
3.768410097E2,1.479000092E0,1.054395008E1,-1.473000050E0
3.768434534E2,3.000000119E-2,9.807000160E0,2.400000095E0
3.768458968E2,1.906950116E0,1.092300034E1,6.190500259E-1
3.768483405E2,5.413050175E0,1.150200081E1,-2.637000084E0
3.768507842E2,3.928050280E0,1.057995033E1,-3.172950268E0
3.768532278E2,4.780950069E0,9.556050301E0,-2.731950045E0
3.768556713E2,6.720000267E0,1.106400013E1,-5.883000374E0
3.768581150E2,3.088050127E0,1.171500015E1,-6.637050152E0
3.768605586E2,6.499500275E-1,1.092300034E1,-1.051950097E0
3.768630023E2,2.266950130E0,1.187805080E1,1.500000119E0
3.768654457E2,5.197050095E0,1.201905060E1,-1.557000041E0
3.768678894E2,2.800950050E0,9.912000656E0,-3.640050173E0
3.768703331E2,2.343000174E0,8.169000626E0,-1.372050047E0
3.768727767E2,6.720000267E0,7.480050564E0,-3.259050131E0
3.768752202E2,6.748950481E0,8.559000015E0,-9.156000137E0
3.768776639E2,2.074949980E0,6.328050137E0,-6.451050282E0
3.768801075E2,7.729500532E-1,3.637050152E0,9.280500412E-1
3.768825512E2,6.184050083E0,8.112000465E0,-7.930500507E-1
3.768849949E2,4.036050320E0,9.168000221E0,-3.163050175E0
3.768874384E2,1.411950111E0,6.771000385E0,-6.300000548E-1
3.768898821E2,1.881000042E0,6.591000080E0,1.617000103E0
3.768923257E2,7.681950569E0,7.480050564E0,-4.225950241E0
3.768947694E2,3.853950262E0,7.947000504E0,-8.754000664E0
3.768972128E2,-2.269500047E-1,6.972000122E0,-1.666950107E0
3.768996565E2,3.246000051E0,7.446000576E0,1.488000035E0
3.769021002E2,6.526050091E0,7.959000587E0,-2.943000078E0
3.769045438E2,1.771050096E0,8.140049934E0,-1.755000114E0
3.769069873E2,8.350500464E-1,6.049950123E0,2.551050186E0
3.769094309E2,6.631050110E0,7.650000572E0,-2.143050194E0
3.769118747E2,6.895050526E0,9.019050598E0,-9.682950020E0
3.769143181E2,5.929500461E-1,7.413000584E0,-4.762950420E0
3.769167618E2,-8.640000224E-1,6.646050453E0,2.455050230E0
3.769192054E2,2.500950098E0,1.020405006E1,8.839500546E-1
3.769216491E2,4.522050381E0,1.059900093E1,-3.016950130E0
3.769240928E2,2.001000166E0,9.610950470E0,-1.051950097E0
3.769265362E2,1.777950048E0,9.850050926E0,3.190500140E-1
3.769289799E2,4.764000416E0,1.132200050E1,-2.979000092E0
3.769314235E2,3.423000097E0,1.214595032E1,-5.638950348E0
3.769338672E2,1.483950019E0,1.041495037E1,3.000000119E-1
3.769363107E2,1.455000043E0,1.102305031E1,2.170050144E0
3.769387544E2,3.399000168E0,1.188495064E1,1.995000057E-2
3.769411980E2,3.504000187E0,1.225905037E1,-4.096950054E0
3.769436417E2,2.422049999E0,9.523950577E0,-1.638000131E0
3.769460851E2,5.209050179E0,1.010100079E1,-2.533950090E0
3.769485288E2,6.679050446E0,1.307295036E1,-8.857050896E0
3.769509725E2,3.828000069E0,1.112595081E1,-6.889050484E0
3.769534161E2,8.350500464E-1,8.121000290E0,-7.570500374E-1
3.769558598E2,2.737950087E0,7.621050358E0,1.222050071E0
3.769583033E2,4.864050388E0,1.165995026E1,-3.597000122E0
3.769607469E2,3.685950279E0,6.508050442E0,-5.377950191E0
3.769631906E2,1.977000117E0,4.258950233E0,-4.357950211E0
3.769656340E2,5.536950111E0,6.157950401E0,-5.245950222E0
3.769680777E2,5.668950081E0,6.643950462E0,-8.433000565E0
3.769705213E2,8.520000577E-1,4.783950329E0,-4.969050407E0
3.769729650E2,5.590500236E-1,5.446950436E0,3.276000261E0
3.769754085E2,4.917000294E0,6.406950474E0,7.290000319E-1
3.769778522E2,5.245050430E0,5.485050201E0,-2.127000093E0
3.769802958E2,2.050500065E-1,4.402950287E0,1.998000145E0
3.769827395E2,3.507000208E0,2.734050035E0,2.484000206E0
3.769851832E2,1.024905014E1,4.377000332E0,-6.058050156E0
3.769876266E2,3.607050180E0,6.286950111E0,-1.016205025E1
3.769900703E2,-1.165950060E0,4.489050388E0,-1.510950089E0
3.769925139E2,2.539950132E0,4.012950420E0,1.617000103E0
3.769949576E2,7.840050220E0,6.655950546E0,-4.260000229E0
3.769974011E2,3.367950201E0,7.723950386E0,-4.594950199E0
3.769998448E2,-4.710000157E-1,6.522000313E0,2.449500114E-1
3.770022884E2,5.407950401E0,6.354000092E0,-2.947950125E0
3.770047321E2,9.013950348E0,8.039999962E0,-1.058805084E1
3.770071755E2,1.273050070E0,7.039050102E0,-6.988950253E0
3.770096192E2,-1.149000049E0,6.232050419E0,1.789050102E0
3.770120628E2,2.475000143E0,7.461000443E0,1.920000017E-1
3.770145063E2,6.655050278E0,8.397000313E0,-4.357950211E0
3.770169500E2,2.286000013E0,6.642000198E0,-2.014050007E0
3.770193936E2,2.209050179E0,6.448050499E0,-2.565000057E0
3.770218373E2,7.704000473E0,8.521050453E0,-6.409950256E0
3.770242810E2,5.367000103E0,1.045605087E1,-8.682000160E0
3.770267244E2,-3.060000241E-1,7.963050365E0,3.820500076E-1
3.770291681E2,-1.069950104E0,7.200000286E0,3.136950254E0
3.770316118E2,1.380000114E-1,9.723000526E0,-1.780500114E-1
3.770340554E2,3.030000210E0,1.012095070E1,1.684050083E0
3.770364989E2,4.266000271E0,7.899000168E0,-3.880500197E-1
3.770389426E2,4.564949989E0,5.575950146E0,-1.672050118E0
3.770413862E2,8.631000519E0,7.944000244E0,-7.878000259E0
3.770438299E2,5.290950298E0,8.971050262E0,-9.277950287E0
3.770462734E2,7.609500289E-1,7.281000137E0,-1.237950087E0
3.770487171E2,1.338000059E0,7.147050381E0,1.810950041E0
3.770511608E2,1.524000049E0,1.195695019E1,1.212000012E0
3.770536044E2,1.548000097E0,9.349950790E0,1.572000027E0
3.770560481E2,6.820500493E-1,5.119050026E0,1.489500105E-1
3.770584915E2,3.634050131E0,6.864000320E0,-1.849500090E-1
3.770609352E2,8.305050850E0,1.053000069E1,-8.869050026E0
3.770633788E2,4.431000233E0,8.614950180E0,-1.047300053E1
3.770658223E2,2.050500065E-1,5.871000290E0,-3.345000267E0
3.770682660E2,1.045050025E0,6.759000301E0,3.889500201E-1
3.770707096E2,1.408950090E0,1.272300053E1,-7.695000619E-2
3.770731533E2,1.551000118E0,6.691950321E0,-2.700000070E-2
3.770755968E2,1.749000072E0,6.156000137E0,8.650500178E-1
3.770780404E2,6.931050301E0,7.132050514E0,-2.967000246E0
3.770804841E2,8.607000351E0,8.764950752E0,-8.539050102E0
3.770829278E2,2.596950054E0,8.071050644E0,-6.067950249E0
3.770853712E2,1.551000118E0,8.039999962E0,4.060500264E-1
3.770878149E2,4.045950413E0,1.076205063E1,-1.469999999E-1
3.770902586E2,4.879050255E0,1.209105015E1,-3.963000298E0
3.770927022E2,1.897950053E0,1.010895061E1,-4.296000004E0
3.770951459E2,1.965000153E0,8.490000725E0,-2.351999998E0
3.770975894E2,5.539950371E0,1.012095070E1,-4.890000343E0
3.771000331E2,6.639000416E0,1.087695026E1,-9.678000450E0
3.771024767E2,2.358000040E0,8.935050011E0,-2.838000059E0
3.771049204E2,5.950500369E-1,8.461050034E0,1.584000111E0
3.771073638E2,3.265050173E0,1.249095058E1,2.728050232E0
3.771098075E2,6.133050442E0,1.326405048E1,-4.047000408E0
3.771122511E2,3.751050234E0,1.036500072E1,-3.193950176E0
3.771146948E2,1.395000100E0,9.760950089E0,-3.055950165E0
3.771171383E2,2.334000111E0,1.204095078E1,-3.396000147E0
3.771195820E2,2.716950178E0,1.179195023E1,-5.280000210E0
3.771220256E2,1.330050111E0,8.409000397E0,-1.638000131E0
3.771244693E2,9.640500546E-1,8.626950264E0,2.943000078E0
3.771269128E2,1.414050102E0,1.198605061E1,-3.405000269E-2
3.771293565E2,3.315000057E0,1.180095100E1,7.260000110E-1
3.771318001E2,1.699050069E0,7.342950344E0,-1.180950046E0
3.771342438E2,1.183950067E0,7.546950340E0,6.760500073E-1
3.771366872E2,4.824000359E0,1.030005074E1,-2.445000172E0
3.771391309E2,4.528950214E0,7.765050411E0,-7.762950420E0
3.771415745E2,1.369050026E0,3.598950148E0,-2.665050030E0
3.771440182E2,5.500500202E-1,3.903000116E0,2.191950083E0
3.771464617E2,5.583000183E0,9.936000824E0,-1.699500084E-1
3.771489054E2,3.955050230E0,9.390000343E0,-3.979500234E-1
3.771513491E2,2.166000128E0,5.290950298E0,1.279050112E0
3.771537927E2,3.394050121E0,7.543950558E0,-4.909500182E-1
3.771562362E2,6.436950207E0,1.120800018E1,-5.122050285E0
3.771586799E2,3.418050051E0,8.671950340E0,-8.335050583E0
3.771611236E2,4.350000322E-1,5.791950226E0,-2.979000092E0
3.771635672E2,2.566050053E0,6.862050533E0,3.430500031E-1
3.771660109E2,7.045950413E0,1.075995064E1,-3.204000235E0
3.771684543E2,4.101000309E0,7.657050133E0,-5.491050243E0
3.771708980E2,1.467000127E0,7.486950397E0,-2.122050047E0
3.771733416E2,6.265050411E0,8.695950508E0,-2.905050039E0
3.771757853E2,8.626049995E0,1.070505047E1,-8.143050194E0
3.771782288E2,2.880000114E0,9.037950516E0,-7.597950459E0
3.771806725E2,1.158000112E0,6.297000408E0,-1.411050081E0
3.771831161E2,4.906949997E0,9.369000435E0,1.387050033E0
3.771855598E2,8.029950142E0,1.110000038E1,-2.605050087E0
3.771880033E2,4.957950115E0,9.333000183E0,-3.505950212E0
3.771904470E2,2.080049992E0,8.734050751E0,-3.289950132E0
3.771928906E2,5.395950317E0,1.058295059E1,-3.250050068E0
3.771953343E2,6.040050507E0,1.160295010E1,-7.128000259E0
3.771977777E2,1.195950031E0,1.016805077E1,-3.811950207E0
3.772002214E2,-3.850500286E-1,8.044950485E0,1.519050121E0
3.772026650E2,1.147950053E0,1.082400036E1,1.540050030E0
3.772051087E2,5.197050095E0,1.201905060E1,-1.612050056E0
3.772075522E2,3.471000195E0,8.694000244E0,-3.060000181E0
3.772099959E2,9.979500771E-1,8.494950294E0,-7.210500240E-1
3.772124395E2,1.564950109E0,1.122195053E1,2.500500083E-1
3.772148832E2,2.929950237E0,1.266795063E1,-2.862000227E0
3.772173266E2,2.970000029E0,8.808000565E0,-8.170500398E-1
3.772197703E2,1.261050105E0,6.406950474E0,1.312950015E0
3.772222140E2,5.569500327E-1,1.000605011E1,-2.245950222E0
3.772246576E2,1.825950146E0,1.301295090E1,1.023000002E0
3.772271013E2,1.986000061E0,8.301000595E0,7.600500584E-1
3.772295448E2,8.320500255E-1,5.104950428E0,-8.190000653E-1
3.772319885E2,-1.669500023E-1,9.651000023E0,8.505000174E-2
3.772344321E2,2.583000183E0,1.169805050E1,3.516000271E0
3.772368758E2,2.434050083E0,5.433000088E0,-3.439050198E0
3.772393192E2,2.668950081E0,3.282000065E0,-2.140950203E0
3.772417629E2,8.061000824E0,7.980000496E0,-6.610950470E0
3.772442065E2,6.291000366E0,7.870050430E0,-8.424000740E0
3.772466502E2,1.546050072E0,4.096950054E0,-3.850050211E0
3.772490937E2,1.255950093E0,2.646000147E0,8.389500380E-1
3.772515374E2,4.623000145E0,1.006800079E1,-2.779500186E-1
3.772539810E2,3.069000244E0,8.430000305E0,-3.838950157E0
3.772564247E2,1.222950101E0,2.799000025E0,-1.264950037E0
3.772588682E2,-1.600500047E-1,5.671950340E0,2.083950043E0
3.772613119E2,3.741000175E0,8.293950081E0,-2.779950142E0
3.772637555E2,5.868000507E0,6.874050140E0,-6.432000160E0
3.772661992E2,1.651050091E0,6.318000317E0,-3.853050232E0
3.772686426E2,2.863050222E0,5.149950027E0,-2.497950077E0
3.772710863E2,7.594050407E0,8.530950546E0,-5.701050282E0
3.772735299E2,4.249050140E0,7.779000282E0,-7.132950306E0
3.772759736E2,8.470500112E-1,5.305950165E0,-2.332950115E0
3.772784171E2,4.171950340E0,5.322000027E0,1.606950045E0
3.772808608E2,8.707050323E0,7.630050182E0,-1.927950144E0
3.772833044E2,5.949000359E0,7.294950485E0,-5.572050095E0
3.772857481E2,7.890000343E-1,5.908950329E0,-2.505000114E0
3.772881916E2,2.431950092E0,6.547950268E0,-6.730500460E-1
3.772906352E2,7.455000401E0,9.211050034E0,-5.935950279E0
3.772930789E2,3.901950121E0,7.882050514E0,-8.293950081E0
3.772955226E2,-4.999500215E-1,5.650050163E0,-8.959500194E-1
3.772979660E2,-1.021950006E0,8.545050621E0,2.629950047E0
3.773004097E2,1.801950097E0,1.029300022E1,-1.180500090E-1
3.773028533E2,4.147950172E0,8.445000648E0,-3.409950256E0
3.773052970E2,1.612950087E0,6.274950504E0,-1.951950073E0
3.773077405E2,2.247000217E0,6.972000122E0,2.040000111E-1
3.773101842E2,4.825950146E0,1.021200085E1,-3.372000217E0
3.773126279E2,3.214950085E0,8.812950134E0,-3.178050041E0
3.773150715E2,1.716000080E0,7.225950241E0,2.340000153E0
3.773175152E2,1.347000122E0,8.977950096E0,1.014000058E0
3.773199586E2,1.789950132E0,1.279005051E1,-1.216950059E0
3.773224023E2,2.757000208E0,1.246200085E1,1.572000027E0
3.773248460E2,2.623050213E0,8.433000565E0,1.047000051E0
3.773272896E2,4.405050278E0,9.739950180E0,-7.830000520E-1
3.773297331E2,6.721950531E0,1.442805099E1,-9.931950569E0
3.773321768E2,4.596000195E0,1.142805099E1,-1.105995083E1
3.773346204E2,4.729500115E-1,8.926050186E0,-4.492050171E0
3.773370641E2,1.759050131E0,1.005105019E1,2.629950047E0
3.773395076E2,2.956050158E0,1.489500046E1,2.830500007E-1
3.773419512E2,2.254950047E0,1.116405010E1,-1.687950134E0
3.773443949E2,2.290950060E0,7.258950233E0,-2.629050016E0
3.773468383E2,5.058000088E0,1.026195049E1,-3.645000219E0
3.773492820E2,7.941000462E0,1.171005058E1,-1.078200054E1
3.773517257E2,4.612950325E0,8.204999924E0,-8.601000786E0
3.773541693E2,1.483950019E0,6.603000164E0,-1.198050022E0
3.773566130E2,2.488950014E0,8.380050659E0,2.943000078E0
3.773590565E2,4.180050373E0,1.307505035E1,-7.950000465E-3
3.773615002E2,1.447950125E0,6.649050236E0,2.689500153E-1
3.773639438E2,1.333050013E0,3.784950256E0,2.259000063E0
3.773663875E2,5.635050297E0,8.983050346E0,-2.809050083E0
3.773688310E2,8.190000534E0,9.936000824E0,-8.943000793E0
3.773712747E2,3.694050074E0,8.083050728E0,-5.854950428E0
3.773737183E2,9.330000281E-1,5.611950397E0,1.684050083E0
3.773761620E2,-2.509500086E-1,9.473999977E0,1.713000059E0
3.773786057E2,-8.089500666E-1,1.043205070E1,2.593950033E0
3.773810491E2,2.194950104E0,5.892000198E0,6.829500198E-1
3.773834928E2,3.081000090E0,5.353950024E0,-3.750000238E0
3.773859364E2,7.591050148E0,6.625050545E0,-6.622950077E0
3.773883799E2,8.853000641E0,8.478000641E0,-1.075095081E1
3.773908236E2,2.809950113E0,7.834050179E0,-6.523050308E0
3.773932672E2,4.590000212E-1,6.948000431E0,2.140950203E0
3.773957109E2,-1.987050056E0,1.020705032E1,4.591050148E0
3.773981543E2,-2.080049992E0,1.003200054E1,-9.630000591E-1
3.774005980E2,1.570500135E-1,7.257000446E0,2.139000177E0
3.774030416E2,5.689499974E-1,6.151050091E0,1.011000037E0
3.774054853E2,4.648950100E0,8.167050362E0,3.220500052E-1
3.774079288E2,9.286950111E0,1.022805023E1,-7.791000366E0
3.774103725E2,5.640000343E0,6.721050262E0,-9.478950500E0
3.774128161E2,6.049500108E-1,6.322950363E0,-1.492050052E0
3.774152598E2,6.030000448E-1,9.043050766E0,1.651050091E0
3.774177035E2,1.239000082E0,1.346295071E1,3.553950071E0
3.774201469E2,1.096050024E0,7.807950497E0,7.740000486E-1
3.774225906E2,2.772000074E0,7.369950294E0,-1.351050019E0
3.774250343E2,4.953000069E0,9.577050209E0,-4.071000099E0
3.774274779E2,8.868000031E0,9.964950562E0,-8.713050842E0
3.774299214E2,5.145000458E0,7.851000309E0,-8.368950844E0
3.774323650E2,1.393050075E0,8.071050644E0,-1.030500084E-1
3.774348087E2,1.725000024E0,1.057995033E1,2.292000055E0
3.774372522E2,2.961000204E0,1.537800026E1,2.532000065E0
3.774396959E2,2.235000134E0,9.919050217E0,1.885050058E0
3.774421395E2,1.135950089E0,7.642050266E0,-1.708050132E0
3.774445832E2,3.580950260E0,1.151400089E1,-4.204950333E0
3.774470266E2,6.888000488E0,1.226805019E1,-9.048000336E0
3.774494703E2,4.984050274E0,9.088950157E0,-9.171000481E0
3.774519140E2,1.186950088E0,8.943000793E0,-7.759500146E-1
3.774543576E2,1.390050054E0,1.075695038E1,2.685000181E0
3.774568013E2,2.508000135E0,1.416900063E1,9.630000591E-1
3.774592448E2,2.767050028E0,1.071000004E1,1.879950047E0
3.774616885E2,2.343000174E0,8.478000641E0,4.680000246E-1
3.774641321E2,4.285050392E0,1.031700039E1,-4.510500133E-1
3.774665758E2,8.290950775E0,1.106205082E1,-7.099950314E0
3.774690192E2,7.033950329E0,7.896000385E0,-1.111995029E1
3.774714629E2,1.872000098E0,9.124950409E0,-4.693050385E0
3.774739065E2,1.713000059E0,9.595950127E0,1.585950017E0
3.774763502E2,2.707050085E0,1.349895096E1,2.460000038E0
3.774787937E2,2.263950109E0,1.141305065E1,2.797050238E0
3.774812374E2,8.230500221E-1,6.988950253E0,1.279500127E-1
3.774836810E2,1.050000042E-1,9.718050003E0,-1.219050050E0
3.774861245E2,9.640500546E-1,1.197900105E1,1.264950037E0
3.774885682E2,3.487950087E0,1.006800079E1,3.255000114E0
3.774910119E2,3.540000200E0,5.409000397E0,-2.758950233E0
3.774934555E2,2.494050026E0,8.100000381E0,-2.935950041E0
3.774958992E2,4.624950409E0,1.097805023E1,-3.570000172E0
3.774983426E2,4.060050011E0,9.316050529E0,-5.605950356E0
3.775007863E2,1.182000041E0,8.976000786E0,-2.353950024E0
3.775032299E2,4.090500176E-1,8.095050812E0,9.250500202E-1
3.775056736E2,5.298000336E0,1.059495068E1,3.000000119E-2
3.775081171E2,7.303950310E0,9.141000748E0,-6.283050060E0
3.775105608E2,3.205050230E0,6.820950508E0,-5.254050255E0
3.775130044E2,1.351950049E0,6.840000153E0,1.432950020E0
3.775154481E2,1.546050072E0,1.105005074E1,1.734000087E0
3.775178918E2,2.851050138E0,1.125495052E1,1.033050060E0
3.775203352E2,6.769500375E-1,6.376050472E0,-8.580000401E-1
3.775227789E2,5.950500369E-1,6.297000408E0,-1.629000068E0
3.775252225E2,4.522050381E0,9.304050446E0,-5.083950043E0
3.775276660E2,8.458050728E0,8.374950409E0,-1.022205067E1
3.775301097E2,3.363000154E0,6.982050419E0,-9.277950287E0
3.775325533E2,-4.500000179E-2,6.807000160E0,-9.900000691E-2
3.775349970E2,-2.344050169E0,9.402000427E0,5.416950226E0
3.775374405E2,-1.257000089E0,9.414000511E0,7.840500474E-1
3.775398841E2,2.341050148E0,6.484050274E0,1.758000135E0
3.775423278E2,2.463000059E0,6.304050446E0,2.445000172E0
3.775447715E2,4.540950298E0,6.951000214E0,-1.486950040E0
3.775472149E2,8.236050606E0,6.826050282E0,-7.348950386E0
3.775496586E2,3.670050144E0,5.224050045E0,-8.883000374E0
3.775521023E2,1.639500111E-1,4.822050095E0,-2.019000053E0
3.775545459E2,-1.353000045E0,9.448050499E0,4.411050320E0
3.775569896E2,-1.021950006E0,9.073950768E0,2.160000056E-1
3.775594331E2,1.918950081E0,7.057950497E0,1.119000077E0
3.775618767E2,1.479000092E0,6.325950146E0,1.408950090E0
3.775643204E2,6.769500375E-1,7.681050301E0,3.169500232E-1
3.775667641E2,4.986000061E0,1.029495049E1,1.195950031E0
3.775692075E2,7.383000374E0,6.879000187E0,-8.550000191E0
3.775716512E2,2.865000248E0,5.136000156E0,-7.807950497E0
3.775740948E2,-2.130000144E-1,7.492050171E0,-1.011000037E0
3.775765385E2,2.017950058E0,9.436050415E0,7.410000563E-1
3.775789820E2,4.572000027E0,8.928000450E0,-1.120950103E0
3.775814257E2,2.395950079E0,7.252050400E0,-2.340000153E0
3.775838693E2,1.291950107E0,8.791950226E0,-1.015950084E0
3.775863130E2,5.716950417E0,8.677050591E0,-3.598950148E0
3.775887565E2,8.140049934E0,8.218950272E0,-7.320000172E0
3.775912001E2,3.873000145E0,7.597050190E0,-5.862000465E0
3.775936438E2,1.423950076E0,9.550950050E0,1.380000114E0
3.775960874E2,1.575000048E0,1.274700069E1,2.014950037E0
3.775985309E2,1.717950106E0,1.164105034E1,2.994000196E0
3.776009746E2,2.784000158E0,8.755949974E0,7.120500207E-1
3.776034182E2,2.784000158E0,9.601050377E0,-3.910050154E0
3.776058619E2,3.741000175E0,1.052295017E1,-4.336950302E0
3.776083054E2,6.789000511E0,1.000605011E1,-5.737050056E0
3.776107491E2,6.643050194E0,1.001505089E1,-6.637050152E0
3.776131927E2,2.508000135E0,1.177500057E1,-1.657050133E0
3.776156364E2,1.792950034E0,1.325205040E1,2.368950129E0
3.776180798E2,1.819050074E0,1.501395035E1,-3.450000286E-1
3.776205235E2,2.431950092E0,1.330695057E1,1.066050053E0
3.776229671E2,2.437050104E0,1.317300034E1,2.860500216E-1
3.776254108E2,1.993950129E0,1.132500076E1,1.900500059E-1
3.776278543E2,1.390050054E0,1.162695026E1,3.340500295E-1
3.776302980E2,4.270950317E0,1.202595043E1,8.599500656E-1
3.776327417E2,3.804000139E0,1.078605080E1,-5.187000275E0
3.776351853E2,2.106000185E0,1.017105007E1,-1.147050023E0
3.776376290E2,1.078950047E0,1.084395027E1,-7.090500593E-1
3.776400725E2,8.989500403E-1,1.290795040E1,4.099500179E-1
3.776425162E2,8.299500346E-1,1.154505062E1,1.011000037E0
3.776449598E2,5.950500369E-1,1.008705044E1,-1.126049995E0
3.776474035E2,-4.950000439E-3,1.009395027E1,-9.799500704E-1
3.776498469E2,1.399950027E0,1.183500099E1,1.335000038E0
3.776522905E2,1.869000077E0,1.003005028E1,2.077050209E0
3.776547342E2,1.845000029E0,8.824950218E0,-6.919500232E-1
3.776571777E2,9.619500637E-1,8.986050606E0,1.500000060E-2
3.776596214E2,3.850500286E-1,9.907050133E0,-3.690000176E-1
3.776620650E2,1.486050129E0,8.476050377E0,3.400950193E0
3.776645087E2,1.660950065E0,7.314000130E0,2.860050201E0
3.776669524E2,9.160500169E-1,8.701050758E0,3.150000274E-1
3.776693959E2,1.735050082E0,1.016805077E1,7.140000463E-1
3.776718396E2,3.342000246E0,9.466950417E0,2.395050049E0
3.776742832E2,3.660000086E0,7.803000450E0,1.689000130E0
3.776767269E2,2.832000017E0,8.671950340E0,4.699500203E-1
3.776791703E2,3.388950109E0,1.050405025E1,3.802950144E0
3.776816140E2,8.476950645E0,9.960000038E0,-1.079205036E1
3.776840576E2,3.955050230E0,7.819950581E0,-1.883895111E1
3.776865013E2,-6.705000252E-2,6.838050365E0,-1.439505100E1
3.776889448E2,6.859500408E-1,6.369000435E0,-5.007000446E0
3.776913885E2,5.683050156E0,8.179050446E0,-3.336000204E0
3.776938321E2,5.815050125E0,7.675950527E0,-3.325950146E0
3.776962758E2,1.917000055E0,7.188000202E0,1.435050011E0
3.776987195E2,3.460500240E-1,8.218950272E0,5.437950134E0
3.777011629E2,1.057050109E0,9.910050392E0,1.654950023E0
3.777036066E2,3.925950289E0,9.208050728E0,2.053050041E0
3.777060503E2,4.824000359E0,8.518950462E0,2.359500080E-1
3.777084937E2,3.670050144E0,8.362950325E0,-4.765050411E0
3.777109374E2,7.077000141E0,1.034295082E1,-8.236949921E0
3.777133810E2,6.634050369E0,8.947050095E0,-1.094205093E1
3.777158247E2,1.849950075E0,9.532050133E0,-6.727950096E0
3.777182682E2,7.200000286E-1,1.022595024E1,2.773950100E0
3.777207118E2,-1.080000043E0,1.347495079E1,1.717950106E0
3.777231555E2,-9.619500637E-1,1.031895065E1,-1.180500090E-1
3.777255992E2,5.640000105E-1,1.049595070E1,1.794000030E0
3.777280428E2,1.840050101E0,9.808950424E0,1.327050090E0
3.777304863E2,1.479000092E0,8.947050095E0,2.689500153E-1
3.777329300E2,2.479950190E0,1.142295074E1,4.200000316E-2
3.777353736E2,1.133100033E1,1.135095024E1,-4.618950367E0
3.777378173E2,5.407950401E0,8.643000603E0,-1.002795029E1
3.777402608E2,1.114950061E0,1.118595028E1,-3.565950155E0
3.777427045E2,1.174950004E0,1.221300030E1,2.479500175E-1
3.777451481E2,2.164050102E0,1.237095070E1,-8.430000544E-1
3.777475915E2,2.209050179E0,1.034595013E1,-2.038050175E0
3.777500352E2,1.645950079E0,8.602950096E0,-7.020000219E-1
3.777524789E2,4.717950344E0,9.129000664E0,-4.909500182E-1
3.777549225E2,8.086950302E0,9.438000679E0,-5.979000092E0
3.777573660E2,5.041950226E0,9.759000778E0,-5.923950195E0
3.777598097E2,1.723050117E0,1.048695087E1,-6.829500198E-1
3.777622533E2,1.849950075E0,1.043700027E1,2.220000029E0
3.777646970E2,2.143949986E0,1.216800022E1,1.267050028E0
3.777671407E2,1.753950119E0,9.562950134E0,-2.059950113E0
3.777695842E2,1.018950105E0,7.803000450E0,-4.945050240E0
3.777720278E2,7.510500550E-1,7.149000168E0,-1.357950091E0
3.777744715E2,3.933000088E0,7.630050182E0,-3.478950262E0
3.777769151E2,6.631050110E0,8.260050774E0,-5.662950039E0
3.777793586E2,3.591000080E0,7.942050457E0,-3.181950092E0
3.777818023E2,1.636950135E0,9.109950066E0,1.801050067E0
3.777842459E2,-8.805000782E-2,1.235400105E1,3.700050116E0
3.777866896E2,8.850000501E-1,8.880000114E0,2.400000095E-1
3.777891331E2,2.263950109E0,8.761050224E0,-2.176950216E0
3.777915768E2,2.748000145E0,7.422000408E0,-4.576050282E0
3.777940204E2,3.789000273E0,6.697050095E0,-4.782000065E0
3.777964641E2,7.254000187E0,5.856000423E0,-5.826000214E0
3.777989075E2,4.998000145E0,6.237000465E0,-5.080950260E0
3.778013511E2,7.819500566E-1,8.536050797E0,-2.205000073E-2
3.778037948E2,-1.249950051E0,9.654000282E0,4.552050114E0
3.778062385E2,-1.245000005E0,9.661050797E0,-2.929500043E-1
3.778086820E2,1.138950109E0,1.054005051E1,1.765950084E0
3.778111257E2,2.098950148E0,1.039605045E1,2.593950033E0
3.778135693E2,1.900050044E0,9.709050179E0,-3.790500164E-1
3.778160130E2,1.255950093E0,9.076950073E0,-1.866000056E0
3.778184564E2,2.656950235E0,9.007050514E0,1.665000081E0
3.778209001E2,3.799050093E0,9.586950302E0,-3.337950230E0
3.778233438E2,1.417050123E0,9.574950218E0,-3.489000082E0
3.778257874E2,7.459500432E-1,8.466000557E0,3.910500109E-1
3.778282311E2,1.810500026E-1,7.984950542E0,-3.450000286E-1
3.778306746E2,3.700500131E-1,9.582000732E0,-2.779500186E-1
3.778331182E2,1.174950004E0,9.912000656E0,8.050500154E-1
3.778355619E2,9.810000658E-1,7.450950146E0,-1.396050096E0
3.778380054E2,2.041949987E0,6.313950062E0,-1.425000072E0
3.778404491E2,3.627000093E0,8.488050461E0,-5.413950443E0
3.778428927E2,4.024050236E0,9.127050400E0,-6.108000278E0
3.778453364E2,1.855050087E0,8.662050247E0,-2.239050150E0
3.778477799E2,1.519500017E-1,7.285950184E0,2.563050032E0
3.778502236E2,-1.659000039E0,9.259050369E0,2.512950182E0
3.778526672E2,2.170500159E-1,7.234950542E0,5.659500360E-1
3.778551109E2,3.709950209E0,6.763950348E0,5.100000277E-2
3.778575546E2,2.733000040E0,5.356050491E0,-1.813050032E0
3.778599980E2,6.136050224E0,7.147050381E0,-3.196950197E0
3.778624417E2,8.092050552E0,9.567000389E0,-7.969050407E0
3.778648853E2,4.375950336E0,1.004205036E1,-7.765050411E0
3.778673290E2,7.630500197E-1,1.107300091E1,-1.332000017E0
3.778697725E2,-5.770500302E-1,1.270200062E1,2.994000196E0
3.778722161E2,-8.470500112E-1,1.057800007E1,1.210050106E0
3.778746597E2,3.868050098E0,1.002495003E1,1.469999999E-1
3.778771032E2,5.128050327E0,1.004400063E1,-6.187050343E0
3.778795469E2,4.978950024E0,7.756950378E0,-5.833050251E0
3.778819905E2,6.823050499E0,8.679000854E0,-6.271050453E0
3.778844342E2,7.255950451E0,1.074795055E1,-7.087950230E0
3.778868777E2,2.953950167E0,1.226805019E1,-5.148000240E0
3.778893214E2,8.160000443E-1,1.297695065E1,2.115000010E0
3.778917651E2,-1.954050064E0,1.230705070E1,3.444000244E0
3.778942087E2,-1.824000120E0,1.056795025E1,3.529500067E-1
3.778966524E2,1.395000100E0,1.249995041E1,3.501000166E0
3.778990958E2,6.591000080E0,1.095600033E1,-7.279500365E-1
3.779015395E2,5.473050117E0,7.755000591E0,-5.194050312E0
3.779039831E2,8.827050209E0,1.085100079E1,-7.449000359E0
3.779064268E2,6.865950108E0,1.286895084E1,-9.726000786E0
3.779088703E2,1.816050053E0,1.337205029E1,-5.746950150E0
3.779113140E2,9.570000172E-1,1.174905014E1,2.769000053E0
3.779137576E2,4.900500178E-1,1.162695026E1,2.323050022E0
3.779162013E2,-3.795000166E-2,1.138695049E1,2.089050055E0
3.779186448E2,1.384950042E0,1.095900059E1,1.204950094E0
3.779210885E2,2.422049999E0,1.073295021E1,-4.939500093E-1
3.779235321E2,2.257050037E0,9.879000664E0,9.510000348E-1
3.779259758E2,4.909950256E0,1.035495090E1,-7.429500222E-1
3.779284192E2,6.142950058E0,1.118595028E1,-9.561000824E0
3.779308629E2,2.977950096E0,1.122195053E1,-9.453000069E0
3.779333065E2,1.789500117E-1,8.338950157E0,-2.530950069E0
3.779357502E2,-5.149500370E-1,5.554950237E0,1.579050064E0
3.779381937E2,1.464000106E0,9.237000465E0,3.316950083E0
3.779406374E2,3.093000174E0,5.655000210E0,-2.074050188E0
3.779430810E2,3.820050240E0,4.222949982E0,-2.191050053E0
3.779455247E2,2.548950195E0,4.786050320E0,-2.104950190E0
3.779479682E2,5.556000233E0,5.518950462E0,-3.477000237E0
3.779504119E2,6.511950493E0,6.232050419E0,-6.526950359E0
3.779528555E2,1.723050117E0,7.408050537E0,-5.998050213E0
3.779552992E2,-1.846050143E0,5.691000462E0,-1.009500027E-1
3.779577426E2,-2.107050180E0,4.831950188E0,5.007000446E0
3.779601863E2,2.343000174E0,4.599000454E0,1.737000108E0
3.779626299E2,6.492000103E0,3.654000282E0,-3.357000113E0
3.779650736E2,2.503950119E0,4.732950211E0,-2.983950138E0
3.779675171E2,9.810000658E-1,4.267050266E0,4.099500179E-1
3.779699608E2,5.619000435E0,5.466000080E0,-1.819950104E0
3.779724045E2,7.390050411E0,6.225000381E0,-7.759950161E0
3.779748481E2,1.788000107E0,8.679000854E0,-6.490950108E0
3.779772918E2,-1.057950020E0,8.751000404E0,-2.742000103E0
3.779797353E2,1.432950020E0,8.164050102E0,9.970500469E-1
3.779821789E2,6.327000141E0,8.634000778E0,-1.498950124E0
3.779846226E2,6.469050407E0,8.128950119E0,-5.425950050E0
3.779870663E2,1.441050053E0,8.350950241E0,-3.927000284E0
3.779895097E2,-7.180500627E-1,7.129950523E0,1.159950018E0
3.779919534E2,1.668000102E0,8.116950035E0,5.970000029E-1
3.779943970E2,5.845950127E0,8.964000702E0,-5.352000237E0
3.779968405E2,3.703050137E0,8.895000458E0,-7.810950279E0
3.779992842E2,-1.000500023E-1,8.562000275E0,-4.396049976E0
3.780017278E2,-4.159500301E-1,7.089000225E0,8.010000587E-1
3.780041715E2,1.570500135E-1,9.309000015E0,1.725000024E0
3.780066150E2,2.290950060E0,6.163050175E0,-9.289500713E-1
3.780090587E2,2.554050207E0,5.598000050E0,-2.494950056E0
3.780115023E2,2.449050188E0,4.984950066E0,-2.116950035E0
3.780139460E2,4.824000359E0,5.574000359E0,-2.289000034E0
3.780163896E2,6.769950390E0,5.767950058E0,-5.301000118E0
3.780188331E2,4.357050419E0,7.729050159E0,-5.011950016E0
3.780212768E2,6.220500469E-1,8.145000458E0,7.005000114E-2
3.780237204E2,2.719500065E-1,8.409000397E0,4.488000393E0
3.780261641E2,1.933950067E0,9.354000092E0,9.319500327E-1
3.780286075E2,3.466050148E0,1.238100052E1,1.488000035E0
3.780310512E2,3.478050232E0,1.258200073E1,2.716050148E0
3.780334949E2,3.097050190E0,1.132200050E1,3.649500310E-1
3.780359385E2,2.428950071E0,1.197600079E1,-5.940000415E-1
3.780383822E2,5.662050247E0,1.381995106E1,-3.760050297E0
3.780408256E2,4.801950455E0,1.447305107E1,-1.070100021E1
3.780432693E2,3.198000193E0,1.535400105E1,-5.461950302E0
3.780457130E2,1.657950044E0,1.466295052E1,-3.112950087E0
3.780481564E2,9.949500561E-1,1.410000038E1,-9.529500604E-1
3.780506001E2,2.266950130E0,1.625205040E1,1.698000073E0
3.780530437E2,2.773950100E0,1.600605011E1,5.400000140E-2
3.780554874E2,1.789950132E0,1.482795048E1,3.000000119E-2
3.780579309E2,1.864050031E0,1.333095074E1,-8.620500565E-1
3.780603746E2,2.692950010E0,1.280700016E1,-3.931950092E0
3.780628182E2,3.421050072E0,1.343400097E1,-5.680050373E0
3.780652619E2,2.950950146E0,1.182495022E1,-2.371050119E0
3.780677054E2,2.080049992E0,9.394950867E0,4.560000300E-1
3.780701491E2,2.073000193E0,8.233950615E0,1.882950068E0
3.780725927E2,2.920050144E0,9.316050529E0,-3.859500289E-1
3.780750364E2,2.764950037E0,8.083050728E0,-2.124000072E0
3.780774800E2,2.487000227E0,4.518000126E0,-2.265000105E0
3.780799235E2,8.800500631E-1,4.018050194E0,-8.359500170E-1
3.780823671E2,2.860050201E0,4.081950188E0,-1.435050011E0
3.780848108E2,6.691050529E0,6.844950199E0,-2.847000122E0
3.780872543E2,6.685950279E0,7.063050270E0,-3.702000141E0
3.780896980E2,1.680000067E0,8.952000618E0,-1.645050049E0
3.780921416E2,-2.419500053E-1,7.300050259E0,-1.350000054E-1
3.780945853E2,1.318050027E0,7.111050129E0,8.700000495E-2
3.780970288E2,4.303950310E0,6.244050503E0,-3.064950228E0
3.780994724E2,4.126950264E0,7.329000473E0,-3.913050175E0
3.781019161E2,3.363000154E0,5.914050102E0,-3.367050171E0
3.781043598E2,4.588950157E0,5.338950157E0,-2.646000147E0
3.781068034E2,6.720000267E0,6.366000175E0,-4.261950016E0
3.781092469E2,5.515950203E0,8.068950653E0,-5.938050270E0
3.781116906E2,2.269050121E0,9.370950699E0,-5.704050064E0
3.781141342E2,-8.449500203E-1,9.903000832E0,-7.380000353E-1
3.781165779E2,-9.720000625E-1,9.799950600E0,2.814000130E0
3.781190214E2,4.285050392E0,8.690999985E0,-2.020500153E-1
3.781214650E2,5.892000198E0,9.067049980E0,-6.520050526E0
3.781239087E2,1.978950143E0,8.038050652E0,-6.295050144E0
3.781263521E2,6.900000572E-2,7.450950146E0,-2.143050194E0
3.781287958E2,1.627050042E0,8.337000847E0,3.649500310E-1
3.781312395E2,4.833000183E0,8.707950592E0,-1.827000141E0
3.781336831E2,2.956050158E0,8.476050377E0,-4.264950275E0
3.781361266E2,8.160000443E-1,7.200000286E0,-2.227050066E0
3.781385703E2,2.044049978E0,5.037000179E0,-5.299500227E-1
3.781410139E2,5.551950455E0,6.153000355E0,-2.031000137E0
3.781434576E2,7.668000221E0,5.634000301E0,-5.335050106E0
3.781459013E2,4.483950138E0,6.682050228E0,-5.995950222E0
3.781483448E2,9.949500561E-1,6.763950348E0,-4.267050266E0
3.781507885E2,2.401050091E0,6.850050449E0,-1.695000008E-2
3.781532321E2,6.969000340E0,7.501050472E0,-2.536050081E0
3.781556758E2,6.301050186E0,9.223050117E0,-6.987000465E0
3.781581192E2,1.678050041E0,1.007295036E1,-6.949050426E0
3.781605629E2,1.867050052E0,8.227050781E0,-2.845050097E0
3.781630065E2,7.651050568E0,7.948950291E0,-3.001050234E0
3.781654500E2,7.567950249E0,8.176050186E0,-6.882000446E0
3.781678937E2,4.420500100E-1,8.751000404E0,-4.140000343E0
3.781703374E2,-1.446000099E0,6.145950317E0,6.859500408E-1
3.781727810E2,2.487000227E0,6.286950111E0,2.793000221E0
3.781752247E2,8.973000526E0,6.808950424E0,-4.497000217E0
3.781776682E2,6.748950481E0,7.489050388E0,-8.977050781E0
3.781801118E2,-9.600000083E-2,7.959000587E0,-2.749050140E0
3.781825555E2,-1.774050117E0,8.421000481E0,3.063000202E0
3.781849992E2,-1.150950074E0,9.579000473E0,-7.500000596E-1
3.781874426E2,1.611000061E0,9.726000786E0,1.033050060E0
3.781898863E2,7.603050232E0,1.006500053E1,-3.000000119E-1
3.781923299E2,5.137050152E0,7.312050343E0,-7.696050167E0
3.781947736E2,3.445050240E0,7.342950344E0,-6.865050316E0
3.781972173E2,6.508950233E0,6.394950390E0,-5.707950115E0
3.781996608E2,5.347950459E0,7.599000454E0,-5.007000446E0
3.782021044E2,8.950500488E-1,8.775000572E0,-3.499500155E-1
3.782045481E2,2.032050133E0,8.701050758E0,3.634950161E0
3.782069916E2,9.961950302E0,9.129000664E0,-1.972950101E0
3.782094352E2,1.250700092E1,8.397000313E0,-1.026195049E1
3.782118789E2,5.191950321E0,9.148050308E0,-1.209405041E1
3.782143226E2,5.160000324E-1,8.892000198E0,-4.309950352E0
3.782167660E2,2.583000183E0,1.021905041E1,3.604050159E0
3.782192097E2,5.446050167E0,1.185600090E1,1.099950075E0
3.782216533E2,5.863050461E0,9.603000641E0,-3.379050255E0
3.782240970E2,2.314050198E0,9.847950935E0,-4.477950096E0
3.782265405E2,1.093050003E0,9.634950638E0,-4.980000257E-1
3.782289842E2,4.026000023E0,1.116405010E1,-7.759500146E-1
3.782314278E2,6.861000538E0,1.224705029E1,-4.213950157E0
3.782338715E2,3.847050190E0,1.288395023E1,-5.569950104E0
3.782363152E2,-5.505000427E-2,1.117395020E1,-1.384050012E0
3.782387586E2,-2.400000021E-2,8.932950020E0,1.368000031E0
3.782412023E2,2.650050163E0,1.066905022E1,-2.035950184E0
3.782436459E2,6.235950470E0,1.155195045E1,-4.249950409E0
3.782460894E2,4.453050137E0,1.091805077E1,-4.873050213E0
3.782485331E2,3.313050270E0,1.000305080E1,-9.390000701E-1
3.782509767E2,6.706050396E0,1.060200024E1,-2.100000143E0
3.782534204E2,6.370050430E0,9.760950089E0,-5.851950169E0
3.782558639E2,2.062950134E0,9.514950752E0,-3.769050121E0
3.782583076E2,7.990500331E-1,7.209000111E0,2.185050011E0
3.782607513E2,-4.950000346E-1,8.713050842E0,1.378050089E0
3.782631949E2,3.117000103E0,6.192000389E0,2.496000051E0
3.782656386E2,3.775050163E0,5.658000469E0,-4.369950294E0
3.782680820E2,1.492950082E0,8.265000343E0,-2.044950008E0
3.782705257E2,1.704000115E0,9.096000671E0,2.431050062E0
3.782729694E2,3.780000210E0,9.304050446E0,1.135950089E0
3.782754130E2,4.893000126E0,1.082400036E1,-2.341950178E0
3.782778565E2,1.500000119E0,9.739950180E0,-4.312950134E0
3.782803001E2,-7.369500399E-1,8.344050407E0,-2.151000023E0
3.782827438E2,2.305050135E0,7.128000259E0,-2.566950083E0
3.782851873E2,7.500000477E0,5.470950127E0,-7.351050377E0
3.782876310E2,6.684000492E0,6.667950153E0,-9.388050079E0
3.782900746E2,3.892050266E0,8.088000298E0,-5.625000477E0
3.782925183E2,7.584000587E0,8.302950859E0,-4.806000233E0
3.782949617E2,8.800950050E0,7.234950542E0,-8.287050247E0
3.782974054E2,2.572950125E0,8.356050491E0,-5.401950359E0
3.782998491E2,-5.359500051E-1,7.899000168E0,2.989050150E0
3.783022927E2,3.544950247E0,6.505050182E0,2.077050209E0
3.783047364E2,9.868050575E0,6.358950138E0,-2.365950108E0
3.783071799E2,6.844050407E0,4.201950073E0,-4.522950172E0
3.783096236E2,5.830500126E-1,6.679950237E0,-1.902000070E0
3.783120672E2,1.872000098E0,8.089950562E0,1.969500035E-1
3.783145109E2,5.452950478E0,9.558000565E0,3.529500067E-1
3.783169543E2,6.604950428E0,9.673050880E0,-2.695950031E0
3.783193979E2,2.109000206E0,8.890050888E0,-4.753050327E0
3.783218416E2,-1.585050106E0,8.593050003E0,-7.639500499E-1
3.783242853E2,1.666050076E0,8.157000542E0,-2.409000158E0
3.783267288E2,7.405050278E0,6.895050526E0,-8.124000549E0
3.783291725E2,6.672000408E0,6.448050499E0,-1.061205006E1
3.783316161E2,3.849000216E0,8.242950439E0,-6.913050175E0
3.783340598E2,7.576950550E0,8.197950363E0,-4.461000443E0
3.783365032E2,8.631000519E0,7.531950474E0,-6.727950096E0
3.783389469E2,3.868050098E0,7.626000404E0,-6.646950245E0
3.783413906E2,8.400000334E-1,6.438000202E0,-1.593000054E0
3.783438342E2,5.158950329E0,5.485050201E0,-3.960000277E-1
3.783462777E2,9.745950699E0,4.408050060E0,-6.256950378E0
3.783487214E2,6.556950092E0,4.141950130E0,-4.090050220E0
3.783511650E2,1.084050059E0,5.061000347E0,2.620500028E-1
3.783536087E2,3.205050230E0,7.599000454E0,4.347000122E0
3.783560522E2,7.498050213E0,7.561050415E0,8.320500255E-1
3.783584959E2,6.967050552E0,8.038050652E0,-3.357000113E0
3.783609395E2,1.861950040E0,7.285950184E0,-4.747950077E0
3.783633832E2,-8.520000577E-1,7.164000511E0,-4.870500267E-1
3.783658266E2,3.411000252E0,7.918050289E0,-1.399050117E0
3.783682703E2,8.572950363E0,6.238950253E0,-8.212950706E0
3.783707139E2,7.036050320E0,5.863950253E0,-9.985050201E0
3.783731576E2,3.880050182E0,9.562950134E0,-5.446950436E0
3.783756011E2,4.705950260E0,9.304050446E0,-4.629000187E0
3.783780448E2,3.892050266E0,8.836950302E0,-5.670000076E0
3.783804884E2,9.330000281E-1,8.773050308E0,-2.148000002E0
3.783829321E2,1.150950074E0,7.207050323E0,1.519050121E0
3.783853758E2,5.539950371E0,6.225000381E0,-4.770000279E-1
3.783878192E2,9.069000244E0,4.317000389E0,-5.770950317E0
3.783902629E2,5.254950047E0,3.169950247E0,-5.313000202E0
3.783927065E2,2.179949999E0,6.157950401E0,1.452000022E0
3.783951500E2,1.648950100E0,1.182300091E1,2.493000031E0
3.783975937E2,2.430000156E-1,1.022400093E1,1.330050111E0
3.784000373E2,-1.939500123E-1,9.603000641E0,4.200000167E-1
3.784024810E2,2.805000171E-2,7.900950432E0,1.882950068E0
3.784049245E2,2.359950066E0,7.501050472E0,1.537950039E0
3.784073682E2,5.965950489E0,9.001950264E0,-7.249950409E0
3.784098118E2,8.662050247E0,4.113000393E0,-1.296795082E1
3.784122555E2,4.711050034E0,6.678000450E0,-1.270695019E1
3.784146989E2,4.576950073E0,9.205950737E0,-6.397950172E0
3.784171426E2,6.445050240E0,8.169000626E0,-8.236949921E0
3.784195862E2,2.213999987E0,8.638050079E0,-6.184950352E0
3.784220299E2,1.302000046E0,6.742050171E0,2.550000250E-1
3.784244736E2,4.828050137E0,6.273000240E0,4.177050114E0
3.784269171E2,1.070595074E1,6.220050335E0,-2.163000107E0
3.784293608E2,9.061950684E0,3.874050140E0,-4.960950375E0
3.784318044E2,3.025950193E0,4.144050121E0,-2.761050224E0
3.784342481E2,2.170950174E0,8.290950775E0,2.053050041E0
3.784366916E2,2.017950058E0,1.120800018E1,2.328000069E0
3.784391352E2,2.965950251E0,1.067400074E1,-2.977050066E0
3.784415789E2,1.323000073E0,1.038405037E1,-4.561950207E0
3.784440223E2,-4.500000179E-2,9.382950783E0,-1.851000071E0
3.784464660E2,3.243000269E0,1.015395069E1,-1.915950060E0
3.784489097E2,7.759050369E0,1.067100048E1,-6.058050156E0
3.784513533E2,8.001000404E0,7.639950275E0,-7.440000534E0
3.784537970E2,5.005950451E0,1.003905010E1,-4.135050297E0
3.784562404E2,5.905950069E0,1.252200031E1,-3.460050106E0
3.784586841E2,5.941950321E0,1.144500065E1,-8.304000854E0
3.784611278E2,7.099500299E-1,1.192605019E1,-3.858000278E0
3.784635714E2,-7.560000420E-1,8.847000122E0,2.187000036E0
3.784660149E2,1.342050076E0,9.649050713E0,3.106050253E0
3.784684586E2,7.930950165E0,1.030695057E1,-4.518000126E0
3.784709022E2,6.121050358E0,4.276050091E0,-5.775000095E0
3.784733457E2,3.897000074E0,5.650050163E0,-9.100500345E-1
3.784757894E2,4.270950317E0,1.059000015E1,7.219500542E-1
3.784782330E2,4.432950020E0,1.522305107E1,1.753950119E0
3.784806767E2,2.173050165E0,1.176495075E1,8.080500364E-1
3.784831201E2,-4.710000157E-1,8.101950645E0,-3.859500289E-1
3.784855638E2,-1.420050025E0,1.053000069E1,2.329500169E-1
3.784880075E2,3.732000113E0,9.757050514E0,-5.953050137E0
3.784904511E2,8.221050262E0,5.550000191E0,-1.216095066E1
3.784928948E2,6.567000389E0,5.200050354E0,-1.154595089E1
3.784953383E2,5.101050377E0,9.043050766E0,-6.118050098E0
3.784977820E2,6.664950371E0,8.131050110E0,-8.620050430E0
3.785002256E2,1.771050096E0,7.555950165E0,-6.997050285E0
3.785026693E2,-1.719000101E0,5.695950508E0,6.330000162E-1
3.785051128E2,1.510050058E0,3.876000166E0,4.300950050E0
3.785075564E2,8.949000359E0,4.800000191E0,-2.038050175E0
3.785100001E2,9.864000320E0,1.975050092E0,-5.886000156E0
3.785124437E2,2.841000080E0,3.780000210E-1,-3.070500195E-1
3.785148872E2,3.799050093E0,4.041000366E0,2.419050217E0
3.785173309E2,7.432950497E0,9.522000313E0,-1.959000111E0
3.785197745E2,4.714050293E0,8.361000061E0,-2.974050045E0
3.785222182E2,2.149500102E-1,8.670000076E0,-4.080000222E-1
3.785246617E2,-3.970500231E-1,8.085000038E0,-9.079500437E-1
3.785271054E2,7.648950577E0,8.569050789E0,-7.303050518E0
3.785295490E2,1.117800045E1,5.725050449E0,-1.102905083E1
3.785319927E2,6.415950298E0,4.393050194E0,-7.497000217E0
3.785344361E2,4.918950081E0,6.771000385E0,-3.823950291E0
3.785368798E2,8.746050835E0,8.072999954E0,-5.707950115E0
3.785393235E2,5.142000198E0,6.673050404E0,-1.027905083E1
3.785417671E2,-3.640500307E-1,6.445050240E0,-4.192950249E0
3.785442106E2,1.759500057E-1,6.055050373E0,-1.767000079E0
3.785466543E2,7.864050388E0,7.875000477E0,-5.457000256E0
3.785490979E2,8.274000168E0,3.915000200E0,-9.561000824E0
3.785515416E2,2.215950012E0,1.132050037E0,-3.855000257E0
3.785539851E2,3.045000076E0,4.039050102E0,3.184950113E0
3.785564288E2,4.749000072E0,1.138695049E1,1.882950068E0
3.785588724E2,3.574050188E0,9.349950790E0,1.003950000E0
3.785613161E2,1.504950047E0,6.553050518E0,2.368950129E0
3.785637595E2,-2.143050194E0,7.273950577E0,2.565000057E0
3.785662032E2,-5.149500370E-1,9.316050529E0,6.090000272E-1
3.785686468E2,5.773950100E0,6.649050236E0,-6.538950443E0
3.785710905E2,8.080050468E0,1.333950043E0,-7.329000473E0
3.785735342E2,8.530050278E0,3.244050264E0,-8.596050262E0
3.785759777E2,6.325050354E0,5.940000057E0,-7.945050240E0
3.785784214E2,1.849950075E0,5.394000053E0,-7.839000225E0
3.785808650E2,-5.890500546E-1,4.447950363E0,-3.372000217E0
3.785833087E2,2.032050133E0,7.030050278E0,1.228950024E0
3.785857521E2,6.817950249E0,9.196050644E0,-2.196000099E0
3.785881958E2,7.522050381E0,4.899000168E0,-5.644050121E0
3.785906394E2,5.530050278E0,2.137950182E0,-2.245950222E0
3.785930829E2,3.921000242E0,4.108950138E0,1.648050070E0
3.785955266E2,6.828000546E0,1.023495007E1,4.510500133E-1
3.785979703E2,4.369050026E0,1.302495098E1,1.497000098E0
3.786004139E2,1.644000053E0,8.277000427E0,3.600000143E-1
3.786028576E2,-8.569500446E-1,7.348050117E0,8.100000620E-1
3.786053011E2,1.618050098E0,1.054200077E1,-1.329000115E0
3.786077447E2,3.712950230E0,1.102305031E1,-7.411050320E0
3.786101884E2,7.102950573E0,6.201000214E0,-9.331050873E0
3.786126321E2,6.540000439E0,7.959000587E0,-8.227050781E0
3.786150755E2,6.672000408E0,1.123905087E1,-6.087000370E0
3.786175192E2,3.361050129E0,1.090095043E1,-7.296000481E0
3.786199628E2,1.810500026E-1,9.400050163E0,-2.351999998E0
3.786224063E2,5.790000558E-1,1.000095081E1,1.738950133E0
3.786248500E2,2.812050104E0,1.161705017E1,1.305000018E-2
3.786272936E2,6.555000305E0,7.828950405E0,-4.885050297E0
3.786297373E2,4.278000355E0,3.982050180E0,-2.284950018E0
3.786321808E2,5.506050110E0,5.317950249E0,-3.450000286E-1
3.786346244E2,8.176050186E0,1.244505024E1,-1.012950063E0
3.786370681E2,6.852000237E0,1.379805088E1,2.400000095E-1
3.786395118E2,3.291000128E0,9.979050636E0,3.195000067E-2
3.786419554E2,7.750500441E-1,1.102995014E1,2.232000113E0
3.786443989E2,7.009500265E-1,1.459995079E1,1.039950013E0
3.786468426E2,5.121000290E0,1.231095028E1,-4.344000340E0
3.786492863E2,4.752000332E0,7.687950134E0,-6.891000271E0
3.786517299E2,5.547000408E0,7.834050179E0,-8.533950806E0
3.786541734E2,8.815050125E0,9.607950211E0,-9.195000648E0
3.786566171E2,4.306950092E0,1.044105053E1,-1.073895073E1
3.786590607E2,4.230000079E-1,7.959000587E0,-4.978050232E0
3.786615042E2,1.837950110E0,7.690050602E0,7.290000319E-1
3.786639479E2,3.619050264E0,1.209300041E1,-5.010000467E-1
3.786663915E2,3.753000259E0,5.854050159E0,-4.768050194E0
3.786688352E2,4.285050392E0,4.027050018E0,-2.610000074E-1
3.786712786E2,5.755050182E0,5.236050129E0,1.576050043E0
3.786737223E2,8.560950279E0,8.892000198E0,-2.056950092E0
3.786761660E2,5.391000271E0,1.053000069E1,-1.152000070E0
3.786786096E2,1.575000048E0,7.867950439E0,3.649500310E-1
3.786810533E2,-1.116000056E0,8.254950523E0,3.018000126E0
3.786834968E2,1.582050085E0,1.018005085E1,-1.605000019E0
3.786859405E2,6.651000500E0,9.244050026E0,-8.278050423E0
3.786883841E2,7.576950550E0,6.924000263E0,-8.946000099E0
3.786908278E2,6.343950272E0,7.531950474E0,-6.432000160E0
3.786932713E2,6.187950134E0,1.018800068E1,-6.409950256E0
3.786957150E2,1.330050111E0,1.013295078E1,-4.183050156E0
3.786981586E2,-5.119500160E-1,7.437000275E0,1.153050065E0
3.787006020E2,1.168050051E0,9.397050858E0,2.569950104E0
3.787030457E2,5.188050270E0,8.884950638E0,-3.265950203E0
3.787054893E2,6.118950367E0,3.924000263E0,-6.337950230E0
3.787079330E2,4.110000134E0,2.746050119E0,-3.349950075E0
3.787103767E2,5.551950455E0,6.273000240E0,-1.630950093E0
3.787128202E2,7.704000473E0,9.514950752E0,-3.823950291E0
3.787152639E2,4.807050228E0,7.807950497E0,-3.004950047E0
3.787177075E2,7.870500088E-1,7.575000286E0,-2.970000207E-1
3.787201512E2,9.499500394E-1,8.457000732E0,9.490500689E-1
3.787225947E2,5.791050434E0,8.643000603E0,-4.891950130E0
3.787250383E2,7.402050495E0,6.397050381E0,-7.971000195E0
3.787274820E2,6.660000324E0,5.071050167E0,-7.477950573E0
3.787299256E2,8.583000183E0,5.800950050E0,-6.274050236E0
3.787323691E2,4.339950085E0,6.534000397E0,-6.826950550E0
3.787348128E2,1.090500057E-1,4.936950207E0,-3.409950256E0
3.787372564E2,6.310500503E-1,5.056950092E0,1.573950052E0
3.787397001E2,7.576950550E0,5.940000057E0,-1.818000078E0
3.787421436E2,9.424950600E0,4.791000366E0,-8.503050804E0
3.787445873E2,1.480950117E0,3.721050262E0,-4.417950153E0
3.787470309E2,8.350500464E-1,4.458000183E0,1.180950046E0
3.787494746E2,6.511950493E0,7.855950356E0,7.960500121E-1
3.787519181E2,6.363000393E0,7.789050579E0,-3.460050106E0
3.787543617E2,1.030950069E0,6.907050133E0,-7.549500465E-1
3.787568054E2,-1.477050066E0,7.408050537E0,2.278050184E0
3.787592491E2,5.170950413E0,9.637050629E0,-2.598000050E0
3.787616925E2,9.640950203E0,8.952000618E0,-8.731950760E0
3.787641362E2,6.175950527E0,6.888000488E0,-8.409000397E0
3.787665798E2,5.722050190E0,7.369950294E0,-7.147050381E0
3.787690235E2,7.042950153E0,8.548050880E0,-7.305000305E0
3.787714670E2,1.888050079E0,6.091050148E0,-5.799000263E0
3.787739107E2,-9.580500722E-1,5.559000492E0,1.830000043E0
3.787763543E2,1.843050122E0,6.699000359E0,3.729000092E0
3.787787980E2,9.586050034E0,8.923050880E0,-4.223999977E0
3.787812415E2,7.663050175E0,5.344050407E0,-6.585000515E0
3.787836852E2,1.747050047E0,4.161000252E0,-2.815950155E0
3.787861289E2,3.805950165E0,7.489050388E0,-5.890500546E-1
3.787885725E2,5.722050190E0,1.350795078E1,-1.720050097E0
3.787910162E2,2.820000172E0,1.135395050E1,-9.250500202E-1
3.787934596E2,5.809500217E-1,6.807000160E0,1.797000051E0
3.787959033E2,-1.233000040E0,9.726000786E0,1.311000109E0
3.787983469E2,3.769950151E0,1.459305096E1,-4.459500313E-1
3.788007906E2,5.719050407E0,1.051995087E1,-8.171999931E0
3.788032341E2,9.454050064E0,7.738050461E0,-9.714000702E0
3.788056777E2,9.164999962E0,1.061895084E1,-1.046595097E1
3.788081214E2,4.654050350E0,1.153305054E1,-9.558000565E0
3.788105648E2,-2.869500220E-1,9.298950195E0,-2.871000051E0
3.788130085E2,-6.150000095E-1,7.924950600E0,4.654950142E0
3.788154522E2,1.993950129E0,1.002195072E1,3.871950150E0
3.788178958E2,7.222950459E0,1.007700062E1,-3.597000122E0
3.788203393E2,5.142000198E0,4.164000034E0,-5.268000126E0
3.788227830E2,3.832050085E0,4.573050022E0,-2.289000034E0
3.788252267E2,5.902950287E0,1.034295082E1,-6.540000439E-1
3.788276703E2,5.800950050E0,1.591200066E1,7.309500575E-1
3.788301140E2,3.409050226E0,1.229205036E1,1.131000042E0
3.788325574E2,1.162950039E0,8.521050453E0,1.717950106E0
3.788350011E2,1.909500062E-1,1.414500046E1,-7.210500240E-1
3.788374447E2,9.000000544E-3,1.747305107E1,4.150500298E-1
3.788398882E2,4.042950153E0,1.005105019E1,4.438050270E0
3.788423319E2,5.494050026E0,8.500050545E0,-6.421950340E0
3.788447755E2,6.298950195E0,1.105005074E1,-1.121295071E1
3.788472192E2,3.648000240E0,1.002195072E1,-1.186395073E1
3.788496627E2,7.304999977E-2,1.035000038E1,-2.974050045E0
3.788521064E2,6.000000052E-3,8.278950691E0,2.911950111E0
3.788545500E2,1.441050053E0,1.027905083E1,-7.999500632E-1
3.788569937E2,2.590050220E0,9.129000664E0,1.159500033E-1
3.788594373E2,1.057050109E0,4.378950119E0,-8.650500178E-1
3.788618808E2,3.375000238E0,4.872000217E0,-6.010500193E-1
3.788643245E2,6.445050240E0,1.021605015E1,-2.622000217E0
3.788667681E2,3.514050245E0,9.346950531E0,-1.405950069E0
3.788692118E2,1.357050061E0,6.673050404E0,5.970000029E-1
3.788716553E2,-2.370000184E-1,9.667950630E0,1.633950114E0
3.788740990E2,2.640000105E0,8.690999985E0,-3.040950060E0
3.788765426E2,6.118950367E0,8.607000351E0,-3.052950144E0
3.788789861E2,8.968050003E0,7.390950203E0,-3.690000057E0
3.788814297E2,1.045695019E1,5.221950054E0,-1.327005100E1
3.788838734E2,2.503950119E0,6.010050297E0,-1.427805042E1
3.788863171E2,-9.379500151E-1,2.682000160E0,-4.297950268E0
3.788887605E2,5.140500069E-1,1.245000005E0,7.500000596E-1
3.788912042E2,7.150950432E0,2.263050079E0,-4.393949986E0
3.788936478E2,5.230950356E0,1.942050099E0,-5.827950478E0
3.788960915E2,-1.960500032E-1,8.710500598E-1,7.789500356E-1
3.788985352E2,5.479950428E0,2.542950153E0,-8.650500178E-1
3.789009787E2,9.262950897E0,3.751950264E0,-4.819950104E0
3.789034223E2,6.042000294E0,7.030050278E0,-1.162050009E0
3.789058660E2,7.150500417E-1,5.377050400E0,2.424000025E0
3.789083097E2,6.196050167E0,6.679950237E0,-4.363049984E0
3.789107531E2,1.504500103E1,5.068950176E0,-1.302495098E1
3.789131968E2,1.242795086E1,3.964950085E0,-1.243605042E1
3.789156404E2,6.313050270E0,5.827950478E0,-1.550805092E1
3.789180841E2,9.775050163E0,5.545050144E0,-1.843200111E1
3.789205276E2,6.622050285E0,7.084950447E0,-1.569300079E1
3.789229713E2,-2.700000107E-1,7.161000252E0,-7.870050430E0
3.789254149E2,-5.959500074E-1,7.020000458E0,8.269500136E-1
3.789278586E2,2.173050165E0,8.530950546E0,4.153050423E0
3.789303020E2,5.298000336E0,8.785050392E0,6.952050209E0
3.789327457E2,3.729000092E0,5.683950424E0,3.300000191E0
3.789351893E2,2.809950113E0,7.699950218E0,1.444950104E0
3.789376330E2,3.346050262E0,1.069800091E1,-1.018050075E0
3.789400765E2,3.919050217E0,1.129905033E1,1.809000134E0
3.789425202E2,1.420950055E0,8.835000038E0,-1.369500011E-1
3.789449638E2,3.397050142E0,9.108000755E0,-5.010000467E-1
3.789474075E2,6.853950500E0,1.285200024E1,-8.518950462E0
3.789498510E2,6.445050240E0,1.175295067E1,-1.432800102E1
3.789522946E2,3.600000143E0,8.938050270E0,-9.537000656E0
3.789547382E2,6.481050491E0,8.794050217E0,-5.847000122E0
3.789571819E2,3.435000181E0,9.475950241E0,-4.843950272E0
3.789596254E2,6.979500055E-1,6.141000271E0,1.809000134E0
3.789620691E2,6.259500384E-1,4.831950188E0,4.837050438E0
3.789645127E2,5.662050247E0,9.430950165E0,1.014000058E0
3.789669564E2,5.893950462E0,7.089000225E0,-7.759950161E0
3.789693998E2,2.230950117E0,3.690000057E0,-3.430950165E0
3.789718435E2,4.456950188E0,6.139050484E0,5.800500512E-1
3.789742872E2,9.373050690E0,1.024005032E1,-1.722000122E0
3.789767308E2,5.917950153E0,1.153095055E1,-3.012000084E0
3.789791745E2,2.190000057E0,9.285000801E0,1.605000019E0
3.789816180E2,2.009999990E0,1.042500019E1,1.504950047E0
3.789840616E2,4.258950233E0,1.277805042E1,-2.794950247E0
3.789865053E2,5.101050377E0,1.044405079E1,-8.433000565E0
3.789889488E2,5.068050385E0,7.863000393E0,-1.130205059E1
3.789913925E2,6.844050407E0,7.657050133E0,-9.748050690E0
3.789938361E2,3.531000137E0,7.828950405E0,-7.063950539E0
3.789962798E2,-8.100000024E-2,5.727000237E0,-7.069500089E-1
3.789987232E2,8.730000257E-1,5.871000290E0,4.002000332E0
3.790011669E2,7.017000198E0,9.976950645E0,-5.100000501E-1
3.790036106E2,5.889000416E0,6.061950207E0,-7.405950546E0
3.790060542E2,1.639050126E0,5.566950321E0,-1.767000079E0
3.790084979E2,2.992050171E0,6.538950443E0,7.620000243E-1
3.790109414E2,6.415950298E0,1.107795048E1,-1.404000044E0
3.790133851E2,2.914950132E0,1.228005028E1,-4.459500313E-1
3.790158287E2,1.210500076E-1,1.023105049E1,3.583050251E0
3.790182724E2,-9.739500284E-1,8.314949989E0,9.250500202E-1
3.790207159E2,5.358000278E0,1.178505039E1,-2.305950165E0
3.790231595E2,5.941950321E0,1.254105091E1,-9.954000473E0
3.790256032E2,8.224050522E0,1.090605068E1,-9.831000328E0
3.790280466E2,7.240050316E0,1.039395046E1,-9.946050644E0
3.790304903E2,1.321050048E0,1.124100018E1,-6.745050430E0
3.790329340E2,-5.310000181E-1,1.024500084E1,1.813050032E0
3.790353776E2,1.102950096E0,1.038600063E1,1.821000099E0
3.790378211E2,3.904050112E0,9.109950066E0,-4.504050255E0
3.790402648E2,3.387000084E0,7.420050144E0,-8.064000130E0
3.790427085E2,2.140050173E0,6.402000427E0,-2.752050161E0
3.790451521E2,4.267950058E0,7.858050346E0,-2.203050137E0
3.790475958E2,6.880050182E0,1.039605045E1,-4.380000114E0
3.790500392E2,3.643050194E0,1.063500023E1,-2.974050045E0
3.790524829E2,1.843050122E0,9.868950844E0,7.860000134E-1
3.790549265E2,2.305050135E0,1.022100067E1,-4.309500158E-1
3.790573700E2,5.592000484E0,8.047050476E0,-6.669000149E0
3.790598137E2,5.653950214E0,1.058700085E1,-6.964950562E0
3.790622573E2,7.909950256E0,7.968000412E0,-9.046050072E0
3.790647010E2,7.014000416E0,5.703000069E0,-1.014000034E1
3.790671444E2,-1.950000064E-3,6.658050537E0,-4.285950184E0
3.790695881E2,-5.650500059E-1,4.642050266E0,4.804050446E0
3.790720318E2,6.943050385E0,4.626000404E0,1.138050079E0
3.790744755E2,9.909000397E0,4.342950344E0,-7.393950462E0
3.790769192E2,2.001000166E0,4.045950413E0,-4.485000134E0
3.790793626E2,1.074000001E0,4.156050205E0,2.242050171E0
3.790818063E2,6.612000465E0,6.475950241E0,-1.633050084E0
3.790842499E2,6.460950375E0,8.437050819E0,-7.060950279E0
3.790866936E2,-2.629500031E-1,8.859000206E0,-1.581000090E0
3.790891371E2,-2.125950098E0,9.523950577E0,2.979000092E0
3.790915807E2,5.046000004E0,8.944950104E0,-4.000950336E0
3.790940244E2,9.700950623E0,9.473999977E0,-1.071705055E1
3.790964678E2,6.094950199E0,9.496050835E0,-7.078050137E0
3.790989115E2,8.178000450E0,9.160050392E0,-8.368950844E0
3.791013552E2,5.113050461E0,8.072999954E0,-8.227050781E0
3.791037988E2,-1.480500102E-1,8.028000832E0,-1.168950081E0
3.791062423E2,1.012050033E0,7.353000164E0,1.986000061E0
3.791086860E2,8.668950081E0,8.506950378E0,-5.922000408E0
3.791111296E2,7.114950180E0,7.378950119E0,-1.092300034E1
3.791135733E2,5.910000205E-1,5.659950256E0,-2.332950115E0
3.791160170E2,1.419000030E0,5.107050419E0,2.034000158E0
3.791184605E2,7.668000221E0,9.306000710E0,-3.292950153E0
3.791209042E2,5.530050278E0,9.370950699E0,-6.384000301E0
3.791233478E2,7.680000067E-1,6.589050293E0,-2.880000174E-1
3.791257915E2,1.350000024E0,9.024000168E0,-5.370000005E-1
3.791282350E2,5.974950314E0,8.944950104E0,-5.638950348E0
3.791306786E2,6.580950260E0,8.361000061E0,-8.646000862E0
3.791331223E2,5.394000053E0,9.342000008E0,-6.649050236E0
3.791355659E2,7.912050247E0,7.693050385E0,-8.545949936E0
3.791380094E2,2.992050171E0,6.691950321E0,-7.423050404E0
3.791404531E2,-1.444050074E0,4.302000046E0,2.604000092E0
3.791428967E2,2.230950117E0,2.205000162E0,5.695050240E0
3.791453404E2,8.863050461E0,3.318000078E0,-4.332000256E0
3.791477839E2,5.227950096E0,3.484050274E0,-7.423050404E0
3.791502276E2,1.240500063E-1,2.212050200E0,1.855950117E0
3.791526712E2,2.803050041E0,3.298950195E0,2.230050087E0
3.791551149E2,8.001000404E0,7.504050255E0,-5.526000500E0
3.791575583E2,2.542050123E0,7.384050369E0,-1.449000120E0
3.791600019E2,-1.752000093E0,7.954050541E0,2.737950087E0
3.791624456E2,-3.232050180E0,8.392050743E0,-5.539500117E-1
3.791648893E2,3.658050060E0,1.020900059E1,-1.096950054E0
3.791673328E2,5.725950241E0,9.903000832E0,-7.291050434E0
3.791697765E2,7.338000298E0,9.105000496E0,-6.259050369E0
3.791722201E2,5.695050240E0,6.961950302E0,-8.469000816E0
3.791746638E2,2.460000068E-1,8.401050568E0,-3.721050262E0
3.791771073E2,-1.270500124E-1,8.101950645E0,4.417950153E0
3.791795509E2,2.239950180E0,1.012500095E1,1.552050114E0
3.791819946E2,4.243950367E0,1.062600040E1,-3.700050116E0
3.791844383E2,2.046000004E0,9.238950729E0,-3.285000086E0
3.791868817E2,1.608000040E0,7.858050346E0,1.315050006E0
3.791893254E2,3.109050035E0,1.063305092E1,-6.450000405E-1
3.791917690E2,5.536950111E0,1.359000111E1,-6.007950306E0
3.791942125E2,2.917950153E0,1.306095028E1,-1.708050132E0
3.791966562E2,2.353049994E0,1.166205025E1,-8.400000632E-2
3.791990998E2,4.408950329E0,1.290795040E1,-3.511050224E0
3.792015435E2,6.715050220E0,1.343895054E1,-1.148595047E1
3.792039872E2,8.530050278E0,1.343400097E1,-7.969050407E0
3.792064307E2,8.611050606E0,1.288395023E1,-1.013505077E1
3.792088744E2,4.522050381E0,1.102605057E1,-6.745050430E0
3.792113180E2,9.310500622E-1,7.669050217E0,-1.234050035E0
3.792137617E2,1.728000045E0,7.666050434E0,1.627050042E0
3.792162051E2,5.299950123E0,8.497050285E0,-5.719950199E0
3.792186488E2,3.117000103E0,4.602000237E0,-8.554950714E0
3.792210924E2,1.735050082E0,4.750050068E0,-3.760500252E-1
3.792235361E2,6.483000278E0,5.313000202E0,3.619500101E-1
3.792259796E2,7.989000320E0,7.981950283E0,-3.979500234E-1
3.792284233E2,2.733000040E0,9.337950706E0,2.656050205E0
3.792308669E2,-1.950000064E-3,9.205950737E0,5.179950237E0
3.792333104E2,4.896000385E0,8.433000565E0,-1.305000067E0
3.792357541E2,6.652950287E0,7.273950577E0,-1.152195072E1
3.792381977E2,5.716950417E0,9.160050392E0,-1.246500015E1
3.792406414E2,9.576000214E0,8.137949944E0,-1.269495106E1
3.792430851E2,4.824000359E0,7.092000484E0,-9.508050919E0
3.792455285E2,-1.444050074E0,7.501050472E0,2.086050034E0
3.792479722E2,-1.635000110E0,5.230950356E0,7.312950134E0
3.792504158E2,8.788949966E0,8.743950844E0,-1.129500046E-1
3.792528595E2,7.729950428E0,4.444050312E0,-9.549000740E0
3.792553030E2,9.780000448E-1,4.504050255E0,-3.967950106E0
3.792577467E2,1.333050013E0,4.087049961E0,-1.240950108E0
3.792601903E2,7.048050404E0,6.268050194E0,-5.221950054E0
3.792626340E2,3.018000126E0,7.161000252E0,-5.187000275E0
3.792650775E2,2.805000171E-2,7.386000156E0,2.218050003E0
3.792675211E2,-2.149500102E-1,1.003005028E1,2.541000128E0
3.792699648E2,4.792950153E0,8.171999931E0,-4.726950169E0
3.792724085E2,6.694050312E0,8.848950386E0,-6.877050400E0
3.792748519E2,7.600950241E0,9.523950577E0,-8.400000572E0
3.792772956E2,6.817950249E0,7.876950264E0,-1.090200043E1
3.792797392E2,4.180500209E-1,8.076000214E0,-6.319050312E0
3.792821829E2,-1.731000066E0,6.079050064E0,3.304950237E0
3.792846264E2,4.396950245E0,5.595000267E0,1.500000119E0
3.792870701E2,9.294000626E0,8.131050110E0,-7.411050320E0
3.792895137E2,3.210000038E0,5.755950451E0,-4.554000378E0
3.792919574E2,1.998000145E0,6.091050148E0,2.040000111E-1
3.792944009E2,5.427000046E0,7.291050434E0,-1.480050087E0
3.792968445E2,5.808000088E0,1.124595070E1,-6.319050312E0
3.792992882E2,5.279999971E-1,8.968950272E0,-2.929500043E-1
3.793017318E2,2.769000053E0,9.358950615E0,-8.790000677E-1
3.793041753E2,7.498050213E0,1.149495029E1,-7.084950447E0
3.793066190E2,5.130000114E0,1.070700073E1,-7.501950264E0
3.793090626E2,6.988050461E0,1.065195084E1,-8.550000191E0
3.793115063E2,9.754050255E0,1.061400032E1,-1.004505062E1
3.793139498E2,2.913000107E0,9.493050575E0,-7.648050308E0
3.793163934E2,-1.800000072E0,8.785050392E0,2.824050188E0
3.793188371E2,8.040000200E-1,7.104000568E0,4.780050278E0
3.793212808E2,7.077000141E0,7.285950184E0,-6.949050426E0
3.793237244E2,5.281050205E0,6.523950100E0,-7.642950535E0
3.793261679E2,1.204050064E0,4.731000423E0,-4.800000042E-2
3.793286116E2,6.066000462E0,5.406000137E0,-1.255050063E0
3.793310552E2,6.502050400E0,8.140049934E0,-5.194050312E0
3.793334987E2,1.132050037E0,7.362000465E0,2.479500175E-1
3.793359424E2,6.240000129E-1,9.096000671E0,1.348950028E0
3.793383860E2,4.555950165E0,7.522950172E0,-2.196000099E0
3.793408297E2,7.299000263E0,7.252050400E0,-7.392000198E0
3.793432731E2,7.599000454E0,7.993950367E0,-8.518950462E0
3.793457168E2,9.574050903E0,7.738050461E0,-9.946050644E0
3.793481604E2,4.624950409E0,7.185000420E0,-9.297000885E0
3.793506041E2,-9.600000381E-1,7.216050148E0,1.624050021E0
3.793530478E2,4.009500146E-1,4.261950016E0,5.593950272E0
3.793554913E2,8.515950203E0,6.163050175E0,-4.837050438E0
3.793579350E2,5.086950302E0,4.338000298E0,-8.392050743E0
3.793603784E2,2.650500238E-1,5.587950230E0,-1.645050049E0
3.793628221E2,5.524950027E0,3.567000151E0,-4.150500298E-1
3.793652658E2,7.705950260E0,6.361950397E0,-5.251050472E0
3.793677094E2,1.000050068E0,7.654050350E0,-3.894000292E0
3.793701531E2,-7.470000386E-1,9.223050117E0,1.106999993E0
3.793725965E2,5.608950138E0,7.609050274E0,-4.918050289E0
3.793750402E2,7.996050358E0,8.690999985E0,-9.774000168E0
3.793774838E2,4.576950073E0,9.634950638E0,-8.337000847E0
3.793799275E2,8.319000244E0,9.247050285E0,-7.782000542E0
3.793823710E2,4.761000156E0,8.047050476E0,-7.825050354E0
3.793848147E2,-1.233000040E0,8.440050125E0,2.103000164E0
3.793872583E2,-6.510000229E-1,7.504050255E0,7.456950188E0
3.793897020E2,6.796950340E0,7.923000336E0,-2.340000153E0
3.793921457E2,6.330000401E0,7.096950531E0,-7.051950455E0
3.793945891E2,1.021950006E0,8.016000748E0,-2.064000130E0
3.793970328E2,4.540500343E-1,7.297950268E0,1.191000104E0
3.793994765E2,2.451000214E0,1.218705082E1,-1.143000007E0
3.794019199E2,3.214950085E0,1.254405022E1,-6.090000272E-1
3.794043636E2,9.900000691E-1,1.079100037E1,-2.110500038E-1
3.794068072E2,8.080500364E-1,1.229205036E1,-1.246050000E0
3.794092509E2,2.238000154E0,1.329795074E1,1.464000106E0
3.794116944E2,5.293050289E0,1.224405098E1,-2.479050159E0
3.794141381E2,7.240050316E0,1.341000080E1,-7.581000328E0
3.794165817E2,6.507000446E0,1.156005096E1,-1.305705070E1
3.794190254E2,2.089050055E0,9.547950745E0,-7.416000366E0
3.794214688E2,6.430500150E-1,8.959050179E0,2.127000093E0
3.794239125E2,3.889950275E0,1.087005043E1,-1.036949992E0
3.794263561E2,4.378050327E0,9.297000885E0,-4.213950157E0
3.794287998E2,9.589500427E-1,5.161950111E0,-1.051950097E0
3.794312433E2,2.212050200E0,5.398950100E0,1.900500059E-1
3.794336870E2,6.117000103E0,8.746050835E0,-2.835000038E0
3.794361306E2,3.198000193E0,7.549050331E0,-2.275050163E0
3.794385743E2,1.399950027E0,8.373000145E0,1.204950094E0
3.794410177E2,1.624950051E0,1.129095078E1,-4.270500243E-1
3.794434614E2,6.490050316E0,6.490950108E0,-6.853050232E0
3.794459050E2,7.917000294E0,9.057000160E0,-9.865050316E0
3.794483487E2,9.727050781E0,8.679000854E0,-1.425795078E1
3.794507924E2,6.888000488E0,7.209000111E0,-1.369305038E1
3.794532359E2,3.850500286E-1,5.634000301E0,-5.740050316E0
3.794556796E2,-7.395000011E-2,4.328999996E0,6.448950291E0
3.794581232E2,8.317049980E0,1.566000104E0,1.276950002E0
3.794605669E2,1.031895065E1,2.341950178E0,-6.718950272E0
3.794630103E2,2.302050114E0,3.442950249E0,-1.474950075E0
3.794654539E2,4.816050053E0,2.872950077E0,-1.564050078E0
3.794678976E2,8.985000610E0,2.911050081E0,-7.720050335E0
3.794703411E2,2.302050114E0,4.360050201E0,-7.516050339E0
3.794727848E2,-9.360000491E-1,6.618000507E0,-2.950050116E0
3.794752285E2,3.964050293E0,6.730050087E0,-3.211050034E0
3.794776721E2,7.747050285E0,6.268050194E0,-6.135000229E0
3.794801158E2,4.624950409E0,6.972000122E0,-3.550950050E0
3.794825592E2,7.824000359E0,7.165950298E0,-4.528050423E0
3.794850029E2,8.587050438E0,5.634000301E0,-1.144305038E1
3.794874465E2,-5.599500537E-1,8.257950783E0,-8.127000809E0
3.794898902E2,-2.883000135E0,6.129000187E0,1.350000054E-1
3.794923337E2,8.250000477E-1,5.799000263E0,4.654950142E0
3.794947774E2,4.591050148E0,7.177950382E0,1.324950099E0
3.794972210E2,2.302050114E0,7.219050407E0,9.079500437E-1
3.794996645E2,1.825950146E0,8.521050453E0,9.850500226E-1
3.795021081E2,4.804950237E0,1.002705002E1,-1.015950084E0
3.795045518E2,2.949000120E0,1.047300053E1,-6.867000103E0
3.795069955E2,1.654050112E0,1.007700062E1,-6.760500073E-1
3.795094389E2,4.848000050E0,1.051995087E1,-2.110500038E-1
3.795118826E2,1.888050079E0,1.292400074E1,-6.336000443E0
3.795143263E2,3.988050222E0,1.295100021E1,-3.238050222E0
3.795167699E2,6.885000229E0,1.134405041E1,-1.036095047E1
3.795192136E2,7.395000458E0,9.960000038E0,-1.436400032E1
3.795216571E2,2.494050026E0,1.010895061E1,-8.151000023E0
3.795241008E2,1.516950130E0,7.357950211E0,1.449000120E0
3.795265444E2,3.697950125E0,1.076205063E1,-1.083000064E0
3.795289881E2,2.209050179E0,7.599000454E0,-4.593000412E0
3.795314315E2,-1.319999993E-1,4.867050171E0,1.354050040E0
3.795338752E2,3.274950266E0,5.530950069E0,2.343000174E0
3.795363188E2,6.504000187E0,7.963050365E0,-3.610950232E0
3.795387623E2,3.708000183E0,9.886050224E0,-1.246050000E0
3.795412060E2,4.470000267E-1,1.046295071E1,3.705000162E0
3.795436497E2,3.624000072E0,1.020195007E1,-2.562000036E0
3.795460933E2,7.126950264E0,1.068300056E1,-8.103000641E0
3.795485370E2,7.429050446E0,1.113600063E1,-1.044900036E1
3.795509805E2,9.835050583E0,1.053495026E1,-1.150005054E1
3.795534241E2,4.639050007E0,9.421050072E0,-9.751950264E0
3.795558678E2,-4.519500136E-1,7.899000168E0,6.280500293E-1
3.795583114E2,1.725000024E0,6.337950230E0,5.541000366E0
3.795607549E2,9.796950340E0,6.208050251E0,-5.469000340E0
3.795631986E2,7.492950439E0,4.915050030E0,-1.074795055E1
3.795656422E2,1.624950051E0,5.773050308E0,-4.308000088E0
3.795680859E2,4.507950306E0,3.168000221E0,-2.827950239E0
3.795705294E2,6.672000408E0,5.887050152E0,-6.829050541E0
3.795729730E2,7.800000310E-1,7.591950417E0,-4.240950108E0
3.795754167E2,-2.245950222E0,7.570950508E0,1.654950023E0
3.795778601E2,2.092050076E0,6.133950233E0,5.805000290E-2
3.795803038E2,5.704950333E0,6.871950150E0,-4.425000191E0
3.795827475E2,6.246000290E0,7.188000202E0,-3.871950150E0
3.795851911E2,7.465050220E0,6.802050114E0,-3.703950167E0
3.795876348E2,4.210950375E0,4.638000011E0,-6.822000504E0
3.795900783E2,-1.342950106E0,5.197950363E0,-3.568050146E0
3.795925219E2,2.623050213E0,2.356050014E0,9.300000668E-1
3.795949656E2,9.160050392E0,2.614050150E0,-2.364000082E0
3.795974093E2,4.500000000E0,6.084000111E0,-2.304000139E0
3.795998527E2,7.440000176E-1,9.445050240E0,5.752050400E0
3.796022964E2,8.370000124E-1,1.159095097E1,2.179949999E0
3.796047400E2,3.499950171E0,1.263900089E1,5.520000458E-1
3.796071837E2,3.282000065E0,1.626900101E1,-5.028000355E0
3.796096272E2,2.853000164E0,1.679594994E1,1.993050098E0
3.796120709E2,2.170950174E0,1.663095093E1,-6.495000422E-2
3.796145145E2,2.860050201E0,1.867094994E1,-2.272950172E0
3.796169582E2,6.181050301E0,1.948905182E1,3.985050201E0
3.796194016E2,1.025205040E1,1.811295128E1,-9.790950775E0
3.796218453E2,2.527950048E0,1.593105030E1,-1.583205032E1
3.796242890E2,3.580500185E-1,1.807695007E1,-1.313100052E1
3.796267326E2,3.973950148E0,1.707405090E1,-8.092950821E0
3.796291761E2,3.187950134E0,1.273995018E1,-1.164195061E1
3.796316198E2,3.030000031E-1,8.787000656E0,-4.669050217E0
3.796340634E2,1.656000137E0,5.020950317E0,-9.390000701E-1
3.796365071E2,5.632950306E0,8.278950691E0,-2.574000120E0
3.796389506E2,4.570050240E0,6.639000416E0,-4.465950012E0
3.796413943E2,1.294050097E0,1.092000008E0,2.512950182E0
3.796438379E2,1.384950042E0,6.103050232E0,2.461950064E0
3.796462816E2,-7.279500365E-1,6.627000332E0,5.790000439E0
3.796487250E2,2.631000042E0,1.045950055E0,1.591050029E0
3.796511687E2,5.125050068E0,5.629500151E-1,-1.039950013E0
3.796536123E2,2.676000118E0,-9.495000541E-2,-1.327050090E0
3.796560560E2,2.073000193E0,-8.920500278E-1,4.794000149E0
3.796584997E2,1.141050100E0,-7.630500197E-1,5.595000088E-2
3.796609432E2,5.635050297E0,-1.924050093E0,-4.605000019E0
3.796633869E2,6.733950138E0,-4.522050381E0,-5.965050220E0
3.796658305E2,5.686050415E0,-5.422050476E0,-6.108000278E0
3.796682742E2,7.495950222E0,-5.524950027E0,-1.235700035E1
3.796707176E2,1.268205070E1,-7.218000412E0,-1.800795174E1
3.796731613E2,1.222200012E1,-7.110000134E0,-1.663605118E1
3.796756050E2,9.552000046E0,-6.139500141E-1,-1.407600021E1
3.796780484E2,1.086405087E1,7.474950314E0,-1.674600029E1
3.796804921E2,7.410000324E0,8.137949944E0,-1.185705090E1
3.796829357E2,4.630050182E0,7.638000488E0,-5.059950352E0
3.796853794E2,8.194950104E0,8.104949951E0,-5.761050224E0
3.796878229E2,6.651000500E0,1.111395073E1,-1.354500103E1
3.796902666E2,-5.790000558E-1,1.353705025E1,-9.379050255E0
3.796927102E2,4.819050312E0,3.870105362E1,5.118000031E0
3.796951539E2,3.799050093E0,1.709505081E1,1.124400043E1
3.796975976E2,-3.229500055E-1,3.540000021E-1,5.155950069E0
3.797000411E2,4.905000329E-2,3.769050121E0,-1.293000102E0
3.797024848E2,1.660950065E0,2.261400032E1,-1.080000043E0
3.797049281E2,4.249050140E0,1.693500137E1,3.412950277E0
3.797073718E2,2.152050018E0,5.076000214E0,-6.316950321E0
3.797098155E2,1.840050101E0,1.272300053E1,-7.639500499E-1
3.797122591E2,1.441050053E0,2.336100197E1,2.769000053E0
3.797147028E2,-7.905000448E-2,9.151050568E0,1.405950069E0
3.797171463E2,-4.270950317E0,1.431300068E1,6.210000515E-1
3.797195900E2,-2.959050179E0,1.066605091E1,6.690000296E-1
3.797220336E2,-3.214950085E0,1.141605091E1,4.369500279E-1
3.797244773E2,-2.704950094E0,7.519950390E0,7.140000463E-1
3.797269207E2,-4.999500215E-1,6.660000086E-1,-4.390500188E-1
3.797293644E2,-2.560500205E-1,1.530000120E-1,2.479050159E0
3.797318081E2,-9.930000305E-1,3.220050097E0,1.480695057E1
3.797342518E2,1.254000068E0,4.753050327E0,-4.980000257E-1
3.797366954E2,5.455950260E0,4.410000324E0,5.019000053E0
3.797391389E2,1.624394989E1,8.520000577E-1,-8.347050667E0
3.797415826E2,1.174800014E1,8.830050468E0,-1.902105141E1
3.797440262E2,1.226805019E1,1.110900021E1,-2.136705017E1
3.797464697E2,4.635000229E0,7.021950245E0,-1.427295113E1
3.797489134E2,3.729000092E0,1.003200054E1,-3.328950167E0
3.797513570E2,7.773000240E0,9.912000656E0,-2.185950041E0
3.797538007E2,9.720000267E0,1.200000095E1,-4.297950268E0
3.797562442E2,4.575000286E0,8.140049934E0,-3.442950249E0
3.797586879E2,5.190000057E0,8.320050240E0,1.279050112E0
3.797611315E2,7.443000317E0,9.975000381E0,-5.119050026E0
3.797635752E2,3.349050045E0,7.978050232E0,-6.537000179E0
3.797660186E2,7.630500197E-1,1.021905041E1,-1.678950071E0
3.797684623E2,6.169500351E-1,8.136000633E0,-1.711950064E0
3.797709060E2,2.254950047E0,7.077000141E0,-4.288949966E0
3.797733496E2,9.210000634E-1,7.597050190E0,-1.144950032E0
3.797757933E2,2.583000183E0,9.631950378E0,-1.489950061E0
3.797782368E2,5.725950241E0,1.207695103E1,-9.679500461E-1
3.797806804E2,3.784950256E0,8.980950356E0,-2.596050024E0
3.797831241E2,6.724950314E0,8.320050240E0,-1.123050094E0
3.797855675E2,9.991050720E0,1.044405079E1,-8.421000481E0
3.797880112E2,4.696950436E0,8.233950615E0,-1.141395092E1
3.797904549E2,1.651050091E0,8.313000679E0,-4.729050159E0
3.797928986E2,2.848050117E0,7.333950520E0,-9.580500722E-1
3.797953423E2,6.117000103E0,4.153950214E0,-5.838000298E0
3.797977857E2,4.465050220E0,3.742050171E0,-4.300950050E0
3.798002294E2,6.603000164E0,4.792950153E0,1.603050113E0
3.798026730E2,7.749000549E0,5.749050140E0,-1.600050092E0
3.798051167E2,2.944050074E0,7.096950531E0,-2.974050045E0
3.798075602E2,1.980000138E-1,7.137000561E0,-2.209500074E-1
3.798100039E2,3.255000114E0,1.008900070E1,-4.882050037E0
3.798124475E2,3.607050180E0,9.690000534E0,-9.754950523E0
3.798148910E2,2.584950209E0,1.027395058E1,-7.083000183E0
3.798173346E2,5.145000458E0,8.533050537E0,-5.404050350E0
3.798197783E2,5.614050388E0,6.982050419E0,-4.981050014E0
3.798222219E2,1.243950009E0,7.465050220E0,1.203000069E0
3.798246656E2,1.500000060E-1,6.939000130E0,8.440500498E-1
3.798271091E2,1.306050062E0,7.663950443E0,2.223000050E0
3.798295528E2,1.941000104E0,4.992000103E0,2.185050011E0
3.798319964E2,4.489500225E-1,4.048950195E0,4.890000224E-1
3.798344401E2,2.254950047E0,5.746050358E0,8.749500513E-1
3.798368836E2,2.712000132E0,6.831000328E0,-3.454950094E0
3.798393273E2,1.888050079E0,8.076000214E0,-3.760050297E0
3.798417709E2,1.024049997E0,6.874050140E0,-2.389950037E0
3.798442146E2,5.635050297E0,8.121000290E0,-2.722950220E0
3.798466580E2,3.064050198E0,9.760950089E0,-4.456050396E0
3.798491016E2,8.740950584E0,7.828950405E0,-8.581950188E0
3.798515453E2,1.281600094E1,6.735000134E0,-1.741905022E1
3.798539888E2,6.516000271E0,7.318950176E0,-1.855605125E1
3.798564325E2,2.013000011E0,7.599000454E0,-1.227600098E1
3.798588762E2,3.916050196E0,8.072999954E0,-4.066050053E0
3.798613198E2,8.425050735E0,5.088000298E0,-4.453950405E0
3.798637635E2,6.390000343E0,4.786050320E0,3.001050234E0
3.798662069E2,7.395000458E0,3.595950127E0,6.465000153E0
3.798686506E2,1.341000080E1,3.400050163E0,-1.399050117E0
3.798710942E2,1.372800064E1,7.450500131E-1,-9.052950859E0
3.798735379E2,5.701950073E0,5.713050365E0,-1.330305099E1
3.798759814E2,7.690050602E0,7.615950584E0,-1.752195168E1
3.798784251E2,6.718050480E0,7.341000557E0,-2.062995148E1
3.798808687E2,5.398050308E0,1.032405090E1,-1.273605061E1
3.798833124E2,9.294000626E0,9.796950340E0,-7.320000172E0
3.798857559E2,7.231950283E0,8.967000008E0,-7.641000271E0
3.798881995E2,-3.730500042E-1,9.061950684E0,-2.044950008E0
3.798906432E2,3.199500144E-1,9.061950684E0,-1.690950036E0
3.798930866E2,2.250000000E0,1.133400059E1,2.541000128E0
3.798955303E2,3.640950203E0,1.017300034E1,4.677000046E0
3.798979740E2,6.550500393E-1,1.152795029E1,-2.122050047E0
3.799004176E2,-1.890000105E-1,1.234500027E1,-1.207050085E0
3.799028613E2,1.206000090E0,1.440405083E1,-1.210050106E0
3.799053048E2,2.929950237E0,1.470600033E1,-1.566000104E0
3.799077485E2,-3.831000090E0,2.203200150E1,-2.136000156E0
3.799101921E2,-4.678050041E0,1.435800076E1,-2.160000056E-1
3.799126358E2,-6.211050510E0,1.573305035E1,-6.846000195E0
3.799150792E2,-6.298950195E0,1.317795086E1,-8.200950623E0
3.799175229E2,-5.155050278E0,1.582095051E1,4.572000027E0
3.799199665E2,-4.815000057E0,1.241700077E1,8.946000099E0
3.799224102E2,-3.132000208E0,1.053705025E1,8.764050484E0
3.799248537E2,7.369500399E-1,8.513999939E0,6.865050316E0
3.799272974E2,2.769000053E0,2.719950199E0,1.282500076E1
3.799297410E2,2.559000015E0,1.563000083E0,1.108200073E1
3.799321847E2,1.519950032E0,1.378950119E0,5.770950317E0
3.799346282E2,8.640000224E-1,1.269000053E0,6.295050144E0
3.799370718E2,8.470500112E-1,8.640000224E-1,7.669950485E0
3.799395155E2,1.516950130E0,7.590000629E-1,3.207000256E0
3.799419591E2,1.359000087E0,9.220500588E-1,1.770000100E0
3.799444026E2,1.669500023E-1,7.905000448E-2,-3.379500210E-1
3.799468463E2,-7.200000435E-2,-2.070000172E-1,1.009500027E-1
3.799492900E2,1.014000058E0,3.274950266E0,3.027000189E0
3.799517336E2,8.824950218E0,3.439605331E1,8.101050377E0
3.799541773E2,2.274000168E0,1.046805096E1,5.959950447E0
3.799566208E2,-3.400500119E-1,3.019500077E-1,1.264950037E0
3.799590644E2,-1.197000027E0,3.120000124E0,7.258050442E0
3.799615081E2,9.570000172E-1,3.639000177E0,9.532950401E0
3.799639515E2,1.966950059E0,1.663950086E0,-2.955000162E0
3.799663952E2,4.360905075E1,-2.275950193E0,1.011000037E0
3.799688388E2,6.037095261E1,-5.179950237E0,-2.116605186E1
3.799712825E2,2.141805077E1,-1.237050056E0,-5.884995270E1
3.799737260E2,1.653705025E1,2.950050116E0,-6.418905640E1
3.799761697E2,8.391000748E0,5.310000420E0,-5.789700317E1
3.799786133E2,4.528950214E0,2.097000122E0,-2.742495155E1
3.799810570E2,6.379500031E-1,5.719500184E-1,-1.353000045E0
3.799835007E2,-2.580000162E-1,-1.260000020E-1,3.169500232E-1
3.799859441E2,8.467950821E0,1.772205162E1,-5.773050308E0
3.799883878E2,8.535000801E0,3.049800110E1,8.050950050E0
3.799908314E2,1.129050016E0,3.622050285E0,1.260000110E0
3.799932751E2,-2.490000129E-1,-1.605000161E-2,1.849500090E-1
3.799957186E2,9.430500269E-1,2.764950037E0,6.979500055E-1
3.799981622E2,1.491000056E0,1.995195007E1,2.626950026E0
3.800006059E2,3.840000153E0,1.994400024E1,2.539050102E0
3.800030494E2,1.507950068E0,8.646000862E0,-8.149500489E-1
3.800054931E2,-7.000950336E0,2.319300079E1,1.039500013E-1
3.800079367E2,-4.626000404E0,1.243605042E1,1.279050112E0
3.800103804E2,-4.503000259E0,1.264695072E1,6.760500073E-1
3.800128240E2,-6.165000439E0,1.588605118E1,9.559500217E-1
3.800152675E2,-3.526950121E0,7.135050297E0,6.160500050E-1
3.800177112E2,-5.320050240E0,1.360695076E1,1.074000001E0
3.800201548E2,-4.896000385E0,1.245000076E1,7.663050175E0
3.800225985E2,-2.748000145E0,4.882050037E0,4.954950333E0
3.800250420E2,-2.326950073E0,3.579000235E0,1.282050014E0
3.800274857E2,-4.162950039E0,8.410950661E0,2.074050188E0
3.800299293E2,-4.590000153E0,1.012305069E1,6.160500050E-1
3.800323727E2,-2.575950146E0,4.666050434E0,5.440500379E-1
3.800348164E2,-2.671950102E0,6.520050526E0,8.269500136E-1
3.800372601E2,-4.468050003E0,1.318800068E1,7.840500474E-1
3.800397037E2,-3.220050097E0,7.458000183E0,3.390000165E-1
3.800421472E2,-3.004950047E0,7.044000149E0,7.290000319E-1
3.800445909E2,1.548000097E0,1.732305145E1,3.360000134E0
3.800470346E2,2.226000071E0,1.568205070E1,2.496000051E0
3.800494782E2,5.760000348E-1,5.803950310E0,5.989500284E-1
3.800519219E2,1.315950036E0,5.430000305E0,2.782950163E0
3.800543654E2,2.041949987E0,7.642050266E0,2.962950230E0
3.800568091E2,1.812000036E0,8.188050270E0,2.790000200E0
3.800592527E2,1.552950025E0,6.345000267E0,4.429950237E0
3.800616964E2,1.060050011E0,4.843950272E0,1.797000051E0
3.800641398E2,1.668704987E1,2.233950138E0,3.528000116E0
3.800665835E2,1.484400082E1,3.831000090E0,-1.143795013E1
3.800690271E2,2.952795219E1,-5.089499950E-1,-1.193595028E1
3.800714708E2,4.258395386E1,-3.331950188E0,-6.931950092E0
3.800739143E2,3.796950102E0,3.429000139E0,-3.082905197E1
3.800763580E2,6.112050056E0,3.670050144E0,-2.114400101E1
3.800788016E2,-7.830000520E-1,5.842050076E0,-7.753050327E0
3.800812453E2,1.588950038E0,5.980950356E0,-2.332950115E0
3.800836887E2,3.378000259E0,1.450200081E1,-5.059500337E-1
3.800861324E2,5.134950161E0,1.209600067E1,6.346050262E0
3.800885761E2,-1.699500084E-1,7.972950459E0,-1.722000122E0
3.800910197E2,-2.869500220E-1,4.582950115E0,-1.432050109E0
3.800934632E2,2.398050070E0,1.144695091E1,3.046050072E0
3.800959069E2,5.713950157E0,1.523205090E1,1.579050064E0
3.800983505E2,1.761000037E0,8.485050201E0,-5.104950428E0
3.801007942E2,2.290950060E0,7.969950199E0,-6.241950512E0
3.801032377E2,8.250000477E-1,1.271595097E1,-1.238400078E1
3.801056813E2,1.456950068E0,1.022805023E1,-4.942050457E0
3.801081250E2,2.860050201E0,1.129395008E1,-4.246050358E0
3.801105687E2,3.267000198E0,1.285005093E1,-3.982050180E0
3.801130121E2,1.266000032E0,7.599000454E0,-6.760500073E-1
3.801154558E2,1.347000122E0,6.630000114E0,2.790000141E-1
3.801178995E2,5.338050365E0,1.203795052E1,3.268950224E0
3.801203431E2,3.751050234E0,1.020705032E1,8.869500160E-1
3.801227866E2,6.405000389E-2,4.936950207E0,-2.304000139E0
3.801252303E2,4.171950340E0,4.384050369E0,1.294050097E0
3.801276739E2,7.177050114E0,1.210995102E1,-8.103000641E0
3.801301176E2,4.527000427E0,8.593050003E0,-8.268000603E0
3.801325611E2,1.021950006E0,5.473050117E0,-4.437000275E0
3.801350048E2,4.195950031E0,9.567000389E0,1.420500129E-1
3.801374485E2,5.085000038E0,1.166505051E1,-5.659500360E-1
3.801398921E2,2.113049984E0,7.630050182E0,-1.012950063E0
3.801423355E2,2.926950216E0,6.907050133E0,-1.357950091E0
3.801447792E2,7.414050579E0,7.261950493E0,-7.392000198E0
3.801472229E2,3.763050079E0,8.049000740E0,-1.088505077E1
3.801496665E2,7.339500189E-1,6.543000221E0,-2.131050110E0
3.801521100E2,3.499950171E0,7.398000240E0,-1.549950123E0
3.801545537E2,5.133000374E0,1.062795067E1,-1.795950055E0
3.801569973E2,2.130000114E0,7.671000481E0,-1.609500051E-1
3.801594410E2,2.341050148E0,4.729050159E0,1.705950022E0
3.801618845E2,5.748000145E0,8.619000435E0,-2.710950136E0
3.801643282E2,5.298000336E0,1.093500042E1,-7.198050499E0
3.801667718E2,2.202000141E0,7.671000481E0,-2.385000229E0
3.801692155E2,2.094000101E0,6.328050137E0,1.770000100E0
3.801716592E2,4.567049980E0,1.076205063E1,-7.519500256E-1
3.801741026E2,2.731050014E0,1.148505020E1,-4.630500078E-1
3.801765463E2,1.872000098E0,8.337000847E0,6.570000052E-1
3.801789899E2,3.861000299E0,9.184050560E0,-3.253950119E0
3.801814336E2,4.327950001E0,1.033800030E1,-7.504050255E0
3.801838771E2,8.989500403E-1,8.404050827E0,-4.747950077E0
3.801863207E2,1.504950047E0,6.378000259E0,-6.540000439E-1
3.801887644E2,5.167950153E0,1.105395031E1,-2.320950031E0
3.801912079E2,3.391950130E0,1.114500046E1,-1.204950094E0
3.801936515E2,1.198950052E0,6.036000252E0,5.659500360E-1
3.801960952E2,3.342000246E0,6.718050480E0,-3.790500164E-1
3.801985389E2,5.539950371E0,1.181295013E1,-3.910050154E0
3.802009825E2,2.992050171E0,1.018305016E1,-3.997050285E0
3.802034260E2,7.849500179E-1,5.301000118E0,1.330500096E-1
3.802058697E2,3.727050066E0,7.812000275E0,-4.480500221E-1
3.802083133E2,4.345050335E0,1.189200020E1,-2.155050039E0
3.802107570E2,2.290950060E0,8.785050392E0,-2.713050127E0
3.802132005E2,1.495950103E0,6.613050461E0,-2.649000168E0
3.802156442E2,6.576000214E0,8.017950058E0,-5.730000496E0
3.802180878E2,4.951050282E0,8.751000404E0,-8.598000526E0
3.802205312E2,1.582050085E0,7.444050312E0,-1.948950052E0
3.802229749E2,3.457050085E0,7.045950413E0,3.840000033E-1
3.802254185E2,6.523950100E0,8.641050339E0,-3.811950207E0
3.802278622E2,3.909000158E0,8.137949944E0,-4.027950287E0
3.802303057E2,3.193050146E0,6.091050148E0,-1.332000017E0
3.802327494E2,7.251000404E0,7.365000248E0,-4.118999958E0
3.802351931E2,6.295950413E0,9.484050751E0,-8.296950340E0
3.802376367E2,2.118000031E0,8.002050400E0,-3.853050232E0
3.802400804E2,1.134000063E0,5.401050091E0,1.216950059E0
3.802425239E2,5.145000458E0,8.875950813E0,-1.005000062E-2
3.802449675E2,3.652950287E0,1.154295063E1,-2.422950029E0
3.802474112E2,2.575050116E0,7.884000301E0,-1.678950071E0
3.802498549E2,3.277050257E0,7.137000561E0,-3.712050200E0
3.802522983E2,6.586050510E0,8.892000198E0,-5.959950447E0
3.802547420E2,3.172050238E0,9.349950790E0,-6.348000526E0
3.802571856E2,8.850000501E-1,6.864000320E0,-7.830000520E-1
3.802596291E2,4.357050419E0,8.758049965E0,5.040000081E-1
3.802620728E2,5.152050018E0,1.187100029E1,-2.272950172E0
3.802645165E2,3.081000090E0,7.362000465E0,-2.356050014E0
3.802669601E2,2.535000086E0,6.136050224E0,-1.525950074E0
3.802694038E2,6.511950493E0,9.049950600E0,-4.296000004E0
3.802718473E2,6.018000126E0,1.106595039E1,-7.083000183E0
3.802742910E2,1.546050072E0,8.338950157E0,-2.383050203E0
3.802767346E2,1.776000142E0,5.959050179E0,1.758000135E0
3.802791783E2,4.681950092E0,9.874050140E0,-1.135050058E0
3.802816217E2,3.186000109E0,1.108305073E1,-8.910000324E-1
3.802840654E2,1.752000093E0,7.341000557E0,-1.684050083E0
3.802865090E2,2.245050192E0,6.201000214E0,-2.883000135E0
3.802889527E2,5.413050175E0,8.061000824E0,-6.297000408E0
3.802913962E2,1.861950040E0,7.894050598E0,-5.992950439E0
3.802938399E2,5.910000205E-1,4.942050457E0,5.610000491E-1
3.802962835E2,3.274950266E0,6.199050426E0,6.900000572E-1
3.802987272E2,5.190000057E0,9.811950684E0,-1.948950052E0
3.803011707E2,2.176050186E0,6.543000221E0,-1.426950097E0
3.803036144E2,1.741950035E0,3.936000109E0,9.730500579E-1
3.803060580E2,5.556000233E0,7.537050247E0,-2.574000120E0
3.803085017E2,5.752950191E0,9.970050812E0,-7.746000290E0
3.803109451E2,1.776000142E0,6.946050167E0,-3.679950237E0
3.803133888E2,1.234950066E0,4.492050171E0,3.499500155E-1
3.803158324E2,4.456950188E0,8.275050163E0,-9.319500327E-1
3.803182761E2,4.735050201E0,1.122900009E1,-4.380000114E0
3.803207196E2,2.659050226E0,6.378000259E0,-1.863000035E0
3.803231633E2,3.448950052E0,6.358950138E0,-2.155050039E0
3.803256069E2,6.021000385E0,9.595950127E0,-5.317950249E0
3.803280506E2,3.286950111E0,9.535950661E0,-5.718000412E0
3.803304943E2,9.690000415E-1,6.874050140E0,-1.849500090E-1
3.803329377E2,3.811050177E0,9.052950859E0,1.792050123E0
3.803353814E2,5.583000183E0,1.263705063E1,-1.420050025E0
3.803378250E2,2.449050188E0,8.967000008E0,-1.350000054E-1
3.803402685E2,1.524000049E0,7.338000298E0,-5.200500488E-1
3.803427122E2,4.456950188E0,1.020900059E1,-3.348000050E0
3.803451558E2,6.166950226E0,1.150005054E1,-7.260000229E0
3.803475995E2,1.963050127E0,9.409049988E0,-5.794950485E0
3.803500432E2,1.084050059E0,7.461000443E0,5.680500269E-1
3.803524866E2,4.267950058E0,1.101405048E1,-3.600000218E-2
3.803549303E2,5.379000187E0,1.314195061E1,-2.248950005E0
3.803573740E2,3.157050133E0,9.748950005E0,-2.188950062E0
3.803598176E2,2.827050209E0,8.521050453E0,-7.399500608E-1
3.803622611E2,6.622050285E0,9.642000198E0,-5.608050346E0
3.803647048E2,4.299000263E0,1.029795074E1,-8.233950615E0
3.803671484E2,1.516950130E0,8.871000290E0,-2.761050224E0
3.803695921E2,3.391950130E0,7.804950237E0,6.979500055E-1
3.803720356E2,5.458050251E0,1.023300076E1,-2.922000170E0
3.803744792E2,2.901000023E0,9.912000656E0,-3.724050283E0
3.803769229E2,1.648950100E0,6.891000271E0,6.550500393E-1
3.803793663E2,4.122000217E0,6.900000095E0,8.010000587E-1
3.803818100E2,6.301050186E0,1.028805065E1,-5.503050327E0
3.803842536E2,3.181050062E0,8.562000275E0,-5.461950302E0
3.803866973E2,1.243950009E0,5.671950340E0,5.680500269E-1
3.803891410E2,4.138950348E0,7.903050423E0,1.729950070E0
3.803915845E2,5.032050133E0,1.218000031E1,-2.814000130E0
3.803940282E2,3.538050175E0,9.895050049E0,-1.564050078E0
3.803964718E2,2.247000217E0,6.730050087E0,7.800000161E-2
3.803989155E2,5.034000397E0,8.928000450E0,-2.791950226E0
3.804013590E2,4.800000191E0,1.094205093E1,-7.981050491E0
3.804038026E2,1.255950093E0,8.119050026E0,-4.015950203E0
3.804062463E2,1.741950035E0,6.651000500E0,1.083000064E0
3.804086897E2,5.029950142E0,1.027605057E1,-1.408050060E0
3.804111336E2,3.898950100E0,1.109700012E1,-2.650950193E0
3.804135770E2,1.860000134E0,7.848000526E0,2.505000122E-2
3.804160207E2,3.543000221E0,8.128950119E0,-4.819500148E-1
3.804184642E2,5.710050106E0,1.064295006E1,-6.082050323E0
3.804209079E2,3.306000233E0,1.143000031E1,-6.937050343E0
3.804233516E2,8.680500388E-1,6.867000103E0,-1.477950096E0
3.804257952E2,1.893000126E0,6.180000305E0,3.769500256E-1
3.804282389E2,4.435950279E0,1.071195030E1,-4.441950321E0
3.804306823E2,4.089000225E0,1.017795086E1,-3.472050190E0
3.804331260E2,2.784000158E0,6.346950531E0,5.200500488E-1
3.804355696E2,5.257050037E0,6.273000240E0,-3.210000098E-1
3.804380133E2,6.592950344E0,9.498000145E0,-7.222050190E0
3.804404568E2,3.094950199E0,7.666050434E0,-6.283050060E0
3.804429005E2,7.270500064E-1,5.452050209E0,-1.674000025E0
3.804453441E2,4.098000050E0,6.157950401E0,-2.220000029E0
3.804477875E2,5.161050320E0,8.722050667E0,-6.910050392E0
3.804502315E2,2.737950087E0,6.838050365E0,-1.581000090E0
3.804526748E2,1.195950031E0,4.828950405E0,1.324950099E0
3.804551185E2,5.161050320E0,7.195050240E0,-1.819500029E-1
3.804575620E2,5.797950268E0,1.094205093E1,-4.645050049E0
3.804600057E2,2.701950073E0,6.265950203E0,-1.449000120E0
3.804624494E2,1.423950076E0,3.646050215E0,1.093050003E0
3.804648930E2,5.005950451E0,8.014050484E0,-1.506000042E0
3.804673367E2,3.982950211E0,1.185195065E1,-3.952950239E0
3.804697801E2,3.093000174E0,6.955050468E0,-2.209500074E-1
3.804722238E2,2.343000174E0,5.385000229E0,-6.250500083E-1
3.804746674E2,5.299950123E0,1.026900005E1,-5.251050472E0
3.804771111E2,4.275000095E0,1.235700035E1,-7.642950535E0
3.804795546E2,1.374000072E0,7.686000347E0,-3.003000259E0
3.804819983E2,2.329050064E0,6.964950562E0,2.070000172E-1
3.804844420E2,5.311950207E0,1.294305038E1,-3.526950121E0
3.804868856E2,2.833950043E0,1.115505028E1,-2.686950207E0
3.804893291E2,1.033950090E0,7.123050213E0,2.790000141E-1
3.804917728E2,3.661950111E0,8.239050865E0,-1.545000076E0
3.804942164E2,7.074000359E0,1.173900032E1,-8.657999992E0
3.804966601E2,3.049950123E0,9.988950729E0,-7.216950417E0
3.804991035E2,5.740500093E-1,5.755950451E0,-9.900000691E-2
3.805015472E2,3.295950174E0,6.667950153E0,8.170500398E-1
3.805039908E2,5.524950027E0,1.434195042E1,-2.140950203E0
3.805064345E2,3.835050106E0,1.044900036E1,-8.190000653E-1
3.805088780E2,2.106000185E0,5.116050243E0,3.220500052E-1
3.805113217E2,5.911050320E0,7.173000336E0,-2.299050093E0
3.805137653E2,7.251000404E0,1.141800022E1,-9.919950485E0
3.805162090E2,3.286950111E0,8.497050285E0,-5.883000374E0
3.805186525E2,9.019500613E-1,5.677050114E0,-4.189500213E-1
3.805210961E2,3.427950144E0,8.305950165E0,-7.500000298E-2
3.805235398E2,5.343000412E0,1.194495010E1,-4.104000092E0
3.805259835E2,3.246000051E0,7.498950481E0,-8.170500398E-1
3.805284269E2,1.942950130E0,5.482950211E0,8.290500641E-1
3.805308706E2,5.949000359E0,8.314949989E0,-2.505000114E0
3.805333142E2,5.286000252E0,9.979050636E0,-8.263050079E0
3.805357579E2,1.390050054E0,5.482950211E0,-4.023000240E0
3.805382016E2,6.739500165E-1,2.416050196E0,1.086000085E0
3.805406451E2,4.761000156E0,7.585050583E0,-1.815000057E0
3.805430888E2,3.744000196E0,1.247895050E1,-5.869500041E-1
3.805455324E2,2.142000198E0,5.971050262E0,2.232000113E0
3.805479761E2,3.079500198E-1,2.503950119E0,-1.734000087E0
3.805504195E2,5.002950191E0,8.137949944E0,8.250000477E-1
3.805528632E2,4.186950207E0,1.271100044E1,-4.027950287E0
3.805553068E2,1.480950117E0,4.551000118E0,-2.758950233E0
3.805577505E2,1.345050097E0,1.434000015E0,1.062000036E0
3.805601940E2,4.462050438E0,9.289950371E0,-4.324950218E0
3.805626377E2,2.647050142E0,1.423395061E1,2.022000074E0
3.805650813E2,1.792950034E0,7.176000118E0,-5.295000225E-2
3.805675250E2,1.021950006E0,6.739950180E0,-1.099050045E0
3.805699685E2,7.503000259E0,1.474395084E1,1.464000106E0
3.805724121E2,4.314000130E0,1.475400066E1,-2.977050066E0
3.805748558E2,1.737000108E0,6.927000523E0,-3.120000124E0
3.805772995E2,3.013950109E0,8.167050362E0,2.046000004E0
3.805797429E2,5.293050289E0,1.772205162E1,-8.095950127E0
3.805821866E2,3.889950275E0,1.508205032E1,8.920500278E-1
3.805846302E2,1.239000082E0,1.069305038E1,-1.849050045E0
3.805870739E2,3.220050097E0,1.446405029E1,-1.345950007E0
3.805895174E2,6.873000145E0,1.892205048E1,-6.979950428E0
3.805919611E2,4.582050323E0,1.739205170E1,-8.971950531E0
3.805944047E2,2.235000134E0,1.419600105E1,-2.371050119E0
3.805968484E2,3.373050213E0,1.324995041E1,2.005050182E0
3.805992921E2,5.200050354E0,1.712895012E1,-3.831000090E0
3.806017355E2,2.817000151E0,1.056600094E1,-4.135050297E0
3.806041792E2,1.639500111E-1,3.007050037E0,-1.693050027E0
3.806066229E2,1.972050071E0,2.598000050E0,-1.066050053E0
3.806090663E2,4.998000145E0,9.091050148E0,-1.209405041E1
3.806115100E2,3.475950241E0,3.712950230E0,-9.235050201E0
3.806139536E2,2.530499995E-1,-7.095000148E-2,4.489500225E-1
3.806163973E2,-9.105000645E-2,-3.705000132E-2,7.005000114E-2
3.806188408E2,4.110000134E-1,1.611000061E0,-5.317950249E0
3.806212845E2,1.500000119E0,1.185000062E0,-2.730000019E-1
3.806237281E2,1.273050070E0,1.231050014E0,2.340000153E0
3.806261718E2,9.000000544E-3,-8.100000024E-2,1.469999999E-1
3.806286155E2,1.711050034E0,2.179500163E-1,1.011000037E0
3.806310589E2,7.146000385E0,1.695000008E-2,3.100500107E-1
3.806335025E2,6.430050373E0,1.824000120E0,-2.364000082E0
3.806359462E2,8.640000343E0,2.230950117E0,-1.851000071E0
3.806383899E2,1.367295074E1,5.437050343E0,-1.405995083E1
3.806408334E2,1.407300091E1,4.735949993E0,-1.407600021E1
3.806432771E2,6.370050430E0,6.819000244E0,-1.087095070E1
3.806457207E2,6.789000511E0,9.085950851E0,-1.596105099E1
3.806481642E2,1.642050028E0,8.065950394E0,9.130500555E-1
3.806506078E2,2.271000147E0,1.188795090E1,7.596000195E0
3.806530515E2,4.582050323E0,1.306800079E1,1.180950046E0
3.806554952E2,3.864000082E0,1.354395103E1,-1.228950024E0
3.806579386E2,3.823050261E0,1.708995056E1,4.159950256E0
3.806603823E2,2.323950052E0,1.202205086E1,-2.919000149E0
3.806628259E2,1.213050008E0,1.023495007E1,-8.359500170E-1
3.806652696E2,4.579050064E0,1.847400093E1,3.070500195E-1
3.806677133E2,6.555000305E0,1.909905052E1,1.356000066E0
3.806701568E2,2.757000208E0,1.088205051E1,4.990500212E-1
3.806726005E2,8.059500456E-1,1.050405025E1,-4.159049988E0
3.806750441E2,2.341050148E0,1.612305069E1,1.621950030E0
3.806774878E2,4.054950237E0,1.471305084E1,1.657950044E0
3.806799312E2,1.984050035E0,7.324050426E0,2.425950050E0
3.806823749E2,-2.010000050E-1,5.895000458E0,1.210500076E-1
3.806848185E2,-6.850500107E-1,1.024305058E1,4.890000224E-1
3.806872620E2,-3.640500307E-1,8.643000603E0,3.424950123E0
3.806897057E2,1.639500111E-1,4.579950333E0,2.002950191E0
3.806921493E2,4.050000105E-3,4.639950275E0,-1.588050127E0
3.806945930E2,-7.180500627E-1,8.539950371E0,1.312950015E0
3.806970365E2,6.769500375E-1,1.052805042E1,2.302050114E0
3.806994802E2,9.400500655E-1,5.694000244E0,-3.210000098E-1
3.807019238E2,-2.400000021E-2,6.019050121E0,3.340500295E-1
3.807043674E2,2.839500010E-1,1.106205082E1,1.062000036E0
3.807068111E2,2.659050226E0,1.139400101E1,2.449950218E0
3.807092546E2,3.106950045E0,7.321950436E0,9.490500689E-1
3.807116983E2,8.200050354E0,5.752950191E0,-3.330000043E-1
3.807141419E2,4.639050007E0,1.057500076E1,-1.148595047E1
3.807165856E2,4.998000145E0,1.136805058E1,-1.399500084E1
3.807190291E2,5.089499950E-1,7.501050472E0,-8.682000160E0
3.807214728E2,1.516950130E0,6.025950432E0,-4.201950073E0
3.807239164E2,4.455000401E0,1.369995022E1,-6.654000282E0
3.807263598E2,5.346000195E0,1.399905109E1,-7.851000309E0
3.807288035E2,1.978950143E0,7.123050213E0,-4.963950157E0
3.807312472E2,1.375950098E0,8.026050568E0,2.089050055E0
3.807336908E2,5.247000217E0,1.521105099E1,-5.100000277E-2
3.807361345E2,3.538050175E0,1.470795059E1,-8.340000510E-1
3.807385780E2,1.668000102E0,6.871950150E0,4.489500225E-1
3.807410217E2,1.275000095E0,6.153000355E0,2.500500083E-1
3.807434653E2,5.173050404E0,1.143495083E1,-7.039950371E0
3.807459090E2,5.206950188E0,1.029795074E1,-1.149795055E1
3.807483525E2,2.827050209E0,5.883000374E0,-5.653050423E0
3.807507962E2,1.399950027E0,7.558950424E0,6.949500442E-1
3.807532398E2,2.965950251E0,1.202205086E1,2.089050055E0
3.807556835E2,3.946950197E0,1.237605095E1,-8.310000300E-1
3.807581269E2,1.729950070E0,7.200000286E0,1.063950062E0
3.807605706E2,1.656000137E0,4.333950043E0,-7.500000298E-2
3.807630142E2,4.789950371E0,9.771000862E0,-5.248950481E0
3.807654579E2,5.950950146E0,1.020405006E1,-8.914050102E0
3.807679014E2,2.929950237E0,4.426949978E0,-3.895950079E0
3.807703451E2,8.970000148E-1,3.867000103E0,8.250000477E-1
3.807727887E2,4.134000301E0,1.085595036E1,-5.460000038E-1
3.807752324E2,3.523950100E0,1.278795052E1,1.014000058E0
3.807776759E2,1.648950100E0,5.751000404E0,1.500000060E-2
3.807801195E2,1.399500072E-1,3.514950275E0,-1.156949997E0
3.807825632E2,3.166950226E0,9.120000839E0,1.636050105E0
3.807850068E2,5.179950237E0,1.106895065E1,-3.700050116E0
3.807874503E2,1.570050120E0,3.370950222E0,-4.459050179E0
3.807898940E2,1.302000046E0,3.151050091E0,4.579500258E-1
3.807923376E2,4.150950432E0,1.223505020E1,-2.722950220E0
3.807947813E2,3.796950102E0,1.255605030E1,-1.645050049E0
3.807972248E2,1.117050052E0,3.667950153E0,1.729500145E-1
3.807996685E2,-2.595000155E-2,1.558950067E0,-8.479500413E-1
3.808021121E2,2.226000071E0,9.370950699E0,5.130000114E-1
3.808045558E2,4.804950237E0,1.254105091E1,-1.257000089E0
3.808069992E2,1.474050045E0,2.947050095E0,-1.963950038E0
3.808094429E2,1.879500151E-1,1.459500045E-1,4.009500146E-1
3.808118865E2,4.030950069E0,9.400050163E0,-3.168000221E0
3.808143302E2,3.957000256E0,1.819605064E1,-2.115000010E0
3.808167739E2,2.401050091E0,9.105000496E0,6.330000162E-1
3.808192174E2,1.555050015E0,4.980000019E0,-1.032000065E0
3.808216611E2,4.558050156E0,1.346100044E1,-6.415050507E0
3.808241047E2,8.571000099E0,1.329300022E1,-1.222305012E1
3.808265484E2,5.875050068E0,6.172050476E0,-1.193400097E1
3.808289919E2,5.322000027E0,6.991050243E0,-5.649000168E0
3.808314355E2,8.101050377E0,1.144695091E1,-4.167000294E0
3.808338792E2,9.789000511E0,1.037400055E1,-6.348000526E0
3.808363228E2,4.441050053E0,8.770050049E0,-3.439050198E0
3.808387663E2,6.442050457E0,9.769050598E0,-3.489000082E0
3.808412100E2,1.182900047E1,1.184205055E1,-7.830000401E0
3.808436536E2,9.367950439E0,1.185195065E1,-1.286295033E1
3.808460971E2,3.255000114E0,8.389050484E0,-1.043700027E1
3.808485408E2,1.062000036E0,8.835000038E0,-6.660000086E-1
3.808509844E2,2.041949987E0,1.290000057E1,3.460950136E0
3.808534281E2,4.009950161E0,1.643895149E1,2.340000153E0
3.808558718E2,2.452950001E0,1.158105087E1,4.189050198E0
3.808583152E2,4.039500058E-1,5.727000237E0,2.094000101E0
3.808607589E2,3.370500207E-1,1.066605091E1,-2.340000153E0
3.808632026E2,2.278950214E0,1.342005062E1,4.009500146E-1
3.808656462E2,2.764950037E0,5.506950378E0,4.680000246E-1
3.808680897E2,2.223000050E0,3.994050264E0,-2.004000187E0
3.808705334E2,2.547000170E0,1.054695034E1,-1.738950133E0
3.808729770E2,3.615000248E0,1.370505047E1,7.140000463E-1
3.808754207E2,2.140050173E0,8.218950272E0,-1.411050081E0
3.808778644E2,1.608000040E0,5.916000366E0,-2.704050064E0
3.808803078E2,-3.340050220E0,2.120595169E1,1.513950109E0
3.808827515E2,-3.799950123E0,1.303005028E1,1.272000074E0
3.808851949E2,-3.718050241E0,1.180605030E1,4.410000145E-1
3.808876386E2,-3.199050188E0,1.103505039E1,7.500000298E-2
3.808900823E2,-4.015050411E0,1.138695049E1,5.440500379E-1
3.808925259E2,-4.570950031E0,1.202895069E1,6.589500308E-1
3.808949696E2,-2.085000038E0,4.872000217E0,7.500000596E-1
3.808974131E2,-1.702050090E0,2.791950226E0,2.520000041E-1
3.808998568E2,-4.396049976E0,8.899050713E0,6.229500175E-1
3.809023004E2,-4.386000156E0,8.437050819E0,1.057050109E0
3.809047441E2,-2.229000092E0,5.200050354E0,6.930000186E-1
3.809071875E2,-3.189000130E0,7.810050488E0,5.250000358E-1
3.809096312E2,-4.065000057E0,8.077950478E0,7.120500207E-1
3.809120748E2,-3.891000271E0,1.179705048E1,3.270000219E-1
3.809145185E2,5.074950218E0,1.793595123E1,8.886000633E0
3.809169622E2,6.255000114E0,1.275195026E1,2.137050152E0
3.809194057E2,3.694050074E0,6.852000237E0,6.099000454E0
3.809218493E2,8.014950752E0,8.266950607E0,9.961050034E0
3.809242927E2,2.561295128E1,7.621050358E0,4.579500258E-1
3.809267364E2,1.765695000E1,5.550000072E-1,-2.404200172E1
3.809291801E2,1.959900093E1,-3.910950184E0,-9.733050346E0
3.809316237E2,2.120100021E1,-3.028050184E0,-3.788805008E1
3.809340674E2,1.626105118E1,-5.950500369E-1,-3.944595337E1
3.809365109E2,8.350049973E0,3.852000237E0,-1.823295021E1
3.809389546E2,3.562050104E0,6.120000362E0,-1.331805038E1
3.809413982E2,3.274950266E0,7.422000408E0,-7.416000366E0
3.809438419E2,4.927050114E0,5.770050049E0,1.370805073E1
3.809462853E2,8.439000130E0,1.200495052E1,4.189050198E0
3.809487290E2,5.773950100E0,1.168200016E1,6.670500040E-1
3.809511727E2,2.041949987E0,9.988950729E0,3.003000259E0
3.809536163E2,3.370050192E0,9.727950096E0,3.549000263E0
3.809560600E2,1.939050078E0,8.137949944E0,3.280950069E0
3.809585035E2,-1.684950113E0,1.057800007E1,-3.259050131E0
3.809609471E2,-8.310000300E-1,1.047705078E1,-5.503050327E0
3.809633908E2,3.913950205E0,1.636695099E1,2.773950100E0
3.809658343E2,4.014000416E0,1.300305080E1,3.256950140E0
3.809682780E2,8.520000577E-1,6.088950157E0,-2.469000101E0
3.809707216E2,-4.000500143E-1,1.192095089E1,-3.012000084E0
3.809731653E2,1.957950115E0,1.629104996E1,3.154050112E0
3.809756087E2,2.094000101E0,9.631950378E0,3.396000147E0
3.809780524E2,-2.370000184E-1,7.786050320E0,-7.330500484E-1
3.809804960E2,-1.147050023E0,1.259100056E1,-1.351050019E0
3.809829397E2,-1.252050042E0,1.525200081E1,5.058000088E0
3.809853832E2,-2.266950130E0,8.011050224E0,7.600500584E-1
3.809878269E2,-2.559000015E0,7.623000145E0,1.710000038E-1
3.809902706E2,-7.999500632E-1,1.458000064E0,1.009500027E-1
3.809927142E2,-1.558050036E0,3.936000109E0,-2.875950098E0
3.809951579E2,-2.107050180E0,5.959050179E0,4.459050179E0
3.809976013E2,-1.390500069E-1,7.279050350E0,6.370050430E0
3.810000450E2,4.972050190E0,1.147800064E1,-2.673000097E0
3.810024887E2,6.439950466E0,1.037400055E1,3.286050081E0
3.810049323E2,5.034000397E0,5.658000469E0,3.774000168E0
3.810073758E2,2.413050175E0,1.899000049E0,3.270000219E-1
3.810098195E2,1.396950126E0,4.156050205E0,-9.319500327E-1
3.810122631E2,3.367950201E0,1.099395084E1,1.569000125E0
3.810147068E2,3.616950274E0,8.209950447E0,4.212000370E0
3.810171503E2,1.572000027E0,2.635950089E0,4.870500267E-1
3.810195940E2,1.306050062E0,7.413000584E0,-1.509000063E0
3.810220376E2,2.776950121E0,1.229205036E1,3.010950089E0
3.810244813E2,2.631000042E0,8.494950294E0,4.573950291E0
3.810269248E2,1.512000084E0,3.892950296E0,1.291050076E0
3.810293684E2,1.339950085E0,6.736950397E0,-2.340000153E0
3.810318121E2,3.520950079E0,1.419795036E1,-4.410000145E-1
3.810342555E2,4.396950245E0,1.386000061E1,5.737950325E0
3.810366992E2,2.271000147E0,5.515950203E0,1.770000100E0
3.810391428E2,9.330000281E-1,5.476050377E0,-2.078999996E0
3.810415865E2,2.752950191E0,1.580895042E1,-1.729050040E0
3.810440302E2,8.331000328E0,1.772700119E1,8.628000259E0
3.810464737E2,1.864605141E1,4.834050179E0,-4.960950375E0
3.810489174E2,5.020500422E-1,7.461000443E0,-1.338195038E1
3.810513610E2,7.702050209E0,8.533050537E0,-2.252400017E1
3.810538047E2,4.144050121E0,1.391595078E1,-2.249205017E1
3.810562481E2,9.930000305E-1,1.016400051E1,-1.411005020E1
3.810586918E2,-4.309500158E-1,7.777050495E0,-9.223050117E0
3.810611354E2,3.970950127E0,1.411200047E1,3.978000164E0
3.810635791E2,5.005950451E0,1.660200119E1,8.320500255E-1
3.810660226E2,3.436950207E0,8.931000710E0,-2.779500186E-1
3.810684663E2,2.451000214E0,6.787950516E0,1.540050030E0
3.810709100E2,3.523950100E0,1.116705036E1,-1.540050030E0
3.810733536E2,3.298950195E0,1.262505054E1,4.480950356E0
3.810757971E2,1.342050076E0,6.759000301E0,5.137050152E0
3.810782408E2,6.000000052E-3,3.816000223E0,2.830500007E-1
3.810806844E2,2.271000147E0,7.753050327E0,1.432950020E0
3.810831281E2,5.479950428E0,1.135095024E1,-2.626950026E0
3.810855715E2,5.014950275E0,7.626000404E0,-1.165605068E1
3.810880152E2,1.764000058E0,6.418950081E0,-1.402605057E1
3.810904588E2,4.450500309E-1,6.376050472E0,-8.581950188E0
3.810929025E2,3.864000082E0,1.000800037E1,-3.499050140E0
3.810953460E2,4.237050056E0,9.805050850E0,-9.409500360E-1
3.810977897E2,1.572000027E0,6.040950298E0,-6.829500198E-1
3.811002334E2,3.354000092E0,7.422000408E0,1.698000073E0
3.811026770E2,8.829000473E0,9.213000298E0,-2.128950119E0
3.811051207E2,8.965950012E0,6.085950375E0,-6.259050369E0
3.811075641E2,3.703050137E0,6.498000145E0,-4.297950268E0
3.811100078E2,2.085000038E0,7.105950356E0,-2.639999986E-1
3.811124515E2,4.038000107E0,1.167705059E1,7.740000486E-1
3.811148949E2,3.619050264E0,1.382205105E1,9.405000508E-2
3.811173386E2,1.453050017E0,9.450000763E0,-5.779500008E-1
3.811197822E2,6.379500031E-1,8.679000854E0,1.180500090E-1
3.811222259E2,3.175950050E0,1.228695011E1,-3.108000040E0
3.811246694E2,5.956050396E0,1.377900028E1,-8.112000465E0
3.811271131E2,3.052050114E0,1.031205082E1,-7.225950241E0
3.811295567E2,6.619500518E-1,8.932950020E0,-1.951950073E0
3.811320004E2,2.038950205E0,9.055050850E0,2.410050154E0
3.811344438E2,3.259950161E0,1.274505043E1,-1.293000102E0
3.811368875E2,1.951050043E0,9.433050156E0,-1.234050035E0
3.811393312E2,3.299999982E-2,5.586000443E0,-1.786950111E0
3.811417748E2,-1.480500102E-1,5.610000134E0,-1.779000044E0
3.811442186E2,3.373050213E0,8.188050270E0,-3.319050074E0
3.811466620E2,3.840000153E0,8.023050308E0,-6.289950371E0
3.811491057E2,2.269050121E0,4.848000050E0,-5.820000172E-1
3.811515493E2,1.234950066E0,3.499950171E0,1.684050083E0
3.811539928E2,1.453050017E0,8.277000427E0,-2.950050116E0
3.811564365E2,2.686050177E0,1.218195057E1,3.726000071E0
3.811588801E2,2.578050137E0,7.908000469E0,4.078050137E0
3.811613238E2,1.090950012E0,4.695000172E0,-1.894050121E0
3.811637672E2,1.004999995E0,8.083050728E0,-6.090000272E-1
3.811662109E2,2.740950108E0,1.254795074E1,3.292950153E0
3.811686546E2,2.748000145E0,7.860000610E0,7.620000243E-1
3.811710982E2,1.249050021E0,4.963050365E0,-1.500000060E-2
3.811735417E2,5.470499992E-1,9.103050232E0,-1.558950067E0
3.811759854E2,2.329050064E0,1.191900063E1,1.168950081E0
3.811784291E2,3.739050150E0,1.138995075E1,4.485000134E0
3.811808727E2,1.737000108E0,9.499950409E0,-5.164950371E0
3.811833164E2,1.840050101E0,7.546950340E0,-5.775000095E0
3.811857599E2,5.464950085E0,9.709050179E0,-1.188600063E1
3.811882035E2,5.616000175E0,1.064700031E1,-1.428195095E1
3.811906472E2,2.604000092E0,9.285000801E0,-6.451050282E0
3.811930909E2,1.584000111E0,8.539950371E0,2.512950182E0
3.811955343E2,2.020050049E0,1.093500042E1,1.003950000E0
3.811979779E2,2.788950205E0,1.245000076E1,4.120950222E0
3.812004216E2,1.584000111E0,1.005600071E1,4.420950413E0
3.812028651E2,8.230500221E-1,7.573050499E0,1.188000083E0
3.812053088E2,2.736000061E0,8.539950371E0,1.822950125E0
3.812077525E2,7.390050411E0,9.997950554E0,-7.095000267E0
3.812101961E2,7.234950542E0,8.203050613E0,-1.239600086E1
3.812126398E2,2.527950048E0,8.394000053E0,-8.325000763E0
3.812150832E2,6.820500493E-1,8.839950562E0,3.910500109E-1
3.812175269E2,3.174000263E0,1.219905090E1,3.492000103E0
3.812199705E2,3.990000248E0,1.365195084E1,1.147950053E0
3.812224142E2,2.188050032E0,9.912000656E0,1.557000041E0
3.812248577E2,1.450050116E0,9.145950317E0,-9.649500251E-1
3.812273014E2,5.062950134E0,1.077900028E1,-7.860000134E-1
3.812297451E2,5.619000435E0,1.092300034E1,-7.462950230E0
3.812321887E2,2.950950146E0,1.155705070E1,-7.531050205E0
3.812346321E2,1.378050089E0,1.111395073E1,-2.028000116E0
3.812370758E2,2.106000185E0,8.782050133E0,1.011000037E0
3.812395195E2,2.293050051E0,1.090605068E1,6.550500393E-1
3.812419631E2,2.463000059E0,1.224405098E1,3.667050123E0
3.812444066E2,1.900050044E0,9.579000473E0,1.914000034E0
3.812468503E2,1.066950083E0,6.973950386E0,-1.144950032E0
3.812492939E2,1.744950056E0,8.526000023E0,1.291050076E0
3.812517376E2,5.287950039E0,1.227795029E1,-1.078050017E0
3.812541811E2,3.322050095E0,1.204095078E1,-1.312950015E0
3.812566248E2,2.869500220E-1,7.836000443E0,-4.051949978E0
3.812590684E2,-2.029500157E-1,5.514000416E0,-2.265000105E0
3.812615121E2,2.592000008E0,9.546000481E0,4.141050339E0
3.812639555E2,1.479000092E0,1.085595036E1,-4.252950191E0
3.812663992E2,8.230500221E-1,4.723950386E0,-2.632050037E0
3.812688428E2,2.100000158E-2,4.762050152E0,-1.416000009E0
3.812712865E2,2.973000050E0,8.188050270E0,-2.695950031E0
3.812737300E2,4.515000343E0,8.791950226E0,-4.921050072E0
3.812761737E2,2.437050104E0,7.386000156E0,-3.688050270E0
3.812786173E2,1.150950074E0,5.421000481E0,1.021050096E0
3.812810610E2,7.609500289E-1,6.759000301E0,6.000000052E-3
3.812835047E2,3.109050035E0,9.603000641E0,2.800050020E0
3.812859482E2,1.974000096E0,7.768950462E0,-3.690000176E-1
3.812883919E2,8.100000024E-2,2.878050089E0,-3.181950092E0
3.812908355E2,1.153050065E0,2.988000154E0,-1.969500035E-1
3.812932792E2,5.104050159E0,7.690050602E0,-2.811000109E0
3.812957226E2,3.765000105E0,8.743950844E0,-5.922000408E0
3.812981663E2,3.721950293E0,3.988950253E0,-5.308950424E0
3.813006099E2,7.150500417E-1,5.217000484E0,-2.698950052E0
3.813030536E2,1.693950057E0,7.113000393E0,1.576050043E0
3.813054971E2,2.628000021E0,8.239050865E0,-5.295000225E-2
3.813079407E2,1.515000105E0,8.072999954E0,-1.319999993E-1
3.813103844E2,1.204050064E0,6.991050243E0,1.159950018E0
3.813128279E2,2.089050055E0,8.196000099E0,1.305000018E-2
3.813152715E2,5.389050484E0,9.742050171E0,-4.530000091E-1
3.813177152E2,3.334050179E0,1.023495007E1,-2.992950201E0
3.813201589E2,4.941000462E0,1.022400093E1,-4.602000237E0
3.813226025E2,2.463000059E0,9.856950760E0,-4.582950115E0
3.813250460E2,1.651050091E0,1.110900021E1,6.430500150E-1
3.813274897E2,3.018000126E0,1.145205021E1,-3.360000253E-1
3.813299333E2,4.390050411E0,1.106595039E1,-2.554950237E0
3.813323770E2,2.662050009E0,9.823950768E0,-2.088000059E0
3.813348205E2,3.186000109E0,8.989950180E0,-3.520500064E-1
3.813372642E2,5.473050117E0,1.034805012E1,-4.360050201E0
3.813397078E2,5.251950264E0,1.234995079E1,-6.678000450E0
3.813421515E2,2.073000193E0,1.232595062E1,-2.598000050E0
3.813445952E2,1.522050023E0,8.026050568E0,1.276950002E0
3.813470386E2,1.963050127E0,9.064949989E0,5.805000290E-2
3.813494823E2,2.302050114E0,1.187100029E1,2.713950157E0
3.813519257E2,2.094000101E0,1.033800030E1,2.902950048E0
3.813543694E2,1.467000127E0,7.477050304E0,9.130500555E-1
3.813568131E2,9.829500318E-1,7.450950146E0,-3.900000080E-2
3.813592567E2,3.394050121E0,9.796950340E0,-2.530950069E0
3.813617004E2,3.640950203E0,1.092495060E1,-6.817050457E0
3.813641439E2,1.495950103E0,1.075500011E1,-6.238050461E0
3.813665876E2,2.629500031E-1,8.377950668E0,-1.284000039E0
3.813690312E2,8.299500346E-1,7.645050526E0,1.983000040E0
3.813714749E2,2.929950237E0,1.089900017E1,1.006950021E0
3.813739183E2,3.267000198E0,1.046295071E1,-1.891950130E0
3.813763620E2,2.508000135E0,8.121000290E0,-1.003950000E0
3.813788057E2,2.745000124E0,7.870050430E0,2.505000122E-2
3.813812491E2,5.386050224E0,9.769050598E0,-2.586000204E0
3.813836928E2,5.305050373E0,1.112100029E1,-7.200000286E0
3.813861364E2,3.157050133E0,1.030005074E1,-7.068000317E0
3.813885801E2,8.160000443E-1,8.950050354E0,-2.754000187E0
3.813910236E2,4.639500082E-1,5.919000149E0,9.990000725E-1
3.813934673E2,2.500950098E0,8.502000809E0,1.188000083E0
3.813959110E2,3.495000124E0,1.151895046E1,-1.119000077E0
3.813983546E2,3.487950087E0,8.317950249E0,-1.201950073E0
3.814007983E2,2.137050152E0,6.529050350E0,-1.726950049E0
3.814032417E2,4.563000202E0,6.820950508E0,-3.019950151E0
3.814056854E2,5.002950191E0,8.940000534E0,-7.090050220E0
3.814081290E2,3.781950235E0,9.567000389E0,-5.530950069E0
3.814105727E2,1.291950107E0,9.295050621E0,-8.100000620E-1
3.814130162E2,5.380499959E-1,6.615000248E0,1.714950085E0
3.814154599E2,3.277050257E0,7.510950565E0,2.139000177E0
3.814179036E2,4.603050232E0,1.218195057E1,-3.790500164E-1
3.814203472E2,4.270950317E0,9.466950417E0,-1.891950130E0
3.814227907E2,1.771050096E0,7.089000225E0,-1.084950089E0
3.814252343E2,1.741950035E0,9.177000046E0,8.080500364E-1
3.814276780E2,3.610050201E0,1.247895050E1,8.410500288E-1
3.814301217E2,2.128050089E0,1.072905064E1,-2.152950048E0
3.814325651E2,1.258950114E0,8.072999954E0,4.870500267E-1
3.814350088E2,1.218000054E0,7.177950382E0,-8.790000677E-1
3.814374524E2,2.422049999E0,1.172505093E1,-3.139500022E-1
3.814398961E2,3.531000137E0,1.396305084E1,2.685000181E0
3.814423396E2,3.166950226E0,1.108995056E1,-2.700000070E-2
3.814447833E2,2.053050041E0,9.096000671E0,-1.680000126E-1
3.814472269E2,1.528950095E0,1.052805042E1,1.066050053E0
3.814496706E2,2.959050179E0,1.319700050E1,4.609500170E-1
3.814521141E2,1.462050080E0,1.337400055E1,-7.429500222E-1
3.814545577E2,-1.950000064E-3,8.827950478E0,-3.463050127E0
3.814570014E2,-5.650500059E-1,8.740950584E0,-7.204950333E0
3.814594451E2,2.109000206E0,1.077195072E1,-5.020950317E0
3.814618885E2,4.414050102E0,1.228305054E1,-6.913050175E0
3.814643322E2,4.519950390E0,1.232100105E1,-6.874050140E0
3.814667758E2,2.472000122E0,1.047300053E1,-1.590000033E0
3.814692195E2,1.492950082E0,8.727000237E0,1.476000071E0
3.814716630E2,3.375000238E0,8.581050873E0,2.310000062E-1
3.814741067E2,4.903050423E0,1.037700081E1,-4.056000233E0
3.814765504E2,3.184050083E0,9.019050598E0,-5.044950008E0
3.814789940E2,1.776000142E0,6.349950314E0,-1.189950109E0
3.814814377E2,1.539000034E0,5.977950096E0,8.290500641E-1
3.814838811E2,3.303000212E0,8.061000824E0,8.580000401E-1
3.814863248E2,3.313050270E0,1.100400066E1,-4.750500321E-1
3.814887684E2,2.176050186E0,8.662050247E0,-1.102050066E0
3.814912121E2,1.977000117E0,5.143050194E0,-2.700000070E-2
3.814936556E2,2.413050175E0,5.512050152E0,-7.090500593E-1
3.814960993E2,5.191950321E0,9.496050835E0,-4.744050026E0
3.814985429E2,4.869000435E0,1.000995064E1,-6.361950397E0
3.815009864E2,2.377050161E0,8.113950729E0,-4.072950363E0
3.815034301E2,5.879999995E-1,6.934050560E0,1.540500075E-1
3.815058737E2,1.069050074E0,7.201950550E0,1.840050101E0
3.815083174E2,3.949950218E0,1.025205040E1,-1.510500014E-1
3.815107611E2,3.567000151E0,9.888000488E0,-3.309000254E0
3.815132045E2,1.522050023E0,6.553050518E0,-1.819950104E0
3.815156482E2,6.739500165E-1,4.585050106E0,4.870500267E-1
3.815180918E2,2.863050222E0,8.083050728E0,-7.590000629E-1
3.815205355E2,4.333050251E0,1.066200066E1,-4.834950447E0
3.815229790E2,2.560950041E0,8.851950645E0,-3.457950115E0
3.815254226E2,9.690000415E-1,5.761050224E0,6.520500183E-1
3.815278663E2,8.490000367E-1,5.533050060E0,-1.106999993E0
3.815303099E2,2.322000027E0,1.029495049E1,1.666950107E0
3.815327534E2,2.743050098E0,1.159995079E1,3.013050079E0
3.815351970E2,1.060050011E0,7.228050232E0,-2.779500186E-1
3.815376407E2,1.326000094E0,5.341950417E0,8.959500194E-1
3.815400842E2,2.689950228E0,8.257950783E0,-2.400000021E-2
3.815425279E2,5.487000465E0,1.034295082E1,-6.630000114E0
3.815449716E2,5.190000057E0,9.199050903E0,-1.289595032E1
3.815474152E2,1.150950074E0,9.627000809E0,-7.636050224E0
3.815498589E2,-4.995000362E-2,7.828950405E0,-4.819500148E-1
3.815523023E2,1.855050087E0,9.217950821E0,1.897050142E0
3.815547460E2,3.397050142E0,1.307505035E1,-6.000000238E-2
3.815571897E2,2.479950190E0,1.037400055E1,-4.960500300E-1
3.815596333E2,9.810000658E-1,6.139050484E0,9.349500537E-1
3.815620768E2,1.335000038E0,6.912000179E0,-2.280000150E-1
3.815645205E2,6.064050198E0,9.826050758E0,-4.699500203E-1
3.815669641E2,3.492000103E0,1.026705074E1,-4.047000408E0
3.815694078E2,2.920050144E0,8.014050484E0,-1.726950049E0
3.815718513E2,1.303950071E0,7.302000523E0,3.240000010E-1
3.815742950E2,1.599000096E0,7.438950539E0,1.651050091E0
3.815767386E2,3.556950092E0,1.007700062E1,7.099500299E-1
3.815791820E2,3.343950272E0,1.166505051E1,-2.380500138E-1
3.815816257E2,2.278950214E0,8.727000237E0,1.060500070E-1
3.815840694E2,9.019500613E-1,6.891000271E0,3.049500287E-1
3.815865130E2,1.606050134E0,8.373000145E0,-2.040000111E-1
3.815889567E2,3.423000097E0,1.081500053E1,-5.079000473E0
3.815914002E2,1.960050106E0,1.137000084E1,-4.585950375E0
3.815938439E2,6.529500484E-1,8.706000328E0,-9.289500713E-1
3.815962875E2,4.450500309E-1,5.962050438E0,1.009050012E0
3.815987312E2,1.872000098E0,8.301000595E0,1.171950102E0
3.816011747E2,4.231950283E0,1.323300076E1,-1.870500147E-1
3.816036183E2,2.712000132E0,1.054695034E1,-1.078050017E0
3.816060620E2,1.357050061E0,7.599000454E0,-1.990500093E-1
3.816085057E2,1.054949999E0,7.923000336E0,2.550000250E-1
3.816109491E2,2.413050175E0,1.042500019E1,-8.719500303E-1
3.816133928E2,3.670050144E0,1.184895039E1,-4.861050129E0
3.816158364E2,2.724000216E0,9.892950058E0,-5.674950123E0
3.816182801E2,1.563000083E0,7.675950527E0,-3.144000053E0
3.816207236E2,9.330000281E-1,6.559950352E0,6.599999964E-2
3.816231673E2,1.957950115E0,9.244050026E0,1.248000026E0
3.816256109E2,3.721950293E0,1.245705032E1,3.859500289E-1
3.816280546E2,3.277050257E0,1.020000076E1,-3.019500077E-1
3.816304980E2,1.393050075E0,7.077000141E0,-3.330000043E-1
3.816329417E2,1.873950124E0,7.477050304E0,-4.950000439E-3
3.816353854E2,4.519950390E0,1.072605038E1,-2.088000059E0
3.816378290E2,5.322000027E0,1.189995098E1,-3.762000084E0
3.816402727E2,3.451950073E0,1.107600021E1,-3.609000206E0
3.816427162E2,1.491000056E0,8.880000114E0,-1.720050097E0
3.816451598E2,1.009950042E0,8.614950180E0,8.629500270E-1
3.816476035E2,2.997000217E0,1.116195011E1,-2.449500114E-1
3.816500469E2,4.285050392E0,1.220805073E1,-3.664050102E0
3.816524906E2,2.419950008E0,9.976950645E0,-3.846000195E0
3.816549343E2,1.267950058E0,7.408050537E0,-7.330500484E-1
3.816573780E2,1.165050030E0,8.269950867E0,6.160500050E-1
3.816598214E2,3.639000177E0,1.129905033E1,-1.363050103E0
3.816622651E2,3.976050138E0,1.120005035E1,-3.862050295E0
3.816647087E2,2.142000198E0,8.868000031E0,-3.048000097E0
3.816671524E2,9.400500655E-1,7.534950256E0,1.639500111E-1
3.816695959E2,1.708950043E0,7.659000397E0,9.160500169E-1
3.816720396E2,2.677950144E0,1.051605034E1,4.219500124E-1
3.816744833E2,3.226950169E0,1.057500076E1,7.069500089E-1
3.816769269E2,1.266000032E0,7.963050365E0,4.459500313E-1
3.816793706E2,1.555050015E0,5.878050327E0,9.195000678E-2
3.816818141E2,4.534049988E0,7.504050255E0,-3.951000214E0
3.816842577E2,6.069000244E0,9.832950592E0,-7.915950298E0
3.816867014E2,4.623000145E0,9.823950768E0,-7.899000168E0
3.816891448E2,2.137050152E0,8.566950798E0,-4.003950119E0
3.816915885E2,7.249500155E-1,7.117950439E0,1.014000058E0
3.816940321E2,5.950500369E-1,7.341000557E0,1.906950116E0
3.816964758E2,3.664950132E0,1.083195019E1,1.573950052E0
3.816989195E2,3.721950293E0,1.061400032E1,-3.670500219E-1
3.817013630E2,1.596000075E0,6.376050472E0,-8.820000291E-1
3.817038067E2,8.710500598E-1,5.533050060E0,-4.870500267E-1
3.817062503E2,2.143949986E0,8.353950500E0,-9.010500312E-1
3.817086940E2,4.085999966E0,1.071195030E1,-3.217950106E0
3.817111374E2,3.001950026E0,9.016950607E0,-4.102050304E0
3.817135811E2,1.443000078E0,7.429050446E0,-3.451050282E0
3.817160248E2,7.410000563E-1,6.670050144E0,-3.405000269E-2
3.817184682E2,9.139500260E-1,7.969950199E0,3.979500234E-1
3.817209119E2,2.935050249E0,9.904950142E0,5.590500236E-1
3.817233555E2,3.334050179E0,9.184050560E0,-4.390500188E-1
3.817257992E2,2.482050180E0,7.161000252E0,-1.545000076E0
3.817282427E2,2.650050163E0,6.466950417E0,-2.505000114E0
3.817306864E2,3.588000059E0,7.420050144E0,-3.313950062E0
3.817331300E2,4.483950138E0,8.989950180E0,-3.831000090E0
3.817355737E2,3.250950098E0,9.180000305E0,-3.511050224E0
3.817380174E2,1.618050098E0,8.725049973E0,-1.255050063E0
3.817404608E2,1.438050032E0,8.928000450E0,8.959500194E-1
3.817429045E2,1.747050047E0,1.036500072E1,9.469500184E-1
3.817453481E2,3.016050100E0,1.280205059E1,7.069500089E-1
3.817477918E2,3.040050030E0,1.187595081E1,-1.722000122E0
3.817502353E2,2.218950033E0,9.493050575E0,-1.042050004E0
3.817526789E2,9.450000525E-1,8.907000542E0,-5.820000172E-1
3.817551226E2,1.182000041E0,9.892950058E0,-4.170000255E-1
3.817575661E2,3.688950062E0,1.185405064E1,-3.955950260E0
3.817600097E2,4.522050381E0,1.093905067E1,-5.986050129E0
3.817624534E2,3.318000078E0,1.115205097E1,-4.626000404E0
3.817648971E2,2.419950008E0,1.157895088E1,-1.509000063E0
3.817673407E2,2.282999992E0,1.312800026E1,6.640500426E-1
3.817697842E2,3.484950066E0,1.415700054E1,7.650000453E-1
3.817722279E2,4.261050224E0,1.366200066E1,9.195000678E-2
3.817746715E2,4.278000355E0,1.177305031E1,-2.103000164E0
3.817771152E2,3.876000166E0,1.007295036E1,-4.951950073E0
3.817795587E2,3.154950142E0,8.808000565E0,-5.533950329E0
3.817820024E2,2.890950203E0,9.400050163E0,-3.742950201E0
3.817844460E2,2.512950182E0,1.024005032E1,-1.213950038E0
3.817868897E2,2.008050203E0,9.772950172E0,6.379500031E-1
3.817893331E2,2.020050049E0,9.429000854E0,1.584000111E0
3.817917767E2,2.475000143E0,1.009200001E1,1.284000039E0
3.817942204E2,2.650050163E0,1.122195053E1,-5.580000281E-1
3.817966641E2,2.374050140E0,1.101105022E1,3.000000026E-3
3.817991076E2,2.233050108E0,1.065000057E1,1.188000083E0
3.818015513E2,2.086950064E0,9.924000740E0,1.240950108E0
3.818039949E2,7.170000076E-1,8.169000626E0,-5.269500017E-1
3.818064386E2,6.070500016E-1,7.947000504E0,-7.519500256E-1
3.818088821E2,4.654050350E0,8.818050385E0,1.179000020E0
3.818113257E2,2.652000189E0,9.112950325E0,-5.743950367E0
3.818137693E2,2.209050179E0,9.100950241E0,-3.727950096E0
3.818162130E2,1.498050094E0,1.107795048E1,-2.335050106E0
3.818186565E2,2.470050097E0,1.093695068E1,-1.180500090E-1
3.818211002E2,3.139950037E0,1.120800018E1,1.047000051E0
3.818235438E2,2.821950197E0,1.128405094E1,2.689500153E-1
3.818259875E2,1.594050050E0,9.438000679E0,1.428000093E0
3.818284310E2,1.192050099E0,7.735950470E0,9.010500312E-1
3.818308746E2,1.552950025E0,7.566000462E0,5.160000324E-1
3.818333183E2,1.882950068E0,9.226950645E0,1.090500057E-1
3.818357620E2,1.891050100E0,1.052295017E1,8.629500270E-1
3.818382054E2,1.836000085E0,9.946050644E0,2.323050022E0
3.818406491E2,8.539500237E-1,1.048695087E1,-1.462950110E0
3.818430927E2,4.050000105E-3,1.006800079E1,-3.496050119E0
3.818455364E2,6.030000448E-1,1.071900082E1,-8.599500656E-1
3.818479799E2,-4.000500143E-1,1.244505024E1,-2.230050087E0
3.818504236E2,-5.550000072E-1,8.931000710E0,-7.039500475E-1
3.818528672E2,-5.700000525E-1,9.189000130E0,-1.213950038E0
3.818553109E2,1.042950034E0,8.751000404E0,-3.720000088E-1
3.818577543E2,3.375000238E0,1.048200035E1,-8.050500154E-1
3.818601980E2,4.824000359E0,1.191105080E1,-3.730950117E0
3.818626416E2,3.898950100E0,1.110195065E1,-4.345950127E0
3.818650853E2,3.139950037E0,1.082895088E1,-3.846000195E0
3.818675288E2,1.860000134E0,1.068105030E1,-2.839950085E0
3.818699725E2,1.455000043E0,1.012800026E1,-2.230500132E-1
3.818724161E2,1.645950079E0,9.627000809E0,5.130000114E-1
3.818748598E2,2.620950222E0,8.466000557E0,9.195000678E-2
3.818773032E2,2.416950226E0,8.341950417E0,-9.510000348E-1
3.818797469E2,2.178000212E0,7.923000336E0,-1.092000008E0
3.818821905E2,1.845000029E0,7.966050148E0,-1.048950076E0
3.818846343E2,3.042000055E0,9.109950066E0,-6.850500107E-1
3.818870780E2,3.354000092E0,9.867000580E0,-1.063950062E0
3.818895214E2,2.676000118E0,8.878050804E0,-1.669050097E0
3.818919651E2,2.049000025E0,7.647000313E0,-1.831950068E0
3.818944087E2,1.717950106E0,7.374000549E0,-1.219050050E0
3.818968522E2,1.888050079E0,8.437050819E0,-4.150500298E-1
3.818992959E2,2.247000217E0,8.533050537E0,5.680500269E-1
3.819017395E2,1.930950046E0,7.831950188E0,1.162050009E0
3.819041832E2,1.429050088E0,6.952950478E0,1.023000002E0
3.819066266E2,9.139500260E-1,6.442950249E0,4.939500093E-1
3.819090703E2,1.168050051E0,6.876000404E0,-7.690500617E-1
3.819115139E2,2.239950180E0,8.044950485E0,7.480500340E-1
3.819139576E2,3.925950289E0,8.310000420E0,-9.850500226E-1
3.819164011E2,1.528950095E0,7.618950367E0,-2.140950203E0
3.819188448E2,3.010950089E0,6.997950554E0,-1.903950095E0
3.819212884E2,2.098950148E0,8.485050201E0,-4.285950184E0
3.819237321E2,1.503000021E0,8.404050827E0,-9.289500713E-1
3.819261758E2,1.759050131E0,8.839950562E0,6.300000101E-2
3.819286193E2,1.821000099E0,9.673050880E0,3.910500109E-1
3.819310630E2,1.299000025E0,8.171999931E0,2.809500098E-1
3.819335066E2,1.600950122E0,7.053000450E0,-1.341000080E0
3.819359500E2,2.226000071E0,7.276050568E0,-2.446950197E0
3.819383937E2,3.421050072E0,8.779950142E0,-2.481000185E0
3.819408373E2,3.849000216E0,9.370950699E0,-3.481950283E0
3.819432810E2,3.406050205E0,9.172050476E0,-3.244950056E0
3.819457245E2,2.583000183E0,9.603000641E0,-1.963950038E0
3.819481682E2,2.413050175E0,9.886050224E0,-5.805000290E-2
3.819506119E2,2.227950096E0,9.397050858E0,5.230500102E-1
3.819530555E2,2.254950047E0,9.867000580E0,6.469500065E-1
3.819554992E2,2.908050060E0,9.069000244E0,9.510000348E-1
3.819579426E2,2.266950130E0,8.121000290E0,-1.858050108E0
3.819603863E2,1.716000080E0,7.417050362E0,-1.839000106E0
3.819628299E2,1.548000097E0,7.908000469E0,-1.068000078E0
3.819652734E2,2.347950220E0,9.763950348E0,5.850000381E-1
3.819677171E2,3.451950073E0,1.057995033E1,2.505000122E-2
3.819701607E2,3.184050083E0,9.850050926E0,-2.208000183E0
3.819726044E2,2.689950228E0,9.127050400E0,-3.301950216E0
3.819750481E2,2.322000027E0,9.213000298E0,-3.766950130E0
3.819774916E2,1.759050131E0,9.361950874E0,-1.842000127E0
3.819799352E2,1.876050115E0,9.069000244E0,6.400500536E-1
3.819823789E2,2.104050159E0,9.163050652E0,1.525950074E0
3.819848226E2,2.331000090E0,9.795000076E0,1.696050048E0
3.819872660E2,2.419950008E0,9.745050430E0,1.900500059E-1
3.819897097E2,3.259950161E0,1.004400063E1,-1.855950117E0
3.819921533E2,4.054950237E0,1.050600052E1,-3.640050173E0
3.819945970E2,4.113000393E0,1.102995014E1,-3.931950092E0
3.819970405E2,2.880000114E0,1.124100018E1,-3.235050201E0
3.819994842E2,1.540950060E0,1.097100067E1,-1.288950086E0
3.820019278E2,1.093050003E0,1.039605045E1,5.250000358E-1
3.820043713E2,2.307000160E0,1.027095032E1,7.500000596E-1
3.820068149E2,2.856000185E0,1.110495090E1,4.969500303E-1
3.820092586E2,2.668950081E0,1.089900017E1,4.800000191E-1
3.820117023E2,2.439000130E0,1.125495052E1,1.042050004E0
3.820141459E2,2.554050207E0,1.178700066E1,9.589500427E-1
3.820165894E2,2.238000154E0,1.090800095E1,2.710500062E-1
3.820190331E2,2.323950052E0,1.027605057E1,1.014000058E0
3.820214767E2,2.638050079E0,1.215105057E1,-1.279050112E0
3.820239204E2,3.018000126E0,1.167405033E1,-5.292000294E0
3.820263639E2,2.395950079E0,1.000095081E1,-8.107950211E0
3.820288076E2,1.120050073E0,1.001505089E1,-5.079000473E0
3.820312512E2,6.910500526E-1,9.727950096E0,-2.209500074E-1
3.820336949E2,2.374050140E0,1.017600060E1,1.864050031E0
3.820361383E2,3.124050140E0,1.147305012E1,7.909500599E-1
3.820385819E2,2.200050116E0,1.039395046E1,1.009050012E0
3.820410256E2,1.171950102E0,9.121950150E0,1.596000075E0
3.820434691E2,1.492950082E0,9.952950478E0,1.162050009E0
3.820459128E2,2.230950117E0,1.041300011E1,7.410000563E-1
3.820483565E2,2.439000130E0,1.036005020E1,-4.095000029E-2
3.820508001E2,2.299950123E0,1.000305080E1,1.468950033E0
3.820532438E2,4.555950165E0,9.285000801E0,3.169500232E-1
3.820556873E2,3.399000168E0,9.820950508E0,-7.423050404E0
3.820581310E2,2.688000202E0,9.919050217E0,-8.512050629E0
3.820605746E2,1.318050027E0,1.099005032E1,-6.244950294E0
3.820630183E2,1.297050118E0,1.073295021E1,4.630500078E-1
3.820654617E2,2.235000134E0,1.043700027E1,1.840050101E0
3.820679054E2,2.230950117E0,1.051605034E1,7.810500264E-1
3.820703490E2,1.540950060E0,8.686050415E0,1.035000086E0
3.820727927E2,1.396950126E0,7.843950272E0,3.940500319E-1
3.820752362E2,1.977000117E0,7.963050365E0,5.590500236E-1
3.820776798E2,2.833950043E0,9.010050774E0,2.280000150E-1
3.820801235E2,1.966950059E0,9.313950539E0,-1.702950120E0
3.820825672E2,1.915050149E0,6.534000397E0,-3.877050161E0
3.820850106E2,9.829500318E-1,6.364050388E0,-5.148000240E0
3.820874543E2,1.480950117E0,6.004950523E0,-4.225950241E0
3.820898979E2,1.230000019E0,6.168000221E0,-2.299050093E0
3.820923416E2,1.522050023E0,7.144050121E0,1.120950103E0
3.820947851E2,1.744950056E0,7.891050339E0,1.381950021E0
3.820972288E2,1.206000090E0,6.607950211E0,1.360950112E0
3.820996724E2,8.350500464E-1,6.595950127E0,1.153050065E0
3.821021161E2,1.812000036E0,9.349950790E0,5.830500126E-1
3.821045596E2,3.519000053E0,1.059900093E1,2.790000141E-1
3.821070033E2,3.097050190E0,9.687000275E0,-1.092000008E0
3.821094469E2,5.154000282E0,1.010595036E1,-4.092000008E0
3.821118906E2,5.002950191E0,1.105395031E1,-7.258050442E0
3.821143340E2,4.048050404E0,1.080105019E1,-4.729050159E0
3.821167777E2,3.211950064E0,1.227795029E1,-1.807950139E0
3.821192213E2,3.808050156E0,1.213905048E1,3.480000198E-1
3.821216650E2,2.848050117E0,1.141605091E1,-3.364050150E0
3.821241085E2,3.435000181E0,1.296705055E1,1.549950123E0
3.821265522E2,3.018000126E0,1.294800091E1,-2.110500038E-1
3.821289958E2,3.121050119E0,1.354200077E1,7.740000486E-1
3.821314395E2,3.076050043E0,1.345305061E1,-1.456050038E0
3.821338830E2,3.358050108E0,1.416000080E1,-3.364050150E0
3.821363267E2,3.166950226E0,1.398000050E1,-5.197950363E0
3.821387703E2,3.105000257E0,1.220595074E1,-5.917050362E0
3.821412140E2,2.305050135E0,1.131300068E1,-4.911000252E0
3.821436574E2,1.383000016E0,1.028100014E1,-1.380000114E0
3.821461011E2,1.591050029E0,9.886050224E0,1.660050035E0
3.821485447E2,3.010950089E0,9.610950470E0,1.440000057E0
3.821509884E2,3.214950085E0,9.802050591E0,1.177050114E0
3.821534319E2,2.644950151E0,7.798050404E0,9.160500169E-1
3.821558756E2,4.219950199E0,6.364050388E0,1.450500041E-1
3.821583192E2,3.847050190E0,6.061950207E0,-1.143000007E0
3.821607629E2,4.239000320E0,7.233000278E0,5.299500227E-1
3.821632066E2,4.942950249E0,7.417050362E0,-6.130500436E-1
3.821656500E2,4.990950108E0,7.876950264E0,-1.690950036E0
3.821680937E2,5.022000313E0,8.839950562E0,-7.020000219E-1
3.821705373E2,3.129000187E0,1.048200035E1,-1.516050100E0
3.821729810E2,1.909950137E0,9.757050514E0,-3.891000271E0
3.821754245E2,1.050000072E0,1.030305004E1,-1.020000100E0
3.821778682E2,1.713000059E0,1.055895042E1,8.680500388E-1
3.821803118E2,2.523000002E0,1.158300018E1,5.470499992E-1
3.821827555E2,2.001000166E0,1.073295021E1,9.180000424E-1
3.821851990E2,1.584000111E0,9.642000198E0,3.940500319E-1
3.821876426E2,2.166000128E0,1.067400074E1,-3.790500164E-1
3.821900863E2,2.527950048E0,1.019505024E1,-1.699500084E-1
3.821925297E2,2.704950094E0,9.196050644E0,-1.702950120E0
3.821949734E2,2.760000229E0,9.790050507E0,-5.989500284E-1
3.821974170E2,2.527950048E0,1.011795044E1,4.819500148E-1
3.821998607E2,1.929000139E0,9.859950066E0,1.330500096E-1
3.822023044E2,1.534050107E0,9.586950302E0,8.250000477E-1
3.822047479E2,1.594050050E0,9.393000603E0,-1.469999999E-1
3.822071916E2,3.220500052E-1,1.083195019E1,5.899500251E-1
3.822096352E2,-2.868000031E0,1.171500015E1,1.404000044E0
3.822120789E2,-3.184050083E0,8.578950882E0,8.250000477E-1
3.822145224E2,-3.103050232E0,7.353000164E0,1.342050076E0
3.822169660E2,-8.880000710E-1,5.964000225E0,2.089050055E0
3.822194097E2,-2.100000143E0,7.759950161E0,1.485000014E0
3.822218531E2,-1.386000037E0,6.040950298E0,8.100000620E-1
3.822242968E2,-1.840500087E-1,7.771950245E0,-6.880500317E-1
3.822267404E2,3.492000103E0,9.321000099E0,-6.444000244E0
3.822291841E2,7.138950348E0,6.844950199E0,-9.262050629E0
3.822316278E2,5.176050186E0,6.237000465E0,-1.020300007E1
3.822340713E2,7.255950451E0,5.349000454E0,-7.167000294E0
3.822365150E2,6.220050335E0,5.710050106E0,-2.758950233E0
3.822389586E2,3.555000067E0,7.420050144E0,7.549500465E-1
3.822414023E2,2.440950155E0,8.689050674E0,1.129050016E0
3.822438457E2,2.017950058E0,8.956950188E0,7.960500121E-1
3.822462894E2,1.414050102E0,8.217000008E0,1.228950024E0
3.822487330E2,1.972050071E0,8.254950523E0,1.099950075E0
3.822511767E2,1.383000016E0,8.229000092E0,6.300000101E-2
3.822536202E2,1.390050054E0,8.454000473E0,1.585950017E0
3.822560638E2,2.464950085E0,1.052505016E1,1.090500057E-1
3.822585075E2,3.658050060E0,9.187050819E0,-4.179000378E0
3.822609509E2,2.475000143E0,8.976000786E0,-6.262050152E0
3.822633946E2,2.146950006E0,9.735000610E0,-5.553000450E0
3.822658382E2,1.102950096E0,9.874050140E0,-2.209950209E0
3.822682819E2,1.393050075E0,9.417000771E0,9.420000315E-1
3.822707256E2,2.347950220E0,9.460050583E0,3.289500177E-1
3.822731691E2,2.271000147E0,9.703950882E0,6.105000153E-2
3.822756128E2,1.765950084E0,9.253950119E0,1.102050066E0
3.822780564E2,1.357050061E0,9.012000084E0,5.490000248E-1
3.822805001E2,1.503000021E0,1.011105061E1,7.549500465E-1
3.822829436E2,2.077050209E0,1.090800095E1,1.207950115E0
3.822853873E2,2.053050041E0,9.819000244E0,7.380000353E-1
3.822878309E2,1.534050107E0,8.581050873E0,1.311000109E0
3.822902746E2,1.122000098E0,8.149950027E0,2.461950064E0
3.822927183E2,8.400000334E-1,8.389050484E0,1.372950077E0
3.822951617E2,1.117050052E0,8.932950020E0,8.650500178E-1
3.822976053E2,1.527000070E0,8.787000656E0,3.000000026E-3
3.823000490E2,2.080049992E0,9.088950157E0,-2.140500098E-1
3.823024925E2,2.602050066E0,9.847950935E0,-5.730000138E-1
3.823049362E2,2.644950151E0,9.610950470E0,2.740500271E-1
3.823073798E2,2.053050041E0,9.502950668E0,-2.653050184E0
3.823098235E2,1.053000093E0,9.852000237E0,-1.672050118E0
3.823122670E2,1.210950017E0,8.430000305E0,-1.270500124E-1
3.823147107E2,1.146000028E0,8.076000214E0,-5.340000391E-1
3.823171543E2,1.393050075E0,7.615950584E0,1.239000082E0
3.823195980E2,1.126950026E0,6.892950535E0,-4.800000042E-2
3.823220414E2,6.550500393E-1,6.493050098E0,4.650000334E-1
3.823244851E2,5.190000534E-1,6.760950089E0,1.756050110E0
3.823269287E2,2.178000212E0,7.243050575E0,9.490500689E-1
3.823293724E2,1.729950070E0,7.627950191E0,-3.451050282E0
3.823318159E2,2.073000193E0,7.012950420E0,-2.811000109E0
3.823342596E2,1.840050101E0,7.587000370E0,-9.100500345E-1
3.823367032E2,1.821000099E0,7.750050545E0,8.560500145E-1
3.823391469E2,1.519950032E0,8.029950142E0,1.106999993E0
3.823415904E2,2.299950123E0,8.634000778E0,3.820500076E-1
3.823440341E2,2.632950068E0,7.968000412E0,-5.749500394E-1
3.823464777E2,3.483000278E0,7.329000473E0,-3.360000134E0
3.823489214E2,5.070000172E0,8.734050751E0,-6.202050209E0
3.823513648E2,3.586050272E0,8.782050133E0,-5.413950443E0
3.823538085E2,1.699050069E0,9.306000710E0,-2.443050146E0
3.823562522E2,2.889000177E0,9.778050423E0,-7.879500389E-1
3.823586958E2,4.714050293E0,9.523950577E0,-1.972950101E0
3.823611395E2,4.692000389E0,1.042200089E1,-3.439050198E0
3.823635830E2,2.701950073E0,1.087200069E1,-2.368050098E0
3.823660266E2,1.824000120E0,1.108305073E1,-3.930000067E-1
3.823684703E2,1.809000134E0,1.123395061E1,-2.179500163E-1
3.823709138E2,2.109000206E0,1.204800034E1,8.509500623E-1
3.823733574E2,2.371950150E0,1.314495087E1,3.769500256E-1
3.823758011E2,2.190000057E0,1.248105049E1,-5.805000290E-2
3.823782447E2,2.287950039E0,1.172505093E1,-1.471050024E0
3.823806884E2,1.963050127E0,1.144200039E1,-2.047950029E0
3.823831319E2,1.213050008E0,1.101105022E1,-1.686000109E0
3.823855756E2,1.174950004E0,1.195200062E1,-2.140950203E0
3.823880192E2,2.251950026E0,1.164105034E1,-4.987950325E0
3.823904629E2,3.415950060E0,9.448050499E0,-5.059950352E0
3.823929064E2,3.703050137E0,1.001505089E1,-4.222050190E0
3.823953500E2,3.555000067E0,1.067805004E1,-2.601000071E0
3.823977937E2,2.949000120E0,1.109295082E1,7.995000482E-2
3.824002371E2,2.788950205E0,1.139400101E1,1.722000122E0
3.824026808E2,2.524950027E0,1.124100018E1,1.224000096E0
3.824051244E2,2.530050039E0,1.109700012E1,1.120950103E0
3.824075681E2,4.108050346E0,1.056795025E1,-1.120950103E0
3.824100116E2,2.962950230E0,9.289950371E0,-4.201950073E0
3.824124553E2,3.354000092E0,9.271050453E0,-4.285950184E0
3.824148990E2,2.596950054E0,9.892950058E0,-3.918000221E0
3.824173426E2,1.705950022E0,9.298950195E0,-1.786950111E0
3.824197863E2,1.453050017E0,8.803950310E0,-3.600000218E-2
3.824222297E2,2.677950144E0,7.969950199E0,-4.770000279E-1
3.824246734E2,4.279950142E0,8.986050606E0,-3.348000050E0
3.824271170E2,3.697950125E0,9.301950455E0,-3.415050268E0
3.824295607E2,2.676000118E0,8.557050705E0,-2.028000116E0
3.824320042E2,2.209050179E0,9.487950325E0,-1.390500069E-1
3.824344479E2,2.556000233E0,1.011795044E1,-3.379500210E-1
3.824368915E2,3.283950090E0,9.376049995E0,-6.300000548E-1
3.824393350E2,3.490050077E0,8.884950638E0,-1.030050039E0
3.824417787E2,3.409050226E0,8.980950356E0,-1.710000038E0
3.824442223E2,2.736000061E0,9.040950775E0,-2.392050028E0
3.824466660E2,1.852050066E0,8.143050194E0,-2.031000137E0
3.824491094E2,8.419500589E-1,6.888000488E0,-6.420000196E-1
3.824515531E2,5.860500336E-1,6.642000198E0,-1.819500029E-1
3.824539968E2,2.073000193E0,7.317000389E0,-1.333950043E0
3.824564404E2,3.415950060E0,6.193950176E0,-3.211050034E0
3.824588841E2,3.969000101E0,6.766050339E0,-3.058050156E0
3.824613276E2,3.385050058E0,8.719950676E0,-1.618950129E0
3.824637713E2,3.093000174E0,9.682050705E0,-1.738950133E0
3.824662149E2,2.425050020E0,9.670050621E0,-1.252950072E0
3.824686586E2,1.651050091E0,9.934050560E0,-7.380000353E-1
3.824711020E2,1.323000073E0,9.886050224E0,-5.890500546E-1
3.824735456E2,1.534050107E0,8.878050804E0,-1.030050039E0
3.824759893E2,2.185050011E0,8.302950859E0,-2.313000202E0
3.824784328E2,2.674050093E0,7.468050480E0,-2.473950148E0
3.824808765E2,3.133050203E0,7.738050461E0,-2.481000185E0
3.824833201E2,3.679050207E0,9.121950150E0,-2.713050127E0
3.824857638E2,3.367950201E0,9.361950874E0,-2.649000168E0
3.824882075E2,2.197050095E0,8.667000771E0,-1.055999994E0
3.824906509E2,1.576950073E0,8.959050179E0,2.689500153E-1
3.824930946E2,2.461050034E0,9.390000343E0,-6.280500293E-1
3.824955382E2,2.905950069E0,9.433050156E0,-2.713050127E0
3.824979819E2,2.769000053E0,9.496050835E0,-2.554950237E0
3.825004254E2,2.572950125E0,9.217950821E0,-1.530000091E0
3.825028691E2,2.689950228E0,9.253950119E0,-4.099500179E-1
3.825053127E2,2.263950109E0,9.301950455E0,4.395000264E-2
3.825077564E2,1.752000093E0,9.249000549E0,7.339500189E-1
3.825101998E2,1.234950066E0,9.589050293E0,7.980000377E-1
3.825126435E2,1.740000129E0,8.500050545E0,-3.090000153E-1
3.825150871E2,2.748000145E0,7.168050289E0,-3.307050228E0
3.825175308E2,2.539950132E0,7.200000286E0,-3.955950260E0
3.825199743E2,1.848000050E0,7.741050243E0,-2.416050196E0
3.825224180E2,1.873950124E0,9.160050392E0,-4.339500070E-1
3.825248616E2,2.500950098E0,9.522000313E0,9.610500336E-1
3.825273053E2,3.093000174E0,1.004895020E1,2.205000073E-2
3.825297487E2,3.085050106E0,1.040805054E1,1.759500057E-1
3.825321924E2,3.210000038E0,1.137000084E1,-7.639500499E-1
3.825346360E2,3.636000156E0,1.211295033E1,-1.906050086E0
3.825370797E2,2.890950203E0,1.091295052E1,-2.042999983E0
3.825395232E2,2.274000168E0,1.089600086E1,-8.959500194E-1
3.825419669E2,1.954950094E0,1.142295074E1,7.219500542E-1
3.825444105E2,2.149049997E0,1.135605049E1,1.203000069E0
3.825468542E2,2.262000084E0,1.187805080E1,1.296000004E0
3.825492976E2,2.257050037E0,1.298895073E1,9.490500689E-1
3.825517413E2,2.044049978E0,1.300605106E1,4.270500243E-1
3.825541850E2,2.251950026E0,1.306995106E1,6.499500275E-1
3.825566286E2,2.322000027E0,1.344105053E1,2.639999986E-1
3.825590721E2,1.552950025E0,1.220100021E1,-6.970500350E-1
3.825615158E2,1.105050087E0,1.104000092E1,-1.870500147E-1
3.825639594E2,1.069050074E0,1.254795074E1,-7.999500632E-1
3.825664031E2,6.340500116E-1,1.246905041E1,-1.186050057E0
3.825688468E2,3.799500167E-1,1.096800041E1,-1.558950067E0
3.825712903E2,5.329500437E-1,1.209300041E1,-6.660000086E-1
3.825737340E2,5.590500236E-1,1.234695053E1,8.389500380E-1
3.825761773E2,7.630500197E-1,1.120995045E1,5.370000005E-1
3.825786213E2,1.302000046E0,1.057995033E1,-9.510000348E-1
3.825810647E2,1.819050074E0,9.534000397E0,-2.538000107E0
3.825835083E2,2.427000046E0,8.068950653E0,-3.048000097E0
3.825859520E2,2.451000214E0,7.270950317E0,-3.187050104E0
3.825883955E2,2.544000149E0,7.185000420E0,-2.220000029E0
3.825908392E2,2.415000200E0,7.567950249E0,-1.023000002E0
3.825932828E2,2.092050076E0,7.245000362E0,-4.579500258E-1
3.825957265E2,2.146950006E0,6.823950291E0,-4.099500179E-1
3.825981700E2,2.925000191E0,7.494000435E0,-1.216950059E0
3.826006137E2,4.807050228E0,8.595000267E0,-2.838000059E0
3.826030574E2,6.490050316E0,7.743000507E0,-2.620050192E0
3.826055010E2,6.090000153E0,7.348050117E0,-2.269950151E0
3.826079447E2,4.477050304E0,9.235050201E0,-1.261950016E0
3.826103881E2,3.046950102E0,1.059705067E1,-5.269500017E-1
3.826128318E2,1.828050137E0,1.089900017E1,-2.659500241E-1
3.826152754E2,1.351950049E0,1.033605003E1,-7.909500599E-1
3.826177189E2,1.735050082E0,9.097949982E0,-1.690950036E0
3.826201626E2,2.086950064E0,9.192000389E0,-2.023950100E0
3.826226062E2,2.797950029E0,1.012995052E1,-2.598000050E0
3.826250499E2,4.029000282E0,1.015905094E1,-4.167000294E0
3.826274934E2,3.483000278E0,1.063500023E1,-3.733050108E0
3.826299371E2,2.094000101E0,1.046100044E1,-2.185950041E0
3.826323807E2,1.776000142E0,9.667950630E0,-1.011000037E0
3.826348244E2,1.624950051E0,9.802050591E0,-5.100000277E-2
3.826372678E2,1.704000115E0,1.005105019E1,-8.269500136E-1
3.826397116E2,2.250000000E0,9.505050659E0,-1.321950078E0
3.826421552E2,3.526050091E0,9.349950790E0,-1.429950118E0
3.826445989E2,4.411950111E0,9.649050713E0,-1.744050026E0
3.826470426E2,4.186950207E0,9.742050171E0,-2.092950106E0
3.826494860E2,2.563050032E0,1.054695034E1,-1.450950027E0
3.826519296E2,1.524000049E0,1.055400085E1,5.419500470E-1
3.826543733E2,1.077000022E0,9.630000114E0,1.135950089E0
3.826568168E2,6.960000396E-1,8.140049934E0,3.720000088E-1
3.826592605E2,1.516950130E0,7.326000214E0,-2.353950024E0
3.826617041E2,2.245050192E0,6.606000423E0,-4.741050243E0
3.826641478E2,1.642050028E0,6.120000362E0,-3.691950083E0
3.826665912E2,6.310500503E-1,6.211050510E0,-1.075950027E0
3.826690349E2,9.190500379E-1,5.944950104E0,-1.369500011E-1
3.826714786E2,1.807050109E0,6.903000355E0,5.350500345E-1
3.826739222E2,2.065050125E0,7.602000237E0,-5.805000290E-2
3.826763657E2,1.809000134E0,6.250950336E0,-6.180000305E-1
3.826788094E2,3.361050129E0,4.405050278E0,-2.020950079E0
3.826812531E2,4.736999989E0,5.686050415E0,-4.128000259E0
3.826836967E2,3.370050192E0,6.484050274E0,-4.581000328E0
3.826861402E2,1.693950057E0,6.690000534E0,-2.479050159E0
3.826885839E2,1.215000033E0,7.381050587E0,1.347000122E0
3.826910276E2,1.345050097E0,7.707000256E0,2.304000139E0
3.826934712E2,1.225050092E0,6.811950207E0,1.902000070E0
3.826959149E2,2.140050173E0,6.675000191E0,8.479500413E-1
3.826983583E2,4.162950039E0,7.483950138E0,-2.293950081E0
3.827008020E2,4.728000164E0,6.619950294E0,-6.537000179E0
3.827032456E2,3.064050198E0,6.340050220E0,-7.629000187E0
3.827056893E2,1.579050064E0,6.136050224E0,-5.670000076E0
3.827081328E2,3.121050119E0,6.013950348E0,-3.160950184E0
3.827105765E2,3.997950077E0,6.517050266E0,-1.554000020E0
3.827130201E2,3.298950195E0,7.410000324E0,-4.120500088E-1
3.827154638E2,2.689950228E0,8.614950180E0,9.630000591E-1
3.827179073E2,2.580000162E0,9.880950928E0,1.231950045E0
3.827203509E2,2.185050011E0,1.098000050E1,7.020000219E-1
3.827227946E2,2.170950174E0,1.331895065E1,1.678950071E0
3.827252380E2,2.365050077E0,1.340295029E1,2.505000114E0
3.827276817E2,2.341050148E0,1.346295071E1,3.270000219E-1
3.827301254E2,2.458050013E0,1.367100048E1,1.914000034E0
3.827325690E2,2.046000004E0,1.268205070E1,-2.700000070E-2
3.827350127E2,3.736950159E0,1.243605042E1,-2.028000116E0
3.827374562E2,1.903050065E0,1.023105049E1,-7.156950474E0
3.827398999E2,1.405050039E0,9.694050789E0,-3.714000225E0
3.827423435E2,1.125000000E0,1.026195049E1,-5.610000491E-1
3.827447872E2,2.367000103E0,1.148505020E1,9.439500570E-1
3.827472306E2,2.992050171E0,1.434405041E1,-4.699500203E-1
3.827496743E2,3.957000256E0,1.488000107E1,-3.840000033E-1
3.827521180E2,3.478050232E0,1.469595051E1,-2.760000229E-1
3.827545614E2,3.175950050E0,1.425795078E1,9.010500312E-1
3.827570051E2,2.937000036E0,1.320195103E1,2.550000250E-1
3.827594487E2,2.403000116E0,1.307295036E1,1.513950109E0
3.827618924E2,7.530000210E-1,1.222800064E1,-5.779500008E-1
3.827643359E2,6.900000572E-2,1.125795078E1,9.829500318E-1
3.827667796E2,2.695050240E0,1.191600037E1,4.312950134E0
3.827692233E2,4.294950008E0,1.180095100E1,-3.309000254E0
3.827716669E2,4.567049980E0,1.163400078E1,-6.670950413E0
3.827741106E2,3.877950191E0,1.299105072E1,-7.696050167E0
3.827765540E2,1.237050056E0,1.246200085E1,-3.544050217E0
3.827789977E2,3.340500295E-1,1.138695049E1,8.890500665E-1
3.827814413E2,1.575000048E0,1.185900021E1,1.981050134E0
3.827838850E2,2.367000103E0,1.290000057E1,1.440000057E0
3.827863287E2,3.391950130E0,1.202205086E1,8.440500498E-1
3.827887722E2,2.872050047E0,1.237395096E1,-3.690000176E-1
3.827912158E2,3.030000210E0,1.381305027E1,1.469999999E-1
3.827936593E2,3.394050121E0,1.447800064E1,1.780500114E-1
3.827961029E2,3.660000086E0,1.375995064E1,8.890500665E-1
3.827985466E2,3.009000063E0,1.319205093E1,-1.500000060E-2
3.828009903E2,2.398050070E0,1.380795097E1,1.897050142E0
3.828034339E2,1.587000132E0,1.228500080E1,-5.610000491E-1
3.828058774E2,1.444950104E0,1.020405006E1,-3.240000010E-1
3.828083211E2,9.400500655E-1,1.067805004E1,-3.343050241E0
3.828107647E2,1.285050035E0,1.089405060E1,-2.296950102E0
3.828132084E2,2.044049978E0,1.131795025E1,-2.236950159E0
3.828156519E2,2.961000204E0,1.215795040E1,-2.308950186E0
3.828180955E2,4.098000050E0,1.235205078E1,-2.389950037E0
3.828205391E2,4.102950096E0,1.306800079E1,-2.179050207E0
3.828229826E2,3.409050226E0,1.261800098E1,-9.730500579E-1
3.828254263E2,2.985000134E0,1.244100094E1,2.569500208E-1
3.828278700E2,2.848050117E0,1.331205082E1,-7.005000114E-2
3.828303136E2,2.808000088E0,1.240200043E1,-7.090500593E-1
3.828327573E2,2.652000189E0,1.153800011E1,-1.681050062E0
3.828352007E2,2.970000029E0,1.080300045E1,-2.078999996E0
3.828376444E2,2.745000124E0,1.126500034E1,-2.265000105E0
3.828400881E2,2.431950092E0,1.227495098E1,-4.579500258E-1
3.828425317E2,2.298000097E0,1.269900036E1,5.299500227E-1
3.828449752E2,3.208050251E0,1.325205040E1,3.889500201E-1
3.828474189E2,4.050000191E0,1.328100109E1,-1.734000087E0
3.828498625E2,4.014000416E0,1.273305035E1,-3.076950073E0
3.828523062E2,3.142950058E0,1.263900089E1,-2.863950253E0
3.828547499E2,2.583000183E0,1.372395039E1,-7.740000486E-1
3.828571934E2,2.793000221E0,1.441095066E1,-5.490000248E-1
3.828596370E2,2.515950203E0,1.431300068E1,-1.729500145E-1
3.828620807E2,2.350050211E0,1.363995075E1,2.520000041E-1
3.828645241E2,2.281050205E0,1.378395081E1,-8.310000300E-1
3.828669678E2,2.614050150E0,1.346805096E1,-2.023950100E0
3.828694115E2,2.395950079E0,1.275900078E1,-2.989050150E0
3.828718551E2,2.662050009E0,1.280895042E1,-2.719950199E0
3.828742986E2,3.184050083E0,1.224000072E1,-2.353950024E0
3.828767423E2,3.442050219E0,1.123905087E1,-2.931000233E0
3.828791859E2,3.526050091E0,1.052295017E1,-2.220000029E0
3.828816296E2,3.009000063E0,9.876000404E0,-1.246050000E0
3.828840731E2,2.494050026E0,9.499950409E0,-4.390500188E-1
3.828865168E2,2.530050039E0,8.587950706E0,-4.630500078E-1
3.828889604E2,2.824050188E0,8.373000145E0,-1.441950083E0
3.828914041E2,3.175950050E0,8.854050636E0,-2.503050089E0
3.828938475E2,3.825000286E0,9.436050415E0,-3.099000216E0
3.828962912E2,5.239950180E0,9.736950874E0,-3.192000151E0
3.828987349E2,5.535000324E0,9.871950150E0,-2.674950123E0
3.829011785E2,4.227000237E0,1.106895065E1,-2.706000090E0
3.829036220E2,2.218950033E0,1.116405010E1,-1.972950101E0
3.829060657E2,1.189050078E0,1.027395058E1,-1.095000029E0
3.829085094E2,1.692000031E0,9.100950241E0,-1.276950002E0
3.829109530E2,3.282000065E0,7.341000557E0,-1.416000009E0
3.829133967E2,4.177050114E0,6.832950115E0,-2.574000120E0
3.829158401E2,4.675050259E0,6.802050114E0,-3.391050100E0
3.829182838E2,4.957950115E0,6.843000412E0,-4.054049969E0
3.829207275E2,3.655050278E0,7.381050587E0,-4.495050430E0
3.829231711E2,2.556000233E0,7.573050499E0,-3.678000212E0
3.829256146E2,2.809950113E0,7.312050343E0,-3.283050060E0
3.829280583E2,3.628950119E0,8.089950562E0,-3.727950096E0
3.829305019E2,3.622050285E0,8.394000053E0,-3.505950212E0
3.829329454E2,3.069000244E0,8.193000793E0,-2.818950176E0
3.829353891E2,2.745000124E0,8.428050041E0,-1.248000026E0
3.829378327E2,2.298000097E0,8.671950340E0,-2.205000073E-2
3.829402764E2,1.972050071E0,8.947050095E0,3.820500076E-1
3.829427198E2,1.405050039E0,8.868000031E0,6.349500418E-1
3.829451635E2,1.669950128E0,8.049000740E0,-4.605000094E-2
3.829476072E2,2.440950155E0,6.903000355E0,-1.540050030E0
3.829500508E2,3.756000280E0,5.944950104E0,-3.604050159E0
3.829524945E2,4.884000301E0,5.719950199E0,-5.524050236E0
3.829549380E2,4.768950462E0,5.437050343E0,-6.115050316E0
3.829573817E2,3.208050251E0,5.892000198E0,-4.030050278E0
3.829598253E2,2.121000051E0,6.129000187E0,-1.375050068E0
3.829622690E2,3.037950039E0,5.878050327E0,-1.186050057E0
3.829647125E2,4.512000084E0,5.800950050E0,-2.482950211E0
3.829671561E2,4.705950260E0,6.220050335E0,-4.339050293E0
3.829695998E2,4.065000057E0,6.373050213E0,-3.511050224E0
3.829720432E2,3.238950253E0,6.430950165E0,-3.652050257E0
3.829744869E2,2.833950043E0,6.618000507E0,-2.598000050E0
3.829769305E2,2.290950060E0,6.346950531E0,-1.759950042E0
3.829793742E2,2.077050209E0,6.067050457E0,-1.099050045E0
3.829818179E2,2.523000002E0,5.176050186E0,-1.252950072E0
3.829842614E2,3.034950256E0,4.828950405E0,-1.690950036E0
3.829867051E2,3.351000071E0,4.729050159E0,-1.123050094E0
3.829891487E2,3.697950125E0,5.242950439E0,-2.215050220E0
3.829915924E2,3.729000092E0,5.968950272E0,-1.629000068E0
3.829940359E2,4.468950272E0,6.654000282E0,-2.172000170E0
3.829964795E2,4.347000122E0,6.262950420E0,-2.497950077E0
3.829989232E2,4.438050270E0,5.734050274E0,-3.463050127E0
3.830013666E2,2.796000242E0,6.034050465E0,-3.790950298E0
3.830038103E2,2.271000147E0,5.755950451E0,-2.622000217E0
3.830062539E2,3.516000271E0,5.245950222E0,-2.373000145E0
3.830086976E2,3.841950178E0,5.767950058E0,-2.299050093E0
3.830111411E2,4.522050381E0,5.788950443E0,-2.419050217E0
3.830135848E2,3.016050100E0,6.634050369E0,-1.156949997E0
3.830160284E2,2.247000217E0,7.221000195E0,-2.329500169E-1
3.830184721E2,2.472000122E0,7.743000507E0,-4.579500258E-1
3.830209158E2,2.544000149E0,8.425050735E0,-1.462950110E0
3.830233593E2,2.572950125E0,8.155050278E0,-2.971950054E0
3.830258030E2,2.487000227E0,6.891000271E0,-2.694000244E0
3.830282466E2,2.271000147E0,5.859000206E0,-2.622000217E0
3.830306903E2,2.194950104E0,5.008950233E0,-2.185950041E0
3.830331337E2,2.137050152E0,4.565999985E0,-1.432050109E0
3.830355774E2,2.298000097E0,4.978050232E0,-8.359500170E-1
3.830380210E2,3.865950108E0,5.619000435E0,-1.329000115E0
3.830404647E2,5.929950237E0,5.416050434E0,-2.905050039E0
3.830429082E2,6.519000530E0,5.494950294E0,-5.064000130E0
3.830453519E2,4.933950424E0,6.996000290E0,-5.416050434E0
3.830477955E2,2.641950130E0,7.149000168E0,-4.248000145E0
3.830502392E2,1.237050056E0,7.135050297E0,-1.501950026E0
3.830526826E2,8.280000687E-1,6.831000328E0,5.920500159E-1
3.830551263E2,1.411950111E0,5.611950397E0,1.192950010E0
3.830575699E2,2.307000160E0,4.687950134E0,2.070000172E-1
3.830600136E2,4.338000298E0,4.197000027E0,-9.405000508E-2
3.830624571E2,4.552950382E0,3.775950193E0,-2.862000227E0
3.830649008E2,5.334000111E0,4.639950275E0,-3.538950205E0
3.830673444E2,4.888050079E0,5.880000114E0,-4.528050423E0
3.830697879E2,3.145050049E0,6.622950077E0,-3.819000244E0
3.830722315E2,2.704950094E0,6.328050137E0,-3.075000048E0
3.830746752E2,3.267000198E0,5.442000389E0,-2.863950253E0
3.830771189E2,4.884000301E0,5.176050186E0,-3.511050224E0
3.830795625E2,4.435950279E0,5.491950035E0,-4.711950302E0
3.830820060E2,3.847050190E0,6.201000214E0,-5.158050060E0
3.830844497E2,3.709950209E0,5.653050423E0,-4.911000252E0
3.830868933E2,3.267000198E0,5.836950302E0,-3.841050148E0
3.830893370E2,2.985000134E0,5.719950199E0,-8.149500489E-1
3.830917805E2,1.897950053E0,5.518950462E0,-1.660500020E-1
3.830942242E2,2.050950050E0,5.646000385E0,4.440000355E-1
3.830966679E2,2.230950117E0,5.197950363E0,-2.950500250E-1
3.830991115E2,2.407950163E0,4.456050396E0,-1.720050097E0
3.831015552E2,2.212050200E0,3.610050201E0,-2.433000088E0
3.831039986E2,1.708950043E0,3.972000122E0,-2.059950113E0
3.831064422E2,1.966950059E0,5.011050224E0,-1.642950058E0
3.831088859E2,3.295950174E0,4.300050259E0,-2.035950184E0
3.831113294E2,4.735050201E0,4.252050400E0,-3.067950249E0
3.831137731E2,5.698050499E0,4.233000278E0,-4.678950310E0
3.831162167E2,4.783050060E0,4.258950233E0,-6.079950333E0
3.831186604E2,3.871050119E0,4.471950054E0,-3.313950062E0
3.831211039E2,2.863050222E0,3.844950199E0,-4.882050037E0
3.831235475E2,2.335950136E0,3.175050259E0,-3.819000244E0
3.831259912E2,3.004050255E0,2.722050190E0,-3.184950113E0
3.831284349E2,4.144050121E0,2.245950222E0,-3.250050068E0
3.831308783E2,4.654050350E0,1.791000128E0,-3.328950167E0
3.831333220E2,4.456950188E0,2.698050022E0,-4.198050022E0
3.831357657E2,4.386000156E0,3.247050047E0,-4.315050125E0
3.831382091E2,3.343950272E0,3.558000088E0,-4.375050068E0
3.831406528E2,1.888050079E0,3.667950153E0,-3.645000219E0
3.831430964E2,1.575000048E0,3.535950184E0,-2.479050159E0
3.831455401E2,3.976050138E0,3.108000040E0,-2.526000023E0
3.831479838E2,5.451000214E0,1.768950105E0,-3.937050104E0
3.831504273E2,6.370050430E0,2.361000061E0,-4.720050335E0
3.831528709E2,6.478050232E0,3.259050131E0,-4.873050213E0
3.831553146E2,5.917950153E0,4.125000000E0,-4.918050289E0
3.831577583E2,4.258950233E0,4.942050457E0,-5.445000172E0
3.831602017E2,2.554050207E0,5.289000034E0,-4.887000084E0
3.831626454E2,1.576950073E0,5.461050034E0,-3.513000250E0
3.831650890E2,9.210000634E-1,4.666050434E0,-8.580000401E-1
3.831675327E2,8.590500355E-1,3.550950050E0,1.714950085E0
3.831699764E2,1.183950067E0,2.386950016E0,2.017050028E0
3.831724199E2,2.530050039E0,1.846050143E0,-4.395000264E-2
3.831748635E2,4.291950226E0,3.031050205E0,-1.855950117E0
3.831773072E2,5.494050026E0,3.997950077E0,-3.879000187E0
3.831797507E2,4.222949982E0,5.476050377E0,-5.574000359E0
3.831821943E2,3.009000063E0,6.223050117E0,-5.503050327E0
3.831846380E2,2.695050240E0,6.510000229E0,-5.352000237E0
3.831870817E2,1.885950089E0,6.373050213E0,-4.834950447E0
3.831895251E2,2.415000200E0,5.017950058E0,-4.116000175E0
3.831919688E2,4.195950031E0,2.824950218E0,-4.384050369E0
3.831944124E2,5.056050301E0,1.297950029E0,-5.443050385E0
3.831968561E2,4.777950287E0,1.465050101E0,-4.554000378E0
3.831992996E2,5.530050278E0,1.389000058E0,-4.150050163E0
3.832017433E2,5.053950310E0,2.953950167E0,-4.138050079E0
3.832041869E2,2.383949995E0,4.444050312E0,-1.810950041E0
3.832066306E2,1.375950098E0,4.539000034E0,3.000000119E-2
3.832090740E2,2.899050236E0,5.749050140E0,-1.030500084E-1
3.832115177E2,3.579000235E0,6.574950218E0,-2.479050159E0
3.832139614E2,4.405050278E0,7.279050350E0,-4.462950230E0
3.832164050E2,6.526050091E0,7.710000515E0,-4.887000084E0
3.832188485E2,6.883050442E0,7.398000240E0,-4.858050346E0
3.832212922E2,5.283000469E0,8.374950409E0,-5.416050434E0
3.832237358E2,4.085999966E0,9.574950218E0,-3.790950298E0
3.832261795E2,2.500950098E0,9.960000038E0,-2.353950024E0
3.832286230E2,2.575050116E0,9.502950668E0,-5.560500026E-1
3.832310667E2,2.302050114E0,8.690999985E0,1.215000033E0
3.832335103E2,1.579050064E0,7.104000568E0,2.479500175E-1
3.832359540E2,2.884050131E0,8.593050003E0,-9.649500251E-1
3.832383977E2,5.443950176E0,1.063305092E1,-4.819950104E0
3.832408411E2,8.038949966E0,1.093005085E1,-6.915000439E0
3.832432847E2,9.157050133E0,1.088700008E1,-9.407999992E0
3.832457284E2,5.745000362E0,1.320000076E1,-7.722000599E0
3.832481719E2,3.952050209E0,1.419600105E1,-3.316950083E0
3.832506156E2,3.294000149E0,1.241895103E1,-1.972950101E0
3.832530592E2,3.013950109E0,1.054695034E1,-1.087050080E0
3.832555029E2,3.492000103E0,8.799000740E0,-2.919000149E0
3.832579466E2,4.441050053E0,6.181950092E0,-6.736050129E0
3.832603900E2,6.499950409E0,1.567950130E0,-1.020000076E1
3.832628337E2,6.346050262E0,2.631000042E0,-1.100505066E1
3.832652773E2,3.615000248E0,3.175050259E0,-5.907000065E0
3.832677210E2,2.274000168E0,4.480050087E0,3.111000061E0
3.832701645E2,4.141050339E0,6.064950466E0,5.650950432E0
3.832726082E2,5.062950134E0,9.397050858E0,3.769950151E0
3.832750518E2,5.283000469E0,9.453000069E0,5.388000488E0
3.832774953E2,5.050950050E0,9.499950409E0,2.107950211E0
3.832799390E2,5.149050236E0,1.083900070E1,-4.557000160E0
3.832823826E2,5.305050373E0,1.046100044E1,-1.001100063E1
3.832848263E2,3.789000273E0,9.972000122E0,-9.730950356E0
3.832872697E2,1.747050047E0,9.177000046E0,-5.979000092E0
3.832897134E2,7.990500331E-1,8.248050690E0,-1.213950038E0
3.832921570E2,1.486050129E0,8.526000023E0,2.476950169E0
3.832946007E2,2.281050205E0,9.292050362E0,1.456950068E0
3.832970444E2,3.748950243E0,1.007505035E1,-4.030500054E-1
3.832994879E2,7.132050514E0,1.240200043E1,-4.614000320E0
3.833019316E2,8.764950752E0,1.386795044E1,-8.179050446E0
3.833043752E2,6.202950478E0,1.488495064E1,-9.439050674E0
3.833068189E2,3.178950071E0,1.703805161E1,-5.581950188E0
3.833092624E2,2.785950184E0,1.568505096E1,-3.874050140E0
3.833117060E2,3.114000082E0,1.347495079E1,-2.215050220E0
3.833141497E2,4.965000153E0,1.074795055E1,-5.677050114E0
3.833165931E2,6.576000214E0,8.806050301E0,-5.938050270E0
3.833190368E2,8.434050560E0,7.324050426E0,-6.867000103E0
3.833214805E2,7.647000313E0,6.835950375E0,-7.915950298E0
3.833239241E2,4.443000317E0,7.807950497E0,-5.536050320E0
3.833263678E2,3.045000076E0,8.401050568E0,2.359500080E-1
3.833288113E2,4.456950188E0,8.950050354E0,2.095950127E0
3.833312549E2,5.791050434E0,1.047705078E1,1.011000037E0
3.833336986E2,6.442050457E0,1.146600056E1,-2.078999996E0
3.833361423E2,5.860050201E0,1.076895046E1,-5.967000484E0
3.833385857E2,6.042000294E0,1.230195045E1,-7.083000183E0
3.833410294E2,5.892000198E0,1.305105019E1,-6.778950214E0
3.833434730E2,3.988050222E0,1.282095051E1,-4.813050270E0
3.833459167E2,1.840050101E0,1.153995037E1,-1.044000030E0
3.833483602E2,1.204050064E0,9.310950279E0,1.879950047E0
3.833508038E2,1.302000046E0,8.571000099E0,2.376000166E0
3.833532475E2,1.921950102E0,8.548050880E0,9.709500670E-1
3.833556910E2,4.255949974E0,1.182495022E1,-2.944950104E0
3.833581347E2,7.081050396E0,1.392705059E1,-6.010050297E0
3.833605783E2,7.660950184E0,1.284000015E1,-6.397950172E0
3.833630220E2,5.250000477E0,1.519395065E1,-5.650950432E0
3.833654657E2,3.397050142E0,1.817295074E1,-2.431050062E0
3.833679091E2,3.133050203E0,1.863705063E1,3.550500274E-1
3.833703528E2,3.777000189E0,1.760700035E1,-7.830000520E-1
3.833727964E2,5.626050472E0,1.521300030E1,-3.190050125E0
3.833752401E2,6.748950481E0,1.272300053E1,-8.380050659E0
3.833776836E2,8.194950104E0,1.135395050E1,-8.749050140E0
3.833801273E2,6.061950207E0,1.124100018E1,-6.867000103E0
3.833825709E2,3.816000223E0,1.084395027E1,-1.915950060E0
3.833850146E2,4.510050297E0,1.118805027E1,1.567050099E0
3.833874580E2,7.410000324E0,1.202400017E1,-2.380500138E-1
3.833899017E2,8.899050713E0,1.298700047E1,-4.930050373E0
3.833923454E2,7.933950424E0,1.418400097E1,-7.066050529E0
3.833947890E2,6.433050156E0,1.463595104E1,-6.835950375E0
3.833972325E2,6.318000317E0,1.516500092E1,-6.373950481E0
3.833996762E2,5.335950375E0,1.544805050E1,-5.548050404E0
3.834021198E2,2.757000208E0,1.299600029E1,-2.917050123E0
3.834045635E2,1.017000079E0,9.469050407E0,1.920000017E-1
3.834070070E2,-3.600000218E-2,7.633050442E0,1.762950063E0
3.834094507E2,2.134950161E0,7.348050117E0,5.800500512E-1
3.834118943E2,6.361050129E0,7.786050320E0,-2.016000032E0
3.834143380E2,8.302950859E0,9.229950905E0,-3.400050163E0
3.834167814E2,7.210950375E0,1.209300041E1,-3.445950270E0
3.834192251E2,4.033950329E0,1.429905033E1,-2.638950109E0
3.834216688E2,2.425050020E0,1.519200039E1,-2.530950069E0
3.834241124E2,1.801950097E0,1.572300053E1,-2.614950180E0
3.834265559E2,3.198000193E0,1.333605099E1,-4.380000114E0
3.834289996E2,4.969950199E0,1.029795074E1,-5.863950253E0
3.834314432E2,7.207950115E0,8.883000374E0,-7.180950165E0
3.834338869E2,6.162000179E0,6.952950478E0,-6.187050343E0
3.834363304E2,3.073050261E0,7.153950214E0,-2.170050144E0
3.834387740E2,1.624950051E0,7.585050583E0,2.388000011E0
3.834412177E2,3.433050156E0,8.559000015E0,2.917050123E0
3.834436613E2,4.692000389E0,9.754050255E0,-1.036949992E0
3.834461050E2,4.443000317E0,9.574950218E0,-5.095950127E0
3.834485485E2,4.057950020E0,9.867000580E0,-7.732050419E0
3.834509922E2,4.443000317E0,9.819000244E0,-8.401950836E0
3.834534358E2,4.656000137E0,1.069305038E1,-7.672050476E0
3.834558793E2,2.584950209E0,1.032405090E1,-5.835000515E0
3.834583230E2,1.114950061E0,7.285950184E0,-1.140000105E0
3.834607666E2,-2.460000068E-1,4.425000191E0,1.845000029E0
3.834632103E2,1.384950042E0,4.159049988E0,9.439500570E-1
3.834656537E2,5.161050320E0,3.529050112E0,-1.674000025E0
3.834680974E2,8.109000206E0,1.776000142E0,-5.875950336E0
3.834705410E2,9.307950020E0,3.060000181E0,-7.846950531E0
3.834729847E2,7.029000282E0,4.369050026E0,-8.385000229E0
3.834754282E2,4.134000301E0,6.508050442E0,-5.968950272E0
3.834778719E2,3.528000116E0,7.422000408E0,-3.721050262E0
3.834803155E2,4.548000336E0,6.769050121E0,-3.181950092E0
3.834827592E2,6.532950401E0,5.101950169E0,-2.680050135E0
3.834852029E2,8.572950363E0,3.259050131E0,-5.536050320E0
3.834876463E2,6.781950474E0,2.272050142E0,-7.674000263E0
3.834900900E2,3.187950134E0,2.430000067E0,-5.280000210E0
3.834925336E2,5.998950481E0,3.958050251E0,-3.484050274E0
3.834949771E2,8.725950241E0,4.875000000E0,-3.466950178E0
3.834974208E2,5.595000267E0,6.400050163E0,-3.502950191E0
3.834998644E2,3.624000072E0,7.477050304E0,-4.032000065E0
3.835023081E2,7.125000477E0,8.773050308E0,-7.345950127E0
3.835047516E2,7.705950260E0,9.591000557E0,-1.107600021E1
3.835071952E2,2.725950241E0,9.321000099E0,-1.019295025E1
3.835096389E2,3.150000274E-1,7.405050278E0,-4.363049984E0
3.835120826E2,-3.349500299E-1,5.272050381E0,2.244000196E0
3.835145262E2,1.072050095E0,4.579950333E0,2.572050095E0
3.835169697E2,5.707050323E0,5.077950478E0,1.263000011E0
3.835194134E2,6.777000427E0,3.510000229E0,-2.184000015E0
3.835218570E2,6.463950157E0,3.634050131E0,-3.679950237E0
3.835243005E2,4.918950081E0,6.358950138E0,-4.789050102E0
3.835267442E2,3.580950260E0,8.348999977E0,-2.224950075E0
3.835291878E2,2.848050117E0,1.010595036E1,-4.510500133E-1
3.835316315E2,2.611050129E0,1.050795078E1,-1.284000039E0
3.835340750E2,3.877950191E0,9.754050255E0,-2.188950062E0
3.835365187E2,5.602050304E0,8.457000732E0,-5.083950043E0
3.835389623E2,4.126950264E0,6.049950123E0,-5.557950497E0
3.835414060E2,2.616000175E0,6.085950375E0,-3.642000198E0
3.835438494E2,3.430050135E0,5.943000317E0,-1.465950012E0
3.835462931E2,6.085050106E0,7.731000423E0,-7.000500560E-1
3.835487368E2,5.983050346E0,8.049000740E0,-1.461000085E0
3.835511804E2,5.125050068E0,7.045950413E0,-7.279500365E-1
3.835536241E2,5.086950302E0,8.076000214E0,-6.063000202E0
3.835560676E2,4.429050446E0,1.120995045E1,-4.846950054E0
3.835585112E2,2.001000166E0,1.112400055E1,-3.838950157E0
3.835609549E2,4.330500066E-1,9.085950851E0,-7.240500450E-1
3.835633983E2,4.639500082E-1,7.140000343E0,1.666950107E0
3.835658420E2,1.090500057E-1,8.866050720E0,-7.000500560E-1
3.835682856E2,-7.200000435E-2,8.908950806E0,3.360000253E-1
3.835707293E2,4.609500170E-1,7.827000141E0,2.388000011E0
3.835731730E2,3.852000237E0,1.017600060E1,9.420000315E-1
3.835756165E2,5.793000221E0,9.436050415E0,-6.180000305E0
3.835780602E2,7.948050499E0,8.674050331E0,-9.247050285E0
3.835805038E2,4.963050365E0,1.024305058E1,-9.202050209E0
3.835829475E2,3.021000147E0,1.034805012E1,-4.951950073E0
3.835853909E2,4.539000034E0,9.088950157E0,-1.497000098E0
3.835878346E2,6.258000374E0,6.730050087E0,-3.553950071E0
3.835902782E2,5.404950142E0,5.320050240E0,-4.741050243E0
3.835927219E2,4.012050152E0,5.602950096E0,-1.948950052E0
3.835951654E2,4.903050423E0,7.393050194E0,-6.709500551E-1
3.835976090E2,6.331950188E0,8.203050613E0,-1.803000093E0
3.836000527E2,4.239000320E0,9.556050301E0,-2.317950010E0
3.836024961E2,2.947050095E0,9.721050262E0,-3.297000170E0
3.836049398E2,3.586050272E0,1.150005054E1,-4.328999996E0
3.836073835E2,3.901950121E0,1.208595085E1,-6.039000511E0
3.836098271E2,2.611050129E0,1.140600014E1,-4.839000225E0
3.836122708E2,8.800500631E-1,9.370950699E0,-8.100000620E-1
3.836147143E2,-1.939500123E-1,8.229000092E0,3.259950161E0
3.836171580E2,6.409500241E-1,8.478000641E0,1.975950122E0
3.836196016E2,5.656950474E0,8.083050728E0,-2.032950163E0
3.836220453E2,5.932050228E0,8.482950211E0,-5.610000134E0
3.836244888E2,3.406050205E0,8.571000099E0,-4.678950310E0
3.836269325E2,1.596000075E0,9.450000763E0,-1.738950133E0
3.836293761E2,1.291950107E0,1.008705044E1,-2.610000074E-1
3.836318196E2,1.912050128E0,1.103805065E1,-1.569000125E0
3.836342633E2,1.657950044E0,1.075995064E1,-1.638000131E0
3.836367070E2,3.490050077E0,9.097949982E0,-3.111000061E0
3.836391506E2,5.077050209E0,7.759950161E0,-5.056950092E0
3.836415943E2,4.110000134E0,5.983050346E0,-4.144950390E0
3.836440377E2,3.094950199E0,7.345950127E0,-2.062050104E0
3.836464814E2,4.282950401E0,7.558950424E0,-1.435050011E0
3.836489250E2,3.957000256E0,7.930050373E0,-1.175999999E0
3.836513687E2,2.092050076E0,8.983050346E0,-8.599500656E-1
3.836538122E2,2.499000072E0,8.230950356E0,-1.192950010E0
3.836562559E2,3.196050167E0,9.928950310E0,-1.981050134E0
3.836586995E2,2.281050205E0,9.759000778E0,-2.301000118E0
3.836611432E2,5.239500403E-1,9.598950386E0,-2.388000011E0
3.836635867E2,-2.130000144E-1,7.981950283E0,4.650000334E-1
3.836660303E2,5.740500093E-1,7.848000526E0,4.905000329E-2
3.836684740E2,1.141050100E0,1.114305019E1,-1.390500069E-1
3.836709174E2,1.668000102E0,1.004400063E1,1.038000107E0
3.836733611E2,2.560950041E0,9.205950737E0,-1.108950019E0
3.836758048E2,1.951050043E0,9.727950096E0,-3.690000057E0
3.836782484E2,1.524000049E0,9.196050644E0,-3.159000158E0
3.836806921E2,1.633950114E0,9.574950218E0,-2.446950197E0
3.836831356E2,2.599050045E0,7.852950573E0,-1.969050050E0
3.836855793E2,3.871050119E0,7.123050213E0,-1.842000127E0
3.836880229E2,5.049000263E0,6.958050251E0,-2.874000072E0
3.836904666E2,3.451950073E0,5.215050220E0,-2.869050026E0
3.836929100E2,1.873950124E0,6.691950321E0,-4.980000257E-1
3.836953537E2,2.086950064E0,8.212050438E0,1.488000035E0
3.836977973E2,4.275000095E0,1.002705002E1,1.200000048E0
3.837002410E2,3.463950157E0,1.003695011E1,-1.060500070E-1
3.837026845E2,2.370000124E0,1.022400093E1,-1.411050081E0
3.837051282E2,2.226000071E0,1.051305008E1,-1.969050050E0
3.837075718E2,4.102950096E0,1.150395012E1,-4.035000324E0
3.837100155E2,3.660000086E0,1.170300102E1,-5.548050404E0
3.837124590E2,1.693950057E0,9.782999992E0,-4.995000362E0
3.837149026E2,-3.060000241E-1,7.360050201E0,-1.969500035E-1
3.837173462E2,-5.670000315E-1,6.040950298E0,2.505000114E0
3.837197899E2,1.552950025E0,7.156050205E0,1.717950106E0
3.837222334E2,5.158950329E0,7.513050556E0,-1.657050133E0
3.837246771E2,4.705950260E0,6.115050316E0,-3.112950087E0
3.837271208E2,3.400950193E0,6.499950409E0,-3.015000105E0
3.837295644E2,2.641950130E0,8.133000374E0,-1.990050077E0
3.837320081E2,2.740950108E0,9.960000038E0,-2.052000046E0
3.837344515E2,2.293050051E0,1.055205059E1,-1.624050021E0
3.837368951E2,1.669950128E0,1.008195019E1,-6.570000052E-1
3.837393388E2,2.785950184E0,8.992950439E0,-2.332950115E0
3.837417823E2,3.583050251E0,6.037950516E0,-4.147050381E0
3.837442260E2,3.448950052E0,4.996950150E0,-4.957050323E0
3.837466696E2,5.350050449E0,5.538000107E0,-4.645050049E0
3.837491133E2,6.531000137E0,6.028950214E0,-5.305950165E0
3.837515568E2,5.422050476E0,5.653050423E0,-5.464050293E0
3.837540005E2,4.666050434E0,6.285000324E0,-3.979950190E0
3.837564441E2,4.038000107E0,7.237950325E0,-2.602950096E0
3.837588878E2,4.045950413E0,8.740950584E0,-3.124950171E0
3.837613315E2,3.319950104E0,8.398950577E0,-3.490950108E0
3.837637749E2,1.278000116E0,7.099050522E0,-1.984950066E0
3.837662186E2,3.490500152E-1,5.847000122E0,6.709500551E-1
3.837686620E2,8.560500145E-1,6.268050194E0,1.011000037E0
3.837711057E2,3.073050261E0,7.099050522E0,-9.079500437E-1
3.837735494E2,4.905000210E0,5.832000256E0,-4.200000286E0
3.837759930E2,4.444950104E0,7.108950138E0,-5.425950050E0
3.837784367E2,2.965950251E0,7.920000553E0,-4.629000187E0
3.837808802E2,1.876050115E0,9.031050682E0,-2.911950111E0
3.837833238E2,2.106000185E0,9.711000443E0,-1.075950027E0
3.837857675E2,3.859050274E0,9.462000847E0,-2.871000051E0
3.837882112E2,5.458050251E0,9.131999969E0,-3.544050217E0
3.837906546E2,6.295950413E0,7.932000160E0,-5.284950256E0
3.837930983E2,5.065050125E0,6.370950222E0,-6.232950211E0
3.837955420E2,2.568000078E0,7.398000240E0,-3.952950239E0
3.837979856E2,1.728000045E0,8.325000763E0,-3.640500307E-1
3.838004293E2,3.844050169E0,8.466000557E0,-2.700000070E-2
3.838028728E2,5.367000103E0,9.565050125E0,-1.408050060E0
3.838053164E2,4.021950245E0,9.864000320E0,-1.588050127E0
3.838077601E2,2.515950203E0,1.085295010E1,-1.822950125E0
3.838102035E2,2.122950077E0,1.253400040E1,-2.557950020E0
3.838126472E2,1.930950046E0,1.243305016E1,-3.726000071E0
3.838150908E2,9.040500522E-1,1.141605091E1,-2.923950195E0
3.838175345E2,9.000000544E-3,1.019205093E1,2.623050213E0
3.838199780E2,-5.290500522E-1,8.418000221E0,7.530000210E-1
3.838224217E2,-2.029500157E-1,9.193950653E0,3.840000033E-1
3.838248653E2,8.950500488E-1,9.888000488E0,8.200500607E-1
3.838273090E2,1.833000064E0,1.013700008E1,4.530000091E-1
3.838297525E2,2.334000111E0,1.109505081E1,3.670500219E-1
3.838321961E2,2.614050150E0,1.120800018E1,5.590500236E-1
3.838346398E2,2.632950068E0,1.134195042E1,-1.054050088E0
3.838370835E2,2.428950071E0,1.100205040E1,3.000000026E-3
3.838395269E2,3.937950134E0,9.939000130E0,5.299500227E-1
3.838419706E2,4.113000393E0,9.378000259E0,-7.159050465E0
3.838444142E2,4.333050251E0,6.658050537E0,-8.992950439E0
3.838468579E2,2.179949999E0,5.950050354E0,-7.225950241E0
3.838493016E2,9.430500269E-1,6.607950211E0,-1.308000088E0
3.838517451E2,1.981950045E0,7.065000534E0,2.436000109E0
3.838541888E2,3.792000294E0,7.800000191E0,2.452950001E0
3.838566324E2,3.841950178E0,7.671000481E0,6.469500065E-1
3.838590761E2,3.339000225E0,7.366950512E0,4.080000222E-1
3.838615195E2,3.069000244E0,8.341950417E0,1.323000073E0
3.838639632E2,2.829000235E0,9.910050392E0,-3.480000198E-1
3.838664068E2,1.270950079E0,1.021905041E1,-2.160000086E0
3.838688505E2,-1.254000068E0,7.540050507E0,-1.267050028E0
3.838712940E2,-3.211050034E0,6.654000282E0,1.335000038E0
3.838737377E2,-2.602050066E0,4.426949978E0,1.476000071E0
3.838761813E2,-1.348050117E0,4.267050266E0,8.130000234E-1
3.838786248E2,1.017000079E0,4.522950172E0,-2.518950224E0
3.838810684E2,4.441050053E0,4.285950184E0,-5.299050331E0
3.838835121E2,4.052999973E0,4.705049992E0,-5.340000153E0
3.838859557E2,9.829500318E-1,5.467950344E0,-2.269950151E0
3.838883994E2,-8.899500370E-1,7.063050270E0,1.177050114E0
3.838908429E2,-7.420500517E-1,7.257000446E0,2.254050016E0
3.838932866E2,3.054000139E0,6.904950142E0,1.780500114E-1
3.838957302E2,6.703050137E0,6.144000053E0,-5.196000099E0
3.838981739E2,5.224050045E0,3.949950218E0,-7.429950237E0
3.839006174E2,3.634050131E0,4.314000130E0,-8.946000099E0
3.839030611E2,4.342050076E0,4.233000278E0,-9.226050377E0
3.839055047E2,5.997000217E0,4.720950127E0,-9.196950912E0
3.839079484E2,6.186000347E0,4.069950104E0,-8.455050468E0
3.839103918E2,3.301050186E0,3.048000097E0,-6.883950233E0
3.839128355E2,3.586050272E0,3.144000053E0,-1.963950038E0
3.839152791E2,6.331950188E0,2.965950251E0,8.370000124E-1
3.839177228E2,7.771050453E0,3.115050077E0,2.223000050E0
3.839201663E2,6.184050083E0,3.490500152E-1,1.059000015E0
3.839226100E2,5.659050465E0,-1.693950057E0,-3.807000160E0
3.839250536E2,6.787050247E0,-2.434050083E0,-1.001295090E1
3.839274973E2,1.212600040E1,-2.761950016E0,-1.277400017E1
3.839299408E2,1.581105042E1,-2.821950197E0,-1.313805103E1
3.839323844E2,1.562700081E1,-3.175950050E0,-1.738095093E1
3.839348281E2,1.120005035E1,7.090500593E-1,-1.965795135E1
3.839372718E2,8.049000740E0,4.336050034E0,-2.180805016E1
3.839397152E2,5.959050179E0,7.081950188E0,-2.264595032E1
3.839421589E2,4.423950195E0,6.771000385E0,-1.887900162E1
3.839446025E2,5.299950123E0,4.444050312E0,-1.370505047E1
3.839470460E2,5.614050388E0,4.915050030E0,-8.806950569E0
3.839494897E2,4.627050400E0,5.253000259E0,-3.241950035E0
3.839519333E2,3.990000248E0,6.265950203E0,-2.700000070E-2
3.839543770E2,5.098950386E0,5.739000320E0,-2.299500108E-1
3.839568207E2,5.295000076E0,6.819000244E0,-7.140000463E-1
3.839592642E2,6.981000423E0,7.698000431E0,-3.478950262E0
3.839617078E2,7.192050457E0,6.940950394E0,-6.703950405E0
3.839641515E2,7.330050468E0,6.799950123E0,-8.682000160E0
3.839665952E2,8.796000481E0,6.322950363E0,-9.297000885E0
3.839690386E2,7.963050365E0,5.928000450E0,-8.590950012E0
3.839714823E2,6.337050438E0,5.049000263E0,-4.839000225E0
3.839739259E2,3.418050051E0,3.927000284E0,-1.369950056E0
3.839763696E2,1.476000071E0,4.137000084E0,-1.411050081E0
3.839788133E2,1.903050065E0,4.159049988E0,7.740000486E-1
3.839812568E2,2.422049999E0,3.100950241E0,3.882000208E0
3.839837004E2,3.271950245E0,4.470000267E0,2.203950167E0
3.839861441E2,2.860050201E0,1.088700008E1,2.587050200E0
3.839885875E2,1.327950120E0,9.723000526E0,2.629950047E0
3.839910312E2,1.618050098E0,7.908000469E0,-1.257000089E0
3.839934749E2,4.881000042E0,9.274950027E0,-5.779950142E0
3.839959185E2,4.960050106E0,9.229950905E0,-7.084950447E0
3.839983620E2,3.706050158E0,8.185950279E0,-5.827950478E0
3.840008057E2,4.527000427E0,6.888000488E0,-5.176950455E0
3.840032493E2,5.748000145E0,6.180000305E0,-6.316950321E0
3.840056930E2,6.255000114E0,4.918050289E0,-5.526000500E0
3.840081365E2,6.913950443E0,5.428050041E0,-4.353000164E0
3.840105802E2,8.334000587E0,7.743000507E0,-2.787000179E0
3.840130238E2,8.695050240E0,1.038405037E1,-2.349000216E0
3.840154675E2,6.412950516E0,1.131300068E1,-3.060000181E0
3.840179109E2,6.042000294E0,1.267500019E1,-5.814000130E0
3.840203546E2,6.385050297E0,1.421505070E1,-8.725049973E0
3.840227982E2,5.817000389E0,1.403805065E1,-9.862950325E0
3.840252419E2,4.294950008E0,1.297005081E1,-8.401950836E0
3.840276854E2,2.110949993E0,1.085100079E1,-5.899950504E0
3.840301291E2,1.435950041E0,9.055050850E0,-2.437950134E0
3.840325727E2,2.937000036E0,8.065950394E0,-7.069500089E-1
3.840350164E2,6.483000278E0,7.153950214E0,-1.642950058E0
3.840374599E2,7.812000275E0,9.663000107E0,-4.152000427E0
3.840399035E2,6.199950218E0,1.116705036E1,-6.106050491E0
3.840423472E2,5.949000359E0,1.277100086E1,-7.135050297E0
3.840447909E2,4.371000290E0,1.418595028E1,-6.766950130E0
3.840472345E2,3.148050070E0,1.557195091E1,-6.597000122E0
3.840496780E2,3.864000082E0,1.560300064E1,-3.999000072E0
3.840521216E2,4.828050137E0,1.367100048E1,-4.056000233E0
3.840545653E2,7.053000450E0,1.316595078E1,-5.799000263E0
3.840570088E2,7.819050312E0,1.176105022E1,-7.794000149E0
3.840594525E2,6.334050179E0,1.065705013E1,-7.236000538E0
3.840618961E2,3.937950134E0,1.200195026E1,-4.369950294E0
3.840643398E2,4.836000443E0,1.351995087E1,-9.130500555E-1
3.840667835E2,5.200050354E0,1.589595032E1,-2.457000017E0
3.840692270E2,4.273050308E0,1.547700119E1,-1.183050036E0
3.840716706E2,3.892050266E0,1.615695000E1,-2.548050165E0
3.840741143E2,4.213050365E0,1.573005104E1,-3.573000193E0
3.840765580E2,4.848000050E0,1.689405060E1,-5.905050278E0
3.840790014E2,4.444950104E0,1.537605095E1,-5.923950195E0
3.840814451E2,2.523000002E0,1.438200092E1,-1.588050127E0
3.840838887E2,1.579050064E0,1.314000034E1,2.589000225E0
3.840863322E2,1.138950109E0,1.242600060E1,1.900500059E-1
3.840887759E2,7.609500289E-1,1.268505096E1,-7.005000114E-2
3.840912195E2,1.558050036E0,1.282395077E1,1.785000086E0
3.840936632E2,2.415000200E0,1.222305012E1,1.800000072E-1
3.840961067E2,5.665950298E0,1.229895020E1,1.110000089E-1
3.840985504E2,5.307000160E0,1.175595093E1,-5.986050129E0
3.841009940E2,4.150950432E0,1.171005058E1,-6.610950470E0
3.841034376E2,2.941950083E0,1.164300060E1,-4.629000187E0
3.841058813E2,3.190950155E0,1.065705013E1,-3.666000128E0
3.841083248E2,5.133000374E0,9.340050697E0,-3.276000261E0
3.841107685E2,7.302000523E0,7.710000515E0,-5.823000431E0
3.841132121E2,6.150000095E0,5.974050522E0,-6.700050354E0
3.841156558E2,4.266000271E0,5.653050423E0,-3.340950251E0
3.841180993E2,3.957000256E0,6.547950268E0,-3.600000143E-1
3.841205430E2,6.217050076E0,6.418950081E0,3.000000026E-3
3.841229866E2,6.390000343E0,7.585050583E0,-1.339050055E0
3.841254303E2,4.522050381E0,7.984950542E0,-2.905050039E0
3.841278737E2,3.519000053E0,8.722050667E0,-2.989050150E0
3.841303174E2,3.343950272E0,9.025950432E0,-4.167000294E0
3.841327611E2,2.710050106E0,8.854050636E0,-4.806000233E0
3.841352045E2,1.303950071E0,7.891050339E0,-3.343050241E0
3.841376482E2,1.050000042E-1,5.361000061E0,8.340000510E-1
3.841400919E2,8.710500598E-1,4.630050182E0,3.169050217E0
3.841425355E2,3.054000139E0,5.185950279E0,2.038050175E0
3.841449792E2,5.335950375E0,5.254950047E0,-3.520500064E-1
3.841474227E2,4.383000374E0,6.760950089E0,-3.241950035E0
3.841498664E2,1.909950137E0,8.515950203E0,-4.897050381E0
3.841523100E2,8.400000334E-1,8.928000450E0,-3.783000231E0
3.841547537E2,3.220500052E-1,9.354000092E0,-2.947950125E0
3.841571972E2,4.420500100E-1,9.273000717E0,-3.135000229E0
3.841596408E2,1.608000040E0,7.042050362E0,-3.369000196E0
3.841620845E2,4.126950264E0,5.227050304E0,-3.634950161E0
3.841645279E2,5.422050476E0,3.915000200E0,-3.171000242E0
3.841669716E2,3.709950209E0,2.281949997E0,-2.917050123E0
3.841694152E2,3.757950068E0,4.465050220E0,3.390000165E-1
3.841718589E2,5.410050392E0,4.768950462E0,1.591050029E0
3.841743024E2,6.865950108E0,6.322950363E0,-2.220000029E0
3.841767461E2,4.165050030E0,6.948000431E0,-2.905050039E0
3.841791898E2,2.077050209E0,7.458000183E0,-4.866000175E0
3.841816334E2,1.837950110E0,8.350950241E0,-4.777050018E0
3.841840771E2,2.331000090E0,8.326950073E0,-4.360050201E0
3.841865206E2,2.029950142E0,7.597050190E0,-3.372000217E0
3.841889642E2,8.010000587E-1,6.069000244E0,-9.220500588E-1
3.841914079E2,-5.070000291E-1,4.627950191E0,1.912050128E0
3.841938516E2,-5.269500017E-1,4.125000000E0,1.762950063E0
3.841962950E2,1.548000097E0,5.722050190E0,2.760000229E-1
3.841987387E2,5.572950363E0,7.911000252E0,-1.348050117E0
3.842011823E2,4.101000309E0,7.753050327E0,-5.008950233E0
3.842036260E2,1.657950044E0,7.687950134E0,-3.952950239E0
3.842060695E2,1.021950006E0,8.491950035E0,-2.380050182E0
3.842085132E2,2.841000080E0,8.350950241E0,-2.929050207E0
3.842109568E2,4.990950108E0,7.366950512E0,-5.155050278E0
3.842134005E2,5.518050194E0,6.013950348E0,-6.022050381E0
3.842158440E2,5.824050426E0,4.707000256E0,-6.463050365E0
3.842182876E2,6.366000175E0,3.007050037E0,-7.288950443E0
3.842207313E2,4.338000298E0,4.188000202E0,-6.348000526E0
3.842231750E2,2.587050200E0,4.717050076E0,-1.867950082E0
3.842256184E2,3.753000259E0,5.803950310E0,3.195000067E-2
3.842280621E2,5.734050274E0,5.466000080E0,-5.340000391E-1
3.842305058E2,5.463000298E0,5.928000450E0,-3.175050259E0
3.842329495E2,4.227000237E0,6.019050121E0,-5.506950378E0
3.842353929E2,5.005950451E0,6.769050121E0,-7.522950172E0
3.842378366E2,5.556000233E0,6.673050404E0,-8.194050789E0
3.842402802E2,3.864000082E0,5.659950256E0,-7.942050457E0
3.842427239E2,1.981950045E0,4.456050396E0,-6.123000145E0
3.842451674E2,1.669950128E0,4.135050297E0,-1.389000058E0
3.842476111E2,3.636000156E0,4.228050232E0,4.203000069E0
3.842500547E2,4.864050388E0,4.164000034E0,3.741000175E0
3.842524984E2,5.367000103E0,4.401000023E0,8.050500154E-1
3.842549421E2,5.386050224E0,5.782050133E0,-2.950050116E0
3.842573855E2,4.572000027E0,7.365000248E0,-6.678000450E0
3.842598292E2,3.100050211E0,8.068950653E0,-8.074049950E0
3.842622728E2,1.807050109E0,8.763000488E0,-6.148950100E0
3.842647163E2,1.843050122E0,8.449049950E0,-4.291050434E0
3.842671600E2,3.649950266E0,7.767000198E0,-3.400050163E0
3.842696036E2,6.451950073E0,7.177950382E0,-4.003950119E0
3.842720473E2,6.118950367E0,5.542950153E0,-5.263050079E0
3.842744907E2,4.017000198E0,4.843950272E0,-4.753050327E0
3.842769344E2,2.973000050E0,6.067050457E0,-1.255050063E0
3.842793781E2,4.759050369E0,6.346950531E0,-4.240500331E-1
3.842818217E2,7.066950321E0,6.939000130E0,-2.862000227E0
3.842842652E2,5.779050350E0,7.326000214E0,-4.875000000E0
3.842867089E2,4.705950260E0,7.915050507E0,-4.708050251E0
3.842891525E2,4.528950214E0,8.995050430E0,-3.823950291E0
3.842915962E2,5.274000168E0,9.490950584E0,-4.351050377E0
3.842940399E2,4.062000275E0,8.926050186E0,-4.525950432E0
3.842964833E2,1.171950102E0,7.834050179E0,-2.830950022E0
3.842989270E2,5.980500579E-1,5.473050117E0,1.102050066E0
3.843013706E2,1.558050036E0,4.750050068E0,2.042999983E0
3.843038141E2,6.457050323E0,5.526000500E0,-7.260000110E-1
3.843062578E2,8.508000374E0,6.262950420E0,-4.693050385E0
3.843087014E2,6.567000389E0,6.304050446E0,-5.740050316E0
3.843111451E2,4.503000259E0,7.408050537E0,-4.328999996E0
3.843135886E2,2.659050226E0,8.860950470E0,-4.870050430E0
3.843160323E2,3.595050097E0,1.017300034E1,-1.432050109E0
3.843184759E2,3.696000099E0,7.840950489E0,-1.189950109E0
3.843209196E2,4.984050274E0,7.291050434E0,-2.898000240E0
3.843233630E2,7.156050205E0,6.084000111E0,-4.427999973E0
3.843258067E2,7.120050430E0,4.575000286E0,-6.561000347E0
3.843282504E2,4.639050007E0,5.289000034E0,-5.239050388E0
3.843306940E2,2.994000196E0,6.570000172E0,2.980500162E-1
3.843331377E2,5.929950237E0,7.855950356E0,1.143000007E0
3.843355812E2,7.936050415E0,7.444050312E0,-2.280000210E0
3.843380248E2,6.631050110E0,9.402000427E0,-5.911950111E0
3.843404685E2,5.002950191E0,1.008195019E1,-8.347050667E0
3.843429119E2,4.375950336E0,1.037700081E1,-7.995000362E0
3.843453556E2,3.897000074E0,9.900000572E0,-6.496050358E0
3.843477992E2,2.812050104E0,9.157950401E0,-3.408000231E0
3.843502429E2,1.560000062E0,8.041950226E0,1.469999999E-1
3.843526864E2,1.347000122E0,6.910050392E0,2.332950115E0
3.843551301E2,2.791050196E0,6.682050228E0,1.521000028E0
3.843575737E2,5.920050144E0,7.300050259E0,-2.533950090E0
3.843600174E2,7.117050171E0,8.464050293E0,-5.854950428E0
3.843624609E2,5.149050236E0,1.025700092E1,-7.873050213E0
3.843649045E2,2.829000235E0,1.242900085E1,-5.770950317E0
3.843673482E2,2.037000179E0,1.306605053E1,-1.296000004E0
3.843697919E2,1.672950029E0,1.242405033E1,9.079500437E-1
3.843722355E2,3.265050173E0,1.257705021E1,-1.009500027E-1
3.843746790E2,5.572950363E0,1.046295071E1,-3.598950148E0
3.843771226E2,7.462050438E0,9.730050087E0,-7.935000420E0
3.843795663E2,5.665950298E0,7.258950233E0,-8.364000320E0
3.843820100E2,3.210000038E0,8.358000755E0,-5.208000183E0
3.843844535E2,3.471000195E0,9.718050003E0,-6.450000405E-1
3.843868972E2,5.386050224E0,1.081305027E1,-8.400000632E-2
3.843893408E2,6.102000237E0,1.240695095E1,-2.445000172E0
3.843917845E2,4.906949997E0,1.204995060E1,-5.196000099E0
3.843942280E2,4.287000179E0,1.255995083E1,-6.040950298E0
3.843966717E2,5.053950310E0,1.297200108E1,-7.890000343E0
3.843991153E2,4.435950279E0,1.353495026E1,-6.099000454E0
3.844015589E2,2.559000015E0,1.264905071E1,-3.405000210E0
3.844040024E2,1.588950038E0,1.086495018E1,1.054050088E0
3.844064461E2,1.171950102E0,9.213000298E0,3.493950129E0
3.844088897E2,9.589500427E-1,9.627000809E0,3.130050182E0
3.844113334E2,2.583000183E0,1.078905010E1,9.870000482E-1
3.844137768E2,4.797000408E0,1.108500099E1,-4.072950363E0
3.844162205E2,4.386000156E0,1.138200092E1,-7.212000370E0
3.844186641E2,3.045000076E0,1.218405056E1,-6.597000122E0
3.844211078E2,2.911050081E0,1.303005028E1,-5.313000202E0
3.844235513E2,2.403000116E0,1.351800060E1,-2.742000103E0
3.844259950E2,2.836050034E0,1.302705097E1,-1.842000127E0
3.844284386E2,4.065000057E0,1.060200024E1,-1.566000104E0
3.844308823E2,6.390000343E0,9.217950821E0,-4.332000256E0
3.844333258E2,5.631000042E0,8.452050209E0,-6.693000317E0
3.844357695E2,3.859050274E0,7.807950497E0,-3.975000143E0
3.844382131E2,3.424950123E0,8.554950714E0,-2.115000010E0
3.844406568E2,4.603050232E0,9.466950417E0,-1.720050097E0
3.844431002E2,5.367000103E0,9.840000153E0,-3.481950283E0
3.844455439E2,5.293050289E0,9.673050880E0,-5.031000137E0
3.844479876E2,4.768950462E0,1.006995010E1,-4.126049995E0
3.844504312E2,4.321050167E0,1.041705036E1,-3.778950214E0
3.844528749E2,3.748950243E0,1.041495037E1,-3.855000257E0
3.844553184E2,1.690050125E0,8.811000824E0,-2.716050148E0
3.844577620E2,9.619500637E-1,7.180050373E0,1.129500046E-1
3.844602057E2,1.041000009E0,6.559950352E0,1.774950027E0
3.844626491E2,2.665950060E0,6.619950294E0,1.192950010E0
3.844650928E2,4.900050163E0,6.441000462E0,-2.971950054E0
3.844675364E2,5.238000393E0,7.894050598E0,-5.395050049E0
3.844699801E2,3.229050159E0,1.003395081E1,-6.408000469E0
3.844724238E2,1.002000093E0,1.025505066E1,-4.114050388E0
3.844748673E2,8.749500513E-1,1.110000038E1,-1.807950139E0
3.844773110E2,2.287950039E0,1.034295082E1,-1.368000031E0
3.844797546E2,4.498050213E0,8.842050552E0,-3.295050144E0
3.844821983E2,6.466050148E0,7.441050529E0,-5.695950508E0
3.844846418E2,6.528000355E0,5.152050018E0,-7.083000183E0
3.844870854E2,4.050000191E0,5.193000317E0,-5.335050106E0
3.844895291E2,3.231000185E0,6.510000229E0,-1.321950078E0
3.844919728E2,5.142000198E0,7.657050133E0,-2.020500153E-1
3.844944162E2,6.435000420E0,8.413050652E0,-1.638000131E0
3.844968598E2,4.828050137E0,8.703000069E0,-4.035000324E0
3.844993035E2,3.733950138E0,8.578950882E0,-5.605950356E0
3.845017470E2,4.126950264E0,9.145950317E0,-6.099000454E0
3.845041907E2,4.371000290E0,8.770050049E0,-5.758950233E0
3.845066343E2,3.030000210E0,8.433000565E0,-4.261950016E0
3.845090780E2,1.014000058E0,6.931050301E0,-6.450000405E-1
3.845115217E2,1.129050016E0,5.716950417E0,2.215950012E0
3.845139651E2,2.287950039E0,5.631000042E0,3.136950254E0
3.845164088E2,3.801000118E0,6.253950119E0,1.087950110E0
3.845188524E2,4.761000156E0,7.099050522E0,-2.710950136E0
3.845212962E2,3.756000280E0,7.863000393E0,-4.858050346E0
3.845237396E2,2.056050062E0,8.446949959E0,-5.112000465E0
3.845261833E2,1.429050088E0,8.968950272E0,-3.537000179E0
3.845286269E2,1.696950078E0,9.172050476E0,-1.915950060E0
3.845310706E2,3.247950077E0,8.320050240E0,-2.254050016E0
3.845335143E2,5.317050457E0,7.185000420E0,-3.316950083E0
3.845359578E2,6.639000416E0,5.871000290E0,-4.545000076E0
3.845384014E2,5.307000160E0,4.647000313E0,-5.692050457E0
3.845408448E2,2.566050053E0,5.539950371E0,-2.938050032E0
3.845432885E2,2.358000040E0,6.226950169E0,1.071000099E0
3.845457321E2,4.777950287E0,7.288050175E0,1.381950021E0
3.845481758E2,6.295950413E0,7.603950500E0,-1.380000114E0
3.845506193E2,5.097000122E0,8.410950661E0,-5.008950233E0
3.845530630E2,4.029000282E0,8.842050552E0,-5.971950054E0
3.845555066E2,3.433050156E0,9.280050278E0,-5.340000153E0
3.845579503E2,3.318000078E0,9.487950325E0,-3.910050154E0
3.845603940E2,1.801950097E0,8.581050873E0,-2.731950045E0
3.845628374E2,2.670000196E-1,6.639000416E0,7.860000134E-1
3.845652811E2,2.530499995E-1,5.035050392E0,3.226050138E0
3.845677247E2,1.678050041E0,4.711950302E0,2.797050238E0
3.845701684E2,5.488950253E0,5.125950336E0,-1.795950055E0
3.845726121E2,6.093000412E0,5.545050144E0,-5.212950230E0
3.845750556E2,3.646050215E0,7.365000248E0,-6.292950153E0
3.845774992E2,2.098950148E0,8.248050690E0,-4.423050404E0
3.845799428E2,1.476000071E0,9.256050110E0,-2.590950012E0
3.845823865E2,2.674050093E0,8.785050392E0,-1.372050047E0
3.845848300E2,3.624000072E0,7.141950130E0,-1.267050028E0
3.845872736E2,5.254950047E0,5.740950108E0,-3.901050091E0
3.845897173E2,6.058950424E0,4.256999969E0,-6.586950302E0
3.845921608E2,4.852050304E0,2.289000034E0,-6.082050323E0
3.845946045E2,3.595050097E0,3.354000092E0,-2.170050144E0
3.845970481E2,4.620000362E0,5.286000252E0,1.500000119E0
3.845994918E2,6.970950127E0,5.977950096E0,3.940500319E-1
3.846019352E2,7.038000107E0,7.006050110E0,-1.996950150E0
3.846043789E2,4.656000137E0,8.181000710E0,-4.099050045E0
3.846068226E2,3.427950144E0,8.992950439E0,-6.859950542E0
3.846092663E2,3.222000122E0,8.947050095E0,-8.289000511E0
3.846117099E2,3.436950207E0,8.281949997E0,-7.297950268E0
3.846141534E2,1.266000032E0,6.153000355E0,-3.441000223E0
3.846165970E2,3.030000031E-1,4.267050266E0,2.127000093E0
3.846190407E2,1.648950100E0,4.072950363E0,4.396950245E0
3.846214844E2,5.178000450E0,4.135050297E0,2.067000151E0
3.846239279E2,7.491000175E0,3.802050114E0,-3.115050077E0
3.846263716E2,5.689950466E0,6.091050148E0,-5.608050346E0
3.846288152E2,3.184050083E0,7.165950298E0,-6.112950325E0
3.846312586E2,2.427000046E0,8.032950401E0,-4.650000095E0
3.846337023E2,2.355000019E0,8.598000526E0,-3.168000221E0
3.846361459E2,3.088050127E0,7.309950352E0,-2.385000229E0
3.846385896E2,4.921950340E0,5.152050018E0,-3.190050125E0
3.846410331E2,7.339950562E0,3.690000057E0,-4.483050346E0
3.846434768E2,7.204050541E0,2.385000229E0,-6.283050060E0
3.846459205E2,5.086950302E0,1.647000074E0,-5.359050274E0
3.846483641E2,4.393050194E0,4.300050259E0,-1.449000120E0
3.846508078E2,6.117000103E0,5.136000156E0,-9.289500713E-1
3.846532512E2,7.371000290E0,7.125000477E0,-1.530000091E0
3.846556949E2,4.965000153E0,7.200000286E0,-2.722950220E0
3.846581385E2,3.813000202E0,8.217000008E0,-5.842950344E0
3.846605822E2,4.323000431E0,8.526000023E0,-6.949050426E0
3.846630257E2,4.249050140E0,8.381999969E0,-5.530950069E0
3.846654694E2,2.808000088E0,7.762050152E0,-3.949050188E0
3.846679131E2,1.396950126E0,6.045000076E0,8.479500413E-1
3.846703567E2,1.327950120E0,5.595000267E0,3.517950058E0
3.846728002E2,3.235950232E0,6.250950336E0,1.600050092E0
3.846752439E2,8.227950096E0,7.342950344E0,-1.830000043E0
3.846776875E2,7.021950245E0,8.301000595E0,-7.284000397E0
3.846801312E2,5.080050468E0,1.006095028E1,-8.029050827E0
3.846825747E2,2.884050131E0,1.035000038E1,-6.757050514E0
3.846850183E2,1.599000096E0,1.150200081E1,-3.979950190E0
3.846874620E2,2.307000160E0,1.081005096E1,-3.340950251E0
3.846899056E2,3.483000278E0,9.055050850E0,-2.569950104E0
3.846923491E2,6.181050301E0,7.852950573E0,-2.758950233E0
3.846947928E2,6.580950260E0,6.165000439E0,-4.341000080E0
3.846972364E2,5.239950180E0,4.477050304E0,-4.528050423E0
3.846996801E2,3.658050060E0,6.595950127E0,-1.495050073E0
3.847021236E2,6.058950424E0,7.563000202E0,7.995000482E-2
3.847045673E2,7.692000389E0,9.084000587E0,-1.923000097E0
3.847070110E2,5.551950455E0,1.012500095E1,-4.711950302E0
3.847094546E2,4.207950115E0,9.948000908E0,-6.355050087E0
3.847118983E2,5.106000423E0,9.951000214E0,-6.577950478E0
3.847143417E2,5.797950268E0,1.009905052E1,-6.745050430E0
3.847167854E2,3.865950108E0,9.184050560E0,-4.971000195E0
3.847192290E2,1.096050024E0,6.912000179E0,-9.010500312E-1
3.847216727E2,1.333050013E0,5.089950085E0,3.457950115E0
3.847241162E2,3.579000235E0,5.655000210E0,2.926950216E0
3.847265599E2,7.330050468E0,6.141000271E0,-5.730000138E-1
3.847290035E2,6.853950500E0,7.504050255E0,-4.438950062E0
3.847314472E2,4.096050262E0,9.997950554E0,-4.288949966E0
3.847338907E2,1.915050149E0,1.131105042E1,-4.095000267E0
3.847363343E2,1.479000092E0,1.235205078E1,-3.123000145E0
3.847387780E2,1.732950091E0,1.226100063E1,-3.337950230E0
3.847412217E2,1.966950059E0,1.083600044E1,-2.353950024E0
3.847436651E2,2.911050081E0,9.268050194E0,-2.128950119E0
3.847461088E2,4.953000069E0,7.951050282E0,-3.505950212E0
3.847485524E2,5.889000416E0,5.269950390E0,-5.131050110E0
3.847509961E2,5.674050331E0,5.251050472E0,-3.769050121E0
3.847534396E2,7.314000130E0,7.585050583E0,-1.120950103E0
3.847558833E2,9.763050079E0,9.103050232E0,-3.529950142E0
3.847583269E2,8.488950729E0,1.056105042E1,-6.312000275E0
3.847607706E2,5.725950241E0,1.151400089E1,-8.269950867E0
3.847632140E2,4.729950428E0,1.175295067E1,-7.774950504E0
3.847656577E2,4.702050209E0,1.174605083E1,-6.961050510E0
3.847681014E2,3.615000248E0,1.052505016E1,-5.716050148E0
3.847705450E2,1.369050026E0,8.217000008E0,-2.328000069E0
3.847729887E2,9.349500537E-1,5.545050144E0,2.481000185E0
3.847754322E2,2.902950048E0,6.192000389E0,3.511050224E0
3.847778758E2,5.860050201E0,6.129000187E0,1.882950068E0
3.847803195E2,7.326000214E0,7.195050240E0,-1.734000087E0
3.847827632E2,5.026950359E0,1.033605003E1,-4.150050163E0
3.847852066E2,2.262000084E0,1.187100029E1,-4.126049995E0
3.847876503E2,9.349500537E-1,1.298205090E1,-3.976950169E0
3.847900940E2,1.624950051E0,1.358700085E1,-3.918000221E0
3.847925376E2,2.167950153E0,1.195005035E1,-3.178050041E0
3.847949811E2,2.974950075E0,9.418950081E0,-2.376000166E0
3.847974248E2,4.147950172E0,8.571000099E0,-3.463050127E0
3.847998684E2,5.082000256E0,6.579000473E0,-4.903950214E0
3.848023121E2,6.580950260E0,5.904000282E0,-5.412000179E0
3.848047556E2,7.378050327E0,8.145000458E0,-3.015000105E0
3.848071993E2,9.327000618E0,1.040805054E1,-3.103050232E0
3.848096429E2,7.933950424E0,1.226295090E1,-4.818000317E0
3.848120866E2,5.326050282E0,1.304205036E1,-6.015000343E0
3.848145300E2,4.861950397E0,1.271400070E1,-6.604050159E0
3.848169737E2,5.247000217E0,1.296000099E1,-6.408000469E0
3.848194174E2,4.522050381E0,1.188300037E1,-6.604050159E0
3.848218610E2,2.049000025E0,8.527950287E0,-4.660050392E0
3.848243045E2,1.480500102E-1,5.667000294E0,1.464000106E0
3.848267482E2,1.587000132E0,6.100950241E0,4.003950119E0
3.848291918E2,3.588000059E0,7.987050533E0,2.584050179E0
3.848316355E2,4.678050041E0,7.744950294E0,2.041050196E0
3.848340790E2,3.775050163E0,9.037950516E0,-1.770000100E0
3.848365227E2,2.223000050E0,1.090095043E1,-5.470950127E0
3.848389663E2,1.534050107E0,1.183200073E1,-6.091950417E0
3.848414100E2,9.859500527E-1,1.223700047E1,-5.119050026E0
3.848438535E2,8.400000334E-1,1.049205017E1,-3.372000217E0
3.848462971E2,2.197050095E0,8.299050331E0,-1.317000031E0
3.848487408E2,5.479950428E0,7.710000515E0,-2.377950191E0
3.848511844E2,6.460950375E0,4.855950356E0,-4.825050354E0
3.848536281E2,6.664950371E0,2.794050217E0,-4.474950314E0
3.848560716E2,8.416950226E0,6.129000187E0,-3.277950048E0
3.848585153E2,9.193050385E0,7.975050449E0,-4.636050224E0
3.848609589E2,7.174950123E0,9.613050461E0,-7.690950394E0
3.848634026E2,4.038000107E0,1.005795002E1,-7.171050549E0
3.848658461E2,4.170000076E0,1.027395058E1,-5.953050137E0
3.848682897E2,4.921950340E0,1.031400013E1,-5.479050159E0
3.848707333E2,3.619050264E0,9.060000420E0,-5.128950119E0
3.848731770E2,9.739500284E-1,6.919050217E0,-1.063950062E0
3.848756205E2,1.287000060E0,5.227050304E0,3.858000278E0
3.848780642E2,3.208050251E0,7.342950344E0,4.153050423E0
3.848805078E2,4.468950272E0,7.309950352E0,3.013050079E0
3.848829515E2,4.735050201E0,7.587000370E0,-1.240950108E0
3.848853950E2,3.562050104E0,1.053705025E1,-4.830000401E0
3.848878387E2,1.495950103E0,1.128900051E1,-5.682000160E0
3.848902823E2,1.036050081E0,1.237800026E1,-5.188950062E0
3.848927259E2,2.014950037E0,1.224195099E1,-4.899000168E0
3.848951694E2,1.843050122E0,1.070700073E1,-4.128000259E0
3.848976131E2,2.713950157E0,9.181950569E0,-3.786000252E0
3.849000567E2,2.869950056E0,6.615000248E0,-3.609000206E0
3.849025004E2,3.186000109E0,4.597050190E0,-3.168000221E0
3.849049439E2,7.354050159E0,6.163050175E0,-3.309000254E0
3.849073875E2,1.033995056E1,8.209950447E0,-4.678950310E0
3.849098312E2,9.973950386E0,8.989950180E0,-7.084950447E0
3.849122749E2,6.187950134E0,9.678000450E0,-7.672050476E0
3.849147183E2,4.342050076E0,1.006095028E1,-6.736050129E0
3.849171620E2,4.137000084E0,9.675000191E0,-6.052950382E0
3.849196057E2,3.829950094E0,8.824950218E0,-4.047000408E0
3.849220493E2,1.849950075E0,6.618000507E0,-1.369950056E0
3.849244930E2,-1.695000008E-2,3.541050196E0,3.031950235E0
3.849269365E2,1.876050115E0,3.838050127E0,5.266050339E0
3.849293802E2,5.829000473E0,5.707950115E0,2.694000244E0
3.849318238E2,6.564000130E0,5.752950191E0,6.400500536E-1
3.849342675E2,4.912050247E0,8.839950562E0,-2.317950010E0
3.849367109E2,1.704000115E0,1.073295021E1,-3.300000191E0
3.849391546E2,7.080000043E-1,1.167900085E1,-3.654000282E0
3.849415982E2,9.709500670E-1,1.270605087E1,-5.707950115E0
3.849440417E2,8.160000443E-1,1.035300064E1,-5.172000408E0
3.849464854E2,2.391000032E0,6.366000175E0,-3.283050060E0
3.849489291E2,1.776000142E0,4.803000450E0,-4.594950199E0
3.849513727E2,4.477050304E0,2.575950146E0,-4.305000305E0
3.849538164E2,7.126950264E0,3.571950197E0,-5.323050022E0
3.849562599E2,9.682050705E0,7.357950211E0,-5.752050400E0
3.849587035E2,9.676950455E0,1.042500019E1,-6.999000549E0
3.849611472E2,6.504000187E0,9.559950829E0,-5.899950504E0
3.849635908E2,5.013000011E0,1.326405048E1,-3.487050056E0
3.849660343E2,4.639050007E0,1.363095093E1,-1.365000010E0
3.849684780E2,3.217050076E0,1.343895054E1,-7.909500599E-1
3.849709216E2,1.171950102E0,1.047300053E1,4.605000094E-2
3.849733653E2,-1.870500147E-1,6.132000446E0,3.283050060E0
3.849758088E2,-2.539499998E-1,6.598950386E0,3.172950268E0
3.849782525E2,4.575000286E0,8.278950691E0,-1.003950000E0
3.849806961E2,6.648000240E0,8.920950890E0,-5.749050140E0
3.849831398E2,4.387950420E0,1.020405006E1,-5.056950092E0
3.849855835E2,1.747050047E0,1.350795078E1,-3.712050200E0
3.849880269E2,2.223000050E0,1.545000076E1,-1.477950096E0
3.849904706E2,2.239950180E0,1.657095146E1,-2.052000046E0
3.849929142E2,5.830500126E-1,1.391295052E1,-1.393950105E0
3.849953579E2,8.100000024E-2,1.005600071E1,-2.737050056E0
3.849978014E2,1.543950081E0,6.559950352E0,-3.874050140E0
3.850002450E2,2.415000200E0,4.377000332E0,-3.697050095E0
3.850026887E2,6.937950134E0,5.172000408E0,-6.907950401E0
3.850051321E2,1.205895042E1,6.112950325E0,-9.288000107E0
3.850075758E2,1.136505032E1,6.226950169E0,-1.296795082E1
3.850100195E2,7.041000366E0,8.072999954E0,-9.106050491E0
3.850124631E2,4.717950344E0,9.454950333E0,-2.742000103E0
3.850149068E2,3.664950132E0,1.124295044E1,1.725000024E0
3.850173503E2,5.119500160E-1,9.012000084E0,5.766000271E0
3.850197940E2,-3.730500042E-1,5.658000469E0,7.617000580E0
3.850222376E2,1.813950062E0,3.084000111E0,4.368000031E0
3.850246813E2,7.249050140E0,4.161000252E0,2.365950108E0
3.850271247E2,8.961000443E0,4.195050240E0,-6.099000454E0
3.850295684E2,5.985000134E0,5.191050053E0,-8.512050629E0
3.850320120E2,2.065050125E0,9.109950066E0,-3.688050270E0
3.850344557E2,-2.895000204E-2,1.105200100E1,-7.240500450E-1
3.850368992E2,6.910500526E-1,1.518000031E1,-2.470500171E-1
3.850393429E2,2.001000166E0,1.323600101E1,-1.681050062E0
3.850417865E2,2.109000206E0,1.031400013E1,-4.108950138E0
3.850442302E2,1.648950100E0,6.862050533E0,-4.495050430E0
3.850466739E2,1.048050046E0,4.561050415E0,-3.300000191E0
3.850491173E2,6.069000244E0,4.614000320E0,-5.871000290E0
3.850515610E2,1.008600044E1,5.212050438E0,-8.209950447E0
3.850540046E2,8.638050079E0,5.956950188E0,-9.879000664E0
3.850564483E2,6.612000465E0,7.872000217E0,-9.271050453E0
3.850588918E2,6.169050217E0,9.024000168E0,-7.516050339E0
3.850613355E2,3.732000113E0,1.277595043E1,-6.019950390E0
3.850637791E2,4.830000103E-1,1.138695049E1,-3.451050282E0
3.850662226E2,-2.073000193E0,9.061950684E0,3.274050236E0
3.850686663E2,-2.229000092E0,5.124000072E0,6.943950176E0
3.850711100E2,2.218950033E0,2.020950079E0,5.374050140E0
3.850735536E2,8.743050575E0,4.096950054E0,-6.850500107E-1
3.850759973E2,9.385050774E0,4.729050159E0,-5.091000080E0
3.850784407E2,4.242000103E0,5.533050060E0,-4.078050137E0
3.850808844E2,9.859500527E-1,7.765050411E0,1.545000076E0
3.850833281E2,-1.162950039E0,1.323300076E1,1.216950059E0
3.850857717E2,1.260000020E-1,1.252905083E1,-5.509500504E-1
3.850882152E2,1.309050083E0,1.072395039E1,-3.823950291E0
3.850906589E2,1.234950066E0,7.153950214E0,-4.473000050E0
3.850931025E2,9.949500561E-1,3.964950085E0,-3.393000126E0
3.850955462E2,4.951050282E0,4.075050354E0,-6.205950260E0
3.850979897E2,1.051995087E1,4.555950165E0,-8.657999992E0
3.851004334E2,8.916000366E0,7.267050266E0,-1.010400009E1
3.851028770E2,5.251950264E0,8.539950371E0,-9.714000702E0
3.851053207E2,6.150000095E0,9.096000671E0,-7.291050434E0
3.851077641E2,5.401050091E0,1.078395081E1,-7.858950138E0
3.851102078E2,8.080500364E-1,1.164300060E1,-6.831000328E0
3.851126515E2,-1.495950103E0,9.304050446E0,-2.340000153E0
3.851150951E2,-8.550000191E-1,4.525050163E0,4.615050316E0
3.851175388E2,5.037000179E0,2.796000242E0,5.377950191E0
3.851199823E2,1.140795040E1,3.322950125E0,-3.181950092E0
3.851224260E2,1.152795029E1,4.426949978E0,-5.055000305E0
3.851248696E2,4.861950397E0,5.586000443E0,-4.035000324E0
3.851273133E2,2.848050117E0,8.047050476E0,-9.900000691E-2
3.851297567E2,3.586050272E0,1.094205093E1,1.710000038E-1
3.851322004E2,1.684950113E0,1.218405056E1,-1.708050132E0
3.851346441E2,3.013950109E0,1.121205044E1,-6.001050472E0
3.851370878E2,3.634050131E0,7.662000179E0,-9.826950073E0
3.851395312E2,3.792000294E0,5.005950451E0,-7.815000534E0
3.851419749E2,7.243950367E0,4.422000408E0,-6.688050270E0
3.851444185E2,1.081695080E1,6.157950401E0,-6.444000244E0
3.851468622E2,9.628950119E0,9.306000710E0,-7.576050282E0
3.851493057E2,5.611050129E0,1.054905033E1,-4.902000427E0
3.851517494E2,7.431000233E0,9.711000443E0,-3.688050270E0
3.851541930E2,7.893000603E0,1.021395016E1,-7.351050377E0
3.851566367E2,3.708000183E0,1.036995029E1,-9.405000687E0
3.851590801E2,5.470499992E-1,8.230950356E0,-6.132000446E0
3.851615238E2,6.580500603E-1,4.980000019E0,-2.400000095E-1
3.851639675E2,4.966950417E0,4.530000210E0,1.744050026E0
3.851664111E2,1.028700066E1,5.518950462E0,-1.317000031E0
3.851688546E2,8.554050446E0,4.456050396E0,-2.707950115E0
3.851712983E2,3.718050241E0,6.598950386E0,-1.111050010E0
3.851737420E2,2.743050098E0,9.855000496E0,1.500000119E0
3.851761856E2,2.274000168E0,1.261305046E1,5.805000290E-2
3.851786293E2,1.927050114E0,1.161195087E1,-2.572050095E0
3.851810728E2,2.590050220E0,9.859950066E0,-6.381000519E0
3.851835165E2,9.640500546E-1,6.376050472E0,-5.376000404E0
3.851859601E2,1.170000076E0,4.228050232E0,-2.158050060E0
3.851884038E2,5.073000431E0,6.208050251E0,-3.111000061E0
3.851908472E2,9.769950867E0,8.348999977E0,-5.413950443E0
3.851932909E2,8.282999992E0,8.818050385E0,-9.118050575E0
3.851957346E2,4.447950363E0,9.012000084E0,-7.207050323E0
3.851981782E2,6.946950436E0,8.797050476E0,-6.417000294E0
3.852006217E2,6.861000538E0,9.019050598E0,-8.680050850E0
3.852030654E2,2.953950167E0,9.040950775E0,-8.218050003E0
3.852055090E2,1.669500023E-1,6.891000271E0,-2.689050198E0
3.852079527E2,2.230950117E0,3.910050154E0,1.453950047E0
3.852103962E2,7.728000164E0,3.649050236E0,-1.945050120E0
3.852128399E2,9.709950447E0,3.105000257E0,-6.028950214E0
3.852152835E2,6.591000080E0,4.939050198E0,-6.283050060E0
3.852177272E2,2.286000013E0,7.384050369E0,-2.305950165E0
3.852201706E2,6.960000396E-1,9.000000000E0,2.206050158E0
3.852226143E2,2.532000065E0,8.878050804E0,1.399050117E0
3.852250579E2,3.934950113E0,9.172050476E0,-2.731950045E0
3.852275016E2,4.405050278E0,7.726050377E0,-7.138050556E0
3.852299451E2,2.449050188E0,5.290950298E0,-7.711950302E0
3.852323888E2,2.628000021E0,3.787950277E0,-4.353000164E0
3.852348325E2,7.881000519E0,4.125000000E0,-5.293950081E0
3.852372761E2,8.620950699E0,6.133950233E0,-8.325000763E0
3.852397198E2,3.648000240E0,7.872000217E0,-6.661050320E0
3.852421632E2,5.311950207E0,7.747950554E0,-2.911950111E0
3.852446069E2,8.776950836E0,7.471950531E0,-5.002050400E0
3.852470505E2,5.133000374E0,8.977950096E0,-8.029050827E0
3.852494942E2,2.290500104E-1,8.008950233E0,-6.523050308E0
3.852519377E2,-3.250500262E-1,4.137000084E0,-2.584050179E0
3.852543814E2,4.189050198E0,4.099050045E0,-5.100000277E-2
3.852568250E2,9.993000031E0,3.687000275E0,-5.131050110E0
3.852592687E2,7.512000561E0,4.855950356E0,-5.220000267E0
3.852617124E2,2.464950085E0,7.305000305E0,-1.249950051E0
3.852641558E2,8.299500346E-1,8.047050476E0,2.934000254E0
3.852665995E2,1.050000042E-1,1.137495041E1,2.853000164E0
3.852690432E2,2.749500275E-1,1.158795071E1,8.959500194E-1
3.852714868E2,2.631000042E0,1.061895084E1,-2.932950258E0
3.852739303E2,1.393050075E0,9.232050896E0,-6.400050163E0
3.852763740E2,1.429050088E0,7.638000488E0,-3.429000139E0
3.852788176E2,3.124050140E0,8.072999954E0,-2.586000204E0
3.852812611E2,5.752950191E0,1.097505093E1,-4.152000427E0
3.852837047E2,8.233050346E0,1.284795094E1,-6.657000542E0
3.852861484E2,8.983050346E0,1.260300064E1,-7.690950394E0
3.852885921E2,9.787050247E0,1.306995106E1,-8.038050652E0
3.852910355E2,8.997000694E0,1.313505077E1,-8.160000801E0
3.852934792E2,3.544950247E0,1.440600109E1,-7.201950550E0
3.852959229E2,4.420500100E-1,1.155195045E1,-9.390000701E-1
3.852983665E2,-2.320500165E-1,9.397050858E0,1.999950051E0
3.853008102E2,3.343950272E0,9.793050766E0,-1.332000017E0
3.853032537E2,8.237999916E0,7.324050426E0,-8.095950127E0
3.853056974E2,6.181050301E0,6.639000416E0,-1.032000065E1
3.853081410E2,1.933950067E0,7.279050350E0,-3.963000298E0
3.853105847E2,2.785950184E0,9.156000137E0,3.481950283E0
3.853130282E2,3.724950075E0,1.299105072E1,2.938950062E0
3.853154718E2,1.390050054E0,1.230195045E1,3.693000078E0
3.853179155E2,7.095000148E-2,9.220050812E0,3.394050121E0
3.853203591E2,-6.180000305E-1,6.747000217E0,9.349500537E-1
3.853228028E2,1.009950042E0,6.325950146E0,2.091000080E0
3.853252463E2,7.819050312E0,7.410000324E0,-2.710950136E0
3.853276900E2,9.085950851E0,5.842050076E0,-1.047105026E1
3.853301336E2,5.923050404E0,8.293950081E0,-1.148295021E1
3.853325773E2,4.443000317E0,9.726000786E0,-5.574000359E0
3.853350208E2,6.715050220E0,9.943050385E0,-3.616050243E0
3.853374645E2,5.302950382E0,1.035495090E1,-4.171050072E0
3.853399081E2,3.390000165E-1,9.265950203E0,-2.325000048E0
3.853423518E2,-2.320500165E-1,6.529050350E0,8.389500380E-1
3.853447952E2,3.009000063E0,5.215050220E0,-6.400500536E-1
3.853472389E2,9.469050407E0,4.336050034E0,-7.818000317E0
3.853496825E2,7.960050583E0,3.982050180E0,-9.451050758E0
3.853521262E2,3.616950274E0,6.429000378E0,-6.478950500E0
3.853545697E2,2.947050095E0,8.368050575E0,-6.420000196E-1
3.853570134E2,2.857950211E0,1.139400101E1,1.192950010E0
3.853594570E2,1.615050077E0,9.847950935E0,9.000000358E-2
3.853619007E2,1.644000053E0,9.298950195E0,-1.717050076E0
3.853643441E2,7.219500542E-1,6.402000427E0,-4.866000175E0
3.853667878E2,2.262000084E0,4.573050022E0,-4.516050339E0
3.853692315E2,7.084050179E0,4.420050144E0,-5.632050037E0
3.853716751E2,8.788949966E0,4.390950203E0,-8.649000168E0
3.853741186E2,3.784950256E0,6.393000126E0,-9.460050583E0
3.853765623E2,3.940050125E0,6.409050465E0,-6.634950161E0
3.853790059E2,8.736000061E0,6.325950146E0,-4.629000187E0
3.853814496E2,7.177050114E0,5.820000172E0,-6.601950169E0
3.853838931E2,1.351950049E0,6.127050400E0,-3.786000252E0
3.853863368E2,1.857000113E0,2.953950167E0,-2.122050047E0
3.853887805E2,6.868050098E0,2.455950022E0,-7.260000110E-1
3.853912241E2,1.145295048E1,2.919000149E0,-3.501000166E0
3.853936678E2,7.807050228E0,4.342950344E0,-4.492050171E0
3.853961112E2,2.812050104E0,6.097950459E0,-2.521950006E0
3.853985549E2,1.483950019E0,7.020000458E0,-2.634000063E0
3.854009985E2,2.803050041E0,9.558000565E0,1.210500076E-1
3.854034422E2,2.334000111E0,9.697050095E0,-1.003950000E0
3.854058857E2,5.980500579E-1,9.735000610E0,-1.576050043E0
3.854083294E2,5.089499950E-1,7.291050434E0,-2.377950191E0
3.854107730E2,1.651050091E0,5.157000065E0,-1.459050059E0
3.854132167E2,4.780950069E0,5.940000057E0,-3.556050062E0
3.854156601E2,1.001700020E1,6.345000267E0,-9.481950760E0
3.854181038E2,1.007205009E1,8.512050629E0,-1.323405075E1
3.854205475E2,5.365050316E0,9.316050529E0,-1.003005028E1
3.854229912E2,6.430050373E0,1.038900089E1,-5.944950104E0
3.854254348E2,7.149000168E0,1.113600063E1,-4.954050064E0
3.854278783E2,2.845950127E0,9.553050041E0,-4.666950226E0
3.854303220E2,6.100500226E-1,7.522950172E0,5.710500479E-1
3.854327656E2,1.371000051E0,4.956000328E0,3.400950193E0
3.854352093E2,7.014000416E0,5.671950340E0,-2.172000170E0
3.854376528E2,8.414999962E0,3.478950262E0,-8.029050827E0
3.854400964E2,5.133000374E0,5.248050213E0,-5.554950237E0
3.854425401E2,2.781000137E0,7.756950378E0,2.412000179E0
3.854449836E2,2.701950073E0,1.126005077E1,4.195950031E0
3.854474272E2,2.128050089E0,1.171005058E1,3.243000269E0
3.854498709E2,1.339950085E0,1.253205013E1,2.223000050E0
3.854523146E2,1.438050032E0,9.721050262E0,2.950500250E-1
3.854547580E2,1.669950128E0,5.100000381E0,-1.839000106E0
3.854572017E2,3.799050093E0,5.667000294E0,-5.911950111E0
3.854596454E2,9.636000633E0,6.345000267E0,-1.100895023E1
3.854620890E2,6.697950363E0,8.272050858E0,-1.167705059E1
3.854645327E2,2.748000145E0,9.823950768E0,-5.191050053E0
3.854669762E2,4.771050453E0,9.072000504E0,-1.465950012E0
3.854694199E2,7.210950375E0,9.465000153E0,-2.076000214E0
3.854718635E2,4.182000160E0,9.229950905E0,-4.497000217E0
3.854743072E2,1.024049997E0,7.642050266E0,-2.172000170E0
3.854767506E2,3.769500256E-1,5.964000225E0,-2.639999986E-1
3.854791943E2,3.784950256E0,6.996000290E0,-3.666000128E0
3.854816380E2,5.713950157E0,4.683000088E0,-7.123050213E0
3.854840816E2,2.398050070E0,7.531950474E0,-5.179050446E0
3.854865253E2,-2.595000155E-2,8.088000298E0,1.200000048E0
3.854889688E2,-2.800500095E-1,1.100205040E1,5.356950283E0
3.854914125E2,1.213050008E0,9.939000130E0,1.533000112E0
3.854938561E2,4.414050102E0,9.429000854E0,1.734000087E0
3.854962998E2,3.943050146E0,6.691950321E0,-4.155000210E0
3.854987432E2,3.483000278E0,5.314950466E0,-4.501950264E0
3.855011869E2,8.371950150E0,4.390950203E0,-7.195050240E0
3.855036306E2,1.079505062E1,5.286000252E0,-1.090905094E1
3.855060743E2,6.181050301E0,8.133000374E0,-1.190205097E1
3.855085177E2,4.315950394E0,9.133950233E0,-8.248950005E0
3.855109614E2,9.451950073E0,9.181950569E0,-4.528050423E0
3.855134051E2,1.005300045E1,8.562000275E0,-7.201950550E0
3.855158487E2,3.399000168E0,8.626950264E0,-7.231050491E0
3.855182922E2,-3.180000186E-1,6.073950291E0,-2.791950226E0
3.855207359E2,2.535000086E0,4.993950367E0,2.014950037E0
3.855231795E2,1.029900074E1,4.900950432E0,-2.586000204E0
3.855256232E2,9.289050102E0,4.152000427E0,-6.168000221E0
3.855280666E2,1.582050085E0,6.562950134E0,-3.301950216E0
3.855305103E2,-3.130500019E-1,8.734050751E0,1.785000086E0
3.855329539E2,2.080049992E0,9.820950508E0,3.954000235E0
3.855353976E2,3.298950195E0,1.059195042E1,2.436000109E0
3.855378411E2,3.160050154E0,1.104000092E1,-1.432050109E0
3.855402848E2,1.132050037E0,8.314949989E0,-4.462950230E0
3.855427285E2,5.160000324E-1,6.364050388E0,-3.084000111E0
3.855451721E2,3.412950277E0,7.683000565E0,-2.826000214E0
3.855476158E2,7.876050472E0,8.880000114E0,-5.929050446E0
3.855500592E2,8.959050179E0,8.770050049E0,-8.842950821E0
3.855525029E2,5.925000191E0,1.060200024E1,-5.242050171E0
3.855549465E2,6.382050514E0,1.149705029E1,-3.007950068E0
3.855573902E2,6.697950363E0,1.147605038E1,-2.479050159E0
3.855598337E2,3.696000099E0,1.044105053E1,-1.714950085E0
3.855622774E2,9.229500294E-1,8.908950806E0,1.513950109E0
3.855647210E2,-1.750500053E-1,7.815000534E0,1.336950064E0
3.855671647E2,2.656950235E0,1.004205036E1,1.186050057E0
3.855696082E2,5.994000435E0,8.373000145E0,-6.316950321E0
3.855720519E2,2.839050055E0,8.185950279E0,-4.918050289E0
3.855744955E2,1.363950014E0,9.535950661E0,1.135950089E0
3.855769391E2,2.374050140E0,1.215105057E1,2.260500044E-1
3.855793828E2,2.293050051E0,1.376700020E1,1.071000099E0
3.855818263E2,1.881000042E0,1.198800087E1,2.737950087E0
3.855842700E2,1.018950105E0,9.880950928E0,1.858950138E0
3.855867136E2,1.900050044E0,7.453050137E0,1.701000094E0
3.855891573E2,7.891050339E0,6.136050224E0,-6.192000389E0
3.855916008E2,1.002900028E1,6.438000202E0,-1.577400112E1
3.855940445E2,6.496950150E0,8.308050156E0,-1.730400085E1
3.855964881E2,3.093000174E0,7.225950241E0,-1.105500031E1
3.855989318E2,5.314950466E0,8.442000389E0,-5.734950066E0
3.856013755E2,4.516950130E0,6.037950516E0,-4.258049965E0
3.856038189E2,1.912050128E0,4.803000450E0,1.078050017E0
3.856062626E2,9.570000172E-1,5.131050110E0,4.918950081E0
3.856087062E2,1.977000117E0,5.248050213E0,5.979000092E0
3.856111497E2,6.864000320E0,3.991050243E0,1.521000028E0
3.856135934E2,6.021000385E0,1.221000075E0,-2.902050257E0
3.856160370E2,2.355000019E0,3.037950039E0,-5.098050117E0
3.856184807E2,2.487000227E0,7.233000278E0,-5.662950039E0
3.856209242E2,5.044050217E0,8.275050163E0,-2.929050207E0
3.856233679E2,4.144050121E0,8.503950119E0,-9.799500704E-1
3.856258115E2,1.873950124E0,8.197950363E0,2.209500074E-1
3.856282552E2,2.050500065E-1,7.831950188E0,7.860000134E-1
3.856306986E2,2.791050196E0,6.832950115E0,-1.545000076E0
3.856331423E2,9.126000404E0,6.133950233E0,-8.171999931E0
3.856355859E2,9.781949997E0,4.990050316E0,-1.437105083E1
3.856380296E2,3.078000069E0,8.052000046E0,-1.533795071E1
3.856404733E2,3.892050266E0,8.458950043E0,-9.019950867E0
3.856429168E2,7.584000587E0,6.976950169E0,-7.590000153E0
3.856453605E2,4.635000229E0,7.741050243E0,-7.705050468E0
3.856478041E2,1.302000046E0,8.032950401E0,-2.902050257E0
3.856502478E2,6.889500618E-1,6.867000103E0,3.919950247E0
3.856526912E2,6.901950359E0,6.322950363E0,1.356000066E0
3.856551349E2,9.756000519E0,5.800950050E0,-4.450950146E0
3.856575786E2,4.052999973E0,7.252050400E0,-5.869050503E0
3.856600222E2,-1.870500147E-1,7.906050205E0,-7.930500507E-1
3.856624659E2,3.540000021E-1,8.241000175E0,4.270050049E0
3.856649094E2,2.760000229E0,9.888000488E0,2.002950191E0
3.856673531E2,5.961000443E0,1.161705017E1,-1.315050006E0
3.856697967E2,3.382050276E0,8.806050301E0,-3.927000284E0
3.856722404E2,2.383949995E0,7.117950439E0,-1.269000053E0
3.856746839E2,4.663050175E0,8.679000854E0,-3.556050062E0
3.856771276E2,1.005000019E1,9.189000130E0,-8.056950569E0
3.856795712E2,9.313050270E0,1.096800041E1,-1.366905022E1
3.856820149E2,3.022950172E0,1.191405010E1,-8.008950233E0
3.856844583E2,3.459000111E0,1.169100094E1,-2.311050177E0
3.856869020E2,6.367950439E0,1.062600040E1,-3.862050295E0
3.856893456E2,4.443000317E0,8.464050293E0,-4.111050129E0
3.856917893E2,2.499000072E0,6.238950253E0,-5.460000038E-1
3.856942328E2,3.829950094E0,6.577050209E0,-8.220000267E-1
3.856966765E2,8.530050278E0,7.834050179E0,-5.574000359E0
3.856991201E2,6.811050415E0,5.928000450E0,-8.488050461E0
3.857015638E2,2.098950148E0,7.135050297E0,-1.806000113E0
3.857040075E2,2.322000027E0,9.445050240E0,4.368000031E0
3.857064509E2,1.122000098E0,1.397100067E1,4.212000370E0
3.857088946E2,9.000000358E-2,9.100950241E0,3.231000185E0
3.857113382E2,7.009500265E-1,8.878050804E0,3.870000124E0
3.857137819E2,2.025000095E0,6.013950348E0,9.709500670E-1
3.857162254E2,5.437050343E0,4.884000301E0,-5.947950363E0
3.857186690E2,1.198305035E1,3.522000074E0,-1.316205025E1
3.857211127E2,8.841000557E0,6.028950214E0,-1.582695103E1
3.857235561E2,2.664000034E0,9.745050430E0,-1.093500042E1
3.857259998E2,4.318050385E0,1.012995052E1,-3.489000082E0
3.857284435E2,7.386000156E0,9.145950317E0,-3.028950214E0
3.857308872E2,4.311000347E0,7.947000504E0,-3.676050186E0
3.857333308E2,1.429500133E-1,6.832950115E0,-1.120950103E0
3.857357743E2,7.510500550E-1,3.349950075E0,-3.190500140E-1
3.857382180E2,7.479000568E0,3.217950106E0,-3.360000134E0
3.857406616E2,9.574050903E0,1.753050089E0,-5.455050468E0
3.857431053E2,3.217050076E0,1.948950052E0,-4.528050423E0
3.857455488E2,2.550000250E-1,7.012950420E0,-5.580000281E-1
3.857479925E2,2.038950205E0,8.690999985E0,6.829500198E-1
3.857504361E2,3.732000113E0,8.689050674E0,1.060500070E-1
3.857528798E2,6.889500618E-1,8.830050468E0,-1.801050067E0
3.857553232E2,1.909500062E-1,6.405000210E0,-2.344050169E0
3.857577669E2,7.030500174E-1,5.610000134E0,-1.525950074E0
3.857602105E2,6.768000126E0,4.297950268E0,-4.416000366E0
3.857626542E2,8.695050240E0,3.790050268E0,-8.064000130E0
3.857650977E2,4.204050064E0,6.843000412E0,-7.602000237E0
3.857675414E2,2.470050097E0,9.475950241E0,-3.685050249E0
3.857699851E2,6.607050419E0,1.130595016E1,-2.589000225E0
3.857724287E2,7.432950497E0,1.110495090E1,-2.206050158E0
3.857748724E2,2.602050066E0,1.096095085E1,-1.372050047E0
3.857773158E2,1.042950034E0,1.113795090E1,1.239000082E0
3.857797595E2,3.492000103E0,9.520050049E0,-2.760000229E-1
3.857822031E2,4.693950176E0,1.066200066E1,-6.397950172E0
3.857846468E2,5.271000385E0,9.127050400E0,-8.328000069E0
3.857870903E2,2.500950098E0,9.465000153E0,-5.716050148E0
3.857895340E2,1.807050109E0,1.317795086E1,5.350500345E-1
3.857919777E2,2.968050241E0,1.654005051E1,1.804050088E0
3.857944213E2,3.841950178E0,1.728195000E1,-8.895000070E-2
3.857968650E2,2.230950117E0,1.317300034E1,-1.483050108E0
3.857993084E2,1.491000056E0,1.160700035E1,1.051950097E0
3.858017521E2,3.448950052E0,1.245705032E1,-4.150050163E0
3.858041957E2,5.827050209E0,1.061895084E1,-9.715950012E0
3.858066394E2,3.454050064E0,1.135800076E1,-1.031505013E1
3.858090829E2,2.641950130E0,1.037400055E1,-5.353950024E0
3.858115265E2,5.371950150E0,1.121700096E1,-4.044000149E0
3.858139702E2,8.173049927E0,9.393000603E0,-7.522950172E0
3.858164137E2,4.347000122E0,6.807000160E0,-5.617050171E0
3.858188574E2,8.470500112E-1,7.018050194E0,1.287000060E0
3.858213010E2,3.639000177E0,5.410950184E0,1.888050079E0
3.858237447E2,8.094000816E0,5.763000488E0,-7.810500264E-1
3.858261881E2,6.102000237E0,3.460050106E0,-8.700000644E-1
3.858286318E2,3.435000181E0,4.501049995E0,2.254050016E0
3.858310755E2,4.648950100E0,8.542950630E0,2.797050238E0
3.858335191E2,3.925950289E0,1.050105095E1,-8.359500170E-1
3.858359628E2,3.639000177E0,8.943000793E0,-5.806950092E0
3.858384063E2,1.783050060E0,6.967050552E0,-6.970050335E0
3.858408500E2,5.569500327E-1,6.076950073E0,-2.160000086E0
3.858432936E2,6.001950264E0,6.277950287E0,-3.505950212E0
3.858457373E2,1.057200050E1,5.113950253E0,-7.783950329E0
3.858481807E2,5.278950214E0,6.526950359E0,-9.240000725E0
3.858506244E2,2.680950165E0,1.005105019E1,-6.505950451E0
3.858530681E2,7.483950138E0,9.153000832E0,-7.614000320E0
3.858555117E2,5.073000431E0,7.326000214E0,-9.028950691E0
3.858579554E2,9.000000358E-2,6.469050407E0,-3.369000196E0
3.858603989E2,-1.008000016E0,3.904950142E0,2.532000065E0
3.858628426E2,5.848050117E0,5.727000237E0,1.689000130E0
3.858652862E2,1.053195095E1,4.542000294E0,-2.778000116E0
3.858677299E2,5.170950413E0,9.600000381E-1,-2.206050158E0
3.858701734E2,1.941000104E0,4.870050430E0,-2.032950163E0
3.858726171E2,1.450050116E0,1.152105045E1,-8.100000620E-1
3.858750607E2,1.821000099E0,1.145895100E1,-2.509950161E0
3.858775044E2,8.640000224E-1,9.061950684E0,-3.882000208E0
3.858799481E2,-1.249950051E0,8.059050560E0,-8.700000644E-1
3.858823915E2,4.800000191E-1,6.108000278E0,-1.159050107E0
3.858848352E2,8.044050217E0,7.084950447E0,-5.076000214E0
3.858872788E2,1.102005005E1,4.324050426E0,-1.035300064E1
3.858897225E2,5.046000004E0,4.465050220E0,-8.485950470E0
3.858921660E2,4.527000427E0,8.287050247E0,-3.727950096E0
3.858946097E2,8.290950775E0,7.245000362E0,-7.902000427E0
3.858970533E2,3.660000086E0,7.048950195E0,-9.580050468E0
3.858994970E2,1.069500074E-1,4.972950459E0,-3.903000116E0
3.859019405E2,1.584000111E0,4.221000195E0,-1.767000079E0
3.859043842E2,8.414999962E0,4.726050377E0,-5.491050243E0
3.859068278E2,8.226000786E0,2.349000216E0,-6.678000450E0
3.859092712E2,1.749000072E0,1.911000133E0,5.520000458E-1
3.859117150E2,1.101000071E0,7.726050377E0,3.883950233E0
3.859141586E2,3.799500167E-1,9.928950310E0,4.416000366E0
3.859166023E2,3.634050131E0,1.015395069E1,-9.060000181E-1
3.859190460E2,1.357050061E0,7.693050385E0,-4.717050076E0
3.859214894E2,-5.550000072E-1,7.554000378E0,-3.795000076E0
3.859239331E2,2.359950066E0,6.180000305E0,-3.994050264E0
3.859263767E2,8.722050667E0,5.068950176E0,-8.158050537E0
3.859288204E2,8.889000893E0,2.787000179E0,-7.624050140E0
3.859312639E2,4.953000069E0,6.241950512E0,-5.491050243E0
3.859337076E2,5.548950195E0,9.253950119E0,-4.626000404E0
3.859361512E2,8.515950203E0,8.253000259E0,-9.046050072E0
3.859385949E2,2.712000132E0,9.036000252E0,-7.267050266E0
3.859410386E2,-1.905000024E-2,9.205950737E0,-1.626000047E0
3.859434820E2,1.969950080E0,8.458950043E0,8.100000620E-1
3.859459257E2,7.491000175E0,7.285950184E0,-3.472050190E0
3.859483694E2,7.321050167E0,4.756950378E0,-5.206050396E0
3.859508130E2,2.913000107E0,4.848000050E0,-7.500000596E-1
3.859532565E2,1.483950019E0,8.128950119E0,2.302050114E0
3.859557002E2,2.623050213E0,1.135800076E1,1.606950045E0
3.859581438E2,3.118950129E0,1.101795006E1,-2.863950253E0
3.859605875E2,1.168050051E0,1.094895077E1,-3.309000254E0
3.859630310E2,-1.950000064E-3,9.781050682E0,-8.359500170E-1
3.859654747E2,3.586050272E0,9.910050392E0,-3.007950068E0
3.859679183E2,6.544950485E0,9.607950211E0,-8.457000732E0
3.859703620E2,6.030000210E0,7.495950222E0,-8.554950714E0
3.859728054E2,3.295950174E0,1.015200043E1,-3.522000074E0
3.859752491E2,6.531000137E0,1.090605068E1,-3.112950087E0
3.859776927E2,5.173050404E0,1.078605080E1,-5.596050262E0
3.859801364E2,1.330050111E0,1.000305080E1,-2.233950138E0
3.859825799E2,-5.599500537E-1,7.590000153E0,7.099500299E-1
3.859850236E2,4.201050282E0,7.888950348E0,-4.459500313E-1
3.859874672E2,8.772000313E0,7.429050446E0,-7.801050186E0
3.859899109E2,4.041000366E0,3.493050098E0,-5.383050442E0
3.859923546E2,1.792950034E0,4.860000134E0,1.063950062E0
3.859947981E2,3.615000248E0,1.101600075E1,8.580000401E-1
3.859972418E2,3.313050270E0,1.428900051E1,2.910000086E-1
3.859996854E2,2.128050089E0,9.225000381E0,-4.605000094E-2
3.860021291E2,-6.060000062E-1,9.487950325E0,-4.605000094E-2
3.860045725E2,2.563050032E0,8.964000702E0,-5.506950378E0
3.860070162E2,9.205050468E0,7.663950443E0,-1.168005085E1
3.860094598E2,8.983050346E0,4.549050331E0,-1.443795109E1
3.860119035E2,3.082950115E0,6.522000313E0,-8.962050438E0
3.860143470E2,3.957000256E0,8.181000710E0,-1.534950018E0
3.860167907E2,7.924050331E0,7.972950459E0,-4.960950375E0
3.860192343E2,2.896050215E0,7.410000324E0,-5.734950066E0
3.860216780E2,-1.501050115E0,6.607950211E0,1.469999999E-1
3.860241214E2,2.784000158E0,5.398950100E0,2.026050091E0
3.860265651E2,1.040505028E1,4.447950363E0,-4.626000404E0
3.860290088E2,7.500000477E0,2.823000193E0,-5.412000179E0
3.860314525E2,1.114950061E0,1.791000128E0,7.429500222E-1
3.860338959E2,2.868000031E0,6.517050266E0,3.460950136E0
3.860363396E2,5.278950214E0,9.081000328E0,-4.170000255E-1
3.860387832E2,4.491000175E0,9.289950371E0,-3.493950129E0
3.860412269E2,-2.939999998E-1,9.238950729E0,-4.600050449E0
3.860436704E2,-1.527000070E0,9.250950813E0,-1.279050112E0
3.860461141E2,5.098950386E0,8.039999962E0,-5.730000496E0
3.860485577E2,9.267000198E0,6.157950401E0,-9.211050034E0
3.860510014E2,8.377050400E0,3.184050083E0,-7.630950451E0
3.860534451E2,5.881950378E0,6.394950390E0,-3.022050142E0
3.860558885E2,8.406000137E0,8.152050018E0,-4.581000328E0
3.860583322E2,5.137050152E0,7.741050243E0,-7.450950146E0
3.860607758E2,-2.340000123E-1,7.087050438E0,-2.332950115E0
3.860632195E2,3.299999982E-2,6.760950089E0,8.010000587E-1
3.860656630E2,4.998000145E0,8.551950455E0,-2.524050236E0
3.860681067E2,6.784950256E0,5.053950310E0,-6.232950211E0
3.860705503E2,2.050950050E0,2.056950092E0,-2.542950153E0
3.860729940E2,1.215000033E0,3.144000053E0,1.810950041E0
3.860754374E2,3.679050207E0,1.109505081E1,4.849500358E-1
3.860778811E2,2.959050179E0,9.748950005E0,-1.005000062E-2
3.860803248E2,1.603050113E0,7.461000443E0,2.143949986E0
3.860827684E2,-2.313000202E0,1.126995087E1,6.349500418E-1
3.860852121E2,-7.050000131E-3,9.828000069E0,1.038000107E0
3.860876556E2,6.265050411E0,9.157950401E0,-5.965050220E0
3.860900993E2,6.382050514E0,5.221950054E0,-9.001049995E0
3.860925429E2,6.624000549E0,5.794050217E0,-7.950000286E0
3.860949866E2,7.852050304E0,8.068950653E0,-7.368000507E0
3.860974300E2,5.455950260E0,8.083050728E0,-9.046050072E0
3.860998737E2,-2.400000021E-2,7.048950195E0,-2.955000162E0
3.861023173E2,-1.750500053E-1,6.294000149E0,1.003950000E0
3.861047610E2,4.423950195E0,9.666000366E0,-1.830000043E0
3.861072047E2,7.749000549E0,7.353000164E0,-5.979000092E0
3.861096482E2,3.904050112E0,1.695000052E0,-4.532999992E0
3.861120918E2,2.908050060E0,3.534000158E0,-5.805000290E-2
3.861145355E2,6.712950230E0,9.117000580E0,-2.086050034E0
3.861169792E2,6.303000450E0,1.156695080E1,-3.787950277E0
3.861194226E2,3.580950260E0,8.236050606E0,-4.365000248E0
3.861218662E2,-1.446000099E0,1.103505039E1,2.620500028E-1
3.861243099E2,2.791050196E0,1.104000092E1,-4.128000259E0
3.861267534E2,1.121895027E1,8.923050880E0,-1.058295059E1
3.861291971E2,1.106100082E1,5.728950500E0,-1.236000061E1
3.861316407E2,6.054000378E0,6.936000347E0,-8.548050880E0
3.861340844E2,9.619050026E0,9.393000603E0,-5.385000229E0
3.861365279E2,7.716000557E0,8.940000534E0,-8.569950104E0
3.861389716E2,7.150500417E-1,8.193000793E0,-5.008950233E0
3.861414153E2,1.471950054E0,6.879000187E0,5.850000381E-1
3.861438589E2,9.544950485E0,7.645050526E0,-3.835950136E0
3.861463026E2,1.275105095E1,6.232050419E0,-8.922000885E0
3.861487460E2,5.784000397E0,3.859050274E0,-6.922050476E0
3.861511897E2,2.544000149E0,6.145950317E0,8.530500531E-1
3.861536333E2,4.699050426E0,9.916950226E0,1.585950017E0
3.861560770E2,4.861950397E0,1.338195038E1,-2.512050152E0
3.861585207E2,2.221050024E0,1.031400013E1,-3.967950106E0
3.861609642E2,-1.836000085E0,1.069500065E1,-1.060950041E0
3.861634078E2,-2.551950216E0,1.164795017E1,-2.830500007E-1
3.861658515E2,4.371000290E0,1.054695034E1,-5.589000225E0
3.861682952E2,7.393050194E0,7.710000515E0,-9.015000343E0
3.861707387E2,6.175950527E0,5.044950008E0,-3.771000147E0
3.861731823E2,5.092050076E0,8.133000374E0,-1.055999994E0
3.861756259E2,6.741000175E0,1.059900093E1,-2.722950220E0
3.861780696E2,3.315000057E0,8.052000046E0,-2.064000130E0
3.861805131E2,8.040000200E-1,7.597050190E0,2.316000223E0
3.861829568E2,1.980000138E-1,9.850050926E0,4.270500243E-1
3.861854004E2,3.787050247E0,1.129095078E1,-3.169500232E-1
3.861878441E2,3.646050215E0,5.823000431E0,-5.365950108E0
3.861902876E2,2.596950054E0,3.040950060E0,-1.047000051E0
3.861927313E2,5.185050011E0,8.245950699E0,-2.728050232E0
3.861951749E2,6.243000507E0,1.288095093E1,-2.526000023E0
3.861976186E2,4.335000038E0,9.880950928E0,-4.746000290E0
3.862000623E2,8.659500480E-1,7.386000156E0,-1.435050011E0
3.862025057E2,-1.390500069E-1,8.251049995E0,4.819500148E-1
3.862049494E2,1.860000134E0,1.489695072E1,-4.756050110E0
3.862073930E2,3.964050293E0,5.296050072E0,-8.713050842E0
3.862098367E2,4.117050171E0,4.639950275E0,-6.859950542E0
3.862122802E2,6.367950439E0,6.558000088E0,-7.123050213E0
3.862147238E2,7.072050571E0,6.984000206E0,-1.084695053E1
3.862171675E2,1.291950107E0,5.136000156E0,-6.592050076E0
3.862196111E2,-1.366950035E0,4.417050362E0,3.643050194E0
3.862220546E2,1.492950082E0,6.388050079E0,3.790950298E0
3.862244983E2,8.049000740E0,7.108950138E0,-3.331050158E0
3.862269419E2,5.962950230E0,3.463950157E0,-5.083950043E0
3.862293856E2,1.500000060E-1,3.627000093E0,1.630950093E0
3.862318291E2,1.420950055E0,7.444050312E0,4.263000011E0
3.862342728E2,4.318050385E0,9.826050758E0,-7.330500484E-1
3.862367164E2,1.792950034E0,9.364050865E0,-2.586000204E0
3.862391601E2,-1.258950114E0,8.113950729E0,6.790500283E-1
3.862416035E2,-1.834050059E0,1.014705086E1,4.009500146E-1
3.862440472E2,4.552950382E0,1.008495045E1,-6.556050301E0
3.862464908E2,6.421050072E0,8.859000206E0,-1.003005028E1
3.862489345E2,4.378050327E0,6.064950466E0,-7.636050224E0
3.862513780E2,2.140050173E0,7.807950497E0,-3.525000095E0
3.862538217E2,3.940050125E0,9.076950073E0,-3.742950201E0
3.862562653E2,3.291000128E0,7.492050171E0,-4.048950195E0
3.862587090E2,7.150500417E-1,7.294950485E0,6.599999964E-2
3.862611525E2,1.218000054E0,8.401050568E0,8.440500498E-1
3.862635961E2,5.476950169E0,9.057000160E0,-4.969050407E0
3.862660398E2,4.864050388E0,5.617050171E0,-5.956950188E0
3.862684835E2,1.860000134E0,3.997950077E0,-5.460000038E-1
3.862709271E2,3.034950256E0,7.222950459E0,4.890000224E-1
3.862733706E2,4.884000301E0,1.259400082E1,-1.327050090E0
3.862758143E2,1.957950115E0,7.735950470E0,4.395000264E-2
3.862782579E2,2.359500080E-1,5.410950184E0,2.730000019E0
3.862807016E2,-5.359500051E-1,9.429000854E0,9.079500437E-1
3.862831451E2,6.130950451E0,8.959050179E0,-7.273950577E0
3.862855888E2,7.261050224E0,7.108950138E0,-1.051905060E1
3.862880324E2,1.687050104E0,5.017950058E0,-6.409950256E0
3.862904761E2,3.220500052E-1,6.189000130E0,4.920000136E-1
3.862929198E2,4.965000153E0,8.641050339E0,-9.600000083E-2
3.862953632E2,7.788000584E0,7.516050339E0,-4.387050152E0
3.862978069E2,2.428950071E0,6.619950294E0,-2.317950010E0
3.863002505E2,1.101000071E0,8.254950523E0,1.560000062E0
3.863026940E2,5.416950226E0,9.478950500E0,-2.668050051E0
3.863051377E2,7.444950581E0,8.539950371E0,-7.084950447E0
3.863075814E2,3.033000231E0,8.121000290E0,-5.505000114E0
3.863100250E2,3.850500286E-1,8.133000374E0,6.930000186E-1
3.863124687E2,5.910000205E-1,9.520050049E0,1.456950068E0
3.863149122E2,3.210000038E0,1.088400078E1,2.430000156E-1
3.863173559E2,2.890950203E0,7.972950459E0,-4.360050201E0
3.863197995E2,2.551050186E0,1.111695099E1,-3.907950163E0
3.863222432E2,3.921000242E0,1.047705078E1,-3.771000147E0
3.863246869E2,5.698050499E0,9.373950005E0,-4.827000141E0
3.863271303E2,3.856050253E0,7.360050201E0,-3.622950077E0
3.863295740E2,9.640500546E-1,7.819950581E0,-6.850500107E-1
3.863320176E2,1.584000111E0,9.199050903E0,1.606950045E0
3.863344613E2,3.868050098E0,9.807000160E0,-8.500500321E-1
3.863369048E2,3.487950087E0,7.185000420E0,-4.223999977E0
3.863393484E2,1.407000065E0,7.510950565E0,-3.295050144E0
3.863417921E2,2.518050194E0,9.591000557E0,-2.206050158E0
3.863442355E2,5.559000492E0,9.900000572E0,-3.283050060E0
3.863466792E2,4.084050179E0,7.087050438E0,-4.738950253E0
3.863491229E2,1.158000112E0,5.140050411E0,2.520000041E-1
3.863515665E2,9.780000448E-1,6.405000210E0,2.343000174E0
3.863540100E2,3.042000055E0,9.742050171E0,2.155950069E0
3.863564537E2,4.361999989E0,5.350950241E0,-4.447050095E0
3.863588974E2,2.595000029E0,5.920950413E0,-5.541000366E0
3.863613410E2,1.867050052E0,6.250950336E0,-4.126049995E0
3.863637847E2,7.306950569E0,6.892950535E0,-2.826000214E0
3.863662282E2,6.928050518E0,7.176000118E0,-6.537000179E0
3.863686718E2,1.405050039E0,6.256050110E0,-3.324000120E0
3.863711155E2,-9.550500512E-1,5.665050507E0,3.802950144E0
3.863735592E2,1.663050056E0,6.055050373E0,1.837050080E0
3.863760026E2,8.455950737E0,6.285000324E0,-7.009050369E0
3.863784463E2,3.780000210E0,7.234950542E0,-1.176600075E1
3.863808899E2,-1.269000053E0,6.759000301E0,-4.048950195E0
3.863833336E2,-6.889500618E-1,6.606000423E0,2.122050047E0
3.863857773E2,5.029950142E0,7.815000534E0,-1.365000010E0
3.863882208E2,6.133050442E0,6.697050095E0,-5.218050480E0
3.863906645E2,1.189500093E-1,6.862050533E0,-1.279050112E0
3.863931081E2,-1.063050032E0,5.799000263E0,3.135000229E0
3.863955518E2,4.801950455E0,6.570000172E0,-9.610500336E-1
3.863979952E2,8.583000183E0,5.167050362E0,-9.436050415E0
3.864004390E2,2.077050209E0,7.413000584E0,-9.714000702E0
3.864028826E2,2.839500010E-1,7.575000286E0,-2.991000175E0
3.864053263E2,4.361999989E0,7.116000175E0,-1.042050004E0
3.864077700E2,7.243950367E0,6.283050060E0,-4.738950253E0
3.864102134E2,2.583000183E0,6.430950165E0,-3.151050091E0
3.864126571E2,-3.880500197E-1,8.193000793E0,1.429950118E0
3.864151007E2,1.680000067E0,8.509050369E0,2.781000137E0
3.864175444E2,6.028050423E0,8.835000038E0,-3.172950268E0
3.864199879E2,3.868050098E0,8.095050812E0,-6.634950161E0
3.864224316E2,4.249500334E-1,9.192000389E0,-4.432050228E0
3.864248752E2,4.849500358E-1,9.904950142E0,-2.767950058E0
3.864273189E2,4.254000187E0,9.924000740E0,-3.016950130E0
3.864297623E2,4.780950069E0,8.770050049E0,-4.405950069E0
3.864322060E2,2.616000175E0,7.935000420E0,-1.480050087E0
3.864346497E2,1.492950082E0,1.004895020E1,2.128950119E0
3.864370933E2,4.105050087E0,1.134405041E1,-6.250500083E-1
3.864395368E2,5.796000481E0,1.076205063E1,-5.653050423E0
3.864419805E2,3.478050232E0,9.337950706E0,-8.542950630E0
3.864444241E2,2.271000147E0,8.916000366E0,-6.208950520E0
3.864468678E2,5.524950027E0,9.232050896E0,-3.409950256E0
3.864493113E2,7.548000336E0,9.486000061E0,-4.915950298E0
3.864517550E2,3.793950081E0,8.373000145E0,-3.075000048E0
3.864541986E2,1.524000049E0,7.012950420E0,2.199000120E0
3.864566423E2,1.606050134E0,9.247050285E0,2.500950098E0
3.864590858E2,3.828000069E0,9.840000153E0,-1.866000056E0
3.864615294E2,3.622050285E0,7.867950439E0,-6.622950077E0
3.864639731E2,1.362000108E0,7.774050236E0,-6.658950329E0
3.864664167E2,1.831050038E0,7.173000336E0,-1.981050134E0
3.864688604E2,6.484950542E0,8.109000206E0,-7.380000353E-1
3.864713039E2,6.150000095E0,8.650050163E0,-2.778000116E0
3.864737476E2,1.459950089E0,9.517050743E0,1.248000026E0
3.864761912E2,-6.820500493E-1,1.011795044E1,3.622950077E0
3.864786349E2,2.220000178E-1,1.095600033E1,-1.036949992E0
3.864810784E2,6.247950077E0,1.399200058E1,3.190050125E0
3.864835221E2,5.827050209E0,1.260300064E1,-7.686000347E0
3.864859657E2,4.632000446E0,1.135095024E1,-4.789050102E0
3.864884094E2,3.684000254E0,1.353495026E1,-4.528050423E0
3.864908528E2,6.175950527E0,1.385805035E1,-2.649000168E0
3.864932965E2,6.552000523E0,1.321395016E1,-3.532050133E0
3.864957402E2,3.768000126E0,1.364505100E1,-4.807950020E0
3.864981838E2,2.098950148E0,1.286700058E1,1.569000125E0
3.865006273E2,1.168050051E0,1.317600060E1,3.600000143E-1
3.865030710E2,1.492950082E0,1.117200089E1,-4.699500203E-1
3.865055146E2,3.495000303E-2,9.213000298E0,-5.572050095E0
3.865079583E2,-6.900000572E-2,7.255050182E0,-2.400000095E0
3.865104017E2,2.070000172E0,9.069000244E0,-4.939500093E-1
3.865128454E2,3.042000055E0,1.110495090E1,-1.501950026E0
3.865152890E2,2.155950069E0,6.840000153E0,-6.520500183E-1
3.865177327E2,2.650050163E0,6.309000492E0,5.539500117E-1
3.865201764E2,4.074000359E0,1.156200027E1,1.639500111E-1
3.865226199E2,2.986950159E0,9.115050316E0,-2.710500062E-1
3.865250636E2,4.462050438E0,6.831000328E0,1.312950015E0
3.865275072E2,3.591000080E0,8.830050468E0,3.549000263E0
3.865299509E2,7.680000305E0,7.057950497E0,-4.405950069E0
3.865323944E2,8.731050491E0,8.872950554E0,-9.688050270E0
3.865348380E2,6.709950447E0,7.720950603E0,-1.122000027E1
3.865372817E2,2.370000124E0,1.049400043E1,-6.549000263E0
3.865397254E2,-2.779500186E-1,1.116405010E1,9.199500680E-1
3.865421688E2,8.419500589E-1,1.297695065E1,3.112950087E0
3.865446125E2,4.038000107E0,1.440600109E1,-1.590000033E0
3.865470562E2,3.586050272E0,1.153800011E1,-4.735949993E0
3.865494998E2,1.737000108E0,1.025895023E1,-3.441000223E0
3.865519435E2,2.213999987E0,1.090800095E1,-1.399050117E0
3.865543870E2,5.626050472E0,1.146600056E1,-4.303050041E0
3.865568306E2,6.799050331E0,9.850050926E0,-8.830950737E0
3.865592743E2,3.070950031E0,9.364050865E0,-6.465000153E0
3.865617180E2,9.469500184E-1,9.268050194E0,1.849500090E-1
3.865641614E2,3.313050270E0,9.675000191E0,1.299000025E0
3.865666051E2,4.906949997E0,1.120800018E1,-2.806950092E0
3.865690487E2,3.897000074E0,8.539950371E0,-5.677050114E0
3.865714924E2,1.977000117E0,7.956000328E0,-4.576050282E0
3.865739361E2,2.046000004E0,5.398950100E0,-3.271050215E0
3.865763795E2,6.223950386E0,4.993950367E0,-4.413000107E0
3.865788232E2,5.302950382E0,5.497050285E0,-5.268000126E0
3.865812666E2,1.048050046E0,5.104950428E0,-1.569000125E0
3.865837103E2,5.190000534E-1,5.100000381E0,4.284000397E0
3.865861540E2,7.381050587E0,7.353000164E0,2.035950184E0
3.865885976E2,8.683050156E0,6.718050480E0,-6.769050121E0
3.865910413E2,1.860000134E0,7.678050518E0,-6.831000328E0
3.865934848E2,-8.809500337E-1,6.156000137E0,-8.380500674E-1
3.865959285E2,1.450050116E0,7.270950317E0,1.188000083E0
3.865983721E2,8.001000404E0,7.863000393E0,-2.641050100E0
3.866008158E2,5.877000332E0,7.137000561E0,-5.521950245E0
3.866032593E2,5.689499974E-1,9.850050926E0,-2.400000095E0
3.866057029E2,-8.790000677E-1,9.960000038E0,5.440500379E-1
3.866081466E2,1.941000104E0,1.106895065E1,-1.516050100E0
3.866105903E2,4.378050327E0,1.014000034E1,-5.289000034E0
3.866130339E2,3.208050251E0,1.006095028E1,-6.076950073E0
3.866154774E2,1.347000122E0,9.016950607E0,-3.106050253E0
3.866179211E2,1.516950130E0,8.902050018E0,9.079500437E-1
3.866203647E2,5.137050152E0,1.102995014E1,4.320000112E-1
3.866228084E2,6.004050255E0,1.074105072E1,-2.814000130E0
3.866252519E2,3.958950281E0,1.142295074E1,-1.011000037E0
3.866276956E2,1.483950019E0,1.225605011E1,3.150000274E-1
3.866301392E2,3.607050180E0,1.292205048E1,1.612050056E0
3.866325829E2,4.630050182E0,1.236900043E1,-2.992950201E0
3.866350266E2,3.955050230E0,1.154505062E1,-3.709050179E0
3.866374700E2,2.580000162E0,1.198305035E1,-8.220000267E-1
3.866399137E2,4.017000198E0,1.343400097E1,1.654950023E0
3.866423573E2,6.174000263E0,1.540500069E1,-9.490500689E-1
3.866448010E2,6.670050144E0,1.442100048E1,-5.560050488E0
3.866472445E2,3.550050259E0,1.562700081E1,-4.144950390E0
3.866496881E2,2.020050049E0,1.665000153E1,3.979500234E-1
3.866521318E2,2.464950085E0,1.604895020E1,1.026000023E0
3.866545755E2,2.902950048E0,1.462395096E1,-1.969500035E-1
3.866570189E2,3.259950161E0,1.334295082E1,3.270000219E-1
3.866594626E2,2.524950027E0,1.336995029E1,-2.380500138E-1
3.866619062E2,4.776000023E0,1.403505039E1,-5.490000248E-1
3.866643499E2,5.338050365E0,1.369005108E1,-5.686950207E0
3.866667934E2,2.602050066E0,1.313505077E1,-3.565950155E0
3.866692371E2,1.399950027E0,1.312305069E1,1.111950040E0
3.866716808E2,1.026000023E0,1.554405117E1,1.450500041E-1
3.866741244E2,1.812000036E0,1.308705044E1,1.428000093E0
3.866765680E2,3.664950132E0,9.466950417E0,-2.100000143E0
3.866790115E2,3.564000130E0,7.654050350E0,-3.802950144E0
3.866814552E2,6.910950184E0,8.221950531E0,-5.898000240E0
3.866838988E2,9.214950562E0,8.116950035E0,-8.698950768E0
3.866863425E2,6.451950073E0,6.400050163E0,-9.055950165E0
3.866887860E2,1.159950018E0,5.406000137E0,-1.662000060E0
3.866912297E2,9.349500537E-1,2.715000153E0,4.945050240E0
3.866936733E2,9.310500622E-1,7.908000469E0,2.472000122E0
3.866961170E2,1.576950073E0,3.412050247E0,-9.405000508E-2
3.866985604E2,3.433050156E0,7.230000496E-1,2.608050108E0
3.867010042E2,1.993950129E0,1.222950101E0,-1.047000051E0
3.867034478E2,5.118000031E0,3.970500231E-1,-6.367050171E0
3.867058915E2,5.166000366E0,-9.259500504E-1,-7.906050205E0
3.867083349E2,1.539000034E0,-1.038000107E0,-3.855000257E0
3.867107786E2,-1.369050026E0,-3.799500167E-1,1.005000062E-2
3.867132222E2,8.010000587E-1,1.030500084E-1,1.416000009E0
3.867156659E2,4.129050255E0,1.936950088E0,-2.950500250E-1
3.867181094E2,4.879050255E0,8.595000207E-2,1.059000015E0
3.867205531E2,5.262000084E0,-2.215950012E0,-2.470950127E0
3.867229967E2,7.407000542E0,-1.942950130E0,-9.642000198E0
3.867254404E2,9.907050133E0,-2.539050102E0,-1.273800087E1
3.867278838E2,9.499950409E0,-3.682050228E0,-1.153605080E1
3.867303275E2,3.556950092E0,-2.140050173E0,-9.796050072E0
3.867327712E2,5.710500479E-1,1.395000052E-2,-8.017050743E0
3.867352148E2,2.143949986E0,2.265000105E0,-5.871000290E0
3.867376585E2,5.065050125E0,3.028950214E0,-2.364000082E0
3.867401020E2,3.871050119E0,3.760950089E0,2.170050144E0
3.867425457E2,2.781000137E0,4.828950405E0,4.384950161E0
3.867449893E2,4.570050240E0,7.606950283E0,-4.899000168E0
3.867474330E2,5.230950356E0,1.726800156E1,-8.293950081E0
3.867498765E2,3.538050175E0,1.222005081E1,3.460950136E0
3.867523202E2,1.833000064E0,1.107105064E1,5.563050270E0
3.867547638E2,1.591050029E0,1.640999985E1,-1.300500035E-1
3.867572075E2,2.523000002E0,1.718595123E1,1.660500020E-1
3.867596512E2,2.508000135E0,1.525395107E1,3.262050152E0
3.867620946E2,2.001000166E0,1.046805096E1,1.830000043E0
3.867645383E2,7.099500299E-1,8.855999947E0,9.900000691E-2
3.867669819E2,4.114950180E0,1.262700081E1,-1.372050047E0
3.867694256E2,5.206950188E0,1.418595028E1,-9.547050476E0
3.867718691E2,3.351000071E0,7.674000263E0,-7.540050507E0
3.867743128E2,1.041000009E0,7.602000237E0,-4.605000019E0
3.867767564E2,3.375000238E0,1.304595089E1,-3.910500109E-1
3.867792001E2,4.054950237E0,1.643700027E1,-2.248950005E0
3.867816435E2,3.234000206E0,1.289805031E1,-2.509950161E0
3.867840872E2,1.708950043E0,8.734050751E0,6.070500016E-1
3.867865308E2,4.660500288E-1,1.144500065E1,3.820500076E-1
3.867889745E2,-2.158950090E0,8.208000183E0,3.762000084E0
3.867914180E2,-4.210500121E-1,4.867050171E0,2.496000051E0
3.867938617E2,-2.518950224E0,6.321000099E0,-2.929500043E-1
3.867963053E2,2.274000168E0,1.663950086E0,-5.188950062E0
3.867987490E2,6.961950302E0,9.310500622E-1,-2.397000074E0
3.868011927E2,1.504500103E1,6.781050205E0,-1.157895088E1
3.868036361E2,1.680900002E1,2.440050125E0,-1.935600090E1
3.868060798E2,6.789000511E0,2.413050175E0,-1.104495049E1
3.868085234E2,6.232050419E0,5.229000092E0,-3.325950146E0
3.868109671E2,1.237305069E1,6.304050446E0,-2.701050043E0
3.868134106E2,1.355595112E1,7.222950459E0,-4.179000378E0
3.868158542E2,6.271950245E0,6.639000416E0,-3.754950285E0
3.868182979E2,4.933950424E0,1.011300087E1,-8.895000070E-2
3.868207414E2,6.940050125E0,9.208050728E0,-5.890500546E-1
3.868231851E2,1.002600002E1,9.475950241E0,-4.762950420E0
3.868256287E2,6.610050201E0,8.188050270E0,-7.485000134E0
3.868280724E2,2.235000134E0,9.073950768E0,-5.485950470E0
3.868305161E2,1.318050027E0,8.593050003E0,-2.052000046E0
3.868329595E2,4.455000401E0,7.750050545E0,-7.980000377E-1
3.868354032E2,5.917950153E0,8.377950668E0,-4.328999996E0
3.868378468E2,2.110949993E0,1.138500023E1,6.310500503E-1
3.868402905E2,-1.630500108E-1,1.005105019E1,8.340000510E-1
3.868427340E2,6.405000389E-2,1.100205040E1,-2.317950010E0
3.868451777E2,1.651050091E0,1.510995102E1,1.879500151E-1
3.868476213E2,2.020050049E0,1.289805031E1,1.698000073E0
3.868500650E2,1.090950012E0,1.050105095E1,-7.399500608E-1
3.868525084E2,1.168050051E0,9.048000336E0,-7.240500450E-1
3.868549521E2,1.872000098E0,1.265400028E1,1.366050124E0
3.868573958E2,3.018000126E0,1.421700096E1,1.050000072E0
3.868598394E2,2.074949980E0,1.157400036E1,1.879950047E0
3.868622831E2,1.254000068E0,9.690000534E0,1.047000051E0
3.868647266E2,2.939999998E-1,1.088205051E1,-2.880000174E-1
3.868671703E2,1.474050045E0,1.303005028E1,2.592000008E0
3.868696139E2,2.482050180E0,1.304400063E1,2.343000174E0
3.868720576E2,1.479000092E0,1.031700039E1,-3.000000026E-3
3.868745011E2,9.280500412E-1,9.085950851E0,-3.499500155E-1
3.868769448E2,1.297050118E0,1.053705025E1,1.842000127E0
3.868793884E2,2.596950054E0,1.205505085E1,1.404000044E0
3.868818321E2,8.323950768E0,1.128195095E1,-2.158050060E0
3.868842758E2,2.973000050E0,1.070205021E1,-1.147200012E1
3.868867192E2,3.753000259E0,1.053195095E1,-9.440999985E0
3.868891629E2,7.321050167E0,1.100400066E1,-1.326705074E1
3.868916065E2,4.726050377E0,9.610950470E0,-9.975000381E0
3.868940502E2,1.183950067E0,9.613050461E0,-3.348000050E0
3.868964937E2,1.872000098E0,9.084000587E0,1.437000036E0
3.868989374E2,6.820950508E0,9.772950172E0,7.120500207E-1
3.869013810E2,8.140049934E0,9.952950478E0,-3.597000122E0
3.869038247E2,4.120050430E0,1.093695068E1,-4.246050358E0
3.869062681E2,1.548000097E0,1.138005066E1,-2.100000143E0
3.869087118E2,2.046000004E0,1.060905075E1,-1.516050100E0
3.869111554E2,3.009000063E0,1.175595093E1,-3.979950190E0
3.869135991E2,3.202950239E0,1.003905010E1,-5.289000034E0
3.869160426E2,1.792950034E0,9.583950043E0,-4.518000126E0
3.869184863E2,2.218950033E0,8.334000587E0,-3.273000240E0
3.869209299E2,6.220050335E0,7.189950466E0,-3.810000181E0
3.869233736E2,5.473050117E0,7.483950138E0,-6.634950161E0
3.869258173E2,1.168050051E0,8.322000504E0,-4.332000256E0
3.869282607E2,6.599999964E-2,6.757050514E0,3.100500107E-1
3.869307044E2,3.205050230E0,8.855999947E0,9.060000181E-1
3.869331481E2,6.370050430E0,7.671000481E0,-4.276950359E0
3.869355915E2,4.246950150E0,5.703000069E0,-5.500050068E0
3.869380352E2,1.227000117E0,6.739950180E0,-2.850000143E0
3.869404788E2,3.046950102E0,7.471950531E0,-1.521000028E0
3.869429225E2,6.628950119E0,7.891050339E0,-4.935000420E0
3.869453662E2,3.876000166E0,7.366950512E0,-8.163000107E0
3.869478097E2,7.290000319E-1,7.006050110E0,-5.115000248E0
3.869502534E2,2.832000017E0,5.808000088E0,-2.091000080E0
3.869526970E2,7.447950363E0,5.842050076E0,-2.692050219E0
3.869551407E2,8.755050659E0,6.085950375E0,-5.959950447E0
3.869575841E2,5.677950382E0,6.085950375E0,-7.747950554E0
3.869600278E2,5.307000160E0,5.988000393E0,-4.972950459E0
3.869624714E2,9.262950897E0,6.199050426E0,-4.717050076E0
3.869649151E2,1.207095051E1,6.879000187E0,-8.328000069E0
3.869673586E2,9.045000076E0,8.703000069E0,-1.000905037E1
3.869698023E2,4.291950226E0,9.988950729E0,-7.345950127E0
3.869722459E2,5.920050144E0,1.002195072E1,-2.272950172E0
3.869746896E2,1.254495049E1,9.298950195E0,-4.063950062E0
3.869771330E2,1.093905067E1,8.020950317E0,-8.218050003E0
3.869795767E2,3.526050091E0,7.614000320E0,-8.353950500E0
3.869820203E2,4.837950230E0,6.436050415E0,-4.747950077E0
3.869844640E2,9.760950089E0,6.445050240E0,-2.670000076E0
3.869869077E2,1.024005032E1,7.609050274E0,-4.866000175E0
3.869893512E2,3.796950102E0,7.795950413E0,-3.118050098E0
3.869917949E2,1.122000098E0,9.784950256E0,4.165050030E0
3.869942385E2,5.830500126E-1,1.104000092E1,4.572000027E0
3.869966822E2,1.804050088E0,1.179900074E1,-1.807950139E0
3.869991257E2,2.487000227E0,1.310400105E1,1.954950094E0
3.870015694E2,2.674050093E0,1.333395100E1,9.510000348E-1
3.870040130E2,2.556000233E0,1.052505016E1,2.205000073E-2
3.870064567E2,1.651050091E0,8.334000587E0,-5.560500026E-1
3.870089001E2,1.732950091E0,1.033800030E1,-1.570950031E0
3.870113438E2,3.658050060E0,1.110900021E1,-1.617000103E0
3.870137875E2,2.776950121E0,8.662050247E0,-1.200000048E-1
3.870162311E2,3.250500262E-1,8.728950500E0,-1.638000131E0
3.870186748E2,7.770000100E-1,1.227105045E1,-1.489950061E0
3.870211183E2,2.566050053E0,1.319505024E1,1.903950095E0
3.870235620E2,2.719050169E0,1.217700100E1,-1.486950040E0
3.870260056E2,1.600950122E0,1.206705093E1,-1.981050134E0
3.870284493E2,-3.304050207E0,1.745400047E1,1.249500066E-1
3.870308928E2,-4.942050457E0,1.473405075E1,1.018050075E0
3.870333365E2,-4.039050102E0,1.272300053E1,4.150500298E-1
3.870357801E2,-4.348050117E0,1.217700100E1,-2.035950184E0
3.870382238E2,-3.594000101E0,8.509050369E0,-5.907000065E0
3.870406672E2,-2.902050257E0,6.184050083E0,3.259950161E0
3.870431109E2,-2.452050209E0,4.060950279E0,7.696050167E0
3.870455546E2,-2.209950209E0,7.489050388E0,3.178050041E0
3.870479982E2,-2.464050055E0,9.939000130E0,3.991950274E0
3.870504419E2,-3.760500252E-1,8.377950668E0,5.046000004E0
3.870528854E2,2.532000065E0,7.141950130E0,7.840050220E0
3.870553291E2,2.389050007E0,8.701050758E0,5.764050484E0
3.870577727E2,6.000000238E-1,8.215050697E0,4.480950356E0
3.870602164E2,-7.830000520E-1,8.812950134E0,3.871950150E0
3.870626598E2,7.060500383E-1,9.469050407E0,7.627050400E0
3.870651034E2,4.033950329E0,5.224050045E0,7.054050446E0
3.870675471E2,3.085050106E0,3.831000090E0,4.981050014E0
3.870699906E2,1.941000104E0,6.706050396E0,4.426050186E0
3.870724343E2,1.441050053E0,5.430000305E0,3.195000172E0
3.870748780E2,1.630050063E0,2.317950010E0,4.861050129E0
3.870773216E2,-7.249500155E-1,4.180050373E0,1.525950074E0
3.870797653E2,-1.980000138E0,3.900000095E0,-1.789050102E0
3.870822087E2,-6.679500341E-1,6.646050453E0,3.820500076E-1
3.870846525E2,9.073950768E0,9.235050201E0,1.084500027E1
3.870870961E2,1.753305054E1,9.600000083E-2,-1.162200069E1
3.870895398E2,2.869695091E1,-9.576000214E0,-4.101900101E1
3.870919832E2,2.683905220E1,-9.871050835E0,-5.290500259E1
3.870944269E2,2.128905106E1,-1.170705032E1,-5.024700165E1
3.870968705E2,1.660605049E1,-1.010100079E1,-3.647700119E1
3.870993142E2,1.038795090E1,-5.559000492E0,-2.332095146E1
3.871017577E2,5.817000389E0,-1.938000083E0,-1.555095100E1
3.871042014E2,4.978950024E0,-9.810000658E-1,-5.376000404E0
3.871066451E2,3.463950157E0,-1.759050131E0,4.323000431E0
3.871090887E2,8.560500145E-1,-9.780000448E-1,8.689949989E0
3.871115324E2,-1.750500053E-1,-7.939500213E-1,2.671050072E0
3.871139759E2,1.759050131E0,1.402950048E0,-1.969500035E-1
3.871164195E2,3.646050215E0,2.389050007E0,-8.220000267E-1
3.871188632E2,2.152050018E0,1.252050042E0,3.157050133E0
3.871213068E2,1.600500047E-1,3.625050068E0,-2.160000056E-1
3.871237503E2,1.768950105E0,4.374000072E0,-9.048000336E0
3.871261940E2,6.262950420E0,9.313950539E0,-1.264005089E1
3.871286376E2,4.393050194E0,1.396605110E1,-7.521000385E0
3.871310813E2,2.391000032E0,1.678050041E0,-8.500050545E0
3.871335248E2,-8.760000467E-1,3.129000187E0,-2.316000223E0
3.871359685E2,-1.890000105E-1,1.122000027E1,-1.687950134E0
3.871384122E2,2.295000076E0,1.866795158E1,3.997050285E0
3.871408558E2,2.961000204E0,1.281900024E1,6.019500494E-1
3.871432995E2,1.395000100E0,1.000995064E1,1.689000130E0
3.871457429E2,1.867050052E0,1.524195099E1,3.316950083E0
3.871481866E2,4.138950348E0,1.654695129E1,8.599500656E-1
3.871506303E2,3.571050167E0,1.359000111E1,3.102000237E0
3.871530739E2,3.334050179E0,1.333095074E1,1.240950108E0
3.871555174E2,3.181050062E0,1.134600067E1,-1.822950125E0
3.871579611E2,2.662050009E0,1.072200012E1,-2.469000101E0
3.871604047E2,3.397050142E0,1.267995071E1,-3.640500307E-1
3.871628484E2,3.576000214E0,1.362300110E1,1.366050124E0
3.871652921E2,6.739500165E-1,1.387005043E1,3.994950294E0
3.871677356E2,-4.174950123E0,1.233000088E1,3.364950180E0
3.871701793E2,-4.888950348E0,1.014900017E1,-3.987000227E0
3.871726229E2,-4.009950161E0,1.000995064E1,6.196950436E0
3.871750666E2,-3.523950100E0,8.266950607E0,8.848050117E0
3.871775100E2,2.805000171E-2,6.631950378E0,6.673950195E0
3.871799537E2,2.710050106E0,5.691000462E0,4.369950294E0
3.871823974E2,3.847050190E0,4.882050037E0,6.966000557E0
3.871848408E2,3.208050251E0,3.223050117E0,7.573950291E0
3.871872845E2,3.961950302E0,3.402000189E0,2.620050192E0
3.871897281E2,4.246950150E0,1.594800091E1,-1.030500084E-1
3.871921718E2,2.998950243E0,1.212495041E1,2.457000017E0
3.871946153E2,3.238950253E0,1.032600021E1,4.087950230E0
3.871970590E2,3.210000038E0,1.267005062E1,2.377950191E0
3.871995026E2,2.295000076E0,1.320900059E1,8.869500160E-1
3.872019463E2,2.479950190E0,1.363095093E1,2.532000065E0
3.872043900E2,3.052050114E0,1.530705070E1,3.561000109E0
3.872068334E2,3.400950193E0,1.506195068E1,3.066000223E0
3.872092771E2,2.554050207E0,1.225095081E1,2.793000221E0
3.872117207E2,2.346000195E0,1.270395088E1,2.596050024E0
3.872141644E2,3.198000193E0,1.782795143E1,-5.392050266E0
3.872166079E2,4.821000099E0,1.622805023E1,-1.440000087E-1
3.872190516E2,1.452300072E1,1.383600044E1,1.386105061E1
3.872214952E2,1.906305122E1,8.410950661E0,-1.707900047E1
3.872239389E2,2.860050201E0,1.182495022E1,-2.939505196E1
3.872263826E2,1.006005001E1,1.149000072E1,-4.882200241E1
3.872288260E2,5.206950188E0,1.632405090E1,-3.396105194E1
3.872312697E2,1.897950053E0,1.055595016E1,-1.927005005E1
3.872337133E2,6.303000450E0,1.290495014E1,-2.098050117E0
3.872361570E2,6.544950485E0,1.488795090E1,7.773000240E0
3.872386005E2,3.933000088E0,1.296300030E1,5.923950195E0
3.872410442E2,2.166000128E0,9.376049995E0,3.340950251E0
3.872434878E2,1.323000073E0,8.446949959E0,2.398050070E0
3.872459315E2,5.122950077E0,9.895050049E0,4.416000366E0
3.872483749E2,7.050000191E0,1.073595047E1,-2.787000179E0
3.872508186E2,3.139950037E0,7.779000282E0,-1.350000054E-1
3.872532623E2,2.512950182E0,1.142505074E1,5.040000081E-1
3.872557060E2,7.411950588E0,1.165995026E1,-1.112895012E1
3.872581494E2,8.563950539E0,1.126305008E1,-1.360005093E1
3.872605931E2,5.523000240E0,1.225095081E1,-8.596050262E0
3.872630367E2,9.330000281E-1,1.113600063E1,-4.147050381E0
3.872654804E2,1.951050043E0,1.043700027E1,1.600050092E0
3.872679241E2,5.508000374E0,1.045305061E1,-9.900000691E-2
3.872703676E2,8.002950668E0,1.022400093E1,-4.054049969E0
3.872728113E2,4.273050308E0,8.265000343E0,-4.147050381E0
3.872752549E2,1.339950085E0,9.583950043E0,-2.449500114E-1
3.872776986E2,5.631000042E0,1.142100048E1,1.540500075E-1
3.872801421E2,8.961000443E0,1.024695015E1,-5.778000355E0
3.872825857E2,5.434050083E0,9.160050392E0,-6.496050358E0
3.872850294E2,1.512000084E0,9.649050713E0,-1.798950076E0
3.872874731E2,2.917950153E0,9.900000572E0,5.370000005E-1
3.872899168E2,5.503950119E0,1.224705029E1,-2.653050184E0
3.872923602E2,3.721950293E0,9.414000511E0,-3.931950092E0
3.872948039E2,1.261050105E0,7.602000237E0,-2.574000120E0
3.872972475E2,1.603050113E0,6.687000275E0,-5.200500488E-1
3.872996912E2,6.571950436E0,7.626000404E0,-2.014050007E0
3.873021347E2,7.800000191E0,7.870050430E0,-5.842950344E0
3.873045784E2,3.969000101E0,7.201950550E0,-6.657000542E0
3.873070220E2,8.440500498E-1,6.049950123E0,-2.538000107E0
3.873094654E2,3.094950199E0,7.231050491E0,-4.549500346E-1
3.873119091E2,7.219950199E0,8.049000740E0,-3.987000227E0
3.873143528E2,5.506050110E0,7.168050289E0,-6.433950424E0
3.873167964E2,2.463000059E0,7.567950249E0,-4.972950459E0
3.873192399E2,4.527000427E0,9.232050896E0,-3.094050169E0
3.873216836E2,6.217050076E0,7.369950294E0,-5.670000076E0
3.873241272E2,4.048050404E0,6.723000526E0,-6.465000153E0
3.873265709E2,5.929500461E-1,5.368050098E0,-3.952950239E0
3.873290146E2,1.596000075E0,4.389000416E0,-1.111050010E0
3.873314581E2,7.146000385E0,6.238950253E0,-2.443050146E0
3.873339017E2,6.910950184E0,3.120000124E0,-4.972950459E0
3.873363454E2,3.688950062E0,4.213950157E0,-4.626000404E0
3.873387891E2,1.219950080E0,6.337950230E0,-7.260000110E-1
3.873412325E2,3.004050255E0,8.164050102E0,3.070500195E-1
3.873436762E2,4.728000164E0,8.767950058E0,-2.020500153E-1
3.873461198E2,4.093050003E0,7.096950531E0,-1.735950112E0
3.873485635E2,2.323950052E0,6.091050148E0,-3.076950073E0
3.873510070E2,2.688000202E0,5.535000324E0,-2.485950232E0
3.873534507E2,5.889000416E0,5.950050354E0,-5.481000423E0
3.873558944E2,6.160050392E0,5.416050434E0,-8.644050598E0
3.873583380E2,3.448950052E0,6.076950073E0,-6.739950180E0
3.873607817E2,2.200050116E0,8.860950470E0,-2.128950119E0
3.873632251E2,5.986950397E0,8.473050117E0,-2.871000051E0
3.873656688E2,6.765000343E0,8.041950226E0,-5.529000282E0
3.873681124E2,1.885950089E0,7.080000401E0,-2.344050169E0
3.873705561E2,-8.805000782E-2,6.309000492E0,8.479500413E-1
3.873729996E2,4.993950367E0,7.006050110E0,-1.264950037E0
3.873754433E2,7.600950241E0,7.444050312E0,-6.313950062E0
3.873778869E2,4.387950420E0,6.450000286E0,-5.767950058E0
3.873803306E2,7.410000563E-1,6.972000122E0,1.009500027E-1
3.873827740E2,1.096050024E0,8.265000343E0,4.990500212E-1
3.873852177E2,3.315000057E0,1.328100109E1,2.443050146E0
3.873876613E2,4.311000347E0,1.212495041E1,2.809500098E-1
3.873901050E2,1.645950079E0,6.847950459E0,-2.464050055E0
3.873925487E2,2.254950047E0,6.442950249E0,-4.018050194E0
3.873949922E2,4.218000412E0,7.056000233E0,-6.001050472E0
3.873974359E2,4.833000183E0,7.318950176E0,-7.633050442E0
3.873998795E2,2.455950022E0,7.798050404E0,-6.556050301E0
3.874023232E2,6.190500259E-1,8.023050308E0,-8.430000544E-1
3.874047666E2,1.888050079E0,8.209950447E0,1.248000026E0
3.874072103E2,3.600000143E0,1.072605038E1,-2.380500138E-1
3.874096540E2,2.698050022E0,7.537050247E0,-1.990500093E-1
3.874120976E2,1.318050027E0,4.345950127E0,9.660000205E-1
3.874145413E2,1.090950012E0,5.691000462E0,-8.290500641E-1
3.874169848E2,2.116050005E0,1.004400063E1,6.190500259E-1
3.874194285E2,2.524950027E0,7.935000420E0,2.314050198E0
3.874218721E2,1.881000042E0,4.414950371E0,-7.590000629E-1
3.874243158E2,1.690050125E0,6.274950504E0,-3.111000061E0
3.874267593E2,3.202950239E0,1.122000027E1,7.995000482E-2
3.874292029E2,2.710050106E0,1.001295090E1,8.959500194E-1
3.874316466E2,1.540950060E0,5.559000492E0,-4.549500346E-1
3.874340900E2,1.479000092E0,5.835000515E0,-9.850500226E-1
3.874365337E2,1.402050018E0,9.220050812E0,-3.499500155E-1
3.874389774E2,1.984050035E0,9.508050919E0,4.579500258E-1
3.874414210E2,1.258950114E0,7.413000584E0,3.900000080E-2
3.874438645E2,-3.214950085E0,1.480095100E1,2.569500208E-1
3.874463082E2,-4.345050335E0,1.162695026E1,1.318050027E0
3.874487518E2,-3.867000103E0,9.358950615E0,7.380000353E-1
3.874511955E2,-3.553050280E0,9.192000389E0,8.410500288E-1
3.874536392E2,-2.470950127E0,5.995050430E0,5.680500269E-1
3.874560826E2,-3.187050104E0,6.964950562E0,5.760000348E-1
3.874585263E2,-2.914050102E0,5.196000099E0,6.400500536E-1
3.874609699E2,-1.441050053E0,2.523000002E0,3.340500295E-1
3.874634136E2,8.989500403E-1,2.470950127E0,1.765950084E0
3.874658571E2,2.653950214E0,4.267050266E0,5.476950169E0
3.874683008E2,3.507000208E0,5.839950085E0,2.764050245E0
3.874707444E2,3.792000294E0,6.469050407E0,5.362050056E0
3.874731881E2,6.471000195E0,6.694050312E0,4.299000263E0
3.874756316E2,1.375950098E0,3.876000166E0,4.155000210E0
3.874780752E2,2.719500065E-1,2.941950083E0,3.231000185E0
3.874805189E2,3.850500286E-1,3.601050138E0,3.669000149E0
3.874829625E2,7.099500299E-1,2.986050129E0,6.187950134E0
3.874854062E2,5.710500479E-1,2.866050243E0,1.257105064E1
3.874878497E2,1.656300163E1,2.052000046E0,6.171000481E0
3.874902934E2,3.294900131E1,7.800000310E-1,-3.130605125E1
3.874927370E2,4.841895294E1,-8.641950607E0,-6.302805328E1
3.874951807E2,3.921495056E1,-1.147995090E1,-6.816105652E1
3.874976242E2,2.224005127E1,-7.282950401E0,-6.635295105E1
3.875000678E2,1.162800026E1,-2.245050192E0,-5.212905121E1
3.875025115E2,3.169050217E0,-1.048050046E0,-1.950405121E1
3.875049552E2,3.000000119E-2,-3.319500089E-1,1.722000122E0
3.875073986E2,1.057050109E0,4.095000029E-2,1.434705067E1
3.875098423E2,1.627050042E0,1.192050099E0,1.956705093E1
3.875122859E2,-1.905000024E-2,-8.505000174E-2,3.739500046E-1
3.875147296E2,1.041900063E1,4.092105103E1,-1.287495041E1
3.875171733E2,1.181295013E1,3.659895325E1,1.320795059E1
3.875196168E2,6.105000153E-2,1.120050073E0,8.479500413E-1
3.875220605E2,-1.960500032E-1,-2.070000172E-1,-1.920000017E-1
3.875245041E2,-7.605000585E-2,-1.980000138E-1,8.505000174E-2
3.875269478E2,-5.205000192E-2,-2.530499995E-1,1.519500017E-1
3.875293912E2,4.500000179E-2,1.264050007E0,-1.795950055E0
3.875318349E2,8.280000687E-1,4.333950043E0,-6.397950172E0
3.875342786E2,9.469500184E-1,1.755000114E0,8.770500422E-1
3.875367222E2,7.285050392E0,2.924895096E1,1.052400017E1
3.875391657E2,6.865950108E0,2.791995049E1,3.552000284E0
3.875416094E2,-2.037000179E0,1.342950106E0,-4.147050381E0
3.875440531E2,-3.900000155E-1,-4.249500334E-1,3.694950104E0
3.875464967E2,3.559500277E-1,-2.805000171E-2,4.039950371E0
3.875489402E2,3.190950155E0,3.238950253E0,-1.960950136E0
3.875513839E2,1.663050056E0,2.216400146E1,1.999950051E0
3.875538275E2,-6.270000339E-1,5.755950451E0,2.884050131E0
3.875562712E2,-7.849500179E-1,9.157950401E0,4.131000042E0
3.875587146E2,-3.595950127E0,1.075995064E1,4.251000404E0
3.875611583E2,-1.860000134E0,7.177950382E0,-3.690000176E-1
3.875636019E2,1.174950004E0,1.099005032E1,3.963000298E0
3.875660456E2,4.254000187E0,7.144050121E0,7.191000462E0
3.875684891E2,7.584000587E0,8.533050537E0,5.635050297E0
3.875709328E2,6.787050247E0,1.022595024E1,5.920050144E0
3.875733764E2,7.551000595E0,1.169595051E1,5.194050312E0
3.875758201E2,8.520000458E0,1.224195099E1,5.742000103E0
3.875782638E2,6.046950340E0,1.051095009E1,5.103000164E0
3.875807073E2,3.243000269E0,9.409049988E0,3.580050230E0
3.875831509E2,2.518050194E0,9.559950829E0,4.392000198E0
3.875855946E2,3.382050276E0,9.619950294E0,4.861050129E0
3.875880382E2,3.528000116E0,1.020405006E1,2.649000168E0
3.875904817E2,2.628000021E0,1.036695004E1,1.810950041E0
3.875929254E2,3.040050030E0,1.133400059E1,1.132950068E0
3.875953690E2,3.363000154E0,1.355595112E1,1.567050099E0
3.875978127E2,3.157050133E0,1.489200115E1,2.290050030E0
3.876002562E2,2.926950216E0,1.172700024E1,3.304950237E0
3.876026998E2,1.096050024E0,8.494950294E0,9.799500704E-1
3.876051435E2,-6.340500116E-1,1.242900085E1,-1.009995079E1
3.876075872E2,1.048050046E0,1.050405025E1,-4.176000118E0
3.876100309E2,4.254000187E0,1.170300102E1,6.895950317E0
3.876124743E2,5.434050083E0,1.431795025E1,6.547050476E0
3.876149180E2,2.473200035E1,9.855000496E0,2.328000069E0
3.876173616E2,8.880000114E0,1.362600040E1,-2.266200066E1
3.876198053E2,3.600000143E0,8.452050209E0,-1.954695129E1
3.876222488E2,3.784950256E0,9.430950165E0,-4.401900101E1
3.876246925E2,3.076050043E0,1.324695110E1,-3.377700043E1
3.876271361E2,1.480500102E-1,1.066905022E1,-3.305595016E1
3.876295798E2,4.432950020E0,9.799950600E0,-2.519805145E1
3.876320235E2,3.013950109E0,6.232050419E0,-4.933050156E0
3.876344669E2,2.032050133E0,7.699950218E0,4.608000278E0
3.876369106E2,4.579050064E0,2.310495186E1,9.877050400E0
3.876393542E2,4.036050320E0,1.688205147E1,1.011000037E0
3.876417979E2,9.829500318E-1,5.586000443E0,1.746000051E0
3.876442414E2,1.050000072E0,7.396050453E0,2.923950195E0
3.876466851E2,1.681950092E0,1.493295097E1,2.728050232E0
3.876491287E2,3.763050079E0,1.323795033E1,4.243950367E0
3.876515724E2,2.544000149E0,7.528050423E0,1.750950098E0
3.876540158E2,2.431950092E0,8.215050697E0,-5.869500041E-1
3.876564595E2,5.152050018E0,1.312500095E1,1.986000061E0
3.876589031E2,4.579050064E0,1.363995075E1,6.259500384E-1
3.876613468E2,1.833000064E0,9.448050499E0,3.312000275E0
3.876637903E2,8.800500631E-1,7.120950222E0,1.737000108E0
3.876662340E2,1.054949999E0,1.085805035E1,-4.750950336E0
3.876686776E2,1.065105057E1,8.899050713E0,-4.521000385E0
3.876711213E2,9.538050652E0,6.469050407E0,-2.383800125E1
3.876735648E2,1.242000103E0,7.828950405E0,-1.330995083E1
3.876760085E2,-1.939500123E-1,8.767950058E0,-4.051949978E0
3.876784521E2,2.893950224E0,1.111395073E1,2.017050028E0
3.876808958E2,3.888000250E0,1.238295078E1,2.629950047E0
3.876833392E2,2.985000134E0,8.635950089E0,8.839500546E-1
3.876857829E2,1.303950071E0,5.872950077E0,3.030000210E0
3.876882265E2,6.960000396E-1,6.055050373E0,1.171950102E0
3.876906702E2,6.402000427E0,8.212050438E0,-1.426950097E0
3.876931139E2,4.852050304E0,7.177950382E0,-3.666000128E0
3.876955574E2,3.567000151E0,6.856950283E0,-7.300950527E0
3.876980011E2,2.784000158E0,9.105000496E0,-1.032705021E1
3.877004447E2,6.241050243E0,8.464050293E0,-9.297000885E0
3.877028884E2,4.587000370E0,6.541050434E0,-9.879000664E0
3.877053319E2,5.310000181E-1,6.226950169E0,-5.754000187E0
3.877077755E2,7.150500417E-1,4.972950459E0,-1.485000014E0
3.877102192E2,4.693950176E0,5.095050335E0,-1.312950015E0
3.877126628E2,7.603050232E0,3.534000158E0,-2.955000162E0
3.877151063E2,4.435950279E0,2.182950020E0,-2.158050060E0
3.877175500E2,1.464000106E0,3.850050211E0,1.417950034E0
3.877199936E2,2.551050186E0,9.205950737E0,2.896050215E0
3.877224373E2,3.994950294E0,1.213695049E1,7.000500560E-1
3.877248808E2,1.668000102E0,7.449000359E0,2.077050209E0
3.877273245E2,2.290500104E-1,4.563000202E0,-1.939500123E-1
3.877297681E2,2.547000170E0,5.530950069E0,-1.327050090E0
3.877322118E2,4.524000168E0,7.396050453E0,-6.778950214E0
3.877346553E2,5.299950123E0,4.504050255E0,-8.268000603E0
3.877370990E2,2.374050140E0,5.827950478E0,-7.365000248E0
3.877395426E2,2.769000053E0,9.046050072E0,-2.662950039E0
3.877419863E2,5.817000389E0,9.316050529E0,-2.754000187E0
3.877444300E2,4.000050068E0,8.188050270E0,-3.558000088E0
3.877468734E2,3.199500144E-1,8.215050697E0,-7.020000219E-1
3.877493171E2,4.729500115E-1,7.089000225E0,3.030000031E-1
3.877517607E2,6.081000328E0,6.043050289E0,-4.427999973E0
3.877542044E2,6.574050426E0,5.325000286E0,-7.839000225E0
3.877566479E2,1.644000053E0,4.642050266E0,-3.979950190E0
3.877590916E2,9.190500379E-1,6.487950325E0,1.416000009E0
3.877615352E2,2.914950132E0,9.583950043E0,6.379500031E-1
3.877639789E2,3.391950130E0,1.087500095E1,-6.090000272E-1
3.877664226E2,1.383000016E0,8.059050560E0,2.809500098E-1
3.877688660E2,1.800000109E-2,5.488050461E0,-5.580000281E-1
3.877713097E2,2.542050123E0,5.020950317E0,-4.135050297E0
3.877737533E2,6.547950268E0,5.061000347E0,-9.160950661E0
3.877761970E2,5.319000244E0,3.048000097E0,-1.060500050E1
3.877786405E2,1.876050115E0,5.160000324E0,-6.487050533E0
3.877810842E2,4.471950054E0,7.192050457E0,-2.152950048E0
3.877835278E2,7.498050213E0,7.372050285E0,-5.292000294E0
3.877859715E2,3.339000225E0,5.854050159E0,-7.090050220E0
3.877884150E2,-6.799500585E-1,6.976950169E0,-2.317950010E0
3.877908587E2,4.420500100E-1,5.173950195E0,3.390000165E-1
3.877933024E2,6.504000187E0,4.915050030E0,-2.035950184E0
3.877957460E2,7.560000420E0,5.646000385E0,-3.022050142E0
3.877981897E2,3.538050175E0,3.658050060E0,1.050000079E-3
3.878006331E2,1.069050074E0,5.136000156E0,1.758000135E0
3.878030768E2,3.591000080E0,1.148505020E1,1.657950044E0
3.878055204E2,3.703050137E0,1.296000099E1,-1.389000058E0
3.878079639E2,1.807050109E0,8.587950706E0,-8.550000191E-1
3.878104076E2,1.309500039E-1,8.428050041E0,-3.589950085E0
3.878128512E2,1.678050041E0,8.337000847E0,-4.717050076E0
3.878152949E2,4.480950356E0,8.955000877E0,-7.789050579E0
3.878177384E2,4.374000072E0,8.308050156E0,-8.395050049E0
3.878201821E2,3.150000095E0,8.737050056E0,-5.095950127E0
3.878226257E2,4.302000046E0,1.069800091E1,-1.705050111E0
3.878250694E2,5.464950085E0,1.162200069E1,-5.851950169E0
3.878275128E2,3.516000271E0,1.048005009E1,-5.038050175E0
3.878299565E2,9.859500527E-1,8.317950249E0,-2.449950218E0
3.878324002E2,9.949500561E-1,7.450950146E0,-4.429500103E-1
3.878348438E2,5.167950153E0,7.216050148E0,-4.770000458E0
3.878372875E2,6.847050190E0,5.406000137E0,-9.465000153E0
3.878397310E2,4.660950184E0,2.670000076E0,-5.245950222E0
3.878421747E2,3.655050278E0,5.911050320E0,-5.730000138E-1
3.878446184E2,5.025000095E0,9.591000557E0,1.360950112E0
3.878470620E2,3.550050259E0,1.054200077E1,7.290000319E-1
3.878495055E2,1.948050141E0,8.348999977E0,1.920000017E-1
3.878519492E2,7.129500508E-1,8.215050697E0,1.119000077E0
3.878543929E2,3.708000183E0,7.377000332E0,-2.467050076E0
3.878568365E2,5.511000156E0,6.876000404E0,-6.448050499E0
3.878592802E2,6.274950504E0,4.768950462E0,-6.514950275E0
3.878617236E2,4.018949986E0,5.758050442E0,-4.393949986E0
3.878641673E2,6.141000271E0,1.035300064E1,-2.893050194E0
3.878666109E2,7.990950584E0,1.144200039E1,-6.331050396E0
3.878690546E2,2.800950050E0,8.803950310E0,-4.786950111E0
3.878714981E2,6.190500259E-1,7.732950211E0,-1.360050082E0
3.878739418E2,2.377050161E0,6.826050282E0,-2.419500053E-1
3.878763854E2,7.885950565E0,8.208000183E0,-5.517000198E0
3.878788291E2,6.745950222E0,4.222949982E0,-5.838000298E0
3.878812725E2,3.969000101E0,4.788000107E0,-1.911000133E0
3.878837162E2,4.102950096E0,9.052950859E0,1.195950031E0
3.878861599E2,5.815050125E0,1.268700027E1,-1.396050096E0
3.878886035E2,3.439950228E0,1.186095047E1,2.505000122E-2
3.878910472E2,9.210000634E-1,1.030995083E1,-1.420500129E-1
3.878934907E2,-1.339500099E-1,8.806050301E0,-6.330000162E-1
3.878959344E2,2.914950132E0,8.011050224E0,-3.433950186E0
3.878983780E2,5.061000347E0,6.526950359E0,-7.582950592E0
3.879008217E2,5.824050426E0,4.642050266E0,-7.909050465E0
3.879032651E2,3.840000153E0,7.639950275E0,-3.834000111E0
3.879057088E2,6.586050510E0,1.086300087E1,-2.380050182E0
3.879081524E2,6.303000450E0,9.763950348E0,-6.397950172E0
3.879105961E2,1.654050112E0,9.418950081E0,-3.628050089E0
3.879130396E2,7.800000161E-2,8.374950409E0,-1.729500145E-1
3.879154833E2,2.956050158E0,7.414950371E0,-4.870500267E-1
3.879179269E2,7.290000439E0,6.847950459E0,-4.894050121E0
3.879203706E2,4.884000301E0,3.891000271E0,-4.059000015E0
3.879228141E2,2.725950241E0,6.129000187E0,3.499500155E-1
3.879252577E2,3.181050062E0,9.574950218E0,2.230050087E0
3.879277013E2,4.801950455E0,1.417395115E1,-1.078050017E0
3.879301450E2,2.575050116E0,1.330005074E1,1.239000082E0
3.879325887E2,1.275000095E0,1.043205070E1,-1.590000033E0
3.879350322E2,7.459500432E-1,9.318000793E0,-4.296000004E0
3.879374758E2,4.986000061E0,8.301000595E0,-6.388050079E0
3.879399195E2,4.560000420E0,6.318000317E0,-7.507050514E0
3.879423632E2,5.616000175E0,5.442000389E0,-9.108000755E0
3.879448066E2,5.707050323E0,7.719000340E0,-5.770950317E0
3.879472503E2,7.708950520E0,1.010895061E1,-7.602000237E0
3.879496939E2,4.632000446E0,8.928000450E0,-1.067700005E1
3.879521376E2,1.086000085E0,7.357950211E0,-7.471050262E0
3.879545811E2,1.042950034E0,6.874050140E0,-3.361950159E0
3.879570248E2,5.779050350E0,8.257950783E0,-4.834950447E0
3.879594684E2,4.807050228E0,4.759950161E0,-7.291050434E0
3.879619121E2,1.009950042E0,2.674050093E0,-2.086050034E0
3.879643556E2,3.180000186E-1,1.471950054E0,5.440500379E-1
3.879667992E2,3.535950184E0,6.163050175E0,1.147950053E0
3.879692429E2,6.202950478E0,1.357800102E1,1.792050123E0
3.879716866E2,3.243000269E0,5.515950203E0,-4.699500203E-1
3.879741300E2,2.262000084E0,4.480050087E0,1.350000054E-1
3.879765737E2,3.876000166E0,7.686000347E0,-4.377000332E0
3.879790173E2,7.038000107E0,7.053000450E0,-8.476050377E0
3.879814610E2,5.800950050E0,4.173000336E0,-7.389000416E0
3.879839045E2,2.944050074E0,4.495950222E0,-4.044000149E0
3.879863482E2,3.631050110E0,7.389000416E0,-1.348050117E0
3.879887918E2,7.681950569E0,1.162905025E1,-3.795000076E0
3.879912355E2,4.528950214E0,7.900950432E0,-4.677000046E0
3.879936792E2,1.917000055E0,6.559950352E0,-2.847000122E0
3.879961227E2,2.856000185E0,1.094400024E1,-3.132000208E0
3.879985664E2,6.540000439E0,1.201395035E1,-4.861050129E0
3.880010100E2,4.182000160E0,6.283050060E0,-4.618950367E0
3.880034537E2,9.349500537E-1,2.428050041E0,-1.048950076E0
3.880058971E2,3.064050198E0,8.083050728E0,1.119000077E0
3.880083408E2,7.018950462E0,1.672905159E1,-2.880000174E-1
3.880107845E2,3.649950266E0,1.133700085E1,-6.760500073E-1
3.880132282E2,9.709500670E-1,6.241950512E0,-1.332000017E0
3.880156718E2,3.850500286E-1,9.112950325E0,3.405000269E-2
3.880181153E2,5.365050316E0,1.518195057E1,-3.058050156E0
3.880205590E2,5.611050129E0,1.219905090E1,-5.526000500E0
3.880230026E2,3.294000149E0,6.529050350E0,-5.167050362E0
3.880254463E2,2.472000122E0,8.788949966E0,-1.461000085E0
3.880278898E2,5.896050453E0,1.201695061E1,-2.361000061E0
3.880303334E2,6.114000320E0,1.183005047E1,-7.096950531E0
3.880327771E2,1.675050020E0,9.049950600E0,-3.108000040E0
3.880352207E2,4.900500178E-1,6.535950184E0,9.390000701E-1
3.880376644E2,3.757950068E0,1.071405029E1,-1.560000032E-1
3.880401079E2,7.120050430E0,1.102305031E1,-4.789050102E0
3.880425516E2,3.955050230E0,3.010050058E0,-4.465950012E0
3.880449952E2,2.881950140E0,4.896000385E0,9.160500169E-1
3.880474389E2,5.845950127E0,1.252695084E1,0.000000000E0
3.880498823E2,5.596950054E0,1.345305061E1,-5.010000467E-1
3.880523260E2,2.602050066E0,9.024000168E0,-4.630500078E-1
3.880547696E2,4.450500309E-1,8.605050087E0,-1.129500046E-1
3.880572133E2,2.805000067E0,1.013505077E1,-5.280000210E0
3.880596568E2,8.635050774E0,7.729050159E0,-1.011900043E1
3.880621005E2,7.137000561E0,3.417000055E0,-1.051605034E1
3.880645441E2,4.144050121E0,5.782050133E0,-4.866000175E0
3.880669878E2,7.078950405E0,8.707950592E0,-1.657050133E0
3.880694313E2,8.674050331E0,1.083600044E1,-6.379050255E0
3.880718750E2,2.317050219E0,7.978050232E0,-8.317950249E0
3.880743186E2,-5.430000424E-1,6.757050514E0,-2.569950104E0
3.880767623E2,1.764000058E0,8.350950241E0,1.210500076E-1
3.880792057E2,7.816950321E0,9.100950241E0,-3.714000225E0
3.880816494E2,4.816050053E0,3.196050167E0,-5.620050430E0
3.880840931E2,2.017950058E0,1.281000018E0,-5.200500488E-1
3.880865367E2,2.491950035E0,5.989950180E0,1.639050126E0
3.880889802E2,7.198950291E0,1.323105049E1,1.519500017E-1
3.880914239E2,4.951050282E0,9.763950348E0,-1.819950104E0
3.880938676E2,1.222950101E0,6.631950378E0,-1.200000048E-1
3.880963112E2,5.980500579E-1,9.775950432E0,1.545000076E0
3.880987549E2,3.969000101E0,1.187100029E1,-2.983950138E0
3.881011984E2,5.398050308E0,7.896000385E0,-6.778950214E0
3.881036421E2,3.409050226E0,4.755000114E0,-5.895000458E0
3.881060857E2,4.110000134E0,7.651950359E0,-3.220950127E0
3.881085294E2,8.242950439E0,1.197105026E1,-3.754950285E0
3.881109728E2,5.353050232E0,9.060000420E0,-5.758950233E0
3.881134165E2,8.419500589E-1,6.888000488E0,-2.179050207E0
3.881158601E2,6.379500031E-1,8.562000275E0,8.460000157E-1
3.881183038E2,4.227000237E0,1.263495064E1,-7.020000219E-1
3.881207473E2,2.935050249E0,8.989950180E0,-2.890050173E0
3.881231910E2,1.110000014E0,1.515000105E0,-1.131000042E0
3.881256346E2,2.863050222E0,2.689050198E0,-8.959500194E-1
3.881280783E2,9.295950890E0,1.243800068E1,-3.919950247E0
3.881305218E2,6.433050156E0,1.154295063E1,-2.071950197E0
3.881329655E2,2.496000051E0,6.414000511E0,-1.990050077E0
3.881354091E2,4.879500270E-1,5.607000351E0,1.837050080E0
3.881378528E2,3.021000147E0,1.086795044E1,7.069500089E-1
3.881402963E2,6.481050491E0,1.223205090E1,-3.355050087E0
3.881427400E2,6.235950470E0,3.127050161E0,-6.439050198E0
3.881451836E2,5.044050217E0,4.659000397E0,-4.657050133E0
3.881476273E2,8.532000542E0,8.482950211E0,-3.838950157E0
3.881500710E2,6.610050201E0,7.846050262E0,-7.060950279E0
3.881525144E2,9.109500647E-1,6.096000195E0,-4.914000034E0
3.881549581E2,-4.500000179E-2,6.658050537E0,1.653000116E0
3.881574017E2,3.667050123E0,1.023300076E1,9.559500217E-1
3.881598454E2,5.647050381E0,8.089950562E0,-2.695950031E0
3.881622889E2,4.129050255E0,2.029950142E0,-3.214050055E0
3.881647326E2,3.151950121E0,2.085000038E0,1.183950067E0
3.881671762E2,6.187950134E0,8.023050308E0,-7.710000277E-1
3.881696199E2,7.648950577E0,1.078395081E1,-2.244000196E0
3.881720636E2,3.595050097E0,7.426950455E0,-3.810000181E0
3.881745070E2,3.060000241E-1,7.507950306E0,4.009500146E-1
3.881769507E2,1.759050131E0,1.040100002E1,6.160500050E-1
3.881793943E2,4.804950237E0,1.276395035E1,-4.729050159E0
3.881818380E2,6.804000378E0,6.330000401E0,-7.035000324E0
3.881842815E2,5.106000423E0,4.530000210E0,-5.176950455E0
3.881867252E2,6.385050297E0,8.815950394E0,-3.439050198E0
3.881891688E2,7.804950237E0,1.089900017E1,-5.040000439E0
3.881916125E2,2.653950214E0,8.149950027E0,-4.168950081E0
3.881940559E2,1.999500096E-1,7.698000431E0,7.380000353E-1
3.881964996E2,1.534050107E0,1.087500095E1,1.038000107E0
3.881989433E2,5.413050175E0,1.207395077E1,-4.198050022E0
3.882013869E2,4.120050430E0,4.836000443E0,-5.151000023E0
3.882038306E2,2.464950085E0,3.955050230E0,-9.600000083E-2
3.882062741E2,5.058000088E0,1.038195038E1,1.106999993E0
3.882087178E2,8.920050621E0,1.271595097E1,-3.067950249E0
3.882111614E2,5.425050259E0,1.009395027E1,-5.830950260E0
3.882136051E2,1.420950055E0,9.859950066E0,-2.373000145E0
3.882160486E2,7.920000553E-1,1.169100094E1,-5.560500026E-1
3.882184923E2,4.723050117E0,1.285005093E1,-5.040000439E0
3.882209359E2,7.018950462E0,7.908000469E0,-6.913050175E0
3.882233796E2,4.491000175E0,6.667950153E0,-4.597949982E0
3.882258233E2,6.535950184E0,9.085950851E0,-2.989050150E0
3.882282667E2,9.205050468E0,8.986050606E0,-6.489000320E0
3.882307104E2,3.507000208E0,8.485050201E0,-7.152000427E0
3.882331540E2,1.279500127E-1,7.075050354E0,-1.426950097E0
3.882355977E2,2.743050098E0,8.740950584E0,1.050000079E-3
3.882380412E2,7.603050232E0,9.682050705E0,-4.693050385E0
3.882404849E2,6.319950104E0,4.755000114E0,-6.724050522E0
3.882429285E2,3.388950109E0,3.406950235E0,-1.345950007E0
3.882453720E2,5.503950119E0,7.852950573E0,1.153050065E0
3.882478156E2,8.704950333E0,1.148505020E1,-4.270500243E-1
3.882502593E2,6.085050106E0,1.059495068E1,-3.616050243E0
3.882527030E2,1.158000112E0,9.424050331E0,-1.851000071E0
3.882551464E2,-2.269500047E-1,9.249000549E0,4.129500091E-1
3.882575901E2,1.420950055E0,1.034805012E1,-2.325000048E0
3.882600338E2,3.265050173E0,7.483950138E0,-5.047950268E0
3.882624774E2,4.394999981E0,3.390000105E0,-4.969050407E0
3.882649211E2,5.299950123E0,6.133950233E0,-4.212000370E0
3.882673646E2,8.932050705E0,8.727000237E0,-6.217950344E0
3.882698083E2,4.045950413E0,7.767000198E0,-6.148950100E0
3.882722519E2,6.790500283E-1,6.727950096E0,-4.480500221E-1
3.882746956E2,1.072050095E0,9.733050346E0,7.410000563E-1
3.882771390E2,2.728950024E0,1.287600040E1,1.483050108E0
3.882795827E2,1.335000038E0,6.804000378E0,-2.376000166E0
3.882820264E2,1.222950101E0,1.282950044E0,-6.300000548E-1
3.882844700E2,3.319950104E0,4.111050129E0,-9.529500604E-1
3.882869137E2,7.960050583E0,1.049895096E1,-3.748050213E0
3.882893572E2,5.455950260E0,8.350950241E0,-4.618950367E0
3.882918009E2,1.174950004E0,7.165950298E0,-1.815000057E0
3.882942445E2,3.460500240E-1,7.765050411E0,2.539050102E0
3.882966882E2,2.812050104E0,1.252905083E1,-1.159050107E0
3.882991317E2,5.434050083E0,9.682050705E0,-6.942000389E0
3.883015753E2,4.503000259E0,4.422000408E0,-6.970050335E0
3.883040190E2,6.355950356E0,7.021950245E0,-6.264000416E0
3.883064627E2,8.032050133E0,8.482950211E0,-8.269950867E0
3.883089061E2,3.112050056E0,7.531950474E0,-7.702950478E0
3.883113498E2,5.670000315E-1,5.839950085E0,-2.526000023E0
3.883137934E2,3.670050144E0,7.968000412E0,3.705000132E-2
3.883162371E2,6.873000145E0,9.631950378E0,-5.251050472E0
3.883186806E2,4.137000084E0,4.575000286E0,-7.296000481E0
3.883211243E2,1.285050035E0,2.443950176E0,7.690500617E-1
3.883235679E2,3.610050201E0,4.759950161E0,2.785050154E0
3.883260116E2,8.017950058E0,9.706050873E0,-2.530950069E0
3.883284550E2,4.122000217E0,7.729050159E0,-2.797050238E0
3.883308987E2,1.108050108E0,6.912000179E0,-2.325000048E0
3.883333424E2,1.369050026E0,9.406949997E0,-2.380050182E0
3.883357860E2,6.576000214E0,1.047705078E1,-5.341950417E0
3.883382297E2,6.004050255E0,8.559000015E0,-7.534950256E0
3.883406732E2,4.594050407E0,7.372050285E0,-3.613050222E0
3.883431169E2,4.285050392E0,8.204999924E0,-2.191050053E0
3.883455605E2,6.172050476E0,1.086795044E1,-6.369000435E0
3.883480042E2,4.929000378E0,8.788949966E0,-7.674000263E0
3.883504476E2,1.255950093E0,7.077000141E0,-2.008949995E0
3.883528913E2,2.073000193E0,9.928950310E0,-4.429500103E-1
3.883553349E2,6.970950127E0,1.197900105E1,-5.383050442E0
3.883577786E2,5.962950230E0,8.290950775E0,-7.557000160E0
3.883602223E2,2.245050192E0,5.587950230E0,-3.345000267E0
3.883626658E2,2.793000221E0,9.424050331E0,4.870500267E-1
3.883651095E2,5.827050209E0,1.328595066E1,-1.624050021E0
3.883675531E2,4.819050312E0,1.110195065E1,-3.565950155E0
3.883699968E2,1.833000064E0,8.855999947E0,-3.934050083E0
3.883724402E2,1.810500026E-1,9.553050041E0,3.000000119E-2
3.883748839E2,3.196050167E0,1.209795094E1,-4.930050373E0
3.883773275E2,4.777950287E0,7.273950577E0,-8.055000305E0
3.883797712E2,3.483000278E0,4.884000301E0,-6.250050068E0
3.883822147E2,4.680000305E0,7.261950493E0,-3.052950144E0
3.883846584E2,6.913950443E0,6.639000416E0,-5.791950226E0
3.883871021E2,2.086950064E0,5.320050240E0,-5.845050335E0
3.883895457E2,-1.840500087E-1,4.321950436E0,6.090000272E-1
3.883919891E2,2.371950150E0,7.060950279E0,1.849050045E0
3.883944328E2,5.401050091E0,7.414950371E0,-2.845050097E0
3.883968764E2,2.431950092E0,2.653050184E0,-3.775950193E0
3.883993201E2,8.470500112E-1,1.615950108E0,-4.429500103E-1
3.884017636E2,4.845000267E0,4.537050247E0,-4.410000145E-1
3.884042073E2,7.138950348E0,8.076000214E0,-7.789500356E-1
3.884066509E2,3.124050140E0,6.867000103E0,-2.364000082E0
3.884090946E2,2.290500104E-1,5.586000443E0,-3.880500197E-1
3.884115380E2,1.606050134E0,9.796950340E0,-7.380000353E-1
3.884139817E2,5.155950069E0,1.081500053E1,-6.409950256E0
3.884164254E2,5.001000404E0,6.843000412E0,-9.396000862E0
3.884188690E2,2.947050095E0,5.715000153E0,-6.585000515E0
3.884213127E2,5.500950336E0,6.607950211E0,-3.891000271E0
3.884237562E2,6.865950108E0,7.483950138E0,-6.760050297E0
3.884261999E2,1.833000064E0,5.503950119E0,-5.148000240E0
3.884286435E2,2.430000156E-1,6.591000080E0,5.100000277E-2
3.884310872E2,4.510050297E0,8.260050774E0,-1.219050050E0
3.884335307E2,8.985000610E0,8.887950897E0,-5.661000252E0
3.884359744E2,4.285050392E0,5.119050026E0,-4.866000175E0
3.884384180E2,1.606050134E0,5.749050140E0,1.279050112E0
3.884408616E2,2.298000097E0,1.110000038E1,2.436000109E0
3.884433051E2,4.074000359E0,1.522800064E1,-6.570000052E-1
3.884457488E2,2.572950125E0,1.127700043E1,-1.047000051E0
3.884481925E2,1.423950076E0,9.699000359E0,1.509000063E0
3.884506361E2,1.069050074E0,1.432305050E1,1.066050053E0
3.884530798E2,4.407000065E0,1.609395027E1,-3.835950136E0
3.884555233E2,5.145000458E0,1.202595043E1,-4.996950150E0
3.884579670E2,4.462050438E0,1.022595024E1,-5.239050388E0
3.884604106E2,4.869000435E0,1.338405037E1,-5.005050182E0
3.884628543E2,6.298950195E0,1.411395073E1,-7.636050224E0
3.884652977E2,2.745000124E0,1.054395008E1,-4.648050308E0
3.884677414E2,9.859500527E-1,1.035495090E1,1.593000054E0
3.884701850E2,3.006000042E0,1.426005077E1,4.060500264E-1
3.884726287E2,6.126000404E0,1.255305099E1,-6.523050308E0
3.884750722E2,4.917000294E0,7.498950481E0,-5.416050434E0
3.884775159E2,5.058000088E0,7.135050297E0,-1.581000090E0
3.884799595E2,8.005949974E0,1.105200100E1,-6.880500317E-1
3.884824032E2,6.684000492E0,1.120995045E1,-2.941050053E0
3.884848469E2,4.359000206E0,7.645050526E0,-2.485950232E0
3.884872903E2,1.218000054E0,5.308050156E0,1.468950033E0
3.884897340E2,1.857000113E0,6.685050488E0,-4.188000202E0
3.884921776E2,2.128050089E0,6.412050247E0,-9.025050163E0
3.884946213E2,6.960000396E-1,8.980500698E-1,-5.719950199E0
3.884970648E2,3.270000219E0,7.759500146E-1,1.387050033E0
3.884995085E2,7.711050510E0,3.271050215E0,-2.188950062E0
3.885019521E2,4.618050098E0,2.563950062E0,-4.249950409E0
3.885043958E2,-2.970000207E-1,1.764000058E0,7.890000343E-1
3.885068393E2,2.282999992E0,4.306950092E0,2.042999983E0
3.885092829E2,8.416950226E0,6.064950466E0,-4.399050236E0
3.885117266E2,7.375950336E0,2.784000158E0,-6.879000187E0
3.885141703E2,1.630050063E0,4.696950436E0,-4.078050137E0
3.885166140E2,7.402050495E0,5.646000385E0,-1.435050011E0
3.885190574E2,1.166400051E1,7.279050350E0,-6.574950218E0
3.885215011E2,7.362000465E0,8.272050858E0,-7.660050392E0
3.885239447E2,2.980500162E-1,8.125950813E0,-3.715950251E0
3.885263884E2,2.310000062E-1,1.046100044E1,1.384950042E0
3.885288319E2,4.527000427E0,1.314195061E1,1.818000078E0
3.885312756E2,5.917950153E0,1.251495075E1,-7.140000463E-1
3.885337192E2,6.748950481E0,1.071195030E1,-5.503050327E0
3.885361629E2,7.243950367E0,1.218705082E1,-9.502950668E0
3.885386063E2,5.290950298E0,1.355595112E1,-1.227600098E1
3.885410499E2,1.168050051E0,1.204800034E1,-8.187000275E0
3.885434936E2,-6.610500216E-1,7.519950390E0,-1.870050073E0
3.885459373E2,2.785950184E0,9.826050758E0,-1.114050031E0
3.885483808E2,6.085050106E0,1.291005039E1,-7.861050606E0
3.885508245E2,4.761000156E0,6.922050476E0,-6.466950417E0
3.885532681E2,2.701950073E0,4.597050190E0,-1.341000080E0
3.885557118E2,5.233050346E0,7.705050468E0,1.519050121E0
3.885581552E2,6.172050476E0,1.051305008E1,-2.770950079E0
3.885605989E2,3.837000132E0,9.682050705E0,-3.412050247E0
3.885630426E2,8.130000234E-1,4.209000111E0,1.380000114E0
3.885654862E2,-7.129500508E-1,3.081000090E0,4.135950089E0
3.885679297E2,3.331950188E0,8.527950287E0,-1.216950059E0
3.885703734E2,4.797000408E0,4.045950413E0,-4.498950005E0
3.885728171E2,6.673950195E0,4.032000065E0,-2.416050196E0
3.885752607E2,7.084050179E0,7.123050213E0,-3.240000248E0
3.885777044E2,4.972050190E0,7.870050430E0,-5.698950291E0
3.885801479E2,5.500500202E-1,7.501050472E0,-2.794950247E0
3.885825916E2,-6.439500451E-1,5.892000198E0,2.208000183E0
3.885850352E2,3.283950090E0,8.986050606E0,-8.910000324E-1
3.885874789E2,5.784000397E0,7.116000175E0,-6.618000507E0
3.885899223E2,4.930950165E0,3.370950222E0,-4.825050354E0
3.885923660E2,3.945000172E0,4.603950024E0,-1.333950043E0
3.885948096E2,6.052050114E0,8.350950241E0,-9.559500217E-1
3.885972533E2,7.572000504E0,1.036200047E1,-3.409950256E0
3.885996968E2,2.580000162E0,8.694000244E0,-3.171000242E0
3.886021405E2,4.009500146E-1,7.852950573E0,8.580000401E-1
3.886045841E2,2.599050045E0,1.057800007E1,-2.565000057E0
3.886070278E2,4.483950138E0,9.643950462E0,-7.629000187E0
3.886094714E2,3.910950184E0,6.463950157E0,-8.482950211E0
3.886119149E2,6.490050316E0,6.613050461E0,-4.561950207E0
3.886143586E2,8.290950775E0,7.894050598E0,-4.557000160E0
3.886168022E2,2.970000029E0,7.357950211E0,-4.696050167E0
3.886192459E2,-1.395000052E-2,8.011050224E0,2.247000217E0
3.886216894E2,2.250000000E0,9.247050285E0,3.403050184E0
3.886241331E2,7.062000275E0,9.067049980E0,-2.485950232E0
3.886265767E2,4.972050190E0,7.075050354E0,-6.532050133E0
3.886290204E2,2.635050058E0,6.462000370E0,-2.296950102E0
3.886314641E2,2.848050117E0,8.308050156E0,5.970000029E-1
3.886339076E2,4.117050171E0,1.214100075E1,-6.300000548E-1
3.886363512E2,3.556950092E0,1.297695065E1,-2.493000031E0
3.886387949E2,2.395950079E0,1.114305019E1,-1.597050071E0
3.886412386E2,1.885950089E0,1.107105064E1,1.279500127E-1
3.886436820E2,4.299000263E0,1.404495049E1,-5.076000214E0
3.886461257E2,5.671050072E0,1.251000023E1,-7.549950123E0
3.886485693E2,4.627050400E0,1.035300064E1,-8.269950867E0
3.886510130E2,7.210950375E0,9.888000488E0,-7.068000317E0
3.886534565E2,6.591000080E0,1.236405087E1,-7.935000420E0
3.886559002E2,1.740000129E0,1.048695087E1,-5.395050049E0
3.886583438E2,7.200000286E-1,9.100950241E0,-6.109500527E-1
3.886607875E2,2.299950123E0,1.024305058E1,8.509500623E-1
3.886632309E2,5.278950214E0,1.104195023E1,-4.510950089E0
3.886656746E2,2.968050241E0,6.217950344E0,-4.537950039E0
3.886681182E2,1.717950106E0,5.155050278E0,1.270050049E0
3.886705619E2,3.646050215E0,8.293950081E0,2.119950056E0
3.886730056E2,3.853950262E0,1.112595081E1,4.939500093E-1
3.886754491E2,2.008050203E0,8.503950119E0,7.770000100E-1
3.886778928E2,6.460500360E-1,7.732950211E0,3.087000132E0
3.886803364E2,1.584000111E0,9.903000832E0,-3.840000033E-1
3.886827801E2,2.736000061E0,8.275050163E0,-4.951950073E0
3.886852235E2,2.863050222E0,8.418000221E0,-6.807000160E0
3.886876672E2,5.106000423E0,6.547950268E0,-5.899950504E0
3.886901109E2,7.848000526E0,7.345950127E0,-6.285000324E0
3.886925545E2,2.074949980E0,6.970050335E0,-7.777050495E0
3.886949980E2,-1.144050002E0,5.167050362E0,-2.641050100E0
3.886974417E2,8.200500607E-1,4.666050434E0,1.903950095E0
3.886998854E2,7.632000446E0,5.860950470E0,-3.454950094E0
3.887023290E2,5.164050102E0,3.318000078E0,-9.760050774E0
3.887047725E2,-1.150500029E-1,3.949950218E0,-2.506950140E0
3.887072161E2,3.612000227E0,4.336050034E0,3.990000248E0
3.887096598E2,7.491000175E0,5.677050114E0,-6.370500326E-1
3.887121035E2,4.515000343E0,6.511950493E0,-3.823950291E0
3.887145469E2,-1.099500060E-1,5.707950115E0,6.190500259E-1
3.887169906E2,2.463000059E0,7.486950397E0,4.579500258E-1
3.887194342E2,9.153000832E0,6.763950348E0,-5.293950081E0
3.887218779E2,5.712000370E0,6.163050175E0,-7.159050465E0
3.887243214E2,2.869950056E0,7.417050362E0,-4.855950356E0
3.887267651E2,7.837950230E0,6.724950314E0,-5.506950378E0
3.887292087E2,4.864050388E0,6.510000229E0,-9.407999992E0
3.887316524E2,-2.539950132E0,6.397050381E0,-3.190050125E0
3.887340958E2,-3.829500079E-1,4.470000267E0,4.618950367E0
3.887365395E2,7.515000343E0,5.698050499E0,-2.737050056E0
3.887389832E2,1.073505020E1,6.666000366E0,-9.906000137E0
3.887414268E2,4.219950199E0,4.744950294E0,-4.851000309E0
3.887438705E2,2.422049999E0,6.298950195E0,1.348950028E0
3.887463140E2,7.467000484E0,1.004205036E1,-2.212949991E0
3.887487577E2,6.430050373E0,1.109295082E1,-6.676050186E0
3.887512013E2,1.072050095E0,1.029105091E1,-5.646000385E0
3.887536450E2,1.018950105E0,7.848000526E0,-4.080000401E0
3.887560885E2,6.964050293E0,8.665050507E0,-7.315050125E0
3.887585322E2,8.101050377E0,8.059050560E0,-1.095405006E1
3.887609759E2,5.571000099E0,6.876000404E0,-7.516050339E0
3.887634195E2,8.740950584E0,7.173000336E0,-4.324950218E0
3.887658632E2,8.518050194E0,7.863000393E0,-7.147050381E0
3.887683066E2,1.041000009E0,8.392050743E0,-6.445950508E0
3.887707503E2,-7.300500274E-1,6.771000385E0,-2.107050180E0
3.887731939E2,4.969950199E0,6.205950260E0,2.380500138E-1
3.887756376E2,8.086950302E0,7.101000309E0,-3.985050201E0
3.887780811E2,1.876050115E0,4.831950188E0,-4.186050415E0
3.887805248E2,-3.640500307E-1,4.052999973E0,2.038050175E0
3.887829684E2,2.386050224E0,7.401000500E0,2.857050180E0
3.887854121E2,3.646050215E0,8.859000206E0,2.650950193E0
3.887878556E2,3.274950266E0,9.891000748E0,-4.819500148E-1
3.887902993E2,2.049000025E0,8.266950607E0,4.630500078E-1
3.887927430E2,4.900500178E-1,9.397050858E0,-1.129500046E-1
3.887951866E2,1.206000090E0,1.201395035E1,-9.820500612E-1
3.887976303E2,1.705950022E0,1.084800053E1,-6.880500317E-1
3.888000737E2,1.222950101E0,9.823950768E0,1.489500105E-1
3.888025174E2,1.639050126E0,1.164105034E1,1.435050011E0
3.888049610E2,2.737950087E0,1.159800053E1,1.420950055E0
3.888074047E2,2.017950058E0,8.818050385E0,-1.486950040E0
3.888098482E2,7.630500197E-1,8.080950737E0,-3.400500119E-1
3.888122919E2,1.125000000E0,1.217205048E1,5.040000081E-1
3.888147355E2,5.449050426E0,1.116000080E1,2.935950041E0
3.888171792E2,4.206000328E0,3.940950155E0,-7.710000515E0
3.888196227E2,8.154000282E0,3.184050083E0,-1.213500023E1
3.888220663E2,1.165200043E1,8.728950500E0,-1.536195087E1
3.888245100E2,6.574050426E0,8.020950317E0,-1.373895073E1
3.888269537E2,1.618050098E0,7.732950211E0,-6.609000206E0
3.888293973E2,2.122950077E0,8.542950630E0,1.903950095E0
3.888318408E2,5.748000145E0,1.138500023E1,3.705000132E-2
3.888342845E2,4.495950222E0,8.986050606E0,-5.088000298E0
3.888367281E2,2.085000038E0,9.295050621E0,-1.396050096E0
3.888391718E2,5.587050438E0,7.968000412E0,-3.280500174E-1
3.888416153E2,7.915050507E0,7.698000431E0,-6.573000431E0
3.888440590E2,1.567050099E0,8.599950790E0,-6.453000069E0
3.888465026E2,1.189500093E-1,6.666000366E0,-2.413950205E0
3.888489463E2,7.627050400E0,6.936000347E0,-2.104950190E0
3.888513900E2,8.572950363E0,6.763950348E0,-5.809050083E0
3.888538334E2,1.204050064E0,6.004950523E0,-5.245950222E0
3.888562771E2,4.900500178E-1,5.260050297E0,2.065050125E0
3.888587208E2,4.663050175E0,7.720950603E0,2.824050188E0
3.888611645E2,5.796000481E0,8.989950180E0,7.360500097E-1
3.888636079E2,3.612000227E0,9.795000076E0,2.424000025E0
3.888660516E2,1.474050045E0,9.649050713E0,-5.700000525E-1
3.888684952E2,6.649500132E-1,1.200195026E1,-1.012950063E0
3.888709389E2,5.020050049E0,1.307505035E1,1.114050031E0
3.888733824E2,3.064050198E0,9.637050629E0,-4.822950363E0
3.888758260E2,6.775050163E0,9.430950165E0,-7.684050560E0
3.888782697E2,7.402050495E0,9.301950455E0,-1.231695080E1
3.888807131E2,1.417050123E0,1.010100079E1,-8.356950760E0
3.888831568E2,-1.080000043E0,7.626000404E0,-1.071000099E0
3.888856004E2,1.654050112E0,7.621050358E0,8.269500136E-1
3.888880441E2,7.170000553E0,9.567000389E0,-1.798950076E0
3.888904878E2,5.652000427E0,6.133950233E0,-3.304950237E0
3.888929313E2,2.998950243E0,3.919050217E0,-5.595000088E-2
3.888953750E2,5.965950489E0,5.977950096E0,6.520500183E-1
3.888978186E2,7.548000336E0,8.362950325E0,-3.601050138E0
3.889002623E2,3.579000235E0,6.916950226E0,-5.320950031E0
3.889027058E2,9.690000415E-1,6.129000187E0,-1.048950076E0
3.889051494E2,4.696950436E0,8.902050018E0,-1.849050045E0
3.889075931E2,5.745000362E0,9.475950241E0,-5.080950260E0
3.889100368E2,3.313050270E0,8.662050247E0,-6.930000305E0
3.889124804E2,3.982950211E0,8.011050224E0,-4.654950142E0
3.889149239E2,6.394050121E0,6.792000294E0,-6.229950428E0
3.889173676E2,2.391000032E0,5.964000225E0,-9.135000229E0
3.889198112E2,-1.000950098E0,5.224050045E0,-1.614000082E0
3.889222549E2,1.498050094E0,5.782050133E0,3.801000118E0
3.889246984E2,7.680000305E0,5.002050400E0,-1.585050106E0
3.889271421E2,5.632950306E0,2.662050009E0,-5.356050491E0
3.889295857E2,2.154000044E0,2.380050182E0,9.109500647E-1
3.889320294E2,5.619000435E0,3.997950077E0,7.789500356E-1
3.889344729E2,9.124050140E0,5.578950405E0,-1.957050085E0
3.889369165E2,4.443000317E0,6.835950375E0,-2.833050251E0
3.889393602E2,6.889500618E-1,6.973950386E0,1.339050055E0
3.889418038E2,2.298000097E0,8.164050102E0,8.580000401E-1
3.889442473E2,8.491950035E0,8.619000435E0,-5.694000244E0
3.889466910E2,4.929000378E0,7.171050549E0,-8.340000153E0
3.889491346E2,3.781950235E0,8.542950630E0,-7.531050205E0
3.889515783E2,7.668000221E0,8.133000374E0,-6.795000553E0
3.889540220E2,4.444950104E0,8.230950356E0,-8.958000183E0
3.889564655E2,-8.710500598E-1,7.777050495E0,-1.156949997E0
3.889589092E2,-1.611000061E0,6.703950405E0,6.352950096E0
3.889613528E2,2.484000206E0,1.065195084E1,1.773000121E0
3.889637965E2,6.361050129E0,9.376049995E0,-5.224950314E0
3.889662399E2,3.753000259E0,4.410000324E0,-4.662000179E0
3.889686836E2,2.973000050E0,5.670000076E0,-2.293950081E0
3.889711272E2,6.172050476E0,9.781050682E0,-3.336000204E0
3.889735709E2,5.029950142E0,1.127505016E1,-4.087950230E0
3.889760144E2,2.857950211E0,1.143000031E1,1.141050100E0
3.889784581E2,4.279500246E-1,1.007505035E1,1.248000026E0
3.889809018E2,1.144050002E0,1.292895031E1,-3.499500155E-1
3.889833454E2,6.196050167E0,1.442295074E1,-1.918050051E0
3.889857891E2,4.479000092E0,1.093005085E1,-6.313950062E0
3.889882325E2,6.114000320E0,9.864000320E0,-6.379050255E0
3.889906762E2,4.608000278E0,1.122705078E1,-6.598950386E0
3.889931198E2,2.670000196E-1,9.751950264E0,-2.284950018E0
3.889955635E2,-5.620500445E-1,6.976950169E0,2.290050030E0
3.889980070E2,1.315950036E0,9.900000572E0,2.271000147E0
3.890004507E2,5.737950325E0,1.002195072E1,-6.661050320E0
3.890028943E2,3.933000088E0,6.313950062E0,-7.270050526E0
3.890053380E2,1.041000009E0,6.057000160E0,-1.995000057E-2
3.890077814E2,4.359000206E0,9.262950897E0,7.690500617E-1
3.890102251E2,6.538050175E0,1.208100033E1,3.000000119E-2
3.890126688E2,2.994000196E0,9.691950798E0,1.570500135E-1
3.890151124E2,2.725950241E0,9.751950264E0,2.187000036E0
3.890175561E2,4.872000217E0,1.114995098E1,-1.972950101E0
3.890199996E2,4.567049980E0,1.078395081E1,-4.573950291E0
3.890224433E2,4.759050369E0,1.154505062E1,-6.517950535E0
3.890248868E2,6.931050301E0,1.044105053E1,-6.805050373E0
3.890273305E2,5.719050407E0,9.835950851E0,-6.738000393E0
3.890297740E2,9.040500522E-1,1.054395008E1,-2.665050030E0
3.890322177E2,-4.305000231E-2,8.325000763E0,3.169050217E0
3.890346614E2,2.571000099E0,1.010895061E1,1.744050026E0
3.890371050E2,5.965950489E0,1.027095032E1,-5.529000282E0
3.890395487E2,3.291000128E0,8.348999977E0,-5.977050304E0
3.890419922E2,1.828050137E0,7.357950211E0,-1.759950042E0
3.890444358E2,3.712950230E0,1.068300056E1,-1.213950038E0
3.890468795E2,5.536950111E0,1.177500057E1,-4.171050072E0
3.890493231E2,2.539950132E0,1.118100071E1,-2.785050154E0
3.890517666E2,1.519950032E0,9.259050369E0,-1.573950052E0
3.890542103E2,4.144050121E0,9.261000633E0,-3.862050295E0
3.890566539E2,5.602050304E0,8.509050369E0,-1.015200043E1
3.890590976E2,3.234000206E0,5.694000244E0,-9.883950233E0
3.890615411E2,6.130950451E0,6.883050442E0,-5.785050392E0
3.890639847E2,6.265050411E0,5.236050129E0,-6.384000301E0
3.890664284E2,4.489500225E-1,3.961950302E0,-3.793050289E0
3.890688721E2,-2.368050098E0,4.018050194E0,5.251950264E0
3.890713155E2,2.319000006E0,3.496050119E0,5.685000420E0
3.890737592E2,8.167950630E0,3.496050119E0,-2.787000179E0
3.890762028E2,3.169050217E0,6.100500226E-1,-3.991950274E0
3.890786465E2,1.120500043E-1,6.060000062E-1,-7.590000629E-1
3.890810900E2,6.724950314E0,4.281000137E0,-1.978050113E0
3.890835337E2,7.455000401E0,3.352050066E0,-2.656050205E0
3.890859773E2,2.629500031E-1,5.470950127E0,-4.411050320E0
3.890884210E2,8.400000334E-1,6.948000431E0,2.307000160E0
3.890908647E2,8.065950394E0,7.246950150E0,-1.168950081E0
3.890933081E2,8.731050491E0,6.249000072E0,-8.419050217E0
3.890957518E2,3.126000166E0,8.148000717E0,-8.337000847E0
3.890981955E2,6.780000210E0,7.525050163E0,-7.191000462E0
3.891006391E2,9.856050491E0,6.712950230E0,-7.360950470E0
3.891030826E2,2.068050146E0,5.824950218E0,-9.108000755E0
3.891055263E2,-1.611000061E0,6.814050198E0,1.129500046E-1
3.891079699E2,4.408950329E0,8.575950623E0,3.705000162E0
3.891104136E2,9.298950195E0,8.679000854E0,-5.467050076E0
3.891128571E2,3.904050112E0,7.542000294E0,-3.678000212E0
3.891153007E2,9.450000525E-1,6.699000359E0,1.957050085E0
3.891177444E2,4.052999973E0,9.271050453E0,-3.360000253E-1
3.891201880E2,6.186000347E0,1.291500092E1,-6.040950298E0
3.891226315E2,2.213999987E0,1.274895096E1,-4.309950352E0
3.891250752E2,8.950500488E-1,1.014000034E1,7.069500089E-1
3.891275188E2,1.357050061E0,1.146600056E1,-1.168950081E0
3.891299625E2,3.174000263E0,1.360395050E1,-3.970050097E0
3.891324060E2,3.253050089E0,1.212195015E1,-6.063000202E0
3.891348497E2,3.901950121E0,1.005405045E1,-6.550950527E0
3.891372933E2,4.711050034E0,1.086495018E1,-8.443050385E0
3.891397370E2,7.680000067E-1,1.015395069E1,-5.686950207E0
3.891421807E2,-2.680500150E-1,7.498950481E0,7.890000343E-1
3.891446241E2,2.494050026E0,7.815000534E0,4.920000136E-1
3.891470678E2,6.136050224E0,8.583000183E0,-4.248000145E0
3.891495114E2,4.153050423E0,4.767000198E0,-7.035000324E0
3.891519551E2,3.117000103E0,5.218950272E0,-2.886000156E0
3.891543986E2,5.251950264E0,7.438950539E0,-1.165950060E0
3.891568423E2,5.865000248E0,8.871000290E0,-6.570000052E-1
3.891592859E2,3.217050076E0,9.192000389E0,9.420000315E-1
3.891617296E2,1.741950035E0,8.602950096E0,2.263950109E0
3.891641733E2,4.456950188E0,8.938050270E0,-7.930500507E-1
3.891666168E2,6.520950317E0,8.689050674E0,-8.682000160E0
3.891690605E2,4.074000359E0,9.793050766E0,-1.099995041E1
3.891715041E2,6.412950516E0,8.466000557E0,-9.535050392E0
3.891739478E2,6.607050419E0,7.956000328E0,-8.347050667E0
3.891763912E2,5.895000324E-2,8.883000374E0,-1.660050035E0
3.891788349E2,-2.325000048E0,8.647950172E0,6.013050079E0
3.891812785E2,4.110000134E-1,8.200050354E0,5.140950203E0
3.891837222E2,9.190950394E0,6.844950199E0,-3.343050241E0
3.891861659E2,4.330049992E0,5.406000137E0,-8.491050720E0
3.891886094E2,2.062950134E0,5.515950203E0,-2.091000080E0
3.891910531E2,5.446050167E0,7.072950363E0,-1.027950048E0
3.891934967E2,5.523000240E0,8.822999954E0,-1.426950097E0
3.891959404E2,2.383949995E0,9.145950317E0,9.730500579E-1
3.891983838E2,6.889500618E-1,1.017300034E1,1.030050039E0
3.892008275E2,1.306050062E0,1.173705101E1,1.135950089E0
3.892032711E2,5.098950386E0,1.068795013E1,-5.685000420E0
3.892057148E2,3.028050184E0,9.016950607E0,-7.392000198E0
3.892081583E2,5.994000435E0,9.763950348E0,-6.669000149E0
3.892106020E2,6.612000465E0,1.054395008E1,-6.859950542E0
3.892130456E2,6.960000396E-1,9.558000565E0,-3.004950047E0
3.892154893E2,-1.077000022E0,7.450950146E0,2.881050110E0
3.892179328E2,1.381050110E0,8.671950340E0,3.958950281E0
3.892203765E2,6.109050274E0,1.033095074E1,-5.485950470E0
3.892228201E2,3.045000076E0,6.625050545E0,-8.115000725E0
3.892252638E2,6.790500283E-1,5.670000076E0,-2.574000120E0
3.892277072E2,4.041000366E0,8.835000038E0,2.205000073E-2
3.892301509E2,5.413050175E0,1.144500065E1,-2.055000067E0
3.892325946E2,1.951050043E0,8.346000671E0,-1.540050030E0
3.892350382E2,7.459500432E-1,8.622000694E0,2.782950163E0
3.892374819E2,4.744950294E0,9.630000114E0,5.920500159E-1
3.892399254E2,6.291000366E0,8.727000237E0,-6.453000069E0
3.892423691E2,4.243950367E0,7.590000153E0,-7.672050476E0
3.892448127E2,6.888000488E0,7.867950439E0,-7.162050247E0
3.892472564E2,8.037000656E0,7.257000446E0,-7.429950237E0
3.892496999E2,1.567050099E0,7.954050541E0,-4.396049976E0
3.892521436E2,-1.330950022E0,5.635950089E0,3.327000141E0
3.892545872E2,3.952050209E0,6.273000240E0,3.781050205E0
3.892570309E2,1.053405094E1,5.658000469E0,-5.895000458E0
3.892594746E2,3.744000196E0,3.285000086E0,-8.032950401E0
3.892619180E2,4.560000300E-1,3.285000086E0,-1.015950084E0
3.892643617E2,6.604950428E0,4.554000378E0,1.156949997E0
3.892668053E2,8.092050552E0,5.835000515E0,-3.070050240E0
3.892692490E2,2.038950205E0,5.764950275E0,-2.179050207E0
3.892716925E2,1.399500072E-1,5.794050217E0,1.768050075E0
3.892741362E2,6.600000381E0,7.422000408E0,-3.360000253E-1
3.892765798E2,7.756950378E0,7.360050201E0,-5.182050228E0
3.892790235E2,2.439000130E0,9.088950157E0,-4.012950420E0
3.892814670E2,4.726050377E0,8.751000404E0,-2.296950102E0
3.892839107E2,8.596950531E0,8.097000122E0,-4.320000172E0
3.892863544E2,9.829500318E-1,8.173950195E0,-3.151050091E0
3.892887980E2,-1.740000129E0,9.261000633E0,5.118000031E0
3.892912417E2,2.773950100E0,9.067049980E0,3.808050156E0
3.892936851E2,6.528000355E0,1.017300034E1,-5.850000381E0
3.892961288E2,7.213050365E0,7.108950138E0,-7.329000473E0
3.892985724E2,4.741950035E0,7.492050171E0,-5.191050053E0
3.893010161E2,7.584000587E0,9.397050858E0,-4.810950279E0
3.893034596E2,7.639050484E0,1.209600067E1,-5.557950497E0
3.893059033E2,2.371950150E0,1.312305069E1,-1.708050132E0
3.893083470E2,8.010000587E-1,1.186095047E1,2.146050215E0
3.893107906E2,6.346050262E0,1.189695072E1,-2.734950066E0
3.893132343E2,7.477050304E0,1.209600067E1,-9.352950096E0
3.893156777E2,5.994000435E0,1.038600063E1,-1.029405022E1
3.893181214E2,7.495950222E0,9.499950409E0,-9.283050537E0
3.893205651E2,5.986950397E0,9.349950790E0,-8.512050629E0
3.893230087E2,1.282950044E0,9.100950241E0,-3.807000160E0
3.893254522E2,8.230500221E-1,6.967050552E0,2.326050043E0
3.893278958E2,5.038950443E0,8.104949951E0,1.179000020E0
3.893303395E2,4.747050285E0,5.875050068E0,-4.377000332E0
3.893327830E2,1.713000059E0,5.602950096E0,-9.030000567E-1
3.893352267E2,4.242000103E0,4.918050289E0,2.790000200E0
3.893376703E2,6.823050499E0,6.325950146E0,2.410050154E0
3.893401140E2,4.924050331E0,7.918050289E0,-1.654950023E0
3.893425574E2,1.242000103E0,7.918050289E0,1.531050086E0
3.893450011E2,1.438050032E0,9.565050125E0,1.531050086E0
3.893474448E2,3.442050219E0,1.046100044E1,-4.150500298E-1
3.893498884E2,2.836050034E0,9.141000748E0,-3.001050234E0
3.893523321E2,4.512000084E0,9.910050392E0,-3.688050270E0
3.893547756E2,6.141000271E0,9.835950851E0,-4.927950382E0
3.893572193E2,5.917950153E0,8.734050751E0,-7.758000374E0
3.893596629E2,5.929500461E-1,8.715000153E0,-3.172950268E0
3.893621066E2,1.950000064E-3,7.594950199E0,2.979000092E0
3.893645500E2,3.339000225E0,9.819000244E0,-9.100500345E-1
3.893669937E2,5.680950165E0,8.713050842E0,-7.999950409E0
3.893694374E2,2.319000006E0,5.227050304E0,-5.044950008E0
3.893718810E2,2.965950251E0,5.626050472E0,-1.012950063E0
3.893743247E2,8.611050606E0,9.426000595E0,-2.698950052E0
3.893767682E2,5.881950378E0,8.157000542E0,-4.353000164E0
3.893792118E2,2.535000086E0,6.534000397E0,-2.929500043E-1
3.893816555E2,3.823050261E0,8.614950180E0,2.101050138E0
3.893840992E2,5.544000149E0,1.066395092E1,-4.018050194E0
3.893865426E2,3.499950171E0,8.071050644E0,-7.914000511E0
3.893889863E2,3.117000103E0,9.164999962E0,-5.803950310E0
3.893914300E2,7.795050144E0,8.671950340E0,-7.636050224E0
3.893938736E2,4.326000214E0,8.502000809E0,-8.797050476E0
3.893963171E2,-1.447950125E0,7.762050152E0,-1.564050078E0
3.893987608E2,1.699050069E0,7.462950230E0,2.694000244E0
3.894012044E2,9.816000938E0,7.966050148E0,-4.140000343E0
3.894036481E2,5.227950096E0,6.405000210E0,-9.775950432E0
3.894060916E2,-4.399500191E-1,6.601050377E0,-3.862050295E0
3.894085353E2,4.030950069E0,5.892000198E0,6.589500308E-1
3.894109789E2,7.668000221E0,8.665050507E0,-2.526000023E0
3.894134226E2,3.492000103E0,8.755949974E0,-3.003000259E0
3.894158660E2,9.739500284E-1,9.826050758E0,2.376000166E0
3.894183097E2,2.587050200E0,1.015605068E1,1.774950027E0
3.894207534E2,5.166000366E0,1.122405052E1,-5.395050049E0
3.894231970E2,2.668950081E0,1.068105030E1,-7.066050529E0
3.894256407E2,3.559050083E0,1.044600010E1,-5.340000153E0
3.894280842E2,6.004050255E0,1.011105061E1,-6.127050400E0
3.894305279E2,1.720950127E0,9.559950829E0,-4.444050312E0
3.894329715E2,-4.669500291E-1,8.334000587E0,3.553950071E0
3.894354152E2,5.520000458E-1,7.555950165E0,4.573950291E0
3.894378586E2,6.169050217E0,9.886050224E0,-4.438950062E0
3.894403023E2,5.353050232E0,6.570000172E0,-8.517000198E0
3.894427459E2,2.118000031E0,4.798050404E0,-3.970050097E0
3.894451896E2,4.536000252E0,6.751950264E0,-1.497000098E0
3.894476333E2,7.060050488E0,8.812950134E0,-2.031000137E0
3.894500768E2,3.172050238E0,7.137000561E0,2.599500120E-1
3.894525205E2,1.773000121E0,7.213950157E0,2.637000084E0
3.894549641E2,6.226950169E0,9.402000427E0,-1.317000031E0
3.894574078E2,6.327000141E0,9.261000633E0,-5.565000057E0
3.894598512E2,2.695050240E0,9.145950317E0,-7.842000484E0
3.894622949E2,4.045950413E0,1.020900059E1,-6.511050224E0
3.894647385E2,6.267000198E0,8.457000732E0,-7.984950542E0
3.894671822E2,9.379500151E-1,9.730050087E0,-4.831950188E0
3.894696257E2,-1.165950060E0,7.723950386E0,2.548050165E0
3.894720694E2,2.980050087E0,7.210950375E0,2.551050186E0
3.894745131E2,9.895050049E0,6.864000320E0,-8.269950867E0
3.894769567E2,4.845000267E0,5.095050335E0,-8.670000076E0
3.894794004E2,2.542050123E0,5.827950478E0,-1.698000073E0
3.894818438E2,7.141050339E0,6.505050182E0,1.083000064E0
3.894842875E2,6.864000320E0,9.145950317E0,-6.229500175E-1
3.894867312E2,1.747050047E0,8.269950867E0,-5.539500117E-1
3.894891748E2,1.507950068E0,8.868000031E0,1.842000127E0
3.894916183E2,7.108050346E0,8.998050690E0,-4.339050293E0
3.894940620E2,4.534049988E0,9.654000282E0,-9.195000648E0
3.894965056E2,1.263000011E0,1.009395027E1,-5.103000164E0
3.894989493E2,4.512000084E0,1.030305004E1,-1.690950036E0
3.895013930E2,6.660000324E0,1.086300087E1,-3.309000254E0
3.895038365E2,8.730000257E-1,1.093500042E1,-3.880500197E-1
3.895062802E2,-1.027050018E0,9.771000862E0,4.114050388E0
3.895087238E2,1.050000072E0,1.001505089E1,2.460000038E0
3.895111675E2,5.716950417E0,9.862050056E0,-6.831000328E0
3.895136109E2,3.163950205E0,7.234950542E0,-7.312950134E0
3.895160546E2,3.373050213E0,6.436050415E0,-4.573950291E0
3.895184982E2,6.138000488E0,9.546000481E0,-3.325950146E0
3.895209419E2,6.100050449E0,1.275705051E1,-2.548050165E0
3.895233854E2,2.970000029E0,1.088400078E1,1.131000042E0
3.895258291E2,2.785950184E0,1.219905090E1,2.890950203E0
3.895282727E2,6.889950275E0,1.307805061E1,-2.392050028E0
3.895307164E2,4.705950260E0,1.275405025E1,-9.738000870E0
3.895331598E2,2.890950203E0,8.955000877E0,-8.203050613E0
3.895356035E2,3.840000153E0,6.852000237E0,-8.929050446E0
3.895380471E2,4.321050167E0,6.880950451E0,-1.098105049E1
3.895404908E2,-4.950000439E-3,3.484050274E0,-8.122050285E0
3.895429343E2,-8.899500370E-1,2.446950197E0,2.520000041E-1
3.895453780E2,4.930950165E0,3.606000185E0,-8.070000410E-1
3.895478217E2,7.599000454E0,2.382000208E0,-5.725050449E0
3.895502653E2,2.271000147E0,4.267050266E0,-3.360000253E-1
3.895527090E2,-2.220000178E-1,4.678050041E0,4.260000229E0
3.895551525E2,4.396950245E0,4.936950207E0,1.753950119E0
3.895575962E2,3.718050241E0,4.302000046E0,-2.380500138E-1
3.895600398E2,-1.990500093E-1,5.005950451E0,-3.930000067E-1
3.895624835E2,4.306950092E0,3.898050070E0,-6.780000329E-1
3.895649269E2,1.017495060E1,2.892000198E0,-4.459050179E0
3.895673706E2,8.209050179E0,5.101950169E0,-6.886050224E0
3.895698142E2,5.398050308E0,7.080000401E0,-6.289950371E0
3.895722579E2,8.257050514E0,8.257950783E0,-6.429000378E0
3.895747016E2,7.503000259E0,9.034049988E0,-5.620050430E0
3.895771451E2,-3.880500197E-1,1.073805046E1,-9.490500689E-1
3.895795888E2,-1.858050108E0,1.114800072E1,4.926000118E0
3.895820324E2,-4.810500145E-1,1.135800076E1,2.842950106E0
3.895844761E2,4.468950272E0,1.269900036E1,8.509500623E-1
3.895869195E2,3.811050177E0,9.004950523E0,-3.613050222E0
3.895893632E2,5.089050293E0,9.022050858E0,-5.440050125E0
3.895918069E2,1.037100029E1,1.140405083E1,-1.403295040E1
3.895942503E2,5.227950096E0,1.311105061E1,-1.297800064E1
3.895966942E2,7.819500566E-1,1.343895054E1,-3.259050131E0
3.895991377E2,9.660000205E-1,1.271805096E1,2.400000095E-1
3.896015814E2,2.365050077E0,1.632705116E1,-6.090000272E-1
3.896040248E2,2.013000011E0,1.363500023E1,-2.950050116E0
3.896064687E2,2.446050167E0,1.008195019E1,-3.630000114E0
3.896089122E2,5.041950226E0,1.063995075E1,-6.738000393E0
3.896113558E2,4.498050213E0,1.064700031E1,-8.059950829E0
3.896137994E2,5.380499959E-1,7.021950245E0,-4.480050087E0
3.896162429E2,4.560000300E-1,4.767000198E0,1.561950088E0
3.896186866E2,4.057950020E0,6.979050159E0,-5.779500008E-1
3.896211302E2,4.546050072E0,4.611000061E0,-4.246050358E0
3.896235739E2,1.114950061E0,4.992000103E0,2.635050058E0
3.896260174E2,2.719050169E0,5.950050354E0,4.204950333E0
3.896284611E2,5.017950058E0,8.715000153E0,3.324000120E0
3.896309047E2,4.534049988E0,8.653050423E0,1.912050128E0
3.896333484E2,1.789950132E0,8.197950363E0,3.270000219E-1
3.896357921E2,3.588000059E0,1.030995083E1,8.650500178E-1
3.896382355E2,5.923050404E0,8.989950180E0,-8.620050430E0
3.896406792E2,3.496950150E0,8.812950134E0,-1.044405079E1
3.896431228E2,5.724000454E0,9.349950790E0,-7.296000481E0
3.896455665E2,8.781000137E0,8.536050797E0,-7.021050453E0
3.896480100E2,2.278950214E0,9.440999985E0,-4.894050121E0
3.896504537E2,-1.189950109E0,8.746050835E0,3.720000088E-1
3.896528973E2,2.784000158E0,7.257000446E0,9.300000668E-1
3.896553410E2,1.002195072E1,6.964950562E0,-8.847000122E0
3.896577847E2,4.222949982E0,5.509050369E0,-1.102905083E1
3.896602281E2,-8.400000632E-2,5.224050045E0,-3.771000147E0
3.896626718E2,4.170000076E0,5.860950470E0,-1.900500059E-1
3.896651154E2,7.414050579E0,8.362950325E0,-2.911950111E0
3.896675591E2,2.656950235E0,6.840000153E0,-4.710000038E0
3.896700026E2,-1.494000077E0,8.571000099E0,6.229500175E-1
3.896724463E2,4.444950104E0,8.944950104E0,7.909500599E-1
3.896748899E2,6.427950382E0,8.128950119E0,-5.335050106E0
3.896773336E2,9.499500394E-1,1.016805077E1,-4.765050411E0
3.896797770E2,4.735050201E0,8.269950867E0,-3.919950247E0
3.896822207E2,6.744000435E0,7.579950333E0,-5.323050022E0
3.896846644E2,-5.910000205E-1,8.008950233E0,-4.497000217E0
3.896871080E2,-2.740950108E0,7.551000595E0,5.053050041E0
3.896895515E2,1.857000113E0,6.811950207E0,3.283050060E0
3.896919952E2,8.125050545E0,7.912950516E0,-6.067950249E0
3.896944388E2,4.534049988E0,5.242950439E0,-6.100950241E0
3.896968825E2,1.644000053E0,5.218950272E0,-5.920500159E-1
3.896993262E2,3.801000118E0,6.766050339E0,-1.319999993E-1
3.897017697E2,5.700000286E0,9.358950615E0,-4.348950386E0
3.897042134E2,2.559000015E0,8.998050690E0,-3.760500252E-1
3.897066570E2,4.039500058E-1,8.976000786E0,7.290000319E-1
3.897091007E2,6.100050449E0,9.661050797E0,-1.783950090E0
3.897115441E2,5.379000187E0,1.001505089E1,-9.052950859E0
3.897139878E2,2.899050236E0,1.060395050E1,-6.505950451E0
3.897164314E2,6.118950367E0,9.697050095E0,-6.870000362E0
3.897188751E2,4.675050259E0,9.022050858E0,-7.453950405E0
3.897213186E2,1.395000052E-2,9.547950745E0,-1.219050050E0
3.897237623E2,-1.242000103E0,7.276050568E0,4.713000298E0
3.897262060E2,4.600950241E0,9.450000763E0,1.461000085E0
3.897286496E2,6.387000084E0,7.377000332E0,-5.509950161E0
3.897310933E2,3.223950148E0,6.559950352E0,-2.833050251E0
3.897335367E2,2.005950212E0,8.263050079E0,-5.970000029E-1
3.897359804E2,3.724950075E0,1.117200089E1,-1.638000131E0
3.897384240E2,3.580950260E0,1.162695026E1,-2.505000114E0
3.897408677E2,1.419000030E0,1.111905098E1,-5.595000088E-2
3.897433112E2,1.495950103E0,1.049205017E1,1.047000051E0
3.897457549E2,7.228050232E0,1.140195084E1,-5.344950199E0
3.897481985E2,5.499000072E0,1.151595020E1,-8.020950317E0
3.897506422E2,5.761950493E0,1.099005032E1,-5.007000446E0
3.897530856E2,7.273050308E0,1.155705070E1,-6.592050076E0
3.897555293E2,3.439950228E0,1.295505047E1,-4.666950226E0
3.897579730E2,3.540000021E-1,1.181100082E1,4.650000334E-1
3.897604166E2,6.360000372E-1,8.815950394E0,2.356950045E0
3.897628603E2,6.562050343E0,1.006500053E1,-4.617000103E0
3.897653038E2,6.967050552E0,7.369950294E0,-1.142595100E1
3.897677475E2,2.755050182E0,5.185950279E0,-7.825050354E0
3.897701911E2,4.438050270E0,6.438000202E0,-3.397950172E0
3.897726348E2,7.789950371E0,7.944000244E0,-3.910050154E0
3.897750783E2,4.420950413E0,6.631950378E0,-3.220950127E0
3.897775219E2,1.939050078E0,8.242950439E0,1.675050020E0
3.897799656E2,3.768000126E0,9.354000092E0,1.191000104E0
3.897824092E2,8.596950531E0,7.173000336E0,-3.975000143E0
3.897848529E2,3.457050085E0,8.430000305E0,-5.221950054E0
3.897872964E2,5.185050011E0,8.092950821E0,-4.363049984E0
3.897897401E2,1.097700024E1,6.763950348E0,-7.329000473E0
3.897921837E2,3.318000078E0,7.068000317E0,-1.034595013E1
3.897946274E2,-1.660950065E0,6.124050140E0,-8.131050110E0
3.897970709E2,3.400950193E0,5.514000416E0,-3.481950283E0
3.897995146E2,8.381999969E0,5.988000393E0,-4.120950222E0
3.898019582E2,2.086950064E0,5.860950470E0,-2.983950138E0
3.898044019E2,-4.069500268E-1,5.332050323E0,5.389950275E0
3.898068453E2,1.395000100E0,6.442950249E0,3.073050261E0
3.898092890E2,3.363000154E0,8.530950546E0,-3.240000010E-1
3.898117326E2,3.118950129E0,7.732950211E0,8.370000124E-1
3.898141763E2,1.551000118E0,7.525050163E0,1.999500096E-1
3.898166198E2,6.351000309E0,8.322000504E0,-4.855950356E0
3.898190635E2,4.539000034E0,6.927000523E0,-9.381000519E0
3.898215071E2,1.873950124E0,7.812000275E0,-3.589950085E0
3.898239508E2,5.154000282E0,7.042050362E0,-3.240000248E0
3.898263945E2,7.207950115E0,8.763000488E0,-4.392000198E0
3.898288380E2,2.101050138E0,8.200050354E0,-1.585050106E0
3.898312817E2,-3.490500152E-1,7.128000259E0,2.910000086E0
3.898337253E2,4.227000237E0,8.401050568E0,3.360000253E-1
3.898361690E2,5.949000359E0,8.518950462E0,-7.759950161E0
3.898386124E2,1.495950103E0,6.610950470E0,-7.147050381E0
3.898410561E2,1.656000137E0,6.232050419E0,-2.176950216E0
3.898434997E2,7.780950546E0,8.482950211E0,-2.956950188E0
3.898459434E2,5.805000305E0,7.729050159E0,-4.999950409E0
3.898483871E2,7.459500432E-1,8.713050842E0,-2.008949995E0
3.898508306E2,3.729000092E0,1.079295063E1,-2.205000073E-2
3.898532743E2,8.635050774E0,9.156000137E0,-6.015000343E0
3.898557179E2,5.194950104E0,1.049895096E1,-8.959950447E0
3.898581616E2,3.780000210E0,1.083195019E1,-7.681050301E0
3.898606051E2,9.117000580E0,9.922050476E0,-8.110050201E0
3.898630487E2,3.616950274E0,1.020000076E1,-8.008950233E0
3.898654924E2,-1.558050036E0,1.106205082E1,1.180500090E-1
3.898679361E2,3.919500113E-1,8.679000854E0,5.122050285E0
3.898703795E2,6.439950466E0,1.075695038E1,-7.470000386E-1
3.898728232E2,6.327000141E0,9.000000000E0,-7.450950146E0
3.898752668E2,1.215000033E0,9.157950401E0,-1.573950052E0
3.898777105E2,4.420500100E-1,8.173950195E0,3.070050240E0
3.898801540E2,2.704950094E0,1.243605042E1,-7.360500097E-1
3.898825977E2,3.145050049E0,1.279500103E1,-9.900000691E-2
3.898850414E2,1.776000142E0,1.053705025E1,-7.789500356E-1
3.898874850E2,1.840050101E0,1.117200089E1,4.099500179E-1
3.898899287E2,3.660000086E0,1.203795052E1,-4.669500291E-1
3.898923721E2,4.189050198E0,1.110495090E1,-4.084949970E0
3.898948158E2,8.532000542E0,9.607950211E0,-5.470950127E0
3.898972594E2,8.689949989E0,1.099395084E1,-1.002300072E1
3.898997031E2,2.968050241E0,1.212705040E1,-5.212950230E0
3.899021466E2,3.010500073E-1,8.734050751E0,7.579500079E-1
3.899045903E2,2.674050093E0,7.042050362E0,2.227950096E0
3.899070340E2,6.531000137E0,8.938050270E0,-4.710000038E0
3.899094776E2,4.290000439E0,5.179050446E0,-9.682950020E0
3.899119213E2,9.880500436E-1,4.041000366E0,-5.967000484E0
3.899143648E2,4.759050369E0,5.763000488E0,-3.064950228E0
3.899168084E2,5.389050484E0,6.294000149E0,-2.914050102E0
3.899192521E2,1.066950083E0,6.838050365E0,-9.010500312E-1
3.899216958E2,-9.649500251E-1,7.540050507E0,2.614950180E0
3.899241392E2,3.940050125E0,8.145000458E0,-2.052000046E0
3.899265829E2,7.216050148E0,5.629050255E0,-7.734000206E0
3.899290265E2,1.009950042E0,7.386000156E0,-6.697050095E0
3.899314702E2,3.910950184E0,6.927000523E0,-4.602000237E0
3.899339137E2,7.749000549E0,5.512050152E0,-5.470950127E0
3.899363574E2,1.849950075E0,5.047050476E0,-5.554950237E0
3.899388010E2,-1.458000064E0,4.555950165E0,-2.538000107E0
3.899412447E2,5.125050068E0,4.153950214E0,-3.310500085E-1
3.899436882E2,1.026105022E1,2.716950178E0,-4.495050430E0
3.899461319E2,1.306050062E0,3.189000130E0,-6.613050461E0
3.899485755E2,-1.171050072E0,3.393000126E0,-5.200500488E-1
3.899510192E2,6.141000271E0,4.036950111E0,7.304999977E-2
3.899534629E2,7.326000214E0,3.247050047E0,-2.929050207E0
3.899559063E2,2.086950064E0,4.288050175E0,3.900000080E-2
3.899583500E2,7.579500079E-1,7.606950283E0,3.412950277E0
3.899607936E2,5.869950294E0,7.053000450E0,-3.015000105E0
3.899632373E2,5.523000240E0,7.681050301E0,-9.325950623E0
3.899656808E2,1.897950053E0,8.196000099E0,-6.855000496E0
3.899681245E2,5.983050346E0,8.028000832E0,-5.569950104E0
3.899705681E2,3.133050203E0,7.159050465E0,-5.482950211E0
3.899730118E2,-1.479000092E0,8.734050751E0,9.630000591E-1
3.899754555E2,-1.450950027E0,6.349950314E0,6.187950134E0
3.899778989E2,3.913950205E0,8.052000046E0,-2.248950005E0
3.899803425E2,5.395950317E0,8.430000305E0,-7.380000114E0
3.899827862E2,3.210000038E0,7.618950367E0,-4.923000336E0
3.899852297E2,2.413050175E0,8.425050735E0,-2.680050135E0
3.899876734E2,3.853950262E0,1.161000061E1,-3.634950161E0
3.899901171E2,2.575050116E0,1.305405045E1,-2.203050137E0
3.899925607E2,7.129500508E-1,1.159500027E1,1.002000093E0
3.899950041E2,9.709500670E-1,1.033605003E1,1.038000107E0
3.899974479E2,5.092050076E0,1.266795063E1,-2.787000179E0
3.899998916E2,4.243950367E0,1.206195068E1,-4.672049999E0
3.900023352E2,8.203949928E0,1.081005096E1,-6.811950207E0
3.900047787E2,9.463950157E0,1.188495064E1,-1.063800049E1
3.900072223E2,3.448950052E0,1.327095032E1,-6.630000114E0
3.900096660E2,2.460000068E-1,1.188795090E1,6.900000572E-1
3.900121097E2,1.510050058E0,1.109700012E1,2.137050152E0
3.900145533E2,4.929000378E0,1.213200092E1,-3.718950272E0
3.900169968E2,3.196050167E0,8.919000626E0,-7.723950386E0
3.900194405E2,2.017950058E0,6.867000103E0,-4.722000122E0
3.900218841E2,5.580000401E0,8.539950371E0,-3.082050085E0
3.900243278E2,6.744000435E0,1.035000038E1,-3.427050114E0
3.900267713E2,3.379950047E0,1.071195030E1,-1.408050060E0
3.900292149E2,2.251950026E0,1.128195095E1,1.141050100E0
3.900316586E2,3.507000208E0,1.171005058E1,2.809500098E-1
3.900341023E2,3.937950134E0,1.064295006E1,-3.181950092E0
3.900365457E2,3.840000153E0,1.091505051E1,-5.304000378E0
3.900389894E2,5.293050289E0,1.096605015E1,-5.140950203E0
3.900414331E2,4.030950069E0,9.757050514E0,-6.076950073E0
3.900438767E2,7.060500383E-1,8.590950012E0,-3.795000076E0
3.900463204E2,-5.620500445E-1,7.639950275E0,1.782000065E0
3.900487639E2,2.367000103E0,8.968950272E0,1.450500041E-1
3.900512076E2,6.564000130E0,9.073950768E0,-5.713050365E0
3.900536512E2,3.934950113E0,6.172050476E0,-4.204950333E0
3.900560949E2,1.989000082E0,6.169950485E0,-3.019500077E-1
3.900585383E2,6.634050369E0,8.659950256E0,-2.011950016E0
3.900609820E2,5.530050278E0,8.251049995E0,-5.167050362E0
3.900634256E2,1.194000006E0,8.767950058E0,-2.185950041E0
3.900658693E2,2.820000172E0,8.401050568E0,-1.201950073E0
3.900683128E2,7.503000259E0,7.948950291E0,-5.542950153E0
3.900707565E2,4.990950108E0,6.424050331E0,-8.424000740E0
3.900732002E2,3.793950081E0,8.313000679E0,-4.056000233E0
3.900756438E2,8.578050613E0,7.237950325E0,-5.493000031E0
3.900780875E2,5.134950161E0,6.036000252E0,-6.148950100E0
3.900805310E2,-1.570050120E0,6.148050308E0,8.820000291E-1
3.900829747E2,1.156050086E0,5.133000374E0,3.559050083E0
3.900854183E2,9.069000244E0,6.486000538E0,-4.771950245E0
3.900878620E2,4.579050064E0,5.263050079E0,-8.778000832E0
3.900903054E2,-1.840950131E0,4.765050411E0,-3.625050068E0
3.900927491E2,2.833950043E0,5.254950047E0,-1.078050017E0
3.900951927E2,8.667000771E0,6.330000401E0,-5.019000053E0
3.900976364E2,1.126950026E0,7.075050354E0,-5.995950222E0
3.901000799E2,-1.635000110E0,6.606000423E0,1.066050053E0
3.901025236E2,7.536000252E0,6.529050350E0,7.950000465E-3
3.901049673E2,1.072605038E1,4.669050217E0,-8.883000374E0
3.901074109E2,2.073000193E0,6.571950436E0,-8.032950401E0
3.901098546E2,5.536950111E0,6.517050266E0,-4.602000237E0
3.901122980E2,9.373050690E0,4.807950020E0,-6.915000439E0
3.901147417E2,-5.170500278E-1,5.986050129E0,-5.731950283E0
3.901171853E2,-1.537050128E0,3.486000061E0,3.007950068E0
3.901196290E2,7.546050549E0,3.642000198E0,1.192950010E0
3.901220725E2,1.160400009E1,4.434000015E0,-1.021005058E1
3.901245162E2,1.366050124E0,4.783950329E0,-6.384000301E0
3.901269599E2,-1.776000142E0,5.236050129E0,1.809000134E0
3.901294035E2,5.488950253E0,6.156000137E0,-1.441950083E0
3.901318472E2,5.046000004E0,9.325950623E0,-5.400000095E0
3.901342906E2,-1.633050084E0,8.977950096E0,-1.201950073E0
3.901367343E2,-1.450950027E0,9.136950493E0,3.553950071E0
3.901391779E2,7.611000538E0,7.329000473E0,-5.823000431E0
3.901416216E2,7.335000515E0,7.513050556E0,-1.048695087E1
3.901440651E2,4.708950043E0,8.422950745E0,-6.415050507E0
3.901465088E2,7.189050198E0,8.554950714E0,-6.987000465E0
3.901489524E2,4.204050064E0,8.787000656E0,-6.712050438E0
3.901513961E2,-6.270000339E-1,9.795000076E0,1.275000095E0
3.901538396E2,-1.021950006E0,8.137949944E0,5.941050053E0
3.901562833E2,3.117000103E0,9.655950546E0,-3.520500064E-1
3.901587269E2,5.473050117E0,1.058295059E1,-6.538950443E0
3.901611706E2,3.078000069E0,7.882050514E0,-3.292950153E0
3.901636140E2,3.315000057E0,7.642050266E0,-1.249950051E0
3.901660577E2,6.319950104E0,1.087005043E1,-4.060950279E0
3.901685013E2,3.828000069E0,1.193100071E1,-1.552050114E0
3.901709450E2,1.476000071E0,1.318005085E1,1.191000104E0
3.901733887E2,2.719050169E0,1.209300041E1,1.123950005E0
3.901758322E2,6.234000206E0,1.386300087E1,-5.158050060E0
3.901782759E2,4.050000191E0,1.395900059E1,-5.557950497E0
3.901807195E2,6.475950241E0,1.355595112E1,-5.646000385E0
3.901831632E2,5.869950294E0,1.346505070E1,-6.453000069E0
3.901856067E2,1.318050027E0,1.398705101E1,-3.490950108E0
3.901880503E2,-5.220000148E-1,1.048005009E1,3.901050091E0
3.901904939E2,1.206000090E0,1.054905033E1,3.157050133E0
3.901929376E2,4.393050194E0,1.237800026E1,-5.007000446E0
3.901953813E2,3.994950294E0,8.617050171E0,-7.267050266E0
3.901978248E2,2.568000078E0,7.639950275E0,-2.481000185E0
3.902002685E2,5.275950432E0,1.133400059E1,-1.327050090E0
3.902027121E2,4.876049995E0,1.324305058E1,-7.360500097E-1
3.902051558E2,2.683050156E0,1.134195042E1,9.060000181E-1
3.902075993E2,3.208050251E0,1.254405022E1,2.569950104E0
3.902100430E2,3.130950212E0,1.288095093E1,7.500000298E-2
3.902124866E2,2.542050123E0,9.409049988E0,-3.517950058E0
3.902149303E2,2.170950174E0,6.484050274E0,-5.256000042E0
3.902173737E2,5.973000050E0,7.863000393E0,-8.136000633E0
3.902198174E2,5.428950310E0,6.034050465E0,-9.472050667E0
3.902222610E2,3.060000241E-1,4.390950203E0,-3.646950245E0
3.902247047E2,-1.219050050E0,4.213950157E0,4.177050114E0
3.902271484E2,3.562050104E0,6.844950199E0,2.007000208E0
3.902295919E2,6.994950294E0,3.169950247E0,-6.870000362E0
3.902320356E2,-2.610000074E-1,4.153950214E0,-2.613000154E0
3.902344792E2,4.279500246E-1,5.904000282E0,2.248950005E0
3.902369229E2,6.817950249E0,4.735949993E0,-8.839500546E-1
3.902393663E2,2.868000031E0,5.286000252E0,-3.913050175E0
3.902418100E2,-1.482000113E0,6.991050243E0,2.128950119E0
3.902442537E2,4.345050335E0,6.448050499E0,3.550500274E-1
3.902466973E2,9.955050468E0,4.474950314E0,-7.759950161E0
3.902491408E2,3.445050240E0,6.940950394E0,-7.212000370E0
3.902515845E2,5.094000340E0,8.176050186E0,-4.102050304E0
3.902540282E2,8.941950798E0,6.835950375E0,-7.528050423E0
3.902564718E2,9.709500670E-1,6.514950275E0,-6.541950226E0
3.902589155E2,-2.665050030E0,8.181000710E0,1.423050046E0
3.902613590E2,4.441050053E0,6.145950317E0,-7.260000110E-1
3.902638026E2,1.126395035E1,7.024950504E0,-1.107405090E1
3.902662463E2,2.653950214E0,6.460050106E0,-1.042800045E1
3.902686900E2,-2.200500071E-1,6.979050159E0,-7.620000243E-1
3.902711334E2,5.326050282E0,6.505050182E0,-9.100500345E-1
3.902735771E2,7.153050423E0,9.184050560E0,-4.996950150E0
3.902760207E2,7.990500331E-1,8.155050278E0,-3.159000158E0
3.902784644E2,7.870500088E-1,7.894050598E0,-6.300000548E-1
3.902809079E2,8.077950478E0,6.615000248E0,-7.404000282E0
3.902833516E2,6.030000210E0,6.526950359E0,-1.132800007E1
3.902857952E2,2.508000135E0,7.185000420E0,-6.025050163E0
3.902882389E2,8.347949982E0,7.189950466E0,-5.658000469E0
3.902906824E2,6.508950233E0,6.180000305E0,-7.645050526E0
3.902931261E2,-2.217000008E0,7.768950462E0,3.480000198E-1
3.902955697E2,-4.909500182E-1,4.221000195E0,6.331050396E0
3.902980134E2,8.947050095E0,4.591950417E0,-7.810500264E-1
3.903004571E2,9.270000458E0,4.792950153E0,-1.024800014E1
3.903029005E2,-8.590500355E-1,5.173950195E0,-4.819950104E0
3.903053442E2,9.810000658E-1,4.800000191E0,2.790000200E0
3.903077878E2,6.877950191E0,5.242950439E0,-1.264950037E0
3.903102315E2,3.346050262E0,9.625050545E0,-2.572050095E0
3.903126750E2,-5.460000038E-1,9.562950134E0,2.416950226E0
3.903151187E2,2.572950125E0,7.870050430E0,-1.090050101E0
3.903175624E2,7.879050255E0,7.060950279E0,-8.625000000E0
3.903200060E2,4.492950439E0,8.097000122E0,-9.055950165E0
3.903224497E2,5.425050259E0,9.714000702E0,-5.917050362E0
3.903248931E2,8.134950638E0,8.277000427E0,-8.347050667E0
3.903273368E2,1.495950103E0,8.506950378E0,-4.698000431E0
3.903297804E2,-1.261950016E0,7.827000141E0,3.559050083E0
3.903322241E2,6.049500108E-1,6.625050545E0,3.736050129E0
3.903346676E2,6.871050358E0,8.257950783E0,-7.095000267E0
3.903371113E2,3.916050196E0,5.598000050E0,-8.263050079E0
3.903395550E2,6.150000095E-1,5.313000202E0,-1.969050050E0
3.903419986E2,4.885950089E0,5.422950268E0,-1.027950048E0
3.903444421E2,6.040050507E0,6.973950386E0,-3.226050138E0
3.903468857E2,1.263000011E0,7.237950325E0,-1.477950096E0
3.903493294E2,1.980000138E-1,8.542950630E0,2.098050117E0
3.903517731E2,4.845000267E0,7.108950138E0,-3.216000080E0
3.903542167E2,5.530050278E0,5.593050480E0,-8.395050049E0
3.903566602E2,2.812050104E0,7.846050262E0,-3.112950087E0
3.903591039E2,6.976050377E0,6.940950394E0,-3.415050268E0
3.903615475E2,5.250000477E0,5.590950489E0,-4.696050167E0
3.903639912E2,-1.630050063E0,5.986050129E0,1.023000002E0
3.903664347E2,2.670000196E-1,4.365000248E0,6.094050407E0
3.903688783E2,8.110950470E0,5.595000267E0,-2.122050047E0
3.903713220E2,6.943050385E0,5.535000324E0,-7.906050205E0
3.903737657E2,8.160000443E-1,6.376050472E0,2.550000250E-1
3.903762093E2,6.430500150E-1,7.105950356E0,3.102000237E0
3.903786528E2,3.259950161E0,9.571950912E0,1.900500059E-1
3.903810965E2,2.200050116E0,1.040805054E1,-3.987000227E0
3.903835401E2,5.879999995E-1,1.102995014E1,-7.090500593E-1
3.903859838E2,1.645950079E0,9.498000145E0,-2.335050106E0
3.903884273E2,3.736950159E0,9.535950661E0,-7.645050526E0
3.903908710E2,2.221050024E0,9.460050583E0,-6.352950096E0
3.903933146E2,4.965000153E0,9.919050217E0,-5.079000473E0
3.903957582E2,6.354000092E0,9.654000282E0,-7.609950542E0
3.903982017E2,1.693950057E0,9.262950897E0,-4.104000092E0
3.904006454E2,-9.409500360E-1,6.964950562E0,2.589000225E0
3.904030890E2,3.030000031E-1,8.559000015E0,4.057050228E0
3.904055327E2,3.729000092E0,9.409049988E0,-4.027950287E0
3.904079762E2,1.690050125E0,5.977950096E0,-5.232000351E0
3.904104198E2,4.800000191E-1,6.850050449E0,-4.120500088E-1
3.904128635E2,4.488000393E0,7.719000340E0,-7.549500465E-1
3.904153072E2,5.374050140E0,8.844000816E0,-3.573000193E0
3.904177508E2,4.500000179E-2,8.136000633E0,-6.349500418E-1
3.904201943E2,2.430000156E-1,8.176050186E0,2.754000187E0
3.904226380E2,7.864050388E0,7.894050598E0,-4.702950001E0
3.904250816E2,7.081050396E0,6.193950176E0,-1.158405018E1
3.904275253E2,3.508950233E0,7.650000572E0,-1.002300072E1
3.904299688E2,8.281050682E0,7.200000286E0,-1.040100002E1
3.904324125E2,5.839050293E0,6.441000462E0,-1.054005051E1
3.904348561E2,-7.519500256E-1,6.048000336E0,-3.154050112E0
3.904372998E2,1.045050025E0,5.080950260E0,2.326050043E0
3.904397435E2,9.286950111E0,4.822050095E0,-3.325950146E0
3.904421869E2,5.905950069E0,3.772950172E0,-8.146050453E0
3.904446306E2,-1.300050020E0,3.108000040E0,-1.269000053E0
3.904470742E2,1.623000026E0,1.462950110E0,-4.120500088E-1
3.904495179E2,7.749000549E0,2.971050024E0,-5.706000328E0
3.904519614E2,3.718050241E0,3.334950209E0,-2.919000149E0
3.904544051E2,-5.860500336E-1,3.145950079E0,1.050000072E0
3.904568487E2,4.291950226E0,4.843950272E0,1.153050065E0
3.904592924E2,9.327000618E0,3.045000076E0,-2.637000084E0
3.904617361E2,7.702050209E0,5.806050301E0,-3.975000143E0
3.904641795E2,8.773950577E0,9.223050117E0,-6.760050297E0
3.904666232E2,1.329195023E1,8.104949951E0,-1.239795017E1
3.904690668E2,4.752000332E0,9.736950874E0,-1.536900043E1
3.904715105E2,-2.290950060E0,1.233795071E1,9.490500689E-1
3.904739540E2,-2.535000086E0,1.272300053E1,8.335050583E0
3.904763977E2,2.097000122E0,1.395405102E1,6.979500055E-1
3.904788413E2,2.556000233E0,1.721505165E1,-2.871000051E0
3.904812850E2,2.982000113E0,1.681305122E1,2.650950193E0
3.904837284E2,2.170950174E0,1.517700100E1,3.196950197E0
3.904861721E2,2.530050039E0,2.103105164E1,-4.425000191E0
3.904886157E2,4.258950233E0,2.106000137E1,-1.518000126E0
3.904910594E2,1.146000028E0,1.673400116E1,-1.695000008E-2
3.904935029E2,1.594050050E0,1.784895134E1,-5.149500370E-1
3.904959466E2,2.353049994E0,1.718805122E1,4.080000222E-1
3.904983902E2,1.180050015E0,1.303005028E1,7.810500264E-1
3.905008339E2,8.370000124E-1,1.285695076E1,4.030500054E-1
3.905032774E2,1.234950066E0,1.426500034E1,3.552000284E0
3.905057211E2,9.979500771E-1,7.045950413E0,1.936050057E0
3.905081647E2,3.531000137E0,1.741050124E0,1.545000076E0
3.905106084E2,1.097895050E1,7.513050556E0,-1.794300079E1
3.905130521E2,4.965000153E0,4.779000282E0,-2.423100090E1
3.905154955E2,-8.830500245E-1,3.202950239E0,-9.204000473E0
3.905179392E2,-1.093950033E0,2.788950205E0,2.950950146E0
3.905203829E2,2.592000008E0,4.381050110E0,3.361950159E0
3.905228265E2,2.641950130E0,5.269950390E0,2.457000017E0
3.905252700E2,2.836050034E0,4.731000423E0,5.896050453E0
3.905277137E2,3.685950279E0,9.826050758E0,1.888050079E0
3.905301573E2,5.626050472E0,9.345000267E0,4.168950081E0
3.905326010E2,8.892000198E0,8.433000565E0,2.841000080E0
3.905350447E2,1.035405064E1,8.088000298E0,-7.980000377E-1
3.905374882E2,1.232700062E1,8.899050713E0,-1.414605045E1
3.905399318E2,3.259950161E0,8.799000740E0,-1.624095154E1
3.905423755E2,-6.750000119E-1,6.691950321E0,-6.304950237E0
3.905448192E2,3.202950239E0,7.561050415E0,-5.313000202E0
3.905472626E2,7.012050152E0,9.546000481E0,-7.126050472E0
3.905497063E2,1.431000113E0,8.133000374E0,-4.705049992E0
3.905521499E2,2.185050011E0,7.077000141E0,-1.630500108E-1
3.905545936E2,6.910950184E0,1.041000080E1,-4.099500179E-1
3.905570371E2,5.458050251E0,1.260105038E1,-1.867950082E0
3.905594808E2,2.223000050E0,1.030500031E1,1.813050032E0
3.905619244E2,2.185050011E0,1.268505096E1,1.732050061E0
3.905643681E2,2.188050032E0,1.212705040E1,-1.902000070E0
3.905668118E2,1.996050119E0,9.679950714E0,-5.026050091E0
3.905692552E2,4.740000248E0,1.124295044E1,-7.549950123E0
3.905716989E2,6.478050232E0,9.936000824E0,-7.915950298E0
3.905741426E2,3.033000231E0,1.036995029E1,-4.432050228E0
3.905765863E2,4.800000191E-1,9.249000549E0,1.663050056E0
3.905790297E2,4.330500066E-1,9.061950684E0,4.761000156E0
3.905814734E2,4.465050220E0,1.211505032E1,-1.024950027E0
3.905839170E2,5.338050365E0,1.027905083E1,-6.927000523E0
3.905863607E2,2.125050068E0,6.919050217E0,-4.626000404E0
3.905888044E2,2.982000113E0,7.822050571E0,-5.944950104E0
3.905912479E2,5.152050018E0,1.072200012E1,-6.229950428E0
3.905936916E2,2.188050032E0,9.782999992E0,-3.778950214E0
3.905961352E2,2.191950083E0,7.659000397E0,5.539500117E-1
3.905985789E2,4.936050415E0,8.694000244E0,-8.670000434E-1
3.906010223E2,4.687050343E0,6.670050144E0,-4.126049995E0
3.906034660E2,4.584000111E0,7.525050163E0,-2.548050165E0
3.906059096E2,6.658050537E0,8.341950417E0,-5.140950203E0
3.906083533E2,4.122000217E0,6.960000515E0,-6.091950417E0
3.906107968E2,1.480500102E-1,5.313000202E0,-4.410000145E-1
3.906132405E2,-5.770500302E-1,2.473050117E0,3.991950274E0
3.906156841E2,5.094000340E0,6.514950275E0,1.441950083E0
3.906181278E2,3.528000116E0,4.659000397E0,-3.228000164E0
3.906205713E2,1.705950022E0,3.376050234E0,2.584050179E0
3.906230150E2,4.933950424E0,6.723000526E0,-1.150500029E-1
3.906254586E2,8.263950348E0,7.141950130E0,-3.805050135E0
3.906279023E2,2.989950180E0,7.594950199E0,-2.863950253E0
3.906303457E2,5.929500461E-1,9.340050697E0,1.485000014E0
3.906327894E2,2.590050220E0,1.033395004E1,-6.730500460E-1
3.906352331E2,4.290000439E0,7.302000523E0,-6.384000301E0
3.906376767E2,3.210000038E0,7.606950283E0,-6.930000305E0
3.906401204E2,8.500950813E0,7.240050316E0,-8.794950485E0
3.906425639E2,6.415950298E0,6.730050087E0,-9.076950073E0
3.906450076E2,2.050500065E-1,6.997950554E0,-4.087950230E0
3.906474512E2,-6.580500603E-1,4.446000099E0,2.146050215E0
3.906498949E2,6.555000305E0,6.775950432E0,-2.400000095E-1
3.906523384E2,8.937000275E0,4.759950161E0,-9.214050293E0
3.906547821E2,1.323000073E0,3.927000284E0,-6.879000187E0
3.906572257E2,1.966950059E0,7.225950241E0,-3.130050182E0
3.906596694E2,8.242950439E0,7.056000233E0,-6.790950298E0
3.906621131E2,2.692950010E0,8.289000511E0,-7.404000282E0
3.906645565E2,-2.157000065E0,9.412050247E0,-1.738950133E0
3.906670002E2,2.920050144E0,7.726050377E0,-9.649500251E-1
3.906694438E2,7.570050240E0,7.024950504E0,-3.750000238E0
3.906718875E2,1.735050082E0,7.159050465E0,-4.866000175E0
3.906743310E2,7.699500322E-1,6.892950535E0,3.798000097E0
3.906767747E2,3.025950193E0,6.699000359E0,4.473000050E0
3.906792183E2,3.612000227E0,7.201950550E0,3.433950186E0
3.906816620E2,2.932050228E0,6.286950111E0,2.266050100E0
3.906841054E2,3.186000109E0,7.003050327E0,4.099500179E-1
3.906865491E2,4.468950272E0,8.727000237E0,5.830500126E-1
3.906889928E2,3.832050085E0,8.509050369E0,2.146050215E0
3.906914364E2,2.451000214E0,7.176000118E0,-3.163050175E0
3.906938801E2,2.476950169E0,9.898050308E0,-2.974050045E0
3.906963236E2,3.976050138E0,1.238595104E1,-7.690500617E-1
3.906987673E2,2.863050222E0,9.706050873E0,-1.449000120E0
3.907012109E2,1.570500135E-1,1.084095097E1,-2.766000032E0
3.907036546E2,1.429050088E0,1.332195091E1,-4.600500166E-1
3.907060980E2,2.358000040E0,1.359195042E1,1.380000114E0
3.907085417E2,1.122000098E0,1.182300091E1,1.710000038E0
3.907109854E2,6.150000095E-1,9.304050446E0,1.275000095E0
3.907134290E2,7.150500417E-1,5.452050209E0,2.614950180E0
3.907158727E2,-1.242000103E0,6.289950371E0,8.389500380E-1
3.907183162E2,-1.072050095E0,7.804950237E0,-7.590000629E-1
3.907207599E2,1.381395054E1,4.887000084E0,4.894950390E0
3.907232035E2,1.050495052E1,4.999500215E-1,-2.200905037E1
3.907256472E2,9.262950897E0,4.386000156E0,-2.276100159E1
3.907280906E2,8.723999977E0,7.510950565E0,-1.889400101E1
3.907305343E2,5.170950413E0,7.168050289E0,-1.216800022E1
3.907329779E2,-2.029500157E-1,9.931050301E0,-2.347050190E0
3.907354216E2,-1.824000120E0,1.270605087E1,6.685950279E0
3.907378651E2,8.130000114E0,6.277950287E0,2.208000183E0
3.907403088E2,1.408995056E1,6.274950504E0,-1.054050088E0
3.907427524E2,1.471695042E1,5.230950356E0,-3.670950174E0
3.907451961E2,1.620105171E1,5.317950249E0,-7.533000469E0
3.907476396E2,1.044105053E1,5.727000237E0,-1.334595108E1
3.907500833E2,2.179949999E0,6.907050133E0,-1.595805073E1
3.907525269E2,4.618050098E0,6.412050247E0,-1.387095070E1
3.907549706E2,1.297905064E1,4.659000397E0,-1.358100033E1
3.907574140E2,5.511000156E0,4.432050228E0,-8.308950424E0
3.907598577E2,3.390000165E-1,4.935000420E0,-3.192000151E0
3.907623014E2,4.623000145E0,8.416049957E0,-3.136950254E0
3.907647450E2,5.767050266E0,1.074300098E1,-2.692050219E0
3.907671887E2,2.086950064E0,8.635950089E0,4.770000458E0
3.907696322E2,-2.229000092E0,1.154505062E1,3.430050135E0
3.907720758E2,-2.494950056E0,9.292050362E0,-3.859500289E-1
3.907745195E2,-1.597050071E0,1.073295021E1,1.086000085E0
3.907769632E2,-1.156050086E0,9.499950409E0,8.509500623E-1
3.907794066E2,2.282999992E0,9.453000069E0,1.171950102E0
3.907818503E2,3.706050158E0,9.298950195E0,1.011000037E0
3.907842939E2,3.217050076E0,7.105950356E0,7.770000100E-1
3.907867376E2,2.164050102E0,7.414950371E0,-1.377000093E0
3.907891813E2,4.703999996E0,1.188495064E1,1.744050026E0
3.907916248E2,5.130000114E0,1.251705074E1,3.754950285E0
3.907940685E2,1.945950150E0,7.446000576E0,1.429950118E0
3.907965121E2,1.945950150E0,8.863950729E0,-3.360000253E-1
3.907989558E2,4.572000027E0,1.321395016E1,2.188950062E0
3.908013993E2,3.045000076E0,1.132005024E1,2.082000017E0
3.908038430E2,5.449500084E-1,9.912000656E0,2.740050077E0
3.908062866E2,-4.039500058E-1,8.806050301E0,1.524000049E0
3.908087303E2,4.639500082E-1,9.390000343E0,3.709950209E0
3.908111740E2,4.830000103E-1,1.044600010E1,2.284950018E0
3.908136174E2,1.528950095E0,1.152405071E1,3.910950184E0
3.908160611E2,2.121300125E1,8.590950012E0,-1.963950038E0
3.908185047E2,1.045500088E1,6.289950371E0,-3.111705208E1
3.908209484E2,5.314950466E0,6.352050304E0,-3.076005173E1
3.908233919E2,7.218000412E0,6.553050518E0,-2.481195068E1
3.908258355E2,6.679050446E0,7.405050278E0,-1.611900139E1
3.908282792E2,1.414050102E0,4.615950108E0,-4.291050434E0
3.908307229E2,1.599000096E0,9.007050514E0,1.056195068E1
3.908331663E2,4.474050045E0,1.410000038E1,3.858000278E0
3.908356100E2,4.761000156E0,8.248050690E0,1.813050032E0
3.908380536E2,6.427950382E0,8.344050407E0,6.127950191E0
3.908404973E2,6.382050514E0,1.042005062E1,3.019950151E0
3.908429408E2,5.734050274E0,9.655950546E0,6.529950142E0
3.908453845E2,5.128050327E0,9.655950546E0,4.270050049E0
3.908478281E2,6.412950516E0,1.173705101E1,-1.720050097E0
3.908502718E2,3.849000216E0,1.314195061E1,-5.005050182E0
3.908527154E2,1.004999995E0,1.122705078E1,-1.434705067E1
3.908551589E2,-1.302000046E0,7.276050568E0,-8.455050468E0
3.908576026E2,2.065050125E0,7.963050365E0,-6.889050484E0
3.908600462E2,2.884050131E0,1.034595013E1,-8.059950829E0
3.908624899E2,-5.839500427E-1,6.775950432E0,-2.905050039E0
3.908649334E2,1.282950044E0,4.699950218E0,-3.210000098E-1
3.908673771E2,4.467000008E0,1.061595058E1,-2.311050177E0
3.908698207E2,3.117000103E0,9.169950485E0,3.840000033E-1
3.908722644E2,1.321050048E0,6.721050262E0,1.440000057E0
3.908747081E2,2.592000008E0,9.318000793E0,7.429500222E-1
3.908771515E2,3.286950111E0,8.694000244E0,-3.829050064E0
3.908795952E2,2.539950132E0,5.497050285E0,-4.356000423E0
3.908820388E2,7.630050182E0,7.614000320E0,-5.344950199E0
3.908844823E2,7.315950394E0,6.244050503E0,-1.015005016E1
3.908869260E2,5.740500093E-1,6.036000252E0,-5.080950260E0
3.908893697E2,-1.117950082E0,3.244050264E0,3.919950247E0
3.908918133E2,1.939050078E0,6.453000069E0,1.753950119E0
3.908942570E2,5.245050430E0,7.441050529E0,-5.257950306E0
3.908967005E2,9.499500394E-1,3.273000240E0,-4.686000347E0
3.908991442E2,1.716000080E0,6.910050392E0,-1.738950133E0
3.909015878E2,6.294000149E0,7.516050339E0,-5.047950268E0
3.909040315E2,3.756000280E0,6.247050285E0,-5.098050117E0
3.909064749E2,-3.540000021E-1,9.361950874E0,-3.049500287E-1
3.909089186E2,3.186000109E0,8.812950134E0,1.612050056E0
3.909113623E2,8.197050095E0,6.571950436E0,-7.473000526E0
3.909138059E2,4.567049980E0,8.179050446E0,-7.782000542E0
3.909162496E2,6.721950531E0,9.069000244E0,-4.906050205E0
3.909186931E2,7.747050285E0,7.302000523E0,-8.155050278E0
3.909211368E2,8.320500255E-1,8.566950798E0,-3.106050253E0
3.909235804E2,-2.028000116E0,7.903050423E0,5.742000103E0
3.909260241E2,3.435000181E0,7.402950287E0,3.292950153E0
3.909284675E2,9.351000786E0,7.501050472E0,-6.718950272E0
3.909309112E2,3.100050211E0,5.643000126E0,-4.861050129E0
3.909333549E2,2.130000114E0,7.855950356E0,-4.510500133E-1
3.909357985E2,4.516950130E0,8.835000038E0,-3.940950155E0
3.909382422E2,2.434050083E0,9.835950851E0,-4.510950089E0
3.909406857E2,-3.180000186E-1,8.980950356E0,1.093050003E0
3.909431294E2,2.020050049E0,1.069005013E1,1.009500027E-1
3.909455730E2,5.434050083E0,9.129000664E0,-6.475050449E0
3.909480167E2,4.089000225E0,8.236050606E0,-5.707950115E0
3.909504602E2,8.109000206E0,9.508050919E0,-6.108000278E0
3.909529038E2,7.588950157E0,8.575950623E0,-8.002050400E0
3.909553475E2,8.230500221E-1,9.634950638E0,-2.755950212E0
3.909577912E2,-9.360000491E-1,8.442000389E0,4.045050144E0
3.909602346E2,2.106000185E0,7.894050598E0,3.121050119E0
3.909626783E2,5.824050426E0,8.794050217E0,-5.695950508E0
3.909651219E2,2.472000122E0,6.883050442E0,-2.910000086E0
3.909675656E2,1.825950146E0,7.939050198E0,1.854000092E0
3.909700091E2,5.548950195E0,9.760950089E0,-1.665000081E0
3.909724528E2,4.905000210E0,1.066905022E1,-2.299050093E0
3.909748965E2,1.666050076E0,1.123200035E1,1.509000063E0
3.909773401E2,1.792950034E0,1.246905041E1,1.732050061E0
3.909797838E2,5.824050426E0,1.177995014E1,-3.525000095E0
3.909822272E2,4.867050171E0,1.144905090E1,-6.592050076E0
3.909846709E2,7.060050488E0,1.217205048E1,-8.248950005E0
3.909871146E2,6.673950195E0,1.151895046E1,-9.412050247E0
3.909895582E2,1.273050070E0,1.159095097E1,-4.545000076E0
3.909920017E2,-5.790000558E-1,9.237000465E0,2.517000198E0
3.909944454E2,2.295000076E0,9.994050026E0,1.492950082E0
3.909968890E2,5.470050335E0,9.430950165E0,-6.964950562E0
3.909993327E2,3.013950109E0,5.047050476E0,-7.248000145E0
3.910017764E2,2.848050117E0,4.234950066E0,-4.438950062E0
3.910042199E2,6.516000271E0,5.485050201E0,-7.246050358E0
3.910066636E2,3.868050098E0,4.603950024E0,-8.017050743E0
3.910091072E2,-2.299500108E-1,3.766050100E0,-6.949500442E-1
3.910115509E2,-5.170500278E-1,5.892000198E0,4.260000229E0
3.910139943E2,4.014000416E0,3.718050241E0,-2.316000223E0
3.910164380E2,4.966950417E0,3.481050253E0,-5.200500488E-1
3.910188816E2,5.508000374E0,6.591000080E0,2.917050123E0
3.910213253E2,7.527000427E0,2.221950054E0,-3.441000223E0
3.910237688E2,2.793000221E0,2.800950050E0,-3.799950123E0
3.910262125E2,-8.400000334E-1,2.440050125E0,-3.799950123E0
3.910286561E2,3.610050201E0,1.197000027E0,-5.878050327E0
3.910310998E2,8.548950195E0,3.229500055E-1,-8.047950745E0
3.910335435E2,2.595000029E0,5.100000501E-1,-2.433000088E0
3.910359869E2,9.640500546E-1,5.332050323E0,-3.781050205E0
3.910384306E2,7.984050274E0,4.377000332E0,-8.857050896E0
3.910408743E2,5.005950451E0,4.990050316E0,-5.677050114E0
3.910433179E2,-1.999050140E0,9.751950264E0,4.189050198E0
3.910457616E2,-1.225950003E0,8.482950211E0,2.083950043E0
3.910482051E2,4.480950356E0,8.513999939E0,6.670500040E-1
3.910506487E2,8.170949936E0,1.179705048E1,-2.665050030E0
3.910530924E2,1.139595032E1,1.118805027E1,-8.031000137E0
3.910555361E2,7.623000145E0,1.064505005E1,-1.215900040E1
3.910579795E2,1.126950026E0,1.074795055E1,-8.199000359E0
3.910604232E2,6.049500108E-1,1.155195045E1,-9.679500461E-1
3.910628669E2,2.383949995E0,1.380300045E1,-3.319050074E0
3.910653105E2,1.882950068E0,9.760950089E0,-5.898000240E0
3.910677542E2,-4.620000124E-1,7.465050220E0,-2.325000048E0
3.910701977E2,2.523000002E0,6.168000221E0,-1.175999999E0
3.910726413E2,3.877950191E0,1.201200104E1,-4.959000111E0
3.910750850E2,4.390050411E0,1.154805088E1,-5.323050022E0
3.910775287E2,3.451950073E0,1.103295040E1,-1.195050001E0
3.910799722E2,5.170950413E0,1.219395065E1,-2.818950176E0
3.910824159E2,4.918950081E0,1.074495029E1,-4.509000301E0
3.910848595E2,5.511000156E0,1.147800064E1,-4.155000210E0
3.910873032E2,8.317049980E0,1.170300102E1,-7.746000290E0
3.910897466E2,4.251000404E0,8.032950401E0,-9.004950523E0
3.910921903E2,-5.100000501E-1,5.551950455E0,-1.666950107E0
3.910946340E2,-4.620000124E-1,2.791950226E0,3.973050117E0
3.910970776E2,5.491950035E0,4.456050396E0,-3.250050068E0
3.910995213E2,4.491000175E0,2.595000029E0,-5.701050282E0
3.911019648E2,1.861950040E0,5.433000088E0,1.144950032E0
3.911044085E2,5.796000481E0,6.931050301E0,6.330000162E-1
3.911068521E2,7.213050365E0,7.137000561E0,-1.602000117E0
3.911092958E2,2.239950180E0,8.437050819E0,-6.829500198E-1
3.911117393E2,-2.850000262E-1,1.335495090E1,1.003950000E0
3.911141830E2,2.554050207E0,8.950050354E0,6.795000285E-2
3.911166266E2,3.868050098E0,8.089950562E0,-5.230050087E0
3.911190703E2,8.230950356E0,1.002000046E1,-7.983000278E0
3.911215140E2,1.074495029E1,7.720950603E0,-1.087305069E1
3.911239574E2,4.165050030E0,7.735950470E0,-9.108000755E0
3.911264011E2,-4.140000343E-1,9.000000000E0,1.858950138E0
3.911288447E2,1.432950020E0,8.458950043E0,4.572000027E0
3.911312884E2,4.363950253E0,9.843000412E0,-3.199050188E0
3.911337319E2,2.137050152E0,9.127050400E0,-3.024000168E0
3.911361756E2,2.194950104E0,7.513050556E0,-8.910000324E-1
3.911386192E2,5.620950222E0,6.132000446E0,-3.838950157E0
3.911410629E2,3.909000158E0,1.033605003E1,-4.486950397E0
3.911435063E2,8.800500631E-1,1.015200043E1,1.417950034E0
3.911459500E2,1.555050015E0,1.108095074E1,2.380500138E-1
3.911483936E2,4.347000122E0,1.138995075E1,-1.786950111E0
3.911508373E2,4.953000069E0,9.534000397E0,-3.882000208E0
3.911532808E2,1.068705082E1,1.088895035E1,-8.254050255E0
3.911557245E2,7.045950413E0,9.748950005E0,-1.185900021E1
3.911581681E2,1.251000047E0,9.742050171E0,-6.742950439E0
3.911606118E2,-8.400000334E-1,6.673050404E0,-3.379500210E-1
3.911630555E2,3.475950241E0,6.919050217E0,-2.701050043E0
3.911654989E2,4.369050026E0,5.298000336E0,-8.257950783E0
3.911679426E2,2.769000053E0,5.775000095E0,-1.396050096E0
3.911703862E2,5.475000381E0,5.101950169E0,2.209500074E-1
3.911728299E2,6.568950176E0,6.390000343E0,-2.524050236E0
3.911752734E2,1.507950068E0,7.618950367E0,2.040000111E-1
3.911777171E2,-1.840500087E-1,9.429000854E0,3.204000235E0
3.911801607E2,4.881000042E0,7.951050282E0,-1.569000125E0
3.911826044E2,7.546050549E0,7.710000515E0,-6.289950371E0
3.911850478E2,7.453050137E0,8.899050713E0,-7.096950531E0
3.911874915E2,1.037595081E1,8.569050789E0,-1.007100010E1
3.911899352E2,1.780950069E0,8.539950371E0,-7.384050369E0
3.911923788E2,-2.080049992E0,9.558000565E0,4.524000168E0
3.911948225E2,8.320500255E-1,6.294000149E0,4.030950069E0
3.911972660E2,7.969950199E0,8.014050484E0,-6.325950146E0
3.911997097E2,4.243950367E0,5.943000317E0,-7.353000164E0
3.912021533E2,4.287000179E0,7.129950523E0,-4.971000195E0
3.912045970E2,6.040050507E0,5.310000420E0,-5.407050133E0
3.912070404E2,2.704950094E0,6.931050301E0,-4.461000443E0
3.912094841E2,3.799500167E-1,8.061000824E0,9.280500412E-1
3.912119277E2,3.133050203E0,1.000095081E1,-1.665000081E0
3.912143714E2,5.808000088E0,8.176050186E0,-6.144000053E0
3.912168149E2,5.116050243E0,8.377950668E0,-6.585000515E0
3.912192586E2,9.528000832E0,8.799000740E0,-8.830950737E0
3.912217023E2,8.487000465E0,7.425000191E0,-9.712050438E0
3.912241459E2,-3.060000241E-1,8.950050354E0,-2.497950077E0
3.912265896E2,-3.709500134E-1,7.513050556E0,6.219000340E0
3.912290331E2,7.570050240E0,5.230950356E0,-1.420500129E-1
3.912314768E2,8.880000114E0,4.477050304E0,-5.383050442E0
3.912339204E2,5.026950359E0,4.317000389E0,-1.726950049E0
3.912363641E2,6.676950455E0,6.402000427E0,-1.423050046E0
3.912388075E2,4.180050373E0,7.798050404E0,-1.044000030E0
3.912412512E2,1.138950109E0,8.812950134E0,2.083950043E0
3.912436949E2,2.650500238E-1,1.068300056E1,-1.099050045E0
3.912461385E2,1.384950042E0,1.189500046E1,5.089499950E-1
3.912485820E2,2.191950083E0,1.136295033E1,-4.450950146E0
3.912510257E2,4.909950256E0,1.166700077E1,-6.178050518E0
3.912534694E2,5.155950069E0,1.083405018E1,-9.204000473E0
3.912559130E2,1.575000048E0,9.931050301E0,-6.247050285E0
3.912583567E2,1.360500008E-1,7.981950283E0,3.228000164E0
3.912608002E2,2.410500050E-1,9.081000328E0,2.139000177E0
3.912632439E2,1.612950087E0,1.031400013E1,5.200500488E-1
3.912656875E2,7.960500121E-1,5.421000481E0,3.430500031E-1
3.912681312E2,2.556000233E0,7.305000305E0,3.340500295E-1
3.912705746E2,4.833000183E0,8.955000877E0,-3.810000181E0
3.912730183E2,3.576000214E0,7.377000332E0,-3.111000061E0
3.912754620E2,2.350050211E0,7.675950527E0,1.039500013E-1
3.912779056E2,3.400950193E0,1.099005032E1,-1.774950027E0
3.912803493E2,3.634050131E0,7.791000366E0,-3.034050226E0
3.912827928E2,6.528000355E0,6.318000317E0,-5.517000198E0
3.912852364E2,1.089600086E1,8.251049995E0,-1.202205086E1
3.912876801E2,6.616950512E0,5.791950226E0,-1.290795040E1
3.912901238E2,-2.029500157E-1,7.987050533E0,-4.770000458E0
3.912925672E2,1.339950085E0,5.739000320E0,6.469500065E-1
3.912950109E2,6.781950474E0,4.468050003E0,-5.218050480E0
3.912974545E2,4.371000290E0,3.804000139E0,-4.063950062E0
3.912998982E2,4.785000324E0,5.301000118E0,2.236950159E0
3.913023417E2,1.029000092E1,3.622050285E0,-3.487050056E0
3.913047854E2,4.438050270E0,5.574000359E0,-5.505000114E0
3.913072290E2,-1.819050074E0,7.480050564E0,-3.570000231E-1
3.913096727E2,4.024050236E0,6.646050453E0,-1.699950099E0
3.913121162E2,9.535950661E0,5.911050320E0,-7.605000496E0
3.913145599E2,4.165050030E0,9.237000465E0,-6.034050465E0
3.913170036E2,9.172050476E0,9.001950264E0,-5.488050461E0
3.913194472E2,6.835050106E0,7.063050270E0,-9.927000046E0
3.913218909E2,-2.260050058E0,8.583000183E0,-5.713050365E0
3.913243343E2,-1.666050076E0,7.446000576E0,9.030000687E0
3.913267780E2,5.671050072E0,6.673050404E0,2.211000204E0
3.913292216E2,6.736950397E0,7.494000435E0,-2.505000114E0
3.913316653E2,3.993000269E0,7.674000263E0,1.947000146E0
3.913341088E2,5.701950073E0,7.888950348E0,-4.087950230E0
3.913365525E2,3.751050234E0,8.442000389E0,-4.308000088E0
3.913389961E2,1.218000054E0,1.158600044E1,2.520000041E-1
3.913414398E2,1.705950022E0,1.183995056E1,-1.147050023E0
3.913438835E2,1.807050109E0,1.330005074E1,-1.192950010E0
3.913463269E2,1.515000105E0,1.335000038E1,-9.079500437E-1
3.913487706E2,3.835050106E0,1.193100071E1,2.536050081E0
3.913512143E2,5.829000473E0,1.140600014E1,-6.751950264E0
3.913536579E2,2.982000113E0,1.041000080E1,-8.208000183E0
3.913561014E2,4.680000305E0,9.052950859E0,-6.574950218E0
3.913585451E2,7.077000141E0,9.354000092E0,-7.786950588E0
3.913609887E2,5.142000198E0,7.003050327E0,-6.597000122E0
3.913634324E2,1.278000116E0,5.899050236E0,-2.728050232E0
3.913658759E2,4.062000275E0,7.152000427E0,-3.600000218E-2
3.913683196E2,4.957950115E0,5.502000332E0,-2.674950123E0
3.913707632E2,2.820000172E0,5.494950294E0,7.890000343E-1
3.913732069E2,3.552000284E0,7.246950150E0,3.223950148E0
3.913756506E2,4.648950100E0,9.498000145E0,-2.401950121E0
3.913780940E2,3.957000256E0,6.880950451E0,1.920000017E-1
3.913805377E2,7.548000336E0,1.028100014E1,-3.601050138E0
3.913829813E2,9.093000412E0,7.575000286E0,-1.384200096E1
3.913854250E2,2.142000198E0,7.207050323E0,-9.997050285E0
3.913878687E2,-2.262000084E0,6.603000164E0,7.860000134E-1
3.913903122E2,2.803050041E0,4.543950081E0,2.467050076E0
3.913927559E2,7.848000526E0,2.755950212E0,-4.056000233E0
3.913951995E2,4.732950211E0,3.655950069E0,-6.640500426E-1
3.913976432E2,8.985000610E0,4.012950420E0,2.205000073E-2
3.914000867E2,9.046950340E0,3.595950127E0,-7.365000248E0
3.914025304E2,2.149500102E-1,6.129000187E0,-3.786000252E0
3.914049740E2,-1.024950027E0,8.119050026E0,5.590500236E-1
3.914074177E2,6.933000565E0,5.227050304E0,-4.044000149E0
3.914098614E2,6.363000393E0,7.791000366E0,-6.424050331E0
3.914123048E2,4.897950172E0,8.715000153E0,-3.142050266E0
3.914147485E2,8.746050835E0,7.302000523E0,-7.638000488E0
3.914171921E2,1.326000094E0,7.846050262E0,-7.447050571E0
3.914196358E2,-2.574000120E0,7.899000168E0,4.677000046E0
3.914220793E2,1.885950089E0,6.790050507E0,3.808050156E0
3.914245229E2,7.101000309E0,6.651000500E0,-4.984950066E0
3.914269666E2,3.919050217E0,6.754050255E0,-2.493000031E0
3.914294102E2,4.636950016E0,6.529050350E0,-2.545950174E0
3.914318537E2,6.889950275E0,6.526950359E0,-7.084950447E0
3.914342974E2,2.121000051E0,8.911050797E0,-2.014050007E0
3.914367410E2,7.489500642E-1,1.065900040E1,1.822950125E0
3.914391847E2,3.508950233E0,1.110495090E1,-1.854000092E0
3.914416284E2,4.657950401E0,9.967050552E0,-4.365000248E0
3.914440719E2,8.082000732E0,1.101600075E1,-6.774000168E0
3.914465156E2,1.038600063E1,9.991050720E0,-1.242000103E1
3.914489592E2,3.190950155E0,9.952950478E0,-8.734950066E0
3.914514028E2,-6.060000062E-1,9.024000168E0,1.605000019E0
3.914538463E2,2.233050108E0,8.026050568E0,3.214050055E0
3.914562900E2,4.801950455E0,8.148000717E0,-3.325950146E0
3.914587336E2,2.833950043E0,5.775000095E0,-2.550000191E0
3.914611773E2,6.946950436E0,5.667000294E0,-3.838950157E0
3.914636208E2,9.402000427E0,4.551000118E0,-8.275050163E0
3.914660645E2,3.136050224E0,6.426000118E0,-4.369950294E0
3.914685082E2,3.030000031E-1,9.642000198E0,9.589500427E-1
3.914709518E2,1.345050097E0,9.144000053E0,-9.250500202E-1
3.914733955E2,3.076050043E0,8.779950142E0,-2.962050200E0
3.914758389E2,5.173050404E0,1.041705036E1,-2.809050083E0
3.914782826E2,9.829950333E0,7.243050575E0,-9.661050797E0
3.914807262E2,2.154000044E0,7.681050301E0,-7.192950249E0
3.914831699E2,-2.695950031E0,8.173950195E0,3.268950224E0
3.914856134E2,2.518050194E0,5.113950253E0,6.090000153E0
3.914880571E2,1.002900028E1,6.402000427E0,-4.762950420E0
3.914905007E2,4.603050232E0,4.377000332E0,-2.929050207E0
3.914929444E2,5.518050194E0,9.133950233E0,-3.529950142E0
3.914953878E2,5.853000164E0,7.188000202E0,-8.020950317E0
3.914978315E2,1.443000078E0,8.005949974E0,-4.213950157E0
3.915002751E2,1.759500057E-1,8.059050560E0,1.135950089E0
3.915027188E2,1.761000037E0,9.382950783E0,-1.780500114E-1
3.915051623E2,4.797000408E0,8.551950455E0,-4.348950386E0
3.915076060E2,7.438050270E0,8.827950478E0,-5.385000229E0
3.915100497E2,9.402000427E0,8.878050804E0,-9.328950882E0
3.915124933E2,4.575000286E0,8.088000298E0,-8.431050301E0
3.915149370E2,-8.520000577E-1,9.771000862E0,1.033050060E0
3.915173804E2,-2.434950113E0,8.799000740E0,6.127950191E0
3.915198241E2,1.651050091E0,7.258950233E0,-1.248000026E0
3.915222678E2,1.311000109E0,6.382950306E0,-3.487050056E0
3.915247114E2,2.973000050E0,6.394950390E0,-2.644050121E0
3.915271549E2,7.021950245E0,6.463950157E0,-5.388000488E0
3.915295986E2,3.222000122E0,8.068950653E0,-1.474950075E0
3.915320423E2,1.029000044E0,8.884950638E0,2.082000017E0
3.915344859E2,1.900050044E0,1.077705097E1,7.549500465E-1
3.915369296E2,4.780950069E0,1.142505074E1,2.119950056E0
3.915393731E2,7.548000336E0,1.142505074E1,-3.697050095E0
3.915418167E2,1.083105087E1,1.121505070E1,-1.101405048E1
3.915442604E2,3.358050108E0,1.052505016E1,-1.176600075E1
3.915467041E2,-6.559500098E-1,1.128195095E1,-1.297950029E0
3.915491475E2,5.760000348E-1,1.015200043E1,3.604050159E0
3.915515912E2,1.836000085E0,1.009695053E1,2.190000117E-1
3.915540348E2,1.869000077E0,8.626950264E0,8.530500531E-1
3.915564785E2,5.563950062E0,1.093200016E1,1.258050084E0
3.915589220E2,8.314949989E0,1.014495087E1,-5.923950195E0
3.915613657E2,5.446050167E0,8.892000198E0,-8.950050354E0
3.915638093E2,2.158950090E0,1.037895012E1,-6.229950428E0
3.915662530E2,3.184050083E0,1.074105072E1,-7.255050182E0
3.915686967E2,3.580950260E0,1.006095028E1,-7.128000259E0
3.915711401E2,4.630050182E0,7.891050339E0,-4.993050098E0
3.915735838E2,9.531000137E0,6.864000320E0,-7.557000160E0
3.915760274E2,6.492000103E0,6.091050148E0,-8.545949936E0
3.915784711E2,1.845000029E0,7.828950405E0,2.436000109E0
3.915809146E2,2.202000141E0,8.787000656E0,9.727050781E0
3.915833583E2,4.783050060E0,6.667950153E0,3.066000223E0
3.915858019E2,1.942950130E0,6.970050335E0,3.111000061E0
3.915882456E2,1.435950041E0,8.622000694E0,4.708050251E0
3.915906893E2,3.217050076E0,6.297000408E0,-1.159050107E0
3.915931327E2,1.990950108E0,6.658050537E0,-1.984950066E0
3.915955764E2,1.156050086E0,8.832000732E0,-4.150500298E-1
3.915980200E2,3.433050156E0,1.051995087E1,-3.106050253E0
3.916004637E2,3.033000231E0,1.142100048E1,-6.289950371E0
3.916029072E2,5.317050457E0,1.324305058E1,-5.341950417E0
3.916053509E2,8.701950073E0,1.362105083E1,-1.143105030E1
3.916077945E2,4.306950092E0,1.315200043E1,-9.942000389E0
3.916102382E2,9.190500379E-1,1.285005093E1,-8.790000677E-1
3.916126817E2,1.644000053E0,9.702000618E0,3.397950172E0
3.916151253E2,2.355000019E0,1.073295021E1,-3.763950109E0
3.916175690E2,9.949500561E-1,8.413050652E0,-4.102050304E0
3.916200127E2,1.396950126E0,8.287050247E0,-1.498950124E0
3.916224563E2,4.833000183E0,8.863950729E0,-7.300950527E0
3.916248998E2,4.645950317E0,8.155050278E0,-6.592050076E0
3.916273435E2,1.690050125E0,6.799950123E0,9.589500427E-1
3.916297872E2,3.658050060E0,1.032195091E1,8.220000267E-1
3.916322308E2,2.242950201E0,7.783950329E0,-9.649500251E-1
3.916346745E2,2.215950012E0,4.767000198E0,2.371050119E0
3.916371180E2,6.550050259E0,8.112000465E0,-1.138050079E0
3.916395617E2,6.679050446E0,6.105000496E0,-9.805050850E0
3.916420053E2,5.860500336E-1,9.678000450E0,-4.084949970E0
3.916444490E2,-6.610500216E-1,9.385950089E0,3.904050112E0
3.916468924E2,4.062000275E0,8.542950630E0,-4.150500298E-1
3.916493361E2,3.520950079E0,9.526950836E0,-2.971950054E0
3.916517797E2,1.291950107E0,9.850050926E0,2.908050060E0
3.916542234E2,3.516000271E0,9.378000259E0,-8.895000070E-2
3.916566671E2,3.913950205E0,9.967050552E0,-5.590950489E0
3.916591106E2,3.598050117E0,1.098495007E1,-5.886000156E0
3.916615543E2,6.424950123E0,9.844950676E0,-5.830950260E0
3.916639979E2,8.524950027E0,8.779950142E0,-1.038195038E1
3.916664416E2,2.764950037E0,1.041495037E1,-5.470950127E0
3.916688850E2,3.202950239E0,1.038195038E1,-5.320500135E-1
3.916713287E2,6.141000271E0,1.013700008E1,-3.220950127E0
3.916737724E2,3.502050161E0,9.220050812E0,-5.692050457E0
3.916762161E2,8.419500589E-1,5.164050102E0,-1.839000106E0
3.916786595E2,3.387000084E0,6.582000256E0,-5.068950176E0
3.916811032E2,4.350000381E0,6.493050098E0,-1.171605015E1
3.916835468E2,-2.970000207E-1,4.099050045E0,-4.504050255E0
3.916859905E2,-2.989500165E-1,3.912000179E0,5.805000305E0
3.916884340E2,5.065050125E0,2.346000195E0,1.399500072E-1
3.916908777E2,3.580950260E0,1.822050095E0,-1.606950045E0
3.916933213E2,3.270000219E-1,4.084949970E0,4.212000370E0
3.916957650E2,7.660950184E0,2.169000149E0,-1.522950053E0
3.916982087E2,7.780950546E0,6.220500469E-1,-7.791000366E0
3.917006522E2,5.040000081E-1,2.887050152E0,-3.217950106E0
3.917030958E2,2.482050180E0,5.647950172E0,-8.340000510E-1
3.917055395E2,3.921000242E0,3.949950218E0,-2.194050074E0
3.917079832E2,1.429500133E-1,7.731000423E0,3.738000154E0
3.917104266E2,7.800000161E-2,8.248050690E0,7.020000219E-1
3.917128703E2,2.164050102E0,1.040295029E1,4.905000329E-2
3.917153139E2,2.992050171E0,1.403295040E1,3.825000286E0
3.917177576E2,2.518050194E0,1.167000103E1,6.829500198E-1
3.917202013E2,2.626050234E0,1.291005039E1,-8.100000620E-1
3.917226448E2,6.208050251E0,1.564695072E1,7.290000319E-1
3.917250885E2,5.290950298E0,1.173405075E1,-5.245950222E0
3.917275321E2,5.856000423E0,1.363800049E1,-7.705050468E0
3.917299758E2,6.001950264E0,1.350105095E1,-1.313100052E1
3.917324192E2,2.389050007E0,1.218000031E1,-1.092600060E1
3.917348629E2,3.825000286E0,1.188495064E1,-7.416000366E0
3.917373066E2,6.555000305E0,1.094895077E1,-1.005195045E1
3.917397502E2,3.969000101E0,9.028950691E0,-7.813050270E0
3.917421939E2,2.512950182E0,6.004950523E0,2.070000172E-1
3.917446374E2,2.688000202E0,9.904950142E0,1.177050114E0
3.917470811E2,1.198950052E0,8.964000702E0,1.450500041E-1
3.917495247E2,3.319500089E-1,1.819950104E0,4.081050396E0
3.917519684E2,-1.438950062E0,9.994050026E0,2.698950052E0
3.917544118E2,2.482050180E0,7.723950386E0,3.135000229E0
3.917568555E2,4.812000275E0,8.689050674E0,4.876049995E0
3.917592992E2,4.041000366E0,1.060395050E1,1.180950046E0
3.917617428E2,3.009000063E0,1.005600071E1,2.343000174E0
3.917641863E2,3.124050140E0,1.152600098E1,2.026050091E0
3.917666300E2,4.756950378E0,1.082700062E1,1.927950144E0
3.917690736E2,5.877000332E0,8.943000793E0,-6.256950378E0
3.917715173E2,9.184050560E0,9.807000160E0,-1.317900085E1
3.917739608E2,5.520000458E0,9.295050621E0,-1.336095047E1
3.917764045E2,1.725000024E0,9.985950470E0,-4.453950405E0
3.917788481E2,5.182950020E0,9.598950386E0,-1.902000070E0
3.917812918E2,7.294950485E0,8.713050842E0,-6.610950470E0
3.917837352E2,1.812000036E0,8.955000877E0,-2.103000164E0
3.917861789E2,4.029000282E0,8.593050003E0,5.040000081E-1
3.917886226E2,5.074950218E0,1.250295067E1,-2.557950020E0
3.917910662E2,2.836050034E0,1.042500019E1,8.560500145E-1
3.917935099E2,1.587000132E0,8.952000618E0,9.709500670E-1
3.917959534E2,3.658050060E0,1.183500099E1,-1.783950090E0
3.917983971E2,2.791050196E0,8.272050858E0,-5.923950195E0
3.918008407E2,3.079500198E-1,9.229950905E0,-6.210000515E-1
3.918032844E2,3.160050154E0,8.124000549E0,-2.947950125E0
3.918057279E2,4.728000164E0,4.506000042E0,-7.489950180E0
3.918081715E2,3.540000021E-1,5.145000458E0,-4.606950283E0
3.918106152E2,1.321050048E0,2.389050007E0,-1.055999994E0
3.918130589E2,9.627000809E0,4.618050098E0,-3.360000134E0
3.918155025E2,1.091505051E1,4.671000004E0,-5.787000179E0
3.918179460E2,2.635050058E0,3.144000053E0,-7.450500131E-1
3.918203897E2,4.759050369E0,8.587950706E0,7.339500189E-1
3.918228334E2,5.422050476E0,9.790050507E0,-1.339050055E0
3.918252770E2,1.315950036E0,9.120000839E0,-1.594950080E0
3.918277207E2,-2.080500126E-1,9.891000748E0,2.329500169E-1
3.918301642E2,6.970950127E0,7.326000214E0,-6.355050087E0
3.918326078E2,6.823050499E0,6.100950241E0,-1.103100014E1
3.918350515E2,1.222950101E0,7.089000225E0,-5.695950508E0
3.918374951E2,3.624000072E0,7.969950199E0,-6.469500065E-1
3.918399386E2,7.644000530E0,9.972000122E0,-3.748050213E0
3.918423823E2,2.965950251E0,1.021395016E1,7.480500340E-1
3.918448259E2,1.536000013E0,9.782999992E0,2.605950117E0
3.918472696E2,6.199950218E0,9.381000519E0,-4.729050159E0
3.918497131E2,6.238950253E0,9.867000580E0,-9.715950012E0
3.918521568E2,5.310000181E-1,1.031700039E1,-5.488050461E0
3.918546005E2,1.960500032E-1,9.967050552E0,-1.465950012E0
3.918570441E2,2.311950207E0,1.168395042E1,-1.629000068E0
3.918594878E2,1.551000118E0,9.826050758E0,-6.250500083E-1
3.918619312E2,2.386050224E0,7.984950542E0,1.165050030E0
3.918643749E2,7.237050533E0,9.486000061E0,-3.336000204E0
3.918668185E2,7.363950253E0,8.904000282E0,-6.754950523E0
3.918692622E2,2.668950081E0,9.322950363E0,-3.324000120E0
3.918717057E2,3.004050255E0,1.071195030E1,-1.195050001E0
3.918741494E2,3.724950075E0,1.002705002E1,-1.459050059E0
3.918765930E2,4.695000127E-2,9.985950470E0,-5.989500284E-1
3.918790367E2,1.366050124E0,9.046050072E0,1.183950067E0
3.918814804E2,8.772000313E0,9.852000237E0,-4.585950375E0
3.918839239E2,8.926950455E0,1.001295090E1,-1.100505066E1
3.918863676E2,1.849950075E0,9.570000648E0,-5.602950096E0
3.918888112E2,1.917000055E0,1.047300053E1,-5.749500394E-1
3.918912549E2,3.568950176E0,1.124100018E1,-1.108950019E0
3.918936983E2,9.040500522E-1,1.190205097E1,-2.301000118E0
3.918961420E2,1.086000085E0,9.850050926E0,-1.654950023E0
3.918985856E2,6.562050343E0,8.698050499E0,-6.223050117E0
3.919010293E2,5.407950401E0,8.253000259E0,-1.036500072E1
3.919034728E2,5.209500194E-1,7.822050571E0,-2.986050129E0
3.919059165E2,1.945950150E0,8.308050156E0,3.529950142E0
3.919083602E2,4.615050316E0,1.173900032E1,2.235000134E0
3.919108038E2,1.953000069E0,8.442000389E0,1.557000041E0
3.919132475E2,-3.490500152E-1,7.128000259E0,-1.075950027E0
3.919156910E2,-2.490000129E-1,8.968950272E0,9.709500670E-1
3.919181347E2,5.980050087E0,1.155495071E1,1.098000050E0
3.919205783E2,1.917000055E0,7.906050205E0,-6.130050182E0
3.919230220E2,1.831050038E0,8.791950226E0,-2.023950100E0
3.919254654E2,3.130950212E0,1.092705059E1,-4.984950066E0
3.919279091E2,1.483950019E0,1.075005054E1,-2.823000193E0
3.919303528E2,6.000000052E-3,8.242950439E0,1.119000077E0
3.919327964E2,2.872050047E0,8.598000526E0,-6.010500193E-1
3.919352401E2,6.222000122E0,8.854050636E0,-7.264950275E0
3.919376836E2,2.994000196E0,6.085950375E0,-6.328950405E0
3.919401273E2,2.061000109E0,6.004950523E0,-2.086050034E0
3.919425709E2,4.993950367E0,8.061000824E0,-1.861050129E0
3.919450146E2,3.691050291E0,6.891000271E0,-1.717050076E0
3.919474580E2,1.552950025E0,5.683950424E0,1.018050075E0
3.919499017E2,6.175950527E0,6.025950432E0,-2.710950136E0
3.919523454E2,9.823050499E0,5.976000309E0,-9.558000565E0
3.919547890E2,3.199950218E0,6.649050236E0,-7.288950443E0
3.919572325E2,-2.092050076E0,6.061950207E0,6.469500065E-1
3.919596762E2,5.470499992E-1,7.137000561E0,3.493950129E0
3.919621198E2,3.729000092E0,6.886050224E0,7.005000114E-2
3.919645635E2,1.048050046E0,7.257000446E0,-1.044000030E0
3.919670070E2,5.820000172E0,6.208050251E0,1.540500075E-1
3.919694507E2,1.043805027E1,5.737050056E0,-8.248950005E0
3.919718943E2,3.727050066E0,8.260050774E0,-9.039000511E0
3.919743380E2,-1.519950032E0,9.052950859E0,-4.840500355E-1
3.919767814E2,7.304999977E-2,1.020195007E1,1.452000022E0
3.919792251E2,3.516000271E0,9.163050652E0,-2.103000164E0
3.919816688E2,1.579050064E0,1.000095081E1,-1.131000042E0
3.919841124E2,2.286000013E0,7.879950523E0,-5.989500284E-1
3.919865561E2,8.488950729E0,8.442000389E0,-6.817050457E0
3.919889996E2,6.196050167E0,9.900000572E0,-8.919000626E0
3.919914433E2,6.220500469E-1,8.968950272E0,-4.035000324E0
3.919938870E2,6.480000019E-1,8.386950493E0,2.860500216E-1
3.919963307E2,2.413050175E0,1.128195095E1,-1.678950071E0
3.919987743E2,1.132050037E0,9.826050758E0,-2.514000177E0
3.920012180E2,1.338000059E0,8.860950470E0,2.910000086E-1
3.920036614E2,6.730050087E0,8.776950836E0,-5.506950378E0
3.920061051E2,6.121050358E0,8.526000023E0,-1.017105007E1
3.920085487E2,1.086000085E0,7.852950573E0,-4.260000229E0
3.920109924E2,2.116050005E0,7.762050152E0,-7.069500089E-1
3.920134359E2,5.439000130E0,9.370950699E0,-1.288950086E0
3.920158796E2,1.570050120E0,7.911000252E0,-7.279500365E-1
3.920183232E2,8.640000224E-1,7.164000511E0,2.467050076E0
3.920207669E2,7.294950485E0,6.960000515E0,-2.209950209E0
3.920232104E2,8.992050171E0,6.903000355E0,-1.029105091E1
3.920256541E2,1.476000071E0,7.812000275E0,-7.485000134E0
3.920280977E2,-1.699500084E-1,7.372050285E0,-1.150500029E-1
3.920305414E2,2.458050013E0,7.951050282E0,8.700000644E-1
3.920329848E2,2.632950068E0,7.614000320E0,-6.000000238E-2
3.920354285E2,1.036050081E0,7.422000408E0,1.207950115E0
3.920378721E2,4.443000317E0,6.867000103E0,-6.420000196E-1
3.920403158E2,8.245050430E0,6.919050217E0,-7.495050430E0
3.920427595E2,2.319000006E0,6.946050167E0,-6.355050087E0
3.920452030E2,-1.819500029E-1,7.486950397E0,1.180500090E-1
3.920476467E2,1.900050044E0,8.875950813E0,1.492950082E0
3.920500903E2,2.982000113E0,9.736950874E0,-9.769500494E-1
3.920525340E2,1.378050089E0,7.257000446E0,6.690000296E-1
3.920549774E2,1.405050039E0,7.456050396E0,1.762950063E0
3.920574211E2,7.195950508E0,8.536050797E0,-5.452050209E0
3.920598647E2,5.104050159E0,8.848950386E0,-8.899950027E0
3.920623084E2,3.940500319E-1,8.281949997E0,-2.538000107E0
3.920647521E2,8.659500480E-1,8.758049965E0,1.066050053E0
3.920671956E2,3.028050184E0,1.079100037E1,-2.970000207E-1
3.920696393E2,1.159950018E0,9.328050613E0,-1.630500108E-1
3.920720829E2,9.040500522E-1,8.731950760E0,2.116950035E0
3.920745265E2,5.692950249E0,8.926050186E0,-2.965050220E0
3.920769700E2,5.884050369E0,9.619950294E0,-8.761050224E0
3.920794137E2,1.500000119E0,9.036000252E0,-5.140950203E0
3.920818573E2,1.624950051E0,9.274950027E0,-1.435050011E0
3.920843010E2,4.692000389E0,1.103805065E1,-2.299050093E0
3.920867447E2,1.408950090E0,9.880950928E0,-2.059950113E0
3.920891882E2,3.850500286E-1,8.578950882E0,1.074000001E0
3.920916318E2,7.006950378E0,8.653050423E0,-3.384000063E0
3.920940755E2,9.157050133E0,9.168000221E0,-1.179000092E1
3.920965192E2,2.118000031E0,9.397050858E0,-9.100950241E0
3.920989626E2,1.254000068E0,8.097000122E0,-7.695000619E-2
3.921014063E2,5.401050091E0,1.001295090E1,7.309500575E-1
3.921038499E2,2.805000067E0,1.069500065E1,-1.063950062E0
3.921062936E2,1.113000035E0,1.012995052E1,-5.580000281E-1
3.921087371E2,6.234000206E0,7.848000526E0,-4.189949989E0
3.921111808E2,9.253050804E0,8.002050400E0,-1.113405037E1
3.921136244E2,2.230950117E0,9.385950089E0,-1.065000057E1
3.921160681E2,8.539500237E-1,9.088950157E0,-2.320950031E0
3.921185115E2,4.351950169E0,1.028100014E1,1.906950116E0
3.921209552E2,4.764000416E0,1.075500011E1,-4.939500093E-1
3.921233988E2,1.807050109E0,1.026900005E1,-7.309500575E-1
3.921258425E2,3.310050249E0,8.518950462E0,-2.146050215E0
3.921282862E2,8.446050644E0,8.855999947E0,-7.981050491E0
3.921307297E2,5.130000114E0,9.850050926E0,-1.046400070E1
3.921331734E2,2.770500183E-1,9.808950424E0,-4.201950073E0
3.921356170E2,-2.539499998E-1,9.400050163E0,1.933050036E0
3.921380607E2,1.480950117E0,1.126500034E1,1.677000046E0
3.921405041E2,2.926950216E0,1.137795067E1,-1.350000054E-1
3.921429478E2,3.343950272E0,9.340050697E0,-1.438950062E0
3.921453915E2,3.658050060E0,9.084000587E0,-2.356050014E0
3.921478351E2,6.301050186E0,1.030500031E1,-5.722950459E0
3.921502788E2,2.908050060E0,1.060695076E1,-2.992950201E0
3.921527225E2,1.135950089E0,1.048905087E1,5.520000458E-1
3.921551660E2,1.957950115E0,1.100205040E1,1.501950026E0
3.921576097E2,2.710050106E0,1.183995056E1,4.489500225E-1
3.921600533E2,2.428950071E0,9.115050316E0,3.310500085E-1
3.921624970E2,2.446050167E0,7.963050365E0,1.276950002E0
3.921649404E2,4.516950130E0,1.033395004E1,-5.107050419E0
3.921673841E2,2.191950083E0,1.024305058E1,-5.196000099E0
3.921698278E2,5.140500069E-1,9.424050331E0,1.729950070E0
3.921722714E2,1.567050099E0,1.153095055E1,1.660050035E0
3.921747149E2,2.233050108E0,1.303200054E1,-1.055999994E0
3.921771586E2,1.771050096E0,1.312305069E1,1.021050096E0
3.921796022E2,1.266000032E0,1.077195072E1,8.130000234E-1
3.921820459E2,1.912050128E0,1.170300102E1,1.533000112E0
3.921844894E2,4.690050125E0,1.176495075E1,-3.859500289E-1
3.921869331E2,2.652000189E0,9.406949997E0,-5.967000484E0
3.921893767E2,3.928050280E0,9.558000565E0,-7.272000313E0
3.921918204E2,4.993950367E0,1.087695026E1,-8.206049919E0
3.921942641E2,1.708950043E0,9.330000877E0,-5.505000114E0
3.921967076E2,1.150950074E0,7.567950249E0,5.230500102E-1
3.921991513E2,5.488950253E0,8.290950775E0,-8.500500321E-1
3.922015949E2,8.122950554E0,8.866050720E0,-6.217950344E0
3.922040386E2,3.412950277E0,6.856950283E0,-6.202050209E0
3.922064820E2,1.183950067E0,6.960000515E0,-2.263050079E0
3.922089257E2,3.495000124E0,8.722050667E0,-2.086050034E0
3.922113693E2,3.816000223E0,8.374950409E0,-4.429950237E0
3.922138130E2,1.183950067E0,7.195050240E0,-1.537950039E0
3.922162565E2,5.025000095E0,7.575000286E0,-1.741050124E0
3.922187002E2,1.004295063E1,5.545050144E0,-7.806000233E0
3.922211439E2,3.358050108E0,7.240050316E0,-7.368000507E0
3.922235875E2,-3.400500119E-1,5.824950218E0,-1.257000089E0
3.922260309E2,6.640950203E0,6.354000092E0,-1.669050097E0
3.922284746E2,6.114000320E0,6.895050526E0,-6.727950096E0
3.922309183E2,-5.050500035E-1,7.420050144E0,-3.052950144E0
3.922333620E2,4.327950001E0,6.250950336E0,-7.695000619E-2
3.922358056E2,1.143705082E1,5.839950085E0,-7.780050278E0
3.922382491E2,3.375000238E0,8.707950592E0,-9.295050621E0
3.922406928E2,-2.860950232E0,8.368050575E0,1.696050048E0
3.922431364E2,-4.120500088E-1,7.492050171E0,3.882000208E0
3.922455801E2,3.820050240E0,8.157000542E0,-2.707950115E0
3.922480236E2,1.213050008E0,8.737050056E0,-2.016000032E0
3.922504673E2,1.360500008E-1,7.063050270E0,1.300500035E-1
3.922529110E2,5.461050034E0,6.823950291E0,-4.518000126E0
3.922553546E2,5.632950306E0,7.687950134E0,-7.341000557E0
3.922577983E2,1.014000058E0,8.346000671E0,-7.830000520E-1
3.922602417E2,1.690500081E-1,8.871000290E0,2.577000141E0
3.922626854E2,2.487000227E0,1.081005096E1,1.999500096E-1
3.922651291E2,2.884050131E0,9.189000130E0,-5.200500488E-1
3.922675727E2,2.053050041E0,7.506000519E0,7.500000298E-2
3.922700162E2,5.010000229E0,7.693050385E0,-3.147000074E0
3.922724599E2,7.551000595E0,9.187050819E0,-9.142050743E0
3.922749036E2,2.428950071E0,8.386950493E0,-6.999000549E0
3.922773472E2,5.700000376E-2,6.388050079E0,3.310500085E-1
3.922797909E2,2.839050055E0,7.626000404E0,3.049500287E-1
3.922822344E2,4.821000099E0,9.268050194E0,-1.636050105E0
3.922846780E2,1.972050071E0,7.177950382E0,-2.917050123E0
3.922871217E2,2.889000177E0,7.164000511E0,-2.353950024E0
3.922895654E2,8.237999916E0,6.772950172E0,-6.882000446E0
3.922920090E2,3.528000116E0,7.282950401E0,-7.771950245E0
3.922944525E2,5.279999971E-1,5.731950283E0,-2.068950176E0
3.922968962E2,3.478050232E0,8.646000862E0,-2.639999986E-1
3.922993398E2,4.572000027E0,7.264050484E0,-4.059000015E0
3.923017835E2,1.444950104E0,8.184000015E0,-1.954050064E0
3.923042270E2,1.294050097E0,5.974050522E0,5.920500159E-1
3.923066707E2,7.780950546E0,6.036000252E0,-3.391050100E0
3.923091143E2,5.833950043E0,7.197000504E0,-7.605000496E0
3.923115580E2,-9.409500360E-1,7.438950539E0,-5.539500117E-1
3.923140017E2,1.330500096E-1,6.445050240E0,4.464000225E0
3.923164451E2,6.763050556E0,7.486950397E0,-3.240000010E-1
3.923188888E2,4.539000034E0,9.538950920E0,-3.048000097E0
3.923213324E2,5.520000458E-1,9.934050560E0,3.960000277E-1
3.923237761E2,3.547950268E0,8.988000870E0,-2.095050097E0
3.923262196E2,5.602050304E0,1.004595089E1,-7.879950523E0
3.923286633E2,1.663050056E0,1.141095066E1,-4.843950272E0
3.923311069E2,3.990000188E-1,9.706050873E0,8.100000620E-1
3.923335506E2,1.948050141E0,1.014705086E1,-6.679500341E-1
3.923359943E2,3.262950182E0,1.123395061E1,-3.580050230E0
3.923384378E2,3.349050045E0,1.015905094E1,-1.071000099E0
3.923408814E2,3.952050209E0,9.879000664E0,-2.649000168E0
3.923433251E2,7.009950161E0,1.124805069E1,-7.428000450E0
3.923457687E2,4.306950092E0,1.256505013E1,-9.297000885E0
3.923482122E2,9.310500622E-1,1.015605068E1,-3.994050264E0
3.923506559E2,9.229500294E-1,8.308050156E0,9.780000448E-1
3.923530995E2,2.623050213E0,1.236195087E1,0.000000000E0
3.923555432E2,2.020050049E0,1.005405045E1,8.205000311E-2
3.923579867E2,3.562050104E0,6.426000118E0,-2.110500038E-1
3.923604304E2,8.398050308E0,7.125000477E0,-6.052950382E0
3.923628740E2,6.885000229E0,5.571000099E0,-1.005600071E1
3.923653177E2,1.194000006E0,5.811000347E0,-5.481000423E0
3.923677611E2,1.102950096E0,6.417000294E0,-5.800500512E-1
3.923702048E2,3.835050106E0,7.839000225E0,1.950000048E0
3.923726484E2,3.229050159E0,6.474000454E0,2.479500175E-1
3.923750921E2,8.370000124E-1,5.904000282E0,2.830950022E0
3.923775356E2,6.789000511E0,6.559950352E0,-1.110000089E-1
3.923799793E2,1.033800030E1,5.418000221E0,-9.508050919E0
3.923824229E2,2.748000145E0,6.997950554E0,-9.079950333E0
3.923848666E2,-1.237950087E0,7.887000561E0,4.270500243E-1
3.923873103E2,5.950500369E-1,8.116950035E0,2.026050091E0
3.923897537E2,3.765000105E0,8.899050713E0,-3.762000084E0
3.923921974E2,2.422049999E0,9.277950287E0,-2.613000154E0
3.923946410E2,3.709950209E0,7.771950245E0,-1.396050096E0
3.923970847E2,7.563000202E0,7.408050537E0,-7.047000408E0
3.923995282E2,3.910950184E0,7.714050293E0,-9.573000908E0
3.924019719E2,-3.040500283E-1,8.089950562E0,-1.417950034E0
3.924044155E2,2.143949986E0,8.490000725E0,-6.300000101E-2
3.924068592E2,6.994950294E0,9.120000839E0,-4.966050148E0
3.924093029E2,3.259950161E0,8.526000023E0,-3.778950214E0
3.924117463E2,1.948050141E0,1.005795002E1,-8.050500154E-1
3.924141900E2,8.236050606E0,9.265950203E0,-4.569000244E0
3.924166336E2,7.122000217E0,1.087200069E1,-1.011900043E1
3.924190773E2,5.260500312E-1,1.090305042E1,-5.317950249E0
3.924215208E2,2.239500135E-1,8.763000488E0,2.055000067E0
3.924239645E2,3.400950193E0,1.030305004E1,9.060000181E-1
3.924264081E2,4.705950260E0,1.161900043E1,-2.943000078E0
3.924288518E2,3.703050137E0,1.065405083E1,-3.244950056E0
3.924312955E2,4.036050320E0,9.136950493E0,-3.514950275E0
3.924337389E2,7.018950462E0,1.020405006E1,-6.154050350E0
3.924361826E2,4.361999989E0,1.175295067E1,-6.862950325E0
3.924386263E2,1.026000023E0,1.084095097E1,-2.062050104E0
3.924410699E2,1.053000093E0,1.128900051E1,1.987950087E0
3.924435134E2,3.436950207E0,1.197900105E1,-3.190500140E-1
3.924459571E2,3.490050077E0,1.143300056E1,-2.695950031E0
3.924484008E2,3.387000084E0,9.357000351E0,-2.014050007E0
3.924508444E2,6.492000103E0,1.048695087E1,-4.497000217E0
3.924532881E2,6.358050346E0,1.233795071E1,-8.184000015E0
3.924557315E2,1.800000072E0,9.690000534E0,-3.156000137E0
3.924581752E2,4.009500146E-1,6.727950096E0,2.244000196E0
3.924606189E2,1.737000108E0,9.607950211E0,1.806000113E0
3.924630625E2,2.428950071E0,1.145400047E1,-9.199500680E-1
3.924655060E2,1.648950100E0,7.077000141E0,-1.231050014E0
3.924679497E2,5.479950428E0,7.302000523E0,-1.996950150E0
3.924703933E2,8.293050766E0,8.107049942E0,-8.086050034E0
3.924728370E2,3.283950090E0,8.179050446E0,-6.786000252E0
3.924752807E2,7.459500432E-1,7.762050152E0,1.006950021E0
3.924777242E2,1.539000034E0,1.081500053E1,3.111000061E0
3.924801679E2,1.945950150E0,8.348999977E0,-7.740000486E-1
3.924826115E2,1.065000057E0,8.538000107E0,-8.530500531E-1
3.924850552E2,4.761000156E0,6.036000252E0,-3.046050072E0
3.924874986E2,1.083105087E1,7.528050423E0,-9.295050621E0
3.924899423E2,6.235950470E0,8.764950752E0,-1.137105083E1
3.924923859E2,-1.905000024E-2,8.773050308E0,-4.059000015E0
3.924948296E2,-7.519500256E-1,8.406000137E0,2.662950039E0
3.924972733E2,3.499950171E0,8.952000618E0,9.780000448E-1
3.924997168E2,4.227000237E0,7.987050533E0,-2.917050123E0
3.925021605E2,2.616000175E0,6.888000488E0,-2.433000088E0
3.925046041E2,8.386050224E0,5.374950409E0,-6.058050156E0
3.925070478E2,9.028050423E0,7.401000500E0,-1.006605053E1
3.925094912E2,9.499500394E-1,8.242950439E0,-4.353000164E0
3.925119349E2,-1.615950108E0,8.847000122E0,4.560000420E0
3.925143786E2,1.869000077E0,9.163050652E0,3.172950268E0
3.925168223E2,4.747050285E0,1.051095009E1,-2.598000050E0
3.925192657E2,2.290500104E-1,9.748950005E0,-1.090050101E0
3.925217094E2,2.599500120E-1,8.320050240E0,2.259000063E0
3.925241530E2,7.134000301E0,8.554950714E0,-4.854000092E0
3.925265967E2,5.587050438E0,9.931050301E0,-8.941050529E0
3.925290404E2,6.529500484E-1,8.822999954E0,-1.321950078E0
3.925314839E2,2.530499995E-1,7.465050220E0,2.800050020E0
3.925339276E2,7.369500399E-1,1.175295067E1,-5.805000290E-2
3.925363712E2,1.576950073E0,1.023300076E1,-2.400000021E-2
3.925388149E2,2.443950176E0,7.554000378E0,8.505000174E-2
3.925412584E2,5.869950294E0,7.543950558E0,-5.593950272E0
3.925437020E2,8.479949951E0,8.041950226E0,-1.115100098E1
3.925461457E2,2.494050026E0,7.357950211E0,-9.171000481E0
3.925485894E2,1.231950045E0,6.511950493E0,-1.626000047E0
3.925510328E2,1.776000142E0,9.718050003E0,1.800000072E-1
3.925534765E2,2.178000212E0,6.289950371E0,-9.940500259E-1
3.925559201E2,-3.760500252E-1,6.523950100E0,3.588000059E0
3.925583639E2,3.495000124E0,6.237000465E0,3.157050133E0
3.925608075E2,1.077105045E1,6.844950199E0,-3.700050116E0
3.925632512E2,6.640950203E0,7.048950195E0,-7.228950500E0
3.925656947E2,1.860000044E-1,8.041950226E0,-2.830500007E-1
3.925681383E2,-1.003050089E0,9.574950218E0,3.673950195E0
3.925705820E2,7.410000563E-1,1.040295029E1,3.405000269E-2
3.925730257E2,3.859050274E0,1.140600014E1,-5.800500512E-1
3.925754691E2,3.421050072E0,9.591000557E0,-2.376000166E0
3.925779128E2,5.572950363E0,8.683950424E0,-4.449000359E0
3.925803564E2,7.192050457E0,9.699000359E0,-8.329950333E0
3.925828001E2,2.890950203E0,1.059495068E1,-7.918050289E0
3.925852436E2,6.360000372E-1,1.089600086E1,-2.078999996E0
3.925876873E2,2.506050110E0,1.179195023E1,-2.830500007E-1
3.925901309E2,3.777000189E0,1.151895046E1,-2.923950195E0
3.925925746E2,1.219950080E0,1.005105019E1,-3.910500109E-1
3.925950183E2,2.656950235E0,8.230950356E0,6.499500275E-1
3.925974617E2,8.157000542E0,9.538950920E0,-4.399050236E0
3.925999054E2,5.125050068E0,9.733050346E0,-7.698000431E0
3.926023490E2,5.430000424E-1,6.433050156E0,-7.740000486E-1
3.926047927E2,1.347000122E0,7.486950397E0,3.319050074E0
3.926072362E2,1.644000053E0,1.050405025E1,5.419500470E-1
3.926096799E2,1.687050104E0,8.512050629E0,5.059500337E-1
3.926121235E2,1.303950071E0,8.164050102E0,2.604000092E0
3.926145672E2,7.093050480E0,7.555950165E0,-2.289000034E0
3.926170106E2,6.676950455E0,8.064000130E0,-7.738950253E0
3.926194543E2,5.310000181E-1,8.119050026E0,-4.035000324E0
3.926218980E2,-9.550500512E-1,8.457000732E0,1.014000058E0
3.926243417E2,1.716000080E0,9.874050140E0,2.986950159E0
3.926267853E2,3.259950161E0,9.040950775E0,-2.293950081E0
3.926292288E2,1.699050069E0,7.537050247E0,-4.890000224E-1
3.926316724E2,4.150950432E0,8.239050865E0,-1.119000077E0
3.926341161E2,9.199950218E0,9.703950882E0,-8.373000145E0
3.926365598E2,4.012050152E0,1.150200081E1,-8.950050354E0
3.926390033E2,-2.029500157E-1,8.653050423E0,-1.372050047E0
3.926414470E2,7.170000076E-1,8.914050102E0,1.761000037E0
3.926438906E2,6.430500150E-1,1.189005089E1,-1.032000065E0
3.926463343E2,1.753950119E0,8.260050774E0,-1.819950104E0
3.926487777E2,3.715050220E0,6.936000347E0,-2.026050091E0
3.926512214E2,9.375000000E0,5.575950146E0,-6.958050251E0
3.926536651E2,9.475950241E0,6.745050430E0,-1.342800045E1
3.926561087E2,2.554050207E0,7.645050526E0,-9.745050430E0
3.926585524E2,7.800000161E-2,6.475950241E0,-3.055950165E0
3.926609959E2,3.775050163E0,7.357950211E0,-2.023950100E0
3.926634396E2,3.868050098E0,7.197000504E0,-5.158050060E0
3.926658832E2,3.559500277E-1,5.662050247E0,-5.220000148E-1
3.926683269E2,4.282950401E0,5.016000271E0,3.010950089E0
3.926707706E2,1.130295086E1,3.190950155E0,-2.701050043E0
3.926732140E2,5.962950230E0,6.226950169E0,-6.508050442E0
3.926756577E2,-1.663950086E0,5.581050396E0,1.026000023E0
3.926781014E2,1.543950081E0,4.456050396E0,2.764050245E0
3.926805450E2,6.852000237E0,6.253950119E0,-3.586950064E0
3.926829885E2,2.875050068E0,7.522950172E0,-3.592050076E0
3.926854322E2,-1.068000078E0,8.155050278E0,1.675050020E0
3.926878759E2,4.465050220E0,4.927050114E0,-3.256950140E0
3.926903195E2,6.976050377E0,7.398000240E0,-1.049700069E1
3.926927632E2,1.204050064E0,7.980000496E0,-5.440050125E0
3.926952066E2,3.799500167E-1,5.920950413E0,2.800050020E0
3.926976503E2,3.388950109E0,9.019050598E0,-1.341000080E0
3.927000939E2,4.623000145E0,7.870050430E0,-2.662950039E0
3.927025376E2,2.089050055E0,6.517050266E0,-2.830950022E0
3.927049811E2,4.339950085E0,8.239050865E0,-4.861050129E0
3.927074248E2,9.403950691E0,1.005600071E1,-8.968950272E0
3.927098684E2,3.708000183E0,1.246905041E1,-5.656050205E0
3.927123121E2,1.159950018E0,9.405000687E0,2.437950134E0
3.927147555E2,1.002000093E0,1.087200069E1,2.067000151E0
3.927171992E2,-7.200000435E-2,1.524000072E1,2.580000162E0
3.927196429E2,-7.830000520E-1,1.201005077E1,4.510500133E-1
3.927220865E2,-9.580500722E-1,1.090605068E1,4.290000200E-1
3.927245302E2,4.113000393E0,9.472050667E0,4.782000065E0
3.927269737E2,7.516950130E0,1.074495029E1,-8.634000778E0
3.927294174E2,4.315950394E0,9.931050301E0,-1.253505039E1
3.927318610E2,5.631000042E0,8.986050606E0,-1.198905087E1
3.927343047E2,6.454050541E0,1.092000008E1,-9.268950462E0
3.927367481E2,4.000050068E0,1.074300098E1,-8.778000832E0
3.927391918E2,6.769500375E-1,7.045950413E0,-4.404000282E0
3.927416354E2,1.869000077E0,7.072950363E0,-1.150050044E0
3.927440791E2,7.113000393E0,6.523950100E0,-6.388050079E0
3.927465228E2,5.487000465E0,5.824950218E0,-7.320000172E0
3.927489663E2,-1.029000044E0,4.565999985E0,3.112950087E0
3.927514100E2,-6.730500460E-1,5.329950333E0,6.669000149E0
3.927538536E2,3.763050079E0,5.587950230E0,3.676050186E0
3.927562973E2,7.315950394E0,5.832000256E0,1.648050070E0
3.927587408E2,3.184050083E0,4.338000298E0,4.699500203E-1
3.927611845E2,8.062950134E0,5.503950119E0,-1.779000044E0
3.927636281E2,8.358000755E0,4.848000050E0,-8.910000801E0
3.927660718E2,1.600950122E0,6.751950264E0,-5.008950233E0
3.927685152E2,-4.279500246E-1,8.338950157E0,3.895950079E0
3.927709589E2,-5.700000376E-2,7.714050293E0,1.042050004E0
3.927734025E2,2.034000158E0,9.325950623E0,-5.269500017E-1
3.927758462E2,2.563050032E0,8.832000732E0,-1.638000131E0
3.927782897E2,3.816000223E0,7.309950352E0,-1.375050068E0
3.927807334E2,6.933000565E0,9.249000549E0,-7.894050598E0
3.927831771E2,7.041000366E0,9.856950760E0,-1.047495079E1
3.927856207E2,5.790000558E-1,8.751000404E0,-4.897050381E0
3.927880644E2,8.080500364E-1,7.345950127E0,8.869500160E-1
3.927905081E2,1.516950130E0,1.387200069E1,3.030000031E-1
3.927929515E2,6.220500469E-1,1.042695045E1,-1.660500020E-1
3.927953952E2,6.499500275E-1,8.626950264E0,2.149049997E0
3.927978389E2,5.122950077E0,8.296050072E0,-3.111000061E0
3.928002825E2,8.105999947E0,1.054200077E1,-1.101195049E1
3.928027260E2,3.763050079E0,1.071195030E1,-8.959950447E0
3.928051697E2,9.070500135E-1,9.637050629E0,-2.337000132E0
3.928076134E2,2.002950191E0,1.128195095E1,1.710000038E0
3.928100570E2,1.893000126E0,1.122705078E1,1.753950119E0
3.928125007E2,1.527000070E0,8.935050011E0,2.388000011E0
3.928149442E2,4.792950153E0,8.112000465E0,1.689000130E0
3.928173878E2,1.102500057E1,7.537050247E0,-5.766000271E0
3.928198315E2,9.030000687E0,9.304050446E0,-1.291995049E1
3.928222752E2,1.374000072E0,9.462000847E0,-7.084950447E0
3.928247186E2,5.520000458E-1,8.799000740E0,9.630000591E-1
3.928271623E2,2.311950207E0,1.249800014E1,2.335050106E0
3.928296059E2,2.680950165E0,1.166700077E1,-4.939500093E-1
3.928320496E2,1.759050131E0,1.100595093E1,-8.050500154E-1
3.928344931E2,3.732000113E0,9.067049980E0,-2.163000107E0
3.928369368E2,6.643050194E0,9.943050385E0,-7.510950565E0
3.928393804E2,2.596950054E0,1.033605003E1,-7.569000244E0
3.928418241E2,1.789500117E-1,9.703950882E0,-7.380000353E-1
3.928442675E2,3.889500201E-1,9.493050575E0,2.164950132E0
3.928467112E2,2.197050095E0,1.277805042E1,1.378050089E0
3.928491548E2,2.166000128E0,9.745050430E0,-1.387050033E0
3.928515985E2,3.519000053E0,7.045950413E0,-1.528050065E0
3.928540422E2,7.917000294E0,8.023050308E0,-6.391050339E0
3.928564857E2,9.511950493E0,9.819000244E0,-1.293900108E1
3.928589294E2,2.548950195E0,8.554950714E0,-9.156000137E0
3.928613730E2,2.650500238E-1,5.430000305E0,-1.147050023E0
3.928638167E2,1.018950105E0,9.001950264E0,-1.969500035E-1
3.928662602E2,1.986000061E0,8.171999931E0,-2.899950027E0
3.928687038E2,7.990500331E-1,5.755950451E0,-6.880500317E-1
3.928711475E2,3.744000196E0,5.533050060E0,7.099500299E-1
3.928735912E2,9.448950768E0,3.700950146E0,-5.814000130E0
3.928760349E2,6.238950253E0,6.361950397E0,-6.988950253E0
3.928784785E2,9.000000358E-2,5.550000191E0,3.900000080E-2
3.928809220E2,1.540950060E0,7.092000484E0,3.621000290E0
3.928833656E2,6.796950340E0,8.797050476E0,-1.720050097E0
3.928858093E2,4.242000103E0,9.153000832E0,-3.501000166E0
3.928882530E2,-5.290500522E-1,8.983050346E0,1.167000055E0
3.928906965E2,2.049000025E0,7.707000256E0,1.690500081E-1
3.928931402E2,7.251000404E0,9.213000298E0,-7.143000126E0
3.928955838E2,4.972050190E0,9.481050491E0,-7.339050293E0
3.928980275E2,8.370000124E-1,7.686000347E0,-1.219050050E0
3.929004710E2,1.186950088E0,6.570000172E0,1.696050048E0
3.929029146E2,4.036050320E0,1.263705063E1,-3.417000055E0
3.929053583E2,3.931050301E0,1.044405079E1,-4.201950073E0
3.929078020E2,1.303950071E0,7.791000366E0,-1.750950098E0
3.929102454E2,3.138000250E0,9.055050850E0,-3.226050138E0
3.929126891E2,4.951050282E0,1.171995068E1,-6.043950081E0
3.929151328E2,1.402050018E0,8.665050507E0,-2.758950233E0
3.929175764E2,8.320500255E-1,4.942050457E0,1.645950079E0
3.929200201E2,1.105050087E0,1.204095078E1,1.204950094E0
3.929224636E2,2.101050138E0,1.041000080E1,1.045050025E0
3.929249073E2,7.630500197E-1,5.497050285E0,7.480500340E-1
3.929273509E2,1.531950116E0,9.649050713E0,2.248950005E0
3.929297946E2,7.098000526E0,8.803950310E0,-4.411050320E0
3.929322380E2,3.789000273E0,1.002705002E1,-8.605950356E0
3.929346817E2,-4.519500136E-1,7.228050232E0,-2.031000137E0
3.929371254E2,-5.980500579E-1,6.985950470E0,3.219000101E0
3.929395690E2,4.038000107E0,9.615000725E0,-1.192950010E0
3.929420127E2,4.984050274E0,9.553050041E0,-3.637050152E0
3.929444562E2,3.615000248E0,7.551000595E0,-2.277000189E0
3.929468999E2,5.889000416E0,7.942050457E0,-4.159049988E0
3.929493435E2,7.905000210E0,9.967050552E0,-9.292950630E0
3.929517872E2,1.510050058E0,1.025205040E1,-6.846000195E0
3.929542306E2,-2.749500275E-1,8.545050621E0,-1.920000017E-1
3.929566743E2,3.006000042E0,1.056600094E1,-7.500000298E-2
3.929591180E2,5.494050026E0,1.134195042E1,-3.621000290E0
3.929615616E2,1.867050052E0,1.035000038E1,-2.332950115E0
3.929640051E2,2.293050051E0,7.498950481E0,-1.594950080E0
3.929664488E2,7.186950207E0,8.449049950E0,-4.212000370E0
3.929688925E2,4.522050381E0,1.040805054E1,-7.060950279E0
3.929713361E2,1.210500076E-1,8.641050339E0,-1.606950045E0
3.929737798E2,-4.480500221E-1,6.856950283E0,3.094050169E0
3.929762233E2,7.440000176E-1,9.951000214E0,1.086000085E0
3.929786670E2,3.753000259E0,1.177995014E1,7.720500231E-1
3.929811106E2,3.238950253E0,9.067049980E0,-1.987950087E0
3.929835543E2,2.602050066E0,7.510950565E0,-8.940000534E-1
3.929859980E2,5.608950138E0,9.646050453E0,-4.489950180E0
3.929884414E2,3.148050070E0,1.061100006E1,-5.707950115E0
3.929908851E2,3.990000188E-1,8.131050110E0,5.539500117E-1
3.929933287E2,7.095000148E-2,7.461000443E0,1.126049995E0
3.929957724E2,2.238000154E0,1.218900013E1,1.705950022E0
3.929982159E2,3.643050194E0,9.306000710E0,-5.820000172E-1
3.930006596E2,1.147950053E0,6.100950241E0,-2.383050203E0
3.930031033E2,3.708000183E0,6.874050140E0,6.280500293E-1
3.930055469E2,8.085000038E0,9.430950165E0,-7.593000412E0
3.930079906E2,2.893950224E0,7.894050598E0,-7.288950443E0
3.930104340E2,2.310000062E-1,5.634000301E0,1.308000088E0
3.930128777E2,2.134950161E0,8.002050400E0,1.485000014E0
3.930153213E2,3.888000250E0,1.110000038E1,-8.190000653E-1
3.930177650E2,2.206950188E0,8.635950089E0,-5.179499984E-1
3.930202085E2,1.845000029E0,7.432050228E0,-2.503050089E0
3.930226522E2,5.994000435E0,6.000000477E0,-8.020950317E0
3.930250958E2,6.952050209E0,7.756950378E0,-1.301295090E1
3.930275395E2,1.072050095E0,6.547950268E0,-8.320950508E0
3.930299830E2,2.029500157E-1,5.872950077E0,-9.100500345E-1
3.930324266E2,6.459000111E0,6.838050365E0,-1.675950050E0
3.930348703E2,6.559950352E0,8.071050644E0,-4.128000259E0
3.930373140E2,1.740000099E-1,7.534950256E0,1.933050036E0
3.930397576E2,3.082950115E0,6.265950203E0,4.332000256E0
3.930422011E2,1.039800072E1,6.820950508E0,-3.798000097E0
3.930446448E2,5.755050182E0,9.790050507E0,-9.333000183E0
3.930470884E2,-8.740500212E-1,8.578950882E0,1.159500033E-1
3.930495321E2,1.279500127E-1,6.682050228E0,2.308950186E0
3.930519756E2,3.895050287E0,9.838050842E0,-2.586000204E0
3.930544193E2,3.940050125E0,1.328100109E1,-2.763000250E0
3.930568629E2,3.265050173E0,1.189005089E1,-2.590950012E0
3.930593066E2,4.492950439E0,9.721050262E0,-4.269000053E0
3.930617503E2,4.390050411E0,1.278795052E1,-7.780050278E0
3.930641937E2,3.685950279E0,1.230705070E1,-7.689000130E0
3.930666374E2,1.351950049E0,9.898050308E0,-2.902050257E0
3.930690810E2,1.543950081E0,9.958050728E0,9.250500202E-1
3.930715247E2,3.997950077E0,1.327395058E1,-1.392000079E0
3.930739682E2,4.588950157E0,1.172205067E1,-3.241950035E0
3.930764118E2,3.649950266E0,8.404050827E0,-2.620050192E0
3.930788555E2,7.024050236E0,1.122405052E1,-5.115000248E0
3.930812992E2,7.171950340E0,1.328805065E1,-8.718000412E0
3.930837428E2,2.101050138E0,1.040805054E1,-3.309000254E0
3.930861863E2,1.393050075E0,7.341000557E0,2.776050091E0
3.930886300E2,9.330000281E-1,1.307805061E1,3.148950100E0
3.930910736E2,2.389500141E-1,1.235205078E1,1.339050055E0
3.930935173E2,4.680000246E-1,9.157950401E0,9.390000701E-1
3.930959610E2,3.643050194E0,8.113950729E0,-3.939000130E0
3.930984045E2,7.824000359E0,8.715000153E0,-7.191000462E0
3.931008482E2,6.078000069E0,9.703950882E0,-1.013505077E1
3.931032918E2,1.237050056E0,8.230950356E0,-2.770950079E0
3.931057355E2,8.800500631E-1,8.485050201E0,2.388000011E0
3.931081789E2,4.246950150E0,1.063995075E1,-1.230000034E-1
3.931106226E2,4.744950294E0,1.003200054E1,-3.478950262E0
3.931130662E2,1.885950089E0,7.357950211E0,-2.196000099E0
3.931155099E2,4.036050320E0,7.750050545E0,-2.926050186E0
3.931179534E2,7.084050179E0,9.192000389E0,-8.766000748E0
3.931203971E2,3.415950060E0,8.160000801E0,-8.706000328E0
3.931228408E2,1.980000138E-1,3.904950142E0,-1.711950064E0
3.931252844E2,2.520000219E0,6.466950417E0,-3.600000143E-1
3.931277281E2,6.052050114E0,7.611000538E0,-4.674000263E0
3.931301715E2,4.342050076E0,6.892950535E0,-5.512050152E0
3.931326152E2,8.710500598E-1,5.892000198E0,-2.176950216E0
3.931350588E2,5.896050453E0,5.811000347E0,-3.120000124E0
3.931375025E2,8.620950699E0,5.775000095E0,-6.357000351E0
3.931399460E2,9.690000415E-1,6.715950489E0,-2.944950104E0
3.931423897E2,-1.266000032E0,3.811950207E0,2.389950037E0
3.931448333E2,4.909950256E0,3.994050264E0,3.592050076E0
3.931472770E2,9.090000153E0,4.483950138E0,-3.505950212E0
3.931497207E2,2.950950146E0,6.004950523E0,-2.091000080E0
3.931521641E2,8.490000367E-1,5.583000183E0,1.093050003E0
3.931546078E2,8.652000427E0,6.409050465E0,-4.762950420E0
3.931570515E2,7.503000259E0,8.739000320E0,-1.010895061E1
3.931594951E2,4.050000105E-3,8.029950142E0,-2.287050009E0
3.931619386E2,-2.100000143E0,6.057000160E0,3.409950256E0
3.931643823E2,-2.875050068E0,8.713050842E0,-5.295000225E-2
3.931668259E2,1.093050003E0,9.517050743E0,-5.560500026E-1
3.931692696E2,3.366000175E0,6.916950226E0,-3.489000082E0
3.931717133E2,5.020050049E0,5.674050331E0,-3.244950056E0
3.931741567E2,8.985000610E0,6.936000347E0,-9.592050552E0
3.931766004E2,6.042000294E0,8.152050018E0,-1.042500019E1
3.931790441E2,6.150000095E-1,6.811950207E0,-2.160000086E0
3.931814877E2,5.160000324E-1,7.228050232E0,7.579500079E-1
3.931839314E2,-6.180000305E-1,1.097100067E1,1.705950022E0
3.931863749E2,-8.400000632E-2,6.259050369E0,-1.249500066E-1
3.931888186E2,8.370000124E-1,5.595000267E0,1.174050093E0
3.931912622E2,6.718050480E0,5.490000248E0,-3.075000048E0
3.931937059E2,1.111800098E1,6.100950241E0,-1.084395027E1
3.931961494E2,5.626050472E0,6.859950542E0,-9.790950775E0
3.931985931E2,-7.009500265E-1,7.623000145E0,-1.755000114E0
3.932010367E2,-8.329500556E-1,7.341000557E0,3.918000221E0
3.932034804E2,1.048050046E0,9.940950394E0,3.286050081E0
3.932059238E2,5.056050301E0,9.376049995E0,-7.330500484E-1
3.932083675E2,4.144050121E0,7.531950474E0,-1.684050083E0
3.932108112E2,5.539950371E0,7.954050541E0,-3.151050091E0
3.932132548E2,6.703050137E0,9.673050880E0,-6.223050117E0
3.932156985E2,4.450050354E0,1.093500042E1,-8.328000069E0
3.932181420E2,1.503000021E0,9.888000488E0,1.216950059E0
3.932205857E2,1.516950130E0,1.042500019E1,2.139000177E0
3.932230293E2,2.419950008E0,1.596705055E1,9.250500202E-1
3.932254730E2,2.986950159E0,1.381005096E1,1.489500105E-1
3.932279164E2,1.894950032E0,9.670050621E0,-9.105000645E-2
3.932303601E2,2.875050068E0,1.360695076E1,1.761000037E0
3.932328037E2,6.873000145E0,1.599900055E1,-8.158050537E0
3.932352474E2,3.058950186E0,1.250295067E1,-7.012950420E0
3.932376909E2,3.510000110E-1,1.106400013E1,-3.330000043E-1
3.932401346E2,1.480950117E0,1.443705082E1,1.387050033E0
3.932425782E2,2.463000059E0,1.724595070E1,1.095000029E0
3.932450219E2,1.591050029E0,1.196700096E1,-3.168000221E0
3.932474654E2,1.213050008E0,9.289950371E0,-2.692050219E0
3.932499091E2,2.566050053E0,1.095405006E1,-3.867000103E0
3.932523527E2,3.508950233E0,1.128900051E1,-8.761050224E0
3.932547964E2,2.832000017E0,6.751950264E0,-5.854950428E0
3.932572401E2,1.315950036E0,6.409050465E0,3.840000033E-1
3.932596838E2,4.113000393E0,8.775000572E0,9.510000348E-1
3.932621272E2,4.407000065E0,6.907050133E0,-1.933050036E0
3.932645709E2,3.246000051E0,3.289950132E0,1.110000089E-1
3.932670145E2,2.868000031E0,4.498950005E0,1.011000037E0
3.932694582E2,6.684000492E0,5.500050068E0,-2.653050184E0
3.932719019E2,7.738050461E0,4.851000309E0,-5.827950478E0
3.932743454E2,2.998950243E0,4.267050266E0,-2.766000032E0
3.932767891E2,-6.250500083E-1,4.465050220E0,3.513000250E0
3.932792327E2,-1.417050123E0,6.223050117E0,2.977050066E0
3.932816764E2,2.282999992E0,7.815000534E0,1.198050022E0
3.932841199E2,1.977000117E0,5.314950466E0,-4.099050045E0
3.932865636E2,2.359500080E-1,4.828950405E0,-3.148950100E0
3.932890072E2,8.092050552E0,4.507950306E0,-7.437000275E0
3.932914509E2,8.971050262E0,7.032000542E0,-1.186395073E1
3.932938943E2,1.455000043E0,5.296050072E0,-6.694950104E0
3.932963380E2,-1.530000091E0,5.653050423E0,2.884050131E0
3.932987816E2,2.872050047E0,7.816950321E0,3.136950254E0
3.933012253E2,8.020050049E0,9.970050812E0,-3.166050196E0
3.933036688E2,3.169050217E0,7.942050457E0,-2.673000097E0
3.933061125E2,1.267950058E0,8.289000511E0,-6.300000101E-2
3.933085561E2,5.631000042E0,9.864000320E0,-5.481000423E0
3.933109998E2,6.789000511E0,1.183500099E1,-9.088950157E0
3.933134433E2,1.381050110E0,1.041705036E1,-5.269950390E0
3.933158870E2,3.490500152E-1,9.160050392E0,2.581950188E0
3.933183306E2,5.500500202E-1,1.426500034E1,1.858950138E0
3.933207743E2,2.596950054E0,1.489500046E1,1.026000023E0
3.933232180E2,2.820000172E0,1.160505009E1,-2.172000170E0
3.933256614E2,2.724000216E0,1.010595036E1,-3.469950199E0
3.933281051E2,4.984050274E0,1.226805019E1,-6.949050426E0
3.933305487E2,4.576950073E0,1.294305038E1,-1.027905083E1
3.933329924E2,3.436950207E0,9.141000748E0,-7.581000328E0
3.933354359E2,9.229500294E-1,9.630000114E0,-5.820000172E-1
3.933378796E2,2.379000187E0,1.332195091E1,2.416950226E0
3.933403232E2,4.471950054E0,1.464795113E1,7.140000463E-1
3.933427669E2,3.988050222E0,9.309000015E0,-8.479500413E-1
3.933452106E2,3.745950222E0,8.446949959E0,-2.088000059E0
3.933476542E2,5.887050152E0,1.124595070E1,-2.590950012E0
3.933500977E2,6.057000160E0,9.864000320E0,-6.040950298E0
3.933525414E2,2.752950191E0,8.064000130E0,-4.593000412E0
3.933549850E2,9.379500151E-1,5.586000443E0,2.509950161E0
3.933574287E2,2.980500162E-1,7.807950497E0,1.165050030E0
3.933598722E2,1.594050050E0,8.822999954E0,3.667050123E0
3.933623159E2,3.102000237E0,4.565999985E0,-7.830000520E-1
3.933647595E2,3.282000065E0,4.695000172E0,-2.194050074E0
3.933672032E2,7.267950535E0,7.852950573E0,-2.550000191E0
3.933696467E2,7.825950146E0,6.997950554E0,-6.982050419E0
3.933720903E2,2.797950029E0,6.223050117E0,-4.666950226E0
3.933745340E2,8.970000148E-1,7.176000118E0,2.467050076E0
3.933769777E2,-4.330500066E-1,1.092300034E1,4.596000195E0
3.933794211E2,4.144050121E0,9.721050262E0,-1.506000042E0
3.933818648E2,2.314050198E0,6.606000423E0,-3.040950060E0
3.933843085E2,2.670000196E-1,6.598950386E0,-2.488050222E0
3.933867521E2,5.254950047E0,6.792000294E0,-5.233950138E0
3.933891958E2,8.395950317E0,7.915050507E0,-9.190050125E0
3.933916393E2,1.797000051E0,5.488050461E0,-5.212950230E0
3.933940830E2,-1.233000040E0,4.708950043E0,2.733000040E0
3.933965266E2,-6.300000548E-1,8.599950790E0,2.830950022E0
3.933989703E2,4.483950138E0,9.405000687E0,5.850000381E-1
3.934014140E2,3.315000057E0,5.806050301E0,-2.767950058E0
3.934038574E2,3.390000165E-1,7.800000191E0,-5.389500260E-1
3.934063011E2,3.682050228E0,8.241000175E0,-3.601050138E0
3.934087447E2,6.622050285E0,1.014705086E1,-6.976950169E0
3.934111884E2,1.311000109E0,8.136000633E0,-4.605000019E0
3.934136319E2,-1.132050037E0,7.719000340E0,2.778000116E0
3.934160756E2,-1.276050091E0,9.805050850E0,2.236950159E0
3.934185192E2,4.314000130E0,1.108995056E1,-5.700000525E-1
3.934209629E2,3.967050076E0,8.545050621E0,-4.578000069E0
3.934234066E2,1.900050044E0,8.686050415E0,-2.662950039E0
3.934258500E2,1.669950128E0,8.800950050E0,-2.749050140E0
3.934282937E2,5.299950123E0,1.065000057E1,-5.160000324E0
3.934307373E2,4.105050087E0,8.767950058E0,-4.771950245E0
3.934331810E2,1.263000011E0,8.044950485E0,1.639500111E-1
3.934356245E2,1.210950017E0,1.012095070E1,1.023000002E0
3.934380682E2,1.500000119E0,1.260600090E1,-3.190500140E-1
3.934405118E2,2.347950220E0,1.006500053E1,1.459050059E0
3.934429555E2,1.498050094E0,8.179050446E0,4.320000112E-1
3.934453992E2,9.900000691E-1,1.051605034E1,1.639500111E-1
3.934478426E2,5.949000359E0,1.200705051E1,1.864050031E0
3.934502863E2,5.905950069E0,8.148000717E0,-8.175000191E0
3.934527299E2,2.206950188E0,6.964950562E0,-4.677000046E0
3.934551736E2,8.110500574E-1,1.033800030E1,-2.400000095E-1
3.934576171E2,4.918950081E0,1.177695084E1,-6.780000329E-1
3.934600608E2,3.847050190E0,8.092950821E0,-3.292950153E0
3.934625045E2,4.350000322E-1,7.659000397E0,1.540500075E-1
3.934649481E2,2.680950165E0,7.804950237E0,2.700000070E-2
3.934673918E2,9.445050240E0,9.723000526E0,-6.922050476E0
3.934698352E2,6.186000347E0,7.942050457E0,-1.014000034E1
3.934722789E2,9.430500269E-1,6.160050392E0,-2.742000103E0
3.934747226E2,6.979500055E-1,7.279050350E0,2.515050173E0
3.934771662E2,1.084050059E0,1.207695103E1,1.351050019E0
3.934796097E2,3.978000164E0,5.635950089E0,-2.512050152E0
3.934820534E2,1.519950032E0,6.520050526E0,-3.604050159E0
3.934844970E2,5.572950363E0,5.617050171E0,-5.112000465E0
3.934869407E2,1.043805027E1,6.951000214E0,-9.537000656E0
3.934893844E2,5.458050251E0,6.976950169E0,-9.688050270E0
3.934918279E2,-8.329500556E-1,6.936000347E0,7.650000453E-1
3.934942716E2,-1.486950040E0,8.361000061E0,6.561000347E0
3.934967152E2,2.500950098E0,1.045305061E1,1.306050062E0
3.934991589E2,6.670050144E0,9.164999962E0,-3.582000256E0
3.935016023E2,2.050950050E0,7.197000504E0,-3.925050259E0
3.935040460E2,1.249050021E0,7.237950325E0,-2.385000229E0
3.935064897E2,4.180050373E0,8.763000488E0,-5.803950310E0
3.935089333E2,4.587000370E0,9.040950775E0,-4.798950195E0
3.935113770E2,1.917000055E0,7.474950314E0,7.950000465E-3
3.935138205E2,8.080500364E-1,9.060000420E0,1.135950089E0
3.935162642E2,7.510500550E-1,1.240005016E1,-1.246050000E0
3.935187078E2,1.668000102E0,1.259895039E1,4.249500334E-1
3.935211515E2,2.257050037E0,1.021905041E1,6.349500418E-1
3.935235949E2,1.066950083E0,8.770050049E0,-4.219500124E-1
3.935260386E2,1.117050052E0,9.781050682E0,-2.490000129E-1
3.935284823E2,3.427950144E0,9.934050560E0,3.102000237E0
3.935309260E2,5.001000404E0,7.057950497E0,-5.452050209E0
3.935333697E2,2.158950090E0,7.426950455E0,-5.140950203E0
3.935358131E2,4.927050114E0,1.071000004E1,-3.289950132E0
3.935382568E2,6.325050354E0,1.062105083E1,-5.059950352E0
3.935407004E2,2.563050032E0,9.591000557E0,-4.332000256E0
3.935431441E2,5.640000105E-1,7.432050228E0,1.465950012E0
3.935455876E2,2.938950062E0,9.745050430E0,2.314050198E0
3.935480313E2,5.499000072E0,9.903000832E0,-2.127000093E0
3.935504750E2,3.516000271E0,6.247050285E0,-4.279050350E0
3.935529186E2,1.405050039E0,7.386000156E0,-1.377000093E0
3.935553623E2,3.475950241E0,1.027605057E1,1.150050044E0
3.935578057E2,7.278000355E0,1.177695084E1,-2.371050119E0
3.935602494E2,4.335000038E0,1.062600040E1,-6.019950390E0
3.935626930E2,1.783050060E0,1.013505077E1,-5.737050056E0
3.935651367E2,3.910950184E0,1.068600082E1,-4.246050358E0
3.935675802E2,7.849950314E0,1.037400055E1,-8.026050568E0
3.935700239E2,2.884050131E0,9.301950455E0,-6.505950451E0
3.935724675E2,7.200000286E-1,9.313950539E0,1.867950082E0
3.935749112E2,1.243950009E0,1.117905045E1,2.161050081E0
3.935773547E2,4.579050064E0,1.312995052E1,2.749950171E0
3.935797983E2,6.021000385E0,9.072000504E0,-3.553950071E0
3.935822420E2,4.066950321E0,1.010895061E1,-5.079000473E0
3.935846857E2,3.130950212E0,1.095405006E1,-5.239050388E0
3.935871291E2,5.254950047E0,1.166205025E1,-5.443050385E0
3.935895730E2,3.496950150E0,9.843000412E0,-3.297000170E0
3.935920165E2,1.174950004E0,8.822999954E0,1.069050074E0
3.935944602E2,1.303950071E0,8.830050468E0,1.750950098E0
3.935969038E2,1.267950058E0,1.294305038E1,5.179499984E-1
3.935993475E2,1.807050109E0,1.175805092E1,2.292000055E0
3.936017910E2,1.903050065E0,1.060200024E1,1.251000047E0
3.936042347E2,1.708950043E0,1.099200058E1,-5.580000281E-1
3.936066783E2,5.511000156E0,1.072200012E1,-7.549500465E-1
3.936091220E2,6.160050392E0,9.352050781E0,-9.385950089E0
3.936115657E2,3.816000223E0,8.808000565E0,-1.061895084E1
3.936140091E2,1.669500023E-1,9.261000633E0,-3.922050238E0
3.936164528E2,1.261050105E0,8.490000725E0,6.349500418E-1
3.936188964E2,4.504950047E0,9.769050598E0,7.500000298E-2
3.936213401E2,3.588000059E0,5.413050175E0,-1.842000127E0
3.936237836E2,1.692000031E0,6.088950157E0,-1.228950024E0
3.936262273E2,3.616950274E0,6.903000355E0,2.260500044E-1
3.936286709E2,7.660950184E0,6.796950340E0,-4.806000233E0
3.936311146E2,4.675050259E0,6.402000427E0,-5.341950417E0
3.936335580E2,8.560500145E-1,7.032000542E0,9.679500461E-1
3.936360017E2,-2.193000078E0,9.603000641E0,2.929050207E0
3.936384454E2,-1.831050038E0,9.934050560E0,4.369500279E-1
3.936408890E2,1.218000054E0,9.912000656E0,2.790000200E0
3.936433325E2,2.310000181E0,7.518000126E0,-8.340000510E-1
3.936457762E2,4.048050404E0,7.258950233E0,-2.163000107E0
3.936482198E2,1.051995087E1,8.782050133E0,-8.686950684E0
3.936506635E2,7.030950546E0,7.324050426E0,-1.074105072E1
3.936531072E2,7.170000076E-1,7.884000301E0,-3.016950130E0
3.936555507E2,6.340500116E-1,9.103050232E0,3.097050190E0
3.936579944E2,8.350500464E-1,1.227300072E1,4.920000136E-1
3.936604380E2,3.078000069E0,1.039395046E1,2.151000023E0
3.936628817E2,2.149049997E0,8.241000175E0,-2.953050137E0
3.936653253E2,3.748950243E0,8.125950813E0,-5.254050255E0
3.936677688E2,7.918950558E0,9.397050858E0,-8.974050522E0
3.936702125E2,6.504000187E0,9.097949982E0,-1.051905060E1
3.936726561E2,2.200050116E0,7.993950367E0,-4.747950077E0
3.936750998E2,3.220500052E-1,8.614950180E0,2.215950012E0
3.936775435E2,-1.474950075E0,1.230900097E1,5.259000301E0
3.936799870E2,1.125000000E0,9.610950470E0,2.962950230E0
3.936824306E2,5.797950268E0,8.038050652E0,-1.560000032E-1
3.936848743E2,5.896050453E0,7.149000168E0,-4.798950195E0
3.936873180E2,6.658050537E0,7.884000301E0,-6.847950459E0
3.936897614E2,6.291000366E0,8.029950142E0,-6.523050308E0
3.936922051E2,2.890950203E0,8.418000221E0,-3.943950176E0
3.936946487E2,1.054949999E0,9.004950523E0,2.809050083E0
3.936970924E2,-1.695000008E-2,1.110900021E1,2.479500175E-1
3.936995359E2,-2.320500165E-1,1.195200062E1,-9.390000701E-1
3.937019796E2,1.405050039E0,1.141800022E1,2.805000067E0
3.937044232E2,1.942950130E0,9.985950470E0,3.195000067E-2
3.937068669E2,1.306050062E0,7.510950565E0,-9.600000083E-2
3.937093103E2,4.357050419E0,8.623950005E0,8.479500413E-1
3.937117540E2,8.410050392E0,7.819950581E0,-1.024605083E1
3.937141976E2,2.698050022E0,6.364050388E0,-8.907000542E0
3.937166413E2,5.205000192E-2,6.742050171E0,-1.162050009E0
3.937190848E2,1.411950111E0,8.983050346E0,1.761000037E0
3.937215287E2,3.042000055E0,9.216000557E0,-5.730000138E-1
3.937239722E2,2.386050224E0,6.727950096E0,-2.146050215E0
3.937264159E2,8.899500370E-1,7.105950356E0,3.000000119E-1
3.937288595E2,4.857000351E0,6.984000206E0,-8.269500136E-1
3.937313032E2,8.259000778E0,7.633050442E0,-5.266050339E0
3.937337466E2,2.923050165E0,8.595000267E0,-4.521000385E0
3.937361903E2,-7.440000176E-1,1.088895035E1,3.607050180E0
3.937386340E2,-1.216050029E0,1.082895088E1,2.191950083E0
3.937410776E2,2.692950010E0,1.332705021E1,9.060000181E-1
3.937435213E2,4.876049995E0,1.216005039E1,-3.288000107E0
3.937459648E2,2.619000196E0,1.057800007E1,-3.336000204E0
3.937484085E2,3.006000042E0,1.094700050E1,-2.701050043E0
3.937508521E2,4.101000309E0,1.229205036E1,-5.449950218E0
3.937532958E2,5.920050144E0,1.124100018E1,-7.321950436E0
3.937557393E2,3.418050051E0,1.168605042E1,-6.232950211E0
3.937581829E2,1.584000111E0,1.357095051E1,-5.629500151E-1
3.937606266E2,2.218950033E0,1.471305084E1,1.387050033E0
3.937630702E2,2.911050081E0,1.333395100E1,-1.657050133E0
3.937655137E2,3.688950062E0,1.211295033E1,-2.917050123E0
3.937679574E2,2.974950075E0,1.003200054E1,-3.994050264E0
3.937704010E2,4.740000248E0,9.366000175E0,-3.748050213E0
3.937728447E2,6.358050346E0,7.033950329E0,-6.823950291E0
3.937752882E2,3.732000113E0,6.739950180E0,-4.612050056E0
3.937777319E2,1.516950130E0,6.721050262E0,1.612050056E0
3.937801755E2,-1.587000132E0,9.141000748E0,3.754950285E0
3.937826192E2,-1.474950075E0,6.892950535E0,2.386050224E0
3.937850629E2,2.848050117E0,4.635000229E0,-3.312000275E0
3.937875066E2,3.124050140E0,3.840000153E0,-4.510950089E0
3.937899500E2,5.932050228E0,3.706050158E0,-2.773050070E0
3.937923937E2,9.399000168E0,3.940950155E0,-4.044000149E0
3.937948373E2,7.120050430E0,4.243050098E0,-3.208950043E0
3.937972810E2,-2.560500205E-1,5.992950439E0,2.338050127E0
3.937997245E2,-3.064950228E0,6.973950386E0,4.051949978E0
3.938021682E2,4.830000103E-1,6.271050453E0,5.610000491E-1
3.938046118E2,8.080050468E0,6.595950127E0,-5.809050083E0
3.938070555E2,1.833000064E0,5.284050465E0,-9.439050674E0
3.938094992E2,-1.201950073E0,4.788000107E0,-3.175050259E0
3.938119427E2,4.888050079E0,3.438000202E0,-3.484050274E0
3.938143864E2,9.093000412E0,4.542000294E0,-6.712050438E0
3.938168300E2,3.136050224E0,3.807000160E0,-2.316000223E0
3.938192737E2,-1.177950025E0,5.221950054E0,3.667050123E0
3.938217171E2,-1.732950091E0,8.011050224E0,1.849050045E0
3.938241608E2,3.741000175E0,1.004895020E1,8.959500194E-1
3.938266044E2,4.267950058E0,8.394000053E0,-4.261950016E0
3.938290481E2,1.335000038E0,1.035795021E1,-1.732050061E0
3.938314916E2,3.976050138E0,9.217950821E0,-5.172000408E0
3.938339353E2,6.901950359E0,1.122195053E1,-6.964950562E0
3.938363789E2,4.420950413E0,1.097505093E1,-5.922000408E0
3.938388226E2,1.411950111E0,1.192605019E1,1.485000014E0
3.938412660E2,1.285050035E0,1.140195084E1,3.904050112E0
3.938437097E2,3.255000114E0,1.362795067E1,-4.120500088E-1
3.938461533E2,5.664000034E0,1.299405098E1,-5.062050343E0
3.938485971E2,2.994000196E0,1.180395031E1,-6.963000298E0
3.938510407E2,1.998000145E0,1.012800026E1,-6.357000351E0
3.938534844E2,3.691050291E0,1.192095089E1,-4.815000057E0
3.938559279E2,5.494050026E0,1.185600090E1,-6.523050308E0
3.938583716E2,2.935050249E0,1.211700058E1,-3.381000042E0
3.938608152E2,2.106000185E0,1.222995090E1,1.773000121E0
3.938632589E2,2.353049994E0,1.453095055E1,2.034000158E0
3.938657023E2,4.632000446E0,1.466295052E1,2.149049997E0
3.938681460E2,3.847050190E0,1.194495010E1,-7.200000435E-2
3.938705896E2,2.202000141E0,1.018800068E1,-4.537950039E0
3.938730333E2,1.230000019E0,7.800000191E0,-3.609000206E0
3.938754770E2,3.586050272E0,5.670000076E0,-4.993050098E0
3.938779205E2,4.546050072E0,5.880000114E0,-6.913050175E0
3.938803642E2,1.642050028E0,5.109000206E0,-2.179050207E0
3.938828078E2,1.041000009E0,5.059050083E0,1.971000075E0
3.938852515E2,4.920000136E-1,7.642050266E0,1.681950092E0
3.938876950E2,3.652950287E0,6.715950489E0,3.370050192E0
3.938901387E2,3.756000280E0,5.755950451E0,-1.230000034E-1
3.938925823E2,2.644950151E0,7.042050362E0,2.167950153E0
3.938950260E2,5.938950062E0,6.991050243E0,9.970500469E-1
3.938974694E2,8.254950523E0,6.496050358E0,-4.258049965E0
3.938999131E2,5.985000134E0,5.325000286E0,-4.813050270E0
3.939023568E2,1.254000068E0,8.029950142E0,-3.499050140E0
3.939048005E2,-5.700000376E-2,8.277000427E0,2.550000250E-1
3.939072441E2,2.877000093E0,9.541050911E0,-6.490500569E-1
3.939096878E2,6.178950310E0,9.108000755E0,-5.269950390E0
3.939121313E2,3.090000153E0,8.479949951E0,-5.731950283E0
3.939145750E2,5.929500461E-1,9.318000793E0,-1.846050143E0
3.939170186E2,2.154000044E0,9.409049988E0,-7.500000596E-1
3.939194623E2,5.701950073E0,1.079805088E1,-5.092950344E0
3.939219057E2,3.937950134E0,1.016595078E1,-4.617000103E0
3.939243494E2,5.980500579E-1,1.059900093E1,-6.949500442E-1
3.939267931E2,5.329500437E-1,1.066605091E1,1.363050103E0
3.939292367E2,3.267000198E0,1.285695076E1,-1.638000131E0
3.939316802E2,3.598050117E0,1.086300087E1,-4.413000107E0
3.939341239E2,2.560950041E0,8.928000450E0,-3.870000124E0
3.939365675E2,2.949000120E0,9.151050568E0,-2.698950052E0
3.939390112E2,5.149050236E0,1.059195042E1,-2.967000246E0
3.939414549E2,5.647050381E0,1.000800037E1,-4.281000137E0
3.939438984E2,2.427000046E0,1.085295010E1,-1.317000031E0
3.939463421E2,1.249050021E0,1.036200047E1,1.228950024E0
3.939487857E2,2.452950001E0,1.073295021E1,1.002000093E0
3.939512294E2,4.837950230E0,9.658050537E0,-2.272950172E0
3.939536728E2,5.250000477E0,8.004000664E0,-5.790000439E0
3.939561165E2,2.491950035E0,8.077950478E0,-4.332000256E0
3.939585602E2,1.948050141E0,7.350000381E0,-1.260000110E0
3.939610039E2,5.017950058E0,7.276050568E0,-1.843950033E0
3.939634475E2,5.116050243E0,9.169950485E0,-2.749050140E0
3.939658912E2,1.455000043E0,9.517050743E0,-1.449000120E0
3.939683347E2,9.705000371E-2,8.047050476E0,8.440500498E-1
3.939707784E2,-9.240000248E-1,9.390000343E0,2.608050108E0
3.939732220E2,2.745000124E0,7.396050453E0,-2.857050180E0
3.939756657E2,3.928050280E0,6.919050217E0,-5.787000179E0
3.939781091E2,1.974000096E0,5.667000294E0,-5.395050049E0
3.939805528E2,2.652000189E0,6.181950092E0,-2.044950008E0
3.939829964E2,5.355000019E0,6.781050205E0,-3.949050188E0
3.939854401E2,2.431950092E0,8.005949974E0,-3.178050041E0
3.939878836E2,-6.940500140E-1,8.619000435E0,1.798950076E0
3.939903273E2,-1.815000057E0,7.084950447E0,1.465950012E0
3.939927709E2,-4.669500291E-1,8.767950058E0,1.216950059E0
3.939952146E2,6.832050323E0,6.781050205E0,-2.134050131E0
3.939976580E2,5.109000206E0,5.800950050E0,-5.364000320E0
3.940001017E2,3.729000092E0,6.034050465E0,-5.340000153E0
3.940025454E2,6.409050465E0,7.231050491E0,-5.827950478E0
3.940049890E2,7.825950146E0,7.798050404E0,-8.788050652E0
3.940074327E2,2.226000071E0,9.603000641E0,-7.684050560E0
3.940098762E2,-1.120050073E0,8.746050835E0,-1.791000128E0
3.940123199E2,-2.629500031E-1,8.737050056E0,2.268000126E0
3.940147636E2,6.691050529E0,8.617050171E0,-2.364000082E0
3.940172072E2,8.949000359E0,6.481050491E0,-7.095000267E0
3.940196509E2,2.959050179E0,6.667950153E0,-5.062050343E0
3.940220945E2,3.943050146E0,5.842050076E0,-3.724050283E0
3.940245380E2,7.608000278E0,7.128000259E0,-5.224950314E0
3.940269817E2,4.125000000E0,8.836950302E0,-6.673050404E0
3.940294253E2,-5.790000558E-1,9.967050552E0,-1.711950064E0
3.940318690E2,-1.924950123E0,9.559950829E0,4.630950451E0
3.940343125E2,-1.530000091E0,9.702000618E0,-1.590000093E-1
3.940367562E2,1.891050100E0,1.097505093E1,1.248000026E0
3.940391998E2,2.973000050E0,1.237800026E1,3.576000214E0
3.940416435E2,3.250950098E0,1.021395016E1,1.437000036E0
3.940440869E2,2.671050072E0,8.538000107E0,-8.670000434E-1
3.940465306E2,5.887050152E0,1.170600033E1,-3.160950184E0
3.940489742E2,5.973000050E0,1.343400097E1,-4.794000149E0
3.940514179E2,3.289050102E0,1.320195103E1,-1.083000064E0
3.940538614E2,1.441050053E0,1.193805027E1,5.539500117E-1
3.940563051E2,-1.950000064E-3,1.171500015E1,-1.729050040E0
3.940587487E2,8.400000334E-1,1.385595036E1,-3.859500289E-1
3.940611925E2,1.780950069E0,1.294605064E1,1.468950033E0
3.940636361E2,1.459950089E0,1.063500023E1,-7.789500356E-1
3.940660798E2,3.940500319E-1,9.967050552E0,-1.801050067E0
3.940685232E2,1.366050124E0,1.087695026E1,-3.810000122E-1
3.940709669E2,2.089050055E0,1.344405079E1,1.588050127E0
3.940734105E2,1.941000104E0,1.030695057E1,2.007000208E0
3.940758542E2,-2.130000144E-1,6.096000195E0,-1.995000057E-2
3.940782977E2,-2.253000021E0,9.211050034E0,-1.090050101E0
3.940807414E2,-7.060500383E-1,5.956950188E0,9.000000358E-2
3.940831851E2,1.453050017E0,7.831950188E0,5.307000160E0
3.940856287E2,3.187950134E0,8.526000023E0,2.905050039E0
3.940880724E2,3.343950272E0,5.578950405E0,-5.080500245E-1
3.940905158E2,4.978950024E0,6.028950214E0,1.903950095E0
3.940929595E2,1.178400040E1,5.176050186E0,-5.566950321E0
3.940954031E2,4.678050041E0,6.808950424E0,-1.423905087E1
3.940978468E2,4.950000346E-1,5.629050255E0,-1.116705036E1
3.941002903E2,-1.135050058E0,5.943000317E0,-5.895000458E0
3.941027340E2,-2.080500126E-1,6.472050190E0,-1.360050082E0
3.941051776E2,3.772950172E0,4.741050243E0,-9.079500437E-1
3.941076213E2,3.612000227E0,5.131050110E0,7.690500617E-1
3.941100650E2,3.435000181E0,3.859050274E0,2.437950134E0
3.941125084E2,8.206950188E0,4.756950378E0,6.019500494E-1
3.941149521E2,1.219305038E1,5.088000298E0,-6.889050484E0
3.941173958E2,4.897950172E0,7.563000202E0,-1.001100063E1
3.941198394E2,-5.509500504E-1,7.735950470E0,-7.909050465E0
3.941222831E2,2.125050068E0,6.703950405E0,-3.988950253E0
3.941247266E2,9.018000603E0,6.393000126E0,-3.247050047E0
3.941271703E2,5.983050346E0,7.159050465E0,-3.016950130E0
3.941296139E2,2.190000117E-1,6.478950500E0,2.758950233E0
3.941320576E2,-1.060050011E0,5.761050224E0,3.928050280E0
3.941345011E2,1.431000113E0,8.370000839E0,-7.740000486E-1
3.941369448E2,7.884000301E0,9.864000320E0,-9.010500312E-1
3.941393884E2,3.913950205E0,8.622000694E0,-6.894000530E0
3.941418321E2,-2.059500068E-1,1.002495003E1,-2.943000078E0
3.941442758E2,-2.440500110E-1,9.097949982E0,1.230000034E-1
3.941467192E2,5.879999995E-1,1.314900017E1,-2.590500116E-1
3.941491629E2,1.881000042E0,1.071900082E1,6.900000572E-1
3.941516065E2,7.729500532E-1,8.275050163E0,-1.369500011E-1
3.941540502E2,-6.000000238E-2,7.482000351E0,5.595000088E-2
3.941564939E2,1.237050056E0,9.088950157E0,3.700500131E-1
3.941589374E2,5.140050411E0,9.802050591E0,-2.911950111E0
3.941613811E2,1.843050122E0,1.022805023E1,-6.850950241E0
3.941638247E2,4.210500121E-1,9.526950836E0,-2.341950178E0
3.941662684E2,8.100000024E-2,7.566000462E0,1.060500070E-1
3.941687118E2,1.120050073E0,8.197950363E0,6.349500418E-1
3.941711555E2,3.471000195E0,9.670050621E0,-6.300000548E-1
3.941735991E2,1.552950025E0,7.651950359E0,-1.174050093E0
3.941760428E2,1.594050050E0,5.101950169E0,9.990000725E-1
3.941784863E2,3.157050133E0,6.775950432E0,-1.164000034E0
3.941809300E2,8.395950317E0,1.057995033E1,-5.098050117E0
3.941833737E2,6.579000473E0,9.052950859E0,-6.280950069E0
3.941858173E2,2.053050041E0,9.963000298E0,-4.231050014E0
3.941882610E2,6.480000019E-1,9.250950813E0,2.209500074E-1
3.941907045E2,2.686050177E0,8.703000069E0,1.483050108E0
3.941931482E2,5.173050404E0,9.615000725E0,-2.116950035E0
3.941955918E2,3.679050207E0,9.250950813E0,-3.553950071E0
3.941980355E2,2.595000029E0,7.408050537E0,-2.842050076E0
3.942004792E2,3.796950102E0,7.350000381E0,-1.747950077E0
3.942029226E2,6.688950539E0,8.926050186E0,-3.709050179E0
3.942053663E2,6.169050217E0,1.084395027E1,-5.938050270E0
3.942078099E2,2.212050200E0,1.006995010E1,-3.798000097E0
3.942102536E2,9.949500561E-1,8.053950310E0,1.162050009E0
3.942126971E2,9.330000281E-1,1.076505089E1,2.551050186E0
3.942151408E2,2.833950043E0,1.139400101E1,1.849050045E0
3.942175845E2,4.381050110E0,1.030500031E1,-2.695950031E0
3.942200281E2,2.131950140E0,8.859000206E0,-5.155050278E0
3.942224718E2,1.498050094E0,8.365950584E0,-2.413950205E0
3.942249153E2,3.229050159E0,1.030995083E1,-3.870000124E0
3.942273589E2,4.219950199E0,1.222305012E1,-6.013050079E0
3.942298026E2,2.041949987E0,1.096095085E1,-3.771000147E0
3.942322463E2,4.279500246E-1,8.032950401E0,2.764050245E0
3.942346897E2,2.805000171E-2,7.176000118E0,7.309500575E-1
3.942371334E2,1.138950109E0,9.394950867E0,-9.490500689E-1
3.942395771E2,3.208050251E0,1.126500034E1,1.536000013E0
3.942420208E2,2.097000122E0,8.851950645E0,6.810000539E-1
3.942444644E2,8.869500160E-1,5.670000076E0,-1.291050076E0
3.942469079E2,4.588950157E0,8.325000763E0,-8.400000632E-2
3.942493516E2,8.592000008E0,9.175050735E0,-7.039950371E0
3.942517952E2,4.239000320E0,9.235050201E0,-7.116000175E0
3.942542389E2,1.138950109E0,6.850050449E0,-1.530000091E0
3.942566826E2,3.730500042E-1,4.483950138E0,3.384000063E0
3.942591260E2,5.008050442E0,7.429050446E0,1.654950023E0
3.942615697E2,6.202950478E0,9.511950493E0,-1.906050086E0
3.942640134E2,3.411000252E0,8.176050186E0,-3.360000134E0
3.942664570E2,2.790000141E-1,8.530950546E0,-1.150500029E-1
3.942689005E2,1.813950062E0,9.634950638E0,1.015950084E0
3.942713442E2,4.411950111E0,1.253595066E1,-5.577000141E0
3.942737878E2,4.813950062E0,1.296495056E1,-6.178050518E0
3.942762315E2,1.471950054E0,1.142100048E1,-3.196950197E0
3.942786752E2,7.270500064E-1,1.055205059E1,2.551050186E0
3.942811187E2,1.600950122E0,1.248405075E1,1.246050000E0
3.942835624E2,4.951050282E0,1.354395103E1,-1.324950099E0
3.942860061E2,4.849950314E0,1.411695099E1,-4.288949966E0
3.942884497E2,2.631000042E0,1.120005035E1,-9.970500469E-1
3.942908934E2,1.275000095E0,1.038600063E1,-1.588050127E0
3.942933368E2,3.877950191E0,1.175100040E1,-2.935950041E0
3.942957805E2,4.771050453E0,1.396605110E1,-5.476050377E0
3.942982241E2,2.341050148E0,1.293900108E1,-3.511050224E0
3.943006678E2,7.129500508E-1,1.092705059E1,9.559500217E-1
3.943031113E2,8.749500513E-1,1.018995094E1,2.098050117E0
3.943055550E2,4.492950439E0,1.256805038E1,5.805000290E-2
3.943079987E2,5.013000011E0,1.111200047E1,-3.763950109E0
3.943104423E2,2.391000032E0,9.108000755E0,-3.714000225E0
3.943128858E2,4.999500215E-1,6.060000420E0,-1.276950002E0
3.943153295E2,1.438050032E0,3.940950155E0,-5.389500260E-1
3.943177731E2,4.381050110E0,8.310000420E0,-2.140950203E0
3.943202168E2,3.646050215E0,6.453000069E0,-1.983000040E0
3.943226605E2,2.788950205E0,3.546000242E0,-8.980500698E-1
3.943251041E2,1.789950132E0,4.441050053E0,4.990500212E-1
3.943275476E2,3.780000210E0,5.868000507E0,-1.092000008E0
3.943299913E2,3.868050098E0,6.802050114E0,-2.506950140E0
3.943324349E2,2.194950104E0,6.952950478E0,-1.696050048E0
3.943348786E2,2.509500086E-1,6.235050201E0,-7.159500122E-1
3.943373221E2,2.286000013E0,5.020950317E0,-1.080000028E-1
3.943397658E2,7.765950203E0,5.964000225E0,-4.756050110E0
3.943422094E2,7.678050518E0,6.651000500E0,-7.558950424E0
3.943446531E2,2.346000195E0,7.855950356E0,-6.424050331E0
3.943470968E2,-7.050000131E-3,7.081950188E0,-1.597050071E0
3.943495402E2,1.207950115E0,7.024950504E0,1.396950126E0
3.943519839E2,4.462050438E0,7.717050552E0,-6.709500551E-1
3.943544275E2,5.740950108E0,7.312050343E0,-3.015000105E0
3.943568712E2,1.374000072E0,6.618000507E0,-1.602000117E0
3.943593149E2,-6.100500226E-1,6.262950420E0,1.095000029E0
3.943617584E2,1.936050057E0,8.002050400E0,-4.840500355E-1
3.943642021E2,7.102950573E0,1.116195011E1,-4.999950409E0
3.943666457E2,3.772950172E0,1.027905083E1,-5.622000217E0
3.943690894E2,2.805000171E-2,1.051800060E1,-2.380500138E-1
3.943715331E2,-5.290500522E-1,9.666000366E0,4.080000222E-1
3.943739765E2,2.890500128E-1,1.179705048E1,1.156949997E0
3.943764202E2,4.474050045E0,1.165305042E1,-1.873050094E0
3.943788638E2,3.576000214E0,9.726000786E0,-4.381950378E0
3.943813075E2,2.824050188E0,8.224050522E0,-2.325000048E0
3.943837510E2,1.888050079E0,8.337000847E0,-1.560000032E-1
3.943861947E2,5.283000469E0,1.110000038E1,-1.710000038E0
3.943886383E2,6.045000076E0,1.266105080E1,-3.277950048E0
3.943910820E2,2.647050142E0,1.144200039E1,-8.500500321E-1
3.943935254E2,8.299500346E-1,1.056600094E1,3.649500310E-1
3.943959691E2,2.869500220E-1,1.058505058E1,-1.849500090E-1
3.943984128E2,1.678050041E0,1.320405102E1,5.590500236E-1
3.944008564E2,3.768000126E0,1.233795071E1,7.304999977E-2
3.944033001E2,2.143949986E0,1.018800068E1,-2.203050137E0
3.944057436E2,7.800000310E-1,7.831950188E0,4.249500334E-1
3.944081873E2,1.936050057E0,9.124950409E0,-1.150050044E0
3.944106310E2,4.194000244E0,1.120305061E1,-4.830000401E0
3.944130746E2,3.447000265E0,1.007295036E1,-4.642950058E0
3.944155183E2,1.576950073E0,8.464050293E0,-1.851000071E0
3.944179617E2,7.849500179E-1,6.393000126E0,2.416950226E0
3.944204054E2,1.663050056E0,8.563950539E0,9.919500351E-1
3.944228490E2,3.745950222E0,9.217950821E0,8.920500278E-1
3.944252927E2,3.070950031E0,7.168050289E0,8.940000534E-1
3.944277362E2,1.576950073E0,5.880000114E0,-1.518000126E0
3.944301799E2,2.065050125E0,5.547000408E0,-1.200000048E0
3.944326236E2,4.741950035E0,7.269000530E0,-4.167000294E0
3.944350672E2,4.726050377E0,7.906050205E0,-5.503050327E0
3.944375108E2,2.098950148E0,7.951050282E0,-3.238050222E0
3.944399545E2,8.160000443E-1,5.665050507E0,1.162050009E0
3.944423980E2,3.990000188E-1,7.597050190E0,3.637950182E0
3.944448417E2,6.360000372E-1,7.381050587E0,2.292000055E0
3.944472853E2,3.490050077E0,8.164050102E0,-4.150500298E-1
3.944497290E2,2.009999990E0,7.101000309E0,-4.450950146E0
3.944521725E2,3.990000188E-1,5.320050240E0,-2.974050045E0
3.944546162E2,6.289500594E-1,6.253950119E0,-1.180950046E0
3.944570598E2,3.094950199E0,8.385000229E0,-1.104000092E0
3.944595035E2,3.499950171E0,9.366000175E0,-2.062050104E0
3.944619469E2,1.218000054E0,7.441050529E0,6.040500402E-1
3.944643906E2,9.469500184E-1,6.217950344E0,1.296000004E0
3.944668342E2,1.495950103E0,8.422950745E0,-8.029500246E-1
3.944692780E2,2.530050039E0,1.087200069E1,0.000000000E0
3.944717216E2,2.863050222E0,1.135095024E1,8.290500641E-1
3.944741653E2,2.014950037E0,9.261000633E0,2.809500098E-1
3.944766088E2,1.303950071E0,8.968950272E0,-8.650500178E-1
3.944790525E2,1.753950119E0,1.054395008E1,8.460000157E-1
3.944814961E2,4.443000317E0,1.122405052E1,-4.705049992E0
3.944839398E2,2.800950050E0,1.231905079E1,-7.114050388E0
3.944863832E2,1.102950096E0,1.014705086E1,-3.520050049E0
3.944888269E2,3.000000119E-2,9.565050125E0,2.790000141E-1
3.944912706E2,1.741950035E0,1.043700027E1,1.368000031E0
3.944937142E2,5.089050293E0,1.262700081E1,-1.866000056E0
3.944961579E2,5.116050243E0,1.040505028E1,-3.415050268E0
3.944986014E2,2.446050167E0,9.141000748E0,-2.062050104E0
3.945010451E2,1.431000113E0,8.124000549E0,4.320000112E-1
3.945034887E2,4.876049995E0,9.912000656E0,1.710000038E-1
3.945059324E2,7.180050373E0,1.147800064E1,-4.180950165E0
3.945083761E2,4.327950001E0,1.088895035E1,-4.939950466E0
3.945108195E2,1.702050090E0,9.958050728E0,-2.835000038E0
3.945132632E2,2.149500102E-1,8.137949944E0,7.140000463E-1
3.945157068E2,1.539000034E0,1.001805019E1,1.270050049E0
3.945181505E2,2.583000183E0,1.106400013E1,-2.014050007E0
3.945205940E2,1.930950046E0,7.437000275E0,-3.481950283E0
3.945230377E2,2.005950212E0,6.475950241E0,-4.207050323E0
3.945254813E2,2.206950188E0,5.452050209E0,-2.446950197E0
3.945279250E2,3.978000164E0,8.452050209E0,-1.726950049E0
3.945303685E2,5.116050243E0,8.320050240E0,-1.738950133E0
3.945328122E2,3.502050161E0,8.157000542E0,-8.310000300E-1
3.945352558E2,1.849950075E0,7.528050423E0,-7.020000219E-1
3.945376995E2,2.239950180E0,6.804000378E0,1.416000009E0
3.945401432E2,3.715050220E0,9.013950348E0,1.129500046E-1
3.945425868E2,3.472950220E0,9.010050774E0,-1.696050048E0
3.945450303E2,1.716000080E0,8.602950096E0,-2.850000143E0
3.945474740E2,1.980000138E-1,7.135050297E0,7.304999977E-2
3.945499176E2,3.299999982E-2,6.409050465E0,1.062000036E0
3.945523613E2,-4.980000257E-1,1.124100018E1,-1.252950072E0
3.945548050E2,6.100500226E-1,1.184700012E1,1.153050065E0
3.945572485E2,1.623000026E0,1.165305042E1,9.870000482E-1
3.945596922E2,3.258000135E0,9.816000938E0,-5.200500488E-1
3.945621358E2,2.155950069E0,8.643000603E0,-3.795000076E0
3.945645795E2,2.844000101E0,1.145400047E1,-5.959950447E0
3.945670230E2,3.271950245E0,1.224900055E1,-6.196950436E0
3.945694666E2,2.056050062E0,1.009395027E1,-3.513000250E0
3.945719103E2,2.235000134E0,9.223050117E0,-2.431050062E0
3.945743540E2,2.796000242E0,8.173950195E0,-1.714950085E0
3.945767977E2,5.020050049E0,1.004595089E1,-2.955000162E0
3.945792411E2,7.273050308E0,1.011105061E1,-4.674000263E0
3.945816848E2,4.915050030E0,9.637050629E0,-5.107050419E0
3.945841284E2,1.630050063E0,9.313950539E0,-1.936950088E0
3.945865721E2,3.769500256E-1,7.687950134E0,1.698000073E0
3.945890156E2,1.666050076E0,8.797050476E0,1.557000041E0
3.945914593E2,7.081050396E0,9.826050758E0,-1.675950050E0
3.945939030E2,7.335000515E0,9.028950691E0,-4.156949997E0
3.945963466E2,3.745950222E0,8.578950882E0,-3.870000124E0
3.945987903E2,1.795050144E0,9.168000221E0,-1.969500035E-1
3.946012338E2,3.046950102E0,1.062600040E1,-1.405950069E0
3.946036774E2,5.080050468E0,1.055895042E1,-4.099050045E0
3.946061211E2,3.480000257E0,9.484050751E0,-5.802000046E0
3.946085647E2,9.780000448E-1,8.775000572E0,-3.628050089E0
3.946110084E2,6.599999964E-2,7.908000469E0,1.315050006E0
3.946134519E2,9.259500504E-1,9.271050453E0,-2.160000056E-1
3.946158956E2,1.632000089E0,1.102800083E1,-1.084950089E0
3.946183392E2,1.299000025E0,9.703950882E0,3.000000026E-3
3.946207829E2,1.380000114E-1,9.814050674E0,-9.340500236E-1
3.946232266E2,3.340500295E-1,9.991050720E0,-5.440500379E-1
3.946256701E2,4.660500288E-1,1.133700085E1,-6.469500065E-1
3.946281138E2,1.090500057E-1,1.115700054E1,-3.859500289E-1
3.946305574E2,-9.105000645E-2,1.032405090E1,1.690500081E-1
3.946330011E2,9.280500412E-1,1.014000034E1,1.639050126E0
3.946354445E2,2.515950203E0,9.666000366E0,2.163000107E0
3.946378882E2,3.532950163E0,9.523950577E0,2.836050034E0
3.946403319E2,4.114950180E0,1.093200016E1,3.319050074E0
3.946427755E2,4.081050396E0,1.326705074E1,3.861000299E0
3.946452192E2,2.487000227E0,1.180905056E1,3.001050234E0
3.946476627E2,1.165050030E0,1.103295040E1,1.059000015E0
3.946501064E2,7.304999977E-2,1.137000084E1,-4.320000172E0
3.946525500E2,3.769500256E-1,1.164795017E1,7.890000343E-1
3.946549937E2,1.552950025E0,1.168200016E1,2.730000019E0
3.946574374E2,2.689950228E0,1.033605003E1,6.280500293E-1
3.946598808E2,6.487950325E0,9.610950470E0,-6.345000267E0
3.946623245E2,1.591050029E0,1.026195049E1,-1.056600094E1
3.946647681E2,1.594050050E0,1.017105007E1,-1.015695095E1
3.946672118E2,1.720950127E0,1.143705082E1,-5.538000107E0
3.946696555E2,1.579050064E0,1.112400055E1,-2.167050123E0
3.946720990E2,1.600950122E0,8.308050156E0,5.059500337E-1
3.946745426E2,2.824050188E0,6.450000286E0,1.060500070E-1
3.946769863E2,5.986950397E0,7.719000340E0,-2.136000156E0
3.946794300E2,7.587000370E0,7.947000504E0,-6.742950439E0
3.946818736E2,5.104050159E0,8.502000809E0,-7.327050209E0
3.946843171E2,1.675050020E0,7.288050175E0,-4.642950058E0
3.946867608E2,-2.340000123E-1,5.638050079E0,-5.890500546E-1
3.946892044E2,8.295000345E-2,6.148050308E0,4.147950172E0
3.946916481E2,1.792950034E0,6.204000473E0,3.552000284E0
3.946940916E2,3.729000092E0,5.334000111E0,2.377950191E0
3.946965353E2,4.402050018E0,3.799950123E0,4.560000300E-1
3.946989789E2,2.314050198E0,2.692950010E0,-8.740500212E-1
3.947014226E2,1.725000024E0,3.843000174E0,-1.780500114E-1
3.947038663E2,1.651050091E0,5.200050354E0,6.070500016E-1
3.947063097E2,1.491000056E0,6.948000431E0,6.709500551E-1
3.947087534E2,2.128050089E0,8.394000053E0,-2.107050180E0
3.947111970E2,1.345050097E0,7.132050514E0,-4.147050381E0
3.947136407E2,4.399500191E-1,7.149000168E0,-3.087000132E0
3.947160842E2,1.500000060E-1,7.726050377E0,-1.119000077E0
3.947185279E2,4.470000267E-1,9.727950096E0,8.170500398E-1
3.947209716E2,1.309050083E0,9.997950554E0,3.340500295E-1
3.947234152E2,1.645950079E0,8.563950539E0,9.060000181E-1
3.947258589E2,2.029950142E0,8.167050362E0,2.031000137E0
3.947283024E2,2.331000090E0,9.670050621E0,-1.381950021E0
3.947307460E2,4.741950035E0,1.169805050E1,-3.886050224E0
3.947331897E2,5.134950161E0,1.201395035E1,-4.914000034E0
3.947356334E2,2.974950075E0,1.270605087E1,-2.111999989E0
3.947380770E2,2.154000044E0,1.329495049E1,8.629500270E-1
3.947405205E2,1.479000092E0,1.269705105E1,-4.395000264E-2
3.947429642E2,9.330000281E-1,1.335795021E1,-1.006049991E0
3.947454078E2,7.890000343E-1,1.322100067E1,-9.600000083E-2
3.947478515E2,9.780000448E-1,1.269705105E1,9.900000691E-2
3.947502952E2,6.960000396E-1,1.190400028E1,-8.190000653E-1
3.947527387E2,7.339500189E-1,1.128705025E1,-8.530500531E-1
3.947551823E2,8.539500237E-1,1.251195049E1,2.400000095E-1
3.947576259E2,1.162950039E0,1.374105072E1,5.850000381E-1
3.947600696E2,9.210000634E-1,1.306800079E1,1.347000122E0
3.947625131E2,9.379500151E-1,1.149195099E1,8.920500278E-1
3.947649568E2,6.840000153E-1,1.084605026E1,3.940500319E-1
3.947674005E2,5.760000348E-1,1.047495079E1,6.880500317E-1
3.947698441E2,1.453050017E0,1.090800095E1,2.443050146E0
3.947722878E2,2.731050014E0,1.098495007E1,2.881050110E0
3.947747315E2,3.124050140E0,9.226950645E0,2.359050035E0
3.947771749E2,3.210000038E0,7.353000164E0,2.794950247E0
3.947796186E2,3.511950254E0,6.874050140E0,2.328000069E0
3.947820622E2,4.575000286E0,7.687950134E0,3.247950077E0
3.947845059E2,9.696000099E0,7.084950447E0,-5.898000240E0
3.947869494E2,5.559000492E0,7.072950363E0,-1.897994995E1
3.947893931E2,2.451000214E0,6.739950180E0,-1.826895142E1
3.947918367E2,-8.805000782E-2,5.358000278E0,-8.650950432E0
3.947942804E2,7.530000210E-1,7.305000305E0,3.840000033E-1
3.947967238E2,-3.640500307E-1,1.094400024E1,7.074000359E0
3.947991675E2,5.809500217E-1,7.402950287E0,8.770500422E-1
3.948016112E2,1.611000061E0,8.607000351E0,1.473000050E0
3.948040548E2,1.333050013E0,6.426000118E0,1.762950063E0
3.948064985E2,1.126950026E0,7.006050110E0,1.156949997E0
3.948089422E2,1.663050056E0,7.386000156E0,1.519500017E-1
3.948113857E2,2.094000101E0,7.293000221E0,2.029050112E0
3.948138294E2,2.092050076E0,6.928950310E0,2.014950037E0
3.948162730E2,3.967050076E0,7.750050545E0,1.713000059E0
3.948187167E2,4.363950253E0,6.891000271E0,-7.930050373E0
3.948211601E2,1.285050035E0,8.104949951E0,-7.497000217E0
3.948236038E2,-4.095000029E-2,9.187050819E0,-5.325000286E0
3.948260474E2,4.159500301E-1,9.340050697E0,-1.891950130E0
3.948284911E2,1.048050046E0,8.095050812E0,-8.430000544E-1
3.948309348E2,1.488000035E0,5.518950462E0,-8.050500154E-1
3.948333783E2,1.645950079E0,5.595000267E0,-2.880000174E-1
3.948358220E2,4.198950291E0,7.176000118E0,-1.012950063E0
3.948382656E2,5.827050209E0,6.690000534E0,-3.417000055E0
3.948407093E2,5.949000359E0,6.025950432E0,-4.822950363E0
3.948431527E2,3.748950243E0,6.441000462E0,-5.188950062E0
3.948455964E2,1.831050038E0,6.103050232E0,-3.367050171E0
3.948480401E2,1.291950107E0,6.760950089E0,-1.680000126E-1
3.948504837E2,2.009999990E0,7.051050186E0,9.079500437E-1
3.948529274E2,2.319000006E0,7.068000317E0,1.573950052E0
3.948553709E2,1.456950068E0,5.559000492E0,2.266050100E0
3.948578146E2,1.633950114E0,5.524050236E0,1.021050096E0
3.948602583E2,1.951050043E0,7.312050343E0,-3.310500085E-1
3.948627019E2,2.049000025E0,1.024305058E1,1.879500151E-1
3.948651456E2,2.500950098E0,1.107600021E1,6.105000153E-2
3.948675890E2,2.590050220E0,1.014900017E1,2.430000156E-1
3.948700327E2,3.804000139E0,9.249000549E0,-1.024950027E0
3.948724763E2,1.587000132E0,8.896950722E0,-3.666000128E0
3.948749200E2,1.587000132E0,1.006305027E1,-2.794950247E0
3.948773635E2,2.197050095E0,1.044900036E1,-1.425000072E0
3.948798072E2,2.920050144E0,1.012800026E1,-1.150500029E-1
3.948822509E2,2.757000208E0,1.082700062E1,3.580500185E-1
3.948846945E2,2.599050045E0,1.067805004E1,-1.469999999E-1
3.948871382E2,2.365050077E0,1.106400013E1,-9.940500259E-1
3.948895819E2,1.860000134E0,1.300605106E1,-1.626000047E0
3.948920254E2,1.294050097E0,1.296300030E1,-7.500000298E-2
3.948944690E2,1.395000100E0,1.195695019E1,5.440500379E-1
3.948969127E2,3.303000212E0,1.131300068E1,8.340000510E-1
3.948993564E2,3.981000185E0,1.012800026E1,-4.450950146E0
3.949018000E2,3.178950071E0,9.844950676E0,-5.395050049E0
3.949042435E2,2.097000122E0,1.033605003E1,-3.288000107E0
3.949066872E2,1.836000085E0,1.066395092E1,-7.260000110E-1
3.949091308E2,2.002950191E0,1.062105083E1,5.539500117E-1
3.949115745E2,1.933950067E0,1.058295059E1,1.372950077E0
3.949140182E2,1.752000093E0,9.216000557E0,1.641000032E0
3.949164617E2,1.852050066E0,8.215050697E0,1.999500096E-1
3.949189054E2,3.636000156E0,8.014050484E0,-2.328000069E0
3.949213490E2,4.162950039E0,8.389050484E0,-5.491050243E0
3.949237927E2,4.038000107E0,7.872000217E0,-5.287050247E0
3.949262361E2,3.667050123E0,8.266950607E0,-2.067000151E0
3.949286798E2,2.992050171E0,9.211050034E0,1.930950046E0
3.949311234E2,2.880000114E0,9.772950172E0,1.780050039E0
3.949335671E2,2.089050055E0,1.120305061E1,1.159500033E-1
3.949360108E2,7.990500331E-1,1.032405090E1,-2.179500163E-1
3.949384543E2,-5.149500370E-1,8.125950813E0,2.550000250E-1
3.949408980E2,-4.800000042E-2,9.108000755E0,1.366050124E0
3.949433416E2,1.423950076E0,1.036005020E1,1.267050028E0
3.949457853E2,2.221050024E0,1.125300026E1,-7.810500264E-1
3.949482290E2,3.313050270E0,1.095105076E1,1.354050040E0
3.949506724E2,3.706050158E0,1.070205021E1,-6.256950378E0
3.949531161E2,1.246950030E0,1.145400047E1,-8.593950272E0
3.949555597E2,4.249500334E-1,9.591000557E0,-7.039950371E0
3.949580034E2,1.549500078E-1,9.046050072E0,-1.981050134E0
3.949604469E2,1.089000106E0,9.475950241E0,2.982000113E0
3.949628906E2,2.713950157E0,1.125105095E1,1.696050048E0
3.949653342E2,3.703050137E0,1.054005051E1,4.270500243E-1
3.949677779E2,3.610050201E0,8.815950394E0,4.219500124E-1
3.949702216E2,3.045000076E0,8.770050049E0,5.850000381E-1
3.949726653E2,2.322000027E0,9.346950531E0,6.690000296E-1
3.949751088E2,1.882950068E0,1.098300076E1,8.340000510E-1
3.949775525E2,1.897950053E0,1.107105064E1,1.210050106E0
3.949799961E2,1.933950067E0,9.438000679E0,2.431050062E0
3.949824398E2,1.836000085E0,8.872950554E0,2.149049997E0
3.949848832E2,3.496950150E0,9.900000572E0,2.563050032E0
3.949873269E2,4.675050259E0,1.209795094E1,-3.709050179E0
3.949897705E2,3.030000210E0,1.330995083E1,-7.861050606E0
3.949922142E2,1.227000117E0,1.179900074E1,-8.055000305E0
3.949946577E2,1.732950091E0,1.082895088E1,-2.755950212E0
3.949971014E2,2.434050083E0,1.048005009E1,3.360000253E-1
3.949995450E2,3.847050190E0,1.208400059E1,1.537950039E0
3.950019888E2,4.180050373E0,1.167900085E1,2.550000250E-1
3.950044324E2,4.195950031E0,1.093500042E1,-1.657050133E0
3.950068761E2,3.331950188E0,1.157595062E1,-3.142050266E0
3.950093195E2,2.022000074E0,1.162695026E1,-2.979000092E0
3.950117632E2,1.531950116E0,1.089405060E1,-7.039500475E-1
3.950142068E2,1.612950087E0,9.862050056E0,-1.080000028E-1
3.950166505E2,1.642050028E0,9.682050705E0,3.390000165E-1
3.950190940E2,1.888050079E0,9.891000748E0,3.769500256E-1
3.950215377E2,2.094000101E0,9.180000305E0,-4.390500188E-1
3.950239814E2,1.657950044E0,8.293950081E0,-1.284000039E0
3.950264250E2,1.630050063E0,7.879950523E0,-9.340500236E-1
3.950288687E2,1.615050077E0,6.781050205E0,-3.910500109E-1
3.950313124E2,2.920050144E0,7.063050270E0,-5.610000491E-1
3.950337559E2,3.982950211E0,6.498000145E0,-2.923950195E0
3.950361996E2,5.197050095E0,3.474000216E0,-5.359050274E0
3.950386432E2,4.150950432E0,5.277000427E0,-6.835950375E0
3.950410869E2,2.334000111E0,5.452050209E0,-4.756050110E0
3.950435303E2,1.395000100E0,6.036000252E0,1.531050086E0
3.950459740E2,1.639500111E-1,9.208050728E0,3.544050217E0
3.950484176E2,-1.399950027E0,8.313000679E0,4.870500267E-1
3.950508613E2,-2.377050161E0,8.890050888E0,-1.012950063E0
3.950533048E2,-1.815000057E0,7.804950237E0,4.890000224E-1
3.950557485E2,-6.405000389E-2,7.333950520E0,4.030500054E-1
3.950581922E2,1.516950130E0,7.329000473E0,-2.830500007E-1
3.950606358E2,2.001000166E0,8.224050522E0,-7.360500097E-1
3.950630795E2,2.319000006E0,9.124950409E0,2.860500216E-1
3.950655230E2,2.607000113E0,9.370950699E0,1.477950096E0
3.950679666E2,2.824050188E0,9.787950516E0,1.995000124E0
3.950704103E2,2.851050138E0,9.912000656E0,1.390050054E0
3.950728539E2,2.728950024E0,1.085295010E1,4.369500279E-1
3.950752976E2,2.443950176E0,1.222500038E1,6.310500503E-1
3.950777411E2,9.709500670E-1,1.303395081E1,5.879999995E-1
3.950801848E2,-4.069500268E-1,1.086000061E1,-4.050000310E-1
3.950826284E2,-1.068000078E0,8.718000412E0,3.649500310E-1
3.950850722E2,-1.249950051E0,9.706050873E0,3.940500319E-1
3.950875158E2,-3.490500152E-1,8.890050888E0,-6.829500198E-1
3.950899595E2,5.500500202E-1,8.739000320E0,7.309500575E-1
3.950924029E2,1.531950116E0,9.799950600E0,1.083000064E0
3.950948466E2,2.602050066E0,8.358000755E0,2.328000069E0
3.950972903E2,1.037400055E1,4.870050430E0,-1.200000010E-2
3.950997339E2,9.547950745E0,5.016000271E0,-1.668105125E1
3.951021774E2,4.828050137E0,6.622950077E0,-1.623405075E1
3.951046211E2,1.960050106E0,6.285000324E0,-9.702000618E0
3.951070647E2,2.191950083E0,6.517050266E0,-1.192950010E0
3.951095084E2,2.257050037E0,7.164000511E0,3.963000298E0
3.951119521E2,1.588950038E0,6.289950371E0,1.951950073E0
3.951143956E2,2.908050060E0,5.344050407E0,3.400950193E0
3.951168393E2,3.544950247E0,4.800000191E0,1.627050042E0
3.951192829E2,4.393050194E0,4.762050152E0,3.409500122E-1
3.951217266E2,4.812000275E0,6.397050381E0,-1.662000060E0
3.951241703E2,3.349050045E0,5.626050472E0,-6.309000492E0
3.951266137E2,2.358000040E0,5.503950119E0,-5.335050106E0
3.951290574E2,2.298000097E0,5.373000145E0,-2.895000204E-2
3.951315010E2,3.154950142E0,6.306000233E0,2.496000051E0
3.951339447E2,2.989950180E0,8.824950218E0,1.186050057E0
3.951363882E2,2.355000019E0,1.049205017E1,-1.106999993E0
3.951388319E2,2.334000111E0,1.161495018E1,-2.520000041E-1
3.951412756E2,2.437050104E0,1.340100098E1,5.610000491E-1
3.951437192E2,2.476950169E0,1.350795078E1,-3.139500022E-1
3.951461629E2,2.154000044E0,1.243605042E1,-8.460000157E-1
3.951486066E2,9.829500318E-1,1.392000103E1,-7.950000167E-1
3.951510500E2,1.447950125E0,1.433700085E1,1.440000057E0
3.951534937E2,1.110000014E0,1.327905083E1,3.859500289E-1
3.951559373E2,1.156050086E0,1.347000027E1,-4.510500133E-1
3.951583810E2,2.038950205E0,1.442805099E1,3.769500256E-1
3.951608245E2,3.142950058E0,1.537395096E1,2.860500216E-1
3.951632682E2,2.463000059E0,1.507005024E1,-2.542950153E0
3.951657119E2,1.663050056E0,1.563195038E1,-1.350000054E-1
3.951681555E2,1.735050082E0,1.516500092E1,1.351050019E0
3.951705992E2,2.307000160E0,1.431105042E1,9.919500351E-1
3.951730427E2,2.266950130E0,1.189005089E1,1.714950085E0
3.951754864E2,2.935050249E0,1.064505005E1,1.002000093E0
3.951779300E2,2.985000134E0,1.050105095E1,2.070000172E0
3.951803737E2,2.353049994E0,9.787950516E0,1.678950071E0
3.951828171E2,1.492950082E0,8.653050423E0,6.640500426E-1
3.951852608E2,7.200000286E-1,8.740950584E0,6.739500165E-1
3.951877044E2,7.849500179E-1,9.091050148E0,2.497950077E0
3.951901481E2,1.512000084E0,7.683000565E0,2.319000006E0
3.951925918E2,2.178000212E0,7.494000435E0,4.609500170E-1
3.951950355E2,2.700000048E0,9.782999992E0,-7.005000114E-2
3.951974790E2,2.257050037E0,1.099695015E1,4.530000091E-1
3.951999227E2,1.801950097E0,1.054005051E1,4.605000094E-2
3.952023663E2,1.624950051E0,1.065705013E1,6.859500408E-1
3.952048100E2,2.008050203E0,1.186800098E1,1.405950069E0
3.952072534E2,4.579050064E0,1.126005077E1,2.389950037E0
3.952096971E2,6.559950352E0,9.397050858E0,-7.143000126E0
3.952121407E2,2.677950144E0,1.110495090E1,-1.048005009E1
3.952145844E2,1.033950090E0,1.146900082E1,-1.087095070E1
3.952170281E2,2.100000083E-1,1.134405041E1,-5.814000130E0
3.952194718E2,4.129500091E-1,1.002495003E1,-2.196000099E0
3.952219153E2,1.953000069E0,9.654000282E0,2.040000111E-1
3.952243590E2,2.923050165E0,9.523950577E0,1.039950013E0
3.952268026E2,2.821950197E0,8.386950493E0,2.209500074E-1
3.952292463E2,2.632950068E0,8.100000381E0,-2.400000021E-2
3.952316898E2,2.245050192E0,7.876950264E0,-1.080000028E-1
3.952341334E2,2.239950180E0,6.369000435E0,-1.255050063E0
3.952365771E2,2.949000120E0,6.007050514E0,-2.755950212E0
3.952390207E2,2.641950130E0,6.019050121E0,-3.051000118E0
3.952414644E2,2.125050068E0,5.155050278E0,-4.650000095E0
3.952439079E2,1.845000029E0,4.413000107E0,-6.682950497E0
3.952463516E2,3.190950155E0,3.112050056E0,-5.586000443E0
3.952487952E2,3.672000170E0,2.277000189E0,-3.709050179E0
3.952512389E2,2.899050236E0,1.711950064E0,-2.542950153E0
3.952536826E2,2.282999992E0,1.534950018E0,-1.059000015E0
3.952561261E2,1.612950087E0,2.278950214E0,-2.110500038E-1
3.952585698E2,1.965000153E0,2.479950190E0,2.809500098E-1
3.952610134E2,2.512950182E0,2.593050241E0,-1.390500069E-1
3.952634571E2,3.679050207E0,2.713050127E0,1.071000099E0
3.952659005E2,2.950950146E0,3.595950127E0,1.987950087E0
3.952683442E2,2.668950081E0,9.108000755E0,3.553950071E0
3.952707878E2,3.196050167E0,1.145700073E1,3.006000042E0
3.952732315E2,1.989000082E0,1.146105099E1,-2.586000204E0
3.952756752E2,2.985000134E0,1.450005054E1,9.000000358E-2
3.952781187E2,4.114950180E0,1.650405121E1,2.932050228E0
3.952805624E2,4.201050282E0,1.585005093E1,1.995000057E-2
3.952830060E2,2.851050138E0,1.713105011E1,-2.883000135E0
3.952854497E2,2.812050104E0,1.760295105E1,-2.209500074E-1
3.952878934E2,3.460950136E0,2.113905144E1,-1.614000082E0
3.952903368E2,1.843050122E0,2.041095161E1,-3.640050173E0
3.952927805E2,9.570000172E-1,2.051700020E1,-5.323050022E0
3.952952242E2,1.488000035E0,2.115600014E1,6.670500040E-1
3.952976678E2,-5.550000072E-1,1.863195038E1,-2.763000250E0
3.953001115E2,-2.238000154E0,2.369400024E1,-1.750500053E-1
3.953025552E2,-2.587950230E0,1.729395103E1,7.290000319E-1
3.953049987E2,-4.876950264E0,1.793295097E1,-1.072950006E0
3.953074424E2,-5.083050251E0,1.480395031E1,3.940500319E-1
3.953098860E2,-5.155050278E0,1.377405071E1,5.640000105E-1
3.953123297E2,-2.515950203E0,1.177500057E1,-7.629000187E0
3.953147731E2,-6.000000238E-2,3.534000158E0,-8.895000070E-2
3.953172168E2,3.129000187E0,1.524405098E1,1.720905113E1
3.953196604E2,7.498050213E0,1.264200020E1,3.409500122E-1
3.953221041E2,6.258000374E0,7.084950447E0,1.729950070E0
3.953245478E2,9.129000664E0,7.960950375E0,9.958950043E0
3.953269913E2,8.749950409E0,1.050105095E1,3.621000290E0
3.953294350E2,8.962950706E0,1.013295078E1,4.223999977E0
3.953318786E2,8.773950577E0,1.234500027E1,3.640050173E0
3.953343223E2,6.258000374E0,1.268205070E1,2.998950243E0
3.953367657E2,3.078000069E0,1.486095047E1,-1.894050121E0
3.953392094E2,1.534050107E0,1.342200089E1,-2.947950125E0
3.953416531E2,2.781000137E0,1.259100056E1,1.324950099E0
3.953440967E2,2.875050068E0,1.756200027E1,1.191000104E0
3.953465404E2,8.560500145E-1,1.203600025E1,1.110000089E-1
3.953489839E2,3.420000076E-1,1.123605061E1,-3.721050262E0
3.953514276E2,2.427000046E0,1.595100117E1,-9.990000725E-1
3.953538713E2,2.602050066E0,1.428900051E1,1.429950118E0
3.953563149E2,9.190500379E-1,1.335495090E1,-3.022050142E0
3.953587586E2,1.140000075E-1,1.460700035E1,-6.709500551E-1
3.953612020E2,-1.957950115E0,1.205805016E1,2.539050102E0
3.953636457E2,-4.065000057E0,1.010595036E1,1.006950021E0
3.953660893E2,-4.128000259E0,9.782999992E0,8.820000291E-1
3.953685330E2,-3.697050095E0,9.433050156E0,1.669950128E0
3.953709765E2,3.703050137E0,5.293950081E0,5.641950130E0
3.953734202E2,8.920050621E0,4.056000233E0,-2.155050039E0
3.953758639E2,1.174800014E1,7.969950199E0,-2.118000031E1
3.953783076E2,1.683795166E1,1.789500117E-1,-2.697195053E1
3.953807512E2,4.515000343E0,3.606000185E0,-2.114205170E1
3.953831949E2,-3.109500110E-1,5.101950169E0,-1.185195065E1
3.953856383E2,1.024049997E0,7.033950329E0,-3.156000137E0
3.953880820E2,1.768950105E0,7.924950600E0,1.773000121E0
3.953905256E2,6.979500055E-1,9.550950050E0,2.950950146E0
3.953929693E2,5.830500126E-1,7.092000484E0,2.872050047E0
3.953954128E2,4.230000079E-1,7.960950375E0,3.190050125E0
3.953978565E2,2.041949987E0,9.306000710E0,1.593000054E0
3.954003002E2,3.544950247E0,9.013950348E0,2.083950043E0
3.954027439E2,3.787050247E0,7.570950508E0,1.971000075E0
3.954051875E2,3.945000172E0,6.838050365E0,2.770950079E0
3.954076312E2,8.539950371E0,8.239050865E0,5.053050041E0
3.954100746E2,1.051005077E1,6.417000294E0,-9.400050163E0
3.954125183E2,6.733950138E0,8.491950035E0,-1.410000038E1
3.954149619E2,1.534050107E0,1.046505070E1,-1.359795094E1
3.954174056E2,1.582050085E0,9.940950394E0,-3.340950251E0
3.954198491E2,1.837950110E0,9.607950211E0,2.029050112E0
3.954222928E2,2.341050148E0,1.237800026E1,2.529000044E0
3.954247365E2,1.692000031E0,1.145400047E1,1.987950087E0
3.954271801E2,1.150950074E0,8.002050400E0,-7.140000463E-1
3.954296238E2,1.453050017E0,9.570000648E0,5.830500126E-1
3.954320672E2,4.021950245E0,8.167050362E0,-2.265000105E0
3.954345109E2,3.777000189E0,6.783000469E0,-6.154050350E0
3.954369546E2,4.954950333E0,7.705050468E0,-7.827000141E0
3.954393982E2,6.988050461E0,6.627000332E0,-7.351050377E0
3.954418419E2,5.748000145E0,6.049950123E0,-4.249950409E0
3.954442854E2,3.471000195E0,7.647000313E0,-1.321950078E0
3.954467291E2,1.824000120E0,7.855950356E0,1.903950095E0
3.954491728E2,1.375950098E0,8.788949966E0,9.750000238E-1
3.954516164E2,1.563000083E0,9.874050140E0,1.126049995E0
3.954540601E2,1.381050110E0,9.586950302E0,-2.809500098E-1
3.954565035E2,3.310050249E0,9.964950562E0,5.059500337E-1
3.954589472E2,3.310050249E0,8.749050140E0,-3.970050097E0
3.954613908E2,3.138000250E0,7.675950527E0,-2.742000103E0
3.954638345E2,2.428950071E0,8.245950699E0,-2.412000179E0
3.954662780E2,2.403000116E0,8.629050255E0,-1.750950098E0
3.954687217E2,2.817000151E0,7.566000462E0,-2.431050062E0
3.954711653E2,4.159950256E0,7.030050278E0,-3.949050188E0
3.954736090E2,5.419950485E0,6.934050560E0,-4.771950245E0
3.954760527E2,4.752000332E0,6.627000332E0,-4.219050407E0
3.954784964E2,2.970000029E0,6.778050423E0,-1.083000064E0
3.954809398E2,2.203950167E0,6.820950508E0,2.122050047E0
3.954833835E2,2.755050182E0,7.578000546E0,2.455050230E0
3.954858272E2,2.764950037E0,9.088950157E0,7.050000429E-1
3.954882708E2,1.681950092E0,8.322000504E0,1.816050053E0
3.954907145E2,1.942950130E0,8.445000648E0,3.240000010E-1
3.954931580E2,2.298000097E0,1.026405048E1,-3.733050108E0
3.954956017E2,1.204050064E0,1.072200012E1,-4.732050419E0
3.954980453E2,6.480000019E-1,9.958050728E0,-2.746950150E0
3.955004890E2,3.799500167E-1,9.835950851E0,-7.360500097E-1
3.955029327E2,1.342050076E0,1.056105042E1,-1.279050112E0
3.955053761E2,2.856000185E0,9.144000053E0,-2.850000143E0
3.955078198E2,2.908050060E0,8.574000359E0,-3.798000097E0
3.955102635E2,2.686050177E0,9.661050797E0,-3.658950090E0
3.955127071E2,3.825000286E0,1.025505066E1,-4.369950294E0
3.955151506E2,2.737950087E0,1.053495026E1,-3.589950085E0
3.955175943E2,1.495950103E0,1.099905014E1,-1.711950064E0
3.955200379E2,1.651050091E0,1.124100018E1,-3.480000198E-1
3.955224816E2,1.837950110E0,1.084395027E1,-1.578000069E0
3.955249253E2,2.134950161E0,9.466950417E0,-3.046050072E0
3.955273688E2,2.476950169E0,8.059050560E0,-3.597000122E0
3.955298125E2,2.947050095E0,7.195050240E0,-3.814950228E0
3.955322561E2,4.263000011E0,7.105950356E0,-4.018050194E0
3.955346998E2,5.731050491E0,5.938050270E0,-6.433950424E0
3.955371432E2,6.078000069E0,5.989950180E0,-6.036000252E0
3.955395869E2,5.118000031E0,6.349950314E0,-4.684050083E0
3.955420306E2,3.193050146E0,6.886050224E0,-1.083000064E0
3.955444742E2,2.647050142E0,6.013950348E0,9.850500226E-1
3.955469179E2,2.626050234E0,6.187050343E0,1.392000079E0
3.955493616E2,2.827050209E0,6.723000526E0,1.332000017E0
3.955518053E2,3.697950125E0,6.421050072E0,-1.489950061E0
3.955542488E2,3.403950214E0,6.586950302E0,-3.181950092E0
3.955566925E2,2.889000177E0,7.219050407E0,-2.514000177E0
3.955591361E2,1.270950079E0,7.860000610E0,-1.276950002E0
3.955615798E2,4.710000157E-1,8.119050026E0,4.099500179E-1
3.955640232E2,6.379500031E-1,7.896000385E0,5.160000324E-1
3.955664669E2,1.351950049E0,7.756950378E0,-6.795000285E-2
3.955689105E2,2.377050161E0,7.444050312E0,-1.906050086E0
3.955713542E2,2.719050169E0,7.549050331E0,-3.229950190E0
3.955737979E2,2.362050056E0,8.254950523E0,-3.834000111E0
3.955762414E2,2.058000088E0,8.682000160E0,-2.710950136E0
3.955786851E2,2.305050135E0,9.262950897E0,-3.405000269E-2
3.955811287E2,2.278950214E0,9.357000351E0,8.200500607E-1
3.955835724E2,1.464000106E0,9.832950592E0,-9.799500704E-1
3.955860159E2,7.200000286E-1,1.032900047E1,-5.820000172E-1
3.955884595E2,7.060500383E-1,9.250950813E0,4.060500264E-1
3.955909032E2,7.009500265E-1,7.911000252E0,-1.030500084E-1
3.955933469E2,7.339500189E-1,7.756950378E0,1.350000054E-1
3.955957905E2,6.979500055E-1,7.675950527E0,4.060500264E-1
3.955982340E2,1.570500135E-1,7.171050549E0,1.291050076E0
3.956006777E2,-3.570000231E-1,6.381000519E0,1.315050006E0
3.956031214E2,9.495000541E-2,7.615950584E0,1.057050109E0
3.956055650E2,5.949000359E0,8.109000206E0,1.569000125E0
3.956080087E2,4.266000271E0,7.006050110E0,-8.163000107E0
3.956104522E2,4.813950062E0,6.811950207E0,-1.214205074E1
3.956128959E2,4.345050335E0,7.357950211E0,-1.355205059E1
3.956153395E2,4.390050411E0,5.914050102E0,-1.061700058E1
3.956177832E2,4.074000359E0,5.056950092E0,-1.009005070E1
3.956202266E2,5.098950386E0,4.966050148E0,-6.178050518E0
3.956226705E2,4.069050312E0,5.200050354E0,-3.193950176E0
3.956251140E2,4.219950199E0,5.116050243E0,3.270000219E-1
3.956275577E2,4.423950195E0,4.843950272E0,1.636050105E0
3.956300013E2,6.370050430E0,3.666000128E0,-4.750500321E-1
3.956324450E2,8.926950455E0,2.859000206E0,-1.497000098E0
3.956348885E2,9.784950256E0,3.250950098E0,-4.279050350E0
3.956373322E2,8.728950500E0,4.099050045E0,-2.673000097E0
3.956397758E2,9.193050385E0,4.441050053E0,-4.240950108E0
3.956422195E2,6.937950134E0,5.779950142E0,-1.093500042E1
3.956446629E2,6.190950394E0,6.666000366E0,-1.395195103E1
3.956471069E2,5.568000317E0,6.742050171E0,-1.175895023E1
3.956495503E2,4.558050156E0,7.057950497E0,-8.562000275E0
3.956519940E2,1.978950143E0,8.386950493E0,-1.936950088E0
3.956544376E2,1.768950105E0,8.200050354E0,5.488950253E0
3.956568813E2,3.150000095E0,8.488050461E0,3.058050156E0
3.956593248E2,2.176050186E0,1.025700092E1,1.006950021E0
3.956617685E2,1.182000041E0,1.145700073E1,1.087950110E0
3.956642121E2,6.790500283E-1,1.226595020E1,4.630500078E-1
3.956666558E2,6.289500594E-1,1.187295055E1,-2.830500007E-1
3.956690993E2,1.663050056E0,1.174395084E1,-1.350000054E-1
3.956715429E2,2.700000048E0,1.312995052E1,1.059000015E0
3.956739866E2,2.755050182E0,1.195695019E1,-4.170000255E-1
3.956764302E2,1.882950068E0,1.044105053E1,-2.419500053E-1
3.956788739E2,1.860000134E0,1.063500023E1,3.000000119E-1
3.956813174E2,2.398050070E0,1.180095100E1,1.143000007E0
3.956837611E2,2.134950161E0,1.130595016E1,-9.370500445E-1
3.956862047E2,1.845000029E0,1.069500065E1,1.369950056E0
3.956886484E2,2.547000170E0,1.108500099E1,6.760500073E-1
3.956910921E2,2.949000120E0,9.862050056E0,1.963950038E0
3.956935358E2,2.391000032E0,6.334950447E0,3.846000195E0
3.956959793E2,1.675050020E0,7.747950554E0,7.960500121E-1
3.956984230E2,2.106000185E0,9.544050217E0,2.188950062E0
3.957008666E2,1.960050106E0,9.256050110E0,3.054000139E0
3.957033103E2,2.740950108E0,8.788949966E0,8.940000534E-1
3.957057537E2,1.279395103E1,9.450000763E0,-3.814950228E0
3.957081974E2,7.158000469E0,9.393000603E0,-1.925805092E1
3.957106410E2,3.442050219E0,1.006995010E1,-1.756695175E1
3.957130847E2,1.201050043E0,1.122900009E1,-8.337000847E0
3.957155284E2,1.347000122E0,1.144200039E1,-2.626950026E0
3.957179721E2,2.572950125E0,1.188495064E1,3.054000139E0
3.957204156E2,2.587050200E0,1.157400036E1,3.655050278E0
3.957228593E2,1.915050149E0,7.765050411E0,5.520000458E-1
3.957253029E2,2.346000195E0,8.065950394E0,1.342050076E0
3.957277466E2,2.961000204E0,1.059495068E1,2.247000217E0
3.957301900E2,2.319000006E0,9.466950417E0,1.315050006E0
3.957326337E2,1.041000009E0,8.731950760E0,7.890000343E-1
3.957350773E2,1.605000161E-2,1.015395069E1,-1.441950083E0
3.957375210E2,-1.312050104E0,1.140900040E1,-7.695000619E-2
3.957399647E2,-3.412050247E0,1.001295090E1,1.987950087E0
3.957424082E2,-3.555000067E0,9.843000412E0,1.155000091E0
3.957448519E2,-3.558000088E0,1.027605057E1,-2.134050131E0
3.957472956E2,-1.264050007E0,7.567950249E0,-2.095050097E0
3.957497392E2,1.737000108E0,6.165000439E0,-5.887950420E0
3.957521829E2,8.752950668E0,4.741050243E0,-1.226895046E1
3.957546263E2,9.160050392E0,5.161950111E0,-1.503900051E1
3.957570700E2,5.488950253E0,6.603000164E0,-1.429395103E1
3.957595136E2,5.050950050E0,7.542000294E0,-1.057095051E1
3.957619573E2,5.239950180E0,7.338000298E0,-7.156950474E0
3.957644010E2,5.959050179E0,7.918050289E0,-5.428050041E0
3.957668445E2,7.756950378E0,7.422000408E0,-5.917050362E0
3.957692882E2,9.117000580E0,8.185950279E0,-8.320950508E0
3.957717318E2,9.198000908E0,7.243050575E0,-9.586950302E0
3.957741755E2,7.831050396E0,7.207050323E0,-8.188950539E0
3.957766189E2,6.897000313E0,7.245000362E0,-6.910050392E0
3.957790626E2,8.053950310E0,7.252050400E0,-6.913050175E0
3.957815063E2,9.217050552E0,7.585050583E0,-6.772050381E0
3.957839499E2,8.986950874E0,6.804000378E0,-5.461950302E0
3.957863936E2,7.978950500E0,6.943050385E0,-3.673050165E0
3.957888373E2,7.659000397E0,5.770050049E0,-1.417950034E0
3.957912808E2,7.371000290E0,5.938050270E0,6.000000052E-3
3.957937245E2,7.939050198E0,5.731950283E0,6.690000296E-1
3.957961681E2,8.463000298E0,5.020950317E0,4.390500188E-1
3.957986118E2,8.704950333E0,4.626000404E0,-6.850500107E-1
3.958010552E2,9.493050575E0,6.462000370E0,-1.114050031E0
3.958034989E2,9.327000618E0,9.574950218E0,-2.490000129E-1
3.958059426E2,7.395000458E0,1.124805069E1,2.340000153E0
3.958083862E2,5.242950439E0,1.207200050E1,3.315000057E0
3.958108299E2,2.343000174E0,1.299795055E1,-9.409500360E-1
3.958132736E2,1.081050038E0,1.402995110E1,-1.594950080E0
3.958157171E2,1.299000025E0,1.445400047E1,-2.110500038E-1
3.958181608E2,1.480950117E0,1.474200058E1,-4.150500298E-1
3.958206044E2,7.990500331E-1,1.304595089E1,-9.169500470E-1
3.958230481E2,6.150000095E-1,1.419600105E1,-1.509000063E0
3.958254916E2,7.440000176E-1,1.406205082E1,-3.880500197E-1
3.958279353E2,3.439500034E-1,1.455000114E1,1.450500041E-1
3.958303789E2,-1.434000015E0,1.576905060E1,1.168950081E0
3.958328226E2,-4.173000336E0,1.458105087E1,-1.212000012E0
3.958352663E2,-4.534950256E0,1.106400013E1,1.060500070E-1
3.958377097E2,-4.336050034E0,1.066395092E1,1.023000002E0
3.958401534E2,-3.744000196E0,1.360695076E1,9.730500579E-1
3.958425971E2,-8.689500690E-1,1.615200043E1,1.026000023E0
3.958450407E2,4.728000164E0,1.748505020E1,1.912050128E0
3.958474844E2,5.644950390E0,1.560105038E1,3.990000248E0
3.958499279E2,5.341050148E0,1.531605053E1,2.227950096E0
3.958523716E2,4.074000359E0,1.654395103E1,4.461000443E0
3.958548152E2,2.386050224E0,1.392705059E1,3.493950129E0
3.958572589E2,-2.149500102E-1,1.321395016E1,8.320500255E-1
3.958597026E2,-3.840000153E0,1.279500103E1,1.552050114E0
3.958621460E2,-3.703950167E0,8.713050842E0,3.400950193E0
3.958645897E2,-3.342000246E0,8.551950455E0,1.528050065E0
3.958670333E2,-2.593050241E0,9.553050041E0,3.382050276E0
3.958694770E2,-1.762050033E0,9.340050697E0,3.465000153E0
3.958719205E2,-1.507950068E0,9.529050827E0,3.199950218E0
3.958743642E2,1.759500057E-1,8.140049934E0,1.132950068E0
3.958768078E2,1.302900028E1,7.888950348E0,5.007000446E0
3.958792515E2,1.551705074E1,5.626050472E0,-2.713305092E1
3.958816952E2,8.869950294E0,3.373050213E0,-3.238800049E1
3.958841389E2,5.745000362E0,3.703950167E0,-2.776005173E1
3.958865823E2,1.043805027E1,4.216050148E0,-2.226495171E1
3.958890260E2,9.150000572E0,6.541050434E0,-1.464900112E1
3.958914697E2,7.057950497E0,6.076950073E0,-8.857050896E0
3.958939133E2,2.427000046E0,8.470950127E0,-5.764050484E0
3.958963570E2,3.804000139E0,7.579950333E0,-3.076950073E0
3.958988005E2,5.844000340E0,5.512050152E0,-3.673050165E0
3.959012442E2,7.125000477E0,5.104950428E0,-5.826000214E0
3.959036879E2,1.010295010E1,5.041950226E0,-7.630950451E0
3.959061315E2,9.184050560E0,5.832000256E0,-1.245795059E1
3.959085752E2,7.651050568E0,7.293000221E0,-1.441905022E1
3.959110186E2,3.157050133E0,8.959050179E0,-1.308000088E1
3.959134623E2,3.540000021E-1,1.111695099E1,2.344950199E0
3.959159059E2,1.132050037E0,1.626900101E1,4.290000200E-1
3.959183496E2,2.085000038E0,1.182795048E1,3.613950253E0
3.959207931E2,-1.294950008E0,1.142805099E1,-2.268000126E0
3.959232368E2,-2.851050138E0,1.074105072E1,7.219500542E-1
3.959256804E2,-2.494950056E0,9.172050476E0,1.057050109E0
3.959281241E2,-3.330000043E-1,1.026900005E1,1.035000086E0
3.959305678E2,2.050950050E0,1.177695084E1,1.543050051E0
3.959330112E2,1.198950052E0,1.214595032E1,4.118999958E0
3.959354549E2,-1.386000037E0,1.468395042E1,9.610500336E-1
3.959378985E2,-4.219050407E0,1.522995090E1,2.986950159E0
3.959403422E2,-5.314950466E0,1.463400078E1,2.740050077E0
3.959427859E2,-4.984950066E0,1.326195049E1,7.320000172E0
3.959452294E2,-9.379500151E-1,3.603000164E0,1.011705017E1
3.959476731E2,3.277050257E0,3.505050182E0,4.312950134E0
3.959501168E2,4.471950054E0,4.750050068E0,1.870950103E0
3.959525604E2,5.860050201E0,6.085950375E0,5.271000385E0
3.959550041E2,5.559000492E0,6.996000290E0,2.802000046E0
3.959574478E2,4.867050171E0,8.776950836E0,-1.102050066E0
3.959598912E2,2.179949999E0,1.234500027E1,3.943950176E0
3.959623349E2,-7.060500383E-1,1.021395016E1,2.500950098E0
3.959647785E2,-1.503000021E0,1.032195091E1,2.785050154E0
3.959672222E2,-1.381050110E0,1.066395092E1,5.344950199E0
3.959696657E2,2.074949980E0,9.274950027E0,2.886000156E0
3.959721094E2,6.849000454E0,9.670050621E0,7.909050465E0
3.959745531E2,5.917950153E0,7.789050579E0,5.713950157E0
3.959769967E2,4.498050213E0,5.329950333E0,4.926000118E0
3.959794404E2,2.986950159E0,3.927000284E0,5.556000233E0
3.959818839E2,2.092050076E0,4.027050018E0,1.617000103E0
3.959843275E2,2.671050072E0,3.730050087E0,2.821050167E0
3.959867712E2,2.302050114E0,3.790050268E0,3.472950220E0
3.959892149E2,1.633950114E0,4.164000034E0,2.440950155E0
3.959916583E2,1.196805096E1,4.969950199E0,2.728050232E0
3.959941020E2,1.487505054E1,2.623950243E0,-1.603695107E1
3.959965457E2,1.844505119E1,7.180500627E-1,-1.653795052E1
3.959989893E2,1.167900085E1,6.034050465E0,-3.452400208E1
3.960014330E2,9.346050262E0,7.710000277E-1,-4.340400314E1
3.960038765E2,6.475950241E0,3.955050230E0,-3.291195297E1
3.960063202E2,2.463000059E0,2.878050089E0,-2.199900055E1
3.960087638E2,4.623000145E0,3.187050104E0,-1.297500038E1
3.960112075E2,2.548950195E0,1.828950047E0,-5.659500360E-1
3.960136512E2,5.879999995E-1,3.655950069E0,9.813000679E0
3.960160946E2,4.720950127E0,7.864950180E0,3.634950161E0
3.960185383E2,8.122950554E0,1.258395100E1,6.456000328E0
3.960209820E2,6.150000095E0,7.413000584E0,5.055000305E0
3.960234257E2,6.211950302E0,6.879000187E0,4.327050209E0
3.960258693E2,5.473050117E0,9.393000603E0,5.299050331E0
3.960283130E2,5.058000088E0,1.068300056E1,1.344000101E0
3.960307565E2,4.033950329E0,1.219605064E1,5.830500126E-1
3.960332002E2,3.445050240E0,1.221300030E1,2.545950174E0
3.960356438E2,2.164050102E0,8.907000542E0,1.086000085E0
3.960380875E2,-5.550000072E-1,9.024000168E0,-1.770000100E0
3.960405309E2,-9.139500260E-1,6.747000217E0,-4.612050056E0
3.960429746E2,4.159500301E-1,7.273950577E0,5.970000029E-1
3.960454183E2,3.787050247E0,1.371900082E1,2.953050137E0
3.960478619E2,3.058950186E0,1.122900009E1,3.150000274E-1
3.960503056E2,1.869000077E0,8.847000122E0,1.744050026E0
3.960527491E2,2.556000233E0,1.147605038E1,1.855950117E0
3.960551928E2,2.282999992E0,1.127700043E1,-2.299500108E-1
3.960576365E2,1.729950070E0,9.948000908E0,-2.196000099E0
3.960600801E2,1.645950079E0,9.205950737E0,9.420000315E-1
3.960625238E2,6.619500518E-1,7.326000214E0,4.750950336E0
3.960649672E2,2.530499995E-1,6.730050087E0,3.300000191E0
3.960674109E2,2.266950130E0,1.095900059E1,1.849050045E0
3.960698546E2,3.817950249E0,1.174905014E1,9.405000508E-2
3.960722982E2,3.373050213E0,7.824000359E0,-2.880000174E-1
3.960747419E2,3.430050135E0,9.745050430E0,-3.070500195E-1
3.960771854E2,7.159950256E0,1.329300022E1,4.924050331E0
3.960796291E2,1.861200142E1,7.932000160E0,-1.151700020E1
3.960820727E2,4.153050423E0,8.883000374E0,-2.343795204E1
3.960845164E2,6.010950089E0,7.353000164E0,-2.360805130E1
3.960869598E2,4.906949997E0,1.012305069E1,-1.174905014E1
3.960894038E2,4.797000408E0,9.690000534E0,-6.241950512E0
3.960918472E2,3.775050163E0,9.244050026E0,1.533000112E0
3.960942909E2,2.566050053E0,9.164999962E0,5.400000095E0
3.960967345E2,2.190000057E0,8.445000648E0,1.093050003E0
3.960991782E2,1.491000056E0,6.103050232E0,2.544000149E0
3.961016217E2,1.420950055E0,6.820950508E0,2.299050093E0
3.961040654E2,2.548950195E0,9.615000725E0,8.220000267E-1
3.961065090E2,2.875050068E0,1.038600063E1,2.137050152E0
3.961089527E2,2.539950132E0,8.337000847E0,1.222050071E0
3.961113961E2,2.556000233E0,8.215050697E0,7.530000210E-1
3.961138398E2,2.326050043E0,1.195200062E1,1.357950091E0
3.961162835E2,2.389500141E-1,1.181295013E1,-2.257950068E0
3.961187272E2,1.251000047E0,4.240050316E0,4.798950195E0
3.961211708E2,4.357050419E0,5.119050026E0,-4.150050163E0
3.961236145E2,1.633950114E0,5.818050385E0,-7.465950489E0
3.961260580E2,2.791050196E0,2.956950188E0,-1.576695061E1
3.961285017E2,9.448950768E0,4.060950279E0,-1.603499985E1
3.961309453E2,7.159950256E0,5.683950424E0,-1.717695045E1
3.961333890E2,5.464950085E0,6.922050476E0,-1.498905087E1
3.961358327E2,3.696000099E0,6.460050106E0,-9.858000755E0
3.961382761E2,2.281050205E0,6.646050453E0,-4.315050125E0
3.961407198E2,3.673950195E0,8.602950096E0,-1.164000034E0
3.961431634E2,4.002000332E0,9.781050682E0,1.618950129E0
3.961456071E2,2.338050127E0,7.321950436E0,2.512950182E0
3.961480506E2,7.170000076E-1,3.745050192E0,1.879950047E0
3.961504943E2,3.180000186E-1,4.221000195E0,2.611050129E0
3.961529379E2,5.263950348E0,6.814050198E0,2.697000027E0
3.961553816E2,8.463000298E0,5.938050270E0,-2.514000177E0
3.961578253E2,8.440950394E0,4.884000301E0,-4.717050076E0
3.961602690E2,6.355950356E0,7.851000309E0,-5.986050129E0
3.961627124E2,3.078000069E0,9.876000404E0,-4.483050346E0
3.961651561E2,9.570000172E-1,1.035495090E1,-1.726950049E0
3.961675997E2,1.840050101E0,1.026705074E1,-1.207050085E0
3.961700434E2,3.487950087E0,9.229950905E0,-1.380000114E0
3.961724869E2,5.812950134E0,8.610000610E0,-3.601050138E0
3.961749306E2,5.599050045E0,6.856950283E0,-5.955000401E0
3.961773742E2,5.532000065E0,5.574000359E0,-6.331050396E0
3.961798180E2,4.500000000E0,6.496050358E0,-2.485950232E0
3.961822616E2,4.657950401E0,7.567950249E0,5.299500227E-1
3.961847053E2,6.892050266E0,9.330000877E0,-3.739500046E-1
3.961871487E2,6.739050388E0,8.923050880E0,-3.028950214E0
3.961895924E2,4.753950119E0,8.820000648E0,-3.750000238E0
3.961920360E2,5.238000393E0,9.193950653E0,-4.870050430E0
3.961944797E2,5.419950485E0,9.649050713E0,-4.795950413E0
3.961969232E2,4.378050327E0,1.070205021E1,-5.317950249E0
3.961993669E2,1.633950114E0,9.586950302E0,-2.731950045E0
3.962018105E2,6.720000505E-1,8.956950188E0,2.134050131E0
3.962042542E2,1.261050105E0,8.571000099E0,1.801050067E0
3.962066979E2,2.713950157E0,8.197950363E0,2.569950104E0
3.962091414E2,6.082950115E0,1.060905075E1,-3.313950062E0
3.962115851E2,5.464950085E0,1.136805058E1,-5.115000248E0
3.962140287E2,4.201050282E0,1.097805023E1,-6.537000179E0
3.962164724E2,2.626050234E0,1.036005020E1,-3.910050154E0
3.962189161E2,2.359950066E0,1.120500088E1,-2.445000172E0
3.962213595E2,3.504000187E0,1.137000084E1,-3.187050104E0
3.962238032E2,4.033950329E0,1.142100048E1,-3.181950092E0
3.962262469E2,5.263950348E0,9.583950043E0,-4.348950386E0
3.962286905E2,5.161050320E0,7.783950329E0,-5.220000267E0
3.962311342E2,3.367950201E0,7.852950573E0,-3.244950056E0
3.962335777E2,4.323000431E0,9.019050598E0,1.305000018E-2
3.962360214E2,7.966950417E0,9.364050865E0,-7.519500256E-1
3.962384650E2,8.326950073E0,8.694000244E0,-4.174050331E0
3.962409087E2,5.707050323E0,8.955000877E0,-6.396000385E0
3.962433521E2,4.302000046E0,8.482950211E0,-7.459050179E0
3.962457958E2,4.309050083E0,8.859000206E0,-7.237950325E0
3.962482395E2,4.359000206E0,9.867000580E0,-6.628050327E0
3.962506832E2,2.113049984E0,8.767950058E0,-5.020950317E0
3.962531268E2,3.130500019E-1,6.448050499E0,-6.420000196E-1
3.962555705E2,3.820500076E-1,5.986050129E0,-1.150500029E-1
3.962580140E2,2.740950108E0,7.494000435E0,-2.349000216E0
3.962604577E2,4.294950008E0,7.894050598E0,-4.420050144E0
3.962629013E2,2.692950010E0,7.707000256E0,-5.680050373E0
3.962653450E2,1.824000120E0,8.346000671E0,-5.377950191E0
3.962677884E2,2.029950142E0,8.794050217E0,-4.618950367E0
3.962702321E2,2.614050150E0,9.145950317E0,-3.657000065E0
3.962726758E2,3.552000284E0,8.470950127E0,-3.451050282E0
3.962751194E2,4.290000439E0,7.528050423E0,-3.988950253E0
3.962775631E2,6.136050224E0,7.141950130E0,-5.529000282E0
3.962800066E2,5.575050354E0,5.599950314E0,-5.850000381E0
3.962824503E2,2.671050072E0,5.871000290E0,-2.464050055E0
3.962848940E2,2.032050133E0,7.525050163E0,1.725000024E0
3.962873376E2,5.326050282E0,9.220050812E0,6.379500031E-1
3.962897813E2,7.831050396E0,1.041705036E1,-3.790950298E0
3.962922250E2,4.639050007E0,9.163050652E0,-6.106050491E0
3.962946685E2,3.145050049E0,1.010895061E1,-6.295050144E0
3.962971122E2,3.921000242E0,1.077195072E1,-5.332950115E0
3.962995558E2,5.386050224E0,1.079295063E1,-5.452050209E0
3.963019995E2,2.158950090E0,1.004205036E1,-5.044950008E0
3.963044429E2,5.400000140E-2,8.563950539E0,-7.020000219E-1
3.963068866E2,6.460500360E-1,8.100000381E0,2.485950232E0
3.963093303E2,3.483000278E0,8.281949997E0,8.989500403E-1
3.963117739E2,5.695050240E0,8.643000603E0,-3.642000198E0
3.963142176E2,4.884000301E0,1.004595089E1,-4.984950066E0
3.963166613E2,2.223000050E0,1.149705029E1,-3.633000135E0
3.963191048E2,1.678050041E0,1.095600033E1,-1.710000038E0
3.963215485E2,2.149049997E0,1.105200100E1,-1.140000105E0
3.963239921E2,3.828000069E0,1.087695026E1,-2.998050213E0
3.963264358E2,5.515950203E0,1.012800026E1,-5.464050293E0
3.963288792E2,6.196050167E0,9.442950249E0,-6.253950119E0
3.963313229E2,4.741950035E0,8.014050484E0,-4.708050251E0
3.963337666E2,3.423000097E0,6.886050224E0,-9.679500461E-1
3.963362102E2,4.860000134E0,7.671000481E0,7.840500474E-1
3.963386539E2,8.001000404E0,8.806050301E0,-1.009500027E-1
3.963410974E2,7.113000393E0,8.671950340E0,-2.560050011E0
3.963435411E2,3.967050076E0,7.923000336E0,-3.048000097E0
3.963459848E2,4.480950356E0,8.506950378E0,-2.839950085E0
3.963484284E2,6.367950439E0,8.650050163E0,-3.706950188E0
3.963508721E2,4.921950340E0,9.440999985E0,-5.079000473E0
3.963533155E2,1.977000117E0,8.715000153E0,-2.974050045E0
3.963557592E2,4.399500191E-1,7.045950413E0,1.114050031E0
3.963582029E2,1.098000050E0,7.390950203E0,1.264950037E0
3.963606465E2,2.082000017E0,8.203050613E0,-2.890050173E0
3.963630902E2,2.446050167E0,8.287050247E0,-6.963000298E0
3.963655337E2,1.239000082E0,8.932950020E0,-7.168950558E0
3.963679774E2,4.695000127E-2,7.096950531E0,-4.039950371E0
3.963704211E2,8.299500346E-1,7.228050232E0,-3.372000217E0
3.963728647E2,3.049950123E0,8.916000366E0,-2.821050167E0
3.963753084E2,3.247950077E0,8.164050102E0,-4.204950333E0
3.963777521E2,4.768950462E0,6.874050140E0,-5.625000477E0
3.963801956E2,6.496950150E0,5.406000137E0,-6.951000214E0
3.963826392E2,5.203950405E0,3.972000122E0,-5.752050400E0
3.963850829E2,5.074950218E0,4.876950264E0,-2.389950037E0
3.963875266E2,7.611000538E0,5.878050327E0,-1.617000103E0
3.963899700E2,8.608950615E0,6.606000423E0,-3.205950260E0
3.963924137E2,5.572950363E0,6.868950367E0,-4.444050312E0
3.963948573E2,5.146950245E0,6.412050247E0,-3.774000168E0
3.963973010E2,7.888050556E0,7.614000320E0,-3.307050228E0
3.963997445E2,6.624000549E0,9.406949997E0,-3.466950178E0
3.964021882E2,3.556950092E0,1.020900059E1,-3.826950073E0
3.964046319E2,2.790000141E-1,8.855999947E0,-6.010500193E-1
3.964070756E2,-1.050000042E-1,8.020950317E0,1.885050058E0
3.964095192E2,2.152050018E0,9.378000259E0,1.106999993E0
3.964119629E2,4.669950008E0,1.079595089E1,-2.742000103E0
3.964144063E2,4.315950394E0,1.073100090E1,-5.476050377E0
3.964168500E2,3.457050085E0,1.126995087E1,-5.182050228E0
3.964192936E2,3.274950266E0,1.196895027E1,-3.661050081E0
3.964217373E2,3.670050144E0,1.285005093E1,-2.785050154E0
3.964241810E2,3.604950190E0,1.353495026E1,-5.574000359E0
3.964266245E2,3.555000067E0,1.288605022E1,-4.969050407E0
3.964290682E2,4.431000233E0,1.173705101E1,-5.626950264E0
3.964315118E2,3.006000042E0,8.811000824E0,-4.108950138E0
3.964339555E2,2.365050077E0,7.762050152E0,3.769500256E-1
3.964363992E2,3.267000198E0,7.903050423E0,1.762950063E0
3.964388426E2,7.912050247E0,8.967000008E0,2.760000229E-1
3.964412863E2,8.386050224E0,7.357950211E0,-1.744050026E0
3.964437300E2,7.459950447E0,6.715950489E0,-1.945050120E0
3.964461736E2,5.736000061E0,9.131999969E0,-1.351050019E0
3.964486173E2,5.863050461E0,1.178505039E1,-7.690500617E-1
3.964510608E2,3.544950247E0,1.300995064E1,-2.650950193E0
3.964535045E2,1.060050011E0,1.055595016E1,-1.675950050E0
3.964559481E2,4.450500309E-1,7.993950367E0,4.410000145E-1
3.964583918E2,1.108050108E0,1.020195007E1,4.729500115E-1
3.964608352E2,1.486050129E0,1.062105083E1,1.927950144E0
3.964632789E2,2.029950142E0,9.201000214E0,-1.332000017E0
3.964657226E2,8.419500589E-1,1.049400043E1,-4.770000458E0
3.964681662E2,8.080500364E-1,9.001950264E0,-4.453950405E0
3.964706099E2,1.654050112E0,8.434950829E0,-4.056000233E0
3.964730536E2,2.532000065E0,9.241950035E0,-4.678950310E0
3.964754971E2,2.824050188E0,6.964950562E0,-4.885050297E0
3.964779408E2,5.259000301E0,5.820000172E0,-5.091000080E0
3.964803844E2,6.976050377E0,3.840000153E0,-7.126050472E0
3.964828281E2,5.845950127E0,1.683000088E0,-6.781050205E0
3.964852715E2,5.892000198E0,3.976950169E0,-4.665000439E0
3.964877152E2,6.496950150E0,6.330000401E0,-3.376050234E0
3.964901589E2,5.973000050E0,6.856950283E0,-2.530950069E0
3.964926025E2,4.326000214E0,5.386950493E0,-1.504050016E0
3.964950462E2,6.780000210E0,5.796000481E0,2.329500169E-1
3.964974899E2,9.186000824E0,5.385000229E0,-3.397950172E0
3.964999334E2,7.198950291E0,6.855000496E0,-6.586950302E0
3.965023771E2,3.294000149E0,6.214950085E0,-8.301000595E0
3.965048207E2,9.979500771E-1,4.864950180E0,-3.460050106E0
3.965072644E2,2.899050236E0,5.197950363E0,1.351050019E0
3.965097081E2,5.941950321E0,4.876950264E0,-2.539499998E-1
3.965121515E2,5.962950230E0,6.273000240E0,-1.329000115E0
3.965145952E2,2.773950100E0,8.305950165E0,-3.379500210E-1
3.965170389E2,3.889500201E-1,9.919050217E0,-3.499500155E-1
3.965194825E2,1.729950070E0,1.092705059E1,-1.492050052E0
3.965219262E2,2.668950081E0,1.261800098E1,-2.965050220E0
3.965243697E2,4.266000271E0,1.233795071E1,-3.184950113E0
3.965268133E2,3.378000259E0,1.219905090E1,-4.930050373E0
3.965292570E2,2.322000027E0,1.073100090E1,-4.183050156E0
3.965317007E2,1.408950090E0,8.413050652E0,-2.152950048E0
3.965341444E2,2.242950201E0,8.820000648E0,-1.818000078E0
3.965365879E2,4.831050396E0,1.050600052E1,-3.931950092E0
3.965390315E2,6.286950111E0,1.122405052E1,-5.361000061E0
3.965414752E2,6.045000076E0,9.534000397E0,-4.054049969E0
3.965439189E2,7.150950432E0,8.418000221E0,-3.075000048E0
3.965463623E2,9.184050560E0,9.448050499E0,-3.451050282E0
3.965488060E2,7.680000305E0,1.151400089E1,-3.204000235E0
3.965512496E2,2.338050127E0,1.001295090E1,-7.905000448E-2
3.965536933E2,1.096050024E0,7.738050461E0,2.137050152E0
3.965561370E2,7.530000210E-1,7.750050545E0,1.045050025E0
3.965585807E2,1.093050003E0,8.892000198E0,3.720000088E-1
3.965610242E2,2.725950241E0,9.061950684E0,2.055000067E0
3.965634679E2,4.570050240E0,9.766050339E0,9.195000678E-2
3.965659115E2,4.210950375E0,1.008000088E1,-2.692050219E0
3.965683551E2,4.456950188E0,1.158600044E1,-4.296000004E0
3.965707986E2,2.820000172E0,1.159305096E1,-5.160000324E0
3.965732423E2,2.005950212E0,1.257900047E1,-4.803000450E0
3.965756860E2,3.640950203E0,1.282095051E1,-3.898050070E0
3.965781296E2,4.576950073E0,9.241950035E0,-4.393949986E0
3.965805733E2,3.178950071E0,6.601050377E0,-2.446950197E0
3.965830168E2,4.539000034E0,6.259050369E0,6.310500503E-1
3.965854605E2,8.188050270E0,6.874050140E0,-1.758000135E0
3.965879041E2,8.998950005E0,7.606950283E0,-6.148950100E0
3.965903478E2,5.853000164E0,7.633050442E0,-5.728050232E0
3.965927912E2,4.314000130E0,7.051050186E0,-3.220950127E0
3.965952349E2,5.944050312E0,8.248050690E0,-1.461000085E0
3.965976786E2,5.620950222E0,9.412050247E0,-2.164950132E0
3.966001223E2,3.391950130E0,8.875950813E0,-1.815000057E0
3.966025659E2,1.326000094E0,6.232050419E0,1.999500096E-1
3.966050096E2,8.059500456E-1,4.198950291E0,1.275000095E0
3.966074531E2,3.033000231E0,6.724950314E0,-1.866000056E0
3.966098967E2,3.901950121E0,5.272050381E0,-5.413950443E0
3.966123404E2,2.808000088E0,8.338950157E0,-4.593000412E0
3.966147841E2,1.174950004E0,9.310950279E0,-1.702950120E0
3.966172275E2,4.905000329E-2,8.758049965E0,-1.990050077E0
3.966196712E2,6.700500250E-1,9.466950417E0,-2.397000074E0
3.966221149E2,2.143949986E0,9.934050560E0,-3.940950155E0
3.966245585E2,3.933000088E0,8.332050323E0,-6.453000069E0
3.966270022E2,4.137000084E0,5.346000195E0,-7.681050301E0
3.966294459E2,3.639000177E0,1.819950104E0,-5.187000275E0
3.966318894E2,7.240050316E0,2.080950022E0,-2.554950237E0
3.966343331E2,1.113000011E1,3.595950127E0,-5.227050304E0
3.966367767E2,1.054395008E1,4.828950405E0,-6.676050186E0
3.966392204E2,5.604000092E0,6.462000370E0,-5.040000439E0
3.966416641E2,4.954950333E0,7.891050339E0,-2.395050049E0
3.966441075E2,6.481050491E0,7.621050358E0,-3.087000132E0
3.966465512E2,5.596950054E0,9.226950645E0,-4.936950207E0
3.966489949E2,2.257050037E0,8.485050201E0,-3.307050228E0
3.966514385E2,2.295000106E-2,6.591000080E0,5.830500126E-1
3.966538822E2,5.710500479E-1,6.438000202E0,4.167000294E0
3.966563257E2,4.512000084E0,7.531950474E0,6.810000539E-1
3.966587694E2,7.026000500E0,7.735950470E0,-4.449000359E0
3.966612131E2,4.759050369E0,9.412050247E0,-5.341950417E0
3.966636567E2,2.046000004E0,1.038900089E1,-2.610000134E0
3.966661004E2,1.906950116E0,1.132695007E1,-1.654950023E0
3.966685438E2,4.927050114E0,1.343700027E1,-3.451050282E0
3.966709875E2,6.109050274E0,1.290000057E1,-5.899950504E0
3.966734311E2,4.752000332E0,1.059705067E1,-6.489000320E0
3.966758748E2,2.299950123E0,8.196000099E0,-5.139000416E0
3.966783183E2,2.403000116E0,7.795950413E0,-2.269950151E0
3.966807620E2,5.070000172E0,8.233950615E0,3.430500031E-1
3.966832057E2,8.398050308E0,9.547950745E0,-8.290500641E-1
3.966856493E2,7.732950211E0,1.005405045E1,-3.214050055E0
3.966880930E2,6.763050556E0,9.546000481E0,-1.429950118E0
3.966905364E2,7.335000515E0,9.975000381E0,-7.140000463E-1
3.966929801E2,7.540950298E0,1.088895035E1,-3.460050106E0
3.966954238E2,5.403000355E0,1.230405045E1,-5.461950302E0
3.966978674E2,2.073000193E0,1.001505089E1,-2.794950247E0
3.967003111E2,3.889500201E-1,7.525050163E0,1.617000103E0
3.967027546E2,7.699500322E-1,8.820000648E0,1.392000079E0
3.967051983E2,4.120050430E0,1.022595024E1,-8.170500398E-1
3.967076420E2,5.274000168E0,9.010050774E0,-4.636050224E0
3.967100857E2,3.034950256E0,1.085595036E1,-5.586000443E0
3.967125293E2,1.195950031E0,1.054695034E1,-3.496050119E0
3.967149730E2,1.816050053E0,1.040805054E1,-6.709500551E-1
3.967174164E2,2.857950211E0,1.155495071E1,-3.051000118E0
3.967198601E2,2.974950075E0,1.131300068E1,-4.243050098E0
3.967223037E2,3.400950193E0,9.259050369E0,-5.335050106E0
3.967247474E2,3.030000210E0,5.605050087E0,-3.202050209E0
3.967271911E2,5.524950027E0,3.603000164E0,-2.893050194E0
3.967296346E2,8.860050201E0,4.765050411E0,-4.801050186E0
3.967320783E2,9.868050575E0,6.406950474E0,-5.589000225E0
3.967345219E2,6.223950386E0,8.101950645E0,-4.903950214E0
3.967369656E2,4.915050030E0,8.089950562E0,-3.750000238E0
3.967394090E2,5.391000271E0,7.621050358E0,-3.159000158E0
3.967418527E2,5.487000465E0,8.467950821E0,-4.483050346E0
3.967442964E2,2.965950251E0,7.951050282E0,-5.220000267E0
3.967467400E2,3.730500042E-1,5.677050114E0,-2.572050095E0
3.967491837E2,3.769500256E-1,3.940950155E0,7.800000161E-2
3.967516272E2,5.053950310E0,3.667950153E0,-1.060950041E0
3.967540709E2,8.317049980E0,3.108000040E0,-4.327050209E0
3.967565146E2,5.254950047E0,5.746050358E0,-4.309950352E0
3.967589582E2,2.914950132E0,8.350950241E0,-1.432050109E0
3.967614019E2,1.965000153E0,9.120000839E0,3.000000026E-3
3.967638454E2,1.986000061E0,1.077900028E1,-1.624050021E0
3.967662891E2,2.046000004E0,1.070205021E1,-4.143000126E0
3.967687327E2,2.760000229E0,8.875950813E0,-6.673050404E0
3.967711764E2,2.404950142E0,5.686050415E0,-8.059950829E0
3.967736201E2,1.363950014E0,3.064950228E0,-5.292000294E0
3.967760638E2,4.576950073E0,3.510000229E0,-2.526000023E0
3.967785072E2,8.628000259E0,6.067050457E0,-3.546000242E0
3.967809509E2,9.865950584E0,9.280050278E0,-3.637050152E0
3.967833945E2,6.504000187E0,1.012305069E1,-1.984950066E0
3.967858382E2,5.142000198E0,1.075500011E1,-1.485000014E0
3.967882817E2,6.246000290E0,1.199505043E1,-4.155000210E0
3.967907254E2,5.508000374E0,1.081695080E1,-6.577950478E0
3.967931691E2,2.425050020E0,8.527950287E0,-6.652050495E0
3.967956127E2,5.070000291E-1,5.445000172E0,-1.549950123E0
3.967980564E2,5.740500093E-1,4.369050026E0,2.983950138E0
3.968004999E2,5.235000134E0,5.020950317E0,1.432950020E0
3.968029436E2,7.504950523E0,7.246950150E0,-1.698000073E0
3.968053872E2,5.508000374E0,8.272050858E0,-1.675950050E0
3.968078309E2,2.824050188E0,1.039395046E1,-1.212000012E0
3.968102746E2,1.833000064E0,1.187295055E1,-8.269500136E-1
3.968127180E2,1.414050102E0,1.234005070E1,-2.044950008E0
3.968151617E2,2.910000086E-1,1.199505043E1,-4.305000305E0
3.968176054E2,4.950000346E-1,9.934050560E0,-5.625000477E0
3.968200490E2,5.279999971E-1,6.678000450E0,-5.032950401E0
3.968224927E2,1.893000126E0,4.408050060E0,-2.677050114E0
3.968249362E2,6.727050304E0,5.140050411E0,-2.263050079E0
3.968273799E2,1.108695030E1,7.516050339E0,-5.373000145E0
3.968298235E2,9.069000244E0,8.374950409E0,-6.598950386E0
3.968322672E2,4.828050137E0,8.895000458E0,-4.837050438E0
3.968347109E2,5.130000114E0,9.204000473E0,-3.079950094E0
3.968371546E2,6.162000179E0,9.678000450E0,-3.475050211E0
3.968395980E2,4.279950142E0,8.935050011E0,-2.277000189E0
3.968420417E2,1.168050051E0,7.056000233E0,1.986000061E0
3.968444853E2,1.444950104E0,6.037950516E0,3.802950144E0
3.968469290E2,2.926950216E0,6.892950535E0,1.584000111E0
3.968493725E2,6.720000267E0,6.214950085E0,4.339500070E-1
3.968518162E2,5.653950214E0,5.878050327E0,-4.779000282E0
3.968542598E2,2.604000092E0,8.995050430E0,-4.921050072E0
3.968567035E2,6.720000505E-1,1.010595036E1,-2.986050129E0
3.968591472E2,1.528950095E0,1.165995026E1,-3.397950172E0
3.968615907E2,1.963050127E0,1.225395012E1,-5.104950428E0
3.968640343E2,2.527950048E0,1.111905098E1,-7.285950184E0
3.968664780E2,2.026950121E0,7.723950386E0,-7.822950363E0
3.968689216E2,3.919500113E-1,4.936950207E0,-5.197950363E0
3.968713651E2,2.932050228E0,3.783000231E0,-2.629050016E0
3.968738088E2,8.394000053E0,4.328999996E0,-2.577000141E0
3.968762525E2,1.145595074E1,6.879000187E0,-4.554000378E0
3.968786962E2,9.018000603E0,7.117950439E0,-3.988950253E0
3.968811398E2,7.462050438E0,7.434000492E0,-2.401950121E0
3.968835835E2,7.330050468E0,9.337950706E0,-3.160950184E0
3.968860270E2,4.813950062E0,9.442950249E0,-5.260950089E0
3.968884706E2,1.611000061E0,8.116950035E0,-4.312950134E0
3.968909143E2,-4.020000100E-1,4.840950012E0,2.689500153E-1
3.968933580E2,1.639050126E0,3.654000282E0,2.134050131E0
3.968958014E2,7.246950150E0,4.519950390E0,-1.909050107E0
3.968982453E2,6.504000187E0,4.069950104E0,-1.449000120E0
3.969006888E2,4.089000225E0,6.763950348E0,1.039950013E0
3.969031325E2,2.572950125E0,1.030005074E1,1.675050020E0
3.969055761E2,2.104050159E0,1.356105042E1,-8.620500565E-1
3.969080198E2,1.612950087E0,1.371195030E1,-1.969500035E-1
3.969104633E2,6.889500618E-1,1.264395046E1,-5.542950153E0
3.969129070E2,2.890500128E-1,9.547950745E0,-6.700050354E0
3.969153506E2,-4.950000439E-3,4.638000011E0,-3.075000048E0
3.969177943E2,3.076050043E0,5.875050068E0,-4.327050209E0
3.969202380E2,1.002900028E1,6.048000336E0,-5.869050503E0
3.969226814E2,1.030395031E1,6.727950096E0,-8.419050217E0
3.969251251E2,5.953950405E0,9.393000603E0,-8.188950539E0
3.969275687E2,5.712000370E0,9.127050400E0,-5.038050175E0
3.969300124E2,6.556950092E0,1.068105030E1,-4.585950375E0
3.969324559E2,5.812950134E0,1.138995075E1,-4.356000423E0
3.969348996E2,2.239950180E0,9.012000084E0,1.110000089E-1
3.969373433E2,8.470500112E-1,6.016950130E0,3.433950186E0
3.969397869E2,1.314000010E0,6.214950085E0,2.805000067E0
3.969422306E2,2.620950222E0,8.430000305E0,2.260950089E0
3.969446743E2,5.760000229E0,7.360050201E0,3.697950125E0
3.969471177E2,6.502050400E0,7.942050457E0,-3.259050131E0
3.969495614E2,4.084050179E0,1.098300076E1,-2.731950045E0
3.969520050E2,2.977950096E0,1.388700104E1,-4.815000057E0
3.969544487E2,3.142950058E0,1.414305115E1,-5.497950077E0
3.969568922E2,2.097000122E0,1.429905033E1,-6.172950268E0
3.969593359E2,1.204050064E0,1.217505074E1,-6.280950069E0
3.969617796E2,5.760000348E-1,7.675950527E0,-2.890050173E0
3.969642233E2,2.271000147E0,6.658050537E0,-1.035000086E0
3.969666669E2,7.371000290E0,8.895000458E0,-2.200950146E0
3.969691106E2,1.190595055E1,7.437000275E0,-6.064950466E0
3.969715540E2,9.505050659E0,6.510000229E0,-8.935950279E0
3.969739977E2,7.137000561E0,8.956950188E0,-6.340950489E0
3.969764413E2,8.323950768E0,8.983050346E0,-4.552050114E0
3.969788850E2,7.635000229E0,9.318000793E0,-3.280950069E0
3.969813285E2,4.005000114E0,8.121000290E0,4.390500188E-1
3.969837722E2,1.029000044E0,5.883000374E0,2.757000208E0
3.969862159E2,2.077050209E0,3.960000277E0,3.496950150E0
3.969886595E2,6.748950481E0,4.558950424E0,6.300000101E-2
3.969911032E2,7.977000237E0,4.159049988E0,-3.124950171E0
3.969935468E2,4.957950115E0,5.595000267E0,-3.843000174E0
3.969959903E2,2.077050209E0,8.121000290E0,1.180500090E-1
3.969984339E2,2.053050041E0,9.958050728E0,1.794000030E0
3.970008776E2,1.704000115E0,1.226805019E1,-1.626000047E0
3.970033213E2,1.285050035E0,1.229700089E1,-5.806950092E0
3.970057648E2,2.700000107E-1,9.766050339E0,-6.858000278E0
3.970082085E2,-2.869500220E-1,5.112000465E0,-3.757050276E0
3.970106522E2,2.653950214E0,4.546950340E0,-3.970050097E0
3.970130958E2,6.889950275E0,6.280050278E0,-6.180000305E0
3.970155394E2,8.667000771E0,7.437000275E0,-9.166050911E0
3.970179829E2,6.598050117E0,7.984950542E0,-7.453950405E0
3.970204266E2,7.146000385E0,7.651950359E0,-4.162050247E0
3.970228702E2,7.963050365E0,8.844000816E0,-5.323050022E0
3.970253139E2,5.805000305E0,9.136950493E0,-6.601950169E0
3.970277576E2,2.410050154E0,7.441050529E0,-4.474950314E0
3.970302013E2,8.040000200E-1,5.184000015E0,8.050500154E-1
3.970326447E2,2.527950048E0,3.555000067E0,3.564000130E0
3.970350884E2,7.297050476E0,4.434000015E0,-3.000000119E-1
3.970375321E2,7.528950214E0,3.313950062E0,-1.963950038E0
3.970399758E2,4.960050106E0,5.856000423E0,-2.710500062E-1
3.970424192E2,2.772000074E0,8.085000038E0,1.351050019E0
3.970448629E2,2.307000160E0,1.076505089E1,1.093050003E0
3.970473065E2,1.567050099E0,1.315905094E1,-1.068000078E0
3.970497503E2,1.219950080E0,1.195200062E1,-4.665000439E0
3.970521939E2,1.860000044E-1,8.725049973E0,-6.013050079E0
3.970546376E2,6.405000389E-2,4.201950073E0,-2.542950153E0
3.970570811E2,2.949000120E0,6.430950165E0,-4.921050072E0
3.970595248E2,8.488950729E0,7.345950127E0,-6.300000191E0
3.970619684E2,1.034295082E1,8.473050117E0,-1.003995037E1
3.970644121E2,7.395000458E0,9.145950317E0,-7.810950279E0
3.970668555E2,6.538050175E0,1.008195019E1,-4.372050285E0
3.970692992E2,6.957000256E0,1.149705029E1,-3.228000164E0
3.970717429E2,5.643000126E0,1.119300079E1,-3.748050213E0
3.970741866E2,1.227000117E0,9.376049995E0,-2.758950233E0
3.970766302E2,3.180000186E-1,6.850050449E0,3.405000269E-2
3.970790737E2,2.626050234E0,6.807000160E0,1.813050032E0
3.970815174E2,7.608000278E0,8.373000145E0,2.670000196E-1
3.970839610E2,8.226000786E0,8.143050194E0,-3.606000185E0
3.970864047E2,4.615050316E0,8.188050270E0,-6.540000439E-1
3.970888484E2,2.805000067E0,1.069500065E1,1.537950039E0
3.970912919E2,3.363000154E0,1.398000050E1,7.050000429E-1
3.970937356E2,1.929000139E0,1.399500084E1,-1.236000061E0
3.970961792E2,1.285050035E0,1.224900055E1,-4.269000053E0
3.970986229E2,3.705000132E-2,8.176050186E0,-7.032000542E0
3.971010666E2,-9.000000544E-3,4.870050430E0,-3.640050173E0
3.971035100E2,4.893000126E0,5.386950493E0,-5.602950096E0
3.971059537E2,9.640950203E0,7.719000340E0,-5.646000385E0
3.971083973E2,9.484950066E0,8.242950439E0,-8.529000282E0
3.971108410E2,5.949000359E0,8.671950340E0,-7.135050297E0
3.971132845E2,6.342000484E0,8.368050575E0,-3.589950085E0
3.971157284E2,6.496950150E0,7.699950218E0,-3.871950150E0
3.971181718E2,4.057950020E0,7.330950260E0,-2.728050232E0
3.971206155E2,6.889500618E-1,6.723000526E0,1.596000075E0
3.971230592E2,3.889500201E-1,4.417050362E0,3.772050142E0
3.971255028E2,4.182000160E0,4.779000282E0,2.557950020E0
3.971279463E2,7.857000351E0,3.891000271E0,-2.232000113E0
3.971303900E2,7.210950375E0,3.771000147E0,-4.147050381E0
3.971328336E2,3.933000088E0,8.904000282E0,-2.578950167E0
3.971352773E2,2.623050213E0,1.021905041E1,6.589500308E-1
3.971377210E2,1.819050074E0,1.225605011E1,1.867950082E0
3.971401645E2,6.940500140E-1,1.389600086E1,-2.470500171E-1
3.971426082E2,1.362000108E0,1.047000027E1,-3.331050158E0
3.971450518E2,5.710500479E-1,6.067050457E0,-4.225950241E0
3.971474955E2,1.102950096E0,3.163050175E0,-3.226050138E0
3.971499389E2,8.236050606E0,4.731000423E0,-7.048950195E0
3.971523826E2,1.163295078E1,4.906050205E0,-1.032495022E1
3.971548263E2,7.539000511E0,7.674000263E0,-1.103805065E1
3.971572699E2,5.464950085E0,7.795950413E0,-8.388000488E0
3.971597136E2,7.752000332E0,7.786050320E0,-5.869050503E0
3.971621573E2,5.844000340E0,1.060905075E1,-4.858050346E0
3.971646008E2,1.278000116E0,1.025505066E1,-1.843950033E0
3.971670445E2,-1.519950032E0,7.911000252E0,4.179000378E0
3.971694881E2,1.519500017E-1,5.701050282E0,4.833000183E0
3.971719318E2,4.828050137E0,6.748950481E0,2.536050081E0
3.971743753E2,1.058400059E1,5.265000343E0,1.729500145E-1
3.971768190E2,7.771050453E0,4.210950375E0,-4.225950241E0
3.971792626E2,4.792950153E0,7.611000538E0,-8.500500321E-1
3.971817063E2,2.118000031E0,1.065705013E1,1.108950019E0
3.971841500E2,1.090950012E0,1.387695026E1,2.209500074E-1
3.971865936E2,1.672950029E0,1.271595097E1,1.999500096E-1
3.971890371E2,1.279950023E0,9.376049995E0,-4.236000061E0
3.971914808E2,2.959500253E-1,6.538950443E0,-3.307050228E0
3.971939244E2,2.494050026E0,4.594950199E0,-1.621050119E0
3.971963681E2,5.856000423E0,7.872000217E0,-5.476050377E0
3.971988116E2,1.086195087E1,7.888950348E0,-9.436050415E0
3.972012553E2,6.117000103E0,8.641050339E0,-8.767950058E0
3.972036990E2,5.134950161E0,9.759000778E0,-5.835000515E0
3.972061426E2,7.515000343E0,9.778050423E0,-5.590950489E0
3.972085863E2,5.286000252E0,9.606000900E0,-6.036000252E0
3.972110297E2,1.606050134E0,8.671950340E0,-1.786950111E0
3.972134734E2,6.619500518E-1,5.502000332E0,3.742950201E0
3.972159171E2,3.343950272E0,5.160000324E0,4.105050087E0
3.972183607E2,7.639050484E0,4.465050220E0,-1.774950027E0
3.972208044E2,8.764950752E0,3.048000097E0,-5.449950218E0
3.972232479E2,4.361999989E0,5.667000294E0,-3.702000141E0
3.972256916E2,4.524000168E0,7.852950573E0,1.150050044E0
3.972281353E2,4.693950176E0,9.775950432E0,1.828050137E0
3.972305789E2,2.391000032E0,1.131795025E1,7.360500097E-1
3.972330226E2,7.680000067E-1,1.080300045E1,-1.789050102E0
3.972354660E2,1.759500057E-1,7.450950146E0,-3.979950190E0
3.972379097E2,1.213050008E0,5.449050426E0,-4.293000221E0
3.972403534E2,7.246950150E0,5.059050083E0,-7.561950207E0
3.972427970E2,1.026105022E1,6.073950291E0,-9.409950256E0
3.972452407E2,5.611050129E0,9.268050194E0,-8.325000763E0
3.972476844E2,3.556950092E0,9.004950523E0,-2.956950188E0
3.972501279E2,7.077000141E0,8.715000153E0,-9.409500360E-1
3.972525716E2,7.660950184E0,8.799000740E0,-3.859950066E0
3.972550152E2,2.259000063E0,9.064949989E0,-3.630000114E0
3.972574589E2,5.205000192E-2,5.413050175E0,-1.906050086E0
3.972599023E2,3.198000193E0,4.348050117E0,1.780500114E-1
3.972623460E2,8.881950378E0,4.614000320E0,-3.537000179E0
3.972647896E2,8.503950119E0,4.168050289E0,-5.629050255E0
3.972672333E2,3.856050253E0,6.892950535E0,-2.409000158E0
3.972696770E2,2.200050116E0,8.296050072E0,2.790000200E0
3.972721205E2,1.162950039E0,9.223050117E0,3.730950117E0
3.972745642E2,1.335000038E0,1.074300098E1,3.267000198E0
3.972770079E2,8.230500221E-1,1.262700081E1,1.452000022E0
3.972794515E2,1.831050038E0,9.073950768E0,-4.429500103E-1
3.972818952E2,1.273050070E0,5.667000294E0,-2.566950083E0
3.972843386E2,4.042950153E0,6.085950375E0,-6.220950127E0
3.972867823E2,9.880050659E0,5.404050350E0,-1.011405087E1
3.972892260E2,7.726050377E0,7.234950542E0,-1.163700008E1
3.972916696E2,2.719050169E0,9.430950165E0,-9.098999977E0
3.972941133E2,6.186000347E0,8.266950607E0,-5.638950348E0
3.972965568E2,8.319000244E0,8.764950752E0,-6.703950405E0
3.972990005E2,4.206000328E0,1.019205093E1,-5.313000202E0
3.973014441E2,-7.129500508E-1,8.854050636E0,-4.579500258E-1
3.973038878E2,-2.800500095E-1,5.794050217E0,4.785000324E0
3.973063313E2,6.724950314E0,6.417000294E0,3.553950071E0
3.973087752E2,1.131705093E1,4.911000252E0,-3.606000185E0
3.973112186E2,7.966950417E0,3.796950102E0,-5.143050194E0
3.973136623E2,4.299000263E0,7.243050575E0,-2.055000067E0
3.973161060E2,3.880050182E0,8.907000542E0,2.785050154E0
3.973185496E2,3.415950060E0,1.099695015E1,1.617000103E0
3.973209931E2,1.831050038E0,1.112100029E1,-1.243050098E0
3.973234368E2,8.680500388E-1,1.009395027E1,-4.152000427E0
3.973258804E2,2.170500159E-1,6.868950367E0,-3.633000135E0
3.973283241E2,3.175950050E0,6.103050232E0,-3.940950155E0
3.973307678E2,8.089050293E0,7.822050571E0,-6.589950085E0
3.973332112E2,9.892050743E0,9.538950920E0,-8.743950844E0
3.973356549E2,5.719050407E0,1.049595070E1,-5.656050205E0
3.973380985E2,5.523000240E0,1.088700008E1,-1.914000034E0
3.973405422E2,7.462050438E0,1.019205093E1,-2.107050180E0
3.973429859E2,5.809950352E0,9.787950516E0,-4.590000153E0
3.973454294E2,1.522050023E0,8.470950127E0,-3.463050127E0
3.973478731E2,1.327950120E0,5.878050327E0,-1.319999993E-1
3.973503167E2,6.499950409E0,6.418950081E0,-2.905050039E0
3.973527604E2,9.291000366E0,5.631000042E0,-7.638000488E0
3.973552041E2,4.867050171E0,6.958050251E0,-5.799000263E0
3.973576475E2,2.032050133E0,8.188050270E0,2.161050081E0
3.973600912E2,1.618050098E0,1.093005085E1,2.344950199E0
3.973625348E2,5.310000181E-1,1.207005024E1,3.481950283E0
3.973649785E2,4.450500309E-1,1.064700031E1,2.938950062E0
3.973674220E2,2.149049997E0,9.213000298E0,2.031000137E0
3.973698657E2,2.455950022E0,6.072000504E0,-3.649050236E0
3.973723094E2,6.648000240E0,4.765050411E0,-8.674950600E0
3.973747531E2,9.985950470E0,4.882050037E0,-1.395195103E1
3.973771967E2,6.495000362E0,8.100000381E0,-1.142805099E1
3.973796404E2,2.209050179E0,8.325000763E0,-5.577000141E0
3.973820838E2,4.042950153E0,8.908950806E0,8.290500641E-1
3.973845275E2,8.167950630E0,7.647000313E0,-3.090000153E-1
3.973869711E2,7.084050179E0,7.534950256E0,-3.556050062E0
3.973894148E2,1.977000117E0,6.904950142E0,-2.686950207E0
3.973918583E2,2.242950201E0,4.696950436E0,1.039500013E-1
3.973943022E2,8.667000771E0,5.434950352E0,-3.325950146E0
3.973967457E2,9.646050453E0,4.137000084E0,-7.588050365E0
3.973991893E2,4.006950378E0,7.069950104E0,-5.634000301E0
3.974016330E2,9.640500546E-1,7.942050457E0,-1.324950099E0
3.974040767E2,1.905000091E0,9.192000389E0,3.565950155E0
3.974065201E2,3.556950092E0,8.947050095E0,2.242050171E0
3.974089638E2,4.339950085E0,9.807000160E0,-9.100500345E-1
3.974114075E2,2.085000038E0,8.506950378E0,-5.103000164E0
3.974138511E2,6.979500055E-1,6.985950470E0,-4.827000141E0
3.974162948E2,3.475950241E0,5.433000088E0,-4.216950417E0
3.974187383E2,7.065000534E0,6.690000534E0,-7.666950226E0
3.974211820E2,5.665950298E0,9.349950790E0,-6.633000374E0
3.974236256E2,1.692000031E0,9.373950005E0,-2.602950096E0
3.974260693E2,3.387000084E0,9.286950111E0,1.060500070E-1
3.974285127E2,7.927050591E0,9.097949982E0,-3.292950153E0
3.974309564E2,6.130950451E0,8.358000755E0,-5.955000401E0
3.974334001E2,1.177050114E0,7.513050556E0,-2.962050200E0
3.974358438E2,1.108050108E0,6.112950325E0,5.059500337E-1
3.974382874E2,6.484950542E0,6.859950542E0,-2.002050161E0
3.974407311E2,8.403000832E0,7.458000183E0,-5.521950245E0
3.974431746E2,4.896000385E0,7.534950256E0,-4.176000118E0
3.974456183E2,1.876050115E0,9.216000557E0,-4.510500133E-1
3.974480619E2,1.522050023E0,9.832950592E0,2.155950069E0
3.974505056E2,1.882950068E0,1.146900082E1,1.734000087E0
3.974529490E2,2.382000208E0,9.769050598E0,-1.447050095E0
3.974553930E2,2.077050209E0,8.452050209E0,-4.416000366E0
3.974578364E2,2.101050138E0,6.643950462E0,-5.409000397E0
3.974602801E2,5.092050076E0,5.361000061E0,-5.289000034E0
3.974627237E2,7.780950546E0,7.105950356E0,-6.949050426E0
3.974651674E2,4.849950314E0,7.939050198E0,-6.135000229E0
3.974676109E2,2.302050114E0,8.445000648E0,-2.047950029E0
3.974700546E2,4.081050396E0,8.278950691E0,1.600050092E0
3.974724982E2,7.105050564E0,7.389000416E0,1.660500020E-1
3.974749419E2,7.309050560E0,6.814050198E0,-3.847950220E0
3.974773853E2,3.004050255E0,6.469050407E0,-4.365000248E0
3.974798290E2,9.450000525E-1,6.523950100E0,-1.762950063E0
3.974822727E2,4.543950081E0,7.092000484E0,-1.080000043E0
3.974847163E2,7.146000385E0,8.004000664E0,-3.739950180E0
3.974871600E2,4.098000050E0,9.880950928E0,-2.625000238E0
3.974896035E2,1.491000056E0,9.634950638E0,2.872050047E0
3.974920472E2,7.605000585E-2,9.769050598E0,7.549500465E-1
3.974944909E2,1.330500096E-1,1.067595005E1,-4.579500258E-1
3.974969345E2,2.467950106E0,1.184205055E1,2.527050018E0
3.974993782E2,6.100050449E0,1.139895058E1,-3.336000204E0
3.975018219E2,3.864000082E0,7.321950436E0,-4.759950161E0
3.975042653E2,5.322000027E0,6.259050369E0,-5.910000324E0
3.975067090E2,7.783050537E0,9.108000755E0,-7.066050529E0
3.975091526E2,5.692950249E0,1.106400013E1,-6.111000061E0
3.975115963E2,2.034000158E0,1.082895088E1,-3.208950043E0
3.975140398E2,1.290000081E0,9.418950081E0,1.569000125E0
3.975164835E2,2.563050032E0,9.345000267E0,5.610000491E-1
3.975189271E2,4.783050060E0,1.042695045E1,-6.730500460E-1
3.975213709E2,3.634050131E0,1.067100048E1,-1.309950113E0
3.975238145E2,1.828050137E0,8.521050453E0,-1.305000067E0
3.975262582E2,1.089000106E0,7.135050297E0,-2.160000056E-1
3.975287017E2,3.808050156E0,7.900950432E0,-1.678950071E0
3.975311454E2,5.628000259E0,8.914050102E0,-5.491050243E0
3.975335890E2,3.880050182E0,8.145000458E0,-5.182050228E0
3.975360327E2,2.179949999E0,6.928950310E0,-1.468050122E0
3.975384761E2,3.777000189E0,7.489050388E0,9.370500445E-1
3.975409198E2,7.207950115E0,7.939050198E0,-1.618950129E0
3.975433635E2,6.153000355E0,9.321000099E0,-4.759950161E0
3.975458071E2,2.034000158E0,9.952950478E0,-4.459050179E0
3.975482508E2,1.108050108E0,8.152050018E0,-6.679500341E-1
3.975506943E2,4.635000229E0,8.227050781E0,-1.827000141E0
3.975531380E2,6.343950272E0,9.595950127E0,-4.879950047E0
3.975555817E2,2.326050043E0,1.050105095E1,-5.649000168E0
3.975580253E2,1.519500017E-1,8.892000198E0,-7.860000134E-1
3.975604690E2,8.059500456E-1,7.828950405E0,3.061050177E0
3.975629124E2,4.792950153E0,9.364050865E0,-8.400000632E-2
3.975653561E2,8.451000214E0,9.505050659E0,-5.373000145E0
3.975677998E2,5.176050186E0,9.004950523E0,-6.760050297E0
3.975702434E2,8.080500364E-1,8.526000023E0,-2.806950092E0
3.975726871E2,1.443000078E0,7.774050236E0,5.970000029E-1
3.975751306E2,5.784000397E0,9.199050903E0,-3.180000067E0
3.975775743E2,6.397050381E0,1.007505035E1,-5.277000427E0
3.975800179E2,3.070950031E0,8.731950760E0,-3.795000076E0
3.975824616E2,1.072050095E0,7.113000393E0,4.750500321E-1
3.975849050E2,2.566050053E0,7.882050514E0,2.302050114E0
3.975873490E2,6.058950424E0,9.330000877E0,-1.528050065E0
3.975897924E2,5.506050110E0,1.020900059E1,-4.051949978E0
3.975922361E2,2.467950106E0,8.466000557E0,-3.963000298E0
3.975946797E2,3.283950090E0,6.462000370E0,-2.347050190E0
3.975971234E2,6.427950382E0,7.420050144E0,-4.131000042E0
3.975995669E2,5.470050335E0,9.268050194E0,-5.782950401E0
3.976020106E2,1.780950069E0,9.883950233E0,-3.592050076E0
3.976044542E2,5.830500126E-1,7.642050266E0,3.910500109E-1
3.976068979E2,1.026000023E0,6.721050262E0,2.692050219E0
3.976093416E2,5.647050381E0,7.855950356E0,-1.786950111E0
3.976117851E2,6.811050415E0,8.928000450E0,-6.499050140E0
3.976142288E2,2.032050133E0,9.091050148E0,-6.240000248E0
3.976166724E2,4.500000179E-2,6.891000271E0,-1.192950010E0
3.976191161E2,2.914950132E0,7.528050423E0,5.160000324E-1
3.976215598E2,5.923050404E0,8.647950172E0,-3.324000120E0
3.976240032E2,3.772950172E0,9.318000793E0,-4.849050045E0
3.976264469E2,8.659500480E-1,8.164050102E0,-2.814000130E0
3.976288905E2,1.318050027E0,6.847950459E0,1.264950037E0
3.976313342E2,4.896000385E0,7.176000118E0,3.000000119E-1
3.976337779E2,7.711050510E0,8.148000717E0,-4.462950230E0
3.976362214E2,3.844050169E0,9.450000763E0,-5.923950195E0
3.976386651E2,8.539500237E-1,8.401050568E0,-3.642000198E0
3.976411087E2,1.963050127E0,7.165950298E0,-1.110000089E-1
3.976435524E2,5.214000225E0,8.690999985E0,-1.485000014E0
3.976459958E2,6.730050087E0,9.772950172E0,-4.272000313E0
3.976484395E2,2.179949999E0,9.397050858E0,-4.624050140E0
3.976508832E2,-2.269500047E-1,7.540050507E0,-7.710000277E-1
3.976533269E2,1.263000011E0,7.036950111E0,1.258050084E0
3.976557706E2,6.811050415E0,8.847000122E0,-2.905050039E0
3.976582142E2,7.942950249E0,1.011795044E1,-6.561000347E0
3.976606577E2,2.674050093E0,9.457050323E0,-4.854000092E0
3.976631014E2,1.570500135E-1,7.575000286E0,8.130000234E-1
3.976655450E2,5.740500093E-1,7.987050533E0,2.605950117E0
3.976679887E2,4.536000252E0,9.448050499E0,-2.632050037E0
3.976704322E2,5.788950443E0,8.871000290E0,-5.827950478E0
3.976728759E2,2.793000221E0,7.542000294E0,-4.075950146E0
3.976753196E2,2.143949986E0,6.294000149E0,3.000000119E-1
3.976777632E2,3.313050270E0,7.396050453E0,1.537950039E0
3.976802069E2,5.707050323E0,1.040295029E1,-3.520500064E-1
3.976826506E2,4.869000435E0,1.042500019E1,-2.637000084E0
3.976850940E2,1.953000069E0,9.309000015E0,-2.172000170E0
3.976875377E2,1.522050023E0,7.249950409E0,-9.199500680E-1
3.976899813E2,3.958950281E0,7.551000595E0,-3.601050138E0
3.976924250E2,6.652950287E0,9.265950203E0,-4.983000278E0
3.976948687E2,4.279950142E0,8.977950096E0,-5.040000439E0
3.976973122E2,1.929000139E0,8.368050575E0,-1.777050138E0
3.976997559E2,3.406050205E0,7.828950405E0,3.529500067E-1
3.977021995E2,7.030950546E0,8.956950188E0,-2.431050062E0
3.977046432E2,5.938950062E0,1.074105072E1,-5.835000515E0
3.977070866E2,1.684950113E0,9.928950310E0,-4.420050144E0
3.977095303E2,1.950000064E-3,7.117950439E0,9.199500680E-1
3.977119739E2,1.278000116E0,7.288050175E0,1.708050132E0
3.977144177E2,5.803050041E0,9.289950371E0,-2.280000210E0
3.977168613E2,7.017000198E0,8.908950806E0,-5.644050121E0
3.977193050E2,3.487950087E0,8.626950264E0,-4.297950268E0
3.977217485E2,2.323950052E0,8.338950157E0,-3.259500265E-1
3.977241922E2,3.445050240E0,9.679950714E0,1.945050120E0
3.977266358E2,5.319000244E0,1.151205063E1,-9.130500555E-1
3.977290795E2,4.207950115E0,1.079100037E1,-5.115000248E0
3.977315229E2,2.101050138E0,9.534000397E0,-4.933050156E0
3.977339666E2,1.989000082E0,6.769050121E0,-3.502950191E0
3.977364103E2,4.588950157E0,7.285950184E0,-2.686950207E0
3.977388539E2,6.861000538E0,9.994050026E0,-2.991000175E0
3.977412976E2,5.058000088E0,9.619950294E0,-2.670000076E0
3.977437413E2,1.977000117E0,8.718000412E0,2.760000229E-1
3.977461848E2,2.281050205E0,8.743950844E0,6.090000272E-1
3.977486285E2,6.061950207E0,9.235050201E0,-3.118050098E0
3.977510721E2,6.238950253E0,1.022100067E1,-7.048950195E0
3.977535158E2,3.006000042E0,9.867000580E0,-6.855000496E0
3.977559595E2,7.170000076E-1,7.543950558E0,-1.717050076E0
3.977584029E2,1.261050105E0,6.394950390E0,2.137050152E0
3.977608466E2,5.001000404E0,8.751000404E0,-7.905000448E-2
3.977632902E2,5.985000134E0,8.998050690E0,-3.336000204E0
3.977657339E2,3.211950064E0,8.521050453E0,-4.387050152E0
3.977681774E2,1.837950110E0,7.042050362E0,-2.835000038E0
3.977706211E2,2.745000124E0,7.558950424E0,-6.640500426E-1
3.977730647E2,4.927050114E0,8.344050407E0,-1.201950073E0
3.977755084E2,4.411950111E0,8.788949966E0,-3.381000042E0
3.977779521E2,2.902950048E0,7.738050461E0,-3.453000069E0
3.977803958E2,3.627000093E0,5.728950500E0,-2.992950201E0
3.977828392E2,5.881950378E0,6.484050274E0,-3.031950235E0
3.977852829E2,5.353050232E0,8.629050255E0,-4.246050358E0
3.977877265E2,2.917950153E0,1.010400009E1,-3.493950129E0
3.977901702E2,1.105050087E0,9.131999969E0,-1.071000099E0
3.977926137E2,7.920000553E-1,7.911000252E0,1.698000073E0
3.977950574E2,3.114000082E0,8.542950630E0,3.049500287E-1
3.977975010E2,7.096050262E0,9.490950584E0,-4.534950256E0
3.977999447E2,4.717950344E0,9.760950089E0,-7.435050488E0
3.978023884E2,5.860500336E-1,8.638050079E0,-4.441950321E0
3.978048320E2,-6.130500436E-1,7.551000595E0,1.710000038E0
3.978072755E2,1.029000044E0,1.013505077E1,1.332000017E0
3.978097192E2,6.339000225E0,1.219605064E1,-2.014050007E0
3.978121628E2,6.640950203E0,9.595950127E0,-6.505950451E0
3.978146065E2,2.914950132E0,8.890050888E0,-5.716050148E0
3.978170500E2,1.314000010E0,8.785050392E0,-2.116950035E0
3.978194937E2,2.800950050E0,1.010100079E1,-5.659500360E-1
3.978219374E2,5.164050102E0,1.094895077E1,-2.208000183E0
3.978243810E2,4.564949989E0,9.603000641E0,-3.352050066E0
3.978268247E2,3.604950190E0,7.678050518E0,-3.526950121E0
3.978292682E2,3.784950256E0,6.397050381E0,-2.164950132E0
3.978317118E2,5.554050446E0,8.365950584E0,-3.063000202E0
3.978341555E2,5.341050148E0,9.733050346E0,-3.520050049E0
3.978365992E2,2.884050131E0,9.256050110E0,-2.802000046E0
3.978390426E2,1.327950120E0,7.314000130E0,-1.114050031E0
3.978414865E2,1.915050149E0,6.469050407E0,5.899500251E-1
3.978439300E2,5.218950272E0,8.374950409E0,-1.939950109E0
3.978463737E2,5.953950405E0,8.257950783E0,-4.779000282E0
3.978488173E2,3.330000162E0,7.882050514E0,-5.035950184E0
3.978512610E2,1.114950061E0,6.541050434E0,-1.801050067E0
3.978537045E2,2.938950062E0,7.101000309E0,-6.000000238E-2
3.978561482E2,5.911050320E0,8.734050751E0,-2.524050236E0
3.978585918E2,4.126950264E0,9.586950302E0,-5.062050343E0
3.978610355E2,1.942950130E0,8.017950058E0,-5.287050247E0
3.978634791E2,1.299000025E0,6.024000168E0,-3.295050144E0
3.978659226E2,3.916050196E0,5.667000294E0,-1.744050026E0
3.978683663E2,6.270000458E0,6.445050240E0,-2.980950117E0
3.978708100E2,4.740000248E0,7.140000343E0,-4.324950218E0
3.978732536E2,2.863050222E0,6.289950371E0,-3.549000263E0
3.978756973E2,3.495000124E0,5.622000217E0,-2.056950092E0
3.978781408E2,5.070000172E0,6.193950176E0,-1.423050046E0
3.978805845E2,4.216050148E0,8.394000053E0,-2.376000166E0
3.978830281E2,1.966950059E0,9.037950516E0,-2.944950104E0
3.978854718E2,4.279500246E-1,7.410000324E0,-1.432050109E0
3.978879155E2,7.219500542E-1,5.920950413E0,1.234050035E0
3.978903589E2,2.932050228E0,7.165950298E0,1.215000033E0
3.978928026E2,6.415950298E0,8.446949959E0,-2.340000153E0
3.978952462E2,6.006000519E0,9.546000481E0,-5.067000389E0
3.978976899E2,2.640000105E0,8.454000473E0,-4.047000408E0
3.979001334E2,2.599500120E-1,7.900950432E0,-2.020500153E-1
3.979025771E2,4.090500176E-1,8.911050797E0,6.210000515E-1
3.979050207E2,2.998950243E0,1.143705082E1,-1.849050045E0
3.979074645E2,5.767050266E0,1.056405067E1,-4.321950436E0
3.979099081E2,4.849950314E0,8.131050110E0,-4.273950100E0
3.979123518E2,2.896050215E0,7.726050377E0,-2.625000238E0
3.979147952E2,2.439000130E0,9.261000633E0,-1.110000089E-1
3.979172389E2,4.399950027E0,1.176495075E1,-3.600000218E-2
3.979196826E2,5.484000206E0,1.123905087E1,-2.443050146E0
3.979221263E2,3.409050226E0,1.046805096E1,-3.525000095E0
3.979245697E2,2.953950167E0,8.989950180E0,-3.658950090E0
3.979270134E2,3.445050240E0,9.085950851E0,-3.477000237E0
3.979294571E2,4.797000408E0,1.084800053E1,-2.400000095E0
3.979319008E2,4.186950207E0,1.089195061E1,-2.878050089E0
3.979343444E2,2.731050014E0,9.259050369E0,-2.434950113E0
3.979367881E2,2.535000086E0,8.113950729E0,-1.008000016E0
3.979392316E2,4.741950035E0,8.518950462E0,-1.389000058E0
3.979416753E2,6.796950340E0,9.376049995E0,-3.654000282E0
3.979441189E2,5.451000214E0,9.951000214E0,-5.277000427E0
3.979465626E2,2.800950050E0,9.216000557E0,-3.987000227E0
3.979490063E2,1.789950132E0,8.112000465E0,-8.980500698E-1
3.979514497E2,3.982950211E0,8.722050667E0,-2.639999986E-1
3.979538934E2,5.688000202E0,9.448050499E0,-2.706000090E0
3.979563371E2,3.969000101E0,9.333000183E0,-4.696050167E0
3.979587808E2,2.889000177E0,7.960950375E0,-4.432050228E0
3.979612242E2,2.560950041E0,7.522950172E0,-1.936950088E0
3.979636679E2,3.199950218E0,8.257950783E0,5.089499950E-1
3.979661115E2,5.034000397E0,9.192000389E0,-9.820500612E-1
3.979685552E2,3.607050180E0,9.226950645E0,-3.549000263E0
3.979709989E2,1.857000113E0,8.752950668E0,-4.183050156E0
3.979734426E2,1.929000139E0,6.589050293E0,-3.790950298E0
3.979758861E2,3.243000269E0,7.542000294E0,-1.569000125E0
3.979783298E2,4.884000301E0,8.164050102E0,-1.813050032E0
3.979807734E2,4.965000153E0,7.987050533E0,-3.454950094E0
3.979832171E2,3.303000212E0,7.422000408E0,-3.751950264E0
3.979856606E2,2.209050179E0,6.091050148E0,-2.601000071E0
3.979881042E2,3.366000175E0,7.498950481E0,-1.474950075E0
3.979905479E2,4.873950005E0,8.550000191E0,-1.717050076E0
3.979929916E2,3.496950150E0,8.677050591E0,-2.668050051E0
3.979954353E2,1.576950073E0,8.059050560E0,-3.136950254E0
3.979978789E2,1.062000036E0,6.412050247E0,-1.720050097E0
3.980003224E2,2.809950113E0,7.252050400E0,-9.270000458E-1
3.980027661E2,5.965950489E0,8.559000015E0,-1.638000131E0
3.980052097E2,6.210000515E0,9.844950676E0,-2.911950111E0
3.980076534E2,3.220050097E0,9.544050217E0,-3.369000196E0
3.980100968E2,9.310500622E-1,9.454950333E0,-1.681050062E0
3.980125405E2,2.869500220E-1,9.759000778E0,-4.219500124E-1
3.980149842E2,2.053050041E0,1.062600040E1,-1.195050001E0
3.980174278E2,5.998950481E0,9.607950211E0,-5.509950161E0
3.980198715E2,6.255000114E0,8.173950195E0,-6.628050327E0
3.980223150E2,4.636950016E0,6.441000462E0,-5.898000240E0
3.980247587E2,3.708000183E0,8.088000298E0,-2.725050211E0
3.980272023E2,4.144050121E0,9.673050880E0,-7.279500365E-1
3.980296460E2,4.495950222E0,1.055595016E1,-2.490000129E-1
3.980320897E2,3.877950191E0,9.358950615E0,-1.404000044E0
3.980345331E2,2.808000088E0,8.914050102E0,-2.634000063E0
3.980369768E2,2.923050165E0,8.392050743E0,-3.309000254E0
3.980394205E2,5.259000301E0,8.989950180E0,-4.035000324E0
3.980418642E2,4.708950043E0,8.908950806E0,-4.447050095E0
3.980443078E2,2.022000074E0,8.803950310E0,-2.674950123E0
3.980467513E2,9.900000691E-1,7.789050579E0,1.212000012E0
3.980491950E2,2.154000044E0,8.626950264E0,2.400000095E0
3.980516386E2,5.767050266E0,9.972000122E0,-8.149500489E-1
3.980540823E2,6.466050148E0,1.087500095E1,-5.536050320E0
3.980565260E2,3.552000284E0,1.020900059E1,-6.577950478E0
3.980589697E2,1.255950093E0,9.405000687E0,-3.289950132E0
3.980614132E2,4.830000103E-1,9.019050598E0,-2.449500114E-1
3.980638569E2,2.860050201E0,9.868950844E0,9.000000358E-2
3.980663005E2,6.753000259E0,9.523950577E0,-2.802000046E0
3.980687442E2,6.670050144E0,8.056950569E0,-5.515050411E0
3.980711876E2,5.082000256E0,6.603000164E0,-5.565000057E0
3.980736313E2,4.157999992E0,6.910050392E0,-4.474950314E0
3.980760749E2,4.375950336E0,8.743950844E0,-2.767950058E0
3.980785186E2,4.263000011E0,9.414000511E0,-2.718000174E0
3.980809623E2,3.085050106E0,8.931000710E0,-2.977050066E0
3.980834058E2,1.390050054E0,7.027050495E0,-1.264950037E0
3.980858495E2,9.979500771E-1,6.253950119E0,7.304999977E-2
3.980882931E2,1.969950080E0,7.183050156E0,-1.174050093E0
3.980907368E2,4.668000221E0,6.067050457E0,-4.240950108E0
3.980931802E2,4.584000111E0,5.848950386E0,-6.001050472E0
3.980956239E2,1.780950069E0,5.253000259E0,-4.260000229E0
3.980980676E2,1.093050003E0,5.752950191E0,-6.495000422E-2
3.981005113E2,3.835050106E0,7.183050156E0,1.159950018E0
3.981029549E2,5.307000160E0,8.563950539E0,-7.519500256E-1
3.981053986E2,4.171950340E0,7.956000328E0,-3.376050234E0
3.981078421E2,2.494050026E0,6.496050358E0,-4.030050278E0
3.981102858E2,1.735050082E0,6.838050365E0,-2.152950048E0
3.981127294E2,2.736000061E0,7.674000263E0,-1.119000077E0
3.981151731E2,5.235000134E0,8.125950813E0,-2.922000170E0
3.981176165E2,5.808000088E0,8.449049950E0,-4.791000366E0
3.981200602E2,4.026000023E0,7.834050179E0,-3.787950277E0
3.981225039E2,2.683050156E0,8.161950111E0,-2.221950054E0
3.981249476E2,1.840050101E0,1.001805019E1,-1.504050016E0
3.981273912E2,3.009000063E0,1.162395096E1,-1.308000088E0
3.981298349E2,4.426050186E0,1.130295086E1,-2.146050215E0
3.981322784E2,4.170000076E0,1.035495090E1,-3.214050055E0
3.981347221E2,2.683050156E0,1.005405045E1,-3.670950174E0
3.981371657E2,2.009999990E0,1.096800041E1,-2.839950085E0
3.981396094E2,3.253050089E0,1.146405029E1,-2.151000023E0
3.981420528E2,4.543950081E0,1.140900040E1,-2.124000072E0
3.981444965E2,3.603000164E0,1.012995052E1,-3.004950047E0
3.981469402E2,1.663050056E0,9.120000839E0,-8.700000644E-1
3.981493838E2,2.745000124E0,9.442950249E0,-9.030000567E-1
3.981518275E2,6.094950199E0,1.059900093E1,-3.393000126E0
3.981542710E2,6.864000320E0,1.065705013E1,-5.830950260E0
3.981567147E2,3.990000248E0,9.663000107E0,-5.080950260E0
3.981591584E2,1.840050101E0,9.175050735E0,-1.333950043E0
3.981616020E2,1.120050073E0,8.832000732E0,1.372950077E0
3.981640457E2,3.145050049E0,1.004895020E1,7.260000110E-1
3.981664894E2,5.656950474E0,9.478950500E0,-1.471050024E0
3.981689328E2,5.848050117E0,8.338950157E0,-4.353000164E0
3.981713765E2,3.969000101E0,7.321950436E0,-5.092950344E0
3.981738201E2,2.641950130E0,6.529050350E0,-2.593050241E0
3.981762638E2,2.737950087E0,7.246950150E0,-8.119500279E-1
3.981787073E2,4.500000000E0,8.032950401E0,-1.492050052E0
3.981811510E2,4.270950317E0,7.578000546E0,-3.001050234E0
3.981835947E2,3.030000210E0,7.099050522E0,-3.592050076E0
3.981860383E2,2.809950113E0,6.460050106E0,-2.332950115E0
3.981884820E2,3.160050154E0,8.028000832E0,-1.617000103E0
3.981909257E2,3.424950123E0,9.354000092E0,-2.500050068E0
3.981933691E2,3.306000233E0,9.811950684E0,-3.763950109E0
3.981958128E2,1.915050149E0,8.638050079E0,-4.498950005E0
3.981982564E2,1.033950090E0,7.498950481E0,-2.437950134E0
3.982007001E2,2.749950171E0,7.159050465E0,1.279500127E-1
3.982031436E2,5.398050308E0,7.906050205E0,-8.460000157E-1
3.982055873E2,6.825000286E0,8.035050392E0,-3.657000065E0
3.982080309E2,4.198950291E0,7.531950474E0,-5.887950420E0
3.982104746E2,3.490050077E0,8.104949951E0,-5.292000294E0
3.982129183E2,3.483000278E0,8.470950127E0,-3.196950197E0
3.982153618E2,2.575050116E0,9.223050117E0,-6.640500426E-1
3.982178054E2,2.767050028E0,8.938050270E0,-2.380500138E-1
3.982202491E2,3.588000059E0,8.119050026E0,-1.711950064E0
3.982226928E2,3.648000240E0,7.164000511E0,-4.717050076E0
3.982251364E2,3.628950119E0,7.113000393E0,-5.646000385E0
3.982275799E2,4.327950001E0,8.049000740E0,-3.886050224E0
3.982300236E2,4.108050346E0,8.956950188E0,-1.468050122E0
3.982324673E2,1.860000134E0,8.715000153E0,3.270000219E-1
3.982349109E2,4.969500303E-1,8.080950737E0,1.239000082E0
3.982373546E2,9.310500622E-1,8.148000717E0,1.023000002E0
3.982397981E2,3.186000109E0,8.920950890E0,-1.183050036E0
3.982422418E2,5.856000423E0,7.860000610E0,-4.279050350E0
3.982446854E2,4.749000072E0,8.029950142E0,-5.332950115E0
3.982471291E2,2.080049992E0,8.109000206E0,-2.397000074E0
3.982495728E2,1.042950034E0,9.187050819E0,1.564050078E0
3.982520165E2,1.539000034E0,1.086495018E1,-5.130000114E-1
3.982544599E2,2.868000031E0,1.182105064E1,-1.300500035E-1
3.982569036E2,4.663050175E0,1.176795101E1,4.800000191E-1
3.982593472E2,2.671050072E0,8.842050552E0,-2.965050220E0
3.982617909E2,1.891050100E0,8.434950829E0,-3.003000259E0
3.982642344E2,2.275950193E0,1.055595016E1,-3.088950157E0
3.982666781E2,2.911050081E0,1.065195084E1,-1.819950104E0
3.982691217E2,2.917950153E0,1.024005032E1,-1.939950109E0
3.982715654E2,2.374050140E0,9.529050827E0,-1.648050070E0
3.982740089E2,2.161050081E0,8.725049973E0,-1.485000014E0
3.982764526E2,1.957950115E0,9.429000854E0,-4.120500088E-1
3.982788962E2,3.210000038E0,9.910050392E0,-7.120500207E-1
3.982813399E2,4.656000137E0,9.790050507E0,-2.790000200E0
3.982837836E2,4.444950104E0,9.318000793E0,-4.626000404E0
3.982862272E2,3.411000252E0,8.667000771E0,-3.865050077E0
3.982886707E2,2.535000086E0,8.358000755E0,-2.653050184E0
3.982911144E2,3.040050030E0,8.677050591E0,-1.471050024E0
3.982935580E2,4.231950283E0,8.773050308E0,-1.312950015E0
3.982960017E2,3.595050097E0,8.467950821E0,-2.869050026E0
3.982984454E2,2.575050116E0,7.276050568E0,-3.466950178E0
3.983008889E2,2.353049994E0,7.297950268E0,-1.363050103E0
3.983033326E2,4.576950073E0,7.288050175E0,-1.348050117E0
3.983057762E2,4.351950169E0,7.666050434E0,-2.440050125E0
3.983082199E2,2.632950068E0,7.317000389E0,-4.328999996E0
3.983106636E2,2.013000011E0,7.288050175E0,-4.933050156E0
3.983131070E2,2.212050200E0,6.771000385E0,-3.994050264E0
3.983155507E2,2.403000116E0,7.156050205E0,-1.687950134E0
3.983179944E2,3.078000069E0,7.036950111E0,8.839500546E-1
3.983204380E2,3.970950127E0,7.729050159E0,2.078999996E0
3.983228817E2,3.045000076E0,7.789050579E0,4.009500146E-1
3.983253252E2,2.178000212E0,8.690999985E0,-1.521000028E0
3.983277689E2,1.836000085E0,8.398950577E0,-3.178050041E0
3.983302125E2,1.753950119E0,8.797050476E0,-3.534000158E0
3.983326562E2,1.972050071E0,8.314949989E0,-2.926050186E0
3.983350999E2,1.450050116E0,8.133000374E0,-1.975950122E0
3.983375433E2,1.431000113E0,8.635950089E0,-7.810500264E-1
3.983399870E2,2.158950090E0,8.983050346E0,-2.140500098E-1
3.983424307E2,2.856000185E0,1.007505035E1,-7.669500113E-1
3.983448743E2,3.523950100E0,1.059705067E1,-1.293000102E0
3.983473180E2,4.480950356E0,9.916950226E0,-2.938050032E0
3.983497615E2,3.162000179E0,1.026705074E1,-5.208000183E0
3.983522051E2,9.280500412E-1,1.045800018E1,-1.851000071E0
3.983546488E2,5.860500336E-1,8.284049988E0,1.033050060E0
3.983570924E2,1.230000019E0,8.218950272E0,8.989500403E-1
3.983595361E2,4.690050125E0,8.313000679E0,-2.500050068E0
3.983619796E2,4.504950047E0,8.389050484E0,-5.596050262E0
3.983644233E2,3.270000219E0,8.526000023E0,-4.906050205E0
3.983668669E2,1.986000061E0,8.659950256E0,-1.180950046E0
3.983693106E2,2.152050018E0,8.152050018E0,1.311000109E0
3.983717543E2,2.185050011E0,9.304050446E0,2.449950218E0
3.983741980E2,1.230000019E0,9.417000771E0,1.981050134E0
3.983766415E2,7.609500289E-1,8.479949951E0,-4.410000145E-1
3.983790852E2,2.683050156E0,7.567950249E0,-4.332000256E0
3.983815288E2,3.094950199E0,6.517050266E0,-5.632050037E0
3.983839725E2,2.752950191E0,7.300050259E0,-3.994050264E0
3.983864159E2,4.074000359E0,7.839000225E0,-1.344000101E0
3.983888596E2,5.250000477E0,8.004000664E0,-1.156949997E0
3.983913032E2,5.098950386E0,8.065950394E0,-2.269950151E0
3.983937469E2,3.379950047E0,8.184000015E0,-3.015000105E0
3.983961906E2,3.409050226E0,9.000000000E0,-3.193950176E0
3.983986341E2,2.143949986E0,9.619950294E0,-1.675950050E0
3.984010778E2,1.717950106E0,1.027905083E1,-5.100000501E-1
3.984035215E2,1.705950022E0,9.805050850E0,-9.700500369E-1
3.984059651E2,1.780950069E0,9.283050537E0,-8.770500422E-1
3.984084088E2,1.939050078E0,8.446949959E0,-4.750500321E-1
3.984108522E2,2.227950096E0,8.595000267E0,-8.239500523E-1
3.984132959E2,2.815050125E0,9.666000366E0,-1.894050121E0
3.984157396E2,3.154950142E0,1.005600071E1,-2.179050207E0
3.984181832E2,2.839050055E0,9.769050598E0,-2.236950159E0
3.984206269E2,2.188050032E0,9.819000244E0,-1.849050045E0
3.984230704E2,1.536000013E0,1.001295090E1,-1.831950068E0
3.984255141E2,1.575000048E0,9.832950592E0,-8.220000267E-1
3.984279577E2,2.254950047E0,9.985950470E0,-2.020500153E-1
3.984304014E2,1.981950045E0,9.855000496E0,-4.150500298E-1
3.984328451E2,2.098950148E0,9.148050308E0,-1.249950051E0
3.984352887E2,2.884050131E0,8.751000404E0,-1.353000045E0
3.984377322E2,3.088050127E0,8.883000374E0,-1.384050012E0
3.984401759E2,3.052050114E0,9.289950371E0,-2.088000059E0
3.984426195E2,3.649950266E0,9.381000519E0,-3.111000061E0
3.984450632E2,3.592950106E0,9.766050339E0,-3.697050095E0
3.984475067E2,2.880000114E0,9.940950394E0,-3.466950178E0
3.984499504E2,2.179949999E0,9.946050644E0,-2.182049990E0
3.984523940E2,2.065050125E0,9.843000412E0,-6.540000439E-1
3.984548377E2,2.140050173E0,9.838050842E0,8.700000644E-1
3.984572814E2,2.749950171E0,1.026900005E1,1.369500011E-1
3.984597248E2,3.157050133E0,1.033095074E1,-2.124000072E0
3.984621685E2,2.623050213E0,1.028595066E1,-2.032950163E0
3.984646122E2,2.008050203E0,9.943050385E0,-4.095000029E-2
3.984670559E2,1.299000025E0,9.766050339E0,4.410000145E-1
3.984694995E2,7.750500441E-1,1.004895020E1,-7.279500365E-1
3.984719432E2,1.393050075E0,1.066605091E1,6.330000162E-1
3.984743867E2,5.182950020E0,1.065405083E1,-2.050050020E0
3.984768303E2,5.386050224E0,1.021200085E1,-4.867950439E0
3.984792740E2,3.427950144E0,9.991050720E0,-5.377950191E0
3.984817176E2,1.534050107E0,1.087995052E1,-1.738950133E0
3.984841613E2,1.275000095E0,1.080300045E1,1.744050026E0
3.984866048E2,9.949500561E-1,1.084605026E1,9.870000482E-1
3.984890485E2,1.024049997E0,9.807000160E0,1.291050076E0
3.984914921E2,3.981000185E0,9.523950577E0,7.890000343E-1
3.984939358E2,4.703999996E0,9.223050117E0,-4.582950115E0
3.984963792E2,3.343950272E0,9.442950249E0,-4.593000412E0
3.984988229E2,1.540950060E0,1.041000080E1,-2.269950151E0
3.985012666E2,1.321050048E0,1.022805023E1,-5.460000038E-1
3.985037103E2,2.377050161E0,9.862050056E0,-2.895000204E-2
3.985061539E2,4.678050041E0,9.184050560E0,-1.489950061E0
3.985085976E2,5.773950100E0,9.430950165E0,-3.793050289E0
3.985110411E2,4.122000217E0,9.943050385E0,-4.102050304E0
3.985134848E2,2.410050154E0,1.088895035E1,-2.779950142E0
3.985159285E2,1.687050104E0,1.154805088E1,-1.456050038E0
3.985183721E2,1.788000107E0,1.114800072E1,-1.108950019E0
3.985208158E2,2.202000141E0,1.033395004E1,-5.419500470E-1
3.985232595E2,1.623000026E0,8.662050247E0,-1.780500114E-1
3.985257029E2,1.587000132E0,7.480050564E0,-1.116000056E0
3.985281466E2,2.584950209E0,7.555950165E0,-2.763000250E0
3.985305902E2,3.327000141E0,8.145000458E0,-3.951000214E0
3.985330339E2,3.744000196E0,8.478000641E0,-4.425000191E0
3.985354776E2,3.919050217E0,7.978050232E0,-3.771000147E0
3.985379211E2,3.198000193E0,8.404050827E0,-2.412000179E0
3.985403648E2,1.918950081E0,8.643000603E0,-3.550500274E-1
3.985428084E2,1.893000126E0,8.578950882E0,2.860500216E-1
3.985452521E2,2.230950117E0,7.860000610E0,7.380000353E-1
3.985476958E2,3.661950111E0,6.205950260E0,-9.439500570E-1
3.985501392E2,5.251950264E0,6.115050316E0,-2.629050016E0
3.985525829E2,4.374000072E0,6.385050297E0,-3.871950150E0
3.985550265E2,2.476950169E0,8.023050308E0,-3.094050169E0
3.985574702E2,1.168050051E0,8.233950615E0,-6.520500183E-1
3.985599137E2,1.582050085E0,8.959050179E0,4.750500321E-1
3.985623574E2,2.982000113E0,8.808000565E0,-2.589000225E0
3.985648011E2,3.757950068E0,8.871000290E0,-5.116950035E0
3.985672448E2,2.865000248E0,9.345000267E0,-4.693050385E0
3.985696884E2,1.639050126E0,9.985950470E0,-1.393950105E0
3.985721320E2,1.761000037E0,1.017795086E1,8.629500270E-1
3.985745755E2,2.203950167E0,1.068300056E1,-3.810000122E-1
3.985770192E2,2.358000040E0,1.163895035E1,-6.400500536E-1
3.985794629E2,2.455950022E0,1.138500023E1,8.920500278E-1
3.985819065E2,2.238000154E0,1.032405090E1,9.349500537E-1
3.985843502E2,2.058000088E0,9.414000511E0,-4.189500213E-1
3.985867939E2,2.287950039E0,9.919050217E0,-8.290500641E-1
3.985892373E2,2.542050123E0,1.109505081E1,-1.827000141E0
3.985916810E2,3.097050190E0,1.051095009E1,-3.205950260E0
3.985941247E2,2.209050179E0,1.112100029E1,-4.747950077E0
3.985965683E2,2.370000124E0,1.112100029E1,-2.742000103E0
3.985990120E2,2.836050034E0,1.117395020E1,-1.774950027E0
3.986014555E2,2.644950151E0,1.117395020E1,-1.129500046E-1
3.986038992E2,2.365050077E0,1.042005062E1,9.679500461E-1
3.986063428E2,2.194950104E0,9.493050575E0,1.030050039E0
3.986087865E2,1.990950108E0,9.274950027E0,-6.000000238E-2
3.986112302E2,2.362050056E0,8.944950104E0,-1.957050085E0
3.986136737E2,2.839050055E0,8.908950806E0,-3.312000275E0
3.986161173E2,2.583000183E0,9.024000168E0,-2.560050011E0
3.986185610E2,2.503950119E0,8.773050308E0,-6.469500065E-1
3.986210047E2,2.932050228E0,9.121950150E0,-2.700000070E-2
3.986234483E2,3.409050226E0,8.880000114E0,-8.770500422E-1
3.986258920E2,3.361050129E0,8.703000069E0,-2.818950176E0
3.986283355E2,3.526050091E0,8.266950607E0,-3.778950214E0
3.986307792E2,3.471000195E0,8.023050308E0,-4.273950100E0
3.986332228E2,2.710050106E0,8.974050522E0,-2.791950226E0
3.986356665E2,2.827050209E0,9.237000465E0,-9.870000482E-1
3.986381102E2,3.178950071E0,9.682050705E0,-8.269500136E-1
3.986405536E2,3.445050240E0,9.475950241E0,-1.456050038E0
3.986429973E2,3.088050127E0,9.309000015E0,-2.593050241E0
3.986454409E2,1.860000134E0,8.482950211E0,-2.646000147E0
3.986478846E2,9.979500771E-1,7.438950539E0,-3.450000286E-1
3.986503283E2,4.879500270E-1,7.273950577E0,1.276950002E0
3.986527720E2,1.125000000E0,7.117950439E0,1.342050076E0
3.986552155E2,4.315950394E0,6.702000141E0,-2.158050060E0
3.986576592E2,5.860050201E0,7.261950493E0,-5.500050068E0
3.986601028E2,5.013000011E0,8.332050323E0,-5.956950188E0
3.986625465E2,2.817000151E0,9.199050903E0,-5.080950260E0
3.986649902E2,1.266000032E0,9.088950157E0,-1.954050064E0
3.986674336E2,6.550500393E-1,8.983050346E0,1.642950058E0
3.986698773E2,1.998000145E0,8.193000793E0,2.053050041E0
3.986723209E2,4.594050407E0,7.228050232E0,-1.068000078E0
3.986747646E2,5.353050232E0,6.691950321E0,-4.131000042E0
3.986772081E2,3.816000223E0,7.324050426E0,-5.328000069E0
3.986796518E2,1.362000108E0,7.935000420E0,-4.019999981E0
3.986820955E2,-4.995000362E-2,7.807950497E0,-3.619500101E-1
3.986845391E2,6.430500150E-1,8.097000122E0,2.793000221E0
3.986869828E2,2.704950094E0,7.899000168E0,2.058000088E0
3.986894265E2,6.172050476E0,8.583000183E0,-1.801050067E0
3.986918702E2,5.937000275E0,9.546000481E0,-5.530950069E0
3.986943136E2,3.955050230E0,1.023795033E1,-6.736050129E0
3.986967573E2,2.322000027E0,1.099695015E1,-4.513950348E0
3.986992009E2,1.251000047E0,1.078905010E1,-9.750000238E-1
3.987016446E2,1.809000134E0,1.071405029E1,4.395000264E-2
3.987040883E2,3.406050205E0,1.054905033E1,-2.730000019E-1
3.987065318E2,4.672950268E0,1.005405045E1,-1.966050148E0
3.987089755E2,3.957000256E0,9.565050125E0,-3.316950083E0
3.987114192E2,1.813950062E0,9.381000519E0,-2.425950050E0
3.987138628E2,8.179500103E-1,9.997950554E0,2.209500074E-1
3.987163065E2,5.620500445E-1,1.083600044E1,2.380500138E-1
3.987187502E2,1.488000035E0,1.122705078E1,-3.900000080E-2
3.987211936E2,4.045950413E0,9.868950844E0,-2.574000120E0
3.987236373E2,6.028050423E0,8.690999985E0,-5.445000172E0
3.987260809E2,5.496000290E0,9.108000755E0,-6.268950462E0
3.987285246E2,3.885000229E0,9.523950577E0,-3.867000103E0
3.987309683E2,2.611050129E0,9.354000092E0,-9.270000458E-1
3.987334118E2,2.998950243E0,9.511950493E0,9.990000725E-1
3.987358555E2,4.255949974E0,8.935050011E0,-5.595000088E-2
3.987382991E2,4.864050388E0,8.871000290E0,-2.050050020E0
3.987407428E2,4.407000065E0,8.617050171E0,-3.108000040E0
3.987431865E2,3.603000164E0,8.221950531E0,-3.204000235E0
3.987456299E2,2.689950228E0,8.386950493E0,-2.280000210E0
3.987480736E2,2.350050211E0,8.425050735E0,-1.621050119E0
3.987505173E2,3.382050276E0,8.185950279E0,-2.055000067E0
3.987529609E2,5.370000362E0,7.996950150E0,-3.943950176E0
3.987554046E2,5.734050274E0,7.863000393E0,-6.352950096E0
3.987578483E2,4.038000107E0,8.389050484E0,-6.259050369E0
3.987602918E2,1.924050093E0,8.461050034E0,-3.415050268E0
3.987627355E2,8.800500631E-1,7.434000492E0,-1.819500029E-1
3.987651791E2,1.026000023E0,7.281000137E0,8.820000291E-1
3.987676228E2,3.126000166E0,6.799950123E0,4.080000222E-1
3.987700665E2,5.515950203E0,6.625050545E0,-1.420050025E0
3.987725100E2,5.518050194E0,6.994050503E0,-3.217950106E0
3.987749537E2,3.093000174E0,7.755000591E0,-2.773050070E0
3.987773974E2,3.750000298E-1,8.212050438E0,2.329500169E-1
3.987798410E2,-1.290000081E-1,7.651950359E0,2.955000162E0
3.987822847E2,8.419500589E-1,7.513050556E0,1.609950066E0
3.987847284E2,4.804950237E0,6.952950478E0,1.159500033E-1
3.987871718E2,6.694050312E0,6.084000111E0,-6.019950390E0
3.987896155E2,6.109050274E0,6.960000515E0,-8.473950386E0
3.987920591E2,3.805950165E0,8.998050690E0,-6.136950493E0
3.987945028E2,1.933950067E0,1.044600010E1,-2.409000158E0
3.987969465E2,1.206000090E0,1.079595089E1,1.114050031E0
3.987993900E2,4.780500233E-1,1.140900040E1,1.725000024E0
3.988018337E2,3.439500034E-1,1.041495037E1,3.000000119E-1
3.988042773E2,3.729000092E0,9.249000549E0,-1.240950108E0
3.988067210E2,5.362050056E0,8.140049934E0,-6.259050369E0
3.988091647E2,5.812950134E0,8.899050713E0,-6.831000328E0
3.988116081E2,4.227000237E0,9.757050514E0,-5.485950470E0
3.988140518E2,2.034000158E0,1.046295071E1,-2.311050177E0
3.988164955E2,2.230950117E0,1.040295029E1,-1.630500108E-1
3.988189392E2,3.375000238E0,9.283050537E0,-1.711950064E0
3.988213828E2,5.226000309E0,9.105000496E0,-4.521000385E0
3.988238265E2,4.869000435E0,8.445000648E0,-6.223050117E0
3.988262700E2,4.429050446E0,7.744950294E0,-5.694000244E0
3.988287137E2,3.718050241E0,7.956000328E0,-3.324000120E0
3.988311574E2,3.378000259E0,8.566950798E0,-6.970500350E-1
3.988336010E2,2.548950195E0,9.073950768E0,5.659500360E-1
3.988360447E2,2.425050020E0,9.131999969E0,6.349500418E-1
3.988384884E2,2.530050039E0,8.818050385E0,-8.119500279E-1
3.988409321E2,2.973000050E0,8.272050858E0,-2.649000168E0
3.988433755E2,2.772000074E0,7.128000259E0,-3.786000252E0
3.988458192E2,2.298000097E0,6.151050091E0,-2.947950125E0
3.988482628E2,2.937000036E0,6.025950432E0,-1.207050085E0
3.988507065E2,4.491000175E0,5.992950439E0,-1.126049995E0
3.988531502E2,5.556000233E0,6.358950138E0,-2.227050066E0
3.988555937E2,4.702050209E0,7.116000175E0,-3.898050070E0
3.988580374E2,3.315000057E0,7.678050518E0,-4.779000282E0
3.988604810E2,2.422049999E0,8.269950867E0,-4.549950123E0
3.988629247E2,2.271000147E0,8.350950241E0,-3.511050224E0
3.988653684E2,2.656950235E0,8.203050613E0,-1.261950016E0
3.988678121E2,2.671050072E0,8.452050209E0,-6.709500551E-1
3.988702556E2,3.327000141E0,7.462950230E0,-1.513950109E0
3.988726992E2,4.017000198E0,7.654050350E0,-3.211050034E0
3.988751430E2,3.271950245E0,8.020950317E0,-5.148000240E0
3.988775866E2,2.475000143E0,8.290950775E0,-4.729050159E0
3.988800303E2,2.188050032E0,8.200050354E0,-3.277950048E0
3.988824737E2,2.347950220E0,7.822050571E0,-1.882050037E0
3.988849174E2,3.220050097E0,7.282950401E0,-9.649500251E-1
3.988873610E2,4.632000446E0,7.243050575E0,-2.182049990E0
3.988898047E2,5.643000126E0,7.468050480E0,-4.042050362E0
3.988922484E2,4.729950428E0,7.978050232E0,-5.184000015E0
3.988946919E2,3.712950230E0,8.599950790E0,-4.171050072E0
3.988971356E2,3.841950178E0,9.318000793E0,-1.420050025E0
3.988995792E2,4.399950027E0,9.679950714E0,-5.560500026E-1
3.989020229E2,4.326000214E0,1.039605045E1,-1.192950010E0
3.989044666E2,3.684000254E0,1.039095020E1,-2.392050028E0
3.989069102E2,3.094950199E0,1.047495079E1,-3.223050117E0
3.989093537E2,2.331000090E0,1.055400085E1,-2.910000086E0
3.989117974E2,1.227000117E0,1.035795021E1,-1.459050059E0
3.989142411E2,7.609500289E-1,1.000800037E1,-4.095000029E-2
3.989166847E2,1.201050043E0,9.589050293E0,5.130000114E-1
3.989191284E2,2.893950224E0,1.063095093E1,4.579500258E-1
3.989215719E2,4.282950401E0,1.080795097E1,-1.686000109E0
3.989240156E2,5.014950275E0,9.565050125E0,-4.090050220E0
3.989264592E2,5.676000118E0,9.904950142E0,-5.014050007E0
3.989289030E2,4.471950054E0,1.120800018E1,-3.706950188E0
3.989313466E2,3.009000063E0,1.137000084E1,-2.224950075E0
3.989337903E2,2.520000219E0,1.100595093E1,-1.152000070E0
3.989362337E2,2.470050097E0,1.001805019E1,-1.156949997E0
3.989386774E2,2.451000214E0,8.611950874E0,-2.340000153E0
3.989411211E2,2.707050085E0,7.240050316E0,-3.541950226E0
3.989435647E2,2.889000177E0,5.971050262E0,-3.015000105E0
3.989460084E2,3.069000244E0,6.294000149E0,-2.446950197E0
3.989484521E2,3.412950277E0,6.543000221E0,-2.364000082E0
3.989508956E2,3.672000170E0,6.364050388E0,-1.312950015E0
3.989533392E2,4.311000347E0,6.498000145E0,-1.723950028E0
3.989557829E2,5.038950443E0,7.075050354E0,-2.761050224E0
3.989582266E2,3.931050301E0,7.807950497E0,-3.925050259E0
3.989606702E2,2.748000145E0,7.372050285E0,-3.184950113E0
3.989631137E2,2.371950150E0,6.510000229E0,-3.064950228E0
3.989655574E2,2.736000061E0,5.977950096E0,-2.467050076E0
3.989680011E2,3.921000242E0,6.139050484E0,-1.630500108E-1
3.989704447E2,5.191950321E0,6.181950092E0,2.160000056E-1
3.989728884E2,4.636950016E0,7.578000546E0,-1.437000036E0
3.989753321E2,3.781950235E0,8.587950706E0,-3.052950144E0
3.989777755E2,2.592000008E0,8.851950645E0,-4.237950325E0
3.989802192E2,1.215000033E0,8.847000122E0,-4.179000378E0
3.989826629E2,1.254000068E0,8.281949997E0,-2.866050243E0
3.989851065E2,2.455950022E0,6.903000355E0,-2.019000053E0
3.989875502E2,3.808050156E0,6.163050175E0,-1.590000033E0
3.989899939E2,5.419950485E0,5.149950027E0,-2.826000214E0
3.989924374E2,6.397050381E0,5.052000046E0,-4.118999958E0
3.989948811E2,5.128050327E0,6.639000416E0,-4.345950127E0
3.989973247E2,3.411000252E0,8.557050705E0,-3.858000278E0
3.989997684E2,2.479950190E0,1.016100025E1,-2.577000141E0
3.990022121E2,2.391000032E0,1.083900070E1,7.500000298E-2
3.990046558E2,1.507950068E0,1.124295044E1,1.038000107E0
3.990070992E2,2.202000141E0,1.084800053E1,-2.639999986E-1
3.990095429E2,2.937000036E0,1.035495090E1,-2.755950212E0
3.990119865E2,2.925000191E0,1.095105076E1,-3.031950235E0
3.990144302E2,4.146000385E0,9.904950142E0,-3.858000278E0
3.990168739E2,3.769950151E0,9.972000122E0,-4.063950062E0
3.990193174E2,3.631050110E0,1.059705067E1,-2.458950043E0
3.990217611E2,3.660000086E0,1.052805042E1,-1.645050049E0
3.990242048E2,3.895050287E0,1.027395058E1,-2.695950031E0
3.990266484E2,5.152050018E0,1.005600071E1,-4.075950146E0
3.990290921E2,4.432950020E0,9.295050621E0,-5.613000393E0
3.990315355E2,3.061050177E0,9.955050468E0,-4.999950409E0
3.990339792E2,2.740950108E0,1.005795002E1,-2.111999989E0
3.990364229E2,3.033000231E0,1.009200001E1,7.000500560E-1
3.990388666E2,3.744000196E0,9.702000618E0,1.251000047E0
3.990413102E2,3.997950077E0,1.018005085E1,1.210500076E-1
3.990437539E2,3.729000092E0,1.026405048E1,-1.469999999E-1
3.990461976E2,3.415950060E0,9.192000389E0,-1.071000099E0
3.990486410E2,2.949000120E0,8.822999954E0,-3.429000139E0
3.990510847E2,2.644950151E0,7.506000519E0,-5.701050282E0
3.990535284E2,2.269050121E0,7.293000221E0,-4.546950340E0
3.990559721E2,3.247950077E0,6.855000496E0,-2.713050127E0
3.990584157E2,4.263000011E0,7.051050186E0,-1.308000088E0
3.990608594E2,4.801950455E0,7.225950241E0,-7.930500507E-1
3.990633029E2,4.752000332E0,7.468050480E0,-2.095050097E0
3.990657466E2,3.769950151E0,8.076000214E0,-4.315050125E0
3.990681903E2,2.676000118E0,8.410950661E0,-4.351050377E0
3.990706339E2,1.704000115E0,8.197950363E0,-2.422950029E0
3.990730776E2,1.903050065E0,8.227050781E0,-1.350000054E-1
3.990755210E2,3.442050219E0,7.779000282E0,5.110500455E-1
3.990779647E2,4.564949989E0,7.803000450E0,-1.243050098E0
3.990804084E2,4.645950317E0,7.786050320E0,-3.823950291E0
3.990828520E2,3.940050125E0,8.133000374E0,-4.492050171E0
3.990852958E2,4.024050236E0,8.551950455E0,-4.473000050E0
3.990877392E2,3.591000080E0,9.352050781E0,-3.955950260E0
3.990901831E2,2.902950048E0,9.751950264E0,-3.139050245E0
3.990926266E2,2.338050127E0,9.876000404E0,-1.485000014E0
3.990950703E2,3.319950104E0,9.472050667E0,-1.729050040E0
3.990975139E2,4.041000366E0,8.884950638E0,-2.340000153E0
3.990999576E2,3.270000219E0,9.091050148E0,-3.238050222E0
3.991024013E2,2.440950155E0,8.887950897E0,-3.348000050E0
3.991048448E2,2.334000111E0,8.619000435E0,-2.122050047E0
3.991072885E2,2.674050093E0,8.943000793E0,-2.950500250E-1
3.991097322E2,3.439950228E0,8.811000824E0,-1.129500046E-1
3.991121758E2,4.539000034E0,9.478950500E0,-1.248000026E0
3.991146195E2,5.092050076E0,9.247050285E0,-4.120950222E0
3.991170632E2,4.066950321E0,9.642000198E0,-5.782950401E0
3.991195066E2,3.211950064E0,9.481050491E0,-5.719950199E0
3.991219503E2,2.809950113E0,8.614950180E0,-3.472050190E0
3.991243939E2,3.021000147E0,8.401050568E0,5.400000140E-2
3.991268376E2,3.967050076E0,8.418000221E0,2.185050011E0
3.991292813E2,4.966950417E0,8.023050308E0,7.650000453E-1
3.991317250E2,5.014950275E0,8.863950729E0,-1.617000103E0
3.991341685E2,4.237050056E0,9.541050911E0,-3.409950256E0
3.991366122E2,2.805000067E0,1.021905041E1,-3.847950220E0
3.991390558E2,1.951050043E0,1.072905064E1,-2.866050243E0
3.991414995E2,1.567050099E0,1.099695015E1,-1.080000043E0
3.991439432E2,2.118000031E0,1.125795078E1,1.729500145E-1
3.991463866E2,3.751050234E0,1.098495007E1,-9.409500360E-1
3.991488303E2,6.001950264E0,1.076700020E1,-3.703950167E0
3.991512740E2,5.938950062E0,1.062600040E1,-5.413950443E0
3.991537176E2,3.982950211E0,1.132005024E1,-3.871950150E0
3.991561613E2,2.812050104E0,1.258200073E1,-1.072950006E0
3.991586048E2,2.688000202E0,1.337895107E1,7.740000486E-1
3.991610487E2,3.496950150E0,1.295805073E1,6.949500442E-1
3.991634922E2,4.122000217E0,1.212495041E1,-1.867950082E0
3.991659359E2,3.895050287E0,1.116000080E1,-4.348950386E0
3.991683795E2,4.681950092E0,1.102995014E1,-6.247050285E0
3.991708232E2,5.074950218E0,1.128195095E1,-5.518950462E0
3.991732669E2,3.559050083E0,1.199505043E1,-1.486950040E0
3.991757103E2,3.064050198E0,1.296300030E1,1.926000118E0
3.991781540E2,3.853950262E0,1.381995106E1,1.102050066E0
3.991805977E2,6.223950386E0,1.386300087E1,-4.870500267E-1
3.991830414E2,4.564949989E0,1.322805023E1,-4.722000122E0
3.991854850E2,2.982000113E0,1.376700020E1,-1.801050067E0
3.991879287E2,2.575050116E0,1.249605083E1,-7.000500560E-1
3.991903724E2,2.560950041E0,1.214400101E1,9.610500336E-1
3.991928159E2,2.812050104E0,1.180095100E1,6.400500536E-1
3.991952596E2,2.554050207E0,1.130805016E1,-1.780500114E-1
3.991977032E2,2.020050049E0,1.160295010E1,5.490000248E-1
3.992001469E2,1.765950084E0,1.233000088E1,-2.659500241E-1
3.992025906E2,2.472000122E0,1.329105091E1,2.505000122E-2
3.992050340E2,3.133050203E0,1.420500088E1,2.639999986E-1
3.992074777E2,3.564000130E0,1.439400101E1,6.760500073E-1
3.992099214E2,4.977000237E0,1.240905094E1,-2.875950098E0
3.992123650E2,4.180050373E0,1.289595032E1,-6.022050381E0
3.992148087E2,2.962950230E0,1.268505096E1,-5.569950104E0
3.992172524E2,2.470050097E0,1.118805027E1,-3.001050234E0
3.992196959E2,3.673950195E0,9.988950729E0,-1.957050085E0
3.992221396E2,4.504950047E0,1.017105007E1,-1.413000107E0
3.992245832E2,5.014950275E0,1.081995010E1,-7.999500632E-1
3.992270269E2,5.038950443E0,1.126005077E1,-1.237950087E0
3.992294706E2,4.342050076E0,1.229205036E1,-1.942050099E0
3.992319143E2,3.310050249E0,1.228995037E1,-1.665000081E0
3.992343577E2,2.719050169E0,1.201395035E1,-1.240950108E0
3.992368014E2,2.997000217E0,1.139400101E1,-2.332950115E0
3.992392451E2,3.058950186E0,1.069800091E1,-3.712050200E0
3.992416887E2,3.718050241E0,1.017600060E1,-5.293950081E0
3.992441324E2,4.065000057E0,1.008900070E1,-4.806000233E0
3.992465759E2,3.718050241E0,1.099005032E1,-3.295050144E0
3.992490198E2,3.151950121E0,1.166700077E1,-1.891950130E0
3.992514633E2,2.472000122E0,1.195200062E1,-1.296000004E0
3.992539070E2,2.520000219E0,1.201005077E1,-2.254050016E0
3.992563506E2,2.827050209E0,1.106595039E1,-3.520050049E0
3.992587943E2,2.698050022E0,9.330000877E0,-3.843000174E0
3.992612380E2,2.110949993E0,7.633050442E0,-3.022050142E0
3.992636814E2,1.993950129E0,6.646050453E0,-1.396050096E0
3.992661251E2,3.157050133E0,6.598950386E0,-4.840500355E-1
3.992685688E2,5.094000340E0,6.007050514E0,-1.213950038E0
3.992710124E2,6.718050480E0,6.369000435E0,-3.582000256E0
3.992734561E2,6.757950306E0,7.413000584E0,-6.156000137E0
3.992758998E2,5.773950100E0,7.621050358E0,-6.718950272E0
3.992783435E2,3.412950277E0,8.509050369E0,-5.917050362E0
3.992807870E2,1.534050107E0,8.137949944E0,-3.925050259E0
3.992832307E2,5.980500579E-1,8.088000298E0,-1.341000080E0
3.992856743E2,1.903050065E0,7.285950184E0,-1.087050080E0
3.992881180E2,4.654050350E0,6.376050472E0,-2.959950209E0
3.992905616E2,5.137050152E0,5.788950443E0,-3.943950176E0
3.992930051E2,4.052999973E0,5.856000423E0,-4.075950146E0
3.992954488E2,4.527000427E0,6.430950165E0,-2.935950041E0
3.992978925E2,4.072050095E0,6.924000263E0,-3.430950165E0
3.993003361E2,2.980050087E0,7.234950542E0,-2.494950056E0
3.993027798E2,3.250950098E0,6.226950169E0,-2.038050175E0
3.993052235E2,4.876049995E0,6.823950291E0,-1.581000090E0
3.993076669E2,6.568950176E0,6.442950249E0,-3.429000139E0
3.993101106E2,5.416950226E0,7.365000248E0,-4.960950375E0
3.993125543E2,3.729000092E0,7.798050404E0,-4.909050465E0
3.993149980E2,3.042000055E0,8.509050369E0,-2.694000244E0
3.993174416E2,2.560950041E0,8.800950050E0,-1.054050088E0
3.993198853E2,2.487000227E0,8.430000305E0,-7.039500475E-1
3.993223290E2,1.716000080E0,8.221950531E0,-1.213950038E0
3.993247725E2,2.106000185E0,7.542000294E0,-2.206050158E0
3.993272162E2,2.947050095E0,6.313950062E0,-2.577000141E0
3.993296599E2,2.571000099E0,5.590950489E0,-2.778000116E0
3.993321035E2,2.213999987E0,5.089950085E0,-6.490500569E-1
3.993345472E2,3.133050203E0,5.160000324E0,-2.350500077E-1
3.993369906E2,4.692000389E0,4.480050087E0,-1.573950052E0
3.993394345E2,5.239950180E0,5.386950493E0,-2.434950113E0
3.993418780E2,5.062950134E0,5.715000153E0,-3.685050249E0
3.993443217E2,3.871050119E0,7.129950523E0,-3.961050272E0
3.993467653E2,2.367000103E0,8.302950859E0,-3.487050056E0
3.993492090E2,1.234950066E0,7.978050232E0,-2.449950218E0
3.993516527E2,1.132050037E0,7.425000191E0,-4.840500355E-1
3.993540962E2,2.293050051E0,6.972000122E0,9.900000691E-2
3.993565399E2,4.120050430E0,6.151050091E0,-1.425000072E0
3.993589835E2,3.217050076E0,5.811000347E0,-3.052950144E0
3.993614272E2,2.853000164E0,6.072000504E0,-2.160000086E0
3.993638709E2,3.556950092E0,7.036950111E0,-1.353000045E0
3.993663145E2,3.588000059E0,7.597050190E0,-3.228000164E0
3.993687582E2,2.158950090E0,7.738050461E0,-4.324950218E0
3.993712017E2,9.829500318E-1,7.774050236E0,-2.617050171E0
3.993736454E2,2.223000050E0,7.228050232E0,-1.297950029E0
3.993760891E2,3.658050060E0,6.310950279E0,-1.509000063E0
3.993785327E2,4.885950089E0,6.462000370E0,-2.758950233E0
3.993809764E2,5.038950443E0,6.939000130E0,-3.333000183E0
3.993834199E2,5.145000458E0,7.330950260E0,-4.411050320E0
3.993858636E2,3.673950195E0,8.320050240E0,-4.425000191E0
3.993883072E2,2.190000057E0,9.079050064E0,-2.919000149E0
3.993907509E2,1.608000040E0,8.650050163E0,-1.416000009E0
3.993931946E2,1.813950062E0,7.615950584E0,-4.720500112E-1
3.993956382E2,1.668000102E0,6.022050381E0,-8.700000495E-2
3.993980817E2,2.065050125E0,4.468050003E0,-1.699500084E-1
3.994005254E2,2.686050177E0,3.586950064E0,-9.630000591E-1
3.994029691E2,3.643050194E0,3.583950281E0,-1.863000035E0
3.994054128E2,5.167950153E0,4.219050407E0,-2.242050171E0
3.994078564E2,5.319000244E0,5.518950462E0,-3.295050144E0
3.994103001E2,4.519950390E0,6.876000404E0,-4.588050365E0
3.994127438E2,2.595000029E0,8.548050880E0,-5.050050259E0
3.994151872E2,9.499500394E-1,8.301000595E0,-4.684050083E0
3.994176309E2,5.700000376E-2,7.615950584E0,-3.265950203E0
3.994200746E2,1.510050058E0,6.607950211E0,-2.491050005E0
3.994225182E2,3.724950075E0,5.385000229E0,-3.190050125E0
3.994249619E2,4.345050335E0,4.711950302E0,-2.208000183E0
3.994274056E2,5.965950489E0,3.369000196E0,-4.750500321E-1
3.994298493E2,6.516000271E0,4.389000416E0,-1.897050142E0
3.994322928E2,4.361999989E0,5.629050255E0,-2.905050039E0
3.994347365E2,1.563000083E0,5.788950443E0,-3.124950171E0
3.994371801E2,1.801950097E0,5.557050228E0,-3.147000074E0
3.994396238E2,4.900050163E0,5.598000050E0,-3.003000259E0
3.994420674E2,5.506050110E0,5.344050407E0,-5.506950378E0
3.994445111E2,5.128050327E0,6.304050446E0,-4.641000271E0
3.994469546E2,4.171950340E0,6.402000427E0,-4.267050266E0
3.994493983E2,4.182000160E0,6.313950062E0,-4.072950363E0
3.994518419E2,4.548000336E0,6.085950375E0,-2.986050129E0
3.994542856E2,3.220050097E0,6.595950127E0,-1.866000056E0
3.994567293E2,1.753950119E0,6.505050182E0,-9.630000591E-1
3.994591727E2,7.849500179E-1,4.791000366E0,-1.030500084E-1
3.994616167E2,5.359500051E-1,3.498000145E0,2.809050083E0
3.994640601E2,1.792950034E0,3.369000196E0,1.897050142E0
3.994665038E2,5.008050442E0,3.205950260E0,-1.939950109E0
3.994689474E2,5.772000313E0,3.712950230E0,-3.007950068E0
3.994713911E2,5.805000305E0,5.229000092E0,-3.790950298E0
3.994738348E2,5.415000439E0,6.532050133E0,-4.681050301E0
3.994762783E2,4.038000107E0,7.117950439E0,-5.299050331E0
3.994787220E2,2.913000107E0,7.561050415E0,-5.823000431E0
3.994811657E2,2.595000029E0,7.330950260E0,-4.159049988E0
3.994836093E2,3.355950117E0,5.992950439E0,-4.006050110E0
3.994860530E2,4.480950356E0,3.523950100E0,-4.557000160E0
3.994884967E2,5.422050476E0,2.446950197E0,-4.570950031E0
3.994909401E2,5.515950203E0,2.782050133E0,-3.511050224E0
3.994933838E2,4.623000145E0,3.682050228E0,-2.284950018E0
3.994958275E2,1.857000113E0,4.156050205E0,-1.249950051E0
3.994982711E2,1.495950103E0,4.858050346E0,1.110000089E-1
3.995007148E2,5.092050076E0,5.533050060E0,1.129500046E-1
3.995031585E2,6.519000530E0,6.888000488E0,-5.100000381E0
3.995056022E2,4.132050037E0,8.569050789E0,-7.516050339E0
3.995080457E2,2.994000196E0,8.125950813E0,-8.373000145E0
3.995104894E2,3.825000286E0,7.870050430E0,-8.209950447E0
3.995129330E2,4.435950279E0,7.042050362E0,-5.833050251E0
3.995153767E2,3.724950075E0,6.429000378E0,-3.115050077E0
3.995178204E2,2.832000017E0,5.260050297E0,-9.169500470E-1
3.995202638E2,1.636950135E0,3.579000235E0,9.730500579E-1
3.995227077E2,1.309050083E0,2.610000134E0,3.360000134E0
3.995251512E2,3.607050180E0,3.282000065E0,4.339500070E-1
3.995275949E2,4.930950165E0,4.353000164E0,-2.650950193E0
3.995300386E2,4.242000103E0,6.771000385E0,-4.375050068E0
3.995324822E2,3.745950222E0,7.507950306E0,-6.256950378E0
3.995349259E2,3.057000160E0,8.842050552E0,-6.046050072E0
3.995373694E2,1.396950126E0,9.238950729E0,-5.268000126E0
3.995398130E2,1.384950042E0,8.955000877E0,-3.570000172E0
3.995422567E2,3.061050177E0,7.947000504E0,-3.439050198E0
3.995447004E2,4.084050179E0,6.055050373E0,-4.258049965E0
3.995471440E2,5.512950420E0,4.429050446E0,-5.266050339E0
3.995495877E2,6.484950542E0,3.892950296E0,-6.019950390E0
3.995520312E2,5.350050449E0,4.647000313E0,-6.409950256E0
3.995544749E2,2.271000147E0,4.951050282E0,-3.742950201E0
3.995569186E2,1.567050099E0,5.880000114E0,9.199500680E-1
3.995593622E2,4.186950207E0,6.517050266E0,8.410500288E-1
3.995618059E2,7.266000271E0,7.827000141E0,-3.052950144E0
3.995642496E2,6.448950291E0,8.518950462E0,-7.392000198E0
3.995666933E2,4.636950016E0,9.334950447E0,-9.709050179E0
3.995691368E2,4.014000416E0,9.733050346E0,-8.740050316E0
3.995715804E2,4.849950314E0,9.655950546E0,-6.256950378E0
3.995740241E2,4.361999989E0,8.842050552E0,-4.339050293E0
3.995764678E2,2.299950123E0,7.507950306E0,-2.656050205E0
3.995789115E2,2.242950201E0,4.779000282E0,-7.909500599E-1
3.995813551E2,2.616000175E0,3.028950214E0,4.870500267E-1
3.995837988E2,4.678050041E0,3.117000103E0,2.910000086E-1
3.995862423E2,5.371950150E0,4.812000275E0,-6.589500308E-1
3.995886860E2,5.038950443E0,6.838050365E0,-1.530000091E0
3.995911297E2,4.921950340E0,8.131050110E0,-3.235050201E0
3.995935733E2,3.670050144E0,9.964950562E0,-4.762950420E0
3.995960170E2,1.687050104E0,1.126500034E1,-4.789050102E0
3.995984607E2,1.350000024E0,1.059495068E1,-4.987950325E0
3.996009042E2,2.578050137E0,9.333000183E0,-4.393949986E0
3.996033478E2,3.865950108E0,7.537050247E0,-4.581000328E0
3.996057915E2,5.791050434E0,6.037950516E0,-4.897050381E0
3.996082352E2,7.237050533E0,5.107050419E0,-5.308950424E0
3.996106788E2,5.203950405E0,5.518950462E0,-4.468050003E0
3.996131225E2,3.564000130E0,6.022050381E0,-1.504050016E0
3.996155660E2,5.190000057E0,6.097950459E0,-8.670000434E-1
3.996180097E2,7.243950367E0,7.563000202E0,-3.205950260E0
3.996204534E2,6.481050491E0,9.526950836E0,-7.489950180E0
3.996228971E2,5.439000130E0,9.381000519E0,-9.814950943E0
3.996253407E2,5.202000141E0,9.735000610E0,-1.016400051E1
3.996277844E2,4.333050251E0,9.808950424E0,-8.566950798E0
3.996302281E2,3.982950211E0,9.603000641E0,-6.204000473E0
3.996326715E2,1.905000091E0,8.818050385E0,-3.748050213E0
3.996351152E2,6.289500594E-1,6.201000214E0,4.650000334E-1
3.996375589E2,1.600950122E0,3.958050251E0,2.766000032E0
3.996400025E2,4.821000099E0,2.161950111E0,2.308950186E0
3.996424462E2,6.562050343E0,2.382000208E0,-1.216950059E0
3.996448899E2,5.583000183E0,3.594000101E0,-3.625050068E0
3.996473334E2,4.548000336E0,5.263050079E0,-4.024950027E0
3.996497771E2,3.729000092E0,6.574950218E0,-3.733050108E0
3.996522208E2,2.812050104E0,8.017950058E0,-1.213950038E0
3.996546645E2,2.961000204E0,8.767950058E0,-1.813050032E0
3.996571081E2,3.796950102E0,7.786050320E0,-4.188000202E0
3.996595518E2,4.716000080E0,6.862050533E0,-6.135000229E0
3.996619955E2,5.547000408E0,4.285950184E0,-7.963950157E0
3.996644389E2,5.836050510E0,2.111999989E0,-8.146050453E0
3.996668826E2,4.050000191E0,2.161950111E0,-6.556050301E0
3.996693263E2,2.580000162E0,3.247050047E0,-2.377950191E0
3.996717699E2,4.989000320E0,4.398000240E0,-8.599500656E-1
3.996742136E2,6.607050419E0,5.503950119E0,-2.548050165E0
3.996766571E2,5.892000198E0,7.437000275E0,-3.882000208E0
3.996791008E2,3.961950302E0,8.348999977E0,-6.019950390E0
3.996815445E2,4.335000038E0,8.899050713E0,-8.380050659E0
3.996839882E2,3.562050104E0,9.340050697E0,-9.295050621E0
3.996864318E2,2.331000090E0,8.181000710E0,-7.485000134E0
3.996888755E2,1.672950029E0,6.345000267E0,-6.100950241E0
3.996913192E2,9.040500522E-1,3.748950243E0,-1.594950080E0
3.996937629E2,2.836050034E0,2.770050049E0,3.231000185E0
3.996962063E2,5.233050346E0,2.253000021E0,1.600050092E0
3.996986500E2,6.753000259E0,2.815950155E0,-1.564050078E0
3.997010937E2,5.391000271E0,4.462950230E0,-3.891000271E0
3.997035373E2,3.523950100E0,6.139050484E0,-4.794000149E0
3.997059810E2,2.602050066E0,7.396050453E0,-5.026050091E0
3.997084245E2,2.034000158E0,8.449049950E0,-4.143000126E0
3.997108684E2,2.262000084E0,8.890050888E0,-3.391050100E0
3.997133119E2,4.227000237E0,8.128950119E0,-4.641000271E0
3.997157556E2,5.901000500E0,6.948000431E0,-4.312950134E0
3.997181993E2,7.405050278E0,6.223050117E0,-4.614000320E0
3.997206429E2,5.986950397E0,4.863000393E0,-5.388000488E0
3.997230866E2,2.932050228E0,4.561050415E0,-2.773050070E0
3.997255300E2,2.362050056E0,5.626050472E0,-6.880500317E-1
3.997279737E2,5.808000088E0,5.506950378E0,-1.650000095E0
3.997304174E2,7.723050594E0,6.091050148E0,-5.506950378E0
3.997328611E2,3.946950197E0,7.477050304E0,-7.597950459E0
3.997353047E2,2.523000002E0,7.255050182E0,-6.666000366E0
3.997377484E2,3.511950254E0,7.695000172E0,-5.340000153E0
3.997401919E2,3.325050116E0,8.047050476E0,-4.732050419E0
3.997426356E2,1.227000117E0,7.839000225E0,-3.558000088E0
3.997450793E2,-5.359500051E-1,6.316050529E0,-1.401000023E0
3.997475229E2,-1.792950034E0,3.739950180E0,1.473000050E0
3.997499666E2,-5.890500546E-1,2.272050142E0,2.806950092E0
3.997524103E2,4.168050289E0,1.807950139E0,-5.440500379E-1
3.997548540E2,6.829950333E0,2.847000122E0,-3.865050077E0
3.997572976E2,5.911050320E0,4.855950356E0,-4.861050129E0
3.997597411E2,3.499950171E0,5.169000149E0,-4.839000225E0
3.997621848E2,2.134950161E0,6.487950325E0,-2.641050100E0
3.997646284E2,2.401050091E0,7.815000534E0,-1.408050060E0
3.997670721E2,3.763050079E0,7.732950211E0,-2.458950043E0
3.997695158E2,5.355000019E0,6.939000130E0,-3.726000071E0
3.997719595E2,6.981000423E0,6.570000172E0,-4.782000065E0
3.997744030E2,7.654050350E0,5.550000191E0,-7.144950390E0
3.997768466E2,5.452950478E0,5.590950489E0,-7.036950111E0
3.997792903E2,5.590050220E0,7.645050526E0,-5.725050449E0
3.997817340E2,9.022950172E0,9.562950134E0,-5.067000389E0
3.997841776E2,9.198000908E0,1.171995068E1,-4.972950459E0
3.997866213E2,6.286950111E0,1.331895065E1,-6.190050125E0
3.997890648E2,4.393050194E0,1.368600082E1,-6.502950191E0
3.997915085E2,4.204050064E0,1.486095047E1,-7.851000309E0
3.997939522E2,5.038950443E0,1.432005024E1,-1.029105091E1
3.997963958E2,2.623050213E0,1.326405048E1,-1.022400093E1
3.997988395E2,-1.200000010E-2,1.010895061E1,-5.658000469E0
3.998012832E2,-3.780000210E-1,8.818050385E0,5.130000114E-1
3.998037269E2,1.048050046E0,9.274950027E0,1.864050031E0
3.998061706E2,4.741950035E0,1.041495037E1,5.659500360E-1
3.998086140E2,6.042000294E0,9.706050873E0,-5.700000525E-1
3.998110577E2,6.543000221E0,8.646000862E0,-2.272950172E0
3.998135014E2,5.665950298E0,1.048905087E1,-2.686950207E0
3.998159450E2,3.366000175E0,1.224000072E1,-1.288950086E0
3.998183887E2,2.590050220E0,1.187805080E1,1.105050087E0
3.998208324E2,2.508000135E0,1.148505020E1,-9.105000645E-2
3.998232759E2,2.317050219E0,1.170795059E1,3.360000253E-1
3.998257196E2,2.965950251E0,1.165800095E1,1.255950093E0
3.998281632E2,2.257050037E0,9.457050323E0,-1.351050019E0
3.998306069E2,2.200050116E0,9.460050583E0,-1.513950109E0
3.998330506E2,2.937000036E0,1.228995037E1,6.019500494E-1
3.998354940E2,4.048050404E0,1.520595074E1,1.300500035E-1
3.998379380E2,4.632000446E0,1.636005020E1,4.440000355E-1
3.998403814E2,5.164050102E0,1.602495003E1,-1.119000077E0
3.998428251E2,4.972050190E0,1.677195168E1,-3.403050184E0
3.998452688E2,5.869950294E0,1.947300148E1,-5.011950016E0
3.998477124E2,5.116050243E0,1.978200150E1,-5.467050076E0
3.998501561E2,2.458050013E0,1.742805099E1,-3.190050125E0
3.998525996E2,1.125000000E0,1.494495106E1,3.900000080E-2
3.998550433E2,5.310000181E-1,1.411905098E1,1.912050128E0
3.998574869E2,7.030500174E-1,1.606605148E1,-6.610500216E-1
3.998599306E2,1.125000000E0,1.376700020E1,1.794000030E0
3.998623743E2,1.564950109E0,1.342005062E1,-3.762000084E0
3.998648180E2,2.662050009E0,1.531095028E1,-3.871950150E0
3.998672617E2,3.076050043E0,1.661595154E1,-2.827950239E0
3.998697054E2,3.222000122E0,1.720995140E1,-1.071000099E0
3.998721488E2,3.157050133E0,1.721505165E1,-2.280000150E-1
3.998745925E2,4.012050152E0,1.663800049E1,-4.030500054E-1
3.998770362E2,6.937950134E0,1.563195038E1,-2.007000208E0
3.998794798E2,7.342050552E0,1.340295029E1,-4.878000259E0
3.998819235E2,4.266000271E0,1.168200016E1,-4.228950024E0
3.998843669E2,2.997000217E0,1.218405056E1,-2.490000129E-1
3.998868106E2,4.855050087E0,1.306095028E1,1.710000038E-1
3.998892543E2,6.792000294E0,1.426005077E1,-3.642000198E0
3.998916979E2,4.347000122E0,1.554600048E1,-6.156000137E0
3.998941416E2,2.917950153E0,1.426500034E1,-5.811000347E0
3.998965853E2,3.709950209E0,1.444695091E1,-5.944950104E0
3.998990288E2,5.602050304E0,1.448100090E1,-6.010050297E0
3.999014725E2,5.041950226E0,1.373400021E1,-5.625000477E0
3.999039162E2,2.511000156E0,1.150395012E1,-2.862000227E0
3.999063599E2,1.848000050E0,1.028805065E1,9.010500312E-1
3.999088036E2,2.982000113E0,1.125795078E1,1.768050075E0
3.999112472E2,3.342000246E0,1.104195023E1,9.970500469E-1
3.999136909E2,3.727050066E0,1.114800072E1,-1.087050080E0
3.999161346E2,2.764950037E0,1.144905090E1,-3.285000086E0
3.999185780E2,1.927050114E0,1.133700085E1,-3.987000227E0
3.999210217E2,1.716000080E0,1.106595039E1,-3.082050085E0
3.999234653E2,2.110949993E0,1.122195053E1,-2.512050152E0
3.999259091E2,3.325050116E0,1.064295006E1,-1.588050127E0
3.999283527E2,5.571000099E0,9.133950233E0,-1.858050108E0
3.999307964E2,7.149000168E0,7.699950218E0,-4.312950134E0
3.999332401E2,5.226000309E0,5.683950424E0,-6.241950512E0
3.999356836E2,3.889950275E0,4.369050026E0,-3.621000290E0
3.999381273E2,5.992050171E0,6.141000271E0,-9.319500327E-1
3.999405710E2,7.864050388E0,6.675000191E0,-2.421000004E0
3.999430146E2,6.952050209E0,7.225950241E0,-2.196000099E0
3.999454583E2,4.374000072E0,8.866050720E0,6.599999964E-2
3.999479020E2,4.156050205E0,9.782999992E0,1.023000002E0
3.999503454E2,4.966950417E0,1.129095078E1,-1.042050004E0
3.999527891E2,3.937950134E0,1.113795090E1,-3.582000256E0
3.999552328E2,1.624950051E0,9.390000343E0,-4.030050278E0
3.999576764E2,1.999500096E-1,7.314000130E0,-1.450950027E0
3.999601201E2,1.018950105E0,6.778050423E0,-7.639500499E-1
3.999625636E2,3.603000164E0,6.927000523E0,-2.734950066E0
3.999650075E2,5.689950466E0,6.417000294E0,-3.118050098E0
3.999674510E2,4.267950058E0,6.265950203E0,-4.000950336E0
3.999698947E2,2.365050077E0,7.330950260E0,-3.118050098E0
3.999723384E2,2.323950052E0,6.787950516E0,2.070000172E-1
3.999747820E2,4.255949974E0,6.469050407E0,2.635050058E0
3.999772257E2,5.116050243E0,5.847000122E0,4.650000334E-1
3.999796694E2,7.311000347E0,6.208050251E0,-2.172000170E0
3.999821128E2,7.093050480E0,4.554000378E0,-5.440050125E0
3.999845565E2,2.542050123E0,4.815000057E0,-6.682950497E0
3.999870002E2,5.119500160E-1,5.512050152E0,-1.554000020E0
3.999894439E2,2.395950079E0,7.282950401E0,1.708050132E0
3.999918875E2,3.907050133E0,8.445000648E0,1.596000075E0
3.999943312E2,3.172050238E0,7.777050495E0,1.485000014E0
3.999967749E2,2.674050093E0,7.683000565E0,7.860000134E-1
3.999992183E2,2.875050068E0,9.357000351E0,-1.791000128E0
4.000016620E2,4.371000290E0,1.079595089E1,-5.740050316E0
4.000041057E2,3.415950060E0,9.855000496E0,-7.969050407E0
4.000065493E2,6.000000052E-3,7.510950565E0,-3.646950245E0
4.000089930E2,-1.319999993E-1,4.966050148E0,1.834950089E0
4.000114367E2,2.479500175E-1,7.204050541E0,1.167000055E0
4.000138802E2,1.222950101E0,7.386000156E0,6.330000162E-1
4.000163239E2,2.032050133E0,5.602950096E0,1.132950068E0
4.000187675E2,2.467950106E0,5.883000374E0,1.663050056E0
4.000212112E2,4.407000065E0,5.935050488E0,-1.165950060E0
4.000236549E2,5.202000141E0,7.420050144E0,-3.096000195E0
4.000260986E2,4.624950409E0,9.060000420E0,-5.956950188E0
4.000285423E2,2.329050064E0,8.883000374E0,-6.160950184E0
4.000309857E2,2.415000200E0,8.209950447E0,-3.706950188E0
4.000334294E2,3.034950256E0,5.998050213E0,-2.562000036E0
4.000358731E2,3.354000092E0,3.639000177E0,-2.292000055E0
4.000383167E2,4.411950111E0,3.618000269E0,-1.504050016E0
4.000407604E2,6.232050419E0,4.377000332E0,-7.639500499E-1
4.000432041E2,6.615000248E0,4.336050034E0,-2.203050137E0
4.000456476E2,5.152050018E0,4.627950191E0,-2.637000084E0
4.000480913E2,4.042950153E0,6.466950417E0,-1.111050010E0
4.000505350E2,4.165050030E0,7.341000557E0,-4.699500203E-1
4.000529786E2,3.844050169E0,8.506950378E0,-1.897050142E0
4.000554222E2,2.319000006E0,8.605050087E0,-7.950000465E-3
4.000578659E2,4.500000179E-2,6.156000137E0,1.690500081E-1
4.000603096E2,-1.222950101E0,4.839000225E0,1.098000050E0
4.000627531E2,9.499500394E-1,4.711950302E0,-1.345950007E0
4.000651968E2,5.302950382E0,3.939000130E0,-4.854000092E0
4.000676405E2,6.709950447E0,4.378950119E0,-5.182050228E0
4.000700841E2,3.928050280E0,5.073000431E0,-3.858000278E0
4.000725278E2,3.334050179E0,5.569050312E0,-1.510950089E0
4.000749715E2,5.293050289E0,6.192000389E0,-8.500500321E-1
4.000774149E2,6.724950314E0,6.783000469E0,-3.060000181E0
4.000798586E2,5.671050072E0,6.402000427E0,-5.926050186E0
4.000823023E2,4.657950401E0,5.310000420E0,-6.226050377E0
4.000847459E2,4.345050335E0,4.041000366E0,-5.521950245E0
4.000871896E2,3.424950123E0,3.844950199E0,-3.454950094E0
4.000896333E2,2.865000248E0,4.089000225E0,1.030050039E0
4.000920770E2,3.799050093E0,4.201950073E0,1.567050099E0
4.000945205E2,4.335000038E0,5.728950500E0,1.852050066E0
4.000969642E2,3.210000038E0,5.902050495E0,3.019950151E0
4.000994079E2,2.235000134E0,7.822050571E0,2.452950001E0
4.001018515E2,5.070000291E-1,1.024500084E1,9.540000558E-1
4.001042952E2,-4.669500291E-1,1.082205009E1,-1.722000122E0
4.001067389E2,-1.870500147E-1,1.050405025E1,-9.405000508E-2
4.001091823E2,1.713000059E0,9.024000168E0,-1.345950007E0
4.001116260E2,9.280500412E-1,8.215050697E0,-2.625000238E0
4.001140697E2,2.439000130E0,8.077950478E0,-2.311050177E0
4.001165134E2,3.265050173E0,7.627950191E0,-3.309000254E0
4.001189570E2,4.170000076E0,8.513999939E0,-5.179050446E0
4.001214007E2,5.487000465E0,8.988000870E0,-6.096000195E0
4.001238444E2,5.937000275E0,8.065950394E0,-5.934000492E0
4.001262879E2,3.064050198E0,8.848950386E0,-4.894050121E0
4.001287315E2,1.563000083E0,8.932950020E0,-1.492050052E0
4.001311752E2,1.630050063E0,8.278950691E0,1.920000017E-1
4.001336189E2,2.785950184E0,7.939050198E0,-1.230000034E-1
4.001360625E2,3.415950060E0,7.306950569E0,-7.905000448E-2
4.001385062E2,4.371000290E0,6.534000397E0,-1.984950066E0
4.001409497E2,4.942950249E0,6.769050121E0,-3.646950245E0
4.001433934E2,3.447000265E0,7.116000175E0,-3.574950218E0
4.001458371E2,2.530050039E0,7.329000473E0,-2.164950132E0
4.001482807E2,2.817000151E0,7.219050407E0,-6.679500341E-1
4.001507244E2,3.351000071E0,7.563000202E0,-1.474950075E0
4.001531681E2,3.729000092E0,7.470000267E0,-2.347050190E0
4.001556118E2,3.366000175E0,7.240050316E0,-2.919000149E0
4.001580552E2,2.761950016E0,6.852000237E0,-2.637000084E0
4.001604989E2,2.508000135E0,7.180050373E0,-1.597050071E0
4.001629426E2,2.604000092E0,7.789050579E0,-1.569000125E0
4.001653862E2,2.413050175E0,8.289000511E0,-1.533000112E0
4.001678299E2,2.425050020E0,8.044950485E0,-1.344000101E0
4.001702736E2,1.642050028E0,7.726050377E0,-3.570000231E-1
4.001727173E2,9.810000658E-1,7.807950497E0,1.800000109E-2
4.001751608E2,1.254000068E0,7.951050282E0,-4.270500243E-1
4.001776045E2,2.488950014E0,8.647950172E0,-1.813050032E0
4.001800481E2,3.552000284E0,9.193950653E0,-2.814000130E0
4.001824918E2,3.910950184E0,9.079050064E0,-2.943000078E0
4.001849354E2,3.607050180E0,8.509050369E0,-3.181950092E0
4.001873791E2,2.998950243E0,9.177000046E0,-3.546000242E0
4.001898226E2,2.158950090E0,9.852000237E0,-2.431050062E0
4.001922663E2,1.603050113E0,9.754050255E0,-1.267050028E0
4.001947100E2,1.906950116E0,8.701050758E0,-1.477950096E0
4.001971536E2,2.956050158E0,8.160000801E0,-2.650950193E0
4.001995973E2,3.985950232E0,7.800000191E0,-3.618000269E0
4.002020410E2,3.544950247E0,7.939050198E0,-3.550950050E0
4.002044844E2,1.764000058E0,8.088000298E0,-1.732050061E0
4.002069281E2,1.045050025E0,7.408050537E0,1.999500096E-1
4.002093718E2,1.800000072E0,8.617050171E0,8.629500270E-1
4.002118155E2,3.040050030E0,9.766050339E0,-1.504050016E0
4.002142591E2,3.334050179E0,9.718050003E0,-3.511050224E0
4.002167028E2,2.935050249E0,9.595950127E0,-3.802950144E0
4.002191465E2,2.188050032E0,9.888000488E0,-2.874000072E0
4.002215900E2,1.536000013E0,9.892950058E0,-1.462950110E0
4.002240337E2,1.275000095E0,1.041495037E1,-6.109500527E-1
4.002264774E2,1.912050128E0,1.061895084E1,-1.293000102E0
4.002289210E2,2.899050236E0,1.033095074E1,-3.058050156E0
4.002313647E2,3.004050255E0,9.651000023E0,-3.964950085E0
4.002338084E2,2.104050159E0,9.352050781E0,-2.653050184E0
4.002362518E2,1.716000080E0,9.955050468E0,-8.070000410E-1
4.002386955E2,2.307000160E0,1.008705044E1,-5.890500546E-1
4.002411392E2,4.708950043E0,9.997950554E0,-2.344050169E0
4.002435829E2,6.804000378E0,9.900000572E0,-4.324950218E0
4.002460265E2,7.110000134E0,8.943000793E0,-6.046050072E0
4.002484702E2,5.791050434E0,9.828000069E0,-6.016950130E0
4.002509139E2,3.840000153E0,1.059705067E1,-3.795000076E0
4.002533574E2,2.736000061E0,9.690000534E0,-1.317000031E0
4.002558011E2,2.446050167E0,9.157950401E0,2.860500216E-1
4.002582448E2,3.880050182E0,8.665050507E0,-1.995000057E-2
4.002606885E2,5.716950417E0,8.494950294E0,-1.930050135E0
4.002631321E2,4.867050171E0,9.151050568E0,-1.879950047E0
4.002655758E2,3.463950157E0,1.044105053E1,-1.164000034E0
4.002680192E2,2.215950012E0,1.104000092E1,1.950000077E-1
4.002704632E2,1.351950049E0,1.129095078E1,2.980500162E-1
4.002729066E2,1.024049997E0,1.197600079E1,-3.259500265E-1
4.002753503E2,2.479950190E0,1.058505058E1,-2.512050152E0
4.002777939E2,4.885950089E0,9.727950096E0,-5.574000359E0
4.002802376E2,6.460950375E0,8.739000320E0,-6.925050259E0
4.002826813E2,5.398050308E0,8.488050461E0,-5.533950329E0
4.002851248E2,4.323000431E0,9.436050415E0,-3.355050087E0
4.002875685E2,4.237050056E0,9.189000130E0,-2.074050188E0
4.002900122E2,4.504950047E0,9.547950745E0,-1.614000082E0
4.002924558E2,4.594050407E0,9.148050308E0,-2.859000206E0
4.002948995E2,3.817950249E0,8.449049950E0,-3.610950232E0
4.002973432E2,2.319000006E0,7.978050232E0,-2.707950115E0
4.002997869E2,1.623000026E0,7.312050343E0,-5.029500127E-1
4.003022303E2,1.816050053E0,7.429050446E0,1.119000077E0
4.003046740E2,2.295000076E0,8.518950462E0,1.726950049E0
4.003071177E2,3.559050083E0,8.890050888E0,1.105050087E0
4.003095613E2,4.948050022E0,9.330000877E0,-1.063950062E0
4.003120050E2,3.721950293E0,1.029105091E1,-3.328950167E0
4.003144487E2,1.261050105E0,1.138200092E1,-4.273950100E0
4.003168922E2,-2.299500108E-1,1.123905087E1,-3.304950237E0
4.003193359E2,-2.779500186E-1,1.016400051E1,1.995000057E-2
4.003217796E2,3.559500277E-1,8.835000038E0,1.210500076E-1
4.003242232E2,2.544000149E0,8.076000214E0,-2.251049995E0
4.003266670E2,4.515000343E0,7.996950150E0,-4.207050323E0
4.003291106E2,6.142950058E0,7.305000305E0,-4.756050110E0
4.003315543E2,5.836050510E0,6.658050537E0,-4.056000233E0
4.003339980E2,3.199950218E0,7.618950367E0,-1.554000020E0
4.003364414E2,1.560000062E0,7.792950153E0,3.499500155E-1
4.003388851E2,1.690050125E0,7.731000423E0,1.540050030E0
4.003413288E2,2.616000175E0,8.152050018E0,-4.390500188E-1
4.003437724E2,3.892050266E0,8.599950790E0,-3.513000250E0
4.003462161E2,4.141050339E0,8.646000862E0,-5.620050430E0
4.003486596E2,3.685950279E0,8.749050140E0,-4.255050182E0
4.003511033E2,2.413050175E0,1.035795021E1,-2.518950224E0
4.003535470E2,1.522050023E0,1.051800060E1,-1.132950068E0
4.003559906E2,1.498050094E0,9.844950676E0,-5.100000501E-1
4.003584343E2,2.044049978E0,8.818050385E0,-1.978050113E0
4.003608780E2,3.259950161E0,7.594950199E0,-4.726950169E0
4.003633214E2,4.231950283E0,5.896950245E0,-6.934050560E0
4.003657653E2,5.061000347E0,5.167050362E0,-6.340950489E0
4.003682088E2,7.158000469E0,5.088000298E0,-7.044000149E0
4.003706525E2,7.680000305E0,4.803000450E0,-9.666000366E0
4.003730962E2,6.888000488E0,5.464050293E0,-1.017105007E1
4.003755398E2,6.307950497E0,5.193000317E0,-5.814000130E0
4.003779835E2,4.860000134E0,5.713050365E0,-4.339500070E-1
4.003804270E2,3.552000284E0,6.747000217E0,2.377950191E0
4.003828709E2,4.405050278E0,6.850050449E0,3.391050100E0
4.003853144E2,5.884050369E0,6.049950123E0,3.100500107E-1
4.003877580E2,6.322050095E0,5.542950153E0,-3.823950291E0
4.003902017E2,6.259950161E0,6.991050243E0,-7.585950375E0
4.003926454E2,7.366050243E0,8.710050583E0,-1.069800091E1
4.003950890E2,7.567950249E0,8.797050476E0,-1.231395054E1
4.003975327E2,4.630050182E0,9.714000702E0,-9.733050346E0
4.003999762E2,5.844000340E0,9.306000710E0,-4.891950130E0
4.004024199E2,8.872050285E0,8.524050713E0,-4.717050076E0
4.004048636E2,9.291000366E0,7.714050293E0,-8.083950043E0
4.004073072E2,9.283950806E0,7.233000278E0,-1.174395084E1
4.004097509E2,9.306000710E0,6.558000088E0,-1.267095089E1
4.004121946E2,9.090000153E0,6.784950256E0,-9.702000618E0
4.004146380E2,8.989950180E0,6.730050087E0,-8.377950668E0
4.004170817E2,6.682050228E0,7.252050400E0,-5.068950176E0
4.004195253E2,3.504000187E0,7.609050274E0,-3.169500232E-1
4.004219691E2,1.543950081E0,6.796950340E0,2.308950186E0
4.004244127E2,1.953000069E0,6.840000153E0,4.483050346E0
4.004268564E2,3.808050156E0,6.718050480E0,3.424950123E0
4.004292999E2,5.463000298E0,7.291050434E0,-3.070500195E-1
4.004317436E2,6.354000092E0,8.281949997E0,-6.058050156E0
4.004341873E2,5.389050484E0,9.658050537E0,-8.839950562E0
4.004366310E2,3.634050131E0,1.011300087E1,-8.593950272E0
4.004390746E2,2.716950178E0,1.018005085E1,-6.156000137E0
4.004415183E2,2.853000164E0,1.051095009E1,-4.672049999E0
4.004439620E2,3.907050133E0,1.008000088E1,-3.424050093E0
4.004464054E2,4.278000355E0,7.975050449E0,-2.100000143E0
4.004488491E2,5.164050102E0,6.607950211E0,-3.771000147E0
4.004512927E2,7.797000408E0,6.153000355E0,-8.103000641E0
4.004537365E2,5.761950493E0,6.358950138E0,-8.907000542E0
4.004561801E2,2.635050058E0,8.041950226E0,-3.931950092E0
4.004586238E2,3.330000162E0,9.972000122E0,-5.850000381E-1
4.004610675E2,5.008050442E0,1.294095039E1,-7.519500256E-1
4.004635110E2,5.118000031E0,1.411905098E1,1.710000038E-1
4.004659546E2,4.801950455E0,1.465095043E1,-2.763000250E0
4.004683983E2,5.803050041E0,1.565100098E1,-6.669000149E0
4.004708420E2,4.975050449E0,1.559205055E1,-8.725049973E0
4.004732856E2,3.598050117E0,1.391805077E1,-7.831950188E0
4.004757291E2,1.357050061E0,1.177305031E1,-5.356050491E0
4.004781728E2,3.420000076E-1,9.529050827E0,1.690500081E-1
4.004806165E2,4.540500343E-1,8.562000275E0,1.986000061E0
4.004830602E2,3.411000252E0,9.366000175E0,3.859500289E-1
4.004855038E2,6.547950268E0,1.007505035E1,-4.534950256E0
4.004879475E2,9.928050041E0,1.043400097E1,-8.088000298E0
4.004903909E2,7.480950356E0,1.197405052E1,-7.711950302E0
4.004928349E2,5.029950142E0,1.459500027E1,-5.629050255E0
4.004952783E2,4.543950081E0,1.470600033E1,-2.791950226E0
4.004977220E2,4.057950020E0,1.484205055E1,-1.819950104E0
4.005001657E2,3.388950109E0,1.294095039E1,-1.333950043E0
4.005026093E2,4.716000080E0,9.292050362E0,-5.395050049E0
4.005050530E2,8.118000031E0,7.434000492E0,-1.081995010E1
4.005074967E2,6.946950436E0,5.215050220E0,-1.253205013E1
4.005099404E2,4.840050220E0,4.831950188E0,-8.287050247E0
4.005123838E2,5.065050125E0,7.582950592E0,-1.351050019E0
4.005148275E2,4.929000378E0,1.100205040E1,1.531050086E0
4.005172712E2,4.852050304E0,1.143705082E1,2.104950190E0
4.005197148E2,5.086950302E0,1.263900089E1,6.190500259E-1
4.005221585E2,6.247950077E0,1.314900017E1,-3.750000238E0
4.005246022E2,6.021000385E0,1.369305038E1,-7.815000534E0
4.005270457E2,2.949000120E0,1.328805065E1,-7.300950527E0
4.005294894E2,-1.870500147E-1,1.147800064E1,-8.839500546E-1
4.005319330E2,-2.800500095E-1,9.036000252E0,2.359050035E0
4.005343767E2,4.159500301E-1,9.004950523E0,-3.520500064E-1
4.005368204E2,9.499500394E-1,7.852950573E0,1.078050017E0
4.005392639E2,1.837950110E0,8.956950188E0,1.102050066E0
4.005417075E2,2.547000170E0,9.105000496E0,7.120500207E-1
4.005441512E2,3.271950245E0,9.523950577E0,-8.719500303E-1
4.005465949E2,6.378000259E0,1.041300011E1,7.005000114E-2
4.005490386E2,8.452950478E0,1.042005062E1,-5.332950115E0
4.005514822E2,6.378000259E0,1.122000027E1,-6.958050251E0
4.005539259E2,6.153000355E0,1.250295067E1,-7.906050205E0
4.005563696E2,5.914950371E0,8.494950294E0,-8.019000053E0
4.005588131E2,3.946950197E0,5.308050156E0,-7.498950481E0
4.005612568E2,3.175950050E0,3.856950283E0,-4.140000343E0
4.005637005E2,4.812000275E0,4.321950436E0,-1.135050058E0
4.005661441E2,6.054000378E0,5.820000172E0,-8.050500154E-1
4.005685878E2,5.983050346E0,5.641050339E0,-1.485000014E0
4.005710315E2,6.319950104E0,6.313950062E0,2.620500028E-1
4.005734749E2,6.166950226E0,7.045950413E0,-2.476050138E0
4.005759186E2,5.155950069E0,9.630000114E0,-6.040950298E0
4.005783623E2,3.082950115E0,1.060200024E1,-7.540050507E0
4.005808060E2,3.030000031E-1,8.526000023E0,-2.610000134E0
4.005832496E2,-1.039050102E0,8.365950584E0,5.017050266E0
4.005856933E2,-2.691000223E0,7.030050278E0,3.918000221E0
4.005881370E2,-7.470000386E-1,5.836950302E0,-7.570500374E-1
4.005905805E2,4.836000443E0,5.940000057E0,-4.000950336E0
4.005930242E2,4.162950039E0,6.373050213E0,-5.934000492E0
4.005954678E2,2.101050138E0,8.361000061E0,-4.983000278E0
4.005979115E2,1.438050032E0,9.619950294E0,-2.388000011E0
4.006003552E2,2.370000124E0,9.982050896E0,-1.708050132E0
4.006027988E2,4.258950233E0,9.514950752E0,-3.577950239E0
4.006052426E2,5.857950211E0,7.341000557E0,-5.833050251E0
4.006076860E2,4.729950428E0,3.559950113E0,-7.915950298E0
4.006101297E2,3.603000164E0,2.029950142E0,-7.111950397E0
4.006125733E2,4.663050175E0,2.767950058E0,-5.079000473E0
4.006150170E2,7.117050171E0,3.052950144E0,-4.525950432E0
4.006174607E2,7.321050167E0,4.573050022E0,-4.118999958E0
4.006199044E2,5.005950451E0,5.895000458E0,-1.224000096E0
4.006223479E2,4.270950317E0,6.961950302E0,1.171950102E0
4.006247916E2,2.584950209E0,9.364050865E0,-1.911000133E0
4.006272352E2,-1.319999993E-1,1.012995052E1,-2.932950258E0
4.006296789E2,-1.353000045E0,7.546950340E0,-4.111050129E0
4.006321226E2,-2.452050209E0,5.515950203E0,-7.380000353E-1
4.006345660E2,-1.456050038E0,4.840950012E0,-1.200000048E-1
4.006370097E2,2.671050072E0,3.706050158E0,-3.238050222E0
4.006394534E2,4.137000084E0,3.820950270E0,-6.016950130E0
4.006418971E2,8.490000367E-1,5.559000492E0,-3.766950130E0
4.006443408E2,4.519500136E-1,8.478000641E0,-1.870050073E0
4.006467844E2,2.853000164E0,8.950050354E0,-3.424050093E0
4.006492281E2,4.441050053E0,9.603000641E0,-5.052000046E0
4.006516718E2,4.084050179E0,9.211050034E0,-4.474950314E0
4.006541153E2,4.789950371E0,7.449000359E0,-6.087000370E0
4.006565589E2,3.592950106E0,4.003050327E0,-8.697000504E0
4.006590026E2,3.418050051E0,1.951050043E0,-7.447050571E0
4.006614462E2,6.804000378E0,1.434000015E0,-7.224000454E0
4.006638899E2,9.507000923E0,2.397000074E0,-6.489000320E0
4.006663336E2,7.350000381E0,4.255050182E0,-4.507050037E0
4.006687773E2,5.074950218E0,6.883050442E0,-8.599500656E-1
4.006712208E2,5.716950417E0,7.137000561E0,2.020500153E-1
4.006736645E2,4.065000057E0,8.670000076E0,-1.678950071E0
4.006761082E2,-4.120500088E-1,8.670000076E0,-4.272000313E0
4.006785518E2,-1.270950079E0,6.000000477E0,-6.709050179E0
4.006809955E2,-5.550000072E-1,3.868950129E0,-7.531050205E0
4.006834389E2,2.688000202E0,3.190950155E0,-6.738000393E0
4.006858826E2,5.829000473E0,1.671000123E0,-4.305000305E0
4.006883263E2,2.917950153E0,1.152000070E0,-2.926050186E0
4.006907699E2,2.692950010E0,4.345950127E0,-7.570500374E-1
4.006932136E2,3.504000187E0,5.755950451E0,-5.340000391E-1
4.006956573E2,4.369050026E0,7.075050354E0,-2.542950153E0
4.006981010E2,2.953950167E0,8.338950157E0,-2.230050087E0
4.007005445E2,3.298950195E0,9.370950699E0,-4.297950268E0
4.007029882E2,4.747050285E0,5.698050499E0,-9.063000679E0
4.007054319E2,2.752950191E0,4.318950176E0,-5.361000061E0
4.007078756E2,4.345050335E0,4.008000374E0,-1.384050012E0
4.007103192E2,8.446050644E0,5.514000416E0,-4.228950024E0
4.007127629E2,9.742050171E0,5.808000088E0,-4.939950466E0
4.007152063E2,8.451000214E0,6.781050205E0,-4.708050251E0
4.007176500E2,8.074950218E0,8.746050835E0,-7.156950474E0
4.007200937E2,7.126950264E0,1.033095074E1,-8.791950226E0
4.007225373E2,1.759050131E0,1.110495090E1,-6.433950424E0
4.007249811E2,-6.649500132E-1,8.418000221E0,-2.445000172E0
4.007274247E2,-1.125000000E0,5.059050083E0,2.344950199E0
4.007298684E2,-8.380500674E-1,9.304050446E0,1.147950053E0
4.007323121E2,4.029000282E0,4.164000034E0,-4.114050388E0
4.007347555E2,5.161050320E0,4.567950249E0,-6.415050507E0
4.007371992E2,2.776950121E0,6.658050537E0,-3.099000216E0
4.007396429E2,2.494050026E0,9.685050011E0,-1.469999999E-1
4.007420866E2,4.378050327E0,1.131105042E1,-9.460500479E-1
4.007445302E2,4.194000244E0,1.143495083E1,-1.525950074E0
4.007469737E2,4.702050209E0,1.156200027E1,-5.119050026E0
4.007494174E2,3.688950062E0,8.112000465E0,-9.235050201E0
4.007518611E2,2.251950026E0,4.597050190E0,-6.805050373E0
4.007543047E2,6.958950520E0,2.941950083E0,-7.111950397E0
4.007567484E2,1.098195076E1,3.567000151E0,-8.494950294E0
4.007591921E2,8.512949944E0,4.554000378E0,-9.918000221E0
4.007616356E2,6.523950100E0,5.751000404E0,-5.938050270E0
4.007640795E2,9.030000687E0,6.634050369E0,-4.927950382E0
4.007665229E2,8.760000229E0,8.502000809E0,-7.044000149E0
4.007689666E2,1.431000113E0,1.038405037E1,-4.839000225E0
4.007714103E2,-2.835000038E0,8.844000816E0,1.123950005E0
4.007738539E2,-2.992950201E0,6.283050060E0,4.543050289E0
4.007762976E2,2.653950214E0,5.935050488E0,1.971000075E0
4.007787411E2,7.591050148E0,4.635000229E0,-5.470950127E0
4.007811850E2,4.930950165E0,5.334000111E0,-6.594000340E0
4.007836285E2,1.809000134E0,6.378000259E0,-3.469950199E0
4.007860722E2,1.002000093E0,9.040950775E0,-7.090500593E-1
4.007885158E2,3.901950121E0,1.188495064E1,-3.163050175E0
4.007909595E2,7.347000122E0,1.248900032E1,-5.833050251E0
4.007934032E2,7.177050114E0,1.100400066E1,-1.066005039E1
4.007958466E2,3.076050043E0,8.578950882E0,-9.558000565E0
4.007982903E2,2.002950191E0,5.524050236E0,-6.610950470E0
4.008007340E2,6.961950302E0,3.627000093E0,-7.344000340E0
4.008031776E2,9.967050552E0,4.019999981E0,-9.979950905E0
4.008056213E2,7.168050289E0,5.097000122E0,-1.068600082E1
4.008080650E2,7.897950172E0,5.473050117E0,-5.943000317E0
4.008105085E2,1.058400059E1,7.020000458E0,-5.317950249E0
4.008129522E2,7.606050491E0,9.823950768E0,-6.232950211E0
4.008153958E2,-3.469500244E-1,1.158600044E1,1.236000061E0
4.008178395E2,-3.325050116E0,9.754050255E0,6.346050262E0
4.008202831E2,-2.926050186E0,7.779000282E0,4.027950287E0
4.008227268E2,2.250000000E0,7.200000286E0,8.509500623E-1
4.008251705E2,6.078000069E0,5.044950008E0,-7.315050125E0
4.008276140E2,3.298950195E0,5.206950188E0,-8.842950821E0
4.008300577E2,7.939500213E-1,6.673050404E0,-4.432050228E0
4.008325014E2,9.019500613E-1,8.832000732E0,-9.529500604E-1
4.008349450E2,4.374000072E0,1.230900097E1,-1.726950049E0
4.008373887E2,8.904000282E0,1.356600094E1,-5.518950462E0
4.008398324E2,6.409050465E0,1.130295086E1,-9.349950790E0
4.008422761E2,1.867050052E0,9.013950348E0,-6.955950260E0
4.008447195E2,3.346050262E0,6.699000359E0,-6.040950298E0
4.008471632E2,8.926950455E0,5.844000340E0,-8.950050354E0
4.008496069E2,8.431950569E0,5.947050095E0,-1.399305058E1
4.008520505E2,7.423950195E0,5.197950363E0,-1.258695030E1
4.008544942E2,1.096305084E1,5.361000061E0,-9.550950050E0
4.008569379E2,1.118295097E1,7.152000427E0,-8.838000298E0
4.008593814E2,3.339000225E0,9.409049988E0,-3.823950291E0
4.008618251E2,-3.157950163E0,1.000605011E1,6.039000511E0
4.008642688E2,-2.940000057E0,7.390950203E0,7.057050228E0
4.008667124E2,5.260500312E-1,8.479949951E0,2.946000099E0
4.008691561E2,7.323000431E0,6.994050503E0,2.497950077E0
4.008715998E2,6.888000488E0,5.160000324E0,-7.957050323E0
4.008740432E2,1.663050056E0,5.950050354E0,-8.560050011E0
4.008764869E2,1.369050026E0,9.016950607E0,-4.600050449E0
4.008789306E2,4.419000149E0,9.948000908E0,-5.545950413E0
4.008813743E2,5.674050331E0,1.093500042E1,-5.934000492E0
4.008838179E2,4.948050022E0,1.052295017E1,-8.103000641E0
4.008862616E2,1.717950106E0,8.344050407E0,-7.684050560E0
4.008887051E2,3.186000109E0,6.049950123E0,-5.589000225E0
4.008911488E2,8.017950058E0,6.438000202E0,-7.236000538E0
4.008935925E2,7.132050514E0,5.899050236E0,-9.360000610E0
4.008960361E2,5.074950218E0,6.229950428E0,-8.074049950E0
4.008984798E2,8.923050880E0,5.196000099E0,-6.256950378E0
4.009009235E2,1.116600037E1,6.153000355E0,-7.602000237E0
4.009033671E2,5.827050209E0,7.494000435E0,-5.779950142E0
4.009058106E2,-1.156050086E0,8.257950783E0,2.581950188E0
4.009082543E2,-2.410950184E0,6.603000164E0,6.255000114E0
4.009106980E2,-2.629500031E-1,6.847950459E0,2.866950035E0
4.009131417E2,4.891050339E0,7.116000175E0,3.385950089E0
4.009155853E2,5.992050171E0,5.301000118E0,-6.336000443E0
4.009180290E2,2.203950167E0,6.685050488E0,-7.174050331E0
4.009204727E2,2.155950069E0,8.752950668E0,-5.160000324E0
4.009229162E2,4.431000233E0,1.045095062E1,-4.216950417E0
4.009253598E2,4.942950249E0,1.231395054E1,-4.380000114E0
4.009278035E2,3.516000271E0,1.100595093E1,-6.819000244E0
4.009302471E2,7.510500550E-1,8.836950302E0,-5.421000481E0
4.009326908E2,2.275950193E0,6.496050358E0,-4.617000103E0
4.009351345E2,9.196050644E0,5.251050472E0,-8.134050369E0
4.009375782E2,8.262000084E0,7.068000317E0,-1.217100048E1
4.009400217E2,4.764000416E0,7.228050232E0,-9.976950645E0
4.009424654E2,8.839050293E0,6.238950253E0,-7.825050354E0
4.009449090E2,1.108695030E1,7.963050365E0,-9.829050064E0
4.009473527E2,4.924050331E0,8.629050255E0,-9.369000435E0
4.009497964E2,-1.470000029E0,7.747950554E0,-2.320950031E0
4.009522401E2,-2.832000017E0,6.337950230E0,6.187950134E0
4.009546835E2,-6.439500451E-1,5.895000458E0,4.909050465E0
4.009571272E2,3.733950138E0,4.860000134E0,4.438050270E0
4.009595709E2,4.515000343E0,3.718050241E0,-7.200000435E-2
4.009620145E2,1.495950103E0,5.236050129E0,-1.945050120E0
4.009644582E2,2.817000151E0,7.743000507E0,-2.689050198E0
4.009669017E2,6.154950142E0,9.502950668E0,-4.534950256E0
4.009693454E2,6.811050415E0,1.170600033E1,-5.734950066E0
4.009717891E2,3.595050097E0,1.146405029E1,-7.984950542E0
4.009742327E2,-3.640500307E-1,1.041300011E1,-4.686000347E0
4.009766764E2,2.118000031E0,6.610950470E0,-3.417000055E0
4.009791201E2,8.845950127E0,6.418950081E0,-9.547050476E0
4.009815638E2,8.668950081E0,5.314950466E0,-1.314795017E1
4.009840074E2,6.262950420E0,6.832950115E0,-1.161495018E1
4.009864509E2,1.015305042E1,5.571000099E0,-8.562000275E0
4.009888946E2,1.057695007E1,6.390000343E0,-8.458950043E0
4.009913383E2,4.444950104E0,7.152000427E0,-7.200000286E0
4.009937819E2,-9.550500512E-1,7.729050159E0,-1.540500075E-1
4.009962256E2,-1.566000104E0,7.482000351E0,4.564050198E0
4.009986693E2,4.012050152E0,7.222950459E0,3.628050089E0
4.010011130E2,6.208050251E0,5.583000183E0,-1.468050122E0
4.010035565E2,1.462050080E0,6.012000084E0,-3.396000147E0
4.010060001E2,6.529500484E-1,7.020000458E0,-6.420000196E-1
4.010084438E2,3.382050276E0,9.517050743E0,-7.690500617E-1
4.010108875E2,6.105000496E0,1.096095085E1,-3.487050056E0
4.010133312E2,6.598050117E0,1.165500069E1,-5.767950058E0
4.010157746E2,2.314050198E0,1.122195053E1,-7.561950207E0
4.010182183E2,-4.879500270E-1,9.958050728E0,-3.538950205E0
4.010206620E2,1.893000126E0,7.906050205E0,-3.313950062E0
4.010231056E2,7.876050472E0,7.384050369E0,-9.120000839E0
4.010255493E2,8.008049965E0,6.658050537E0,-1.323600101E1
4.010279930E2,7.251000404E0,6.871950150E0,-1.075605011E1
4.010304364E2,1.090005016E1,6.229950428E0,-9.031949997E0
4.010328801E2,1.037100029E1,6.394950390E0,-1.097100067E1
4.010353238E2,3.753000259E0,6.759000301E0,-5.365950108E0
4.010377675E2,-1.423950076E0,6.250950336E0,4.243950367E0
4.010402111E2,-1.489050031E0,5.289000034E0,4.957050323E0
4.010426548E2,2.427000046E0,5.209950447E0,3.400950193E0
4.010450985E2,5.470050335E0,3.736950159E0,2.635050058E0
4.010475420E2,2.014950037E0,4.504050255E0,-9.370500445E-1
4.010499857E2,1.120050073E0,7.003050327E0,2.380950212E0
4.010524294E2,3.994950294E0,9.093000412E0,-1.030500084E-1
4.010548730E2,6.559950352E0,1.268205070E1,-2.536050081E0
4.010573167E2,4.624950409E0,1.246695042E1,-7.504050255E0
4.010597604E2,2.980500162E-1,1.135095024E1,-7.654950142E0
4.010622041E2,-6.060000062E-1,7.855950356E0,-3.063000202E0
4.010646475E2,5.080050468E0,4.674000263E0,-7.939950466E0
4.010670912E2,1.040700054E1,2.763000250E0,-1.529505062E1
4.010695349E2,6.994950294E0,4.018050194E0,-1.801005173E1
4.010719785E2,1.033305073E1,4.767000198E0,-1.512000084E1
4.010744222E2,1.153995037E1,5.076000214E0,-1.224705029E1
4.010768659E2,6.660000324E0,6.124050140E0,-6.817050457E0
4.010793094E2,7.060500383E-1,6.061950207E0,7.860000134E-1
4.010817531E2,-1.755000114E0,6.381000519E0,6.135000229E0
4.010841968E2,1.651050091E0,5.823000431E0,5.436000347E0
4.010866404E2,4.225049973E0,4.810050011E0,4.702950001E0
4.010890841E2,5.239950180E0,2.014050007E0,1.761000037E0
4.010915278E2,5.524950027E0,1.281000018E0,-2.308950186E0
4.010939712E2,7.081050396E0,7.207050323E0,-5.188950062E0
4.010964149E2,7.479000568E0,9.891000748E0,-8.995950699E0
4.010988586E2,5.068050385E0,1.180905056E1,-8.728050232E0
4.011013023E2,2.704950094E0,1.254105091E1,-8.236949921E0
4.011037459E2,-6.799500585E-1,1.039605045E1,-3.622950077E0
4.011061896E2,-1.695000008E-2,7.516050339E0,2.692050219E0
4.011086333E2,2.053050041E0,9.811950684E0,-1.246050000E0
4.011110768E2,6.150000095E0,7.101000309E0,-5.011950016E0
4.011135204E2,6.844050407E0,7.369950294E0,-9.913050652E0
4.011159641E2,1.367295074E1,7.057950497E0,-1.354995060E1
4.011184078E2,1.033500004E1,6.390000343E0,-1.755105019E1
4.011208514E2,2.772000074E0,8.065950394E0,-1.390905094E1
4.011232951E2,1.549500078E-1,6.706050396E0,-6.478950500E0
4.011257388E2,5.620500445E-1,9.127050400E0,-1.390500069E-1
4.011281823E2,1.965000153E0,7.807950497E0,3.079950094E0
4.011306260E2,3.030000210E0,4.966050148E0,4.525950432E0
4.011330697E2,2.821950197E0,4.756950378E0,2.745000124E0
4.011355133E2,3.724950075E0,5.892000198E0,8.820000291E-1
4.011379570E2,5.535000324E0,7.936950207E0,4.530000091E-1
4.011404007E2,7.393050194E0,1.136295033E1,-1.849500090E-1
4.011428441E2,4.867050171E0,9.979050636E0,-1.123050094E0
4.011452878E2,8.490000367E-1,9.747000694E0,-4.954050064E0
4.011477314E2,-7.680000067E-1,7.449000359E0,-4.507050037E0
4.011501751E2,1.768950105E0,5.764950275E0,-9.750000000E0
4.011526188E2,8.104050636E0,3.898050070E0,-1.534305096E1
4.011550623E2,4.825950146E0,4.915050030E0,-1.686795044E1
4.011575062E2,6.765000343E0,5.916000366E0,-1.310700035E1
4.011599497E2,1.064895058E1,5.950050354E0,-9.577950478E0
4.011623934E2,8.026950836E0,7.245000362E0,-6.724050522E0
4.011648370E2,1.651050091E0,7.135050297E0,-1.425000072E0
4.011672807E2,-1.020000100E0,5.806050301E0,4.773000240E0
4.011697244E2,1.239000082E0,5.041950226E0,5.197050095E0
4.011721678E2,4.893000126E0,4.029000282E0,3.688050270E0
4.011746115E2,5.203950405E0,1.498950124E0,8.410500288E-1
4.011770552E2,3.921000242E0,4.999500215E-1,-1.870500147E-1
4.011794989E2,5.194950104E0,4.602000237E0,-7.470000386E-1
4.011819426E2,8.908050537E0,9.618000031E0,-5.047950268E0
4.011843862E2,6.709950447E0,1.115205097E1,-7.084950447E0
4.011868299E2,4.157999992E0,1.244295025E1,-8.200950623E0
4.011892734E2,2.839500010E-1,1.252695084E1,-8.083950043E0
4.011917170E2,1.000500023E-1,8.935050011E0,-1.642950058E0
4.011941607E2,2.566050053E0,8.413050652E0,-2.857050180E0
4.011966044E2,4.635000229E0,9.412050247E0,-6.453000069E0
4.011990480E2,8.383950233E0,6.049950123E0,-1.034100056E1
4.012014917E2,1.147695065E1,5.847000122E0,-1.502895069E1
4.012039352E2,1.114005089E1,5.454000473E0,-1.556595039E1
4.012063789E2,5.347950459E0,7.008000374E0,-1.404495049E1
4.012088226E2,2.656950235E0,6.084000111E0,-7.593000412E0
4.012112662E2,1.864050031E0,7.366950512E0,2.268000126E0
4.012137099E2,4.447950363E0,6.970050335E0,3.849000216E0
4.012161536E2,5.152050018E0,8.026050568E0,3.790950298E0
4.012185973E2,3.018000126E0,5.739000320E0,5.014950275E0
4.012210407E2,2.097000122E0,6.871950150E0,1.725000024E0
4.012234844E2,2.391000032E0,1.005600071E1,1.621950030E0
4.012259281E2,2.487000227E0,1.255800056E1,3.187950134E0
4.012283717E2,1.546050072E0,1.213395023E1,3.169050217E0
4.012308154E2,1.675050020E0,9.666000366E0,9.010500312E-1
4.012332591E2,3.997950077E0,6.433050156E0,-3.703950167E0
4.012357026E2,3.267000198E0,8.398950577E0,-1.015905094E1
4.012381463E2,9.279000282E0,6.475950241E0,-1.746405029E1
4.012405900E2,4.435950279E0,8.208000183E0,-1.963800049E1
4.012430337E2,5.500950336E0,9.013950348E0,-1.174905014E1
4.012454773E2,1.175505066E1,7.899000168E0,-7.465950489E0
4.012479210E2,9.595050812E0,7.389000416E0,-8.875950813E0
4.012503647E2,2.994000196E0,7.063050270E0,-5.785050392E0
4.012528081E2,1.030950069E0,5.842050076E0,1.234050035E0
4.012552518E2,3.403950214E0,6.057000160E0,3.796050072E0
4.012576955E2,6.720000267E0,7.045950413E0,2.862000227E0
4.012601391E2,3.768000126E0,5.338950157E0,3.499050140E0
4.012625828E2,2.736000061E0,4.129950047E0,3.994950294E0
4.012650265E2,3.378000259E0,9.687000275E0,4.410000145E-1
4.012674700E2,3.295950174E0,1.355400085E1,2.884050131E0
4.012699137E2,2.559000015E0,1.291500092E1,2.541000128E0
4.012723574E2,3.409050226E0,1.105395031E1,-5.830950260E0
4.012748010E2,9.000000358E-2,9.031050682E0,-6.454950333E0
4.012772447E2,1.735050082E0,7.827000141E0,-7.087950230E0
4.012796884E2,8.655000687E0,8.394000053E0,-1.158195019E1
4.012821320E2,7.381050587E0,7.855950356E0,-1.788300133E1
4.012845755E2,5.353050232E0,1.000095081E1,-1.679895020E1
4.012870192E2,1.039800072E1,8.203050613E0,-1.540305042E1
4.012894629E2,1.129995060E1,6.792000294E0,-1.698300171E1
4.012919065E2,2.914950132E0,7.197000504E0,-1.137600040E1
4.012943502E2,-1.506000042E0,5.908950329E0,2.659050226E0
4.012967937E2,-2.970000207E-1,3.093000174E0,9.193050385E0
4.012992374E2,2.812050104E0,3.888000250E0,3.600000143E0
4.013016810E2,3.279000044E0,3.607950211E0,6.511050224E0
4.013041247E2,2.947050095E0,1.501050115E0,5.476950169E0
4.013065684E2,5.323950291E0,1.726050138E0,-5.269500017E-1
4.013090120E2,1.275105095E1,5.052000046E0,-6.835950375E0
4.013114557E2,1.155195045E1,1.153800011E1,-3.678000212E0
4.013138992E2,5.530050278E0,1.137795067E1,2.653950214E0
4.013163429E2,1.110000014E0,1.390800095E1,3.712050200E0
4.013187866E2,-1.137000084E0,1.026705074E1,-7.200000286E0
4.013212302E2,1.702050090E0,3.792000294E0,5.218050480E0
4.013236739E2,8.034000397E0,5.674050331E0,-1.477950096E0
4.013261176E2,2.097000122E0,8.296050072E0,-8.701050758E0
4.013285611E2,1.627799988E1,5.358000278E0,-1.960500145E1
4.013310050E2,1.181505013E1,6.814050198E0,-2.490795135E1
4.013334484E2,2.932050228E0,8.368050575E0,-1.856100082E1
4.013358921E2,1.291950107E0,8.167050362E0,-1.104105091E1
4.013383358E2,1.656000137E0,6.601050377E0,-8.790000677E-1
4.013407794E2,3.619050264E0,7.840950489E0,9.799500704E-1
4.013432229E2,2.346000195E0,5.751000404E0,6.379500031E-1
4.013456666E2,2.650500238E-1,1.234950066E0,4.951950073E0
4.013481103E2,1.603050113E0,1.747950077E0,2.826000214E0
4.013505540E2,6.274950504E0,5.506950378E0,1.596000075E0
4.013529976E2,1.083300018E1,8.770050049E0,-8.149500489E-1
4.013554413E2,7.681950569E0,9.333000183E0,3.199950218E0
4.013578850E2,2.829000235E0,1.009200001E1,5.041050434E0
4.013603285E2,1.539000034E0,1.032195091E1,1.464000106E0
4.013627721E2,1.078950047E0,9.211050034E0,1.111950040E0
4.013652158E2,2.749500275E-1,9.298950195E0,-1.516050100E0
4.013676595E2,7.486050129E0,3.574950218E0,-1.111050010E0
4.013701031E2,5.635050297E0,7.273950577E0,-1.700699997E1
4.013725468E2,1.603605080E1,7.657050133E0,-2.365605164E1
4.013749905E2,5.901000500E0,7.888950348E0,-2.063895035E1
4.013774340E2,1.395000052E-2,9.397050858E0,-1.300095081E1
4.013798777E2,1.771050096E0,7.993950367E0,-3.976950169E0
4.013823214E2,3.163950205E0,7.759950161E0,1.350000054E-1
4.013847650E2,4.361999989E0,8.149950027E0,-3.520500064E-1
4.013872087E2,2.788950205E0,5.571000099E0,1.639050126E0
4.013896524E2,2.817000151E0,3.742050171E0,5.218050480E0
4.013920961E2,2.713950157E0,7.726050377E0,5.320500135E-1
4.013945395E2,8.178000450E0,1.216995049E1,4.920000136E-1
4.013969832E2,6.864000320E0,9.862050056E0,-1.216950059E0
4.013994269E2,3.138000250E0,8.935050011E0,2.758950233E0
4.014018705E2,-4.549500346E-1,1.145400047E1,-1.080000028E-1
4.014043142E2,3.106950045E0,6.808950424E0,6.709500551E-1
4.014067579E2,6.391950130E0,7.726050377E0,-1.013805008E1
4.014092014E2,7.921950340E0,6.864000320E0,-1.440900040E1
4.014116451E2,6.784950256E0,8.545050621E0,-1.401195049E1
4.014140887E2,1.030395031E1,6.972000122E0,-1.333695030E1
4.014165324E2,5.695050240E0,7.084950447E0,-8.718000412E0
4.014189761E2,2.230950117E0,6.615000248E0,-6.570000052E-1
4.014214195E2,2.215950012E0,6.049950123E0,4.681950092E0
4.014238632E2,7.612950325E0,6.019050121E0,6.349500418E-1
4.014263069E2,9.181050301E0,3.900000095E0,-4.768050194E0
4.014287505E2,5.479950428E0,7.950000167E-1,-3.451050282E0
4.014311943E2,3.658050060E0,3.903000116E0,-1.075950027E0
4.014336379E2,5.056050301E0,8.667000771E0,1.033050060E0
4.014360816E2,4.627050400E0,1.163595009E1,1.509000063E0
4.014385251E2,2.487000227E0,1.005105019E1,1.686000109E0
4.014409688E2,-5.959500074E-1,1.022595024E1,1.537950039E0
4.014434125E2,8.710500598E-1,7.032000542E0,-7.380000353E-1
4.014458561E2,4.741950035E0,8.305950165E0,-7.018050194E0
4.014482998E2,8.676000595E0,7.021950245E0,-1.223505020E1
4.014507435E2,4.711050034E0,7.804950237E0,-1.332705021E1
4.014531871E2,5.358000278E0,9.781050682E0,-8.833050728E0
4.014556306E2,8.140049934E0,9.828000069E0,-8.656050682E0
4.014580743E2,3.528000116E0,8.284049988E0,-6.163050175E0
4.014605180E2,4.330500066E-1,8.662050247E0,-1.791000128E0
4.014629616E2,3.583050251E0,5.779950142E0,-4.890000224E-1
4.014654053E2,1.011705017E1,4.767000198E0,-4.798950195E0
4.014678490E2,9.864000320E0,2.892000198E0,-9.379050255E0
4.014702924E2,4.644000053E0,1.453050017E0,-4.966050148E0
4.014727361E2,3.181050062E0,3.760950089E0,1.885050058E0
4.014751798E2,4.426050186E0,8.569050789E0,2.065050125E0
4.014776234E2,4.153050423E0,1.164300060E1,3.270000219E-1
4.014800671E2,1.828050137E0,8.643000603E0,1.987950087E0
4.014825108E2,6.599999964E-2,7.549050331E0,2.649000168E0
4.014849543E2,-3.299999982E-2,8.989950180E0,2.050050020E0
4.014873980E2,5.286000252E0,8.485050201E0,-1.495050073E0
4.014898417E2,6.531000137E0,6.679950237E0,-9.199050903E0
4.014922854E2,7.090950489E0,7.528050423E0,-1.193595028E1
4.014947290E2,8.524950027E0,9.769050598E0,-1.122495079E1
4.014971727E2,5.743050098E0,1.037895012E1,-1.193595028E1
4.014996164E2,2.190000117E-1,1.000305080E1,-4.225950241E0
4.015020598E2,-4.000500143E-1,7.492050171E0,7.140000463E-1
4.015045035E2,3.238950253E0,7.401000500E0,1.062000036E0
4.015069472E2,1.052205086E1,8.203050613E0,-6.184950352E0
4.015093908E2,9.283950806E0,9.769500494E-1,-1.012605095E1
4.015118345E2,5.716950417E0,1.599000096E0,-4.903950214E0
4.015142782E2,5.796000481E0,6.546000481E0,2.620500028E-1
4.015167219E2,6.094950199E0,1.112100029E1,1.009050012E0
4.015191654E2,4.816050053E0,1.148805046E1,-1.972950101E0
4.015216091E2,2.227950096E0,9.223050117E0,1.288950086E0
4.015240528E2,-1.699500084E-1,7.563000202E0,1.339050055E0
4.015264964E2,-6.900000572E-2,1.053705025E1,3.826950073E0
4.015289401E2,7.558050156E0,6.400050163E0,-6.709050179E0
4.015313835E2,7.708950520E0,4.173000336E0,-1.395705032E1
4.015338272E2,6.411000252E0,5.950050354E0,-1.382700062E1
4.015362709E2,8.434050560E0,8.848950386E0,-1.265700054E1
4.015387145E2,1.977000117E0,7.918050289E0,-1.005195045E1
4.015411582E2,-2.089950085E0,6.478950500E0,-9.610500336E-1
4.015436019E2,-5.170500278E-1,4.084949970E0,6.103950500E0
4.015460454E2,7.489050388E0,5.538000107E0,-2.809500098E-1
4.015484891E2,1.144905090E1,5.550000191E0,-4.795950413E0
4.015509328E2,5.865000248E0,4.879500270E-1,-2.281949997E0
4.015533765E2,2.496000051E0,1.195050001E0,9.540000558E-1
4.015558201E2,6.832050323E0,4.441050053E0,-4.960500300E-1
4.015582638E2,8.194950104E0,1.496895027E1,-4.063950062E0
4.015607075E2,2.923050165E0,1.018305016E1,4.330049992E0
4.015631509E2,6.310500503E-1,7.882050514E0,1.762950063E0
4.015655946E2,-9.360000491E-1,1.185600090E1,-2.787000179E0
4.015680383E2,4.249500334E-1,1.156005096E1,8.220000267E-1
4.015704819E2,8.989950180E0,8.695950508E0,2.632050037E0
4.015729256E2,6.964050293E0,8.782050133E0,-9.264000893E0
4.015753693E2,1.588995075E1,9.673050880E0,-1.672005081E1
4.015778130E2,5.338050365E0,1.131105042E1,-2.060595131E1
4.015802565E2,-6.030000448E-1,1.027605057E1,-8.991000175E0
4.015827002E2,-1.426950097E0,7.614000320E0,-2.554950237E0
4.015851439E2,3.241050243E0,1.013700008E1,-1.078050017E0
4.015875875E2,7.891050339E0,9.475950241E0,-6.508050442E0
4.015900312E2,3.861000299E0,8.809500337E-1,-7.015950203E0
4.015924749E2,4.237050056E0,8.590500355E-1,2.190000117E-1
4.015949184E2,7.732950211E0,6.598950386E0,1.999950051E0
4.015973621E2,8.212050438E0,1.352805042E1,-3.570000231E-1
4.015998057E2,5.074950218E0,9.133950233E0,-1.843950033E0
4.016022494E2,2.370000124E0,9.475950241E0,3.231000185E0
4.016046930E2,5.500500202E-1,1.327395058E1,9.970500469E-1
4.016071365E2,1.231950045E0,1.409505081E1,3.540000200E0
4.016095802E2,4.234950066E0,8.782050133E0,-1.249500066E-1
4.016120239E2,5.338050365E0,6.426000118E0,-1.711950064E0
4.016144676E2,1.414005089E1,5.361000061E0,-1.252500057E1
4.016169113E2,9.664950371E0,6.607950211E0,-1.922895050E1
4.016193549E2,2.245050192E0,9.049950600E0,-1.528800106E1
4.016217986E2,-8.160000443E-1,9.369000435E0,-3.730950117E0
4.016242420E2,2.518050194E0,9.429000854E0,-1.693050027E0
4.016266857E2,7.711050510E0,7.153950214E0,-5.826000214E0
4.016291294E2,7.098000526E0,2.962050200E0,-6.778950214E0
4.016315730E2,3.508950233E0,2.332050085E0,-6.349500418E-1
4.016340167E2,4.729950428E0,3.723000288E0,2.716050148E0
4.016364604E2,7.860000610E0,9.325950623E0,-1.726950049E0
4.016389041E2,4.351950169E0,9.100950241E0,-2.220000029E0
4.016413476E2,1.612950087E0,6.318000317E0,1.260000110E0
4.016437913E2,1.029000044E0,1.069005013E1,1.639050126E0
4.016462350E2,3.844050169E0,1.411395073E1,-1.887000084E0
4.016486786E2,4.723050117E0,8.914050102E0,-5.530950069E0
4.016511223E2,7.759050369E0,6.523950100E0,-6.084000111E0
4.016535660E2,8.461050034E0,5.962050438E0,-8.581950188E0
4.016560095E2,5.049000263E0,7.530000210E0,-1.089195061E1
4.016584532E2,-1.770000011E-1,7.732950211E0,-4.425000191E0
4.016608969E2,-9.190500379E-1,6.064950466E0,1.183950067E0
4.016633406E2,3.090000153E0,7.120950222E0,1.063950062E0
4.016657842E2,7.278000355E0,1.113105011E1,-5.293950081E0
4.016682279E2,6.457050323E0,3.594000101E0,-6.367050171E0
4.016706713E2,3.772950172E0,1.827000141E0,-2.518950224E0
4.016731150E2,7.146000385E0,4.741050243E0,-1.813050032E0
4.016755587E2,9.121050835E0,1.219605064E1,-4.612050056E0
4.016780024E2,3.588000059E0,8.322000504E0,-2.689050198E0
4.016804460E2,1.060050011E0,6.262950420E0,5.640000105E-1
4.016828897E2,1.402050018E0,1.240500069E1,2.569500208E-1
4.016853334E2,1.788000107E0,1.657995033E1,-7.159500122E-1
4.016877769E2,3.220050097E0,1.010595036E1,-5.236950397E0
4.016902205E2,8.829000473E0,6.586950302E0,-8.184000015E0
4.016926642E2,1.075395012E1,6.097950459E0,-1.242705059E1
4.016951078E2,3.598050117E0,6.867000103E0,-1.225005054E1
4.016975515E2,-6.300000548E-1,5.884950161E0,-2.826000214E0
4.016999950E2,1.218000054E0,6.025950432E0,1.153050065E0
4.017024389E2,6.727050304E0,7.816950321E0,-2.850000143E0
4.017048824E2,7.816950321E0,6.526950359E0,-2.992950201E0
4.017073261E2,2.965950251E0,2.823000193E0,4.060500264E-1
4.017097697E2,3.439950228E0,3.321000099E0,1.756050110E0
4.017122134E2,8.853000641E0,9.001950264E0,-2.589000225E0
4.017146571E2,6.138000488E0,1.078605080E1,-4.167000294E0
4.017171005E2,1.546050072E0,6.199050426E0,-1.140000105E0
4.017195444E2,3.630000055E-1,6.781050205E0,1.429950118E0
4.017219879E2,3.291000128E0,1.544295120E1,-3.199050188E0
4.017244316E2,5.383950233E0,1.373400021E1,-8.067000389E0
4.017268752E2,5.815050125E0,7.705050468E0,-1.044195080E1
4.017293189E2,1.224795055E1,7.912950516E0,-1.096395016E1
4.017317626E2,8.640000343E0,6.970050335E0,-1.281195068E1
4.017342060E2,8.130000234E-1,6.481050491E0,-7.621050358E0
4.017366497E2,1.170000061E-1,4.957950115E0,2.019000053E0
4.017390934E2,5.724000454E0,6.898050308E0,1.216950059E0
4.017415371E2,9.049950600E0,6.043050289E0,-6.187050343E0
4.017439807E2,4.077000141E0,2.124000072E0,-7.905000448E-2
4.017464244E2,3.070950031E0,2.479950190E0,1.822950125E0
4.017488679E2,8.427000046E0,5.860950470E0,-7.690500617E-1
4.017513116E2,8.875050545E0,1.152405071E1,-2.683950186E0
4.017537553E2,3.387000084E0,7.792950153E0,2.479500175E-1
4.017561989E2,1.195950031E0,5.953950405E0,3.409500122E-1
4.017586426E2,1.110000014E0,1.373595047E1,2.020500153E-1
4.017610860E2,3.949950218E0,1.607505035E1,-2.965050220E0
4.017635300E2,2.781000137E0,9.939000130E0,-7.531050205E0
4.017659734E2,5.523000240E0,8.241000175E0,-8.962050438E0
4.017684171E2,1.171005058E1,7.413000584E0,-1.395195103E1
4.017708608E2,2.956050158E0,6.703950405E0,-1.404495049E1
4.017733044E2,-4.860000312E-1,2.812950134E0,-6.187050343E0
4.017757481E2,3.319950104E0,3.196050167E0,-4.023000240E0
4.017781916E2,5.749950409E0,4.297950268E0,-8.890050888E0
4.017806352E2,4.327950001E0,1.534950018E0,-7.293000221E0
4.017830789E2,1.860000134E0,8.710500598E-1,3.786000252E0
4.017855226E2,2.554050207E0,2.647950172E0,4.222050190E0
4.017879662E2,8.038949966E0,5.008950233E0,-2.275050163E0
4.017904099E2,6.052050114E0,8.458950043E0,-1.339050055E0
4.017928536E2,1.459950089E0,3.694050074E0,2.929050207E0
4.017952971E2,8.869500160E-1,7.189950466E0,8.719500303E-1
4.017977408E2,3.718050241E0,1.216800022E1,1.957050085E0
4.018001845E2,5.166000366E0,9.426000595E0,6.070500016E-1
4.018026281E2,7.261050224E0,9.747000694E0,1.950000077E-1
4.018050717E2,1.280895042E1,9.376049995E0,-1.081995010E1
4.018075154E2,7.693950176E0,8.764950752E0,-2.079705048E1
4.018099589E2,-4.380000234E-1,9.309000015E0,-1.148100090E1
4.018124026E2,6.030000448E-1,7.944000244E0,-4.060950279E0
4.018148463E2,3.988050222E0,8.398950577E0,-6.070050240E0
4.018172899E2,2.080049992E0,9.400050163E0,-5.653050423E0
4.018197336E2,2.128050089E0,3.771000147E0,-1.243050098E0
4.018221773E2,3.978000164E0,3.466950178E0,-1.111050010E0
4.018246210E2,1.010805035E1,9.891000748E0,-3.160950184E0
4.018270644E2,7.435950279E0,1.274700069E1,-4.789050102E0
4.018295081E2,2.403000116E0,8.184000015E0,1.210500076E-1
4.018319518E2,2.338050127E0,1.211505032E1,-2.449500114E-1
4.018343954E2,4.572000027E0,1.641300011E1,-3.127050161E0
4.018368391E2,3.399000168E0,1.520400047E1,3.090000153E0
4.018392828E2,4.812000275E0,1.226295090E1,-1.054050088E0
4.018417263E2,9.508950233E0,1.048005009E1,-1.393305111E1
4.018441700E2,3.484950066E0,8.545050621E0,-1.617405128E1
4.018466136E2,-5.790000558E-1,4.282950401E0,-6.748050213E0
4.018490573E2,2.341050148E0,2.974050045E0,-2.148000002E0
4.018515010E2,7.287000179E0,5.176050186E0,-6.958050251E0
4.018539447E2,4.263000011E0,3.595950127E0,-4.758000374E0
4.018563884E2,8.520000577E-1,2.515950203E0,6.043950081E0
4.018588318E2,2.635050058E0,4.506000042E0,4.524000168E0
4.018612755E2,1.041705036E1,8.854050636E0,-9.799500704E-1
4.018637191E2,6.679050446E0,7.386000156E0,-1.480050087E0
4.018661628E2,2.209050179E0,4.966050148E0,2.266050100E0
4.018686065E2,2.875050068E0,1.242900085E1,4.129500091E-1
4.018710500E2,4.033950329E0,1.259895039E1,3.214050055E0
4.018734937E2,6.423000336E0,9.370950699E0,-2.124000072E0
4.018759373E2,9.294000626E0,1.212900066E1,-5.167050362E0
4.018783810E2,1.158495045E1,8.236050606E0,-1.813995171E1
4.018808247E2,2.829000235E0,9.216000557E0,-1.612395096E1
4.018832683E2,-7.039500475E-1,6.607950211E0,-5.986050129E0
4.018857120E2,4.696950436E0,6.610950470E0,-3.855000257E0
4.018881555E2,5.860050201E0,7.930050373E0,-5.766000271E0
4.018905992E2,1.129050016E0,3.936000109E0,-5.397000313E0
4.018930429E2,2.058000088E0,1.302000046E0,-1.948950052E0
4.018954865E2,8.434050560E0,2.875050068E0,-1.648050070E0
4.018979302E2,1.033500004E1,6.370950222E0,-5.646000385E0
4.019003739E2,2.298000097E0,4.000950336E0,-1.119000077E0
4.019028174E2,2.902950048E0,5.919000149E0,4.453950405E0
4.019052610E2,4.263000011E0,1.187295055E1,-2.232000113E0
4.019077047E2,3.540000200E0,1.167705059E1,-1.284000039E0
4.019101484E2,3.775050163E0,1.206195068E1,3.568050146E0
4.019125921E2,8.317049980E0,1.312995052E1,-3.898050070E0
4.019150357E2,7.255950451E0,9.582000732E0,-1.175205040E1
4.019174794E2,9.949500561E-1,8.005949974E0,-1.078695011E1
4.019199229E2,6.150000095E-1,7.204050541E0,-2.932950258E0
4.019223666E2,6.178950310E0,8.301000595E0,-6.228000164E0
4.019248103E2,5.520000458E0,6.880950451E0,-7.846950531E0
4.019272539E2,1.048050046E0,7.125000477E0,-3.994050264E0
4.019296976E2,2.821950197E0,4.567950249E0,-4.395000264E-2
4.019321411E2,8.728950500E0,7.165950298E0,-5.380050182E0
4.019345850E2,7.768950462E0,9.358950615E0,-8.596050262E0
4.019370284E2,1.141050100E0,7.477050304E0,3.405000269E-2
4.019394721E2,3.010950089E0,1.023105049E1,1.132950068E0
4.019419157E2,4.564949989E0,1.237605095E1,-3.132000208E0
4.019443594E2,5.182950020E0,1.040100002E1,5.805000290E-2
4.019468031E2,9.514050484E0,1.046100044E1,-3.108000040E0
4.019492466E2,1.167600060E1,1.011105061E1,-1.161795044E1
4.019516903E2,4.825950146E0,1.144200039E1,-1.316205025E1
4.019541340E2,4.560000300E-1,9.373950005E0,-3.520050049E0
4.019565776E2,8.370000124E-1,7.816950321E0,1.756050110E0
4.019590213E2,2.607000113E0,8.445000648E0,-3.802950144E0
4.019614650E2,7.219500542E-1,3.967050076E0,-1.200000048E0
4.019639085E2,2.652000189E0,3.667950153E0,2.605950117E0
4.019663521E2,6.679050446E0,3.547950268E0,-3.000000119E-1
4.019687958E2,1.018005085E1,6.886050224E0,-7.717050552E0
4.019712395E2,2.764950037E0,6.892950535E0,-3.855000257E0
4.019736832E2,1.572000027E0,6.784950256E0,7.980000377E-1
4.019761268E2,5.116050243E0,1.090605068E1,-5.731950283E0
4.019785705E2,5.803050041E0,1.003395081E1,-7.914000511E0
4.019810140E2,7.534050465E0,9.649050713E0,-7.660050392E0
4.019834577E2,9.592950821E0,9.748950005E0,-1.119405079E1
4.019859014E2,6.487950325E0,7.101000309E0,-1.286295033E1
4.019883450E2,3.799500167E-1,7.116000175E0,-3.939000130E0
4.019907887E2,1.960500032E-1,6.553050518E0,4.190999985E0
4.019932322E2,5.572950363E0,4.530000210E0,-2.401950121E0
4.019956761E2,4.933950424E0,3.145950079E0,-6.369000435E0
4.019981196E2,2.707050085E0,1.696950078E0,-1.051950097E0
4.020005632E2,7.120050430E0,2.293950081E0,-3.633000135E0
4.020030069E2,7.351950169E0,4.096950054E0,-5.673000336E0
4.020054506E2,8.730000257E-1,5.164050102E0,-3.487050056E0
4.020078942E2,-4.800000042E-2,5.569050312E0,3.622950077E0
4.020103377E2,1.732950091E0,1.069305038E1,4.819500148E-1
4.020127814E2,5.749950409E0,6.570000172E0,-5.107050419E0
4.020152251E2,9.279000282E0,9.031050682E0,-6.859950542E0
4.020176687E2,9.808950424E0,9.514950752E0,-1.258500099E1
4.020201124E2,6.366000175E0,7.341000557E0,-1.389195061E1
4.020225561E2,-3.949500322E-1,8.855999947E0,-6.751950264E0
4.020249995E2,9.495000541E-2,7.516050339E0,3.094050169E0
4.020274432E2,7.054950237E0,6.961950302E0,-1.213950038E0
4.020298869E2,6.427950382E0,6.586950302E0,-5.493000031E0
4.020323306E2,2.949000120E0,4.791000366E0,-1.839000106E0
4.020347742E2,5.257050037E0,5.389050484E0,-1.891950130E0
4.020372179E2,5.755050182E0,6.903000355E0,-5.062050343E0
4.020396616E2,2.395950079E0,9.226950645E0,-4.723950386E0
4.020421051E2,1.309500039E-1,9.844950676E0,1.561950088E0
4.020445488E2,2.113049984E0,1.109505081E1,1.236000061E0
4.020469925E2,5.676000118E0,1.220400047E1,-3.850050211E0
4.020494361E2,8.425050735E0,1.120800018E1,-4.791000366E0
4.020518798E2,1.280895042E1,1.275195026E1,-1.313805103E1
4.020543233E2,5.892000198E0,1.208100033E1,-1.480395031E1
4.020567672E2,5.329500437E-1,1.209105015E1,-7.746000290E0
4.020592106E2,-1.510500014E-1,9.852000237E0,2.802000046E0
4.020616543E2,3.388950109E0,1.170600033E1,2.280000150E-1
4.020640980E2,3.784950256E0,8.325000763E0,-5.023950100E0
4.020665416E2,1.282950044E0,5.854050159E0,-1.710000038E0
4.020689853E2,4.699050426E0,3.763950109E0,-9.079500437E-1
4.020714288E2,8.197050095E0,6.486000538E0,-5.653050423E0
4.020738725E2,3.021000147E0,7.389000416E0,-4.072950363E0
4.020763162E2,1.824000120E0,7.947000504E0,1.810950041E0
4.020787598E2,3.363000154E0,1.298205090E1,1.311000109E0
4.020812035E2,2.094000101E0,1.157100010E1,-5.299500227E-1
4.020836472E2,2.803050041E0,9.465000153E0,1.938000083E0
4.020860907E2,1.113000011E1,1.117395020E1,-5.284950256E0
4.020885344E2,7.258950233E0,7.384050369E0,-1.424205112E1
4.020909781E2,1.134000063E0,6.727950096E0,-1.120605087E1
4.020934217E2,8.659500480E-1,5.224050045E0,-4.255050182E0
4.020958653E2,6.315000534E0,4.626000404E0,-5.605950356E0
4.020983088E2,4.302000046E0,3.496050119E0,-7.827000141E0
4.021007527E2,1.234950066E0,4.690050125E0,5.899500251E-1
4.021031962E2,4.105050087E0,4.159049988E0,1.054050088E0
4.021056399E2,7.219950199E0,3.655950069E0,-5.233950138E0
4.021080836E2,1.213050008E0,4.990050316E0,-4.051949978E0
4.021105272E2,-2.028000116E0,8.571000099E0,8.149500489E-1
4.021129709E2,1.309500039E-1,7.297950268E0,2.407050133E0
4.021154146E2,5.221050262E0,6.448050499E0,-5.991000175E0
4.021178583E2,9.430050850E0,7.558950424E0,-5.044950008E0
4.021203017E2,1.233000088E1,5.671950340E0,-8.254050255E0
4.021227454E2,6.648000240E0,5.587950230E0,-1.214700031E1
4.021251891E2,5.620500445E-1,6.807000160E0,-8.470950127E0
4.021276327E2,5.437050343E0,4.884000301E0,-5.412000179E0
4.021300764E2,9.921000481E0,3.342000246E0,-9.016950607E0
4.021325199E2,4.752000332E0,4.462950230E0,-6.750000477E0
4.021349636E2,2.560950041E0,3.084000111E0,-3.190500140E-1
4.021374073E2,6.679050446E0,5.272050381E0,-2.638950109E0
4.021398509E2,6.253050327E0,4.792950153E0,-4.486950397E0
4.021422946E2,-1.128000021E0,6.285000324E0,2.689500153E-1
4.021447383E2,-8.140500188E-1,1.101600075E1,4.231950283E0
4.021471817E2,5.808000088E0,8.289000511E0,-3.199050188E0
4.021496254E2,7.696950436E0,9.490950584E0,-9.084000587E0
4.021520691E2,7.668000221E0,9.763950348E0,-8.586000443E0
4.021545127E2,7.584000587E0,1.061595058E1,-1.406895065E1
4.021569564E2,4.900500178E-1,1.030500031E1,-9.393000603E0
4.021593999E2,-2.008949995E0,9.900000572E0,3.103950262E0
4.021618438E2,1.720500141E-1,7.969950199E0,5.457000256E0
4.021642873E2,3.753000259E0,9.553050041E0,-3.108000040E0
4.021667309E2,3.598050117E0,6.685050488E0,-1.521000028E0
4.021691746E2,5.551950455E0,4.735949993E0,-1.225950003E0
4.021716183E2,9.463950157E0,5.533050060E0,-6.490950108E0
4.021740619E2,5.329050064E0,8.326950073E0,-8.328000069E0
4.021765054E2,1.941000104E0,9.340050697E0,2.929500043E-1
4.021789493E2,2.512950182E0,1.274700069E1,2.275050163E0
4.021813928E2,2.494050026E0,1.388400078E1,9.559500217E-1
4.021838365E2,3.610050201E0,1.171005058E1,-1.144950032E0
4.021862802E2,7.912050247E0,1.283295059E1,-8.557950020E0
4.021887238E2,8.381999969E0,1.055205059E1,-1.467705059E1
4.021911675E2,1.623000026E0,9.793050766E0,-1.133295059E1
4.021936109E2,1.009950042E0,9.073950768E0,-5.610000491E-1
4.021960546E2,5.386050224E0,9.393000603E0,-2.986050129E0
4.021984983E2,3.876000166E0,6.948000431E0,-5.980950356E0
4.022009419E2,2.152050018E0,6.634050369E0,-6.420000196E-1
4.022033856E2,7.489050388E0,5.703000069E0,2.569500208E-1
4.022058293E2,7.933950424E0,6.481050491E0,-7.023000240E0
4.022082728E2,2.293050051E0,6.289950371E0,-4.083000183E0
4.022107165E2,1.744950056E0,7.105950356E0,1.155000091E0
4.022131602E2,3.816000223E0,1.237800026E1,-3.771000147E0
4.022156038E2,3.931050301E0,8.254950523E0,-6.336000443E0
4.022180475E2,5.812950134E0,8.409000397E0,-8.313000679E0
4.022204912E2,8.463000298E0,8.381999969E0,-1.248900032E1
4.022229349E2,3.700950146E0,7.720950603E0,-9.252000809E0
4.022253783E2,-1.791000128E0,6.807000160E0,-1.084950089E0
4.022278220E2,1.768950105E0,5.212050438E0,4.933050156E0
4.022302657E2,7.171950340E0,1.750050068E0,-2.080950022E0
4.022327093E2,6.472950459E0,1.204050064E0,-2.107050180E0
4.022351530E2,6.988050461E0,3.013950109E0,4.699500203E-1
4.022375967E2,1.090800095E1,1.750050068E0,-6.834000111E0
4.022400404E2,3.246000051E0,3.115050077E0,-8.107950211E0
4.022424839E2,-4.830000103E-1,6.859950542E0,-2.826000214E0
4.022449275E2,-2.059500068E-1,1.039395046E1,-2.680050135E0
4.022473712E2,5.434050083E0,6.156000137E0,-8.737050056E0
4.022498149E2,6.064050198E0,8.358000755E0,-4.116000175E0
4.022522586E2,9.703050613E0,8.209950447E0,-6.304950237E0
4.022547020E2,9.279000282E0,7.618950367E0,-1.065000057E1
4.022571457E2,-7.249500155E-1,8.842050552E0,-8.068950653E0
4.022595894E2,-1.989000082E0,9.031050682E0,5.926950455E0
4.022620330E2,3.265050173E0,7.714050293E0,-1.044000030E0
4.022644767E2,4.825950146E0,8.530950546E0,-4.960950375E0
4.022669204E2,4.347000122E0,6.736950397E0,-3.076950073E0
4.022693639E2,6.064050198E0,5.751000404E0,-4.284000397E0
4.022718076E2,4.488000393E0,7.144050121E0,-6.304950237E0
4.022742512E2,1.018950105E0,8.152050018E0,-1.957050085E0
4.022766949E2,2.082000017E0,8.370000839E0,1.210050106E0
4.022791386E2,4.869000435E0,1.092300034E1,-3.340950251E0
4.022815822E2,6.579000473E0,1.021200085E1,-5.737050056E0
4.022840259E2,9.313050270E0,9.601050377E0,-8.026050568E0
4.022864694E2,8.389050484E0,9.486000061E0,-1.314495087E1
4.022889131E2,2.203950167E0,8.992950439E0,-8.488050461E0
4.022913568E2,-4.909500182E-1,5.430000305E0,1.378050089E0
4.022938004E2,1.632000089E0,9.019050598E0,2.947950125E0
4.022962441E2,2.998950243E0,3.496050119E0,-4.269000053E0
4.022986876E2,4.441050053E0,2.514000177E0,2.329500169E-1
4.023011313E2,8.331000328E0,3.606000185E0,-7.020000219E-1
4.023035749E2,7.054950237E0,4.029000282E0,-3.952950239E0
4.023060186E2,2.640000105E0,5.764950275E0,-6.180000305E-1
4.023084623E2,9.640500546E-1,9.793050766E0,1.717950106E0
4.023109059E2,5.279999971E-1,1.199805069E1,1.933050036E0
4.023133496E2,1.084050059E0,1.123905087E1,-5.530950069E0
4.023157931E2,6.496950150E0,1.150695038E1,-7.954050541E0
4.023182368E2,9.555000305E0,8.895000458E0,-1.375605106E1
4.023206805E2,4.480950356E0,8.569050789E0,-1.259400082E1
4.023231241E2,-7.879500389E-1,7.795950413E0,-2.785050154E0
4.023255678E2,4.972050190E0,6.751950264E0,1.291050076E0
4.023280115E2,8.074950218E0,4.666050434E0,-6.502950191E0
4.023304549E2,6.631050110E0,4.219050407E0,-5.349000454E0
4.023328986E2,8.359950066E0,5.710050106E0,-4.654950142E0
4.023353423E2,8.809950829E0,4.504050255E0,-8.572050095E0
4.023377859E2,2.235000134E0,5.554950237E0,-6.264000416E0
4.023402296E2,-5.700000525E-1,8.410950661E0,2.022000074E0
4.023426733E2,2.695050240E0,9.562950134E0,2.323050022E0
4.023451170E2,6.496950150E0,9.055050850E0,-4.483050346E0
4.023475605E2,6.262950420E0,9.450000763E0,-7.810950279E0
4.023500042E2,1.071405029E1,8.868000031E0,-1.065000057E1
4.023524479E2,4.945950031E0,8.947050095E0,-1.237395096E1
4.023548915E2,-1.788000107E0,8.433000565E0,-6.301950455E0
4.023573352E2,2.137050152E0,7.027050495E0,4.138050079E0
4.023597786E2,7.773000240E0,5.799000263E0,-1.441950083E0
4.023622223E2,5.698050499E0,5.527950287E0,-2.550000191E0
4.023646660E2,5.800950050E0,5.890050411E0,6.520500183E-1
4.023671097E2,8.832000732E0,6.013950348E0,-6.895950317E0
4.023695534E2,3.138000250E0,6.934050560E0,-5.706000328E0
4.023719971E2,-1.530000120E-1,8.458950043E0,1.227000117E0
4.023744408E2,7.060500383E-1,1.193805027E1,1.489500105E-1
4.023768842E2,2.817000151E0,1.093200016E1,-3.739950180E0
4.023793279E2,3.448950052E0,1.116195011E1,-3.970050097E0
4.023817716E2,8.029950142E0,1.260795021E1,-8.881050110E0
4.023842152E2,5.938950062E0,9.405000687E0,-1.184700012E1
4.023866589E2,1.038000107E0,1.048005009E1,-7.224000454E0
4.023891026E2,1.026000023E0,1.003200054E1,3.600000143E-1
4.023915461E2,4.314000130E0,9.661050797E0,-4.975950241E0
4.023939898E2,2.860050201E0,6.961950302E0,-4.708050251E0
4.023964334E2,1.668000102E0,3.618000269E0,1.120950103E0
4.023988771E2,7.362000465E0,5.932950497E0,-2.332950115E0
4.024013208E2,5.914950371E0,5.385000229E0,-5.536050320E0
4.024037644E2,1.945950150E0,5.032950401E0,4.459500313E-1
4.024062081E2,2.851050138E0,9.615000725E0,1.143000007E0
4.024086516E2,3.190950155E0,1.005795002E1,-2.601000071E0
4.024110953E2,3.538050175E0,1.113105011E1,-5.401950359E0
4.024135390E2,7.744950294E0,9.277950287E0,-8.163000107E0
4.024159826E2,8.275950432E0,7.981950283E0,-1.507305050E1
4.024184263E2,9.330000281E-1,9.490950584E0,-9.501000404E0
4.024208697E2,-7.230000496E-1,7.402950287E0,2.232000113E0
4.024233134E2,5.080050468E0,4.948950291E0,8.290500641E-1
4.024257571E2,6.844050407E0,3.057000160E0,-4.513950348E0
4.024282008E2,6.928050518E0,5.962050438E0,4.890000224E-1
4.024306444E2,9.579000473E0,4.573050022E0,-4.708050251E0
4.024330881E2,4.678050041E0,5.305950165E0,-6.094050407E0
4.024355316E2,-2.320500165E-1,7.537050247E0,3.007950068E0
4.024379753E2,-7.110000253E-1,1.120500088E1,3.292950153E0
4.024404190E2,4.156050205E0,9.289950371E0,-3.727950096E0
4.024428627E2,7.933950424E0,9.960000038E0,-1.080600071E1
4.024453063E2,1.024005032E1,9.049950600E0,-1.458195114E1
4.024477500E2,6.732000351E0,8.350950241E0,-1.636800003E1
4.024501937E2,-9.289500713E-1,9.745050430E0,-7.408050537E0
4.024526371E2,-6.820500493E-1,7.246950150E0,3.343050241E0
4.024550808E2,5.821950436E0,6.342000484E0,-8.119500279E-1
4.024575245E2,6.544950485E0,2.859000206E0,-5.953050137E0
4.024599682E2,5.461050034E0,3.508050203E0,8.149500489E-1
4.024624118E2,1.048905087E1,2.964000225E0,-3.553950071E0
4.024648555E2,7.222950459E0,3.081000090E0,-5.917050362E0
4.024672992E2,-1.990500093E-1,5.932950497E0,2.734950066E0
4.024697427E2,-2.049000025E0,9.747000694E0,5.272950172E0
4.024721864E2,1.330050111E0,8.325000763E0,-1.188000083E0
4.024746300E2,6.576000214E0,1.036500072E1,-5.533950329E0
4.024770737E2,8.362050056E0,1.112400055E1,-8.299050331E0
4.024795173E2,4.498050213E0,9.177000046E0,-1.314300060E1
4.024819608E2,-4.620000124E-1,8.370000839E0,-6.003000259E0
4.024844045E2,-6.649500132E-1,8.011050224E0,3.256950140E0
4.024868482E2,4.408950329E0,7.471950531E0,-7.710000277E-1
4.024892919E2,5.865000248E0,5.571000099E0,-4.504050255E0
4.024917355E2,7.201050282E0,5.272050381E0,-2.692050219E0
4.024941792E2,9.765000343E0,6.156000137E0,-8.401950836E0
4.024966229E2,4.536000252E0,6.730050087E0,-8.931000710E0
4.024990664E2,-2.130000144E-1,6.927000523E0,-6.000000238E-2
4.025015100E2,1.254000068E0,1.086495018E1,2.493000031E0
4.025039537E2,8.680500388E-1,1.155000019E1,1.533000112E0
4.025063974E2,1.287000060E0,1.024005032E1,-8.430000544E-1
4.025088410E2,9.912000656E0,9.091050148E0,-6.240000248E0
4.025112847E2,8.532000542E0,6.727950096E0,-1.609995079E1
4.025137282E2,2.113049984E0,9.192000389E0,-1.193595028E1
4.025161719E2,1.302000046E0,8.773050308E0,-2.899950027E0
4.025186155E2,6.445050240E0,6.900000095E0,-3.364050150E0
4.025210593E2,3.286950111E0,7.192050457E0,-1.486950040E0
4.025235029E2,2.817000151E0,6.730050087E0,4.471050262E0
4.025259466E2,9.658050537E0,4.518000126E0,-3.409950256E0
4.025283903E2,6.355950356E0,4.903050423E0,-8.347050667E0
4.025308337E2,1.077000022E0,7.234950542E0,3.390000165E-1
4.025332774E2,2.259000063E0,1.029300022E1,1.039500013E-1
4.025357210E2,3.670050144E0,9.532050133E0,-2.497950077E0
4.025381647E2,6.001950264E0,1.167705059E1,-3.786000252E0
4.025406084E2,1.025400066E1,1.122405052E1,-9.372000694E0
4.025430519E2,4.845000267E0,9.285000801E0,-1.275195026E1
4.025454956E2,-1.486950040E0,1.053195095E1,-4.381950378E0
4.025479393E2,-6.799500585E-1,7.741050243E0,4.858950138E0
4.025503830E2,5.401050091E0,6.598950386E0,-3.369000196E0
4.025528266E2,3.772950172E0,5.064000130E0,-5.625000477E0
4.025552703E2,5.025000095E0,4.927050114E0,-1.164000034E0
4.025577140E2,1.017300034E1,4.875000000E0,-8.332950592E0
4.025601574E2,3.547950268E0,3.757050276E0,-6.232950211E0
4.025626011E2,2.130000114E0,5.839950085E0,3.622950077E0
4.025650448E2,2.857950211E0,1.064505005E1,1.975950122E0
4.025674884E2,1.515000105E0,1.024500084E1,-6.450000405E-1
4.025699321E2,3.937950134E0,1.141305065E1,-2.389950037E0
4.025723758E2,9.253050804E0,7.365000248E0,-1.231005096E1
4.025748192E2,5.251950264E0,7.291050434E0,-1.536495113E1
4.025772629E2,-1.032000065E0,8.085000038E0,-5.644050121E0
4.025797066E2,6.979500055E-1,5.631000042E0,2.941050053E0
4.025821503E2,4.927050114E0,5.776950359E0,1.999500096E-1
4.025845939E2,4.632000446E0,4.249950409E0,4.060500264E-1
4.025870376E2,7.669950485E0,5.533050060E0,4.750500321E-1
4.025894811E2,9.876000404E0,4.462950230E0,-1.015005016E1
4.025919248E2,1.402050018E0,5.659950256E0,-7.264950275E0
4.025943685E2,-6.580500603E-1,9.370950699E0,-5.029500127E-1
4.025968121E2,4.399500191E-1,9.820950508E0,-5.419500470E-1
4.025992558E2,4.885950089E0,8.614950180E0,-3.036000252E0
4.026016995E2,1.003395081E1,9.405000687E0,-6.867000103E0
4.026041429E2,1.061100006E1,7.269000530E0,-1.499805069E1
4.026065866E2,2.962950230E0,8.950050354E0,-1.544400120E1
4.026090303E2,-4.639500082E-1,7.851000309E0,-3.280950069E0
4.026114740E2,4.981950283E0,6.703950405E0,3.130050182E0
4.026139176E2,5.932050228E0,4.537050247E0,-2.602950096E0
4.026163613E2,3.547950268E0,5.509050369E0,1.867950082E0
4.026188050E2,9.873000145E0,3.964950085E0,-4.870500267E-1
4.026212485E2,9.435000420E0,3.670050144E0,-9.831000328E0
4.026236922E2,1.882950068E0,5.739000320E0,-2.383050203E0
4.026261358E2,3.042000055E0,8.806050301E0,1.981050134E0
4.026285795E2,4.744950294E0,1.009395027E1,-1.606950045E0
4.026310232E2,4.596000195E0,1.148805046E1,-3.103050232E0
4.026334666E2,8.452950478E0,1.245300102E1,-7.465950489E0
4.026359103E2,7.792950153E0,9.445050240E0,-1.495995045E1
4.026383540E2,1.519500017E-1,9.558000565E0,-1.006605053E1
4.026407977E2,-9.430500269E-1,8.593050003E0,1.153050065E0
4.026432413E2,3.877950191E0,7.875000477E0,2.167950153E0
4.026456850E2,5.170950413E0,7.269000530E0,4.800000191E-1
4.026481287E2,7.405050278E0,5.346000195E0,7.459500432E-1
4.026505722E2,1.158000088E1,5.623950481E0,-7.798950195E0
4.026530159E2,6.117000103E0,5.097000122E0,-1.142595100E1
4.026554596E2,1.273050070E0,7.192050457E0,-2.578950167E0
4.026579032E2,2.370000124E0,1.059900093E1,4.530000091E-1
4.026603469E2,2.017950058E0,1.279995060E1,-5.220000148E-1
4.026627906E2,1.476000071E0,1.132200050E1,4.030500054E-1
4.026652342E2,8.343000412E0,9.570000648E0,-5.313000202E0
4.026676777E2,7.054950237E0,6.522000313E0,-1.330605030E1
4.026701214E2,2.262000084E0,8.788949966E0,-7.705050468E0
4.026725651E2,4.503000259E0,7.309950352E0,-3.099000216E0
4.026750087E2,7.074000359E0,5.140050411E0,-4.987950325E0
4.026774524E2,1.723050117E0,6.514950275E0,-3.600000218E-2
4.026798959E2,4.018949986E0,6.646050453E0,3.834000111E0
4.026823395E2,9.880050659E0,6.445050240E0,-7.267050266E0
4.026847832E2,2.416950226E0,6.289950371E0,-6.985050201E0
4.026872269E2,-2.400000021E-2,7.827000141E0,-3.600000218E-2
4.026896705E2,2.776950121E0,8.899050713E0,-2.091000080E0
4.026921142E2,5.005950451E0,9.772950172E0,-3.517950058E0
4.026945577E2,8.065950394E0,1.139895058E1,-5.515050411E0
4.026970014E2,9.112050056E0,8.787000656E0,-1.328205109E1
4.026994451E2,2.001000166E0,8.884950638E0,-1.070295048E1
4.027018887E2,-6.730500460E-1,1.025700092E1,7.360500097E-1
4.027043324E2,4.939050198E0,7.462950230E0,3.550500274E-1
4.027067761E2,5.287950039E0,6.582000256E0,-6.208950520E0
4.027092198E2,1.000050068E0,6.712950230E0,-1.435050011E0
4.027116632E2,7.896000385E0,4.662000179E0,-2.809050083E0
4.027141069E2,7.857000351E0,3.613050222E0,-9.613950729E0
4.027165505E2,8.040000200E-1,4.738050461E0,-9.079500437E-1
4.027189942E2,2.263950109E0,6.831000328E0,1.926000118E0
4.027214379E2,4.813950062E0,8.770050049E0,-1.324950099E0
4.027238814E2,5.209050179E0,9.985950470E0,-4.000950336E0
4.027263253E2,7.861950397E0,9.670050621E0,-7.633050442E0
4.027287688E2,5.848050117E0,7.846050262E0,-1.353495026E1
4.027312125E2,-4.039500058E-1,9.538950920E0,-8.019000053E0
4.027336561E2,-1.053000093E0,6.529050350E0,8.410500288E-1
4.027360998E2,4.174950123E0,4.477050304E0,-1.477950096E0
4.027385435E2,3.355950117E0,3.361050129E0,-2.268000126E0
4.027409869E2,4.000050068E0,4.140000343E0,2.644050121E0
4.027434306E2,1.043295002E1,5.020950317E0,-5.232000351E0
4.027458743E2,4.635000229E0,3.646050215E0,-7.138050556E0
4.027483179E2,1.210950017E0,7.168050289E0,1.264950037E0
4.027507616E2,1.963050127E0,9.787950516E0,-3.019500077E-1
4.027532053E2,3.006000042E0,9.594000816E0,-3.193950176E0
4.027556488E2,6.696000099E0,1.236195087E1,-5.455050468E0
4.027580925E2,8.640000343E0,8.822999954E0,-1.238595104E1
4.027605361E2,2.259000063E0,7.807950497E0,-1.230000019E1
4.027629798E2,-1.482000113E0,7.812000275E0,-3.156000137E0
4.027654235E2,3.552000284E0,5.851950169E0,2.639999986E-1
4.027678671E2,5.803050041E0,4.606950283E0,-5.377950191E0
4.027703108E2,1.989000082E0,6.043050289E0,-1.303050041E0
4.027727543E2,7.897950172E0,6.169950485E0,3.900000080E-2
4.027751980E2,8.259000778E0,5.068950176E0,-8.565000534E0
4.027776416E2,7.060500383E-1,6.946050167E0,-1.048950076E0
4.027800853E2,1.777950048E0,9.757050514E0,2.176950216E0
4.027825290E2,3.373050213E0,9.196050644E0,-3.331050158E0
4.027849725E2,3.667050123E0,1.126005077E1,-4.609050274E0
4.027874161E2,9.112050056E0,9.958050728E0,-9.942000389E0
4.027898598E2,7.315950394E0,7.357950211E0,-1.543200111E1
4.027923035E2,-2.200500071E-1,9.390000343E0,-8.353950500E0
4.027947471E2,3.889500201E-1,7.276050568E0,2.082000017E0
4.027971908E2,6.117000103E0,5.740950108E0,8.700000644E-1
4.027996345E2,5.413050175E0,5.872950077E0,-6.450000405E-1
4.028020780E2,5.451000214E0,7.635000229E0,3.853050232E0
4.028045217E2,8.607000351E0,8.169000626E0,-5.875950336E0
4.028069654E2,3.367950201E0,5.968950272E0,-6.297000408E0
4.028094090E2,4.710000157E-1,8.092950821E0,2.299050093E0
4.028118527E2,2.020050049E0,1.231905079E1,-9.169500470E-1
4.028142961E2,2.154000044E0,1.204095078E1,-7.690500617E-1
4.028167398E2,4.503000259E0,1.216005039E1,-1.510950089E0
4.028191835E2,6.856050491E0,1.177995014E1,-8.851950645E0
4.028216272E2,4.393050194E0,7.942050457E0,-1.093305016E1
4.028240708E2,9.259500504E-1,9.598950386E0,-5.613000393E0
4.028265145E2,4.714050293E0,9.145950317E0,-3.601050138E0
4.028289582E2,4.879050255E0,7.176000118E0,-7.519050121E0
4.028314017E2,1.354050040E0,5.928000450E0,-1.983000040E0
4.028338453E2,5.791050434E0,5.812950134E0,-8.310000300E-1
4.028362890E2,8.050950050E0,4.041000366E0,-9.277950287E0
4.028387327E2,2.908050060E0,4.539000034E0,-3.154050112E0
4.028411763E2,3.025950193E0,6.466950417E0,2.185050011E0
4.028436200E2,4.624950409E0,8.461050034E0,-3.960000277E-1
4.028460635E2,4.242000103E0,9.405000687E0,-6.250500083E-1
4.028485072E2,8.731050491E0,9.796950340E0,-4.987950325E0
4.028509509E2,6.952050209E0,7.354950428E0,-1.325805092E1
4.028533946E2,9.000000358E-2,8.812950134E0,-9.136950493E0
4.028558382E2,3.769500256E-1,7.044000149E0,-4.819500148E-1
4.028582819E2,6.880050182E0,5.374950409E0,-3.393000126E0
4.028607256E2,5.566050053E0,4.578000069E0,-2.437950134E0
4.028631690E2,5.419950485E0,5.836950302E0,3.106050253E0
4.028656127E2,1.080705070E1,4.939050198E0,-6.036000252E0
4.028680564E2,3.973950148E0,5.559000492E0,-8.076000214E0
4.028705000E2,-8.380500674E-1,8.689050674E0,2.637000084E0
4.028729437E2,6.030000448E-1,8.080950737E0,-2.419500053E-1
4.028753872E2,5.563950062E0,7.972950459E0,-3.393000126E0
4.028778309E2,1.078800011E1,9.754050255E0,-7.152000427E0
4.028802746E2,9.262950897E0,7.543950558E0,-1.307595062E1
4.028827183E2,1.004999995E0,9.001950264E0,-1.256805038E1
4.028851619E2,-1.365000010E0,8.605050087E0,-2.284950018E0
4.028876056E2,4.560000420E0,7.282950401E0,1.047000051E0
4.028900491E2,5.134950161E0,4.855950356E0,-3.750000238E0
4.028924927E2,5.910000205E-1,7.216050148E0,2.650950193E0
4.028949364E2,6.796950340E0,4.753050327E0,-3.049500287E-1
4.028973801E2,7.714050293E0,4.735949993E0,-8.584050179E0
4.028998237E2,1.168050051E0,6.364050388E0,-2.469000101E0
4.029022674E2,1.215000033E0,8.329950333E0,1.153050065E0
4.029047111E2,2.506050110E0,8.670000076E0,-2.344050169E0
4.029071546E2,5.311950207E0,1.180605030E1,-2.700000070E-2
4.029095983E2,1.115700054E1,1.234005070E1,-7.578000546E0
4.029120419E2,6.607050419E0,8.839950562E0,-1.269000053E1
4.029144857E2,1.639500111E-1,1.052505016E1,-6.124950409E0
4.029169293E2,1.004999995E0,8.859000206E0,-7.789500356E-1
4.029193730E2,5.587050438E0,5.689050198E0,-4.465950012E0
4.029218165E2,3.085050106E0,7.750050545E0,-1.995000124E0
4.029242601E2,5.824050426E0,6.961950302E0,9.970500469E-1
4.029267038E2,9.136050224E0,6.733050346E0,-8.536050797E0
4.029291475E2,1.761000037E0,5.823000431E0,-6.063000202E0
4.029315911E2,2.170950174E0,8.373000145E0,8.389500380E-1
4.029340348E2,3.823050261E0,9.250950813E0,-1.923000097E0
4.029364783E2,2.994000196E0,1.009695053E1,-2.481000185E0
4.029389220E2,6.412950516E0,1.212195015E1,-4.711950302E0
4.029413656E2,7.426050186E0,7.089000225E0,-1.165305042E1
4.029438094E2,2.590050220E0,7.851000309E0,-1.090905094E1
4.029462530E2,1.855050087E0,7.093950272E0,-3.151050091E0
4.029486967E2,6.696000099E0,5.530950069E0,-2.605050087E0
4.029511404E2,2.716950178E0,5.406000137E0,-1.231050014E0
4.029535838E2,1.804050088E0,7.329000473E0,6.724050522E0
4.029560275E2,8.431950569E0,5.167050362E0,-1.495050073E0
4.029584711E2,6.289050102E0,4.113000393E0,-7.771950245E0
4.029609148E2,1.776000142E0,7.141950130E0,-8.959500194E-1
4.029633585E2,3.199950218E0,7.432050228E0,-3.022050142E0
4.029658020E2,4.831050396E0,6.835950375E0,-6.288000107E0
4.029682457E2,7.338000298E0,1.073100090E1,-6.513000488E0
4.029706894E2,7.527000427E0,8.361000061E0,-1.138095093E1
4.029731330E2,1.672950029E0,7.681050301E0,-1.192605019E1
4.029755767E2,-3.919500113E-1,7.570950508E0,-3.771000147E0
4.029780204E2,4.134000301E0,5.152050018E0,4.729500115E-1
4.029804641E2,5.062950134E0,2.647950172E0,-3.894000292E0
4.029829075E2,2.098950148E0,4.149000168E0,2.434050083E0
4.029853512E2,7.896000385E0,4.309950352E0,3.288000107E0
4.029877949E2,9.032999992E0,2.992950201E0,-7.981050491E0
4.029902385E2,1.564950109E0,4.626000404E0,-3.169500232E-1
4.029926822E2,1.669950128E0,9.187050819E0,2.224950075E0
4.029951259E2,7.030500174E-1,7.618950367E0,-2.461950064E0
4.029975694E2,2.994000196E0,1.239300060E1,-8.269500136E-1
4.030000131E2,8.266950607E0,1.095105076E1,-7.522950172E0
4.030024568E2,5.109000206E0,8.665050507E0,-1.207995033E1
4.030049005E2,4.900500178E-1,9.049950600E0,-7.249950409E0
4.030073441E2,2.038950205E0,8.638050079E0,-1.324950099E0
4.030097878E2,4.726050377E0,6.418950081E0,-4.288949966E0
4.030122312E2,3.591000080E0,6.309000492E0,-1.332000017E0
4.030146749E2,8.094000816E0,8.277000427E0,5.010000467E-1
4.030171186E2,8.839050293E0,5.914050102E0,-8.797050476E0
4.030195622E2,2.458050013E0,5.485050201E0,-7.270050526E0
4.030220059E2,1.582050085E0,8.610000610E0,-2.425950050E0
4.030244496E2,3.840000153E0,9.091050148E0,-4.309950352E0
4.030268931E2,4.134000301E0,1.071405029E1,-1.557000041E0
4.030293367E2,7.081050396E0,1.198995018E1,-2.830950022E0
4.030317804E2,6.054000378E0,8.413050652E0,-6.616050243E0
4.030342241E2,1.548000097E0,8.899050713E0,-5.208000183E0
4.030366678E2,1.744950056E0,8.230950356E0,-1.039950013E0
4.030391114E2,6.753000259E0,5.446950436E0,-6.376050472E0
4.030415551E2,2.259000063E0,5.023050308E0,-5.722950459E0
4.030439986E2,3.121050119E0,7.609050274E0,-1.780500114E-1
4.030464423E2,8.938950539E0,4.975050449E0,-5.289000034E0
4.030488859E2,4.363950253E0,5.344050407E0,-7.554000378E0
4.030513296E2,7.510500550E-1,7.393050194E0,4.440000355E-1
4.030537733E2,4.048050404E0,5.650050163E0,-1.024950027E0
4.030562170E2,5.275950432E0,6.847950459E0,-3.511050224E0
4.030586605E2,1.010295010E1,8.413050652E0,-7.336950302E0
4.030611041E2,8.723999977E0,7.192050457E0,-1.365705109E1
4.030635478E2,1.636950135E0,6.534000397E0,-1.268100071E1
4.030659914E2,-1.216050029E0,6.297000408E0,-2.919000149E0
4.030684351E2,4.375950336E0,3.850050211E0,5.400000215E-1
4.030708788E2,5.829000473E0,2.111999989E0,-2.409000158E0
4.030733223E2,3.246000051E0,4.417050362E0,4.075950146E0
4.030757660E2,7.933950424E0,4.465050220E0,1.600050092E0
4.030782097E2,7.429050446E0,2.617050171E0,-6.352950096E0
4.030806533E2,-3.610500097E-1,6.562950134E0,-2.686950207E0
4.030830970E2,9.979500771E-1,8.476050377E0,1.971000075E0
4.030855404E2,3.331950188E0,8.136000633E0,-4.387050152E0
4.030879841E2,5.868000507E0,1.323105049E1,-2.686950207E0
4.030904278E2,8.512949944E0,1.384395027E1,-8.212950706E0
4.030928714E2,3.840000153E0,1.145895100E1,-7.552050591E0
4.030953152E2,1.495950103E0,1.272300053E1,-3.601050138E0
4.030977588E2,2.314050198E0,1.399695110E1,-3.703950167E0
4.031002025E2,1.789950132E0,1.062600040E1,-2.794950247E0
4.031026460E2,-2.895000204E-2,9.043050766E0,1.821000099E0
4.031050897E2,3.909000158E0,1.078605080E1,4.174050331E0
4.031075334E2,5.247000217E0,1.260600090E1,-8.152950287E0
4.031099770E2,8.212050438E0,7.350000381E0,-1.073205090E1
4.031124207E2,1.146105099E1,7.252050400E0,-1.182300091E1
4.031148644E2,6.186000347E0,9.715950012E0,-1.254195023E1
4.031173081E2,5.314950466E0,1.027095032E1,-1.170900059E1
4.031197515E2,5.293050289E0,1.011300087E1,-1.115805054E1
4.031221952E2,1.813950062E0,4.177950382E0,-1.166805077E1
4.031246389E2,-2.659950018E0,4.438950062E0,5.059500337E-1
4.031270825E2,-2.929950237E0,1.836000085E0,8.625000000E0
4.031295262E2,-7.849500179E-1,4.500000179E-2,4.429950237E0
4.031319699E2,-3.660000265E-1,-2.650500238E-1,3.721950293E0
4.031344134E2,1.359000087E0,1.386000037E0,4.998000145E0
4.031368571E2,2.880000114E0,3.400050163E0,7.608000278E0
4.031393007E2,9.624000549E0,2.128050089E0,1.005000062E-2
4.031417444E2,9.361050606E0,1.456050038E0,-3.702000141E0
4.031441881E2,5.355000019E0,2.100000143E0,-7.447050571E0
4.031466315E2,2.757000208E0,1.908000183E1,-1.080795097E1
4.031490752E2,1.718505096E1,3.073095131E1,-3.930000305E0
4.031515189E2,3.769950151E0,8.743950844E0,-1.384050012E0
4.031539625E2,-2.899500132E-1,1.621050119E0,1.962000132E0
4.031564062E2,5.286000252E0,1.371705055E1,1.749000072E0
4.031588499E2,1.415205097E1,1.662795067E1,-7.897050381E0
4.031612936E2,6.684000492E0,8.715000153E0,-1.316205025E1
4.031637371E2,1.942950130E0,9.631950378E0,-1.094700050E1
4.031661808E2,5.191950321E0,1.111200047E1,-1.139205074E1
4.031686245E2,2.809950113E0,1.015395069E1,-8.734950066E0
4.031710681E2,4.369050026E0,7.807950497E0,-2.661000013E0
4.031735118E2,4.582050323E0,1.066905022E1,-1.270500124E-1
4.031759552E2,3.804000139E0,1.029495049E1,-1.474950075E0
4.031783989E2,4.510050297E0,9.429000854E0,-3.573000193E0
4.031808426E2,2.977950096E0,1.033605003E1,-2.265000105E0
4.031832863E2,-1.197000027E0,4.410000324E0,4.399050236E0
4.031857299E2,-3.076050043E0,5.980950356E0,2.565000057E0
4.031881736E2,3.777000189E0,7.228050232E0,2.319000006E0
4.031906173E2,4.414050102E0,1.210950017E0,-6.090000272E-1
4.031930608E2,6.370050430E0,-3.130500019E-1,-4.509000301E0
4.031955044E2,1.161900043E1,3.595950127E0,-9.280950546E0
4.031979481E2,7.378050327E0,3.187050104E0,-1.269495106E1
4.032003918E2,4.005000368E-2,5.473050117E0,-7.083000183E0
4.032028354E2,1.966950059E0,6.108000278E0,2.209500074E-1
4.032052791E2,1.318050027E0,7.561050415E0,-1.939500123E-1
4.032077226E2,7.857000351E0,1.132200050E1,-5.970000029E-1
4.032101663E2,1.081905079E1,1.042905045E1,-7.092000484E0
4.032126099E2,4.399950027E0,6.502950191E0,-1.004505062E1
4.032150537E2,3.679500222E-1,7.753050327E0,-4.075950146E0
4.032174973E2,3.805950165E0,8.500050545E0,-2.941050053E0
4.032199410E2,3.748950243E0,5.452050209E0,-5.572050095E0
4.032223844E2,1.690050125E0,7.051050186E0,3.979500234E-1
4.032248281E2,4.993950367E0,8.293950081E0,-1.758000135E0
4.032272718E2,3.415950060E0,4.482000351E0,-7.240950108E0
4.032297154E2,9.570000172E-1,5.763000488E0,-2.299050093E0
4.032321591E2,4.227000237E0,5.823000431E0,-2.160000086E0
4.032346028E2,3.475950241E0,7.258950233E0,-2.215050220E0
4.032370463E2,7.584000587E0,1.043700027E1,-1.726950049E0
4.032394900E2,7.230000496E0,8.171999931E0,-5.119050026E0
4.032419337E2,2.986950159E0,7.245000362E0,-8.557950020E0
4.032443774E2,4.830000103E-1,7.276050568E0,-2.761050224E0
4.032468210E2,5.808000088E0,5.551950455E0,-1.435050011E0
4.032492647E2,5.202000141E0,3.253950119E0,-5.127000332E0
4.032517084E2,3.457050085E0,5.334000111E0,4.080000222E-1
4.032541518E2,7.471950531E0,8.137949944E0,-1.429950118E0
4.032565955E2,5.422050476E0,5.932950497E0,-6.489000320E0
4.032590391E2,1.752000093E0,8.868000031E0,-2.524050236E0
4.032614828E2,2.085000038E0,9.520050049E0,-4.380000114E0
4.032639265E2,1.696950078E0,1.009905052E1,-6.819000244E0
4.032663702E2,4.726050377E0,1.218195057E1,-4.341000080E0
4.032688137E2,1.032300091E1,1.022400093E1,-1.057605076E1
4.032712574E2,5.295000076E0,6.826050282E0,-1.191000080E1
4.032737010E2,0.000000000E0,8.322000504E0,-3.541950226E0
4.032761447E2,4.657950401E0,7.324050426E0,1.366050124E0
4.032785884E2,6.574050426E0,5.368050098E0,-1.449000120E0
4.032810321E2,5.710050106E0,6.354000092E0,2.383050203E0
4.032834755E2,8.293050766E0,8.479949951E0,1.978950143E0
4.032859192E2,5.680950165E0,6.903000355E0,-4.963950157E0
4.032883629E2,9.349500537E-1,6.775950432E0,-7.930500507E-1
4.032908065E2,1.405050039E0,8.072999954E0,-1.350000054E-1
4.032932502E2,2.611050129E0,1.022595024E1,-2.680050135E0
4.032956939E2,3.946950197E0,1.097295094E1,-2.761050224E0
4.032981374E2,7.378050327E0,1.309200096E1,-6.136950493E0
4.033005811E2,5.728950500E0,9.595950127E0,-9.901050568E0
4.033030247E2,1.720500141E-1,8.820000648E0,-5.803950310E0
4.033054685E2,2.901000023E0,1.067100048E1,-6.130500436E-1
4.033079121E2,4.393050194E0,7.377000332E0,-4.662000179E0
4.033103558E2,2.812050104E0,5.029950142E0,-4.281000137E0
4.033127992E2,5.542050362E0,7.246950150E0,-1.594950080E0
4.033152429E2,7.584000587E0,4.420050144E0,-7.818000317E0
4.033176866E2,3.978000164E0,5.020950317E0,-4.617000103E0
4.033201302E2,5.166000366E0,6.165000439E0,-8.359500170E-1
4.033225740E2,5.508000374E0,6.816000462E0,-3.597000122E0
4.033250176E2,6.367950439E0,9.711000443E0,-3.720000088E-1
4.033274613E2,8.805000305E0,1.119795036E1,-4.198050022E0
4.033299048E2,6.114000320E0,8.908950806E0,-1.059300041E1
4.033323485E2,5.119500160E-1,8.872950554E0,-7.602000237E0
4.033347921E2,9.949500561E-1,7.072950363E0,-6.349500418E-1
4.033372358E2,5.085000038E0,5.734050274E0,-5.574000359E0
4.033396793E2,3.849000216E0,3.072000027E0,-2.458950043E0
4.033421232E2,6.952050209E0,6.502950191E0,1.828050137E0
4.033445667E2,8.731050491E0,4.198950291E0,-5.859000206E0
4.033470103E2,3.178950071E0,5.418000221E0,-2.613000154E0
4.033494540E2,2.721000195E0,8.083050728E0,2.244000196E0
4.033518977E2,3.258000135E0,8.545050621E0,-2.461950064E0
4.033543414E2,3.600000143E0,1.031400013E1,-2.995950222E0
4.033567848E2,8.698050499E0,1.149000072E1,-9.120000839E0
4.033592285E2,4.536000252E0,9.157950401E0,-1.337295055E1
4.033616722E2,-5.029500127E-1,9.073950768E0,-6.214050293E0
4.033641158E2,2.460000068E-1,7.663950443E0,2.280000210E0
4.033665595E2,3.997950077E0,8.686050415E0,-4.909500182E-1
4.033690032E2,4.711050034E0,5.590950489E0,1.210500076E-1
4.033714469E2,9.925950050E0,6.172050476E0,-9.030000567E-1
4.033738904E2,9.435000420E0,6.946050167E0,-1.004895020E1
4.033763341E2,2.416950226E0,6.217950344E0,-7.858950138E0
4.033787778E2,1.591050029E0,9.217950821E0,-3.163050175E0
4.033812214E2,1.953000069E0,8.425050735E0,-2.566950083E0
4.033836651E2,3.448950052E0,9.972000122E0,4.990500212E-1
4.033861085E2,1.014405060E1,1.157400036E1,-3.228000164E0
4.033885524E2,7.503000259E0,7.896000385E0,-9.417000771E0
4.033909959E2,1.716000080E0,9.349950790E0,-7.774950504E0
4.033934396E2,1.551000118E0,8.988000870E0,-1.702950120E0
4.033958833E2,5.022000313E0,7.197000504E0,-2.565000057E0
4.033983269E2,2.824050188E0,6.397050381E0,-1.911000133E0
4.034007706E2,5.494050026E0,7.843950272E0,1.531050086E0
4.034032141E2,7.462050438E0,5.449050426E0,-5.349000454E0
4.034056578E2,2.868000031E0,4.537050247E0,-5.467050076E0
4.034081015E2,3.988050222E0,7.183050156E0,-1.147050023E0
4.034105451E2,5.295000076E0,5.286000252E0,-3.811950207E0
4.034129888E2,4.479000092E0,9.346950531E0,-7.950000465E-3
4.034154325E2,8.257050514E0,1.072905064E1,-3.715950251E0
4.034178759E2,5.314950466E0,8.457000732E0,-9.598950386E0
4.034203196E2,1.740000099E-1,8.701050758E0,-7.231050491E0
4.034227633E2,6.840000153E-1,7.348050117E0,-1.030500084E-1
4.034252069E2,3.922950268E0,5.089950085E0,-2.440050125E0
4.034276506E2,2.824050188E0,3.402000189E0,-2.191050053E0
4.034300941E2,5.377050400E0,4.615950108E0,2.067000151E0
4.034325380E2,8.080050468E0,4.623000145E0,-4.903950214E0
4.034349814E2,3.694050074E0,2.016000032E0,-4.897050381E0
4.034374251E2,3.040050030E0,6.421050072E0,5.800500512E-1
4.034398688E2,3.508950233E0,5.289000034E0,-3.376050234E0
4.034423124E2,5.008050442E0,7.372050285E0,-2.626950026E0
4.034447561E2,8.049000740E0,8.776950836E0,-4.921050072E0
4.034471996E2,3.871050119E0,7.390950203E0,-1.001805019E1
4.034496435E2,-2.610000074E-1,6.832950115E0,-8.148000717E0
4.034520870E2,1.369050026E0,5.827950478E0,-7.999500632E-1
4.034545307E2,6.057000160E0,3.979050159E0,-4.590000153E0
4.034569743E2,2.106000185E0,2.515950203E0,-1.569000125E0
4.034594180E2,4.275000095E0,5.272050381E0,1.672050118E0
4.034618617E2,9.622050285E0,4.791000366E0,-5.224950314E0
4.034643051E2,4.350000381E0,4.543950081E0,-4.665000439E0
4.034667488E2,2.470050097E0,8.145000458E0,2.103000164E0
4.034691925E2,2.386050224E0,8.526000023E0,-1.345950007E0
4.034716361E2,3.030000210E0,1.146600056E1,-1.356000066E0
4.034740798E2,8.722050667E0,1.283100033E1,-7.327050209E0
4.034765233E2,5.640000343E0,9.430950165E0,-1.234995079E1
4.034789670E2,4.300500154E-1,8.855999947E0,-6.525000095E0
4.034814107E2,1.183950067E0,9.673050880E0,3.150000274E-1
4.034838543E2,4.204050064E0,9.286950111E0,-1.369950056E0
4.034862980E2,3.910950184E0,7.125000477E0,-1.480050087E0
4.034887417E2,8.437050819E0,7.834050179E0,1.690500081E-1
4.034911854E2,1.056300068E1,8.485050201E0,-8.875950813E0
4.034936288E2,3.952050209E0,7.768950462E0,-5.632050037E0
4.034960725E2,2.556000233E0,1.083405018E1,-3.067950249E0
4.034985162E2,2.061000109E0,1.034295082E1,-3.276000261E0
4.035009598E2,2.877000093E0,1.260300064E1,1.282050014E0
4.035034035E2,9.310950279E0,1.478505039E1,-2.577000141E0
4.035058472E2,6.631050110E0,1.017600060E1,-6.738000393E0
4.035082907E2,2.815050125E0,1.094895077E1,-6.333000183E0
4.035107344E2,2.575050116E0,1.146405029E1,-1.789050102E0
4.035131780E2,4.977000237E0,6.589050293E0,-4.027950287E0
4.035156217E2,3.298950195E0,7.567950249E0,-3.906000137E0
4.035180653E2,5.566050053E0,8.197950363E0,-9.079500437E-1
4.035205090E2,7.660950184E0,7.056000233E0,-6.360000134E0
4.035229525E2,2.305050135E0,6.430950165E0,-3.915000200E0
4.035253962E2,3.664950132E0,7.243050575E0,5.595000088E-2
4.035278399E2,5.089050293E0,7.120950222E0,-2.320950031E0
4.035302835E2,4.516950130E0,9.151050568E0,-1.420050025E0
4.035327272E2,7.243950367E0,1.241400051E1,-6.142050266E0
4.035351709E2,3.816000223E0,8.476050377E0,-9.292950630E0
4.035376143E2,4.090500176E-1,7.405050278E0,-4.183050156E0
4.035400580E2,2.298000097E0,9.073950768E0,-4.219500124E-1
4.035425017E2,2.307000160E0,6.579000473E0,-2.644050121E0
4.035449453E2,1.147950053E0,3.979050159E0,8.650500178E-1
4.035473890E2,4.714050293E0,6.121950150E0,2.383050203E0
4.035498327E2,5.566050053E0,4.705049992E0,-5.536050320E0
4.035522764E2,2.809950113E0,4.759950161E0,-4.960950375E0
4.035547199E2,3.885000229E0,6.958050251E0,-3.039000034E0
4.035571636E2,3.568950176E0,5.902050495E0,-4.830000401E0
4.035596072E2,5.049000263E0,9.145950317E0,-1.686000109E0
4.035620509E2,1.011495018E1,9.153000832E0,-5.866050243E0
4.035644946E2,5.626050472E0,6.759000301E0,-9.409950256E0
4.035669380E2,3.390000165E-1,8.334000587E0,-4.855950356E0
4.035693817E2,4.267950058E0,7.720950603E0,-1.285950065E0
4.035718254E2,6.603000164E0,4.312050343E0,-5.854950428E0
4.035742691E2,2.973000050E0,5.983050346E0,-2.215050220E0
4.035767127E2,5.616000175E0,7.507950306E0,-8.940000534E-1
4.035791564E2,4.552950382E0,6.076950073E0,-7.039950371E0
4.035816001E2,1.950000064E-3,7.377000332E0,-1.654950023E0
4.035840436E2,2.311950207E0,7.530000210E0,8.800500631E-1
4.035864873E2,4.113000393E0,6.754050255E0,-3.604050159E0
4.035889310E2,6.528000355E0,1.171005058E1,-1.296000004E0
4.035913746E2,9.291000366E0,1.082700062E1,-8.799000740E0
4.035938183E2,3.109050035E0,9.285000801E0,-1.133295059E1
4.035962617E2,5.400000140E-2,1.115205097E1,-2.704050064E0
4.035987057E2,2.164050102E0,1.034295082E1,6.520500183E-1
4.036011491E2,4.014000416E0,8.491950035E0,-1.486950040E0
4.036035928E2,3.816000223E0,8.587950706E0,2.119950056E0
4.036060364E2,7.273050308E0,9.172050476E0,-8.340000510E-1
4.036084801E2,6.004050255E0,6.127050400E0,-6.265950203E0
4.036109238E2,4.438050270E0,7.516050339E0,-4.516050339E0
4.036133673E2,5.566050053E0,8.914050102E0,-3.259050131E0
4.036158110E2,4.465050220E0,8.326950073E0,-3.895950079E0
4.036182547E2,5.656950474E0,1.258200073E1,9.439500570E-1
4.036206983E2,8.542050362E0,1.193295097E1,-6.064950466E0
4.036231420E2,3.231000185E0,9.013950348E0,-8.637000084E0
4.036255857E2,1.270950079E0,1.042500019E1,-2.292000055E0
4.036280291E2,4.438050270E0,9.694050789E0,-2.446950197E0
4.036304728E2,4.510050297E0,5.986050129E0,-5.296950340E0
4.036329164E2,3.519000053E0,6.586950302E0,-1.815000057E0
4.036353601E2,6.721950531E0,6.856950283E0,-9.150000215E-1
4.036378038E2,4.945950031E0,5.131050110E0,-6.381000519E0
4.036402475E2,2.254950047E0,6.784950256E0,-5.100000501E-1
4.036426912E2,3.358050108E0,6.388050079E0,-6.570000052E-1
4.036451347E2,3.246000051E0,6.625050545E0,4.905000329E-2
4.036475784E2,6.133050442E0,1.195500088E1,9.490500689E-1
4.036500220E2,6.433050156E0,1.005105019E1,-7.624050140E0
4.036524657E2,7.129500508E-1,7.183050156E0,-1.011405087E1
4.036549094E2,-5.740500093E-1,7.944000244E0,-2.665050030E0
4.036573528E2,2.877000093E0,7.006050110E0,-3.760050297E0
4.036597965E2,3.387000084E0,3.202950239E0,-5.329950333E0
4.036622402E2,3.753000259E0,6.057000160E0,-1.732050061E0
4.036646839E2,6.940050125E0,5.509050369E0,-3.514950275E0
4.036671275E2,2.293050051E0,4.185000420E0,-7.305000305E0
4.036695712E2,1.423950076E0,6.892950535E0,-2.361000061E0
4.036720149E2,4.860000134E0,3.844950199E0,-3.769050121E0
4.036744584E2,5.427000046E0,6.328050137E0,-3.472050190E0
4.036769020E2,8.133000374E0,9.201000214E0,-2.419050217E0
4.036793457E2,5.343000412E0,7.234950542E0,-6.180000305E0
4.036817893E2,-6.405000389E-2,6.508050442E0,-6.297000408E0
4.036842330E2,2.020050049E0,6.642000198E0,-1.032000065E0
4.036866765E2,6.709950447E0,3.874050140E0,-6.915000439E0
4.036891202E2,3.682050228E0,2.619000196E0,-5.026050091E0
4.036915639E2,5.077050209E0,5.005950451E0,1.105050087E0
4.036940075E2,8.391000748E0,3.759000063E0,-5.086050034E0
4.036964512E2,2.595000029E0,3.723000288E0,-5.898000240E0
4.036988949E2,2.611050129E0,5.631000042E0,-1.150050044E0
4.037013383E2,6.262950420E0,3.820950270E0,-4.357950211E0
4.037037820E2,6.315000534E0,6.939000130E0,-2.998050213E0
4.037062257E2,8.756999969E0,8.842050552E0,-3.168000221E0
4.037086694E2,3.780000210E0,6.589050293E0,-9.901050568E0
4.037111130E2,2.670000196E-1,8.944950104E0,-9.168000221E0
4.037135567E2,3.559050083E0,7.633050442E0,-6.526950359E0
4.037160004E2,6.291000366E0,5.044950008E0,-6.766950130E0
4.037184439E2,1.642050028E0,5.269950390E0,2.950950146E0
4.037208876E2,4.117050171E0,7.687950134E0,6.511050224E0
4.037233312E2,7.062000275E0,7.549050331E0,-2.173950195E0
4.037257749E2,4.182000160E0,7.534950256E0,-2.704050064E0
4.037282185E2,3.811050177E0,9.105000496E0,-3.405000210E0
4.037306622E2,4.831050396E0,9.289950371E0,-7.246050358E0
4.037331057E2,6.022950172E0,1.386495113E1,-5.146050453E0
4.037355494E2,7.984050274E0,1.565595055E1,-8.447999954E0
4.037379931E2,3.289050102E0,1.164300060E1,-6.930000305E0
4.037404367E2,2.820000052E-1,1.022100067E1,8.080500364E-1
4.037428804E2,3.166950226E0,1.346100044E1,2.310000062E-1
4.037453241E2,3.255000114E0,9.298950195E0,-2.194050074E0
4.037477675E2,2.274000168E0,8.392050743E0,-1.504050016E0
4.037502112E2,5.902950287E0,1.179195023E1,-4.447050095E0
4.037526549E2,4.588950157E0,9.763950348E0,-7.756050587E0
4.037550986E2,2.130000114E0,9.352050781E0,-3.295050144E0
4.037575422E2,4.419000149E0,1.045800018E1,-5.890500546E-1
4.037599859E2,3.907050133E0,9.900000572E0,-1.408050060E0
4.037624294E2,6.691050529E0,1.293105030E1,-9.940500259E-1
4.037648731E2,7.861950397E0,1.085100079E1,-7.210050106E0
4.037673168E2,3.520950079E0,7.213950157E0,-9.748050690E0
4.037697604E2,2.142000198E0,7.561050415E0,-3.940950155E0
4.037722041E2,4.488000393E0,7.180050373E0,-3.379050255E0
4.037746478E2,3.619050264E0,4.354950428E0,-3.403050184E0
4.037770912E2,6.129000187E0,6.699000359E0,2.710950136E0
4.037795349E2,8.523000717E0,5.611950397E0,6.349500418E-1
4.037819786E2,3.910950184E0,4.222949982E0,-3.123000145E0
4.037844222E2,2.845950127E0,7.573050499E0,1.512000084E0
4.037868659E2,4.648950100E0,6.010050297E0,-2.514000177E0
4.037893096E2,4.072050095E0,6.394950390E0,-3.637050152E0
4.037917533E2,9.367950439E0,1.060395050E1,-7.159050465E0
4.037941967E2,6.202950478E0,7.132050514E0,-1.167495060E1
4.037966404E2,8.749500513E-1,6.687000275E0,-9.501000404E0
4.037990841E2,2.449050188E0,7.009950161E0,-3.316950083E0
4.038015277E2,4.917000294E0,5.506950378E0,-3.475050211E0
4.038039714E2,1.656000137E0,4.432050228E0,-1.501950026E0
4.038064149E2,4.120050430E0,5.530950069E0,3.382050276E0
4.038088586E2,7.101000309E0,4.092000008E0,-2.083950043E0
4.038113023E2,3.670050144E0,4.052999973E0,-6.297000408E0
4.038137459E2,3.871050119E0,6.481050491E0,-2.086050034E0
4.038161896E2,5.307000160E0,4.957950115E0,-6.028950214E0
4.038186333E2,5.628000259E0,8.866050720E0,-2.854050159E0
4.038210770E2,8.740950584E0,9.924000740E0,-1.284000039E0
4.038235204E2,3.595050097E0,8.278950691E0,-9.790950775E0
4.038259641E2,-5.269500017E-1,1.029495049E1,-3.502950191E0
4.038284078E2,1.455000043E0,9.370950699E0,-8.940000534E-1
4.038308514E2,2.616000175E0,7.551000595E0,-4.236000061E0
4.038332951E2,2.752950191E0,7.872000217E0,1.093050003E0
4.038357388E2,7.122000217E0,9.529050827E0,-2.991000175E0
4.038381825E2,5.680950165E0,7.699950218E0,-6.532050133E0
4.038406260E2,2.616000175E0,8.368050575E0,-4.753050327E0
4.038430697E2,3.909000158E0,1.041300011E1,-4.075950146E0
4.038455133E2,5.283000469E0,1.043895054E1,-4.957050323E0
4.038479570E2,5.827050209E0,1.450200081E1,-2.581950188E0
4.038504007E2,6.373050213E0,1.401600075E1,-7.120950222E0
4.038528444E2,1.420950055E0,1.051305008E1,-7.389000416E0
4.038552878E2,7.630500197E-1,1.092495060E1,-2.866050243E0
4.038577315E2,3.736950159E0,1.083195019E1,-3.775950193E0
4.038601752E2,3.016050100E0,5.430000305E0,-6.649050236E0
4.038626188E2,3.837000132E0,6.883050442E0,-1.699950099E0
4.038650625E2,7.345050335E0,7.369950294E0,-3.288000107E0
4.038675060E2,2.965950251E0,6.637050152E0,-5.610000134E0
4.038699497E2,2.908050060E0,7.876950264E0,1.177050114E0
4.038723934E2,5.155950069E0,6.661050320E0,-8.940000534E-1
4.038748370E2,4.381050110E0,7.800000191E0,-2.221950054E0
4.038772807E2,8.797950745E0,1.199505043E1,-2.944950104E0
4.038797242E2,5.299950123E0,7.932000160E0,-1.057800007E1
4.038821681E2,1.105050087E0,6.790050507E0,-8.221950531E0
4.038846116E2,2.932050228E0,8.077950478E0,-2.799000025E0
4.038870553E2,5.365050316E0,4.911000252E0,-5.449950218E0
4.038894989E2,3.418050051E0,3.352050066E0,-3.409950256E0
4.038919426E2,6.259950161E0,7.030050278E0,1.035000086E0
4.038943863E2,5.740950108E0,5.394000053E0,-5.184000015E0
4.038968297E2,8.110500574E-1,6.502950191E0,-4.641000271E0
4.038992734E2,1.663050056E0,6.904950142E0,-6.060000062E-1
4.039017171E2,4.657950401E0,5.049000263E0,-4.590000153E0
4.039041607E2,6.583050251E0,8.204999924E0,-4.132950306E0
4.039066044E2,9.025950432E0,8.794050217E0,-7.720050335E0
4.039090481E2,1.644000053E0,6.634050369E0,-9.444000244E0
4.039114918E2,2.980500162E-1,8.257950783E0,-2.683950186E0
4.039139352E2,5.394000053E0,8.743950844E0,-6.850500107E-1
4.039163789E2,4.153050423E0,5.749050140E0,-2.935950041E0
4.039188226E2,3.640950203E0,7.566000462E0,2.127000093E0
4.039212663E2,6.780000210E0,7.233000278E0,-1.660050035E0
4.039237099E2,3.058950186E0,6.876000404E0,-5.469000340E0
4.039261536E2,8.560500145E-1,8.137949944E0,-6.400500536E-1
4.039285971E2,3.315000057E0,8.039999962E0,-3.106050253E0
4.039310408E2,2.779050112E0,9.141000748E0,-4.176000118E0
4.039334844E2,6.745950222E0,1.241400051E1,-3.292950153E0
4.039359281E2,6.358050346E0,1.048905087E1,-8.488050461E0
4.039383718E2,1.053000093E0,8.743950844E0,-5.809050083E0
4.039408153E2,8.989500403E-1,1.012500095E1,-1.072950006E0
4.039432589E2,4.654050350E0,9.031050682E0,-4.344000340E0
4.039457026E2,3.022950172E0,5.005950451E0,-5.955000401E0
4.039481463E2,5.652000427E0,5.847000122E0,-2.148000002E0
4.039505899E2,7.078950405E0,4.960950375E0,-7.059000492E0
4.039530336E2,2.518050194E0,5.808000088E0,-6.979950428E0
4.039554773E2,1.534050107E0,6.211050510E0,-2.639999986E-1
4.039579208E2,3.472950220E0,4.465050220E0,-5.100000501E-1
4.039603645E2,5.944050312E0,7.057950497E0,-3.720000088E-1
4.039628081E2,9.532950401E0,9.613050461E0,-2.554950237E0
4.039652518E2,3.363000154E0,7.209000111E0,-6.879000187E0
4.039676955E2,6.529500484E-1,7.875000477E0,-3.367050171E0
4.039701390E2,2.982000113E0,9.586950302E0,3.705000132E-2
4.039725826E2,4.052999973E0,5.776950359E0,-4.530000210E0
4.039750263E2,2.839050055E0,6.301950455E0,-1.590000093E-1
4.039774700E2,6.718050480E0,7.384050369E0,-6.660000086E-1
4.039799136E2,5.014950275E0,6.505050182E0,-5.100000381E0
4.039823573E2,2.413050175E0,7.341000557E0,-7.039500475E-1
4.039848010E2,4.303950310E0,9.091050148E0,-3.304950237E0
4.039872445E2,5.556000233E0,7.999050617E0,-5.455050468E0
4.039896882E2,8.683050156E0,1.137300014E1,-5.743950367E0
4.039921319E2,7.195950508E0,1.154295063E1,-9.766950607E0
4.039945755E2,3.820500076E-1,9.304050446E0,-7.486950397E0
4.039970192E2,-6.940500140E-1,1.004205036E1,-8.100000620E-1
4.039994626E2,3.105000257E0,8.758049965E0,-1.732050061E0
4.040019066E2,3.097050190E0,5.218950272E0,-3.541950226E0
4.040043500E2,7.207950115E0,4.966050148E0,-7.930500507E-1
4.040067937E2,7.596000195E0,4.960950375E0,-3.645000219E0
4.040092373E2,2.701950073E0,4.305000305E0,-1.744050026E0
4.040116810E2,3.801000118E0,7.918050289E0,3.742950201E0
4.040141247E2,4.572000027E0,6.313950062E0,-2.040000111E-1
4.040165682E2,4.849950314E0,7.420050144E0,-1.363050103E0
4.040190119E2,8.829000473E0,1.109295082E1,-3.511050224E0
4.040214556E2,3.160050154E0,7.755000591E0,-9.855000496E0
4.040238992E2,-1.170000061E-1,8.461050034E0,-3.309000254E0
4.040263429E2,2.389050007E0,8.275050163E0,-3.439050198E0
4.040287863E2,4.524000168E0,5.172000408E0,-7.126050472E0
4.040312302E2,3.325050116E0,5.514000416E0,-2.047950029E0
4.040336737E2,6.615000248E0,7.462950230E0,-1.210050106E0
4.040361174E2,3.748950243E0,6.007050514E0,-4.705049992E0
4.040385610E2,1.543950081E0,8.995050430E0,8.629500270E-1
4.040410047E2,3.303000212E0,8.293950081E0,-6.160500050E-1
4.040434484E2,5.520000458E0,5.767950058E0,-6.253950119E0
4.040458919E2,9.873000145E0,8.908950806E0,-6.304950237E0
4.040483355E2,7.972050190E0,8.296050072E0,-1.242405033E1
4.040507792E2,1.180050015E0,8.437050819E0,-8.632050514E0
4.040532229E2,1.158000112E0,9.164999962E0,-1.264950037E0
4.040556665E2,6.142950058E0,7.144050121E0,-2.163000107E0
4.040581102E2,4.012050152E0,5.239050388E0,-2.521950006E0
4.040605537E2,6.835050106E0,7.498950481E0,6.349500418E-1
4.040629974E2,6.865950108E0,5.023050308E0,-3.436050177E0
4.040654411E2,1.299000025E0,6.204000473E0,-5.325000286E0
4.040678848E2,1.672950029E0,7.690050602E0,-1.903950095E0
4.040703284E2,5.146950245E0,5.298000336E0,-3.496050119E0
4.040727721E2,6.756000519E0,6.466950417E0,-2.955000162E0
4.040752158E2,1.024200058E1,9.514950752E0,-5.083950043E0
4.040776592E2,3.562050104E0,7.726050377E0,-9.772050858E0
4.040801029E2,-3.640500307E-1,9.703950882E0,-5.380050182E0
4.040825465E2,3.100050211E0,9.085950851E0,-1.255050063E0
4.040849902E2,4.168050289E0,5.272050381E0,-3.850050211E0
4.040874339E2,2.343000174E0,6.735000134E0,1.729950070E0
4.040898774E2,6.634050369E0,6.330000401E0,9.709500670E-1
4.040923211E2,5.026950359E0,5.124000072E0,-4.735949993E0
4.040947647E2,1.186950088E0,6.390000343E0,-1.387050033E0
4.040972084E2,3.211950064E0,8.290950775E0,-2.277000189E0
4.040996521E2,4.273050308E0,7.048950195E0,-5.335050106E0
4.041020957E2,8.638050079E0,1.099005032E1,-2.755950212E0
4.041045394E2,7.570050240E0,1.122900009E1,-7.578000546E0
4.041069829E2,1.053000093E0,1.025895023E1,-6.328950405E0
4.041094266E2,-7.050000131E-3,1.183200073E1,-9.529500604E-1
4.041118703E2,3.054000139E0,9.481050491E0,-3.229950190E0
4.041143140E2,2.416950226E0,6.850050449E0,-5.682000160E0
4.041167576E2,5.242950439E0,8.404050827E0,-3.034050226E0
4.041192013E2,7.204050541E0,6.775950432E0,-7.042050362E0
4.041216448E2,2.238000154E0,7.129950523E0,-4.791000366E0
4.041240884E2,2.719050169E0,9.079050064E0,-5.730000138E-1
4.041265321E2,4.945950031E0,7.848000526E0,-2.850000143E0
4.041289758E2,5.097000122E0,1.049895096E1,-2.173950195E0
4.041314194E2,8.571000099E0,1.319205093E1,-6.388050079E0
4.041338631E2,3.607050180E0,9.493050575E0,-9.994050026E0
4.041363066E2,5.205000192E-2,1.016100025E1,-5.746950150E0
4.041387503E2,3.757950068E0,8.536050797E0,-3.148950100E0
4.041411940E2,5.410050392E0,4.899000168E0,-8.433000565E0
4.041436376E2,4.299000263E0,5.406000137E0,-3.325950146E0
4.041460813E2,7.740000248E0,6.658050537E0,-3.055950165E0
4.041485248E2,4.144050121E0,5.005950451E0,-5.758950233E0
4.041509685E2,1.728000045E0,8.445000648E0,2.461950064E0
4.041534122E2,4.096050262E0,8.428050041E0,1.809000134E0
4.041558558E2,3.160050154E0,7.084950447E0,-1.675950050E0
4.041582995E2,7.393050194E0,1.110195065E1,-3.517950058E0
4.041607431E2,5.973000050E0,8.157000542E0,-9.913050652E0
4.041631868E2,-2.800500095E-1,8.506950378E0,-9.228000641E0
4.041656303E2,-8.595000207E-2,8.350950241E0,-3.268950224E0
4.041680740E2,4.929000378E0,6.120000362E0,-3.526950121E0
4.041705177E2,4.405050278E0,4.432050228E0,-3.124950171E0
4.041729613E2,6.967050552E0,6.802050114E0,1.759500057E-1
4.041754050E2,7.030950546E0,4.666050434E0,-4.222050190E0
4.041778487E2,1.797000051E0,6.036000252E0,-4.051949978E0
4.041802924E2,2.317050219E0,7.587000370E0,-1.389000058E0
4.041827358E2,3.853950262E0,5.895000458E0,-5.737050056E0
4.041851795E2,5.668950081E0,8.976000786E0,-3.285000086E0
4.041876232E2,7.675050259E0,1.085295010E1,-5.002050400E0
4.041900668E2,1.371000051E0,9.181950569E0,-5.281950474E0
4.041925105E2,-5.410500169E-1,1.074300098E1,2.749950171E0
4.041949540E2,2.863050222E0,1.053000069E1,1.432950020E0
4.041973977E2,4.050000191E0,7.578000546E0,-4.315050125E0
4.041998414E2,5.428950310E0,9.081000328E0,-2.649000168E0
4.042022850E2,7.812000275E0,8.899050713E0,-7.630950451E0
4.042047287E2,2.092050076E0,7.798050404E0,-6.391050339E0
4.042071724E2,9.430500269E-1,1.047000027E1,-7.240500450E-1
4.042096161E2,3.540000200E0,1.082400036E1,-3.166050196E0
4.042120595E2,5.362050056E0,1.008195019E1,-2.929050207E0
4.042145032E2,1.001700020E1,1.286400032E1,-4.540050030E0
4.042169468E2,6.066000462E0,1.057995033E1,-9.292950630E0
4.042193905E2,7.060500383E-1,9.601050377E0,-6.582000256E0
4.042218342E2,1.491000056E0,9.751950264E0,-3.669000149E0
4.042242779E2,3.925950289E0,7.587000370E0,-6.139050484E0
4.042267214E2,2.266950130E0,4.278000355E0,-4.593000412E0
4.042291651E2,7.108050346E0,6.117000103E0,-2.004000187E0
4.042316087E2,5.200050354E0,4.543950081E0,-6.259050369E0
4.042340524E2,2.737950087E0,5.356050491E0,-3.000000119E-1
4.042364961E2,5.250000477E0,6.772950172E0,3.030000210E0
4.042389396E2,5.382000446E0,4.719000340E0,-8.050500154E-1
4.042413832E2,9.112050056E0,8.308050156E0,5.595000088E-2
4.042438269E2,5.752950191E0,8.488050461E0,-4.849050045E0
4.042462706E2,6.979500055E-1,7.638000488E0,-7.099950314E0
4.042487142E2,-2.610000074E-1,8.629050255E0,7.099500299E-1
4.042511579E2,3.969000101E0,7.306950569E0,-2.055000067E0
4.042536016E2,3.448950052E0,4.410000324E0,-3.513000250E0
4.042560451E2,5.647050381E0,7.276050568E0,-1.063950062E0
4.042584888E2,6.492000103E0,6.961950302E0,-5.413950443E0
4.042609325E2,2.359950066E0,6.607950211E0,-3.906000137E0
4.042633761E2,1.848000050E0,9.333000183E0,-1.468050122E0
4.042658198E2,3.691050291E0,7.906050205E0,-5.280000210E0
4.042682633E2,4.546050072E0,8.061000824E0,-6.156000137E0
4.042707072E2,8.857950211E0,8.848950386E0,-8.047950745E0
4.042731507E2,5.001000404E0,5.310000420E0,-1.106400013E1
4.042755944E2,1.455000043E0,6.828000546E0,-5.707950115E0
4.042780380E2,4.239000320E0,6.067050457E0,-4.815000057E0
4.042804817E2,3.337050200E0,2.332050085E0,-7.774950504E0
4.042829254E2,2.781000137E0,5.053950310E0,7.740000486E-1
4.042853688E2,7.255950451E0,5.109000206E0,2.665950060E0
4.042878125E2,1.888050079E0,2.061000109E0,-1.516050100E0
4.042902562E2,1.108050108E0,5.623950481E0,3.418050051E0
4.042926998E2,5.346000195E0,5.035050392E0,-1.960950136E0
4.042951435E2,5.944050312E0,3.844950199E0,-5.397000313E0
4.042975870E2,9.547950745E0,8.290950775E0,-6.348000526E0
4.043000307E2,3.895050287E0,6.129000187E0,-1.057095051E1
4.043024744E2,-7.590000629E-1,8.149950027E0,-4.489950180E0
4.043049181E2,7.770000100E-1,1.023105049E1,2.023950100E0
4.043073618E2,3.265050173E0,6.984000206E0,-1.000950098E0
4.043098054E2,2.146950006E0,6.864000320E0,3.859500289E-1
4.043122491E2,5.467950344E0,7.765050411E0,-4.099500179E-1
4.043146925E2,5.290950298E0,5.904000282E0,-7.068000317E0
4.043171362E2,2.173050165E0,7.402950287E0,-4.116000175E0
4.043195799E2,2.748000145E0,1.068300056E1,-4.405950069E0
4.043220235E2,3.552000284E0,9.448050499E0,-4.564050198E0
4.043244672E2,6.307950497E0,1.191105080E1,-3.793050289E0
4.043269109E2,7.282950401E0,1.360905075E1,-6.918000221E0
4.043293544E2,1.812000036E0,9.417000771E0,-4.132950306E0
4.043317980E2,1.108050108E0,1.070505047E1,-6.469500065E-1
4.043342417E2,3.430050135E0,1.245705032E1,-4.473000050E0
4.043366854E2,2.932050228E0,7.228050232E0,-3.673050165E0
4.043391290E2,5.106000423E0,8.148000717E0,-2.593050241E0
4.043415728E2,6.531000137E0,9.951000214E0,-6.088950157E0
4.043440162E2,1.833000064E0,9.220050812E0,-3.015000105E0
4.043464599E2,2.392950058E0,1.127505016E1,7.339500189E-1
4.043489036E2,3.547950268E0,8.763000488E0,-1.108950019E0
4.043513472E2,5.070000172E0,1.038600063E1,-1.959000111E0
4.043537909E2,9.535950661E0,1.255095100E1,-4.990050316E0
4.043562346E2,3.898950100E0,8.358000755E0,-9.096000671E0
4.043586781E2,1.540950060E0,9.553050041E0,-3.442950249E0
4.043611218E2,3.715050220E0,1.048905087E1,-1.714950085E0
4.043635655E2,2.863050222E0,6.430950165E0,-4.662000179E0
4.043660091E2,4.699050426E0,6.862050533E0,-8.700000644E-1
4.043684528E2,8.068050385E0,7.525050163E0,-3.670950174E0
4.043708965E2,3.042000055E0,6.309000492E0,-4.744050026E0
4.043733402E2,1.669950128E0,9.763950348E0,-4.530000091E-1
4.043757836E2,2.856000185E0,8.248050690E0,-2.341950178E0
4.043782273E2,3.528000116E0,8.650050163E0,-2.851950169E0
4.043806709E2,8.689949989E0,1.182300091E1,-5.203050137E0
4.043831146E2,4.567049980E0,8.224050522E0,-9.901050568E0
4.043855583E2,2.359500080E-1,7.561050415E0,-6.001050472E0
4.043880018E2,1.929000139E0,8.554950714E0,-1.755000114E0
4.043904457E2,3.658050060E0,4.554000378E0,-4.873050213E0
4.043928892E2,3.825000286E0,4.396049976E0,-4.344000340E0
4.043953328E2,8.074950218E0,5.691000462E0,-4.018050194E0
4.043977765E2,6.018000126E0,2.971050024E0,-6.384000301E0
4.044002202E2,2.899050236E0,6.217950344E0,-1.477950096E0
4.044026638E2,5.005950451E0,5.659950256E0,2.089500129E-1
4.044051073E2,5.326050282E0,4.633050442E0,-2.874000072E0
4.044075510E2,9.526050568E0,9.793050766E0,-2.497950077E0
4.044099947E2,6.808950424E0,6.960000515E0,-7.557000160E0
4.044124383E2,-8.805000782E-2,7.729050159E0,-8.550000191E0
4.044148820E2,1.612950087E0,8.775000572E0,-6.481950283E0
4.044173255E2,6.679050446E0,4.084949970E0,-8.770950317E0
4.044197691E2,2.925000191E0,5.698050499E0,-2.646000147E0
4.044222128E2,6.781950474E0,4.723950386E0,1.722000122E0
4.044246565E2,8.743050575E0,4.774050236E0,-3.637050152E0
4.044271001E2,2.499000072E0,6.543000221E0,-9.679500461E-1
4.044295438E2,2.941950083E0,8.533050537E0,7.860000134E-1
4.044319875E2,3.616950274E0,6.538950443E0,-3.903000116E0
4.044344310E2,6.712950230E0,9.745050430E0,-5.446950436E0
4.044368747E2,7.635000229E0,9.346950531E0,-1.065000057E1
4.044393184E2,-1.905000024E-2,8.988000870E0,-7.641000271E0
4.044417620E2,-1.055999994E0,9.723000526E0,8.269500136E-1
4.044442057E2,2.968050241E0,7.635000229E0,-6.919500232E-1
4.044466491E2,3.574050188E0,6.448050499E0,-2.518950224E0
4.044490928E2,7.465050220E0,7.474950314E0,-2.923950195E0
4.044515365E2,7.405050278E0,6.463950157E0,-7.116000175E0
4.044539802E2,1.263000011E0,7.192050457E0,-4.018050194E0
4.044564239E2,1.491000056E0,9.250950813E0,-6.000000238E-2
4.044588675E2,3.484950066E0,7.039050102E0,-2.506950140E0
4.044613112E2,6.226950169E0,9.595950127E0,-3.760050297E0
4.044637547E2,9.211950302E0,1.142505074E1,-6.819000244E0
4.044661984E2,2.653950214E0,8.710050583E0,-5.794950485E0
4.044686421E2,1.090500057E-1,1.062105083E1,-6.780000329E-1
4.044710856E2,2.695050240E0,9.702000618E0,3.405000269E-2
4.044735293E2,2.398050070E0,7.615950584E0,-3.217950106E0
4.044759730E2,4.620000362E0,8.542950630E0,-9.130500555E-1
4.044784165E2,7.303950310E0,7.956000328E0,-5.056950092E0
4.044808602E2,3.471000195E0,7.774050236E0,-4.056000233E0
4.044833038E2,1.804050088E0,1.093500042E1,-3.979500234E-1
4.044857476E2,4.141050339E0,8.524050713E0,-3.076950073E0
4.044881912E2,4.657950401E0,1.077705097E1,-3.348000050E0
4.044906349E2,8.980050087E0,1.276905060E1,-5.878050327E0
4.044930784E2,4.945950031E0,1.004895020E1,-7.975950241E0
4.044955220E2,6.030000448E-1,9.976950645E0,-3.757050276E0
4.044979657E2,2.191950083E0,9.811950684E0,-5.560500026E-1
4.045004094E2,3.102000237E0,6.382950306E0,-4.228950024E0
4.045028530E2,4.417050362E0,6.369000435E0,-2.991000175E0
4.045052967E2,7.387950420E0,7.338000298E0,-4.626000404E0
4.045077402E2,4.321050167E0,6.241950512E0,-5.947950363E0
4.045101839E2,8.520000577E-1,8.803950310E0,-3.640500307E-1
4.045126276E2,2.803050041E0,8.557050705E0,4.969500303E-1
4.045150712E2,3.931050301E0,7.768950462E0,-1.384050012E0
4.045175149E2,7.848000526E0,1.055205059E1,-3.573000193E0
4.045199586E2,5.293050289E0,7.690050602E0,-9.171000481E0
4.045224023E2,3.769500256E-1,7.291050434E0,-6.646950245E0
4.045248457E2,2.755050182E0,7.743000507E0,-2.641050100E0
4.045272894E2,5.764950275E0,3.366000175E0,-4.887000084E0
4.045297331E2,4.915050030E0,5.164050102E0,-1.128000021E0
4.045321767E2,8.013000488E0,6.340050220E0,-1.947000146E0
4.045346204E2,4.849950314E0,3.603000164E0,-5.614950180E0
4.045370639E2,1.159950018E0,7.437000275E0,-1.243050098E0
4.045395076E2,2.347950220E0,6.217950344E0,-1.534950018E0
4.045419513E2,3.247950077E0,5.976000309E0,-4.861050129E0
4.045443949E2,7.030950546E0,7.887000561E0,-3.879000187E0
4.045468386E2,6.646050453E0,6.529050350E0,-7.732050419E0
4.045492823E2,3.870000243E-1,6.682050228E0,-6.168000221E0
4.045517260E2,3.150000274E-1,7.582950592E0,-1.969050050E0
4.045541694E2,5.049000263E0,4.384050369E0,-6.352950096E0
4.045566131E2,3.028050184E0,4.906050205E0,-4.116000175E0
4.045590568E2,6.085050106E0,5.440050125E0,5.950500369E-1
4.045615004E2,7.990950584E0,4.693050385E0,-3.538950205E0
4.045639441E2,2.347950220E0,6.208050251E0,-7.360500097E-1
4.045663876E2,1.893000126E0,9.105000496E0,1.933050036E0
4.045688313E2,3.129000187E0,6.903000355E0,-1.564050078E0
4.045712750E2,7.636950493E0,9.814050674E0,-4.789050102E0
4.045737186E2,9.057000160E0,9.997950554E0,-1.107405090E1
4.045761623E2,1.026000023E0,8.761050224E0,-9.307050705E0
4.045786060E2,-3.060000241E-1,1.071195030E1,-1.855950117E0
4.045810496E2,1.833000064E0,1.000305080E1,-6.850500107E-1
4.045834931E2,2.575050116E0,9.309000015E0,-1.741050124E0
4.045859368E2,6.153000355E0,8.980950356E0,-1.272000074E0
4.045883805E2,7.165050507E0,7.609050274E0,-4.624050140E0
4.045908241E2,2.959050179E0,7.638000488E0,-5.586000443E0
4.045932678E2,2.572950125E0,9.831000328E0,-3.108000040E0
4.045957115E2,4.833000183E0,8.551950455E0,-5.662950039E0
4.045981550E2,5.698050499E0,1.081995010E1,-4.947000027E0
4.046005987E2,8.299950600E0,1.176300049E1,-6.613050461E0
4.046030423E2,2.458050013E0,9.976950645E0,-4.939950466E0
4.046054860E2,4.900500178E-1,9.988950729E0,2.880000174E-1
4.046079297E2,2.821950197E0,1.058295059E1,8.800500631E-1
4.046103731E2,2.269050121E0,5.737050056E0,-3.034050226E0
4.046128168E2,4.705950260E0,6.285000324E0,-7.810500264E-1
4.046152605E2,8.497050285E0,5.089950085E0,-6.166050434E0
4.046177042E2,3.148050070E0,4.936950207E0,-7.474950314E0
4.046201478E2,2.863050222E0,8.911050797E0,-1.248000026E0
4.046225915E2,4.657950401E0,6.274950504E0,-1.365000010E0
4.046250352E2,5.536950111E0,7.924950600E0,-1.473000050E0
4.046274787E2,7.897950172E0,1.115700054E1,-3.597000122E0
4.046299223E2,2.953950167E0,7.258950233E0,-5.809050083E0
4.046323660E2,1.273050070E0,8.052000046E0,-1.923000097E0
4.046348097E2,4.645950317E0,7.438950539E0,-3.241950035E0
4.046372533E2,3.796950102E0,3.108000040E0,-7.096950531E0
4.046396970E2,3.100050211E0,5.236050129E0,-3.894000292E0
4.046421407E2,6.325050354E0,4.422000408E0,-6.063000202E0
4.046445842E2,3.901950121E0,3.177000046E0,-6.015000343E0
4.046470279E2,1.747050047E0,6.970050335E0,6.550500393E-1
4.046494715E2,3.279000044E0,4.366950035E0,1.639500111E-1
4.046519152E2,5.422050476E0,6.433050156E0,-2.400000095E0
4.046543589E2,9.232050896E0,9.313950539E0,-3.072000027E0
4.046568024E2,2.008050203E0,6.424050331E0,-8.272950172E0
4.046592461E2,-2.395950079E0,9.250950813E0,-4.614000320E0
4.046616897E2,2.281050205E0,7.381050587E0,-4.609050274E0
4.046641334E2,4.207950115E0,5.533050060E0,-5.365950108E0
4.046665771E2,2.650050163E0,7.966050148E0,4.912050247E0
4.046690207E2,6.433050156E0,6.615000248E0,8.440500498E-1
4.046714644E2,5.173050404E0,7.018050194E0,-4.653000355E0
4.046739079E2,4.447950363E0,9.622950554E0,-3.208950043E0
4.046763515E2,3.993000269E0,9.771000862E0,-6.454950333E0
4.046787952E2,4.085999966E0,1.131495094E1,-4.939950466E0
4.046812389E2,8.149050713E0,1.385295105E1,-6.835950375E0
4.046836826E2,5.005950451E0,1.283805084E1,-6.843000412E0
4.046861260E2,9.229500294E-1,1.152105045E1,-2.325000048E0
4.046885697E2,2.913000107E0,1.361595058E1,-1.168950081E0
4.046910134E2,3.729000092E0,1.197600079E1,-7.132950306E0
4.046934570E2,2.386050224E0,9.440999985E0,-3.499050140E0
4.046959007E2,6.013950348E0,9.421050072E0,-3.484050274E0
4.046983444E2,3.760950089E0,8.329950333E0,-4.405950069E0
4.047007879E2,3.045000076E0,1.057095051E1,-2.110500038E-1
4.047032316E2,5.452950478E0,9.534000397E0,-1.902000070E0
4.047056753E2,5.920050144E0,8.260050774E0,-3.094050169E0
4.047081190E2,1.024905014E1,1.281705093E1,-4.348950386E0
4.047105626E2,6.142950058E0,1.171305084E1,-8.368950844E0
4.047130063E2,1.611000061E0,1.022595024E1,-5.197950363E0
4.047154497E2,1.582050085E0,1.222800064E1,7.549500465E-1
4.047178934E2,1.885950089E0,9.081000328E0,4.750500321E-1
4.047203371E2,2.206950188E0,7.354950428E0,8.460000157E-1
4.047227807E2,8.248050690E0,8.128950119E0,1.119000077E0
4.047252244E2,6.676950455E0,4.834050179E0,-5.839950085E0
4.047276681E2,4.833000183E0,8.002050400E0,-3.988950253E0
4.047301118E2,4.668000221E0,9.394950867E0,-3.895950079E0
4.047325553E2,3.421050072E0,9.072000504E0,-4.987950325E0
4.047349989E2,7.005000114E0,1.282605076E1,-2.188950062E0
4.047374426E2,5.278950214E0,1.127700043E1,-7.032000542E0
4.047398863E2,4.680000246E-1,9.466950417E0,-5.446950436E0
4.047423300E2,1.633950114E0,8.445000648E0,5.640000105E-1
4.047447736E2,4.192049980E0,5.695950508E0,-4.521000385E0
4.047472171E2,4.311000347E0,4.027050018E0,-6.285000324E0
4.047496608E2,7.681950569E0,4.611000061E0,-4.777050018E0
4.047521044E2,6.172050476E0,3.405000210E0,-7.066050529E0
4.047545481E2,1.074000001E0,4.603950024E0,-1.638000131E0
4.047569918E2,2.938950062E0,5.659950256E0,5.326050282E0
4.047594353E2,4.006950378E0,4.149000168E0,7.770000100E-1
4.047618790E2,8.590050697E0,8.482950211E0,-6.795000285E-2
4.047643226E2,4.393050194E0,5.422950268E0,-3.891000271E0
4.047667663E2,-6.559500098E-1,6.196050167E0,-8.074049950E0
4.047692100E2,4.560000300E-1,6.706050396E0,-5.167050362E0
4.047716536E2,6.718050480E0,3.948000193E0,-1.105695057E1
4.047740973E2,2.416950226E0,4.719000340E0,-9.123000145E0
4.047765408E2,5.530050278E0,5.368050098E0,8.220000267E-1
4.047789845E2,8.499000549E0,5.322000027E0,-2.335050106E0
4.047814281E2,5.844000340E0,7.137000561E0,-5.869500041E-1
4.047838718E2,4.266000271E0,1.018305016E1,2.009999990E0
4.047863155E2,3.421050072E0,9.757050514E0,-8.839500546E-1
4.047887592E2,6.904050350E0,1.208100033E1,-5.341950417E0
4.047912029E2,8.250000000E0,1.168395042E1,-1.335795021E1
4.047936463E2,2.650500238E-1,8.683950424E0,-8.335050583E0
4.047960900E2,1.053000093E0,6.883050442E0,-3.202050209E0
4.047985336E2,3.418050051E0,9.322950363E0,-4.933050156E0
4.048009773E2,2.170950174E0,5.406000137E0,-6.238050461E0
4.048034210E2,5.914950371E0,6.093000412E0,-5.344950199E0
4.048058645E2,6.163950443E0,3.694050074E0,-8.857050896E0
4.048083082E2,2.571000099E0,7.824000359E0,-6.268950462E0
4.048107519E2,1.989000082E0,9.730050087E0,-3.384000063E0
4.048131955E2,5.260500312E-1,6.667950153E0,-1.492050052E0
4.048156392E2,3.258000135E0,1.010595036E1,3.049500287E-1
4.048180826E2,4.703999996E0,7.594950199E0,-2.589000225E0
4.048205263E2,1.740000099E-1,6.144000053E0,-4.111050129E0
4.048229700E2,2.215950012E0,4.990050316E0,-2.329500169E-1
4.048254137E2,6.114000320E0,2.349000216E0,-2.416050196E0
4.048278573E2,4.459950447E0,1.417050123E0,-1.849050045E0
4.048303010E2,8.688000679E0,5.160000324E0,1.380000114E0
4.048327447E2,6.334050179E0,4.438950062E0,-2.488050222E0
4.048351882E2,2.496000051E0,5.260050297E0,1.645950079E0
4.048376318E2,3.427950144E0,9.946050644E0,-1.839000106E0
4.048400755E2,1.978950143E0,8.473050117E0,-5.373000145E0
4.048425192E2,5.014950275E0,9.642000198E0,-8.911950111E0
4.048449628E2,5.977950096E0,9.192000389E0,-1.167000103E1
4.048474065E2,2.479500175E-1,7.542000294E0,-8.404050827E0
4.048498502E2,7.410000563E-1,9.061950684E0,-5.700000525E-1
4.048522937E2,3.757950068E0,7.474950314E0,5.100000277E-2
4.048547374E2,4.660950184E0,5.884950161E0,-7.069500089E-1
4.048571811E2,7.714050293E0,8.610000610E0,-6.490500569E-1
4.048596247E2,6.406050205E0,5.715000153E0,-4.875000000E0
4.048620684E2,1.050000072E0,8.026050568E0,-3.915000200E0
4.048645118E2,2.146950006E0,1.073295021E1,-1.930050135E0
4.048669555E2,2.968050241E0,7.555950165E0,-5.002050400E0
4.048693992E2,8.026950836E0,1.184895039E1,-3.999000072E0
4.048718428E2,8.334000587E0,1.025895023E1,-8.731950760E0
4.048742865E2,1.807050109E0,9.685050011E0,-4.830000401E0
4.048767302E2,1.539000034E0,1.130295086E1,-1.009500027E-1
4.048791737E2,4.270950317E0,9.498000145E0,-2.257950068E0
4.048816174E2,3.568950176E0,8.955000877E0,-3.088950157E0
4.048840611E2,7.696950436E0,1.013505077E1,-1.336050034E0
4.048865047E2,6.366000175E0,8.425050735E0,-6.505950451E0
4.048889484E2,1.692000031E0,9.442950249E0,-4.891950130E0
4.048913921E2,2.194950104E0,1.125300026E1,-5.239050388E0
4.048938357E2,4.524000168E0,9.880950928E0,-6.678000450E0
4.048962792E2,6.964050293E0,1.297695065E1,-5.074050426E0
4.048987229E2,8.527950287E0,1.304400063E1,-5.914050102E0
4.049011665E2,2.788950205E0,1.072605038E1,-5.851950169E0
4.049036102E2,2.061000109E0,1.137495041E1,-2.299050093E0
4.049060539E2,6.700950146E0,9.177000046E0,-4.513950348E0
4.049084976E2,5.013000011E0,6.364050388E0,-8.713050842E0
4.049109411E2,7.113000393E0,7.132050514E0,-7.015950203E0
4.049133848E2,7.912050247E0,4.888950348E0,-1.190700054E1
4.049158285E2,2.218950033E0,5.272050381E0,-9.805050850E0
4.049182721E2,2.443950176E0,5.842050076E0,-6.130500436E-1
4.049207158E2,4.009950161E0,3.739950180E0,6.520500183E-1
4.049231595E2,6.021000385E0,6.546000481E0,3.099000216E0
4.049256029E2,8.668950081E0,7.759950161E0,1.969050050E0
4.049280466E2,3.508950233E0,7.470000386E-1,2.509950161E0
4.049304903E2,4.465050220E0,5.713050365E0,-1.593000054E0
4.049329339E2,7.861950397E0,3.429000139E0,-5.722950459E0
4.049353776E2,6.454050541E0,6.150000095E-1,-1.393800068E1
4.049378211E2,3.454050064E0,1.839000106E0,-1.270695019E1
4.049402650E2,4.435950279E0,3.510000229E0,-7.630950451E0
4.049427085E2,2.257050037E0,2.974050045E0,-4.192950249E0
4.049451521E2,1.435950041E0,6.220050335E0,4.110000134E0
4.049475958E2,1.735050082E0,5.811000347E0,2.383050203E0
4.049500395E2,1.645950079E0,9.160050392E0,-8.839500546E-1
4.049524831E2,2.785950184E0,1.177005100E1,3.777000189E0
4.049549266E2,1.618050098E0,7.779000282E0,2.710950136E0
4.049573703E2,-9.739500284E-1,9.618000031E0,-2.317950010E0
4.049598140E2,9.300000221E-2,1.129905033E1,4.560000300E-1
4.049622576E2,1.845000029E0,8.026050568E0,1.106999993E0
4.049647013E2,1.062000036E0,8.362950325E0,8.389500380E-1
4.049671448E2,8.640000224E-1,9.322950363E0,2.899950027E0
4.049695887E2,1.294050097E0,6.850050449E0,-8.190000653E-1
4.049720322E2,7.486050129E0,7.209000111E0,2.788050175E0
4.049744758E2,1.561695099E1,2.926050186E0,-1.440705109E1
4.049769195E2,1.239900017E1,2.326950073E0,-1.808700180E1
4.049793632E2,1.045695019E1,1.014900017E1,-1.861605072E1
4.049818068E2,2.656950235E0,8.515950203E0,-1.027905083E1
4.049842503E2,1.821000099E0,9.169950485E0,3.216000080E0
4.049866940E2,3.040050030E0,1.382895088E1,7.144950390E0
4.049891377E2,1.945950150E0,1.054005051E1,1.480950117E0
4.049915813E2,-1.563000083E0,1.236600018E1,-7.909500599E-1
4.049940250E2,-1.660950065E0,1.361595058E1,2.140950203E0
4.049964687E2,-1.554000020E0,1.253895092E1,3.010950089E0
4.049989121E2,6.940500140E-1,1.730294991E1,2.776050091E0
4.050013558E2,3.366000175E0,1.721205139E1,1.045050025E0
4.050037995E2,5.209050179E0,1.875900078E1,2.998950243E0
4.050062432E2,1.757805061E1,1.750200081E1,-9.652050018E0
4.050086868E2,5.815050125E0,9.951000214E0,-2.152305031E1
4.050111305E2,4.394999981E0,5.665050507E0,-1.950195122E1
4.050135740E2,4.029000282E0,3.546000242E0,-1.702395058E1
4.050160177E2,1.848000050E0,1.077000022E0,-1.480395031E1
4.050184614E2,1.192050099E0,-4.249500334E-1,-1.271700096E1
4.050209050E2,1.135950089E0,-7.579500079E-1,3.232950211E0
4.050233487E2,-5.839500427E-1,-2.670000196E-1,6.105000153E-2
4.050257924E2,-1.177950025E0,-4.950000346E-1,-2.280000150E-1
4.050282358E2,-6.079500318E-1,-4.590000212E-1,-3.859500289E-1
4.050306795E2,-5.479500294E-1,3.540000021E-1,2.623050213E0
4.050331232E2,1.078950047E0,7.450500131E-1,7.066050529E0
4.050355669E2,1.666050076E0,1.161000013E0,5.875950336E0
4.050380105E2,1.776000142E0,7.812000275E0,2.781000137E0
4.050404542E2,9.139500260E-1,1.829895020E1,1.001895046E1
4.050428979E2,3.748950243E0,1.425795078E1,9.148950577E0
4.050453414E2,1.103700066E1,1.242600060E1,-2.500050068E0
4.050477851E2,1.082895088E1,1.533300114E1,-3.240000010E-1
4.050502287E2,9.355950356E0,1.616100121E1,9.976050377E0
4.050526724E2,8.532000542E0,1.994700050E1,2.829000235E0
4.050551161E2,1.167600060E1,1.534005070E1,-1.148595047E1
4.050575597E2,1.498005104E1,1.563705063E1,-2.509005165E1
4.050600032E2,9.943050385E0,1.636695099E1,-3.417900085E1
4.050624469E2,-3.280500174E-1,1.050105095E1,-2.224305153E1
4.050648906E2,1.354050040E0,1.930050135E0,-9.922050476E0
4.050673342E2,1.048095036E1,6.702000141E0,-1.132500076E1
4.050697779E2,4.639050007E0,8.752950668E0,-7.798950195E0
4.050722216E2,2.820000052E-1,-1.999500096E-1,-6.274050236E0
4.050746650E2,1.680000067E0,2.004000187E0,-4.111050129E0
4.050771087E2,3.612000227E0,5.569050312E0,5.866950512E0
4.050795524E2,4.680000246E-1,3.000000238E0,1.497000098E0
4.050819961E2,-5.239500403E-1,1.099500060E-1,6.588000298E0
4.050844397E2,-2.470950127E0,6.001950264E0,1.135950089E0
4.050868832E2,-3.652950287E0,3.577050209E0,1.287300014E1
4.050893269E2,-2.370000184E-1,1.798050046E0,1.123995018E1
4.050917706E2,1.468950033E0,4.361999989E0,9.952050209E0
4.050942142E2,3.139950037E0,1.213695049E1,4.806000233E0
4.050966579E2,2.614050150E0,1.048005009E1,-8.653050423E0
4.050991016E2,6.763050556E0,7.024950504E0,8.287950516E0
4.051015453E2,1.575600052E1,1.116405010E1,-1.529505062E1
4.051039887E2,1.096005058E1,1.139895058E1,-2.307705116E1
4.051064324E2,1.508595085E1,8.500050545E0,-1.408800030E1
4.051088761E2,6.781950474E0,1.186605072E1,-1.806495094E1
4.051113197E2,2.872050047E0,1.278495026E1,-5.095950127E0
4.051137634E2,2.650050163E0,1.655895042E1,-8.722949982E0
4.051162069E2,1.576950073E0,1.381500053E1,-4.894050121E0
4.051186508E2,6.499500275E-1,4.470000267E0,-2.779500186E-1
4.051210943E2,3.310050249E0,8.358000755E0,-5.614950180E0
4.051235380E2,4.275000095E0,1.346100044E1,2.065050125E0
4.051259817E2,1.050000072E0,4.365000248E0,-1.356000066E0
4.051284253E2,6.070500016E-1,4.549050331E0,-2.521950006E0
4.051308690E2,1.819050074E0,6.759000301E0,-1.758000135E0
4.051333124E2,9.709500670E-1,8.932950020E0,-4.140000343E0
4.051357561E2,-3.400050163E0,1.319205093E1,1.098000050E0
4.051381998E2,-4.380000234E-1,4.639500082E-1,5.296950340E0
4.051406434E2,-9.070500135E-1,-2.100000083E-1,6.178050518E0
4.051430871E2,-1.623000026E0,7.200000435E-2,6.208950520E0
4.051455308E2,-3.634050131E0,1.695000008E-2,1.356000066E0
4.051479743E2,-2.473050117E0,2.850000262E-1,5.017050266E0
4.051504180E2,2.200050116E0,-3.490500152E-1,2.947950125E0
4.051528616E2,2.938950062E0,1.171050072E0,-5.304000378E0
4.051553053E2,1.648950100E0,1.317000031E0,3.484950066E0
4.051577490E2,9.229500294E-1,4.170000255E-1,7.177050114E0
4.051601927E2,6.460500360E-1,1.570950031E0,-4.120500088E-1
4.051626361E2,1.975200081E1,2.994300079E1,1.555050015E0
4.051650798E2,2.933595085E1,3.581595230E1,-2.435295105E1
4.051675235E2,1.451295090E1,-2.599500120E-1,-2.770500183E1
4.051699671E2,5.008050442E0,8.671950340E0,-3.544995117E1
4.051724108E2,1.927050114E0,1.280205059E1,-2.140995026E1
4.051748545E2,2.776950121E0,1.439700031E1,-6.381000519E0
4.051772980E2,2.680950165E0,9.771000862E0,-9.175050735E0
4.051797417E2,7.395000458E0,7.911000252E0,-4.521000385E0
4.051821854E2,8.017950058E0,7.018050194E0,-5.218050480E0
4.051846291E2,4.294950008E0,6.637050152E0,-3.751950264E0
4.051870727E2,5.295000076E0,9.460050583E0,3.790500164E-1
4.051895164E2,5.743050098E0,9.723000526E0,2.764050245E0
4.051919601E2,5.992050171E0,9.340050697E0,7.339500189E-1
4.051944035E2,6.991050243E0,1.423200035E1,-4.459500313E-1
4.051968472E2,1.729950070E0,1.089900017E1,-2.530950069E0
4.051992908E2,-9.889500737E-1,6.181950092E0,-5.737050056E0
4.052017345E2,8.100000024E-2,7.705050468E0,-1.021005058E1
4.052041782E2,-7.159500122E-1,5.526000500E0,-6.922050476E0
4.052066217E2,-3.109500110E-1,2.791950226E0,1.741950035E0
4.052090654E2,1.069050074E0,5.916000366E0,1.501950026E0
4.052115091E2,1.515000105E0,6.690000534E0,1.296000004E0
4.052139527E2,1.290000081E0,5.677050114E0,2.190000117E-1
4.052163964E2,2.484000206E0,1.037700081E1,2.569500208E-1
4.052188401E2,1.977000117E0,9.685050011E0,-4.890000343E0
4.052212837E2,1.941000104E0,1.213905048E1,8.530500531E-1
4.052237272E2,3.811050177E0,1.559205055E1,4.050000191E0
4.052261709E2,1.723050117E0,1.267305088E1,-1.497000098E0
4.052286146E2,2.710050106E0,1.465305042E1,4.306050301E0
4.052310582E2,2.797950029E0,1.323600101E1,2.638950109E0
4.052335019E2,1.002000093E0,1.043400097E1,-2.110050201E0
4.052359454E2,1.237050056E0,1.153995037E1,3.841050148E0
4.052383891E2,1.186950088E0,1.380795097E1,5.070000172E0
4.052408328E2,7.144050121E0,1.180605030E1,7.744050503E0
4.052432765E2,2.253900146E1,3.916950226E0,-2.222895050E1
4.052457201E2,1.800195122E1,3.912000179E0,-3.509400177E1
4.052481638E2,1.246605015E1,1.167405033E1,-3.159300232E1
4.052506075E2,5.290950298E0,9.583950043E0,-1.927395058E1
4.052530510E2,2.970000029E0,8.346000671E0,-7.570500374E-1
4.052554946E2,3.490050077E0,1.346505070E1,1.297995090E1
4.052579383E2,3.028050184E0,1.084800053E1,3.171000242E0
4.052603820E2,2.097000122E0,8.677050591E0,1.210050106E0
4.052628257E2,2.596950054E0,1.150395012E1,9.652050018E0
4.052652691E2,9.040500522E-1,5.716950417E0,1.540050030E0
4.052677130E2,8.640000224E-1,6.388050079E0,4.039950371E0
4.052701565E2,1.918950081E0,7.975050449E0,4.561950207E0
4.052726002E2,7.021950245E0,6.055050373E0,-1.288950086E0
4.052750438E2,7.845000267E0,9.529050827E0,-9.051000595E0
4.052774875E2,4.153050423E0,5.728950500E0,-1.974405098E1
4.052799312E2,-1.390500069E-1,4.437000275E0,-1.675995064E1
4.052823747E2,2.980050087E0,6.382950306E0,-9.159000397E0
4.052848184E2,3.243000269E0,3.876000166E0,-6.048000336E0
4.052872621E2,3.520950079E0,4.080000401E0,1.042050004E0
4.052897057E2,7.857000351E0,6.318000317E0,4.378050327E0
4.052921494E2,3.976050138E0,5.562000275E0,1.030050039E0
4.052945931E2,5.010000229E0,5.667000294E0,4.501950264E0
4.052970365E2,6.856050491E0,8.085000038E0,2.457000017E0
4.052994802E2,5.085000038E0,8.361000061E0,-1.789050102E0
4.053019239E2,9.829950333E0,1.148100090E1,-5.313000202E0
4.053043675E2,3.435000181E0,9.061950684E0,-1.159095097E1
4.053068112E2,-2.509500086E-1,8.689050674E0,-5.694000244E0
4.053092549E2,1.231950045E0,9.618000031E0,-3.877050161E0
4.053116984E2,1.045050025E0,9.148050308E0,-3.466950178E0
4.053141421E2,1.471950054E0,7.282950401E0,-3.760500252E-1
4.053165857E2,3.318000078E0,8.928000450E0,-4.188000202E0
4.053190294E2,1.347000122E0,5.719950199E0,-3.937050104E0
4.053214731E2,1.402050018E0,5.428050041E0,-1.669050097E0
4.053239168E2,2.808000088E0,7.072950363E0,-3.793050289E0
4.053263602E2,4.012050152E0,6.153000355E0,-5.605950356E0
4.053288039E2,6.775050163E0,9.895050049E0,-6.469950199E0
4.053312476E2,1.632000089E0,7.036950111E0,-4.803000450E0
4.053336913E2,1.860000044E-1,3.286950111E0,3.169500232E-1
4.053361349E2,1.540950060E0,8.665050507E0,1.354050040E0
4.053385786E2,2.097000122E0,7.180050373E0,-2.349000216E0
4.053410221E2,3.559050083E0,3.445050240E0,-2.718000174E0
4.053434658E2,6.889950275E0,4.915050030E0,-4.846950054E0
4.053459094E2,4.708950043E0,3.997950077E0,-8.002050400E0
4.053483531E2,4.282950401E0,7.057950497E0,-4.626000404E0
4.053507968E2,3.634050131E0,5.485050201E0,-3.961050272E0
4.053532404E2,5.724000454E0,6.646050453E0,-7.285950184E0
4.053556839E2,9.004050255E0,9.891000748E0,-6.799950123E0
4.053581276E2,4.102950096E0,5.554950237E0,-7.327050209E0
4.053605713E2,7.609500289E-1,6.225000381E0,-4.492050171E0
4.053630150E2,6.508950233E0,8.478000641E0,-2.787000179E0
4.053654586E2,9.375000000E0,4.093950272E0,-4.471050262E0
4.053679023E2,4.054950237E0,4.948950291E0,-5.931000233E0
4.053703458E2,8.551950455E0,5.919000149E0,-4.456050396E0
4.053727895E2,8.476950645E0,3.748950243E0,-8.431050301E0
4.053752332E2,3.970950127E0,7.237950325E0,-1.059000015E1
4.053776768E2,5.269050121E0,6.342000484E0,-1.181400013E1
4.053801205E2,6.910950184E0,5.260050297E0,-1.445505047E1
4.053825642E2,7.788000584E0,9.151050568E0,-8.998050690E0
4.053850079E2,4.699050426E0,6.883050442E0,-4.461000443E0
4.053874513E2,8.130000234E-1,7.233000278E0,-5.626950264E0
4.053898950E2,4.390050411E0,9.292050362E0,-5.707950115E0
4.053923386E2,9.210000634E-1,6.466950417E0,-2.127000093E0
4.053947823E2,1.869000077E0,6.280050278E0,2.449950218E0
4.053972260E2,3.616950274E0,9.181950569E0,4.027950287E0
4.053996697E2,2.604000092E0,8.020950317E0,2.103000164E0
4.054021132E2,9.400500655E-1,9.748950005E0,2.550000250E-1
4.054045569E2,2.166000128E0,1.251495075E1,7.530000210E-1
4.054070006E2,2.044049978E0,9.679950714E0,-6.040500402E-1
4.054094442E2,3.499950171E0,1.330995083E1,-1.059000015E0
4.054118879E2,4.002000332E0,1.502400112E1,3.892050266E0
4.054143313E2,9.019500613E-1,7.779000282E0,-1.276950002E0
4.054167750E2,4.999500215E-1,9.874050140E0,5.680500269E-1
4.054192187E2,1.933950067E0,1.084800053E1,1.927950144E0
4.054216623E2,1.045050025E0,6.421050072E0,1.183950067E0
4.054241060E2,2.755050182E0,8.068950653E0,3.862950087E0
4.054265497E2,4.030950069E0,7.441050529E0,5.383050442E0
4.054289934E2,1.210500050E1,4.686000347E0,2.170050144E0
4.054314368E2,1.431195068E1,4.587000370E0,-2.174295044E1
4.054338805E2,7.255950451E0,5.416050434E0,-2.521005058E1
4.054363242E2,6.616950512E0,1.020195007E1,-2.106105042E1
4.054387678E2,3.042000055E0,9.805050850E0,-1.195800018E1
4.054412115E2,2.122950077E0,8.512050629E0,1.636050105E0
4.054436552E2,3.250950098E0,1.266300106E1,9.351000786E0
4.054460989E2,2.970000029E0,1.144200039E1,1.969050050E0
4.054485424E2,2.590050220E0,9.229950905E0,2.601000071E0
4.054509861E2,6.093000412E0,1.336695099E1,6.601950169E0
4.054534297E2,5.334000111E0,9.156000137E0,3.211950064E0
4.054558734E2,3.607050180E0,1.098000050E1,-8.980500698E-1
4.054583170E2,5.176050186E0,1.282395077E1,4.828050137E0
4.054607605E2,5.643000126E0,1.002495003E1,-8.445000648E0
4.054632042E2,5.773950100E0,1.312995052E1,-1.237200069E1
4.054656479E2,4.194000244E0,1.012800026E1,-1.662405014E1
4.054680915E2,-3.105000220E-2,6.511950493E0,-8.424000740E0
4.054705352E2,1.360500008E-1,4.824000359E0,-1.629000068E0
4.054729789E2,2.644950151E0,8.398950577E0,1.971000075E0
4.054754223E2,2.130000114E0,5.796000481E0,-1.291050076E0
4.054778660E2,-2.899500132E-1,1.065000057E0,2.220000029E0
4.054803096E2,1.183950067E0,3.520500064E-1,3.934950113E0
4.054827533E2,5.590500236E-1,1.401000023E0,7.309500575E-1
4.054851970E2,2.743050098E0,5.440050125E0,2.026050091E0
4.054876405E2,1.752000093E0,3.670050144E0,4.426050186E0
4.054900844E2,1.882950068E0,2.473050117E0,-1.175999999E0
4.054925279E2,3.190950155E0,7.540050507E0,5.070000172E0
4.054949716E2,1.411950111E0,5.953950405E0,2.869050026E0
4.054974152E2,-1.819500029E-1,3.297000170E0,4.819500148E-1
4.054998589E2,1.278000116E0,9.330000877E0,4.132950306E0
4.055023026E2,1.539000034E0,1.105395031E1,2.328000069E0
4.055047460E2,4.999500215E-1,8.088000298E0,-5.028000355E0
4.055071897E2,4.852050304E0,1.059000015E1,3.279000044E0
4.055096334E2,6.397050381E0,1.057095051E1,-8.152950287E0
4.055120771E2,3.564000130E0,1.402605057E1,-8.677050591E0
4.055145207E2,5.214000225E0,1.291905022E1,-1.399995041E1
4.055169644E2,2.941950083E0,1.215600014E1,-1.028595066E1
4.055194081E2,4.735050201E0,1.361595058E1,-7.222050190E0
4.055218516E2,2.377050161E0,9.880950928E0,-4.392000198E0
4.055242953E2,2.571000099E0,7.930050373E0,-7.120500207E-1
4.055267390E2,6.214950085E0,6.520050526E0,-3.577950239E0
4.055291826E2,6.526050091E0,5.368050098E0,-9.796050072E0
4.055316263E2,5.343000412E0,4.101000309E0,-1.209405041E1
4.055340697E2,4.216050148E0,5.962050438E0,-1.307595062E1
4.055365134E2,1.980000138E-1,4.228050232E0,-8.776050568E0
4.055389571E2,-6.700500250E-1,2.692950010E0,3.193050146E0
4.055414008E2,2.809950113E0,5.557050228E0,8.359050751E0
4.055438444E2,-1.663950086E0,4.422000408E0,4.359000206E0
4.055462881E2,1.945950150E0,3.700950146E0,5.029050350E0
4.055487316E2,2.725950241E0,2.775000095E0,9.928050041E0
4.055511753E2,5.293050289E0,3.379500210E-1,3.882000208E0
4.055536190E2,9.208050728E0,4.800000042E-2,-5.275050163E0
4.055560627E2,1.229100037E1,-2.914950132E0,-1.051605034E1
4.055585063E2,1.181505013E1,-2.233050108E0,-2.227005196E1
4.055609500E2,8.556000710E0,3.289950132E0,-1.954995155E1
4.055633934E2,7.945950508E0,5.547000408E0,-1.379400063E1
4.055658371E2,3.411000252E0,7.848000526E0,-8.209950447E0
4.055682808E2,2.949000120E0,8.701050758E0,-5.500050068E0
4.055707244E2,3.363000154E0,1.097805023E1,-3.858000278E0
4.055731681E2,3.799050093E0,1.610099983E1,5.352000237E0
4.055756118E2,3.331950188E0,1.369005108E1,5.749950409E0
4.055780555E2,1.074000001E0,7.101000309E0,1.428000093E0
4.055804990E2,-8.110500574E-1,1.247895050E1,-2.265000105E0
4.055829427E2,2.748000145E0,1.588605118E1,5.002950191E0
4.055853864E2,2.419950008E0,7.960950375E0,1.087950110E0
4.055878300E2,1.159950018E0,9.067049980E0,-1.090050101E0
4.055902737E2,8.239950180E0,1.156905079E1,-2.020950079E0
4.055927171E2,2.484000206E0,9.916950226E0,-9.867000580E0
4.055951608E2,4.114950180E0,1.033800030E1,-1.265205097E1
4.055976045E2,2.547000170E0,8.911050797E0,-1.300905037E1
4.056000481E2,5.484000206E0,1.021200085E1,-6.001050472E0
4.056024918E2,4.921950340E0,1.153800011E1,-3.268950224E0
4.056049355E2,8.160000443E-1,7.132050514E0,-2.806950092E0
4.056073790E2,2.863050222E0,8.478000641E0,4.852050304E0
4.056098227E2,2.343000174E0,9.622950554E0,3.838950157E0
4.056122664E2,1.078950047E0,4.120050430E0,-1.723950028E0
4.056147100E2,6.046950340E0,4.812000275E0,8.029500246E-1
4.056171537E2,5.434050083E0,6.960000515E0,-1.408050060E0
4.056195974E2,5.728950500E0,6.205950260E0,-3.781050205E0
4.056220410E2,5.197050095E0,7.839000225E0,-4.072950363E0
4.056244845E2,4.052999973E0,5.839950085E0,-7.128000259E0
4.056269282E2,6.736950397E0,9.370950699E0,-4.996950150E0
4.056293718E2,1.025400066E1,9.511950493E0,-6.870000362E0
4.056318155E2,3.154950142E0,6.850050449E0,-9.082050323E0
4.056342592E2,2.475000143E0,9.037950516E0,-3.508050203E0
4.056367027E2,6.694050312E0,7.579950333E0,-1.890000105E0
4.056391466E2,4.153050423E0,5.950050354E0,-2.481000185E0
4.056415901E2,7.785000324E0,8.430000305E0,7.189500332E-1
4.056440338E2,7.924050331E0,7.243050575E0,-9.370500445E-1
4.056464774E2,2.416950226E0,8.571000099E0,-1.819500029E-1
4.056489211E2,2.080049992E0,1.259895039E1,2.460000038E0
4.056513648E2,2.608950138E0,1.091505051E1,-2.560050011E0
4.056538082E2,1.921950102E0,1.239495087E1,-1.035000086E0
4.056562519E2,3.837000132E0,1.542405033E1,-2.421000004E0
4.056586956E2,2.242950201E0,1.154805088E1,-4.320000172E0
4.056611393E2,3.610500097E-1,8.818050385E0,7.600500584E-1
4.056635829E2,1.699050069E0,1.323795033E1,2.929500043E-1
4.056660266E2,2.116050005E0,1.167405033E1,-1.441950083E0
4.056684701E2,2.869500220E-1,5.428050041E0,-1.198050022E0
4.056709138E2,4.830000103E-1,9.438000679E0,-2.632050037E0
4.056733575E2,1.776000142E0,1.214400101E1,7.459500432E-1
4.056758011E2,6.460500360E-1,8.598000526E0,3.499500155E-1
4.056782448E2,6.049500108E-1,1.082205009E1,1.180500090E-1
4.056806885E2,2.070000172E-1,9.436050415E0,-1.044000030E0
4.056831319E2,-1.651950121E0,1.004400063E1,2.046000004E0
4.056855756E2,2.925000191E0,1.026705074E1,5.991000175E0
4.056880193E2,4.624950409E0,7.282950401E0,-5.377950191E0
4.056904629E2,5.700000286E0,7.171050549E0,-9.063000679E0
4.056929066E2,1.591605091E1,2.128050089E0,-1.924095154E1
4.056953501E2,1.014900017E1,2.631000042E0,-2.296200180E1
4.056977938E2,9.339000702E0,5.524050236E0,-1.511805058E1
4.057002375E2,4.462050438E0,4.408050060E0,-9.349950790E0
4.057026811E2,-1.270500124E-1,5.445000172E0,-2.434950113E0
4.057051248E2,-6.130500436E-1,9.265950203E0,6.925050259E0
4.057075685E2,1.450050116E0,5.149950027E0,5.340000153E0
4.057100122E2,5.182950020E0,7.374000549E0,3.949050188E0
4.057124556E2,6.670050144E0,1.054905033E1,7.725000381E0
4.057148993E2,5.692950249E0,3.021000147E0,7.608000278E0
4.057173430E2,8.269050598E0,5.017950058E0,-7.297950268E0
4.057197866E2,1.062300014E1,5.089950085E0,-1.619099998E1
4.057222303E2,6.736950397E0,2.389050007E0,-2.057205009E1
4.057246740E2,3.639000177E0,5.971050262E0,-1.907295036E1
4.057271177E2,5.053950310E0,5.188050270E0,-1.231005096E1
4.057295612E2,4.101000309E0,5.494950294E0,-5.184000015E0
4.057320049E2,1.998000145E0,9.378000259E0,-1.612050056E0
4.057344485E2,2.815050125E0,8.440050125E0,3.511050224E0
4.057368922E2,2.733000040E0,8.679000854E0,3.457950115E0
4.057393359E2,3.978000164E0,1.119300079E1,3.564000130E0
4.057417795E2,1.978950143E0,9.586950302E0,3.646950245E0
4.057442230E2,3.270000219E-1,1.057305050E1,-3.195000067E-2
4.057466667E2,1.303950071E0,1.226595020E1,5.160000324E-1
4.057491103E2,2.793000221E0,1.062600040E1,3.310500085E-1
4.057515540E2,1.789950132E0,1.012800026E1,-1.293000102E0
4.057539977E2,1.744950056E0,1.234200096E1,1.416000009E0
4.057564414E2,1.684950113E0,1.086795044E1,3.346050262E0
4.057588849E2,9.090000391E-1,9.991050720E0,-3.900000080E-2
4.057613285E2,2.584950209E0,1.187295055E1,9.420000315E-1
4.057637722E2,2.527950048E0,8.527950287E0,2.040000111E-1
4.057662159E2,5.467950344E0,9.975000381E0,3.691050291E0
4.057686595E2,1.912200165E1,8.782050133E0,-1.241205025E1
4.057711032E2,4.848000050E0,8.260050774E0,-2.516895103E1
4.057735467E2,4.089000225E0,7.882050514E0,-2.126205063E1
4.057759904E2,4.129050255E0,6.931050301E0,-1.302105045E1
4.057784340E2,2.287950039E0,4.947000027E0,-6.958050251E0
4.057808777E2,4.347000122E0,7.506000519E0,4.339050293E0
4.057833214E2,3.724950075E0,7.321950436E0,7.081050396E0
4.057857648E2,2.379000187E0,4.824000359E0,2.766000032E0
4.057882085E2,7.024050236E0,8.044950485E0,5.314050198E0
4.057906522E2,4.183950424E0,3.631950140E0,1.159500033E-1
4.057930959E2,4.471950054E0,3.019050121E0,1.230000034E-1
4.057955395E2,9.909000397E0,7.314000130E0,-5.998050213E0
4.057979832E2,3.366000175E0,4.654050350E0,-1.032195091E1
4.058004269E2,2.719500065E-1,6.043050289E0,-4.666950226E0
4.058028704E2,3.088050127E0,8.406000137E0,-2.329500169E-1
4.058053141E2,3.220050097E0,5.289000034E0,-2.251049995E0
4.058077578E2,1.017000079E0,5.701050282E0,7.189500332E-1
4.058102014E2,1.323000073E0,8.485050201E0,3.279000044E0
4.058126451E2,1.885950089E0,7.245000362E0,6.160500050E-1
4.058150886E2,1.126950026E0,7.437000275E0,-1.095000029E0
4.058175325E2,4.113000393E0,9.172050476E0,1.858950138E0
4.058199760E2,3.969000101E0,5.586000443E0,-6.727950096E0
4.058224196E2,9.930000305E-1,5.926050186E0,-4.186050415E0
4.058248633E2,4.579050064E0,1.100400066E1,-4.072950363E0
4.058273069E2,1.812000036E0,1.009695053E1,-3.297000170E0
4.058297506E2,5.569500327E-1,8.878050804E0,6.349500418E-1
4.058321941E2,2.757000208E0,1.179900074E1,3.786000252E0
4.058346378E2,3.175950050E0,1.110705090E1,-2.232000113E0
4.058370815E2,2.305050135E0,7.930050373E0,-1.566000104E0
4.058395252E2,7.309050560E0,1.121505070E1,-3.415050268E0
4.058419688E2,4.716000080E0,1.037895012E1,-8.257950783E0
4.058444125E2,1.869000077E0,1.112595081E1,-3.193950176E0
4.058468559E2,4.444950104E0,1.207200050E1,-1.533000112E0
4.058492996E2,5.560950279E0,8.698050499E0,-6.778950214E0
4.058517433E2,2.638050079E0,1.079100037E1,-4.573950291E0
4.058541870E2,5.800950050E0,1.279305077E1,-1.662000060E0
4.058566306E2,3.961950302E0,9.256050110E0,-3.706950188E0
4.058590743E2,1.165050030E0,8.986050606E0,-3.640500307E-1
4.058615178E2,3.964050293E0,1.069995022E1,4.264950275E0
4.058639615E2,5.179950237E0,9.745050430E0,-3.811950207E0
4.058664052E2,2.977950096E0,7.056000233E0,-2.974050045E0
4.058688488E2,7.278000355E0,1.088895035E1,-1.177950025E0
4.058712924E2,5.182950020E0,9.238950729E0,-5.649000168E0
4.058737361E2,1.405050039E0,9.412050247E0,-7.669500113E-1
4.058761796E2,2.233050108E0,1.163400078E1,3.726000071E0
4.058786233E2,2.009999990E0,1.103295040E1,8.149500489E-1
4.058810669E2,4.639500082E-1,7.219050407E0,-2.042999983E0
4.058835107E2,2.251950026E0,9.238950729E0,2.665950060E0
4.058859543E2,4.054950237E0,1.165095043E1,-4.276950359E0
4.058883980E2,2.262000084E0,8.679000854E0,-5.692050457E0
4.058908414E2,1.737000108E0,9.508050919E0,1.311000109E0
4.058932851E2,2.712000132E0,1.220100021E1,1.200000048E0
4.058957288E2,2.089050055E0,9.721050262E0,-2.227050066E0
4.058981724E2,1.620000005E-1,9.028950691E0,-1.108950019E0
4.059006161E2,1.006950021E0,1.220100021E1,3.597000122E0
4.059030598E2,2.686050177E0,1.194705009E1,-1.469999999E-1
4.059055033E2,1.636950135E0,9.394950867E0,-2.839950085E0
4.059079470E2,6.684000492E0,9.402000427E0,-2.304000139E0
4.059103907E2,3.499950171E0,9.418950081E0,-1.067400074E1
4.059128344E2,9.760500193E-1,8.334000587E0,-3.232950211E0
4.059152780E2,3.672000170E0,9.625050545E0,-1.104000092E0
4.059177216E2,6.502050400E0,9.034049988E0,-5.503050327E0
4.059201653E2,2.377050161E0,7.333950520E0,-2.823000193E0
4.059226088E2,4.977000237E0,8.044950485E0,-3.070500195E-1
4.059250525E2,6.685950279E0,7.342950344E0,-6.292950153E0
4.059274961E2,3.241050243E0,7.020000458E0,-6.919950485E0
4.059299398E2,2.167950153E0,7.189950466E0,-1.114050031E0
4.059323835E2,4.572000027E0,8.524050713E0,-3.477000237E0
4.059348270E2,2.845950127E0,7.927050591E0,-3.939000130E0
4.059372707E2,3.229050159E0,8.035050392E0,-1.270500124E-1
4.059397144E2,6.997950554E0,6.571950436E0,-4.047000408E0
4.059421580E2,3.825000286E0,6.529050350E0,-7.179000378E0
4.059446017E2,1.488000035E0,7.152000427E0,-9.319500327E-1
4.059470454E2,6.160050392E0,6.730050087E0,-1.276950002E0
4.059494890E2,2.269050121E0,4.372050285E0,-4.207050323E0
4.059519325E2,2.269500047E-1,5.476050377E0,1.744050026E0
4.059543762E2,5.266950130E0,6.778050423E0,1.449000120E0
4.059568199E2,6.223950386E0,5.554950237E0,-5.598000050E0
4.059592635E2,2.202000141E0,5.257950306E0,-4.474950314E0
4.059617072E2,2.014950037E0,8.325000763E0,6.520500183E-1
4.059641507E2,2.487000227E0,8.233950615E0,-2.139000177E0
4.059665944E2,1.042950034E0,9.133950233E0,-1.972950101E0
4.059690381E2,4.200000316E-2,8.479949951E0,2.710500062E-1
4.059714817E2,2.550000250E-1,7.981950283E0,2.050050020E0
4.059739254E2,1.159950018E0,7.611000538E0,-5.200500488E-1
4.059763691E2,9.619500637E-1,7.042050362E0,-1.350000054E-1
4.059788127E2,1.098000050E0,8.842050552E0,1.627050042E0
4.059812562E2,3.306000233E0,9.642000198E0,-9.750000238E-1
4.059836999E2,1.500000119E0,7.981950283E0,-3.991950274E0
4.059861436E2,2.644950151E0,9.337950706E0,2.094000101E0
4.059885872E2,3.756000280E0,1.103805065E1,-5.007000446E0
4.059910309E2,1.651050091E0,9.157950401E0,-3.211050034E0
4.059934746E2,1.852050066E0,1.095405006E1,8.680500388E-1
4.059959180E2,2.812050104E0,1.219605064E1,-2.269950151E0
4.059983617E2,2.155950069E0,9.208050728E0,-2.014050007E0
4.060008054E2,5.790000558E-1,9.747000694E0,1.732050061E0
4.060032491E2,2.592000008E0,1.113600063E1,1.375050068E0
4.060056927E2,4.342050076E0,1.012500095E1,-6.108000278E0
4.060081364E2,3.607050180E0,9.919050217E0,-5.452050209E0
4.060105801E2,8.053950310E0,1.053495026E1,-8.473950386E0
4.060130236E2,6.193050385E0,1.106595039E1,-1.166805077E1
4.060154673E2,2.428950071E0,9.985950470E0,-2.730000019E0
4.060179109E2,3.295950174E0,9.879000664E0,8.580000401E-1
4.060203546E2,5.592000484E0,9.955050468E0,-4.305000305E0
4.060227983E2,4.204050064E0,6.579000473E0,-6.475050449E0
4.060252417E2,4.789950371E0,6.037950516E0,-4.071000099E0
4.060276854E2,7.483950138E0,4.935000420E0,-7.803000450E0
4.060301291E2,3.366000175E0,5.482950211E0,-7.993050575E0
4.060325728E2,1.503000021E0,4.029000282E0,1.959000111E0
4.060350164E2,5.061000347E0,6.309000492E0,3.460950136E0
4.060374601E2,3.661950111E0,5.476050377E0,-4.530000091E-1
4.060399038E2,1.596000075E0,3.582000256E0,3.043950081E0
4.060423472E2,3.727050066E0,6.787950516E0,5.469000340E0
4.060447909E2,7.030950546E0,4.690050125E0,-3.396000147E0
4.060472346E2,1.831050038E0,6.271050453E0,-8.626950264E0
4.060496782E2,9.109500647E-1,7.630050182E0,-6.348000526E0
4.060521219E2,8.146950722E0,6.187050343E0,-8.746950150E0
4.060545654E2,3.994950294E0,5.215050220E0,-1.022400093E1
4.060570091E2,-6.529500484E-1,7.468050480E0,2.038050175E0
4.060594528E2,1.378050089E0,1.026405048E1,6.145050526E0
4.060618964E2,2.134950161E0,1.064700031E1,1.684050083E0
4.060643402E2,1.993950129E0,9.177000046E0,-4.189949989E0
4.060667838E2,4.350000381E0,1.159305096E1,2.392950058E0
4.060692275E2,7.528950214E0,1.031700039E1,-5.977050304E0
4.060716709E2,2.994000196E0,8.446949959E0,-6.910050392E0
4.060741146E2,5.899050236E0,1.037895012E1,-5.067000389E0
4.060765583E2,6.199950218E0,1.081695080E1,-5.464050293E0
4.060790019E2,2.463000059E0,1.084395027E1,-5.044950008E0
4.060814456E2,1.017000079E0,1.027905083E1,1.429950118E0
4.060838893E2,5.631000042E0,1.226805019E1,-4.080000222E-1
4.060863328E2,8.263950348E0,1.214895058E1,-9.166050911E0
4.060887765E2,4.195950031E0,1.193805027E1,-5.689050198E0
4.060912202E2,4.137000084E0,1.219395065E1,-4.509000301E0
4.060936639E2,3.361050129E0,1.202205086E1,-2.349000216E0
4.060961075E2,1.848000050E0,1.120005035E1,3.769500256E-1
4.060985512E2,2.760000229E0,1.000800037E1,2.821050167E0
4.061009946E2,8.302950859E0,9.328050613E0,-2.443050146E0
4.061034383E2,6.933000565E0,7.314000130E0,-9.847950935E0
4.061058820E2,2.614050150E0,7.804950237E0,-7.786950588E0
4.061083256E2,4.929000378E0,9.498000145E0,-3.324000120E0
4.061107693E2,3.562050104E0,1.082400036E1,-1.542000055E0
4.061132130E2,1.881000042E0,8.931000710E0,4.650000334E-1
4.061156567E2,6.889500618E-1,1.038600063E1,2.182049990E0
4.061181001E2,6.649500132E-1,1.207395077E1,1.126049995E0
4.061205438E2,1.522050023E0,9.867000580E0,5.089499950E-1
4.061229875E2,1.350000024E0,7.597050190E0,1.900500059E-1
4.061254311E2,1.744950056E0,1.148100090E1,-1.990500093E-1
4.061278748E2,4.860000134E0,1.387200069E1,3.480000198E-1
4.061303185E2,3.387000084E0,1.131795025E1,-1.006049991E0
4.061327620E2,2.110949993E0,1.174905014E1,1.243950009E0
4.061352057E2,2.665950060E0,1.352505112E1,1.951950073E0
4.061376494E2,3.081000090E0,1.231905079E1,-4.630500078E-1
4.061400930E2,1.657950044E0,1.008000088E1,-1.332000017E0
4.061425367E2,2.322000027E0,1.280205059E1,1.696050048E0
4.061449804E2,3.205050230E0,1.225095081E1,-1.630500108E-1
4.061474238E2,6.000000238E-1,9.429000854E0,-3.075000048E0
4.061498675E2,3.490500152E-1,9.172050476E0,2.685000181E0
4.061523111E2,9.934950829E0,1.115205097E1,-3.430950165E0
4.061547549E2,5.535000324E0,8.848950386E0,-1.472805023E1
4.061571985E2,1.945950150E0,4.642050266E0,-8.874000549E0
4.061596422E2,4.366050243E0,7.762050152E0,-6.546000481E0
4.061620857E2,3.591000080E0,8.782050133E0,-5.332950115E0
4.061645294E2,1.567050099E0,5.787000179E0,1.519050121E0
4.061669731E2,4.350000381E0,6.946050167E0,3.516000271E0
4.061694167E2,6.883050442E0,7.048950195E0,-3.726000071E0
4.061718604E2,3.661950111E0,5.704950333E0,-4.255050182E0
4.061743041E2,3.271950245E0,5.977950096E0,3.769500256E-1
4.061767478E2,6.600000381E0,7.092000484E0,-4.590000153E0
4.061791912E2,2.997000217E0,6.541050434E0,-6.625050545E0
4.061816349E2,7.650000453E-1,7.474950314E0,-2.517000198E0
4.061840785E2,7.579050541E0,6.261000156E0,-3.022050142E0
4.061865222E2,1.129800034E1,4.968000412E0,-9.718950272E0
4.061889659E2,2.371950150E0,5.890050411E0,-6.628050327E0
4.061914096E2,2.104050159E0,6.784950256E0,8.290500641E-1
4.061938531E2,8.554050446E0,6.769050121E0,-1.135050058E0
4.061962967E2,5.674050331E0,7.456050396E0,-3.241950035E0
4.061987404E2,1.560000062E0,9.108000755E0,-1.469999999E-1
4.062011841E2,5.623050213E0,9.217950821E0,-4.525950432E0
4.062036277E2,6.741000175E0,8.337000847E0,-9.927000046E0
4.062060714E2,3.340500295E-1,8.263050079E0,-3.814950228E0
4.062085149E2,-2.320500165E-1,8.392050743E0,2.497950077E0
4.062109586E2,1.741950035E0,1.365900040E1,1.323000073E0
4.062134022E2,2.155950069E0,8.212050438E0,-1.765050054E0
4.062158460E2,1.189500093E-1,6.172050476E0,3.705000132E-2
4.062182896E2,4.069050312E0,7.528050423E0,1.050000079E-3
4.062207333E2,4.137000084E0,9.760950089E0,-6.721050262E0
4.062231768E2,2.073000193E0,6.888000488E0,-7.899000168E0
4.062256205E2,-8.400000632E-2,5.610000134E0,-1.360050082E0
4.062280642E2,2.805000171E-2,1.205505085E1,2.110050201E0
4.062305079E2,8.160000443E-1,7.302000523E0,1.818000078E0
4.062329515E2,-6.000000238E-2,4.068000317E0,-5.749500394E-1
4.062353952E2,-1.350000024E0,8.866050720E0,-9.030000567E-1
4.062378386E2,3.832050085E0,1.035495090E1,5.569950104E0
4.062402823E2,4.254000187E0,6.091050148E0,-2.517000198E0
4.062427260E2,3.871050119E0,5.923050404E0,-1.248000026E0
4.062451696E2,8.530050278E0,9.273000717E0,-5.425950050E0
4.062476133E2,3.241050243E0,8.401050568E0,-6.534000397E0
4.062500570E2,1.570500135E-1,7.137000561E0,-1.698000073E0
4.062525007E2,2.068050146E0,8.490000725E0,-1.090050101E0
4.062549442E2,7.407000542E0,1.018305016E1,-5.497950077E0
4.062573879E2,3.780000210E0,8.977950096E0,-3.976950169E0
4.062598316E2,2.868000031E0,1.005795002E1,2.074050188E0
4.062622752E2,5.065050125E0,1.136805058E1,-1.078050017E0
4.062647189E2,3.033000231E0,1.173705101E1,-1.417950034E0
4.062671626E2,1.894950032E0,1.155705070E1,-9.970500469E-1
4.062696060E2,4.524000168E0,1.018800068E1,-4.056000233E0
4.062720497E2,8.386050224E0,9.049950600E0,-1.001100063E1
4.062744934E2,2.551050186E0,9.084000587E0,-9.238050461E0
4.062769371E2,2.638050079E0,8.092950821E0,-2.967000246E0
4.062793807E2,6.121050358E0,9.723000526E0,-1.854000092E0
4.062818244E2,3.933000088E0,9.517050743E0,-3.313950062E0
4.062842681E2,1.603050113E0,8.358000755E0,-4.720500112E-1
4.062867116E2,6.981000423E0,8.394000053E0,-5.269500017E-1
4.062891553E2,9.337050438E0,8.548050880E0,-7.498950481E0
4.062915990E2,1.669950128E0,9.310950279E0,-5.692050457E0
4.062940426E2,-7.060500383E-1,8.204999924E0,2.472000122E0
4.062964863E2,3.138000250E0,8.719950676E0,1.978950143E0
4.062989297E2,3.994950294E0,9.205950737E0,-3.385950089E0
4.063013734E2,8.560500145E-1,7.422000408E0,-2.473950148E0
4.063038171E2,4.909950256E0,6.912000179E0,-2.682000160E0
4.063062607E2,8.295000076E0,7.164000511E0,-7.291050434E0
4.063087045E2,1.933950067E0,6.724950314E0,-5.941050053E0
4.063111481E2,-7.320000529E-1,7.582950592E0,3.268950224E0
4.063135918E2,4.396950245E0,8.944950104E0,2.275050163E0
4.063160353E2,5.719050407E0,7.707000256E0,-4.258049965E0
4.063184790E2,-3.299999982E-2,7.240050316E0,-3.252000093E0
4.063209227E2,7.579500079E-1,5.032950401E0,-6.229500175E-1
4.063233663E2,7.290000439E0,6.634050369E0,-5.905050278E0
4.063258100E2,3.523950100E0,6.277950287E0,-7.513950348E0
4.063282537E2,-6.889500618E-1,5.397000313E0,2.608050108E0
4.063306971E2,-1.360500008E-1,8.334000587E0,3.832050085E0
4.063331411E2,3.286950111E0,8.482950211E0,-5.989500284E-1
4.063355845E2,2.479950190E0,8.751000404E0,1.651050091E0
4.063380282E2,7.530000210E-1,8.265000343E0,1.026000023E0
4.063404718E2,2.173050165E0,9.249000549E0,8.530500531E-1
4.063429155E2,5.215950012E0,8.647950172E0,-2.421000004E0
4.063453592E2,1.122000098E0,6.598950386E0,-4.219050407E0
4.063478027E2,3.358050108E0,7.792950153E0,-4.720050335E0
4.063502464E2,4.812000275E0,8.728950500E0,-7.072950363E0
4.063526901E2,-6.000000238E-2,7.402950287E0,-4.528050423E0
4.063551337E2,-4.090500176E-1,5.872950077E0,1.945050120E0
4.063575774E2,4.644000053E0,6.286950111E0,6.499500275E-1
4.063600211E2,6.516000271E0,5.832000256E0,-6.489000320E0
4.063624645E2,7.009500265E-1,3.931050301E0,-5.074050426E0
4.063649082E2,-6.490500569E-1,5.014050007E0,1.920000017E-1
4.063673519E2,3.214950085E0,5.626050472E0,-8.479500413E-1
4.063697956E2,2.508000135E0,4.618050098E0,-4.195050240E0
4.063722392E2,-3.919500113E-1,5.737050056E0,-1.495050073E0
4.063746829E2,3.799050093E0,6.970050335E0,3.220500052E-1
4.063771266E2,7.026000500E0,4.662000179E0,-2.911950111E0
4.063795701E2,1.693950057E0,7.645050526E0,3.270000219E-1
4.063820138E2,1.029000044E0,9.505050659E0,5.194050312E0
4.063844575E2,3.955050230E0,1.049595070E1,2.938950062E0
4.063869011E2,4.906949997E0,1.270905018E1,-1.099050045E0
4.063893448E2,3.789000273E0,1.169100094E1,-1.186050057E0
4.063917885E2,4.354050159E0,1.111395073E1,-2.953050137E0
4.063942322E2,6.028050423E0,1.221600056E1,-8.447999954E0
4.063966756E2,4.579050064E0,1.183695030E1,-9.469950676E0
4.063991193E2,1.599000096E0,1.072605038E1,-2.767950058E0
4.064015630E2,1.642050028E0,1.280700016E1,-1.758000135E0
4.064040066E2,2.511000156E0,1.482105064E1,-1.293000102E0
4.064064503E2,1.438050032E0,1.234500027E1,-8.719500303E-1
4.064088940E2,6.049500108E-1,1.045095062E1,4.560000300E-1
4.064113375E2,3.295950174E0,1.263705063E1,-4.231050014E0
4.064137811E2,2.860050201E0,1.217505074E1,-6.336000443E0
4.064162247E2,1.648950100E0,6.948000431E0,-5.299500227E-1
4.064186684E2,3.708000183E0,6.804000378E0,-9.970500469E-1
4.064211121E2,4.989000320E0,1.066905022E1,-3.664050102E0
4.064235556E2,1.723050117E0,2.254950047E0,-4.681050301E0
4.064259993E2,-1.840950131E0,3.751950264E0,-2.116950035E0
4.064284430E2,1.579050064E0,4.516050339E0,-3.907950163E0
4.064308867E2,4.588950157E0,4.366950035E0,-2.809050083E0
4.064333303E2,1.909950137E0,3.678000212E0,3.733950138E0
4.064357740E2,1.429050088E0,5.133000374E0,5.865000248E0
4.064382177E2,6.769950390E0,6.667950153E0,1.593000054E0
4.064406611E2,6.873000145E0,7.470000267E0,-5.923950195E0
4.064431048E2,1.812000036E0,7.273950577E0,-6.297000408E0
4.064455485E2,4.180050373E0,4.963050365E0,-6.396000385E0
4.064479921E2,7.624950409E0,6.055050373E0,-9.340950012E0
4.064504358E2,2.062950134E0,6.268050194E0,-4.495050430E0
4.064528795E2,1.435950041E0,6.826050282E0,4.155000210E0
4.064553232E2,6.271950245E0,6.739950180E0,1.450500041E-1
4.064577667E2,6.567000389E0,7.522950172E0,-4.279050350E0
4.064602104E2,2.640000105E0,9.241950035E0,-2.146050215E0
4.064626541E2,3.025950193E0,8.863950729E0,-2.488050222E0
4.064650977E2,7.005000114E0,1.006500053E1,-8.773050308E0
4.064675413E2,1.432950020E0,9.972000122E0,-9.013050079E0
4.064699850E2,-7.849500179E-1,8.289000511E0,-2.895000204E-2
4.064724285E2,7.304999977E-2,1.100205040E1,1.971000075E0
4.064748722E2,1.657950044E0,1.093695068E1,-7.810500264E-1
4.064773159E2,2.025000095E0,1.021605015E1,-7.999500632E-1
4.064797595E2,3.673950195E0,9.517050743E0,-5.149500370E-1
4.064822032E2,7.383000374E0,9.048000336E0,-4.027950287E0
4.064846469E2,5.413050175E0,7.882050514E0,-8.348999977E0
4.064870906E2,8.179500103E-1,8.418000221E0,-3.472050190E0
4.064895340E2,1.215000033E0,8.707950592E0,-1.750500053E-1
4.064919777E2,3.646050215E0,9.529050827E0,-2.136000156E0
4.064944214E2,1.335000038E0,7.068000317E0,-9.079500437E-1
4.064968650E2,3.100500107E-1,3.811950207E0,3.169050217E0
4.064993087E2,4.912050247E0,5.767950058E0,6.880500317E-1
4.065017524E2,8.062950134E0,8.479949951E0,-5.637000084E0
4.065041959E2,2.020050049E0,5.409000397E0,-4.204950333E0
4.065066396E2,1.093050003E0,5.008950233E0,1.675050020E0
4.065090833E2,1.857000113E0,1.110195065E1,1.792050123E0
4.065115269E2,1.357050061E0,1.012995052E1,1.144950032E0
4.065139706E2,6.900000572E-2,6.189000130E0,-2.155050039E0
4.065164143E2,-2.595000155E-2,7.405050278E0,1.915950060E0
4.065188580E2,3.691050291E0,8.124000549E0,-4.104000092E0
4.065213014E2,3.451950073E0,7.306950569E0,-6.649050236E0
4.065237451E2,2.305050135E0,6.879000187E0,-1.333950043E0
4.065261888E2,5.104050159E0,8.659950256E0,-1.110000089E-1
4.065286324E2,7.137000561E0,9.606000900E0,-2.742000103E0
4.065310761E2,3.550050259E0,8.373000145E0,-3.499500155E-1
4.065335198E2,2.269050121E0,7.305000305E0,7.480500340E-1
4.065359633E2,7.905000210E0,1.035000038E1,-1.755000114E0
4.065384070E2,4.909950256E0,1.065705013E1,-6.465000153E0
4.065408507E2,3.769500256E-1,1.003695011E1,-3.441000223E0
4.065432943E2,-4.800000042E-2,9.120000839E0,1.219950080E0
4.065457380E2,5.860500336E-1,1.198605061E1,-4.819500148E-1
4.065481817E2,1.048050046E0,1.120800018E1,-2.737050056E0
4.065506251E2,7.440000176E-1,8.518950462E0,-2.419500053E-1
4.065530688E2,3.643050194E0,8.944950104E0,-1.047000051E0
4.065555125E2,5.439000130E0,1.101405048E1,-5.059950352E0
4.065579562E2,1.860000134E0,9.247050285E0,-4.348950386E0
4.065603998E2,3.390000165E-1,8.526000023E0,1.039500013E-1
4.065628435E2,3.301050186E0,1.228995037E1,4.770000279E-1
4.065652872E2,2.800950050E0,1.065405083E1,-2.835000038E0
4.065677306E2,6.030000448E-1,8.044950485E0,1.420500129E-1
4.065701743E2,1.089000106E0,7.587000370E0,3.204000235E0
4.065726180E2,7.378050327E0,1.041495037E1,-1.759950042E0
4.065750617E2,6.114000320E0,8.827950478E0,-8.068950653E0
4.065775053E2,1.785000086E0,7.623000145E0,-5.224950314E0
4.065799490E2,4.563000202E0,8.593050003E0,-1.899000049E0
4.065823927E2,7.237050533E0,9.105000496E0,-5.869050503E0
4.065848362E2,3.205050230E0,9.091050148E0,-6.187050343E0
4.065872798E2,3.136050224E0,8.097000122E0,-2.914050102E0
4.065897235E2,8.056050301E0,7.633050442E0,-5.755950451E0
4.065921672E2,7.921950340E0,6.943050385E0,-1.175400066E1
4.065946109E2,1.630050063E0,5.215050220E0,-7.747950554E0
4.065970545E2,2.575050116E0,5.515950203E0,-2.479050159E0
4.065994982E2,8.275950432E0,6.828000546E0,-3.477000237E0
4.066019417E2,4.414050102E0,6.591000080E0,-2.389950037E0
4.066043854E2,-2.010000050E-1,6.256050110E0,2.649000168E0
4.066068290E2,5.404950142E0,5.209950447E0,1.606950045E0
4.066092727E2,8.893950462E0,6.409050465E0,-4.309950352E0
4.066117162E2,1.600950122E0,6.627000332E0,-6.304950237E0
4.066141601E2,-1.234950066E0,4.944000244E0,-4.947000027E0
4.066166036E2,3.921000242E0,4.381050110E0,-4.894050121E0
4.066190472E2,4.522050381E0,4.924950123E0,-3.871950150E0
4.066214909E2,-5.220000148E-1,5.503950119E0,2.848050117E0
4.066239345E2,3.100500107E-1,4.398000240E0,2.917050123E0
4.066263782E2,5.188050270E0,5.284050465E0,1.468950033E0
4.066288217E2,4.302000046E0,5.380050182E0,-5.590950489E0
4.066312654E2,2.509500086E-1,2.004000187E0,-3.840000033E-1
4.066337091E2,-1.530000120E-1,2.227050066E0,-7.500000298E-2
4.066361527E2,1.455000043E0,3.955050230E0,-4.687950134E0
4.066385965E2,5.329500437E-1,4.450500309E-1,-3.952950239E0
4.066410401E2,-1.015050054E0,1.246950030E0,-9.100500345E-1
4.066434838E2,8.869500160E-1,2.349000216E0,1.509000063E0
4.066459272E2,4.620000362E0,3.579000235E0,-2.911950111E0
4.066483709E2,2.938950062E0,7.815000534E0,2.551050186E0
4.066508146E2,2.713950157E0,1.272300053E1,2.224950075E0
4.066532582E2,2.503950119E0,1.238100052E1,1.174050093E0
4.066557019E2,3.102000237E0,1.647705078E1,4.822950363E0
4.066581456E2,3.495000124E0,1.765500069E1,3.408000231E0
4.066605893E2,1.776000142E0,1.503600025E1,1.392000079E0
4.066630328E2,2.440950155E0,1.735095024E1,-1.000950098E0
4.066654765E2,1.134795094E1,1.461195087E1,-3.400500119E-1
4.066679202E2,3.175950050E0,1.304895020E1,-1.265400028E1
4.066703638E2,5.832000256E0,1.593600082E1,-1.080600071E1
4.066728075E2,6.057000160E0,1.838100052E1,-1.900200081E1
4.066752512E2,1.098000050E0,1.256505013E1,-1.200105095E1
4.066776946E2,-3.300000131E-1,9.970050812E0,-2.775000095E0
4.066801383E2,3.706050158E0,1.373805046E1,6.090000272E-1
4.066825820E2,4.036050320E0,1.628595161E1,6.499500275E-1
4.066850256E2,2.365050077E0,6.426000118E0,-2.983950138E0
4.066874693E2,1.254000068E0,5.928000450E0,-3.429000139E0
4.066899130E2,-1.780950069E0,1.792094994E1,2.436000109E0
4.066923565E2,-1.840950131E0,7.461000443E0,1.390050054E0
4.066948002E2,-3.262950182E0,8.164050102E0,-2.320950031E0
4.066972438E2,-1.015050054E0,4.189949989E0,2.673000097E0
4.066996875E2,1.965000153E0,5.398950100E0,8.754000664E0
4.067021312E2,2.425050020E0,9.627000809E0,3.343050241E0
4.067045748E2,2.851050138E0,6.903000355E0,2.706000090E0
4.067070185E2,5.700000286E0,7.128000259E0,7.129050255E0
4.067094620E2,5.737950325E0,9.289950371E0,5.673000336E0
4.067119057E2,4.687050343E0,8.080950737E0,1.924050093E0
4.067143494E2,4.213050365E0,9.180000305E0,4.840050220E0
4.067167930E2,4.396950245E0,1.330305099E1,3.951000214E0
4.067192367E2,4.390050411E0,1.412400055E1,-1.819950104E0
4.067216804E2,1.020405006E1,1.183200073E1,6.795000285E-2
4.067241238E2,5.839050293E0,1.253205013E1,-1.899900055E1
4.067265675E2,7.105050564E0,1.399200058E1,-2.019405174E1
4.067290112E2,1.905000091E0,1.386495113E1,-1.846305084E1
4.067314549E2,-1.290000081E-1,1.113600063E1,-5.638950348E0
4.067338985E2,3.243000269E0,1.327605057E1,2.410050154E0
4.067363422E2,5.365050316E0,1.541700077E1,1.573950052E0
4.067387859E2,4.171950340E0,1.184205055E1,5.250000358E-1
4.067412293E2,3.069000244E0,1.018005085E1,-6.495000422E-2
4.067436730E2,5.346000195E0,1.183005047E1,-2.194050074E0
4.067461167E2,4.057950020E0,1.241205025E1,-2.626950026E0
4.067485603E2,1.510050058E0,6.952950478E0,-8.550000191E-1
4.067510040E2,-1.960500032E-1,6.313950062E0,-9.900000691E-2
4.067534477E2,4.408950329E0,6.534000397E0,-6.843000412E0
4.067558912E2,5.701950073E0,6.052950382E0,-1.159605026E1
4.067583349E2,3.823050261E0,4.711950302E0,-6.070050240E0
4.067607786E2,4.635000229E0,5.634000301E0,-3.190500140E-1
4.067632222E2,5.395950317E0,9.984000206E0,-3.405000269E-2
4.067656659E2,2.391000032E0,9.606000900E0,-3.450000286E-1
4.067681096E2,2.542050123E0,8.461050034E0,-1.819500029E-1
4.067705533E2,8.041950226E0,7.671000481E0,-5.797050476E0
4.067729967E2,5.137050152E0,7.887000561E0,-7.084950447E0
4.067754404E2,8.440500498E-1,8.497050285E0,-4.507050037E0
4.067778841E2,1.503000021E0,7.633050442E0,6.430500150E-1
4.067803277E2,4.720950127E0,1.056105042E1,-1.469999999E-1
4.067827715E2,5.173050404E0,1.188300037E1,-2.188950062E0
4.067852151E2,2.707050085E0,9.603000641E0,-4.395000264E-2
4.067876588E2,3.571050167E0,9.952950478E0,-5.700000525E-1
4.067901023E2,5.827050209E0,1.085100079E1,-5.325000286E0
4.067925460E2,2.745000124E0,1.067595005E1,-4.867950439E0
4.067949897E2,9.589500427E-1,9.880950928E0,-1.054050088E0
4.067974333E2,2.125050068E0,9.904950142E0,-1.590000093E-1
4.067998770E2,3.001950026E0,1.110000038E1,-3.019950151E0
4.068023207E2,1.210950017E0,1.078905010E1,-3.139050245E0
4.068047641E2,5.140500069E-1,9.715950012E0,1.612050056E0
4.068072078E2,2.271000147E0,1.040505028E1,-4.699500203E-1
4.068096515E2,1.491000056E0,9.508050919E0,-2.505000114E0
4.068120951E2,1.810500026E-1,7.077000141E0,-1.780500114E-1
4.068145388E2,1.330050111E0,7.357950211E0,2.698950052E0
4.068169825E2,3.118950129E0,8.479949951E0,2.086050034E0
4.068194260E2,2.500950098E0,6.835950375E0,8.580000401E-1
4.068218697E2,1.704000115E0,6.238950253E0,-4.240500331E-1
4.068243133E2,2.620950222E0,1.108800030E1,4.390500188E-1
4.068267570E2,3.820050240E0,1.253895092E1,4.060500264E-1
4.068292006E2,1.402050018E0,7.999050617E0,-1.522950053E0
4.068316443E2,1.960500032E-1,7.195050240E0,-2.361000061E0
4.068340880E2,6.120000482E-1,1.057800007E1,3.889500201E-1
4.068365315E2,3.660000265E-1,1.112400055E1,1.873050094E0
4.068389752E2,-1.306950092E0,4.377000332E0,-9.600000083E-2
4.068414189E2,-3.415950060E0,6.924000263E0,1.995000057E-2
4.068438626E2,-3.079050064E0,8.314949989E0,1.086000085E0
4.068463062E2,-7.729500532E-1,8.418000221E0,2.364000082E0
4.068487499E2,1.431000113E0,7.033950329E0,-2.779500186E-1
4.068511936E2,7.014000416E0,8.485050201E0,4.636050224E0
4.068536370E2,1.743705177E1,4.099050045E0,-1.184295082E1
4.068560807E2,8.406000137E0,2.787000179E0,-2.210205078E1
4.068585244E2,6.451950073E0,5.920950413E0,-1.783305168E1
4.068609680E2,1.117305088E1,5.808000088E0,-1.523805046E1
4.068634117E2,8.298000336E0,6.352050304E0,-1.238595104E1
4.068658554E2,3.559050083E0,6.205950260E0,-1.774950027E0
4.068682989E2,4.462050438E0,7.257000446E0,5.533950329E0
4.068707426E2,7.207950115E0,6.862050533E0,5.107950211E0
4.068731863E2,8.647050858E0,7.051050186E0,2.887950182E0
4.068756299E2,6.492000103E0,4.803000450E0,-5.626950264E0
4.068780736E2,1.098705006E1,4.201950073E0,-1.264905071E1
4.068805173E2,1.564605045E1,1.003050089E0,-1.880505180E1
4.068829609E2,6.820950508E0,1.519950032E0,-1.971300125E1
4.068854044E2,4.594050407E0,1.951050043E0,-1.562100029E1
4.068878481E2,8.305050850E0,5.455950260E0,-1.150005054E1
4.068902918E2,5.056050301E0,7.105950356E0,-4.213950157E0
4.068927354E2,5.310000181E-1,6.297000408E0,1.030050039E0
4.068951791E2,6.049500108E-1,1.071195030E1,3.055950165E0
4.068976228E2,4.492950439E0,1.099905014E1,8.940000534E-1
4.069000663E2,2.592000008E0,7.888950348E0,-1.240950108E0
4.069025099E2,6.340500116E-1,7.894050598E0,1.714950085E0
4.069049536E2,-1.087050080E0,1.165500069E1,-1.401000023E0
4.069073973E2,8.370000124E-1,1.268700027E1,-1.920000017E-1
4.069098410E2,-4.620000124E-1,1.213395023E1,-1.666950107E0
4.069122846E2,-1.372050047E0,9.979050636E0,1.108950019E0
4.069147283E2,-8.550000191E-1,1.119600010E1,1.106999993E0
4.069171718E2,2.410050154E0,1.509105110E1,9.709500670E-1
4.069196155E2,3.121050119E0,1.305405045E1,3.889500201E-1
4.069220592E2,2.401050091E0,1.131105042E1,-2.170050144E0
4.069245029E2,2.820000172E0,1.478205109E1,-1.800000072E-1
4.069269465E2,2.644950151E0,1.376700020E1,3.169050217E0
4.069293902E2,6.790500283E-1,9.238950729E0,-8.940000534E-1
4.069318339E2,4.009500146E-1,9.085950851E0,7.240500450E-1
4.069342774E2,1.600950122E0,1.398705101E1,2.641950130E0
4.069367211E2,1.468950033E0,9.811950684E0,3.070500195E-1
4.069391647E2,5.400000140E-2,4.860000312E-1,5.879999995E-1
4.069416084E2,3.100500107E-1,2.670000076E0,3.487050056E0
4.069440521E2,6.805950165E0,1.013295078E1,3.781050205E0
4.069464958E2,5.343000412E0,9.838050842E0,4.585950375E0
4.069489395E2,1.340205097E1,3.412050247E0,5.830500126E-1
4.069513829E2,1.741995049E1,4.936950207E0,-2.421195030E1
4.069538266E2,5.851050377E0,8.061000824E0,-2.805900192E1
4.069562703E2,-5.580000281E-1,6.313950062E0,-1.318305016E1
4.069587139E2,1.864050031E0,7.216050148E0,-7.399500608E-1
4.069611576E2,2.287950039E0,1.345800018E1,3.058050156E0
4.069636011E2,1.864050031E0,9.127050400E0,2.055000067E0
4.069660448E2,6.979500055E-1,5.032950401E0,9.469500184E-1
4.069684885E2,2.677950144E0,1.010100079E1,4.308000088E0
4.069709322E2,7.012050152E0,1.097505093E1,3.904050112E0
4.069733759E2,7.137000561E0,7.531950474E0,-2.875950098E0
4.069758195E2,2.800950050E0,7.638000488E0,2.517000198E0
4.069782632E2,3.535950184E0,1.142805099E1,-4.240500331E-1
4.069807069E2,2.857950211E0,1.128705025E1,-1.098105049E1
4.069831503E2,2.869500220E-1,1.048200035E1,-7.585950375E0
4.069855940E2,2.410500050E-1,8.923050880E0,-3.238050222E0
4.069880376E2,3.732000113E0,1.218705082E1,-1.437000036E0
4.069904813E2,3.808050156E0,1.213695049E1,-7.360500097E-1
4.069929250E2,1.374000072E0,9.426000595E0,1.243950009E0
4.069953685E2,2.443950176E0,1.023300076E1,2.443050146E0
4.069978124E2,4.885950089E0,1.147800064E1,-4.054049969E0
4.070002559E2,2.736000061E0,8.065950394E0,-6.511050224E0
4.070026996E2,1.423950076E0,6.298950195E0,-5.605950356E0
4.070051432E2,4.383000374E0,7.092000484E0,-6.870000362E0
4.070075869E2,6.945000172E0,9.685050011E0,-7.674000263E0
4.070100306E2,2.472000122E0,6.771000385E0,-4.120950222E0
4.070124743E2,1.054949999E0,4.956000328E0,3.967950106E0
4.070149177E2,1.725000024E0,1.011600018E1,2.920050144E0
4.070173614E2,3.157050133E0,1.189995098E1,2.422049999E0
4.070198050E2,1.924050093E0,8.148000717E0,2.011950016E0
4.070222487E2,1.078950047E0,8.554950714E0,-2.830500007E-1
4.070246924E2,2.755050182E0,1.145700073E1,6.400500536E-1
4.070271361E2,5.295000076E0,8.839950562E0,-6.445950508E0
4.070295796E2,2.599500120E-1,6.715950489E0,-5.686950207E0
4.070320233E2,2.590050220E0,7.774050236E0,-3.727950096E0
4.070344669E2,6.153000355E0,1.074300098E1,-2.596050024E0
4.070369106E2,3.451950073E0,9.175050735E0,-5.977050304E0
4.070393543E2,1.053000093E0,8.799000740E0,1.216950059E0
4.070417979E2,4.636950016E0,9.493050575E0,1.240950108E0
4.070442416E2,6.478050232E0,1.076700020E1,-4.297950268E0
4.070466851E2,2.218950033E0,9.366000175E0,-6.847950459E0
4.070491288E2,4.159500301E-1,5.650050163E0,-6.229500175E-1
4.070515725E2,2.824050188E0,6.655950546E0,1.690500081E-1
4.070540162E2,3.753000259E0,1.008705044E1,-2.127000093E0
4.070564598E2,2.653950214E0,7.068000317E0,-2.116950035E0
4.070589035E2,2.386050224E0,6.886050224E0,-1.863000035E0
4.070613469E2,5.692950249E0,8.872950554E0,-5.208000183E0
4.070637906E2,2.856000185E0,8.892000198E0,-7.842000484E0
4.070662343E2,6.100500226E-1,6.373050213E0,-2.866050243E0
4.070686780E2,2.257050037E0,7.269000530E0,2.050050020E0
4.070711216E2,4.041000366E0,8.755949974E0,9.990000725E-1
4.070735653E2,1.536000013E0,6.286950111E0,-6.349500418E-1
4.070760090E2,9.640500546E-1,3.394950151E0,1.459050059E0
4.070784525E2,4.468950272E0,6.144000053E0,-8.410500288E-1
4.070808962E2,7.776000500E0,9.131999969E0,-8.055000305E0
4.070833398E2,2.628000021E0,7.935000420E0,-7.507050514E0
4.070857835E2,7.800000161E-2,7.494000435E0,-2.760000229E-1
4.070882272E2,8.250000477E-1,8.176050186E0,3.444000244E0
4.070906706E2,1.942950130E0,1.227105045E1,1.120950103E0
4.070931145E2,2.176050186E0,9.982050896E0,-1.894050121E0
4.070955580E2,2.773950100E0,6.405000210E0,-4.840500355E-1
4.070980017E2,5.575050354E0,8.488050461E0,-5.656050205E0
4.071004454E2,4.747050285E0,8.787000656E0,-1.046805096E1
4.071028890E2,4.279500246E-1,7.587000370E0,-6.064950466E0
4.071053327E2,4.710000157E-1,7.599000454E0,1.879500151E-1
4.071077764E2,4.239000320E0,1.044900036E1,4.060500264E-1
4.071102201E2,3.214950085E0,9.091050148E0,-2.116950035E0
4.071126635E2,1.402050018E0,6.807000160E0,1.465950012E0
4.071151072E2,4.678050041E0,7.282950401E0,1.336950064E0
4.071175509E2,8.410050392E0,9.261000633E0,-5.548050404E0
4.071199945E2,3.844050169E0,8.650050163E0,-9.958050728E0
4.071224382E2,3.820500076E-1,6.382950306E0,-3.853050232E0
4.071248819E2,2.590050220E0,6.076950073E0,-5.659500360E-1
4.071273254E2,4.606050014E0,8.746050835E0,-2.373000145E0
4.071297691E2,2.692950010E0,6.739950180E0,-2.325000048E0
4.071322128E2,2.391000032E0,6.211050510E0,9.300000668E-1
4.071346564E2,7.705950260E0,6.670050144E0,-2.269950151E0
4.071371001E2,5.395950317E0,6.757050514E0,-7.509000301E0
4.071395438E2,1.242000103E0,7.084950447E0,-2.854050159E0
4.071419872E2,2.347950220E0,7.795950413E0,3.469950199E0
4.071444309E2,4.074000359E0,1.051605034E1,1.963950038E0
4.071468746E2,1.963050127E0,9.928950310E0,1.584000111E0
4.071493183E2,5.860500336E-1,9.297000885E0,-1.681050062E0
4.071517619E2,1.227000117E0,8.872950554E0,1.545000076E0
4.071542056E2,3.793950081E0,1.190895081E1,1.822950125E0
4.071566491E2,3.841950178E0,1.116000080E1,-6.331050396E0
4.071590927E2,1.897950053E0,9.091050148E0,-2.028000116E0
4.071615364E2,2.152050018E0,1.104000092E1,-1.726950049E0
4.071639801E2,3.787050247E0,1.348005104E1,-4.297950268E0
4.071664237E2,1.702050090E0,1.198605061E1,-5.467050076E0
4.071688674E2,5.895000324E-2,9.522000313E0,-1.798950076E0
4.071713111E2,2.724000216E0,1.023105049E1,-1.705050111E0
4.071737546E2,3.829950094E0,1.183200073E1,-7.557000160E0
4.071761985E2,1.792950034E0,7.462950230E0,-5.719950199E0
4.071786420E2,1.138950109E0,5.545050144E0,1.849500090E-1
4.071810857E2,6.583050251E0,7.384050369E0,-7.020000219E-1
4.071835293E2,7.551000595E0,7.908000469E0,-6.268950462E0
4.071859730E2,2.851050138E0,4.947000027E0,-3.532050133E0
4.071884167E2,2.688000202E0,6.285000324E0,3.385950089E0
4.071908601E2,6.484950542E0,8.586000443E0,4.320000112E-1
4.071933038E2,3.994950294E0,8.938050270E0,-5.194050312E0
4.071957475E2,8.179500103E-1,6.072000504E0,6.979500055E-1
4.071981911E2,2.472000122E0,7.113000393E0,1.761000037E0
4.072006348E2,3.880050182E0,9.996000290E0,-2.637000084E0
4.072030785E2,1.696950078E0,9.771000862E0,-4.260000229E0
4.072055220E2,1.098000050E0,7.863000393E0,2.860500216E-1
4.072079657E2,5.068050385E0,8.686050415E0,-6.420000196E-1
4.072104093E2,6.595050335E0,9.912000656E0,-9.196950912E0
4.072128530E2,1.780950069E0,8.181000710E0,-7.597950459E0
4.072152967E2,2.029500157E-1,6.012000084E0,-8.290500641E-1
4.072177404E2,5.179950237E0,7.237950325E0,-2.317950010E0
4.072201840E2,6.331950188E0,9.364050865E0,-6.178050518E0
4.072226275E2,1.201050043E0,7.377000332E0,-1.734000087E0
4.072250712E2,1.207950115E0,7.096950531E0,2.247000217E0
4.072275149E2,6.100050449E0,9.888000488E0,-2.098050117E0
4.072299585E2,4.006950378E0,1.093005085E1,-5.838000298E0
4.072324022E2,9.760500193E-1,7.747950554E0,-9.390000701E-1
4.072348459E2,1.912050128E0,7.855950356E0,2.551050186E0
4.072372894E2,3.184050083E0,1.101600075E1,-6.589500308E-1
4.072397330E2,1.459950089E0,9.499950409E0,-2.419050217E0
4.072421767E2,1.897950053E0,8.655000687E0,-1.108950019E0
4.072446204E2,5.314950466E0,7.795950413E0,-2.557950020E0
4.072470641E2,7.378050327E0,9.121950150E0,-8.116950035E0
4.072495077E2,3.495000124E0,8.322000504E0,-7.164000511E0
4.072519514E2,8.350500464E-1,8.269950867E0,3.100500107E-1
4.072543949E2,3.832050085E0,1.078095055E1,2.950950146E0
4.072568386E2,7.783050537E0,1.295295048E1,-3.751950264E0
4.072592823E2,3.295950174E0,8.413050652E0,-5.674950123E0
4.072617259E2,2.176050186E0,7.477050304E0,-2.254050016E0
4.072641696E2,6.789000511E0,8.935050011E0,-5.179050446E0
4.072666133E2,4.941000462E0,1.031895065E1,-1.114800072E1
4.072690570E2,1.038000107E0,7.065000534E0,-2.164950132E0
4.072715004E2,1.639050126E0,5.380050182E0,3.766950130E0
4.072739441E2,5.218950272E0,1.105905056E1,1.231950045E0
4.072763878E2,2.523000002E0,9.766050339E0,7.690500617E-1
4.072788315E2,1.888050079E0,7.678050518E0,3.336000204E0
4.072812751E2,3.775050163E0,1.001295090E1,8.320500255E-1
4.072837188E2,5.491950035E0,1.005600071E1,-7.339050293E0
4.072861625E2,1.183950067E0,9.703950882E0,-9.268950462E0
4.072886060E2,-3.919500113E-1,6.079050064E0,-1.918050051E0
4.072910497E2,1.330050111E0,6.229950428E0,1.473000050E0
4.072934933E2,5.619000435E0,1.188300037E1,-1.818000078E0
4.072959370E2,4.060050011E0,7.714050293E0,-3.661050081E0
4.072983807E2,3.190950155E0,7.164000511E0,-1.380000114E0
4.073008241E2,8.287950516E0,9.180000305E0,-3.952950239E0
4.073032681E2,7.077000141E0,1.110495090E1,-1.006395054E1
4.073057115E2,1.018950105E0,1.084605026E1,-4.858050346E0
4.073081552E2,4.180500209E-1,7.374000549E0,3.661950111E0
4.073105989E2,-1.120500043E-1,1.060905075E1,3.010950089E0
4.073130425E2,7.200000286E-1,9.748950005E0,2.209500074E-1
4.073154862E2,2.062950134E0,7.993950367E0,8.820000291E-1
4.073179299E2,4.921950340E0,7.168050289E0,-2.311050177E0
4.073203734E2,1.008900070E1,7.947000504E0,-7.909050465E0
4.073228170E2,6.528000355E0,9.345000267E0,-1.090395069E1
4.073252607E2,1.510050058E0,8.478000641E0,-3.534000158E0
4.073277044E2,1.462050080E0,8.562000275E0,2.986950159E0
4.073301481E2,1.776000142E0,1.171005058E1,3.565950155E0
4.073325917E2,1.222950101E0,8.574000359E0,1.372950077E0
4.073350354E2,2.185050011E0,8.703000069E0,2.887950182E0
4.073374789E2,8.314949989E0,7.246950150E0,-4.489950180E0
4.073399226E2,9.220050812E0,8.215050697E0,-1.350900078E1
4.073423663E2,2.737950087E0,9.655950546E0,-1.358100033E1
4.073448099E2,-1.699500084E-1,6.939000130E0,-2.481000185E0
4.073472536E2,-1.890000105E-1,1.008195019E1,4.983000278E0
4.073496973E2,7.129500508E-1,9.963000298E0,3.829050064E0
4.073521408E2,2.856000185E0,8.575950623E0,1.435050011E0
4.073545844E2,3.021000147E0,9.354000092E0,2.908050060E0
4.073570281E2,9.346050262E0,8.422950745E0,-3.499500155E-1
4.073594718E2,7.813950539E0,8.728950500E0,-1.082295036E1
4.073619154E2,2.017950058E0,9.757050514E0,-8.184000015E0
4.073643591E2,3.420000076E-1,8.500050545E0,1.590000093E-1
4.073668026E2,8.370000124E-1,1.203795052E1,2.022000074E0
4.073692463E2,1.147950053E0,1.245495033E1,1.653000116E0
4.073716900E2,3.850500286E-1,7.042050362E0,-3.880500197E-1
4.073741337E2,2.262000084E0,8.418000221E0,1.555050015E0
4.073765773E2,7.486050129E0,1.007505035E1,-8.242050171E0
4.073790210E2,5.880000114E0,9.879000664E0,-1.458405113E1
4.073814647E2,5.980500579E-1,8.253000259E0,-7.947000504E0
4.073839082E2,3.495000303E-2,6.940950394E0,1.612050056E0
4.073863518E2,-1.200000048E-1,1.224405098E1,4.063950062E0
4.073887955E2,2.629500031E-1,6.808950424E0,-2.350500077E-1
4.073912392E2,1.429050088E0,6.120000362E0,3.601950169E0
4.073936828E2,3.745950222E0,5.923050404E0,2.368950129E0
4.073961265E2,8.908050537E0,6.739950180E0,-4.063950062E0
4.073985702E2,4.386000156E0,5.622000217E0,-5.067000389E0
4.074010137E2,1.929000139E0,5.803950310E0,-7.399500608E-1
4.074034574E2,2.464950085E0,1.124595070E1,2.242050171E0
4.074059011E2,1.825950146E0,9.726000786E0,-1.285950065E0
4.074083447E2,2.239500135E-1,9.469050407E0,-7.789500356E-1
4.074107884E2,1.810500026E-1,6.144000053E0,1.308000088E0
4.074132321E2,3.817950249E0,8.313000679E0,-3.253950119E0
4.074156756E2,8.061000824E0,8.863950729E0,-1.107405090E1
4.074181192E2,2.773950100E0,6.127050400E0,-7.849050522E0
4.074205629E2,-7.200000435E-2,4.603950024E0,1.339050055E0
4.074230066E2,2.880000114E0,7.671000481E0,3.250050068E0
4.074254503E2,5.728950500E0,8.635950089E0,-1.815000057E0
4.074278939E2,3.045000076E0,5.695950508E0,-3.148950100E0
4.074303376E2,2.403000116E0,4.570950031E0,-2.203050137E0
4.074327811E2,7.359000206E0,6.985950470E0,-7.324950218E0
4.074352248E2,4.483950138E0,6.721050262E0,-1.252305031E1
4.074376685E2,-2.560500205E-1,5.437050343E0,-3.919950247E0
4.074401121E2,-1.530000091E0,6.546000481E0,4.852050304E0
4.074425558E2,2.371950150E0,9.145950317E0,3.388950109E0
4.074449995E2,3.531000137E0,8.004000664E0,7.020000219E-1
4.074474432E2,1.773000121E0,7.020000458E0,3.139950037E0
4.074498866E2,3.361050129E0,7.611000538E0,2.881050110E0
4.074523303E2,7.486050129E0,9.405000687E0,-5.601000309E0
4.074547739E2,3.957000256E0,1.009905052E1,-6.448050499E0
4.074572177E2,3.889500201E-1,7.471950531E0,6.930000186E-1
4.074596613E2,1.084050059E0,9.016950607E0,1.732050061E0
4.074621050E2,1.519950032E0,1.611795044E1,-1.444050074E0
4.074645487E2,4.684950352E0,1.392495060E1,1.060500070E-1
4.074669922E2,2.860050201E0,9.718050003E0,-1.281000018E0
4.074694359E2,5.283000469E0,1.162200069E1,-4.870050430E0
4.074718795E2,7.546050549E0,1.472205067E1,-1.236000061E1
4.074743232E2,2.805000067E0,1.216500092E1,-1.067895031E1
4.074767669E2,4.999500215E-1,1.043400097E1,-2.115000010E0
4.074792103E2,1.572000027E0,1.299105072E1,1.750950098E0
4.074816540E2,3.202950239E0,1.515795040E1,1.564050078E0
4.074840977E2,2.032050133E0,9.436050415E0,6.259500384E-1
4.074865414E2,1.315950036E0,5.344050407E0,1.203000069E0
4.074889850E2,3.940050125E0,1.275405025E1,-6.709500551E-1
4.074914287E2,4.014000416E0,1.229205036E1,-6.508050442E0
4.074938722E2,1.362000108E0,6.607950211E0,-4.372050285E0
4.074963161E2,-1.033950090E0,8.143050194E0,1.806000113E0
4.074987595E2,1.749000072E0,9.108000755E0,8.959500194E-1
4.075012032E2,5.722050190E0,1.056795025E1,-3.283050060E0
4.075036469E2,4.558050156E0,7.531950474E0,-3.220950127E0
4.075060906E2,4.897950172E0,6.538950443E0,-7.549500465E-1
4.075085342E2,8.544000626E0,8.875950813E0,-5.059950352E0
4.075109779E2,3.978000164E0,6.997950554E0,-8.050050735E0
4.075134216E2,3.390000165E-1,6.615000248E0,-2.203050137E0
4.075158651E2,3.510000110E-1,6.958050251E0,3.664050102E0
4.075183088E2,3.981000185E0,1.028805065E1,2.209500074E-1
4.075207525E2,3.889950275E0,8.317950249E0,-2.653050184E0
4.075231961E2,8.110500574E-1,6.192000389E0,1.050000072E0
4.075256398E2,3.724950075E0,8.181000710E0,1.890000105E0
4.075280835E2,8.319000244E0,1.020705032E1,-5.895000458E0
4.075305269E2,2.137050152E0,9.289950371E0,-6.268950462E0
4.075329706E2,-3.640500307E-1,6.799950123E0,2.368950129E0
4.075354143E2,-6.100500226E-1,8.751000404E0,1.639050126E0
4.075378579E2,5.812950134E0,1.149705029E1,-3.288000107E0
4.075403016E2,4.374000072E0,8.902050018E0,-5.718000412E0
4.075427453E2,1.741950035E0,8.361000061E0,-1.687950134E0
4.075451888E2,5.500950336E0,8.725049973E0,-2.601000071E0
4.075476325E2,6.117000103E0,1.012995052E1,-6.240000248E0
4.075500762E2,1.086000085E0,8.587950706E0,-2.007000208E0
4.075525199E2,-1.510500014E-1,7.522950172E0,4.203000069E0
4.075549635E2,8.299500346E-1,1.018305016E1,1.062000036E0
4.075574072E2,6.331950188E0,1.018500042E1,-3.910500109E-1
4.075598509E2,2.925000191E0,7.257000446E0,-4.803000450E0
4.075622943E2,3.387000084E0,7.135050297E0,-3.123000145E0
4.075647380E2,6.913950443E0,1.009395027E1,-4.894050121E0
4.075671817E2,5.053950310E0,1.146900082E1,-6.925050259E0
4.075696253E2,1.069050074E0,7.389000416E0,-1.055999994E0
4.075720690E2,2.430000156E-1,7.252050400E0,3.204000235E0
4.075745127E2,7.099500299E-1,1.045305061E1,1.969050050E0
4.075769562E2,3.627000093E0,9.879000664E0,1.390050054E0
4.075793998E2,3.114000082E0,7.647000313E0,-2.692050219E0
4.075818435E2,5.044050217E0,7.717050552E0,-5.373000145E0
4.075842872E2,6.793950558E0,1.035795021E1,-8.095950127E0
4.075867309E2,1.705950022E0,9.205950737E0,-7.356000423E0
4.075891745E2,1.450500041E-1,7.036950111E0,1.963950038E0
4.075916182E2,1.101000071E0,8.071050644E0,3.658950090E0
4.075940617E2,3.628950119E0,1.066605091E1,9.990000725E-1
4.075965054E2,4.960050106E0,8.539950371E0,2.797050238E0
4.075989491E2,3.246000051E0,6.579000473E0,-3.600000218E-2
4.076013927E2,7.012050152E0,9.043050766E0,-3.285000086E0
4.076038364E2,7.213050365E0,1.184205055E1,-1.044000053E1
4.076062801E2,1.089000106E0,1.115700054E1,-6.589950085E0
4.076087237E2,1.000500023E-1,7.422000408E0,2.295000076E0
4.076111672E2,-6.060000062E-1,1.096305084E1,1.411050081E0
4.076136109E2,1.740000099E-1,1.161000061E1,2.670000196E-1
4.076160546E2,2.592000008E0,9.081000328E0,1.405950069E0
4.076184982E2,3.388950109E0,6.703950405E0,-2.376000166E0
4.076209419E2,8.359950066E0,7.234950542E0,-6.010050297E0
4.076233856E2,8.863050461E0,9.975000381E0,-1.116300011E1
4.076258291E2,2.578050137E0,7.465050220E0,-8.230050087E0
4.076282728E2,8.590500355E-1,7.108950138E0,2.319000006E0
4.076307165E2,5.279999971E-1,1.079295063E1,5.364000320E0
4.076331601E2,2.767050028E0,9.232050896E0,-2.970000207E-1
4.076356038E2,1.132050037E0,6.843000412E0,-2.809500098E-1
4.076380475E2,1.633950114E0,6.241950512E0,1.855950117E0
4.076404911E2,7.054950237E0,7.851000309E0,-2.335050106E0
4.076429348E2,5.245050430E0,8.275050163E0,-7.305000305E0
4.076453783E2,0.000000000E0,7.065000534E0,-3.027000189E0
4.076478220E2,-1.330950022E0,7.294950485E0,3.370050192E0
4.076502657E2,-7.279500365E-1,1.072200012E1,5.089499950E-1
4.076527093E2,4.159950256E0,1.096605015E1,-1.867950082E0
4.076551530E2,2.212050200E0,7.779000282E0,-3.529950142E0
4.076575967E2,2.383949995E0,7.374000549E0,-2.110050201E0
4.076600402E2,6.724950314E0,9.177000046E0,-5.650950432E0
4.076624838E2,5.791050434E0,8.076000214E0,-9.622950554E0
4.076649275E2,1.165050030E0,5.787000179E0,-4.392000198E0
4.076673712E2,1.528950095E0,5.989950180E0,1.840050101E0
4.076698148E2,6.301050186E0,8.896950722E0,-9.529500604E-1
4.076722583E2,5.122950077E0,7.330950260E0,-5.728050232E0
4.076747022E2,7.249500155E-1,6.718050480E0,-1.972950101E0
4.076771457E2,2.434050083E0,7.522950172E0,7.549500465E-1
4.076795894E2,8.098950386E0,9.440999985E0,-5.100000381E0
4.076820331E2,4.050000191E0,7.768950462E0,-7.387050152E0
4.076844767E2,-5.389500260E-1,6.109950066E0,-1.228950024E0
4.076869204E2,5.260500312E-1,8.035050392E0,4.879950047E0
4.076893641E2,6.106950283E0,1.060395050E1,-9.970500469E-1
4.076918075E2,5.383950233E0,9.237000465E0,-4.317000389E0
4.076942512E2,1.467000127E0,7.908000469E0,-3.538950205E0
4.076966949E2,4.048050404E0,8.421000481E0,-2.553000212E0
4.076991385E2,7.333050251E0,1.116405010E1,-8.364000320E0
4.077015822E2,2.524950027E0,8.410950661E0,-6.754950523E0
4.077040259E2,-3.250500262E-1,7.956000328E0,3.175950050E0
4.077064696E2,-6.510000229E-1,8.974050522E0,1.950000048E0
4.077089131E2,3.094950199E0,1.213695049E1,-7.000500560E-1
4.077113568E2,4.606050014E0,8.536050797E0,-3.994050264E0
4.077138004E2,1.720950127E0,7.477050304E0,-1.438950062E0
4.077162441E2,3.610050201E0,1.014000034E1,-1.602000117E0
4.077186878E2,5.154000282E0,1.291200066E1,-5.665050507E0
4.077211315E2,1.831050038E0,9.687000275E0,-1.681050062E0
4.077235751E2,4.279500246E-1,6.069000244E0,2.077050209E0
4.077260186E2,-4.860000312E-1,1.107300091E1,-3.960000277E-1
4.077284623E2,1.311000109E0,1.286205101E1,1.501950026E0
4.077309060E2,2.472000122E0,8.899050713E0,2.605950117E0
4.077333496E2,1.795050144E0,7.033950329E0,1.830000132E-1
4.077357933E2,7.942950249E0,8.677050591E0,-1.842000127E0
4.077382370E2,7.468950272E0,8.988000870E0,-1.147905064E1
4.077406805E2,2.680950165E0,7.051050186E0,-1.158600044E1
4.077431241E2,8.040000200E-1,5.716950417E0,-1.377000093E0
4.077455678E2,4.085999966E0,9.910050392E0,1.524000049E0
4.077480115E2,3.724950075E0,1.144695091E1,-6.250500083E-1
4.077504551E2,1.512000084E0,7.807950497E0,-3.619500101E-1
4.077528988E2,-4.669500291E-1,8.722050667E0,1.938000083E0
4.077553423E2,3.523950100E0,1.012095070E1,-2.203050137E0
4.077577860E2,5.701950073E0,9.357000351E0,-8.404050827E0
4.077602297E2,6.550500393E-1,6.268050194E0,-4.389000416E0
4.077626734E2,3.100500107E-1,6.342000484E0,3.537000179E0
4.077651170E2,4.761000156E0,1.033605003E1,1.737000108E0
4.077675607E2,7.419000149E0,1.049205017E1,-4.771950245E0
4.077700044E2,2.917950153E0,9.726000786E0,-1.381950021E0
4.077724479E2,1.510050058E0,9.757050514E0,9.229500294E-1
4.077748915E2,4.623000145E0,1.302705097E1,-3.730950117E0
4.077773352E2,4.474050045E0,1.321395016E1,-6.640050411E0
4.077797789E2,1.788000107E0,8.770050049E0,-1.308000088E0
4.077822225E2,1.054949999E0,8.538000107E0,3.235950232E0
4.077846662E2,4.366050243E0,1.266300106E1,-4.720500112E-1
4.077871097E2,6.198000431E0,1.146105099E1,-7.119000435E0
4.077895536E2,2.238000154E0,8.299050331E0,-5.923950195E0
4.077919971E2,2.154000044E0,9.523950577E0,-2.722950220E0
4.077944408E2,5.070000172E0,1.390605068E1,-3.568050146E0
4.077968845E2,3.343950272E0,1.069305038E1,-5.449950218E0
4.077993281E2,1.423950076E0,5.773050308E0,8.269500136E-1
4.078017718E2,1.144050002E0,6.241950512E0,1.738950133E0
4.078042154E2,1.195950031E0,1.188795090E1,4.215000153E0
4.078066589E2,2.452950001E0,5.641050339E0,-3.360000134E0
4.078091026E2,3.222000122E0,4.408050060E0,-8.980500698E-1
4.078115463E2,5.262000084E0,6.274950504E0,-4.678950310E0
4.078139899E2,7.462050438E0,8.167050362E0,-8.020950317E0
4.078164336E2,3.673950195E0,6.309000492E0,-8.203050613E0
4.078188773E2,-2.539499998E-1,5.746050358E0,1.188000083E0
4.078213208E2,-1.909500062E-1,7.197000504E0,5.608050346E0
4.078237645E2,6.286950111E0,9.595950127E0,1.347000122E0
4.078262081E2,6.199950218E0,5.269950390E0,-3.721050262E0
4.078286518E2,1.417050123E0,5.586000443E0,-3.139500022E-1
4.078310955E2,4.309050083E0,7.627950191E0,-2.400000095E-1
4.078335391E2,8.331000328E0,9.903000832E0,-7.746000290E0
4.078359828E2,2.500950098E0,8.341950417E0,-6.955950260E0
4.078384263E2,1.399500072E-1,5.610000134E0,1.363050103E0
4.078408700E2,-1.939500123E-1,1.021905041E1,1.384950042E0
4.078433137E2,4.182000160E0,1.145700073E1,-1.791000128E0
4.078457574E2,3.591000080E0,8.763000488E0,-4.741050243E0
4.078482010E2,1.476000071E0,8.092950821E0,-3.204000235E0
4.078506447E2,5.592000484E0,9.073950768E0,-5.526000500E0
4.078530884E2,7.132050514E0,1.082205009E1,-9.882000923E0
4.078555318E2,2.082000017E0,7.840950489E0,-6.721050262E0
4.078579755E2,4.500000179E-2,7.177950382E0,2.091000080E0
4.078604192E2,4.489500225E-1,1.008900070E1,3.805050135E0
4.078628628E2,4.330049992E0,1.010100079E1,1.720050097E0
4.078653065E2,4.623000145E0,7.092000484E0,-4.980000257E-1
4.078677502E2,5.026950359E0,6.955050468E0,-1.887000084E0
4.078701937E2,7.909950256E0,8.655000687E0,-5.203050137E0
4.078726374E2,6.073050499E0,9.939000130E0,-1.044195080E1
4.078750811E2,1.215000033E0,7.015050411E0,-6.718950272E0
4.078775247E2,9.705000371E-2,5.337000370E0,1.822950125E0
4.078799684E2,-4.950000346E-1,1.298400021E1,3.637950182E0
4.078824121E2,1.050000072E0,9.900000572E0,7.005000114E-2
4.078848558E2,2.664000034E0,9.835950851E0,2.629950047E0
4.078872992E2,2.938950062E0,9.216000557E0,2.163000107E0
4.078897429E2,7.801950455E0,1.033605003E1,-5.008950233E0
4.078921866E2,7.246950150E0,1.102305031E1,-1.183095074E1
4.078946302E2,1.138950109E0,8.896950722E0,-8.704050064E0
4.078970739E2,-2.100000158E-2,7.089000225E0,2.932050228E0
4.078995176E2,6.820500493E-1,1.340295029E1,1.366050124E0
4.079019611E2,2.013000011E0,1.232805061E1,2.278050184E0
4.079044048E2,1.998000145E0,7.966050148E0,9.540000558E-1
4.079068485E2,1.969950080E0,9.820950508E0,-8.430000544E-1
4.079092921E2,6.745950222E0,1.315695095E1,2.809050083E0
4.079117359E2,7.756950378E0,1.102305031E1,-9.055950165E0
4.079141795E2,2.583000183E0,9.265950203E0,-6.898050308E0
4.079166232E2,3.870000243E-1,8.646000862E0,-3.520500064E-1
4.079190669E2,6.720000505E-1,1.192605019E1,1.525950074E0
4.079215103E2,1.158000112E0,1.283295059E1,-4.890000224E-1
4.079239540E2,1.539000034E0,8.016000748E0,1.450500041E-1
4.079263977E2,2.425050020E0,8.634000778E0,-1.102050066E0
4.079288413E2,7.582050323E0,1.083900070E1,-4.794000149E0
4.079312850E2,6.313050270E0,9.124950409E0,-9.039000511E0
4.079337285E2,2.275950193E0,7.594950199E0,-4.123050213E0
4.079361724E2,7.630500197E-1,6.939000130E0,8.220000267E-1
4.079386159E2,2.140050173E0,1.164600086E1,1.629000068E0
4.079410595E2,3.010950089E0,7.789050579E0,-4.296000004E0
4.079435032E2,2.346000195E0,6.903000355E0,-3.757050276E0
4.079459469E2,2.434050083E0,6.915000439E0,-1.714950085E0
4.079483903E2,5.286000252E0,9.013950348E0,-2.332950115E0
4.079508342E2,3.385050058E0,8.995050430E0,-3.616050243E0
4.079532777E2,3.220500052E-1,7.075050354E0,2.629950047E0
4.079557214E2,-1.420050025E0,7.222950459E0,2.323050022E0
4.079581651E2,-2.580000162E-1,1.020705032E1,-2.760000229E-1
4.079606087E2,4.417050362E0,9.220050812E0,2.938950062E0
4.079630524E2,3.804000139E0,6.184050083E0,-5.799000263E0
4.079654961E2,3.808050156E0,7.129950523E0,-4.963950157E0
4.079679395E2,7.546050549E0,9.084000587E0,-9.217950821E0
4.079703832E2,4.327950001E0,8.653050423E0,-1.041105080E1
4.079728269E2,1.690500081E-1,6.441000462E0,-1.372050047E0
4.079752706E2,-7.969500422E-1,8.224050522E0,4.497000217E0
4.079777142E2,8.950500488E-1,1.050405025E1,2.151000023E0
4.079801579E2,5.191950321E0,7.317000389E0,2.500950098E0
4.079826016E2,3.046950102E0,5.206950188E0,-2.530950069E0
4.079850451E2,4.357050419E0,6.747000217E0,-4.858050346E0
4.079874888E2,8.716950417E0,9.342000008E0,-1.053795052E1
4.079899325E2,3.955050230E0,8.488050461E0,-1.050705051E1
4.079923761E2,3.220500052E-1,6.298950195E0,-1.813050032E0
4.079948198E2,-1.237950087E0,7.650000572E0,5.725950241E0
4.079972635E2,-2.320500165E-1,1.077705097E1,1.612050056E0
4.079997072E2,3.976050138E0,8.503950119E0,3.070050240E0
4.080021506E2,5.980050087E0,5.713050365E0,-5.700000525E-1
4.080045943E2,5.599050045E0,6.085950375E0,-4.126049995E0
4.080070380E2,1.007700062E1,8.248050690E0,-9.168000221E0
4.080094816E2,4.813950062E0,7.570950508E0,-1.120800018E1
4.080119253E2,4.950000346E-1,7.092000484E0,-9.460500479E-1
4.080143690E2,1.330500096E-1,9.262950897E0,4.569000244E0
4.080168125E2,1.189050078E0,1.168395042E1,-6.520500183E-1
4.080192562E2,3.394050121E0,1.003395081E1,2.206050158E0
4.080216998E2,2.860050201E0,7.968000412E0,1.168950081E0
4.080241435E2,1.378050089E0,8.301000595E0,-7.470000386E-1
4.080265872E2,5.932050228E0,1.143000031E1,-2.760000229E-1
4.080290308E2,5.707050323E0,1.003395081E1,-6.570000172E0
4.080314743E2,2.271000147E0,7.425000191E0,-2.589000225E0
4.080339182E2,1.225050092E0,8.956950188E0,1.737000108E0
4.080363617E2,1.825950146E0,1.424100113E1,-1.497000098E0
4.080388054E2,2.547000170E0,1.177305031E1,-3.405000269E-2
4.080412491E2,2.116050005E0,8.381999969E0,1.660050035E0
4.080436927E2,9.349500537E-1,9.502950668E0,-1.126049995E0
4.080461364E2,2.827050209E0,1.297200108E1,1.915950060E0
4.080485798E2,6.981000423E0,9.357000351E0,-4.083000183E0
4.080510235E2,3.543000221E0,5.752950191E0,-7.863000393E0
4.080534672E2,1.963050127E0,8.263050079E0,-3.702000141E0
4.080559108E2,5.317050457E0,1.170300102E1,-2.292000055E0
4.080583546E2,4.657950401E0,8.650050163E0,-2.512050152E0
4.080607982E2,1.756950140E0,6.900000095E0,1.078050017E0
4.080632419E2,1.837950110E0,8.193000793E0,3.319050074E0
4.080656856E2,5.025000095E0,1.046505070E1,-2.040000111E-1
4.080681291E2,4.812000275E0,8.418000221E0,-2.677050114E0
4.080705728E2,2.496000051E0,6.723000526E0,-4.684050083E0
4.080730164E2,7.129500508E-1,7.015050411E0,-1.059000015E0
4.080754601E2,4.085999966E0,1.120800018E1,8.250000477E-1
4.080779038E2,5.014950275E0,1.038405037E1,-3.120000124E0
4.080803474E2,2.836050034E0,9.366000175E0,-2.337000132E0
4.080827909E2,1.909950137E0,9.595950127E0,-2.371050119E0
4.080852346E2,7.543950558E0,1.119600010E1,-4.774950027E0
4.080876783E2,6.247950077E0,9.430950165E0,-1.017405033E1
4.080901219E2,1.186950088E0,8.116950035E0,-4.612050056E0
4.080925656E2,1.399500072E-1,8.634000778E0,3.075000048E0
4.080950093E2,1.378050089E0,1.183995056E1,3.619500101E-1
4.080974530E2,4.017000198E0,9.625050545E0,1.780050039E0
4.080998964E2,2.278950214E0,7.018050194E0,-3.214050055E0
4.081023401E2,2.997000217E0,9.220050812E0,-1.393950105E0
4.081047838E2,7.953000546E0,1.044900036E1,-7.569000244E0
4.081072274E2,7.149000168E0,8.808000565E0,-1.153095055E1
4.081096711E2,1.857000113E0,6.769050121E0,-5.947950363E0
4.081121148E2,8.100000024E-2,6.045000076E0,2.608050108E0
4.081145583E2,-1.738050103E0,1.043700027E1,4.720050335E0
4.081170020E2,1.996050119E0,6.802050114E0,2.007000208E0
4.081194457E2,5.959050179E0,6.085950375E0,-1.420050025E0
4.081218894E2,5.800950050E0,6.298950195E0,-3.679950237E0
4.081243330E2,8.667000771E0,7.324050426E0,-6.199050426E0
4.081267767E2,5.413050175E0,8.028000832E0,-9.364950180E0
4.081292203E2,5.550000072E-1,6.874050140E0,-5.293950081E0
4.081316638E2,-1.015050054E0,8.005949974E0,3.505950212E0
4.081341075E2,-1.993950129E0,1.100205040E1,3.619500101E-1
4.081365512E2,1.639050126E0,9.124950409E0,6.210000515E-1
4.081389948E2,4.893000126E0,8.047050476E0,9.469500184E-1
4.081414385E2,3.406050205E0,8.233950615E0,-2.260950089E0
4.081438822E2,6.931050301E0,1.067100048E1,-5.200950146E0
4.081463257E2,8.920050621E0,1.038405037E1,-8.662950516E0
4.081487694E2,3.294000149E0,8.727000237E0,-7.381950378E0
4.081512130E2,1.399500072E-1,9.064949989E0,2.042999983E0
4.081536566E2,-7.200000435E-2,1.135095024E1,1.954950094E0
4.081561003E2,1.576950073E0,1.177305031E1,-7.330500484E-1
4.081585440E2,3.844050169E0,9.505050659E0,3.112950087E0
4.081609877E2,4.129050255E0,8.071050644E0,-2.176950216E0
4.081634312E2,7.383000374E0,9.430950165E0,-6.046050072E0
4.081658749E2,9.109050751E0,9.820950508E0,-1.013505077E1
4.081683186E2,3.199950218E0,8.755949974E0,-1.012395000E1
4.081707622E2,1.045050025E0,7.836000443E0,7.170000076E-1
4.081732059E2,4.800000191E-1,1.192305088E1,2.278050184E0
4.081756496E2,-3.349500299E-1,1.200495052E1,2.742000103E0
4.081780933E2,9.570000172E-1,6.358950138E0,1.845000029E0
4.081805370E2,1.249050021E0,8.872950554E0,2.050050020E0
4.081829804E2,4.789950371E0,8.059050560E0,1.609950066E0
4.081854241E2,1.014900017E1,7.923000336E0,-8.431050301E0
4.081878678E2,5.875050068E0,6.096000195E0,-1.231200027E1
4.081903114E2,7.609500289E-1,6.951000214E0,-5.143050194E0
4.081927551E2,-4.429500103E-1,8.454000473E0,3.769950151E0
4.081951988E2,-6.529500484E-1,9.520050049E0,3.571050167E0
4.081976423E2,2.128050089E0,7.093950272E0,5.899500251E-1
4.082000860E2,2.785950184E0,7.923000336E0,1.974000096E0
4.082025297E2,1.431000113E0,7.492050171E0,1.603050113E0
4.082049733E2,6.148050308E0,9.084000587E0,5.490000248E-1
4.082074170E2,7.524000168E0,7.180050373E0,-8.989050865E0
4.082098607E2,2.343000174E0,7.546950340E0,-7.080000401E0
4.082123041E2,-5.205000192E-2,9.579000473E0,3.600000143E-1
4.082147478E2,8.400000334E-1,1.291005039E1,1.713000059E0
4.082171915E2,2.905950069E0,9.715950012E0,-1.759950042E0
4.082196352E2,1.177050114E0,8.466000557E0,-2.280000210E0
4.082220788E2,-6.900000572E-2,8.968950272E0,7.579500079E-1
4.082245225E2,3.925950289E0,8.722050667E0,-1.516050100E0
4.082269662E2,7.783050537E0,8.035050392E0,-6.523050308E0
4.082294097E2,3.439950228E0,6.619950294E0,-6.072000504E0
4.082318534E2,6.820500493E-1,8.044950485E0,1.593000054E0
4.082342971E2,1.098000050E0,1.081005096E1,1.042050004E0
4.082367407E2,1.728000045E0,1.100895023E1,2.110050201E0
4.082391844E2,1.474050045E0,8.542950630E0,-1.717050076E0
4.082416281E2,1.395000052E-2,9.129000664E0,-1.546950102E0
4.082440718E2,4.078950405E0,8.494950294E0,-3.409950256E0
4.082465153E2,8.299950600E0,7.378950119E0,-9.352950096E0
4.082489589E2,4.074000359E0,6.253950119E0,-8.958000183E0
4.082514026E2,-2.340000123E-1,7.293000221E0,-6.090000272E-1
4.082538463E2,-8.500500321E-1,8.968950272E0,4.912050247E0
4.082562899E2,5.164050102E0,8.322000504E0,1.177050114E0
4.082587336E2,5.892000198E0,6.745050430E0,-3.484050274E0
4.082611771E2,6.409500241E-1,8.619000435E0,-1.819950104E0
4.082636208E2,2.434050083E0,8.430000305E0,-1.552050114E0
4.082660645E2,7.261050224E0,8.230950356E0,-6.534000397E0
4.082685082E2,4.006950378E0,7.084950447E0,-8.359050751E0
4.082709518E2,-5.239500403E-1,7.420050144E0,5.130000114E-1
4.082733955E2,-1.537050128E0,9.586950302E0,3.145050049E0
4.082758390E2,8.470500112E-1,9.996000290E0,-8.460000157E-1
4.082782829E2,3.310050249E0,1.012500095E1,2.026050091E0
4.082807264E2,4.126950264E0,8.200050354E0,1.060500070E-1
4.082831701E2,4.270950317E0,8.167050362E0,-3.283050060E0
4.082856137E2,9.078000069E0,8.088000298E0,-1.060695076E1
4.082880574E2,6.250950336E0,7.711950302E0,-1.328595066E1
4.082905011E2,6.619500518E-1,7.200000286E0,-6.369000435E0
4.082929445E2,-6.870000362E-1,9.256050110E0,3.597000122E0
4.082953882E2,-1.245000005E0,1.094700050E1,3.352950096E0
4.082978319E2,2.068050146E0,9.448050499E0,1.171950102E0
4.083002755E2,2.446050167E0,8.428050041E0,1.686000109E0
4.083027192E2,2.164050102E0,8.749050140E0,9.229500294E-1
4.083051629E2,7.132050514E0,8.935050011E0,-3.352050066E0
4.083076066E2,1.018005085E1,8.008950233E0,-1.036095047E1
4.083100503E2,2.656950235E0,7.996950150E0,-8.550000191E0
4.083124938E2,3.060000241E-1,9.994050026E0,1.758000135E0
4.083149375E2,-4.669500291E-1,1.332405090E1,1.540050030E0
4.083173811E2,1.004999995E0,1.224195099E1,2.700000070E-2
4.083198248E2,3.478050232E0,1.186095047E1,7.770000100E-1
4.083222685E2,3.214950085E0,1.107105064E1,-2.626950026E0
4.083247122E2,5.941950321E0,1.107300091E1,-5.080950260E0
4.083271556E2,8.053950310E0,9.679950714E0,-1.016700077E1
4.083295993E2,3.636000156E0,8.527950287E0,-9.843000412E0
4.083320430E2,2.269500047E-1,9.702000618E0,-1.324950099E0
4.083344867E2,1.347000122E0,1.048200035E1,2.059950113E0
4.083369303E2,1.606050134E0,1.246695042E1,3.271950245E0
4.083393740E2,2.641950130E0,7.282950401E0,6.400500536E-1
4.083418175E2,1.690050125E0,8.289000511E0,-1.240950108E0
4.083442612E2,1.972050071E0,8.536050797E0,-1.060950041E0
4.083467048E2,6.129000187E0,7.798050404E0,-4.554000378E0
4.083491485E2,4.567049980E0,6.031050205E0,-7.642950535E0
4.083515922E2,1.072050095E0,6.421050072E0,-2.119050026E0
4.083540358E2,-2.037000179E0,6.832950115E0,4.003950119E0
4.083564795E2,-1.888950109E0,7.879950523E0,1.380000114E0
4.083589230E2,1.072050095E0,5.643000126E0,1.150050044E0
4.083613667E2,3.876000166E0,5.965950489E0,3.946950197E0
4.083638104E2,2.653950214E0,7.189950466E0,-6.570000052E-1
4.083662540E2,6.184050083E0,8.125950813E0,-3.280950069E0
4.083686977E2,6.651000500E0,6.637050152E0,-9.262050629E0
4.083711414E2,1.141050100E0,6.622950077E0,-7.566000462E0
4.083735851E2,-6.199500561E-1,6.961950302E0,2.452950001E0
4.083760285E2,-1.750050068E0,1.016400051E1,2.934000254E0
4.083784722E2,8.230500221E-1,9.052950859E0,-1.924950123E0
4.083809159E2,3.792000294E0,9.904950142E0,3.219000101E0
4.083833595E2,2.998950243E0,9.874050140E0,-8.340000510E-1
4.083858032E2,5.793000221E0,1.031700039E1,-3.793050289E0
4.083882469E2,8.997000694E0,1.004205036E1,-1.100205040E1
4.083906906E2,3.355950117E0,1.024005032E1,-1.087500095E1
4.083931343E2,-1.120500043E-1,1.018305016E1,-1.654950023E0
4.083955777E2,3.130500019E-1,1.167000103E1,3.946950197E0
4.083980214E2,-7.849500179E-1,1.300800037E1,-1.369500011E-1
4.084004651E2,-5.430000424E-1,1.159305096E1,-2.205000073E-2
4.084029087E2,5.929500461E-1,1.164600086E1,1.915950060E0
4.084053524E2,1.000050068E0,1.104495049E1,1.129500046E-1
4.084077961E2,2.604000092E0,1.240200043E1,1.737000108E0
4.084102396E2,1.147005081E1,1.076700020E1,-6.592050076E0
4.084126833E2,5.740950108E0,8.988000870E0,-1.298505020E1
4.084151269E2,1.050000072E0,1.183200073E1,-6.661050320E0
4.084175706E2,7.819500566E-1,1.159500027E1,3.390000165E-1
4.084200143E2,2.449050188E0,1.082205009E1,1.974000096E0
4.084224578E2,2.295000076E0,9.268050194E0,1.845000029E0
4.084249014E2,1.504950047E0,7.836000443E0,2.371050119E0
4.084273451E2,1.678050041E0,9.229950905E0,1.485000014E0
4.084297888E2,6.208050251E0,9.409049988E0,-6.495000422E-2
4.084322325E2,5.769000053E0,8.418000221E0,-4.554000378E0
4.084346761E2,1.761000037E0,9.550950050E0,-2.332950115E0
4.084371198E2,1.048050046E0,9.723000526E0,1.045050025E0
4.084395635E2,1.036050081E0,1.190700054E1,1.416000009E0
4.084420070E2,6.960000396E-1,9.357000351E0,2.670000196E-1
4.084444507E2,4.180500209E-1,8.191050529E0,-2.042999983E0
4.084468943E2,7.819500566E-1,6.955050468E0,-5.805000290E-2
4.084493380E2,3.718050241E0,8.245950699E0,-2.476050138E0
4.084517816E2,6.922950268E0,7.638000488E0,-6.739950180E0
4.084542253E2,4.354050159E0,6.783000469E0,-5.574000359E0
4.084566690E2,1.813950062E0,9.250950813E0,2.460000038E0
4.084591125E2,5.700000376E-2,1.267800045E1,3.310050249E0
4.084615562E2,6.190500259E-1,1.041705036E1,1.810950041E0
4.084639999E2,3.574050188E0,9.567000389E0,2.359500080E-1
4.084664435E2,2.635050058E0,8.706000328E0,-3.204000235E0
4.084688872E2,6.346050262E0,7.839000225E0,-6.633000374E0
4.084713309E2,8.961000443E0,7.702050209E0,-1.129005051E1
4.084737743E2,4.201050282E0,7.366950512E0,-1.017600060E1
4.084762180E2,-6.079500318E-1,7.978050232E0,-1.854000092E0
4.084786617E2,-2.719950199E0,7.507950306E0,5.211000443E0
4.084811053E2,-8.280000687E-1,7.528050423E0,2.070000172E0
4.084835490E2,3.808050156E0,7.393050194E0,2.946000099E0
4.084859927E2,6.567000389E0,3.466950178E0,-3.108000040E0
4.084884362E2,2.760000229E0,5.145000458E0,-5.581950188E0
4.084908798E2,5.215950012E0,4.249950409E0,-6.444000244E0
4.084933235E2,7.060050488E0,3.546000242E0,-5.572050095E0
4.084957672E2,1.813950062E0,4.027050018E0,-3.211050034E0
4.084982109E2,-1.009950042E0,5.631000042E0,4.380000114E0
4.085006546E2,-1.654050112E0,6.466950417E0,3.985050201E0
4.085030982E2,1.780950069E0,7.510950565E0,1.758000135E0
4.085055417E2,5.985000134E0,3.943050146E0,-2.433000088E0
4.085079854E2,7.459500432E-1,4.171050072E0,-3.841050148E0
4.085104291E2,8.830500245E-1,4.486950397E0,-3.019500077E-1
4.085128728E2,7.290000439E0,5.263050079E0,-3.181950092E0
4.085153165E2,8.269050598E0,6.334950447E0,-5.740050316E0
4.085177601E2,2.443950176E0,6.733050346E0,1.461000085E0
4.085202038E2,-9.105000645E-2,1.101795006E1,1.981050134E0
4.085226472E2,1.399500072E-1,1.150200081E1,-1.702950120E0
4.085250909E2,9.450000525E-1,1.393695068E1,-6.660000086E-1
4.085275346E2,2.113049984E0,1.256505013E1,1.282050014E0
4.085299782E2,1.357050061E0,1.176300049E1,-1.699500084E-1
4.085324219E2,1.156050086E0,1.062105083E1,7.810500264E-1
4.085348656E2,1.713000059E0,1.243305016E1,-2.160000056E-1
4.085373091E2,3.532950163E0,1.202895069E1,-2.730000019E-1
4.085397528E2,3.567000151E0,1.162395096E1,-2.080950022E0
4.085421965E2,2.827050209E0,1.219395065E1,-1.372050047E0
4.085446401E2,2.571000099E0,1.420305061E1,3.030000031E-1
4.085470838E2,2.889000177E0,1.351305103E1,-6.139050484E0
4.085495275E2,1.333050013E0,1.186095047E1,-5.944950104E0
4.085519712E2,4.350000322E-1,1.110000038E1,-7.039500475E-1
4.085544149E2,2.970000029E0,1.101105022E1,-1.273950100E0
4.085568583E2,7.588950157E0,1.082700062E1,-4.321950436E0
4.085593020E2,6.061950207E0,1.045305061E1,-4.276950359E0
4.085617457E2,2.449050188E0,8.986050606E0,-1.051950097E0
4.085641893E2,1.147950053E0,6.169950485E0,3.973050117E0
4.085666330E2,1.624950051E0,9.487950325E0,2.560050011E0
4.085690767E2,2.242950201E0,8.706000328E0,-2.392050028E0
4.085715202E2,1.105050087E0,5.563950062E0,-2.869050026E0
4.085739639E2,3.870000243E-1,4.765050411E0,-1.228950024E0
4.085764076E2,3.670050144E0,7.585050583E0,-1.126049995E0
4.085788513E2,7.230000496E0,9.180000305E0,-4.923000336E0
4.085812949E2,4.085999966E0,8.746050835E0,-2.530950069E0
4.085837386E2,3.679500222E-1,1.003695011E1,3.343050241E0
4.085861823E2,-1.216050029E0,1.125795078E1,1.825050116E0
4.085886257E2,1.335000038E0,1.109505081E1,2.191950083E0
4.085910694E2,6.823050499E0,9.820950508E0,-3.228000164E0
4.085935131E2,3.418050051E0,7.650000572E0,-6.393000126E0
4.085959567E2,1.906950116E0,7.386000156E0,-5.469000340E0
4.085984004E2,4.909950256E0,7.525050163E0,-6.292950153E0
4.086008441E2,4.029000282E0,7.414950371E0,-4.626000404E0
4.086032876E2,8.659500480E-1,7.864950180E0,-7.240500450E-1
4.086057313E2,6.405000389E-2,9.462000847E0,3.487050056E0
4.086081749E2,-9.700500369E-1,7.507950306E0,5.250000358E-1
4.086106186E2,-1.017000079E0,8.284049988E0,-1.048950076E0
4.086130623E2,1.314000010E0,5.872950077E0,2.128950119E0
4.086155059E2,1.587000132E0,6.376050472E0,-1.786950111E0
4.086179496E2,3.088050127E0,6.226950169E0,-2.067000151E0
4.086203931E2,5.875050068E0,5.686050415E0,-3.271050215E0
4.086228368E2,6.322050095E0,6.148050308E0,-1.600050092E0
4.086252804E2,2.941950083E0,1.003395081E1,-3.019500077E-1
4.086277241E2,2.340000123E-1,1.043895054E1,2.722950220E0
4.086301678E2,-7.279500365E-1,1.000800037E1,9.370500445E-1
4.086326114E2,4.660500288E-1,1.199295044E1,-1.729500145E-1
4.086350551E2,4.857000351E0,1.213905048E1,-1.116000056E0
4.086374986E2,2.293050051E0,9.916950226E0,-4.717050076E0
4.086399423E2,2.458050013E0,8.571000099E0,-5.989500284E-1
4.086423860E2,5.203950405E0,1.167405033E1,-2.923950195E0
4.086448296E2,8.800950050E0,1.147605038E1,-9.585000038E0
4.086472733E2,2.326050043E0,1.148505020E1,-1.017600060E1
4.086497170E2,1.669500023E-1,1.091295052E1,-8.359500170E-1
4.086521607E2,9.979500771E-1,1.184400082E1,2.158050060E0
4.086546041E2,1.681950092E0,1.445700073E1,8.440500498E-1
4.086570478E2,1.783050060E0,1.078395081E1,1.617000103E0
4.086594914E2,1.285050035E0,9.855000496E0,8.250000477E-1
4.086619352E2,2.077050209E0,1.125495052E1,2.041050196E0
4.086643788E2,8.841000557E0,1.120005035E1,-6.660000086E-1
4.086668225E2,8.619000435E0,1.110900021E1,-1.041105080E1
4.086692662E2,3.643050194E0,1.167195034E1,-1.066005039E1
4.086717097E2,3.750000298E-1,1.015200043E1,-4.216950417E0
4.086741533E2,-6.250500083E-1,1.138500023E1,1.528050065E0
4.086765970E2,2.209050179E0,7.015050411E0,1.536000013E0
4.086790407E2,4.735050201E0,5.691000462E0,-2.500050068E0
4.086814843E2,2.631000042E0,3.946050167E0,-9.580500722E-1
4.086839280E2,2.404950142E0,4.465050220E0,9.900000691E-2
4.086863715E2,5.623050213E0,5.647950172E0,-2.182049990E0
4.086888152E2,5.190000057E0,6.591000080E0,-3.682950258E0
4.086912589E2,1.468950033E0,9.511950493E0,-2.233950138E0
4.086937025E2,-1.389000058E0,8.392050743E0,2.737950087E0
4.086961462E2,-2.734050035E0,7.093950272E0,1.489950061E0
4.086985899E2,-1.093950033E0,8.325000763E0,3.220500052E-1
4.087010336E2,4.327950001E0,8.169000626E0,8.839500546E-1
4.087034770E2,4.512000084E0,6.265950203E0,-4.432050228E0
4.087059207E2,2.319000006E0,5.899050236E0,-4.942050457E0
4.087083644E2,5.322000027E0,6.369000435E0,-5.785050392E0
4.087108080E2,5.572950363E0,6.547950268E0,-8.457000732E0
4.087132517E2,7.770000100E-1,8.437050819E0,-3.691950083E0
4.087156954E2,-1.638000131E0,6.412050247E0,1.500000119E0
4.087181389E2,-4.950000346E-1,7.149000168E0,2.362050056E0
4.087205826E2,4.122000217E0,9.169950485E0,1.725000024E0
4.087230263E2,1.069695091E1,9.247050285E0,-5.920500159E-1
4.087254699E2,3.784950256E0,7.384050369E0,-4.629000187E0
4.087279136E2,1.608000040E0,1.127505016E1,-1.996950150E0
4.087303573E2,1.065000057E0,1.334595108E1,1.090500057E-1
4.087328010E2,2.032050133E0,1.490700054E1,-3.280950069E0
4.087352444E2,1.093050003E0,1.345095062E1,-4.019999981E0
4.087376881E2,-2.320500165E-1,1.202205086E1,4.080000222E-1
4.087401318E2,-5.650500059E-1,1.065705013E1,1.396950126E0
4.087425754E2,5.119500160E-1,1.208100033E1,2.190000117E-1
4.087450191E2,3.901950121E0,1.235400105E1,9.660000205E-1
4.087474628E2,3.691050291E0,1.115505028E1,-3.793050289E0
4.087499063E2,3.151950121E0,1.030695057E1,-2.365950108E0
4.087523499E2,3.994950294E0,1.267005062E1,-4.200000286E0
4.087547936E2,3.691050291E0,1.303695107E1,-4.863000393E0
4.087572372E2,1.945950150E0,1.335300064E1,-1.866000056E0
4.087596809E2,1.132050037E0,1.146600056E1,5.320500135E-1
4.087621246E2,6.430500150E-1,1.056600094E1,-1.819500029E-1
4.087645681E2,1.018950105E0,9.805050850E0,-1.080000028E-1
4.087670118E2,1.768950105E0,9.213000298E0,1.612050056E0
4.087694555E2,1.572000027E0,7.879950523E0,1.864050031E0
4.087718992E2,2.550000250E-1,6.438000202E0,1.483050108E0
4.087743428E2,4.969500303E-1,6.510000229E0,2.424000025E0
4.087767865E2,6.334050179E0,5.989950180E0,2.256000042E0
4.087792302E2,5.536950111E0,7.542000294E0,-6.568050385E0
4.087816736E2,1.990950108E0,8.089950562E0,-6.211050510E0
4.087841176E2,-1.120500043E-1,5.389050484E0,-7.375050545E0
4.087865610E2,1.278000116E0,7.195050240E0,-3.084000111E0
4.087890047E2,2.542050123E0,6.426000118E0,-2.323050022E0
4.087914484E2,2.701950073E0,6.748950481E0,1.153050065E0
4.087938920E2,2.640000105E0,4.534950256E0,2.347050190E0
4.087963357E2,6.952050209E0,4.864950180E0,-2.160000056E-1
4.087987794E2,9.991050720E0,5.479950428E0,-6.610950470E0
4.088012229E2,4.242000103E0,7.630050182E0,-9.775950432E0
4.088036666E2,1.380000114E-1,7.851000309E0,-7.581000328E0
4.088061103E2,-8.500500321E-1,6.196050167E0,-2.404050112E0
4.088085539E2,3.451950073E0,6.855000496E0,1.143000007E0
4.088109976E2,7.021950245E0,6.378000259E0,-1.951950073E0
4.088134413E2,4.624950409E0,6.342000484E0,-3.517950058E0
4.088158847E2,-3.850500286E-1,6.108000278E0,-6.229500175E-1
4.088183284E2,5.569500327E-1,5.418000221E0,1.057050109E0
4.088207721E2,6.343950272E0,6.973950386E0,-3.814950228E0
4.088232158E2,6.504000187E0,9.472050667E0,-6.879000187E0
4.088256595E2,8.080500364E-1,1.048695087E1,-7.740000486E-1
4.088281032E2,-2.362950087E0,1.091295052E1,3.850950241E0
4.088305468E2,-2.479950190E0,1.103505039E1,-1.981050134E0
4.088329903E2,-2.680500150E-1,1.382700062E1,-1.648050070E0
4.088354340E2,2.556000233E0,1.398705101E1,2.716050148E0
4.088378777E2,2.788950205E0,1.187805080E1,1.348950028E0
4.088403213E2,1.282950044E0,9.010050774E0,-1.800000072E-1
4.088427650E2,5.305050373E0,1.233300018E1,8.505000174E-2
4.088452087E2,1.183905029E1,1.298895073E1,-7.947000504E0
4.088476522E2,6.661950111E0,1.024695015E1,-1.028595066E1
4.088500959E2,1.363950014E0,1.291200066E1,-4.116000175E0
4.088525395E2,1.311000109E0,1.359000111E1,2.515050173E0
4.088549832E2,2.275950193E0,1.504095078E1,1.078050017E0
4.088574269E2,2.793000221E0,1.307805061E1,4.609500170E-1
4.088598705E2,1.375950098E0,1.050795078E1,6.640500426E-1
4.088623142E2,1.258950114E0,9.570000648E0,1.999500096E-1
4.088647577E2,1.362000108E0,1.124295044E1,8.100000620E-1
4.088672014E2,1.924050093E0,1.213695049E1,1.789050102E0
4.088696451E2,2.293050051E0,1.216800022E1,1.785000086E0
4.088720887E2,1.623000026E0,9.769050598E0,4.680000246E-1
4.088745324E2,7.390500307E-1,8.506950378E0,-1.990500093E-1
4.088769761E2,2.599500120E-1,9.642000198E0,-2.400000095E0
4.088794196E2,9.589500427E-1,1.020195007E1,1.536000013E0
4.088818632E2,7.099500299E-1,8.100000381E0,2.282999992E0
4.088843069E2,-6.705000252E-2,4.918050289E0,-1.521000028E0
4.088867506E2,-2.659500241E-1,5.035050392E0,6.450000405E-1
4.088891942E2,7.234950542E0,6.052950382E0,-1.030050039E0
4.088916379E2,6.765000343E0,6.235050201E0,-1.087305069E1
4.088940816E2,3.793950081E0,6.691950321E0,-1.034100056E1
4.088965251E2,-4.950000346E-1,4.882050037E0,-5.965050220E0
4.088989688E2,-1.195050001E0,5.253000259E0,3.600000143E-1
4.089014125E2,2.100000158E-2,5.377050400E0,1.906950116E0
4.089038561E2,2.209050179E0,3.289950132E0,2.967000246E0
4.089062999E2,1.435950041E0,2.485050201E0,2.854950190E0
4.089087435E2,2.935050249E0,2.466000080E0,1.900050044E0
4.089111872E2,8.725950241E0,2.049000025E0,-3.871950150E0
4.089136309E2,9.540000916E0,4.492050171E0,-7.878000259E0
4.089160743E2,3.298950195E0,6.132000446E0,-7.759950161E0
4.089185180E2,2.140050173E0,5.188050270E0,-7.863000393E0
4.089209616E2,6.808950424E0,5.947050095E0,-8.811000824E0
4.089234053E2,9.556950569E0,8.341950417E0,-6.075000286E0
4.089258490E2,7.350000381E0,9.093000412E0,-4.204950333E0
4.089282927E2,1.215000033E0,9.346950531E0,6.070500016E-1
4.089307362E2,1.140000075E-1,9.121950150E0,5.967000484E0
4.089331799E2,4.975050449E0,1.002705002E1,6.139500141E-1
4.089356235E2,8.908050537E0,1.076205063E1,-6.466950417E0
4.089380672E2,8.386050224E0,1.014000034E1,-9.858000755E0
4.089405109E2,3.354000092E0,1.098495007E1,-6.693000317E0
4.089429543E2,8.130000234E-1,1.121700096E1,1.750950098E0
4.089453982E2,1.042950034E0,1.363800049E1,1.002000093E0
4.089478417E2,2.185050011E0,1.640805054E1,-1.059000015E0
4.089502854E2,2.116050005E0,1.278795052E1,-7.450500131E-1
4.089527291E2,8.280000687E-1,1.208595085E1,-3.963000298E0
4.089551727E2,1.711050034E0,1.387200069E1,-1.509000063E0
4.089576164E2,2.379000187E0,1.497900105E1,-2.140950203E0
4.089600601E2,1.624950051E0,1.528305054E1,-2.143050194E0
4.089625036E2,9.430500269E-1,1.380495071E1,-2.539499998E-1
4.089649472E2,4.330500066E-1,1.206705093E1,1.167000055E0
4.089673910E2,-3.600000218E-2,1.148805046E1,2.860500216E-1
4.089698346E2,5.710500479E-1,1.057995033E1,7.410000563E-1
4.089722783E2,1.936050057E0,8.638050079E0,2.946000099E0
4.089747220E2,1.903050065E0,8.061000824E0,-9.700500369E-1
4.089771656E2,1.315950036E0,7.152000427E0,-6.679500341E-1
4.089796091E2,1.321050048E0,6.912000179E0,1.689000130E0
4.089820528E2,2.796000242E0,8.254950523E0,1.938000083E0
4.089844965E2,3.433050156E0,1.066395092E1,-2.661000013E0
4.089869401E2,2.614050150E0,9.831000328E0,-1.071000099E0
4.089893838E2,1.552950025E0,7.744950294E0,1.300500035E-1
4.089918275E2,1.318050027E0,1.042500019E1,-9.610500336E-1
4.089942712E2,2.142000198E0,1.243605042E1,1.894950032E0
4.089967146E2,1.789950132E0,1.075695038E1,8.010000587E-1
4.089991583E2,6.600000262E-1,7.507950306E0,7.000500560E-1
4.090016019E2,8.710500598E-1,6.976950169E0,2.445000172E0
4.090040456E2,7.519950390E0,9.558000565E0,2.194050074E0
4.090064893E2,6.279000282E0,1.014705086E1,-7.642950535E0
4.090089330E2,3.889950275E0,8.241000175E0,-1.242195034E1
4.090113765E2,1.468950033E0,6.394950390E0,-1.196205044E1
4.090138202E2,2.109000206E0,5.014050007E0,-6.963000298E0
4.090162639E2,4.584000111E0,7.128000259E0,-4.777050018E0
4.090187075E2,3.898950100E0,7.444050312E0,-1.684050083E0
4.090211512E2,3.514050245E0,7.942050457E0,5.539500117E-1
4.090235949E2,2.322000027E0,5.887050152E0,1.918950081E0
4.090260383E2,7.606050491E0,7.578000546E0,-3.000000119E-1
4.090284820E2,1.027500057E1,7.567950249E0,-7.123050213E0
4.090309257E2,5.383950233E0,9.438000679E0,-1.046100044E1
4.090333694E2,1.735050082E0,7.645050526E0,-1.103295040E1
4.090358130E2,3.151950121E0,6.169950485E0,-8.332950592E0
4.090382567E2,8.938950539E0,6.163050175E0,-5.059950352E0
4.090407004E2,8.037000656E0,7.027050495E0,-3.019950151E0
4.090431438E2,2.065050125E0,6.835950375E0,8.479500413E-1
4.090455875E2,8.560500145E-1,5.590950489E0,5.431050301E0
4.090480312E2,1.512000084E0,6.169950485E0,3.178050041E0
4.090504748E2,5.383950233E0,8.623950005E0,-1.426950097E0
4.090529185E2,6.265050411E0,9.241950035E0,-6.111000061E0
4.090553622E2,1.675050020E0,9.646050453E0,-2.431050062E0
4.090578057E2,6.700500250E-1,9.109950066E0,6.450000405E-1
4.090602496E2,8.850000501E-1,1.353000069E1,-1.360050082E0
4.090626931E2,2.496000051E0,1.396095085E1,-1.534950018E0
4.090651368E2,1.837950110E0,1.189005089E1,2.950500250E-1
4.090675805E2,8.989500403E-1,1.105905056E1,-4.240500331E-1
4.090700241E2,2.149500102E-1,1.039395046E1,-3.139500022E-1
4.090724678E2,1.159950018E0,1.190400028E1,9.000000358E-2
4.090749115E2,2.575050116E0,1.373595047E1,1.469999999E-1
4.090773549E2,3.354000092E0,1.351800060E1,4.605000094E-2
4.090797986E2,1.824000120E0,1.195695019E1,-4.947000027E0
4.090822422E2,1.311000109E0,1.231395054E1,-4.116000175E0
4.090846859E2,2.674050093E0,1.156905079E1,-6.601950169E0
4.090871296E2,3.724950075E0,7.425000191E0,-7.084950447E0
4.090895733E2,1.396950126E0,7.282950401E0,-5.311050415E0
4.090920168E2,1.596000075E0,6.105000496E0,-1.009500027E-1
4.090944605E2,2.080049992E0,6.952950478E0,3.295050144E0
4.090969041E2,3.760950089E0,9.334950447E0,1.105050087E0
4.090993479E2,4.396950245E0,1.063500023E1,-2.023950100E0
4.091017915E2,3.154950142E0,8.466000557E0,-3.111000061E0
4.091042352E2,1.339950085E0,7.269000530E0,-1.681050062E0
4.091066789E2,2.247000217E0,8.545050621E0,-1.237950087E0
4.091091223E2,2.970000029E0,1.182300091E1,-1.774950027E0
4.091115660E2,2.206950188E0,8.277000427E0,-4.285950184E0
4.091140097E2,1.255950093E0,6.189000130E0,-3.292950153E0
4.091164534E2,2.805000067E0,5.602950096E0,-3.051000118E0
4.091188970E2,7.102950573E0,6.685050488E0,-5.292000294E0
4.091213407E2,7.777950287E0,7.396050453E0,-8.278050423E0
4.091237842E2,4.258950233E0,7.918050289E0,-7.867950439E0
4.091262279E2,6.700500250E-1,7.405050278E0,-4.641000271E0
4.091286715E2,1.327950120E0,6.663000107E0,8.205000311E-2
4.091311152E2,4.764000416E0,7.300050259E0,5.560500026E-1
4.091335589E2,6.624000549E0,8.204999924E0,-1.279050112E0
4.091360025E2,3.504000187E0,7.453050137E0,-1.237950087E0
4.091384462E2,6.670500040E-1,7.240050316E0,1.050000072E0
4.091408897E2,2.791050196E0,6.982050419E0,-4.000500143E-1
4.091433334E2,6.520950317E0,8.269950867E0,-5.341950417E0
4.091457771E2,3.720000267E0,9.808950424E0,-8.923950195E0
4.091482207E2,4.200000316E-2,8.659950256E0,-5.674950123E0
4.091506644E2,-1.044000030E0,6.856950283E0,2.070000172E-1
4.091531081E2,5.550000072E-1,7.506000519E0,1.114050031E0
4.091555518E2,5.800950050E0,9.832950592E0,-1.978050113E0
4.091579952E2,6.660000324E0,9.069000244E0,-4.582950115E0
4.091604389E2,3.231000185E0,6.454950333E0,-3.111000061E0
4.091628826E2,1.180050015E0,6.907050133E0,-3.600000143E-1
4.091653262E2,1.411950111E0,8.332050323E0,1.432950020E0
4.091677699E2,3.543000221E0,1.112100029E1,-7.500000298E-2
4.091702136E2,3.154950142E0,1.138005066E1,-2.368050098E0
4.091726573E2,1.849950075E0,1.055895042E1,1.147950053E0
4.091751008E2,6.049500108E-1,9.124950409E0,-2.779500186E-1
4.091775444E2,1.909500062E-1,1.049595070E1,-1.902000070E0
4.091799881E2,1.843050122E0,1.313700104E1,6.499500275E-1
4.091824318E2,2.938950062E0,1.212900066E1,2.760000229E-1
4.091848754E2,2.250000000E0,8.964000702E0,-2.730000019E-1
4.091873191E2,9.739500284E-1,9.922050476E0,-8.530500531E-1
4.091897626E2,1.612950087E0,1.333800030E1,4.605000094E-2
4.091922063E2,2.857950211E0,1.389600086E1,1.060500070E-1
4.091946500E2,2.724000216E0,1.379100037E1,4.219500124E-1
4.091970936E2,1.893000126E0,1.223505020E1,-8.070000410E-1
4.091995373E2,9.000000358E-2,1.156905079E1,-1.542000055E0
4.092019810E2,7.304999977E-2,1.251495075E1,-5.440500379E-1
4.092044244E2,1.078950047E0,1.397505093E1,1.083000064E0
4.092068681E2,1.177050114E0,1.134900093E1,2.009999990E0
4.092093118E2,8.350500464E-1,8.920950890E0,1.042050004E0
4.092117555E2,2.239950180E0,9.397050858E0,1.038000107E0
4.092141991E2,5.050950050E0,1.087005043E1,1.861050129E0
4.092166428E2,6.069000244E0,1.017300034E1,4.411050320E0
4.092190863E2,1.082595062E1,4.954050064E0,-3.850050211E0
4.092215302E2,5.170950413E0,6.294000149E0,-1.319505024E1
4.092239737E2,6.331950188E0,6.316050529E0,-1.748595047E1
4.092264174E2,5.875050068E0,6.916950226E0,-1.872105026E1
4.092288611E2,4.338000298E0,6.667950153E0,-1.097295094E1
4.092313047E2,1.765950084E0,6.553050518E0,1.375050068E0
4.092337484E2,-2.269500047E-1,6.337950230E0,8.055000305E0
4.092361919E2,2.482050180E0,5.860950470E0,5.187000275E0
4.092386358E2,5.632950306E0,7.531950474E0,5.862000465E0
4.092410793E2,7.840050220E0,5.583000183E0,2.701950073E0
4.092435229E2,5.274000168E0,4.198950291E0,-5.176950455E0
4.092459666E2,4.033950329E0,4.432050228E0,-1.047795010E1
4.092484103E2,4.708950043E0,5.217000484E0,-1.140900040E1
4.092508539E2,5.062950134E0,6.943050385E0,-7.786950588E0
4.092532976E2,2.463000059E0,7.063050270E0,-3.115050077E0
4.092557411E2,1.069050074E0,7.453050137E0,2.532000065E0
4.092581848E2,1.146000028E0,7.200000286E0,2.355000019E0
4.092606285E2,3.445050240E0,8.313000679E0,2.809500098E-1
4.092630721E2,6.877950191E0,9.069000244E0,-4.565999985E0
4.092655158E2,3.916050196E0,7.269000530E0,-6.988950253E0
4.092679595E2,2.050500065E-1,7.831950188E0,-3.793050289E0
4.092704029E2,-2.490000129E-1,6.723000526E0,-4.699500203E-1
4.092728466E2,2.106000185E0,9.144000053E0,-1.249950051E0
4.092752903E2,4.989000320E0,1.048695087E1,-3.409950256E0
4.092777340E2,3.463950157E0,8.583000183E0,-3.918000221E0
4.092801776E2,8.010000587E-1,7.101000309E0,-7.710000277E-1
4.092826213E2,7.630500197E-1,7.546950340E0,1.006950021E0
4.092850650E2,3.660000086E0,9.643950462E0,-9.970500469E-1
4.092875085E2,5.212050438E0,9.805050850E0,-5.509950161E0
4.092899522E2,3.291000128E0,8.241000175E0,-4.344000340E0
4.092923959E2,1.498050094E0,6.790050507E0,-2.059950113E0
4.092948395E2,1.587000132E0,7.603950500E0,6.379500031E-1
4.092972832E2,4.183950424E0,9.928950310E0,-2.880000174E-1
4.092997269E2,5.524950027E0,9.460050583E0,-3.886050224E0
4.093021703E2,3.801000118E0,9.055050850E0,-3.148950100E0
4.093046140E2,3.078000069E0,8.959050179E0,-2.200950146E0
4.093070577E2,2.800950050E0,8.452050209E0,3.480000198E-1
4.093095014E2,4.771050453E0,1.011105061E1,-9.649500251E-1
4.093119450E2,5.389050484E0,1.156005096E1,-4.356000423E0
4.093143887E2,2.752950191E0,1.091505051E1,-4.582950115E0
4.093168324E2,1.672950029E0,9.088950157E0,-1.696050048E0
4.093192759E2,1.929000139E0,9.726000786E0,-2.067000151E0
4.093217195E2,5.209050179E0,1.179705048E1,-6.610500216E-1
4.093241632E2,5.892000198E0,1.078395081E1,-3.738000154E0
4.093266069E2,2.772000074E0,9.358950615E0,-3.613050222E0
4.093290506E2,9.190500379E-1,7.944000244E0,-1.110000089E-1
4.093314942E2,2.740950108E0,8.800950050E0,5.440500379E-1
4.093339377E2,6.322050095E0,1.035495090E1,-4.083000183E0
4.093363814E2,5.178000450E0,1.034295082E1,-5.500050068E0
4.093388251E2,2.109000206E0,9.465000153E0,-2.923950195E0
4.093412688E2,1.129050016E0,8.445000648E0,4.680000246E-1
4.093437124E2,2.146950006E0,8.938050270E0,9.919500351E-1
4.093461561E2,2.607000113E0,1.131300068E1,1.780500114E-1
4.093485998E2,1.833000064E0,9.864000320E0,-1.116000056E0
4.093510432E2,1.038000107E0,8.548050880E0,-1.735950112E0
4.093534869E2,1.165050030E0,6.988950253E0,-1.284000039E0
4.093559306E2,3.004050255E0,8.361000061E0,-1.779000044E0
4.093583742E2,5.710050106E0,1.073100090E1,-5.389950275E0
4.093608179E2,4.936050415E0,1.058295059E1,-6.661050320E0
4.093632616E2,1.974000096E0,9.649050713E0,-4.351050377E0
4.093657053E2,6.240000129E-1,6.783000469E0,3.580500185E-1
4.093681488E2,2.748000145E0,8.100000381E0,1.030050039E0
4.093705925E2,5.413050175E0,9.400050163E0,-2.313000202E0
4.093730362E2,4.120050430E0,7.494000435E0,-4.813050270E0
4.093754799E2,1.800000072E0,6.346950531E0,-4.260000229E0
4.093779235E2,9.190500379E-1,3.982050180E0,-2.050050020E0
4.093803672E2,3.025950193E0,6.097950459E0,-1.393950105E0
4.093828108E2,4.335000038E0,9.004950523E0,-2.227050066E0
4.093852543E2,2.404950142E0,8.181000710E0,-2.160000086E0
4.093876980E2,1.503000021E0,7.042050362E0,-6.330000162E-1
4.093901417E2,8.130000234E-1,5.968950272E0,1.312950015E0
4.093925854E2,1.129050016E0,8.533050537E0,5.059500337E-1
4.093950290E2,1.711050034E0,9.268050194E0,-1.714950085E0
4.093974727E2,2.671050072E0,7.603950500E0,-4.449000359E0
4.093999164E2,2.889000177E0,7.044000149E0,-5.409000397E0
4.094023599E2,2.784000158E0,6.298950195E0,-4.356000423E0
4.094048036E2,4.090950012E0,7.864950180E0,-3.769050121E0
4.094072473E2,4.648950100E0,9.007050514E0,-4.408050060E0
4.094096909E2,2.953950167E0,9.301950455E0,-2.823000193E0
4.094121346E2,2.371950150E0,7.516050339E0,-1.131000042E0
4.094145783E2,2.901000023E0,7.075050354E0,-1.135050058E0
4.094170217E2,4.536000252E0,8.317950249E0,-2.875950098E0
4.094194654E2,5.817000389E0,9.382950783E0,-4.606950283E0
4.094219091E2,5.161050320E0,9.790050507E0,-4.957050323E0
4.094243527E2,1.857000113E0,9.745050430E0,-1.843950033E0
4.094267964E2,6.940500140E-1,9.532050133E0,1.123950005E0
4.094292401E2,9.450000525E-1,9.892950058E0,2.047950029E0
4.094316838E2,2.686050177E0,1.097295094E1,-1.570950031E0
4.094341273E2,4.378050327E0,9.898050308E0,-4.672049999E0
4.094365709E2,2.899050236E0,8.287050247E0,-5.292000294E0
4.094390146E2,1.002000093E0,7.602000237E0,-1.710000038E0
4.094414583E2,1.207950115E0,8.698050499E0,1.642950058E0
4.094439019E2,1.516950130E0,1.059495068E1,-1.750500053E-1
4.094463456E2,2.329050064E0,1.095900059E1,4.530000091E-1
4.094487893E2,1.840050101E0,1.018995094E1,9.900000691E-1
4.094512328E2,1.444950104E0,8.586000443E0,6.400500536E-1
4.094536765E2,1.480950117E0,8.253000259E0,-1.240950108E0
4.094561201E2,2.449050188E0,1.105395031E1,-7.069500089E-1
4.094585638E2,2.749950171E0,1.142100048E1,6.040500402E-1
4.094610075E2,2.392950058E0,1.076505089E1,5.989500284E-1
4.094634512E2,1.756950140E0,9.538950920E0,5.970000029E-1
4.094658947E2,2.014950037E0,9.679950714E0,-2.110500038E-1
4.094683384E2,2.575050116E0,1.144200039E1,4.390500188E-1
4.094707820E2,3.472950220E0,1.204605103E1,3.460500240E-1
4.094732257E2,3.226950169E0,1.023300076E1,-3.450000286E-1
4.094756694E2,1.608000040E0,9.199050903E0,-2.016000032E0
4.094781130E2,1.194000006E0,9.618000031E0,3.460500240E-1
4.094805565E2,1.783050060E0,1.187805080E1,-1.044000030E0
4.094830002E2,3.775050163E0,1.226595020E1,-4.576050282E0
4.094854439E2,3.990000248E0,1.192305088E1,-5.785050392E0
4.094878876E2,2.041949987E0,1.083195019E1,-4.564050198E0
4.094903312E2,9.829500318E-1,1.015200043E1,6.210000515E-1
4.094927749E2,2.131950140E0,1.077195072E1,1.833000064E0
4.094952184E2,4.438050270E0,1.233000088E1,1.597950101E0
4.094976623E2,4.620000362E0,1.011795044E1,-1.363050103E0
4.095001058E2,4.407000065E0,8.758049965E0,-4.839000225E0
4.095025494E2,4.345050335E0,8.586000443E0,-7.087950230E0
4.095049931E2,5.317050457E0,9.699000359E0,-6.099000454E0
4.095074368E2,5.737950325E0,1.083600044E1,-5.593950272E0
4.095098805E2,3.739050150E0,1.028100014E1,-5.119050026E0
4.095123239E2,1.711050034E0,9.352050781E0,-1.291050076E0
4.095147678E2,1.654050112E0,8.434950829E0,2.119950056E0
4.095172113E2,4.558050156E0,9.655950546E0,2.011950016E0
4.095196550E2,5.355000019E0,1.065405083E1,9.709500670E-1
4.095220987E2,4.929000378E0,9.397050858E0,-2.481000185E0
4.095245423E2,2.599050045E0,8.185950279E0,-5.076000214E0
4.095269860E2,1.480950117E0,8.617050171E0,-2.494950056E0
4.095294297E2,1.089000106E0,8.727000237E0,-3.550500274E-1
4.095318731E2,2.461050034E0,9.727950096E0,-1.698000073E0
4.095343168E2,2.980050087E0,9.169950485E0,-2.866050243E0
4.095367605E2,1.656000137E0,8.332050323E0,-1.681050062E0
4.095392041E2,1.429050088E0,7.615950584E0,7.860000134E-1
4.095416478E2,1.311000109E0,8.476050377E0,2.209500074E-1
4.095440915E2,1.563000083E0,1.021605015E1,-1.281000018E0
4.095465350E2,2.455950022E0,9.306000710E0,1.690500081E-1
4.095489787E2,1.789950132E0,8.068950653E0,-3.039000034E0
4.095514223E2,1.420950055E0,6.526950359E0,-2.683950186E0
4.095538661E2,2.602050066E0,5.880000114E0,-2.854050159E0
4.095563097E2,5.233050346E0,7.408050537E0,-3.673050165E0
4.095587534E2,6.712950230E0,7.183050156E0,-5.553000450E0
4.095611971E2,4.323000431E0,6.436050415E0,-4.978050232E0
4.095636405E2,2.022000074E0,5.887050152E0,-2.554950237E0
4.095660842E2,1.299000025E0,5.272050381E0,-3.910500109E-1
4.095685279E2,2.620950222E0,6.639000416E0,-4.890000224E-1
4.095709716E2,2.302050114E0,8.506950378E0,-8.940000534E-1
4.095734152E2,2.130000114E0,6.294000149E0,-1.339050055E0
4.095758589E2,1.462050080E0,5.707950115E0,-2.038050175E0
4.095783024E2,1.345050097E0,6.855000496E0,-8.290500641E-1
4.095807460E2,2.548950195E0,7.819950581E0,3.979500234E-1
4.095831897E2,2.512950182E0,8.524050713E0,-4.080000222E-1
4.095856334E2,2.851050138E0,8.392050743E0,-1.095000029E0
4.095880770E2,2.484000206E0,7.273950577E0,-1.935000062E0
4.095905207E2,2.109000206E0,7.771950245E0,-1.401000023E0
4.095929644E2,1.429050088E0,8.101950645E0,-3.280500174E-1
4.095954079E2,2.001000166E0,9.900000572E0,7.219500542E-1
4.095978516E2,3.294000149E0,1.147095013E1,1.920000017E-1
4.096002953E2,4.311000347E0,1.065705013E1,-1.597050071E0
4.096027389E2,4.468950272E0,1.156005096E1,-3.988950253E0
4.096051826E2,5.559000492E0,1.294800091E1,-2.890050173E0
4.096076262E2,4.702050209E0,1.237095070E1,-5.622000217E0
4.096100699E2,3.430050135E0,1.354200077E1,-1.849500090E-1
4.096125134E2,2.230950117E0,1.371705055E1,-2.950500250E-1
4.096149571E2,1.251000047E0,1.271100044E1,-5.490000248E-1
4.096174008E2,7.320000529E-1,1.195200062E1,-5.490000248E-1
4.096198444E2,7.609500289E-1,1.194300079E1,-2.040000111E-1
4.096222881E2,2.832000017E0,1.218900013E1,-1.110000089E-1
4.096247318E2,5.713950157E0,1.171500015E1,-3.505950212E0
4.096271753E2,5.032050133E0,1.114095020E1,-3.465000153E0
4.096296189E2,2.551050186E0,1.106895065E1,3.030000031E-1
4.096320626E2,2.094000101E0,1.051605034E1,1.866000056E0
4.096345063E2,2.484000206E0,1.123395061E1,1.524000049E0
4.096369500E2,4.017000198E0,1.075305080E1,-2.209500074E-1
4.096393936E2,4.141050339E0,9.016950607E0,-2.905050039E0
4.096418373E2,3.526050091E0,7.039050102E0,-4.786950111E0
4.096442810E2,2.820000172E0,7.096950531E0,-3.331050158E0
4.096467245E2,2.398050070E0,6.702000141E0,-1.072950006E0
4.096491682E2,2.872050047E0,8.125950813E0,5.850000381E-1
4.096516118E2,2.592000008E0,8.977950096E0,9.180000424E-1
4.096540554E2,2.698050022E0,8.515950203E0,3.499500155E-1
4.096564991E2,2.899050236E0,7.870050430E0,-1.473000050E0
4.096589426E2,3.058950186E0,7.330950260E0,-2.706000090E0
4.096613863E2,3.540000200E0,7.888950348E0,-4.027950287E0
4.096638300E2,3.339000225E0,8.473050117E0,-4.803000450E0
4.096662737E2,2.470050097E0,7.425000191E0,-3.786000252E0
4.096687174E2,1.402050018E0,6.418950081E0,-1.504050016E0
4.096711610E2,1.570050120E0,5.971050262E0,5.059500337E-1
4.096736045E2,2.800950050E0,7.477050304E0,1.287000060E0
4.096760484E2,3.034950256E0,7.920000553E0,6.900000572E-1
4.096784918E2,2.475000143E0,8.440050125E0,-7.140000463E-1
4.096809355E2,8.659500480E-1,8.728950500E0,-1.369950056E0
4.096833792E2,3.300000131E-1,7.530000210E0,-2.400000095E-1
4.096858228E2,1.620000005E-1,7.449000359E0,2.809500098E-1
4.096882665E2,6.900000572E-2,8.971050262E0,-1.780500114E-1
4.096907102E2,2.122950077E0,8.607000351E0,-1.420050025E0
4.096931537E2,2.488950014E0,8.124000549E0,-3.858000278E0
4.096955974E2,2.677950144E0,7.192050457E0,-4.641000271E0
4.096980411E2,1.675050020E0,7.281000137E0,-2.470950127E0
4.097004846E2,1.390050054E0,8.571000099E0,-1.319999993E-1
4.097029283E2,1.570050120E0,8.557050705E0,2.260500044E-1
4.097053720E2,2.350050211E0,8.362950325E0,-1.729500145E-1
4.097078157E2,3.298950195E0,7.705050468E0,-1.791000128E0
4.097102592E2,3.697950125E0,7.887000561E0,-3.022050142E0
4.097127029E2,3.114000082E0,9.031050682E0,-3.367050171E0
4.097151466E2,2.712000132E0,9.663000107E0,-3.430950165E0
4.097175902E2,2.437050104E0,1.011600018E1,-3.465000153E0
4.097200339E2,1.633950114E0,9.490950584E0,-3.016950130E0
4.097224776E2,1.158000112E0,8.251049995E0,-4.770000279E-1
4.097249213E2,1.291950107E0,8.059050560E0,1.624050021E0
4.097273648E2,1.503000021E0,9.129000664E0,1.330050111E0
4.097298085E2,2.917950153E0,9.814050674E0,-1.180500090E-1
4.097322521E2,3.820050240E0,9.814050674E0,-2.862000227E0
4.097346958E2,3.270000219E0,9.610950470E0,-2.719950199E0
4.097371395E2,2.094000101E0,1.036695004E1,-1.281000018E0
4.097395831E2,1.945950150E0,1.148805046E1,8.580000401E-1
4.097420266E2,1.654050112E0,1.182105064E1,-1.387050033E0
4.097444703E2,1.171950102E0,1.179900074E1,-6.280500293E-1
4.097469140E2,1.756950140E0,1.069800091E1,1.942950130E0
4.097493576E2,3.463950157E0,9.306000710E0,-1.732050061E0
4.097518013E2,2.970000029E0,9.201000214E0,-3.763950109E0
4.097542450E2,2.185050011E0,9.630000114E0,-3.544050217E0
4.097566885E2,1.345050097E0,1.044105053E1,-1.356000066E0
4.097591321E2,1.290000081E0,1.036695004E1,1.159500033E-1
4.097615758E2,2.377050161E0,9.498000145E0,-3.600000143E-1
4.097640195E2,3.780000210E0,8.968950272E0,-8.269500136E-1
4.097664632E2,3.751050234E0,1.018995094E1,-1.461000085E0
4.097689068E2,3.337050200E0,1.054905033E1,-2.629050016E0
4.097713505E2,3.211950064E0,1.078095055E1,-3.490950108E0
4.097737940E2,2.805000067E0,1.062300014E1,-4.123050213E0
4.097762377E2,1.681950092E0,9.649050713E0,-3.670950174E0
4.097786814E2,8.899500370E-1,8.950050354E0,-1.653000116E0
4.097811250E2,1.393050075E0,9.073950768E0,5.830500126E-1
4.097835687E2,2.520000219E0,9.049950600E0,1.759500057E-1
4.097860124E2,3.598050117E0,8.964000702E0,-2.215050220E0
4.097884559E2,2.857950211E0,8.212050438E0,-4.380000114E0
4.097908998E2,7.729500532E-1,7.623000145E0,-3.132000208E0
4.097933432E2,8.419500589E-1,8.464050293E0,-1.006049991E0
4.097957869E2,2.266950130E0,9.060000420E0,-9.030000567E-1
4.097982306E2,4.038000107E0,9.571950912E0,-1.387050033E0
4.098006743E2,4.101000309E0,8.619000435E0,-2.128950119E0
4.098031179E2,3.208050251E0,7.863000393E0,-2.050050020E0
4.098055616E2,1.669950128E0,7.911000252E0,-1.948950052E0
4.098080051E2,8.490000367E-1,7.750050545E0,-1.680000126E-1
4.098104488E2,1.471950054E0,7.858050346E0,-1.849500090E-1
4.098128925E2,2.719050169E0,8.677050591E0,-8.029500246E-1
4.098153361E2,3.649950266E0,8.734050751E0,-2.044950008E0
4.098177798E2,4.456950188E0,9.393000603E0,-3.247050047E0
4.098202235E2,3.196050167E0,1.132500076E1,-3.396000147E0
4.098226669E2,2.674050093E0,1.213200092E1,-3.166050196E0
4.098251106E2,3.343950272E0,1.124595070E1,-3.712050200E0
4.098275543E2,3.379950047E0,1.156695080E1,-3.862050295E0
4.098299980E2,2.926950216E0,1.062795067E1,-4.854000092E0
4.098324416E2,2.973000050E0,9.795000076E0,-3.939000130E0
4.098348853E2,2.282999992E0,1.069800091E1,-1.435050011E0
4.098373290E2,3.138000250E0,9.823950768E0,1.660500020E-1
4.098397725E2,4.975050449E0,9.994050026E0,-1.144950032E0
4.098422162E2,4.507950306E0,1.049895096E1,-3.361950159E0
4.098446599E2,2.104050159E0,1.108095074E1,-3.637050152E0
4.098471036E2,7.150500417E-1,9.948000908E0,-9.319500327E-1
4.098495472E2,5.359500051E-1,9.619950294E0,6.450000405E-1
4.098519909E2,8.920500278E-1,1.027395058E1,-4.219500124E-1
4.098544346E2,2.398050070E0,9.574950218E0,-3.369000196E0
4.098568780E2,4.222949982E0,8.698050499E0,-4.818000317E0
4.098593217E2,3.825000286E0,7.839000225E0,-4.540050030E0
4.098617654E2,2.881950140E0,7.822050571E0,-1.744050026E0
4.098642090E2,2.440950155E0,8.485050201E0,1.938000083E0
4.098666527E2,2.367000103E0,8.169000626E0,2.821050167E0
4.098690964E2,1.669950128E0,8.548050880E0,1.888050079E0
4.098715399E2,3.792000294E0,7.771950245E0,-2.004000187E0
4.098739836E2,2.779050112E0,7.189950466E0,-6.124950409E0
4.098764272E2,1.552950025E0,8.478000641E0,-6.606000423E0
4.098788709E2,1.933950067E0,9.304050446E0,-3.273000240E0
4.098813146E2,2.089050055E0,9.603000641E0,-4.750500321E-1
4.098837583E2,1.251000047E0,1.088895035E1,5.610000491E-1
4.098862019E2,9.880500436E-1,1.074105072E1,-3.859500289E-1
4.098886454E2,5.620500445E-1,1.004400063E1,-1.890000105E0
4.098910891E2,1.146000028E0,9.655950546E0,-3.226050138E0
4.098935328E2,1.849950075E0,8.350950241E0,-3.166050196E0
4.098959764E2,2.221050024E0,8.770050049E0,-2.716050148E0
4.098984201E2,2.701950073E0,9.402000427E0,-1.521000028E0
4.099008638E2,2.638050079E0,9.012000084E0,-3.169500232E-1
4.099033075E2,2.302050114E0,9.262950897E0,7.840500474E-1
4.099057510E2,2.784000158E0,9.814050674E0,-2.470500171E-1
4.099081946E2,2.914950132E0,1.052295017E1,-2.233950138E0
4.099106383E2,2.698050022E0,1.073805046E1,-3.949050188E0
4.099130820E2,2.656950235E0,1.018305016E1,-4.009050369E0
4.099155256E2,2.116050005E0,9.963000298E0,-3.420000076E0
4.099179693E2,1.150950074E0,9.473999977E0,-1.156949997E0
4.099204128E2,9.499500394E-1,9.262950897E0,9.990000725E-1
4.099228565E2,1.644000053E0,1.015395069E1,1.027950048E0
4.099253002E2,2.868000031E0,1.003905010E1,-6.640500426E-1
4.099277438E2,4.393050194E0,9.711000443E0,-2.683950186E0
4.099301875E2,3.811050177E0,8.899050713E0,-4.842000008E0
4.099326312E2,1.720950127E0,9.655950546E0,-4.686000347E0
4.099350746E2,1.741950035E0,8.497050285E0,-3.610950232E0
4.099375183E2,2.575050116E0,7.968000412E0,-3.178050041E0
4.099399620E2,2.902950048E0,7.398000240E0,-3.084000111E0
4.099424057E2,3.175950050E0,6.613050461E0,-2.059950113E0
4.099448493E2,3.976050138E0,6.571950436E0,-1.474950075E0
4.099472930E2,3.045000076E0,6.730050087E0,-1.063950062E0
4.099497365E2,2.170950174E0,7.438950539E0,1.315050006E0
4.099521804E2,1.357050061E0,8.284049988E0,2.185050011E0
4.099546239E2,2.209050179E0,8.569050789E0,-3.910500109E-1
4.099570676E2,2.676000118E0,8.887950897E0,-2.389950037E0
4.099595113E2,2.355000019E0,8.479949951E0,-2.320950031E0
4.099619549E2,2.805000067E0,8.208000183E0,-2.304000139E0
4.099643985E2,4.159950256E0,8.314949989E0,-3.592050076E0
4.099668420E2,4.998000145E0,7.408050537E0,-4.948950291E0
4.099692859E2,4.692000389E0,7.681050301E0,-4.332000256E0
4.099717294E2,3.811050177E0,7.707000256E0,-3.187050104E0
4.099741731E2,3.220050097E0,8.404050827E0,-1.368000031E0
4.099766168E2,2.014950037E0,8.935050011E0,7.170000076E-1
4.099790604E2,1.965000153E0,9.249000549E0,1.167000055E0
4.099815041E2,2.998950243E0,9.478950500E0,-1.071000099E0
4.099839478E2,2.464950085E0,9.855000496E0,-1.918050051E0
4.099863912E2,1.696950078E0,9.661050797E0,-1.140000105E0
4.099888349E2,1.708950043E0,9.820950508E0,-9.405000508E-2
4.099912786E2,2.002950191E0,1.092000008E1,-5.700000525E-1
4.099937223E2,1.512000084E0,1.072605038E1,-1.426950097E0
4.099961659E2,1.110000014E0,9.601050377E0,4.200000316E-2
4.099986096E2,1.359000087E0,1.040100002E1,9.705000371E-2
4.100010533E2,1.942950130E0,1.094700050E1,2.520000041E-1
4.100034968E2,2.350050211E0,1.100595093E1,7.840500474E-1
4.100059405E2,2.427000046E0,1.051995087E1,-2.895000204E-2
4.100083842E2,2.547000170E0,1.080495071E1,-1.095000029E0
4.100108278E2,3.081000090E0,1.137795067E1,-1.222050071E0
4.100132715E2,2.137050152E0,1.102095032E1,-3.637050152E0
4.100157152E2,9.760500193E-1,1.058295059E1,-1.921050072E0
4.100181586E2,7.009500265E-1,1.016400051E1,6.949500442E-1
4.100206023E2,9.499500394E-1,1.093905067E1,-1.800000072E-1
4.100230460E2,1.960050106E0,1.171005058E1,-6.540000439E-1
4.100254896E2,2.664000034E0,1.074300098E1,3.979500234E-1
4.100279333E2,4.198950291E0,9.511950493E0,1.420500129E-1
4.100303770E2,4.024050236E0,8.944950104E0,-2.167050123E0
4.100328207E2,3.694050074E0,9.280050278E0,-3.240000248E0
4.100352642E2,2.901000023E0,9.012000084E0,-2.914050102E0
4.100377079E2,3.361050129E0,9.160050392E0,-1.450950027E0
4.100401516E2,3.445050240E0,9.151050568E0,-1.006049991E0
4.100425952E2,2.784000158E0,9.453000069E0,1.039500013E-1
4.100450389E2,2.379000187E0,9.574950218E0,5.680500269E-1
4.100474826E2,2.346000195E0,9.823950768E0,-1.390500069E-1
4.100499260E2,2.266950130E0,1.003395081E1,-1.201950073E0
4.100523697E2,2.334000111E0,9.069000244E0,-2.457000017E0
4.100548134E2,2.665950060E0,7.566000462E0,-3.858000278E0
4.100572570E2,2.913000107E0,7.543950558E0,-3.964950085E0
4.100597008E2,2.536950111E0,7.707000256E0,-2.407050133E0
4.100621444E2,2.353049994E0,7.908000469E0,5.595000088E-2
4.100645881E2,2.209050179E0,8.104949951E0,9.420000315E-1
4.100670316E2,1.990950108E0,9.097949982E0,7.549500465E-1
4.100694752E2,1.603050113E0,9.271050453E0,-4.410000145E-1
4.100719189E2,1.648950100E0,8.935050011E0,-1.918050051E0
4.100743626E2,7.920000553E-1,8.674050331E0,-2.698950052E0
4.100768062E2,3.495000303E-2,8.002050400E0,-2.520000041E-1
4.100792499E2,-6.250500083E-1,8.212050438E0,8.149500489E-1
4.100816934E2,-4.189500213E-1,7.702050209E0,6.040500402E-1
4.100841371E2,3.945000172E0,7.839000225E0,-1.356000066E0
4.100865808E2,6.253050327E0,7.207050323E0,-6.372000217E0
4.100890244E2,6.040050507E0,6.823950291E0,-7.305000305E0
4.100914681E2,2.370000124E0,8.185950279E0,-3.199050188E0
4.100939118E2,1.651050091E0,8.776950836E0,7.360500097E-1
4.100963555E2,1.156050086E0,9.619950294E0,2.601000071E0
4.100987992E2,1.396950126E0,9.436050415E0,2.404950142E0
4.101012426E2,3.580950260E0,9.139050484E0,-2.064000130E0
4.101036863E2,3.982950211E0,9.583950043E0,-5.095950127E0
4.101061300E2,2.170950174E0,9.721050262E0,-5.139000416E0
4.101085736E2,4.230000079E-1,1.001805019E1,-2.173950195E0
4.101110173E2,1.170000061E-1,9.757050514E0,9.630000591E-1
4.101134608E2,2.094000101E0,1.037205029E1,5.879999995E-1
4.101159045E2,6.247950077E0,9.685050011E0,-3.736050129E0
4.101183482E2,6.315000534E0,8.536050797E0,-7.063950539E0
4.101207919E2,2.662050009E0,8.725049973E0,-4.819950104E0
4.101232356E2,1.362000108E0,8.752950668E0,-2.610000074E-1
4.101256792E2,1.984050035E0,9.366000175E0,1.678950071E0
4.101281229E2,3.265050173E0,1.004400063E1,1.629000068E0
4.101305666E2,4.660950184E0,9.772950172E0,-4.549500346E-1
4.101330100E2,4.540950298E0,9.400050163E0,-3.340950251E0
4.101354537E2,2.686050177E0,9.060000420E0,-3.988950253E0
4.101378974E2,1.134000063E0,9.421050072E0,-1.581000090E0
4.101403410E2,4.519500136E-1,9.040950775E0,1.300950050E0
4.101427847E2,-1.050000042E-1,9.855000496E0,3.460500240E-1
4.101452284E2,3.433050156E0,9.184050560E0,-6.589500308E-1
4.101476719E2,7.338000298E0,8.053950310E0,-5.905050278E0
4.101501156E2,6.547950268E0,8.251049995E0,-6.646950245E0
4.101525592E2,2.494050026E0,1.006095028E1,-3.457950115E0
4.101550029E2,1.177050114E0,9.682050705E0,1.477950096E0
4.101574466E2,8.610000610E-1,1.071195030E1,2.332950115E0
4.101598903E2,5.190000534E-1,1.011105061E1,5.400000215E-1
4.101623340E2,1.872000098E0,1.036995029E1,2.991000175E0
4.101647774E2,5.662050247E0,9.850050926E0,-2.320950031E0
4.101672211E2,5.551950455E0,9.385950089E0,-7.417950153E0
4.101696648E2,1.891050100E0,1.066395092E1,-7.578000546E0
4.101721084E2,2.170500159E-1,1.049595070E1,-1.582950115E0
4.101745521E2,9.705000371E-2,1.027395058E1,1.797000051E0
4.101769958E2,-5.790000558E-1,1.086495018E1,8.599500656E-1
4.101794395E2,2.263950109E0,9.223050117E0,2.692050219E0
4.101818830E2,6.243000507E0,9.060000420E0,-2.746950150E0
4.101843267E2,5.937000275E0,7.771950245E0,-5.148000240E0
4.101867703E2,2.503950119E0,8.638050079E0,-3.670950174E0
4.101892140E2,1.186950088E0,9.654000282E0,7.170000076E-1
4.101916577E2,3.340500295E-1,1.016400051E1,7.050000429E-1
4.101941014E2,4.759500325E-1,9.595950127E0,1.738950133E0
4.101965448E2,3.820050240E0,9.694050789E0,9.679500461E-1
4.101989885E2,4.860000134E0,9.096000671E0,-4.348950386E0
4.102014322E2,3.691050291E0,9.520050049E0,-6.372000217E0
4.102038758E2,1.311000109E0,1.073100090E1,-5.136000156E0
4.102063195E2,7.459500432E-1,1.093695068E1,-2.794950247E0
4.102087632E2,2.152050018E0,1.023300076E1,-1.279050112E0
4.102112067E2,4.222949982E0,8.707950592E0,-1.228950024E0
4.102136504E2,4.852050304E0,8.689050674E0,-1.897050142E0
4.102160940E2,2.890950203E0,8.955000877E0,-3.670500219E-1
4.102185377E2,1.861950040E0,9.598950386E0,9.705000371E-2
4.102209813E2,1.606050134E0,1.018800068E1,-5.200500488E-1
4.102234250E2,1.966950059E0,1.067400074E1,-1.180950046E0
4.102258687E2,2.698050022E0,9.996000290E0,-2.524050236E0
4.102283122E2,3.270000219E0,9.771000862E0,-3.111000061E0
4.102307559E2,2.008050203E0,1.093905067E1,-2.347050190E0
4.102331996E2,8.640000224E-1,9.378000259E0,-1.126049995E0
4.102356432E2,1.314000010E0,8.590950012E0,-1.438950062E0
4.102380869E2,3.592950106E0,8.406000137E0,-3.205950260E0
4.102405306E2,5.070000172E0,8.200050354E0,-5.779950142E0
4.102429743E2,5.046000004E0,8.124000549E0,-5.385000229E0
4.102454180E2,4.096050262E0,8.662050247E0,-2.380050182E0
4.102478614E2,2.086950064E0,9.031050682E0,5.640000105E-1
4.102503051E2,1.881000042E0,9.052950859E0,1.399050117E0
4.102527487E2,2.427000046E0,8.662050247E0,1.950000077E-1
4.102551924E2,4.146000385E0,8.394000053E0,-1.537950039E0
4.102576361E2,4.857000351E0,7.663950443E0,-3.217950106E0
4.102600796E2,3.600000143E0,7.393050194E0,-2.500050068E0
4.102625233E2,1.915050149E0,8.161950111E0,4.729500115E-1
4.102649670E2,1.510050058E0,8.548050880E0,1.858950138E0
4.102674106E2,2.164050102E0,8.880000114E0,-7.380000353E-1
4.102698543E2,3.208050251E0,9.418950081E0,-3.544050217E0
4.102722980E2,2.950950146E0,8.803950310E0,-4.624050140E0
4.102747417E2,2.206950188E0,9.022050858E0,-3.976950169E0
4.102771852E2,1.540950060E0,9.736950874E0,-2.158050060E0
4.102796288E2,9.660000205E-1,1.035495090E1,2.239500135E-1
4.102820725E2,1.066950083E0,1.047705078E1,-3.910500109E-1
4.102845162E2,1.702050090E0,1.027905083E1,-6.469500065E-1
4.102869598E2,2.500950098E0,1.020195007E1,1.102050066E0
4.102894035E2,2.820000172E0,1.059195042E1,5.160000324E-1
4.102918472E2,2.791050196E0,9.880950928E0,-1.150500029E-1
4.102942907E2,2.698050022E0,9.558000565E0,-7.570500374E-1
4.102967344E2,3.556950092E0,9.388050079E0,-1.012950063E0
4.102991780E2,4.369050026E0,8.655000687E0,-2.980950117E0
4.103016217E2,4.687050343E0,8.638050079E0,-4.152000427E0
4.103040654E2,3.967050076E0,9.034049988E0,-4.099050045E0
4.103065091E2,3.294000149E0,9.406949997E0,-1.972950101E0
4.103089528E2,2.779050112E0,9.591000557E0,1.038000107E0
4.103113962E2,2.950950146E0,9.940950394E0,1.845000029E0
4.103138399E2,2.515950203E0,1.030695057E1,8.959500194E-1
4.103162836E2,2.068050146E0,9.754050255E0,-2.929500043E-1
4.103187272E2,2.686050177E0,9.475950241E0,-2.188950062E0
4.103211709E2,3.519000053E0,8.614950180E0,-4.272000313E0
4.103236146E2,2.098950148E0,8.095050812E0,-3.405000210E0
4.103260583E2,1.309050083E0,7.993950367E0,1.920000017E-1
4.103285018E2,1.081050038E0,7.863000393E0,2.401950121E0
4.103309455E2,2.797950029E0,7.650000572E0,9.280500412E-1
4.103333891E2,4.879050255E0,6.874050140E0,-2.683950186E0
4.103358328E2,5.106000423E0,7.255050182E0,-5.385000229E0
4.103382764E2,3.897000074E0,8.242950439E0,-5.449950218E0
4.103407201E2,2.764950037E0,8.563950539E0,-3.582000256E0
4.103431636E2,1.297050118E0,9.117000580E0,-4.395000264E-2
4.103456073E2,3.100500107E-1,8.569050789E0,3.157050133E0
4.103480510E2,-1.669500023E-1,7.585050583E0,1.617000103E0
4.103504946E2,1.921950102E0,7.846050262E0,1.873050094E0
4.103529383E2,4.953000069E0,7.009950161E0,-2.497950077E0
4.103553820E2,4.965000153E0,7.326000214E0,-5.833050251E0
4.103578254E2,2.322000027E0,8.683950424E0,-6.003000259E0
4.103602691E2,1.120500043E-1,9.085950851E0,-2.785050154E0
4.103627128E2,5.359500051E-1,8.667000771E0,1.729500145E-1
4.103651565E2,2.611050129E0,8.398950577E0,1.305000018E-2
4.103676001E2,4.383000374E0,7.549050331E0,-1.936950088E0
4.103700438E2,4.338000298E0,7.891050339E0,-3.589950085E0
4.103724875E2,3.025950193E0,8.574000359E0,-3.285000086E0
4.103749310E2,1.765950084E0,9.493050575E0,-1.188000083E0
4.103773747E2,1.693950057E0,1.000800037E1,5.110500455E-1
4.103798184E2,2.395950079E0,1.117200089E1,-5.149500370E-1
4.103822620E2,3.124050140E0,1.127205086E1,-2.686950207E0
4.103847057E2,2.410050154E0,1.082895088E1,-3.429000139E0
4.103871494E2,1.669950128E0,1.022805023E1,-2.974050045E0
4.103895928E2,1.072050095E0,9.237000465E0,-6.180000305E-1
4.103920368E2,5.640000105E-1,8.871000290E0,8.869500160E-1
4.103944802E2,8.659500480E-1,8.513999939E0,3.550500274E-1
4.103969239E2,4.072050095E0,8.931000710E0,-2.305950165E0
4.103993675E2,5.737950325E0,9.358950615E0,-5.886000156E0
4.104018112E2,4.905000210E0,9.594000816E0,-5.851950169E0
4.104042547E2,2.736000061E0,1.072395039E1,-3.168000221E0
4.104066984E2,1.813950062E0,1.083600044E1,7.304999977E-2
4.104091421E2,1.882950068E0,1.056795025E1,1.603050113E0
4.104115858E2,1.747050047E0,1.117395020E1,2.332950115E0
4.104140294E2,4.206000328E0,1.085100079E1,2.209500074E-1
4.104164731E2,5.515950203E0,9.994050026E0,-4.401000023E0
4.104189168E2,4.183950424E0,1.018995094E1,-6.340950489E0
4.104213602E2,2.785950184E0,1.121700096E1,-4.507050037E0
4.104238039E2,1.350000024E0,1.176795101E1,-8.860500455E-1
4.104262476E2,7.800000310E-1,1.128705025E1,8.080500364E-1
4.104286912E2,1.740000129E0,9.466950417E0,1.999500096E-1
4.104311350E2,4.254000187E0,8.923050880E0,-2.557950020E0
4.104335786E2,5.416950226E0,8.467950821E0,-5.062050343E0
4.104360223E2,3.591000080E0,8.794050217E0,-4.569000244E0
4.104384658E2,2.458050013E0,9.438000679E0,-1.039950013E0
4.104409095E2,2.118000031E0,1.021605015E1,1.758000135E0
4.104433532E2,2.269050121E0,1.036695004E1,9.469500184E-1
4.104457969E2,2.113049984E0,1.042905045E1,6.210000515E-1
4.104482405E2,2.536950111E0,1.009395027E1,5.320500135E-1
4.104506842E2,2.575050116E0,1.003395081E1,-1.051950097E0
4.104531279E2,2.113049984E0,9.472050667E0,-2.316000223E0
4.104555715E2,1.165050030E0,8.434950829E0,-2.110500038E-1
4.104580150E2,5.640000105E-1,7.650000572E0,1.845000029E0
4.104604587E2,-3.280500174E-1,7.882050514E0,1.879500151E-1
4.104629024E2,-9.105000645E-2,8.251049995E0,5.640000105E-1
4.104653460E2,2.403000116E0,8.598000526E0,9.490500689E-1
4.104677897E2,4.921950340E0,8.593050003E0,-3.865050077E0
4.104702334E2,4.714050293E0,8.751000404E0,-5.191050053E0
4.104726768E2,2.359950066E0,1.003905010E1,-3.307050228E0
4.104751205E2,1.402050018E0,9.358950615E0,-7.570500374E-1
4.104775642E2,1.507950068E0,9.148050308E0,1.129500046E-1
4.104800078E2,2.005950212E0,8.662050247E0,-7.549500465E-1
4.104824515E2,3.169050217E0,7.744950294E0,-2.151000023E0
4.104848952E2,3.718050241E0,7.360050201E0,-3.295050144E0
4.104873389E2,3.375000238E0,7.777050495E0,-2.875950098E0
4.104897824E2,2.331000090E0,8.416049957E0,-1.432050109E0
4.104922260E2,1.323000073E0,8.703000069E0,1.399500072E-1
4.104946697E2,2.425050020E0,7.993950367E0,7.410000563E-1
4.104971134E2,3.825000286E0,7.506000519E0,-6.799500585E-1
4.104995570E2,4.929000378E0,7.654050350E0,-2.938050032E0
4.105020007E2,4.110000134E0,8.368050575E0,-4.162050247E0
4.105044442E2,3.241050243E0,8.980950356E0,-2.787000179E0
4.105068879E2,2.917950153E0,9.679950714E0,-1.284000039E0
4.105093316E2,2.650050163E0,1.086795044E1,-6.570000052E-1
4.105117752E2,2.632950068E0,1.152795029E1,-1.237950087E0
4.105142189E2,2.779050112E0,1.098300076E1,-1.822950125E0
4.105166626E2,2.455950022E0,1.122405052E1,-2.473950148E0
4.105191063E2,2.350050211E0,1.110495090E1,-1.831950068E0
4.105215498E2,2.005950212E0,1.003695011E1,-1.504050016E0
4.105239934E2,1.660950065E0,8.959050179E0,1.540500075E-1
4.105264371E2,1.552950025E0,8.619000435E0,4.849500358E-1
4.105288808E2,1.375950098E0,8.926050186E0,-7.069500089E-1
4.105313244E2,1.668000102E0,8.641050339E0,1.570500135E-1
4.105337681E2,2.427000046E0,9.237000465E0,9.679500461E-1
4.105362116E2,3.070950031E0,9.823950768E0,2.205000073E-2
4.105386553E2,5.338050365E0,1.006500053E1,-1.990500093E-1
4.105410990E2,4.986000061E0,1.088895035E1,-3.975000143E0
4.105435426E2,3.339000225E0,1.168605042E1,-3.949050188E0
4.105459863E2,1.998000145E0,1.148100090E1,-1.741050124E0
4.105484300E2,1.527000070E0,1.084605026E1,6.259500384E-1
4.105508737E2,1.018950105E0,1.072605038E1,1.821000099E0
4.105533171E2,6.240000129E-1,1.010895061E1,7.339500189E-1
4.105557608E2,1.206000090E0,9.223050117E0,-1.855950117E0
4.105582045E2,2.155950069E0,9.213000298E0,-2.445000172E0
4.105606481E2,2.631000042E0,9.216000557E0,-2.593050241E0
4.105630918E2,2.164050102E0,9.646050453E0,-2.011950016E0
4.105655355E2,1.420950055E0,9.321000099E0,-9.679500461E-1
4.105679790E2,1.672950029E0,8.646000862E0,-9.559500217E-1
4.105704229E2,3.913950205E0,8.512050629E0,-2.050050020E0
4.105728664E2,5.845950127E0,8.464050293E0,-3.927000284E0
4.105753101E2,5.583000183E0,9.061950684E0,-3.738000154E0
4.105777537E2,4.201050282E0,9.615000725E0,-2.517000198E0
4.105801974E2,3.006000042E0,9.694050789E0,-1.722000122E0
4.105826411E2,2.213999987E0,9.637050629E0,-9.750000238E-1
4.105850847E2,1.801950097E0,9.550950050E0,-1.308000088E0
4.105875282E2,2.014950037E0,8.968950272E0,-2.215050220E0
4.105899719E2,2.776950121E0,8.254950523E0,-2.694000244E0
4.105924156E2,3.295950174E0,7.123050213E0,-1.758000135E0
4.105948592E2,2.262000084E0,6.703950405E0,-5.149500370E-1
4.105973029E2,1.225050092E0,7.192050457E0,1.195950031E0
4.105997464E2,1.462050080E0,7.093950272E0,1.464000106E0
4.106021900E2,3.255000114E0,6.759000301E0,-6.610500216E-1
4.106046337E2,5.022000313E0,6.996000290E0,-4.132950306E0
4.106070773E2,4.414050102E0,7.774050236E0,-5.835000515E0
4.106095211E2,2.712000132E0,8.457000732E0,-3.927000284E0
4.106119647E2,2.311950207E0,8.989950180E0,-1.011000037E0
4.106144084E2,2.631000042E0,8.530950546E0,6.550500393E-1
4.106168521E2,2.479950190E0,8.381999969E0,2.689500153E-1
4.106192956E2,3.076050043E0,8.064000130E0,-1.401000023E0
4.106217392E2,3.634050131E0,8.107049942E0,-3.484050274E0
4.106241829E2,3.562050104E0,8.445000648E0,-3.429000139E0
4.106266265E2,2.956050158E0,8.847000122E0,-1.332000017E0
4.106290702E2,1.788000107E0,8.895000458E0,9.390000701E-1
4.106315139E2,7.800000310E-1,9.843000412E0,1.915950060E0
4.106339574E2,4.279500246E-1,9.997950554E0,1.090500057E-1
4.106364011E2,1.780950069E0,9.036000252E0,-3.859500289E-1
4.106388448E2,3.174000263E0,7.924950600E0,-2.742000103E0
4.106412885E2,3.994950294E0,7.756950378E0,-3.100950241E0
4.106437321E2,4.041000366E0,8.631000519E0,-2.586000204E0
4.106461758E2,3.555000067E0,9.735000610E0,-1.911000133E0
4.106486195E2,2.652000189E0,1.092495060E1,-5.100000501E-1
4.106510629E2,1.996050119E0,1.089900017E1,-6.495000422E-2
4.106535066E2,1.942950130E0,1.114800072E1,-5.700000525E-1
4.106559503E2,2.428950071E0,1.126500034E1,-2.194050074E0
4.106583939E2,2.926950216E0,1.146405029E1,-2.766000032E0
4.106608376E2,3.078000069E0,1.105905056E1,-1.665000081E0
4.106632813E2,2.628000021E0,1.068300056E1,-2.639999986E-1
4.106657248E2,2.677950144E0,1.027395058E1,-1.680000126E-1
4.106681685E2,2.665950060E0,9.782999992E0,-3.570000231E-1
4.106706121E2,2.278950214E0,9.651000023E0,6.599999964E-2
4.106730558E2,2.472000122E0,8.764950752E0,-3.720000088E-1
4.106754995E2,2.961000204E0,8.320050240E0,-1.075950027E0
4.106779431E2,4.005000114E0,8.068950653E0,-2.433000088E0
4.106803868E2,4.157999992E0,8.275050163E0,-2.929050207E0
4.106828303E2,3.964050293E0,9.442950249E0,-2.329950094E0
4.106852740E2,3.574050188E0,1.021605015E1,-1.308000088E0
4.106877177E2,3.355950117E0,1.073100090E1,-1.969500035E-1
4.106901613E2,3.151950121E0,1.130595016E1,-2.850000262E-1
4.106926050E2,2.716950178E0,1.132695007E1,-1.377000093E0
4.106950487E2,1.825950146E0,1.036500072E1,-1.783950090E0
4.106974924E2,1.174950004E0,8.373000145E0,-2.040000200E0
4.106999358E2,1.584000111E0,6.946050167E0,-1.593000054E0
4.107023795E2,3.604950190E0,6.414000511E0,-1.566000104E0
4.107048232E2,4.285050392E0,6.349950314E0,-1.219050050E0
4.107072668E2,3.840000153E0,7.225950241E0,-1.192950010E0
4.107097105E2,2.796000242E0,7.908000469E0,-2.004000187E0
4.107121542E2,2.383949995E0,8.348999977E0,-3.075000048E0
4.107145977E2,1.512000084E0,8.341950417E0,-2.692050219E0
4.107170414E2,1.498050094E0,8.277000427E0,-1.308000088E0
4.107194851E2,1.965000153E0,7.831950188E0,-3.810000122E-1
4.107219287E2,3.001950026E0,7.903050423E0,5.400000140E-2
4.107243724E2,3.919050217E0,7.666050434E0,-1.560000032E-1
4.107268161E2,4.237050056E0,8.491950035E0,-1.075950027E0
4.107292598E2,3.445050240E0,9.654000282E0,-2.364000082E0
4.107317035E2,1.642050028E0,1.073805046E1,-3.250050068E0
4.107341469E2,3.730500042E-1,1.092000008E1,-2.986050129E0
4.107365906E2,1.960500032E-1,1.023300076E1,-1.569000125E0
4.107390342E2,1.017000079E0,9.036000252E0,-1.672050118E0
4.107414779E2,1.759050131E0,8.100000381E0,-1.966050148E0
4.107439216E2,1.654050112E0,7.180050373E0,-1.612050056E0
4.107463651E2,1.492950082E0,7.069950104E0,-6.229500175E-1
4.107488088E2,1.825950146E0,7.546950340E0,4.099500179E-1
4.107512525E2,3.301050186E0,7.879950523E0,-1.003950000E0
4.107536961E2,4.663050175E0,9.076950073E0,-2.170050144E0
4.107561398E2,3.816000223E0,1.027095032E1,-2.661000013E0
4.107585835E2,3.073050261E0,1.066395092E1,-2.826000214E0
4.107610269E2,2.542050123E0,1.093200016E1,-2.734950066E0
4.107634708E2,1.855050087E0,1.112895012E1,-2.670000076E0
4.107659143E2,1.491000056E0,1.051995087E1,-1.825050116E0
4.107683580E2,2.082000017E0,9.634950638E0,-1.903950095E0
4.107708017E2,2.776950121E0,9.037950516E0,-1.380000114E0
4.107732453E2,3.054000139E0,9.205950737E0,2.880000174E-1
4.107756890E2,2.319000006E0,9.985950470E0,9.870000482E-1
4.107781327E2,1.675050020E0,1.107300091E1,4.150500298E-1
4.107805764E2,1.845000029E0,1.130295086E1,-1.096950054E0
4.107830198E2,2.077050209E0,1.095105076E1,-3.123000145E0
4.107854635E2,1.471950054E0,9.565050125E0,-3.843000174E0
4.107879072E2,1.383000016E0,9.436050415E0,-2.536050081E0
4.107903508E2,1.831050038E0,9.769050598E0,-5.299500227E-1
4.107927945E2,3.190950155E0,9.951000214E0,-3.330000043E-1
4.107952382E2,4.546050072E0,1.040505028E1,-2.140500098E-1
4.107976817E2,4.255949974E0,1.054695034E1,-8.220000267E-1
4.108001254E2,3.150000095E0,1.177305031E1,-1.945050120E0
4.108025691E2,2.520000219E0,1.178895092E1,-2.397000074E0
4.108050127E2,1.740000129E0,1.157100010E1,-2.617050171E0
4.108074564E2,6.480000019E-1,1.036200047E1,-1.537950039E0
4.108099001E2,1.605000161E-2,9.048000336E0,-6.709500551E-1
4.108123436E2,1.183950067E0,8.416049957E0,-1.554000020E0
4.108147872E2,2.647050142E0,8.089950562E0,-2.320950031E0
4.108172309E2,1.567050099E0,7.911000252E0,-1.969050050E0
4.108196746E2,2.820000052E-1,8.935050011E0,-1.150050044E0
4.108221182E2,3.079500198E-1,9.253950119E0,-5.370000005E-1
4.108245619E2,1.648950100E0,9.237000465E0,-1.435050011E0
4.108270056E2,3.013950109E0,8.878050804E0,-3.421950102E0
4.108294491E2,4.041000366E0,8.779950142E0,-4.641000271E0
4.108318928E2,4.000050068E0,8.581050873E0,-4.914000034E0
4.108343365E2,3.612000227E0,8.880000114E0,-3.585000277E0
4.108367801E2,2.740950108E0,8.694000244E0,-2.256000042E0
4.108392238E2,1.921950102E0,8.755949974E0,-7.279500365E-1
4.108416675E2,1.606050134E0,8.868000031E0,-2.179500163E-1
4.108441109E2,2.398050070E0,9.036000252E0,-5.700000525E-1
4.108465546E2,2.797950029E0,8.707950592E0,-2.107050180E0
4.108489983E2,1.951050043E0,8.940000534E0,-2.566950083E0
4.108514420E2,1.330050111E0,8.968950272E0,-1.669050097E0
4.108538856E2,1.291950107E0,9.184050560E0,-1.485000014E0
4.108563293E2,1.227000117E0,9.313950539E0,-1.636050105E0
4.108587730E2,1.084050059E0,8.944950104E0,-1.540050030E0
4.108612165E2,1.375950098E0,8.394000053E0,-1.099050045E0
4.108636602E2,2.365050077E0,8.313000679E0,-9.580500722E-1
4.108661038E2,3.844050169E0,8.509050369E0,-2.004000187E0
4.108685475E2,4.054950237E0,9.334950447E0,-3.091950178E0
4.108709912E2,2.616000175E0,1.002495003E1,-2.505000114E0
4.108734348E2,2.085000038E0,1.027905083E1,-1.429950118E0
4.108758785E2,1.711050034E0,1.048200035E1,-9.130500555E-1
4.108783220E2,1.054949999E0,1.075695038E1,-4.650000334E-1
4.108807657E2,9.109500647E-1,1.084395027E1,-4.870500267E-1
4.108832093E2,1.852050066E0,1.067400074E1,-1.873050094E0
4.108856530E2,2.109000206E0,1.021905041E1,-2.791950226E0
4.108880967E2,1.207950115E0,9.702000618E0,-1.461000085E0
4.108905404E2,5.830500126E-1,9.337950706E0,8.509500623E-1
4.108929838E2,2.430000156E-1,9.148050308E0,6.640500426E-1
4.108954275E2,2.839500010E-1,8.428050041E0,7.950000465E-3
4.108978712E2,1.861950040E0,8.281949997E0,1.669950128E0
4.109003148E2,6.082950115E0,8.014050484E0,-2.473950148E0
4.109027586E2,6.246000290E0,8.014050484E0,-5.947950363E0
4.109052022E2,4.567049980E0,9.472050667E0,-5.898000240E0
4.109076459E2,2.980050087E0,1.055595016E1,-2.785050154E0
4.109100896E2,1.927050114E0,1.120800018E1,-3.720000088E-1
4.109125331E2,1.225050092E0,1.110000038E1,3.049500287E-1
4.109149768E2,1.004999995E0,1.021200085E1,-6.109500527E-1
4.109174205E2,2.311950207E0,9.388050079E0,-2.107050180E0
4.109198641E2,3.271950245E0,7.960950375E0,-3.690000057E0
4.109223078E2,2.203950167E0,7.591950417E0,-2.959950209E0
4.109247514E2,1.780950069E0,7.495950222E0,-3.280500174E-1
4.109271949E2,2.542050123E0,7.495950222E0,1.153050065E0
4.109296386E2,2.994000196E0,7.762050152E0,-9.405000508E-2
4.109320822E2,3.229050159E0,7.555950165E0,-2.518950224E0
4.109345259E2,3.187950134E0,7.408050537E0,-3.484050274E0
4.109369696E2,3.922950268E0,7.516050339E0,-3.271050215E0
4.109394130E2,3.837000132E0,8.401050568E0,-2.158050060E0
4.109418570E2,2.877000093E0,9.481050491E0,-1.518000126E0
4.109443004E2,2.233050108E0,9.782999992E0,-8.359500170E-1
4.109467441E2,2.530050039E0,9.709050179E0,-7.930500507E-1
4.109491878E2,3.291000128E0,9.751950264E0,-1.317000031E0
4.109516314E2,2.026950121E0,9.922050476E0,-1.653000116E0
4.109540751E2,9.690000415E-1,1.025895023E1,-1.168950081E0
4.109565188E2,8.419500589E-1,9.859950066E0,-5.560500026E-1
4.109589623E2,1.369050026E0,9.634950638E0,-9.250500202E-1
4.109614060E2,2.170950174E0,9.475950241E0,-1.629000068E0
4.109638497E2,2.061000109E0,9.280050278E0,-1.870050073E0
4.109662933E2,1.263000011E0,9.547950745E0,-9.405000508E-2
4.109687370E2,8.490000367E-1,9.466950417E0,5.989500284E-1
4.109711807E2,7.200000286E-1,9.364050865E0,-5.130000114E-1
4.109736244E2,1.189050078E0,9.523950577E0,4.609500170E-1
4.109760678E2,4.435950279E0,9.318000793E0,-1.392000079E0
4.109785115E2,5.154000282E0,9.631950378E0,-5.907000065E0
4.109809552E2,3.483000278E0,9.916950226E0,-6.124950409E0
4.109833988E2,2.404950142E0,1.015200043E1,-3.541950226E0
4.109858425E2,1.918950081E0,9.739950180E0,-6.109500527E-1
4.109882862E2,1.687050104E0,9.532050133E0,5.010000467E-1
4.109907297E2,2.764950037E0,8.530950546E0,-6.850500107E-1
4.109931734E2,4.414050102E0,7.623000145E0,-2.899950027E0
4.109956171E2,4.468950272E0,7.378950119E0,-4.059000015E0
4.109980607E2,3.568950176E0,7.647000313E0,-3.214050055E0
4.110005044E2,2.710050106E0,8.473050117E0,-1.248000026E0
4.110029481E2,2.034000158E0,8.931000710E0,2.140500098E-1
4.110053915E2,1.243950009E0,8.980950356E0,3.769500256E-1
4.110078352E2,1.558050036E0,8.374950409E0,-9.529500604E-1
4.110102789E2,3.090000153E0,7.471950531E0,-2.380050182E0
4.110127226E2,4.624950409E0,7.369950294E0,-3.396000147E0
4.110151662E2,4.218000412E0,8.039999962E0,-4.018050194E0
4.110176099E2,3.040050030E0,8.884950638E0,-2.914050102E0
4.110200536E2,2.077050209E0,9.498000145E0,-1.059000015E0
4.110224970E2,1.696950078E0,9.457050323E0,-2.400000095E-1
4.110249407E2,1.474050045E0,9.808950424E0,-7.950000167E-1
4.110273844E2,2.014950037E0,9.192000389E0,-2.128950119E0
4.110298280E2,2.698050022E0,8.713050842E0,-2.974050045E0
4.110322718E2,3.214950085E0,8.284049988E0,-3.232950211E0
4.110347154E2,3.052050114E0,8.137949944E0,-2.719950199E0
4.110371591E2,2.113049984E0,8.410950661E0,-7.789500356E-1
4.110396026E2,1.065000057E0,8.245950699E0,1.387050033E0
4.110420463E2,2.119500041E-1,8.197950363E0,5.710500479E-1
4.110444900E2,1.020000055E-1,8.751000404E0,1.759500057E-1
4.110469336E2,6.430500150E-1,9.412050247E0,3.769500256E-1
4.110493773E2,1.836000085E0,1.030695057E1,1.035000086E0
4.110518210E2,2.961000204E0,1.144500065E1,7.120500207E-1
4.110542644E2,5.580000401E0,1.229895020E1,2.599500120E-1
4.110567084E2,5.491950035E0,1.158300018E1,-5.965050220E0
4.110591518E2,2.992050171E0,1.230405045E1,-6.381000519E0
4.110615955E2,1.326000094E0,1.216305065E1,-3.574950218E0
4.110640391E2,1.117050052E0,1.144905090E1,-4.170000255E-1
4.110664828E2,2.166000128E0,1.078605080E1,6.550500393E-1
4.110689265E2,3.559050083E0,1.028805065E1,-6.130500436E-1
4.110713700E2,4.098000050E0,1.050405025E1,-1.803000093E0
4.110738137E2,2.845950127E0,1.080495071E1,-2.191050053E0
4.110762574E2,1.893000126E0,1.166505051E1,-1.078050017E0
4.110787010E2,1.362000108E0,1.169100094E1,-6.829500198E-1
4.110811447E2,1.455000043E0,1.150005054E1,-1.200000048E0
4.110835884E2,2.620950222E0,1.048905087E1,-2.086050034E0
4.110860318E2,4.207950115E0,9.586950302E0,-3.123000145E0
4.110884755E2,4.531949997E0,9.582000732E0,-2.874000072E0
4.110909192E2,4.098000050E0,9.567000389E0,-1.597050071E0
4.110933628E2,3.460950136E0,9.526950836E0,-8.700000495E-2
4.110958066E2,3.174000263E0,1.017300034E1,1.327050090E0
4.110982502E2,3.199950218E0,1.030500031E1,1.081050038E0
4.111006939E2,3.370050192E0,1.077705097E1,-1.035000086E0
4.111031376E2,2.701950073E0,1.111905098E1,-2.578950167E0
4.111055810E2,1.752000093E0,1.094400024E1,-2.514000177E0
4.111080247E2,1.339950085E0,1.022400093E1,-1.617000103E0
4.111104684E2,1.234950066E0,9.646050453E0,7.995000482E-2
4.111129120E2,1.004999995E0,8.890050888E0,8.370000124E-1
4.111153557E2,8.059500456E-1,7.468050480E0,4.150500298E-1
4.111177994E2,4.830000103E-1,7.480050564E0,5.879999995E-1
4.111202429E2,1.077000022E0,8.310000420E0,6.859500408E-1
4.111226866E2,4.363950253E0,8.442000389E0,-6.589500308E-1
4.111251303E2,4.897950172E0,9.333000183E0,-6.043950081E0
4.111275740E2,3.037950039E0,1.072200012E1,-6.951000214E0
4.111300176E2,1.872000098E0,1.068105030E1,-4.111050129E0
4.111324613E2,1.740000129E0,9.912000656E0,-1.012950063E0
4.111349050E2,1.405050039E0,9.771000862E0,1.069050074E0
4.111373484E2,1.837950110E0,8.097000122E0,8.149500489E-1
4.111397921E2,3.604950190E0,6.891000271E0,-1.413000107E0
4.111422358E2,4.690050125E0,6.175050259E0,-3.858000278E0
4.111446794E2,3.859050274E0,6.673050404E0,-4.260000229E0
4.111471231E2,2.680950165E0,7.767000198E0,-2.791950226E0
4.111495668E2,2.101050138E0,8.389050484E0,-8.119500279E-1
4.111520105E2,1.764000058E0,8.458950043E0,2.380500138E-1
4.111544539E2,1.504950047E0,8.362950325E0,-6.370500326E-1
4.111568976E2,2.178000212E0,8.041950226E0,-2.332950115E0
4.111593413E2,3.391950130E0,7.437000275E0,-4.252950191E0
4.111617849E2,3.739050150E0,7.285950184E0,-4.453950405E0
4.111642286E2,2.683050156E0,7.912950516E0,-2.637000084E0
4.111666723E2,2.599050045E0,8.370000839E0,1.800000109E-2
4.111691158E2,2.343000174E0,8.911050797E0,2.002950191E0
4.111715595E2,2.146950006E0,9.534000397E0,1.078050017E0
4.111740032E2,2.901000023E0,1.020900059E1,-1.911000133E0
4.111764468E2,2.632950068E0,1.004205036E1,-4.723950386E0
4.111788905E2,1.546050072E0,1.003905010E1,-4.789050102E0
4.111813342E2,1.540950060E0,9.574950218E0,-2.944950104E0
4.111837779E2,1.668000102E0,8.763000488E0,-4.410000145E-1
4.111862213E2,1.933950067E0,8.701050758E0,1.344000101E0
4.111886650E2,2.049000025E0,7.899000168E0,7.690500617E-1
4.111911087E2,1.528950095E0,7.999050617E0,4.390500188E-1
4.111935523E2,7.030500174E-1,8.502000809E0,3.100500107E-1
4.111959960E2,5.520000458E-1,8.974050522E0,2.689500153E-1
4.111984397E2,1.905000091E0,9.880950928E0,1.143000007E0
4.112008832E2,5.226000309E0,1.034805012E1,-3.970050097E0
4.112033269E2,4.309050083E0,1.075995064E1,-6.400050163E0
4.112057706E2,2.167950153E0,1.069995022E1,-5.208000183E0
4.112082142E2,1.780950069E0,1.018305016E1,-1.996950150E0
4.112106579E2,2.170950174E0,9.625050545E0,-1.995000057E-2
4.112131016E2,3.250950098E0,8.526000023E0,-1.030500084E-1
4.112155450E2,4.615050316E0,7.864950180E0,-8.580000401E-1
4.112179890E2,4.741950035E0,7.896000385E0,-1.948950052E0
4.112204324E2,3.865950108E0,8.622000694E0,-1.996950150E0
4.112228761E2,2.752950191E0,9.675000191E0,-1.327050090E0
4.112253197E2,2.212050200E0,1.014705086E1,-1.087050080E0
4.112277634E2,1.831050038E0,1.023300076E1,-1.528050065E0
4.112302071E2,1.942950130E0,9.268050194E0,-2.172000170E0
4.112326506E2,3.265050173E0,8.513999939E0,-2.536050081E0
4.112350945E2,4.555950165E0,8.557050705E0,-2.521950006E0
4.112375379E2,4.246950150E0,9.157950401E0,-1.855950117E0
4.112399816E2,3.222000122E0,9.856950760E0,-8.029500246E-1
4.112424253E2,2.607000113E0,1.031205082E1,-2.400000095E-1
4.112448689E2,2.439000130E0,1.068300056E1,-8.170500398E-1
4.112473126E2,2.194950104E0,1.058295059E1,-2.212949991E0
4.112497564E2,1.797000051E0,1.020195007E1,-2.847000122E0
4.112521998E2,2.176050186E0,9.571950912E0,-2.014050007E0
4.112546435E2,2.776950121E0,9.226950645E0,-9.700500369E-1
4.112570872E2,3.612000227E0,9.237000465E0,-7.360500097E-1
4.112595308E2,3.994950294E0,9.192000389E0,-5.820000172E-1
4.112619745E2,2.623050213E0,8.812950134E0,-5.200500488E-1
4.112644180E2,1.150950074E0,9.037950516E0,1.180500090E-1
4.112668617E2,6.960000396E-1,8.574000359E0,4.729500115E-1
4.112693054E2,2.002950191E0,8.253000259E0,-9.030000567E-1
4.112717490E2,4.255949974E0,8.029950142E0,-3.349950075E0
4.112741928E2,5.041950226E0,8.454000473E0,-4.750950336E0
4.112766364E2,4.431000233E0,8.920950890E0,-5.445000172E0
4.112790801E2,3.363000154E0,9.280050278E0,-3.891000271E0
4.112815235E2,2.698050022E0,9.004950523E0,-2.742000103E0
4.112839672E2,1.893000126E0,8.539950371E0,-1.498950124E0
4.112864109E2,1.645950079E0,7.875000477E0,-7.279500365E-1
4.112888546E2,2.902950048E0,7.128000259E0,-5.440500379E-1
4.112912982E2,4.752000332E0,6.706050396E0,-1.930050135E0
4.112937419E2,3.888000250E0,7.093950272E0,-3.187050104E0
4.112961856E2,3.574050188E0,7.372050285E0,-3.513000250E0
4.112986291E2,3.676950216E0,7.848000526E0,-3.742950201E0
4.113010728E2,2.403000116E0,8.791950226E0,-3.666000128E0
4.113035165E2,1.195950031E0,8.353950500E0,-2.986050129E0
4.113059601E2,1.036050081E0,8.157000542E0,-2.115000010E0
4.113084038E2,2.784000158E0,7.516050339E0,-2.139000177E0
4.113108475E2,3.756000280E0,6.976950169E0,-3.241950035E0
4.113132911E2,3.753000259E0,7.117950439E0,-3.522000074E0
4.113157346E2,3.556950092E0,7.675950527E0,-2.754000187E0
4.113181783E2,2.728950024E0,8.743950844E0,-1.387050033E0
4.113206220E2,2.628000021E0,9.057000160E0,-7.090500593E-1
4.113230656E2,2.868000031E0,9.823950768E0,-1.240950108E0
4.113255093E2,3.694050074E0,9.963000298E0,-3.333000183E0
4.113279530E2,3.832050085E0,1.015200043E1,-4.849050045E0
4.113303967E2,3.061050177E0,9.778050423E0,-4.753050327E0
4.113328402E2,2.500950098E0,9.004950523E0,-2.851950169E0
4.113352838E2,1.761000037E0,8.313000679E0,-1.695000008E-2
4.113377275E2,1.480950117E0,8.011050224E0,1.380000114E0
4.113401712E2,1.986000061E0,8.035050392E0,1.069050074E0
4.113426148E2,1.882950068E0,9.169950485E0,1.014000058E0
4.113450586E2,2.128050089E0,9.733050346E0,9.300000668E-1
4.113475020E2,4.768950462E0,1.026405048E1,-1.030500084E-1
4.113499457E2,4.953000069E0,1.072395039E1,-6.144000053E0
4.113523894E2,2.452950001E0,1.168605042E1,-7.243050575E0
4.113548330E2,1.225050092E0,1.197900105E1,-5.533950329E0
4.113572767E2,5.879999995E-1,1.068600082E1,-2.754000187E0
4.113597204E2,7.030500174E-1,9.661050797E0,7.260000110E-1
4.113621639E2,2.379000187E0,8.599950790E0,1.402050018E0
4.113646076E2,4.977000237E0,7.947000504E0,-1.180500090E-1
4.113670513E2,5.536950111E0,7.623000145E0,-1.702950120E0
4.113694949E2,5.245050430E0,8.562000275E0,-1.767000079E0
4.113719385E2,4.690050125E0,9.589050293E0,-1.732050061E0
4.113743822E2,4.254000187E0,1.018305016E1,-2.078999996E0
4.113768259E2,2.839050055E0,1.033095074E1,-2.400000095E0
4.113792694E2,2.458050013E0,9.603000641E0,-2.260950089E0
4.113817131E2,3.523950100E0,8.308050156E0,-1.846050143E0
4.113841568E2,4.524000168E0,8.610000610E0,-2.218050003E0
4.113866004E2,4.723050117E0,8.380050659E0,-2.119050026E0
4.113890441E2,3.961950302E0,9.265950203E0,-7.260000110E-1
4.113914878E2,4.906949997E0,1.039395046E1,-1.269000053E0
4.113939315E2,5.431950092E0,1.153995037E1,-3.558000088E0
4.113963752E2,3.487950087E0,1.225605011E1,-6.187050343E0
4.113988187E2,2.056050062E0,1.185900021E1,-6.211050510E0
4.114012624E2,1.062000036E0,1.071195030E1,-3.538950205E0
4.114037061E2,6.529500484E-1,8.381999969E0,-5.820000172E-1
4.114061497E2,1.266000032E0,6.072000504E0,1.579050064E0
4.114085934E2,2.037000179E0,4.951050282E0,2.749950171E0
4.114110368E2,2.692950010E0,5.788950443E0,1.945050120E0
4.114134805E2,3.718050241E0,7.201950550E0,1.324950099E0
4.114159242E2,4.765950203E0,8.310000420E0,-2.016000032E0
4.114183678E2,3.492000103E0,1.026405048E1,-4.779000282E0
4.114208115E2,2.563050032E0,1.157400036E1,-4.987950325E0
4.114232552E2,1.900050044E0,1.169400024E1,-4.843950272E0
4.114256987E2,9.760500193E-1,1.056405067E1,-4.336950302E0
4.114281426E2,1.150950074E0,9.081000328E0,-3.301950216E0
4.114305861E2,2.764950037E0,8.631000519E0,-2.220000029E0
4.114330298E2,3.871050119E0,6.618000507E0,-2.220000029E0
4.114354735E2,4.480950356E0,6.067050457E0,-1.456050038E0
4.114379171E2,5.415000439E0,6.283050060E0,-1.846050143E0
4.114403608E2,5.314950466E0,7.659000397E0,-3.585000277E0
4.114428045E2,3.354000092E0,7.843950272E0,-5.056950092E0
4.114452479E2,2.259000063E0,6.922050476E0,-4.003950119E0
4.114476916E2,3.090000153E0,6.430950165E0,-3.895950079E0
4.114501353E2,3.697950125E0,7.152000427E0,-4.210050106E0
4.114525789E2,3.492000103E0,8.779950142E0,-4.815000057E0
4.114550226E2,3.943050146E0,9.172050476E0,-2.284950018E0
4.114574663E2,4.639050007E0,9.366000175E0,-4.344000340E0
4.114599100E2,3.342000246E0,1.054395008E1,-6.106050491E0
4.114623534E2,2.238000154E0,1.027605057E1,-6.939000130E0
4.114647971E2,2.149500102E-1,1.002000046E1,-6.577950478E0
4.114672408E2,-1.669050097E0,9.426000595E0,-3.132000208E0
4.114696844E2,-1.659000039E0,6.622950077E0,3.870000124E0
4.114721281E2,-5.029500127E-1,4.666050434E0,3.600000143E0
4.114745718E2,1.591050029E0,4.779000282E0,1.516950130E0
4.114770153E2,3.181050062E0,7.104000568E0,1.062000036E0
4.114794590E2,5.206950188E0,9.259050369E0,3.361950159E0
4.114819027E2,5.155950069E0,1.061595058E1,3.223950148E0
4.114843463E2,7.231950283E0,1.148100090E1,-5.649000168E0
4.114867900E2,5.500950336E0,1.246005058E1,-1.092105007E1
4.114892337E2,1.941000104E0,1.391805077E1,-9.325950623E0
4.114916771E2,-6.405000389E-2,1.240005016E1,-4.071000099E0
4.114941208E2,8.805000782E-2,9.583950043E0,-1.710000038E0
4.114965645E2,2.950950146E0,7.543950558E0,-1.557000041E0
4.114990082E2,5.860050201E0,7.372050285E0,-2.944950104E0
4.115014518E2,6.078000069E0,6.904950142E0,-4.039950371E0
4.115038955E2,4.378050327E0,6.814050198E0,-2.590950012E0
4.115063392E2,3.427950144E0,7.824000359E0,1.074000001E0
4.115087827E2,5.689950466E0,8.550000191E0,1.308000088E0
4.115112264E2,6.382050514E0,1.119600010E1,-2.116950035E0
4.115136700E2,5.346000195E0,1.167000103E1,-6.738000393E0
4.115161137E2,4.159950256E0,1.161900043E1,-1.075305080E1
4.115185574E2,3.301050186E0,1.224405098E1,-1.015695095E1
4.115210010E2,2.611050129E0,1.110900021E1,-7.198050499E0
4.115234447E2,1.809000134E0,9.237000465E0,-3.529950142E0
4.115258882E2,7.390500307E-1,7.606950283E0,1.591050029E0
4.115283319E2,6.790500283E-1,5.181000233E0,5.359050274E0
4.115307756E2,2.676000118E0,4.855950356E0,2.874000072E0
4.115332192E2,4.261050224E0,5.818050385E0,2.434050083E0
4.115356629E2,4.663050175E0,5.752950191E0,3.090000153E0
4.115381066E2,5.467950344E0,7.792950153E0,1.986000061E0
4.115405500E2,4.699050426E0,1.078095055E1,1.597950101E0
4.115429937E2,4.180050373E0,1.270605087E1,-5.920500159E-1
4.115454374E2,3.484950066E0,1.297200108E1,-5.914050102E0
4.115478811E2,2.496000051E0,1.246005058E1,-7.168950558E0
4.115503248E2,1.966950059E0,1.081305027E1,-7.561950207E0
4.115527684E2,2.407950163E0,8.241000175E0,-6.135000229E0
4.115552121E2,4.371000290E0,5.065950394E0,-5.221950054E0
4.115576556E2,4.378050327E0,4.531949997E0,-4.189949989E0
4.115600993E2,2.832000017E0,4.317000389E0,-7.519500256E-1
4.115625430E2,2.439000130E0,5.713050365E0,2.785050154E0
4.115649866E2,6.358050346E0,7.690050602E0,1.770000100E0
4.115674303E2,9.208050728E0,9.141000748E0,-1.732050061E0
4.115698740E2,7.524000168E0,1.150905037E1,-5.766000271E0
4.115723177E2,4.855050087E0,1.162905025E1,-9.348000526E0
4.115747611E2,4.204050064E0,1.167705059E1,-8.083950043E0
4.115772048E2,3.436950207E0,1.135095024E1,-6.877050400E0
4.115796485E2,1.989000082E0,9.148050308E0,-4.018050194E0
4.115820922E2,4.420500100E-1,6.265950203E0,3.070500195E-1
4.115845358E2,2.029500157E-1,4.256999969E0,4.033050060E0
4.115869795E2,2.226000071E0,5.761050224E0,3.130050182E0
4.115894232E2,5.781000137E0,5.634000301E0,1.090050101E0
4.115918666E2,7.543950558E0,6.313950062E0,-3.436050177E0
4.115943103E2,5.488950253E0,7.978050232E0,-5.665050507E0
4.115967540E2,3.090000153E0,1.011795044E1,-5.134050369E0
4.115991976E2,1.504950047E0,1.081695080E1,-2.680050135E0
4.116016413E2,1.588950038E0,1.146900082E1,-1.474950075E0
4.116040850E2,3.250950098E0,9.283050537E0,-3.556050062E0
4.116065287E2,5.602050304E0,7.969950199E0,-5.292000294E0
4.116089722E2,6.871050358E0,6.382950306E0,-8.091000557E0
4.116114158E2,5.524950027E0,3.394950151E0,-7.219050407E0
4.116138595E2,3.475950241E0,5.205000401E0,-2.191050053E0
4.116163032E2,3.271950245E0,6.988950253E0,2.721000195E0
4.116187468E2,7.078950405E0,8.410950661E0,2.206050158E0
4.116211905E2,7.681950569E0,9.345000267E0,-3.549000263E0
4.116236340E2,4.849950314E0,1.028805065E1,-7.648050308E0
4.116260777E2,3.793950081E0,1.112595081E1,-7.807950497E0
4.116285214E2,3.787050247E0,1.087200069E1,-6.934050560E0
4.116309650E2,2.884050131E0,1.018005085E1,-4.192950249E0
4.116334087E2,1.371000051E0,8.785050392E0,-1.593000054E0
4.116358524E2,7.650000453E-1,7.000950336E0,2.752050161E0
4.116382961E2,6.790500283E-1,6.091050148E0,1.978950143E0
4.116407395E2,2.140050173E0,5.832000256E0,1.536000013E0
4.116431832E2,6.471000195E0,7.117950439E0,3.405000269E-2
4.116456269E2,6.904050350E0,8.373000145E0,-5.437950134E0
4.116480705E2,5.563950062E0,8.530950546E0,-6.352950096E0
4.116505142E2,2.626050234E0,9.108000755E0,-5.203050137E0
4.116529579E2,1.464000106E0,1.008195019E1,-2.400000095E0
4.116554014E2,2.143949986E0,9.256050110E0,-2.160000086E0
4.116578450E2,3.616950274E0,8.203050613E0,-3.319050074E0
4.116602887E2,5.319000244E0,7.008000374E0,-4.083000183E0
4.116627324E2,5.037000179E0,5.205000401E0,-5.028000355E0
4.116651760E2,4.066950321E0,4.582950115E0,-2.814000130E0
4.116676197E2,5.158950329E0,5.707950115E0,1.143000007E0
4.116700632E2,8.097000122E0,6.948000431E0,-1.102050066E0
4.116725069E2,8.281050682E0,7.566000462E0,-3.997050285E0
4.116749506E2,4.930950165E0,9.000000000E0,-4.827000141E0
4.116773943E2,3.823050261E0,9.133950233E0,-3.946050167E0
4.116798379E2,4.375950336E0,9.012000084E0,-3.309000254E0
4.116822816E2,3.973950148E0,9.402000427E0,-3.795000076E0
4.116847253E2,2.494050026E0,8.296050072E0,-3.384000063E0
4.116871688E2,1.447950125E0,6.370950222E0,-6.660000086E-1
4.116896125E2,2.074949980E0,5.928000450E0,1.552050114E0
4.116920562E2,4.930950165E0,5.920950413E0,2.209500074E-1
4.116944998E2,6.379950523E0,7.153950214E0,-2.778000116E0
4.116969435E2,4.394999981E0,8.868000031E0,-5.521950245E0
4.116993872E2,1.840050101E0,9.486000061E0,-4.866000175E0
4.117018308E2,8.370000124E-1,9.388050079E0,-3.829050064E0
4.117042743E2,2.470050097E0,9.394950867E0,-2.269950151E0
4.117067180E2,4.510050297E0,8.380050659E0,-2.301000118E0
4.117091617E2,5.674050331E0,7.032000542E0,-3.883950233E0
4.117116053E2,6.286950111E0,6.217950344E0,-3.561000109E0
4.117140490E2,5.950950146E0,5.397000313E0,-3.886050224E0
4.117164927E2,5.070000172E0,5.670000076E0,-2.400000095E0
4.117189362E2,4.702050209E0,6.357000351E0,2.550000250E-1
4.117213799E2,5.449050426E0,8.860950470E0,5.659500360E-1
4.117238235E2,5.559000492E0,9.040950775E0,-4.870500267E-1
4.117262672E2,4.012050152E0,9.388050079E0,-3.550950050E0
4.117287109E2,3.418050051E0,9.261000633E0,-6.022050381E0
4.117311546E2,3.424950123E0,9.144000053E0,-5.677050114E0
4.117335982E2,4.105050087E0,8.872950554E0,-3.775950193E0
4.117360417E2,4.560000420E0,8.634000778E0,-2.268000126E0
4.117384854E2,2.724000216E0,8.072999954E0,-1.698000073E0
4.117409291E2,1.941000104E0,7.798050404E0,8.509500623E-1
4.117433727E2,2.608950138E0,7.947000504E0,1.507050037E0
4.117458164E2,3.993000269E0,8.196000099E0,-4.939500093E-1
4.117482601E2,5.070000172E0,9.418950081E0,-3.501000166E0
4.117507035E2,4.371000290E0,9.180000305E0,-5.707950115E0
4.117531472E2,3.639000177E0,9.586950302E0,-6.082050323E0
4.117555909E2,3.061050177E0,9.840000153E0,-4.834950447E0
4.117580345E2,1.939050078E0,1.032405090E1,-1.438950062E0
4.117604782E2,1.996050119E0,9.883950233E0,1.027950048E0
4.117629219E2,3.706050158E0,9.298950195E0,4.605000094E-2
4.117653656E2,5.500950336E0,8.848950386E0,-3.367050171E0
4.117678093E2,5.767050266E0,7.072950363E0,-5.277000427E0
4.117702528E2,3.888000250E0,7.087050438E0,-4.815000057E0
4.117726965E2,2.821950197E0,7.735950470E0,-2.650950193E0
4.117751402E2,3.403950214E0,8.218950272E0,-5.820000172E-1
4.117775838E2,3.825000286E0,8.755949974E0,-7.450500131E-1
4.117800275E2,3.925950289E0,9.175050735E0,-4.107000351E0
4.117824712E2,3.163950205E0,8.433000565E0,-7.023000240E0
4.117849148E2,2.941950083E0,7.341000557E0,-6.637050152E0
4.117873583E2,3.114000082E0,6.405000210E0,-4.765050411E0
4.117898020E2,3.579000235E0,6.253950119E0,-3.094050169E0
4.117922457E2,3.916050196E0,6.067050457E0,-3.136950254E0
4.117946893E2,4.564949989E0,5.358000278E0,-2.209950209E0
4.117971330E2,4.017000198E0,5.073000431E0,-1.175999999E0
4.117995767E2,2.877000093E0,5.095050335E0,-9.940500259E-1
4.118020202E2,2.278950214E0,5.682000160E0,-7.549500465E-1
4.118044638E2,2.877000093E0,6.574950218E0,-2.019000053E0
4.118069075E2,2.889000177E0,7.015050411E0,-3.420000076E0
4.118093512E2,2.812050104E0,6.868950367E0,-4.854000092E0
4.118117949E2,3.112050056E0,6.807000160E0,-4.990050316E0
4.118142386E2,2.449050188E0,7.492050171E0,-4.231050014E0
4.118166820E2,1.644000053E0,7.330950260E0,-2.791950226E0
4.118191257E2,2.166000128E0,6.958050251E0,-1.389000058E0
4.118215694E2,3.571050167E0,7.032000542E0,-1.624050021E0
4.118240131E2,3.885000229E0,6.904950142E0,-2.907000065E0
4.118264567E2,3.808050156E0,6.996000290E0,-3.817050219E0
4.118289004E2,3.423000097E0,7.111050129E0,-3.730950117E0
4.118313441E2,2.671050072E0,7.281000137E0,-2.068950176E0
4.118337876E2,1.894950032E0,7.420050144E0,-1.303050041E0
4.118362313E2,2.472000122E0,7.756950378E0,-1.993050098E0
4.118386750E2,3.295950174E0,9.204000473E0,-3.751950264E0
4.118411186E2,3.102000237E0,1.006305027E1,-4.996950150E0
4.118435623E2,2.853000164E0,1.070205021E1,-4.150050163E0
4.118460060E2,2.520000219E0,1.118595028E1,-2.491050005E0
4.118484497E2,1.936050057E0,1.143000031E1,-8.310000300E-1
4.118508931E2,2.221050024E0,1.148805046E1,-1.155000091E0
4.118533368E2,3.255000114E0,1.112895012E1,-2.827950239E0
4.118557805E2,4.254000187E0,1.005795002E1,-4.687950134E0
4.118582241E2,3.660000086E0,8.497050285E0,-3.891000271E0
4.118606678E2,2.836050034E0,7.743000507E0,-1.497000098E0
4.118631115E2,2.334000111E0,8.490000725E0,3.499500155E-1
4.118655549E2,3.382050276E0,8.932950020E0,2.689500153E-1
4.118679986E2,5.056050301E0,9.397050858E0,-1.648050070E0
4.118704423E2,5.197050095E0,1.015605068E1,-3.568050146E0
4.118728859E2,4.266000271E0,1.078605080E1,-5.791950226E0
4.118753296E2,3.081000090E0,1.089600086E1,-6.063000202E0
4.118777733E2,1.857000113E0,1.002195072E1,-3.661050081E0
4.118802168E2,9.640500546E-1,9.333000183E0,-1.048950076E0
4.118826605E2,1.588950038E0,8.916000366E0,1.570500135E-1
4.118851042E2,4.113000393E0,7.846050262E0,-9.169500470E-1
4.118875479E2,6.367950439E0,7.513050556E0,-3.027000189E0
4.118899915E2,5.868000507E0,8.119050026E0,-3.882000208E0
4.118924352E2,3.741000175E0,8.962050438E0,-3.253950119E0
4.118948789E2,2.314050198E0,9.280050278E0,-1.171050072E0
4.118973223E2,2.662050009E0,9.450000763E0,-2.400000021E-2
4.118997660E2,4.297049999E0,8.995050430E0,-9.610500336E-1
4.119022097E2,5.305050373E0,9.031050682E0,-4.150050163E0
4.119046534E2,4.507950306E0,9.277950287E0,-6.300000191E0
4.119070971E2,3.739050150E0,9.250950813E0,-6.669000149E0
4.119095407E2,2.170950174E0,9.460050583E0,-3.775950193E0
4.119119844E2,1.362000108E0,9.417000771E0,-5.130000114E-1
4.119144281E2,1.624950051E0,9.405000687E0,8.700000495E-2
4.119168716E2,2.872050047E0,8.971050262E0,-1.140000105E0
4.119193152E2,3.640950203E0,8.028000832E0,-3.709050179E0
4.119217589E2,3.694050074E0,7.705050468E0,-5.212950230E0
4.119242025E2,2.491950035E0,7.128000259E0,-3.865050077E0
4.119266462E2,2.293050051E0,6.880950451E0,-1.027950048E0
4.119290899E2,3.457050085E0,7.276050568E0,8.680500388E-1
4.119315334E2,4.242000103E0,7.659000397E0,3.240000010E-1
4.119339771E2,4.831050396E0,8.056950569E0,-2.128950119E0
4.119364208E2,4.171950340E0,8.976000786E0,-5.260950089E0
4.119388644E2,3.142950058E0,9.711000443E0,-6.489000320E0
4.119413081E2,2.034000158E0,9.775950432E0,-5.325000286E0
4.119437518E2,1.321050048E0,9.121950150E0,-1.911000133E0
4.119461955E2,1.897950053E0,8.305950165E0,7.669500113E-1
4.119486389E2,3.574050188E0,7.501050472E0,1.210050106E0
4.119510826E2,5.665950298E0,7.051050186E0,-1.273950100E0
4.119535263E2,6.141000271E0,6.852000237E0,-5.311050415E0
4.119559699E2,4.326000214E0,7.602000237E0,-6.838950157E0
4.119584136E2,3.222000122E0,8.121000290E0,-5.974050522E0
4.119608573E2,2.323950052E0,8.260050774E0,-3.196950197E0
4.119633008E2,2.535000086E0,7.851000309E0,-7.090500593E-1
4.119657445E2,4.005000114E0,7.317000389E0,1.305000018E-2
4.119681882E2,5.901000500E0,7.321950436E0,-1.819950104E0
4.119706318E2,6.085050106E0,7.000950336E0,-4.612050056E0
4.119730755E2,5.305050373E0,7.908000469E0,-6.247050285E0
4.119755192E2,3.835050106E0,8.310000420E0,-5.329950333E0
4.119779628E2,2.779050112E0,8.458950043E0,-2.614950180E0
4.119804063E2,2.602050066E0,7.981950283E0,-7.380000353E-1
4.119828500E2,3.499950171E0,7.741050243E0,-7.000500560E-1
4.119852937E2,4.009950161E0,7.099050522E0,-1.774950027E0
4.119877373E2,4.207950115E0,6.871950150E0,-2.256000042E0
4.119901810E2,3.970950127E0,6.667950153E0,-1.723950028E0
4.119926247E2,3.409050226E0,7.093950272E0,-1.510500014E-1
4.119950684E2,2.992050171E0,7.338000298E0,9.679500461E-1
4.119975119E2,3.472950220E0,7.839000225E0,1.969500035E-1
4.119999556E2,4.888050079E0,8.092950821E0,-2.188950062E0
4.120023992E2,5.511000156E0,8.133000374E0,-4.657050133E0
4.120048429E2,4.474050045E0,8.883000374E0,-5.332950115E0
4.120072865E2,3.138000250E0,9.747000694E0,-3.963000298E0
4.120097302E2,1.857000113E0,9.553050041E0,-1.789050102E0
4.120121737E2,1.108050108E0,9.306000710E0,0.000000000E0
4.120146174E2,1.708950043E0,8.358000755E0,6.019500494E-1
4.120170611E2,4.006950378E0,7.879950523E0,-1.138050079E0
4.120195047E2,5.539950371E0,7.843950272E0,-2.761050224E0
4.120219484E2,5.887050152E0,7.089000225E0,-3.075000048E0
4.120243921E2,6.076050282E0,7.942050457E0,-2.932950258E0
4.120268355E2,4.251000404E0,9.025950432E0,-1.935000062E0
4.120292792E2,2.425050020E0,9.121950150E0,-8.700000644E-1
4.120317229E2,2.212050200E0,8.806050301E0,-7.789500356E-1
4.120341666E2,3.898950100E0,8.670000076E0,-2.401950121E0
4.120366102E2,4.927050114E0,8.895000458E0,-4.474950314E0
4.120390539E2,5.038950443E0,9.049950600E0,-4.462950230E0
4.120414976E2,4.459950447E0,9.547950745E0,-3.064950228E0
4.120439411E2,3.208050251E0,1.038195038E1,-7.950000167E-1
4.120463848E2,2.496000051E0,1.039395046E1,6.280500293E-1
4.120488285E2,2.572950125E0,1.017795086E1,-2.950500250E-1
4.120512721E2,3.114000082E0,9.991050720E0,-2.119050026E0
4.120537158E2,3.571050167E0,9.109950066E0,-3.336000204E0
4.120561595E2,3.885000229E0,8.440050125E0,-3.616050243E0
4.120586030E2,3.600000143E0,8.121000290E0,-2.673000097E0
4.120610466E2,2.959050179E0,8.545050621E0,-1.006049991E0
4.120634903E2,2.914950132E0,8.832000732E0,-4.770000279E-1
4.120659340E2,3.472950220E0,8.815950394E0,-1.087050080E0
4.120683777E2,4.321050167E0,8.875950813E0,-3.064950228E0
4.120708213E2,4.651050091E0,9.088950157E0,-4.537950039E0
4.120732650E2,4.394999981E0,9.184050560E0,-5.098050117E0
4.120757085E2,3.777000189E0,9.120000839E0,-4.518000126E0
4.120781522E2,2.937000036E0,9.022050858E0,-2.626950026E0
4.120805959E2,2.167950153E0,8.583000183E0,-1.138050079E0
4.120830395E2,2.415000200E0,8.233950615E0,-5.440500379E-1
4.120854832E2,3.616950274E0,8.266950607E0,-1.999950051E0
4.120879269E2,3.769950151E0,8.179050446E0,-3.867000103E0
4.120903703E2,3.349050045E0,8.497050285E0,-4.162050247E0
4.120928140E2,4.411950111E0,8.494950294E0,-3.795000076E0
4.120952577E2,3.544950247E0,8.836950302E0,-3.070050240E0
4.120977014E2,2.680950165E0,8.940000534E0,-2.713050127E0
4.121001451E2,3.283950090E0,8.694000244E0,-3.015000105E0
4.121025887E2,4.081050396E0,8.775000572E0,-4.212000370E0
4.121050324E2,4.297049999E0,8.638050079E0,-5.433000088E0
4.121074759E2,4.572000027E0,8.377950668E0,-6.136950493E0
4.121099195E2,3.624000072E0,8.533050537E0,-5.902050495E0
4.121123632E2,2.737950087E0,8.634000778E0,-3.748050213E0
4.121148069E2,2.053050041E0,8.808000565E0,-1.795950055E0
4.121172506E2,2.125050068E0,8.662050247E0,-7.210500240E-1
4.121196942E2,3.118950129E0,8.610000610E0,-9.340500236E-1
4.121221379E2,3.490050077E0,8.287050247E0,-1.573950052E0
4.121245816E2,2.944050074E0,8.245950699E0,-2.646000147E0
4.121270251E2,2.178000212E0,7.531950474E0,-2.116950035E0
4.121294688E2,1.860000134E0,7.477050304E0,-7.500000596E-1
4.121319125E2,2.343000174E0,8.014050484E0,-8.890500665E-1
4.121343561E2,3.949950218E0,7.972950459E0,-1.911000133E0
4.121367998E2,5.113050461E0,8.167050362E0,-4.341000080E0
4.121392435E2,4.369050026E0,8.277000427E0,-5.206050396E0
4.121416869E2,3.727050066E0,8.755949974E0,-5.301000118E0
4.121441306E2,3.154950142E0,8.775000572E0,-4.180950165E0
4.121465743E2,2.335950136E0,9.081000328E0,-1.873050094E0
4.121490179E2,1.704000115E0,8.713050842E0,-1.560000032E-1
4.121514616E2,2.500950098E0,8.140049934E0,-2.400000095E-1
4.121539051E2,4.275000095E0,7.638000488E0,-1.911000133E0
4.121563490E2,4.756950378E0,7.555950165E0,-4.176000118E0
4.121587925E2,4.126950264E0,8.119050026E0,-4.018050194E0
4.121612362E2,3.373050213E0,8.467950821E0,-2.826000214E0
4.121636799E2,2.479950190E0,9.103050232E0,-1.468050122E0
4.121661235E2,2.104050159E0,9.060000420E0,-1.080000043E0
4.121685672E2,2.890950203E0,8.940000534E0,-1.887000084E0
4.121710109E2,4.303950310E0,8.989950180E0,-3.517950058E0
4.121734543E2,4.564949989E0,8.602950096E0,-4.984950066E0
4.121758980E2,4.504950047E0,8.437050819E0,-5.017050266E0
4.121783417E2,3.604950190E0,8.992950439E0,-3.586950064E0
4.121807854E2,3.499950171E0,9.259050369E0,-1.444050074E0
4.121832290E2,2.965950251E0,9.690000534E0,-3.910500109E-1
4.121856727E2,2.608950138E0,9.745050430E0,-3.169500232E-1
4.121881164E2,3.220050097E0,9.393000603E0,-2.206050158E0
4.121905599E2,3.928050280E0,9.034049988E0,-3.951000214E0
4.121930036E2,3.243000269E0,8.574000359E0,-3.763950109E0
4.121954473E2,1.909950137E0,8.305950165E0,-1.123050094E0
4.121978909E2,1.648950100E0,8.281949997E0,1.312950015E0
4.122003346E2,2.404950142E0,8.866050720E0,4.440000355E-1
4.122027783E2,3.538050175E0,9.405000687E0,1.260000110E0
4.122052217E2,5.346000195E0,9.490950584E0,-1.252950072E0
4.122076654E2,4.387950420E0,9.354000092E0,-5.325000286E0
4.122101091E2,3.532950163E0,9.782999992E0,-7.585950375E0
4.122125527E2,2.559000015E0,9.175050735E0,-6.877050400E0
4.122149964E2,1.929000139E0,8.072999954E0,-3.487050056E0
4.122174401E2,1.918950081E0,7.140000343E0,-8.580000401E-1
4.122198838E2,3.480000257E0,6.723000526E0,-2.710500062E-1
4.122223272E2,5.611050129E0,5.952000141E0,-1.807950139E0
4.122247709E2,5.355000019E0,5.919000149E0,-3.834000111E0
4.122272146E2,4.210950375E0,6.772950172E0,-4.279050350E0
4.122296582E2,2.974950075E0,7.188000202E0,-4.261950016E0
4.122321019E2,2.026950121E0,7.233000278E0,-3.226050138E0
4.122345456E2,1.600950122E0,6.864000320E0,-1.936950088E0
4.122369891E2,2.106000185E0,6.709050179E0,-1.047000051E0
4.122394328E2,3.550050259E0,6.790050507E0,-1.687950134E0
4.122418765E2,4.813950062E0,6.421050072E0,-3.697050095E0
4.122443201E2,4.408950329E0,6.766050339E0,-5.218050480E0
4.122467637E2,3.093000174E0,7.450950146E0,-4.879950047E0
4.122492074E2,2.226000071E0,7.944000244E0,-2.971950054E0
4.122516511E2,2.032050133E0,8.536050797E0,-9.390000701E-1
4.122540946E2,2.034000158E0,8.461050034E0,-5.149500370E-1
4.122565383E2,2.299950123E0,8.623950005E0,-1.441950083E0
4.122589820E2,3.009000063E0,7.585050583E0,-3.156000137E0
4.122614256E2,3.148050070E0,6.943050385E0,-4.051949978E0
4.122638693E2,2.245050192E0,6.979050159E0,-3.217950106E0
4.122663130E2,1.186950088E0,7.240050316E0,-1.594950080E0
4.122687564E2,1.159950018E0,7.591950417E0,-5.539500117E-1
4.122712001E2,2.263950109E0,8.035050392E0,-1.750500053E-1
4.122736438E2,3.955050230E0,8.526000023E0,-9.060000181E-1
4.122760874E2,4.635000229E0,8.827950478E0,-2.530950069E0
4.122785311E2,4.162950039E0,9.627000809E0,-4.140000343E0
4.122809748E2,2.877000093E0,1.067805004E1,-4.534950256E0
4.122834185E2,1.654050112E0,1.077705097E1,-2.859000206E0
4.122858620E2,8.710500598E-1,1.095900059E1,-4.840500355E-1
4.122883057E2,1.171950102E0,9.826050758E0,4.459500313E-1
4.122907494E2,2.644950151E0,9.105000496E0,-9.870000482E-1
4.122931930E2,3.897000074E0,9.172050476E0,-3.592050076E0
4.122956367E2,3.952050209E0,8.904000282E0,-3.730950117E0
4.122980804E2,3.829950094E0,9.610950470E0,-3.175050259E0
4.123005241E2,2.688000202E0,1.060395050E1,-2.569950104E0
4.123029675E2,1.696950078E0,1.054005051E1,-1.186050057E0
4.123054112E2,1.795050144E0,1.010400009E1,-5.595000088E-2
4.123078549E2,2.880000114E0,9.888000488E0,-4.240500331E-1
4.123102986E2,4.386000156E0,9.337950706E0,-2.491050005E0
4.123127422E2,4.933950424E0,8.988000870E0,-4.734000206E0
4.123151859E2,4.450050354E0,9.268050194E0,-4.959000111E0
4.123176294E2,3.514050245E0,9.796950340E0,-3.328950167E0
4.123200731E2,3.196050167E0,9.615000725E0,-1.423050046E0
4.123225168E2,2.856000185E0,1.006500053E1,3.705000132E-2
4.123249604E2,2.902950048E0,9.963000298E0,5.299500227E-1
4.123274041E2,3.129000187E0,9.402000427E0,-2.400000095E-1
4.123298478E2,3.045000076E0,8.782050133E0,-1.827000141E0
4.123322915E2,2.386050224E0,8.026050568E0,-1.605000019E0
4.123347349E2,1.600950122E0,7.768950462E0,3.670500219E-1
4.123371786E2,1.642050028E0,8.119050026E0,8.460000157E-1
4.123396223E2,2.178000212E0,8.617050171E0,-3.760500252E-1
4.123420660E2,2.788950205E0,8.855999947E0,1.264950037E0
4.123445096E2,4.054950237E0,8.287050247E0,-1.387050033E0
4.123469533E2,3.615000248E0,9.073950768E0,-4.921050072E0
4.123493970E2,2.575050116E0,1.040505028E1,-6.642000198E0
4.123518405E2,1.512000084E0,9.927000046E0,-5.335050106E0
4.123542841E2,5.500500202E-1,9.493050575E0,-2.179050207E0
4.123567278E2,4.830000103E-1,8.655000687E0,-1.969500035E-1
4.123591715E2,1.467000127E0,8.097000122E0,-8.895000070E-2
4.123616151E2,3.013950109E0,7.105950356E0,-1.605000019E0
4.123640586E2,3.909000158E0,6.843000412E0,-3.604050159E0
4.123665025E2,4.279950142E0,7.072950363E0,-4.618950367E0
4.123689460E2,3.727050066E0,7.279050350E0,-4.665000439E0
4.123713897E2,2.551050186E0,7.195050240E0,-3.451050282E0
4.123738334E2,2.049000025E0,6.630000114E0,-1.504050016E0
4.123762770E2,2.568000078E0,5.830050468E0,-7.879500389E-1
4.123787207E2,4.096050262E0,5.614950180E0,-1.296000004E0
4.123811644E2,5.496000290E0,5.545050144E0,-3.304950237E0
4.123836078E2,5.121000290E0,5.473050117E0,-5.131050110E0
4.123860515E2,3.430050135E0,6.448050499E0,-4.480050087E0
4.123884952E2,2.278950214E0,7.246950150E0,-2.839950085E0
4.123909388E2,1.651050091E0,7.714050293E0,-1.558950067E0
4.123933825E2,1.351950049E0,7.935000420E0,-1.341000080E0
4.123958260E2,1.804050088E0,7.570950508E0,-2.254050016E0
4.123982699E2,2.700000048E0,6.910050392E0,-3.742950201E0
4.124007134E2,2.947050095E0,6.310950279E0,-4.449000359E0
4.124031571E2,1.747050047E0,5.859000206E0,-3.268950224E0
4.124056008E2,9.660000205E-1,5.562000275E0,-5.610000491E-1
4.124080444E2,1.261050105E0,5.518950462E0,6.640500426E-1
4.124104881E2,2.419950008E0,6.016950130E0,-5.440500379E-1
4.124129318E2,3.928050280E0,6.172050476E0,-3.016950130E0
4.124153752E2,3.820050240E0,7.033950329E0,-5.028000355E0
4.124178189E2,2.745000124E0,8.635950089E0,-5.239050388E0
4.124202626E2,1.800000072E0,9.283050537E0,-3.870000124E0
4.124227063E2,1.596000075E0,8.989950180E0,-1.423050046E0
4.124251499E2,1.141050100E0,9.297000885E0,3.460500240E-1
4.124275936E2,1.563000083E0,9.175050735E0,3.000000119E-1
4.124300371E2,3.361050129E0,8.536050797E0,-1.408050060E0
4.124324808E2,4.297049999E0,7.884000301E0,-3.369000196E0
4.124349245E2,4.381050110E0,7.800000191E0,-4.174050331E0
4.124373682E2,3.628950119E0,8.808000565E0,-4.003950119E0
4.124398118E2,2.748000145E0,9.663000107E0,-2.811000109E0
4.124422555E2,1.831050038E0,1.019700050E1,-1.387050033E0
4.124446992E2,1.371000051E0,1.048905087E1,-1.200000048E-1
4.124471426E2,1.882950068E0,9.862050056E0,-3.280500174E-1
4.124495863E2,2.994000196E0,1.023105049E1,-1.168950081E0
4.124520300E2,3.306000233E0,1.071195030E1,-3.271050215E0
4.124544737E2,2.899050236E0,1.074795055E1,-4.461000443E0
4.124569173E2,2.452950001E0,1.164600086E1,-4.054049969E0
4.124593610E2,2.688000202E0,1.294095039E1,-1.753050089E0
4.124618047E2,3.181050062E0,1.351605034E1,-1.030050039E0
4.124642482E2,3.660000086E0,1.458600044E1,-5.200500488E-1
4.124666919E2,3.636000156E0,1.503405094E1,-1.425000072E0
4.124691356E2,3.970950127E0,1.481805038E1,-2.287050009E0
4.124715792E2,2.889000177E0,1.403805065E1,-2.308950186E0
4.124740229E2,2.026950121E0,1.227495098E1,-5.779500008E-1
4.124764666E2,1.672950029E0,1.024695015E1,-2.929500043E-1
4.124789100E2,1.948050141E0,9.924000740E0,-1.540500075E-1
4.124813537E2,1.396950126E0,1.057800007E1,-3.031950235E0
4.124837974E2,2.379000187E0,9.274950027E0,-1.609050035E0
4.124862410E2,3.544950247E0,1.306095028E1,-6.679500341E-1
4.124886847E2,4.681950092E0,1.193100071E1,5.350500345E-1
4.124911284E2,4.615050316E0,1.012500095E1,-3.477000237E0
4.124935721E2,5.899050236E0,1.248900032E1,2.604000092E0
4.124960156E2,3.904050112E0,1.003200054E1,-1.705050111E0
4.124984592E2,3.532950163E0,1.177305031E1,3.178050041E0
4.125009029E2,3.856050253E0,1.222500038E1,4.267950058E0
4.125033466E2,4.311000347E0,1.245705032E1,3.127950191E0
4.125057902E2,3.909000158E0,1.291500092E1,5.674950123E0
4.125082339E2,3.595050097E0,1.344900036E1,2.890950203E0
4.125106776E2,3.624000072E0,1.701105118E1,3.403050184E0
4.125131211E2,3.271950245E0,1.760700035E1,5.922000408E0
4.125155648E2,-3.690000176E-1,1.828005028E1,3.568050146E0
4.125180085E2,-3.804000139E0,2.239800072E1,-5.479050159E0
4.125204521E2,-5.509050369E0,2.018400002E1,4.717950344E0
4.125228958E2,-6.595950127E0,2.033895111E1,9.510000348E-1
4.125253395E2,-4.927050114E0,1.787100029E1,-1.822950125E0
4.125277829E2,-4.012950420E0,2.027205086E1,1.689000130E0
4.125302266E2,1.801950097E0,1.722900009E1,1.773000121E0
4.125326703E2,8.698050499E0,1.678095055E1,4.699050426E0
4.125351139E2,9.900000572E0,1.515795040E1,2.419050217E0
4.125375576E2,8.359950066E0,1.306800079E1,3.196950197E0
4.125400013E2,4.249050140E0,1.578300095E1,2.752050161E0
4.125424448E2,3.990000188E-1,1.514100075E1,5.352000237E0
4.125448885E2,-1.276050091E0,1.251000023E1,3.001050234E0
4.125473322E2,-2.143050194E0,1.257900047E1,4.156949997E0
4.125497759E2,-9.105000645E-2,1.277295017E1,4.150050163E0
4.125522195E2,3.568950176E0,1.200495052E1,4.171950340E0
4.125546632E2,5.532000065E0,1.221795082E1,5.388000488E0
4.125571069E2,5.250000477E0,1.209795094E1,3.540000200E0
4.125595503E2,4.564949989E0,1.240200043E1,4.075950146E0
4.125619940E2,2.755050182E0,1.150695038E1,4.332000256E0
4.125644377E2,1.848000050E0,1.021200085E1,2.218050003E0
4.125668813E2,2.113049984E0,1.108095074E1,3.592050076E0
4.125693250E2,4.639050007E0,1.311600018E1,4.725000381E0
4.125717687E2,8.887050629E0,1.044405079E1,-2.444400024E1
4.125742122E2,4.072050095E0,3.595950127E0,-4.022700119E1
4.125766559E2,4.009500146E-1,9.250950813E0,-3.571800232E1
4.125790996E2,-1.200000048E-1,9.334950447E0,-1.894905090E1
4.125815432E2,2.760000229E0,9.346950531E0,-7.762950420E0
4.125839869E2,3.057000160E0,8.569050789E0,2.611050129E0
4.125864305E2,-1.875000119E0,9.417000771E0,2.164950132E0
4.125888742E2,-1.599000096E0,3.165000200E0,4.290000200E-1
4.125913177E2,-3.085950136E0,6.429000378E0,3.528000116E0
4.125937614E2,-1.852950096E0,4.992000103E0,6.726000309E0
4.125962051E2,-1.050000042E-1,9.216000557E0,1.549950123E0
4.125986487E2,5.263950348E0,1.311795044E1,-6.760500073E-1
4.126010924E2,1.088595009E1,6.651000500E0,2.500500083E-1
4.126035361E2,7.158000469E0,2.820000172E0,-2.965050220E0
4.126059795E2,7.891050339E0,6.397050381E0,3.652050257E0
4.126084232E2,1.167900085E1,8.914050102E0,-5.349000454E0
4.126108669E2,5.149050236E0,6.967050552E0,-7.747950554E0
4.126133106E2,1.206000090E0,8.728950500E0,-3.265950203E0
4.126157543E2,5.910000205E-1,8.370000839E0,-2.419500053E-1
4.126181979E2,1.081050038E0,8.650050163E0,1.693950057E0
4.126206416E2,5.279999971E-1,9.025950432E0,4.890000224E-1
4.126230853E2,2.295000106E-2,9.448050499E0,-1.396050096E0
4.126255288E2,6.405000389E-2,1.028100014E1,-2.400000021E-2
4.126279724E2,8.419500589E-1,1.131795025E1,9.990000725E-1
4.126304161E2,2.911050081E0,9.912000656E0,5.830500126E-1
4.126328598E2,4.363950253E0,9.057000160E0,-5.220000267E0
4.126353034E2,5.889000416E0,9.145950317E0,-7.084950447E0
4.126377471E2,5.950950146E0,9.000000000E0,-4.861050129E0
4.126401908E2,3.793950081E0,9.121950150E0,-5.269500017E-1
4.126426343E2,2.800950050E0,8.868000031E0,2.314050198E0
4.126450780E2,3.409050226E0,9.334950447E0,9.850500226E-1
4.126475217E2,5.109000206E0,8.470950127E0,-2.539499998E-1
4.126499653E2,6.037950516E0,7.686000347E0,-1.486950040E0
4.126524090E2,4.906949997E0,8.230950356E0,-1.641000032E0
4.126548527E2,3.378000259E0,9.016950607E0,-4.050000310E-1
4.126572961E2,2.443950176E0,8.200050354E0,3.889500201E-1
4.126597398E2,2.431950092E0,6.571950436E0,6.310500503E-1
4.126621834E2,3.981000185E0,6.619950294E0,4.390500188E-1
4.126646272E2,5.623050213E0,6.679950237E0,-1.675950050E0
4.126670708E2,4.972050190E0,7.101000309E0,-2.272950172E0
4.126695143E2,4.012050152E0,8.358000755E0,-1.429950118E0
4.126719582E2,3.028050184E0,9.487950325E0,3.000000026E-3
4.126744017E2,2.572950125E0,1.024995041E1,6.795000285E-2
4.126768454E2,1.990950108E0,9.928950310E0,-9.199500680E-1
4.126792890E2,1.699050069E0,9.199050903E0,-2.251049995E0
4.126817327E2,1.716000080E0,8.914050102E0,-3.787950277E0
4.126841764E2,1.600950122E0,8.241000175E0,-3.442950249E0
4.126866200E2,1.666050076E0,7.494000435E0,-2.236950159E0
4.126890635E2,1.141050100E0,6.691950321E0,1.500000060E-2
4.126915072E2,1.036050081E0,6.181950092E0,1.392000079E0
4.126939509E2,1.570050120E0,6.313950062E0,4.200000167E-1
4.126963945E2,2.535000086E0,6.550950527E0,8.290500641E-1
4.126988382E2,4.726050377E0,6.201000214E0,-6.520500183E-1
4.127012819E2,5.377050400E0,6.553050518E0,-3.634950161E0
4.127037256E2,5.145000458E0,8.100000381E0,-5.764050484E0
4.127061690E2,3.480000257E0,8.995050430E0,-6.372000217E0
4.127086127E2,2.089050055E0,8.418000221E0,-4.420050144E0
4.127110564E2,1.405050039E0,7.915050507E0,-2.163000107E0
4.127135000E2,1.375950098E0,8.242950439E0,-1.236000061E0
4.127159437E2,1.225050092E0,8.077950478E0,-1.753050089E0
4.127183874E2,1.771050096E0,6.735000134E0,-3.352050066E0
4.127208311E2,2.022000074E0,7.032000542E0,-4.357950211E0
4.127232746E2,2.389050007E0,7.065000534E0,-5.127000332E0
4.127257183E2,2.437050104E0,6.832950115E0,-4.032000065E0
4.127281619E2,1.362000108E0,6.955050468E0,-4.066050053E0
4.127306056E2,1.354050040E0,6.799950123E0,-1.978050113E0
4.127330493E2,2.652000189E0,6.543000221E0,-6.949500442E-1
4.127354930E2,3.946950197E0,6.541050434E0,-1.642950058E0
4.127379364E2,3.562050104E0,7.414950371E0,-2.923950195E0
4.127403801E2,2.755050182E0,8.065950394E0,-3.879000187E0
4.127428238E2,1.536000013E0,9.085950851E0,-3.475050211E0
4.127452674E2,5.089499950E-1,9.487950325E0,-2.641050100E0
4.127477111E2,3.630000055E-1,8.959050179E0,-1.621050119E0
4.127501548E2,3.610500097E-1,8.478000641E0,-1.225950003E0
4.127525983E2,6.960000396E-1,8.065950394E0,-1.257000089E0
4.127550420E2,1.591050029E0,6.871950150E0,-1.951950073E0
4.127574857E2,2.221050024E0,6.888000488E0,-2.814000130E0
4.127599294E2,2.472000122E0,6.816000462E0,-2.467050076E0
4.127623730E2,2.523000002E0,6.376050472E0,-1.626000047E0
4.127648167E2,2.305050135E0,6.912000179E0,-6.540000439E-1
4.127672604E2,3.049950123E0,7.357950211E0,-5.940000415E-1
4.127697038E2,4.005000114E0,7.200000286E0,-1.899000049E0
4.127721475E2,5.061000347E0,7.249950409E0,-3.811950207E0
4.127745912E2,5.262000084E0,7.615950584E0,-5.449950218E0
4.127770348E2,4.524000168E0,7.210950375E0,-5.833050251E0
4.127794785E2,3.391950130E0,6.766050339E0,-5.734950066E0
4.127819222E2,2.475000143E0,6.325950146E0,-4.617000103E0
4.127843657E2,1.813950062E0,6.603000164E0,-9.270000458E-1
4.127868094E2,3.624000072E0,5.559000492E0,7.260000110E-1
4.127892530E2,5.311950207E0,4.906050205E0,-8.820000291E-1
4.127916967E2,6.076050282E0,4.932000160E0,-1.839000106E0
4.127941404E2,5.994000435E0,4.924950123E0,-3.385950089E0
4.127965841E2,5.535000324E0,5.068950176E0,-4.192950249E0
4.127990278E2,4.420950413E0,6.064950466E0,-3.622950077E0
4.128014712E2,3.712950230E0,6.613050461E0,-1.012950063E0
4.128039149E2,5.164050102E0,6.232050419E0,7.000500560E-1
4.128063586E2,5.518050194E0,6.715950489E0,-1.500000060E-2
4.128088022E2,5.166000366E0,7.123050213E0,-1.399050117E0
4.128112459E2,4.290000439E0,7.573050499E0,-2.862000227E0
4.128136896E2,3.664950132E0,8.121000290E0,-3.250050068E0
4.128161333E2,2.350050211E0,8.878050804E0,-1.983000040E0
4.128185768E2,1.230000019E0,9.558000565E0,-7.810500264E-1
4.128210204E2,1.536000013E0,9.772950172E0,-2.880000174E-1
4.128234641E2,2.470050097E0,9.655950546E0,-6.300000101E-2
4.128259078E2,2.266950130E0,9.223050117E0,-6.495000422E-2
4.128283514E2,1.996050119E0,8.682000160E0,3.405000269E-2
4.128307951E2,2.250000000E0,8.310000420E0,-7.020000219E-1
4.128332386E2,2.719050169E0,7.863000393E0,-5.509500504E-1
4.128356823E2,3.112050056E0,7.650000572E0,-8.239500523E-1
4.128381260E2,4.297049999E0,8.254950523E0,-8.670000434E-1
4.128405696E2,5.230950356E0,8.899050713E0,-1.542000055E0
4.128430134E2,5.548950195E0,9.046050072E0,-2.376000166E0
4.128454570E2,4.432950020E0,9.661050797E0,-2.929050207E0
4.128479007E2,3.733950138E0,1.008495045E1,-3.558000088E0
4.128503441E2,3.054000139E0,9.912000656E0,-3.445950270E0
4.128527878E2,2.487000227E0,9.060000420E0,-2.481000185E0
4.128552315E2,2.487000227E0,8.482950211E0,-1.204950094E0
4.128576752E2,3.054000139E0,8.590950012E0,-1.281000018E0
4.128601189E2,3.700950146E0,8.184000015E0,-2.373000145E0
4.128625625E2,4.134000301E0,7.563000202E0,-3.883950233E0
4.128650060E2,4.350000381E0,7.747950554E0,-4.396049976E0
4.128674497E2,4.126950264E0,8.112000465E0,-4.297950268E0
4.128698934E2,3.412950277E0,8.224050522E0,-3.367050171E0
4.128723370E2,3.006000042E0,8.023050308E0,-2.031000137E0
4.128747807E2,3.169050217E0,8.454000473E0,-1.626000047E0
4.128772244E2,3.861000299E0,8.776950836E0,-2.923950195E0
4.128796679E2,4.267950058E0,8.204999924E0,-4.909050465E0
4.128821118E2,3.964050293E0,8.513999939E0,-6.300000191E0
4.128845553E2,3.319950104E0,8.980950356E0,-5.560050488E0
4.128869990E2,3.057000160E0,9.453000069E0,-3.882000208E0
4.128894426E2,2.797950029E0,9.739950180E0,-3.649050236E0
4.128918863E2,2.652000189E0,9.654000282E0,-3.108000040E0
4.128943300E2,2.650050163E0,9.577050209E0,-2.806950092E0
4.128967734E2,3.064050198E0,9.280050278E0,-3.159000158E0
4.128992171E2,3.403950214E0,8.559000015E0,-3.979950190E0
4.129016608E2,2.803050041E0,8.152050018E0,-4.042050362E0
4.129041045E2,1.753950119E0,8.155050278E0,-2.335050106E0
4.129065481E2,2.002950191E0,8.029950142E0,-1.224000096E0
4.129089918E2,3.673950195E0,7.863000393E0,-2.265000105E0
4.129114353E2,5.353050232E0,7.992000580E0,-4.569000244E0
4.129138792E2,5.524950027E0,8.679000854E0,-7.192950249E0
4.129163226E2,4.359000206E0,9.643950462E0,-8.151000023E0
4.129187663E2,2.911050081E0,1.013295078E1,-6.652050495E0
4.129212100E2,1.978950143E0,1.048905087E1,-3.757050276E0
4.129236536E2,1.672950029E0,1.053195095E1,-2.203050137E0
4.129260973E2,2.247000217E0,9.943050385E0,-1.921050072E0
4.129285410E2,3.484950066E0,8.884950638E0,-3.036000252E0
4.129309845E2,4.563000202E0,7.555950165E0,-4.681050301E0
4.129334282E2,4.534049988E0,8.017950058E0,-4.722000122E0
4.129358718E2,3.262950182E0,9.076950073E0,-3.040950060E0
4.129383156E2,2.523000002E0,9.859950066E0,-1.308000088E0
4.129407592E2,1.797000051E0,1.014495087E1,-9.700500369E-1
4.129432029E2,1.338000059E0,9.879000664E0,-1.462950110E0
4.129456463E2,2.371950150E0,8.631000519E0,-2.272950172E0
4.129480900E2,4.345050335E0,7.582950592E0,-3.925050259E0
4.129505337E2,5.266950130E0,7.666050434E0,-4.993050098E0
4.129529774E2,4.752000332E0,8.334000587E0,-4.875000000E0
4.129554210E2,3.351000071E0,9.022050858E0,-3.264000177E0
4.129578647E2,2.398050070E0,1.048695087E1,-1.558950067E0
4.129603084E2,1.930950046E0,1.137495041E1,-1.135050058E0
4.129627519E2,1.620000124E0,1.141605091E1,-1.588050127E0
4.129651956E2,1.524000049E0,1.028805065E1,-2.067000151E0
4.129676392E2,1.516950130E0,9.153000832E0,-1.914000034E0
4.129700829E2,2.206950188E0,7.789050579E0,-2.503050089E0
4.129725266E2,3.016050100E0,7.279050350E0,-2.272950172E0
4.129749703E2,2.791050196E0,7.305000305E0,-6.829500198E-1
4.129774139E2,2.382000208E0,7.522950172E0,7.050000429E-1
4.129798574E2,2.508000135E0,7.717050552E0,8.509500623E-1
4.129823011E2,2.923050165E0,8.254950523E0,-1.048950076E0
4.129847448E2,2.959050179E0,8.725049973E0,-3.538950205E0
4.129871884E2,2.692950010E0,9.313950539E0,-5.196000099E0
4.129896321E2,2.566050053E0,9.117000580E0,-5.092950344E0
4.129920758E2,2.566050053E0,8.578950882E0,-4.063950062E0
4.129945192E2,2.343000174E0,7.923000336E0,-2.383050203E0
4.129969629E2,2.650050163E0,7.470000267E0,-9.340500236E-1
4.129994065E2,3.136050224E0,7.176000118E0,-5.200500488E-1
4.130018502E2,3.640950203E0,7.144050121E0,-8.170500398E-1
4.130042939E2,3.813000202E0,7.243050575E0,-2.184000015E0
4.130067374E2,3.445050240E0,7.606950283E0,-3.630000114E0
4.130091813E2,2.929950237E0,8.598000526E0,-3.499050140E0
4.130116248E2,2.560950041E0,9.073950768E0,-2.941050053E0
4.130140685E2,2.009999990E0,8.694000244E0,-2.754000187E0
4.130165122E2,1.741950035E0,8.088000298E0,-2.517000198E0
4.130189558E2,1.978950143E0,7.987050533E0,-2.722950220E0
4.130213995E2,3.270000219E0,8.092950821E0,-3.739950180E0
4.130238432E2,3.547950268E0,8.204999924E0,-4.926000118E0
4.130262866E2,2.937000036E0,9.108000755E0,-4.561950207E0
4.130287303E2,2.130000114E0,9.799950600E0,-3.313950062E0
4.130311740E2,1.845000029E0,1.010100079E1,-2.032950163E0
4.130336177E2,1.761000037E0,9.985950470E0,-1.963950038E0
4.130360613E2,1.744950056E0,9.735000610E0,-2.251049995E0
4.130385050E2,1.888050079E0,9.001950264E0,-2.530950069E0
4.130409487E2,2.856000185E0,7.786050320E0,-2.803950071E0
4.130433922E2,3.745950222E0,7.561050415E0,-3.259050131E0
4.130458359E2,3.234000206E0,7.993950367E0,-2.742000103E0
4.130482795E2,1.792950034E0,8.334000587E0,-1.297950029E0
4.130507232E2,1.014000058E0,8.445000648E0,-3.600000143E-1
4.130531668E2,1.138950109E0,8.622000694E0,-7.470000386E-1
4.130556105E2,2.125050068E0,8.653050423E0,-3.127050161E0
4.130580542E2,3.346050262E0,8.731950760E0,-5.589000225E0
4.130604977E2,3.430050135E0,8.899050713E0,-6.703950405E0
4.130629414E2,2.607000113E0,9.189000130E0,-5.734950066E0
4.130653851E2,2.238000154E0,8.890050888E0,-3.727950096E0
4.130678287E2,2.170950174E0,8.433000565E0,-2.239050150E0
4.130702724E2,2.371950150E0,8.422950745E0,-1.710000038E0
4.130727161E2,2.508000135E0,8.004000664E0,-1.806000113E0
4.130751595E2,3.181050062E0,7.222950459E0,-2.851950169E0
4.130776032E2,3.480000257E0,7.348050117E0,-4.051949978E0
4.130800469E2,2.803050041E0,8.065950394E0,-4.321950436E0
4.130824905E2,2.596950054E0,8.830050468E0,-3.640050173E0
4.130849342E2,1.929000139E0,9.117000580E0,-2.931000233E0
4.130873779E2,1.242000103E0,8.844000816E0,-2.506950140E0
4.130898214E2,1.306050062E0,8.346000671E0,-2.044950008E0
4.130922651E2,2.128050089E0,7.554000378E0,-2.497950077E0
4.130947087E2,3.220050097E0,7.558950424E0,-3.855000257E0
4.130971524E2,3.447000265E0,8.044950485E0,-4.614000320E0
4.130995961E2,2.689950228E0,8.919000626E0,-4.393949986E0
4.131020397E2,1.725000024E0,9.666000366E0,-3.004950047E0
4.131044834E2,1.584000111E0,9.838050842E0,-2.056950092E0
4.131069269E2,1.812000036E0,9.838050842E0,-2.233950138E0
4.131093706E2,2.022000074E0,9.271050453E0,-2.569950104E0
4.131118143E2,2.602050066E0,8.490000725E0,-2.938050032E0
4.131142579E2,3.439950228E0,7.717050552E0,-3.843000174E0
4.131167016E2,3.751050234E0,7.744950294E0,-4.087950230E0
4.131191453E2,2.641950130E0,7.575000286E0,-3.087000132E0
4.131215888E2,1.510050058E0,7.510950565E0,-1.629000068E0
4.131240324E2,1.732950091E0,7.192050457E0,-6.570000052E-1
4.131264761E2,2.923050165E0,6.960000515E0,-1.675950050E0
4.131289198E2,4.435950279E0,6.900000095E0,-3.745050192E0
4.131313634E2,5.182950020E0,7.075050354E0,-6.094050407E0
4.131338071E2,4.788000107E0,7.618950367E0,-7.216950417E0
4.131362508E2,4.038000107E0,8.059050560E0,-6.715950489E0
4.131386943E2,3.034950256E0,8.200050354E0,-4.882050037E0
4.131411380E2,2.395950079E0,8.263050079E0,-2.589000225E0
4.131435817E2,2.496000051E0,7.993950367E0,-1.459050059E0
4.131460253E2,3.378000259E0,7.659000397E0,-1.846050143E0
4.131484690E2,4.729950428E0,6.438000202E0,-3.007950068E0
4.131509127E2,4.345050335E0,6.522000313E0,-4.267050266E0
4.131533564E2,3.684000254E0,7.056000233E0,-4.308000088E0
4.131557998E2,3.472950220E0,8.059050560E0,-3.321000099E0
4.131582435E2,2.635050058E0,8.643000603E0,-2.670000076E0
4.131606872E2,1.735050082E0,8.880000114E0,-2.220000029E0
4.131631308E2,1.563000083E0,9.061950684E0,-2.385000229E0
4.131655745E2,2.671050072E0,8.653050423E0,-3.324000120E0
4.131680182E2,3.667050123E0,8.346000671E0,-4.249950409E0
4.131704617E2,3.756000280E0,8.513999939E0,-4.545000076E0
4.131729054E2,3.298950195E0,8.686050415E0,-3.783000231E0
4.131753491E2,2.544000149E0,9.316050529E0,-2.742000103E0
4.131777927E2,2.350050211E0,9.586950302E0,-2.026050091E0
4.131802364E2,2.398050070E0,9.754050255E0,-1.806000113E0
4.131826801E2,2.230950117E0,9.736950874E0,-2.014050007E0
4.131851237E2,1.960050106E0,9.216000557E0,-1.996950150E0
4.131875672E2,2.037000179E0,9.096000671E0,-2.608050108E0
4.131900109E2,2.221050024E0,9.001950264E0,-3.405000210E0
4.131924546E2,1.957950115E0,8.085000038E0,-3.541950226E0
4.131948982E2,1.783050060E0,8.422950745E0,-3.208950043E0
4.131973419E2,2.001000166E0,8.413050652E0,-2.311050177E0
4.131997856E2,2.125050068E0,8.260050774E0,-2.042999983E0
4.132022291E2,2.656950235E0,8.548050880E0,-2.815950155E0
4.132046728E2,3.595050097E0,8.989950180E0,-4.404000282E0
4.132071165E2,3.763050079E0,9.067049980E0,-5.929050446E0
4.132095601E2,3.411000252E0,8.959050179E0,-5.835000515E0
4.132120038E2,3.100050211E0,8.799000740E0,-4.630950451E0
4.132144475E2,3.085050106E0,8.715000153E0,-3.244950056E0
4.132168909E2,3.010950089E0,8.641050339E0,-2.497950077E0
4.132193346E2,3.271950245E0,8.290950775E0,-2.176950216E0
4.132217783E2,3.576000214E0,8.088000298E0,-3.046050072E0
4.132242220E2,3.394050121E0,8.290950775E0,-4.189949989E0
4.132266656E2,3.150000095E0,8.530950546E0,-4.525950432E0
4.132291093E2,3.367950201E0,8.623950005E0,-4.108950138E0
4.132315530E2,2.899050236E0,8.962050438E0,-3.514950275E0
4.132339965E2,2.044049978E0,9.164999962E0,-3.106050253E0
4.132364404E2,2.125050068E0,8.785050392E0,-2.494950056E0
4.132388839E2,3.255000114E0,8.242950439E0,-3.079950094E0
4.132413276E2,3.732000113E0,8.751000404E0,-4.269000053E0
4.132437712E2,3.397050142E0,9.117000580E0,-4.831950188E0
4.132462149E2,3.025950193E0,9.310950279E0,-4.516050339E0
4.132486586E2,2.515950203E0,9.782999992E0,-3.190050125E0
4.132511023E2,2.398050070E0,9.726000786E0,-2.325000048E0
4.132535457E2,2.476950169E0,9.726000786E0,-2.206050158E0
4.132559894E2,2.551050186E0,9.440999985E0,-2.151000023E0
4.132584330E2,2.587050200E0,9.012000084E0,-2.301000118E0
4.132608767E2,2.982000113E0,8.583000183E0,-2.602950096E0
4.132633204E2,3.220050097E0,8.299050331E0,-2.803950071E0
4.132657639E2,2.619000196E0,8.104949951E0,-2.416050196E0
4.132682075E2,1.725000024E0,7.935000420E0,-1.504050016E0
4.132706512E2,1.563000083E0,7.930050373E0,-8.359500170E-1
4.132730949E2,2.143949986E0,7.774050236E0,-1.674000025E0
4.132755386E2,3.202950239E0,7.870050430E0,-3.084000111E0
4.132779822E2,3.949950218E0,8.076000214E0,-4.756050110E0
4.132804259E2,3.859050274E0,8.398950577E0,-5.344950199E0
4.132828694E2,3.433050156E0,8.406000137E0,-4.717050076E0
4.132853131E2,3.105000257E0,8.229000092E0,-3.570000172E0
4.132877568E2,3.034950256E0,7.993950367E0,-2.613000154E0
4.132902004E2,2.962950230E0,7.735950470E0,-1.972950101E0
4.132926441E2,3.634050131E0,7.201950550E0,-2.206050158E0
4.132950878E2,4.314000130E0,6.886050224E0,-3.220950127E0
4.132975315E2,4.038000107E0,6.964950562E0,-3.702000141E0
4.132999749E2,3.187950134E0,7.614000320E0,-3.511050224E0
4.133024186E2,3.042000055E0,8.161950111E0,-2.634000063E0
4.133048622E2,2.676000118E0,8.305950165E0,-1.969050050E0
4.133073060E2,1.696950078E0,8.602950096E0,-1.501950026E0
4.133097496E2,1.315950036E0,8.506950378E0,-1.477950096E0
4.133121933E2,2.227950096E0,8.208000183E0,-2.455050230E0
4.133146370E2,3.363000154E0,8.370000839E0,-4.019999981E0
4.133170805E2,3.516000271E0,8.727000237E0,-4.629000187E0
4.133195242E2,2.853000164E0,9.157950401E0,-4.083000183E0
4.133219679E2,2.089050055E0,9.651000023E0,-2.404050112E0
4.133244115E2,2.391000032E0,9.811950684E0,-1.420050025E0
4.133268552E2,3.045000076E0,1.015200043E1,-1.933050036E0
4.133292986E2,3.334050179E0,9.982050896E0,-2.388000011E0
4.133317425E2,3.082950115E0,9.589050293E0,-2.638950109E0
4.133341860E2,3.093000174E0,9.052950859E0,-2.905050039E0
4.133366297E2,3.277050257E0,8.614950180E0,-3.072000027E0
4.133390733E2,2.644950151E0,8.434950829E0,-2.661000013E0
4.133415170E2,1.824000120E0,8.385000229E0,-1.353000045E0
4.133439607E2,1.764000058E0,7.968000412E0,-1.900500059E-1
4.133464044E2,2.901000023E0,8.044950485E0,-5.629500151E-1
4.133488479E2,4.171950340E0,8.386950493E0,-2.514000177E0
4.133512915E2,4.254000187E0,9.001950264E0,-4.630950451E0
4.133537352E2,3.844050169E0,9.502950668E0,-5.493000031E0
4.133561789E2,3.319950104E0,9.534000397E0,-4.873050213E0
4.133586225E2,2.881950140E0,9.430950165E0,-3.400050163E0
4.133610662E2,2.743050098E0,9.144000053E0,-2.078999996E0
4.133635097E2,2.982000113E0,8.562000275E0,-1.518000126E0
4.133659534E2,3.745950222E0,7.759950161E0,-1.783950090E0
4.133683971E2,4.471950054E0,7.221000195E0,-2.956950188E0
4.133708408E2,3.627000093E0,7.824000359E0,-3.847950220E0
4.133732844E2,2.947050095E0,8.619000435E0,-3.472050190E0
4.133757281E2,2.544000149E0,9.225000381E0,-2.620050192E0
4.133781718E2,1.905000091E0,9.289950371E0,-2.067000151E0
4.133806152E2,1.536000013E0,9.022050858E0,-1.720050097E0
4.133830589E2,2.122950077E0,8.289000511E0,-2.083950043E0
4.133855026E2,3.378000259E0,8.029950142E0,-3.616050243E0
4.133879462E2,3.937950134E0,7.975050449E0,-4.617000103E0
4.133903899E2,3.423000097E0,8.314949989E0,-4.573950291E0
4.133928336E2,2.662050009E0,8.799000740E0,-3.415050268E0
4.133952773E2,2.247000217E0,9.295050621E0,-1.594950080E0
4.133977208E2,2.298000097E0,9.220050812E0,-9.610500336E-1
4.134001644E2,2.535000086E0,8.964000702E0,-1.485000014E0
4.134026081E2,3.013950109E0,8.595000267E0,-2.349000216E0
4.134050518E2,3.997950077E0,7.935000420E0,-3.783000231E0
4.134074954E2,4.335000038E0,7.908000469E0,-4.687950134E0
4.134099392E2,3.448950052E0,7.834050179E0,-4.285950184E0
4.134123826E2,1.998000145E0,7.711950302E0,-2.221950054E0
4.134148263E2,1.234950066E0,7.324050426E0,3.049500287E-1
4.134172700E2,1.383000016E0,6.751950264E0,1.093050003E0
4.134197136E2,3.106950045E0,6.450000286E0,-2.830500007E-1
4.134221573E2,4.702050209E0,6.606000423E0,-3.465000153E0
4.134246010E2,4.945950031E0,7.279050350E0,-6.142050266E0
4.134270444E2,4.085999966E0,8.184000015E0,-6.526950359E0
4.134294881E2,3.327000141E0,8.727000237E0,-4.726950169E0
4.134319318E2,2.959050179E0,8.698050499E0,-2.470950127E0
4.134343755E2,2.836050034E0,8.526000023E0,-1.297950029E0
4.134368191E2,3.010950089E0,8.221950531E0,-7.710000277E-1
4.134392628E2,3.964050293E0,6.748950481E0,-1.698000073E0
4.134417065E2,4.879050255E0,6.084000111E0,-2.929050207E0
4.134441500E2,5.121000290E0,6.232050419E0,-3.733050108E0
4.134465937E2,4.062000275E0,6.802050114E0,-3.295050144E0
4.134490374E2,3.337050200E0,8.064000130E0,-2.098050117E0
4.134514811E2,2.833950043E0,8.863950729E0,-1.588050127E0
4.134539247E2,2.482050180E0,8.908950806E0,-1.801050067E0
4.134563684E2,2.724000216E0,8.479949951E0,-2.328000069E0
4.134588121E2,3.567000151E0,8.215050697E0,-3.300000191E0
4.134612555E2,4.225049973E0,8.350950241E0,-4.152000427E0
4.134636992E2,4.231950283E0,8.266950607E0,-3.805050135E0
4.134661429E2,3.495000124E0,8.551950455E0,-2.589000225E0
4.134685865E2,3.190950155E0,9.088950157E0,-1.123050094E0
4.134710302E2,3.391950130E0,9.205950737E0,-9.850500226E-1
4.134734739E2,3.604950190E0,9.382950783E0,-1.665000081E0
4.134759174E2,3.418050051E0,9.333000183E0,-2.115000010E0
4.134783611E2,3.880050182E0,9.418950081E0,-2.730000019E0
4.134808048E2,4.723050117E0,9.440999985E0,-3.697050095E0
4.134832484E2,4.728000164E0,9.024000168E0,-4.456050396E0
4.134856921E2,3.124050140E0,8.896950722E0,-3.616050243E0
4.134881358E2,1.546050072E0,8.598000526E0,-1.008000016E0
4.134905794E2,1.168050051E0,7.702050209E0,1.018050075E0
4.134930229E2,2.464950085E0,7.432050228E0,4.990500212E-1
4.134954666E2,4.867050171E0,7.437000275E0,-2.332950115E0
4.134979103E2,6.223950386E0,7.438950539E0,-5.373000145E0
4.135003539E2,5.724000454E0,8.185950279E0,-6.664050102E0
4.135027976E2,4.584000111E0,9.025950432E0,-5.445000172E0
4.135052413E2,3.555000067E0,9.465000153E0,-3.028950214E0
4.135076848E2,2.692950010E0,9.565050125E0,-8.740500212E-1
4.135101285E2,2.554050207E0,9.574950218E0,-5.805000290E-2
4.135125721E2,3.184050083E0,8.218950272E0,-1.393950105E0
4.135150158E2,5.142000198E0,6.763950348E0,-3.760050297E0
4.135174595E2,5.218950272E0,6.253950119E0,-5.263050079E0
4.135199032E2,4.299000263E0,6.699000359E0,-4.855950356E0
4.135223469E2,3.849000216E0,7.767000198E0,-2.632050037E0
4.135247903E2,2.917950153E0,8.977950096E0,-1.186050057E0
4.135272340E2,1.857000113E0,9.049950600E0,-1.126049995E0
4.135296777E2,2.086950064E0,8.787000656E0,-2.470950127E0
4.135321213E2,3.636000156E0,8.109000206E0,-4.501950264E0
4.135345650E2,4.884000301E0,7.449000359E0,-5.371050358E0
4.135370087E2,4.369050026E0,8.017950058E0,-4.483050346E0
4.135394522E2,3.511950254E0,8.521050453E0,-2.730000019E0
4.135418958E2,2.902950048E0,8.986050606E0,-8.860500455E-1
4.135443395E2,2.985000134E0,9.000000000E0,-4.240500331E-1
4.135467831E2,2.680950165E0,9.139050484E0,-1.426950097E0
4.135492268E2,2.271000147E0,9.337950706E0,-2.734950066E0
4.135516705E2,2.536950111E0,8.806050301E0,-3.277950048E0
4.135541140E2,3.226950169E0,8.358000755E0,-3.372000217E0
4.135565577E2,3.849000216E0,8.245950699E0,-3.300000191E0
4.135590014E2,3.600000143E0,8.374950409E0,-2.446950197E0
4.135614451E2,2.383949995E0,8.398950577E0,-1.837050080E0
4.135638887E2,1.960050106E0,8.277000427E0,-1.267050028E0
4.135663324E2,2.419950008E0,8.061000824E0,-2.110050201E0
4.135687761E2,3.418050051E0,7.717050552E0,-3.577950239E0
4.135712195E2,4.278000355E0,7.738050461E0,-4.138050079E0
4.135736634E2,4.669950008E0,8.039999962E0,-3.979950190E0
4.135761069E2,4.917000294E0,8.410950661E0,-2.980950117E0
4.135785506E2,4.539000034E0,9.208050728E0,-2.734950066E0
4.135809943E2,3.451950073E0,9.787950516E0,-2.815950155E0
4.135834379E2,2.805000067E0,9.714000702E0,-2.811000109E0
4.135858816E2,2.650050163E0,9.405000687E0,-3.147000074E0
4.135883251E2,2.844000101E0,8.610000610E0,-3.469950199E0
4.135907687E2,2.938950062E0,7.887000561E0,-3.384000063E0
4.135932124E2,3.511950254E0,7.486950397E0,-2.404050112E0
4.135956561E2,3.648000240E0,8.088000298E0,-1.851000071E0
4.135980998E2,2.820000172E0,8.703000069E0,-1.924950123E0
4.136005434E2,1.977000117E0,9.115050316E0,-2.577000141E0
4.136029869E2,1.656000137E0,9.298950195E0,-3.043950081E0
4.136054306E2,2.781000137E0,9.453000069E0,-3.973050117E0
4.136078743E2,3.531000137E0,9.156000137E0,-4.087950230E0
4.136103179E2,3.691050291E0,9.295050621E0,-3.562950134E0
4.136127617E2,3.684000254E0,9.370950699E0,-3.082050085E0
4.136152053E2,3.598050117E0,9.735000610E0,-2.167050123E0
4.136176490E2,3.472950220E0,9.748950005E0,-1.969050050E0
4.136200927E2,3.579000235E0,9.562950134E0,-2.111999989E0
4.136225361E2,3.375000238E0,9.625050545E0,-2.653050184E0
4.136249798E2,3.126000166E0,9.579000473E0,-2.887950182E0
4.136274235E2,3.607050180E0,9.013950348E0,-3.063000202E0
4.136298671E2,3.448950052E0,8.694000244E0,-3.048000097E0
4.136323108E2,2.299950123E0,8.452050209E0,-2.409000158E0
4.136347545E2,1.335000038E0,8.181000710E0,-8.269500136E-1
4.136371979E2,1.558050036E0,7.816950321E0,-1.500000060E-2
4.136396416E2,3.093000174E0,7.887000561E0,-1.561950088E0
4.136420853E2,4.965000153E0,7.807950497E0,-4.084949970E0
4.136445290E2,5.367000103E0,8.397000313E0,-5.412000179E0
4.136469726E2,4.587000370E0,9.136950493E0,-5.043000221E0
4.136494163E2,4.216050148E0,9.793050766E0,-3.975000143E0
4.136518600E2,4.024050236E0,9.714000702E0,-3.703950167E0
4.136543035E2,3.639000177E0,9.679950714E0,-3.235050201E0
4.136567472E2,3.877950191E0,8.887950897E0,-3.337950230E0
4.136591909E2,4.642050266E0,7.414950371E0,-3.405000210E0
4.136616345E2,5.343000412E0,6.658050537E0,-3.520050049E0
4.136640782E2,4.885950089E0,6.522000313E0,-3.100950241E0
4.136665216E2,4.134000301E0,7.575000286E0,-2.388000011E0
4.136689655E2,3.697950125E0,7.992000580E0,-2.179050207E0
4.136714090E2,2.962950230E0,8.381999969E0,-2.626950026E0
4.136738527E2,2.263950109E0,8.341950417E0,-3.051000118E0
4.136762963E2,2.479950190E0,7.864950180E0,-3.328950167E0
4.136787400E2,3.514050245E0,7.951050282E0,-3.640050173E0
4.136811837E2,4.201050282E0,8.203050613E0,-4.066050053E0
4.136836274E2,3.856050253E0,8.466000557E0,-3.951000214E0
4.136860709E2,3.301050186E0,8.791950226E0,-3.771000147E0
4.136885145E2,3.708000183E0,9.007050514E0,-3.349950075E0
4.136909582E2,3.865950108E0,8.976000786E0,-3.526950121E0
4.136934019E2,3.466050148E0,8.737050056E0,-4.003950119E0
4.136958455E2,3.957000256E0,8.434950829E0,-4.132950306E0
4.136982892E2,4.836000443E0,7.654050350E0,-4.456050396E0
4.137007329E2,5.125050068E0,7.269000530E0,-4.702950001E0
4.137031764E2,4.612950325E0,6.670050144E0,-4.273950100E0
4.137056201E2,3.415950060E0,6.895050526E0,-3.586950064E0
4.137080638E2,2.638050079E0,6.601050377E0,-2.317950010E0
4.137105074E2,2.544000149E0,6.862050533E0,-1.273950100E0
4.137129511E2,3.520950079E0,6.781050205E0,-2.260950089E0
4.137153948E2,4.703999996E0,7.345950127E0,-4.357950211E0
4.137178382E2,4.761000156E0,8.296050072E0,-6.505950451E0
4.137202819E2,4.234950066E0,8.863950729E0,-7.384050369E0
4.137227256E2,3.478050232E0,8.749050140E0,-6.420000076E0
4.137251693E2,2.889000177E0,8.397000313E0,-4.672049999E0
4.137276129E2,2.595000029E0,8.148000717E0,-2.875950098E0
4.137300566E2,2.962950230E0,7.627950191E0,-2.176950216E0
4.137325001E2,4.720950127E0,5.704950333E0,-2.995950222E0
4.137349438E2,5.917950153E0,5.623950481E0,-3.841050148E0
4.137373875E2,4.824000359E0,5.715000153E0,-5.289000034E0
4.137398312E2,4.101000309E0,7.228050232E0,-5.221950054E0
4.137422748E2,3.552000284E0,7.480050564E0,-4.699950218E0
4.137447185E2,2.025000095E0,8.184000015E0,-3.882000208E0
4.137471622E2,1.314000010E0,7.879950523E0,-2.251049995E0
4.137496057E2,2.499000072E0,7.281000137E0,-2.670000076E0
4.137520493E2,4.201050282E0,7.270950317E0,-4.486950397E0
4.137544930E2,4.105050087E0,7.207050323E0,-5.740050316E0
4.137569367E2,3.600000143E0,7.732950211E0,-5.752050400E0
4.137593804E2,2.875050068E0,7.993950367E0,-4.315050125E0
4.137618241E2,2.923050165E0,8.184000015E0,-2.859000206E0
4.137642677E2,2.688000202E0,8.701050758E0,-2.509950161E0
4.137667112E2,2.701950073E0,8.674050331E0,-2.574000120E0
4.137691549E2,3.415950060E0,8.445000648E0,-3.871950150E0
4.137715986E2,4.552950382E0,7.582950592E0,-5.188950062E0
4.137740422E2,4.636950016E0,7.348050117E0,-5.754000187E0
4.137764859E2,3.436950207E0,7.279050350E0,-5.172000408E0
4.137789296E2,2.475000143E0,7.414950371E0,-2.926050186E0
4.137813733E2,2.547000170E0,7.362000465E0,-1.291050076E0
4.137838167E2,3.175950050E0,6.970050335E0,-1.450950027E0
4.137862604E2,3.958950281E0,7.036950111E0,-3.019950151E0
4.137887041E2,4.113000393E0,7.669050217E0,-5.311050415E0
4.137911477E2,3.765000105E0,8.667000771E0,-6.475050449E0
4.137935914E2,3.139950037E0,9.012000084E0,-6.135000229E0
4.137960351E2,2.431950092E0,9.164999962E0,-4.702950001E0
4.137984786E2,2.101050138E0,8.955000877E0,-2.809050083E0
4.138009223E2,2.793000221E0,8.512050629E0,-2.148000002E0
4.138033660E2,3.454050064E0,7.753050327E0,-2.581950188E0
4.138058096E2,3.937950134E0,7.285950184E0,-3.400050163E0
4.138082533E2,4.540950298E0,6.973950386E0,-4.240950108E0
4.138106970E2,4.234950066E0,7.176000118E0,-4.186050415E0
4.138131404E2,3.820050240E0,8.092950821E0,-3.597000122E0
4.138155841E2,3.265050173E0,8.482950211E0,-3.412050247E0
4.138180278E2,2.142000198E0,8.490000725E0,-2.995950222E0
4.138204715E2,1.624950051E0,8.188050270E0,-1.990050077E0
4.138229151E2,2.989950180E0,7.477050304E0,-2.131050110E0
4.138253588E2,4.438050270E0,7.510950565E0,-3.565950155E0
4.138278025E2,4.594050407E0,7.815000534E0,-4.810950279E0
4.138302460E2,3.612000227E0,8.404050827E0,-4.597949982E0
4.138326897E2,3.229050159E0,9.175050735E0,-3.700050116E0
4.138351334E2,3.112050056E0,9.627000809E0,-3.060000181E0
4.138375770E2,2.578050137E0,9.898050308E0,-2.803950071E0
4.138400207E2,2.476950169E0,9.613050461E0,-2.814000130E0
4.138424644E2,3.391950130E0,8.883000374E0,-3.727950096E0
4.138449079E2,4.441050053E0,8.454000473E0,-4.711950302E0
4.138473518E2,4.669950008E0,7.711950302E0,-4.762950420E0
4.138497952E2,3.547950268E0,7.765050411E0,-3.961050272E0
4.138522389E2,2.544000149E0,7.597050190E0,-1.923000097E0
4.138546826E2,2.155950069E0,7.666050434E0,-6.610500216E-1
4.138571262E2,3.424950123E0,7.252050400E0,-1.020000100E0
4.138595699E2,4.900050163E0,7.602000237E0,-2.965050220E0
4.138620134E2,4.957950115E0,8.193000793E0,-5.593950272E0
4.138644571E2,4.732950211E0,8.575950623E0,-6.937050343E0
4.138669008E2,4.251000404E0,8.992950439E0,-6.325950146E0
4.138693444E2,3.397050142E0,9.225000381E0,-4.183050156E0
4.138717881E2,2.836050034E0,8.842050552E0,-2.512050152E0
4.138742318E2,3.124050140E0,8.224050522E0,-1.450950027E0
4.138766752E2,4.098000050E0,7.549050331E0,-1.851000071E0
4.138791189E2,4.563000202E0,7.132050514E0,-3.265950203E0
4.138815626E2,4.909950256E0,6.723000526E0,-4.222050190E0
4.138840063E2,4.327950001E0,7.534950256E0,-4.558950424E0
4.138864500E2,3.940050125E0,8.449049950E0,-3.991950274E0
4.138888936E2,2.821950197E0,9.072000504E0,-3.762000084E0
4.138913373E2,1.608000040E0,8.871000290E0,-3.178050041E0
4.138937810E2,2.017950058E0,8.245950699E0,-2.280000210E0
4.138962245E2,3.808050156E0,7.462950230E0,-2.995950222E0
4.138986682E2,4.632000446E0,7.033950329E0,-4.341000080E0
4.139011118E2,4.690050125E0,7.461000443E0,-5.008950233E0
4.139035555E2,4.194000244E0,7.603950500E0,-4.633050442E0
4.139059992E2,3.286950111E0,8.707950592E0,-3.238050222E0
4.139084429E2,2.953950167E0,8.962050438E0,-2.395050049E0
4.139108866E2,2.937000036E0,9.192000389E0,-2.641050100E0
4.139133300E2,2.560950041E0,9.448050499E0,-3.514950275E0
4.139157737E2,3.175950050E0,8.551950455E0,-4.474950314E0
4.139182174E2,4.540950298E0,7.816950321E0,-5.002050400E0
4.139206610E2,4.816050053E0,7.422000408E0,-5.257950306E0
4.139231047E2,3.624000072E0,7.246950150E0,-4.132950306E0
4.139255484E2,2.656950235E0,7.324050426E0,-2.481000185E0
4.139279918E2,2.560950041E0,7.219050407E0,-1.269000053E0
4.139304355E2,3.241050243E0,7.006050110E0,-1.614000082E0
4.139328792E2,4.306950092E0,7.057950497E0,-3.558000088E0
4.139353228E2,4.797000408E0,7.659000397E0,-5.791950226E0
4.139377665E2,4.113000393E0,8.325000763E0,-6.654000282E0
4.139402102E2,3.598050117E0,8.602950096E0,-6.058050156E0
4.139426537E2,3.085050106E0,8.791950226E0,-4.461000443E0
4.139450974E2,2.628000021E0,8.679000854E0,-3.148950100E0
4.139475411E2,2.887050152E0,8.184000015E0,-2.445000172E0
4.139499848E2,3.961950302E0,7.321950436E0,-3.004950047E0
4.139524284E2,4.180050373E0,7.099050522E0,-3.964950085E0
4.139548721E2,4.120050430E0,6.771000385E0,-4.357950211E0
4.139573158E2,3.913950205E0,7.317000389E0,-4.164000034E0
4.139597592E2,3.436950207E0,8.113950729E0,-3.862050295E0
4.139622029E2,2.499000072E0,8.545050621E0,-3.967950106E0
4.139646466E2,1.407000065E0,8.503950119E0,-3.855000257E0
4.139670903E2,1.419000030E0,7.843950272E0,-3.220950127E0
4.139695339E2,3.109050035E0,7.084950447E0,-3.412050247E0
4.139719776E2,4.354050159E0,7.039050102E0,-4.351050377E0
4.139744213E2,4.431000233E0,7.401000500E0,-5.317950249E0
4.139768648E2,3.445050240E0,8.348999977E0,-5.446950436E0
4.139793085E2,2.530050039E0,8.799000740E0,-4.894050121E0
4.139817522E2,2.797950029E0,8.799000740E0,-3.943950176E0
4.139841958E2,2.619000196E0,8.959050179E0,-3.562950134E0
4.139866395E2,2.527950048E0,8.722050667E0,-3.988950253E0
4.139890832E2,3.220050097E0,8.080950737E0,-4.413000107E0
4.139915269E2,4.045950413E0,7.425000191E0,-4.492050171E0
4.139939703E2,4.255949974E0,7.140000343E0,-4.660050392E0
4.139964140E2,3.349050045E0,7.192050457E0,-4.516050339E0
4.139988576E2,1.972050071E0,7.396050453E0,-3.697050095E0
4.140013013E2,1.503000021E0,7.594950199E0,-2.638950109E0
4.140037450E2,2.353049994E0,7.270950317E0,-2.917050123E0
4.140061887E2,3.799050093E0,6.915000439E0,-4.588050365E0
4.140086322E2,4.113000393E0,7.603950500E0,-6.031950474E0
4.140110759E2,3.792000294E0,8.248050690E0,-6.762000084E0
4.140135195E2,3.526050091E0,8.718000412E0,-6.550950527E0
4.140159632E2,2.563050032E0,9.046050072E0,-5.529000282E0
4.140184069E2,2.089050055E0,9.060000420E0,-4.234050274E0
4.140208506E2,2.014950037E0,8.578950882E0,-3.642000198E0
4.140232940E2,2.724000216E0,7.723950386E0,-3.685050249E0
4.140257377E2,3.460950136E0,6.922050476E0,-3.991950274E0
4.140281814E2,3.720000267E0,6.345000267E0,-4.150050163E0
4.140306251E2,3.445050240E0,7.096950531E0,-3.997050285E0
4.140330687E2,2.518050194E0,8.089950562E0,-3.541950226E0
4.140355124E2,2.271000147E0,9.028950691E0,-4.114050388E0
4.140379561E2,1.426050067E0,9.271050453E0,-4.897050381E0
4.140403996E2,5.830500126E-1,8.920950890E0,-4.890000343E0
4.140428433E2,1.072050095E0,8.064000130E0,-3.985050201E0
4.140452870E2,2.476950169E0,7.546950340E0,-3.670950174E0
4.140477306E2,2.704950094E0,7.342950344E0,-3.877050161E0
4.140501743E2,4.363950253E0,8.263050079E0,-4.887000084E0
4.140526180E2,3.184050083E0,7.024950504E0,-5.787000179E0
4.140550614E2,1.522050023E0,9.991050720E0,-4.720050335E0
4.140575051E2,1.879050136E0,9.217950821E0,-4.018050194E0
4.140599488E2,1.783050060E0,9.124950409E0,-3.823950291E0
4.140623925E2,2.097000122E0,8.847000122E0,-3.783000231E0
4.140648361E2,2.776950121E0,8.574000359E0,-3.817050219E0
4.140672798E2,3.504000187E0,7.863000393E0,-5.281950474E0
4.140697233E2,2.749950171E0,7.438950539E0,-5.677050114E0
4.140721669E2,1.612950087E0,7.377000332E0,-4.654950142E0
4.140746106E2,1.732950091E0,7.594950199E0,-2.371050119E0
4.140770543E2,2.689950228E0,6.064950466E0,-2.115000010E0
4.140794980E2,3.058950186E0,7.575000286E0,-3.229950190E0
4.140819416E2,3.073050261E0,7.894050598E0,-4.879950047E0
4.140843853E2,3.844050169E0,7.807950497E0,-6.951000214E0
4.140868290E2,3.267000198E0,8.631000519E0,-7.626000404E0
4.140892725E2,2.452950001E0,8.806050301E0,-6.586950302E0
4.140917162E2,1.620000124E0,8.883000374E0,-4.540050030E0
4.140941598E2,1.680000067E0,8.502000809E0,-3.079950094E0
4.140966036E2,2.235000134E0,7.662000179E0,-2.524050236E0
4.140990472E2,3.568950176E0,7.161000252E0,-3.352050066E0
4.141014909E2,3.781950235E0,6.619950294E0,-4.846950054E0
4.141039343E2,3.117000103E0,7.432050228E0,-5.661000252E0
4.141063780E2,2.487000227E0,8.518950462E0,-4.984950066E0
4.141088217E2,1.900050044E0,8.904000282E0,-4.638000011E0
4.141112653E2,6.889500618E-1,8.706000328E0,-4.180950165E0
4.141137091E2,5.929500461E-1,8.083050728E0,-2.943000078E0
4.141161527E2,1.897950053E0,7.425000191E0,-3.055950165E0
4.141185964E2,3.805950165E0,7.173000336E0,-4.461000443E0
4.141210399E2,3.808050156E0,7.585050583E0,-5.886000156E0
4.141234835E2,2.833950043E0,7.956000328E0,-6.241950512E0
4.141259272E2,2.167950153E0,8.883000374E0,-5.349000454E0
4.141283709E2,1.998000145E0,9.465000153E0,-4.320000172E0
4.141308146E2,1.879050136E0,9.436050415E0,-3.934050083E0
4.141332583E2,2.329050064E0,8.931000710E0,-4.186050415E0
4.141357019E2,2.512950182E0,8.524050713E0,-4.662000179E0
4.141381454E2,3.289050102E0,7.780950546E0,-5.388000488E0
4.141405891E2,3.694050074E0,7.386000156E0,-5.826000214E0
4.141430327E2,2.913000107E0,7.398000240E0,-5.586000443E0
4.141454764E2,1.753950119E0,7.504050255E0,-4.132950306E0
4.141479201E2,1.668000102E0,7.204050541E0,-2.944950104E0
4.141503636E2,2.403000116E0,7.024950504E0,-2.701050043E0
4.141528075E2,3.459000111E0,6.931050301E0,-4.102050304E0
4.141552509E2,4.038000107E0,7.513050556E0,-6.223050117E0
4.141576946E2,3.526050091E0,8.212050438E0,-7.486950397E0
4.141601383E2,2.719050169E0,8.824950218E0,-7.624050140E0
4.141625819E2,2.037000179E0,9.064949989E0,-6.381000519E0
4.141650256E2,1.390050054E0,9.131999969E0,-4.762950420E0
4.141674693E2,1.675050020E0,8.457000732E0,-3.562950134E0
4.141699128E2,2.788950205E0,7.489050388E0,-3.496050119E0
4.141723565E2,3.439950228E0,6.868950367E0,-4.497000217E0
4.141748002E2,3.775050163E0,6.484050274E0,-5.052000046E0
4.141772438E2,3.339000225E0,7.171050549E0,-5.277000427E0
4.141796875E2,2.532000065E0,7.920000553E0,-4.545000076E0
4.141821309E2,2.257050037E0,8.623950005E0,-4.447050095E0
4.141845749E2,1.369050026E0,8.682000160E0,-4.630950451E0
4.141870183E2,9.280500412E-1,8.245950699E0,-3.925050259E0
4.141894620E2,1.789950132E0,7.518000126E0,-3.661050081E0
4.141919057E2,3.255000114E0,7.305000305E0,-4.449000359E0
4.141943493E2,3.873000145E0,7.530000210E0,-5.586000443E0
4.141967930E2,2.824050188E0,7.867950439E0,-5.791950226E0
4.141992367E2,2.065050125E0,8.694000244E0,-4.899000168E0
4.142016802E2,2.218950033E0,9.010050774E0,-3.967950106E0
4.142041239E2,2.238000154E0,9.313950539E0,-4.120950222E0
4.142065676E2,1.623000026E0,9.163050652E0,-4.532999992E0
4.142090112E2,2.173050165E0,8.569050789E0,-4.894050121E0
4.142114549E2,3.307950258E0,7.786050320E0,-5.175000191E0
4.142138986E2,3.612000227E0,7.465050220E0,-5.364000320E0
4.142163420E2,3.303000212E0,7.125000477E0,-4.791000366E0
4.142187857E2,2.131950140E0,7.069950104E0,-3.646950245E0
4.142212294E2,1.800000072E0,7.104000568E0,-2.506950140E0
4.142236731E2,2.461050034E0,6.931050301E0,-2.581950188E0
4.142261167E2,3.600000143E0,6.843000412E0,-4.293000221E0
4.142285604E2,3.873000145E0,7.671000481E0,-6.004950523E0
4.142310041E2,3.175950050E0,8.476050377E0,-6.906000137E0
4.142334475E2,2.881950140E0,8.659950256E0,-6.775950432E0
4.142358912E2,2.407950163E0,8.775000572E0,-4.200000286E0
4.142383349E2,1.753950119E0,8.727000237E0,-4.204950333E0
4.142407786E2,2.106000185E0,8.049000740E0,-4.276950359E0
4.142432222E2,2.860050201E0,7.257000446E0,-4.143000126E0
4.142456659E2,3.564000130E0,6.769050121E0,-4.399050236E0
4.142481096E2,3.997950077E0,6.429000378E0,-4.453950405E0
4.142505531E2,3.361050129E0,7.036950111E0,-4.416000366E0
4.142529968E2,2.779050112E0,7.879950523E0,-4.143000126E0
4.142554405E2,2.190000057E0,8.554950714E0,-4.429950237E0
4.142578841E2,9.880500436E-1,8.512050629E0,-4.746000290E0
4.142603278E2,7.609500289E-1,7.996950150E0,-3.814950228E0
4.142627715E2,2.032050133E0,7.255050182E0,-3.405000210E0
4.142652149E2,3.564000130E0,7.180050373E0,-4.066050053E0
4.142676586E2,3.696000099E0,7.735950470E0,-5.064000130E0
4.142701023E2,2.805000067E0,8.080950737E0,-5.593950272E0
4.142725459E2,1.933950067E0,8.962050438E0,-5.071950436E0
4.142749896E2,1.756950140E0,9.216000557E0,-4.339050293E0
4.142774333E2,1.771050096E0,9.304050446E0,-4.237950325E0
4.142798770E2,1.702050090E0,8.974050522E0,-4.432050228E0
4.142823205E2,2.185050011E0,8.229000092E0,-4.638000011E0
4.142847641E2,3.511950254E0,7.618950367E0,-4.830000401E0
4.142872078E2,4.309050083E0,7.537050247E0,-5.407050133E0
4.142896515E2,3.186000109E0,7.678050518E0,-5.485950470E0
4.142920951E2,1.921950102E0,7.834050179E0,-4.504050255E0
4.142945388E2,1.705950022E0,7.944000244E0,-2.847000122E0
4.142969823E2,1.941000104E0,8.026050568E0,-2.503050089E0
4.142994260E2,2.905950069E0,7.542000294E0,-4.107000351E0
4.143018697E2,3.607050180E0,7.840950489E0,-5.850000381E0
4.143043134E2,3.076050043E0,8.245950699E0,-6.487050533E0
4.143067571E2,3.169050217E0,8.401050568E0,-6.264000416E0
4.143092007E2,2.698050022E0,8.739000320E0,-5.277000427E0
4.143116444E2,1.917000055E0,9.055050850E0,-4.131000042E0
4.143140879E2,1.845000029E0,8.746050835E0,-3.541950226E0
4.143165315E2,2.865000248E0,7.912950516E0,-4.140000343E0
4.143189752E2,3.331950188E0,7.495950222E0,-5.026050091E0
4.143214188E2,3.391950130E0,7.255050182E0,-5.565000057E0
4.143238625E2,3.363000154E0,7.144050121E0,-5.086050034E0
4.143263062E2,2.796000242E0,7.924950600E0,-3.898050070E0
4.143287499E2,2.707050085E0,8.317950249E0,-3.484050274E0
4.143311934E2,2.009999990E0,8.434950829E0,-3.783000231E0
4.143336371E2,1.395000100E0,7.891050339E0,-3.664050102E0
4.143360808E2,2.307000160E0,7.065000534E0,-3.541950226E0
4.143385245E2,3.391950130E0,6.955050468E0,-3.391050100E0
4.143409681E2,3.835050106E0,7.006050110E0,-4.234050274E0
4.143434118E2,3.661950111E0,7.516050339E0,-4.532999992E0
4.143458555E2,2.827050209E0,7.978050232E0,-4.432050228E0
4.143482989E2,2.544000149E0,8.622000694E0,-3.786000252E0
4.143507426E2,2.547000170E0,8.868000031E0,-3.706950188E0
4.143531863E2,2.511000156E0,8.655000687E0,-3.637050152E0
4.143556299E2,2.656950235E0,8.524050713E0,-3.910050154E0
4.143580736E2,3.466050148E0,7.947000504E0,-4.320000172E0
4.143605171E2,4.350000381E0,7.554000378E0,-5.224950314E0
4.143629610E2,3.592950106E0,7.662000179E0,-5.052000046E0
4.143654045E2,2.319000006E0,7.219050407E0,-4.285950184E0
4.143678481E2,2.086950064E0,7.546950340E0,-2.062050104E0
4.143702918E2,2.869950056E0,7.324050426E0,-1.534950018E0
4.143727355E2,3.793950081E0,7.003050327E0,-2.596050024E0
4.143751791E2,4.246950150E0,7.324050426E0,-5.083950043E0
4.143776228E2,3.961950302E0,7.990050316E0,-6.256950378E0
4.143800663E2,3.756000280E0,8.160000801E0,-6.241950512E0
4.143825100E2,3.298950195E0,8.397000313E0,-5.212950230E0
4.143849537E2,2.476950169E0,8.751000404E0,-3.610950232E0
4.143873973E2,2.179949999E0,8.503950119E0,-2.863950253E0
4.143898410E2,3.361050129E0,7.525050163E0,-3.180000067E0
4.143922847E2,3.832050085E0,7.081950188E0,-4.288949966E0
4.143947284E2,3.921000242E0,6.907050133E0,-4.903950214E0
4.143971719E2,3.898950100E0,6.891000271E0,-4.708050251E0
4.143996156E2,3.358050108E0,7.744950294E0,-3.882000208E0
4.144020592E2,2.961000204E0,8.200050354E0,-3.096000195E0
4.144045029E2,2.044049978E0,8.305950165E0,-3.238050222E0
4.144069465E2,1.551000118E0,7.603950500E0,-3.168000221E0
4.144093902E2,2.475000143E0,7.219050407E0,-3.118050098E0
4.144118337E2,3.696000099E0,7.006050110E0,-3.558000088E0
4.144142774E2,4.153050423E0,7.093950272E0,-4.600050449E0
4.144167211E2,3.430050135E0,7.639950275E0,-4.890000343E0
4.144191647E2,2.911050081E0,7.882050514E0,-4.213950157E0
4.144216084E2,2.923050165E0,8.655000687E0,-3.558000088E0
4.144240521E2,2.872050047E0,8.902050018E0,-3.244950056E0
4.144264956E2,2.428950071E0,8.824950218E0,-3.586950064E0
4.144289392E2,2.689950228E0,8.611950874E0,-4.102050304E0
4.144313829E2,3.612000227E0,7.959000587E0,-4.744050026E0
4.144338266E2,4.186950207E0,7.662000179E0,-5.244000435E0
4.144362702E2,3.865950108E0,7.420050144E0,-5.179050446E0
4.144387139E2,2.659050226E0,7.159050465E0,-3.894000292E0
4.144411576E2,2.178000212E0,7.252050400E0,-1.782000065E0
4.144436011E2,2.935050249E0,7.030050278E0,-1.273950100E0
4.144460450E2,3.528000116E0,6.976950169E0,-2.637000084E0
4.144484885E2,4.000050068E0,7.333950520E0,-4.837050438E0
4.144509322E2,3.961950302E0,8.028000832E0,-6.271050453E0
4.144533758E2,3.793950081E0,8.425050735E0,-6.403050423E0
4.144558195E2,2.752950191E0,8.938050270E0,-5.206050396E0
4.144582629E2,2.134950161E0,9.136950493E0,-3.331050158E0
4.144607069E2,2.731050014E0,8.538000107E0,-2.538000107E0
4.144631503E2,3.093000174E0,7.768950462E0,-2.955000162E0
4.144655940E2,3.768000126E0,7.045950413E0,-3.666000128E0
4.144680376E2,4.512000084E0,6.850050449E0,-4.353000164E0
4.144704813E2,4.239000320E0,6.979050159E0,-4.360050201E0
4.144729250E2,3.490050077E0,7.744950294E0,-3.943950176E0
4.144753685E2,3.400950193E0,8.413050652E0,-3.463050127E0
4.144778122E2,2.628000021E0,8.848950386E0,-3.532050133E0
4.144802559E2,1.747050047E0,8.095050812E0,-2.986050129E0
4.144826996E2,2.665950060E0,7.449000359E0,-2.637000084E0
4.144851433E2,3.736950159E0,7.195050240E0,-3.240000248E0
4.144875869E2,4.243950367E0,7.306950569E0,-4.030050278E0
4.144900306E2,4.042950153E0,7.687950134E0,-4.483050346E0
4.144924740E2,3.334050179E0,8.260050774E0,-4.198050022E0
4.144949177E2,2.994000196E0,8.989950180E0,-3.577950239E0
4.144973614E2,2.929950237E0,9.298950195E0,-3.429000139E0
4.144998051E2,2.937000036E0,9.072000504E0,-3.328950167E0
4.145022487E2,3.018000126E0,8.968950272E0,-3.739950180E0
4.145046924E2,4.029000282E0,8.322000504E0,-4.375050068E0
4.145071361E2,4.972050190E0,7.743000507E0,-5.068950176E0
4.145095796E2,4.881000042E0,7.507950306E0,-4.983000278E0
4.145120233E2,3.010950089E0,7.492050171E0,-3.526950121E0
4.145144670E2,2.170950174E0,7.573050499E0,-1.822950125E0
4.145169106E2,2.652000189E0,7.348050117E0,-1.363050103E0
4.145193543E2,3.957000256E0,6.996000290E0,-2.464050055E0
4.145217980E2,4.495950222E0,7.611000538E0,-4.741050243E0
4.145242416E2,4.471950054E0,8.133000374E0,-6.553950310E0
4.145266851E2,4.048050404E0,8.578950882E0,-6.985050201E0
4.145291288E2,3.301050186E0,8.998050690E0,-5.887950420E0
4.145315725E2,2.379000187E0,9.217950821E0,-3.811950207E0
4.145340161E2,2.131950140E0,8.797050476E0,-2.689050198E0
4.145364598E2,3.349050045E0,7.822050571E0,-2.440050125E0
4.145389035E2,4.759050369E0,6.936000347E0,-3.715950251E0
4.145413469E2,4.120050430E0,6.960000515E0,-5.304000378E0
4.145437906E2,4.891050339E0,6.559950352E0,-5.128950119E0
4.145462343E2,3.805950165E0,7.465050220E0,-5.008950233E0
4.145486779E2,2.710050106E0,8.683950424E0,-4.176000118E0
4.145511217E2,1.624950051E0,8.224050522E0,-3.421950102E0
4.145535653E2,1.479000092E0,8.005949974E0,-2.002050161E0
4.145560090E2,2.626050234E0,7.735950470E0,-2.658000231E0
4.145584527E2,4.465050220E0,7.372050285E0,-4.891950130E0
4.145608962E2,4.234950066E0,7.494000435E0,-6.778950214E0
4.145633399E2,3.025950193E0,8.088000298E0,-6.562950134E0
4.145657835E2,3.150000095E0,8.500050545E0,-4.873050213E0
4.145682272E2,3.283950090E0,8.679000854E0,-3.553950071E0
4.145706709E2,2.614050150E0,8.935050011E0,-3.064950228E0
4.145731146E2,2.695050240E0,8.938050270E0,-3.927000284E0
4.145755580E2,3.892050266E0,8.314949989E0,-5.023950100E0
4.145780017E2,4.242000103E0,8.272050858E0,-5.902050495E0
4.145804454E2,4.426050186E0,7.816950321E0,-5.634000301E0
4.145828891E2,3.166950226E0,7.444050312E0,-4.438950062E0
4.145853327E2,1.773000121E0,7.791000366E0,-2.095050097E0
4.145877764E2,2.049000025E0,7.413000584E0,-8.290500641E-1
4.145902201E2,3.157050133E0,7.231050491E0,-1.807950139E0
4.145926635E2,3.864000082E0,7.642050266E0,-4.131000042E0
4.145951072E2,4.279950142E0,8.072999954E0,-6.405000210E0
4.145975509E2,3.763050079E0,8.518950462E0,-7.557000160E0
4.145999945E2,3.303000212E0,9.244050026E0,-6.568050385E0
4.146024382E2,2.614050150E0,9.436050415E0,-4.851000309E0
4.146048819E2,1.630050063E0,9.309000015E0,-3.214050055E0
4.146073256E2,2.427000046E0,8.694000244E0,-2.287050009E0
4.146097691E2,3.729000092E0,7.504050255E0,-3.544050217E0
4.146122128E2,4.323000431E0,6.936000347E0,-4.879950047E0
4.146146565E2,3.849000216E0,6.727950096E0,-4.987950325E0
4.146171001E2,3.970950127E0,7.354950428E0,-3.918000221E0
4.146195438E2,3.267000198E0,8.065950394E0,-2.838000059E0
4.146219875E2,1.965000153E0,8.619000435E0,-2.445000172E0
4.146244309E2,1.795050144E0,8.121000290E0,-2.622000217E0
4.146268746E2,2.362050056E0,7.819950581E0,-3.265950203E0
4.146293183E2,3.496950150E0,8.017950058E0,-4.516050339E0
4.146317619E2,4.105050087E0,7.765050411E0,-5.461950302E0
4.146342057E2,3.792000294E0,8.023050308E0,-5.698950291E0
4.146366493E2,2.665950060E0,8.602950096E0,-4.273950100E0
4.146390930E2,3.124050140E0,8.677050591E0,-3.381000042E0
4.146415365E2,2.668950081E0,9.273000717E0,-3.295050144E0
4.146439802E2,1.924050093E0,9.208050728E0,-3.642000198E0
4.146464239E2,3.094950199E0,8.563950539E0,-4.216950417E0
4.146488675E2,4.192049980E0,8.169000626E0,-4.918050289E0
4.146513112E2,4.242000103E0,7.816950321E0,-5.079000473E0
4.146537549E2,3.739050150E0,7.270950317E0,-4.320000172E0
4.146561983E2,2.137050152E0,7.398000240E0,-2.581950188E0
4.146586420E2,1.623000026E0,7.354950428E0,-9.679500461E-1
4.146610857E2,2.740950108E0,7.125000477E0,-1.341000080E0
4.146635293E2,3.607050180E0,7.329000473E0,-3.178050041E0
4.146659730E2,3.925950289E0,7.638000488E0,-5.482950211E0
4.146684167E2,3.871050119E0,8.305950165E0,-6.835950375E0
4.146708601E2,3.631050110E0,9.013950348E0,-6.774000168E0
4.146733041E2,2.755050182E0,9.406949997E0,-5.550000191E0
4.146757475E2,1.984050035E0,9.289950371E0,-3.630000114E0
4.146781912E2,2.370000124E0,8.590950012E0,-2.622000217E0
4.146806349E2,3.418050051E0,7.405050278E0,-3.070050240E0
4.146830785E2,4.347000122E0,6.534000397E0,-4.405950069E0
4.146855222E2,4.558050156E0,6.520050526E0,-4.995000362E0
4.146879659E2,3.922950268E0,6.892950535E0,-4.356000423E0
4.146904094E2,3.057000160E0,7.765050411E0,-3.160950184E0
4.146928531E2,3.064050198E0,8.386950493E0,-2.932950258E0
4.146952967E2,2.032050133E0,8.707950592E0,-3.640050173E0
4.146977404E2,1.218000054E0,8.133000374E0,-3.807000160E0
4.147001841E2,2.056050062E0,7.525050163E0,-3.870000124E0
4.147026277E2,3.607050180E0,7.401000500E0,-4.300950050E0
4.147050714E2,3.990000248E0,7.437000275E0,-4.777050018E0
4.147075149E2,3.507000208E0,7.834050179E0,-5.224950314E0
4.147099586E2,2.688000202E0,8.653050423E0,-5.116950035E0
4.147124023E2,2.413050175E0,8.955000877E0,-4.744050026E0
4.147148459E2,2.212050200E0,9.115050316E0,-4.387050152E0
4.147172896E2,2.404950142E0,8.665050507E0,-4.380000114E0
4.147197333E2,2.713950157E0,8.029950142E0,-4.198050022E0
4.147221770E2,3.354000092E0,7.093950272E0,-3.903000116E0
4.147246205E2,4.785000324E0,6.582000256E0,-3.931950092E0
4.147270641E2,4.879050255E0,7.125000477E0,-4.324950218E0
4.147295078E2,3.058950186E0,7.834050179E0,-4.413000107E0
4.147319515E2,1.761000037E0,8.253000259E0,-3.846000195E0
4.147343951E2,1.279950023E0,8.125950813E0,-3.229950190E0
4.147368388E2,1.882950068E0,7.731000423E0,-3.360000134E0
4.147392825E2,3.265050173E0,7.342950344E0,-4.240950108E0
4.147417260E2,3.483000278E0,7.345950127E0,-5.017050266E0
4.147441697E2,3.841950178E0,7.444050312E0,-5.182050228E0
4.147466134E2,3.646050215E0,8.005949974E0,-5.172000408E0
4.147490570E2,2.700000048E0,8.992950439E0,-5.043000221E0
4.147515007E2,1.998000145E0,9.271050453E0,-4.710000038E0
4.147539444E2,2.046000004E0,8.820000648E0,-4.450950146E0
4.147563879E2,2.767050028E0,8.061000824E0,-4.345950127E0
4.147588315E2,3.154950142E0,7.027050495E0,-4.483050346E0
4.147612752E2,3.913950205E0,6.438000202E0,-4.084949970E0
4.147637189E2,4.443000317E0,6.382950306E0,-3.697050095E0
4.147661626E2,3.100050211E0,7.495950222E0,-3.453000069E0
4.147686062E2,2.542050123E0,8.097000122E0,-3.381000042E0
4.147710499E2,2.587050200E0,8.794050217E0,-3.930000305E0
4.147734934E2,1.972050071E0,8.943000793E0,-4.861050129E0
4.147759371E2,1.285050035E0,8.370000839E0,-4.995000362E0
4.147783808E2,2.041949987E0,7.105950356E0,-3.618000269E0
4.147808244E2,3.418050051E0,6.442950249E0,-2.653050184E0
4.147832682E2,4.192049980E0,6.721050262E0,-3.163050175E0
4.147857118E2,4.186950207E0,7.173000336E0,-4.363049984E0
4.147881555E2,3.013950109E0,7.981950283E0,-5.050050259E0
4.147905992E2,2.803050041E0,8.740950584E0,-4.972950459E0
4.147930426E2,2.760000229E0,8.808000565E0,-5.146050453E0
4.147954863E2,2.190000057E0,9.028950691E0,-4.672049999E0
4.147979300E2,2.532000065E0,8.362950325E0,-4.222050190E0
4.148003737E2,3.178950071E0,7.276050568E0,-4.018050194E0
4.148028173E2,4.052999973E0,6.784950256E0,-3.999000072E0
4.148052610E2,4.540950298E0,6.769050121E0,-4.059000015E0
4.148077045E2,3.828000069E0,7.273950577E0,-4.309950352E0
4.148101482E2,2.853000164E0,8.302950859E0,-4.261950016E0
4.148125919E2,2.188050032E0,8.566950798E0,-4.201950073E0
4.148150355E2,1.455000043E0,8.449049950E0,-3.582000256E0
4.148174792E2,1.872000098E0,7.836000443E0,-3.094050169E0
4.148199229E2,3.175950050E0,7.354950428E0,-3.010050058E0
4.148223666E2,3.751050234E0,7.099050522E0,-3.549000263E0
4.148248100E2,3.892050266E0,7.185000420E0,-4.293000221E0
4.148272537E2,3.958950281E0,7.429050446E0,-4.827000141E0
4.148296974E2,3.667050123E0,8.164050102E0,-5.122050285E0
4.148321410E2,2.899050236E0,9.220050812E0,-5.047950268E0
4.148345847E2,2.494050026E0,9.298950195E0,-4.756050110E0
4.148370284E2,2.713950157E0,8.868000031E0,-4.702950001E0
4.148394719E2,3.030000210E0,8.215050697E0,-4.621050358E0
4.148419156E2,3.478050232E0,7.453050137E0,-4.684050083E0
4.148443593E2,3.700950146E0,6.936000347E0,-4.320000172E0
4.148468029E2,3.370050192E0,7.282950401E0,-3.441000223E0
4.148492466E2,2.833950043E0,7.783950329E0,-2.883000135E0
4.148516903E2,2.692950010E0,8.358000755E0,-3.052950144E0
4.148541340E2,2.314050198E0,8.607000351E0,-3.927000284E0
4.148565777E2,2.755050182E0,8.919000626E0,-4.432050228E0
4.148590211E2,3.496950150E0,8.650050163E0,-5.269950390E0
4.148614648E2,2.968050241E0,7.981950283E0,-5.203050137E0
4.148639085E2,2.686050177E0,7.426950455E0,-3.879000187E0
4.148663521E2,3.210000038E0,6.601050377E0,-2.526000023E0
4.148687958E2,3.993000269E0,6.855000496E0,-2.388000011E0
4.148712395E2,3.628950119E0,7.717050552E0,-3.487050056E0
4.148736830E2,3.082950115E0,8.035050392E0,-4.729050159E0
4.148761267E2,3.370050192E0,8.458950043E0,-5.584050179E0
4.148785703E2,3.069000244E0,8.938050270E0,-5.815950394E0
4.148810140E2,3.076050043E0,8.974050522E0,-5.464050293E0
4.148834576E2,2.752950191E0,8.739000320E0,-5.047950268E0
4.148859013E2,2.757000208E0,8.152050018E0,-4.357950211E0
4.148883450E2,3.199950218E0,7.686000347E0,-3.964950085E0
4.148907887E2,3.691050291E0,7.329000473E0,-3.925050259E0
4.148932322E2,3.375000238E0,7.293000221E0,-3.903000116E0
4.148956759E2,3.178950071E0,7.686000347E0,-3.669000149E0
4.148981195E2,3.057000160E0,8.337000847E0,-3.798000097E0
4.149005632E2,2.737950087E0,8.494950294E0,-3.961050272E0
4.149030069E2,2.635050058E0,8.314949989E0,-3.831000090E0
4.149054506E2,2.559000015E0,8.085000038E0,-3.513000250E0
4.149078940E2,2.319000006E0,7.920000553E0,-2.758950233E0
4.149103377E2,2.511000156E0,7.663950443E0,-2.470950127E0
4.149127814E2,3.190950155E0,7.269000530E0,-2.910000086E0
4.149152251E2,3.835050106E0,7.111050129E0,-4.212000370E0
4.149176687E2,3.859050274E0,7.791000366E0,-5.277000427E0
4.149201124E2,3.064050198E0,8.281949997E0,-5.950050354E0
4.149225561E2,2.614050150E0,9.121950150E0,-5.545950413E0
4.149249996E2,2.724000216E0,8.855999947E0,-4.897050381E0
4.149274432E2,2.395950079E0,8.968950272E0,-4.429950237E0
4.149298869E2,2.506050110E0,8.425050735E0,-4.485000134E0
4.149323305E2,2.989950180E0,7.920000553E0,-4.827000141E0
4.149347742E2,2.896050215E0,7.585050583E0,-4.801050186E0
4.149372179E2,2.833950043E0,7.365000248E0,-4.449000359E0
4.149396616E2,2.868000031E0,7.663950443E0,-3.355050087E0
4.149421051E2,2.712000132E0,7.831950188E0,-2.590950012E0
4.149445488E2,2.461050034E0,7.884000301E0,-2.650950193E0
4.149469924E2,3.145050049E0,7.800000191E0,-3.196950197E0
4.149494362E2,3.085050106E0,7.798050404E0,-3.805050135E0
4.149518798E2,3.243000269E0,7.723950386E0,-4.118999958E0
4.149543235E2,3.889950275E0,7.678050518E0,-4.281000137E0
4.149567671E2,3.832050085E0,7.855950356E0,-4.333950043E0
4.149592106E2,2.503950119E0,7.923000336E0,-3.760050297E0
4.149616543E2,2.080049992E0,7.458000183E0,-2.803950071E0
4.149640980E2,2.944050074E0,7.414950371E0,-3.144000053E0
4.149665417E2,2.698050022E0,7.927050591E0,-4.429950237E0
4.149689853E2,2.467950106E0,7.915050507E0,-5.272950172E0
4.149714290E2,3.310050249E0,8.116950035E0,-5.764050484E0
4.149738727E2,3.181050062E0,8.634000778E0,-5.728050232E0
4.149763162E2,2.556000233E0,9.164999962E0,-5.443050385E0
4.149787599E2,2.527950048E0,9.144000053E0,-5.212950230E0
4.149812035E2,2.500950098E0,9.177000046E0,-4.936950207E0
4.149836472E2,2.671050072E0,8.452050209E0,-5.368050098E0
4.149860909E2,2.868000031E0,7.726050377E0,-5.206050396E0
4.149885345E2,3.318000078E0,6.808950424E0,-4.525950432E0
4.149909780E2,3.655050278E0,6.571950436E0,-3.127050161E0
4.149934217E2,3.787050247E0,6.796950340E0,-2.473950148E0
4.149958654E2,3.211950064E0,7.426950455E0,-2.731950045E0
4.149983090E2,3.544950247E0,7.924950600E0,-3.154050112E0
4.150007528E2,3.028050184E0,8.513999939E0,-4.504050255E0
4.150031964E2,2.355000019E0,8.521050453E0,-4.807950020E0
4.150056401E2,2.335950136E0,8.428050041E0,-4.389000416E0
4.150080835E2,2.638050079E0,8.137949944E0,-4.138050079E0
4.150105272E2,2.832000017E0,7.812000275E0,-3.973050117E0
4.150129709E2,3.114000082E0,7.267050266E0,-4.240950108E0
4.150154146E2,3.804000139E0,7.642050266E0,-4.911000252E0
4.150178582E2,2.602050066E0,8.185950279E0,-5.625000477E0
4.150203019E2,2.097000122E0,8.788949966E0,-5.590950489E0
4.150227456E2,2.082000017E0,8.998050690E0,-5.143050194E0
4.150251891E2,2.077050209E0,9.016950607E0,-4.995000362E0
4.150276328E2,2.391000032E0,8.703000069E0,-5.203050137E0
4.150300765E2,2.704950094E0,8.449049950E0,-5.761050224E0
4.150325201E2,2.779050112E0,8.059050560E0,-5.935950279E0
4.150349638E2,3.334050179E0,7.468050480E0,-5.476050377E0
4.150374074E2,3.270000219E0,7.681050301E0,-4.471050262E0
4.150398511E2,3.010950089E0,7.480050564E0,-3.754950285E0
4.150422948E2,3.241050243E0,7.471950531E0,-2.809050083E0
4.150447383E2,3.186000109E0,7.486950397E0,-3.076950073E0
4.150471820E2,2.974950075E0,7.300050259E0,-3.405000210E0
4.150496257E2,3.121050119E0,7.305000305E0,-3.771000147E0
4.150520693E2,3.033000231E0,7.599000454E0,-3.738000154E0
4.150545130E2,2.623050213E0,7.912950516E0,-3.541950226E0
4.150569567E2,2.259000063E0,8.112000465E0,-3.241950035E0
4.150594004E2,2.419950008E0,8.076000214E0,-3.163050175E0
4.150618439E2,3.088050127E0,8.017950058E0,-3.939000130E0
4.150642875E2,3.306000233E0,8.503950119E0,-5.188950062E0
4.150667312E2,2.949000120E0,8.563950539E0,-6.328950405E0
4.150691749E2,1.704000115E0,8.527950287E0,-6.144000053E0
4.150716185E2,1.687050104E0,8.353950500E0,-4.935000420E0
4.150740622E2,2.116050005E0,7.939050198E0,-3.883950233E0
4.150765059E2,2.712000132E0,7.944000244E0,-3.871950150E0
4.150789494E2,2.461050034E0,7.930050373E0,-4.320000172E0
4.150813931E2,2.805000067E0,7.626000404E0,-5.043000221E0
4.150838368E2,3.519000053E0,7.731000423E0,-5.488050461E0
4.150862804E2,3.226950169E0,8.176050186E0,-5.767950058E0
4.150887241E2,2.403000116E0,8.212050438E0,-5.155050278E0
4.150911678E2,2.523000002E0,8.322000504E0,-3.859950066E0
4.150936112E2,2.704950094E0,8.160000801E0,-3.288000107E0
4.150960549E2,2.652000189E0,7.759950161E0,-2.977050066E0
4.150984986E2,3.294000149E0,6.582000256E0,-2.983950138E0
4.151009423E2,3.655050278E0,6.364050388E0,-2.809050083E0
4.151033859E2,3.187950134E0,6.759000301E0,-2.638950109E0
4.151058296E2,2.949000120E0,7.057950497E0,-2.557950020E0
4.151082733E2,2.665950060E0,7.779000282E0,-2.983950138E0
4.151107168E2,2.275950193E0,8.538000107E0,-3.538950205E0
4.151131605E2,1.801950097E0,8.785050392E0,-3.625050068E0
4.151156042E2,2.022000074E0,8.761050224E0,-4.042050362E0
4.151180479E2,2.307000160E0,8.797050476E0,-4.588050365E0
4.151204916E2,2.287950039E0,8.545050621E0,-4.759950161E0
4.151229352E2,2.494050026E0,8.437050819E0,-4.945050240E0
4.151253789E2,2.542050123E0,8.467950821E0,-4.621050358E0
4.151278226E2,2.254950047E0,8.629050255E0,-4.285950184E0
4.151302660E2,2.185050011E0,8.713050842E0,-4.300950050E0
4.151327097E2,2.134950161E0,8.820000648E0,-4.312950134E0
4.151351534E2,2.176050186E0,8.626950264E0,-4.336950302E0
4.151375970E2,2.389050007E0,8.302950859E0,-4.168950081E0
4.151400407E2,2.986950159E0,8.181000710E0,-4.296000004E0
4.151424844E2,3.361050129E0,7.980000496E0,-4.417950153E0
4.151449279E2,3.531000137E0,8.109000206E0,-4.477950096E0
4.151473716E2,3.454050064E0,8.253000259E0,-4.389000416E0
4.151498153E2,3.238950253E0,8.404050827E0,-4.123050213E0
4.151522589E2,3.001950026E0,8.446949959E0,-3.814950228E0
4.151547026E2,2.889000177E0,8.266950607E0,-3.673050165E0
4.151571462E2,3.193050146E0,8.026050568E0,-3.630000114E0
4.151595899E2,3.303000212E0,7.815000534E0,-3.379050255E0
4.151620336E2,3.160050154E0,7.923000336E0,-3.039000034E0
4.151644771E2,3.016050100E0,7.765050411E0,-2.943000078E0
4.151669208E2,2.863050222E0,8.289000511E0,-2.979000092E0
4.151693645E2,2.650050163E0,8.647950172E0,-3.598950148E0
4.151718081E2,2.367000103E0,8.855999947E0,-4.200000286E0
4.151742518E2,2.098950148E0,8.863950729E0,-4.425000191E0
4.151766955E2,2.154000044E0,8.611950874E0,-4.056000233E0
4.151791389E2,2.463000059E0,8.251049995E0,-3.654000282E0
4.151815826E2,2.482050180E0,8.193000793E0,-3.369000196E0
4.151840263E2,2.383949995E0,7.912950516E0,-3.250050068E0
4.151864700E2,2.295000076E0,8.035050392E0,-3.204000235E0
4.151889136E2,2.056050062E0,8.053950310E0,-3.445950270E0
4.151913573E2,2.710050106E0,8.227050781E0,-4.023000240E0
4.151938010E2,2.881950140E0,8.337000847E0,-4.822950363E0
4.151962447E2,3.423000097E0,8.265000343E0,-5.254050255E0
4.151986882E2,3.552000284E0,8.209950447E0,-5.485950470E0
4.152011319E2,3.492000103E0,7.675950527E0,-5.176950455E0
4.152035756E2,3.576000214E0,7.044000149E0,-4.588050365E0
4.152060192E2,3.804000139E0,6.934050560E0,-3.823950291E0
4.152084629E2,3.964050293E0,6.852000237E0,-3.469950199E0
4.152109066E2,4.052999973E0,7.021950245E0,-3.376050234E0
4.152133500E2,4.230000019E0,7.213950157E0,-3.766950130E0
4.152157937E2,3.729000092E0,7.705050468E0,-4.312950134E0
4.152182374E2,3.090000153E0,8.313000679E0,-4.528050423E0
4.152206811E2,2.281050205E0,8.631000519E0,-4.207050323E0
4.152231247E2,2.041949987E0,8.761050224E0,-3.478950262E0
4.152255684E2,2.058000088E0,8.722050667E0,-3.181950092E0
4.152280121E2,2.563050032E0,8.157000542E0,-3.084000111E0
4.152304556E2,2.772000074E0,7.936950207E0,-3.072000027E0
4.152328993E2,2.833950043E0,7.860000610E0,-3.336000204E0
4.152353430E2,2.920050144E0,8.204999924E0,-3.790950298E0
4.152377866E2,3.105000257E0,8.479949951E0,-4.317000389E0
4.152402303E2,2.800950050E0,8.989950180E0,-4.401000023E0
4.152426739E2,2.437050104E0,9.244050026E0,-4.143000126E0
4.152451176E2,2.239950180E0,9.037950516E0,-3.952950239E0
4.152475613E2,2.536950111E0,8.787000656E0,-3.465000153E0
4.152500048E2,2.736000061E0,8.542950630E0,-3.574950218E0
4.152524485E2,2.985000134E0,8.361000061E0,-4.056000233E0
4.152548922E2,3.090000153E0,8.433000565E0,-4.854000092E0
4.152573358E2,2.968050241E0,8.401050568E0,-4.987950325E0
4.152597795E2,2.863050222E0,8.418000221E0,-4.593000412E0
4.152622232E2,2.740950108E0,8.428050041E0,-4.018050194E0
4.152646667E2,2.755050182E0,8.404050827E0,-3.609000206E0
4.152671103E2,2.839050055E0,8.160000801E0,-3.783000231E0
4.152695540E2,2.913000107E0,7.888950348E0,-4.281000137E0
4.152719977E2,3.045000076E0,7.705050468E0,-4.581000328E0
4.152744413E2,3.124050140E0,7.618950367E0,-4.576050282E0
4.152768850E2,3.040050030E0,7.732950211E0,-4.360050201E0
4.152793287E2,2.829000235E0,7.935000420E0,-4.144950390E0
4.152817724E2,2.688000202E0,8.092950821E0,-4.054049969E0
4.152842159E2,2.638050079E0,8.125950813E0,-4.380000114E0
4.152866596E2,2.731050014E0,8.071050644E0,-4.771950245E0
4.152891033E2,2.839050055E0,8.032950401E0,-4.899000168E0
4.152915469E2,2.877000093E0,7.872000217E0,-4.624050140E0
4.152939906E2,2.974950075E0,7.759950161E0,-4.066050053E0
4.152964343E2,2.911050081E0,7.705050468E0,-3.640050173E0
4.152988780E2,2.748000145E0,7.834050179E0,-3.649050236E0
4.153013214E2,2.599050045E0,7.990050316E0,-4.059000015E0
4.153037651E2,2.584950209E0,7.999050617E0,-4.498950005E0
4.153062088E2,2.475000143E0,8.185950279E0,-4.662000179E0
4.153086525E2,2.403000116E0,8.253000259E0,-4.614000320E0
4.153110961E2,2.427000046E0,8.344050407E0,-4.344000340E0
4.153135398E2,2.334000111E0,8.524050713E0,-4.030050278E0
4.153159835E2,2.503950119E0,8.461050034E0,-4.128000259E0
4.153184270E2,2.326050043E0,8.512050629E0,-4.498950005E0
4.153208706E2,2.358000040E0,8.598000526E0,-4.807950020E0
4.153233143E2,2.428950071E0,8.521050453E0,-4.815000057E0
4.153257580E2,2.419950008E0,8.442000389E0,-4.486950397E0
4.153282017E2,2.386050224E0,8.239050865E0,-4.060950279E0
4.153306453E2,2.584950209E0,8.044950485E0,-3.829050064E0
4.153330890E2,2.547000170E0,8.032950401E0,-3.819000244E0
4.153355325E2,2.784000158E0,7.896000385E0,-4.083000183E0
4.153379762E2,2.962950230E0,8.049000740E0,-4.168950081E0
4.153404199E2,2.881950140E0,8.263050079E0,-4.288949966E0
4.153428636E2,2.683050156E0,8.277000427E0,-4.356000423E0
4.153453072E2,2.314050198E0,8.265000343E0,-4.324950218E0
4.153477509E2,2.203950167E0,8.121000290E0,-3.949050188E0
4.153501946E2,2.389050007E0,7.879950523E0,-3.613050222E0
4.153526380E2,2.455950022E0,7.695000172E0,-3.502950191E0
4.153550817E2,2.578050137E0,7.585050583E0,-3.637050152E0
4.153575254E2,2.383949995E0,7.659000397E0,-3.949050188E0
4.153599690E2,2.275950193E0,7.867950439E0,-4.056000233E0
4.153624127E2,2.503950119E0,7.996950150E0,-4.104000092E0
4.153648564E2,2.185050011E0,8.326950073E0,-4.159049988E0
4.153673001E2,2.415000200E0,8.320050240E0,-4.408050060E0
4.153697438E2,2.560950041E0,8.169000626E0,-4.866000175E0
4.153721872E2,2.880000114E0,7.908000469E0,-5.323050022E0
4.153746309E2,3.106950045E0,7.743000507E0,-5.269950390E0
4.153770746E2,3.346050262E0,7.630050182E0,-5.035950184E0
4.153795182E2,3.471000195E0,7.683000565E0,-4.590000153E0
4.153819619E2,3.373050213E0,7.807950497E0,-4.341000080E0
4.153844056E2,3.303000212E0,7.969950199E0,-4.546950340E0
4.153868491E2,3.016050100E0,8.287050247E0,-4.759950161E0
4.153892930E2,2.769000053E0,8.373000145E0,-4.978050232E0
4.153917365E2,2.863050222E0,8.377950668E0,-4.741050243E0
4.153941802E2,2.446050167E0,8.409000397E0,-4.678950310E0
4.153966238E2,2.611050129E0,8.184000015E0,-3.946050167E0
4.153990675E2,2.664000034E0,8.155050278E0,-3.193950176E0
4.154015109E2,2.164050102E0,8.362950325E0,-2.842050076E0
4.154039549E2,1.933950067E0,8.277000427E0,-3.142050266E0
4.154063983E2,1.696950078E0,8.524050713E0,-3.445950270E0
4.154088420E2,1.680000067E0,8.671950340E0,-3.606000185E0
4.154112857E2,1.807050109E0,8.779950142E0,-3.871950150E0
4.154137293E2,2.029950142E0,8.650050163E0,-4.107000351E0
4.154161730E2,2.425050020E0,8.587950706E0,-4.377000332E0
4.154186167E2,2.880000114E0,8.581050873E0,-4.621050358E0
4.154210602E2,2.925000191E0,8.392050743E0,-4.770000458E0
4.154235039E2,2.674050093E0,8.314949989E0,-4.638000011E0
4.154259475E2,2.674050093E0,8.224050522E0,-4.593000412E0
4.154283912E2,2.980050087E0,7.993950367E0,-4.630950451E0
4.154308349E2,3.073050261E0,7.920000553E0,-4.744050026E0
4.154332785E2,3.174000263E0,7.633050442E0,-4.803000450E0
4.154357222E2,3.411000252E0,7.365000248E0,-5.052000046E0
4.154381659E2,3.220050097E0,7.458000183E0,-4.846950054E0
4.154406094E2,3.151950121E0,7.468050480E0,-4.578000069E0
4.154430531E2,3.042000055E0,7.647000313E0,-4.404000282E0
4.154454968E2,2.875050068E0,7.824000359E0,-4.212000370E0
4.154479404E2,2.587050200E0,7.860000610E0,-4.162050247E0
4.154503841E2,2.761950016E0,7.710000515E0,-4.164000034E0
4.154528278E2,2.899050236E0,7.611000538E0,-4.344000340E0
4.154552715E2,2.899050236E0,7.609050274E0,-4.234050274E0
4.154577151E2,2.905950069E0,7.663950443E0,-3.676050186E0
4.154601586E2,2.635050058E0,7.807950497E0,-3.379050255E0
4.154626022E2,2.536950111E0,8.005949974E0,-3.517950058E0
4.154650460E2,2.416950226E0,8.229000092E0,-3.835950136E0
4.154674896E2,2.242950201E0,8.449049950E0,-4.090050220E0
4.154699333E2,2.130000114E0,8.542950630E0,-4.155000210E0
4.154723770E2,2.191950083E0,8.464050293E0,-4.032000065E0
4.154748204E2,2.455950022E0,8.263050079E0,-3.810000181E0
4.154772641E2,2.803050041E0,8.076000214E0,-3.691950083E0
4.154797078E2,2.962950230E0,8.200050354E0,-3.787950277E0
4.154821514E2,2.899050236E0,8.121000290E0,-3.691950083E0
4.154845951E2,2.499000072E0,8.458950043E0,-3.598950148E0
4.154870388E2,2.202000141E0,8.662050247E0,-3.493950129E0
4.154894825E2,2.254950047E0,8.782050133E0,-3.565950155E0
4.154919262E2,2.299950123E0,8.698050499E0,-3.877050161E0
4.154943697E2,2.472000122E0,8.536050797E0,-4.288949966E0
4.154968134E2,2.671050072E0,8.329950333E0,-4.507050037E0
4.154992571E2,2.824050188E0,8.121000290E0,-4.447050095E0
4.155017007E2,2.893950224E0,8.011050224E0,-4.183050156E0
4.155041444E2,2.941950083E0,8.017950058E0,-4.095000267E0
4.155065881E2,3.021000147E0,7.978050232E0,-4.291050434E0
4.155090315E2,3.160050154E0,8.023050308E0,-4.504050255E0
4.155114754E2,3.270000219E0,7.923000336E0,-4.777050018E0
4.155139189E2,3.291000128E0,7.741050243E0,-4.885050297E0
4.155163626E2,3.241050243E0,7.561050415E0,-4.626000404E0
4.155188063E2,3.277050257E0,7.410000324E0,-4.123050213E0
4.155212499E2,3.355950117E0,7.306950569E0,-3.709050179E0
4.155236936E2,3.346050262E0,7.204050541E0,-3.565950155E0
4.155261373E2,3.310050249E0,7.225950241E0,-3.730950117E0
4.155285808E2,3.355950117E0,7.294950485E0,-4.138050079E0
4.155310244E2,3.271950245E0,7.458000183E0,-4.420050144E0
4.155334681E2,3.136050224E0,7.698000431E0,-4.327050209E0
4.155359118E2,2.887050152E0,7.843950272E0,-3.988950253E0
4.155383554E2,2.683050156E0,7.972950459E0,-3.763950109E0
4.155407992E2,2.628000021E0,8.056950569E0,-3.807000160E0
4.155432426E2,2.662050009E0,8.095050812E0,-4.072950363E0
4.155456863E2,2.626050234E0,8.136000633E0,-4.267050266E0
4.155481300E2,2.536950111E0,8.173950195E0,-4.297950268E0
4.155505737E2,2.616000175E0,8.203050613E0,-4.300950050E0
4.155530174E2,2.635050058E0,8.358000755E0,-4.180950165E0
4.155554610E2,2.664000034E0,8.440050125E0,-4.114050388E0
4.155579047E2,2.680950165E0,8.421000481E0,-4.150050163E0
4.155603484E2,2.749950171E0,8.442000389E0,-4.096950054E0
4.155627918E2,2.767050028E0,8.370000839E0,-4.027950287E0
4.155652355E2,2.877000093E0,8.248050690E0,-3.979950190E0
4.155676792E2,2.959050179E0,8.148000717E0,-3.967950106E0
4.155701228E2,2.947050095E0,8.095050812E0,-3.879000187E0
4.155725666E2,2.982000113E0,8.085000038E0,-3.838950157E0
4.155750102E2,2.970000029E0,8.121000290E0,-3.877050161E0
4.155774539E2,2.851050138E0,8.248050690E0,-3.976950169E0
4.155798976E2,2.809950113E0,8.308050156E0,-4.051949978E0
4.155823411E2,2.827050209E0,8.344050407E0,-4.096950054E0
4.155847848E2,2.808000088E0,8.365950584E0,-4.118999958E0
4.155872285E2,2.796000242E0,8.310000420E0,-4.200000286E0
4.155896721E2,2.803050041E0,8.361000061E0,-4.279050350E0
4.155921158E2,2.788950205E0,8.401050568E0,-4.303050041E0
4.155945595E2,2.755050182E0,8.466000557E0,-4.353000164E0
4.155970031E2,2.712000132E0,8.539950371E0,-4.296000004E0
4.155994466E2,2.653950214E0,8.575950623E0,-4.267050266E0
4.156018903E2,2.664000034E0,8.583000183E0,-4.246050358E0
4.156043340E2,2.668950081E0,8.551950455E0,-4.216950417E0
4.156067776E2,2.665950060E0,8.473050117E0,-4.188000202E0
4.156092213E2,2.689950228E0,8.454000473E0,-4.120950222E0
4.156116650E2,2.731050014E0,8.385000229E0,-4.063950062E0
4.156141087E2,2.710050106E0,8.322000504E0,-4.047000408E0
4.156165522E2,2.664000034E0,8.348999977E0,-4.011000156E0
4.156189958E2,2.620950222E0,8.290950775E0,-4.027950287E0
4.156214395E2,2.688000202E0,8.185950279E0,-4.006050110E0
4.156238832E2,2.743050098E0,8.145000458E0,-4.011000156E0
4.156263269E2,2.721000195E0,8.068950653E0,-4.092000008E0
4.156287705E2,2.740950108E0,7.999050617E0,-4.204950333E0
4.156312142E2,2.836050034E0,7.918050289E0,-4.296000004E0
4.156336579E2,2.833950043E0,7.911000252E0,-4.223999977E0
4.156361014E2,2.869950056E0,7.858050346E0,-4.150050163E0
4.156385451E2,2.941950083E0,7.774050236E0,-4.123050213E0
4.156409888E2,2.926950216E0,7.747950554E0,-4.200000286E0
4.156434324E2,2.962950230E0,7.695000172E0,-4.333950043E0
4.156458761E2,2.998950243E0,7.674000263E0,-4.425000191E0
4.156483198E2,3.006000042E0,7.647000313E0,-4.381950378E0
4.156507635E2,3.001950026E0,7.630050182E0,-4.332000256E0
4.156532069E2,3.030000210E0,7.587000370E0,-4.297950268E0
4.156556506E2,3.102000237E0,7.528050423E0,-4.171050072E0
4.156580943E2,3.090000153E0,7.555950165E0,-4.207050323E0
4.156605380E2,3.057000160E0,7.615950584E0,-4.231050014E0
4.156629816E2,3.004050255E0,7.623000145E0,-4.285950184E0
4.156654253E2,2.962950230E0,7.681050301E0,-4.219050407E0
4.156678688E2,3.016050100E0,7.732950211E0,-4.092000008E0
4.156703125E2,2.935050249E0,7.779000282E0,-4.030050278E0
4.156727562E2,2.985000134E0,7.884000301E0,-3.903000116E0
4.156751999E2,2.949000120E0,7.896000385E0,-3.973050117E0
4.156776435E2,2.809950113E0,7.992000580E0,-4.051949978E0
4.156800872E2,2.832000017E0,8.052000046E0,-4.155000210E0
4.156825309E2,2.833950043E0,8.064000130E0,-4.174050331E0
4.156849745E2,2.820000172E0,8.157000542E0,-4.072950363E0
4.156874180E2,2.868000031E0,8.137949944E0,-3.976950169E0
4.156898617E2,2.889000177E0,8.200050354E0,-3.951000214E0
4.156923054E2,2.853000164E0,8.203050613E0,-3.975000143E0
4.156947490E2,2.884050131E0,8.191050529E0,-3.991950274E0
4.156971928E2,2.889000177E0,8.218950272E0,-4.030050278E0
4.156996364E2,2.908050060E0,8.197950363E0,-4.018050194E0
4.157020801E2,2.889000177E0,8.212050438E0,-3.979950190E0
4.157045238E2,3.010950089E0,8.148000717E0,-3.907950163E0
4.157069672E2,2.937000036E0,8.200050354E0,-3.889050245E0
4.157094109E2,2.923050165E0,8.200050354E0,-3.919950247E0
4.157118546E2,2.959050179E0,8.143050194E0,-3.931950092E0
4.157142982E2,2.917950153E0,8.148000717E0,-3.907950163E0
4.157167419E2,3.021000147E0,8.085000038E0,-3.913050175E0
4.157191856E2,2.947050095E0,8.061000824E0,-3.931950092E0
4.157216293E2,2.986950159E0,8.080950737E0,-3.906000137E0
4.157240728E2,2.985000134E0,8.059050560E0,-4.003950119E0
4.157265165E2,2.956050158E0,8.119050026E0,-3.999000072E0
4.157289601E2,2.997000217E0,8.023050308E0,-4.030050278E0
4.157314038E2,2.937000036E0,8.028000832E0,-3.994050264E0
4.157338475E2,2.970000029E0,7.968000412E0,-4.012950420E0
4.157362911E2,3.013950109E0,7.930050373E0,-3.970050097E0
4.157387348E2,3.025950193E0,7.911000252E0,-3.919950247E0
4.157411783E2,3.085050106E0,7.863000393E0,-3.922050238E0
4.157436220E2,3.033000231E0,7.858050346E0,-3.987000227E0
4.157460657E2,3.022950172E0,7.872000217E0,-3.988950253E0
4.157485093E2,3.046950102E0,7.887000561E0,-3.943950176E0
4.157509530E2,3.100050211E0,7.860000610E0,-3.877050161E0
4.157533967E2,3.181050062E0,7.803000450E0,-3.862050295E0
4.157558402E2,3.160050154E0,7.848000526E0,-3.930000305E0
4.157582838E2,3.117000103E0,7.864950180E0,-4.019999981E0
4.157607275E2,3.162000179E0,7.848000526E0,-4.068000317E0
4.157631712E2,3.330000162E0,7.927050591E0,-4.054049969E0
4.157656149E2,3.226950169E0,7.980000496E0,-4.144950390E0
4.157680585E2,3.049950123E0,7.935000420E0,-4.171050072E0
4.157705022E2,3.054000139E0,7.834050179E0,-3.951000214E0
4.157729459E2,3.081000090E0,7.768950462E0,-3.661050081E0
4.157753894E2,3.139950037E0,7.824000359E0,-3.549000263E0
4.157778331E2,3.138000250E0,7.896000385E0,-3.703950167E0
4.157802768E2,3.025950193E0,7.972950459E0,-3.987000227E0
4.157827205E2,3.081000090E0,8.011050224E0,-4.066050053E0
4.157851641E2,3.139950037E0,8.116950035E0,-4.009050369E0
4.157876078E2,3.061050177E0,8.193000793E0,-3.874050140E0
4.157900515E2,2.982000113E0,8.169000626E0,-3.690000057E0
4.157924951E2,2.944050074E0,7.956000328E0,-3.730950117E0
4.157949386E2,3.343950272E0,7.759950161E0,-3.690000057E0
4.157973823E2,3.246000051E0,7.762050152E0,-3.724050283E0
4.157998260E2,3.259950161E0,7.765050411E0,-3.634950161E0
4.158022697E2,3.313050270E0,7.896000385E0,-3.703950167E0
4.158047133E2,3.214950085E0,8.131050110E0,-3.901050091E0
4.158071570E2,3.106950045E0,8.188050270E0,-4.075950146E0
4.158096007E2,3.046950102E0,8.289000511E0,-4.180950165E0
4.158120441E2,3.082950115E0,8.302950859E0,-4.179000378E0
4.158144878E2,3.082950115E0,8.209950447E0,-4.180950165E0
4.158169315E2,3.241050243E0,8.026050568E0,-4.063950062E0
4.158193751E2,3.151950121E0,7.852950573E0,-4.023000240E0
4.158218188E2,3.247950077E0,7.803000450E0,-3.858000278E0
4.158242625E2,3.184050083E0,7.936950207E0,-3.748050213E0
4.158267062E2,2.977950096E0,8.068950653E0,-3.847950220E0
4.158291499E2,3.025950193E0,8.133000374E0,-4.036950111E0
4.158315934E2,2.959050179E0,8.253000259E0,-4.192950249E0
4.158340371E2,3.009000063E0,8.334000587E0,-4.198050022E0
4.158364808E2,3.021000147E0,8.230950356E0,-4.288949966E0
4.158389244E2,3.082950115E0,8.152050018E0,-4.063950062E0
4.158413681E2,3.090000153E0,8.167050362E0,-3.943950176E0
4.158438118E2,3.054000139E0,8.011050224E0,-3.991950274E0
4.158462552E2,2.992050171E0,7.987050533E0,-3.958050251E0
4.158486991E2,3.037950039E0,7.968000412E0,-3.967950106E0
4.158511426E2,2.839050055E0,8.080950737E0,-4.108950138E0
4.158535863E2,2.959050179E0,8.143050194E0,-3.982050180E0
4.158560300E2,2.761950016E0,8.257950783E0,-4.027950287E0
4.158584736E2,2.767050028E0,8.221950531E0,-4.123050213E0
4.158609173E2,2.796000242E0,8.227050781E0,-4.269000053E0
4.158633610E2,2.805000067E0,8.251049995E0,-4.441950321E0
4.158658044E2,2.932050228E0,8.204999924E0,-4.561950207E0
4.158682481E2,2.941950083E0,8.157000542E0,-4.576050282E0
4.158706918E2,2.832000017E0,8.188050270E0,-4.425000191E0
4.158731354E2,2.908050060E0,8.124000549E0,-4.369950294E0
4.158755791E2,2.917950153E0,8.053950310E0,-4.495050430E0
4.158780228E2,2.863050222E0,8.113950729E0,-4.621050358E0
4.158804665E2,2.839050055E0,8.131050110E0,-4.629000187E0
4.158829102E2,2.896050215E0,8.076000214E0,-4.522950172E0
4.158853537E2,2.920050144E0,8.061000824E0,-4.486950397E0
4.158877974E2,2.914950132E0,8.061000824E0,-4.578000069E0
4.158902411E2,2.901000023E0,8.056950569E0,-4.710000038E0
4.158926847E2,2.949000120E0,8.016000748E0,-4.686000347E0
4.158951284E2,2.929950237E0,8.014050484E0,-4.605000019E0
4.158975721E2,2.941950083E0,7.920000553E0,-4.542000294E0
4.159000158E2,2.932050228E0,7.899000168E0,-4.522950172E0
4.159024592E2,2.833950043E0,7.920000553E0,-4.473000050E0
4.159049029E2,2.889000177E0,7.923000336E0,-4.384050369E0
4.159073466E2,2.767050028E0,7.980000496E0,-4.408050060E0
4.159097903E2,2.707050085E0,8.071050644E0,-4.438950062E0
4.159122339E2,2.644950151E0,8.148000717E0,-4.497000217E0
4.159146776E2,2.604000092E0,8.193000793E0,-4.483050346E0
4.159171213E2,2.511000156E0,8.242950439E0,-4.461000443E0
4.159195648E2,2.518050194E0,8.284049988E0,-4.461000443E0
4.159220085E2,2.539950132E0,8.233950615E0,-4.413000107E0
4.159244522E2,2.542050123E0,8.224050522E0,-4.441950321E0
4.159268959E2,2.587050200E0,8.164050102E0,-4.423050404E0
4.159293395E2,2.607000113E0,8.164050102E0,-4.413000107E0
4.159317832E2,2.619000196E0,8.179050446E0,-4.411050320E0
4.159342269E2,2.620950222E0,8.193000793E0,-4.387050152E0
4.159366703E2,2.590050220E0,8.218950272E0,-4.435050011E0
4.159391140E2,2.608950138E0,8.239050865E0,-4.423050404E0
4.159415577E2,2.590050220E0,8.196000099E0,-4.474950314E0
4.159440014E2,2.695050240E0,8.221950531E0,-4.489950180E0
4.159464451E2,2.698050022E0,8.191050529E0,-4.528050423E0
4.159488887E2,2.698050022E0,8.203050613E0,-4.521000385E0
4.159513324E2,2.796000242E0,8.179050446E0,-4.522950172E0
4.159537761E2,2.731050014E0,8.251049995E0,-4.540050030E0
4.159562196E2,2.683050156E0,8.296050072E0,-4.545000076E0
4.159586632E2,2.701950073E0,8.299050331E0,-4.501950264E0
4.159611069E2,2.757000208E0,8.227050781E0,-4.465950012E0
4.159635505E2,2.832000017E0,8.229000092E0,-4.441950321E0
4.159659943E2,2.856000185E0,8.200050354E0,-4.423050404E0
4.159684379E2,2.887050152E0,8.161950111E0,-4.344000340E0
4.159708816E2,2.856000185E0,8.212050438E0,-4.279050350E0
4.159733253E2,2.832000017E0,8.241000175E0,-4.240950108E0
4.159757688E2,2.767050028E0,8.287050247E0,-4.243050098E0
4.159782125E2,2.704950094E0,8.332050323E0,-4.258049965E0
4.159806562E2,2.712000132E0,8.293950081E0,-4.260000229E0
4.159830998E2,2.731050014E0,8.257950783E0,-4.258049965E0
4.159855435E2,2.764950037E0,8.196000099E0,-4.237950325E0
4.159879872E2,2.769000053E0,8.107049942E0,-4.192950249E0
4.159904306E2,2.785950184E0,8.052000046E0,-4.198050022E0
4.159928745E2,2.785950184E0,8.017950058E0,-4.189949989E0
4.159953180E2,2.827050209E0,7.956000328E0,-4.195050240E0
4.159977617E2,2.881950140E0,7.867950439E0,-4.308000088E0
4.160002053E2,2.959050179E0,7.851000309E0,-4.404000282E0
4.160026490E2,3.016050100E0,7.827000141E0,-4.425000191E0
4.160050927E2,3.042000055E0,7.771950245E0,-4.312950134E0
4.160075364E2,3.040050030E0,7.755000591E0,-4.252950191E0
4.160099798E2,3.082950115E0,7.698000431E0,-4.243050098E0
4.160124235E2,3.090000153E0,7.698000431E0,-4.303050041E0
4.160148672E2,3.040050030E0,7.678050518E0,-4.365000248E0
4.160173108E2,3.066000223E0,7.642050266E0,-4.380000114E0
4.160197545E2,3.034950256E0,7.633050442E0,-4.333950043E0
4.160221982E2,3.004050255E0,7.635000229E0,-4.267050266E0
4.160246419E2,3.004050255E0,7.626000404E0,-4.264950275E0
4.160270854E2,3.018000126E0,7.659000397E0,-4.276950359E0
4.160295291E2,2.989950180E0,7.663950443E0,-4.336950302E0
4.160319728E2,2.997000217E0,7.671000481E0,-4.549950123E0
4.160344165E2,3.229050159E0,7.546950340E0,-4.411050320E0
4.160368602E2,3.046950102E0,7.590000153E0,-4.120950222E0
4.160393038E2,3.070950031E0,7.525050163E0,-3.870000124E0
4.160417475E2,3.375000238E0,7.456050396E0,-3.787950277E0
4.160441912E2,3.267000198E0,7.582950592E0,-4.152000427E0
4.160466346E2,3.088050127E0,7.662000179E0,-4.317000389E0
4.160490783E2,2.959050179E0,7.735950470E0,-4.258049965E0
4.160515220E2,2.986950159E0,7.791000366E0,-3.927000284E0
4.160539657E2,2.869950056E0,7.963050365E0,-3.604050159E0
4.160564093E2,2.805000067E0,8.113950729E0,-3.688050270E0
4.160588530E2,2.689950228E0,8.136000633E0,-3.867000103E0
4.160612965E2,2.623050213E0,8.209950447E0,-4.071000099E0
4.160637402E2,2.607000113E0,8.248050690E0,-4.084949970E0
4.160661839E2,2.619000196E0,8.344050407E0,-3.961050272E0
4.160686275E2,2.719050169E0,8.344050407E0,-3.862050295E0
4.160710712E2,2.827050209E0,8.305950165E0,-3.963000298E0
4.160735149E2,2.821950197E0,8.289000511E0,-4.104000092E0
4.160759585E2,3.006000042E0,8.203050613E0,-4.261950016E0
4.160784022E2,3.124050140E0,8.164050102E0,-4.312950134E0
4.160808457E2,3.022950172E0,8.241000175E0,-4.255050182E0
4.160832894E2,2.961000204E0,8.260050774E0,-4.174050331E0
4.160857331E2,3.088050127E0,8.173950195E0,-4.236000061E0
4.160881767E2,3.090000153E0,8.224050522E0,-4.416000366E0
4.160906204E2,3.097050190E0,8.161950111E0,-4.662000179E0
4.160930641E2,2.698050022E0,8.421000481E0,-4.462950230E0
4.160955078E2,3.355950117E0,7.966050148E0,-4.118999958E0
4.160979515E2,2.652000189E0,8.272050858E0,-4.389000416E0
4.161003949E2,3.186000109E0,8.112000465E0,-3.883950233E0
4.161028386E2,2.901000023E0,8.083050728E0,-4.417950153E0
4.161052823E2,2.833950043E0,8.248050690E0,-4.372050285E0
4.161077260E2,2.947050095E0,8.119050026E0,-4.303050041E0
4.161101696E2,2.788950205E0,8.200050354E0,-4.336950302E0
4.161126133E2,2.937000036E0,8.171999931E0,-4.084949970E0
4.161150570E2,2.721000195E0,8.209950447E0,-3.919950247E0
4.161175005E2,2.848050117E0,8.173950195E0,-3.829050064E0
4.161199441E2,2.908050060E0,8.145000458E0,-3.979950190E0
4.161223878E2,2.917950153E0,8.217000008E0,-4.293000221E0
4.161248315E2,2.913000107E0,8.121000290E0,-4.564050198E0
4.161272752E2,2.827050209E0,8.185950279E0,-4.501950264E0
4.161297188E2,2.745000124E0,8.179050446E0,-4.261950016E0
4.161321625E2,2.980050087E0,8.038050652E0,-4.006050110E0
4.161346062E2,2.920050144E0,8.047050476E0,-3.931950092E0
4.161370497E2,2.959050179E0,7.993950367E0,-4.212000370E0
4.161394934E2,2.962950230E0,7.867950439E0,-4.510950089E0
4.161419371E2,3.100050211E0,7.899000168E0,-4.636050224E0
4.161443807E2,2.986950159E0,7.882050514E0,-4.392000198E0
4.161468244E2,3.033000231E0,7.900950432E0,-4.183050156E0
4.161492681E2,2.973000050E0,7.851000309E0,-4.123050213E0
4.161517115E2,2.923050165E0,7.887000561E0,-4.305000305E0
4.161541554E2,2.973000050E0,7.807950497E0,-4.453950405E0
4.161565989E2,3.094950199E0,7.777050495E0,-4.465950012E0
4.161590426E2,3.078000069E0,7.828950405E0,-4.363049984E0
4.161614863E2,3.064050198E0,7.810050488E0,-4.200000286E0
4.161639299E2,3.109050035E0,7.789050579E0,-4.192950249E0
4.161663736E2,3.081000090E0,7.870050430E0,-4.188000202E0
4.161688173E2,3.037950039E0,7.918050289E0,-4.168950081E0
4.161712608E2,3.066000223E0,7.936950207E0,-4.118999958E0
4.161737045E2,3.073050261E0,7.944000244E0,-4.072950363E0
4.161761482E2,3.030000210E0,7.963050365E0,-4.080000401E0
4.161785918E2,3.070950031E0,7.972950459E0,-4.095000267E0
4.161810355E2,3.040050030E0,8.029950142E0,-4.066050053E0
4.161834792E2,3.040050030E0,8.039999962E0,-3.988950253E0
4.161859229E2,3.009000063E0,8.072999954E0,-3.934050083E0
4.161883665E2,3.001950026E0,8.092950821E0,-3.886050224E0
4.161908100E2,3.018000126E0,8.116950035E0,-3.891000271E0
4.161932537E2,2.994000196E0,8.077950478E0,-3.915000200E0
4.161956974E2,3.022950172E0,8.064000130E0,-3.910050154E0
4.161981411E2,3.070950031E0,8.035050392E0,-3.886050224E0
4.162005847E2,3.112050056E0,7.993950367E0,-3.877050161E0
4.162030284E2,3.102000237E0,7.996950150E0,-3.859950066E0
4.162054721E2,3.175950050E0,7.963050365E0,-3.883950233E0
4.162079156E2,3.181050062E0,7.999050617E0,-3.979950190E0
4.162103592E2,3.169050217E0,8.004000664E0,-4.056000233E0
4.162128029E2,3.175950050E0,7.975050449E0,-4.083000183E0
4.162152466E2,3.187950134E0,7.939050198E0,-4.104000092E0
4.162176902E2,3.190950155E0,7.930050373E0,-4.066050053E0
4.162201339E2,3.231000185E0,7.908000469E0,-4.056000233E0
4.162225776E2,3.241050243E0,7.894050598E0,-4.063950062E0
4.162250213E2,3.250950098E0,7.855950356E0,-4.068000317E0
4.162274648E2,3.243000269E0,7.876950264E0,-4.051949978E0
4.162299085E2,3.217050076E0,7.900950432E0,-4.102050304E0
4.162323522E2,3.136050224E0,7.963050365E0,-4.120950222E0
4.162347958E2,3.070950031E0,7.956000328E0,-4.167000294E0
4.162372395E2,3.021000147E0,7.954050541E0,-4.135050297E0
4.162396832E2,3.016050100E0,7.975050449E0,-4.090050220E0
4.162421269E2,3.009000063E0,8.044950485E0,-4.035000324E0
4.162445705E2,2.953950167E0,8.052000046E0,-4.060950279E0
4.162470140E2,2.950950146E0,8.039999962E0,-4.104000092E0
4.162494577E2,2.941950083E0,8.077950478E0,-4.147050381E0
4.162519014E2,2.925000191E0,8.072999954E0,-4.150050163E0
4.162543450E2,2.877000093E0,8.061000824E0,-4.128000259E0
4.162567887E2,2.877000093E0,8.047050476E0,-4.072950363E0
4.162592324E2,2.884050131E0,8.038050652E0,-4.068000317E0
4.162616759E2,2.944050074E0,8.008950233E0,-4.102050304E0
4.162641196E2,2.925000191E0,8.004000664E0,-4.156949997E0
4.162665633E2,2.920050144E0,8.049000740E0,-4.201950073E0
4.162690070E2,2.901000023E0,8.016000748E0,-4.234050274E0
4.162714506E2,2.929950237E0,8.014050484E0,-4.200000286E0
4.162738943E2,2.908050060E0,8.026050568E0,-4.212000370E0
4.162763380E2,2.935050249E0,8.044950485E0,-4.288949966E0
4.162787814E2,2.986950159E0,8.041950226E0,-4.357950211E0
4.162812251E2,2.935050249E0,8.056950569E0,-4.377000332E0
4.162836688E2,2.980050087E0,8.035050392E0,-4.369950294E0
4.162861125E2,2.965950251E0,8.061000824E0,-4.315050125E0
4.162885562E2,2.997000217E0,8.080950737E0,-4.324950218E0
4.162909998E2,3.001950026E0,8.116950035E0,-4.420050144E0
4.162934435E2,2.998950243E0,8.116950035E0,-4.489950180E0
4.162958872E2,3.006000042E0,8.076000214E0,-4.525950432E0
4.162983309E2,3.006000042E0,8.053950310E0,-4.509000301E0
4.163007743E2,3.016050100E0,8.065950394E0,-4.432050228E0
4.163032180E2,2.982000113E0,8.088000298E0,-4.372050285E0
4.163056617E2,2.989950180E0,8.113950729E0,-4.365000248E0
4.163081054E2,2.968050241E0,8.100000381E0,-4.405950069E0
4.163105490E2,2.973000050E0,8.080950737E0,-4.399050236E0
4.163129927E2,2.923050165E0,8.104949951E0,-4.380000114E0
4.163154364E2,2.959050179E0,8.049000740E0,-4.327050209E0
4.163178799E2,2.986950159E0,8.014050484E0,-4.272000313E0
4.163203236E2,2.982000113E0,8.005949974E0,-4.281000137E0
4.163227673E2,3.018000126E0,7.963050365E0,-4.293000221E0
4.163252109E2,3.021000147E0,7.963050365E0,-4.315050125E0
4.163276546E2,2.944050074E0,7.999050617E0,-4.284000397E0
4.163300983E2,2.959050179E0,7.984950542E0,-4.285950184E0
4.163325420E2,2.917950153E0,7.963050365E0,-4.276950359E0
4.163349854E2,2.949000120E0,7.951050282E0,-4.324950218E0
4.163374291E2,2.992050171E0,7.924950600E0,-4.384050369E0
4.163398728E2,3.034950256E0,7.870050430E0,-4.437000275E0
4.163423165E2,3.004050255E0,7.816950321E0,-4.501950264E0
4.163447601E2,3.052050114E0,7.786050320E0,-4.444050312E0
4.163472038E2,3.073050261E0,7.741050243E0,-4.396049976E0
4.163496475E2,3.114000082E0,7.705050468E0,-4.380000114E0
4.163520912E2,3.163950205E0,7.707000256E0,-4.405950069E0
4.163545347E2,3.148050070E0,7.695000172E0,-4.441950321E0
4.163569784E2,3.142950058E0,7.723950386E0,-4.474950314E0
4.163594221E2,3.187950134E0,7.731000423E0,-4.507050037E0
4.163618657E2,3.166950226E0,7.747950554E0,-4.518000126E0
4.163643094E2,3.172050238E0,7.744950294E0,-4.528050423E0
4.163667530E2,3.172050238E0,7.780950546E0,-4.540050030E0
4.163691967E2,3.133050203E0,7.792950153E0,-4.510950089E0
4.163716404E2,3.154950142E0,7.824000359E0,-4.530000210E0
4.163740839E2,3.129000187E0,7.906050205E0,-4.552050114E0
4.163765276E2,3.130950212E0,7.924950600E0,-4.590000153E0
4.163789713E2,3.126000166E0,7.932000160E0,-4.557000160E0
4.163814149E2,3.162000179E0,7.944000244E0,-4.528050423E0
4.163838586E2,3.157050133E0,7.966050148E0,-4.525950432E0
4.163863023E2,3.172050238E0,8.044950485E0,-4.509000301E0
4.163887458E2,3.166950226E0,8.005949974E0,-4.510950089E0
4.163911897E2,3.172050238E0,8.016000748E0,-4.497000217E0
4.163936331E2,3.223950148E0,8.035050392E0,-4.489950180E0
4.163960768E2,3.217050076E0,7.975050449E0,-4.459050179E0
4.163985205E2,3.210000038E0,8.017950058E0,-4.444050312E0
4.164009642E2,3.202950239E0,7.993950367E0,-4.427999973E0
4.164034078E2,3.243000269E0,7.990050316E0,-4.377000332E0
4.164058515E2,3.235950232E0,7.960950375E0,-4.344000340E0
4.164082950E2,3.223950148E0,7.981950283E0,-4.333950043E0
4.164107387E2,3.214950085E0,7.992000580E0,-4.351050377E0
4.164131824E2,3.231000185E0,8.004000664E0,-4.317000389E0
4.164156261E2,3.247950077E0,7.978050232E0,-4.300950050E0
4.164180697E2,3.289050102E0,7.932000160E0,-4.261950016E0
4.164205134E2,3.282000065E0,7.900950432E0,-4.261950016E0
4.164229571E2,3.283950090E0,7.888950348E0,-4.264950275E0
4.164254008E2,3.315000057E0,7.875000477E0,-4.285950184E0
4.164278442E2,3.349050045E0,7.872000217E0,-4.248000145E0
4.164302879E2,3.351000071E0,7.887000561E0,-4.222050190E0
4.164327316E2,3.337050200E0,7.912950516E0,-4.186050415E0
4.164351752E2,3.331950188E0,7.896000385E0,-4.200000286E0
4.164376189E2,3.375000238E0,7.867950439E0,-4.186050415E0
4.164400626E2,3.409050226E0,7.804950237E0,-4.156949997E0
4.164425063E2,3.406050205E0,7.791000366E0,-4.096950054E0
4.164449497E2,3.375000238E0,7.774050236E0,-4.042050362E0
4.164473934E2,3.385050058E0,7.803000450E0,-4.018050194E0
4.164498371E2,3.382050276E0,7.795950413E0,-4.000950336E0
4.164522808E2,3.378000259E0,7.768950462E0,-3.988950253E0
4.164547244E2,3.346050262E0,7.800000191E0,-3.939000130E0
4.164571681E2,3.322050095E0,7.783950329E0,-3.879000187E0
4.164596118E2,3.366000175E0,7.803000450E0,-3.850050211E0
4.164620555E2,3.375000238E0,7.791000366E0,-3.871950150E0
4.164644990E2,3.351000071E0,7.762050152E0,-3.907950163E0
4.164669426E2,3.339000225E0,7.747950554E0,-3.883950233E0
4.164693863E2,3.354000092E0,7.753050327E0,-3.829050064E0
4.164718300E2,3.373050213E0,7.771950245E0,-3.748050213E0
4.164742737E2,3.373050213E0,7.777050495E0,-3.760050297E0
4.164767174E2,3.385050058E0,7.743000507E0,-3.805050135E0
4.164791608E2,3.409050226E0,7.747950554E0,-3.874050140E0
4.164816045E2,3.388950109E0,7.735950470E0,-3.895950079E0
4.164840482E2,3.367950201E0,7.744950294E0,-3.895950079E0
4.164864919E2,3.400950193E0,7.731000423E0,-3.847950220E0
4.164889355E2,3.411000252E0,7.743000507E0,-3.846000195E0
4.164913792E2,3.406050205E0,7.741050243E0,-3.889050245E0
4.164938229E2,3.421050072E0,7.738050461E0,-3.906000137E0
4.164962666E2,3.406050205E0,7.732950211E0,-3.931950092E0
4.164987100E2,3.447000265E0,7.720950603E0,-3.922050238E0
4.165011537E2,3.475950241E0,7.717050552E0,-3.865050077E0
4.165035974E2,3.472950220E0,7.723950386E0,-3.843000174E0
4.165060411E2,3.496950150E0,7.717050552E0,-3.862050295E0
4.165084848E2,3.508950233E0,7.707000256E0,-3.901050091E0
4.165109284E2,3.523950100E0,7.759950161E0,-3.919950247E0
4.165133721E2,3.469050169E0,7.759950161E0,-3.937050104E0
4.165158156E2,3.463950157E0,7.795950413E0,-3.958050251E0
4.165182595E2,3.435000181E0,7.824000359E0,-3.922050238E0
4.165207029E2,3.412950277E0,7.836000443E0,-3.913050175E0
4.165231466E2,3.379950047E0,7.875000477E0,-3.951000214E0
4.165255903E2,3.367950201E0,7.870050430E0,-3.919950247E0
4.165280339E2,3.358050108E0,7.828950405E0,-3.862050295E0
4.165304776E2,3.391950130E0,7.755000591E0,-3.802950144E0
4.165329213E2,3.430050135E0,7.738050461E0,-3.754950285E0
4.165353648E2,3.391950130E0,7.726050377E0,-3.757050276E0
4.165378085E2,3.382050276E0,7.735950470E0,-3.778950214E0
4.165402522E2,3.363000154E0,7.744950294E0,-3.750000238E0
4.165426958E2,3.375000238E0,7.743000507E0,-3.712050200E0
4.165451395E2,3.339000225E0,7.747950554E0,-3.706950188E0
4.165475832E2,3.331950188E0,7.800000191E0,-3.762000084E0
4.165500269E2,3.330000162E0,7.827000141E0,-3.799950123E0
4.165524706E2,3.379950047E0,7.798050404E0,-3.795000076E0
4.165549140E2,3.367950201E0,7.827000141E0,-3.733050108E0
4.165573577E2,3.367950201E0,7.876950264E0,-3.715950251E0
4.165598014E2,3.421050072E0,7.932000160E0,-3.786000252E0
4.165622450E2,3.433050156E0,7.948950291E0,-3.781050205E0
4.165646887E2,3.366000175E0,7.990050316E0,-3.919950247E0
4.165671324E2,3.385050058E0,8.049000740E0,-3.874050140E0
4.165695761E2,3.423000097E0,8.071050644E0,-3.895950079E0
4.165720195E2,3.403950214E0,8.161950111E0,-3.769050121E0
4.165744632E2,3.363000154E0,8.185950279E0,-3.822000265E0
4.165769069E2,3.361050129E0,8.254950523E0,-3.766950130E0
4.165793506E2,3.306000233E0,8.269950867E0,-3.762000084E0
4.165817943E2,3.253050089E0,8.334000587E0,-3.682950258E0
4.165842379E2,3.291000128E0,8.368050575E0,-3.669000149E0
4.165866816E2,3.199950218E0,8.381999969E0,-3.558000088E0
4.165891253E2,3.223950148E0,8.356050491E0,-3.481950283E0
4.165915688E2,3.226950169E0,8.350950241E0,-3.439050198E0
4.165940124E2,3.208050251E0,8.397000313E0,-3.496050119E0
4.165964561E2,3.241050243E0,8.454000473E0,-3.481950283E0
4.165988998E2,3.181050062E0,8.457000732E0,-3.505950212E0
4.166013434E2,3.126000166E0,8.526000023E0,-3.445950270E0
4.166037871E2,3.178950071E0,8.488050461E0,-3.420000076E0
4.166062306E2,3.163950205E0,8.457000732E0,-3.415050268E0
4.166086745E2,3.198000193E0,8.476050377E0,-3.442950249E0
4.166111180E2,3.211950064E0,8.398950577E0,-3.424050093E0
4.166135617E2,3.250950098E0,8.389050484E0,-3.388050079E0
4.166160054E2,3.267000198E0,8.358000755E0,-3.331050158E0
4.166184490E2,3.199950218E0,8.332050323E0,-3.349950075E0
4.166208927E2,3.291000128E0,8.281949997E0,-3.379050255E0
4.166233364E2,3.205050230E0,8.203050613E0,-3.420000076E0
4.166257798E2,3.250950098E0,8.176050186E0,-3.469950199E0
4.166282236E2,3.358050108E0,8.092950821E0,-3.451050282E0
4.166306672E2,3.246000051E0,8.107049942E0,-3.355050087E0
4.166331109E2,3.349050045E0,8.032950401E0,-3.232950211E0
4.166355546E2,3.337050200E0,8.011050224E0,-3.199050188E0
4.166379982E2,3.283950090E0,8.035050392E0,-3.331050158E0
4.166404419E2,3.262950182E0,7.990050316E0,-3.348000050E0
4.166428856E2,3.253050089E0,7.963050365E0,-3.451050282E0
4.166453293E2,3.259950161E0,7.939050198E0,-3.412050247E0
4.166477728E2,3.291000128E0,7.956000328E0,-3.384000063E0
4.166502165E2,3.255000114E0,7.956000328E0,-3.333000183E0
4.166526602E2,3.337050200E0,7.936950207E0,-3.325950146E0
4.166551038E2,3.223950148E0,7.923000336E0,-3.469950199E0
4.166575475E2,3.303000212E0,7.999050617E0,-3.388050079E0
4.166599912E2,3.277050257E0,7.936950207E0,-3.442950249E0
4.166624347E2,3.274950266E0,7.923000336E0,-3.364050150E0
4.166648786E2,3.342000246E0,7.956000328E0,-3.321000099E0
4.166673220E2,3.265050173E0,7.956000328E0,-3.364050150E0
4.166697657E2,3.282000065E0,7.935000420E0,-3.408000231E0
4.166722093E2,3.282000065E0,8.016000748E0,-3.408000231E0
4.166746530E2,3.211950064E0,8.049000740E0,-3.348000050E0
4.166770967E2,3.181050062E0,8.109000206E0,-3.379050255E0
4.166795404E2,3.289050102E0,8.061000824E0,-3.343050241E0
4.166819839E2,3.202950239E0,8.137949944E0,-3.336000204E0
4.166844276E2,3.210000038E0,8.112000465E0,-3.427050114E0
4.166868712E2,3.267000198E0,8.095050812E0,-3.430950165E0
4.166893149E2,3.258000135E0,8.179050446E0,-3.439050198E0
4.166917586E2,3.186000109E0,8.148000717E0,-3.417000055E0
4.166942022E2,3.265050173E0,8.149950027E0,-3.421950102E0
4.166966459E2,3.258000135E0,8.157000542E0,-3.424050093E0
4.166990894E2,3.166950226E0,8.140049934E0,-3.534000158E0
4.167015331E2,3.301050186E0,8.157000542E0,-3.412050247E0
4.167039768E2,3.301050186E0,8.097000122E0,-3.457950115E0
4.167064205E2,3.211950064E0,8.112000465E0,-3.436050177E0
4.167088642E2,3.231000185E0,8.113950729E0,-3.454950094E0
4.167113078E2,3.211950064E0,8.104949951E0,-3.477000237E0
4.167137515E2,3.210000038E0,8.072999954E0,-3.532050133E0
4.167161952E2,3.175950050E0,8.101950645E0,-3.457950115E0
4.167186386E2,3.199950218E0,8.104949951E0,-3.430950165E0
4.167210823E2,3.178950071E0,8.061000824E0,-3.436050177E0
4.167235260E2,3.154950142E0,8.107049942E0,-3.429000139E0
4.167259696E2,3.166950226E0,8.121000290E0,-3.453000069E0
4.167284133E2,3.145050049E0,8.035050392E0,-3.487050056E0
4.167308570E2,3.088050127E0,8.097000122E0,-3.442950249E0
4.167333005E2,3.118950129E0,8.101950645E0,-3.361950159E0
4.167357444E2,3.109050035E0,8.049000740E0,-3.376050234E0
4.167381879E2,3.090000153E0,8.038050652E0,-3.331050158E0
4.167406315E2,3.138000250E0,8.020950317E0,-3.295050144E0
4.167430752E2,3.117000103E0,7.966050148E0,-3.333000183E0
4.167455189E2,3.145050049E0,8.016000748E0,-3.292950153E0
4.167479625E2,3.130950212E0,7.987050533E0,-3.304950237E0
4.167504062E2,3.118950129E0,7.956000328E0,-3.276000261E0
4.167528499E2,3.150000095E0,7.935000420E0,-3.295050144E0
4.167552934E2,3.130950212E0,7.947000504E0,-3.331050158E0
4.167577371E2,3.102000237E0,7.903050423E0,-3.264000177E0
4.167601808E2,3.094950199E0,7.935000420E0,-3.297000170E0
4.167626245E2,3.226950169E0,7.887000561E0,-3.355050087E0
4.167650681E2,3.046950102E0,7.908000469E0,-3.385950089E0
4.167675118E2,3.196050167E0,7.860000610E0,-3.397950172E0
4.167699555E2,3.154950142E0,7.836000443E0,-3.429000139E0
4.167723992E2,3.100050211E0,7.900950432E0,-3.472050190E0
4.167748426E2,3.130950212E0,7.843950272E0,-3.514950275E0
4.167772863E2,3.070950031E0,7.887000561E0,-3.549000263E0
4.167797300E2,2.998950243E0,7.920000553E0,-3.645000219E0
4.167821736E2,3.004050255E0,7.903050423E0,-3.613050222E0
4.167846174E2,3.022950172E0,7.864950180E0,-3.604050159E0
4.167870610E2,2.959050179E0,7.804950237E0,-3.751950264E0
4.167895047E2,2.902950048E0,7.831950188E0,-3.886050224E0
4.167919484E2,2.932050228E0,7.789050579E0,-3.939000130E0
4.167943919E2,2.994000196E0,7.647000313E0,-4.138050079E0
4.167968356E2,2.977950096E0,7.621050358E0,-4.213950157E0
4.167992793E2,3.118950129E0,7.633050442E0,-4.248000145E0
4.168017229E2,3.117000103E0,7.519950390E0,-4.345950127E0
4.168041666E2,3.190950155E0,7.506000519E0,-4.432050228E0
4.168066103E2,3.310050249E0,7.570950508E0,-4.473000050E0
4.168090537E2,3.277050257E0,7.480050564E0,-4.461000443E0
4.168114974E2,3.325050116E0,7.449000359E0,-4.510950089E0
4.168139411E2,3.358050108E0,7.432050228E0,-4.483050346E0
4.168163848E2,3.295950174E0,7.381050587E0,-4.438950062E0
4.168188284E2,3.424950123E0,7.269000530E0,-4.339050293E0
4.168212721E2,3.436950207E0,7.219050407E0,-4.328999996E0
4.168237158E2,3.315000057E0,7.221000195E0,-4.375050068E0
4.168261595E2,3.484950066E0,7.180050373E0,-4.183050156E0
4.168286029E2,3.439950228E0,7.165950298E0,-4.123050213E0
4.168310466E2,3.516000271E0,7.257000446E0,-4.143000126E0
4.168334903E2,3.397050142E0,7.350000381E0,-4.171050072E0
4.168359340E2,3.406050205E0,7.446000576E0,-4.413000107E0
4.168383776E2,3.262950182E0,7.542000294E0,-4.387050152E0
4.168408213E2,3.220050097E0,7.662000179E0,-4.327050209E0
4.168432650E2,3.322050095E0,7.719000340E0,-4.459050179E0
4.168457087E2,3.181050062E0,7.792950153E0,-4.357950211E0
4.168481521E2,3.150000095E0,7.924950600E0,-4.369950294E0
4.168505958E2,3.283950090E0,7.911000252E0,-4.477950096E0
4.168530395E2,3.090000153E0,8.052000046E0,-4.609050274E0
4.168554832E2,3.151950121E0,8.109000206E0,-4.777050018E0
4.168579268E2,3.121050119E0,8.230950356E0,-4.522950172E0
4.168603705E2,2.925000191E0,8.284049988E0,-4.384050369E0
4.168628142E2,3.117000103E0,8.253000259E0,-4.384050369E0
4.168652577E2,3.042000055E0,8.346000671E0,-4.525950432E0
4.168677014E2,3.193050146E0,8.346000671E0,-4.621050358E0
4.168701451E2,3.253050089E0,8.370000839E0,-4.483050346E0
4.168725887E2,3.045000076E0,8.482950211E0,-4.152000427E0
4.168750324E2,3.124050140E0,8.457000732E0,-4.056000233E0
4.168774761E2,3.106950045E0,8.433000565E0,-3.994050264E0
4.168799197E2,2.998950243E0,8.536050797E0,-4.087950230E0
4.168823632E2,3.238950253E0,8.554950714E0,-4.059000015E0
4.168848069E2,3.138000250E0,8.581050873E0,-3.963000298E0
4.168872506E2,3.058950186E0,8.562000275E0,-3.955950260E0
4.168896943E2,3.142950058E0,8.670000076E0,-3.835950136E0
4.168921380E2,3.114000082E0,8.737050056E0,-3.906000137E0
4.168945816E2,3.217050076E0,8.776950836E0,-3.898050070E0
4.168970253E2,3.102000237E0,9.000000000E0,-3.826950073E0
4.168994690E2,3.082950115E0,8.977950096E0,-3.841050148E0
4.169019125E2,3.073050261E0,8.932950020E0,-3.870000124E0
4.169043562E2,3.070950031E0,8.956950188E0,-3.879000187E0
4.169067999E2,3.136050224E0,8.992950439E0,-3.802950144E0
4.169092435E2,3.078000069E0,8.959050179E0,-3.664050102E0
4.169116872E2,3.088050127E0,8.947050095E0,-3.606000185E0
4.169141309E2,3.109050035E0,8.871000290E0,-3.537000179E0
4.169165746E2,3.081000090E0,8.899050713E0,-3.393000126E0
4.169190183E2,3.186000109E0,8.842050552E0,-3.384000063E0
4.169214617E2,3.184050083E0,8.835000038E0,-3.300000191E0
4.169239054E2,3.235950232E0,8.785050392E0,-3.357000113E0
4.169263491E2,3.307950258E0,8.722050667E0,-3.171000242E0
4.169287927E2,3.351000071E0,8.731950760E0,-3.292950153E0
4.169312364E2,3.478050232E0,8.763000488E0,-3.264000177E0
4.169336801E2,3.270000219E0,8.791950226E0,-3.163050175E0
4.169361238E2,3.337050200E0,8.808000565E0,-3.316950083E0
4.169385673E2,3.463950157E0,8.908950806E0,-3.187050104E0
4.169410110E2,3.202950239E0,8.971050262E0,-3.264000177E0
4.169434547E2,3.223950148E0,8.892000198E0,-3.130050182E0
4.169458983E2,3.187950134E0,8.878050804E0,-3.472050190E0
4.169483420E2,3.322050095E0,8.776950836E0,-3.826950073E0
4.169507857E2,3.277050257E0,8.854050636E0,-3.742950201E0
4.169532293E2,3.514050245E0,8.713050842E0,-3.549000263E0
4.169556730E2,3.427950144E0,8.752950668E0,-3.337950230E0
4.169581165E2,3.186000109E0,8.868000031E0,-3.505950212E0
4.169605602E2,3.342000246E0,8.731950760E0,-3.754950285E0
4.169630039E2,3.424950123E0,8.590950012E0,-4.015950203E0
4.169654475E2,3.259950161E0,8.557050705E0,-3.877050161E0
4.169678913E2,3.411000252E0,8.348999977E0,-3.676050186E0
4.169703349E2,3.439950228E0,8.230950356E0,-3.424050093E0
4.169727786E2,3.409050226E0,8.191050529E0,-3.288000107E0
4.169752223E2,3.547950268E0,8.083050728E0,-3.232950211E0
4.169776657E2,3.504000187E0,7.993950367E0,-3.472050190E0
4.169801094E2,3.451950073E0,8.035050392E0,-3.697050095E0
4.169825531E2,3.447000265E0,7.960950375E0,-3.793050289E0
4.169849967E2,3.445050240E0,7.798050404E0,-3.661050081E0
4.169874404E2,3.591000080E0,7.717050552E0,-3.369000196E0
4.169898841E2,3.685950279E0,7.627950191E0,-3.336000204E0
4.169923276E2,3.715050220E0,7.615950584E0,-3.417000055E0
4.169947713E2,3.708000183E0,7.645050526E0,-3.657000065E0
4.169972150E2,3.559050083E0,7.693050385E0,-3.730950117E0
4.169996586E2,3.460950136E0,7.744950294E0,-3.709050179E0
4.170021024E2,3.373050213E0,7.831950188E0,-3.514950275E0
4.170045460E2,3.255000114E0,7.882050514E0,-3.562950134E0
4.170069897E2,3.262950182E0,7.923000336E0,-3.558000088E0
4.170094331E2,3.313050270E0,7.867950439E0,-3.649050236E0
4.170118771E2,3.327000141E0,7.836000443E0,-3.738000154E0
4.170143205E2,3.231000185E0,7.968000412E0,-3.733050108E0
4.170167642E2,3.258000135E0,8.011050224E0,-3.724050283E0
4.170192079E2,3.238950253E0,8.133000374E0,-3.592050076E0
4.170216515E2,3.222000122E0,8.224050522E0,-3.721050262E0
4.170240953E2,3.229050159E0,8.284049988E0,-3.795000076E0
4.170265389E2,3.337050200E0,8.346000671E0,-3.943950176E0
4.170289826E2,3.241050243E0,8.425050735E0,-3.958050251E0
4.170314260E2,3.307950258E0,8.452050209E0,-4.006050110E0
4.170338697E2,3.342000246E0,8.457000732E0,-3.925050259E0
4.170363134E2,3.298950195E0,8.494950294E0,-3.910050154E0
4.170387571E2,3.307950258E0,8.605050087E0,-4.018050194E0
4.170412007E2,3.283950090E0,8.752950668E0,-4.126049995E0
4.170436444E2,3.172050238E0,8.785050392E0,-4.345950127E0
4.170460881E2,3.112050056E0,8.887950897E0,-4.345950127E0
4.170485316E2,3.118950129E0,8.935050011E0,-4.248000145E0
4.170509753E2,3.090000153E0,8.875950813E0,-4.219050407E0
4.170534190E2,3.046950102E0,8.847000122E0,-4.147050381E0
4.170558627E2,3.157050133E0,8.818050385E0,-4.180950165E0
4.170583063E2,3.093000174E0,8.808000565E0,-4.116000175E0
4.170607500E2,3.214950085E0,8.763000488E0,-4.132950306E0
4.170631937E2,3.136050224E0,8.776950836E0,-4.116000175E0
4.170656371E2,3.054000139E0,8.767950058E0,-4.162050247E0
4.170680810E2,3.133050203E0,8.695950508E0,-3.955950260E0
4.170705245E2,3.210000038E0,8.605050087E0,-3.853050232E0
4.170729682E2,3.229050159E0,8.515950203E0,-3.862050295E0
4.170754119E2,3.303000212E0,8.470950127E0,-3.889050245E0
4.170778555E2,3.136050224E0,8.467950821E0,-3.895950079E0
4.170802992E2,3.148050070E0,8.428050041E0,-3.831000090E0
4.170827429E2,3.138000250E0,8.370000839E0,-3.730950117E0
4.170851863E2,3.172050238E0,8.344050407E0,-3.618000269E0
4.170876300E2,3.022950172E0,8.320050240E0,-3.625050068E0
4.170900737E2,3.025950193E0,8.227050781E0,-3.637050152E0
4.170925173E2,3.082950115E0,8.179050446E0,-3.664050102E0
4.170949611E2,3.033000231E0,8.152050018E0,-3.637050152E0
4.170974047E2,3.013950109E0,8.136000633E0,-3.508050203E0
4.170998484E2,3.094950199E0,8.176050186E0,-3.427050114E0
4.171022921E2,3.006000042E0,8.197950363E0,-3.514950275E0
4.171047356E2,2.962950230E0,8.188050270E0,-3.454950094E0
4.171071792E2,3.064050198E0,8.143050194E0,-3.460050106E0
4.171096229E2,2.992050171E0,8.145000458E0,-3.408000231E0
4.171120666E2,3.018000126E0,8.097000122E0,-3.409950256E0
4.171145102E2,3.009000063E0,8.076000214E0,-3.307050228E0
4.171169539E2,2.923050165E0,8.052000046E0,-3.265950203E0
4.171193976E2,2.949000120E0,8.085000038E0,-3.144000053E0
4.171218413E2,2.863050222E0,8.116950035E0,-3.181950092E0
4.171242850E2,2.776950121E0,8.136000633E0,-3.261000156E0
4.171267285E2,2.677950144E0,8.109000206E0,-3.283050060E0
4.171291721E2,2.650050163E0,8.072999954E0,-3.123000145E0
4.171316158E2,2.698050022E0,8.076000214E0,-2.980950117E0
4.171340594E2,2.640000105E0,8.085000038E0,-2.979000092E0
4.171365031E2,2.602050066E0,8.116950035E0,-2.979000092E0
4.171389468E2,2.571000099E0,8.184000015E0,-3.063000202E0
4.171413903E2,2.487000227E0,8.215050697E0,-3.051000118E0
4.171438340E2,2.416950226E0,8.290950775E0,-2.962050200E0
4.171462777E2,2.383949995E0,8.326950073E0,-2.956950188E0
4.171487213E2,2.379000187E0,8.394000053E0,-2.941050053E0
4.171511650E2,2.341050148E0,8.397000313E0,-3.001050234E0
4.171536087E2,2.365050077E0,8.365950584E0,-3.100950241E0
4.171560524E2,2.290950060E0,8.398950577E0,-3.178050041E0
4.171584961E2,2.239950180E0,8.434950829E0,-3.166050196E0
4.171609395E2,2.251950026E0,8.425050735E0,-3.132000208E0
4.171633832E2,2.317050219E0,8.430000305E0,-3.144000053E0
4.171658269E2,2.266950130E0,8.457000732E0,-3.211050034E0
4.171682705E2,2.338050127E0,8.418000221E0,-3.325950146E0
4.171707142E2,2.446050167E0,8.394000053E0,-3.442950249E0
4.171731579E2,2.293050051E0,8.373000145E0,-3.490950108E0
4.171756016E2,2.404950142E0,8.301000595E0,-3.457950115E0
4.171780450E2,2.472000122E0,8.257950783E0,-3.453000069E0
4.171804887E2,2.482050180E0,8.245950699E0,-3.481950283E0
4.171829324E2,2.520000219E0,8.227050781E0,-3.469950199E0
4.171853761E2,2.674050093E0,8.254950523E0,-3.522000074E0
4.171878198E2,2.623050213E0,8.290950775E0,-3.586950064E0
4.171902634E2,2.556000233E0,8.325000763E0,-3.670950174E0
4.171927071E2,2.652000189E0,8.329950333E0,-3.652050257E0
4.171951508E2,2.542050123E0,8.449049950E0,-3.712050200E0
4.171975942E2,2.536950111E0,8.503950119E0,-3.799950123E0
4.172000379E2,2.721000195E0,8.434950829E0,-3.870000124E0
4.172024816E2,2.583000183E0,8.527950287E0,-3.831000090E0
4.172049252E2,2.631000042E0,8.515950203E0,-3.724050283E0
4.172073689E2,2.662050009E0,8.515950203E0,-3.682950258E0
4.172098126E2,2.653950214E0,8.530950546E0,-3.697050095E0
4.172122563E2,2.619000196E0,8.551950455E0,-3.946050167E0
4.172146998E2,2.628000021E0,8.586000443E0,-4.096950054E0
4.172171435E2,2.644950151E0,8.641050339E0,-4.198050022E0
4.172195872E2,2.614050150E0,8.737050056E0,-4.128000259E0
4.172220309E2,2.686050177E0,8.706000328E0,-3.999000072E0
4.172244745E2,2.821950197E0,8.650050163E0,-3.994050264E0
4.172269182E2,2.901000023E0,8.574000359E0,-4.060950279E0
4.172293619E2,2.923050165E0,8.554950714E0,-4.183050156E0
4.172318055E2,2.938950062E0,8.542950630E0,-4.249950409E0
4.172342490E2,2.989950180E0,8.578950882E0,-4.240950108E0
4.172366927E2,3.021000147E0,8.581050873E0,-4.180950165E0
4.172391364E2,3.066000223E0,8.574000359E0,-4.096950054E0
4.172415800E2,2.977950096E0,8.662050247E0,-4.063950062E0
4.172440238E2,2.997000217E0,8.634000778E0,-4.080000401E0
4.172464674E2,3.066000223E0,8.643000603E0,-4.092000008E0
4.172489111E2,2.997000217E0,8.734050751E0,-4.107000351E0
4.172513548E2,3.030000210E0,8.667000771E0,-4.216950417E0
4.172537982E2,3.105000257E0,8.662050247E0,-3.913050175E0
4.172562419E2,2.860050201E0,8.839950562E0,-3.826950073E0
4.172586856E2,2.926950216E0,8.855999947E0,-3.645000219E0
4.172611292E2,3.030000210E0,8.737050056E0,-3.715950251E0
4.172635729E2,2.889000177E0,8.779950142E0,-3.841050148E0
4.172660166E2,2.809950113E0,8.775000572E0,-3.843000174E0
4.172684603E2,2.875050068E0,8.770050049E0,-3.823950291E0
4.172709038E2,2.856000185E0,8.773050308E0,-3.573000193E0
4.172733475E2,2.712000132E0,8.848950386E0,-3.355050087E0
4.172757912E2,2.821950197E0,8.818050385E0,-3.276000261E0
4.172782349E2,2.737950087E0,8.824950218E0,-3.252000093E0
4.172806785E2,2.608950138E0,8.884950638E0,-3.259050131E0
4.172831222E2,2.716950178E0,8.764950752E0,-3.345000267E0
4.172855659E2,2.556000233E0,8.743950844E0,-3.490950108E0
4.172880096E2,2.674050093E0,8.677050591E0,-3.457950115E0
4.172904530E2,2.547000170E0,8.595000267E0,-3.381000042E0
4.172928967E2,2.608950138E0,8.542950630E0,-3.349950075E0
4.172953404E2,2.554050207E0,8.491950035E0,-3.261000156E0
4.172977840E2,2.524950027E0,8.476050377E0,-3.472050190E0
4.173002278E2,2.707050085E0,8.293950081E0,-3.478950262E0
4.173026714E2,2.680950165E0,8.185950279E0,-3.580050230E0
4.173051151E2,2.752950191E0,8.131050110E0,-3.481950283E0
4.173075588E2,2.797950029E0,8.061000824E0,-3.430950165E0
4.173100023E2,2.776950121E0,7.966050148E0,-3.465000153E0
4.173124459E2,2.848050117E0,7.912950516E0,-3.408000231E0
4.173148896E2,2.733000040E0,7.899000168E0,-3.532050133E0
4.173173333E2,2.728950024E0,7.932000160E0,-3.549000263E0
4.173197769E2,2.713950157E0,7.891050339E0,-3.589950085E0
4.173222206E2,2.724000216E0,7.876950264E0,-3.561000109E0
4.173246643E2,2.803050041E0,7.858050346E0,-3.478950262E0
4.173271078E2,2.881950140E0,7.743000507E0,-3.513000250E0
4.173295515E2,2.865000248E0,7.846050262E0,-3.577950239E0
4.173319952E2,2.845950127E0,7.924950600E0,-3.718950272E0
4.173344388E2,2.863050222E0,7.987050533E0,-3.855000257E0
4.173368825E2,2.944050074E0,8.020950317E0,-3.855000257E0
4.173393262E2,2.968050241E0,8.041950226E0,-3.795000076E0
4.173417696E2,2.877000093E0,8.184000015E0,-3.822000265E0
4.173442136E2,2.937000036E0,8.204999924E0,-3.838950157E0
4.173466570E2,2.935050249E0,8.173950195E0,-3.814950228E0
4.173491007E2,3.094950199E0,8.215050697E0,-3.814950228E0
4.173515444E2,3.013950109E0,8.218950272E0,-3.831000090E0
4.173539880E2,2.998950243E0,8.277000427E0,-3.931950092E0
4.173564317E2,3.009000063E0,8.310000420E0,-4.012950420E0
4.173588754E2,3.022950172E0,8.365950584E0,-4.032000065E0
4.173613192E2,3.025950193E0,8.358000755E0,-3.949050188E0
4.173637626E2,3.021000147E0,8.348999977E0,-3.958050251E0
4.173662063E2,3.052050114E0,8.381999969E0,-3.883950233E0
4.173686500E2,2.932050228E0,8.401050568E0,-3.835950136E0
4.173710937E2,3.021000147E0,8.368050575E0,-3.760050297E0
4.173735373E2,3.049950123E0,8.313000679E0,-3.661050081E0
4.173759810E2,3.114000082E0,8.251049995E0,-3.646950245E0
4.173784247E2,3.184050083E0,8.233950615E0,-3.678000212E0
4.173808684E2,3.157050133E0,8.305950165E0,-3.819000244E0
4.173833119E2,3.247950077E0,8.253000259E0,-3.913050175E0
4.173857555E2,3.258000135E0,8.269950867E0,-4.011000156E0
4.173881992E2,3.198000193E0,8.299050331E0,-4.032000065E0
4.173906429E2,3.138000250E0,8.278950691E0,-4.035000324E0
4.173930865E2,3.114000082E0,8.310000420E0,-3.949050188E0
4.173955302E2,3.094950199E0,8.299050331E0,-3.915000200E0
4.173979737E2,3.073050261E0,8.257950783E0,-3.891000271E0
4.174004176E2,3.112050056E0,8.208000183E0,-3.894000292E0
4.174028611E2,3.148050070E0,8.155050278E0,-3.970050097E0
4.174053048E2,3.118950129E0,8.155050278E0,-3.964950085E0
4.174077485E2,3.133050203E0,8.077950478E0,-4.024950027E0
4.174101921E2,3.162000179E0,8.029950142E0,-3.925050259E0
4.174126358E2,3.202950239E0,7.936950207E0,-3.883950233E0
4.174150795E2,3.279000044E0,7.858050346E0,-3.877050161E0
4.174175230E2,3.342000246E0,7.828950405E0,-3.997050285E0
4.174199667E2,3.370050192E0,7.779000282E0,-4.023000240E0
4.174224103E2,3.346050262E0,7.753050327E0,-4.039950371E0
4.174248540E2,3.391950130E0,7.675950527E0,-3.973050117E0
4.174272977E2,3.354000092E0,7.666050434E0,-3.958050251E0
4.174297413E2,3.343950272E0,7.675950527E0,-3.906000137E0
4.174321850E2,3.412950277E0,7.618950367E0,-3.891000271E0
4.174346287E2,3.382050276E0,7.623000145E0,-3.835950136E0
4.174370722E2,3.424950123E0,7.579950333E0,-3.802950144E0
4.174395159E2,3.495000124E0,7.542000294E0,-3.811950207E0
4.174419596E2,3.394050121E0,7.621050358E0,-3.850050211E0
4.174444033E2,3.354000092E0,7.717050552E0,-3.934050083E0
4.174468470E2,3.448950052E0,7.654050350E0,-3.847950220E0
4.174492906E2,3.291000128E0,7.744950294E0,-3.754950285E0
4.174517343E2,3.424950123E0,7.765050411E0,-3.724050283E0
4.174541777E2,3.445050240E0,7.771950245E0,-3.745050192E0
4.174566217E2,3.378000259E0,7.887000561E0,-3.745050192E0
4.174590651E2,3.391950130E0,7.942050457E0,-3.835950136E0
4.174615088E2,3.478050232E0,7.948950291E0,-3.793050289E0
4.174639524E2,3.394050121E0,8.044950485E0,-3.762000084E0
4.174663961E2,3.358050108E0,8.035050392E0,-3.738000154E0
4.174688398E2,3.454050064E0,8.083050728E0,-3.750000238E0
4.174712835E2,3.424950123E0,8.185950279E0,-3.862050295E0
4.174737272E2,3.472950220E0,8.152050018E0,-3.961050272E0
4.174761706E2,3.526050091E0,8.109000206E0,-3.877050161E0
4.174786143E2,3.466050148E0,8.196000099E0,-3.712050200E0
4.174810581E2,3.487950087E0,8.209950447E0,-3.657000065E0
4.174835017E2,3.487950087E0,8.381999969E0,-3.778950214E0
4.174859454E2,3.499950171E0,8.362950325E0,-3.870000124E0
4.174883891E2,3.433050156E0,8.385000229E0,-3.931950092E0
4.174908328E2,3.412950277E0,8.332050323E0,-3.829050064E0
4.174932764E2,3.471000195E0,8.348999977E0,-3.745050192E0
4.174957199E2,3.544950247E0,8.353950500E0,-3.721050262E0
4.174981636E2,3.523950100E0,8.332050323E0,-3.846000195E0
4.175006073E2,3.519000053E0,8.290950775E0,-3.910050154E0
4.175030509E2,3.634050131E0,8.266950607E0,-3.835950136E0
4.175054946E2,3.555000067E0,8.365950584E0,-3.778950214E0
4.175079383E2,3.571050167E0,8.314949989E0,-3.814950228E0
4.175103818E2,3.667050123E0,8.245950699E0,-3.946050167E0
4.175128257E2,3.706050158E0,8.184000015E0,-3.877050161E0
4.175152691E2,3.670050144E0,8.100000381E0,-3.937050104E0
4.175177128E2,3.658050060E0,8.124000549E0,-3.853050232E0
4.175201565E2,3.697950125E0,8.112000465E0,-4.000950336E0
4.175226001E2,3.615000248E0,8.089950562E0,-3.877050161E0
4.175250438E2,3.634050131E0,8.017950058E0,-3.877050161E0
4.175274875E2,3.672000170E0,7.968000412E0,-3.865050077E0
4.175299312E2,3.592950106E0,7.959000587E0,-3.781050205E0
4.175323747E2,3.628950119E0,7.894050598E0,-3.778950214E0
4.175348184E2,3.676950216E0,7.852950573E0,-3.964950085E0
4.175372620E2,3.864000082E0,7.614000320E0,-3.811950207E0
4.175397057E2,3.315000057E0,7.840950489E0,-3.115050077E0
4.175421494E2,3.691050291E0,7.731000423E0,-3.975000143E0
4.175445930E2,4.138950348E0,7.449000359E0,-3.826950073E0
4.175470367E2,3.708000183E0,8.044950485E0,-3.565950155E0
4.175494802E2,3.607050180E0,7.647000313E0,-3.481950283E0
4.175519239E2,4.084050179E0,7.741050243E0,-3.613050222E0
4.175543676E2,3.289050102E0,7.827000141E0,-3.442950249E0
4.175568113E2,3.568950176E0,7.611000538E0,-3.906000137E0
4.175592549E2,4.038000107E0,7.492050171E0,-3.985050201E0
4.175616986E2,3.535950184E0,7.627950191E0,-3.630000114E0
4.175641423E2,3.598050117E0,7.927050591E0,-3.295050144E0
4.175665857E2,3.358050108E0,7.948950291E0,-3.396000147E0
4.175690294E2,3.579000235E0,7.756950378E0,-3.658950090E0
4.175714731E2,3.729000092E0,7.756950378E0,-3.657000065E0
4.175739168E2,3.639000177E0,7.723950386E0,-3.658950090E0
4.175763605E2,3.559050083E0,7.816950321E0,-3.309000254E0
4.175788041E2,4.006950378E0,7.707000256E0,-3.160950184E0
4.175812478E2,3.576000214E0,7.804950237E0,-3.160950184E0
4.175836915E2,3.768000126E0,7.779000282E0,-3.451050282E0
4.175861350E2,3.813000202E0,7.743000507E0,-4.140000343E0
4.175885787E2,3.801000118E0,7.887000561E0,-4.096950054E0
4.175910223E2,3.673950195E0,7.968000412E0,-3.745050192E0
4.175934660E2,3.604950190E0,8.028000832E0,-3.220950127E0
4.175959097E2,3.781950235E0,7.999050617E0,-3.063000202E0
4.175983533E2,3.658050060E0,8.011050224E0,-3.297000170E0
4.176007970E2,3.502050161E0,8.124000549E0,-3.562950134E0
4.176032405E2,3.532950163E0,7.947000504E0,-3.664050102E0
4.176056842E2,3.583050251E0,7.915050507E0,-3.475050211E0
4.176081279E2,3.595050097E0,7.951050282E0,-3.265950203E0
4.176105716E2,3.612000227E0,8.023050308E0,-3.181950092E0
4.176130153E2,3.535950184E0,8.128950119E0,-3.216000080E0
4.176154589E2,3.484950066E0,8.076000214E0,-3.307050228E0
4.176179026E2,3.514050245E0,7.870050430E0,-3.376050234E0
4.176203463E2,3.523950100E0,7.972950459E0,-3.546000242E0
4.176227897E2,3.514050245E0,7.996950150E0,-3.546000242E0
4.176252334E2,3.496950150E0,8.008950233E0,-3.297000170E0
4.176276771E2,3.373050213E0,7.954050541E0,-3.103050232E0
4.176301208E2,3.466050148E0,8.004000664E0,-2.977050066E0
4.176325644E2,3.504000187E0,7.954050541E0,-3.096000195E0
4.176350081E2,3.583050251E0,7.924950600E0,-3.253950119E0
4.176374518E2,3.535950184E0,8.008950233E0,-3.373950243E0
4.176398955E2,3.495000124E0,8.047050476E0,-3.502950191E0
4.176423392E2,3.574050188E0,7.942050457E0,-3.349950075E0
4.176447827E2,3.646050215E0,7.990050316E0,-3.250050068E0
4.176472264E2,3.708000183E0,8.004000664E0,-3.199050188E0
4.176496700E2,3.619050264E0,8.124000549E0,-3.259050131E0
4.176521137E2,3.538050175E0,8.140049934E0,-3.319050074E0
4.176545574E2,3.471000195E0,8.157000542E0,-3.321000099E0
4.176570010E2,3.409050226E0,8.173950195E0,-3.175050259E0
4.176594445E2,3.436950207E0,8.164050102E0,-3.106050253E0
4.176618882E2,3.397050142E0,8.212050438E0,-3.136950254E0
4.176643319E2,3.394050121E0,8.227050781E0,-3.075000048E0
4.176667755E2,3.346050262E0,8.257950783E0,-3.024000168E0
4.176692192E2,3.433050156E0,8.196000099E0,-3.127050161E0
4.176716629E2,3.457050085E0,8.173950195E0,-3.205950260E0
4.176741066E2,3.447000265E0,8.229000092E0,-3.217950106E0
4.176765502E2,3.406050205E0,8.229000092E0,-3.154050112E0
4.176789937E2,3.394050121E0,8.257950783E0,-3.040950060E0
4.176814374E2,3.415950060E0,8.230950356E0,-3.036000252E0
4.176838811E2,3.562050104E0,8.253000259E0,-3.072000027E0
4.176863248E2,3.487950087E0,8.385000229E0,-3.064950228E0
4.176887684E2,3.457050085E0,8.397000313E0,-3.178050041E0
4.176912121E2,3.712950230E0,8.272050858E0,-3.259050131E0
4.176936558E2,3.436950207E0,8.394000053E0,-3.016950130E0
4.176960995E2,3.162000179E0,8.562000275E0,-3.096000195E0
4.176985431E2,3.385050058E0,8.289000511E0,-3.460050106E0
4.177009866E2,3.475950241E0,8.164050102E0,-3.532050133E0
4.177034303E2,3.435000181E0,8.224050522E0,-3.336000204E0
4.177058740E2,3.504000187E0,8.196000099E0,-3.147000074E0
4.177083176E2,3.511950254E0,8.143050194E0,-3.076950073E0
4.177107613E2,3.607050180E0,8.077950478E0,-3.010050058E0
4.177132050E2,3.559050083E0,7.978050232E0,-2.953050137E0
4.177156485E2,3.703050137E0,7.927050591E0,-3.156000137E0
4.177180921E2,3.727050066E0,7.900950432E0,-3.541950226E0
4.177205358E2,3.564000130E0,8.119050026E0,-3.637050152E0
4.177229795E2,3.418050051E0,8.263050079E0,-3.451050282E0
4.177254231E2,3.502050161E0,8.293950081E0,-3.127050161E0
4.177278668E2,3.442050219E0,8.229000092E0,-3.063000202E0
4.177303105E2,3.367950201E0,8.245950699E0,-3.108000040E0
4.177327542E2,3.433050156E0,8.245950699E0,-3.316950083E0
4.177351977E2,3.387000084E0,8.281949997E0,-3.457950115E0
4.177376414E2,3.459000111E0,8.310000420E0,-3.405000210E0
4.177400851E2,3.306000233E0,8.272050858E0,-3.244950056E0
4.177425288E2,3.433050156E0,8.229000092E0,-3.040950060E0
4.177449724E2,3.403950214E0,8.196000099E0,-3.004950047E0
4.177474161E2,3.342000246E0,8.104949951E0,-3.099000216E0
4.177498598E2,3.435000181E0,8.092950821E0,-3.217950106E0
4.177523032E2,3.492000103E0,8.121000290E0,-3.271050215E0
4.177547469E2,3.421050072E0,8.242950439E0,-3.271050215E0
4.177571906E2,3.363000154E0,8.302950859E0,-3.202050209E0
4.177596343E2,3.354000092E0,8.236050606E0,-3.100950241E0
4.177620780E2,3.325050116E0,8.215050697E0,-3.072000027E0
4.177645216E2,3.406050205E0,8.310000420E0,-3.031950235E0
4.177669653E2,3.391950130E0,8.281949997E0,-3.027000189E0
4.177694090E2,3.397050142E0,8.242950439E0,-3.094050169E0
4.177718525E2,3.504000187E0,8.173950195E0,-3.070050240E0
4.177742962E2,3.531000137E0,8.173950195E0,-3.154050112E0
4.177767399E2,3.583050251E0,8.095050812E0,-3.252000093E0
4.177791835E2,3.583050251E0,8.101950645E0,-3.265950203E0
4.177816272E2,3.604950190E0,8.128950119E0,-3.253950119E0
4.177840709E2,3.598050117E0,8.164050102E0,-3.172950268E0
4.177865145E2,3.540000200E0,8.128950119E0,-3.124950171E0
4.177889580E2,3.627000093E0,8.107049942E0,-3.103050232E0
4.177914017E2,3.571050167E0,8.056950569E0,-3.172950268E0
4.177938454E2,3.564000130E0,8.097000122E0,-3.240000248E0
4.177962890E2,3.634050131E0,8.014050484E0,-3.247050047E0
4.177987328E2,3.555000067E0,8.002050400E0,-3.130050182E0
4.178011764E2,3.595050097E0,7.960950375E0,-3.010050058E0
4.178036201E2,3.691050291E0,7.954050541E0,-3.058050156E0
4.178060638E2,3.655050278E0,7.912950516E0,-3.181950092E0
4.178085072E2,3.640950203E0,7.932000160E0,-3.220950127E0
4.178109509E2,3.652950287E0,7.908000469E0,-3.289950132E0
4.178133946E2,3.700950146E0,7.923000336E0,-3.250050068E0
4.178158382E2,3.616950274E0,7.981950283E0,-3.148950100E0
4.178182820E2,3.531000137E0,8.026050568E0,-3.052950144E0
4.178207256E2,3.471000195E0,8.095050812E0,-3.079950094E0
4.178231693E2,3.421050072E0,8.196000099E0,-3.205950260E0
4.178256130E2,3.334050179E0,8.248050690E0,-3.316950083E0
4.178280565E2,3.331950188E0,8.272050858E0,-3.357000113E0
4.178305002E2,3.310050249E0,8.248050690E0,-3.309000254E0
4.178329439E2,3.318000078E0,8.215050697E0,-3.171000242E0
4.178353875E2,3.418050051E0,8.230950356E0,-3.111000061E0
4.178378312E2,3.457050085E0,8.208000183E0,-3.171000242E0
4.178402749E2,3.520950079E0,8.233950615E0,-3.271050215E0
4.178427186E2,3.532950163E0,8.278950691E0,-3.357000113E0
4.178451623E2,3.579000235E0,8.308050156E0,-3.328950167E0
4.178476057E2,3.592950106E0,8.314949989E0,-3.328950167E0
4.178500494E2,3.519000053E0,8.416049957E0,-3.261000156E0
4.178524931E2,3.460950136E0,8.470950127E0,-3.216000080E0
4.178549368E2,3.490050077E0,8.473050117E0,-3.171000242E0
4.178573804E2,3.492000103E0,8.488050461E0,-3.112950087E0
4.178598241E2,3.423000097E0,8.518950462E0,-3.124950171E0
4.178622678E2,3.472950220E0,8.545050621E0,-3.118050098E0
4.178647113E2,3.502050161E0,8.575950623E0,-3.204000235E0
4.178671550E2,3.507000208E0,8.635950089E0,-3.214050055E0
4.178695986E2,3.556950092E0,8.605050087E0,-3.300000191E0
4.178720423E2,3.612000227E0,8.559000015E0,-3.250050068E0
4.178744860E2,3.603000164E0,8.515950203E0,-3.193950176E0
4.178769297E2,3.579000235E0,8.461050034E0,-3.220950127E0
4.178793734E2,3.712950230E0,8.392050743E0,-3.223050117E0
4.178818168E2,3.804000139E0,8.326950073E0,-3.118050098E0
4.178842605E2,3.741000175E0,8.299050331E0,-3.036000252E0
4.178867042E2,3.736950159E0,8.254950523E0,-3.063000202E0
4.178891479E2,3.652950287E0,8.337000847E0,-3.091950178E0
4.178915915E2,3.567000151E0,8.317950249E0,-3.159000158E0
4.178940352E2,3.556950092E0,8.281949997E0,-3.048000097E0
4.178964789E2,3.460950136E0,8.229000092E0,-2.968950033E0
4.178989226E2,3.480000257E0,8.197950363E0,-2.919000149E0
4.179013663E2,3.496950150E0,8.152050018E0,-2.923950195E0
4.179038098E2,3.520950079E0,8.076000214E0,-3.055950165E0
4.179062534E2,3.511950254E0,8.085000038E0,-3.072000027E0
4.179086971E2,3.391950130E0,8.116950035E0,-3.067950249E0
4.179111408E2,3.504000187E0,8.236050606E0,-3.001050234E0
4.179135845E2,3.412950277E0,8.173950195E0,-3.007950068E0
4.179160281E2,3.315000057E0,8.263050079E0,-2.998050213E0
4.179184718E2,3.448950052E0,8.215050697E0,-3.087000132E0
4.179209153E2,3.373050213E0,8.184000015E0,-3.052950144E0
4.179233590E2,3.370050192E0,8.224050522E0,-2.967000246E0
4.179258027E2,3.415950060E0,8.229000092E0,-2.890050173E0
4.179282463E2,3.351000071E0,8.263050079E0,-2.866050243E0
4.179306900E2,3.327000141E0,8.356050491E0,-2.818950176E0
4.179331337E2,3.325050116E0,8.332050323E0,-2.773050070E0
4.179355774E2,3.330000162E0,8.341950417E0,-2.821050167E0
4.179380208E2,3.334050179E0,8.313000679E0,-2.818950176E0
4.179404645E2,3.358050108E0,8.293950081E0,-2.761050224E0
4.179429082E2,3.459000111E0,8.257950783E0,-2.713050127E0
4.179453519E2,3.540000200E0,8.181000710E0,-2.668050051E0
4.179477956E2,3.568950176E0,8.227050781E0,-2.658000231E0
4.179502392E2,3.580950260E0,8.287050247E0,-2.670000076E0
4.179526829E2,3.576000214E0,8.314949989E0,-2.713050127E0
4.179551266E2,3.583050251E0,8.386950493E0,-2.806950092E0
4.179575701E2,3.519000053E0,8.466000557E0,-2.823000193E0
4.179600138E2,3.520950079E0,8.485050201E0,-2.814000130E0
4.179624575E2,3.564000130E0,8.488050461E0,-2.754000187E0
4.179649011E2,3.574050188E0,8.538000107E0,-2.743950129E0
4.179673448E2,3.616950274E0,8.583000183E0,-2.683950186E0
4.179697885E2,3.568950176E0,8.583000183E0,-2.716050148E0
4.179722321E2,3.588000059E0,8.599950790E0,-2.742000103E0
4.179746758E2,3.564000130E0,8.701050758E0,-2.713050127E0
4.179771193E2,3.495000124E0,8.734050751E0,-2.767950058E0
4.179795630E2,3.454050064E0,8.763000488E0,-2.731950045E0
4.179820067E2,3.418050051E0,8.728950500E0,-2.695950031E0
4.179844503E2,3.403950214E0,8.740950584E0,-2.593050241E0
4.179868940E2,3.454050064E0,8.698050499E0,-2.562000036E0
4.179893377E2,3.471000195E0,8.667000771E0,-2.560050011E0
4.179917814E2,3.424950123E0,8.682000160E0,-2.646000147E0
4.179942248E2,3.366000175E0,8.662050247E0,-2.658000231E0
4.179966685E2,3.355950117E0,8.662050247E0,-2.665050030E0
4.179991122E2,3.339000225E0,8.641050339E0,-2.665050030E0
4.180015559E2,3.363000154E0,8.574000359E0,-2.710950136E0
4.180039995E2,3.349050045E0,8.506950378E0,-2.767950058E0
4.180064432E2,3.433050156E0,8.421000481E0,-2.787000179E0
4.180088869E2,3.460950136E0,8.332050323E0,-2.719950199E0
4.180113306E2,3.457050085E0,8.254950523E0,-2.658000231E0
4.180137741E2,3.421050072E0,8.217000008E0,-2.521950006E0
4.180162177E2,3.460950136E0,8.184000015E0,-2.526000023E0
4.180186614E2,3.495000124E0,8.128950119E0,-2.601000071E0
4.180211050E2,3.487950087E0,8.064000130E0,-2.677050114E0
4.180235488E2,3.469050169E0,8.047050476E0,-2.706000090E0
4.180259924E2,3.484950066E0,8.039999962E0,-2.680050135E0
4.180284361E2,3.540000200E0,7.996950150E0,-2.589000225E0
4.180308798E2,3.511950254E0,7.969950199E0,-2.601000071E0
4.180333233E2,3.571050167E0,8.023050308E0,-2.644050121E0
4.180357670E2,3.579000235E0,7.987050533E0,-2.746950150E0
4.180382106E2,3.634050131E0,7.981950283E0,-2.778000116E0
4.180406543E2,3.709950209E0,7.959000587E0,-2.752050161E0
4.180430980E2,3.733950138E0,8.032950401E0,-2.674950123E0
4.180455417E2,3.679050207E0,8.032950401E0,-2.617050171E0
4.180479853E2,3.696000099E0,8.080950737E0,-2.577000141E0
4.180504288E2,3.744000196E0,8.077950478E0,-2.646000147E0
4.180528725E2,3.760950089E0,8.116950035E0,-2.706000090E0
4.180553162E2,3.729000092E0,8.133000374E0,-2.683950186E0
4.180577598E2,3.700950146E0,8.161950111E0,-2.637000084E0
4.180602035E2,3.736950159E0,8.176050186E0,-2.529000044E0
4.180626472E2,3.760950089E0,8.227050781E0,-2.458950043E0
4.180650907E2,3.733950138E0,8.313000679E0,-2.455050230E0
4.180675346E2,3.784950256E0,8.346000671E0,-2.446950197E0
4.180699780E2,3.718050241E0,8.377950668E0,-2.518950224E0
4.180724217E2,3.744000196E0,8.464050293E0,-2.512050152E0
4.180748654E2,3.718050241E0,8.377950668E0,-2.392050028E0
4.180773090E2,3.808050156E0,8.362950325E0,-2.376000166E0
4.180797527E2,3.865950108E0,8.313000679E0,-2.364000082E0
4.180821964E2,3.945000172E0,8.348999977E0,-2.397000074E0
4.180846399E2,3.967050076E0,8.353950500E0,-2.416050196E0
4.180870836E2,3.909000158E0,8.425050735E0,-2.353950024E0
4.180895273E2,3.909000158E0,8.512050629E0,-2.325000048E0
4.180919710E2,3.861000299E0,8.506950378E0,-2.197950125E0
4.180944147E2,3.765000105E0,8.464050293E0,-2.191050053E0
4.180968583E2,3.763050079E0,8.421000481E0,-2.107050180E0
4.180993020E2,3.793950081E0,8.373000145E0,-2.127000093E0
4.181017457E2,3.888000250E0,8.299050331E0,-2.200950146E0
4.181041894E2,3.961950302E0,8.229000092E0,-2.236950159E0
4.181066328E2,3.937950134E0,8.181000710E0,-2.176950216E0
4.181090765E2,3.909000158E0,8.193000793E0,-2.091000080E0
4.181115202E2,3.949950218E0,8.227050781E0,-2.062050104E0
4.181139638E2,3.946950197E0,8.184000015E0,-2.055000067E0
4.181164075E2,3.976050138E0,8.131050110E0,-2.131050110E0
4.181188512E2,3.990000248E0,8.044950485E0,-2.196000099E0
4.181212947E2,4.041000366E0,8.035050392E0,-2.220000029E0
4.181237384E2,4.036050320E0,8.049000740E0,-2.176950216E0
4.181261820E2,4.026000023E0,8.017950058E0,-2.107050180E0
4.181286257E2,3.967050076E0,8.053950310E0,-1.963950038E0
4.181310694E2,3.885000229E0,8.005949974E0,-2.067000151E0
4.181335130E2,3.892050266E0,8.128950119E0,-2.078999996E0
4.181359567E2,3.847050190E0,8.128950119E0,-2.194050074E0
4.181384004E2,3.796950102E0,8.145000458E0,-2.191050053E0
4.181408439E2,3.820050240E0,8.149950027E0,-2.148000002E0
4.181432876E2,3.849000216E0,8.203050613E0,-2.158050060E0
4.181457313E2,3.837000132E0,8.248050690E0,-2.191050053E0
4.181481749E2,3.804000139E0,8.284049988E0,-2.230050087E0
4.181506186E2,3.772950172E0,8.310000420E0,-2.284950018E0
4.181530623E2,3.769950151E0,8.373000145E0,-2.377950191E0
4.181555059E2,3.753000259E0,8.365950584E0,-2.373000145E0
4.181579496E2,3.748950243E0,8.365950584E0,-2.409000158E0
4.181603933E2,3.634050131E0,8.332050323E0,-2.449950218E0
4.181628368E2,3.634050131E0,8.346000671E0,-2.437950134E0
4.181652805E2,3.531000137E0,8.361000061E0,-2.497950077E0
4.181677242E2,3.556950092E0,8.325000763E0,-2.481000185E0
4.181701678E2,3.480000257E0,8.334000587E0,-2.470950127E0
4.181726115E2,3.484950066E0,8.289000511E0,-2.493000031E0
4.181750552E2,3.519000053E0,8.272050858E0,-2.455050230E0
4.181774989E2,3.519000053E0,8.241000175E0,-2.482950211E0
4.181799424E2,3.516000271E0,8.161950111E0,-2.440050125E0
4.181823860E2,3.427950144E0,8.227050781E0,-2.305950165E0
4.181848297E2,3.424950123E0,8.167050362E0,-2.275050163E0
4.181872734E2,3.469050169E0,8.148000717E0,-2.269950151E0
4.181897170E2,3.271950245E0,8.184000015E0,-2.277000189E0
4.181921607E2,3.523950100E0,8.143050194E0,-2.329950094E0
4.181946044E2,3.382050276E0,8.248050690E0,-2.434950113E0
4.181970479E2,3.382050276E0,8.242950439E0,-2.455050230E0
4.181994916E2,3.279000044E0,8.329950333E0,-2.440050125E0
4.182019353E2,3.325050116E0,8.317950249E0,-2.421000004E0
4.182043790E2,3.313050270E0,8.313000679E0,-2.311050177E0
4.182068226E2,3.445050240E0,8.289000511E0,-2.395050049E0
4.182092663E2,3.502050161E0,8.320050240E0,-2.332950115E0
4.182117100E2,3.507000208E0,8.317950249E0,-2.452050209E0
4.182141534E2,3.499950171E0,8.265000343E0,-2.488050222E0
4.182165973E2,3.523950100E0,8.263050079E0,-2.469000101E0
4.182190408E2,3.448950052E0,8.326950073E0,-2.461950064E0
4.182214845E2,3.423000097E0,8.296050072E0,-2.341950178E0
4.182239282E2,3.607050180E0,8.290950775E0,-2.340000153E0
4.182263718E2,3.588000059E0,8.275050163E0,-2.400000095E0
4.182288155E2,3.591000080E0,8.224050522E0,-2.593050241E0
4.182312592E2,3.661950111E0,8.191050529E0,-2.646000147E0
4.182337029E2,3.753000259E0,8.143050194E0,-2.608050108E0
4.182361463E2,3.805950165E0,8.083050728E0,-2.518950224E0
4.182385900E2,3.865950108E0,8.005949974E0,-2.476050138E0
4.182410337E2,4.041000366E0,7.899000168E0,-2.562000036E0
4.182434774E2,4.098000050E0,7.828950405E0,-2.614950180E0
4.182459210E2,4.090950012E0,7.756950378E0,-2.779950142E0
4.182483647E2,4.096050262E0,7.717050552E0,-2.746950150E0
4.182508084E2,4.134000301E0,7.639950275E0,-2.706000090E0
4.182532521E2,4.120050430E0,7.683000565E0,-2.689050198E0
4.182556956E2,4.105050087E0,7.693050385E0,-2.601000071E0
4.182581392E2,4.052999973E0,7.669050217E0,-2.590950012E0
4.182605829E2,4.009950161E0,7.729050159E0,-2.538000107E0
4.182630265E2,3.904050112E0,7.771950245E0,-2.553000212E0
4.182654702E2,3.889950275E0,7.762050152E0,-2.452050209E0
4.182679139E2,3.889950275E0,7.789050579E0,-2.356050014E0
4.182703574E2,3.898950100E0,7.812000275E0,-2.260950089E0
4.182728013E2,3.768000126E0,7.870050430E0,-2.100000143E0
4.182752448E2,3.588000059E0,7.978050232E0,-2.083950043E0
4.182776885E2,3.535950184E0,8.029950142E0,-2.200950146E0
4.182801321E2,3.499950171E0,8.157000542E0,-2.365950108E0
4.182825758E2,3.399000168E0,8.152050018E0,-2.481000185E0
4.182850195E2,3.423000097E0,8.149950027E0,-2.409000158E0
4.182874632E2,3.471000195E0,8.193000793E0,-2.392050028E0
4.182899066E2,3.538050175E0,8.251049995E0,-2.323050022E0
4.182923503E2,3.532950163E0,8.260050774E0,-2.236950159E0
4.182947940E2,3.574050188E0,8.260050774E0,-2.269950151E0
4.182972377E2,3.564000130E0,8.320050240E0,-2.359050035E0
4.182996814E2,3.555000067E0,8.278950691E0,-2.445000172E0
4.183021250E2,3.487950087E0,8.317950249E0,-2.482950211E0
4.183045687E2,3.466050148E0,8.362950325E0,-2.413950205E0
4.183070124E2,3.528000116E0,8.356050491E0,-2.364000082E0
4.183094561E2,3.603000164E0,8.344050407E0,-2.296950102E0
4.183118996E2,3.649950266E0,8.461050034E0,-2.292000055E0
4.183143433E2,3.523950100E0,8.643000603E0,-3.130050182E0
4.183167869E2,2.977950096E0,8.811000824E0,-3.360000134E0
4.183192306E2,3.871050119E0,8.590950012E0,-1.626000047E0
4.183216743E2,3.454050064E0,8.521050453E0,-1.633050084E0
4.183241180E2,3.547950268E0,8.643000603E0,-2.016000032E0
4.183265614E2,3.732000113E0,8.542950630E0,-2.854050159E0
4.183290051E2,3.727050066E0,8.550000191E0,-4.068000317E0
4.183314488E2,3.547950268E0,8.559000015E0,-3.259050131E0
4.183338925E2,3.615000248E0,8.314949989E0,-2.871000051E0
4.183363361E2,3.760950089E0,8.509050369E0,-2.272950172E0
4.183387798E2,3.459000111E0,8.434950829E0,-2.458950043E0
4.183412235E2,3.753000259E0,8.314949989E0,-3.307050228E0
4.183436672E2,3.757950068E0,8.275050163E0,-3.676050186E0
4.183461107E2,3.607050180E0,8.254950523E0,-3.694950104E0
4.183485543E2,3.580950260E0,8.217000008E0,-3.144000053E0
4.183509980E2,3.639000177E0,8.176050186E0,-2.821050167E0
4.183534417E2,3.709950209E0,7.972950459E0,-2.706000090E0
4.183558854E2,3.784950256E0,7.729050159E0,-2.809050083E0
4.183583290E2,3.883050203E0,7.579950333E0,-3.448050261E0
4.183607727E2,3.880050182E0,7.483950138E0,-3.810000181E0
4.183632162E2,3.828000069E0,7.324050426E0,-3.919950247E0
4.183656599E2,3.792000294E0,7.333950520E0,-3.558000088E0
4.183681036E2,3.921000242E0,7.326000214E0,-3.012000084E0
4.183705472E2,3.937950134E0,7.429050446E0,-2.850000143E0
4.183729909E2,3.910950184E0,7.542000294E0,-2.752050161E0
4.183754346E2,3.877950191E0,7.731000423E0,-2.893050194E0
4.183778783E2,3.885000229E0,7.876950264E0,-3.304950237E0
4.183803219E2,4.162950039E0,8.065950394E0,-3.690000057E0
4.183827654E2,4.041000366E0,8.181000710E0,-3.853050232E0
4.183852091E2,3.897000074E0,8.421000481E0,-3.649050236E0
4.183876528E2,3.852000237E0,8.466000557E0,-3.325950146E0
4.183900964E2,3.913950205E0,8.571000099E0,-3.427050114E0
4.183925401E2,3.910950184E0,8.583000183E0,-3.736050129E0
4.183949838E2,3.895050287E0,8.566950798E0,-4.369950294E0
4.183974275E2,3.909000158E0,8.518950462E0,-4.732050419E0
4.183998712E2,4.110000134E0,8.398950577E0,-4.356000423E0
4.184023147E2,3.961950302E0,8.290950775E0,-3.831000090E0
4.184047583E2,3.934950113E0,8.203050613E0,-3.454950094E0
4.184072020E2,4.029000282E0,8.020950317E0,-3.481950283E0
4.184096457E2,4.218000412E0,7.828950405E0,-3.952950239E0
4.184120893E2,4.435950279E0,7.651950359E0,-4.099050045E0
4.184145330E2,4.366050243E0,7.504050255E0,-4.096950054E0
4.184169767E2,4.339950085E0,7.468050480E0,-3.645000219E0
4.184194202E2,4.417050362E0,7.366950512E0,-3.538950205E0
4.184218639E2,4.206000328E0,7.540050507E0,-3.355050087E0
4.184243076E2,4.218000412E0,7.525050163E0,-3.208950043E0
4.184267513E2,4.216050148E0,7.519950390E0,-3.232950211E0
4.184291950E2,4.318050385E0,7.606950283E0,-3.397950172E0
4.184316386E2,4.227000237E0,7.756950378E0,-3.553950071E0
4.184340823E2,4.243950367E0,7.863000393E0,-3.597000122E0
4.184365260E2,3.969000101E0,7.990050316E0,-3.466950178E0
4.184389694E2,3.922950268E0,8.188050270E0,-3.534000158E0
4.184414131E2,3.898950100E0,8.320050240E0,-3.379050255E0
4.184438568E2,3.841950178E0,8.542950630E0,-3.103050232E0
4.184463004E2,3.988050222E0,8.559000015E0,-3.192000151E0
4.184487441E2,4.093050003E0,8.803950310E0,-3.289950132E0
4.184511878E2,4.102950096E0,8.899050713E0,-3.511050224E0
4.184536315E2,4.078950405E0,8.935050011E0,-3.574950218E0
4.184560752E2,4.102950096E0,8.896950722E0,-3.634950161E0
4.184585187E2,4.089000225E0,8.907000542E0,-3.580050230E0
4.184609624E2,4.222949982E0,8.844000816E0,-3.241950035E0
4.184634060E2,4.150950432E0,8.761050224E0,-2.965050220E0
4.184658497E2,3.931050301E0,8.835000038E0,-3.052950144E0
4.184682933E2,3.976050138E0,8.770050049E0,-3.228000164E0
4.184707370E2,4.114950180E0,8.655000687E0,-3.537000179E0
4.184731807E2,4.213050365E0,8.389050484E0,-3.367050171E0
4.184756242E2,4.282950401E0,8.124000549E0,-3.076950073E0
4.184780679E2,4.383000374E0,8.039999962E0,-2.929050207E0
4.184805115E2,4.572000027E0,7.930050373E0,-2.874000072E0
4.184829552E2,4.612950325E0,7.852950573E0,-3.019950151E0
4.184853989E2,4.396950245E0,7.959000587E0,-3.051000118E0
4.184878426E2,4.383000374E0,7.924950600E0,-3.091950178E0
4.184902862E2,4.374000072E0,8.005949974E0,-3.181950092E0
4.184927299E2,4.507950306E0,8.149950027E0,-3.196950197E0
4.184951734E2,4.515000343E0,8.148000717E0,-3.139050245E0
4.184976171E2,4.290000439E0,8.329950333E0,-2.910000086E0
4.185000608E2,4.219950199E0,8.416049957E0,-2.728050232E0
4.185025044E2,4.177050114E0,8.571000099E0,-2.917050123E0
4.185049481E2,4.077000141E0,8.715000153E0,-3.214050055E0
4.185073918E2,3.937950134E0,8.832000732E0,-3.430950165E0
4.185098355E2,3.885000229E0,8.883000374E0,-3.465000153E0
4.185122789E2,3.849000216E0,9.019050598E0,-3.058050156E0
4.185147226E2,3.853950262E0,9.001950264E0,-2.839950085E0
4.185171663E2,3.865950108E0,9.052950859E0,-2.707950115E0
4.185196099E2,3.864000082E0,9.081000328E0,-2.778000116E0
4.185220536E2,3.787050247E0,9.079050064E0,-2.850000143E0
4.185244973E2,3.799050093E0,9.031050682E0,-2.890050173E0
4.185269410E2,3.781950235E0,9.028950691E0,-2.838000059E0
4.185293847E2,3.610050201E0,9.012000084E0,-2.740050077E0
4.185318281E2,3.564000130E0,8.974050522E0,-2.686950207E0
4.185342718E2,3.591000080E0,8.848950386E0,-2.743950129E0
4.185367155E2,3.571050167E0,8.785050392E0,-2.698950052E0
4.185391592E2,3.720000267E0,8.634000778E0,-2.680050135E0
4.185416028E2,3.910950184E0,8.500050545E0,-2.923950195E0
4.185440465E2,3.990000248E0,8.392050743E0,-3.060000181E0
4.185464902E2,4.065000057E0,8.329950333E0,-3.184950113E0
4.185489339E2,4.194000244E0,8.233950615E0,-3.289950132E0
4.185513774E2,4.144050121E0,8.227050781E0,-3.300000191E0
4.185538211E2,4.066950321E0,8.124000549E0,-3.376050234E0
4.185562648E2,4.159950256E0,7.993950367E0,-3.283050060E0
4.185587084E2,4.210950375E0,7.887000561E0,-3.292950153E0
4.185611521E2,4.207950115E0,7.812000275E0,-3.292950153E0
4.185635958E2,4.177050114E0,7.732950211E0,-3.204000235E0
4.185660395E2,4.132050037E0,7.710000515E0,-3.247050047E0
4.185684829E2,4.030950069E0,7.744950294E0,-3.178050041E0
4.185709266E2,4.018949986E0,7.767000198E0,-3.135000229E0
4.185733703E2,3.993000269E0,7.768950462E0,-3.063000202E0
4.185758140E2,3.901950121E0,7.738050461E0,-2.955000162E0
4.185782577E2,3.868050098E0,7.726050377E0,-2.898000240E0
4.185807013E2,3.921000242E0,7.702050209E0,-2.938050032E0
4.185831450E2,3.961950302E0,7.687950134E0,-3.024000168E0
4.185855887E2,3.969000101E0,7.633050442E0,-3.058050156E0
4.185880321E2,3.913950205E0,7.609050274E0,-2.989050150E0
4.185904758E2,3.897000074E0,7.710000515E0,-2.799000025E0
4.185929195E2,3.832050085E0,7.671000481E0,-2.620050192E0
4.185953631E2,3.922950268E0,7.609050274E0,-2.572050095E0
4.185978068E2,3.853950262E0,7.774050236E0,-2.649000168E0
4.186002505E2,3.670050144E0,7.731000423E0,-2.625000238E0
4.186026940E2,3.676950216E0,7.753050327E0,-2.622000217E0
4.186051377E2,3.727050066E0,7.848000526E0,-2.707950115E0
4.186075814E2,3.607050180E0,7.860000610E0,-2.625000238E0
4.186100251E2,3.547950268E0,7.987050533E0,-2.473950148E0
4.186124687E2,3.588000059E0,7.899000168E0,-2.332950115E0
4.186149124E2,3.670050144E0,7.932000160E0,-2.269950151E0
4.186173561E2,3.694050074E0,7.935000420E0,-2.385000229E0
4.186197998E2,3.652950287E0,7.944000244E0,-2.445000172E0
4.186222434E2,3.772950172E0,7.843950272E0,-2.565000057E0
4.186246869E2,3.801000118E0,7.828950405E0,-2.529000044E0
4.186271306E2,3.868050098E0,7.810050488E0,-2.361000061E0
4.186295743E2,4.002000332E0,7.726050377E0,-2.277000189E0
4.186320180E2,4.110000134E0,7.731000423E0,-2.332950115E0
4.186344616E2,4.081050396E0,7.843950272E0,-2.566950083E0
4.186369053E2,4.120050430E0,7.867950439E0,-2.847000122E0
4.186393487E2,4.303950310E0,7.912950516E0,-3.064950228E0
4.186417927E2,4.471950054E0,7.948950291E0,-3.241950035E0
4.186442361E2,4.354050159E0,7.969950199E0,-3.277950048E0
4.186466798E2,4.153050423E0,7.908000469E0,-2.887950182E0
4.186491235E2,4.062000275E0,7.828950405E0,-2.422950029E0
4.186515671E2,4.029000282E0,7.747950554E0,-1.923000097E0
4.186540108E2,4.029000282E0,7.663950443E0,-1.890000105E0
4.186564545E2,4.096050262E0,7.587000370E0,-2.068950176E0
4.186588980E2,4.273050308E0,7.606950283E0,-2.308950186E0
4.186613417E2,4.194000244E0,7.828950405E0,-2.376000166E0
4.186637854E2,3.835050106E0,8.164050102E0,-2.220000029E0
4.186662291E2,3.363000154E0,8.518950462E0,-2.035950184E0
4.186686727E2,2.977950096E0,8.764950752E0,-1.837050080E0
4.186711164E2,2.784000158E0,8.811000824E0,-1.803000093E0
4.186735601E2,2.950950146E0,8.698050499E0,-1.945050120E0
4.186760037E2,3.166950226E0,8.566950798E0,-1.947000146E0
4.186784472E2,3.258000135E0,8.362950325E0,-1.960950136E0
4.186808909E2,3.243000269E0,8.421000481E0,-1.624050021E0
4.186833346E2,3.148050070E0,8.524050713E0,-1.255050063E0
4.186857783E2,2.880000114E0,8.695950508E0,-9.750000238E-1
4.186882219E2,2.908050060E0,8.779950142E0,-8.959500194E-1
4.186906656E2,3.025950193E0,8.698050499E0,-1.281000018E0
4.186931093E2,3.259950161E0,8.710050583E0,-1.732050061E0
4.186955528E2,3.306000233E0,8.548050880E0,-2.020950079E0
4.186979967E2,3.282000065E0,8.341950417E0,-2.078999996E0
4.187004401E2,3.229050159E0,8.227050781E0,-1.789050102E0
4.187028838E2,3.246000051E0,8.035050392E0,-1.372050047E0
4.187053275E2,3.433050156E0,7.948950291E0,-1.106999993E0
4.187077711E2,3.627000093E0,7.884000301E0,-1.155000091E0
4.187102148E2,3.504000187E0,7.852950573E0,-1.581000090E0
4.187126585E2,3.307950258E0,7.992000580E0,-1.846050143E0
4.187151020E2,3.294000149E0,7.966050148E0,-2.004000187E0
4.187175457E2,3.370050192E0,7.786050320E0,-2.104950190E0
4.187199894E2,3.507000208E0,7.683000565E0,-1.894050121E0
4.187224330E2,3.579000235E0,7.615950584E0,-1.782000065E0
4.187248767E2,3.712950230E0,7.378950119E0,-1.614000082E0
4.187273204E2,3.847050190E0,7.314000130E0,-1.734000087E0
4.187297641E2,3.913950205E0,7.326000214E0,-2.064000130E0
4.187322078E2,3.688950062E0,7.417050362E0,-2.281949997E0
4.187346512E2,3.567000151E0,7.360050201E0,-2.359050035E0
4.187370949E2,3.540000200E0,7.350000381E0,-2.008949995E0
4.187395386E2,3.610050201E0,7.350000381E0,-1.648050070E0
4.187419823E2,3.760950089E0,7.389000416E0,-1.360050082E0
4.187444259E2,3.852000237E0,7.542000294E0,-1.240950108E0
4.187468696E2,3.907050133E0,7.609050274E0,-1.465950012E0
4.187493133E2,3.792000294E0,7.851000309E0,-1.606950045E0
4.187517568E2,3.777000189E0,8.203050613E0,-1.902000070E0
4.187542007E2,3.934950113E0,8.418000221E0,-2.377950191E0
4.187566441E2,3.909000158E0,8.515950203E0,-2.637000084E0
4.187590878E2,3.744000196E0,8.686050415E0,-2.530950069E0
4.187615315E2,3.504000187E0,8.767950058E0,-2.004000187E0
4.187639752E2,3.387000084E0,8.739000320E0,-1.504050016E0
4.187664188E2,3.574050188E0,8.727000237E0,-1.435050011E0
4.187688625E2,3.768000126E0,8.787000656E0,-1.564050078E0
4.187713060E2,3.904050112E0,8.896950722E0,-1.690950036E0
4.187737497E2,3.921000242E0,9.141000748E0,-1.576050043E0
4.187761934E2,4.048050404E0,9.625050545E0,-1.297950029E0
4.187786370E2,3.957000256E0,1.006095028E1,-9.490500689E-1
4.187810807E2,3.928050280E0,1.019205093E1,-6.570000052E-1
4.187835244E2,3.784950256E0,1.022595024E1,-1.075950027E0
4.187859681E2,3.859050274E0,1.008900070E1,-1.915950060E0
4.187884118E2,4.021950245E0,9.916950226E0,-2.377950191E0
4.187908552E2,4.405050278E0,9.963000298E0,-2.625000238E0
4.187932989E2,4.921950340E0,1.030305004E1,-2.602950096E0
4.187957426E2,5.145000458E0,1.075500011E1,-2.400000095E0
4.187981863E2,5.274000168E0,1.124595070E1,-2.227050066E0
4.188006299E2,5.209050179E0,1.157400036E1,-2.356050014E0
4.188030736E2,4.615050316E0,1.182300091E1,-3.043950081E0
4.188055173E2,4.030950069E0,1.171500015E1,-3.774000168E0
4.188079608E2,4.081050396E0,1.093905067E1,-4.281000137E0
4.188104045E2,4.291950226E0,1.013505077E1,-3.922050238E0
4.188128481E2,4.486050129E0,9.462000847E0,-3.012000084E0
4.188152918E2,4.812000275E0,9.028950691E0,-2.068950176E0
4.188177354E2,4.576950073E0,8.322000504E0,-1.741050124E0
4.188201791E2,4.657950401E0,8.437050819E0,-1.855950117E0
4.188226228E2,4.891050339E0,8.245950699E0,-2.248950005E0
4.188250665E2,4.696950436E0,8.694000244E0,-2.476050138E0
4.188275100E2,4.801950455E0,8.872950554E0,-1.954050064E0
4.188299537E2,4.785000324E0,9.133950233E0,-1.690950036E0
4.188323974E2,4.645950317E0,9.634950638E0,-1.642950058E0
4.188348410E2,4.648950100E0,9.763950348E0,-1.890000105E0
4.188372847E2,4.957950115E0,9.790050507E0,-2.710950136E0
4.188397284E2,4.897950172E0,9.997950554E0,-3.384000063E0
4.188421721E2,4.306950092E0,1.014195061E1,-3.343050241E0
4.188446158E2,4.062000275E0,9.951000214E0,-3.288000107E0
4.188470592E2,4.000050068E0,9.655950546E0,-3.040950060E0
4.188495029E2,3.868050098E0,9.268050194E0,-3.490950108E0
4.188519465E2,3.888000250E0,9.025950432E0,-3.907950163E0
4.188543903E2,4.302000046E0,8.811000824E0,-3.843000174E0
4.188568339E2,4.744950294E0,9.055050850E0,-3.064950228E0
4.188592776E2,5.134950161E0,9.634950638E0,-2.749050140E0
4.188617213E2,5.403000355E0,1.019505024E1,-3.142050266E0
4.188641648E2,5.452950478E0,1.040505028E1,-3.889050245E0
4.188666085E2,5.383950233E0,1.025205040E1,-4.561950207E0
4.188690521E2,5.073000431E0,1.015200043E1,-4.801050186E0
4.188714958E2,4.684950352E0,9.868950844E0,-4.179000378E0
4.188739395E2,4.812000275E0,9.013950348E0,-3.409950256E0
4.188763831E2,5.302950382E0,8.698050499E0,-2.637000084E0
4.188788266E2,5.809950352E0,8.020950317E0,-2.332950115E0
4.188812705E2,5.896050453E0,8.076000214E0,-2.662950039E0
4.188837140E2,5.554050446E0,8.361000061E0,-3.472050190E0
4.188861577E2,5.038950443E0,8.646000862E0,-4.456050396E0
4.188886014E2,4.872000217E0,8.662050247E0,-4.662000179E0
4.188910450E2,5.082000256E0,8.482950211E0,-4.474950314E0
4.188934887E2,5.520000458E0,8.241000175E0,-3.883950233E0
4.188959324E2,5.761950493E0,7.840950489E0,-3.609000206E0
4.188983761E2,5.901000500E0,7.381050587E0,-3.630000114E0
4.189008196E2,5.968050480E0,6.984000206E0,-3.879000187E0
4.189032633E2,5.998950481E0,6.649050236E0,-4.011000156E0
4.189057069E2,5.968050480E0,6.703950405E0,-3.709050179E0
4.189081506E2,5.821950436E0,6.751950264E0,-3.226050138E0
4.189105943E2,5.868000507E0,6.736950397E0,-2.910000086E0
4.189130379E2,5.740950108E0,6.735000134E0,-2.947950125E0
4.189154816E2,5.470050335E0,6.915000439E0,-3.223050117E0
4.189179253E2,5.491950035E0,6.943050385E0,-3.949050188E0
4.189203688E2,5.367000103E0,7.056000233E0,-4.293000221E0
4.189228125E2,5.203950405E0,7.189950466E0,-4.339050293E0
4.189252562E2,4.948050022E0,7.362000465E0,-4.174050331E0
4.189276998E2,4.819050312E0,7.369950294E0,-3.823950291E0
4.189301435E2,4.936050415E0,7.386000156E0,-3.582000256E0
4.189325872E2,5.073000431E0,7.434000492E0,-3.621000290E0
4.189350306E2,4.845000267E0,7.528050423E0,-4.018050194E0
4.189374743E2,5.065050125E0,7.483950138E0,-4.450950146E0
4.189399180E2,5.092050076E0,7.221000195E0,-4.606950283E0
4.189423617E2,4.993950367E0,7.321950436E0,-4.339050293E0
4.189448053E2,4.990950108E0,7.453050137E0,-3.697050095E0
4.189472490E2,4.924050331E0,7.432050228E0,-3.724050283E0
4.189496927E2,4.915050030E0,7.498950481E0,-3.874050140E0
4.189521364E2,4.819050312E0,7.434000492E0,-4.365000248E0
4.189545798E2,4.788000107E0,7.437000275E0,-4.827000141E0
4.189570235E2,4.836000443E0,7.531950474E0,-4.666950226E0
4.189594672E2,4.876049995E0,7.333950520E0,-4.565999985E0
4.189619109E2,4.744950294E0,7.297950268E0,-4.118999958E0
4.189643545E2,4.836000443E0,7.330950260E0,-3.979950190E0
4.189667982E2,4.933950424E0,7.168050289E0,-4.195050240E0
4.189692419E2,5.058000088E0,7.030050278E0,-4.284000397E0
4.189716856E2,4.716000080E0,7.137000561E0,-4.200000286E0
4.189741293E2,4.771050453E0,7.044000149E0,-4.246050358E0
4.189765728E2,4.884000301E0,6.868950367E0,-3.973050117E0
4.189790165E2,4.764000416E0,7.051050186E0,-3.742950201E0
4.189814602E2,4.596000195E0,7.200000286E0,-3.463050127E0
4.189839038E2,4.483950138E0,7.276050568E0,-3.582000256E0
4.189863475E2,4.383000374E0,7.350000381E0,-3.991950274E0
4.189887912E2,4.251000404E0,7.461000443E0,-4.164000034E0
4.189912346E2,4.150950432E0,7.486950397E0,-4.223999977E0
4.189936783E2,4.194000244E0,7.471950531E0,-4.006050110E0
4.189961220E2,4.006950378E0,7.492050171E0,-3.666000128E0
4.189985657E2,3.933000088E0,7.353000164E0,-3.750000238E0
4.190010093E2,4.085999966E0,7.237950325E0,-3.616050243E0
4.190034530E2,4.060050011E0,7.197000504E0,-3.652050257E0
4.190058967E2,4.186950207E0,7.075050354E0,-3.430950165E0
4.190083404E2,4.122000217E0,6.868950367E0,-3.040950060E0
4.190107838E2,4.089000225E0,6.952950478E0,-2.953050137E0
4.190132275E2,4.129050255E0,6.958050251E0,-2.926050186E0
4.190156712E2,3.910950184E0,7.077000141E0,-3.067950249E0
4.190181149E2,3.865950108E0,7.195050240E0,-3.196950197E0
4.190205585E2,3.673950195E0,7.135050297E0,-2.965050220E0
4.190230022E2,3.652950287E0,7.099050522E0,-2.967000246E0
4.190254459E2,3.817950249E0,6.970050335E0,-3.016950130E0
4.190278894E2,3.877950191E0,6.820950508E0,-2.979000092E0
4.190303333E2,3.994950294E0,6.630000114E0,-3.067950249E0
4.190327768E2,4.105050087E0,6.607950211E0,-2.971950054E0
4.190352205E2,3.805950165E0,6.555000305E0,-3.228000164E0
4.190376642E2,4.098000050E0,6.523950100E0,-3.283050060E0
4.190401078E2,4.137000084E0,6.595950127E0,-2.967000246E0
4.190425515E2,4.045950413E0,6.601050377E0,-2.799000025E0
4.190449952E2,4.029000282E0,6.511950493E0,-2.506950140E0
4.190474386E2,4.045950413E0,6.571950436E0,-2.743950129E0
4.190498823E2,3.933000088E0,6.606000423E0,-2.790000200E0
4.190523260E2,3.805950165E0,6.679950237E0,-2.763000250E0
4.190547696E2,3.672000170E0,6.699000359E0,-2.689050198E0
4.190572133E2,3.658050060E0,6.702000141E0,-2.380050182E0
4.190596570E2,3.394050121E0,6.736950397E0,-2.371050119E0
4.190621007E2,3.399000168E0,7.221000195E0,-1.978050113E0
4.190645444E2,3.226950169E0,7.426950455E0,-1.486950040E0
4.190669879E2,3.037950039E0,7.599000454E0,-1.495050073E0
4.190694316E2,3.094950199E0,7.710000515E0,-1.617000103E0
4.190718753E2,3.064050198E0,7.863000393E0,-2.050050020E0
4.190743190E2,3.105000257E0,8.002050400E0,-2.196000099E0
4.190767626E2,3.193050146E0,8.071050644E0,-2.389950037E0
4.190792063E2,3.016050100E0,8.381999969E0,-2.304000139E0
4.190816500E2,3.148050070E0,8.530950546E0,-2.026050091E0
4.190840934E2,3.451950073E0,8.731950760E0,-2.304000139E0
4.190865373E2,3.142950058E0,9.169950485E0,-2.332950115E0
4.190889808E2,3.415950060E0,9.153000832E0,-2.160000086E0
4.190914245E2,3.045000076E0,9.306000710E0,-2.139000177E0
4.190938682E2,2.401050091E0,9.496050835E0,-1.786950111E0
4.190963118E2,2.491950035E0,9.615000725E0,-1.200000048E0
4.190987555E2,2.901000023E0,9.748950005E0,-1.489950061E0
4.191011992E2,3.061050177E0,9.490950584E0,-1.894050121E0
4.191036426E2,3.423000097E0,9.478950500E0,-2.542950153E0
4.191060863E2,3.538050175E0,9.262950897E0,-3.307050228E0
4.191085300E2,3.516000271E0,9.151050568E0,-3.357000113E0
4.191109736E2,3.673950195E0,8.800950050E0,-2.926050186E0
4.191134174E2,3.612000227E0,8.694000244E0,-2.617050171E0
4.191158610E2,3.279000044E0,8.550000191E0,-2.098050117E0
4.191183047E2,3.342000246E0,8.526000023E0,-1.801050067E0
4.191207484E2,3.685950279E0,8.707950592E0,-1.954050064E0
4.191231919E2,3.700950146E0,8.563950539E0,-2.413950205E0
4.191256356E2,3.736950159E0,8.806050301E0,-2.677050114E0
4.191280792E2,3.436950207E0,8.868000031E0,-2.859000206E0
4.191305230E2,3.346050262E0,8.797050476E0,-2.785050154E0
4.191329666E2,3.400950193E0,8.662050247E0,-2.917050123E0
4.191354103E2,3.457050085E0,8.665050507E0,-2.842050076E0
4.191378540E2,3.544950247E0,8.629050255E0,-2.773050070E0
4.191402974E2,3.664950132E0,8.421000481E0,-2.356050014E0
4.191427411E2,3.640950203E0,8.394000053E0,-2.148000002E0
4.191451848E2,3.853950262E0,8.310000420E0,-2.203050137E0
4.191476284E2,3.871050119E0,8.397000313E0,-2.707950115E0
4.191500721E2,3.547950268E0,8.394000053E0,-3.148950100E0
4.191525158E2,3.639000177E0,8.368050575E0,-3.460050106E0
4.191549593E2,3.627000093E0,8.218950272E0,-3.534000158E0
4.191574032E2,3.801000118E0,8.148000717E0,-3.052950144E0
4.191598467E2,3.729000092E0,8.218950272E0,-2.730000019E0
4.191622904E2,4.048050404E0,8.368050575E0,-2.351999998E0
4.191647341E2,3.792000294E0,8.437050819E0,-2.323050022E0
4.191671777E2,3.610050201E0,8.743950844E0,-2.931000233E0
4.191696214E2,3.442050219E0,8.785050392E0,-3.313950062E0
4.191720650E2,3.442050219E0,9.007050514E0,-3.403050184E0
4.191745085E2,3.283950090E0,8.836950302E0,-3.067950249E0
4.191769524E2,3.600000143E0,8.706000328E0,-2.506950140E0
4.191793959E2,3.697950125E0,8.385000229E0,-2.206050158E0
4.191818396E2,3.727050066E0,8.413050652E0,-2.380050182E0
4.191842832E2,3.775050163E0,8.236050606E0,-2.749050140E0
4.191867269E2,3.844050169E0,8.145000458E0,-3.082050085E0
4.191891706E2,3.724950075E0,8.230950356E0,-2.871000051E0
4.191916143E2,3.708000183E0,8.275050163E0,-2.554950237E0
4.191940580E2,3.664950132E0,8.418000221E0,-2.305950165E0
4.191965015E2,3.559050083E0,8.392050743E0,-2.412000179E0
4.191989451E2,3.499950171E0,8.350950241E0,-2.637000084E0
4.192013888E2,3.547950268E0,8.394000053E0,-3.048000097E0
4.192038325E2,3.772950172E0,8.476050377E0,-3.442950249E0
4.192062761E2,3.988050222E0,8.302950859E0,-2.742000103E0
4.192087198E2,4.270950317E0,8.334000587E0,-1.411050081E0
4.192111633E2,4.426050186E0,7.846050262E0,-1.825050116E0
4.192136070E2,4.113000393E0,8.124000549E0,-2.581950188E0
4.192160507E2,4.213050365E0,7.767000198E0,-3.550950050E0
4.192184944E2,3.994950294E0,7.915050507E0,-3.496050119E0
4.192209381E2,3.592950106E0,7.923000336E0,-3.088950157E0
4.192233817E2,2.881950140E0,8.313000679E0,-2.026050091E0
4.192258254E2,2.784000158E0,8.260050774E0,-1.674000025E0
4.192282691E2,2.998950243E0,8.467950821E0,-8.770500422E-1
4.192307126E2,3.442050219E0,8.218950272E0,-9.649500251E-1
4.192331562E2,3.724950075E0,8.212050438E0,-1.360050082E0
4.192355999E2,3.733950138E0,8.136000633E0,-2.413950205E0
4.192380436E2,3.646050215E0,8.368050575E0,-3.361950159E0
4.192404872E2,3.543000221E0,8.421000481E0,-3.807000160E0
4.192429309E2,3.379950047E0,8.610000610E0,-3.156000137E0
4.192453746E2,3.327000141E0,8.631000519E0,-2.139000177E0
4.192478183E2,3.294000149E0,8.659950256E0,-1.558950067E0
4.192502618E2,3.519000053E0,8.670000076E0,-1.477950096E0
4.192527055E2,3.733950138E0,8.557050705E0,-1.945050120E0
4.192551492E2,3.978000164E0,8.470950127E0,-2.661000013E0
4.192575929E2,3.844050169E0,8.722050667E0,-2.922000170E0
4.192600365E2,3.507000208E0,8.880000114E0,-2.718000174E0
4.192624802E2,3.652950287E0,8.791950226E0,-2.329950094E0
4.192649239E2,3.615000248E0,8.800950050E0,-2.349000216E0
4.192673673E2,3.451950073E0,8.806050301E0,-2.605050087E0
4.192698110E2,3.619050264E0,8.575950623E0,-2.734950066E0
4.192722547E2,3.925950289E0,8.380050659E0,-2.835000038E0
4.192746983E2,3.943050146E0,8.361000061E0,-2.629050016E0
4.192771421E2,3.961950302E0,8.446949959E0,-2.074050188E0
4.192795857E2,4.036050320E0,8.527950287E0,-1.990050077E0
4.192820294E2,3.729000092E0,8.887950897E0,-1.842000127E0
4.192844731E2,3.433050156E0,9.028950691E0,-2.389950037E0
4.192869165E2,3.600000143E0,8.926050186E0,-2.854050159E0
4.192893602E2,3.502050161E0,8.860950470E0,-3.217950106E0
4.192918039E2,3.373050213E0,8.868000031E0,-3.196950197E0
4.192942476E2,3.627000093E0,8.670000076E0,-2.548050165E0
4.192966913E2,3.828000069E0,8.536050797E0,-1.933050036E0
4.192991349E2,3.640950203E0,8.646000862E0,-1.528050065E0
4.193015786E2,3.646050215E0,8.890050888E0,-1.842000127E0
4.193040223E2,3.624000072E0,8.895000458E0,-2.670000076E0
4.193064658E2,3.507000208E0,9.175050735E0,-2.935950041E0
4.193089095E2,3.387000084E0,9.112950325E0,-2.830950022E0
4.193113532E2,3.496950150E0,9.079050064E0,-2.449950218E0
4.193137969E2,3.607050180E0,8.986050606E0,-1.867950082E0
4.193162405E2,3.744000196E0,8.812950134E0,-1.969050050E0
4.193186842E2,3.813000202E0,8.896950722E0,-2.458950043E0
4.193211279E2,3.559050083E0,8.863950729E0,-2.902050257E0
4.193235713E2,3.574050188E0,8.955000877E0,-2.461950064E0
4.193260150E2,3.460950136E0,9.016950607E0,-2.244000196E0
4.193284587E2,3.355950117E0,9.000000000E0,-2.064000130E0
4.193309023E2,3.495000124E0,8.959050179E0,-2.184000015E0
4.193333460E2,3.801000118E0,8.670000076E0,-2.232000113E0
4.193357897E2,3.877950191E0,8.490000725E0,-2.351999998E0
4.193382334E2,3.949950218E0,8.334000587E0,-2.412000179E0
4.193406771E2,4.249050140E0,8.317950249E0,-2.400000095E0
4.193431205E2,4.078950405E0,8.310000420E0,-2.292000055E0
4.193455642E2,3.712950230E0,8.337000847E0,-2.488050222E0
4.193480079E2,3.598050117E0,8.373000145E0,-2.629050016E0
4.193504515E2,3.519000053E0,8.370000839E0,-2.400000095E0
4.193528952E2,3.448950052E0,8.348999977E0,-2.019000053E0
4.193553389E2,3.556950092E0,8.302950859E0,-2.020950079E0
4.193577826E2,3.727050066E0,8.353950500E0,-1.903950095E0
4.193602263E2,3.784950256E0,8.227050781E0,-2.071950197E0
4.193626698E2,3.876000166E0,8.218950272E0,-2.287050009E0
4.193651135E2,3.622050285E0,8.389050484E0,-2.653050184E0
4.193675572E2,3.555000067E0,8.548050880E0,-2.713050127E0
4.193700009E2,3.547950268E0,8.559000015E0,-2.512050152E0
4.193724445E2,3.472950220E0,8.494950294E0,-2.172000170E0
4.193748882E2,3.483000278E0,8.598000526E0,-1.801050067E0
4.193773318E2,3.454050064E0,8.542950630E0,-1.963950038E0
4.193797753E2,3.556950092E0,8.518950462E0,-2.400000095E0
4.193822190E2,3.531000137E0,8.602950096E0,-2.541000128E0
4.193846627E2,3.600000143E0,8.491950035E0,-2.590950012E0
4.193871063E2,3.685950279E0,8.617050171E0,-2.376000166E0
4.193895500E2,3.586050272E0,8.622000694E0,-2.292000055E0
4.193919937E2,3.378000259E0,8.872950554E0,-2.194050074E0
4.193944372E2,3.624000072E0,8.746050835E0,-2.425950050E0
4.193968811E2,3.604950190E0,8.752950668E0,-2.574000120E0
4.193993245E2,3.670050144E0,8.610000610E0,-2.794950247E0
4.194017682E2,3.753000259E0,8.590950012E0,-2.658000231E0
4.194042119E2,3.724950075E0,8.578950882E0,-2.445000172E0
4.194066555E2,3.652950287E0,8.682000160E0,-2.191050053E0
4.194090992E2,3.775050163E0,8.763000488E0,-2.064000130E0
4.194115429E2,3.552000284E0,8.671950340E0,-2.479050159E0
4.194139864E2,3.703050137E0,8.647950172E0,-2.763000250E0
4.194164301E2,3.733950138E0,8.542950630E0,-2.898000240E0
4.194188737E2,3.892050266E0,8.466000557E0,-2.620050192E0
4.194213174E2,3.985950232E0,8.394000053E0,-2.269950151E0
4.194237611E2,3.895050287E0,8.500050545E0,-2.091000080E0
4.194262048E2,3.852000237E0,8.467950821E0,-2.185950041E0
4.194286485E2,3.811050177E0,8.574000359E0,-2.467050076E0
4.194310921E2,3.700950146E0,8.524050713E0,-2.665050030E0
4.194335358E2,3.769950151E0,8.512050629E0,-2.674950123E0
4.194359793E2,3.777000189E0,8.377950668E0,-2.494950056E0
4.194384230E2,3.804000139E0,8.365950584E0,-2.212949991E0
4.194408667E2,3.895050287E0,8.272050858E0,-2.127000093E0
4.194433103E2,3.945000172E0,8.265000343E0,-2.185950041E0
4.194457540E2,3.945000172E0,8.275050163E0,-2.341950178E0
4.194481977E2,3.945000172E0,8.254950523E0,-2.530950069E0
4.194506411E2,3.981000185E0,8.269950867E0,-2.566950083E0
4.194530848E2,3.958950281E0,8.227050781E0,-2.464050055E0
4.194555285E2,3.976050138E0,8.229000092E0,-2.371050119E0
4.194579722E2,3.990000248E0,8.208000183E0,-2.337000132E0
4.194604158E2,3.978000164E0,8.212050438E0,-2.344050169E0
4.194628595E2,3.919050217E0,8.215050697E0,-2.385000229E0
4.194653032E2,3.898950100E0,8.266950607E0,-2.437950134E0
4.194677469E2,3.957000256E0,8.257950783E0,-2.455050230E0
4.194701904E2,3.985950232E0,8.208000183E0,-2.455050230E0
4.194726340E2,4.018949986E0,8.140049934E0,-2.409000158E0
4.194750777E2,3.976050138E0,8.208000183E0,-2.413950205E0
4.194775214E2,4.017000198E0,8.167050362E0,-2.548050165E0
4.194799650E2,3.945000172E0,8.224050522E0,-2.658000231E0
4.194824087E2,3.844050169E0,8.265000343E0,-2.674950123E0
4.194848524E2,3.852000237E0,8.233950615E0,-2.689050198E0
4.194872961E2,3.861000299E0,8.253000259E0,-2.695950031E0
4.194897396E2,3.760950089E0,8.293950081E0,-2.704050064E0
4.194921833E2,3.756000280E0,8.272050858E0,-2.782950163E0
4.194946270E2,3.780000210E0,8.322000504E0,-2.791950226E0
4.194970706E2,3.622050285E0,8.314949989E0,-2.950050116E0
4.194995143E2,3.679050207E0,8.373000145E0,-2.886000156E0
4.195019579E2,3.649950266E0,8.289000511E0,-2.911950111E0
4.195044016E2,3.616950274E0,8.338950157E0,-2.898000240E0
4.195068451E2,3.670050144E0,8.404050827E0,-3.001050234E0
4.195092890E2,3.697950125E0,8.389050484E0,-2.809050083E0
4.195117325E2,3.649950266E0,8.394000053E0,-2.673000097E0
4.195141762E2,3.712950230E0,8.421000481E0,-2.692050219E0
4.195166198E2,3.586050272E0,8.446949959E0,-2.875950098E0
4.195190635E2,3.586050272E0,8.358000755E0,-3.024000168E0
4.195215072E2,3.579000235E0,8.440050125E0,-2.851950169E0
4.195239509E2,3.447000265E0,8.442000389E0,-2.790000200E0
4.195263943E2,3.547950268E0,8.500050545E0,-2.586000204E0
4.195288380E2,3.556950092E0,8.557050705E0,-2.608050108E0
4.195312817E2,3.622050285E0,8.563950539E0,-2.433000088E0
4.195337254E2,3.801000118E0,8.454000473E0,-2.775000095E0
4.195361690E2,3.784950256E0,8.524050713E0,-3.250050068E0
4.195386127E2,3.595050097E0,8.503950119E0,-3.670950174E0
4.195410564E2,3.600000143E0,8.562000275E0,-3.381000042E0
4.195434999E2,3.502050161E0,8.437050819E0,-2.947950125E0
4.195459436E2,3.403950214E0,8.464050293E0,-2.479050159E0
4.195483873E2,3.712950230E0,8.281949997E0,-2.392050028E0
4.195508309E2,3.627000093E0,8.242950439E0,-2.151000023E0
4.195532746E2,4.033950329E0,8.204999924E0,-2.344050169E0
4.195557183E2,3.756000280E0,8.239050865E0,-2.649000168E0
4.195581620E2,3.763050079E0,8.184000015E0,-2.683950186E0
4.195606057E2,3.856050253E0,8.104949951E0,-2.493000031E0
4.195630491E2,3.736950159E0,8.200050354E0,-2.305950165E0
4.195654928E2,3.660000086E0,8.380050659E0,-2.074050188E0
4.195679365E2,3.682050228E0,8.314949989E0,-1.999950051E0
4.195703802E2,3.765000105E0,8.260050774E0,-2.173950195E0
4.195728238E2,3.600000143E0,8.406000137E0,-2.590950012E0
4.195752675E2,3.564000130E0,8.538000107E0,-2.566950083E0
4.195777112E2,3.655050278E0,8.559000015E0,-2.620050192E0
4.195801549E2,3.451950073E0,8.751000404E0,-2.491050005E0
4.195825984E2,3.354000092E0,8.911050797E0,-2.613000154E0
4.195850420E2,3.436950207E0,8.787000656E0,-2.634000063E0
4.195874857E2,3.271950245E0,8.842050552E0,-2.545950174E0
4.195899294E2,3.397050142E0,8.682000160E0,-2.127000093E0
4.195923730E2,3.583050251E0,8.491950035E0,-2.023950100E0
4.195948167E2,3.781950235E0,8.392050743E0,-2.158050060E0
4.195972604E2,3.856050253E0,8.365950584E0,-2.148000002E0
4.195997039E2,3.744000196E0,8.473050117E0,-2.032950163E0
4.196021476E2,3.631050110E0,8.617050171E0,-1.807950139E0
4.196045913E2,3.463950157E0,8.643000603E0,-1.662000060E0
4.196070349E2,3.483000278E0,8.595000267E0,-1.723950028E0
4.196094787E2,3.595050097E0,8.593050003E0,-1.861050129E0
4.196119223E2,3.756000280E0,8.512050629E0,-2.122050047E0
4.196143660E2,3.813000202E0,8.554950714E0,-2.071950197E0
4.196168097E2,3.852000237E0,8.470950127E0,-1.873050094E0
4.196192531E2,3.990000248E0,8.512050629E0,-1.984950066E0
4.196216968E2,4.018949986E0,8.571000099E0,-2.128950119E0
4.196241405E2,4.050000191E0,8.617050171E0,-2.347050190E0
4.196265841E2,3.981000185E0,8.524050713E0,-2.380050182E0
4.196290278E2,3.985950232E0,8.727000237E0,-2.281949997E0
4.196314715E2,3.781950235E0,8.080950737E0,-2.550000191E0
4.196339152E2,3.945000172E0,8.361000061E0,-1.765050054E0
4.196363589E2,3.492000103E0,9.096000671E0,-1.456050038E0
4.196388023E2,3.796950102E0,8.169000626E0,-1.566000104E0
4.196412460E2,4.219950199E0,7.942050457E0,-2.239050150E0
4.196436897E2,3.865950108E0,8.803950310E0,-1.867950082E0
4.196461333E2,3.448950052E0,8.457000732E0,-1.819950104E0
4.196485770E2,4.110000134E0,8.179050446E0,-1.630950093E0
4.196510207E2,4.045950413E0,8.239050865E0,-1.662000060E0
4.196534644E2,3.898950100E0,8.454000473E0,-1.681050062E0
4.196559079E2,4.246950150E0,8.185950279E0,-1.942050099E0
4.196583516E2,3.958950281E0,8.381999969E0,-2.076000214E0
4.196607953E2,3.925950289E0,8.679000854E0,-2.140950203E0
4.196632389E2,3.994950294E0,8.478000641E0,-2.356050014E0
4.196656826E2,4.168050289E0,8.457000732E0,-2.349000216E0
4.196681263E2,3.969000101E0,8.635950089E0,-2.452050209E0
4.196705700E2,4.069050312E0,8.605050087E0,-2.335050106E0
4.196730136E2,4.060050011E0,8.575950623E0,-2.443050146E0
4.196754571E2,4.134000301E0,8.470950127E0,-2.479050159E0
4.196779008E2,4.254000187E0,8.488050461E0,-2.629050016E0
4.196803445E2,4.311000347E0,8.562000275E0,-2.682000160E0
4.196827881E2,3.952050209E0,8.397000313E0,-2.665050030E0
4.196852318E2,3.652950287E0,8.923050880E0,-2.329950094E0
4.196876755E2,3.490050077E0,8.815950394E0,-2.038050175E0
4.196901190E2,3.910950184E0,8.196000099E0,-2.218050003E0
4.196925629E2,4.311000347E0,8.145000458E0,-2.347050190E0
4.196950063E2,3.969000101E0,8.545050621E0,-2.446950197E0
4.196974500E2,3.852000237E0,8.350950241E0,-2.512050152E0
4.196998937E2,4.042950153E0,8.112000465E0,-2.521950006E0
4.197023373E2,4.033950329E0,8.284049988E0,-2.388000011E0
4.197047810E2,3.994950294E0,8.215050697E0,-2.413950205E0
4.197072247E2,4.000050068E0,8.251049995E0,-2.566950083E0
4.197096684E2,3.835050106E0,8.413050652E0,-2.620050192E0
4.197121118E2,4.042950153E0,8.193000793E0,-2.731950045E0
4.197145555E2,4.287000179E0,7.924950600E0,-2.728050232E0
4.197169992E2,4.072050095E0,8.071050644E0,-2.707950115E0
4.197194428E2,3.981000185E0,8.373000145E0,-2.437950134E0
4.197218865E2,3.775050163E0,8.374950409E0,-2.182049990E0
4.197243302E2,4.072050095E0,8.167050362E0,-2.163000107E0
4.197267737E2,4.081050396E0,8.185950279E0,-2.257950068E0
4.197292174E2,3.982950211E0,8.310000420E0,-2.304000139E0
4.197316611E2,3.940050125E0,8.265000343E0,-2.184000015E0
4.197341048E2,4.137000084E0,8.059050560E0,-2.146050215E0
4.197365485E2,4.141050339E0,8.068950653E0,-2.023950100E0
4.197389921E2,4.102950096E0,8.121000290E0,-1.945050120E0
4.197414358E2,4.084050179E0,8.155050278E0,-1.846050143E0
4.197438795E2,4.159950256E0,8.116950035E0,-1.902000070E0
4.197463230E2,3.898950100E0,8.337000847E0,-1.957050085E0
4.197487666E2,4.038000107E0,8.227050781E0,-2.103000164E0
4.197512103E2,4.078950405E0,8.230950356E0,-1.990050077E0
4.197536540E2,4.017000198E0,8.208000183E0,-1.990050077E0
4.197560977E2,3.988050222E0,8.188050270E0,-1.758000135E0
4.197585413E2,3.940050125E0,8.251049995E0,-1.711950064E0
4.197609850E2,4.138950348E0,8.052000046E0,-1.945050120E0
4.197634287E2,4.342050076E0,8.119050026E0,-1.882050037E0
4.197658722E2,3.985950232E0,8.104949951E0,-2.323050022E0
4.197683159E2,3.885000229E0,8.334000587E0,-2.173950195E0
4.197707596E2,4.138950348E0,7.954050541E0,-2.116950035E0
4.197732032E2,4.165050030E0,8.053950310E0,-1.918050051E0
4.197756469E2,3.985950232E0,8.173950195E0,-1.897050142E0
4.197780906E2,4.222949982E0,7.960950375E0,-1.951950073E0
4.197805342E2,4.132050037E0,8.044950485E0,-2.224950075E0
4.197829777E2,4.081050396E0,8.148000717E0,-1.959000111E0
4.197854214E2,4.101000309E0,8.038050652E0,-2.128950119E0
4.197878651E2,3.823050261E0,8.197950363E0,-2.221950054E0
4.197903087E2,4.129050255E0,8.080950737E0,-2.055000067E0
4.197927525E2,4.183950424E0,7.996950150E0,-1.990050077E0
4.197951961E2,3.985950232E0,8.136000633E0,-2.028000116E0
4.197976398E2,4.323000431E0,8.077950478E0,-2.197950125E0
4.198000835E2,4.165050030E0,8.077950478E0,-2.433000088E0
4.198025269E2,4.108050346E0,8.095050812E0,-2.353950024E0
4.198049706E2,3.931050301E0,8.265000343E0,-2.344050169E0
4.198074143E2,3.969000101E0,8.157000542E0,-2.617050171E0
4.198098579E2,3.889950275E0,8.322000504E0,-2.584050179E0
4.198123016E2,3.688950062E0,8.344050407E0,-2.422950029E0
4.198147453E2,3.622050285E0,8.370000839E0,-2.269950151E0
4.198171890E2,3.988050222E0,8.433000565E0,-2.160000086E0
4.198196327E2,3.888000250E0,8.338950157E0,-2.392050028E0
4.198220762E2,3.514050245E0,8.515950203E0,-2.488050222E0
4.198245198E2,3.852000237E0,8.421000481E0,-2.730000019E0
4.198269635E2,4.006950378E0,8.406000137E0,-2.737050056E0
4.198294072E2,3.727050066E0,8.485050201E0,-2.538000107E0
4.198318508E2,3.933000088E0,8.476050377E0,-2.365950108E0
4.198342945E2,3.739050150E0,8.598000526E0,-2.299050093E0
4.198367382E2,3.769950151E0,8.671950340E0,-2.296950102E0
4.198391817E2,3.955050230E0,8.739000320E0,-2.364000082E0
4.198416254E2,3.907050133E0,8.638050079E0,-2.749050140E0
4.198440691E2,3.876000166E0,8.734050751E0,-2.797050238E0
4.198465128E2,3.907050133E0,8.653050423E0,-2.658000231E0
4.198489564E2,3.985950232E0,8.758049965E0,-2.409000158E0
4.198514001E2,3.813000202E0,8.836950302E0,-2.245950222E0
4.198538438E2,3.649950266E0,8.880000114E0,-2.337000132E0
4.198562875E2,3.937950134E0,8.707950592E0,-2.461950064E0
4.198587309E2,3.552000284E0,8.844000816E0,-2.530950069E0
4.198611746E2,3.688950062E0,8.767950058E0,-2.668050051E0
4.198636183E2,4.024050236E0,8.764950752E0,-2.320950031E0
4.198660619E2,3.502050161E0,8.797050476E0,-2.055000067E0
4.198685056E2,3.775050163E0,8.875950813E0,-1.863000035E0
4.198709493E2,3.615000248E0,8.830050468E0,-2.329950094E0
4.198733930E2,3.655050278E0,8.751000404E0,-2.572050095E0
4.198758365E2,3.688950062E0,8.752950668E0,-2.608050108E0
4.198782802E2,3.670050144E0,8.662050247E0,-2.533950090E0
4.198807239E2,3.721950293E0,8.703000069E0,-2.103000164E0
4.198831676E2,3.780000210E0,8.562000275E0,-2.232000113E0
4.198856112E2,3.888000250E0,8.467950821E0,-2.194050074E0
4.198880549E2,3.777000189E0,8.557050705E0,-2.281949997E0
4.198904986E2,3.775050163E0,8.533050537E0,-2.347050190E0
4.198929423E2,3.876000166E0,8.428050041E0,-2.316000223E0
4.198953857E2,3.861000299E0,8.416049957E0,-2.143050194E0
4.198978294E2,3.925950289E0,8.446949959E0,-2.088000059E0
4.199002731E2,3.921000242E0,8.380050659E0,-2.143050194E0
4.199027168E2,3.897000074E0,8.380050659E0,-2.122050047E0
4.199051604E2,3.828000069E0,8.449049950E0,-2.064000130E0
4.199076041E2,3.745950222E0,8.542950630E0,-2.020950079E0
4.199100476E2,3.604950190E0,8.502000809E0,-2.550000191E0
4.199124915E2,3.535950184E0,8.634000778E0,-2.107050180E0
4.199149350E2,3.457050085E0,8.631000519E0,-2.083950043E0
4.199173786E2,3.454050064E0,8.682000160E0,-2.203050137E0
4.199198223E2,3.318000078E0,8.695950508E0,-1.971000075E0
4.199222660E2,3.367950201E0,8.690999985E0,-2.143050194E0
4.199247096E2,3.265050173E0,8.674050331E0,-2.103000164E0
4.199271533E2,3.298950195E0,8.727000237E0,-2.179050207E0
4.199295968E2,3.343950272E0,8.631000519E0,-2.257950068E0
4.199320405E2,3.397050142E0,8.689050674E0,-2.047950029E0
4.199344842E2,3.378000259E0,8.655000687E0,-2.184000015E0
4.199369279E2,3.337050200E0,8.674050331E0,-2.111999989E0
4.199393715E2,3.435000181E0,8.623950005E0,-2.230050087E0
4.199418152E2,3.475950241E0,8.562000275E0,-2.419050217E0
4.199442589E2,3.379950047E0,8.574000359E0,-2.488050222E0
4.199467025E2,3.435000181E0,8.470950127E0,-2.610000134E0
4.199491460E2,3.547950268E0,8.458950043E0,-2.656050205E0
4.199515897E2,3.607050180E0,8.325000763E0,-2.682000160E0
4.199540334E2,3.634050131E0,8.290950775E0,-2.554950237E0
4.199564771E2,3.658050060E0,8.164050102E0,-2.536050081E0
4.199589207E2,3.712950230E0,8.092950821E0,-2.526000023E0
4.199613644E2,3.696000099E0,8.026050568E0,-2.550000191E0
4.199638081E2,3.736950159E0,7.981950283E0,-2.550000191E0
4.199662516E2,3.760950089E0,7.906050205E0,-2.650950193E0
4.199686955E2,3.792000294E0,7.848000526E0,-2.617050171E0
4.199711389E2,3.781950235E0,7.879950523E0,-2.526000023E0
4.199735826E2,3.817950249E0,7.903050423E0,-2.506950140E0
4.199760263E2,3.813000202E0,7.930050373E0,-2.476050138E0
4.199784699E2,3.727050066E0,8.056950569E0,-2.425950050E0
4.199809136E2,3.732000113E0,8.109000206E0,-2.479050159E0
4.199833573E2,3.733950138E0,8.149950027E0,-2.577000141E0
4.199858008E2,3.727050066E0,8.251049995E0,-2.601000071E0
4.199882445E2,3.661950111E0,8.301000595E0,-2.574000120E0
4.199906881E2,3.682050228E0,8.325000763E0,-2.565000057E0
4.199931318E2,3.789000273E0,8.314949989E0,-2.542950153E0
4.199955755E2,3.811050177E0,8.392050743E0,-2.526000023E0
4.199980191E2,3.801000118E0,8.406000137E0,-2.578950167E0
4.200004629E2,3.841950178E0,8.416049957E0,-2.622000217E0
4.200029065E2,3.895050287E0,8.401050568E0,-2.608050108E0
4.200053500E2,3.853950262E0,8.473050117E0,-2.569950104E0
4.200077937E2,3.880050182E0,8.491950035E0,-2.449950218E0
4.200102374E2,3.892050266E0,8.512050629E0,-2.419050217E0
4.200126811E2,3.922950268E0,8.545050621E0,-2.493000031E0
4.200151247E2,3.957000256E0,8.566950798E0,-2.524050236E0
4.200175684E2,3.993000269E0,8.478000641E0,-2.625000238E0
4.200200121E2,4.012050152E0,8.502000809E0,-2.601000071E0
4.200224555E2,4.101000309E0,8.454000473E0,-2.445000172E0
4.200248995E2,4.192049980E0,8.401050568E0,-2.344050169E0
4.200273429E2,4.255949974E0,8.380050659E0,-2.239050150E0
4.200297866E2,4.321050167E0,8.370000839E0,-2.239050150E0
4.200322303E2,4.350000381E0,8.368050575E0,-2.269950151E0
4.200346739E2,4.350000381E0,8.332050323E0,-2.254050016E0
4.200371176E2,4.342050076E0,8.356050491E0,-2.140950203E0
4.200395613E2,4.369050026E0,8.389050484E0,-1.963950038E0
4.200420048E2,4.359000206E0,8.433000565E0,-1.839000106E0
4.200444485E2,4.306950092E0,8.494950294E0,-1.827000141E0
4.200468922E2,4.204050064E0,8.593050003E0,-1.858050108E0
4.200493358E2,4.120050430E0,8.581050873E0,-1.927950144E0
4.200517795E2,4.137000084E0,8.599950790E0,-1.863000035E0
4.200542232E2,4.182000160E0,8.559000015E0,-1.735950112E0
4.200566666E2,4.195950031E0,8.562000275E0,-1.549950123E0
4.200591103E2,4.267950058E0,8.518950462E0,-1.450950027E0
4.200615540E2,4.339950085E0,8.509050369E0,-1.396050096E0
4.200639977E2,4.381050110E0,8.491950035E0,-1.501950026E0
4.200664413E2,4.402050018E0,8.500050545E0,-1.518000126E0
4.200688850E2,4.419000149E0,8.445000648E0,-1.509000063E0
4.200713287E2,4.396950245E0,8.428050041E0,-1.425000072E0
4.200737724E2,4.393050194E0,8.406000137E0,-1.336050034E0
4.200762161E2,4.351950169E0,8.430000305E0,-1.272000074E0
4.200786595E2,4.299000263E0,8.430000305E0,-1.281000018E0
4.200811032E2,4.278000355E0,8.406000137E0,-1.384050012E0
4.200835469E2,4.318050385E0,8.377950668E0,-1.495050073E0
4.200859906E2,4.374000072E0,8.325000763E0,-1.566000104E0
4.200884342E2,4.414050102E0,8.278950691E0,-1.617000103E0
4.200908779E2,4.408950329E0,8.208000183E0,-1.600050092E0
4.200933216E2,4.456950188E0,8.148000717E0,-1.564050078E0
4.200957653E2,4.503000259E0,8.100000381E0,-1.573950052E0
4.200982088E2,4.443000317E0,8.053950310E0,-1.653000116E0
4.201006525E2,4.444950104E0,8.052000046E0,-1.726950049E0
4.201030962E2,4.354050159E0,8.116950035E0,-1.834950089E0
4.201055398E2,4.198950291E0,8.185950279E0,-1.849050045E0
4.201079835E2,4.153050423E0,8.204999924E0,-1.849050045E0
4.201104272E2,4.134000301E0,8.215050697E0,-1.831950068E0
4.201128708E2,4.144050121E0,8.181000710E0,-1.834950089E0
4.201153143E2,4.150950432E0,8.131050110E0,-1.899000049E0
4.201177580E2,4.222949982E0,8.140049934E0,-2.004000187E0
4.201202017E2,4.273050308E0,8.089950562E0,-2.020950079E0
4.201226453E2,4.275000095E0,8.085000038E0,-1.984950066E0
4.201250890E2,4.311000347E0,8.089950562E0,-1.951950073E0
4.201275327E2,4.339950085E0,8.089950562E0,-2.007000208E0
4.201299764E2,4.204050064E0,8.112000465E0,-2.050050020E0
4.201324201E2,4.225049973E0,8.145000458E0,-2.078999996E0
4.201348635E2,4.242000103E0,8.107049942E0,-2.047950029E0
4.201373072E2,4.249050140E0,8.121000290E0,-1.990050077E0
4.201397509E2,4.267950058E0,8.164050102E0,-1.987950087E0
4.201421945E2,4.216050148E0,8.176050186E0,-2.038050175E0
4.201446382E2,4.335000038E0,8.101950645E0,-2.095050097E0
4.201470819E2,4.426050186E0,8.107049942E0,-2.155050039E0
4.201495254E2,4.254000187E0,8.072999954E0,-2.203050137E0
4.201519693E2,4.512000084E0,8.065950394E0,-1.975950122E0
4.201544128E2,4.584000111E0,8.148000717E0,-1.951950073E0
4.201568565E2,4.225049973E0,8.155050278E0,-2.092950106E0
4.201593001E2,4.426050186E0,8.121000290E0,-2.263050079E0
4.201617438E2,4.429050446E0,7.992000580E0,-2.377950191E0
4.201641875E2,4.345050335E0,8.061000824E0,-2.185950041E0
4.201666311E2,4.591050148E0,7.992000580E0,-1.923000097E0
4.201690746E2,4.636950016E0,8.004000664E0,-1.717050076E0
4.201715183E2,4.402050018E0,8.026050568E0,-1.858050108E0
4.201739620E2,4.507950306E0,8.152050018E0,-2.172000170E0
4.201764057E2,4.563000202E0,8.160000801E0,-2.493000031E0
4.201788494E2,4.611000061E0,8.109000206E0,-2.467050076E0
4.201812930E2,4.539000034E0,8.028000832E0,-2.128950119E0
4.201837367E2,4.588950157E0,8.072999954E0,-1.890000105E0
4.201861804E2,4.555950165E0,8.011050224E0,-1.722000122E0
4.201886239E2,4.600950241E0,8.092950821E0,-1.614000082E0
4.201910675E2,4.429050446E0,8.200050354E0,-1.660050035E0
4.201935112E2,4.443000317E0,8.296050072E0,-1.807950139E0
4.201959549E2,4.258950233E0,8.385000229E0,-1.686000109E0
4.201983985E2,4.381050110E0,8.296050072E0,-1.377000093E0
4.202008422E2,4.419000149E0,8.515950203E0,-1.288950086E0
4.202032859E2,4.321050167E0,8.452050209E0,-1.495050073E0
4.202057294E2,4.338000298E0,8.401050568E0,-1.684050083E0
4.202081731E2,4.407000065E0,8.458950043E0,-1.863000035E0
4.202106168E2,4.359000206E0,8.482950211E0,-1.935000062E0
4.202130605E2,4.285050392E0,8.530950546E0,-1.783950090E0
4.202155042E2,4.270950317E0,8.515950203E0,-1.558950067E0
4.202179478E2,4.150950432E0,8.622000694E0,-1.461000085E0
4.202203915E2,4.251000404E0,8.545050621E0,-1.642950058E0
4.202228352E2,4.315950394E0,8.536050797E0,-1.930050135E0
4.202252786E2,4.396950245E0,8.398950577E0,-2.088000059E0
4.202277223E2,4.314000130E0,8.350950241E0,-2.152950048E0
4.202301660E2,4.306950092E0,8.313000679E0,-2.050050020E0
4.202326097E2,4.378050327E0,8.184000015E0,-1.990050077E0
4.202350533E2,4.426050186E0,8.121000290E0,-1.626000047E0
4.202374970E2,4.309050083E0,8.136000633E0,-1.506000042E0
4.202399407E2,4.339950085E0,8.217000008E0,-1.762950063E0
4.202423842E2,4.219950199E0,8.185950279E0,-1.984950066E0
4.202448281E2,4.054950237E0,8.314949989E0,-2.164950132E0
4.202472715E2,4.096050262E0,8.191050529E0,-2.184000015E0
4.202497152E2,4.093050003E0,8.266950607E0,-1.921050072E0
4.202521589E2,3.994950294E0,8.416049957E0,-1.819950104E0
4.202546025E2,3.904050112E0,8.409000397E0,-1.890000105E0
4.202570462E2,3.865950108E0,8.446949959E0,-2.019000053E0
4.202594899E2,3.658050060E0,8.586000443E0,-2.197950125E0
4.202619334E2,3.660000086E0,8.641050339E0,-2.139000177E0
4.202643771E2,3.751050234E0,8.598000526E0,-2.151000023E0
4.202668208E2,3.852000237E0,8.629050255E0,-2.277000189E0
4.202692644E2,3.817950249E0,8.617050171E0,-2.275050163E0
4.202717081E2,3.787050247E0,8.574000359E0,-2.313000202E0
4.202741518E2,3.978000164E0,8.575950623E0,-2.209950209E0
4.202765955E2,3.937950134E0,8.527950287E0,-2.194050074E0
4.202790392E2,3.973950148E0,8.437050819E0,-2.110050201E0
4.202814826E2,4.062000275E0,8.454000473E0,-2.167050123E0
4.202839263E2,4.006950378E0,8.251049995E0,-2.421000004E0
4.202863700E2,4.374000072E0,8.305950165E0,-2.233950138E0
4.202888137E2,4.002000332E0,8.377950668E0,-2.248950005E0
4.202912573E2,4.156050205E0,8.281949997E0,-1.984950066E0
4.202937010E2,4.192049980E0,8.278950691E0,-1.849050045E0
4.202961447E2,4.162950039E0,8.305950165E0,-2.236950159E0
4.202985882E2,4.105050087E0,8.310000420E0,-2.164950132E0
4.203010319E2,4.170000076E0,8.112000465E0,-2.368050098E0
4.203034756E2,4.254000187E0,8.233950615E0,-2.163000107E0
4.203059193E2,4.150950432E0,8.140049934E0,-1.993050098E0
4.203083630E2,4.210950375E0,8.203050613E0,-1.987950087E0
4.203108066E2,4.177050114E0,8.241000175E0,-1.947000146E0
4.203132503E2,4.144050121E0,8.263050079E0,-2.115000010E0
4.203156940E2,4.089000225E0,8.326950073E0,-2.221950054E0
4.203181374E2,4.081050396E0,8.301000595E0,-2.119050026E0
4.203205811E2,4.096050262E0,8.346000671E0,-2.031000137E0
4.203230248E2,4.052999973E0,8.344050407E0,-1.827000141E0
4.203254684E2,4.113000393E0,8.334000587E0,-1.779000044E0
4.203279121E2,4.077000141E0,8.338950157E0,-1.863000035E0
4.203303558E2,4.126950264E0,8.358000755E0,-1.855950117E0
4.203327995E2,4.089000225E0,8.365950584E0,-1.948950052E0
4.203352432E2,4.048050404E0,8.362950325E0,-1.885050058E0
4.203376867E2,4.093050003E0,8.380050659E0,-1.818000078E0
4.203401304E2,4.085999966E0,8.380050659E0,-1.711950064E0
4.203425740E2,4.129050255E0,8.346000671E0,-1.722000122E0
4.203450177E2,4.113000393E0,8.373000145E0,-1.825050116E0
4.203474614E2,4.146000385E0,8.368050575E0,-1.783950090E0
4.203499050E2,4.177050114E0,8.356050491E0,-2.004000187E0
4.203523487E2,4.096050262E0,8.413050652E0,-1.930050135E0
4.203547922E2,4.183950424E0,8.337000847E0,-2.173950195E0
4.203572359E2,4.122000217E0,8.320050240E0,-2.196000099E0
4.203596796E2,4.206000328E0,8.245950699E0,-2.206050158E0
4.203621233E2,4.183950424E0,8.248050690E0,-2.184000015E0
4.203645669E2,4.249050140E0,8.281949997E0,-2.146050215E0
4.203670106E2,4.246950150E0,8.197950363E0,-2.200950146E0
4.203694543E2,4.206000328E0,8.217000008E0,-2.194050074E0
4.203718980E2,4.170000076E0,8.218950272E0,-2.208000183E0
4.203743414E2,4.122000217E0,8.248050690E0,-2.232000113E0
4.203767851E2,4.084050179E0,8.233950615E0,-2.164950132E0
4.203792288E2,4.057950020E0,8.233950615E0,-2.151000023E0
4.203816724E2,4.012050152E0,8.230950356E0,-2.146050215E0
4.203841161E2,3.985950232E0,8.290950775E0,-2.092950106E0
4.203865598E2,3.967050076E0,8.320050240E0,-2.086050034E0
4.203890033E2,3.958950281E0,8.418000221E0,-2.078999996E0
4.203914472E2,3.828000069E0,8.515950203E0,-2.111999989E0
4.203938907E2,3.724950075E0,8.586000443E0,-2.134050131E0
4.203963343E2,3.739050150E0,8.593050003E0,-2.227050066E0
4.203987779E2,3.781950235E0,8.598000526E0,-2.325000048E0
4.204012216E2,3.816000223E0,8.583000183E0,-2.325000048E0
4.204036653E2,3.895050287E0,8.530950546E0,-2.251049995E0
4.204061090E2,3.949950218E0,8.513999939E0,-2.172000170E0
4.204085527E2,3.981000185E0,8.494950294E0,-2.116950035E0
4.204109962E2,3.937950134E0,8.500050545E0,-2.164950132E0
4.204134399E2,3.955050230E0,8.458950043E0,-2.172000170E0
4.204158836E2,3.988050222E0,8.442000389E0,-2.170050144E0
4.204183272E2,4.006950378E0,8.437050819E0,-2.170050144E0
4.204207709E2,4.069050312E0,8.350950241E0,-2.104950190E0
4.204232146E2,4.195950031E0,8.281949997E0,-2.044950008E0
4.204256580E2,4.237050056E0,8.224050522E0,-1.951950073E0
4.204281019E2,4.227000237E0,8.242950439E0,-1.906050086E0
4.204305454E2,4.213050365E0,8.236050606E0,-1.945050120E0
4.204329891E2,4.194000244E0,8.251049995E0,-1.984950066E0
4.204354328E2,4.201050282E0,8.242950439E0,-2.008949995E0
4.204378764E2,4.198950291E0,8.233950615E0,-1.987950087E0
4.204403201E2,4.182000160E0,8.230950356E0,-1.899000049E0
4.204427638E2,4.174950123E0,8.217000008E0,-1.849050045E0
4.204452073E2,4.177050114E0,8.208000183E0,-1.818000078E0
4.204476510E2,4.165050030E0,8.229000092E0,-1.849050045E0
4.204500947E2,4.177050114E0,8.203050613E0,-1.885050058E0
4.204525384E2,4.170000076E0,8.193000793E0,-1.906050086E0
4.204549820E2,4.150950432E0,8.200050354E0,-1.855950117E0
4.204574256E2,4.077000141E0,8.176050186E0,-1.878000140E0
4.204598693E2,4.204050064E0,8.155050278E0,-1.891950130E0
4.204623130E2,4.144050121E0,8.083050728E0,-1.765050054E0
4.204647567E2,4.045950413E0,8.100000381E0,-1.767000079E0
4.204672002E2,4.189050198E0,7.984950542E0,-1.947000146E0
4.204696439E2,4.194000244E0,8.029950142E0,-1.911000133E0
4.204720876E2,4.062000275E0,8.052000046E0,-1.866000056E0
4.204745312E2,4.132050037E0,8.038050652E0,-1.789050102E0
4.204769749E2,4.177050114E0,8.061000824E0,-1.705050111E0
4.204794186E2,4.096050262E0,8.080950737E0,-1.777050138E0
4.204818620E2,4.180050373E0,8.088000298E0,-1.818000078E0
4.204843059E2,4.177050114E0,8.065950394E0,-2.023950100E0
4.204867494E2,4.198950291E0,8.059050560E0,-2.019000053E0
4.204891931E2,4.279950142E0,8.088000298E0,-1.914000034E0
4.204916368E2,4.282950401E0,8.101950645E0,-1.759950042E0
4.204940804E2,4.287000179E0,8.137949944E0,-1.626000047E0
4.204965241E2,4.270950317E0,8.155050278E0,-1.734000087E0
4.204989678E2,4.134000301E0,8.221950531E0,-1.902000070E0
4.205014112E2,4.255949974E0,8.284049988E0,-2.425950050E0
4.205038549E2,4.361999989E0,8.193000793E0,-2.131050110E0
4.205062986E2,4.218000412E0,8.299050331E0,-1.492050052E0
4.205087423E2,4.491000175E0,8.112000465E0,-1.746000051E0
4.205111859E2,4.495950222E0,8.191050529E0,-1.753050089E0
4.205136296E2,4.516950130E0,8.230950356E0,-2.218050003E0
4.205160733E2,4.620000362E0,8.241000175E0,-2.536050081E0
4.205185170E2,4.531949997E0,8.398950577E0,-2.227050066E0
4.205209605E2,4.726050377E0,8.133000374E0,-1.839000106E0
4.205234042E2,4.657950401E0,8.413050652E0,-1.437000036E0
4.205258479E2,4.703999996E0,8.131050110E0,-1.243050098E0
4.205282915E2,5.491950035E0,8.356050491E0,-1.594950080E0
4.205307352E2,6.619050503E0,8.860950470E0,-2.347050190E0
4.205331789E2,7.942950249E0,8.871000290E0,-3.466950178E0
4.205356225E2,7.860000610E0,9.325950623E0,-3.285000086E0
4.205380660E2,7.726050377E0,1.018305016E1,-3.034050226E0
4.205405097E2,8.389050484E0,1.035495090E1,-3.034050226E0
4.205429534E2,8.200050354E0,1.076505089E1,-2.962050200E0
4.205453971E2,7.347000122E0,1.079595089E1,1.230000034E-1
4.205478408E2,6.090000153E0,9.661050797E0,2.119950056E0
4.205502844E2,5.262000084E0,9.277950287E0,1.849050045E0
4.205527281E2,5.242950439E0,9.121950150E0,2.362050056E0
4.205551718E2,5.341050148E0,7.956000328E0,1.306050062E0
4.205576153E2,5.458050251E0,7.405050278E0,2.449500114E-1
4.205600589E2,6.199950218E0,7.566000462E0,7.740000486E-1
4.205625026E2,6.568950176E0,8.011050224E0,2.809500098E-1
4.205649463E2,6.859050274E0,8.542950630E0,1.033050060E0
4.205673900E2,6.715050220E0,8.334000587E0,1.270050049E0
4.205698336E2,6.435000420E0,8.791950226E0,5.320500135E-1
4.205722773E2,5.049000263E0,8.926050186E0,1.926000118E0
4.205747208E2,3.865950108E0,8.617050171E0,2.163000107E0
4.205771645E2,3.921000242E0,9.069000244E0,2.284950018E0
4.205796082E2,3.706050158E0,7.936950207E0,2.146050215E0
4.205820518E2,4.390050411E0,7.828950405E0,2.662950039E0
4.205844956E2,5.122950077E0,7.894050598E0,2.284950018E0
4.205869392E2,5.467950344E0,7.887000561E0,2.388000011E0
4.205893829E2,7.102950573E0,7.123050213E0,2.637000084E0
4.205918266E2,8.230950356E0,4.996950150E0,-4.132950306E0
4.205942700E2,7.480950356E0,7.152000427E0,-1.711950064E0
4.205967137E2,6.454050541E0,7.666050434E0,-2.980950117E0
4.205991574E2,6.025950432E0,6.622950077E0,-6.915000439E0
4.206016010E2,5.359950066E0,7.804950237E0,-2.344050169E0
4.206040447E2,4.896000385E0,7.386000156E0,1.693950057E0
4.206064884E2,4.251000404E0,7.912950516E0,2.389950037E0
4.206089321E2,3.828000069E0,7.389000416E0,2.242050171E0
4.206113758E2,4.363950253E0,7.570950508E0,2.706000090E0
4.206138193E2,4.736999989E0,7.449000359E0,2.979000092E0
4.206162630E2,5.110950470E0,6.880950451E0,2.116950035E0
4.206187066E2,5.584950447E0,7.009950161E0,1.821000099E0
4.206211503E2,5.869950294E0,7.021950245E0,1.698000073E0
4.206235940E2,5.977950096E0,7.135050297E0,1.408950090E0
4.206260376E2,5.719050407E0,7.326000214E0,1.311000109E0
4.206284813E2,5.271000385E0,7.422000408E0,1.488000035E0
4.206309248E2,5.029950142E0,7.651950359E0,8.869500160E-1
4.206333687E2,5.029950142E0,7.975050449E0,1.129500046E-1
4.206358122E2,5.745000362E0,7.993950367E0,-7.950000167E-1
4.206382559E2,5.293050289E0,7.726050377E0,-2.413950205E0
4.206406996E2,5.398050308E0,7.669050217E0,-1.939950109E0
4.206431432E2,5.476950169E0,7.647000313E0,-8.580000401E-1
4.206455869E2,5.865000248E0,7.267050266E0,3.619500101E-1
4.206480306E2,6.153000355E0,6.928950310E0,7.069500089E-1
4.206504740E2,6.595050335E0,6.510000229E0,3.360000253E-1
4.206529177E2,6.853950500E0,6.298950195E0,3.460500240E-1
4.206553614E2,7.189050198E0,6.127050400E0,2.689500153E-1
4.206578050E2,7.045950413E0,6.357000351E0,1.159500033E-1
4.206602487E2,6.567000389E0,6.306000233E0,-1.104000092E0
4.206626924E2,6.258000374E0,6.273000240E0,-3.072000027E0
4.206651359E2,5.944050312E0,6.268050194E0,-3.343050241E0
4.206675798E2,5.503950119E0,6.064950466E0,-2.821050167E0
4.206700232E2,5.137050152E0,6.141000271E0,-1.930050135E0
4.206724669E2,4.848000050E0,6.273000240E0,-9.919500351E-1
4.206749106E2,4.753950119E0,6.364050388E0,-5.659500360E-1
4.206773543E2,5.224050045E0,6.297000408E0,-1.257000089E0
4.206797979E2,5.973000050E0,6.286950111E0,-2.365950108E0
4.206822416E2,6.082950115E0,7.036950111E0,-2.566950083E0
4.206846853E2,5.764950275E0,6.931050301E0,-3.481950283E0
4.206871288E2,5.271000385E0,6.448050499E0,-2.787000179E0
4.206895725E2,6.615000248E0,6.712950230E0,4.129500091E-1
4.206920162E2,6.367950439E0,6.679950237E0,-4.000500143E-1
4.206944599E2,6.670050144E0,6.442950249E0,3.240000010E-1
4.206969035E2,8.194950104E0,5.986050129E0,-6.780000329E-1
4.206993472E2,1.172400093E1,5.535000324E0,-8.070000410E-1
4.207017909E2,1.353195095E1,4.365000248E0,-6.520500183E-1
4.207042346E2,1.418295097E1,3.757050276E0,-1.462950110E0
4.207066780E2,5.712000370E0,1.805805016E1,-5.029500127E-1
4.207091217E2,1.156395054E1,8.701050758E0,-1.957050085E0
4.207115654E2,1.171200085E1,4.888950348E0,-2.136000156E0
4.207140090E2,6.895050526E0,1.072905064E1,-1.360050082E0
4.207164527E2,9.198000908E0,6.639000416E0,-3.403050184E0
4.207188964E2,6.672000408E0,8.920950890E0,-5.586000443E0
4.207213399E2,7.327950478E0,7.906050205E0,-3.649050236E0
4.207237836E2,6.226950169E0,6.217950344E0,-3.807000160E0
4.207262272E2,2.527950048E0,9.733050346E0,-3.501000166E0
4.207286709E2,3.397050142E0,8.341950417E0,-2.401950121E0
4.207311145E2,2.452950001E0,7.494000435E0,-2.437950134E0
4.207335582E2,1.395000052E-2,9.084000587E0,-3.754950285E0
4.207360019E2,2.220000178E-1,7.966050148E0,-4.723950386E0
4.207384456E2,-1.008000016E0,9.358950615E0,-3.280950069E0
4.207408893E2,-5.620500445E-1,8.491950035E0,-1.630950093E0
4.207433328E2,-7.060500383E-1,8.476050377E0,-1.489950061E0
4.207457765E2,-6.370500326E-1,9.057000160E0,-1.171050072E0
4.207482202E2,2.290500104E-1,8.629050255E0,-2.257950068E0
4.207506638E2,1.096050024E0,8.611950874E0,-2.821050167E0
4.207531075E2,2.347950220E0,8.406000137E0,-1.465950012E0
4.207555511E2,3.174000263E0,8.284049988E0,-9.679500461E-1
4.207579946E2,3.907050133E0,8.253000259E0,-8.740500212E-1
4.207604385E2,4.462050438E0,8.239050865E0,-9.409500360E-1
4.207628820E2,4.813950062E0,8.137949944E0,-6.679500341E-1
4.207653257E2,4.741950035E0,8.389050484E0,-2.059500068E-1
4.207677694E2,4.447950363E0,8.694000244E0,7.005000114E-2
4.207702130E2,4.137000084E0,8.695950508E0,1.590000093E-1
4.207726567E2,3.480000257E0,8.677050591E0,1.969500035E-1
4.207751004E2,3.253050089E0,8.916000366E0,2.070000172E-1
4.207775438E2,2.970000029E0,9.105000496E0,2.500500083E-1
4.207799875E2,2.563050032E0,9.057000160E0,2.830500007E-1
4.207824312E2,2.080049992E0,9.232050896E0,3.289500177E-1
4.207848749E2,1.713000059E0,9.498000145E0,3.790500164E-1
4.207873185E2,1.483950019E0,9.448050499E0,4.129500091E-1
4.207897622E2,9.070500135E-1,9.378000259E0,4.870500267E-1
4.207922059E2,3.870000243E-1,9.457050323E0,5.010000467E-1
4.207946496E2,5.895000324E-2,9.574950218E0,5.730000138E-1
4.207970930E2,-1.030500084E-1,9.598950386E0,5.710500479E-1
4.207995367E2,-6.900000572E-2,9.438000679E0,5.800500512E-1
4.208019804E2,3.180000186E-1,9.321000099E0,5.850000381E-1
4.208044241E2,1.215000033E0,9.316050529E0,5.200500488E-1
4.208068677E2,2.334000111E0,9.085950851E0,4.609500170E-1
4.208093114E2,2.959050179E0,8.811000824E0,4.849500358E-1
4.208117551E2,4.488000393E0,8.935050011E0,6.043950081E0
4.208141986E2,5.980050087E0,8.181000710E0,6.541950226E0
4.208166425E2,5.700000286E0,8.047050476E0,1.312950015E0
4.208190860E2,5.518050194E0,8.667000771E0,2.880000174E-1
4.208215296E2,5.994000435E0,7.783950329E0,1.729500145E-1
4.208239733E2,5.443950176E0,7.978050232E0,1.780500114E-1
4.208264170E2,5.017950058E0,8.032950401E0,2.639999986E-1
4.208288606E2,5.194950104E0,8.143050194E0,2.058000088E0
4.208313043E2,5.358000278E0,7.879950523E0,3.384000063E0
4.208337478E2,4.636950016E0,7.747950554E0,1.552050114E0
4.208361915E2,3.703050137E0,8.457000732E0,3.049500287E-1
4.208386352E2,3.121050119E0,8.085000038E0,2.359500080E-1
4.208410788E2,2.596950054E0,7.887000561E0,2.329500169E-1
4.208435225E2,2.776950121E0,8.217000008E0,2.160000056E-1
4.208459662E2,3.199950218E0,8.061000824E0,2.070000172E-1
4.208484099E2,3.649950266E0,7.948950291E0,1.969500035E-1
4.208508536E2,4.246950150E0,8.176050186E0,1.090500057E-1
4.208532970E2,4.867050171E0,8.418000221E0,1.710000038E-1
4.208557407E2,5.524950027E0,8.317950249E0,1.798950076E0
4.208581843E2,5.941950321E0,7.767000198E0,1.870950103E0
4.208606281E2,5.881950378E0,7.908000469E0,2.950500250E-1
4.208630717E2,1.911000061E1,7.698000431E0,3.145050049E0
4.208655154E2,3.457050085E0,1.051995087E1,-2.799000025E0
4.208679591E2,5.944050312E0,7.342950344E0,-2.322000122E1
4.208704026E2,1.086405087E1,3.949950218E0,-2.170695114E1
4.208728463E2,3.162000179E0,1.000605011E1,-2.672100067E1
4.208752900E2,3.705000132E-2,9.796950340E0,-2.372295189E1
4.208777336E2,3.220050097E0,7.675950527E0,-8.325000763E0
4.208801773E2,2.550000250E-1,8.176050186E0,-2.476050138E0
4.208826210E2,-4.089000225E0,8.988000870E0,6.019500494E-1
4.208850646E2,-3.270000219E0,9.309000015E0,1.686000109E0
4.208875083E2,-1.789500117E-1,6.922050476E0,1.414050102E0
4.208899518E2,-3.048000097E0,9.013950348E0,-5.730000138E-1
4.208923955E2,3.859050274E0,8.026050568E0,-3.232950211E0
4.208948392E2,5.475000381E0,7.183050156E0,-6.489000320E0
4.208972828E2,3.057000160E0,6.366000175E0,-3.739950180E0
4.208997265E2,2.733000040E0,1.147800064E1,-1.675950050E0
4.209021702E2,5.128050327E0,9.892950058E0,-6.397950172E0
4.209046139E2,5.152050018E0,3.697050095E0,-6.606000423E0
4.209070576E2,2.544000149E0,7.942050457E0,3.031950235E0
4.209095010E2,1.824000120E0,1.583805084E1,6.238050461E0
4.209119447E2,7.345050335E0,9.924000740E0,5.155950069E0
4.209143883E2,1.812600136E1,1.324500084E1,1.188000083E0
4.209168320E2,9.598050117E0,8.394000053E0,9.589500427E-1
4.209192757E2,6.679050446E0,3.634050131E0,5.778000355E0
4.209217194E2,7.831050396E0,4.482000351E0,1.782000065E0
4.209241631E2,1.234395027E1,6.370950222E0,1.035000086E0
4.209266066E2,1.192995071E1,6.181950092E0,-6.780000329E-1
4.209290502E2,1.193895054E1,3.508050203E0,-4.489950180E0
4.209314939E2,7.159950256E0,5.896950245E0,-3.477000237E0
4.209339376E2,5.082000256E0,8.167050362E0,-9.289500713E-1
4.209363812E2,4.660950184E0,8.169000626E0,-1.035000086E0
4.209388249E2,4.036050320E0,8.479949951E0,-4.429500103E-1
4.209412684E2,4.000050068E0,8.160000801E0,-1.075950027E0
4.209437123E2,4.888050079E0,8.353950500E0,-2.457000017E0
4.209461558E2,4.993950367E0,7.446000576E0,-3.135000229E0
4.209485995E2,5.440950394E0,7.843950272E0,-3.130050182E0
4.209510432E2,5.572950363E0,8.338950157E0,-2.503050089E0
4.209534868E2,3.691050291E0,7.882050514E0,-3.691950083E0
4.209559305E2,4.912050247E0,8.149950027E0,-7.279500365E-1
4.209583742E2,5.161050320E0,7.828950405E0,-1.401000023E0
4.209608176E2,4.423950195E0,8.410950661E0,-2.098050117E0
4.209632613E2,5.149050236E0,8.410950661E0,-8.820000291E-1
4.209657050E2,4.132050037E0,7.900950432E0,-2.650950193E0
4.209681487E2,6.126000404E0,7.483950138E0,-2.128950119E0
4.209705924E2,6.130950451E0,7.183050156E0,-1.542000055E0
4.209730360E2,5.290950298E0,7.579950333E0,-1.204950094E0
4.209754797E2,5.889000416E0,7.326000214E0,-1.791000128E0
4.209779234E2,4.693950176E0,7.707000256E0,-1.320000052E0
4.209803671E2,4.795050144E0,7.999050617E0,-2.422950029E0
4.209828106E2,5.305050373E0,7.840950489E0,-2.173950195E0
4.209852543E2,4.735050201E0,8.221950531E0,-1.782000065E0
4.209876980E2,3.235950232E0,8.434950829E0,-1.429950118E0
4.209901416E2,4.426050186E0,8.302950859E0,-4.530000091E-1
4.209925853E2,4.675050259E0,8.128950119E0,-2.509950161E0
4.209950290E2,5.034000397E0,8.044950485E0,-3.156000137E0
4.209974724E2,4.789950371E0,8.056950569E0,-1.722000122E0
4.209999161E2,4.386000156E0,7.923000336E0,-1.746000051E0
4.210023598E2,4.891050339E0,7.774050236E0,-1.009500027E-1
4.210048035E2,5.073000431E0,7.900950432E0,-5.749500394E-1
4.210072471E2,5.212050438E0,7.738050461E0,-2.062050104E0
4.210096908E2,4.876049995E0,7.864950180E0,-3.304950237E0
4.210121345E2,4.321050167E0,7.923000336E0,-2.722950220E0
4.210145782E2,5.551950455E0,7.876950264E0,-1.024950027E0
4.210170217E2,4.555950165E0,8.020950317E0,-1.272000074E0
4.210194653E2,4.864050388E0,8.530950546E0,1.590000093E-1
4.210219090E2,4.231950283E0,8.344050407E0,-4.219500124E-1
4.210243527E2,4.828050137E0,8.072999954E0,-9.390000701E-1
4.210267964E2,5.314950466E0,7.756950378E0,-1.327050090E0
4.210292400E2,5.386050224E0,7.939050198E0,-1.030050039E0
4.210316837E2,5.451000214E0,7.723950386E0,-8.500500321E-1
4.210341274E2,5.371950150E0,7.710000515E0,-3.570000231E-1
4.210365709E2,5.125050068E0,8.038050652E0,-3.280500174E-1
4.210390146E2,5.074950218E0,8.109000206E0,-6.280500293E-1
4.210414583E2,5.118000031E0,8.346000671E0,-9.439500570E-1
4.210439020E2,4.636950016E0,8.457000732E0,-1.369950056E0
4.210463456E2,4.639050007E0,8.551950455E0,-8.029500246E-1
4.210487893E2,4.528950214E0,8.479949951E0,-8.719500303E-1
4.210512330E2,4.915050030E0,8.212050438E0,-7.980000377E-1
4.210536764E2,4.905000210E0,8.017950058E0,-3.120000064E-1
4.210561201E2,4.828050137E0,8.125950813E0,-7.090500593E-1
4.210585638E2,5.133000374E0,7.693050385E0,-8.239500523E-1
4.210610074E2,5.446050167E0,7.762050152E0,-9.439500570E-1
4.210634511E2,5.104050159E0,7.726050377E0,-1.279050112E0
4.210658948E2,5.235000134E0,8.005949974E0,-5.220000148E-1
4.210683385E2,4.966950417E0,7.867950439E0,-4.339500070E-1
4.210707822E2,5.109000206E0,7.924950600E0,-1.969500035E-1
4.210732257E2,5.250000477E0,7.815000534E0,-3.810000122E-1
4.210756694E2,5.227950096E0,7.887000561E0,-9.409500360E-1
4.210781130E2,5.017950058E0,7.867950439E0,-1.159050107E0
4.210805567E2,5.065050125E0,7.959000587E0,-9.700500369E-1
4.210830004E2,4.804950237E0,7.966050148E0,-5.869500041E-1
4.210854441E2,4.828050137E0,8.023050308E0,-1.920000017E-1
4.210878878E2,4.948050022E0,7.992000580E0,-4.339500070E-1
4.210903312E2,4.752000332E0,8.181000710E0,-9.970500469E-1
4.210927749E2,4.990950108E0,8.167050362E0,-1.015950084E0
4.210952186E2,5.058000088E0,7.959000587E0,-8.980500698E-1
4.210976623E2,5.086950302E0,8.245950699E0,-9.220500588E-1
4.211001059E2,4.981950283E0,8.109000206E0,-5.370000005E-1
4.211025496E2,4.635000229E0,8.229000092E0,-7.860000134E-1
4.211049933E2,4.972050190E0,8.215050697E0,-8.359500170E-1
4.211074370E2,4.840050220E0,7.840950489E0,-7.930500507E-1
4.211098804E2,4.816050053E0,8.236050606E0,-1.255050063E0
4.211123241E2,5.002950191E0,7.851000309E0,-1.042050004E0
4.211147678E2,5.034000397E0,8.488050461E0,-9.319500327E-1
4.211172114E2,4.703999996E0,8.215050697E0,-1.260000110E0
4.211196551E2,4.872000217E0,8.530950546E0,-8.190000653E-1
4.211220988E2,4.639050007E0,8.329950333E0,-1.240950108E0
4.211245423E2,4.675050259E0,8.418000221E0,-1.297950029E0
4.211269862E2,4.867050171E0,8.185950279E0,-1.513950109E0
4.211294297E2,4.837950230E0,8.109000206E0,-1.921050072E0
4.211318734E2,4.813950062E0,8.044950485E0,-1.534950018E0
4.211343171E2,4.852050304E0,7.927050591E0,-1.387050033E0
4.211367607E2,4.873950005E0,7.969950199E0,-1.144950032E0
4.211392044E2,4.819050312E0,8.181000710E0,-1.090050101E0
4.211416481E2,4.651050091E0,8.197950363E0,-1.723950028E0
4.211440915E2,4.572000027E0,8.289000511E0,-2.052000046E0
4.211465352E2,4.624950409E0,8.289000511E0,-1.993050098E0
4.211489789E2,4.480950356E0,8.200050354E0,-1.863000035E0
4.211514226E2,4.657950401E0,8.181000710E0,-1.522950053E0
4.211538663E2,4.681950092E0,8.053950310E0,-1.450950027E0
4.211563099E2,4.588950157E0,8.092950821E0,-1.540050030E0
4.211587536E2,4.753950119E0,7.947000504E0,-1.594950080E0
4.211611973E2,4.773000240E0,7.981950283E0,-1.911000133E0
4.211636408E2,4.741950035E0,8.116950035E0,-1.978050113E0
4.211660845E2,4.741950035E0,8.149950027E0,-1.935000062E0
4.211685281E2,4.696950436E0,8.196000099E0,-1.879950047E0
4.211709718E2,4.759050369E0,8.128950119E0,-1.593000054E0
4.211734155E2,4.752000332E0,8.089950562E0,-1.602000117E0
4.211758591E2,4.773000240E0,8.104949951E0,-1.843950033E0
4.211783028E2,4.852050304E0,8.124000549E0,-1.972950101E0
4.211807463E2,4.809000015E0,8.100000381E0,-2.062050104E0
4.211831902E2,4.800000191E0,8.065950394E0,-1.890000105E0
4.211856337E2,4.813950062E0,8.113950729E0,-1.617000103E0
4.211880774E2,4.716000080E0,8.149950027E0,-1.585050106E0
4.211905210E2,4.804950237E0,8.125950813E0,-1.618950129E0
4.211929647E2,4.921950340E0,8.017950058E0,-1.855950117E0
4.211954084E2,4.942950249E0,7.963050365E0,-2.008949995E0
4.211978521E2,5.010000229E0,7.969950199E0,-1.849050045E0
4.212002955E2,4.953000069E0,7.992000580E0,-1.690950036E0
4.212027392E2,4.861950397E0,8.039999962E0,-1.485000014E0
4.212051829E2,4.891050339E0,8.049000740E0,-1.480050087E0
4.212076265E2,4.828050137E0,8.059050560E0,-1.687950134E0
4.212100703E2,4.860000134E0,8.049000740E0,-1.807950139E0
4.212125139E2,4.951050282E0,7.978050232E0,-1.825050116E0
4.212149576E2,4.969950199E0,8.004000664E0,-1.723950028E0
4.212174013E2,4.954950333E0,7.963050365E0,-1.509000063E0
4.212198447E2,4.888050079E0,7.972950459E0,-1.425000072E0
4.212222884E2,4.821000099E0,7.984950542E0,-1.365000010E0
4.212247321E2,4.900050163E0,7.999050617E0,-1.474950075E0
4.212271757E2,4.915050030E0,8.002050400E0,-1.665000081E0
4.212296194E2,4.927050114E0,8.011050224E0,-1.723950028E0
4.212320631E2,4.909950256E0,8.004000664E0,-1.602000117E0
4.212345068E2,4.852050304E0,8.017950058E0,-1.363050103E0
4.212369503E2,4.860000134E0,8.052000046E0,-1.092000008E0
4.212393940E2,4.861950397E0,8.052000046E0,-1.140000105E0
4.212418377E2,4.836000443E0,8.032950401E0,-1.300950050E0
4.212442814E2,4.885950089E0,8.004000664E0,-1.486950040E0
4.212467250E2,4.903050423E0,8.016000748E0,-1.540050030E0
4.212491687E2,4.930950165E0,8.023050308E0,-1.336050034E0
4.212516121E2,4.915050030E0,8.016000748E0,-1.106999993E0
4.212540561E2,4.861950397E0,8.059050560E0,-9.919500351E-1
4.212564995E2,4.900050163E0,8.035050392E0,-1.006049991E0
4.212589432E2,4.953000069E0,7.999050617E0,-1.213950038E0
4.212613869E2,4.957950115E0,8.005949974E0,-1.332000017E0
4.212638305E2,4.993950367E0,7.975050449E0,-1.321950078E0
4.212662742E2,4.981950283E0,8.017950058E0,-1.177950025E0
4.212687179E2,4.965000153E0,8.049000740E0,-9.610500336E-1
4.212711613E2,4.927050114E0,8.076000214E0,-8.719500303E-1
4.212736053E2,4.918950081E0,8.083050728E0,-9.220500588E-1
4.212760487E2,4.933950424E0,8.059050560E0,-1.051950097E0
4.212784924E2,4.972050190E0,8.008950233E0,-1.234050035E0
4.212809361E2,5.034000397E0,7.978050232E0,-1.237950087E0
4.212833797E2,5.053950310E0,7.975050449E0,-1.084950089E0
4.212858234E2,4.978950024E0,8.016000748E0,-9.030000567E-1
4.212882671E2,4.933950424E0,8.041950226E0,-8.100000620E-1
4.212907108E2,4.941000462E0,8.049000740E0,-8.700000644E-1
4.212931543E2,4.948050022E0,8.041950226E0,-1.111050010E0
4.212955980E2,4.996050358E0,7.987050533E0,-1.272000074E0
4.212980417E2,5.034000397E0,7.978050232E0,-1.269000053E0
4.213004854E2,5.002950191E0,7.969950199E0,-1.083000064E0
4.213029290E2,5.002950191E0,7.992000580E0,-9.460500479E-1
4.213053727E2,4.927050114E0,8.020950317E0,-9.169500470E-1
4.213078164E2,4.927050114E0,8.023050308E0,-1.075950027E0
4.213102600E2,4.942950249E0,8.026050568E0,-1.303050041E0
4.213127035E2,4.972050190E0,8.004000664E0,-1.426950097E0
4.213151472E2,5.002950191E0,7.984950542E0,-1.360050082E0
4.213175909E2,4.965000153E0,7.981950283E0,-1.219050050E0
4.213200345E2,4.888050079E0,7.980000496E0,-1.096950054E0
4.213224782E2,4.918950081E0,8.004000664E0,-1.095000029E0
4.213249219E2,4.857000351E0,8.068950653E0,-1.321950078E0
4.213273654E2,4.872000217E0,8.049000740E0,-1.485000014E0
4.213298090E2,4.903050423E0,8.011050224E0,-1.585050106E0
4.213322528E2,4.900050163E0,8.052000046E0,-1.558950067E0
4.213346964E2,4.879050255E0,8.085000038E0,-1.365000010E0
4.213371401E2,4.833000183E0,8.112000465E0,-1.332000017E0
4.213395838E2,4.828050137E0,8.121000290E0,-1.332000017E0
4.213420274E2,4.797000408E0,8.125950813E0,-1.510950089E0
4.213444711E2,4.861950397E0,8.113950729E0,-1.660050035E0
4.213469146E2,4.872000217E0,8.097000122E0,-1.696050048E0
4.213493583E2,4.837950230E0,8.131050110E0,-1.624050021E0
4.213518020E2,4.804950237E0,8.140049934E0,-1.506000042E0
4.213542457E2,4.764000416E0,8.161950111E0,-1.459050059E0
4.213566893E2,4.736999989E0,8.233950615E0,-1.522950053E0
4.213591330E2,4.705950260E0,8.242950439E0,-1.665000081E0
4.213615767E2,4.687050343E0,8.236050606E0,-1.806000113E0
4.213640204E2,4.680000305E0,8.254950523E0,-1.825050116E0
4.213664641E2,4.681950092E0,8.251049995E0,-1.710000038E0
4.213689075E2,4.680000305E0,8.233950615E0,-1.648050070E0
4.213713512E2,4.636950016E0,8.257950783E0,-1.621050119E0
4.213737949E2,4.584000111E0,8.245950699E0,-1.681050062E0
4.213762385E2,4.579050064E0,8.242950439E0,-1.794000030E0
4.213786822E2,4.618050098E0,8.208000183E0,-1.837050080E0
4.213811259E2,4.684950352E0,8.164050102E0,-1.846050143E0
4.213835694E2,4.668000221E0,8.191050529E0,-1.782000065E0
4.213860131E2,4.672950268E0,8.173950195E0,-1.702950120E0
4.213884568E2,4.636950016E0,8.224050522E0,-1.666950107E0
4.213909004E2,4.618050098E0,8.212050438E0,-1.687950134E0
4.213933441E2,4.645950317E0,8.171999931E0,-1.774950027E0
4.213957878E2,4.687050343E0,8.171999931E0,-1.810950041E0
4.213982314E2,4.693950176E0,8.149950027E0,-1.791000128E0
4.214006751E2,4.714050293E0,8.137949944E0,-1.732050061E0
4.214031186E2,4.728000164E0,8.149950027E0,-1.618950129E0
4.214055623E2,4.717950344E0,8.167050362E0,-1.564050078E0
4.214080060E2,4.690050125E0,8.167050362E0,-1.588050127E0
4.214104496E2,4.708950043E0,8.181000710E0,-1.626000047E0
4.214128933E2,4.735050201E0,8.215050697E0,-1.690950036E0
4.214153370E2,4.765950203E0,8.173950195E0,-1.690950036E0
4.214177807E2,4.744950294E0,8.188050270E0,-1.581000090E0
4.214202241E2,4.752000332E0,8.200050354E0,-1.504050016E0
4.214226678E2,4.753950119E0,8.191050529E0,-1.396050096E0
4.214251115E2,4.736999989E0,8.200050354E0,-1.420050025E0
4.214275552E2,4.785000324E0,8.171999931E0,-1.459050059E0
4.214299989E2,4.837950230E0,8.137949944E0,-1.513950109E0
4.214324425E2,4.860000134E0,8.145000458E0,-1.485000014E0
4.214348862E2,4.824000359E0,8.100000381E0,-1.417950034E0
4.214373299E2,4.857000351E0,8.136000633E0,-1.305000067E0
4.214397734E2,4.843050003E0,8.121000290E0,-1.264950037E0
4.214422171E2,4.855050087E0,8.088000298E0,-1.255050063E0
4.214446608E2,4.888050079E0,8.049000740E0,-1.293000102E0
4.214471044E2,4.942950249E0,8.035050392E0,-1.344000101E0
4.214495481E2,4.960050106E0,8.017950058E0,-1.344000101E0
4.214519918E2,4.975050449E0,7.999050617E0,-1.288950086E0
4.214544352E2,4.960050106E0,7.999050617E0,-1.219050050E0
4.214568789E2,4.986000061E0,8.004000664E0,-1.165950060E0
4.214593226E2,4.927050114E0,8.002050400E0,-1.204950094E0
4.214617663E2,4.965000153E0,7.968000412E0,-1.261950016E0
4.214642100E2,4.998000145E0,7.954050541E0,-1.297950029E0
4.214666536E2,4.989000320E0,7.939050198E0,-1.312950015E0
4.214690973E2,4.996050358E0,7.924950600E0,-1.216950059E0
4.214715410E2,5.017950058E0,7.959000587E0,-1.174050093E0
4.214739847E2,4.996050358E0,7.960950375E0,-1.144950032E0
4.214764281E2,5.002950191E0,7.935000420E0,-1.159050107E0
4.214788718E2,5.008050442E0,7.951050282E0,-1.234050035E0
4.214813155E2,5.001000404E0,7.960950375E0,-1.309950113E0
4.214837591E2,4.998000145E0,7.918050289E0,-1.261950016E0
4.214862028E2,4.960050106E0,7.978050232E0,-1.188000083E0
4.214886465E2,4.972050190E0,7.975050449E0,-1.131000042E0
4.214910902E2,4.969950199E0,7.960950375E0,-1.096950054E0
4.214935339E2,4.951050282E0,8.005949974E0,-1.116000056E0
4.214959774E2,4.960050106E0,7.972950459E0,-1.183050036E0
4.214984210E2,4.978950024E0,8.008950233E0,-1.219050050E0
4.215008648E2,4.986000061E0,8.002050400E0,-1.207050085E0
4.215033084E2,4.972050190E0,8.044950485E0,-1.132950068E0
4.215057521E2,4.953000069E0,8.039999962E0,-1.095000029E0
4.215081958E2,4.939050198E0,8.061000824E0,-1.066050053E0
4.215106392E2,4.903050423E0,8.076000214E0,-1.102050066E0
4.215130829E2,4.918950081E0,8.059050560E0,-1.175999999E0
4.215155266E2,4.933950424E0,8.059050560E0,-1.243050098E0
4.215179702E2,4.927050114E0,8.049000740E0,-1.234050035E0
4.215204140E2,4.939050198E0,8.044950485E0,-1.180950046E0
4.215228576E2,4.936050415E0,8.076000214E0,-1.119000077E0
4.215253013E2,4.912050247E0,8.068950653E0,-1.092000008E0
4.215277450E2,4.930950165E0,8.068950653E0,-1.171050072E0
4.215301885E2,4.945950031E0,8.049000740E0,-1.257000089E0
4.215326322E2,4.942950249E0,8.049000740E0,-1.305000067E0
4.215350758E2,4.965000153E0,8.017950058E0,-1.284000039E0
4.215375195E2,4.930950165E0,8.032950401E0,-1.236000061E0
4.215399631E2,4.921950340E0,8.016000748E0,-1.174050093E0
4.215424068E2,4.951050282E0,8.035050392E0,-1.183050036E0
4.215448505E2,4.957950115E0,8.035050392E0,-1.207050085E0
4.215472942E2,4.942950249E0,7.996950150E0,-1.285950065E0
4.215497377E2,4.965000153E0,7.942050457E0,-1.317000031E0
4.215521814E2,4.990950108E0,7.936950207E0,-1.288950086E0
4.215546251E2,4.986000061E0,7.923000336E0,-1.201950073E0
4.215570688E2,4.966950417E0,7.944000244E0,-1.165950060E0
4.215595124E2,4.953000069E0,7.993950367E0,-1.162050009E0
4.215619561E2,4.876049995E0,7.996950150E0,-1.225950003E0
4.215643998E2,4.881000042E0,8.002050400E0,-1.284000039E0
4.215668435E2,4.884000301E0,8.028000832E0,-1.293000102E0
4.215692869E2,4.873950005E0,8.014050484E0,-1.279050112E0
4.215717306E2,4.879050255E0,8.008950233E0,-1.248000026E0
4.215741742E2,4.843050003E0,8.023050308E0,-1.195050001E0
4.215766179E2,4.828050137E0,8.052000046E0,-1.216950059E0
4.215790616E2,4.821000099E0,8.035050392E0,-1.261950016E0
4.215815053E2,4.819050312E0,8.059050560E0,-1.327050090E0
4.215839488E2,4.833000183E0,8.044950485E0,-1.357950091E0
4.215863925E2,4.840050220E0,8.077950478E0,-1.339050055E0
4.215888362E2,4.825950146E0,8.071050644E0,-1.288950086E0
4.215912799E2,4.872000217E0,8.083050728E0,-1.281000018E0
4.215937235E2,4.843050003E0,8.085000038E0,-1.281000018E0
4.215961672E2,4.807050228E0,8.088000298E0,-1.351050019E0
4.215986109E2,4.840050220E0,8.089950562E0,-1.392000079E0
4.216010545E2,4.857000351E0,8.085000038E0,-1.420050025E0
4.216034980E2,4.876049995E0,8.112000465E0,-1.381950021E0
4.216059417E2,4.876049995E0,8.071050644E0,-1.357950091E0
4.216083854E2,4.884000301E0,8.068950653E0,-1.356000066E0
4.216108291E2,4.848000050E0,8.109000206E0,-1.363050103E0
4.216132727E2,4.860000134E0,8.112000465E0,-1.411050081E0
4.216157164E2,4.897950172E0,8.092950821E0,-1.404000044E0
4.216181601E2,4.884000301E0,8.049000740E0,-1.413000107E0
4.216206038E2,4.876049995E0,8.088000298E0,-1.380000114E0
4.216230472E2,4.896000385E0,8.109000206E0,-1.348050117E0
4.216254909E2,4.876049995E0,8.104949951E0,-1.339050055E0
4.216279346E2,4.852050304E0,8.097000122E0,-1.369950056E0
4.216303782E2,4.837950230E0,8.109000206E0,-1.369950056E0
4.216328220E2,4.857000351E0,8.088000298E0,-1.381950021E0
4.216352656E2,4.860000134E0,8.065950394E0,-1.405950069E0
4.216377093E2,4.876049995E0,8.049000740E0,-1.375050068E0
4.216401530E2,4.881000042E0,8.047050476E0,-1.392000079E0
4.216425965E2,4.897950172E0,8.056950569E0,-1.324950099E0
4.216450402E2,4.909950256E0,8.032950401E0,-1.353000045E0
4.216474839E2,4.879050255E0,8.028000832E0,-1.384050012E0
4.216499275E2,4.897950172E0,8.008950233E0,-1.404000044E0
4.216523712E2,4.909950256E0,8.002050400E0,-1.425000072E0
4.216548149E2,4.905000210E0,8.016000748E0,-1.413000107E0
4.216572583E2,4.912050247E0,8.020950317E0,-1.380000114E0
4.216597020E2,4.873950005E0,8.008950233E0,-1.356000066E0
4.216621457E2,4.872000217E0,8.023050308E0,-1.365000010E0
4.216645894E2,4.848000050E0,8.017950058E0,-1.401000023E0
4.216670331E2,4.869000435E0,8.005949974E0,-1.435050011E0
4.216694767E2,4.900050163E0,8.008950233E0,-1.450950027E0
4.216719204E2,4.888050079E0,7.996950150E0,-1.408050060E0
4.216743641E2,4.861950397E0,8.041950226E0,-1.417950034E0
4.216768078E2,4.845000267E0,8.044950485E0,-1.377000093E0
4.216792512E2,4.848000050E0,8.047050476E0,-1.404000044E0
4.216816949E2,4.852050304E0,8.047050476E0,-1.408050060E0
4.216841386E2,4.860000134E0,8.071050644E0,-1.459050059E0
4.216865822E2,4.893000126E0,8.076000214E0,-1.447050095E0
4.216890259E2,4.864050388E0,8.095050812E0,-1.425000072E0
4.216914696E2,4.848000050E0,8.080950737E0,-1.425000072E0
4.216939133E2,4.825950146E0,8.116950035E0,-1.384050012E0
4.216963568E2,4.821000099E0,8.101950645E0,-1.389000058E0
4.216988005E2,4.816050053E0,8.100000381E0,-1.447050095E0
4.217012442E2,4.845000267E0,8.109000206E0,-1.483050108E0
4.217036878E2,4.840050220E0,8.128950119E0,-1.509000063E0
4.217061315E2,4.833000183E0,8.136000633E0,-1.504050016E0
4.217085752E2,4.824000359E0,8.124000549E0,-1.486950040E0
4.217110188E2,4.789950371E0,8.160000801E0,-1.456050038E0
4.217134623E2,4.771050453E0,8.160000801E0,-1.495050073E0
4.217159060E2,4.788000107E0,8.155050278E0,-1.537950039E0
4.217183497E2,4.792950153E0,8.145000458E0,-1.561950088E0
4.217207934E2,4.776000023E0,8.100000381E0,-1.561950088E0
4.217232370E2,4.789950371E0,8.112000465E0,-1.545000076E0
4.217256807E2,4.771050453E0,8.124000549E0,-1.495050073E0
4.217281244E2,4.795050144E0,8.131050110E0,-1.518000126E0
4.217305678E2,4.788000107E0,8.101950645E0,-1.534950018E0
4.217330115E2,4.777950287E0,8.140049934E0,-1.566000104E0
4.217354552E2,4.777950287E0,8.116950035E0,-1.578000069E0
4.217378989E2,4.813950062E0,8.095050812E0,-1.578000069E0
4.217403426E2,4.783050060E0,8.119050026E0,-1.552050114E0
4.217427862E2,4.795050144E0,8.137949944E0,-1.518000126E0
4.217452299E2,4.747050285E0,8.124000549E0,-1.510950089E0
4.217476736E2,4.777950287E0,8.148000717E0,-1.513950109E0
4.217501173E2,4.780950069E0,8.133000374E0,-1.525950074E0
4.217525607E2,4.807050228E0,8.119050026E0,-1.521000028E0
4.217550044E2,4.765950203E0,8.169000626E0,-1.497000098E0
4.217574481E2,4.801950455E0,8.167050362E0,-1.462950110E0
4.217598918E2,4.783050060E0,8.185950279E0,-1.441950083E0
4.217623354E2,4.777950287E0,8.196000099E0,-1.461000085E0
4.217647791E2,4.776000023E0,8.191050529E0,-1.489950061E0
4.217672228E2,4.776000023E0,8.161950111E0,-1.473000050E0
4.217696663E2,4.809000015E0,8.169000626E0,-1.480050087E0
4.217721100E2,4.816050053E0,8.171999931E0,-1.453950047E0
4.217745537E2,4.821000099E0,8.181000710E0,-1.420050025E0
4.217769973E2,4.777950287E0,8.152050018E0,-1.384050012E0
4.217794410E2,4.788000107E0,8.188050270E0,-1.396050096E0
4.217818847E2,4.789950371E0,8.181000710E0,-1.416000009E0
4.217843284E2,4.788000107E0,8.136000633E0,-1.425000072E0
4.217867718E2,4.812000275E0,8.148000717E0,-1.426950097E0
4.217892155E2,4.825950146E0,8.140049934E0,-1.405950069E0
4.217916592E2,4.825950146E0,8.104949951E0,-1.375050068E0
4.217941029E2,4.812000275E0,8.095050812E0,-1.365000010E0
4.217965465E2,4.833000183E0,8.124000549E0,-1.363050103E0
4.217989902E2,4.837950230E0,8.107049942E0,-1.368000031E0
4.218014339E2,4.849950314E0,8.136000633E0,-1.372050047E0
4.218038776E2,4.837950230E0,8.104949951E0,-1.341000080E0
4.218063211E2,4.836000443E0,8.089950562E0,-1.321950078E0
4.218087648E2,4.861950397E0,8.080950737E0,-1.320000052E0
4.218112084E2,4.837950230E0,8.085000038E0,-1.303050041E0
4.218136521E2,4.849950314E0,8.077950478E0,-1.285950065E0
4.218160958E2,4.849950314E0,8.085000038E0,-1.297950029E0
4.218185394E2,4.849950314E0,8.088000298E0,-1.297950029E0
4.218209831E2,4.852050304E0,8.072999954E0,-1.297950029E0
4.218234268E2,4.867050171E0,8.061000824E0,-1.264950037E0
4.218258703E2,4.888050079E0,8.047050476E0,-1.237950087E0
4.218283140E2,4.852050304E0,8.059050560E0,-1.228950024E0
4.218307577E2,4.885950089E0,8.059050560E0,-1.243050098E0
4.218332013E2,4.869000435E0,8.053950310E0,-1.243050098E0
4.218356450E2,4.900050163E0,8.052000046E0,-1.237950087E0
4.218380887E2,4.917000294E0,8.052000046E0,-1.246050000E0
4.218405322E2,4.921950340E0,8.023050308E0,-1.198050022E0
4.218429758E2,4.954950333E0,7.999050617E0,-1.248000026E0
4.218454195E2,4.954950333E0,8.032950401E0,-1.210050106E0
4.218478632E2,4.966950417E0,8.020950317E0,-1.216950059E0
4.218503069E2,4.977000237E0,8.032950401E0,-1.225950003E0
4.218527505E2,4.978950024E0,8.032950401E0,-1.248000026E0
4.218551942E2,4.951050282E0,8.016000748E0,-1.228950024E0
4.218576379E2,4.965000153E0,7.984950542E0,-1.200000048E0
4.218600814E2,4.972050190E0,7.987050533E0,-1.186050057E0
4.218625251E2,4.930950165E0,7.992000580E0,-1.201950073E0
4.218649688E2,4.960050106E0,7.996950150E0,-1.216950059E0
4.218674125E2,4.929000378E0,8.004000664E0,-1.210050106E0
4.218698561E2,4.957950115E0,7.987050533E0,-1.213950038E0
4.218722998E2,4.966950417E0,7.996950150E0,-1.222050071E0
4.218747435E2,4.972050190E0,7.978050232E0,-1.213950038E0
4.218771872E2,4.954950333E0,7.990050316E0,-1.195050001E0
4.218796309E2,4.969950199E0,7.996950150E0,-1.192950010E0
4.218820743E2,4.963050365E0,7.992000580E0,-1.216950059E0
4.218845180E2,4.957950115E0,7.984950542E0,-1.198050022E0
4.218869617E2,4.942950249E0,7.972950459E0,-1.216950059E0
4.218894053E2,4.969950199E0,7.996950150E0,-1.210050106E0
4.218918490E2,4.954950333E0,8.004000664E0,-1.210050106E0
4.218942927E2,4.924050331E0,7.987050533E0,-1.212000012E0
4.218967362E2,4.933950424E0,7.999050617E0,-1.210050106E0
4.218991799E2,4.965000153E0,7.990050316E0,-1.219050050E0
4.219016235E2,4.945950031E0,7.996950150E0,-1.231050014E0
4.219040672E2,4.954950333E0,7.966050148E0,-1.248000026E0
4.219065109E2,4.936050415E0,8.008950233E0,-1.252950072E0
4.219089546E2,4.972050190E0,7.972950459E0,-1.255050063E0
4.219113983E2,4.948050022E0,7.999050617E0,-1.224000096E0
4.219138419E2,4.906949997E0,7.990050316E0,-1.255050063E0
4.219162854E2,4.933950424E0,7.990050316E0,-1.246050000E0
4.219187291E2,4.933950424E0,8.005949974E0,-1.272000074E0
4.219211728E2,4.929000378E0,7.999050617E0,-1.300950050E0
4.219236164E2,4.918950081E0,8.020950317E0,-1.281000018E0
4.219260601E2,4.929000378E0,8.023050308E0,-1.279050112E0
4.219285038E2,4.929000378E0,8.029950142E0,-1.267050028E0
4.219309475E2,4.905000210E0,8.029950142E0,-1.272000074E0
4.219333910E2,4.896000385E0,8.038050652E0,-1.305000067E0
4.219358346E2,4.897950172E0,8.028000832E0,-1.321950078E0
4.219382783E2,4.906949997E0,8.049000740E0,-1.309950113E0
4.219407220E2,4.941000462E0,8.047050476E0,-1.309950113E0
4.219431657E2,4.953000069E0,8.053950310E0,-1.300950050E0
4.219456093E2,4.915050030E0,8.020950317E0,-1.317000031E0
4.219480530E2,4.903050423E0,8.059050560E0,-1.333950043E0
4.219504967E2,4.903050423E0,8.080950737E0,-1.321950078E0
4.219529402E2,4.891050339E0,8.076000214E0,-1.321950078E0
4.219553839E2,4.888050079E0,8.068950653E0,-1.339050055E0
4.219578275E2,4.891050339E0,8.049000740E0,-1.339050055E0
4.219602712E2,4.876049995E0,8.076000214E0,-1.336050034E0
4.219627149E2,4.869000435E0,8.077950478E0,-1.356000066E0
4.219651585E2,4.848000050E0,8.061000824E0,-1.363050103E0
4.219676020E2,4.872000217E0,8.097000122E0,-1.372050047E0
4.219700459E2,4.873950005E0,8.088000298E0,-1.345950007E0
4.219724894E2,4.860000134E0,8.077950478E0,-1.360050082E0
4.219749331E2,4.879050255E0,8.088000298E0,-1.372050047E0
4.219773768E2,4.845000267E0,8.071050644E0,-1.380000114E0
4.219798204E2,4.849950314E0,8.095050812E0,-1.375050068E0
4.219822641E2,4.825950146E0,8.107049942E0,-1.381950021E0
4.219847078E2,4.833000183E0,8.136000633E0,-1.429950118E0
4.219871512E2,4.836000443E0,8.119050026E0,-1.426950097E0
4.219895949E2,4.837950230E0,8.136000633E0,-1.423050046E0
4.219920386E2,4.828050137E0,8.083050728E0,-1.425000072E0
4.219944823E2,4.816050053E0,8.107049942E0,-1.438950062E0
4.219969259E2,4.821000099E0,8.131050110E0,-1.404000044E0
4.219993696E2,4.800000191E0,8.125950813E0,-1.425000072E0
4.220018133E2,4.804950237E0,8.131050110E0,-1.453950047E0
4.220042570E2,4.804950237E0,8.161950111E0,-1.449000120E0
4.220067007E2,4.816050053E0,8.148000717E0,-1.449000120E0
4.220091442E2,4.840050220E0,8.104949951E0,-1.480050087E0
4.220115879E2,4.807050228E0,8.137949944E0,-1.468050122E0
4.220140316E2,4.804950237E0,8.136000633E0,-1.468050122E0
4.220164752E2,4.807050228E0,8.152050018E0,-1.486950040E0
4.220189189E2,4.801950455E0,8.131050110E0,-1.489950061E0
4.220213626E2,4.777950287E0,8.167050362E0,-1.497000098E0
4.220238060E2,4.765950203E0,8.155050278E0,-1.492050052E0
4.220262499E2,4.777950287E0,8.152050018E0,-1.510950089E0
4.220286934E2,4.788000107E0,8.143050194E0,-1.495050073E0
4.220311371E2,4.795050144E0,8.133000374E0,-1.525950074E0
4.220335808E2,4.785000324E0,8.128950119E0,-1.534950018E0
4.220360244E2,4.801950455E0,8.124000549E0,-1.540050030E0
4.220384681E2,4.804950237E0,8.136000633E0,-1.530000091E0
4.220409118E2,4.812000275E0,8.136000633E0,-1.549950123E0
4.220433552E2,4.816050053E0,8.113950729E0,-1.557000041E0
4.220457989E2,4.828050137E0,8.121000290E0,-1.542000055E0
4.220482426E2,4.833000183E0,8.088000298E0,-1.521000028E0
4.220506862E2,4.860000134E0,8.080950737E0,-1.522950053E0
4.220531299E2,4.869000435E0,8.100000381E0,-1.522950053E0
4.220555736E2,4.848000050E0,8.076000214E0,-1.510950089E0
4.220580173E2,4.840050220E0,8.072999954E0,-1.495050073E0
4.220604610E2,4.864050388E0,8.085000038E0,-1.533000112E0
4.220629045E2,4.848000050E0,8.065950394E0,-1.525950074E0
4.220653482E2,4.872000217E0,8.065950394E0,-1.510950089E0
4.220677918E2,4.848000050E0,8.101950645E0,-1.510950089E0
4.220702355E2,4.840050220E0,8.065950394E0,-1.498950124E0
4.220726792E2,4.867050171E0,8.072999954E0,-1.506000042E0
4.220751229E2,4.861950397E0,8.041950226E0,-1.495050073E0
4.220775665E2,4.869000435E0,8.059050560E0,-1.489950061E0
4.220800100E2,4.872000217E0,8.049000740E0,-1.456050038E0
4.220824537E2,4.872000217E0,8.044950485E0,-1.459050059E0
4.220848974E2,4.893000126E0,8.044950485E0,-1.426950097E0
4.220873411E2,4.896000385E0,8.020950317E0,-1.444050074E0
4.220897847E2,4.891050339E0,8.011050224E0,-1.447050095E0
4.220922284E2,4.912050247E0,7.987050533E0,-1.441950083E0
4.220946721E2,4.927050114E0,8.017950058E0,-1.423050046E0
4.220971158E2,4.912050247E0,7.993950367E0,-1.392000079E0
4.220995593E2,4.915050030E0,7.987050533E0,-1.377000093E0
4.221020029E2,4.948050022E0,7.980000496E0,-1.356000066E0
4.221044466E2,4.933950424E0,7.987050533E0,-1.333950043E0
4.221068902E2,4.951050282E0,7.981950283E0,-1.348050117E0
4.221093339E2,4.978950024E0,7.981950283E0,-1.348050117E0
4.221117776E2,4.966950417E0,7.968000412E0,-1.324950099E0
4.221142213E2,4.989000320E0,7.948950291E0,-1.285950065E0
4.221166648E2,4.977000237E0,7.980000496E0,-1.288950086E0
4.221191085E2,4.966950417E0,7.980000496E0,-1.303050041E0
4.221215522E2,4.984050274E0,7.966050148E0,-1.276950002E0
4.221239958E2,5.001000404E0,7.948950291E0,-1.305000067E0
4.221264395E2,4.986000061E0,7.969950199E0,-1.291050076E0
4.221288831E2,4.984050274E0,7.968000412E0,-1.272000074E0
4.221313268E2,4.978950024E0,7.975050449E0,-1.243050098E0
4.221337705E2,4.963050365E0,8.016000748E0,-1.240950108E0
4.221362140E2,4.921950340E0,8.124000549E0,-1.351050019E0
4.221386577E2,5.326050282E0,7.507950306E0,-1.303050041E0
4.221411014E2,5.275950432E0,7.504050255E0,-1.602000117E0
4.221435451E2,4.984050274E0,8.005949974E0,-1.059000015E0
4.221459887E2,4.639050007E0,8.467950821E0,-7.159500122E-1
4.221484324E2,4.884000301E0,7.810050488E0,-1.188000083E0
4.221508759E2,5.215950012E0,7.927050591E0,-1.210050106E0
4.221533198E2,4.740000248E0,8.169000626E0,-1.405950069E0
4.221557632E2,5.037000179E0,8.008950233E0,-1.471050024E0
4.221582069E2,4.975050449E0,7.863000393E0,-1.497000098E0
4.221606506E2,4.879050255E0,8.133000374E0,-1.108950019E0
4.221630942E2,4.764000416E0,8.026050568E0,-9.060000181E-1
4.221655379E2,5.020050049E0,8.148000717E0,-9.580500722E-1
4.221679816E2,4.881000042E0,8.059050560E0,-1.030050039E0
4.221704251E2,4.780950069E0,8.230950356E0,-1.162050009E0
4.221728688E2,4.717950344E0,8.160000801E0,-1.320000052E0
4.221753125E2,4.981950283E0,8.044950485E0,-1.252950072E0
4.221777561E2,5.094000340E0,7.848000526E0,-1.228950024E0
4.221801998E2,4.888050079E0,7.980000496E0,-1.012950063E0
4.221826435E2,4.864050388E0,8.242950439E0,-9.610500336E-1
4.221850872E2,4.903050423E0,8.016000748E0,-1.039950013E0
4.221875309E2,5.118000031E0,7.894050598E0,-1.261950016E0
4.221899743E2,4.945950031E0,7.935000420E0,-1.369950056E0
4.221924180E2,4.948050022E0,8.065950394E0,-1.276950002E0
4.221948617E2,4.843050003E0,8.047050476E0,-1.116000056E0
4.221973054E2,4.975050449E0,7.951050282E0,-1.116000056E0
4.221997490E2,4.951050282E0,7.972950459E0,-1.171050072E0
4.222021927E2,4.860000134E0,8.092950821E0,-1.273950100E0
4.222046364E2,4.927050114E0,7.981950283E0,-1.260000110E0
4.222070799E2,4.927050114E0,7.981950283E0,-1.264950037E0
4.222095238E2,4.816050053E0,8.101950645E0,-1.216950059E0
4.222119672E2,4.780950069E0,8.145000458E0,-1.114050031E0
4.222144109E2,4.884000301E0,8.064000130E0,-1.135050058E0
4.222168546E2,4.828050137E0,8.100000381E0,-1.195050001E0
4.222192982E2,4.749000072E0,8.212050438E0,-1.267050028E0
4.222217419E2,4.777950287E0,8.157000542E0,-1.255050063E0
4.222241856E2,4.881000042E0,8.047050476E0,-1.534950018E0
4.222266291E2,5.032050133E0,7.944000244E0,-3.361950159E0
4.222290728E2,4.736999989E0,8.136000633E0,-3.321000099E0
4.222315165E2,5.094000340E0,8.028000832E0,-1.501950026E0
4.222339601E2,5.737950325E0,7.887000561E0,-2.110050201E0
4.222364038E2,5.197050095E0,7.996950150E0,-2.091000080E0
4.222388475E2,4.729950428E0,8.299050331E0,-1.348050117E0
4.222412912E2,4.198950291E0,8.418000221E0,-6.109500527E-1
4.222437349E2,3.934950113E0,8.479949951E0,7.740000486E-1
4.222461783E2,3.922950268E0,8.476050377E0,1.789050102E0
4.222486220E2,4.323000431E0,8.361000061E0,2.650950193E0
4.222510657E2,4.836000443E0,8.071050644E0,2.958000183E0
4.222535093E2,5.335950375E0,7.812000275E0,3.055950165E0
4.222559530E2,5.583000183E0,7.671000481E0,2.764050245E0
4.222583967E2,6.283950329E0,7.944000244E0,2.563050032E0
4.222608404E2,5.451000214E0,7.888950348E0,-1.057605076E1
4.222632839E2,4.261050224E0,8.197950363E0,-1.540800095E1
4.222657276E2,3.729000092E0,8.317950249E0,-9.238050461E0
4.222681712E2,4.444950104E0,8.221950531E0,-5.299500227E-1
4.222706149E2,5.281050205E0,8.188050270E0,4.528950214E0
4.222730586E2,5.233050346E0,7.852950573E0,2.644050121E0
4.222755023E2,5.214000225E0,8.023050308E0,2.998950243E0
4.222779459E2,4.990950108E0,7.807950497E0,3.214050055E0
4.222803896E2,5.125050068E0,8.077950478E0,9.660000205E-1
4.222828331E2,4.963050365E0,8.272050858E0,-5.689050198E0
4.222852768E2,4.438050270E0,8.052000046E0,-9.264000893E0
4.222877205E2,4.314000130E0,8.239050865E0,-5.991000175E0
4.222901641E2,4.534049988E0,8.248050690E0,-8.050500154E-1
4.222926078E2,4.776000023E0,8.242950439E0,2.730000019E0
4.222950515E2,5.185050011E0,7.867950439E0,2.845050097E0
4.222974952E2,5.346000195E0,7.972950459E0,8.440500498E-1
4.222999386E2,4.930950165E0,7.980000496E0,-2.433000088E0
4.223023823E2,4.567049980E0,8.157000542E0,-4.525950432E0
4.223048260E2,4.504950047E0,8.193000793E0,-4.348950386E0
4.223072696E2,4.761000156E0,8.161950111E0,-2.134050131E0
4.223097133E2,4.852050304E0,8.011050224E0,1.279500127E-1
4.223121570E2,4.840050220E0,8.121000290E0,8.440500498E-1
4.223146007E2,4.954950333E0,8.089950562E0,3.195000067E-2
4.223170442E2,4.897950172E0,7.966050148E0,-1.959000111E0
4.223194879E2,4.828050137E0,8.014050484E0,-3.135000229E0
4.223219315E2,4.788000107E0,8.152050018E0,-2.878050089E0
4.223243752E2,4.821000099E0,8.097000122E0,-1.734000087E0
4.223268188E2,4.852050304E0,8.071050644E0,-4.770000279E-1
4.223292625E2,5.010000229E0,8.011050224E0,-2.329500169E-1
4.223317062E2,4.873950005E0,8.038050652E0,-9.630000591E-1
4.223341497E2,4.860000134E0,8.029950142E0,-1.887000084E0
4.223365936E2,4.915050030E0,8.044950485E0,-2.500050068E0
4.223390371E2,4.917000294E0,7.908000469E0,-2.236950159E0
4.223414808E2,4.975050449E0,8.052000046E0,-1.681050062E0
4.223439245E2,4.816050053E0,8.092950821E0,-1.216950059E0
4.223463681E2,4.966950417E0,7.969950199E0,-1.315050006E0
4.223488118E2,4.912050247E0,7.951050282E0,-1.803000093E0
4.223512555E2,4.927050114E0,8.077950478E0,-1.866000056E0
4.223536989E2,4.876049995E0,7.960950375E0,-2.962050200E0
4.223561426E2,4.845000267E0,8.101950645E0,-3.973050117E0
4.223585863E2,4.984050274E0,7.884000301E0,-3.823950291E0
4.223610299E2,5.238000393E0,8.083050728E0,-3.810000181E0
4.223634737E2,5.382000446E0,7.894050598E0,-2.857050180E0
4.223659173E2,5.700000286E0,7.698000431E0,-1.801050067E0
4.223683610E2,6.199950218E0,7.531950474E0,-1.425000072E0
4.223708047E2,6.531000137E0,7.474950314E0,-5.340000391E-1
4.223732482E2,6.430050373E0,7.602000237E0,2.329500169E-1
4.223756919E2,5.938950062E0,7.720950603E0,5.539500117E-1
4.223781356E2,5.322000027E0,7.906050205E0,1.083000064E0
4.223805792E2,4.648950100E0,8.236050606E0,1.198050022E0
4.223830229E2,3.580950260E0,8.527950287E0,2.089500129E-1
4.223854666E2,2.884050131E0,8.554950714E0,-8.205000311E-2
4.223879103E2,2.611050129E0,8.761050224E0,4.605000094E-2
4.223903537E2,2.749950171E0,8.775000572E0,-7.740000486E-1
4.223927974E2,3.721950293E0,8.575950623E0,-1.059000015E0
4.223952411E2,4.903050423E0,8.056950569E0,-1.272000074E0
4.223976848E2,5.503950119E0,7.812000275E0,-1.578000069E0
4.224001284E2,5.494050026E0,7.899000168E0,-1.662000060E0
4.224025721E2,5.025000095E0,7.990050316E0,-1.522950053E0
4.224050158E2,4.728000164E0,8.076000214E0,-1.738950133E0
4.224074595E2,4.588950157E0,8.193000793E0,-1.770000100E0
4.224099029E2,4.684950352E0,8.242950439E0,-1.684050083E0
4.224123466E2,4.732950211E0,8.236050606E0,-1.417950034E0
4.224147903E2,4.768950462E0,8.179050446E0,-9.799500704E-1
4.224172339E2,4.740000248E0,8.185950279E0,-4.720500112E-1
4.224196776E2,4.534049988E0,8.260050774E0,-2.140500098E-1
4.224221213E2,4.374000072E0,8.266950607E0,-2.179500163E-1
4.224245650E2,4.327950001E0,8.320050240E0,-1.939500123E-1
4.224270085E2,4.157999992E0,8.434950829E0,-3.195000067E-2
4.224294522E2,4.108050346E0,8.509050369E0,-1.150500029E-1
4.224318959E2,4.030950069E0,8.337000847E0,1.350000054E-1
4.224343396E2,4.050000191E0,8.248050690E0,3.460500240E-1
4.224367832E2,4.066950321E0,8.341950417E0,5.610000491E-1
4.224392269E2,4.084050179E0,8.269950867E0,4.630500078E-1
4.224416706E2,8.065950394E0,7.714050293E0,5.779500008E-1
4.224441140E2,8.923050880E0,6.201000214E0,-1.139700031E1
4.224465577E2,5.455950260E0,7.542000294E0,-1.114095020E1
4.224490014E2,3.397050142E0,8.164050102E0,-5.380050182E0
4.224514450E2,4.845000267E0,8.341950417E0,4.729500115E-1
4.224538888E2,5.266950130E0,8.092950821E0,3.415050268E0
4.224563324E2,4.588950157E0,8.097000122E0,3.625950098E0
4.224587761E2,4.759050369E0,8.224050522E0,4.219500124E-1
4.224612195E2,5.224050045E0,7.935000420E0,-3.337950230E0
4.224636632E2,4.930950165E0,8.059050560E0,-4.999950409E0
4.224661069E2,4.582050323E0,8.145000458E0,-3.898050070E0
4.224685506E2,4.690050125E0,8.181000710E0,-1.483050108E0
4.224709943E2,4.939050198E0,8.011050224E0,5.595000088E-2
4.224734379E2,4.828050137E0,8.191050529E0,2.880000174E-1
4.224758816E2,4.717950344E0,8.185950279E0,-5.490000248E-1
4.224783253E2,4.819050312E0,8.245950699E0,-1.594950080E0
4.224807690E2,4.716000080E0,8.143050194E0,-1.918050051E0
4.224832125E2,4.945950031E0,7.981950283E0,-2.244000196E0
4.224856562E2,4.684950352E0,8.217000008E0,-1.243050098E0
4.224880998E2,4.645950317E0,8.197950363E0,-6.760500073E-1
4.224905436E2,4.666050434E0,8.224050522E0,-7.210500240E-1
4.224929872E2,4.507950306E0,8.203050613E0,-1.368000031E0
4.224954309E2,4.287000179E0,8.356050491E0,-1.831950068E0
4.224978746E2,3.946950197E0,8.542950630E0,-1.779000044E0
4.225003180E2,3.787050247E0,8.619000435E0,-1.581000090E0
4.225027617E2,3.823050261E0,8.557050705E0,-1.576050043E0
4.225052054E2,3.981000185E0,8.458950043E0,-1.509000063E0
4.225076490E2,4.012050152E0,8.662050247E0,-1.576050043E0
4.225100927E2,3.919050217E0,8.586000443E0,-1.518000126E0
4.225125364E2,4.017000198E0,8.196000099E0,-1.744050026E0
4.225149801E2,4.777950287E0,7.963050365E0,-1.770000100E0
4.225174236E2,5.128050327E0,8.020950317E0,-1.675950050E0
4.225198673E2,5.299950123E0,7.920000553E0,-1.438950062E0
4.225223110E2,5.527950287E0,7.621050358E0,-1.324950099E0
4.225247546E2,5.796000481E0,7.522950172E0,-1.276950002E0
4.225271983E2,5.712000370E0,7.639950275E0,-1.222050071E0
4.225296420E2,5.784000397E0,7.626000404E0,-1.051950097E0
4.225320856E2,5.914950371E0,7.542000294E0,-9.580500722E-1
4.225345293E2,5.971050262E0,7.513050556E0,-9.919500351E-1
4.225369728E2,6.034950256E0,7.516050339E0,-9.559500217E-1
4.225394165E2,6.162000179E0,7.498950481E0,-7.470000386E-1
4.225418602E2,5.974950314E0,7.516050339E0,-8.410500288E-1
4.225443038E2,5.511000156E0,7.705050468E0,-5.940000415E-1
4.225467476E2,4.885950089E0,8.059050560E0,-4.170000255E-1
4.225491912E2,4.797000408E0,8.164050102E0,-2.710500062E-1
4.225516349E2,4.930950165E0,8.041950226E0,-3.760500252E-1
4.225540786E2,4.881000042E0,8.039999962E0,-7.669500113E-1
4.225565220E2,4.693950176E0,8.245950699E0,-1.540050030E0
4.225589657E2,4.579050064E0,8.203050613E0,-3.027000189E0
4.225614094E2,4.777950287E0,8.184000015E0,-2.562000036E0
4.225638530E2,4.761000156E0,8.083050728E0,-1.404000044E0
4.225662967E2,4.453050137E0,8.314949989E0,-6.400500536E-1
4.225687404E2,4.174950123E0,8.437050819E0,-5.490000248E-1
4.225711839E2,3.897000074E0,8.682000160E0,-1.063950062E0
4.225736275E2,3.732000113E0,8.647950172E0,-1.593000054E0
4.225760712E2,3.592950106E0,8.571000099E0,-2.208000183E0
4.225785149E2,3.354000092E0,8.737050056E0,-2.452050209E0
4.225809586E2,2.761950016E0,9.115050316E0,-2.596050024E0
4.225834022E2,2.086950064E0,9.369000435E0,-2.428050041E0
4.225858459E2,1.543950081E0,9.709050179E0,-2.332950115E0
4.225882896E2,8.419500589E-1,1.006500053E1,-2.412000179E0
4.225907331E2,7.390500307E-1,1.016805077E1,-2.446950197E0
4.225931768E2,1.785000086E0,1.005600071E1,-2.926050186E0
4.225956205E2,2.101050138E0,9.714000702E0,-3.168000221E0
4.225980642E2,2.559000015E0,9.346950531E0,-2.388000011E0
4.226005078E2,5.206950188E0,8.452050209E0,-1.600050092E0
4.226029515E2,3.195105171E1,2.811000109E0,5.941050053E0
4.226053952E2,2.494050026E0,7.321950436E0,1.452900028E1
4.226078389E2,5.239500403E-1,1.175295067E1,7.110000134E0
4.226102826E2,5.716950417E0,9.352050781E0,8.200950623E0
4.226127260E2,4.975050449E0,8.188050270E0,8.236949921E0
4.226151697E2,5.596950054E0,8.083050728E0,2.448000193E0
4.226176134E2,5.275950432E0,7.756950378E0,-2.926050186E0
4.226200570E2,7.381050587E0,7.645050526E0,-6.348000526E0
4.226225007E2,5.251950264E0,7.848000526E0,-5.187000275E0
4.226249444E2,4.893000126E0,8.689050674E0,-3.070050240E0
4.226273879E2,5.949000359E0,8.619000435E0,3.195000067E-2
4.226298316E2,6.402000427E0,8.770050049E0,3.694950104E0
4.226322753E2,8.017950058E0,8.361000061E0,2.527050018E0
4.226347190E2,1.009800053E1,8.218950272E0,6.589500308E-1
4.226371627E2,1.113705063E1,8.428050041E0,5.250000358E-1
4.226396063E2,1.154700089E1,8.811000824E0,-1.180950046E0
4.226420500E2,1.145595074E1,9.550950050E0,-6.175050259E0
4.226444937E2,1.022805023E1,1.067400074E1,-7.650000572E0
4.226469371E2,9.198000908E0,1.162395096E1,-7.480050564E0
4.226493808E2,8.056050301E0,1.218900013E1,-8.254050255E0
4.226518245E2,6.897000313E0,1.248105049E1,-9.288000107E0
4.226542681E2,6.370050430E0,1.257000065E1,-8.950050354E0
4.226567118E2,6.736950397E0,1.232295036E1,-7.894050598E0
4.226591555E2,7.090950489E0,1.186095047E1,-6.076950073E0
4.226615992E2,7.432950497E0,1.099005032E1,-4.024950027E0
4.226640427E2,8.250000000E0,1.049895096E1,-2.392050028E0
4.226664863E2,8.737950325E0,9.840000153E0,-8.740500212E-1
4.226689300E2,8.974950790E0,9.298950195E0,1.110000089E-1
4.226713737E2,9.126000404E0,8.842050552E0,6.070500016E-1
4.226738174E2,9.271950722E0,8.401050568E0,7.740000486E-1
4.226762611E2,9.223950386E0,8.133000374E0,8.890500665E-1
4.226787047E2,8.977950096E0,7.930050373E0,1.054050088E0
4.226811484E2,8.587050438E0,7.756950378E0,9.730500579E-1
4.226835919E2,5.701950073E0,8.868000031E0,-5.845050335E0
4.226860356E2,6.057000160E0,8.137949944E0,-5.682000160E0
4.226884793E2,7.500000477E0,7.651950359E0,4.690950394E0
4.226909229E2,6.715050220E0,7.759950161E0,2.800050020E0
4.226933666E2,5.992050171E0,7.635000229E0,1.653000116E0
4.226958103E2,2.422049999E0,7.750050545E0,-1.759950042E0
4.226982540E2,-9.655950546E0,7.765050411E0,-8.776050568E0
4.227006977E2,-2.080905151E1,8.155050278E0,-1.524000072E1
4.227031411E2,-1.889805031E1,5.854050159E0,-1.344000053E1
4.227055848E2,-9.213000298E0,2.421000004E0,-5.919000149E0
4.227080285E2,1.098000050E0,-4.005000368E-2,1.011000037E0
4.227104721E2,6.409050465E0,-1.789500117E-1,5.721000195E0
4.227129158E2,3.045000076E0,4.057950020E0,3.409500122E-1
4.227153595E2,6.934950352E0,4.674000263E0,4.849050045E0
4.227178030E2,8.041950226E0,5.467950344E0,8.725950241E0
4.227202467E2,3.082950115E0,8.149950027E0,1.501950026E0
4.227226904E2,1.837950110E0,9.760950089E0,-2.670000076E0
4.227251341E2,3.523950100E0,9.627000809E0,-1.224000096E0
4.227275777E2,3.555000067E0,1.006095028E1,-3.952950239E0
4.227300214E2,3.688950062E0,1.045605087E1,-6.076950073E0
4.227324651E2,5.382000446E0,9.927000046E0,-5.299050331E0
4.227349088E2,6.148050308E0,9.714000702E0,-3.508050203E0
4.227373522E2,5.623050213E0,9.460050583E0,-2.766000032E0
4.227397959E2,3.660000086E0,9.706050873E0,-3.192000151E0
4.227422396E2,3.564000130E0,8.770050049E0,-1.516050100E0
4.227446833E2,4.081050396E0,7.803000450E0,1.920000017E-1
4.227471269E2,3.279000044E0,7.954050541E0,-1.345950007E0
4.227495706E2,4.792950153E0,6.958050251E0,-1.009500027E-1
4.227520143E2,4.681950092E0,7.153950214E0,-4.395000264E-2
4.227544578E2,5.563950062E0,6.904950142E0,3.505950212E0
4.227569017E2,3.247950077E0,9.511950493E0,-5.689050198E0
4.227593452E2,9.828000069E0,7.129950523E0,7.459500432E-1
4.227617889E2,1.114695072E1,7.201950550E0,6.118050098E0
4.227642325E2,6.487950325E0,9.117000580E0,-6.730500460E-1
4.227666762E2,3.540000200E0,1.038195038E1,-3.811950207E0
4.227691199E2,4.441050053E0,9.948000908E0,-8.650500178E-1
4.227715635E2,5.062950134E0,9.532050133E0,-1.110000089E-1
4.227740070E2,2.623050213E0,1.005405045E1,-3.235050201E0
4.227764507E2,1.443000078E0,1.029105091E1,-4.690950394E0
4.227788944E2,1.759050131E0,1.000800037E1,-5.188950062E0
4.227813380E2,2.554050207E0,9.844950676E0,-3.666000128E0
4.227837817E2,2.554050207E0,1.027605057E1,-3.946050167E0
4.227862254E2,2.644950151E0,1.044405079E1,-3.669000149E0
4.227886688E2,3.439950228E0,1.030995083E1,-2.538000107E0
4.227911128E2,4.378050327E0,1.034295082E1,-2.107050180E0
4.227935562E2,5.146950245E0,1.049400043E1,-2.083950043E0
4.227959999E2,5.082000256E0,1.057095051E1,-2.470950127E0
4.227984436E2,4.921950340E0,1.029495049E1,-1.248000026E0
4.228008872E2,4.969950199E0,9.751950264E0,-1.032000065E0
4.228033309E2,4.192049980E0,9.382950783E0,-1.249950051E0
4.228057746E2,3.579000235E0,8.938050270E0,-1.528050065E0
4.228082181E2,3.586050272E0,8.611950874E0,-1.405950069E0
4.228106618E2,4.085999966E0,8.157000542E0,-6.709500551E-1
4.228131055E2,4.366050243E0,8.208000183E0,-1.279050112E0
4.228155491E2,4.788000107E0,8.149950027E0,-8.479500413E-1
4.228179928E2,5.884050369E0,7.654050350E0,7.170000076E-1
4.228204365E2,5.305050373E0,7.942050457E0,6.900000572E-1
4.228228802E2,4.323000431E0,8.421000481E0,1.576050043E0
4.228253239E2,4.315950394E0,8.728950500E0,7.339500189E-1
4.228277675E2,5.176050186E0,7.824000359E0,1.981050134E0
4.228302110E2,4.965000153E0,8.089950562E0,6.139500141E-1
4.228326547E2,5.310000420E0,7.530000210E0,1.642950058E0
4.228350984E2,3.250950098E0,9.273000717E0,-2.368050098E0
4.228375420E2,3.616950274E0,8.707950592E0,-1.106999993E0
4.228399857E2,5.620950222E0,7.386000156E0,-2.380500138E-1
4.228424294E2,5.235000134E0,7.678050518E0,-4.480500221E-1
4.228448729E2,2.653950214E0,1.054695034E1,-3.606000185E0
4.228473165E2,-2.194950104E0,1.251705074E1,-1.319805050E1
4.228497602E2,4.338000298E0,1.124295044E1,-6.238050461E0
4.228522039E2,1.447500038E1,7.279050350E0,7.372950554E0
4.228546475E2,1.480995083E1,5.953950405E0,1.220505047E1
4.228570912E2,5.956050396E0,7.621050358E0,7.605000496E0
4.228595349E2,-2.179500163E-1,9.757050514E0,-3.220950127E0
4.228619786E2,4.582050323E0,8.072999954E0,-3.525000095E0
4.228644221E2,9.864000320E0,6.211050510E0,-6.060000062E-1
4.228668658E2,7.302000523E0,6.418950081E0,-3.064950228E0
4.228693094E2,2.899050236E0,8.204999924E0,-3.927000284E0
4.228717531E2,4.239000320E0,8.859000206E0,-6.343050480E0
4.228741968E2,8.652000427E0,8.950050354E0,-3.787950277E0
4.228766404E2,1.252095032E1,9.465000153E0,-2.019000053E0
4.228790841E2,1.125705051E1,1.111395073E1,-7.519500256E-1
4.228815276E2,7.837950230E0,1.226295090E1,5.299500227E-1
4.228839713E2,6.045000076E0,1.269000053E1,1.596000075E0
4.228864150E2,5.572950363E0,1.216500092E1,8.800500631E-1
4.228888587E2,5.487000465E0,1.124100018E1,7.620000243E-1
4.228913023E2,5.298000336E0,1.075005054E1,-3.043950081E0
4.228937460E2,5.989950180E0,9.685050011E0,-1.657050133E0
4.228961897E2,6.403950214E0,9.370950699E0,-3.175050259E0
4.228986334E2,5.836050510E0,9.412050247E0,-2.413950205E0
4.229010768E2,3.259950161E0,9.828000069E0,-4.344000340E0
4.229035205E2,-3.727950096E0,9.939000130E0,-8.071949959E0
4.229059642E2,-9.064949989E0,8.482950211E0,-1.225395012E1
4.229084079E2,-1.186395073E1,7.980000496E0,-1.581195068E1
4.229108515E2,-6.888000488E0,7.623000145E0,-1.219005013E1
4.229132952E2,3.298950195E0,6.067050457E0,-6.307050228E0
4.229157387E2,8.944050789E0,5.014050007E0,1.069050074E0
4.229181826E2,8.282999992E0,5.761050224E0,-1.780500114E-1
4.229206260E2,4.113000393E0,6.598950386E0,-3.810000122E-1
4.229230697E2,1.909950137E0,6.618000507E0,-1.894050121E0
4.229255134E2,1.705950022E0,6.361950397E0,-1.813050032E0
4.229279570E2,2.965950251E0,6.939000130E0,-1.305000067E0
4.229304007E2,5.358000278E0,6.868950367E0,-2.970000207E-1
4.229328444E2,4.612950325E0,7.492050171E0,-5.250000358E-1
4.229352879E2,4.801950455E0,8.167050362E0,-6.880500317E-1
4.229377316E2,7.410000324E0,9.273000717E0,1.284000039E0
4.229401753E2,1.106805038E1,1.001505089E1,2.259000063E0
4.229426189E2,1.293600082E1,1.100205040E1,2.728050232E0
4.229450626E2,1.030695057E1,1.264395046E1,4.530000091E-1
4.229475063E2,4.168050289E0,1.403505039E1,-4.099050045E0
4.229499500E2,-1.041000009E0,1.416195107E1,-8.230050087E0
4.229523936E2,-3.067050219E0,1.302195072E1,-8.934000015E0
4.229548371E2,-1.768950105E0,1.103505039E1,-1.046100044E1
4.229572808E2,2.719050169E0,8.794050217E0,-9.379050255E0
4.229597245E2,6.829950333E0,8.029950142E0,-7.066050529E0
4.229621681E2,8.815050125E0,7.930050373E0,-7.219050407E0
4.229646119E2,8.029950142E0,8.593050003E0,-5.428050041E0
4.229670555E2,6.540000439E0,9.184050560E0,-4.605000019E0
4.229694992E2,5.386050224E0,9.448050499E0,-4.806000233E0
4.229719427E2,4.848000050E0,9.835950851E0,-3.525000095E0
4.229743863E2,5.113050461E0,9.888000488E0,-3.361950159E0
4.229768300E2,5.659050465E0,9.951000214E0,-3.795000076E0
4.229792737E2,5.929950237E0,1.000095081E1,-2.830950022E0
4.229817174E2,6.021000385E0,1.020000076E1,-2.296950102E0
4.229841610E2,-9.144000053E0,2.150100136E1,-1.939395142E1
4.229866047E2,1.384995079E1,8.188050270E0,1.135500050E1
4.229890484E2,1.647405052E1,6.850050449E0,-4.333950043E0
4.229914919E2,1.408200073E1,7.185000420E0,-3.654000282E0
4.229939356E2,7.053000450E0,1.020705032E1,3.484950066E0
4.229963793E2,3.919050217E0,1.069800091E1,-4.441950321E0
4.229988229E2,1.267950058E0,1.137795067E1,-5.493000031E0
4.230012666E2,4.090500176E-1,1.116000080E1,-3.367050171E0
4.230037103E2,1.594050050E0,1.001505089E1,-7.846950531E0
4.230061540E2,2.458050013E0,9.579000473E0,-7.075950146E0
4.230085977E2,4.026000023E0,8.184000015E0,-1.054500008E1
4.230110411E2,2.890950203E0,8.566950798E0,-3.285000086E0
4.230134848E2,2.913000107E0,7.884000301E0,-5.392050266E0
4.230159285E2,2.404950142E0,7.876950264E0,-8.385000229E0
4.230183721E2,1.546050072E0,7.828950405E0,-6.132000446E0
4.230208158E2,8.250000477E-1,7.729050159E0,-4.677000046E0
4.230232595E2,6.599999964E-2,7.975050449E0,-4.095000029E-2
4.230257032E2,9.550500512E-1,6.919050217E0,-5.440050125E0
4.230281469E2,1.060050011E0,6.982050419E0,-4.569000244E0
4.230305904E2,1.816050053E0,6.448050499E0,-4.392000198E0
4.230330341E2,1.764000058E0,6.736950397E0,-4.264950275E0
4.230354778E2,2.106000185E0,6.790050507E0,-3.855000257E0
4.230379214E2,2.391000032E0,6.814050198E0,-3.355050087E0
4.230403651E2,2.346000195E0,7.228050232E0,-2.866050243E0
4.230428088E2,2.914950132E0,7.117950439E0,-2.565000057E0
4.230452522E2,2.872050047E0,7.623000145E0,-2.400000095E0
4.230476959E2,3.526050091E0,7.425000191E0,-2.469000101E0
4.230501396E2,3.568950176E0,7.623000145E0,-2.626950026E0
4.230525832E2,3.784950256E0,7.482000351E0,-2.749050140E0
4.230550269E2,3.775050163E0,7.312050343E0,-2.862000227E0
4.230574706E2,3.475950241E0,7.228050232E0,-2.835000038E0
4.230599143E2,3.487950087E0,6.706050396E0,-2.851950169E0
4.230623578E2,3.094950199E0,6.661050320E0,-2.734950066E0
4.230648014E2,3.313050270E0,6.060000420E0,-2.620050192E0
4.230672451E2,3.106950045E0,5.884950161E0,-2.445000172E0
4.230696888E2,3.145050049E0,5.509050369E0,-2.265000105E0
4.230721324E2,3.082950115E0,5.265000343E0,-2.122050047E0
4.230745761E2,2.941950083E0,5.196000099E0,-1.947000146E0
4.230770198E2,3.040050030E0,4.872000217E0,-1.924950123E0
4.230794635E2,2.812050104E0,4.908000469E0,-1.930050135E0
4.230819070E2,3.052050114E0,4.630050182E0,-1.972950101E0
4.230843506E2,3.066000223E0,4.674000263E0,-1.903950095E0
4.230867943E2,3.355950117E0,4.537050247E0,-1.806000113E0
4.230892380E2,3.556950092E0,4.468050003E0,-1.746000051E0
4.230916816E2,3.552000284E0,4.477050304E0,-1.678950071E0
4.230941253E2,3.555000067E0,4.374000072E0,-1.774950027E0
4.230965690E2,3.198000193E0,4.587000370E0,-1.947000146E0
4.230990125E2,3.093000174E0,4.551000118E0,-2.280000210E0
4.231014562E2,2.713950157E0,4.834050179E0,-2.695950031E0
4.231038999E2,2.638050079E0,4.858050346E0,-3.103050232E0
4.231063436E2,2.500950098E0,4.924950123E0,-3.481950283E0
4.231087872E2,2.379000187E0,4.999050140E0,-3.702000141E0
4.231112309E2,2.355000019E0,4.927050114E0,-3.826950073E0
4.231136746E2,2.092050076E0,5.044950008E0,-3.826950073E0
4.231161180E2,2.041949987E0,4.960950375E0,-3.826950073E0
4.231185617E2,1.749000072E0,5.113950253E0,-3.805050135E0
4.231210054E2,1.642050028E0,5.133000374E0,-3.889050245E0
4.231234490E2,1.540950060E0,5.221950054E0,-3.991950274E0
4.231258928E2,1.515000105E0,5.301000118E0,-4.135050297E0
4.231283364E2,1.582050085E0,5.308050156E0,-4.281000137E0
4.231307801E2,1.572000027E0,5.490000248E0,-4.368000031E0
4.231332238E2,1.711050034E0,5.574000359E0,-4.461000443E0
4.231356673E2,1.747050047E0,5.806050301E0,-4.471050262E0
4.231381110E2,1.957950115E0,5.880000114E0,-4.427999973E0
4.231405547E2,2.068050146E0,6.024000168E0,-4.368000031E0
4.231429983E2,2.167950153E0,6.073950291E0,-4.216950417E0
4.231454420E2,2.245050192E0,6.096000195E0,-4.035000324E0
4.231478857E2,2.259000063E0,6.160050392E0,-3.795000076E0
4.231503294E2,2.425050020E0,6.108000278E0,-3.628050089E0
4.231527731E2,2.488950014E0,6.141000271E0,-3.522000074E0
4.231552165E2,2.686050177E0,6.088950157E0,-3.490950108E0
4.231576602E2,2.755050182E0,6.148050308E0,-3.487050056E0
4.231601039E2,2.857950211E0,6.141000271E0,-3.472050190E0
4.231625475E2,2.881950140E0,6.156000137E0,-3.520050049E0
4.231649912E2,2.851050138E0,6.238950253E0,-3.580050230E0
4.231674349E2,2.856000185E0,6.214950085E0,-3.691950083E0
4.231698786E2,2.772000074E0,6.280050278E0,-3.751950264E0
4.231723220E2,2.761950016E0,6.232050419E0,-3.799950123E0
4.231747657E2,2.659050226E0,6.247050285E0,-3.850050211E0
4.231772094E2,2.623050213E0,6.205950260E0,-3.850050211E0
4.231796530E2,2.511000156E0,6.141000271E0,-3.838950157E0
4.231820967E2,2.353049994E0,6.105000496E0,-3.778950214E0
4.231845404E2,2.238000154E0,6.028950214E0,-3.769050121E0
4.231869839E2,2.098950148E0,6.000000477E0,-3.763950109E0
4.231894278E2,2.058000088E0,5.871000290E0,-3.766950130E0
4.231918713E2,2.029950142E0,5.872950077E0,-3.714000225E0
4.231943150E2,2.092050076E0,5.775000095E0,-3.690000057E0
4.231967586E2,2.080049992E0,5.694000244E0,-3.691950083E0
4.231992023E2,2.017950058E0,5.653050423E0,-3.703950167E0
4.232016460E2,1.909950137E0,5.641050339E0,-3.721050262E0
4.232040896E2,1.759050131E0,5.704950333E0,-3.811950207E0
4.232065331E2,1.620000124E0,5.751000404E0,-3.943950176E0
4.232089768E2,1.492950082E0,5.859000206E0,-4.072950363E0
4.232114205E2,1.468950033E0,5.908950329E0,-4.234050274E0
4.232138642E2,1.405050039E0,6.010050297E0,-4.399050236E0
4.232163079E2,1.326000094E0,6.079050064E0,-4.540050030E0
4.232187515E2,1.258950114E0,6.165000439E0,-4.674000263E0
4.232211952E2,1.251000047E0,6.286950111E0,-4.741050243E0
4.232236389E2,1.279950023E0,6.345000267E0,-4.849050045E0
4.232260823E2,1.297050118E0,6.390000343E0,-4.954050064E0
4.232285260E2,1.350000024E0,6.429000378E0,-5.002050400E0
4.232309697E2,1.357050061E0,6.453000069E0,-5.067000389E0
4.232334133E2,1.297050118E0,6.508050442E0,-5.110050201E0
4.232358570E2,1.231950045E0,6.589050293E0,-5.107050419E0
4.232383007E2,1.141050100E0,6.691950321E0,-5.095950127E0
4.232407444E2,1.150950074E0,6.711000443E0,-5.043000221E0
4.232431879E2,1.204050064E0,6.721050262E0,-4.975950241E0
4.232456316E2,1.323000073E0,6.678000450E0,-4.951950073E0
4.232480753E2,1.395000100E0,6.622950077E0,-5.026050091E0
4.232505190E2,1.464000106E0,6.547950268E0,-5.086050034E0
4.232529626E2,1.531950116E0,6.469050407E0,-5.151000023E0
4.232554063E2,1.582050085E0,6.393000126E0,-5.172000408E0
4.232578500E2,1.645950079E0,6.298950195E0,-5.152950287E0
4.232602936E2,1.615050077E0,6.211050510E0,-5.128950119E0
4.232627371E2,1.675050020E0,6.115050316E0,-5.052000046E0
4.232651808E2,1.639050126E0,6.084000111E0,-5.002050400E0
4.232676245E2,1.687050104E0,6.055050373E0,-4.951950073E0
4.232700681E2,1.747050047E0,6.028950214E0,-4.902000427E0
4.232725119E2,1.789950132E0,5.977950096E0,-4.870050430E0
4.232749555E2,1.809000134E0,5.995050430E0,-4.854000092E0
4.232773992E2,1.800000072E0,6.022050381E0,-4.791000366E0
4.232798429E2,1.882950068E0,6.025950432E0,-4.744050026E0
4.232822864E2,1.977000117E0,6.057000160E0,-4.645050049E0
4.232847301E2,2.026950121E0,6.013950348E0,-4.582950115E0
4.232871738E2,2.062950134E0,5.983050346E0,-4.516050339E0
4.232896174E2,2.056050062E0,5.986050129E0,-4.474950314E0
4.232920611E2,2.049000025E0,6.036000252E0,-4.473000050E0
4.232945048E2,1.953000069E0,6.055050373E0,-4.485000134E0
4.232969484E2,1.966950059E0,6.091050148E0,-4.489950180E0
4.232993919E2,1.954950094E0,6.148050308E0,-4.474950314E0
4.233018356E2,2.002950191E0,6.139050484E0,-4.509000301E0
4.233042793E2,2.082000017E0,6.139050484E0,-4.530000210E0
4.233067230E2,2.118000031E0,6.103050232E0,-4.444050312E0
4.233091666E2,2.137050152E0,6.117000103E0,-4.312950134E0
4.233116103E2,2.122950077E0,6.115050316E0,-4.126049995E0
4.233140540E2,2.094000101E0,6.141000271E0,-3.949050188E0
4.233164974E2,2.037000179E0,6.172050476E0,-3.781050205E0
4.233189411E2,2.049000025E0,6.250950336E0,-3.666000128E0
4.233213848E2,2.085000038E0,6.301950455E0,-3.598950148E0
4.233238285E2,2.152050018E0,6.354000092E0,-3.601050138E0
4.233262721E2,2.203950167E0,6.357000351E0,-3.601050138E0
4.233287158E2,2.215950012E0,6.412050247E0,-3.532050133E0
4.233311595E2,2.206950188E0,6.505050182E0,-3.453000069E0
4.233336030E2,2.155950069E0,6.570000172E0,-3.328950167E0
4.233360467E2,2.110949993E0,6.697050095E0,-3.193950176E0
4.233384904E2,2.038950205E0,6.847950459E0,-3.108000040E0
4.233409340E2,2.074949980E0,6.976950169E0,-3.088950157E0
4.233433777E2,2.122950077E0,7.075050354E0,-3.135000229E0
4.233458214E2,2.143949986E0,7.183050156E0,-3.202050209E0
4.233482650E2,2.161050081E0,7.291050434E0,-3.264000177E0
4.233507087E2,2.104050159E0,7.378950119E0,-3.285000086E0
4.233531522E2,2.022000074E0,7.498950481E0,-3.324000120E0
4.233555959E2,1.917000055E0,7.618950367E0,-3.280950069E0
4.233580396E2,1.906950116E0,7.731000423E0,-3.241950035E0
4.233604832E2,1.939050078E0,7.741050243E0,-3.181950092E0
4.233629270E2,1.998000145E0,7.741050243E0,-3.124950171E0
4.233653706E2,2.061000109E0,7.726050377E0,-2.991000175E0
4.233678143E2,2.082000017E0,7.714050293E0,-2.821050167E0
4.233702577E2,2.046000004E0,7.674000263E0,-2.682000160E0
4.233727014E2,1.942950130E0,7.681050301E0,-2.601000071E0
4.233751451E2,1.825950146E0,7.657050133E0,-2.574000120E0
4.233775888E2,1.747050047E0,7.645050526E0,-2.572050095E0
4.233800324E2,1.684950113E0,7.647000313E0,-2.610000134E0
4.233824761E2,1.599000096E0,7.669050217E0,-2.637000084E0
4.233849198E2,1.450050116E0,7.719000340E0,-2.658000231E0
4.233873633E2,1.273050070E0,7.732950211E0,-2.698950052E0
4.233898070E2,1.050000072E0,7.824000359E0,-2.730000019E0
4.233922507E2,8.640000224E-1,7.888950348E0,-2.770950079E0
4.233946943E2,7.150500417E-1,7.948950291E0,-2.802000046E0
4.233971380E2,6.739500165E-1,8.016000748E0,-2.767950058E0
4.233995816E2,6.859500408E-1,8.076000214E0,-2.758950233E0
4.234020253E2,8.130000234E-1,8.176050186E0,-2.725050211E0
4.234044690E2,9.469500184E-1,8.265000343E0,-2.707950115E0
4.234069125E2,1.098000050E0,8.370000839E0,-2.665050030E0
4.234093562E2,1.242000103E0,8.485050201E0,-2.617050171E0
4.234117999E2,1.417050123E0,8.665050507E0,-2.560050011E0
4.234142435E2,1.633950114E0,8.832000732E0,-2.521950006E0
4.234166872E2,1.828050137E0,8.976000786E0,-2.469000101E0
4.234191309E2,1.941000104E0,9.085950851E0,-2.428050041E0
4.234215745E2,2.074949980E0,9.268050194E0,-2.361000061E0
4.234240182E2,2.128050089E0,9.430950165E0,-2.268000126E0
4.234264619E2,2.185050011E0,9.639000893E0,-2.182049990E0
4.234289054E2,2.233050108E0,9.823950768E0,-2.116950035E0
4.234313491E2,2.335950136E0,9.982050896E0,-2.071950197E0
4.234337928E2,2.439000130E0,1.013505077E1,-2.100000143E0
4.234362364E2,2.472000122E0,1.024995041E1,-2.139000177E0
4.234386801E2,2.536950111E0,1.036005020E1,-2.215050220E0
4.234411238E2,2.499000072E0,1.045800018E1,-2.251049995E0
4.234435672E2,2.365050077E0,1.059900093E1,-2.305950165E0
4.234460109E2,2.200050116E0,1.071405029E1,-2.373000145E0
4.234484546E2,2.041949987E0,1.082205009E1,-2.443050146E0
4.234508982E2,1.909950137E0,1.087695026E1,-2.521950006E0
4.234533419E2,1.825950146E0,1.093695068E1,-2.614950180E0
4.234557856E2,1.737000108E0,1.096605015E1,-2.725050211E0
4.234582293E2,1.702050090E0,1.101105022E1,-2.797050238E0
4.234606730E2,1.636950135E0,1.105395031E1,-2.871000051E0
4.234631165E2,1.558050036E0,1.107795048E1,-2.941050053E0
4.234655601E2,1.431000113E0,1.105695057E1,-2.977050066E0
4.234680038E2,1.294050097E0,1.108500099E1,-3.016950130E0
4.234704474E2,1.230000019E0,1.106595039E1,-3.024000168E0
4.234728911E2,1.204050064E0,1.103295040E1,-2.998050213E0
4.234753348E2,1.195950031E0,1.100595093E1,-2.950050116E0
4.234777785E2,1.165050030E0,1.098000050E1,-2.923950195E0
4.234802222E2,1.120050073E0,1.094895077E1,-2.922000170E0
4.234826657E2,1.050000072E0,1.091505051E1,-2.932950258E0
4.234851094E2,1.021950006E0,1.091505051E1,-2.959950209E0
4.234875530E2,9.979500771E-1,1.091100025E1,-3.051000118E0
4.234899967E2,9.520500302E-1,1.094400024E1,-3.159000158E0
4.234924404E2,9.739500284E-1,1.095105076E1,-3.244950056E0
4.234948840E2,1.042950034E0,1.089195061E1,-3.288000107E0
4.234973277E2,1.156050086E0,1.087200069E1,-3.301950216E0
4.234997712E2,1.263000011E0,1.080105019E1,-3.244950056E0
4.235022149E2,1.237050056E0,1.079100037E1,-3.139050245E0
4.235046586E2,1.170000076E0,1.083900070E1,-3.015000105E0
4.235071022E2,1.183950067E0,1.086795044E1,-2.931000233E0
4.235095459E2,1.243950009E0,1.090800095E1,-2.862000227E0
4.235119896E2,1.450050116E0,1.087995052E1,-2.806950092E0
4.235144331E2,1.696950078E0,1.078395081E1,-2.767950058E0
4.235168768E2,1.903050065E0,1.066200066E1,-2.670000076E0
4.235193204E2,1.957950115E0,1.056105042E1,-2.536050081E0
4.235217641E2,1.894950032E0,1.051800060E1,-2.397000074E0
4.235242078E2,1.756950140E0,1.053195095E1,-2.268000126E0
4.235266514E2,1.680000067E0,1.052505016E1,-2.209950209E0
4.235290951E2,1.648950100E0,1.053195095E1,-2.248950005E0
4.235315388E2,1.690050125E0,1.051605034E1,-2.380050182E0
4.235339823E2,1.716000080E0,1.049895096E1,-2.548050165E0
4.235364260E2,1.711050034E0,1.051305008E1,-2.692050219E0
4.235388697E2,1.684950113E0,1.058505058E1,-2.811000109E0
4.235413134E2,1.660950065E0,1.064700031E1,-2.826000214E0
4.235437571E2,1.618050098E0,1.071195030E1,-2.809050083E0
4.235462007E2,1.632000089E0,1.073295021E1,-2.787000179E0
4.235486444E2,1.735050082E0,1.076205063E1,-2.686950207E0
4.235510881E2,1.795050144E0,1.078395081E1,-2.485950232E0
4.235535315E2,1.833000064E0,1.078905010E1,-2.311050177E0
4.235559752E2,1.788000107E0,1.084605026E1,-2.151000023E0
4.235584189E2,1.705950022E0,1.086300087E1,-2.092950106E0
4.235608626E2,1.552950025E0,1.096800041E1,-2.020950079E0
4.235633062E2,1.420950055E0,1.106895065E1,-1.969050050E0
4.235657499E2,1.347000122E0,1.117395020E1,-1.966050148E0
4.235681936E2,1.294050097E0,1.128405094E1,-1.993050098E0
4.235706371E2,1.285050035E0,1.137795067E1,-2.076000214E0
4.235730808E2,1.275000095E0,1.141095066E1,-2.227050066E0
4.235755244E2,1.198950052E0,1.145700073E1,-2.364000082E0
4.235779681E2,1.194000006E0,1.149495029E1,-2.419050217E0
4.235804118E2,1.182000041E0,1.152600098E1,-2.376000166E0
4.235828554E2,1.261050105E0,1.147800064E1,-2.293950081E0
4.235852992E2,1.285050035E0,1.144695091E1,-2.176950216E0
4.235877428E2,1.347000122E0,1.139895058E1,-2.059950113E0
4.235901863E2,1.408950090E0,1.133895016E1,-1.939950109E0
4.235926300E2,1.486050129E0,1.130805016E1,-1.839000106E0
4.235950737E2,1.492950082E0,1.127205086E1,-1.759950042E0
4.235975173E2,1.512000084E0,1.123605061E1,-1.675950050E0
4.235999610E2,1.512000084E0,1.124100018E1,-1.645050049E0
4.236024047E2,1.522050023E0,1.124805069E1,-1.612050056E0
4.236048484E2,1.570050120E0,1.120005035E1,-1.605000019E0
4.236072921E2,1.575000048E0,1.114500046E1,-1.618950129E0
4.236097355E2,1.570050120E0,1.108305073E1,-1.660050035E0
4.236121792E2,1.546050072E0,1.102605057E1,-1.729050040E0
4.236146229E2,1.479000092E0,1.094400024E1,-1.777050138E0
4.236170665E2,1.366050124E0,1.086795044E1,-1.758000135E0
4.236195102E2,1.315950036E0,1.076895046E1,-1.726950049E0
4.236219539E2,1.309050083E0,1.068300056E1,-1.657050133E0
4.236243976E2,1.302000046E0,1.060905075E1,-1.528050065E0
4.236268411E2,1.297050118E0,1.052505016E1,-1.353000045E0
4.236292848E2,1.338000059E0,1.042500019E1,-1.260000110E0
4.236317285E2,1.419000030E0,1.034100056E1,-1.228950024E0
4.236341721E2,1.468950033E0,1.020000076E1,-1.321950078E0
4.236366158E2,1.464000106E0,1.011300087E1,-1.405950069E0
4.236390595E2,1.503000021E0,1.000095081E1,-1.459050059E0
4.236415032E2,1.492950082E0,9.927000046E0,-1.461000085E0
4.236439468E2,1.476000071E0,9.880950928E0,-1.375050068E0
4.236463903E2,1.450050116E0,9.814050674E0,-1.291050076E0
4.236488340E2,1.453050017E0,9.772950172E0,-1.248000026E0
4.236512777E2,1.515000105E0,9.703950882E0,-1.204950094E0
4.236537213E2,1.528950095E0,9.655950546E0,-1.231050014E0
4.236561650E2,1.572000027E0,9.606000900E0,-1.243050098E0
4.236586087E2,1.548000097E0,9.579000473E0,-1.288950086E0
4.236610522E2,1.519950032E0,9.547950745E0,-1.339050055E0
4.236634958E2,1.503000021E0,9.544050217E0,-1.281000018E0
4.236659395E2,1.519950032E0,9.562950134E0,-1.207050085E0
4.236683832E2,1.567050099E0,9.591000557E0,-1.138050079E0
4.236708269E2,1.615050077E0,9.630000114E0,-1.063950062E0
4.236732705E2,1.699050069E0,9.711000443E0,-9.850500226E-1
4.236757142E2,1.797000051E0,9.766050339E0,-9.439500570E-1
4.236781579E2,1.879050136E0,9.843000412E0,-9.510000348E-1
4.236806014E2,1.966950059E0,9.912000656E0,-9.559500217E-1
4.236830451E2,1.984050035E0,9.985950470E0,-9.730500579E-1
4.236854888E2,2.022000074E0,1.007295036E1,-1.044000030E0
4.236879325E2,2.046000004E0,1.012995052E1,-1.066050053E0
4.236903762E2,2.094000101E0,1.018500042E1,-1.066050053E0
4.236928198E2,2.062950134E0,1.023105049E1,-1.042050004E0
4.236952634E2,2.098950148E0,1.024695015E1,-9.750000238E-1
4.236977069E2,2.008050203E0,1.026405048E1,-9.100500345E-1
4.237001506E2,1.933950067E0,1.028805065E1,-8.269500136E-1
4.237025943E2,1.855050087E0,1.028100014E1,-7.980000377E-1
4.237050380E2,1.788000107E0,1.027095032E1,-8.050500154E-1
4.237074817E2,1.720950127E0,1.024695015E1,-8.740500212E-1
4.237099253E2,1.716000080E0,1.020000076E1,-9.700500369E-1
4.237123690E2,1.693950057E0,1.014705086E1,-9.870000482E-1
4.237148127E2,1.680000067E0,1.008900070E1,-9.850500226E-1
4.237172562E2,1.657950044E0,1.005105019E1,-8.530500531E-1
4.237196998E2,1.620000124E0,1.003395081E1,-6.900000572E-1
4.237221435E2,1.594050050E0,9.943050385E0,-5.220000148E-1
4.237245872E2,1.632000089E0,9.910050392E0,-3.810000122E-1
4.237270308E2,1.636950135E0,9.886050224E0,-2.140500098E-1
4.237294745E2,1.648950100E0,9.879000664E0,-2.400000021E-2
4.237319180E2,1.639050126E0,9.867000580E0,1.369500011E-1
4.237343619E2,1.690050125E0,9.895050049E0,2.620500028E-1
4.237368054E2,1.735050082E0,9.880950928E0,2.910000086E-1
4.237392491E2,1.735050082E0,9.840000153E0,2.929500043E-1
4.237416928E2,1.735050082E0,9.852000237E0,2.430000156E-1
4.237441364E2,1.669950128E0,9.838050842E0,2.119500041E-1
4.237465801E2,1.603050113E0,9.864000320E0,2.329500169E-1
4.237490238E2,1.551000118E0,9.910050392E0,2.740500271E-1
4.237514675E2,1.551000118E0,9.948000908E0,3.529500067E-1
4.237539109E2,1.570050120E0,1.001805019E1,4.560000300E-1
4.237563546E2,1.611000061E0,1.003005028E1,5.470499992E-1
4.237587983E2,1.632000089E0,1.006995010E1,6.349500418E-1
4.237612420E2,1.651050091E0,1.011795044E1,7.140000463E-1
4.237636856E2,1.603050113E0,1.020705032E1,7.690500617E-1
4.237661293E2,1.539000034E0,1.031205082E1,7.459500432E-1
4.237685730E2,1.500000119E0,1.040805054E1,6.550500393E-1
4.237710167E2,1.464000106E0,1.054200077E1,4.489500225E-1
4.237734602E2,1.387950063E0,1.063995075E1,2.430000156E-1
4.237759039E2,1.381050110E0,1.073100090E1,3.405000269E-2
4.237783476E2,1.429050088E0,1.082400036E1,-1.300500035E-1
4.237807912E2,1.431000113E0,1.091295052E1,-2.209500074E-1
4.237832349E2,1.420950055E0,1.103505039E1,-2.260500044E-1
4.237856786E2,1.384950042E0,1.113600063E1,-2.040000111E-1
4.237881220E2,1.375950098E0,1.120005035E1,-2.209500074E-1
4.237905660E2,1.468950033E0,1.125795078E1,-2.569500208E-1
4.237930094E2,1.606050134E0,1.119795036E1,-3.139500022E-1
4.237954531E2,1.768950105E0,1.113795090E1,-3.450000286E-1
4.237978968E2,1.906950116E0,1.105005074E1,-2.760000229E-1
4.238003404E2,1.972050071E0,1.089195061E1,-2.419500053E-1
4.238027841E2,1.939050078E0,1.080495071E1,-1.939500123E-1
4.238052278E2,1.807050109E0,1.069305038E1,-2.329500169E-1
4.238076713E2,1.693950057E0,1.059195042E1,-3.259500265E-1
4.238101150E2,1.632000089E0,1.042695045E1,-4.939500093E-1
4.238125586E2,1.575000048E0,1.018800068E1,-7.020000219E-1
4.238150023E2,1.555050015E0,9.951000214E0,-9.100500345E-1
4.238174460E2,1.522050023E0,9.726000786E0,-1.083000064E0
4.238198897E2,1.474050045E0,9.484050751E0,-1.243050098E0
4.238223333E2,1.414050102E0,9.265950203E0,-1.360050082E0
4.238247770E2,1.290000081E0,9.093000412E0,-1.416000009E0
4.238272207E2,1.230000019E0,8.920950890E0,-1.465950012E0
4.238296642E2,1.218000054E0,8.728950500E0,-1.521000028E0
4.238321079E2,1.215000033E0,8.539950371E0,-1.573950052E0
4.238345516E2,1.182000041E0,8.365950584E0,-1.641000032E0
4.238369952E2,1.153050065E0,8.263050079E0,-1.732050061E0
4.238394389E2,1.102950096E0,8.124000549E0,-1.774950027E0
4.238418826E2,1.065000057E0,8.047050476E0,-1.849050045E0
4.238443260E2,1.066950083E0,8.005949974E0,-1.951950073E0
4.238467697E2,1.114950061E0,7.927050591E0,-2.062050104E0
4.238492134E2,1.126950026E0,7.870050430E0,-2.172000170E0
4.238516571E2,1.134000063E0,7.848000526E0,-2.301000118E0
4.238541007E2,1.105050087E0,7.803000450E0,-2.407050133E0
4.238565444E2,1.125000000E0,7.774050236E0,-2.503050089E0
4.238589881E2,1.089000106E0,7.747950554E0,-2.572050095E0
4.238614318E2,1.090950012E0,7.686000347E0,-2.584050179E0
4.238638753E2,1.084050059E0,7.671000481E0,-2.574000120E0
4.238663189E2,1.053000093E0,7.693050385E0,-2.541000128E0
4.238687626E2,9.829500318E-1,7.741050243E0,-2.476050138E0
4.238712063E2,9.589500427E-1,7.777050495E0,-2.413950205E0
4.238736500E2,1.029000044E0,7.779000282E0,-2.371050119E0
4.238760936E2,1.122000098E0,7.798050404E0,-2.317950010E0
4.238785373E2,1.234950066E0,7.750050545E0,-2.325000048E0
4.238809810E2,1.254000068E0,7.744950294E0,-2.395050049E0
4.238834245E2,1.270950079E0,7.783950329E0,-2.457000017E0
4.238858682E2,1.285050035E0,7.836000443E0,-2.517000198E0
4.238883119E2,1.287000060E0,7.900950432E0,-2.613000154E0
4.238907556E2,1.323000073E0,7.993950367E0,-2.722950220E0
4.238931992E2,1.323000073E0,8.011050224E0,-2.818950176E0
4.238956429E2,1.339950085E0,8.029950142E0,-2.893050194E0
4.238980865E2,1.315950036E0,8.029950142E0,-2.914050102E0
4.239005300E2,1.270950079E0,8.064000130E0,-2.886000156E0
4.239029737E2,1.194000006E0,8.049000740E0,-2.790000200E0
4.239054174E2,1.134000063E0,8.053950310E0,-2.689050198E0
4.239078610E2,1.062000036E0,8.016000748E0,-2.637000084E0
4.239103047E2,9.589500427E-1,7.999050617E0,-2.617050171E0
4.239127484E2,8.869500160E-1,7.981950283E0,-2.617050171E0
4.239151921E2,7.890000343E-1,7.968000412E0,-2.614950180E0
4.239176358E2,7.369500399E-1,7.975050449E0,-2.538000107E0
4.239200792E2,6.820500493E-1,7.963050365E0,-2.443050146E0
4.239225229E2,6.889500618E-1,7.968000412E0,-2.299050093E0
4.239249666E2,7.680000067E-1,7.936950207E0,-2.173950195E0
4.239274102E2,8.590500355E-1,7.932000160E0,-2.056950092E0
4.239298539E2,9.829500318E-1,7.911000252E0,-1.963950038E0
4.239322976E2,1.060050011E0,7.935000420E0,-1.810950041E0
4.239347413E2,1.134000063E0,7.930050373E0,-1.675950050E0
4.239371848E2,1.158000112E0,7.948950291E0,-1.618950129E0
4.239396285E2,1.168050051E0,7.980000496E0,-1.609050035E0
4.239420721E2,1.105050087E0,8.023050308E0,-1.636050105E0
4.239445158E2,1.017000079E0,8.052000046E0,-1.672050118E0
4.239469594E2,9.829500318E-1,8.064000130E0,-1.720050097E0
4.239494031E2,9.760500193E-1,8.056950569E0,-1.681050062E0
4.239518468E2,9.930000305E-1,8.056950569E0,-1.617000103E0
4.239542905E2,9.979500771E-1,8.113950729E0,-1.506000042E0
4.239567340E2,9.810000658E-1,8.230950356E0,-1.396050096E0
4.239591777E2,9.709500670E-1,8.338950157E0,-1.269000053E0
4.239616214E2,9.760500193E-1,8.473050117E0,-1.168950081E0
4.239640650E2,9.709500670E-1,8.605050087E0,-1.143000007E0
4.239665087E2,9.780000448E-1,8.776950836E0,-1.195050001E0
4.239689523E2,9.619500637E-1,8.932950020E0,-1.317000031E0
4.239713958E2,9.520500302E-1,9.034049988E0,-1.468050122E0
4.239738397E2,8.920500278E-1,9.131999969E0,-1.642950058E0
4.239762832E2,7.960500121E-1,9.204000473E0,-1.791000128E0
4.239787269E2,6.960000396E-1,9.277950287E0,-1.858050108E0
4.239811706E2,5.950500369E-1,9.349950790E0,-1.818000078E0
4.239836142E2,5.689499974E-1,9.366000175E0,-1.698000073E0
4.239860579E2,5.520000458E-1,9.357000351E0,-1.522950053E0
4.239885016E2,5.620500445E-1,9.358950615E0,-1.372050047E0
4.239909450E2,5.670000315E-1,9.286950111E0,-1.240950108E0
4.239933887E2,5.740500093E-1,9.256050110E0,-1.180950046E0
4.239958324E2,5.520000458E-1,9.199050903E0,-1.120950103E0
4.239982761E2,5.329500437E-1,9.164999962E0,-1.090050101E0
4.240007198E2,4.879500270E-1,9.175050735E0,-1.078050017E0
4.240031634E2,4.060500264E-1,9.226950645E0,-1.083000064E0
4.240056071E2,3.319500089E-1,9.244050026E0,-1.096950054E0
4.240080508E2,2.839500010E-1,9.259050369E0,-1.155000091E0
4.240104943E2,2.700000107E-1,9.298950195E0,-1.228950024E0
4.240129380E2,2.820000052E-1,9.268050194E0,-1.324950099E0
4.240153816E2,3.130500019E-1,9.292050362E0,-1.372050047E0
4.240178253E2,3.420000076E-1,9.298950195E0,-1.333950043E0
4.240202690E2,3.199500144E-1,9.342000008E0,-1.198050022E0
4.240227126E2,3.079500198E-1,9.366000175E0,-9.799500704E-1
4.240251563E2,3.820500076E-1,9.376049995E0,-7.789500356E-1
4.240276000E2,4.159500301E-1,9.381000519E0,-6.450000405E-1
4.240300435E2,4.420500100E-1,9.358950615E0,-6.160500050E-1
4.240324872E2,4.729500115E-1,9.309000015E0,-5.970000029E-1
4.240349309E2,4.399500191E-1,9.301950455E0,-5.989500284E-1
4.240373745E2,4.399500191E-1,9.286950111E0,-6.229500175E-1
4.240398182E2,3.940500319E-1,9.271050453E0,-6.540000439E-1
4.240422619E2,4.039500058E-1,9.345000267E0,-7.140000463E-1
4.240447056E2,3.940500319E-1,9.388050079E0,-7.669500113E-1
4.240471490E2,4.129500091E-1,9.409049988E0,-7.980000377E-1
4.240495927E2,3.679500222E-1,9.508050919E0,-8.820000291E-1
4.240520364E2,3.130500019E-1,9.574950218E0,-9.460500479E-1
4.240544800E2,1.960500032E-1,9.679950714E0,-1.003950000E0
4.240569237E2,5.700000376E-2,9.840000153E0,-1.048950076E0
4.240593674E2,-1.339500099E-1,1.002195072E1,-1.174050093E0
4.240618111E2,-3.370500207E-1,1.023105049E1,-1.279050112E0
4.240642546E2,-4.429500103E-1,1.043205070E1,-1.468050122E0
4.240666983E2,-4.789500237E-1,1.062300014E1,-1.698000073E0
4.240691420E2,-4.450500309E-1,1.080795097E1,-1.897050142E0
4.240715857E2,-4.000500143E-1,1.098300076E1,-2.104950190E0
4.240740293E2,-2.989500165E-1,1.115205097E1,-2.269950151E0
4.240764730E2,-2.320500165E-1,1.130805016E1,-2.368050098E0
4.240789167E2,-1.650000066E-1,1.144500065E1,-2.482950211E0
4.240813604E2,-9.600000083E-2,1.157595062E1,-2.505000114E0
4.240838040E2,-3.600000218E-2,1.173195076E1,-2.470950127E0
4.240862475E2,5.205000192E-2,1.183500099E1,-2.401950121E0
4.240886912E2,1.960500032E-1,1.188300037E1,-2.344050169E0
4.240911348E2,3.030000031E-1,1.188795090E1,-2.305950165E0
4.240935785E2,3.540000021E-1,1.184205055E1,-2.263050079E0
4.240960222E2,3.370500207E-1,1.181100082E1,-2.245950222E0
4.240984659E2,2.980500162E-1,1.175100040E1,-2.200950146E0
4.241009096E2,1.720500141E-1,1.171005058E1,-2.182049990E0
4.241033531E2,4.050000105E-3,1.169595051E1,-2.163000107E0
4.241057968E2,-1.319999993E-1,1.167705059E1,-2.170050144E0
4.241082404E2,-2.460000068E-1,1.168395042E1,-2.208000183E0
4.241106841E2,-2.610000074E-1,1.168905067E1,-2.256000042E0
4.241131278E2,-2.389500141E-1,1.171800041E1,-2.301000118E0
4.241155714E2,-2.059500068E-1,1.169595051E1,-2.299050093E0
4.241180149E2,-1.360500008E-1,1.170795059E1,-2.256000042E0
4.241204586E2,-7.395000011E-2,1.169805050E1,-2.212949991E0
4.241229023E2,5.400000140E-2,1.167705059E1,-2.139000177E0
4.241253459E2,1.840500087E-1,1.157895088E1,-2.047950029E0
4.241277897E2,2.310000062E-1,1.150200081E1,-1.981050134E0
4.241302333E2,3.030000031E-1,1.144200039E1,-1.957050085E0
4.241326770E2,3.199500144E-1,1.143000031E1,-1.942050099E0
4.241351207E2,2.890500128E-1,1.144500065E1,-1.936950088E0
4.241375642E2,2.509500086E-1,1.144500065E1,-1.972950101E0
4.241400078E2,2.910000086E-1,1.141800022E1,-1.999950051E0
4.241424515E2,3.300000131E-1,1.139400101E1,-2.011950016E0
4.241448952E2,3.390000165E-1,1.137495041E1,-2.042999983E0
4.241473388E2,4.110000134E-1,1.129905033E1,-2.032950163E0
4.241497825E2,4.710000157E-1,1.124100018E1,-2.031000137E0
4.241522262E2,5.040000081E-1,1.117605019E1,-1.981050134E0
4.241546699E2,5.830500126E-1,1.113105011E1,-1.873050094E0
4.241571134E2,6.859500408E-1,1.110495090E1,-1.783950090E0
4.241595571E2,8.040000200E-1,1.104000092E1,-1.717050076E0
4.241620008E2,8.320500255E-1,1.099695015E1,-1.636050105E0
4.241644444E2,9.190500379E-1,1.096800041E1,-1.486950040E0
4.241668881E2,9.570000172E-1,1.093905067E1,-1.368000031E0
4.241693318E2,9.690000415E-1,1.092705059E1,-1.240950108E0
4.241717755E2,9.979500771E-1,1.090095043E1,-1.055999994E0
4.241742189E2,1.004999995E0,1.090800095E1,-8.860500455E-1
4.241766626E2,1.024049997E0,1.095600033E1,-7.450500131E-1
4.241791063E2,9.829500318E-1,1.093695068E1,-6.280500293E-1
4.241815499E2,9.349500537E-1,1.091805077E1,-5.419500470E-1
4.241839937E2,8.440500498E-1,1.089600086E1,-4.699500203E-1
4.241864373E2,7.770000100E-1,1.085100079E1,-4.819500148E-1
4.241888810E2,6.960000396E-1,1.082205009E1,-5.610000491E-1
4.241913247E2,6.769500375E-1,1.080795097E1,-6.949500442E-1
4.241937682E2,7.459500432E-1,1.080105019E1,-8.149500489E-1
4.241962119E2,8.590500355E-1,1.080795097E1,-8.670000434E-1
4.241986556E2,9.570000172E-1,1.080105019E1,-8.599500656E-1
4.242010992E2,1.078950047E0,1.077900028E1,-8.239500523E-1
4.242035429E2,1.150950074E0,1.071195030E1,-7.549500465E-1
4.242059866E2,1.180050015E0,1.062600040E1,-6.400500536E-1
4.242084303E2,1.156050086E0,1.053705025E1,-5.610000491E-1
4.242108740E2,1.120050073E0,1.044900036E1,-5.080500245E-1
4.242133174E2,1.006950021E0,1.032900047E1,-4.360500276E-1
4.242157611E2,8.920500278E-1,1.019505024E1,-3.840000033E-1
4.242182048E2,7.630500197E-1,1.003905010E1,-3.280500174E-1
4.242206484E2,5.929500461E-1,9.855000496E0,-2.230500132E-1
4.242230921E2,4.450500309E-1,9.711000443E0,-1.129500046E-1
4.242255358E2,2.910000086E-1,9.565050125E0,6.000000052E-3
4.242279795E2,1.330500096E-1,9.505050659E0,7.995000482E-2
4.242304230E2,1.605000161E-2,9.454950333E0,8.505000174E-2
4.242328666E2,-1.950000064E-3,9.457050323E0,1.500000060E-2
4.242353103E2,3.495000303E-2,9.538950920E0,-7.905000448E-2
4.242377540E2,5.700000376E-2,9.679950714E0,-1.680000126E-1
4.242401976E2,4.905000329E-2,9.799950600E0,-2.490000129E-1
4.242426413E2,3.299999982E-2,9.868950844E0,-2.569500208E-1
4.242450850E2,-1.390500069E-1,9.946050644E0,-2.209500074E-1
4.242475285E2,-4.620000124E-1,1.010595036E1,-7.500000298E-2
4.242499722E2,-9.049500227E-1,1.036500072E1,7.800000161E-2
4.242524159E2,-1.398000121E0,1.076895046E1,1.639500111E-1
4.242548596E2,-1.696950078E0,1.111905098E1,8.505000174E-2
4.242573032E2,-1.882050037E0,1.148100090E1,-2.260500044E-1
4.242597469E2,-1.843050122E0,1.175295067E1,-6.349500418E-1
4.242621906E2,-1.671000123E0,1.198605061E1,-1.119000077E0
4.242646340E2,-1.314000010E0,1.207395077E1,-1.629000068E0
4.242670780E2,-8.140500188E-1,1.213395023E1,-2.200950146E0
4.242695214E2,-3.829500079E-1,1.219605064E1,-2.674950123E0
4.242719651E2,-1.905000024E-2,1.232805061E1,-2.887950182E0
4.242744088E2,2.310000062E-1,1.253400040E1,-2.787000179E0
4.242768524E2,3.730500042E-1,1.273305035E1,-2.461950064E0
4.242792961E2,4.800000191E-1,1.290300083E1,-2.064000130E0
4.242817398E2,6.259500384E-1,1.292400074E1,-1.690950036E0
4.242841835E2,6.649500132E-1,1.283595085E1,-1.339050055E0
4.242866269E2,7.270500064E-1,1.259595013E1,-1.047000051E0
4.242890706E2,7.410000563E-1,1.226595020E1,-8.599500656E-1
4.242915143E2,5.910000205E-1,1.186800098E1,-6.799500585E-1
4.242939579E2,2.839500010E-1,1.144005013E1,-5.440500379E-1
4.242964016E2,-7.395000011E-2,1.102095032E1,-4.650000334E-1
4.242988453E2,-4.309500158E-1,1.064700031E1,-4.669500291E-1
4.243012888E2,-7.159500122E-1,1.027605057E1,-6.900000572E-1
4.243037325E2,-8.950500488E-1,9.793050766E0,-9.529500604E-1
4.243061762E2,-1.048950076E0,9.297000885E0,-9.850500226E-1
4.243086198E2,-1.171050072E0,8.803950310E0,-7.710000277E-1
4.243110636E2,-1.228050113E0,8.322000504E0,-3.690000176E-1
4.243135072E2,-1.338000059E0,7.944000244E0,5.400000140E-2
4.243159509E2,-1.506000042E0,7.587000370E0,4.489500225E-1
4.243183946E2,-1.669050097E0,7.324050426E0,6.349500418E-1
4.243208380E2,-1.798050046E0,7.135050297E0,6.690000296E-1
4.243232817E2,-1.864950061E0,6.991050243E0,4.699500203E-1
4.243257254E2,-1.855050087E0,6.939000130E0,1.469999999E-1
4.243281690E2,-1.879050136E0,6.936000347E0,-2.089500129E-1
4.243306127E2,-1.894050121E0,7.027050495E0,-5.320500135E-1
4.243330564E2,-1.972950101E0,7.221000195E0,-8.269500136E-1
4.243355001E2,-2.037000179E0,7.555950165E0,-1.035000086E0
4.243379438E2,-2.167050123E0,7.935000420E0,-1.132950068E0
4.243403872E2,-2.206950188E0,8.329950333E0,-1.099050045E0
4.243428309E2,-2.145000219E0,8.622000694E0,-9.490500689E-1
4.243452746E2,-2.016000032E0,8.791950226E0,-7.240500450E-1
4.243477183E2,-1.921950102E0,8.788949966E0,-4.750500321E-1
4.243501619E2,-2.065950155E0,8.851950645E0,-3.120000064E-1
4.243526056E2,-2.442000151E0,9.022050858E0,-2.329500169E-1
4.243550493E2,-2.992950201E0,9.297000885E0,-1.319999993E-1
4.243574928E2,-3.517050266E0,9.571950912E0,-7.590000629E-1
4.243599365E2,-4.009950161E0,9.984000206E0,-1.777050138E0
4.243623802E2,-4.288050175E0,1.031205082E1,-2.494950056E0
4.243648238E2,-4.312050343E0,1.049595070E1,-2.931000233E0
4.243672675E2,-4.152000427E0,1.045305061E1,-3.217950106E0
4.243697112E2,-3.958050251E0,1.032195091E1,-3.385950089E0
4.243721549E2,-3.747000217E0,1.018005085E1,-3.441000223E0
4.243745985E2,-3.526950121E0,1.006995010E1,-3.333000183E0
4.243770420E2,-3.385050058E0,9.952950478E0,-2.998050213E0
4.243794857E2,-3.337050200E0,9.835950851E0,-2.368050098E0
4.243819294E2,-3.258000135E0,9.687000275E0,-1.509000063E0
4.243843730E2,-3.141000032E0,9.448050499E0,-6.109500527E-1
4.243868167E2,-3.009000063E0,9.148050308E0,1.039500013E-1
4.243892604E2,-2.920950174E0,8.848950386E0,6.019500494E-1
4.243917041E2,-2.815050125E0,8.539950371E0,7.690500617E-1
4.243941475E2,-2.775000095E0,8.275050163E0,6.949500442E-1
4.243965912E2,-2.662050009E0,8.053950310E0,5.730000138E-1
4.243990349E2,-2.523000002E0,7.855950356E0,6.310500503E-1
4.244014786E2,-2.395950079E0,7.717050552E0,8.220000267E-1
4.244039222E2,-2.236050129E0,7.543950558E0,1.074000001E0
4.244063659E2,-2.032950163E0,7.321950436E0,1.227000117E0
4.244088096E2,-1.839000106E0,7.081950188E0,1.216950059E0
4.244112533E2,-1.780950069E0,6.900000095E0,9.970500469E-1
4.244136968E2,-1.786050081E0,6.757050514E0,6.670500040E-1
4.244161405E2,-1.882050037E0,6.627000332E0,3.360000253E-1
4.244185842E2,-2.008949995E0,6.571950436E0,2.119500041E-1
4.244210278E2,-2.136000156E0,6.517050266E0,3.310500085E-1
4.244234715E2,-2.212050200E0,6.450000286E0,6.829500198E-1
4.244259152E2,-2.205000162E0,6.321000099E0,1.147950053E0
4.244283588E2,-2.182950020E0,6.229950428E0,1.537950039E0
4.244308025E2,-2.100000143E0,6.069000244E0,1.821000099E0
4.244332460E2,-2.185950041E0,6.052950382E0,1.986000061E0
4.244356897E2,-2.587950230E0,6.259050369E0,1.933050036E0
4.244381334E2,-3.280050039E0,6.694050312E0,1.639050126E0
4.244405770E2,-4.104000092E0,7.317000389E0,9.919500351E-1
4.244430207E2,-4.764000416E0,7.972950459E0,2.505000122E-2
4.244454644E2,-5.160000324E0,8.587950706E0,-9.030000567E-1
4.244479079E2,-5.248050213E0,9.049950600E0,-1.771950126E0
4.244503515E2,-5.073000431E0,9.366000175E0,-2.361000061E0
4.244527952E2,-4.695000172E0,9.487950325E0,-2.634000063E0
4.244552389E2,-4.240050316E0,9.440999985E0,-2.524050236E0
4.244576825E2,-3.808950186E0,9.333000183E0,-2.127000093E0
4.244601262E2,-3.424050093E0,9.217950821E0,-1.522950053E0
4.244625699E2,-3.154950142E0,9.037950516E0,-8.860500455E-1
4.244650136E2,-2.956950188E0,8.911050797E0,-2.830500007E-1
4.244674571E2,-2.752950191E0,8.731950760E0,1.780500114E-1
4.244699008E2,-2.562000036E0,8.563950539E0,6.259500384E-1
4.244723445E2,-2.286000013E0,8.430000305E0,1.050000072E0
4.244747881E2,-1.987050056E0,8.277000427E0,1.402050018E0
4.244772318E2,-1.752000093E0,8.088000298E0,1.641000032E0
4.244796755E2,-1.573050022E0,7.956000328E0,1.761000037E0
4.244821191E2,-1.458000064E0,7.803000450E0,1.782000065E0
4.244845626E2,-1.525050044E0,7.695000172E0,1.690950036E0
4.244870063E2,-1.810050130E0,7.657050133E0,1.480950117E0
4.244894500E2,-2.320050001E0,7.705050468E0,1.131000042E0
4.244918937E2,-2.904000044E0,7.870050430E0,6.690000296E-1
4.244943374E2,-3.418950081E0,8.056950569E0,2.020500153E-1
4.244967810E2,-3.747000217E0,8.203050613E0,-1.469999999E-1
4.244992247E2,-3.816000223E0,8.254950523E0,-3.960000277E-1
4.245016684E2,-3.768000126E0,8.204999924E0,-5.509500504E-1
4.245041118E2,-3.631950140E0,8.061000824E0,-6.829500198E-1
4.245065555E2,-3.463950157E0,7.836000443E0,-7.710000277E-1
4.245089992E2,-3.322950125E0,7.537050247E0,-7.519500256E-1
4.245114428E2,-3.193950176E0,7.288050175E0,-6.799500585E-1
4.245138865E2,-3.109950066E0,7.036950111E0,-5.149500370E-1
4.245163302E2,-2.962050200E0,6.778050423E0,-3.210000098E-1
4.245187739E2,-2.751000166E0,6.535950184E0,-1.590000093E-1
4.245212176E2,-2.593050241E0,6.325950146E0,3.900000080E-2
4.245236611E2,-2.430000067E0,6.139050484E0,1.830000132E-1
4.245261048E2,-2.386950016E0,6.040950298E0,2.569500208E-1
4.245285484E2,-2.818050146E0,6.682050228E0,-5.100000501E-1
4.245309921E2,-3.759000063E0,9.022050858E0,-2.890050173E0
4.245334358E2,-3.466950178E0,1.222500038E1,-1.322700024E1
4.245358794E2,-2.041949987E0,1.434195042E1,-1.080105019E1
4.245383231E2,4.399500191E-1,1.591695118E1,2.040000111E-1
4.245407666E2,2.496000051E0,1.800705147E1,1.141695023E1
4.245432103E2,9.909000397E0,1.285500050E1,8.805000305E0
4.245456540E2,1.253295040E1,7.597050190E0,8.146050453E0
4.245480977E2,1.086195087E1,5.500050068E0,2.028495026E1
4.245505414E2,8.692950249E0,4.812000275E0,1.248705101E1
4.245529850E2,8.104050636E0,5.410950184E0,2.020905113E1
4.245554287E2,9.286950111E0,4.780950069E0,-5.242050171E0
4.245578724E2,8.608950615E0,4.312050343E0,-1.455300045E1
4.245603158E2,3.205050230E0,5.998050213E0,-1.094205093E1
4.245627595E2,-3.618000269E0,8.338950157E0,-3.846000195E0
4.245652032E2,-7.978050232E0,8.787000656E0,1.215000033E0
4.245676468E2,-9.840000153E0,7.759950161E0,1.641000032E0
4.245700905E2,-9.840000153E0,6.115050316E0,9.799500704E-1
4.245725342E2,-9.499950409E0,4.864950180E0,1.348950028E0
4.245749777E2,-8.719950676E0,3.874050140E0,2.650950193E0
4.245774216E2,-7.501050472E0,3.024000168E0,4.260000229E0
4.245798651E2,-5.535000324E0,1.729050040E0,4.532999992E0
4.245823088E2,-4.324050426E0,1.089000106E0,4.150050163E0
4.245847524E2,-4.402950287E0,1.369050026E0,4.573950291E0
4.245871961E2,-4.707000256E0,1.405050039E0,4.689000130E0
4.245896398E2,-5.085000038E0,1.360050082E0,4.369950294E0
4.245920834E2,-5.535000324E0,1.258950114E0,4.186050415E0
4.245945269E2,-6.036000252E0,1.180050015E0,4.107000351E0
4.245969706E2,-6.691950321E0,1.132050037E0,4.045050144E0
4.245994143E2,-7.341000557E0,1.068000078E0,3.901050091E0
4.246018580E2,-8.152050018E0,1.168050051E0,3.837000132E0
4.246043017E2,-8.634000778E0,1.353000045E0,3.958950281E0
4.246067453E2,-9.169950485E0,1.699950099E0,4.059000015E0
4.246091890E2,-9.682050705E0,2.100000143E0,3.999000072E0
4.246116327E2,-9.879000664E0,2.512050152E0,3.604050159E0
4.246140762E2,-1.000605011E1,2.941950083E0,3.240000248E0
4.246165198E2,-1.002195072E1,3.730050087E0,3.355050087E0
4.246189635E2,-9.982050896E0,4.900950432E0,3.718950272E0
4.246214072E2,-8.986050606E0,5.442000389E0,3.274050236E0
4.246238508E2,-5.884950161E0,5.491950035E0,2.685000181E0
4.246262945E2,-2.956950188E0,6.598950386E0,4.651050091E0
4.246287382E2,-6.405000389E-2,8.137949944E0,6.928050518E0
4.246311817E2,1.675050020E0,1.032900047E1,9.322050095E0
4.246336256E2,2.803050041E0,1.295805073E1,1.152195072E1
4.246360691E2,2.496000051E0,1.568505096E1,1.420905113E1
4.246385128E2,3.319500089E-1,1.836194992E1,1.283700085E1
4.246409564E2,-2.835000038E0,2.017395020E1,9.090000153E0
4.246434001E2,-6.019050121E0,2.073000145E1,6.175950527E0
4.246458438E2,-8.518950462E0,2.014995003E1,4.603050232E0
4.246482874E2,-9.763950348E0,1.851300049E1,3.994950294E0
4.246507309E2,-9.946050644E0,1.648694992E1,3.456000090E0
4.246531746E2,-9.910050392E0,1.455000114E1,2.730000019E0
4.246556183E2,-1.001505089E1,1.279695034E1,2.316000223E0
4.246580620E2,-1.009905052E1,1.128405094E1,2.460000038E0
4.246605056E2,-1.005600071E1,9.784950256E0,2.649000168E0
4.246629493E2,-9.922050476E0,8.425050735E0,2.776050091E0
4.246653930E2,-9.685050011E0,7.159050465E0,3.078000069E0
4.246678365E2,-9.366000175E0,6.067050457E0,3.396000147E0
4.246702802E2,-9.199050903E0,5.313000202E0,3.874950171E0
4.246727238E2,-9.079050064E0,4.783950329E0,4.308000088E0
4.246751675E2,-8.989950180E0,4.554000378E0,4.732050419E0
4.246776112E2,-8.956950188E0,4.426949978E0,5.050050259E0
4.246800548E2,-8.884950638E0,4.453050137E0,5.587050438E0
4.246824985E2,-8.707950592E0,4.534950256E0,6.439050198E0
4.246849422E2,-8.397000313E0,4.615950108E0,7.423050404E0
4.246873857E2,-7.863000393E0,4.602000237E0,8.850000381E0
4.246898294E2,-7.128000259E0,4.495950222E0,1.038705063E1
4.246922731E2,-6.250950336E0,4.333950043E0,1.164000034E1
4.246947167E2,-5.212050438E0,4.048950195E0,1.235505104E1
4.246971604E2,-4.168050289E0,3.843000174E0,1.343505096E1
4.246996041E2,-3.160050154E0,3.651000261E0,1.376805019E1
4.247020478E2,-2.218950033E0,3.463950157E0,1.388295078E1
4.247044915E2,-1.420050025E0,3.496050119E0,1.392105103E1
4.247069349E2,-7.350000143E-1,3.643950224E0,1.369095039E1
4.247093786E2,-1.939500123E-1,3.874050140E0,1.333905029E1
4.247118223E2,2.939999998E-1,4.116000175E0,1.286805058E1
4.247142659E2,5.400000215E-1,4.393050194E0,1.223100090E1
4.247167096E2,7.990500331E-1,4.543950081E0,1.143105030E1
4.247191533E2,9.619500637E-1,4.597050190E0,1.059300041E1
4.247215970E2,1.042950034E0,4.575000286E0,9.858000755E0
4.247240405E2,1.182000041E0,4.438950062E0,9.202050209E0
4.247264842E2,1.318050027E0,4.318950176E0,8.496000290E0
4.247289279E2,1.515000105E0,4.117949963E0,8.119950294E0
4.247313715E2,1.681950092E0,3.916950226E0,7.936050415E0
4.247338152E2,1.918950081E0,3.658050060E0,8.029050827E0
4.247362589E2,2.080049992E0,3.472050190E0,8.022000313E0
4.247387025E2,2.106000185E0,3.301950216E0,7.834950447E0
4.247411462E2,1.894950032E0,3.199050188E0,7.098000526E0
4.247435897E2,1.848000050E0,3.043050051E0,7.039950371E0
4.247460334E2,2.092050076E0,2.796000242E0,7.095000267E0
4.247484771E2,2.125050068E0,2.707950115E0,7.153050423E0
4.247509207E2,2.166000128E0,2.605050087E0,7.464000225E0
4.247533644E2,2.104050159E0,2.551950216E0,8.022000313E0
4.247558081E2,2.068050146E0,2.575950146E0,8.480999947E0
4.247582518E2,1.953000069E0,2.634000063E0,9.169050217E0
4.247606955E2,1.825950146E0,2.655000210E0,9.742950439E0
4.247631389E2,1.660950065E0,2.751000166E0,1.007100010E1
4.247655826E2,1.429050088E0,2.842050076E0,1.016205025E1
4.247680263E2,1.084050059E0,2.926050186E0,9.738000870E0
4.247704699E2,7.459500432E-1,3.031050205E0,9.516000748E0
4.247729136E2,4.710000157E-1,3.121950150E0,9.358050346E0
4.247753573E2,2.070000172E-1,3.202950239E0,9.090000153E0
4.247778010E2,-1.200000048E-1,3.316050053E0,8.710950851E0
4.247802445E2,-3.090000153E-1,3.400050163E0,8.563050270E0
4.247826882E2,-4.500000179E-1,3.466950178E0,8.593950272E0
4.247851318E2,-5.740500093E-1,3.414000273E0,8.836050034E0
4.247875755E2,-7.200000286E-1,3.406950235E0,9.109050751E0
4.247900192E2,-7.849500179E-1,3.298950195E0,9.451050758E0
4.247924628E2,-9.100500345E-1,3.217950106E0,1.028400040E1
4.247949063E2,-9.670500755E-1,3.103050232E0,1.138095093E1
4.247973502E2,-7.489500642E-1,2.995050192E0,1.177800083E1
4.247997937E2,-6.730500460E-1,2.883000135E0,1.181895065E1
4.248022374E2,-6.820500493E-1,2.731950045E0,1.159200096E1
4.248046811E2,-7.110000253E-1,2.599950075E0,1.121295071E1
4.248071247E2,-7.159500122E-1,2.428050041E0,1.086900043E1
4.248095684E2,-6.850500107E-1,2.257950068E0,1.064595032E1
4.248120121E2,-5.740500093E-1,2.017950058E0,1.062705040E1
4.248144558E2,-4.549500346E-1,1.819950104E0,1.072500038E1
4.248168992E2,-3.450000286E-1,1.606050134E0,1.081800079E1
4.248193429E2,-3.280500174E-1,1.435950041E0,1.095705032E1
4.248217866E2,-2.149500102E-1,1.293000102E0,1.111800098E1
4.248242303E2,2.805000171E-2,1.144050002E0,1.099995041E1
4.248266739E2,1.810500026E-1,1.092000008E0,1.064805031E1
4.248291176E2,1.960500032E-1,1.060950041E0,1.046205044E1
4.248315613E2,1.600500047E-1,1.087050080E0,1.044195080E1
4.248340048E2,4.500000179E-2,1.104000092E0,1.020495033E1
4.248364484E2,-9.795000404E-2,1.101000071E0,9.990000725E0
4.248388921E2,-2.250000089E-1,1.171050072E0,9.801000595E0
4.248413358E2,-3.370500207E-1,1.257000089E0,9.669000626E0
4.248437795E2,-3.880500197E-1,1.354950070E0,9.595050812E0
4.248462232E2,-3.660000265E-1,1.447950125E0,9.609000206E0
4.248486668E2,-3.300000131E-1,1.515000105E0,9.736050606E0
4.248511103E2,-2.899500132E-1,1.590000033E0,9.882000923E0
4.248535542E2,-2.460000068E-1,1.663950086E0,9.907950401E0
4.248559977E2,-1.840500087E-1,1.687950134E0,9.837000847E0
4.248584414E2,-1.530000120E-1,1.663950086E0,9.913050652E0
4.248608851E2,-1.150500029E-1,1.621050119E0,9.765000343E0
4.248633287E2,-7.395000011E-2,1.555950046E0,9.576000214E0
4.248657724E2,-5.505000427E-2,1.558950067E0,9.685950279E0
4.248682161E2,-4.950000439E-3,1.489050031E0,9.918000221E0
4.248706595E2,-9.000000544E-3,1.285950065E0,9.808050156E0
4.248731032E2,2.595000155E-2,1.057950020E0,9.580050468E0
4.248755469E2,1.090500057E-1,9.289500713E-1,9.700050354E0
4.248779905E2,8.295000345E-2,7.710000277E-1,9.700050354E0
4.248804343E2,4.905000329E-2,5.719500184E-1,9.463050842E0
4.248828779E2,3.495000303E-2,4.309500158E-1,9.363000870E0
4.248853216E2,3.495000303E-2,3.400500119E-1,9.442049980E0
4.248877653E2,-1.905000024E-2,2.800500095E-1,9.367050171E0
4.248902088E2,-6.900000572E-2,2.939999998E-1,9.286050797E0
4.248926524E2,-1.030500084E-1,2.779500186E-1,9.262050629E0
4.248950961E2,-5.700000376E-2,3.589500189E-1,9.211950302E0
4.248975398E2,-1.080000028E-1,4.960500300E-1,9.138000488E0
4.248999834E2,-7.605000585E-2,6.460500360E-1,9.091950417E0
4.249024271E2,-1.695000008E-2,8.190000653E-1,9.115950584E0
4.249048708E2,3.000000119E-2,9.910500646E-1,9.183000565E0
4.249073143E2,1.260000020E-1,1.173000097E0,9.159000397E0
4.249097582E2,1.909500062E-1,1.330950022E0,9.079950333E0
4.249122017E2,2.070000172E-1,1.474950075E0,8.974950790E0
4.249146454E2,3.010500073E-1,1.606050134E0,8.845050812E0
4.249170890E2,3.660000265E-1,1.666050076E0,8.709000587E0
4.249195327E2,3.889500201E-1,1.738050103E0,8.596050262E0
4.249219764E2,3.510000110E-1,1.780950069E0,8.485950470E0
4.249244201E2,3.660000265E-1,1.788000107E0,8.446050644E0
4.249268635E2,3.420000076E-1,1.768950105E0,8.479050636E0
4.249293072E2,3.390000165E-1,1.705050111E0,8.500950813E0
4.249317509E2,2.910000086E-1,1.678050041E0,8.529000282E0
4.249341945E2,2.340000123E-1,1.626000047E0,8.544000626E0
4.249366383E2,1.840500087E-1,1.590000033E0,8.520000458E0
4.249390819E2,1.050000042E-1,1.563000083E0,8.437950134E0
4.249415256E2,4.050000105E-3,1.558950067E0,8.335050583E0
4.249439693E2,-1.410000026E-1,1.597050071E0,8.254050255E0
4.249464128E2,-2.680500150E-1,1.647000074E0,8.185050011E0
4.249488564E2,-4.330500066E-1,1.744950056E0,8.006999969E0
4.249513002E2,-5.670000315E-1,1.855050087E0,7.954950333E0
4.249537438E2,-7.159500122E-1,2.023050070E0,7.957050323E0
4.249561875E2,-8.500500321E-1,2.230950117E0,8.002950668E0
4.249586312E2,-9.499500394E-1,2.377050161E0,8.098050117E0
4.249610748E2,-1.055999994E0,2.518950224E0,8.212950706E0
4.249635183E2,-1.123050094E0,2.629050016E0,8.280000687E0
4.249659620E2,-1.201950073E0,2.763000250E0,8.355000496E0
4.249684057E2,-1.246950030E0,2.848950148E0,8.383049965E0
4.249708494E2,-1.300050020E0,2.907000065E0,8.380949974E0
4.249732930E2,-1.330950022E0,2.956950188E0,8.374050140E0
4.249757367E2,-1.372050047E0,2.962050200E0,8.359050751E0
4.249781801E2,-1.386000037E0,2.968950033E0,8.338050842E0
4.249806241E2,-1.398000121E0,2.932950258E0,8.232000351E0
4.249830675E2,-1.435950041E0,2.883000135E0,8.223000526E0
4.249855112E2,-1.456050038E0,2.811000109E0,8.131950378E0
4.249879549E2,-1.462950110E0,2.725050211E0,8.095950127E0
4.249903985E2,-1.434000015E0,2.658000231E0,8.155950546E0
4.249928422E2,-1.354950070E0,2.566950083E0,8.272950172E0
4.249952859E2,-1.285950065E0,2.490000010E0,8.413949966E0
4.249977296E2,-1.233000040E0,2.413050175E0,8.533950806E0
4.250001731E2,-1.195050001E0,2.370000124E0,8.680050850E0
4.250026167E2,-1.105949998E0,2.308050156E0,8.860050201E0
4.250050604E2,-1.053000093E0,2.277000189E0,9.046950340E0
4.250075041E2,-1.044000030E0,2.257950068E0,9.183000565E0
4.250099477E2,-9.979500771E-1,2.242950201E0,9.252000809E0
4.250123914E2,-1.009950042E0,2.251049995E0,9.292950630E0
4.250148351E2,-1.017000079E0,2.320050001E0,9.310050011E0
4.250172788E2,-1.032000065E0,2.409000158E0,9.324000359E0
4.250197223E2,-1.092000008E0,2.530950069E0,9.352950096E0
4.250221660E2,-1.168050051E0,2.643000126E0,9.406050682E0
4.250246097E2,-1.221000075E0,2.755950212E0,9.484950066E0
4.250270534E2,-1.297950029E0,2.823000193E0,9.541950226E0
4.250294970E2,-1.269000053E0,2.866050243E0,9.601950645E0
4.250319407E2,-1.252050042E0,2.880000114E0,9.667050362E0
4.250343841E2,-1.171050072E0,2.854050159E0,9.784050941E0
4.250368280E2,-1.024950027E0,2.740950108E0,9.844050407E0
4.250392715E2,-9.049500227E-1,2.631000042E0,9.649950027E0
4.250417152E2,-8.020500541E-1,2.500050068E0,9.430050850E0
4.250441589E2,-7.039500475E-1,2.440050125E0,9.376950264E0
4.250466025E2,-6.630000472E-1,2.346000195E0,9.123000145E0
4.250490462E2,-6.030000448E-1,2.253000021E0,8.908050537E0
4.250514899E2,-5.340000391E-1,2.209950209E0,8.817000389E0
4.250539334E2,-4.690500200E-1,2.179050207E0,8.766000748E0
4.250563771E2,-4.620000124E-1,2.148000002E0,8.730000496E0
4.250588208E2,-3.810000122E-1,2.128050089E0,8.728050232E0
4.250612645E2,-3.370500207E-1,2.107050180E0,8.842950821E0
4.250637081E2,-3.450000286E-1,2.068950176E0,8.866950035E0
4.250661518E2,-3.490500152E-1,2.028000116E0,8.893050194E0
4.250685955E2,-3.880500197E-1,1.944000125E0,8.932050705E0
4.250710391E2,-4.120500088E-1,1.872000098E0,8.971950531E0
4.250734828E2,-4.330500066E-1,1.815000057E0,8.965050697E0
4.250759263E2,-5.220000148E-1,1.762050033E0,9.019950867E0
4.250783700E2,-5.959500074E-1,1.795950055E0,9.070050240E0
4.250808137E2,-7.489500642E-1,1.822050095E0,9.183000565E0
4.250832573E2,-8.950500488E-1,1.840950131E0,9.388950348E0
4.250857010E2,-1.036949992E0,1.948950052E0,9.612000465E0
4.250881447E2,-1.149000049E0,2.040000200E0,9.844050407E0
4.250905884E2,-1.189950109E0,2.100000143E0,1.002300072E1
4.250930321E2,-1.258950114E0,2.119050026E0,1.011900043E1
4.250954756E2,-1.245000005E0,2.113950014E0,1.007595062E1
4.250979193E2,-1.173000097E0,2.124000072E0,1.002300072E1
4.251003629E2,-1.101000071E0,2.116050005E0,9.925050735E0
4.251028066E2,-1.000950098E0,2.095050097E0,9.810000420E0
4.251052503E2,-9.289500713E-1,2.061000109E0,9.729000092E0
4.251076940E2,-8.670000434E-1,2.053950071E0,9.595050812E0
4.251101374E2,-7.729500532E-1,2.083050013E0,9.492000580E0
4.251125811E2,-6.460500360E-1,2.083050013E0,9.409950256E0
4.251150248E2,-5.790000558E-1,2.077950001E0,9.336000443E0
4.251174684E2,-5.149500370E-1,2.077950001E0,9.231000900E0
4.251199121E2,-4.810500145E-1,2.056950092E0,9.135000229E0
4.251223558E2,-4.669500291E-1,2.076000214E0,9.061050415E0
4.251247995E2,-4.830000103E-1,2.065950155E0,9.001049995E0
4.251272432E2,-5.580000281E-1,2.064000130E0,8.946000099E0
4.251296867E2,-6.700500250E-1,2.104050159E0,8.944050789E0
4.251321304E2,-7.609500289E-1,2.137950182E0,8.854949951E0
4.251345740E2,-9.070500135E-1,2.180999994E0,8.776050568E0
4.251370177E2,-1.009950042E0,2.239050150E0,8.733000755E0
4.251394614E2,-1.104000092E0,2.325000048E0,8.788050652E0
4.251419050E2,-1.116000056E0,2.404050112E0,8.898000717E0
4.251443487E2,-1.111050010E0,2.455950022E0,9.078000069E0
4.251467922E2,-1.089000106E0,2.485050201E0,9.283950806E0
4.251492359E2,-1.092000008E0,2.491950035E0,9.400950432E0
4.251516796E2,-1.096050024E0,2.514000177E0,9.388950348E0
4.251541233E2,-1.113000035E0,2.523000002E0,9.436950684E0
4.251565670E2,-1.111050010E0,2.515950203E0,9.456000328E0
4.251590106E2,-1.168050051E0,2.502000093E0,9.372000694E0
4.251614543E2,-1.240050077E0,2.491950035E0,9.312000275E0
4.251638980E2,-1.276050091E0,2.533050060E0,9.283950806E0
4.251663414E2,-1.341000080E0,2.551950216E0,9.283950806E0
4.251687851E2,-1.447950125E0,2.614050150E0,9.288000107E0
4.251712288E2,-1.554000020E0,2.599950075E0,9.319050789E0
4.251736724E2,-1.642050028E0,2.622000217E0,9.412950516E0
4.251761161E2,-1.740000129E0,2.587950230E0,9.504000664E0
4.251785598E2,-1.776000142E0,2.557050228E0,9.568050385E0
4.251810035E2,-1.792950034E0,2.506950140E0,9.658950806E0
4.251834470E2,-1.804950118E0,2.476050138E0,9.750000000E0
4.251858906E2,-1.743000031E0,2.416050196E0,9.844050407E0
4.251883343E2,-1.639950037E0,2.341950178E0,9.922950745E0
4.251907780E2,-1.482000113E0,2.260050058E0,9.952050209E0
4.251932217E2,-1.341000080E0,2.203050137E0,9.973050117E0
4.251956654E2,-1.162950039E0,2.143050194E0,9.964050293E0
4.251981090E2,-9.670500755E-1,2.071050167E0,9.928050041E0
4.252005527E2,-7.920000553E-1,2.040000200E0,9.873000145E0
4.252029962E2,-6.529500484E-1,2.016000032E0,9.786000252E0
4.252054399E2,-5.820000172E-1,1.996950150E0,9.685950279E0
4.252078836E2,-5.770500302E-1,1.993950129E0,9.561000824E0
4.252103272E2,-5.790000558E-1,2.068950176E0,9.489000320E0
4.252127710E2,-6.199500561E-1,2.149950027E0,9.427050591E0
4.252152146E2,-6.820500493E-1,2.265000105E0,9.367050171E0
4.252176583E2,-8.190000653E-1,2.394000053E0,9.327000618E0
4.252201020E2,-9.480000734E-1,2.485050201E0,9.291000366E0
4.252225454E2,-1.104000092E0,2.593050241E0,9.244950294E0
4.252249891E2,-1.258950114E0,2.641050100E0,9.159000397E0
4.252274328E2,-1.336050034E0,2.683950186E0,9.075000763E0
4.252298764E2,-1.414950013E0,2.707950115E0,8.958000183E0
4.252323201E2,-1.477050066E0,2.791950226E0,8.862000465E0
4.252347638E2,-1.561050057E0,2.832000017E0,8.802000046E0
4.252372073E2,-1.618050098E0,2.892000198E0,8.785950661E0
4.252396510E2,-1.630050063E0,2.896950245E0,8.685000420E0
4.252420947E2,-1.642050028E0,2.956950188E0,8.575050354E0
4.252445384E2,-1.638000131E0,2.962050200E0,8.569950104E0
4.252469820E2,-1.638000131E0,3.010050058E0,8.616000175E0
4.252494257E2,-1.603950024E0,3.007050037E0,8.611050606E0
4.252518693E2,-1.587000132E0,2.989950180E0,8.683050156E0
4.252543130E2,-1.549050093E0,2.988000154E0,8.778000832E0
4.252567567E2,-1.498950124E0,2.974050045E0,8.869050026E0
4.252592002E2,-1.447950125E0,2.935050249E0,8.974950790E0
4.252616439E2,-1.381050110E0,2.892000198E0,9.058950424E0
4.252640876E2,-1.324050069E0,2.851950169E0,9.133049965E0
4.252665312E2,-1.245000005E0,2.755950212E0,9.178050041E0
4.252689749E2,-1.186950088E0,2.679000139E0,9.187950134E0
4.252714186E2,-1.204050064E0,2.629050016E0,9.255000114E0
4.252738623E2,-1.204050064E0,2.590950012E0,9.291000366E0
4.252763060E2,-1.210950017E0,2.550000191E0,9.363000870E0
4.252787494E2,-1.221000075E0,2.500050068E0,9.391050339E0
4.252811931E2,-1.197000027E0,2.490000010E0,9.397950172E0
4.252836368E2,-1.147050023E0,2.442000151E0,9.442049980E0
4.252860804E2,-1.120050073E0,2.428050041E0,9.496950150E0
4.252885241E2,-1.057950020E0,2.386950016E0,9.517950058E0
4.252909678E2,-9.810000658E-1,2.322000027E0,9.544950485E0
4.252934113E2,-8.740500212E-1,2.251049995E0,9.561000824E0
4.252958550E2,-8.160000443E-1,2.229000092E0,9.573000908E0
4.252982987E2,-7.680000067E-1,2.180999994E0,9.612000465E0
4.253007423E2,-7.129500508E-1,2.148000002E0,9.640050888E0
4.253031860E2,-7.060500383E-1,2.136000156E0,9.667050362E0
4.253056296E2,-7.039500475E-1,2.116050005E0,9.715050697E0
4.253080733E2,-6.870000362E-1,2.109000206E0,9.750000000E0
4.253105168E2,-6.700500250E-1,2.076000214E0,9.781949997E0
4.253129605E2,-6.060000062E-1,2.064000130E0,9.781949997E0
4.253154042E2,-5.119500160E-1,2.017950058E0,9.774000168E0
4.253178479E2,-4.240500331E-1,2.011049986E0,9.733950615E0
4.253202916E2,-3.520500064E-1,2.020950079E0,9.709950447E0
4.253227352E2,-2.939999998E-1,2.041949987E0,9.652050018E0
4.253251789E2,-2.490000129E-1,2.049000025E0,9.628050804E0
4.253276226E2,-2.029500157E-1,2.077950001E0,9.585000038E0
4.253300663E2,-2.080500126E-1,2.104050159E0,9.541950226E0
4.253325097E2,-1.960500032E-1,2.161950111E0,9.493950844E0
4.253349534E2,-2.680500150E-1,2.205000162E0,9.372000694E0
4.253373971E2,-3.109500110E-1,2.227050066E0,9.220950127E0
4.253398408E2,-3.570000231E-1,2.266950130E0,9.082050323E0
4.253422844E2,-4.039500058E-1,2.251049995E0,8.922000885E0
4.253447281E2,-4.879500270E-1,2.305950165E0,8.800050735E0
4.253471718E2,-5.839500427E-1,2.344050169E0,8.782950401E0
4.253496153E2,-6.220500469E-1,2.365050077E0,8.734950066E0
4.253520590E2,-7.560000420E-1,2.368050098E0,8.677950859E0
4.253545027E2,-8.520000577E-1,2.358000040E0,8.197050095E0
4.253569463E2,-1.108050108E0,2.325000048E0,6.292950153E0
4.253593900E2,-1.501050115E0,2.539950132E0,5.083950043E0
4.253618337E2,-1.747950077E0,2.820000172E0,5.332950115E0
4.253642773E2,-1.750050068E0,3.043050051E0,6.781950474E0
4.253667208E2,-1.621050119E0,3.069000244E0,8.509950638E0
4.253691645E2,-1.539000034E0,3.033000231E0,9.913050652E0
4.253716082E2,-1.453050017E0,2.995050192E0,1.082100010E1
4.253740519E2,-1.366950035E0,2.983050108E0,1.135905075E1
4.253764956E2,-1.294950008E0,2.976000071E0,1.165905094E1
4.253789392E2,-1.269000053E0,2.968950033E0,1.181205082E1
4.253813829E2,-1.270950079E0,2.907000065E0,1.177605057E1
4.253838266E2,-1.222950101E0,2.808000088E0,1.164705086E1
4.253862700E2,-1.201950073E0,2.734050035E0,1.147905064E1
4.253887137E2,-1.165950060E0,2.691000223E0,1.135500050E1
4.253911574E2,-1.153950095E0,2.607000113E0,1.128795052E1
4.253936011E2,-1.004999995E0,2.478000164E0,1.124895096E1
4.253960448E2,-8.899500370E-1,2.317950010E0,1.126605034E1
4.253984884E2,-7.800000310E-1,2.205000162E0,1.129200077E1
4.254009321E2,-6.649500132E-1,2.109000206E0,1.123005009E1
4.254033758E2,-6.559500098E-1,2.016000032E0,1.117500019E1
4.254058193E2,-6.180000305E-1,1.993950129E0,1.105500031E1
4.254082630E2,-6.319500208E-1,1.999050140E0,1.088805008E1
4.254107067E2,-6.580500603E-1,1.996950150E0,1.072305012E1
4.254131503E2,-6.889500618E-1,2.037000179E0,1.051200008E1
4.254155941E2,-6.870000362E-1,2.077950001E0,1.023600006E1
4.254180377E2,-7.729500532E-1,2.128050089E0,9.897000313E0
4.254204813E2,-8.329500556E-1,2.104050159E0,9.475050926E0
4.254229248E2,-8.140500188E-1,2.128050089E0,9.034950256E0
4.254253685E2,-6.750000119E-1,2.152050018E0,8.637000084E0
4.254278122E2,-5.389500260E-1,2.149950027E0,8.271000862E0
4.254302559E2,-4.260000288E-1,2.157000065E0,8.014950752E0
4.254326995E2,-2.779500186E-1,2.209950209E0,7.830000401E0
4.254351432E2,-1.750500053E-1,2.257950068E0,7.738950253E0
4.254375869E2,-1.120500043E-1,2.322000027E0,7.729950428E0
4.254400306E2,-9.105000645E-2,2.356050014E0,7.761000156E0
4.254424740E2,-7.200000435E-2,2.425050020E0,7.833000183E0
